open,high,low,close,volume,datetime,symbol
46.83,46.88,46.83,46.88,827,2022-03-01 14:29:00,CG
46.84,47.1,46.71,46.895,27534,2022-03-01 14:30:00,CG
46.99,47.09,46.99,47.0,2075,2022-03-01 14:31:00,CG
46.99,46.99,46.88,46.985,3516,2022-03-01 14:32:00,CG
47.04,47.11,46.82,46.86,5318,2022-03-01 14:33:00,CG
46.88,46.91,46.79,46.79,5320,2022-03-01 14:34:00,CG
46.83,46.89,46.815,46.815,2397,2022-03-01 14:35:00,CG
46.815,46.815,46.815,46.815,100,2022-03-01 14:36:00,CG
46.81,46.9,46.755,46.755,4644,2022-03-01 14:37:00,CG
46.7,46.7,46.7,46.7,100,2022-03-01 14:38:00,CG
46.7,46.7,46.7,46.7,100,2022-03-01 14:39:00,CG
46.52,46.52,46.49,46.51,911,2022-03-01 14:40:00,CG
46.5,46.505,46.41,46.49,2704,2022-03-01 14:41:00,CG
46.52,46.59,46.445,46.5,5533,2022-03-01 14:42:00,CG
46.51,46.53,46.4401,46.475,5930,2022-03-01 14:43:00,CG
46.48,46.48,46.48,46.48,408,2022-03-01 14:44:00,CG
46.51,46.525,46.35,46.35,6964,2022-03-01 14:45:00,CG
46.355,46.38,46.31,46.37,3000,2022-03-01 14:46:00,CG
46.3,46.38,46.29,46.37,1994,2022-03-01 14:47:00,CG
46.5,46.57,46.5,46.52,4447,2022-03-01 14:48:00,CG
46.535,46.54,46.49,46.54,2300,2022-03-01 14:49:00,CG
46.58,46.59,46.44,46.44,1577,2022-03-01 14:50:00,CG
46.45,46.45,46.28,46.28,1185,2022-03-01 14:51:00,CG
46.26,46.26,46.17,46.25,3000,2022-03-01 14:52:00,CG
46.28,46.28,46.28,46.28,100,2022-03-01 14:53:00,CG
46.32,46.39,46.31,46.35,2394,2022-03-01 14:54:00,CG
46.39,46.39,46.23,46.23,3022,2022-03-01 14:55:00,CG
46.27,46.35,46.27,46.33,2376,2022-03-01 14:56:00,CG
46.38,46.38,46.28,46.31,3865,2022-03-01 14:57:00,CG
46.26,46.28,46.2,46.23,28425,2022-03-01 14:58:00,CG
46.23,46.23,46.195,46.23,2000,2022-03-01 14:59:00,CG
46.23,46.38,46.23,46.32,2511,2022-03-01 15:00:00,CG
46.29,46.29,46.1156,46.1156,1090,2022-03-01 15:01:00,CG
46.18,46.18,46.08,46.09,1050,2022-03-01 15:02:00,CG
46.0,46.03,46.0,46.03,1150,2022-03-01 15:03:00,CG
46.06,46.09,46.05,46.05,2104,2022-03-01 15:04:00,CG
46.065,46.12,46.04,46.12,1491,2022-03-01 15:05:00,CG
46.15,46.15,46.05,46.05,1093,2022-03-01 15:06:00,CG
46.06,46.07,46.0,46.07,1387,2022-03-01 15:07:00,CG
46.08,46.08,46.04,46.04,200,2022-03-01 15:08:00,CG
46.02,46.06,45.99,46.05,2434,2022-03-01 15:09:00,CG
45.98,46.09,45.98,45.98,3030,2022-03-01 15:10:00,CG
45.94,45.96,45.92,45.96,976,2022-03-01 15:11:00,CG
46.0,46.0,45.92,45.97,500,2022-03-01 15:12:00,CG
45.97,45.98,45.953,45.975,1000,2022-03-01 15:13:00,CG
46.0271,46.0271,45.92,45.94,1722,2022-03-01 15:14:00,CG
45.9233,45.94,45.88,45.8967,7627,2022-03-01 15:15:00,CG
45.87,46.01,45.85,45.94,3331,2022-03-01 15:16:00,CG
46.0,46.01,46.0,46.0,500,2022-03-01 15:17:00,CG
46.01,46.07,46.005,46.07,686,2022-03-01 15:18:00,CG
46.04,46.055,46.02,46.055,600,2022-03-01 15:19:00,CG
46.12,46.12,46.12,46.12,100,2022-03-01 15:20:00,CG
46.13,46.165,46.11,46.165,405,2022-03-01 15:21:00,CG
46.17,46.22,46.12,46.1799,3508,2022-03-01 15:22:00,CG
46.11,46.11,46.0587,46.0587,400,2022-03-01 15:23:00,CG
46.14,46.14,46.06,46.06,2000,2022-03-01 15:24:00,CG
46.1,46.14,46.07,46.07,2734,2022-03-01 15:25:00,CG
46.09,46.09,46.05,46.05,599,2022-03-01 15:26:00,CG
46.03,46.03,45.99,45.995,2000,2022-03-01 15:27:00,CG
45.97,46.0,45.94,45.94,2100,2022-03-01 15:28:00,CG
45.94,46.0,45.88,46.0,5168,2022-03-01 15:29:00,CG
46.03,46.03,45.92,45.955,900,2022-03-01 15:30:00,CG
45.98,46.02,45.98,45.98,804,2022-03-01 15:31:00,CG
46.11,46.135,46.02,46.04,2597,2022-03-01 15:33:00,CG
46.02,46.02,45.92,45.92,1500,2022-03-01 15:34:00,CG
45.94,45.95,45.92,45.95,1200,2022-03-01 15:35:00,CG
45.94,45.94,45.93,45.93,300,2022-03-01 15:36:00,CG
45.87,45.87,45.79,45.79,12100,2022-03-01 15:37:00,CG
45.815,45.8904,45.815,45.8904,6034,2022-03-01 15:38:00,CG
45.94,45.94,45.79,45.79,2088,2022-03-01 15:39:00,CG
45.795,45.81,45.77,45.79,2600,2022-03-01 15:40:00,CG
45.77,45.794,45.73,45.735,5095,2022-03-01 15:41:00,CG
45.71,45.71,45.675,45.675,850,2022-03-01 15:42:00,CG
45.68,45.71,45.66,45.71,2078,2022-03-01 15:43:00,CG
45.72,45.72,45.63,45.631,1932,2022-03-01 15:44:00,CG
45.63,45.63,45.58,45.59,1692,2022-03-01 15:45:00,CG
45.58,45.63,45.58,45.6262,1500,2022-03-01 15:46:00,CG
45.63,45.7,45.63,45.665,2627,2022-03-01 15:47:00,CG
45.655,45.68,45.655,45.68,1109,2022-03-01 15:48:00,CG
45.66,45.66,45.66,45.66,545,2022-03-01 15:49:00,CG
45.69,45.7141,45.66,45.69,1638,2022-03-01 15:50:00,CG
45.77,45.78,45.73,45.73,1079,2022-03-01 15:51:00,CG
45.7,45.7,45.61,45.63,1200,2022-03-01 15:52:00,CG
45.7,45.7,45.69,45.7,600,2022-03-01 15:53:00,CG
45.73,45.755,45.725,45.7325,2000,2022-03-01 15:54:00,CG
45.735,45.735,45.65,45.69,2035,2022-03-01 15:55:00,CG
45.67,45.6802,45.54,45.64,3160,2022-03-01 15:56:00,CG
45.65,45.65,45.59,45.6,700,2022-03-01 15:57:00,CG
45.62,45.64,45.59,45.64,1600,2022-03-01 15:58:00,CG
45.66,45.66,45.59,45.615,717,2022-03-01 15:59:00,CG
45.61,45.69,45.61,45.685,2787,2022-03-01 16:00:00,CG
45.67,45.74,45.67,45.74,2882,2022-03-01 16:01:00,CG
45.714,45.78,45.7,45.78,6961,2022-03-01 16:02:00,CG
45.8,45.845,45.8,45.845,503,2022-03-01 16:03:00,CG
45.86,45.86,45.82,45.85,4875,2022-03-01 16:04:00,CG
45.86,45.88,45.77,45.77,1200,2022-03-01 16:05:00,CG
45.7539,45.765,45.68,45.765,1705,2022-03-01 16:06:00,CG
45.79,45.79,45.73,45.73,1739,2022-03-01 16:07:00,CG
45.74,45.75,45.72,45.75,2400,2022-03-01 16:08:00,CG
45.77,45.77,45.66,45.69,3400,2022-03-01 16:09:00,CG
45.71,45.73,45.695,45.72,1502,2022-03-01 16:10:00,CG
45.74,45.79,45.74,45.75,2413,2022-03-01 16:11:00,CG
45.71,45.7143,45.7,45.7,1600,2022-03-01 16:12:00,CG
45.68,45.72,45.68,45.7,2313,2022-03-01 16:13:00,CG
45.71,45.74,45.71,45.73,1800,2022-03-01 16:14:00,CG
45.73,45.82,45.725,45.74,4732,2022-03-01 16:15:00,CG
45.71,45.74,45.69,45.73,3265,2022-03-01 16:16:00,CG
45.73,45.73,45.6701,45.73,4235,2022-03-01 16:17:00,CG
45.7101,45.76,45.7101,45.76,389,2022-03-01 16:18:00,CG
45.71,45.73,45.6325,45.6325,5466,2022-03-01 16:19:00,CG
45.65,45.65,45.49,45.63,10618,2022-03-01 16:20:00,CG
45.61,45.67,45.61,45.63,2355,2022-03-01 16:21:00,CG
45.62,45.66,45.62,45.62,1437,2022-03-01 16:22:00,CG
45.63,45.66,45.57,45.65,8060,2022-03-01 16:23:00,CG
45.62,45.64,45.58,45.6,2542,2022-03-01 16:24:00,CG
45.62,45.68,45.595,45.64,2344,2022-03-01 16:25:00,CG
45.62,45.74,45.585,45.72,6695,2022-03-01 16:26:00,CG
45.73,45.75,45.66,45.73,6048,2022-03-01 16:27:00,CG
45.71,45.71,45.635,45.67,1851,2022-03-01 16:28:00,CG
45.67,45.67,45.58,45.64,6436,2022-03-01 16:29:00,CG
45.66,45.66,45.61,45.62,852,2022-03-01 16:30:00,CG
45.6,45.6,45.51,45.51,1267,2022-03-01 16:31:00,CG
45.48,45.48,45.47,45.47,300,2022-03-01 16:32:00,CG
45.435,45.45,45.4,45.41,3384,2022-03-01 16:33:00,CG
45.43,45.4395,45.39,45.415,2699,2022-03-01 16:34:00,CG
45.44,45.44,45.4,45.405,1130,2022-03-01 16:35:00,CG
45.38,45.46,45.37,45.4283,1324,2022-03-01 16:36:00,CG
45.45,45.46,45.4,45.4126,2116,2022-03-01 16:37:00,CG
45.4,45.4,45.37,45.37,1250,2022-03-01 16:38:00,CG
45.36,45.36,45.345,45.36,1350,2022-03-01 16:39:00,CG
45.37,45.445,45.37,45.445,4294,2022-03-01 16:40:00,CG
45.42,45.42,45.37,45.4,2317,2022-03-01 16:41:00,CG
45.43,45.45,45.43,45.45,500,2022-03-01 16:42:00,CG
45.41,45.41,45.34,45.36,1271,2022-03-01 16:43:00,CG
45.37,45.42,45.37,45.39,2203,2022-03-01 16:44:00,CG
45.4,45.4,45.3,45.3,3568,2022-03-01 16:45:00,CG
45.24,45.25,45.24,45.24,1429,2022-03-01 16:46:00,CG
45.2,45.22,45.2,45.2,1432,2022-03-01 16:47:00,CG
45.23,45.26,45.22,45.22,1000,2022-03-01 16:48:00,CG
45.24,45.26,45.23,45.23,1300,2022-03-01 16:49:00,CG
45.24,45.26,45.23,45.23,500,2022-03-01 16:50:00,CG
45.23,45.24,45.21,45.24,1811,2022-03-01 16:51:00,CG
45.26,45.28,45.22,45.22,600,2022-03-01 16:52:00,CG
45.23,45.26,45.23,45.26,200,2022-03-01 16:53:00,CG
45.1898,45.1898,45.1898,45.1898,100,2022-03-01 16:54:00,CG
45.19,45.21,45.17,45.1814,1965,2022-03-01 16:55:00,CG
45.15,45.16,45.1,45.16,8726,2022-03-01 16:56:00,CG
45.16,45.19,45.15,45.18,2479,2022-03-01 16:57:00,CG
45.17,45.1876,45.17,45.175,609,2022-03-01 16:58:00,CG
45.11,45.19,45.11,45.18,1300,2022-03-01 16:59:00,CG
45.15,45.18,45.1,45.18,2590,2022-03-01 17:00:00,CG
45.16,45.16,45.16,45.16,300,2022-03-01 17:01:00,CG
45.11,45.11,45.06,45.06,650,2022-03-01 17:02:00,CG
45.08,45.09,45.06,45.06,500,2022-03-01 17:03:00,CG
45.07,45.08,45.03,45.04,2413,2022-03-01 17:04:00,CG
45.05,45.08,45.05,45.08,1200,2022-03-01 17:05:00,CG
45.07,45.08,45.06,45.06,600,2022-03-01 17:06:00,CG
45.06,45.06,44.98,45.0087,5056,2022-03-01 17:07:00,CG
45.01,45.02,44.99,44.99,1500,2022-03-01 17:08:00,CG
44.99,45.0,44.99,44.99,746,2022-03-01 17:09:00,CG
44.9966,45.0103,44.97,45.0,2183,2022-03-01 17:10:00,CG
45.0,45.0,44.97,44.978,2244,2022-03-01 17:11:00,CG
44.93,44.97,44.93,44.955,2000,2022-03-01 17:12:00,CG
44.99,45.02,44.99,45.02,639,2022-03-01 17:13:00,CG
45.06,45.08,45.06,45.08,1319,2022-03-01 17:14:00,CG
45.0696,45.0696,45.03,45.03,300,2022-03-01 17:15:00,CG
45.01,45.05,45.01,45.05,400,2022-03-01 17:16:00,CG
45.07,45.165,45.0621,45.165,1564,2022-03-01 17:17:00,CG
45.19,45.2,45.16,45.19,600,2022-03-01 17:18:00,CG
45.19,45.19,45.16,45.17,1107,2022-03-01 17:19:00,CG
45.18,45.18,45.18,45.18,200,2022-03-01 17:20:00,CG
45.13,45.17,45.13,45.16,1100,2022-03-01 17:21:00,CG
45.07,45.14,45.07,45.13,798,2022-03-01 17:22:00,CG
45.135,45.135,45.1079,45.13,1574,2022-03-01 17:23:00,CG
45.08,45.15,45.07,45.15,3308,2022-03-01 17:24:00,CG
45.13,45.13,45.11,45.11,600,2022-03-01 17:25:00,CG
45.09,45.1,45.085,45.09,1812,2022-03-01 17:26:00,CG
45.071,45.22,45.071,45.195,2196,2022-03-01 17:27:00,CG
45.17,45.17,45.14,45.14,700,2022-03-01 17:28:00,CG
45.18,45.26,45.18,45.25,5158,2022-03-01 17:29:00,CG
45.255,45.255,45.16,45.21,3389,2022-03-01 17:30:00,CG
45.16,45.24,45.15,45.24,7385,2022-03-01 17:31:00,CG
45.25,45.25,45.22,45.23,1136,2022-03-01 17:32:00,CG
45.28,45.28,45.27,45.27,400,2022-03-01 17:33:00,CG
45.22,45.22,45.145,45.145,700,2022-03-01 17:34:00,CG
45.09,45.095,45.07,45.07,1273,2022-03-01 17:35:00,CG
45.08,45.1,45.0,45.0,1750,2022-03-01 17:36:00,CG
45.0,45.04,45.0,45.0148,1800,2022-03-01 17:37:00,CG
45.05,45.1,45.05,45.05,2599,2022-03-01 17:38:00,CG
45.03,45.06,45.02,45.06,875,2022-03-01 17:39:00,CG
45.06,45.08,45.04,45.05,2117,2022-03-01 17:40:00,CG
45.1,45.23,45.1,45.23,8076,2022-03-01 17:41:00,CG
45.22,45.25,45.19,45.21,3822,2022-03-01 17:42:00,CG
45.2,45.32,45.2,45.31,5613,2022-03-01 17:43:00,CG
45.31,45.44,45.31,45.4,10561,2022-03-01 17:44:00,CG
45.35,45.35,45.29,45.31,700,2022-03-01 17:45:00,CG
45.29,45.29,45.28,45.28,200,2022-03-01 17:46:00,CG
45.23,45.28,45.23,45.27,600,2022-03-01 17:47:00,CG
45.2497,45.44,45.2497,45.42,5772,2022-03-01 17:48:00,CG
45.4,45.4,45.37,45.37,300,2022-03-01 17:49:00,CG
45.32,45.3802,45.32,45.3802,1046,2022-03-01 17:50:00,CG
45.34,45.35,45.34,45.35,500,2022-03-01 17:51:00,CG
45.28,45.29,45.27,45.2712,1500,2022-03-01 17:53:00,CG
45.2761,45.31,45.26,45.31,1957,2022-03-01 17:54:00,CG
45.32,45.33,45.32,45.33,1322,2022-03-01 17:55:00,CG
45.29,45.31,45.25,45.31,2400,2022-03-01 17:56:00,CG
45.29,45.32,45.29,45.32,1200,2022-03-01 17:57:00,CG
45.31,45.33,45.31,45.33,200,2022-03-01 17:58:00,CG
45.3,45.39,45.3,45.385,2300,2022-03-01 17:59:00,CG
45.36,45.37,45.34,45.37,1500,2022-03-01 18:00:00,CG
45.38,45.47,45.37,45.37,1862,2022-03-01 18:01:00,CG
45.34,45.37,45.33,45.37,1878,2022-03-01 18:02:00,CG
45.37,45.41,45.37,45.4,1400,2022-03-01 18:03:00,CG
45.39,45.4,45.36,45.39,1500,2022-03-01 18:04:00,CG
45.36,45.39,45.34,45.365,2806,2022-03-01 18:05:00,CG
45.37,45.38,45.33,45.33,1192,2022-03-01 18:06:00,CG
45.32,45.32,45.28,45.31,1500,2022-03-01 18:07:00,CG
45.31,45.36,45.31,45.33,1550,2022-03-01 18:08:00,CG
45.33,45.38,45.3129,45.37,1529,2022-03-01 18:09:00,CG
45.36,45.36,45.31,45.325,905,2022-03-01 18:10:00,CG
45.31,45.31,45.31,45.31,200,2022-03-01 18:11:00,CG
45.32,45.33,45.315,45.32,762,2022-03-01 18:12:00,CG
45.305,45.305,45.29,45.305,436,2022-03-01 18:13:00,CG
45.3,45.31,45.26,45.27,1520,2022-03-01 18:14:00,CG
45.26,45.26,45.24,45.24,300,2022-03-01 18:15:00,CG
45.22,45.24,45.22,45.22,400,2022-03-01 18:16:00,CG
45.21,45.22,45.21,45.22,680,2022-03-01 18:17:00,CG
45.22,45.25,45.22,45.24,300,2022-03-01 18:18:00,CG
45.2,45.2,45.18,45.2,1580,2022-03-01 18:19:00,CG
45.21,45.28,45.21,45.2592,1700,2022-03-01 18:20:00,CG
45.28,45.28,45.19,45.19,600,2022-03-01 18:21:00,CG
45.22,45.24,45.21,45.21,941,2022-03-01 18:22:00,CG
45.225,45.24,45.225,45.24,300,2022-03-01 18:23:00,CG
45.22,45.23,45.14,45.14,1000,2022-03-01 18:24:00,CG
45.14,45.14,45.09,45.14,3608,2022-03-01 18:25:00,CG
45.14,45.14,45.115,45.115,430,2022-03-01 18:26:00,CG
45.11,45.13,45.09,45.13,1370,2022-03-01 18:27:00,CG
45.1,45.1,45.06,45.06,500,2022-03-01 18:28:00,CG
45.03,45.03,45.005,45.015,1000,2022-03-01 18:29:00,CG
45.03,45.05,45.02,45.0499,625,2022-03-01 18:30:00,CG
45.025,45.025,44.99,45.01,1388,2022-03-01 18:32:00,CG
44.98,45.05,44.97,45.05,712,2022-03-01 18:33:00,CG
45.075,45.075,45.03,45.04,1620,2022-03-01 18:34:00,CG
45.01,45.04,44.99,45.04,1400,2022-03-01 18:35:00,CG
45.07,45.17,45.06,45.17,1794,2022-03-01 18:36:00,CG
45.13,45.15,45.13,45.15,600,2022-03-01 18:37:00,CG
45.12,45.14,45.11,45.12,1500,2022-03-01 18:38:00,CG
45.12,45.12,45.08,45.09,2280,2022-03-01 18:39:00,CG
45.08,45.08,45.045,45.045,1600,2022-03-01 18:40:00,CG
45.0358,45.04,44.99,45.04,7593,2022-03-01 18:41:00,CG
45.01,45.02,44.96,44.96,2895,2022-03-01 18:42:00,CG
44.95,44.95,44.94,44.94,900,2022-03-01 18:43:00,CG
44.94,44.94,44.92,44.94,1700,2022-03-01 18:44:00,CG
44.94,45.09,44.94,45.07,1806,2022-03-01 18:45:00,CG
44.97,44.97,44.96,44.97,1136,2022-03-01 18:46:00,CG
44.99,45.0,44.96,44.96,2100,2022-03-01 18:47:00,CG
44.97,45.02,44.9,44.9,2795,2022-03-01 18:48:00,CG
44.92,44.96,44.92,44.95,1000,2022-03-01 18:49:00,CG
44.96,45.03,44.96,45.03,800,2022-03-01 18:50:00,CG
45.01,45.01,44.982,44.982,1100,2022-03-01 18:51:00,CG
44.9803,44.9803,44.96,44.98,840,2022-03-01 18:52:00,CG
44.99,45.01,44.98,45.0,1430,2022-03-01 18:53:00,CG
45.01,45.06,45.01,45.03,1350,2022-03-01 18:54:00,CG
45.0222,45.03,45.0,45.01,2400,2022-03-01 18:55:00,CG
45.09,45.09,45.09,45.09,113,2022-03-01 18:56:00,CG
45.08,45.082,45.07,45.07,793,2022-03-01 18:57:00,CG
45.08,45.08,45.08,45.08,496,2022-03-01 18:58:00,CG
45.11,45.11,45.05,45.09,2915,2022-03-01 18:59:00,CG
45.07,45.13,45.07,45.09,2814,2022-03-01 19:00:00,CG
45.08,45.08,45.01,45.03,2300,2022-03-01 19:01:00,CG
45.04,45.05,45.04,45.04,1084,2022-03-01 19:02:00,CG
45.03,45.06,45.03,45.06,1000,2022-03-01 19:03:00,CG
45.08,45.11,45.0,45.11,9446,2022-03-01 19:04:00,CG
45.1,45.16,45.1,45.16,1900,2022-03-01 19:05:00,CG
45.15,45.15,45.13,45.13,1932,2022-03-01 19:06:00,CG
45.08,45.12,45.05,45.12,1800,2022-03-01 19:07:00,CG
45.13,45.13,45.12,45.12,600,2022-03-01 19:08:00,CG
45.12,45.12,45.08,45.09,2962,2022-03-01 19:09:00,CG
45.1,45.1,45.08,45.1,3016,2022-03-01 19:10:00,CG
45.07,45.07,45.01,45.03,2432,2022-03-01 19:11:00,CG
45.02,45.04,45.01,45.04,1842,2022-03-01 19:12:00,CG
45.07,45.07,45.0,45.0,2300,2022-03-01 19:13:00,CG
45.01,45.01,45.01,45.01,300,2022-03-01 19:14:00,CG
45.01,45.11,45.0,45.11,1208,2022-03-01 19:15:00,CG
45.12,45.126,45.0429,45.07,6291,2022-03-01 19:16:00,CG
45.06,45.2018,45.03,45.2,3616,2022-03-01 19:17:00,CG
45.25,45.29,45.245,45.245,3520,2022-03-01 19:18:00,CG
45.2697,45.29,45.2697,45.29,884,2022-03-01 19:19:00,CG
45.34,45.35,45.27,45.28,4988,2022-03-01 19:20:00,CG
45.28,45.32,45.28,45.2919,2244,2022-03-01 19:21:00,CG
45.33,45.4,45.32,45.4,2590,2022-03-01 19:22:00,CG
45.425,45.44,45.4,45.44,3856,2022-03-01 19:23:00,CG
45.42,45.46,45.42,45.4475,1800,2022-03-01 19:24:00,CG
45.44,45.47,45.4101,45.47,3600,2022-03-01 19:25:00,CG
45.46,45.5,45.44,45.5,5762,2022-03-01 19:26:00,CG
45.5,45.5,45.48,45.48,700,2022-03-01 19:27:00,CG
45.44,45.48,45.44,45.48,1400,2022-03-01 19:28:00,CG
45.47,45.47,45.43,45.4521,1645,2022-03-01 19:29:00,CG
45.44,45.44,45.41,45.41,900,2022-03-01 19:30:00,CG
45.4,45.4,45.39,45.39,300,2022-03-01 19:31:00,CG
45.41,45.42,45.35,45.36,3582,2022-03-01 19:32:00,CG
45.38,45.38,45.35,45.35,941,2022-03-01 19:33:00,CG
45.35,45.35,45.3,45.34,1802,2022-03-01 19:34:00,CG
45.35,45.38,45.35,45.38,3389,2022-03-01 19:35:00,CG
45.36,45.36,45.32,45.34,531,2022-03-01 19:36:00,CG
45.34,45.36,45.34,45.355,900,2022-03-01 19:37:00,CG
45.37,45.42,45.36,45.41,1846,2022-03-01 19:38:00,CG
45.43,45.44,45.43,45.44,300,2022-03-01 19:39:00,CG
45.42,45.45,45.4,45.4,1800,2022-03-01 19:40:00,CG
45.42,45.42,45.38,45.38,400,2022-03-01 19:41:00,CG
45.4,45.41,45.365,45.365,2979,2022-03-01 19:42:00,CG
45.37,45.37,45.325,45.3306,1969,2022-03-01 19:43:00,CG
45.34,45.4,45.34,45.4,4774,2022-03-01 19:44:00,CG
45.38,45.38,45.33,45.33,1325,2022-03-01 19:45:00,CG
45.32,45.33,45.31,45.33,2165,2022-03-01 19:46:00,CG
45.33,45.33,45.3,45.3,900,2022-03-01 19:47:00,CG
45.28,45.28,45.22,45.25,3500,2022-03-01 19:48:00,CG
45.24,45.24,45.21,45.21,500,2022-03-01 19:49:00,CG
45.205,45.205,45.16,45.16,8347,2022-03-01 19:50:00,CG
45.17,45.18,45.14,45.17,1720,2022-03-01 19:51:00,CG
45.14,45.16,45.13,45.15,2300,2022-03-01 19:52:00,CG
45.16,45.2,45.16,45.17,2300,2022-03-01 19:53:00,CG
45.18,45.18,45.14,45.16,1250,2022-03-01 19:54:00,CG
45.17,45.17,45.13,45.16,1025,2022-03-01 19:55:00,CG
45.17,45.2,45.1216,45.1216,2461,2022-03-01 19:56:00,CG
45.13,45.16,45.11,45.12,1900,2022-03-01 19:57:00,CG
45.13,45.14,45.13,45.14,1230,2022-03-01 19:58:00,CG
45.16,45.1726,45.125,45.125,2470,2022-03-01 19:59:00,CG
45.11,45.18,45.11,45.15,2500,2022-03-01 20:00:00,CG
45.17,45.18,45.17,45.17,700,2022-03-01 20:01:00,CG
45.19,45.26,45.18,45.26,1428,2022-03-01 20:02:00,CG
45.24,45.29,45.24,45.29,500,2022-03-01 20:03:00,CG
45.29,45.35,45.29,45.35,1700,2022-03-01 20:04:00,CG
45.38,45.44,45.38,45.38,5797,2022-03-01 20:05:00,CG
45.38,45.45,45.38,45.42,3997,2022-03-01 20:06:00,CG
45.45,45.45,45.36,45.36,1900,2022-03-01 20:07:00,CG
45.39,45.39,45.29,45.29,3631,2022-03-01 20:08:00,CG
45.29,45.32,45.28,45.32,2088,2022-03-01 20:09:00,CG
45.31,45.32,45.23,45.256,2793,2022-03-01 20:10:00,CG
45.23,45.24,45.22,45.22,2468,2022-03-01 20:11:00,CG
45.18,45.2296,45.176,45.2296,2837,2022-03-01 20:12:00,CG
45.22,45.24,45.19,45.24,3908,2022-03-01 20:13:00,CG
45.28,45.285,45.25,45.26,1500,2022-03-01 20:14:00,CG
45.25,45.28,45.25,45.26,2400,2022-03-01 20:15:00,CG
45.24,45.26,45.15,45.17,3176,2022-03-01 20:16:00,CG
45.18,45.185,45.125,45.14,3760,2022-03-01 20:17:00,CG
45.11,45.14,45.08,45.08,1800,2022-03-01 20:18:00,CG
45.0758,45.13,45.0758,45.1,6431,2022-03-01 20:19:00,CG
45.12,45.14,45.0904,45.1,2300,2022-03-01 20:20:00,CG
45.11,45.135,45.09,45.1,2525,2022-03-01 20:21:00,CG
45.08,45.11,45.07,45.11,2646,2022-03-01 20:22:00,CG
45.11,45.18,45.11,45.18,1102,2022-03-01 20:23:00,CG
45.16,45.192,45.15,45.17,2500,2022-03-01 20:24:00,CG
45.16,45.16,45.14,45.16,1000,2022-03-01 20:25:00,CG
45.14,45.22,45.14,45.18,3711,2022-03-01 20:26:00,CG
45.17,45.17,45.15,45.15,2300,2022-03-01 20:27:00,CG
45.16,45.2,45.14,45.14,2412,2022-03-01 20:28:00,CG
45.14,45.18,45.11,45.12,5250,2022-03-01 20:29:00,CG
45.04,45.05,45.0,45.05,3700,2022-03-01 20:30:00,CG
45.04,45.08,45.04,45.06,3423,2022-03-01 20:31:00,CG
45.04,45.105,45.04,45.08,3213,2022-03-01 20:32:00,CG
45.06,45.1,45.05,45.1,3600,2022-03-01 20:33:00,CG
45.08,45.09,45.03,45.06,4420,2022-03-01 20:34:00,CG
45.06,45.11,45.06,45.09,1746,2022-03-01 20:35:00,CG
45.05,45.08,45.04,45.05,2410,2022-03-01 20:36:00,CG
45.0693,45.09,45.04,45.0771,7334,2022-03-01 20:37:00,CG
45.07,45.1,45.05,45.09,4426,2022-03-01 20:38:00,CG
45.08,45.11,45.06,45.06,3400,2022-03-01 20:39:00,CG
45.06,45.06,45.02,45.02,3914,2022-03-01 20:40:00,CG
45.01,45.1,45.01,45.1,6208,2022-03-01 20:41:00,CG
45.09,45.11,45.045,45.05,3326,2022-03-01 20:42:00,CG
45.02,45.02,44.95,44.96,4200,2022-03-01 20:43:00,CG
44.95,44.96,44.89,44.895,7420,2022-03-01 20:44:00,CG
44.89,44.89,44.83,44.86,4889,2022-03-01 20:45:00,CG
44.83,44.86,44.82,44.86,5660,2022-03-01 20:46:00,CG
44.83,44.83,44.76,44.79,8658,2022-03-01 20:47:00,CG
44.79,44.82,44.74,44.76,8107,2022-03-01 20:48:00,CG
44.7782,44.7782,44.69,44.7,5694,2022-03-01 20:49:00,CG
44.61,44.7,44.59,44.68,14387,2022-03-01 20:50:00,CG
44.68,44.79,44.67,44.79,4824,2022-03-01 20:51:00,CG
44.78,44.79,44.68,44.76,12028,2022-03-01 20:52:00,CG
44.75,44.8,44.75,44.75,6086,2022-03-01 20:53:00,CG
44.75,44.915,44.75,44.89,10864,2022-03-01 20:54:00,CG
44.88,44.98,44.845,44.98,22124,2022-03-01 20:55:00,CG
44.98,45.049,44.96,45.045,24784,2022-03-01 20:56:00,CG
45.045,45.14,45.02,45.05,31119,2022-03-01 20:57:00,CG
45.045,45.09,45.045,45.09,22893,2022-03-01 20:58:00,CG
45.085,45.12,45.05,45.07,46480,2022-03-01 20:59:00,CG
45.05,45.05,45.05,45.05,246668,2022-03-01 21:00:00,CG
45.05,45.05,45.05,45.05,4513,2022-03-01 21:01:00,CG
45.05,45.05,45.05,45.05,5073,2022-03-01 21:02:00,CG
44.75,44.75,44.75,44.75,150,2022-03-01 21:47:00,CG
45.26,45.26,45.26,45.26,500,2022-03-01 22:14:00,CG
45.1961,45.1961,45.1961,45.1961,500,2022-03-01 22:15:00,CG
45.26,45.26,45.26,45.26,500,2022-03-01 22:16:00,CG
45.56,45.88,45.38,45.88,11805,2022-03-02 14:30:00,CG
45.91,45.91,45.6,45.67,1592,2022-03-02 14:31:00,CG
45.7013,45.89,45.65,45.89,650,2022-03-02 14:32:00,CG
45.885,45.885,45.58,45.58,1490,2022-03-02 14:33:00,CG
45.68,45.68,45.68,45.68,100,2022-03-02 14:34:00,CG
45.68,45.83,45.68,45.83,2221,2022-03-02 14:35:00,CG
45.85,45.97,45.7,45.7,3858,2022-03-02 14:36:00,CG
45.74,45.87,45.66,45.81,4310,2022-03-02 14:37:00,CG
45.84,45.87,45.815,45.815,900,2022-03-02 14:38:00,CG
45.81,45.82,45.78,45.82,2225,2022-03-02 14:39:00,CG
45.8445,46.01,45.8445,46.01,2408,2022-03-02 14:40:00,CG
45.96,45.97,45.76,45.76,4152,2022-03-02 14:41:00,CG
45.79,45.83,45.77,45.77,961,2022-03-02 14:42:00,CG
45.79,45.91,45.77,45.85,3010,2022-03-02 14:43:00,CG
45.88,46.0,45.88,46.0,1513,2022-03-02 14:44:00,CG
45.955,46.02,45.955,46.02,625,2022-03-02 14:45:00,CG
46.08,46.08,46.04,46.04,640,2022-03-02 14:46:00,CG
46.06,46.13,46.06,46.1,2759,2022-03-02 14:47:00,CG
46.13,46.19,46.09,46.1399,1350,2022-03-02 14:48:00,CG
46.13,46.13,46.13,46.13,100,2022-03-02 14:49:00,CG
46.07,46.08,46.01,46.04,1100,2022-03-02 14:50:00,CG
46.0001,46.0001,45.96,46.0,5900,2022-03-02 14:51:00,CG
45.96,46.0,45.95,45.965,3184,2022-03-02 14:52:00,CG
45.94,45.94,45.85,45.85,1200,2022-03-02 14:53:00,CG
45.89,45.94,45.87,45.94,950,2022-03-02 14:54:00,CG
45.94,45.97,45.94,45.97,2295,2022-03-02 14:55:00,CG
45.93,45.94,45.72,45.72,1636,2022-03-02 14:56:00,CG
45.68,45.72,45.68,45.72,3042,2022-03-02 14:57:00,CG
45.74,45.81,45.735,45.745,1791,2022-03-02 14:58:00,CG
45.78,45.84,45.78,45.81,3224,2022-03-02 14:59:00,CG
45.8375,45.9,45.8,45.8,1294,2022-03-02 15:00:00,CG
45.74,45.74,45.65,45.74,2100,2022-03-02 15:01:00,CG
45.73,45.78,45.73,45.735,700,2022-03-02 15:02:00,CG
45.74,45.74,45.74,45.74,100,2022-03-02 15:03:00,CG
45.74,45.81,45.74,45.81,1346,2022-03-02 15:04:00,CG
45.83,45.84,45.79,45.79,1831,2022-03-02 15:05:00,CG
45.781,45.8,45.65,45.68,2525,2022-03-02 15:06:00,CG
45.665,45.665,45.575,45.575,1094,2022-03-02 15:07:00,CG
45.575,45.575,45.48,45.48,1100,2022-03-02 15:08:00,CG
45.45,45.47,45.39,45.47,3043,2022-03-02 15:09:00,CG
45.45,45.45,45.38,45.39,2843,2022-03-02 15:10:00,CG
45.3808,45.41,45.32,45.41,3334,2022-03-02 15:11:00,CG
45.42,45.53,45.42,45.52,3125,2022-03-02 15:12:00,CG
45.52,45.52,45.5,45.52,1200,2022-03-02 15:13:00,CG
45.5499,45.5499,45.49,45.49,2425,2022-03-02 15:14:00,CG
45.462,45.51,45.425,45.5,1000,2022-03-02 15:15:00,CG
45.54,45.62,45.54,45.58,1919,2022-03-02 15:16:00,CG
45.585,45.61,45.56,45.61,618,2022-03-02 15:17:00,CG
45.6,45.7,45.6,45.69,1400,2022-03-02 15:18:00,CG
45.665,45.665,45.61,45.6285,2501,2022-03-02 15:19:00,CG
45.65,45.68,45.65,45.68,300,2022-03-02 15:20:00,CG
45.68,45.71,45.63,45.63,2614,2022-03-02 15:21:00,CG
45.63,45.7062,45.63,45.7062,525,2022-03-02 15:22:00,CG
45.6642,45.6642,45.6196,45.6196,1280,2022-03-02 15:23:00,CG
45.61,45.61,45.5,45.535,4200,2022-03-02 15:24:00,CG
45.5,45.5,45.465,45.465,600,2022-03-02 15:25:00,CG
45.49,45.49,45.49,45.49,828,2022-03-02 15:26:00,CG
45.45,45.5,45.44,45.49,2939,2022-03-02 15:27:00,CG
45.46,45.7,45.46,45.68,3100,2022-03-02 15:28:00,CG
45.72,45.94,45.72,45.88,4280,2022-03-02 15:29:00,CG
45.85,45.86,45.77,45.8,2059,2022-03-02 15:30:00,CG
45.8,45.85,45.63,45.715,2619,2022-03-02 15:31:00,CG
45.67,45.68,45.67,45.68,550,2022-03-02 15:32:00,CG
45.76,45.768,45.75,45.75,600,2022-03-02 15:33:00,CG
45.79,45.8,45.69,45.73,3450,2022-03-02 15:34:00,CG
45.71,45.86,45.71,45.8286,5329,2022-03-02 15:35:00,CG
45.8,45.8493,45.79,45.84,1743,2022-03-02 15:36:00,CG
45.9,45.98,45.9,45.98,3100,2022-03-02 15:37:00,CG
45.95,46.0,45.92,46.0,4014,2022-03-02 15:38:00,CG
46.025,46.0299,45.93,45.93,3200,2022-03-02 15:39:00,CG
45.96,45.965,45.9,45.9,2147,2022-03-02 15:40:00,CG
45.89,45.97,45.87,45.97,1986,2022-03-02 15:41:00,CG
45.89,45.95,45.874,45.9,1670,2022-03-02 15:42:00,CG
45.8501,45.91,45.84,45.9,2500,2022-03-02 15:43:00,CG
45.94,45.98,45.89,45.91,2000,2022-03-02 15:44:00,CG
45.92,45.92,45.89,45.91,1425,2022-03-02 15:45:00,CG
45.86,45.86,45.77,45.77,529,2022-03-02 15:46:00,CG
45.77,45.77,45.74,45.74,435,2022-03-02 15:47:00,CG
45.7105,45.8,45.7105,45.786,2061,2022-03-02 15:48:00,CG
45.78,45.91,45.78,45.91,2900,2022-03-02 15:49:00,CG
45.92,45.93,45.88,45.88,1747,2022-03-02 15:50:00,CG
45.86,45.86,45.84,45.84,600,2022-03-02 15:51:00,CG
45.8,45.81,45.8,45.81,200,2022-03-02 15:52:00,CG
45.83,45.86,45.83,45.84,1943,2022-03-02 15:53:00,CG
45.79,45.81,45.77,45.77,900,2022-03-02 15:54:00,CG
45.785,45.785,45.785,45.785,100,2022-03-02 15:55:00,CG
45.8,45.845,45.79,45.8,2521,2022-03-02 15:56:00,CG
45.83,45.8395,45.79,45.821,2111,2022-03-02 15:57:00,CG
45.84,45.87,45.84,45.865,1656,2022-03-02 15:58:00,CG
45.835,45.87,45.83,45.83,701,2022-03-02 15:59:00,CG
45.8192,45.83,45.73,45.73,971,2022-03-02 16:00:00,CG
45.73,45.7595,45.72,45.74,720,2022-03-02 16:01:00,CG
45.735,45.87,45.69,45.87,2600,2022-03-02 16:02:00,CG
45.88,46.01,45.88,46.01,400,2022-03-02 16:03:00,CG
46.08,46.19,46.08,46.18,2726,2022-03-02 16:04:00,CG
46.2,46.2,46.12,46.12,2747,2022-03-02 16:05:00,CG
46.12,46.19,46.12,46.15,3727,2022-03-02 16:06:00,CG
46.16,46.19,46.15,46.165,2639,2022-03-02 16:07:00,CG
46.19,46.22,46.17,46.18,3833,2022-03-02 16:08:00,CG
46.17,46.18,46.15,46.17,600,2022-03-02 16:09:00,CG
46.15,46.15,46.11,46.14,920,2022-03-02 16:10:00,CG
46.15,46.15,46.11,46.11,850,2022-03-02 16:11:00,CG
46.11,46.17,46.11,46.152,2000,2022-03-02 16:12:00,CG
46.15,46.18,46.15,46.18,700,2022-03-02 16:13:00,CG
46.1821,46.23,46.1821,46.205,2204,2022-03-02 16:14:00,CG
46.21,46.27,46.21,46.225,3209,2022-03-02 16:15:00,CG
46.2,46.22,46.19,46.22,1865,2022-03-02 16:16:00,CG
46.21,46.23,46.19,46.23,900,2022-03-02 16:17:00,CG
46.2199,46.2199,46.15,46.15,1588,2022-03-02 16:18:00,CG
46.16,46.2,46.16,46.2,3105,2022-03-02 16:19:00,CG
46.23,46.24,46.23,46.24,500,2022-03-02 16:20:00,CG
46.27,46.2932,46.23,46.2932,3186,2022-03-02 16:21:00,CG
46.2722,46.3,46.27,46.3,536,2022-03-02 16:22:00,CG
46.26,46.27,46.24,46.27,2615,2022-03-02 16:23:00,CG
46.23,46.28,46.22,46.28,4269,2022-03-02 16:24:00,CG
46.32,46.355,46.31,46.31,1300,2022-03-02 16:25:00,CG
46.3,46.35,46.3,46.35,523,2022-03-02 16:26:00,CG
46.34,46.34,46.34,46.34,120,2022-03-02 16:27:00,CG
46.365,46.42,46.35,46.35,2878,2022-03-02 16:28:00,CG
46.36,46.3705,46.26,46.26,6529,2022-03-02 16:29:00,CG
46.29,46.38,46.29,46.37,1692,2022-03-02 16:30:00,CG
46.43,46.53,46.42,46.48,2579,2022-03-02 16:31:00,CG
46.5,46.53,46.46,46.51,1400,2022-03-02 16:32:00,CG
46.54,46.54,46.44,46.44,1400,2022-03-02 16:33:00,CG
46.43,46.45,46.38,46.45,1100,2022-03-02 16:34:00,CG
46.41,46.41,46.37,46.37,363,2022-03-02 16:35:00,CG
46.37,46.425,46.37,46.37,900,2022-03-02 16:36:00,CG
46.39,46.46,46.39,46.46,300,2022-03-02 16:37:00,CG
46.41,46.44,46.41,46.44,573,2022-03-02 16:38:00,CG
46.44,46.465,46.44,46.45,300,2022-03-02 16:39:00,CG
46.43,46.46,46.43,46.46,676,2022-03-02 16:40:00,CG
46.395,46.395,46.395,46.395,100,2022-03-02 16:41:00,CG
46.38,46.4,46.36,46.36,994,2022-03-02 16:42:00,CG
46.39,46.4,46.35,46.35,1150,2022-03-02 16:43:00,CG
46.32,46.32,46.25,46.25,3675,2022-03-02 16:44:00,CG
46.24,46.37,46.24,46.37,2905,2022-03-02 16:45:00,CG
46.41,46.43,46.38,46.39,1312,2022-03-02 16:46:00,CG
46.43,46.43,46.43,46.43,1107,2022-03-02 16:47:00,CG
46.4,46.4,46.36,46.37,1950,2022-03-02 16:48:00,CG
46.35,46.35,46.35,46.35,400,2022-03-02 16:49:00,CG
46.38,46.41,46.36,46.41,1300,2022-03-02 16:50:00,CG
46.41,46.43,46.41,46.41,1300,2022-03-02 16:51:00,CG
46.4,46.4,46.4,46.4,100,2022-03-02 16:52:00,CG
46.45,46.45,46.4214,46.43,500,2022-03-02 16:53:00,CG
46.41,46.46,46.4,46.46,1204,2022-03-02 16:54:00,CG
46.42,46.48,46.42,46.48,1768,2022-03-02 16:55:00,CG
46.45,46.5,46.41,46.5,2800,2022-03-02 16:56:00,CG
46.52,46.52,46.51,46.51,400,2022-03-02 16:57:00,CG
46.51,46.54,46.48,46.49,1407,2022-03-02 16:58:00,CG
46.48,46.54,46.48,46.54,2358,2022-03-02 16:59:00,CG
46.52,46.56,46.5,46.55,2133,2022-03-02 17:00:00,CG
46.52,46.54,46.52,46.54,725,2022-03-02 17:01:00,CG
46.56,46.62,46.56,46.6,4229,2022-03-02 17:02:00,CG
46.56,46.57,46.56,46.57,1339,2022-03-02 17:03:00,CG
46.58,46.61,46.57,46.57,2194,2022-03-02 17:04:00,CG
46.565,46.565,46.51,46.51,1657,2022-03-02 17:05:00,CG
46.52,46.63,46.52,46.63,2829,2022-03-02 17:06:00,CG
46.6,46.62,46.58,46.61,947,2022-03-02 17:07:00,CG
46.64,46.64,46.64,46.64,609,2022-03-02 17:08:00,CG
46.66,46.66,46.66,46.66,300,2022-03-02 17:09:00,CG
46.6805,46.6805,46.6805,46.6805,316,2022-03-02 17:10:00,CG
46.68,46.76,46.66,46.69,4037,2022-03-02 17:11:00,CG
46.69,46.69,46.66,46.68,1800,2022-03-02 17:12:00,CG
46.7,46.71,46.6996,46.6996,1300,2022-03-02 17:13:00,CG
46.7,46.74,46.69,46.74,2367,2022-03-02 17:14:00,CG
46.711,46.75,46.71,46.71,3804,2022-03-02 17:15:00,CG
46.71,46.75,46.71,46.73,2954,2022-03-02 17:16:00,CG
46.71,46.84,46.685,46.83,27933,2022-03-02 17:17:00,CG
46.78,46.83,46.77,46.81,7383,2022-03-02 17:18:00,CG
46.798,46.82,46.79,46.79,1322,2022-03-02 17:19:00,CG
46.795,46.82,46.795,46.795,2300,2022-03-02 17:20:00,CG
46.795,46.795,46.76,46.7796,926,2022-03-02 17:21:00,CG
46.77,46.79,46.75,46.77,1817,2022-03-02 17:22:00,CG
46.76,46.79,46.76,46.79,3342,2022-03-02 17:23:00,CG
46.78,46.7999,46.77,46.77,2050,2022-03-02 17:24:00,CG
46.79,46.805,46.775,46.805,869,2022-03-02 17:25:00,CG
46.78,46.78,46.73,46.73,1797,2022-03-02 17:26:00,CG
46.7615,46.8,46.75,46.8,2244,2022-03-02 17:27:00,CG
46.82,46.835,46.805,46.835,1311,2022-03-02 17:28:00,CG
46.855,46.865,46.845,46.845,1396,2022-03-02 17:29:00,CG
46.845,46.88,46.83,46.83,1698,2022-03-02 17:30:00,CG
46.845,46.845,46.845,46.845,100,2022-03-02 17:31:00,CG
46.83,46.85,46.81,46.845,1833,2022-03-02 17:32:00,CG
46.845,46.88,46.84,46.88,1878,2022-03-02 17:33:00,CG
46.86,46.915,46.86,46.9,1342,2022-03-02 17:34:00,CG
46.9,46.9,46.885,46.885,1325,2022-03-02 17:35:00,CG
46.85,46.91,46.81,46.9092,17694,2022-03-02 17:36:00,CG
46.88,46.885,46.86,46.86,2950,2022-03-02 17:37:00,CG
46.87,46.93,46.85,46.9198,11268,2022-03-02 17:38:00,CG
46.9296,46.9788,46.89,46.89,1400,2022-03-02 17:39:00,CG
46.91,46.93,46.87,46.89,1890,2022-03-02 17:40:00,CG
46.89,46.95,46.87,46.93,1711,2022-03-02 17:41:00,CG
46.94,46.95,46.92,46.92,1700,2022-03-02 17:42:00,CG
46.92,46.97,46.92,46.97,3686,2022-03-02 17:43:00,CG
46.97,47.01,46.97,46.99,1100,2022-03-02 17:44:00,CG
46.98,47.01,46.96,47.01,2864,2022-03-02 17:45:00,CG
46.99,46.99,46.99,46.99,100,2022-03-02 17:46:00,CG
46.98,47.0,46.9,46.9495,5304,2022-03-02 17:47:00,CG
46.97,47.01,46.952,47.01,8771,2022-03-02 17:48:00,CG
47.005,47.06,47.005,47.0207,1975,2022-03-02 17:49:00,CG
47.0594,47.0594,46.97,46.97,1000,2022-03-02 17:50:00,CG
46.94,46.96,46.94,46.96,900,2022-03-02 17:51:00,CG
46.97,47.05,46.97,47.03,9100,2022-03-02 17:52:00,CG
47.05,47.08,47.04,47.0793,3522,2022-03-02 17:53:00,CG
47.06,47.06,47.035,47.059,800,2022-03-02 17:54:00,CG
47.04,47.06,47.0121,47.06,2683,2022-03-02 17:55:00,CG
47.05,47.05,47.01,47.01,700,2022-03-02 17:56:00,CG
47.01,47.03,47.01,47.02,1300,2022-03-02 17:57:00,CG
47.04,47.05,47.03,47.03,600,2022-03-02 17:58:00,CG
47.05,47.05,47.05,47.05,300,2022-03-02 17:59:00,CG
47.065,47.12,47.065,47.09,3353,2022-03-02 18:00:00,CG
47.11,47.15,47.095,47.15,5000,2022-03-02 18:01:00,CG
47.1411,47.18,47.14,47.17,3346,2022-03-02 18:02:00,CG
47.16,47.17,47.16,47.17,500,2022-03-02 18:03:00,CG
47.169,47.2,47.169,47.19,3344,2022-03-02 18:04:00,CG
47.19,47.21,47.18,47.2,2300,2022-03-02 18:05:00,CG
47.18,47.18,47.17,47.18,1000,2022-03-02 18:06:00,CG
47.18,47.22,47.1732,47.215,1646,2022-03-02 18:07:00,CG
47.19,47.205,47.19,47.19,500,2022-03-02 18:08:00,CG
47.17,47.19,47.16,47.16,1511,2022-03-02 18:09:00,CG
47.17,47.25,47.1573,47.25,2748,2022-03-02 18:10:00,CG
47.24,47.26,47.22,47.25,4429,2022-03-02 18:11:00,CG
47.25,47.28,47.23,47.25,3148,2022-03-02 18:12:00,CG
47.22,47.22,47.19,47.19,1500,2022-03-02 18:13:00,CG
47.18,47.24,47.17,47.24,4873,2022-03-02 18:14:00,CG
47.24,47.29,47.24,47.25,2732,2022-03-02 18:15:00,CG
47.24,47.25,47.21,47.215,500,2022-03-02 18:16:00,CG
47.23,47.23,47.205,47.205,300,2022-03-02 18:17:00,CG
47.17,47.2,47.17,47.19,2207,2022-03-02 18:18:00,CG
47.16,47.18,47.135,47.14,925,2022-03-02 18:19:00,CG
47.12,47.24,47.12,47.24,5158,2022-03-02 18:20:00,CG
47.22,47.27,47.21,47.25,3602,2022-03-02 18:21:00,CG
47.23,47.25,47.23,47.23,730,2022-03-02 18:22:00,CG
47.2,47.22,47.16,47.16,1445,2022-03-02 18:23:00,CG
47.17,47.18,47.12,47.14,2098,2022-03-02 18:24:00,CG
47.15,47.18,47.15,47.18,1885,2022-03-02 18:25:00,CG
47.19,47.245,47.19,47.24,1237,2022-03-02 18:26:00,CG
47.21,47.23,47.21,47.215,412,2022-03-02 18:27:00,CG
47.2,47.21,47.2,47.21,850,2022-03-02 18:28:00,CG
47.19,47.21,47.16,47.16,1513,2022-03-02 18:29:00,CG
47.14,47.26,47.14,47.26,2928,2022-03-02 18:30:00,CG
47.2547,47.2547,47.2547,47.2547,400,2022-03-02 18:31:00,CG
47.23,47.26,47.22,47.24,1301,2022-03-02 18:32:00,CG
47.24,47.28,47.24,47.28,938,2022-03-02 18:33:00,CG
47.29,47.29,47.27,47.28,1647,2022-03-02 18:34:00,CG
47.265,47.28,47.25,47.28,2985,2022-03-02 18:35:00,CG
47.26,47.28,47.25,47.275,2800,2022-03-02 18:36:00,CG
47.29,47.31,47.29,47.3,1531,2022-03-02 18:37:00,CG
47.2958,47.33,47.2958,47.31,1473,2022-03-02 18:38:00,CG
47.31,47.315,47.31,47.315,700,2022-03-02 18:39:00,CG
47.315,47.315,47.22,47.22,3298,2022-03-02 18:40:00,CG
47.17,47.19,47.15,47.155,2000,2022-03-02 18:41:00,CG
47.18,47.21,47.16,47.17,3258,2022-03-02 18:42:00,CG
47.17,47.17,47.13,47.13,2363,2022-03-02 18:43:00,CG
47.15,47.16,47.105,47.11,2972,2022-03-02 18:44:00,CG
47.13,47.15,47.11,47.15,4485,2022-03-02 18:45:00,CG
47.1381,47.16,47.13,47.15,832,2022-03-02 18:46:00,CG
47.13,47.13,47.09,47.12,1283,2022-03-02 18:47:00,CG
47.09,47.11,47.05,47.07,3222,2022-03-02 18:48:00,CG
47.04,47.05,47.0,47.05,1300,2022-03-02 18:49:00,CG
47.03,47.05,47.0,47.0,1614,2022-03-02 18:50:00,CG
47.02,47.115,47.02,47.11,4100,2022-03-02 18:51:00,CG
47.12,47.17,47.11,47.17,3539,2022-03-02 18:52:00,CG
47.17,47.175,47.17,47.175,200,2022-03-02 18:53:00,CG
47.16,47.16,47.14,47.15,3507,2022-03-02 18:54:00,CG
47.14,47.16,47.125,47.16,1300,2022-03-02 18:55:00,CG
47.15,47.17,47.15,47.15,700,2022-03-02 18:56:00,CG
47.15,47.17,47.15,47.155,600,2022-03-02 18:57:00,CG
47.155,47.165,47.14,47.15,1100,2022-03-02 18:58:00,CG
47.14,47.155,47.11,47.155,2642,2022-03-02 18:59:00,CG
47.165,47.165,47.145,47.145,975,2022-03-02 19:00:00,CG
47.165,47.22,47.165,47.22,1900,2022-03-02 19:01:00,CG
47.22,47.22,47.19,47.19,1000,2022-03-02 19:02:00,CG
47.2,47.22,47.2,47.2,800,2022-03-02 19:03:00,CG
47.2,47.21,47.195,47.21,900,2022-03-02 19:04:00,CG
47.205,47.205,47.19,47.19,200,2022-03-02 19:05:00,CG
47.2,47.21,47.2,47.21,775,2022-03-02 19:06:00,CG
47.21,47.21,47.21,47.21,300,2022-03-02 19:07:00,CG
47.19,47.23,47.19,47.23,2032,2022-03-02 19:08:00,CG
47.22,47.28,47.2,47.2,3421,2022-03-02 19:09:00,CG
47.2,47.22,47.2,47.205,500,2022-03-02 19:11:00,CG
47.22,47.24,47.22,47.23,3300,2022-03-02 19:12:00,CG
47.22,47.22,47.17,47.17,800,2022-03-02 19:13:00,CG
47.17,47.17,47.145,47.145,400,2022-03-02 19:14:00,CG
47.155,47.155,47.13,47.14,2152,2022-03-02 19:15:00,CG
47.14,47.15,47.11,47.13,4861,2022-03-02 19:16:00,CG
47.13,47.165,47.13,47.16,1200,2022-03-02 19:17:00,CG
47.175,47.175,47.155,47.175,400,2022-03-02 19:18:00,CG
47.16,47.16,47.15,47.15,812,2022-03-02 19:19:00,CG
47.17,47.22,47.17,47.19,2067,2022-03-02 19:20:00,CG
47.17,47.19,47.145,47.145,1127,2022-03-02 19:21:00,CG
47.145,47.15,47.105,47.14,6931,2022-03-02 19:22:00,CG
47.15,47.15,47.1,47.1,3956,2022-03-02 19:23:00,CG
47.09,47.11,47.06,47.11,2312,2022-03-02 19:24:00,CG
47.11,47.11,47.04,47.04,1700,2022-03-02 19:25:00,CG
47.0573,47.11,47.055,47.1,2761,2022-03-02 19:26:00,CG
47.07,47.08,47.05,47.08,1200,2022-03-02 19:27:00,CG
47.08,47.13,47.08,47.125,1558,2022-03-02 19:28:00,CG
47.115,47.16,47.09,47.16,1740,2022-03-02 19:29:00,CG
47.1454,47.15,47.115,47.12,1500,2022-03-02 19:30:00,CG
47.14,47.15,47.13,47.13,1500,2022-03-02 19:31:00,CG
47.11,47.16,47.11,47.14,700,2022-03-02 19:32:00,CG
47.155,47.155,47.12,47.14,1405,2022-03-02 19:33:00,CG
47.13,47.18,47.13,47.18,2922,2022-03-02 19:34:00,CG
47.19,47.2022,47.19,47.2022,1110,2022-03-02 19:35:00,CG
47.2,47.21,47.2,47.2,400,2022-03-02 19:36:00,CG
47.2,47.2099,47.16,47.17,1900,2022-03-02 19:37:00,CG
47.18,47.19,47.18,47.18,700,2022-03-02 19:38:00,CG
47.22,47.22,47.2,47.2,700,2022-03-02 19:40:00,CG
47.2,47.23,47.2,47.22,2097,2022-03-02 19:41:00,CG
47.22,47.23,47.2,47.215,2974,2022-03-02 19:42:00,CG
47.2,47.22,47.2,47.2,600,2022-03-02 19:43:00,CG
47.23,47.235,47.21,47.21,1768,2022-03-02 19:44:00,CG
47.21,47.22,47.21,47.22,2150,2022-03-02 19:45:00,CG
47.23,47.25,47.23,47.24,1824,2022-03-02 19:46:00,CG
47.22,47.22,47.19,47.19,2100,2022-03-02 19:47:00,CG
47.2,47.23,47.2,47.23,2439,2022-03-02 19:48:00,CG
47.24,47.32,47.24,47.3075,1550,2022-03-02 19:49:00,CG
47.32,47.35,47.31,47.34,1631,2022-03-02 19:50:00,CG
47.345,47.345,47.32,47.32,2055,2022-03-02 19:51:00,CG
47.3,47.3,47.13,47.13,1800,2022-03-02 19:52:00,CG
47.1303,47.1303,47.11,47.11,400,2022-03-02 19:53:00,CG
47.14,47.155,47.07,47.09,1720,2022-03-02 19:54:00,CG
47.09,47.17,47.08,47.11,1400,2022-03-02 19:55:00,CG
47.09,47.1,47.07,47.09,1222,2022-03-02 19:56:00,CG
47.09,47.11,47.08,47.11,1750,2022-03-02 19:57:00,CG
47.06,47.12,47.06,47.09,2029,2022-03-02 19:58:00,CG
47.08,47.08,47.03,47.05,1700,2022-03-02 19:59:00,CG
47.08,47.13,47.08,47.08,1350,2022-03-02 20:00:00,CG
47.1,47.16,47.1,47.15,4136,2022-03-02 20:01:00,CG
47.18,47.18,47.13,47.165,1800,2022-03-02 20:02:00,CG
47.165,47.2,47.165,47.1991,3262,2022-03-02 20:03:00,CG
47.19,47.2,47.18,47.2,1000,2022-03-02 20:04:00,CG
47.18,47.205,47.155,47.205,2727,2022-03-02 20:05:00,CG
47.21,47.24,47.2,47.2,1450,2022-03-02 20:06:00,CG
47.23,47.24,47.21,47.21,700,2022-03-02 20:07:00,CG
47.22,47.22,47.17,47.17,2127,2022-03-02 20:08:00,CG
47.18,47.21,47.18,47.18,1600,2022-03-02 20:09:00,CG
47.165,47.24,47.165,47.235,2900,2022-03-02 20:10:00,CG
47.18,47.22,47.17,47.2,2500,2022-03-02 20:11:00,CG
47.19,47.2,47.1775,47.2,1700,2022-03-02 20:12:00,CG
47.19,47.19,47.175,47.175,1600,2022-03-02 20:13:00,CG
47.19,47.2,47.155,47.2,3053,2022-03-02 20:14:00,CG
47.19,47.22,47.16,47.18,4447,2022-03-02 20:15:00,CG
47.17,47.2,47.17,47.195,1600,2022-03-02 20:16:00,CG
47.21,47.22,47.19,47.2,3837,2022-03-02 20:17:00,CG
47.21,47.21,47.19,47.21,1612,2022-03-02 20:18:00,CG
47.21,47.28,47.21,47.27,2461,2022-03-02 20:19:00,CG
47.285,47.285,47.2,47.204,2412,2022-03-02 20:20:00,CG
47.22,47.32,47.22,47.32,3265,2022-03-02 20:21:00,CG
47.31,47.31,47.28,47.295,2508,2022-03-02 20:22:00,CG
47.28,47.34,47.28,47.34,4629,2022-03-02 20:23:00,CG
47.32,47.33,47.29,47.32,2396,2022-03-02 20:24:00,CG
47.32,47.35,47.31,47.33,3579,2022-03-02 20:25:00,CG
47.32,47.36,47.31,47.36,2045,2022-03-02 20:26:00,CG
47.35,47.35,47.3,47.34,2500,2022-03-02 20:27:00,CG
47.33,47.34,47.31,47.34,1680,2022-03-02 20:28:00,CG
47.325,47.35,47.325,47.34,2814,2022-03-02 20:29:00,CG
47.34,47.36,47.325,47.35,4836,2022-03-02 20:30:00,CG
47.37,47.41,47.37,47.41,2385,2022-03-02 20:31:00,CG
47.39,47.41,47.365,47.39,8269,2022-03-02 20:32:00,CG
47.3977,47.3977,47.355,47.37,3075,2022-03-02 20:33:00,CG
47.38,47.41,47.34,47.36,3199,2022-03-02 20:34:00,CG
47.37,47.41,47.36,47.41,3370,2022-03-02 20:35:00,CG
47.39,47.43,47.39,47.4,3573,2022-03-02 20:36:00,CG
47.39,47.42,47.39,47.41,4772,2022-03-02 20:37:00,CG
47.415,47.445,47.4,47.4,4527,2022-03-02 20:38:00,CG
47.385,47.41,47.36,47.36,2060,2022-03-02 20:39:00,CG
47.355,47.395,47.315,47.395,2900,2022-03-02 20:40:00,CG
47.43,47.44,47.4,47.4,4548,2022-03-02 20:41:00,CG
47.42,47.44,47.39,47.44,5497,2022-03-02 20:42:00,CG
47.41,47.46,47.405,47.425,5359,2022-03-02 20:43:00,CG
47.43,47.44,47.42,47.44,6177,2022-03-02 20:44:00,CG
47.44,47.47,47.44,47.47,4113,2022-03-02 20:45:00,CG
47.46,47.5,47.445,47.495,4936,2022-03-02 20:46:00,CG
47.48,47.485,47.43,47.47,3420,2022-03-02 20:47:00,CG
47.4696,47.49,47.455,47.47,4385,2022-03-02 20:48:00,CG
47.48,47.52,47.47,47.48,6265,2022-03-02 20:49:00,CG
47.48,47.59,47.47,47.51,11630,2022-03-02 20:50:00,CG
47.504,47.504,47.48,47.49,7420,2022-03-02 20:51:00,CG
47.49,47.51,47.45,47.505,8824,2022-03-02 20:52:00,CG
47.505,47.505,47.47,47.48,6115,2022-03-02 20:53:00,CG
47.47,47.48,47.42,47.45,12369,2022-03-02 20:54:00,CG
47.41,47.48,47.3534,47.47,30172,2022-03-02 20:55:00,CG
47.46,47.49,47.45,47.47,16676,2022-03-02 20:56:00,CG
47.47,47.48,47.42,47.45,30482,2022-03-02 20:57:00,CG
47.45,47.46,47.4,47.415,29527,2022-03-02 20:58:00,CG
47.415,47.48,47.415,47.43,30932,2022-03-02 20:59:00,CG
47.42,47.42,47.42,47.42,251266,2022-03-02 21:00:00,CG
47.42,47.42,47.42,47.42,356,2022-03-02 21:02:00,CG
47.42,47.42,47.42,47.42,39107,2022-03-02 21:15:00,CG
47.42,47.42,47.42,47.42,1258,2022-03-02 21:31:00,CG
47.42,47.42,47.42,47.42,400,2022-03-03 12:03:00,CG
47.42,47.42,47.42,47.42,200,2022-03-03 13:56:00,CG
47.7,47.8,47.54,47.8,13786,2022-03-03 14:30:00,CG
47.79,47.818,47.54,47.54,1100,2022-03-03 14:31:00,CG
47.555,47.555,47.555,47.555,100,2022-03-03 14:32:00,CG
47.68,47.68,47.68,47.68,600,2022-03-03 14:33:00,CG
47.8578,47.8578,47.54,47.54,614,2022-03-03 14:34:00,CG
47.52,47.52,47.44,47.48,809,2022-03-03 14:35:00,CG
47.385,47.4499,47.32,47.37,800,2022-03-03 14:36:00,CG
47.33,47.33,47.32,47.32,331,2022-03-03 14:37:00,CG
47.28,47.35,47.24,47.35,4635,2022-03-03 14:38:00,CG
47.35,47.43,47.35,47.39,1000,2022-03-03 14:39:00,CG
47.39,47.59,47.39,47.59,745,2022-03-03 14:40:00,CG
47.53,47.55,47.465,47.4877,1627,2022-03-03 14:41:00,CG
47.52,47.52,47.52,47.52,100,2022-03-03 14:42:00,CG
47.39,47.39,47.33,47.33,1100,2022-03-03 14:43:00,CG
47.34,47.42,47.33,47.42,3010,2022-03-03 14:44:00,CG
47.42,47.59,47.41,47.59,2534,2022-03-03 14:45:00,CG
47.635,47.635,47.53,47.55,928,2022-03-03 14:46:00,CG
47.6,47.6,47.5084,47.5084,200,2022-03-03 14:47:00,CG
47.5,47.5,47.31,47.31,3000,2022-03-03 14:48:00,CG
47.2,47.23,47.2,47.23,537,2022-03-03 14:49:00,CG
47.22,47.29,47.22,47.2564,3582,2022-03-03 14:50:00,CG
47.3,47.3,47.25,47.25,200,2022-03-03 14:51:00,CG
47.225,47.225,47.225,47.225,300,2022-03-03 14:52:00,CG
47.18,47.25,47.16,47.22,2200,2022-03-03 14:53:00,CG
47.18,47.26,47.18,47.255,1525,2022-03-03 14:54:00,CG
47.28,47.4214,47.28,47.4214,1500,2022-03-03 14:55:00,CG
47.4,47.46,47.3838,47.46,1100,2022-03-03 14:56:00,CG
47.47,47.47,47.39,47.4,655,2022-03-03 14:57:00,CG
47.3998,47.5,47.3998,47.5,1599,2022-03-03 14:58:00,CG
47.47,47.54,47.46,47.5101,3675,2022-03-03 14:59:00,CG
47.51,47.67,47.49,47.64,6046,2022-03-03 15:00:00,CG
47.71,47.71,47.71,47.71,200,2022-03-03 15:01:00,CG
47.74,47.75,47.63,47.63,4583,2022-03-03 15:02:00,CG
47.5941,47.5941,47.52,47.58,935,2022-03-03 15:03:00,CG
47.58,47.66,47.4531,47.47,1600,2022-03-03 15:04:00,CG
47.25,47.26,47.22,47.26,400,2022-03-03 15:06:00,CG
47.27,47.28,47.22,47.22,700,2022-03-03 15:07:00,CG
47.21,47.21,47.21,47.21,500,2022-03-03 15:08:00,CG
47.17,47.2,47.1301,47.2,1200,2022-03-03 15:09:00,CG
47.19,47.28,47.19,47.23,1817,2022-03-03 15:11:00,CG
47.23,47.2992,47.22,47.24,3360,2022-03-03 15:12:00,CG
47.16,47.16,47.15,47.15,600,2022-03-03 15:13:00,CG
47.155,47.22,47.14,47.16,1870,2022-03-03 15:14:00,CG
47.14,47.14,47.01,47.07,2818,2022-03-03 15:15:00,CG
47.031,47.045,47.02,47.02,500,2022-03-03 15:16:00,CG
47.03,47.09,47.03,47.09,2612,2022-03-03 15:17:00,CG
47.11,47.12,47.11,47.12,400,2022-03-03 15:18:00,CG
47.08,47.08,47.03,47.03,300,2022-03-03 15:19:00,CG
47.03,47.04,46.97,46.98,2600,2022-03-03 15:20:00,CG
46.98,46.99,46.92,46.92,1065,2022-03-03 15:21:00,CG
46.94,46.95,46.92,46.92,2300,2022-03-03 15:22:00,CG
46.92,46.92,46.85,46.88,2292,2022-03-03 15:23:00,CG
46.89,46.95,46.89,46.91,1450,2022-03-03 15:24:00,CG
46.95,47.04,46.93,47.01,5698,2022-03-03 15:25:00,CG
46.95,47.03,46.92,47.03,2601,2022-03-03 15:26:00,CG
47.03,47.03,47.005,47.005,548,2022-03-03 15:27:00,CG
46.98,47.0,46.9338,47.0,3054,2022-03-03 15:28:00,CG
46.99,46.99,46.92,46.92,696,2022-03-03 15:29:00,CG
46.92,46.92,46.85,46.85,780,2022-03-03 15:30:00,CG
46.91,46.93,46.9,46.91,2222,2022-03-03 15:31:00,CG
46.88,46.9,46.88,46.9,400,2022-03-03 15:32:00,CG
46.91,46.93,46.83,46.86,1531,2022-03-03 15:33:00,CG
46.795,46.8,46.75,46.8,1326,2022-03-03 15:34:00,CG
46.83,46.83,46.79,46.79,1092,2022-03-03 15:35:00,CG
46.7681,46.7681,46.67,46.67,3805,2022-03-03 15:36:00,CG
46.66,46.67,46.44,46.48,9109,2022-03-03 15:37:00,CG
46.48,46.54,46.44,46.51,6694,2022-03-03 15:38:00,CG
46.49,46.535,46.4405,46.45,3816,2022-03-03 15:39:00,CG
46.465,46.51,46.43,46.45,15643,2022-03-03 15:40:00,CG
46.42,46.45,46.4,46.435,3162,2022-03-03 15:41:00,CG
46.435,46.48,46.4,46.475,6060,2022-03-03 15:42:00,CG
46.47,46.48,46.445,46.445,1679,2022-03-03 15:43:00,CG
46.445,46.47,46.3283,46.3283,30033,2022-03-03 15:44:00,CG
46.35,46.36,46.25,46.33,24919,2022-03-03 15:45:00,CG
46.2918,46.34,46.2729,46.29,9060,2022-03-03 15:46:00,CG
46.265,46.29,46.17,46.27,33522,2022-03-03 15:47:00,CG
46.265,46.31,46.22,46.23,4539,2022-03-03 15:48:00,CG
46.23,46.23,46.23,46.23,334,2022-03-03 15:49:00,CG
46.21,46.25,46.15,46.25,7977,2022-03-03 15:50:00,CG
46.22,46.25,46.192,46.24,1937,2022-03-03 15:51:00,CG
46.25,46.25,46.25,46.25,100,2022-03-03 15:52:00,CG
46.24,46.24,46.17,46.18,2100,2022-03-03 15:53:00,CG
46.175,46.175,46.07,46.11,1800,2022-03-03 15:54:00,CG
46.11,46.16,46.11,46.15,3002,2022-03-03 15:55:00,CG
46.11,46.11,46.11,46.11,277,2022-03-03 15:56:00,CG
46.125,46.14,46.05,46.05,1260,2022-03-03 15:57:00,CG
46.05,46.08,46.02,46.02,2482,2022-03-03 15:58:00,CG
46.05,46.06,46.02,46.045,1222,2022-03-03 15:59:00,CG
46.05,46.13,46.05,46.13,4600,2022-03-03 16:00:00,CG
46.14,46.1534,46.13,46.1534,1143,2022-03-03 16:01:00,CG
46.145,46.152,46.12,46.13,2000,2022-03-03 16:02:00,CG
46.09,46.09,46.08,46.08,200,2022-03-03 16:03:00,CG
46.06,46.09,46.05,46.07,1238,2022-03-03 16:04:00,CG
46.06,46.06,46.06,46.06,300,2022-03-03 16:05:00,CG
46.025,46.08,46.025,46.06,1238,2022-03-03 16:06:00,CG
46.01,46.08,46.01,46.08,1729,2022-03-03 16:07:00,CG
46.06,46.09,46.06,46.09,3384,2022-03-03 16:08:00,CG
46.09,46.09,46.05,46.06,1600,2022-03-03 16:09:00,CG
46.05,46.07,46.04,46.07,2080,2022-03-03 16:10:00,CG
46.05,46.05,46.015,46.025,868,2022-03-03 16:11:00,CG
46.01,46.01,45.98,45.98,643,2022-03-03 16:12:00,CG
46.0,46.02,45.93,45.93,2779,2022-03-03 16:13:00,CG
45.89,45.91,45.88,45.88,2200,2022-03-03 16:14:00,CG
45.89,45.89,45.87,45.88,2400,2022-03-03 16:15:00,CG
45.88,45.97,45.88,45.95,6505,2022-03-03 16:16:00,CG
45.97,46.03,45.97,46.03,1400,2022-03-03 16:17:00,CG
46.02,46.08,46.02,46.08,1600,2022-03-03 16:18:00,CG
46.09,46.11,46.08,46.11,2574,2022-03-03 16:19:00,CG
46.11,46.18,46.11,46.18,900,2022-03-03 16:20:00,CG
46.17,46.21,46.16,46.21,2400,2022-03-03 16:21:00,CG
46.22,46.25,46.22,46.245,1326,2022-03-03 16:22:00,CG
46.24,46.31,46.21,46.28,3006,2022-03-03 16:23:00,CG
46.3,46.36,46.3,46.36,4100,2022-03-03 16:24:00,CG
46.31,46.33,46.29,46.31,2594,2022-03-03 16:25:00,CG
46.3051,46.37,46.3051,46.37,1225,2022-03-03 16:26:00,CG
46.35,46.395,46.35,46.37,1400,2022-03-03 16:27:00,CG
46.365,46.42,46.365,46.38,3317,2022-03-03 16:28:00,CG
46.39,46.41,46.37,46.4,2050,2022-03-03 16:29:00,CG
46.4,46.41,46.37,46.385,1936,2022-03-03 16:30:00,CG
46.39,46.41,46.33,46.33,2910,2022-03-03 16:32:00,CG
46.33,46.42,46.33,46.42,1302,2022-03-03 16:33:00,CG
46.42,46.44,46.42,46.44,300,2022-03-03 16:34:00,CG
46.47,46.47,46.455,46.46,500,2022-03-03 16:35:00,CG
46.46,46.49,46.43,46.49,2980,2022-03-03 16:36:00,CG
46.47,46.47,46.37,46.38,1100,2022-03-03 16:37:00,CG
46.365,46.365,46.3281,46.345,1693,2022-03-03 16:38:00,CG
46.345,46.37,46.33,46.37,2566,2022-03-03 16:39:00,CG
46.36,46.37,46.35,46.37,1244,2022-03-03 16:40:00,CG
46.39,46.409,46.38,46.409,1000,2022-03-03 16:41:00,CG
46.395,46.48,46.395,46.48,7628,2022-03-03 16:42:00,CG
46.48,46.57,46.48,46.56,4180,2022-03-03 16:43:00,CG
46.55,46.56,46.55,46.555,1439,2022-03-03 16:44:00,CG
46.56,46.56,46.51,46.53,3404,2022-03-03 16:45:00,CG
46.53,46.569,46.53,46.55,1636,2022-03-03 16:46:00,CG
46.53,46.57,46.52,46.52,3346,2022-03-03 16:47:00,CG
46.5,46.5,46.485,46.485,741,2022-03-03 16:48:00,CG
46.5,46.52,46.42,46.47,7100,2022-03-03 16:49:00,CG
46.46,46.48,46.43,46.445,2153,2022-03-03 16:50:00,CG
46.46,46.49,46.44,46.49,1700,2022-03-03 16:51:00,CG
46.47,46.5,46.47,46.485,966,2022-03-03 16:52:00,CG
46.5,46.59,46.49,46.574,3700,2022-03-03 16:53:00,CG
46.585,46.585,46.54,46.54,535,2022-03-03 16:54:00,CG
46.52,46.52,46.48,46.5,1766,2022-03-03 16:55:00,CG
46.51,46.51,46.35,46.4,3500,2022-03-03 16:56:00,CG
46.41,46.53,46.41,46.53,2563,2022-03-03 16:57:00,CG
46.59,46.61,46.555,46.58,1745,2022-03-03 16:58:00,CG
46.57,46.69,46.57,46.65,25564,2022-03-03 16:59:00,CG
46.63,46.66,46.57,46.66,3494,2022-03-03 17:00:00,CG
46.64,46.65,46.615,46.63,843,2022-03-03 17:01:00,CG
46.645,46.67,46.645,46.655,645,2022-03-03 17:02:00,CG
46.68,46.73,46.65,46.73,2985,2022-03-03 17:03:00,CG
46.67,46.675,46.66,46.675,601,2022-03-03 17:04:00,CG
46.675,46.675,46.62,46.62,2326,2022-03-03 17:05:00,CG
46.59,46.6,46.57,46.6,600,2022-03-03 17:06:00,CG
46.575,46.64,46.575,46.62,3500,2022-03-03 17:07:00,CG
46.64,46.68,46.62,46.66,1800,2022-03-03 17:08:00,CG
46.679,46.71,46.67,46.71,607,2022-03-03 17:09:00,CG
46.7,46.71,46.69,46.71,700,2022-03-03 17:10:00,CG
46.73,46.76,46.73,46.73,634,2022-03-03 17:11:00,CG
46.76,46.78,46.745,46.77,1561,2022-03-03 17:12:00,CG
46.75,46.77,46.71,46.71,1900,2022-03-03 17:13:00,CG
46.69,46.72,46.69,46.704,940,2022-03-03 17:14:00,CG
46.73,46.73,46.715,46.715,400,2022-03-03 17:15:00,CG
46.7,46.7,46.67,46.67,1100,2022-03-03 17:16:00,CG
46.66,46.7,46.66,46.7,1746,2022-03-03 17:17:00,CG
46.72,46.72,46.655,46.655,2097,2022-03-03 17:18:00,CG
46.63,46.66,46.6,46.6,942,2022-03-03 17:19:00,CG
46.6,46.6,46.57,46.57,1013,2022-03-03 17:20:00,CG
46.57,46.6,46.5667,46.59,1986,2022-03-03 17:21:00,CG
46.59,46.63,46.59,46.63,2651,2022-03-03 17:22:00,CG
46.61,46.61,46.5462,46.5462,800,2022-03-03 17:23:00,CG
46.56,46.56,46.52,46.54,1000,2022-03-03 17:24:00,CG
46.549,46.549,46.53,46.53,200,2022-03-03 17:25:00,CG
46.53,46.55,46.5,46.5,2263,2022-03-03 17:26:00,CG
46.46,46.48,46.455,46.455,1000,2022-03-03 17:27:00,CG
46.46,46.46,46.415,46.415,1035,2022-03-03 17:28:00,CG
46.44,46.45,46.39,46.42,3382,2022-03-03 17:29:00,CG
46.42,46.43,46.385,46.399,600,2022-03-03 17:30:00,CG
46.37,46.56,46.37,46.53,6269,2022-03-03 17:31:00,CG
46.505,46.57,46.5,46.53,2549,2022-03-03 17:32:00,CG
46.55,46.819,46.55,46.77,3700,2022-03-03 17:33:00,CG
46.765,46.855,46.75,46.79,3826,2022-03-03 17:34:00,CG
46.79,46.81,46.79,46.81,300,2022-03-03 17:35:00,CG
46.87,46.92,46.87,46.92,1000,2022-03-03 17:36:00,CG
46.9,46.9,46.83,46.83,512,2022-03-03 17:37:00,CG
46.78,46.82,46.74,46.81,2677,2022-03-03 17:38:00,CG
46.795,46.795,46.71,46.71,1487,2022-03-03 17:39:00,CG
46.72,46.72,46.655,46.655,540,2022-03-03 17:40:00,CG
46.68,46.68,46.64,46.66,1875,2022-03-03 17:41:00,CG
46.63,46.66,46.63,46.65,1200,2022-03-03 17:42:00,CG
46.61,46.619,46.61,46.619,300,2022-03-03 17:43:00,CG
46.62,46.66,46.61,46.65,641,2022-03-03 17:44:00,CG
46.68,46.68,46.59,46.59,1150,2022-03-03 17:45:00,CG
46.6,46.67,46.6,46.65,1300,2022-03-03 17:46:00,CG
46.62,46.735,46.62,46.735,1900,2022-03-03 17:47:00,CG
46.72,46.735,46.71,46.735,1486,2022-03-03 17:48:00,CG
46.71,46.71,46.67,46.69,640,2022-03-03 17:49:00,CG
46.71,46.71,46.67,46.7,1600,2022-03-03 17:50:00,CG
46.69,46.719,46.69,46.719,600,2022-03-03 17:51:00,CG
46.69,46.69,46.6562,46.67,1750,2022-03-03 17:52:00,CG
46.66,46.67,46.59,46.61,2250,2022-03-03 17:53:00,CG
46.61,46.669,46.61,46.65,1400,2022-03-03 17:54:00,CG
46.67,46.67,46.645,46.645,300,2022-03-03 17:55:00,CG
46.63,46.73,46.63,46.73,2958,2022-03-03 17:56:00,CG
46.72,46.739,46.7,46.71,446,2022-03-03 17:57:00,CG
46.73,46.769,46.72,46.74,1547,2022-03-03 17:58:00,CG
46.76,46.84,46.75,46.79,1500,2022-03-03 17:59:00,CG
46.76,46.78,46.74,46.77,1142,2022-03-03 18:00:00,CG
46.76,46.76,46.76,46.76,100,2022-03-03 18:01:00,CG
46.735,46.735,46.72,46.735,739,2022-03-03 18:02:00,CG
46.749,46.78,46.749,46.78,1000,2022-03-03 18:03:00,CG
46.77,46.809,46.77,46.809,900,2022-03-03 18:04:00,CG
46.76,46.76,46.72,46.76,1209,2022-03-03 18:05:00,CG
46.76,46.79,46.76,46.76,1837,2022-03-03 18:06:00,CG
46.73,46.77,46.73,46.74,1423,2022-03-03 18:07:00,CG
46.72,46.73,46.72,46.73,500,2022-03-03 18:08:00,CG
46.73,46.735,46.7,46.735,950,2022-03-03 18:09:00,CG
46.72,46.72,46.71,46.715,446,2022-03-03 18:10:00,CG
46.73,46.73,46.73,46.73,300,2022-03-03 18:11:00,CG
46.715,46.74,46.715,46.72,900,2022-03-03 18:12:00,CG
46.73,46.78,46.73,46.73,1712,2022-03-03 18:13:00,CG
46.73,46.75,46.73,46.75,336,2022-03-03 18:14:00,CG
46.759,46.8,46.745,46.8,1500,2022-03-03 18:15:00,CG
46.77,46.8,46.765,46.8,700,2022-03-03 18:16:00,CG
46.8014,46.84,46.79,46.82,1329,2022-03-03 18:17:00,CG
46.815,46.82,46.79,46.79,1167,2022-03-03 18:18:00,CG
46.795,46.84,46.79,46.84,1020,2022-03-03 18:19:00,CG
46.825,46.84,46.82,46.84,500,2022-03-03 18:20:00,CG
46.84,46.86,46.81,46.81,2100,2022-03-03 18:21:00,CG
46.795,46.81,46.795,46.81,754,2022-03-03 18:22:00,CG
46.8,46.8,46.76,46.78,500,2022-03-03 18:23:00,CG
46.78,46.8,46.78,46.8,900,2022-03-03 18:24:00,CG
46.8,46.8,46.76,46.77,905,2022-03-03 18:25:00,CG
46.75,46.78,46.75,46.78,900,2022-03-03 18:26:00,CG
46.79,46.79,46.75,46.75,1010,2022-03-03 18:28:00,CG
46.77,46.839,46.77,46.81,1600,2022-03-03 18:29:00,CG
46.809,46.809,46.74,46.74,1836,2022-03-03 18:30:00,CG
46.73,46.74,46.72,46.74,946,2022-03-03 18:31:00,CG
46.66,46.72,46.61,46.72,3907,2022-03-03 18:32:00,CG
46.73,46.73,46.71,46.73,977,2022-03-03 18:33:00,CG
46.68,46.68,46.6088,46.66,850,2022-03-03 18:34:00,CG
46.66,46.69,46.66,46.68,900,2022-03-03 18:35:00,CG
46.68,46.699,46.68,46.68,2900,2022-03-03 18:36:00,CG
46.68,46.68,46.655,46.655,800,2022-03-03 18:37:00,CG
46.66,46.69,46.66,46.67,1207,2022-03-03 18:38:00,CG
46.63,46.65,46.63,46.64,634,2022-03-03 18:39:00,CG
46.66,46.67,46.66,46.67,500,2022-03-03 18:40:00,CG
46.68,46.68,46.64,46.64,1216,2022-03-03 18:41:00,CG
46.61,46.62,46.58,46.62,1642,2022-03-03 18:42:00,CG
46.649,46.649,46.63,46.63,728,2022-03-03 18:43:00,CG
46.6225,46.659,46.61,46.659,740,2022-03-03 18:44:00,CG
46.6,46.61,46.6,46.61,236,2022-03-03 18:45:00,CG
46.609,46.609,46.59,46.59,600,2022-03-03 18:46:00,CG
46.58,46.62,46.56,46.62,2627,2022-03-03 18:47:00,CG
46.62,46.66,46.61,46.66,1368,2022-03-03 18:49:00,CG
46.66,46.66,46.61,46.61,8465,2022-03-03 18:50:00,CG
46.62,46.65,46.605,46.62,7550,2022-03-03 18:51:00,CG
46.62,46.62,46.46,46.5,4825,2022-03-03 18:52:00,CG
46.51,46.53,46.51,46.53,2507,2022-03-03 18:53:00,CG
46.53,46.53,46.51,46.52,400,2022-03-03 18:54:00,CG
46.53,46.58,46.53,46.58,3466,2022-03-03 18:55:00,CG
46.56,46.565,46.55,46.55,436,2022-03-03 18:56:00,CG
46.56,46.58,46.55,46.55,1900,2022-03-03 18:57:00,CG
46.54,46.54,46.49,46.5,1006,2022-03-03 18:58:00,CG
46.48,46.48,46.47,46.47,200,2022-03-03 18:59:00,CG
46.49,46.5,46.47,46.499,3193,2022-03-03 19:00:00,CG
46.5,46.559,46.49,46.559,2602,2022-03-03 19:01:00,CG
46.565,46.579,46.54,46.54,1115,2022-03-03 19:02:00,CG
46.52,46.52,46.49,46.49,336,2022-03-03 19:03:00,CG
46.48,46.48,46.465,46.465,1298,2022-03-03 19:04:00,CG
46.475,46.475,46.43,46.43,428,2022-03-03 19:05:00,CG
46.44,46.52,46.44,46.52,5320,2022-03-03 19:06:00,CG
46.51,46.51,46.49,46.49,600,2022-03-03 19:07:00,CG
46.49,46.49,46.48,46.48,1800,2022-03-03 19:08:00,CG
46.48,46.48,46.47,46.47,600,2022-03-03 19:09:00,CG
46.48,46.51,46.4,46.4,3842,2022-03-03 19:10:00,CG
46.41,46.46,46.41,46.449,7540,2022-03-03 19:11:00,CG
46.43,46.55,46.43,46.54,10328,2022-03-03 19:12:00,CG
46.525,46.55,46.525,46.53,2666,2022-03-03 19:13:00,CG
46.53,46.56,46.5,46.55,3999,2022-03-03 19:14:00,CG
46.54,46.55,46.52,46.52,1628,2022-03-03 19:15:00,CG
46.54,46.57,46.53,46.54,10011,2022-03-03 19:16:00,CG
46.53,46.55,46.51,46.51,9075,2022-03-03 19:17:00,CG
46.505,46.505,46.48,46.48,4075,2022-03-03 19:18:00,CG
46.48,46.48,46.43,46.435,4225,2022-03-03 19:19:00,CG
46.43,46.44,46.39,46.395,9612,2022-03-03 19:20:00,CG
46.395,46.41,46.36,46.36,3688,2022-03-03 19:21:00,CG
46.36,46.38,46.36,46.37,5344,2022-03-03 19:22:00,CG
46.32,46.32,46.31,46.31,341,2022-03-03 19:23:00,CG
46.295,46.319,46.295,46.305,1515,2022-03-03 19:24:00,CG
46.3,46.33,46.3,46.32,1725,2022-03-03 19:25:00,CG
46.31,46.37,46.31,46.37,1700,2022-03-03 19:26:00,CG
46.35,46.35,46.32,46.32,500,2022-03-03 19:27:00,CG
46.32,46.33,46.31,46.31,1344,2022-03-03 19:28:00,CG
46.31,46.31,46.27,46.27,538,2022-03-03 19:29:00,CG
46.285,46.285,46.245,46.245,850,2022-03-03 19:30:00,CG
46.23,46.26,46.23,46.25,2713,2022-03-03 19:31:00,CG
46.25,46.32,46.22,46.3,11537,2022-03-03 19:32:00,CG
46.295,46.35,46.26,46.35,2800,2022-03-03 19:33:00,CG
46.32,46.33,46.3,46.31,1300,2022-03-03 19:34:00,CG
46.33,46.35,46.3,46.3,3577,2022-03-03 19:35:00,CG
46.31,46.34,46.29,46.29,1450,2022-03-03 19:36:00,CG
46.2981,46.31,46.285,46.29,2340,2022-03-03 19:37:00,CG
46.28,46.28,46.25,46.25,5700,2022-03-03 19:38:00,CG
46.25,46.32,46.23,46.32,8465,2022-03-03 19:39:00,CG
46.32,46.3394,46.31,46.329,3100,2022-03-03 19:40:00,CG
46.31,46.325,46.255,46.255,2643,2022-03-03 19:41:00,CG
46.24,46.29,46.225,46.29,4000,2022-03-03 19:42:00,CG
46.25,46.26,46.25,46.26,1100,2022-03-03 19:43:00,CG
46.19,46.19,46.15,46.15,1500,2022-03-03 19:44:00,CG
46.14,46.14,46.13,46.13,2103,2022-03-03 19:45:00,CG
46.14,46.14,46.095,46.11,5456,2022-03-03 19:46:00,CG
46.11,46.13,46.11,46.125,1863,2022-03-03 19:47:00,CG
46.12,46.16,46.115,46.115,2900,2022-03-03 19:48:00,CG
46.1,46.1,46.08,46.08,1300,2022-03-03 19:49:00,CG
46.09,46.09,46.08,46.08,2631,2022-03-03 19:50:00,CG
46.05,46.05,46.03,46.03,1357,2022-03-03 19:51:00,CG
46.03,46.06,46.015,46.06,4028,2022-03-03 19:52:00,CG
46.06,46.07,46.04,46.04,1972,2022-03-03 19:53:00,CG
46.03,46.05,46.02,46.04,1521,2022-03-03 19:54:00,CG
46.05,46.05,45.97,45.99,3500,2022-03-03 19:55:00,CG
46.01,46.01,45.96,45.96,1486,2022-03-03 19:56:00,CG
45.96,45.96,45.93,45.949,2873,2022-03-03 19:57:00,CG
45.92,45.93,45.91,45.91,2834,2022-03-03 19:58:00,CG
45.915,45.96,45.915,45.96,2539,2022-03-03 19:59:00,CG
45.93,45.93,45.87,45.91,4140,2022-03-03 20:00:00,CG
45.89,45.89,45.84,45.85,1010,2022-03-03 20:01:00,CG
45.86,45.87,45.84,45.85,4706,2022-03-03 20:02:00,CG
45.84,45.85,45.83,45.84,1726,2022-03-03 20:03:00,CG
45.83,45.83,45.78,45.78,2192,2022-03-03 20:04:00,CG
45.79,45.845,45.78,45.81,4865,2022-03-03 20:05:00,CG
45.8,45.82,45.79,45.79,3304,2022-03-03 20:06:00,CG
45.78,45.78,45.74,45.76,4946,2022-03-03 20:07:00,CG
45.77,45.77,45.74,45.74,2100,2022-03-03 20:08:00,CG
45.73,45.73,45.72,45.725,3055,2022-03-03 20:09:00,CG
45.71,45.79,45.7,45.79,13474,2022-03-03 20:10:00,CG
45.78,45.795,45.77,45.77,4055,2022-03-03 20:11:00,CG
45.73,45.74,45.71,45.735,3379,2022-03-03 20:12:00,CG
45.74,45.749,45.67,45.69,5024,2022-03-03 20:13:00,CG
45.69,45.74,45.68,45.74,2485,2022-03-03 20:14:00,CG
45.72,45.73,45.665,45.665,5489,2022-03-03 20:15:00,CG
45.66,45.7,45.65,45.67,27289,2022-03-03 20:16:00,CG
45.68,45.88,45.68,45.86,5711,2022-03-03 20:17:00,CG
45.85,45.87,45.82,45.84,3100,2022-03-03 20:18:00,CG
45.79,45.9,45.78,45.86,10168,2022-03-03 20:19:00,CG
45.84,45.87,45.84,45.85,1600,2022-03-03 20:20:00,CG
45.85,45.85,45.8,45.83,4291,2022-03-03 20:21:00,CG
45.84,45.89,45.84,45.86,3380,2022-03-03 20:22:00,CG
45.86,45.905,45.85,45.9,2124,2022-03-03 20:23:00,CG
45.88,45.88,45.84,45.84,554,2022-03-03 20:24:00,CG
45.86,45.88,45.84,45.87,2800,2022-03-03 20:25:00,CG
45.88,45.9,45.85,45.85,2258,2022-03-03 20:26:00,CG
45.85,46.0,45.85,46.0,5299,2022-03-03 20:27:00,CG
45.99,46.03,45.98,46.0,5066,2022-03-03 20:28:00,CG
45.995,46.075,45.97,46.075,7343,2022-03-03 20:29:00,CG
46.08,46.08,46.025,46.025,2038,2022-03-03 20:30:00,CG
46.01,46.01,45.96,45.96,575,2022-03-03 20:31:00,CG
45.96,45.96,45.88,45.89,1632,2022-03-03 20:32:00,CG
45.89,45.92,45.85,45.9,7162,2022-03-03 20:33:00,CG
45.89,45.89,45.85,45.86,1580,2022-03-03 20:34:00,CG
45.87,45.89,45.86,45.86,2900,2022-03-03 20:35:00,CG
45.86,45.86,45.79,45.795,5337,2022-03-03 20:36:00,CG
45.8,45.88,45.8,45.83,4664,2022-03-03 20:37:00,CG
45.85,45.91,45.85,45.91,4759,2022-03-03 20:38:00,CG
45.93,46.01,45.895,45.99,16840,2022-03-03 20:39:00,CG
45.97,45.97,45.92,45.92,2225,2022-03-03 20:40:00,CG
45.92,45.98,45.92,45.98,4390,2022-03-03 20:41:00,CG
45.98,46.0,45.91,45.92,3835,2022-03-03 20:42:00,CG
45.93,45.93,45.88,45.93,5377,2022-03-03 20:43:00,CG
45.92,45.97,45.89,45.89,8536,2022-03-03 20:44:00,CG
45.865,45.91,45.81,45.86,5023,2022-03-03 20:45:00,CG
45.81,45.84,45.78,45.84,6429,2022-03-03 20:46:00,CG
45.84,45.88,45.8,45.84,6481,2022-03-03 20:47:00,CG
45.83,45.9,45.83,45.9,6491,2022-03-03 20:48:00,CG
45.89,45.91,45.84,45.91,10194,2022-03-03 20:49:00,CG
45.91,46.1,45.875,46.1,20380,2022-03-03 20:50:00,CG
46.07,46.085,46.04,46.08,8657,2022-03-03 20:51:00,CG
46.08,46.11,46.035,46.05,9375,2022-03-03 20:52:00,CG
46.06,46.1,46.06,46.09,11276,2022-03-03 20:53:00,CG
46.09,46.09,46.02,46.04,13088,2022-03-03 20:54:00,CG
46.03,46.07,45.99,46.035,27620,2022-03-03 20:55:00,CG
46.035,46.09,46.02,46.085,17911,2022-03-03 20:56:00,CG
46.085,46.09,46.06,46.073,31794,2022-03-03 20:57:00,CG
46.075,46.13,46.075,46.09,32792,2022-03-03 20:58:00,CG
46.09,46.16,46.07,46.16,33851,2022-03-03 20:59:00,CG
46.16,46.16,46.16,46.16,274057,2022-03-03 21:00:00,CG
46.16,46.16,46.16,46.16,415,2022-03-03 21:02:00,CG
46.16,46.16,46.16,46.16,773,2022-03-03 21:31:00,CG
46.11,46.11,46.11,46.11,200,2022-03-03 22:35:00,CG
45.94,45.94,45.94,45.94,200,2022-03-04 14:17:00,CG
45.61,45.61,45.61,45.61,100,2022-03-04 14:21:00,CG
45.35,45.36,45.2136,45.27,8350,2022-03-04 14:30:00,CG
45.27,45.4101,45.25,45.275,1927,2022-03-04 14:31:00,CG
45.11,45.11,45.09,45.09,200,2022-03-04 14:32:00,CG
45.09,45.2,45.0,45.2,2825,2022-03-04 14:33:00,CG
45.14,45.26,45.14,45.26,1300,2022-03-04 14:34:00,CG
45.19,45.3,45.19,45.3,3027,2022-03-04 14:35:00,CG
45.31,45.31,45.31,45.31,200,2022-03-04 14:36:00,CG
45.28,45.31,45.215,45.215,4603,2022-03-04 14:37:00,CG
45.23,45.24,45.11,45.18,3626,2022-03-04 14:38:00,CG
45.18,45.18,45.055,45.11,1800,2022-03-04 14:39:00,CG
45.05,45.09,45.03,45.075,3270,2022-03-04 14:40:00,CG
45.08,45.11,44.88,44.89,8450,2022-03-04 14:41:00,CG
44.88,44.92,44.79,44.83,2424,2022-03-04 14:42:00,CG
44.77,44.805,44.76,44.76,800,2022-03-04 14:43:00,CG
44.8,44.895,44.76,44.79,2100,2022-03-04 14:44:00,CG
44.87,44.97,44.84,44.89,3592,2022-03-04 14:45:00,CG
44.895,44.895,44.895,44.895,100,2022-03-04 14:46:00,CG
44.86,44.86,44.72,44.72,3211,2022-03-04 14:47:00,CG
44.71,44.71,44.63,44.645,5800,2022-03-04 14:48:00,CG
44.635,44.64,44.46,44.495,7963,2022-03-04 14:49:00,CG
44.46,44.6,44.46,44.6,3410,2022-03-04 14:50:00,CG
44.6,44.6,44.495,44.495,2400,2022-03-04 14:51:00,CG
44.5095,44.55,44.48,44.54,3500,2022-03-04 14:52:00,CG
44.56,44.59,44.475,44.475,5741,2022-03-04 14:53:00,CG
44.44,44.45,44.36,44.41,3288,2022-03-04 14:54:00,CG
44.41,44.43,44.34,44.345,2600,2022-03-04 14:55:00,CG
44.32,44.4,44.32,44.36,4148,2022-03-04 14:56:00,CG
44.4,44.5483,44.4,44.5483,9678,2022-03-04 14:57:00,CG
44.52,44.63,44.5,44.63,4894,2022-03-04 14:58:00,CG
44.67,44.75,44.67,44.69,5841,2022-03-04 14:59:00,CG
44.71,44.79,44.71,44.77,6882,2022-03-04 15:00:00,CG
44.75,44.8,44.72,44.72,2700,2022-03-04 15:01:00,CG
44.66,44.68,44.61,44.61,600,2022-03-04 15:02:00,CG
44.6,44.6,44.52,44.525,3643,2022-03-04 15:03:00,CG
44.5,44.56,44.5,44.5101,8204,2022-03-04 15:04:00,CG
44.46,44.46,44.38,44.38,1913,2022-03-04 15:05:00,CG
44.38,44.4,44.36,44.365,8099,2022-03-04 15:06:00,CG
44.38,44.41,44.36,44.37,5515,2022-03-04 15:07:00,CG
44.35,44.35,44.31,44.31,5576,2022-03-04 15:08:00,CG
44.25,44.33,44.25,44.33,4727,2022-03-04 15:09:00,CG
44.31,44.33,44.2,44.2,6686,2022-03-04 15:10:00,CG
44.16,44.16,44.1,44.11,7208,2022-03-04 15:11:00,CG
44.125,44.13,44.0608,44.11,5347,2022-03-04 15:12:00,CG
44.13,44.13,44.045,44.045,1000,2022-03-04 15:13:00,CG
44.045,44.115,44.02,44.06,6767,2022-03-04 15:14:00,CG
44.03,44.1,44.03,44.045,4124,2022-03-04 15:15:00,CG
44.04,44.11,43.99,43.99,10374,2022-03-04 15:16:00,CG
44.0,44.065,43.97,44.01,7256,2022-03-04 15:17:00,CG
44.0,44.04,43.9866,43.99,3578,2022-03-04 15:18:00,CG
43.99,44.005,43.92,44.005,4347,2022-03-04 15:19:00,CG
44.02,44.04,44.01,44.02,1600,2022-03-04 15:20:00,CG
44.01,44.08,43.9484,43.965,3286,2022-03-04 15:21:00,CG
43.965,44.03,43.965,44.03,1100,2022-03-04 15:22:00,CG
44.025,44.025,43.95,43.96,1103,2022-03-04 15:23:00,CG
43.965,44.02,43.94,44.01,2900,2022-03-04 15:24:00,CG
44.01,44.13,44.01,44.05,3691,2022-03-04 15:25:00,CG
44.03,44.085,44.005,44.055,3137,2022-03-04 15:26:00,CG
44.04,44.07,44.04,44.046,2424,2022-03-04 15:27:00,CG
44.04,44.04,43.96,43.965,1971,2022-03-04 15:28:00,CG
43.965,44.05,43.95,44.05,9745,2022-03-04 15:29:00,CG
44.06,44.06,44.0,44.03,4139,2022-03-04 15:30:00,CG
44.0,44.05,43.95,44.035,5480,2022-03-04 15:31:00,CG
44.06,44.09,44.03,44.03,4317,2022-03-04 15:32:00,CG
44.01,44.04,44.0,44.03,3947,2022-03-04 15:33:00,CG
44.0,44.005,43.99,43.99,600,2022-03-04 15:34:00,CG
44.02,44.14,44.02,44.13,8821,2022-03-04 15:35:00,CG
44.15,44.23,44.15,44.23,2452,2022-03-04 15:36:00,CG
44.235,44.3,44.215,44.27,4364,2022-03-04 15:37:00,CG
44.27,44.3,44.19,44.19,2000,2022-03-04 15:38:00,CG
44.17,44.17,44.1,44.115,1302,2022-03-04 15:39:00,CG
44.11,44.13,44.04,44.04,1800,2022-03-04 15:40:00,CG
44.03,44.03,43.93,43.95,2478,2022-03-04 15:41:00,CG
43.95,44.0,43.945,43.98,5492,2022-03-04 15:42:00,CG
43.95,43.99,43.94,43.98,4824,2022-03-04 15:43:00,CG
43.9639,43.97,43.87,43.88,1977,2022-03-04 15:44:00,CG
43.87,43.87,43.76,43.82,4567,2022-03-04 15:45:00,CG
43.83,43.91,43.83,43.85,4455,2022-03-04 15:46:00,CG
43.845,43.86,43.821,43.821,2540,2022-03-04 15:47:00,CG
43.835,43.96,43.81,43.89,7404,2022-03-04 15:48:00,CG
43.89,43.895,43.84,43.8688,3926,2022-03-04 15:49:00,CG
43.83,43.86,43.81,43.835,5117,2022-03-04 15:50:00,CG
43.84,43.84,43.82,43.84,3089,2022-03-04 15:51:00,CG
43.85,43.86,43.84,43.845,2000,2022-03-04 15:52:00,CG
43.84,43.88,43.84,43.88,2237,2022-03-04 15:53:00,CG
43.88,43.88,43.82,43.82,1500,2022-03-04 15:54:00,CG
43.8,43.84,43.79,43.84,7073,2022-03-04 15:55:00,CG
43.83,43.83,43.8,43.8,500,2022-03-04 15:56:00,CG
43.78,43.79,43.775,43.775,2318,2022-03-04 15:57:00,CG
43.78,43.83,43.775,43.775,3395,2022-03-04 15:58:00,CG
43.77,43.78,43.735,43.75,2700,2022-03-04 15:59:00,CG
43.74,43.77,43.73,43.77,2000,2022-03-04 16:00:00,CG
43.77,43.79,43.74,43.74,1300,2022-03-04 16:01:00,CG
43.74,43.74,43.68,43.7,700,2022-03-04 16:02:00,CG
43.7,43.71,43.66,43.71,4310,2022-03-04 16:03:00,CG
43.73,43.74,43.7,43.74,3002,2022-03-04 16:04:00,CG
43.71,43.71,43.7,43.7,6000,2022-03-04 16:05:00,CG
43.69,43.7,43.62,43.62,9721,2022-03-04 16:06:00,CG
43.6,43.67,43.6,43.67,3147,2022-03-04 16:07:00,CG
43.67,43.75,43.67,43.75,2500,2022-03-04 16:08:00,CG
43.735,43.77,43.735,43.75,4984,2022-03-04 16:09:00,CG
43.7598,43.7598,43.72,43.72,1231,2022-03-04 16:10:00,CG
43.72,43.72,43.635,43.635,700,2022-03-04 16:11:00,CG
43.65,43.69,43.64,43.685,4100,2022-03-04 16:12:00,CG
43.7,43.71,43.66,43.66,7238,2022-03-04 16:13:00,CG
43.67,43.68,43.65,43.67,2600,2022-03-04 16:14:00,CG
43.66,43.72,43.63,43.69,6000,2022-03-04 16:15:00,CG
43.72,43.77,43.71,43.76,4290,2022-03-04 16:16:00,CG
43.78,43.8094,43.76,43.78,2633,2022-03-04 16:17:00,CG
43.79,43.83,43.78,43.83,6881,2022-03-04 16:18:00,CG
43.8393,43.85,43.8,43.8,3521,2022-03-04 16:19:00,CG
43.79,43.79,43.75,43.78,1519,2022-03-04 16:20:00,CG
43.72,43.735,43.68,43.735,5160,2022-03-04 16:21:00,CG
43.75,43.75,43.725,43.74,2085,2022-03-04 16:22:00,CG
43.76,43.79,43.75,43.77,3719,2022-03-04 16:23:00,CG
43.765,43.77,43.765,43.77,300,2022-03-04 16:24:00,CG
43.76,43.76,43.69,43.72,2400,2022-03-04 16:25:00,CG
43.72,43.765,43.71,43.755,4202,2022-03-04 16:26:00,CG
43.77,43.81,43.77,43.795,2144,2022-03-04 16:27:00,CG
43.8,43.835,43.8,43.81,1700,2022-03-04 16:28:00,CG
43.79,43.79,43.72,43.75,4417,2022-03-04 16:29:00,CG
43.72,43.77,43.714,43.73,4700,2022-03-04 16:30:00,CG
43.71,43.71,43.56,43.63,6563,2022-03-04 16:31:00,CG
43.625,43.625,43.585,43.585,705,2022-03-04 16:32:00,CG
43.585,43.5999,43.585,43.585,900,2022-03-04 16:33:00,CG
43.61,43.65,43.57,43.57,3810,2022-03-04 16:34:00,CG
43.57,43.57,43.46,43.46,2562,2022-03-04 16:35:00,CG
43.455,43.49,43.44,43.475,4932,2022-03-04 16:36:00,CG
43.5,43.525,43.5,43.525,1140,2022-03-04 16:37:00,CG
43.55,43.61,43.55,43.6,2314,2022-03-04 16:38:00,CG
43.62,43.68,43.62,43.68,2005,2022-03-04 16:39:00,CG
43.69,43.72,43.65,43.65,3903,2022-03-04 16:40:00,CG
43.65,43.75,43.65,43.725,3107,2022-03-04 16:41:00,CG
43.725,43.74,43.725,43.74,300,2022-03-04 16:42:00,CG
43.725,43.7354,43.7,43.7,700,2022-03-04 16:43:00,CG
43.68,43.68,43.63,43.65,2700,2022-03-04 16:44:00,CG
43.66,43.705,43.66,43.68,2748,2022-03-04 16:45:00,CG
43.67,43.67,43.65,43.67,1310,2022-03-04 16:46:00,CG
43.635,43.68,43.61,43.61,2329,2022-03-04 16:47:00,CG
43.61,43.65,43.61,43.63,2700,2022-03-04 16:48:00,CG
43.63,43.66,43.61,43.6543,3450,2022-03-04 16:49:00,CG
43.67,43.67,43.59,43.59,1948,2022-03-04 16:50:00,CG
43.58,43.59,43.565,43.565,535,2022-03-04 16:51:00,CG
43.53,43.56,43.5,43.56,600,2022-03-04 16:52:00,CG
43.53,43.5301,43.48,43.48,1500,2022-03-04 16:53:00,CG
43.46,43.48,43.45,43.47,7889,2022-03-04 16:54:00,CG
43.47,43.5,43.43,43.49,4606,2022-03-04 16:55:00,CG
43.49,43.49,43.47,43.48,900,2022-03-04 16:56:00,CG
43.48,43.48,43.43,43.435,1120,2022-03-04 16:57:00,CG
43.4189,43.4189,43.41,43.41,700,2022-03-04 16:58:00,CG
43.405,43.44,43.375,43.44,7007,2022-03-04 16:59:00,CG
43.43,43.44,43.4,43.4,1175,2022-03-04 17:00:00,CG
43.38,43.38,43.325,43.37,3880,2022-03-04 17:01:00,CG
43.37,43.39,43.34,43.34,2500,2022-03-04 17:02:00,CG
43.35,43.38,43.35,43.37,2968,2022-03-04 17:03:00,CG
43.38,43.38,43.355,43.37,1812,2022-03-04 17:04:00,CG
43.39,43.41,43.38,43.38,1100,2022-03-04 17:05:00,CG
43.36,43.37,43.33,43.35,2175,2022-03-04 17:06:00,CG
43.34,43.37,43.34,43.365,3261,2022-03-04 17:07:00,CG
43.36,43.38,43.36,43.38,1686,2022-03-04 17:08:00,CG
43.39,43.49,43.3875,43.45,2646,2022-03-04 17:09:00,CG
43.46,43.5546,43.46,43.545,1011,2022-03-04 17:10:00,CG
43.57,43.68,43.57,43.68,600,2022-03-04 17:11:00,CG
43.69,43.7613,43.69,43.745,4435,2022-03-04 17:12:00,CG
43.77,43.79,43.74,43.74,5276,2022-03-04 17:13:00,CG
43.75,43.78,43.75,43.78,2600,2022-03-04 17:14:00,CG
43.76,43.76,43.7474,43.7474,900,2022-03-04 17:15:00,CG
43.77,43.8153,43.77,43.8153,3211,2022-03-04 17:16:00,CG
43.83,43.86,43.82,43.83,3417,2022-03-04 17:17:00,CG
43.84,43.86,43.815,43.815,3228,2022-03-04 17:18:00,CG
43.83,43.86,43.83,43.8301,2185,2022-03-04 17:19:00,CG
43.82,43.8316,43.784,43.784,1100,2022-03-04 17:20:00,CG
43.74,43.75,43.72,43.74,2925,2022-03-04 17:21:00,CG
43.725,43.725,43.66,43.66,700,2022-03-04 17:22:00,CG
43.68,43.7,43.66,43.7,12912,2022-03-04 17:23:00,CG
43.74,43.77,43.7,43.7,1270,2022-03-04 17:24:00,CG
43.6799,43.69,43.63,43.69,2035,2022-03-04 17:25:00,CG
43.6612,43.75,43.6612,43.75,1475,2022-03-04 17:26:00,CG
43.76,43.825,43.76,43.77,1112,2022-03-04 17:27:00,CG
43.699,43.75,43.699,43.75,1600,2022-03-04 17:28:00,CG
43.77,43.81,43.77,43.77,1735,2022-03-04 17:29:00,CG
43.75,43.75,43.65,43.69,2835,2022-03-04 17:30:00,CG
43.72,43.74,43.715,43.715,1000,2022-03-04 17:31:00,CG
43.7,43.72,43.65,43.65,2130,2022-03-04 17:32:00,CG
43.65,43.67,43.63,43.665,4803,2022-03-04 17:33:00,CG
43.67,43.67,43.63,43.635,4668,2022-03-04 17:34:00,CG
43.67,43.7,43.67,43.675,2622,2022-03-04 17:36:00,CG
43.66,43.67,43.64,43.64,4400,2022-03-04 17:37:00,CG
43.65,43.69,43.65,43.69,1754,2022-03-04 17:38:00,CG
43.7,43.73,43.7,43.71,2821,2022-03-04 17:39:00,CG
43.73,43.74,43.69,43.69,3234,2022-03-04 17:40:00,CG
43.67,43.68,43.66,43.66,1930,2022-03-04 17:41:00,CG
43.665,43.68,43.665,43.67,1204,2022-03-04 17:42:00,CG
43.65,43.65,43.6,43.6,1146,2022-03-04 17:43:00,CG
43.58,43.6,43.5501,43.56,2580,2022-03-04 17:44:00,CG
43.55,43.55,43.52,43.53,1200,2022-03-04 17:45:00,CG
43.535,43.57,43.51,43.57,2900,2022-03-04 17:46:00,CG
43.58,43.59,43.5,43.56,10410,2022-03-04 17:47:00,CG
43.58,43.58,43.56,43.57,1625,2022-03-04 17:48:00,CG
43.58,43.63,43.58,43.63,2117,2022-03-04 17:49:00,CG
43.65,43.65,43.59,43.5975,4989,2022-03-04 17:50:00,CG
43.6024,43.6024,43.5578,43.59,1000,2022-03-04 17:51:00,CG
43.59,43.59,43.56,43.58,2239,2022-03-04 17:52:00,CG
43.64,43.67,43.61,43.61,1700,2022-03-04 17:54:00,CG
43.61,43.65,43.61,43.65,1934,2022-03-04 17:55:00,CG
43.65,43.66,43.645,43.65,1500,2022-03-04 17:56:00,CG
43.64,43.72,43.64,43.7,3700,2022-03-04 17:57:00,CG
43.68,43.68,43.67,43.67,1680,2022-03-04 17:58:00,CG
43.68,43.705,43.68,43.7,5361,2022-03-04 17:59:00,CG
43.71,43.81,43.705,43.81,3455,2022-03-04 18:00:00,CG
43.84,43.88,43.84,43.84,1730,2022-03-04 18:01:00,CG
43.87,43.87,43.87,43.87,789,2022-03-04 18:02:00,CG
43.875,43.875,43.85,43.86,2584,2022-03-04 18:04:00,CG
43.84,43.86,43.81,43.81,500,2022-03-04 18:05:00,CG
43.85,43.87,43.83,43.83,2709,2022-03-04 18:06:00,CG
43.86,43.88,43.86,43.86,3838,2022-03-04 18:07:00,CG
43.85,43.8542,43.84,43.8542,1000,2022-03-04 18:08:00,CG
43.85,43.85,43.83,43.835,805,2022-03-04 18:09:00,CG
43.825,43.825,43.74,43.775,2230,2022-03-04 18:10:00,CG
43.75,43.81,43.73,43.81,3885,2022-03-04 18:11:00,CG
43.81,43.83,43.78,43.82,1188,2022-03-04 18:12:00,CG
43.8,43.8,43.78,43.78,300,2022-03-04 18:13:00,CG
43.8,43.83,43.77,43.77,3650,2022-03-04 18:14:00,CG
43.75,43.76,43.71,43.72,1900,2022-03-04 18:15:00,CG
43.76,43.81,43.69,43.69,3700,2022-03-04 18:16:00,CG
43.67,43.69,43.62,43.62,1512,2022-03-04 18:17:00,CG
43.6351,43.6351,43.57,43.59,3317,2022-03-04 18:18:00,CG
43.59,43.605,43.59,43.59,2412,2022-03-04 18:19:00,CG
43.6,43.6396,43.6,43.625,1450,2022-03-04 18:20:00,CG
43.64,43.68,43.64,43.68,1472,2022-03-04 18:21:00,CG
43.69,43.73,43.685,43.685,2329,2022-03-04 18:22:00,CG
43.66,43.66,43.64,43.64,8305,2022-03-04 18:23:00,CG
43.62,43.62,43.56,43.575,1400,2022-03-04 18:24:00,CG
43.56,43.6,43.56,43.57,6613,2022-03-04 18:25:00,CG
43.595,43.6497,43.595,43.6497,1408,2022-03-04 18:26:00,CG
43.63,43.63,43.59,43.63,2949,2022-03-04 18:27:00,CG
43.61,43.63,43.6,43.62,1839,2022-03-04 18:28:00,CG
43.61,43.66,43.58,43.62,16577,2022-03-04 18:29:00,CG
43.58,43.58,43.58,43.58,500,2022-03-04 18:30:00,CG
43.58,43.64,43.55,43.64,5408,2022-03-04 18:31:00,CG
43.63,43.63,43.62,43.62,200,2022-03-04 18:32:00,CG
43.64,43.64,43.61,43.625,700,2022-03-04 18:33:00,CG
43.61,43.625,43.61,43.62,700,2022-03-04 18:34:00,CG
43.58,43.67,43.58,43.649,3940,2022-03-04 18:35:00,CG
43.63,43.63,43.57,43.605,2883,2022-03-04 18:36:00,CG
43.59,43.59,43.59,43.59,100,2022-03-04 18:37:00,CG
43.57,43.62,43.57,43.62,1400,2022-03-04 18:38:00,CG
43.61,43.64,43.61,43.64,1089,2022-03-04 18:39:00,CG
43.64,43.64,43.53,43.54,2300,2022-03-04 18:40:00,CG
43.58,43.59,43.4924,43.5,2200,2022-03-04 18:41:00,CG
43.47,43.51,43.44,43.49,3794,2022-03-04 18:42:00,CG
43.431,43.431,43.43,43.43,200,2022-03-04 18:43:00,CG
43.43,43.4378,43.41,43.43,2419,2022-03-04 18:44:00,CG
43.41,43.41,43.37,43.385,5436,2022-03-04 18:45:00,CG
43.37,43.375,43.37,43.375,500,2022-03-04 18:46:00,CG
43.385,43.385,43.35,43.35,500,2022-03-04 18:47:00,CG
43.34,43.38,43.33,43.38,5825,2022-03-04 18:48:00,CG
43.365,43.365,43.365,43.365,326,2022-03-04 18:49:00,CG
43.37,43.38,43.37,43.37,3095,2022-03-04 18:50:00,CG
43.365,43.4,43.365,43.4,1700,2022-03-04 18:51:00,CG
43.38,43.39,43.375,43.375,933,2022-03-04 18:52:00,CG
43.37,43.37,43.37,43.37,100,2022-03-04 18:53:00,CG
43.36,43.385,43.36,43.385,3418,2022-03-04 18:54:00,CG
43.385,43.4,43.365,43.385,4776,2022-03-04 18:55:00,CG
43.37,43.37,43.345,43.36,2828,2022-03-04 18:56:00,CG
43.33,43.33,43.28,43.28,1100,2022-03-04 18:57:00,CG
43.28,43.325,43.27,43.325,2429,2022-03-04 18:58:00,CG
43.31,43.31,43.23,43.27,2226,2022-03-04 18:59:00,CG
43.27,43.335,43.27,43.32,1300,2022-03-04 19:00:00,CG
43.27,43.29,43.265,43.29,1300,2022-03-04 19:01:00,CG
43.28,43.28,43.275,43.28,700,2022-03-04 19:02:00,CG
43.225,43.27,43.225,43.27,1727,2022-03-04 19:03:00,CG
43.27,43.315,43.255,43.315,2997,2022-03-04 19:04:00,CG
43.32,43.34,43.3,43.3,1750,2022-03-04 19:05:00,CG
43.3,43.35,43.29,43.33,2370,2022-03-04 19:06:00,CG
43.3,43.31,43.28,43.28,700,2022-03-04 19:07:00,CG
43.285,43.3,43.285,43.3,837,2022-03-04 19:08:00,CG
43.29,43.32,43.28,43.32,2712,2022-03-04 19:09:00,CG
43.305,43.305,43.21,43.225,2400,2022-03-04 19:10:00,CG
43.21,43.24,43.2,43.24,1905,2022-03-04 19:11:00,CG
43.255,43.29,43.24,43.27,3500,2022-03-04 19:12:00,CG
43.26,43.26,43.23,43.23,722,2022-03-04 19:13:00,CG
43.25,43.25,43.21,43.21,700,2022-03-04 19:14:00,CG
43.26,43.26,43.15,43.15,2314,2022-03-04 19:15:00,CG
43.175,43.22,43.16,43.17,5734,2022-03-04 19:16:00,CG
43.19,43.19,43.16,43.16,1750,2022-03-04 19:17:00,CG
43.18,43.245,43.16,43.245,6254,2022-03-04 19:18:00,CG
43.24,43.27,43.23,43.26,1600,2022-03-04 19:19:00,CG
43.27,43.29,43.24,43.29,3603,2022-03-04 19:20:00,CG
43.28,43.35,43.27,43.3,2200,2022-03-04 19:21:00,CG
43.28,43.3,43.26,43.265,2000,2022-03-04 19:22:00,CG
43.26,43.4,43.23,43.4,4068,2022-03-04 19:23:00,CG
43.432,43.432,43.432,43.432,200,2022-03-04 19:24:00,CG
43.4,43.48,43.39,43.48,2319,2022-03-04 19:25:00,CG
43.47,43.47,43.45,43.45,1100,2022-03-04 19:26:00,CG
43.44,43.44,43.395,43.395,900,2022-03-04 19:27:00,CG
43.395,43.41,43.395,43.41,1300,2022-03-04 19:28:00,CG
43.41,43.47,43.35,43.47,4547,2022-03-04 19:29:00,CG
43.44,43.44,43.36,43.44,2100,2022-03-04 19:30:00,CG
43.4609,43.505,43.4609,43.505,1605,2022-03-04 19:31:00,CG
43.495,43.5,43.48,43.48,7337,2022-03-04 19:32:00,CG
43.475,43.475,43.43,43.43,600,2022-03-04 19:33:00,CG
43.43,43.47,43.43,43.47,3669,2022-03-04 19:34:00,CG
43.48,43.49,43.43,43.43,3669,2022-03-04 19:35:00,CG
43.41,43.44,43.41,43.43,1500,2022-03-04 19:36:00,CG
43.43,43.43,43.42,43.42,4700,2022-03-04 19:37:00,CG
43.44,43.44,43.43,43.43,2788,2022-03-04 19:38:00,CG
43.42,43.4311,43.405,43.41,1820,2022-03-04 19:39:00,CG
43.41,43.41,43.32,43.32,2535,2022-03-04 19:40:00,CG
43.325,43.34,43.32,43.33,3313,2022-03-04 19:41:00,CG
43.325,43.33,43.26,43.26,2798,2022-03-04 19:42:00,CG
43.24,43.25,43.21,43.235,2900,2022-03-04 19:43:00,CG
43.23,43.23,43.19,43.205,2214,2022-03-04 19:44:00,CG
43.21,43.24,43.17,43.23,3681,2022-03-04 19:45:00,CG
43.2445,43.2445,43.235,43.235,2900,2022-03-04 19:46:00,CG
43.22,43.24,43.2,43.24,1200,2022-03-04 19:47:00,CG
43.21,43.21,43.185,43.19,400,2022-03-04 19:48:00,CG
43.2097,43.2097,43.18,43.18,2208,2022-03-04 19:49:00,CG
43.19,43.24,43.16,43.21,30533,2022-03-04 19:50:00,CG
43.21,43.2858,43.21,43.26,2949,2022-03-04 19:51:00,CG
43.235,43.235,43.19,43.19,1499,2022-03-04 19:52:00,CG
43.16,43.1795,43.16,43.17,400,2022-03-04 19:53:00,CG
43.18,43.22,43.18,43.19,2600,2022-03-04 19:54:00,CG
43.2,43.23,43.2,43.2,3574,2022-03-04 19:55:00,CG
43.21,43.215,43.21,43.215,1011,2022-03-04 19:56:00,CG
43.2,43.2,43.18,43.185,400,2022-03-04 19:57:00,CG
43.17,43.1759,43.12,43.12,4149,2022-03-04 19:58:00,CG
43.1,43.12,43.086,43.11,3511,2022-03-04 19:59:00,CG
43.11,43.14,43.11,43.12,1714,2022-03-04 20:00:00,CG
43.11,43.12,43.1,43.12,1600,2022-03-04 20:01:00,CG
43.12,43.18,43.12,43.18,6924,2022-03-04 20:02:00,CG
43.23,43.23,43.2,43.23,3825,2022-03-04 20:03:00,CG
43.23,43.235,43.21,43.2171,1337,2022-03-04 20:04:00,CG
43.22,43.26,43.22,43.24,1850,2022-03-04 20:05:00,CG
43.26,43.26,43.21,43.22,3608,2022-03-04 20:06:00,CG
43.2,43.23,43.18,43.21,1750,2022-03-04 20:07:00,CG
43.225,43.24,43.22,43.23,500,2022-03-04 20:08:00,CG
43.23,43.245,43.23,43.2393,7400,2022-03-04 20:09:00,CG
43.24,43.26,43.23,43.255,4135,2022-03-04 20:10:00,CG
43.255,43.28,43.255,43.27,2300,2022-03-04 20:11:00,CG
43.26,43.27,43.235,43.24,2548,2022-03-04 20:12:00,CG
43.245,43.31,43.23,43.23,3725,2022-03-04 20:13:00,CG
43.23,43.24,43.18,43.18,1900,2022-03-04 20:14:00,CG
43.17,43.26,43.17,43.24,4982,2022-03-04 20:15:00,CG
43.25,43.25,43.22,43.22,2300,2022-03-04 20:16:00,CG
43.22,43.25,43.22,43.24,2705,2022-03-04 20:17:00,CG
43.25,43.27,43.22,43.23,2500,2022-03-04 20:18:00,CG
43.215,43.22,43.195,43.195,1788,2022-03-04 20:19:00,CG
43.18,43.19,43.14,43.16,3104,2022-03-04 20:20:00,CG
43.16,43.19,43.14,43.185,5335,2022-03-04 20:21:00,CG
43.17,43.18,43.15,43.15,3250,2022-03-04 20:22:00,CG
43.15,43.18,43.14,43.18,4418,2022-03-04 20:23:00,CG
43.185,43.195,43.13,43.165,5704,2022-03-04 20:24:00,CG
43.15,43.26,43.14,43.235,3608,2022-03-04 20:25:00,CG
43.24,43.29,43.24,43.275,1600,2022-03-04 20:26:00,CG
43.29,43.37,43.29,43.36,3957,2022-03-04 20:27:00,CG
43.37,43.43,43.37,43.41,5736,2022-03-04 20:28:00,CG
43.4,43.4,43.345,43.35,2634,2022-03-04 20:29:00,CG
43.34,43.39,43.34,43.37,6707,2022-03-04 20:30:00,CG
43.35,43.36,43.34,43.36,3036,2022-03-04 20:31:00,CG
43.36,43.38,43.33,43.37,3745,2022-03-04 20:32:00,CG
43.37,43.39,43.36,43.39,6414,2022-03-04 20:33:00,CG
43.39,43.39,43.36,43.385,3600,2022-03-04 20:34:00,CG
43.39,43.42,43.35,43.36,5613,2022-03-04 20:35:00,CG
43.34,43.34,43.225,43.225,10178,2022-03-04 20:36:00,CG
43.225,43.24,43.21,43.21,6420,2022-03-04 20:37:00,CG
43.2,43.24,43.175,43.2301,7653,2022-03-04 20:38:00,CG
43.23,43.24,43.205,43.24,8027,2022-03-04 20:39:00,CG
43.23,43.26,43.23,43.235,3134,2022-03-04 20:40:00,CG
43.22,43.32,43.22,43.31,7689,2022-03-04 20:41:00,CG
43.3,43.31,43.29,43.3,5962,2022-03-04 20:42:00,CG
43.3,43.32,43.28,43.3,8866,2022-03-04 20:43:00,CG
43.295,43.295,43.26,43.2692,5595,2022-03-04 20:44:00,CG
43.28,43.33,43.2501,43.33,10061,2022-03-04 20:45:00,CG
43.31,43.4,43.305,43.4,14822,2022-03-04 20:46:00,CG
43.41,43.44,43.27,43.3,11120,2022-03-04 20:47:00,CG
43.3,43.36,43.28,43.36,6070,2022-03-04 20:48:00,CG
43.35,43.39,43.33,43.36,5869,2022-03-04 20:49:00,CG
43.36,43.45,43.35,43.41,39149,2022-03-04 20:50:00,CG
43.41,43.41,43.33,43.38,12424,2022-03-04 20:51:00,CG
43.38,43.43,43.35,43.36,14894,2022-03-04 20:52:00,CG
43.36,43.435,43.35,43.43,16180,2022-03-04 20:53:00,CG
43.44,43.51,43.42,43.495,17636,2022-03-04 20:54:00,CG
43.51,43.64,43.48,43.61,19123,2022-03-04 20:55:00,CG
43.62,43.629,43.59,43.605,14237,2022-03-04 20:56:00,CG
43.6,43.61,43.57,43.6,33925,2022-03-04 20:57:00,CG
43.6,43.67,43.6,43.67,29650,2022-03-04 20:58:00,CG
43.665,43.6853,43.65,43.65,31110,2022-03-04 20:59:00,CG
43.64,43.64,43.64,43.64,970317,2022-03-04 21:00:00,CG
43.64,43.64,43.64,43.64,2094,2022-03-04 21:01:00,CG
43.64,43.64,43.64,43.64,835,2022-03-04 21:02:00,CG
43.64,43.64,43.64,43.64,5651,2022-03-04 21:08:00,CG
43.65,43.65,43.65,43.65,312,2022-03-04 21:25:00,CG
43.05,43.05,43.01,43.01,1923,2022-03-05 00:51:00,CG
43.0,43.0,43.0,43.0,100,2022-03-07 12:00:00,CG
43.0,43.0,43.0,43.0,100,2022-03-07 13:01:00,CG
43.54,43.73,43.3506,43.44,36526,2022-03-07 14:30:00,CG
43.37,43.42,43.2,43.22,2696,2022-03-07 14:31:00,CG
43.33,43.36,43.091,43.3016,20951,2022-03-07 14:32:00,CG
43.26,43.33,43.14,43.16,6159,2022-03-07 14:33:00,CG
43.02,43.1,43.02,43.03,1400,2022-03-07 14:34:00,CG
43.0737,43.12,43.01,43.07,6220,2022-03-07 14:35:00,CG
43.1,43.16,43.1,43.1,5406,2022-03-07 14:36:00,CG
43.06,43.17,43.06,43.09,2100,2022-03-07 14:37:00,CG
43.04,43.2699,43.04,43.08,5515,2022-03-07 14:38:00,CG
43.085,43.085,42.99,43.0,18337,2022-03-07 14:39:00,CG
43.08,43.09,42.93,42.97,2092,2022-03-07 14:40:00,CG
42.9653,43.03,42.75,42.79,9154,2022-03-07 14:41:00,CG
42.8,42.85,42.76,42.77,15215,2022-03-07 14:42:00,CG
42.78,42.8,42.66,42.705,14618,2022-03-07 14:43:00,CG
42.66,42.67,42.59,42.65,8218,2022-03-07 14:44:00,CG
42.65,42.725,42.61,42.725,4727,2022-03-07 14:45:00,CG
42.725,42.725,42.5,42.5,7959,2022-03-07 14:46:00,CG
42.48,42.48,42.26,42.26,3830,2022-03-07 14:47:00,CG
42.2501,42.35,42.2501,42.29,7928,2022-03-07 14:48:00,CG
42.26,42.335,42.26,42.29,5062,2022-03-07 14:49:00,CG
42.32,42.4,42.32,42.39,4971,2022-03-07 14:50:00,CG
42.41,42.45,42.27,42.36,8657,2022-03-07 14:51:00,CG
42.37,42.44,42.37,42.44,2623,2022-03-07 14:52:00,CG
42.425,42.43,42.34,42.43,2925,2022-03-07 14:53:00,CG
42.44,42.545,42.435,42.53,5564,2022-03-07 14:54:00,CG
42.555,42.63,42.555,42.63,8438,2022-03-07 14:55:00,CG
42.63,42.74,42.63,42.6975,10022,2022-03-07 14:56:00,CG
42.68,42.69,42.53,42.61,6196,2022-03-07 14:57:00,CG
42.58,42.58,42.44,42.55,2382,2022-03-07 14:58:00,CG
42.49,42.49,42.26,42.26,4202,2022-03-07 14:59:00,CG
42.23,42.33,42.2,42.3,7815,2022-03-07 15:00:00,CG
42.2807,42.41,42.2807,42.41,2950,2022-03-07 15:01:00,CG
42.3701,42.4,42.24,42.36,19044,2022-03-07 15:02:00,CG
42.36,42.43,42.36,42.41,5226,2022-03-07 15:03:00,CG
42.43,42.5,42.4,42.49,3836,2022-03-07 15:04:00,CG
42.46,42.495,42.444,42.46,1803,2022-03-07 15:05:00,CG
42.43,42.5,42.43,42.445,3930,2022-03-07 15:06:00,CG
42.43,42.5,42.43,42.47,27814,2022-03-07 15:07:00,CG
42.4401,42.49,42.4401,42.49,1700,2022-03-07 15:08:00,CG
42.51,42.57,42.5,42.5,5119,2022-03-07 15:09:00,CG
42.46,42.46,42.35,42.35,3912,2022-03-07 15:10:00,CG
42.35,42.39,42.31,42.315,2362,2022-03-07 15:11:00,CG
42.32,42.32,42.26,42.26,3006,2022-03-07 15:12:00,CG
42.28,42.31,42.28,42.28,1016,2022-03-07 15:13:00,CG
42.22,42.22,42.12,42.12,3665,2022-03-07 15:14:00,CG
42.18,42.32,42.18,42.32,3500,2022-03-07 15:15:00,CG
42.34,42.39,42.34,42.39,736,2022-03-07 15:16:00,CG
42.37,42.4,42.324,42.39,2757,2022-03-07 15:17:00,CG
42.38,42.3801,42.34,42.34,1200,2022-03-07 15:18:00,CG
42.4199,42.4199,42.36,42.38,10295,2022-03-07 15:19:00,CG
42.4,42.46,42.39,42.46,3882,2022-03-07 15:20:00,CG
42.5,42.5,42.415,42.44,968,2022-03-07 15:21:00,CG
42.44,42.44,42.39,42.39,2289,2022-03-07 15:22:00,CG
42.41,42.46,42.39,42.42,1636,2022-03-07 15:23:00,CG
42.414,42.414,42.26,42.26,1783,2022-03-07 15:24:00,CG
42.24,42.24,42.22,42.22,600,2022-03-07 15:25:00,CG
42.19,42.22,42.15,42.22,1612,2022-03-07 15:26:00,CG
42.2021,42.24,42.17,42.17,600,2022-03-07 15:27:00,CG
42.19,42.25,42.18,42.25,1903,2022-03-07 15:28:00,CG
42.25,42.25,42.17,42.17,2997,2022-03-07 15:29:00,CG
42.15,42.22,42.13,42.22,1200,2022-03-07 15:30:00,CG
42.23,42.26,42.21,42.26,1691,2022-03-07 15:31:00,CG
42.26,42.26,42.22,42.235,900,2022-03-07 15:32:00,CG
42.235,42.31,42.235,42.28,3666,2022-03-07 15:33:00,CG
42.28,42.28,42.26,42.26,300,2022-03-07 15:34:00,CG
42.28,42.3,42.25,42.27,1554,2022-03-07 15:35:00,CG
42.28,42.35,42.14,42.15,22335,2022-03-07 15:36:00,CG
42.095,42.11,42.06,42.1,2041,2022-03-07 15:37:00,CG
42.08,42.09,42.03,42.07,3056,2022-03-07 15:38:00,CG
42.06,42.09,42.035,42.035,1330,2022-03-07 15:39:00,CG
42.05,42.09,42.05,42.09,1300,2022-03-07 15:40:00,CG
42.0815,42.11,42.05,42.05,825,2022-03-07 15:41:00,CG
42.045,42.045,41.91,41.924,10214,2022-03-07 15:42:00,CG
41.93,41.975,41.86,41.87,2900,2022-03-07 15:43:00,CG
41.8717,41.899,41.86,41.899,12736,2022-03-07 15:44:00,CG
41.9,41.9,41.85,41.89,3950,2022-03-07 15:45:00,CG
41.86,41.88,41.83,41.83,1542,2022-03-07 15:46:00,CG
41.82,41.82,41.73,41.75,2455,2022-03-07 15:47:00,CG
41.755,41.76,41.72,41.73,4466,2022-03-07 15:48:00,CG
41.7008,41.77,41.69,41.77,13397,2022-03-07 15:49:00,CG
41.765,41.84,41.765,41.825,2195,2022-03-07 15:50:00,CG
41.82,41.865,41.8103,41.865,3200,2022-03-07 15:51:00,CG
41.88,41.9,41.87,41.895,1812,2022-03-07 15:52:00,CG
41.885,41.89,41.79,41.819,5680,2022-03-07 15:53:00,CG
41.825,41.825,41.755,41.755,2712,2022-03-07 15:54:00,CG
41.755,41.81,41.755,41.7796,1134,2022-03-07 15:55:00,CG
41.805,41.835,41.78,41.835,1429,2022-03-07 15:56:00,CG
41.85,41.8808,41.85,41.88,1200,2022-03-07 15:57:00,CG
41.86,41.9,41.8,41.89,2715,2022-03-07 15:58:00,CG
41.9,41.984,41.9,41.94,2960,2022-03-07 15:59:00,CG
41.955,41.955,41.82,41.82,2479,2022-03-07 16:00:00,CG
41.87,41.92,41.87,41.904,2223,2022-03-07 16:01:00,CG
41.92,41.96,41.92,41.96,4402,2022-03-07 16:02:00,CG
41.94,41.94,41.86,41.915,14255,2022-03-07 16:03:00,CG
41.94,42.01,41.915,42.01,3024,2022-03-07 16:04:00,CG
42.035,42.14,42.035,42.1,5728,2022-03-07 16:05:00,CG
42.155,42.2099,42.13,42.2099,4304,2022-03-07 16:06:00,CG
42.193,42.193,42.09,42.1,1441,2022-03-07 16:07:00,CG
42.1,42.1,42.01,42.01,1291,2022-03-07 16:08:00,CG
42.0,42.05,41.98,42.0356,1050,2022-03-07 16:09:00,CG
42.04,42.13,42.04,42.115,1998,2022-03-07 16:10:00,CG
42.08,42.11,42.07,42.095,2143,2022-03-07 16:11:00,CG
42.08,42.15,42.06,42.15,2305,2022-03-07 16:12:00,CG
42.14,42.14,42.0,42.0,1629,2022-03-07 16:13:00,CG
41.98,42.02,41.98,42.02,1386,2022-03-07 16:14:00,CG
42.01,42.08,42.01,42.05,2276,2022-03-07 16:15:00,CG
42.05,42.11,42.05,42.11,1403,2022-03-07 16:16:00,CG
42.125,42.125,42.05,42.05,605,2022-03-07 16:17:00,CG
42.11,42.17,42.1,42.17,1642,2022-03-07 16:18:00,CG
42.15,42.15,42.105,42.12,3674,2022-03-07 16:19:00,CG
42.12,42.12,42.08,42.11,1012,2022-03-07 16:20:00,CG
42.1,42.1,42.08,42.08,1134,2022-03-07 16:21:00,CG
42.07,42.24,42.06,42.15,15760,2022-03-07 16:22:00,CG
42.17,42.17,42.115,42.115,882,2022-03-07 16:23:00,CG
42.15,42.15,42.1,42.102,588,2022-03-07 16:24:00,CG
42.12,42.13,42.11,42.11,1600,2022-03-07 16:25:00,CG
42.11,42.12,42.1,42.11,1100,2022-03-07 16:26:00,CG
42.09,42.12,42.07,42.12,1978,2022-03-07 16:27:00,CG
42.1,42.1,42.03,42.03,1738,2022-03-07 16:28:00,CG
42.07,42.09,42.07,42.08,900,2022-03-07 16:29:00,CG
42.06,42.085,42.0,42.0,3408,2022-03-07 16:30:00,CG
42.01,42.01,41.94,41.945,1200,2022-03-07 16:31:00,CG
41.93,41.975,41.93,41.975,650,2022-03-07 16:32:00,CG
41.96,41.975,41.9075,41.9075,3784,2022-03-07 16:33:00,CG
41.915,41.94,41.87,41.87,2741,2022-03-07 16:34:00,CG
41.85,41.85,41.82,41.82,500,2022-03-07 16:35:00,CG
41.79,41.84,41.79,41.83,1959,2022-03-07 16:36:00,CG
41.83,41.83,41.79,41.825,2881,2022-03-07 16:37:00,CG
41.84,41.84,41.825,41.825,862,2022-03-07 16:38:00,CG
41.81,41.81,41.69,41.69,2062,2022-03-07 16:39:00,CG
41.68,41.7,41.62,41.7,5447,2022-03-07 16:40:00,CG
41.66,41.72,41.66,41.72,3018,2022-03-07 16:41:00,CG
41.75,41.77,41.74,41.75,10785,2022-03-07 16:42:00,CG
41.73,41.77,41.72,41.74,2283,2022-03-07 16:43:00,CG
41.76,41.765,41.715,41.715,2004,2022-03-07 16:44:00,CG
41.69,41.77,41.65,41.68,5259,2022-03-07 16:45:00,CG
41.67,41.78,41.67,41.78,4512,2022-03-07 16:46:00,CG
41.78,41.82,41.78,41.82,900,2022-03-07 16:47:00,CG
41.83,41.83,41.69,41.74,3488,2022-03-07 16:48:00,CG
41.73,41.76,41.73,41.76,3368,2022-03-07 16:49:00,CG
41.75,41.75,41.73,41.74,2724,2022-03-07 16:50:00,CG
41.72,41.72,41.59,41.66,3201,2022-03-07 16:51:00,CG
41.6373,41.64,41.6,41.62,2900,2022-03-07 16:52:00,CG
41.62,41.65,41.62,41.64,4397,2022-03-07 16:53:00,CG
41.62,41.62,41.58,41.58,200,2022-03-07 16:54:00,CG
41.52,41.52,41.4,41.41,6424,2022-03-07 16:55:00,CG
41.4,41.5,41.4,41.49,2650,2022-03-07 16:56:00,CG
41.48,41.48,41.42,41.47,9672,2022-03-07 16:57:00,CG
41.4344,41.49,41.43,41.45,2727,2022-03-07 16:58:00,CG
41.46,41.46,41.4106,41.455,2282,2022-03-07 16:59:00,CG
41.47,41.47,41.45,41.47,1050,2022-03-07 17:00:00,CG
41.43,41.43,41.38,41.415,2101,2022-03-07 17:01:00,CG
41.4,41.4,41.31,41.34,2168,2022-03-07 17:02:00,CG
41.34,41.42,41.34,41.42,1377,2022-03-07 17:03:00,CG
41.45,41.465,41.4249,41.4249,1612,2022-03-07 17:04:00,CG
41.43,41.4834,41.425,41.4834,1800,2022-03-07 17:05:00,CG
41.47,41.48,41.43,41.46,2773,2022-03-07 17:06:00,CG
41.444,41.45,41.42,41.42,645,2022-03-07 17:07:00,CG
41.4,41.4,41.3447,41.38,4377,2022-03-07 17:08:00,CG
41.389,41.389,41.36,41.36,1125,2022-03-07 17:09:00,CG
41.39,41.43,41.39,41.43,727,2022-03-07 17:10:00,CG
41.42,41.44,41.375,41.44,2175,2022-03-07 17:11:00,CG
41.445,41.52,41.445,41.5,3189,2022-03-07 17:12:00,CG
41.49,41.49,41.31,41.41,14588,2022-03-07 17:13:00,CG
41.3529,41.38,41.3484,41.38,5250,2022-03-07 17:14:00,CG
41.39,41.43,41.39,41.395,1816,2022-03-07 17:15:00,CG
41.38,41.405,41.37,41.37,1493,2022-03-07 17:16:00,CG
41.315,41.315,41.24,41.27,2241,2022-03-07 17:17:00,CG
41.26,41.27,41.22,41.24,4113,2022-03-07 17:18:00,CG
41.25,41.27,41.19,41.2,8718,2022-03-07 17:19:00,CG
41.24,41.26,41.24,41.26,452,2022-03-07 17:20:00,CG
41.24,41.244,41.22,41.244,1400,2022-03-07 17:21:00,CG
41.23,41.23,41.19,41.2,3158,2022-03-07 17:22:00,CG
41.21,41.225,41.19,41.225,1788,2022-03-07 17:23:00,CG
41.225,41.26,41.2,41.22,1766,2022-03-07 17:24:00,CG
41.23,41.26,41.22,41.26,2450,2022-03-07 17:25:00,CG
41.29,41.32,41.22,41.22,4107,2022-03-07 17:26:00,CG
41.22,41.235,41.185,41.185,3568,2022-03-07 17:27:00,CG
41.1953,41.1953,41.1953,41.1953,300,2022-03-07 17:28:00,CG
41.21,41.28,41.2001,41.28,3786,2022-03-07 17:29:00,CG
41.25,41.26,41.24,41.26,850,2022-03-07 17:30:00,CG
41.25,41.26,41.1907,41.1907,1972,2022-03-07 17:31:00,CG
41.22,41.24,41.22,41.24,700,2022-03-07 17:32:00,CG
41.23,41.24,41.18,41.24,11025,2022-03-07 17:33:00,CG
41.25,41.29,41.2321,41.2321,2619,2022-03-07 17:34:00,CG
41.26,41.27,41.245,41.27,3400,2022-03-07 17:35:00,CG
41.25,41.27,41.194,41.194,1141,2022-03-07 17:36:00,CG
41.17,41.19,41.11,41.19,2911,2022-03-07 17:37:00,CG
41.24,41.27,41.23,41.23,1289,2022-03-07 17:38:00,CG
41.23,41.25,41.22,41.22,6649,2022-03-07 17:39:00,CG
41.25,41.3,41.25,41.3,1546,2022-03-07 17:40:00,CG
41.34,41.34,41.3101,41.32,3500,2022-03-07 17:41:00,CG
41.35,41.38,41.34,41.3521,3328,2022-03-07 17:42:00,CG
41.38,41.38,41.32,41.35,2233,2022-03-07 17:43:00,CG
41.33,41.33,41.21,41.21,1064,2022-03-07 17:44:00,CG
41.225,41.26,41.21,41.26,4572,2022-03-07 17:45:00,CG
41.26,41.29,41.25,41.28,1547,2022-03-07 17:46:00,CG
41.26,41.26,41.2068,41.23,2401,2022-03-07 17:47:00,CG
41.26,41.29,41.23,41.265,4284,2022-03-07 17:48:00,CG
41.28,41.4,41.28,41.36,3291,2022-03-07 17:49:00,CG
41.36,41.47,41.3106,41.47,5145,2022-03-07 17:50:00,CG
41.45,41.45,41.38,41.38,800,2022-03-07 17:51:00,CG
41.3406,41.365,41.34,41.34,800,2022-03-07 17:52:00,CG
41.32,41.36,41.32,41.36,1227,2022-03-07 17:53:00,CG
41.34,41.34,41.3,41.31,1300,2022-03-07 17:54:00,CG
41.325,41.3596,41.28,41.35,10107,2022-03-07 17:55:00,CG
41.36,41.36,41.25,41.321,4318,2022-03-07 17:56:00,CG
41.29,41.31,41.23,41.24,10546,2022-03-07 17:57:00,CG
41.25,41.27,41.22,41.25,4801,2022-03-07 17:58:00,CG
41.27,41.27,41.24,41.24,3808,2022-03-07 17:59:00,CG
41.25,41.36,41.25,41.32,2644,2022-03-07 18:00:00,CG
41.33,41.35,41.31,41.34,4209,2022-03-07 18:01:00,CG
41.35,41.44,41.35,41.44,2200,2022-03-07 18:02:00,CG
41.44,41.46,41.39,41.39,3113,2022-03-07 18:03:00,CG
41.3,41.32,41.3,41.32,1176,2022-03-07 18:04:00,CG
41.315,41.355,41.315,41.33,1391,2022-03-07 18:05:00,CG
41.33,41.33,41.25,41.25,2533,2022-03-07 18:06:00,CG
41.28,41.33,41.24,41.32,3056,2022-03-07 18:07:00,CG
41.34,41.4,41.34,41.39,2922,2022-03-07 18:08:00,CG
41.36,41.41,41.3,41.38,7570,2022-03-07 18:09:00,CG
41.3896,41.3896,41.31,41.3258,3686,2022-03-07 18:10:00,CG
41.329,41.335,41.27,41.29,3039,2022-03-07 18:11:00,CG
41.295,41.35,41.295,41.33,2200,2022-03-07 18:12:00,CG
41.3404,41.3579,41.33,41.34,2148,2022-03-07 18:13:00,CG
41.36,41.36,41.28,41.295,1512,2022-03-07 18:14:00,CG
41.32,41.33,41.205,41.205,3601,2022-03-07 18:15:00,CG
41.2,41.24,41.2,41.22,1600,2022-03-07 18:16:00,CG
41.22,41.22,41.14,41.14,1200,2022-03-07 18:17:00,CG
41.15,41.19,41.14,41.18,6791,2022-03-07 18:18:00,CG
41.17,41.17,41.1,41.1,960,2022-03-07 18:19:00,CG
41.1,41.1,41.05,41.08,2300,2022-03-07 18:20:00,CG
41.09,41.11,41.07,41.07,1600,2022-03-07 18:21:00,CG
41.08,41.16,41.06,41.16,2419,2022-03-07 18:22:00,CG
41.13,41.18,41.12,41.12,4239,2022-03-07 18:23:00,CG
41.14,41.14,41.09,41.1,1500,2022-03-07 18:24:00,CG
41.11,41.18,41.11,41.18,4120,2022-03-07 18:25:00,CG
41.17,41.17,41.09,41.12,3442,2022-03-07 18:26:00,CG
41.125,41.17,41.11,41.16,5592,2022-03-07 18:27:00,CG
41.17,41.17,41.13,41.14,3550,2022-03-07 18:28:00,CG
41.16,41.21,41.16,41.2,1795,2022-03-07 18:29:00,CG
41.18,41.24,41.18,41.24,1000,2022-03-07 18:30:00,CG
41.25,41.255,41.245,41.245,536,2022-03-07 18:31:00,CG
41.241,41.28,41.241,41.28,1959,2022-03-07 18:32:00,CG
41.29,41.29,41.16,41.16,3177,2022-03-07 18:33:00,CG
41.21,41.21,41.09,41.13,1395,2022-03-07 18:34:00,CG
41.11,41.13,41.11,41.13,500,2022-03-07 18:35:00,CG
41.1499,41.15,41.11,41.12,1000,2022-03-07 18:36:00,CG
41.13,41.13,41.125,41.125,442,2022-03-07 18:37:00,CG
41.12,41.13,41.08,41.13,4212,2022-03-07 18:38:00,CG
41.16,41.27,41.16,41.22,7756,2022-03-07 18:39:00,CG
41.22,41.24,41.185,41.22,3870,2022-03-07 18:40:00,CG
41.24,41.26,41.181,41.22,2802,2022-03-07 18:41:00,CG
41.23,41.23,41.21,41.21,798,2022-03-07 18:42:00,CG
41.12,41.13,41.09,41.09,400,2022-03-07 18:43:00,CG
41.05,41.11,41.05,41.075,774,2022-03-07 18:44:00,CG
41.03,41.11,41.03,41.11,2712,2022-03-07 18:45:00,CG
41.12,41.1247,41.0891,41.095,1996,2022-03-07 18:46:00,CG
41.11,41.12,41.06,41.07,1500,2022-03-07 18:47:00,CG
41.04,41.12,41.04,41.12,2702,2022-03-07 18:48:00,CG
41.09,41.09,41.03,41.03,1259,2022-03-07 18:49:00,CG
41.03,41.08,41.01,41.01,5987,2022-03-07 18:50:00,CG
41.01,41.03,40.98,41.02,7532,2022-03-07 18:51:00,CG
41.03,41.05,40.99,41.0,3135,2022-03-07 18:52:00,CG
40.96,40.99,40.94,40.94,1533,2022-03-07 18:53:00,CG
40.97,40.97,40.9,40.91,1700,2022-03-07 18:54:00,CG
40.82,40.88,40.82,40.84,2500,2022-03-07 18:55:00,CG
40.85,40.86,40.77,40.77,2142,2022-03-07 18:56:00,CG
40.77,40.84,40.77,40.81,4734,2022-03-07 18:57:00,CG
40.78,40.79,40.775,40.79,1400,2022-03-07 18:58:00,CG
40.8,40.835,40.795,40.835,4454,2022-03-07 18:59:00,CG
40.85,40.9,40.82,40.9,5159,2022-03-07 19:00:00,CG
40.8877,40.9,40.8877,40.895,3290,2022-03-07 19:01:00,CG
40.87,40.9,40.865,40.9,1810,2022-03-07 19:02:00,CG
40.89,40.89,40.75,40.75,3934,2022-03-07 19:03:00,CG
40.77,40.775,40.71,40.71,3500,2022-03-07 19:04:00,CG
40.74,40.76,40.695,40.72,4100,2022-03-07 19:05:00,CG
40.7299,40.89,40.68,40.85,9391,2022-03-07 19:06:00,CG
40.84,40.84,40.8,40.8,400,2022-03-07 19:07:00,CG
40.815,40.89,40.8079,40.89,2300,2022-03-07 19:08:00,CG
40.88,40.88,40.84,40.84,983,2022-03-07 19:09:00,CG
40.8556,40.93,40.8556,40.93,7840,2022-03-07 19:10:00,CG
40.89,40.89,40.87,40.87,900,2022-03-07 19:11:00,CG
40.9,40.92,40.9,40.92,1400,2022-03-07 19:12:00,CG
40.92,40.96,40.9,40.9,2728,2022-03-07 19:13:00,CG
40.93,40.96,40.87,40.9,3385,2022-03-07 19:15:00,CG
40.91,40.98,40.89,40.98,5900,2022-03-07 19:16:00,CG
40.96,40.96,40.95,40.95,548,2022-03-07 19:17:00,CG
40.9796,40.9796,40.94,40.94,300,2022-03-07 19:18:00,CG
40.96,40.96,40.945,40.96,2500,2022-03-07 19:19:00,CG
40.94,40.95,40.87,40.89,2346,2022-03-07 19:20:00,CG
40.87,40.87,40.81,40.81,700,2022-03-07 19:21:00,CG
40.8,40.83,40.8,40.8,4672,2022-03-07 19:22:00,CG
40.8,40.8,40.7,40.72,1901,2022-03-07 19:23:00,CG
40.73,40.75,40.71,40.73,3271,2022-03-07 19:24:00,CG
40.74,40.76,40.74,40.7461,1989,2022-03-07 19:25:00,CG
40.74,40.76,40.73,40.75,2553,2022-03-07 19:26:00,CG
40.76,40.76,40.73,40.73,850,2022-03-07 19:27:00,CG
40.735,40.76,40.7,40.74,6273,2022-03-07 19:28:00,CG
40.73,40.74,40.7,40.7,700,2022-03-07 19:29:00,CG
40.68,40.72,40.67,40.72,2820,2022-03-07 19:30:00,CG
40.69,40.69,40.69,40.69,1350,2022-03-07 19:31:00,CG
40.685,40.7,40.66,40.66,2406,2022-03-07 19:32:00,CG
40.67,40.695,40.65,40.65,4166,2022-03-07 19:33:00,CG
40.641,40.641,40.641,40.641,100,2022-03-07 19:34:00,CG
40.64,40.69,40.64,40.67,2679,2022-03-07 19:35:00,CG
40.66,40.68,40.645,40.67,1700,2022-03-07 19:36:00,CG
40.66,40.66,40.625,40.65,2938,2022-03-07 19:37:00,CG
40.65,40.66,40.645,40.66,1650,2022-03-07 19:38:00,CG
40.66,40.7,40.655,40.7,4926,2022-03-07 19:39:00,CG
40.7,40.73,40.6939,40.715,2778,2022-03-07 19:40:00,CG
40.715,40.715,40.6,40.61,2592,2022-03-07 19:41:00,CG
40.63,40.63,40.585,40.585,940,2022-03-07 19:42:00,CG
40.57,40.57,40.52,40.5575,2281,2022-03-07 19:43:00,CG
40.56,40.59,40.5519,40.56,4895,2022-03-07 19:44:00,CG
40.53,40.57,40.53,40.55,1800,2022-03-07 19:45:00,CG
40.56,40.57,40.56,40.57,900,2022-03-07 19:46:00,CG
40.57,40.59,40.55,40.55,4006,2022-03-07 19:47:00,CG
40.57,40.6,40.565,40.59,2249,2022-03-07 19:48:00,CG
40.595,40.6,40.58,40.6,1503,2022-03-07 19:49:00,CG
40.59,40.6,40.57,40.581,1300,2022-03-07 19:50:00,CG
40.5983,40.5983,40.53,40.53,2793,2022-03-07 19:51:00,CG
40.51,40.54,40.47,40.49,6251,2022-03-07 19:52:00,CG
40.515,40.52,40.46,40.46,2537,2022-03-07 19:53:00,CG
40.45,40.49,40.45,40.46,5188,2022-03-07 19:54:00,CG
40.47,40.54,40.47,40.52,12905,2022-03-07 19:55:00,CG
40.5237,40.57,40.52,40.57,2729,2022-03-07 19:56:00,CG
40.58,40.59,40.53,40.53,1733,2022-03-07 19:57:00,CG
40.51,40.51,40.455,40.485,1300,2022-03-07 19:58:00,CG
40.47,40.5,40.47,40.49,1633,2022-03-07 19:59:00,CG
40.51,40.54,40.49,40.51,2300,2022-03-07 20:00:00,CG
40.49,40.49,40.41,40.41,1761,2022-03-07 20:01:00,CG
40.425,40.45,40.41,40.41,3478,2022-03-07 20:02:00,CG
40.4,40.51,40.395,40.46,8020,2022-03-07 20:03:00,CG
40.46,40.46,40.43,40.44,3838,2022-03-07 20:04:00,CG
40.45,40.59,40.405,40.57,124324,2022-03-07 20:05:00,CG
40.56,40.575,40.52,40.52,2626,2022-03-07 20:06:00,CG
40.55,40.58,40.52,40.53,1800,2022-03-07 20:07:00,CG
40.52,40.61,40.51,40.59,4698,2022-03-07 20:08:00,CG
40.57,40.6,40.555,40.57,2777,2022-03-07 20:09:00,CG
40.57,40.59,40.48,40.48,4229,2022-03-07 20:10:00,CG
40.495,40.53,40.47,40.525,103106,2022-03-07 20:11:00,CG
40.53,40.545,40.485,40.49,6392,2022-03-07 20:12:00,CG
40.5,40.55,40.49,40.54,9507,2022-03-07 20:13:00,CG
40.55,40.555,40.48,40.51,3002,2022-03-07 20:14:00,CG
40.505,40.5283,40.505,40.5283,4742,2022-03-07 20:15:00,CG
40.53,40.55,40.53,40.55,2444,2022-03-07 20:16:00,CG
40.52,40.52,40.49,40.4965,3606,2022-03-07 20:17:00,CG
40.51,40.63,40.502,40.615,10523,2022-03-07 20:18:00,CG
40.615,40.645,40.57,40.6,5344,2022-03-07 20:19:00,CG
40.61,40.72,40.59,40.72,7952,2022-03-07 20:20:00,CG
40.73,40.75,40.73,40.745,1778,2022-03-07 20:21:00,CG
40.72,40.91,40.7,40.87,31872,2022-03-07 20:22:00,CG
40.87,40.88,40.81,40.845,2300,2022-03-07 20:23:00,CG
40.86,40.95,40.86,40.9,9191,2022-03-07 20:24:00,CG
40.92,40.945,40.92,40.935,4352,2022-03-07 20:25:00,CG
40.95,40.96,40.91,40.92,8051,2022-03-07 20:26:00,CG
40.935,40.96,40.89,40.96,3500,2022-03-07 20:27:00,CG
40.94,40.96,40.905,40.96,2321,2022-03-07 20:28:00,CG
40.94,40.99,40.92,40.9601,6439,2022-03-07 20:29:00,CG
40.97,40.99,40.9,40.91,2876,2022-03-07 20:30:00,CG
40.86,40.92,40.82,40.84,4200,2022-03-07 20:31:00,CG
40.855,40.855,40.82,40.83,2100,2022-03-07 20:32:00,CG
40.83,40.83,40.78,40.79,5524,2022-03-07 20:33:00,CG
40.8,40.82,40.755,40.77,4391,2022-03-07 20:34:00,CG
40.775,40.775,40.67,40.73,8787,2022-03-07 20:35:00,CG
40.73,40.75,40.705,40.735,2805,2022-03-07 20:36:00,CG
40.745,40.78,40.74,40.765,3705,2022-03-07 20:37:00,CG
40.77,40.81,40.7211,40.79,5412,2022-03-07 20:38:00,CG
40.77,40.8,40.75,40.78,2900,2022-03-07 20:39:00,CG
40.75,40.78,40.72,40.77,2125,2022-03-07 20:40:00,CG
40.775,40.785,40.725,40.775,5447,2022-03-07 20:41:00,CG
40.79,40.79,40.76,40.78,2757,2022-03-07 20:42:00,CG
40.78,40.82,40.76,40.8,5583,2022-03-07 20:43:00,CG
40.795,40.825,40.78,40.82,2650,2022-03-07 20:44:00,CG
40.81,40.81,40.745,40.78,7278,2022-03-07 20:45:00,CG
40.775,40.785,40.72,40.74,7167,2022-03-07 20:46:00,CG
40.71,40.76,40.69,40.72,6788,2022-03-07 20:47:00,CG
40.7,40.745,40.67,40.71,16534,2022-03-07 20:48:00,CG
40.7,40.7,40.645,40.66,4461,2022-03-07 20:49:00,CG
40.62,40.75,40.61,40.75,11578,2022-03-07 20:50:00,CG
40.75,40.82,40.7046,40.71,9701,2022-03-07 20:51:00,CG
40.69,40.735,40.6799,40.715,9138,2022-03-07 20:52:00,CG
40.715,40.715,40.66,40.67,12408,2022-03-07 20:53:00,CG
40.68,40.69,40.61,40.62,13025,2022-03-07 20:54:00,CG
40.63,40.66,40.63,40.65,8690,2022-03-07 20:55:00,CG
40.65,40.68,40.635,40.64,13832,2022-03-07 20:56:00,CG
40.64,40.7,40.635,40.66,18933,2022-03-07 20:57:00,CG
40.67,40.71,40.665,40.675,21119,2022-03-07 20:58:00,CG
40.672,40.675,40.58,40.59,37430,2022-03-07 20:59:00,CG
40.59,40.59,40.59,40.59,169076,2022-03-07 21:00:00,CG
40.59,40.59,40.59,40.59,1079,2022-03-07 21:02:00,CG
40.58,40.58,40.58,40.58,287,2022-03-07 21:03:00,CG
40.57,40.57,40.57,40.57,177,2022-03-07 21:04:00,CG
40.55,40.55,40.55,40.55,340,2022-03-07 21:06:00,CG
40.59,40.59,40.59,40.59,39107,2022-03-07 21:29:00,CG
40.2,40.2,40.2,40.2,150,2022-03-07 21:44:00,CG
40.2,40.2,40.2,40.2,297,2022-03-07 21:45:00,CG
40.2,40.2,40.2,40.2,200,2022-03-07 21:48:00,CG
40.59,40.59,40.59,40.59,10335,2022-03-07 22:19:00,CG
40.1001,40.1001,40.1001,40.1001,270,2022-03-07 22:29:00,CG
40.1001,40.1001,40.1001,40.1001,300,2022-03-07 22:32:00,CG
41.21,41.22,41.19,41.22,2000,2022-03-08 14:29:00,CG
41.18,41.31,41.015,41.06,56705,2022-03-08 14:30:00,CG
41.0,41.0529,41.0,41.0529,2800,2022-03-08 14:31:00,CG
40.9101,40.93,40.825,40.83,3120,2022-03-08 14:32:00,CG
40.88,40.88,40.64,40.65,7796,2022-03-08 14:33:00,CG
40.64,40.71,40.56,40.62,9465,2022-03-08 14:34:00,CG
40.68,40.75,40.65,40.75,83185,2022-03-08 14:35:00,CG
40.77,40.79,40.53,40.61,6287,2022-03-08 14:36:00,CG
40.625,40.625,40.625,40.625,200,2022-03-08 14:37:00,CG
40.65,40.65,40.39,40.42,10206,2022-03-08 14:38:00,CG
40.45,40.55,40.29,40.29,4382,2022-03-08 14:39:00,CG
40.3,40.3,40.11,40.11,4355,2022-03-08 14:40:00,CG
40.22,40.35,40.17,40.35,14101,2022-03-08 14:41:00,CG
40.365,40.52,40.3614,40.47,5801,2022-03-08 14:42:00,CG
40.52,40.73,40.48,40.66,7116,2022-03-08 14:43:00,CG
40.65,40.685,40.3573,40.3573,38264,2022-03-08 14:44:00,CG
40.46,40.53,40.45,40.53,87353,2022-03-08 14:45:00,CG
40.64,40.73,40.64,40.715,800,2022-03-08 14:46:00,CG
40.73,40.77,40.64,40.75,29684,2022-03-08 14:47:00,CG
40.73,40.92,40.72,40.82,4267,2022-03-08 14:48:00,CG
40.85,40.85,40.66,40.66,3781,2022-03-08 14:49:00,CG
40.62,40.62,40.46,40.46,5105,2022-03-08 14:50:00,CG
40.49,40.56,40.48,40.521,8761,2022-03-08 14:51:00,CG
40.55,40.74,40.55,40.6071,9297,2022-03-08 14:52:00,CG
40.58,40.635,40.56,40.635,116287,2022-03-08 14:53:00,CG
40.61,40.62,40.57,40.62,4000,2022-03-08 14:54:00,CG
40.65,40.66,40.64,40.64,1490,2022-03-08 14:55:00,CG
40.66,40.72,40.66,40.69,2040,2022-03-08 14:56:00,CG
40.67,40.73,40.66,40.71,2061,2022-03-08 14:57:00,CG
40.75,40.8,40.73,40.76,3984,2022-03-08 14:58:00,CG
40.8,40.9,40.78,40.885,6687,2022-03-08 14:59:00,CG
40.85,40.89,40.75,40.75,2874,2022-03-08 15:00:00,CG
40.6929,40.6929,40.595,40.66,3508,2022-03-08 15:01:00,CG
40.6,40.6,40.51,40.51,810,2022-03-08 15:02:00,CG
40.545,40.61,40.54,40.555,3150,2022-03-08 15:03:00,CG
40.531,40.57,40.5,40.56,2805,2022-03-08 15:04:00,CG
40.55,40.575,40.48,40.5025,2412,2022-03-08 15:05:00,CG
40.5,40.5,40.4496,40.47,5862,2022-03-08 15:06:00,CG
40.44,40.44,40.405,40.405,456,2022-03-08 15:07:00,CG
40.36,40.44,40.34,40.394,5526,2022-03-08 15:08:00,CG
40.39,40.46,40.37,40.4,3808,2022-03-08 15:09:00,CG
40.37,40.42,40.33,40.41,35808,2022-03-08 15:10:00,CG
40.47,40.54,40.46,40.5,3400,2022-03-08 15:11:00,CG
40.5775,40.59,40.55,40.55,3195,2022-03-08 15:12:00,CG
40.53,40.59,40.5218,40.56,3016,2022-03-08 15:13:00,CG
40.52,40.57,40.505,40.55,3400,2022-03-08 15:14:00,CG
40.57,40.68,40.57,40.68,1165,2022-03-08 15:15:00,CG
40.71,40.8,40.71,40.761,1100,2022-03-08 15:16:00,CG
40.75,40.84,40.7,40.78,21916,2022-03-08 15:17:00,CG
40.81,40.81,40.65,40.72,4873,2022-03-08 15:18:00,CG
40.75,40.92,40.75,40.92,3394,2022-03-08 15:19:00,CG
40.99,41.01,40.96,40.985,7649,2022-03-08 15:20:00,CG
41.01,41.01,40.93,40.93,2495,2022-03-08 15:21:00,CG
40.93,41.0,40.86,40.89,6021,2022-03-08 15:22:00,CG
40.92,40.96,40.9,40.9243,3422,2022-03-08 15:23:00,CG
40.95,40.969,40.76,40.76,2479,2022-03-08 15:24:00,CG
40.74,40.77,40.64,40.64,1300,2022-03-08 15:25:00,CG
40.67,40.67,40.56,40.57,2027,2022-03-08 15:26:00,CG
40.56,40.62,40.49,40.5,7320,2022-03-08 15:27:00,CG
40.47,40.48,40.46,40.47,1900,2022-03-08 15:28:00,CG
40.5,40.53,40.36,40.36,11033,2022-03-08 15:29:00,CG
40.35,40.47,40.32,40.43,12239,2022-03-08 15:30:00,CG
40.39,40.4,40.35,40.35,2158,2022-03-08 15:31:00,CG
40.36,40.38,40.19,40.2,4489,2022-03-08 15:32:00,CG
40.18,40.18,40.14,40.15,749,2022-03-08 15:33:00,CG
40.15,40.15,40.05,40.05,2736,2022-03-08 15:34:00,CG
40.09,40.12,40.0501,40.1,4225,2022-03-08 15:35:00,CG
40.11,40.28,40.09,40.28,7751,2022-03-08 15:36:00,CG
40.29,40.29,40.22,40.22,6785,2022-03-08 15:37:00,CG
40.24,40.24,40.16,40.16,1401,2022-03-08 15:38:00,CG
40.13,40.22,40.12,40.21,2291,2022-03-08 15:39:00,CG
40.25,40.365,40.25,40.365,1916,2022-03-08 15:40:00,CG
40.39,40.42,40.36,40.4075,700,2022-03-08 15:41:00,CG
40.435,40.46,40.21,40.3,23879,2022-03-08 15:42:00,CG
40.29,40.34,40.29,40.34,3060,2022-03-08 15:43:00,CG
40.33,40.41,40.28,40.4,2561,2022-03-08 15:44:00,CG
40.38,40.38,40.34,40.37,1363,2022-03-08 15:45:00,CG
40.41,40.515,40.405,40.49,5469,2022-03-08 15:46:00,CG
40.5,40.5469,40.43,40.43,6791,2022-03-08 15:47:00,CG
40.49,40.52,40.47,40.49,9153,2022-03-08 15:48:00,CG
40.46,40.53,40.455,40.5,5463,2022-03-08 15:49:00,CG
40.5,40.5,40.41,40.41,1100,2022-03-08 15:50:00,CG
40.35,40.42,40.34,40.41,4778,2022-03-08 15:51:00,CG
40.38,40.38,40.255,40.3,3562,2022-03-08 15:52:00,CG
40.31,40.31,40.225,40.285,2418,2022-03-08 15:53:00,CG
40.285,40.52,40.285,40.41,20753,2022-03-08 15:54:00,CG
40.435,40.48,40.4,40.42,14435,2022-03-08 15:55:00,CG
40.4,40.4,40.285,40.29,8983,2022-03-08 15:56:00,CG
40.295,40.345,40.27,40.345,12157,2022-03-08 15:57:00,CG
40.34,40.4575,40.34,40.4,17143,2022-03-08 15:58:00,CG
40.4,40.43,40.34,40.39,9982,2022-03-08 15:59:00,CG
40.37,40.42,40.35,40.36,10923,2022-03-08 16:00:00,CG
40.38,40.46,40.36,40.46,2618,2022-03-08 16:01:00,CG
40.5,40.54,40.485,40.485,3361,2022-03-08 16:02:00,CG
40.46,40.53,40.45,40.53,3979,2022-03-08 16:03:00,CG
40.52,40.58,40.52,40.5411,2448,2022-03-08 16:04:00,CG
40.55,40.55,40.47,40.47,4371,2022-03-08 16:05:00,CG
40.45,40.45,40.31,40.31,1600,2022-03-08 16:06:00,CG
40.34,40.37,40.27,40.27,4115,2022-03-08 16:07:00,CG
40.29,40.37,40.29,40.35,4533,2022-03-08 16:08:00,CG
40.35,40.42,40.34,40.37,2942,2022-03-08 16:09:00,CG
40.4,40.56,40.395,40.56,2300,2022-03-08 16:10:00,CG
40.53,40.58,40.5,40.58,4337,2022-03-08 16:11:00,CG
40.54,40.54,40.54,40.54,100,2022-03-08 16:12:00,CG
40.47,40.52,40.44,40.4925,3506,2022-03-08 16:13:00,CG
40.52,40.57,40.52,40.57,1900,2022-03-08 16:14:00,CG
40.5757,40.59,40.52,40.52,3225,2022-03-08 16:15:00,CG
40.53,40.62,40.53,40.59,2725,2022-03-08 16:16:00,CG
40.6,40.6325,40.571,40.6225,18897,2022-03-08 16:17:00,CG
40.64,40.65,40.57,40.59,4110,2022-03-08 16:18:00,CG
40.57,40.6725,40.57,40.61,5618,2022-03-08 16:19:00,CG
40.63,40.66,40.53,40.53,1278,2022-03-08 16:20:00,CG
40.54,40.56,40.51,40.51,3100,2022-03-08 16:21:00,CG
40.51,40.51,40.485,40.49,1826,2022-03-08 16:22:00,CG
40.51,40.53,40.51,40.52,501,2022-03-08 16:23:00,CG
40.54,40.54,40.4824,40.4824,2625,2022-03-08 16:24:00,CG
40.49,40.55,40.48,40.5211,2904,2022-03-08 16:25:00,CG
40.48,40.49,40.4039,40.4039,3794,2022-03-08 16:26:00,CG
40.4093,40.46,40.4,40.45,4671,2022-03-08 16:27:00,CG
40.44,40.45,40.38,40.4,3464,2022-03-08 16:28:00,CG
40.34,40.38,40.33,40.37,1300,2022-03-08 16:29:00,CG
40.36,40.39,40.35,40.3772,2801,2022-03-08 16:30:00,CG
40.36,40.36,40.24,40.24,5192,2022-03-08 16:31:00,CG
40.21,40.21,40.2,40.2,270,2022-03-08 16:32:00,CG
40.17,40.194,40.17,40.1914,2050,2022-03-08 16:33:00,CG
40.18,40.28,40.18,40.27,700,2022-03-08 16:34:00,CG
40.27,40.28,40.27,40.275,1069,2022-03-08 16:35:00,CG
40.27,40.35,40.27,40.33,2582,2022-03-08 16:36:00,CG
40.32,40.32,40.31,40.32,500,2022-03-08 16:37:00,CG
40.3295,40.35,40.3295,40.34,1560,2022-03-08 16:38:00,CG
40.3,40.3,40.24,40.3,6221,2022-03-08 16:39:00,CG
40.3,40.43,40.3,40.4,1339,2022-03-08 16:40:00,CG
40.42,40.42,40.37,40.37,300,2022-03-08 16:41:00,CG
40.36,40.36,40.2704,40.3399,2794,2022-03-08 16:42:00,CG
40.32,40.34,40.32,40.33,1171,2022-03-08 16:43:00,CG
40.33,40.41,40.32,40.41,900,2022-03-08 16:44:00,CG
40.4,40.4,40.4,40.4,400,2022-03-08 16:45:00,CG
40.48,40.48,40.48,40.48,200,2022-03-08 16:46:00,CG
40.615,40.615,40.615,40.615,100,2022-03-08 16:48:00,CG
40.66,40.68,40.66,40.67,700,2022-03-08 16:49:00,CG
40.66,40.68,40.64,40.68,5437,2022-03-08 16:50:00,CG
40.73,40.73,40.72,40.72,300,2022-03-08 16:51:00,CG
40.69,40.7,40.69,40.7,3328,2022-03-08 16:52:00,CG
40.705,40.74,40.705,40.74,1766,2022-03-08 16:53:00,CG
40.74,40.772,40.74,40.74,2611,2022-03-08 16:54:00,CG
40.8,40.805,40.76,40.77,3291,2022-03-08 16:55:00,CG
40.77,40.77,40.75,40.765,739,2022-03-08 16:56:00,CG
40.76,40.77,40.74,40.77,8490,2022-03-08 16:57:00,CG
40.76,40.76,40.72,40.72,1700,2022-03-08 16:58:00,CG
40.72,40.72,40.7,40.7,994,2022-03-08 16:59:00,CG
40.72,40.72,40.7,40.7,785,2022-03-08 17:00:00,CG
40.72,40.91,40.72,40.9,600,2022-03-08 17:01:00,CG
40.95,40.98,40.95,40.98,600,2022-03-08 17:02:00,CG
41.0,41.07,41.0,41.07,700,2022-03-08 17:03:00,CG
41.04,41.07,41.01,41.01,2829,2022-03-08 17:04:00,CG
41.0401,41.05,41.0,41.05,5097,2022-03-08 17:05:00,CG
41.1,41.1245,41.1,41.1245,1250,2022-03-08 17:06:00,CG
41.15,41.21,41.15,41.185,2214,2022-03-08 17:07:00,CG
41.185,41.19,41.14,41.14,10248,2022-03-08 17:08:00,CG
41.1,41.13,41.1,41.13,1311,2022-03-08 17:09:00,CG
41.13,41.2,41.13,41.2,1914,2022-03-08 17:10:00,CG
41.235,41.3,41.235,41.3,1646,2022-03-08 17:11:00,CG
41.4,41.4,41.34,41.35,2400,2022-03-08 17:12:00,CG
41.355,41.41,41.355,41.41,1000,2022-03-08 17:13:00,CG
41.41,41.49,41.41,41.49,400,2022-03-08 17:14:00,CG
41.54,41.58,41.48,41.48,1590,2022-03-08 17:15:00,CG
41.51,41.69,41.495,41.66,3970,2022-03-08 17:16:00,CG
41.64,41.69,41.63,41.69,2542,2022-03-08 17:17:00,CG
41.68,41.79,41.64,41.78,2618,2022-03-08 17:18:00,CG
41.76,41.78,41.74,41.78,1000,2022-03-08 17:19:00,CG
41.86,41.88,41.77,41.77,8719,2022-03-08 17:20:00,CG
41.75,41.75,41.73,41.735,1500,2022-03-08 17:21:00,CG
41.75,41.75,41.611,41.625,4305,2022-03-08 17:22:00,CG
41.615,41.615,41.54,41.55,2150,2022-03-08 17:23:00,CG
41.6,41.61,41.565,41.565,2838,2022-03-08 17:24:00,CG
41.5,41.5,41.415,41.46,4090,2022-03-08 17:25:00,CG
41.44,41.44,41.43,41.43,400,2022-03-08 17:26:00,CG
41.44,41.45,41.44,41.45,200,2022-03-08 17:27:00,CG
41.485,41.58,41.485,41.57,1062,2022-03-08 17:28:00,CG
41.615,41.65,41.615,41.64,2236,2022-03-08 17:29:00,CG
41.61,41.625,41.57,41.57,1975,2022-03-08 17:30:00,CG
41.565,41.565,41.5,41.5,880,2022-03-08 17:31:00,CG
41.5,41.51,41.5,41.505,875,2022-03-08 17:32:00,CG
41.55,41.62,41.55,41.62,550,2022-03-08 17:33:00,CG
41.6116,41.68,41.6116,41.68,773,2022-03-08 17:34:00,CG
41.71,41.71,41.63,41.64,2441,2022-03-08 17:35:00,CG
41.62,41.69,41.59,41.67,1388,2022-03-08 17:36:00,CG
41.68,41.68,41.68,41.68,100,2022-03-08 17:37:00,CG
41.67,41.73,41.67,41.715,1921,2022-03-08 17:38:00,CG
41.725,41.74,41.71,41.74,905,2022-03-08 17:39:00,CG
41.71,41.71,41.64,41.64,1200,2022-03-08 17:40:00,CG
41.62,41.63,41.6198,41.6198,873,2022-03-08 17:41:00,CG
41.65,41.66,41.64,41.65,1410,2022-03-08 17:42:00,CG
41.7,41.75,41.68,41.75,2000,2022-03-08 17:43:00,CG
41.73,41.756,41.73,41.75,2583,2022-03-08 17:44:00,CG
41.74,41.74,41.67,41.735,8067,2022-03-08 17:45:00,CG
41.74,41.78,41.74,41.775,1400,2022-03-08 17:46:00,CG
41.75,41.75,41.73,41.73,300,2022-03-08 17:47:00,CG
41.68,41.68,41.64,41.64,3592,2022-03-08 17:48:00,CG
41.66,41.6907,41.631,41.631,800,2022-03-08 17:49:00,CG
41.63,41.63,41.51,41.51,1495,2022-03-08 17:50:00,CG
41.5,41.52,41.4403,41.52,8788,2022-03-08 17:51:00,CG
41.54,41.61,41.54,41.56,5504,2022-03-08 17:52:00,CG
41.58,41.66,41.58,41.65,1123,2022-03-08 17:53:00,CG
41.65,41.745,41.65,41.745,717,2022-03-08 17:54:00,CG
41.72,41.72,41.68,41.705,1645,2022-03-08 17:55:00,CG
41.66,41.66,41.617,41.617,401,2022-03-08 17:56:00,CG
41.64,41.7,41.64,41.64,1950,2022-03-08 17:57:00,CG
41.68,41.68,41.65,41.66,2946,2022-03-08 17:58:00,CG
41.63,41.66,41.62,41.62,1300,2022-03-08 17:59:00,CG
41.66,41.73,41.66,41.71,2453,2022-03-08 18:00:00,CG
41.72,41.78,41.72,41.76,2425,2022-03-08 18:01:00,CG
41.75,41.77,41.75,41.77,1168,2022-03-08 18:02:00,CG
41.8,41.82,41.79,41.8,811,2022-03-08 18:03:00,CG
41.8,41.81,41.8,41.81,824,2022-03-08 18:04:00,CG
41.82,41.83,41.79,41.79,3800,2022-03-08 18:05:00,CG
41.771,41.81,41.77,41.81,1426,2022-03-08 18:06:00,CG
41.83,41.84,41.83,41.84,285,2022-03-08 18:07:00,CG
41.86,41.89,41.86,41.87,880,2022-03-08 18:08:00,CG
41.87,41.9,41.87,41.885,300,2022-03-08 18:09:00,CG
41.9,41.9,41.861,41.9,2050,2022-03-08 18:10:00,CG
41.92,41.92,41.88,41.89,1900,2022-03-08 18:11:00,CG
41.91,41.93,41.91,41.93,429,2022-03-08 18:12:00,CG
41.941,41.97,41.9,41.92,8817,2022-03-08 18:13:00,CG
41.93,41.95,41.87,41.885,2468,2022-03-08 18:14:00,CG
41.9,41.94,41.895,41.93,1100,2022-03-08 18:15:00,CG
41.946,41.95,41.925,41.95,1008,2022-03-08 18:16:00,CG
41.98,42.015,41.9771,41.9771,900,2022-03-08 18:17:00,CG
41.97,41.97,41.87,41.94,2358,2022-03-08 18:18:00,CG
41.94,41.965,41.884,41.965,3500,2022-03-08 18:19:00,CG
41.95,41.9625,41.88,41.88,900,2022-03-08 18:20:00,CG
41.88,41.88,41.82,41.82,1100,2022-03-08 18:21:00,CG
41.794,41.8,41.76,41.76,600,2022-03-08 18:22:00,CG
41.75,41.75,41.68,41.68,2119,2022-03-08 18:23:00,CG
41.7,41.71,41.65,41.65,3416,2022-03-08 18:24:00,CG
41.65,41.65,41.57,41.58,1800,2022-03-08 18:25:00,CG
41.505,41.505,41.49,41.495,1326,2022-03-08 18:26:00,CG
41.47,41.47,41.42,41.425,600,2022-03-08 18:27:00,CG
41.45,41.46,41.38,41.4,3595,2022-03-08 18:28:00,CG
41.405,41.405,41.34,41.34,900,2022-03-08 18:29:00,CG
41.35,41.35,41.26,41.26,1650,2022-03-08 18:30:00,CG
41.16,41.16,41.14,41.145,600,2022-03-08 18:31:00,CG
41.0906,41.105,41.04,41.105,1897,2022-03-08 18:32:00,CG
41.12,41.2,41.12,41.2,1900,2022-03-08 18:33:00,CG
41.17,41.18,41.12,41.13,3310,2022-03-08 18:34:00,CG
41.13,41.18,41.13,41.1359,2116,2022-03-08 18:35:00,CG
41.185,41.185,41.15,41.17,1329,2022-03-08 18:36:00,CG
41.15,41.17,41.115,41.15,1400,2022-03-08 18:37:00,CG
41.14,41.19,41.11,41.15,1649,2022-03-08 18:38:00,CG
41.17,41.23,41.15,41.225,1818,2022-03-08 18:39:00,CG
41.255,41.28,41.255,41.26,1890,2022-03-08 18:40:00,CG
41.28,41.28,41.1,41.1429,3233,2022-03-08 18:41:00,CG
41.19,41.245,41.16,41.17,1500,2022-03-08 18:42:00,CG
41.21,41.24,41.18,41.215,5403,2022-03-08 18:43:00,CG
41.18,41.21,41.14,41.2,7186,2022-03-08 18:44:00,CG
41.17,41.17,41.14,41.14,300,2022-03-08 18:45:00,CG
41.13,41.18,41.13,41.17,900,2022-03-08 18:46:00,CG
41.2594,41.2594,41.2232,41.2232,461,2022-03-08 18:47:00,CG
41.22,41.22,41.071,41.11,2879,2022-03-08 18:48:00,CG
41.11,41.14,41.1,41.14,1837,2022-03-08 18:49:00,CG
41.11,41.13,41.11,41.13,2078,2022-03-08 18:50:00,CG
41.14,41.14,41.08,41.08,1600,2022-03-08 18:51:00,CG
41.1227,41.145,41.1028,41.1028,1250,2022-03-08 18:52:00,CG
41.12,41.135,41.1,41.11,600,2022-03-08 18:53:00,CG
41.0,41.03,40.975,41.03,3657,2022-03-08 18:54:00,CG
41.01,41.02,40.9913,41.01,3207,2022-03-08 18:55:00,CG
41.02,41.04,41.02,41.025,800,2022-03-08 18:56:00,CG
41.04,41.046,40.99,40.99,2480,2022-03-08 18:57:00,CG
40.96,40.98,40.931,40.97,5019,2022-03-08 18:58:00,CG
40.99,41.02,40.98,40.995,1435,2022-03-08 18:59:00,CG
40.98,40.9837,40.92,40.94,2000,2022-03-08 19:00:00,CG
40.8675,40.8675,40.79,40.8,1800,2022-03-08 19:01:00,CG
40.77,40.81,40.735,40.79,1971,2022-03-08 19:02:00,CG
40.77,40.79,40.76,40.79,2556,2022-03-08 19:03:00,CG
40.81,40.84,40.755,40.84,2400,2022-03-08 19:04:00,CG
40.81,40.84,40.8,40.84,2344,2022-03-08 19:05:00,CG
40.91,40.91,40.91,40.91,100,2022-03-08 19:06:00,CG
40.95,41.03,40.935,41.01,2588,2022-03-08 19:07:00,CG
41.01,41.01,40.89,40.89,1300,2022-03-08 19:08:00,CG
40.95,40.95,40.945,40.95,456,2022-03-08 19:09:00,CG
40.95,40.96,40.93,40.93,722,2022-03-08 19:10:00,CG
40.93,40.93,40.89,40.89,1000,2022-03-08 19:11:00,CG
40.9,40.9,40.76,40.78,3271,2022-03-08 19:12:00,CG
40.8,40.98,40.8,40.94,3228,2022-03-08 19:13:00,CG
40.92,41.0,40.92,40.92,1594,2022-03-08 19:14:00,CG
40.89,40.89,40.82,40.85,1016,2022-03-08 19:15:00,CG
40.9,40.9,40.86,40.9,800,2022-03-08 19:16:00,CG
40.91,40.91,40.875,40.875,300,2022-03-08 19:17:00,CG
40.94,40.94,40.94,40.94,500,2022-03-08 19:18:00,CG
40.971,40.98,40.925,40.93,3100,2022-03-08 19:19:00,CG
40.92,40.95,40.92,40.93,1131,2022-03-08 19:20:00,CG
40.895,40.895,40.84,40.87,2229,2022-03-08 19:21:00,CG
40.85,40.85,40.745,40.745,802,2022-03-08 19:22:00,CG
40.77,41.01,40.77,40.97,3531,2022-03-08 19:23:00,CG
41.01,41.01,41.01,41.01,100,2022-03-08 19:24:00,CG
40.96,41.01,40.94,41.01,1395,2022-03-08 19:25:00,CG
41.0,41.06,41.0,41.06,1919,2022-03-08 19:26:00,CG
41.09,41.17,41.09,41.15,1062,2022-03-08 19:27:00,CG
41.15,41.15,41.14,41.14,2575,2022-03-08 19:28:00,CG
41.12,41.16,41.1,41.15,4237,2022-03-08 19:29:00,CG
41.12,41.25,41.12,41.22,1832,2022-03-08 19:30:00,CG
41.16,41.16,41.16,41.16,100,2022-03-08 19:31:00,CG
41.19,41.19,41.12,41.145,2500,2022-03-08 19:32:00,CG
41.12,41.12,41.03,41.03,1377,2022-03-08 19:33:00,CG
40.995,41.03,40.995,41.03,1743,2022-03-08 19:34:00,CG
41.02,41.12,41.02,41.12,2300,2022-03-08 19:35:00,CG
41.07,41.07,41.0245,41.03,800,2022-03-08 19:36:00,CG
41.04,41.226,41.04,41.226,1900,2022-03-08 19:37:00,CG
41.17,41.17,41.17,41.17,400,2022-03-08 19:38:00,CG
41.155,41.155,41.085,41.14,2653,2022-03-08 19:39:00,CG
41.145,41.18,41.1,41.13,1899,2022-03-08 19:40:00,CG
41.14,41.14,41.081,41.081,1070,2022-03-08 19:41:00,CG
41.08,41.1,41.04,41.1,1937,2022-03-08 19:42:00,CG
41.14,41.15,41.105,41.15,2600,2022-03-08 19:43:00,CG
41.169,41.17,41.15,41.15,654,2022-03-08 19:44:00,CG
41.17,41.28,41.1675,41.24,5332,2022-03-08 19:45:00,CG
41.23,41.2809,41.225,41.2809,1170,2022-03-08 19:46:00,CG
41.25,41.27,41.24,41.27,500,2022-03-08 19:47:00,CG
41.3,41.33,41.27,41.325,3366,2022-03-08 19:48:00,CG
41.34,41.3625,41.34,41.3625,3304,2022-03-08 19:49:00,CG
41.37,41.379,41.34,41.355,546,2022-03-08 19:50:00,CG
41.37,41.4031,41.315,41.315,2767,2022-03-08 19:51:00,CG
41.32,41.335,41.3,41.3,400,2022-03-08 19:52:00,CG
41.2883,41.2883,41.24,41.27,1942,2022-03-08 19:53:00,CG
41.26,41.265,41.22,41.22,1300,2022-03-08 19:54:00,CG
41.23,41.31,41.22,41.31,2500,2022-03-08 19:55:00,CG
41.31,41.31,41.27,41.29,1500,2022-03-08 19:56:00,CG
41.3,41.3,41.24,41.24,1239,2022-03-08 19:57:00,CG
41.26,41.27,41.23,41.23,1400,2022-03-08 19:58:00,CG
41.201,41.32,41.201,41.32,4388,2022-03-08 19:59:00,CG
41.32,41.35,41.3,41.335,700,2022-03-08 20:00:00,CG
41.3,41.325,41.27,41.28,900,2022-03-08 20:01:00,CG
41.3,41.44,41.3,41.44,4958,2022-03-08 20:02:00,CG
41.45,41.48,41.45,41.48,900,2022-03-08 20:03:00,CG
41.5,41.61,41.5,41.585,2384,2022-03-08 20:04:00,CG
41.58,41.6,41.545,41.545,1732,2022-03-08 20:05:00,CG
41.595,41.595,41.57,41.57,200,2022-03-08 20:06:00,CG
41.6,41.6,41.515,41.59,11062,2022-03-08 20:07:00,CG
41.585,41.6,41.51,41.53,2900,2022-03-08 20:08:00,CG
41.54,41.565,41.53,41.5506,2686,2022-03-08 20:09:00,CG
41.56,41.56,41.48,41.481,1785,2022-03-08 20:10:00,CG
41.48,41.48,41.42,41.42,2401,2022-03-08 20:11:00,CG
41.42,41.45,41.39,41.44,1980,2022-03-08 20:12:00,CG
41.42,41.425,41.35,41.38,2641,2022-03-08 20:13:00,CG
41.38,41.495,41.37,41.49,6279,2022-03-08 20:14:00,CG
41.5,41.525,41.5,41.525,1034,2022-03-08 20:15:00,CG
41.5,41.52,41.47,41.5,3223,2022-03-08 20:16:00,CG
41.51,41.53,41.48,41.48,2506,2022-03-08 20:17:00,CG
41.48,41.515,41.45,41.515,5791,2022-03-08 20:18:00,CG
41.525,41.525,41.46,41.48,3715,2022-03-08 20:19:00,CG
41.47,41.47,41.37,41.37,6190,2022-03-08 20:20:00,CG
41.3553,41.375,41.32,41.33,7164,2022-03-08 20:21:00,CG
41.34,41.35,41.311,41.33,4308,2022-03-08 20:22:00,CG
41.33,41.33,41.31,41.321,4470,2022-03-08 20:23:00,CG
41.34,41.42,41.335,41.415,2916,2022-03-08 20:24:00,CG
41.42,41.42,41.37,41.38,2259,2022-03-08 20:25:00,CG
41.39,41.39,41.37,41.385,2199,2022-03-08 20:26:00,CG
41.38,41.38,41.33,41.36,3110,2022-03-08 20:27:00,CG
41.34,41.34,41.2,41.2,2664,2022-03-08 20:28:00,CG
41.23,41.23,41.15,41.16,2160,2022-03-08 20:29:00,CG
41.16,41.19,41.1,41.111,5304,2022-03-08 20:30:00,CG
41.11,41.15,41.1,41.15,6095,2022-03-08 20:31:00,CG
41.165,41.2003,41.165,41.17,1959,2022-03-08 20:32:00,CG
41.15,41.15,41.07,41.125,4914,2022-03-08 20:33:00,CG
41.11,41.1609,41.08,41.1609,2954,2022-03-08 20:34:00,CG
41.14,41.19,41.12,41.15,5892,2022-03-08 20:35:00,CG
41.14,41.16,41.11,41.14,5793,2022-03-08 20:36:00,CG
41.11,41.26,41.11,41.25,9583,2022-03-08 20:37:00,CG
41.24,41.29,41.24,41.27,2910,2022-03-08 20:38:00,CG
41.28,41.31,41.27,41.31,2865,2022-03-08 20:39:00,CG
41.3599,41.3599,41.31,41.335,5938,2022-03-08 20:40:00,CG
41.34,41.41,41.33,41.3688,5376,2022-03-08 20:41:00,CG
41.35,41.36,41.18,41.26,53377,2022-03-08 20:42:00,CG
41.25,41.28,41.2,41.2,8340,2022-03-08 20:43:00,CG
41.19,41.19,41.131,41.134,6309,2022-03-08 20:44:00,CG
41.131,41.2,41.13,41.14,7692,2022-03-08 20:45:00,CG
41.14,41.2,41.12,41.2,8600,2022-03-08 20:46:00,CG
41.21,41.27,41.18,41.18,6723,2022-03-08 20:47:00,CG
41.2,41.21,41.13,41.205,7710,2022-03-08 20:48:00,CG
41.21,41.24,41.13,41.16,6760,2022-03-08 20:49:00,CG
41.13,41.24,41.13,41.19,7586,2022-03-08 20:50:00,CG
41.2,41.26,41.16,41.25,13885,2022-03-08 20:51:00,CG
41.255,41.36,41.25,41.34,12145,2022-03-08 20:52:00,CG
41.33,41.33,41.2,41.2,8534,2022-03-08 20:53:00,CG
41.21,41.25,41.16,41.16,19197,2022-03-08 20:54:00,CG
41.14,41.17,41.01,41.03,23240,2022-03-08 20:55:00,CG
41.02,41.08,40.96,41.04,19684,2022-03-08 20:56:00,CG
41.05,41.08,41.02,41.06,32783,2022-03-08 20:57:00,CG
41.06,41.06,40.995,41.03,15360,2022-03-08 20:58:00,CG
41.02,41.06,41.0,41.01,25609,2022-03-08 20:59:00,CG
41.01,41.01,41.01,41.01,858312,2022-03-08 21:00:00,CG
41.01,41.01,41.01,41.01,5375,2022-03-08 21:03:00,CG
41.01,41.01,41.01,41.01,3268,2022-03-08 21:05:00,CG
41.01,41.01,41.01,41.01,2745,2022-03-08 21:07:00,CG
41.01,41.01,41.01,41.01,10517,2022-03-08 21:34:00,CG
42.22,42.22,42.22,42.22,108,2022-03-09 13:02:00,CG
42.4,42.4,42.4,42.4,1010,2022-03-09 14:12:00,CG
42.85,43.26,42.65,43.09,35002,2022-03-09 14:30:00,CG
43.11,43.23,43.0,43.23,2177,2022-03-09 14:31:00,CG
43.085,43.36,42.94,43.36,2116,2022-03-09 14:32:00,CG
43.21,43.23,43.03,43.03,8415,2022-03-09 14:33:00,CG
42.96,43.09,42.93,42.93,1986,2022-03-09 14:34:00,CG
42.985,42.985,42.83,42.87,5288,2022-03-09 14:35:00,CG
42.84,43.19,42.825,43.01,20307,2022-03-09 14:36:00,CG
42.95,43.0,42.91,43.0,2205,2022-03-09 14:37:00,CG
43.01,43.02,42.99,42.99,334,2022-03-09 14:38:00,CG
42.94,42.962,42.88,42.88,500,2022-03-09 14:39:00,CG
42.85,42.9,42.8,42.82,3256,2022-03-09 14:40:00,CG
42.8869,42.97,42.8869,42.905,1631,2022-03-09 14:41:00,CG
42.88,42.99,42.84,42.95,5505,2022-03-09 14:42:00,CG
42.98,42.98,42.72,42.72,8585,2022-03-09 14:43:00,CG
42.71,42.739,42.63,42.635,6212,2022-03-09 14:44:00,CG
42.69,42.93,42.635,42.91,3400,2022-03-09 14:45:00,CG
42.9562,42.9562,42.89,42.9,4125,2022-03-09 14:46:00,CG
42.88,42.885,42.82,42.88,800,2022-03-09 14:47:00,CG
42.9,42.94,42.69,42.69,12412,2022-03-09 14:48:00,CG
42.78,42.8,42.71,42.76,2374,2022-03-09 14:49:00,CG
42.79,42.79,42.75,42.75,2194,2022-03-09 14:50:00,CG
42.7,42.7,42.66,42.685,1900,2022-03-09 14:51:00,CG
42.675,42.675,42.52,42.52,1807,2022-03-09 14:52:00,CG
42.55,42.58,42.51,42.51,13990,2022-03-09 14:53:00,CG
42.53,42.6,42.48,42.55,10000,2022-03-09 14:54:00,CG
42.62,42.66,42.61,42.64,2700,2022-03-09 14:55:00,CG
42.675,42.755,42.675,42.755,900,2022-03-09 14:56:00,CG
42.78,42.9224,42.78,42.88,2160,2022-03-09 14:57:00,CG
42.87,42.87,42.8,42.8,500,2022-03-09 14:58:00,CG
42.79,42.79,42.78,42.785,1000,2022-03-09 14:59:00,CG
42.82,42.82,42.745,42.79,800,2022-03-09 15:00:00,CG
42.8,42.935,42.8,42.935,1854,2022-03-09 15:01:00,CG
42.94,43.04,42.91,43.04,8830,2022-03-09 15:02:00,CG
43.05,43.08,42.99,42.99,1861,2022-03-09 15:03:00,CG
42.97,42.97,42.93,42.93,1800,2022-03-09 15:04:00,CG
42.88,42.88,42.88,42.88,210,2022-03-09 15:05:00,CG
42.95,42.98,42.88,42.9,2575,2022-03-09 15:06:00,CG
42.9,42.91,42.9,42.91,400,2022-03-09 15:07:00,CG
42.87,42.91,42.83,42.91,13244,2022-03-09 15:08:00,CG
42.9,42.93,42.88,42.88,2442,2022-03-09 15:09:00,CG
42.87,42.9243,42.87,42.9243,1200,2022-03-09 15:10:00,CG
42.9,42.9,42.83,42.83,850,2022-03-09 15:11:00,CG
42.87,42.9,42.87,42.9,2019,2022-03-09 15:12:00,CG
42.905,42.96,42.905,42.96,1300,2022-03-09 15:13:00,CG
43.01,43.02,43.01,43.02,885,2022-03-09 15:14:00,CG
43.04,43.09,42.9,42.9,3003,2022-03-09 15:15:00,CG
42.85,42.85,42.84,42.85,1391,2022-03-09 15:16:00,CG
42.81,42.95,42.81,42.95,2145,2022-03-09 15:17:00,CG
43.04,43.18,43.04,43.18,8108,2022-03-09 15:18:00,CG
43.17,43.19,43.07,43.09,3262,2022-03-09 15:19:00,CG
43.09,43.17,43.01,43.01,5489,2022-03-09 15:20:00,CG
43.06,43.13,43.06,43.12,2800,2022-03-09 15:21:00,CG
43.11,43.14,43.062,43.14,3999,2022-03-09 15:22:00,CG
43.125,43.18,43.125,43.18,1212,2022-03-09 15:23:00,CG
43.18,43.23,43.15,43.22,4772,2022-03-09 15:24:00,CG
43.25,43.25,43.14,43.15,1500,2022-03-09 15:25:00,CG
43.14,43.14,43.055,43.0875,2793,2022-03-09 15:26:00,CG
43.09,43.11,43.09,43.1,400,2022-03-09 15:27:00,CG
43.13,43.19,43.13,43.16,500,2022-03-09 15:28:00,CG
43.18,43.18,43.13,43.13,1277,2022-03-09 15:29:00,CG
43.17,43.19,43.08,43.11,6124,2022-03-09 15:30:00,CG
43.12,43.165,43.09,43.09,5441,2022-03-09 15:31:00,CG
43.08,43.12,43.06,43.11,1600,2022-03-09 15:32:00,CG
43.1,43.1,43.05,43.06,2274,2022-03-09 15:33:00,CG
43.08,43.15,43.08,43.145,5552,2022-03-09 15:34:00,CG
43.17,43.22,43.15,43.16,9809,2022-03-09 15:35:00,CG
43.15,43.19,43.12,43.12,3446,2022-03-09 15:36:00,CG
43.16,43.16,43.07,43.11,2517,2022-03-09 15:37:00,CG
43.13,43.195,43.13,43.1875,4248,2022-03-09 15:38:00,CG
43.21,43.23,43.19,43.19,3723,2022-03-09 15:39:00,CG
43.21,43.23,43.19,43.23,2617,2022-03-09 15:40:00,CG
43.2,43.21,43.14,43.14,1758,2022-03-09 15:41:00,CG
43.15,43.15,43.0801,43.1,3127,2022-03-09 15:42:00,CG
43.12,43.14,43.085,43.11,2827,2022-03-09 15:43:00,CG
43.1295,43.1295,43.02,43.02,12485,2022-03-09 15:44:00,CG
43.06,43.11,43.04,43.11,1078,2022-03-09 15:45:00,CG
43.1,43.11,43.1,43.11,900,2022-03-09 15:46:00,CG
43.125,43.125,43.09,43.09,1858,2022-03-09 15:47:00,CG
43.09,43.15,43.07,43.13,2200,2022-03-09 15:48:00,CG
43.17,43.17,43.17,43.17,500,2022-03-09 15:49:00,CG
43.175,43.23,43.175,43.22,3162,2022-03-09 15:50:00,CG
43.21,43.23,43.195,43.2,2412,2022-03-09 15:51:00,CG
43.2,43.21,43.19,43.19,1364,2022-03-09 15:52:00,CG
43.22,43.26,43.19,43.2,4575,2022-03-09 15:53:00,CG
43.17,43.21,43.11,43.21,2100,2022-03-09 15:54:00,CG
43.21,43.24,43.2,43.22,1034,2022-03-09 15:55:00,CG
43.22,43.22,43.21,43.21,1800,2022-03-09 15:56:00,CG
43.23,43.23,43.2,43.2,1790,2022-03-09 15:57:00,CG
43.22,43.32,43.22,43.32,1550,2022-03-09 15:58:00,CG
43.34,43.34,43.285,43.285,1000,2022-03-09 15:59:00,CG
43.3,43.31,43.25,43.25,1845,2022-03-09 16:00:00,CG
43.25,43.25,43.225,43.225,700,2022-03-09 16:01:00,CG
43.21,43.21,43.14,43.14,956,2022-03-09 16:02:00,CG
43.105,43.105,43.04,43.07,2430,2022-03-09 16:03:00,CG
43.07,43.14,43.06,43.13,1869,2022-03-09 16:04:00,CG
43.13,43.17,43.12,43.16,1935,2022-03-09 16:05:00,CG
43.19,43.21,43.175,43.21,300,2022-03-09 16:06:00,CG
43.26,43.26,43.22,43.22,800,2022-03-09 16:07:00,CG
43.22,43.25,43.215,43.25,1125,2022-03-09 16:08:00,CG
43.25,43.25,43.195,43.195,911,2022-03-09 16:09:00,CG
43.165,43.165,43.165,43.165,100,2022-03-09 16:10:00,CG
43.065,43.065,43.02,43.02,1200,2022-03-09 16:12:00,CG
43.05,43.08,43.05,43.075,3000,2022-03-09 16:13:00,CG
43.085,43.085,43.02,43.02,2686,2022-03-09 16:14:00,CG
43.0399,43.0399,42.955,42.985,4782,2022-03-09 16:15:00,CG
43.0,43.01,42.99,43.01,2312,2022-03-09 16:16:00,CG
43.01,43.06,43.004,43.06,3200,2022-03-09 16:17:00,CG
43.06,43.11,43.06,43.11,1761,2022-03-09 16:18:00,CG
43.1,43.1,43.06,43.08,976,2022-03-09 16:19:00,CG
43.12,43.19,43.12,43.19,1580,2022-03-09 16:20:00,CG
43.16,43.175,43.16,43.175,200,2022-03-09 16:21:00,CG
43.17,43.17,43.1295,43.1295,850,2022-03-09 16:22:00,CG
43.17,43.23,43.17,43.19,1099,2022-03-09 16:23:00,CG
43.21,43.25,43.21,43.21,778,2022-03-09 16:24:00,CG
43.18,43.18,43.158,43.16,1300,2022-03-09 16:25:00,CG
43.125,43.13,43.08,43.13,1300,2022-03-09 16:26:00,CG
43.11,43.15,43.1,43.14,1025,2022-03-09 16:27:00,CG
43.155,43.155,43.1,43.15,1912,2022-03-09 16:28:00,CG
43.14,43.14,43.1,43.11,400,2022-03-09 16:29:00,CG
43.11,43.13,43.11,43.11,1318,2022-03-09 16:30:00,CG
43.11,43.13,43.11,43.13,1500,2022-03-09 16:31:00,CG
43.13,43.13,43.11,43.12,911,2022-03-09 16:32:00,CG
43.15,43.24,43.15,43.24,1615,2022-03-09 16:33:00,CG
43.25,43.25,43.25,43.25,100,2022-03-09 16:34:00,CG
43.28,43.34,43.28,43.31,2702,2022-03-09 16:35:00,CG
43.33,43.33,43.25,43.27,1700,2022-03-09 16:36:00,CG
43.24,43.24,43.23,43.23,400,2022-03-09 16:37:00,CG
43.22,43.23,43.205,43.205,1448,2022-03-09 16:38:00,CG
43.19,43.27,43.175,43.25,3108,2022-03-09 16:39:00,CG
43.26,43.29,43.22,43.235,1783,2022-03-09 16:40:00,CG
43.25,43.29,43.25,43.29,1500,2022-03-09 16:41:00,CG
43.29,43.29,43.24,43.241,1400,2022-03-09 16:42:00,CG
43.25,43.25,43.21,43.23,1112,2022-03-09 16:43:00,CG
43.22,43.265,43.21,43.265,3127,2022-03-09 16:44:00,CG
43.25,43.25,43.19,43.19,1391,2022-03-09 16:45:00,CG
43.21,43.255,43.21,43.22,1900,2022-03-09 16:46:00,CG
43.215,43.23,43.19,43.23,1815,2022-03-09 16:47:00,CG
43.23,43.25,43.23,43.25,854,2022-03-09 16:48:00,CG
43.265,43.3,43.265,43.28,2153,2022-03-09 16:49:00,CG
43.28,43.28,43.26,43.26,800,2022-03-09 16:50:00,CG
43.26,43.26,43.21,43.21,348,2022-03-09 16:51:00,CG
43.25,43.26,43.23,43.25,1800,2022-03-09 16:52:00,CG
43.265,43.28,43.255,43.255,3000,2022-03-09 16:53:00,CG
43.26,43.27,43.25,43.26,1400,2022-03-09 16:54:00,CG
43.265,43.31,43.265,43.3,3331,2022-03-09 16:55:00,CG
43.29,43.33,43.27,43.33,5604,2022-03-09 16:56:00,CG
43.32,43.325,43.29,43.29,3628,2022-03-09 16:57:00,CG
43.29,43.3696,43.29,43.33,2770,2022-03-09 16:58:00,CG
43.34,43.4,43.325,43.38,20631,2022-03-09 16:59:00,CG
43.37,43.42,43.35,43.405,3200,2022-03-09 17:00:00,CG
43.43,43.43,43.4,43.43,5112,2022-03-09 17:01:00,CG
43.43,43.49,43.41,43.47,4813,2022-03-09 17:02:00,CG
43.47,43.485,43.45,43.45,800,2022-03-09 17:03:00,CG
43.43,43.43,43.425,43.425,400,2022-03-09 17:04:00,CG
43.425,43.425,43.4,43.415,550,2022-03-09 17:05:00,CG
43.43,43.46,43.425,43.46,900,2022-03-09 17:06:00,CG
43.44,43.44,43.4,43.405,1183,2022-03-09 17:07:00,CG
43.36,43.36,43.36,43.36,353,2022-03-09 17:08:00,CG
43.38,43.44,43.36,43.41,15350,2022-03-09 17:09:00,CG
43.41,43.44,43.4,43.41,3263,2022-03-09 17:10:00,CG
43.42,43.4292,43.41,43.41,800,2022-03-09 17:11:00,CG
43.43,43.455,43.42,43.455,1100,2022-03-09 17:12:00,CG
43.45,43.5,43.45,43.5,1300,2022-03-09 17:13:00,CG
43.515,43.515,43.49,43.49,400,2022-03-09 17:14:00,CG
43.49,43.52,43.49,43.52,700,2022-03-09 17:15:00,CG
43.5,43.5,43.47,43.47,400,2022-03-09 17:16:00,CG
43.47,43.47,43.47,43.47,200,2022-03-09 17:17:00,CG
43.45,43.45,43.45,43.45,100,2022-03-09 17:18:00,CG
43.42,43.4381,43.41,43.41,1699,2022-03-09 17:19:00,CG
43.425,43.425,43.4,43.41,1550,2022-03-09 17:20:00,CG
43.41,43.43,43.41,43.43,500,2022-03-09 17:21:00,CG
43.42,43.47,43.42,43.44,3312,2022-03-09 17:22:00,CG
43.43,43.45,43.43,43.435,11608,2022-03-09 17:23:00,CG
43.435,43.435,43.37,43.38,1300,2022-03-09 17:24:00,CG
43.36,43.36,43.33,43.33,300,2022-03-09 17:25:00,CG
43.33,43.35,43.32,43.34,1467,2022-03-09 17:26:00,CG
43.34,43.355,43.34,43.355,200,2022-03-09 17:27:00,CG
43.36,43.36,43.33,43.36,1500,2022-03-09 17:28:00,CG
43.36,43.36,43.34,43.34,300,2022-03-09 17:29:00,CG
43.36,43.36,43.35,43.36,300,2022-03-09 17:30:00,CG
43.36,43.37,43.31,43.31,800,2022-03-09 17:31:00,CG
43.31,43.34,43.29,43.335,1700,2022-03-09 17:32:00,CG
43.32,43.35,43.3156,43.35,1500,2022-03-09 17:33:00,CG
43.37,43.39,43.36,43.39,4986,2022-03-09 17:34:00,CG
43.41,43.46,43.4,43.46,2200,2022-03-09 17:35:00,CG
43.47,43.4825,43.47,43.4825,700,2022-03-09 17:36:00,CG
43.45,43.47,43.45,43.46,700,2022-03-09 17:37:00,CG
43.4601,43.54,43.4601,43.54,2587,2022-03-09 17:38:00,CG
43.54,43.55,43.54,43.5401,1115,2022-03-09 17:39:00,CG
43.56,43.56,43.56,43.56,100,2022-03-09 17:40:00,CG
43.54,43.54,43.54,43.54,200,2022-03-09 17:41:00,CG
43.52,43.52,43.52,43.52,100,2022-03-09 17:42:00,CG
43.51,43.51,43.49,43.4937,2233,2022-03-09 17:43:00,CG
43.49,43.55,43.48,43.525,3945,2022-03-09 17:44:00,CG
43.535,43.535,43.51,43.515,845,2022-03-09 17:45:00,CG
43.505,43.505,43.505,43.505,100,2022-03-09 17:46:00,CG
43.52,43.53,43.52,43.53,1100,2022-03-09 17:47:00,CG
43.54,43.55,43.54,43.55,1836,2022-03-09 17:48:00,CG
43.55,43.67,43.55,43.67,18151,2022-03-09 17:49:00,CG
43.675,43.68,43.65,43.65,1400,2022-03-09 17:50:00,CG
43.65,43.65,43.64,43.64,900,2022-03-09 17:51:00,CG
43.67,43.67,43.64,43.65,1612,2022-03-09 17:52:00,CG
43.66,43.69,43.66,43.68,1300,2022-03-09 17:53:00,CG
43.7392,43.76,43.73,43.76,6736,2022-03-09 17:54:00,CG
43.76,43.76,43.74,43.745,800,2022-03-09 17:55:00,CG
43.79,43.7912,43.76,43.79,1977,2022-03-09 17:56:00,CG
43.76,43.78,43.76,43.765,731,2022-03-09 17:57:00,CG
43.76,43.8,43.76,43.8,1200,2022-03-09 17:58:00,CG
43.78,43.81,43.78,43.79,2000,2022-03-09 17:59:00,CG
43.81,43.81,43.665,43.665,3176,2022-03-09 18:00:00,CG
43.69,43.69,43.66,43.665,500,2022-03-09 18:01:00,CG
43.655,43.655,43.655,43.655,100,2022-03-09 18:02:00,CG
43.64,43.655,43.56,43.64,8245,2022-03-09 18:03:00,CG
43.64,43.64,43.6,43.62,1789,2022-03-09 18:04:00,CG
43.6,43.7,43.58,43.68,3400,2022-03-09 18:05:00,CG
43.66,43.675,43.6176,43.65,2150,2022-03-09 18:06:00,CG
43.625,43.64,43.56,43.64,57170,2022-03-09 18:07:00,CG
43.64,43.65,43.63,43.64,2649,2022-03-09 18:08:00,CG
43.67,43.685,43.63,43.65,2762,2022-03-09 18:09:00,CG
43.65,43.6986,43.65,43.6986,2000,2022-03-09 18:10:00,CG
43.73,43.75,43.7,43.75,1400,2022-03-09 18:11:00,CG
43.7894,43.7894,43.7894,43.7894,234,2022-03-09 18:12:00,CG
43.76,43.76,43.7,43.7,500,2022-03-09 18:13:00,CG
43.71,43.71,43.655,43.655,700,2022-03-09 18:14:00,CG
43.6797,43.695,43.66,43.66,1159,2022-03-09 18:15:00,CG
43.675,43.74,43.675,43.7,2329,2022-03-09 18:16:00,CG
43.68,43.73,43.68,43.71,1468,2022-03-09 18:17:00,CG
43.73,43.73,43.705,43.705,300,2022-03-09 18:18:00,CG
43.705,43.76,43.705,43.73,13350,2022-03-09 18:19:00,CG
43.74,43.81,43.74,43.805,1200,2022-03-09 18:20:00,CG
43.8,43.8,43.7927,43.8,300,2022-03-09 18:21:00,CG
43.82,43.86,43.82,43.835,600,2022-03-09 18:22:00,CG
43.86,43.9,43.85,43.89,2111,2022-03-09 18:23:00,CG
43.89,43.9125,43.87,43.87,3414,2022-03-09 18:24:00,CG
43.86,43.86,43.85,43.8548,3055,2022-03-09 18:25:00,CG
43.84,43.84,43.82,43.84,1200,2022-03-09 18:26:00,CG
43.86,43.8688,43.86,43.8688,511,2022-03-09 18:27:00,CG
43.855,43.855,43.82,43.82,500,2022-03-09 18:28:00,CG
43.845,43.845,43.845,43.845,329,2022-03-09 18:29:00,CG
43.79,43.79,43.74,43.74,900,2022-03-09 18:31:00,CG
43.71,43.71,43.63,43.64,800,2022-03-09 18:32:00,CG
43.61,43.61,43.57,43.57,500,2022-03-09 18:33:00,CG
43.59,43.6,43.55,43.55,1446,2022-03-09 18:34:00,CG
43.54,43.55,43.52,43.535,900,2022-03-09 18:35:00,CG
43.56,43.56,43.55,43.55,300,2022-03-09 18:36:00,CG
43.53,43.53,43.48,43.48,312,2022-03-09 18:37:00,CG
43.47,43.5,43.465,43.49,1122,2022-03-09 18:38:00,CG
43.5,43.5,43.44,43.44,1600,2022-03-09 18:39:00,CG
43.44,43.4749,43.44,43.47,800,2022-03-09 18:40:00,CG
43.45,43.457,43.45,43.45,629,2022-03-09 18:41:00,CG
43.47,43.48,43.47,43.48,500,2022-03-09 18:42:00,CG
43.5,43.5,43.44,43.45,2011,2022-03-09 18:43:00,CG
43.4581,43.465,43.45,43.45,1225,2022-03-09 18:44:00,CG
43.46,43.47,43.46,43.47,300,2022-03-09 18:45:00,CG
43.44,43.44,43.4,43.4,1700,2022-03-09 18:46:00,CG
43.37,43.37,43.35,43.36,700,2022-03-09 18:47:00,CG
43.37,43.37,43.33,43.33,400,2022-03-09 18:48:00,CG
43.33,43.36,43.33,43.36,700,2022-03-09 18:49:00,CG
43.36,43.36,43.3,43.35,1000,2022-03-09 18:50:00,CG
43.34,43.35,43.32,43.35,1050,2022-03-09 18:51:00,CG
43.37,43.41,43.37,43.4,1342,2022-03-09 18:52:00,CG
43.43,43.44,43.43,43.44,300,2022-03-09 18:53:00,CG
43.45,43.45,43.41,43.41,1500,2022-03-09 18:54:00,CG
43.37,43.445,43.37,43.445,800,2022-03-09 18:55:00,CG
43.46,43.46,43.42,43.42,600,2022-03-09 18:56:00,CG
43.43,43.43,43.4,43.4,300,2022-03-09 18:57:00,CG
43.38,43.39,43.375,43.38,700,2022-03-09 18:58:00,CG
43.38,43.445,43.38,43.445,5452,2022-03-09 18:59:00,CG
43.47,43.48,43.47,43.48,200,2022-03-09 19:00:00,CG
43.51,43.51,43.48,43.49,2102,2022-03-09 19:01:00,CG
43.51,43.52,43.5,43.5,2017,2022-03-09 19:02:00,CG
43.53,43.61,43.52,43.61,3338,2022-03-09 19:03:00,CG
43.59,43.65,43.56,43.645,13267,2022-03-09 19:04:00,CG
43.63,43.64,43.6,43.64,1925,2022-03-09 19:05:00,CG
43.655,43.655,43.645,43.645,200,2022-03-09 19:07:00,CG
43.65,43.66,43.53,43.53,4928,2022-03-09 19:08:00,CG
43.49,43.49,43.49,43.49,100,2022-03-09 19:09:00,CG
43.5,43.54,43.44,43.44,2300,2022-03-09 19:10:00,CG
43.43,43.43,43.4032,43.4032,2900,2022-03-09 19:11:00,CG
43.41,43.46,43.41,43.46,2200,2022-03-09 19:12:00,CG
43.43,43.43,43.41,43.41,600,2022-03-09 19:13:00,CG
43.42,43.49,43.41,43.49,2500,2022-03-09 19:14:00,CG
43.49,43.56,43.48,43.48,3591,2022-03-09 19:15:00,CG
43.49,43.5,43.44,43.45,2125,2022-03-09 19:16:00,CG
43.43,43.47,43.43,43.47,917,2022-03-09 19:17:00,CG
43.48,43.52,43.48,43.505,1400,2022-03-09 19:18:00,CG
43.49,43.56,43.46,43.545,28022,2022-03-09 19:19:00,CG
43.53,43.54,43.52,43.54,1880,2022-03-09 19:20:00,CG
43.55,43.58,43.55,43.58,800,2022-03-09 19:21:00,CG
43.59,43.59,43.56,43.56,600,2022-03-09 19:22:00,CG
43.53,43.53,43.495,43.495,700,2022-03-09 19:23:00,CG
43.51,43.55,43.51,43.5293,2700,2022-03-09 19:24:00,CG
43.52,43.53,43.52,43.53,900,2022-03-09 19:25:00,CG
43.53,43.555,43.53,43.54,900,2022-03-09 19:26:00,CG
43.57,43.61,43.55,43.55,2275,2022-03-09 19:27:00,CG
43.53,43.56,43.525,43.555,1700,2022-03-09 19:28:00,CG
43.57,43.595,43.57,43.58,644,2022-03-09 19:29:00,CG
43.62,43.62,43.615,43.615,200,2022-03-09 19:30:00,CG
43.62,43.62,43.615,43.615,500,2022-03-09 19:31:00,CG
43.6,43.625,43.59,43.6001,1361,2022-03-09 19:32:00,CG
43.605,43.63,43.605,43.625,859,2022-03-09 19:33:00,CG
43.63,43.67,43.63,43.65,2269,2022-03-09 19:34:00,CG
43.66,43.67,43.64,43.64,1110,2022-03-09 19:35:00,CG
43.64,43.68,43.64,43.68,1490,2022-03-09 19:36:00,CG
43.68,43.68,43.66,43.66,1100,2022-03-09 19:37:00,CG
43.68,43.68,43.66,43.66,300,2022-03-09 19:38:00,CG
43.68,43.7,43.655,43.655,1500,2022-03-09 19:39:00,CG
43.65,43.67,43.65,43.665,1239,2022-03-09 19:40:00,CG
43.675,43.68,43.58,43.59,1300,2022-03-09 19:41:00,CG
43.585,43.585,43.585,43.585,200,2022-03-09 19:42:00,CG
43.61,43.61,43.53,43.53,1700,2022-03-09 19:43:00,CG
43.52,43.52,43.495,43.51,1234,2022-03-09 19:44:00,CG
43.52,43.5453,43.52,43.5453,1400,2022-03-09 19:45:00,CG
43.53,43.53,43.5,43.5,500,2022-03-09 19:46:00,CG
43.5,43.5,43.45,43.45,900,2022-03-09 19:47:00,CG
43.45,43.51,43.45,43.51,2400,2022-03-09 19:48:00,CG
43.49,43.505,43.49,43.5,500,2022-03-09 19:49:00,CG
43.51,43.61,43.51,43.61,1696,2022-03-09 19:50:00,CG
43.6,43.61,43.6,43.61,2407,2022-03-09 19:51:00,CG
43.6,43.6,43.58,43.58,800,2022-03-09 19:52:00,CG
43.55,43.55,43.54,43.55,400,2022-03-09 19:53:00,CG
43.55,43.55,43.48,43.5,700,2022-03-09 19:54:00,CG
43.5,43.55,43.5,43.55,1100,2022-03-09 19:55:00,CG
43.56,43.6,43.56,43.56,1700,2022-03-09 19:56:00,CG
43.56,43.56,43.55,43.55,1500,2022-03-09 19:57:00,CG
43.565,43.58,43.53,43.55,1100,2022-03-09 19:58:00,CG
43.56,43.57,43.53,43.53,1000,2022-03-09 19:59:00,CG
43.54,43.59,43.54,43.58,1500,2022-03-09 20:00:00,CG
43.58,43.58,43.56,43.57,600,2022-03-09 20:01:00,CG
43.58,43.58,43.54,43.555,900,2022-03-09 20:02:00,CG
43.57,43.57,43.52,43.52,1100,2022-03-09 20:03:00,CG
43.53,43.56,43.53,43.56,2001,2022-03-09 20:04:00,CG
43.575,43.5875,43.555,43.555,1800,2022-03-09 20:05:00,CG
43.57,43.63,43.57,43.6,2289,2022-03-09 20:06:00,CG
43.59,43.64,43.59,43.63,1100,2022-03-09 20:07:00,CG
43.64,43.64,43.63,43.63,500,2022-03-09 20:08:00,CG
43.63,43.64,43.625,43.63,1000,2022-03-09 20:09:00,CG
43.635,43.69,43.635,43.69,1200,2022-03-09 20:10:00,CG
43.67,43.67,43.605,43.64,3141,2022-03-09 20:11:00,CG
43.63,43.655,43.63,43.64,2100,2022-03-09 20:12:00,CG
43.63,43.68,43.63,43.68,1913,2022-03-09 20:13:00,CG
43.67,43.69,43.66,43.69,1300,2022-03-09 20:14:00,CG
43.7,43.72,43.65,43.65,2000,2022-03-09 20:15:00,CG
43.65,43.67,43.64,43.67,1900,2022-03-09 20:16:00,CG
43.67,43.67,43.65,43.665,700,2022-03-09 20:17:00,CG
43.65,43.65,43.6,43.61,1126,2022-03-09 20:18:00,CG
43.61,43.665,43.61,43.64,1122,2022-03-09 20:19:00,CG
43.63,43.6475,43.63,43.6475,700,2022-03-09 20:20:00,CG
43.66,43.684,43.66,43.68,1400,2022-03-09 20:21:00,CG
43.66,43.67,43.65,43.655,900,2022-03-09 20:22:00,CG
43.645,43.67,43.64,43.67,1200,2022-03-09 20:23:00,CG
43.65,43.65,43.65,43.65,206,2022-03-09 20:24:00,CG
43.66,43.66,43.62,43.65,2355,2022-03-09 20:25:00,CG
43.65,43.66,43.62,43.625,1725,2022-03-09 20:26:00,CG
43.63,43.63,43.625,43.625,300,2022-03-09 20:27:00,CG
43.64,43.66,43.63,43.64,3150,2022-03-09 20:28:00,CG
43.65,43.65,43.63,43.63,2669,2022-03-09 20:29:00,CG
43.65,43.69,43.64,43.69,2300,2022-03-09 20:30:00,CG
43.72,43.749,43.72,43.72,1200,2022-03-09 20:31:00,CG
43.74,43.765,43.74,43.76,2005,2022-03-09 20:32:00,CG
43.76,43.79,43.75,43.765,2215,2022-03-09 20:33:00,CG
43.77,43.78,43.7501,43.77,2809,2022-03-09 20:34:00,CG
43.76,43.79,43.76,43.78,1000,2022-03-09 20:35:00,CG
43.77,43.78,43.74,43.74,3210,2022-03-09 20:36:00,CG
43.74,43.75,43.725,43.73,2501,2022-03-09 20:37:00,CG
43.739,43.739,43.72,43.725,600,2022-03-09 20:38:00,CG
43.725,43.725,43.66,43.66,3000,2022-03-09 20:39:00,CG
43.64,43.72,43.64,43.71,4200,2022-03-09 20:40:00,CG
43.71,43.71,43.65,43.65,1800,2022-03-09 20:41:00,CG
43.66,43.66,43.65,43.66,1933,2022-03-09 20:42:00,CG
43.66,43.665,43.66,43.66,1544,2022-03-09 20:43:00,CG
43.66,43.67,43.65,43.665,4783,2022-03-09 20:44:00,CG
43.66,43.715,43.66,43.69,5434,2022-03-09 20:45:00,CG
43.71,43.73,43.68,43.695,3415,2022-03-09 20:46:00,CG
43.68,43.68,43.64,43.66,2400,2022-03-09 20:47:00,CG
43.65,43.66,43.575,43.575,4777,2022-03-09 20:48:00,CG
43.54,43.555,43.505,43.5133,6677,2022-03-09 20:49:00,CG
43.55,43.64,43.455,43.46,6519,2022-03-09 20:50:00,CG
43.46,43.49,43.4,43.41,6977,2022-03-09 20:51:00,CG
43.4,43.42,43.36,43.39,11507,2022-03-09 20:52:00,CG
43.38,43.42,43.36,43.41,17033,2022-03-09 20:53:00,CG
43.41,43.44,43.375,43.39,10339,2022-03-09 20:54:00,CG
43.39,43.39,43.33,43.33,7189,2022-03-09 20:55:00,CG
43.33,43.34,43.27,43.28,9516,2022-03-09 20:56:00,CG
43.29,43.35,43.28,43.35,15957,2022-03-09 20:57:00,CG
43.35,43.35,43.3,43.35,23670,2022-03-09 20:58:00,CG
43.35,43.54,43.35,43.5,104530,2022-03-09 20:59:00,CG
43.5,43.5,43.47,43.47,736082,2022-03-09 21:00:00,CG
43.47,43.47,43.47,43.47,3396,2022-03-09 21:04:00,CG
43.47,43.47,43.47,43.47,287,2022-03-09 21:06:00,CG
43.47,43.47,43.47,43.47,2100,2022-03-09 21:07:00,CG
43.47,43.47,43.47,43.47,4035,2022-03-09 21:11:00,CG
43.4,43.4,43.4,43.4,500,2022-03-09 21:30:00,CG
43.47,43.47,43.47,43.47,13886,2022-03-09 21:34:00,CG
43.0,43.0,43.0,43.0,4500,2022-03-09 21:39:00,CG
43.2301,43.2301,43.23,43.23,800,2022-03-09 23:13:00,CG
43.47,43.47,43.47,43.47,32196,2022-03-10 13:50:00,CG
42.56,42.56,42.56,42.56,300,2022-03-10 14:29:00,CG
42.52,42.7799,42.17,42.52,42048,2022-03-10 14:30:00,CG
42.57,42.75,42.57,42.75,933,2022-03-10 14:31:00,CG
42.57,42.57,42.41,42.41,3012,2022-03-10 14:32:00,CG
42.76,42.77,42.755,42.755,500,2022-03-10 14:34:00,CG
42.7,42.7,42.49,42.67,8817,2022-03-10 14:35:00,CG
42.685,42.74,42.58,42.675,3325,2022-03-10 14:36:00,CG
42.74,42.83,42.74,42.81,2105,2022-03-10 14:37:00,CG
42.79,42.95,42.71,42.91,4456,2022-03-10 14:38:00,CG
42.91,42.955,42.84,42.88,2786,2022-03-10 14:39:00,CG
42.88,43.05,42.88,43.05,3015,2022-03-10 14:40:00,CG
43.08,43.16,43.04,43.13,1506,2022-03-10 14:41:00,CG
43.18,43.27,43.13,43.13,4142,2022-03-10 14:42:00,CG
43.2,43.22,43.17,43.17,2236,2022-03-10 14:43:00,CG
43.18,43.29,43.17,43.29,1100,2022-03-10 14:44:00,CG
43.23,43.38,43.21,43.3,2985,2022-03-10 14:45:00,CG
43.25,43.25,43.17,43.17,1712,2022-03-10 14:46:00,CG
43.09,43.09,43.09,43.09,200,2022-03-10 14:47:00,CG
43.16,43.16,43.03,43.03,11599,2022-03-10 14:48:00,CG
43.04,43.048,42.95,43.03,3676,2022-03-10 14:49:00,CG
43.01,43.04,42.95,43.025,4106,2022-03-10 14:50:00,CG
43.02,43.07,42.99,42.99,3941,2022-03-10 14:51:00,CG
42.98,42.98,42.92,42.96,1324,2022-03-10 14:52:00,CG
43.03,43.22,43.03,43.19,1900,2022-03-10 14:53:00,CG
43.19,43.21,43.13,43.2001,3630,2022-03-10 14:54:00,CG
43.16,43.3,43.16,43.28,3981,2022-03-10 14:55:00,CG
43.27,43.28,43.2,43.28,1350,2022-03-10 14:56:00,CG
43.23,43.3,43.22,43.28,3427,2022-03-10 14:57:00,CG
43.33,43.4,43.33,43.34,5749,2022-03-10 14:58:00,CG
43.25,43.25,43.2,43.2,1200,2022-03-10 14:59:00,CG
43.11,43.11,43.02,43.02,1754,2022-03-10 15:00:00,CG
43.0,43.05,42.93,42.93,2800,2022-03-10 15:01:00,CG
42.88,42.94,42.82,42.94,4314,2022-03-10 15:02:00,CG
42.92,43.0,42.86,42.94,8120,2022-03-10 15:03:00,CG
42.965,43.02,42.965,43.02,3313,2022-03-10 15:04:00,CG
43.04,43.08,43.02,43.02,6273,2022-03-10 15:05:00,CG
43.027,43.075,43.027,43.04,1800,2022-03-10 15:06:00,CG
43.03,43.03,42.97,42.97,3850,2022-03-10 15:07:00,CG
42.99,43.08,42.99,43.05,4700,2022-03-10 15:08:00,CG
43.065,43.11,43.065,43.11,1000,2022-03-10 15:09:00,CG
43.14,43.1759,43.13,43.1759,2914,2022-03-10 15:10:00,CG
43.18,43.23,43.18,43.23,2000,2022-03-10 15:11:00,CG
43.21,43.31,43.18,43.24,20226,2022-03-10 15:12:00,CG
43.235,43.31,43.235,43.31,2760,2022-03-10 15:13:00,CG
43.28,43.37,43.27,43.37,2654,2022-03-10 15:14:00,CG
43.34,43.35,43.33,43.35,2273,2022-03-10 15:15:00,CG
43.35,43.395,43.32,43.395,3100,2022-03-10 15:16:00,CG
43.41,43.435,43.345,43.39,15130,2022-03-10 15:17:00,CG
43.41,43.435,43.37,43.37,2600,2022-03-10 15:18:00,CG
43.41,43.49,43.41,43.49,8083,2022-03-10 15:19:00,CG
43.48,43.485,43.43,43.43,1300,2022-03-10 15:20:00,CG
43.41,43.42,43.34,43.3548,3332,2022-03-10 15:21:00,CG
43.33,43.46,43.32,43.425,4329,2022-03-10 15:22:00,CG
43.42,43.42,43.32,43.32,1400,2022-03-10 15:23:00,CG
43.28,43.29,43.185,43.185,1200,2022-03-10 15:24:00,CG
43.23,43.245,43.23,43.245,300,2022-03-10 15:25:00,CG
43.245,43.27,43.18,43.19,4100,2022-03-10 15:26:00,CG
43.17,43.17,43.12,43.14,2015,2022-03-10 15:27:00,CG
43.12,43.17,43.12,43.16,900,2022-03-10 15:28:00,CG
43.16,43.16,43.08,43.08,1600,2022-03-10 15:29:00,CG
43.03,43.08,42.99,43.0,9185,2022-03-10 15:30:00,CG
42.99,43.06,42.97,43.05,7250,2022-03-10 15:31:00,CG
43.03,43.03,43.0,43.0,1950,2022-03-10 15:32:00,CG
42.99,42.99,42.92,42.92,10713,2022-03-10 15:33:00,CG
42.91,42.91,42.87,42.87,1000,2022-03-10 15:34:00,CG
42.87,42.92,42.86,42.89,7130,2022-03-10 15:35:00,CG
42.89,42.895,42.87,42.895,2985,2022-03-10 15:36:00,CG
42.895,42.94,42.895,42.935,6600,2022-03-10 15:37:00,CG
42.92,42.95,42.915,42.95,2734,2022-03-10 15:38:00,CG
42.97,43.0,42.97,43.0,1200,2022-03-10 15:39:00,CG
42.99,43.03,42.99,43.03,4226,2022-03-10 15:40:00,CG
43.09,43.1,43.09,43.1,1100,2022-03-10 15:41:00,CG
43.08,43.08,43.03,43.03,3740,2022-03-10 15:42:00,CG
43.06,43.06,43.06,43.06,404,2022-03-10 15:43:00,CG
43.04,43.04,42.99,42.99,2977,2022-03-10 15:44:00,CG
42.99,43.01,42.95,42.9809,6269,2022-03-10 15:45:00,CG
42.99,43.0,42.985,43.0,1300,2022-03-10 15:46:00,CG
43.01,43.11,43.01,43.11,4510,2022-03-10 15:47:00,CG
43.15,43.18,43.15,43.17,1800,2022-03-10 15:48:00,CG
43.1745,43.1745,43.15,43.15,2041,2022-03-10 15:49:00,CG
43.15,43.16,43.1,43.11,3600,2022-03-10 15:50:00,CG
43.1,43.1,43.02,43.06,4224,2022-03-10 15:51:00,CG
43.04,43.05,43.005,43.04,2869,2022-03-10 15:52:00,CG
43.05,43.06,43.04,43.04,2195,2022-03-10 15:53:00,CG
43.05,43.08,43.03,43.03,3109,2022-03-10 15:54:00,CG
43.03,43.03,43.0,43.02,3835,2022-03-10 15:55:00,CG
43.01,43.0688,43.01,43.04,2055,2022-03-10 15:56:00,CG
43.034,43.04,43.02,43.02,6759,2022-03-10 15:57:00,CG
43.05,43.05,42.98,42.98,4572,2022-03-10 15:58:00,CG
42.97,42.97,42.95,42.95,3826,2022-03-10 15:59:00,CG
42.95,42.95,42.88,42.88,1125,2022-03-10 16:00:00,CG
42.91,42.92,42.841,42.89,3100,2022-03-10 16:01:00,CG
42.88,42.95,42.88,42.9,8447,2022-03-10 16:03:00,CG
42.9,42.9,42.88,42.88,545,2022-03-10 16:04:00,CG
42.92,42.92,42.87,42.87,2300,2022-03-10 16:05:00,CG
42.85,42.851,42.83,42.83,6859,2022-03-10 16:06:00,CG
42.77,42.77,42.73,42.73,2806,2022-03-10 16:07:00,CG
42.75,42.78,42.75,42.76,800,2022-03-10 16:08:00,CG
42.79,42.835,42.775,42.835,3800,2022-03-10 16:09:00,CG
42.825,42.825,42.825,42.825,150,2022-03-10 16:10:00,CG
42.84,42.86,42.825,42.86,1775,2022-03-10 16:11:00,CG
42.8401,42.88,42.8401,42.88,452,2022-03-10 16:12:00,CG
42.89,42.91,42.85,42.9,5024,2022-03-10 16:13:00,CG
42.89,42.89,42.86,42.87,3300,2022-03-10 16:14:00,CG
42.85,42.85,42.85,42.85,200,2022-03-10 16:15:00,CG
42.81,42.86,42.81,42.8545,1627,2022-03-10 16:16:00,CG
42.87,42.88,42.8498,42.87,1850,2022-03-10 16:17:00,CG
42.87,42.9,42.855,42.89,2000,2022-03-10 16:18:00,CG
42.92,42.92,42.865,42.9,5290,2022-03-10 16:19:00,CG
42.92,42.92,42.905,42.92,3200,2022-03-10 16:20:00,CG
42.91,42.955,42.91,42.94,5800,2022-03-10 16:21:00,CG
42.93,42.93,42.9,42.9,1300,2022-03-10 16:22:00,CG
42.91,42.93,42.85,42.85,2390,2022-03-10 16:23:00,CG
42.88,42.89,42.86,42.87,2893,2022-03-10 16:24:00,CG
42.85,42.85,42.84,42.84,900,2022-03-10 16:25:00,CG
42.86,42.86,42.83,42.83,1500,2022-03-10 16:26:00,CG
42.81,42.81,42.7765,42.7765,1429,2022-03-10 16:27:00,CG
42.81,42.83,42.8,42.83,1063,2022-03-10 16:28:00,CG
42.83,42.83,42.8,42.82,4426,2022-03-10 16:29:00,CG
42.84,42.9,42.825,42.865,3657,2022-03-10 16:30:00,CG
42.86,42.88,42.85,42.875,1716,2022-03-10 16:31:00,CG
42.89,42.94,42.89,42.94,4939,2022-03-10 16:32:00,CG
42.94,42.94,42.92,42.92,700,2022-03-10 16:33:00,CG
42.92,42.9985,42.91,42.985,3042,2022-03-10 16:34:00,CG
43.0,43.005,42.94,42.94,4530,2022-03-10 16:35:00,CG
42.92,42.93,42.91,42.91,600,2022-03-10 16:36:00,CG
42.89,42.92,42.875,42.91,3060,2022-03-10 16:37:00,CG
42.89,42.91,42.89,42.91,1700,2022-03-10 16:38:00,CG
42.9,42.9,42.87,42.9,2873,2022-03-10 16:39:00,CG
42.93,42.97,42.93,42.96,2700,2022-03-10 16:40:00,CG
42.94,42.94,42.895,42.895,900,2022-03-10 16:41:00,CG
42.89,42.9,42.89,42.9,1100,2022-03-10 16:42:00,CG
42.91,42.92,42.9,42.9,2704,2022-03-10 16:43:00,CG
42.895,42.91,42.88,42.9,3239,2022-03-10 16:44:00,CG
42.9,42.922,42.89,42.922,1053,2022-03-10 16:45:00,CG
42.91,42.93,42.85,42.85,4462,2022-03-10 16:46:00,CG
42.8552,42.8552,42.75,42.77,4134,2022-03-10 16:47:00,CG
42.78,42.8,42.78,42.8,1700,2022-03-10 16:48:00,CG
42.79,42.8,42.79,42.8,300,2022-03-10 16:49:00,CG
42.795,42.83,42.79,42.81,4148,2022-03-10 16:50:00,CG
42.79,42.8,42.78,42.7944,1891,2022-03-10 16:51:00,CG
42.79,42.81,42.78,42.8,4034,2022-03-10 16:52:00,CG
42.81,42.83,42.81,42.83,3072,2022-03-10 16:53:00,CG
42.83,42.83,42.77,42.77,2600,2022-03-10 16:54:00,CG
42.785,42.785,42.77,42.77,1238,2022-03-10 16:55:00,CG
42.78,42.8,42.78,42.79,2800,2022-03-10 16:56:00,CG
42.79,42.79,42.76,42.76,3333,2022-03-10 16:57:00,CG
42.76,42.78,42.755,42.78,1804,2022-03-10 16:58:00,CG
42.77,42.81,42.77,42.81,5408,2022-03-10 16:59:00,CG
42.8,42.8,42.8,42.8,900,2022-03-10 17:00:00,CG
42.81,42.9,42.81,42.9,2356,2022-03-10 17:01:00,CG
42.905,42.93,42.87,42.87,9600,2022-03-10 17:02:00,CG
42.83,42.85,42.76,42.76,6716,2022-03-10 17:03:00,CG
42.75,42.75,42.71,42.74,5590,2022-03-10 17:04:00,CG
42.72,42.76,42.72,42.76,2892,2022-03-10 17:05:00,CG
42.745,42.745,42.73,42.73,300,2022-03-10 17:06:00,CG
42.73,42.73,42.66,42.68,3200,2022-03-10 17:07:00,CG
42.69,42.69,42.66,42.66,2853,2022-03-10 17:08:00,CG
42.65,42.665,42.65,42.65,401,2022-03-10 17:09:00,CG
42.665,42.69,42.665,42.6796,1835,2022-03-10 17:10:00,CG
42.67,42.68,42.65,42.65,1500,2022-03-10 17:11:00,CG
42.66,42.68,42.66,42.66,5046,2022-03-10 17:12:00,CG
42.65,42.65,42.63,42.63,500,2022-03-10 17:13:00,CG
42.62,42.67,42.62,42.67,2158,2022-03-10 17:14:00,CG
42.68,42.7,42.67,42.695,3400,2022-03-10 17:15:00,CG
42.71,42.715,42.67,42.68,4984,2022-03-10 17:16:00,CG
42.66,42.66,42.61,42.61,4463,2022-03-10 17:17:00,CG
42.6,42.63,42.59,42.63,4289,2022-03-10 17:18:00,CG
42.64,42.66,42.64,42.65,7918,2022-03-10 17:19:00,CG
42.645,42.67,42.63,42.64,3562,2022-03-10 17:20:00,CG
42.66,42.71,42.66,42.7,3315,2022-03-10 17:21:00,CG
42.715,42.73,42.68,42.68,4106,2022-03-10 17:22:00,CG
42.69,42.75,42.69,42.73,6199,2022-03-10 17:23:00,CG
42.7399,42.8,42.7399,42.8,3292,2022-03-10 17:24:00,CG
42.8,42.8097,42.8,42.8,1450,2022-03-10 17:25:00,CG
42.78,42.81,42.77,42.79,2172,2022-03-10 17:26:00,CG
42.785,42.81,42.785,42.81,1871,2022-03-10 17:27:00,CG
42.8,42.8,42.8,42.8,600,2022-03-10 17:28:00,CG
42.81,42.81,42.78,42.79,4114,2022-03-10 17:29:00,CG
42.8,42.8,42.76,42.76,4122,2022-03-10 17:30:00,CG
42.78,42.78,42.75,42.75,5471,2022-03-10 17:31:00,CG
42.775,42.775,42.73,42.73,2057,2022-03-10 17:32:00,CG
42.74,42.74,42.71,42.71,700,2022-03-10 17:33:00,CG
42.73,42.73,42.7,42.71,1578,2022-03-10 17:34:00,CG
42.68,42.68,42.6,42.61,4883,2022-03-10 17:35:00,CG
42.61,42.62,42.61,42.62,850,2022-03-10 17:36:00,CG
42.59,42.6,42.58,42.595,3158,2022-03-10 17:37:00,CG
42.58,42.58,42.55,42.55,1100,2022-03-10 17:38:00,CG
42.55,42.57,42.55,42.56,2431,2022-03-10 17:39:00,CG
42.57,42.57,42.52,42.55,4493,2022-03-10 17:40:00,CG
42.55,42.55,42.54,42.55,1200,2022-03-10 17:41:00,CG
42.55,42.555,42.53,42.53,3124,2022-03-10 17:42:00,CG
42.55,42.57,42.55,42.57,1690,2022-03-10 17:44:00,CG
42.61,42.63,42.61,42.62,1100,2022-03-10 17:45:00,CG
42.64,42.69,42.64,42.69,2283,2022-03-10 17:46:00,CG
42.6988,42.74,42.6988,42.74,1061,2022-03-10 17:47:00,CG
42.77,42.77,42.74,42.745,3881,2022-03-10 17:48:00,CG
42.76,42.8,42.76,42.795,919,2022-03-10 17:49:00,CG
42.78,42.78,42.78,42.78,400,2022-03-10 17:50:00,CG
42.79,42.8,42.78,42.78,2850,2022-03-10 17:51:00,CG
42.785,42.785,42.74,42.75,2293,2022-03-10 17:52:00,CG
42.75,42.75,42.75,42.75,300,2022-03-10 17:53:00,CG
42.76,42.805,42.75,42.805,3449,2022-03-10 17:54:00,CG
42.79,42.79,42.77,42.77,1354,2022-03-10 17:55:00,CG
42.78,42.78,42.74,42.74,2912,2022-03-10 17:56:00,CG
42.76,42.76,42.739,42.739,850,2022-03-10 17:57:00,CG
42.745,42.77,42.745,42.77,2330,2022-03-10 17:58:00,CG
42.78,42.78,42.75,42.75,2440,2022-03-10 17:59:00,CG
42.76,42.76,42.76,42.76,1000,2022-03-10 18:00:00,CG
42.77,42.875,42.77,42.815,6874,2022-03-10 18:02:00,CG
42.8,42.8,42.72,42.72,1400,2022-03-10 18:03:00,CG
42.73,42.73,42.68,42.68,2420,2022-03-10 18:04:00,CG
42.68,42.69,42.665,42.68,1318,2022-03-10 18:05:00,CG
42.7,42.74,42.7,42.73,2275,2022-03-10 18:06:00,CG
42.745,42.745,42.73,42.73,930,2022-03-10 18:07:00,CG
42.74,42.76,42.73,42.73,2203,2022-03-10 18:08:00,CG
42.75,42.75,42.71,42.71,1635,2022-03-10 18:09:00,CG
42.73,42.79,42.73,42.79,500,2022-03-10 18:10:00,CG
42.8,42.84,42.77,42.825,3029,2022-03-10 18:11:00,CG
42.825,42.84,42.81,42.81,5475,2022-03-10 18:12:00,CG
42.81,42.825,42.81,42.81,400,2022-03-10 18:13:00,CG
42.825,42.825,42.77,42.78,1800,2022-03-10 18:14:00,CG
42.78,42.81,42.77,42.78,7098,2022-03-10 18:15:00,CG
42.8,42.8,42.78,42.79,6855,2022-03-10 18:16:00,CG
42.81,42.81,42.8,42.81,2151,2022-03-10 18:17:00,CG
42.81,42.82,42.8,42.82,1959,2022-03-10 18:18:00,CG
42.825,42.91,42.825,42.9,1601,2022-03-10 18:19:00,CG
42.91,42.9336,42.9,42.9157,5717,2022-03-10 18:20:00,CG
42.925,42.94,42.875,42.8899,2152,2022-03-10 18:21:00,CG
42.89,42.92,42.875,42.92,2751,2022-03-10 18:22:00,CG
42.915,42.915,42.89,42.89,2359,2022-03-10 18:23:00,CG
42.89,42.89,42.88,42.89,600,2022-03-10 18:24:00,CG
42.9,42.91,42.86,42.86,4125,2022-03-10 18:25:00,CG
42.86,42.89,42.86,42.89,2850,2022-03-10 18:26:00,CG
42.895,42.92,42.895,42.91,2500,2022-03-10 18:27:00,CG
42.92,42.95,42.92,42.945,650,2022-03-10 18:28:00,CG
42.945,42.955,42.945,42.955,1100,2022-03-10 18:29:00,CG
42.95,42.97,42.93,42.97,2706,2022-03-10 18:30:00,CG
42.97,42.97,42.945,42.945,2300,2022-03-10 18:31:00,CG
42.945,42.945,42.91,42.91,2662,2022-03-10 18:32:00,CG
42.905,42.905,42.88,42.88,1900,2022-03-10 18:33:00,CG
42.88,42.89,42.85,42.87,2964,2022-03-10 18:34:00,CG
42.86,42.905,42.83,42.905,2350,2022-03-10 18:35:00,CG
42.905,42.905,42.87,42.878,1841,2022-03-10 18:36:00,CG
42.85,42.85,42.83,42.83,2200,2022-03-10 18:37:00,CG
42.83,42.84,42.81,42.84,1720,2022-03-10 18:38:00,CG
42.84,42.86,42.82,42.82,1805,2022-03-10 18:39:00,CG
42.83,42.85,42.82,42.835,3553,2022-03-10 18:40:00,CG
42.83,42.84,42.82,42.84,1264,2022-03-10 18:41:00,CG
42.845,42.845,42.83,42.84,700,2022-03-10 18:42:00,CG
42.845,42.86,42.825,42.84,5767,2022-03-10 18:43:00,CG
42.84,42.87,42.8,42.83,2512,2022-03-10 18:44:00,CG
42.84,42.88,42.84,42.88,1406,2022-03-10 18:45:00,CG
42.91,42.93,42.91,42.93,400,2022-03-10 18:46:00,CG
42.93,43.01,42.93,42.995,3282,2022-03-10 18:47:00,CG
42.99,43.0,42.99,43.0,1371,2022-03-10 18:48:00,CG
43.02,43.05,43.02,43.02,6126,2022-03-10 18:49:00,CG
43.04,43.04,43.015,43.015,1879,2022-03-10 18:50:00,CG
43.015,43.03,43.015,43.02,1515,2022-03-10 18:51:00,CG
43.02,43.02,42.98,42.98,3081,2022-03-10 18:52:00,CG
42.985,42.99,42.97,42.99,3101,2022-03-10 18:53:00,CG
42.99,43.01,42.98,42.98,2850,2022-03-10 18:54:00,CG
42.99,43.02,42.99,43.005,3608,2022-03-10 18:55:00,CG
43.0,43.0,42.975,42.975,2398,2022-03-10 18:56:00,CG
42.97,42.99,42.965,42.99,4998,2022-03-10 18:57:00,CG
42.98,43.04,42.98,43.03,5018,2022-03-10 18:58:00,CG
43.03,43.03,42.97,42.97,1100,2022-03-10 18:59:00,CG
42.995,43.0,42.98,43.0,1581,2022-03-10 19:00:00,CG
43.0,43.0,42.98,43.0,1000,2022-03-10 19:01:00,CG
43.0,43.0,42.99,42.99,700,2022-03-10 19:02:00,CG
43.01,43.06,43.01,43.06,6100,2022-03-10 19:03:00,CG
43.075,43.16,43.075,43.16,5107,2022-03-10 19:04:00,CG
43.16,43.19,43.11,43.11,2800,2022-03-10 19:05:00,CG
43.1,43.12,43.1,43.1,2200,2022-03-10 19:06:00,CG
43.105,43.13,43.105,43.11,2846,2022-03-10 19:07:00,CG
43.1,43.1,43.07,43.07,1600,2022-03-10 19:08:00,CG
43.075,43.075,43.06,43.06,1100,2022-03-10 19:09:00,CG
43.055,43.055,43.055,43.055,800,2022-03-10 19:10:00,CG
43.055,43.055,43.02,43.04,1100,2022-03-10 19:11:00,CG
43.035,43.06,43.03,43.05,10647,2022-03-10 19:12:00,CG
43.04,43.07,43.02,43.07,3733,2022-03-10 19:13:00,CG
43.06,43.06,43.04,43.05,4692,2022-03-10 19:14:00,CG
43.05,43.08,43.025,43.07,2602,2022-03-10 19:15:00,CG
43.08,43.135,43.075,43.135,4267,2022-03-10 19:16:00,CG
43.12,43.12,43.08,43.105,2418,2022-03-10 19:17:00,CG
43.12,43.165,43.11,43.165,2448,2022-03-10 19:18:00,CG
43.15,43.15,43.12,43.12,1682,2022-03-10 19:19:00,CG
43.115,43.14,43.115,43.13,4176,2022-03-10 19:20:00,CG
43.12,43.12,43.08,43.08,1431,2022-03-10 19:21:00,CG
43.08,43.08,43.04,43.04,1950,2022-03-10 19:22:00,CG
43.02,43.06,43.02,43.03,6658,2022-03-10 19:23:00,CG
43.03,43.04,43.03,43.03,1163,2022-03-10 19:24:00,CG
43.04,43.05,43.01,43.01,6165,2022-03-10 19:25:00,CG
43.02,43.095,43.01,43.085,9441,2022-03-10 19:26:00,CG
43.1,43.14,43.085,43.1296,3881,2022-03-10 19:27:00,CG
43.115,43.115,43.1,43.1,720,2022-03-10 19:28:00,CG
43.115,43.12,43.1,43.12,713,2022-03-10 19:29:00,CG
43.13,43.2,43.1,43.1,8931,2022-03-10 19:30:00,CG
43.095,43.095,43.09,43.09,200,2022-03-10 19:31:00,CG
43.09,43.1,43.08,43.08,1389,2022-03-10 19:32:00,CG
43.08,43.08,43.01,43.01,8466,2022-03-10 19:33:00,CG
43.0,43.02,42.99,43.0,5713,2022-03-10 19:34:00,CG
43.01,43.055,42.98,42.98,5114,2022-03-10 19:35:00,CG
43.01,43.05,43.01,43.04,4257,2022-03-10 19:36:00,CG
43.03,43.04,43.03,43.04,1347,2022-03-10 19:37:00,CG
43.05,43.08,43.04,43.05,4216,2022-03-10 19:38:00,CG
43.045,43.05,43.04,43.04,974,2022-03-10 19:39:00,CG
43.03,43.045,43.03,43.035,2459,2022-03-10 19:40:00,CG
43.03,43.05,43.03,43.045,5259,2022-03-10 19:41:00,CG
43.04,43.06,43.02,43.03,4883,2022-03-10 19:42:00,CG
43.03,43.035,43.015,43.015,1400,2022-03-10 19:43:00,CG
43.0197,43.03,43.01,43.01,2655,2022-03-10 19:44:00,CG
43.0,43.0,42.97,43.0,8252,2022-03-10 19:45:00,CG
42.99,43.0,42.98,42.99,2163,2022-03-10 19:46:00,CG
42.99,43.01,42.99,43.005,2168,2022-03-10 19:47:00,CG
43.01,43.1,43.01,43.1,7147,2022-03-10 19:48:00,CG
43.1,43.13,43.1,43.12,4321,2022-03-10 19:49:00,CG
43.13,43.19,43.13,43.16,2809,2022-03-10 19:50:00,CG
43.15,43.15,43.09,43.115,3999,2022-03-10 19:51:00,CG
43.12,43.1383,43.12,43.12,1321,2022-03-10 19:52:00,CG
43.11,43.12,43.1,43.11,1900,2022-03-10 19:53:00,CG
43.09,43.095,43.07,43.07,2118,2022-03-10 19:54:00,CG
43.06,43.1,43.06,43.09,7280,2022-03-10 19:55:00,CG
43.08,43.11,43.08,43.11,2865,2022-03-10 19:56:00,CG
43.11,43.11,43.09,43.1,1700,2022-03-10 19:57:00,CG
43.1,43.11,43.06,43.06,4300,2022-03-10 19:58:00,CG
43.07,43.07,43.03,43.0446,9316,2022-03-10 19:59:00,CG
43.04,43.04,42.975,42.975,2100,2022-03-10 20:00:00,CG
42.98,43.005,42.93,42.99,8059,2022-03-10 20:01:00,CG
43.01,43.01,43.0,43.005,1708,2022-03-10 20:02:00,CG
43.0,43.0,42.98,42.98,6330,2022-03-10 20:03:00,CG
42.96,42.96,42.92,42.92,755,2022-03-10 20:04:00,CG
42.92,42.94,42.92,42.925,2098,2022-03-10 20:05:00,CG
42.91,42.94,42.91,42.925,617,2022-03-10 20:06:00,CG
42.91,42.91,42.87,42.88,4606,2022-03-10 20:07:00,CG
42.88,42.88,42.83,42.86,3579,2022-03-10 20:08:00,CG
42.8799,42.9268,42.8799,42.925,2215,2022-03-10 20:09:00,CG
42.925,42.93,42.91,42.93,2270,2022-03-10 20:10:00,CG
42.94,42.97,42.94,42.97,2046,2022-03-10 20:11:00,CG
42.985,43.04,42.985,43.005,2863,2022-03-10 20:12:00,CG
43.0,43.03,42.99,43.03,4765,2022-03-10 20:13:00,CG
43.03,43.04,43.0,43.03,1325,2022-03-10 20:14:00,CG
43.035,43.035,43.0,43.025,2200,2022-03-10 20:15:00,CG
43.025,43.08,43.02,43.075,6669,2022-03-10 20:16:00,CG
43.06,43.08,43.03,43.035,2000,2022-03-10 20:17:00,CG
43.05,43.05,42.99,42.99,2165,2022-03-10 20:18:00,CG
43.0,43.03,43.0,43.03,1364,2022-03-10 20:19:00,CG
43.06,43.12,43.045,43.1,2075,2022-03-10 20:20:00,CG
43.1,43.1,43.06,43.06,3500,2022-03-10 20:21:00,CG
43.07,43.07,43.03,43.03,500,2022-03-10 20:22:00,CG
43.02,43.02,42.94,42.97,3105,2022-03-10 20:23:00,CG
42.97,42.99,42.97,42.975,1575,2022-03-10 20:24:00,CG
42.99,43.015,42.98,43.015,4280,2022-03-10 20:25:00,CG
43.03,43.06,43.02,43.055,7680,2022-03-10 20:26:00,CG
43.04,43.06,43.03,43.03,1826,2022-03-10 20:27:00,CG
43.01,43.025,42.96,42.97,4147,2022-03-10 20:28:00,CG
42.97,43.01,42.965,43.0,2946,2022-03-10 20:29:00,CG
43.0,43.01,42.935,42.94,6614,2022-03-10 20:30:00,CG
42.95,43.01,42.95,43.0,5518,2022-03-10 20:31:00,CG
42.99,43.0,42.99,42.99,3689,2022-03-10 20:32:00,CG
42.98,42.98,42.93,42.94,6625,2022-03-10 20:33:00,CG
42.95,42.965,42.95,42.95,1400,2022-03-10 20:34:00,CG
42.94,42.96,42.925,42.96,3101,2022-03-10 20:35:00,CG
42.95,42.98,42.95,42.965,4120,2022-03-10 20:36:00,CG
42.97,42.97,42.92,42.9246,6234,2022-03-10 20:37:00,CG
42.93,42.93,42.855,42.875,4474,2022-03-10 20:38:00,CG
42.89,42.93,42.875,42.93,5751,2022-03-10 20:39:00,CG
42.94,42.96,42.92,42.94,7820,2022-03-10 20:40:00,CG
42.94,43.0,42.94,42.97,5037,2022-03-10 20:41:00,CG
42.97,42.97,42.9,42.91,4520,2022-03-10 20:42:00,CG
42.9,42.9,42.81,42.84,13924,2022-03-10 20:43:00,CG
42.865,42.88,42.81,42.81,7468,2022-03-10 20:44:00,CG
42.81,42.83,42.73,42.83,11774,2022-03-10 20:45:00,CG
42.81,42.82,42.75,42.79,9072,2022-03-10 20:46:00,CG
42.79,42.86,42.79,42.85,14476,2022-03-10 20:47:00,CG
42.84,42.84,42.73,42.75,20621,2022-03-10 20:48:00,CG
42.76,42.78,42.73,42.74,11567,2022-03-10 20:49:00,CG
42.74,42.79,42.71,42.765,17922,2022-03-10 20:50:00,CG
42.77,42.81,42.75,42.765,17626,2022-03-10 20:51:00,CG
42.75,42.79,42.75,42.76,13044,2022-03-10 20:52:00,CG
42.75,42.8,42.75,42.79,27645,2022-03-10 20:53:00,CG
42.78,42.78,42.72,42.735,19796,2022-03-10 20:54:00,CG
42.735,42.78,42.73,42.765,43980,2022-03-10 20:55:00,CG
42.765,42.79,42.76,42.78,46195,2022-03-10 20:56:00,CG
42.785,42.79,42.76,42.765,33166,2022-03-10 20:57:00,CG
42.765,42.85,42.76,42.83,57966,2022-03-10 20:58:00,CG
42.83,42.83,42.72,42.75,77510,2022-03-10 20:59:00,CG
42.74,42.74,42.74,42.74,281779,2022-03-10 21:00:00,CG
42.74,42.74,42.74,42.74,213,2022-03-10 21:05:00,CG
42.74,42.74,42.74,42.74,43000,2022-03-10 21:06:00,CG
42.74,42.74,42.74,42.74,51200,2022-03-10 21:07:00,CG
42.64,42.64,42.64,42.64,415,2022-03-10 21:11:00,CG
42.74,42.74,42.74,42.74,1425,2022-03-10 21:32:00,CG
43.5,43.5,43.5,43.5,500,2022-03-10 21:54:00,CG
43.32,43.56,43.32,43.505,13906,2022-03-11 14:30:00,CG
43.515,43.515,43.515,43.515,100,2022-03-11 14:32:00,CG
43.51,43.63,43.45,43.62,3970,2022-03-11 14:33:00,CG
43.56,43.71,43.56,43.71,1581,2022-03-11 14:34:00,CG
43.72,43.91,43.6746,43.9,4372,2022-03-11 14:35:00,CG
43.92,43.92,43.78,43.84,4613,2022-03-11 14:36:00,CG
43.83,43.855,43.69,43.84,3431,2022-03-11 14:37:00,CG
43.85,43.85,43.68,43.75,16186,2022-03-11 14:38:00,CG
43.6997,43.75,43.61,43.64,4395,2022-03-11 14:39:00,CG
43.4601,43.55,43.36,43.37,7794,2022-03-11 14:41:00,CG
43.33,43.415,43.33,43.41,300,2022-03-11 14:42:00,CG
43.4363,43.46,43.38,43.38,2786,2022-03-11 14:43:00,CG
43.42,43.46,43.42,43.45,913,2022-03-11 14:44:00,CG
43.445,43.5,43.29,43.29,5918,2022-03-11 14:45:00,CG
43.33,43.33,43.33,43.33,100,2022-03-11 14:46:00,CG
43.33,43.33,43.2,43.325,2855,2022-03-11 14:47:00,CG
43.325,43.36,43.24,43.24,5553,2022-03-11 14:48:00,CG
43.29,43.29,43.235,43.235,600,2022-03-11 14:49:00,CG
43.27,43.33,43.22,43.22,7593,2022-03-11 14:50:00,CG
43.2,43.2,43.165,43.165,880,2022-03-11 14:51:00,CG
43.14,43.15,43.01,43.06,3715,2022-03-11 14:52:00,CG
43.02,43.02,42.89,42.95,9655,2022-03-11 14:53:00,CG
42.93,42.93,42.82,42.82,4767,2022-03-11 14:54:00,CG
42.82,42.91,42.78,42.78,5238,2022-03-11 14:55:00,CG
42.83,42.87,42.83,42.87,1838,2022-03-11 14:56:00,CG
42.86,42.89,42.84,42.845,2717,2022-03-11 14:57:00,CG
42.93,42.95,42.85,42.85,5526,2022-03-11 14:58:00,CG
42.89,42.91,42.87,42.91,4331,2022-03-11 14:59:00,CG
42.93,42.93,42.72,42.72,5414,2022-03-11 15:00:00,CG
42.72,42.75,42.69,42.72,3350,2022-03-11 15:01:00,CG
42.71,42.73,42.69,42.725,2480,2022-03-11 15:02:00,CG
42.77,42.85,42.77,42.85,1521,2022-03-11 15:03:00,CG
42.865,42.865,42.785,42.82,4147,2022-03-11 15:04:00,CG
42.86,42.93,42.84,42.92,9014,2022-03-11 15:05:00,CG
42.9,42.97,42.9,42.94,3817,2022-03-11 15:06:00,CG
42.93,43.02,42.92,43.02,1306,2022-03-11 15:07:00,CG
43.035,43.13,43.01,43.11,1177,2022-03-11 15:08:00,CG
43.09,43.09,42.96,42.96,6699,2022-03-11 15:09:00,CG
42.98,43.1,42.97,43.09,8910,2022-03-11 15:10:00,CG
43.09,43.115,43.09,43.115,400,2022-03-11 15:11:00,CG
43.11,43.12,43.02,43.06,11342,2022-03-11 15:12:00,CG
43.08,43.11,43.02,43.08,5779,2022-03-11 15:13:00,CG
43.07,43.07,42.99,43.05,7755,2022-03-11 15:14:00,CG
43.03,43.08,43.02,43.07,2956,2022-03-11 15:15:00,CG
43.05,43.07,43.05,43.07,1437,2022-03-11 15:16:00,CG
43.09,43.12,43.03,43.05,3145,2022-03-11 15:17:00,CG
43.03,43.09,43.03,43.03,7220,2022-03-11 15:18:00,CG
43.06,43.09,43.05,43.05,5350,2022-03-11 15:19:00,CG
43.05,43.07,43.04,43.05,6871,2022-03-11 15:20:00,CG
43.05,43.06,43.04,43.055,5870,2022-03-11 15:21:00,CG
43.05,43.08,43.04,43.08,7151,2022-03-11 15:22:00,CG
43.095,43.1,43.05,43.08,2709,2022-03-11 15:23:00,CG
43.06,43.08,43.025,43.08,6259,2022-03-11 15:24:00,CG
43.1,43.11,43.08,43.1,1687,2022-03-11 15:25:00,CG
43.11,43.11,43.09,43.095,1100,2022-03-11 15:26:00,CG
43.095,43.122,43.09,43.1,9842,2022-03-11 15:27:00,CG
43.08,43.145,43.08,43.1,3721,2022-03-11 15:28:00,CG
43.11,43.16,43.11,43.125,1366,2022-03-11 15:29:00,CG
43.12,43.132,43.11,43.11,800,2022-03-11 15:30:00,CG
43.11,43.11,43.04,43.07,8186,2022-03-11 15:31:00,CG
43.095,43.095,43.07,43.08,4950,2022-03-11 15:32:00,CG
43.09,43.1,43.05,43.06,7199,2022-03-11 15:33:00,CG
43.08,43.08,42.96,42.97,10160,2022-03-11 15:34:00,CG
42.97,43.03,42.97,43.03,3998,2022-03-11 15:35:00,CG
43.02,43.02,42.9604,42.99,5329,2022-03-11 15:36:00,CG
43.0,43.03,43.0,43.01,3899,2022-03-11 15:37:00,CG
43.01,43.035,43.01,43.02,1469,2022-03-11 15:38:00,CG
43.02,43.03,43.02,43.02,900,2022-03-11 15:39:00,CG
43.04,43.04,43.0,43.0,1050,2022-03-11 15:40:00,CG
43.03,43.13,43.03,43.13,3135,2022-03-11 15:41:00,CG
43.13,43.13,43.075,43.075,1625,2022-03-11 15:42:00,CG
43.1,43.19,43.1,43.19,1940,2022-03-11 15:43:00,CG
43.15,43.175,43.15,43.165,1175,2022-03-11 15:44:00,CG
43.165,43.24,43.165,43.22,2362,2022-03-11 15:45:00,CG
43.23,43.26,43.215,43.23,10523,2022-03-11 15:46:00,CG
43.25,43.28,43.25,43.265,1831,2022-03-11 15:47:00,CG
43.25,43.25,43.245,43.25,1600,2022-03-11 15:48:00,CG
43.24,43.3,43.24,43.28,1450,2022-03-11 15:49:00,CG
43.26,43.28,43.23,43.25,2390,2022-03-11 15:50:00,CG
43.25,43.2624,43.21,43.26,13238,2022-03-11 15:51:00,CG
43.24,43.25,43.21,43.22,2045,2022-03-11 15:52:00,CG
43.21,43.215,43.17,43.19,2034,2022-03-11 15:53:00,CG
43.17,43.24,43.17,43.205,6038,2022-03-11 15:54:00,CG
43.23,43.24,43.18,43.18,1400,2022-03-11 15:55:00,CG
43.22,43.25,43.21,43.24,2663,2022-03-11 15:56:00,CG
43.25,43.3,43.25,43.3,882,2022-03-11 15:57:00,CG
43.285,43.285,43.235,43.25,6384,2022-03-11 15:58:00,CG
43.26,43.335,43.26,43.335,2011,2022-03-11 15:59:00,CG
43.335,43.335,43.25,43.29,1450,2022-03-11 16:00:00,CG
43.265,43.32,43.25,43.32,2082,2022-03-11 16:01:00,CG
43.28,43.2837,43.225,43.265,1925,2022-03-11 16:02:00,CG
43.26,43.26,43.24,43.24,1833,2022-03-11 16:03:00,CG
43.22,43.22,43.11,43.13,2700,2022-03-11 16:04:00,CG
43.155,43.155,43.05,43.05,812,2022-03-11 16:05:00,CG
43.05,43.05,43.01,43.02,3142,2022-03-11 16:06:00,CG
43.02,43.035,43.015,43.025,3722,2022-03-11 16:07:00,CG
43.03,43.07,43.025,43.055,3602,2022-03-11 16:08:00,CG
43.07,43.085,43.055,43.07,3088,2022-03-11 16:09:00,CG
43.08,43.095,43.04,43.045,5312,2022-03-11 16:10:00,CG
43.05,43.05,43.05,43.05,2400,2022-03-11 16:11:00,CG
43.0301,43.06,43.02,43.035,9070,2022-03-11 16:12:00,CG
43.0352,43.05,43.035,43.05,4057,2022-03-11 16:13:00,CG
43.06,43.075,42.99,43.025,8225,2022-03-11 16:14:00,CG
43.025,43.025,42.985,43.01,6190,2022-03-11 16:15:00,CG
43.0,43.0,42.97,42.97,1956,2022-03-11 16:16:00,CG
42.97,43.04,42.97,43.0,1559,2022-03-11 16:17:00,CG
42.99,42.99,42.97,42.99,3211,2022-03-11 16:18:00,CG
43.03,43.04,43.03,43.035,900,2022-03-11 16:19:00,CG
43.05,43.1,43.05,43.1,500,2022-03-11 16:20:00,CG
43.11,43.13,43.1,43.13,1468,2022-03-11 16:21:00,CG
43.135,43.15,43.05,43.05,2525,2022-03-11 16:22:00,CG
43.0609,43.0609,43.0,43.0,1125,2022-03-11 16:23:00,CG
43.04,43.07,43.04,43.07,2985,2022-03-11 16:24:00,CG
43.07,43.07,43.07,43.07,800,2022-03-11 16:25:00,CG
43.07,43.09,43.04,43.04,2868,2022-03-11 16:26:00,CG
43.04,43.04,43.02,43.02,549,2022-03-11 16:27:00,CG
43.01,43.01,42.99,42.99,1050,2022-03-11 16:28:00,CG
42.98,42.98,42.96,42.97,1015,2022-03-11 16:29:00,CG
42.97,43.0,42.96,42.995,12132,2022-03-11 16:30:00,CG
43.0099,43.015,42.98,42.98,3127,2022-03-11 16:31:00,CG
42.975,42.975,42.95,42.95,900,2022-03-11 16:32:00,CG
42.89,42.89,42.88,42.885,700,2022-03-11 16:33:00,CG
42.87,42.875,42.87,42.875,1116,2022-03-11 16:34:00,CG
42.88,42.935,42.87,42.935,4282,2022-03-11 16:35:00,CG
42.93,42.96,42.92,42.96,2872,2022-03-11 16:36:00,CG
42.95,42.98,42.93,42.98,3520,2022-03-11 16:37:00,CG
42.97,43.02,42.97,43.02,1374,2022-03-11 16:38:00,CG
43.005,43.01,43.005,43.01,439,2022-03-11 16:39:00,CG
43.015,43.05,43.015,43.02,4857,2022-03-11 16:40:00,CG
43.015,43.02,43.0,43.0,1400,2022-03-11 16:41:00,CG
42.99,42.99,42.89,42.95,5455,2022-03-11 16:42:00,CG
42.94,42.98,42.93,42.98,1808,2022-03-11 16:43:00,CG
42.94,42.99,42.94,42.99,600,2022-03-11 16:44:00,CG
42.98,43.015,42.965,42.99,1358,2022-03-11 16:45:00,CG
42.97,43.015,42.97,43.015,1055,2022-03-11 16:46:00,CG
43.025,43.065,43.025,43.065,2394,2022-03-11 16:47:00,CG
43.06,43.08,43.06,43.075,3167,2022-03-11 16:48:00,CG
43.09,43.09,43.07,43.07,2281,2022-03-11 16:49:00,CG
43.05,43.05,43.04,43.05,600,2022-03-11 16:50:00,CG
43.03,43.05,43.01,43.045,3843,2022-03-11 16:51:00,CG
43.04,43.09,43.04,43.08,2554,2022-03-11 16:52:00,CG
43.0893,43.0893,43.07,43.085,2363,2022-03-11 16:53:00,CG
43.07,43.12,43.07,43.12,2544,2022-03-11 16:54:00,CG
43.13,43.18,43.13,43.17,1672,2022-03-11 16:55:00,CG
43.18,43.18,43.16,43.16,1600,2022-03-11 16:56:00,CG
43.16,43.2387,43.16,43.18,3598,2022-03-11 16:57:00,CG
43.2,43.2,43.17,43.19,1162,2022-03-11 16:58:00,CG
43.1701,43.21,43.1701,43.21,2096,2022-03-11 16:59:00,CG
43.22,43.22,43.19,43.21,2699,2022-03-11 17:00:00,CG
43.23,43.23,43.18,43.19,783,2022-03-11 17:01:00,CG
43.21,43.23,43.17,43.17,3546,2022-03-11 17:02:00,CG
43.17,43.18,43.11,43.13,2685,2022-03-11 17:03:00,CG
43.14,43.185,43.14,43.17,2163,2022-03-11 17:04:00,CG
43.17,43.21,43.14,43.14,3731,2022-03-11 17:05:00,CG
43.1,43.1,43.1,43.1,300,2022-03-11 17:06:00,CG
43.09,43.12,43.08,43.12,1700,2022-03-11 17:07:00,CG
43.11,43.11,43.06,43.0997,2949,2022-03-11 17:08:00,CG
43.1,43.11,43.06,43.075,1889,2022-03-11 17:09:00,CG
43.09,43.1,43.09,43.1,2397,2022-03-11 17:10:00,CG
43.11,43.11,43.09,43.09,700,2022-03-11 17:11:00,CG
43.07,43.12,43.07,43.12,2543,2022-03-11 17:12:00,CG
43.11,43.13,43.11,43.13,1212,2022-03-11 17:13:00,CG
43.12,43.12,43.11,43.12,1900,2022-03-11 17:14:00,CG
43.11,43.12,43.11,43.11,1500,2022-03-11 17:15:00,CG
43.115,43.115,43.1,43.1,200,2022-03-11 17:16:00,CG
43.115,43.1662,43.115,43.14,2789,2022-03-11 17:17:00,CG
43.14,43.14,43.1,43.1,1957,2022-03-11 17:18:00,CG
43.115,43.15,43.115,43.15,1523,2022-03-11 17:19:00,CG
43.17,43.22,43.17,43.21,1701,2022-03-11 17:20:00,CG
43.22,43.24,43.18,43.18,2511,2022-03-11 17:21:00,CG
43.165,43.165,43.13,43.14,1723,2022-03-11 17:22:00,CG
43.15,43.16,43.12,43.135,2264,2022-03-11 17:23:00,CG
43.12,43.12,43.11,43.12,1265,2022-03-11 17:24:00,CG
43.11,43.11,43.085,43.085,2212,2022-03-11 17:25:00,CG
43.07,43.11,43.07,43.08,2525,2022-03-11 17:27:00,CG
43.1,43.11,43.0971,43.0971,1009,2022-03-11 17:28:00,CG
43.09,43.09,43.02,43.02,2888,2022-03-11 17:29:00,CG
43.05,43.06,43.05,43.06,1796,2022-03-11 17:30:00,CG
43.05,43.06,43.045,43.06,2743,2022-03-11 17:31:00,CG
43.05,43.065,43.02,43.04,2567,2022-03-11 17:32:00,CG
43.05,43.0796,43.05,43.06,2236,2022-03-11 17:34:00,CG
43.04,43.04,42.99,43.0,2710,2022-03-11 17:35:00,CG
42.99,43.01,42.98,43.0,12456,2022-03-11 17:36:00,CG
42.99,42.99,42.95,42.955,2561,2022-03-11 17:37:00,CG
42.955,42.955,42.955,42.955,100,2022-03-11 17:38:00,CG
42.94,42.955,42.94,42.95,431,2022-03-11 17:39:00,CG
42.97,42.98,42.965,42.98,2798,2022-03-11 17:40:00,CG
42.98,42.98,42.96,42.96,1845,2022-03-11 17:41:00,CG
42.9552,42.97,42.94,42.96,2899,2022-03-11 17:42:00,CG
42.94,42.98,42.94,42.98,2552,2022-03-11 17:43:00,CG
43.0,43.0,42.99,43.0,2057,2022-03-11 17:44:00,CG
43.01,43.07,43.0,43.01,6485,2022-03-11 17:45:00,CG
43.02,43.08,43.02,43.07,2018,2022-03-11 17:46:00,CG
43.0724,43.08,43.04,43.06,3224,2022-03-11 17:47:00,CG
43.06,43.08,43.05,43.05,2672,2022-03-11 17:48:00,CG
43.05,43.05,43.04,43.04,950,2022-03-11 17:49:00,CG
43.04,43.06,43.04,43.06,659,2022-03-11 17:50:00,CG
43.08,43.08,43.05,43.05,1912,2022-03-11 17:51:00,CG
43.05,43.07,43.03,43.05,829,2022-03-11 17:52:00,CG
43.03,43.06,43.02,43.06,2800,2022-03-11 17:53:00,CG
43.065,43.1,43.065,43.1,400,2022-03-11 17:54:00,CG
43.06,43.125,43.06,43.125,1550,2022-03-11 17:55:00,CG
43.11,43.19,43.11,43.19,2859,2022-03-11 17:56:00,CG
43.21,43.21,43.06,43.06,4547,2022-03-11 17:57:00,CG
43.06,43.06,43.04,43.05,2433,2022-03-11 17:58:00,CG
43.06,43.07,43.06,43.0667,2586,2022-03-11 17:59:00,CG
43.0666,43.075,43.03,43.06,2347,2022-03-11 18:00:00,CG
43.07,43.11,43.06,43.11,3987,2022-03-11 18:01:00,CG
43.14,43.16,43.14,43.15,523,2022-03-11 18:02:00,CG
43.14,43.17,43.13,43.13,3224,2022-03-11 18:03:00,CG
43.12,43.15,43.11,43.15,2228,2022-03-11 18:04:00,CG
43.145,43.16,43.145,43.16,800,2022-03-11 18:05:00,CG
43.19,43.2,43.15,43.17,2593,2022-03-11 18:06:00,CG
43.15,43.16,43.14,43.15,2781,2022-03-11 18:07:00,CG
43.14,43.14,43.14,43.14,374,2022-03-11 18:08:00,CG
43.12,43.14,43.11,43.11,1700,2022-03-11 18:09:00,CG
43.14,43.15,43.12,43.14,1510,2022-03-11 18:10:00,CG
43.13,43.13,43.115,43.115,2368,2022-03-11 18:11:00,CG
43.11,43.11,43.07,43.07,1400,2022-03-11 18:12:00,CG
43.085,43.12,43.085,43.12,1590,2022-03-11 18:13:00,CG
43.11,43.11,43.06,43.07,2994,2022-03-11 18:14:00,CG
43.08,43.14,43.08,43.14,2188,2022-03-11 18:15:00,CG
43.12,43.125,43.12,43.125,600,2022-03-11 18:16:00,CG
43.125,43.135,43.12,43.13,1800,2022-03-11 18:17:00,CG
43.14,43.17,43.14,43.15,2624,2022-03-11 18:18:00,CG
43.13,43.14,43.08,43.09,3538,2022-03-11 18:19:00,CG
43.095,43.14,43.095,43.13,4250,2022-03-11 18:20:00,CG
43.1,43.15,43.1,43.15,1707,2022-03-11 18:21:00,CG
43.14,43.15,43.135,43.15,1936,2022-03-11 18:22:00,CG
43.14,43.15,43.14,43.15,1319,2022-03-11 18:23:00,CG
43.18,43.18,43.165,43.165,1472,2022-03-11 18:25:00,CG
43.22,43.24,43.18,43.18,4559,2022-03-11 18:26:00,CG
43.1852,43.22,43.1852,43.2,2642,2022-03-11 18:27:00,CG
43.19,43.21,43.19,43.21,2152,2022-03-11 18:28:00,CG
43.1951,43.1951,43.19,43.19,945,2022-03-11 18:29:00,CG
43.19,43.22,43.19,43.21,2224,2022-03-11 18:30:00,CG
43.21,43.23,43.19,43.2,1947,2022-03-11 18:31:00,CG
43.18,43.2,43.17,43.19,3801,2022-03-11 18:32:00,CG
43.185,43.21,43.185,43.2,3196,2022-03-11 18:33:00,CG
43.2,43.2,43.17,43.18,1124,2022-03-11 18:34:00,CG
43.19,43.2194,43.19,43.19,2606,2022-03-11 18:35:00,CG
43.185,43.23,43.185,43.23,1802,2022-03-11 18:36:00,CG
43.23,43.23,43.18,43.18,2600,2022-03-11 18:37:00,CG
43.18,43.19,43.17,43.19,2044,2022-03-11 18:38:00,CG
43.18,43.2,43.18,43.2,1800,2022-03-11 18:39:00,CG
43.2,43.21,43.19,43.21,2177,2022-03-11 18:40:00,CG
43.2,43.2,43.17,43.195,4200,2022-03-11 18:41:00,CG
43.2,43.2,43.15,43.16,10593,2022-03-11 18:42:00,CG
43.155,43.155,43.12,43.14,2194,2022-03-11 18:43:00,CG
43.14,43.2,43.14,43.165,8524,2022-03-11 18:44:00,CG
43.17,43.19,43.15,43.18,2903,2022-03-11 18:45:00,CG
43.17,43.17,43.16,43.16,1200,2022-03-11 18:46:00,CG
43.16,43.18,43.16,43.16,1267,2022-03-11 18:47:00,CG
43.16,43.165,43.16,43.165,700,2022-03-11 18:48:00,CG
43.18,43.21,43.18,43.21,1661,2022-03-11 18:49:00,CG
43.22,43.2624,43.2,43.21,4569,2022-03-11 18:50:00,CG
43.14,43.17,43.14,43.17,1763,2022-03-11 18:51:00,CG
43.17,43.17,43.14,43.15,2064,2022-03-11 18:52:00,CG
43.13,43.13,43.095,43.12,2288,2022-03-11 18:53:00,CG
43.13,43.13,43.1,43.11,2600,2022-03-11 18:54:00,CG
43.1,43.12,43.1,43.12,1300,2022-03-11 18:55:00,CG
43.125,43.13,43.11,43.13,1400,2022-03-11 18:56:00,CG
43.13,43.13,43.1,43.11,1951,2022-03-11 18:57:00,CG
43.1,43.1,43.08,43.1,2894,2022-03-11 18:58:00,CG
43.07,43.08,43.07,43.07,1494,2022-03-11 18:59:00,CG
43.06,43.11,43.06,43.1,3452,2022-03-11 19:00:00,CG
43.1,43.1,43.08,43.08,1100,2022-03-11 19:01:00,CG
43.095,43.11,43.09,43.1,700,2022-03-11 19:02:00,CG
43.1,43.13,43.08,43.11,3969,2022-03-11 19:03:00,CG
43.13,43.14,43.11,43.12,3251,2022-03-11 19:04:00,CG
43.14,43.1686,43.14,43.16,650,2022-03-11 19:05:00,CG
43.13,43.155,43.12,43.155,2441,2022-03-11 19:06:00,CG
43.15,43.18,43.15,43.17,1700,2022-03-11 19:07:00,CG
43.17,43.2,43.16,43.19,3931,2022-03-11 19:08:00,CG
43.2,43.24,43.2,43.22,2460,2022-03-11 19:09:00,CG
43.22,43.22,43.19,43.2,3037,2022-03-11 19:10:00,CG
43.2,43.21,43.19,43.21,2620,2022-03-11 19:11:00,CG
43.21,43.215,43.2,43.215,1139,2022-03-11 19:12:00,CG
43.2,43.2,43.17,43.18,1841,2022-03-11 19:13:00,CG
43.185,43.2,43.185,43.2,1350,2022-03-11 19:14:00,CG
43.21,43.28,43.21,43.28,5119,2022-03-11 19:15:00,CG
43.24,43.25,43.23,43.24,1912,2022-03-11 19:16:00,CG
43.23,43.23,43.19,43.19,2858,2022-03-11 19:17:00,CG
43.18,43.18,43.17,43.17,867,2022-03-11 19:18:00,CG
43.175,43.18,43.15,43.15,3776,2022-03-11 19:19:00,CG
43.14,43.15,43.12,43.12,801,2022-03-11 19:20:00,CG
43.12,43.12,43.12,43.12,100,2022-03-11 19:21:00,CG
43.14,43.17,43.14,43.16,1804,2022-03-11 19:22:00,CG
43.16,43.17,43.13,43.14,2248,2022-03-11 19:23:00,CG
43.13,43.14,43.11,43.12,2969,2022-03-11 19:24:00,CG
43.11,43.16,43.09,43.16,3014,2022-03-11 19:25:00,CG
43.15,43.165,43.13,43.15,4131,2022-03-11 19:26:00,CG
43.16,43.19,43.16,43.19,1554,2022-03-11 19:27:00,CG
43.2,43.25,43.2,43.25,3655,2022-03-11 19:28:00,CG
43.25,43.29,43.24,43.27,5300,2022-03-11 19:29:00,CG
43.285,43.285,43.22,43.22,3299,2022-03-11 19:30:00,CG
43.24,43.25,43.2,43.21,5133,2022-03-11 19:31:00,CG
43.2,43.225,43.19,43.19,3964,2022-03-11 19:32:00,CG
43.19,43.19,43.18,43.1899,900,2022-03-11 19:33:00,CG
43.18,43.18,43.15,43.16,3486,2022-03-11 19:34:00,CG
43.15,43.15,43.115,43.14,3061,2022-03-11 19:35:00,CG
43.13,43.15,43.1,43.135,3356,2022-03-11 19:36:00,CG
43.13,43.14,43.12,43.14,1362,2022-03-11 19:37:00,CG
43.16,43.18,43.12,43.145,2994,2022-03-11 19:38:00,CG
43.15,43.16,43.12,43.12,2531,2022-03-11 19:39:00,CG
43.11,43.13,43.09,43.09,2129,2022-03-11 19:40:00,CG
43.09,43.095,43.07,43.07,963,2022-03-11 19:41:00,CG
43.1,43.11,43.03,43.04,16605,2022-03-11 19:42:00,CG
43.03,43.05,43.03,43.04,11893,2022-03-11 19:43:00,CG
43.04,43.06,43.01,43.045,15465,2022-03-11 19:44:00,CG
43.06,43.06,43.005,43.02,6044,2022-03-11 19:45:00,CG
43.02,43.03,43.01,43.02,1452,2022-03-11 19:46:00,CG
43.01,43.01,43.01,43.01,731,2022-03-11 19:47:00,CG
43.01,43.01,43.0,43.005,1927,2022-03-11 19:48:00,CG
43.01,43.01,43.01,43.01,100,2022-03-11 19:49:00,CG
43.0,43.04,42.97,43.04,16412,2022-03-11 19:50:00,CG
43.04,43.04,43.02,43.03,1700,2022-03-11 19:51:00,CG
43.01,43.03,42.99,43.01,6636,2022-03-11 19:52:00,CG
43.0,43.005,42.97,42.97,14562,2022-03-11 19:53:00,CG
42.98,42.98,42.96,42.96,2649,2022-03-11 19:54:00,CG
42.95,42.955,42.93,42.955,1709,2022-03-11 19:55:00,CG
42.94,42.95,42.94,42.95,3563,2022-03-11 19:56:00,CG
42.95,42.95,42.93,42.94,3040,2022-03-11 19:57:00,CG
42.95,42.97,42.94,42.94,3545,2022-03-11 19:58:00,CG
42.94,42.95,42.93,42.95,1918,2022-03-11 19:59:00,CG
42.94,42.94,42.91,42.91,2494,2022-03-11 20:00:00,CG
42.9,42.925,42.9,42.925,3078,2022-03-11 20:01:00,CG
42.91,42.91,42.87,42.87,3534,2022-03-11 20:02:00,CG
42.86,42.86,42.84,42.84,600,2022-03-11 20:03:00,CG
42.84,42.86,42.83,42.83,2570,2022-03-11 20:04:00,CG
42.84,42.85,42.83,42.83,5023,2022-03-11 20:05:00,CG
42.84,42.85,42.795,42.805,3384,2022-03-11 20:06:00,CG
42.79,42.8,42.78,42.8,1215,2022-03-11 20:07:00,CG
42.79,42.79,42.75,42.75,2250,2022-03-11 20:08:00,CG
42.76,42.76,42.75,42.75,1495,2022-03-11 20:09:00,CG
42.76,42.77,42.76,42.77,1200,2022-03-11 20:10:00,CG
42.77,42.78,42.76,42.76,5460,2022-03-11 20:11:00,CG
42.78,42.79,42.73,42.73,4400,2022-03-11 20:12:00,CG
42.75,42.77,42.74,42.76,3361,2022-03-11 20:13:00,CG
42.77,42.7899,42.76,42.76,2583,2022-03-11 20:14:00,CG
42.78,42.78,42.74,42.74,5021,2022-03-11 20:15:00,CG
42.75,42.75,42.72,42.74,3908,2022-03-11 20:16:00,CG
42.74,42.755,42.7,42.73,4798,2022-03-11 20:17:00,CG
42.75,42.79,42.75,42.77,2124,2022-03-11 20:18:00,CG
42.75,42.7869,42.75,42.78,2091,2022-03-11 20:19:00,CG
42.775,42.81,42.755,42.805,3176,2022-03-11 20:20:00,CG
42.8,42.83,42.79,42.8,4132,2022-03-11 20:21:00,CG
42.8,42.81,42.8,42.8,1475,2022-03-11 20:22:00,CG
42.82,42.865,42.82,42.85,2536,2022-03-11 20:23:00,CG
42.85,42.85,42.83,42.83,5177,2022-03-11 20:24:00,CG
42.825,42.825,42.8,42.8,3085,2022-03-11 20:25:00,CG
42.79,42.8,42.77,42.7883,4057,2022-03-11 20:26:00,CG
42.78,42.785,42.725,42.725,4693,2022-03-11 20:27:00,CG
42.73,42.73,42.7,42.7,1439,2022-03-11 20:28:00,CG
42.7,42.7313,42.7,42.725,2616,2022-03-11 20:29:00,CG
42.72,42.72,42.66,42.665,3828,2022-03-11 20:30:00,CG
42.645,42.66,42.63,42.64,4224,2022-03-11 20:31:00,CG
42.64,42.65,42.61,42.64,3463,2022-03-11 20:32:00,CG
42.62,42.63,42.615,42.62,1924,2022-03-11 20:33:00,CG
42.61,42.61,42.58,42.59,4158,2022-03-11 20:34:00,CG
42.59,42.65,42.59,42.65,4740,2022-03-11 20:35:00,CG
42.65,42.665,42.63,42.65,8784,2022-03-11 20:36:00,CG
42.66,42.68,42.64,42.68,3639,2022-03-11 20:37:00,CG
42.675,42.705,42.67,42.7,3805,2022-03-11 20:38:00,CG
42.71,42.72,42.65,42.655,10633,2022-03-11 20:39:00,CG
42.65,42.68,42.6,42.62,13732,2022-03-11 20:40:00,CG
42.62,42.62,42.6,42.61,2500,2022-03-11 20:41:00,CG
42.61,42.68,42.61,42.68,1670,2022-03-11 20:42:00,CG
42.68,42.72,42.59,42.61,11079,2022-03-11 20:43:00,CG
42.59,42.61,42.57,42.57,4145,2022-03-11 20:44:00,CG
42.58,42.595,42.53,42.54,4835,2022-03-11 20:45:00,CG
42.54,42.54,42.49,42.51,5586,2022-03-11 20:46:00,CG
42.52,42.52,42.51,42.5199,1167,2022-03-11 20:47:00,CG
42.49,42.56,42.49,42.555,9099,2022-03-11 20:48:00,CG
42.57,42.57,42.52,42.52,2900,2022-03-11 20:49:00,CG
42.5,42.51,42.47,42.495,8428,2022-03-11 20:50:00,CG
42.5,42.545,42.49,42.52,8039,2022-03-11 20:51:00,CG
42.515,42.52,42.48,42.509,8479,2022-03-11 20:52:00,CG
42.5,42.505,42.45,42.45,7557,2022-03-11 20:53:00,CG
42.45,42.45,42.4,42.405,15825,2022-03-11 20:54:00,CG
42.4,42.52,42.4,42.44,13141,2022-03-11 20:55:00,CG
42.44,42.47,42.42,42.47,13171,2022-03-11 20:56:00,CG
42.46,42.46,42.4,42.43,16350,2022-03-11 20:57:00,CG
42.435,42.44,42.415,42.43,19233,2022-03-11 20:58:00,CG
42.43,42.48,42.41,42.46,38189,2022-03-11 20:59:00,CG
42.47,42.47,42.47,42.47,698708,2022-03-11 21:00:00,CG
42.01,42.01,42.01,42.01,199,2022-03-14 12:59:00,CG
42.51,42.51,42.5,42.51,300,2022-03-14 13:12:00,CG
42.5,42.5,42.5,42.5,300,2022-03-14 13:13:00,CG
42.72,43.1,42.54,43.08,16095,2022-03-14 13:30:00,CG
43.08,43.21,43.06,43.195,3799,2022-03-14 13:31:00,CG
43.13,43.21,43.06,43.21,5048,2022-03-14 13:32:00,CG
43.095,43.15,42.95,43.1,12112,2022-03-14 13:33:00,CG
43.015,43.09,43.01,43.01,500,2022-03-14 13:34:00,CG
42.99,43.35,42.99,43.24,16906,2022-03-14 13:35:00,CG
43.21,43.31,43.085,43.31,4834,2022-03-14 13:36:00,CG
43.39,43.42,43.198,43.198,4638,2022-03-14 13:37:00,CG
43.21,43.21,43.09,43.09,2844,2022-03-14 13:38:00,CG
43.05,43.14,43.04,43.14,10492,2022-03-14 13:39:00,CG
43.14,43.14,42.885,43.09,5808,2022-03-14 13:40:00,CG
43.14,43.27,43.14,43.22,5760,2022-03-14 13:41:00,CG
43.21,43.25,43.11,43.2,2860,2022-03-14 13:42:00,CG
43.27,43.35,43.22,43.35,9943,2022-03-14 13:43:00,CG
43.41,43.54,43.39,43.54,2516,2022-03-14 13:44:00,CG
43.525,43.61,43.475,43.59,5977,2022-03-14 13:45:00,CG
43.6,43.6,43.41,43.445,8238,2022-03-14 13:46:00,CG
43.42,43.51,43.42,43.5,8523,2022-03-14 13:47:00,CG
43.44,43.71,43.44,43.6297,11508,2022-03-14 13:48:00,CG
43.56,43.595,43.51,43.565,8080,2022-03-14 13:49:00,CG
43.61,43.67,43.57,43.65,3500,2022-03-14 13:50:00,CG
43.615,43.615,43.5,43.5,5430,2022-03-14 13:51:00,CG
43.51,43.51,43.38,43.38,5364,2022-03-14 13:52:00,CG
43.36,43.37,43.305,43.33,2000,2022-03-14 13:53:00,CG
43.34,43.46,43.3,43.31,6412,2022-03-14 13:54:00,CG
43.31,43.37,43.31,43.37,3757,2022-03-14 13:55:00,CG
43.43,43.43,43.24,43.24,3669,2022-03-14 13:56:00,CG
43.26,43.26,43.19,43.21,4924,2022-03-14 13:57:00,CG
43.2,43.3,43.19,43.26,6237,2022-03-14 13:58:00,CG
43.3,43.36,43.3,43.36,4448,2022-03-14 13:59:00,CG
43.33,43.405,43.28,43.35,4960,2022-03-14 14:00:00,CG
43.35,43.42,43.31,43.42,3124,2022-03-14 14:01:00,CG
43.52,43.6,43.49,43.49,4316,2022-03-14 14:02:00,CG
43.48,43.49,43.43,43.49,2416,2022-03-14 14:03:00,CG
43.47,43.47,43.38,43.38,10690,2022-03-14 14:04:00,CG
43.36,43.49,43.36,43.45,4327,2022-03-14 14:05:00,CG
43.47,43.49,43.385,43.41,6349,2022-03-14 14:06:00,CG
43.41,43.47,43.38,43.44,3512,2022-03-14 14:07:00,CG
43.44,43.48,43.43,43.43,3950,2022-03-14 14:08:00,CG
43.42,43.49,43.42,43.47,3100,2022-03-14 14:09:00,CG
43.48,43.52,43.48,43.49,4340,2022-03-14 14:10:00,CG
43.51,43.59,43.51,43.55,3415,2022-03-14 14:11:00,CG
43.545,43.6,43.53,43.6,2183,2022-03-14 14:12:00,CG
43.59,43.63,43.59,43.61,6665,2022-03-14 14:13:00,CG
43.57,43.63,43.56,43.56,3400,2022-03-14 14:14:00,CG
43.55,43.58,43.54,43.57,2300,2022-03-14 14:15:00,CG
43.57,43.61,43.57,43.58,3198,2022-03-14 14:16:00,CG
43.575,43.59,43.5,43.54,4912,2022-03-14 14:17:00,CG
43.59,43.66,43.575,43.66,2029,2022-03-14 14:18:00,CG
43.6,43.62,43.535,43.535,2900,2022-03-14 14:19:00,CG
43.55,43.59,43.49,43.51,4451,2022-03-14 14:20:00,CG
43.49,43.49,43.36,43.36,3034,2022-03-14 14:21:00,CG
43.36,43.38,43.34,43.38,431,2022-03-14 14:22:00,CG
43.33,43.37,43.33,43.37,1700,2022-03-14 14:23:00,CG
43.37,43.41,43.35,43.38,8201,2022-03-14 14:24:00,CG
43.4,43.48,43.4,43.46,1900,2022-03-14 14:25:00,CG
43.42,43.42,43.285,43.35,2504,2022-03-14 14:26:00,CG
43.32,43.32,43.25,43.25,935,2022-03-14 14:27:00,CG
43.224,43.24,43.18,43.18,848,2022-03-14 14:28:00,CG
43.14,43.15,43.09,43.12,1930,2022-03-14 14:29:00,CG
43.09,43.09,42.99,42.99,1718,2022-03-14 14:30:00,CG
43.01,43.05,43.01,43.04,3815,2022-03-14 14:31:00,CG
43.03,43.07,42.97,42.98,13435,2022-03-14 14:32:00,CG
42.98,42.98,42.92,42.92,4435,2022-03-14 14:33:00,CG
42.92,42.94,42.9,42.92,3043,2022-03-14 14:34:00,CG
42.95,43.0,42.89,42.99,11617,2022-03-14 14:35:00,CG
42.99,43.02,42.94,42.94,4862,2022-03-14 14:36:00,CG
42.95,42.95,42.9,42.94,3006,2022-03-14 14:37:00,CG
42.96,43.005,42.9,42.9,1770,2022-03-14 14:38:00,CG
42.89,42.94,42.8846,42.94,1100,2022-03-14 14:39:00,CG
42.96,42.97,42.87,42.87,3640,2022-03-14 14:40:00,CG
42.84,42.87,42.82,42.87,1300,2022-03-14 14:41:00,CG
42.86,42.89,42.86,42.89,1168,2022-03-14 14:42:00,CG
42.85,42.95,42.83,42.95,4500,2022-03-14 14:43:00,CG
42.95,42.95,42.84,42.84,1600,2022-03-14 14:44:00,CG
42.84,42.85,42.83,42.83,1600,2022-03-14 14:45:00,CG
42.84,42.84,42.8,42.8,200,2022-03-14 14:46:00,CG
42.8,42.8,42.76,42.79,2549,2022-03-14 14:47:00,CG
42.76,42.76,42.667,42.67,3568,2022-03-14 14:48:00,CG
42.68,42.68,42.64,42.67,916,2022-03-14 14:49:00,CG
42.66,42.66,42.64,42.64,400,2022-03-14 14:50:00,CG
42.672,42.79,42.672,42.79,3350,2022-03-14 14:51:00,CG
42.805,42.92,42.805,42.89,1470,2022-03-14 14:52:00,CG
42.87,42.87,42.83,42.83,1308,2022-03-14 14:53:00,CG
42.81,42.82,42.79,42.79,748,2022-03-14 14:54:00,CG
42.83,42.84,42.81,42.84,917,2022-03-14 14:55:00,CG
42.82,42.86,42.77,42.79,2600,2022-03-14 14:56:00,CG
42.785,42.785,42.755,42.765,3650,2022-03-14 14:57:00,CG
42.76,42.78,42.73,42.77,1700,2022-03-14 14:58:00,CG
42.79,42.86,42.77,42.82,4238,2022-03-14 14:59:00,CG
42.85,42.86,42.7537,42.7537,2926,2022-03-14 15:00:00,CG
42.78,42.85,42.75,42.825,4562,2022-03-14 15:01:00,CG
42.85,42.8513,42.8,42.82,5883,2022-03-14 15:02:00,CG
42.83,42.83,42.81,42.81,2541,2022-03-14 15:03:00,CG
42.785,42.8,42.77,42.795,3802,2022-03-14 15:04:00,CG
42.8,42.85,42.8,42.85,5449,2022-03-14 15:05:00,CG
42.85,42.85,42.73,42.73,4258,2022-03-14 15:06:00,CG
42.74,42.78,42.74,42.78,1529,2022-03-14 15:07:00,CG
42.77,42.77,42.745,42.76,1310,2022-03-14 15:08:00,CG
42.77,42.77,42.725,42.73,2373,2022-03-14 15:09:00,CG
42.75,42.762,42.74,42.74,1764,2022-03-14 15:10:00,CG
42.71,42.71,42.63,42.63,600,2022-03-14 15:11:00,CG
42.62,42.625,42.6,42.62,1506,2022-03-14 15:12:00,CG
42.63,42.63,42.57,42.57,1262,2022-03-14 15:13:00,CG
42.57,42.57,42.53,42.55,1500,2022-03-14 15:14:00,CG
42.55,42.63,42.55,42.63,3253,2022-03-14 15:15:00,CG
42.655,42.68,42.62,42.62,1656,2022-03-14 15:16:00,CG
42.625,42.65,42.625,42.635,1944,2022-03-14 15:17:00,CG
42.62,42.62,42.56,42.56,2087,2022-03-14 15:18:00,CG
42.58,42.63,42.58,42.63,1869,2022-03-14 15:19:00,CG
42.605,42.605,42.52,42.52,1603,2022-03-14 15:20:00,CG
42.5,42.5,42.46,42.47,2522,2022-03-14 15:21:00,CG
42.45,42.47,42.44,42.46,711,2022-03-14 15:22:00,CG
42.46,42.47,42.46,42.47,712,2022-03-14 15:23:00,CG
42.45,42.48,42.42,42.48,1987,2022-03-14 15:24:00,CG
42.49,42.53,42.4801,42.5,2300,2022-03-14 15:25:00,CG
42.5,42.5,42.48,42.48,4000,2022-03-14 15:26:00,CG
42.47,42.47,42.435,42.445,700,2022-03-14 15:27:00,CG
42.43,42.44,42.43,42.44,601,2022-03-14 15:28:00,CG
42.4,42.42,42.39,42.39,4026,2022-03-14 15:29:00,CG
42.4,42.415,42.4,42.415,803,2022-03-14 15:30:00,CG
42.4,42.45,42.38,42.445,2700,2022-03-14 15:31:00,CG
42.435,42.46,42.435,42.46,900,2022-03-14 15:32:00,CG
42.44,42.44,42.4,42.43,5224,2022-03-14 15:33:00,CG
42.46,42.48,42.46,42.475,1200,2022-03-14 15:34:00,CG
42.47,42.48,42.47,42.47,1725,2022-03-14 15:35:00,CG
42.46,42.46,42.37,42.42,1800,2022-03-14 15:36:00,CG
42.4,42.4,42.33,42.33,1009,2022-03-14 15:37:00,CG
42.31,42.34,42.29,42.32,2504,2022-03-14 15:38:00,CG
42.34,42.34,42.33,42.33,1550,2022-03-14 15:39:00,CG
42.32,42.325,42.26,42.261,1140,2022-03-14 15:40:00,CG
42.26,42.26,42.2,42.21,4038,2022-03-14 15:41:00,CG
42.18,42.18,42.04,42.05,6699,2022-03-14 15:42:00,CG
42.045,42.06,41.94,42.06,9024,2022-03-14 15:43:00,CG
42.07,42.1,42.07,42.07,2221,2022-03-14 15:44:00,CG
42.07,42.07,42.02,42.04,1150,2022-03-14 15:45:00,CG
42.02,42.04,42.015,42.03,1233,2022-03-14 15:46:00,CG
42.06,42.06,42.02,42.025,1200,2022-03-14 15:47:00,CG
42.01,42.04,42.005,42.03,1134,2022-03-14 15:48:00,CG
42.01,42.04,42.01,42.02,2680,2022-03-14 15:49:00,CG
42.01,42.07,42.01,42.07,2307,2022-03-14 15:50:00,CG
42.07,42.1,42.07,42.1,1200,2022-03-14 15:51:00,CG
42.08,42.08,42.05,42.07,2787,2022-03-14 15:52:00,CG
42.065,42.07,42.035,42.07,2735,2022-03-14 15:53:00,CG
42.07,42.07,42.04,42.04,1622,2022-03-14 15:54:00,CG
42.03,42.03,42.01,42.015,412,2022-03-14 15:55:00,CG
42.0,42.07,42.0,42.06,8448,2022-03-14 15:56:00,CG
42.05,42.05,42.03,42.045,810,2022-03-14 15:57:00,CG
42.06,42.08,42.055,42.055,3213,2022-03-14 15:58:00,CG
42.05,42.08,42.05,42.07,1732,2022-03-14 15:59:00,CG
42.02,42.02,42.02,42.02,100,2022-03-14 16:00:00,CG
42.05,42.05,42.02,42.02,1241,2022-03-14 16:01:00,CG
42.03,42.08,42.02,42.02,2867,2022-03-14 16:02:00,CG
42.04,42.08,42.03,42.035,3300,2022-03-14 16:03:00,CG
42.035,42.035,41.99,42.02,7379,2022-03-14 16:04:00,CG
42.03,42.03,42.0,42.03,11720,2022-03-14 16:05:00,CG
42.04,42.06,42.03,42.03,3206,2022-03-14 16:06:00,CG
42.03,42.04,42.03,42.035,504,2022-03-14 16:07:00,CG
42.02,42.02,42.0,42.0,1974,2022-03-14 16:08:00,CG
42.02,42.05,41.97,42.05,31938,2022-03-14 16:09:00,CG
42.055,42.08,42.05,42.06,6900,2022-03-14 16:10:00,CG
42.06,42.06,42.03,42.05,3001,2022-03-14 16:11:00,CG
42.07,42.07,42.0,42.03,1362,2022-03-14 16:12:00,CG
42.01,42.02,42.0,42.0,2182,2022-03-14 16:13:00,CG
41.99,41.99,41.965,41.975,11858,2022-03-14 16:14:00,CG
41.98,42.04,41.975,42.04,700,2022-03-14 16:15:00,CG
42.03,42.05,42.03,42.035,3833,2022-03-14 16:16:00,CG
42.05,42.085,42.045,42.08,2025,2022-03-14 16:17:00,CG
42.08,42.08,42.05,42.05,1500,2022-03-14 16:18:00,CG
42.055,42.1,42.055,42.065,3351,2022-03-14 16:19:00,CG
42.08,42.08,42.05,42.05,300,2022-03-14 16:20:00,CG
42.035,42.035,42.015,42.03,1012,2022-03-14 16:21:00,CG
42.04,42.06,42.04,42.05,2454,2022-03-14 16:22:00,CG
42.04,42.05,42.04,42.05,400,2022-03-14 16:23:00,CG
42.03,42.08,42.03,42.08,1300,2022-03-14 16:24:00,CG
42.06,42.06,42.025,42.025,600,2022-03-14 16:25:00,CG
42.04,42.04,42.01,42.01,2333,2022-03-14 16:26:00,CG
42.0,42.06,42.0,42.06,1601,2022-03-14 16:27:00,CG
42.05,42.065,42.05,42.065,1642,2022-03-14 16:28:00,CG
42.08,42.13,42.08,42.13,932,2022-03-14 16:29:00,CG
42.15,42.165,42.0987,42.0987,1904,2022-03-14 16:30:00,CG
42.12,42.16,42.11,42.12,2000,2022-03-14 16:31:00,CG
42.135,42.15,42.135,42.15,700,2022-03-14 16:32:00,CG
42.16,42.17,42.11,42.11,1504,2022-03-14 16:33:00,CG
42.1,42.12,42.1,42.1,1245,2022-03-14 16:34:00,CG
42.07,42.07,42.05,42.05,800,2022-03-14 16:35:00,CG
42.02,42.05,42.01,42.05,1400,2022-03-14 16:36:00,CG
42.09,42.09,42.085,42.09,1206,2022-03-14 16:37:00,CG
42.11,42.14,42.11,42.12,1317,2022-03-14 16:38:00,CG
42.1,42.1,42.08,42.1,300,2022-03-14 16:39:00,CG
42.09,42.11,42.09,42.11,1875,2022-03-14 16:40:00,CG
42.11,42.11,42.09,42.09,1100,2022-03-14 16:41:00,CG
42.13,42.13,42.1,42.1,1996,2022-03-14 16:42:00,CG
42.09,42.09,42.03,42.03,2176,2022-03-14 16:43:00,CG
42.08,42.1,42.015,42.02,3708,2022-03-14 16:44:00,CG
42.02,42.02,42.01,42.01,2000,2022-03-14 16:45:00,CG
42.0,42.01,41.99,42.01,1400,2022-03-14 16:46:00,CG
42.0,42.0,41.96,41.96,2750,2022-03-14 16:47:00,CG
41.914,41.97,41.91,41.97,1314,2022-03-14 16:48:00,CG
42.0,42.0,41.95,41.95,1783,2022-03-14 16:49:00,CG
41.97,41.97,41.94,41.94,1031,2022-03-14 16:50:00,CG
41.94,41.94,41.94,41.94,359,2022-03-14 16:51:00,CG
41.92,41.9299,41.88,41.88,2400,2022-03-14 16:52:00,CG
41.87,41.87,41.826,41.85,2204,2022-03-14 16:53:00,CG
41.84,41.84,41.83,41.83,700,2022-03-14 16:54:00,CG
41.82,41.82,41.8,41.81,900,2022-03-14 16:55:00,CG
41.82,41.82,41.8072,41.8072,300,2022-03-14 16:56:00,CG
41.83,41.86,41.8201,41.86,1000,2022-03-14 16:57:00,CG
41.85,41.85,41.83,41.83,2196,2022-03-14 16:58:00,CG
41.82,41.82,41.774,41.774,1500,2022-03-14 16:59:00,CG
41.8,41.84,41.8,41.84,1495,2022-03-14 17:00:00,CG
41.84,41.84,41.801,41.801,1700,2022-03-14 17:01:00,CG
41.8,41.82,41.8,41.81,1001,2022-03-14 17:02:00,CG
41.81,41.81,41.78,41.78,1572,2022-03-14 17:03:00,CG
41.79,41.8,41.75,41.75,1418,2022-03-14 17:04:00,CG
41.75,41.75,41.74,41.745,1500,2022-03-14 17:05:00,CG
41.76,41.77,41.7,41.75,5296,2022-03-14 17:06:00,CG
41.75,41.75,41.75,41.75,800,2022-03-14 17:07:00,CG
41.75,41.76,41.69,41.7018,2817,2022-03-14 17:08:00,CG
41.7,41.7,41.68,41.68,2053,2022-03-14 17:09:00,CG
41.7,41.73,41.69,41.73,3713,2022-03-14 17:10:00,CG
41.73,41.75,41.73,41.74,2429,2022-03-14 17:11:00,CG
41.75,41.78,41.75,41.76,1359,2022-03-14 17:12:00,CG
41.77,41.77,41.74,41.74,1000,2022-03-14 17:13:00,CG
41.745,41.76,41.7,41.72,4149,2022-03-14 17:14:00,CG
41.71,41.73,41.71,41.73,800,2022-03-14 17:15:00,CG
41.735,41.77,41.72,41.72,2550,2022-03-14 17:16:00,CG
41.71,41.71,41.69,41.7,1200,2022-03-14 17:17:00,CG
41.695,41.74,41.695,41.74,3434,2022-03-14 17:18:00,CG
41.74,41.77,41.73,41.77,600,2022-03-14 17:19:00,CG
41.77,41.77,41.7,41.7,3435,2022-03-14 17:20:00,CG
41.67,41.69,41.67,41.69,1028,2022-03-14 17:21:00,CG
41.68,41.68,41.66,41.66,800,2022-03-14 17:22:00,CG
41.66,41.6705,41.6501,41.6501,5623,2022-03-14 17:23:00,CG
41.68,41.72,41.68,41.715,1550,2022-03-14 17:24:00,CG
41.72,41.72,41.69,41.7,1391,2022-03-14 17:25:00,CG
41.71,41.71,41.685,41.685,1187,2022-03-14 17:27:00,CG
41.67,41.6899,41.62,41.62,4019,2022-03-14 17:28:00,CG
41.64,41.66,41.64,41.659,415,2022-03-14 17:29:00,CG
41.68,41.695,41.65,41.65,1800,2022-03-14 17:30:00,CG
41.68,41.68,41.66,41.66,1332,2022-03-14 17:31:00,CG
41.64,41.66,41.64,41.66,1712,2022-03-14 17:32:00,CG
41.64,41.64,41.6,41.6,1332,2022-03-14 17:33:00,CG
41.59,41.64,41.58,41.64,2066,2022-03-14 17:34:00,CG
41.63,41.63,41.63,41.63,600,2022-03-14 17:35:00,CG
41.635,41.635,41.55,41.565,11559,2022-03-14 17:36:00,CG
41.58,41.61,41.58,41.58,1100,2022-03-14 17:37:00,CG
41.6,41.62,41.57,41.57,2198,2022-03-14 17:38:00,CG
41.57,41.57,41.57,41.57,1600,2022-03-14 17:39:00,CG
41.6,41.64,41.59,41.6,4100,2022-03-14 17:40:00,CG
41.61,41.64,41.61,41.64,800,2022-03-14 17:41:00,CG
41.62,41.63,41.6,41.63,1321,2022-03-14 17:42:00,CG
41.66,41.685,41.637,41.685,950,2022-03-14 17:43:00,CG
41.685,41.685,41.645,41.645,2494,2022-03-14 17:44:00,CG
41.67,41.72,41.66,41.7,4785,2022-03-14 17:45:00,CG
41.69,41.69,41.64,41.64,2100,2022-03-14 17:46:00,CG
41.63,41.63,41.58,41.6,1926,2022-03-14 17:47:00,CG
41.61,41.64,41.61,41.62,1029,2022-03-14 17:48:00,CG
41.63,41.64,41.61,41.63,800,2022-03-14 17:49:00,CG
41.65,41.75,41.65,41.75,1630,2022-03-14 17:50:00,CG
41.72,41.72,41.68,41.72,3051,2022-03-14 17:51:00,CG
41.74,41.74,41.72,41.735,5936,2022-03-14 17:52:00,CG
41.735,41.76,41.735,41.75,4200,2022-03-14 17:53:00,CG
41.75,41.76,41.71,41.71,3378,2022-03-14 17:54:00,CG
41.71,41.76,41.705,41.76,1225,2022-03-14 17:55:00,CG
41.76,41.7792,41.74,41.74,3936,2022-03-14 17:56:00,CG
41.7,41.7,41.661,41.661,1119,2022-03-14 17:57:00,CG
41.66,41.675,41.66,41.67,2918,2022-03-14 17:58:00,CG
41.66,41.66,41.6,41.65,3380,2022-03-14 17:59:00,CG
41.65,41.65,41.61,41.61,400,2022-03-14 18:00:00,CG
41.65,41.65,41.62,41.64,4562,2022-03-14 18:01:00,CG
41.66,41.66,41.63,41.65,1297,2022-03-14 18:02:00,CG
41.65,41.66,41.61,41.63,3372,2022-03-14 18:03:00,CG
41.665,41.665,41.64,41.64,1200,2022-03-14 18:04:00,CG
41.65,41.73,41.65,41.73,1100,2022-03-14 18:05:00,CG
41.74,41.77,41.69,41.69,2949,2022-03-14 18:06:00,CG
41.68,41.71,41.68,41.7,800,2022-03-14 18:07:00,CG
41.72,41.74,41.72,41.74,1300,2022-03-14 18:08:00,CG
41.73,41.75,41.69,41.69,2480,2022-03-14 18:09:00,CG
41.69,41.73,41.69,41.73,3505,2022-03-14 18:10:00,CG
41.72,41.72,41.71,41.72,1100,2022-03-14 18:11:00,CG
41.74,41.74,41.72,41.73,2990,2022-03-14 18:12:00,CG
41.72,41.72,41.685,41.7,1309,2022-03-14 18:13:00,CG
41.71,41.72,41.705,41.71,1472,2022-03-14 18:14:00,CG
41.7,41.7,41.685,41.685,700,2022-03-14 18:15:00,CG
41.68,41.7,41.67,41.67,2693,2022-03-14 18:16:00,CG
41.66,41.68,41.64,41.68,1600,2022-03-14 18:17:00,CG
41.68,41.7,41.67,41.67,1429,2022-03-14 18:18:00,CG
41.66,41.68,41.66,41.68,435,2022-03-14 18:19:00,CG
41.69,41.715,41.66,41.66,2968,2022-03-14 18:20:00,CG
41.67,41.68,41.65,41.65,21976,2022-03-14 18:21:00,CG
41.655,41.68,41.655,41.67,1921,2022-03-14 18:22:00,CG
41.67,41.67,41.59,41.59,1837,2022-03-14 18:23:00,CG
41.595,41.615,41.595,41.61,400,2022-03-14 18:24:00,CG
41.615,41.615,41.59,41.59,1002,2022-03-14 18:25:00,CG
41.6,41.65,41.59,41.65,1300,2022-03-14 18:26:00,CG
41.63,41.63,41.62,41.62,812,2022-03-14 18:27:00,CG
41.6,41.61,41.57,41.6,37852,2022-03-14 18:28:00,CG
41.58,41.6,41.57,41.58,5027,2022-03-14 18:29:00,CG
41.575,41.615,41.575,41.615,3105,2022-03-14 18:30:00,CG
41.6,41.615,41.58,41.615,3692,2022-03-14 18:31:00,CG
41.6,41.61,41.57,41.57,1852,2022-03-14 18:32:00,CG
41.57,41.57,41.48,41.48,27600,2022-03-14 18:33:00,CG
41.49,41.58,41.49,41.56,4114,2022-03-14 18:34:00,CG
41.575,41.6,41.57,41.57,2663,2022-03-14 18:35:00,CG
41.57,41.6,41.57,41.6,600,2022-03-14 18:36:00,CG
41.64,41.69,41.64,41.69,800,2022-03-14 18:37:00,CG
41.69,41.7,41.69,41.69,500,2022-03-14 18:38:00,CG
41.67,41.67,41.62,41.62,2068,2022-03-14 18:39:00,CG
41.625,41.64,41.6,41.6,2248,2022-03-14 18:40:00,CG
41.59,41.63,41.585,41.62,6270,2022-03-14 18:41:00,CG
41.62,41.64,41.62,41.64,2220,2022-03-14 18:42:00,CG
41.66,41.69,41.6,41.6,3785,2022-03-14 18:43:00,CG
41.595,41.63,41.595,41.63,818,2022-03-14 18:44:00,CG
41.65,41.65,41.59,41.6,1900,2022-03-14 18:45:00,CG
41.62,41.64,41.62,41.63,700,2022-03-14 18:46:00,CG
41.68,41.68,41.68,41.68,100,2022-03-14 18:47:00,CG
41.68,41.71,41.66,41.68,3050,2022-03-14 18:48:00,CG
41.69,41.7,41.655,41.655,3124,2022-03-14 18:50:00,CG
41.685,41.73,41.685,41.69,2924,2022-03-14 18:51:00,CG
41.7,41.7,41.7,41.7,200,2022-03-14 18:52:00,CG
41.69,41.73,41.69,41.72,2500,2022-03-14 18:53:00,CG
41.73,41.75,41.72,41.75,700,2022-03-14 18:54:00,CG
41.76,41.8,41.76,41.8,700,2022-03-14 18:55:00,CG
41.83,41.83,41.8,41.8,2300,2022-03-14 18:56:00,CG
41.79,41.8,41.72,41.72,3950,2022-03-14 18:57:00,CG
41.725,41.725,41.69,41.72,1100,2022-03-14 18:58:00,CG
41.71,41.77,41.71,41.72,5180,2022-03-14 18:59:00,CG
41.72,41.734,41.72,41.734,400,2022-03-14 19:00:00,CG
41.73,41.77,41.72,41.77,4152,2022-03-14 19:01:00,CG
41.76,41.8212,41.75,41.815,2991,2022-03-14 19:02:00,CG
41.82,41.82,41.78,41.78,3650,2022-03-14 19:03:00,CG
41.76,41.81,41.76,41.805,1913,2022-03-14 19:04:00,CG
41.79,41.79,41.76,41.76,2600,2022-03-14 19:05:00,CG
41.765,41.8,41.76,41.8,1800,2022-03-14 19:06:00,CG
41.78,41.78,41.76,41.76,1543,2022-03-14 19:07:00,CG
41.75,41.75,41.73,41.73,3608,2022-03-14 19:08:00,CG
41.73,41.74,41.73,41.735,912,2022-03-14 19:09:00,CG
41.72,41.76,41.72,41.76,2037,2022-03-14 19:10:00,CG
41.75,41.82,41.74,41.81,3801,2022-03-14 19:11:00,CG
41.83,41.84,41.8,41.8,2812,2022-03-14 19:12:00,CG
41.82,41.83,41.79,41.8,2451,2022-03-14 19:13:00,CG
41.82,41.83,41.81,41.83,1474,2022-03-14 19:14:00,CG
41.83,41.86,41.82,41.84,3327,2022-03-14 19:15:00,CG
41.8426,41.91,41.84,41.91,3999,2022-03-14 19:16:00,CG
41.93,41.946,41.88,41.88,4095,2022-03-14 19:17:00,CG
41.86,41.86,41.81,41.83,2897,2022-03-14 19:18:00,CG
41.83,41.85,41.83,41.84,2122,2022-03-14 19:19:00,CG
41.83,41.88,41.81,41.88,2639,2022-03-14 19:20:00,CG
41.91,41.91,41.87,41.87,3882,2022-03-14 19:21:00,CG
41.87,41.88,41.845,41.845,3024,2022-03-14 19:22:00,CG
41.86,41.895,41.85,41.88,4998,2022-03-14 19:23:00,CG
41.885,41.91,41.87,41.89,3216,2022-03-14 19:24:00,CG
41.87,41.87,41.86,41.865,1615,2022-03-14 19:25:00,CG
41.86,41.88,41.845,41.87,2876,2022-03-14 19:26:00,CG
41.87,41.87,41.82,41.82,4119,2022-03-14 19:27:00,CG
41.81,41.81,41.77,41.77,3882,2022-03-14 19:28:00,CG
41.78,41.78,41.75,41.75,3373,2022-03-14 19:29:00,CG
41.75,41.755,41.74,41.74,1512,2022-03-14 19:30:00,CG
41.7427,41.7427,41.66,41.67,5935,2022-03-14 19:31:00,CG
41.67,41.67,41.64,41.64,2865,2022-03-14 19:32:00,CG
41.64,41.65,41.6,41.6,4220,2022-03-14 19:33:00,CG
41.59,41.59,41.575,41.59,2475,2022-03-14 19:34:00,CG
41.6,41.61,41.59,41.59,1853,2022-03-14 19:35:00,CG
41.6,41.63,41.6,41.6,2500,2022-03-14 19:36:00,CG
41.61,41.68,41.61,41.61,17098,2022-03-14 19:37:00,CG
41.62,41.635,41.61,41.635,2300,2022-03-14 19:38:00,CG
41.64,41.71,41.64,41.68,6077,2022-03-14 19:39:00,CG
41.67,41.71,41.67,41.7,4278,2022-03-14 19:40:00,CG
41.68,41.6934,41.64,41.68,13064,2022-03-14 19:41:00,CG
41.6797,41.77,41.66,41.77,7219,2022-03-14 19:42:00,CG
41.755,41.77,41.69,41.7,11607,2022-03-14 19:43:00,CG
41.715,41.8,41.715,41.8,2330,2022-03-14 19:44:00,CG
41.82,41.85,41.77,41.77,12006,2022-03-14 19:45:00,CG
41.8,41.82,41.77,41.78,3905,2022-03-14 19:46:00,CG
41.78,41.85,41.77,41.85,5194,2022-03-14 19:47:00,CG
41.85,41.89,41.825,41.84,5570,2022-03-14 19:48:00,CG
41.82,41.89,41.82,41.84,7908,2022-03-14 19:49:00,CG
41.83,41.83,41.72,41.74,6066,2022-03-14 19:50:00,CG
41.75,41.78,41.72,41.78,7566,2022-03-14 19:51:00,CG
41.76,41.8,41.75,41.77,10581,2022-03-14 19:52:00,CG
41.75,41.76,41.73,41.75,6249,2022-03-14 19:53:00,CG
41.74,41.78,41.72,41.78,16971,2022-03-14 19:54:00,CG
41.78,41.83,41.77,41.8,14217,2022-03-14 19:55:00,CG
41.81,41.86,41.78,41.8,19854,2022-03-14 19:56:00,CG
41.8,41.805,41.77,41.77,12335,2022-03-14 19:57:00,CG
41.775,41.79,41.73,41.74,26456,2022-03-14 19:58:00,CG
41.75,41.77,41.72,41.77,20924,2022-03-14 19:59:00,CG
41.77,41.77,41.77,41.77,366894,2022-03-14 20:00:00,CG
42.39,42.39,42.04,42.04,537,2022-03-14 20:49:00,CG
41.4,41.4,41.4,41.4,100,2022-03-15 09:06:00,CG
41.77,41.77,41.77,41.77,4228,2022-03-15 12:54:00,CG
42.4,42.4,42.4,42.4,100,2022-03-15 13:16:00,CG
42.0,42.4,41.78,42.4,23240,2022-03-15 13:30:00,CG
42.39,42.47,42.2,42.21,9439,2022-03-15 13:31:00,CG
42.33,42.42,42.26,42.42,15921,2022-03-15 13:32:00,CG
42.4,42.51,42.29,42.425,2380,2022-03-15 13:33:00,CG
42.425,42.54,42.425,42.52,400,2022-03-15 13:34:00,CG
42.53,42.63,42.52,42.5953,1140,2022-03-15 13:35:00,CG
42.64,42.66,42.5,42.66,14682,2022-03-15 13:36:00,CG
42.7,42.71,42.65,42.68,5024,2022-03-15 13:37:00,CG
42.69,42.75,42.63,42.72,7162,2022-03-15 13:38:00,CG
42.6899,42.85,42.6899,42.85,5876,2022-03-15 13:39:00,CG
42.86,42.99,42.86,42.96,6244,2022-03-15 13:40:00,CG
42.94,42.95,42.86,42.914,6400,2022-03-15 13:41:00,CG
42.92,42.92,42.78,42.78,9096,2022-03-15 13:42:00,CG
42.77,42.875,42.76,42.765,4750,2022-03-15 13:43:00,CG
42.79,42.8,42.72,42.765,2721,2022-03-15 13:44:00,CG
42.79,42.85,42.79,42.85,3212,2022-03-15 13:45:00,CG
42.82,42.86,42.82,42.86,300,2022-03-15 13:46:00,CG
42.815,42.887,42.75,42.887,4588,2022-03-15 13:47:00,CG
42.85,42.87,42.79,42.805,5042,2022-03-15 13:48:00,CG
42.83,42.97,42.83,42.85,5015,2022-03-15 13:49:00,CG
42.88,42.9,42.77,42.81,2812,2022-03-15 13:50:00,CG
42.785,42.92,42.785,42.89,2818,2022-03-15 13:51:00,CG
42.92,42.96,42.92,42.94,560,2022-03-15 13:52:00,CG
42.91,42.96,42.84,42.84,6843,2022-03-15 13:53:00,CG
42.875,42.875,42.77,42.87,5598,2022-03-15 13:54:00,CG
42.83,42.91,42.81,42.91,3948,2022-03-15 13:55:00,CG
42.87,42.9,42.85,42.9,1928,2022-03-15 13:56:00,CG
42.97,43.04,42.97,43.04,2183,2022-03-15 13:57:00,CG
43.0,43.07,42.94,43.07,4882,2022-03-15 13:58:00,CG
43.055,43.09,43.01,43.01,2950,2022-03-15 13:59:00,CG
42.99,43.0,42.94,43.0,3930,2022-03-15 14:00:00,CG
43.0124,43.0295,42.91,42.98,13743,2022-03-15 14:01:00,CG
42.94,42.98,42.89,42.95,5029,2022-03-15 14:02:00,CG
42.935,43.09,42.93,43.09,2550,2022-03-15 14:03:00,CG
43.125,43.21,43.125,43.21,4899,2022-03-15 14:04:00,CG
43.23,43.31,43.23,43.31,5538,2022-03-15 14:05:00,CG
43.28,43.34,43.24,43.31,11335,2022-03-15 14:06:00,CG
43.325,43.35,43.27,43.3374,10506,2022-03-15 14:07:00,CG
43.34,43.37,43.2,43.2,12303,2022-03-15 14:08:00,CG
43.21,43.21,43.05,43.05,2848,2022-03-15 14:09:00,CG
43.065,43.15,43.06,43.06,4994,2022-03-15 14:10:00,CG
43.055,43.08,42.9,42.9,4942,2022-03-15 14:11:00,CG
42.92,43.05,42.92,43.01,8255,2022-03-15 14:12:00,CG
43.01,43.02,42.93,42.93,11455,2022-03-15 14:13:00,CG
42.965,42.98,42.92,42.96,5308,2022-03-15 14:14:00,CG
42.95,42.95,42.89,42.89,1000,2022-03-15 14:15:00,CG
42.9,42.99,42.9,42.99,3625,2022-03-15 14:16:00,CG
42.98,43.07,42.98,43.01,6687,2022-03-15 14:17:00,CG
43.01,43.02,42.945,43.02,4897,2022-03-15 14:18:00,CG
43.04,43.11,43.04,43.08,4458,2022-03-15 14:19:00,CG
43.12,43.12,43.115,43.115,800,2022-03-15 14:20:00,CG
43.115,43.15,42.955,42.955,7280,2022-03-15 14:21:00,CG
42.935,42.975,42.91,42.97,2675,2022-03-15 14:22:00,CG
42.98,43.02,42.93,42.97,4300,2022-03-15 14:23:00,CG
42.99,43.1,42.96,43.1,2124,2022-03-15 14:24:00,CG
43.14,43.2,43.14,43.19,1100,2022-03-15 14:25:00,CG
43.16,43.24,43.14,43.19,14209,2022-03-15 14:26:00,CG
43.2,43.32,43.2,43.32,1316,2022-03-15 14:27:00,CG
43.36,43.39,43.32,43.37,3446,2022-03-15 14:28:00,CG
43.38,43.44,43.36,43.44,3572,2022-03-15 14:29:00,CG
43.48,43.48,43.4,43.43,4267,2022-03-15 14:30:00,CG
43.43,43.47,43.43,43.46,3000,2022-03-15 14:31:00,CG
43.45,43.455,43.4154,43.43,3176,2022-03-15 14:32:00,CG
43.41,43.41,43.36,43.36,1500,2022-03-15 14:33:00,CG
43.3,43.31,43.28,43.28,1482,2022-03-15 14:34:00,CG
43.28,43.32,43.27,43.32,3095,2022-03-15 14:35:00,CG
43.34,43.37,43.29,43.29,4450,2022-03-15 14:36:00,CG
43.28,43.32,43.25,43.32,4490,2022-03-15 14:37:00,CG
43.355,43.37,43.31,43.31,2600,2022-03-15 14:38:00,CG
43.29,43.34,43.28,43.34,1774,2022-03-15 14:39:00,CG
43.38,43.43,43.38,43.43,1325,2022-03-15 14:40:00,CG
43.42,43.42,43.35,43.35,1200,2022-03-15 14:41:00,CG
43.3696,43.4142,43.3696,43.4142,2865,2022-03-15 14:42:00,CG
43.39,43.4,43.36,43.4,2664,2022-03-15 14:43:00,CG
43.43,43.43,43.39,43.41,1955,2022-03-15 14:44:00,CG
43.44,43.45,43.42,43.45,1800,2022-03-15 14:45:00,CG
43.45,43.47,43.45,43.46,700,2022-03-15 14:46:00,CG
43.464,43.48,43.41,43.41,3620,2022-03-15 14:47:00,CG
43.42,43.42,43.4,43.4,1100,2022-03-15 14:48:00,CG
43.43,43.46,43.43,43.45,2373,2022-03-15 14:49:00,CG
43.46,43.47,43.41,43.41,3306,2022-03-15 14:50:00,CG
43.4,43.4,43.33,43.33,3413,2022-03-15 14:51:00,CG
43.35,43.35,43.275,43.275,1350,2022-03-15 14:52:00,CG
43.28,43.33,43.28,43.32,2611,2022-03-15 14:53:00,CG
43.31,43.33,43.3,43.3,700,2022-03-15 14:54:00,CG
43.34,43.34,43.32,43.32,300,2022-03-15 14:55:00,CG
43.3,43.32,43.26,43.31,3814,2022-03-15 14:56:00,CG
43.306,43.33,43.23,43.235,3498,2022-03-15 14:57:00,CG
43.22,43.22,43.155,43.2,2300,2022-03-15 14:58:00,CG
43.19,43.289,43.19,43.289,1625,2022-03-15 14:59:00,CG
43.29,43.29,43.24,43.25,5000,2022-03-15 15:00:00,CG
43.28,43.33,43.24,43.24,6395,2022-03-15 15:01:00,CG
43.24,43.25,43.22,43.23,6396,2022-03-15 15:02:00,CG
43.21,43.22,43.18,43.21,5024,2022-03-15 15:03:00,CG
43.22,43.25,43.22,43.25,800,2022-03-15 15:04:00,CG
43.28,43.29,43.24,43.25,1812,2022-03-15 15:05:00,CG
43.26,43.28,43.22,43.26,2137,2022-03-15 15:06:00,CG
43.28,43.28,43.24,43.26,2550,2022-03-15 15:07:00,CG
43.26,43.28,43.23,43.23,2250,2022-03-15 15:08:00,CG
43.25,43.28,43.24,43.25,1100,2022-03-15 15:09:00,CG
43.2732,43.31,43.25,43.25,4153,2022-03-15 15:10:00,CG
43.24,43.24,43.13,43.13,1729,2022-03-15 15:11:00,CG
43.13,43.13,43.045,43.045,4838,2022-03-15 15:12:00,CG
43.03,43.05,43.01,43.02,4000,2022-03-15 15:13:00,CG
42.99,43.03,42.99,42.99,28150,2022-03-15 15:14:00,CG
42.99,43.02,42.97,42.97,12571,2022-03-15 15:15:00,CG
42.97,42.97,42.88,42.9,7417,2022-03-15 15:16:00,CG
42.9,42.91,42.9,42.905,3244,2022-03-15 15:17:00,CG
42.92,42.94,42.91,42.94,2800,2022-03-15 15:18:00,CG
42.91,42.91,42.88,42.885,1900,2022-03-15 15:19:00,CG
42.875,42.92,42.875,42.895,2516,2022-03-15 15:20:00,CG
42.87,42.87,42.805,42.805,2499,2022-03-15 15:21:00,CG
42.81,42.83,42.81,42.829,975,2022-03-15 15:22:00,CG
42.84,42.88,42.84,42.87,4609,2022-03-15 15:23:00,CG
42.92,43.02,42.92,43.0,2741,2022-03-15 15:25:00,CG
42.99,42.99,42.97,42.97,900,2022-03-15 15:26:00,CG
42.96,42.96,42.94,42.95,1190,2022-03-15 15:27:00,CG
42.95,42.99,42.95,42.985,3048,2022-03-15 15:28:00,CG
42.985,43.01,42.985,43.01,869,2022-03-15 15:29:00,CG
43.01,43.01,42.9,42.9,4178,2022-03-15 15:30:00,CG
42.9,42.98,42.8984,42.955,1768,2022-03-15 15:31:00,CG
42.95,42.97,42.93,42.955,4412,2022-03-15 15:32:00,CG
42.96,42.99,42.96,42.99,500,2022-03-15 15:33:00,CG
43.03,43.03,42.97,42.97,3588,2022-03-15 15:34:00,CG
42.99,43.02,42.975,42.9916,20585,2022-03-15 15:35:00,CG
43.0088,43.0098,42.945,42.98,6018,2022-03-15 15:36:00,CG
42.99,42.999,42.96,42.965,3016,2022-03-15 15:37:00,CG
42.95,42.965,42.95,42.9635,590,2022-03-15 15:38:00,CG
42.964,43.0,42.964,43.0,1919,2022-03-15 15:39:00,CG
42.99,43.0,42.94,42.945,4066,2022-03-15 15:40:00,CG
42.94,42.94,42.94,42.94,100,2022-03-15 15:41:00,CG
42.96,43.03,42.96,43.01,1450,2022-03-15 15:42:00,CG
43.03,43.03,42.94,42.95,3899,2022-03-15 15:43:00,CG
42.92,42.935,42.835,42.835,4050,2022-03-15 15:45:00,CG
42.81,42.87,42.8,42.87,2100,2022-03-15 15:46:00,CG
42.84,42.87,42.83,42.845,3137,2022-03-15 15:47:00,CG
42.83,42.835,42.79,42.81,2999,2022-03-15 15:48:00,CG
42.82,42.83,42.82,42.83,1400,2022-03-15 15:49:00,CG
42.86,42.87,42.805,42.82,4000,2022-03-15 15:50:00,CG
42.86,42.86,42.82,42.82,1963,2022-03-15 15:51:00,CG
42.8381,42.84,42.81,42.84,3649,2022-03-15 15:52:00,CG
42.86,42.95,42.86,42.88,5285,2022-03-15 15:53:00,CG
42.86,42.89,42.64,42.68,6272,2022-03-15 15:54:00,CG
42.64,42.64,42.54,42.54,3045,2022-03-15 15:55:00,CG
42.52,42.52,42.51,42.51,300,2022-03-15 15:56:00,CG
42.59,42.61,42.585,42.61,500,2022-03-15 15:57:00,CG
42.57,42.6,42.54,42.58,3200,2022-03-15 15:58:00,CG
42.57,42.64,42.545,42.62,5369,2022-03-15 15:59:00,CG
42.62,42.62,42.57,42.57,1512,2022-03-15 16:00:00,CG
42.56,42.56,42.54,42.55,1499,2022-03-15 16:01:00,CG
42.535,42.535,42.48,42.49,2300,2022-03-15 16:02:00,CG
42.48,42.49,42.45,42.48,1584,2022-03-15 16:03:00,CG
42.475,42.485,42.44,42.485,21139,2022-03-15 16:04:00,CG
42.5,42.53,42.5,42.53,1650,2022-03-15 16:05:00,CG
42.52,42.56,42.52,42.56,1780,2022-03-15 16:06:00,CG
42.58,42.58,42.56,42.575,3794,2022-03-15 16:07:00,CG
42.5782,42.6,42.5782,42.6,1391,2022-03-15 16:08:00,CG
42.57,42.6,42.534,42.54,3300,2022-03-15 16:09:00,CG
42.5487,42.5487,42.48,42.5,1933,2022-03-15 16:10:00,CG
42.47,42.475,42.47,42.475,800,2022-03-15 16:11:00,CG
42.48,42.5,42.46,42.48,2600,2022-03-15 16:12:00,CG
42.52,42.54,42.5,42.52,2500,2022-03-15 16:13:00,CG
42.5,42.51,42.5,42.51,800,2022-03-15 16:14:00,CG
42.49,42.54,42.4733,42.515,2883,2022-03-15 16:15:00,CG
42.505,42.505,42.47,42.47,1647,2022-03-15 16:16:00,CG
42.47,42.475,42.47,42.475,1439,2022-03-15 16:17:00,CG
42.49,42.54,42.47,42.54,4402,2022-03-15 16:19:00,CG
42.535,42.535,42.52,42.52,400,2022-03-15 16:20:00,CG
42.52,42.53,42.47,42.47,2900,2022-03-15 16:21:00,CG
42.41,42.41,42.41,42.41,100,2022-03-15 16:22:00,CG
42.43,42.47,42.43,42.47,1000,2022-03-15 16:23:00,CG
42.48,42.48,42.48,42.48,500,2022-03-15 16:24:00,CG
42.49,42.52,42.49,42.5,2069,2022-03-15 16:25:00,CG
42.54,42.54,42.53,42.53,200,2022-03-15 16:26:00,CG
42.515,42.55,42.5,42.55,1300,2022-03-15 16:27:00,CG
42.56,42.57,42.52,42.54,4087,2022-03-15 16:28:00,CG
42.5206,42.54,42.5,42.54,2100,2022-03-15 16:29:00,CG
42.53,42.53,42.51,42.51,1100,2022-03-15 16:30:00,CG
42.52,42.54,42.51,42.51,900,2022-03-15 16:31:00,CG
42.4678,42.4678,42.4678,42.4678,600,2022-03-15 16:32:00,CG
42.47,42.51,42.47,42.51,2450,2022-03-15 16:33:00,CG
42.52,42.55,42.52,42.54,1200,2022-03-15 16:34:00,CG
42.54,42.6,42.54,42.585,1816,2022-03-15 16:35:00,CG
42.595,42.595,42.57,42.57,2409,2022-03-15 16:36:00,CG
42.545,42.545,42.5,42.5,1000,2022-03-15 16:37:00,CG
42.48,42.48,42.44,42.452,1815,2022-03-15 16:38:00,CG
42.44,42.44,42.42,42.43,1316,2022-03-15 16:39:00,CG
42.44,42.45,42.42,42.42,2394,2022-03-15 16:40:00,CG
42.45,42.46,42.44,42.45,2259,2022-03-15 16:41:00,CG
42.44,42.45,42.41,42.41,1431,2022-03-15 16:42:00,CG
42.4,42.4,42.37,42.37,1700,2022-03-15 16:43:00,CG
42.39,42.44,42.38,42.44,2750,2022-03-15 16:44:00,CG
42.45,42.47,42.43,42.43,2346,2022-03-15 16:45:00,CG
42.47,42.5499,42.47,42.5499,2008,2022-03-15 16:46:00,CG
42.54,42.55,42.54,42.55,1402,2022-03-15 16:47:00,CG
42.53,42.53,42.52,42.52,700,2022-03-15 16:48:00,CG
42.51,42.51,42.46,42.46,1104,2022-03-15 16:49:00,CG
42.46,42.46,42.41,42.41,1617,2022-03-15 16:50:00,CG
42.43,42.43,42.38,42.38,2100,2022-03-15 16:51:00,CG
42.38,42.38,42.37,42.37,300,2022-03-15 16:52:00,CG
42.36,42.38,42.36,42.38,946,2022-03-15 16:53:00,CG
42.4,42.41,42.4,42.41,400,2022-03-15 16:54:00,CG
42.43,42.43,42.4,42.4,1600,2022-03-15 16:55:00,CG
42.41,42.43,42.395,42.43,2968,2022-03-15 16:56:00,CG
42.45,42.49,42.45,42.49,700,2022-03-15 16:57:00,CG
42.48,42.48,42.45,42.45,1533,2022-03-15 16:58:00,CG
42.465,42.515,42.465,42.515,1300,2022-03-15 16:59:00,CG
42.53,42.56,42.52,42.56,1097,2022-03-15 17:00:00,CG
42.57,42.6,42.57,42.59,426,2022-03-15 17:01:00,CG
42.61,42.61,42.61,42.61,300,2022-03-15 17:02:00,CG
42.62,42.636,42.59,42.636,600,2022-03-15 17:03:00,CG
42.64,42.65,42.63,42.63,1472,2022-03-15 17:04:00,CG
42.62,42.62,42.6,42.6,1745,2022-03-15 17:05:00,CG
42.62,42.62,42.59,42.59,1389,2022-03-15 17:06:00,CG
42.61,42.61,42.58,42.58,1100,2022-03-15 17:07:00,CG
42.57,42.5783,42.5601,42.5601,1364,2022-03-15 17:08:00,CG
42.59,42.6,42.58,42.58,800,2022-03-15 17:09:00,CG
42.61,42.61,42.55,42.59,3135,2022-03-15 17:10:00,CG
42.58,42.58,42.53,42.53,2159,2022-03-15 17:13:00,CG
42.52,42.52,42.445,42.47,800,2022-03-15 17:14:00,CG
42.48,42.5,42.48,42.5,1000,2022-03-15 17:15:00,CG
42.48,42.48,42.44,42.44,1624,2022-03-15 17:16:00,CG
42.44,42.46,42.43,42.43,1300,2022-03-15 17:17:00,CG
42.4,42.4,42.38,42.38,700,2022-03-15 17:19:00,CG
42.36,42.4,42.36,42.4,400,2022-03-15 17:20:00,CG
42.4,42.4,42.4,42.4,600,2022-03-15 17:21:00,CG
42.44,42.45,42.42,42.45,2125,2022-03-15 17:22:00,CG
42.49,42.49,42.49,42.49,300,2022-03-15 17:23:00,CG
42.5,42.51,42.49,42.49,1500,2022-03-15 17:24:00,CG
42.51,42.56,42.51,42.56,800,2022-03-15 17:25:00,CG
42.58,42.6,42.58,42.6,862,2022-03-15 17:26:00,CG
42.57,42.57,42.54,42.54,1935,2022-03-15 17:27:00,CG
42.54,42.54,42.47,42.47,2927,2022-03-15 17:28:00,CG
42.5,42.5,42.435,42.435,926,2022-03-15 17:29:00,CG
42.42,42.46,42.4,42.46,1900,2022-03-15 17:30:00,CG
42.46,42.59,42.46,42.54,29066,2022-03-15 17:31:00,CG
42.535,42.58,42.535,42.58,850,2022-03-15 17:32:00,CG
42.6284,42.63,42.615,42.62,2423,2022-03-15 17:33:00,CG
42.62,42.63,42.61,42.63,1425,2022-03-15 17:34:00,CG
42.66,42.71,42.66,42.709,1700,2022-03-15 17:35:00,CG
42.71,42.71,42.67,42.67,1940,2022-03-15 17:36:00,CG
42.67,42.67,42.64,42.641,500,2022-03-15 17:37:00,CG
42.63,42.635,42.61,42.635,909,2022-03-15 17:38:00,CG
42.62,42.62,42.61,42.6105,1350,2022-03-15 17:39:00,CG
42.6154,42.64,42.6,42.62,4243,2022-03-15 17:40:00,CG
42.63,42.63,42.62,42.62,200,2022-03-15 17:41:00,CG
42.6,42.61,42.58,42.61,1090,2022-03-15 17:42:00,CG
42.62,42.6489,42.62,42.6489,400,2022-03-15 17:43:00,CG
42.66,42.66,42.62,42.65,800,2022-03-15 17:44:00,CG
42.63,42.63,42.6,42.6264,1110,2022-03-15 17:45:00,CG
42.61,42.61,42.61,42.61,140,2022-03-15 17:46:00,CG
42.65,42.651,42.65,42.65,1000,2022-03-15 17:47:00,CG
42.66,42.68,42.66,42.66,1569,2022-03-15 17:48:00,CG
42.65,42.67,42.6,42.6,2300,2022-03-15 17:49:00,CG
42.62,42.625,42.62,42.625,306,2022-03-15 17:50:00,CG
42.64,42.64,42.63,42.63,400,2022-03-15 17:51:00,CG
42.67,42.67,42.64,42.64,400,2022-03-15 17:52:00,CG
42.66,42.695,42.66,42.695,600,2022-03-15 17:53:00,CG
42.68,42.695,42.67,42.695,1150,2022-03-15 17:54:00,CG
42.71,42.739,42.69,42.739,1346,2022-03-15 17:55:00,CG
42.72,42.74,42.72,42.74,700,2022-03-15 17:56:00,CG
42.74,42.75,42.73,42.73,1594,2022-03-15 17:57:00,CG
42.76,42.76,42.74,42.74,929,2022-03-15 17:58:00,CG
42.75,42.75,42.75,42.75,300,2022-03-15 17:59:00,CG
42.74,42.77,42.73,42.77,1200,2022-03-15 18:00:00,CG
42.8,42.8,42.785,42.79,1200,2022-03-15 18:01:00,CG
42.8,42.84,42.8,42.83,3177,2022-03-15 18:02:00,CG
42.83,42.85,42.82,42.85,2830,2022-03-15 18:03:00,CG
42.83,42.86,42.82,42.84,10097,2022-03-15 18:04:00,CG
42.85,42.86,42.73,42.77,6146,2022-03-15 18:05:00,CG
42.75,42.75,42.7,42.7,718,2022-03-15 18:06:00,CG
42.72,42.74,42.69,42.74,1300,2022-03-15 18:07:00,CG
42.77,42.8,42.77,42.8,300,2022-03-15 18:08:00,CG
42.81,42.81,42.8,42.8,1500,2022-03-15 18:09:00,CG
42.78,42.78,42.71,42.71,600,2022-03-15 18:10:00,CG
42.7,42.7,42.7,42.7,1000,2022-03-15 18:11:00,CG
42.6903,42.6903,42.68,42.68,2389,2022-03-15 18:12:00,CG
42.66,42.66,42.61,42.61,900,2022-03-15 18:13:00,CG
42.62,42.66,42.62,42.6421,1712,2022-03-15 18:14:00,CG
42.65,42.66,42.65,42.66,400,2022-03-15 18:15:00,CG
42.67,42.67,42.64,42.64,843,2022-03-15 18:16:00,CG
42.65,42.65,42.65,42.65,300,2022-03-15 18:17:00,CG
42.63,42.63,42.59,42.59,1756,2022-03-15 18:18:00,CG
42.57,42.57,42.48,42.56,2000,2022-03-15 18:19:00,CG
42.55,42.56,42.51,42.56,1800,2022-03-15 18:20:00,CG
42.54,42.54,42.52,42.54,800,2022-03-15 18:21:00,CG
42.54,42.54,42.51,42.51,1400,2022-03-15 18:22:00,CG
42.5,42.57,42.5,42.57,1050,2022-03-15 18:23:00,CG
42.57,42.58,42.57,42.58,300,2022-03-15 18:24:00,CG
42.59,42.62,42.57,42.62,4078,2022-03-15 18:25:00,CG
42.63,42.67,42.63,42.67,1147,2022-03-15 18:26:00,CG
42.67,42.67,42.64,42.64,2083,2022-03-15 18:27:00,CG
42.66,42.69,42.65,42.69,1400,2022-03-15 18:28:00,CG
42.7,42.7,42.64,42.7,2697,2022-03-15 18:29:00,CG
42.69,42.69,42.59,42.59,5769,2022-03-15 18:30:00,CG
42.57,42.57,42.57,42.57,100,2022-03-15 18:31:00,CG
42.59,42.63,42.58,42.63,2118,2022-03-15 18:32:00,CG
42.63,42.63,42.63,42.63,1200,2022-03-15 18:33:00,CG
42.66,42.725,42.63,42.69,1225,2022-03-15 18:34:00,CG
42.69,42.7,42.69,42.7,502,2022-03-15 18:35:00,CG
42.7,42.74,42.69,42.74,2311,2022-03-15 18:36:00,CG
42.7399,42.74,42.71,42.72,1647,2022-03-15 18:37:00,CG
42.71,42.71,42.68,42.68,1300,2022-03-15 18:38:00,CG
42.7,42.7,42.69,42.7,400,2022-03-15 18:39:00,CG
42.69,42.72,42.69,42.72,1000,2022-03-15 18:40:00,CG
42.78,42.78,42.76,42.78,899,2022-03-15 18:41:00,CG
42.75,42.75,42.74,42.74,1000,2022-03-15 18:42:00,CG
42.73,42.73,42.705,42.71,969,2022-03-15 18:43:00,CG
42.71,42.76,42.71,42.76,1356,2022-03-15 18:44:00,CG
42.78,42.84,42.78,42.81,3443,2022-03-15 18:45:00,CG
42.8317,42.8317,42.8317,42.8317,3000,2022-03-15 18:46:00,CG
42.84,42.84,42.82,42.82,1023,2022-03-15 18:47:00,CG
42.81,42.81,42.81,42.81,711,2022-03-15 18:48:00,CG
42.8,42.83,42.8,42.8297,3882,2022-03-15 18:49:00,CG
42.85,42.89,42.85,42.87,1900,2022-03-15 18:50:00,CG
42.88,42.91,42.88,42.91,900,2022-03-15 18:51:00,CG
42.89,42.91,42.87,42.91,3200,2022-03-15 18:52:00,CG
42.9,42.91,42.88,42.91,3480,2022-03-15 18:53:00,CG
42.9,42.911,42.87,42.87,3448,2022-03-15 18:54:00,CG
42.93,42.93,42.91,42.91,2229,2022-03-15 18:55:00,CG
42.93,42.95,42.87,42.87,1159,2022-03-15 18:56:00,CG
42.89,42.9,42.89,42.9,200,2022-03-15 18:57:00,CG
42.9,42.91,42.9,42.91,1100,2022-03-15 18:58:00,CG
42.92,42.9544,42.92,42.94,2661,2022-03-15 18:59:00,CG
42.93,42.93,42.91,42.91,750,2022-03-15 19:00:00,CG
42.91,42.94,42.91,42.94,900,2022-03-15 19:01:00,CG
42.94,42.95,42.93,42.94,2111,2022-03-15 19:02:00,CG
42.94,42.95,42.923,42.923,900,2022-03-15 19:03:00,CG
42.935,42.96,42.935,42.955,1000,2022-03-15 19:04:00,CG
42.955,43.01,42.955,42.97,3315,2022-03-15 19:05:00,CG
42.98,42.98,42.955,42.955,820,2022-03-15 19:06:00,CG
42.97,42.99,42.94,42.96,5679,2022-03-15 19:07:00,CG
42.97,42.98,42.97,42.98,1962,2022-03-15 19:08:00,CG
42.96,42.96,42.87,42.87,900,2022-03-15 19:09:00,CG
42.9,42.93,42.9,42.93,674,2022-03-15 19:10:00,CG
42.9165,42.96,42.915,42.94,2319,2022-03-15 19:11:00,CG
42.95,42.96,42.93,42.96,1400,2022-03-15 19:12:00,CG
42.97,42.97,42.92,42.92,1487,2022-03-15 19:13:00,CG
42.92,42.93,42.92,42.93,757,2022-03-15 19:14:00,CG
42.94,42.96,42.93,42.96,1616,2022-03-15 19:15:00,CG
42.99,43.02,42.98,43.01,1700,2022-03-15 19:16:00,CG
43.0,43.02,43.0,43.01,1201,2022-03-15 19:17:00,CG
43.01,43.02,43.0,43.005,3887,2022-03-15 19:18:00,CG
43.015,43.04,43.015,43.04,600,2022-03-15 19:19:00,CG
43.03,43.03,42.99,42.99,744,2022-03-15 19:20:00,CG
43.02,43.05,43.02,43.05,1100,2022-03-15 19:21:00,CG
43.06,43.06,43.034,43.034,1919,2022-03-15 19:22:00,CG
43.02,43.02,43.0,43.01,1885,2022-03-15 19:23:00,CG
43.03,43.06,43.03,43.06,1300,2022-03-15 19:24:00,CG
43.05,43.06,43.05,43.06,300,2022-03-15 19:25:00,CG
43.05,43.05,43.01,43.02,1525,2022-03-15 19:26:00,CG
43.01,43.04,43.01,43.04,900,2022-03-15 19:27:00,CG
43.0146,43.0146,43.0146,43.0146,511,2022-03-15 19:28:00,CG
43.03,43.03,43.0,43.02,2135,2022-03-15 19:29:00,CG
43.0299,43.06,43.0299,43.05,2857,2022-03-15 19:30:00,CG
43.04,43.06,43.03,43.05,2757,2022-03-15 19:31:00,CG
43.05,43.08,43.05,43.08,2800,2022-03-15 19:32:00,CG
43.08,43.11,43.04,43.06,4055,2022-03-15 19:33:00,CG
43.03,43.03,43.0,43.03,1100,2022-03-15 19:34:00,CG
43.03,43.04,43.0,43.04,900,2022-03-15 19:35:00,CG
43.03,43.03,43.0,43.0,1806,2022-03-15 19:36:00,CG
42.99,43.03,42.99,43.03,5091,2022-03-15 19:37:00,CG
43.02,43.02,43.0,43.01,1800,2022-03-15 19:38:00,CG
43.01,43.04,43.01,43.04,1200,2022-03-15 19:39:00,CG
43.045,43.05,43.0,43.0,5275,2022-03-15 19:40:00,CG
43.01,43.03,43.0,43.03,2492,2022-03-15 19:41:00,CG
43.04,43.08,43.04,43.08,2043,2022-03-15 19:42:00,CG
43.07,43.08,43.05,43.06,3246,2022-03-15 19:43:00,CG
43.06,43.08,43.05,43.08,2524,2022-03-15 19:44:00,CG
43.08,43.09,43.03,43.04,4204,2022-03-15 19:45:00,CG
43.045,43.08,43.045,43.045,4747,2022-03-15 19:46:00,CG
43.03,43.04,43.02,43.04,2866,2022-03-15 19:47:00,CG
43.01,43.02,43.0,43.02,3642,2022-03-15 19:48:00,CG
43.01,43.08,43.01,43.08,8746,2022-03-15 19:49:00,CG
43.07,43.14,43.05,43.13,8332,2022-03-15 19:50:00,CG
43.131,43.15,43.13,43.15,9257,2022-03-15 19:51:00,CG
43.14,43.16,43.13,43.15,6818,2022-03-15 19:52:00,CG
43.16,43.16,43.12,43.1466,4453,2022-03-15 19:53:00,CG
43.15,43.18,43.13,43.13,10718,2022-03-15 19:54:00,CG
43.12,43.14,43.095,43.14,15307,2022-03-15 19:55:00,CG
43.131,43.15,43.111,43.13,17105,2022-03-15 19:56:00,CG
43.13,43.13,43.06,43.08,15303,2022-03-15 19:57:00,CG
43.075,43.075,43.02,43.04,27205,2022-03-15 19:58:00,CG
43.05,43.1,43.03,43.1,42170,2022-03-15 19:59:00,CG
43.09,43.09,43.09,43.09,203462,2022-03-15 20:00:00,CG
43.09,43.09,43.09,43.09,481,2022-03-15 20:01:00,CG
43.09,43.09,43.09,43.09,800,2022-03-15 20:02:00,CG
43.4,43.4,43.4,43.4,100,2022-03-16 08:03:00,CG
43.09,43.09,43.09,43.09,4754,2022-03-16 12:43:00,CG
43.84,43.84,43.84,43.84,200,2022-03-16 13:29:00,CG
44.07,44.52,43.84,44.52,26606,2022-03-16 13:30:00,CG
44.39,44.49,44.235,44.235,1948,2022-03-16 13:31:00,CG
44.33,44.48,44.33,44.371,1101,2022-03-16 13:33:00,CG
44.42,44.47,44.28,44.375,3622,2022-03-16 13:34:00,CG
44.45,44.53,44.25,44.27,4004,2022-03-16 13:35:00,CG
44.3231,44.4487,44.255,44.255,2350,2022-03-16 13:37:00,CG
44.275,44.37,44.2,44.34,4103,2022-03-16 13:38:00,CG
44.3992,44.3992,44.36,44.36,200,2022-03-16 13:39:00,CG
44.4,44.55,44.4,44.4998,2487,2022-03-16 13:40:00,CG
44.49,44.615,44.45,44.615,7423,2022-03-16 13:41:00,CG
44.6,44.65,44.6,44.65,2300,2022-03-16 13:42:00,CG
44.69,44.725,44.65,44.715,3800,2022-03-16 13:43:00,CG
44.71,44.79,44.7,44.77,2115,2022-03-16 13:44:00,CG
44.77,44.77,44.64,44.64,2650,2022-03-16 13:45:00,CG
44.7,44.77,44.68,44.77,837,2022-03-16 13:46:00,CG
44.745,44.745,44.745,44.745,100,2022-03-16 13:47:00,CG
44.77,44.77,44.77,44.77,300,2022-03-16 13:48:00,CG
44.77,44.795,44.67,44.79,3090,2022-03-16 13:49:00,CG
44.78,44.83,44.72,44.83,2217,2022-03-16 13:50:00,CG
44.83,44.94,44.83,44.935,1997,2022-03-16 13:51:00,CG
44.955,44.97,44.8201,44.84,3962,2022-03-16 13:52:00,CG
44.81,44.83,44.76,44.83,1995,2022-03-16 13:53:00,CG
44.8,44.85,44.76,44.775,2998,2022-03-16 13:54:00,CG
44.83,44.92,44.8262,44.92,1700,2022-03-16 13:55:00,CG
44.91,44.94,44.88,44.94,1696,2022-03-16 13:56:00,CG
44.94,44.95,44.84,44.88,3350,2022-03-16 13:57:00,CG
44.83,44.83,44.8,44.8,934,2022-03-16 13:58:00,CG
44.77,44.87,44.77,44.87,1112,2022-03-16 13:59:00,CG
44.86,44.97,44.86,44.93,2300,2022-03-16 14:00:00,CG
44.9377,45.02,44.81,44.93,20160,2022-03-16 14:01:00,CG
44.88,44.99,44.88,44.895,3950,2022-03-16 14:02:00,CG
44.905,44.92,44.8946,44.8946,300,2022-03-16 14:03:00,CG
44.88,44.89,44.81,44.86,3244,2022-03-16 14:04:00,CG
44.9,44.99,44.9,44.99,1800,2022-03-16 14:05:00,CG
45.01,45.05,44.895,44.895,3236,2022-03-16 14:06:00,CG
44.89,44.92,44.86,44.915,4108,2022-03-16 14:07:00,CG
44.93,44.97,44.87,44.87,4215,2022-03-16 14:08:00,CG
44.84,44.84,44.77,44.78,1300,2022-03-16 14:09:00,CG
44.76,44.79,44.71,44.79,3019,2022-03-16 14:10:00,CG
44.83,44.93,44.83,44.89,2669,2022-03-16 14:11:00,CG
44.89,44.93,44.88,44.915,1900,2022-03-16 14:12:00,CG
44.96,45.0,44.94,44.94,1050,2022-03-16 14:13:00,CG
44.935,45.0,44.92,45.0,1313,2022-03-16 14:14:00,CG
45.005,45.12,45.005,45.12,3492,2022-03-16 14:15:00,CG
45.15,45.2,45.13,45.155,2639,2022-03-16 14:16:00,CG
45.2,45.24,45.18,45.24,1648,2022-03-16 14:17:00,CG
45.27,45.35,45.27,45.35,1200,2022-03-16 14:18:00,CG
45.35,45.36,45.23,45.31,5998,2022-03-16 14:19:00,CG
45.31,45.4,45.31,45.4,1300,2022-03-16 14:20:00,CG
45.44,45.44,45.44,45.44,200,2022-03-16 14:21:00,CG
45.49,45.49,45.43,45.47,2450,2022-03-16 14:22:00,CG
45.455,45.57,45.43,45.56,5106,2022-03-16 14:23:00,CG
45.53,45.625,45.53,45.58,3020,2022-03-16 14:24:00,CG
45.59,45.605,45.5,45.55,2300,2022-03-16 14:25:00,CG
45.56,45.65,45.54,45.54,1504,2022-03-16 14:26:00,CG
45.57,45.62,45.56,45.615,2100,2022-03-16 14:27:00,CG
45.59,45.6,45.58,45.5975,600,2022-03-16 14:28:00,CG
45.57,45.64,45.55,45.58,6241,2022-03-16 14:29:00,CG
45.61,45.69,45.61,45.66,4500,2022-03-16 14:30:00,CG
45.69,45.75,45.67,45.67,5013,2022-03-16 14:31:00,CG
45.69,45.75,45.68,45.69,3550,2022-03-16 14:32:00,CG
45.7296,45.82,45.72,45.82,1850,2022-03-16 14:33:00,CG
45.8201,45.91,45.8,45.83,7236,2022-03-16 14:34:00,CG
45.82,45.85,45.8,45.85,2871,2022-03-16 14:35:00,CG
45.86,45.87,45.82,45.85,1983,2022-03-16 14:36:00,CG
45.83,45.83,45.76,45.76,1070,2022-03-16 14:37:00,CG
45.77,45.78,45.68,45.68,1751,2022-03-16 14:38:00,CG
45.73,45.77,45.71,45.77,1720,2022-03-16 14:39:00,CG
45.81,45.85,45.77,45.77,3101,2022-03-16 14:40:00,CG
45.76,45.79,45.68,45.715,3140,2022-03-16 14:41:00,CG
45.69,45.6925,45.65,45.68,2100,2022-03-16 14:42:00,CG
45.68,45.68,45.57,45.57,2000,2022-03-16 14:43:00,CG
45.57,45.635,45.57,45.61,1285,2022-03-16 14:44:00,CG
45.6,45.6,45.55,45.55,1433,2022-03-16 14:45:00,CG
45.48,45.51,45.48,45.49,1102,2022-03-16 14:46:00,CG
45.54,45.61,45.53,45.53,2973,2022-03-16 14:47:00,CG
45.56,45.56,45.53,45.53,700,2022-03-16 14:48:00,CG
45.5,45.54,45.5,45.54,800,2022-03-16 14:49:00,CG
45.52,45.55,45.52,45.55,900,2022-03-16 14:50:00,CG
45.52,45.57,45.49,45.57,1828,2022-03-16 14:51:00,CG
45.54,45.545,45.5,45.52,2507,2022-03-16 14:52:00,CG
45.53,45.55,45.51,45.52,1715,2022-03-16 14:53:00,CG
45.52,45.58,45.52,45.58,1540,2022-03-16 14:54:00,CG
45.56,45.59,45.49,45.49,11974,2022-03-16 14:55:00,CG
45.515,45.52,45.46,45.48,6757,2022-03-16 14:56:00,CG
45.45,45.46,45.389,45.43,2142,2022-03-16 14:57:00,CG
45.43,45.48,45.37,45.385,3636,2022-03-16 14:58:00,CG
45.36,45.475,45.36,45.475,1612,2022-03-16 14:59:00,CG
45.475,45.54,45.475,45.54,654,2022-03-16 15:00:00,CG
45.52,45.53,45.38,45.38,4004,2022-03-16 15:01:00,CG
45.41,45.51,45.41,45.51,1037,2022-03-16 15:02:00,CG
45.51,45.51,45.51,45.51,600,2022-03-16 15:03:00,CG
45.54,45.56,45.53,45.56,349,2022-03-16 15:04:00,CG
45.555,45.555,45.555,45.555,200,2022-03-16 15:05:00,CG
45.53,45.595,45.53,45.53,2189,2022-03-16 15:06:00,CG
45.49,45.49,45.4,45.4,1669,2022-03-16 15:07:00,CG
45.415,45.415,45.38,45.38,200,2022-03-16 15:08:00,CG
45.39,45.4,45.36,45.39,2883,2022-03-16 15:09:00,CG
45.42,45.48,45.42,45.48,2597,2022-03-16 15:10:00,CG
45.48,45.48,45.48,45.48,300,2022-03-16 15:11:00,CG
45.505,45.53,45.47,45.49,1100,2022-03-16 15:12:00,CG
45.48,45.5,45.47,45.47,2600,2022-03-16 15:13:00,CG
45.46,45.48,45.46,45.48,411,2022-03-16 15:14:00,CG
45.47,45.47,45.44,45.44,2312,2022-03-16 15:15:00,CG
45.4706,45.4706,45.41,45.41,3400,2022-03-16 15:16:00,CG
45.446,45.45,45.41,45.44,1464,2022-03-16 15:17:00,CG
45.42,45.43,45.36,45.36,3301,2022-03-16 15:18:00,CG
45.31,45.38,45.31,45.38,900,2022-03-16 15:19:00,CG
45.38,45.4,45.3,45.325,3303,2022-03-16 15:20:00,CG
45.33,45.33,45.24,45.24,1063,2022-03-16 15:21:00,CG
45.24,45.27,45.21,45.225,4425,2022-03-16 15:22:00,CG
45.19,45.23,45.16,45.23,2170,2022-03-16 15:23:00,CG
45.24,45.27,45.21,45.27,1225,2022-03-16 15:24:00,CG
45.32,45.4,45.32,45.33,1300,2022-03-16 15:25:00,CG
45.335,45.34,45.3,45.3,4049,2022-03-16 15:26:00,CG
45.29,45.29,45.28,45.285,660,2022-03-16 15:27:00,CG
45.26,45.32,45.25,45.32,3150,2022-03-16 15:28:00,CG
45.31,45.31,45.28,45.31,3082,2022-03-16 15:29:00,CG
45.33,45.36,45.32,45.36,400,2022-03-16 15:30:00,CG
45.36,45.42,45.34,45.41,1471,2022-03-16 15:31:00,CG
45.4,45.4,45.375,45.39,1061,2022-03-16 15:32:00,CG
45.415,45.415,45.415,45.415,249,2022-03-16 15:33:00,CG
45.4,45.46,45.4,45.46,925,2022-03-16 15:34:00,CG
45.47,45.47,45.36,45.38,8925,2022-03-16 15:35:00,CG
45.38,45.38,45.36,45.36,1015,2022-03-16 15:36:00,CG
45.36,45.36,45.32,45.32,1502,2022-03-16 15:37:00,CG
45.32,45.32,45.27,45.3,800,2022-03-16 15:38:00,CG
45.33,45.35,45.32,45.35,418,2022-03-16 15:39:00,CG
45.33,45.33,45.28,45.28,2559,2022-03-16 15:40:00,CG
45.25,45.29,45.23,45.26,1200,2022-03-16 15:41:00,CG
45.24,45.37,45.235,45.37,11238,2022-03-16 15:42:00,CG
45.38,45.42,45.36,45.39,3126,2022-03-16 15:43:00,CG
45.36,45.4,45.35,45.4,2340,2022-03-16 15:44:00,CG
45.405,45.41,45.38,45.38,2900,2022-03-16 15:45:00,CG
45.38,45.45,45.38,45.45,8021,2022-03-16 15:46:00,CG
45.42,45.45,45.42,45.44,808,2022-03-16 15:47:00,CG
45.45,45.45,45.38,45.41,1788,2022-03-16 15:48:00,CG
45.43,45.46,45.43,45.44,400,2022-03-16 15:49:00,CG
45.445,45.49,45.445,45.45,1447,2022-03-16 15:50:00,CG
45.46,45.475,45.41,45.418,8149,2022-03-16 15:51:00,CG
45.43,45.45,45.42,45.45,2092,2022-03-16 15:52:00,CG
45.46,45.54,45.46,45.54,1300,2022-03-16 15:53:00,CG
45.49,45.49,45.49,45.49,128,2022-03-16 15:54:00,CG
45.5542,45.57,45.51,45.53,2506,2022-03-16 15:55:00,CG
45.535,45.535,45.5,45.51,2450,2022-03-16 15:56:00,CG
45.53,45.565,45.53,45.565,1982,2022-03-16 15:57:00,CG
45.57,45.59,45.57,45.57,1508,2022-03-16 15:58:00,CG
45.6,45.61,45.585,45.59,1203,2022-03-16 15:59:00,CG
45.6,45.6,45.56,45.58,729,2022-03-16 16:00:00,CG
45.61,45.62,45.61,45.61,300,2022-03-16 16:01:00,CG
45.62,45.68,45.62,45.64,2731,2022-03-16 16:02:00,CG
45.66,45.66,45.609,45.63,1299,2022-03-16 16:03:00,CG
45.62,45.62,45.57,45.57,1700,2022-03-16 16:04:00,CG
45.54,45.54,45.51,45.51,1600,2022-03-16 16:05:00,CG
45.5,45.52,45.5,45.52,1693,2022-03-16 16:06:00,CG
45.55,45.55,45.51,45.52,2643,2022-03-16 16:07:00,CG
45.5,45.5125,45.48,45.48,1825,2022-03-16 16:08:00,CG
45.51,45.52,45.5,45.52,1144,2022-03-16 16:09:00,CG
45.48,45.5,45.44,45.48,3315,2022-03-16 16:10:00,CG
45.48,45.52,45.48,45.52,842,2022-03-16 16:11:00,CG
45.52,45.52,45.52,45.52,1035,2022-03-16 16:12:00,CG
45.52,45.52,45.47,45.47,3334,2022-03-16 16:13:00,CG
45.49,45.5,45.47,45.485,503,2022-03-16 16:14:00,CG
45.51,45.55,45.5,45.5,4846,2022-03-16 16:15:00,CG
45.49,45.49,45.48,45.48,600,2022-03-16 16:16:00,CG
45.48,45.49,45.47,45.48,1566,2022-03-16 16:17:00,CG
45.47,45.48,45.455,45.47,1324,2022-03-16 16:18:00,CG
45.46,45.47,45.46,45.47,1075,2022-03-16 16:19:00,CG
45.45,45.48,45.43,45.48,1796,2022-03-16 16:20:00,CG
45.49,45.49,45.47,45.47,1400,2022-03-16 16:21:00,CG
45.45,45.45,45.42,45.45,1900,2022-03-16 16:22:00,CG
45.47,45.47,45.44,45.44,1564,2022-03-16 16:23:00,CG
45.44,45.44,45.41,45.41,1100,2022-03-16 16:24:00,CG
45.38,45.385,45.38,45.385,600,2022-03-16 16:25:00,CG
45.38,45.39,45.34,45.34,1163,2022-03-16 16:26:00,CG
45.31,45.31,45.29,45.31,892,2022-03-16 16:27:00,CG
45.31,45.33,45.31,45.33,805,2022-03-16 16:28:00,CG
45.33,45.4,45.33,45.4,2036,2022-03-16 16:29:00,CG
45.38,45.41,45.36,45.37,1913,2022-03-16 16:30:00,CG
45.35,45.36,45.33,45.36,2600,2022-03-16 16:31:00,CG
45.33,45.33,45.29,45.3,2800,2022-03-16 16:32:00,CG
45.29,45.3,45.29,45.3,900,2022-03-16 16:33:00,CG
45.28,45.28,45.21,45.23,1844,2022-03-16 16:34:00,CG
45.24,45.24,45.19,45.19,1200,2022-03-16 16:35:00,CG
45.21,45.24,45.2,45.24,2593,2022-03-16 16:37:00,CG
45.24,45.24,45.21,45.21,773,2022-03-16 16:38:00,CG
45.205,45.205,45.17,45.17,1004,2022-03-16 16:39:00,CG
45.16,45.19,45.16,45.18,1459,2022-03-16 16:40:00,CG
45.18,45.19,45.17,45.19,500,2022-03-16 16:41:00,CG
45.21,45.27,45.21,45.27,611,2022-03-16 16:42:00,CG
45.26,45.29,45.26,45.28,600,2022-03-16 16:43:00,CG
45.2902,45.43,45.2902,45.42,9334,2022-03-16 16:44:00,CG
45.41,45.41,45.38,45.38,2223,2022-03-16 16:45:00,CG
45.37,45.37,45.21,45.24,6462,2022-03-16 16:46:00,CG
45.25,45.26,45.24,45.25,812,2022-03-16 16:47:00,CG
45.29,45.29,45.13,45.13,3166,2022-03-16 16:48:00,CG
45.15,45.17,45.145,45.17,900,2022-03-16 16:49:00,CG
45.18,45.19,45.15,45.15,3710,2022-03-16 16:50:00,CG
45.15,45.19,45.15,45.19,400,2022-03-16 16:51:00,CG
45.19,45.19,45.17,45.17,739,2022-03-16 16:52:00,CG
45.15,45.16,45.14,45.16,400,2022-03-16 16:53:00,CG
45.12,45.17,45.12,45.17,1700,2022-03-16 16:54:00,CG
45.17,45.19,45.14,45.14,2805,2022-03-16 16:55:00,CG
45.17,45.17,45.17,45.17,100,2022-03-16 16:56:00,CG
45.17,45.17,45.12,45.14,720,2022-03-16 16:57:00,CG
45.16,45.16,45.1446,45.16,550,2022-03-16 16:58:00,CG
45.18,45.18,45.18,45.18,625,2022-03-16 16:59:00,CG
45.19,45.2,45.19,45.19,1181,2022-03-16 17:00:00,CG
45.2,45.25,45.15,45.15,4143,2022-03-16 17:01:00,CG
45.16,45.16,45.14,45.14,445,2022-03-16 17:02:00,CG
45.11,45.12,45.11,45.12,200,2022-03-16 17:03:00,CG
45.14,45.15,45.12,45.12,1527,2022-03-16 17:04:00,CG
45.12,45.14,45.08,45.14,2270,2022-03-16 17:05:00,CG
45.11,45.11,45.05,45.05,1200,2022-03-16 17:06:00,CG
45.04,45.05,45.01,45.01,1836,2022-03-16 17:07:00,CG
44.98,44.995,44.96,44.9601,1758,2022-03-16 17:08:00,CG
44.96,44.96,44.95,44.96,1109,2022-03-16 17:09:00,CG
44.96,44.96,44.86,44.86,1259,2022-03-16 17:10:00,CG
44.84,44.88,44.84,44.88,2420,2022-03-16 17:11:00,CG
44.86,44.86,44.84,44.84,1000,2022-03-16 17:12:00,CG
44.84,44.84,44.82,44.825,300,2022-03-16 17:13:00,CG
44.82,44.84,44.82,44.83,1070,2022-03-16 17:14:00,CG
44.81,44.87,44.81,44.87,780,2022-03-16 17:15:00,CG
44.85,44.85,44.8,44.8,2630,2022-03-16 17:16:00,CG
44.75,44.78,44.75,44.78,1579,2022-03-16 17:17:00,CG
44.78,44.78,44.78,44.78,400,2022-03-16 17:18:00,CG
44.77,44.78,44.74,44.76,2509,2022-03-16 17:19:00,CG
44.78,44.78,44.75,44.77,900,2022-03-16 17:20:00,CG
44.765,44.765,44.7,44.73,1844,2022-03-16 17:21:00,CG
44.73,44.73,44.72,44.73,900,2022-03-16 17:22:00,CG
44.72,44.74,44.71,44.73,3450,2022-03-16 17:23:00,CG
44.76,44.82,44.76,44.78,661,2022-03-16 17:24:00,CG
44.78,44.82,44.78,44.82,200,2022-03-16 17:25:00,CG
44.81,44.83,44.81,44.83,800,2022-03-16 17:26:00,CG
44.84,44.86,44.81,44.82,3100,2022-03-16 17:27:00,CG
44.83,44.88,44.83,44.88,800,2022-03-16 17:28:00,CG
44.85,44.85,44.82,44.83,1041,2022-03-16 17:29:00,CG
44.85,44.89,44.85,44.89,1397,2022-03-16 17:30:00,CG
44.92,44.95,44.91,44.93,1279,2022-03-16 17:31:00,CG
44.91,44.91,44.89,44.91,532,2022-03-16 17:32:00,CG
44.91,44.91,44.91,44.91,100,2022-03-16 17:33:00,CG
44.91,44.93,44.9,44.93,1158,2022-03-16 17:34:00,CG
44.91,44.91,44.9,44.9,520,2022-03-16 17:35:00,CG
44.92,44.925,44.9,44.9,1225,2022-03-16 17:36:00,CG
44.93,44.95,44.93,44.93,3967,2022-03-16 17:37:00,CG
44.92,44.93,44.91,44.915,1400,2022-03-16 17:38:00,CG
44.9,44.91,44.86,44.86,1200,2022-03-16 17:40:00,CG
44.85,44.85,44.83,44.83,602,2022-03-16 17:41:00,CG
44.78,44.81,44.78,44.81,2125,2022-03-16 17:42:00,CG
44.83,44.84,44.8,44.84,579,2022-03-16 17:43:00,CG
44.84,44.84,44.81,44.825,1199,2022-03-16 17:44:00,CG
44.81,44.84,44.81,44.82,1574,2022-03-16 17:45:00,CG
44.83,44.83,44.83,44.83,452,2022-03-16 17:46:00,CG
44.82,44.84,44.82,44.825,620,2022-03-16 17:47:00,CG
44.8103,44.819,44.77,44.79,4028,2022-03-16 17:48:00,CG
44.8,44.81,44.8,44.81,800,2022-03-16 17:49:00,CG
44.83,44.83,44.79,44.79,2383,2022-03-16 17:50:00,CG
44.8387,44.8387,44.77,44.77,1200,2022-03-16 17:51:00,CG
44.76,44.78,44.76,44.76,3748,2022-03-16 17:52:00,CG
44.77,44.79,44.77,44.79,900,2022-03-16 17:53:00,CG
44.8,44.86,44.8,44.83,3561,2022-03-16 17:54:00,CG
44.83,44.86,44.83,44.84,700,2022-03-16 17:55:00,CG
44.8677,44.8677,44.865,44.865,200,2022-03-16 17:56:00,CG
44.8751,44.8751,44.82,44.82,1790,2022-03-16 17:57:00,CG
44.8196,44.94,44.8196,44.93,1656,2022-03-16 17:58:00,CG
44.92,44.92,44.78,44.79,1400,2022-03-16 17:59:00,CG
44.78,44.78,44.62,44.77,3640,2022-03-16 18:00:00,CG
44.76,44.77,44.61,44.68,5884,2022-03-16 18:01:00,CG
44.69,44.77,44.69,44.76,1550,2022-03-16 18:02:00,CG
44.83,44.83,44.66,44.76,3550,2022-03-16 18:03:00,CG
44.75,44.75,44.65,44.675,900,2022-03-16 18:04:00,CG
44.71,44.71,44.6,44.6,2600,2022-03-16 18:05:00,CG
44.6,44.61,44.55,44.56,2596,2022-03-16 18:06:00,CG
44.5453,44.68,44.5453,44.67,2400,2022-03-16 18:07:00,CG
44.625,44.625,44.5,44.505,15291,2022-03-16 18:08:00,CG
44.49,44.49,44.365,44.365,7757,2022-03-16 18:09:00,CG
44.33,44.42,44.33,44.34,2800,2022-03-16 18:10:00,CG
44.34,44.34,44.28,44.28,1000,2022-03-16 18:11:00,CG
44.3,44.32,44.2,44.29,7141,2022-03-16 18:12:00,CG
44.32,44.32,44.27,44.3,2632,2022-03-16 18:13:00,CG
44.29,44.29,44.2001,44.2001,1401,2022-03-16 18:14:00,CG
44.2,44.365,44.17,44.365,4824,2022-03-16 18:15:00,CG
44.34,44.365,44.26,44.325,5634,2022-03-16 18:16:00,CG
44.32,44.405,44.29,44.405,3475,2022-03-16 18:17:00,CG
44.42,44.48,44.41,44.46,3600,2022-03-16 18:18:00,CG
44.49,44.49,44.42,44.475,5200,2022-03-16 18:19:00,CG
44.5,44.5,44.37,44.3728,2858,2022-03-16 18:20:00,CG
44.37,44.38,44.33,44.37,4527,2022-03-16 18:21:00,CG
44.34,44.375,44.24,44.24,11695,2022-03-16 18:22:00,CG
44.25,44.25,44.17,44.17,1012,2022-03-16 18:23:00,CG
44.17,44.21,44.145,44.145,3200,2022-03-16 18:24:00,CG
44.145,44.17,44.12,44.12,3752,2022-03-16 18:25:00,CG
44.16,44.19,44.16,44.175,2148,2022-03-16 18:26:00,CG
44.2,44.26,44.19,44.22,2721,2022-03-16 18:27:00,CG
44.22,44.22,44.124,44.124,1322,2022-03-16 18:28:00,CG
44.11,44.125,44.095,44.125,1000,2022-03-16 18:29:00,CG
44.1,44.12,44.07,44.07,3251,2022-03-16 18:30:00,CG
44.07,44.07,43.97,43.97,1900,2022-03-16 18:31:00,CG
43.97,44.01,43.92,43.99,4320,2022-03-16 18:32:00,CG
43.97,43.98,43.92,43.98,2199,2022-03-16 18:33:00,CG
44.0,44.01,43.88,44.01,2200,2022-03-16 18:34:00,CG
44.04,44.04,43.88,43.98,7269,2022-03-16 18:35:00,CG
44.0,44.1,44.0,44.09,992,2022-03-16 18:36:00,CG
44.065,44.21,44.01,44.21,3461,2022-03-16 18:37:00,CG
44.2,44.31,44.15,44.285,7750,2022-03-16 18:38:00,CG
44.26,44.39,44.254,44.39,1939,2022-03-16 18:39:00,CG
44.43,44.53,44.43,44.45,1454,2022-03-16 18:40:00,CG
44.5,44.51,44.43,44.5,2400,2022-03-16 18:41:00,CG
44.541,44.6624,44.541,44.66,3575,2022-03-16 18:42:00,CG
44.66,44.74,44.66,44.71,1749,2022-03-16 18:43:00,CG
44.74,44.82,44.74,44.76,2575,2022-03-16 18:44:00,CG
44.755,44.77,44.69,44.77,2303,2022-03-16 18:45:00,CG
44.8,44.98,44.79,44.9,5560,2022-03-16 18:46:00,CG
44.935,44.96,44.935,44.96,1187,2022-03-16 18:47:00,CG
44.99,44.99,44.91,44.95,6463,2022-03-16 18:48:00,CG
44.95,45.02,44.92,44.92,3406,2022-03-16 18:49:00,CG
44.95,44.95,44.9,44.91,3218,2022-03-16 18:50:00,CG
44.93,44.99,44.92,44.98,2957,2022-03-16 18:51:00,CG
45.02,45.02,44.97,44.985,2147,2022-03-16 18:52:00,CG
45.0,45.065,44.95,45.02,4200,2022-03-16 18:53:00,CG
45.07,45.13,45.055,45.055,2885,2022-03-16 18:54:00,CG
45.054,45.15,45.054,45.15,2836,2022-03-16 18:55:00,CG
45.14,45.15,45.03,45.1,10313,2022-03-16 18:56:00,CG
45.08,45.08,45.03,45.08,2269,2022-03-16 18:57:00,CG
45.1499,45.15,45.03,45.055,5253,2022-03-16 18:58:00,CG
45.04,45.04,44.95,44.96,9589,2022-03-16 18:59:00,CG
44.97,45.01,44.89,44.91,5442,2022-03-16 19:00:00,CG
44.91,44.93,44.82,44.83,6800,2022-03-16 19:01:00,CG
44.81,44.83,44.76,44.82,6007,2022-03-16 19:02:00,CG
44.83,44.86,44.77,44.825,5154,2022-03-16 19:03:00,CG
44.84,44.88,44.79,44.79,4400,2022-03-16 19:04:00,CG
44.83,44.85,44.78,44.78,4420,2022-03-16 19:05:00,CG
44.785,44.785,44.51,44.58,18204,2022-03-16 19:06:00,CG
44.59,44.68,44.55,44.65,1800,2022-03-16 19:07:00,CG
44.68,44.75,44.67,44.7,6692,2022-03-16 19:08:00,CG
44.715,44.715,44.67,44.67,2214,2022-03-16 19:09:00,CG
44.665,44.705,44.64,44.7,4291,2022-03-16 19:10:00,CG
44.73,44.73,44.62,44.65,3535,2022-03-16 19:11:00,CG
44.66,44.67,44.65,44.67,3567,2022-03-16 19:12:00,CG
44.66,44.715,44.645,44.715,2000,2022-03-16 19:13:00,CG
44.715,44.74,44.68,44.74,1844,2022-03-16 19:14:00,CG
44.77,44.77,44.7,44.73,3300,2022-03-16 19:15:00,CG
44.724,44.78,44.72,44.78,1860,2022-03-16 19:16:00,CG
44.78,44.795,44.75,44.795,3305,2022-03-16 19:17:00,CG
44.82,44.93,44.81,44.93,3141,2022-03-16 19:18:00,CG
44.94,45.01,44.94,45.01,700,2022-03-16 19:19:00,CG
44.99,45.02,44.97,45.0,2510,2022-03-16 19:20:00,CG
45.015,45.11,45.015,45.07,2412,2022-03-16 19:21:00,CG
45.07,45.09,45.0,45.0,5143,2022-03-16 19:22:00,CG
44.99,45.045,44.99,45.004,2410,2022-03-16 19:23:00,CG
44.99,45.03,44.99,45.015,1900,2022-03-16 19:24:00,CG
45.06,45.08,45.05,45.053,1100,2022-03-16 19:25:00,CG
45.055,45.1,45.055,45.08,8948,2022-03-16 19:26:00,CG
45.07,45.075,45.07,45.075,540,2022-03-16 19:27:00,CG
45.09,45.13,45.08,45.13,2435,2022-03-16 19:28:00,CG
45.115,45.12,45.1,45.12,850,2022-03-16 19:29:00,CG
45.15,45.24,45.15,45.24,13517,2022-03-16 19:30:00,CG
45.24,45.33,45.24,45.33,13364,2022-03-16 19:31:00,CG
45.32,45.35,45.28,45.28,13993,2022-03-16 19:32:00,CG
45.29,45.29,45.105,45.16,4322,2022-03-16 19:33:00,CG
45.14,45.14,45.07,45.115,3496,2022-03-16 19:34:00,CG
45.115,45.16,45.1,45.11,3601,2022-03-16 19:35:00,CG
45.13,45.16,45.085,45.11,3928,2022-03-16 19:36:00,CG
45.11,45.12,45.08,45.08,2500,2022-03-16 19:37:00,CG
45.13,45.18,45.13,45.13,2557,2022-03-16 19:38:00,CG
45.15,45.16,45.13,45.16,1543,2022-03-16 19:39:00,CG
45.16,45.19,45.14,45.14,5421,2022-03-16 19:40:00,CG
45.145,45.17,45.1,45.13,2590,2022-03-16 19:41:00,CG
45.12,45.16,45.1,45.1,2767,2022-03-16 19:42:00,CG
45.09,45.13,45.08,45.13,3783,2022-03-16 19:43:00,CG
45.11,45.1224,45.08,45.12,4618,2022-03-16 19:44:00,CG
45.13,45.14,45.1,45.13,5272,2022-03-16 19:45:00,CG
45.15,45.18,45.15,45.18,800,2022-03-16 19:46:00,CG
45.19,45.26,45.19,45.26,3246,2022-03-16 19:47:00,CG
45.27,45.3,45.25,45.28,4274,2022-03-16 19:48:00,CG
45.28,45.3,45.27,45.3,4233,2022-03-16 19:49:00,CG
45.31,45.38,45.31,45.38,4930,2022-03-16 19:50:00,CG
45.39,45.42,45.38,45.38,9131,2022-03-16 19:51:00,CG
45.39,45.445,45.39,45.43,10796,2022-03-16 19:52:00,CG
45.43,45.44,45.4,45.41,7854,2022-03-16 19:53:00,CG
45.42,45.43,45.38,45.425,8180,2022-03-16 19:54:00,CG
45.43,45.445,45.36,45.445,5945,2022-03-16 19:55:00,CG
45.44,45.46,45.41,45.46,8362,2022-03-16 19:56:00,CG
45.46,45.471,45.415,45.43,14698,2022-03-16 19:57:00,CG
45.425,45.43,45.4,45.415,16788,2022-03-16 19:58:00,CG
45.42,45.5,45.415,45.48,36942,2022-03-16 19:59:00,CG
45.47,45.47,45.47,45.47,211349,2022-03-16 20:00:00,CG
45.47,45.47,45.47,45.47,5787,2022-03-16 20:02:00,CG
45.7,45.7,45.7,45.7,500,2022-03-16 22:18:00,CG
45.27,45.46,45.175,45.32,19311,2022-03-17 13:30:00,CG
45.32,45.35,45.25,45.35,1690,2022-03-17 13:31:00,CG
45.34,45.34,45.29,45.29,994,2022-03-17 13:32:00,CG
45.42,45.42,45.26,45.26,400,2022-03-17 13:33:00,CG
45.55,45.59,45.54,45.54,2245,2022-03-17 13:34:00,CG
45.56,45.74,45.55,45.74,5761,2022-03-17 13:35:00,CG
45.66,45.75,45.51,45.51,6640,2022-03-17 13:36:00,CG
45.51,45.8,45.49,45.8,3136,2022-03-17 13:37:00,CG
45.74,45.75,45.64,45.645,2272,2022-03-17 13:38:00,CG
45.72,45.89,45.72,45.89,800,2022-03-17 13:39:00,CG
45.875,45.875,45.78,45.78,1800,2022-03-17 13:40:00,CG
45.8484,45.8484,45.8,45.8,533,2022-03-17 13:41:00,CG
45.74,45.9,45.73,45.77,4695,2022-03-17 13:42:00,CG
45.8,45.9,45.8,45.9,700,2022-03-17 13:43:00,CG
45.89,45.94,45.89,45.9,2555,2022-03-17 13:44:00,CG
45.94,45.95,45.9,45.945,1144,2022-03-17 13:45:00,CG
45.98,46.07,45.9,45.94,6667,2022-03-17 13:46:00,CG
45.95,45.95,45.86,45.86,900,2022-03-17 13:47:00,CG
45.84,45.94,45.84,45.91,2010,2022-03-17 13:48:00,CG
45.85,45.85,45.68,45.68,1310,2022-03-17 13:49:00,CG
45.73,45.73,45.64,45.64,900,2022-03-17 13:50:00,CG
45.811,45.83,45.74,45.74,3600,2022-03-17 13:51:00,CG
45.74,45.83,45.71,45.81,3682,2022-03-17 13:52:00,CG
45.7993,45.7993,45.68,45.68,2436,2022-03-17 13:53:00,CG
45.685,45.7026,45.65,45.7026,2023,2022-03-17 13:54:00,CG
45.72,45.72,45.63,45.68,4660,2022-03-17 13:55:00,CG
45.67,45.7,45.645,45.7,4880,2022-03-17 13:56:00,CG
45.72,45.79,45.72,45.76,820,2022-03-17 13:57:00,CG
45.84,45.875,45.83,45.875,610,2022-03-17 13:58:00,CG
45.92,46.02,45.92,46.005,3222,2022-03-17 13:59:00,CG
45.98,45.98,45.91,45.94,3289,2022-03-17 14:00:00,CG
45.91,45.91,45.74,45.78,2420,2022-03-17 14:01:00,CG
45.815,45.815,45.77,45.77,2485,2022-03-17 14:02:00,CG
45.73,45.75,45.715,45.74,2039,2022-03-17 14:03:00,CG
45.72,45.79,45.72,45.73,1200,2022-03-17 14:04:00,CG
45.71,45.74,45.71,45.72,1130,2022-03-17 14:05:00,CG
45.72,45.77,45.72,45.73,3932,2022-03-17 14:06:00,CG
45.767,45.767,45.72,45.745,509,2022-03-17 14:07:00,CG
45.71,45.73,45.68,45.68,2644,2022-03-17 14:08:00,CG
45.75,45.7734,45.75,45.765,2350,2022-03-17 14:09:00,CG
45.79,45.95,45.79,45.95,4150,2022-03-17 14:10:00,CG
45.955,45.955,45.91,45.93,825,2022-03-17 14:11:00,CG
45.94,45.94,45.85,45.85,8443,2022-03-17 14:12:00,CG
45.87,45.92,45.865,45.88,2420,2022-03-17 14:13:00,CG
45.89,45.92,45.82,45.87,4299,2022-03-17 14:14:00,CG
45.86,45.87,45.83,45.84,1690,2022-03-17 14:15:00,CG
45.82,45.82,45.8,45.8,400,2022-03-17 14:16:00,CG
45.72,45.75,45.69,45.75,1242,2022-03-17 14:17:00,CG
45.755,45.81,45.755,45.78,1900,2022-03-17 14:18:00,CG
45.785,45.785,45.63,45.64,1810,2022-03-17 14:19:00,CG
45.62,45.7247,45.59,45.7247,2347,2022-03-17 14:20:00,CG
45.76,45.9,45.74,45.87,949,2022-03-17 14:21:00,CG
45.91,45.91,45.815,45.815,4024,2022-03-17 14:22:00,CG
45.825,45.825,45.825,45.825,100,2022-03-17 14:23:00,CG
45.84,45.84,45.82,45.82,200,2022-03-17 14:24:00,CG
45.84,45.88,45.81,45.81,2778,2022-03-17 14:25:00,CG
45.8,45.88,45.8,45.83,2750,2022-03-17 14:26:00,CG
45.8,45.845,45.79,45.845,956,2022-03-17 14:27:00,CG
45.83,45.875,45.82,45.865,2166,2022-03-17 14:28:00,CG
45.865,45.865,45.865,45.865,190,2022-03-17 14:29:00,CG
45.865,45.89,45.85,45.87,2998,2022-03-17 14:30:00,CG
45.85,45.88,45.815,45.815,4081,2022-03-17 14:31:00,CG
45.83,45.845,45.775,45.775,2613,2022-03-17 14:32:00,CG
45.76,45.81,45.76,45.81,6310,2022-03-17 14:33:00,CG
45.83,45.84,45.81,45.84,4470,2022-03-17 14:34:00,CG
45.85,45.89,45.76,45.76,3696,2022-03-17 14:35:00,CG
45.76,45.76,45.73,45.73,500,2022-03-17 14:36:00,CG
45.72,45.72,45.69,45.715,1400,2022-03-17 14:37:00,CG
45.71,45.71,45.71,45.71,385,2022-03-17 14:38:00,CG
45.74,45.79,45.74,45.79,700,2022-03-17 14:39:00,CG
45.82,45.87,45.82,45.87,660,2022-03-17 14:40:00,CG
45.89,45.89,45.83,45.85,1931,2022-03-17 14:41:00,CG
45.845,45.845,45.74,45.74,2560,2022-03-17 14:42:00,CG
45.73,45.73,45.67,45.71,2949,2022-03-17 14:43:00,CG
45.72,45.75,45.695,45.75,879,2022-03-17 14:44:00,CG
45.75,45.86,45.73,45.86,700,2022-03-17 14:45:00,CG
45.83,45.83,45.75,45.755,1900,2022-03-17 14:46:00,CG
45.74,45.74,45.69,45.69,1138,2022-03-17 14:47:00,CG
45.69,45.69,45.61,45.615,4326,2022-03-17 14:48:00,CG
45.64,45.68,45.63,45.68,2509,2022-03-17 14:49:00,CG
45.68,45.73,45.675,45.675,1926,2022-03-17 14:50:00,CG
45.65,45.66,45.64,45.64,1900,2022-03-17 14:51:00,CG
45.61,45.63,45.61,45.62,800,2022-03-17 14:52:00,CG
45.62,45.62,45.59,45.59,899,2022-03-17 14:53:00,CG
45.59,45.59,45.51,45.51,3396,2022-03-17 14:54:00,CG
45.54,45.57,45.54,45.57,725,2022-03-17 14:55:00,CG
45.6,45.6,45.56,45.56,1892,2022-03-17 14:56:00,CG
45.57,45.6,45.555,45.6,2248,2022-03-17 14:57:00,CG
45.59,45.6,45.55,45.58,1210,2022-03-17 14:58:00,CG
45.6,45.6,45.58,45.58,378,2022-03-17 14:59:00,CG
45.58,45.58,45.55,45.57,3662,2022-03-17 15:00:00,CG
45.54,45.54,45.45,45.52,3954,2022-03-17 15:01:00,CG
45.5015,45.515,45.49,45.49,1600,2022-03-17 15:02:00,CG
45.48,45.49,45.465,45.49,1206,2022-03-17 15:03:00,CG
45.47,45.47,45.43,45.435,1602,2022-03-17 15:04:00,CG
45.45,45.52,45.45,45.52,1200,2022-03-17 15:05:00,CG
45.51,45.55,45.51,45.54,2925,2022-03-17 15:06:00,CG
45.53,45.54,45.465,45.54,3314,2022-03-17 15:07:00,CG
45.59,45.64,45.58,45.64,1000,2022-03-17 15:08:00,CG
45.65,45.67,45.645,45.67,5740,2022-03-17 15:09:00,CG
45.7,45.7,45.65,45.67,3846,2022-03-17 15:10:00,CG
45.69,45.72,45.69,45.72,403,2022-03-17 15:11:00,CG
45.7,45.7,45.58,45.58,3821,2022-03-17 15:12:00,CG
45.56,45.6,45.56,45.56,1687,2022-03-17 15:13:00,CG
45.56,45.58,45.55,45.55,1400,2022-03-17 15:14:00,CG
45.57,45.59,45.55,45.59,1612,2022-03-17 15:15:00,CG
45.6086,45.615,45.6,45.6,2025,2022-03-17 15:16:00,CG
45.6,45.6,45.585,45.59,709,2022-03-17 15:17:00,CG
45.62,45.65,45.57,45.61,3066,2022-03-17 15:18:00,CG
45.62,45.69,45.62,45.67,1700,2022-03-17 15:20:00,CG
45.695,45.695,45.665,45.665,1841,2022-03-17 15:21:00,CG
45.64,45.655,45.63,45.655,622,2022-03-17 15:22:00,CG
45.68,45.68,45.63,45.63,1505,2022-03-17 15:23:00,CG
45.64,45.665,45.64,45.66,1400,2022-03-17 15:24:00,CG
45.65,45.65,45.63,45.64,1672,2022-03-17 15:25:00,CG
45.64,45.685,45.64,45.65,3963,2022-03-17 15:26:00,CG
45.64,45.675,45.63,45.67,2650,2022-03-17 15:28:00,CG
45.66,45.66,45.6497,45.6497,200,2022-03-17 15:29:00,CG
45.64,45.67,45.63,45.66,1843,2022-03-17 15:30:00,CG
45.68,45.74,45.68,45.74,2845,2022-03-17 15:31:00,CG
45.735,45.76,45.735,45.735,1100,2022-03-17 15:32:00,CG
45.735,45.735,45.68,45.68,1800,2022-03-17 15:33:00,CG
45.705,45.74,45.705,45.72,4672,2022-03-17 15:34:00,CG
45.72,45.725,45.65,45.65,1501,2022-03-17 15:35:00,CG
45.69,45.72,45.69,45.69,1400,2022-03-17 15:36:00,CG
45.67,45.69,45.66,45.67,900,2022-03-17 15:37:00,CG
45.67,45.73,45.67,45.715,1650,2022-03-17 15:38:00,CG
45.715,45.715,45.715,45.715,465,2022-03-17 15:39:00,CG
45.715,45.75,45.715,45.75,3034,2022-03-17 15:40:00,CG
45.755,45.755,45.755,45.755,217,2022-03-17 15:41:00,CG
45.755,45.755,45.73,45.73,1944,2022-03-17 15:42:00,CG
45.72,45.72,45.71,45.71,1012,2022-03-17 15:43:00,CG
45.71,45.71,45.64,45.67,1000,2022-03-17 15:44:00,CG
45.68,45.689,45.66,45.68,2960,2022-03-17 15:45:00,CG
45.66,45.66,45.65,45.65,700,2022-03-17 15:46:00,CG
45.64,45.64,45.57,45.57,700,2022-03-17 15:47:00,CG
45.54,45.54,45.5,45.51,978,2022-03-17 15:48:00,CG
45.5,45.5,45.43,45.43,900,2022-03-17 15:49:00,CG
45.43,45.44,45.43,45.44,800,2022-03-17 15:50:00,CG
45.43,45.45,45.42,45.45,1778,2022-03-17 15:51:00,CG
45.46,45.525,45.45,45.525,1452,2022-03-17 15:52:00,CG
45.53,45.59,45.53,45.58,700,2022-03-17 15:53:00,CG
45.625,45.625,45.625,45.625,300,2022-03-17 15:54:00,CG
45.64,45.655,45.63,45.655,400,2022-03-17 15:55:00,CG
45.64,45.65,45.61,45.65,4270,2022-03-17 15:56:00,CG
45.67,45.67,45.63,45.63,1225,2022-03-17 15:57:00,CG
45.63,45.64,45.62,45.64,1000,2022-03-17 15:58:00,CG
45.635,45.64,45.61,45.61,1336,2022-03-17 15:59:00,CG
45.62,45.65,45.62,45.65,900,2022-03-17 16:00:00,CG
45.68,45.695,45.68,45.695,400,2022-03-17 16:01:00,CG
45.695,45.7,45.67,45.67,400,2022-03-17 16:02:00,CG
45.67,45.74,45.65,45.74,3744,2022-03-17 16:03:00,CG
45.75,45.8,45.75,45.78,1687,2022-03-17 16:04:00,CG
45.8,45.84,45.8,45.83,2666,2022-03-17 16:05:00,CG
45.87,45.91,45.81,45.91,5104,2022-03-17 16:06:00,CG
45.87,45.9,45.86,45.9,400,2022-03-17 16:07:00,CG
45.91,45.91,45.85,45.85,1200,2022-03-17 16:08:00,CG
45.88,45.88,45.88,45.88,100,2022-03-17 16:09:00,CG
45.88,45.88,45.88,45.88,300,2022-03-17 16:10:00,CG
45.87,45.87,45.84,45.85,1134,2022-03-17 16:11:00,CG
45.84,45.84,45.79,45.79,800,2022-03-17 16:12:00,CG
45.79,45.82,45.77,45.77,3900,2022-03-17 16:13:00,CG
45.75,45.78,45.75,45.78,200,2022-03-17 16:14:00,CG
45.75,45.765,45.73,45.76,3064,2022-03-17 16:15:00,CG
45.74,45.74,45.725,45.73,850,2022-03-17 16:16:00,CG
45.74,45.77,45.74,45.77,1354,2022-03-17 16:17:00,CG
45.77,45.795,45.74,45.74,1396,2022-03-17 16:18:00,CG
45.76,45.79,45.76,45.79,800,2022-03-17 16:19:00,CG
45.84,45.84,45.84,45.84,100,2022-03-17 16:20:00,CG
45.86,45.89,45.86,45.89,300,2022-03-17 16:21:00,CG
45.91,45.92,45.91,45.92,1200,2022-03-17 16:22:00,CG
45.94,45.945,45.93,45.93,1265,2022-03-17 16:23:00,CG
45.96,45.96,45.9,45.9,850,2022-03-17 16:24:00,CG
45.91,45.92,45.91,45.92,500,2022-03-17 16:25:00,CG
45.91,45.91,45.88,45.9,1922,2022-03-17 16:26:00,CG
45.91,45.93,45.909,45.909,1700,2022-03-17 16:28:00,CG
45.93,45.96,45.93,45.945,1450,2022-03-17 16:29:00,CG
45.96,45.975,45.94,45.94,2207,2022-03-17 16:30:00,CG
45.94,45.95,45.92,45.92,600,2022-03-17 16:31:00,CG
45.92,45.92,45.92,45.92,732,2022-03-17 16:33:00,CG
45.95,45.95,45.92,45.93,1976,2022-03-17 16:34:00,CG
45.91,45.94,45.91,45.94,1850,2022-03-17 16:35:00,CG
45.93,45.93,45.92,45.92,500,2022-03-17 16:36:00,CG
45.93,45.94,45.93,45.94,596,2022-03-17 16:37:00,CG
45.93,45.97,45.93,45.97,2949,2022-03-17 16:38:00,CG
45.99,46.025,45.99,46.025,413,2022-03-17 16:39:00,CG
46.025,46.03,45.955,45.955,2571,2022-03-17 16:40:00,CG
46.0,46.0,46.0,46.0,800,2022-03-17 16:41:00,CG
46.04,46.07,46.02,46.035,1189,2022-03-17 16:42:00,CG
46.035,46.035,46.035,46.035,400,2022-03-17 16:44:00,CG
46.04,46.08,46.0,46.0,4257,2022-03-17 16:46:00,CG
46.02,46.04,46.0,46.015,2168,2022-03-17 16:47:00,CG
46.0,46.0,46.0,46.0,300,2022-03-17 16:48:00,CG
45.99,45.99,45.99,45.99,100,2022-03-17 16:49:00,CG
46.02,46.07,46.02,46.05,1525,2022-03-17 16:50:00,CG
46.03,46.06,46.03,46.06,400,2022-03-17 16:51:00,CG
46.05,46.055,46.05,46.055,900,2022-03-17 16:52:00,CG
46.06,46.06,46.05,46.06,1009,2022-03-17 16:53:00,CG
46.05,46.06,46.03,46.06,2400,2022-03-17 16:54:00,CG
46.08,46.09,46.08,46.09,908,2022-03-17 16:55:00,CG
46.08,46.09,46.07,46.09,750,2022-03-17 16:56:00,CG
46.07,46.08,46.05,46.08,1609,2022-03-17 16:57:00,CG
46.1,46.21,46.1,46.21,35805,2022-03-17 16:58:00,CG
46.21,46.29,46.21,46.23,70870,2022-03-17 16:59:00,CG
46.23,46.27,46.21,46.2599,34237,2022-03-17 17:00:00,CG
46.23,46.2641,46.12,46.2,26376,2022-03-17 17:01:00,CG
46.2,46.22,46.15,46.17,8587,2022-03-17 17:02:00,CG
46.1985,46.23,46.15,46.15,7988,2022-03-17 17:03:00,CG
46.1781,46.25,46.15,46.2333,13579,2022-03-17 17:04:00,CG
46.25,46.26,46.19,46.21,7461,2022-03-17 17:05:00,CG
46.21,46.21,46.1493,46.175,6250,2022-03-17 17:06:00,CG
46.1603,46.28,46.15,46.255,15492,2022-03-17 17:07:00,CG
46.24,46.3297,46.24,46.315,10396,2022-03-17 17:08:00,CG
46.33,46.33,46.27,46.28,3993,2022-03-17 17:09:00,CG
46.2604,46.3,46.25,46.295,4423,2022-03-17 17:10:00,CG
46.32,46.3416,46.28,46.28,4366,2022-03-17 17:11:00,CG
46.3199,46.3199,46.27,46.2743,5695,2022-03-17 17:12:00,CG
46.272,46.28,46.2,46.205,2474,2022-03-17 17:13:00,CG
46.22,46.22,46.19,46.2,2121,2022-03-17 17:14:00,CG
46.195,46.21,46.15,46.165,3818,2022-03-17 17:15:00,CG
46.16,46.16,46.14,46.16,2874,2022-03-17 17:16:00,CG
46.15,46.18,46.13,46.15,2044,2022-03-17 17:17:00,CG
46.145,46.17,46.13,46.16,1600,2022-03-17 17:18:00,CG
46.15,46.15,46.15,46.15,1041,2022-03-17 17:19:00,CG
46.16,46.1809,46.16,46.17,1200,2022-03-17 17:20:00,CG
46.17,46.17,46.15,46.15,1530,2022-03-17 17:21:00,CG
46.16,46.199,46.15,46.199,2192,2022-03-17 17:22:00,CG
46.18,46.2,46.18,46.2,1100,2022-03-17 17:23:00,CG
46.2172,46.3089,46.2172,46.29,5755,2022-03-17 17:24:00,CG
46.3,46.3413,46.3,46.3413,1083,2022-03-17 17:25:00,CG
46.3499,46.42,46.3499,46.42,6886,2022-03-17 17:26:00,CG
46.43,46.43,46.38,46.3999,4644,2022-03-17 17:27:00,CG
46.4,46.4529,46.4,46.4529,2779,2022-03-17 17:28:00,CG
46.435,46.435,46.39,46.39,2787,2022-03-17 17:29:00,CG
46.419,46.42,46.41,46.41,1062,2022-03-17 17:30:00,CG
46.42,46.4687,46.42,46.44,1612,2022-03-17 17:31:00,CG
46.47,46.47,46.45,46.45,1400,2022-03-17 17:32:00,CG
46.44,46.45,46.42,46.45,2360,2022-03-17 17:33:00,CG
46.445,46.4599,46.445,46.45,549,2022-03-17 17:34:00,CG
46.45,46.49,46.4499,46.49,1700,2022-03-17 17:35:00,CG
46.5,46.505,46.4872,46.505,500,2022-03-17 17:36:00,CG
46.5,46.5,46.45,46.46,3322,2022-03-17 17:37:00,CG
46.45,46.46,46.45,46.46,1446,2022-03-17 17:38:00,CG
46.47,46.47,46.46,46.46,391,2022-03-17 17:39:00,CG
46.48,46.51,46.48,46.5,2189,2022-03-17 17:40:00,CG
46.48,46.5,46.46,46.4834,2613,2022-03-17 17:41:00,CG
46.51,46.55,46.51,46.55,3114,2022-03-17 17:42:00,CG
46.57,46.575,46.542,46.575,300,2022-03-17 17:43:00,CG
46.55,46.57,46.53,46.53,2900,2022-03-17 17:44:00,CG
46.5297,46.5297,46.51,46.51,450,2022-03-17 17:45:00,CG
46.54,46.56,46.54,46.5568,1493,2022-03-17 17:46:00,CG
46.56,46.605,46.56,46.59,3375,2022-03-17 17:47:00,CG
46.6045,46.63,46.57,46.63,4506,2022-03-17 17:48:00,CG
46.62,46.64,46.62,46.64,1541,2022-03-17 17:49:00,CG
46.63,46.6794,46.63,46.6503,1507,2022-03-17 17:50:00,CG
46.67,46.69,46.63,46.63,3308,2022-03-17 17:51:00,CG
46.6499,46.68,46.64,46.66,6518,2022-03-17 17:52:00,CG
46.65,46.65,46.6086,46.6086,4708,2022-03-17 17:53:00,CG
46.6175,46.63,46.6175,46.6296,400,2022-03-17 17:54:00,CG
46.6297,46.6297,46.6,46.62,3300,2022-03-17 17:55:00,CG
46.63,46.67,46.63,46.65,2570,2022-03-17 17:56:00,CG
46.6507,46.6507,46.6507,46.6507,200,2022-03-17 17:57:00,CG
46.67,46.72,46.6699,46.68,6472,2022-03-17 17:58:00,CG
46.7,46.72,46.68,46.7,1966,2022-03-17 17:59:00,CG
46.71,46.73,46.69,46.73,6479,2022-03-17 18:00:00,CG
46.73,46.7499,46.71,46.71,8497,2022-03-17 18:01:00,CG
46.71,46.74,46.7,46.73,2700,2022-03-17 18:02:00,CG
46.73,46.75,46.68,46.71,3145,2022-03-17 18:03:00,CG
46.75,46.76,46.7,46.74,3989,2022-03-17 18:04:00,CG
46.73,46.765,46.72,46.74,9067,2022-03-17 18:05:00,CG
46.73,46.77,46.72,46.77,2744,2022-03-17 18:06:00,CG
46.78,46.8,46.78,46.8,700,2022-03-17 18:07:00,CG
46.81,46.86,46.81,46.86,3621,2022-03-17 18:08:00,CG
46.83,46.84,46.78,46.78,5864,2022-03-17 18:09:00,CG
46.799,46.83,46.79,46.82,4067,2022-03-17 18:10:00,CG
46.81,46.81,46.76,46.7866,4680,2022-03-17 18:11:00,CG
46.79,46.79,46.75,46.75,3401,2022-03-17 18:12:00,CG
46.76,46.81,46.76,46.81,700,2022-03-17 18:13:00,CG
46.83,46.83,46.78,46.79,2377,2022-03-17 18:14:00,CG
46.8093,46.815,46.7981,46.815,2242,2022-03-17 18:15:00,CG
46.83,46.89,46.81,46.81,4700,2022-03-17 18:16:00,CG
46.82,46.82,46.82,46.82,989,2022-03-17 18:17:00,CG
46.85,46.8513,46.83,46.85,3840,2022-03-17 18:18:00,CG
46.86,46.89,46.86,46.89,200,2022-03-17 18:19:00,CG
46.9168,46.9168,46.87,46.875,3196,2022-03-17 18:20:00,CG
46.89,46.94,46.88,46.92,5809,2022-03-17 18:21:00,CG
46.95,46.97,46.9496,46.96,1212,2022-03-17 18:22:00,CG
46.95,46.95,46.91,46.91,1700,2022-03-17 18:23:00,CG
46.91,46.91,46.81,46.81,6353,2022-03-17 18:24:00,CG
46.79,46.8,46.77,46.79,1964,2022-03-17 18:25:00,CG
46.76,46.77,46.7,46.75,3000,2022-03-17 18:26:00,CG
46.77,46.785,46.77,46.78,2966,2022-03-17 18:27:00,CG
46.81,46.8158,46.8,46.81,4400,2022-03-17 18:28:00,CG
46.79,46.79,46.76,46.78,3732,2022-03-17 18:29:00,CG
46.79,46.8,46.78,46.79,1800,2022-03-17 18:30:00,CG
46.79,46.82,46.785,46.82,2637,2022-03-17 18:31:00,CG
46.84,46.86,46.81,46.86,3343,2022-03-17 18:32:00,CG
46.86,46.91,46.86,46.91,1300,2022-03-17 18:33:00,CG
46.905,46.92,46.87,46.8802,5404,2022-03-17 18:34:00,CG
46.92,46.94,46.915,46.94,800,2022-03-17 18:35:00,CG
46.93,46.94,46.92,46.925,1267,2022-03-17 18:36:00,CG
46.92,46.94,46.9,46.91,2441,2022-03-17 18:37:00,CG
46.9241,46.96,46.915,46.93,2386,2022-03-17 18:38:00,CG
46.96,46.96,46.91,46.92,2151,2022-03-17 18:39:00,CG
46.91,46.92,46.85,46.86,4322,2022-03-17 18:40:00,CG
46.875,46.91,46.875,46.91,2612,2022-03-17 18:41:00,CG
46.91,46.9118,46.8975,46.9118,1400,2022-03-17 18:42:00,CG
46.9,46.96,46.9,46.93,2964,2022-03-17 18:43:00,CG
46.93,46.96,46.92,46.96,1554,2022-03-17 18:44:00,CG
46.96,46.99,46.95,46.98,995,2022-03-17 18:45:00,CG
46.96,46.98,46.96,46.98,1695,2022-03-17 18:46:00,CG
46.96,46.98,46.94,46.945,2800,2022-03-17 18:47:00,CG
46.95,47.0,46.95,47.0,3715,2022-03-17 18:48:00,CG
46.99,47.0,46.9764,47.0,2906,2022-03-17 18:49:00,CG
47.0,47.02,46.97,46.97,3295,2022-03-17 18:50:00,CG
46.98,46.99,46.95,46.98,2590,2022-03-17 18:51:00,CG
46.9652,46.995,46.965,46.99,2053,2022-03-17 18:52:00,CG
47.0,47.02,46.99,47.02,3390,2022-03-17 18:53:00,CG
47.02,47.02,46.99,46.99,2200,2022-03-17 18:54:00,CG
47.0,47.03,46.98,46.99,3377,2022-03-17 18:55:00,CG
47.0,47.05,47.0,47.05,2996,2022-03-17 18:56:00,CG
47.045,47.0696,47.045,47.06,2789,2022-03-17 18:57:00,CG
47.07,47.07,47.05,47.07,1000,2022-03-17 18:58:00,CG
47.06,47.09,47.05,47.05,4476,2022-03-17 18:59:00,CG
47.0627,47.0627,46.98,46.98,4710,2022-03-17 19:00:00,CG
46.98,47.0186,46.98,47.0,2400,2022-03-17 19:01:00,CG
47.01,47.02,47.0,47.01,1496,2022-03-17 19:02:00,CG
47.01,47.04,47.01,47.04,1141,2022-03-17 19:03:00,CG
47.08,47.08,47.06,47.08,2350,2022-03-17 19:04:00,CG
47.0763,47.09,47.055,47.055,1625,2022-03-17 19:05:00,CG
47.045,47.07,47.03,47.06,2281,2022-03-17 19:06:00,CG
47.07,47.07,47.03,47.036,3428,2022-03-17 19:07:00,CG
47.04,47.04,46.97,46.99,2761,2022-03-17 19:08:00,CG
46.99,47.02,46.99,47.0,1877,2022-03-17 19:09:00,CG
47.0,47.01,46.92,46.93,2200,2022-03-17 19:10:00,CG
46.935,46.935,46.89,46.91,3805,2022-03-17 19:11:00,CG
46.89,46.89,46.86,46.86,2767,2022-03-17 19:12:00,CG
46.87,46.885,46.86,46.86,1559,2022-03-17 19:13:00,CG
46.88,46.94,46.8796,46.94,2400,2022-03-17 19:14:00,CG
46.95,46.95,46.91,46.91,2300,2022-03-17 19:15:00,CG
46.91,46.97,46.9,46.97,2827,2022-03-17 19:16:00,CG
46.97,46.97,46.91,46.93,3758,2022-03-17 19:17:00,CG
46.92,46.95,46.91,46.95,2352,2022-03-17 19:18:00,CG
46.94,46.9979,46.94,46.9979,3377,2022-03-17 19:19:00,CG
47.0,47.0,46.92,46.95,3200,2022-03-17 19:20:00,CG
46.95,46.9895,46.935,46.9887,5669,2022-03-17 19:21:00,CG
46.96,46.98,46.96,46.97,1520,2022-03-17 19:22:00,CG
46.98,46.98,46.94,46.955,1486,2022-03-17 19:23:00,CG
46.96,46.96,46.95,46.96,1325,2022-03-17 19:24:00,CG
46.98,47.035,46.98,47.0,2584,2022-03-17 19:25:00,CG
47.02,47.03,47.015,47.03,488,2022-03-17 19:26:00,CG
47.015,47.015,46.985,47.01,2662,2022-03-17 19:27:00,CG
47.0,47.02,46.9843,46.99,1200,2022-03-17 19:28:00,CG
46.99,47.02,46.99,47.01,1877,2022-03-17 19:29:00,CG
47.02,47.05,47.02,47.02,3130,2022-03-17 19:30:00,CG
47.02,47.08,47.01,47.08,2558,2022-03-17 19:31:00,CG
47.06,47.06,47.045,47.045,2349,2022-03-17 19:32:00,CG
47.045,47.06,47.03,47.06,2610,2022-03-17 19:33:00,CG
47.05,47.0717,47.05,47.065,2119,2022-03-17 19:34:00,CG
47.06,47.07,47.04,47.05,4600,2022-03-17 19:35:00,CG
47.06,47.09,47.05,47.09,2669,2022-03-17 19:36:00,CG
47.088,47.09,47.06,47.08,4242,2022-03-17 19:37:00,CG
47.08,47.125,47.08,47.11,3505,2022-03-17 19:38:00,CG
47.12,47.12,47.11,47.12,800,2022-03-17 19:39:00,CG
47.11,47.15,47.11,47.12,3856,2022-03-17 19:40:00,CG
47.116,47.17,47.11,47.17,7011,2022-03-17 19:41:00,CG
47.19,47.205,47.16,47.17,6503,2022-03-17 19:42:00,CG
47.18,47.19,47.16,47.19,4270,2022-03-17 19:43:00,CG
47.21,47.23,47.21,47.22,9914,2022-03-17 19:44:00,CG
47.22,47.26,47.215,47.26,5496,2022-03-17 19:45:00,CG
47.265,47.27,47.25,47.26,4456,2022-03-17 19:46:00,CG
47.26,47.26,47.23,47.24,4941,2022-03-17 19:47:00,CG
47.24,47.25,47.2,47.24,9783,2022-03-17 19:48:00,CG
47.23,47.23,47.19,47.2,4522,2022-03-17 19:49:00,CG
47.19,47.23,47.17,47.225,9835,2022-03-17 19:50:00,CG
47.24,47.28,47.23,47.245,9505,2022-03-17 19:51:00,CG
47.245,47.26,47.21,47.21,11201,2022-03-17 19:52:00,CG
47.2199,47.24,47.18,47.24,9831,2022-03-17 19:53:00,CG
47.225,47.225,47.14,47.175,25025,2022-03-17 19:54:00,CG
47.18,47.22,47.16,47.2129,14376,2022-03-17 19:55:00,CG
47.21,47.27,47.2,47.235,29003,2022-03-17 19:56:00,CG
47.23,47.25,47.18,47.185,13103,2022-03-17 19:57:00,CG
47.18,47.18,47.13,47.13,15676,2022-03-17 19:58:00,CG
47.13,47.15,47.11,47.13,48591,2022-03-17 19:59:00,CG
47.16,47.16,47.16,47.16,205631,2022-03-17 20:00:00,CG
47.16,47.16,47.16,47.16,952,2022-03-17 20:01:00,CG
47.16,47.16,47.16,47.16,754,2022-03-17 20:02:00,CG
47.16,47.16,47.16,47.16,5622,2022-03-17 20:09:00,CG
46.75,46.75,46.66,46.66,2071,2022-03-18 13:29:00,CG
46.67,47.07,46.66,46.97,38792,2022-03-18 13:30:00,CG
47.09,47.16,47.09,47.14,4007,2022-03-18 13:31:00,CG
47.05,47.05,46.91,46.91,7125,2022-03-18 13:32:00,CG
46.83,46.83,46.57,46.57,1600,2022-03-18 13:33:00,CG
46.57,46.69,46.52,46.635,6969,2022-03-18 13:34:00,CG
46.69,46.95,46.69,46.82,4852,2022-03-18 13:35:00,CG
46.94,46.97,46.88,46.8846,7710,2022-03-18 13:36:00,CG
46.79,47.04,46.79,46.9,14811,2022-03-18 13:37:00,CG
46.91,46.99,46.88,46.91,2663,2022-03-18 13:38:00,CG
46.96,46.96,46.85,46.85,1400,2022-03-18 13:39:00,CG
46.93,46.95,46.91,46.93,500,2022-03-18 13:40:00,CG
46.955,47.085,46.955,47.085,2269,2022-03-18 13:41:00,CG
47.09,47.16,47.05,47.07,5103,2022-03-18 13:42:00,CG
47.1311,47.17,47.07,47.1674,8415,2022-03-18 13:43:00,CG
47.21,47.29,47.17,47.17,3856,2022-03-18 13:44:00,CG
47.19,47.39,47.19,47.28,5152,2022-03-18 13:45:00,CG
47.33,47.33,47.11,47.21,6293,2022-03-18 13:46:00,CG
47.135,47.16,47.06,47.09,10454,2022-03-18 13:47:00,CG
47.05,47.1,47.04,47.068,4718,2022-03-18 13:48:00,CG
47.09,47.19,47.04,47.1,11590,2022-03-18 13:49:00,CG
47.1,47.17,47.085,47.11,20755,2022-03-18 13:50:00,CG
47.1,47.14,47.055,47.1,21873,2022-03-18 13:51:00,CG
47.1,47.11,47.06,47.07,2900,2022-03-18 13:52:00,CG
47.04,47.05,46.97,46.98,3000,2022-03-18 13:53:00,CG
47.01,47.095,47.01,47.09,2258,2022-03-18 13:54:00,CG
47.09,47.1608,47.08,47.11,13805,2022-03-18 13:55:00,CG
47.11,47.15,47.09,47.13,8547,2022-03-18 13:56:00,CG
47.2099,47.2099,47.13,47.16,7472,2022-03-18 13:57:00,CG
47.16,47.165,47.09,47.09,8505,2022-03-18 13:58:00,CG
47.09,47.13,47.06,47.06,4712,2022-03-18 13:59:00,CG
47.06,47.13,46.98,47.12,5509,2022-03-18 14:00:00,CG
47.12,47.1985,47.12,47.17,19231,2022-03-18 14:01:00,CG
47.17,47.21,47.16,47.21,3396,2022-03-18 14:02:00,CG
47.23,47.29,47.23,47.27,800,2022-03-18 14:03:00,CG
47.28,47.4,47.2311,47.39,2290,2022-03-18 14:04:00,CG
47.39,47.54,47.39,47.52,3584,2022-03-18 14:05:00,CG
47.52,47.52,47.36,47.385,3800,2022-03-18 14:06:00,CG
47.36,47.39,47.3414,47.39,2845,2022-03-18 14:07:00,CG
47.39,47.47,47.39,47.47,700,2022-03-18 14:08:00,CG
47.47,47.47,47.4375,47.47,600,2022-03-18 14:09:00,CG
47.49,47.49,47.38,47.38,7125,2022-03-18 14:10:00,CG
47.409,47.44,47.409,47.44,1000,2022-03-18 14:11:00,CG
47.445,47.48,47.42,47.43,4359,2022-03-18 14:12:00,CG
47.45,47.49,47.45,47.45,800,2022-03-18 14:13:00,CG
47.45,47.49,47.45,47.49,500,2022-03-18 14:14:00,CG
47.47,47.47,47.43,47.43,480,2022-03-18 14:15:00,CG
47.46,47.5,47.44,47.44,1723,2022-03-18 14:16:00,CG
47.45,47.57,47.45,47.57,1424,2022-03-18 14:17:00,CG
47.56,47.67,47.56,47.66,2400,2022-03-18 14:18:00,CG
47.64,47.64,47.5,47.5,4000,2022-03-18 14:19:00,CG
47.4812,47.4812,47.41,47.4129,2237,2022-03-18 14:20:00,CG
47.42,47.52,47.42,47.52,950,2022-03-18 14:21:00,CG
47.53,47.64,47.53,47.64,400,2022-03-18 14:22:00,CG
47.64,47.69,47.55,47.57,5133,2022-03-18 14:23:00,CG
47.53,47.56,47.44,47.56,23125,2022-03-18 14:24:00,CG
47.59,47.63,47.55,47.63,1425,2022-03-18 14:25:00,CG
47.66,47.67,47.6,47.62,4682,2022-03-18 14:26:00,CG
47.645,47.67,47.58,47.58,3995,2022-03-18 14:27:00,CG
47.5995,47.5995,47.49,47.49,5102,2022-03-18 14:28:00,CG
47.505,47.54,47.43,47.43,1770,2022-03-18 14:29:00,CG
47.4798,47.4798,47.38,47.41,1694,2022-03-18 14:30:00,CG
47.39,47.42,47.36,47.42,2669,2022-03-18 14:31:00,CG
47.49,47.49,47.49,47.49,100,2022-03-18 14:32:00,CG
47.49,47.49,47.3,47.369,7384,2022-03-18 14:33:00,CG
47.36,47.36,47.26,47.26,300,2022-03-18 14:34:00,CG
47.23,47.24,47.16,47.16,1300,2022-03-18 14:35:00,CG
47.1398,47.1398,46.96,47.03,5775,2022-03-18 14:36:00,CG
47.02,47.02,46.93,46.93,6299,2022-03-18 14:37:00,CG
46.94,46.94,46.91,46.91,512,2022-03-18 14:38:00,CG
46.855,46.855,46.78,46.805,1006,2022-03-18 14:39:00,CG
46.77,46.77,46.71,46.73,4100,2022-03-18 14:40:00,CG
46.76,46.84,46.75,46.83,5100,2022-03-18 14:41:00,CG
46.86,46.88,46.76,46.8206,2218,2022-03-18 14:42:00,CG
46.92,46.92,46.92,46.92,300,2022-03-18 14:43:00,CG
46.89,46.9,46.85,46.85,1300,2022-03-18 14:44:00,CG
46.88,46.92,46.88,46.9,1048,2022-03-18 14:45:00,CG
46.87,46.87,46.87,46.87,100,2022-03-18 14:46:00,CG
46.89,46.95,46.81,46.8146,8955,2022-03-18 14:47:00,CG
46.82,46.82,46.76,46.76,1036,2022-03-18 14:48:00,CG
46.76,46.79,46.62,46.66,1919,2022-03-18 14:49:00,CG
46.6489,46.6489,46.61,46.62,802,2022-03-18 14:50:00,CG
46.64,46.64,46.63,46.63,400,2022-03-18 14:51:00,CG
46.65,46.65,46.61,46.61,1250,2022-03-18 14:52:00,CG
46.64,46.705,46.64,46.68,10080,2022-03-18 14:53:00,CG
46.66,46.69,46.66,46.69,800,2022-03-18 14:54:00,CG
46.675,46.675,46.67,46.67,300,2022-03-18 14:55:00,CG
46.6403,46.6403,46.6339,46.64,1350,2022-03-18 14:56:00,CG
46.665,46.7,46.665,46.67,3283,2022-03-18 14:57:00,CG
46.68,46.695,46.68,46.69,630,2022-03-18 14:58:00,CG
46.71,46.72,46.63,46.63,4131,2022-03-18 14:59:00,CG
46.67,46.715,46.65,46.715,1301,2022-03-18 15:00:00,CG
46.7,46.76,46.7,46.76,1000,2022-03-18 15:01:00,CG
46.77,46.84,46.77,46.78,2300,2022-03-18 15:02:00,CG
46.79,46.79,46.7,46.7,1922,2022-03-18 15:03:00,CG
46.7199,46.76,46.685,46.76,2620,2022-03-18 15:04:00,CG
46.74,46.74,46.67,46.67,1788,2022-03-18 15:05:00,CG
46.68,46.68,46.68,46.68,200,2022-03-18 15:06:00,CG
46.72,46.72,46.7,46.7,1350,2022-03-18 15:07:00,CG
46.72,46.75,46.71,46.72,2052,2022-03-18 15:08:00,CG
46.69,46.69,46.65,46.65,1000,2022-03-18 15:09:00,CG
46.62,46.62,46.53,46.55,2495,2022-03-18 15:10:00,CG
46.57,46.57,46.53,46.56,3738,2022-03-18 15:11:00,CG
46.575,46.59,46.56,46.57,907,2022-03-18 15:12:00,CG
46.61,46.62,46.6,46.605,1722,2022-03-18 15:13:00,CG
46.61,46.65,46.55,46.55,3093,2022-03-18 15:14:00,CG
46.53,46.56,46.45,46.53,9776,2022-03-18 15:15:00,CG
46.53,46.53,46.41,46.46,3366,2022-03-18 15:16:00,CG
46.46,46.47,46.46,46.47,1265,2022-03-18 15:17:00,CG
46.42,46.44,46.4,46.42,8012,2022-03-18 15:18:00,CG
46.42,46.46,46.42,46.46,4627,2022-03-18 15:19:00,CG
46.45,46.45,46.38,46.41,3029,2022-03-18 15:20:00,CG
46.39,46.39,46.3673,46.3673,1275,2022-03-18 15:21:00,CG
46.38,46.38,46.33,46.33,1300,2022-03-18 15:22:00,CG
46.37,46.39,46.368,46.39,1400,2022-03-18 15:23:00,CG
46.39,46.399,46.39,46.399,600,2022-03-18 15:24:00,CG
46.4,46.4,46.31,46.365,5414,2022-03-18 15:25:00,CG
46.38,46.39,46.34,46.34,1400,2022-03-18 15:26:00,CG
46.3,46.3,46.23,46.23,2360,2022-03-18 15:27:00,CG
46.26,46.33,46.235,46.33,6914,2022-03-18 15:28:00,CG
46.33,46.35,46.33,46.33,1877,2022-03-18 15:29:00,CG
46.34,46.42,46.3075,46.4,4894,2022-03-18 15:30:00,CG
46.4,46.43,46.4,46.43,1050,2022-03-18 15:31:00,CG
46.41,46.41,46.38,46.41,2040,2022-03-18 15:32:00,CG
46.425,46.44,46.42,46.44,500,2022-03-18 15:33:00,CG
46.48,46.49,46.46,46.48,2928,2022-03-18 15:34:00,CG
46.464,46.47,46.44,46.44,520,2022-03-18 15:35:00,CG
46.45,46.55,46.45,46.54,3697,2022-03-18 15:36:00,CG
46.53,46.58,46.52,46.58,1709,2022-03-18 15:37:00,CG
46.61,46.64,46.59,46.59,939,2022-03-18 15:38:00,CG
46.55,46.55,46.525,46.525,200,2022-03-18 15:40:00,CG
46.5,46.545,46.5,46.545,1149,2022-03-18 15:41:00,CG
46.5438,46.57,46.54,46.57,382,2022-03-18 15:42:00,CG
46.57,46.58,46.565,46.57,670,2022-03-18 15:43:00,CG
46.61,46.61,46.54,46.54,956,2022-03-18 15:44:00,CG
46.54,46.58,46.54,46.58,995,2022-03-18 15:45:00,CG
46.59,46.59,46.585,46.585,2354,2022-03-18 15:46:00,CG
46.57,46.57,46.5,46.5,2455,2022-03-18 15:47:00,CG
46.5,46.53,46.5,46.51,1365,2022-03-18 15:48:00,CG
46.51,46.59,46.51,46.59,1500,2022-03-18 15:49:00,CG
46.59,46.59,46.585,46.585,300,2022-03-18 15:50:00,CG
46.6,46.6239,46.58,46.6,1495,2022-03-18 15:51:00,CG
46.6,46.62,46.6,46.62,900,2022-03-18 15:52:00,CG
46.6,46.6,46.5,46.5,54045,2022-03-18 15:54:00,CG
46.495,46.52,46.495,46.51,702,2022-03-18 15:55:00,CG
46.53,46.555,46.53,46.555,2300,2022-03-18 15:57:00,CG
46.555,46.57,46.53,46.57,1704,2022-03-18 15:58:00,CG
46.59,46.59,46.56,46.56,650,2022-03-18 15:59:00,CG
46.59,46.59,46.52,46.52,500,2022-03-18 16:00:00,CG
46.54,46.62,46.54,46.62,1429,2022-03-18 16:01:00,CG
46.62,46.62,46.59,46.59,2722,2022-03-18 16:02:00,CG
46.64,46.64,46.64,46.64,200,2022-03-18 16:03:00,CG
46.6533,46.6533,46.6533,46.6533,150,2022-03-18 16:04:00,CG
46.7,46.72,46.7,46.72,1720,2022-03-18 16:05:00,CG
46.72,46.72,46.69,46.69,1148,2022-03-18 16:06:00,CG
46.69,46.7021,46.69,46.69,400,2022-03-18 16:07:00,CG
46.69,46.71,46.69,46.71,800,2022-03-18 16:08:00,CG
46.7,46.7,46.69,46.69,200,2022-03-18 16:09:00,CG
46.72,46.735,46.72,46.735,600,2022-03-18 16:10:00,CG
46.76,46.85,46.76,46.85,6324,2022-03-18 16:11:00,CG
46.85,46.85,46.8,46.815,1722,2022-03-18 16:12:00,CG
46.815,46.83,46.815,46.82,1202,2022-03-18 16:13:00,CG
46.845,46.87,46.81,46.87,2033,2022-03-18 16:14:00,CG
46.87,46.91,46.87,46.91,1000,2022-03-18 16:15:00,CG
46.91,47.03,46.91,47.03,2095,2022-03-18 16:17:00,CG
47.04,47.04,47.015,47.0155,500,2022-03-18 16:18:00,CG
47.04,47.05,47.03,47.05,600,2022-03-18 16:19:00,CG
47.03,47.1,47.03,47.06,3761,2022-03-18 16:20:00,CG
47.0699,47.1,47.05,47.0888,2495,2022-03-18 16:21:00,CG
47.13,47.13,47.1,47.1,300,2022-03-18 16:22:00,CG
47.13,47.17,47.13,47.15,1610,2022-03-18 16:23:00,CG
47.1899,47.19,47.17,47.19,400,2022-03-18 16:25:00,CG
47.23,47.23,47.19,47.2,2000,2022-03-18 16:26:00,CG
47.21,47.21,47.17,47.2,1400,2022-03-18 16:27:00,CG
47.1972,47.1972,47.1972,47.1972,500,2022-03-18 16:28:00,CG
47.21,47.23,47.21,47.22,600,2022-03-18 16:29:00,CG
47.24,47.24,47.24,47.24,1100,2022-03-18 16:30:00,CG
47.28,47.29,47.25,47.25,2200,2022-03-18 16:31:00,CG
47.27,47.27,47.24,47.24,1373,2022-03-18 16:32:00,CG
47.22,47.23,47.19,47.23,1369,2022-03-18 16:33:00,CG
47.22,47.24,47.22,47.24,800,2022-03-18 16:34:00,CG
47.26,47.32,47.26,47.32,300,2022-03-18 16:35:00,CG
47.285,47.31,47.285,47.31,1075,2022-03-18 16:36:00,CG
47.31,47.35,47.31,47.35,1436,2022-03-18 16:38:00,CG
47.335,47.38,47.335,47.38,1842,2022-03-18 16:39:00,CG
47.38,47.38,47.36,47.37,3200,2022-03-18 16:40:00,CG
47.37,47.39,47.34,47.38,1735,2022-03-18 16:41:00,CG
47.3682,47.3682,47.355,47.36,700,2022-03-18 16:43:00,CG
47.36,47.39,47.36,47.38,1519,2022-03-18 16:44:00,CG
47.38,47.38,47.34,47.345,2224,2022-03-18 16:45:00,CG
47.35,47.35,47.32,47.34,1350,2022-03-18 16:46:00,CG
47.36,47.37,47.34,47.37,941,2022-03-18 16:47:00,CG
47.39,47.39,47.36,47.36,1700,2022-03-18 16:48:00,CG
47.37,47.38,47.37,47.38,423,2022-03-18 16:49:00,CG
47.39,47.41,47.39,47.41,1290,2022-03-18 16:50:00,CG
47.44,47.44,47.42,47.44,1000,2022-03-18 16:51:00,CG
47.47,47.47,47.44,47.44,600,2022-03-18 16:52:00,CG
47.46,47.46,47.42,47.42,3172,2022-03-18 16:53:00,CG
47.43,47.43,47.43,47.43,100,2022-03-18 16:54:00,CG
47.425,47.48,47.38,47.4,4248,2022-03-18 16:55:00,CG
47.46,47.46,47.46,47.46,200,2022-03-18 16:56:00,CG
47.47,47.5,47.47,47.5,1410,2022-03-18 16:57:00,CG
47.53,47.53,47.465,47.4771,2784,2022-03-18 16:58:00,CG
47.49,47.51,47.48,47.51,2590,2022-03-18 16:59:00,CG
47.55,47.55,47.55,47.55,300,2022-03-18 17:00:00,CG
47.59,47.6,47.57,47.57,1101,2022-03-18 17:01:00,CG
47.59,47.6,47.57,47.58,1100,2022-03-18 17:02:00,CG
47.57,47.57,47.54,47.54,2103,2022-03-18 17:03:00,CG
47.57,47.59,47.57,47.57,600,2022-03-18 17:04:00,CG
47.59,47.595,47.56,47.58,1200,2022-03-18 17:05:00,CG
47.59,47.61,47.59,47.61,500,2022-03-18 17:06:00,CG
47.63,47.64,47.63,47.63,510,2022-03-18 17:07:00,CG
47.65,47.67,47.64,47.66,2100,2022-03-18 17:08:00,CG
47.63,47.66,47.62,47.62,1300,2022-03-18 17:09:00,CG
47.645,47.645,47.61,47.61,800,2022-03-18 17:10:00,CG
47.65,47.66,47.65,47.66,650,2022-03-18 17:11:00,CG
47.67,47.685,47.64,47.66,3100,2022-03-18 17:12:00,CG
47.65,47.67,47.64,47.65,1700,2022-03-18 17:13:00,CG
47.67,47.7,47.67,47.7,2382,2022-03-18 17:14:00,CG
47.67,47.69,47.6599,47.6599,2600,2022-03-18 17:15:00,CG
47.66,47.66,47.65,47.66,1144,2022-03-18 17:16:00,CG
47.68,47.7,47.66,47.67,1518,2022-03-18 17:17:00,CG
47.69,47.705,47.68,47.68,1200,2022-03-18 17:18:00,CG
47.66,47.67,47.655,47.66,800,2022-03-18 17:19:00,CG
47.66,47.7,47.66,47.7,500,2022-03-18 17:20:00,CG
47.7,47.7,47.67,47.7,2288,2022-03-18 17:22:00,CG
47.7,47.76,47.7,47.76,5055,2022-03-18 17:23:00,CG
47.745,47.76,47.73,47.74,2634,2022-03-18 17:24:00,CG
47.72,47.77,47.71,47.77,3233,2022-03-18 17:25:00,CG
47.77,47.8,47.75,47.77,1900,2022-03-18 17:26:00,CG
47.768,47.77,47.755,47.755,900,2022-03-18 17:27:00,CG
47.77,47.8,47.77,47.8,700,2022-03-18 17:28:00,CG
47.8,47.82,47.76,47.78,2500,2022-03-18 17:29:00,CG
47.77,47.78,47.7478,47.7478,2101,2022-03-18 17:30:00,CG
47.76,47.8,47.76,47.8,1000,2022-03-18 17:31:00,CG
47.81,47.83,47.79,47.82,428,2022-03-18 17:32:00,CG
47.82,47.8596,47.82,47.84,4534,2022-03-18 17:33:00,CG
47.85,47.85,47.79,47.815,2467,2022-03-18 17:34:00,CG
47.84,47.86,47.8219,47.84,2034,2022-03-18 17:35:00,CG
47.86,47.86,47.81,47.825,1990,2022-03-18 17:36:00,CG
47.8316,47.87,47.8316,47.86,3300,2022-03-18 17:37:00,CG
47.845,47.89,47.84,47.86,4400,2022-03-18 17:38:00,CG
47.86,47.87,47.835,47.84,2362,2022-03-18 17:39:00,CG
47.86,47.86,47.78,47.795,2308,2022-03-18 17:40:00,CG
47.78,47.82,47.78,47.8,4359,2022-03-18 17:41:00,CG
47.82,47.85,47.78,47.785,5043,2022-03-18 17:42:00,CG
47.7983,47.7983,47.75,47.765,3068,2022-03-18 17:43:00,CG
47.765,47.79,47.72,47.72,4027,2022-03-18 17:44:00,CG
47.7429,47.75,47.71,47.75,2754,2022-03-18 17:45:00,CG
47.74,47.76,47.74,47.76,400,2022-03-18 17:46:00,CG
47.77,47.78,47.74,47.78,789,2022-03-18 17:47:00,CG
47.78,47.8,47.78,47.8,579,2022-03-18 17:48:00,CG
47.77,47.8,47.77,47.78,500,2022-03-18 17:49:00,CG
47.77,47.77,47.74,47.76,6336,2022-03-18 17:50:00,CG
47.755,47.8,47.74,47.8,1400,2022-03-18 17:51:00,CG
47.8,47.8,47.8,47.8,100,2022-03-18 17:52:00,CG
47.8,47.83,47.8,47.81,400,2022-03-18 17:53:00,CG
47.8,47.8,47.78,47.78,3718,2022-03-18 17:54:00,CG
47.78,47.8,47.75,47.76,3851,2022-03-18 17:55:00,CG
47.77,47.8,47.77,47.8,1609,2022-03-18 17:56:00,CG
47.81,47.81,47.81,47.81,100,2022-03-18 17:57:00,CG
47.84,47.85,47.71,47.73,4918,2022-03-18 17:58:00,CG
47.69,47.73,47.69,47.73,1989,2022-03-18 17:59:00,CG
47.69,47.71,47.65,47.675,2900,2022-03-18 18:00:00,CG
47.6601,47.68,47.655,47.68,1350,2022-03-18 18:01:00,CG
47.6701,47.725,47.6701,47.725,1050,2022-03-18 18:02:00,CG
47.75,47.75,47.75,47.75,100,2022-03-18 18:03:00,CG
47.74,47.75,47.74,47.75,300,2022-03-18 18:04:00,CG
47.75,47.75,47.71,47.71,3578,2022-03-18 18:05:00,CG
47.73,47.75,47.71,47.725,1468,2022-03-18 18:06:00,CG
47.74,47.74,47.68,47.68,1500,2022-03-18 18:07:00,CG
47.68,47.68,47.65,47.65,680,2022-03-18 18:08:00,CG
47.66,47.68,47.65,47.68,2235,2022-03-18 18:09:00,CG
47.68,47.68,47.66,47.68,1522,2022-03-18 18:10:00,CG
47.68,47.68,47.68,47.68,300,2022-03-18 18:11:00,CG
47.67,47.7,47.67,47.7,1450,2022-03-18 18:12:00,CG
47.71,47.72,47.69,47.72,1392,2022-03-18 18:13:00,CG
47.73,47.75,47.73,47.75,1053,2022-03-18 18:14:00,CG
47.77,47.795,47.77,47.78,1586,2022-03-18 18:15:00,CG
47.8,47.8,47.8,47.8,200,2022-03-18 18:16:00,CG
47.83,47.83,47.83,47.83,300,2022-03-18 18:17:00,CG
47.82,47.82,47.8006,47.8006,2649,2022-03-18 18:18:00,CG
47.81,47.81,47.765,47.765,1148,2022-03-18 18:19:00,CG
47.74,47.75,47.73,47.75,1200,2022-03-18 18:20:00,CG
47.74,47.74,47.69,47.69,1913,2022-03-18 18:21:00,CG
47.68,47.71,47.68,47.69,6200,2022-03-18 18:22:00,CG
47.71,47.735,47.71,47.73,500,2022-03-18 18:23:00,CG
47.73,47.73,47.72,47.73,572,2022-03-18 18:24:00,CG
47.72,47.72,47.65,47.65,3569,2022-03-18 18:25:00,CG
47.64,47.64,47.64,47.64,300,2022-03-18 18:26:00,CG
47.635,47.635,47.62,47.635,500,2022-03-18 18:27:00,CG
47.65,47.68,47.635,47.68,1200,2022-03-18 18:28:00,CG
47.69,47.695,47.68,47.695,1139,2022-03-18 18:29:00,CG
47.68,47.6808,47.64,47.64,2793,2022-03-18 18:30:00,CG
47.66,47.685,47.66,47.66,1260,2022-03-18 18:31:00,CG
47.67,47.67,47.63,47.67,2637,2022-03-18 18:32:00,CG
47.655,47.67,47.655,47.67,700,2022-03-18 18:33:00,CG
47.71,47.73,47.71,47.72,1034,2022-03-18 18:35:00,CG
47.74,47.75,47.74,47.74,900,2022-03-18 18:36:00,CG
47.74,47.75,47.74,47.75,200,2022-03-18 18:37:00,CG
47.74,47.75,47.73,47.75,834,2022-03-18 18:38:00,CG
47.74,47.74,47.73,47.74,500,2022-03-18 18:39:00,CG
47.75,47.765,47.74,47.74,1024,2022-03-18 18:40:00,CG
47.72,47.72,47.66,47.67,2882,2022-03-18 18:41:00,CG
47.65,47.66,47.61,47.61,682,2022-03-18 18:42:00,CG
47.62,47.63,47.62,47.63,300,2022-03-18 18:43:00,CG
47.6546,47.655,47.63,47.63,1054,2022-03-18 18:44:00,CG
47.61,47.62,47.58,47.6,1707,2022-03-18 18:45:00,CG
47.58,47.62,47.58,47.62,1000,2022-03-18 18:46:00,CG
47.65,47.655,47.65,47.655,600,2022-03-18 18:47:00,CG
47.67,47.68,47.65,47.65,1052,2022-03-18 18:48:00,CG
47.65,47.68,47.64,47.68,3949,2022-03-18 18:49:00,CG
47.68,47.79,47.68,47.79,5200,2022-03-18 18:50:00,CG
47.785,47.785,47.77,47.77,379,2022-03-18 18:51:00,CG
47.77,47.77,47.72,47.72,2919,2022-03-18 18:52:00,CG
47.73,47.75,47.73,47.75,1712,2022-03-18 18:53:00,CG
47.74,47.74,47.72,47.72,1175,2022-03-18 18:54:00,CG
47.71,47.72,47.7,47.71,4197,2022-03-18 18:55:00,CG
47.71,47.74,47.71,47.73,1300,2022-03-18 18:56:00,CG
47.73,47.73,47.7,47.71,4140,2022-03-18 18:58:00,CG
47.72,47.72,47.71,47.71,1786,2022-03-18 18:59:00,CG
47.7,47.725,47.67,47.7,3959,2022-03-18 19:00:00,CG
47.705,47.705,47.705,47.705,284,2022-03-18 19:01:00,CG
47.73,47.73,47.69,47.71,1880,2022-03-18 19:02:00,CG
47.715,47.73,47.715,47.73,200,2022-03-18 19:03:00,CG
47.73,47.73,47.7,47.7,1179,2022-03-18 19:04:00,CG
47.7,47.73,47.69,47.73,3241,2022-03-18 19:05:00,CG
47.72,47.72,47.72,47.72,100,2022-03-18 19:06:00,CG
47.735,47.755,47.72,47.74,1259,2022-03-18 19:07:00,CG
47.75,47.75,47.73,47.74,300,2022-03-18 19:08:00,CG
47.75,47.77,47.75,47.76,2000,2022-03-18 19:09:00,CG
47.77,47.77,47.74,47.75,3249,2022-03-18 19:10:00,CG
47.75,47.76,47.74,47.76,500,2022-03-18 19:11:00,CG
47.75,47.75,47.72,47.72,2728,2022-03-18 19:12:00,CG
47.72,47.755,47.72,47.755,1604,2022-03-18 19:13:00,CG
47.755,47.76,47.73,47.73,3306,2022-03-18 19:14:00,CG
47.73,47.76,47.715,47.76,1775,2022-03-18 19:15:00,CG
47.76,47.81,47.75,47.77,2044,2022-03-18 19:16:00,CG
47.79,47.79,47.785,47.785,300,2022-03-18 19:17:00,CG
47.785,47.8,47.77,47.77,645,2022-03-18 19:18:00,CG
47.8,47.83,47.8,47.82,24892,2022-03-18 19:19:00,CG
47.82,47.82,47.73,47.73,2554,2022-03-18 19:20:00,CG
47.73,47.73,47.71,47.71,400,2022-03-18 19:21:00,CG
47.73,47.75,47.73,47.74,1900,2022-03-18 19:22:00,CG
47.74,47.74,47.71,47.71,900,2022-03-18 19:23:00,CG
47.71,47.71,47.665,47.67,2393,2022-03-18 19:24:00,CG
47.68,47.69,47.68,47.69,1400,2022-03-18 19:25:00,CG
47.69,47.69,47.67,47.67,1435,2022-03-18 19:26:00,CG
47.68,47.69,47.61,47.61,6611,2022-03-18 19:27:00,CG
47.6,47.65,47.6,47.65,2860,2022-03-18 19:28:00,CG
47.66,47.66,47.62,47.625,1400,2022-03-18 19:29:00,CG
47.63,47.64,47.63,47.63,2769,2022-03-18 19:30:00,CG
47.625,47.655,47.62,47.655,6718,2022-03-18 19:31:00,CG
47.645,47.66,47.64,47.64,3694,2022-03-18 19:32:00,CG
47.64,47.64,47.62,47.62,4319,2022-03-18 19:33:00,CG
47.61,47.66,47.6,47.6596,10663,2022-03-18 19:34:00,CG
47.66,47.67,47.62,47.62,3265,2022-03-18 19:35:00,CG
47.62,47.62,47.58,47.6,6363,2022-03-18 19:36:00,CG
47.59,47.61,47.584,47.59,4656,2022-03-18 19:37:00,CG
47.59,47.63,47.59,47.63,5540,2022-03-18 19:38:00,CG
47.63,47.635,47.61,47.62,3881,2022-03-18 19:39:00,CG
47.63,47.64,47.61,47.615,6813,2022-03-18 19:40:00,CG
47.61,47.63,47.57,47.61,10906,2022-03-18 19:41:00,CG
47.61,47.64,47.59,47.59,12957,2022-03-18 19:42:00,CG
47.59,47.625,47.56,47.625,7315,2022-03-18 19:43:00,CG
47.62,47.67,47.62,47.67,4441,2022-03-18 19:44:00,CG
47.68,47.69,47.64,47.68,3700,2022-03-18 19:45:00,CG
47.69,47.71,47.665,47.7,5171,2022-03-18 19:46:00,CG
47.705,47.71,47.66,47.66,27400,2022-03-18 19:47:00,CG
47.65,47.66,47.625,47.625,4940,2022-03-18 19:48:00,CG
47.62,47.63,47.59,47.61,5395,2022-03-18 19:49:00,CG
47.6,47.64,47.52,47.55,16842,2022-03-18 19:50:00,CG
47.51,47.55,47.5,47.52,12173,2022-03-18 19:51:00,CG
47.515,47.53,47.5,47.53,14828,2022-03-18 19:52:00,CG
47.54,47.56,47.52,47.56,9557,2022-03-18 19:53:00,CG
47.545,47.58,47.5,47.52,9983,2022-03-18 19:54:00,CG
47.52,47.52,47.43,47.47,23673,2022-03-18 19:55:00,CG
47.47,47.51,47.46,47.48,12884,2022-03-18 19:56:00,CG
47.47,47.47,47.37,47.4,16339,2022-03-18 19:57:00,CG
47.39,47.39,47.35,47.36,30237,2022-03-18 19:58:00,CG
47.35,47.36,47.29,47.3,94662,2022-03-18 19:59:00,CG
47.3,47.3,47.3,47.3,1816647,2022-03-18 20:00:00,CG
47.3,47.3,47.3,47.3,40695,2022-03-18 20:01:00,CG
47.3,47.3,47.3,47.3,7672,2022-03-18 20:02:00,CG
47.3,47.3,47.3,47.3,42348,2022-03-18 20:04:00,CG
47.29,47.29,47.29,47.29,300,2022-03-18 20:05:00,CG
47.3,47.3,47.3,47.3,19522,2022-03-18 20:06:00,CG
47.3,47.3,47.3,47.3,208,2022-03-18 20:09:00,CG
47.99,47.99,47.99,47.99,150,2022-03-18 22:55:00,CG
47.47,47.47,47.47,47.47,100,2022-03-21 13:01:00,CG
47.27,47.47,47.26,47.47,15726,2022-03-21 13:30:00,CG
47.38,47.4043,47.38,47.4043,350,2022-03-21 13:31:00,CG
47.47,47.68,47.47,47.56,2400,2022-03-21 13:32:00,CG
47.565,47.565,47.565,47.565,1278,2022-03-21 13:33:00,CG
47.555,47.78,47.555,47.69,3786,2022-03-21 13:34:00,CG
47.727,47.84,47.71,47.815,3350,2022-03-21 13:35:00,CG
47.87,47.87,47.76,47.76,4651,2022-03-21 13:36:00,CG
47.75,47.75,47.66,47.66,1205,2022-03-21 13:37:00,CG
47.675,47.73,47.66,47.6624,736,2022-03-21 13:38:00,CG
47.72,47.75,47.675,47.75,1049,2022-03-21 13:39:00,CG
47.71,47.71,47.58,47.58,1700,2022-03-21 13:40:00,CG
47.6,47.6336,47.53,47.54,918,2022-03-21 13:41:00,CG
47.5499,47.56,47.5,47.56,1542,2022-03-21 13:42:00,CG
47.53,47.57,47.47,47.57,2200,2022-03-21 13:43:00,CG
47.52,47.52,47.37,47.47,3023,2022-03-21 13:44:00,CG
47.48,47.52,47.41,47.41,1300,2022-03-21 13:45:00,CG
47.405,47.405,47.3,47.3,3226,2022-03-21 13:46:00,CG
47.34,47.34,47.2,47.2,2446,2022-03-21 13:47:00,CG
47.245,47.245,47.16,47.16,2732,2022-03-21 13:48:00,CG
47.1,47.1,47.05,47.085,643,2022-03-21 13:49:00,CG
47.03,47.13,47.03,47.095,2301,2022-03-21 13:50:00,CG
47.13,47.17,47.07,47.08,4813,2022-03-21 13:51:00,CG
47.05,47.05,46.9,46.9,6235,2022-03-21 13:52:00,CG
46.91,46.91,46.84,46.84,2398,2022-03-21 13:53:00,CG
46.78,46.81,46.78,46.81,727,2022-03-21 13:54:00,CG
46.84,46.84,46.84,46.84,300,2022-03-21 13:55:00,CG
46.9,46.9,46.885,46.885,300,2022-03-21 13:56:00,CG
46.93,46.94,46.92,46.94,1003,2022-03-21 13:57:00,CG
46.955,46.9865,46.955,46.955,400,2022-03-21 13:58:00,CG
46.955,46.955,46.88,46.88,1808,2022-03-21 13:59:00,CG
46.89,46.89,46.81,46.86,3499,2022-03-21 14:00:00,CG
46.89,46.9,46.855,46.89,2300,2022-03-21 14:01:00,CG
46.8733,46.88,46.86,46.88,750,2022-03-21 14:02:00,CG
46.895,46.895,46.895,46.895,200,2022-03-21 14:03:00,CG
46.88,46.915,46.85,46.85,1550,2022-03-21 14:04:00,CG
46.79,46.88,46.79,46.81,1900,2022-03-21 14:05:00,CG
46.77,46.77,46.77,46.77,200,2022-03-21 14:06:00,CG
46.775,46.775,46.71,46.71,2500,2022-03-21 14:07:00,CG
46.74,46.77,46.73,46.75,1300,2022-03-21 14:08:00,CG
46.75,46.775,46.72,46.775,2318,2022-03-21 14:09:00,CG
46.77,46.8,46.755,46.77,707,2022-03-21 14:10:00,CG
46.77,46.77,46.77,46.77,300,2022-03-21 14:11:00,CG
46.77,46.78,46.77,46.78,200,2022-03-21 14:12:00,CG
46.78,46.78,46.69,46.705,1500,2022-03-21 14:13:00,CG
46.725,46.75,46.725,46.75,300,2022-03-21 14:14:00,CG
46.73,46.7396,46.7,46.7219,970,2022-03-21 14:15:00,CG
46.7,46.81,46.7,46.81,1651,2022-03-21 14:17:00,CG
46.79,46.83,46.785,46.83,2550,2022-03-21 14:18:00,CG
46.82,46.83,46.82,46.83,400,2022-03-21 14:19:00,CG
46.82,46.82,46.75,46.76,1200,2022-03-21 14:20:00,CG
46.71,46.71,46.66,46.66,12662,2022-03-21 14:21:00,CG
46.65,46.71,46.65,46.71,1248,2022-03-21 14:22:00,CG
46.6641,46.685,46.6577,46.685,1165,2022-03-21 14:23:00,CG
46.65,46.66,46.64,46.66,2858,2022-03-21 14:24:00,CG
46.65,46.65,46.57,46.59,1763,2022-03-21 14:25:00,CG
46.585,46.585,46.55,46.55,400,2022-03-21 14:26:00,CG
46.525,46.525,46.525,46.525,400,2022-03-21 14:27:00,CG
46.525,46.525,46.49,46.49,1225,2022-03-21 14:28:00,CG
46.5,46.58,46.5,46.58,1100,2022-03-21 14:29:00,CG
46.58,46.6,46.55,46.555,1831,2022-03-21 14:30:00,CG
46.575,46.64,46.565,46.5999,4100,2022-03-21 14:31:00,CG
46.64,46.64,46.59,46.64,2514,2022-03-21 14:32:00,CG
46.635,46.66,46.635,46.65,1286,2022-03-21 14:33:00,CG
46.65,46.6525,46.62,46.62,800,2022-03-21 14:34:00,CG
46.61,46.61,46.5808,46.6,1000,2022-03-21 14:35:00,CG
46.58,46.58,46.52,46.56,1100,2022-03-21 14:36:00,CG
46.59,46.62,46.56,46.59,1100,2022-03-21 14:37:00,CG
46.62,46.63,46.62,46.63,225,2022-03-21 14:38:00,CG
46.66,46.6977,46.65,46.65,805,2022-03-21 14:39:00,CG
46.68,46.68,46.68,46.68,100,2022-03-21 14:40:00,CG
46.73,46.7431,46.73,46.7431,500,2022-03-21 14:41:00,CG
46.73,46.73,46.7,46.7,1000,2022-03-21 14:42:00,CG
46.68,46.68,46.6528,46.6528,400,2022-03-21 14:43:00,CG
46.7199,46.7199,46.69,46.7,3462,2022-03-21 14:44:00,CG
46.69,46.74,46.69,46.725,1625,2022-03-21 14:46:00,CG
46.72,46.74,46.66,46.66,4405,2022-03-21 14:47:00,CG
46.62,46.6499,46.62,46.6499,1600,2022-03-21 14:48:00,CG
46.625,46.625,46.625,46.625,100,2022-03-21 14:49:00,CG
46.6153,46.65,46.59,46.61,3342,2022-03-21 14:50:00,CG
46.61,46.63,46.61,46.63,750,2022-03-21 14:51:00,CG
46.56,46.57,46.56,46.57,900,2022-03-21 14:53:00,CG
46.585,46.585,46.58,46.58,400,2022-03-21 14:54:00,CG
46.6,46.6234,46.58,46.59,2574,2022-03-21 14:55:00,CG
46.63,46.63,46.61,46.61,958,2022-03-21 14:56:00,CG
46.62,46.65,46.62,46.65,1308,2022-03-21 14:57:00,CG
46.64,46.67,46.64,46.65,2000,2022-03-21 14:58:00,CG
46.665,46.7003,46.665,46.69,1838,2022-03-21 14:59:00,CG
46.67,46.76,46.67,46.76,1000,2022-03-21 15:00:00,CG
46.76,46.8,46.76,46.775,1966,2022-03-21 15:01:00,CG
46.775,46.775,46.75,46.75,11100,2022-03-21 15:02:00,CG
46.75,46.75,46.69,46.69,2614,2022-03-21 15:03:00,CG
46.7,46.7,46.65,46.6891,2401,2022-03-21 15:04:00,CG
46.67,46.67,46.6055,46.63,3585,2022-03-21 15:05:00,CG
46.6,46.6,46.57,46.58,847,2022-03-21 15:06:00,CG
46.57,46.57,46.5653,46.5653,400,2022-03-21 15:07:00,CG
46.55,46.55,46.52,46.55,2231,2022-03-21 15:08:00,CG
46.53,46.53,46.52,46.52,1738,2022-03-21 15:09:00,CG
46.54,46.58,46.54,46.58,1700,2022-03-21 15:10:00,CG
46.64,46.64,46.63,46.63,300,2022-03-21 15:11:00,CG
46.63,46.63,46.59,46.6096,1330,2022-03-21 15:13:00,CG
46.5847,46.5847,46.56,46.58,870,2022-03-21 15:14:00,CG
46.59,46.59,46.57,46.57,600,2022-03-21 15:15:00,CG
46.6,46.665,46.59,46.665,981,2022-03-21 15:16:00,CG
46.7,46.7,46.69,46.7,1000,2022-03-21 15:17:00,CG
46.74,46.74,46.71,46.71,400,2022-03-21 15:18:00,CG
46.71,46.72,46.62,46.62,4260,2022-03-21 15:19:00,CG
46.6,46.61,46.56,46.585,1905,2022-03-21 15:20:00,CG
46.6,46.6,46.6,46.6,200,2022-03-21 15:21:00,CG
46.64,46.67,46.64,46.67,608,2022-03-21 15:22:00,CG
46.64,46.68,46.64,46.68,671,2022-03-21 15:23:00,CG
46.67,46.69,46.66,46.68,2908,2022-03-21 15:24:00,CG
46.68,46.73,46.68,46.72,2903,2022-03-21 15:25:00,CG
46.7,46.72,46.7,46.72,400,2022-03-21 15:26:00,CG
46.72,46.74,46.72,46.72,871,2022-03-21 15:27:00,CG
46.72,46.72,46.71,46.71,400,2022-03-21 15:28:00,CG
46.7,46.72,46.69,46.71,3917,2022-03-21 15:29:00,CG
46.69,46.69,46.57,46.57,20099,2022-03-21 15:30:00,CG
46.56,46.6644,46.55,46.6644,5009,2022-03-21 15:31:00,CG
46.63,46.63,46.58,46.58,914,2022-03-21 15:32:00,CG
46.57,46.59,46.55,46.57,1125,2022-03-21 15:33:00,CG
46.58,46.65,46.565,46.65,4308,2022-03-21 15:34:00,CG
46.61,46.61,46.61,46.61,200,2022-03-21 15:35:00,CG
46.57,46.6,46.5,46.596,2233,2022-03-21 15:36:00,CG
46.605,46.63,46.605,46.62,1899,2022-03-21 15:37:00,CG
46.65,46.6796,46.65,46.66,1257,2022-03-21 15:38:00,CG
46.64,46.64,46.61,46.61,1271,2022-03-21 15:39:00,CG
46.6182,46.6182,46.59,46.6,400,2022-03-21 15:40:00,CG
46.63,46.64,46.6,46.6075,1448,2022-03-21 15:41:00,CG
46.6,46.625,46.59,46.59,951,2022-03-21 15:42:00,CG
46.58,46.61,46.58,46.6,1306,2022-03-21 15:43:00,CG
46.61,46.655,46.56,46.56,3685,2022-03-21 15:44:00,CG
46.55,46.58,46.55,46.5604,2007,2022-03-21 15:45:00,CG
46.57,46.61,46.56,46.5704,1800,2022-03-21 15:46:00,CG
46.57,46.62,46.57,46.615,700,2022-03-21 15:47:00,CG
46.6,46.6,46.59,46.59,508,2022-03-21 15:48:00,CG
46.58,46.58,46.53,46.53,3024,2022-03-21 15:49:00,CG
46.55,46.6,46.53,46.6,1020,2022-03-21 15:50:00,CG
46.58,46.58,46.58,46.58,503,2022-03-21 15:51:00,CG
46.62,46.69,46.62,46.675,1528,2022-03-21 15:52:00,CG
46.72,46.76,46.72,46.7375,900,2022-03-21 15:53:00,CG
46.75,46.75,46.71,46.71,805,2022-03-21 15:54:00,CG
46.7,46.7,46.66,46.6975,1842,2022-03-21 15:55:00,CG
46.72,46.75,46.72,46.75,900,2022-03-21 15:56:00,CG
46.73,46.745,46.7202,46.73,900,2022-03-21 15:57:00,CG
46.77,46.77,46.63,46.64,4916,2022-03-21 15:58:00,CG
46.64,46.67,46.62,46.63,2200,2022-03-21 15:59:00,CG
46.61,46.64,46.57,46.58,4446,2022-03-21 16:00:00,CG
46.61,46.62,46.6,46.6,408,2022-03-21 16:01:00,CG
46.6,46.6,46.55,46.57,1047,2022-03-21 16:02:00,CG
46.55,46.59,46.55,46.59,900,2022-03-21 16:03:00,CG
46.5936,46.5936,46.5854,46.5854,300,2022-03-21 16:04:00,CG
46.6,46.6075,46.58,46.58,1288,2022-03-21 16:05:00,CG
46.57,46.59,46.55,46.59,1200,2022-03-21 16:06:00,CG
46.61,46.64,46.61,46.64,800,2022-03-21 16:07:00,CG
46.62,46.64,46.62,46.64,1969,2022-03-21 16:08:00,CG
46.635,46.66,46.61,46.655,920,2022-03-21 16:09:00,CG
46.63,46.68,46.63,46.68,1197,2022-03-21 16:10:00,CG
46.68,46.72,46.68,46.715,2001,2022-03-21 16:11:00,CG
46.7,46.7,46.69,46.69,400,2022-03-21 16:12:00,CG
46.7,46.7,46.7,46.7,450,2022-03-21 16:13:00,CG
46.71,46.73,46.71,46.71,1500,2022-03-21 16:14:00,CG
46.725,46.725,46.69,46.71,9303,2022-03-21 16:15:00,CG
46.69,46.69,46.68,46.68,300,2022-03-21 16:16:00,CG
46.68,46.69,46.65,46.65,1163,2022-03-21 16:17:00,CG
46.66,46.71,46.6463,46.698,1731,2022-03-21 16:18:00,CG
46.695,46.7103,46.68,46.68,610,2022-03-21 16:19:00,CG
46.72,46.8,46.72,46.8,700,2022-03-21 16:20:00,CG
46.83,46.83,46.8165,46.83,455,2022-03-21 16:21:00,CG
46.84,46.849,46.82,46.82,2222,2022-03-21 16:22:00,CG
46.84,46.84,46.8245,46.8245,944,2022-03-21 16:23:00,CG
46.81,46.81,46.78,46.78,1685,2022-03-21 16:24:00,CG
46.795,46.845,46.795,46.835,2471,2022-03-21 16:25:00,CG
46.8485,46.8485,46.82,46.82,603,2022-03-21 16:26:00,CG
46.835,46.87,46.8,46.83,3183,2022-03-21 16:27:00,CG
46.8259,46.85,46.8259,46.84,1850,2022-03-21 16:28:00,CG
46.83,46.85,46.83,46.85,500,2022-03-21 16:29:00,CG
46.82,46.82,46.62,46.62,2303,2022-03-21 16:30:00,CG
46.64,46.65,46.55,46.55,4472,2022-03-21 16:31:00,CG
46.57,46.61,46.55,46.61,3083,2022-03-21 16:32:00,CG
46.59,46.595,46.54,46.54,1533,2022-03-21 16:33:00,CG
46.5301,46.5301,46.49,46.51,5749,2022-03-21 16:34:00,CG
46.49,46.49,46.41,46.435,550,2022-03-21 16:35:00,CG
46.41,46.44,46.41,46.44,400,2022-03-21 16:36:00,CG
46.4,46.4,46.36,46.38,933,2022-03-21 16:37:00,CG
46.34,46.34,46.34,46.34,200,2022-03-21 16:38:00,CG
46.37,46.42,46.36,46.39,3057,2022-03-21 16:39:00,CG
46.41,46.45,46.4075,46.45,500,2022-03-21 16:40:00,CG
46.43,46.43,46.3606,46.42,4400,2022-03-21 16:41:00,CG
46.43,46.5,46.43,46.5,1527,2022-03-21 16:42:00,CG
46.48,46.48,46.46,46.46,600,2022-03-21 16:43:00,CG
46.49,46.54,46.49,46.51,5127,2022-03-21 16:44:00,CG
46.53,46.53,46.49,46.5,2695,2022-03-21 16:45:00,CG
46.5,46.5,46.48,46.5,2400,2022-03-21 16:46:00,CG
46.5,46.53,46.5,46.53,2550,2022-03-21 16:47:00,CG
46.5196,46.53,46.48,46.48,4002,2022-03-21 16:48:00,CG
46.485,46.54,46.485,46.51,5082,2022-03-21 16:49:00,CG
46.51,46.51,46.41,46.43,5190,2022-03-21 16:50:00,CG
46.45,46.5,46.38,46.38,3191,2022-03-21 16:51:00,CG
46.4,46.41,46.38,46.38,300,2022-03-21 16:52:00,CG
46.38,46.4,46.38,46.4,500,2022-03-21 16:53:00,CG
46.37,46.37,46.292,46.33,3309,2022-03-21 16:54:00,CG
46.33,46.36,46.33,46.36,500,2022-03-21 16:55:00,CG
46.37,46.43,46.3412,46.38,38473,2022-03-21 16:56:00,CG
46.36,46.36,46.29,46.29,2792,2022-03-21 16:57:00,CG
46.28,46.28,46.19,46.19,1130,2022-03-21 16:58:00,CG
46.18,46.22,46.135,46.155,4650,2022-03-21 16:59:00,CG
46.12,46.12,46.095,46.12,1400,2022-03-21 17:00:00,CG
46.12,46.18,46.12,46.18,2531,2022-03-21 17:01:00,CG
46.2,46.21,46.17,46.18,984,2022-03-21 17:02:00,CG
46.17,46.18,46.16,46.18,4845,2022-03-21 17:03:00,CG
46.16,46.16,46.1,46.12,1600,2022-03-21 17:04:00,CG
46.09,46.13,46.09,46.12,5390,2022-03-21 17:05:00,CG
46.15,46.17,46.15,46.15,714,2022-03-21 17:06:00,CG
46.17,46.17,46.14,46.15,1002,2022-03-21 17:07:00,CG
46.17,46.21,46.15,46.15,1900,2022-03-21 17:08:00,CG
46.15,46.18,46.15,46.18,949,2022-03-21 17:09:00,CG
46.2,46.2,46.15,46.1505,1941,2022-03-21 17:10:00,CG
46.12,46.1436,46.11,46.11,1800,2022-03-21 17:11:00,CG
46.11,46.12,46.1,46.1,1763,2022-03-21 17:12:00,CG
46.14,46.14,46.13,46.13,500,2022-03-21 17:13:00,CG
46.14,46.14,46.14,46.14,200,2022-03-21 17:14:00,CG
46.14,46.1562,46.12,46.12,1004,2022-03-21 17:15:00,CG
46.1,46.12,46.09,46.09,900,2022-03-21 17:16:00,CG
46.09,46.09,46.04,46.04,562,2022-03-21 17:17:00,CG
46.045,46.045,45.96,46.0027,3535,2022-03-21 17:18:00,CG
46.01,46.01,45.98,45.98,872,2022-03-21 17:19:00,CG
45.98,46.01,45.98,46.01,1821,2022-03-21 17:20:00,CG
46.0015,46.0015,45.98,45.98,575,2022-03-21 17:21:00,CG
45.9776,45.9844,45.93,45.93,3760,2022-03-21 17:22:00,CG
45.9201,46.01,45.9201,46.01,3750,2022-03-21 17:23:00,CG
46.0,46.039,45.99,46.0,1700,2022-03-21 17:24:00,CG
46.0,46.04,46.0,46.04,3657,2022-03-21 17:25:00,CG
46.08,46.08,46.08,46.08,200,2022-03-21 17:26:00,CG
46.095,46.095,46.05,46.05,1100,2022-03-21 17:27:00,CG
46.04,46.04,46.027,46.027,700,2022-03-21 17:28:00,CG
46.01,46.03,46.0,46.03,761,2022-03-21 17:29:00,CG
46.02,46.04,46.02,46.04,200,2022-03-21 17:30:00,CG
46.03,46.06,46.03,46.06,200,2022-03-21 17:31:00,CG
46.1,46.12,46.09,46.09,826,2022-03-21 17:32:00,CG
46.07,46.09,46.06,46.09,450,2022-03-21 17:33:00,CG
46.115,46.115,46.115,46.115,138,2022-03-21 17:34:00,CG
46.09,46.09,46.025,46.04,1700,2022-03-21 17:35:00,CG
46.07,46.07,46.05,46.05,809,2022-03-21 17:36:00,CG
46.06,46.11,46.06,46.11,500,2022-03-21 17:37:00,CG
46.11,46.1527,46.11,46.1527,1099,2022-03-21 17:38:00,CG
46.13,46.1313,46.11,46.1313,1240,2022-03-21 17:39:00,CG
46.115,46.115,46.07,46.07,2465,2022-03-21 17:40:00,CG
46.08,46.11,46.08,46.11,687,2022-03-21 17:41:00,CG
46.13,46.1317,46.115,46.115,1108,2022-03-21 17:42:00,CG
46.09,46.095,46.07,46.07,2950,2022-03-21 17:43:00,CG
46.02,46.02,45.99,46.01,5400,2022-03-21 17:44:00,CG
46.03,46.05,46.0268,46.0268,2478,2022-03-21 17:45:00,CG
46.025,46.025,46.025,46.025,100,2022-03-21 17:46:00,CG
46.07,46.1036,46.07,46.08,2500,2022-03-21 17:47:00,CG
46.05,46.11,46.05,46.11,3282,2022-03-21 17:48:00,CG
46.12,46.13,46.119,46.119,500,2022-03-21 17:49:00,CG
46.13,46.16,46.1,46.104,1300,2022-03-21 17:50:00,CG
46.1,46.1,46.06,46.08,1110,2022-03-21 17:51:00,CG
46.07,46.09,46.07,46.09,330,2022-03-21 17:52:00,CG
46.1,46.12,46.1,46.12,374,2022-03-21 17:53:00,CG
46.11,46.118,46.09,46.1,1838,2022-03-21 17:54:00,CG
46.0897,46.0897,46.07,46.07,429,2022-03-21 17:55:00,CG
46.08,46.14,46.08,46.14,1300,2022-03-21 17:56:00,CG
46.15,46.15,46.15,46.15,200,2022-03-21 17:57:00,CG
46.16,46.19,46.16,46.19,1305,2022-03-21 17:58:00,CG
46.203,46.25,46.18,46.19,2176,2022-03-21 18:00:00,CG
46.17,46.18,46.17,46.18,200,2022-03-21 18:01:00,CG
46.2,46.22,46.16,46.16,1183,2022-03-21 18:03:00,CG
46.18,46.18,46.17,46.17,700,2022-03-21 18:04:00,CG
46.16,46.16,46.13,46.14,1200,2022-03-21 18:05:00,CG
46.17,46.18,46.16,46.16,2149,2022-03-21 18:06:00,CG
46.22,46.24,46.22,46.22,900,2022-03-21 18:07:00,CG
46.23,46.23,46.2219,46.2219,600,2022-03-21 18:08:00,CG
46.22,46.24,46.22,46.225,2225,2022-03-21 18:09:00,CG
46.2,46.2,46.2,46.2,100,2022-03-21 18:10:00,CG
46.23,46.23,46.23,46.23,300,2022-03-21 18:11:00,CG
46.23,46.24,46.17,46.17,1607,2022-03-21 18:13:00,CG
46.16,46.16,46.11,46.12,1100,2022-03-21 18:14:00,CG
46.15,46.19,46.15,46.16,1100,2022-03-21 18:15:00,CG
46.17,46.175,46.17,46.175,403,2022-03-21 18:16:00,CG
46.15,46.15,46.14,46.14,700,2022-03-21 18:17:00,CG
46.12,46.12,46.12,46.12,300,2022-03-21 18:18:00,CG
46.15,46.2,46.15,46.2,600,2022-03-21 18:19:00,CG
46.185,46.2007,46.185,46.19,850,2022-03-21 18:20:00,CG
46.22,46.27,46.22,46.27,1500,2022-03-21 18:21:00,CG
46.29,46.4,46.29,46.35,2200,2022-03-21 18:22:00,CG
46.36,46.39,46.36,46.39,500,2022-03-21 18:23:00,CG
46.39,46.39,46.355,46.37,1600,2022-03-21 18:24:00,CG
46.3719,46.3719,46.34,46.34,1317,2022-03-21 18:25:00,CG
46.35,46.37,46.35,46.37,800,2022-03-21 18:26:00,CG
46.38,46.42,46.38,46.42,2367,2022-03-21 18:27:00,CG
46.39,46.42,46.39,46.41,687,2022-03-21 18:28:00,CG
46.42,46.46,46.41,46.459,5855,2022-03-21 18:29:00,CG
46.46,46.46,46.38,46.41,24124,2022-03-21 18:30:00,CG
46.42,46.42,46.33,46.33,3669,2022-03-21 18:31:00,CG
46.32,46.32,46.3,46.32,2965,2022-03-21 18:32:00,CG
46.325,46.325,46.29,46.29,610,2022-03-21 18:33:00,CG
46.25,46.28,46.25,46.28,900,2022-03-21 18:34:00,CG
46.29,46.29,46.23,46.25,3232,2022-03-21 18:35:00,CG
46.2528,46.2528,46.235,46.25,737,2022-03-21 18:36:00,CG
46.25,46.25,46.25,46.25,508,2022-03-21 18:37:00,CG
46.28,46.3,46.26,46.27,3336,2022-03-21 18:39:00,CG
46.21,46.23,46.16,46.21,8900,2022-03-21 18:40:00,CG
46.21,46.26,46.185,46.185,3267,2022-03-21 18:41:00,CG
46.17,46.21,46.12,46.21,7462,2022-03-21 18:42:00,CG
46.21,46.215,46.14,46.18,18740,2022-03-21 18:43:00,CG
46.2,46.24,46.2,46.235,3268,2022-03-21 18:44:00,CG
46.26,46.26,46.25,46.25,700,2022-03-21 18:45:00,CG
46.27,46.28,46.27,46.28,400,2022-03-21 18:46:00,CG
46.28,46.28,46.21,46.23,4031,2022-03-21 18:47:00,CG
46.23,46.2343,46.21,46.21,715,2022-03-21 18:48:00,CG
46.1902,46.1902,46.1902,46.1902,1000,2022-03-21 18:49:00,CG
46.19,46.2,46.175,46.2,1302,2022-03-21 18:50:00,CG
46.21,46.255,46.21,46.23,1257,2022-03-21 18:51:00,CG
46.23,46.23,46.23,46.23,180,2022-03-21 18:52:00,CG
46.17,46.17,46.15,46.165,1350,2022-03-21 18:53:00,CG
46.16,46.16,46.16,46.16,600,2022-03-21 18:54:00,CG
46.14,46.14,46.075,46.075,1271,2022-03-21 18:55:00,CG
46.0762,46.0762,46.04,46.06,1540,2022-03-21 18:56:00,CG
46.02,46.03,46.01,46.03,1006,2022-03-21 18:57:00,CG
46.02,46.02,45.98,45.98,1339,2022-03-21 18:58:00,CG
45.97,45.97,45.9542,45.97,1970,2022-03-21 18:59:00,CG
45.97,45.97,45.93,45.959,935,2022-03-21 19:00:00,CG
45.95,45.96,45.95,45.96,300,2022-03-21 19:01:00,CG
45.975,45.975,45.92,45.96,900,2022-03-21 19:02:00,CG
45.92,45.939,45.92,45.939,300,2022-03-21 19:03:00,CG
45.93,45.97,45.93,45.97,1388,2022-03-21 19:04:00,CG
45.96,45.96,45.96,45.96,518,2022-03-21 19:05:00,CG
46.0,46.04,45.98,46.04,3719,2022-03-21 19:06:00,CG
46.05,46.09,46.03,46.09,3601,2022-03-21 19:07:00,CG
46.1,46.1,46.1,46.1,100,2022-03-21 19:08:00,CG
46.08,46.14,46.07,46.14,1110,2022-03-21 19:09:00,CG
46.15,46.195,46.15,46.18,1779,2022-03-21 19:10:00,CG
46.18,46.23,46.18,46.23,500,2022-03-21 19:11:00,CG
46.21,46.27,46.21,46.25,700,2022-03-21 19:12:00,CG
46.28,46.28,46.255,46.26,1000,2022-03-21 19:13:00,CG
46.2791,46.32,46.27,46.32,2548,2022-03-21 19:14:00,CG
46.34,46.355,46.31,46.33,1700,2022-03-21 19:15:00,CG
46.315,46.36,46.315,46.36,1694,2022-03-21 19:16:00,CG
46.37,46.41,46.335,46.335,5447,2022-03-21 19:17:00,CG
46.31,46.34,46.305,46.32,1200,2022-03-21 19:18:00,CG
46.305,46.32,46.26,46.26,5587,2022-03-21 19:19:00,CG
46.26,46.29,46.26,46.275,514,2022-03-21 19:20:00,CG
46.29,46.29,46.24,46.27,869,2022-03-21 19:21:00,CG
46.25,46.27,46.22,46.27,1000,2022-03-21 19:22:00,CG
46.275,46.3,46.275,46.3,819,2022-03-21 19:23:00,CG
46.34,46.4,46.34,46.4,918,2022-03-21 19:24:00,CG
46.38,46.4,46.38,46.4,400,2022-03-21 19:25:00,CG
46.44,46.46,46.44,46.4541,499,2022-03-21 19:26:00,CG
46.44,46.45,46.43,46.43,1500,2022-03-21 19:27:00,CG
46.47,46.47,46.41,46.45,2441,2022-03-21 19:28:00,CG
46.43,46.44,46.43,46.44,1233,2022-03-21 19:29:00,CG
46.45,46.455,46.33,46.36,2865,2022-03-21 19:30:00,CG
46.37,46.39,46.33,46.34,1600,2022-03-21 19:31:00,CG
46.324,46.412,46.32,46.412,2870,2022-03-21 19:32:00,CG
46.39,46.39,46.35,46.35,838,2022-03-21 19:33:00,CG
46.34,46.34,46.31,46.33,1900,2022-03-21 19:34:00,CG
46.33,46.33,46.29,46.29,700,2022-03-21 19:35:00,CG
46.31,46.35,46.31,46.35,1230,2022-03-21 19:36:00,CG
46.33,46.34,46.301,46.31,1200,2022-03-21 19:37:00,CG
46.3,46.305,46.3,46.305,700,2022-03-21 19:38:00,CG
46.28,46.31,46.28,46.3,5171,2022-03-21 19:39:00,CG
46.3,46.3,46.28,46.281,3298,2022-03-21 19:40:00,CG
46.29,46.3,46.265,46.265,2600,2022-03-21 19:41:00,CG
46.265,46.31,46.265,46.29,3819,2022-03-21 19:42:00,CG
46.29,46.31,46.26,46.27,2179,2022-03-21 19:43:00,CG
46.265,46.27,46.24,46.26,2100,2022-03-21 19:44:00,CG
46.24,46.25,46.24,46.25,1038,2022-03-21 19:45:00,CG
46.24,46.32,46.24,46.27,3891,2022-03-21 19:46:00,CG
46.27,46.28,46.25,46.25,800,2022-03-21 19:47:00,CG
46.25,46.25,46.2,46.2,1627,2022-03-21 19:48:00,CG
46.18,46.19,46.14,46.14,2200,2022-03-21 19:49:00,CG
46.16,46.35,46.16,46.29,4826,2022-03-21 19:50:00,CG
46.305,46.37,46.305,46.355,2641,2022-03-21 19:51:00,CG
46.37,46.39,46.37,46.38,3723,2022-03-21 19:52:00,CG
46.39,46.4,46.371,46.4,3803,2022-03-21 19:53:00,CG
46.41,46.42,46.361,46.39,13140,2022-03-21 19:54:00,CG
46.39,46.4,46.36,46.4,32414,2022-03-21 19:55:00,CG
46.395,46.439,46.39,46.4,19065,2022-03-21 19:56:00,CG
46.41,46.45,46.41,46.435,6078,2022-03-21 19:57:00,CG
46.44,46.445,46.43,46.435,9795,2022-03-21 19:58:00,CG
46.44,46.47,46.425,46.47,19074,2022-03-21 19:59:00,CG
46.44,46.44,46.44,46.44,152862,2022-03-21 20:00:00,CG
46.44,46.44,46.44,46.44,164,2022-03-21 20:02:00,CG
46.66,46.66,46.66,46.66,200,2022-03-22 13:29:00,CG
46.61,46.61,46.61,46.61,17060,2022-03-22 13:30:00,CG
46.79,46.79,46.79,46.79,200,2022-03-22 13:31:00,CG
46.699,46.699,46.699,46.699,364,2022-03-22 13:32:00,CG
46.64,46.64,46.64,46.64,100,2022-03-22 13:33:00,CG
46.6977,46.94,46.6977,46.94,3328,2022-03-22 13:34:00,CG
46.845,46.99,46.79,46.885,2100,2022-03-22 13:35:00,CG
47.03,47.05,46.91,47.0,700,2022-03-22 13:36:00,CG
47.13,47.14,47.13,47.14,400,2022-03-22 13:37:00,CG
47.055,47.23,47.055,47.23,700,2022-03-22 13:38:00,CG
47.18,47.18,47.1,47.1,200,2022-03-22 13:39:00,CG
47.1,47.15,46.92,46.92,8613,2022-03-22 13:40:00,CG
46.945,47.1,46.91,47.08,7002,2022-03-22 13:41:00,CG
47.05,47.38,47.05,47.275,9025,2022-03-22 13:42:00,CG
47.285,47.285,47.285,47.285,200,2022-03-22 13:44:00,CG
47.23,47.23,47.06,47.12,3289,2022-03-22 13:45:00,CG
47.11,47.11,46.91,46.91,7699,2022-03-22 13:46:00,CG
47.03,47.03,46.92,46.92,700,2022-03-22 13:47:00,CG
46.98,47.045,46.98,47.045,2300,2022-03-22 13:48:00,CG
46.99,46.99,46.93,46.93,517,2022-03-22 13:49:00,CG
46.94,46.94,46.87,46.87,424,2022-03-22 13:50:00,CG
46.85,46.85,46.74,46.82,2895,2022-03-22 13:51:00,CG
46.84,46.87,46.76,46.86,3707,2022-03-22 13:52:00,CG
46.86,46.9,46.83,46.83,1800,2022-03-22 13:53:00,CG
46.8657,46.95,46.856,46.95,2200,2022-03-22 13:54:00,CG
47.0,47.01,47.0,47.01,400,2022-03-22 13:55:00,CG
47.06,47.08,47.0599,47.08,2171,2022-03-22 13:56:00,CG
47.03,47.03,47.01,47.03,1000,2022-03-22 13:57:00,CG
47.06,47.1,47.06,47.1,800,2022-03-22 13:58:00,CG
47.09,47.1,47.06,47.07,2284,2022-03-22 13:59:00,CG
47.075,47.13,47.075,47.12,600,2022-03-22 14:00:00,CG
47.155,47.25,47.155,47.25,1400,2022-03-22 14:01:00,CG
47.2999,47.2999,47.18,47.23,2274,2022-03-22 14:02:00,CG
47.23,47.23,47.23,47.23,100,2022-03-22 14:03:00,CG
47.27,47.27,47.27,47.27,900,2022-03-22 14:04:00,CG
47.2,47.21,47.2,47.21,400,2022-03-22 14:05:00,CG
47.23,47.3021,47.23,47.27,4660,2022-03-22 14:06:00,CG
47.3193,47.3193,47.23,47.28,4600,2022-03-22 14:07:00,CG
47.27,47.27,47.27,47.27,1100,2022-03-22 14:08:00,CG
47.32,47.32,47.32,47.32,100,2022-03-22 14:09:00,CG
47.4,47.4,47.34,47.375,2572,2022-03-22 14:10:00,CG
47.4,47.43,47.38,47.43,4024,2022-03-22 14:11:00,CG
47.44,47.44,47.365,47.365,2259,2022-03-22 14:12:00,CG
47.325,47.36,47.325,47.36,700,2022-03-22 14:13:00,CG
47.3729,47.3729,47.3729,47.3729,200,2022-03-22 14:14:00,CG
47.38,47.38,47.34,47.34,400,2022-03-22 14:15:00,CG
47.25,47.3,47.22,47.22,600,2022-03-22 14:16:00,CG
47.275,47.3,47.25,47.3,659,2022-03-22 14:17:00,CG
47.27,47.33,47.27,47.32,530,2022-03-22 14:18:00,CG
47.36,47.37,47.34,47.36,1400,2022-03-22 14:19:00,CG
47.4235,47.4235,47.41,47.41,300,2022-03-22 14:20:00,CG
47.46,47.46,47.42,47.42,600,2022-03-22 14:21:00,CG
47.3823,47.3823,47.3823,47.3823,160,2022-03-22 14:22:00,CG
47.41,47.425,47.41,47.425,400,2022-03-22 14:23:00,CG
47.425,47.47,47.425,47.47,600,2022-03-22 14:24:00,CG
47.5,47.5,47.45,47.47,1014,2022-03-22 14:25:00,CG
47.455,47.455,47.455,47.455,100,2022-03-22 14:26:00,CG
47.46,47.465,47.44,47.44,500,2022-03-22 14:27:00,CG
47.45,47.5,47.45,47.465,3483,2022-03-22 14:28:00,CG
47.42,47.44,47.42,47.44,400,2022-03-22 14:29:00,CG
47.47,47.54,47.47,47.47,3437,2022-03-22 14:30:00,CG
47.47,47.47,47.42,47.42,2250,2022-03-22 14:31:00,CG
47.425,47.485,47.425,47.485,640,2022-03-22 14:32:00,CG
47.5,47.51,47.49,47.49,896,2022-03-22 14:33:00,CG
47.51,47.51,47.5,47.5,1005,2022-03-22 14:34:00,CG
47.51,47.51,47.46,47.4797,1800,2022-03-22 14:35:00,CG
47.465,47.52,47.465,47.485,969,2022-03-22 14:36:00,CG
47.485,47.52,47.46,47.495,500,2022-03-22 14:37:00,CG
47.5129,47.5129,47.48,47.5,427,2022-03-22 14:38:00,CG
47.5237,47.5237,47.5237,47.5237,119,2022-03-22 14:39:00,CG
47.5,47.53,47.46,47.46,700,2022-03-22 14:40:00,CG
47.445,47.5,47.445,47.47,962,2022-03-22 14:41:00,CG
47.44,47.54,47.44,47.54,1607,2022-03-22 14:42:00,CG
47.53,47.59,47.5108,47.59,3000,2022-03-22 14:43:00,CG
47.555,47.555,47.52,47.525,593,2022-03-22 14:44:00,CG
47.49,47.49,47.4899,47.49,400,2022-03-22 14:45:00,CG
47.53,47.53,47.48,47.48,300,2022-03-22 14:46:00,CG
47.51,47.535,47.51,47.535,900,2022-03-22 14:47:00,CG
47.535,47.535,47.48,47.51,1146,2022-03-22 14:48:00,CG
47.54,47.54,47.54,47.54,200,2022-03-22 14:49:00,CG
47.51,47.525,47.49,47.52,1100,2022-03-22 14:50:00,CG
47.5483,47.61,47.54,47.61,1505,2022-03-22 14:51:00,CG
47.575,47.575,47.55,47.555,2700,2022-03-22 14:52:00,CG
47.555,47.58,47.555,47.57,400,2022-03-22 14:54:00,CG
47.56,47.57,47.52,47.545,6531,2022-03-22 14:55:00,CG
47.56,47.58,47.56,47.58,700,2022-03-22 14:56:00,CG
47.5799,47.5799,47.45,47.45,1600,2022-03-22 14:57:00,CG
47.475,47.475,47.4118,47.4118,2497,2022-03-22 14:58:00,CG
47.45,47.48,47.45,47.48,500,2022-03-22 14:59:00,CG
47.5,47.5,47.43,47.45,1125,2022-03-22 15:00:00,CG
47.42,47.42,47.34,47.355,770,2022-03-22 15:01:00,CG
47.328,47.34,47.328,47.34,2100,2022-03-22 15:02:00,CG
47.37,47.415,47.37,47.415,500,2022-03-22 15:03:00,CG
47.43,47.45,47.42,47.44,700,2022-03-22 15:04:00,CG
47.449,47.449,47.42,47.42,505,2022-03-22 15:05:00,CG
47.44,47.44,47.44,47.44,200,2022-03-22 15:06:00,CG
47.47,47.48,47.47,47.48,200,2022-03-22 15:07:00,CG
47.48,47.5254,47.48,47.517,1140,2022-03-22 15:08:00,CG
47.505,47.52,47.461,47.48,1760,2022-03-22 15:09:00,CG
47.49,47.5,47.46,47.48,855,2022-03-22 15:10:00,CG
47.47,47.52,47.46,47.52,1600,2022-03-22 15:11:00,CG
47.51,47.51,47.49,47.51,300,2022-03-22 15:12:00,CG
47.5291,47.5291,47.39,47.39,4106,2022-03-22 15:13:00,CG
47.43,47.47,47.42,47.47,1917,2022-03-22 15:14:00,CG
47.48,47.5,47.47,47.5,450,2022-03-22 15:15:00,CG
47.49,47.49,47.476,47.476,500,2022-03-22 15:16:00,CG
47.495,47.5,47.47,47.5,400,2022-03-22 15:18:00,CG
47.48,47.48,47.44,47.47,725,2022-03-22 15:19:00,CG
47.4778,47.48,47.44,47.44,1400,2022-03-22 15:20:00,CG
47.4982,47.4982,47.43,47.46,3038,2022-03-22 15:21:00,CG
47.435,47.47,47.43,47.44,1200,2022-03-22 15:22:00,CG
47.45,47.4794,47.42,47.44,3316,2022-03-22 15:23:00,CG
47.44,47.49,47.43,47.485,1400,2022-03-22 15:24:00,CG
47.49,47.5,47.485,47.5,1024,2022-03-22 15:25:00,CG
47.5,47.5,47.45,47.45,888,2022-03-22 15:26:00,CG
47.465,47.465,47.45,47.45,300,2022-03-22 15:27:00,CG
47.44,47.44,47.39,47.4,5100,2022-03-22 15:28:00,CG
47.4,47.4,47.4,47.4,200,2022-03-22 15:29:00,CG
47.42,47.4698,47.42,47.45,6193,2022-03-22 15:30:00,CG
47.44,47.47,47.425,47.425,1672,2022-03-22 15:31:00,CG
47.4006,47.4006,47.4006,47.4006,2100,2022-03-22 15:32:00,CG
47.36,47.36,47.295,47.295,1800,2022-03-22 15:33:00,CG
47.29,47.32,47.29,47.32,400,2022-03-22 15:34:00,CG
47.318,47.318,47.27,47.27,900,2022-03-22 15:35:00,CG
47.2667,47.2667,47.24,47.26,1017,2022-03-22 15:36:00,CG
47.255,47.3081,47.255,47.3,2300,2022-03-22 15:37:00,CG
47.32,47.36,47.32,47.33,1528,2022-03-22 15:38:00,CG
47.33,47.34,47.3,47.34,2000,2022-03-22 15:39:00,CG
47.37,47.4,47.37,47.4,500,2022-03-22 15:40:00,CG
47.4053,47.43,47.4053,47.43,500,2022-03-22 15:41:00,CG
47.42,47.42,47.35,47.35,1300,2022-03-22 15:42:00,CG
47.32,47.32,47.24,47.28,4091,2022-03-22 15:43:00,CG
47.28,47.32,47.28,47.3,1025,2022-03-22 15:44:00,CG
47.32,47.32,47.27,47.29,1594,2022-03-22 15:45:00,CG
47.27,47.29,47.27,47.29,1025,2022-03-22 15:46:00,CG
47.34,47.34,47.34,47.34,100,2022-03-22 15:47:00,CG
47.345,47.345,47.33,47.33,200,2022-03-22 15:48:00,CG
47.37,47.37,47.36,47.36,200,2022-03-22 15:49:00,CG
47.3601,47.39,47.3601,47.39,498,2022-03-22 15:50:00,CG
47.39,47.39,47.35,47.35,2356,2022-03-22 15:51:00,CG
47.34,47.34,47.31,47.31,1417,2022-03-22 15:52:00,CG
47.313,47.313,47.313,47.313,200,2022-03-22 15:53:00,CG
47.31,47.33,47.3,47.33,500,2022-03-22 15:54:00,CG
47.36,47.36,47.34,47.34,600,2022-03-22 15:55:00,CG
47.33,47.33,47.33,47.33,300,2022-03-22 15:56:00,CG
47.31,47.31,47.2894,47.2894,850,2022-03-22 15:57:00,CG
47.27,47.27,47.23,47.25,731,2022-03-22 15:58:00,CG
47.24,47.24,47.24,47.24,100,2022-03-22 15:59:00,CG
47.26,47.26,47.23,47.23,480,2022-03-22 16:00:00,CG
47.24,47.245,47.23,47.23,700,2022-03-22 16:01:00,CG
47.22,47.2382,47.185,47.21,1520,2022-03-22 16:02:00,CG
47.15,47.15,47.15,47.15,100,2022-03-22 16:03:00,CG
47.18,47.18,47.18,47.18,200,2022-03-22 16:04:00,CG
47.218,47.24,47.218,47.24,535,2022-03-22 16:05:00,CG
47.27,47.27,47.27,47.27,100,2022-03-22 16:06:00,CG
47.32,47.3427,47.32,47.3409,934,2022-03-22 16:08:00,CG
47.36,47.41,47.36,47.41,400,2022-03-22 16:10:00,CG
47.372,47.372,47.372,47.372,300,2022-03-22 16:11:00,CG
47.37,47.37,47.35,47.35,700,2022-03-22 16:12:00,CG
47.33,47.35,47.33,47.35,200,2022-03-22 16:13:00,CG
47.3551,47.36,47.3551,47.36,500,2022-03-22 16:14:00,CG
47.35,47.37,47.34,47.3407,1019,2022-03-22 16:15:00,CG
47.34,47.34,47.29,47.3,1175,2022-03-22 16:16:00,CG
47.3,47.33,47.3,47.33,1300,2022-03-22 16:17:00,CG
47.34,47.34,47.31,47.31,800,2022-03-22 16:18:00,CG
47.33,47.33,47.31,47.31,1400,2022-03-22 16:19:00,CG
47.33,47.33,47.31,47.31,400,2022-03-22 16:20:00,CG
47.27,47.27,47.24,47.24,300,2022-03-22 16:21:00,CG
47.23,47.23,47.12,47.12,3800,2022-03-22 16:22:00,CG
47.14,47.16,47.11,47.15,1502,2022-03-22 16:23:00,CG
47.138,47.16,47.13,47.16,400,2022-03-22 16:24:00,CG
47.13,47.15,47.085,47.085,2432,2022-03-22 16:26:00,CG
47.06,47.08,47.0,47.0,7204,2022-03-22 16:27:00,CG
47.032,47.05,47.01,47.045,1600,2022-03-22 16:28:00,CG
47.06,47.07,47.05,47.065,600,2022-03-22 16:29:00,CG
47.05,47.07,47.02,47.03,729,2022-03-22 16:30:00,CG
47.05,47.05,46.97,46.99,4162,2022-03-22 16:31:00,CG
47.01,47.01,46.99,47.01,700,2022-03-22 16:32:00,CG
46.99,47.01,46.99,47.01,228,2022-03-22 16:33:00,CG
47.01,47.05,47.01,47.05,500,2022-03-22 16:34:00,CG
47.13,47.13,47.1,47.1,513,2022-03-22 16:35:00,CG
47.115,47.13,47.115,47.13,200,2022-03-22 16:36:00,CG
47.13,47.13,47.11,47.12,759,2022-03-22 16:37:00,CG
47.1,47.12,47.1,47.12,500,2022-03-22 16:38:00,CG
47.13,47.1711,47.13,47.1711,586,2022-03-22 16:39:00,CG
47.16,47.19,47.16,47.19,640,2022-03-22 16:40:00,CG
47.23,47.23,47.23,47.23,237,2022-03-22 16:41:00,CG
47.21,47.21,47.21,47.21,413,2022-03-22 16:42:00,CG
47.18,47.18,47.17,47.17,400,2022-03-22 16:43:00,CG
47.2,47.24,47.2,47.2234,1562,2022-03-22 16:44:00,CG
47.2,47.2,47.16,47.2,1100,2022-03-22 16:45:00,CG
47.205,47.205,47.205,47.205,141,2022-03-22 16:46:00,CG
47.22,47.24,47.22,47.24,1100,2022-03-22 16:48:00,CG
47.23,47.23,47.15,47.17,2619,2022-03-22 16:49:00,CG
47.21,47.21,47.19,47.2,1100,2022-03-22 16:50:00,CG
47.2075,47.22,47.2075,47.21,1000,2022-03-22 16:51:00,CG
47.21,47.21,47.21,47.21,100,2022-03-22 16:52:00,CG
47.2,47.22,47.2,47.22,200,2022-03-22 16:53:00,CG
47.22,47.22,47.2,47.2,560,2022-03-22 16:56:00,CG
47.19,47.21,47.19,47.21,600,2022-03-22 16:57:00,CG
47.2161,47.2161,47.2161,47.2161,105,2022-03-22 16:58:00,CG
47.21,47.21,47.21,47.21,200,2022-03-22 16:59:00,CG
47.19,47.22,47.19,47.19,1523,2022-03-22 17:00:00,CG
47.22,47.24,47.22,47.24,400,2022-03-22 17:01:00,CG
47.24,47.25,47.24,47.25,617,2022-03-22 17:02:00,CG
47.29,47.29,47.29,47.29,100,2022-03-22 17:03:00,CG
47.28,47.285,47.27,47.27,305,2022-03-22 17:04:00,CG
47.285,47.285,47.285,47.285,100,2022-03-22 17:05:00,CG
47.3,47.3,47.28,47.28,564,2022-03-22 17:06:00,CG
47.29,47.29,47.29,47.29,100,2022-03-22 17:07:00,CG
47.29,47.3,47.29,47.3,703,2022-03-22 17:08:00,CG
47.315,47.315,47.29,47.29,500,2022-03-22 17:09:00,CG
47.27,47.27,47.23,47.23,1885,2022-03-22 17:10:00,CG
47.227,47.227,47.227,47.227,100,2022-03-22 17:11:00,CG
47.25,47.29,47.25,47.29,405,2022-03-22 17:12:00,CG
47.29,47.29,47.29,47.29,200,2022-03-22 17:13:00,CG
47.27,47.29,47.27,47.29,200,2022-03-22 17:15:00,CG
47.27,47.29,47.25,47.29,1800,2022-03-22 17:16:00,CG
47.27,47.27,47.27,47.27,100,2022-03-22 17:17:00,CG
47.29,47.38,47.28,47.38,3815,2022-03-22 17:18:00,CG
47.33,47.33,47.27,47.27,900,2022-03-22 17:20:00,CG
47.29,47.29,47.265,47.265,337,2022-03-22 17:21:00,CG
47.27,47.28,47.27,47.28,200,2022-03-22 17:22:00,CG
47.25,47.25,47.25,47.25,200,2022-03-22 17:24:00,CG
47.27,47.27,47.25,47.26,770,2022-03-22 17:25:00,CG
47.2695,47.29,47.2695,47.29,400,2022-03-22 17:26:00,CG
47.2821,47.2821,47.2821,47.2821,200,2022-03-22 17:27:00,CG
47.3,47.32,47.28,47.28,1000,2022-03-22 17:28:00,CG
47.295,47.325,47.27,47.325,4442,2022-03-22 17:29:00,CG
47.34,47.34,47.34,47.34,100,2022-03-22 17:30:00,CG
47.31,47.31,47.3,47.3,400,2022-03-22 17:31:00,CG
47.3226,47.3226,47.322,47.322,400,2022-03-22 17:32:00,CG
47.335,47.335,47.3214,47.3214,2130,2022-03-22 17:33:00,CG
47.34,47.34,47.33,47.33,400,2022-03-22 17:34:00,CG
47.35,47.35,47.31,47.32,948,2022-03-22 17:35:00,CG
47.31,47.31,47.31,47.31,200,2022-03-22 17:36:00,CG
47.2903,47.2903,47.2903,47.2903,1005,2022-03-22 17:37:00,CG
47.305,47.38,47.305,47.37,1218,2022-03-22 17:38:00,CG
47.34,47.34,47.31,47.31,700,2022-03-22 17:40:00,CG
47.3,47.3,47.3,47.3,300,2022-03-22 17:41:00,CG
47.29,47.29,47.265,47.28,900,2022-03-22 17:42:00,CG
47.29,47.29,47.29,47.29,100,2022-03-22 17:43:00,CG
47.31,47.31,47.31,47.31,300,2022-03-22 17:44:00,CG
47.29,47.29,47.28,47.28,200,2022-03-22 17:46:00,CG
47.29,47.29,47.272,47.272,509,2022-03-22 17:48:00,CG
47.27,47.2997,47.27,47.2997,450,2022-03-22 17:49:00,CG
47.31,47.325,47.31,47.325,617,2022-03-22 17:50:00,CG
47.33,47.35,47.33,47.35,700,2022-03-22 17:51:00,CG
47.36,47.36,47.35,47.35,900,2022-03-22 17:52:00,CG
47.3506,47.3506,47.3506,47.3506,236,2022-03-22 17:53:00,CG
47.3724,47.3724,47.3724,47.3724,193,2022-03-22 17:54:00,CG
47.4,47.4,47.39,47.39,1300,2022-03-22 17:55:00,CG
47.38,47.4,47.38,47.4,700,2022-03-22 17:56:00,CG
47.39,47.39,47.39,47.39,100,2022-03-22 17:57:00,CG
47.39,47.41,47.39,47.41,390,2022-03-22 17:58:00,CG
47.44,47.44,47.42,47.425,597,2022-03-22 18:00:00,CG
47.44,47.445,47.41,47.41,1100,2022-03-22 18:01:00,CG
47.42,47.42,47.37,47.38,2152,2022-03-22 18:02:00,CG
47.39,47.43,47.39,47.42,1000,2022-03-22 18:03:00,CG
47.38,47.39,47.38,47.38,907,2022-03-22 18:05:00,CG
47.36,47.36,47.35,47.36,700,2022-03-22 18:07:00,CG
47.37,47.379,47.37,47.379,200,2022-03-22 18:08:00,CG
47.39,47.41,47.39,47.41,332,2022-03-22 18:09:00,CG
47.3901,47.3901,47.3901,47.3901,200,2022-03-22 18:10:00,CG
47.43,47.43,47.43,47.43,100,2022-03-22 18:11:00,CG
47.42,47.425,47.41,47.425,1745,2022-03-22 18:12:00,CG
47.44,47.46,47.43,47.43,1600,2022-03-22 18:13:00,CG
47.425,47.43,47.425,47.43,200,2022-03-22 18:15:00,CG
47.42,47.45,47.41,47.45,1600,2022-03-22 18:16:00,CG
47.46,47.46,47.45,47.45,300,2022-03-22 18:17:00,CG
47.48,47.48,47.47,47.47,704,2022-03-22 18:19:00,CG
47.48,47.48,47.43,47.43,1945,2022-03-22 18:20:00,CG
47.44,47.4599,47.44,47.4599,200,2022-03-22 18:21:00,CG
47.42,47.42,47.37,47.4,1875,2022-03-22 18:22:00,CG
47.405,47.41,47.39,47.41,948,2022-03-22 18:23:00,CG
47.39,47.39,47.35,47.35,500,2022-03-22 18:24:00,CG
47.32,47.3364,47.32,47.3364,815,2022-03-22 18:25:00,CG
47.32,47.32,47.28,47.28,1550,2022-03-22 18:26:00,CG
47.29,47.29,47.26,47.28,1099,2022-03-22 18:27:00,CG
47.28,47.33,47.27,47.33,2042,2022-03-22 18:28:00,CG
47.33,47.34,47.28,47.32,2216,2022-03-22 18:29:00,CG
47.32,47.32,47.32,47.32,100,2022-03-22 18:30:00,CG
47.29,47.29,47.25,47.25,434,2022-03-22 18:31:00,CG
47.28,47.34,47.28,47.32,873,2022-03-22 18:32:00,CG
47.32,47.33,47.315,47.32,1640,2022-03-22 18:33:00,CG
47.31,47.33,47.3,47.32,1356,2022-03-22 18:34:00,CG
47.32,47.339,47.32,47.33,400,2022-03-22 18:35:00,CG
47.32,47.33,47.31,47.32,1715,2022-03-22 18:36:00,CG
47.3043,47.33,47.29,47.3,1420,2022-03-22 18:37:00,CG
47.2904,47.2904,47.2904,47.2904,219,2022-03-22 18:38:00,CG
47.3,47.31,47.29,47.29,1100,2022-03-22 18:39:00,CG
47.3,47.3,47.26,47.26,503,2022-03-22 18:40:00,CG
47.26,47.26,47.245,47.245,794,2022-03-22 18:41:00,CG
47.26,47.275,47.25,47.25,1000,2022-03-22 18:42:00,CG
47.26,47.26,47.24,47.24,400,2022-03-22 18:43:00,CG
47.23,47.23,47.23,47.23,100,2022-03-22 18:44:00,CG
47.21,47.25,47.21,47.24,1000,2022-03-22 18:45:00,CG
47.22,47.23,47.2,47.23,1918,2022-03-22 18:46:00,CG
47.23,47.23,47.18,47.18,1113,2022-03-22 18:48:00,CG
47.17,47.18,47.15,47.18,600,2022-03-22 18:49:00,CG
47.21,47.225,47.2,47.2,1048,2022-03-22 18:51:00,CG
47.1906,47.21,47.18,47.21,1087,2022-03-22 18:52:00,CG
47.21,47.25,47.21,47.25,300,2022-03-22 18:53:00,CG
47.23,47.23,47.2,47.2,500,2022-03-22 18:54:00,CG
47.22,47.23,47.21,47.23,317,2022-03-22 18:55:00,CG
47.23,47.25,47.23,47.236,625,2022-03-22 18:56:00,CG
47.23,47.23,47.23,47.23,300,2022-03-22 18:57:00,CG
47.24,47.24,47.2,47.23,1700,2022-03-22 18:58:00,CG
47.24,47.25,47.21,47.21,1582,2022-03-22 18:59:00,CG
47.2,47.2,47.18,47.2,1413,2022-03-22 19:00:00,CG
47.17,47.17,47.13,47.1401,800,2022-03-22 19:01:00,CG
47.16,47.195,47.16,47.195,1000,2022-03-22 19:02:00,CG
47.22,47.22,47.21,47.21,2066,2022-03-22 19:03:00,CG
47.21,47.21,47.18,47.19,4611,2022-03-22 19:04:00,CG
47.19,47.205,47.175,47.19,2901,2022-03-22 19:05:00,CG
47.175,47.21,47.175,47.19,1700,2022-03-22 19:06:00,CG
47.19,47.2,47.175,47.175,1105,2022-03-22 19:07:00,CG
47.175,47.19,47.175,47.18,600,2022-03-22 19:08:00,CG
47.19,47.2,47.1875,47.19,4111,2022-03-22 19:09:00,CG
47.19,47.19,47.13,47.13,1380,2022-03-22 19:10:00,CG
47.13,47.13,47.12,47.12,700,2022-03-22 19:11:00,CG
47.1,47.14,47.1,47.11,6647,2022-03-22 19:12:00,CG
47.13,47.1896,47.13,47.18,2625,2022-03-22 19:13:00,CG
47.17,47.17,47.156,47.17,1891,2022-03-22 19:14:00,CG
47.17,47.23,47.17,47.23,1255,2022-03-22 19:15:00,CG
47.21,47.21,47.19,47.2,1918,2022-03-22 19:16:00,CG
47.21,47.22,47.21,47.21,600,2022-03-22 19:17:00,CG
47.2099,47.2099,47.19,47.19,200,2022-03-22 19:18:00,CG
47.1997,47.2,47.16,47.18,7862,2022-03-22 19:19:00,CG
47.19,47.205,47.15,47.15,1139,2022-03-22 19:20:00,CG
47.15,47.1557,47.15,47.1557,450,2022-03-22 19:21:00,CG
47.16,47.16,47.12,47.12,2824,2022-03-22 19:22:00,CG
47.09,47.11,47.09,47.11,1268,2022-03-22 19:23:00,CG
47.12,47.14,47.12,47.12,1100,2022-03-22 19:24:00,CG
47.13,47.16,47.13,47.15,1957,2022-03-22 19:25:00,CG
47.15,47.155,47.11,47.115,6223,2022-03-22 19:26:00,CG
47.1,47.1,47.04,47.07,5532,2022-03-22 19:27:00,CG
47.07,47.085,47.0467,47.0768,2000,2022-03-22 19:28:00,CG
47.09,47.095,47.045,47.045,2422,2022-03-22 19:29:00,CG
47.05,47.05,47.0,47.02,3400,2022-03-22 19:30:00,CG
47.02,47.095,47.02,47.08,1700,2022-03-22 19:31:00,CG
47.06,47.07,47.04,47.06,3708,2022-03-22 19:32:00,CG
47.06,47.07,47.01,47.02,7887,2022-03-22 19:33:00,CG
47.025,47.025,46.99,47.0,3990,2022-03-22 19:34:00,CG
47.0,47.025,47.0,47.01,3656,2022-03-22 19:35:00,CG
47.01,47.025,47.0,47.025,2794,2022-03-22 19:36:00,CG
47.04,47.07,47.02,47.065,5085,2022-03-22 19:37:00,CG
47.05,47.0661,47.05,47.06,2349,2022-03-22 19:38:00,CG
47.05,47.08,47.05,47.07,3697,2022-03-22 19:39:00,CG
47.06,47.06,47.05,47.06,2284,2022-03-22 19:40:00,CG
47.06,47.12,47.06,47.12,2391,2022-03-22 19:41:00,CG
47.11,47.13,47.11,47.115,2090,2022-03-22 19:42:00,CG
47.13,47.15,47.11,47.125,4171,2022-03-22 19:43:00,CG
47.14,47.16,47.14,47.141,1474,2022-03-22 19:44:00,CG
47.14,47.165,47.128,47.13,2259,2022-03-22 19:45:00,CG
47.12,47.12,47.07,47.07,22226,2022-03-22 19:46:00,CG
47.07,47.09,47.06,47.07,14298,2022-03-22 19:47:00,CG
47.07,47.11,47.06,47.095,14919,2022-03-22 19:48:00,CG
47.08,47.11,47.04,47.045,11670,2022-03-22 19:49:00,CG
47.06,47.15,47.05,47.055,14992,2022-03-22 19:50:00,CG
47.055,47.08,47.0,47.04,7759,2022-03-22 19:51:00,CG
47.04,47.075,47.04,47.07,7628,2022-03-22 19:52:00,CG
47.06,47.06,47.019,47.03,5927,2022-03-22 19:53:00,CG
47.03,47.04,46.94,46.94,13585,2022-03-22 19:54:00,CG
46.94,46.94,46.9,46.9,8328,2022-03-22 19:55:00,CG
46.9,46.9,46.85,46.855,15867,2022-03-22 19:56:00,CG
46.87,46.87,46.831,46.865,24845,2022-03-22 19:57:00,CG
46.86,46.9,46.84,46.87,21074,2022-03-22 19:58:00,CG
46.88,46.93,46.87,46.91,29391,2022-03-22 19:59:00,CG
46.92,46.92,46.92,46.92,241990,2022-03-22 20:00:00,CG
46.92,46.92,46.92,46.92,521,2022-03-22 20:01:00,CG
46.92,46.92,46.92,46.92,1940,2022-03-22 20:02:00,CG
46.4001,46.4001,46.4001,46.4001,1000,2022-03-23 12:17:00,CG
46.41,46.41,46.41,46.41,100,2022-03-23 13:25:00,CG
46.34,46.41,46.34,46.4,458,2022-03-23 13:29:00,CG
46.34,46.57,46.2,46.33,24981,2022-03-23 13:30:00,CG
46.307,46.35,46.22,46.33,2615,2022-03-23 13:31:00,CG
46.475,46.475,46.4066,46.47,307,2022-03-23 13:32:00,CG
46.41,46.475,46.26,46.475,3178,2022-03-23 13:33:00,CG
46.42,46.42,46.26,46.26,1792,2022-03-23 13:34:00,CG
46.3494,46.51,46.3494,46.5,3434,2022-03-23 13:35:00,CG
46.54,46.66,46.54,46.6,1739,2022-03-23 13:36:00,CG
46.63,46.64,46.43,46.43,2322,2022-03-23 13:38:00,CG
46.45,46.485,46.4,46.4,4269,2022-03-23 13:39:00,CG
46.37,46.43,46.28,46.43,6254,2022-03-23 13:40:00,CG
46.43,46.54,46.43,46.53,2942,2022-03-23 13:41:00,CG
46.51,46.53,46.51,46.53,1627,2022-03-23 13:42:00,CG
46.59,46.615,46.51,46.51,2000,2022-03-23 13:43:00,CG
46.55,46.6,46.53,46.53,2497,2022-03-23 13:44:00,CG
46.45,46.475,46.3867,46.3867,841,2022-03-23 13:45:00,CG
46.3611,46.4,46.3611,46.4,1488,2022-03-23 13:46:00,CG
46.3966,46.43,46.37,46.38,2896,2022-03-23 13:47:00,CG
46.43,46.51,46.42,46.445,1100,2022-03-23 13:48:00,CG
46.48,46.525,46.45,46.52,2015,2022-03-23 13:49:00,CG
46.45,46.45,46.37,46.41,1400,2022-03-23 13:50:00,CG
46.415,46.415,46.415,46.415,100,2022-03-23 13:51:00,CG
46.415,46.415,46.415,46.415,200,2022-03-23 13:52:00,CG
46.41,46.5,46.41,46.5,2600,2022-03-23 13:53:00,CG
46.5,46.5,46.41,46.46,1917,2022-03-23 13:54:00,CG
46.46,46.48,46.45,46.46,2646,2022-03-23 13:55:00,CG
46.5,46.55,46.5,46.5308,3180,2022-03-23 13:56:00,CG
46.5406,46.62,46.54,46.59,3597,2022-03-23 13:57:00,CG
46.57,46.59,46.555,46.555,500,2022-03-23 13:58:00,CG
46.5,46.5,46.41,46.41,700,2022-03-23 13:59:00,CG
46.36,46.38,46.26,46.32,2956,2022-03-23 14:00:00,CG
46.36,46.42,46.35,46.42,4173,2022-03-23 14:01:00,CG
46.4,46.42,46.37,46.37,1500,2022-03-23 14:02:00,CG
46.345,46.35,46.32,46.35,800,2022-03-23 14:03:00,CG
46.38,46.38,46.38,46.38,338,2022-03-23 14:04:00,CG
46.405,46.44,46.3996,46.43,1140,2022-03-23 14:05:00,CG
46.4201,46.48,46.4201,46.45,4000,2022-03-23 14:06:00,CG
46.49,46.5,46.49,46.49,1929,2022-03-23 14:07:00,CG
46.48,46.5,46.46,46.5,3039,2022-03-23 14:08:00,CG
46.48,46.484,46.43,46.43,2000,2022-03-23 14:09:00,CG
46.43,46.43,46.43,46.43,300,2022-03-23 14:10:00,CG
46.43,46.5,46.43,46.46,3064,2022-03-23 14:11:00,CG
46.45,46.48,46.44,46.47,1735,2022-03-23 14:12:00,CG
46.49,46.515,46.49,46.495,5668,2022-03-23 14:13:00,CG
46.495,46.61,46.495,46.52,10832,2022-03-23 14:14:00,CG
46.55,46.595,46.55,46.595,2674,2022-03-23 14:15:00,CG
46.61,46.63,46.565,46.565,7762,2022-03-23 14:16:00,CG
46.555,46.6208,46.52,46.58,45782,2022-03-23 14:17:00,CG
46.55,46.64,46.54,46.62,21846,2022-03-23 14:18:00,CG
46.58,46.61,46.55,46.605,83465,2022-03-23 14:19:00,CG
46.6,46.61,46.52,46.52,6800,2022-03-23 14:20:00,CG
46.515,46.515,46.43,46.44,1400,2022-03-23 14:21:00,CG
46.4,46.42,46.3,46.34,16432,2022-03-23 14:22:00,CG
46.34,46.4,46.34,46.4,2679,2022-03-23 14:23:00,CG
46.41,46.41,46.41,46.41,600,2022-03-23 14:24:00,CG
46.398,46.41,46.392,46.392,900,2022-03-23 14:25:00,CG
46.38,46.39,46.33,46.36,2888,2022-03-23 14:26:00,CG
46.38,46.4,46.38,46.4,400,2022-03-23 14:27:00,CG
46.48,46.52,46.47,46.485,2413,2022-03-23 14:28:00,CG
46.47,46.47,46.45,46.46,800,2022-03-23 14:29:00,CG
46.52,46.52,46.51,46.51,300,2022-03-23 14:30:00,CG
46.55,46.5902,46.55,46.59,1426,2022-03-23 14:31:00,CG
46.61,46.7,46.61,46.67,1190,2022-03-23 14:32:00,CG
46.67,46.74,46.66,46.74,2550,2022-03-23 14:33:00,CG
46.76,46.76,46.67,46.69,2198,2022-03-23 14:34:00,CG
46.67,46.69,46.635,46.635,3720,2022-03-23 14:35:00,CG
46.64,46.64,46.64,46.64,300,2022-03-23 14:36:00,CG
46.65,46.65,46.54,46.54,3000,2022-03-23 14:37:00,CG
46.57,46.57,46.57,46.57,300,2022-03-23 14:38:00,CG
46.5875,46.65,46.58,46.65,2472,2022-03-23 14:39:00,CG
46.65,46.66,46.63,46.63,2928,2022-03-23 14:40:00,CG
46.64,46.645,46.62,46.63,1950,2022-03-23 14:41:00,CG
46.6,46.61,46.555,46.586,3050,2022-03-23 14:42:00,CG
46.605,46.605,46.5,46.505,2500,2022-03-23 14:43:00,CG
46.515,46.57,46.515,46.55,7179,2022-03-23 14:44:00,CG
46.55,46.55,46.48,46.51,4229,2022-03-23 14:45:00,CG
46.51,46.55,46.51,46.51,1300,2022-03-23 14:46:00,CG
46.51,46.51,46.46,46.47,1205,2022-03-23 14:47:00,CG
46.49,46.51,46.49,46.51,1600,2022-03-23 14:48:00,CG
46.505,46.5378,46.505,46.5378,1185,2022-03-23 14:49:00,CG
46.55,46.61,46.55,46.605,3580,2022-03-23 14:50:00,CG
46.6,46.615,46.56,46.6,4410,2022-03-23 14:51:00,CG
46.55,46.6,46.53,46.6,1600,2022-03-23 14:52:00,CG
46.6,46.62,46.58,46.58,5309,2022-03-23 14:53:00,CG
46.6,46.6,46.56,46.575,2426,2022-03-23 14:54:00,CG
46.575,46.6,46.575,46.6,4376,2022-03-23 14:55:00,CG
46.6,46.65,46.59,46.6001,8904,2022-03-23 14:56:00,CG
46.6,46.6,46.56,46.59,56700,2022-03-23 14:57:00,CG
46.6,46.74,46.6,46.74,10870,2022-03-23 14:58:00,CG
46.74,46.77,46.67,46.6772,15021,2022-03-23 14:59:00,CG
46.695,46.695,46.66,46.69,4612,2022-03-23 15:00:00,CG
46.8,46.95,46.79,46.95,1905,2022-03-23 15:02:00,CG
46.94,46.95,46.91,46.935,2866,2022-03-23 15:03:00,CG
46.91,46.91,46.8955,46.8955,857,2022-03-23 15:04:00,CG
46.9,46.9,46.9,46.9,200,2022-03-23 15:05:00,CG
46.94,46.97,46.94,46.97,400,2022-03-23 15:06:00,CG
46.92,46.95,46.92,46.93,846,2022-03-23 15:07:00,CG
46.93,46.98,46.93,46.98,1100,2022-03-23 15:08:00,CG
47.0,47.01,46.96,46.97,6503,2022-03-23 15:09:00,CG
46.96,46.96,46.89,46.9,1400,2022-03-23 15:10:00,CG
46.9115,46.9848,46.9115,46.9848,649,2022-03-23 15:12:00,CG
47.0,47.04,46.995,47.02,834,2022-03-23 15:13:00,CG
47.06,47.15,47.06,47.15,1700,2022-03-23 15:14:00,CG
47.14,47.16,47.12,47.13,3549,2022-03-23 15:15:00,CG
47.1,47.14,47.07,47.084,3549,2022-03-23 15:16:00,CG
47.105,47.105,47.01,47.01,1400,2022-03-23 15:17:00,CG
47.01,47.03,46.99,47.03,1900,2022-03-23 15:18:00,CG
47.04,47.06,47.04,47.06,200,2022-03-23 15:19:00,CG
47.09,47.11,47.09,47.11,500,2022-03-23 15:20:00,CG
47.13,47.17,47.12,47.17,2414,2022-03-23 15:21:00,CG
47.17,47.19,47.11,47.14,3877,2022-03-23 15:22:00,CG
47.155,47.155,47.155,47.155,200,2022-03-23 15:23:00,CG
47.15,47.15,47.1,47.1,5698,2022-03-23 15:24:00,CG
47.115,47.14,47.115,47.14,600,2022-03-23 15:25:00,CG
47.145,47.2,47.145,47.2,3300,2022-03-23 15:26:00,CG
47.2,47.2,47.16,47.16,3454,2022-03-23 15:27:00,CG
47.18,47.18,47.175,47.175,715,2022-03-23 15:28:00,CG
47.175,47.18,47.125,47.18,1600,2022-03-23 15:29:00,CG
47.18,47.18,47.14,47.14,758,2022-03-23 15:30:00,CG
47.16,47.1618,47.13,47.14,1400,2022-03-23 15:31:00,CG
47.15,47.15,47.12,47.125,1321,2022-03-23 15:32:00,CG
47.14,47.14,47.14,47.14,100,2022-03-23 15:33:00,CG
47.16,47.16,47.09,47.15,2900,2022-03-23 15:35:00,CG
47.15,47.15,47.13,47.14,1139,2022-03-23 15:36:00,CG
47.16,47.16,47.12,47.12,700,2022-03-23 15:37:00,CG
47.15,47.15,47.145,47.145,537,2022-03-23 15:38:00,CG
47.17,47.22,47.16,47.22,1900,2022-03-23 15:39:00,CG
47.255,47.27,47.23,47.27,2416,2022-03-23 15:40:00,CG
47.27,47.37,47.27,47.36,9541,2022-03-23 15:41:00,CG
47.35,47.38,47.31,47.33,15267,2022-03-23 15:42:00,CG
47.28,47.2894,47.24,47.2894,4414,2022-03-23 15:43:00,CG
47.26,47.27,47.26,47.27,600,2022-03-23 15:44:00,CG
47.24,47.24,47.18,47.18,500,2022-03-23 15:45:00,CG
47.17,47.17,47.17,47.17,300,2022-03-23 15:46:00,CG
47.09,47.11,47.08,47.11,3868,2022-03-23 15:47:00,CG
47.115,47.14,47.115,47.14,286,2022-03-23 15:48:00,CG
47.145,47.145,47.145,47.145,1750,2022-03-23 15:49:00,CG
47.17,47.21,47.17,47.19,4328,2022-03-23 15:50:00,CG
47.2,47.22,47.17,47.2,2372,2022-03-23 15:51:00,CG
47.19,47.1948,47.19,47.1948,496,2022-03-23 15:52:00,CG
47.205,47.205,47.19,47.195,1862,2022-03-23 15:53:00,CG
47.21,47.21,47.21,47.21,300,2022-03-23 15:54:00,CG
47.205,47.22,47.2,47.2,1365,2022-03-23 15:55:00,CG
47.2,47.205,47.2,47.205,274,2022-03-23 15:56:00,CG
47.22,47.23,47.1804,47.19,3122,2022-03-23 15:57:00,CG
47.19,47.19,47.19,47.19,100,2022-03-23 15:58:00,CG
47.18,47.18,47.17,47.175,603,2022-03-23 15:59:00,CG
47.17,47.19,47.17,47.18,889,2022-03-23 16:00:00,CG
47.1972,47.21,47.17,47.21,1100,2022-03-23 16:01:00,CG
47.2,47.24,47.2,47.24,4530,2022-03-23 16:02:00,CG
47.26,47.2604,47.19,47.19,2660,2022-03-23 16:03:00,CG
47.17,47.17,47.14,47.14,400,2022-03-23 16:04:00,CG
47.13,47.14,47.13,47.13,700,2022-03-23 16:05:00,CG
47.09,47.09,47.07,47.09,619,2022-03-23 16:06:00,CG
46.9875,47.0,46.97,47.0,1100,2022-03-23 16:07:00,CG
47.0,47.0,46.98,46.999,789,2022-03-23 16:08:00,CG
46.98,47.0,46.98,47.0,611,2022-03-23 16:09:00,CG
47.0044,47.0044,46.975,46.975,5450,2022-03-23 16:10:00,CG
46.96,46.965,46.82,46.87,22418,2022-03-23 16:11:00,CG
46.87,46.87,46.82,46.82,3320,2022-03-23 16:12:00,CG
46.825,46.825,46.825,46.825,127,2022-03-23 16:13:00,CG
46.865,46.89,46.855,46.89,1800,2022-03-23 16:14:00,CG
46.89,46.99,46.8861,46.9676,1605,2022-03-23 16:15:00,CG
47.0,47.03,46.98,47.02,2635,2022-03-23 16:16:00,CG
47.035,47.035,47.01,47.02,900,2022-03-23 16:17:00,CG
46.99,47.0,46.97,46.995,1000,2022-03-23 16:18:00,CG
47.02,47.0765,47.02,47.0765,400,2022-03-23 16:19:00,CG
47.0302,47.09,47.0302,47.04,9078,2022-03-23 16:20:00,CG
47.0,47.0,47.0,47.0,100,2022-03-23 16:22:00,CG
46.98,46.98,46.98,46.98,100,2022-03-23 16:23:00,CG
46.99,46.998,46.9778,46.998,895,2022-03-23 16:24:00,CG
47.005,47.005,47.005,47.005,100,2022-03-23 16:25:00,CG
47.0,47.0,47.0,47.0,100,2022-03-23 16:26:00,CG
47.0,47.0,46.98,46.99,700,2022-03-23 16:27:00,CG
46.99,47.0399,46.99,46.9998,603,2022-03-23 16:28:00,CG
47.04,47.04,47.04,47.04,100,2022-03-23 16:29:00,CG
47.06,47.09,47.06,47.08,400,2022-03-23 16:30:00,CG
47.12,47.12,47.07,47.09,4299,2022-03-23 16:31:00,CG
47.11,47.11,47.11,47.11,100,2022-03-23 16:32:00,CG
47.11,47.11,47.08,47.08,700,2022-03-23 16:33:00,CG
47.07,47.07,47.07,47.07,100,2022-03-23 16:34:00,CG
47.05,47.05,46.911,46.911,900,2022-03-23 16:35:00,CG
46.93,46.93,46.88,46.88,1343,2022-03-23 16:36:00,CG
46.93,46.96,46.93,46.95,717,2022-03-23 16:38:00,CG
46.9301,46.9301,46.9301,46.9301,201,2022-03-23 16:39:00,CG
46.96,46.96,46.96,46.96,100,2022-03-23 16:40:00,CG
46.99,46.99,46.94,46.94,2307,2022-03-23 16:41:00,CG
46.93,46.93,46.91,46.91,400,2022-03-23 16:42:00,CG
46.9,46.9,46.86,46.87,2935,2022-03-23 16:44:00,CG
46.87,46.89,46.85,46.86,1900,2022-03-23 16:45:00,CG
46.83,46.83,46.82,46.825,300,2022-03-23 16:46:00,CG
46.86,46.86,46.86,46.86,100,2022-03-23 16:48:00,CG
46.9,46.91,46.886,46.91,940,2022-03-23 16:49:00,CG
46.89,46.9,46.8701,46.9,1400,2022-03-23 16:50:00,CG
46.89,46.91,46.89,46.91,400,2022-03-23 16:51:00,CG
46.93,46.95,46.93,46.95,300,2022-03-23 16:52:00,CG
46.97,46.97,46.97,46.97,400,2022-03-23 16:53:00,CG
46.95,46.95,46.95,46.95,500,2022-03-23 16:54:00,CG
47.0,47.0,46.97,46.97,2200,2022-03-23 16:55:00,CG
46.97,46.97,46.96,46.96,1000,2022-03-23 16:56:00,CG
46.98,46.98,46.9725,46.9725,200,2022-03-23 16:57:00,CG
46.96,46.98,46.96,46.98,500,2022-03-23 16:58:00,CG
46.98,46.985,46.965,46.97,4400,2022-03-23 16:59:00,CG
46.96,46.97,46.95,46.97,2900,2022-03-23 17:00:00,CG
46.975,46.975,46.95,46.96,2500,2022-03-23 17:01:00,CG
46.955,46.955,46.9,46.9,1100,2022-03-23 17:02:00,CG
46.87,46.89,46.85,46.85,500,2022-03-23 17:03:00,CG
46.87,46.87,46.83,46.83,640,2022-03-23 17:04:00,CG
46.85,46.8516,46.85,46.85,500,2022-03-23 17:05:00,CG
46.88,46.927,46.88,46.927,1254,2022-03-23 17:06:00,CG
46.91,46.93,46.9,46.93,1652,2022-03-23 17:07:00,CG
46.94,46.94,46.93,46.93,400,2022-03-23 17:08:00,CG
46.935,46.955,46.935,46.95,1300,2022-03-23 17:09:00,CG
46.95,46.98,46.95,46.98,500,2022-03-23 17:10:00,CG
46.97,46.97,46.9,46.9,700,2022-03-23 17:11:00,CG
46.915,46.915,46.915,46.915,284,2022-03-23 17:12:00,CG
46.92,46.939,46.9,46.939,700,2022-03-23 17:13:00,CG
46.94,46.94,46.92,46.92,700,2022-03-23 17:14:00,CG
46.93,46.93,46.9,46.9,606,2022-03-23 17:15:00,CG
46.9,46.91,46.88,46.88,500,2022-03-23 17:16:00,CG
46.88,46.88,46.82,46.83,912,2022-03-23 17:17:00,CG
46.83,46.85,46.83,46.8409,600,2022-03-23 17:18:00,CG
46.845,46.845,46.81,46.81,576,2022-03-23 17:19:00,CG
46.78,46.8,46.78,46.8,400,2022-03-23 17:21:00,CG
46.78,46.78,46.75,46.75,1093,2022-03-23 17:23:00,CG
46.76,46.77,46.76,46.77,200,2022-03-23 17:24:00,CG
46.74,46.74,46.72,46.72,200,2022-03-23 17:25:00,CG
46.7,46.7,46.7,46.7,300,2022-03-23 17:26:00,CG
46.67,46.685,46.67,46.68,700,2022-03-23 17:27:00,CG
46.71,46.71,46.71,46.71,100,2022-03-23 17:28:00,CG
46.705,46.705,46.65,46.65,332,2022-03-23 17:29:00,CG
46.64,46.64,46.64,46.64,500,2022-03-23 17:30:00,CG
46.66,46.73,46.66,46.73,553,2022-03-23 17:31:00,CG
46.73,46.73,46.71,46.71,1211,2022-03-23 17:32:00,CG
46.73,46.74,46.73,46.74,200,2022-03-23 17:33:00,CG
46.72,46.72,46.72,46.72,480,2022-03-23 17:34:00,CG
46.71,46.7299,46.7,46.7299,1408,2022-03-23 17:35:00,CG
46.74,46.74,46.72,46.73,400,2022-03-23 17:36:00,CG
46.71,46.71,46.7,46.7,600,2022-03-23 17:37:00,CG
46.71,46.74,46.71,46.74,300,2022-03-23 17:38:00,CG
46.735,46.735,46.72,46.725,656,2022-03-23 17:39:00,CG
46.71,46.71,46.69,46.69,900,2022-03-23 17:40:00,CG
46.68,46.68,46.66,46.67,825,2022-03-23 17:41:00,CG
46.69,46.702,46.682,46.682,2378,2022-03-23 17:42:00,CG
46.66,46.66,46.63,46.64,1000,2022-03-23 17:43:00,CG
46.64,46.64,46.59,46.6186,1950,2022-03-23 17:44:00,CG
46.59,46.62,46.58,46.62,774,2022-03-23 17:45:00,CG
46.61,46.61,46.59,46.6,300,2022-03-23 17:46:00,CG
46.595,46.595,46.56,46.57,1220,2022-03-23 17:47:00,CG
46.56,46.57,46.54,46.565,1000,2022-03-23 17:48:00,CG
46.57,46.57,46.55,46.55,500,2022-03-23 17:49:00,CG
46.55,46.55,46.53,46.54,2500,2022-03-23 17:50:00,CG
46.5533,46.58,46.545,46.58,950,2022-03-23 17:51:00,CG
46.585,46.585,46.585,46.585,225,2022-03-23 17:52:00,CG
46.59,46.63,46.58,46.595,2394,2022-03-23 17:53:00,CG
46.595,46.6,46.595,46.6,200,2022-03-23 17:54:00,CG
46.62,46.66,46.6,46.61,2678,2022-03-23 17:55:00,CG
46.6082,46.615,46.6,46.6,1845,2022-03-23 17:56:00,CG
46.615,46.62,46.615,46.62,2550,2022-03-23 17:57:00,CG
46.61,46.63,46.57,46.62,3000,2022-03-23 17:58:00,CG
46.6,46.6,46.58,46.58,2100,2022-03-23 17:59:00,CG
46.59,46.59,46.515,46.515,1928,2022-03-23 18:00:00,CG
46.53,46.57,46.53,46.57,1405,2022-03-23 18:01:00,CG
46.58,46.6,46.58,46.6,1080,2022-03-23 18:02:00,CG
46.6,46.6,46.59,46.5999,676,2022-03-23 18:03:00,CG
46.62,46.63,46.58,46.585,1800,2022-03-23 18:04:00,CG
46.57,46.57,46.5,46.51,1003,2022-03-23 18:05:00,CG
46.51,46.51,46.475,46.475,500,2022-03-23 18:06:00,CG
46.475,46.475,46.46,46.46,300,2022-03-23 18:07:00,CG
46.48,46.5195,46.47,46.47,600,2022-03-23 18:08:00,CG
46.475,46.475,46.4,46.4,2278,2022-03-23 18:09:00,CG
46.39,46.39,46.36,46.376,800,2022-03-23 18:10:00,CG
46.36,46.36,46.36,46.36,100,2022-03-23 18:11:00,CG
46.36,46.36,46.36,46.36,360,2022-03-23 18:12:00,CG
46.36,46.39,46.36,46.39,1246,2022-03-23 18:13:00,CG
46.375,46.38,46.35,46.35,5150,2022-03-23 18:14:00,CG
46.345,46.35,46.32,46.35,1177,2022-03-23 18:15:00,CG
46.34,46.37,46.34,46.37,1500,2022-03-23 18:16:00,CG
46.41,46.43,46.41,46.43,2900,2022-03-23 18:17:00,CG
46.455,46.47,46.43,46.47,600,2022-03-23 18:18:00,CG
46.45,46.4634,46.45,46.4634,530,2022-03-23 18:19:00,CG
46.47,46.505,46.47,46.48,1705,2022-03-23 18:20:00,CG
46.49,46.49,46.4676,46.4676,700,2022-03-23 18:21:00,CG
46.48,46.485,46.47,46.47,594,2022-03-23 18:22:00,CG
46.45,46.48,46.44,46.48,1116,2022-03-23 18:23:00,CG
46.47,46.47,46.46,46.46,300,2022-03-23 18:24:00,CG
46.4716,46.4716,46.4716,46.4716,107,2022-03-23 18:25:00,CG
46.48,46.53,46.48,46.53,900,2022-03-23 18:26:00,CG
46.52,46.535,46.51,46.535,1165,2022-03-23 18:27:00,CG
46.555,46.5798,46.555,46.575,3000,2022-03-23 18:28:00,CG
46.56,46.61,46.56,46.6,2375,2022-03-23 18:29:00,CG
46.59,46.6,46.57,46.575,2830,2022-03-23 18:30:00,CG
46.575,46.582,46.575,46.58,900,2022-03-23 18:31:00,CG
46.58,46.58,46.52,46.52,2213,2022-03-23 18:32:00,CG
46.5,46.51,46.5,46.51,300,2022-03-23 18:33:00,CG
46.5,46.5,46.48,46.48,557,2022-03-23 18:34:00,CG
46.47,46.48,46.46,46.48,2860,2022-03-23 18:35:00,CG
46.47,46.505,46.46,46.46,800,2022-03-23 18:36:00,CG
46.455,46.455,46.39,46.39,400,2022-03-23 18:37:00,CG
46.406,46.42,46.406,46.42,450,2022-03-23 18:38:00,CG
46.5,46.55,46.5,46.55,1296,2022-03-23 18:39:00,CG
46.55,46.58,46.5331,46.5726,4564,2022-03-23 18:40:00,CG
46.55,46.55,46.52,46.525,1079,2022-03-23 18:41:00,CG
46.525,46.525,46.525,46.525,100,2022-03-23 18:42:00,CG
46.525,46.525,46.49,46.51,800,2022-03-23 18:43:00,CG
46.51,46.53,46.51,46.53,1334,2022-03-23 18:44:00,CG
46.53,46.59,46.53,46.58,1100,2022-03-23 18:45:00,CG
46.6,46.6,46.57,46.57,900,2022-03-23 18:46:00,CG
46.58,46.6,46.58,46.6,600,2022-03-23 18:47:00,CG
46.6,46.6,46.58,46.59,600,2022-03-23 18:48:00,CG
46.615,46.64,46.615,46.625,6041,2022-03-23 18:49:00,CG
46.625,46.67,46.625,46.655,7047,2022-03-23 18:50:00,CG
46.64,46.65,46.62,46.63,1159,2022-03-23 18:51:00,CG
46.62,46.62,46.6,46.61,1375,2022-03-23 18:52:00,CG
46.595,46.595,46.595,46.595,294,2022-03-23 18:53:00,CG
46.595,46.595,46.54,46.54,1307,2022-03-23 18:54:00,CG
46.55,46.55,46.53,46.53,1287,2022-03-23 18:55:00,CG
46.54,46.54,46.45,46.45,1402,2022-03-23 18:56:00,CG
46.47,46.47,46.415,46.415,1290,2022-03-23 18:57:00,CG
46.43,46.45,46.43,46.45,400,2022-03-23 18:58:00,CG
46.45,46.505,46.45,46.45,3076,2022-03-23 18:59:00,CG
46.4,46.41,46.4,46.41,612,2022-03-23 19:00:00,CG
46.405,46.44,46.405,46.44,1616,2022-03-23 19:01:00,CG
46.44,46.44,46.44,46.44,500,2022-03-23 19:02:00,CG
46.48,46.48,46.48,46.48,600,2022-03-23 19:03:00,CG
46.48,46.48,46.47,46.48,519,2022-03-23 19:04:00,CG
46.46,46.46,46.43,46.43,4337,2022-03-23 19:05:00,CG
46.43,46.43,46.395,46.395,1801,2022-03-23 19:06:00,CG
46.41,46.42,46.41,46.42,524,2022-03-23 19:07:00,CG
46.42,46.42,46.418,46.42,500,2022-03-23 19:08:00,CG
46.4255,46.4255,46.4,46.41,2631,2022-03-23 19:09:00,CG
46.39,46.4,46.35,46.39,5006,2022-03-23 19:10:00,CG
46.415,46.415,46.38,46.38,4500,2022-03-23 19:11:00,CG
46.4098,46.47,46.4,46.47,5322,2022-03-23 19:12:00,CG
46.46,46.52,46.46,46.52,3430,2022-03-23 19:13:00,CG
46.52,46.55,46.45,46.45,10340,2022-03-23 19:14:00,CG
46.445,46.445,46.42,46.42,2830,2022-03-23 19:15:00,CG
46.43,46.44,46.38,46.38,7200,2022-03-23 19:16:00,CG
46.37,46.37,46.345,46.345,600,2022-03-23 19:17:00,CG
46.3513,46.3513,46.31,46.32,2960,2022-03-23 19:18:00,CG
46.3,46.3,46.295,46.295,300,2022-03-23 19:19:00,CG
46.31,46.39,46.31,46.38,5840,2022-03-23 19:20:00,CG
46.38,46.39,46.38,46.39,900,2022-03-23 19:21:00,CG
46.3964,46.3964,46.39,46.39,2500,2022-03-23 19:22:00,CG
46.4,46.43,46.4,46.43,1439,2022-03-23 19:23:00,CG
46.43,46.47,46.42,46.47,900,2022-03-23 19:24:00,CG
46.485,46.5,46.485,46.5,1100,2022-03-23 19:25:00,CG
46.51,46.52,46.5,46.51,1600,2022-03-23 19:26:00,CG
46.5,46.5,46.48,46.48,1000,2022-03-23 19:27:00,CG
46.49,46.51,46.49,46.51,1217,2022-03-23 19:28:00,CG
46.52,46.53,46.509,46.53,1000,2022-03-23 19:29:00,CG
46.5,46.52,46.49,46.52,1757,2022-03-23 19:30:00,CG
46.54,46.57,46.54,46.56,6000,2022-03-23 19:31:00,CG
46.53,46.54,46.505,46.505,2549,2022-03-23 19:32:00,CG
46.4943,46.4943,46.4566,46.4566,1500,2022-03-23 19:33:00,CG
46.451,46.48,46.42,46.44,2620,2022-03-23 19:34:00,CG
46.42,46.45,46.41,46.45,1365,2022-03-23 19:35:00,CG
46.44,46.44,46.4294,46.4294,465,2022-03-23 19:36:00,CG
46.43,46.44,46.43,46.43,1500,2022-03-23 19:37:00,CG
46.42,46.45,46.42,46.45,2001,2022-03-23 19:38:00,CG
46.44,46.45,46.42,46.43,1537,2022-03-23 19:39:00,CG
46.42,46.42,46.35,46.36,1949,2022-03-23 19:40:00,CG
46.35,46.35,46.33,46.34,571,2022-03-23 19:41:00,CG
46.34,46.34,46.31,46.34,2444,2022-03-23 19:42:00,CG
46.36,46.4,46.36,46.4,1626,2022-03-23 19:43:00,CG
46.44,46.44,46.43,46.43,500,2022-03-23 19:44:00,CG
46.44,46.5,46.44,46.44,5527,2022-03-23 19:45:00,CG
46.45,46.47,46.42,46.435,5323,2022-03-23 19:46:00,CG
46.435,46.47,46.435,46.44,2224,2022-03-23 19:47:00,CG
46.44,46.45,46.4,46.415,4900,2022-03-23 19:48:00,CG
46.43,46.43,46.39,46.39,1950,2022-03-23 19:49:00,CG
46.34,46.34,46.29,46.29,1104,2022-03-23 19:50:00,CG
46.295,46.31,46.25,46.265,7341,2022-03-23 19:51:00,CG
46.25,46.29,46.25,46.27,4103,2022-03-23 19:52:00,CG
46.25,46.28,46.22,46.25,3780,2022-03-23 19:53:00,CG
46.27,46.27,46.21,46.21,3235,2022-03-23 19:54:00,CG
46.21,46.2381,46.2,46.225,8295,2022-03-23 19:55:00,CG
46.22,46.23,46.19,46.2,8623,2022-03-23 19:56:00,CG
46.2066,46.2066,46.15,46.16,9604,2022-03-23 19:57:00,CG
46.15,46.16,46.12,46.1499,16397,2022-03-23 19:58:00,CG
46.14,46.17,46.13,46.16,16057,2022-03-23 19:59:00,CG
46.17,46.17,46.17,46.17,99487,2022-03-23 20:00:00,CG
46.17,46.17,46.17,46.17,283,2022-03-23 20:01:00,CG
46.17,46.17,46.17,46.17,1139,2022-03-23 20:02:00,CG
45.9801,45.9801,45.9801,45.9801,172,2022-03-23 21:34:00,CG
46.42,46.42,46.42,46.42,232,2022-03-24 13:29:00,CG
46.42,46.49,46.42,46.49,8118,2022-03-24 13:30:00,CG
46.41,46.5099,46.32,46.32,1135,2022-03-24 13:31:00,CG
46.24,46.24,46.11,46.21,4300,2022-03-24 13:33:00,CG
46.37,46.37,46.095,46.095,312,2022-03-24 13:34:00,CG
46.03,46.11,46.02,46.11,2205,2022-03-24 13:36:00,CG
46.19,46.24,46.12,46.21,2300,2022-03-24 13:37:00,CG
46.2,46.2,46.2,46.2,100,2022-03-24 13:38:00,CG
46.22,46.22,46.22,46.22,1396,2022-03-24 13:39:00,CG
46.23,46.28,46.23,46.27,1684,2022-03-24 13:40:00,CG
46.41,46.41,46.41,46.41,2262,2022-03-24 13:41:00,CG
46.4801,46.51,46.4801,46.5,300,2022-03-24 13:42:00,CG
46.5,46.53,46.48,46.53,1350,2022-03-24 13:44:00,CG
46.53,46.53,46.48,46.48,2747,2022-03-24 13:45:00,CG
46.41,46.475,46.36,46.475,1650,2022-03-24 13:47:00,CG
46.44,46.44,46.44,46.44,200,2022-03-24 13:48:00,CG
46.38,46.4,46.28,46.28,1109,2022-03-24 13:49:00,CG
46.21,46.21,46.1942,46.1942,1400,2022-03-24 13:50:00,CG
46.25,46.57,46.25,46.57,3914,2022-03-24 13:51:00,CG
46.47,46.47,46.45,46.45,700,2022-03-24 13:52:00,CG
46.34,46.34,46.32,46.32,1388,2022-03-24 13:53:00,CG
46.475,46.475,46.42,46.42,300,2022-03-24 13:54:00,CG
46.3739,46.3739,46.3739,46.3739,150,2022-03-24 13:55:00,CG
46.39,46.39,46.35,46.35,936,2022-03-24 13:56:00,CG
46.33,46.33,46.31,46.31,200,2022-03-24 13:57:00,CG
46.27,46.27,46.27,46.27,200,2022-03-24 13:58:00,CG
46.1808,46.33,46.1808,46.33,6872,2022-03-24 13:59:00,CG
46.32,46.32,46.32,46.32,600,2022-03-24 14:00:00,CG
46.4,46.4,46.39,46.39,930,2022-03-24 14:01:00,CG
46.54,46.54,46.48,46.49,2567,2022-03-24 14:03:00,CG
46.51,46.51,46.51,46.51,100,2022-03-24 14:04:00,CG
46.5,46.66,46.5,46.66,2365,2022-03-24 14:05:00,CG
46.55,46.565,46.49,46.54,2630,2022-03-24 14:06:00,CG
46.53,46.56,46.51,46.54,1100,2022-03-24 14:07:00,CG
46.56,46.6,46.53,46.54,7470,2022-03-24 14:08:00,CG
46.54,46.58,46.53,46.58,1130,2022-03-24 14:09:00,CG
46.54,46.54,46.49,46.52,4210,2022-03-24 14:10:00,CG
46.54,46.55,46.525,46.545,400,2022-03-24 14:11:00,CG
46.545,46.55,46.51,46.54,3598,2022-03-24 14:12:00,CG
46.5485,46.57,46.5,46.52,4599,2022-03-24 14:13:00,CG
46.51,46.54,46.51,46.51,1594,2022-03-24 14:14:00,CG
46.52,46.55,46.5,46.55,6702,2022-03-24 14:15:00,CG
46.55,46.55,46.5,46.52,10014,2022-03-24 14:16:00,CG
46.51,46.5461,46.39,46.4,22388,2022-03-24 14:17:00,CG
46.35,46.35,46.22,46.22,1300,2022-03-24 14:18:00,CG
46.22,46.27,46.22,46.23,3529,2022-03-24 14:19:00,CG
46.29,46.29,46.26,46.26,900,2022-03-24 14:20:00,CG
46.21,46.3,46.19,46.3,1695,2022-03-24 14:21:00,CG
46.395,46.4,46.38,46.38,2100,2022-03-24 14:24:00,CG
46.34,46.36,46.34,46.36,1057,2022-03-24 14:27:00,CG
46.4,46.45,46.399,46.45,1100,2022-03-24 14:28:00,CG
46.4699,46.47,46.38,46.4,1124,2022-03-24 14:29:00,CG
46.385,46.46,46.36,46.38,2635,2022-03-24 14:30:00,CG
46.43,46.466,46.42,46.466,400,2022-03-24 14:31:00,CG
46.44,46.5888,46.44,46.5888,1100,2022-03-24 14:32:00,CG
46.59,46.62,46.59,46.62,300,2022-03-24 14:33:00,CG
46.62,46.65,46.59,46.6,1235,2022-03-24 14:34:00,CG
46.61,46.63,46.57,46.63,600,2022-03-24 14:35:00,CG
46.615,46.615,46.59,46.61,804,2022-03-24 14:36:00,CG
46.62,46.62,46.62,46.62,100,2022-03-24 14:37:00,CG
46.58,46.58,46.55,46.58,2385,2022-03-24 14:38:00,CG
46.59,46.59,46.59,46.59,100,2022-03-24 14:39:00,CG
46.56,46.56,46.56,46.56,200,2022-03-24 14:40:00,CG
46.58,46.59,46.58,46.59,734,2022-03-24 14:41:00,CG
46.58,46.61,46.58,46.58,827,2022-03-24 14:43:00,CG
46.56,46.58,46.56,46.58,200,2022-03-24 14:44:00,CG
46.62,46.62,46.62,46.62,829,2022-03-24 14:45:00,CG
46.63,46.66,46.62,46.62,3236,2022-03-24 14:47:00,CG
46.62,46.62,46.59,46.59,600,2022-03-24 14:48:00,CG
46.584,46.6,46.56,46.6,2223,2022-03-24 14:49:00,CG
46.57,46.57,46.53,46.53,1400,2022-03-24 14:50:00,CG
46.51,46.54,46.495,46.54,2890,2022-03-24 14:51:00,CG
46.55,46.59,46.55,46.5749,1840,2022-03-24 14:52:00,CG
46.565,46.565,46.54,46.54,1000,2022-03-24 14:53:00,CG
46.52,46.55,46.52,46.55,1200,2022-03-24 14:54:00,CG
46.5691,46.5691,46.55,46.55,400,2022-03-24 14:55:00,CG
46.55,46.59,46.55,46.59,2595,2022-03-24 14:56:00,CG
46.57,46.65,46.57,46.595,1516,2022-03-24 14:57:00,CG
46.57,46.59,46.5531,46.59,1935,2022-03-24 14:58:00,CG
46.61,46.65,46.61,46.65,1009,2022-03-24 14:59:00,CG
46.63,46.64,46.61,46.63,2420,2022-03-24 15:00:00,CG
46.6225,46.82,46.6225,46.67,3190,2022-03-24 15:01:00,CG
46.61,46.65,46.6,46.65,1596,2022-03-24 15:02:00,CG
46.64,46.64,46.64,46.64,300,2022-03-24 15:03:00,CG
46.61,46.63,46.595,46.63,1700,2022-03-24 15:04:00,CG
46.65,46.6954,46.65,46.6954,1757,2022-03-24 15:05:00,CG
46.72,46.73,46.72,46.73,200,2022-03-24 15:06:00,CG
46.7001,46.7001,46.7001,46.7001,125,2022-03-24 15:07:00,CG
46.69,46.7,46.6205,46.6205,1292,2022-03-24 15:08:00,CG
46.63,46.64,46.62,46.625,612,2022-03-24 15:09:00,CG
46.575,46.6,46.575,46.6,800,2022-03-24 15:10:00,CG
46.62,46.62,46.62,46.62,450,2022-03-24 15:11:00,CG
46.62,46.66,46.62,46.64,900,2022-03-24 15:12:00,CG
46.64,46.66,46.64,46.66,600,2022-03-24 15:13:00,CG
46.68,46.69,46.67,46.67,548,2022-03-24 15:14:00,CG
46.6781,46.6781,46.6781,46.6781,100,2022-03-24 15:15:00,CG
46.67,46.67,46.61,46.62,1056,2022-03-24 15:16:00,CG
46.63,46.63,46.63,46.63,738,2022-03-24 15:17:00,CG
46.625,46.64,46.625,46.64,871,2022-03-24 15:19:00,CG
46.65,46.65,46.65,46.65,300,2022-03-24 15:20:00,CG
46.63,46.63,46.5838,46.5838,550,2022-03-24 15:21:00,CG
46.585,46.59,46.57,46.59,1429,2022-03-24 15:22:00,CG
46.6,46.62,46.59,46.62,2539,2022-03-24 15:23:00,CG
46.62,46.63,46.62,46.63,600,2022-03-24 15:24:00,CG
46.65,46.71,46.63,46.71,2000,2022-03-24 15:25:00,CG
46.74,46.745,46.74,46.745,1084,2022-03-24 15:27:00,CG
46.77,46.77,46.77,46.77,100,2022-03-24 15:29:00,CG
46.78,46.84,46.78,46.84,3166,2022-03-24 15:30:00,CG
46.85,46.89,46.85,46.88,900,2022-03-24 15:31:00,CG
46.89,46.89,46.89,46.89,100,2022-03-24 15:32:00,CG
46.875,46.89,46.85,46.89,2673,2022-03-24 15:33:00,CG
46.86,46.86,46.85,46.85,300,2022-03-24 15:34:00,CG
46.84,46.84,46.84,46.84,269,2022-03-24 15:35:00,CG
46.785,46.83,46.785,46.83,2445,2022-03-24 15:36:00,CG
46.83,46.8689,46.82,46.8689,2000,2022-03-24 15:37:00,CG
46.88,46.89,46.86,46.89,1131,2022-03-24 15:38:00,CG
46.87,46.87,46.87,46.87,100,2022-03-24 15:39:00,CG
46.88,46.9,46.88,46.89,650,2022-03-24 15:40:00,CG
46.91,46.98,46.91,46.95,1725,2022-03-24 15:41:00,CG
46.96,47.01,46.96,47.01,936,2022-03-24 15:42:00,CG
46.97,46.97,46.97,46.97,100,2022-03-24 15:43:00,CG
46.96,46.97,46.955,46.97,700,2022-03-24 15:44:00,CG
46.96,46.9698,46.96,46.9698,708,2022-03-24 15:45:00,CG
46.965,47.0,46.96,47.0,2844,2022-03-24 15:46:00,CG
46.98,47.0,46.98,47.0,300,2022-03-24 15:47:00,CG
47.02,47.02,47.0,47.0,200,2022-03-24 15:48:00,CG
47.0,47.0196,46.91,46.91,3041,2022-03-24 15:49:00,CG
46.855,46.855,46.82,46.82,200,2022-03-24 15:50:00,CG
46.85,46.85,46.85,46.85,900,2022-03-24 15:53:00,CG
46.85,46.85,46.835,46.835,300,2022-03-24 15:54:00,CG
46.87,46.9,46.87,46.9,1468,2022-03-24 15:55:00,CG
46.9188,46.9188,46.89,46.89,305,2022-03-24 15:56:00,CG
46.9092,46.9092,46.89,46.89,1100,2022-03-24 15:57:00,CG
46.875,46.9048,46.875,46.8992,700,2022-03-24 15:59:00,CG
46.865,46.865,46.84,46.84,300,2022-03-24 16:00:00,CG
46.85,46.87,46.85,46.87,1012,2022-03-24 16:01:00,CG
46.85,46.85,46.825,46.825,1379,2022-03-24 16:02:00,CG
46.825,46.825,46.81,46.82,924,2022-03-24 16:03:00,CG
46.815,46.815,46.815,46.815,200,2022-03-24 16:04:00,CG
46.83,46.86,46.83,46.86,500,2022-03-24 16:05:00,CG
46.86,46.88,46.85,46.87,1738,2022-03-24 16:06:00,CG
46.8452,46.85,46.84,46.85,500,2022-03-24 16:07:00,CG
46.82,46.82,46.805,46.805,695,2022-03-24 16:10:00,CG
46.7915,46.7915,46.782,46.782,650,2022-03-24 16:11:00,CG
46.78,46.78,46.78,46.78,200,2022-03-24 16:12:00,CG
46.74,46.745,46.74,46.745,200,2022-03-24 16:13:00,CG
46.77,46.77,46.75,46.75,1421,2022-03-24 16:14:00,CG
46.72,46.72,46.71,46.71,1400,2022-03-24 16:15:00,CG
46.72,46.72,46.65,46.6735,1829,2022-03-24 16:16:00,CG
46.66,46.715,46.64,46.715,3416,2022-03-24 16:18:00,CG
46.7118,46.73,46.7118,46.73,303,2022-03-24 16:19:00,CG
46.76,46.76,46.76,46.76,150,2022-03-24 16:20:00,CG
46.8,46.815,46.8,46.815,500,2022-03-24 16:21:00,CG
46.88,46.88,46.88,46.88,199,2022-03-24 16:22:00,CG
46.8697,46.8784,46.85,46.85,1301,2022-03-24 16:24:00,CG
46.85,46.85,46.835,46.835,368,2022-03-24 16:25:00,CG
46.835,46.835,46.82,46.829,824,2022-03-24 16:26:00,CG
46.78,46.78,46.78,46.78,300,2022-03-24 16:27:00,CG
46.75,46.76,46.75,46.76,300,2022-03-24 16:28:00,CG
46.76,46.79,46.76,46.78,2434,2022-03-24 16:30:00,CG
46.78,46.78,46.78,46.78,100,2022-03-24 16:31:00,CG
46.76,46.76,46.75,46.75,400,2022-03-24 16:32:00,CG
46.75,46.8,46.75,46.7603,2000,2022-03-24 16:33:00,CG
46.73,46.73,46.725,46.725,550,2022-03-24 16:34:00,CG
46.74,46.745,46.74,46.745,849,2022-03-24 16:35:00,CG
46.745,46.76,46.72,46.75,1432,2022-03-24 16:36:00,CG
46.77,46.8,46.77,46.7952,610,2022-03-24 16:37:00,CG
46.82,46.84,46.81,46.84,1212,2022-03-24 16:39:00,CG
46.79,46.79,46.76,46.76,200,2022-03-24 16:40:00,CG
46.78,46.78,46.7641,46.7641,200,2022-03-24 16:41:00,CG
46.77,46.77,46.77,46.77,100,2022-03-24 16:42:00,CG
46.8,46.8,46.8,46.8,100,2022-03-24 16:43:00,CG
46.79,46.79,46.78,46.78,1942,2022-03-24 16:44:00,CG
46.78,46.7898,46.78,46.7898,300,2022-03-24 16:45:00,CG
46.77,46.8,46.77,46.795,1504,2022-03-24 16:46:00,CG
46.758,46.758,46.758,46.758,100,2022-03-24 16:49:00,CG
46.79,46.79,46.79,46.79,200,2022-03-24 16:50:00,CG
46.79,46.79,46.77,46.78,1466,2022-03-24 16:52:00,CG
46.785,46.79,46.77,46.77,1150,2022-03-24 16:53:00,CG
46.76,46.77,46.74,46.74,2273,2022-03-24 16:54:00,CG
46.745,46.745,46.745,46.745,250,2022-03-24 16:55:00,CG
46.745,46.76,46.73,46.7597,1450,2022-03-24 16:56:00,CG
46.745,46.7523,46.73,46.7523,750,2022-03-24 16:57:00,CG
46.745,46.745,46.66,46.66,1889,2022-03-24 16:58:00,CG
46.69,46.6965,46.69,46.6965,1281,2022-03-24 16:59:00,CG
46.6958,46.75,46.69,46.75,2584,2022-03-24 17:00:00,CG
46.77,46.79,46.77,46.79,1131,2022-03-24 17:01:00,CG
46.785,46.785,46.785,46.785,100,2022-03-24 17:02:00,CG
46.75,46.77,46.75,46.75,700,2022-03-24 17:03:00,CG
46.74,46.74,46.72,46.725,900,2022-03-24 17:04:00,CG
46.72,46.72,46.72,46.72,200,2022-03-24 17:05:00,CG
46.75,46.77,46.74,46.75,900,2022-03-24 17:06:00,CG
46.755,46.765,46.755,46.765,610,2022-03-24 17:07:00,CG
46.765,46.765,46.72,46.72,600,2022-03-24 17:08:00,CG
46.75,46.75,46.73,46.745,412,2022-03-24 17:09:00,CG
46.7345,46.7345,46.7345,46.7345,184,2022-03-24 17:10:00,CG
46.7305,46.7305,46.7305,46.7305,160,2022-03-24 17:11:00,CG
46.76,46.76,46.7,46.7,2568,2022-03-24 17:12:00,CG
46.72,46.72,46.7,46.7,21367,2022-03-24 17:13:00,CG
46.7,46.73,46.68,46.725,1735,2022-03-24 17:14:00,CG
46.74,46.76,46.73,46.75,1418,2022-03-24 17:15:00,CG
46.75,46.75,46.68,46.68,2100,2022-03-24 17:16:00,CG
46.7,46.7,46.7,46.7,100,2022-03-24 17:17:00,CG
46.655,46.655,46.655,46.655,100,2022-03-24 17:18:00,CG
46.695,46.695,46.695,46.695,200,2022-03-24 17:19:00,CG
46.7,46.7,46.68,46.694,908,2022-03-24 17:20:00,CG
46.6811,46.69,46.67,46.69,1200,2022-03-24 17:21:00,CG
46.685,46.695,46.63,46.63,1403,2022-03-24 17:22:00,CG
46.62,46.62,46.6,46.6,1223,2022-03-24 17:23:00,CG
46.61,46.61,46.59,46.59,617,2022-03-24 17:24:00,CG
46.5873,46.63,46.5873,46.61,1349,2022-03-24 17:25:00,CG
46.64,46.64,46.64,46.64,100,2022-03-24 17:26:00,CG
46.64,46.645,46.64,46.645,1200,2022-03-24 17:27:00,CG
46.64,46.64,46.64,46.64,100,2022-03-24 17:29:00,CG
46.65,46.65,46.65,46.65,100,2022-03-24 17:30:00,CG
46.65,46.65,46.65,46.65,400,2022-03-24 17:31:00,CG
46.65,46.65,46.61,46.61,1489,2022-03-24 17:32:00,CG
46.5966,46.5966,46.57,46.57,320,2022-03-24 17:33:00,CG
46.57,46.57,46.57,46.57,100,2022-03-24 17:34:00,CG
46.54,46.54,46.5,46.54,300,2022-03-24 17:35:00,CG
46.56,46.59,46.56,46.59,3716,2022-03-24 17:36:00,CG
46.6,46.61,46.6,46.61,400,2022-03-24 17:37:00,CG
46.595,46.595,46.595,46.595,485,2022-03-24 17:38:00,CG
46.61,46.62,46.61,46.62,412,2022-03-24 17:39:00,CG
46.63,46.63,46.63,46.63,542,2022-03-24 17:40:00,CG
46.625,46.63,46.605,46.63,2158,2022-03-24 17:41:00,CG
46.6,46.62,46.59,46.62,1903,2022-03-24 17:42:00,CG
46.64,46.645,46.635,46.64,1100,2022-03-24 17:43:00,CG
46.655,46.66,46.61,46.61,1725,2022-03-24 17:44:00,CG
46.635,46.635,46.635,46.635,100,2022-03-24 17:47:00,CG
46.65,46.69,46.65,46.69,1614,2022-03-24 17:48:00,CG
46.685,46.69,46.67,46.69,876,2022-03-24 17:50:00,CG
46.691,46.691,46.685,46.685,784,2022-03-24 17:52:00,CG
46.685,46.685,46.685,46.685,100,2022-03-24 17:53:00,CG
46.67,46.67,46.66,46.66,1114,2022-03-24 17:54:00,CG
46.62,46.62,46.62,46.62,100,2022-03-24 17:55:00,CG
46.63,46.66,46.63,46.645,2090,2022-03-24 17:56:00,CG
46.645,46.645,46.645,46.645,400,2022-03-24 17:57:00,CG
46.645,46.645,46.62,46.62,700,2022-03-24 18:00:00,CG
46.635,46.72,46.635,46.72,2310,2022-03-24 18:02:00,CG
46.72,46.72,46.72,46.72,200,2022-03-24 18:03:00,CG
46.73,46.77,46.73,46.77,353,2022-03-24 18:04:00,CG
46.73,46.73,46.7,46.7,800,2022-03-24 18:05:00,CG
46.68,46.7,46.68,46.7,399,2022-03-24 18:06:00,CG
46.66,46.66,46.62,46.62,1196,2022-03-24 18:08:00,CG
46.57,46.57,46.51,46.53,1467,2022-03-24 18:10:00,CG
46.52,46.52,46.52,46.52,578,2022-03-24 18:11:00,CG
46.53,46.53,46.53,46.53,1000,2022-03-24 18:12:00,CG
46.53,46.53,46.52,46.52,200,2022-03-24 18:13:00,CG
46.54,46.6,46.54,46.5884,3989,2022-03-24 18:14:00,CG
46.5773,46.61,46.5773,46.605,1037,2022-03-24 18:15:00,CG
46.56,46.56,46.48,46.48,2224,2022-03-24 18:16:00,CG
46.49,46.495,46.49,46.495,300,2022-03-24 18:17:00,CG
46.48,46.48,46.45,46.46,737,2022-03-24 18:18:00,CG
46.44,46.44,46.42,46.43,2680,2022-03-24 18:19:00,CG
46.39,46.455,46.39,46.455,3912,2022-03-24 18:20:00,CG
46.44,46.44,46.39,46.39,1775,2022-03-24 18:21:00,CG
46.405,46.405,46.31,46.38,5364,2022-03-24 18:23:00,CG
46.4,46.43,46.4,46.42,800,2022-03-24 18:24:00,CG
46.42,46.43,46.3956,46.43,2200,2022-03-24 18:25:00,CG
46.43,46.43,46.41,46.41,800,2022-03-24 18:26:00,CG
46.42,46.43,46.42,46.42,1000,2022-03-24 18:27:00,CG
46.43,46.43,46.43,46.43,400,2022-03-24 18:28:00,CG
46.4266,46.44,46.41,46.44,1838,2022-03-24 18:29:00,CG
46.45,46.472,46.45,46.472,1725,2022-03-24 18:30:00,CG
46.43,46.43,46.43,46.43,100,2022-03-24 18:31:00,CG
46.42,46.44,46.42,46.44,1511,2022-03-24 18:32:00,CG
46.41,46.42,46.393,46.42,900,2022-03-24 18:34:00,CG
46.365,46.365,46.365,46.365,100,2022-03-24 18:36:00,CG
46.3797,46.3797,46.31,46.33,2690,2022-03-24 18:37:00,CG
46.35,46.37,46.345,46.37,2785,2022-03-24 18:38:00,CG
46.38,46.39,46.37,46.39,1104,2022-03-24 18:39:00,CG
46.38,46.38,46.38,46.38,500,2022-03-24 18:40:00,CG
46.38,46.38,46.37,46.37,400,2022-03-24 18:41:00,CG
46.3653,46.3896,46.3653,46.3896,811,2022-03-24 18:42:00,CG
46.363,46.363,46.363,46.363,200,2022-03-24 18:43:00,CG
46.37,46.38,46.37,46.38,1152,2022-03-24 18:44:00,CG
46.37,46.37,46.315,46.315,1310,2022-03-24 18:45:00,CG
46.33,46.36,46.33,46.36,1682,2022-03-24 18:46:00,CG
46.37,46.39,46.37,46.3896,500,2022-03-24 18:47:00,CG
46.37,46.37,46.33,46.37,1924,2022-03-24 18:48:00,CG
46.3788,46.3788,46.3788,46.3788,200,2022-03-24 18:49:00,CG
46.35,46.39,46.35,46.39,865,2022-03-24 18:50:00,CG
46.4,46.43,46.3996,46.41,3655,2022-03-24 18:51:00,CG
46.41,46.41,46.39,46.4,964,2022-03-24 18:52:00,CG
46.39,46.41,46.37,46.37,2594,2022-03-24 18:53:00,CG
46.36,46.36,46.349,46.35,2300,2022-03-24 18:54:00,CG
46.35,46.38,46.35,46.38,530,2022-03-24 18:55:00,CG
46.35,46.35,46.326,46.326,2126,2022-03-24 18:56:00,CG
46.34,46.35,46.34,46.35,1700,2022-03-24 18:57:00,CG
46.355,46.3566,46.341,46.341,1242,2022-03-24 18:58:00,CG
46.34,46.34,46.34,46.34,131,2022-03-24 18:59:00,CG
46.31,46.31,46.28,46.28,1107,2022-03-24 19:01:00,CG
46.24,46.25,46.22,46.24,4904,2022-03-24 19:02:00,CG
46.23,46.23,46.224,46.225,669,2022-03-24 19:03:00,CG
46.2,46.2,46.2,46.2,100,2022-03-24 19:04:00,CG
46.22,46.23,46.17,46.22,4342,2022-03-24 19:05:00,CG
46.19,46.24,46.19,46.24,1201,2022-03-24 19:06:00,CG
46.25,46.32,46.25,46.32,3365,2022-03-24 19:07:00,CG
46.32,46.32,46.32,46.32,100,2022-03-24 19:08:00,CG
46.3039,46.34,46.29,46.29,2180,2022-03-24 19:09:00,CG
46.29,46.32,46.29,46.32,2165,2022-03-24 19:10:00,CG
46.31,46.31,46.28,46.28,1324,2022-03-24 19:11:00,CG
46.295,46.31,46.295,46.3,1400,2022-03-24 19:12:00,CG
46.3,46.3,46.27,46.27,2456,2022-03-24 19:13:00,CG
46.26,46.27,46.26,46.27,300,2022-03-24 19:14:00,CG
46.25,46.26,46.24,46.25,2951,2022-03-24 19:15:00,CG
46.26,46.28,46.26,46.28,1820,2022-03-24 19:16:00,CG
46.29,46.3,46.26,46.275,3192,2022-03-24 19:17:00,CG
46.2772,46.2772,46.23,46.26,3084,2022-03-24 19:18:00,CG
46.27,46.28,46.27,46.28,1178,2022-03-24 19:19:00,CG
46.275,46.3,46.26,46.3,800,2022-03-24 19:20:00,CG
46.31,46.32,46.29,46.32,1750,2022-03-24 19:21:00,CG
46.31,46.32,46.3,46.3,1741,2022-03-24 19:22:00,CG
46.32,46.32,46.315,46.315,300,2022-03-24 19:23:00,CG
46.33,46.36,46.33,46.33,2655,2022-03-24 19:25:00,CG
46.3287,46.35,46.3206,46.35,1719,2022-03-24 19:26:00,CG
46.35,46.35,46.3,46.3,1800,2022-03-24 19:27:00,CG
46.31,46.33,46.29,46.3,4493,2022-03-24 19:28:00,CG
46.31,46.33,46.31,46.325,2022,2022-03-24 19:29:00,CG
46.33,46.33,46.31,46.31,600,2022-03-24 19:30:00,CG
46.314,46.35,46.31,46.35,2600,2022-03-24 19:31:00,CG
46.33,46.33,46.3,46.31,1673,2022-03-24 19:32:00,CG
46.33,46.38,46.33,46.38,4925,2022-03-24 19:33:00,CG
46.385,46.42,46.385,46.42,500,2022-03-24 19:34:00,CG
46.41,46.42,46.41,46.42,350,2022-03-24 19:35:00,CG
46.41,46.42,46.39,46.39,3889,2022-03-24 19:36:00,CG
46.4096,46.4096,46.39,46.39,785,2022-03-24 19:37:00,CG
46.395,46.395,46.39,46.39,1003,2022-03-24 19:38:00,CG
46.4,46.44,46.3999,46.44,5059,2022-03-24 19:39:00,CG
46.45,46.51,46.4301,46.51,22009,2022-03-24 19:40:00,CG
46.51,46.51,46.465,46.47,5627,2022-03-24 19:41:00,CG
46.46,46.46,46.44,46.4515,3791,2022-03-24 19:42:00,CG
46.46,46.46,46.46,46.46,100,2022-03-24 19:43:00,CG
46.455,46.49,46.455,46.49,1400,2022-03-24 19:44:00,CG
46.49,46.51,46.4898,46.51,2020,2022-03-24 19:45:00,CG
46.51,46.58,46.51,46.55,13890,2022-03-24 19:46:00,CG
46.57,46.57,46.53,46.54,2543,2022-03-24 19:47:00,CG
46.5474,46.5474,46.52,46.53,2021,2022-03-24 19:48:00,CG
46.5474,46.5474,46.52,46.536,1401,2022-03-24 19:49:00,CG
46.54,46.55,46.46,46.54,12457,2022-03-24 19:50:00,CG
46.53,46.58,46.52,46.58,5668,2022-03-24 19:51:00,CG
46.56,46.61,46.55,46.61,7529,2022-03-24 19:52:00,CG
46.6,46.61,46.58,46.61,7336,2022-03-24 19:53:00,CG
46.61,46.62,46.57,46.589,6250,2022-03-24 19:54:00,CG
46.58,46.58,46.55,46.58,5482,2022-03-24 19:55:00,CG
46.58,46.585,46.57,46.58,6413,2022-03-24 19:56:00,CG
46.57,46.595,46.57,46.58,10521,2022-03-24 19:57:00,CG
46.59,46.6,46.57,46.59,13483,2022-03-24 19:58:00,CG
46.585,46.62,46.56,46.61,28037,2022-03-24 19:59:00,CG
46.6,46.6,46.6,46.6,322416,2022-03-24 20:00:00,CG
46.6,46.6,46.6,46.6,1133,2022-03-24 20:01:00,CG
46.6,46.6,46.6,46.6,122885,2022-03-24 20:02:00,CG
46.6,46.6,46.6,46.6,11791,2022-03-24 20:07:00,CG
46.67,46.67,46.67,46.67,100,2022-03-24 22:11:00,CG
46.61,46.61,46.61,46.61,100,2022-03-24 23:39:00,CG
46.96,46.96,46.96,46.96,270,2022-03-25 13:27:00,CG
46.74,46.96,46.74,46.94,15794,2022-03-25 13:30:00,CG
46.8375,46.8375,46.8,46.8201,700,2022-03-25 13:31:00,CG
46.91,46.96,46.83,46.83,500,2022-03-25 13:32:00,CG
46.83,46.83,46.8,46.8,266,2022-03-25 13:33:00,CG
46.71,46.8,46.68,46.8,1260,2022-03-25 13:35:00,CG
46.74,46.74,46.74,46.74,100,2022-03-25 13:37:00,CG
46.71,46.71,46.71,46.71,119,2022-03-25 13:38:00,CG
46.65,46.67,46.55,46.61,3795,2022-03-25 13:39:00,CG
46.64,46.67,46.64,46.665,600,2022-03-25 13:40:00,CG
46.71,46.72,46.6,46.6,3800,2022-03-25 13:41:00,CG
46.58,46.58,46.57,46.57,254,2022-03-25 13:42:00,CG
46.52,46.52,46.51,46.52,381,2022-03-25 13:43:00,CG
46.5,46.5,46.5,46.5,100,2022-03-25 13:44:00,CG
46.49,46.58,46.49,46.58,1350,2022-03-25 13:45:00,CG
46.6,46.61,46.6,46.6,1283,2022-03-25 13:46:00,CG
46.65,46.65,46.65,46.65,100,2022-03-25 13:47:00,CG
46.64,46.65,46.64,46.65,300,2022-03-25 13:48:00,CG
46.64,46.64,46.45,46.47,3849,2022-03-25 13:49:00,CG
46.48,46.535,46.48,46.535,1000,2022-03-25 13:50:00,CG
46.55,46.55,46.55,46.55,670,2022-03-25 13:51:00,CG
46.525,46.525,46.525,46.525,156,2022-03-25 13:52:00,CG
46.525,46.525,46.525,46.525,200,2022-03-25 13:53:00,CG
46.47,46.48,46.46,46.46,726,2022-03-25 13:55:00,CG
46.46,46.46,46.44,46.44,200,2022-03-25 13:56:00,CG
46.41,46.46,46.39,46.43,1610,2022-03-25 13:57:00,CG
46.3925,46.3925,46.3925,46.3925,200,2022-03-25 13:58:00,CG
46.43,46.48,46.43,46.4684,2200,2022-03-25 13:59:00,CG
46.55,46.55,46.4401,46.4891,1452,2022-03-25 14:00:00,CG
46.47,46.47,46.462,46.462,868,2022-03-25 14:01:00,CG
46.39,46.43,46.36,46.36,1100,2022-03-25 14:02:00,CG
46.375,46.375,46.34,46.37,900,2022-03-25 14:03:00,CG
46.36,46.53,46.36,46.53,10942,2022-03-25 14:04:00,CG
46.53,46.53,46.45,46.45,623,2022-03-25 14:05:00,CG
46.5,46.51,46.47,46.47,900,2022-03-25 14:06:00,CG
46.425,46.5182,46.425,46.5182,975,2022-03-25 14:08:00,CG
46.59,46.59,46.5101,46.545,1700,2022-03-25 14:09:00,CG
46.52,46.56,46.51,46.56,1676,2022-03-25 14:10:00,CG
46.5,46.53,46.5,46.53,300,2022-03-25 14:11:00,CG
46.51,46.51,46.51,46.51,600,2022-03-25 14:12:00,CG
46.47,46.51,46.47,46.51,700,2022-03-25 14:13:00,CG
46.5,46.54,46.5,46.53,1000,2022-03-25 14:14:00,CG
46.56,46.56,46.5,46.56,700,2022-03-25 14:15:00,CG
46.5,46.519,46.5,46.519,1464,2022-03-25 14:16:00,CG
46.5,46.5,46.41,46.42,21452,2022-03-25 14:17:00,CG
46.44,46.4599,46.44,46.4599,1907,2022-03-25 14:19:00,CG
46.47,46.47,46.47,46.47,202,2022-03-25 14:20:00,CG
46.46,46.53,46.46,46.5,1000,2022-03-25 14:21:00,CG
46.51,46.51,46.51,46.51,100,2022-03-25 14:22:00,CG
46.5,46.5,46.47,46.47,400,2022-03-25 14:23:00,CG
46.58,46.59,46.53,46.53,900,2022-03-25 14:25:00,CG
46.53,46.5811,46.53,46.5811,200,2022-03-25 14:26:00,CG
46.56,46.64,46.5401,46.64,2607,2022-03-25 14:27:00,CG
46.631,46.6479,46.58,46.59,715,2022-03-25 14:28:00,CG
46.59,46.6,46.59,46.6,400,2022-03-25 14:29:00,CG
46.62,46.63,46.6,46.63,700,2022-03-25 14:30:00,CG
46.66,46.68,46.66,46.68,200,2022-03-25 14:31:00,CG
46.66,46.67,46.66,46.67,200,2022-03-25 14:32:00,CG
46.66,46.675,46.64,46.64,400,2022-03-25 14:33:00,CG
46.69,46.7193,46.69,46.7193,450,2022-03-25 14:35:00,CG
46.79,46.81,46.79,46.81,1501,2022-03-25 14:36:00,CG
46.77,46.77,46.77,46.77,100,2022-03-25 14:37:00,CG
46.7608,46.7608,46.76,46.76,582,2022-03-25 14:38:00,CG
46.75,46.75,46.68,46.68,914,2022-03-25 14:39:00,CG
46.65,46.67,46.645,46.67,697,2022-03-25 14:40:00,CG
46.68,46.71,46.68,46.71,200,2022-03-25 14:41:00,CG
46.74,46.74,46.73,46.74,550,2022-03-25 14:42:00,CG
46.74,46.7498,46.71,46.72,4748,2022-03-25 14:43:00,CG
46.7,46.72,46.7,46.72,600,2022-03-25 14:45:00,CG
46.74,46.745,46.71,46.71,1116,2022-03-25 14:46:00,CG
46.76,46.76,46.76,46.76,200,2022-03-25 14:47:00,CG
46.76,46.79,46.74,46.75,1122,2022-03-25 14:49:00,CG
46.76,46.76,46.76,46.76,100,2022-03-25 14:50:00,CG
46.74,46.77,46.74,46.77,625,2022-03-25 14:51:00,CG
46.76,46.76,46.71,46.71,1038,2022-03-25 14:53:00,CG
46.69,46.69,46.6667,46.69,850,2022-03-25 14:54:00,CG
46.71,46.72,46.69,46.69,700,2022-03-25 14:55:00,CG
46.6835,46.6838,46.68,46.68,1050,2022-03-25 14:56:00,CG
46.72,46.72,46.72,46.72,100,2022-03-25 14:57:00,CG
46.74,46.75,46.74,46.75,200,2022-03-25 14:58:00,CG
46.7494,46.7494,46.73,46.73,754,2022-03-25 15:00:00,CG
46.71,46.72,46.68,46.68,6418,2022-03-25 15:01:00,CG
46.7,46.7113,46.7,46.7113,400,2022-03-25 15:02:00,CG
46.72,46.74,46.72,46.74,300,2022-03-25 15:03:00,CG
46.73,46.73,46.73,46.73,200,2022-03-25 15:04:00,CG
46.735,46.735,46.7,46.7,800,2022-03-25 15:05:00,CG
46.7,46.71,46.7,46.71,1302,2022-03-25 15:06:00,CG
46.7,46.7,46.7,46.7,100,2022-03-25 15:07:00,CG
46.7,46.7,46.64,46.64,3853,2022-03-25 15:08:00,CG
46.64,46.64,46.59,46.61,4229,2022-03-25 15:09:00,CG
46.6,46.6099,46.58,46.6099,2170,2022-03-25 15:10:00,CG
46.61,46.62,46.59,46.6046,1672,2022-03-25 15:11:00,CG
46.605,46.605,46.59,46.59,2500,2022-03-25 15:12:00,CG
46.59,46.62,46.59,46.62,1915,2022-03-25 15:13:00,CG
46.62,46.66,46.61,46.66,7562,2022-03-25 15:14:00,CG
46.69,46.71,46.65,46.7,9344,2022-03-25 15:15:00,CG
46.712,46.72,46.69,46.72,1801,2022-03-25 15:16:00,CG
46.74,46.76,46.71,46.76,998,2022-03-25 15:17:00,CG
46.7795,46.7795,46.75,46.75,1051,2022-03-25 15:18:00,CG
46.74,46.74,46.7,46.7,1528,2022-03-25 15:19:00,CG
46.7,46.7,46.68,46.69,3191,2022-03-25 15:20:00,CG
46.68,46.695,46.64,46.64,1700,2022-03-25 15:21:00,CG
46.65,46.675,46.65,46.675,1725,2022-03-25 15:22:00,CG
46.66,46.66,46.6401,46.6401,1188,2022-03-25 15:23:00,CG
46.68,46.68,46.63,46.63,1630,2022-03-25 15:24:00,CG
46.64,46.64,46.6,46.61,1985,2022-03-25 15:25:00,CG
46.61,46.61,46.56,46.56,2220,2022-03-25 15:26:00,CG
46.52,46.53,46.47,46.48,2499,2022-03-25 15:27:00,CG
46.5,46.5,46.41,46.4516,5800,2022-03-25 15:28:00,CG
46.49,46.56,46.49,46.55,2970,2022-03-25 15:29:00,CG
46.53,46.57,46.52,46.57,1510,2022-03-25 15:30:00,CG
46.5995,46.63,46.575,46.58,5967,2022-03-25 15:31:00,CG
46.565,46.59,46.565,46.59,1297,2022-03-25 15:32:00,CG
46.61,46.65,46.61,46.65,1564,2022-03-25 15:33:00,CG
46.62,46.66,46.59,46.66,6032,2022-03-25 15:34:00,CG
46.69,46.69,46.65,46.67,1400,2022-03-25 15:35:00,CG
46.65,46.67,46.59,46.67,4039,2022-03-25 15:36:00,CG
46.69,46.72,46.65,46.665,3004,2022-03-25 15:37:00,CG
46.64,46.64,46.62,46.63,1609,2022-03-25 15:38:00,CG
46.65,46.66,46.65,46.655,3080,2022-03-25 15:39:00,CG
46.64,46.67,46.64,46.66,1287,2022-03-25 15:40:00,CG
46.68,46.71,46.68,46.71,800,2022-03-25 15:41:00,CG
46.75,46.75,46.7,46.7,1227,2022-03-25 15:42:00,CG
46.72,46.72,46.72,46.72,200,2022-03-25 15:43:00,CG
46.7,46.71,46.68,46.7,2074,2022-03-25 15:45:00,CG
46.66,46.665,46.65,46.665,567,2022-03-25 15:46:00,CG
46.6303,46.67,46.6303,46.67,979,2022-03-25 15:47:00,CG
46.66,46.68,46.65,46.68,1330,2022-03-25 15:48:00,CG
46.641,46.641,46.61,46.63,4222,2022-03-25 15:49:00,CG
46.62,46.67,46.61,46.67,1739,2022-03-25 15:50:00,CG
46.64,46.65,46.61,46.62,3700,2022-03-25 15:51:00,CG
46.65,46.71,46.65,46.71,400,2022-03-25 15:52:00,CG
46.73,46.73,46.73,46.73,100,2022-03-25 15:53:00,CG
46.7,46.7,46.62,46.65,2254,2022-03-25 15:54:00,CG
46.625,46.65,46.61,46.61,1175,2022-03-25 15:55:00,CG
46.62,46.62,46.6,46.6,500,2022-03-25 15:56:00,CG
46.6,46.6,46.59,46.5952,1773,2022-03-25 15:57:00,CG
46.61,46.63,46.59,46.61,2140,2022-03-25 15:58:00,CG
46.63,46.6756,46.63,46.65,603,2022-03-25 15:59:00,CG
46.64,46.64,46.62,46.62,830,2022-03-25 16:00:00,CG
46.6,46.63,46.58,46.63,3700,2022-03-25 16:01:00,CG
46.63,46.67,46.6066,46.6066,1108,2022-03-25 16:02:00,CG
46.6,46.62,46.6,46.62,200,2022-03-25 16:03:00,CG
46.625,46.625,46.61,46.61,1009,2022-03-25 16:04:00,CG
46.62,46.64,46.62,46.64,1182,2022-03-25 16:05:00,CG
46.645,46.645,46.63,46.64,1834,2022-03-25 16:06:00,CG
46.624,46.68,46.624,46.68,1406,2022-03-25 16:08:00,CG
46.6896,46.7,46.66,46.67,900,2022-03-25 16:09:00,CG
46.67,46.67,46.66,46.66,533,2022-03-25 16:10:00,CG
46.67,46.7,46.67,46.7,400,2022-03-25 16:11:00,CG
46.73,46.73,46.705,46.705,200,2022-03-25 16:12:00,CG
46.7,46.7296,46.7,46.7296,403,2022-03-25 16:13:00,CG
46.71,46.71,46.68,46.69,700,2022-03-25 16:15:00,CG
46.68,46.68,46.68,46.68,100,2022-03-25 16:16:00,CG
46.68,46.69,46.68,46.69,800,2022-03-25 16:17:00,CG
46.71,46.71,46.71,46.71,209,2022-03-25 16:18:00,CG
46.73,46.77,46.71,46.735,2769,2022-03-25 16:19:00,CG
46.71,46.72,46.7,46.7054,930,2022-03-25 16:20:00,CG
46.7,46.72,46.69,46.71,500,2022-03-25 16:21:00,CG
46.7,46.7,46.671,46.671,300,2022-03-25 16:22:00,CG
46.6571,46.6571,46.65,46.65,600,2022-03-25 16:23:00,CG
46.63,46.64,46.629,46.629,886,2022-03-25 16:24:00,CG
46.66,46.67,46.61,46.65,1700,2022-03-25 16:25:00,CG
46.63,46.63,46.59,46.6,1936,2022-03-25 16:26:00,CG
46.59,46.6,46.5821,46.5821,700,2022-03-25 16:27:00,CG
46.6,46.6,46.6,46.6,100,2022-03-25 16:28:00,CG
46.6,46.62,46.6,46.62,1249,2022-03-25 16:29:00,CG
46.61,46.61,46.61,46.61,400,2022-03-25 16:30:00,CG
46.6,46.63,46.59,46.63,1104,2022-03-25 16:31:00,CG
46.6,46.6,46.58,46.58,944,2022-03-25 16:32:00,CG
46.595,46.61,46.5576,46.59,1289,2022-03-25 16:33:00,CG
46.5783,46.61,46.5783,46.61,1242,2022-03-25 16:34:00,CG
46.6,46.6,46.58,46.6,720,2022-03-25 16:35:00,CG
46.601,46.601,46.601,46.601,117,2022-03-25 16:36:00,CG
46.6,46.6,46.6,46.6,1206,2022-03-25 16:37:00,CG
46.585,46.59,46.56,46.57,2969,2022-03-25 16:38:00,CG
46.57,46.58,46.56,46.58,684,2022-03-25 16:39:00,CG
46.61,46.61,46.6,46.605,1208,2022-03-25 16:40:00,CG
46.59,46.6,46.59,46.6,930,2022-03-25 16:41:00,CG
46.62,46.62,46.59,46.6,1300,2022-03-25 16:42:00,CG
46.59,46.6,46.59,46.6,408,2022-03-25 16:43:00,CG
46.6,46.63,46.57,46.62,2309,2022-03-25 16:44:00,CG
46.67,46.67,46.67,46.67,100,2022-03-25 16:45:00,CG
46.67,46.69,46.65,46.681,800,2022-03-25 16:46:00,CG
46.69,46.7,46.68,46.7,769,2022-03-25 16:47:00,CG
46.69,46.7,46.66,46.7,753,2022-03-25 16:48:00,CG
46.68,46.68,46.67,46.67,300,2022-03-25 16:49:00,CG
46.7,46.7,46.7,46.7,354,2022-03-25 16:50:00,CG
46.72,46.73,46.69,46.705,2360,2022-03-25 16:51:00,CG
46.69,46.69,46.67,46.67,600,2022-03-25 16:52:00,CG
46.645,46.645,46.59,46.61,3109,2022-03-25 16:53:00,CG
46.65,46.65,46.63,46.63,208,2022-03-25 16:54:00,CG
46.63,46.63,46.6,46.62,700,2022-03-25 16:55:00,CG
46.65,46.67,46.63,46.64,900,2022-03-25 16:56:00,CG
46.61,46.64,46.61,46.63,844,2022-03-25 16:57:00,CG
46.65,46.65,46.65,46.65,200,2022-03-25 16:58:00,CG
46.67,46.68,46.62,46.62,1462,2022-03-25 16:59:00,CG
46.61,46.62,46.61,46.62,300,2022-03-25 17:00:00,CG
46.61,46.61,46.58,46.6,1300,2022-03-25 17:01:00,CG
46.6,46.61,46.59,46.61,1828,2022-03-25 17:02:00,CG
46.62,46.6589,46.62,46.6589,1422,2022-03-25 17:03:00,CG
46.67,46.67,46.64,46.64,831,2022-03-25 17:04:00,CG
46.63,46.64,46.61,46.61,2014,2022-03-25 17:05:00,CG
46.605,46.64,46.6,46.64,1302,2022-03-25 17:06:00,CG
46.64,46.67,46.63,46.645,700,2022-03-25 17:08:00,CG
46.645,46.645,46.63,46.63,886,2022-03-25 17:09:00,CG
46.615,46.615,46.615,46.615,705,2022-03-25 17:10:00,CG
46.61,46.6233,46.6,46.62,1472,2022-03-25 17:11:00,CG
46.61,46.63,46.595,46.63,1101,2022-03-25 17:12:00,CG
46.65,46.65,46.62,46.62,700,2022-03-25 17:13:00,CG
46.601,46.601,46.601,46.601,186,2022-03-25 17:14:00,CG
46.67,46.72,46.65,46.67,6614,2022-03-25 17:15:00,CG
46.67,46.68,46.67,46.68,200,2022-03-25 17:16:00,CG
46.69,46.7,46.69,46.7,710,2022-03-25 17:17:00,CG
46.71,46.8,46.71,46.8,500,2022-03-25 17:18:00,CG
46.795,46.82,46.795,46.82,217,2022-03-25 17:19:00,CG
46.83,46.83,46.83,46.83,431,2022-03-25 17:20:00,CG
46.82,46.83,46.74,46.74,2973,2022-03-25 17:21:00,CG
46.73,46.73,46.7,46.72,1700,2022-03-25 17:23:00,CG
46.7,46.7,46.68,46.68,592,2022-03-25 17:24:00,CG
46.69,46.71,46.68,46.68,1318,2022-03-25 17:25:00,CG
46.66,46.66,46.66,46.66,100,2022-03-25 17:26:00,CG
46.67,46.67,46.64,46.65,1151,2022-03-25 17:27:00,CG
46.63,46.63,46.63,46.63,100,2022-03-25 17:28:00,CG
46.65,46.65,46.63,46.65,1315,2022-03-25 17:29:00,CG
46.64,46.65,46.6,46.6,4397,2022-03-25 17:30:00,CG
46.61,46.61,46.58,46.6,2340,2022-03-25 17:31:00,CG
46.6,46.62,46.6,46.62,600,2022-03-25 17:32:00,CG
46.63,46.65,46.62,46.65,688,2022-03-25 17:33:00,CG
46.63,46.64,46.62,46.64,618,2022-03-25 17:34:00,CG
46.62,46.645,46.62,46.63,2943,2022-03-25 17:35:00,CG
46.63,46.65,46.62,46.65,300,2022-03-25 17:36:00,CG
46.66,46.71,46.66,46.71,1472,2022-03-25 17:37:00,CG
46.69,46.69,46.68,46.685,653,2022-03-25 17:38:00,CG
46.67,46.67,46.65,46.67,1373,2022-03-25 17:40:00,CG
46.68,46.68,46.67,46.67,400,2022-03-25 17:41:00,CG
46.66,46.66,46.64,46.65,1413,2022-03-25 17:42:00,CG
46.63,46.63,46.625,46.625,414,2022-03-25 17:43:00,CG
46.64,46.7,46.64,46.7,1007,2022-03-25 17:44:00,CG
46.71,46.71,46.64,46.655,14059,2022-03-25 17:45:00,CG
46.63,46.63,46.63,46.63,100,2022-03-25 17:46:00,CG
46.6304,46.66,46.61,46.63,82088,2022-03-25 17:47:00,CG
46.635,46.65,46.615,46.64,1166,2022-03-25 17:48:00,CG
46.645,46.66,46.63,46.63,3789,2022-03-25 17:49:00,CG
46.64,46.65,46.61,46.64,21749,2022-03-25 17:50:00,CG
46.61,46.61,46.61,46.61,100,2022-03-25 17:51:00,CG
46.58,46.59,46.57,46.57,627,2022-03-25 17:52:00,CG
46.535,46.535,46.535,46.535,100,2022-03-25 17:53:00,CG
46.511,46.54,46.511,46.5152,300,2022-03-25 17:54:00,CG
46.539,46.539,46.539,46.539,110,2022-03-25 17:55:00,CG
46.53,46.58,46.53,46.58,927,2022-03-25 17:56:00,CG
46.58,46.58,46.555,46.58,518,2022-03-25 17:57:00,CG
46.58,46.64,46.58,46.64,731,2022-03-25 17:58:00,CG
46.64,46.64,46.63,46.63,658,2022-03-25 17:59:00,CG
46.625,46.64,46.61,46.61,1351,2022-03-25 18:00:00,CG
46.62,46.6297,46.62,46.6297,637,2022-03-25 18:02:00,CG
46.63,46.645,46.63,46.645,200,2022-03-25 18:03:00,CG
46.66,46.67,46.62,46.62,1000,2022-03-25 18:04:00,CG
46.6161,46.6161,46.6,46.6,1425,2022-03-25 18:05:00,CG
46.6317,46.6317,46.62,46.62,319,2022-03-25 18:06:00,CG
46.62,46.64,46.62,46.63,2001,2022-03-25 18:07:00,CG
46.63,46.64,46.6198,46.64,699,2022-03-25 18:08:00,CG
46.65,46.67,46.65,46.67,707,2022-03-25 18:09:00,CG
46.68,46.7,46.66,46.67,3012,2022-03-25 18:10:00,CG
46.615,46.63,46.61,46.63,600,2022-03-25 18:11:00,CG
46.59,46.61,46.59,46.61,979,2022-03-25 18:12:00,CG
46.63,46.63,46.63,46.63,100,2022-03-25 18:13:00,CG
46.6,46.6,46.6,46.6,300,2022-03-25 18:14:00,CG
46.59,46.62,46.59,46.62,397,2022-03-25 18:15:00,CG
46.63,46.63,46.625,46.625,322,2022-03-25 18:16:00,CG
46.6066,46.6066,46.6,46.6,816,2022-03-25 18:18:00,CG
46.6051,46.6199,46.6051,46.6199,1124,2022-03-25 18:19:00,CG
46.5996,46.6,46.59,46.6,1314,2022-03-25 18:20:00,CG
46.62,46.63,46.61,46.6157,917,2022-03-25 18:21:00,CG
46.6171,46.62,46.6,46.6,910,2022-03-25 18:22:00,CG
46.62,46.6285,46.62,46.6285,420,2022-03-25 18:23:00,CG
46.6296,46.6296,46.6296,46.6296,135,2022-03-25 18:24:00,CG
46.6,46.6,46.59,46.59,400,2022-03-25 18:25:00,CG
46.63,46.715,46.63,46.715,6119,2022-03-25 18:27:00,CG
46.74,46.74,46.74,46.74,100,2022-03-25 18:28:00,CG
46.75,46.77,46.74,46.755,1050,2022-03-25 18:29:00,CG
46.73,46.73,46.71,46.72,1050,2022-03-25 18:30:00,CG
46.74,46.75,46.7,46.7,1023,2022-03-25 18:31:00,CG
46.66,46.66,46.65,46.66,837,2022-03-25 18:32:00,CG
46.65,46.65,46.621,46.621,800,2022-03-25 18:33:00,CG
46.62,46.66,46.62,46.66,1155,2022-03-25 18:34:00,CG
46.65,46.65,46.57,46.57,5227,2022-03-25 18:35:00,CG
46.59,46.59,46.585,46.585,2006,2022-03-25 18:36:00,CG
46.585,46.59,46.585,46.59,200,2022-03-25 18:37:00,CG
46.59,46.59,46.59,46.59,257,2022-03-25 18:38:00,CG
46.57,46.57,46.55,46.57,502,2022-03-25 18:39:00,CG
46.575,46.5883,46.53,46.531,1565,2022-03-25 18:40:00,CG
46.54,46.55,46.535,46.535,647,2022-03-25 18:41:00,CG
46.535,46.56,46.535,46.55,2731,2022-03-25 18:42:00,CG
46.53,46.53,46.47,46.49,8387,2022-03-25 18:44:00,CG
46.47,46.492,46.47,46.492,599,2022-03-25 18:46:00,CG
46.47,46.47,46.4144,46.42,3145,2022-03-25 18:47:00,CG
46.42,46.445,46.41,46.41,3229,2022-03-25 18:48:00,CG
46.41,46.42,46.41,46.42,500,2022-03-25 18:49:00,CG
46.42,46.44,46.42,46.43,1757,2022-03-25 18:50:00,CG
46.43,46.43,46.4,46.405,1100,2022-03-25 18:51:00,CG
46.39,46.4,46.385,46.39,5769,2022-03-25 18:52:00,CG
46.395,46.4,46.39,46.4,5803,2022-03-25 18:53:00,CG
46.4,46.48,46.4,46.48,3216,2022-03-25 18:54:00,CG
46.48,46.5,46.44,46.44,1100,2022-03-25 18:55:00,CG
46.44,46.51,46.44,46.47,9987,2022-03-25 18:56:00,CG
46.47,46.47,46.43,46.43,3560,2022-03-25 18:57:00,CG
46.41,46.41,46.38,46.38,5133,2022-03-25 18:58:00,CG
46.41,46.41,46.392,46.4,1560,2022-03-25 18:59:00,CG
46.37,46.37,46.31,46.315,2916,2022-03-25 19:00:00,CG
46.3101,46.32,46.31,46.31,2220,2022-03-25 19:01:00,CG
46.32,46.33,46.31,46.31,4824,2022-03-25 19:02:00,CG
46.32,46.33,46.25,46.26,13663,2022-03-25 19:03:00,CG
46.26,46.265,46.26,46.26,400,2022-03-25 19:04:00,CG
46.24,46.255,46.24,46.255,1381,2022-03-25 19:05:00,CG
46.25,46.28,46.25,46.28,2884,2022-03-25 19:06:00,CG
46.285,46.285,46.22,46.22,4450,2022-03-25 19:07:00,CG
46.24,46.25,46.205,46.21,1047,2022-03-25 19:08:00,CG
46.22,46.23,46.18,46.18,1048,2022-03-25 19:09:00,CG
46.2,46.2098,46.2,46.2,683,2022-03-25 19:10:00,CG
46.23,46.25,46.21,46.24,3869,2022-03-25 19:11:00,CG
46.26,46.28,46.25,46.28,1119,2022-03-25 19:12:00,CG
46.27,46.28,46.25,46.27,2577,2022-03-25 19:13:00,CG
46.26,46.32,46.25,46.32,12888,2022-03-25 19:14:00,CG
46.29,46.3,46.24,46.24,2300,2022-03-25 19:15:00,CG
46.26,46.26,46.23,46.255,1500,2022-03-25 19:16:00,CG
46.2417,46.25,46.14,46.24,7929,2022-03-25 19:17:00,CG
46.2301,46.29,46.2301,46.29,1912,2022-03-25 19:18:00,CG
46.29,46.29,46.26,46.26,1300,2022-03-25 19:19:00,CG
46.24,46.24,46.16,46.1694,1900,2022-03-25 19:20:00,CG
46.16,46.165,46.15,46.15,400,2022-03-25 19:21:00,CG
46.155,46.155,46.145,46.15,400,2022-03-25 19:22:00,CG
46.13,46.14,46.1,46.13,2051,2022-03-25 19:23:00,CG
46.13,46.14,46.12,46.12,1064,2022-03-25 19:24:00,CG
46.13,46.14,46.12,46.125,2407,2022-03-25 19:25:00,CG
46.12,46.13,46.12,46.125,600,2022-03-25 19:26:00,CG
46.11,46.16,46.1,46.13,11634,2022-03-25 19:27:00,CG
46.12,46.12,46.08,46.09,1300,2022-03-25 19:28:00,CG
46.08,46.09,46.075,46.09,500,2022-03-25 19:29:00,CG
46.07,46.12,46.05,46.12,2416,2022-03-25 19:30:00,CG
46.1172,46.1172,46.09,46.11,1393,2022-03-25 19:31:00,CG
46.08,46.08,46.04,46.06,6507,2022-03-25 19:32:00,CG
46.09,46.09,46.085,46.0891,1160,2022-03-25 19:33:00,CG
46.07,46.14,46.07,46.14,700,2022-03-25 19:34:00,CG
46.165,46.165,46.11,46.1172,7858,2022-03-25 19:35:00,CG
46.115,46.14,46.115,46.125,1852,2022-03-25 19:36:00,CG
46.14,46.16,46.12,46.12,2132,2022-03-25 19:37:00,CG
46.14,46.17,46.14,46.145,1300,2022-03-25 19:38:00,CG
46.145,46.145,46.13,46.13,2238,2022-03-25 19:39:00,CG
46.13,46.19,46.13,46.19,2500,2022-03-25 19:40:00,CG
46.18,46.18,46.13,46.14,4499,2022-03-25 19:41:00,CG
46.15,46.16,46.12,46.14,8520,2022-03-25 19:42:00,CG
46.14,46.15,46.14,46.15,2925,2022-03-25 19:43:00,CG
46.15,46.15,46.12,46.12,1000,2022-03-25 19:44:00,CG
46.13,46.17,46.11,46.17,4479,2022-03-25 19:45:00,CG
46.17,46.2,46.161,46.2,1700,2022-03-25 19:46:00,CG
46.21,46.21,46.17,46.185,5145,2022-03-25 19:47:00,CG
46.2,46.24,46.2,46.24,2999,2022-03-25 19:48:00,CG
46.2498,46.25,46.23,46.235,2435,2022-03-25 19:49:00,CG
46.24,46.25,46.2,46.2,3151,2022-03-25 19:50:00,CG
46.21,46.24,46.21,46.21,4977,2022-03-25 19:51:00,CG
46.2,46.24,46.2,46.24,3344,2022-03-25 19:52:00,CG
46.22,46.25,46.22,46.23,6221,2022-03-25 19:53:00,CG
46.22,46.25,46.18,46.25,9993,2022-03-25 19:54:00,CG
46.26,46.28,46.24,46.25,5601,2022-03-25 19:55:00,CG
46.25,46.25,46.24,46.245,10859,2022-03-25 19:56:00,CG
46.245,46.28,46.245,46.26,9478,2022-03-25 19:57:00,CG
46.265,46.265,46.23,46.24,13561,2022-03-25 19:58:00,CG
46.25,46.3,46.25,46.27,29117,2022-03-25 19:59:00,CG
46.28,46.28,46.28,46.28,128080,2022-03-25 20:00:00,CG
46.28,46.28,46.28,46.28,35828,2022-03-25 20:01:00,CG
46.28,46.28,46.28,46.28,125,2022-03-25 20:02:00,CG
46.28,46.28,46.28,46.28,100,2022-03-25 20:33:00,CG
46.28,46.28,46.28,46.28,3257,2022-03-28 13:14:00,CG
46.36,46.36,46.23,46.23,9595,2022-03-28 13:30:00,CG
46.24,46.24,46.11,46.11,800,2022-03-28 13:31:00,CG
46.03,46.25,46.03,46.235,2500,2022-03-28 13:32:00,CG
46.165,46.22,46.11,46.22,5200,2022-03-28 13:33:00,CG
46.25,46.33,46.18,46.24,9046,2022-03-28 13:34:00,CG
46.25,46.275,46.15,46.15,2761,2022-03-28 13:35:00,CG
46.21,46.265,46.17,46.2348,6104,2022-03-28 13:36:00,CG
46.18,46.2,46.1,46.19,1790,2022-03-28 13:37:00,CG
46.16,46.19,46.13,46.13,600,2022-03-28 13:38:00,CG
46.11,46.14,46.06,46.11,4333,2022-03-28 13:39:00,CG
46.08,46.14,46.07,46.14,1584,2022-03-28 13:40:00,CG
46.11,46.15,46.09,46.15,1980,2022-03-28 13:41:00,CG
46.13,46.17,46.13,46.13,1528,2022-03-28 13:42:00,CG
46.13,46.1474,46.13,46.13,344,2022-03-28 13:43:00,CG
46.12,46.12,45.9801,46.01,2548,2022-03-28 13:44:00,CG
46.06,46.06,46.01,46.01,1119,2022-03-28 13:45:00,CG
46.05,46.09,46.0,46.0,2396,2022-03-28 13:46:00,CG
45.99,45.99,45.96,45.975,1803,2022-03-28 13:47:00,CG
45.985,45.985,45.985,45.985,100,2022-03-28 13:48:00,CG
45.97,45.986,45.97,45.986,741,2022-03-28 13:49:00,CG
46.05,46.135,46.05,46.135,1500,2022-03-28 13:50:00,CG
46.17,46.17,46.17,46.17,100,2022-03-28 13:51:00,CG
46.22,46.26,46.22,46.23,4037,2022-03-28 13:52:00,CG
46.23,46.285,46.23,46.27,1700,2022-03-28 13:53:00,CG
46.26,46.26,46.24,46.26,2449,2022-03-28 13:54:00,CG
46.235,46.3,46.2,46.26,11963,2022-03-28 13:55:00,CG
46.27,46.3,46.23,46.26,20515,2022-03-28 13:56:00,CG
46.295,46.295,46.295,46.295,200,2022-03-28 13:57:00,CG
46.3499,46.4,46.23,46.4,11845,2022-03-28 13:58:00,CG
46.4,46.51,46.4,46.51,510,2022-03-28 13:59:00,CG
46.5,46.5,46.395,46.395,5350,2022-03-28 14:00:00,CG
46.35,46.37,46.25,46.37,3438,2022-03-28 14:01:00,CG
46.39,46.44,46.39,46.44,5200,2022-03-28 14:02:00,CG
46.3804,46.4622,46.38,46.4622,7766,2022-03-28 14:03:00,CG
46.46,46.4987,46.39,46.48,2548,2022-03-28 14:04:00,CG
46.52,46.54,46.46,46.46,2139,2022-03-28 14:05:00,CG
46.48,46.48,46.48,46.48,1950,2022-03-28 14:06:00,CG
46.52,46.61,46.48,46.575,2595,2022-03-28 14:07:00,CG
46.65,46.71,46.63,46.63,982,2022-03-28 14:08:00,CG
46.63,46.64,46.61,46.64,1424,2022-03-28 14:09:00,CG
46.61,46.61,46.56,46.56,942,2022-03-28 14:10:00,CG
46.6,46.61,46.59,46.59,400,2022-03-28 14:11:00,CG
46.63,46.63,46.63,46.63,300,2022-03-28 14:12:00,CG
46.62,46.65,46.6087,46.65,1589,2022-03-28 14:13:00,CG
46.63,46.63,46.61,46.61,2087,2022-03-28 14:14:00,CG
46.55,46.55,46.54,46.54,500,2022-03-28 14:15:00,CG
46.51,46.51,46.51,46.51,863,2022-03-28 14:16:00,CG
46.52,46.52,46.49,46.49,1206,2022-03-28 14:17:00,CG
46.47,46.47,46.45,46.47,1248,2022-03-28 14:18:00,CG
46.44,46.45,46.44,46.45,1007,2022-03-28 14:19:00,CG
46.46,46.46,46.36,46.36,1249,2022-03-28 14:20:00,CG
46.37,46.37,46.3397,46.3397,1600,2022-03-28 14:22:00,CG
46.4,46.44,46.4,46.4,1300,2022-03-28 14:23:00,CG
46.41,46.41,46.38,46.38,1513,2022-03-28 14:24:00,CG
46.33,46.33,46.33,46.33,100,2022-03-28 14:25:00,CG
46.33,46.33,46.31,46.33,1372,2022-03-28 14:26:00,CG
46.38,46.48,46.38,46.47,4186,2022-03-28 14:27:00,CG
46.48,46.51,46.45,46.48,6200,2022-03-28 14:28:00,CG
46.44,46.55,46.43,46.55,6233,2022-03-28 14:29:00,CG
46.5008,46.61,46.5008,46.56,745,2022-03-28 14:30:00,CG
46.63,46.63,46.63,46.63,100,2022-03-28 14:31:00,CG
46.66,46.66,46.63,46.63,1298,2022-03-28 14:32:00,CG
46.61,46.61,46.59,46.6,812,2022-03-28 14:33:00,CG
46.6,46.62,46.6,46.6,700,2022-03-28 14:34:00,CG
46.61,46.62,46.61,46.62,1000,2022-03-28 14:35:00,CG
46.6,46.605,46.6,46.605,403,2022-03-28 14:36:00,CG
46.605,46.605,46.54,46.54,1989,2022-03-28 14:37:00,CG
46.52,46.52,46.5,46.52,1512,2022-03-28 14:38:00,CG
46.56,46.56,46.56,46.56,200,2022-03-28 14:39:00,CG
46.54,46.54,46.52,46.52,853,2022-03-28 14:40:00,CG
46.53,46.58,46.53,46.58,490,2022-03-28 14:42:00,CG
46.57,46.59,46.57,46.57,1036,2022-03-28 14:43:00,CG
46.6,46.6,46.6,46.6,300,2022-03-28 14:45:00,CG
46.605,46.63,46.605,46.63,306,2022-03-28 14:46:00,CG
46.61,46.61,46.58,46.58,882,2022-03-28 14:47:00,CG
46.6,46.64,46.6,46.64,500,2022-03-28 14:48:00,CG
46.64,46.64,46.64,46.64,100,2022-03-28 14:49:00,CG
46.64,46.64,46.63,46.63,783,2022-03-28 14:50:00,CG
46.61,46.61,46.6,46.605,1263,2022-03-28 14:51:00,CG
46.57,46.57,46.57,46.57,100,2022-03-28 14:52:00,CG
46.56,46.58,46.56,46.58,677,2022-03-28 14:53:00,CG
46.55,46.55,46.49,46.49,600,2022-03-28 14:54:00,CG
46.515,46.515,46.515,46.515,400,2022-03-28 14:55:00,CG
46.515,46.515,46.49,46.49,550,2022-03-28 14:56:00,CG
46.5,46.5,46.47,46.47,912,2022-03-28 14:57:00,CG
46.49,46.49,46.47,46.47,521,2022-03-28 14:59:00,CG
46.48,46.48,46.425,46.45,594,2022-03-28 15:00:00,CG
46.48,46.48,46.28,46.34,1500,2022-03-28 15:01:00,CG
46.41,46.41,46.31,46.38,3540,2022-03-28 15:02:00,CG
46.35,46.35,46.33,46.33,300,2022-03-28 15:04:00,CG
46.38,46.38,46.29,46.29,3246,2022-03-28 15:05:00,CG
46.31,46.32,46.31,46.32,200,2022-03-28 15:06:00,CG
46.28,46.28,46.26,46.26,302,2022-03-28 15:07:00,CG
46.25,46.25,46.22,46.22,1050,2022-03-28 15:08:00,CG
46.23,46.24,46.23,46.23,400,2022-03-28 15:09:00,CG
46.23,46.26,46.23,46.26,1250,2022-03-28 15:10:00,CG
46.27,46.27,46.27,46.27,300,2022-03-28 15:11:00,CG
46.26,46.26,46.25,46.26,600,2022-03-28 15:12:00,CG
46.25,46.25,46.25,46.25,293,2022-03-28 15:13:00,CG
46.26,46.26,46.26,46.26,100,2022-03-28 15:14:00,CG
46.2501,46.2501,46.2501,46.2501,100,2022-03-28 15:15:00,CG
46.31,46.31,46.31,46.31,300,2022-03-28 15:16:00,CG
46.29,46.36,46.29,46.36,525,2022-03-28 15:17:00,CG
46.39,46.39,46.39,46.39,100,2022-03-28 15:18:00,CG
46.395,46.395,46.36,46.36,1743,2022-03-28 15:19:00,CG
46.39,46.39,46.39,46.39,100,2022-03-28 15:20:00,CG
46.3845,46.3845,46.35,46.35,215,2022-03-28 15:22:00,CG
46.34,46.34,46.31,46.31,950,2022-03-28 15:23:00,CG
46.3,46.3,46.3,46.3,100,2022-03-28 15:24:00,CG
46.3,46.3,46.27,46.27,900,2022-03-28 15:25:00,CG
46.26,46.26,46.26,46.26,100,2022-03-28 15:26:00,CG
46.26,46.26,46.04,46.13,14353,2022-03-28 15:27:00,CG
46.21,46.21,46.21,46.21,331,2022-03-28 15:29:00,CG
46.21,46.225,46.21,46.225,200,2022-03-28 15:30:00,CG
46.2,46.2,46.19,46.2,1118,2022-03-28 15:31:00,CG
46.16,46.19,46.16,46.19,600,2022-03-28 15:32:00,CG
46.065,46.065,46.035,46.035,400,2022-03-28 15:35:00,CG
46.01,46.02,46.0,46.0,616,2022-03-28 15:36:00,CG
45.99,45.99,45.99,45.99,100,2022-03-28 15:37:00,CG
45.97,45.97,45.97,45.97,200,2022-03-28 15:38:00,CG
45.95,45.98,45.9277,45.9277,1016,2022-03-28 15:39:00,CG
45.93,45.93,45.9119,45.9119,200,2022-03-28 15:40:00,CG
45.95,45.95,45.95,45.95,200,2022-03-28 15:41:00,CG
45.921,45.921,45.921,45.921,867,2022-03-28 15:42:00,CG
45.91,45.93,45.91,45.915,1000,2022-03-28 15:44:00,CG
45.8886,45.8886,45.83,45.86,3298,2022-03-28 15:46:00,CG
45.89,45.9,45.89,45.9,200,2022-03-28 15:47:00,CG
45.8819,45.92,45.8819,45.92,215,2022-03-28 15:48:00,CG
45.895,45.895,45.84,45.84,1412,2022-03-28 15:49:00,CG
45.815,45.87,45.815,45.87,850,2022-03-28 15:50:00,CG
45.9,45.9,45.9,45.9,200,2022-03-28 15:52:00,CG
45.85,45.86,45.8452,45.8452,412,2022-03-28 15:53:00,CG
45.81,45.86,45.81,45.825,1349,2022-03-28 15:54:00,CG
45.81,45.81,45.79,45.79,200,2022-03-28 15:55:00,CG
45.79,45.79,45.735,45.735,2708,2022-03-28 15:56:00,CG
45.739,45.739,45.73,45.73,1447,2022-03-28 15:57:00,CG
45.7,45.705,45.67,45.68,3433,2022-03-28 15:58:00,CG
45.63,45.63,45.54,45.54,1957,2022-03-28 15:59:00,CG
45.56,45.57,45.55,45.57,1100,2022-03-28 16:00:00,CG
45.565,45.64,45.565,45.62,900,2022-03-28 16:01:00,CG
45.7,45.7,45.7,45.7,400,2022-03-28 16:03:00,CG
45.72,45.74,45.72,45.74,300,2022-03-28 16:04:00,CG
45.73,45.73,45.7,45.7,927,2022-03-28 16:07:00,CG
45.71,45.7395,45.71,45.72,340,2022-03-28 16:08:00,CG
45.69,45.69,45.67,45.67,1072,2022-03-28 16:10:00,CG
45.61,45.64,45.61,45.64,900,2022-03-28 16:12:00,CG
45.67,45.67,45.67,45.67,300,2022-03-28 16:13:00,CG
45.7,45.7,45.7,45.7,100,2022-03-28 16:15:00,CG
45.65,45.66,45.63,45.63,600,2022-03-28 16:16:00,CG
45.65,45.66,45.59,45.61,996,2022-03-28 16:17:00,CG
45.57,45.57,45.52,45.52,6602,2022-03-28 16:18:00,CG
45.5,45.5,45.5,45.5,200,2022-03-28 16:19:00,CG
45.5,45.5,45.5,45.5,100,2022-03-28 16:20:00,CG
45.52,45.56,45.52,45.56,200,2022-03-28 16:21:00,CG
45.62,45.63,45.61,45.61,800,2022-03-28 16:24:00,CG
45.6196,45.66,45.6196,45.66,2975,2022-03-28 16:25:00,CG
45.65,45.67,45.64,45.64,1100,2022-03-28 16:26:00,CG
45.63,45.63,45.59,45.59,1002,2022-03-28 16:27:00,CG
45.6,45.63,45.6,45.6,500,2022-03-28 16:28:00,CG
45.6,45.6,45.58,45.58,200,2022-03-28 16:29:00,CG
45.651,45.651,45.651,45.651,2327,2022-03-28 16:30:00,CG
45.66,45.66,45.66,45.66,100,2022-03-28 16:31:00,CG
45.65,45.65,45.63,45.64,500,2022-03-28 16:32:00,CG
45.63,45.67,45.63,45.67,2345,2022-03-28 16:33:00,CG
45.6681,45.6681,45.6681,45.6681,331,2022-03-28 16:36:00,CG
45.68,45.69,45.68,45.69,500,2022-03-28 16:37:00,CG
45.69,45.71,45.69,45.71,834,2022-03-28 16:38:00,CG
45.74,45.75,45.74,45.75,300,2022-03-28 16:40:00,CG
45.71,45.71,45.71,45.71,732,2022-03-28 16:41:00,CG
45.72,45.73,45.72,45.725,1547,2022-03-28 16:42:00,CG
45.71,45.73,45.71,45.73,400,2022-03-28 16:43:00,CG
45.72,45.72,45.72,45.72,100,2022-03-28 16:44:00,CG
45.69,45.7,45.68,45.7,1358,2022-03-28 16:45:00,CG
45.7,45.7,45.7,45.7,100,2022-03-28 16:46:00,CG
45.68,45.68,45.655,45.655,1207,2022-03-28 16:47:00,CG
45.69,45.71,45.69,45.71,659,2022-03-28 16:49:00,CG
45.75,45.75,45.745,45.745,799,2022-03-28 16:51:00,CG
45.8,45.8,45.8,45.8,100,2022-03-28 16:52:00,CG
45.775,45.82,45.775,45.82,600,2022-03-28 16:53:00,CG
45.83,45.87,45.83,45.86,400,2022-03-28 16:55:00,CG
45.85,45.85,45.8079,45.8079,2600,2022-03-28 16:56:00,CG
45.84,45.84,45.82,45.8364,1350,2022-03-28 16:57:00,CG
45.82,45.82,45.8,45.82,739,2022-03-28 16:58:00,CG
45.82,45.82,45.82,45.82,100,2022-03-28 16:59:00,CG
45.89,45.89,45.89,45.89,800,2022-03-28 17:00:00,CG
45.88,45.88,45.88,45.88,300,2022-03-28 17:01:00,CG
45.92,45.93,45.92,45.93,319,2022-03-28 17:02:00,CG
45.93,45.93,45.9,45.9,978,2022-03-28 17:03:00,CG
45.91,45.92,45.905,45.91,1100,2022-03-28 17:04:00,CG
45.9,45.91,45.85,45.89,2500,2022-03-28 17:05:00,CG
45.85,45.88,45.84,45.85,600,2022-03-28 17:06:00,CG
45.86,45.86,45.86,45.86,100,2022-03-28 17:07:00,CG
45.84,45.84,45.835,45.84,831,2022-03-28 17:08:00,CG
45.82,45.8205,45.82,45.8205,801,2022-03-28 17:09:00,CG
45.84,45.86,45.84,45.86,601,2022-03-28 17:10:00,CG
45.89,45.89,45.87,45.87,812,2022-03-28 17:12:00,CG
45.838,45.87,45.838,45.87,466,2022-03-28 17:13:00,CG
45.84,45.84,45.76,45.79,7088,2022-03-28 17:14:00,CG
45.88,45.88,45.86,45.86,200,2022-03-28 17:15:00,CG
45.9,45.9,45.885,45.885,907,2022-03-28 17:16:00,CG
45.8984,45.8984,45.8984,45.8984,120,2022-03-28 17:17:00,CG
45.89,45.89,45.86,45.86,269,2022-03-28 17:18:00,CG
45.86,45.87,45.86,45.87,300,2022-03-28 17:19:00,CG
45.88,45.88,45.875,45.875,200,2022-03-28 17:20:00,CG
45.92,45.94,45.92,45.94,600,2022-03-28 17:21:00,CG
45.93,45.93,45.91,45.91,300,2022-03-28 17:22:00,CG
45.96,46.01,45.96,45.97,900,2022-03-28 17:24:00,CG
45.9704,45.9704,45.9704,45.9704,129,2022-03-28 17:25:00,CG
45.98,45.98,45.96,45.96,300,2022-03-28 17:26:00,CG
46.0,46.01,45.99,46.0,2636,2022-03-28 17:27:00,CG
45.99,45.99,45.97,45.98,1216,2022-03-28 17:29:00,CG
46.01,46.08,46.01,46.0791,7275,2022-03-28 17:31:00,CG
46.07,46.07,46.05,46.05,1009,2022-03-28 17:32:00,CG
46.07,46.08,46.07,46.08,200,2022-03-28 17:33:00,CG
46.08,46.09,46.08,46.085,1450,2022-03-28 17:34:00,CG
46.09,46.12,46.09,46.11,3579,2022-03-28 17:35:00,CG
46.11,46.12,46.09,46.1,1962,2022-03-28 17:36:00,CG
46.08,46.08,46.0671,46.0671,983,2022-03-28 17:37:00,CG
46.06,46.06,46.055,46.055,500,2022-03-28 17:38:00,CG
46.04,46.04,46.01,46.02,700,2022-03-28 17:39:00,CG
46.04,46.05,46.04,46.05,845,2022-03-28 17:42:00,CG
46.05,46.05,46.05,46.05,100,2022-03-28 17:43:00,CG
46.03,46.03,46.03,46.03,400,2022-03-28 17:44:00,CG
46.01,46.09,46.01,46.09,3782,2022-03-28 17:45:00,CG
46.09,46.09,46.04,46.05,1228,2022-03-28 17:47:00,CG
46.0611,46.0611,46.0611,46.0611,250,2022-03-28 17:49:00,CG
46.08,46.08,46.08,46.08,800,2022-03-28 17:51:00,CG
46.08,46.1,46.08,46.1,500,2022-03-28 17:53:00,CG
46.1,46.1,46.06,46.07,2024,2022-03-28 17:55:00,CG
46.07,46.07,46.05,46.05,1109,2022-03-28 17:56:00,CG
46.05,46.13,46.04,46.13,1808,2022-03-28 17:57:00,CG
46.1243,46.1243,46.1243,46.1243,370,2022-03-28 17:59:00,CG
46.12,46.14,46.08,46.1,3516,2022-03-28 18:01:00,CG
46.14,46.14,46.12,46.12,1200,2022-03-28 18:02:00,CG
46.1101,46.12,46.11,46.12,300,2022-03-28 18:04:00,CG
46.1,46.1,46.08,46.09,1338,2022-03-28 18:05:00,CG
46.1,46.1,46.1,46.1,900,2022-03-28 18:08:00,CG
46.125,46.15,46.125,46.15,200,2022-03-28 18:09:00,CG
46.17,46.17,46.17,46.17,1000,2022-03-28 18:10:00,CG
46.14,46.14,46.14,46.14,900,2022-03-28 18:11:00,CG
46.11,46.11,46.09,46.09,800,2022-03-28 18:12:00,CG
46.08,46.12,46.08,46.12,750,2022-03-28 18:13:00,CG
46.12,46.12,46.11,46.11,400,2022-03-28 18:14:00,CG
46.09,46.095,46.09,46.095,200,2022-03-28 18:15:00,CG
46.0954,46.11,46.09,46.11,910,2022-03-28 18:16:00,CG
46.12,46.13,46.12,46.13,200,2022-03-28 18:17:00,CG
46.14,46.14,46.14,46.14,758,2022-03-28 18:18:00,CG
46.12,46.12,46.1,46.1,1205,2022-03-28 18:19:00,CG
46.115,46.115,46.08,46.08,1250,2022-03-28 18:20:00,CG
46.1,46.11,46.1,46.11,208,2022-03-28 18:21:00,CG
46.1,46.1,46.0788,46.08,625,2022-03-28 18:22:00,CG
46.148,46.148,46.115,46.115,620,2022-03-28 18:24:00,CG
46.115,46.115,46.09,46.1,1807,2022-03-28 18:25:00,CG
46.105,46.105,46.105,46.105,108,2022-03-28 18:26:00,CG
46.14,46.14,46.12,46.135,1117,2022-03-28 18:27:00,CG
46.15,46.185,46.15,46.16,1432,2022-03-28 18:29:00,CG
46.175,46.175,46.175,46.175,212,2022-03-28 18:30:00,CG
46.18,46.18,46.165,46.165,979,2022-03-28 18:31:00,CG
46.18,46.185,46.18,46.185,600,2022-03-28 18:32:00,CG
46.15,46.15,46.15,46.15,200,2022-03-28 18:35:00,CG
46.14,46.14,46.13,46.14,1068,2022-03-28 18:36:00,CG
46.13,46.15,46.13,46.15,836,2022-03-28 18:37:00,CG
46.17,46.17,46.15,46.16,2728,2022-03-28 18:38:00,CG
46.155,46.166,46.155,46.155,400,2022-03-28 18:40:00,CG
46.155,46.155,46.13,46.13,600,2022-03-28 18:41:00,CG
46.125,46.125,46.09,46.11,4600,2022-03-28 18:42:00,CG
46.11,46.13,46.11,46.13,1185,2022-03-28 18:43:00,CG
46.17,46.22,46.17,46.18,3483,2022-03-28 18:44:00,CG
46.1677,46.1677,46.1677,46.1677,200,2022-03-28 18:45:00,CG
46.16,46.19,46.16,46.19,491,2022-03-28 18:46:00,CG
46.19,46.19,46.19,46.19,100,2022-03-28 18:47:00,CG
46.19,46.19,46.18,46.18,276,2022-03-28 18:48:00,CG
46.19,46.2,46.19,46.2,729,2022-03-28 18:49:00,CG
46.21,46.28,46.21,46.28,2157,2022-03-28 18:50:00,CG
46.2812,46.31,46.269,46.31,2062,2022-03-28 18:51:00,CG
46.29,46.3496,46.29,46.34,2903,2022-03-28 18:52:00,CG
46.3306,46.3306,46.3306,46.3306,100,2022-03-28 18:53:00,CG
46.32,46.32,46.31,46.315,881,2022-03-28 18:54:00,CG
46.33,46.39,46.33,46.39,1398,2022-03-28 18:55:00,CG
46.389,46.41,46.38,46.4,3510,2022-03-28 18:56:00,CG
46.38,46.41,46.38,46.41,902,2022-03-28 18:57:00,CG
46.46,46.46,46.46,46.46,100,2022-03-28 18:58:00,CG
46.47,46.47,46.46,46.46,735,2022-03-28 18:59:00,CG
46.45,46.47,46.38,46.38,5457,2022-03-28 19:00:00,CG
46.36,46.39,46.34,46.39,1535,2022-03-28 19:01:00,CG
46.41,46.41,46.39,46.39,1700,2022-03-28 19:02:00,CG
46.395,46.395,46.38,46.38,688,2022-03-28 19:03:00,CG
46.36,46.365,46.36,46.365,499,2022-03-28 19:04:00,CG
46.3806,46.3806,46.38,46.38,1390,2022-03-28 19:05:00,CG
46.3789,46.3789,46.36,46.36,684,2022-03-28 19:06:00,CG
46.365,46.365,46.365,46.365,100,2022-03-28 19:07:00,CG
46.35,46.37,46.35,46.35,3679,2022-03-28 19:08:00,CG
46.38,46.38,46.38,46.38,200,2022-03-28 19:09:00,CG
46.3745,46.3745,46.37,46.37,329,2022-03-28 19:10:00,CG
46.37,46.37,46.33,46.33,518,2022-03-28 19:11:00,CG
46.35,46.35,46.33,46.33,1541,2022-03-28 19:12:00,CG
46.34,46.36,46.34,46.36,596,2022-03-28 19:13:00,CG
46.38,46.38,46.38,46.38,400,2022-03-28 19:14:00,CG
46.38,46.38,46.36,46.36,1039,2022-03-28 19:15:00,CG
46.36,46.36,46.36,46.36,100,2022-03-28 19:16:00,CG
46.36,46.36,46.36,46.36,200,2022-03-28 19:17:00,CG
46.3737,46.39,46.37,46.3885,4567,2022-03-28 19:18:00,CG
46.385,46.385,46.36,46.36,1154,2022-03-28 19:19:00,CG
46.35,46.38,46.35,46.38,200,2022-03-28 19:20:00,CG
46.39,46.41,46.39,46.41,1499,2022-03-28 19:21:00,CG
46.39,46.405,46.39,46.405,300,2022-03-28 19:22:00,CG
46.4079,46.42,46.4079,46.415,1300,2022-03-28 19:23:00,CG
46.39,46.39,46.37,46.37,941,2022-03-28 19:24:00,CG
46.39,46.45,46.38,46.45,1800,2022-03-28 19:25:00,CG
46.45,46.45,46.4373,46.4373,310,2022-03-28 19:26:00,CG
46.46,46.46,46.4315,46.4315,232,2022-03-28 19:27:00,CG
46.43,46.46,46.43,46.46,1287,2022-03-28 19:29:00,CG
46.45,46.45,46.45,46.45,325,2022-03-28 19:30:00,CG
46.46,46.46,46.4536,46.4536,269,2022-03-28 19:31:00,CG
46.44,46.46,46.43,46.46,1412,2022-03-28 19:32:00,CG
46.45,46.45,46.44,46.44,1300,2022-03-28 19:33:00,CG
46.45,46.465,46.45,46.465,400,2022-03-28 19:34:00,CG
46.4996,46.4996,46.46,46.47,600,2022-03-28 19:35:00,CG
46.46,46.46,46.44,46.44,1200,2022-03-28 19:36:00,CG
46.43,46.46,46.43,46.46,500,2022-03-28 19:37:00,CG
46.49,46.5,46.465,46.47,3259,2022-03-28 19:38:00,CG
46.46,46.47,46.46,46.47,300,2022-03-28 19:39:00,CG
46.45,46.45,46.44,46.44,622,2022-03-28 19:40:00,CG
46.43,46.44,46.41,46.41,886,2022-03-28 19:41:00,CG
46.43,46.44,46.42,46.44,500,2022-03-28 19:42:00,CG
46.465,46.465,46.43,46.44,800,2022-03-28 19:43:00,CG
46.47,46.48,46.46,46.48,965,2022-03-28 19:44:00,CG
46.49,46.51,46.49,46.51,800,2022-03-28 19:45:00,CG
46.49,46.49,46.47,46.48,800,2022-03-28 19:46:00,CG
46.5,46.5,46.48,46.48,810,2022-03-28 19:47:00,CG
46.5,46.515,46.5,46.515,411,2022-03-28 19:48:00,CG
46.515,46.52,46.5,46.52,1495,2022-03-28 19:49:00,CG
46.5,46.51,46.42,46.42,3050,2022-03-28 19:50:00,CG
46.44,46.48,46.44,46.48,4102,2022-03-28 19:51:00,CG
46.45,46.45,46.42,46.42,500,2022-03-28 19:52:00,CG
46.43,46.46,46.42,46.46,1576,2022-03-28 19:53:00,CG
46.47,46.505,46.47,46.5,5282,2022-03-28 19:54:00,CG
46.49,46.5,46.453,46.47,8155,2022-03-28 19:55:00,CG
46.49,46.51,46.49,46.5,5779,2022-03-28 19:56:00,CG
46.5,46.55,46.49,46.53,9203,2022-03-28 19:57:00,CG
46.53,46.54,46.51,46.51,9322,2022-03-28 19:58:00,CG
46.51,46.58,46.51,46.58,19514,2022-03-28 19:59:00,CG
46.54,46.54,46.54,46.54,86777,2022-03-28 20:00:00,CG
46.54,46.54,46.54,46.54,967,2022-03-28 20:01:00,CG
46.54,46.54,46.54,46.54,648,2022-03-28 20:02:00,CG
46.54,46.54,46.54,46.54,200,2022-03-29 12:27:00,CG
47.37,47.58,47.37,47.58,16080,2022-03-29 13:30:00,CG
47.66,47.73,47.54,47.66,5712,2022-03-29 13:31:00,CG
47.7,47.79,47.7,47.74,3680,2022-03-29 13:32:00,CG
47.77,47.9,47.77,47.9,200,2022-03-29 13:33:00,CG
47.93,48.11,47.915,47.96,10844,2022-03-29 13:34:00,CG
47.98,47.98,47.79,47.79,601,2022-03-29 13:35:00,CG
47.79,47.86,47.78,47.79,3593,2022-03-29 13:36:00,CG
47.805,47.84,47.68,47.73,6790,2022-03-29 13:37:00,CG
47.74,47.77,47.69,47.69,500,2022-03-29 13:38:00,CG
47.65,47.73,47.65,47.66,825,2022-03-29 13:39:00,CG
47.67,47.68,47.24,47.62,19635,2022-03-29 13:40:00,CG
47.57,47.57,47.53,47.53,600,2022-03-29 13:41:00,CG
47.54,47.645,47.51,47.645,2100,2022-03-29 13:42:00,CG
47.69,47.8,47.68,47.75,6224,2022-03-29 13:43:00,CG
47.81,47.82,47.64,47.69,9267,2022-03-29 13:44:00,CG
47.74,47.8,47.59,47.595,4483,2022-03-29 13:45:00,CG
47.59,47.8,47.57,47.58,5765,2022-03-29 13:46:00,CG
47.64,47.65,47.6,47.61,1300,2022-03-29 13:47:00,CG
47.63,47.63,47.51,47.51,1960,2022-03-29 13:48:00,CG
47.6445,47.6445,47.41,47.41,9987,2022-03-29 13:49:00,CG
47.38,47.45,47.38,47.43,1000,2022-03-29 13:50:00,CG
47.42,47.42,47.38,47.38,800,2022-03-29 13:51:00,CG
47.44,47.44,47.29,47.33,3825,2022-03-29 13:52:00,CG
47.31,47.31,47.274,47.274,520,2022-03-29 13:53:00,CG
47.34,47.34,47.25,47.29,2098,2022-03-29 13:54:00,CG
47.36,47.54,47.35,47.54,5182,2022-03-29 13:55:00,CG
47.57,47.6,47.49,47.51,4450,2022-03-29 13:56:00,CG
47.55,47.55,47.51,47.51,675,2022-03-29 13:57:00,CG
47.58,47.6,47.5,47.515,4350,2022-03-29 13:58:00,CG
47.5351,47.5351,47.5,47.5,726,2022-03-29 13:59:00,CG
47.48,47.49,47.45,47.48,1700,2022-03-29 14:00:00,CG
47.53,47.545,47.51,47.5366,2100,2022-03-29 14:01:00,CG
47.49,47.49,47.42,47.48,1900,2022-03-29 14:02:00,CG
47.49,47.49,47.49,47.49,100,2022-03-29 14:03:00,CG
47.47,47.51,47.455,47.505,2425,2022-03-29 14:04:00,CG
47.5199,47.53,47.47,47.475,2400,2022-03-29 14:05:00,CG
47.5099,47.5099,47.36,47.4,3265,2022-03-29 14:06:00,CG
47.4,47.4,47.38,47.38,600,2022-03-29 14:07:00,CG
47.35,47.35,47.25,47.25,1617,2022-03-29 14:08:00,CG
47.28,47.3393,47.28,47.3393,5600,2022-03-29 14:09:00,CG
47.37,47.52,47.37,47.52,2406,2022-03-29 14:10:00,CG
47.47,47.49,47.4482,47.47,2042,2022-03-29 14:11:00,CG
47.44,47.44,47.385,47.4,2003,2022-03-29 14:12:00,CG
47.39,47.39,47.3,47.31,2841,2022-03-29 14:13:00,CG
47.29,47.29,47.18,47.22,2488,2022-03-29 14:14:00,CG
47.27,47.3121,47.24,47.305,15083,2022-03-29 14:15:00,CG
47.31,47.31,47.24,47.24,3094,2022-03-29 14:16:00,CG
47.265,47.29,47.23,47.24,9818,2022-03-29 14:17:00,CG
47.25,47.31,47.23,47.28,907,2022-03-29 14:18:00,CG
47.275,47.33,47.25,47.33,600,2022-03-29 14:19:00,CG
47.37,47.495,47.35,47.495,5911,2022-03-29 14:20:00,CG
47.54,47.64,47.54,47.62,1200,2022-03-29 14:21:00,CG
47.6,47.6,47.48,47.4989,3463,2022-03-29 14:22:00,CG
47.49,47.49,47.47,47.47,400,2022-03-29 14:23:00,CG
47.585,47.5893,47.585,47.5893,450,2022-03-29 14:24:00,CG
47.54,47.555,47.51,47.555,1400,2022-03-29 14:25:00,CG
47.565,47.6,47.5,47.5,3899,2022-03-29 14:26:00,CG
47.53,47.65,47.53,47.62,2153,2022-03-29 14:27:00,CG
47.65,47.6779,47.64,47.655,2133,2022-03-29 14:28:00,CG
47.655,47.69,47.65,47.65,3769,2022-03-29 14:29:00,CG
47.7,47.7,47.61,47.69,4120,2022-03-29 14:30:00,CG
47.67,47.67,47.64,47.66,2243,2022-03-29 14:31:00,CG
47.66,47.715,47.64,47.66,4007,2022-03-29 14:32:00,CG
47.64,47.64,47.59,47.6,1602,2022-03-29 14:33:00,CG
47.625,47.68,47.625,47.67,1400,2022-03-29 14:34:00,CG
47.67,47.67,47.65,47.6615,2323,2022-03-29 14:35:00,CG
47.63,47.64,47.585,47.61,2412,2022-03-29 14:36:00,CG
47.64,47.67,47.64,47.67,687,2022-03-29 14:37:00,CG
47.69,47.69,47.63,47.665,1603,2022-03-29 14:38:00,CG
47.665,47.72,47.65,47.72,1054,2022-03-29 14:39:00,CG
47.75,47.89,47.72,47.8501,2050,2022-03-29 14:40:00,CG
47.88,48.0,47.86,47.87,4399,2022-03-29 14:41:00,CG
47.83,47.955,47.81,47.955,700,2022-03-29 14:42:00,CG
47.965,47.965,47.86,47.86,900,2022-03-29 14:43:00,CG
47.98,47.99,47.915,47.99,7748,2022-03-29 14:45:00,CG
47.96,47.96,47.93,47.93,3374,2022-03-29 14:46:00,CG
47.935,47.935,47.85,47.85,3127,2022-03-29 14:47:00,CG
47.81,47.88,47.81,47.82,1026,2022-03-29 14:48:00,CG
47.79,47.8,47.76,47.785,800,2022-03-29 14:49:00,CG
47.83,47.866,47.82,47.866,975,2022-03-29 14:50:00,CG
47.89,47.89,47.82,47.85,2273,2022-03-29 14:51:00,CG
47.85,47.85,47.83,47.85,400,2022-03-29 14:52:00,CG
47.83,47.855,47.8104,47.855,1185,2022-03-29 14:53:00,CG
47.831,47.8696,47.83,47.855,2446,2022-03-29 14:54:00,CG
47.855,47.855,47.81,47.81,1800,2022-03-29 14:55:00,CG
47.815,47.879,47.81,47.85,1100,2022-03-29 14:56:00,CG
47.85,47.85,47.81,47.81,1500,2022-03-29 14:57:00,CG
47.78,47.78,47.7,47.74,5042,2022-03-29 14:58:00,CG
47.72,47.74,47.69,47.71,812,2022-03-29 14:59:00,CG
47.71,47.76,47.71,47.75,2450,2022-03-29 15:00:00,CG
47.76,47.79,47.73,47.74,2702,2022-03-29 15:01:00,CG
47.735,47.75,47.67,47.67,2460,2022-03-29 15:02:00,CG
47.65,47.709,47.65,47.68,1839,2022-03-29 15:03:00,CG
47.68,47.7,47.61,47.65,1078,2022-03-29 15:04:00,CG
47.64,47.69,47.64,47.67,1800,2022-03-29 15:05:00,CG
47.67,47.72,47.67,47.72,1747,2022-03-29 15:06:00,CG
47.72,47.74,47.7,47.72,700,2022-03-29 15:07:00,CG
47.75,47.75,47.71,47.74,3373,2022-03-29 15:08:00,CG
47.735,47.81,47.735,47.81,2000,2022-03-29 15:09:00,CG
47.85,47.85,47.815,47.83,3288,2022-03-29 15:10:00,CG
47.849,47.869,47.849,47.869,1000,2022-03-29 15:11:00,CG
47.9,47.9,47.85,47.8685,1963,2022-03-29 15:12:00,CG
47.85,47.85,47.77,47.8,1240,2022-03-29 15:13:00,CG
47.83,47.85,47.82,47.82,500,2022-03-29 15:14:00,CG
47.85,47.85,47.77,47.77,1441,2022-03-29 15:15:00,CG
47.8,47.83,47.8,47.815,3999,2022-03-29 15:16:00,CG
47.8,47.8,47.76,47.77,3100,2022-03-29 15:17:00,CG
47.75,47.77,47.74,47.77,1478,2022-03-29 15:18:00,CG
47.79,47.82,47.7866,47.82,1799,2022-03-29 15:19:00,CG
47.801,47.83,47.8,47.83,1432,2022-03-29 15:20:00,CG
47.81,47.81,47.75,47.77,1787,2022-03-29 15:21:00,CG
47.78,47.79,47.7,47.79,2869,2022-03-29 15:22:00,CG
47.81,47.81,47.76,47.76,800,2022-03-29 15:23:00,CG
47.78,47.79,47.78,47.785,899,2022-03-29 15:24:00,CG
47.8,47.85,47.8,47.835,1268,2022-03-29 15:25:00,CG
47.8766,47.89,47.8766,47.89,519,2022-03-29 15:26:00,CG
47.96,48.029,47.96,47.995,4276,2022-03-29 15:27:00,CG
47.95,47.955,47.86,47.86,1220,2022-03-29 15:28:00,CG
47.9,47.9,47.89,47.89,901,2022-03-29 15:29:00,CG
47.89,47.92,47.89,47.92,2330,2022-03-29 15:30:00,CG
47.925,47.955,47.915,47.915,1800,2022-03-29 15:31:00,CG
47.94,47.97,47.92,47.97,2004,2022-03-29 15:32:00,CG
47.955,47.955,47.9,47.9,1436,2022-03-29 15:33:00,CG
47.91,47.92,47.89,47.905,1035,2022-03-29 15:34:00,CG
47.905,47.905,47.87,47.87,1500,2022-03-29 15:35:00,CG
47.85,47.85,47.81,47.8387,1325,2022-03-29 15:36:00,CG
47.825,47.86,47.825,47.84,900,2022-03-29 15:37:00,CG
47.85,47.87,47.83,47.83,1499,2022-03-29 15:38:00,CG
47.83,47.85,47.825,47.85,905,2022-03-29 15:39:00,CG
47.87,47.879,47.84,47.85,1711,2022-03-29 15:40:00,CG
47.85,47.87,47.85,47.87,900,2022-03-29 15:41:00,CG
47.87,47.88,47.85,47.87,2768,2022-03-29 15:42:00,CG
47.88,47.95,47.88,47.95,2421,2022-03-29 15:43:00,CG
47.97,47.98,47.95,47.95,5399,2022-03-29 15:45:00,CG
47.97,47.98,47.965,47.978,2111,2022-03-29 15:46:00,CG
47.985,47.99,47.95,47.95,2342,2022-03-29 15:47:00,CG
47.9788,47.99,47.96,47.99,2937,2022-03-29 15:48:00,CG
47.96,47.96,47.9418,47.9418,435,2022-03-29 15:49:00,CG
47.97,47.97,47.97,47.97,300,2022-03-29 15:50:00,CG
47.9896,47.9896,47.93,47.955,5900,2022-03-29 15:51:00,CG
47.9677,47.9677,47.9677,47.9677,200,2022-03-29 15:52:00,CG
47.979,48.03,47.979,48.02,7209,2022-03-29 15:53:00,CG
48.0,48.01,47.985,47.9916,2210,2022-03-29 15:54:00,CG
47.99,48.0,47.99,47.99,741,2022-03-29 15:55:00,CG
47.98,47.99,47.975,47.99,1508,2022-03-29 15:56:00,CG
48.0,48.0,47.925,47.94,2500,2022-03-29 15:57:00,CG
47.9415,47.9415,47.9,47.9,1800,2022-03-29 15:58:00,CG
47.8987,47.9,47.85,47.89,4923,2022-03-29 15:59:00,CG
47.909,47.909,47.88,47.89,1650,2022-03-29 16:00:00,CG
47.85,47.9,47.85,47.9,7012,2022-03-29 16:01:00,CG
47.9,47.9,47.83,47.83,1213,2022-03-29 16:02:00,CG
47.85,47.88,47.85,47.8799,1262,2022-03-29 16:03:00,CG
47.83,47.86,47.83,47.86,800,2022-03-29 16:04:00,CG
47.8477,47.91,47.8477,47.91,826,2022-03-29 16:05:00,CG
47.92,47.92,47.89,47.89,1325,2022-03-29 16:06:00,CG
47.86,47.86,47.86,47.86,300,2022-03-29 16:07:00,CG
47.885,47.885,47.86,47.86,1050,2022-03-29 16:09:00,CG
47.87,47.88,47.85,47.8601,914,2022-03-29 16:10:00,CG
47.86,47.86,47.79,47.79,1725,2022-03-29 16:11:00,CG
47.805,47.82,47.805,47.82,400,2022-03-29 16:12:00,CG
47.8013,47.8013,47.79,47.8,2503,2022-03-29 16:13:00,CG
47.805,47.83,47.805,47.83,2318,2022-03-29 16:14:00,CG
47.81,47.82,47.8,47.82,1200,2022-03-29 16:15:00,CG
47.835,47.835,47.835,47.835,120,2022-03-29 16:16:00,CG
47.835,47.856,47.835,47.84,1238,2022-03-29 16:17:00,CG
47.84,47.86,47.8,47.8,3539,2022-03-29 16:18:00,CG
47.81,47.82,47.8,47.81,1144,2022-03-29 16:19:00,CG
47.825,47.825,47.825,47.825,300,2022-03-29 16:20:00,CG
47.81,47.81,47.765,47.765,1180,2022-03-29 16:21:00,CG
47.76,47.785,47.76,47.785,1222,2022-03-29 16:22:00,CG
47.795,47.805,47.795,47.805,1900,2022-03-29 16:23:00,CG
47.79,47.795,47.79,47.795,443,2022-03-29 16:24:00,CG
47.785,47.82,47.785,47.815,1000,2022-03-29 16:25:00,CG
47.82,47.84,47.7975,47.83,1700,2022-03-29 16:26:00,CG
47.85,47.85,47.79,47.79,2299,2022-03-29 16:27:00,CG
47.81,47.81,47.7696,47.7784,3435,2022-03-29 16:28:00,CG
47.78,47.82,47.775,47.8,1900,2022-03-29 16:29:00,CG
47.8,47.8,47.77,47.77,410,2022-03-29 16:30:00,CG
47.77,47.77,47.74,47.75,808,2022-03-29 16:31:00,CG
47.74,47.76,47.72,47.72,1300,2022-03-29 16:32:00,CG
47.7,47.74,47.7,47.74,2391,2022-03-29 16:33:00,CG
47.72,47.74,47.7118,47.74,1216,2022-03-29 16:34:00,CG
47.74,47.74,47.7,47.7,75642,2022-03-29 16:35:00,CG
47.6984,47.7097,47.695,47.7097,1413,2022-03-29 16:36:00,CG
47.71,47.71,47.69,47.7,7071,2022-03-29 16:37:00,CG
47.69,47.69,47.66,47.66,1892,2022-03-29 16:38:00,CG
47.67,47.68,47.64,47.65,2251,2022-03-29 16:39:00,CG
47.65,47.65,47.61,47.63,2588,2022-03-29 16:40:00,CG
47.64,47.64,47.64,47.64,300,2022-03-29 16:41:00,CG
47.65,47.655,47.64,47.64,1900,2022-03-29 16:42:00,CG
47.625,47.65,47.61,47.65,6700,2022-03-29 16:43:00,CG
47.67,47.71,47.66,47.71,3486,2022-03-29 16:44:00,CG
47.74,47.8,47.725,47.7932,9178,2022-03-29 16:45:00,CG
47.79,47.815,47.74,47.74,7917,2022-03-29 16:46:00,CG
47.74,47.74,47.66,47.68,7511,2022-03-29 16:47:00,CG
47.7,47.76,47.68,47.75,9843,2022-03-29 16:48:00,CG
47.76,47.76,47.72,47.74,2230,2022-03-29 16:49:00,CG
47.75,47.75,47.74,47.75,700,2022-03-29 16:50:00,CG
47.74,47.75,47.6562,47.6562,3960,2022-03-29 16:51:00,CG
47.63,47.635,47.63,47.635,205,2022-03-29 16:52:00,CG
47.61,47.61,47.61,47.61,746,2022-03-29 16:53:00,CG
47.6,47.615,47.6,47.615,400,2022-03-29 16:54:00,CG
47.625,47.65,47.6,47.65,5001,2022-03-29 16:55:00,CG
47.64,47.65,47.64,47.64,600,2022-03-29 16:56:00,CG
47.65,47.65,47.615,47.615,3925,2022-03-29 16:57:00,CG
47.62,47.649,47.62,47.649,730,2022-03-29 16:58:00,CG
47.65,47.67,47.65,47.66,700,2022-03-29 16:59:00,CG
47.64,47.64,47.61,47.61,1361,2022-03-29 17:00:00,CG
47.6107,47.63,47.57,47.57,2203,2022-03-29 17:01:00,CG
47.6094,47.6094,47.6094,47.6094,1400,2022-03-29 17:02:00,CG
47.58,47.58,47.58,47.58,100,2022-03-29 17:03:00,CG
47.56,47.57,47.5,47.51,4448,2022-03-29 17:04:00,CG
47.505,47.55,47.5,47.53,8226,2022-03-29 17:05:00,CG
47.53,47.55,47.5,47.55,9100,2022-03-29 17:06:00,CG
47.535,47.54,47.51,47.54,2391,2022-03-29 17:07:00,CG
47.55,47.58,47.55,47.555,3249,2022-03-29 17:08:00,CG
47.555,47.555,47.51,47.51,900,2022-03-29 17:09:00,CG
47.5,47.5,47.48,47.49,1552,2022-03-29 17:10:00,CG
47.47,47.49,47.47,47.48,400,2022-03-29 17:11:00,CG
47.49,47.51,47.49,47.51,5867,2022-03-29 17:12:00,CG
47.53,47.53,47.4904,47.5,3338,2022-03-29 17:13:00,CG
47.4904,47.4904,47.49,47.49,541,2022-03-29 17:14:00,CG
47.49,47.58,47.49,47.565,5811,2022-03-29 17:15:00,CG
47.59,47.62,47.57,47.62,3131,2022-03-29 17:16:00,CG
47.64,47.64,47.64,47.64,100,2022-03-29 17:17:00,CG
47.62,47.64,47.62,47.64,544,2022-03-29 17:18:00,CG
47.64,47.64,47.6,47.6,1169,2022-03-29 17:19:00,CG
47.605,47.605,47.59,47.59,600,2022-03-29 17:20:00,CG
47.605,47.605,47.57,47.57,1400,2022-03-29 17:21:00,CG
47.56,47.605,47.56,47.605,700,2022-03-29 17:22:00,CG
47.66,47.68,47.65,47.68,1319,2022-03-29 17:24:00,CG
47.68,47.71,47.68,47.71,700,2022-03-29 17:25:00,CG
47.7,47.72,47.7,47.72,700,2022-03-29 17:26:00,CG
47.72,47.7361,47.72,47.73,1296,2022-03-29 17:27:00,CG
47.74,47.76,47.74,47.74,1167,2022-03-29 17:28:00,CG
47.765,47.765,47.74,47.74,1596,2022-03-29 17:29:00,CG
47.751,47.77,47.751,47.77,268,2022-03-29 17:30:00,CG
47.74,47.7459,47.72,47.7459,1130,2022-03-29 17:31:00,CG
47.76,47.8,47.76,47.76,917,2022-03-29 17:32:00,CG
47.7901,47.83,47.7901,47.83,368,2022-03-29 17:33:00,CG
47.85,47.89,47.84,47.89,3645,2022-03-29 17:34:00,CG
47.9,47.94,47.9,47.94,714,2022-03-29 17:35:00,CG
47.95,47.95,47.94,47.94,2075,2022-03-29 17:37:00,CG
47.9335,47.99,47.9335,47.99,557,2022-03-29 17:38:00,CG
48.01,48.01,47.96,48.0,3454,2022-03-29 17:39:00,CG
47.96,48.02,47.96,48.02,857,2022-03-29 17:40:00,CG
48.03,48.05,48.03,48.05,605,2022-03-29 17:41:00,CG
48.06,48.06,48.06,48.06,239,2022-03-29 17:42:00,CG
48.0586,48.07,48.05,48.07,2905,2022-03-29 17:43:00,CG
48.1,48.14,48.1,48.14,430,2022-03-29 17:44:00,CG
48.13,48.1448,48.13,48.1448,386,2022-03-29 17:45:00,CG
48.17,48.23,48.17,48.23,3899,2022-03-29 17:46:00,CG
48.24,48.24,48.21,48.23,2108,2022-03-29 17:47:00,CG
48.24,48.25,48.23,48.23,1497,2022-03-29 17:48:00,CG
48.24,48.25,48.14,48.14,2849,2022-03-29 17:49:00,CG
48.11,48.11,48.1031,48.1031,200,2022-03-29 17:50:00,CG
48.12,48.125,48.06,48.1,3368,2022-03-29 17:51:00,CG
48.065,48.065,48.04,48.04,2089,2022-03-29 17:52:00,CG
48.065,48.065,48.02,48.03,12573,2022-03-29 17:53:00,CG
48.0098,48.0098,47.995,47.995,305,2022-03-29 17:54:00,CG
48.01,48.01,48.01,48.01,400,2022-03-29 17:56:00,CG
48.02,48.07,48.01,48.07,3200,2022-03-29 17:57:00,CG
48.065,48.0685,48.065,48.0685,350,2022-03-29 17:58:00,CG
48.07,48.07,48.06,48.06,1718,2022-03-29 17:59:00,CG
48.05,48.05,48.04,48.05,800,2022-03-29 18:00:00,CG
48.04,48.04,48.04,48.04,400,2022-03-29 18:01:00,CG
48.06,48.06,48.05,48.05,200,2022-03-29 18:02:00,CG
48.05,48.05,47.98,48.0,5866,2022-03-29 18:03:00,CG
47.97,47.995,47.97,47.995,700,2022-03-29 18:04:00,CG
47.995,48.0,47.99,48.0,1364,2022-03-29 18:05:00,CG
47.98,47.98,47.96,47.9799,1557,2022-03-29 18:06:00,CG
47.97,48.0295,47.97,48.0295,930,2022-03-29 18:07:00,CG
48.02,48.02,48.02,48.02,100,2022-03-29 18:08:00,CG
48.0367,48.0367,48.0367,48.0367,125,2022-03-29 18:09:00,CG
48.0695,48.0695,48.0597,48.0597,638,2022-03-29 18:10:00,CG
48.055,48.055,48.055,48.055,600,2022-03-29 18:11:00,CG
48.07,48.07,48.07,48.07,600,2022-03-29 18:12:00,CG
48.08,48.1,48.065,48.0795,3501,2022-03-29 18:13:00,CG
48.085,48.085,48.085,48.085,400,2022-03-29 18:14:00,CG
48.08,48.08,48.05,48.08,1867,2022-03-29 18:15:00,CG
48.099,48.099,47.98,47.98,6176,2022-03-29 18:16:00,CG
48.01,48.01,48.01,48.01,759,2022-03-29 18:17:00,CG
48.0,48.02,47.98,47.98,903,2022-03-29 18:18:00,CG
47.9654,48.0,47.9654,47.99,2414,2022-03-29 18:19:00,CG
47.99,48.0,47.99,48.0,700,2022-03-29 18:20:00,CG
48.0,48.005,47.982,47.982,1464,2022-03-29 18:21:00,CG
48.0,48.01,48.0,48.01,600,2022-03-29 18:22:00,CG
48.06,48.08,48.05,48.05,2467,2022-03-29 18:23:00,CG
48.05,48.08,48.05,48.08,536,2022-03-29 18:24:00,CG
48.0585,48.07,48.0585,48.07,400,2022-03-29 18:25:00,CG
48.07,48.08,48.06,48.06,953,2022-03-29 18:26:00,CG
48.07,48.1,48.07,48.1,554,2022-03-29 18:27:00,CG
48.1,48.11,48.08,48.08,3143,2022-03-29 18:28:00,CG
48.07,48.07,48.06,48.07,1000,2022-03-29 18:30:00,CG
48.08,48.08,48.07,48.08,547,2022-03-29 18:31:00,CG
48.08,48.105,48.08,48.1,3206,2022-03-29 18:32:00,CG
48.07,48.07,48.04,48.04,1824,2022-03-29 18:33:00,CG
48.08,48.11,48.08,48.1,3223,2022-03-29 18:34:00,CG
48.1,48.105,48.08,48.09,2005,2022-03-29 18:35:00,CG
48.085,48.1,48.0805,48.09,1470,2022-03-29 18:36:00,CG
48.09,48.09,48.04,48.07,3203,2022-03-29 18:37:00,CG
48.09,48.11,48.09,48.11,2100,2022-03-29 18:38:00,CG
48.1,48.1,48.1,48.1,200,2022-03-29 18:39:00,CG
48.09,48.12,48.07,48.12,2900,2022-03-29 18:40:00,CG
48.15,48.15,48.12,48.12,996,2022-03-29 18:41:00,CG
48.12,48.16,48.12,48.16,1734,2022-03-29 18:42:00,CG
48.16,48.16,48.07,48.13,6197,2022-03-29 18:43:00,CG
48.12,48.12,48.105,48.105,300,2022-03-29 18:44:00,CG
48.105,48.1206,48.105,48.12,535,2022-03-29 18:45:00,CG
48.11,48.15,48.11,48.13,2883,2022-03-29 18:46:00,CG
48.1596,48.16,48.1596,48.16,852,2022-03-29 18:47:00,CG
48.16,48.18,48.16,48.1797,2300,2022-03-29 18:48:00,CG
48.18,48.18,48.145,48.15,7720,2022-03-29 18:49:00,CG
48.14,48.1622,48.14,48.15,1000,2022-03-29 18:50:00,CG
48.17,48.17,48.16,48.17,600,2022-03-29 18:51:00,CG
48.19,48.22,48.19,48.19,1428,2022-03-29 18:52:00,CG
48.195,48.195,48.195,48.195,100,2022-03-29 18:53:00,CG
48.2,48.2,48.18,48.18,1100,2022-03-29 18:54:00,CG
48.17,48.17,48.13,48.16,3849,2022-03-29 18:55:00,CG
48.17,48.23,48.17,48.225,2684,2022-03-29 18:56:00,CG
48.215,48.215,48.215,48.215,400,2022-03-29 18:57:00,CG
48.21,48.22,48.17,48.175,3272,2022-03-29 18:58:00,CG
48.17,48.175,48.13,48.15,6176,2022-03-29 18:59:00,CG
48.15,48.16,48.1,48.105,2362,2022-03-29 19:00:00,CG
48.0954,48.0954,48.0954,48.0954,200,2022-03-29 19:01:00,CG
48.12,48.13,48.09,48.09,2532,2022-03-29 19:03:00,CG
48.11,48.13,48.1,48.13,1847,2022-03-29 19:04:00,CG
48.17,48.2,48.17,48.19,3318,2022-03-29 19:05:00,CG
48.2098,48.24,48.2098,48.23,1000,2022-03-29 19:06:00,CG
48.23,48.23,48.23,48.23,334,2022-03-29 19:07:00,CG
48.235,48.25,48.16,48.16,6382,2022-03-29 19:08:00,CG
48.15,48.1651,48.14,48.1498,2940,2022-03-29 19:09:00,CG
48.14,48.14,48.14,48.14,200,2022-03-29 19:10:00,CG
48.13,48.14,48.12,48.12,1900,2022-03-29 19:11:00,CG
48.11,48.115,48.11,48.115,983,2022-03-29 19:12:00,CG
48.11,48.13,48.11,48.12,600,2022-03-29 19:13:00,CG
48.125,48.125,48.1,48.1,1031,2022-03-29 19:14:00,CG
48.1001,48.1001,48.09,48.1,3275,2022-03-29 19:15:00,CG
48.08,48.11,48.07,48.11,1899,2022-03-29 19:16:00,CG
48.13,48.165,48.1257,48.165,1000,2022-03-29 19:17:00,CG
48.15,48.17,48.14,48.17,2320,2022-03-29 19:18:00,CG
48.175,48.21,48.175,48.2,900,2022-03-29 19:19:00,CG
48.21,48.2193,48.21,48.215,1510,2022-03-29 19:20:00,CG
48.22,48.23,48.18,48.18,1463,2022-03-29 19:21:00,CG
48.18,48.18,48.18,48.18,300,2022-03-29 19:22:00,CG
48.1761,48.19,48.16,48.17,5129,2022-03-29 19:23:00,CG
48.18,48.19,48.15,48.16,1538,2022-03-29 19:24:00,CG
48.155,48.16,48.15,48.15,750,2022-03-29 19:25:00,CG
48.155,48.2,48.155,48.19,2972,2022-03-29 19:26:00,CG
48.205,48.205,48.175,48.18,3096,2022-03-29 19:27:00,CG
48.18,48.18,48.1738,48.1738,800,2022-03-29 19:28:00,CG
48.2,48.205,48.185,48.2,1500,2022-03-29 19:29:00,CG
48.204,48.21,48.2,48.21,905,2022-03-29 19:31:00,CG
48.22,48.25,48.22,48.25,1200,2022-03-29 19:32:00,CG
48.25,48.3,48.25,48.3,3600,2022-03-29 19:33:00,CG
48.28,48.28,48.251,48.27,2517,2022-03-29 19:34:00,CG
48.26,48.29,48.26,48.28,2106,2022-03-29 19:35:00,CG
48.2764,48.32,48.2764,48.3,1105,2022-03-29 19:36:00,CG
48.32,48.32,48.26,48.26,3230,2022-03-29 19:37:00,CG
48.265,48.27,48.26,48.265,932,2022-03-29 19:38:00,CG
48.26,48.26,48.23,48.24,3032,2022-03-29 19:39:00,CG
48.24,48.25,48.24,48.25,1120,2022-03-29 19:40:00,CG
48.245,48.25,48.23,48.23,2340,2022-03-29 19:41:00,CG
48.22,48.22,48.17,48.175,1671,2022-03-29 19:42:00,CG
48.175,48.175,48.1481,48.16,3176,2022-03-29 19:43:00,CG
48.16,48.17,48.135,48.16,2100,2022-03-29 19:44:00,CG
48.17,48.19,48.155,48.18,9371,2022-03-29 19:45:00,CG
48.18,48.235,48.18,48.235,1906,2022-03-29 19:46:00,CG
48.25,48.25,48.2,48.21,6624,2022-03-29 19:47:00,CG
48.2,48.2,48.173,48.2,4020,2022-03-29 19:48:00,CG
48.21,48.21,48.15,48.19,12935,2022-03-29 19:49:00,CG
48.18,48.18,48.12,48.145,2503,2022-03-29 19:50:00,CG
48.16,48.16,48.09,48.1,9943,2022-03-29 19:51:00,CG
48.11,48.12,48.06,48.1,7402,2022-03-29 19:52:00,CG
48.09,48.09,47.99,48.01,4991,2022-03-29 19:53:00,CG
48.015,48.05,48.0,48.03,6392,2022-03-29 19:54:00,CG
48.0215,48.06,48.0215,48.06,6023,2022-03-29 19:55:00,CG
48.06,48.06,48.04,48.055,4929,2022-03-29 19:56:00,CG
48.06,48.08,48.04,48.08,7781,2022-03-29 19:57:00,CG
48.065,48.09,48.065,48.09,4190,2022-03-29 19:58:00,CG
48.08,48.08,48.03,48.08,16198,2022-03-29 19:59:00,CG
48.07,48.07,48.07,48.07,108565,2022-03-29 20:00:00,CG
48.07,48.07,48.07,48.07,945,2022-03-29 20:02:00,CG
48.07,48.07,48.07,48.07,9935,2022-03-29 20:34:00,CG
48.06,48.06,48.06,48.06,2080,2022-03-30 08:00:00,CG
47.81,47.81,47.81,47.81,100,2022-03-30 13:29:00,CG
47.58,47.94,47.5,47.93,18805,2022-03-30 13:30:00,CG
47.8076,47.89,47.71,47.77,1001,2022-03-30 13:31:00,CG
47.93,47.93,47.93,47.93,100,2022-03-30 13:32:00,CG
47.84,47.92,47.52,47.52,1300,2022-03-30 13:33:00,CG
47.6,47.64,47.6,47.64,213,2022-03-30 13:34:00,CG
47.53,47.53,47.39,47.39,3200,2022-03-30 13:36:00,CG
47.35,47.39,47.327,47.35,1012,2022-03-30 13:37:00,CG
47.305,47.32,47.14,47.22,3176,2022-03-30 13:38:00,CG
47.2,47.21,47.19,47.19,1200,2022-03-30 13:39:00,CG
47.195,47.29,47.06,47.1,46229,2022-03-30 13:40:00,CG
47.11,47.26,47.11,47.26,2469,2022-03-30 13:41:00,CG
47.2,47.2,47.2,47.2,100,2022-03-30 13:42:00,CG
47.295,47.295,47.29,47.29,300,2022-03-30 13:43:00,CG
47.36,47.46,47.3,47.37,4968,2022-03-30 13:44:00,CG
47.45,47.56,47.41,47.485,6193,2022-03-30 13:45:00,CG
47.42,47.42,47.34,47.34,823,2022-03-30 13:46:00,CG
47.41,47.41,47.41,47.41,200,2022-03-30 13:47:00,CG
47.43,47.59,47.3925,47.59,983,2022-03-30 13:48:00,CG
47.495,47.555,47.41,47.41,2100,2022-03-30 13:49:00,CG
47.48,47.48,47.48,47.48,100,2022-03-30 13:51:00,CG
47.46,47.58,47.45,47.45,802,2022-03-30 13:52:00,CG
47.5132,47.5132,47.37,47.37,730,2022-03-30 13:53:00,CG
47.4165,47.46,47.4165,47.44,1183,2022-03-30 13:54:00,CG
47.5,47.55,47.49,47.51,2520,2022-03-30 13:55:00,CG
47.5,47.5292,47.49,47.5292,637,2022-03-30 13:56:00,CG
47.465,47.51,47.42,47.44,600,2022-03-30 13:57:00,CG
47.43,47.48,47.42,47.47,1527,2022-03-30 13:59:00,CG
47.48,47.55,47.48,47.55,1100,2022-03-30 14:00:00,CG
47.501,47.57,47.501,47.57,500,2022-03-30 14:01:00,CG
47.57,47.59,47.49,47.49,3729,2022-03-30 14:02:00,CG
47.5,47.5,47.48,47.5,1098,2022-03-30 14:03:00,CG
47.47,47.47,47.4606,47.4606,620,2022-03-30 14:04:00,CG
47.51,47.535,47.49,47.51,807,2022-03-30 14:05:00,CG
47.5,47.5,47.4802,47.4802,544,2022-03-30 14:06:00,CG
47.48,47.54,47.48,47.4907,600,2022-03-30 14:07:00,CG
47.54,47.54,47.528,47.528,900,2022-03-30 14:08:00,CG
47.56,47.61,47.56,47.59,819,2022-03-30 14:09:00,CG
47.61,47.63,47.585,47.63,600,2022-03-30 14:10:00,CG
47.619,47.63,47.55,47.55,1256,2022-03-30 14:11:00,CG
47.53,47.55,47.49,47.495,900,2022-03-30 14:12:00,CG
47.53,47.53,47.53,47.53,400,2022-03-30 14:13:00,CG
47.56,47.56,47.56,47.56,300,2022-03-30 14:14:00,CG
47.64,47.71,47.63,47.63,3213,2022-03-30 14:15:00,CG
47.65,47.7,47.65,47.7,422,2022-03-30 14:16:00,CG
47.64,47.64,47.6,47.63,1500,2022-03-30 14:17:00,CG
47.6,47.6,47.56,47.56,487,2022-03-30 14:18:00,CG
47.56,47.58,47.55,47.55,580,2022-03-30 14:19:00,CG
47.6,47.6438,47.6,47.6438,780,2022-03-30 14:20:00,CG
47.67,47.67,47.635,47.635,580,2022-03-30 14:21:00,CG
47.69,47.76,47.69,47.76,1237,2022-03-30 14:22:00,CG
47.75,47.75,47.618,47.618,2500,2022-03-30 14:23:00,CG
47.64,47.67,47.61,47.61,2700,2022-03-30 14:25:00,CG
47.62,47.6245,47.58,47.585,813,2022-03-30 14:26:00,CG
47.57,47.57,47.553,47.553,300,2022-03-30 14:27:00,CG
47.555,47.62,47.555,47.61,1324,2022-03-30 14:28:00,CG
47.64,47.67,47.64,47.67,200,2022-03-30 14:29:00,CG
47.67,47.67,47.66,47.66,1571,2022-03-30 14:30:00,CG
47.64,47.67,47.64,47.64,800,2022-03-30 14:31:00,CG
47.655,47.655,47.63,47.63,400,2022-03-30 14:32:00,CG
47.595,47.6048,47.58,47.58,840,2022-03-30 14:33:00,CG
47.59,47.65,47.59,47.65,969,2022-03-30 14:34:00,CG
47.59,47.59,47.505,47.505,2946,2022-03-30 14:35:00,CG
47.5127,47.52,47.49,47.4987,1130,2022-03-30 14:36:00,CG
47.47,47.51,47.47,47.51,847,2022-03-30 14:37:00,CG
47.55,47.565,47.55,47.5575,540,2022-03-30 14:38:00,CG
47.54,47.54,47.48,47.52,1500,2022-03-30 14:39:00,CG
47.5,47.55,47.45,47.45,2187,2022-03-30 14:40:00,CG
47.46,47.46,47.43,47.43,600,2022-03-30 14:41:00,CG
47.47,47.47,47.43,47.45,400,2022-03-30 14:42:00,CG
47.45,47.48,47.43,47.48,375,2022-03-30 14:43:00,CG
47.45,47.47,47.45,47.45,300,2022-03-30 14:44:00,CG
47.48,47.48,47.4542,47.4542,415,2022-03-30 14:45:00,CG
47.47,47.47,47.425,47.44,1098,2022-03-30 14:46:00,CG
47.46,47.465,47.4508,47.46,1300,2022-03-30 14:47:00,CG
47.48,47.5,47.465,47.465,5052,2022-03-30 14:48:00,CG
47.465,47.495,47.465,47.47,1307,2022-03-30 14:49:00,CG
47.4926,47.4926,47.44,47.45,3132,2022-03-30 14:50:00,CG
47.46,47.48,47.43,47.43,1669,2022-03-30 14:51:00,CG
47.42,47.425,47.41,47.41,700,2022-03-30 14:52:00,CG
47.41,47.4299,47.41,47.41,1150,2022-03-30 14:53:00,CG
47.41,47.41,47.33,47.335,1662,2022-03-30 14:54:00,CG
47.335,47.335,47.3,47.32,1300,2022-03-30 14:55:00,CG
47.325,47.325,47.325,47.325,301,2022-03-30 14:56:00,CG
47.3364,47.3364,47.3364,47.3364,591,2022-03-30 14:57:00,CG
47.3,47.33,47.3,47.33,601,2022-03-30 14:58:00,CG
47.325,47.34,47.27,47.27,4306,2022-03-30 14:59:00,CG
47.31,47.315,47.31,47.315,940,2022-03-30 15:00:00,CG
47.32,47.3496,47.32,47.3496,600,2022-03-30 15:01:00,CG
47.36,47.39,47.36,47.39,200,2022-03-30 15:02:00,CG
47.35,47.35,47.31,47.31,1200,2022-03-30 15:03:00,CG
47.3,47.3,47.23,47.28,1800,2022-03-30 15:04:00,CG
47.285,47.2904,47.26,47.28,529,2022-03-30 15:05:00,CG
47.26,47.26,47.24,47.26,600,2022-03-30 15:06:00,CG
47.235,47.24,47.21,47.21,1700,2022-03-30 15:07:00,CG
47.205,47.205,47.13,47.13,2335,2022-03-30 15:08:00,CG
47.15,47.15,47.14,47.145,800,2022-03-30 15:09:00,CG
47.15,47.15,47.15,47.15,100,2022-03-30 15:10:00,CG
47.15,47.17,47.085,47.09,2000,2022-03-30 15:11:00,CG
47.095,47.0977,47.09,47.09,424,2022-03-30 15:12:00,CG
47.08,47.14,47.08,47.14,980,2022-03-30 15:13:00,CG
47.14,47.17,47.14,47.15,1162,2022-03-30 15:14:00,CG
47.17,47.2,47.14,47.2,6333,2022-03-30 15:15:00,CG
47.18,47.18,47.165,47.165,864,2022-03-30 15:16:00,CG
47.1624,47.18,47.15,47.18,967,2022-03-30 15:17:00,CG
47.2,47.2,47.175,47.175,200,2022-03-30 15:18:00,CG
47.21,47.22,47.21,47.22,1895,2022-03-30 15:19:00,CG
47.29,47.29,47.29,47.29,200,2022-03-30 15:20:00,CG
47.3,47.3,47.19,47.26,2955,2022-03-30 15:21:00,CG
47.235,47.235,47.15,47.18,2126,2022-03-30 15:22:00,CG
47.2437,47.2437,47.2437,47.2437,112,2022-03-30 15:23:00,CG
47.2382,47.2382,47.2382,47.2382,100,2022-03-30 15:24:00,CG
47.23,47.23,47.19,47.19,509,2022-03-30 15:25:00,CG
47.17,47.17,47.14,47.15,1099,2022-03-30 15:26:00,CG
47.13,47.17,47.125,47.17,1115,2022-03-30 15:27:00,CG
47.2,47.2,47.15,47.15,200,2022-03-30 15:28:00,CG
47.1896,47.23,47.1896,47.19,1990,2022-03-30 15:29:00,CG
47.19,47.2,47.19,47.2,300,2022-03-30 15:31:00,CG
47.2,47.22,47.2,47.22,314,2022-03-30 15:32:00,CG
47.23,47.24,47.23,47.24,200,2022-03-30 15:33:00,CG
47.29,47.42,47.28,47.41,10084,2022-03-30 15:34:00,CG
47.41,47.46,47.35,47.45,12646,2022-03-30 15:35:00,CG
47.45,47.45,47.36,47.36,1027,2022-03-30 15:36:00,CG
47.32,47.33,47.29,47.33,2510,2022-03-30 15:38:00,CG
47.36,47.4,47.36,47.4,1900,2022-03-30 15:39:00,CG
47.4,47.45,47.36,47.36,24702,2022-03-30 15:40:00,CG
47.38,47.43,47.3408,47.405,1600,2022-03-30 15:41:00,CG
47.38,47.38,47.36,47.36,200,2022-03-30 15:42:00,CG
47.355,47.355,47.355,47.355,114,2022-03-30 15:43:00,CG
47.3631,47.38,47.3631,47.38,1761,2022-03-30 15:44:00,CG
47.3483,47.4,47.3483,47.4,1173,2022-03-30 15:45:00,CG
47.4,47.44,47.39,47.39,700,2022-03-30 15:46:00,CG
47.4,47.4,47.32,47.36,2222,2022-03-30 15:48:00,CG
47.36,47.37,47.34,47.37,2206,2022-03-30 15:50:00,CG
47.37,47.38,47.37,47.38,200,2022-03-30 15:51:00,CG
47.41,47.41,47.36,47.36,766,2022-03-30 15:52:00,CG
47.36,47.36,47.33,47.34,1670,2022-03-30 15:53:00,CG
47.37,47.37,47.32,47.32,394,2022-03-30 15:54:00,CG
47.32,47.32,47.3,47.3,1503,2022-03-30 15:55:00,CG
47.3,47.3,47.3,47.3,355,2022-03-30 15:56:00,CG
47.32,47.33,47.32,47.33,900,2022-03-30 15:57:00,CG
47.33,47.33,47.33,47.33,200,2022-03-30 15:58:00,CG
47.34,47.35,47.34,47.35,1398,2022-03-30 15:59:00,CG
47.375,47.375,47.375,47.375,100,2022-03-30 16:00:00,CG
47.35,47.35,47.32,47.35,2248,2022-03-30 16:01:00,CG
47.4,47.4,47.36,47.4,300,2022-03-30 16:02:00,CG
47.4,47.4,47.4,47.4,200,2022-03-30 16:03:00,CG
47.38,47.41,47.38,47.41,1000,2022-03-30 16:04:00,CG
47.39,47.39,47.33,47.33,1200,2022-03-30 16:05:00,CG
47.32,47.32,47.32,47.32,200,2022-03-30 16:06:00,CG
47.3,47.3,47.3,47.3,100,2022-03-30 16:07:00,CG
47.235,47.27,47.218,47.27,2247,2022-03-30 16:08:00,CG
47.29,47.34,47.27,47.34,300,2022-03-30 16:09:00,CG
47.29,47.325,47.29,47.3,1600,2022-03-30 16:10:00,CG
47.29,47.29,47.29,47.29,300,2022-03-30 16:12:00,CG
47.295,47.3056,47.295,47.3056,250,2022-03-30 16:13:00,CG
47.265,47.27,47.25,47.27,2100,2022-03-30 16:15:00,CG
47.26,47.26,47.25,47.25,600,2022-03-30 16:16:00,CG
47.255,47.255,47.2201,47.2201,500,2022-03-30 16:17:00,CG
47.27,47.275,47.27,47.275,902,2022-03-30 16:18:00,CG
47.28,47.28,47.28,47.28,100,2022-03-30 16:19:00,CG
47.3,47.33,47.3,47.33,200,2022-03-30 16:20:00,CG
47.34,47.34,47.29,47.32,700,2022-03-30 16:22:00,CG
47.31,47.31,47.31,47.31,200,2022-03-30 16:23:00,CG
47.33,47.34,47.33,47.34,200,2022-03-30 16:24:00,CG
47.315,47.39,47.315,47.39,300,2022-03-30 16:25:00,CG
47.35,47.35,47.34,47.35,400,2022-03-30 16:26:00,CG
47.33,47.33,47.33,47.33,200,2022-03-30 16:27:00,CG
47.34,47.355,47.34,47.355,500,2022-03-30 16:28:00,CG
47.36,47.36,47.35,47.35,200,2022-03-30 16:29:00,CG
47.36,47.36,47.34,47.34,200,2022-03-30 16:31:00,CG
47.36,47.36,47.355,47.355,627,2022-03-30 16:32:00,CG
47.36,47.37,47.35,47.37,1100,2022-03-30 16:33:00,CG
47.38,47.39,47.38,47.39,300,2022-03-30 16:34:00,CG
47.4,47.45,47.4,47.45,12560,2022-03-30 16:35:00,CG
47.43,47.45,47.41,47.45,1927,2022-03-30 16:36:00,CG
47.4402,47.4402,47.41,47.41,200,2022-03-30 16:38:00,CG
47.44,47.44,47.41,47.41,500,2022-03-30 16:39:00,CG
47.42,47.42,47.41,47.41,600,2022-03-30 16:41:00,CG
47.42,47.42,47.42,47.42,200,2022-03-30 16:42:00,CG
47.42,47.43,47.42,47.43,300,2022-03-30 16:43:00,CG
47.44,47.44,47.4,47.4,1059,2022-03-30 16:45:00,CG
47.41,47.422,47.41,47.422,500,2022-03-30 16:46:00,CG
47.365,47.365,47.365,47.365,100,2022-03-30 16:48:00,CG
47.35,47.35,47.33,47.33,1700,2022-03-30 16:49:00,CG
47.325,47.325,47.325,47.325,15300,2022-03-30 16:50:00,CG
47.34,47.36,47.34,47.35,1190,2022-03-30 16:51:00,CG
47.35,47.38,47.34,47.38,900,2022-03-30 16:52:00,CG
47.34,47.39,47.34,47.39,311,2022-03-30 16:53:00,CG
47.37,47.39,47.3624,47.3624,400,2022-03-30 16:55:00,CG
47.365,47.365,47.35,47.36,600,2022-03-30 16:56:00,CG
47.38,47.38,47.38,47.38,363,2022-03-30 16:57:00,CG
47.39,47.41,47.38,47.41,850,2022-03-30 16:58:00,CG
47.41,47.47,47.41,47.44,1107,2022-03-30 16:59:00,CG
47.45,47.45,47.43,47.43,500,2022-03-30 17:00:00,CG
47.42,47.43,47.4135,47.42,408,2022-03-30 17:01:00,CG
47.405,47.43,47.4,47.415,12355,2022-03-30 17:02:00,CG
47.455,47.455,47.43,47.43,700,2022-03-30 17:03:00,CG
47.44,47.44,47.42,47.42,1127,2022-03-30 17:04:00,CG
47.39,47.41,47.39,47.41,205,2022-03-30 17:05:00,CG
47.37,47.37,47.32,47.32,700,2022-03-30 17:06:00,CG
47.31,47.31,47.31,47.31,100,2022-03-30 17:07:00,CG
47.29,47.29,47.29,47.29,344,2022-03-30 17:08:00,CG
47.32,47.32,47.32,47.32,100,2022-03-30 17:09:00,CG
47.3121,47.32,47.3121,47.32,520,2022-03-30 17:10:00,CG
47.33,47.35,47.32,47.32,2006,2022-03-30 17:11:00,CG
47.31,47.31,47.31,47.31,200,2022-03-30 17:12:00,CG
47.34,47.34,47.34,47.34,100,2022-03-30 17:14:00,CG
47.36,47.37,47.34,47.37,1447,2022-03-30 17:15:00,CG
47.33,47.33,47.3,47.32,1179,2022-03-30 17:16:00,CG
47.33,47.33,47.29,47.29,600,2022-03-30 17:17:00,CG
47.27,47.28,47.27,47.28,3011,2022-03-30 17:18:00,CG
47.28,47.3,47.28,47.3,1445,2022-03-30 17:19:00,CG
47.29,47.29,47.27,47.29,2786,2022-03-30 17:20:00,CG
47.27,47.28,47.27,47.28,2849,2022-03-30 17:21:00,CG
47.28,47.3,47.28,47.3,1044,2022-03-30 17:22:00,CG
47.29,47.34,47.29,47.34,806,2022-03-30 17:23:00,CG
47.32,47.34,47.32,47.3302,720,2022-03-30 17:24:00,CG
47.32,47.32,47.28,47.29,1348,2022-03-30 17:25:00,CG
47.29,47.3,47.29,47.3,712,2022-03-30 17:26:00,CG
47.2875,47.2875,47.285,47.285,272,2022-03-30 17:27:00,CG
47.285,47.285,47.24,47.24,3876,2022-03-30 17:28:00,CG
47.235,47.26,47.23,47.26,1947,2022-03-30 17:29:00,CG
47.27,47.2708,47.27,47.2708,839,2022-03-30 17:30:00,CG
47.2503,47.2503,47.2503,47.2503,390,2022-03-30 17:31:00,CG
47.242,47.27,47.242,47.27,700,2022-03-30 17:32:00,CG
47.29,47.32,47.29,47.32,764,2022-03-30 17:33:00,CG
47.29,47.295,47.29,47.295,700,2022-03-30 17:34:00,CG
47.3,47.33,47.3,47.33,1100,2022-03-30 17:35:00,CG
47.32,47.32,47.29,47.3099,1000,2022-03-30 17:36:00,CG
47.31,47.31,47.29,47.2949,347,2022-03-30 17:37:00,CG
47.2954,47.3,47.28,47.29,1050,2022-03-30 17:38:00,CG
47.27,47.27,47.26,47.26,824,2022-03-30 17:39:00,CG
47.2,47.2,47.2,47.2,400,2022-03-30 17:40:00,CG
47.2001,47.2001,47.2001,47.2001,205,2022-03-30 17:41:00,CG
47.21,47.22,47.205,47.205,1297,2022-03-30 17:42:00,CG
47.22,47.24,47.22,47.2278,808,2022-03-30 17:43:00,CG
47.23,47.23,47.2,47.2,700,2022-03-30 17:44:00,CG
47.161,47.18,47.161,47.18,451,2022-03-30 17:45:00,CG
47.2,47.29,47.19,47.27,5143,2022-03-30 17:48:00,CG
47.31,47.31,47.28,47.305,3318,2022-03-30 17:49:00,CG
47.32,47.34,47.31,47.31,2075,2022-03-30 17:50:00,CG
47.3,47.31,47.28,47.28,700,2022-03-30 17:51:00,CG
47.29,47.29,47.28,47.28,200,2022-03-30 17:52:00,CG
47.29,47.31,47.28,47.31,1000,2022-03-30 17:53:00,CG
47.31,47.31,47.27,47.27,1025,2022-03-30 17:55:00,CG
47.27,47.27,47.23,47.23,200,2022-03-30 17:56:00,CG
47.24,47.24,47.22,47.22,200,2022-03-30 17:57:00,CG
47.21,47.21,47.19,47.19,200,2022-03-30 17:58:00,CG
47.17,47.1995,47.17,47.175,757,2022-03-30 17:59:00,CG
47.2,47.21,47.2,47.205,1398,2022-03-30 18:00:00,CG
47.19,47.19,47.17,47.17,580,2022-03-30 18:01:00,CG
47.16,47.16,47.16,47.16,100,2022-03-30 18:02:00,CG
47.2,47.21,47.2,47.21,300,2022-03-30 18:03:00,CG
47.22,47.235,47.2,47.21,1415,2022-03-30 18:04:00,CG
47.19,47.19,47.19,47.19,100,2022-03-30 18:05:00,CG
47.2,47.21,47.2,47.21,1784,2022-03-30 18:06:00,CG
47.21,47.21,47.19,47.19,600,2022-03-30 18:07:00,CG
47.18,47.19,47.18,47.19,500,2022-03-30 18:08:00,CG
47.22,47.235,47.22,47.235,800,2022-03-30 18:09:00,CG
47.23,47.2599,47.22,47.2599,410,2022-03-30 18:10:00,CG
47.22,47.22,47.22,47.22,300,2022-03-30 18:11:00,CG
47.24,47.24,47.24,47.24,100,2022-03-30 18:12:00,CG
47.24,47.24,47.24,47.24,100,2022-03-30 18:13:00,CG
47.2396,47.24,47.2,47.22,2127,2022-03-30 18:14:00,CG
47.19,47.19,47.17,47.19,500,2022-03-30 18:15:00,CG
47.16,47.16,47.16,47.16,300,2022-03-30 18:16:00,CG
47.1504,47.16,47.14,47.14,2431,2022-03-30 18:17:00,CG
47.15,47.15,47.15,47.15,244,2022-03-30 18:18:00,CG
47.1203,47.1203,47.1203,47.1203,530,2022-03-30 18:19:00,CG
47.12,47.12,47.08,47.08,3112,2022-03-30 18:20:00,CG
47.06,47.06,47.03,47.03,1600,2022-03-30 18:21:00,CG
47.02,47.02,47.01,47.01,1190,2022-03-30 18:22:00,CG
47.01,47.02,46.98,46.99,11615,2022-03-30 18:23:00,CG
46.9997,47.03,46.97,47.02,3738,2022-03-30 18:24:00,CG
47.02,47.04,47.0,47.0,1738,2022-03-30 18:25:00,CG
47.01,47.01,46.99,47.01,1656,2022-03-30 18:26:00,CG
46.98,46.99,46.98,46.99,1518,2022-03-30 18:27:00,CG
47.01,47.069,47.01,47.069,2338,2022-03-30 18:28:00,CG
47.07,47.1,47.07,47.09,764,2022-03-30 18:29:00,CG
47.08,47.08,47.05,47.07,1700,2022-03-30 18:30:00,CG
47.07,47.07,47.07,47.07,200,2022-03-30 18:31:00,CG
47.06,47.075,47.04,47.075,2350,2022-03-30 18:32:00,CG
47.07,47.07,47.07,47.07,210,2022-03-30 18:33:00,CG
47.08,47.09,47.05,47.06,2048,2022-03-30 18:34:00,CG
47.065,47.07,47.05,47.05,2445,2022-03-30 18:35:00,CG
47.07,47.07,47.05,47.05,1000,2022-03-30 18:36:00,CG
47.05,47.09,47.05,47.075,1555,2022-03-30 18:37:00,CG
47.075,47.09,47.06,47.07,1323,2022-03-30 18:38:00,CG
47.06,47.06,47.04,47.04,1319,2022-03-30 18:39:00,CG
47.025,47.04,47.02,47.02,2150,2022-03-30 18:40:00,CG
47.02,47.02,46.96,46.96,2091,2022-03-30 18:41:00,CG
46.94,46.9484,46.89,46.92,1368,2022-03-30 18:42:00,CG
46.88,46.885,46.88,46.88,700,2022-03-30 18:43:00,CG
46.87,46.87,46.85,46.8675,4486,2022-03-30 18:44:00,CG
46.85,46.855,46.84,46.84,1550,2022-03-30 18:45:00,CG
46.84,46.8617,46.8,46.8,1395,2022-03-30 18:46:00,CG
46.8,46.8,46.77,46.77,1201,2022-03-30 18:47:00,CG
46.77,46.81,46.77,46.8,3900,2022-03-30 18:48:00,CG
46.79,46.79,46.78,46.79,1000,2022-03-30 18:49:00,CG
46.77,46.79,46.77,46.79,1114,2022-03-30 18:50:00,CG
46.8,46.8,46.74,46.77,2700,2022-03-30 18:51:00,CG
46.73,46.75,46.71,46.75,2972,2022-03-30 18:52:00,CG
46.74,46.74,46.73,46.73,600,2022-03-30 18:53:00,CG
46.73,46.74,46.72,46.72,1556,2022-03-30 18:54:00,CG
46.74,46.795,46.73,46.795,3900,2022-03-30 18:55:00,CG
46.78,46.78,46.765,46.765,584,2022-03-30 18:56:00,CG
46.76,46.76,46.76,46.76,200,2022-03-30 18:57:00,CG
46.7,46.7,46.7,46.7,1200,2022-03-30 18:58:00,CG
46.685,46.69,46.67,46.68,1300,2022-03-30 18:59:00,CG
46.68,46.69,46.67,46.67,3802,2022-03-30 19:00:00,CG
46.67,46.68,46.65,46.68,4022,2022-03-30 19:01:00,CG
46.6702,46.6702,46.63,46.63,3056,2022-03-30 19:02:00,CG
46.63,46.63,46.63,46.63,100,2022-03-30 19:03:00,CG
46.61,46.61,46.57,46.59,2103,2022-03-30 19:04:00,CG
46.605,46.64,46.59,46.61,3505,2022-03-30 19:05:00,CG
46.63,46.65,46.63,46.65,1200,2022-03-30 19:06:00,CG
46.6616,46.6616,46.63,46.64,2580,2022-03-30 19:07:00,CG
46.6561,46.6561,46.63,46.645,1670,2022-03-30 19:08:00,CG
46.62,46.62,46.5902,46.61,3745,2022-03-30 19:09:00,CG
46.61,46.62,46.61,46.62,1200,2022-03-30 19:10:00,CG
46.615,46.629,46.57,46.58,2574,2022-03-30 19:11:00,CG
46.57,46.5932,46.57,46.5932,3664,2022-03-30 19:12:00,CG
46.6,46.63,46.6,46.62,4075,2022-03-30 19:13:00,CG
46.6596,46.69,46.64,46.68,3234,2022-03-30 19:14:00,CG
46.7,46.71,46.68,46.68,2278,2022-03-30 19:15:00,CG
46.7,46.7,46.66,46.6709,1859,2022-03-30 19:16:00,CG
46.64,46.64,46.54,46.57,9398,2022-03-30 19:17:00,CG
46.555,46.555,46.5,46.53,3898,2022-03-30 19:18:00,CG
46.535,46.5415,46.52,46.52,1747,2022-03-30 19:19:00,CG
46.515,46.515,46.46,46.46,2600,2022-03-30 19:20:00,CG
46.47,46.47,46.44,46.46,3226,2022-03-30 19:21:00,CG
46.45,46.45,46.4,46.41,3902,2022-03-30 19:22:00,CG
46.4,46.41,46.4,46.41,540,2022-03-30 19:23:00,CG
46.41,46.43,46.4,46.43,4150,2022-03-30 19:24:00,CG
46.4363,46.45,46.43,46.44,1515,2022-03-30 19:25:00,CG
46.45,46.47,46.45,46.47,2290,2022-03-30 19:26:00,CG
46.47,46.48,46.47,46.48,1400,2022-03-30 19:27:00,CG
46.48,46.52,46.48,46.5,2622,2022-03-30 19:28:00,CG
46.5,46.57,46.5,46.55,2000,2022-03-30 19:29:00,CG
46.54,46.56,46.52,46.55,2474,2022-03-30 19:30:00,CG
46.54,46.56,46.53,46.53,1832,2022-03-30 19:31:00,CG
46.54,46.58,46.54,46.55,2900,2022-03-30 19:32:00,CG
46.56,46.59,46.54,46.59,3308,2022-03-30 19:33:00,CG
46.59,46.59,46.56,46.57,1600,2022-03-30 19:34:00,CG
46.56,46.59,46.56,46.59,2670,2022-03-30 19:35:00,CG
46.56,46.56,46.56,46.56,1200,2022-03-30 19:36:00,CG
46.58,46.6,46.58,46.58,3020,2022-03-30 19:37:00,CG
46.59,46.6,46.56,46.56,5657,2022-03-30 19:38:00,CG
46.555,46.56,46.55,46.55,2500,2022-03-30 19:39:00,CG
46.55,46.55,46.5,46.52,3723,2022-03-30 19:40:00,CG
46.49,46.49,46.45,46.48,4400,2022-03-30 19:41:00,CG
46.51,46.569,46.51,46.569,2350,2022-03-30 19:42:00,CG
46.54,46.56,46.53,46.53,1839,2022-03-30 19:43:00,CG
46.54,46.55,46.49,46.49,2800,2022-03-30 19:44:00,CG
46.52,46.56,46.52,46.56,3600,2022-03-30 19:45:00,CG
46.565,46.59,46.55,46.57,3596,2022-03-30 19:46:00,CG
46.575,46.6,46.56,46.56,7240,2022-03-30 19:47:00,CG
46.56,46.58,46.55,46.575,3400,2022-03-30 19:48:00,CG
46.58,46.59,46.55,46.55,4017,2022-03-30 19:49:00,CG
46.54,46.59,46.485,46.51,8940,2022-03-30 19:50:00,CG
46.5,46.5299,46.49,46.49,3656,2022-03-30 19:51:00,CG
46.49,46.5,46.47,46.49,2780,2022-03-30 19:52:00,CG
46.49,46.51,46.48,46.4999,3808,2022-03-30 19:53:00,CG
46.49,46.52,46.475,46.5,3133,2022-03-30 19:54:00,CG
46.51,46.575,46.51,46.57,6888,2022-03-30 19:55:00,CG
46.58,46.59,46.57,46.58,6630,2022-03-30 19:56:00,CG
46.58,46.62,46.575,46.59,15966,2022-03-30 19:57:00,CG
46.58,46.59,46.56,46.5731,9322,2022-03-30 19:58:00,CG
46.58,46.69,46.54,46.69,28224,2022-03-30 19:59:00,CG
46.69,46.69,46.69,46.69,95781,2022-03-30 20:00:00,CG
46.69,46.69,46.69,46.69,1707,2022-03-30 20:01:00,CG
46.69,46.69,46.69,46.69,277,2022-03-30 20:02:00,CG
46.69,46.69,46.69,46.69,1879,2022-03-30 20:03:00,CG
