open,high,low,close,volume,datetime,symbol
240.5,240.5,240.5,240.5,1608,2022-03-01 14:30:00,CHDN
240.48,240.48,240.48,240.48,100,2022-03-01 14:36:00,CHDN
239.625,239.625,239.625,239.625,100,2022-03-01 14:41:00,CHDN
238.975,238.975,238.975,238.975,100,2022-03-01 14:45:00,CHDN
237.995,237.995,237.995,237.995,100,2022-03-01 14:50:00,CHDN
237.08,237.395,237.08,237.35,300,2022-03-01 14:52:00,CHDN
237.46,237.46,237.13,237.13,300,2022-03-01 14:53:00,CHDN
237.97,237.97,237.97,237.97,100,2022-03-01 14:56:00,CHDN
238.01,238.01,237.52,237.52,200,2022-03-01 14:58:00,CHDN
237.5,237.5,236.42,236.42,900,2022-03-01 14:59:00,CHDN
236.95,236.95,236.95,236.95,100,2022-03-01 15:00:00,CHDN
236.83,236.83,236.79,236.79,200,2022-03-01 15:01:00,CHDN
236.36,236.36,236.36,236.36,100,2022-03-01 15:02:00,CHDN
236.85,236.85,236.85,236.85,100,2022-03-01 15:03:00,CHDN
236.98,237.33,236.98,237.33,200,2022-03-01 15:05:00,CHDN
237.11,237.65,237.11,237.65,200,2022-03-01 15:06:00,CHDN
237.0,237.0,236.705,236.705,1000,2022-03-01 15:07:00,CHDN
236.745,236.745,236.745,236.745,100,2022-03-01 15:09:00,CHDN
236.22,236.22,236.22,236.22,100,2022-03-01 15:10:00,CHDN
235.63,235.63,235.24,235.24,200,2022-03-01 15:13:00,CHDN
235.21,235.21,235.19,235.19,225,2022-03-01 15:14:00,CHDN
234.99,234.99,234.99,234.99,100,2022-03-01 15:15:00,CHDN
234.69,235.28,234.69,234.98,600,2022-03-01 15:16:00,CHDN
235.52,235.52,235.205,235.205,200,2022-03-01 15:18:00,CHDN
235.321,235.321,235.321,235.321,100,2022-03-01 15:19:00,CHDN
235.36,235.36,235.36,235.36,200,2022-03-01 15:20:00,CHDN
235.83,235.83,235.83,235.83,100,2022-03-01 15:21:00,CHDN
235.43,235.43,234.96,234.96,400,2022-03-01 15:22:00,CHDN
235.245,235.55,235.245,235.55,200,2022-03-01 15:25:00,CHDN
235.62,235.62,235.62,235.62,100,2022-03-01 15:26:00,CHDN
234.94,235.39,234.94,235.37,400,2022-03-01 15:27:00,CHDN
235.975,235.975,235.975,235.975,100,2022-03-01 15:28:00,CHDN
235.955,236.005,235.955,236.005,300,2022-03-01 15:29:00,CHDN
236.445,236.445,236.445,236.445,100,2022-03-01 15:31:00,CHDN
237.21,237.21,237.21,237.21,300,2022-03-01 15:34:00,CHDN
237.315,237.82,237.315,237.67,300,2022-03-01 15:38:00,CHDN
236.97,236.97,236.96,236.96,200,2022-03-01 15:40:00,CHDN
236.12,236.12,236.11,236.11,200,2022-03-01 15:44:00,CHDN
235.955,235.955,235.855,235.855,200,2022-03-01 15:45:00,CHDN
235.83,235.83,235.83,235.83,100,2022-03-01 15:46:00,CHDN
236.1,236.1,236.04,236.08,300,2022-03-01 15:47:00,CHDN
236.14,236.14,236.14,236.14,200,2022-03-01 15:51:00,CHDN
235.945,235.945,235.555,235.555,200,2022-03-01 15:52:00,CHDN
236.31,236.455,236.27,236.455,600,2022-03-01 15:53:00,CHDN
235.73,235.73,235.09,235.1,300,2022-03-01 15:56:00,CHDN
235.01,235.01,234.185,234.185,300,2022-03-01 15:58:00,CHDN
235.68,235.75,235.68,235.75,300,2022-03-01 16:03:00,CHDN
235.95,235.95,235.61,235.61,300,2022-03-01 16:06:00,CHDN
236.63,236.63,236.63,236.63,100,2022-03-01 16:19:00,CHDN
236.6,236.6,236.6,236.6,100,2022-03-01 16:20:00,CHDN
236.35,236.35,236.35,236.35,100,2022-03-01 16:28:00,CHDN
236.03,236.03,236.03,236.03,100,2022-03-01 16:29:00,CHDN
235.86,235.86,235.86,235.86,100,2022-03-01 16:30:00,CHDN
235.43,235.43,235.395,235.395,200,2022-03-01 16:32:00,CHDN
234.995,234.995,234.57,234.57,200,2022-03-01 16:45:00,CHDN
234.01,234.16,234.01,234.16,300,2022-03-01 16:46:00,CHDN
234.0,234.0,234.0,234.0,200,2022-03-01 16:48:00,CHDN
233.605,233.605,233.605,233.605,100,2022-03-01 16:50:00,CHDN
233.6,233.6,233.45,233.45,200,2022-03-01 16:54:00,CHDN
233.07,233.07,232.53,232.53,1079,2022-03-01 16:56:00,CHDN
233.2,233.2,232.96,232.96,300,2022-03-01 16:57:00,CHDN
232.53,232.53,232.11,232.11,200,2022-03-01 17:02:00,CHDN
232.3059,232.3059,232.3059,232.3059,100,2022-03-01 17:03:00,CHDN
232.03,232.03,232.03,232.03,200,2022-03-01 17:08:00,CHDN
232.12,232.2,231.74,231.95,700,2022-03-01 17:09:00,CHDN
232.01,232.25,231.91,232.25,400,2022-03-01 17:10:00,CHDN
231.95,232.295,231.93,232.295,400,2022-03-01 17:11:00,CHDN
232.5,232.5,232.5,232.5,100,2022-03-01 17:13:00,CHDN
232.635,233.23,232.635,233.23,300,2022-03-01 17:14:00,CHDN
233.57,233.57,233.035,233.035,500,2022-03-01 17:15:00,CHDN
233.77,234.17,233.77,234.17,400,2022-03-01 17:17:00,CHDN
234.535,234.535,234.535,234.535,100,2022-03-01 17:18:00,CHDN
234.48,234.82,234.355,234.355,400,2022-03-01 17:21:00,CHDN
234.19,234.19,234.19,234.19,100,2022-03-01 17:22:00,CHDN
234.18,234.18,234.18,234.18,100,2022-03-01 17:23:00,CHDN
234.235,234.45,233.7527,234.45,545,2022-03-01 17:24:00,CHDN
234.1697,234.1697,234.12,234.12,304,2022-03-01 17:26:00,CHDN
234.76,234.76,234.76,234.76,100,2022-03-01 17:28:00,CHDN
235.25,235.25,235.25,235.25,105,2022-03-01 17:30:00,CHDN
234.29,234.29,234.29,234.29,200,2022-03-01 17:31:00,CHDN
234.84,234.84,234.5,234.5,200,2022-03-01 17:36:00,CHDN
235.29,235.5,235.29,235.5,300,2022-03-01 17:44:00,CHDN
236.34,236.38,236.34,236.35,300,2022-03-01 17:50:00,CHDN
236.095,236.095,236.095,236.095,200,2022-03-01 17:52:00,CHDN
236.085,236.085,236.01,236.01,200,2022-03-01 17:53:00,CHDN
236.31,236.31,236.31,236.31,100,2022-03-01 17:55:00,CHDN
236.66,236.66,236.66,236.66,100,2022-03-01 17:56:00,CHDN
236.38,236.655,236.38,236.535,400,2022-03-01 17:57:00,CHDN
236.83,236.83,236.3,236.3,300,2022-03-01 17:59:00,CHDN
236.7,236.7,236.17,236.685,300,2022-03-01 18:00:00,CHDN
237.17,237.18,237.17,237.18,200,2022-03-01 18:01:00,CHDN
237.145,237.145,237.13,237.13,200,2022-03-01 18:02:00,CHDN
237.12,237.12,237.12,237.12,100,2022-03-01 18:05:00,CHDN
236.5775,236.5775,236.5775,236.5775,100,2022-03-01 18:06:00,CHDN
236.695,236.82,236.695,236.82,300,2022-03-01 18:08:00,CHDN
236.88,237.04,236.88,237.015,300,2022-03-01 18:09:00,CHDN
236.4,236.4,236.4,236.4,100,2022-03-01 18:14:00,CHDN
236.405,236.405,236.38,236.38,200,2022-03-01 18:15:00,CHDN
235.94,235.96,235.413,235.94,893,2022-03-01 18:18:00,CHDN
235.86,236.03,235.77,235.77,400,2022-03-01 18:19:00,CHDN
235.855,235.855,235.85,235.85,500,2022-03-01 18:21:00,CHDN
236.31,236.69,236.31,236.51,1090,2022-03-01 18:22:00,CHDN
236.64,236.72,235.9601,236.235,1972,2022-03-01 18:23:00,CHDN
236.045,236.045,236.045,236.045,300,2022-03-01 18:24:00,CHDN
236.17,236.17,236.17,236.17,100,2022-03-01 18:25:00,CHDN
235.585,235.585,235.585,235.585,100,2022-03-01 18:26:00,CHDN
235.385,235.385,235.385,235.385,200,2022-03-01 18:28:00,CHDN
235.525,235.83,235.11,235.31,400,2022-03-01 18:29:00,CHDN
235.57,235.57,235.57,235.57,100,2022-03-01 18:30:00,CHDN
235.25,235.65,235.25,235.65,200,2022-03-01 18:31:00,CHDN
235.7,235.7,235.7,235.7,100,2022-03-01 18:33:00,CHDN
235.73,235.73,235.33,235.33,200,2022-03-01 18:34:00,CHDN
235.705,235.705,235.705,235.705,100,2022-03-01 18:39:00,CHDN
235.2,235.2,235.2,235.2,100,2022-03-01 18:40:00,CHDN
235.02,235.02,234.51,234.51,200,2022-03-01 18:42:00,CHDN
234.69,234.69,234.69,234.69,100,2022-03-01 18:45:00,CHDN
234.3,234.38,234.22,234.28,500,2022-03-01 18:46:00,CHDN
234.15,234.15,234.15,234.15,100,2022-03-01 18:49:00,CHDN
234.16,234.16,233.85,233.85,200,2022-03-01 18:51:00,CHDN
234.07,234.35,234.07,234.35,200,2022-03-01 18:57:00,CHDN
234.075,234.075,234.075,234.075,100,2022-03-01 18:59:00,CHDN
233.48,233.48,233.48,233.48,100,2022-03-01 19:00:00,CHDN
233.84,233.84,233.39,233.39,200,2022-03-01 19:01:00,CHDN
234.22,234.22,234.22,234.22,100,2022-03-01 19:10:00,CHDN
233.52,233.52,233.52,233.52,200,2022-03-01 19:11:00,CHDN
233.305,233.72,233.305,233.72,300,2022-03-01 19:12:00,CHDN
233.015,233.015,233.015,233.015,100,2022-03-01 19:14:00,CHDN
233.01,233.01,233.01,233.01,100,2022-03-01 19:15:00,CHDN
233.01,233.19,233.01,233.19,200,2022-03-01 19:16:00,CHDN
232.725,232.725,232.725,232.725,100,2022-03-01 19:17:00,CHDN
233.655,233.655,233.655,233.655,100,2022-03-01 19:18:00,CHDN
234.17,234.77,234.17,234.77,400,2022-03-01 19:22:00,CHDN
234.7,234.7,234.7,234.7,100,2022-03-01 19:23:00,CHDN
234.1,234.1,233.58,233.58,200,2022-03-01 19:24:00,CHDN
234.15,234.15,234.15,234.15,100,2022-03-01 19:30:00,CHDN
234.285,234.285,234.285,234.285,100,2022-03-01 19:31:00,CHDN
233.93,233.93,233.525,233.525,300,2022-03-01 19:32:00,CHDN
233.59,233.59,233.055,233.055,200,2022-03-01 19:33:00,CHDN
233.5,233.5,233.5,233.5,100,2022-03-01 19:34:00,CHDN
233.77,233.77,233.77,233.77,100,2022-03-01 19:35:00,CHDN
233.7269,233.7269,233.7269,233.7269,104,2022-03-01 19:36:00,CHDN
233.92,234.03,233.64,234.03,300,2022-03-01 19:38:00,CHDN
234.125,234.125,234.125,234.125,100,2022-03-01 19:39:00,CHDN
233.74,233.74,233.74,233.74,100,2022-03-01 19:42:00,CHDN
233.885,234.045,233.885,234.045,200,2022-03-01 19:44:00,CHDN
233.59,233.59,233.59,233.59,100,2022-03-01 19:46:00,CHDN
233.645,233.645,233.64,233.64,200,2022-03-01 19:47:00,CHDN
233.27,233.27,233.27,233.27,100,2022-03-01 19:48:00,CHDN
233.0,233.0,233.0,233.0,100,2022-03-01 19:49:00,CHDN
232.81,232.81,232.81,232.81,100,2022-03-01 19:51:00,CHDN
232.1825,232.33,232.1825,232.33,200,2022-03-01 19:53:00,CHDN
232.13,232.43,232.13,232.43,644,2022-03-01 19:56:00,CHDN
231.59,231.59,231.54,231.54,300,2022-03-01 19:57:00,CHDN
231.63,231.78,231.63,231.78,200,2022-03-01 19:59:00,CHDN
231.62,231.62,231.62,231.62,200,2022-03-01 20:00:00,CHDN
231.625,231.625,231.625,231.625,100,2022-03-01 20:01:00,CHDN
232.37,232.37,232.0,232.0,400,2022-03-01 20:03:00,CHDN
232.755,232.755,232.755,232.755,100,2022-03-01 20:07:00,CHDN
232.56,232.56,232.56,232.56,100,2022-03-01 20:09:00,CHDN
232.215,232.36,232.215,232.36,200,2022-03-01 20:10:00,CHDN
232.3,232.44,232.3,232.44,200,2022-03-01 20:11:00,CHDN
231.51,231.51,231.51,231.51,100,2022-03-01 20:12:00,CHDN
232.09,232.28,232.09,232.095,611,2022-03-01 20:14:00,CHDN
232.05,232.05,231.71,231.71,200,2022-03-01 20:16:00,CHDN
231.735,231.735,231.735,231.735,100,2022-03-01 20:17:00,CHDN
231.46,231.94,231.46,231.88,7790,2022-03-01 20:19:00,CHDN
231.88,231.985,231.88,231.985,400,2022-03-01 20:20:00,CHDN
232.315,232.425,232.315,232.425,246,2022-03-01 20:21:00,CHDN
232.39,232.39,232.39,232.39,100,2022-03-01 20:22:00,CHDN
232.405,232.405,232.405,232.405,300,2022-03-01 20:24:00,CHDN
232.38,232.905,232.38,232.905,470,2022-03-01 20:25:00,CHDN
232.73,232.73,232.73,232.73,100,2022-03-01 20:26:00,CHDN
232.73,232.73,232.73,232.73,200,2022-03-01 20:27:00,CHDN
232.49,232.49,232.28,232.34,500,2022-03-01 20:29:00,CHDN
231.765,232.08,231.72,232.08,800,2022-03-01 20:30:00,CHDN
232.355,232.355,232.3,232.3,700,2022-03-01 20:31:00,CHDN
232.5,232.5,232.5,232.5,100,2022-03-01 20:32:00,CHDN
232.65,232.65,232.39,232.39,200,2022-03-01 20:33:00,CHDN
232.415,232.415,232.415,232.415,100,2022-03-01 20:34:00,CHDN
232.5481,232.5481,232.5481,232.5481,515,2022-03-01 20:35:00,CHDN
232.38,232.51,232.24,232.51,670,2022-03-01 20:36:00,CHDN
232.47,232.605,232.195,232.605,1590,2022-03-01 20:38:00,CHDN
232.13,232.3,232.13,232.3,200,2022-03-01 20:39:00,CHDN
232.575,232.575,232.085,232.085,300,2022-03-01 20:40:00,CHDN
232.06,232.06,232.06,232.06,541,2022-03-01 20:41:00,CHDN
232.285,232.48,232.2775,232.48,570,2022-03-01 20:42:00,CHDN
232.18,232.21,232.18,232.19,300,2022-03-01 20:43:00,CHDN
231.955,232.18,231.955,232.18,270,2022-03-01 20:44:00,CHDN
231.62,231.9952,231.62,231.9952,344,2022-03-01 20:45:00,CHDN
231.75,231.83,231.505,231.505,721,2022-03-01 20:46:00,CHDN
231.415,231.415,231.415,231.415,200,2022-03-01 20:47:00,CHDN
231.54,231.54,231.3,231.3,205,2022-03-01 20:48:00,CHDN
231.36,231.59,231.285,231.29,6387,2022-03-01 20:49:00,CHDN
230.65,230.855,230.49,230.78,517,2022-03-01 20:50:00,CHDN
230.8,230.99,230.8,230.99,525,2022-03-01 20:51:00,CHDN
231.125,231.125,231.125,231.125,200,2022-03-01 20:52:00,CHDN
231.385,231.385,230.82,231.02,2100,2022-03-01 20:53:00,CHDN
231.05,231.07,230.83,231.07,1941,2022-03-01 20:54:00,CHDN
231.805,232.0,231.66,231.8509,603,2022-03-01 20:55:00,CHDN
231.645,232.18,231.62,232.18,800,2022-03-01 20:56:00,CHDN
232.07,232.1075,232.0,232.06,1250,2022-03-01 20:57:00,CHDN
232.08,232.4788,232.08,232.4788,1405,2022-03-01 20:58:00,CHDN
232.575,233.02,232.575,233.02,6017,2022-03-01 20:59:00,CHDN
232.99,233.0,232.99,233.0,35496,2022-03-01 21:00:00,CHDN
235.45,235.45,235.45,235.45,929,2022-03-02 14:30:00,CHDN
238.69,238.69,238.69,238.69,100,2022-03-02 14:38:00,CHDN
239.46,239.46,239.46,239.46,100,2022-03-02 14:43:00,CHDN
240.75,240.75,240.75,240.75,100,2022-03-02 14:49:00,CHDN
240.84,240.84,239.93,239.93,500,2022-03-02 14:50:00,CHDN
240.03,240.03,240.03,240.03,100,2022-03-02 14:52:00,CHDN
239.67,239.67,239.6,239.6,200,2022-03-02 14:53:00,CHDN
240.31,240.31,240.31,240.31,100,2022-03-02 14:56:00,CHDN
239.86,240.27,239.85,240.27,400,2022-03-02 14:58:00,CHDN
239.57,239.665,239.56,239.575,700,2022-03-02 15:01:00,CHDN
239.13,239.425,238.99,238.99,500,2022-03-02 15:02:00,CHDN
238.99,238.99,238.99,238.99,100,2022-03-02 15:03:00,CHDN
239.1825,239.235,239.0775,239.0775,400,2022-03-02 15:04:00,CHDN
238.37,238.37,238.29,238.335,400,2022-03-02 15:07:00,CHDN
237.68,237.995,237.68,237.995,400,2022-03-02 15:08:00,CHDN
237.94,237.99,237.495,237.99,600,2022-03-02 15:11:00,CHDN
238.67,239.22,238.67,239.22,300,2022-03-02 15:12:00,CHDN
238.44,238.44,238.44,238.44,100,2022-03-02 15:14:00,CHDN
238.06,238.63,238.06,238.63,400,2022-03-02 15:15:00,CHDN
237.97,237.97,237.97,237.97,400,2022-03-02 15:16:00,CHDN
237.9321,238.62,237.9321,238.62,315,2022-03-02 15:20:00,CHDN
239.22,239.22,238.89,238.89,268,2022-03-02 15:21:00,CHDN
239.33,239.33,239.29,239.29,200,2022-03-02 15:23:00,CHDN
239.07,239.07,238.665,238.665,400,2022-03-02 15:24:00,CHDN
238.79,239.04,238.79,239.01,400,2022-03-02 15:25:00,CHDN
237.59,237.59,237.59,237.59,100,2022-03-02 15:27:00,CHDN
239.14,239.14,239.14,239.14,100,2022-03-02 15:29:00,CHDN
238.4,238.4,238.4,238.4,200,2022-03-02 15:31:00,CHDN
238.62,238.62,238.62,238.62,100,2022-03-02 15:32:00,CHDN
238.51,238.67,238.51,238.66,400,2022-03-02 15:33:00,CHDN
239.34,239.34,239.34,239.34,100,2022-03-02 15:35:00,CHDN
238.83,238.83,238.83,238.83,100,2022-03-02 15:36:00,CHDN
239.45,239.45,239.45,239.45,100,2022-03-02 15:45:00,CHDN
239.86,239.86,239.86,239.86,100,2022-03-02 15:48:00,CHDN
239.63,239.63,239.63,239.63,100,2022-03-02 15:49:00,CHDN
239.82,239.82,239.82,239.82,100,2022-03-02 15:50:00,CHDN
240.075,240.09,240.075,240.09,200,2022-03-02 15:51:00,CHDN
240.05,240.05,239.99,240.04,400,2022-03-02 15:52:00,CHDN
239.87,239.87,239.87,239.87,100,2022-03-02 15:53:00,CHDN
239.335,239.335,239.335,239.335,100,2022-03-02 15:54:00,CHDN
239.89,239.89,239.89,239.89,100,2022-03-02 15:56:00,CHDN
239.9,239.9,239.9,239.9,100,2022-03-02 15:57:00,CHDN
239.89,239.91,239.89,239.91,200,2022-03-02 15:58:00,CHDN
240.11,240.51,240.11,240.51,400,2022-03-02 15:59:00,CHDN
240.075,240.075,240.07,240.07,400,2022-03-02 16:00:00,CHDN
239.89,240.25,239.89,240.25,300,2022-03-02 16:02:00,CHDN
241.54,241.54,241.54,241.54,100,2022-03-02 16:05:00,CHDN
242.08,242.08,242.08,242.08,100,2022-03-02 16:09:00,CHDN
242.28,242.28,242.28,242.28,100,2022-03-02 16:12:00,CHDN
242.15,242.68,242.15,242.68,500,2022-03-02 16:13:00,CHDN
242.52,242.53,242.52,242.53,200,2022-03-02 16:15:00,CHDN
243.16,243.17,243.16,243.17,200,2022-03-02 16:18:00,CHDN
243.24,243.24,243.24,243.24,100,2022-03-02 16:21:00,CHDN
243.24,243.24,243.24,243.24,100,2022-03-02 16:24:00,CHDN
244.04,244.14,244.04,244.14,300,2022-03-02 16:25:00,CHDN
243.63,243.63,243.63,243.63,100,2022-03-02 16:26:00,CHDN
243.9805,244.08,243.88,244.08,300,2022-03-02 16:28:00,CHDN
244.21,244.21,244.21,244.21,100,2022-03-02 16:30:00,CHDN
243.9725,243.9725,243.9725,243.9725,409,2022-03-02 16:33:00,CHDN
243.67,243.67,243.65,243.65,242,2022-03-02 16:34:00,CHDN
243.315,243.315,243.315,243.315,100,2022-03-02 16:35:00,CHDN
243.37,243.71,243.36,243.65,800,2022-03-02 16:39:00,CHDN
243.48,243.655,243.48,243.655,200,2022-03-02 16:40:00,CHDN
243.485,243.485,243.485,243.485,100,2022-03-02 16:41:00,CHDN
243.98,243.98,243.98,243.98,100,2022-03-02 16:45:00,CHDN
243.99,243.99,243.99,243.99,100,2022-03-02 16:46:00,CHDN
244.61,244.61,244.61,244.61,100,2022-03-02 16:48:00,CHDN
244.84,244.84,244.31,244.31,200,2022-03-02 16:51:00,CHDN
244.42,244.42,244.42,244.42,100,2022-03-02 16:53:00,CHDN
244.43,244.645,244.43,244.645,200,2022-03-02 16:56:00,CHDN
245.04,245.04,244.63,244.63,200,2022-03-02 16:58:00,CHDN
244.95,244.95,244.95,244.95,100,2022-03-02 16:59:00,CHDN
244.88,244.88,244.88,244.88,400,2022-03-02 17:01:00,CHDN
244.8,244.8,244.8,244.8,100,2022-03-02 17:03:00,CHDN
244.59,244.59,244.59,244.59,100,2022-03-02 17:04:00,CHDN
244.675,244.675,244.675,244.675,100,2022-03-02 17:05:00,CHDN
245.215,245.215,245.215,245.215,100,2022-03-02 17:06:00,CHDN
245.05,245.05,245.05,245.05,200,2022-03-02 17:07:00,CHDN
245.85,245.85,245.85,245.85,100,2022-03-02 17:11:00,CHDN
246.2016,246.34,246.2016,246.34,200,2022-03-02 17:14:00,CHDN
246.17,246.17,246.17,246.17,100,2022-03-02 17:16:00,CHDN
246.15,246.15,245.77,245.8,500,2022-03-02 17:17:00,CHDN
245.645,245.645,245.645,245.645,100,2022-03-02 17:18:00,CHDN
245.59,246.4,245.59,246.4,400,2022-03-02 17:21:00,CHDN
245.945,245.945,245.37,245.935,300,2022-03-02 17:23:00,CHDN
245.81,245.81,245.81,245.81,100,2022-03-02 17:26:00,CHDN
245.81,245.81,245.81,245.81,100,2022-03-02 17:28:00,CHDN
246.08,246.08,246.08,246.08,100,2022-03-02 17:31:00,CHDN
245.73,245.73,245.01,245.01,400,2022-03-02 17:33:00,CHDN
245.405,245.405,245.17,245.17,200,2022-03-02 17:34:00,CHDN
243.85,243.85,243.8,243.8,200,2022-03-02 17:35:00,CHDN
244.3,244.3,244.3,244.3,100,2022-03-02 17:36:00,CHDN
244.33,244.33,244.33,244.33,100,2022-03-02 17:38:00,CHDN
244.4,244.4,243.99,243.99,200,2022-03-02 17:42:00,CHDN
243.705,243.705,243.705,243.705,100,2022-03-02 17:43:00,CHDN
243.82,243.82,243.82,243.82,317,2022-03-02 17:44:00,CHDN
243.65,243.72,243.44,243.44,1377,2022-03-02 17:46:00,CHDN
243.67,244.05,243.67,244.05,200,2022-03-02 17:59:00,CHDN
243.74,244.37,243.74,244.37,200,2022-03-02 18:01:00,CHDN
244.36,244.59,244.36,244.59,300,2022-03-02 18:04:00,CHDN
244.63,244.63,244.46,244.46,200,2022-03-02 18:05:00,CHDN
244.71,244.71,244.71,244.71,100,2022-03-02 18:07:00,CHDN
244.63,244.63,244.63,244.63,100,2022-03-02 18:08:00,CHDN
244.45,244.45,244.3,244.3,306,2022-03-02 18:09:00,CHDN
244.53,244.53,244.31,244.31,200,2022-03-02 18:10:00,CHDN
244.405,244.405,244.405,244.405,100,2022-03-02 18:13:00,CHDN
244.4,244.41,244.4,244.41,200,2022-03-02 18:14:00,CHDN
244.84,244.98,244.49,244.93,3040,2022-03-02 18:16:00,CHDN
244.94,245.12,244.94,245.12,1977,2022-03-02 18:18:00,CHDN
244.9,245.0775,244.9,244.9,300,2022-03-02 18:19:00,CHDN
245.16,245.16,245.16,245.16,100,2022-03-02 18:21:00,CHDN
245.11,245.11,245.03,245.03,300,2022-03-02 18:26:00,CHDN
244.99,245.2325,244.98,244.98,600,2022-03-02 18:27:00,CHDN
244.81,244.81,244.81,244.81,100,2022-03-02 18:29:00,CHDN
245.09,245.09,245.03,245.03,400,2022-03-02 18:33:00,CHDN
244.76,244.995,244.76,244.995,200,2022-03-02 18:34:00,CHDN
244.72,244.72,244.72,244.72,100,2022-03-02 18:35:00,CHDN
245.08,245.08,245.08,245.08,100,2022-03-02 18:43:00,CHDN
245.09,245.09,245.09,245.09,100,2022-03-02 18:45:00,CHDN
245.21,245.5,245.07,245.27,2072,2022-03-02 18:46:00,CHDN
245.12,245.42,244.97,245.42,700,2022-03-02 18:47:00,CHDN
245.05,245.215,244.93,245.01,800,2022-03-02 18:48:00,CHDN
245.42,245.875,245.36,245.875,1500,2022-03-02 18:50:00,CHDN
246.52,246.52,246.52,246.52,100,2022-03-02 18:56:00,CHDN
246.705,246.705,246.705,246.705,200,2022-03-02 18:57:00,CHDN
246.13,246.13,246.13,246.13,100,2022-03-02 18:58:00,CHDN
246.23,246.5,246.23,246.5,200,2022-03-02 18:59:00,CHDN
246.21,246.21,246.015,246.015,200,2022-03-02 19:00:00,CHDN
246.17,246.17,246.17,246.17,100,2022-03-02 19:01:00,CHDN
246.125,246.49,246.125,246.49,200,2022-03-02 19:03:00,CHDN
246.31,246.31,246.31,246.31,100,2022-03-02 19:06:00,CHDN
245.685,245.685,245.685,245.685,100,2022-03-02 19:07:00,CHDN
245.76,246.04,245.76,246.04,600,2022-03-02 19:08:00,CHDN
245.74,245.74,245.74,245.74,100,2022-03-02 19:10:00,CHDN
245.83,245.83,245.825,245.83,300,2022-03-02 19:14:00,CHDN
245.69,245.69,245.37,245.37,200,2022-03-02 19:15:00,CHDN
245.58,247.0,245.56,247.0,7076,2022-03-02 19:17:00,CHDN
246.02,246.02,245.97,245.97,200,2022-03-02 19:18:00,CHDN
245.9,245.9,245.665,245.665,200,2022-03-02 19:21:00,CHDN
245.62,245.62,245.62,245.62,100,2022-03-02 19:24:00,CHDN
245.705,245.91,245.705,245.91,339,2022-03-02 19:25:00,CHDN
245.46,245.725,245.46,245.725,400,2022-03-02 19:27:00,CHDN
245.6,245.62,245.57,245.62,634,2022-03-02 19:28:00,CHDN
245.54,245.54,245.54,245.54,100,2022-03-02 19:29:00,CHDN
245.49,245.49,245.3,245.3,400,2022-03-02 19:31:00,CHDN
245.1,245.1,245.08,245.08,400,2022-03-02 19:34:00,CHDN
245.21,245.21,245.21,245.21,100,2022-03-02 19:35:00,CHDN
245.055,245.055,245.055,245.055,100,2022-03-02 19:38:00,CHDN
245.06,245.06,245.06,245.06,100,2022-03-02 19:39:00,CHDN
245.42,245.42,245.42,245.42,100,2022-03-02 19:42:00,CHDN
245.38,245.38,245.16,245.22,800,2022-03-02 19:47:00,CHDN
244.77,244.77,244.77,244.77,100,2022-03-02 19:48:00,CHDN
245.315,245.315,245.315,245.315,200,2022-03-02 19:49:00,CHDN
245.315,245.315,245.315,245.315,200,2022-03-02 19:50:00,CHDN
245.54,245.54,245.5,245.5,200,2022-03-02 19:51:00,CHDN
245.2,245.2,245.2,245.2,100,2022-03-02 19:52:00,CHDN
244.63,244.63,244.63,244.63,100,2022-03-02 19:54:00,CHDN
244.475,244.475,244.475,244.475,100,2022-03-02 19:59:00,CHDN
244.58,244.72,244.46,244.46,500,2022-03-02 20:00:00,CHDN
244.37,244.37,244.37,244.37,100,2022-03-02 20:01:00,CHDN
244.67,244.69,244.67,244.67,500,2022-03-02 20:03:00,CHDN
245.005,245.005,245.005,245.005,100,2022-03-02 20:04:00,CHDN
245.23,245.23,245.05,245.05,200,2022-03-02 20:05:00,CHDN
245.15,245.15,245.1,245.1,300,2022-03-02 20:06:00,CHDN
244.72,244.72,244.67,244.67,300,2022-03-02 20:08:00,CHDN
244.885,244.885,244.885,244.885,100,2022-03-02 20:10:00,CHDN
244.66,244.66,244.66,244.66,100,2022-03-02 20:13:00,CHDN
244.49,244.495,244.49,244.495,200,2022-03-02 20:14:00,CHDN
244.96,245.29,244.96,245.25,1159,2022-03-02 20:19:00,CHDN
244.77,244.96,244.77,244.96,200,2022-03-02 20:23:00,CHDN
244.645,244.645,244.645,244.645,100,2022-03-02 20:27:00,CHDN
244.47,244.47,244.32,244.32,380,2022-03-02 20:28:00,CHDN
244.35,244.35,244.35,244.35,200,2022-03-02 20:29:00,CHDN
244.35,244.35,244.1536,244.1536,1577,2022-03-02 20:30:00,CHDN
244.04,244.04,244.04,244.04,100,2022-03-02 20:31:00,CHDN
244.37,244.37,244.37,244.37,100,2022-03-02 20:33:00,CHDN
244.225,244.225,244.225,244.225,100,2022-03-02 20:35:00,CHDN
244.16,244.35,244.16,244.35,257,2022-03-02 20:36:00,CHDN
244.35,244.49,244.35,244.49,235,2022-03-02 20:37:00,CHDN
244.52,244.52,244.52,244.52,100,2022-03-02 20:38:00,CHDN
244.22,244.22,244.22,244.22,284,2022-03-02 20:39:00,CHDN
243.955,243.955,243.39,243.39,300,2022-03-02 20:40:00,CHDN
244.025,244.025,244.025,244.025,100,2022-03-02 20:42:00,CHDN
244.19,244.19,244.19,244.19,100,2022-03-02 20:43:00,CHDN
243.96,244.14,243.41,244.14,872,2022-03-02 20:44:00,CHDN
244.37,244.37,244.37,244.37,100,2022-03-02 20:45:00,CHDN
244.56,244.56,244.56,244.56,100,2022-03-02 20:46:00,CHDN
244.995,245.0,244.61,244.61,300,2022-03-02 20:47:00,CHDN
244.635,244.635,244.51,244.51,200,2022-03-02 20:49:00,CHDN
244.76,244.76,244.76,244.76,100,2022-03-02 20:50:00,CHDN
244.25,244.47,244.25,244.47,300,2022-03-02 20:51:00,CHDN
244.43,244.435,244.43,244.435,200,2022-03-02 20:52:00,CHDN
244.59,244.91,244.59,244.91,1237,2022-03-02 20:53:00,CHDN
244.85,244.85,244.48,244.53,791,2022-03-02 20:54:00,CHDN
244.21,244.83,244.21,244.465,1000,2022-03-02 20:55:00,CHDN
244.46,244.515,244.31,244.41,1300,2022-03-02 20:56:00,CHDN
244.41,244.41,243.77,243.93,612,2022-03-02 20:57:00,CHDN
243.97,244.12,243.97,244.06,400,2022-03-02 20:58:00,CHDN
244.1,244.39,244.1,244.31,1817,2022-03-02 20:59:00,CHDN
243.95,243.95,243.95,243.95,12240,2022-03-02 21:00:00,CHDN
244.82,244.82,244.82,244.82,920,2022-03-03 14:30:00,CHDN
245.5451,245.5451,245.5451,245.5451,100,2022-03-03 14:37:00,CHDN
245.3,245.3,242.96,243.3,1628,2022-03-03 14:38:00,CHDN
243.35,243.35,243.35,243.35,100,2022-03-03 14:39:00,CHDN
241.79,241.79,241.79,241.79,100,2022-03-03 14:54:00,CHDN
241.66,241.66,241.66,241.66,120,2022-03-03 15:00:00,CHDN
240.98,241.9567,240.98,241.9567,400,2022-03-03 15:02:00,CHDN
240.91,240.91,240.91,240.91,100,2022-03-03 15:04:00,CHDN
240.91,240.91,239.05,239.05,1019,2022-03-03 15:05:00,CHDN
239.17,239.17,239.12,239.17,300,2022-03-03 15:06:00,CHDN
239.72,240.08,238.75,240.08,4023,2022-03-03 15:11:00,CHDN
239.82,240.09,239.82,240.03,300,2022-03-03 15:13:00,CHDN
240.03,240.03,239.95,239.95,200,2022-03-03 15:15:00,CHDN
238.87,238.87,238.87,238.87,100,2022-03-03 15:17:00,CHDN
238.63,238.63,238.34,238.34,200,2022-03-03 15:20:00,CHDN
238.04,238.04,238.04,238.04,100,2022-03-03 15:23:00,CHDN
238.57,238.93,238.57,238.93,500,2022-03-03 15:25:00,CHDN
239.1,239.1,239.1,239.1,100,2022-03-03 15:28:00,CHDN
237.47,237.47,237.47,237.47,100,2022-03-03 15:35:00,CHDN
237.27,237.27,236.99,236.99,200,2022-03-03 15:37:00,CHDN
236.79,236.79,236.79,236.79,100,2022-03-03 15:40:00,CHDN
236.83,236.86,236.51,236.86,400,2022-03-03 15:41:00,CHDN
237.1,237.1,237.1,237.1,100,2022-03-03 15:44:00,CHDN
236.45,236.45,236.45,236.45,100,2022-03-03 15:45:00,CHDN
236.585,236.585,236.585,236.585,100,2022-03-03 15:50:00,CHDN
236.55,236.55,236.55,236.55,2200,2022-03-03 15:52:00,CHDN
236.46,236.46,236.46,236.46,100,2022-03-03 15:54:00,CHDN
235.45,235.45,235.45,235.45,100,2022-03-03 15:58:00,CHDN
235.925,235.925,235.925,235.925,100,2022-03-03 16:01:00,CHDN
235.64,235.64,235.64,235.64,100,2022-03-03 16:02:00,CHDN
236.38,236.59,236.38,236.44,300,2022-03-03 16:03:00,CHDN
236.26,236.26,236.26,236.26,100,2022-03-03 16:07:00,CHDN
235.5851,235.5851,235.5851,235.5851,926,2022-03-03 16:11:00,CHDN
236.72,236.72,236.21,236.21,200,2022-03-03 16:14:00,CHDN
236.97,237.38,236.97,237.38,200,2022-03-03 16:21:00,CHDN
237.725,237.725,237.725,237.725,100,2022-03-03 16:29:00,CHDN
237.5,237.5,237.5,237.5,100,2022-03-03 16:30:00,CHDN
237.75,237.75,237.74,237.74,200,2022-03-03 16:36:00,CHDN
237.25,237.25,237.25,237.25,100,2022-03-03 16:38:00,CHDN
237.84,237.84,237.74,237.74,200,2022-03-03 16:42:00,CHDN
238.58,238.58,238.58,238.58,100,2022-03-03 16:45:00,CHDN
238.59,238.59,238.59,238.59,100,2022-03-03 16:46:00,CHDN
238.46,238.46,238.46,238.46,100,2022-03-03 16:47:00,CHDN
238.92,239.04,238.92,239.04,400,2022-03-03 16:48:00,CHDN
238.6,239.07,238.6,239.07,262,2022-03-03 16:50:00,CHDN
239.345,239.345,239.345,239.345,100,2022-03-03 16:54:00,CHDN
238.7,238.75,238.7,238.75,200,2022-03-03 16:56:00,CHDN
238.08,238.19,238.05,238.19,596,2022-03-03 17:06:00,CHDN
238.325,238.325,238.325,238.325,100,2022-03-03 17:09:00,CHDN
238.325,238.325,238.325,238.325,100,2022-03-03 17:10:00,CHDN
238.68,238.73,238.68,238.68,800,2022-03-03 17:18:00,CHDN
237.97,237.97,237.97,237.97,100,2022-03-03 17:21:00,CHDN
238.315,238.315,238.315,238.315,100,2022-03-03 17:24:00,CHDN
237.85,237.85,237.85,237.85,100,2022-03-03 17:26:00,CHDN
237.47,237.53,237.47,237.53,200,2022-03-03 17:30:00,CHDN
237.53,238.25,237.52,237.52,1279,2022-03-03 17:31:00,CHDN
238.38,238.39,238.38,238.39,200,2022-03-03 17:33:00,CHDN
238.66,238.66,238.66,238.66,100,2022-03-03 17:39:00,CHDN
237.65,237.65,237.65,237.65,100,2022-03-03 17:44:00,CHDN
237.435,237.435,237.435,237.435,100,2022-03-03 17:50:00,CHDN
237.48,237.73,237.415,237.73,500,2022-03-03 17:55:00,CHDN
237.8454,237.8454,237.56,237.56,1028,2022-03-03 18:00:00,CHDN
238.04,238.05,237.795,238.05,400,2022-03-03 18:01:00,CHDN
237.96,237.96,237.96,237.96,100,2022-03-03 18:02:00,CHDN
238.27,238.64,238.27,238.64,200,2022-03-03 18:05:00,CHDN
239.38,239.38,239.38,239.38,100,2022-03-03 18:06:00,CHDN
238.17,238.22,238.17,238.22,400,2022-03-03 18:10:00,CHDN
238.9366,238.9366,238.9366,238.9366,160,2022-03-03 18:14:00,CHDN
239.35,239.35,239.35,239.35,100,2022-03-03 18:15:00,CHDN
239.235,239.2525,239.235,239.2525,200,2022-03-03 18:17:00,CHDN
240.34,240.3699,240.34,240.3699,200,2022-03-03 18:21:00,CHDN
240.54,240.54,240.54,240.54,100,2022-03-03 18:22:00,CHDN
240.2,240.2,239.73,240.0999,300,2022-03-03 18:26:00,CHDN
239.49,239.49,239.49,239.49,100,2022-03-03 18:28:00,CHDN
239.495,239.495,239.065,239.065,200,2022-03-03 18:29:00,CHDN
238.93,239.03,238.93,239.03,200,2022-03-03 18:32:00,CHDN
238.06,238.06,237.64,237.64,200,2022-03-03 18:37:00,CHDN
238.1,238.57,238.1,238.57,200,2022-03-03 18:43:00,CHDN
237.83,237.83,237.83,237.83,300,2022-03-03 18:44:00,CHDN
238.485,238.485,238.48,238.48,200,2022-03-03 18:45:00,CHDN
238.63,238.63,238.63,238.63,100,2022-03-03 18:48:00,CHDN
238.72,238.99,238.72,238.99,400,2022-03-03 18:49:00,CHDN
239.01,239.01,238.96,238.96,200,2022-03-03 18:51:00,CHDN
238.285,238.285,238.285,238.285,100,2022-03-03 18:53:00,CHDN
238.25,238.25,238.25,238.25,100,2022-03-03 18:58:00,CHDN
238.065,238.43,238.065,238.29,400,2022-03-03 18:59:00,CHDN
238.67,238.67,238.67,238.67,100,2022-03-03 19:02:00,CHDN
238.21,238.21,238.15,238.15,200,2022-03-03 19:05:00,CHDN
238.51,238.71,238.41,238.5,600,2022-03-03 19:06:00,CHDN
238.58,238.58,238.5625,238.5625,200,2022-03-03 19:14:00,CHDN
238.675,238.675,238.675,238.675,100,2022-03-03 19:18:00,CHDN
238.37,238.37,238.37,238.37,100,2022-03-03 19:20:00,CHDN
238.01,238.01,238.01,238.01,100,2022-03-03 19:21:00,CHDN
238.0,238.0,238.0,238.0,200,2022-03-03 19:23:00,CHDN
237.795,237.795,237.795,237.795,100,2022-03-03 19:24:00,CHDN
237.65,237.65,237.65,237.65,100,2022-03-03 19:27:00,CHDN
238.12,238.12,237.89,238.055,600,2022-03-03 19:28:00,CHDN
238.19,238.455,238.19,238.455,300,2022-03-03 19:30:00,CHDN
237.2,237.2,237.1,237.1,200,2022-03-03 19:43:00,CHDN
237.63,237.63,237.63,237.63,100,2022-03-03 19:44:00,CHDN
237.72,237.75,237.39,237.75,400,2022-03-03 19:46:00,CHDN
236.3019,236.3019,236.3019,236.3019,272,2022-03-03 19:54:00,CHDN
236.17,236.17,236.04,236.04,200,2022-03-03 19:55:00,CHDN
236.18,236.18,236.18,236.18,200,2022-03-03 19:56:00,CHDN
236.25,236.25,236.25,236.25,100,2022-03-03 19:59:00,CHDN
235.93,235.93,235.15,235.15,600,2022-03-03 20:00:00,CHDN
235.49,235.49,235.49,235.49,100,2022-03-03 20:02:00,CHDN
235.09,235.09,235.09,235.09,100,2022-03-03 20:04:00,CHDN
235.29,235.56,235.29,235.34,511,2022-03-03 20:06:00,CHDN
235.0,235.0,235.0,235.0,1000,2022-03-03 20:08:00,CHDN
235.04,235.04,234.835,234.835,200,2022-03-03 20:09:00,CHDN
234.83,234.83,234.77,234.77,200,2022-03-03 20:11:00,CHDN
234.76,234.76,234.76,234.76,100,2022-03-03 20:12:00,CHDN
235.0,235.0,235.0,235.0,100,2022-03-03 20:14:00,CHDN
234.87,234.87,234.87,234.87,100,2022-03-03 20:15:00,CHDN
234.92,234.92,234.83,234.85,400,2022-03-03 20:16:00,CHDN
235.13,235.13,235.0,235.0,633,2022-03-03 20:17:00,CHDN
234.84,235.11,234.84,235.11,600,2022-03-03 20:18:00,CHDN
235.04,235.34,235.04,235.29,500,2022-03-03 20:19:00,CHDN
235.3,235.3,235.29,235.29,200,2022-03-03 20:21:00,CHDN
235.16,235.16,235.16,235.16,100,2022-03-03 20:22:00,CHDN
234.89,235.16,234.89,235.16,200,2022-03-03 20:23:00,CHDN
235.12,235.12,235.02,235.02,600,2022-03-03 20:24:00,CHDN
234.8,234.8,234.8,234.8,100,2022-03-03 20:25:00,CHDN
235.12,235.15,235.12,235.15,200,2022-03-03 20:28:00,CHDN
235.005,235.115,235.005,235.115,200,2022-03-03 20:31:00,CHDN
234.8,234.8,234.8,234.8,100,2022-03-03 20:33:00,CHDN
234.27,234.44,234.27,234.44,200,2022-03-03 20:34:00,CHDN
234.54,234.58,234.53,234.58,400,2022-03-03 20:35:00,CHDN
234.0325,234.44,234.0325,234.44,700,2022-03-03 20:36:00,CHDN
233.85,234.19,233.815,234.19,500,2022-03-03 20:37:00,CHDN
234.34,234.34,234.31,234.31,354,2022-03-03 20:38:00,CHDN
234.67,234.78,234.67,234.78,300,2022-03-03 20:41:00,CHDN
234.69,234.78,234.69,234.78,200,2022-03-03 20:42:00,CHDN
234.44,234.58,234.44,234.46,500,2022-03-03 20:43:00,CHDN
234.44,234.44,234.44,234.44,100,2022-03-03 20:44:00,CHDN
234.37,234.55,234.34,234.54,900,2022-03-03 20:45:00,CHDN
234.46,234.46,234.46,234.46,100,2022-03-03 20:46:00,CHDN
234.78,234.78,234.78,234.78,100,2022-03-03 20:47:00,CHDN
234.405,234.6,234.165,234.58,600,2022-03-03 20:49:00,CHDN
235.14,235.57,235.135,235.57,690,2022-03-03 20:50:00,CHDN
235.84,235.86,235.22,235.86,300,2022-03-03 20:51:00,CHDN
235.605,235.605,235.605,235.605,100,2022-03-03 20:52:00,CHDN
235.8,235.89,235.725,235.725,1100,2022-03-03 20:53:00,CHDN
235.41,235.41,235.41,235.41,100,2022-03-03 20:54:00,CHDN
235.395,235.46,235.04,235.46,600,2022-03-03 20:55:00,CHDN
235.38,235.38,235.38,235.38,100,2022-03-03 20:56:00,CHDN
235.675,235.675,235.43,235.46,400,2022-03-03 20:57:00,CHDN
235.76,235.76,235.44,235.625,1148,2022-03-03 20:58:00,CHDN
235.64,235.93,235.36,235.36,2495,2022-03-03 20:59:00,CHDN
235.97,235.97,235.97,235.97,13844,2022-03-03 21:00:00,CHDN
235.03,235.03,235.03,235.03,2543,2022-03-04 14:30:00,CHDN
232.535,232.535,232.535,232.535,100,2022-03-04 14:34:00,CHDN
233.28,233.28,230.89,231.13,2365,2022-03-04 14:43:00,CHDN
231.19,231.19,231.19,231.19,100,2022-03-04 14:44:00,CHDN
230.865,230.865,230.865,230.865,100,2022-03-04 14:47:00,CHDN
230.78,230.78,230.78,230.78,300,2022-03-04 14:51:00,CHDN
230.11,230.11,228.43,228.6,1395,2022-03-04 14:52:00,CHDN
228.72,228.72,228.29,228.29,300,2022-03-04 14:53:00,CHDN
228.32,228.32,227.13,227.13,200,2022-03-04 14:55:00,CHDN
228.8,228.8,228.8,228.8,100,2022-03-04 14:57:00,CHDN
229.57,229.73,229.57,229.73,560,2022-03-04 14:59:00,CHDN
230.93,230.93,230.93,230.93,100,2022-03-04 15:00:00,CHDN
229.75,229.75,229.75,229.75,100,2022-03-04 15:02:00,CHDN
229.94,229.94,229.94,229.94,104,2022-03-04 15:03:00,CHDN
228.695,228.695,228.695,228.695,100,2022-03-04 15:04:00,CHDN
229.425,229.425,229.425,229.425,100,2022-03-04 15:05:00,CHDN
228.8027,228.8027,228.8027,228.8027,200,2022-03-04 15:09:00,CHDN
228.515,228.515,228.515,228.515,100,2022-03-04 15:11:00,CHDN
228.55,228.55,227.215,227.215,600,2022-03-04 15:12:00,CHDN
229.36,229.36,229.36,229.36,100,2022-03-04 15:14:00,CHDN
229.18,229.36,227.22,227.225,4500,2022-03-04 15:15:00,CHDN
227.22,227.22,227.22,227.22,200,2022-03-04 15:16:00,CHDN
226.67,226.67,226.67,226.67,100,2022-03-04 15:22:00,CHDN
226.485,226.49,226.485,226.49,200,2022-03-04 15:30:00,CHDN
226.08,226.08,226.08,226.08,100,2022-03-04 15:31:00,CHDN
226.12,226.5,226.12,226.5,1000,2022-03-04 15:34:00,CHDN
226.1756,226.1756,226.11,226.11,1030,2022-03-04 15:35:00,CHDN
226.07,226.51,226.07,226.51,2100,2022-03-04 15:36:00,CHDN
227.67,228.59,227.67,228.415,500,2022-03-04 15:37:00,CHDN
227.8,227.8,227.79,227.79,200,2022-03-04 15:39:00,CHDN
227.92,227.92,227.92,227.92,106,2022-03-04 15:40:00,CHDN
226.715,226.715,226.715,226.715,100,2022-03-04 15:41:00,CHDN
226.67,226.67,226.67,226.67,100,2022-03-04 15:42:00,CHDN
227.15,227.15,227.15,227.15,100,2022-03-04 15:43:00,CHDN
226.5,226.5,226.5,226.5,100,2022-03-04 15:51:00,CHDN
226.21,226.35,225.475,225.51,650,2022-03-04 16:01:00,CHDN
225.94,226.08,225.94,226.08,200,2022-03-04 16:02:00,CHDN
225.75,225.75,225.75,225.75,100,2022-03-04 16:03:00,CHDN
225.63,225.63,224.49,224.49,200,2022-03-04 16:12:00,CHDN
225.75,225.75,225.75,225.75,100,2022-03-04 16:15:00,CHDN
225.695,226.3,225.695,226.3,300,2022-03-04 16:16:00,CHDN
225.87,225.93,224.6,224.6,4188,2022-03-04 16:17:00,CHDN
225.315,225.315,225.315,225.315,100,2022-03-04 16:22:00,CHDN
225.31,225.31,225.31,225.31,100,2022-03-04 16:27:00,CHDN
224.73,224.73,224.73,224.73,100,2022-03-04 16:30:00,CHDN
225.33,225.33,225.33,225.33,109,2022-03-04 16:34:00,CHDN
224.7,224.7,224.7,224.7,100,2022-03-04 16:37:00,CHDN
225.52,225.52,225.52,225.52,100,2022-03-04 16:38:00,CHDN
226.11,226.14,226.11,226.14,200,2022-03-04 16:43:00,CHDN
226.36,226.36,226.29,226.29,200,2022-03-04 16:44:00,CHDN
226.675,226.675,226.675,226.675,100,2022-03-04 16:45:00,CHDN
226.1,226.3347,226.1,226.3347,300,2022-03-04 16:51:00,CHDN
226.35,226.35,226.35,226.35,100,2022-03-04 16:52:00,CHDN
226.4,226.4,226.4,226.4,500,2022-03-04 16:53:00,CHDN
226.21,226.21,226.21,226.21,100,2022-03-04 16:54:00,CHDN
226.26,226.26,226.26,226.26,100,2022-03-04 16:55:00,CHDN
226.09,226.09,226.09,226.09,100,2022-03-04 16:56:00,CHDN
225.08,225.08,225.08,225.08,100,2022-03-04 17:00:00,CHDN
225.09,225.09,225.0,225.08,900,2022-03-04 17:02:00,CHDN
225.08,225.24,224.315,224.315,1900,2022-03-04 17:03:00,CHDN
224.61,224.61,224.61,224.61,200,2022-03-04 17:05:00,CHDN
224.9,224.91,224.9,224.91,200,2022-03-04 17:10:00,CHDN
225.35,225.35,225.35,225.35,100,2022-03-04 17:11:00,CHDN
225.64,225.64,225.64,225.64,100,2022-03-04 17:12:00,CHDN
226.71,227.29,226.71,227.29,300,2022-03-04 17:17:00,CHDN
227.17,227.29,227.17,227.29,200,2022-03-04 17:18:00,CHDN
226.83,226.83,226.83,226.83,200,2022-03-04 17:20:00,CHDN
226.49,226.49,226.49,226.49,100,2022-03-04 17:24:00,CHDN
225.94,226.33,225.94,226.33,200,2022-03-04 17:25:00,CHDN
225.62,225.62,225.62,225.62,100,2022-03-04 17:26:00,CHDN
226.06,226.06,226.06,226.06,100,2022-03-04 17:29:00,CHDN
226.415,226.68,226.415,226.56,300,2022-03-04 17:39:00,CHDN
226.41,226.41,226.41,226.41,100,2022-03-04 17:40:00,CHDN
226.22,226.22,226.22,226.22,100,2022-03-04 17:43:00,CHDN
226.27,226.27,226.27,226.27,100,2022-03-04 17:44:00,CHDN
226.42,226.42,226.42,226.42,100,2022-03-04 17:45:00,CHDN
226.24,226.25,226.24,226.25,200,2022-03-04 17:46:00,CHDN
227.69,227.74,227.69,227.73,500,2022-03-04 17:54:00,CHDN
228.0,228.0,228.0,228.0,780,2022-03-04 17:55:00,CHDN
228.41,228.41,228.08,228.08,200,2022-03-04 17:57:00,CHDN
228.37,228.37,228.37,228.37,100,2022-03-04 18:00:00,CHDN
229.13,229.13,229.13,229.13,100,2022-03-04 18:01:00,CHDN
229.81,229.81,228.995,228.995,200,2022-03-04 18:04:00,CHDN
229.62,229.7,229.62,229.7,200,2022-03-04 18:05:00,CHDN
228.405,228.405,228.405,228.405,100,2022-03-04 18:09:00,CHDN
228.25,228.47,228.25,228.47,200,2022-03-04 18:13:00,CHDN
228.49,228.49,228.49,228.49,100,2022-03-04 18:15:00,CHDN
228.32,228.327,228.0,228.0,483,2022-03-04 18:16:00,CHDN
228.0,228.0,228.0,228.0,100,2022-03-04 18:17:00,CHDN
228.1,228.23,228.1,228.105,500,2022-03-04 18:19:00,CHDN
228.53,228.53,228.53,228.53,200,2022-03-04 18:20:00,CHDN
228.66,228.735,228.66,228.735,200,2022-03-04 18:21:00,CHDN
228.47,228.47,228.47,228.47,100,2022-03-04 18:22:00,CHDN
228.75,228.75,228.16,228.315,1100,2022-03-04 18:23:00,CHDN
228.49,228.81,228.49,228.81,500,2022-03-04 18:24:00,CHDN
228.655,228.655,228.62,228.62,200,2022-03-04 18:26:00,CHDN
229.02,229.02,229.02,229.02,100,2022-03-04 18:28:00,CHDN
228.825,229.45,228.825,229.45,800,2022-03-04 18:29:00,CHDN
229.145,229.145,229.145,229.145,100,2022-03-04 18:30:00,CHDN
229.56,229.56,229.56,229.56,100,2022-03-04 18:32:00,CHDN
229.73,229.74,229.11,229.11,300,2022-03-04 18:33:00,CHDN
229.65,230.53,229.65,230.53,300,2022-03-04 18:35:00,CHDN
229.82,229.93,229.82,229.93,400,2022-03-04 18:36:00,CHDN
229.88,229.88,229.88,229.88,100,2022-03-04 18:39:00,CHDN
229.55,229.55,229.55,229.55,100,2022-03-04 18:40:00,CHDN
229.41,229.41,229.11,229.4,600,2022-03-04 18:41:00,CHDN
229.31,229.52,229.31,229.505,501,2022-03-04 18:43:00,CHDN
229.505,230.125,229.505,230.11,911,2022-03-04 18:44:00,CHDN
230.03,230.03,230.03,230.03,100,2022-03-04 18:45:00,CHDN
230.1,230.1,230.1,230.1,100,2022-03-04 18:46:00,CHDN
230.08,230.08,230.08,230.08,200,2022-03-04 18:48:00,CHDN
230.41,230.41,230.41,230.41,100,2022-03-04 18:49:00,CHDN
230.39,230.44,230.39,230.44,200,2022-03-04 18:50:00,CHDN
230.37,230.37,230.02,230.02,200,2022-03-04 18:51:00,CHDN
230.28,230.315,230.26,230.26,300,2022-03-04 18:53:00,CHDN
230.32,230.74,230.32,230.675,1100,2022-03-04 18:54:00,CHDN
230.085,230.78,230.085,230.105,2260,2022-03-04 18:57:00,CHDN
230.04,230.04,229.235,229.235,2200,2022-03-04 18:58:00,CHDN
229.88,230.28,229.73,230.28,6000,2022-03-04 18:59:00,CHDN
230.05,230.05,230.05,230.05,100,2022-03-04 19:01:00,CHDN
230.03,230.03,229.91,229.91,400,2022-03-04 19:02:00,CHDN
230.05,230.05,230.05,230.05,200,2022-03-04 19:03:00,CHDN
230.0,230.1,229.69,229.8,1581,2022-03-04 19:04:00,CHDN
229.75,230.015,229.75,230.015,1509,2022-03-04 19:05:00,CHDN
230.015,230.015,229.57,229.57,500,2022-03-04 19:06:00,CHDN
229.62,229.62,229.38,229.38,334,2022-03-04 19:07:00,CHDN
229.18,229.18,228.43,228.55,500,2022-03-04 19:08:00,CHDN
228.22,228.22,228.1,228.21,300,2022-03-04 19:15:00,CHDN
228.53,228.61,228.19,228.19,1149,2022-03-04 19:18:00,CHDN
228.355,228.46,228.355,228.46,433,2022-03-04 19:19:00,CHDN
228.14,228.315,228.13,228.31,400,2022-03-04 19:21:00,CHDN
227.93,227.93,227.93,227.93,100,2022-03-04 19:22:00,CHDN
228.095,228.95,228.095,228.95,600,2022-03-04 19:23:00,CHDN
229.19,229.19,228.785,228.785,300,2022-03-04 19:24:00,CHDN
228.575,228.575,228.575,228.575,100,2022-03-04 19:27:00,CHDN
228.82,228.82,228.82,228.82,100,2022-03-04 19:28:00,CHDN
228.81,228.91,228.81,228.815,908,2022-03-04 19:29:00,CHDN
229.36,229.74,229.36,229.74,200,2022-03-04 19:31:00,CHDN
229.36,229.36,229.345,229.345,200,2022-03-04 19:32:00,CHDN
229.71,229.71,229.71,229.71,100,2022-03-04 19:35:00,CHDN
229.085,229.085,229.085,229.085,100,2022-03-04 19:36:00,CHDN
229.51,229.51,229.51,229.51,100,2022-03-04 19:37:00,CHDN
229.66,229.98,229.66,229.98,200,2022-03-04 19:38:00,CHDN
230.075,230.075,229.65,229.72,1200,2022-03-04 19:39:00,CHDN
229.47,229.47,228.95,229.035,900,2022-03-04 19:41:00,CHDN
228.94,228.94,228.94,228.94,200,2022-03-04 19:42:00,CHDN
228.91,228.955,228.59,228.955,413,2022-03-04 19:43:00,CHDN
228.53,228.53,228.53,228.53,100,2022-03-04 19:44:00,CHDN
228.63,228.81,228.63,228.81,200,2022-03-04 19:45:00,CHDN
228.455,228.455,228.455,228.455,100,2022-03-04 19:46:00,CHDN
228.115,228.115,228.115,228.115,100,2022-03-04 19:48:00,CHDN
228.51,228.71,228.51,228.71,200,2022-03-04 19:49:00,CHDN
228.7,228.7,228.7,228.7,300,2022-03-04 19:51:00,CHDN
228.46,228.51,228.46,228.51,326,2022-03-04 19:56:00,CHDN
228.31,228.31,228.09,228.09,400,2022-03-04 19:58:00,CHDN
228.225,228.225,228.225,228.225,100,2022-03-04 19:59:00,CHDN
228.02,228.02,227.8,227.8,700,2022-03-04 20:01:00,CHDN
228.01,228.19,227.985,228.19,449,2022-03-04 20:02:00,CHDN
228.35,228.35,228.35,228.35,300,2022-03-04 20:03:00,CHDN
227.995,227.995,227.995,227.995,100,2022-03-04 20:04:00,CHDN
228.47,228.47,228.04,228.04,300,2022-03-04 20:09:00,CHDN
228.12,228.12,228.12,228.12,100,2022-03-04 20:10:00,CHDN
228.01,228.01,228.01,228.01,100,2022-03-04 20:12:00,CHDN
228.0,228.0,227.99,227.99,200,2022-03-04 20:13:00,CHDN
227.98,227.98,227.31,227.31,900,2022-03-04 20:14:00,CHDN
227.54,227.63,227.43,227.62,1062,2022-03-04 20:15:00,CHDN
227.55,227.92,227.55,227.71,300,2022-03-04 20:18:00,CHDN
227.21,227.255,227.21,227.255,200,2022-03-04 20:19:00,CHDN
227.47,227.47,227.35,227.35,200,2022-03-04 20:20:00,CHDN
227.47,227.47,227.47,227.47,100,2022-03-04 20:22:00,CHDN
227.69,227.69,227.5,227.5,200,2022-03-04 20:23:00,CHDN
227.77,227.77,227.68,227.68,200,2022-03-04 20:24:00,CHDN
227.71,227.71,227.71,227.71,100,2022-03-04 20:26:00,CHDN
227.85,227.86,227.695,227.695,400,2022-03-04 20:28:00,CHDN
227.98,228.44,227.98,228.44,800,2022-03-04 20:29:00,CHDN
228.16,228.38,228.16,228.38,400,2022-03-04 20:30:00,CHDN
228.265,228.265,226.98,226.98,1800,2022-03-04 20:31:00,CHDN
227.44,227.52,227.44,227.52,400,2022-03-04 20:33:00,CHDN
227.2,227.2,227.2,227.2,100,2022-03-04 20:35:00,CHDN
227.16,227.219,226.78,226.78,700,2022-03-04 20:37:00,CHDN
226.67,226.67,226.065,226.6,400,2022-03-04 20:38:00,CHDN
226.485,226.485,226.485,226.485,100,2022-03-04 20:39:00,CHDN
226.68,227.22,226.67,227.14,1800,2022-03-04 20:40:00,CHDN
227.405,227.405,226.71,227.06,2290,2022-03-04 20:41:00,CHDN
227.68,227.68,227.34,227.34,219,2022-03-04 20:43:00,CHDN
227.305,227.48,227.305,227.48,600,2022-03-04 20:45:00,CHDN
227.365,227.365,227.29,227.33,400,2022-03-04 20:46:00,CHDN
227.2,227.23,226.49,226.515,1500,2022-03-04 20:47:00,CHDN
226.185,226.4225,226.185,226.4225,400,2022-03-04 20:48:00,CHDN
226.13,226.345,226.03,226.2,1200,2022-03-04 20:49:00,CHDN
226.43,226.94,226.43,226.83,1175,2022-03-04 20:50:00,CHDN
226.625,226.72,226.35,226.72,900,2022-03-04 20:51:00,CHDN
226.665,226.9075,226.57,226.81,1000,2022-03-04 20:52:00,CHDN
226.6,226.785,226.53,226.785,600,2022-03-04 20:53:00,CHDN
226.6,226.96,226.59,226.79,1300,2022-03-04 20:54:00,CHDN
226.8,227.49,226.74,227.095,4920,2022-03-04 20:55:00,CHDN
226.85,227.29,226.59,227.125,2728,2022-03-04 20:56:00,CHDN
227.09,227.26,226.9,227.08,1600,2022-03-04 20:57:00,CHDN
227.26,227.49,226.91,226.91,2982,2022-03-04 20:58:00,CHDN
226.92,227.48,226.91,226.98,6597,2022-03-04 20:59:00,CHDN
227.01,227.01,227.01,227.01,11800,2022-03-04 21:00:00,CHDN
226.04,226.04,226.04,226.04,100,2022-03-07 14:29:00,CHDN
225.96,225.96,225.96,225.96,15522,2022-03-07 14:30:00,CHDN
223.245,223.245,223.245,223.245,100,2022-03-07 14:31:00,CHDN
220.9425,220.9425,220.9425,220.9425,100,2022-03-07 14:35:00,CHDN
222.12,223.35,221.685,221.685,800,2022-03-07 14:36:00,CHDN
222.72,223.26,222.72,223.26,208,2022-03-07 14:40:00,CHDN
220.9,220.91,219.18,219.18,982,2022-03-07 14:43:00,CHDN
219.64,219.69,219.64,219.69,300,2022-03-07 14:44:00,CHDN
218.335,218.35,218.33,218.33,300,2022-03-07 14:47:00,CHDN
217.41,217.41,217.41,217.41,113,2022-03-07 14:48:00,CHDN
217.78,217.78,217.76,217.76,200,2022-03-07 14:49:00,CHDN
217.72,217.72,217.72,217.72,100,2022-03-07 14:50:00,CHDN
216.385,217.38,216.385,217.38,600,2022-03-07 14:51:00,CHDN
215.195,216.62,215.195,216.61,600,2022-03-07 14:56:00,CHDN
215.75,215.75,215.75,215.75,100,2022-03-07 14:57:00,CHDN
215.95,216.2,215.92,216.015,794,2022-03-07 14:58:00,CHDN
216.26,216.26,215.935,215.935,200,2022-03-07 15:01:00,CHDN
216.2,216.355,215.495,215.495,500,2022-03-07 15:02:00,CHDN
215.545,215.545,215.545,215.545,100,2022-03-07 15:03:00,CHDN
217.59,217.59,217.59,217.59,100,2022-03-07 15:05:00,CHDN
216.2,216.2,216.2,216.2,100,2022-03-07 15:09:00,CHDN
216.2,216.2,214.85,214.85,1650,2022-03-07 15:11:00,CHDN
215.39,216.5,215.02,215.02,3300,2022-03-07 15:12:00,CHDN
215.94,215.96,214.955,214.955,470,2022-03-07 15:13:00,CHDN
215.63,215.63,215.63,215.63,100,2022-03-07 15:14:00,CHDN
214.99,214.99,214.99,214.99,100,2022-03-07 15:15:00,CHDN
214.99,215.03,214.99,215.03,300,2022-03-07 15:16:00,CHDN
215.29,215.79,215.29,215.79,300,2022-03-07 15:17:00,CHDN
214.84,214.84,214.84,214.84,100,2022-03-07 15:19:00,CHDN
214.585,214.585,214.06,214.06,234,2022-03-07 15:20:00,CHDN
214.58,214.58,214.58,214.58,100,2022-03-07 15:21:00,CHDN
214.61,215.0,214.19,215.0,300,2022-03-07 15:22:00,CHDN
215.17,215.18,215.17,215.18,235,2022-03-07 15:23:00,CHDN
214.11,214.11,214.11,214.11,100,2022-03-07 15:25:00,CHDN
214.62,214.62,214.62,214.62,100,2022-03-07 15:26:00,CHDN
214.065,214.065,214.065,214.065,100,2022-03-07 15:27:00,CHDN
213.79,214.32,213.79,214.32,400,2022-03-07 15:28:00,CHDN
213.705,214.31,213.64,214.31,300,2022-03-07 15:29:00,CHDN
214.58,215.09,214.58,215.09,200,2022-03-07 15:31:00,CHDN
214.27,214.27,214.27,214.27,100,2022-03-07 15:32:00,CHDN
214.91,214.91,214.91,214.91,100,2022-03-07 15:34:00,CHDN
214.16,214.16,214.16,214.16,100,2022-03-07 15:35:00,CHDN
214.26,214.26,214.0,214.0,700,2022-03-07 15:36:00,CHDN
214.0,214.2,214.0,214.2,1100,2022-03-07 15:37:00,CHDN
213.79,214.01,213.79,214.01,700,2022-03-07 15:38:00,CHDN
213.95,214.255,213.95,214.255,300,2022-03-07 15:40:00,CHDN
214.43,214.43,214.43,214.43,100,2022-03-07 15:41:00,CHDN
214.0,214.42,214.0,214.42,700,2022-03-07 15:42:00,CHDN
214.45,214.45,214.0,214.0,200,2022-03-07 15:43:00,CHDN
214.0,214.0,214.0,214.0,200,2022-03-07 15:44:00,CHDN
214.015,214.34,214.0,214.34,400,2022-03-07 15:45:00,CHDN
214.62,214.62,214.62,214.62,100,2022-03-07 15:46:00,CHDN
214.0,214.18,213.86,214.0,1400,2022-03-07 15:48:00,CHDN
213.99,214.175,213.99,214.175,300,2022-03-07 15:49:00,CHDN
214.2225,214.51,214.2225,214.46,700,2022-03-07 15:50:00,CHDN
214.2875,214.78,214.2875,214.78,600,2022-03-07 15:51:00,CHDN
214.88,214.88,214.88,214.88,100,2022-03-07 15:52:00,CHDN
213.985,214.19,213.73,214.0,2174,2022-03-07 15:54:00,CHDN
213.99,213.99,213.99,213.99,100,2022-03-07 15:55:00,CHDN
213.0,213.66,213.0,213.66,200,2022-03-07 15:56:00,CHDN
213.13,213.13,213.13,213.13,100,2022-03-07 15:57:00,CHDN
213.07,213.11,212.605,212.605,400,2022-03-07 15:58:00,CHDN
213.215,214.05,213.2,213.92,1100,2022-03-07 15:59:00,CHDN
213.07,213.62,213.07,213.62,300,2022-03-07 16:01:00,CHDN
213.225,213.225,213.225,213.225,100,2022-03-07 16:02:00,CHDN
213.11,213.11,213.11,213.11,100,2022-03-07 16:03:00,CHDN
213.09,213.58,213.09,213.41,500,2022-03-07 16:04:00,CHDN
213.73,213.73,213.73,213.73,100,2022-03-07 16:05:00,CHDN
213.54,213.54,213.54,213.54,100,2022-03-07 16:08:00,CHDN
213.7,213.71,213.7,213.7,400,2022-03-07 16:09:00,CHDN
213.72,213.72,213.72,213.72,200,2022-03-07 16:10:00,CHDN
213.91,213.91,213.91,213.91,100,2022-03-07 16:11:00,CHDN
213.37,213.37,212.665,213.17,800,2022-03-07 16:13:00,CHDN
213.08,213.08,213.08,213.08,100,2022-03-07 16:14:00,CHDN
213.08,213.48,213.08,213.48,900,2022-03-07 16:15:00,CHDN
213.12,213.27,213.12,213.27,200,2022-03-07 16:16:00,CHDN
213.51,213.85,213.51,213.77,800,2022-03-07 16:18:00,CHDN
213.71,213.71,213.46,213.46,600,2022-03-07 16:19:00,CHDN
212.8,212.8,212.5,212.5,200,2022-03-07 16:20:00,CHDN
211.89,212.0899,211.89,212.0899,200,2022-03-07 16:21:00,CHDN
211.315,211.875,211.315,211.875,1600,2022-03-07 16:22:00,CHDN
211.335,211.345,211.335,211.345,200,2022-03-07 16:23:00,CHDN
211.935,212.03,211.91,212.03,900,2022-03-07 16:25:00,CHDN
211.87,212.58,211.87,212.4997,500,2022-03-07 16:27:00,CHDN
211.75,211.88,211.245,211.245,400,2022-03-07 16:29:00,CHDN
211.24,211.58,211.24,211.58,200,2022-03-07 16:30:00,CHDN
210.9,210.97,210.9,210.94,300,2022-03-07 16:31:00,CHDN
210.68,211.83,210.68,211.36,800,2022-03-07 16:32:00,CHDN
211.085,211.085,211.085,211.085,100,2022-03-07 16:33:00,CHDN
210.595,211.03,210.595,211.03,200,2022-03-07 16:34:00,CHDN
210.52,210.7,210.52,210.7,300,2022-03-07 16:35:00,CHDN
210.33,210.49,209.905,210.49,618,2022-03-07 16:36:00,CHDN
209.88,209.97,209.695,209.695,800,2022-03-07 16:37:00,CHDN
209.625,209.625,209.625,209.625,100,2022-03-07 16:38:00,CHDN
209.59,210.0,209.59,209.935,2157,2022-03-07 16:39:00,CHDN
210.0,210.0,210.0,210.0,500,2022-03-07 16:40:00,CHDN
210.53,210.58,210.53,210.58,700,2022-03-07 16:41:00,CHDN
210.36,210.36,210.36,210.36,100,2022-03-07 16:42:00,CHDN
210.35,210.35,209.745,210.145,800,2022-03-07 16:43:00,CHDN
210.27,210.43,209.81,209.81,500,2022-03-07 16:44:00,CHDN
210.0,210.1,210.0,210.1,300,2022-03-07 16:45:00,CHDN
210.22,210.32,210.22,210.32,300,2022-03-07 16:46:00,CHDN
210.29,210.29,210.29,210.29,100,2022-03-07 16:48:00,CHDN
209.89,209.89,209.69,209.69,300,2022-03-07 16:49:00,CHDN
209.68,209.68,209.68,209.68,100,2022-03-07 16:50:00,CHDN
209.57,209.625,209.175,209.55,500,2022-03-07 16:51:00,CHDN
210.29,210.35,210.29,210.35,500,2022-03-07 16:53:00,CHDN
209.835,210.17,209.55,209.55,300,2022-03-07 16:55:00,CHDN
209.62,210.27,209.62,210.27,600,2022-03-07 16:56:00,CHDN
209.73,209.73,209.73,209.73,200,2022-03-07 16:57:00,CHDN
210.12,210.12,210.12,210.12,100,2022-03-07 16:58:00,CHDN
210.015,210.015,210.015,210.015,134,2022-03-07 16:59:00,CHDN
210.17,210.17,209.455,209.455,200,2022-03-07 17:00:00,CHDN
209.3,209.3,209.025,209.025,300,2022-03-07 17:01:00,CHDN
209.57,209.57,209.54,209.54,200,2022-03-07 17:02:00,CHDN
209.59,209.59,209.165,209.165,200,2022-03-07 17:03:00,CHDN
209.96,209.96,209.96,209.96,200,2022-03-07 17:04:00,CHDN
209.54,209.54,209.27,209.27,200,2022-03-07 17:05:00,CHDN
209.255,209.71,209.255,209.71,700,2022-03-07 17:09:00,CHDN
209.84,209.96,209.83,209.83,600,2022-03-07 17:10:00,CHDN
209.89,210.53,209.83,210.53,900,2022-03-07 17:12:00,CHDN
210.4647,210.4647,210.4647,210.4647,110,2022-03-07 17:13:00,CHDN
209.68,209.69,208.995,208.995,700,2022-03-07 17:14:00,CHDN
209.855,209.95,209.855,209.95,200,2022-03-07 17:15:00,CHDN
209.465,209.465,209.465,209.465,100,2022-03-07 17:16:00,CHDN
209.78,209.915,209.755,209.86,900,2022-03-07 17:17:00,CHDN
209.575,209.575,209.575,209.575,100,2022-03-07 17:18:00,CHDN
210.48,210.65,210.48,210.65,400,2022-03-07 17:20:00,CHDN
210.03,210.03,210.03,210.03,100,2022-03-07 17:22:00,CHDN
209.96,209.96,209.29,209.34,700,2022-03-07 17:23:00,CHDN
209.875,209.9,209.44,209.9,500,2022-03-07 17:24:00,CHDN
210.04,210.32,210.04,210.32,200,2022-03-07 17:27:00,CHDN
209.46,209.78,209.46,209.78,200,2022-03-07 17:28:00,CHDN
209.855,209.855,209.42,209.42,400,2022-03-07 17:31:00,CHDN
209.74,210.33,209.74,209.84,1300,2022-03-07 17:32:00,CHDN
210.32,210.64,210.32,210.57,500,2022-03-07 17:34:00,CHDN
210.782,210.782,209.835,210.07,1863,2022-03-07 17:36:00,CHDN
209.96,209.96,209.575,209.575,200,2022-03-07 17:37:00,CHDN
209.89,209.89,209.89,209.89,100,2022-03-07 17:39:00,CHDN
210.39,210.49,210.39,210.49,200,2022-03-07 17:40:00,CHDN
210.77,210.77,210.74,210.74,200,2022-03-07 17:44:00,CHDN
210.565,210.565,210.565,210.565,100,2022-03-07 17:45:00,CHDN
210.37,210.78,209.525,210.535,1000,2022-03-07 17:46:00,CHDN
210.045,211.21,210.045,211.21,500,2022-03-07 17:49:00,CHDN
211.24,211.35,211.24,211.35,200,2022-03-07 17:50:00,CHDN
211.46,211.46,211.46,211.46,100,2022-03-07 17:51:00,CHDN
211.62,211.62,211.62,211.62,100,2022-03-07 17:52:00,CHDN
211.67,211.67,211.67,211.67,100,2022-03-07 17:53:00,CHDN
211.21,211.21,211.21,211.21,100,2022-03-07 17:56:00,CHDN
210.58,210.58,210.58,210.58,100,2022-03-07 17:59:00,CHDN
210.39,210.43,210.39,210.43,200,2022-03-07 18:01:00,CHDN
210.97,211.23,210.66,210.66,300,2022-03-07 18:03:00,CHDN
210.89,210.89,210.51,210.51,300,2022-03-07 18:04:00,CHDN
210.58,210.58,209.91,209.91,200,2022-03-07 18:05:00,CHDN
209.95,209.95,209.87,209.87,300,2022-03-07 18:06:00,CHDN
209.885,209.885,209.3,209.3,600,2022-03-07 18:07:00,CHDN
210.05,210.07,210.05,210.07,200,2022-03-07 18:08:00,CHDN
210.26,210.35,210.26,210.35,200,2022-03-07 18:09:00,CHDN
209.795,209.98,209.42,209.45,400,2022-03-07 18:10:00,CHDN
209.77,209.9248,209.77,209.9248,493,2022-03-07 18:11:00,CHDN
209.68,209.71,208.65,208.755,10626,2022-03-07 18:12:00,CHDN
208.71,208.73,208.71,208.72,300,2022-03-07 18:13:00,CHDN
208.3,208.5,208.3,208.32,500,2022-03-07 18:14:00,CHDN
208.255,208.45,208.03,208.03,678,2022-03-07 18:15:00,CHDN
208.0,208.44,208.0,208.44,200,2022-03-07 18:16:00,CHDN
208.135,208.135,208.135,208.135,100,2022-03-07 18:17:00,CHDN
208.266,208.27,208.266,208.27,200,2022-03-07 18:18:00,CHDN
208.59,208.59,207.75,208.05,850,2022-03-07 18:19:00,CHDN
208.33,208.33,207.85,207.85,200,2022-03-07 18:20:00,CHDN
207.82,207.82,207.56,207.56,425,2022-03-07 18:21:00,CHDN
207.72,207.79,207.64,207.64,500,2022-03-07 18:22:00,CHDN
207.85,207.85,207.56,207.84,600,2022-03-07 18:24:00,CHDN
207.84,208.07,207.78,207.78,300,2022-03-07 18:25:00,CHDN
208.155,208.155,207.64,207.64,300,2022-03-07 18:26:00,CHDN
207.95,208.0,207.95,208.0,200,2022-03-07 18:27:00,CHDN
208.27,208.27,207.66,207.82,800,2022-03-07 18:28:00,CHDN
207.67,207.685,207.67,207.685,200,2022-03-07 18:29:00,CHDN
207.27,207.6,207.15,207.35,700,2022-03-07 18:30:00,CHDN
207.52,207.54,207.2,207.2,300,2022-03-07 18:31:00,CHDN
207.22,207.33,207.22,207.33,300,2022-03-07 18:32:00,CHDN
207.29,207.29,207.15,207.15,332,2022-03-07 18:33:00,CHDN
206.78,206.82,206.03,206.03,800,2022-03-07 18:34:00,CHDN
206.06,206.14,205.77,205.77,400,2022-03-07 18:35:00,CHDN
205.71,205.87,205.71,205.75,300,2022-03-07 18:36:00,CHDN
205.87,205.92,205.5625,205.84,700,2022-03-07 18:37:00,CHDN
205.43,205.57,205.13,205.57,800,2022-03-07 18:38:00,CHDN
205.58,206.22,205.58,206.22,200,2022-03-07 18:39:00,CHDN
206.44,206.44,206.44,206.44,100,2022-03-07 18:40:00,CHDN
207.4,207.4,207.4,207.4,100,2022-03-07 18:41:00,CHDN
207.35,207.37,207.35,207.37,200,2022-03-07 18:42:00,CHDN
207.35,207.36,207.07,207.11,500,2022-03-07 18:43:00,CHDN
206.86,206.96,206.64,206.73,800,2022-03-07 18:44:00,CHDN
206.97,206.97,206.97,206.97,200,2022-03-07 18:45:00,CHDN
207.1,207.36,207.1,207.36,200,2022-03-07 18:46:00,CHDN
207.09,207.09,207.09,207.09,100,2022-03-07 18:47:00,CHDN
207.13,207.28,207.13,207.28,200,2022-03-07 18:48:00,CHDN
207.18,207.18,207.18,207.18,100,2022-03-07 18:49:00,CHDN
207.345,207.67,207.2525,207.56,900,2022-03-07 18:50:00,CHDN
207.34,207.48,207.34,207.48,200,2022-03-07 18:51:00,CHDN
207.2,207.5,207.2,207.5,900,2022-03-07 18:52:00,CHDN
207.1725,207.1725,207.1725,207.1725,100,2022-03-07 18:53:00,CHDN
207.46,207.46,206.93,206.93,898,2022-03-07 18:54:00,CHDN
206.71,206.72,206.71,206.72,300,2022-03-07 18:55:00,CHDN
206.72,206.72,206.72,206.72,200,2022-03-07 18:56:00,CHDN
206.37,206.37,206.24,206.24,300,2022-03-07 18:57:00,CHDN
206.55,206.56,206.55,206.56,200,2022-03-07 18:58:00,CHDN
206.6,206.64,206.395,206.395,500,2022-03-07 18:59:00,CHDN
206.44,206.65,206.42,206.42,582,2022-03-07 19:00:00,CHDN
206.42,206.43,206.42,206.43,257,2022-03-07 19:01:00,CHDN
206.09,206.25,206.0235,206.25,300,2022-03-07 19:02:00,CHDN
206.19,206.19,205.92,206.07,400,2022-03-07 19:03:00,CHDN
205.75,205.92,205.75,205.905,300,2022-03-07 19:04:00,CHDN
205.71,205.85,205.71,205.85,200,2022-03-07 19:05:00,CHDN
205.87,206.41,205.87,206.41,1000,2022-03-07 19:06:00,CHDN
206.38,206.38,206.18,206.36,700,2022-03-07 19:09:00,CHDN
206.35,206.96,206.35,206.83,400,2022-03-07 19:10:00,CHDN
206.96,207.06,206.96,207.06,600,2022-03-07 19:11:00,CHDN
207.05,207.285,206.98,207.285,1400,2022-03-07 19:12:00,CHDN
207.04,207.04,207.04,207.04,100,2022-03-07 19:13:00,CHDN
207.81,207.81,207.15,207.15,200,2022-03-07 19:14:00,CHDN
207.1,207.1,207.1,207.1,200,2022-03-07 19:15:00,CHDN
206.95,206.95,206.95,206.95,100,2022-03-07 19:16:00,CHDN
207.41,207.45,207.09,207.09,700,2022-03-07 19:17:00,CHDN
207.28,207.28,207.28,207.28,100,2022-03-07 19:18:00,CHDN
207.15,207.17,207.15,207.17,200,2022-03-07 19:19:00,CHDN
206.98,206.98,206.725,206.84,500,2022-03-07 19:20:00,CHDN
206.7,206.87,206.44,206.45,1300,2022-03-07 19:21:00,CHDN
206.7,206.7,206.7,206.7,100,2022-03-07 19:22:00,CHDN
206.305,206.37,206.245,206.37,300,2022-03-07 19:23:00,CHDN
206.8,206.8,206.8,206.8,100,2022-03-07 19:24:00,CHDN
206.86,206.86,206.57,206.57,400,2022-03-07 19:25:00,CHDN
206.66,206.71,206.66,206.71,600,2022-03-07 19:26:00,CHDN
206.84,206.86,206.66,206.66,400,2022-03-07 19:27:00,CHDN
206.62,206.62,206.57,206.57,300,2022-03-07 19:28:00,CHDN
206.72,206.86,206.72,206.86,200,2022-03-07 19:29:00,CHDN
206.27,206.5,206.27,206.5,300,2022-03-07 19:30:00,CHDN
206.75,206.75,206.75,206.75,100,2022-03-07 19:31:00,CHDN
206.53,206.53,206.195,206.195,200,2022-03-07 19:32:00,CHDN
206.19,206.19,205.7,205.7,950,2022-03-07 19:33:00,CHDN
205.43,205.72,205.43,205.72,200,2022-03-07 19:34:00,CHDN
205.48,205.62,205.48,205.62,300,2022-03-07 19:35:00,CHDN
205.65,205.73,205.65,205.73,600,2022-03-07 19:36:00,CHDN
205.6,205.68,205.525,205.68,300,2022-03-07 19:37:00,CHDN
205.77,205.78,205.5075,205.5075,690,2022-03-07 19:38:00,CHDN
205.73,205.85,205.495,205.85,300,2022-03-07 19:39:00,CHDN
205.58,205.84,205.54,205.54,300,2022-03-07 19:40:00,CHDN
205.18,205.18,204.685,204.685,450,2022-03-07 19:41:00,CHDN
204.77,204.77,204.77,204.77,100,2022-03-07 19:42:00,CHDN
204.68,204.68,204.46,204.51,400,2022-03-07 19:43:00,CHDN
204.6275,204.68,204.205,204.68,1000,2022-03-07 19:44:00,CHDN
204.68,204.68,204.68,204.68,100,2022-03-07 19:45:00,CHDN
204.71,204.72,204.69,204.7175,600,2022-03-07 19:46:00,CHDN
204.79,204.8,204.79,204.8,300,2022-03-07 19:47:00,CHDN
204.89,204.89,204.785,204.785,300,2022-03-07 19:48:00,CHDN
204.6,204.81,204.6,204.81,400,2022-03-07 19:49:00,CHDN
204.74,204.74,204.57,204.735,400,2022-03-07 19:50:00,CHDN
204.71,204.77,204.71,204.77,200,2022-03-07 19:51:00,CHDN
204.82,204.82,204.63,204.695,300,2022-03-07 19:52:00,CHDN
204.76,204.96,204.64,204.64,1039,2022-03-07 19:53:00,CHDN
204.83,204.85,204.83,204.85,200,2022-03-07 19:54:00,CHDN
204.79,204.87,204.79,204.79,600,2022-03-07 19:55:00,CHDN
204.93,205.415,204.93,205.415,600,2022-03-07 19:56:00,CHDN
205.59,205.63,205.425,205.63,500,2022-03-07 19:57:00,CHDN
205.54,205.54,205.54,205.54,100,2022-03-07 19:58:00,CHDN
205.4575,205.4575,205.4575,205.4575,100,2022-03-07 19:59:00,CHDN
205.79,205.79,205.79,205.79,100,2022-03-07 20:00:00,CHDN
205.44,205.48,205.3,205.3,1352,2022-03-07 20:01:00,CHDN
205.26,205.27,204.83,204.83,1051,2022-03-07 20:02:00,CHDN
204.69,204.72,204.425,204.425,400,2022-03-07 20:03:00,CHDN
204.39,204.39,204.39,204.39,100,2022-03-07 20:05:00,CHDN
203.92,204.03,203.84,204.005,1592,2022-03-07 20:06:00,CHDN
203.995,203.995,203.995,203.995,100,2022-03-07 20:07:00,CHDN
203.82,204.13,203.82,203.855,400,2022-03-07 20:08:00,CHDN
203.825,203.825,203.825,203.825,100,2022-03-07 20:09:00,CHDN
203.66,203.67,203.405,203.405,800,2022-03-07 20:10:00,CHDN
203.845,203.86,203.775,203.775,500,2022-03-07 20:11:00,CHDN
203.58,203.87,203.58,203.69,300,2022-03-07 20:13:00,CHDN
203.89,203.97,203.85,203.97,400,2022-03-07 20:14:00,CHDN
203.81,203.81,203.81,203.81,700,2022-03-07 20:15:00,CHDN
203.78,203.84,203.78,203.785,300,2022-03-07 20:16:00,CHDN
203.7,203.7,203.68,203.68,300,2022-03-07 20:17:00,CHDN
203.69,203.88,203.69,203.88,300,2022-03-07 20:18:00,CHDN
203.99,204.04,203.9575,204.01,500,2022-03-07 20:19:00,CHDN
204.65,204.65,204.28,204.49,600,2022-03-07 20:20:00,CHDN
204.41,204.48,204.25,204.26,500,2022-03-07 20:21:00,CHDN
204.36,204.36,204.36,204.36,100,2022-03-07 20:22:00,CHDN
204.65,204.8,204.64,204.8,500,2022-03-07 20:23:00,CHDN
204.88,204.88,204.88,204.88,100,2022-03-07 20:24:00,CHDN
204.95,205.7,204.95,205.7,800,2022-03-07 20:25:00,CHDN
205.55,205.61,205.55,205.61,400,2022-03-07 20:26:00,CHDN
205.61,205.7,205.61,205.7,200,2022-03-07 20:27:00,CHDN
205.565,205.565,205.565,205.565,100,2022-03-07 20:28:00,CHDN
205.72,205.94,205.72,205.94,700,2022-03-07 20:29:00,CHDN
205.77,205.885,205.62,205.87,2254,2022-03-07 20:30:00,CHDN
205.48,205.48,205.0881,205.0881,320,2022-03-07 20:31:00,CHDN
205.05,205.14,205.05,205.14,200,2022-03-07 20:32:00,CHDN
205.14,205.14,205.1,205.105,300,2022-03-07 20:33:00,CHDN
205.05,205.05,204.84,204.84,500,2022-03-07 20:34:00,CHDN
204.92,204.92,204.69,204.86,1500,2022-03-07 20:35:00,CHDN
204.79,205.36,204.79,205.36,1502,2022-03-07 20:36:00,CHDN
205.445,205.65,205.41,205.41,700,2022-03-07 20:37:00,CHDN
205.43,205.81,205.33,205.81,2031,2022-03-07 20:38:00,CHDN
205.69,205.69,205.45,205.45,300,2022-03-07 20:39:00,CHDN
205.7,205.75,205.66,205.66,530,2022-03-07 20:40:00,CHDN
205.52,205.53,205.38,205.52,700,2022-03-07 20:41:00,CHDN
205.57,205.98,205.57,205.94,1847,2022-03-07 20:43:00,CHDN
206.17,206.72,206.17,206.555,1555,2022-03-07 20:44:00,CHDN
206.43,206.43,205.94,206.03,1015,2022-03-07 20:45:00,CHDN
205.82,205.92,205.65,205.65,3200,2022-03-07 20:46:00,CHDN
205.68,205.72,205.37,205.56,2267,2022-03-07 20:47:00,CHDN
205.56,205.86,205.56,205.86,801,2022-03-07 20:48:00,CHDN
206.06,206.06,205.83,205.895,630,2022-03-07 20:49:00,CHDN
205.72,205.72,205.445,205.59,1000,2022-03-07 20:50:00,CHDN
205.86,205.86,205.2301,205.2301,1266,2022-03-07 20:51:00,CHDN
205.44,205.44,204.88,204.88,1693,2022-03-07 20:52:00,CHDN
205.06,205.07,204.72,204.72,1708,2022-03-07 20:53:00,CHDN
204.85,204.925,203.43,203.82,3656,2022-03-07 20:54:00,CHDN
203.91,204.5,203.91,204.39,4115,2022-03-07 20:55:00,CHDN
204.27,204.365,203.99,204.23,2531,2022-03-07 20:56:00,CHDN
204.14,204.34,204.1,204.34,2703,2022-03-07 20:57:00,CHDN
204.34,204.47,204.33,204.34,3042,2022-03-07 20:58:00,CHDN
204.35,204.46,204.345,204.46,4637,2022-03-07 20:59:00,CHDN
204.4,204.4,204.4,204.4,18029,2022-03-07 21:00:00,CHDN
205.22,205.22,204.82,204.82,222,2022-03-08 14:29:00,CHDN
204.76,206.07,202.98,202.98,2979,2022-03-08 14:30:00,CHDN
202.23,202.23,200.69,201.16,300,2022-03-08 14:35:00,CHDN
200.42,200.52,200.42,200.52,200,2022-03-08 14:36:00,CHDN
200.945,200.945,200.02,200.02,300,2022-03-08 14:37:00,CHDN
200.88,201.23,200.85,201.18,600,2022-03-08 14:38:00,CHDN
200.01,200.01,198.39,198.39,3805,2022-03-08 14:40:00,CHDN
199.14,199.57,199.14,199.15,300,2022-03-08 14:42:00,CHDN
200.91,200.91,200.62,200.62,200,2022-03-08 14:43:00,CHDN
200.44,200.44,200.44,200.44,100,2022-03-08 14:44:00,CHDN
202.03,202.03,202.03,202.03,100,2022-03-08 14:45:00,CHDN
202.0,202.07,202.0,202.01,872,2022-03-08 14:47:00,CHDN
202.485,202.9,202.37,202.6725,1100,2022-03-08 14:48:00,CHDN
202.005,202.005,201.365,201.71,500,2022-03-08 14:50:00,CHDN
202.165,202.165,202.165,202.165,100,2022-03-08 14:51:00,CHDN
202.19,202.19,202.19,202.19,100,2022-03-08 14:53:00,CHDN
202.0,202.0,201.01,201.04,5040,2022-03-08 14:54:00,CHDN
201.43,201.43,201.38,201.38,200,2022-03-08 14:55:00,CHDN
201.28,201.3,200.775,200.8375,1523,2022-03-08 14:56:00,CHDN
200.775,201.32,200.7201,200.7201,705,2022-03-08 14:57:00,CHDN
201.175,201.175,201.175,201.175,100,2022-03-08 14:58:00,CHDN
200.41,200.41,200.41,200.41,105,2022-03-08 15:05:00,CHDN
200.365,200.365,200.365,200.365,100,2022-03-08 15:06:00,CHDN
200.01,200.085,199.28,199.28,810,2022-03-08 15:07:00,CHDN
199.5,199.82,199.06,199.82,1321,2022-03-08 15:08:00,CHDN
200.0,200.03,200.0,200.03,200,2022-03-08 15:09:00,CHDN
200.88,200.88,200.72,200.72,200,2022-03-08 15:10:00,CHDN
201.24,201.24,200.98,200.98,223,2022-03-08 15:11:00,CHDN
201.37,201.37,201.37,201.37,100,2022-03-08 15:12:00,CHDN
201.37,201.37,201.37,201.37,100,2022-03-08 15:13:00,CHDN
201.18,201.6,201.18,201.6,400,2022-03-08 15:14:00,CHDN
201.44,201.44,201.33,201.375,500,2022-03-08 15:15:00,CHDN
201.56,201.78,201.47,201.6,1416,2022-03-08 15:16:00,CHDN
201.65,201.66,201.65,201.66,200,2022-03-08 15:18:00,CHDN
201.82,202.45,201.82,202.45,1100,2022-03-08 15:19:00,CHDN
203.175,203.18,203.1,203.18,300,2022-03-08 15:21:00,CHDN
202.59,202.59,201.81,201.81,200,2022-03-08 15:24:00,CHDN
200.56,201.04,199.785,200.15,1200,2022-03-08 15:27:00,CHDN
200.0,200.48,199.705,200.48,821,2022-03-08 15:28:00,CHDN
200.27,200.27,199.8175,199.8175,500,2022-03-08 15:29:00,CHDN
200.28,201.46,200.27,200.63,1300,2022-03-08 15:30:00,CHDN
200.23,200.61,200.025,200.08,700,2022-03-08 15:31:00,CHDN
200.0,200.0,200.0,200.0,200,2022-03-08 15:32:00,CHDN
198.53,198.53,198.53,198.53,100,2022-03-08 15:34:00,CHDN
198.02,198.33,197.69,198.19,5194,2022-03-08 15:35:00,CHDN
198.02,198.57,198.02,198.56,500,2022-03-08 15:36:00,CHDN
198.61,198.61,198.61,198.61,100,2022-03-08 15:37:00,CHDN
199.385,199.385,199.385,199.385,100,2022-03-08 15:38:00,CHDN
198.39,198.63,198.39,198.6,300,2022-03-08 15:39:00,CHDN
198.84,198.84,198.84,198.84,100,2022-03-08 15:40:00,CHDN
199.24,200.0,198.99,199.8,2700,2022-03-08 15:41:00,CHDN
199.92,200.2151,199.88,200.2151,575,2022-03-08 15:43:00,CHDN
200.175,200.295,200.175,200.18,400,2022-03-08 15:44:00,CHDN
200.0,200.0,199.77,200.0,1691,2022-03-08 15:45:00,CHDN
200.0,200.0,199.795,199.795,1000,2022-03-08 15:46:00,CHDN
199.61,199.61,199.61,199.61,100,2022-03-08 15:47:00,CHDN
199.65,200.11,199.65,199.96,700,2022-03-08 15:49:00,CHDN
199.84,199.84,199.84,199.84,100,2022-03-08 15:51:00,CHDN
199.51,199.51,199.51,199.51,100,2022-03-08 15:52:00,CHDN
199.27,199.27,199.23,199.23,200,2022-03-08 15:53:00,CHDN
199.675,200.41,199.675,200.41,1550,2022-03-08 15:54:00,CHDN
200.86,200.86,200.68,200.745,500,2022-03-08 15:55:00,CHDN
200.29,200.29,200.17,200.17,200,2022-03-08 15:57:00,CHDN
200.35,200.9563,200.34,200.9175,700,2022-03-08 15:58:00,CHDN
200.89,201.15,200.89,201.06,400,2022-03-08 16:00:00,CHDN
200.91,201.01,200.725,200.84,1549,2022-03-08 16:01:00,CHDN
201.09,201.17,200.97,200.97,500,2022-03-08 16:02:00,CHDN
201.1575,201.84,201.1575,201.84,1450,2022-03-08 16:04:00,CHDN
201.9,201.9,201.49,201.49,400,2022-03-08 16:05:00,CHDN
201.43,201.55,201.16,201.18,700,2022-03-08 16:07:00,CHDN
201.11,201.24,201.11,201.11,400,2022-03-08 16:08:00,CHDN
201.15,201.15,200.455,200.485,400,2022-03-08 16:09:00,CHDN
200.97,201.41,200.97,201.13,800,2022-03-08 16:10:00,CHDN
200.77,201.15,200.77,201.11,500,2022-03-08 16:11:00,CHDN
201.01,201.06,201.01,201.05,300,2022-03-08 16:12:00,CHDN
200.61,200.87,200.61,200.87,300,2022-03-08 16:14:00,CHDN
200.89,201.35,200.89,201.065,1273,2022-03-08 16:15:00,CHDN
201.17,201.49,201.17,201.49,900,2022-03-08 16:16:00,CHDN
201.37,201.37,200.66,200.85,650,2022-03-08 16:17:00,CHDN
200.995,200.995,200.95,200.95,200,2022-03-08 16:19:00,CHDN
201.08,201.08,200.92,200.92,300,2022-03-08 16:20:00,CHDN
201.11,201.12,200.545,200.545,300,2022-03-08 16:21:00,CHDN
200.705,200.85,200.695,200.74,1200,2022-03-08 16:24:00,CHDN
201.055,201.055,201.055,201.055,100,2022-03-08 16:25:00,CHDN
200.76,200.76,200.11,200.11,200,2022-03-08 16:26:00,CHDN
200.37,200.37,200.37,200.37,100,2022-03-08 16:27:00,CHDN
200.32,200.32,200.32,200.32,100,2022-03-08 16:29:00,CHDN
199.86,199.86,199.86,199.86,100,2022-03-08 16:30:00,CHDN
199.32,199.32,198.985,199.0375,1800,2022-03-08 16:31:00,CHDN
198.91,198.94,198.7,198.705,1188,2022-03-08 16:32:00,CHDN
198.87,199.06,198.87,198.88,600,2022-03-08 16:34:00,CHDN
198.82,199.02,198.78,198.885,1000,2022-03-08 16:35:00,CHDN
198.72,198.72,198.72,198.72,100,2022-03-08 16:38:00,CHDN
198.7,198.7,198.015,198.14,928,2022-03-08 16:39:00,CHDN
198.27,198.66,198.27,198.66,300,2022-03-08 16:40:00,CHDN
198.38,198.38,198.31,198.31,200,2022-03-08 16:41:00,CHDN
198.31,198.31,198.26,198.26,300,2022-03-08 16:42:00,CHDN
198.08,198.08,197.53,197.53,400,2022-03-08 16:43:00,CHDN
197.63,197.63,197.505,197.5225,400,2022-03-08 16:44:00,CHDN
197.42,197.42,197.42,197.42,100,2022-03-08 16:45:00,CHDN
197.6,197.81,197.43,197.81,1750,2022-03-08 16:46:00,CHDN
197.9,197.9,197.9,197.9,100,2022-03-08 16:47:00,CHDN
198.24,198.255,197.955,197.955,450,2022-03-08 16:48:00,CHDN
198.105,198.57,198.105,198.54,1590,2022-03-08 16:49:00,CHDN
198.78,198.955,198.77,198.955,580,2022-03-08 16:50:00,CHDN
198.9575,199.23,198.9575,199.2,691,2022-03-08 16:51:00,CHDN
199.23,199.23,199.035,199.1,850,2022-03-08 16:52:00,CHDN
199.12,199.12,199.12,199.12,100,2022-03-08 16:53:00,CHDN
199.07,199.18,199.04,199.18,701,2022-03-08 16:54:00,CHDN
199.18,199.32,199.09,199.32,800,2022-03-08 16:55:00,CHDN
198.91,198.91,198.91,198.91,100,2022-03-08 16:56:00,CHDN
198.385,198.385,198.29,198.29,300,2022-03-08 16:58:00,CHDN
198.24,198.24,198.24,198.24,100,2022-03-08 16:59:00,CHDN
197.885,197.89,197.885,197.89,200,2022-03-08 17:00:00,CHDN
198.04,198.96,198.04,198.96,1700,2022-03-08 17:01:00,CHDN
199.09,199.225,198.98,199.225,943,2022-03-08 17:03:00,CHDN
199.51,200.07,199.51,199.85,1050,2022-03-08 17:05:00,CHDN
199.895,200.11,199.79,200.11,600,2022-03-08 17:06:00,CHDN
200.54,200.54,200.18,200.54,600,2022-03-08 17:08:00,CHDN
200.63,200.63,200.63,200.63,100,2022-03-08 17:09:00,CHDN
200.8,201.05,200.8,201.05,950,2022-03-08 17:10:00,CHDN
201.51,201.99,201.49,201.99,837,2022-03-08 17:11:00,CHDN
202.205,202.79,202.205,202.68,1250,2022-03-08 17:12:00,CHDN
202.76,203.15,202.76,203.15,600,2022-03-08 17:13:00,CHDN
203.15,203.5743,203.15,203.5743,225,2022-03-08 17:14:00,CHDN
203.69,203.69,203.69,203.69,100,2022-03-08 17:15:00,CHDN
204.405,205.15,204.3,204.98,2387,2022-03-08 17:16:00,CHDN
205.81,205.81,205.81,205.81,100,2022-03-08 17:18:00,CHDN
206.38,206.38,206.24,206.24,300,2022-03-08 17:19:00,CHDN
206.345,206.345,206.345,206.345,100,2022-03-08 17:20:00,CHDN
206.72,206.79,206.72,206.73,465,2022-03-08 17:21:00,CHDN
207.25,207.25,207.05,207.05,458,2022-03-08 17:22:00,CHDN
207.025,207.025,206.215,206.215,700,2022-03-08 17:23:00,CHDN
206.24,206.27,206.24,206.27,465,2022-03-08 17:24:00,CHDN
206.23,206.485,206.23,206.43,960,2022-03-08 17:25:00,CHDN
206.04,206.04,206.04,206.04,100,2022-03-08 17:26:00,CHDN
206.56,206.56,206.02,206.02,200,2022-03-08 17:27:00,CHDN
206.51,207.21,206.48,207.21,1020,2022-03-08 17:28:00,CHDN
207.05,207.05,206.86,206.86,550,2022-03-08 17:30:00,CHDN
206.89,206.89,205.85,205.85,900,2022-03-08 17:31:00,CHDN
206.06,206.67,206.06,206.095,1492,2022-03-08 17:32:00,CHDN
206.125,207.06,206.125,206.93,595,2022-03-08 17:33:00,CHDN
207.35,208.56,207.33,208.56,3300,2022-03-08 17:34:00,CHDN
209.14,209.14,207.87,207.87,350,2022-03-08 17:35:00,CHDN
208.95,209.325,208.38,208.39,2724,2022-03-08 17:36:00,CHDN
208.89,208.89,208.89,208.89,200,2022-03-08 17:37:00,CHDN
208.8217,209.67,208.8217,209.67,649,2022-03-08 17:39:00,CHDN
208.66,208.66,208.6,208.6,200,2022-03-08 17:41:00,CHDN
209.28,209.28,209.28,209.28,100,2022-03-08 17:42:00,CHDN
208.965,208.965,208.335,208.335,500,2022-03-08 17:43:00,CHDN
208.38,209.11,208.38,209.09,1650,2022-03-08 17:44:00,CHDN
209.22,209.85,209.22,209.85,800,2022-03-08 17:46:00,CHDN
209.75,209.75,209.28,209.28,860,2022-03-08 17:47:00,CHDN
209.22,209.24,209.22,209.24,300,2022-03-08 17:48:00,CHDN
209.47,209.53,208.935,208.935,1431,2022-03-08 17:49:00,CHDN
209.17,209.25,209.0,209.0,900,2022-03-08 17:50:00,CHDN
208.75,208.75,208.75,208.75,300,2022-03-08 17:51:00,CHDN
208.99,209.16,208.98,209.015,889,2022-03-08 17:52:00,CHDN
208.955,208.99,208.955,208.99,200,2022-03-08 17:53:00,CHDN
209.3,209.71,209.3,209.71,587,2022-03-08 17:54:00,CHDN
209.32,209.32,209.305,209.305,300,2022-03-08 17:55:00,CHDN
209.13,209.37,208.91,209.37,1400,2022-03-08 17:56:00,CHDN
209.22,209.8164,209.205,209.73,711,2022-03-08 17:57:00,CHDN
209.315,209.6,209.315,209.6,307,2022-03-08 17:58:00,CHDN
210.0,210.0,209.95,210.0,400,2022-03-08 18:00:00,CHDN
210.1,210.1525,210.1,210.1525,650,2022-03-08 18:01:00,CHDN
209.98,210.02,209.74,209.74,600,2022-03-08 18:02:00,CHDN
209.93,210.29,209.815,210.29,2025,2022-03-08 18:03:00,CHDN
209.84,210.01,209.84,210.01,1300,2022-03-08 18:04:00,CHDN
210.25,210.4,210.17,210.39,1634,2022-03-08 18:05:00,CHDN
210.215,210.515,210.215,210.43,980,2022-03-08 18:06:00,CHDN
210.475,210.78,210.475,210.61,1400,2022-03-08 18:07:00,CHDN
210.78,210.79,210.015,210.015,2950,2022-03-08 18:08:00,CHDN
210.4,210.57,210.4,210.57,650,2022-03-08 18:09:00,CHDN
210.5,210.86,210.5,210.5,1152,2022-03-08 18:10:00,CHDN
210.555,210.85,210.5,210.5,1586,2022-03-08 18:11:00,CHDN
210.565,210.89,210.51,210.85,2500,2022-03-08 18:12:00,CHDN
210.79,211.06,210.5,210.5,4188,2022-03-08 18:13:00,CHDN
210.6,210.68,209.85,209.85,2677,2022-03-08 18:14:00,CHDN
209.85,210.17,209.85,210.17,898,2022-03-08 18:15:00,CHDN
210.17,210.57,210.17,210.57,250,2022-03-08 18:16:00,CHDN
210.63,210.67,210.12,210.12,777,2022-03-08 18:17:00,CHDN
210.07,210.07,210.07,210.07,100,2022-03-08 18:18:00,CHDN
209.85,209.85,209.43,209.84,1347,2022-03-08 18:19:00,CHDN
209.98,210.03,209.2,209.425,1700,2022-03-08 18:20:00,CHDN
209.45,209.56,209.45,209.56,450,2022-03-08 18:22:00,CHDN
209.09,209.18,209.06,209.06,301,2022-03-08 18:23:00,CHDN
206.5,206.5,206.115,206.115,700,2022-03-08 18:30:00,CHDN
205.33,205.52,205.33,205.44,900,2022-03-08 18:33:00,CHDN
205.56,205.56,205.56,205.56,100,2022-03-08 18:34:00,CHDN
205.55,205.55,205.55,205.55,100,2022-03-08 18:36:00,CHDN
205.47,205.74,205.47,205.74,300,2022-03-08 18:39:00,CHDN
205.67,206.16,205.49,206.16,1400,2022-03-08 18:40:00,CHDN
206.16,206.16,205.77,205.77,700,2022-03-08 18:41:00,CHDN
205.43,205.725,205.43,205.725,200,2022-03-08 18:42:00,CHDN
205.48,205.49,205.48,205.49,200,2022-03-08 18:43:00,CHDN
205.41,206.09,205.41,206.09,350,2022-03-08 18:44:00,CHDN
206.36,206.36,206.36,206.36,100,2022-03-08 18:47:00,CHDN
206.36,206.43,206.36,206.43,400,2022-03-08 18:48:00,CHDN
206.26,206.26,206.26,206.26,100,2022-03-08 18:51:00,CHDN
206.25,206.54,206.25,206.54,400,2022-03-08 18:52:00,CHDN
206.2232,206.56,206.2232,206.56,760,2022-03-08 18:53:00,CHDN
206.16,206.16,205.98,205.98,200,2022-03-08 18:54:00,CHDN
205.81,205.82,205.75,205.76,701,2022-03-08 18:55:00,CHDN
205.94,205.94,205.635,205.635,200,2022-03-08 18:56:00,CHDN
205.43,205.72,205.4,205.4,400,2022-03-08 18:57:00,CHDN
205.42,205.42,205.41,205.41,410,2022-03-08 18:58:00,CHDN
205.44,205.44,205.01,205.01,1060,2022-03-08 18:59:00,CHDN
205.0,205.195,204.74,204.74,2800,2022-03-08 19:00:00,CHDN
204.64,205.01,204.18,204.67,4700,2022-03-08 19:01:00,CHDN
204.38,204.38,204.29,204.29,369,2022-03-08 19:02:00,CHDN
204.3,204.57,204.3,204.57,601,2022-03-08 19:03:00,CHDN
204.84,205.1694,204.6,205.1694,1200,2022-03-08 19:04:00,CHDN
204.74,205.06,204.74,205.06,300,2022-03-08 19:05:00,CHDN
205.66,206.28,205.66,206.28,900,2022-03-08 19:07:00,CHDN
206.48,206.75,206.48,206.48,400,2022-03-08 19:09:00,CHDN
207.71,207.98,207.71,207.98,200,2022-03-08 19:11:00,CHDN
207.64,207.64,207.58,207.59,847,2022-03-08 19:12:00,CHDN
208.38,208.91,207.85,207.85,1600,2022-03-08 19:13:00,CHDN
208.01,208.07,208.01,208.07,200,2022-03-08 19:14:00,CHDN
207.84,207.98,207.7,207.7,1000,2022-03-08 19:15:00,CHDN
208.1,208.14,208.1,208.14,400,2022-03-08 19:16:00,CHDN
208.47,208.5,208.47,208.5,200,2022-03-08 19:17:00,CHDN
208.53,208.87,208.53,208.73,301,2022-03-08 19:18:00,CHDN
208.7,208.7,208.1,208.1,2570,2022-03-08 19:19:00,CHDN
208.1,208.1,207.75,207.915,2486,2022-03-08 19:21:00,CHDN
207.75,207.75,207.27,207.3145,2280,2022-03-08 19:22:00,CHDN
207.71,208.39,207.69,208.39,1400,2022-03-08 19:23:00,CHDN
208.55,208.82,208.55,208.82,700,2022-03-08 19:24:00,CHDN
209.22,209.22,209.22,209.22,100,2022-03-08 19:25:00,CHDN
210.45,210.45,210.45,210.45,100,2022-03-08 19:29:00,CHDN
210.435,210.435,210.435,210.435,200,2022-03-08 19:31:00,CHDN
210.36,210.36,209.42,209.92,700,2022-03-08 19:32:00,CHDN
209.26,209.32,209.04,209.04,600,2022-03-08 19:34:00,CHDN
209.15,209.56,208.98,208.98,800,2022-03-08 19:35:00,CHDN
209.47,209.54,209.29,209.29,400,2022-03-08 19:36:00,CHDN
209.55,209.56,209.545,209.56,738,2022-03-08 19:37:00,CHDN
209.53,209.53,209.25,209.25,400,2022-03-08 19:39:00,CHDN
209.26,209.26,209.26,209.26,100,2022-03-08 19:40:00,CHDN
209.29,209.29,209.02,209.02,791,2022-03-08 19:43:00,CHDN
209.5,209.52,209.5,209.52,300,2022-03-08 19:44:00,CHDN
209.54,210.16,209.54,210.03,1214,2022-03-08 19:45:00,CHDN
209.92,209.92,209.77,209.875,300,2022-03-08 19:48:00,CHDN
209.93,209.93,209.93,209.93,200,2022-03-08 19:49:00,CHDN
210.12,210.13,210.12,210.13,200,2022-03-08 19:50:00,CHDN
209.75,209.75,209.75,209.75,100,2022-03-08 19:51:00,CHDN
209.5,209.5,209.26,209.26,400,2022-03-08 19:52:00,CHDN
209.245,209.6,209.245,209.33,600,2022-03-08 19:53:00,CHDN
209.33,209.33,209.02,209.03,400,2022-03-08 19:54:00,CHDN
209.12,209.48,209.12,209.48,400,2022-03-08 19:55:00,CHDN
209.825,209.825,209.56,209.56,200,2022-03-08 19:56:00,CHDN
209.56,209.56,209.56,209.56,100,2022-03-08 19:57:00,CHDN
209.5,209.5,209.25,209.25,200,2022-03-08 19:58:00,CHDN
209.47,209.55,209.41,209.55,421,2022-03-08 19:59:00,CHDN
209.93,209.93,209.63,209.655,994,2022-03-08 20:00:00,CHDN
209.46,209.515,209.45,209.515,300,2022-03-08 20:01:00,CHDN
209.505,209.76,209.4,209.76,600,2022-03-08 20:02:00,CHDN
210.23,210.28,209.98,209.98,502,2022-03-08 20:03:00,CHDN
210.09,210.09,210.09,210.09,200,2022-03-08 20:06:00,CHDN
209.79,209.79,209.75,209.75,300,2022-03-08 20:07:00,CHDN
209.605,209.605,209.475,209.475,200,2022-03-08 20:11:00,CHDN
209.64,209.71,209.63,209.63,1000,2022-03-08 20:12:00,CHDN
209.66,209.66,209.66,209.66,100,2022-03-08 20:13:00,CHDN
209.69,210.1,209.69,210.1,886,2022-03-08 20:14:00,CHDN
210.28,210.3,210.0401,210.14,2112,2022-03-08 20:15:00,CHDN
210.05,210.05,209.64,209.77,801,2022-03-08 20:16:00,CHDN
209.82,209.82,209.82,209.82,100,2022-03-08 20:17:00,CHDN
209.64,209.74,209.63,209.74,300,2022-03-08 20:18:00,CHDN
209.62,209.82,209.62,209.82,300,2022-03-08 20:19:00,CHDN
209.84,209.89,209.84,209.89,400,2022-03-08 20:20:00,CHDN
209.69,209.69,209.51,209.55,695,2022-03-08 20:21:00,CHDN
209.37,209.49,209.365,209.49,400,2022-03-08 20:22:00,CHDN
209.37,209.37,209.25,209.25,400,2022-03-08 20:23:00,CHDN
209.48,209.49,209.37,209.45,890,2022-03-08 20:24:00,CHDN
209.47,209.47,209.02,209.04,800,2022-03-08 20:25:00,CHDN
209.05,209.22,208.96,209.22,800,2022-03-08 20:26:00,CHDN
209.29,209.31,209.29,209.31,201,2022-03-08 20:27:00,CHDN
209.07,209.08,208.88,208.88,1599,2022-03-08 20:28:00,CHDN
208.89,208.89,208.75,208.75,400,2022-03-08 20:29:00,CHDN
208.75,208.9,208.75,208.895,451,2022-03-08 20:30:00,CHDN
208.96,209.309,208.96,209.309,600,2022-03-08 20:31:00,CHDN
209.4,209.51,209.4,209.41,400,2022-03-08 20:32:00,CHDN
209.25,209.29,209.12,209.12,300,2022-03-08 20:33:00,CHDN
208.79,208.79,208.79,208.79,400,2022-03-08 20:34:00,CHDN
208.79,209.125,208.75,208.9745,4144,2022-03-08 20:35:00,CHDN
208.85,208.88,208.61,208.76,800,2022-03-08 20:36:00,CHDN
208.61,208.88,208.61,208.88,200,2022-03-08 20:37:00,CHDN
209.19,209.2,209.19,209.2,200,2022-03-08 20:39:00,CHDN
209.25,209.25,208.89,208.89,600,2022-03-08 20:40:00,CHDN
208.9,209.24,208.9,209.24,1300,2022-03-08 20:41:00,CHDN
208.87,209.22,208.87,209.22,400,2022-03-08 20:42:00,CHDN
209.13,209.13,209.01,209.01,400,2022-03-08 20:43:00,CHDN
208.76,208.98,208.75,208.79,1617,2022-03-08 20:44:00,CHDN
208.75,208.75,208.63,208.63,300,2022-03-08 20:45:00,CHDN
208.79,209.345,208.79,209.345,1952,2022-03-08 20:46:00,CHDN
209.48,209.65,209.14,209.14,2565,2022-03-08 20:47:00,CHDN
209.05,209.23,209.02,209.23,1893,2022-03-08 20:48:00,CHDN
209.14,209.27,208.88,208.88,4191,2022-03-08 20:49:00,CHDN
208.83,209.13,208.33,208.33,1721,2022-03-08 20:50:00,CHDN
208.07,208.57,208.07,208.56,1000,2022-03-08 20:51:00,CHDN
208.335,208.58,208.22,208.58,1509,2022-03-08 20:52:00,CHDN
208.57,208.57,208.05,208.13,1200,2022-03-08 20:53:00,CHDN
207.94,208.06,207.75,207.87,1095,2022-03-08 20:54:00,CHDN
208.07,208.17,207.81,207.89,1960,2022-03-08 20:55:00,CHDN
208.03,208.03,207.865,207.96,800,2022-03-08 20:56:00,CHDN
207.885,208.21,207.42,208.21,3735,2022-03-08 20:57:00,CHDN
208.21,208.21,207.97,208.11,1579,2022-03-08 20:58:00,CHDN
208.42,208.46,208.26,208.39,3932,2022-03-08 20:59:00,CHDN
208.39,208.39,208.39,208.39,22162,2022-03-08 21:00:00,CHDN
208.39,208.39,208.39,208.39,158,2022-03-09 13:13:00,CHDN
215.85,215.85,211.27,211.27,2630,2022-03-09 14:30:00,CHDN
216.7984,216.7984,216.7984,216.7984,100,2022-03-09 14:44:00,CHDN
217.35,217.92,217.27,217.92,600,2022-03-09 14:45:00,CHDN
218.32,219.125,218.32,219.125,200,2022-03-09 14:46:00,CHDN
219.57,219.57,219.57,219.57,100,2022-03-09 14:47:00,CHDN
219.57,219.58,219.14,219.14,300,2022-03-09 14:48:00,CHDN
219.035,219.14,217.73,218.365,1000,2022-03-09 14:51:00,CHDN
217.93,217.93,217.93,217.93,100,2022-03-09 14:52:00,CHDN
217.585,217.585,217.585,217.585,100,2022-03-09 14:53:00,CHDN
216.455,217.08,216.455,217.0,1379,2022-03-09 14:57:00,CHDN
217.25,217.25,217.0,217.0,200,2022-03-09 14:58:00,CHDN
216.55,217.0,216.44,216.44,1400,2022-03-09 14:59:00,CHDN
216.65,217.0,215.925,217.0,400,2022-03-09 15:00:00,CHDN
216.99,216.99,216.99,216.99,300,2022-03-09 15:01:00,CHDN
217.055,217.29,216.65,217.23,3811,2022-03-09 15:02:00,CHDN
217.39,217.39,216.62,216.65,400,2022-03-09 15:03:00,CHDN
217.145,217.145,217.145,217.145,100,2022-03-09 15:04:00,CHDN
217.0,217.31,217.0,217.1,600,2022-03-09 15:07:00,CHDN
216.17,216.17,216.17,216.17,100,2022-03-09 15:08:00,CHDN
216.455,216.455,216.455,216.455,100,2022-03-09 15:10:00,CHDN
214.77,214.795,214.77,214.795,200,2022-03-09 15:17:00,CHDN
215.275,215.56,215.275,215.56,400,2022-03-09 15:18:00,CHDN
215.13,215.81,215.13,215.81,300,2022-03-09 15:22:00,CHDN
216.74,216.77,216.22,216.25,2400,2022-03-09 15:24:00,CHDN
215.91,216.465,215.91,216.385,391,2022-03-09 15:25:00,CHDN
216.5258,216.66,216.5258,216.66,200,2022-03-09 15:28:00,CHDN
216.675,216.75,216.675,216.75,500,2022-03-09 15:29:00,CHDN
216.7,216.7,216.35,216.35,200,2022-03-09 15:30:00,CHDN
216.16,216.17,216.16,216.17,400,2022-03-09 15:35:00,CHDN
216.07,216.07,216.07,216.07,200,2022-03-09 15:36:00,CHDN
215.6325,215.6325,215.6325,215.6325,100,2022-03-09 15:37:00,CHDN
216.26,216.35,215.81,216.0,1332,2022-03-09 15:40:00,CHDN
215.455,215.455,215.455,215.455,100,2022-03-09 15:41:00,CHDN
215.1,215.1,215.1,215.1,100,2022-03-09 15:42:00,CHDN
215.39,215.39,215.015,215.015,200,2022-03-09 15:45:00,CHDN
214.13,214.13,214.13,214.13,100,2022-03-09 15:46:00,CHDN
214.72,214.72,214.305,214.305,200,2022-03-09 15:49:00,CHDN
214.26,214.26,213.67,213.67,200,2022-03-09 15:53:00,CHDN
214.32,214.32,214.32,214.32,100,2022-03-09 15:56:00,CHDN
214.5,214.5,213.99,213.99,200,2022-03-09 15:57:00,CHDN
214.71,214.71,214.4,214.4,200,2022-03-09 15:58:00,CHDN
214.83,214.83,214.165,214.165,600,2022-03-09 15:59:00,CHDN
214.16,214.16,214.16,214.16,100,2022-03-09 16:01:00,CHDN
213.63,213.63,213.63,213.63,100,2022-03-09 16:04:00,CHDN
213.275,213.48,212.79,212.94,1600,2022-03-09 16:05:00,CHDN
213.17,213.17,213.135,213.135,200,2022-03-09 16:09:00,CHDN
212.88,212.9,212.63,212.9,300,2022-03-09 16:10:00,CHDN
212.485,212.485,212.485,212.485,100,2022-03-09 16:11:00,CHDN
212.54,212.67,212.54,212.67,200,2022-03-09 16:12:00,CHDN
212.48,212.6,212.48,212.5,500,2022-03-09 16:13:00,CHDN
212.73,212.73,211.82,211.82,300,2022-03-09 16:15:00,CHDN
212.415,212.415,212.2,212.2,200,2022-03-09 16:17:00,CHDN
212.73,212.73,212.73,212.73,100,2022-03-09 16:18:00,CHDN
212.73,212.73,212.73,212.73,100,2022-03-09 16:19:00,CHDN
213.46,213.53,213.46,213.53,200,2022-03-09 16:20:00,CHDN
213.12,213.12,213.12,213.12,200,2022-03-09 16:21:00,CHDN
212.63,213.04,212.63,212.96,300,2022-03-09 16:23:00,CHDN
212.6,212.73,212.07,212.475,2009,2022-03-09 16:25:00,CHDN
212.265,212.32,212.265,212.32,200,2022-03-09 16:29:00,CHDN
212.37,212.54,211.82,212.0,916,2022-03-09 16:31:00,CHDN
212.43,212.69,211.86,211.86,500,2022-03-09 16:32:00,CHDN
212.005,212.65,212.005,212.18,1014,2022-03-09 16:33:00,CHDN
212.275,212.275,212.275,212.275,100,2022-03-09 16:34:00,CHDN
212.7,213.33,212.555,212.97,1917,2022-03-09 16:35:00,CHDN
212.995,212.995,212.995,212.995,100,2022-03-09 16:36:00,CHDN
212.59,212.59,212.59,212.59,100,2022-03-09 16:37:00,CHDN
212.67,212.67,212.67,212.67,100,2022-03-09 16:38:00,CHDN
212.67,213.055,212.67,213.055,200,2022-03-09 16:39:00,CHDN
213.27,213.27,213.27,213.27,100,2022-03-09 16:40:00,CHDN
212.66,212.66,212.66,212.66,100,2022-03-09 16:41:00,CHDN
212.17,212.17,212.17,212.17,100,2022-03-09 16:43:00,CHDN
212.17,212.17,212.17,212.17,100,2022-03-09 16:44:00,CHDN
211.965,211.965,211.96,211.96,200,2022-03-09 16:45:00,CHDN
212.43,212.61,212.14,212.2,1900,2022-03-09 16:47:00,CHDN
213.23,213.36,213.23,213.36,411,2022-03-09 16:49:00,CHDN
213.36,213.36,213.01,213.01,200,2022-03-09 16:50:00,CHDN
213.07,213.07,213.07,213.07,100,2022-03-09 16:52:00,CHDN
212.64,213.03,212.52,212.52,500,2022-03-09 16:53:00,CHDN
212.515,212.9,212.515,212.9,300,2022-03-09 16:54:00,CHDN
212.955,213.01,212.81,212.81,900,2022-03-09 16:55:00,CHDN
212.86,212.86,212.48,212.48,200,2022-03-09 16:56:00,CHDN
212.62,212.985,212.62,212.985,600,2022-03-09 16:57:00,CHDN
212.395,212.98,212.315,212.95,800,2022-03-09 16:58:00,CHDN
212.85,212.85,212.535,212.535,200,2022-03-09 16:59:00,CHDN
213.12,213.35,213.05,213.05,800,2022-03-09 17:00:00,CHDN
213.36,213.36,213.36,213.36,100,2022-03-09 17:02:00,CHDN
214.0,214.0,213.99,213.99,200,2022-03-09 17:03:00,CHDN
213.965,213.965,213.965,213.965,100,2022-03-09 17:05:00,CHDN
214.21,214.25,214.21,214.25,200,2022-03-09 17:08:00,CHDN
214.63,214.63,214.53,214.53,200,2022-03-09 17:09:00,CHDN
214.6,215.1299,214.6,215.02,500,2022-03-09 17:10:00,CHDN
215.01,215.01,215.01,215.01,100,2022-03-09 17:12:00,CHDN
214.41,214.41,214.41,214.41,100,2022-03-09 17:13:00,CHDN
214.365,214.365,214.365,214.365,100,2022-03-09 17:17:00,CHDN
214.54,214.54,214.54,214.54,100,2022-03-09 17:19:00,CHDN
214.64,214.64,214.64,214.64,125,2022-03-09 17:20:00,CHDN
214.47,214.57,213.68,213.68,1000,2022-03-09 17:21:00,CHDN
214.23,214.23,214.23,214.23,100,2022-03-09 17:23:00,CHDN
214.57,214.57,214.5,214.5,200,2022-03-09 17:25:00,CHDN
214.66,214.66,214.595,214.595,200,2022-03-09 17:26:00,CHDN
214.99,214.99,214.99,214.99,200,2022-03-09 17:27:00,CHDN
215.04,215.33,215.04,215.33,300,2022-03-09 17:28:00,CHDN
215.075,215.075,215.07,215.07,200,2022-03-09 17:31:00,CHDN
215.34,215.34,215.07,215.07,200,2022-03-09 17:34:00,CHDN
215.46,215.56,215.46,215.56,400,2022-03-09 17:35:00,CHDN
215.69,215.69,215.69,215.69,100,2022-03-09 17:36:00,CHDN
215.88,215.88,215.88,215.88,100,2022-03-09 17:37:00,CHDN
216.155,216.22,216.155,216.155,700,2022-03-09 17:38:00,CHDN
216.215,216.215,216.215,216.215,100,2022-03-09 17:39:00,CHDN
216.5,216.5,216.5,216.5,100,2022-03-09 17:40:00,CHDN
216.25,216.495,216.25,216.35,500,2022-03-09 17:41:00,CHDN
216.53,216.53,216.53,216.53,100,2022-03-09 17:42:00,CHDN
216.325,216.325,216.32,216.325,300,2022-03-09 17:45:00,CHDN
216.53,216.53,216.31,216.31,545,2022-03-09 17:47:00,CHDN
216.31,216.31,216.09,216.09,800,2022-03-09 17:48:00,CHDN
216.37,216.375,216.32,216.32,1255,2022-03-09 17:49:00,CHDN
216.22,216.22,215.875,215.875,900,2022-03-09 17:50:00,CHDN
215.9,215.9,215.9,215.9,100,2022-03-09 17:52:00,CHDN
215.935,215.935,215.935,215.935,100,2022-03-09 17:53:00,CHDN
216.09,216.275,216.09,216.275,400,2022-03-09 17:55:00,CHDN
216.46,216.46,216.28,216.28,400,2022-03-09 17:56:00,CHDN
216.25,216.32,216.25,216.25,307,2022-03-09 17:57:00,CHDN
216.275,216.275,215.725,215.73,1100,2022-03-09 17:58:00,CHDN
215.69,215.69,215.69,215.69,100,2022-03-09 18:00:00,CHDN
215.775,215.775,215.775,215.775,100,2022-03-09 18:01:00,CHDN
215.2,215.2,215.2,215.2,100,2022-03-09 18:03:00,CHDN
214.83,214.83,214.53,214.53,400,2022-03-09 18:05:00,CHDN
214.965,214.965,214.81,214.82,400,2022-03-09 18:06:00,CHDN
215.0,215.09,215.0,215.09,200,2022-03-09 18:07:00,CHDN
215.34,215.84,215.34,215.84,600,2022-03-09 18:08:00,CHDN
215.53,215.57,215.53,215.57,200,2022-03-09 18:10:00,CHDN
215.65,215.65,215.54,215.54,400,2022-03-09 18:12:00,CHDN
215.62,215.7,215.55,215.7,300,2022-03-09 18:13:00,CHDN
215.76,215.76,215.73,215.73,200,2022-03-09 18:15:00,CHDN
215.76,215.76,215.62,215.745,600,2022-03-09 18:16:00,CHDN
215.65,215.65,215.62,215.62,200,2022-03-09 18:17:00,CHDN
215.74,215.83,215.42,215.45,900,2022-03-09 18:18:00,CHDN
215.425,215.425,215.4,215.4,200,2022-03-09 18:19:00,CHDN
215.47,215.88,214.55,214.99,2500,2022-03-09 18:20:00,CHDN
215.005,215.015,214.57,214.57,636,2022-03-09 18:21:00,CHDN
214.75,214.75,214.75,214.75,100,2022-03-09 18:22:00,CHDN
215.005,215.005,215.005,215.005,100,2022-03-09 18:23:00,CHDN
214.825,215.15,214.825,215.15,200,2022-03-09 18:24:00,CHDN
214.82,214.93,214.82,214.93,200,2022-03-09 18:25:00,CHDN
214.775,215.05,214.775,214.91,563,2022-03-09 18:27:00,CHDN
215.0,215.08,214.97,215.0,1011,2022-03-09 18:28:00,CHDN
215.025,215.14,214.71,214.77,2006,2022-03-09 18:29:00,CHDN
214.77,214.77,214.77,214.77,100,2022-03-09 18:32:00,CHDN
214.76,214.76,214.76,214.76,100,2022-03-09 18:33:00,CHDN
214.92,215.19,214.915,214.915,1306,2022-03-09 18:34:00,CHDN
214.62,215.07,214.615,215.07,1000,2022-03-09 18:35:00,CHDN
215.185,215.425,215.07,215.425,722,2022-03-09 18:36:00,CHDN
215.435,215.455,215.14,215.14,400,2022-03-09 18:37:00,CHDN
215.215,215.215,215.215,215.215,600,2022-03-09 18:38:00,CHDN
215.225,215.225,215.18,215.22,700,2022-03-09 18:39:00,CHDN
215.225,215.23,215.225,215.23,200,2022-03-09 18:40:00,CHDN
215.25,215.26,214.91,214.91,2489,2022-03-09 18:41:00,CHDN
214.855,214.855,214.75,214.755,300,2022-03-09 18:42:00,CHDN
214.87,215.1,214.81,214.82,600,2022-03-09 18:43:00,CHDN
214.57,214.57,214.57,214.57,100,2022-03-09 18:44:00,CHDN
214.19,214.21,214.055,214.055,300,2022-03-09 18:49:00,CHDN
214.05,214.1,213.91,213.91,487,2022-03-09 18:50:00,CHDN
214.36,214.47,214.36,214.47,200,2022-03-09 18:51:00,CHDN
214.57,214.73,214.445,214.73,2952,2022-03-09 18:52:00,CHDN
214.85,215.0,214.85,214.85,530,2022-03-09 18:53:00,CHDN
215.005,215.005,214.7,214.7,200,2022-03-09 18:54:00,CHDN
214.87,214.87,214.87,214.87,100,2022-03-09 18:55:00,CHDN
214.17,214.17,214.17,214.17,100,2022-03-09 18:59:00,CHDN
214.7,214.88,214.56,214.56,300,2022-03-09 19:00:00,CHDN
214.86,214.86,214.39,214.39,886,2022-03-09 19:01:00,CHDN
214.38,214.46,214.38,214.46,200,2022-03-09 19:03:00,CHDN
214.64,214.69,214.55,214.69,600,2022-03-09 19:04:00,CHDN
214.255,214.255,214.255,214.255,200,2022-03-09 19:05:00,CHDN
214.28,214.4,214.25,214.25,300,2022-03-09 19:06:00,CHDN
214.43,214.43,214.43,214.43,100,2022-03-09 19:08:00,CHDN
214.43,214.52,214.43,214.52,200,2022-03-09 19:09:00,CHDN
214.54,214.7,214.54,214.61,300,2022-03-09 19:10:00,CHDN
214.58,214.58,214.58,214.58,100,2022-03-09 19:11:00,CHDN
214.67,214.67,214.29,214.29,300,2022-03-09 19:12:00,CHDN
214.42,214.42,214.42,214.42,100,2022-03-09 19:13:00,CHDN
214.42,214.42,214.42,214.42,200,2022-03-09 19:14:00,CHDN
214.33,214.33,214.22,214.22,300,2022-03-09 19:15:00,CHDN
213.91,214.5,213.91,214.44,848,2022-03-09 19:16:00,CHDN
214.6,214.61,214.6,214.61,200,2022-03-09 19:17:00,CHDN
214.74,214.74,214.74,214.74,100,2022-03-09 19:18:00,CHDN
214.99,215.305,214.96,214.96,2002,2022-03-09 19:20:00,CHDN
214.83,215.39,214.83,215.39,400,2022-03-09 19:21:00,CHDN
215.01,215.01,215.01,215.01,100,2022-03-09 19:22:00,CHDN
214.85,214.85,214.85,214.85,100,2022-03-09 19:25:00,CHDN
214.53,214.53,214.255,214.255,300,2022-03-09 19:28:00,CHDN
214.24,214.445,214.24,214.445,300,2022-03-09 19:29:00,CHDN
214.6,214.61,214.6,214.61,200,2022-03-09 19:30:00,CHDN
214.65,214.65,214.65,214.65,200,2022-03-09 19:31:00,CHDN
214.56,214.56,214.56,214.56,200,2022-03-09 19:32:00,CHDN
214.51,214.93,214.51,214.79,1200,2022-03-09 19:35:00,CHDN
214.93,215.02,214.8,215.015,800,2022-03-09 19:37:00,CHDN
214.91,214.91,214.91,214.91,100,2022-03-09 19:39:00,CHDN
214.92,214.92,214.92,214.92,100,2022-03-09 19:40:00,CHDN
214.5,214.8,214.5,214.77,400,2022-03-09 19:42:00,CHDN
214.67,214.67,214.67,214.67,100,2022-03-09 19:43:00,CHDN
214.715,214.89,214.715,214.88,300,2022-03-09 19:45:00,CHDN
215.08,215.08,214.84,214.84,416,2022-03-09 19:46:00,CHDN
214.69,214.76,214.6,214.76,300,2022-03-09 19:47:00,CHDN
214.81,214.94,214.81,214.94,800,2022-03-09 19:49:00,CHDN
215.0,215.04,214.86,214.96,1639,2022-03-09 19:50:00,CHDN
214.36,214.36,214.36,214.36,100,2022-03-09 19:53:00,CHDN
214.255,214.255,213.97,213.97,500,2022-03-09 19:55:00,CHDN
213.57,214.21,213.555,214.21,400,2022-03-09 19:56:00,CHDN
214.06,214.46,214.04,214.46,800,2022-03-09 19:57:00,CHDN
214.426,214.47,214.42,214.47,600,2022-03-09 19:58:00,CHDN
214.17,214.17,214.17,214.17,100,2022-03-09 19:59:00,CHDN
214.02,214.02,214.02,214.02,100,2022-03-09 20:00:00,CHDN
214.0,214.0,214.0,214.0,100,2022-03-09 20:03:00,CHDN
213.925,213.925,213.925,213.925,100,2022-03-09 20:04:00,CHDN
213.71,213.775,213.48,213.48,500,2022-03-09 20:06:00,CHDN
213.77,214.4,213.77,214.245,700,2022-03-09 20:07:00,CHDN
214.43,214.43,214.43,214.43,100,2022-03-09 20:08:00,CHDN
214.56,214.58,214.56,214.58,381,2022-03-09 20:09:00,CHDN
214.32,214.34,214.26,214.33,400,2022-03-09 20:11:00,CHDN
214.27,214.6,214.02,214.6,800,2022-03-09 20:12:00,CHDN
214.81,215.0775,214.81,215.0775,400,2022-03-09 20:13:00,CHDN
215.11,215.11,215.0,215.0,465,2022-03-09 20:14:00,CHDN
215.0,215.13,214.4,214.4,1800,2022-03-09 20:15:00,CHDN
214.625,214.625,214.625,214.625,100,2022-03-09 20:17:00,CHDN
214.545,214.545,214.54,214.54,300,2022-03-09 20:18:00,CHDN
214.52,214.85,214.52,214.825,800,2022-03-09 20:19:00,CHDN
214.61,215.055,214.61,214.87,400,2022-03-09 20:20:00,CHDN
215.2,215.32,214.68,214.68,600,2022-03-09 20:21:00,CHDN
214.565,214.565,214.565,214.565,100,2022-03-09 20:22:00,CHDN
214.365,214.42,214.365,214.42,200,2022-03-09 20:23:00,CHDN
214.235,214.25,214.235,214.25,300,2022-03-09 20:24:00,CHDN
214.08,214.125,214.08,214.125,200,2022-03-09 20:25:00,CHDN
214.21,214.21,213.755,214.07,500,2022-03-09 20:26:00,CHDN
214.28,214.44,214.28,214.44,600,2022-03-09 20:27:00,CHDN
214.41,214.42,214.41,214.42,300,2022-03-09 20:28:00,CHDN
214.425,214.425,214.155,214.155,300,2022-03-09 20:29:00,CHDN
214.4,214.4,214.4,214.4,100,2022-03-09 20:30:00,CHDN
214.175,214.4,214.175,214.4,200,2022-03-09 20:31:00,CHDN
214.5,214.5,214.33,214.355,400,2022-03-09 20:32:00,CHDN
214.27,214.37,214.27,214.27,300,2022-03-09 20:33:00,CHDN
214.37,214.37,214.25,214.25,300,2022-03-09 20:34:00,CHDN
214.03,214.4275,214.03,214.4275,900,2022-03-09 20:35:00,CHDN
214.42,214.42,214.21,214.21,200,2022-03-09 20:36:00,CHDN
213.91,214.07,213.91,213.995,300,2022-03-09 20:37:00,CHDN
214.18,214.18,213.545,213.545,600,2022-03-09 20:38:00,CHDN
213.44,213.44,213.44,213.44,100,2022-03-09 20:39:00,CHDN
213.44,213.83,213.44,213.83,600,2022-03-09 20:40:00,CHDN
213.59,213.74,213.53,213.53,600,2022-03-09 20:41:00,CHDN
213.59,213.59,213.59,213.59,100,2022-03-09 20:42:00,CHDN
213.74,213.81,213.73,213.73,300,2022-03-09 20:43:00,CHDN
213.61,213.61,213.23,213.48,800,2022-03-09 20:44:00,CHDN
213.43,213.55,213.43,213.55,400,2022-03-09 20:45:00,CHDN
213.15,213.34,213.15,213.18,500,2022-03-09 20:46:00,CHDN
213.205,213.205,213.03,213.15,700,2022-03-09 20:47:00,CHDN
212.93,213.03,212.49,212.59,700,2022-03-09 20:48:00,CHDN
212.595,212.8,212.57,212.61,1100,2022-03-09 20:49:00,CHDN
213.07,213.16,212.85,212.85,800,2022-03-09 20:50:00,CHDN
212.735,212.735,212.51,212.555,900,2022-03-09 20:51:00,CHDN
212.555,212.555,212.35,212.52,800,2022-03-09 20:52:00,CHDN
212.51,212.51,212.38,212.405,500,2022-03-09 20:53:00,CHDN
212.345,213.21,212.345,213.06,1584,2022-03-09 20:54:00,CHDN
213.32,213.37,212.785,213.18,1697,2022-03-09 20:55:00,CHDN
213.065,213.2,213.065,213.15,1327,2022-03-09 20:56:00,CHDN
213.2,213.355,212.96,213.23,3577,2022-03-09 20:57:00,CHDN
213.34,213.48,213.34,213.42,1174,2022-03-09 20:58:00,CHDN
213.405,213.709,213.29,213.68,5518,2022-03-09 20:59:00,CHDN
213.68,213.68,213.68,213.68,36915,2022-03-09 21:00:00,CHDN
208.65,208.65,206.99,208.0,1775,2022-03-10 14:30:00,CHDN
208.15,208.15,208.0,208.0,400,2022-03-10 14:32:00,CHDN
208.78,208.78,207.7,207.7,500,2022-03-10 14:35:00,CHDN
209.08,209.21,209.08,209.21,200,2022-03-10 14:36:00,CHDN
208.96,210.0,208.94,210.0,1036,2022-03-10 14:39:00,CHDN
211.62,211.62,211.62,211.62,100,2022-03-10 14:42:00,CHDN
212.05,212.21,212.05,212.21,200,2022-03-10 14:54:00,CHDN
213.35,213.35,213.18,213.18,200,2022-03-10 14:58:00,CHDN
214.27,214.29,213.8,214.1,4700,2022-03-10 15:00:00,CHDN
213.79,213.79,213.79,213.79,200,2022-03-10 15:01:00,CHDN
213.21,213.21,212.07,212.07,200,2022-03-10 15:03:00,CHDN
212.85,214.08,212.85,214.08,200,2022-03-10 15:06:00,CHDN
213.57,213.57,213.57,213.57,550,2022-03-10 15:07:00,CHDN
213.21,213.21,213.21,213.21,100,2022-03-10 15:09:00,CHDN
214.0,214.07,213.81,213.81,712,2022-03-10 15:12:00,CHDN
214.01,214.355,214.0,214.355,600,2022-03-10 15:17:00,CHDN
214.29,214.29,214.29,214.29,200,2022-03-10 15:18:00,CHDN
214.58,214.65,214.33,214.33,800,2022-03-10 15:19:00,CHDN
213.91,213.91,213.87,213.87,200,2022-03-10 15:20:00,CHDN
213.98,213.98,213.7,213.7,300,2022-03-10 15:21:00,CHDN
213.79,213.79,213.78,213.78,200,2022-03-10 15:22:00,CHDN
213.61,213.61,213.61,213.61,100,2022-03-10 15:24:00,CHDN
212.9576,212.9576,212.9576,212.9576,100,2022-03-10 15:27:00,CHDN
212.07,212.07,211.45,211.45,900,2022-03-10 15:33:00,CHDN
211.767,211.767,211.767,211.767,131,2022-03-10 15:39:00,CHDN
212.5,212.58,212.5,212.58,300,2022-03-10 15:41:00,CHDN
213.17,213.17,213.17,213.17,100,2022-03-10 15:43:00,CHDN
213.42,213.42,213.42,213.42,100,2022-03-10 15:48:00,CHDN
213.465,213.465,213.465,213.465,100,2022-03-10 15:49:00,CHDN
213.35,213.43,213.19,213.19,600,2022-03-10 15:50:00,CHDN
212.6,212.6,212.6,212.6,100,2022-03-10 15:53:00,CHDN
212.52,212.82,212.52,212.7,300,2022-03-10 15:56:00,CHDN
212.4,212.655,212.33,212.655,300,2022-03-10 15:57:00,CHDN
212.46,212.46,212.35,212.35,200,2022-03-10 16:01:00,CHDN
212.09,212.09,211.99,211.99,200,2022-03-10 16:03:00,CHDN
211.75,211.75,211.75,211.75,100,2022-03-10 16:04:00,CHDN
212.05,212.08,212.05,212.08,200,2022-03-10 16:05:00,CHDN
211.79,211.79,211.72,211.77,500,2022-03-10 16:11:00,CHDN
212.33,212.33,212.33,212.33,100,2022-03-10 16:14:00,CHDN
212.295,212.295,212.295,212.295,100,2022-03-10 16:15:00,CHDN
212.51,212.51,212.51,212.51,100,2022-03-10 16:18:00,CHDN
211.99,212.21,211.99,212.21,200,2022-03-10 16:20:00,CHDN
212.26,212.27,212.26,212.27,200,2022-03-10 16:22:00,CHDN
212.34,212.75,212.34,212.75,200,2022-03-10 16:23:00,CHDN
212.32,212.32,212.32,212.32,100,2022-03-10 16:24:00,CHDN
212.19,212.44,212.19,212.44,300,2022-03-10 16:26:00,CHDN
212.16,212.16,211.84,211.9,400,2022-03-10 16:27:00,CHDN
212.01,212.01,212.01,212.01,100,2022-03-10 16:33:00,CHDN
212.39,212.39,212.05,212.05,300,2022-03-10 16:41:00,CHDN
211.96,211.96,211.96,211.96,221,2022-03-10 16:43:00,CHDN
211.85,211.96,211.85,211.95,300,2022-03-10 16:44:00,CHDN
212.04,212.05,212.04,212.05,200,2022-03-10 16:45:00,CHDN
211.62,211.62,211.62,211.62,100,2022-03-10 16:51:00,CHDN
211.77,211.77,211.77,211.77,100,2022-03-10 16:52:00,CHDN
211.91,211.91,211.91,211.91,100,2022-03-10 16:53:00,CHDN
212.325,212.325,212.325,212.325,170,2022-03-10 16:59:00,CHDN
212.52,212.52,212.52,212.52,100,2022-03-10 17:06:00,CHDN
212.84,212.86,212.83,212.86,800,2022-03-10 17:07:00,CHDN
213.25,213.48,213.25,213.47,400,2022-03-10 17:12:00,CHDN
214.0,214.01,213.69,213.69,3095,2022-03-10 17:22:00,CHDN
213.82,214.13,213.82,214.13,200,2022-03-10 17:24:00,CHDN
213.74,213.74,213.69,213.72,400,2022-03-10 17:26:00,CHDN
213.44,213.44,213.44,213.44,200,2022-03-10 17:28:00,CHDN
213.17,213.27,213.17,213.27,300,2022-03-10 17:32:00,CHDN
213.13,213.32,213.13,213.32,310,2022-03-10 17:35:00,CHDN
213.03,213.05,213.03,213.05,200,2022-03-10 17:43:00,CHDN
212.845,212.845,212.845,212.845,100,2022-03-10 17:44:00,CHDN
213.0,213.12,213.0,213.12,300,2022-03-10 17:45:00,CHDN
213.5,213.5,213.5,213.5,100,2022-03-10 17:47:00,CHDN
213.49,213.49,213.46,213.46,300,2022-03-10 17:48:00,CHDN
213.37,213.37,213.37,213.37,100,2022-03-10 17:49:00,CHDN
213.04,213.05,213.04,213.05,200,2022-03-10 17:52:00,CHDN
212.88,212.88,212.88,212.88,100,2022-03-10 17:54:00,CHDN
213.0,213.0,212.99,212.99,200,2022-03-10 17:59:00,CHDN
212.75,212.86,212.75,212.81,300,2022-03-10 18:00:00,CHDN
212.87,213.2,212.87,213.2,200,2022-03-10 18:01:00,CHDN
212.95,213.08,212.95,213.08,200,2022-03-10 18:06:00,CHDN
213.56,213.56,213.56,213.56,100,2022-03-10 18:11:00,CHDN
213.96,214.055,213.96,214.055,400,2022-03-10 18:12:00,CHDN
213.82,213.82,213.82,213.82,100,2022-03-10 18:14:00,CHDN
214.015,214.09,214.0,214.005,700,2022-03-10 18:17:00,CHDN
213.67,213.67,213.66,213.66,300,2022-03-10 18:18:00,CHDN
213.64,213.79,213.64,213.79,300,2022-03-10 18:19:00,CHDN
213.53,213.53,213.53,213.53,200,2022-03-10 18:24:00,CHDN
213.41,213.44,213.41,213.44,300,2022-03-10 18:25:00,CHDN
212.98,212.98,212.98,212.98,100,2022-03-10 18:26:00,CHDN
213.005,213.305,213.005,213.21,800,2022-03-10 18:28:00,CHDN
213.09,213.09,213.09,213.09,100,2022-03-10 18:29:00,CHDN
212.98,212.98,212.98,212.98,100,2022-03-10 18:30:00,CHDN
213.005,213.005,213.005,213.005,100,2022-03-10 18:31:00,CHDN
213.21,213.3,213.21,213.3,200,2022-03-10 18:36:00,CHDN
213.31,213.31,213.31,213.31,100,2022-03-10 18:37:00,CHDN
213.16,213.16,213.02,213.02,200,2022-03-10 18:41:00,CHDN
213.55,213.55,213.51,213.52,400,2022-03-10 18:46:00,CHDN
213.84,214.06,213.75,214.02,1200,2022-03-10 18:47:00,CHDN
214.03,214.03,214.03,214.03,100,2022-03-10 18:49:00,CHDN
214.05,214.07,213.98,213.98,1200,2022-03-10 18:50:00,CHDN
214.01,214.01,214.01,214.01,100,2022-03-10 18:51:00,CHDN
213.89,213.94,213.89,213.94,400,2022-03-10 18:52:00,CHDN
213.89,213.89,213.89,213.89,100,2022-03-10 18:55:00,CHDN
214.065,214.065,214.065,214.065,100,2022-03-10 18:56:00,CHDN
214.01,214.03,214.0,214.03,300,2022-03-10 18:57:00,CHDN
214.06,214.06,214.0,214.0,200,2022-03-10 18:58:00,CHDN
213.92,213.92,213.92,213.92,100,2022-03-10 18:59:00,CHDN
214.14,214.14,214.14,214.14,100,2022-03-10 19:03:00,CHDN
215.0,215.0,215.0,215.0,100,2022-03-10 19:05:00,CHDN
214.96,214.96,214.96,214.96,100,2022-03-10 19:07:00,CHDN
214.91,214.91,214.91,214.91,100,2022-03-10 19:08:00,CHDN
214.56,214.6,214.56,214.56,400,2022-03-10 19:11:00,CHDN
214.59,214.59,214.59,214.59,100,2022-03-10 19:13:00,CHDN
214.84,214.84,214.71,214.71,200,2022-03-10 19:15:00,CHDN
215.01,215.01,214.505,214.54,1372,2022-03-10 19:16:00,CHDN
214.81,214.81,214.81,214.81,100,2022-03-10 19:21:00,CHDN
214.91,215.0,214.91,215.0,500,2022-03-10 19:22:00,CHDN
214.965,214.9675,214.965,214.9675,200,2022-03-10 19:23:00,CHDN
214.88,214.88,214.515,214.56,500,2022-03-10 19:24:00,CHDN
214.645,214.645,214.645,214.645,100,2022-03-10 19:25:00,CHDN
214.665,214.76,214.665,214.76,852,2022-03-10 19:26:00,CHDN
215.305,215.49,215.305,215.49,500,2022-03-10 19:32:00,CHDN
215.31,215.31,215.31,215.31,100,2022-03-10 19:33:00,CHDN
215.08,215.08,215.08,215.08,100,2022-03-10 19:34:00,CHDN
215.43,215.43,215.43,215.43,100,2022-03-10 19:37:00,CHDN
215.31,215.51,215.31,215.46,400,2022-03-10 19:38:00,CHDN
215.42,215.42,215.41,215.41,300,2022-03-10 19:40:00,CHDN
215.635,215.635,215.505,215.505,300,2022-03-10 19:41:00,CHDN
215.51,215.51,215.51,215.51,100,2022-03-10 19:42:00,CHDN
215.44,215.44,215.44,215.44,200,2022-03-10 19:43:00,CHDN
215.23,215.23,215.23,215.23,100,2022-03-10 19:44:00,CHDN
215.05,215.05,215.05,215.05,100,2022-03-10 19:46:00,CHDN
215.195,215.255,215.195,215.255,539,2022-03-10 19:47:00,CHDN
215.655,215.72,215.655,215.68,500,2022-03-10 19:49:00,CHDN
216.255,216.255,216.255,216.255,100,2022-03-10 19:54:00,CHDN
216.07,216.65,216.07,216.65,200,2022-03-10 19:55:00,CHDN
216.56,216.56,216.46,216.46,200,2022-03-10 19:56:00,CHDN
216.15,216.15,216.15,216.15,100,2022-03-10 19:58:00,CHDN
215.94,215.94,215.94,215.94,100,2022-03-10 19:59:00,CHDN
215.8,215.8,215.8,215.8,100,2022-03-10 20:01:00,CHDN
215.775,215.815,215.775,215.815,600,2022-03-10 20:02:00,CHDN
215.47,215.47,215.47,215.47,100,2022-03-10 20:04:00,CHDN
215.28,215.28,215.055,215.16,904,2022-03-10 20:05:00,CHDN
214.88,214.88,214.38,214.385,1071,2022-03-10 20:07:00,CHDN
214.355,214.355,214.355,214.355,109,2022-03-10 20:08:00,CHDN
214.44,214.48,214.44,214.445,422,2022-03-10 20:09:00,CHDN
214.565,214.565,214.565,214.565,100,2022-03-10 20:11:00,CHDN
214.65,214.65,214.65,214.65,100,2022-03-10 20:12:00,CHDN
214.52,214.81,214.52,214.81,300,2022-03-10 20:15:00,CHDN
215.0175,215.0175,215.0175,215.0175,100,2022-03-10 20:16:00,CHDN
214.95,215.21,214.8,214.8,1000,2022-03-10 20:17:00,CHDN
214.64,214.64,214.64,214.64,100,2022-03-10 20:19:00,CHDN
214.72,215.07,214.72,215.0,837,2022-03-10 20:20:00,CHDN
214.31,214.31,213.84,213.84,300,2022-03-10 20:23:00,CHDN
214.06,214.06,214.0,214.03,500,2022-03-10 20:24:00,CHDN
214.015,214.18,214.015,214.18,700,2022-03-10 20:25:00,CHDN
214.0,214.0,214.0,214.0,100,2022-03-10 20:27:00,CHDN
214.21,214.21,214.21,214.21,100,2022-03-10 20:28:00,CHDN
214.23,214.23,214.175,214.175,300,2022-03-10 20:29:00,CHDN
214.25,214.25,214.25,214.25,100,2022-03-10 20:30:00,CHDN
213.77,214.17,213.77,214.17,700,2022-03-10 20:31:00,CHDN
214.2,214.2,214.02,214.025,600,2022-03-10 20:32:00,CHDN
214.04,214.04,214.04,214.04,243,2022-03-10 20:34:00,CHDN
214.12,214.18,213.85,214.04,1400,2022-03-10 20:35:00,CHDN
214.18,214.18,214.11,214.115,300,2022-03-10 20:36:00,CHDN
214.17,214.195,214.1,214.135,527,2022-03-10 20:37:00,CHDN
213.94,213.94,213.6001,213.6001,1528,2022-03-10 20:38:00,CHDN
213.92,213.92,213.92,213.92,100,2022-03-10 20:39:00,CHDN
213.99,213.99,213.99,213.99,100,2022-03-10 20:40:00,CHDN
214.045,214.2,214.04,214.05,400,2022-03-10 20:41:00,CHDN
214.08,214.12,214.08,214.12,300,2022-03-10 20:42:00,CHDN
214.04,214.04,214.04,214.04,100,2022-03-10 20:43:00,CHDN
214.125,214.2,214.125,214.195,1100,2022-03-10 20:44:00,CHDN
213.9,214.045,213.69,214.045,900,2022-03-10 20:45:00,CHDN
214.0,214.05,214.0,214.05,200,2022-03-10 20:46:00,CHDN
214.39,214.52,214.28,214.28,600,2022-03-10 20:47:00,CHDN
214.39,214.39,213.32,213.32,600,2022-03-10 20:48:00,CHDN
214.09,214.49,214.09,214.49,400,2022-03-10 20:49:00,CHDN
214.8,214.97,214.8,214.97,200,2022-03-10 20:50:00,CHDN
214.86,215.18,214.86,215.18,200,2022-03-10 20:51:00,CHDN
215.25,215.25,215.25,215.25,100,2022-03-10 20:52:00,CHDN
215.38,215.62,215.36,215.36,300,2022-03-10 20:53:00,CHDN
215.41,215.42,215.09,215.13,1000,2022-03-10 20:54:00,CHDN
215.3,215.3,215.3,215.3,100,2022-03-10 20:55:00,CHDN
215.29,215.3,215.29,215.3,641,2022-03-10 20:56:00,CHDN
215.18,215.45,215.17,215.45,1782,2022-03-10 20:57:00,CHDN
215.43,215.64,215.35,215.64,600,2022-03-10 20:58:00,CHDN
215.36,215.36,214.92,215.03,2091,2022-03-10 20:59:00,CHDN
215.18,215.18,215.18,215.18,9673,2022-03-10 21:00:00,CHDN
215.18,215.18,215.18,215.18,181,2022-03-10 21:05:00,CHDN
217.2,217.45,217.2,217.45,1203,2022-03-11 14:30:00,CHDN
217.25,217.25,217.21,217.21,200,2022-03-11 14:33:00,CHDN
217.35,217.35,217.35,217.35,100,2022-03-11 14:38:00,CHDN
217.04,217.04,215.52,215.52,300,2022-03-11 14:46:00,CHDN
216.87,217.08,216.77,217.02,675,2022-03-11 14:49:00,CHDN
217.73,217.73,217.73,217.73,100,2022-03-11 14:51:00,CHDN
217.73,217.73,217.15,217.18,600,2022-03-11 14:53:00,CHDN
216.1,216.1,216.1,216.1,100,2022-03-11 14:55:00,CHDN
216.6,216.6,216.6,216.6,100,2022-03-11 14:56:00,CHDN
217.33,217.33,217.33,217.33,100,2022-03-11 14:58:00,CHDN
216.0,216.0,216.0,216.0,100,2022-03-11 15:00:00,CHDN
217.53,217.53,217.53,217.53,200,2022-03-11 15:01:00,CHDN
217.15,217.15,216.78,216.92,527,2022-03-11 15:02:00,CHDN
216.71,216.71,216.71,216.71,100,2022-03-11 15:09:00,CHDN
217.28,217.42,217.28,217.42,400,2022-03-11 15:12:00,CHDN
217.24,217.24,216.59,216.59,200,2022-03-11 15:18:00,CHDN
217.6,217.6,217.6,217.6,100,2022-03-11 15:19:00,CHDN
216.4,216.4,216.4,216.4,100,2022-03-11 15:20:00,CHDN
216.87,217.09,216.87,217.09,200,2022-03-11 15:21:00,CHDN
217.26,217.26,217.13,217.13,200,2022-03-11 15:25:00,CHDN
216.49,216.49,216.49,216.49,100,2022-03-11 15:31:00,CHDN
216.1,216.4,216.06,216.25,525,2022-03-11 15:41:00,CHDN
215.82,216.025,215.71,215.71,600,2022-03-11 15:42:00,CHDN
216.22,216.39,216.22,216.39,200,2022-03-11 15:46:00,CHDN
216.47,216.47,216.47,216.47,100,2022-03-11 15:51:00,CHDN
216.95,216.95,216.87,216.87,200,2022-03-11 15:56:00,CHDN
217.03,217.03,216.95,216.95,200,2022-03-11 15:57:00,CHDN
216.99,216.99,216.99,216.99,100,2022-03-11 15:58:00,CHDN
217.13,217.19,217.13,217.19,200,2022-03-11 15:59:00,CHDN
217.11,217.11,217.11,217.11,100,2022-03-11 16:04:00,CHDN
217.17,217.17,217.17,217.17,100,2022-03-11 16:05:00,CHDN
216.96,216.96,216.96,216.96,100,2022-03-11 16:07:00,CHDN
217.52,217.52,217.44,217.44,200,2022-03-11 16:08:00,CHDN
217.25,217.29,217.25,217.29,200,2022-03-11 16:09:00,CHDN
217.35,217.35,217.35,217.35,100,2022-03-11 16:11:00,CHDN
216.95,216.95,216.95,216.95,103,2022-03-11 16:12:00,CHDN
216.98,216.98,216.98,216.98,100,2022-03-11 16:17:00,CHDN
217.05,217.05,217.05,217.05,100,2022-03-11 16:26:00,CHDN
216.57,216.57,216.57,216.57,200,2022-03-11 16:37:00,CHDN
216.89,217.15,216.89,217.15,500,2022-03-11 16:40:00,CHDN
216.79,217.21,216.76,217.21,1000,2022-03-11 16:42:00,CHDN
218.45,218.45,218.45,218.45,100,2022-03-11 16:49:00,CHDN
217.99,217.99,217.99,217.99,400,2022-03-11 16:51:00,CHDN
217.75,217.75,217.75,217.75,100,2022-03-11 16:57:00,CHDN
217.68,217.77,217.6,217.6,900,2022-03-11 17:00:00,CHDN
217.74,217.74,217.74,217.74,100,2022-03-11 17:05:00,CHDN
217.33,217.33,217.33,217.33,100,2022-03-11 17:08:00,CHDN
217.27,217.27,217.27,217.27,100,2022-03-11 17:12:00,CHDN
217.3401,217.3401,217.3401,217.3401,100,2022-03-11 17:14:00,CHDN
217.98,217.98,217.98,217.98,100,2022-03-11 17:17:00,CHDN
218.04,218.04,218.04,218.04,100,2022-03-11 17:20:00,CHDN
218.24,218.24,218.24,218.24,100,2022-03-11 17:21:00,CHDN
217.78,217.78,217.78,217.78,100,2022-03-11 17:22:00,CHDN
217.52,217.52,217.52,217.52,100,2022-03-11 17:24:00,CHDN
217.33,217.33,217.33,217.33,100,2022-03-11 17:27:00,CHDN
217.24,217.24,217.24,217.24,100,2022-03-11 17:30:00,CHDN
216.99,217.46,216.93,217.46,500,2022-03-11 17:34:00,CHDN
217.01,217.01,217.01,217.01,100,2022-03-11 17:35:00,CHDN
216.99,216.99,216.65,216.65,400,2022-03-11 17:36:00,CHDN
216.975,216.975,216.975,216.975,200,2022-03-11 17:37:00,CHDN
217.385,217.385,217.385,217.385,100,2022-03-11 17:42:00,CHDN
217.23,217.45,216.97,217.21,500,2022-03-11 17:44:00,CHDN
217.53,217.53,217.53,217.53,100,2022-03-11 17:45:00,CHDN
217.59,217.59,217.59,217.59,100,2022-03-11 17:46:00,CHDN
217.79,217.83,217.69,217.83,400,2022-03-11 17:47:00,CHDN
217.975,217.975,217.975,217.975,100,2022-03-11 17:48:00,CHDN
217.59,217.59,217.59,217.59,100,2022-03-11 17:50:00,CHDN
218.41,218.41,218.14,218.14,200,2022-03-11 17:52:00,CHDN
218.1,218.1,218.1,218.1,100,2022-03-11 17:53:00,CHDN
218.1929,218.28,217.86,217.93,400,2022-03-11 17:55:00,CHDN
217.99,218.09,217.99,218.09,300,2022-03-11 17:57:00,CHDN
218.24,218.24,218.24,218.24,100,2022-03-11 17:58:00,CHDN
218.03,218.03,218.01,218.01,300,2022-03-11 18:04:00,CHDN
218.18,218.18,218.18,218.18,100,2022-03-11 18:05:00,CHDN
218.39,218.39,218.14,218.14,200,2022-03-11 18:06:00,CHDN
218.04,218.04,218.04,218.04,100,2022-03-11 18:07:00,CHDN
218.185,218.185,218.185,218.185,100,2022-03-11 18:08:00,CHDN
217.98,217.98,217.98,217.98,300,2022-03-11 18:11:00,CHDN
217.62,217.62,217.62,217.62,200,2022-03-11 18:12:00,CHDN
217.49,217.95,217.49,217.95,595,2022-03-11 18:13:00,CHDN
217.595,217.955,217.595,217.955,200,2022-03-11 18:14:00,CHDN
218.065,218.065,217.62,217.63,400,2022-03-11 18:17:00,CHDN
217.975,217.975,217.975,217.975,100,2022-03-11 18:20:00,CHDN
217.98,217.98,217.98,217.98,100,2022-03-11 18:24:00,CHDN
218.09,218.09,218.0,218.02,600,2022-03-11 18:26:00,CHDN
217.57,217.91,217.57,217.91,200,2022-03-11 18:27:00,CHDN
217.91,217.91,217.91,217.91,100,2022-03-11 18:29:00,CHDN
217.84,217.84,217.84,217.84,100,2022-03-11 18:31:00,CHDN
217.59,217.59,217.03,217.03,200,2022-03-11 18:34:00,CHDN
217.385,217.385,217.385,217.385,100,2022-03-11 18:36:00,CHDN
217.15,217.15,217.0,217.0,300,2022-03-11 18:39:00,CHDN
217.0,217.0,217.0,217.0,100,2022-03-11 18:40:00,CHDN
216.97,217.04,216.86,216.99,1400,2022-03-11 18:43:00,CHDN
217.33,217.56,217.33,217.56,200,2022-03-11 18:44:00,CHDN
217.53,217.53,217.36,217.36,200,2022-03-11 18:45:00,CHDN
217.14,217.14,217.14,217.14,100,2022-03-11 18:46:00,CHDN
217.46,217.46,217.46,217.46,100,2022-03-11 18:48:00,CHDN
217.265,217.265,216.845,216.975,500,2022-03-11 18:50:00,CHDN
216.845,216.845,216.845,216.845,100,2022-03-11 18:51:00,CHDN
216.655,216.655,216.655,216.655,141,2022-03-11 18:53:00,CHDN
216.785,216.785,216.785,216.785,100,2022-03-11 18:54:00,CHDN
216.735,216.735,216.735,216.735,100,2022-03-11 18:57:00,CHDN
216.755,216.95,216.49,216.95,600,2022-03-11 18:58:00,CHDN
216.715,216.715,216.59,216.59,500,2022-03-11 18:59:00,CHDN
216.5,216.97,216.49,216.955,2400,2022-03-11 19:00:00,CHDN
216.91,216.91,216.91,216.91,200,2022-03-11 19:01:00,CHDN
216.96,217.16,216.92,216.92,1100,2022-03-11 19:02:00,CHDN
217.0,217.0,216.97,216.97,1000,2022-03-11 19:04:00,CHDN
217.0,217.0,217.0,217.0,100,2022-03-11 19:06:00,CHDN
217.09,217.09,217.09,217.09,100,2022-03-11 19:07:00,CHDN
217.0,217.0,216.99,216.99,200,2022-03-11 19:08:00,CHDN
216.97,217.0,216.95,217.0,1000,2022-03-11 19:11:00,CHDN
217.08,217.08,217.08,217.08,100,2022-03-11 19:12:00,CHDN
217.38,217.38,217.24,217.24,200,2022-03-11 19:15:00,CHDN
217.04,217.04,217.04,217.04,100,2022-03-11 19:17:00,CHDN
217.0,217.0,217.0,217.0,200,2022-03-11 19:19:00,CHDN
217.15,217.21,217.15,217.21,300,2022-03-11 19:20:00,CHDN
217.21,217.21,217.14,217.14,200,2022-03-11 19:23:00,CHDN
217.14,217.14,217.13,217.13,300,2022-03-11 19:24:00,CHDN
216.89,217.07,216.855,217.07,400,2022-03-11 19:27:00,CHDN
217.55,217.675,217.46,217.675,1500,2022-03-11 19:29:00,CHDN
217.37,217.39,217.33,217.33,700,2022-03-11 19:34:00,CHDN
216.99,216.99,216.91,216.955,1200,2022-03-11 19:38:00,CHDN
217.22,217.22,217.02,217.02,500,2022-03-11 19:40:00,CHDN
216.995,216.995,216.995,216.995,100,2022-03-11 19:42:00,CHDN
217.13,217.13,217.13,217.13,100,2022-03-11 19:43:00,CHDN
217.13,217.17,217.13,217.17,200,2022-03-11 19:47:00,CHDN
216.99,216.99,216.98,216.98,500,2022-03-11 19:52:00,CHDN
217.0,217.0,217.0,217.0,100,2022-03-11 19:53:00,CHDN
216.82,216.82,216.63,216.63,200,2022-03-11 19:54:00,CHDN
216.965,216.965,216.965,216.965,720,2022-03-11 20:00:00,CHDN
216.95,217.31,216.95,217.31,500,2022-03-11 20:01:00,CHDN
217.04,217.11,216.985,216.985,500,2022-03-11 20:02:00,CHDN
216.79,216.79,216.79,216.79,100,2022-03-11 20:04:00,CHDN
217.01,217.01,217.01,217.01,100,2022-03-11 20:06:00,CHDN
217.1,217.1,217.1,217.1,100,2022-03-11 20:07:00,CHDN
216.64,216.64,216.64,216.64,100,2022-03-11 20:09:00,CHDN
216.815,216.98,216.815,216.925,400,2022-03-11 20:11:00,CHDN
216.925,217.1,216.76,217.08,2700,2022-03-11 20:12:00,CHDN
216.9,217.08,216.9,217.03,710,2022-03-11 20:15:00,CHDN
217.28,217.29,217.09,217.09,800,2022-03-11 20:19:00,CHDN
216.64,216.675,216.64,216.66,400,2022-03-11 20:20:00,CHDN
216.49,216.49,216.49,216.49,100,2022-03-11 20:22:00,CHDN
215.21,215.21,215.21,215.21,100,2022-03-11 20:28:00,CHDN
215.48,215.48,215.48,215.48,100,2022-03-11 20:29:00,CHDN
215.34,215.34,215.34,215.34,100,2022-03-11 20:30:00,CHDN
215.0,215.08,214.98,214.99,500,2022-03-11 20:31:00,CHDN
215.24,215.24,215.24,215.24,100,2022-03-11 20:38:00,CHDN
215.39,215.39,215.2325,215.2325,200,2022-03-11 20:39:00,CHDN
215.1,215.1,214.99,215.0,400,2022-03-11 20:40:00,CHDN
215.32,215.53,215.32,215.53,500,2022-03-11 20:42:00,CHDN
215.39,215.39,215.12,215.12,600,2022-03-11 20:44:00,CHDN
215.13,215.13,215.13,215.13,100,2022-03-11 20:47:00,CHDN
215.07,215.07,215.045,215.045,200,2022-03-11 20:48:00,CHDN
215.0,215.0,214.99,214.99,400,2022-03-11 20:49:00,CHDN
215.1,215.13,215.1,215.13,200,2022-03-11 20:50:00,CHDN
215.22,215.4,215.22,215.28,700,2022-03-11 20:51:00,CHDN
215.11,215.11,215.07,215.07,200,2022-03-11 20:53:00,CHDN
215.14,215.19,215.14,215.19,300,2022-03-11 20:54:00,CHDN
215.235,215.41,215.15,215.15,400,2022-03-11 20:55:00,CHDN
215.24,215.26,215.12,215.12,300,2022-03-11 20:56:00,CHDN
215.11,215.11,214.85,214.915,2051,2022-03-11 20:57:00,CHDN
214.915,215.06,214.915,215.06,1921,2022-03-11 20:58:00,CHDN
214.905,215.0,214.5,214.58,3837,2022-03-11 20:59:00,CHDN
214.68,214.68,214.68,214.68,9898,2022-03-11 21:00:00,CHDN
216.38,216.38,216.38,216.38,559,2022-03-14 13:30:00,CHDN
213.2,213.2,213.2,213.2,100,2022-03-14 13:37:00,CHDN
212.62,214.3,212.62,214.3,200,2022-03-14 13:39:00,CHDN
214.37,215.76,214.37,215.31,300,2022-03-14 13:44:00,CHDN
215.77,217.06,215.44,217.06,500,2022-03-14 13:49:00,CHDN
216.5,216.5,216.5,216.5,100,2022-03-14 13:50:00,CHDN
216.0,216.23,215.38,216.23,1400,2022-03-14 13:52:00,CHDN
216.065,216.065,215.25,215.25,900,2022-03-14 13:56:00,CHDN
216.5,217.05,216.5,217.05,829,2022-03-14 14:02:00,CHDN
216.59,216.59,215.9,215.9,2000,2022-03-14 14:04:00,CHDN
216.57,216.57,216.57,216.57,100,2022-03-14 14:06:00,CHDN
216.69,217.06,216.69,216.7,400,2022-03-14 14:12:00,CHDN
216.57,216.57,216.5,216.5,500,2022-03-14 14:13:00,CHDN
216.62,217.22,216.62,217.085,800,2022-03-14 14:16:00,CHDN
216.94,216.94,216.83,216.83,400,2022-03-14 14:17:00,CHDN
217.54,217.54,217.35,217.35,800,2022-03-14 14:20:00,CHDN
216.27,216.27,216.27,216.27,100,2022-03-14 14:26:00,CHDN
215.97,215.97,215.97,215.97,100,2022-03-14 14:28:00,CHDN
215.38,215.38,215.38,215.38,200,2022-03-14 14:34:00,CHDN
215.08,215.08,215.08,215.08,100,2022-03-14 14:44:00,CHDN
215.13,215.13,214.81,214.81,1200,2022-03-14 14:48:00,CHDN
215.18,215.18,214.5482,214.5482,200,2022-03-14 14:52:00,CHDN
214.735,214.735,214.735,214.735,100,2022-03-14 14:56:00,CHDN
215.04,215.04,215.04,215.04,100,2022-03-14 14:59:00,CHDN
214.85,214.85,214.85,214.85,100,2022-03-14 15:07:00,CHDN
214.06,214.06,213.59,213.59,200,2022-03-14 15:12:00,CHDN
213.305,213.305,213.305,213.305,100,2022-03-14 15:21:00,CHDN
213.42,213.7,213.42,213.49,997,2022-03-14 15:23:00,CHDN
213.21,213.24,213.21,213.24,200,2022-03-14 15:27:00,CHDN
213.13,213.13,213.13,213.13,100,2022-03-14 15:36:00,CHDN
213.27,213.27,213.27,213.27,100,2022-03-14 15:38:00,CHDN
213.32,213.32,213.28,213.28,200,2022-03-14 15:40:00,CHDN
212.75,212.75,212.69,212.69,200,2022-03-14 15:46:00,CHDN
212.21,212.21,212.21,212.21,100,2022-03-14 15:48:00,CHDN
211.88,211.88,211.88,211.88,400,2022-03-14 15:54:00,CHDN
212.02,212.02,212.02,212.02,137,2022-03-14 15:57:00,CHDN
212.01,212.01,212.01,212.01,100,2022-03-14 15:58:00,CHDN
212.16,212.16,212.16,212.16,100,2022-03-14 15:59:00,CHDN
212.25,212.25,212.25,212.25,100,2022-03-14 16:03:00,CHDN
212.03,212.03,212.03,212.03,100,2022-03-14 16:04:00,CHDN
211.975,211.975,211.71,211.71,400,2022-03-14 16:06:00,CHDN
211.25,211.25,211.25,211.25,100,2022-03-14 16:09:00,CHDN
211.29,211.48,211.29,211.37,600,2022-03-14 16:11:00,CHDN
211.37,211.37,211.22,211.22,400,2022-03-14 16:12:00,CHDN
211.47,211.47,211.47,211.47,100,2022-03-14 16:13:00,CHDN
211.42,211.42,211.42,211.42,100,2022-03-14 16:15:00,CHDN
211.96,212.02,211.59,211.81,800,2022-03-14 16:17:00,CHDN
211.78,211.78,211.78,211.78,100,2022-03-14 16:19:00,CHDN
212.6,212.6,212.37,212.39,300,2022-03-14 16:22:00,CHDN
211.95,211.95,211.95,211.95,100,2022-03-14 16:26:00,CHDN
211.705,211.705,211.705,211.705,243,2022-03-14 16:27:00,CHDN
212.0,212.0,212.0,212.0,300,2022-03-14 16:32:00,CHDN
212.085,212.085,212.085,212.085,100,2022-03-14 16:33:00,CHDN
211.125,211.35,211.125,211.35,200,2022-03-14 16:36:00,CHDN
211.27,211.27,211.175,211.195,600,2022-03-14 16:37:00,CHDN
211.25,211.25,211.25,211.25,100,2022-03-14 16:39:00,CHDN
211.07,211.07,211.07,211.07,100,2022-03-14 16:42:00,CHDN
210.94,210.94,210.94,210.94,100,2022-03-14 16:43:00,CHDN
210.68,210.68,210.68,210.68,100,2022-03-14 16:44:00,CHDN
210.48,210.48,210.275,210.29,300,2022-03-14 16:49:00,CHDN
210.23,210.23,210.23,210.23,100,2022-03-14 16:51:00,CHDN
210.15,210.15,210.15,210.15,100,2022-03-14 16:52:00,CHDN
210.0,210.51,209.99,210.4,2174,2022-03-14 16:53:00,CHDN
210.65,210.65,210.54,210.54,200,2022-03-14 16:59:00,CHDN
210.635,210.635,210.39,210.39,300,2022-03-14 17:03:00,CHDN
210.16,210.16,210.16,210.16,100,2022-03-14 17:04:00,CHDN
210.58,210.58,210.58,210.58,100,2022-03-14 17:07:00,CHDN
210.37,210.375,210.07,210.375,1200,2022-03-14 17:11:00,CHDN
210.375,210.375,210.375,210.375,100,2022-03-14 17:15:00,CHDN
210.38,210.38,210.38,210.38,100,2022-03-14 17:17:00,CHDN
210.45,210.45,210.45,210.45,100,2022-03-14 17:18:00,CHDN
210.845,210.845,210.845,210.845,100,2022-03-14 17:19:00,CHDN
210.78,210.785,210.78,210.785,200,2022-03-14 17:20:00,CHDN
210.785,210.785,210.44,210.44,500,2022-03-14 17:21:00,CHDN
210.415,210.415,210.415,210.415,200,2022-03-14 17:26:00,CHDN
210.22,210.22,210.22,210.22,100,2022-03-14 17:27:00,CHDN
210.57,210.57,210.57,210.57,100,2022-03-14 17:28:00,CHDN
210.275,210.275,210.275,210.275,100,2022-03-14 17:32:00,CHDN
210.135,210.135,210.135,210.135,700,2022-03-14 17:33:00,CHDN
210.135,210.4,209.91,210.4,4144,2022-03-14 17:34:00,CHDN
210.49,210.49,210.49,210.49,100,2022-03-14 17:38:00,CHDN
210.4,210.4,210.4,210.4,100,2022-03-14 17:41:00,CHDN
210.275,210.41,209.99,209.99,2106,2022-03-14 17:45:00,CHDN
209.99,209.99,209.99,209.99,100,2022-03-14 17:46:00,CHDN
209.99,209.99,209.99,209.99,725,2022-03-14 17:47:00,CHDN
210.12,210.125,209.93,209.93,3459,2022-03-14 17:48:00,CHDN
210.09,210.09,209.94,209.94,403,2022-03-14 17:49:00,CHDN
210.09,210.23,210.09,210.175,1196,2022-03-14 17:50:00,CHDN
210.41,210.415,210.41,210.415,200,2022-03-14 17:52:00,CHDN
210.1,210.1,209.99,209.99,200,2022-03-14 17:56:00,CHDN
209.99,210.24,209.97,210.24,2157,2022-03-14 17:57:00,CHDN
210.03,210.185,210.03,210.185,400,2022-03-14 18:00:00,CHDN
210.185,210.185,210.185,210.185,500,2022-03-14 18:01:00,CHDN
210.06,210.06,210.0,210.0,595,2022-03-14 18:02:00,CHDN
209.99,210.03,209.79,209.79,4235,2022-03-14 18:03:00,CHDN
209.69,209.75,209.66,209.715,400,2022-03-14 18:04:00,CHDN
209.88,209.91,209.88,209.91,300,2022-03-14 18:05:00,CHDN
209.79,209.79,209.67,209.67,200,2022-03-14 18:07:00,CHDN
209.66,209.66,209.66,209.66,100,2022-03-14 18:08:00,CHDN
209.66,209.66,209.66,209.66,200,2022-03-14 18:09:00,CHDN
209.66,209.66,209.66,209.66,100,2022-03-14 18:11:00,CHDN
209.36,209.36,209.36,209.36,100,2022-03-14 18:17:00,CHDN
209.46,209.46,209.46,209.46,100,2022-03-14 18:18:00,CHDN
209.51,209.51,209.37,209.37,500,2022-03-14 18:23:00,CHDN
208.92,208.97,208.91,208.97,400,2022-03-14 18:25:00,CHDN
209.05,209.15,209.05,209.15,200,2022-03-14 18:26:00,CHDN
209.37,209.37,209.37,209.37,100,2022-03-14 18:29:00,CHDN
209.2,209.44,209.2,209.44,300,2022-03-14 18:30:00,CHDN
209.56,209.56,209.56,209.56,100,2022-03-14 18:34:00,CHDN
209.525,209.65,209.525,209.58,805,2022-03-14 18:35:00,CHDN
209.35,209.35,209.17,209.17,591,2022-03-14 18:36:00,CHDN
209.42,209.42,209.41,209.41,233,2022-03-14 18:38:00,CHDN
209.12,209.12,209.12,209.12,100,2022-03-14 18:39:00,CHDN
208.92,208.92,208.92,208.92,100,2022-03-14 18:40:00,CHDN
208.98,209.02,208.98,209.01,400,2022-03-14 18:42:00,CHDN
208.96,208.96,208.88,208.88,588,2022-03-14 18:45:00,CHDN
208.72,208.72,208.72,208.72,100,2022-03-14 18:46:00,CHDN
208.88,208.88,208.88,208.88,100,2022-03-14 18:48:00,CHDN
209.725,210.1,209.72,210.0,1274,2022-03-14 18:54:00,CHDN
209.91,210.0,209.86,209.86,1570,2022-03-14 18:55:00,CHDN
209.86,209.96,209.78,209.96,1455,2022-03-14 18:57:00,CHDN
210.28,210.28,210.28,210.28,200,2022-03-14 19:01:00,CHDN
210.345,210.4,210.21,210.21,600,2022-03-14 19:02:00,CHDN
210.2,210.395,210.05,210.05,400,2022-03-14 19:03:00,CHDN
210.09,210.09,209.63,209.63,1800,2022-03-14 19:04:00,CHDN
209.5,209.5,209.5,209.5,100,2022-03-14 19:05:00,CHDN
209.5,209.5,209.5,209.5,100,2022-03-14 19:09:00,CHDN
209.5,209.5,209.5,209.5,100,2022-03-14 19:10:00,CHDN
210.44,210.44,210.13,210.13,300,2022-03-14 19:14:00,CHDN
210.46,210.46,210.13,210.13,400,2022-03-14 19:18:00,CHDN
210.305,210.305,210.305,210.305,100,2022-03-14 19:21:00,CHDN
210.2375,210.2375,210.2375,210.2375,100,2022-03-14 19:22:00,CHDN
210.21,210.21,210.21,210.21,100,2022-03-14 19:25:00,CHDN
210.11,210.2,210.1,210.1,662,2022-03-14 19:26:00,CHDN
210.18,210.18,209.95,210.04,2746,2022-03-14 19:30:00,CHDN
209.81,210.24,209.81,210.24,1250,2022-03-14 19:31:00,CHDN
210.025,210.15,210.025,210.15,200,2022-03-14 19:33:00,CHDN
209.99,210.195,209.99,210.19,2235,2022-03-14 19:34:00,CHDN
209.88,209.88,209.88,209.88,858,2022-03-14 19:36:00,CHDN
210.08,210.08,210.08,210.08,100,2022-03-14 19:41:00,CHDN
210.175,210.175,210.175,210.175,100,2022-03-14 19:43:00,CHDN
210.2,210.36,210.2,210.36,432,2022-03-14 19:44:00,CHDN
210.485,210.485,210.485,210.485,100,2022-03-14 19:45:00,CHDN
210.6302,210.6302,210.6302,210.6302,146,2022-03-14 19:46:00,CHDN
210.07,210.07,210.07,210.07,120,2022-03-14 19:47:00,CHDN
210.2,210.2,210.2,210.2,100,2022-03-14 19:48:00,CHDN
210.16,210.365,210.11,210.11,634,2022-03-14 19:49:00,CHDN
210.23,210.23,209.99,209.99,558,2022-03-14 19:50:00,CHDN
209.94,209.94,209.79,209.79,374,2022-03-14 19:51:00,CHDN
209.94,210.235,209.94,210.235,976,2022-03-14 19:52:00,CHDN
210.1,210.1,210.0,210.0,225,2022-03-14 19:54:00,CHDN
209.715,210.22,209.715,210.1,1400,2022-03-14 19:55:00,CHDN
210.1,210.14,210.1,210.14,470,2022-03-14 19:56:00,CHDN
210.1,210.15,209.82,209.9,1498,2022-03-14 19:57:00,CHDN
209.79,209.79,209.58,209.695,700,2022-03-14 19:58:00,CHDN
209.77,210.225,209.77,209.9,2756,2022-03-14 19:59:00,CHDN
209.88,209.88,209.88,209.88,12550,2022-03-14 20:00:00,CHDN
209.88,209.88,209.88,209.88,107,2022-03-14 20:01:00,CHDN
212.56,212.56,211.05,211.05,802,2022-03-15 13:30:00,CHDN
212.245,213.41,212.245,212.25,1500,2022-03-15 13:34:00,CHDN
212.54,212.54,212.54,212.54,139,2022-03-15 13:35:00,CHDN
212.725,212.725,212.415,212.415,300,2022-03-15 13:36:00,CHDN
211.58,211.58,211.58,211.58,636,2022-03-15 13:39:00,CHDN
211.755,211.755,211.755,211.755,104,2022-03-15 13:40:00,CHDN
211.09,211.11,210.45,210.45,306,2022-03-15 13:42:00,CHDN
211.79,212.23,211.79,212.23,600,2022-03-15 13:50:00,CHDN
213.73,213.73,212.34,212.34,200,2022-03-15 13:51:00,CHDN
212.355,213.44,212.355,213.23,1905,2022-03-15 13:52:00,CHDN
213.335,213.71,213.335,213.71,500,2022-03-15 13:53:00,CHDN
213.03,213.03,212.78,212.78,200,2022-03-15 13:54:00,CHDN
213.45,213.45,213.45,213.45,280,2022-03-15 13:59:00,CHDN
213.52,213.78,213.52,213.78,200,2022-03-15 14:02:00,CHDN
213.525,213.525,213.525,213.525,300,2022-03-15 14:03:00,CHDN
214.15,214.15,213.37,213.39,5300,2022-03-15 14:04:00,CHDN
215.14,215.14,215.14,215.14,100,2022-03-15 14:05:00,CHDN
214.07,214.07,214.07,214.07,300,2022-03-15 14:07:00,CHDN
213.6,214.3,213.25,214.12,700,2022-03-15 14:13:00,CHDN
214.625,214.625,214.625,214.625,100,2022-03-15 14:16:00,CHDN
215.75,215.75,215.75,215.75,100,2022-03-15 14:24:00,CHDN
215.89,215.89,215.83,215.88,300,2022-03-15 14:25:00,CHDN
215.55,215.55,215.55,215.55,100,2022-03-15 14:26:00,CHDN
216.0,216.0,216.0,216.0,200,2022-03-15 14:28:00,CHDN
216.6,216.6,216.6,216.6,100,2022-03-15 14:31:00,CHDN
216.565,216.565,216.35,216.35,200,2022-03-15 14:33:00,CHDN
216.545,216.545,215.95,215.95,200,2022-03-15 14:34:00,CHDN
216.57,216.58,216.57,216.58,400,2022-03-15 14:36:00,CHDN
216.7,216.7,216.67,216.67,200,2022-03-15 14:38:00,CHDN
217.8,217.8,217.8,217.8,100,2022-03-15 14:46:00,CHDN
218.45,218.45,218.21,218.21,200,2022-03-15 14:50:00,CHDN
217.53,217.6,217.53,217.6,200,2022-03-15 14:51:00,CHDN
217.57,217.59,217.57,217.59,200,2022-03-15 14:57:00,CHDN
216.88,216.88,216.88,216.88,100,2022-03-15 15:01:00,CHDN
216.77,216.77,216.06,216.6,1697,2022-03-15 15:03:00,CHDN
217.33,217.33,217.33,217.33,100,2022-03-15 15:08:00,CHDN
217.44,217.68,217.44,217.68,447,2022-03-15 15:10:00,CHDN
216.83,216.83,216.83,216.83,100,2022-03-15 15:18:00,CHDN
217.11,217.11,217.06,217.06,400,2022-03-15 15:19:00,CHDN
217.13,217.13,217.13,217.13,100,2022-03-15 15:25:00,CHDN
217.13,217.13,217.13,217.13,410,2022-03-15 15:34:00,CHDN
216.88,216.88,216.88,216.88,100,2022-03-15 15:35:00,CHDN
216.88,216.88,216.88,216.88,200,2022-03-15 15:36:00,CHDN
216.52,216.91,216.52,216.91,400,2022-03-15 15:42:00,CHDN
216.26,216.26,216.26,216.26,100,2022-03-15 15:45:00,CHDN
216.49,216.49,216.49,216.49,100,2022-03-15 15:46:00,CHDN
216.24,216.24,216.24,216.24,110,2022-03-15 15:47:00,CHDN
216.35,216.35,216.35,216.35,100,2022-03-15 15:48:00,CHDN
216.87,216.87,215.93,216.67,1400,2022-03-15 15:50:00,CHDN
215.51,215.62,215.49,215.54,1200,2022-03-15 15:55:00,CHDN
216.15,216.15,216.15,216.15,100,2022-03-15 15:59:00,CHDN
216.33,216.33,216.33,216.33,100,2022-03-15 16:01:00,CHDN
216.22,216.22,216.07,216.07,400,2022-03-15 16:02:00,CHDN
216.65,216.65,216.65,216.65,100,2022-03-15 16:08:00,CHDN
216.72,216.72,216.72,216.72,100,2022-03-15 16:16:00,CHDN
216.83,216.83,216.83,216.83,100,2022-03-15 16:18:00,CHDN
216.63,216.78,216.63,216.78,200,2022-03-15 16:19:00,CHDN
216.69,216.69,216.69,216.69,200,2022-03-15 16:21:00,CHDN
217.0,217.0,217.0,217.0,250,2022-03-15 16:28:00,CHDN
216.76,216.76,216.76,216.76,100,2022-03-15 16:29:00,CHDN
217.29,217.29,217.29,217.29,100,2022-03-15 16:30:00,CHDN
217.17,217.17,217.17,217.17,100,2022-03-15 16:37:00,CHDN
216.65,216.65,216.65,216.65,100,2022-03-15 16:38:00,CHDN
216.49,216.58,216.38,216.38,700,2022-03-15 16:41:00,CHDN
215.88,215.88,215.88,215.88,100,2022-03-15 16:45:00,CHDN
216.4,216.4,216.4,216.4,100,2022-03-15 16:57:00,CHDN
216.94,217.01,216.94,217.01,200,2022-03-15 17:01:00,CHDN
217.22,217.22,217.11,217.2,400,2022-03-15 17:04:00,CHDN
217.05,217.05,217.05,217.05,100,2022-03-15 17:06:00,CHDN
216.97,216.98,216.77,216.98,300,2022-03-15 17:07:00,CHDN
215.84,215.84,215.84,215.84,100,2022-03-15 17:16:00,CHDN
215.97,215.97,215.97,215.97,100,2022-03-15 17:23:00,CHDN
216.63,216.63,216.63,216.63,100,2022-03-15 17:25:00,CHDN
215.79,215.79,215.79,215.79,141,2022-03-15 17:32:00,CHDN
216.26,216.26,216.045,216.045,200,2022-03-15 17:34:00,CHDN
216.24,216.24,216.24,216.24,200,2022-03-15 17:35:00,CHDN
215.575,215.575,215.575,215.575,100,2022-03-15 17:45:00,CHDN
215.63,215.63,215.63,215.63,100,2022-03-15 17:46:00,CHDN
215.38,215.38,215.33,215.37,300,2022-03-15 17:49:00,CHDN
215.81,215.81,215.81,215.81,100,2022-03-15 17:55:00,CHDN
216.0,216.07,215.99,216.07,400,2022-03-15 18:02:00,CHDN
215.79,215.79,215.64,215.64,200,2022-03-15 18:04:00,CHDN
215.96,216.01,215.96,216.01,300,2022-03-15 18:10:00,CHDN
216.01,216.01,216.01,216.01,100,2022-03-15 18:12:00,CHDN
216.055,216.055,216.055,216.055,200,2022-03-15 18:14:00,CHDN
215.53,215.53,215.53,215.53,100,2022-03-15 18:24:00,CHDN
215.76,215.76,215.695,215.695,200,2022-03-15 18:25:00,CHDN
215.86,215.86,215.4,215.56,500,2022-03-15 18:30:00,CHDN
216.04,216.04,215.81,215.81,200,2022-03-15 18:32:00,CHDN
216.37,216.37,216.37,216.37,100,2022-03-15 18:33:00,CHDN
216.56,216.56,216.56,216.56,100,2022-03-15 18:34:00,CHDN
216.53,216.53,216.53,216.53,100,2022-03-15 18:38:00,CHDN
216.96,216.96,216.96,216.96,100,2022-03-15 18:45:00,CHDN
217.6,217.6,217.29,217.29,500,2022-03-15 18:56:00,CHDN
217.21,217.21,217.21,217.21,100,2022-03-15 18:57:00,CHDN
217.61,217.61,217.61,217.61,100,2022-03-15 19:01:00,CHDN
217.25,217.51,217.25,217.26,300,2022-03-15 19:10:00,CHDN
217.81,217.82,217.81,217.82,200,2022-03-15 19:11:00,CHDN
218.685,218.685,218.63,218.65,400,2022-03-15 19:22:00,CHDN
218.36,218.36,218.36,218.36,100,2022-03-15 19:23:00,CHDN
218.61,218.61,218.61,218.61,100,2022-03-15 19:28:00,CHDN
218.48,218.48,218.48,218.48,100,2022-03-15 19:29:00,CHDN
218.67,218.82,218.67,218.82,300,2022-03-15 19:30:00,CHDN
219.28,219.28,219.07,219.07,300,2022-03-15 19:33:00,CHDN
219.11,219.11,219.11,219.11,100,2022-03-15 19:35:00,CHDN
219.0,219.0,219.0,219.0,100,2022-03-15 19:38:00,CHDN
219.11,219.11,218.83,218.93,300,2022-03-15 19:40:00,CHDN
218.94,218.94,218.94,218.94,113,2022-03-15 19:41:00,CHDN
218.93,219.05,218.93,219.05,200,2022-03-15 19:42:00,CHDN
218.68,218.68,218.66,218.66,400,2022-03-15 19:46:00,CHDN
218.53,218.53,218.48,218.48,200,2022-03-15 19:47:00,CHDN
218.33,218.33,218.055,218.055,200,2022-03-15 19:48:00,CHDN
218.24,218.33,218.24,218.33,200,2022-03-15 19:49:00,CHDN
218.58,218.76,218.445,218.76,700,2022-03-15 19:50:00,CHDN
218.99,218.99,218.99,218.99,100,2022-03-15 19:51:00,CHDN
218.77,218.77,218.77,218.77,100,2022-03-15 19:52:00,CHDN
218.765,218.82,218.7275,218.82,350,2022-03-15 19:53:00,CHDN
218.7175,218.7175,218.48,218.48,602,2022-03-15 19:54:00,CHDN
218.23,218.33,218.12,218.1275,890,2022-03-15 19:55:00,CHDN
218.16,218.57,218.16,218.34,657,2022-03-15 19:56:00,CHDN
218.36,218.43,218.36,218.43,500,2022-03-15 19:58:00,CHDN
218.47,218.57,218.19,218.54,1681,2022-03-15 19:59:00,CHDN
218.54,218.54,218.54,218.54,5689,2022-03-15 20:00:00,CHDN
220.0,220.0,220.0,220.0,100,2022-03-16 11:00:00,CHDN
222.24,222.24,222.24,222.24,961,2022-03-16 13:30:00,CHDN
223.91,226.06,223.646,226.06,1384,2022-03-16 13:39:00,CHDN
224.0,224.0,224.0,224.0,100,2022-03-16 13:41:00,CHDN
226.08,226.08,226.08,226.08,100,2022-03-16 13:44:00,CHDN
225.76,225.85,225.76,225.85,200,2022-03-16 13:51:00,CHDN
225.0,225.0,224.31,224.64,500,2022-03-16 13:53:00,CHDN
224.4,224.4,224.33,224.36,550,2022-03-16 13:55:00,CHDN
223.91,223.91,223.91,223.91,100,2022-03-16 13:57:00,CHDN
223.25,223.25,223.25,223.25,122,2022-03-16 14:00:00,CHDN
222.69,222.69,222.69,222.69,100,2022-03-16 14:01:00,CHDN
222.83,222.83,222.83,222.83,100,2022-03-16 14:13:00,CHDN
223.37,223.9,223.37,223.9,300,2022-03-16 14:15:00,CHDN
224.81,225.0,224.53,224.95,3774,2022-03-16 14:18:00,CHDN
224.98,224.98,224.97,224.97,300,2022-03-16 14:20:00,CHDN
224.78,224.78,224.77,224.77,200,2022-03-16 14:21:00,CHDN
224.3,224.31,224.3,224.31,346,2022-03-16 14:23:00,CHDN
223.98,224.42,223.98,224.42,300,2022-03-16 14:33:00,CHDN
224.98,225.0,224.98,225.0,763,2022-03-16 14:34:00,CHDN
224.48,224.54,224.39,224.54,300,2022-03-16 14:35:00,CHDN
224.605,224.605,224.605,224.605,100,2022-03-16 14:36:00,CHDN
224.47,224.965,224.47,224.965,300,2022-03-16 14:39:00,CHDN
223.855,223.855,223.855,223.855,225,2022-03-16 14:44:00,CHDN
225.0,225.0,225.0,225.0,100,2022-03-16 14:49:00,CHDN
224.84,224.84,224.84,224.84,100,2022-03-16 14:51:00,CHDN
224.78,224.78,224.51,224.51,400,2022-03-16 14:53:00,CHDN
224.27,224.27,223.91,223.91,431,2022-03-16 14:57:00,CHDN
223.91,223.91,223.91,223.91,100,2022-03-16 14:58:00,CHDN
224.6,224.6,224.6,224.6,100,2022-03-16 14:59:00,CHDN
224.51,224.51,224.51,224.51,100,2022-03-16 15:10:00,CHDN
224.48,224.48,224.48,224.48,100,2022-03-16 15:13:00,CHDN
224.085,224.085,224.085,224.085,100,2022-03-16 15:22:00,CHDN
224.49,224.5,224.31,224.31,345,2022-03-16 15:30:00,CHDN
224.37,224.37,224.28,224.28,200,2022-03-16 15:31:00,CHDN
222.86,222.86,222.86,222.86,100,2022-03-16 15:38:00,CHDN
222.44,222.44,222.44,222.44,200,2022-03-16 15:40:00,CHDN
222.44,222.44,222.44,222.44,100,2022-03-16 15:41:00,CHDN
222.78,222.79,222.78,222.79,300,2022-03-16 15:42:00,CHDN
222.18,222.18,222.045,222.045,200,2022-03-16 15:46:00,CHDN
222.39,222.39,222.39,222.39,100,2022-03-16 15:51:00,CHDN
222.55,222.55,222.55,222.55,100,2022-03-16 15:53:00,CHDN
223.59,224.17,223.59,224.17,800,2022-03-16 16:03:00,CHDN
223.52,223.52,223.52,223.52,100,2022-03-16 16:05:00,CHDN
223.85,223.85,223.78,223.78,300,2022-03-16 16:07:00,CHDN
223.2997,223.2997,223.2997,223.2997,372,2022-03-16 16:10:00,CHDN
223.55,223.55,223.55,223.55,100,2022-03-16 16:11:00,CHDN
223.36,223.36,223.36,223.36,100,2022-03-16 16:14:00,CHDN
223.4,223.4,222.86,222.86,200,2022-03-16 16:25:00,CHDN
223.18,223.18,223.01,223.01,300,2022-03-16 16:27:00,CHDN
223.33,223.33,223.195,223.33,302,2022-03-16 16:31:00,CHDN
223.695,223.695,223.48,223.48,200,2022-03-16 16:33:00,CHDN
223.31,223.31,223.31,223.31,100,2022-03-16 16:34:00,CHDN
223.16,223.16,222.59,223.02,400,2022-03-16 16:36:00,CHDN
223.23,223.23,223.23,223.23,300,2022-03-16 16:58:00,CHDN
223.6,223.6,223.29,223.29,300,2022-03-16 16:59:00,CHDN
223.59,223.59,223.59,223.59,100,2022-03-16 17:03:00,CHDN
223.35,223.35,223.35,223.35,100,2022-03-16 17:06:00,CHDN
222.54,222.54,222.54,222.54,100,2022-03-16 17:16:00,CHDN
222.53,222.57,222.53,222.57,300,2022-03-16 17:19:00,CHDN
222.26,222.26,221.92,221.92,300,2022-03-16 17:20:00,CHDN
222.1,222.1,222.1,222.1,100,2022-03-16 17:21:00,CHDN
222.27,222.27,222.27,222.27,100,2022-03-16 17:24:00,CHDN
223.25,223.25,223.25,223.25,100,2022-03-16 17:31:00,CHDN
223.51,223.51,223.51,223.51,100,2022-03-16 17:32:00,CHDN
223.51,223.69,223.0,223.69,846,2022-03-16 17:33:00,CHDN
223.58,223.63,223.58,223.58,300,2022-03-16 17:41:00,CHDN
224.08,224.08,224.08,224.08,100,2022-03-16 17:48:00,CHDN
224.24,224.24,224.24,224.24,163,2022-03-16 17:50:00,CHDN
223.96,223.96,223.65,223.65,369,2022-03-16 17:51:00,CHDN
223.9,223.95,223.745,223.745,538,2022-03-16 17:57:00,CHDN
223.71,223.81,223.53,223.81,400,2022-03-16 17:58:00,CHDN
223.2425,223.2425,223.2425,223.2425,241,2022-03-16 17:59:00,CHDN
222.08,222.08,222.08,222.08,100,2022-03-16 18:01:00,CHDN
222.97,222.97,222.41,222.41,279,2022-03-16 18:03:00,CHDN
221.88,221.88,221.88,221.88,100,2022-03-16 18:04:00,CHDN
221.21,221.21,221.21,221.21,391,2022-03-16 18:05:00,CHDN
221.88,222.1,221.74,221.8601,1000,2022-03-16 18:07:00,CHDN
221.86,221.86,221.86,221.86,100,2022-03-16 18:08:00,CHDN
220.7441,220.7441,220.7441,220.7441,560,2022-03-16 18:09:00,CHDN
221.94,221.99,221.94,221.99,200,2022-03-16 18:17:00,CHDN
221.86,221.87,221.66,221.66,417,2022-03-16 18:20:00,CHDN
221.83,221.83,221.83,221.83,100,2022-03-16 18:21:00,CHDN
221.16,221.26,221.16,221.26,303,2022-03-16 18:23:00,CHDN
221.12,221.18,221.12,221.18,200,2022-03-16 18:24:00,CHDN
220.78,220.78,220.78,220.78,248,2022-03-16 18:28:00,CHDN
220.34,220.34,220.33,220.33,200,2022-03-16 18:30:00,CHDN
220.01,220.075,220.0,220.075,1300,2022-03-16 18:31:00,CHDN
219.87,220.43,219.87,220.22,510,2022-03-16 18:32:00,CHDN
219.84,219.84,219.84,219.84,100,2022-03-16 18:35:00,CHDN
220.43,220.43,220.43,220.43,100,2022-03-16 18:36:00,CHDN
221.29,221.29,221.29,221.29,100,2022-03-16 18:38:00,CHDN
221.63,221.63,221.63,221.63,100,2022-03-16 18:40:00,CHDN
221.63,221.63,221.63,221.63,248,2022-03-16 18:41:00,CHDN
222.49,222.81,222.24,222.58,800,2022-03-16 18:42:00,CHDN
222.72,222.72,222.72,222.72,169,2022-03-16 18:44:00,CHDN
222.7,222.7,222.7,222.7,100,2022-03-16 18:45:00,CHDN
223.25,223.68,223.25,223.68,300,2022-03-16 18:46:00,CHDN
223.48,223.48,223.48,223.48,100,2022-03-16 18:47:00,CHDN
223.51,223.51,223.49,223.49,227,2022-03-16 18:49:00,CHDN
224.5,224.81,224.475,224.81,300,2022-03-16 18:55:00,CHDN
224.435,224.435,224.12,224.12,858,2022-03-16 18:59:00,CHDN
224.515,224.515,224.515,224.515,100,2022-03-16 19:00:00,CHDN
223.88,223.88,223.88,223.88,100,2022-03-16 19:01:00,CHDN
224.24,224.465,224.24,224.465,200,2022-03-16 19:03:00,CHDN
224.665,224.665,224.665,224.665,100,2022-03-16 19:04:00,CHDN
224.45,224.45,224.1138,224.1138,400,2022-03-16 19:06:00,CHDN
224.32,224.32,224.32,224.32,100,2022-03-16 19:08:00,CHDN
224.23,224.39,224.23,224.39,200,2022-03-16 19:10:00,CHDN
224.19,224.19,224.04,224.04,200,2022-03-16 19:11:00,CHDN
224.37,224.37,224.35,224.35,200,2022-03-16 19:15:00,CHDN
224.49,224.49,224.49,224.49,100,2022-03-16 19:16:00,CHDN
225.0,225.0,224.89,224.91,447,2022-03-16 19:20:00,CHDN
224.57,224.57,224.45,224.45,321,2022-03-16 19:22:00,CHDN
224.505,224.505,224.505,224.505,100,2022-03-16 19:25:00,CHDN
224.67,224.71,224.51,224.55,993,2022-03-16 19:30:00,CHDN
224.27,224.27,224.27,224.27,100,2022-03-16 19:31:00,CHDN
224.2,224.2,224.2,224.2,110,2022-03-16 19:32:00,CHDN
223.9775,224.12,223.915,223.915,500,2022-03-16 19:33:00,CHDN
223.85,223.85,223.79,223.79,382,2022-03-16 19:35:00,CHDN
223.63,223.63,223.63,223.63,100,2022-03-16 19:36:00,CHDN
223.96,223.99,223.96,223.99,200,2022-03-16 19:37:00,CHDN
223.8,223.87,223.8,223.87,200,2022-03-16 19:40:00,CHDN
224.33,224.63,224.25,224.63,400,2022-03-16 19:41:00,CHDN
224.2,224.2,224.2,224.2,100,2022-03-16 19:44:00,CHDN
224.49,224.78,224.49,224.745,1400,2022-03-16 19:45:00,CHDN
224.7844,224.7844,224.7844,224.7844,102,2022-03-16 19:46:00,CHDN
225.0,225.07,225.0,225.0,1000,2022-03-16 19:47:00,CHDN
225.41,225.41,225.39,225.39,300,2022-03-16 19:48:00,CHDN
225.25,225.25,225.23,225.23,250,2022-03-16 19:49:00,CHDN
225.56,225.81,224.92,225.0,4814,2022-03-16 19:50:00,CHDN
225.21,225.23,225.21,225.23,307,2022-03-16 19:51:00,CHDN
225.145,225.145,224.8,224.8,200,2022-03-16 19:52:00,CHDN
225.48,225.895,225.48,225.77,700,2022-03-16 19:53:00,CHDN
225.91,225.95,225.505,225.95,400,2022-03-16 19:54:00,CHDN
225.7431,225.775,225.28,225.6,733,2022-03-16 19:55:00,CHDN
226.07,226.07,225.94,225.94,800,2022-03-16 19:56:00,CHDN
225.69,225.94,225.69,225.94,300,2022-03-16 19:57:00,CHDN
226.13,226.13,225.68,225.68,2917,2022-03-16 19:58:00,CHDN
225.39,225.65,225.17,225.4,8401,2022-03-16 19:59:00,CHDN
225.7,225.7,225.7,225.7,16999,2022-03-16 20:00:00,CHDN
225.7,225.7,225.7,225.7,696,2022-03-16 20:01:00,CHDN
222.73,222.73,222.73,222.73,1567,2022-03-17 13:30:00,CHDN
221.7,221.7,221.7,221.7,100,2022-03-17 13:32:00,CHDN
224.12,224.12,223.185,223.185,200,2022-03-17 13:35:00,CHDN
223.0,223.0,223.0,223.0,966,2022-03-17 13:36:00,CHDN
223.89,223.89,223.89,223.89,100,2022-03-17 13:39:00,CHDN
225.4,225.4,225.4,225.4,100,2022-03-17 13:42:00,CHDN
225.79,225.79,225.79,225.79,100,2022-03-17 13:56:00,CHDN
225.795,225.795,225.795,225.795,100,2022-03-17 13:57:00,CHDN
225.755,226.12,225.755,226.12,200,2022-03-17 13:59:00,CHDN
225.77,225.96,225.77,225.96,200,2022-03-17 14:01:00,CHDN
225.18,225.83,225.0,225.0,1521,2022-03-17 14:02:00,CHDN
225.455,225.455,225.455,225.455,100,2022-03-17 14:04:00,CHDN
223.925,223.925,223.925,223.925,100,2022-03-17 14:21:00,CHDN
225.201,225.201,224.6,224.6,220,2022-03-17 14:28:00,CHDN
224.52,224.52,224.52,224.52,100,2022-03-17 14:30:00,CHDN
225.03,225.03,225.03,225.03,100,2022-03-17 14:34:00,CHDN
223.72,223.825,223.675,223.675,300,2022-03-17 14:37:00,CHDN
223.45,223.45,223.45,223.45,100,2022-03-17 14:42:00,CHDN
222.64,222.64,222.62,222.62,400,2022-03-17 14:51:00,CHDN
222.18,222.18,222.0,222.0,1100,2022-03-17 14:58:00,CHDN
221.885,221.885,221.33,221.33,200,2022-03-17 15:01:00,CHDN
221.85,221.96,221.62,221.62,300,2022-03-17 15:08:00,CHDN
221.3541,221.3541,221.3541,221.3541,112,2022-03-17 15:13:00,CHDN
221.54,221.68,221.54,221.68,200,2022-03-17 15:18:00,CHDN
221.48,221.48,221.48,221.48,100,2022-03-17 15:22:00,CHDN
221.8,221.8,221.8,221.8,100,2022-03-17 15:32:00,CHDN
221.3,221.3,221.3,221.3,100,2022-03-17 15:39:00,CHDN
221.32,221.32,221.32,221.32,100,2022-03-17 15:41:00,CHDN
220.74,220.8585,220.52,220.8585,409,2022-03-17 15:46:00,CHDN
220.565,220.565,220.565,220.565,200,2022-03-17 15:47:00,CHDN
220.98,220.98,220.265,220.475,400,2022-03-17 15:48:00,CHDN
220.73,221.33,220.53,221.33,2162,2022-03-17 15:49:00,CHDN
220.56,220.97,220.56,220.95,1662,2022-03-17 15:50:00,CHDN
220.83,221.11,220.785,221.03,1800,2022-03-17 15:52:00,CHDN
221.6,221.6,221.58,221.58,601,2022-03-17 15:55:00,CHDN
221.81,221.81,221.81,221.81,100,2022-03-17 15:58:00,CHDN
222.23,222.23,222.23,222.23,100,2022-03-17 16:14:00,CHDN
222.855,222.855,222.22,222.51,900,2022-03-17 16:21:00,CHDN
222.56,222.605,222.455,222.455,400,2022-03-17 16:29:00,CHDN
222.37,222.37,222.37,222.37,200,2022-03-17 16:30:00,CHDN
221.98,221.98,221.98,221.98,100,2022-03-17 16:32:00,CHDN
221.66,222.15,221.66,222.15,300,2022-03-17 16:41:00,CHDN
222.14,222.14,222.09,222.09,300,2022-03-17 16:42:00,CHDN
221.25,221.25,221.24,221.24,200,2022-03-17 16:48:00,CHDN
221.32,221.32,221.32,221.32,100,2022-03-17 16:49:00,CHDN
221.18,221.18,221.18,221.18,200,2022-03-17 16:52:00,CHDN
221.13,221.13,221.13,221.13,100,2022-03-17 16:54:00,CHDN
221.87,221.875,221.87,221.875,200,2022-03-17 16:55:00,CHDN
222.22,222.325,222.22,222.325,249,2022-03-17 16:59:00,CHDN
221.445,221.445,221.445,221.445,100,2022-03-17 17:01:00,CHDN
221.2,221.2,221.2,221.2,100,2022-03-17 17:03:00,CHDN
221.74,221.74,221.74,221.74,100,2022-03-17 17:05:00,CHDN
220.24,220.495,220.24,220.495,300,2022-03-17 17:16:00,CHDN
220.26,220.26,220.26,220.26,100,2022-03-17 17:19:00,CHDN
220.54,220.63,220.54,220.63,300,2022-03-17 17:23:00,CHDN
220.33,220.76,220.33,220.76,400,2022-03-17 17:25:00,CHDN
221.21,221.25,220.99,221.25,500,2022-03-17 17:26:00,CHDN
221.19,221.25,221.19,221.25,200,2022-03-17 17:27:00,CHDN
221.98,221.98,221.98,221.98,200,2022-03-17 17:36:00,CHDN
221.8,221.8,221.8,221.8,200,2022-03-17 17:39:00,CHDN
221.82,221.88,221.82,221.88,300,2022-03-17 17:44:00,CHDN
221.8,222.28,221.8,222.28,400,2022-03-17 17:46:00,CHDN
222.28,222.28,222.28,222.28,100,2022-03-17 17:47:00,CHDN
222.24,222.24,222.24,222.24,200,2022-03-17 17:49:00,CHDN
223.03,223.03,222.788,222.788,207,2022-03-17 17:51:00,CHDN
223.5,223.5,223.5,223.5,100,2022-03-17 17:57:00,CHDN
223.04,223.04,223.04,223.04,100,2022-03-17 18:00:00,CHDN
222.66,222.9,222.66,222.9,200,2022-03-17 18:03:00,CHDN
222.92,223.04,222.92,222.92,300,2022-03-17 18:04:00,CHDN
223.46,223.46,223.46,223.46,100,2022-03-17 18:10:00,CHDN
223.03,223.03,223.03,223.03,514,2022-03-17 18:11:00,CHDN
223.22,223.22,223.22,223.22,100,2022-03-17 18:12:00,CHDN
223.38,223.47,223.38,223.47,200,2022-03-17 18:13:00,CHDN
223.42,223.42,223.3,223.3,200,2022-03-17 18:14:00,CHDN
224.15,224.15,224.15,224.15,200,2022-03-17 18:25:00,CHDN
224.1,224.1,223.3204,223.3204,205,2022-03-17 18:27:00,CHDN
223.66,223.66,223.66,223.66,100,2022-03-17 18:31:00,CHDN
224.13,224.13,224.13,224.13,100,2022-03-17 18:36:00,CHDN
223.8,224.04,223.8,224.04,300,2022-03-17 18:38:00,CHDN
224.05,224.05,224.05,224.05,100,2022-03-17 18:41:00,CHDN
224.06,224.06,224.06,224.06,100,2022-03-17 18:44:00,CHDN
224.04,224.04,224.04,224.04,100,2022-03-17 18:56:00,CHDN
223.97,223.97,223.97,223.97,100,2022-03-17 19:02:00,CHDN
224.295,224.295,224.295,224.295,200,2022-03-17 19:05:00,CHDN
224.17,224.17,224.17,224.17,100,2022-03-17 19:09:00,CHDN
223.78,223.78,223.7,223.7,400,2022-03-17 19:10:00,CHDN
223.61,223.61,223.28,223.28,200,2022-03-17 19:12:00,CHDN
223.55,223.55,223.55,223.55,100,2022-03-17 19:13:00,CHDN
223.87,223.92,223.87,223.92,200,2022-03-17 19:14:00,CHDN
224.11,224.11,223.85,223.91,400,2022-03-17 19:15:00,CHDN
223.83,223.83,223.83,223.83,700,2022-03-17 19:16:00,CHDN
223.845,223.845,223.845,223.845,200,2022-03-17 19:18:00,CHDN
223.82,224.23,223.82,224.23,500,2022-03-17 19:19:00,CHDN
224.255,224.325,223.605,224.16,3731,2022-03-17 19:20:00,CHDN
224.09,224.315,223.945,224.315,1847,2022-03-17 19:21:00,CHDN
224.165,224.31,224.14,224.21,900,2022-03-17 19:22:00,CHDN
224.27,224.5525,224.15,224.5525,3098,2022-03-17 19:23:00,CHDN
224.585,224.835,224.415,224.415,2100,2022-03-17 19:24:00,CHDN
224.47,224.77,224.47,224.64,500,2022-03-17 19:25:00,CHDN
224.57,224.57,224.565,224.565,200,2022-03-17 19:26:00,CHDN
224.41,224.41,224.41,224.41,100,2022-03-17 19:27:00,CHDN
224.355,224.355,224.355,224.355,100,2022-03-17 19:28:00,CHDN
224.57,224.58,224.57,224.58,300,2022-03-17 19:29:00,CHDN
224.68,225.1,224.68,225.1,300,2022-03-17 19:33:00,CHDN
225.065,225.445,225.065,225.445,200,2022-03-17 19:37:00,CHDN
225.535,225.535,225.535,225.535,100,2022-03-17 19:39:00,CHDN
225.71,225.71,225.71,225.71,100,2022-03-17 19:40:00,CHDN
226.15,226.15,226.15,226.15,100,2022-03-17 19:42:00,CHDN
226.2,226.21,226.055,226.055,300,2022-03-17 19:43:00,CHDN
226.27,226.27,226.27,226.27,100,2022-03-17 19:44:00,CHDN
226.15,226.15,226.15,226.15,100,2022-03-17 19:45:00,CHDN
226.025,226.025,226.025,226.025,100,2022-03-17 19:46:00,CHDN
226.34,226.34,226.27,226.27,200,2022-03-17 19:47:00,CHDN
226.26,226.26,226.04,226.04,200,2022-03-17 19:49:00,CHDN
226.4,226.58,226.33,226.48,1786,2022-03-17 19:50:00,CHDN
226.48,226.48,226.32,226.32,400,2022-03-17 19:51:00,CHDN
226.32,226.35,226.32,226.33,300,2022-03-17 19:52:00,CHDN
226.48,226.48,226.48,226.48,128,2022-03-17 19:53:00,CHDN
226.3,226.3,226.28,226.28,200,2022-03-17 19:54:00,CHDN
226.3,226.3,226.16,226.28,700,2022-03-17 19:55:00,CHDN
226.31,226.31,226.2,226.3,600,2022-03-17 19:56:00,CHDN
226.1,226.265,226.1,226.265,1050,2022-03-17 19:57:00,CHDN
226.38,226.38,225.81,225.81,920,2022-03-17 19:58:00,CHDN
226.21,226.52,226.06,226.46,2387,2022-03-17 19:59:00,CHDN
226.46,226.46,226.46,226.46,11632,2022-03-17 20:00:00,CHDN
224.99,224.99,224.99,224.99,14824,2022-03-18 13:30:00,CHDN
223.36,223.36,223.36,223.36,100,2022-03-18 13:33:00,CHDN
224.6,226.42,224.59,226.42,1116,2022-03-18 13:37:00,CHDN
225.5617,225.5617,225.5617,225.5617,1000,2022-03-18 13:41:00,CHDN
225.3,225.3,225.3,225.3,100,2022-03-18 13:42:00,CHDN
225.78,226.895,225.76,225.89,700,2022-03-18 13:47:00,CHDN
225.49,225.49,225.48,225.48,479,2022-03-18 13:48:00,CHDN
225.11,225.11,225.11,225.11,100,2022-03-18 13:49:00,CHDN
225.25,226.15,225.25,226.15,1250,2022-03-18 13:50:00,CHDN
226.02,226.025,226.02,226.025,200,2022-03-18 13:56:00,CHDN
226.03,226.39,226.0,226.155,2500,2022-03-18 13:59:00,CHDN
224.92,224.92,224.92,224.92,100,2022-03-18 14:04:00,CHDN
225.43,226.05,225.43,225.93,400,2022-03-18 14:08:00,CHDN
226.13,226.13,226.13,226.13,140,2022-03-18 14:09:00,CHDN
226.02,226.02,226.02,226.02,100,2022-03-18 14:14:00,CHDN
226.3,226.3,226.3,226.3,100,2022-03-18 14:19:00,CHDN
226.155,226.155,226.155,226.155,100,2022-03-18 14:25:00,CHDN
225.89,225.89,225.89,225.89,200,2022-03-18 14:26:00,CHDN
226.04,226.04,226.04,226.04,200,2022-03-18 14:31:00,CHDN
226.135,226.985,226.135,226.985,200,2022-03-18 14:32:00,CHDN
226.0,226.0,226.0,226.0,100,2022-03-18 14:33:00,CHDN
225.37,225.38,225.37,225.38,200,2022-03-18 14:38:00,CHDN
224.42,224.42,224.35,224.4,300,2022-03-18 14:40:00,CHDN
225.35,225.35,225.35,225.35,100,2022-03-18 14:45:00,CHDN
226.205,226.205,225.77,225.77,494,2022-03-18 15:02:00,CHDN
225.69,225.69,225.5,225.5,200,2022-03-18 15:09:00,CHDN
224.94,224.94,224.94,224.94,100,2022-03-18 15:11:00,CHDN
225.72,225.72,225.54,225.54,400,2022-03-18 15:12:00,CHDN
226.0,226.0,226.0,226.0,100,2022-03-18 15:36:00,CHDN
226.17,226.17,226.17,226.17,5000,2022-03-18 15:38:00,CHDN
226.0,226.14,226.0,226.0,800,2022-03-18 15:39:00,CHDN
225.89,225.89,225.64,225.64,200,2022-03-18 15:40:00,CHDN
226.215,226.37,226.0,226.0,300,2022-03-18 15:42:00,CHDN
225.88,225.88,225.88,225.88,100,2022-03-18 15:47:00,CHDN
225.51,225.6375,225.43,225.6375,400,2022-03-18 15:48:00,CHDN
225.975,225.975,225.975,225.975,100,2022-03-18 15:50:00,CHDN
226.18,226.18,226.18,226.18,100,2022-03-18 15:53:00,CHDN
226.09,226.09,226.09,226.09,100,2022-03-18 15:56:00,CHDN
226.055,226.51,226.055,226.51,300,2022-03-18 15:57:00,CHDN
226.13,226.13,226.13,226.13,100,2022-03-18 15:59:00,CHDN
226.0,226.0,226.0,226.0,100,2022-03-18 16:00:00,CHDN
226.54,227.49,226.45,227.49,4683,2022-03-18 16:04:00,CHDN
227.79,231.81,227.79,231.81,9039,2022-03-18 16:07:00,CHDN
230.92,232.27,230.77,230.77,4503,2022-03-18 16:08:00,CHDN
231.28,231.28,231.28,231.28,100,2022-03-18 16:11:00,CHDN
230.21,231.03,230.175,231.03,500,2022-03-18 16:18:00,CHDN
230.07,230.07,230.07,230.07,100,2022-03-18 16:25:00,CHDN
230.11,230.11,230.11,230.11,100,2022-03-18 16:27:00,CHDN
229.98,229.98,229.98,229.98,100,2022-03-18 16:29:00,CHDN
231.14,231.14,230.29,230.29,400,2022-03-18 16:30:00,CHDN
230.13,230.13,229.98,230.125,300,2022-03-18 16:31:00,CHDN
230.985,230.985,230.985,230.985,100,2022-03-18 16:33:00,CHDN
230.395,230.395,230.395,230.395,100,2022-03-18 16:35:00,CHDN
230.73,230.74,230.73,230.74,302,2022-03-18 16:42:00,CHDN
230.68,230.68,230.68,230.68,145,2022-03-18 16:43:00,CHDN
230.82,230.93,230.82,230.93,200,2022-03-18 16:45:00,CHDN
230.605,230.86,230.605,230.86,200,2022-03-18 16:50:00,CHDN
230.92,230.97,230.91,230.91,300,2022-03-18 16:52:00,CHDN
231.07,231.07,230.645,230.645,400,2022-03-18 16:53:00,CHDN
230.39,230.39,230.39,230.39,100,2022-03-18 16:54:00,CHDN
230.54,231.53,230.54,231.53,400,2022-03-18 16:55:00,CHDN
231.4,231.4,231.4,231.4,100,2022-03-18 16:58:00,CHDN
231.53,231.53,231.53,231.53,100,2022-03-18 17:01:00,CHDN
231.19,231.19,231.19,231.19,100,2022-03-18 17:02:00,CHDN
231.47,231.47,231.47,231.47,100,2022-03-18 17:03:00,CHDN
231.065,231.065,231.065,231.065,101,2022-03-18 17:06:00,CHDN
230.76,230.76,230.76,230.76,100,2022-03-18 17:09:00,CHDN
230.89,231.18,230.81,231.18,300,2022-03-18 17:11:00,CHDN
231.31,231.31,231.31,231.31,300,2022-03-18 17:13:00,CHDN
231.57,231.57,231.57,231.57,100,2022-03-18 17:14:00,CHDN
231.38,231.38,231.36,231.36,200,2022-03-18 17:15:00,CHDN
230.88,230.88,230.88,230.88,100,2022-03-18 17:20:00,CHDN
231.26,231.26,231.26,231.26,200,2022-03-18 17:21:00,CHDN
231.455,231.455,231.455,231.455,100,2022-03-18 17:23:00,CHDN
231.29,231.29,231.29,231.29,1000,2022-03-18 17:25:00,CHDN
231.3,231.3,231.29,231.29,200,2022-03-18 17:26:00,CHDN
231.59,231.59,231.59,231.59,225,2022-03-18 17:27:00,CHDN
231.57,231.58,231.56,231.56,481,2022-03-18 17:29:00,CHDN
231.21,231.21,231.21,231.21,100,2022-03-18 17:33:00,CHDN
231.17,231.345,231.17,231.345,200,2022-03-18 17:34:00,CHDN
231.35,231.35,231.35,231.35,100,2022-03-18 17:35:00,CHDN
231.7,231.805,231.54,231.54,400,2022-03-18 17:36:00,CHDN
231.56,231.56,231.56,231.56,100,2022-03-18 17:37:00,CHDN
231.615,231.615,231.615,231.615,100,2022-03-18 17:39:00,CHDN
231.905,232.23,231.905,232.2,300,2022-03-18 17:40:00,CHDN
232.15,232.15,232.15,232.15,100,2022-03-18 17:41:00,CHDN
232.09,232.12,231.88,231.88,916,2022-03-18 17:42:00,CHDN
231.8,231.8,231.8,231.8,100,2022-03-18 17:43:00,CHDN
232.65,232.74,232.65,232.74,200,2022-03-18 17:46:00,CHDN
232.08,232.08,232.08,232.08,100,2022-03-18 17:49:00,CHDN
231.86,231.86,231.86,231.86,100,2022-03-18 17:51:00,CHDN
232.02,232.02,232.02,232.02,100,2022-03-18 17:56:00,CHDN
232.09,232.09,231.86,231.86,437,2022-03-18 17:58:00,CHDN
232.25,232.25,232.25,232.25,100,2022-03-18 18:01:00,CHDN
232.348,232.348,232.348,232.348,340,2022-03-18 18:02:00,CHDN
232.23,232.23,232.23,232.23,100,2022-03-18 18:06:00,CHDN
233.09,233.09,232.52,232.52,200,2022-03-18 18:07:00,CHDN
231.92,232.17,231.92,232.17,200,2022-03-18 18:09:00,CHDN
231.91,231.91,231.91,231.91,100,2022-03-18 18:10:00,CHDN
231.68,231.68,231.68,231.68,100,2022-03-18 18:13:00,CHDN
232.349,232.485,232.3,232.35,1250,2022-03-18 18:19:00,CHDN
232.03,232.03,232.03,232.03,100,2022-03-18 18:22:00,CHDN
232.75,232.75,232.75,232.75,100,2022-03-18 18:24:00,CHDN
232.385,232.385,232.15,232.15,1050,2022-03-18 18:25:00,CHDN
230.92,230.92,230.92,230.92,100,2022-03-18 18:26:00,CHDN
232.39,232.39,232.39,232.39,100,2022-03-18 18:30:00,CHDN
231.63,231.63,231.63,231.63,100,2022-03-18 18:31:00,CHDN
231.79,231.79,231.79,231.79,100,2022-03-18 18:35:00,CHDN
232.512,232.512,232.512,232.512,100,2022-03-18 18:40:00,CHDN
231.98,231.98,231.9,231.9,200,2022-03-18 18:41:00,CHDN
230.91,230.91,230.91,230.91,100,2022-03-18 18:44:00,CHDN
231.14,231.14,231.14,231.14,100,2022-03-18 18:48:00,CHDN
231.465,231.465,231.465,231.465,100,2022-03-18 18:50:00,CHDN
231.15,231.15,231.15,231.15,100,2022-03-18 18:53:00,CHDN
231.42,231.94,231.42,231.91,400,2022-03-18 18:57:00,CHDN
232.165,232.43,232.165,232.43,300,2022-03-18 19:03:00,CHDN
232.14,232.14,232.1,232.105,300,2022-03-18 19:05:00,CHDN
231.88,231.88,231.88,231.88,100,2022-03-18 19:06:00,CHDN
232.11,232.13,232.11,232.13,200,2022-03-18 19:07:00,CHDN
232.3,232.515,232.18,232.18,600,2022-03-18 19:10:00,CHDN
232.23,232.23,232.22,232.22,200,2022-03-18 19:12:00,CHDN
232.27,232.27,232.27,232.27,100,2022-03-18 19:13:00,CHDN
232.36,232.36,232.36,232.36,100,2022-03-18 19:17:00,CHDN
232.35,232.515,232.33,232.39,915,2022-03-18 19:18:00,CHDN
232.51,232.66,232.51,232.66,246,2022-03-18 19:23:00,CHDN
232.53,232.53,232.53,232.53,100,2022-03-18 19:26:00,CHDN
232.46,232.46,232.27,232.38,300,2022-03-18 19:27:00,CHDN
232.235,232.235,232.235,232.235,100,2022-03-18 19:28:00,CHDN
232.46,232.46,232.46,232.46,100,2022-03-18 19:31:00,CHDN
233.09,233.09,233.07,233.07,200,2022-03-18 19:33:00,CHDN
232.79,232.79,232.71,232.71,300,2022-03-18 19:35:00,CHDN
232.5919,232.5919,232.5919,232.5919,240,2022-03-18 19:36:00,CHDN
232.44,232.44,232.195,232.195,200,2022-03-18 19:37:00,CHDN
232.14,232.14,232.14,232.14,100,2022-03-18 19:41:00,CHDN
233.085,233.085,233.085,233.085,100,2022-03-18 19:42:00,CHDN
232.87,232.87,232.67,232.67,400,2022-03-18 19:43:00,CHDN
233.12,233.12,232.71,232.71,200,2022-03-18 19:44:00,CHDN
232.6563,233.59,232.6563,233.29,1246,2022-03-18 19:45:00,CHDN
233.3,233.72,233.09,233.09,400,2022-03-18 19:46:00,CHDN
233.4399,233.465,233.4399,233.465,223,2022-03-18 19:48:00,CHDN
232.89,232.89,232.43,232.43,600,2022-03-18 19:49:00,CHDN
233.16,234.31,232.83,234.31,1708,2022-03-18 19:50:00,CHDN
233.82,234.245,233.82,234.225,820,2022-03-18 19:51:00,CHDN
233.4,233.4,233.4,233.4,100,2022-03-18 19:52:00,CHDN
233.62,233.62,233.04,233.04,1771,2022-03-18 19:53:00,CHDN
233.43,234.05,233.37,234.05,1201,2022-03-18 19:54:00,CHDN
234.05,234.945,233.92,234.425,2769,2022-03-18 19:55:00,CHDN
234.605,235.1799,234.59,234.8,974,2022-03-18 19:56:00,CHDN
234.91,235.195,234.44,234.66,3894,2022-03-18 19:57:00,CHDN
234.56,234.685,233.38,233.92,6732,2022-03-18 19:58:00,CHDN
233.85,234.28,233.82,234.06,6012,2022-03-18 19:59:00,CHDN
234.06,234.06,234.06,234.06,78766,2022-03-18 20:00:00,CHDN
234.06,234.06,234.06,234.06,3734,2022-03-18 20:01:00,CHDN
234.06,234.06,234.06,234.06,701,2022-03-18 20:02:00,CHDN
234.06,234.06,234.06,234.06,168,2022-03-18 20:03:00,CHDN
234.06,234.06,234.06,234.06,238,2022-03-18 20:04:00,CHDN
234.06,234.06,234.06,234.06,1600,2022-03-18 20:05:00,CHDN
234.06,234.06,234.06,234.06,1988,2022-03-18 20:13:00,CHDN
232.0,232.0,231.665,231.665,1249,2022-03-21 13:30:00,CHDN
230.75,230.75,230.22,230.22,1211,2022-03-21 13:31:00,CHDN
231.2,232.0,231.2,231.42,2240,2022-03-21 13:34:00,CHDN
231.04,231.04,231.04,231.04,100,2022-03-21 13:38:00,CHDN
229.7,229.7,229.7,229.7,100,2022-03-21 13:43:00,CHDN
229.99,229.99,229.99,229.99,102,2022-03-21 13:44:00,CHDN
228.64,228.64,228.61,228.61,200,2022-03-21 13:52:00,CHDN
228.61,228.61,228.265,228.265,200,2022-03-21 13:53:00,CHDN
229.06,229.06,229.06,229.06,100,2022-03-21 14:00:00,CHDN
228.66,228.69,228.66,228.69,200,2022-03-21 14:01:00,CHDN
228.615,228.615,228.615,228.615,100,2022-03-21 14:02:00,CHDN
229.04,229.04,229.04,229.04,100,2022-03-21 14:04:00,CHDN
228.62,228.62,228.14,228.14,300,2022-03-21 14:05:00,CHDN
227.78,227.78,227.78,227.78,100,2022-03-21 14:08:00,CHDN
227.79,227.9,227.79,227.81,529,2022-03-21 14:09:00,CHDN
227.72,227.72,227.72,227.72,100,2022-03-21 14:15:00,CHDN
227.74,227.74,227.72,227.72,200,2022-03-21 14:16:00,CHDN
227.01,227.01,227.01,227.01,100,2022-03-21 14:26:00,CHDN
227.06,227.27,226.87,227.24,636,2022-03-21 14:31:00,CHDN
227.275,227.275,227.275,227.275,100,2022-03-21 14:35:00,CHDN
228.585,228.585,228.27,228.27,200,2022-03-21 14:43:00,CHDN
228.28,228.28,228.28,228.28,100,2022-03-21 14:45:00,CHDN
228.66,229.1,228.5,229.1,500,2022-03-21 14:46:00,CHDN
229.06,229.06,229.06,229.06,100,2022-03-21 14:50:00,CHDN
228.965,228.965,228.64,228.64,500,2022-03-21 14:56:00,CHDN
228.46,228.67,228.46,228.535,300,2022-03-21 14:57:00,CHDN
228.33,228.33,228.33,228.33,100,2022-03-21 15:03:00,CHDN
227.87,228.25,227.87,227.905,500,2022-03-21 15:04:00,CHDN
227.68,227.68,227.68,227.68,100,2022-03-21 15:08:00,CHDN
228.14,228.15,228.14,228.15,462,2022-03-21 15:18:00,CHDN
228.5,228.5,228.5,228.5,100,2022-03-21 15:19:00,CHDN
228.505,228.68,228.505,228.68,200,2022-03-21 15:22:00,CHDN
228.68,228.68,228.39,228.675,500,2022-03-21 15:23:00,CHDN
228.67,228.67,228.67,228.67,200,2022-03-21 15:24:00,CHDN
229.02,229.07,229.02,229.07,200,2022-03-21 15:27:00,CHDN
228.59,228.59,228.59,228.59,100,2022-03-21 15:30:00,CHDN
229.0199,229.0199,229.0199,229.0199,100,2022-03-21 15:32:00,CHDN
228.26,228.26,228.26,228.26,100,2022-03-21 15:35:00,CHDN
227.88,228.04,227.88,228.04,300,2022-03-21 15:36:00,CHDN
228.02,228.02,228.02,228.02,100,2022-03-21 15:39:00,CHDN
228.26,228.26,228.26,228.26,100,2022-03-21 15:42:00,CHDN
228.39,228.39,228.39,228.39,100,2022-03-21 15:47:00,CHDN
228.61,228.695,228.51,228.69,1100,2022-03-21 15:52:00,CHDN
228.35,228.35,228.35,228.35,100,2022-03-21 15:53:00,CHDN
228.605,228.61,228.41,228.41,2623,2022-03-21 15:54:00,CHDN
228.08,228.3275,228.08,228.28,700,2022-03-21 15:55:00,CHDN
228.5,228.66,228.2817,228.2817,900,2022-03-21 15:56:00,CHDN
228.535,228.595,228.5,228.565,980,2022-03-21 15:57:00,CHDN
228.565,228.59,228.41,228.59,1700,2022-03-21 15:58:00,CHDN
227.23,227.23,227.23,227.23,100,2022-03-21 16:03:00,CHDN
228.08,228.08,228.08,228.08,100,2022-03-21 16:07:00,CHDN
228.5,228.99,228.5,228.57,1000,2022-03-21 16:14:00,CHDN
228.65,228.65,228.49,228.49,200,2022-03-21 16:15:00,CHDN
228.5,228.68,228.5,228.68,300,2022-03-21 16:20:00,CHDN
228.7,228.7,228.56,228.56,421,2022-03-21 16:22:00,CHDN
228.535,228.535,228.535,228.535,100,2022-03-21 16:23:00,CHDN
228.62,228.84,228.62,228.84,200,2022-03-21 16:25:00,CHDN
228.54,228.54,228.54,228.54,200,2022-03-21 16:27:00,CHDN
228.575,228.575,228.575,228.575,100,2022-03-21 16:28:00,CHDN
228.545,228.545,228.25,228.25,300,2022-03-21 16:30:00,CHDN
228.05,228.05,228.05,228.05,100,2022-03-21 16:33:00,CHDN
226.83,226.83,226.83,226.83,100,2022-03-21 16:37:00,CHDN
227.26,227.26,227.11,227.185,300,2022-03-21 16:38:00,CHDN
227.465,227.465,227.465,227.465,100,2022-03-21 16:41:00,CHDN
227.68,228.08,227.68,228.08,422,2022-03-21 16:42:00,CHDN
228.17,228.17,228.17,228.17,200,2022-03-21 16:44:00,CHDN
228.3,228.3,228.3,228.3,100,2022-03-21 16:48:00,CHDN
228.5,228.52,228.5,228.52,200,2022-03-21 16:49:00,CHDN
228.36,228.36,228.36,228.36,100,2022-03-21 16:50:00,CHDN
228.19,228.19,228.07,228.07,200,2022-03-21 16:51:00,CHDN
227.34,227.34,227.145,227.145,200,2022-03-21 16:57:00,CHDN
227.19,227.19,227.19,227.19,100,2022-03-21 17:02:00,CHDN
226.65,226.85,226.65,226.85,200,2022-03-21 17:05:00,CHDN
227.45,227.45,227.45,227.45,100,2022-03-21 17:07:00,CHDN
227.39,227.39,227.39,227.39,100,2022-03-21 17:11:00,CHDN
226.61,226.61,226.61,226.61,100,2022-03-21 17:17:00,CHDN
226.59,226.62,226.55,226.62,300,2022-03-21 17:18:00,CHDN
226.19,226.19,226.19,226.19,100,2022-03-21 17:21:00,CHDN
226.47,226.47,226.47,226.47,100,2022-03-21 17:25:00,CHDN
226.59,226.59,225.97,225.97,400,2022-03-21 17:27:00,CHDN
226.07,226.07,226.07,226.07,100,2022-03-21 17:28:00,CHDN
225.83,225.83,225.83,225.83,100,2022-03-21 17:31:00,CHDN
225.64,225.64,225.64,225.64,100,2022-03-21 17:35:00,CHDN
226.41,226.41,226.41,226.41,100,2022-03-21 17:36:00,CHDN
226.08,226.18,226.08,226.18,400,2022-03-21 17:37:00,CHDN
226.255,226.255,226.255,226.255,200,2022-03-21 17:38:00,CHDN
226.37,226.37,226.37,226.37,100,2022-03-21 17:39:00,CHDN
226.35,226.35,226.35,226.35,100,2022-03-21 17:43:00,CHDN
226.26,226.26,225.82,225.82,200,2022-03-21 17:44:00,CHDN
226.43,226.43,226.43,226.43,100,2022-03-21 17:45:00,CHDN
226.1,226.1,226.1,226.1,100,2022-03-21 17:46:00,CHDN
226.05,226.05,226.05,226.05,100,2022-03-21 17:47:00,CHDN
226.13,226.13,225.935,226.0,700,2022-03-21 17:49:00,CHDN
226.33,226.48,226.22,226.445,600,2022-03-21 17:50:00,CHDN
226.465,226.465,226.465,226.465,100,2022-03-21 17:51:00,CHDN
226.5,226.5,226.31,226.34,500,2022-03-21 17:54:00,CHDN
226.26,226.26,226.21,226.21,200,2022-03-21 17:55:00,CHDN
226.2,226.285,226.085,226.085,600,2022-03-21 17:57:00,CHDN
226.44,226.5,226.365,226.39,600,2022-03-21 17:59:00,CHDN
226.3975,226.4025,226.238,226.238,678,2022-03-21 18:00:00,CHDN
226.0,226.135,225.675,226.0285,2525,2022-03-21 18:01:00,CHDN
225.99,225.99,225.99,225.99,100,2022-03-21 18:02:00,CHDN
226.0,226.035,225.85,225.85,1000,2022-03-21 18:03:00,CHDN
225.565,225.565,225.565,225.565,100,2022-03-21 18:06:00,CHDN
225.375,225.625,225.33,225.43,1498,2022-03-21 18:07:00,CHDN
225.4,225.45,225.17,225.17,1237,2022-03-21 18:08:00,CHDN
225.23,225.23,225.23,225.23,100,2022-03-21 18:09:00,CHDN
225.05,225.11,225.0,225.11,500,2022-03-21 18:10:00,CHDN
224.47,224.77,224.47,224.77,200,2022-03-21 18:12:00,CHDN
224.76,224.76,224.75,224.75,200,2022-03-21 18:14:00,CHDN
224.96,224.96,224.96,224.96,100,2022-03-21 18:17:00,CHDN
224.96,224.96,224.96,224.96,100,2022-03-21 18:18:00,CHDN
225.06,225.06,225.06,225.06,100,2022-03-21 18:19:00,CHDN
225.17,225.33,225.055,225.16,1500,2022-03-21 18:20:00,CHDN
225.19,225.68,225.055,225.48,2200,2022-03-21 18:21:00,CHDN
225.33,225.775,225.31,225.395,800,2022-03-21 18:22:00,CHDN
225.47,225.78,225.4,225.49,1800,2022-03-21 18:23:00,CHDN
225.43,225.43,225.09,225.17,1000,2022-03-21 18:24:00,CHDN
225.53,225.59,225.53,225.59,500,2022-03-21 18:25:00,CHDN
225.49,226.07,225.49,226.0,929,2022-03-21 18:26:00,CHDN
225.98,226.1,225.98,226.1,500,2022-03-21 18:27:00,CHDN
226.11,226.165,225.825,226.125,3298,2022-03-21 18:28:00,CHDN
226.29,226.29,225.885,226.065,1815,2022-03-21 18:29:00,CHDN
225.74,226.025,225.61,226.025,1769,2022-03-21 18:30:00,CHDN
225.965,225.965,225.385,225.385,854,2022-03-21 18:31:00,CHDN
225.55,225.55,225.085,225.34,700,2022-03-21 18:32:00,CHDN
225.57,225.57,225.045,225.045,1200,2022-03-21 18:33:00,CHDN
224.96,224.98,224.96,224.98,200,2022-03-21 18:34:00,CHDN
224.99,225.15,224.99,225.1,700,2022-03-21 18:35:00,CHDN
225.1,225.32,224.77,224.8,2100,2022-03-21 18:37:00,CHDN
224.95,225.025,224.95,225.025,400,2022-03-21 18:39:00,CHDN
225.18,225.39,225.18,225.39,200,2022-03-21 18:41:00,CHDN
225.375,225.4,225.25,225.25,300,2022-03-21 18:43:00,CHDN
225.15,225.32,225.05,225.05,400,2022-03-21 18:45:00,CHDN
225.6,225.6,225.215,225.25,927,2022-03-21 18:46:00,CHDN
225.105,225.135,225.105,225.135,200,2022-03-21 18:48:00,CHDN
225.25,225.25,225.25,225.25,100,2022-03-21 18:49:00,CHDN
225.13,225.13,225.13,225.13,100,2022-03-21 18:51:00,CHDN
225.175,225.175,225.175,225.175,100,2022-03-21 18:52:00,CHDN
224.94,224.94,224.94,224.94,100,2022-03-21 18:55:00,CHDN
224.73,224.76,224.71,224.71,400,2022-03-21 18:56:00,CHDN
224.31,224.31,224.31,224.31,100,2022-03-21 18:58:00,CHDN
224.07,224.07,224.07,224.07,100,2022-03-21 19:05:00,CHDN
224.3,224.3,224.3,224.3,100,2022-03-21 19:06:00,CHDN
224.48,224.855,224.48,224.855,300,2022-03-21 19:07:00,CHDN
224.79,224.85,224.79,224.85,200,2022-03-21 19:08:00,CHDN
224.845,224.96,224.845,224.96,200,2022-03-21 19:09:00,CHDN
225.04,225.1,225.04,225.04,300,2022-03-21 19:10:00,CHDN
225.0486,225.0486,225.0486,225.0486,874,2022-03-21 19:11:00,CHDN
226.17,226.17,226.17,226.17,100,2022-03-21 19:12:00,CHDN
226.11,226.11,226.11,226.11,100,2022-03-21 19:14:00,CHDN
226.47,226.47,226.47,226.47,100,2022-03-21 19:16:00,CHDN
227.105,227.105,227.105,227.105,100,2022-03-21 19:18:00,CHDN
226.82,226.9,226.27,226.27,400,2022-03-21 19:19:00,CHDN
226.31,226.46,226.31,226.46,300,2022-03-21 19:20:00,CHDN
226.69,226.885,226.69,226.69,500,2022-03-21 19:23:00,CHDN
227.0,227.0,227.0,227.0,100,2022-03-21 19:24:00,CHDN
227.54,227.55,227.0,227.0,845,2022-03-21 19:25:00,CHDN
226.99,226.99,226.99,226.99,100,2022-03-21 19:26:00,CHDN
227.41,227.41,227.41,227.41,100,2022-03-21 19:29:00,CHDN
227.53,227.53,227.24,227.24,300,2022-03-21 19:30:00,CHDN
227.18,227.19,227.18,227.19,200,2022-03-21 19:33:00,CHDN
226.93,226.93,226.93,226.93,100,2022-03-21 19:34:00,CHDN
226.37,226.37,226.37,226.37,100,2022-03-21 19:35:00,CHDN
227.0,227.14,226.97,226.97,300,2022-03-21 19:37:00,CHDN
226.91,226.92,226.91,226.92,200,2022-03-21 19:40:00,CHDN
227.02,227.13,227.02,227.13,400,2022-03-21 19:43:00,CHDN
226.86,226.86,226.59,226.81,500,2022-03-21 19:44:00,CHDN
226.525,226.67,226.525,226.67,200,2022-03-21 19:45:00,CHDN
226.74,226.74,226.74,226.74,100,2022-03-21 19:46:00,CHDN
226.74,226.74,226.74,226.74,100,2022-03-21 19:47:00,CHDN
226.53,226.55,226.22,226.27,800,2022-03-21 19:48:00,CHDN
226.17,226.17,226.13,226.13,200,2022-03-21 19:49:00,CHDN
226.28,226.78,226.28,226.61,916,2022-03-21 19:50:00,CHDN
226.91,227.07,226.88,227.07,900,2022-03-21 19:51:00,CHDN
227.15,227.61,227.15,227.59,1009,2022-03-21 19:52:00,CHDN
227.8465,227.8465,227.54,227.54,1775,2022-03-21 19:53:00,CHDN
227.55,227.98,227.52,227.84,1912,2022-03-21 19:54:00,CHDN
228.22,228.34,228.17,228.25,938,2022-03-21 19:55:00,CHDN
228.07,228.23,227.79,227.89,1204,2022-03-21 19:56:00,CHDN
227.925,228.04,227.925,228.04,344,2022-03-21 19:57:00,CHDN
228.115,228.115,227.97,227.97,1460,2022-03-21 19:58:00,CHDN
227.97,228.38,227.84,228.18,3373,2022-03-21 19:59:00,CHDN
228.18,228.18,228.18,228.18,27607,2022-03-21 20:00:00,CHDN
228.18,228.18,228.18,228.18,1986,2022-03-21 20:10:00,CHDN
228.85,228.85,228.85,228.85,444,2022-03-22 13:30:00,CHDN
228.0,228.0,228.0,228.0,400,2022-03-22 13:37:00,CHDN
228.11,228.155,228.11,228.155,300,2022-03-22 13:39:00,CHDN
229.02,229.02,229.02,229.02,100,2022-03-22 13:40:00,CHDN
228.96,229.52,228.875,228.875,1408,2022-03-22 13:41:00,CHDN
229.08,229.35,228.76,228.76,1800,2022-03-22 13:42:00,CHDN
228.735,229.155,228.57,228.925,3385,2022-03-22 13:43:00,CHDN
228.145,228.78,228.0,228.0,4700,2022-03-22 13:44:00,CHDN
228.19,228.36,228.0,228.15,2817,2022-03-22 13:45:00,CHDN
227.96,227.96,227.96,227.96,403,2022-03-22 13:48:00,CHDN
228.03,228.03,228.03,228.03,100,2022-03-22 13:49:00,CHDN
227.655,227.72,227.655,227.72,200,2022-03-22 13:50:00,CHDN
227.74,227.74,227.71,227.71,200,2022-03-22 13:51:00,CHDN
228.17,228.54,228.0,228.16,1200,2022-03-22 13:52:00,CHDN
228.51,228.8,228.38,228.38,1200,2022-03-22 13:53:00,CHDN
228.26,229.32,228.0,229.31,4474,2022-03-22 13:54:00,CHDN
229.66,229.665,229.34,229.6,2000,2022-03-22 13:55:00,CHDN
229.51,229.775,229.51,229.605,2122,2022-03-22 13:56:00,CHDN
229.34,229.59,229.225,229.225,1003,2022-03-22 13:57:00,CHDN
229.54,229.73,229.5,229.5,950,2022-03-22 13:58:00,CHDN
229.5,229.62,229.5,229.5,1100,2022-03-22 13:59:00,CHDN
229.5,230.0,229.48,229.58,1645,2022-03-22 14:00:00,CHDN
229.5,229.63,229.39,229.39,700,2022-03-22 14:01:00,CHDN
229.42,229.42,229.42,229.42,100,2022-03-22 14:02:00,CHDN
229.54,229.54,229.49,229.49,200,2022-03-22 14:03:00,CHDN
229.51,229.51,229.5,229.5,315,2022-03-22 14:04:00,CHDN
229.5,229.71,229.395,229.615,1685,2022-03-22 14:05:00,CHDN
229.51,229.65,229.33,229.33,636,2022-03-22 14:06:00,CHDN
229.48,229.5,229.16,229.16,1163,2022-03-22 14:07:00,CHDN
229.115,229.115,229.115,229.115,100,2022-03-22 14:08:00,CHDN
228.83,228.83,228.83,228.83,100,2022-03-22 14:12:00,CHDN
228.585,228.585,228.03,228.03,700,2022-03-22 14:15:00,CHDN
229.48,229.48,229.48,229.48,100,2022-03-22 14:19:00,CHDN
229.5,229.5,229.5,229.5,100,2022-03-22 14:24:00,CHDN
228.94,228.94,228.94,228.94,200,2022-03-22 14:25:00,CHDN
229.145,229.145,228.72,228.72,600,2022-03-22 14:29:00,CHDN
228.725,228.88,228.725,228.88,200,2022-03-22 14:30:00,CHDN
228.695,228.695,228.695,228.695,100,2022-03-22 14:33:00,CHDN
228.18,228.93,228.18,228.93,400,2022-03-22 14:34:00,CHDN
228.31,228.31,228.31,228.31,200,2022-03-22 14:37:00,CHDN
228.33,228.33,228.33,228.33,200,2022-03-22 14:40:00,CHDN
228.25,228.345,228.015,228.25,1200,2022-03-22 14:43:00,CHDN
228.25,228.39,228.25,228.335,2143,2022-03-22 14:44:00,CHDN
228.41,228.41,228.41,228.41,100,2022-03-22 14:45:00,CHDN
228.61,228.61,228.61,228.61,100,2022-03-22 14:46:00,CHDN
229.01,229.01,229.01,229.01,100,2022-03-22 14:47:00,CHDN
229.445,229.445,229.445,229.445,100,2022-03-22 14:48:00,CHDN
229.43,229.43,229.43,229.43,100,2022-03-22 14:49:00,CHDN
229.515,229.515,229.515,229.515,100,2022-03-22 14:50:00,CHDN
229.28,229.28,229.28,229.28,100,2022-03-22 14:51:00,CHDN
228.74,228.74,228.74,228.74,118,2022-03-22 15:03:00,CHDN
229.22,229.22,229.22,229.22,100,2022-03-22 15:09:00,CHDN
229.45,229.45,229.45,229.45,100,2022-03-22 15:11:00,CHDN
229.565,229.565,229.255,229.255,207,2022-03-22 15:12:00,CHDN
229.11,229.11,228.83,228.83,500,2022-03-22 15:14:00,CHDN
229.06,229.06,229.0,229.01,300,2022-03-22 15:19:00,CHDN
228.88,228.88,228.63,228.63,300,2022-03-22 15:20:00,CHDN
228.64,228.64,228.64,228.64,100,2022-03-22 15:23:00,CHDN
228.26,228.26,228.25,228.25,300,2022-03-22 15:28:00,CHDN
228.26,228.26,228.25,228.25,200,2022-03-22 15:32:00,CHDN
228.26,228.26,228.26,228.26,100,2022-03-22 15:33:00,CHDN
228.62,228.62,228.62,228.62,100,2022-03-22 15:34:00,CHDN
228.64,228.915,228.64,228.915,300,2022-03-22 15:40:00,CHDN
228.905,228.905,228.795,228.795,400,2022-03-22 15:41:00,CHDN
228.47,228.47,228.47,228.47,100,2022-03-22 15:49:00,CHDN
228.43,228.44,228.28,228.28,300,2022-03-22 15:50:00,CHDN
228.39,228.64,228.39,228.64,300,2022-03-22 15:51:00,CHDN
228.73,228.73,228.73,228.73,100,2022-03-22 15:56:00,CHDN
228.555,228.555,228.555,228.555,100,2022-03-22 16:00:00,CHDN
228.26,228.44,228.25,228.25,700,2022-03-22 16:02:00,CHDN
228.42,228.42,228.25,228.32,900,2022-03-22 16:03:00,CHDN
228.96,228.96,228.625,228.625,200,2022-03-22 16:06:00,CHDN
229.005,229.17,229.005,229.155,300,2022-03-22 16:08:00,CHDN
229.34,229.34,228.875,228.875,833,2022-03-22 16:10:00,CHDN
229.19,229.2,228.875,229.0,2500,2022-03-22 16:13:00,CHDN
229.0,229.0,229.0,229.0,400,2022-03-22 16:14:00,CHDN
228.85,228.85,228.831,228.831,200,2022-03-22 16:15:00,CHDN
228.7,228.7,228.7,228.7,100,2022-03-22 16:19:00,CHDN
228.29,228.29,228.25,228.25,200,2022-03-22 16:21:00,CHDN
228.39,228.39,228.39,228.39,100,2022-03-22 16:22:00,CHDN
228.4,228.5,228.4,228.5,200,2022-03-22 16:23:00,CHDN
228.25,228.25,228.25,228.25,500,2022-03-22 16:30:00,CHDN
228.4,228.4,228.4,228.4,100,2022-03-22 16:31:00,CHDN
228.55,228.95,228.55,228.775,600,2022-03-22 16:32:00,CHDN
229.08,229.08,229.0,229.0,200,2022-03-22 16:34:00,CHDN
229.265,229.265,229.265,229.265,100,2022-03-22 16:35:00,CHDN
229.265,229.2875,229.265,229.2875,300,2022-03-22 16:36:00,CHDN
229.14,229.14,229.055,229.055,200,2022-03-22 16:37:00,CHDN
228.81,228.855,228.81,228.855,200,2022-03-22 16:39:00,CHDN
229.27,229.27,228.915,229.035,800,2022-03-22 16:41:00,CHDN
229.0,229.0,228.77,228.77,200,2022-03-22 16:42:00,CHDN
228.68,228.68,228.68,228.68,100,2022-03-22 16:43:00,CHDN
228.94,229.5,228.94,228.97,2426,2022-03-22 16:50:00,CHDN
229.0,229.0,228.94,229.0,715,2022-03-22 16:51:00,CHDN
229.0,229.0,229.0,229.0,100,2022-03-22 16:53:00,CHDN
228.81,228.81,228.81,228.81,100,2022-03-22 16:54:00,CHDN
228.81,228.81,228.81,228.81,312,2022-03-22 16:57:00,CHDN
228.82,229.01,228.735,229.0,500,2022-03-22 16:59:00,CHDN
229.035,229.035,229.035,229.035,100,2022-03-22 17:00:00,CHDN
229.0,229.25,229.0,229.0,500,2022-03-22 17:01:00,CHDN
229.0,229.0,229.0,229.0,300,2022-03-22 17:02:00,CHDN
229.0,229.0,229.0,229.0,316,2022-03-22 17:03:00,CHDN
229.005,229.1,228.99,229.0,900,2022-03-22 17:07:00,CHDN
229.0,229.04,228.885,228.885,300,2022-03-22 17:08:00,CHDN
228.81,228.81,228.81,228.81,100,2022-03-22 17:10:00,CHDN
228.81,228.87,228.81,228.87,200,2022-03-22 17:15:00,CHDN
228.61,228.61,228.61,228.61,100,2022-03-22 17:21:00,CHDN
228.9,228.9,228.9,228.9,100,2022-03-22 17:27:00,CHDN
229.03,229.03,229.03,229.03,100,2022-03-22 17:29:00,CHDN
229.23,229.23,229.01,229.14,400,2022-03-22 17:30:00,CHDN
229.0,229.0,229.0,229.0,100,2022-03-22 17:31:00,CHDN
229.06,229.06,228.93,228.93,600,2022-03-22 17:32:00,CHDN
229.09,229.09,229.09,229.09,100,2022-03-22 17:35:00,CHDN
228.93,228.93,228.93,228.93,100,2022-03-22 17:36:00,CHDN
229.1,229.14,228.735,229.0,2010,2022-03-22 17:39:00,CHDN
228.8,228.8,228.8,228.8,100,2022-03-22 17:41:00,CHDN
228.855,229.2,228.855,229.145,700,2022-03-22 17:43:00,CHDN
229.03,229.03,228.925,229.0,1100,2022-03-22 17:44:00,CHDN
228.75,228.75,228.75,228.75,227,2022-03-22 17:46:00,CHDN
229.125,229.125,229.125,229.125,5611,2022-03-22 17:49:00,CHDN
228.6575,228.79,228.545,228.545,700,2022-03-22 17:50:00,CHDN
228.72,228.72,228.72,228.72,300,2022-03-22 17:51:00,CHDN
228.54,228.54,228.54,228.54,200,2022-03-22 17:53:00,CHDN
228.715,228.715,228.715,228.715,100,2022-03-22 17:55:00,CHDN
228.51,228.51,228.51,228.51,100,2022-03-22 17:56:00,CHDN
228.59,229.58,228.59,229.265,2090,2022-03-22 17:58:00,CHDN
229.19,229.32,229.0,229.04,1093,2022-03-22 17:59:00,CHDN
229.03,229.06,228.595,228.92,1280,2022-03-22 18:00:00,CHDN
229.0,229.0,228.85,228.85,500,2022-03-22 18:01:00,CHDN
228.71,228.71,228.71,228.71,100,2022-03-22 18:03:00,CHDN
228.86,228.86,228.86,228.86,100,2022-03-22 18:04:00,CHDN
228.435,228.435,228.435,228.435,100,2022-03-22 18:05:00,CHDN
228.97,228.99,228.97,228.99,203,2022-03-22 18:10:00,CHDN
229.08,229.09,228.85,228.85,937,2022-03-22 18:13:00,CHDN
228.79,228.79,228.79,228.79,100,2022-03-22 18:15:00,CHDN
228.88,229.03,228.88,229.0,800,2022-03-22 18:16:00,CHDN
229.0,229.0,228.93,228.93,400,2022-03-22 18:17:00,CHDN
228.99,229.41,228.99,229.07,3600,2022-03-22 18:18:00,CHDN
229.07,230.24,229.07,230.23,6027,2022-03-22 18:19:00,CHDN
230.23,230.23,230.23,230.23,100,2022-03-22 18:20:00,CHDN
230.15,230.34,230.025,230.26,2069,2022-03-22 18:22:00,CHDN
230.01,230.115,229.85,229.85,2347,2022-03-22 18:23:00,CHDN
229.88,229.88,229.3,229.69,1500,2022-03-22 18:24:00,CHDN
229.5,229.565,229.27,229.475,500,2022-03-22 18:25:00,CHDN
229.37,229.39,229.07,229.27,1039,2022-03-22 18:26:00,CHDN
229.49,229.49,229.12,229.13,600,2022-03-22 18:30:00,CHDN
229.22,229.23,229.22,229.23,400,2022-03-22 18:31:00,CHDN
229.125,229.38,229.125,229.3025,400,2022-03-22 18:32:00,CHDN
229.21,229.22,229.02,229.03,2200,2022-03-22 18:33:00,CHDN
229.085,229.425,229.085,229.425,300,2022-03-22 18:34:00,CHDN
228.88,228.88,228.88,228.88,100,2022-03-22 18:35:00,CHDN
229.12,229.15,228.69,228.69,2230,2022-03-22 18:43:00,CHDN
228.685,228.945,228.685,228.945,200,2022-03-22 18:44:00,CHDN
228.945,229.08,228.945,229.04,1000,2022-03-22 18:45:00,CHDN
228.98,229.1,228.98,229.1,959,2022-03-22 18:46:00,CHDN
229.04,229.08,228.99,229.0,1414,2022-03-22 18:47:00,CHDN
229.0,229.06,228.73,228.73,1900,2022-03-22 18:48:00,CHDN
229.01,229.01,229.01,229.01,100,2022-03-22 18:53:00,CHDN
228.96,228.96,228.66,228.66,200,2022-03-22 18:54:00,CHDN
229.07,229.14,228.9,228.9,807,2022-03-22 18:59:00,CHDN
229.0,229.0,228.995,228.995,883,2022-03-22 19:00:00,CHDN
229.06,229.09,229.0,229.025,1400,2022-03-22 19:03:00,CHDN
229.05,229.08,228.84,228.92,1131,2022-03-22 19:04:00,CHDN
229.0,229.0,229.0,229.0,364,2022-03-22 19:05:00,CHDN
229.0,229.08,228.94,229.02,800,2022-03-22 19:06:00,CHDN
229.0,229.0,229.0,229.0,300,2022-03-22 19:07:00,CHDN
229.0,229.0,229.0,229.0,100,2022-03-22 19:08:00,CHDN
228.92,229.1,228.92,229.0,1800,2022-03-22 19:12:00,CHDN
229.05,229.16,228.96,228.96,4502,2022-03-22 19:13:00,CHDN
229.03,229.035,229.01,229.01,400,2022-03-22 19:14:00,CHDN
229.01,229.06,228.84,228.84,1687,2022-03-22 19:15:00,CHDN
228.895,228.895,228.895,228.895,100,2022-03-22 19:16:00,CHDN
228.13,228.13,228.13,228.13,100,2022-03-22 19:17:00,CHDN
227.61,228.18,227.61,228.135,784,2022-03-22 19:19:00,CHDN
228.135,228.135,228.135,228.135,100,2022-03-22 19:20:00,CHDN
228.475,228.475,228.475,228.475,368,2022-03-22 19:21:00,CHDN
228.49,228.49,228.49,228.49,300,2022-03-22 19:22:00,CHDN
228.085,228.215,228.085,228.215,1031,2022-03-22 19:23:00,CHDN
228.03,228.24,227.94,228.0,1900,2022-03-22 19:24:00,CHDN
228.08,228.37,228.08,228.36,844,2022-03-22 19:25:00,CHDN
228.21,228.21,228.0,228.0,600,2022-03-22 19:26:00,CHDN
227.95,227.95,227.95,227.95,100,2022-03-22 19:27:00,CHDN
227.88,228.185,227.88,227.91,400,2022-03-22 19:28:00,CHDN
228.0,228.06,228.0,228.06,897,2022-03-22 19:29:00,CHDN
227.895,229.1,227.895,228.32,4258,2022-03-22 19:30:00,CHDN
227.99,228.36,227.945,228.025,2016,2022-03-22 19:31:00,CHDN
228.025,228.025,227.875,227.875,600,2022-03-22 19:32:00,CHDN
227.94,227.94,227.935,227.935,300,2022-03-22 19:33:00,CHDN
228.0,228.0,228.0,228.0,100,2022-03-22 19:34:00,CHDN
227.94,228.01,227.94,228.01,400,2022-03-22 19:35:00,CHDN
228.01,228.01,227.935,228.005,1200,2022-03-22 19:37:00,CHDN
228.04,228.43,227.825,228.07,2450,2022-03-22 19:38:00,CHDN
228.07,229.1,228.005,228.66,3800,2022-03-22 19:39:00,CHDN
228.71,229.105,228.525,228.6525,1921,2022-03-22 19:40:00,CHDN
228.605,228.93,228.53,228.725,1800,2022-03-22 19:41:00,CHDN
228.725,228.8,228.5,228.5,1700,2022-03-22 19:42:00,CHDN
228.675,229.27,228.5277,229.245,1400,2022-03-22 19:43:00,CHDN
229.44,229.51,229.41,229.41,600,2022-03-22 19:44:00,CHDN
229.51,229.51,229.12,229.12,2003,2022-03-22 19:45:00,CHDN
229.11,229.52,229.11,229.52,921,2022-03-22 19:46:00,CHDN
229.67,229.99,229.67,229.98,719,2022-03-22 19:47:00,CHDN
230.0,230.98,229.995,230.98,2950,2022-03-22 19:48:00,CHDN
230.63,230.98,230.57,230.98,1586,2022-03-22 19:49:00,CHDN
230.68,230.89,230.455,230.63,1300,2022-03-22 19:50:00,CHDN
230.62,231.295,230.62,231.295,1962,2022-03-22 19:51:00,CHDN
231.19,231.19,230.77,230.91,1101,2022-03-22 19:52:00,CHDN
230.99,231.44,230.99,231.42,1100,2022-03-22 19:53:00,CHDN
231.095,231.56,230.57,231.18,6500,2022-03-22 19:54:00,CHDN
231.185,231.43,230.35,230.8,1800,2022-03-22 19:55:00,CHDN
230.555,231.31,230.33,231.29,1856,2022-03-22 19:56:00,CHDN
231.26,231.3,230.84,230.88,2167,2022-03-22 19:57:00,CHDN
231.09,231.22,230.84,231.13,3751,2022-03-22 19:58:00,CHDN
231.13,231.52,230.62,230.62,9316,2022-03-22 19:59:00,CHDN
231.05,231.05,231.05,231.05,69843,2022-03-22 20:00:00,CHDN
231.05,231.05,231.05,231.05,32699,2022-03-22 20:01:00,CHDN
231.05,231.05,231.05,231.05,1838,2022-03-22 20:08:00,CHDN
231.2,231.2,231.2,231.2,1066,2022-03-23 13:30:00,CHDN
229.6382,229.6382,229.6382,229.6382,285,2022-03-23 13:32:00,CHDN
231.24,231.24,231.24,231.24,100,2022-03-23 13:36:00,CHDN
231.01,231.01,231.01,231.01,100,2022-03-23 13:43:00,CHDN
229.87,229.87,229.87,229.87,100,2022-03-23 13:46:00,CHDN
230.25,230.25,230.25,230.25,100,2022-03-23 13:49:00,CHDN
230.05,230.05,230.05,230.05,100,2022-03-23 13:52:00,CHDN
230.05,230.05,230.05,230.05,100,2022-03-23 13:54:00,CHDN
229.87,229.87,229.87,229.87,100,2022-03-23 13:55:00,CHDN
229.97,230.14,229.97,230.14,500,2022-03-23 13:56:00,CHDN
230.145,230.145,229.9,229.985,1675,2022-03-23 13:57:00,CHDN
229.61,229.61,229.61,229.61,220,2022-03-23 13:58:00,CHDN
229.29,229.29,227.9319,227.9319,499,2022-03-23 14:00:00,CHDN
229.06,229.06,229.022,229.022,200,2022-03-23 14:01:00,CHDN
228.87,228.87,228.87,228.87,200,2022-03-23 14:02:00,CHDN
228.62,228.62,228.62,228.62,100,2022-03-23 14:04:00,CHDN
228.79,228.79,228.59,228.59,500,2022-03-23 14:13:00,CHDN
228.59,228.59,228.59,228.59,100,2022-03-23 14:15:00,CHDN
228.3077,228.3077,228.3077,228.3077,250,2022-03-23 14:17:00,CHDN
228.08,228.08,228.08,228.08,100,2022-03-23 14:22:00,CHDN
228.2,228.2,228.2,228.2,150,2022-03-23 14:29:00,CHDN
228.56,228.775,228.56,228.775,300,2022-03-23 14:33:00,CHDN
228.52,228.52,228.52,228.52,200,2022-03-23 14:34:00,CHDN
227.65,227.65,227.64,227.64,200,2022-03-23 14:46:00,CHDN
227.45,227.45,227.45,227.45,100,2022-03-23 14:49:00,CHDN
227.86,227.86,227.86,227.86,100,2022-03-23 15:04:00,CHDN
227.41,227.56,227.41,227.56,200,2022-03-23 15:09:00,CHDN
227.66,227.66,227.66,227.66,100,2022-03-23 15:15:00,CHDN
227.87,227.87,227.87,227.87,100,2022-03-23 15:18:00,CHDN
227.71,227.75,227.71,227.75,200,2022-03-23 15:20:00,CHDN
228.5,229.07,228.5,229.07,200,2022-03-23 15:21:00,CHDN
228.5,228.55,228.5,228.55,200,2022-03-23 15:26:00,CHDN
228.5,228.5,228.5,228.5,100,2022-03-23 15:35:00,CHDN
228.5379,228.5379,228.5379,228.5379,350,2022-03-23 15:41:00,CHDN
228.5575,228.5575,228.5575,228.5575,100,2022-03-23 15:42:00,CHDN
228.5775,228.67,228.5775,228.67,200,2022-03-23 15:43:00,CHDN
228.5,228.58,228.5,228.505,400,2022-03-23 15:51:00,CHDN
228.945,228.945,228.945,228.945,100,2022-03-23 15:55:00,CHDN
228.6,228.6,228.6,228.6,100,2022-03-23 15:58:00,CHDN
228.525,228.71,228.525,228.6025,400,2022-03-23 16:02:00,CHDN
228.53,228.53,228.0,228.29,800,2022-03-23 16:04:00,CHDN
226.67,226.82,226.67,226.82,200,2022-03-23 16:14:00,CHDN
227.36,227.37,227.36,227.37,200,2022-03-23 16:20:00,CHDN
227.97,227.97,227.97,227.97,100,2022-03-23 16:22:00,CHDN
227.58,227.78,227.51,227.78,700,2022-03-23 16:27:00,CHDN
227.4796,227.4796,227.4796,227.4796,260,2022-03-23 16:29:00,CHDN
227.75,227.93,227.75,227.93,300,2022-03-23 16:30:00,CHDN
227.73,227.73,227.71,227.71,200,2022-03-23 16:35:00,CHDN
227.36,227.44,227.36,227.43,400,2022-03-23 16:46:00,CHDN
227.52,227.53,227.52,227.53,200,2022-03-23 16:48:00,CHDN
227.67,227.83,227.67,227.83,200,2022-03-23 16:52:00,CHDN
227.895,227.895,227.895,227.895,100,2022-03-23 16:54:00,CHDN
227.77,227.77,227.77,227.77,100,2022-03-23 16:56:00,CHDN
228.1,228.1,228.1,228.1,100,2022-03-23 17:01:00,CHDN
227.87,227.87,227.87,227.87,100,2022-03-23 17:02:00,CHDN
227.81,227.845,227.81,227.83,300,2022-03-23 17:07:00,CHDN
228.04,228.04,227.94,227.94,200,2022-03-23 17:11:00,CHDN
228.17,228.17,227.99,227.99,200,2022-03-23 17:15:00,CHDN
227.64,227.64,227.54,227.54,200,2022-03-23 17:21:00,CHDN
227.29,227.29,227.28,227.29,300,2022-03-23 17:24:00,CHDN
227.01,227.05,227.01,227.05,200,2022-03-23 17:25:00,CHDN
226.8,226.81,226.8,226.81,200,2022-03-23 17:26:00,CHDN
226.96,226.96,226.96,226.96,100,2022-03-23 17:28:00,CHDN
226.73,226.73,226.68,226.68,300,2022-03-23 17:35:00,CHDN
226.4163,226.4163,226.4163,226.4163,100,2022-03-23 17:37:00,CHDN
226.77,226.77,226.77,226.77,100,2022-03-23 17:38:00,CHDN
226.59,226.59,226.59,226.59,200,2022-03-23 17:41:00,CHDN
226.54,226.54,226.54,226.54,100,2022-03-23 17:48:00,CHDN
226.37,226.4,226.35,226.35,800,2022-03-23 17:50:00,CHDN
226.73,226.87,226.72,226.87,600,2022-03-23 17:52:00,CHDN
227.01,227.01,226.92,226.92,200,2022-03-23 17:53:00,CHDN
227.02,227.02,227.02,227.02,100,2022-03-23 17:54:00,CHDN
227.16,227.16,227.16,227.16,100,2022-03-23 17:56:00,CHDN
227.35,227.35,227.35,227.35,100,2022-03-23 17:57:00,CHDN
227.7,227.7,227.69,227.7,300,2022-03-23 18:00:00,CHDN
228.105,228.13,228.03,228.03,620,2022-03-23 18:02:00,CHDN
228.065,228.065,228.065,228.065,400,2022-03-23 18:05:00,CHDN
228.07,228.07,228.07,228.07,100,2022-03-23 18:06:00,CHDN
228.22,228.22,228.22,228.22,100,2022-03-23 18:07:00,CHDN
228.06,228.06,228.06,228.06,100,2022-03-23 18:08:00,CHDN
227.4,227.435,227.4,227.435,200,2022-03-23 18:11:00,CHDN
227.47,227.47,227.47,227.47,100,2022-03-23 18:13:00,CHDN
227.43,227.76,227.24,227.62,600,2022-03-23 18:15:00,CHDN
228.055,228.055,227.95,227.95,534,2022-03-23 18:17:00,CHDN
228.12,228.42,228.0,228.0,900,2022-03-23 18:18:00,CHDN
228.09,228.09,228.09,228.09,100,2022-03-23 18:19:00,CHDN
228.0525,228.0525,228.0525,228.0525,100,2022-03-23 18:20:00,CHDN
227.92,227.92,227.91,227.91,200,2022-03-23 18:21:00,CHDN
227.34,227.34,227.34,227.34,100,2022-03-23 18:23:00,CHDN
227.15,227.15,227.15,227.15,100,2022-03-23 18:24:00,CHDN
227.33,227.6,227.33,227.6,200,2022-03-23 18:26:00,CHDN
227.46,227.67,227.46,227.67,425,2022-03-23 18:29:00,CHDN
227.65,227.65,227.65,227.65,100,2022-03-23 18:32:00,CHDN
227.77,227.77,227.77,227.77,100,2022-03-23 18:34:00,CHDN
227.9,227.93,227.9,227.93,300,2022-03-23 18:36:00,CHDN
227.46,227.46,227.29,227.29,400,2022-03-23 18:37:00,CHDN
227.965,228.085,227.965,228.0,959,2022-03-23 18:38:00,CHDN
228.05,228.05,228.0,228.0,2951,2022-03-23 18:39:00,CHDN
227.92,227.92,227.78,227.78,300,2022-03-23 18:40:00,CHDN
227.73,227.73,227.73,227.73,200,2022-03-23 18:43:00,CHDN
227.54,227.54,227.43,227.43,300,2022-03-23 18:48:00,CHDN
227.58,227.58,227.58,227.58,200,2022-03-23 18:51:00,CHDN
227.16,227.16,227.16,227.16,100,2022-03-23 18:52:00,CHDN
227.0426,227.0426,227.0426,227.0426,100,2022-03-23 18:53:00,CHDN
227.11,227.11,227.11,227.11,100,2022-03-23 18:56:00,CHDN
227.14,227.14,227.14,227.14,100,2022-03-23 18:59:00,CHDN
227.24,228.0,227.21,227.63,600,2022-03-23 19:02:00,CHDN
227.51,227.54,227.51,227.54,600,2022-03-23 19:05:00,CHDN
227.39,227.39,227.27,227.27,400,2022-03-23 19:09:00,CHDN
227.0,227.02,227.0,227.02,500,2022-03-23 19:15:00,CHDN
227.17,227.17,227.17,227.17,100,2022-03-23 19:17:00,CHDN
227.29,227.29,227.29,227.29,100,2022-03-23 19:20:00,CHDN
227.555,227.555,227.555,227.555,100,2022-03-23 19:24:00,CHDN
227.52,227.66,227.22,227.66,500,2022-03-23 19:25:00,CHDN
227.5001,227.5001,227.5001,227.5001,100,2022-03-23 19:26:00,CHDN
227.94,227.98,227.94,227.98,300,2022-03-23 19:29:00,CHDN
227.73,227.73,227.73,227.73,100,2022-03-23 19:30:00,CHDN
228.095,228.095,228.095,228.095,100,2022-03-23 19:31:00,CHDN
228.0,228.0,227.85,227.85,200,2022-03-23 19:32:00,CHDN
228.0,228.0,227.96,227.96,200,2022-03-23 19:33:00,CHDN
227.74,227.74,227.74,227.74,100,2022-03-23 19:34:00,CHDN
227.615,227.615,227.615,227.615,200,2022-03-23 19:36:00,CHDN
227.73,227.97,227.73,227.87,500,2022-03-23 19:38:00,CHDN
227.74,227.74,227.74,227.74,100,2022-03-23 19:39:00,CHDN
227.82,227.82,227.82,227.82,100,2022-03-23 19:41:00,CHDN
227.21,227.8,227.21,227.8,200,2022-03-23 19:42:00,CHDN
228.0,228.03,228.0,228.03,300,2022-03-23 19:44:00,CHDN
228.0,228.125,228.0,228.125,500,2022-03-23 19:45:00,CHDN
228.1,228.1,228.01,228.01,200,2022-03-23 19:46:00,CHDN
228.0,228.0,227.74,227.74,700,2022-03-23 19:48:00,CHDN
227.61,227.71,227.47,227.47,900,2022-03-23 19:49:00,CHDN
227.2,227.23,227.061,227.23,400,2022-03-23 19:50:00,CHDN
226.95,226.95,226.95,226.95,100,2022-03-23 19:51:00,CHDN
227.12,227.21,227.12,227.13,900,2022-03-23 19:52:00,CHDN
227.09,227.1,227.09,227.1,200,2022-03-23 19:53:00,CHDN
226.94,227.34,226.94,227.34,1401,2022-03-23 19:54:00,CHDN
227.21,227.41,227.21,227.29,1023,2022-03-23 19:55:00,CHDN
227.4,227.575,227.4,227.5,800,2022-03-23 19:56:00,CHDN
227.34,227.48,227.23,227.47,1250,2022-03-23 19:57:00,CHDN
227.45,227.45,227.09,227.14,1122,2022-03-23 19:58:00,CHDN
227.15,227.5,227.13,227.23,1767,2022-03-23 19:59:00,CHDN
227.02,227.02,227.02,227.02,21262,2022-03-23 20:00:00,CHDN
227.66,227.66,227.66,227.66,792,2022-03-24 13:30:00,CHDN
224.71,224.71,224.71,224.71,200,2022-03-24 13:36:00,CHDN
224.26,224.26,224.0106,224.0106,200,2022-03-24 13:49:00,CHDN
225.03,225.81,225.03,225.415,600,2022-03-24 13:52:00,CHDN
226.5,226.5,226.5,226.5,100,2022-03-24 14:01:00,CHDN
225.91,225.91,225.91,225.91,200,2022-03-24 14:03:00,CHDN
224.33,224.33,224.33,224.33,597,2022-03-24 14:17:00,CHDN
224.26,224.26,224.26,224.26,100,2022-03-24 14:26:00,CHDN
224.44,224.44,224.44,224.44,100,2022-03-24 14:29:00,CHDN
224.44,224.44,224.44,224.44,100,2022-03-24 14:41:00,CHDN
224.2322,224.2322,224.2322,224.2322,300,2022-03-24 14:57:00,CHDN
224.285,224.285,224.285,224.285,100,2022-03-24 14:58:00,CHDN
224.9,224.95,224.88,224.88,400,2022-03-24 15:01:00,CHDN
224.24,224.44,224.17,224.42,472,2022-03-24 15:04:00,CHDN
224.35,224.35,224.315,224.32,300,2022-03-24 15:05:00,CHDN
224.385,224.385,224.385,224.385,300,2022-03-24 15:06:00,CHDN
224.385,224.385,224.37,224.37,200,2022-03-24 15:07:00,CHDN
224.64,224.64,224.14,224.14,200,2022-03-24 15:08:00,CHDN
224.27,224.27,224.27,224.27,100,2022-03-24 15:14:00,CHDN
224.05,224.05,224.05,224.05,100,2022-03-24 15:18:00,CHDN
224.29,224.36,224.29,224.36,300,2022-03-24 15:20:00,CHDN
225.17,225.24,225.17,225.24,200,2022-03-24 15:34:00,CHDN
225.02,225.02,225.02,225.02,100,2022-03-24 15:35:00,CHDN
225.38,225.52,225.38,225.52,300,2022-03-24 15:41:00,CHDN
225.57,225.59,225.57,225.59,200,2022-03-24 15:42:00,CHDN
226.15,226.15,226.15,226.15,100,2022-03-24 15:44:00,CHDN
225.71,225.71,225.71,225.71,100,2022-03-24 15:45:00,CHDN
226.78,226.78,226.57,226.57,200,2022-03-24 15:46:00,CHDN
226.46,226.46,226.46,226.46,100,2022-03-24 15:48:00,CHDN
225.63,225.63,225.63,225.63,100,2022-03-24 15:50:00,CHDN
225.3,225.42,225.18,225.18,300,2022-03-24 16:03:00,CHDN
225.68,225.69,225.56,225.56,400,2022-03-24 16:05:00,CHDN
225.74,225.74,225.4487,225.4487,200,2022-03-24 16:06:00,CHDN
225.92,225.92,225.92,225.92,100,2022-03-24 16:08:00,CHDN
225.635,225.635,225.635,225.635,400,2022-03-24 16:13:00,CHDN
225.98,225.98,225.89,225.89,300,2022-03-24 16:14:00,CHDN
225.98,225.98,225.98,225.98,100,2022-03-24 16:15:00,CHDN
225.83,226.37,225.83,225.95,1594,2022-03-24 16:16:00,CHDN
225.61,225.73,225.61,225.73,1326,2022-03-24 16:17:00,CHDN
226.06,226.22,226.06,226.22,400,2022-03-24 16:19:00,CHDN
226.09,226.09,226.09,226.09,100,2022-03-24 16:24:00,CHDN
226.0644,226.0644,226.0644,226.0644,230,2022-03-24 16:25:00,CHDN
226.25,226.29,226.25,226.29,900,2022-03-24 16:27:00,CHDN
226.5,226.51,226.49,226.49,300,2022-03-24 16:29:00,CHDN
226.51,226.79,226.51,226.79,955,2022-03-24 16:30:00,CHDN
227.22,227.33,227.22,227.33,200,2022-03-24 16:37:00,CHDN
227.33,227.33,227.26,227.26,300,2022-03-24 16:49:00,CHDN
227.28,227.28,226.97,226.97,200,2022-03-24 16:50:00,CHDN
227.24,227.48,227.24,227.48,300,2022-03-24 16:58:00,CHDN
227.805,227.805,227.805,227.805,100,2022-03-24 17:00:00,CHDN
227.76,227.76,227.76,227.76,100,2022-03-24 17:03:00,CHDN
227.6,227.715,227.6,227.715,200,2022-03-24 17:04:00,CHDN
227.53,227.755,227.39,227.39,300,2022-03-24 17:05:00,CHDN
227.66,227.8,227.66,227.8,200,2022-03-24 17:15:00,CHDN
228.096,228.096,228.0,228.0,294,2022-03-24 17:16:00,CHDN
228.11,228.2299,228.0,228.01,400,2022-03-24 17:18:00,CHDN
227.86,227.86,227.73,227.73,200,2022-03-24 17:21:00,CHDN
227.87,227.87,227.87,227.87,100,2022-03-24 17:22:00,CHDN
227.91,228.0,227.91,228.0,200,2022-03-24 17:31:00,CHDN
227.69,227.69,227.69,227.69,100,2022-03-24 17:32:00,CHDN
227.49,227.54,227.45,227.54,400,2022-03-24 17:38:00,CHDN
227.21,227.21,227.21,227.21,100,2022-03-24 17:39:00,CHDN
227.19,227.19,227.19,227.19,100,2022-03-24 18:08:00,CHDN
226.35,226.35,226.35,226.35,100,2022-03-24 18:12:00,CHDN
227.02,227.02,227.02,227.02,300,2022-03-24 18:17:00,CHDN
226.94,226.94,226.91,226.91,300,2022-03-24 18:21:00,CHDN
226.545,226.545,226.545,226.545,100,2022-03-24 18:26:00,CHDN
226.85,226.85,226.85,226.85,100,2022-03-24 18:29:00,CHDN
226.57,227.02,226.57,227.02,400,2022-03-24 18:38:00,CHDN
227.33,227.935,227.28,227.935,830,2022-03-24 18:51:00,CHDN
227.57,227.57,227.57,227.57,100,2022-03-24 18:52:00,CHDN
227.47,227.47,227.47,227.47,100,2022-03-24 18:59:00,CHDN
227.435,227.435,227.435,227.435,100,2022-03-24 19:00:00,CHDN
227.405,227.49,227.405,227.49,200,2022-03-24 19:02:00,CHDN
227.62,228.115,227.62,228.115,520,2022-03-24 19:07:00,CHDN
228.15,228.15,228.0,228.15,300,2022-03-24 19:10:00,CHDN
228.085,228.085,228.085,228.085,100,2022-03-24 19:15:00,CHDN
228.175,228.175,227.9,227.9,1100,2022-03-24 19:17:00,CHDN
227.905,227.915,227.905,227.915,200,2022-03-24 19:20:00,CHDN
227.7,227.7,227.7,227.7,100,2022-03-24 19:26:00,CHDN
227.72,227.72,227.6,227.6,210,2022-03-24 19:27:00,CHDN
227.67,227.67,227.67,227.67,100,2022-03-24 19:28:00,CHDN
227.65,227.7,227.53,227.53,400,2022-03-24 19:30:00,CHDN
227.4175,227.4175,227.4175,227.4175,100,2022-03-24 19:32:00,CHDN
227.615,227.76,227.615,227.76,500,2022-03-24 19:33:00,CHDN
227.725,227.725,227.67,227.67,200,2022-03-24 19:35:00,CHDN
227.475,227.475,227.475,227.475,100,2022-03-24 19:41:00,CHDN
227.36,227.36,227.36,227.36,100,2022-03-24 19:43:00,CHDN
227.35,227.35,227.35,227.35,100,2022-03-24 19:44:00,CHDN
227.62,227.62,227.62,227.62,100,2022-03-24 19:45:00,CHDN
227.35,227.35,227.35,227.35,100,2022-03-24 19:47:00,CHDN
227.18,227.18,227.18,227.18,139,2022-03-24 19:49:00,CHDN
227.28,227.28,227.28,227.28,100,2022-03-24 19:50:00,CHDN
227.53,227.53,227.53,227.53,100,2022-03-24 19:51:00,CHDN
227.5,227.5,227.5,227.5,100,2022-03-24 19:52:00,CHDN
227.5,227.5,227.48,227.48,200,2022-03-24 19:53:00,CHDN
227.55,227.55,227.415,227.415,241,2022-03-24 19:54:00,CHDN
227.58,227.58,227.58,227.58,100,2022-03-24 19:55:00,CHDN
227.68,227.68,227.49,227.52,426,2022-03-24 19:56:00,CHDN
227.54,227.75,227.53,227.75,425,2022-03-24 19:57:00,CHDN
227.79,227.79,227.67,227.76,510,2022-03-24 19:58:00,CHDN
227.82,228.16,227.82,228.01,1760,2022-03-24 19:59:00,CHDN
228.01,228.01,228.01,228.01,13201,2022-03-24 20:00:00,CHDN
228.01,228.01,228.01,228.01,166,2022-03-24 20:01:00,CHDN
228.81,228.81,228.81,228.81,530,2022-03-25 13:30:00,CHDN
226.74,226.74,226.74,226.74,100,2022-03-25 13:32:00,CHDN
228.865,228.865,228.865,228.865,100,2022-03-25 13:33:00,CHDN
226.58,226.58,226.58,226.58,100,2022-03-25 13:34:00,CHDN
226.76,226.76,226.76,226.76,100,2022-03-25 13:44:00,CHDN
227.83,227.83,227.83,227.83,100,2022-03-25 13:46:00,CHDN
228.33,228.33,228.33,228.33,164,2022-03-25 13:47:00,CHDN
227.72,227.72,226.42,226.42,300,2022-03-25 13:48:00,CHDN
227.815,227.935,227.815,227.935,200,2022-03-25 13:50:00,CHDN
226.48,226.48,226.48,226.48,100,2022-03-25 13:56:00,CHDN
225.99,226.02,225.94,225.94,399,2022-03-25 13:57:00,CHDN
226.14,226.14,226.14,226.14,130,2022-03-25 13:59:00,CHDN
226.62,226.62,225.92,225.92,200,2022-03-25 14:00:00,CHDN
225.64,225.65,225.61,225.61,400,2022-03-25 14:01:00,CHDN
226.57,226.57,226.57,226.57,100,2022-03-25 14:06:00,CHDN
224.994,224.994,224.994,224.994,175,2022-03-25 14:11:00,CHDN
225.695,225.695,225.695,225.695,100,2022-03-25 14:13:00,CHDN
225.7,225.7,225.7,225.7,100,2022-03-25 14:15:00,CHDN
226.64,226.64,226.64,226.64,100,2022-03-25 14:21:00,CHDN
226.8,226.8,226.8,226.8,100,2022-03-25 14:24:00,CHDN
226.59,226.59,226.59,226.59,100,2022-03-25 14:25:00,CHDN
226.09,226.09,226.09,226.09,100,2022-03-25 14:26:00,CHDN
226.165,226.165,226.165,226.165,100,2022-03-25 14:27:00,CHDN
225.81,226.01,225.81,226.01,300,2022-03-25 14:29:00,CHDN
225.62,225.62,225.62,225.62,100,2022-03-25 14:30:00,CHDN
225.86,225.86,225.86,225.86,100,2022-03-25 14:31:00,CHDN
225.89,225.89,225.86,225.86,200,2022-03-25 14:32:00,CHDN
226.535,226.535,226.535,226.535,100,2022-03-25 14:35:00,CHDN
226.54,226.54,226.54,226.54,105,2022-03-25 14:36:00,CHDN
226.28,226.415,226.28,226.415,200,2022-03-25 14:37:00,CHDN
226.64,226.64,226.44,226.44,300,2022-03-25 14:38:00,CHDN
226.54,226.54,226.54,226.54,100,2022-03-25 14:41:00,CHDN
226.59,226.66,226.37,226.51,600,2022-03-25 14:42:00,CHDN
226.155,226.155,226.155,226.155,100,2022-03-25 14:43:00,CHDN
226.5,226.5,226.5,226.5,100,2022-03-25 14:47:00,CHDN
226.37,226.47,226.115,226.115,1400,2022-03-25 14:48:00,CHDN
226.03,226.05,226.03,226.05,200,2022-03-25 14:51:00,CHDN
226.11,226.11,225.88,225.88,300,2022-03-25 14:52:00,CHDN
225.825,225.91,225.825,225.91,300,2022-03-25 14:55:00,CHDN
225.83,225.89,225.83,225.89,400,2022-03-25 14:57:00,CHDN
225.42,225.42,225.42,225.42,100,2022-03-25 15:05:00,CHDN
225.6,225.6,225.425,225.425,470,2022-03-25 15:06:00,CHDN
225.6,225.61,225.6,225.61,214,2022-03-25 15:07:00,CHDN
225.41,225.5238,225.41,225.5238,299,2022-03-25 15:08:00,CHDN
224.73,224.73,224.73,224.73,100,2022-03-25 15:10:00,CHDN
224.66,224.66,224.66,224.66,100,2022-03-25 15:12:00,CHDN
224.65,224.66,224.4975,224.5175,700,2022-03-25 15:15:00,CHDN
224.46,224.47,224.34,224.34,899,2022-03-25 15:17:00,CHDN
223.58,223.58,223.39,223.39,400,2022-03-25 15:21:00,CHDN
223.16,223.25,223.16,223.17,300,2022-03-25 15:25:00,CHDN
223.135,223.135,223.135,223.135,400,2022-03-25 15:29:00,CHDN
222.58,222.96,222.58,222.958,1200,2022-03-25 15:33:00,CHDN
223.05,223.15,222.97,223.15,672,2022-03-25 15:34:00,CHDN
223.595,223.595,223.595,223.595,111,2022-03-25 15:39:00,CHDN
224.45,224.45,224.45,224.45,100,2022-03-25 15:43:00,CHDN
224.54,224.595,224.25,224.255,500,2022-03-25 15:45:00,CHDN
223.78,223.78,223.78,223.78,100,2022-03-25 16:02:00,CHDN
223.89,223.89,223.89,223.89,100,2022-03-25 16:04:00,CHDN
223.91,223.98,223.91,223.92,800,2022-03-25 16:05:00,CHDN
223.99,223.99,223.99,223.99,100,2022-03-25 16:11:00,CHDN
224.0,224.44,223.72,224.44,702,2022-03-25 16:18:00,CHDN
224.27,224.27,224.27,224.27,100,2022-03-25 16:25:00,CHDN
224.205,224.205,224.205,224.205,200,2022-03-25 16:27:00,CHDN
223.74,223.96,223.74,223.96,300,2022-03-25 16:40:00,CHDN
223.94,223.94,223.94,223.94,100,2022-03-25 16:41:00,CHDN
224.03,224.03,224.03,224.03,100,2022-03-25 16:46:00,CHDN
224.63,224.63,224.63,224.63,100,2022-03-25 16:51:00,CHDN
224.0,224.02,224.0,224.0,996,2022-03-25 16:53:00,CHDN
224.3,224.31,224.29,224.31,400,2022-03-25 16:54:00,CHDN
224.71,224.71,224.71,224.71,100,2022-03-25 17:01:00,CHDN
224.6,224.6,224.6,224.6,200,2022-03-25 17:02:00,CHDN
224.53,224.53,224.24,224.24,900,2022-03-25 17:11:00,CHDN
224.03,224.03,223.98,223.99,600,2022-03-25 17:12:00,CHDN
224.825,224.825,224.825,224.825,100,2022-03-25 17:19:00,CHDN
224.835,224.85,224.57,224.57,600,2022-03-25 17:20:00,CHDN
224.61,224.61,224.61,224.61,100,2022-03-25 17:27:00,CHDN
224.19,224.19,224.19,224.19,100,2022-03-25 17:38:00,CHDN
223.94,223.94,223.94,223.94,100,2022-03-25 17:42:00,CHDN
224.4,224.4,224.4,224.4,100,2022-03-25 17:43:00,CHDN
224.1,224.1,224.0,224.0,1058,2022-03-25 17:46:00,CHDN
224.08,224.08,224.06,224.06,200,2022-03-25 18:04:00,CHDN
223.93,223.93,223.93,223.93,100,2022-03-25 18:06:00,CHDN
223.83,223.83,223.83,223.83,256,2022-03-25 18:08:00,CHDN
223.8,223.81,223.8,223.81,200,2022-03-25 18:20:00,CHDN
224.165,224.165,224.165,224.165,100,2022-03-25 18:26:00,CHDN
224.24,224.24,224.24,224.24,100,2022-03-25 18:31:00,CHDN
223.84,223.84,223.595,223.69,300,2022-03-25 18:42:00,CHDN
223.99,223.99,223.34,223.34,200,2022-03-25 18:43:00,CHDN
223.68,224.27,223.64,224.03,1000,2022-03-25 18:52:00,CHDN
223.86,223.86,223.86,223.86,100,2022-03-25 18:57:00,CHDN
223.82,223.82,223.82,223.82,100,2022-03-25 18:59:00,CHDN
224.01,224.01,224.01,224.01,100,2022-03-25 19:00:00,CHDN
223.81,223.81,223.77,223.77,300,2022-03-25 19:02:00,CHDN
223.53,223.61,223.52,223.52,400,2022-03-25 19:07:00,CHDN
223.65,223.65,223.63,223.63,300,2022-03-25 19:08:00,CHDN
223.56,223.56,223.56,223.56,100,2022-03-25 19:09:00,CHDN
223.09,223.09,223.09,223.09,100,2022-03-25 19:13:00,CHDN
223.455,223.55,223.455,223.55,300,2022-03-25 19:15:00,CHDN
223.55,223.55,223.55,223.55,100,2022-03-25 19:17:00,CHDN
222.97,223.1,222.97,223.1,500,2022-03-25 19:23:00,CHDN
223.11,223.15,223.11,223.15,200,2022-03-25 19:25:00,CHDN
222.97,222.97,222.97,222.97,200,2022-03-25 19:26:00,CHDN
222.77,222.77,222.69,222.69,200,2022-03-25 19:28:00,CHDN
222.785,222.785,222.785,222.785,100,2022-03-25 19:29:00,CHDN
222.85,222.85,222.85,222.85,100,2022-03-25 19:30:00,CHDN
222.75,222.75,222.75,222.75,100,2022-03-25 19:33:00,CHDN
222.87,222.87,222.8025,222.82,300,2022-03-25 19:37:00,CHDN
222.63,222.755,222.63,222.7059,400,2022-03-25 19:38:00,CHDN
222.51,222.51,222.5,222.5,200,2022-03-25 19:39:00,CHDN
222.4,222.61,222.4,222.61,400,2022-03-25 19:40:00,CHDN
222.74,222.74,222.625,222.625,200,2022-03-25 19:42:00,CHDN
222.79,222.8,222.79,222.8,300,2022-03-25 19:43:00,CHDN
222.51,222.51,222.51,222.51,100,2022-03-25 19:44:00,CHDN
222.73,222.73,222.73,222.73,100,2022-03-25 19:47:00,CHDN
222.91,222.93,222.9,222.91,635,2022-03-25 19:49:00,CHDN
222.98,223.45,222.98,223.3,600,2022-03-25 19:50:00,CHDN
223.41,223.64,223.24,223.24,1133,2022-03-25 19:51:00,CHDN
223.62,223.91,223.56,223.91,585,2022-03-25 19:53:00,CHDN
223.61,223.86,223.61,223.62,300,2022-03-25 19:54:00,CHDN
223.61,223.66,223.61,223.62,500,2022-03-25 19:55:00,CHDN
223.56,223.69,223.56,223.69,200,2022-03-25 19:56:00,CHDN
223.71,223.76,223.51,223.58,1176,2022-03-25 19:57:00,CHDN
223.71,223.9,223.71,223.78,885,2022-03-25 19:58:00,CHDN
223.82,224.36,223.79,224.02,2800,2022-03-25 19:59:00,CHDN
224.02,224.02,224.02,224.02,13538,2022-03-25 20:00:00,CHDN
225.12,225.12,225.12,225.12,535,2022-03-28 13:30:00,CHDN
224.98,224.98,224.98,224.98,100,2022-03-28 13:40:00,CHDN
226.1682,226.1682,226.1682,226.1682,365,2022-03-28 13:48:00,CHDN
227.33,227.37,227.33,227.37,290,2022-03-28 13:56:00,CHDN
227.35,227.35,227.0,227.0,200,2022-03-28 13:57:00,CHDN
226.58,226.61,226.56,226.61,400,2022-03-28 13:58:00,CHDN
225.39,225.39,225.39,225.39,100,2022-03-28 14:00:00,CHDN
225.255,225.255,225.255,225.255,100,2022-03-28 14:01:00,CHDN
224.89,224.89,224.89,224.89,100,2022-03-28 14:05:00,CHDN
225.57,225.57,225.57,225.57,171,2022-03-28 14:07:00,CHDN
224.8224,224.8224,224.8224,224.8224,100,2022-03-28 14:09:00,CHDN
225.39,225.41,225.39,225.41,200,2022-03-28 14:13:00,CHDN
224.12,224.12,224.12,224.12,100,2022-03-28 14:16:00,CHDN
225.005,225.005,225.005,225.005,100,2022-03-28 14:17:00,CHDN
224.93,224.93,224.93,224.93,100,2022-03-28 14:20:00,CHDN
225.0,225.0,224.585,224.585,700,2022-03-28 14:23:00,CHDN
224.575,224.575,224.575,224.575,100,2022-03-28 14:26:00,CHDN
226.24,226.24,225.425,225.425,400,2022-03-28 14:31:00,CHDN
225.72,225.72,225.72,225.72,100,2022-03-28 14:41:00,CHDN
226.14,226.555,226.14,226.555,300,2022-03-28 14:43:00,CHDN
226.615,226.615,226.615,226.615,100,2022-03-28 14:44:00,CHDN
226.615,226.615,226.5,226.5,200,2022-03-28 14:47:00,CHDN
226.2783,226.2783,226.1901,226.1901,200,2022-03-28 14:50:00,CHDN
226.19,226.81,226.19,226.545,787,2022-03-28 14:52:00,CHDN
227.02,227.02,227.02,227.02,100,2022-03-28 14:56:00,CHDN
226.925,226.925,226.925,226.925,100,2022-03-28 14:57:00,CHDN
226.9,226.9,226.9,226.9,100,2022-03-28 15:00:00,CHDN
226.775,226.775,226.775,226.775,100,2022-03-28 15:01:00,CHDN
226.36,226.49,226.36,226.38,400,2022-03-28 15:02:00,CHDN
226.395,226.395,226.395,226.395,100,2022-03-28 15:03:00,CHDN
226.1525,226.1525,226.1525,226.1525,100,2022-03-28 15:13:00,CHDN
226.37,226.505,226.15,226.15,400,2022-03-28 15:14:00,CHDN
225.965,225.965,225.965,225.965,100,2022-03-28 15:17:00,CHDN
225.63,225.63,225.56,225.56,300,2022-03-28 15:25:00,CHDN
225.79,225.83,225.375,225.375,700,2022-03-28 15:28:00,CHDN
225.78,225.78,225.28,225.28,347,2022-03-28 15:30:00,CHDN
224.86,224.86,224.67,224.67,400,2022-03-28 15:32:00,CHDN
224.35,224.355,224.07,224.12,700,2022-03-28 15:36:00,CHDN
224.4,224.4,224.4,224.4,100,2022-03-28 15:38:00,CHDN
224.45,224.45,224.45,224.45,100,2022-03-28 15:41:00,CHDN
224.54,224.54,224.54,224.54,100,2022-03-28 15:44:00,CHDN
224.43,224.43,223.745,224.11,1191,2022-03-28 15:45:00,CHDN
224.01,224.01,223.2788,223.665,783,2022-03-28 15:48:00,CHDN
223.705,223.705,223.285,223.285,400,2022-03-28 15:49:00,CHDN
223.42,223.53,223.42,223.53,300,2022-03-28 15:50:00,CHDN
223.47,223.47,223.47,223.47,100,2022-03-28 15:51:00,CHDN
223.17,223.17,223.17,223.17,100,2022-03-28 15:54:00,CHDN
222.79,223.23,222.7,223.23,600,2022-03-28 15:55:00,CHDN
222.77,222.77,222.77,222.77,100,2022-03-28 15:57:00,CHDN
222.98,222.98,222.98,222.98,100,2022-03-28 15:58:00,CHDN
223.18,223.18,223.18,223.18,100,2022-03-28 16:01:00,CHDN
223.07,223.135,223.07,223.135,200,2022-03-28 16:03:00,CHDN
223.34,223.34,223.29,223.29,200,2022-03-28 16:04:00,CHDN
223.23,223.23,222.695,222.695,400,2022-03-28 16:05:00,CHDN
222.67,222.67,222.53,222.53,200,2022-03-28 16:08:00,CHDN
222.245,222.245,222.245,222.245,100,2022-03-28 16:10:00,CHDN
221.765,221.765,221.765,221.765,100,2022-03-28 16:17:00,CHDN
221.44,221.48,221.25,221.48,500,2022-03-28 16:19:00,CHDN
221.365,221.365,221.365,221.365,100,2022-03-28 16:20:00,CHDN
221.635,221.635,221.635,221.635,100,2022-03-28 16:23:00,CHDN
222.555,222.555,222.555,222.555,100,2022-03-28 16:24:00,CHDN
222.18,222.18,222.18,222.18,100,2022-03-28 16:29:00,CHDN
222.11,222.11,222.11,222.11,100,2022-03-28 16:30:00,CHDN
222.35,222.35,222.35,222.35,100,2022-03-28 16:31:00,CHDN
222.06,222.06,222.06,222.06,100,2022-03-28 16:36:00,CHDN
222.035,222.035,222.035,222.035,100,2022-03-28 16:39:00,CHDN
221.93,221.93,221.93,221.93,100,2022-03-28 16:42:00,CHDN
222.0275,222.03,221.595,221.595,1702,2022-03-28 16:44:00,CHDN
221.175,221.175,221.175,221.175,100,2022-03-28 16:46:00,CHDN
221.15,221.15,221.15,221.15,100,2022-03-28 16:53:00,CHDN
221.16,221.21,221.13,221.21,400,2022-03-28 16:54:00,CHDN
221.44,221.44,221.44,221.44,100,2022-03-28 16:55:00,CHDN
221.44,221.65,221.44,221.65,600,2022-03-28 17:00:00,CHDN
221.55,221.55,221.5,221.51,500,2022-03-28 17:03:00,CHDN
221.42,221.42,221.42,221.42,100,2022-03-28 17:04:00,CHDN
221.21,221.21,221.21,221.21,100,2022-03-28 17:08:00,CHDN
220.82,220.85,220.82,220.85,300,2022-03-28 17:13:00,CHDN
221.36,221.42,221.315,221.405,400,2022-03-28 17:23:00,CHDN
221.71,221.71,221.71,221.71,100,2022-03-28 17:24:00,CHDN
222.27,222.34,222.1,222.34,600,2022-03-28 17:27:00,CHDN
222.35,222.35,222.35,222.35,100,2022-03-28 17:28:00,CHDN
222.51,222.51,222.51,222.51,100,2022-03-28 17:30:00,CHDN
222.47,222.475,222.37,222.37,300,2022-03-28 17:33:00,CHDN
222.55,222.69,222.41,222.46,800,2022-03-28 17:35:00,CHDN
222.52,222.52,222.52,222.52,200,2022-03-28 17:37:00,CHDN
222.1152,222.1152,222.1152,222.1152,299,2022-03-28 17:39:00,CHDN
222.485,222.485,222.485,222.485,100,2022-03-28 17:41:00,CHDN
222.3747,222.3747,222.3747,222.3747,120,2022-03-28 17:48:00,CHDN
222.35,222.35,222.185,222.185,300,2022-03-28 17:49:00,CHDN
222.07,222.07,221.87,221.87,300,2022-03-28 17:50:00,CHDN
222.04,222.12,222.04,222.06,600,2022-03-28 17:54:00,CHDN
222.18,222.18,222.18,222.18,200,2022-03-28 17:55:00,CHDN
222.17,222.17,222.17,222.17,100,2022-03-28 17:57:00,CHDN
222.145,222.145,222.145,222.145,100,2022-03-28 18:00:00,CHDN
222.21,222.21,222.1225,222.1225,300,2022-03-28 18:02:00,CHDN
222.035,222.035,222.035,222.035,100,2022-03-28 18:06:00,CHDN
222.04,222.04,222.04,222.04,100,2022-03-28 18:08:00,CHDN
221.46,221.46,221.46,221.46,100,2022-03-28 18:11:00,CHDN
221.55,221.58,221.55,221.58,244,2022-03-28 18:13:00,CHDN
221.42,221.42,221.42,221.42,200,2022-03-28 18:18:00,CHDN
221.47,221.47,221.47,221.47,100,2022-03-28 18:24:00,CHDN
221.49,221.49,221.125,221.44,500,2022-03-28 18:26:00,CHDN
221.59,221.915,221.59,221.915,300,2022-03-28 18:27:00,CHDN
221.925,221.925,221.925,221.925,100,2022-03-28 18:30:00,CHDN
221.73,221.73,221.68,221.68,200,2022-03-28 18:31:00,CHDN
221.55,221.55,221.55,221.55,100,2022-03-28 18:35:00,CHDN
221.4781,221.4781,221.35,221.35,1000,2022-03-28 18:37:00,CHDN
221.58,221.58,221.58,221.58,100,2022-03-28 18:39:00,CHDN
221.4,221.4,221.4,221.4,200,2022-03-28 18:44:00,CHDN
221.3,221.3,221.3,221.3,100,2022-03-28 18:46:00,CHDN
221.32,221.32,221.32,221.32,100,2022-03-28 18:49:00,CHDN
221.31,221.445,221.31,221.445,200,2022-03-28 18:50:00,CHDN
221.87,222.46,221.87,222.46,300,2022-03-28 18:52:00,CHDN
222.32,222.32,222.32,222.32,100,2022-03-28 18:54:00,CHDN
222.41,222.41,222.41,222.41,200,2022-03-28 18:57:00,CHDN
222.42,222.42,222.21,222.21,609,2022-03-28 18:59:00,CHDN
222.32,222.32,222.03,222.03,200,2022-03-28 19:00:00,CHDN
222.28,222.28,222.05,222.05,300,2022-03-28 19:03:00,CHDN
222.07,222.12,222.02,222.12,602,2022-03-28 19:07:00,CHDN
222.07,222.07,222.07,222.07,100,2022-03-28 19:08:00,CHDN
222.02,222.02,222.02,222.02,100,2022-03-28 19:09:00,CHDN
222.015,222.18,222.015,222.18,715,2022-03-28 19:10:00,CHDN
221.92,221.92,221.92,221.92,156,2022-03-28 19:13:00,CHDN
222.0,222.0,221.6,221.6,200,2022-03-28 19:15:00,CHDN
221.79,221.79,221.79,221.79,100,2022-03-28 19:16:00,CHDN
221.79,221.79,221.77,221.77,200,2022-03-28 19:19:00,CHDN
221.46,221.7,221.46,221.7,200,2022-03-28 19:20:00,CHDN
221.89,222.17,221.89,222.17,400,2022-03-28 19:21:00,CHDN
221.95,221.95,221.95,221.95,100,2022-03-28 19:22:00,CHDN
221.92,221.92,221.92,221.92,100,2022-03-28 19:23:00,CHDN
222.12,222.12,222.12,222.12,100,2022-03-28 19:25:00,CHDN
222.12,222.12,222.09,222.09,200,2022-03-28 19:26:00,CHDN
221.99,221.99,221.98,221.98,300,2022-03-28 19:27:00,CHDN
222.16,222.16,222.16,222.16,100,2022-03-28 19:31:00,CHDN
222.105,222.18,222.02,222.18,4900,2022-03-28 19:32:00,CHDN
222.03,222.03,222.02,222.02,200,2022-03-28 19:38:00,CHDN
221.63,221.65,221.53,221.53,300,2022-03-28 19:39:00,CHDN
221.39,221.39,221.39,221.39,100,2022-03-28 19:44:00,CHDN
221.59,221.75,221.59,221.75,300,2022-03-28 19:45:00,CHDN
221.63,221.63,221.55,221.55,300,2022-03-28 19:46:00,CHDN
221.725,221.82,221.725,221.82,300,2022-03-28 19:47:00,CHDN
221.79,221.81,221.79,221.8,300,2022-03-28 19:48:00,CHDN
221.78,221.895,221.78,221.895,300,2022-03-28 19:49:00,CHDN
222.15,222.15,221.47,221.47,600,2022-03-28 19:50:00,CHDN
221.655,221.655,221.655,221.655,100,2022-03-28 19:51:00,CHDN
221.82,221.82,221.39,221.39,523,2022-03-28 19:52:00,CHDN
221.41,221.41,221.37,221.39,500,2022-03-28 19:53:00,CHDN
221.79,222.53,221.37,221.37,6200,2022-03-28 19:54:00,CHDN
221.43,221.69,221.43,221.69,1425,2022-03-28 19:55:00,CHDN
221.87,222.08,221.85,222.02,1300,2022-03-28 19:56:00,CHDN
221.92,222.58,221.92,222.55,2436,2022-03-28 19:57:00,CHDN
222.43,222.65,222.38,222.58,2814,2022-03-28 19:58:00,CHDN
222.58,223.2,222.58,222.83,4947,2022-03-28 19:59:00,CHDN
223.03,223.03,223.03,223.03,43597,2022-03-28 20:00:00,CHDN
223.03,223.03,223.03,223.03,32741,2022-03-28 20:01:00,CHDN
226.69,226.69,226.69,226.69,852,2022-03-29 13:30:00,CHDN
227.45,227.45,226.87,226.87,200,2022-03-29 13:31:00,CHDN
229.25,229.25,228.0,229.18,351,2022-03-29 13:32:00,CHDN
229.87,229.87,228.7401,229.45,1700,2022-03-29 13:37:00,CHDN
229.475,230.0,229.475,229.7375,1400,2022-03-29 13:38:00,CHDN
230.0,230.0,229.28,229.28,700,2022-03-29 13:39:00,CHDN
229.75,229.75,229.5,229.5,633,2022-03-29 13:40:00,CHDN
229.01,229.01,229.01,229.01,100,2022-03-29 13:41:00,CHDN
229.7775,229.7775,229.56,229.56,725,2022-03-29 13:43:00,CHDN
230.0,230.0,229.5459,229.98,1320,2022-03-29 13:44:00,CHDN
229.72,229.99,229.585,229.72,1700,2022-03-29 13:45:00,CHDN
229.59,229.6,229.59,229.6,300,2022-03-29 13:46:00,CHDN
229.23,229.24,229.23,229.23,300,2022-03-29 13:48:00,CHDN
228.54,228.54,228.54,228.54,100,2022-03-29 13:50:00,CHDN
228.355,228.355,228.355,228.355,100,2022-03-29 13:51:00,CHDN
228.755,228.755,228.755,228.755,100,2022-03-29 13:52:00,CHDN
228.46,228.46,228.155,228.155,200,2022-03-29 13:54:00,CHDN
228.155,228.75,228.155,228.475,1124,2022-03-29 13:56:00,CHDN
228.615,228.615,228.615,228.615,306,2022-03-29 13:57:00,CHDN
228.21,228.21,228.0,228.0,1100,2022-03-29 13:58:00,CHDN
228.09,228.2,227.7601,227.7601,300,2022-03-29 13:59:00,CHDN
228.095,228.095,228.0,228.03,399,2022-03-29 14:10:00,CHDN
228.03,228.03,227.87,227.87,300,2022-03-29 14:11:00,CHDN
227.71,227.71,227.71,227.71,100,2022-03-29 14:12:00,CHDN
228.0,228.0,228.0,228.0,100,2022-03-29 14:13:00,CHDN
228.0,228.0,228.0,228.0,100,2022-03-29 14:14:00,CHDN
228.0,228.0,228.0,228.0,200,2022-03-29 14:20:00,CHDN
228.0,228.0,228.0,228.0,100,2022-03-29 14:21:00,CHDN
228.0,228.0,227.99,228.0,1100,2022-03-29 14:22:00,CHDN
227.83,227.83,227.83,227.83,100,2022-03-29 14:23:00,CHDN
228.0,228.0,227.77,228.0,2000,2022-03-29 14:24:00,CHDN
227.99,228.0,227.99,228.0,200,2022-03-29 14:25:00,CHDN
228.0,228.13,228.0,228.13,2000,2022-03-29 14:26:00,CHDN
227.99,228.0,227.81,227.81,700,2022-03-29 14:27:00,CHDN
228.0,228.255,227.97,228.13,1000,2022-03-29 14:28:00,CHDN
228.0,228.06,228.0,228.025,1200,2022-03-29 14:29:00,CHDN
228.05,228.05,228.04,228.05,800,2022-03-29 14:30:00,CHDN
228.05,228.0933,227.94,228.0933,1744,2022-03-29 14:31:00,CHDN
228.0,228.0,228.0,228.0,100,2022-03-29 14:32:00,CHDN
228.0,228.0,227.99,228.0,878,2022-03-29 14:33:00,CHDN
228.0,228.02,227.985,228.02,3000,2022-03-29 14:34:00,CHDN
228.34,228.34,228.34,228.34,100,2022-03-29 14:35:00,CHDN
228.17,228.17,227.9,227.93,1200,2022-03-29 14:36:00,CHDN
228.0,228.11,227.99,228.01,1100,2022-03-29 14:37:00,CHDN
227.26,227.57,227.26,227.26,500,2022-03-29 14:38:00,CHDN
228.0,228.0,228.0,228.0,100,2022-03-29 14:46:00,CHDN
228.0,228.0,227.79,227.79,400,2022-03-29 14:48:00,CHDN
227.74,227.74,227.6,227.6,200,2022-03-29 14:49:00,CHDN
227.94,228.0,227.94,228.0,600,2022-03-29 14:50:00,CHDN
228.01,228.03,228.0,228.0,500,2022-03-29 14:51:00,CHDN
227.82,227.82,227.82,227.82,100,2022-03-29 14:52:00,CHDN
227.51,227.51,226.85,226.85,200,2022-03-29 15:13:00,CHDN
226.87,226.87,226.43,226.62,600,2022-03-29 15:22:00,CHDN
227.16,227.16,227.16,227.16,100,2022-03-29 15:30:00,CHDN
227.34,227.34,227.34,227.34,100,2022-03-29 15:31:00,CHDN
227.37,227.38,227.37,227.38,263,2022-03-29 15:35:00,CHDN
227.3,227.93,227.3,227.93,300,2022-03-29 15:36:00,CHDN
228.0,228.0,228.0,228.0,300,2022-03-29 15:43:00,CHDN
227.99,227.99,227.99,227.99,100,2022-03-29 15:45:00,CHDN
227.78,227.78,227.78,227.78,100,2022-03-29 15:46:00,CHDN
227.96,228.0,227.96,228.0,700,2022-03-29 15:49:00,CHDN
227.73,227.73,227.58,227.58,200,2022-03-29 15:51:00,CHDN
227.54,227.79,227.54,227.79,6799,2022-03-29 16:00:00,CHDN
227.81,228.185,227.81,228.005,2200,2022-03-29 16:01:00,CHDN
227.66,227.66,227.66,227.66,100,2022-03-29 16:02:00,CHDN
227.98,228.0,227.98,228.0,600,2022-03-29 16:04:00,CHDN
228.0,228.0,228.0,228.0,600,2022-03-29 16:05:00,CHDN
227.855,227.855,227.855,227.855,100,2022-03-29 16:06:00,CHDN
227.8,227.8,227.8,227.8,100,2022-03-29 16:07:00,CHDN
227.92,228.0,227.92,228.0,1266,2022-03-29 16:08:00,CHDN
228.0,228.0,227.89,227.89,400,2022-03-29 16:10:00,CHDN
227.98,227.98,227.98,227.98,100,2022-03-29 16:14:00,CHDN
228.0,228.0,228.0,228.0,300,2022-03-29 16:16:00,CHDN
228.0,228.0,228.0,228.0,100,2022-03-29 16:17:00,CHDN
228.0,228.695,228.0,228.105,3650,2022-03-29 16:18:00,CHDN
228.0,228.045,228.0,228.0,1492,2022-03-29 16:19:00,CHDN
228.0,228.0,228.0,228.0,100,2022-03-29 16:20:00,CHDN
227.3,227.37,227.3,227.37,500,2022-03-29 16:28:00,CHDN
227.91,227.91,227.91,227.91,100,2022-03-29 16:29:00,CHDN
227.98,227.98,227.98,227.98,100,2022-03-29 16:30:00,CHDN
227.62,227.72,227.62,227.72,200,2022-03-29 16:38:00,CHDN
227.99,227.99,227.99,227.99,100,2022-03-29 16:41:00,CHDN
228.0,228.0,227.905,227.905,500,2022-03-29 16:42:00,CHDN
227.74,227.8125,227.74,227.8125,200,2022-03-29 16:44:00,CHDN
227.99,228.0,227.99,228.0,556,2022-03-29 16:50:00,CHDN
227.78,227.78,227.78,227.78,100,2022-03-29 16:51:00,CHDN
227.8,227.8,227.8,227.8,100,2022-03-29 16:57:00,CHDN
227.75,227.75,227.75,227.75,100,2022-03-29 17:00:00,CHDN
227.655,227.655,227.62,227.62,300,2022-03-29 17:01:00,CHDN
227.91,227.91,227.91,227.91,100,2022-03-29 17:03:00,CHDN
228.0,228.0525,227.9,228.0,1200,2022-03-29 17:10:00,CHDN
228.0,228.0,228.0,228.0,200,2022-03-29 17:13:00,CHDN
227.99,227.99,227.99,227.99,100,2022-03-29 17:16:00,CHDN
228.0,228.03,227.95,227.95,1000,2022-03-29 17:17:00,CHDN
227.95,228.05,227.92,227.92,300,2022-03-29 17:19:00,CHDN
227.7835,227.7835,227.7835,227.7835,236,2022-03-29 17:22:00,CHDN
227.96,228.0,227.92,227.92,1200,2022-03-29 17:24:00,CHDN
227.88,228.2,227.88,228.145,2027,2022-03-29 17:25:00,CHDN
228.095,228.095,228.0,228.0,1173,2022-03-29 17:26:00,CHDN
227.9,228.055,227.9,227.92,1811,2022-03-29 17:27:00,CHDN
228.0,228.15,227.99,228.15,1377,2022-03-29 17:28:00,CHDN
228.285,228.285,228.14,228.14,500,2022-03-29 17:29:00,CHDN
228.135,228.135,228.03,228.09,700,2022-03-29 17:31:00,CHDN
228.18,228.18,228.0,228.0,2300,2022-03-29 17:32:00,CHDN
228.09,228.1025,228.04,228.1,2000,2022-03-29 17:33:00,CHDN
228.15,228.33,228.15,228.24,709,2022-03-29 17:34:00,CHDN
228.25,228.28,228.11,228.195,3507,2022-03-29 17:35:00,CHDN
228.17,228.17,227.81,227.89,4380,2022-03-29 17:36:00,CHDN
227.78,227.78,227.74,227.74,400,2022-03-29 17:37:00,CHDN
227.69,227.69,227.67,227.69,600,2022-03-29 17:38:00,CHDN
227.53,227.53,227.53,227.53,100,2022-03-29 17:41:00,CHDN
227.57,227.57,227.57,227.57,100,2022-03-29 17:43:00,CHDN
227.95,227.95,227.795,227.95,309,2022-03-29 17:46:00,CHDN
227.94,228.0,227.94,228.0,471,2022-03-29 17:47:00,CHDN
227.99,228.0,227.99,228.0,308,2022-03-29 17:48:00,CHDN
227.795,227.795,227.61,227.61,600,2022-03-29 17:49:00,CHDN
227.73,227.73,227.73,227.73,100,2022-03-29 17:56:00,CHDN
227.8,227.8,227.8,227.8,100,2022-03-29 17:57:00,CHDN
227.93,227.93,227.93,227.93,100,2022-03-29 17:58:00,CHDN
227.95,228.0,227.95,227.97,631,2022-03-29 17:59:00,CHDN
228.0,228.0,228.0,228.0,500,2022-03-29 18:00:00,CHDN
228.0,228.0,228.0,228.0,100,2022-03-29 18:02:00,CHDN
228.0,228.0,228.0,228.0,300,2022-03-29 18:03:00,CHDN
228.0,228.0,228.0,228.0,100,2022-03-29 18:05:00,CHDN
227.92,227.92,227.92,227.92,100,2022-03-29 18:06:00,CHDN
228.0,228.0,228.0,228.0,1500,2022-03-29 18:07:00,CHDN
228.0,228.0,227.98,228.0,1100,2022-03-29 18:08:00,CHDN
228.0,228.01,227.98,228.0,1300,2022-03-29 18:09:00,CHDN
228.0,228.0,228.0,228.0,700,2022-03-29 18:10:00,CHDN
228.0,228.0,228.0,228.0,100,2022-03-29 18:11:00,CHDN
228.0,228.0,228.0,228.0,100,2022-03-29 18:12:00,CHDN
228.0,228.0,228.0,228.0,701,2022-03-29 18:13:00,CHDN
228.0,228.0,227.96,228.0,1100,2022-03-29 18:14:00,CHDN
228.0,228.0,227.99,228.0,1488,2022-03-29 18:15:00,CHDN
227.975,227.99,227.975,227.99,200,2022-03-29 18:16:00,CHDN
227.96,227.96,227.95,227.95,300,2022-03-29 18:17:00,CHDN
227.95,227.95,227.95,227.95,100,2022-03-29 18:18:00,CHDN
228.0,228.0,228.0,228.0,100,2022-03-29 18:19:00,CHDN
228.0,228.0,228.0,228.0,400,2022-03-29 18:20:00,CHDN
227.91,227.91,227.89,227.91,400,2022-03-29 18:21:00,CHDN
228.0,228.0,228.0,228.0,100,2022-03-29 18:22:00,CHDN
228.0,228.0,228.0,228.0,100,2022-03-29 18:23:00,CHDN
228.0,228.0,228.0,228.0,400,2022-03-29 18:24:00,CHDN
228.0,228.0,227.92,228.0,600,2022-03-29 18:25:00,CHDN
228.0,228.0,228.0,228.0,100,2022-03-29 18:26:00,CHDN
228.0,228.0,227.97,227.97,1800,2022-03-29 18:27:00,CHDN
228.0,228.0,228.0,228.0,403,2022-03-29 18:28:00,CHDN
228.0,228.0,228.0,228.0,200,2022-03-29 18:32:00,CHDN
228.0,228.0,227.95,227.95,200,2022-03-29 18:34:00,CHDN
228.0,228.0,227.98,228.0,2000,2022-03-29 18:35:00,CHDN
228.0,228.0,227.99,227.99,800,2022-03-29 18:36:00,CHDN
228.0,228.0,227.96,228.0,900,2022-03-29 18:37:00,CHDN
228.0,228.0,228.0,228.0,600,2022-03-29 18:38:00,CHDN
227.96,228.0,227.96,227.98,1500,2022-03-29 18:39:00,CHDN
228.0,228.0,227.95,227.95,600,2022-03-29 18:41:00,CHDN
227.9,227.92,227.8,227.8,1100,2022-03-29 18:42:00,CHDN
228.0,228.0,228.0,228.0,300,2022-03-29 18:43:00,CHDN
228.0,228.0,227.885,227.89,1200,2022-03-29 18:46:00,CHDN
227.99,228.7,227.99,228.7,1200,2022-03-29 18:48:00,CHDN
229.02,229.02,228.66,228.78,2000,2022-03-29 18:49:00,CHDN
228.635,228.635,228.61,228.61,599,2022-03-29 18:50:00,CHDN
228.61,228.61,228.295,228.4,3385,2022-03-29 18:51:00,CHDN
228.31,228.69,228.31,228.69,959,2022-03-29 18:52:00,CHDN
228.895,228.895,228.895,228.895,100,2022-03-29 18:53:00,CHDN
229.0,229.0594,229.0,229.049,600,2022-03-29 18:54:00,CHDN
229.005,229.005,229.005,229.005,200,2022-03-29 18:55:00,CHDN
229.005,229.0975,228.78,228.8,1548,2022-03-29 18:56:00,CHDN
228.84,228.86,228.84,228.86,200,2022-03-29 18:57:00,CHDN
228.82,228.835,228.78,228.835,500,2022-03-29 18:58:00,CHDN
228.835,228.865,228.835,228.865,441,2022-03-29 18:59:00,CHDN
228.885,228.885,228.67,228.67,600,2022-03-29 19:00:00,CHDN
228.78,228.885,228.78,228.78,700,2022-03-29 19:01:00,CHDN
228.92,228.92,228.92,228.92,100,2022-03-29 19:02:00,CHDN
229.025,229.025,228.9275,228.9275,700,2022-03-29 19:04:00,CHDN
228.85,228.85,228.8,228.8,300,2022-03-29 19:05:00,CHDN
228.845,228.845,228.8125,228.8125,330,2022-03-29 19:07:00,CHDN
228.85,228.85,228.85,228.85,300,2022-03-29 19:08:00,CHDN
228.87,228.87,228.87,228.87,100,2022-03-29 19:10:00,CHDN
229.0,229.0,228.875,228.875,300,2022-03-29 19:11:00,CHDN
228.875,228.875,228.875,228.875,100,2022-03-29 19:12:00,CHDN
228.97,229.04,228.97,228.98,600,2022-03-29 19:13:00,CHDN
229.005,229.005,228.91,228.91,300,2022-03-29 19:14:00,CHDN
228.86,228.86,228.79,228.79,300,2022-03-29 19:15:00,CHDN
228.86,228.88,228.86,228.88,500,2022-03-29 19:17:00,CHDN
228.95,228.985,228.95,228.985,400,2022-03-29 19:18:00,CHDN
229.2,229.2,228.89,228.89,2485,2022-03-29 19:19:00,CHDN
228.92,228.92,228.92,228.92,100,2022-03-29 19:21:00,CHDN
228.865,228.97,228.75,228.8725,1200,2022-03-29 19:22:00,CHDN
228.895,228.91,228.895,228.91,400,2022-03-29 19:24:00,CHDN
228.8,228.8,228.71,228.745,300,2022-03-29 19:25:00,CHDN
228.99,228.99,228.99,228.99,100,2022-03-29 19:26:00,CHDN
229.23,229.23,228.97,228.97,700,2022-03-29 19:28:00,CHDN
229.44,229.44,229.44,229.44,100,2022-03-29 19:31:00,CHDN
229.5075,229.5075,229.42,229.42,400,2022-03-29 19:32:00,CHDN
229.365,229.365,229.21,229.25,2127,2022-03-29 19:33:00,CHDN
229.115,229.145,228.97,228.97,1000,2022-03-29 19:35:00,CHDN
229.081,229.081,229.081,229.081,100,2022-03-29 19:36:00,CHDN
229.195,229.195,229.195,229.195,100,2022-03-29 19:37:00,CHDN
228.965,228.965,228.8,228.85,1000,2022-03-29 19:39:00,CHDN
228.815,228.815,228.815,228.815,100,2022-03-29 19:40:00,CHDN
228.885,228.885,228.8,228.8,1151,2022-03-29 19:41:00,CHDN
228.73,228.73,228.6062,228.6062,600,2022-03-29 19:42:00,CHDN
228.55,228.55,228.4,228.45,500,2022-03-29 19:43:00,CHDN
228.475,228.475,228.37,228.37,500,2022-03-29 19:44:00,CHDN
228.47,228.57,228.395,228.57,301,2022-03-29 19:45:00,CHDN
228.635,228.69,228.635,228.69,400,2022-03-29 19:46:00,CHDN
228.625,228.625,228.59,228.59,200,2022-03-29 19:47:00,CHDN
228.43,228.53,228.37,228.53,800,2022-03-29 19:48:00,CHDN
228.64,228.64,228.3,228.34,1800,2022-03-29 19:49:00,CHDN
228.3666,228.3666,228.3666,228.3666,336,2022-03-29 19:50:00,CHDN
228.32,228.51,228.19,228.35,1244,2022-03-29 19:51:00,CHDN
228.345,228.37,228.345,228.37,500,2022-03-29 19:52:00,CHDN
228.3,228.375,228.2089,228.2089,800,2022-03-29 19:53:00,CHDN
228.285,228.285,228.15,228.16,1700,2022-03-29 19:54:00,CHDN
228.07,228.16,228.03,228.085,2878,2022-03-29 19:55:00,CHDN
228.2,228.2,228.04,228.04,300,2022-03-29 19:56:00,CHDN
228.0571,228.125,228.04,228.06,1548,2022-03-29 19:57:00,CHDN
228.11,228.23,228.03,228.23,2470,2022-03-29 19:58:00,CHDN
228.26,228.6,228.16,228.4,2300,2022-03-29 19:59:00,CHDN
228.14,228.14,228.14,228.14,18060,2022-03-29 20:00:00,CHDN
226.76,226.76,226.76,226.76,750,2022-03-30 13:30:00,CHDN
227.25,227.25,227.25,227.25,200,2022-03-30 13:35:00,CHDN
228.5293,228.5293,228.5293,228.5293,134,2022-03-30 13:37:00,CHDN
226.5,226.5,226.47,226.47,200,2022-03-30 13:38:00,CHDN
226.16,226.16,226.16,226.16,100,2022-03-30 13:49:00,CHDN
228.0,228.0,228.0,228.0,100,2022-03-30 13:50:00,CHDN
228.395,228.395,228.395,228.395,100,2022-03-30 13:51:00,CHDN
228.105,228.105,228.105,228.105,100,2022-03-30 13:56:00,CHDN
228.1825,228.1825,228.1825,228.1825,101,2022-03-30 13:59:00,CHDN
227.125,227.125,227.125,227.125,100,2022-03-30 14:00:00,CHDN
227.86,227.86,227.86,227.86,100,2022-03-30 14:04:00,CHDN
228.0,228.0,228.0,228.0,100,2022-03-30 14:05:00,CHDN
227.9,227.9,227.9,227.9,100,2022-03-30 14:07:00,CHDN
227.225,227.225,227.225,227.225,100,2022-03-30 14:08:00,CHDN
227.93,227.93,227.93,227.93,404,2022-03-30 14:11:00,CHDN
227.43,227.43,227.43,227.43,100,2022-03-30 14:14:00,CHDN
227.4,227.52,227.4,227.52,500,2022-03-30 14:18:00,CHDN
227.31,227.86,226.45,227.86,300,2022-03-30 14:19:00,CHDN
228.79,228.79,228.345,228.35,435,2022-03-30 14:23:00,CHDN
228.6,228.6,228.6,228.6,100,2022-03-30 14:25:00,CHDN
228.08,228.08,227.2601,227.2601,610,2022-03-30 14:26:00,CHDN
228.0,228.0,228.0,228.0,100,2022-03-30 14:28:00,CHDN
228.2,228.2,227.79,227.97,800,2022-03-30 14:29:00,CHDN
228.045,228.045,228.045,228.045,300,2022-03-30 14:30:00,CHDN
228.055,228.055,228.055,228.055,100,2022-03-30 14:31:00,CHDN
227.79,227.79,227.47,227.47,200,2022-03-30 14:32:00,CHDN
227.48,227.48,227.48,227.48,100,2022-03-30 14:33:00,CHDN
227.8,227.8,227.8,227.8,200,2022-03-30 14:40:00,CHDN
226.45,226.45,226.45,226.45,100,2022-03-30 14:53:00,CHDN
226.2,226.2,226.2,226.2,100,2022-03-30 14:59:00,CHDN
226.17,226.22,226.16,226.22,400,2022-03-30 15:01:00,CHDN
225.79,225.84,225.79,225.84,200,2022-03-30 15:05:00,CHDN
225.53,225.53,225.53,225.53,100,2022-03-30 15:07:00,CHDN
225.37,225.37,225.37,225.37,200,2022-03-30 15:08:00,CHDN
225.005,225.005,225.005,225.005,100,2022-03-30 15:10:00,CHDN
225.25,225.57,225.25,225.57,500,2022-03-30 15:13:00,CHDN
225.76,225.89,225.76,225.89,300,2022-03-30 15:19:00,CHDN
225.638,225.638,225.638,225.638,100,2022-03-30 15:26:00,CHDN
225.68,225.68,225.68,225.68,100,2022-03-30 15:27:00,CHDN
225.59,225.59,225.275,225.275,693,2022-03-30 15:32:00,CHDN
225.71,225.83,225.5,225.83,400,2022-03-30 15:35:00,CHDN
225.555,225.725,225.555,225.725,300,2022-03-30 15:37:00,CHDN
225.69,225.76,225.69,225.76,200,2022-03-30 15:38:00,CHDN
225.81,225.85,225.81,225.85,200,2022-03-30 15:39:00,CHDN
226.21,226.43,226.21,226.3,600,2022-03-30 15:46:00,CHDN
225.69,225.79,225.69,225.77,300,2022-03-30 15:51:00,CHDN
226.285,226.285,226.285,226.285,100,2022-03-30 15:57:00,CHDN
226.46,226.57,226.3,226.3,600,2022-03-30 16:01:00,CHDN
226.34,226.34,226.34,226.34,100,2022-03-30 16:02:00,CHDN
226.58,226.58,226.46,226.46,300,2022-03-30 16:03:00,CHDN
226.28,226.28,226.14,226.14,300,2022-03-30 16:05:00,CHDN
226.12,226.2,225.95,226.2,700,2022-03-30 16:07:00,CHDN
226.22,226.22,226.22,226.22,100,2022-03-30 16:08:00,CHDN
226.79,226.79,226.79,226.79,200,2022-03-30 16:19:00,CHDN
226.71,226.71,226.71,226.71,100,2022-03-30 16:20:00,CHDN
226.57,226.725,226.57,226.64,600,2022-03-30 16:22:00,CHDN
226.88,227.08,226.88,227.08,300,2022-03-30 16:25:00,CHDN
227.35,227.35,227.135,227.135,900,2022-03-30 16:26:00,CHDN
227.6,227.72,227.585,227.72,643,2022-03-30 16:28:00,CHDN
227.73,227.73,227.39,227.71,900,2022-03-30 16:29:00,CHDN
227.945,228.0125,227.945,228.0125,200,2022-03-30 16:30:00,CHDN
227.83,227.83,227.8,227.8,354,2022-03-30 16:31:00,CHDN
227.59,227.59,227.55,227.55,300,2022-03-30 16:32:00,CHDN
227.65,227.65,227.65,227.65,100,2022-03-30 16:34:00,CHDN
228.105,228.26,228.105,228.26,200,2022-03-30 16:39:00,CHDN
228.2,228.2,228.2,228.2,200,2022-03-30 16:40:00,CHDN
228.27,228.27,228.27,228.27,100,2022-03-30 16:41:00,CHDN
228.295,228.295,228.295,228.295,100,2022-03-30 16:43:00,CHDN
228.075,228.075,228.075,228.075,100,2022-03-30 16:45:00,CHDN
227.47,227.47,227.47,227.47,100,2022-03-30 16:50:00,CHDN
227.84,227.97,227.84,227.97,400,2022-03-30 16:55:00,CHDN
228.13,228.13,228.13,228.13,100,2022-03-30 16:57:00,CHDN
227.87,227.87,227.87,227.87,100,2022-03-30 17:02:00,CHDN
227.78,227.78,227.78,227.78,100,2022-03-30 17:06:00,CHDN
227.445,227.445,227.445,227.445,100,2022-03-30 17:09:00,CHDN
227.89,227.89,227.89,227.89,100,2022-03-30 17:14:00,CHDN
227.98,228.0,227.98,228.0,200,2022-03-30 17:15:00,CHDN
227.75,227.75,227.75,227.75,100,2022-03-30 17:17:00,CHDN
227.67,227.67,227.67,227.67,100,2022-03-30 17:20:00,CHDN
227.3403,227.3403,227.31,227.31,500,2022-03-30 17:23:00,CHDN
227.17,227.17,227.17,227.17,100,2022-03-30 17:24:00,CHDN
227.11,227.11,227.11,227.11,100,2022-03-30 17:25:00,CHDN
226.91,226.91,226.91,226.91,100,2022-03-30 17:26:00,CHDN
226.62,226.75,226.62,226.75,200,2022-03-30 17:39:00,CHDN
226.62,226.66,226.47,226.47,762,2022-03-30 17:40:00,CHDN
226.82,226.84,226.82,226.84,215,2022-03-30 17:48:00,CHDN
226.82,226.92,226.82,226.92,200,2022-03-30 17:49:00,CHDN
226.81,226.81,226.81,226.81,200,2022-03-30 17:52:00,CHDN
226.86,227.04,226.86,227.0,2700,2022-03-30 17:56:00,CHDN
226.99,227.0,226.99,227.0,693,2022-03-30 17:57:00,CHDN
226.86,226.86,226.86,226.86,100,2022-03-30 18:00:00,CHDN
226.75,226.75,226.75,226.75,100,2022-03-30 18:02:00,CHDN
226.975,226.975,226.975,226.975,100,2022-03-30 18:05:00,CHDN
227.22,227.22,227.22,227.22,100,2022-03-30 18:09:00,CHDN
227.355,227.355,227.355,227.355,200,2022-03-30 18:10:00,CHDN
227.52,227.52,227.52,227.52,200,2022-03-30 18:14:00,CHDN
227.62,227.62,227.62,227.62,100,2022-03-30 18:16:00,CHDN
227.38,227.38,227.38,227.38,100,2022-03-30 18:17:00,CHDN
227.23,227.23,227.2,227.2,200,2022-03-30 18:18:00,CHDN
227.185,227.185,227.185,227.185,100,2022-03-30 18:21:00,CHDN
227.24,227.24,227.24,227.24,100,2022-03-30 18:25:00,CHDN
227.08,227.08,227.08,227.08,100,2022-03-30 18:26:00,CHDN
227.0,227.0,226.93,226.93,300,2022-03-30 18:28:00,CHDN
227.37,227.37,227.37,227.37,100,2022-03-30 18:34:00,CHDN
227.38,227.39,227.35,227.35,400,2022-03-30 18:35:00,CHDN
227.23,227.23,227.23,227.23,100,2022-03-30 18:38:00,CHDN
227.175,227.175,227.175,227.175,400,2022-03-30 18:41:00,CHDN
227.425,227.425,227.29,227.29,800,2022-03-30 18:42:00,CHDN
226.84,226.98,226.81,226.98,733,2022-03-30 18:43:00,CHDN
227.03,227.03,227.03,227.03,100,2022-03-30 18:46:00,CHDN
226.66,226.79,226.66,226.79,286,2022-03-30 18:47:00,CHDN
226.85,226.85,226.85,226.85,100,2022-03-30 18:56:00,CHDN
226.66,226.66,226.66,226.66,200,2022-03-30 18:57:00,CHDN
226.45,226.45,226.44,226.44,200,2022-03-30 18:58:00,CHDN
226.6596,226.695,226.6596,226.695,201,2022-03-30 18:59:00,CHDN
226.57,226.57,226.53,226.53,300,2022-03-30 19:00:00,CHDN
226.39,226.39,226.39,226.39,100,2022-03-30 19:01:00,CHDN
226.32,226.32,226.32,226.32,100,2022-03-30 19:02:00,CHDN
226.05,226.05,226.05,226.05,100,2022-03-30 19:07:00,CHDN
225.86,225.86,225.86,225.86,108,2022-03-30 19:10:00,CHDN
225.72,225.72,225.72,225.72,100,2022-03-30 19:11:00,CHDN
225.79,225.92,225.79,225.85,800,2022-03-30 19:12:00,CHDN
225.64,225.64,225.64,225.64,100,2022-03-30 19:13:00,CHDN
225.62,225.62,225.35,225.36,400,2022-03-30 19:16:00,CHDN
225.275,225.275,225.275,225.275,100,2022-03-30 19:17:00,CHDN
225.0727,225.0727,225.0727,225.0727,300,2022-03-30 19:20:00,CHDN
224.91,224.91,224.89,224.89,300,2022-03-30 19:21:00,CHDN
224.9,225.0,224.9,225.0,200,2022-03-30 19:22:00,CHDN
224.93,224.93,224.93,224.93,100,2022-03-30 19:25:00,CHDN
225.0,225.0,225.0,225.0,100,2022-03-30 19:27:00,CHDN
224.73,224.84,224.73,224.84,300,2022-03-30 19:31:00,CHDN
224.93,225.16,224.74,225.16,1000,2022-03-30 19:32:00,CHDN
225.35,225.39,225.26,225.355,500,2022-03-30 19:33:00,CHDN
225.7899,225.7899,225.76,225.7785,400,2022-03-30 19:35:00,CHDN
225.94,225.94,225.94,225.94,100,2022-03-30 19:36:00,CHDN
225.85,225.85,225.85,225.85,100,2022-03-30 19:38:00,CHDN
225.75,225.75,225.68,225.68,300,2022-03-30 19:39:00,CHDN
225.91,225.965,225.91,225.965,200,2022-03-30 19:42:00,CHDN
226.09,226.23,226.04,226.23,1100,2022-03-30 19:43:00,CHDN
226.03,226.03,226.03,226.03,200,2022-03-30 19:44:00,CHDN
226.25,226.44,226.25,226.44,400,2022-03-30 19:47:00,CHDN
226.35,226.38,226.35,226.38,215,2022-03-30 19:48:00,CHDN
226.35,226.35,226.16,226.16,300,2022-03-30 19:49:00,CHDN
226.15,226.15,225.65,225.65,700,2022-03-30 19:50:00,CHDN
225.56,225.56,225.56,225.56,100,2022-03-30 19:52:00,CHDN
225.84,226.17,225.84,226.14,1100,2022-03-30 19:54:00,CHDN
226.54,226.74,226.54,226.58,800,2022-03-30 19:55:00,CHDN
226.565,226.63,226.565,226.63,500,2022-03-30 19:56:00,CHDN
226.68,227.05,226.68,226.771,1800,2022-03-30 19:57:00,CHDN
226.78,226.92,226.73,226.92,1246,2022-03-30 19:58:00,CHDN
227.02,227.17,226.95,226.96,1770,2022-03-30 19:59:00,CHDN
227.04,227.04,227.04,227.04,19787,2022-03-30 20:00:00,CHDN
