open,high,low,close,volume,datetime,symbol
67.15,67.15,67.15,67.15,13748,2022-03-01 14:30:00,VYMI
67.11,67.14,67.11,67.14,1300,2022-03-01 14:31:00,VYMI
67.11,67.13,67.11,67.12,2950,2022-03-01 14:32:00,VYMI
67.11,67.11,67.1,67.1,670,2022-03-01 14:33:00,VYMI
67.14,67.14,67.14,67.14,100,2022-03-01 14:34:00,VYMI
67.2493,67.2493,67.2493,67.2493,383,2022-03-01 14:36:00,VYMI
67.245,67.245,67.23,67.23,328,2022-03-01 14:37:00,VYMI
67.265,67.2993,67.255,67.255,2277,2022-03-01 14:38:00,VYMI
67.2376,67.2376,67.2376,67.2376,600,2022-03-01 14:40:00,VYMI
67.2789,67.2789,67.2789,67.2789,230,2022-03-01 14:41:00,VYMI
67.25,67.25,67.25,67.25,898,2022-03-01 14:42:00,VYMI
67.24,67.24,67.2399,67.24,1244,2022-03-01 14:43:00,VYMI
67.24,67.24,67.21,67.21,937,2022-03-01 14:44:00,VYMI
67.188,67.188,67.188,67.188,282,2022-03-01 14:46:00,VYMI
67.215,67.215,67.215,67.215,1455,2022-03-01 14:47:00,VYMI
67.24,67.24,67.221,67.221,1086,2022-03-01 14:48:00,VYMI
67.23,67.23,67.23,67.23,150,2022-03-01 14:50:00,VYMI
67.15,67.15,67.14,67.14,300,2022-03-01 14:51:00,VYMI
67.14,67.14,67.14,67.14,770,2022-03-01 14:52:00,VYMI
67.14,67.14,67.08,67.11,5000,2022-03-01 14:55:00,VYMI
67.15,67.15,67.15,67.15,1000,2022-03-01 14:57:00,VYMI
67.165,67.1964,67.15,67.15,2400,2022-03-01 14:58:00,VYMI
67.15,67.16,67.14,67.14,3352,2022-03-01 14:59:00,VYMI
67.18,67.28,67.18,67.26,1091,2022-03-01 15:00:00,VYMI
67.2,67.2,67.12,67.15,6686,2022-03-01 15:01:00,VYMI
67.14,67.15,67.11,67.12,1023,2022-03-01 15:02:00,VYMI
67.11,67.11,67.05,67.05,3100,2022-03-01 15:03:00,VYMI
67.0706,67.0706,67.0706,67.0706,2000,2022-03-01 15:04:00,VYMI
67.0884,67.0884,67.075,67.0841,708,2022-03-01 15:05:00,VYMI
67.0571,67.0571,67.0571,67.0571,100,2022-03-01 15:06:00,VYMI
67.0,67.02,66.97,67.0,12003,2022-03-01 15:08:00,VYMI
66.92,66.92,66.92,66.92,152,2022-03-01 15:09:00,VYMI
66.8473,66.8473,66.8,66.81,1290,2022-03-01 15:10:00,VYMI
66.81,66.81,66.8,66.8,1507,2022-03-01 15:11:00,VYMI
66.804,66.804,66.76,66.79,1200,2022-03-01 15:13:00,VYMI
66.76,66.76,66.76,66.76,300,2022-03-01 15:14:00,VYMI
66.8244,66.8244,66.8244,66.8244,197,2022-03-01 15:15:00,VYMI
66.78,66.78,66.78,66.78,311,2022-03-01 15:16:00,VYMI
66.91,66.91,66.8834,66.8834,220,2022-03-01 15:17:00,VYMI
66.8665,66.9141,66.8665,66.9141,1650,2022-03-01 15:18:00,VYMI
66.88,66.88,66.81,66.81,860,2022-03-01 15:19:00,VYMI
66.87,66.9,66.87,66.88,500,2022-03-01 15:21:00,VYMI
66.905,66.905,66.905,66.905,375,2022-03-01 15:22:00,VYMI
66.85,66.85,66.85,66.85,400,2022-03-01 15:23:00,VYMI
66.85,66.85,66.8,66.8144,2600,2022-03-01 15:24:00,VYMI
66.87,66.9188,66.83,66.84,2770,2022-03-01 15:25:00,VYMI
66.8527,66.875,66.8,66.8,1508,2022-03-01 15:26:00,VYMI
66.862,66.88,66.8,66.87,13700,2022-03-01 15:27:00,VYMI
66.8,66.86,66.7811,66.7811,4153,2022-03-01 15:28:00,VYMI
66.81,66.81,66.81,66.81,100,2022-03-01 15:29:00,VYMI
66.92,66.92,66.865,66.9,1357,2022-03-01 15:30:00,VYMI
66.89,66.89,66.8868,66.8868,2610,2022-03-01 15:31:00,VYMI
66.969,66.969,66.9,66.9,1806,2022-03-01 15:32:00,VYMI
66.95,66.95,66.95,66.95,200,2022-03-01 15:33:00,VYMI
66.94,66.94,66.88,66.88,2778,2022-03-01 15:34:00,VYMI
66.84,66.895,66.84,66.895,2839,2022-03-01 15:35:00,VYMI
66.909,66.909,66.909,66.909,386,2022-03-01 15:36:00,VYMI
66.88,66.88,66.84,66.84,1974,2022-03-01 15:37:00,VYMI
66.83,66.87,66.82,66.87,9269,2022-03-01 15:38:00,VYMI
66.87,66.87,66.85,66.85,550,2022-03-01 15:39:00,VYMI
66.81,66.81,66.81,66.81,100,2022-03-01 15:40:00,VYMI
66.7908,66.7908,66.74,66.74,1911,2022-03-01 15:41:00,VYMI
66.73,66.745,66.73,66.745,1000,2022-03-01 15:42:00,VYMI
66.73,66.73,66.67,66.72,3114,2022-03-01 15:43:00,VYMI
66.7648,66.7648,66.72,66.72,1371,2022-03-01 15:44:00,VYMI
66.68,66.68,66.66,66.66,675,2022-03-01 15:45:00,VYMI
66.6999,66.6999,66.6999,66.6999,300,2022-03-01 15:46:00,VYMI
66.71,66.71,66.71,66.71,368,2022-03-01 15:48:00,VYMI
66.705,66.7249,66.705,66.7249,495,2022-03-01 15:49:00,VYMI
66.7158,66.7158,66.7158,66.7158,288,2022-03-01 15:50:00,VYMI
66.76,66.76,66.76,66.76,6200,2022-03-01 15:51:00,VYMI
66.74,66.74,66.72,66.72,2100,2022-03-01 15:52:00,VYMI
66.7,66.738,66.7,66.738,600,2022-03-01 15:55:00,VYMI
66.69,66.69,66.69,66.69,800,2022-03-01 15:56:00,VYMI
66.6604,66.6604,66.6604,66.6604,100,2022-03-01 15:57:00,VYMI
66.7174,66.7174,66.6816,66.6816,3573,2022-03-01 16:01:00,VYMI
66.69,66.69,66.68,66.68,434,2022-03-01 16:02:00,VYMI
66.6836,66.6836,66.6836,66.6836,300,2022-03-01 16:03:00,VYMI
66.74,66.75,66.64,66.64,2901,2022-03-01 16:04:00,VYMI
66.64,66.65,66.63,66.64,600,2022-03-01 16:05:00,VYMI
66.59,66.6,66.59,66.59,1603,2022-03-01 16:06:00,VYMI
66.6,66.6,66.59,66.59,234,2022-03-01 16:07:00,VYMI
66.605,66.605,66.605,66.605,305,2022-03-01 16:08:00,VYMI
66.58,66.58,66.58,66.58,100,2022-03-01 16:09:00,VYMI
66.59,66.59,66.568,66.568,519,2022-03-01 16:10:00,VYMI
66.58,66.58,66.5701,66.5701,2106,2022-03-01 16:11:00,VYMI
66.585,66.585,66.585,66.585,278,2022-03-01 16:12:00,VYMI
66.6,66.6,66.6,66.6,100,2022-03-01 16:13:00,VYMI
66.61,66.632,66.57,66.6148,5990,2022-03-01 16:14:00,VYMI
66.6092,66.6092,66.6092,66.6092,300,2022-03-01 16:15:00,VYMI
66.5889,66.5889,66.5889,66.5889,735,2022-03-01 16:16:00,VYMI
66.5539,66.5539,66.55,66.55,200,2022-03-01 16:17:00,VYMI
66.5518,66.5518,66.545,66.545,226,2022-03-01 16:18:00,VYMI
66.55,66.55,66.48,66.48,1017,2022-03-01 16:19:00,VYMI
66.545,66.545,66.545,66.545,100,2022-03-01 16:23:00,VYMI
66.5,66.5,66.4958,66.4958,910,2022-03-01 16:25:00,VYMI
66.5,66.5,66.49,66.49,240,2022-03-01 16:26:00,VYMI
66.48,66.48,66.47,66.47,10482,2022-03-01 16:27:00,VYMI
66.46,66.46,66.46,66.46,200,2022-03-01 16:28:00,VYMI
66.42,66.42,66.42,66.42,100,2022-03-01 16:29:00,VYMI
66.385,66.385,66.385,66.385,1500,2022-03-01 16:30:00,VYMI
66.35,66.35,66.34,66.34,1800,2022-03-01 16:32:00,VYMI
66.31,66.32,66.31,66.32,245,2022-03-01 16:33:00,VYMI
66.32,66.34,66.3,66.3,2700,2022-03-01 16:34:00,VYMI
66.28,66.28,66.28,66.28,200,2022-03-01 16:35:00,VYMI
66.33,66.33,66.2832,66.315,1746,2022-03-01 16:36:00,VYMI
66.2983,66.2983,66.295,66.295,250,2022-03-01 16:37:00,VYMI
66.29,66.295,66.29,66.29,1700,2022-03-01 16:38:00,VYMI
66.28,66.29,66.28,66.29,252,2022-03-01 16:39:00,VYMI
66.305,66.3081,66.305,66.3081,1092,2022-03-01 16:40:00,VYMI
66.2918,66.34,66.2918,66.3396,3994,2022-03-01 16:41:00,VYMI
66.339,66.339,66.339,66.339,350,2022-03-01 16:42:00,VYMI
66.343,66.343,66.29,66.29,500,2022-03-01 16:43:00,VYMI
66.28,66.28,66.27,66.28,1600,2022-03-01 16:44:00,VYMI
66.27,66.27,66.1648,66.1648,7066,2022-03-01 16:45:00,VYMI
66.15,66.15,66.09,66.09,200,2022-03-01 16:46:00,VYMI
66.07,66.07,66.04,66.045,773,2022-03-01 16:47:00,VYMI
66.05,66.07,66.047,66.047,5872,2022-03-01 16:48:00,VYMI
66.0788,66.0788,66.0788,66.0788,100,2022-03-01 16:49:00,VYMI
66.06,66.06,66.0,66.0,19998,2022-03-01 16:50:00,VYMI
66.04,66.1398,66.01,66.1398,20546,2022-03-01 16:51:00,VYMI
66.14,66.14,66.1,66.1,641,2022-03-01 16:52:00,VYMI
66.1,66.1087,66.0983,66.0983,1150,2022-03-01 16:54:00,VYMI
66.109,66.109,66.08,66.08,1200,2022-03-01 16:55:00,VYMI
66.08,66.09,66.07,66.07,64258,2022-03-01 16:56:00,VYMI
66.0131,66.0131,66.0131,66.0131,300,2022-03-01 16:58:00,VYMI
66.02,66.03,66.02,66.025,500,2022-03-01 16:59:00,VYMI
66.03,66.03,66.03,66.03,1198,2022-03-01 17:00:00,VYMI
66.0562,66.0588,66.0562,66.0588,900,2022-03-01 17:01:00,VYMI
66.0472,66.0472,66.0472,66.0472,375,2022-03-01 17:02:00,VYMI
66.03,66.03,66.0,66.0,1159,2022-03-01 17:03:00,VYMI
65.96,65.96,65.949,65.949,340,2022-03-01 17:04:00,VYMI
65.9145,65.9145,65.89,65.89,2800,2022-03-01 17:07:00,VYMI
65.86,65.86,65.82,65.82,1600,2022-03-01 17:08:00,VYMI
65.8587,65.8587,65.83,65.83,329,2022-03-01 17:09:00,VYMI
65.84,65.84,65.805,65.805,901,2022-03-01 17:10:00,VYMI
65.85,65.92,65.85,65.91,8303,2022-03-01 17:14:00,VYMI
65.959,65.959,65.959,65.959,598,2022-03-01 17:15:00,VYMI
65.93,65.9374,65.93,65.9374,1462,2022-03-01 17:16:00,VYMI
66.043,66.0639,66.03,66.0639,1563,2022-03-01 17:18:00,VYMI
66.0748,66.079,66.0748,66.079,1138,2022-03-01 17:19:00,VYMI
66.0799,66.0799,66.0799,66.0799,382,2022-03-01 17:20:00,VYMI
66.0485,66.0485,66.0485,66.0485,326,2022-03-01 17:21:00,VYMI
66.0292,66.07,66.0292,66.07,900,2022-03-01 17:22:00,VYMI
66.05,66.05,66.0402,66.0402,857,2022-03-01 17:23:00,VYMI
66.03,66.03,66.03,66.03,300,2022-03-01 17:24:00,VYMI
66.0474,66.0474,66.0474,66.0474,456,2022-03-01 17:25:00,VYMI
66.0233,66.029,66.0233,66.029,557,2022-03-01 17:26:00,VYMI
66.025,66.029,66.01,66.029,829,2022-03-01 17:27:00,VYMI
66.03,66.0328,66.03,66.0328,322,2022-03-01 17:28:00,VYMI
66.079,66.079,66.0383,66.0383,750,2022-03-01 17:29:00,VYMI
66.01,66.01,66.01,66.01,200,2022-03-01 17:30:00,VYMI
66.0,66.0,65.99,65.99,1300,2022-03-01 17:31:00,VYMI
65.9638,66.0112,65.9638,66.0112,1450,2022-03-01 17:32:00,VYMI
66.0566,66.0566,66.0566,66.0566,185,2022-03-01 17:34:00,VYMI
66.0542,66.0951,66.0542,66.075,685,2022-03-01 17:35:00,VYMI
66.06,66.06,66.06,66.06,200,2022-03-01 17:36:00,VYMI
66.045,66.045,66.03,66.0329,1043,2022-03-01 17:37:00,VYMI
66.04,66.04,66.04,66.04,300,2022-03-01 17:39:00,VYMI
66.06,66.06,66.06,66.06,100,2022-03-01 17:40:00,VYMI
66.0688,66.0688,66.0688,66.0688,2787,2022-03-01 17:41:00,VYMI
66.07,66.09,66.065,66.075,5061,2022-03-01 17:42:00,VYMI
66.1,66.1,66.1,66.1,100,2022-03-01 17:43:00,VYMI
66.12,66.17,66.12,66.17,1443,2022-03-01 17:44:00,VYMI
66.12,66.14,66.12,66.14,480,2022-03-01 17:46:00,VYMI
66.11,66.14,66.11,66.14,850,2022-03-01 17:47:00,VYMI
66.1366,66.1366,66.1366,66.1366,291,2022-03-01 17:48:00,VYMI
66.19,66.19,66.1874,66.1874,218,2022-03-01 17:49:00,VYMI
66.2,66.2,66.2,66.2,100,2022-03-01 17:50:00,VYMI
66.171,66.171,66.171,66.171,668,2022-03-01 17:52:00,VYMI
66.1397,66.1397,66.1397,66.1397,190,2022-03-01 17:53:00,VYMI
66.15,66.15,66.1379,66.1379,376,2022-03-01 17:54:00,VYMI
66.1408,66.17,66.125,66.125,3239,2022-03-01 17:55:00,VYMI
66.125,66.125,66.09,66.09,3038,2022-03-01 17:56:00,VYMI
66.0836,66.0836,66.07,66.08,3686,2022-03-01 17:57:00,VYMI
66.08,66.08,66.08,66.08,844,2022-03-01 17:58:00,VYMI
66.0746,66.1,66.0746,66.09,2514,2022-03-01 17:59:00,VYMI
66.09,66.09,66.07,66.0797,622,2022-03-01 18:00:00,VYMI
66.13,66.1387,66.13,66.1387,856,2022-03-01 18:01:00,VYMI
66.09,66.09,66.09,66.09,300,2022-03-01 18:02:00,VYMI
66.1,66.1101,66.07,66.1101,13471,2022-03-01 18:04:00,VYMI
66.1,66.12,66.1,66.12,800,2022-03-01 18:05:00,VYMI
66.09,66.09,66.06,66.06,900,2022-03-01 18:06:00,VYMI
66.045,66.05,66.01,66.01,3382,2022-03-01 18:07:00,VYMI
66.0109,66.0328,66.0109,66.0328,1478,2022-03-01 18:08:00,VYMI
66.064,66.064,66.064,66.064,760,2022-03-01 18:09:00,VYMI
66.06,66.06,66.015,66.015,3967,2022-03-01 18:10:00,VYMI
66.0448,66.0448,66.0448,66.0448,297,2022-03-01 18:12:00,VYMI
66.0301,66.0301,66.0301,66.0301,747,2022-03-01 18:13:00,VYMI
66.04,66.04,65.8946,65.8946,2591,2022-03-01 18:14:00,VYMI
65.95,65.95,65.92,65.92,480,2022-03-01 18:15:00,VYMI
66.0062,66.0062,66.0062,66.0062,400,2022-03-01 18:16:00,VYMI
65.975,65.9899,65.975,65.9899,400,2022-03-01 18:17:00,VYMI
65.9399,65.9399,65.9399,65.9399,380,2022-03-01 18:19:00,VYMI
65.97,66.01,65.97,66.01,322,2022-03-01 18:20:00,VYMI
65.91,65.94,65.91,65.94,252,2022-03-01 18:22:00,VYMI
65.91,65.91,65.89,65.89,1178,2022-03-01 18:24:00,VYMI
65.81,65.83,65.78,65.83,1200,2022-03-01 18:27:00,VYMI
65.8,65.8,65.7816,65.7816,550,2022-03-01 18:28:00,VYMI
65.77,65.79,65.77,65.79,200,2022-03-01 18:30:00,VYMI
65.79,65.81,65.79,65.81,200,2022-03-01 18:31:00,VYMI
65.785,65.8,65.785,65.8,400,2022-03-01 18:32:00,VYMI
65.79,65.812,65.79,65.812,683,2022-03-01 18:33:00,VYMI
65.8055,65.855,65.7974,65.855,3026,2022-03-01 18:35:00,VYMI
65.85,65.88,65.85,65.87,900,2022-03-01 18:36:00,VYMI
65.88,65.88,65.88,65.88,1859,2022-03-01 18:37:00,VYMI
65.922,65.922,65.922,65.922,185,2022-03-01 18:40:00,VYMI
65.87,65.87,65.87,65.87,102,2022-03-01 18:42:00,VYMI
65.8478,65.85,65.8478,65.85,515,2022-03-01 18:43:00,VYMI
65.85,65.8769,65.85,65.86,942,2022-03-01 18:44:00,VYMI
65.88,65.88,65.88,65.88,100,2022-03-01 18:45:00,VYMI
65.8557,65.8557,65.8557,65.8557,100,2022-03-01 18:46:00,VYMI
65.8684,65.87,65.8684,65.87,383,2022-03-01 18:48:00,VYMI
65.83,65.83,65.83,65.83,100,2022-03-01 18:49:00,VYMI
65.8201,65.84,65.8201,65.84,3237,2022-03-01 18:50:00,VYMI
65.8567,65.8567,65.845,65.845,325,2022-03-01 18:52:00,VYMI
65.8301,65.85,65.8301,65.85,6305,2022-03-01 18:53:00,VYMI
65.89,65.89,65.89,65.89,100,2022-03-01 18:54:00,VYMI
65.8381,65.88,65.8381,65.8674,657,2022-03-01 18:55:00,VYMI
65.895,65.895,65.88,65.88,1863,2022-03-01 18:57:00,VYMI
65.8965,65.9,65.8965,65.9,311,2022-03-01 18:58:00,VYMI
65.9156,65.9156,65.88,65.88,318,2022-03-01 18:59:00,VYMI
65.87,65.87,65.8365,65.8365,273,2022-03-01 19:01:00,VYMI
65.825,65.84,65.82,65.82,421,2022-03-01 19:02:00,VYMI
65.83,65.83,65.83,65.83,100,2022-03-01 19:03:00,VYMI
65.86,65.86,65.86,65.86,100,2022-03-01 19:04:00,VYMI
65.8774,65.8774,65.8774,65.8774,624,2022-03-01 19:05:00,VYMI
65.86,65.86,65.85,65.85,910,2022-03-01 19:06:00,VYMI
65.82,65.82,65.82,65.82,100,2022-03-01 19:07:00,VYMI
65.85,65.85,65.85,65.85,400,2022-03-01 19:08:00,VYMI
65.8336,65.8336,65.83,65.83,831,2022-03-01 19:09:00,VYMI
65.825,65.825,65.825,65.825,200,2022-03-01 19:10:00,VYMI
65.81,65.81,65.77,65.78,1592,2022-03-01 19:11:00,VYMI
65.77,65.77,65.77,65.77,100,2022-03-01 19:13:00,VYMI
65.77,65.8,65.77,65.7847,547,2022-03-01 19:14:00,VYMI
65.79,65.84,65.79,65.84,454,2022-03-01 19:15:00,VYMI
65.75,65.815,65.75,65.815,1969,2022-03-01 19:17:00,VYMI
65.84,65.845,65.8337,65.845,760,2022-03-01 19:19:00,VYMI
65.8799,65.88,65.8229,65.8229,1580,2022-03-01 19:20:00,VYMI
65.8482,65.85,65.8482,65.85,1300,2022-03-01 19:21:00,VYMI
65.91,65.95,65.91,65.95,252,2022-03-01 19:22:00,VYMI
65.9486,65.9486,65.9486,65.9486,500,2022-03-01 19:23:00,VYMI
65.965,65.965,65.965,65.965,750,2022-03-01 19:24:00,VYMI
65.96,65.96,65.96,65.96,100,2022-03-01 19:25:00,VYMI
65.94,66.02,65.94,66.0098,40483,2022-03-01 19:26:00,VYMI
66.05,66.05,66.0444,66.0444,2278,2022-03-01 19:28:00,VYMI
66.03,66.049,66.025,66.025,1387,2022-03-01 19:30:00,VYMI
66.079,66.1395,66.079,66.09,54480,2022-03-01 19:31:00,VYMI
66.089,66.0896,66.065,66.089,9740,2022-03-01 19:32:00,VYMI
66.0756,66.0756,66.0756,66.0756,297,2022-03-01 19:33:00,VYMI
66.05,66.05,66.05,66.05,400,2022-03-01 19:34:00,VYMI
66.0696,66.0696,66.0696,66.0696,219,2022-03-01 19:35:00,VYMI
66.09,66.09,66.09,66.09,100,2022-03-01 19:36:00,VYMI
66.075,66.075,66.075,66.075,100,2022-03-01 19:37:00,VYMI
66.068,66.068,66.068,66.068,203,2022-03-01 19:38:00,VYMI
66.14,66.1698,66.14,66.1698,1357,2022-03-01 19:41:00,VYMI
66.15,66.1799,66.15,66.1799,7555,2022-03-01 19:42:00,VYMI
66.15,66.16,66.15,66.15,4915,2022-03-01 19:43:00,VYMI
66.15,66.19,66.15,66.155,565,2022-03-01 19:44:00,VYMI
66.17,66.17,66.14,66.14,774,2022-03-01 19:45:00,VYMI
66.14,66.14,66.14,66.14,350,2022-03-01 19:46:00,VYMI
66.0595,66.16,66.0595,66.16,1414,2022-03-01 19:47:00,VYMI
66.065,66.09,66.06,66.09,8555,2022-03-01 19:48:00,VYMI
66.0621,66.07,66.0621,66.0672,592,2022-03-01 19:49:00,VYMI
66.07,66.07,66.02,66.02,1735,2022-03-01 19:50:00,VYMI
66.02,66.02,66.02,66.02,1200,2022-03-01 19:51:00,VYMI
66.02,66.04,66.02,66.04,1512,2022-03-01 19:52:00,VYMI
66.043,66.044,66.035,66.035,777,2022-03-01 19:53:00,VYMI
66.02,66.0399,66.02,66.03,6944,2022-03-01 19:54:00,VYMI
66.025,66.03,66.025,66.03,405,2022-03-01 19:55:00,VYMI
66.045,66.045,66.02,66.03,4201,2022-03-01 19:56:00,VYMI
66.02,66.025,66.02,66.025,400,2022-03-01 19:57:00,VYMI
66.0275,66.03,66.02,66.025,4485,2022-03-01 19:58:00,VYMI
66.03,66.0499,66.03,66.04,4029,2022-03-01 19:59:00,VYMI
66.05,66.05,66.0312,66.0312,456,2022-03-01 20:00:00,VYMI
66.09,66.09,66.08,66.08,1738,2022-03-01 20:01:00,VYMI
66.08,66.1209,66.08,66.105,1538,2022-03-01 20:02:00,VYMI
66.17,66.17,66.1634,66.1634,200,2022-03-01 20:03:00,VYMI
66.17,66.17,66.17,66.17,200,2022-03-01 20:04:00,VYMI
66.2673,66.2673,66.225,66.225,213,2022-03-01 20:05:00,VYMI
66.265,66.265,66.26,66.26,850,2022-03-01 20:06:00,VYMI
66.21,66.21,66.21,66.21,139,2022-03-01 20:07:00,VYMI
66.24,66.24,66.24,66.24,120,2022-03-01 20:09:00,VYMI
66.2561,66.2561,66.21,66.21,727,2022-03-01 20:10:00,VYMI
66.14,66.14,66.14,66.14,200,2022-03-01 20:11:00,VYMI
66.14,66.14,66.14,66.14,217,2022-03-01 20:12:00,VYMI
66.14,66.1999,66.14,66.1999,244,2022-03-01 20:13:00,VYMI
66.175,66.175,66.175,66.175,476,2022-03-01 20:14:00,VYMI
66.16,66.16,66.16,66.16,200,2022-03-01 20:16:00,VYMI
66.13,66.1599,66.13,66.1599,1493,2022-03-01 20:17:00,VYMI
66.11,66.115,66.11,66.115,8613,2022-03-01 20:18:00,VYMI
66.1,66.1,66.0876,66.093,1148,2022-03-01 20:19:00,VYMI
66.095,66.095,66.095,66.095,325,2022-03-01 20:20:00,VYMI
66.075,66.075,66.075,66.075,800,2022-03-01 20:21:00,VYMI
66.1,66.1,66.1,66.1,194,2022-03-01 20:23:00,VYMI
66.104,66.14,66.104,66.14,575,2022-03-01 20:24:00,VYMI
66.1445,66.1445,66.115,66.13,522,2022-03-01 20:26:00,VYMI
66.1369,66.1369,66.1369,66.1369,321,2022-03-01 20:27:00,VYMI
66.13,66.13,66.1017,66.1017,200,2022-03-01 20:28:00,VYMI
66.12,66.12,66.1001,66.1001,950,2022-03-01 20:29:00,VYMI
66.1,66.1,66.09,66.09,400,2022-03-01 20:30:00,VYMI
66.0513,66.06,66.0513,66.06,497,2022-03-01 20:31:00,VYMI
66.12,66.12,66.11,66.12,500,2022-03-01 20:33:00,VYMI
66.11,66.12,66.11,66.12,500,2022-03-01 20:34:00,VYMI
66.1,66.12,66.1,66.1,430,2022-03-01 20:35:00,VYMI
66.0779,66.125,66.0779,66.125,680,2022-03-01 20:38:00,VYMI
66.125,66.17,66.125,66.17,565,2022-03-01 20:39:00,VYMI
66.12,66.13,66.12,66.13,306,2022-03-01 20:40:00,VYMI
66.15,66.15,66.15,66.15,100,2022-03-01 20:41:00,VYMI
66.12,66.12,66.11,66.11,400,2022-03-01 20:42:00,VYMI
66.1,66.1,66.1,66.1,200,2022-03-01 20:43:00,VYMI
66.05,66.05,66.05,66.05,100,2022-03-01 20:44:00,VYMI
66.08,66.08,66.08,66.08,250,2022-03-01 20:45:00,VYMI
66.055,66.055,66.04,66.04,805,2022-03-01 20:46:00,VYMI
66.04,66.04,66.02,66.02,600,2022-03-01 20:47:00,VYMI
66.03,66.04,66.015,66.03,4267,2022-03-01 20:48:00,VYMI
66.01,66.02,66.006,66.02,862,2022-03-01 20:49:00,VYMI
66.0,66.0,65.91,65.97,17510,2022-03-01 20:50:00,VYMI
65.96,66.0527,65.94,66.0358,14826,2022-03-01 20:51:00,VYMI
66.05,66.1031,66.02,66.02,2475,2022-03-01 20:52:00,VYMI
66.04,66.04,66.035,66.035,892,2022-03-01 20:53:00,VYMI
66.045,66.11,66.045,66.11,650,2022-03-01 20:54:00,VYMI
66.11,66.145,66.11,66.135,753,2022-03-01 20:55:00,VYMI
66.16,66.2,66.16,66.2,1000,2022-03-01 20:56:00,VYMI
66.215,66.215,66.215,66.215,300,2022-03-01 20:57:00,VYMI
66.27,66.299,66.22,66.23,2931,2022-03-01 20:59:00,VYMI
66.27,66.27,66.27,66.27,372,2022-03-01 21:00:00,VYMI
66.56,66.56,66.4657,66.4657,9378,2022-03-02 14:30:00,VYMI
66.46,66.488,66.39,66.488,5266,2022-03-02 14:31:00,VYMI
66.41,66.495,66.4,66.45,5155,2022-03-02 14:33:00,VYMI
66.48,66.48,66.48,66.48,344,2022-03-02 14:34:00,VYMI
66.46,66.47,66.45,66.47,969,2022-03-02 14:35:00,VYMI
66.4,66.4,66.4,66.4,500,2022-03-02 14:36:00,VYMI
66.46,66.47,66.46,66.47,766,2022-03-02 14:37:00,VYMI
66.4484,66.4484,66.4484,66.4484,925,2022-03-02 14:38:00,VYMI
66.49,66.49,66.4458,66.4458,1135,2022-03-02 14:41:00,VYMI
66.545,66.545,66.545,66.545,100,2022-03-02 14:43:00,VYMI
66.54,66.54,66.51,66.51,1763,2022-03-02 14:44:00,VYMI
66.48,66.48,66.48,66.48,930,2022-03-02 14:45:00,VYMI
66.44,66.44,66.38,66.38,497,2022-03-02 14:46:00,VYMI
66.45,66.45,66.45,66.45,150,2022-03-02 14:47:00,VYMI
66.51,66.51,66.489,66.489,556,2022-03-02 14:48:00,VYMI
66.515,66.52,66.515,66.52,200,2022-03-02 14:49:00,VYMI
66.495,66.495,66.495,66.495,400,2022-03-02 14:50:00,VYMI
66.54,66.54,66.54,66.54,100,2022-03-02 14:51:00,VYMI
66.55,66.55,66.55,66.55,100,2022-03-02 14:52:00,VYMI
66.522,66.522,66.522,66.522,240,2022-03-02 14:53:00,VYMI
66.48,66.48,66.48,66.48,2629,2022-03-02 14:56:00,VYMI
66.492,66.5,66.492,66.5,2600,2022-03-02 14:57:00,VYMI
66.5,66.51,66.5,66.51,500,2022-03-02 14:58:00,VYMI
66.5,66.5,66.5,66.5,162,2022-03-02 14:59:00,VYMI
66.525,66.608,66.525,66.608,466,2022-03-02 15:02:00,VYMI
66.56,66.56,66.55,66.56,1600,2022-03-02 15:03:00,VYMI
66.61,66.61,66.61,66.61,100,2022-03-02 15:04:00,VYMI
66.58,66.58,66.58,66.58,166,2022-03-02 15:05:00,VYMI
66.54,66.54,66.4729,66.4729,755,2022-03-02 15:07:00,VYMI
66.48,66.49,66.46,66.46,1800,2022-03-02 15:08:00,VYMI
66.46,66.478,66.3653,66.4097,2630,2022-03-02 15:09:00,VYMI
66.37,66.4064,66.37,66.4064,493,2022-03-02 15:11:00,VYMI
66.41,66.41,66.38,66.38,325,2022-03-02 15:14:00,VYMI
66.38,66.4063,66.36,66.36,1426,2022-03-02 15:15:00,VYMI
66.36,66.3864,66.36,66.36,950,2022-03-02 15:16:00,VYMI
66.37,66.37,66.37,66.37,100,2022-03-02 15:17:00,VYMI
66.35,66.35,66.35,66.35,100,2022-03-02 15:18:00,VYMI
66.43,66.43,66.43,66.43,400,2022-03-02 15:20:00,VYMI
66.395,66.395,66.395,66.395,200,2022-03-02 15:22:00,VYMI
66.4264,66.4264,66.4264,66.4264,346,2022-03-02 15:24:00,VYMI
66.4,66.4,66.4,66.4,274,2022-03-02 15:25:00,VYMI
66.4,66.4,66.37,66.37,429,2022-03-02 15:26:00,VYMI
66.34,66.34,66.34,66.34,293,2022-03-02 15:27:00,VYMI
66.43,66.43,66.43,66.43,200,2022-03-02 15:28:00,VYMI
66.6419,66.6419,66.6419,66.6419,200,2022-03-02 15:29:00,VYMI
66.65,66.65,66.47,66.47,2300,2022-03-02 15:30:00,VYMI
66.44,66.456,66.405,66.405,1145,2022-03-02 15:31:00,VYMI
66.4372,66.47,66.4372,66.4403,847,2022-03-02 15:33:00,VYMI
66.515,66.515,66.515,66.515,150,2022-03-02 15:34:00,VYMI
66.445,66.445,66.445,66.445,300,2022-03-02 15:35:00,VYMI
66.505,66.519,66.505,66.519,819,2022-03-02 15:37:00,VYMI
66.47,66.51,66.47,66.51,21230,2022-03-02 15:38:00,VYMI
66.525,66.525,66.525,66.525,100,2022-03-02 15:39:00,VYMI
66.48,66.48,66.48,66.48,601,2022-03-02 15:40:00,VYMI
66.48,66.48,66.48,66.48,408,2022-03-02 15:41:00,VYMI
66.47,66.47,66.47,66.47,400,2022-03-02 15:42:00,VYMI
66.46,66.4774,66.46,66.46,512,2022-03-02 15:45:00,VYMI
66.45,66.45,66.44,66.44,600,2022-03-02 15:46:00,VYMI
66.463,66.463,66.44,66.44,8047,2022-03-02 15:48:00,VYMI
66.49,66.49,66.4139,66.49,1403,2022-03-02 15:49:00,VYMI
66.445,66.445,66.445,66.445,257,2022-03-02 15:51:00,VYMI
66.445,66.445,66.445,66.445,137,2022-03-02 15:52:00,VYMI
66.42,66.42,66.42,66.42,300,2022-03-02 15:53:00,VYMI
66.4,66.4,66.35,66.35,3100,2022-03-02 15:54:00,VYMI
66.355,66.355,66.355,66.355,145,2022-03-02 15:55:00,VYMI
66.4133,66.4133,66.3786,66.41,1839,2022-03-02 15:56:00,VYMI
66.3489,66.3489,66.3489,66.3489,157,2022-03-02 15:57:00,VYMI
66.5,66.5,66.5,66.5,100,2022-03-02 15:58:00,VYMI
66.445,66.4927,66.44,66.44,1320,2022-03-02 15:59:00,VYMI
66.451,66.481,66.4132,66.4132,2851,2022-03-02 16:00:00,VYMI
66.47,66.5,66.47,66.5,1436,2022-03-02 16:02:00,VYMI
66.58,66.62,66.58,66.62,1000,2022-03-02 16:03:00,VYMI
66.73,66.73,66.686,66.73,520,2022-03-02 16:04:00,VYMI
66.635,66.635,66.601,66.601,372,2022-03-02 16:05:00,VYMI
66.7019,66.7076,66.695,66.695,446,2022-03-02 16:06:00,VYMI
66.74,66.7699,66.74,66.7699,500,2022-03-02 16:07:00,VYMI
66.731,66.731,66.731,66.731,219,2022-03-02 16:09:00,VYMI
66.77,66.77,66.7428,66.7428,706,2022-03-02 16:16:00,VYMI
66.79,66.79,66.785,66.785,998,2022-03-02 16:17:00,VYMI
66.74,66.76,66.74,66.76,1109,2022-03-02 16:18:00,VYMI
66.7899,66.808,66.69,66.69,22007,2022-03-02 16:19:00,VYMI
66.8041,66.8041,66.8041,66.8041,482,2022-03-02 16:20:00,VYMI
66.766,66.766,66.766,66.766,374,2022-03-02 16:21:00,VYMI
66.71,66.7932,66.71,66.7932,204,2022-03-02 16:22:00,VYMI
66.75,66.75,66.75,66.75,200,2022-03-02 16:23:00,VYMI
66.7838,66.7838,66.7838,66.7838,178,2022-03-02 16:24:00,VYMI
66.79,66.79,66.79,66.79,300,2022-03-02 16:25:00,VYMI
66.85,66.85,66.78,66.78,1901,2022-03-02 16:26:00,VYMI
66.76,66.76,66.65,66.65,3882,2022-03-02 16:29:00,VYMI
66.79,66.79,66.785,66.785,200,2022-03-02 16:30:00,VYMI
66.89,66.9172,66.89,66.9172,1200,2022-03-02 16:31:00,VYMI
66.9568,66.9568,66.9568,66.9568,149,2022-03-02 16:33:00,VYMI
66.91,66.91,66.84,66.84,20260,2022-03-02 16:34:00,VYMI
66.75,66.75,66.725,66.725,470,2022-03-02 16:35:00,VYMI
66.655,66.655,66.655,66.655,200,2022-03-02 16:36:00,VYMI
66.705,66.705,66.6701,66.6701,314,2022-03-02 16:37:00,VYMI
66.79,66.79,66.735,66.7462,2552,2022-03-02 16:38:00,VYMI
66.7868,66.7868,66.7868,66.7868,860,2022-03-02 16:40:00,VYMI
66.73,66.73,66.73,66.73,338,2022-03-02 16:41:00,VYMI
66.7499,66.7499,66.66,66.66,575,2022-03-02 16:44:00,VYMI
66.71,66.745,66.71,66.745,500,2022-03-02 16:47:00,VYMI
66.705,66.715,66.6792,66.69,2900,2022-03-02 16:48:00,VYMI
66.7248,66.7248,66.7248,66.7248,100,2022-03-02 16:51:00,VYMI
66.715,66.715,66.715,66.715,100,2022-03-02 16:52:00,VYMI
66.75,66.78,66.75,66.78,2380,2022-03-02 16:53:00,VYMI
66.76,66.76,66.755,66.755,200,2022-03-02 16:54:00,VYMI
66.7999,66.7999,66.7999,66.7999,6000,2022-03-02 16:55:00,VYMI
66.76,66.76,66.76,66.76,1000,2022-03-02 16:58:00,VYMI
66.7669,66.7669,66.7669,66.7669,165,2022-03-02 16:59:00,VYMI
66.7996,66.7996,66.7381,66.7381,359,2022-03-02 17:02:00,VYMI
66.7944,66.81,66.77,66.77,2558,2022-03-02 17:04:00,VYMI
66.74,66.74,66.74,66.74,200,2022-03-02 17:05:00,VYMI
66.7569,66.81,66.7569,66.81,409,2022-03-02 17:06:00,VYMI
66.78,66.78,66.78,66.78,104,2022-03-02 17:08:00,VYMI
66.76,66.76,66.76,66.76,804,2022-03-02 17:09:00,VYMI
66.7712,66.8,66.7712,66.8,368,2022-03-02 17:11:00,VYMI
66.7704,66.7704,66.74,66.74,915,2022-03-02 17:16:00,VYMI
66.775,66.775,66.74,66.74,689,2022-03-02 17:18:00,VYMI
66.784,66.784,66.74,66.74,797,2022-03-02 17:19:00,VYMI
66.74,66.74,66.74,66.74,100,2022-03-02 17:21:00,VYMI
66.748,66.7495,66.748,66.7495,358,2022-03-02 17:22:00,VYMI
66.72,66.72,66.72,66.72,639,2022-03-02 17:24:00,VYMI
66.69,66.69,66.69,66.69,2532,2022-03-02 17:26:00,VYMI
66.74,66.74,66.74,66.74,800,2022-03-02 17:28:00,VYMI
66.72,66.72,66.72,66.72,149,2022-03-02 17:29:00,VYMI
66.7143,66.7143,66.7143,66.7143,891,2022-03-02 17:30:00,VYMI
66.7499,66.75,66.7499,66.75,324,2022-03-02 17:31:00,VYMI
66.6935,66.6935,66.6935,66.6935,382,2022-03-02 17:32:00,VYMI
66.72,66.72,66.71,66.71,210,2022-03-02 17:34:00,VYMI
66.74,66.755,66.73,66.73,16002,2022-03-02 17:35:00,VYMI
66.755,66.8089,66.755,66.8089,598,2022-03-02 17:36:00,VYMI
66.7862,66.7862,66.7862,66.7862,236,2022-03-02 17:37:00,VYMI
66.7589,66.7589,66.7589,66.7589,237,2022-03-02 17:39:00,VYMI
66.7895,66.7895,66.7895,66.7895,2196,2022-03-02 17:41:00,VYMI
66.79,66.79,66.79,66.79,100,2022-03-02 17:43:00,VYMI
66.8266,66.8266,66.8266,66.8266,1479,2022-03-02 17:45:00,VYMI
66.8,66.8,66.789,66.789,896,2022-03-02 17:47:00,VYMI
66.79,66.79,66.79,66.79,200,2022-03-02 17:50:00,VYMI
66.8295,66.8295,66.8295,66.8295,175,2022-03-02 17:55:00,VYMI
66.8,66.8,66.76,66.76,744,2022-03-02 17:56:00,VYMI
66.7085,66.7085,66.7085,66.7085,117,2022-03-02 17:58:00,VYMI
66.82,66.82,66.82,66.82,100,2022-03-02 17:59:00,VYMI
66.8214,66.8214,66.8214,66.8214,207,2022-03-02 18:00:00,VYMI
66.85,66.85,66.85,66.85,295,2022-03-02 18:02:00,VYMI
66.9016,66.9016,66.9016,66.9016,164,2022-03-02 18:03:00,VYMI
66.9,66.9,66.9,66.9,100,2022-03-02 18:04:00,VYMI
66.96,66.96,66.96,66.96,200,2022-03-02 18:07:00,VYMI
66.9983,66.9983,66.9983,66.9983,111,2022-03-02 18:09:00,VYMI
66.98,66.98,66.966,66.966,328,2022-03-02 18:14:00,VYMI
67.0,67.0,66.9466,66.9466,822,2022-03-02 18:17:00,VYMI
67.0004,67.0004,67.0004,67.0004,119,2022-03-02 18:18:00,VYMI
66.9988,66.9988,66.9988,66.9988,476,2022-03-02 18:19:00,VYMI
67.0046,67.0046,67.0046,67.0046,149,2022-03-02 18:22:00,VYMI
66.96,66.96,66.95,66.95,840,2022-03-02 18:24:00,VYMI
66.95,66.95,66.95,66.95,100,2022-03-02 18:25:00,VYMI
66.925,66.925,66.925,66.925,250,2022-03-02 18:27:00,VYMI
66.925,66.925,66.925,66.925,299,2022-03-02 18:29:00,VYMI
66.945,66.945,66.945,66.945,142,2022-03-02 18:31:00,VYMI
66.9295,66.9295,66.9295,66.9295,245,2022-03-02 18:32:00,VYMI
66.9295,66.986,66.9295,66.986,1989,2022-03-02 18:33:00,VYMI
66.98,67.0189,66.98,67.0189,1016,2022-03-02 18:34:00,VYMI
66.98,66.98,66.98,66.98,596,2022-03-02 18:35:00,VYMI
66.995,66.995,66.995,66.995,300,2022-03-02 18:42:00,VYMI
67.0067,67.0067,67.0067,67.0067,400,2022-03-02 18:43:00,VYMI
66.9501,66.9501,66.95,66.95,4524,2022-03-02 18:44:00,VYMI
66.9514,66.9514,66.9514,66.9514,195,2022-03-02 18:46:00,VYMI
66.9798,66.9798,66.9798,66.9798,400,2022-03-02 18:47:00,VYMI
66.98,66.98,66.95,66.9522,1554,2022-03-02 18:48:00,VYMI
66.93,66.93,66.93,66.93,350,2022-03-02 18:49:00,VYMI
66.935,66.935,66.935,66.935,250,2022-03-02 18:51:00,VYMI
66.9921,66.9921,66.9132,66.9132,502,2022-03-02 18:52:00,VYMI
66.9299,66.95,66.9299,66.95,756,2022-03-02 18:53:00,VYMI
66.897,67.0,66.897,66.954,750,2022-03-02 18:54:00,VYMI
66.9699,66.9699,66.9699,66.9699,1678,2022-03-02 18:56:00,VYMI
66.9014,66.945,66.9014,66.945,269,2022-03-02 18:59:00,VYMI
66.9693,66.9822,66.9291,66.9822,2127,2022-03-02 19:01:00,VYMI
66.9575,66.98,66.9575,66.98,1000,2022-03-02 19:03:00,VYMI
66.995,67.038,66.99,67.038,673,2022-03-02 19:09:00,VYMI
67.0386,67.0386,67.03,67.03,514,2022-03-02 19:13:00,VYMI
67.0199,67.0199,67.0199,67.0199,179,2022-03-02 19:17:00,VYMI
66.99,66.99,66.975,66.975,488,2022-03-02 19:18:00,VYMI
67.0,67.0,67.0,67.0,199,2022-03-02 19:21:00,VYMI
66.972,66.972,66.93,66.93,582,2022-03-02 19:22:00,VYMI
66.905,66.905,66.905,66.905,149,2022-03-02 19:24:00,VYMI
66.905,66.905,66.905,66.905,175,2022-03-02 19:25:00,VYMI
66.88,66.89,66.88,66.89,500,2022-03-02 19:26:00,VYMI
66.86,66.86,66.86,66.86,850,2022-03-02 19:27:00,VYMI
66.86,66.87,66.86,66.86,580,2022-03-02 19:28:00,VYMI
66.86,66.89,66.86,66.89,1731,2022-03-02 19:29:00,VYMI
66.87,66.87,66.87,66.87,100,2022-03-02 19:30:00,VYMI
66.86,66.88,66.86,66.87,1050,2022-03-02 19:31:00,VYMI
66.86,66.86,66.86,66.86,500,2022-03-02 19:32:00,VYMI
66.86,66.86,66.86,66.86,482,2022-03-02 19:33:00,VYMI
66.86,66.86,66.85,66.86,425,2022-03-02 19:34:00,VYMI
66.86,66.87,66.86,66.87,650,2022-03-02 19:35:00,VYMI
66.88,66.8981,66.88,66.8981,6058,2022-03-02 19:36:00,VYMI
66.895,66.895,66.89,66.89,200,2022-03-02 19:38:00,VYMI
66.92,66.92,66.92,66.92,119,2022-03-02 19:40:00,VYMI
66.8939,66.9183,66.8939,66.9183,1244,2022-03-02 19:42:00,VYMI
66.88,66.88,66.88,66.88,1230,2022-03-02 19:43:00,VYMI
66.885,66.885,66.885,66.885,150,2022-03-02 19:45:00,VYMI
66.8988,66.8988,66.8988,66.8988,249,2022-03-02 19:46:00,VYMI
66.86,66.86,66.85,66.85,450,2022-03-02 19:47:00,VYMI
66.83,66.83,66.785,66.785,674,2022-03-02 19:48:00,VYMI
66.85,66.85,66.85,66.85,100,2022-03-02 19:49:00,VYMI
66.8832,66.8832,66.8412,66.8412,1865,2022-03-02 19:51:00,VYMI
66.85,66.85,66.808,66.808,5500,2022-03-02 19:52:00,VYMI
66.8,66.81,66.8,66.81,707,2022-03-02 19:53:00,VYMI
66.78,66.78,66.7644,66.7644,678,2022-03-02 19:55:00,VYMI
66.78,66.78,66.78,66.78,200,2022-03-02 19:56:00,VYMI
66.76,66.76,66.76,66.76,100,2022-03-02 19:57:00,VYMI
66.73,66.75,66.73,66.75,200,2022-03-02 19:58:00,VYMI
66.78,66.78,66.75,66.75,302,2022-03-02 20:00:00,VYMI
66.77,66.77,66.77,66.77,200,2022-03-02 20:01:00,VYMI
66.79,66.79,66.79,66.79,100,2022-03-02 20:02:00,VYMI
66.81,66.85,66.81,66.84,2390,2022-03-02 20:03:00,VYMI
66.84,66.84,66.84,66.84,443,2022-03-02 20:04:00,VYMI
66.805,66.805,66.805,66.805,345,2022-03-02 20:06:00,VYMI
66.84,66.85,66.8001,66.8001,664,2022-03-02 20:07:00,VYMI
66.8125,66.82,66.8,66.8,1156,2022-03-02 20:08:00,VYMI
66.79,66.81,66.79,66.81,1400,2022-03-02 20:09:00,VYMI
66.8015,66.8015,66.8015,66.8015,299,2022-03-02 20:11:00,VYMI
66.78,66.78,66.78,66.78,262,2022-03-02 20:12:00,VYMI
66.77,66.7828,66.77,66.7828,1394,2022-03-02 20:13:00,VYMI
66.7659,66.7659,66.72,66.72,743,2022-03-02 20:14:00,VYMI
66.7,66.71,66.7,66.71,1434,2022-03-02 20:15:00,VYMI
66.715,66.715,66.715,66.715,155,2022-03-02 20:16:00,VYMI
66.73,66.74,66.73,66.74,1105,2022-03-02 20:18:00,VYMI
66.745,66.745,66.73,66.73,1107,2022-03-02 20:20:00,VYMI
66.76,66.76,66.73,66.7478,1123,2022-03-02 20:23:00,VYMI
66.7395,66.75,66.7395,66.75,1100,2022-03-02 20:24:00,VYMI
66.74,66.74,66.74,66.74,167,2022-03-02 20:25:00,VYMI
66.74,66.75,66.74,66.75,376,2022-03-02 20:26:00,VYMI
66.74,66.75,66.74,66.75,420,2022-03-02 20:27:00,VYMI
66.7484,66.76,66.7484,66.76,349,2022-03-02 20:28:00,VYMI
66.79,66.79,66.79,66.79,100,2022-03-02 20:29:00,VYMI
66.7632,66.81,66.7632,66.81,600,2022-03-02 20:30:00,VYMI
66.81,66.81,66.81,66.81,1142,2022-03-02 20:31:00,VYMI
66.81,66.83,66.795,66.8,2873,2022-03-02 20:32:00,VYMI
66.81,66.85,66.81,66.83,4331,2022-03-02 20:34:00,VYMI
66.83,66.83,66.81,66.81,999,2022-03-02 20:35:00,VYMI
66.83,66.8494,66.83,66.8494,326,2022-03-02 20:36:00,VYMI
66.85,66.85,66.84,66.85,700,2022-03-02 20:37:00,VYMI
66.85,66.85,66.83,66.83,900,2022-03-02 20:38:00,VYMI
66.82,66.82,66.82,66.82,170,2022-03-02 20:39:00,VYMI
66.795,66.795,66.795,66.795,150,2022-03-02 20:40:00,VYMI
66.81,66.81,66.8,66.8,559,2022-03-02 20:41:00,VYMI
66.81,66.81,66.79,66.79,2620,2022-03-02 20:42:00,VYMI
66.79,66.8,66.79,66.8,452,2022-03-02 20:43:00,VYMI
66.809,66.809,66.809,66.809,300,2022-03-02 20:44:00,VYMI
66.83,66.85,66.83,66.85,503,2022-03-02 20:45:00,VYMI
66.8425,66.89,66.84,66.88,3254,2022-03-02 20:46:00,VYMI
66.88,66.88,66.82,66.82,1051,2022-03-02 20:47:00,VYMI
66.854,66.854,66.854,66.854,106,2022-03-02 20:48:00,VYMI
66.855,66.885,66.855,66.87,800,2022-03-02 20:49:00,VYMI
66.885,66.885,66.8448,66.8448,641,2022-03-02 20:50:00,VYMI
66.93,66.93,66.93,66.93,100,2022-03-02 20:51:00,VYMI
66.95,66.95,66.95,66.95,100,2022-03-02 20:53:00,VYMI
66.91,66.91,66.91,66.91,129,2022-03-02 20:54:00,VYMI
66.9,66.9,66.885,66.885,1100,2022-03-02 20:55:00,VYMI
66.89,66.89,66.87,66.87,552,2022-03-02 20:57:00,VYMI
66.8891,66.8891,66.86,66.86,1600,2022-03-02 20:58:00,VYMI
66.85,66.89,66.84,66.84,700,2022-03-02 20:59:00,VYMI
66.94,66.94,66.94,66.94,322,2022-03-02 21:00:00,VYMI
66.76,66.76,66.54,66.55,16729,2022-03-03 14:30:00,VYMI
66.54,66.55,66.52,66.52,601,2022-03-03 14:31:00,VYMI
66.6409,66.6634,66.56,66.6634,2038,2022-03-03 14:32:00,VYMI
66.55,66.56,66.525,66.525,847,2022-03-03 14:33:00,VYMI
66.53,66.53,66.51,66.51,301,2022-03-03 14:34:00,VYMI
66.48,66.48,66.48,66.48,100,2022-03-03 14:35:00,VYMI
66.5101,66.5101,66.5101,66.5101,176,2022-03-03 14:36:00,VYMI
66.525,66.53,66.52,66.525,1000,2022-03-03 14:37:00,VYMI
66.52,66.52,66.48,66.48,489,2022-03-03 14:38:00,VYMI
66.5284,66.5465,66.5284,66.5465,524,2022-03-03 14:40:00,VYMI
66.545,66.55,66.52,66.52,1400,2022-03-03 14:41:00,VYMI
66.54,66.56,66.54,66.56,200,2022-03-03 14:42:00,VYMI
66.57,66.58,66.57,66.58,675,2022-03-03 14:43:00,VYMI
66.63,66.64,66.63,66.63,6178,2022-03-03 14:44:00,VYMI
66.64,66.67,66.64,66.65,1292,2022-03-03 14:45:00,VYMI
66.65,66.68,66.65,66.68,10373,2022-03-03 14:46:00,VYMI
66.69,66.69,66.67,66.67,1358,2022-03-03 14:47:00,VYMI
66.64,66.64,66.64,66.64,100,2022-03-03 14:48:00,VYMI
66.57,66.58,66.505,66.505,1871,2022-03-03 14:49:00,VYMI
66.51,66.53,66.51,66.53,510,2022-03-03 14:50:00,VYMI
66.54,66.54,66.52,66.525,1450,2022-03-03 14:51:00,VYMI
66.52,66.52,66.51,66.51,2104,2022-03-03 14:52:00,VYMI
66.5003,66.5003,66.5,66.5,3486,2022-03-03 14:53:00,VYMI
66.47,66.48,66.47,66.48,200,2022-03-03 14:55:00,VYMI
66.53,66.53,66.515,66.515,400,2022-03-03 14:56:00,VYMI
66.58,66.585,66.58,66.585,500,2022-03-03 14:57:00,VYMI
66.51,66.51,66.51,66.51,100,2022-03-03 14:58:00,VYMI
66.53,66.53,66.53,66.53,500,2022-03-03 14:59:00,VYMI
66.53,66.53,66.45,66.45,1260,2022-03-03 15:04:00,VYMI
66.46,66.46,66.46,66.46,100,2022-03-03 15:05:00,VYMI
66.45,66.45,66.45,66.45,100,2022-03-03 15:06:00,VYMI
66.44,66.44,66.44,66.44,100,2022-03-03 15:08:00,VYMI
66.49,66.49,66.48,66.48,300,2022-03-03 15:10:00,VYMI
66.5,66.5,66.5,66.5,500,2022-03-03 15:12:00,VYMI
66.47,66.5242,66.47,66.5242,550,2022-03-03 15:14:00,VYMI
66.5,66.5,66.5,66.5,100,2022-03-03 15:15:00,VYMI
66.5,66.5,66.4442,66.4442,2344,2022-03-03 15:16:00,VYMI
66.464,66.4672,66.464,66.4672,341,2022-03-03 15:17:00,VYMI
66.4767,66.48,66.47,66.47,1440,2022-03-03 15:18:00,VYMI
66.46,66.46,66.46,66.46,100,2022-03-03 15:19:00,VYMI
66.43,66.43,66.39,66.39,1267,2022-03-03 15:21:00,VYMI
66.39,66.39,66.39,66.39,300,2022-03-03 15:22:00,VYMI
66.3339,66.3339,66.3339,66.3339,208,2022-03-03 15:23:00,VYMI
66.345,66.36,66.345,66.36,1519,2022-03-03 15:25:00,VYMI
66.34,66.34,66.328,66.336,1742,2022-03-03 15:26:00,VYMI
66.365,66.365,66.365,66.365,301,2022-03-03 15:27:00,VYMI
66.36,66.395,66.36,66.395,1176,2022-03-03 15:28:00,VYMI
66.4,66.4,66.4,66.4,200,2022-03-03 15:29:00,VYMI
66.39,66.39,66.39,66.39,100,2022-03-03 15:31:00,VYMI
66.39,66.39,66.355,66.355,900,2022-03-03 15:32:00,VYMI
66.4,66.4,66.4,66.4,375,2022-03-03 15:33:00,VYMI
66.38,66.38,66.28,66.28,2977,2022-03-03 15:34:00,VYMI
66.2835,66.36,66.282,66.34,2613,2022-03-03 15:35:00,VYMI
66.32,66.3554,66.32,66.32,632,2022-03-03 15:36:00,VYMI
66.2928,66.2928,66.27,66.27,611,2022-03-03 15:37:00,VYMI
66.26,66.26,66.26,66.26,900,2022-03-03 15:38:00,VYMI
66.26,66.26,66.25,66.25,300,2022-03-03 15:39:00,VYMI
66.26,66.26,66.25,66.25,700,2022-03-03 15:40:00,VYMI
66.2443,66.2443,66.21,66.2336,800,2022-03-03 15:42:00,VYMI
66.21,66.23,66.12,66.12,838,2022-03-03 15:43:00,VYMI
66.1919,66.1919,66.18,66.18,500,2022-03-03 15:44:00,VYMI
66.157,66.157,66.157,66.157,600,2022-03-03 15:45:00,VYMI
66.1231,66.1231,66.1231,66.1231,264,2022-03-03 15:46:00,VYMI
66.11,66.11,66.11,66.11,100,2022-03-03 15:47:00,VYMI
66.14,66.17,66.14,66.16,4661,2022-03-03 15:48:00,VYMI
66.17,66.17,66.15,66.15,1243,2022-03-03 15:50:00,VYMI
66.19,66.19,66.14,66.14,1100,2022-03-03 15:51:00,VYMI
66.17,66.17,66.16,66.16,200,2022-03-03 15:53:00,VYMI
66.08,66.145,66.08,66.12,300,2022-03-03 15:54:00,VYMI
66.1,66.1,66.1,66.1,100,2022-03-03 15:56:00,VYMI
66.07,66.07,66.07,66.07,186,2022-03-03 15:57:00,VYMI
66.07,66.07,66.07,66.07,300,2022-03-03 15:58:00,VYMI
66.06,66.06,66.03,66.03,839,2022-03-03 15:59:00,VYMI
66.0205,66.0467,66.0205,66.0467,271,2022-03-03 16:01:00,VYMI
66.0295,66.0295,66.02,66.02,600,2022-03-03 16:02:00,VYMI
66.0177,66.0177,65.95,65.95,642,2022-03-03 16:03:00,VYMI
65.9474,66.0103,65.9474,66.0103,650,2022-03-03 16:04:00,VYMI
65.975,65.975,65.93,65.93,475,2022-03-03 16:05:00,VYMI
65.96,65.965,65.96,65.965,300,2022-03-03 16:06:00,VYMI
65.93,65.9754,65.93,65.97,780,2022-03-03 16:07:00,VYMI
65.975,66.01,65.975,66.0077,700,2022-03-03 16:08:00,VYMI
66.02,66.04,65.995,65.995,783,2022-03-03 16:09:00,VYMI
66.0,66.0,65.96,65.975,500,2022-03-03 16:10:00,VYMI
65.97,65.97,65.97,65.97,100,2022-03-03 16:11:00,VYMI
65.94,65.9452,65.89,65.89,519,2022-03-03 16:12:00,VYMI
65.9218,65.9218,65.8751,65.8751,500,2022-03-03 16:13:00,VYMI
65.88,65.88,65.88,65.88,100,2022-03-03 16:14:00,VYMI
65.85,65.85,65.7743,65.7972,2250,2022-03-03 16:15:00,VYMI
65.79,65.825,65.79,65.825,1523,2022-03-03 16:16:00,VYMI
65.83,65.85,65.83,65.85,200,2022-03-03 16:17:00,VYMI
65.865,65.865,65.865,65.865,225,2022-03-03 16:18:00,VYMI
65.87,65.87,65.86,65.86,200,2022-03-03 16:19:00,VYMI
65.91,65.91,65.91,65.91,1000,2022-03-03 16:20:00,VYMI
65.9,65.9,65.9,65.9,100,2022-03-03 16:21:00,VYMI
65.94,65.98,65.94,65.98,2869,2022-03-03 16:22:00,VYMI
65.985,65.985,65.98,65.98,1150,2022-03-03 16:23:00,VYMI
66.005,66.02,66.0,66.0,1473,2022-03-03 16:24:00,VYMI
66.0,66.0,65.9065,65.9065,6497,2022-03-03 16:25:00,VYMI
65.988,65.992,65.9634,65.9634,3261,2022-03-03 16:26:00,VYMI
65.98,65.99,65.98,65.99,450,2022-03-03 16:27:00,VYMI
65.98,65.98,65.93,65.93,7024,2022-03-03 16:28:00,VYMI
65.9,65.9,65.9,65.9,200,2022-03-03 16:29:00,VYMI
65.91,65.91,65.88,65.88,300,2022-03-03 16:30:00,VYMI
65.86,65.88,65.86,65.88,600,2022-03-03 16:31:00,VYMI
65.8708,65.8708,65.8481,65.8481,3493,2022-03-03 16:32:00,VYMI
65.83,65.83,65.83,65.83,300,2022-03-03 16:33:00,VYMI
65.83,65.89,65.83,65.89,400,2022-03-03 16:34:00,VYMI
65.88,65.8938,65.875,65.8938,600,2022-03-03 16:35:00,VYMI
65.8772,65.8772,65.8772,65.8772,265,2022-03-03 16:36:00,VYMI
65.84,65.84,65.81,65.81,2000,2022-03-03 16:37:00,VYMI
65.785,65.785,65.785,65.785,157,2022-03-03 16:38:00,VYMI
65.785,65.81,65.785,65.81,952,2022-03-03 16:39:00,VYMI
65.84,65.84,65.84,65.84,100,2022-03-03 16:41:00,VYMI
65.83,65.85,65.83,65.85,344,2022-03-03 16:42:00,VYMI
65.94,65.94,65.94,65.94,468,2022-03-03 16:44:00,VYMI
65.9,65.9176,65.9,65.9176,667,2022-03-03 16:45:00,VYMI
65.9089,65.9089,65.9089,65.9089,103,2022-03-03 16:47:00,VYMI
65.9,65.9,65.9,65.9,100,2022-03-03 16:48:00,VYMI
65.89,65.89,65.87,65.8764,634,2022-03-03 16:49:00,VYMI
65.845,65.86,65.845,65.86,800,2022-03-03 16:51:00,VYMI
65.88,65.88,65.87,65.88,500,2022-03-03 16:55:00,VYMI
65.87,65.87,65.78,65.78,3180,2022-03-03 16:56:00,VYMI
65.868,65.868,65.868,65.868,1120,2022-03-03 16:57:00,VYMI
65.88,65.9,65.88,65.9,656,2022-03-03 16:58:00,VYMI
65.93,65.93,65.914,65.914,1050,2022-03-03 16:59:00,VYMI
65.85,65.85,65.85,65.85,100,2022-03-03 17:00:00,VYMI
65.92,65.92,65.8713,65.9,400,2022-03-03 17:01:00,VYMI
65.92,65.92,65.91,65.91,200,2022-03-03 17:03:00,VYMI
65.93,65.94,65.92,65.93,1379,2022-03-03 17:05:00,VYMI
65.91,65.91,65.91,65.91,100,2022-03-03 17:06:00,VYMI
65.9,65.9,65.9,65.9,100,2022-03-03 17:07:00,VYMI
65.98,65.98,65.97,65.97,200,2022-03-03 17:09:00,VYMI
65.98,65.98,65.97,65.97,200,2022-03-03 17:10:00,VYMI
66.03,66.05,66.03,66.05,2100,2022-03-03 17:12:00,VYMI
66.04,66.04,66.02,66.02,1550,2022-03-03 17:13:00,VYMI
66.005,66.005,65.99,65.99,1100,2022-03-03 17:14:00,VYMI
65.98,65.98,65.98,65.98,156,2022-03-03 17:16:00,VYMI
66.0272,66.0272,66.0,66.0,800,2022-03-03 17:17:00,VYMI
66.005,66.005,66.005,66.005,120,2022-03-03 17:18:00,VYMI
66.0,66.0,65.98,65.98,400,2022-03-03 17:19:00,VYMI
65.9658,65.9658,65.94,65.95,1004,2022-03-03 17:20:00,VYMI
65.94,65.94,65.94,65.94,323,2022-03-03 17:21:00,VYMI
65.91,65.92,65.91,65.92,200,2022-03-03 17:22:00,VYMI
65.93,65.93,65.8792,65.8792,575,2022-03-03 17:23:00,VYMI
65.9079,65.9079,65.89,65.89,261,2022-03-03 17:24:00,VYMI
65.888,65.888,65.888,65.888,104,2022-03-03 17:25:00,VYMI
65.89,65.89,65.89,65.89,700,2022-03-03 17:26:00,VYMI
65.88,65.89,65.83,65.83,7272,2022-03-03 17:27:00,VYMI
65.83,65.84,65.82,65.83,1450,2022-03-03 17:28:00,VYMI
65.83,65.83,65.8106,65.82,342,2022-03-03 17:29:00,VYMI
65.85,65.87,65.85,65.87,2275,2022-03-03 17:30:00,VYMI
65.94,65.967,65.9,65.967,4013,2022-03-03 17:31:00,VYMI
66.01,66.01,65.98,65.99,325,2022-03-03 17:32:00,VYMI
66.03,66.18,66.03,66.18,5995,2022-03-03 17:33:00,VYMI
66.26,66.2999,66.105,66.105,3135,2022-03-03 17:34:00,VYMI
66.22,66.22,66.22,66.22,373,2022-03-03 17:35:00,VYMI
66.25,66.27,66.25,66.27,200,2022-03-03 17:36:00,VYMI
66.26,66.26,66.26,66.26,100,2022-03-03 17:37:00,VYMI
66.2275,66.2275,66.22,66.22,500,2022-03-03 17:38:00,VYMI
66.11,66.11,66.09,66.09,1257,2022-03-03 17:39:00,VYMI
66.04,66.04,66.04,66.04,100,2022-03-03 17:40:00,VYMI
66.02,66.02,66.01,66.01,400,2022-03-03 17:41:00,VYMI
66.04,66.04,66.03,66.03,1200,2022-03-03 17:43:00,VYMI
66.045,66.045,66.045,66.045,116,2022-03-03 17:44:00,VYMI
66.0577,66.0577,66.02,66.02,587,2022-03-03 17:45:00,VYMI
66.04,66.09,66.03,66.09,1699,2022-03-03 17:46:00,VYMI
66.0895,66.0895,66.0895,66.0895,150,2022-03-03 17:47:00,VYMI
66.11,66.11,66.0401,66.075,5000,2022-03-03 17:49:00,VYMI
66.08,66.08,66.065,66.065,1096,2022-03-03 17:50:00,VYMI
66.07,66.07,66.04,66.04,219,2022-03-03 17:51:00,VYMI
66.04,66.04,66.04,66.04,100,2022-03-03 17:52:00,VYMI
66.05,66.05,66.04,66.04,300,2022-03-03 17:53:00,VYMI
66.04,66.04,66.04,66.04,200,2022-03-03 17:55:00,VYMI
66.0638,66.0638,66.06,66.06,206,2022-03-03 17:56:00,VYMI
66.07,66.07,66.07,66.07,300,2022-03-03 17:57:00,VYMI
66.11,66.11,66.11,66.11,400,2022-03-03 17:59:00,VYMI
66.085,66.085,66.08,66.08,3427,2022-03-03 18:00:00,VYMI
66.095,66.095,66.08,66.08,2941,2022-03-03 18:01:00,VYMI
66.06,66.06,66.045,66.045,1392,2022-03-03 18:02:00,VYMI
66.08,66.08,66.08,66.08,100,2022-03-03 18:03:00,VYMI
66.12,66.15,66.12,66.15,291,2022-03-03 18:05:00,VYMI
66.19,66.19,66.16,66.16,651,2022-03-03 18:06:00,VYMI
66.16,66.16,66.1597,66.1597,389,2022-03-03 18:07:00,VYMI
66.14,66.14,66.14,66.14,300,2022-03-03 18:08:00,VYMI
66.12,66.12,66.101,66.101,208,2022-03-03 18:09:00,VYMI
66.1263,66.1263,66.1263,66.1263,252,2022-03-03 18:10:00,VYMI
66.095,66.095,66.095,66.095,200,2022-03-03 18:11:00,VYMI
66.16,66.16,66.15,66.15,800,2022-03-03 18:13:00,VYMI
66.19,66.2,66.19,66.2,738,2022-03-03 18:16:00,VYMI
66.2,66.2,66.1952,66.1952,1007,2022-03-03 18:17:00,VYMI
66.19,66.19,66.19,66.19,200,2022-03-03 18:18:00,VYMI
66.19,66.2,66.19,66.2,500,2022-03-03 18:19:00,VYMI
66.19,66.19,66.19,66.19,400,2022-03-03 18:20:00,VYMI
66.2,66.2,66.19,66.19,400,2022-03-03 18:21:00,VYMI
66.18,66.18,66.18,66.18,100,2022-03-03 18:22:00,VYMI
66.19,66.1964,66.19,66.19,638,2022-03-03 18:23:00,VYMI
66.1937,66.1937,66.1937,66.1937,170,2022-03-03 18:24:00,VYMI
66.205,66.2062,66.1986,66.1986,1676,2022-03-03 18:25:00,VYMI
66.18,66.18,66.18,66.18,400,2022-03-03 18:27:00,VYMI
66.18,66.18,66.17,66.17,400,2022-03-03 18:28:00,VYMI
66.18,66.19,66.18,66.19,400,2022-03-03 18:29:00,VYMI
66.17,66.17,66.16,66.16,600,2022-03-03 18:30:00,VYMI
66.15,66.15,66.14,66.14,600,2022-03-03 18:31:00,VYMI
66.11,66.11,66.1,66.1,200,2022-03-03 18:32:00,VYMI
66.125,66.125,66.12,66.12,1200,2022-03-03 18:33:00,VYMI
66.12,66.13,66.11,66.11,2770,2022-03-03 18:34:00,VYMI
66.11,66.11,66.11,66.11,556,2022-03-03 18:36:00,VYMI
66.1,66.1,66.09,66.09,200,2022-03-03 18:37:00,VYMI
66.0946,66.1,66.08,66.08,1488,2022-03-03 18:38:00,VYMI
66.07,66.07,66.0699,66.0699,250,2022-03-03 18:39:00,VYMI
66.07,66.07,66.0421,66.0421,721,2022-03-03 18:40:00,VYMI
66.07,66.07,66.05,66.05,300,2022-03-03 18:41:00,VYMI
66.02,66.02,66.02,66.02,100,2022-03-03 18:42:00,VYMI
66.03,66.05,66.03,66.04,2849,2022-03-03 18:43:00,VYMI
66.035,66.05,66.03,66.05,798,2022-03-03 18:44:00,VYMI
66.04,66.06,66.04,66.05,3979,2022-03-03 18:45:00,VYMI
66.06,66.06,66.0363,66.0363,857,2022-03-03 18:46:00,VYMI
66.05,66.05,66.05,66.05,1054,2022-03-03 18:47:00,VYMI
66.04,66.04,66.02,66.02,371,2022-03-03 18:48:00,VYMI
66.03,66.04,66.03,66.04,500,2022-03-03 18:49:00,VYMI
66.09,66.09,66.0864,66.0864,424,2022-03-03 18:50:00,VYMI
66.09,66.0928,66.09,66.0928,500,2022-03-03 18:51:00,VYMI
66.07,66.07,66.06,66.06,356,2022-03-03 18:52:00,VYMI
66.07,66.07,66.07,66.07,400,2022-03-03 18:53:00,VYMI
66.05,66.05,66.05,66.05,100,2022-03-03 18:54:00,VYMI
66.07,66.08,66.065,66.08,2978,2022-03-03 18:56:00,VYMI
66.087,66.087,66.087,66.087,259,2022-03-03 18:57:00,VYMI
66.06,66.06,66.055,66.055,400,2022-03-03 18:58:00,VYMI
66.04,66.04,66.04,66.04,500,2022-03-03 18:59:00,VYMI
66.05,66.05,66.05,66.05,200,2022-03-03 19:00:00,VYMI
66.09,66.1,66.09,66.1,300,2022-03-03 19:03:00,VYMI
66.06,66.06,66.06,66.06,257,2022-03-03 19:04:00,VYMI
66.06,66.06,66.04,66.04,1927,2022-03-03 19:05:00,VYMI
66.065,66.0701,66.056,66.0701,1052,2022-03-03 19:06:00,VYMI
66.07,66.0764,66.06,66.06,2124,2022-03-03 19:07:00,VYMI
66.06,66.06,66.05,66.05,350,2022-03-03 19:08:00,VYMI
66.04,66.04,66.03,66.03,200,2022-03-03 19:10:00,VYMI
66.055,66.055,66.05,66.05,1033,2022-03-03 19:11:00,VYMI
66.08,66.1365,66.08,66.12,2101,2022-03-03 19:12:00,VYMI
66.1193,66.1193,66.1193,66.1193,435,2022-03-03 19:13:00,VYMI
66.15,66.17,66.15,66.17,200,2022-03-03 19:14:00,VYMI
66.15,66.15,66.13,66.13,718,2022-03-03 19:15:00,VYMI
66.1206,66.1206,66.1206,66.1206,150,2022-03-03 19:16:00,VYMI
66.18,66.18,66.16,66.16,751,2022-03-03 19:17:00,VYMI
66.15,66.15,66.15,66.15,200,2022-03-03 19:18:00,VYMI
66.1303,66.159,66.1303,66.14,1164,2022-03-03 19:19:00,VYMI
66.11,66.11,66.08,66.085,700,2022-03-03 19:20:00,VYMI
66.1,66.1,66.1,66.1,100,2022-03-03 19:21:00,VYMI
66.08,66.08,66.08,66.08,235,2022-03-03 19:22:00,VYMI
66.08,66.08,66.08,66.08,200,2022-03-03 19:23:00,VYMI
66.07,66.07,66.0499,66.0499,1694,2022-03-03 19:24:00,VYMI
66.08,66.08,66.08,66.08,1164,2022-03-03 19:25:00,VYMI
66.08,66.08,66.07,66.08,600,2022-03-03 19:26:00,VYMI
66.07,66.08,66.07,66.08,1380,2022-03-03 19:27:00,VYMI
66.09,66.09,66.07,66.07,631,2022-03-03 19:28:00,VYMI
66.08,66.08,66.0564,66.0564,978,2022-03-03 19:29:00,VYMI
66.07,66.07,66.05,66.05,347,2022-03-03 19:30:00,VYMI
66.04,66.05,66.0388,66.05,18915,2022-03-03 19:32:00,VYMI
66.035,66.0404,66.015,66.03,1482,2022-03-03 19:33:00,VYMI
66.02,66.02,66.0,66.02,1236,2022-03-03 19:34:00,VYMI
66.03,66.03,66.003,66.003,1210,2022-03-03 19:35:00,VYMI
66.0,66.0099,65.99,65.99,866,2022-03-03 19:36:00,VYMI
65.99,65.99,65.975,65.975,1200,2022-03-03 19:37:00,VYMI
65.976,65.98,65.97,65.97,2186,2022-03-03 19:38:00,VYMI
65.97,65.98,65.97,65.97,2300,2022-03-03 19:39:00,VYMI
65.97,65.97,65.97,65.97,100,2022-03-03 19:40:00,VYMI
65.98,65.98,65.98,65.98,963,2022-03-03 19:41:00,VYMI
65.9866,65.9866,65.9866,65.9866,300,2022-03-03 19:42:00,VYMI
65.96,65.96,65.94,65.94,300,2022-03-03 19:43:00,VYMI
65.92,65.92,65.9,65.91,800,2022-03-03 19:44:00,VYMI
65.93,65.93,65.91,65.91,1961,2022-03-03 19:45:00,VYMI
65.9,65.9,65.88,65.88,745,2022-03-03 19:46:00,VYMI
65.87,65.87,65.87,65.87,100,2022-03-03 19:47:00,VYMI
65.89,65.89,65.88,65.88,300,2022-03-03 19:49:00,VYMI
65.85,65.85,65.85,65.85,759,2022-03-03 19:50:00,VYMI
65.84,65.84,65.83,65.83,200,2022-03-03 19:51:00,VYMI
65.82,65.83,65.81,65.81,1200,2022-03-03 19:52:00,VYMI
65.87,65.88,65.84,65.84,1060,2022-03-03 19:53:00,VYMI
65.84,65.8491,65.84,65.8491,633,2022-03-03 19:54:00,VYMI
65.84,65.84,65.82,65.82,775,2022-03-03 19:55:00,VYMI
65.845,65.845,65.845,65.845,1410,2022-03-03 19:56:00,VYMI
65.855,65.855,65.855,65.855,100,2022-03-03 19:57:00,VYMI
65.85,65.85,65.83,65.84,1498,2022-03-03 19:58:00,VYMI
65.8499,65.85,65.8499,65.85,438,2022-03-03 19:59:00,VYMI
65.83,65.84,65.81,65.81,1127,2022-03-03 20:00:00,VYMI
65.8,65.8,65.8,65.8,200,2022-03-03 20:01:00,VYMI
65.7999,65.7999,65.7999,65.7999,144,2022-03-03 20:02:00,VYMI
65.8,65.8,65.8,65.8,300,2022-03-03 20:03:00,VYMI
65.79,65.79,65.77,65.77,1500,2022-03-03 20:04:00,VYMI
65.82,65.82,65.8,65.8,594,2022-03-03 20:06:00,VYMI
65.77,65.78,65.75,65.75,1341,2022-03-03 20:07:00,VYMI
65.74,65.75,65.74,65.74,400,2022-03-03 20:09:00,VYMI
65.7464,65.77,65.74,65.77,1002,2022-03-03 20:10:00,VYMI
65.77,65.77,65.76,65.77,436,2022-03-03 20:11:00,VYMI
65.75,65.75,65.75,65.75,100,2022-03-03 20:12:00,VYMI
65.77,65.78,65.76,65.76,600,2022-03-03 20:15:00,VYMI
65.78,65.78,65.78,65.78,800,2022-03-03 20:16:00,VYMI
65.8,65.82,65.8,65.805,2895,2022-03-03 20:17:00,VYMI
65.85,65.85,65.84,65.84,300,2022-03-03 20:18:00,VYMI
65.83,65.83,65.83,65.83,300,2022-03-03 20:19:00,VYMI
65.82,65.83,65.82,65.825,1639,2022-03-03 20:20:00,VYMI
65.82,65.82,65.79,65.79,600,2022-03-03 20:21:00,VYMI
65.8,65.8,65.78,65.8,668,2022-03-03 20:22:00,VYMI
65.8,65.8,65.79,65.79,1700,2022-03-03 20:23:00,VYMI
65.81,65.82,65.81,65.81,600,2022-03-03 20:24:00,VYMI
65.81,65.82,65.81,65.8155,864,2022-03-03 20:25:00,VYMI
65.83,65.83,65.83,65.83,100,2022-03-03 20:26:00,VYMI
65.85,65.86,65.85,65.86,500,2022-03-03 20:27:00,VYMI
65.89,65.89,65.89,65.89,100,2022-03-03 20:28:00,VYMI
65.906,65.92,65.906,65.91,724,2022-03-03 20:29:00,VYMI
65.91,65.91,65.88,65.9,983,2022-03-03 20:30:00,VYMI
65.875,65.875,65.875,65.875,910,2022-03-03 20:31:00,VYMI
65.85,65.85,65.839,65.839,400,2022-03-03 20:32:00,VYMI
65.82,65.82,65.81,65.82,1600,2022-03-03 20:33:00,VYMI
65.8,65.8,65.77,65.79,525,2022-03-03 20:34:00,VYMI
65.7756,65.7756,65.77,65.77,368,2022-03-03 20:36:00,VYMI
65.76,65.77,65.76,65.77,724,2022-03-03 20:37:00,VYMI
65.77,65.8,65.76,65.79,1225,2022-03-03 20:38:00,VYMI
65.83,65.84,65.82,65.82,1300,2022-03-03 20:39:00,VYMI
65.82,65.82,65.81,65.81,1300,2022-03-03 20:40:00,VYMI
65.81,65.83,65.81,65.83,700,2022-03-03 20:41:00,VYMI
65.83,65.84,65.79,65.79,1300,2022-03-03 20:42:00,VYMI
65.795,65.795,65.79,65.79,200,2022-03-03 20:43:00,VYMI
65.785,65.785,65.77,65.77,1819,2022-03-03 20:44:00,VYMI
65.765,65.77,65.76,65.76,1100,2022-03-03 20:45:00,VYMI
65.75,65.75,65.745,65.745,1213,2022-03-03 20:46:00,VYMI
65.78,65.79,65.78,65.78,1600,2022-03-03 20:47:00,VYMI
65.8,65.8,65.8,65.8,100,2022-03-03 20:48:00,VYMI
65.7936,65.7936,65.79,65.79,313,2022-03-03 20:49:00,VYMI
65.8,65.86,65.77,65.86,5120,2022-03-03 20:50:00,VYMI
65.875,65.875,65.855,65.86,450,2022-03-03 20:51:00,VYMI
65.8501,65.8679,65.8501,65.8679,640,2022-03-03 20:52:00,VYMI
65.89,65.89,65.89,65.89,100,2022-03-03 20:53:00,VYMI
65.89,65.89,65.87,65.88,614,2022-03-03 20:54:00,VYMI
65.87,65.87,65.85,65.86,2431,2022-03-03 20:55:00,VYMI
65.86,65.9,65.86,65.9,760,2022-03-03 20:56:00,VYMI
65.9,65.9,65.89,65.89,300,2022-03-03 20:57:00,VYMI
65.89,65.92,65.89,65.92,1133,2022-03-03 20:58:00,VYMI
65.9399,65.95,65.9,65.905,4596,2022-03-03 20:59:00,VYMI
65.91,65.91,65.91,65.91,111,2022-03-03 21:00:00,VYMI
65.0,65.0,64.98,64.98,766,2022-03-04 13:54:00,VYMI
64.6,64.61,64.6,64.61,1700,2022-03-04 14:27:00,VYMI
64.6,64.6,64.53,64.56,58130,2022-03-04 14:30:00,VYMI
64.5592,64.5592,64.5592,64.5592,749,2022-03-04 14:31:00,VYMI
64.52,64.53,64.4201,64.4201,7577,2022-03-04 14:32:00,VYMI
64.47,64.48,64.45,64.48,900,2022-03-04 14:33:00,VYMI
64.5084,64.53,64.5084,64.53,220,2022-03-04 14:34:00,VYMI
64.545,64.57,64.545,64.5695,2831,2022-03-04 14:35:00,VYMI
64.5657,64.5657,64.52,64.55,1930,2022-03-04 14:36:00,VYMI
64.515,64.53,64.51,64.51,1074,2022-03-04 14:37:00,VYMI
64.51,64.57,64.51,64.57,900,2022-03-04 14:38:00,VYMI
64.555,64.56,64.52,64.56,2743,2022-03-04 14:39:00,VYMI
64.5,64.5001,64.4636,64.48,8085,2022-03-04 14:40:00,VYMI
64.49,64.49,64.47,64.48,9200,2022-03-04 14:41:00,VYMI
64.47,64.47,64.45,64.465,2700,2022-03-04 14:42:00,VYMI
64.47,64.5299,64.47,64.5299,1077,2022-03-04 14:43:00,VYMI
64.5,64.5,64.5,64.5,100,2022-03-04 14:44:00,VYMI
64.465,64.465,64.43,64.44,4934,2022-03-04 14:45:00,VYMI
64.42,64.42,64.336,64.336,579,2022-03-04 14:46:00,VYMI
64.42,64.42,64.37,64.38,3000,2022-03-04 14:47:00,VYMI
64.36,64.3798,64.35,64.3798,1101,2022-03-04 14:48:00,VYMI
64.35,64.35,64.34,64.34,676,2022-03-04 14:49:00,VYMI
64.33,64.37,64.33,64.36,500,2022-03-04 14:50:00,VYMI
64.34,64.35,64.33,64.33,2153,2022-03-04 14:51:00,VYMI
64.34,64.3758,64.34,64.35,1500,2022-03-04 14:52:00,VYMI
64.39,64.39,64.36,64.39,2666,2022-03-04 14:53:00,VYMI
64.34,64.34,64.34,64.34,300,2022-03-04 14:54:00,VYMI
64.354,64.36,64.35,64.36,450,2022-03-04 14:55:00,VYMI
64.3564,64.3799,64.34,64.3799,800,2022-03-04 14:56:00,VYMI
64.4,64.4497,64.4,64.4497,692,2022-03-04 14:57:00,VYMI
64.47,64.5352,64.47,64.505,5674,2022-03-04 14:58:00,VYMI
64.53,64.53,64.53,64.53,230,2022-03-04 14:59:00,VYMI
64.57,64.57,64.57,64.57,700,2022-03-04 15:00:00,VYMI
64.585,64.585,64.555,64.555,524,2022-03-04 15:01:00,VYMI
64.531,64.5393,64.51,64.51,2012,2022-03-04 15:02:00,VYMI
64.475,64.475,64.475,64.475,125,2022-03-04 15:03:00,VYMI
64.5055,64.5055,64.48,64.48,204,2022-03-04 15:04:00,VYMI
64.49,64.49,64.45,64.46,2558,2022-03-04 15:05:00,VYMI
64.44,64.446,64.44,64.44,704,2022-03-04 15:06:00,VYMI
64.415,64.415,64.415,64.415,200,2022-03-04 15:08:00,VYMI
64.41,64.41,64.4,64.4,1700,2022-03-04 15:10:00,VYMI
64.33,64.35,64.33,64.35,980,2022-03-04 15:11:00,VYMI
64.34,64.3535,64.34,64.3535,690,2022-03-04 15:12:00,VYMI
64.3562,64.3562,64.32,64.35,3354,2022-03-04 15:13:00,VYMI
64.37,64.37,64.29,64.33,20322,2022-03-04 15:14:00,VYMI
64.3,64.3371,64.29,64.31,21043,2022-03-04 15:15:00,VYMI
64.32,64.34,64.28,64.34,2070,2022-03-04 15:16:00,VYMI
64.3099,64.31,64.3099,64.31,235,2022-03-04 15:17:00,VYMI
64.32,64.32,64.29,64.31,600,2022-03-04 15:19:00,VYMI
64.315,64.33,64.315,64.33,200,2022-03-04 15:20:00,VYMI
64.34,64.36,64.3,64.3,800,2022-03-04 15:21:00,VYMI
64.33,64.33,64.33,64.33,100,2022-03-04 15:22:00,VYMI
64.33,64.33,64.3103,64.3103,225,2022-03-04 15:23:00,VYMI
64.3,64.3,64.3,64.3,241,2022-03-04 15:24:00,VYMI
64.29,64.34,64.29,64.34,594,2022-03-04 15:25:00,VYMI
64.335,64.3554,64.335,64.3554,1000,2022-03-04 15:26:00,VYMI
64.35,64.35,64.35,64.35,155,2022-03-04 15:27:00,VYMI
64.33,64.34,64.33,64.34,200,2022-03-04 15:28:00,VYMI
64.34,64.34,64.34,64.34,600,2022-03-04 15:29:00,VYMI
64.36,64.36,64.36,64.36,100,2022-03-04 15:30:00,VYMI
64.31,64.31,64.31,64.31,100,2022-03-04 15:31:00,VYMI
64.31,64.3561,64.31,64.33,900,2022-03-04 15:32:00,VYMI
64.33,64.34,64.33,64.34,200,2022-03-04 15:33:00,VYMI
64.33,64.345,64.33,64.345,924,2022-03-04 15:34:00,VYMI
64.35,64.4,64.34,64.36,30044,2022-03-04 15:36:00,VYMI
64.39,64.42,64.38,64.3976,10740,2022-03-04 15:37:00,VYMI
64.39,64.39,64.39,64.39,100,2022-03-04 15:38:00,VYMI
64.42,64.42,64.38,64.38,2728,2022-03-04 15:39:00,VYMI
64.36,64.36,64.34,64.34,1000,2022-03-04 15:40:00,VYMI
64.3595,64.3595,64.3595,64.3595,100,2022-03-04 15:41:00,VYMI
64.325,64.325,64.325,64.325,100,2022-03-04 15:42:00,VYMI
64.28,64.33,64.28,64.3,900,2022-03-04 15:43:00,VYMI
64.31,64.31,64.27,64.27,800,2022-03-04 15:44:00,VYMI
64.25,64.25,64.2,64.2,2211,2022-03-04 15:45:00,VYMI
64.21,64.21,64.2,64.2,1400,2022-03-04 15:46:00,VYMI
64.235,64.28,64.235,64.28,900,2022-03-04 15:48:00,VYMI
64.27,64.29,64.26,64.29,500,2022-03-04 15:53:00,VYMI
64.28,64.3027,64.28,64.3027,488,2022-03-04 15:54:00,VYMI
64.26,64.29,64.26,64.29,300,2022-03-04 15:55:00,VYMI
64.25,64.25,64.25,64.25,100,2022-03-04 15:56:00,VYMI
64.23,64.2833,64.22,64.26,1029,2022-03-04 15:57:00,VYMI
64.21,64.31,64.21,64.265,444,2022-03-04 15:58:00,VYMI
64.2552,64.3062,64.23,64.24,1313,2022-03-04 15:59:00,VYMI
64.27,64.28,64.27,64.28,300,2022-03-04 16:01:00,VYMI
64.2612,64.2634,64.26,64.2634,775,2022-03-04 16:02:00,VYMI
64.24,64.24,64.234,64.234,350,2022-03-04 16:03:00,VYMI
64.24,64.24,64.24,64.24,720,2022-03-04 16:04:00,VYMI
64.23,64.2334,64.21,64.21,1505,2022-03-04 16:05:00,VYMI
64.21,64.21,64.21,64.21,100,2022-03-04 16:06:00,VYMI
64.2178,64.24,64.2178,64.24,566,2022-03-04 16:08:00,VYMI
64.22,64.2398,64.22,64.2351,4869,2022-03-04 16:10:00,VYMI
64.24,64.24,64.2064,64.21,42773,2022-03-04 16:11:00,VYMI
64.23,64.23,64.23,64.23,100,2022-03-04 16:12:00,VYMI
64.25,64.25,64.21,64.21,10700,2022-03-04 16:13:00,VYMI
64.21,64.26,64.21,64.26,11971,2022-03-04 16:14:00,VYMI
64.265,64.28,64.265,64.28,890,2022-03-04 16:15:00,VYMI
64.28,64.28,64.28,64.28,100,2022-03-04 16:16:00,VYMI
64.365,64.365,64.35,64.35,1120,2022-03-04 16:17:00,VYMI
64.34,64.36,64.34,64.36,7281,2022-03-04 16:18:00,VYMI
64.36,64.36,64.36,64.36,200,2022-03-04 16:19:00,VYMI
64.32,64.32,64.3,64.3,300,2022-03-04 16:20:00,VYMI
64.29,64.29,64.25,64.2699,3248,2022-03-04 16:21:00,VYMI
64.2852,64.2852,64.255,64.255,1537,2022-03-04 16:22:00,VYMI
64.28,64.28,64.24,64.24,251,2022-03-04 16:23:00,VYMI
64.3299,64.3299,64.3299,64.3299,1775,2022-03-04 16:24:00,VYMI
64.32,64.32,64.32,64.32,150,2022-03-04 16:25:00,VYMI
64.32,64.32,64.31,64.32,1236,2022-03-04 16:26:00,VYMI
64.3658,64.3658,64.31,64.31,552,2022-03-04 16:27:00,VYMI
64.31,64.32,64.31,64.32,525,2022-03-04 16:28:00,VYMI
64.3,64.3,64.25,64.25,1056,2022-03-04 16:29:00,VYMI
64.245,64.245,64.225,64.225,417,2022-03-04 16:30:00,VYMI
64.2,64.2,64.13,64.15,1275,2022-03-04 16:31:00,VYMI
64.15,64.15,64.15,64.15,150,2022-03-04 16:32:00,VYMI
64.17,64.2058,64.165,64.2058,1050,2022-03-04 16:33:00,VYMI
64.1607,64.18,64.15,64.15,1400,2022-03-04 16:34:00,VYMI
64.105,64.105,64.06,64.06,695,2022-03-04 16:35:00,VYMI
64.0564,64.1135,64.0414,64.1135,3917,2022-03-04 16:36:00,VYMI
64.1187,64.16,64.1187,64.16,600,2022-03-04 16:37:00,VYMI
64.24,64.24,64.2087,64.2087,400,2022-03-04 16:38:00,VYMI
64.27,64.275,64.27,64.2723,1090,2022-03-04 16:39:00,VYMI
64.285,64.285,64.2001,64.23,3623,2022-03-04 16:40:00,VYMI
64.224,64.268,64.22,64.268,2574,2022-03-04 16:41:00,VYMI
64.265,64.265,64.225,64.225,1002,2022-03-04 16:42:00,VYMI
64.2649,64.2649,64.2649,64.2649,139,2022-03-04 16:43:00,VYMI
64.24,64.24,64.22,64.24,852,2022-03-04 16:45:00,VYMI
64.2214,64.268,64.2118,64.2118,3469,2022-03-04 16:46:00,VYMI
64.171,64.212,64.171,64.212,657,2022-03-04 16:47:00,VYMI
64.2,64.2405,64.2,64.2405,688,2022-03-04 16:48:00,VYMI
64.23,64.23,64.23,64.23,140,2022-03-04 16:49:00,VYMI
64.23,64.2373,64.23,64.2373,710,2022-03-04 16:50:00,VYMI
64.21,64.2272,64.21,64.2272,277,2022-03-04 16:51:00,VYMI
64.22,64.22,64.22,64.22,100,2022-03-04 16:52:00,VYMI
64.2302,64.2302,64.2302,64.2302,300,2022-03-04 16:53:00,VYMI
64.23,64.23,64.23,64.23,100,2022-03-04 16:54:00,VYMI
64.22,64.22,64.21,64.22,69336,2022-03-04 16:55:00,VYMI
64.215,64.215,64.215,64.215,39710,2022-03-04 16:56:00,VYMI
64.24,64.24,64.2019,64.2019,685,2022-03-04 16:57:00,VYMI
64.2082,64.21,64.2054,64.21,2075,2022-03-04 16:58:00,VYMI
64.1713,64.2,64.1713,64.1719,1318,2022-03-04 16:59:00,VYMI
64.206,64.206,64.18,64.18,800,2022-03-04 17:00:00,VYMI
64.135,64.135,64.135,64.135,2215,2022-03-04 17:01:00,VYMI
64.16,64.17,64.16,64.1605,3225,2022-03-04 17:02:00,VYMI
64.16,64.17,64.16,64.17,602,2022-03-04 17:03:00,VYMI
64.1664,64.19,64.1664,64.18,865,2022-03-04 17:04:00,VYMI
64.2,64.2,64.17,64.1963,2466,2022-03-04 17:05:00,VYMI
64.1799,64.18,64.165,64.165,4095,2022-03-04 17:07:00,VYMI
64.162,64.19,64.162,64.1878,855,2022-03-04 17:08:00,VYMI
64.19,64.2,64.19,64.2,1500,2022-03-04 17:09:00,VYMI
64.2906,64.2906,64.22,64.22,72366,2022-03-04 17:10:00,VYMI
64.34,64.34,64.3236,64.3236,248,2022-03-04 17:11:00,VYMI
64.33,64.33,64.33,64.33,400,2022-03-04 17:12:00,VYMI
64.34,64.34,64.34,64.34,1000,2022-03-04 17:13:00,VYMI
64.35,64.35,64.35,64.35,100,2022-03-04 17:14:00,VYMI
64.3944,64.3944,64.3944,64.3944,286,2022-03-04 17:15:00,VYMI
64.44,64.44,64.44,64.44,2000,2022-03-04 17:16:00,VYMI
64.46,64.475,64.41,64.41,21887,2022-03-04 17:17:00,VYMI
64.4657,64.4657,64.42,64.42,619,2022-03-04 17:18:00,VYMI
64.425,64.425,64.425,64.425,109,2022-03-04 17:19:00,VYMI
64.3719,64.3719,64.31,64.31,790,2022-03-04 17:21:00,VYMI
64.3349,64.3349,64.3349,64.3349,379,2022-03-04 17:22:00,VYMI
64.31,64.31,64.31,64.31,145,2022-03-04 17:23:00,VYMI
64.3381,64.3381,64.27,64.27,457,2022-03-04 17:24:00,VYMI
64.295,64.3299,64.285,64.288,11620,2022-03-04 17:25:00,VYMI
64.32,64.38,64.32,64.38,400,2022-03-04 17:26:00,VYMI
64.3988,64.4,64.375,64.375,4125,2022-03-04 17:27:00,VYMI
64.3626,64.3626,64.3626,64.3626,388,2022-03-04 17:28:00,VYMI
64.41,64.41,64.395,64.395,1155,2022-03-04 17:29:00,VYMI
64.409,64.41,64.4,64.4,834,2022-03-04 17:30:00,VYMI
64.39,64.41,64.39,64.41,735,2022-03-04 17:31:00,VYMI
64.3844,64.3844,64.3844,64.3844,146,2022-03-04 17:32:00,VYMI
64.41,64.41,64.41,64.41,100,2022-03-04 17:33:00,VYMI
64.3884,64.3884,64.3884,64.3884,100,2022-03-04 17:34:00,VYMI
64.41,64.41,64.385,64.41,300,2022-03-04 17:35:00,VYMI
64.41,64.41,64.3977,64.3977,571,2022-03-04 17:36:00,VYMI
64.42,64.42,64.42,64.42,100,2022-03-04 17:37:00,VYMI
64.4065,64.4065,64.4065,64.4065,500,2022-03-04 17:38:00,VYMI
64.421,64.421,64.42,64.42,38522,2022-03-04 17:40:00,VYMI
64.415,64.415,64.415,64.415,1862,2022-03-04 17:42:00,VYMI
64.4,64.4,64.39,64.39,364,2022-03-04 17:43:00,VYMI
64.37,64.37,64.3591,64.3591,2955,2022-03-04 17:44:00,VYMI
64.3697,64.3697,64.3697,64.3697,150,2022-03-04 17:45:00,VYMI
64.37,64.37,64.33,64.33,200,2022-03-04 17:46:00,VYMI
64.329,64.329,64.329,64.329,300,2022-03-04 17:47:00,VYMI
64.345,64.345,64.345,64.345,100,2022-03-04 17:48:00,VYMI
64.3357,64.36,64.3357,64.34,635,2022-03-04 17:49:00,VYMI
64.4,64.4,64.365,64.4,1428,2022-03-04 17:50:00,VYMI
64.3996,64.3996,64.3996,64.3996,1213,2022-03-04 17:51:00,VYMI
64.3985,64.3985,64.3985,64.3985,1550,2022-03-04 17:52:00,VYMI
64.39,64.39,64.39,64.39,400,2022-03-04 17:53:00,VYMI
64.39,64.39,64.39,64.39,100,2022-03-04 17:55:00,VYMI
64.4657,64.47,64.4657,64.47,235,2022-03-04 17:57:00,VYMI
64.44,64.4464,64.44,64.4464,921,2022-03-04 17:58:00,VYMI
64.45,64.4744,64.45,64.4744,2626,2022-03-04 18:00:00,VYMI
64.51,64.51,64.49,64.49,400,2022-03-04 18:01:00,VYMI
64.5482,64.5482,64.5482,64.5482,2310,2022-03-04 18:02:00,VYMI
64.49,64.5,64.49,64.5,607,2022-03-04 18:04:00,VYMI
64.565,64.565,64.5639,64.5639,1407,2022-03-04 18:07:00,VYMI
64.5762,64.5762,64.5291,64.5291,821,2022-03-04 18:08:00,VYMI
64.5739,64.6,64.5739,64.6,20175,2022-03-04 18:09:00,VYMI
64.58,64.59,64.55,64.55,22400,2022-03-04 18:10:00,VYMI
64.537,64.537,64.53,64.53,441,2022-03-04 18:11:00,VYMI
64.5387,64.5387,64.52,64.52,250,2022-03-04 18:13:00,VYMI
64.505,64.505,64.505,64.505,400,2022-03-04 18:15:00,VYMI
64.48,64.48,64.48,64.48,149,2022-03-04 18:16:00,VYMI
64.4688,64.4688,64.44,64.44,250,2022-03-04 18:17:00,VYMI
64.42,64.469,64.42,64.469,1060,2022-03-04 18:20:00,VYMI
64.48,64.48,64.48,64.48,100,2022-03-04 18:21:00,VYMI
64.48,64.5,64.48,64.48,790,2022-03-04 18:22:00,VYMI
64.4999,64.4999,64.46,64.46,1110,2022-03-04 18:23:00,VYMI
64.4486,64.4486,64.4486,64.4486,750,2022-03-04 18:24:00,VYMI
64.445,64.46,64.445,64.46,675,2022-03-04 18:25:00,VYMI
64.46,64.46,64.46,64.46,100,2022-03-04 18:26:00,VYMI
64.445,64.4563,64.445,64.4563,384,2022-03-04 18:27:00,VYMI
64.46,64.46,64.44,64.44,400,2022-03-04 18:28:00,VYMI
64.43,64.43,64.43,64.43,200,2022-03-04 18:29:00,VYMI
64.3943,64.4283,64.3943,64.4283,1798,2022-03-04 18:30:00,VYMI
64.44,64.4794,64.44,64.4794,4200,2022-03-04 18:31:00,VYMI
64.45,64.45,64.44,64.44,200,2022-03-04 18:33:00,VYMI
64.4789,64.4789,64.4621,64.4621,2152,2022-03-04 18:34:00,VYMI
64.455,64.48,64.455,64.46,761,2022-03-04 18:35:00,VYMI
64.457,64.457,64.457,64.457,220,2022-03-04 18:37:00,VYMI
64.4791,64.495,64.4791,64.495,925,2022-03-04 18:38:00,VYMI
64.492,64.502,64.492,64.502,1016,2022-03-04 18:39:00,VYMI
64.47,64.4792,64.46,64.46,528,2022-03-04 18:40:00,VYMI
64.48,64.48,64.43,64.43,2495,2022-03-04 18:41:00,VYMI
64.37,64.378,64.37,64.378,790,2022-03-04 18:42:00,VYMI
64.39,64.39,64.3745,64.3745,206,2022-03-04 18:43:00,VYMI
64.35,64.38,64.338,64.38,1306,2022-03-04 18:45:00,VYMI
64.37,64.3704,64.35,64.35,1181,2022-03-04 18:47:00,VYMI
64.37,64.375,64.37,64.375,403,2022-03-04 18:51:00,VYMI
64.3984,64.41,64.38,64.38,1962,2022-03-04 18:54:00,VYMI
64.4192,64.4192,64.4192,64.4192,885,2022-03-04 18:55:00,VYMI
64.4,64.4,64.4,64.4,465,2022-03-04 18:56:00,VYMI
64.39,64.39,64.35,64.35,400,2022-03-04 18:57:00,VYMI
64.35,64.35,64.35,64.35,200,2022-03-04 18:58:00,VYMI
64.32,64.33,64.26,64.26,20098,2022-03-04 19:00:00,VYMI
64.3,64.3,64.285,64.285,858,2022-03-04 19:01:00,VYMI
64.27,64.27,64.26,64.26,392,2022-03-04 19:02:00,VYMI
64.28,64.2948,64.28,64.2948,463,2022-03-04 19:04:00,VYMI
64.31,64.31,64.2901,64.2901,586,2022-03-04 19:05:00,VYMI
64.3,64.32,64.3,64.32,200,2022-03-04 19:06:00,VYMI
64.32,64.32,64.306,64.31,2358,2022-03-04 19:07:00,VYMI
64.29,64.29,64.29,64.29,100,2022-03-04 19:08:00,VYMI
64.29,64.34,64.29,64.2901,5156,2022-03-04 19:09:00,VYMI
64.29,64.29,64.29,64.29,100,2022-03-04 19:10:00,VYMI
64.274,64.31,64.27,64.31,381,2022-03-04 19:11:00,VYMI
64.31,64.31,64.27,64.27,200,2022-03-04 19:12:00,VYMI
64.2738,64.2774,64.2738,64.2774,1347,2022-03-04 19:13:00,VYMI
64.275,64.275,64.252,64.252,979,2022-03-04 19:15:00,VYMI
64.26,64.28,64.26,64.265,1138,2022-03-04 19:16:00,VYMI
64.2709,64.28,64.2709,64.2799,4100,2022-03-04 19:17:00,VYMI
64.28,64.31,64.28,64.3,400,2022-03-04 19:18:00,VYMI
64.2899,64.29,64.2899,64.29,800,2022-03-04 19:19:00,VYMI
64.3,64.3396,64.3,64.315,1184,2022-03-04 19:20:00,VYMI
64.37,64.37,64.37,64.37,200,2022-03-04 19:21:00,VYMI
64.36,64.36,64.36,64.36,200,2022-03-04 19:22:00,VYMI
64.34,64.37,64.34,64.35,12134,2022-03-04 19:23:00,VYMI
64.4,64.41,64.4,64.41,200,2022-03-04 19:24:00,VYMI
64.39,64.42,64.39,64.42,400,2022-03-04 19:25:00,VYMI
64.4,64.4,64.4,64.4,148,2022-03-04 19:27:00,VYMI
64.38,64.38,64.38,64.38,100,2022-03-04 19:28:00,VYMI
64.37,64.37,64.37,64.37,200,2022-03-04 19:29:00,VYMI
64.39,64.39,64.39,64.39,3275,2022-03-04 19:30:00,VYMI
64.4,64.43,64.4,64.43,449,2022-03-04 19:31:00,VYMI
64.42,64.42,64.4,64.4,200,2022-03-04 19:32:00,VYMI
64.42,64.44,64.415,64.42,13207,2022-03-04 19:33:00,VYMI
64.42,64.43,64.42,64.43,403,2022-03-04 19:34:00,VYMI
64.43,64.44,64.39,64.39,644,2022-03-04 19:35:00,VYMI
64.39,64.39,64.39,64.39,250,2022-03-04 19:38:00,VYMI
64.35,64.35,64.32,64.32,575,2022-03-04 19:40:00,VYMI
64.34,64.34,64.34,64.34,100,2022-03-04 19:41:00,VYMI
64.32,64.33,64.32,64.33,1100,2022-03-04 19:42:00,VYMI
64.28,64.28,64.28,64.28,555,2022-03-04 19:43:00,VYMI
64.26,64.26,64.23,64.23,10100,2022-03-04 19:44:00,VYMI
64.231,64.27,64.22,64.27,10600,2022-03-04 19:45:00,VYMI
64.235,64.235,64.235,64.235,388,2022-03-04 19:46:00,VYMI
64.24,64.24,64.2101,64.2101,1100,2022-03-04 19:47:00,VYMI
64.21,64.21,64.21,64.21,100,2022-03-04 19:50:00,VYMI
64.25,64.27,64.25,64.27,2050,2022-03-04 19:51:00,VYMI
64.26,64.26,64.2,64.2,2096,2022-03-04 19:52:00,VYMI
64.19,64.2,64.17,64.18,1900,2022-03-04 19:53:00,VYMI
64.2,64.22,64.2,64.2,381,2022-03-04 19:54:00,VYMI
64.19,64.2,64.19,64.2,700,2022-03-04 19:55:00,VYMI
64.19,64.2,64.17,64.17,5300,2022-03-04 19:56:00,VYMI
64.17,64.17,64.14,64.14,63016,2022-03-04 19:57:00,VYMI
64.14,64.14,64.04,64.07,14343,2022-03-04 19:58:00,VYMI
64.04,64.05,64.02,64.045,3405,2022-03-04 19:59:00,VYMI
64.02,64.05,64.01,64.01,10069,2022-03-04 20:00:00,VYMI
64.02,64.05,64.0,64.05,105075,2022-03-04 20:01:00,VYMI
64.04,64.07,64.01,64.01,151758,2022-03-04 20:02:00,VYMI
64.155,64.19,64.155,64.19,28089,2022-03-04 20:03:00,VYMI
64.165,64.2,64.165,64.2,8251,2022-03-04 20:04:00,VYMI
64.18,64.22,64.18,64.22,650,2022-03-04 20:05:00,VYMI
64.205,64.205,64.205,64.205,500,2022-03-04 20:06:00,VYMI
64.17,64.17,64.13,64.13,1042,2022-03-04 20:07:00,VYMI
64.1405,64.1405,64.1405,64.1405,770,2022-03-04 20:08:00,VYMI
64.135,64.1694,64.135,64.1437,1504,2022-03-04 20:09:00,VYMI
64.145,64.17,64.145,64.15,1118,2022-03-04 20:11:00,VYMI
64.15,64.15,64.14,64.14,765,2022-03-04 20:12:00,VYMI
64.13,64.23,64.11,64.22,30321,2022-03-04 20:13:00,VYMI
64.12,64.14,64.12,64.138,617,2022-03-04 20:14:00,VYMI
64.1289,64.1289,64.1289,64.1289,125,2022-03-04 20:15:00,VYMI
64.125,64.1495,64.125,64.125,1350,2022-03-04 20:17:00,VYMI
64.13,64.13,64.11,64.11,4000,2022-03-04 20:18:00,VYMI
64.1,64.11,64.04,64.075,4671,2022-03-04 20:20:00,VYMI
64.08,64.085,64.08,64.08,1000,2022-03-04 20:21:00,VYMI
64.09,64.1,64.085,64.1,868,2022-03-04 20:22:00,VYMI
64.09,64.12,64.09,64.12,9176,2022-03-04 20:23:00,VYMI
64.17,64.26,64.17,64.195,2032,2022-03-04 20:25:00,VYMI
64.19,64.19,64.1401,64.1401,525,2022-03-04 20:26:00,VYMI
64.208,64.3,64.19,64.21,3422,2022-03-04 20:27:00,VYMI
64.23,64.23,64.23,64.23,683,2022-03-04 20:28:00,VYMI
64.275,64.286,64.275,64.278,2622,2022-03-04 20:29:00,VYMI
64.25,64.25,64.22,64.22,1240,2022-03-04 20:30:00,VYMI
64.185,64.21,64.18,64.21,1815,2022-03-04 20:31:00,VYMI
64.18,64.21,64.18,64.185,1200,2022-03-04 20:32:00,VYMI
64.185,64.185,64.185,64.185,350,2022-03-04 20:33:00,VYMI
64.175,64.2,64.17,64.19,3279,2022-03-04 20:34:00,VYMI
64.17,64.25,64.17,64.21,10037,2022-03-04 20:35:00,VYMI
64.191,64.191,64.17,64.17,688,2022-03-04 20:36:00,VYMI
64.15,64.15,64.11,64.11,300,2022-03-04 20:37:00,VYMI
64.15,64.158,64.15,64.158,1000,2022-03-04 20:38:00,VYMI
64.11,64.158,64.11,64.158,300,2022-03-04 20:39:00,VYMI
64.158,64.1686,64.14,64.1686,671,2022-03-04 20:40:00,VYMI
64.15,64.26,64.15,64.25,9573,2022-03-04 20:41:00,VYMI
64.21,64.22,64.21,64.22,325,2022-03-04 20:42:00,VYMI
64.21,64.24,64.21,64.21,2500,2022-03-04 20:43:00,VYMI
64.21,64.23,64.19,64.21,1557,2022-03-04 20:44:00,VYMI
64.23,64.23,64.21,64.22,1721,2022-03-04 20:45:00,VYMI
64.22,64.3,64.22,64.3,1441,2022-03-04 20:46:00,VYMI
64.23,64.23,64.195,64.195,987,2022-03-04 20:47:00,VYMI
64.22,64.22,64.185,64.185,3928,2022-03-04 20:49:00,VYMI
64.2,64.22,64.2,64.21,12317,2022-03-04 20:50:00,VYMI
64.32,64.32,64.308,64.308,373,2022-03-04 20:51:00,VYMI
64.37,64.37,64.36,64.365,2400,2022-03-04 20:52:00,VYMI
64.36,64.39,64.36,64.39,7828,2022-03-04 20:53:00,VYMI
64.41,64.4232,64.4,64.4232,725,2022-03-04 20:54:00,VYMI
64.47,64.49,64.46,64.49,8646,2022-03-04 20:55:00,VYMI
64.525,64.56,64.49,64.53,6568,2022-03-04 20:56:00,VYMI
64.55,64.6,64.53,64.575,7395,2022-03-04 20:57:00,VYMI
64.57,64.57,64.56,64.56,2250,2022-03-04 20:58:00,VYMI
64.55,64.57,64.55,64.56,2137,2022-03-04 20:59:00,VYMI
64.56,64.56,64.56,64.56,319,2022-03-04 21:00:00,VYMI
63.5,63.5,63.5,63.5,300,2022-03-07 09:47:00,VYMI
64.1,64.1,64.1,64.1,285,2022-03-07 13:55:00,VYMI
64.04,64.04,64.04,64.04,339,2022-03-07 14:23:00,VYMI
64.15,64.2299,64.0,64.22,30481,2022-03-07 14:30:00,VYMI
64.1249,64.14,64.1249,64.14,990,2022-03-07 14:31:00,VYMI
64.1625,64.19,64.1625,64.19,900,2022-03-07 14:32:00,VYMI
64.2,64.2,64.13,64.13,450,2022-03-07 14:33:00,VYMI
64.05,64.05,64.05,64.05,542,2022-03-07 14:34:00,VYMI
64.06,64.065,64.06,64.065,220,2022-03-07 14:35:00,VYMI
64.03,64.03,63.95,63.95,9853,2022-03-07 14:36:00,VYMI
63.97,63.97,63.97,63.97,300,2022-03-07 14:37:00,VYMI
63.926,64.01,63.926,63.9401,8932,2022-03-07 14:38:00,VYMI
64.0262,64.0262,64.0262,64.0262,267,2022-03-07 14:39:00,VYMI
63.99,63.99,63.9419,63.9419,784,2022-03-07 14:41:00,VYMI
63.92,63.92,63.86,63.8768,1568,2022-03-07 14:42:00,VYMI
63.865,63.865,63.865,63.865,400,2022-03-07 14:43:00,VYMI
63.855,63.87,63.855,63.87,1507,2022-03-07 14:44:00,VYMI
63.8444,63.861,63.8444,63.861,5784,2022-03-07 14:45:00,VYMI
63.84,63.87,63.84,63.87,680,2022-03-07 14:47:00,VYMI
63.9,63.9,63.8649,63.8649,5436,2022-03-07 14:48:00,VYMI
63.865,63.89,63.865,63.89,900,2022-03-07 14:49:00,VYMI
63.91,63.91,63.885,63.905,957,2022-03-07 14:51:00,VYMI
63.92,63.94,63.92,63.93,614,2022-03-07 14:52:00,VYMI
63.905,63.905,63.905,63.905,1166,2022-03-07 14:53:00,VYMI
63.95,64.0,63.94,63.98,1933,2022-03-07 14:54:00,VYMI
64.0,64.03,64.0,64.01,7255,2022-03-07 14:55:00,VYMI
64.045,64.06,64.045,64.06,1500,2022-03-07 14:56:00,VYMI
64.05,64.057,64.05,64.057,252,2022-03-07 14:57:00,VYMI
63.99,63.99,63.95,63.965,1681,2022-03-07 14:59:00,VYMI
63.92,63.94,63.915,63.915,1525,2022-03-07 15:00:00,VYMI
63.91,63.92,63.91,63.92,519,2022-03-07 15:01:00,VYMI
63.94,63.9422,63.94,63.9422,800,2022-03-07 15:02:00,VYMI
63.941,64.0,63.941,63.9801,3125,2022-03-07 15:04:00,VYMI
64.01,64.01,64.01,64.01,100,2022-03-07 15:05:00,VYMI
64.0,64.06,64.0,64.02,1600,2022-03-07 15:07:00,VYMI
64.04,64.04,64.01,64.01,3750,2022-03-07 15:08:00,VYMI
64.01,64.01,63.99,63.99,600,2022-03-07 15:09:00,VYMI
63.98,63.986,63.98,63.986,1268,2022-03-07 15:10:00,VYMI
63.92,63.92,63.92,63.92,100,2022-03-07 15:11:00,VYMI
63.855,63.855,63.855,63.855,190,2022-03-07 15:12:00,VYMI
63.85,63.87,63.84,63.85,1823,2022-03-07 15:13:00,VYMI
63.83,63.8423,63.75,63.764,4417,2022-03-07 15:14:00,VYMI
63.78,63.81,63.78,63.795,567,2022-03-07 15:15:00,VYMI
63.79,63.79,63.785,63.785,1434,2022-03-07 15:16:00,VYMI
63.7543,63.82,63.7543,63.81,9831,2022-03-07 15:17:00,VYMI
63.81,63.81,63.81,63.81,200,2022-03-07 15:18:00,VYMI
63.81,63.81,63.805,63.805,691,2022-03-07 15:20:00,VYMI
63.83,63.83,63.815,63.815,1325,2022-03-07 15:21:00,VYMI
63.7926,63.7926,63.78,63.79,638,2022-03-07 15:22:00,VYMI
63.78,63.7928,63.735,63.735,2173,2022-03-07 15:23:00,VYMI
63.73,63.73,63.685,63.685,300,2022-03-07 15:24:00,VYMI
63.67,63.6963,63.63,63.6963,685,2022-03-07 15:25:00,VYMI
63.6285,63.665,63.6285,63.665,1000,2022-03-07 15:26:00,VYMI
63.64,63.64,63.64,63.64,440,2022-03-07 15:27:00,VYMI
63.64,63.64,63.62,63.62,200,2022-03-07 15:28:00,VYMI
63.625,63.625,63.61,63.6209,570,2022-03-07 15:29:00,VYMI
63.63,63.66,63.63,63.66,700,2022-03-07 15:30:00,VYMI
63.675,63.675,63.675,63.675,100,2022-03-07 15:31:00,VYMI
63.6517,63.6517,63.6517,63.6517,544,2022-03-07 15:32:00,VYMI
63.68,63.7015,63.67,63.695,1346,2022-03-07 15:33:00,VYMI
63.67,63.67,63.65,63.65,261,2022-03-07 15:34:00,VYMI
63.71,63.71,63.71,63.71,100,2022-03-07 15:35:00,VYMI
63.66,63.66,63.66,63.66,145,2022-03-07 15:37:00,VYMI
63.71,63.71,63.71,63.71,719,2022-03-07 15:38:00,VYMI
63.765,63.765,63.765,63.765,541,2022-03-07 15:39:00,VYMI
63.73,63.7674,63.73,63.7674,827,2022-03-07 15:40:00,VYMI
63.76,63.76,63.731,63.731,1049,2022-03-07 15:41:00,VYMI
63.685,63.685,63.685,63.685,500,2022-03-07 15:42:00,VYMI
63.7044,63.7044,63.69,63.69,477,2022-03-07 15:43:00,VYMI
63.705,63.71,63.6917,63.71,906,2022-03-07 15:44:00,VYMI
63.755,63.77,63.75,63.75,665,2022-03-07 15:45:00,VYMI
63.7,63.7,63.69,63.69,672,2022-03-07 15:46:00,VYMI
63.66,63.66,63.66,63.66,142,2022-03-07 15:47:00,VYMI
63.665,63.665,63.64,63.64,783,2022-03-07 15:48:00,VYMI
63.65,63.65,63.65,63.65,100,2022-03-07 15:49:00,VYMI
63.6632,63.6632,63.6632,63.6632,175,2022-03-07 15:50:00,VYMI
63.651,63.651,63.65,63.65,2500,2022-03-07 15:51:00,VYMI
63.68,63.705,63.68,63.705,200,2022-03-07 15:52:00,VYMI
63.685,63.685,63.64,63.645,2047,2022-03-07 15:53:00,VYMI
63.6186,63.6186,63.6186,63.6186,100,2022-03-07 15:54:00,VYMI
63.6296,63.6296,63.61,63.61,329,2022-03-07 15:55:00,VYMI
63.615,63.615,63.59,63.59,2198,2022-03-07 15:57:00,VYMI
63.57,63.58,63.57,63.58,377,2022-03-07 15:58:00,VYMI
63.595,63.595,63.595,63.595,100,2022-03-07 16:01:00,VYMI
63.61,63.615,63.61,63.615,700,2022-03-07 16:02:00,VYMI
63.56,63.58,63.56,63.58,200,2022-03-07 16:03:00,VYMI
63.59,63.66,63.59,63.66,500,2022-03-07 16:04:00,VYMI
63.7,63.7,63.7,63.7,600,2022-03-07 16:05:00,VYMI
63.692,63.705,63.692,63.705,300,2022-03-07 16:06:00,VYMI
63.705,63.705,63.705,63.705,100,2022-03-07 16:07:00,VYMI
63.7,63.7,63.7,63.7,200,2022-03-07 16:08:00,VYMI
63.69,63.6997,63.68,63.6997,820,2022-03-07 16:09:00,VYMI
63.67,63.67,63.67,63.67,134,2022-03-07 16:10:00,VYMI
63.635,63.635,63.635,63.635,100,2022-03-07 16:12:00,VYMI
63.6,63.6,63.6,63.6,17777,2022-03-07 16:13:00,VYMI
63.62,63.62,63.605,63.605,550,2022-03-07 16:14:00,VYMI
63.597,63.65,63.597,63.65,1202,2022-03-07 16:15:00,VYMI
63.68,63.7,63.68,63.7,456,2022-03-07 16:16:00,VYMI
63.732,63.732,63.732,63.732,1000,2022-03-07 16:17:00,VYMI
63.6299,63.6299,63.6299,63.6299,225,2022-03-07 16:30:00,VYMI
63.57,63.57,63.55,63.55,760,2022-03-07 16:31:00,VYMI
63.53,63.535,63.53,63.535,909,2022-03-07 16:32:00,VYMI
63.54,63.54,63.43,63.47,1501,2022-03-07 16:34:00,VYMI
63.44,63.44,63.44,63.44,200,2022-03-07 16:35:00,VYMI
63.4,63.4407,63.32,63.4407,8002,2022-03-07 16:36:00,VYMI
63.4,63.4,63.4,63.4,200,2022-03-07 16:37:00,VYMI
63.39,63.4,63.39,63.4,393,2022-03-07 16:38:00,VYMI
63.41,63.41,63.41,63.41,124,2022-03-07 16:39:00,VYMI
63.35,63.35,63.2801,63.2801,4678,2022-03-07 16:40:00,VYMI
63.34,63.375,63.32,63.375,7156,2022-03-07 16:41:00,VYMI
63.39,63.4099,63.37,63.37,5002,2022-03-07 16:42:00,VYMI
63.3339,63.3339,63.3339,63.3339,129,2022-03-07 16:44:00,VYMI
63.34,63.4,63.34,63.4,632,2022-03-07 16:45:00,VYMI
63.4416,63.4993,63.4416,63.4993,1268,2022-03-07 16:47:00,VYMI
63.385,63.385,63.355,63.3552,805,2022-03-07 16:51:00,VYMI
63.405,63.415,63.405,63.415,774,2022-03-07 16:53:00,VYMI
63.33,63.33,63.33,63.33,182,2022-03-07 16:55:00,VYMI
63.3,63.305,63.3,63.305,273,2022-03-07 16:56:00,VYMI
63.28,63.2844,63.28,63.2818,1026,2022-03-07 16:58:00,VYMI
63.28,63.28,63.21,63.21,1222,2022-03-07 16:59:00,VYMI
63.22,63.2427,63.22,63.2427,2130,2022-03-07 17:01:00,VYMI
63.2,63.2,63.2,63.2,159,2022-03-07 17:02:00,VYMI
63.225,63.225,63.225,63.225,466,2022-03-07 17:03:00,VYMI
63.2394,63.2394,63.2394,63.2394,200,2022-03-07 17:05:00,VYMI
63.22,63.22,63.22,63.22,114,2022-03-07 17:06:00,VYMI
63.22,63.22,63.21,63.21,260,2022-03-07 17:08:00,VYMI
63.2252,63.2252,63.2252,63.2252,475,2022-03-07 17:09:00,VYMI
63.255,63.255,63.255,63.255,600,2022-03-07 17:10:00,VYMI
63.2404,63.275,63.2404,63.275,302,2022-03-07 17:12:00,VYMI
63.26,63.265,63.26,63.265,654,2022-03-07 17:13:00,VYMI
63.2266,63.2343,63.2266,63.2343,375,2022-03-07 17:14:00,VYMI
63.28,63.28,63.28,63.28,468,2022-03-07 17:15:00,VYMI
63.3271,63.3271,63.2896,63.2896,567,2022-03-07 17:16:00,VYMI
63.2292,63.2292,63.2292,63.2292,100,2022-03-07 17:18:00,VYMI
63.1973,63.1973,63.1973,63.1973,442,2022-03-07 17:19:00,VYMI
63.15,63.15,63.15,63.15,365,2022-03-07 17:22:00,VYMI
63.07,63.085,63.03,63.07,32682,2022-03-07 17:25:00,VYMI
63.09,63.09,63.0671,63.0671,10040,2022-03-07 17:26:00,VYMI
63.08,63.1,63.06,63.06,1296,2022-03-07 17:28:00,VYMI
63.105,63.105,63.105,63.105,100,2022-03-07 17:29:00,VYMI
63.105,63.105,63.07,63.07,6963,2022-03-07 17:30:00,VYMI
63.09,63.09,63.09,63.09,1410,2022-03-07 17:31:00,VYMI
63.09,63.1148,63.09,63.1148,481,2022-03-07 17:32:00,VYMI
63.09,63.095,63.08,63.08,14500,2022-03-07 17:34:00,VYMI
63.0808,63.09,63.0808,63.09,2333,2022-03-07 17:36:00,VYMI
63.06,63.065,63.03,63.065,603,2022-03-07 17:37:00,VYMI
63.095,63.11,63.0807,63.0807,24946,2022-03-07 17:38:00,VYMI
63.0704,63.0704,63.0704,63.0704,675,2022-03-07 17:39:00,VYMI
63.08,63.08,63.08,63.08,34419,2022-03-07 17:40:00,VYMI
63.11,63.11,63.07,63.07,1567,2022-03-07 17:41:00,VYMI
63.0584,63.0584,63.0584,63.0584,185,2022-03-07 17:42:00,VYMI
63.095,63.095,63.095,63.095,525,2022-03-07 17:43:00,VYMI
63.1155,63.14,63.095,63.095,1446,2022-03-07 17:44:00,VYMI
63.105,63.1584,63.07,63.07,3233,2022-03-07 17:46:00,VYMI
63.1,63.1182,63.1,63.1182,704,2022-03-07 17:48:00,VYMI
63.1499,63.1499,63.1,63.13,11592,2022-03-07 17:49:00,VYMI
63.23,63.25,63.23,63.25,300,2022-03-07 17:50:00,VYMI
63.195,63.195,63.1375,63.1375,284,2022-03-07 17:51:00,VYMI
63.19,63.19,63.19,63.19,100,2022-03-07 17:52:00,VYMI
63.1718,63.1917,63.1439,63.1917,1771,2022-03-07 17:53:00,VYMI
63.16,63.1634,63.14,63.1634,1656,2022-03-07 17:54:00,VYMI
63.1933,63.1933,63.0962,63.0962,1165,2022-03-07 17:56:00,VYMI
63.1,63.1,63.1,63.1,300,2022-03-07 17:57:00,VYMI
63.06,63.12,63.06,63.12,549,2022-03-07 17:58:00,VYMI
63.12,63.12,63.12,63.12,150,2022-03-07 17:59:00,VYMI
63.175,63.175,63.146,63.146,250,2022-03-07 18:00:00,VYMI
63.17,63.17,63.17,63.17,423,2022-03-07 18:01:00,VYMI
63.21,63.21,63.21,63.21,200,2022-03-07 18:02:00,VYMI
63.275,63.275,63.275,63.275,125,2022-03-07 18:03:00,VYMI
63.23,63.23,63.22,63.23,2519,2022-03-07 18:04:00,VYMI
63.22,63.25,63.22,63.25,265,2022-03-07 18:05:00,VYMI
63.255,63.255,63.255,63.255,118,2022-03-07 18:06:00,VYMI
63.23,63.23,63.23,63.23,566,2022-03-07 18:07:00,VYMI
63.255,63.255,63.255,63.255,395,2022-03-07 18:08:00,VYMI
63.18,63.192,63.106,63.106,2802,2022-03-07 18:10:00,VYMI
63.1001,63.1055,63.09,63.09,11922,2022-03-07 18:12:00,VYMI
63.1192,63.1192,63.1192,63.1192,200,2022-03-07 18:13:00,VYMI
63.05,63.05,63.0352,63.05,3012,2022-03-07 18:14:00,VYMI
63.06,63.06,62.96,62.98,8982,2022-03-07 18:15:00,VYMI
62.96,63.0367,62.96,63.0367,1938,2022-03-07 18:16:00,VYMI
62.96,62.96,62.96,62.96,181,2022-03-07 18:17:00,VYMI
62.98,62.98,62.98,62.98,319,2022-03-07 18:18:00,VYMI
62.9568,62.9568,62.92,62.92,5558,2022-03-07 18:20:00,VYMI
62.91,62.94,62.91,62.94,500,2022-03-07 18:22:00,VYMI
62.9781,62.9781,62.96,62.96,630,2022-03-07 18:24:00,VYMI
62.96,62.96,62.96,62.96,1500,2022-03-07 18:25:00,VYMI
62.99,63.005,62.99,63.005,588,2022-03-07 18:26:00,VYMI
63.08,63.085,63.07,63.0834,4000,2022-03-07 18:27:00,VYMI
63.0512,63.0512,63.0512,63.0512,100,2022-03-07 18:28:00,VYMI
63.12,63.12,63.12,63.12,600,2022-03-07 18:30:00,VYMI
63.135,63.135,63.135,63.135,320,2022-03-07 18:33:00,VYMI
63.096,63.11,63.085,63.1094,31411,2022-03-07 18:35:00,VYMI
63.05,63.06,63.0459,63.0459,1811,2022-03-07 18:36:00,VYMI
63.07,63.12,63.07,63.085,1981,2022-03-07 18:37:00,VYMI
63.105,63.105,63.105,63.105,2072,2022-03-07 18:39:00,VYMI
63.091,63.091,63.091,63.091,2892,2022-03-07 18:40:00,VYMI
63.19,63.19,63.1335,63.1335,655,2022-03-07 18:42:00,VYMI
63.025,63.08,63.025,63.0489,9897,2022-03-07 18:45:00,VYMI
63.065,63.065,63.065,63.065,103,2022-03-07 18:47:00,VYMI
63.0548,63.0548,63.04,63.04,406,2022-03-07 18:48:00,VYMI
63.011,63.06,63.01,63.01,700,2022-03-07 18:49:00,VYMI
63.09,63.09,63.09,63.09,100,2022-03-07 18:51:00,VYMI
63.075,63.075,63.075,63.075,250,2022-03-07 18:52:00,VYMI
63.06,63.07,63.0462,63.05,3035,2022-03-07 18:53:00,VYMI
63.0749,63.0749,63.03,63.03,1247,2022-03-07 18:54:00,VYMI
63.035,63.05,63.025,63.025,10719,2022-03-07 18:56:00,VYMI
63.01,63.0356,63.0,63.001,3586,2022-03-07 18:57:00,VYMI
62.965,62.965,62.965,62.965,170,2022-03-07 18:58:00,VYMI
62.965,62.99,62.965,62.98,899,2022-03-07 18:59:00,VYMI
63.015,63.0364,63.015,63.015,4169,2022-03-07 19:00:00,VYMI
63.045,63.045,63.005,63.005,430,2022-03-07 19:01:00,VYMI
63.0,63.0099,62.9675,63.0099,7800,2022-03-07 19:02:00,VYMI
62.97,62.97,62.97,62.97,100,2022-03-07 19:03:00,VYMI
62.96,62.96,62.96,62.96,200,2022-03-07 19:04:00,VYMI
62.92,62.9496,62.92,62.9496,600,2022-03-07 19:05:00,VYMI
62.92,62.955,62.92,62.955,600,2022-03-07 19:06:00,VYMI
62.965,62.965,62.965,62.965,100,2022-03-07 19:07:00,VYMI
62.95,62.95,62.93,62.935,400,2022-03-07 19:08:00,VYMI
62.922,63.0,62.922,63.0,1168,2022-03-07 19:10:00,VYMI
63.02,63.02,63.0046,63.0046,656,2022-03-07 19:12:00,VYMI
63.035,63.055,63.03,63.03,1190,2022-03-07 19:13:00,VYMI
63.015,63.05,62.9912,63.0495,8088,2022-03-07 19:14:00,VYMI
63.04,63.04,63.01,63.01,200,2022-03-07 19:15:00,VYMI
63.0,63.02,63.0,63.02,603,2022-03-07 19:16:00,VYMI
63.0508,63.0508,63.0508,63.0508,200,2022-03-07 19:17:00,VYMI
63.055,63.055,63.035,63.045,625,2022-03-07 19:18:00,VYMI
63.045,63.045,63.045,63.045,523,2022-03-07 19:20:00,VYMI
62.98,62.995,62.98,62.995,316,2022-03-07 19:21:00,VYMI
62.949,62.949,62.949,62.949,180,2022-03-07 19:22:00,VYMI
62.9002,62.9002,62.865,62.865,866,2022-03-07 19:23:00,VYMI
62.895,62.91,62.895,62.906,1588,2022-03-07 19:24:00,VYMI
62.885,62.898,62.885,62.898,710,2022-03-07 19:25:00,VYMI
62.92,62.92,62.92,62.92,500,2022-03-07 19:26:00,VYMI
62.92,62.92,62.905,62.905,850,2022-03-07 19:27:00,VYMI
62.905,62.9371,62.905,62.9371,1109,2022-03-07 19:28:00,VYMI
62.9448,62.97,62.92,62.92,1660,2022-03-07 19:29:00,VYMI
62.89,62.89,62.89,62.89,925,2022-03-07 19:30:00,VYMI
62.919,62.919,62.86,62.885,108637,2022-03-07 19:31:00,VYMI
62.8809,62.8809,62.88,62.88,856,2022-03-07 19:32:00,VYMI
62.87,62.87,62.87,62.87,400,2022-03-07 19:33:00,VYMI
62.86,62.86,62.8599,62.86,500,2022-03-07 19:34:00,VYMI
62.855,62.88,62.855,62.88,1325,2022-03-07 19:35:00,VYMI
62.865,62.865,62.86,62.86,262,2022-03-07 19:37:00,VYMI
62.87,62.88,62.87,62.88,993,2022-03-07 19:38:00,VYMI
62.9112,62.9112,62.9,62.9058,300,2022-03-07 19:40:00,VYMI
62.88,62.88,62.88,62.88,500,2022-03-07 19:42:00,VYMI
62.85,62.85,62.85,62.85,999,2022-03-07 19:43:00,VYMI
62.85,62.85,62.85,62.85,1000,2022-03-07 19:44:00,VYMI
62.8796,62.8796,62.8796,62.8796,189,2022-03-07 19:45:00,VYMI
62.87,62.9,62.87,62.87,600,2022-03-07 19:46:00,VYMI
62.895,62.905,62.895,62.905,410,2022-03-07 19:47:00,VYMI
62.8996,62.93,62.89,62.93,1232,2022-03-07 19:48:00,VYMI
62.93,62.93,62.93,62.93,140,2022-03-07 19:50:00,VYMI
62.97,62.97,62.93,62.93,859,2022-03-07 19:51:00,VYMI
62.89,62.9,62.89,62.9,1382,2022-03-07 19:53:00,VYMI
62.88,62.885,62.86,62.86,1561,2022-03-07 19:54:00,VYMI
62.831,62.831,62.831,62.831,774,2022-03-07 19:55:00,VYMI
62.922,62.922,62.922,62.922,774,2022-03-07 19:56:00,VYMI
62.91,62.91,62.91,62.91,500,2022-03-07 19:57:00,VYMI
62.88,62.88,62.795,62.795,12061,2022-03-07 19:58:00,VYMI
62.835,62.85,62.83,62.83,9178,2022-03-07 19:59:00,VYMI
62.876,62.8799,62.85,62.8799,600,2022-03-07 20:00:00,VYMI
62.83,62.85,62.825,62.828,782,2022-03-07 20:01:00,VYMI
62.8399,62.8399,62.83,62.835,466,2022-03-07 20:02:00,VYMI
62.82,62.83,62.81,62.81,1925,2022-03-07 20:03:00,VYMI
62.808,62.808,62.808,62.808,465,2022-03-07 20:04:00,VYMI
62.83,62.84,62.83,62.84,875,2022-03-07 20:05:00,VYMI
62.82,62.82,62.81,62.81,1000,2022-03-07 20:06:00,VYMI
62.8,62.8,62.79,62.79,885,2022-03-07 20:07:00,VYMI
62.78,62.79,62.78,62.79,14080,2022-03-07 20:08:00,VYMI
62.79,62.79,62.7712,62.79,3840,2022-03-07 20:09:00,VYMI
62.79,62.79,62.7516,62.7516,3482,2022-03-07 20:10:00,VYMI
62.765,62.79,62.765,62.79,799,2022-03-07 20:12:00,VYMI
62.76,62.76,62.76,62.76,100,2022-03-07 20:13:00,VYMI
62.7572,62.79,62.7572,62.79,16278,2022-03-07 20:14:00,VYMI
62.75,62.77,62.75,62.77,1748,2022-03-07 20:15:00,VYMI
62.7363,62.7363,62.7363,62.7363,220,2022-03-07 20:16:00,VYMI
62.74,62.74,62.73,62.73,1924,2022-03-07 20:17:00,VYMI
62.71,62.73,62.71,62.73,4174,2022-03-07 20:18:00,VYMI
62.73,62.73,62.73,62.73,10290,2022-03-07 20:19:00,VYMI
62.73,62.82,62.728,62.82,16395,2022-03-07 20:20:00,VYMI
62.845,62.845,62.81,62.82,2146,2022-03-07 20:21:00,VYMI
62.83,62.84,62.8,62.82,16343,2022-03-07 20:22:00,VYMI
62.849,62.849,62.849,62.849,122,2022-03-07 20:23:00,VYMI
62.85,62.85,62.82,62.82,700,2022-03-07 20:24:00,VYMI
62.845,62.845,62.845,62.845,159,2022-03-07 20:25:00,VYMI
62.93,62.93,62.8739,62.8739,600,2022-03-07 20:27:00,VYMI
62.84,62.84,62.83,62.83,400,2022-03-07 20:30:00,VYMI
62.8,62.804,62.701,62.755,2025,2022-03-07 20:31:00,VYMI
62.79,62.796,62.7899,62.796,656,2022-03-07 20:32:00,VYMI
62.79,62.81,62.76,62.76,1501,2022-03-07 20:33:00,VYMI
62.76,62.76,62.74,62.75,1557,2022-03-07 20:35:00,VYMI
62.77,62.78,62.77,62.77,3400,2022-03-07 20:36:00,VYMI
62.76,62.76,62.76,62.76,100,2022-03-07 20:37:00,VYMI
62.75,62.75,62.7286,62.7286,923,2022-03-07 20:38:00,VYMI
62.742,62.7455,62.73,62.74,1865,2022-03-07 20:39:00,VYMI
62.7332,62.77,62.73,62.765,5493,2022-03-07 20:40:00,VYMI
62.76,62.81,62.76,62.81,1300,2022-03-07 20:41:00,VYMI
62.86,62.86,62.8301,62.8301,1238,2022-03-07 20:42:00,VYMI
62.94,62.96,62.915,62.96,4992,2022-03-07 20:43:00,VYMI
62.98,63.06,62.98,63.06,4000,2022-03-07 20:44:00,VYMI
63.035,63.035,62.95,62.98,6567,2022-03-07 20:45:00,VYMI
62.99,62.99,62.959,62.97,6533,2022-03-07 20:46:00,VYMI
62.97,63.03,62.955,62.99,6889,2022-03-07 20:47:00,VYMI
62.99,63.03,62.97,63.01,8481,2022-03-07 20:48:00,VYMI
63.03,63.03,63.01,63.01,8690,2022-03-07 20:49:00,VYMI
63.01,63.06,62.98,63.06,3528,2022-03-07 20:50:00,VYMI
63.08,63.08,63.01,63.04,7907,2022-03-07 20:51:00,VYMI
63.03,63.08,63.03,63.08,7286,2022-03-07 20:52:00,VYMI
63.08,63.08,63.04,63.08,6301,2022-03-07 20:53:00,VYMI
63.05,63.08,63.034,63.05,10226,2022-03-07 20:54:00,VYMI
63.06,63.09,63.02,63.09,4700,2022-03-07 20:55:00,VYMI
63.08,63.11,63.05,63.09,6095,2022-03-07 20:56:00,VYMI
63.09,63.09,63.09,63.09,200,2022-03-07 20:57:00,VYMI
63.11,63.11,63.08,63.095,2335,2022-03-07 20:58:00,VYMI
63.0043,63.03,62.94,62.96,2783,2022-03-07 20:59:00,VYMI
62.99,62.99,62.99,62.99,700,2022-03-07 21:00:00,VYMI
63.58,63.59,63.53,63.56,14441,2022-03-08 14:30:00,VYMI
63.48,63.48,63.4515,63.4515,6405,2022-03-08 14:31:00,VYMI
63.46,63.46,63.43,63.43,751,2022-03-08 14:32:00,VYMI
63.405,63.405,63.405,63.405,100,2022-03-08 14:33:00,VYMI
63.2831,63.37,63.2831,63.37,1977,2022-03-08 14:34:00,VYMI
63.4,63.525,63.38,63.525,4624,2022-03-08 14:35:00,VYMI
63.48,63.48,63.45,63.45,1160,2022-03-08 14:36:00,VYMI
63.44,63.44,63.41,63.41,1000,2022-03-08 14:37:00,VYMI
63.4,63.4,63.4,63.4,151,2022-03-08 14:38:00,VYMI
63.2803,63.2803,63.2803,63.2803,900,2022-03-08 14:39:00,VYMI
63.2238,63.2238,63.2238,63.2238,200,2022-03-08 14:40:00,VYMI
63.27,63.2701,63.2,63.2701,5100,2022-03-08 14:41:00,VYMI
63.25,63.25,63.25,63.25,200,2022-03-08 14:42:00,VYMI
63.408,63.44,63.408,63.44,934,2022-03-08 14:43:00,VYMI
63.4999,63.4999,63.38,63.38,1615,2022-03-08 14:44:00,VYMI
63.379,63.379,63.379,63.379,500,2022-03-08 14:45:00,VYMI
63.39,63.41,63.38,63.41,7599,2022-03-08 14:46:00,VYMI
63.42,63.425,63.4,63.4,1200,2022-03-08 14:47:00,VYMI
63.4329,63.4475,63.43,63.43,1530,2022-03-08 14:48:00,VYMI
63.32,63.32,63.32,63.32,100,2022-03-08 14:50:00,VYMI
63.345,63.345,63.345,63.345,350,2022-03-08 14:51:00,VYMI
63.365,63.365,63.34,63.34,310,2022-03-08 14:52:00,VYMI
63.24,63.24,63.24,63.24,300,2022-03-08 14:54:00,VYMI
63.23,63.23,63.23,63.23,900,2022-03-08 14:57:00,VYMI
63.27,63.27,63.27,63.27,180,2022-03-08 14:58:00,VYMI
63.2991,63.2991,63.2991,63.2991,775,2022-03-08 14:59:00,VYMI
63.2164,63.2164,63.2164,63.2164,200,2022-03-08 15:00:00,VYMI
63.2217,63.2217,63.1,63.1,741,2022-03-08 15:02:00,VYMI
63.105,63.105,63.105,63.105,600,2022-03-08 15:03:00,VYMI
63.07,63.07,63.07,63.07,200,2022-03-08 15:04:00,VYMI
63.11,63.11,63.08,63.1,1500,2022-03-08 15:06:00,VYMI
63.05,63.05,63.05,63.05,100,2022-03-08 15:07:00,VYMI
63.05,63.075,63.05,63.075,4300,2022-03-08 15:10:00,VYMI
63.0567,63.0567,63.0567,63.0567,100,2022-03-08 15:11:00,VYMI
63.08,63.1218,63.08,63.1218,1135,2022-03-08 15:12:00,VYMI
63.0607,63.12,63.0607,63.12,683,2022-03-08 15:13:00,VYMI
63.1217,63.1217,63.1217,63.1217,150,2022-03-08 15:14:00,VYMI
63.2542,63.2542,63.2542,63.2542,126,2022-03-08 15:16:00,VYMI
63.25,63.25,63.16,63.16,3192,2022-03-08 15:18:00,VYMI
63.25,63.25,63.23,63.23,910,2022-03-08 15:19:00,VYMI
63.3088,63.3088,63.2608,63.2608,928,2022-03-08 15:20:00,VYMI
63.255,63.255,63.2,63.2,948,2022-03-08 15:21:00,VYMI
63.16,63.16,63.1065,63.1065,508,2022-03-08 15:22:00,VYMI
63.1726,63.2336,63.1726,63.2336,642,2022-03-08 15:23:00,VYMI
63.17,63.17,63.17,63.17,300,2022-03-08 15:24:00,VYMI
63.0999,63.0999,63.0999,63.0999,2936,2022-03-08 15:26:00,VYMI
63.025,63.0397,63.0157,63.0397,2556,2022-03-08 15:29:00,VYMI
63.0,63.07,63.0,63.07,450,2022-03-08 15:30:00,VYMI
63.04,63.04,63.0281,63.03,1614,2022-03-08 15:31:00,VYMI
63.01,63.01,62.9357,62.9357,574,2022-03-08 15:32:00,VYMI
62.93,62.93,62.93,62.93,500,2022-03-08 15:34:00,VYMI
62.9,62.9,62.895,62.895,534,2022-03-08 15:35:00,VYMI
62.94,62.968,62.9301,62.9301,2525,2022-03-08 15:36:00,VYMI
62.925,62.925,62.925,62.925,104,2022-03-08 15:39:00,VYMI
63.0,63.015,63.0,63.015,264,2022-03-08 15:40:00,VYMI
63.03,63.03,63.03,63.03,2750,2022-03-08 15:41:00,VYMI
63.0827,63.0827,63.08,63.08,300,2022-03-08 15:42:00,VYMI
63.095,63.1585,63.095,63.14,744,2022-03-08 15:44:00,VYMI
63.13,63.168,63.13,63.168,427,2022-03-08 15:46:00,VYMI
63.14,63.1812,63.09,63.09,1746,2022-03-08 15:47:00,VYMI
63.16,63.2,63.09,63.09,26674,2022-03-08 15:48:00,VYMI
63.09,63.09,63.09,63.09,1200,2022-03-08 15:49:00,VYMI
63.08,63.08,63.05,63.05,7011,2022-03-08 15:50:00,VYMI
63.0933,63.0933,63.0933,63.0933,300,2022-03-08 15:53:00,VYMI
63.1,63.195,63.1,63.195,5523,2022-03-08 15:54:00,VYMI
63.1501,63.24,63.1501,63.205,1566,2022-03-08 15:55:00,VYMI
63.16,63.16,63.11,63.11,1252,2022-03-08 15:56:00,VYMI
63.233,63.233,63.233,63.233,720,2022-03-08 15:58:00,VYMI
63.24,63.2739,63.24,63.245,1808,2022-03-08 15:59:00,VYMI
63.23,63.23,63.18,63.18,700,2022-03-08 16:00:00,VYMI
63.2,63.2,63.1601,63.19,1032,2022-03-08 16:01:00,VYMI
63.225,63.2899,63.225,63.235,1611,2022-03-08 16:02:00,VYMI
63.27,63.2799,63.27,63.2799,2180,2022-03-08 16:04:00,VYMI
63.21,63.21,63.21,63.21,100,2022-03-08 16:05:00,VYMI
63.17,63.17,63.14,63.14,992,2022-03-08 16:06:00,VYMI
63.1559,63.1559,63.09,63.09,830,2022-03-08 16:07:00,VYMI
63.09,63.1292,63.09,63.11,1080,2022-03-08 16:08:00,VYMI
63.13,63.16,63.1296,63.14,3750,2022-03-08 16:09:00,VYMI
63.18,63.18,63.17,63.17,1727,2022-03-08 16:11:00,VYMI
63.14,63.14,63.14,63.14,600,2022-03-08 16:12:00,VYMI
63.15,63.15,63.14,63.14,1002,2022-03-08 16:13:00,VYMI
63.165,63.175,63.165,63.175,444,2022-03-08 16:14:00,VYMI
63.2,63.2132,63.19,63.19,2050,2022-03-08 16:15:00,VYMI
63.2056,63.2056,63.2056,63.2056,450,2022-03-08 16:16:00,VYMI
63.205,63.205,63.205,63.205,147,2022-03-08 16:18:00,VYMI
63.18,63.25,63.18,63.25,3324,2022-03-08 16:19:00,VYMI
63.25,63.25,63.175,63.175,276,2022-03-08 16:20:00,VYMI
63.13,63.1842,63.04,63.04,3962,2022-03-08 16:21:00,VYMI
63.075,63.075,63.075,63.075,717,2022-03-08 16:22:00,VYMI
63.13,63.13,63.085,63.1085,3376,2022-03-08 16:24:00,VYMI
63.05,63.05,63.04,63.04,200,2022-03-08 16:26:00,VYMI
63.15,63.16,63.12,63.12,2610,2022-03-08 16:28:00,VYMI
63.08,63.085,63.08,63.085,258,2022-03-08 16:29:00,VYMI
63.1319,63.1319,63.1319,63.1319,200,2022-03-08 16:30:00,VYMI
63.0,63.0325,62.9951,63.0325,1404,2022-03-08 16:31:00,VYMI
62.93,62.93,62.93,62.93,447,2022-03-08 16:33:00,VYMI
63.0926,63.0926,63.0926,63.0926,150,2022-03-08 16:36:00,VYMI
63.09,63.09,63.04,63.04,1075,2022-03-08 16:39:00,VYMI
63.05,63.05,62.99,63.0,2100,2022-03-08 16:41:00,VYMI
63.02,63.02,63.002,63.002,550,2022-03-08 16:42:00,VYMI
63.05,63.0788,63.05,63.0788,2123,2022-03-08 16:44:00,VYMI
63.07,63.07,63.07,63.07,100,2022-03-08 16:45:00,VYMI
63.19,63.23,63.19,63.21,90762,2022-03-08 16:47:00,VYMI
63.22,63.23,63.19,63.2,2000,2022-03-08 16:48:00,VYMI
63.225,63.225,63.225,63.225,167,2022-03-08 16:50:00,VYMI
63.2899,63.2899,63.2899,63.2899,5159,2022-03-08 16:51:00,VYMI
63.22,63.235,63.2,63.215,804,2022-03-08 16:52:00,VYMI
63.295,63.31,63.295,63.31,1553,2022-03-08 16:54:00,VYMI
63.32,63.42,63.32,63.42,3500,2022-03-08 16:55:00,VYMI
63.42,63.42,63.35,63.36,1750,2022-03-08 16:56:00,VYMI
63.36,63.36,63.36,63.36,550,2022-03-08 16:57:00,VYMI
63.3501,63.47,63.3501,63.38,44953,2022-03-08 16:58:00,VYMI
63.32,63.32,63.3146,63.3146,468,2022-03-08 16:59:00,VYMI
63.4,63.4,63.348,63.348,2398,2022-03-08 17:00:00,VYMI
63.38,63.48,63.38,63.47,4102,2022-03-08 17:01:00,VYMI
63.47,63.48,63.47,63.48,1322,2022-03-08 17:02:00,VYMI
63.46,63.46,63.46,63.46,575,2022-03-08 17:03:00,VYMI
63.55,63.55,63.5235,63.5235,422,2022-03-08 17:04:00,VYMI
63.5691,63.57,63.5484,63.57,676,2022-03-08 17:05:00,VYMI
63.58,63.63,63.58,63.63,38163,2022-03-08 17:06:00,VYMI
63.63,63.65,63.63,63.64,1440,2022-03-08 17:07:00,VYMI
63.63,63.63,63.63,63.63,100,2022-03-08 17:08:00,VYMI
63.68,63.7358,63.68,63.7358,913,2022-03-08 17:12:00,VYMI
63.74,63.74,63.71,63.71,209,2022-03-08 17:13:00,VYMI
63.77,63.81,63.77,63.7956,2208,2022-03-08 17:14:00,VYMI
63.82,63.84,63.81,63.84,400,2022-03-08 17:15:00,VYMI
63.86,63.94,63.86,63.94,3256,2022-03-08 17:16:00,VYMI
63.92,63.94,63.92,63.94,1150,2022-03-08 17:17:00,VYMI
63.98,64.02,63.965,64.02,4566,2022-03-08 17:18:00,VYMI
64.03,64.04,63.98,64.01,156382,2022-03-08 17:19:00,VYMI
64.015,64.12,64.015,64.12,1934,2022-03-08 17:20:00,VYMI
64.15,64.15,64.15,64.15,100,2022-03-08 17:21:00,VYMI
64.15,64.15,63.8973,63.98,1792,2022-03-08 17:22:00,VYMI
63.9,63.91,63.79,63.875,882,2022-03-08 17:23:00,VYMI
63.92,63.94,63.8,63.8,49730,2022-03-08 17:24:00,VYMI
63.73,63.745,63.73,63.745,450,2022-03-08 17:25:00,VYMI
63.8,63.8,63.686,63.686,1414,2022-03-08 17:26:00,VYMI
63.76,63.77,63.76,63.76,804,2022-03-08 17:27:00,VYMI
63.81,63.85,63.81,63.85,1965,2022-03-08 17:28:00,VYMI
63.86,64.0,63.86,64.0,2863,2022-03-08 17:29:00,VYMI
63.97,64.02,63.93,63.93,400,2022-03-08 17:30:00,VYMI
63.92,63.9385,63.92,63.9385,817,2022-03-08 17:31:00,VYMI
63.93,63.93,63.88,63.9,1647,2022-03-08 17:32:00,VYMI
63.9452,64.04,63.9452,64.04,1636,2022-03-08 17:33:00,VYMI
64.06,64.1393,64.06,64.125,2610,2022-03-08 17:34:00,VYMI
64.07,64.07,63.9401,63.9401,1153,2022-03-08 17:35:00,VYMI
63.9,63.9,63.8775,63.8775,898,2022-03-08 17:36:00,VYMI
63.99,64.01,63.99,64.01,600,2022-03-08 17:37:00,VYMI
64.05,64.05,64.0,64.04,1098,2022-03-08 17:38:00,VYMI
64.0,64.01,63.9703,63.9703,477,2022-03-08 17:39:00,VYMI
63.9618,63.97,63.88,63.97,1453,2022-03-08 17:41:00,VYMI
63.94,63.94,63.91,63.91,1050,2022-03-08 17:42:00,VYMI
63.9074,64.02,63.9074,64.02,1308,2022-03-08 17:43:00,VYMI
63.98,64.0,63.93,63.93,4846,2022-03-08 17:44:00,VYMI
63.9,63.9,63.89,63.9,700,2022-03-08 17:45:00,VYMI
63.93,63.9956,63.93,63.98,834,2022-03-08 17:46:00,VYMI
64.0,64.0,63.9999,63.9999,232,2022-03-08 17:47:00,VYMI
63.976,63.976,63.976,63.976,555,2022-03-08 17:49:00,VYMI
63.9021,63.9021,63.9021,63.9021,125,2022-03-08 17:51:00,VYMI
64.02,64.0648,63.98,64.0648,652,2022-03-08 17:54:00,VYMI
64.09,64.1,64.04,64.06,2360,2022-03-08 17:55:00,VYMI
64.0,64.0,64.0,64.0,144,2022-03-08 17:56:00,VYMI
64.034,64.17,63.982,64.17,1655,2022-03-08 17:57:00,VYMI
64.0297,64.0297,64.0297,64.0297,307,2022-03-08 17:58:00,VYMI
64.03,64.03,63.9835,63.9835,567,2022-03-08 17:59:00,VYMI
64.09,64.09,64.09,64.09,100,2022-03-08 18:00:00,VYMI
64.11,64.13,64.1099,64.1299,516,2022-03-08 18:02:00,VYMI
64.122,64.2,64.122,64.16,2951,2022-03-08 18:03:00,VYMI
64.2,64.2,64.175,64.175,1200,2022-03-08 18:04:00,VYMI
64.2032,64.2032,64.2032,64.2032,121,2022-03-08 18:05:00,VYMI
64.1881,64.1881,64.15,64.15,258,2022-03-08 18:06:00,VYMI
64.22,64.22,64.144,64.144,2257,2022-03-08 18:07:00,VYMI
64.2,64.21,64.1781,64.1781,1110,2022-03-08 18:09:00,VYMI
64.16,64.195,64.16,64.195,210,2022-03-08 18:10:00,VYMI
64.2,64.22,64.18,64.18,2473,2022-03-08 18:11:00,VYMI
64.18,64.21,64.18,64.2011,1398,2022-03-08 18:12:00,VYMI
64.17,64.17,64.17,64.17,180,2022-03-08 18:13:00,VYMI
64.075,64.075,64.075,64.075,120,2022-03-08 18:14:00,VYMI
64.0388,64.09,64.0388,64.09,920,2022-03-08 18:15:00,VYMI
64.11,64.11,64.11,64.11,100,2022-03-08 18:17:00,VYMI
64.06,64.12,64.06,64.1,2800,2022-03-08 18:18:00,VYMI
64.0801,64.0801,64.08,64.08,431,2022-03-08 18:19:00,VYMI
64.07,64.1,64.07,64.08,10200,2022-03-08 18:20:00,VYMI
64.05,64.05,63.98,63.98,2750,2022-03-08 18:21:00,VYMI
64.02,64.03,64.01,64.01,5688,2022-03-08 18:22:00,VYMI
63.99,63.99,63.97,63.97,200,2022-03-08 18:23:00,VYMI
63.99,63.99,63.88,63.9,5948,2022-03-08 18:24:00,VYMI
63.87,63.87,63.84,63.84,400,2022-03-08 18:25:00,VYMI
63.84,63.84,63.81,63.81,2644,2022-03-08 18:26:00,VYMI
63.83,63.83,63.8,63.8,4318,2022-03-08 18:27:00,VYMI
63.82,63.82,63.742,63.742,17098,2022-03-08 18:28:00,VYMI
63.8,63.8,63.77,63.77,3100,2022-03-08 18:29:00,VYMI
63.72,63.72,63.66,63.66,8285,2022-03-08 18:30:00,VYMI
63.66,63.665,63.625,63.64,19700,2022-03-08 18:31:00,VYMI
63.61,63.61,63.5648,63.609,2611,2022-03-08 18:32:00,VYMI
63.646,63.75,63.646,63.75,6100,2022-03-08 18:33:00,VYMI
63.69,63.7,63.64,63.64,8768,2022-03-08 18:34:00,VYMI
63.68,63.68,63.68,63.68,1000,2022-03-08 18:35:00,VYMI
63.66,63.66,63.66,63.66,169,2022-03-08 18:36:00,VYMI
63.61,63.61,63.6,63.6,400,2022-03-08 18:37:00,VYMI
63.6,63.6,63.59,63.59,300,2022-03-08 18:38:00,VYMI
63.586,63.59,63.545,63.58,1419,2022-03-08 18:39:00,VYMI
63.541,63.55,63.52,63.52,1400,2022-03-08 18:40:00,VYMI
63.5498,63.5498,63.5,63.5,3600,2022-03-08 18:41:00,VYMI
63.6,63.62,63.575,63.575,1525,2022-03-08 18:42:00,VYMI
63.5858,63.65,63.5858,63.6497,2502,2022-03-08 18:43:00,VYMI
63.62,63.6249,63.62,63.6249,683,2022-03-08 18:44:00,VYMI
63.66,63.66,63.6,63.6148,2476,2022-03-08 18:45:00,VYMI
63.57,63.585,63.55,63.585,10235,2022-03-08 18:46:00,VYMI
63.63,63.64,63.63,63.63,8700,2022-03-08 18:47:00,VYMI
63.6,63.6,63.52,63.52,3200,2022-03-08 18:48:00,VYMI
63.53,63.56,63.53,63.55,3600,2022-03-08 18:49:00,VYMI
63.55,63.56,63.55,63.55,2350,2022-03-08 18:50:00,VYMI
63.55,63.555,63.55,63.55,500,2022-03-08 18:51:00,VYMI
63.574,63.574,63.574,63.574,246,2022-03-08 18:52:00,VYMI
63.57,63.58,63.57,63.57,9750,2022-03-08 18:53:00,VYMI
63.49,63.5,63.49,63.5,800,2022-03-08 18:54:00,VYMI
63.5096,63.51,63.5096,63.51,300,2022-03-08 18:55:00,VYMI
63.5189,63.5189,63.5189,63.5189,198,2022-03-08 18:56:00,VYMI
63.4666,63.48,63.4666,63.48,850,2022-03-08 18:57:00,VYMI
63.47,63.47,63.47,63.47,100,2022-03-08 18:58:00,VYMI
63.4951,63.4951,63.4951,63.4951,225,2022-03-08 18:59:00,VYMI
63.45,63.4628,63.45,63.45,3818,2022-03-08 19:00:00,VYMI
63.39,63.39,63.33,63.33,3605,2022-03-08 19:01:00,VYMI
63.33,63.3548,63.32,63.32,1400,2022-03-08 19:02:00,VYMI
63.365,63.4095,63.365,63.39,1130,2022-03-08 19:03:00,VYMI
63.41,63.4116,63.3619,63.38,2220,2022-03-08 19:05:00,VYMI
63.49,63.5,63.467,63.467,452,2022-03-08 19:07:00,VYMI
63.552,63.552,63.54,63.54,287,2022-03-08 19:08:00,VYMI
63.4,63.44,63.37,63.39,1400,2022-03-08 19:11:00,VYMI
63.39,63.39,63.32,63.32,1182,2022-03-08 19:12:00,VYMI
63.356,63.4182,63.356,63.38,535,2022-03-08 19:13:00,VYMI
63.385,63.41,63.385,63.41,639,2022-03-08 19:14:00,VYMI
63.43,63.44,63.41,63.44,2513,2022-03-08 19:17:00,VYMI
63.42,63.42,63.41,63.42,1600,2022-03-08 19:18:00,VYMI
63.456,63.46,63.4,63.4,552,2022-03-08 19:19:00,VYMI
63.45,63.45,63.4499,63.45,1052,2022-03-08 19:20:00,VYMI
63.395,63.513774,63.33,63.33,29355,2022-03-08 19:21:00,VYMI
63.34,63.34,63.34,63.34,200,2022-03-08 19:22:00,VYMI
63.41,63.45,63.41,63.45,368,2022-03-08 19:23:00,VYMI
63.4324,63.4324,63.4324,63.4324,3065,2022-03-08 19:24:00,VYMI
63.392,63.392,63.392,63.392,100,2022-03-08 19:25:00,VYMI
63.54,63.58,63.5394,63.566,23468,2022-03-08 19:26:00,VYMI
63.61,63.61,63.61,63.61,100,2022-03-08 19:28:00,VYMI
63.615,63.615,63.615,63.615,175,2022-03-08 19:29:00,VYMI
63.64,63.64,63.64,63.64,122,2022-03-08 19:30:00,VYMI
63.6,63.6,63.58,63.59,5794,2022-03-08 19:31:00,VYMI
63.58,63.58,63.58,63.58,400,2022-03-08 19:32:00,VYMI
63.51,63.51,63.51,63.51,508,2022-03-08 19:33:00,VYMI
63.46,63.57,63.46,63.57,2486,2022-03-08 19:35:00,VYMI
63.53,63.53,63.51,63.51,800,2022-03-08 19:36:00,VYMI
63.51,63.59,63.42,63.59,56158,2022-03-08 19:37:00,VYMI
63.61,63.61,63.5895,63.5895,1666,2022-03-08 19:38:00,VYMI
63.62,63.63,63.58,63.6,1016,2022-03-08 19:39:00,VYMI
63.61,63.62,63.602,63.602,1411,2022-03-08 19:40:00,VYMI
63.61,63.64,63.6,63.6199,2270,2022-03-08 19:41:00,VYMI
63.58,63.59,63.54,63.55,1738,2022-03-08 19:42:00,VYMI
63.56,63.62,63.56,63.6193,18656,2022-03-08 19:43:00,VYMI
63.635,63.635,63.635,63.635,358,2022-03-08 19:44:00,VYMI
63.64,63.68,63.64,63.67,1400,2022-03-08 19:45:00,VYMI
63.68,63.68,63.68,63.68,202,2022-03-08 19:46:00,VYMI
63.71,63.74,63.69,63.73,2329,2022-03-08 19:48:00,VYMI
63.76,63.76,63.75,63.75,300,2022-03-08 19:49:00,VYMI
63.76,63.76,63.74,63.76,1100,2022-03-08 19:50:00,VYMI
63.76,63.76,63.71,63.71,2200,2022-03-08 19:51:00,VYMI
63.7,63.7,63.7,63.7,200,2022-03-08 19:52:00,VYMI
63.588,63.588,63.588,63.588,117,2022-03-08 19:53:00,VYMI
63.59,63.59,63.59,63.59,100,2022-03-08 19:54:00,VYMI
63.59,63.63,63.56,63.63,1094,2022-03-08 19:55:00,VYMI
63.615,63.615,63.615,63.615,250,2022-03-08 19:56:00,VYMI
63.545,63.545,63.545,63.545,100,2022-03-08 19:57:00,VYMI
63.62,63.63,63.6199,63.6199,5968,2022-03-08 20:00:00,VYMI
63.59,63.59,63.575,63.575,723,2022-03-08 20:01:00,VYMI
63.66,63.66,63.659,63.659,320,2022-03-08 20:02:00,VYMI
63.8,63.8,63.7817,63.7817,800,2022-03-08 20:04:00,VYMI
63.77,63.77,63.77,63.77,100,2022-03-08 20:05:00,VYMI
63.75,63.75,63.69,63.7399,7770,2022-03-08 20:07:00,VYMI
63.7548,63.7548,63.69,63.71,1235,2022-03-08 20:08:00,VYMI
63.7758,63.78,63.734,63.78,1740,2022-03-08 20:09:00,VYMI
63.75,63.75,63.75,63.75,800,2022-03-08 20:10:00,VYMI
63.685,63.685,63.685,63.685,221,2022-03-08 20:11:00,VYMI
63.67,63.671,63.66,63.66,7790,2022-03-08 20:12:00,VYMI
63.59,63.63,63.59,63.63,400,2022-03-08 20:14:00,VYMI
63.64,63.68,63.64,63.68,1200,2022-03-08 20:15:00,VYMI
63.656,63.66,63.6168,63.6594,658,2022-03-08 20:17:00,VYMI
63.61,63.61,63.56,63.6,500,2022-03-08 20:18:00,VYMI
63.61,63.62,63.61,63.62,1600,2022-03-08 20:19:00,VYMI
63.6,63.6,63.58,63.58,609,2022-03-08 20:20:00,VYMI
63.55,63.55,63.55,63.55,200,2022-03-08 20:21:00,VYMI
63.54,63.55,63.53,63.53,1358,2022-03-08 20:22:00,VYMI
63.5127,63.5127,63.5127,63.5127,388,2022-03-08 20:23:00,VYMI
63.56,63.57,63.56,63.57,500,2022-03-08 20:24:00,VYMI
63.57,63.57,63.57,63.57,472,2022-03-08 20:25:00,VYMI
63.5399,63.5399,63.52,63.52,908,2022-03-08 20:27:00,VYMI
63.42,63.44,63.4,63.44,1620,2022-03-08 20:29:00,VYMI
63.4,63.4185,63.396,63.3999,1160,2022-03-08 20:30:00,VYMI
63.37,63.4,63.37,63.37,1201,2022-03-08 20:31:00,VYMI
63.41,63.41,63.41,63.41,443,2022-03-08 20:32:00,VYMI
63.36,63.36,63.3,63.33,919,2022-03-08 20:33:00,VYMI
63.31,63.31,63.29,63.29,3925,2022-03-08 20:34:00,VYMI
63.3,63.32,63.265,63.32,500,2022-03-08 20:35:00,VYMI
63.29,63.29,63.29,63.29,100,2022-03-08 20:36:00,VYMI
63.29,63.33,63.29,63.33,4248,2022-03-08 20:37:00,VYMI
63.37,63.39,63.37,63.39,510,2022-03-08 20:38:00,VYMI
63.38,63.38,63.38,63.38,3062,2022-03-08 20:39:00,VYMI
63.4,63.429,63.39,63.41,2738,2022-03-08 20:40:00,VYMI
63.41,63.425,63.385,63.41,2719,2022-03-08 20:41:00,VYMI
63.4,63.41,63.37,63.38,5506,2022-03-08 20:42:00,VYMI
63.4147,63.4147,63.38,63.38,373,2022-03-08 20:43:00,VYMI
63.36,63.36,63.36,63.36,100,2022-03-08 20:44:00,VYMI
63.34,63.369,63.34,63.35,822,2022-03-08 20:45:00,VYMI
63.32,63.33,63.31,63.33,1300,2022-03-08 20:46:00,VYMI
63.335,63.335,63.335,63.335,863,2022-03-08 20:47:00,VYMI
63.4,63.4,63.326,63.3299,690,2022-03-08 20:49:00,VYMI
63.33,63.36,63.32,63.32,1598,2022-03-08 20:50:00,VYMI
63.365,63.448,63.365,63.4,2110,2022-03-08 20:51:00,VYMI
63.43,63.43,63.43,63.43,200,2022-03-08 20:52:00,VYMI
63.45,63.45,63.38,63.39,4213,2022-03-08 20:53:00,VYMI
63.34,63.345,63.34,63.345,800,2022-03-08 20:54:00,VYMI
63.33,63.33,63.295,63.3,960,2022-03-08 20:55:00,VYMI
63.28,63.3472,63.27,63.3472,2709,2022-03-08 20:56:00,VYMI
63.32,63.33,63.31,63.32,1400,2022-03-08 20:57:00,VYMI
63.33,63.34,63.3,63.3,2600,2022-03-08 20:58:00,VYMI
63.3,63.36,63.3,63.34,5321,2022-03-08 20:59:00,VYMI
63.34,63.34,63.34,63.34,376,2022-03-08 21:00:00,VYMI
64.61,64.61,64.61,64.61,985,2022-03-09 14:25:00,VYMI
64.74,64.74,64.74,64.74,13489,2022-03-09 14:30:00,VYMI
64.67,64.67,64.67,64.67,358,2022-03-09 14:31:00,VYMI
64.6899,64.6899,64.6899,64.6899,200,2022-03-09 14:34:00,VYMI
64.585,64.585,64.585,64.585,500,2022-03-09 14:36:00,VYMI
64.6217,64.6217,64.6217,64.6217,214,2022-03-09 14:38:00,VYMI
64.62,64.62,64.51,64.54,755,2022-03-09 14:39:00,VYMI
64.49,64.548,64.49,64.548,1900,2022-03-09 14:41:00,VYMI
64.6297,64.6297,64.6297,64.6297,251,2022-03-09 14:44:00,VYMI
64.7473,64.7479,64.6493,64.7479,1221,2022-03-09 14:45:00,VYMI
64.69,64.7,64.5885,64.5885,4972,2022-03-09 14:48:00,VYMI
64.6175,64.6175,64.6175,64.6175,400,2022-03-09 14:50:00,VYMI
64.71,64.71,64.61,64.61,600,2022-03-09 14:51:00,VYMI
64.51,64.555,64.51,64.555,600,2022-03-09 14:52:00,VYMI
64.5,64.5,64.5,64.5,150,2022-03-09 14:53:00,VYMI
64.5,64.5,64.4246,64.4246,1098,2022-03-09 14:54:00,VYMI
64.48,64.5012,64.45,64.45,1375,2022-03-09 14:55:00,VYMI
64.44,64.44,64.44,64.44,100,2022-03-09 14:56:00,VYMI
64.545,64.545,64.545,64.545,282,2022-03-09 14:58:00,VYMI
64.5493,64.6575,64.5493,64.6575,961,2022-03-09 14:59:00,VYMI
64.61,64.65,64.61,64.65,1526,2022-03-09 15:01:00,VYMI
64.61,64.65,64.61,64.65,1390,2022-03-09 15:02:00,VYMI
64.71,64.71,64.71,64.71,1000,2022-03-09 15:03:00,VYMI
64.7099,64.7099,64.6404,64.6404,1097,2022-03-09 15:06:00,VYMI
64.675,64.6848,64.675,64.6848,203,2022-03-09 15:07:00,VYMI
64.6676,64.6676,64.6676,64.6676,141,2022-03-09 15:08:00,VYMI
64.69,64.7,64.67,64.67,10090,2022-03-09 15:10:00,VYMI
64.67,64.67,64.65,64.65,377,2022-03-09 15:11:00,VYMI
64.7,64.7,64.7,64.7,500,2022-03-09 15:12:00,VYMI
64.69,64.74,64.69,64.74,2066,2022-03-09 15:13:00,VYMI
64.74,64.74,64.74,64.74,100,2022-03-09 15:14:00,VYMI
64.75,64.7599,64.7,64.7599,1386,2022-03-09 15:15:00,VYMI
64.7172,64.7172,64.681,64.681,705,2022-03-09 15:17:00,VYMI
64.75,64.75,64.75,64.75,123,2022-03-09 15:18:00,VYMI
64.7999,64.7999,64.7999,64.7999,284,2022-03-09 15:19:00,VYMI
64.705,64.705,64.705,64.705,400,2022-03-09 15:21:00,VYMI
64.6701,64.6701,64.6701,64.6701,302,2022-03-09 15:22:00,VYMI
64.7397,64.7397,64.7,64.7,236,2022-03-09 15:23:00,VYMI
64.6898,64.6898,64.6898,64.6898,2210,2022-03-09 15:24:00,VYMI
64.7693,64.7693,64.67,64.67,1500,2022-03-09 15:25:00,VYMI
64.7199,64.7199,64.67,64.67,2608,2022-03-09 15:27:00,VYMI
64.72,64.74,64.72,64.74,250,2022-03-09 15:28:00,VYMI
64.76,64.76,64.76,64.76,459,2022-03-09 15:29:00,VYMI
64.76,64.76,64.7381,64.7381,564,2022-03-09 15:31:00,VYMI
64.773,64.773,64.764,64.764,621,2022-03-09 15:33:00,VYMI
64.7788,64.7788,64.7788,64.7788,230,2022-03-09 15:34:00,VYMI
64.84,64.8581,64.81,64.83,1142,2022-03-09 15:36:00,VYMI
64.81,64.86,64.81,64.86,200,2022-03-09 15:37:00,VYMI
64.84,64.87,64.84,64.87,1000,2022-03-09 15:38:00,VYMI
64.8743,64.8743,64.8743,64.8743,105,2022-03-09 15:39:00,VYMI
64.88,64.91,64.87,64.892,2140,2022-03-09 15:40:00,VYMI
64.89,64.89,64.87,64.8853,755,2022-03-09 15:41:00,VYMI
64.91,64.91,64.89,64.89,575,2022-03-09 15:43:00,VYMI
64.87,64.87,64.855,64.855,350,2022-03-09 15:45:00,VYMI
64.9294,64.9294,64.911,64.911,449,2022-03-09 15:46:00,VYMI
64.88,64.89,64.87,64.87,324,2022-03-09 15:47:00,VYMI
64.87,64.88,64.87,64.88,770,2022-03-09 15:48:00,VYMI
64.875,64.8793,64.875,64.8793,538,2022-03-09 15:49:00,VYMI
64.875,64.875,64.875,64.875,236,2022-03-09 15:50:00,VYMI
64.885,64.89,64.8701,64.89,1194,2022-03-09 15:51:00,VYMI
64.89,64.89,64.89,64.89,175,2022-03-09 15:52:00,VYMI
64.8743,64.8743,64.8743,64.8743,138,2022-03-09 15:53:00,VYMI
64.87,64.87,64.87,64.87,100,2022-03-09 15:54:00,VYMI
64.8647,64.8647,64.8646,64.8646,282,2022-03-09 15:55:00,VYMI
64.9195,64.9195,64.895,64.895,4725,2022-03-09 15:56:00,VYMI
64.9156,64.9156,64.9156,64.9156,100,2022-03-09 15:57:00,VYMI
64.97,64.97,64.94,64.9638,24988,2022-03-09 15:59:00,VYMI
64.94,64.94,64.94,64.94,570,2022-03-09 16:00:00,VYMI
64.8939,64.8944,64.8939,64.8944,338,2022-03-09 16:01:00,VYMI
64.8513,64.8513,64.8513,64.8513,273,2022-03-09 16:03:00,VYMI
64.8722,64.8722,64.8722,64.8722,140,2022-03-09 16:04:00,VYMI
64.9563,64.9563,64.9556,64.9556,353,2022-03-09 16:06:00,VYMI
64.9201,64.9201,64.9201,64.9201,500,2022-03-09 16:07:00,VYMI
64.96,64.96,64.96,64.96,289,2022-03-09 16:08:00,VYMI
64.89,64.89,64.89,64.89,300,2022-03-09 16:10:00,VYMI
64.9269,64.9269,64.8732,64.904,1318,2022-03-09 16:11:00,VYMI
64.9,64.9,64.9,64.9,148,2022-03-09 16:12:00,VYMI
64.885,64.885,64.885,64.885,1500,2022-03-09 16:15:00,VYMI
64.885,64.885,64.885,64.885,160,2022-03-09 16:16:00,VYMI
64.9,64.93,64.9,64.93,400,2022-03-09 16:17:00,VYMI
64.89,64.9,64.89,64.9,600,2022-03-09 16:18:00,VYMI
64.972,64.972,64.972,64.972,197,2022-03-09 16:19:00,VYMI
65.0,65.02,65.0,65.0,1276,2022-03-09 16:20:00,VYMI
64.9915,64.9915,64.94,64.94,692,2022-03-09 16:21:00,VYMI
64.9715,64.985,64.9715,64.985,767,2022-03-09 16:23:00,VYMI
65.04,65.07,65.039,65.07,1934,2022-03-09 16:27:00,VYMI
65.04,65.04,65.04,65.04,100,2022-03-09 16:28:00,VYMI
65.04,65.04,65.04,65.04,169,2022-03-09 16:29:00,VYMI
65.0495,65.09,65.02,65.04,13667,2022-03-09 16:30:00,VYMI
65.06,65.09,65.06,65.09,704,2022-03-09 16:31:00,VYMI
65.106,65.106,65.0819,65.0819,369,2022-03-09 16:32:00,VYMI
65.19,65.195,65.19,65.195,450,2022-03-09 16:33:00,VYMI
65.33,65.37,65.32,65.37,4385,2022-03-09 16:35:00,VYMI
65.38,65.38,65.25,65.25,1260,2022-03-09 16:36:00,VYMI
65.38,65.38,65.38,65.38,100,2022-03-09 16:41:00,VYMI
65.3139,65.3139,65.3139,65.3139,311,2022-03-09 16:42:00,VYMI
65.32,65.32,65.32,65.32,268,2022-03-09 16:43:00,VYMI
65.3231,65.35,65.32,65.33,2894,2022-03-09 16:44:00,VYMI
65.32,65.32,65.32,65.32,238,2022-03-09 16:45:00,VYMI
65.33,65.344,65.33,65.344,300,2022-03-09 16:46:00,VYMI
65.32,65.32,65.31,65.31,491,2022-03-09 16:47:00,VYMI
65.3533,65.38,65.3533,65.38,368,2022-03-09 16:49:00,VYMI
65.35,65.35,65.35,65.35,100,2022-03-09 16:50:00,VYMI
65.32,65.32,65.2941,65.2941,2265,2022-03-09 16:51:00,VYMI
65.285,65.31,65.285,65.31,560,2022-03-09 16:53:00,VYMI
65.3085,65.3085,65.27,65.2999,1650,2022-03-09 16:54:00,VYMI
65.31,65.31,65.31,65.31,100,2022-03-09 16:56:00,VYMI
65.31,65.31,65.3,65.3,367,2022-03-09 16:57:00,VYMI
65.326,65.3357,65.306,65.306,1584,2022-03-09 16:58:00,VYMI
65.38,65.38,65.38,65.38,307,2022-03-09 17:01:00,VYMI
65.3984,65.3991,65.36,65.3991,602,2022-03-09 17:02:00,VYMI
65.38,65.38,65.32,65.355,3743,2022-03-09 17:03:00,VYMI
65.35,65.37,65.35,65.37,206,2022-03-09 17:04:00,VYMI
65.36,65.36,65.32,65.322,2275,2022-03-09 17:07:00,VYMI
65.31,65.31,65.31,65.31,200,2022-03-09 17:09:00,VYMI
65.32,65.32,65.32,65.32,290,2022-03-09 17:11:00,VYMI
65.32,65.32,65.32,65.32,100,2022-03-09 17:12:00,VYMI
65.3348,65.37,65.3348,65.37,406,2022-03-09 17:13:00,VYMI
65.34,65.36,65.34,65.36,281,2022-03-09 17:14:00,VYMI
65.31,65.4,65.31,65.4,300,2022-03-09 17:15:00,VYMI
65.35,65.35,65.35,65.35,151,2022-03-09 17:16:00,VYMI
65.39,65.39,65.39,65.39,200,2022-03-09 17:17:00,VYMI
65.365,65.39,65.365,65.37,454,2022-03-09 17:19:00,VYMI
65.35,65.36,65.35,65.35,1245,2022-03-09 17:20:00,VYMI
65.32,65.33,65.3,65.3,2914,2022-03-09 17:21:00,VYMI
65.33,65.4,65.33,65.4,2096,2022-03-09 17:22:00,VYMI
65.39,65.39,65.39,65.39,300,2022-03-09 17:23:00,VYMI
65.36,65.36,65.35,65.35,300,2022-03-09 17:24:00,VYMI
65.34,65.34,65.33,65.33,691,2022-03-09 17:25:00,VYMI
65.28,65.3,65.28,65.3,1429,2022-03-09 17:26:00,VYMI
65.33,65.36,65.33,65.36,1905,2022-03-09 17:27:00,VYMI
65.36,65.3729,65.36,65.3729,345,2022-03-09 17:28:00,VYMI
65.385,65.405,65.385,65.39,999,2022-03-09 17:31:00,VYMI
65.3676,65.38,65.3676,65.37,2457,2022-03-09 17:32:00,VYMI
65.365,65.365,65.31,65.31,1557,2022-03-09 17:33:00,VYMI
65.35,65.35,65.35,65.35,236,2022-03-09 17:35:00,VYMI
65.36,65.39,65.36,65.38,800,2022-03-09 17:36:00,VYMI
65.42,65.42,65.42,65.42,200,2022-03-09 17:38:00,VYMI
65.4494,65.4687,65.4494,65.4687,696,2022-03-09 17:39:00,VYMI
65.47,65.47,65.445,65.445,369,2022-03-09 17:40:00,VYMI
65.47,65.47,65.46,65.46,573,2022-03-09 17:41:00,VYMI
65.43,65.4338,65.41,65.41,986,2022-03-09 17:42:00,VYMI
65.37,65.42,65.37,65.4117,1630,2022-03-09 17:43:00,VYMI
65.3401,65.3401,65.3401,65.3401,200,2022-03-09 17:45:00,VYMI
65.35,65.36,65.33,65.33,2600,2022-03-09 17:46:00,VYMI
65.3588,65.36,65.35,65.35,1401,2022-03-09 17:47:00,VYMI
65.3489,65.3489,65.3489,65.3489,304,2022-03-09 17:48:00,VYMI
65.3788,65.38,65.3788,65.38,253,2022-03-09 17:49:00,VYMI
65.38,65.38,65.36,65.36,400,2022-03-09 17:51:00,VYMI
65.3793,65.4,65.355,65.4,3126,2022-03-09 17:52:00,VYMI
65.39,65.4,65.38,65.39,7058,2022-03-09 17:53:00,VYMI
65.39,65.4,65.39,65.39,449,2022-03-09 17:54:00,VYMI
65.39,65.39,65.38,65.3883,1806,2022-03-09 17:55:00,VYMI
65.39,65.39,65.39,65.39,200,2022-03-09 17:56:00,VYMI
65.3789,65.3789,65.3789,65.3789,1300,2022-03-09 17:57:00,VYMI
65.38,65.38,65.38,65.38,1500,2022-03-09 17:59:00,VYMI
65.3669,65.39,65.365,65.365,982,2022-03-09 18:00:00,VYMI
65.37,65.37,65.345,65.345,1289,2022-03-09 18:01:00,VYMI
65.36,65.36,65.32,65.32,650,2022-03-09 18:02:00,VYMI
65.3,65.3,65.2,65.235,18331,2022-03-09 18:03:00,VYMI
65.26,65.26,65.25,65.25,1913,2022-03-09 18:04:00,VYMI
65.21,65.21,65.21,65.21,300,2022-03-09 18:05:00,VYMI
65.22,65.23,65.19,65.21,963,2022-03-09 18:06:00,VYMI
65.2281,65.2281,65.2281,65.2281,380,2022-03-09 18:07:00,VYMI
65.23,65.23,65.19,65.19,200,2022-03-09 18:08:00,VYMI
65.3,65.3,65.2683,65.3,800,2022-03-09 18:11:00,VYMI
65.342,65.342,65.28,65.28,412,2022-03-09 18:13:00,VYMI
65.3,65.3,65.3,65.3,200,2022-03-09 18:14:00,VYMI
65.3,65.3,65.25,65.27,1627,2022-03-09 18:16:00,VYMI
65.286,65.33,65.26,65.26,12065,2022-03-09 18:17:00,VYMI
65.26,65.26,65.23,65.23,1723,2022-03-09 18:18:00,VYMI
65.2499,65.2499,65.2499,65.2499,600,2022-03-09 18:19:00,VYMI
65.2251,65.2251,65.2251,65.2251,227,2022-03-09 18:20:00,VYMI
65.1982,65.1982,65.1982,65.1982,298,2022-03-09 18:21:00,VYMI
65.22,65.22,65.22,65.22,100,2022-03-09 18:23:00,VYMI
65.19,65.19,65.19,65.19,100,2022-03-09 18:24:00,VYMI
65.22,65.2491,65.22,65.2491,466,2022-03-09 18:26:00,VYMI
65.2192,65.2192,65.2192,65.2192,157,2022-03-09 18:27:00,VYMI
65.22,65.22,65.2,65.2,6202,2022-03-09 18:28:00,VYMI
65.19,65.19,65.13,65.166,1280,2022-03-09 18:29:00,VYMI
65.1893,65.1893,65.1893,65.1893,160,2022-03-09 18:30:00,VYMI
65.18,65.18,65.18,65.18,200,2022-03-09 18:31:00,VYMI
65.14,65.17,65.135,65.1694,764,2022-03-09 18:32:00,VYMI
65.14,65.14,65.14,65.14,281,2022-03-09 18:33:00,VYMI
65.14,65.14,65.14,65.14,100,2022-03-09 18:34:00,VYMI
65.0542,65.0542,65.0542,65.0542,868,2022-03-09 18:39:00,VYMI
65.09,65.09,65.06,65.06,500,2022-03-09 18:41:00,VYMI
65.1,65.1,65.1,65.1,408,2022-03-09 18:42:00,VYMI
65.102,65.1156,65.0188,65.0188,942,2022-03-09 18:43:00,VYMI
65.06,65.07,65.06,65.07,200,2022-03-09 18:45:00,VYMI
65.03,65.03,65.03,65.03,300,2022-03-09 18:46:00,VYMI
64.9835,64.9835,64.9835,64.9835,390,2022-03-09 18:49:00,VYMI
64.98,65.0087,64.98,65.0087,474,2022-03-09 18:50:00,VYMI
65.03,65.0348,65.03,65.0348,869,2022-03-09 18:53:00,VYMI
65.0,65.0,65.0,65.0,12553,2022-03-09 18:55:00,VYMI
65.036,65.04,64.98,64.98,2369,2022-03-09 18:56:00,VYMI
65.0,65.0,65.0,65.0,1000,2022-03-09 18:57:00,VYMI
64.97,64.99,64.97,64.99,800,2022-03-09 18:58:00,VYMI
65.0,65.0,64.97,64.97,200,2022-03-09 18:59:00,VYMI
64.99,64.99,64.99,64.99,400,2022-03-09 19:00:00,VYMI
65.03,65.03,65.03,65.03,100,2022-03-09 19:01:00,VYMI
65.03,65.03,65.03,65.03,200,2022-03-09 19:02:00,VYMI
65.04,65.06,65.02,65.06,961,2022-03-09 19:03:00,VYMI
65.06,65.06,65.06,65.06,100,2022-03-09 19:04:00,VYMI
65.07,65.07,65.07,65.07,14396,2022-03-09 19:05:00,VYMI
65.05,65.0847,65.0499,65.0847,615,2022-03-09 19:06:00,VYMI
65.1099,65.1099,65.04,65.04,1667,2022-03-09 19:08:00,VYMI
65.035,65.035,65.035,65.035,149,2022-03-09 19:09:00,VYMI
65.01,65.01,64.9875,64.99,3300,2022-03-09 19:10:00,VYMI
64.97,64.97,64.9322,64.945,2980,2022-03-09 19:11:00,VYMI
64.92,64.95,64.92,64.95,496,2022-03-09 19:12:00,VYMI
64.97,64.97,64.97,64.97,100,2022-03-09 19:14:00,VYMI
65.0,65.07,64.98,64.98,539,2022-03-09 19:15:00,VYMI
65.0,65.0,64.96,64.96,1023,2022-03-09 19:16:00,VYMI
64.965,64.965,64.965,64.965,145,2022-03-09 19:17:00,VYMI
65.0447,65.0447,65.0447,65.0447,270,2022-03-09 19:18:00,VYMI
65.0425,65.05,65.0246,65.05,424,2022-03-09 19:20:00,VYMI
65.068,65.068,65.06,65.06,1925,2022-03-09 19:22:00,VYMI
65.06,65.06,65.0148,65.0148,1766,2022-03-09 19:23:00,VYMI
65.0448,65.0448,65.0448,65.0448,268,2022-03-09 19:25:00,VYMI
65.0583,65.0583,65.0583,65.0583,100,2022-03-09 19:27:00,VYMI
65.02,65.04,65.02,65.04,380,2022-03-09 19:28:00,VYMI
65.05,65.05,65.05,65.05,100,2022-03-09 19:29:00,VYMI
65.056,65.06,65.056,65.06,1470,2022-03-09 19:31:00,VYMI
65.07,65.07,65.07,65.07,100,2022-03-09 19:33:00,VYMI
65.03,65.03,65.03,65.03,500,2022-03-09 19:34:00,VYMI
65.0152,65.07,65.0075,65.04,1274,2022-03-09 19:35:00,VYMI
65.0484,65.0484,65.0484,65.0484,221,2022-03-09 19:36:00,VYMI
65.07,65.07,65.03,65.07,1736,2022-03-09 19:41:00,VYMI
65.08,65.08,65.08,65.08,100,2022-03-09 19:42:00,VYMI
65.0748,65.0748,65.0748,65.0748,145,2022-03-09 19:44:00,VYMI
65.0484,65.12,65.0484,65.12,5543,2022-03-09 19:45:00,VYMI
65.07,65.07,65.07,65.07,400,2022-03-09 19:46:00,VYMI
65.07,65.07,65.025,65.025,347,2022-03-09 19:47:00,VYMI
65.06,65.06,65.0484,65.0484,647,2022-03-09 19:49:00,VYMI
65.09,65.09,65.06,65.06,400,2022-03-09 19:50:00,VYMI
65.105,65.12,65.105,65.12,200,2022-03-09 19:51:00,VYMI
65.12,65.1287,65.098,65.098,2846,2022-03-09 19:52:00,VYMI
65.09,65.09,65.045,65.045,400,2022-03-09 19:53:00,VYMI
65.06,65.06,65.06,65.06,369,2022-03-09 19:54:00,VYMI
65.03,65.04,65.03,65.04,200,2022-03-09 19:55:00,VYMI
65.05,65.06,65.05,65.06,200,2022-03-09 19:56:00,VYMI
65.0899,65.09,65.0699,65.0699,1726,2022-03-09 19:57:00,VYMI
65.08,65.1,65.08,65.1,200,2022-03-09 19:59:00,VYMI
65.09,65.09,65.09,65.09,100,2022-03-09 20:00:00,VYMI
65.1299,65.1299,65.1299,65.1299,363,2022-03-09 20:01:00,VYMI
65.12,65.12,65.105,65.105,357,2022-03-09 20:03:00,VYMI
65.09,65.09,65.09,65.09,100,2022-03-09 20:04:00,VYMI
65.11,65.11,65.1027,65.11,1071,2022-03-09 20:05:00,VYMI
65.11,65.15,65.11,65.15,3851,2022-03-09 20:06:00,VYMI
65.15,65.16,65.15,65.16,404,2022-03-09 20:07:00,VYMI
65.1786,65.1786,65.1786,65.1786,275,2022-03-09 20:08:00,VYMI
65.17,65.17,65.17,65.17,200,2022-03-09 20:09:00,VYMI
65.21,65.24,65.2,65.22,3060,2022-03-09 20:10:00,VYMI
65.22,65.22,65.21,65.22,900,2022-03-09 20:11:00,VYMI
65.205,65.23,65.205,65.2166,2555,2022-03-09 20:13:00,VYMI
65.215,65.2399,65.215,65.2399,250,2022-03-09 20:14:00,VYMI
65.23,65.23,65.23,65.23,350,2022-03-09 20:16:00,VYMI
65.22,65.22,65.22,65.22,211,2022-03-09 20:17:00,VYMI
65.21,65.21,65.21,65.21,276,2022-03-09 20:18:00,VYMI
65.23,65.24,65.2276,65.24,1828,2022-03-09 20:19:00,VYMI
65.27,65.27,65.27,65.27,368,2022-03-09 20:21:00,VYMI
65.26,65.27,65.26,65.26,988,2022-03-09 20:23:00,VYMI
65.25,65.25,65.25,65.25,900,2022-03-09 20:24:00,VYMI
65.25,65.25,65.23,65.23,317,2022-03-09 20:25:00,VYMI
65.221,65.221,65.215,65.215,1160,2022-03-09 20:28:00,VYMI
65.225,65.23,65.225,65.23,450,2022-03-09 20:29:00,VYMI
65.23,65.27,65.23,65.24,5934,2022-03-09 20:30:00,VYMI
65.245,65.245,65.24,65.24,287,2022-03-09 20:31:00,VYMI
65.24,65.25,65.24,65.25,200,2022-03-09 20:32:00,VYMI
65.25,65.27,65.22,65.22,2563,2022-03-09 20:33:00,VYMI
65.22,65.22,65.22,65.22,100,2022-03-09 20:34:00,VYMI
65.2276,65.249,65.2276,65.249,1065,2022-03-09 20:35:00,VYMI
65.2,65.226,65.2,65.2084,480,2022-03-09 20:38:00,VYMI
65.18,65.18,65.18,65.18,292,2022-03-09 20:39:00,VYMI
65.17,65.2,65.17,65.2,500,2022-03-09 20:40:00,VYMI
65.22,65.2272,65.22,65.22,310,2022-03-09 20:41:00,VYMI
65.21,65.25,65.21,65.25,12877,2022-03-09 20:44:00,VYMI
65.21,65.23,65.21,65.2228,1668,2022-03-09 20:45:00,VYMI
65.2199,65.23,65.2199,65.23,347,2022-03-09 20:46:00,VYMI
65.24,65.24,65.22,65.22,572,2022-03-09 20:47:00,VYMI
65.21,65.24,65.19,65.21,1335,2022-03-09 20:48:00,VYMI
65.14,65.14,65.11,65.11,900,2022-03-09 20:49:00,VYMI
65.155,65.16,65.12,65.12,1210,2022-03-09 20:50:00,VYMI
65.07,65.07,65.07,65.07,268,2022-03-09 20:52:00,VYMI
65.1,65.115,65.1,65.115,700,2022-03-09 20:53:00,VYMI
65.14,65.14,65.14,65.14,100,2022-03-09 20:54:00,VYMI
65.15,65.15,65.11,65.11,997,2022-03-09 20:55:00,VYMI
65.09,65.09,65.09,65.09,100,2022-03-09 20:56:00,VYMI
65.095,65.095,65.095,65.095,110,2022-03-09 20:57:00,VYMI
65.09,65.09,65.055,65.055,640,2022-03-09 20:58:00,VYMI
65.045,65.15,65.045,65.15,2068,2022-03-09 20:59:00,VYMI
65.16,65.16,65.16,65.16,383,2022-03-09 21:00:00,VYMI
64.33,64.59,64.33,64.56,19428,2022-03-10 14:30:00,VYMI
64.57,64.57,64.57,64.57,100,2022-03-10 14:31:00,VYMI
64.55,64.55,64.54,64.55,813,2022-03-10 14:32:00,VYMI
64.63,64.63,64.6127,64.63,2400,2022-03-10 14:34:00,VYMI
64.63,64.64,64.6,64.6,7113,2022-03-10 14:35:00,VYMI
64.6,64.63,64.6,64.6,3176,2022-03-10 14:36:00,VYMI
64.575,64.595,64.56,64.595,710,2022-03-10 14:37:00,VYMI
64.5852,64.5852,64.5408,64.56,1153,2022-03-10 14:38:00,VYMI
64.55,64.55,64.51,64.51,1900,2022-03-10 14:39:00,VYMI
64.5,64.61,64.5,64.61,780,2022-03-10 14:40:00,VYMI
64.605,64.63,64.59,64.63,450,2022-03-10 14:41:00,VYMI
64.66,64.66,64.66,64.66,100,2022-03-10 14:42:00,VYMI
64.64,64.6444,64.61,64.61,475,2022-03-10 14:43:00,VYMI
64.69,64.69,64.69,64.69,450,2022-03-10 14:45:00,VYMI
64.705,64.705,64.67,64.67,500,2022-03-10 14:46:00,VYMI
64.6538,64.6538,64.6538,64.6538,147,2022-03-10 14:47:00,VYMI
64.7017,64.7017,64.7,64.7,1353,2022-03-10 14:49:00,VYMI
64.72,64.72,64.7,64.7,200,2022-03-10 14:50:00,VYMI
64.72,64.72,64.72,64.72,229,2022-03-10 14:51:00,VYMI
64.69,64.69,64.69,64.69,400,2022-03-10 14:52:00,VYMI
64.8452,64.91,64.8452,64.91,925,2022-03-10 14:55:00,VYMI
64.93,64.93,64.93,64.93,100,2022-03-10 14:57:00,VYMI
65.02,65.05,65.02,65.05,1050,2022-03-10 14:58:00,VYMI
65.05,65.05,65.02,65.02,300,2022-03-10 14:59:00,VYMI
65.02,65.02,65.0,65.0,900,2022-03-10 15:00:00,VYMI
64.9515,64.9515,64.9113,64.9113,1248,2022-03-10 15:01:00,VYMI
64.9,64.9,64.9,64.9,100,2022-03-10 15:02:00,VYMI
64.9115,64.9115,64.9115,64.9115,143,2022-03-10 15:03:00,VYMI
64.895,64.895,64.895,64.895,259,2022-03-10 15:04:00,VYMI
64.965,64.965,64.95,64.95,1050,2022-03-10 15:06:00,VYMI
64.93,64.93,64.93,64.93,163,2022-03-10 15:07:00,VYMI
64.95,64.95,64.9,64.9,835,2022-03-10 15:11:00,VYMI
64.91,64.91,64.91,64.91,804,2022-03-10 15:12:00,VYMI
64.93,64.94,64.93,64.94,879,2022-03-10 15:14:00,VYMI
64.95,64.9579,64.95,64.9579,346,2022-03-10 15:15:00,VYMI
64.98,65.009,64.9721,65.009,2369,2022-03-10 15:17:00,VYMI
65.0,65.0,65.0,65.0,400,2022-03-10 15:18:00,VYMI
64.97,64.97,64.9541,64.9541,1220,2022-03-10 15:21:00,VYMI
64.955,64.955,64.955,64.955,153,2022-03-10 15:22:00,VYMI
64.945,64.945,64.945,64.945,150,2022-03-10 15:23:00,VYMI
64.9261,64.9261,64.9261,64.9261,245,2022-03-10 15:25:00,VYMI
64.9167,64.9167,64.8809,64.8809,1942,2022-03-10 15:26:00,VYMI
64.885,64.895,64.885,64.895,1486,2022-03-10 15:27:00,VYMI
64.91,64.91,64.9099,64.9099,1540,2022-03-10 15:28:00,VYMI
64.86,64.86,64.86,64.86,279,2022-03-10 15:29:00,VYMI
64.835,64.835,64.835,64.835,303,2022-03-10 15:30:00,VYMI
64.7944,64.7944,64.74,64.74,300,2022-03-10 15:33:00,VYMI
64.71,64.7396,64.71,64.7396,420,2022-03-10 15:35:00,VYMI
64.715,64.7399,64.715,64.7399,383,2022-03-10 15:36:00,VYMI
64.7428,64.7428,64.7428,64.7428,937,2022-03-10 15:38:00,VYMI
64.7899,64.7899,64.78,64.78,553,2022-03-10 15:39:00,VYMI
64.77,64.792,64.77,64.792,216,2022-03-10 15:40:00,VYMI
64.81,64.83,64.81,64.8216,2720,2022-03-10 15:43:00,VYMI
64.81,64.81,64.81,64.81,500,2022-03-10 15:45:00,VYMI
64.805,64.805,64.8,64.8,9077,2022-03-10 15:46:00,VYMI
64.81,64.841,64.81,64.841,9261,2022-03-10 15:47:00,VYMI
64.85,64.86,64.84,64.86,400,2022-03-10 15:48:00,VYMI
64.87,64.87,64.87,64.87,100,2022-03-10 15:49:00,VYMI
64.86,64.86,64.86,64.86,382,2022-03-10 15:50:00,VYMI
64.79,64.79,64.78,64.78,1550,2022-03-10 15:51:00,VYMI
64.8,64.8,64.8,64.8,250,2022-03-10 15:52:00,VYMI
64.81,64.81,64.8,64.8,1100,2022-03-10 15:53:00,VYMI
64.78,64.78,64.78,64.78,138,2022-03-10 15:54:00,VYMI
64.74,64.74,64.7296,64.7296,1181,2022-03-10 15:55:00,VYMI
64.72,64.7425,64.72,64.7425,420,2022-03-10 15:56:00,VYMI
64.72,64.72,64.72,64.72,100,2022-03-10 15:57:00,VYMI
64.71,64.71,64.7,64.7,300,2022-03-10 15:58:00,VYMI
64.695,64.695,64.695,64.695,1500,2022-03-10 15:59:00,VYMI
64.705,64.705,64.67,64.67,700,2022-03-10 16:00:00,VYMI
64.67,64.67,64.65,64.65,200,2022-03-10 16:01:00,VYMI
64.63,64.63,64.62,64.62,700,2022-03-10 16:03:00,VYMI
64.625,64.625,64.61,64.61,663,2022-03-10 16:04:00,VYMI
64.63,64.63,64.57,64.57,1656,2022-03-10 16:06:00,VYMI
64.54,64.54,64.54,64.54,100,2022-03-10 16:07:00,VYMI
64.57,64.57,64.57,64.57,300,2022-03-10 16:08:00,VYMI
64.58,64.58,64.58,64.58,162,2022-03-10 16:12:00,VYMI
64.605,64.605,64.605,64.605,300,2022-03-10 16:13:00,VYMI
64.63,64.6412,64.63,64.6412,1196,2022-03-10 16:14:00,VYMI
64.61,64.61,64.59,64.61,600,2022-03-10 16:16:00,VYMI
64.635,64.6531,64.635,64.6531,341,2022-03-10 16:17:00,VYMI
64.61,64.615,64.61,64.615,611,2022-03-10 16:18:00,VYMI
64.64,64.64,64.64,64.64,100,2022-03-10 16:19:00,VYMI
64.62,64.62,64.61,64.61,423,2022-03-10 16:20:00,VYMI
64.625,64.625,64.625,64.625,454,2022-03-10 16:21:00,VYMI
64.6,64.6,64.59,64.59,300,2022-03-10 16:22:00,VYMI
64.5999,64.5999,64.5884,64.5884,487,2022-03-10 16:23:00,VYMI
64.59,64.6054,64.59,64.6054,275,2022-03-10 16:24:00,VYMI
64.57,64.58,64.56,64.58,400,2022-03-10 16:25:00,VYMI
64.54,64.54,64.49,64.49,1833,2022-03-10 16:26:00,VYMI
64.495,64.4989,64.47,64.47,814,2022-03-10 16:27:00,VYMI
64.5,64.5,64.5,64.5,100,2022-03-10 16:28:00,VYMI
64.54,64.54,64.54,64.54,100,2022-03-10 16:30:00,VYMI
64.585,64.6,64.56,64.6,900,2022-03-10 16:31:00,VYMI
64.62,64.62,64.59,64.59,212,2022-03-10 16:33:00,VYMI
64.605,64.6132,64.605,64.6132,826,2022-03-10 16:34:00,VYMI
64.64,64.64,64.64,64.64,100,2022-03-10 16:35:00,VYMI
64.6,64.6,64.5704,64.5704,1563,2022-03-10 16:36:00,VYMI
64.5857,64.5857,64.5415,64.5415,404,2022-03-10 16:37:00,VYMI
64.54,64.555,64.54,64.549,2618,2022-03-10 16:38:00,VYMI
64.58,64.58,64.58,64.58,395,2022-03-10 16:40:00,VYMI
64.58,64.58,64.58,64.58,100,2022-03-10 16:41:00,VYMI
64.5733,64.5733,64.56,64.565,1363,2022-03-10 16:42:00,VYMI
64.56,64.58,64.53,64.54,2088,2022-03-10 16:43:00,VYMI
64.55,64.5745,64.55,64.5745,200,2022-03-10 16:44:00,VYMI
64.5848,64.59,64.575,64.575,2339,2022-03-10 16:45:00,VYMI
64.57,64.57,64.57,64.57,100,2022-03-10 16:47:00,VYMI
64.6299,64.6299,64.6299,64.6299,135,2022-03-10 16:49:00,VYMI
64.5926,64.65,64.5926,64.649,412,2022-03-10 16:50:00,VYMI
64.62,64.63,64.62,64.63,872,2022-03-10 16:51:00,VYMI
64.67,64.67,64.67,64.67,100,2022-03-10 16:52:00,VYMI
64.665,64.665,64.65,64.65,600,2022-03-10 16:53:00,VYMI
64.66,64.66,64.66,64.66,100,2022-03-10 16:55:00,VYMI
64.66,64.675,64.66,64.675,317,2022-03-10 16:57:00,VYMI
64.69,64.69,64.69,64.69,100,2022-03-10 16:58:00,VYMI
64.72,64.72,64.69,64.69,200,2022-03-10 16:59:00,VYMI
64.69,64.7,64.69,64.69,964,2022-03-10 17:00:00,VYMI
64.719,64.719,64.71,64.71,407,2022-03-10 17:01:00,VYMI
64.729,64.729,64.729,64.729,108,2022-03-10 17:02:00,VYMI
64.72,64.72,64.7,64.71,519,2022-03-10 17:03:00,VYMI
64.7,64.7,64.7,64.7,100,2022-03-10 17:04:00,VYMI
64.72,64.72,64.72,64.72,600,2022-03-10 17:05:00,VYMI
64.75,64.75,64.75,64.75,500,2022-03-10 17:06:00,VYMI
64.73,64.73,64.73,64.73,100,2022-03-10 17:10:00,VYMI
64.71,64.71,64.69,64.69,527,2022-03-10 17:11:00,VYMI
64.676,64.69,64.676,64.69,2100,2022-03-10 17:12:00,VYMI
64.69,64.69,64.68,64.68,520,2022-03-10 17:13:00,VYMI
64.64,64.67,64.64,64.6595,775,2022-03-10 17:14:00,VYMI
64.68,64.68,64.67,64.68,300,2022-03-10 17:15:00,VYMI
64.7,64.7,64.7,64.7,100,2022-03-10 17:17:00,VYMI
64.66,64.66,64.64,64.64,617,2022-03-10 17:18:00,VYMI
64.66,64.67,64.66,64.67,305,2022-03-10 17:19:00,VYMI
64.6896,64.6896,64.6896,64.6896,306,2022-03-10 17:20:00,VYMI
64.685,64.72,64.685,64.71,2321,2022-03-10 17:21:00,VYMI
64.72,64.735,64.71,64.735,1119,2022-03-10 17:22:00,VYMI
64.74,64.74,64.74,64.74,687,2022-03-10 17:23:00,VYMI
64.755,64.755,64.755,64.755,300,2022-03-10 17:24:00,VYMI
64.75,64.75,64.73,64.73,645,2022-03-10 17:25:00,VYMI
64.71,64.71,64.71,64.71,452,2022-03-10 17:27:00,VYMI
64.75,64.75,64.75,64.75,300,2022-03-10 17:30:00,VYMI
64.74,64.74,64.73,64.73,1143,2022-03-10 17:31:00,VYMI
64.73,64.73,64.715,64.715,450,2022-03-10 17:32:00,VYMI
64.7,64.7,64.7,64.7,292,2022-03-10 17:33:00,VYMI
64.65,64.6734,64.65,64.6734,3113,2022-03-10 17:36:00,VYMI
64.65,64.65,64.65,64.65,200,2022-03-10 17:37:00,VYMI
64.64,64.64,64.64,64.64,100,2022-03-10 17:40:00,VYMI
64.63,64.63,64.61,64.61,1748,2022-03-10 17:41:00,VYMI
64.615,64.615,64.615,64.615,1261,2022-03-10 17:43:00,VYMI
64.6,64.6,64.6,64.6,100,2022-03-10 17:44:00,VYMI
64.6312,64.6312,64.6,64.6,3334,2022-03-10 17:47:00,VYMI
64.65,64.65,64.6,64.6,500,2022-03-10 17:48:00,VYMI
64.63,64.63,64.63,64.63,1160,2022-03-10 17:49:00,VYMI
64.62,64.62,64.62,64.62,100,2022-03-10 17:50:00,VYMI
64.615,64.615,64.61,64.61,1150,2022-03-10 17:51:00,VYMI
64.6,64.6,64.6,64.6,287,2022-03-10 17:52:00,VYMI
64.565,64.565,64.565,64.565,100,2022-03-10 17:53:00,VYMI
64.565,64.58,64.565,64.57,802,2022-03-10 17:56:00,VYMI
64.56,64.57,64.55,64.56,4565,2022-03-10 17:58:00,VYMI
64.577,64.577,64.56,64.56,3982,2022-03-10 17:59:00,VYMI
64.5731,64.5778,64.5731,64.5778,1641,2022-03-10 18:00:00,VYMI
64.565,64.565,64.565,64.565,561,2022-03-10 18:01:00,VYMI
64.58,64.61,64.58,64.61,1100,2022-03-10 18:02:00,VYMI
64.56,64.56,64.54,64.5464,1055,2022-03-10 18:03:00,VYMI
64.54,64.54,64.5016,64.5016,7200,2022-03-10 18:04:00,VYMI
64.5401,64.5401,64.5401,64.5401,599,2022-03-10 18:06:00,VYMI
64.5668,64.5668,64.5668,64.5668,230,2022-03-10 18:07:00,VYMI
64.57,64.57,64.5676,64.5676,452,2022-03-10 18:08:00,VYMI
64.5403,64.5403,64.5403,64.5403,275,2022-03-10 18:09:00,VYMI
64.555,64.555,64.555,64.555,100,2022-03-10 18:10:00,VYMI
64.591,64.61,64.585,64.61,3850,2022-03-10 18:12:00,VYMI
64.6,64.6,64.6,64.6,650,2022-03-10 18:14:00,VYMI
64.62,64.62,64.62,64.62,115,2022-03-10 18:18:00,VYMI
64.68,64.68,64.68,64.68,200,2022-03-10 18:19:00,VYMI
64.7018,64.7018,64.7018,64.7018,518,2022-03-10 18:20:00,VYMI
64.69,64.69,64.65,64.65,800,2022-03-10 18:21:00,VYMI
64.6546,64.66,64.6546,64.66,861,2022-03-10 18:22:00,VYMI
64.708,64.708,64.708,64.708,2447,2022-03-10 18:24:00,VYMI
64.68,64.68,64.63,64.63,829,2022-03-10 18:25:00,VYMI
64.65,64.65,64.65,64.65,140,2022-03-10 18:26:00,VYMI
64.6685,64.676,64.6685,64.676,1707,2022-03-10 18:27:00,VYMI
64.7,64.7268,64.69,64.7148,3900,2022-03-10 18:28:00,VYMI
64.71,64.718,64.71,64.718,1584,2022-03-10 18:29:00,VYMI
64.69,64.705,64.69,64.705,913,2022-03-10 18:30:00,VYMI
64.7299,64.7299,64.69,64.69,3119,2022-03-10 18:31:00,VYMI
64.66,64.66,64.66,64.66,200,2022-03-10 18:33:00,VYMI
64.7044,64.7044,64.7044,64.7044,166,2022-03-10 18:34:00,VYMI
64.75,64.75,64.75,64.75,100,2022-03-10 18:35:00,VYMI
64.74,64.74,64.72,64.7239,2979,2022-03-10 18:37:00,VYMI
64.7,64.71,64.7,64.7044,1152,2022-03-10 18:38:00,VYMI
64.72,64.7294,64.68,64.7294,4679,2022-03-10 18:39:00,VYMI
64.72,64.72,64.72,64.72,200,2022-03-10 18:40:00,VYMI
64.7,64.7,64.6872,64.6872,1180,2022-03-10 18:41:00,VYMI
64.68,64.68,64.68,64.68,115,2022-03-10 18:42:00,VYMI
64.75,64.8,64.75,64.8,200,2022-03-10 18:47:00,VYMI
64.79,64.79,64.775,64.775,853,2022-03-10 18:48:00,VYMI
64.82,64.82,64.82,64.82,100,2022-03-10 18:49:00,VYMI
64.8443,64.8443,64.8443,64.8443,154,2022-03-10 18:50:00,VYMI
64.82,64.83,64.82,64.83,200,2022-03-10 18:51:00,VYMI
64.82,64.82,64.82,64.82,200,2022-03-10 18:52:00,VYMI
64.8,64.8,64.8,64.8,165,2022-03-10 18:55:00,VYMI
64.79,64.79,64.79,64.79,375,2022-03-10 18:56:00,VYMI
64.795,64.795,64.795,64.795,154,2022-03-10 18:57:00,VYMI
64.83,64.83,64.83,64.83,100,2022-03-10 18:58:00,VYMI
64.82,64.82,64.82,64.82,385,2022-03-10 18:59:00,VYMI
64.79,64.8,64.78,64.78,300,2022-03-10 19:00:00,VYMI
64.87,64.88,64.87,64.88,200,2022-03-10 19:03:00,VYMI
64.9551,64.9551,64.925,64.925,574,2022-03-10 19:04:00,VYMI
64.95,64.97,64.89,64.89,7374,2022-03-10 19:05:00,VYMI
64.89,64.89,64.83,64.8824,1025,2022-03-10 19:06:00,VYMI
64.859,64.859,64.859,64.859,347,2022-03-10 19:07:00,VYMI
64.8747,64.8747,64.8747,64.8747,154,2022-03-10 19:09:00,VYMI
64.873,64.873,64.84,64.85,619,2022-03-10 19:10:00,VYMI
64.84,64.84,64.84,64.84,100,2022-03-10 19:11:00,VYMI
64.85,64.85,64.85,64.85,100,2022-03-10 19:12:00,VYMI
64.87,64.8888,64.86,64.8888,715,2022-03-10 19:13:00,VYMI
64.902,64.902,64.902,64.902,427,2022-03-10 19:15:00,VYMI
64.91,64.91,64.91,64.91,900,2022-03-10 19:16:00,VYMI
64.9001,64.9001,64.9001,64.9001,200,2022-03-10 19:17:00,VYMI
64.92,64.92,64.92,64.92,100,2022-03-10 19:19:00,VYMI
64.92,64.93,64.92,64.92,900,2022-03-10 19:21:00,VYMI
64.93,64.93,64.87,64.87,10843,2022-03-10 19:22:00,VYMI
64.86,64.87,64.82,64.83,14937,2022-03-10 19:23:00,VYMI
64.83,64.87,64.81,64.81,11800,2022-03-10 19:24:00,VYMI
64.83,64.84,64.81,64.84,12600,2022-03-10 19:25:00,VYMI
64.86,64.88,64.86,64.88,11600,2022-03-10 19:26:00,VYMI
64.9,64.95,64.86,64.86,16464,2022-03-10 19:27:00,VYMI
64.88,64.88,64.84,64.84,24501,2022-03-10 19:28:00,VYMI
64.83,64.9,64.81,64.83,25400,2022-03-10 19:29:00,VYMI
64.9091,64.91,64.87,64.87,1172,2022-03-10 19:30:00,VYMI
64.85,64.85,64.85,64.85,100,2022-03-10 19:31:00,VYMI
64.85,64.93,64.85,64.93,2334,2022-03-10 19:32:00,VYMI
64.9,64.91,64.8689,64.8689,1000,2022-03-10 19:34:00,VYMI
64.88,64.88,64.88,64.88,100,2022-03-10 19:39:00,VYMI
64.905,64.92,64.905,64.92,1678,2022-03-10 19:40:00,VYMI
64.9117,64.93,64.8944,64.8944,466,2022-03-10 19:41:00,VYMI
64.92,64.92,64.9196,64.9196,400,2022-03-10 19:42:00,VYMI
64.9,64.9,64.87,64.87,1071,2022-03-10 19:43:00,VYMI
64.87,64.87,64.852,64.852,4452,2022-03-10 19:45:00,VYMI
64.88,64.88,64.88,64.88,100,2022-03-10 19:46:00,VYMI
64.8532,64.9,64.8532,64.9,1164,2022-03-10 19:47:00,VYMI
64.93,64.97,64.925,64.97,700,2022-03-10 19:48:00,VYMI
64.99,65.0,64.99,65.0,500,2022-03-10 19:49:00,VYMI
65.0199,65.03,64.99,65.03,7206,2022-03-10 19:50:00,VYMI
64.99,64.99,64.99,64.99,565,2022-03-10 19:51:00,VYMI
64.99,65.01,64.99,65.01,800,2022-03-10 19:52:00,VYMI
64.99,65.01,64.9687,64.9995,13001,2022-03-10 19:55:00,VYMI
65.0,65.0,65.0,65.0,300,2022-03-10 19:56:00,VYMI
65.03,65.03,65.02,65.02,200,2022-03-10 19:57:00,VYMI
65.02,65.02,65.02,65.02,154,2022-03-10 19:58:00,VYMI
65.0,65.0,64.96,64.96,1030,2022-03-10 19:59:00,VYMI
64.94,64.94,64.905,64.91,1162,2022-03-10 20:01:00,VYMI
64.949,64.949,64.8801,64.8801,7747,2022-03-10 20:02:00,VYMI
64.93,64.93,64.9055,64.92,1363,2022-03-10 20:03:00,VYMI
64.92,64.92,64.84,64.84,5500,2022-03-10 20:04:00,VYMI
64.89,64.9,64.88,64.88,1000,2022-03-10 20:06:00,VYMI
64.8687,64.87,64.85,64.85,377,2022-03-10 20:07:00,VYMI
64.85,64.85,64.84,64.85,1521,2022-03-10 20:08:00,VYMI
64.83,64.83,64.77,64.77,225,2022-03-10 20:09:00,VYMI
64.83,64.83,64.83,64.83,200,2022-03-10 20:10:00,VYMI
64.87,64.89,64.87,64.89,1471,2022-03-10 20:12:00,VYMI
64.845,64.879,64.845,64.879,1097,2022-03-10 20:13:00,VYMI
64.878,64.885,64.878,64.885,593,2022-03-10 20:14:00,VYMI
64.872,64.872,64.86,64.86,633,2022-03-10 20:15:00,VYMI
64.9367,64.95,64.93,64.95,4525,2022-03-10 20:17:00,VYMI
64.9265,64.94,64.92,64.92,8011,2022-03-10 20:18:00,VYMI
64.915,64.915,64.91,64.91,786,2022-03-10 20:19:00,VYMI
64.905,64.905,64.9,64.9,462,2022-03-10 20:20:00,VYMI
64.89,64.89,64.88,64.89,700,2022-03-10 20:21:00,VYMI
64.88,64.88,64.865,64.865,1153,2022-03-10 20:22:00,VYMI
64.86,64.86,64.81,64.81,500,2022-03-10 20:23:00,VYMI
64.83,64.83,64.83,64.83,1000,2022-03-10 20:25:00,VYMI
64.83,64.83,64.82,64.82,800,2022-03-10 20:26:00,VYMI
64.8201,64.8201,64.8201,64.8201,107,2022-03-10 20:27:00,VYMI
64.83,64.86,64.82,64.82,300,2022-03-10 20:29:00,VYMI
64.84,64.84,64.82,64.82,1000,2022-03-10 20:30:00,VYMI
64.82,64.83,64.82,64.8299,700,2022-03-10 20:32:00,VYMI
64.77,64.8,64.77,64.79,900,2022-03-10 20:33:00,VYMI
64.856,64.856,64.83,64.83,1100,2022-03-10 20:34:00,VYMI
64.82,64.83,64.82,64.83,492,2022-03-10 20:35:00,VYMI
64.8,64.8,64.79,64.79,458,2022-03-10 20:36:00,VYMI
64.8,64.8,64.8,64.8,798,2022-03-10 20:37:00,VYMI
64.76,64.76,64.7358,64.7358,450,2022-03-10 20:38:00,VYMI
64.81,64.81,64.8099,64.81,412,2022-03-10 20:41:00,VYMI
64.8265,64.8265,64.77,64.77,1068,2022-03-10 20:42:00,VYMI
64.7797,64.7797,64.77,64.77,388,2022-03-10 20:43:00,VYMI
64.79,64.81,64.79,64.81,660,2022-03-10 20:44:00,VYMI
64.77,64.77,64.77,64.77,300,2022-03-10 20:45:00,VYMI
64.745,64.745,64.72,64.735,700,2022-03-10 20:46:00,VYMI
64.78,64.78,64.78,64.78,100,2022-03-10 20:47:00,VYMI
64.799,64.799,64.73,64.755,2977,2022-03-10 20:48:00,VYMI
64.776,64.779,64.73,64.765,2005,2022-03-10 20:49:00,VYMI
64.78,64.81,64.78,64.79,1064,2022-03-10 20:50:00,VYMI
64.81,64.83,64.81,64.83,200,2022-03-10 20:51:00,VYMI
64.83,64.83,64.82,64.83,2517,2022-03-10 20:52:00,VYMI
64.85,64.88,64.85,64.88,1185,2022-03-10 20:53:00,VYMI
64.88,64.89,64.83,64.83,11821,2022-03-10 20:54:00,VYMI
64.86,64.86,64.86,64.86,1840,2022-03-10 20:55:00,VYMI
64.86,64.87,64.8192,64.8192,8705,2022-03-10 20:56:00,VYMI
64.8,64.8,64.8,64.8,100,2022-03-10 20:57:00,VYMI
64.8,64.82,64.8,64.82,300,2022-03-10 20:58:00,VYMI
64.81,64.85,64.81,64.85,2620,2022-03-10 20:59:00,VYMI
64.89,64.89,64.89,64.89,2690,2022-03-10 21:00:00,VYMI
65.61,65.61,65.59,65.59,200,2022-03-11 13:55:00,VYMI
65.6,65.6,65.6,65.6,200,2022-03-11 14:06:00,VYMI
65.35,65.38,65.3006,65.36,19738,2022-03-11 14:30:00,VYMI
65.3301,65.37,65.3301,65.35,1533,2022-03-11 14:31:00,VYMI
65.36,65.36,65.36,65.36,100,2022-03-11 14:32:00,VYMI
65.37,65.37,65.32,65.33,861,2022-03-11 14:33:00,VYMI
65.32,65.32,65.32,65.32,460,2022-03-11 14:34:00,VYMI
65.3,65.3208,65.3,65.32,1879,2022-03-11 14:35:00,VYMI
65.29,65.32,65.29,65.31,1510,2022-03-11 14:36:00,VYMI
65.2914,65.3384,65.2914,65.3384,269,2022-03-11 14:37:00,VYMI
65.29,65.29,65.27,65.2738,775,2022-03-11 14:38:00,VYMI
65.25,65.25,65.2,65.2,1700,2022-03-11 14:39:00,VYMI
65.24,65.24,65.24,65.24,300,2022-03-11 14:40:00,VYMI
65.22,65.22,65.19,65.22,4210,2022-03-11 14:44:00,VYMI
65.19,65.22,65.19,65.22,2221,2022-03-11 14:45:00,VYMI
65.22,65.26,65.22,65.26,200,2022-03-11 14:46:00,VYMI
65.24,65.24,65.24,65.24,740,2022-03-11 14:47:00,VYMI
65.248,65.2678,65.22,65.23,2693,2022-03-11 14:48:00,VYMI
65.205,65.21,65.2,65.2,1525,2022-03-11 14:49:00,VYMI
65.17,65.17,65.17,65.17,600,2022-03-11 14:50:00,VYMI
65.22,65.22,65.188,65.188,3767,2022-03-11 14:51:00,VYMI
65.165,65.18,65.15,65.15,750,2022-03-11 14:52:00,VYMI
65.09,65.1149,65.09,65.1149,350,2022-03-11 14:53:00,VYMI
65.06,65.06,65.06,65.06,400,2022-03-11 14:54:00,VYMI
65.06,65.06,65.06,65.06,435,2022-03-11 14:55:00,VYMI
65.04,65.04,65.04,65.04,100,2022-03-11 14:56:00,VYMI
65.0524,65.06,65.0524,65.06,1600,2022-03-11 14:57:00,VYMI
65.085,65.09,65.085,65.09,300,2022-03-11 14:58:00,VYMI
64.9632,65.0,64.9632,65.0,1500,2022-03-11 15:03:00,VYMI
65.0,65.0,64.959,64.959,385,2022-03-11 15:04:00,VYMI
65.0,65.0,65.0,65.0,2226,2022-03-11 15:05:00,VYMI
65.04,65.04,65.04,65.04,492,2022-03-11 15:07:00,VYMI
65.04,65.04,65.04,65.04,139,2022-03-11 15:08:00,VYMI
65.0599,65.0599,65.0599,65.0599,200,2022-03-11 15:09:00,VYMI
64.99,64.99,64.99,64.99,353,2022-03-11 15:10:00,VYMI
65.04,65.04,65.04,65.04,111,2022-03-11 15:12:00,VYMI
65.06,65.06,65.06,65.06,168,2022-03-11 15:13:00,VYMI
65.07,65.07,65.07,65.07,500,2022-03-11 15:14:00,VYMI
65.02,65.02,65.02,65.02,360,2022-03-11 15:15:00,VYMI
65.01,65.01,65.0,65.0,541,2022-03-11 15:17:00,VYMI
65.0,65.04,65.0,65.04,338,2022-03-11 15:18:00,VYMI
65.05,65.05,65.035,65.035,1668,2022-03-11 15:19:00,VYMI
65.04,65.0554,65.01,65.01,2700,2022-03-11 15:20:00,VYMI
65.01,65.02,65.01,65.02,295,2022-03-11 15:21:00,VYMI
65.01,65.02,65.01,65.02,1107,2022-03-11 15:22:00,VYMI
65.01,65.04,65.01,65.04,2431,2022-03-11 15:23:00,VYMI
64.9385,64.9385,64.9385,64.9385,325,2022-03-11 15:24:00,VYMI
65.005,65.005,65.005,65.005,398,2022-03-11 15:25:00,VYMI
65.07,65.07,65.05,65.05,1000,2022-03-11 15:28:00,VYMI
65.0432,65.0432,65.0432,65.0432,424,2022-03-11 15:29:00,VYMI
65.03,65.03,65.03,65.03,500,2022-03-11 15:30:00,VYMI
65.03,65.03,64.96,64.96,1100,2022-03-11 15:31:00,VYMI
64.99,64.99,64.99,64.99,100,2022-03-11 15:35:00,VYMI
65.02,65.02,65.02,65.02,1356,2022-03-11 15:36:00,VYMI
65.03,65.0551,65.03,65.03,1413,2022-03-11 15:37:00,VYMI
65.01,65.01,65.01,65.01,300,2022-03-11 15:39:00,VYMI
65.03,65.03,65.03,65.03,100,2022-03-11 15:41:00,VYMI
65.0077,65.0077,65.0077,65.0077,259,2022-03-11 15:42:00,VYMI
64.9883,65.0155,64.9883,65.0155,380,2022-03-11 15:43:00,VYMI
64.9606,64.99,64.9606,64.99,266,2022-03-11 15:44:00,VYMI
64.9771,64.98,64.97,64.97,610,2022-03-11 15:45:00,VYMI
65.0052,65.025,64.98,65.025,465,2022-03-11 15:47:00,VYMI
64.98,64.98,64.98,64.98,200,2022-03-11 15:48:00,VYMI
64.955,64.955,64.955,64.955,300,2022-03-11 15:49:00,VYMI
64.985,64.985,64.985,64.985,100,2022-03-11 15:50:00,VYMI
64.985,65.05,64.9501,65.045,13122,2022-03-11 15:51:00,VYMI
65.03,65.03,65.029,65.029,207,2022-03-11 15:52:00,VYMI
65.0291,65.0291,65.005,65.0091,1104,2022-03-11 15:53:00,VYMI
65.0296,65.0296,65.0296,65.0296,298,2022-03-11 15:55:00,VYMI
65.05,65.08,65.05,65.08,600,2022-03-11 15:57:00,VYMI
65.06,65.06,65.06,65.06,800,2022-03-11 15:58:00,VYMI
65.07,65.1,65.07,65.1,500,2022-03-11 15:59:00,VYMI
65.106,65.11,65.04,65.068,1152,2022-03-11 16:00:00,VYMI
65.07,65.08,65.0478,65.08,1622,2022-03-11 16:02:00,VYMI
65.04,65.04,65.04,65.04,3183,2022-03-11 16:04:00,VYMI
64.965,64.965,64.96,64.96,2300,2022-03-11 16:06:00,VYMI
64.95,64.96,64.94,64.96,1903,2022-03-11 16:08:00,VYMI
64.95,64.97,64.95,64.97,1100,2022-03-11 16:10:00,VYMI
64.95,64.95,64.95,64.95,344,2022-03-11 16:11:00,VYMI
64.94,64.94,64.9,64.9,2169,2022-03-11 16:12:00,VYMI
64.875,64.875,64.875,64.875,150,2022-03-11 16:16:00,VYMI
64.8848,64.936,64.8848,64.936,1529,2022-03-11 16:17:00,VYMI
64.895,64.895,64.8746,64.8746,969,2022-03-11 16:18:00,VYMI
64.895,64.93,64.895,64.9102,3633,2022-03-11 16:20:00,VYMI
64.925,64.925,64.925,64.925,3915,2022-03-11 16:21:00,VYMI
64.959,64.959,64.959,64.959,154,2022-03-11 16:22:00,VYMI
64.9,64.9,64.8928,64.8928,1128,2022-03-11 16:23:00,VYMI
64.8775,64.8775,64.8775,64.8775,400,2022-03-11 16:24:00,VYMI
64.8701,64.8701,64.8701,64.8701,930,2022-03-11 16:25:00,VYMI
64.88,64.88,64.86,64.86,795,2022-03-11 16:28:00,VYMI
64.84,64.84,64.79,64.79,600,2022-03-11 16:29:00,VYMI
64.81,64.81,64.81,64.81,100,2022-03-11 16:30:00,VYMI
64.8,64.8,64.795,64.795,1800,2022-03-11 16:31:00,VYMI
64.79,64.79,64.76,64.76,800,2022-03-11 16:32:00,VYMI
64.79,64.79,64.79,64.79,200,2022-03-11 16:33:00,VYMI
64.79,64.79,64.79,64.79,154,2022-03-11 16:36:00,VYMI
64.8397,64.8397,64.8397,64.8397,509,2022-03-11 16:38:00,VYMI
64.83,64.83,64.8288,64.8288,815,2022-03-11 16:39:00,VYMI
64.81,64.82,64.81,64.82,300,2022-03-11 16:40:00,VYMI
64.8,64.8,64.76,64.76,956,2022-03-11 16:41:00,VYMI
64.7175,64.74,64.63,64.73,14166,2022-03-11 16:42:00,VYMI
64.71,64.71,64.67,64.68,44666,2022-03-11 16:43:00,VYMI
64.68,64.69,64.67,64.68,5816,2022-03-11 16:44:00,VYMI
64.8199,64.8199,64.77,64.77,3315,2022-03-11 16:45:00,VYMI
64.74,64.7666,64.74,64.7666,1058,2022-03-11 16:46:00,VYMI
64.8058,64.8058,64.77,64.79,440,2022-03-11 16:48:00,VYMI
64.8182,64.8182,64.76,64.7897,2427,2022-03-11 16:49:00,VYMI
64.6609,64.6609,64.6609,64.6609,208,2022-03-11 16:51:00,VYMI
64.7,64.7068,64.7,64.7068,405,2022-03-11 16:53:00,VYMI
64.69,64.69,64.69,64.69,100,2022-03-11 16:54:00,VYMI
64.72,64.72,64.72,64.72,500,2022-03-11 16:55:00,VYMI
64.69,64.69,64.65,64.65,954,2022-03-11 16:56:00,VYMI
64.67,64.69,64.67,64.69,215,2022-03-11 16:57:00,VYMI
64.7,64.7,64.65,64.66,500,2022-03-11 16:58:00,VYMI
64.66,64.66,64.65,64.65,417,2022-03-11 17:00:00,VYMI
64.63,64.63,64.63,64.63,200,2022-03-11 17:01:00,VYMI
64.63,64.63,64.63,64.63,175,2022-03-11 17:02:00,VYMI
64.6356,64.6956,64.6356,64.64,3022,2022-03-11 17:04:00,VYMI
64.68,64.68,64.68,64.68,1725,2022-03-11 17:05:00,VYMI
64.63,64.63,64.63,64.63,306,2022-03-11 17:06:00,VYMI
64.6044,64.61,64.6044,64.61,12610,2022-03-11 17:07:00,VYMI
64.59,64.59,64.59,64.59,300,2022-03-11 17:08:00,VYMI
64.58,64.59,64.58,64.58,800,2022-03-11 17:09:00,VYMI
64.595,64.595,64.595,64.595,290,2022-03-11 17:10:00,VYMI
64.61,64.61,64.602,64.602,500,2022-03-11 17:11:00,VYMI
64.64,64.64,64.64,64.64,100,2022-03-11 17:12:00,VYMI
64.64,64.65,64.64,64.65,900,2022-03-11 17:13:00,VYMI
64.62,64.63,64.62,64.63,300,2022-03-11 17:16:00,VYMI
64.65,64.68,64.65,64.68,769,2022-03-11 17:17:00,VYMI
64.67,64.69,64.67,64.69,300,2022-03-11 17:18:00,VYMI
64.66,64.68,64.66,64.68,502,2022-03-11 17:19:00,VYMI
64.7,64.7039,64.7,64.7039,412,2022-03-11 17:20:00,VYMI
64.7,64.7,64.7,64.7,100,2022-03-11 17:21:00,VYMI
64.69,64.69,64.66,64.66,200,2022-03-11 17:23:00,VYMI
64.66,64.67,64.655,64.67,911,2022-03-11 17:24:00,VYMI
64.65,64.65,64.65,64.65,400,2022-03-11 17:25:00,VYMI
64.66,64.66,64.66,64.66,585,2022-03-11 17:26:00,VYMI
64.65,64.65,64.65,64.65,300,2022-03-11 17:27:00,VYMI
64.63,64.63,64.61,64.61,300,2022-03-11 17:29:00,VYMI
64.61,64.61,64.61,64.61,300,2022-03-11 17:30:00,VYMI
64.635,64.635,64.635,64.635,856,2022-03-11 17:31:00,VYMI
64.615,64.62,64.615,64.62,200,2022-03-11 17:32:00,VYMI
64.61,64.61,64.59,64.5999,1600,2022-03-11 17:35:00,VYMI
64.59,64.59,64.59,64.59,500,2022-03-11 17:36:00,VYMI
64.5878,64.5878,64.5878,64.5878,1202,2022-03-11 17:37:00,VYMI
64.59,64.59,64.5899,64.59,2718,2022-03-11 17:38:00,VYMI
64.585,64.585,64.57,64.57,831,2022-03-11 17:39:00,VYMI
64.62,64.62,64.62,64.62,100,2022-03-11 17:41:00,VYMI
64.63,64.66,64.63,64.6377,1560,2022-03-11 17:43:00,VYMI
64.64,64.65,64.64,64.65,200,2022-03-11 17:44:00,VYMI
64.66,64.66,64.645,64.645,1050,2022-03-11 17:45:00,VYMI
64.66,64.66,64.66,64.66,200,2022-03-11 17:46:00,VYMI
64.66,64.67,64.66,64.67,200,2022-03-11 17:47:00,VYMI
64.68,64.68,64.68,64.68,100,2022-03-11 17:50:00,VYMI
64.68,64.68,64.68,64.68,100,2022-03-11 17:51:00,VYMI
64.67,64.68,64.67,64.68,3865,2022-03-11 17:52:00,VYMI
64.67,64.68,64.67,64.68,200,2022-03-11 17:53:00,VYMI
64.7,64.7,64.69,64.69,600,2022-03-11 17:55:00,VYMI
64.71,64.73,64.71,64.73,300,2022-03-11 17:56:00,VYMI
64.71,64.71,64.705,64.705,200,2022-03-11 17:57:00,VYMI
64.7,64.705,64.7,64.7,700,2022-03-11 17:58:00,VYMI
64.7,64.7,64.68,64.68,527,2022-03-11 17:59:00,VYMI
64.69,64.72,64.69,64.72,375,2022-03-11 18:01:00,VYMI
64.73,64.74,64.73,64.74,200,2022-03-11 18:02:00,VYMI
64.74,64.74,64.74,64.74,900,2022-03-11 18:03:00,VYMI
64.72,64.72,64.7198,64.72,1240,2022-03-11 18:04:00,VYMI
64.73,64.77,64.73,64.77,729,2022-03-11 18:05:00,VYMI
64.735,64.75,64.735,64.74,6100,2022-03-11 18:07:00,VYMI
64.74,64.74,64.72,64.72,1994,2022-03-11 18:08:00,VYMI
64.706,64.706,64.705,64.705,1735,2022-03-11 18:09:00,VYMI
64.7348,64.7348,64.725,64.725,414,2022-03-11 18:10:00,VYMI
64.7,64.7,64.7,64.7,184,2022-03-11 18:11:00,VYMI
64.7199,64.72,64.7199,64.72,490,2022-03-11 18:13:00,VYMI
64.7012,64.71,64.7012,64.71,300,2022-03-11 18:14:00,VYMI
64.71,64.71,64.71,64.71,200,2022-03-11 18:15:00,VYMI
64.72,64.72,64.72,64.72,100,2022-03-11 18:16:00,VYMI
64.76,64.76,64.75,64.75,200,2022-03-11 18:17:00,VYMI
64.76,64.76,64.76,64.76,390,2022-03-11 18:18:00,VYMI
64.74,64.77,64.74,64.77,400,2022-03-11 18:19:00,VYMI
64.77,64.77,64.77,64.77,300,2022-03-11 18:20:00,VYMI
64.755,64.76,64.75,64.76,5704,2022-03-11 18:22:00,VYMI
64.755,64.755,64.755,64.755,540,2022-03-11 18:23:00,VYMI
64.799,64.799,64.775,64.78,921,2022-03-11 18:25:00,VYMI
64.76,64.76,64.76,64.76,100,2022-03-11 18:26:00,VYMI
64.796,64.796,64.78,64.78,316,2022-03-11 18:27:00,VYMI
64.77,64.77,64.76,64.76,200,2022-03-11 18:28:00,VYMI
64.78,64.79,64.775,64.775,2000,2022-03-11 18:29:00,VYMI
64.77,64.77,64.77,64.77,100,2022-03-11 18:30:00,VYMI
64.7774,64.8,64.7774,64.7999,5191,2022-03-11 18:31:00,VYMI
64.78,64.78,64.76,64.76,565,2022-03-11 18:32:00,VYMI
64.765,64.765,64.765,64.765,1553,2022-03-11 18:33:00,VYMI
64.765,64.765,64.7375,64.7375,5581,2022-03-11 18:34:00,VYMI
64.74,64.74,64.73,64.73,1092,2022-03-11 18:36:00,VYMI
64.72,64.72,64.72,64.72,700,2022-03-11 18:38:00,VYMI
64.71,64.71,64.68,64.68,2327,2022-03-11 18:39:00,VYMI
64.68,64.69,64.68,64.68,600,2022-03-11 18:40:00,VYMI
64.675,64.675,64.67,64.67,5400,2022-03-11 18:41:00,VYMI
64.68,64.68,64.68,64.68,200,2022-03-11 18:42:00,VYMI
64.66,64.66,64.66,64.66,200,2022-03-11 18:43:00,VYMI
64.66,64.66,64.66,64.66,100,2022-03-11 18:44:00,VYMI
64.68,64.71,64.68,64.71,1100,2022-03-11 18:45:00,VYMI
64.7,64.7,64.685,64.7,7400,2022-03-11 18:46:00,VYMI
64.7,64.7,64.69,64.69,200,2022-03-11 18:47:00,VYMI
64.73,64.73,64.68,64.68,2091,2022-03-11 18:50:00,VYMI
64.64,64.64,64.59,64.59,5836,2022-03-11 18:51:00,VYMI
64.6,64.615,64.6,64.615,446,2022-03-11 18:52:00,VYMI
64.62,64.62,64.6,64.6,5800,2022-03-11 18:53:00,VYMI
64.5999,64.5999,64.585,64.585,793,2022-03-11 18:55:00,VYMI
64.6192,64.626,64.5736,64.5736,8220,2022-03-11 18:56:00,VYMI
64.58,64.58,64.5602,64.565,7524,2022-03-11 18:58:00,VYMI
64.56,64.56,64.5378,64.5378,520,2022-03-11 18:59:00,VYMI
64.545,64.545,64.54,64.54,1125,2022-03-11 19:01:00,VYMI
64.58,64.58,64.58,64.58,300,2022-03-11 19:04:00,VYMI
64.61,64.61,64.585,64.59,800,2022-03-11 19:05:00,VYMI
64.58,64.59,64.57,64.59,5704,2022-03-11 19:06:00,VYMI
64.57,64.58,64.5636,64.58,1596,2022-03-11 19:07:00,VYMI
64.57,64.59,64.565,64.59,9100,2022-03-11 19:08:00,VYMI
64.6,64.61,64.58,64.58,5300,2022-03-11 19:09:00,VYMI
64.58,64.58,64.58,64.58,400,2022-03-11 19:10:00,VYMI
64.5803,64.5803,64.5803,64.5803,160,2022-03-11 19:12:00,VYMI
64.61,64.61,64.61,64.61,100,2022-03-11 19:13:00,VYMI
64.585,64.585,64.58,64.58,500,2022-03-11 19:14:00,VYMI
64.62,64.64,64.62,64.64,9400,2022-03-11 19:15:00,VYMI
64.64,64.64,64.64,64.64,265,2022-03-11 19:16:00,VYMI
64.645,64.645,64.64,64.64,603,2022-03-11 19:17:00,VYMI
64.639,64.639,64.639,64.639,135,2022-03-11 19:18:00,VYMI
64.62,64.62,64.595,64.61,5578,2022-03-11 19:19:00,VYMI
64.58,64.58,64.58,64.58,726,2022-03-11 19:20:00,VYMI
64.58,64.58,64.58,64.58,100,2022-03-11 19:21:00,VYMI
64.58,64.58,64.58,64.58,100,2022-03-11 19:22:00,VYMI
64.58,64.59,64.58,64.59,5627,2022-03-11 19:23:00,VYMI
64.59,64.61,64.59,64.61,300,2022-03-11 19:25:00,VYMI
64.6,64.6,64.6,64.6,10000,2022-03-11 19:26:00,VYMI
64.62,64.62,64.62,64.62,300,2022-03-11 19:28:00,VYMI
64.66,64.68,64.65,64.66,16300,2022-03-11 19:29:00,VYMI
64.65,64.6599,64.65,64.6599,1094,2022-03-11 19:30:00,VYMI
64.66,64.66,64.65,64.65,800,2022-03-11 19:31:00,VYMI
64.645,64.645,64.64,64.64,492,2022-03-11 19:32:00,VYMI
64.63,64.63,64.61,64.61,4367,2022-03-11 19:33:00,VYMI
64.62,64.64,64.62,64.64,10277,2022-03-11 19:34:00,VYMI
64.64,64.64,64.64,64.64,1250,2022-03-11 19:35:00,VYMI
64.64,64.64,64.64,64.64,200,2022-03-11 19:37:00,VYMI
64.64,64.65,64.64,64.65,10100,2022-03-11 19:38:00,VYMI
64.64,64.661,64.64,64.65,745,2022-03-11 19:39:00,VYMI
64.66,64.66,64.63,64.63,654,2022-03-11 19:40:00,VYMI
64.62,64.62,64.62,64.62,100,2022-03-11 19:41:00,VYMI
64.625,64.625,64.625,64.625,200,2022-03-11 19:42:00,VYMI
64.6299,64.65,64.6299,64.63,10331,2022-03-11 19:43:00,VYMI
64.63,64.63,64.61,64.61,2167,2022-03-11 19:44:00,VYMI
64.6,64.6,64.59,64.59,200,2022-03-11 19:45:00,VYMI
64.56,64.56,64.56,64.56,110,2022-03-11 19:49:00,VYMI
64.579,64.58,64.56,64.57,5300,2022-03-11 19:50:00,VYMI
64.5664,64.57,64.565,64.565,38713,2022-03-11 19:51:00,VYMI
64.56,64.56,64.55,64.555,800,2022-03-11 19:52:00,VYMI
64.55,64.56,64.49,64.49,6356,2022-03-11 19:53:00,VYMI
64.48,64.5139,64.48,64.5139,810,2022-03-11 19:54:00,VYMI
64.52,64.56,64.52,64.56,5324,2022-03-11 19:55:00,VYMI
64.52,64.549,64.515,64.52,18400,2022-03-11 19:56:00,VYMI
64.52,64.5285,64.5083,64.5083,2022,2022-03-11 19:57:00,VYMI
64.51,64.54,64.5,64.52,13778,2022-03-11 19:58:00,VYMI
64.51,64.51,64.5,64.51,607,2022-03-11 19:59:00,VYMI
64.529,64.53,64.5,64.5,1511,2022-03-11 20:00:00,VYMI
64.49,64.49,64.49,64.49,757,2022-03-11 20:02:00,VYMI
64.5099,64.5099,64.5099,64.5099,5000,2022-03-11 20:03:00,VYMI
64.49,64.49,64.49,64.49,269,2022-03-11 20:04:00,VYMI
64.49,64.49,64.49,64.49,10100,2022-03-11 20:05:00,VYMI
64.48,64.48,64.47,64.47,1200,2022-03-11 20:06:00,VYMI
64.479,64.48,64.46,64.46,6401,2022-03-11 20:07:00,VYMI
64.4663,64.47,64.445,64.445,13366,2022-03-11 20:12:00,VYMI
64.445,64.45,64.445,64.45,300,2022-03-11 20:13:00,VYMI
64.445,64.4591,64.44,64.44,7477,2022-03-11 20:14:00,VYMI
64.46,64.4899,64.46,64.47,5627,2022-03-11 20:15:00,VYMI
64.48,64.48,64.48,64.48,200,2022-03-11 20:16:00,VYMI
64.48,64.48,64.48,64.48,200,2022-03-11 20:17:00,VYMI
64.49,64.49,64.49,64.49,350,2022-03-11 20:18:00,VYMI
64.5,64.52,64.5,64.51,5800,2022-03-11 20:19:00,VYMI
64.5,64.51,64.5,64.51,2200,2022-03-11 20:20:00,VYMI
64.515,64.515,64.51,64.51,300,2022-03-11 20:21:00,VYMI
64.515,64.52,64.5,64.51,1389,2022-03-11 20:22:00,VYMI
64.509,64.51,64.49,64.495,11800,2022-03-11 20:24:00,VYMI
64.495,64.495,64.48,64.49,1400,2022-03-11 20:25:00,VYMI
64.48,64.49,64.47,64.47,12943,2022-03-11 20:26:00,VYMI
64.46,64.47,64.4533,64.468,2140,2022-03-11 20:27:00,VYMI
64.469,64.47,64.45,64.45,5200,2022-03-11 20:28:00,VYMI
64.47,64.47,64.47,64.47,200,2022-03-11 20:29:00,VYMI
64.46,64.46,64.44,64.44,1432,2022-03-11 20:30:00,VYMI
64.42,64.42,64.38,64.41,15756,2022-03-11 20:31:00,VYMI
64.41,64.41,64.4,64.4,1400,2022-03-11 20:32:00,VYMI
64.38,64.38,64.3799,64.38,952,2022-03-11 20:33:00,VYMI
64.36,64.36,64.3461,64.36,1601,2022-03-11 20:34:00,VYMI
64.39,64.4,64.39,64.4,3114,2022-03-11 20:35:00,VYMI
64.43,64.44,64.43,64.44,661,2022-03-11 20:36:00,VYMI
64.43,64.445,64.43,64.44,6700,2022-03-11 20:37:00,VYMI
64.45,64.45,64.44,64.45,5400,2022-03-11 20:38:00,VYMI
64.45,64.45,64.42,64.42,1700,2022-03-11 20:39:00,VYMI
64.42,64.43,64.4,64.405,4295,2022-03-11 20:40:00,VYMI
64.419,64.44,64.418,64.42,5873,2022-03-11 20:42:00,VYMI
64.455,64.455,64.43,64.43,700,2022-03-11 20:43:00,VYMI
64.43,64.43,64.4199,64.4199,900,2022-03-11 20:44:00,VYMI
64.42,64.42,64.39,64.4,2617,2022-03-11 20:45:00,VYMI
64.3625,64.3625,64.36,64.36,344,2022-03-11 20:46:00,VYMI
64.38,64.38,64.38,64.38,100,2022-03-11 20:47:00,VYMI
64.38,64.4,64.38,64.39,11978,2022-03-11 20:48:00,VYMI
64.4,64.41,64.385,64.41,800,2022-03-11 20:49:00,VYMI
64.38,64.4,64.38,64.39,2748,2022-03-11 20:50:00,VYMI
64.39,64.43,64.39,64.43,3458,2022-03-11 20:51:00,VYMI
64.43,64.43,64.43,64.43,489,2022-03-11 20:52:00,VYMI
64.4137,64.4137,64.39,64.39,2684,2022-03-11 20:53:00,VYMI
64.385,64.39,64.38,64.39,400,2022-03-11 20:54:00,VYMI
64.4,64.4,64.4,64.4,1021,2022-03-11 20:55:00,VYMI
64.38,64.395,64.38,64.39,12279,2022-03-11 20:56:00,VYMI
64.42,64.425,64.4,64.4,3000,2022-03-11 20:57:00,VYMI
64.42,64.4236,64.415,64.42,1197,2022-03-11 20:58:00,VYMI
64.42,64.42,64.33,64.33,6392,2022-03-11 20:59:00,VYMI
64.42,64.42,64.42,64.42,207,2022-03-11 21:00:00,VYMI
64.61,64.61,64.61,64.61,12510,2022-03-11 23:35:00,VYMI
65.29,65.3,65.29,65.29,636,2022-03-14 11:47:00,VYMI
65.6,65.6,65.6,65.6,622,2022-03-14 12:04:00,VYMI
64.92,64.92,64.92,64.92,9848,2022-03-14 13:30:00,VYMI
64.99,64.99,64.99,64.99,300,2022-03-14 13:31:00,VYMI
64.95,65.005,64.95,65.005,357,2022-03-14 13:32:00,VYMI
64.88,64.9,64.86,64.87,3000,2022-03-14 13:33:00,VYMI
64.87,64.8898,64.87,64.8898,2059,2022-03-14 13:34:00,VYMI
64.86,64.9084,64.86,64.88,3158,2022-03-14 13:35:00,VYMI
64.86,64.86,64.855,64.855,408,2022-03-14 13:36:00,VYMI
64.9093,64.9093,64.9093,64.9093,125,2022-03-14 13:37:00,VYMI
64.84,64.84,64.81,64.81,349,2022-03-14 13:38:00,VYMI
64.8382,64.8382,64.835,64.835,257,2022-03-14 13:39:00,VYMI
64.83,64.83,64.83,64.83,300,2022-03-14 13:40:00,VYMI
64.88,64.88,64.82,64.82,400,2022-03-14 13:41:00,VYMI
64.814,64.814,64.79,64.79,7405,2022-03-14 13:42:00,VYMI
64.83,64.85,64.83,64.85,1000,2022-03-14 13:43:00,VYMI
64.87,64.92,64.87,64.92,500,2022-03-14 13:44:00,VYMI
64.8871,64.93,64.8871,64.915,1076,2022-03-14 13:45:00,VYMI
64.91,64.91,64.8867,64.8867,1545,2022-03-14 13:46:00,VYMI
64.87,64.87,64.85,64.85,466,2022-03-14 13:47:00,VYMI
64.87,64.87,64.87,64.87,200,2022-03-14 13:48:00,VYMI
64.8831,64.8831,64.86,64.86,2522,2022-03-14 13:49:00,VYMI
64.86,64.86,64.86,64.86,200,2022-03-14 13:50:00,VYMI
64.814,64.849,64.814,64.849,931,2022-03-14 13:52:00,VYMI
64.84,64.84,64.84,64.84,102,2022-03-14 13:53:00,VYMI
64.85,64.85,64.85,64.85,288,2022-03-14 13:54:00,VYMI
64.8312,64.8312,64.8312,64.8312,125,2022-03-14 13:56:00,VYMI
64.83,64.83,64.81,64.83,453,2022-03-14 14:00:00,VYMI
64.91,64.91,64.885,64.885,434,2022-03-14 14:02:00,VYMI
64.91,64.91,64.91,64.91,400,2022-03-14 14:05:00,VYMI
64.92,64.945,64.92,64.945,800,2022-03-14 14:07:00,VYMI
64.979,64.979,64.979,64.979,600,2022-03-14 14:08:00,VYMI
65.0,65.0,64.9999,64.9999,2780,2022-03-14 14:10:00,VYMI
64.995,64.995,64.995,64.995,100,2022-03-14 14:11:00,VYMI
65.0,65.0,65.0,65.0,976,2022-03-14 14:12:00,VYMI
65.022,65.022,65.015,65.015,1457,2022-03-14 14:13:00,VYMI
65.036,65.04,65.036,65.04,1384,2022-03-14 14:15:00,VYMI
65.03,65.042,65.03,65.042,1500,2022-03-14 14:16:00,VYMI
65.1,65.1,65.1,65.1,1749,2022-03-14 14:18:00,VYMI
65.1,65.1,65.075,65.075,2700,2022-03-14 14:21:00,VYMI
65.09,65.09,65.09,65.09,400,2022-03-14 14:22:00,VYMI
65.15,65.15,65.14,65.14,2685,2022-03-14 14:26:00,VYMI
65.1,65.1,65.1,65.1,571,2022-03-14 14:31:00,VYMI
65.09,65.09,65.05,65.05,10500,2022-03-14 14:32:00,VYMI
65.04,65.04,65.04,65.04,400,2022-03-14 14:33:00,VYMI
65.07,65.07,65.07,65.07,319,2022-03-14 14:34:00,VYMI
65.078,65.078,65.078,65.078,4526,2022-03-14 14:35:00,VYMI
65.1,65.1,65.1,65.1,200,2022-03-14 14:36:00,VYMI
65.105,65.105,65.09,65.09,200,2022-03-14 14:38:00,VYMI
65.09,65.09,65.06,65.062,1432,2022-03-14 14:39:00,VYMI
65.08,65.08,65.08,65.08,128,2022-03-14 14:40:00,VYMI
65.08,65.0915,65.08,65.0915,2500,2022-03-14 14:43:00,VYMI
65.085,65.085,65.08,65.08,1300,2022-03-14 14:44:00,VYMI
65.085,65.085,65.05,65.05,3130,2022-03-14 14:45:00,VYMI
65.06,65.06,65.06,65.06,100,2022-03-14 14:46:00,VYMI
65.06,65.06,65.06,65.06,500,2022-03-14 14:47:00,VYMI
65.08,65.08,65.08,65.08,641,2022-03-14 14:48:00,VYMI
65.09,65.1,65.09,65.1,9328,2022-03-14 14:50:00,VYMI
65.15,65.15,65.15,65.15,150,2022-03-14 14:51:00,VYMI
65.15,65.15,65.15,65.15,276,2022-03-14 14:52:00,VYMI
65.165,65.18,65.165,65.18,900,2022-03-14 14:53:00,VYMI
65.2,65.2,65.2,65.2,400,2022-03-14 14:55:00,VYMI
65.21,65.21,65.2,65.2,1107,2022-03-14 14:56:00,VYMI
65.2056,65.2056,65.2056,65.2056,400,2022-03-14 14:59:00,VYMI
65.2,65.2,65.16,65.16,13441,2022-03-14 15:00:00,VYMI
65.1942,65.1942,65.1942,65.1942,1790,2022-03-14 15:04:00,VYMI
65.21,65.21,65.2,65.2,355,2022-03-14 15:05:00,VYMI
65.2056,65.2056,65.1999,65.1999,286,2022-03-14 15:06:00,VYMI
65.2,65.2,65.2,65.2,200,2022-03-14 15:07:00,VYMI
65.175,65.175,65.175,65.175,250,2022-03-14 15:08:00,VYMI
65.185,65.185,65.16,65.16,325,2022-03-14 15:10:00,VYMI
65.1632,65.1632,65.1632,65.1632,100,2022-03-14 15:13:00,VYMI
65.16,65.1768,65.15,65.1768,3871,2022-03-14 15:18:00,VYMI
65.166,65.17,65.16,65.1689,992,2022-03-14 15:20:00,VYMI
65.121,65.121,65.121,65.121,1967,2022-03-14 15:21:00,VYMI
65.15,65.15,65.139,65.139,560,2022-03-14 15:22:00,VYMI
65.15,65.15,65.1274,65.1274,706,2022-03-14 15:25:00,VYMI
65.14,65.14,65.129,65.129,400,2022-03-14 15:27:00,VYMI
65.11,65.11,65.11,65.11,500,2022-03-14 15:28:00,VYMI
65.09,65.09,65.09,65.09,100,2022-03-14 15:29:00,VYMI
65.0646,65.0646,65.0646,65.0646,220,2022-03-14 15:30:00,VYMI
65.09,65.09,65.09,65.09,200,2022-03-14 15:36:00,VYMI
65.07,65.07,65.07,65.07,400,2022-03-14 15:37:00,VYMI
65.075,65.075,65.075,65.075,433,2022-03-14 15:38:00,VYMI
65.08,65.08,65.08,65.08,100,2022-03-14 15:39:00,VYMI
65.09,65.09,65.09,65.09,372,2022-03-14 15:40:00,VYMI
65.0997,65.0997,65.0997,65.0997,400,2022-03-14 15:41:00,VYMI
65.0795,65.0795,65.0795,65.0795,135,2022-03-14 15:42:00,VYMI
65.07,65.07,65.06,65.06,506,2022-03-14 15:43:00,VYMI
65.0101,65.0101,65.0101,65.0101,7000,2022-03-14 15:44:00,VYMI
65.0199,65.02,65.01,65.01,400,2022-03-14 15:47:00,VYMI
65.0,65.0,64.99,64.99,638,2022-03-14 15:48:00,VYMI
64.95,64.97,64.95,64.97,2449,2022-03-14 15:49:00,VYMI
64.93,64.93,64.93,64.93,100,2022-03-14 15:50:00,VYMI
64.94,64.94,64.94,64.94,200,2022-03-14 15:51:00,VYMI
64.925,64.93,64.925,64.93,253,2022-03-14 15:52:00,VYMI
64.905,64.91,64.9,64.91,900,2022-03-14 15:55:00,VYMI
64.9,64.905,64.89,64.9,5346,2022-03-14 15:56:00,VYMI
64.91,64.91,64.91,64.91,135,2022-03-14 15:58:00,VYMI
64.91,64.91,64.91,64.91,200,2022-03-14 15:59:00,VYMI
64.8973,64.8973,64.8973,64.8973,436,2022-03-14 16:03:00,VYMI
64.89,64.89,64.89,64.89,100,2022-03-14 16:04:00,VYMI
64.9,64.9,64.9,64.9,100,2022-03-14 16:09:00,VYMI
64.885,64.885,64.885,64.885,3604,2022-03-14 16:10:00,VYMI
64.87,64.87,64.87,64.87,238,2022-03-14 16:12:00,VYMI
64.8802,64.8802,64.8797,64.8797,740,2022-03-14 16:13:00,VYMI
64.88,64.88,64.88,64.88,500,2022-03-14 16:18:00,VYMI
64.95,64.96,64.905,64.905,6400,2022-03-14 16:19:00,VYMI
64.91,64.91,64.91,64.91,100,2022-03-14 16:20:00,VYMI
64.9,64.9,64.9,64.9,100,2022-03-14 16:21:00,VYMI
64.9699,64.97,64.9699,64.97,250,2022-03-14 16:24:00,VYMI
64.9408,64.97,64.9408,64.97,676,2022-03-14 16:26:00,VYMI
64.96,64.96,64.96,64.96,550,2022-03-14 16:27:00,VYMI
64.965,64.965,64.965,64.965,664,2022-03-14 16:28:00,VYMI
64.98,65.0,64.97,64.9996,3217,2022-03-14 16:29:00,VYMI
64.97,64.97,64.97,64.97,386,2022-03-14 16:34:00,VYMI
64.95,64.96,64.93,64.93,4850,2022-03-14 16:35:00,VYMI
64.92,64.92,64.92,64.92,1200,2022-03-14 16:36:00,VYMI
64.9364,64.9364,64.9364,64.9364,232,2022-03-14 16:39:00,VYMI
64.93,64.935,64.93,64.93,1000,2022-03-14 16:40:00,VYMI
65.0188,65.0188,64.89,64.89,6390,2022-03-14 16:44:00,VYMI
64.88,64.88,64.88,64.88,150,2022-03-14 16:45:00,VYMI
64.86,64.87,64.85,64.85,6901,2022-03-14 16:46:00,VYMI
64.84,64.85,64.79,64.79,23358,2022-03-14 16:47:00,VYMI
64.79,64.79,64.79,64.79,296,2022-03-14 16:48:00,VYMI
64.786,64.79,64.786,64.79,650,2022-03-14 16:49:00,VYMI
64.76,64.76,64.75,64.75,340,2022-03-14 16:50:00,VYMI
64.766,64.766,64.766,64.766,2000,2022-03-14 16:51:00,VYMI
64.7,64.7,64.7,64.7,128,2022-03-14 16:53:00,VYMI
64.695,64.695,64.695,64.695,115,2022-03-14 16:54:00,VYMI
64.675,64.675,64.675,64.675,138,2022-03-14 16:55:00,VYMI
64.74,64.75,64.74,64.75,1975,2022-03-14 16:57:00,VYMI
64.73,64.74,64.73,64.74,1844,2022-03-14 16:58:00,VYMI
64.6999,64.7,64.6999,64.6999,1840,2022-03-14 17:01:00,VYMI
64.67,64.67,64.67,64.67,394,2022-03-14 17:02:00,VYMI
64.66,64.66,64.66,64.66,400,2022-03-14 17:03:00,VYMI
64.64,64.64,64.64,64.64,200,2022-03-14 17:04:00,VYMI
64.68,64.68,64.65,64.65,2875,2022-03-14 17:06:00,VYMI
64.68,64.68,64.68,64.68,100,2022-03-14 17:08:00,VYMI
64.64,64.64,64.64,64.64,1544,2022-03-14 17:13:00,VYMI
64.6246,64.6246,64.6246,64.6246,300,2022-03-14 17:14:00,VYMI
64.69,64.7081,64.6746,64.7081,2124,2022-03-14 17:17:00,VYMI
64.71,64.71,64.71,64.71,100,2022-03-14 17:21:00,VYMI
64.7,64.7,64.7,64.7,300,2022-03-14 17:22:00,VYMI
64.6775,64.6775,64.6775,64.6775,402,2022-03-14 17:24:00,VYMI
64.705,64.74,64.705,64.73,950,2022-03-14 17:25:00,VYMI
64.6903,64.7,64.69,64.69,1351,2022-03-14 17:27:00,VYMI
64.675,64.675,64.65,64.65,9300,2022-03-14 17:28:00,VYMI
64.64,64.64,64.64,64.64,100,2022-03-14 17:29:00,VYMI
64.64,64.64,64.63,64.63,1000,2022-03-14 17:31:00,VYMI
64.625,64.625,64.62,64.62,300,2022-03-14 17:32:00,VYMI
64.5916,64.5916,64.5916,64.5916,599,2022-03-14 17:33:00,VYMI
64.58,64.615,64.51,64.615,6275,2022-03-14 17:34:00,VYMI
64.59,64.6,64.58,64.58,2428,2022-03-14 17:35:00,VYMI
64.59,64.59,64.56,64.56,664,2022-03-14 17:36:00,VYMI
64.55,64.5503,64.55,64.55,452,2022-03-14 17:37:00,VYMI
64.52,64.52,64.52,64.52,100,2022-03-14 17:39:00,VYMI
64.51,64.51,64.51,64.51,100,2022-03-14 17:40:00,VYMI
64.5,64.5,64.5,64.5,100,2022-03-14 17:41:00,VYMI
64.5,64.5,64.5,64.5,100,2022-03-14 17:42:00,VYMI
64.5276,64.5452,64.5276,64.5452,1514,2022-03-14 17:43:00,VYMI
64.5025,64.5025,64.5025,64.5025,1148,2022-03-14 17:44:00,VYMI
64.53,64.5894,64.53,64.5894,733,2022-03-14 17:45:00,VYMI
64.52,64.52,64.501,64.5135,480,2022-03-14 17:46:00,VYMI
64.5,64.5,64.47,64.47,400,2022-03-14 17:47:00,VYMI
64.51,64.51,64.5,64.5,630,2022-03-14 17:51:00,VYMI
64.53,64.53,64.51,64.51,2457,2022-03-14 17:52:00,VYMI
64.5258,64.5258,64.5258,64.5258,351,2022-03-14 17:53:00,VYMI
64.5252,64.532,64.5252,64.532,4459,2022-03-14 17:54:00,VYMI
64.53,64.53,64.515,64.515,250,2022-03-14 17:55:00,VYMI
64.51,64.51,64.47,64.47,1855,2022-03-14 17:57:00,VYMI
64.48,64.4958,64.475,64.4958,1234,2022-03-14 17:58:00,VYMI
64.45,64.45,64.45,64.45,105,2022-03-14 18:00:00,VYMI
64.4536,64.4536,64.4536,64.4536,300,2022-03-14 18:03:00,VYMI
64.48,64.49,64.48,64.49,400,2022-03-14 18:05:00,VYMI
64.49,64.5,64.49,64.5,200,2022-03-14 18:06:00,VYMI
64.49,64.49,64.49,64.49,100,2022-03-14 18:07:00,VYMI
64.5174,64.5174,64.5174,64.5174,263,2022-03-14 18:08:00,VYMI
64.5,64.5,64.5,64.5,200,2022-03-14 18:09:00,VYMI
64.5,64.5,64.48,64.485,2004,2022-03-14 18:10:00,VYMI
64.4873,64.4873,64.48,64.48,1977,2022-03-14 18:12:00,VYMI
64.48,64.48,64.46,64.48,900,2022-03-14 18:13:00,VYMI
64.485,64.49,64.48,64.48,1207,2022-03-14 18:14:00,VYMI
64.48,64.48,64.47,64.47,800,2022-03-14 18:15:00,VYMI
64.47,64.47,64.47,64.47,5325,2022-03-14 18:16:00,VYMI
64.47,64.47,64.4499,64.4499,450,2022-03-14 18:17:00,VYMI
64.45,64.45,64.45,64.45,100,2022-03-14 18:19:00,VYMI
64.47,64.47,64.47,64.47,100,2022-03-14 18:20:00,VYMI
64.45,64.45,64.45,64.45,1500,2022-03-14 18:21:00,VYMI
64.45,64.45,64.4399,64.4399,2052,2022-03-14 18:23:00,VYMI
64.42,64.42,64.42,64.42,100,2022-03-14 18:24:00,VYMI
64.426,64.428,64.4,64.405,1770,2022-03-14 18:25:00,VYMI
64.43,64.43,64.42,64.42,282,2022-03-14 18:27:00,VYMI
64.42,64.42,64.42,64.42,1100,2022-03-14 18:28:00,VYMI
64.41,64.41,64.4,64.4,2371,2022-03-14 18:29:00,VYMI
64.43,64.43,64.4106,64.42,1158,2022-03-14 18:31:00,VYMI
64.42,64.42,64.39,64.39,1000,2022-03-14 18:32:00,VYMI
64.39,64.39,64.39,64.39,900,2022-03-14 18:33:00,VYMI
64.4,64.41,64.3918,64.41,1496,2022-03-14 18:34:00,VYMI
64.44,64.44,64.44,64.44,200,2022-03-14 18:35:00,VYMI
64.45,64.45,64.45,64.45,100,2022-03-14 18:37:00,VYMI
64.49,64.49,64.49,64.49,100,2022-03-14 18:38:00,VYMI
64.48,64.48,64.46,64.47,6408,2022-03-14 18:39:00,VYMI
64.465,64.47,64.46,64.46,1200,2022-03-14 18:40:00,VYMI
64.44,64.445,64.44,64.445,200,2022-03-14 18:41:00,VYMI
64.44,64.44,64.43,64.43,300,2022-03-14 18:43:00,VYMI
64.43,64.43,64.41,64.41,1366,2022-03-14 18:44:00,VYMI
64.415,64.415,64.39,64.39,5160,2022-03-14 18:45:00,VYMI
64.4,64.4,64.39,64.39,1032,2022-03-14 18:46:00,VYMI
64.38,64.39,64.38,64.39,500,2022-03-14 18:47:00,VYMI
64.395,64.4,64.39,64.39,1685,2022-03-14 18:48:00,VYMI
64.385,64.385,64.3619,64.3619,1166,2022-03-14 18:49:00,VYMI
64.38,64.38,64.37,64.375,1206,2022-03-14 18:50:00,VYMI
64.38,64.42,64.38,64.4,300,2022-03-14 18:51:00,VYMI
64.4,64.41,64.4,64.41,1032,2022-03-14 18:52:00,VYMI
64.4,64.41,64.4,64.41,1440,2022-03-14 18:53:00,VYMI
64.42,64.43,64.42,64.43,820,2022-03-14 18:54:00,VYMI
64.44,64.46,64.44,64.46,1225,2022-03-14 18:55:00,VYMI
64.47,64.4728,64.47,64.4728,1156,2022-03-14 18:56:00,VYMI
64.465,64.465,64.46,64.46,600,2022-03-14 18:57:00,VYMI
64.435,64.44,64.43,64.44,965,2022-03-14 18:58:00,VYMI
64.44,64.485,64.44,64.485,4219,2022-03-14 18:59:00,VYMI
64.45,64.45,64.45,64.45,354,2022-03-14 19:00:00,VYMI
64.44,64.44,64.42,64.42,336,2022-03-14 19:01:00,VYMI
64.55,64.56,64.55,64.56,1584,2022-03-14 19:02:00,VYMI
64.53,64.53,64.53,64.53,100,2022-03-14 19:03:00,VYMI
64.52,64.52,64.52,64.52,300,2022-03-14 19:04:00,VYMI
64.519,64.53,64.509,64.509,1071,2022-03-14 19:05:00,VYMI
64.5283,64.55,64.5283,64.5496,1451,2022-03-14 19:06:00,VYMI
64.48,64.48,64.46,64.48,800,2022-03-14 19:07:00,VYMI
64.46,64.4692,64.46,64.4692,443,2022-03-14 19:08:00,VYMI
64.448,64.448,64.448,64.448,253,2022-03-14 19:09:00,VYMI
64.46,64.5,64.46,64.5,1436,2022-03-14 19:10:00,VYMI
64.47,64.51,64.47,64.51,1152,2022-03-14 19:11:00,VYMI
64.5322,64.5322,64.5322,64.5322,127,2022-03-14 19:13:00,VYMI
64.51,64.53,64.51,64.53,261,2022-03-14 19:15:00,VYMI
64.53,64.566,64.52,64.566,659,2022-03-14 19:16:00,VYMI
64.54,64.54,64.5,64.5,1074,2022-03-14 19:18:00,VYMI
64.515,64.515,64.515,64.515,488,2022-03-14 19:19:00,VYMI
64.52,64.52,64.5,64.505,1782,2022-03-14 19:20:00,VYMI
64.52,64.52,64.5156,64.52,2695,2022-03-14 19:23:00,VYMI
64.53,64.53,64.53,64.53,100,2022-03-14 19:24:00,VYMI
64.525,64.525,64.51,64.51,1425,2022-03-14 19:26:00,VYMI
64.51,64.52,64.5,64.5,2000,2022-03-14 19:27:00,VYMI
64.49,64.495,64.49,64.49,1200,2022-03-14 19:28:00,VYMI
64.5,64.5,64.475,64.475,6611,2022-03-14 19:29:00,VYMI
64.475,64.475,64.46,64.46,4807,2022-03-14 19:30:00,VYMI
64.45,64.45,64.43,64.43,954,2022-03-14 19:31:00,VYMI
64.4,64.4,64.4,64.4,200,2022-03-14 19:32:00,VYMI
64.38,64.38,64.38,64.38,633,2022-03-14 19:33:00,VYMI
64.37,64.375,64.37,64.375,400,2022-03-14 19:34:00,VYMI
64.39,64.41,64.39,64.41,547,2022-03-14 19:35:00,VYMI
64.4,64.41,64.3807,64.3807,1109,2022-03-14 19:36:00,VYMI
64.41,64.41,64.41,64.41,100,2022-03-14 19:37:00,VYMI
64.41,64.41,64.41,64.41,1900,2022-03-14 19:38:00,VYMI
64.42,64.47,64.42,64.46,1453,2022-03-14 19:39:00,VYMI
64.47,64.47,64.45,64.46,665,2022-03-14 19:41:00,VYMI
64.44,64.46,64.44,64.46,768,2022-03-14 19:42:00,VYMI
64.46,64.47,64.4566,64.47,2950,2022-03-14 19:43:00,VYMI
64.515,64.515,64.51,64.51,300,2022-03-14 19:45:00,VYMI
64.505,64.505,64.48,64.48,2700,2022-03-14 19:46:00,VYMI
64.53,64.54,64.5136,64.54,910,2022-03-14 19:48:00,VYMI
64.52,64.52,64.5,64.5,1520,2022-03-14 19:49:00,VYMI
64.46,64.46,64.4311,64.45,1078,2022-03-14 19:50:00,VYMI
64.4504,64.4504,64.45,64.45,315,2022-03-14 19:51:00,VYMI
64.47,64.51,64.47,64.475,16833,2022-03-14 19:52:00,VYMI
64.47,64.47,64.45,64.4501,1949,2022-03-14 19:53:00,VYMI
64.46,64.47,64.43,64.44,4925,2022-03-14 19:54:00,VYMI
64.44,64.48,64.44,64.47,500,2022-03-14 19:55:00,VYMI
64.51,64.51,64.51,64.51,200,2022-03-14 19:56:00,VYMI
64.53,64.53,64.53,64.53,450,2022-03-14 19:57:00,VYMI
64.54,64.54,64.52,64.53,2757,2022-03-14 19:58:00,VYMI
64.53,64.54,64.495,64.495,4346,2022-03-14 19:59:00,VYMI
64.52,64.52,64.52,64.52,186,2022-03-14 20:00:00,VYMI
64.62,64.62,64.62,64.62,280,2022-03-15 13:08:00,VYMI
64.52,64.52,64.5,64.5,15339,2022-03-15 13:30:00,VYMI
64.51,64.51,64.45,64.45,4443,2022-03-15 13:31:00,VYMI
64.45,64.45,64.45,64.45,476,2022-03-15 13:32:00,VYMI
64.45,64.45,64.45,64.45,499,2022-03-15 13:33:00,VYMI
64.45,64.46,64.45,64.46,1000,2022-03-15 13:34:00,VYMI
64.55,64.55,64.55,64.55,100,2022-03-15 13:35:00,VYMI
64.57,64.57,64.57,64.57,100,2022-03-15 13:36:00,VYMI
64.6183,64.6183,64.6183,64.6183,200,2022-03-15 13:37:00,VYMI
64.555,64.555,64.555,64.555,200,2022-03-15 13:38:00,VYMI
64.5116,64.589,64.5116,64.5522,864,2022-03-15 13:39:00,VYMI
64.5,64.5,64.47,64.47,7050,2022-03-15 13:41:00,VYMI
64.35,64.35,64.34,64.34,1000,2022-03-15 13:42:00,VYMI
64.35,64.35,64.32,64.32,525,2022-03-15 13:43:00,VYMI
64.34,64.34,64.34,64.34,301,2022-03-15 13:44:00,VYMI
64.35,64.35,64.35,64.35,500,2022-03-15 13:45:00,VYMI
64.33,64.33,64.3296,64.3296,575,2022-03-15 13:46:00,VYMI
64.3,64.315,64.3,64.315,870,2022-03-15 13:47:00,VYMI
64.29,64.29,64.29,64.29,300,2022-03-15 13:48:00,VYMI
64.35,64.35,64.34,64.34,876,2022-03-15 13:50:00,VYMI
64.345,64.38,64.345,64.38,1345,2022-03-15 13:51:00,VYMI
64.364,64.365,64.349,64.365,3020,2022-03-15 13:53:00,VYMI
64.34,64.34,64.32,64.3396,1202,2022-03-15 13:54:00,VYMI
64.3364,64.37,64.3364,64.37,331,2022-03-15 13:55:00,VYMI
64.4,64.4016,64.4,64.4016,1652,2022-03-15 13:56:00,VYMI
64.42,64.42,64.4199,64.4199,200,2022-03-15 13:57:00,VYMI
64.4382,64.4382,64.4382,64.4382,716,2022-03-15 13:59:00,VYMI
64.39,64.41,64.39,64.41,750,2022-03-15 14:00:00,VYMI
64.388,64.388,64.388,64.388,100,2022-03-15 14:01:00,VYMI
64.35,64.35,64.3452,64.3452,1039,2022-03-15 14:02:00,VYMI
64.35,64.3899,64.35,64.3899,4409,2022-03-15 14:04:00,VYMI
64.3355,64.3355,64.3355,64.3355,100,2022-03-15 14:06:00,VYMI
64.27,64.27,64.27,64.27,117,2022-03-15 14:08:00,VYMI
64.23,64.23,64.23,64.23,247,2022-03-15 14:09:00,VYMI
64.21,64.21,64.21,64.21,150,2022-03-15 14:12:00,VYMI
64.2295,64.2295,64.2295,64.2295,309,2022-03-15 14:15:00,VYMI
64.2101,64.2101,64.2101,64.2101,600,2022-03-15 14:16:00,VYMI
64.19,64.2,64.18,64.18,1199,2022-03-15 14:17:00,VYMI
64.25,64.26,64.245,64.245,356,2022-03-15 14:19:00,VYMI
64.26,64.26,64.26,64.26,100,2022-03-15 14:21:00,VYMI
64.25,64.25,64.25,64.25,100,2022-03-15 14:22:00,VYMI
64.24,64.265,64.24,64.265,1899,2022-03-15 14:23:00,VYMI
64.28,64.32,64.2766,64.32,6800,2022-03-15 14:24:00,VYMI
64.32,64.32,64.32,64.32,100,2022-03-15 14:25:00,VYMI
64.28,64.28,64.28,64.28,122,2022-03-15 14:26:00,VYMI
64.3048,64.3048,64.3048,64.3048,405,2022-03-15 14:27:00,VYMI
64.339,64.39,64.339,64.39,3169,2022-03-15 14:28:00,VYMI
64.36,64.3944,64.36,64.3944,317,2022-03-15 14:29:00,VYMI
64.4,64.4,64.38,64.38,473,2022-03-15 14:30:00,VYMI
64.4,64.43,64.4,64.42,1600,2022-03-15 14:31:00,VYMI
64.42,64.42,64.41,64.41,568,2022-03-15 14:33:00,VYMI
64.405,64.405,64.405,64.405,200,2022-03-15 14:35:00,VYMI
64.49,64.5043,64.48,64.48,4782,2022-03-15 14:36:00,VYMI
64.48,64.48,64.46,64.46,1800,2022-03-15 14:39:00,VYMI
64.53,64.53,64.53,64.53,136,2022-03-15 14:40:00,VYMI
64.52,64.5583,64.49,64.49,4105,2022-03-15 14:41:00,VYMI
64.59,64.59,64.59,64.59,928,2022-03-15 14:46:00,VYMI
64.5856,64.5856,64.575,64.575,489,2022-03-15 14:47:00,VYMI
64.6,64.6,64.59,64.59,1600,2022-03-15 14:49:00,VYMI
64.59,64.59,64.585,64.585,400,2022-03-15 14:50:00,VYMI
64.59,64.59,64.54,64.58,1924,2022-03-15 14:51:00,VYMI
64.55,64.55,64.55,64.55,273,2022-03-15 14:52:00,VYMI
64.57,64.57,64.57,64.57,100,2022-03-15 14:54:00,VYMI
64.55,64.5659,64.5171,64.5659,1162,2022-03-15 14:56:00,VYMI
64.56,64.56,64.556,64.5596,668,2022-03-15 15:00:00,VYMI
64.53,64.56,64.53,64.55,5147,2022-03-15 15:01:00,VYMI
64.565,64.565,64.565,64.565,123,2022-03-15 15:02:00,VYMI
64.54,64.54,64.5349,64.5349,432,2022-03-15 15:03:00,VYMI
64.545,64.545,64.545,64.545,100,2022-03-15 15:04:00,VYMI
64.54,64.54,64.52,64.52,273,2022-03-15 15:05:00,VYMI
64.5493,64.5493,64.5493,64.5493,265,2022-03-15 15:06:00,VYMI
64.5487,64.5487,64.5487,64.5487,500,2022-03-15 15:07:00,VYMI
64.5499,64.5499,64.5499,64.5499,500,2022-03-15 15:08:00,VYMI
64.515,64.515,64.515,64.515,3000,2022-03-15 15:09:00,VYMI
64.54,64.54,64.54,64.54,400,2022-03-15 15:10:00,VYMI
64.51,64.51,64.51,64.51,100,2022-03-15 15:11:00,VYMI
64.53,64.53,64.53,64.53,155,2022-03-15 15:13:00,VYMI
64.55,64.55,64.5,64.5,1254,2022-03-15 15:14:00,VYMI
64.51,64.5158,64.51,64.5158,460,2022-03-15 15:15:00,VYMI
64.47,64.47,64.47,64.47,200,2022-03-15 15:16:00,VYMI
64.5099,64.5099,64.5099,64.5099,774,2022-03-15 15:17:00,VYMI
64.49,64.5,64.49,64.5,807,2022-03-15 15:18:00,VYMI
64.51,64.51,64.5,64.51,346,2022-03-15 15:19:00,VYMI
64.51,64.51,64.508,64.508,900,2022-03-15 15:20:00,VYMI
64.49,64.49,64.49,64.49,100,2022-03-15 15:21:00,VYMI
64.4577,64.4577,64.4577,64.4577,2949,2022-03-15 15:22:00,VYMI
64.489,64.489,64.489,64.489,400,2022-03-15 15:23:00,VYMI
64.4899,64.4899,64.48,64.48,890,2022-03-15 15:24:00,VYMI
64.497,64.52,64.497,64.52,700,2022-03-15 15:25:00,VYMI
64.58,64.58,64.5302,64.5302,6009,2022-03-15 15:26:00,VYMI
64.52,64.52,64.52,64.52,268,2022-03-15 15:27:00,VYMI
64.55,64.55,64.55,64.55,100,2022-03-15 15:28:00,VYMI
64.57,64.57,64.57,64.57,500,2022-03-15 15:32:00,VYMI
64.575,64.575,64.575,64.575,630,2022-03-15 15:33:00,VYMI
64.5991,64.5991,64.5664,64.5664,1265,2022-03-15 15:34:00,VYMI
64.6,64.62,64.6,64.6101,11623,2022-03-15 15:35:00,VYMI
64.6374,64.6374,64.62,64.62,379,2022-03-15 15:36:00,VYMI
64.6,64.6,64.6,64.6,659,2022-03-15 15:38:00,VYMI
64.61,64.61,64.58,64.6087,851,2022-03-15 15:39:00,VYMI
64.6099,64.6099,64.6099,64.6099,1475,2022-03-15 15:40:00,VYMI
64.61,64.61,64.61,64.61,100,2022-03-15 15:42:00,VYMI
64.61,64.6248,64.61,64.61,5556,2022-03-15 15:43:00,VYMI
64.64,64.64,64.64,64.64,250,2022-03-15 15:44:00,VYMI
64.64,64.64,64.62,64.62,300,2022-03-15 15:45:00,VYMI
64.68,64.7137,64.68,64.7137,2550,2022-03-15 15:47:00,VYMI
64.685,64.685,64.685,64.685,285,2022-03-15 15:48:00,VYMI
64.71,64.71,64.6989,64.6989,495,2022-03-15 15:49:00,VYMI
64.71,64.71,64.71,64.71,300,2022-03-15 15:50:00,VYMI
64.74,64.74,64.74,64.74,100,2022-03-15 15:52:00,VYMI
64.75,64.76,64.68,64.68,2025,2022-03-15 15:54:00,VYMI
64.4,64.42,64.38,64.38,1190,2022-03-15 15:56:00,VYMI
64.46,64.46,64.46,64.46,298,2022-03-15 15:57:00,VYMI
64.4516,64.4516,64.45,64.45,275,2022-03-15 15:58:00,VYMI
64.465,64.465,64.465,64.465,155,2022-03-15 15:59:00,VYMI
64.46,64.46,64.46,64.46,2030,2022-03-15 16:00:00,VYMI
64.49,64.49,64.49,64.49,621,2022-03-15 16:01:00,VYMI
64.4499,64.4499,64.4499,64.4499,124,2022-03-15 16:02:00,VYMI
64.4168,64.4168,64.4168,64.4168,227,2022-03-15 16:03:00,VYMI
64.4834,64.5,64.4834,64.5,727,2022-03-15 16:06:00,VYMI
64.49,64.49,64.49,64.49,100,2022-03-15 16:07:00,VYMI
64.53,64.54,64.53,64.54,388,2022-03-15 16:10:00,VYMI
64.49,64.54,64.45,64.54,6668,2022-03-15 16:11:00,VYMI
64.5382,64.5382,64.5382,64.5382,1549,2022-03-15 16:14:00,VYMI
64.55,64.55,64.55,64.55,100,2022-03-15 16:15:00,VYMI
64.5,64.5,64.5,64.5,100,2022-03-15 16:19:00,VYMI
64.5384,64.5384,64.5384,64.5384,257,2022-03-15 16:21:00,VYMI
64.52,64.52,64.52,64.52,128,2022-03-15 16:22:00,VYMI
64.6,64.6001,64.59,64.6,3800,2022-03-15 16:24:00,VYMI
64.6,64.6101,64.6,64.6101,2003,2022-03-15 16:25:00,VYMI
64.6015,64.61,64.6015,64.61,2100,2022-03-15 16:26:00,VYMI
64.63,64.65,64.63,64.65,1243,2022-03-15 16:28:00,VYMI
64.67,64.67,64.66,64.66,600,2022-03-15 16:29:00,VYMI
64.69,64.705,64.69,64.69,6802,2022-03-15 16:30:00,VYMI
64.67,64.68,64.67,64.68,200,2022-03-15 16:31:00,VYMI
64.72,64.72,64.7,64.7,200,2022-03-15 16:32:00,VYMI
64.72,64.73,64.72,64.73,300,2022-03-15 16:35:00,VYMI
64.74,64.74,64.74,64.74,2557,2022-03-15 16:36:00,VYMI
64.7106,64.7106,64.7106,64.7106,135,2022-03-15 16:38:00,VYMI
64.7672,64.7672,64.75,64.75,987,2022-03-15 16:39:00,VYMI
64.76,64.76,64.76,64.76,100,2022-03-15 16:40:00,VYMI
64.75,64.75,64.75,64.75,139,2022-03-15 16:41:00,VYMI
64.7667,64.7667,64.7667,64.7667,477,2022-03-15 16:42:00,VYMI
64.7356,64.7356,64.71,64.71,348,2022-03-15 16:43:00,VYMI
64.7,64.72,64.7,64.7099,700,2022-03-15 16:45:00,VYMI
64.713,64.713,64.705,64.705,708,2022-03-15 16:46:00,VYMI
64.62,64.62,64.62,64.62,287,2022-03-15 16:49:00,VYMI
64.635,64.635,64.63,64.63,680,2022-03-15 16:50:00,VYMI
64.6,64.6,64.6,64.6,100,2022-03-15 16:51:00,VYMI
64.53,64.5499,64.53,64.5495,8495,2022-03-15 16:52:00,VYMI
64.56,64.56,64.56,64.56,1549,2022-03-15 16:55:00,VYMI
64.5791,64.615,64.5791,64.615,1169,2022-03-15 16:56:00,VYMI
64.63,64.63,64.63,64.63,100,2022-03-15 16:57:00,VYMI
64.66,64.66,64.66,64.66,2900,2022-03-15 17:00:00,VYMI
64.68,64.69,64.66,64.66,4081,2022-03-15 17:01:00,VYMI
64.67,64.7,64.67,64.7,1400,2022-03-15 17:02:00,VYMI
64.6978,64.6978,64.6978,64.6978,2000,2022-03-15 17:03:00,VYMI
64.69,64.69,64.69,64.69,100,2022-03-15 17:04:00,VYMI
64.68,64.68,64.68,64.68,186,2022-03-15 17:05:00,VYMI
64.68,64.68,64.665,64.665,866,2022-03-15 17:06:00,VYMI
64.63,64.63,64.63,64.63,500,2022-03-15 17:09:00,VYMI
64.6497,64.665,64.6497,64.665,423,2022-03-15 17:12:00,VYMI
64.5795,64.5795,64.5795,64.5795,6985,2022-03-15 17:14:00,VYMI
64.6184,64.6184,64.6184,64.6184,132,2022-03-15 17:18:00,VYMI
64.572,64.572,64.572,64.572,308,2022-03-15 17:20:00,VYMI
64.59,64.59,64.59,64.59,385,2022-03-15 17:21:00,VYMI
64.6148,64.6148,64.6148,64.6148,155,2022-03-15 17:23:00,VYMI
64.6476,64.6476,64.6283,64.6283,1858,2022-03-15 17:24:00,VYMI
64.61,64.63,64.61,64.63,200,2022-03-15 17:27:00,VYMI
64.6241,64.6241,64.62,64.62,401,2022-03-15 17:28:00,VYMI
64.615,64.615,64.615,64.615,100,2022-03-15 17:29:00,VYMI
64.5483,64.5483,64.5483,64.5483,150,2022-03-15 17:33:00,VYMI
64.56,64.56,64.56,64.56,500,2022-03-15 17:34:00,VYMI
64.56,64.56,64.56,64.56,300,2022-03-15 17:35:00,VYMI
64.5745,64.5745,64.5745,64.5745,479,2022-03-15 17:36:00,VYMI
64.5857,64.605,64.5857,64.59,669,2022-03-15 17:37:00,VYMI
64.56,64.57,64.56,64.57,334,2022-03-15 17:38:00,VYMI
64.6032,64.6032,64.58,64.58,1019,2022-03-15 17:43:00,VYMI
64.605,64.6195,64.605,64.6195,460,2022-03-15 17:44:00,VYMI
64.57,64.57,64.57,64.57,100,2022-03-15 17:45:00,VYMI
64.58,64.58,64.58,64.58,1000,2022-03-15 17:48:00,VYMI
64.5905,64.61,64.58,64.59,13250,2022-03-15 17:54:00,VYMI
64.6,64.6,64.6,64.6,500,2022-03-15 17:55:00,VYMI
64.6,64.6,64.6,64.6,850,2022-03-15 17:56:00,VYMI
64.61,64.61,64.59,64.605,5549,2022-03-15 17:57:00,VYMI
64.6056,64.6056,64.6056,64.6056,115,2022-03-15 17:58:00,VYMI
64.635,64.664,64.635,64.664,416,2022-03-15 17:59:00,VYMI
64.6,64.6703,64.6,64.6703,319,2022-03-15 18:00:00,VYMI
64.65,64.65,64.6448,64.6448,459,2022-03-15 18:03:00,VYMI
64.62,64.62,64.62,64.62,100,2022-03-15 18:04:00,VYMI
64.565,64.565,64.565,64.565,250,2022-03-15 18:05:00,VYMI
64.5507,64.5507,64.5,64.525,2192,2022-03-15 18:06:00,VYMI
64.545,64.57,64.52,64.52,2200,2022-03-15 18:07:00,VYMI
64.6199,64.6199,64.6199,64.6199,309,2022-03-15 18:09:00,VYMI
64.574,64.574,64.574,64.574,100,2022-03-15 18:12:00,VYMI
64.53,64.56,64.53,64.56,473,2022-03-15 18:14:00,VYMI
64.53,64.5396,64.5,64.5,1599,2022-03-15 18:16:00,VYMI
64.527,64.527,64.51,64.51,572,2022-03-15 18:17:00,VYMI
64.49,64.49,64.49,64.49,100,2022-03-15 18:18:00,VYMI
64.45,64.45,64.45,64.45,375,2022-03-15 18:19:00,VYMI
64.42,64.4484,64.41,64.41,1205,2022-03-15 18:20:00,VYMI
64.45,64.45,64.45,64.45,775,2022-03-15 18:21:00,VYMI
64.4,64.4,64.4,64.4,725,2022-03-15 18:22:00,VYMI
64.42,64.4347,64.4035,64.4347,8925,2022-03-15 18:23:00,VYMI
64.42,64.42,64.42,64.42,200,2022-03-15 18:25:00,VYMI
64.4588,64.47,64.4588,64.47,368,2022-03-15 18:26:00,VYMI
64.5027,64.5027,64.5027,64.5027,225,2022-03-15 18:27:00,VYMI
64.452,64.4747,64.452,64.4747,3080,2022-03-15 18:28:00,VYMI
64.48,64.48,64.48,64.48,167,2022-03-15 18:29:00,VYMI
64.4646,64.4646,64.4646,64.4646,606,2022-03-15 18:30:00,VYMI
64.4454,64.4454,64.4454,64.4454,193,2022-03-15 18:31:00,VYMI
64.48,64.4997,64.48,64.4997,2261,2022-03-15 18:34:00,VYMI
64.49,64.532,64.49,64.532,271,2022-03-15 18:35:00,VYMI
64.5,64.5,64.5,64.5,100,2022-03-15 18:36:00,VYMI
64.52,64.52,64.52,64.52,774,2022-03-15 18:37:00,VYMI
64.5,64.5,64.48,64.48,1370,2022-03-15 18:38:00,VYMI
64.5108,64.5108,64.5108,64.5108,155,2022-03-15 18:39:00,VYMI
64.528,64.528,64.528,64.528,929,2022-03-15 18:41:00,VYMI
64.5899,64.5899,64.5899,64.5899,130,2022-03-15 18:43:00,VYMI
64.65,64.65,64.65,64.65,600,2022-03-15 18:47:00,VYMI
64.685,64.69,64.659,64.68,12419,2022-03-15 18:49:00,VYMI
64.69,64.7399,64.69,64.7399,220,2022-03-15 18:50:00,VYMI
64.71,64.71,64.71,64.71,200,2022-03-15 18:52:00,VYMI
64.6741,64.6741,64.6741,64.6741,243,2022-03-15 18:53:00,VYMI
64.6757,64.6757,64.6757,64.6757,205,2022-03-15 18:54:00,VYMI
64.75,64.77,64.73,64.73,3202,2022-03-15 18:59:00,VYMI
64.73,64.73,64.7,64.7194,1715,2022-03-15 19:00:00,VYMI
64.7447,64.7447,64.7447,64.7447,250,2022-03-15 19:04:00,VYMI
64.732,64.7494,64.732,64.7494,627,2022-03-15 19:05:00,VYMI
64.75,64.759,64.73,64.73,4906,2022-03-15 19:06:00,VYMI
64.72,64.74,64.72,64.74,350,2022-03-15 19:07:00,VYMI
64.7424,64.7892,64.7424,64.7892,1997,2022-03-15 19:08:00,VYMI
64.75,64.7775,64.74,64.7775,1760,2022-03-15 19:09:00,VYMI
64.745,64.75,64.745,64.75,1377,2022-03-15 19:10:00,VYMI
64.766,64.766,64.766,64.766,133,2022-03-15 19:11:00,VYMI
64.78,64.78,64.73,64.745,17174,2022-03-15 19:12:00,VYMI
64.78,64.78,64.76,64.76,4780,2022-03-15 19:13:00,VYMI
64.7587,64.7587,64.7587,64.7587,207,2022-03-15 19:14:00,VYMI
64.75,64.76,64.74,64.76,600,2022-03-15 19:15:00,VYMI
64.7735,64.8,64.7735,64.8,778,2022-03-15 19:16:00,VYMI
64.81,64.81,64.8088,64.8088,2001,2022-03-15 19:17:00,VYMI
64.8001,64.815,64.8001,64.815,469,2022-03-15 19:18:00,VYMI
64.8,64.81,64.79,64.81,800,2022-03-15 19:19:00,VYMI
64.7801,64.79,64.7801,64.79,645,2022-03-15 19:20:00,VYMI
64.798,64.852,64.798,64.852,1240,2022-03-15 19:21:00,VYMI
64.8247,64.8247,64.8247,64.8247,171,2022-03-15 19:22:00,VYMI
64.835,64.835,64.8198,64.8198,585,2022-03-15 19:23:00,VYMI
64.84,64.8482,64.84,64.8482,547,2022-03-15 19:24:00,VYMI
64.8392,64.8392,64.82,64.82,771,2022-03-15 19:25:00,VYMI
64.84,64.84,64.835,64.84,1500,2022-03-15 19:26:00,VYMI
64.84,64.84,64.84,64.84,400,2022-03-15 19:27:00,VYMI
64.82,64.86,64.82,64.8433,3469,2022-03-15 19:28:00,VYMI
64.83,64.83,64.83,64.83,200,2022-03-15 19:29:00,VYMI
64.89,64.89,64.89,64.89,100,2022-03-15 19:30:00,VYMI
64.9192,64.9192,64.9,64.9,545,2022-03-15 19:31:00,VYMI
64.88,64.924,64.88,64.9,1035,2022-03-15 19:32:00,VYMI
64.89,64.89,64.84,64.8865,562,2022-03-15 19:34:00,VYMI
64.86,64.86,64.85,64.85,800,2022-03-15 19:35:00,VYMI
64.85,64.88,64.85,64.86,300,2022-03-15 19:36:00,VYMI
64.8794,64.8794,64.8456,64.8456,1217,2022-03-15 19:37:00,VYMI
64.8595,64.8595,64.8595,64.8595,2313,2022-03-15 19:38:00,VYMI
64.89,64.89,64.86,64.86,3714,2022-03-15 19:39:00,VYMI
64.87,64.87,64.84,64.845,3457,2022-03-15 19:40:00,VYMI
64.8695,64.8695,64.85,64.85,600,2022-03-15 19:41:00,VYMI
64.855,64.877,64.855,64.877,1600,2022-03-15 19:42:00,VYMI
64.87,64.87,64.86,64.86,548,2022-03-15 19:43:00,VYMI
64.84,64.855,64.83,64.85,1298,2022-03-15 19:44:00,VYMI
64.84,64.84,64.83,64.84,600,2022-03-15 19:45:00,VYMI
64.84,64.84,64.84,64.84,1712,2022-03-15 19:46:00,VYMI
64.8457,64.855,64.81,64.81,721,2022-03-15 19:47:00,VYMI
64.84,64.84,64.84,64.84,100,2022-03-15 19:48:00,VYMI
64.845,64.87,64.845,64.87,443,2022-03-15 19:49:00,VYMI
64.89,64.89,64.8892,64.8892,363,2022-03-15 19:50:00,VYMI
64.9028,64.9028,64.9,64.9,321,2022-03-15 19:53:00,VYMI
64.9,64.91,64.868,64.868,1372,2022-03-15 19:54:00,VYMI
64.815,64.815,64.815,64.815,309,2022-03-15 19:55:00,VYMI
64.82,64.86,64.82,64.8215,2057,2022-03-15 19:56:00,VYMI
64.83,64.83,64.79,64.79,808,2022-03-15 19:57:00,VYMI
64.77,64.81,64.75,64.81,2000,2022-03-15 19:58:00,VYMI
64.8,64.85,64.8,64.85,1300,2022-03-15 19:59:00,VYMI
64.88,64.88,64.88,64.88,317,2022-03-15 20:00:00,VYMI
65.5,65.5,65.5,65.5,264,2022-03-16 12:00:00,VYMI
65.86,65.86,65.78,65.78,15958,2022-03-16 13:30:00,VYMI
65.76,65.766,65.711,65.735,13056,2022-03-16 13:31:00,VYMI
65.77,65.77,65.7487,65.7487,959,2022-03-16 13:32:00,VYMI
65.73,65.7696,65.72,65.7696,10102,2022-03-16 13:33:00,VYMI
65.7656,65.7656,65.76,65.76,550,2022-03-16 13:34:00,VYMI
65.8,65.8,65.78,65.7801,5000,2022-03-16 13:35:00,VYMI
65.82,65.82,65.8027,65.82,600,2022-03-16 13:36:00,VYMI
65.835,65.835,65.835,65.835,385,2022-03-16 13:37:00,VYMI
65.82,65.82,65.79,65.8,10605,2022-03-16 13:38:00,VYMI
65.83,65.83,65.83,65.83,320,2022-03-16 13:40:00,VYMI
65.84,65.84,65.84,65.84,800,2022-03-16 13:41:00,VYMI
65.8699,65.8699,65.83,65.85,12384,2022-03-16 13:42:00,VYMI
65.87,65.9,65.87,65.89,1636,2022-03-16 13:43:00,VYMI
65.89,65.892,65.87,65.87,9999,2022-03-16 13:44:00,VYMI
65.92,65.92,65.91,65.91,1003,2022-03-16 13:45:00,VYMI
65.9,65.9,65.9,65.9,100,2022-03-16 13:46:00,VYMI
65.89,65.92,65.88,65.92,10300,2022-03-16 13:47:00,VYMI
65.94,65.94,65.94,65.94,578,2022-03-16 13:48:00,VYMI
65.91,65.93,65.89,65.93,10312,2022-03-16 13:49:00,VYMI
65.93,65.93,65.9,65.9,1629,2022-03-16 13:50:00,VYMI
65.86,65.86,65.86,65.86,455,2022-03-16 13:51:00,VYMI
65.9,65.9093,65.9,65.9093,3383,2022-03-16 13:52:00,VYMI
65.9,65.9,65.88,65.88,1178,2022-03-16 13:53:00,VYMI
65.85,65.85,65.85,65.85,300,2022-03-16 13:54:00,VYMI
65.8615,65.8983,65.8525,65.8983,1715,2022-03-16 13:55:00,VYMI
65.91,65.91,65.91,65.91,1200,2022-03-16 13:56:00,VYMI
65.91,65.92,65.91,65.91,5004,2022-03-16 13:57:00,VYMI
65.9,65.9,65.9,65.9,700,2022-03-16 13:58:00,VYMI
65.9,65.9,65.9,65.9,200,2022-03-16 13:59:00,VYMI
65.8859,65.8859,65.8859,65.8859,6000,2022-03-16 14:00:00,VYMI
65.94,65.94,65.94,65.94,100,2022-03-16 14:01:00,VYMI
65.9099,65.9099,65.884,65.885,760,2022-03-16 14:02:00,VYMI
65.89,65.89,65.88,65.88,671,2022-03-16 14:03:00,VYMI
65.86,65.86,65.78,65.805,4875,2022-03-16 14:04:00,VYMI
65.7877,65.7877,65.7877,65.7877,275,2022-03-16 14:06:00,VYMI
65.8015,65.8015,65.8015,65.8015,102,2022-03-16 14:10:00,VYMI
65.9132,65.9132,65.9099,65.9099,532,2022-03-16 14:12:00,VYMI
65.95,66.04,65.95,66.04,1600,2022-03-16 14:14:00,VYMI
66.0774,66.0893,66.0774,66.0855,5029,2022-03-16 14:15:00,VYMI
66.17,66.17,66.17,66.17,500,2022-03-16 14:16:00,VYMI
66.2597,66.2597,66.25,66.25,1079,2022-03-16 14:17:00,VYMI
66.315,66.315,66.315,66.315,182,2022-03-16 14:18:00,VYMI
66.28,66.28,66.18,66.2284,513,2022-03-16 14:19:00,VYMI
66.2,66.2,66.2,66.2,100,2022-03-16 14:20:00,VYMI
66.25,66.25,66.25,66.25,196,2022-03-16 14:22:00,VYMI
66.1906,66.2294,66.1906,66.2294,712,2022-03-16 14:23:00,VYMI
66.1606,66.17,66.16,66.17,589,2022-03-16 14:27:00,VYMI
66.19,66.19,66.17,66.17,1000,2022-03-16 14:28:00,VYMI
66.16,66.16,66.16,66.16,800,2022-03-16 14:29:00,VYMI
66.11,66.13,66.11,66.13,1693,2022-03-16 14:30:00,VYMI
66.15,66.177,66.1053,66.177,1150,2022-03-16 14:31:00,VYMI
66.1599,66.167,66.152,66.167,1576,2022-03-16 14:32:00,VYMI
66.13,66.13,66.12,66.12,500,2022-03-16 14:33:00,VYMI
66.17,66.17,66.11,66.11,1871,2022-03-16 14:34:00,VYMI
66.145,66.145,66.13,66.13,350,2022-03-16 14:35:00,VYMI
66.1497,66.1497,66.1497,66.1497,500,2022-03-16 14:36:00,VYMI
66.08,66.14,66.06,66.14,1444,2022-03-16 14:39:00,VYMI
66.15,66.155,66.15,66.155,248,2022-03-16 14:40:00,VYMI
66.13,66.13,66.09,66.09,300,2022-03-16 14:41:00,VYMI
65.91,65.91,65.8,65.8,3113,2022-03-16 14:43:00,VYMI
65.89,65.89,65.89,65.89,100,2022-03-16 14:46:00,VYMI
65.94,65.94,65.94,65.94,576,2022-03-16 14:47:00,VYMI
65.9,65.9,65.9,65.9,100,2022-03-16 14:48:00,VYMI
65.935,65.935,65.935,65.935,100,2022-03-16 14:49:00,VYMI
65.94,65.94,65.94,65.94,172,2022-03-16 14:51:00,VYMI
65.93,65.93,65.9,65.9,1326,2022-03-16 14:53:00,VYMI
65.94,65.955,65.94,65.955,1302,2022-03-16 14:55:00,VYMI
65.91,65.97,65.9,65.97,300,2022-03-16 14:57:00,VYMI
65.9673,65.9673,65.9673,65.9673,378,2022-03-16 14:58:00,VYMI
66.0,66.07,66.0,66.05,800,2022-03-16 14:59:00,VYMI
66.07,66.07,66.07,66.07,100,2022-03-16 15:00:00,VYMI
66.05,66.05,65.92,65.92,3228,2022-03-16 15:01:00,VYMI
65.98,66.06,65.98,66.06,2132,2022-03-16 15:02:00,VYMI
66.04,66.04,66.04,66.04,100,2022-03-16 15:03:00,VYMI
66.06,66.06,66.06,66.06,500,2022-03-16 15:04:00,VYMI
66.06,66.06,66.02,66.02,1759,2022-03-16 15:06:00,VYMI
66.0,66.0,66.0,66.0,200,2022-03-16 15:07:00,VYMI
66.01,66.01,65.98,65.98,2100,2022-03-16 15:08:00,VYMI
65.9337,65.96,65.9337,65.96,1000,2022-03-16 15:09:00,VYMI
65.96,65.9983,65.96,65.9983,326,2022-03-16 15:10:00,VYMI
65.995,66.005,65.995,66.005,1769,2022-03-16 15:11:00,VYMI
66.01,66.01,66.01,66.01,100,2022-03-16 15:12:00,VYMI
66.001,66.001,65.98,65.98,2100,2022-03-16 15:13:00,VYMI
65.9774,65.9774,65.9774,65.9774,171,2022-03-16 15:14:00,VYMI
65.97,65.97,65.97,65.97,600,2022-03-16 15:15:00,VYMI
65.959,65.959,65.959,65.959,151,2022-03-16 15:16:00,VYMI
65.94,65.94,65.91,65.91,782,2022-03-16 15:19:00,VYMI
65.99,65.99,65.97,65.98,300,2022-03-16 15:20:00,VYMI
65.99,65.99,65.99,65.99,300,2022-03-16 15:23:00,VYMI
65.9787,65.9787,65.9787,65.9787,100,2022-03-16 15:24:00,VYMI
65.99,65.995,65.985,65.9899,4067,2022-03-16 15:25:00,VYMI
65.98,65.98,65.98,65.98,375,2022-03-16 15:26:00,VYMI
65.985,65.99,65.985,65.99,778,2022-03-16 15:27:00,VYMI
65.97,65.98,65.9689,65.98,1474,2022-03-16 15:28:00,VYMI
65.97,65.97,65.9566,65.9566,403,2022-03-16 15:29:00,VYMI
65.99,65.99,65.99,65.99,400,2022-03-16 15:30:00,VYMI
65.99,65.99,65.99,65.99,100,2022-03-16 15:31:00,VYMI
65.97,65.97,65.97,65.97,184,2022-03-16 15:32:00,VYMI
65.9495,65.9495,65.9495,65.9495,2046,2022-03-16 15:33:00,VYMI
65.95,65.95,65.95,65.95,200,2022-03-16 15:34:00,VYMI
65.94,65.94,65.94,65.94,597,2022-03-16 15:35:00,VYMI
65.93,65.93,65.91,65.91,200,2022-03-16 15:36:00,VYMI
65.89,65.89,65.89,65.89,100,2022-03-16 15:38:00,VYMI
65.9,65.9,65.9,65.9,200,2022-03-16 15:39:00,VYMI
65.88,65.88,65.88,65.88,500,2022-03-16 15:40:00,VYMI
65.8898,65.89,65.8898,65.89,350,2022-03-16 15:42:00,VYMI
65.9032,65.9032,65.88,65.88,200,2022-03-16 15:43:00,VYMI
65.89,65.89,65.89,65.89,100,2022-03-16 15:44:00,VYMI
65.89,65.89,65.89,65.89,437,2022-03-16 15:46:00,VYMI
65.89,65.89,65.88,65.88,470,2022-03-16 15:49:00,VYMI
65.875,65.88,65.875,65.88,203,2022-03-16 15:50:00,VYMI
65.937,65.95,65.937,65.95,1022,2022-03-16 15:53:00,VYMI
65.95,65.95,65.95,65.95,100,2022-03-16 15:54:00,VYMI
65.8964,65.8964,65.8964,65.8964,501,2022-03-16 15:56:00,VYMI
65.87,65.87,65.87,65.87,652,2022-03-16 15:57:00,VYMI
65.93,65.9388,65.928,65.928,1065,2022-03-16 15:58:00,VYMI
65.92,65.92,65.92,65.92,200,2022-03-16 16:00:00,VYMI
65.92,65.95,65.92,65.95,1046,2022-03-16 16:01:00,VYMI
65.96,65.96,65.96,65.96,200,2022-03-16 16:02:00,VYMI
65.97,65.97,65.94,65.94,772,2022-03-16 16:06:00,VYMI
65.9986,66.0,65.9986,66.0,254,2022-03-16 16:07:00,VYMI
65.985,65.985,65.985,65.985,100,2022-03-16 16:08:00,VYMI
66.0095,66.0095,66.0095,66.0095,150,2022-03-16 16:09:00,VYMI
65.98,65.98,65.98,65.98,100,2022-03-16 16:12:00,VYMI
65.98,65.99,65.98,65.99,477,2022-03-16 16:13:00,VYMI
65.99,65.99,65.99,65.99,100,2022-03-16 16:14:00,VYMI
65.9928,65.9928,65.9928,65.9928,250,2022-03-16 16:15:00,VYMI
65.98,65.98,65.98,65.98,100,2022-03-16 16:16:00,VYMI
66.0,66.0,66.0,66.0,200,2022-03-16 16:17:00,VYMI
65.9799,65.9799,65.9799,65.9799,100,2022-03-16 16:25:00,VYMI
65.95,65.97,65.95,65.96,1200,2022-03-16 16:27:00,VYMI
65.97,65.99,65.97,65.99,400,2022-03-16 16:28:00,VYMI
66.01,66.0395,66.01,66.035,1170,2022-03-16 16:29:00,VYMI
66.015,66.02,66.015,66.02,500,2022-03-16 16:30:00,VYMI
66.0,66.0,66.0,66.0,150,2022-03-16 16:31:00,VYMI
66.05,66.06,66.05,66.06,252,2022-03-16 16:32:00,VYMI
66.09,66.09,66.06,66.08,376,2022-03-16 16:33:00,VYMI
66.07,66.07,66.01,66.018,710,2022-03-16 16:34:00,VYMI
65.99,65.99,65.99,65.99,100,2022-03-16 16:35:00,VYMI
66.005,66.005,65.99,65.99,790,2022-03-16 16:36:00,VYMI
65.9782,65.99,65.97,65.98,1383,2022-03-16 16:37:00,VYMI
65.9977,65.9977,65.9977,65.9977,300,2022-03-16 16:39:00,VYMI
65.96,65.96,65.96,65.96,100,2022-03-16 16:40:00,VYMI
65.9773,65.9773,65.9773,65.9773,379,2022-03-16 16:41:00,VYMI
65.97,65.9969,65.97,65.97,600,2022-03-16 16:42:00,VYMI
65.98,65.98,65.98,65.98,100,2022-03-16 16:43:00,VYMI
66.03,66.03,66.03,66.03,100,2022-03-16 16:44:00,VYMI
65.98,66.0194,65.98,66.0194,3092,2022-03-16 16:45:00,VYMI
65.98,65.98,65.83,65.83,1007,2022-03-16 16:46:00,VYMI
65.87,65.87,65.83,65.83,502,2022-03-16 16:47:00,VYMI
65.8219,65.8219,65.8,65.8,866,2022-03-16 16:48:00,VYMI
65.7942,65.7942,65.7942,65.7942,200,2022-03-16 16:49:00,VYMI
65.832,65.8495,65.832,65.8495,877,2022-03-16 16:52:00,VYMI
65.85,65.855,65.85,65.855,306,2022-03-16 16:53:00,VYMI
65.91,65.91,65.91,65.91,100,2022-03-16 16:54:00,VYMI
65.88,65.8999,65.88,65.8997,2913,2022-03-16 16:55:00,VYMI
65.92,65.92,65.92,65.92,200,2022-03-16 16:56:00,VYMI
65.93,65.93,65.93,65.93,125,2022-03-16 16:59:00,VYMI
65.9,65.9,65.9,65.9,100,2022-03-16 17:00:00,VYMI
65.905,65.93,65.8556,65.8556,1579,2022-03-16 17:01:00,VYMI
65.85,65.87,65.85,65.87,200,2022-03-16 17:02:00,VYMI
65.84,65.86,65.84,65.8466,1400,2022-03-16 17:04:00,VYMI
65.84,65.84,65.818,65.818,1300,2022-03-16 17:06:00,VYMI
65.82,65.82,65.82,65.82,200,2022-03-16 17:07:00,VYMI
65.75,65.75,65.72,65.72,500,2022-03-16 17:08:00,VYMI
65.75,65.75,65.75,65.75,200,2022-03-16 17:09:00,VYMI
65.71,65.71,65.71,65.71,208,2022-03-16 17:11:00,VYMI
65.755,65.76,65.755,65.76,865,2022-03-16 17:12:00,VYMI
65.75,65.75,65.75,65.75,200,2022-03-16 17:13:00,VYMI
65.7656,65.77,65.7656,65.77,221,2022-03-16 17:14:00,VYMI
65.7639,65.7639,65.76,65.76,551,2022-03-16 17:15:00,VYMI
65.79,65.79,65.79,65.79,100,2022-03-16 17:17:00,VYMI
65.77,65.77,65.74,65.74,506,2022-03-16 17:18:00,VYMI
65.765,65.77,65.76,65.77,536,2022-03-16 17:19:00,VYMI
65.75,65.7967,65.75,65.7785,1306,2022-03-16 17:20:00,VYMI
65.76,65.76,65.76,65.76,100,2022-03-16 17:21:00,VYMI
65.85,65.85,65.8471,65.8471,705,2022-03-16 17:24:00,VYMI
65.82,65.84,65.81,65.84,1003,2022-03-16 17:25:00,VYMI
65.84,65.84,65.84,65.84,200,2022-03-16 17:26:00,VYMI
65.81,65.87,65.81,65.87,615,2022-03-16 17:28:00,VYMI
65.84,65.84,65.825,65.825,2180,2022-03-16 17:29:00,VYMI
65.87,65.87,65.87,65.87,291,2022-03-16 17:30:00,VYMI
65.86,65.9,65.85,65.9,1570,2022-03-16 17:31:00,VYMI
65.91,65.92,65.91,65.92,200,2022-03-16 17:32:00,VYMI
65.91,65.91,65.91,65.91,100,2022-03-16 17:33:00,VYMI
65.889,65.91,65.8792,65.91,5199,2022-03-16 17:34:00,VYMI
65.91,65.93,65.91,65.925,872,2022-03-16 17:35:00,VYMI
65.92,65.92,65.92,65.92,200,2022-03-16 17:36:00,VYMI
65.93,65.93,65.905,65.9075,25915,2022-03-16 17:37:00,VYMI
65.9,65.9,65.87,65.87,600,2022-03-16 17:40:00,VYMI
65.875,65.875,65.875,65.875,675,2022-03-16 17:41:00,VYMI
65.84,65.8462,65.82,65.8442,888,2022-03-16 17:42:00,VYMI
65.83,65.845,65.83,65.845,427,2022-03-16 17:43:00,VYMI
65.85,65.85,65.85,65.85,100,2022-03-16 17:44:00,VYMI
65.83,65.8699,65.83,65.85,750,2022-03-16 17:45:00,VYMI
65.86,65.865,65.86,65.86,1800,2022-03-16 17:46:00,VYMI
65.84,65.84,65.84,65.84,193,2022-03-16 17:49:00,VYMI
65.825,65.825,65.825,65.825,425,2022-03-16 17:51:00,VYMI
65.8264,65.8264,65.8264,65.8264,283,2022-03-16 17:52:00,VYMI
65.83,65.84,65.83,65.84,1580,2022-03-16 17:54:00,VYMI
65.85,65.86,65.85,65.86,1200,2022-03-16 17:55:00,VYMI
65.8664,65.8664,65.8657,65.8657,1111,2022-03-16 17:56:00,VYMI
65.87,65.8963,65.87,65.8963,4100,2022-03-16 17:57:00,VYMI
65.86,65.9148,65.86,65.9148,757,2022-03-16 17:58:00,VYMI
65.8,65.8,65.66,65.73,700,2022-03-16 18:00:00,VYMI
65.7399,65.7399,65.6584,65.6584,700,2022-03-16 18:01:00,VYMI
65.7476,65.795,65.7476,65.795,214,2022-03-16 18:02:00,VYMI
65.76,65.76,65.71,65.71,1047,2022-03-16 18:03:00,VYMI
65.66,65.66,65.6243,65.6243,925,2022-03-16 18:04:00,VYMI
65.56,65.575,65.56,65.575,212,2022-03-16 18:05:00,VYMI
65.58,65.58,65.58,65.58,100,2022-03-16 18:06:00,VYMI
65.7126,65.7126,65.7126,65.7126,870,2022-03-16 18:07:00,VYMI
65.59,65.59,65.58,65.58,380,2022-03-16 18:08:00,VYMI
65.48,65.48,65.48,65.48,100,2022-03-16 18:09:00,VYMI
65.4674,65.4674,65.46,65.46,431,2022-03-16 18:10:00,VYMI
65.34,65.34,65.34,65.34,100,2022-03-16 18:11:00,VYMI
65.385,65.385,65.36,65.36,2500,2022-03-16 18:12:00,VYMI
65.41,65.41,65.39,65.39,300,2022-03-16 18:14:00,VYMI
65.37,65.42,65.37,65.41,752,2022-03-16 18:15:00,VYMI
65.43,65.472,65.41,65.47,4386,2022-03-16 18:16:00,VYMI
65.5,65.569,65.5,65.51,2081,2022-03-16 18:17:00,VYMI
65.54,65.54,65.51,65.51,300,2022-03-16 18:18:00,VYMI
65.57,65.57,65.57,65.57,167,2022-03-16 18:19:00,VYMI
65.58,65.58,65.5,65.5,825,2022-03-16 18:20:00,VYMI
65.5352,65.5352,65.5352,65.5352,100,2022-03-16 18:21:00,VYMI
65.49,65.49,65.49,65.49,1300,2022-03-16 18:22:00,VYMI
65.48,65.48,65.4436,65.4436,1403,2022-03-16 18:23:00,VYMI
65.45,65.45,65.41,65.41,2692,2022-03-16 18:24:00,VYMI
65.41,65.41,65.41,65.41,218,2022-03-16 18:25:00,VYMI
65.47,65.47,65.47,65.47,100,2022-03-16 18:26:00,VYMI
65.51,65.51,65.45,65.46,2815,2022-03-16 18:28:00,VYMI
65.39,65.39,65.38,65.38,900,2022-03-16 18:29:00,VYMI
65.37,65.37,65.37,65.37,100,2022-03-16 18:30:00,VYMI
65.296,65.296,65.296,65.296,551,2022-03-16 18:31:00,VYMI
65.23,65.23,65.225,65.23,300,2022-03-16 18:32:00,VYMI
65.24,65.24,65.24,65.24,900,2022-03-16 18:34:00,VYMI
65.26,65.26,65.23,65.23,1800,2022-03-16 18:35:00,VYMI
65.28,65.28,65.28,65.28,400,2022-03-16 18:36:00,VYMI
65.4856,65.49,65.48,65.49,487,2022-03-16 18:38:00,VYMI
65.5319,65.5319,65.5319,65.5319,909,2022-03-16 18:39:00,VYMI
65.64,65.64,65.64,65.64,300,2022-03-16 18:40:00,VYMI
65.71,65.73,65.6701,65.6701,2360,2022-03-16 18:42:00,VYMI
65.69,65.71,65.68,65.68,2018,2022-03-16 18:43:00,VYMI
65.76,65.76,65.74,65.74,671,2022-03-16 18:44:00,VYMI
65.7,65.7,65.7,65.7,100,2022-03-16 18:45:00,VYMI
65.83,65.83,65.79,65.79,531,2022-03-16 18:46:00,VYMI
65.74,65.76,65.74,65.76,296,2022-03-16 18:49:00,VYMI
65.76,65.76,65.73,65.73,200,2022-03-16 18:50:00,VYMI
65.73,65.76,65.73,65.75,778,2022-03-16 18:51:00,VYMI
65.79,65.82,65.79,65.81,1099,2022-03-16 18:52:00,VYMI
65.84,65.84,65.83,65.83,1100,2022-03-16 18:53:00,VYMI
65.88,65.88,65.88,65.88,1000,2022-03-16 18:54:00,VYMI
65.9,66.0,65.9,65.99,13677,2022-03-16 18:55:00,VYMI
65.96,65.96,65.89,65.89,1100,2022-03-16 18:56:00,VYMI
65.88,65.88,65.88,65.88,200,2022-03-16 18:57:00,VYMI
65.9796,65.9796,65.91,65.91,464,2022-03-16 18:58:00,VYMI
65.9455,65.9455,65.865,65.89,2605,2022-03-16 18:59:00,VYMI
65.8,65.845,65.8,65.8325,3500,2022-03-16 19:01:00,VYMI
65.79,65.845,65.79,65.845,753,2022-03-16 19:02:00,VYMI
65.9988,65.9988,65.9988,65.9988,380,2022-03-16 19:05:00,VYMI
65.9999,66.0,65.84,65.84,2600,2022-03-16 19:06:00,VYMI
65.9,65.9,65.9,65.9,100,2022-03-16 19:07:00,VYMI
65.9,65.93,65.85,65.93,2699,2022-03-16 19:08:00,VYMI
65.94,65.94,65.87,65.87,388,2022-03-16 19:09:00,VYMI
65.87,65.87,65.85,65.86,400,2022-03-16 19:10:00,VYMI
65.92,65.99,65.92,65.94,800,2022-03-16 19:11:00,VYMI
65.9398,65.9398,65.9398,65.9398,150,2022-03-16 19:12:00,VYMI
65.91,65.9386,65.91,65.9386,800,2022-03-16 19:13:00,VYMI
65.95,65.95,65.95,65.95,703,2022-03-16 19:14:00,VYMI
65.9846,65.9846,65.9846,65.9846,164,2022-03-16 19:15:00,VYMI
65.92,65.9998,65.92,65.95,2800,2022-03-16 19:16:00,VYMI
65.95,65.99,65.95,65.9875,929,2022-03-16 19:17:00,VYMI
66.01,66.09,66.01,66.09,522,2022-03-16 19:18:00,VYMI
66.13,66.13,66.13,66.13,1300,2022-03-16 19:19:00,VYMI
66.16,66.1753,66.13,66.15,2009,2022-03-16 19:20:00,VYMI
66.18,66.21,66.158,66.21,1920,2022-03-16 19:21:00,VYMI
66.21,66.21,66.11,66.11,4000,2022-03-16 19:22:00,VYMI
66.13,66.13,66.13,66.13,164,2022-03-16 19:23:00,VYMI
66.16,66.16,66.1232,66.1232,2550,2022-03-16 19:24:00,VYMI
66.2,66.21,66.185,66.21,2112,2022-03-16 19:25:00,VYMI
66.2,66.21,66.2,66.21,1000,2022-03-16 19:26:00,VYMI
66.15,66.18,66.145,66.18,500,2022-03-16 19:28:00,VYMI
66.2,66.2,66.2,66.2,300,2022-03-16 19:29:00,VYMI
66.19,66.19,66.19,66.19,3300,2022-03-16 19:30:00,VYMI
66.19,66.2,66.16,66.16,3124,2022-03-16 19:31:00,VYMI
66.12,66.1369,66.12,66.1369,790,2022-03-16 19:32:00,VYMI
66.09,66.11,66.08,66.11,2322,2022-03-16 19:33:00,VYMI
66.11,66.14,66.11,66.14,5000,2022-03-16 19:34:00,VYMI
66.14,66.15,66.132,66.132,2226,2022-03-16 19:35:00,VYMI
66.1399,66.16,66.09,66.13,1880,2022-03-16 19:36:00,VYMI
66.15,66.15,66.15,66.15,1400,2022-03-16 19:37:00,VYMI
66.16,66.18,66.16,66.18,1908,2022-03-16 19:38:00,VYMI
66.18,66.2,66.16,66.195,2800,2022-03-16 19:39:00,VYMI
66.192,66.22,66.16,66.19,3636,2022-03-16 19:40:00,VYMI
66.2,66.2086,66.17,66.1885,3363,2022-03-16 19:41:00,VYMI
66.2176,66.2176,66.2016,66.2016,1370,2022-03-16 19:42:00,VYMI
66.18,66.18,66.18,66.18,2139,2022-03-16 19:43:00,VYMI
66.21,66.21,66.14,66.17,3600,2022-03-16 19:44:00,VYMI
66.19,66.19,66.12,66.18,4330,2022-03-16 19:45:00,VYMI
66.24,66.25,66.24,66.24,900,2022-03-16 19:46:00,VYMI
66.26,66.32,66.25,66.28,15352,2022-03-16 19:47:00,VYMI
66.26,66.31,66.23,66.3,9333,2022-03-16 19:48:00,VYMI
66.3,66.3,66.3,66.3,124,2022-03-16 19:49:00,VYMI
66.33,66.33,66.3256,66.3256,436,2022-03-16 19:50:00,VYMI
66.33,66.33,66.33,66.33,600,2022-03-16 19:51:00,VYMI
66.355,66.355,66.355,66.355,100,2022-03-16 19:52:00,VYMI
66.35,66.3807,66.33,66.3807,4265,2022-03-16 19:53:00,VYMI
66.35,66.35,66.3305,66.3305,1500,2022-03-16 19:54:00,VYMI
66.3204,66.3599,66.3204,66.346,3025,2022-03-16 19:55:00,VYMI
66.4287,66.4287,66.4287,66.4287,173,2022-03-16 19:56:00,VYMI
66.45,66.45,66.41,66.41,2200,2022-03-16 19:57:00,VYMI
66.4375,66.46,66.4375,66.46,541,2022-03-16 19:58:00,VYMI
66.46,66.5,66.45,66.5,4827,2022-03-16 19:59:00,VYMI
66.47,66.47,66.47,66.47,359,2022-03-16 20:00:00,VYMI
66.34,66.34,66.25,66.25,27007,2022-03-17 13:30:00,VYMI
66.26,66.26,66.26,66.26,100,2022-03-17 13:31:00,VYMI
66.27,66.27,66.24,66.262,3313,2022-03-17 13:32:00,VYMI
66.329,66.329,66.32,66.32,450,2022-03-17 13:34:00,VYMI
66.38,66.38,66.38,66.38,100,2022-03-17 13:35:00,VYMI
66.33,66.33,66.31,66.31,763,2022-03-17 13:36:00,VYMI
66.36,66.36,66.34,66.3482,1388,2022-03-17 13:37:00,VYMI
66.329,66.329,66.329,66.329,112,2022-03-17 13:38:00,VYMI
66.41,66.41,66.41,66.41,600,2022-03-17 13:41:00,VYMI
66.36,66.37,66.36,66.37,1200,2022-03-17 13:42:00,VYMI
66.375,66.375,66.37,66.37,1477,2022-03-17 13:44:00,VYMI
66.37,66.39,66.37,66.3899,2444,2022-03-17 13:45:00,VYMI
66.43,66.5,66.43,66.45,3669,2022-03-17 13:46:00,VYMI
66.41,66.41,66.385,66.39,750,2022-03-17 13:47:00,VYMI
66.43,66.43,66.43,66.43,200,2022-03-17 13:48:00,VYMI
66.41,66.41,66.41,66.41,1003,2022-03-17 13:49:00,VYMI
66.37,66.3799,66.32,66.32,1251,2022-03-17 13:50:00,VYMI
66.31,66.31,66.3,66.3,1350,2022-03-17 13:53:00,VYMI
66.235,66.265,66.235,66.265,2079,2022-03-17 13:54:00,VYMI
66.2752,66.32,66.2752,66.32,350,2022-03-17 13:55:00,VYMI
66.31,66.31,66.3,66.3,200,2022-03-17 13:56:00,VYMI
66.3254,66.37,66.3254,66.37,1919,2022-03-17 13:57:00,VYMI
66.35,66.38,66.34,66.34,300,2022-03-17 13:58:00,VYMI
66.42,66.42,66.42,66.42,200,2022-03-17 13:59:00,VYMI
66.405,66.42,66.405,66.42,300,2022-03-17 14:00:00,VYMI
66.4099,66.41,66.39,66.395,550,2022-03-17 14:01:00,VYMI
66.42,66.42,66.38,66.38,2800,2022-03-17 14:02:00,VYMI
66.38,66.38,66.36,66.38,1548,2022-03-17 14:03:00,VYMI
66.4,66.41,66.4,66.4,700,2022-03-17 14:04:00,VYMI
66.4,66.4328,66.38,66.4328,1049,2022-03-17 14:05:00,VYMI
66.42,66.42,66.42,66.42,200,2022-03-17 14:06:00,VYMI
66.42,66.44,66.42,66.44,700,2022-03-17 14:07:00,VYMI
66.44,66.44,66.415,66.415,3781,2022-03-17 14:08:00,VYMI
66.43,66.45,66.42,66.4444,5745,2022-03-17 14:09:00,VYMI
66.46,66.465,66.46,66.465,902,2022-03-17 14:10:00,VYMI
66.49,66.49,66.49,66.49,100,2022-03-17 14:11:00,VYMI
66.44,66.44,66.43,66.44,5693,2022-03-17 14:12:00,VYMI
66.42,66.44,66.42,66.44,1988,2022-03-17 14:13:00,VYMI
66.45,66.48,66.38,66.39,7916,2022-03-17 14:14:00,VYMI
66.44,66.44,66.42,66.42,400,2022-03-17 14:16:00,VYMI
66.48,66.48,66.4799,66.48,464,2022-03-17 14:18:00,VYMI
66.47,66.47,66.45,66.45,1600,2022-03-17 14:19:00,VYMI
66.445,66.47,66.445,66.45,651,2022-03-17 14:20:00,VYMI
66.51,66.53,66.51,66.53,340,2022-03-17 14:21:00,VYMI
66.51,66.53,66.51,66.515,900,2022-03-17 14:22:00,VYMI
66.52,66.53,66.52,66.53,1550,2022-03-17 14:23:00,VYMI
66.52,66.5293,66.52,66.5293,1750,2022-03-17 14:24:00,VYMI
66.53,66.53,66.5,66.5,3658,2022-03-17 14:25:00,VYMI
66.51,66.51,66.51,66.51,100,2022-03-17 14:26:00,VYMI
66.52,66.52,66.52,66.52,100,2022-03-17 14:27:00,VYMI
66.52,66.54,66.52,66.54,200,2022-03-17 14:28:00,VYMI
66.55,66.55,66.535,66.54,2720,2022-03-17 14:29:00,VYMI
66.54,66.54,66.495,66.495,1981,2022-03-17 14:30:00,VYMI
66.495,66.5,66.49,66.49,1200,2022-03-17 14:31:00,VYMI
66.47,66.47,66.47,66.47,200,2022-03-17 14:32:00,VYMI
66.47,66.48,66.47,66.48,1582,2022-03-17 14:33:00,VYMI
66.5,66.515,66.5,66.515,205,2022-03-17 14:34:00,VYMI
66.5,66.5,66.5,66.5,200,2022-03-17 14:35:00,VYMI
66.48,66.48,66.48,66.48,436,2022-03-17 14:36:00,VYMI
66.475,66.475,66.475,66.475,500,2022-03-17 14:37:00,VYMI
66.48,66.48,66.48,66.48,200,2022-03-17 14:38:00,VYMI
66.51,66.51,66.49,66.5,1055,2022-03-17 14:40:00,VYMI
66.51,66.51,66.48,66.48,1797,2022-03-17 14:41:00,VYMI
66.485,66.485,66.435,66.435,1157,2022-03-17 14:42:00,VYMI
66.45,66.45,66.42,66.42,200,2022-03-17 14:43:00,VYMI
66.46,66.46,66.46,66.46,446,2022-03-17 14:45:00,VYMI
66.46,66.46,66.45,66.45,1100,2022-03-17 14:46:00,VYMI
66.44,66.44,66.4,66.4,532,2022-03-17 14:47:00,VYMI
66.406,66.41,66.35,66.38,1650,2022-03-17 14:48:00,VYMI
66.34,66.34,66.34,66.34,200,2022-03-17 14:49:00,VYMI
66.37,66.37,66.37,66.37,100,2022-03-17 14:50:00,VYMI
66.35,66.369,66.35,66.355,611,2022-03-17 14:51:00,VYMI
66.35,66.35,66.34,66.34,377,2022-03-17 14:53:00,VYMI
66.41,66.41,66.41,66.41,100,2022-03-17 14:56:00,VYMI
66.4,66.4,66.39,66.4,2214,2022-03-17 14:57:00,VYMI
66.41,66.4102,66.41,66.4102,300,2022-03-17 14:58:00,VYMI
66.44,66.44,66.44,66.44,200,2022-03-17 15:00:00,VYMI
66.41,66.419,66.39,66.419,1209,2022-03-17 15:01:00,VYMI
66.46,66.4861,66.4474,66.45,6828,2022-03-17 15:02:00,VYMI
66.45,66.46,66.44,66.46,1215,2022-03-17 15:03:00,VYMI
66.43,66.45,66.43,66.45,500,2022-03-17 15:04:00,VYMI
66.46,66.47,66.46,66.47,500,2022-03-17 15:05:00,VYMI
66.48,66.49,66.48,66.49,300,2022-03-17 15:06:00,VYMI
66.48,66.48,66.48,66.48,300,2022-03-17 15:07:00,VYMI
66.53,66.53,66.5206,66.53,2577,2022-03-17 15:08:00,VYMI
66.52,66.52,66.52,66.52,300,2022-03-17 15:09:00,VYMI
66.5002,66.5002,66.5,66.5,2290,2022-03-17 15:10:00,VYMI
66.46,66.46,66.46,66.46,452,2022-03-17 15:12:00,VYMI
66.43,66.43,66.43,66.43,100,2022-03-17 15:13:00,VYMI
66.45,66.45,66.45,66.45,100,2022-03-17 15:14:00,VYMI
66.47,66.51,66.47,66.49,2000,2022-03-17 15:18:00,VYMI
66.51,66.51,66.5,66.5,900,2022-03-17 15:19:00,VYMI
66.51,66.51,66.505,66.505,200,2022-03-17 15:20:00,VYMI
66.52,66.52,66.52,66.52,200,2022-03-17 15:21:00,VYMI
66.505,66.505,66.5,66.5,374,2022-03-17 15:22:00,VYMI
66.51,66.514,66.51,66.514,990,2022-03-17 15:23:00,VYMI
66.52,66.53,66.52,66.53,200,2022-03-17 15:24:00,VYMI
66.53,66.53,66.52,66.52,200,2022-03-17 15:26:00,VYMI
66.51,66.52,66.51,66.52,300,2022-03-17 15:27:00,VYMI
66.495,66.495,66.48,66.49,1839,2022-03-17 15:28:00,VYMI
66.51,66.51,66.505,66.505,1198,2022-03-17 15:29:00,VYMI
66.5,66.51,66.49,66.51,1300,2022-03-17 15:30:00,VYMI
66.52,66.53,66.52,66.53,300,2022-03-17 15:31:00,VYMI
66.54,66.54,66.54,66.54,400,2022-03-17 15:33:00,VYMI
66.56,66.56,66.55,66.55,1500,2022-03-17 15:35:00,VYMI
66.56,66.56,66.55,66.55,750,2022-03-17 15:36:00,VYMI
66.57,66.57,66.56,66.56,700,2022-03-17 15:37:00,VYMI
66.5897,66.6,66.5897,66.6,1202,2022-03-17 15:38:00,VYMI
66.62,66.62,66.62,66.62,100,2022-03-17 15:39:00,VYMI
66.62,66.62,66.62,66.62,400,2022-03-17 15:40:00,VYMI
66.64,66.64,66.6274,66.64,650,2022-03-17 15:42:00,VYMI
66.63,66.63,66.61,66.61,386,2022-03-17 15:44:00,VYMI
66.63,66.63,66.63,66.63,300,2022-03-17 15:46:00,VYMI
66.62,66.62,66.6042,66.6042,514,2022-03-17 15:47:00,VYMI
66.6,66.6,66.58,66.58,3901,2022-03-17 15:48:00,VYMI
66.57,66.585,66.57,66.57,1864,2022-03-17 15:49:00,VYMI
66.57,66.59,66.57,66.59,1550,2022-03-17 15:50:00,VYMI
66.59,66.62,66.59,66.62,1195,2022-03-17 15:52:00,VYMI
66.62,66.63,66.62,66.63,200,2022-03-17 15:53:00,VYMI
66.65,66.67,66.65,66.67,1001,2022-03-17 15:54:00,VYMI
66.67,66.67,66.67,66.67,600,2022-03-17 15:55:00,VYMI
66.68,66.68,66.6798,66.6798,5100,2022-03-17 15:56:00,VYMI
66.675,66.68,66.662,66.662,6258,2022-03-17 15:57:00,VYMI
66.68,66.68,66.68,66.68,1200,2022-03-17 15:58:00,VYMI
66.6985,66.6985,66.6985,66.6985,300,2022-03-17 15:59:00,VYMI
66.7,66.71,66.7,66.71,600,2022-03-17 16:00:00,VYMI
66.71,66.71,66.71,66.71,341,2022-03-17 16:01:00,VYMI
66.71,66.71,66.69,66.6963,700,2022-03-17 16:02:00,VYMI
66.69,66.69,66.69,66.69,500,2022-03-17 16:03:00,VYMI
66.7027,66.72,66.7027,66.72,500,2022-03-17 16:04:00,VYMI
66.73,66.73,66.73,66.73,200,2022-03-17 16:05:00,VYMI
66.7399,66.7399,66.72,66.72,500,2022-03-17 16:06:00,VYMI
66.7,66.7597,66.7,66.7499,2617,2022-03-17 16:07:00,VYMI
66.77,66.77,66.77,66.77,100,2022-03-17 16:09:00,VYMI
66.77,66.77,66.77,66.77,345,2022-03-17 16:10:00,VYMI
66.7682,66.7682,66.73,66.73,3968,2022-03-17 16:11:00,VYMI
66.73,66.73,66.73,66.73,200,2022-03-17 16:13:00,VYMI
66.72,66.74,66.714,66.74,494,2022-03-17 16:14:00,VYMI
66.72,66.72,66.72,66.72,400,2022-03-17 16:15:00,VYMI
66.74,66.74,66.74,66.74,400,2022-03-17 16:17:00,VYMI
66.7424,66.76,66.7424,66.76,700,2022-03-17 16:18:00,VYMI
66.76,66.77,66.76,66.77,1013,2022-03-17 16:19:00,VYMI
66.799,66.8,66.799,66.7999,12105,2022-03-17 16:20:00,VYMI
66.84,66.84,66.84,66.84,200,2022-03-17 16:21:00,VYMI
66.845,66.85,66.845,66.85,500,2022-03-17 16:23:00,VYMI
66.86,66.86,66.8599,66.8599,4484,2022-03-17 16:25:00,VYMI
66.87,66.87,66.8699,66.8699,3008,2022-03-17 16:26:00,VYMI
66.85,66.85,66.83,66.83,636,2022-03-17 16:27:00,VYMI
66.87,66.87,66.87,66.87,180,2022-03-17 16:28:00,VYMI
66.92,66.94,66.9,66.94,500,2022-03-17 16:29:00,VYMI
66.96,66.98,66.96,66.98,1604,2022-03-17 16:30:00,VYMI
66.96,66.96,66.92,66.92,2719,2022-03-17 16:31:00,VYMI
66.92,66.92,66.91,66.91,300,2022-03-17 16:32:00,VYMI
66.96,66.96,66.96,66.96,100,2022-03-17 16:33:00,VYMI
66.98,66.98,66.98,66.98,100,2022-03-17 16:34:00,VYMI
66.9581,66.9581,66.9581,66.9581,2340,2022-03-17 16:35:00,VYMI
66.935,66.94,66.93,66.93,500,2022-03-17 16:36:00,VYMI
66.94,66.94,66.94,66.94,600,2022-03-17 16:37:00,VYMI
66.92,66.94,66.92,66.94,3457,2022-03-17 16:38:00,VYMI
66.92,66.9204,66.92,66.92,4043,2022-03-17 16:39:00,VYMI
66.93,66.94,66.91,66.92,11529,2022-03-17 16:40:00,VYMI
66.945,66.945,66.92,66.92,1334,2022-03-17 16:41:00,VYMI
66.93,66.93,66.93,66.93,168,2022-03-17 16:42:00,VYMI
66.9331,66.9331,66.9331,66.9331,154,2022-03-17 16:43:00,VYMI
66.93,66.98,66.93,66.98,300,2022-03-17 16:44:00,VYMI
66.94,66.94,66.94,66.94,310,2022-03-17 16:45:00,VYMI
66.97,66.97,66.97,66.97,300,2022-03-17 16:46:00,VYMI
66.97,66.9986,66.97,66.9986,450,2022-03-17 16:47:00,VYMI
66.989,66.99,66.989,66.9899,1070,2022-03-17 16:49:00,VYMI
66.99,66.99,66.975,66.99,1050,2022-03-17 16:50:00,VYMI
66.99,66.99,66.99,66.99,300,2022-03-17 16:51:00,VYMI
67.0,67.0,66.97,66.97,300,2022-03-17 16:52:00,VYMI
66.9989,66.9989,66.97,66.97,2809,2022-03-17 16:53:00,VYMI
66.98,66.98,66.97,66.97,500,2022-03-17 16:54:00,VYMI
66.975,66.98,66.97,66.98,2540,2022-03-17 16:55:00,VYMI
66.975,66.99,66.975,66.99,284,2022-03-17 16:57:00,VYMI
67.01,67.01,67.01,67.01,100,2022-03-17 16:58:00,VYMI
67.02,67.02,67.01,67.01,200,2022-03-17 16:59:00,VYMI
67.01,67.01,67.0,67.01,600,2022-03-17 17:00:00,VYMI
67.0,67.0,66.99,66.99,710,2022-03-17 17:01:00,VYMI
66.99,66.99,66.975,66.975,1249,2022-03-17 17:02:00,VYMI
66.98,66.98,66.9758,66.9758,563,2022-03-17 17:03:00,VYMI
66.98,66.98,66.98,66.98,100,2022-03-17 17:04:00,VYMI
66.98,67.0,66.977,67.0,1200,2022-03-17 17:05:00,VYMI
66.98,66.98,66.98,66.98,300,2022-03-17 17:06:00,VYMI
66.98,66.9839,66.98,66.9839,600,2022-03-17 17:07:00,VYMI
67.01,67.01,66.98,66.9897,960,2022-03-17 17:09:00,VYMI
66.98,66.98,66.98,66.98,400,2022-03-17 17:10:00,VYMI
66.985,66.99,66.9732,66.99,1850,2022-03-17 17:11:00,VYMI
66.98,66.98,66.96,66.96,850,2022-03-17 17:12:00,VYMI
66.92,66.92,66.92,66.92,300,2022-03-17 17:13:00,VYMI
66.949,66.95,66.946,66.95,3034,2022-03-17 17:15:00,VYMI
66.95,66.96,66.95,66.9599,1000,2022-03-17 17:17:00,VYMI
66.96,66.97,66.96,66.97,300,2022-03-17 17:18:00,VYMI
66.985,66.985,66.985,66.985,700,2022-03-17 17:19:00,VYMI
66.99,66.99,66.99,66.99,505,2022-03-17 17:20:00,VYMI
67.04,67.05,67.04,67.05,200,2022-03-17 17:22:00,VYMI
67.04,67.04,67.03,67.03,771,2022-03-17 17:23:00,VYMI
67.035,67.05,67.035,67.05,431,2022-03-17 17:24:00,VYMI
67.0396,67.0396,67.0396,67.0396,458,2022-03-17 17:25:00,VYMI
67.04,67.06,67.04,67.06,1307,2022-03-17 17:26:00,VYMI
67.08,67.09,67.07,67.0899,1289,2022-03-17 17:28:00,VYMI
67.06,67.07,67.06,67.07,600,2022-03-17 17:29:00,VYMI
67.079,67.08,67.0717,67.08,444,2022-03-17 17:32:00,VYMI
67.08,67.08,67.08,67.08,100,2022-03-17 17:34:00,VYMI
67.09,67.11,67.09,67.11,828,2022-03-17 17:35:00,VYMI
67.1,67.11,67.0999,67.0999,1332,2022-03-17 17:36:00,VYMI
67.08,67.08,67.07,67.07,300,2022-03-17 17:37:00,VYMI
67.06,67.06,67.06,67.06,100,2022-03-17 17:39:00,VYMI
67.06,67.1,67.06,67.1,2556,2022-03-17 17:40:00,VYMI
67.1,67.11,67.0999,67.0999,400,2022-03-17 17:41:00,VYMI
67.12,67.12,67.112,67.112,325,2022-03-17 17:43:00,VYMI
67.14,67.14,67.14,67.14,521,2022-03-17 17:44:00,VYMI
67.12,67.13,67.12,67.13,200,2022-03-17 17:45:00,VYMI
67.12,67.12,67.12,67.12,119,2022-03-17 17:47:00,VYMI
67.115,67.115,67.115,67.115,100,2022-03-17 17:48:00,VYMI
67.13,67.13,67.13,67.13,100,2022-03-17 17:50:00,VYMI
67.13,67.16,67.13,67.16,3233,2022-03-17 17:51:00,VYMI
67.13,67.13,67.13,67.13,100,2022-03-17 17:52:00,VYMI
67.14,67.14,67.12,67.12,600,2022-03-17 17:54:00,VYMI
67.12,67.12,67.12,67.12,100,2022-03-17 17:55:00,VYMI
67.146,67.15,67.146,67.15,650,2022-03-17 17:56:00,VYMI
67.14,67.14,67.14,67.14,5000,2022-03-17 17:58:00,VYMI
67.14,67.14,67.14,67.14,100,2022-03-17 17:59:00,VYMI
67.1298,67.13,67.12,67.12,931,2022-03-17 18:00:00,VYMI
67.105,67.105,67.105,67.105,750,2022-03-17 18:01:00,VYMI
67.1,67.1,67.07,67.07,2750,2022-03-17 18:02:00,VYMI
67.07,67.07,67.07,67.07,198,2022-03-17 18:03:00,VYMI
67.0584,67.08,67.0584,67.0796,5733,2022-03-17 18:04:00,VYMI
67.08,67.08,67.08,67.08,100,2022-03-17 18:05:00,VYMI
67.07,67.07,67.07,67.07,1128,2022-03-17 18:06:00,VYMI
67.09,67.09,67.0899,67.0899,596,2022-03-17 18:07:00,VYMI
67.09,67.09,67.09,67.09,800,2022-03-17 18:08:00,VYMI
67.1,67.1,67.09,67.09,1517,2022-03-17 18:09:00,VYMI
67.0964,67.0964,67.07,67.07,4796,2022-03-17 18:10:00,VYMI
67.0784,67.0784,67.05,67.0628,1845,2022-03-17 18:11:00,VYMI
67.05,67.05,67.004,67.025,632,2022-03-17 18:12:00,VYMI
67.07,67.07,67.07,67.07,100,2022-03-17 18:14:00,VYMI
67.0593,67.0593,67.0593,67.0593,1000,2022-03-17 18:18:00,VYMI
67.045,67.045,67.045,67.045,300,2022-03-17 18:19:00,VYMI
67.06,67.06,67.06,67.06,100,2022-03-17 18:20:00,VYMI
67.06,67.06,67.06,67.06,100,2022-03-17 18:22:00,VYMI
67.05,67.05,67.03,67.036,2425,2022-03-17 18:23:00,VYMI
67.03,67.03,67.01,67.01,1379,2022-03-17 18:24:00,VYMI
66.98,66.99,66.98,66.99,415,2022-03-17 18:25:00,VYMI
66.97,66.97,66.97,66.97,110,2022-03-17 18:26:00,VYMI
66.99,66.99,66.99,66.99,100,2022-03-17 18:28:00,VYMI
66.96,66.96,66.93,66.93,600,2022-03-17 18:29:00,VYMI
66.94,66.94,66.91,66.91,2300,2022-03-17 18:30:00,VYMI
66.93,66.96,66.93,66.95,700,2022-03-17 18:31:00,VYMI
66.97,66.97,66.97,66.97,100,2022-03-17 18:34:00,VYMI
66.98,66.99,66.98,66.99,2669,2022-03-17 18:37:00,VYMI
66.9628,66.97,66.955,66.955,1000,2022-03-17 18:39:00,VYMI
66.95,66.95,66.94,66.94,500,2022-03-17 18:40:00,VYMI
66.95,66.95,66.93,66.95,344,2022-03-17 18:43:00,VYMI
66.9618,66.9618,66.9618,66.9618,5500,2022-03-17 18:45:00,VYMI
66.977,66.977,66.977,66.977,100,2022-03-17 18:47:00,VYMI
66.98,66.99,66.98,66.99,600,2022-03-17 18:48:00,VYMI
67.01,67.01,67.01,67.01,100,2022-03-17 18:49:00,VYMI
67.01,67.0116,67.01,67.0116,350,2022-03-17 18:50:00,VYMI
67.0,67.005,66.995,66.995,1178,2022-03-17 18:51:00,VYMI
66.995,66.9964,66.99,66.995,3708,2022-03-17 18:52:00,VYMI
67.0,67.0,66.99,66.99,320,2022-03-17 18:53:00,VYMI
67.0,67.0,67.0,67.0,318,2022-03-17 18:54:00,VYMI
67.01,67.01,66.9789,66.9789,554,2022-03-17 18:55:00,VYMI
66.99,66.99,66.99,66.99,200,2022-03-17 18:56:00,VYMI
67.005,67.005,67.005,67.005,250,2022-03-17 18:57:00,VYMI
67.01,67.01,67.0,67.0,900,2022-03-17 18:58:00,VYMI
67.02,67.02,66.9912,66.9912,532,2022-03-17 18:59:00,VYMI
67.0,67.0,66.99,66.99,350,2022-03-17 19:00:00,VYMI
66.9995,67.0,66.999,66.999,1314,2022-03-17 19:02:00,VYMI
67.0,67.01,66.9933,67.005,5872,2022-03-17 19:03:00,VYMI
67.01,67.01,67.0,67.0,500,2022-03-17 19:05:00,VYMI
66.995,66.995,66.98,66.9856,3670,2022-03-17 19:06:00,VYMI
66.97,66.97,66.97,66.97,200,2022-03-17 19:07:00,VYMI
66.936,66.94,66.936,66.9399,400,2022-03-17 19:09:00,VYMI
66.9,66.9,66.9,66.9,300,2022-03-17 19:10:00,VYMI
66.895,66.895,66.8598,66.8598,6811,2022-03-17 19:11:00,VYMI
66.85,66.87,66.85,66.87,1950,2022-03-17 19:12:00,VYMI
66.86,66.86,66.86,66.86,100,2022-03-17 19:13:00,VYMI
66.88,66.91,66.88,66.8947,632,2022-03-17 19:14:00,VYMI
66.9019,66.9019,66.9019,66.9019,747,2022-03-17 19:15:00,VYMI
66.95,66.95,66.95,66.95,100,2022-03-17 19:16:00,VYMI
66.92,66.935,66.92,66.935,300,2022-03-17 19:17:00,VYMI
66.9257,66.94,66.9257,66.94,1536,2022-03-17 19:18:00,VYMI
66.965,66.965,66.965,66.965,100,2022-03-17 19:19:00,VYMI
66.95,66.96,66.945,66.95,719,2022-03-17 19:20:00,VYMI
66.945,66.945,66.945,66.945,798,2022-03-17 19:21:00,VYMI
66.94,66.94,66.94,66.94,200,2022-03-17 19:22:00,VYMI
66.93,66.93,66.92,66.92,200,2022-03-17 19:23:00,VYMI
66.92,66.92,66.92,66.92,100,2022-03-17 19:24:00,VYMI
66.93,66.93,66.93,66.93,200,2022-03-17 19:25:00,VYMI
66.95,66.95,66.93,66.93,280,2022-03-17 19:26:00,VYMI
66.95,66.96,66.95,66.96,930,2022-03-17 19:27:00,VYMI
66.97,66.97,66.97,66.97,100,2022-03-17 19:28:00,VYMI
66.97,66.97,66.97,66.97,200,2022-03-17 19:29:00,VYMI
66.98,66.98,66.97,66.97,1000,2022-03-17 19:30:00,VYMI
66.97,66.97,66.97,66.97,100,2022-03-17 19:32:00,VYMI
66.97,66.97,66.97,66.97,100,2022-03-17 19:33:00,VYMI
66.98,66.98,66.98,66.98,200,2022-03-17 19:34:00,VYMI
66.98,66.98,66.98,66.98,300,2022-03-17 19:35:00,VYMI
66.98,66.98,66.98,66.98,100,2022-03-17 19:36:00,VYMI
66.98,66.98,66.9701,66.9701,1300,2022-03-17 19:37:00,VYMI
67.0,67.0,66.99,66.99,1384,2022-03-17 19:38:00,VYMI
66.98,66.9928,66.97,66.97,400,2022-03-17 19:39:00,VYMI
66.99,66.99,66.99,66.99,100,2022-03-17 19:40:00,VYMI
66.99,67.03,66.99,67.02,771,2022-03-17 19:41:00,VYMI
67.06,67.07,67.06,67.07,300,2022-03-17 19:42:00,VYMI
67.055,67.06,67.04,67.045,912,2022-03-17 19:43:00,VYMI
67.045,67.05,67.045,67.05,4569,2022-03-17 19:44:00,VYMI
67.04,67.048,67.03,67.04,4448,2022-03-17 19:45:00,VYMI
67.04,67.04,67.04,67.04,300,2022-03-17 19:46:00,VYMI
67.0396,67.06,67.038,67.06,5427,2022-03-17 19:47:00,VYMI
67.04,67.06,67.04,67.06,606,2022-03-17 19:48:00,VYMI
67.05,67.05,67.01,67.03,8011,2022-03-17 19:49:00,VYMI
67.005,67.01,66.99,66.99,1150,2022-03-17 19:50:00,VYMI
66.9799,66.9799,66.94,66.94,1189,2022-03-17 19:52:00,VYMI
66.92,66.93,66.92,66.93,700,2022-03-17 19:53:00,VYMI
66.93,66.94,66.91,66.94,762,2022-03-17 19:54:00,VYMI
66.96,66.96,66.96,66.96,821,2022-03-17 19:55:00,VYMI
66.95,66.95,66.95,66.95,200,2022-03-17 19:56:00,VYMI
66.95,66.96,66.95,66.96,400,2022-03-17 19:57:00,VYMI
66.955,66.985,66.955,66.985,400,2022-03-17 19:58:00,VYMI
66.97,67.1,66.97,67.1,4915,2022-03-17 19:59:00,VYMI
67.02,67.02,67.02,67.02,121,2022-03-17 20:00:00,VYMI
66.71,66.71,66.62,66.62,14624,2022-03-18 13:30:00,VYMI
66.615,66.648,66.615,66.648,800,2022-03-18 13:31:00,VYMI
66.595,66.615,66.595,66.615,1265,2022-03-18 13:32:00,VYMI
66.55,66.5557,66.55,66.5557,342,2022-03-18 13:34:00,VYMI
66.64,66.64,66.64,66.64,200,2022-03-18 13:35:00,VYMI
66.65,66.65,66.65,66.65,380,2022-03-18 13:37:00,VYMI
66.6893,66.6893,66.65,66.6854,1229,2022-03-18 13:38:00,VYMI
66.6554,66.6554,66.6554,66.6554,142,2022-03-18 13:39:00,VYMI
66.7094,66.7094,66.685,66.7,611,2022-03-18 13:41:00,VYMI
66.71,66.73,66.71,66.7137,500,2022-03-18 13:43:00,VYMI
66.74,66.8,66.738,66.738,1300,2022-03-18 13:45:00,VYMI
66.73,66.73,66.73,66.73,100,2022-03-18 13:46:00,VYMI
66.8,66.8,66.8,66.8,428,2022-03-18 13:50:00,VYMI
66.78,66.79,66.78,66.79,757,2022-03-18 13:51:00,VYMI
66.76,66.7786,66.76,66.7786,635,2022-03-18 13:52:00,VYMI
66.76,66.76,66.7456,66.7456,1802,2022-03-18 13:53:00,VYMI
66.778,66.778,66.77,66.77,500,2022-03-18 13:55:00,VYMI
66.77,66.77,66.77,66.77,300,2022-03-18 13:56:00,VYMI
66.7699,66.7699,66.7699,66.7699,258,2022-03-18 13:57:00,VYMI
66.78,66.78,66.7791,66.7791,450,2022-03-18 13:58:00,VYMI
66.8,66.81,66.8,66.81,628,2022-03-18 13:59:00,VYMI
66.79,66.79,66.79,66.79,450,2022-03-18 14:00:00,VYMI
66.86,66.86,66.86,66.86,100,2022-03-18 14:02:00,VYMI
66.8823,66.8823,66.8823,66.8823,225,2022-03-18 14:03:00,VYMI
66.928,66.928,66.919,66.919,300,2022-03-18 14:04:00,VYMI
66.92,66.92,66.92,66.92,250,2022-03-18 14:05:00,VYMI
66.955,66.955,66.955,66.955,300,2022-03-18 14:08:00,VYMI
66.96,66.96,66.96,66.96,150,2022-03-18 14:09:00,VYMI
67.0,67.0,67.0,67.0,200,2022-03-18 14:10:00,VYMI
67.0,67.0,66.98,66.99,478,2022-03-18 14:11:00,VYMI
66.97,66.97,66.97,66.97,100,2022-03-18 14:14:00,VYMI
66.92,66.92,66.92,66.92,1150,2022-03-18 14:16:00,VYMI
66.875,66.875,66.875,66.875,149,2022-03-18 14:19:00,VYMI
66.85,66.87,66.85,66.87,475,2022-03-18 14:20:00,VYMI
66.85,66.85,66.85,66.85,106,2022-03-18 14:21:00,VYMI
66.87,66.9,66.87,66.898,1250,2022-03-18 14:22:00,VYMI
66.89,66.89,66.89,66.89,100,2022-03-18 14:23:00,VYMI
66.88,66.88,66.88,66.88,149,2022-03-18 14:25:00,VYMI
66.86,66.86,66.86,66.86,423,2022-03-18 14:26:00,VYMI
66.8646,66.8747,66.8646,66.8747,2328,2022-03-18 14:27:00,VYMI
66.86,66.86,66.86,66.86,188,2022-03-18 14:29:00,VYMI
66.86,66.86,66.842,66.842,1258,2022-03-18 14:30:00,VYMI
66.8436,66.865,66.8436,66.865,739,2022-03-18 14:33:00,VYMI
66.851,66.851,66.851,66.851,250,2022-03-18 14:36:00,VYMI
66.84,66.84,66.84,66.84,200,2022-03-18 14:37:00,VYMI
66.84,66.8553,66.84,66.8553,474,2022-03-18 14:38:00,VYMI
66.845,66.845,66.845,66.845,300,2022-03-18 14:39:00,VYMI
66.825,66.859,66.825,66.859,1525,2022-03-18 14:40:00,VYMI
66.88,66.88,66.88,66.88,200,2022-03-18 14:42:00,VYMI
66.9157,66.9157,66.9157,66.9157,119,2022-03-18 14:44:00,VYMI
66.94,66.96,66.94,66.9408,6011,2022-03-18 14:47:00,VYMI
66.97,66.97,66.97,66.97,400,2022-03-18 14:48:00,VYMI
66.97,66.97,66.94,66.94,645,2022-03-18 14:49:00,VYMI
66.92,66.92,66.92,66.92,223,2022-03-18 14:51:00,VYMI
66.9755,66.9755,66.9755,66.9755,101,2022-03-18 14:56:00,VYMI
66.96,66.96,66.96,66.96,100,2022-03-18 14:58:00,VYMI
67.005,67.005,67.005,67.005,100,2022-03-18 15:02:00,VYMI
67.0,67.0,67.0,67.0,224,2022-03-18 15:04:00,VYMI
67.0267,67.0267,67.0267,67.0267,716,2022-03-18 15:05:00,VYMI
67.03,67.03,67.03,67.03,150,2022-03-18 15:06:00,VYMI
67.01,67.035,67.01,67.035,349,2022-03-18 15:07:00,VYMI
67.0744,67.0744,67.0744,67.0744,122,2022-03-18 15:08:00,VYMI
67.0057,67.0586,67.0057,67.0586,1200,2022-03-18 15:09:00,VYMI
67.025,67.025,67.025,67.025,200,2022-03-18 15:12:00,VYMI
67.01,67.01,67.01,67.01,237,2022-03-18 15:16:00,VYMI
67.0165,67.0165,67.0165,67.0165,225,2022-03-18 15:17:00,VYMI
67.015,67.015,67.015,67.015,2000,2022-03-18 15:18:00,VYMI
67.02,67.02,67.02,67.02,200,2022-03-18 15:19:00,VYMI
67.01,67.01,67.01,67.01,200,2022-03-18 15:20:00,VYMI
66.9989,66.9989,66.96,66.96,793,2022-03-18 15:21:00,VYMI
66.93,66.93,66.93,66.93,200,2022-03-18 15:22:00,VYMI
66.9663,66.9663,66.9663,66.9663,375,2022-03-18 15:23:00,VYMI
66.9134,66.9134,66.9134,66.9134,150,2022-03-18 15:25:00,VYMI
66.94,66.94,66.94,66.94,334,2022-03-18 15:29:00,VYMI
66.945,66.97,66.945,66.97,200,2022-03-18 15:30:00,VYMI
66.9776,66.9776,66.9776,66.9776,445,2022-03-18 15:33:00,VYMI
66.97,66.98,66.97,66.98,400,2022-03-18 15:34:00,VYMI
67.0,67.01,66.99,67.01,1007,2022-03-18 15:35:00,VYMI
67.01,67.05,67.0,67.05,1768,2022-03-18 15:36:00,VYMI
67.08,67.098,67.065,67.098,2071,2022-03-18 15:37:00,VYMI
67.1099,67.1099,67.085,67.085,220,2022-03-18 15:38:00,VYMI
67.06,67.06,67.05,67.05,404,2022-03-18 15:39:00,VYMI
67.04,67.04,67.03,67.03,200,2022-03-18 15:40:00,VYMI
67.0552,67.0552,67.0552,67.0552,267,2022-03-18 15:41:00,VYMI
67.02,67.02,67.02,67.02,153,2022-03-18 15:42:00,VYMI
67.0295,67.03,67.02,67.02,486,2022-03-18 15:43:00,VYMI
67.0557,67.0557,67.0557,67.0557,350,2022-03-18 15:45:00,VYMI
67.02,67.03,67.02,67.03,450,2022-03-18 15:48:00,VYMI
67.09,67.09,67.065,67.07,500,2022-03-18 15:51:00,VYMI
67.08,67.1084,67.06,67.06,1059,2022-03-18 15:54:00,VYMI
67.076,67.076,67.076,67.076,120,2022-03-18 15:55:00,VYMI
67.09,67.09,67.09,67.09,400,2022-03-18 15:57:00,VYMI
67.1,67.1,67.075,67.1,350,2022-03-18 15:58:00,VYMI
67.09,67.09,67.07,67.07,10850,2022-03-18 15:59:00,VYMI
67.08,67.08,67.05,67.05,635,2022-03-18 16:00:00,VYMI
67.056,67.09,67.056,67.0899,924,2022-03-18 16:01:00,VYMI
67.06,67.08,67.06,67.06,1487,2022-03-18 16:02:00,VYMI
67.07,67.07,67.07,67.07,406,2022-03-18 16:04:00,VYMI
67.08,67.08,67.08,67.08,500,2022-03-18 16:05:00,VYMI
67.12,67.12,67.12,67.12,300,2022-03-18 16:08:00,VYMI
67.16,67.169,67.1583,67.1583,1150,2022-03-18 16:11:00,VYMI
67.17,67.175,67.17,67.175,200,2022-03-18 16:12:00,VYMI
67.1782,67.1782,67.1782,67.1782,517,2022-03-18 16:14:00,VYMI
67.1983,67.21,67.1983,67.21,1670,2022-03-18 16:17:00,VYMI
67.22,67.22,67.22,67.22,100,2022-03-18 16:18:00,VYMI
67.17,67.17,67.17,67.17,100,2022-03-18 16:19:00,VYMI
67.19,67.19,67.19,67.19,1200,2022-03-18 16:21:00,VYMI
67.2,67.2,67.176,67.176,5907,2022-03-18 16:22:00,VYMI
67.185,67.185,67.17,67.17,600,2022-03-18 16:24:00,VYMI
67.195,67.22,67.195,67.22,1013,2022-03-18 16:27:00,VYMI
67.195,67.195,67.19,67.19,300,2022-03-18 16:28:00,VYMI
67.2,67.2176,67.2,67.205,1951,2022-03-18 16:29:00,VYMI
67.22,67.22,67.22,67.22,100,2022-03-18 16:30:00,VYMI
67.23,67.23,67.23,67.23,100,2022-03-18 16:31:00,VYMI
67.22,67.22,67.22,67.22,396,2022-03-18 16:32:00,VYMI
67.245,67.27,67.245,67.27,2100,2022-03-18 16:34:00,VYMI
67.3,67.3459,67.3,67.32,936,2022-03-18 16:35:00,VYMI
67.33,67.33,67.31,67.31,3505,2022-03-18 16:36:00,VYMI
67.3368,67.345,67.3368,67.345,643,2022-03-18 16:39:00,VYMI
67.355,67.355,67.355,67.355,150,2022-03-18 16:40:00,VYMI
67.4057,67.4057,67.3638,67.4,973,2022-03-18 16:41:00,VYMI
67.38,67.38,67.38,67.38,150,2022-03-18 16:43:00,VYMI
67.3736,67.3736,67.3736,67.3736,724,2022-03-18 16:44:00,VYMI
67.33,67.33,67.33,67.33,100,2022-03-18 16:46:00,VYMI
67.32,67.32,67.32,67.32,100,2022-03-18 16:47:00,VYMI
67.325,67.325,67.31,67.31,350,2022-03-18 16:48:00,VYMI
67.3594,67.3594,67.3594,67.3594,298,2022-03-18 16:51:00,VYMI
67.35,67.35,67.35,67.35,300,2022-03-18 16:52:00,VYMI
67.35,67.35,67.35,67.35,100,2022-03-18 16:53:00,VYMI
67.3752,67.3752,67.3752,67.3752,150,2022-03-18 16:54:00,VYMI
67.37,67.37,67.35,67.35,1200,2022-03-18 16:55:00,VYMI
67.3696,67.37,67.35,67.37,1182,2022-03-18 16:56:00,VYMI
67.35,67.35,67.35,67.35,1153,2022-03-18 16:57:00,VYMI
67.33,67.33,67.33,67.33,147,2022-03-18 16:58:00,VYMI
67.3556,67.3556,67.33,67.345,3148,2022-03-18 16:59:00,VYMI
67.345,67.345,67.345,67.345,100,2022-03-18 17:01:00,VYMI
67.35,67.35,67.33,67.3489,3440,2022-03-18 17:02:00,VYMI
67.32,67.32,67.31,67.31,400,2022-03-18 17:03:00,VYMI
67.31,67.31,67.31,67.31,116,2022-03-18 17:05:00,VYMI
67.38,67.38,67.38,67.38,117,2022-03-18 17:08:00,VYMI
67.39,67.39,67.39,67.39,100,2022-03-18 17:09:00,VYMI
67.3786,67.384,67.36,67.36,823,2022-03-18 17:10:00,VYMI
67.3865,67.3865,67.37,67.38,348,2022-03-18 17:12:00,VYMI
67.36,67.36,67.36,67.36,333,2022-03-18 17:13:00,VYMI
67.36,67.36,67.36,67.36,100,2022-03-18 17:14:00,VYMI
67.33,67.33,67.33,67.33,100,2022-03-18 17:15:00,VYMI
67.36,67.36,67.36,67.36,100,2022-03-18 17:16:00,VYMI
67.37,67.37,67.37,67.37,100,2022-03-18 17:18:00,VYMI
67.37,67.37,67.36,67.36,200,2022-03-18 17:19:00,VYMI
67.36,67.36,67.36,67.36,100,2022-03-18 17:20:00,VYMI
67.4,67.4,67.4,67.4,100,2022-03-18 17:23:00,VYMI
67.43,67.43,67.43,67.43,300,2022-03-18 17:25:00,VYMI
67.4103,67.4103,67.41,67.41,275,2022-03-18 17:27:00,VYMI
67.44,67.44,67.44,67.44,300,2022-03-18 17:28:00,VYMI
67.44,67.459,67.44,67.459,382,2022-03-18 17:29:00,VYMI
67.4465,67.4465,67.4465,67.4465,470,2022-03-18 17:31:00,VYMI
67.4197,67.4197,67.4197,67.4197,4000,2022-03-18 17:32:00,VYMI
67.41,67.43,67.41,67.43,1322,2022-03-18 17:33:00,VYMI
67.42,67.42,67.42,67.42,3000,2022-03-18 17:34:00,VYMI
67.45,67.46,67.43,67.43,546,2022-03-18 17:35:00,VYMI
67.45,67.45,67.4058,67.4267,1167,2022-03-18 17:36:00,VYMI
67.43,67.43,67.43,67.43,300,2022-03-18 17:37:00,VYMI
67.435,67.435,67.435,67.435,100,2022-03-18 17:38:00,VYMI
67.43,67.43,67.43,67.43,100,2022-03-18 17:40:00,VYMI
67.425,67.425,67.425,67.425,100,2022-03-18 17:42:00,VYMI
67.425,67.425,67.41,67.42,560,2022-03-18 17:43:00,VYMI
67.42,67.42,67.41,67.41,600,2022-03-18 17:44:00,VYMI
67.4183,67.4183,67.4029,67.415,634,2022-03-18 17:45:00,VYMI
67.4285,67.43,67.4285,67.43,345,2022-03-18 17:46:00,VYMI
67.44,67.44,67.44,67.44,100,2022-03-18 17:48:00,VYMI
67.41,67.41,67.41,67.41,100,2022-03-18 17:49:00,VYMI
67.435,67.435,67.435,67.435,100,2022-03-18 17:51:00,VYMI
67.435,67.45,67.435,67.44,1200,2022-03-18 17:52:00,VYMI
67.4452,67.4452,67.4452,67.4452,450,2022-03-18 17:54:00,VYMI
67.45,67.45,67.4392,67.4392,413,2022-03-18 17:55:00,VYMI
67.44,67.44,67.44,67.44,400,2022-03-18 17:56:00,VYMI
67.46,67.46,67.45,67.45,1850,2022-03-18 17:57:00,VYMI
67.46,67.46,67.4,67.4,1137,2022-03-18 17:58:00,VYMI
67.39,67.44,67.39,67.44,568,2022-03-18 17:59:00,VYMI
67.439,67.44,67.4148,67.44,833,2022-03-18 18:02:00,VYMI
67.439,67.44,67.42,67.42,1542,2022-03-18 18:03:00,VYMI
67.4,67.4,67.4,67.4,100,2022-03-18 18:05:00,VYMI
67.4,67.4,67.4,67.4,100,2022-03-18 18:06:00,VYMI
67.39,67.39,67.38,67.38,200,2022-03-18 18:07:00,VYMI
67.39,67.394,67.35,67.35,4477,2022-03-18 18:08:00,VYMI
67.3431,67.3431,67.3431,67.3431,100,2022-03-18 18:09:00,VYMI
67.37,67.39,67.355,67.3684,21698,2022-03-18 18:10:00,VYMI
67.37,67.4,67.37,67.39,46775,2022-03-18 18:11:00,VYMI
67.385,67.4,67.38,67.4,21019,2022-03-18 18:12:00,VYMI
67.42,67.42,67.42,67.42,100,2022-03-18 18:13:00,VYMI
67.41,67.43,67.4,67.4,3040,2022-03-18 18:14:00,VYMI
67.42,67.4499,67.42,67.441,9079,2022-03-18 18:15:00,VYMI
67.44,67.45,67.42,67.45,900,2022-03-18 18:16:00,VYMI
67.45,67.45,67.44,67.44,2424,2022-03-18 18:17:00,VYMI
67.45,67.45,67.42,67.43,3015,2022-03-18 18:18:00,VYMI
67.43,67.43,67.43,67.43,500,2022-03-18 18:19:00,VYMI
67.415,67.415,67.415,67.415,100,2022-03-18 18:20:00,VYMI
67.39,67.4158,67.35,67.385,1001,2022-03-18 18:21:00,VYMI
67.406,67.4087,67.406,67.4087,417,2022-03-18 18:23:00,VYMI
67.382,67.382,67.382,67.382,200,2022-03-18 18:25:00,VYMI
67.37,67.37,67.37,67.37,100,2022-03-18 18:26:00,VYMI
67.365,67.365,67.365,67.365,185,2022-03-18 18:28:00,VYMI
67.37,67.37,67.37,67.37,300,2022-03-18 18:30:00,VYMI
67.38,67.385,67.38,67.38,475,2022-03-18 18:31:00,VYMI
67.37,67.37,67.37,67.37,191,2022-03-18 18:32:00,VYMI
67.35,67.35,67.35,67.35,150,2022-03-18 18:34:00,VYMI
67.39,67.4,67.39,67.4,396,2022-03-18 18:35:00,VYMI
67.402,67.42,67.402,67.42,479,2022-03-18 18:36:00,VYMI
67.44,67.449,67.44,67.449,334,2022-03-18 18:37:00,VYMI
67.44,67.44,67.44,67.44,200,2022-03-18 18:38:00,VYMI
67.445,67.445,67.445,67.445,200,2022-03-18 18:39:00,VYMI
67.44,67.44,67.42,67.42,1313,2022-03-18 18:40:00,VYMI
67.4,67.43,67.4,67.4,2383,2022-03-18 18:41:00,VYMI
67.41,67.41,67.38,67.38,872,2022-03-18 18:42:00,VYMI
67.385,67.385,67.385,67.385,100,2022-03-18 18:43:00,VYMI
67.3699,67.3699,67.3699,67.3699,1245,2022-03-18 18:47:00,VYMI
67.42,67.42,67.42,67.42,100,2022-03-18 18:48:00,VYMI
67.422,67.44,67.422,67.44,622,2022-03-18 18:49:00,VYMI
67.44,67.44,67.4382,67.4382,1140,2022-03-18 18:50:00,VYMI
67.46,67.46,67.445,67.445,940,2022-03-18 18:51:00,VYMI
67.45,67.45,67.44,67.44,484,2022-03-18 18:52:00,VYMI
67.44,67.44,67.44,67.44,300,2022-03-18 18:53:00,VYMI
67.43,67.43,67.4156,67.4156,434,2022-03-18 18:55:00,VYMI
67.41,67.44,67.41,67.44,800,2022-03-18 18:56:00,VYMI
67.41,67.4268,67.41,67.4268,2850,2022-03-18 18:57:00,VYMI
67.41,67.41,67.41,67.41,205,2022-03-18 18:58:00,VYMI
67.416,67.45,67.416,67.45,1025,2022-03-18 18:59:00,VYMI
67.45,67.47,67.45,67.47,400,2022-03-18 19:00:00,VYMI
67.48,67.48,67.47,67.48,3498,2022-03-18 19:01:00,VYMI
67.48,67.49,67.48,67.49,400,2022-03-18 19:02:00,VYMI
67.4958,67.4958,67.475,67.48,685,2022-03-18 19:03:00,VYMI
67.49,67.49,67.49,67.49,100,2022-03-18 19:05:00,VYMI
67.49,67.49,67.49,67.49,100,2022-03-18 19:07:00,VYMI
67.51,67.51,67.51,67.51,100,2022-03-18 19:08:00,VYMI
67.52,67.52,67.51,67.51,250,2022-03-18 19:10:00,VYMI
67.5,67.509,67.5,67.509,823,2022-03-18 19:12:00,VYMI
67.505,67.51,67.505,67.51,500,2022-03-18 19:13:00,VYMI
67.5,67.51,67.5,67.51,4100,2022-03-18 19:14:00,VYMI
67.5282,67.5282,67.5,67.5,1244,2022-03-18 19:15:00,VYMI
67.51,67.52,67.51,67.51,2100,2022-03-18 19:16:00,VYMI
67.52,67.52,67.51,67.51,200,2022-03-18 19:17:00,VYMI
67.5,67.5191,67.5,67.5178,1645,2022-03-18 19:18:00,VYMI
67.51,67.52,67.51,67.52,500,2022-03-18 19:19:00,VYMI
67.525,67.525,67.525,67.525,150,2022-03-18 19:20:00,VYMI
67.54,67.54,67.535,67.535,500,2022-03-18 19:23:00,VYMI
67.54,67.54,67.53,67.54,414,2022-03-18 19:24:00,VYMI
67.54,67.55,67.54,67.55,2250,2022-03-18 19:25:00,VYMI
67.55,67.55,67.46,67.49,21592,2022-03-18 19:27:00,VYMI
67.525,67.55,67.525,67.55,1145,2022-03-18 19:28:00,VYMI
67.52,67.54,67.52,67.535,1500,2022-03-18 19:29:00,VYMI
67.535,67.535,67.535,67.535,150,2022-03-18 19:30:00,VYMI
67.5796,67.5796,67.5796,67.5796,700,2022-03-18 19:32:00,VYMI
67.55,67.58,67.55,67.5702,1676,2022-03-18 19:33:00,VYMI
67.565,67.58,67.565,67.578,1420,2022-03-18 19:34:00,VYMI
67.57,67.57,67.56,67.57,976,2022-03-18 19:35:00,VYMI
67.53,67.53,67.5,67.5,500,2022-03-18 19:36:00,VYMI
67.5,67.5,67.5,67.5,400,2022-03-18 19:37:00,VYMI
67.48,67.48,67.48,67.48,186,2022-03-18 19:38:00,VYMI
67.512,67.512,67.512,67.512,761,2022-03-18 19:41:00,VYMI
67.54,67.55,67.5047,67.52,7297,2022-03-18 19:42:00,VYMI
67.5005,67.535,67.5005,67.535,438,2022-03-18 19:43:00,VYMI
67.54,67.54,67.54,67.54,110,2022-03-18 19:47:00,VYMI
67.5592,67.57,67.54,67.5655,1014,2022-03-18 19:48:00,VYMI
67.51,67.51,67.51,67.51,400,2022-03-18 19:49:00,VYMI
67.51,67.51,67.51,67.51,100,2022-03-18 19:50:00,VYMI
67.46,67.46,67.4557,67.4557,560,2022-03-18 19:52:00,VYMI
67.478,67.48,67.47,67.48,1286,2022-03-18 19:54:00,VYMI
67.48,67.5089,67.48,67.5089,980,2022-03-18 19:55:00,VYMI
67.56,67.56,67.56,67.56,100,2022-03-18 19:56:00,VYMI
67.535,67.535,67.51,67.51,5199,2022-03-18 19:57:00,VYMI
67.525,67.525,67.525,67.525,298,2022-03-18 19:58:00,VYMI
67.525,67.55,67.52,67.52,4280,2022-03-18 19:59:00,VYMI
67.58,67.58,67.58,67.58,148,2022-03-18 20:00:00,VYMI
67.16,67.16,67.09,67.145,7831,2022-03-21 13:30:00,VYMI
67.1,67.1,67.09,67.09,960,2022-03-21 13:31:00,VYMI
67.16,67.16,67.14,67.16,400,2022-03-21 13:32:00,VYMI
67.17,67.18,67.155,67.1701,1365,2022-03-21 13:33:00,VYMI
67.19,67.22,67.18,67.22,1010,2022-03-21 13:34:00,VYMI
67.24,67.28,67.24,67.28,3890,2022-03-21 13:35:00,VYMI
67.26,67.275,67.26,67.2711,950,2022-03-21 13:36:00,VYMI
67.26,67.26,67.25,67.25,1010,2022-03-21 13:37:00,VYMI
67.284,67.29,67.27,67.29,1790,2022-03-21 13:38:00,VYMI
67.2717,67.2889,67.27,67.285,932,2022-03-21 13:39:00,VYMI
67.27,67.27,67.26,67.26,720,2022-03-21 13:40:00,VYMI
67.23,67.23,67.2,67.2,1943,2022-03-21 13:41:00,VYMI
67.12,67.12,67.09,67.12,430,2022-03-21 13:42:00,VYMI
67.125,67.1348,67.1,67.1,7860,2022-03-21 13:43:00,VYMI
67.1,67.1,67.06,67.06,940,2022-03-21 13:44:00,VYMI
67.09,67.09,67.06,67.06,2220,2022-03-21 13:45:00,VYMI
67.0752,67.0752,67.05,67.06,630,2022-03-21 13:46:00,VYMI
67.09,67.09,67.07,67.07,1260,2022-03-21 13:47:00,VYMI
67.08,67.08,67.07,67.07,620,2022-03-21 13:48:00,VYMI
67.04,67.08,67.04,67.04,1440,2022-03-21 13:49:00,VYMI
67.0657,67.07,67.01,67.04,1473,2022-03-21 13:50:00,VYMI
67.03,67.065,67.03,67.065,614,2022-03-21 13:51:00,VYMI
67.06,67.06,67.03,67.03,500,2022-03-21 13:52:00,VYMI
67.0,67.01,67.0,67.01,970,2022-03-21 13:53:00,VYMI
67.0,67.0,66.98,66.98,1544,2022-03-21 13:54:00,VYMI
66.99,67.0295,66.99,67.0295,1126,2022-03-21 13:55:00,VYMI
67.05,67.05,67.0,67.02,1050,2022-03-21 13:56:00,VYMI
67.0164,67.0164,67.01,67.01,605,2022-03-21 13:57:00,VYMI
67.03,67.05,67.03,67.045,1160,2022-03-21 13:58:00,VYMI
67.05,67.07,67.05,67.07,700,2022-03-21 13:59:00,VYMI
67.03,67.0599,67.03,67.0599,1684,2022-03-21 14:00:00,VYMI
67.02,67.09,67.02,67.065,3444,2022-03-21 14:01:00,VYMI
67.06,67.07,67.05,67.07,835,2022-03-21 14:02:00,VYMI
67.09,67.09,67.06,67.06,410,2022-03-21 14:03:00,VYMI
67.09,67.11,67.07,67.1,1300,2022-03-21 14:04:00,VYMI
67.05,67.05,67.05,67.05,550,2022-03-21 14:05:00,VYMI
67.0786,67.0786,67.03,67.04,1329,2022-03-21 14:06:00,VYMI
67.08,67.08,67.04,67.04,500,2022-03-21 14:07:00,VYMI
67.02,67.06,67.02,67.06,674,2022-03-21 14:08:00,VYMI
67.01,67.05,67.0,67.04,1350,2022-03-21 14:09:00,VYMI
67.06,67.08,67.06,67.08,380,2022-03-21 14:10:00,VYMI
67.07,67.07,67.06,67.06,500,2022-03-21 14:11:00,VYMI
67.05,67.05,67.04,67.04,1400,2022-03-21 14:12:00,VYMI
67.05,67.05,67.02,67.02,1000,2022-03-21 14:13:00,VYMI
67.01,67.07,67.01,67.07,938,2022-03-21 14:14:00,VYMI
67.045,67.045,67.01,67.01,625,2022-03-21 14:15:00,VYMI
67.04,67.04,67.04,67.04,1010,2022-03-21 14:16:00,VYMI
67.0508,67.07,67.0508,67.06,2135,2022-03-21 14:17:00,VYMI
67.09,67.09,67.08,67.08,210,2022-03-21 14:18:00,VYMI
67.11,67.11,67.08,67.08,1067,2022-03-21 14:19:00,VYMI
67.0865,67.0865,67.04,67.04,1080,2022-03-21 14:20:00,VYMI
67.04,67.06,67.01,67.01,1610,2022-03-21 14:21:00,VYMI
67.04,67.04,67.02,67.02,1047,2022-03-21 14:22:00,VYMI
67.03,67.03,67.02,67.02,730,2022-03-21 14:23:00,VYMI
67.02,67.03,67.02,67.03,1230,2022-03-21 14:24:00,VYMI
67.0,67.015,67.0,67.015,600,2022-03-21 14:25:00,VYMI
67.0,67.0,66.98,66.98,1792,2022-03-21 14:26:00,VYMI
66.97,66.99,66.97,66.99,920,2022-03-21 14:27:00,VYMI
67.01,67.02,66.99,66.99,766,2022-03-21 14:28:00,VYMI
67.0,67.02,66.99,67.02,1363,2022-03-21 14:29:00,VYMI
66.98,67.0145,66.98,67.0145,932,2022-03-21 14:30:00,VYMI
66.97,67.0291,66.97,67.005,3410,2022-03-21 14:31:00,VYMI
66.98,66.98,66.98,66.98,330,2022-03-21 14:32:00,VYMI
66.98,67.01,66.98,67.01,1774,2022-03-21 14:33:00,VYMI
67.01,67.01,66.99,66.99,814,2022-03-21 14:34:00,VYMI
67.0007,67.02,66.97,67.02,2569,2022-03-21 14:35:00,VYMI
67.02,67.02,67.01,67.01,1240,2022-03-21 14:36:00,VYMI
67.06,67.06,67.04,67.04,635,2022-03-21 14:37:00,VYMI
67.04,67.04,67.03,67.03,1264,2022-03-21 14:38:00,VYMI
67.065,67.065,67.03,67.03,3001,2022-03-21 14:39:00,VYMI
67.03,67.065,67.03,67.05,910,2022-03-21 14:40:00,VYMI
67.05,67.05,67.05,67.05,800,2022-03-21 14:41:00,VYMI
67.04,67.04,67.02,67.02,1721,2022-03-21 14:43:00,VYMI
67.02,67.05,67.02,67.04,630,2022-03-21 14:44:00,VYMI
67.02,67.05,67.02,67.05,930,2022-03-21 14:45:00,VYMI
67.05,67.05,67.03,67.05,1780,2022-03-21 14:46:00,VYMI
67.06,67.06,67.06,67.06,1510,2022-03-21 14:48:00,VYMI
67.06,67.06,67.06,67.06,510,2022-03-21 14:49:00,VYMI
67.07,67.07,67.07,67.07,800,2022-03-21 14:50:00,VYMI
67.105,67.105,67.105,67.105,300,2022-03-21 14:51:00,VYMI
67.1199,67.1199,67.08,67.08,3802,2022-03-21 14:52:00,VYMI
67.08,67.1,67.08,67.1,1300,2022-03-21 14:54:00,VYMI
67.14,67.14,67.12,67.13,1893,2022-03-21 14:55:00,VYMI
67.155,67.155,67.14,67.14,676,2022-03-21 14:56:00,VYMI
67.165,67.18,67.16,67.16,720,2022-03-21 14:57:00,VYMI
67.16,67.16,67.16,67.16,400,2022-03-21 14:58:00,VYMI
67.16,67.2,67.16,67.2,10670,2022-03-21 14:59:00,VYMI
67.18,67.2,67.18,67.2,5109,2022-03-21 15:00:00,VYMI
67.22,67.22,67.2,67.2,360,2022-03-21 15:01:00,VYMI
67.2,67.2,67.2,67.2,320,2022-03-21 15:02:00,VYMI
67.2,67.2,67.16,67.18,872,2022-03-21 15:03:00,VYMI
67.175,67.175,67.16,67.16,2112,2022-03-21 15:04:00,VYMI
67.15,67.15,67.15,67.15,820,2022-03-21 15:05:00,VYMI
67.15,67.15,67.11,67.11,5780,2022-03-21 15:06:00,VYMI
67.15,67.15,67.11,67.125,1283,2022-03-21 15:07:00,VYMI
67.1,67.1,67.06,67.0927,1093,2022-03-21 15:08:00,VYMI
67.07,67.08,67.07,67.08,690,2022-03-21 15:09:00,VYMI
67.13,67.13,67.08,67.08,1100,2022-03-21 15:10:00,VYMI
67.115,67.115,67.1,67.1145,430,2022-03-21 15:11:00,VYMI
67.1,67.13,67.1,67.115,1140,2022-03-21 15:12:00,VYMI
67.135,67.135,67.12,67.12,910,2022-03-21 15:13:00,VYMI
67.1,67.1,67.1,67.1,800,2022-03-21 15:14:00,VYMI
67.12,67.14,67.12,67.14,630,2022-03-21 15:15:00,VYMI
67.16,67.19,67.14,67.19,1110,2022-03-21 15:16:00,VYMI
67.175,67.175,67.14,67.14,970,2022-03-21 15:17:00,VYMI
67.1734,67.1897,67.14,67.1897,1378,2022-03-21 15:18:00,VYMI
67.16,67.16,67.1178,67.1178,1218,2022-03-21 15:19:00,VYMI
67.1,67.1375,67.1,67.12,6246,2022-03-21 15:20:00,VYMI
67.12,67.1396,67.12,67.1396,2358,2022-03-21 15:21:00,VYMI
67.14,67.145,67.12,67.145,400,2022-03-21 15:22:00,VYMI
67.155,67.17,67.14,67.17,1104,2022-03-21 15:23:00,VYMI
67.15,67.2067,67.15,67.18,1229,2022-03-21 15:24:00,VYMI
67.15,67.18,67.15,67.15,560,2022-03-21 15:25:00,VYMI
67.1538,67.1925,67.15,67.15,1107,2022-03-21 15:26:00,VYMI
67.175,67.175,67.16,67.16,980,2022-03-21 15:27:00,VYMI
67.175,67.1882,67.16,67.16,941,2022-03-21 15:28:00,VYMI
67.19,67.19,67.16,67.16,850,2022-03-21 15:29:00,VYMI
67.16,67.17,67.15,67.15,1520,2022-03-21 15:30:00,VYMI
67.165,67.175,67.15,67.175,1000,2022-03-21 15:31:00,VYMI
67.17,67.17,67.15,67.155,2750,2022-03-21 15:32:00,VYMI
67.15,67.16,67.14,67.145,1457,2022-03-21 15:33:00,VYMI
67.13,67.16,67.13,67.16,800,2022-03-21 15:34:00,VYMI
67.18,67.18,67.13,67.13,2049,2022-03-21 15:35:00,VYMI
67.125,67.14,67.12,67.14,941,2022-03-21 15:36:00,VYMI
67.15,67.165,67.14,67.14,1158,2022-03-21 15:37:00,VYMI
67.14,67.17,67.14,67.165,1324,2022-03-21 15:38:00,VYMI
67.13,67.15,67.13,67.15,300,2022-03-21 15:39:00,VYMI
67.15,67.15,67.15,67.15,600,2022-03-21 15:40:00,VYMI
67.18,67.19,67.18,67.18,820,2022-03-21 15:41:00,VYMI
67.19,67.19,67.16,67.16,2314,2022-03-21 15:42:00,VYMI
67.14,67.14,67.14,67.14,330,2022-03-21 15:43:00,VYMI
67.11,67.11,67.095,67.11,1030,2022-03-21 15:44:00,VYMI
67.09,67.13,67.09,67.115,1699,2022-03-21 15:45:00,VYMI
67.13,67.13,67.11,67.12,610,2022-03-21 15:46:00,VYMI
67.1,67.11,67.1,67.11,770,2022-03-21 15:47:00,VYMI
67.139,67.139,67.11,67.11,5376,2022-03-21 15:48:00,VYMI
67.11,67.11,67.1,67.1,1010,2022-03-21 15:49:00,VYMI
67.115,67.13,67.11,67.11,1290,2022-03-21 15:50:00,VYMI
67.105,67.11,67.1036,67.11,1894,2022-03-21 15:51:00,VYMI
67.11,67.14,67.11,67.14,1200,2022-03-21 15:52:00,VYMI
67.12,67.17,67.12,67.15,1325,2022-03-21 15:53:00,VYMI
67.13,67.13,67.13,67.13,200,2022-03-21 15:54:00,VYMI
67.11,67.13,67.1,67.13,1865,2022-03-21 15:55:00,VYMI
67.14,67.14,67.12,67.135,736,2022-03-21 15:56:00,VYMI
67.13,67.15,67.12,67.15,1103,2022-03-21 15:57:00,VYMI
67.15,67.17,67.14,67.14,970,2022-03-21 15:58:00,VYMI
67.11,67.12,67.11,67.12,1480,2022-03-21 15:59:00,VYMI
67.145,67.145,67.12,67.12,5895,2022-03-21 16:00:00,VYMI
67.1,67.1481,67.1,67.1481,1590,2022-03-21 16:01:00,VYMI
67.1,67.1399,67.1,67.11,5783,2022-03-21 16:02:00,VYMI
67.11,67.11,67.11,67.11,350,2022-03-21 16:03:00,VYMI
67.1318,67.1318,67.1,67.12,830,2022-03-21 16:04:00,VYMI
67.09,67.09,67.09,67.09,1040,2022-03-21 16:05:00,VYMI
67.09,67.12,67.09,67.12,1304,2022-03-21 16:06:00,VYMI
67.13,67.13,67.12,67.12,210,2022-03-21 16:07:00,VYMI
67.12,67.15,67.12,67.15,960,2022-03-21 16:08:00,VYMI
67.15,67.165,67.14,67.165,1105,2022-03-21 16:09:00,VYMI
67.1655,67.1655,67.13,67.13,1342,2022-03-21 16:10:00,VYMI
67.16,67.1741,67.16,67.1741,1524,2022-03-21 16:11:00,VYMI
67.15,67.15,67.15,67.15,200,2022-03-21 16:12:00,VYMI
67.15,67.15,67.13,67.13,810,2022-03-21 16:13:00,VYMI
67.155,67.17,67.14,67.17,1120,2022-03-21 16:14:00,VYMI
67.17,67.17,67.13,67.13,1407,2022-03-21 16:15:00,VYMI
67.13,67.13,67.13,67.13,200,2022-03-21 16:16:00,VYMI
67.14,67.14,67.13,67.13,1050,2022-03-21 16:17:00,VYMI
67.13,67.165,67.13,67.165,1180,2022-03-21 16:18:00,VYMI
67.17,67.17,67.13,67.165,2206,2022-03-21 16:19:00,VYMI
67.15,67.202,67.15,67.18,1943,2022-03-21 16:20:00,VYMI
67.195,67.195,67.195,67.195,100,2022-03-21 16:21:00,VYMI
67.18,67.18,67.18,67.18,700,2022-03-21 16:22:00,VYMI
67.1917,67.1917,67.18,67.18,1190,2022-03-21 16:23:00,VYMI
67.195,67.195,67.18,67.18,820,2022-03-21 16:24:00,VYMI
67.18,67.185,67.16,67.18,3100,2022-03-21 16:25:00,VYMI
67.2,67.2,67.16,67.16,1427,2022-03-21 16:26:00,VYMI
67.16,67.16,67.14,67.14,800,2022-03-21 16:27:00,VYMI
67.15,67.18,67.13,67.14,740,2022-03-21 16:28:00,VYMI
67.16,67.2,67.16,67.185,1300,2022-03-21 16:29:00,VYMI
67.19,67.2,67.02,67.02,12300,2022-03-21 16:30:00,VYMI
67.0,67.0,67.0,67.0,110,2022-03-21 16:31:00,VYMI
66.97,67.02,66.97,67.02,1210,2022-03-21 16:32:00,VYMI
66.99,67.03,66.99,67.03,1332,2022-03-21 16:33:00,VYMI
66.97,67.02,66.97,67.02,1530,2022-03-21 16:34:00,VYMI
67.03,67.03,66.96,66.96,1000,2022-03-21 16:35:00,VYMI
66.94,66.94,66.935,66.94,500,2022-03-21 16:36:00,VYMI
66.93,66.93,66.92,66.93,770,2022-03-21 16:37:00,VYMI
66.94,66.94,66.9,66.9,1340,2022-03-21 16:38:00,VYMI
66.95,66.9656,66.95,66.9656,500,2022-03-21 16:39:00,VYMI
66.985,67.03,66.98,67.03,1430,2022-03-21 16:40:00,VYMI
67.005,67.02,67.0,67.0,349,2022-03-21 16:41:00,VYMI
67.03,67.045,67.02,67.02,1330,2022-03-21 16:43:00,VYMI
67.045,67.07,67.045,67.07,547,2022-03-21 16:44:00,VYMI
67.06,67.06,67.06,67.06,1330,2022-03-21 16:45:00,VYMI
67.08,67.08,67.04,67.04,840,2022-03-21 16:46:00,VYMI
67.03,67.03,67.03,67.03,650,2022-03-21 16:47:00,VYMI
67.045,67.069,67.03,67.04,803,2022-03-21 16:48:00,VYMI
67.075,67.09,67.06,67.09,1520,2022-03-21 16:49:00,VYMI
67.06,67.06,67.05,67.05,800,2022-03-21 16:50:00,VYMI
67.05,67.05,67.012,67.012,1015,2022-03-21 16:51:00,VYMI
66.98,66.98,66.96,66.98,2130,2022-03-21 16:52:00,VYMI
66.99,67.005,66.99,66.99,1330,2022-03-21 16:53:00,VYMI
66.97,66.97,66.92,66.92,1220,2022-03-21 16:54:00,VYMI
66.94,66.98,66.94,66.98,920,2022-03-21 16:55:00,VYMI
66.96,66.97,66.96,66.97,819,2022-03-21 16:56:00,VYMI
66.92,66.92,66.9,66.9,1199,2022-03-21 16:57:00,VYMI
66.9,66.9,66.9,66.9,350,2022-03-21 16:58:00,VYMI
66.9,66.95,66.9,66.91,1160,2022-03-21 16:59:00,VYMI
66.93,66.93,66.905,66.91,541,2022-03-21 17:00:00,VYMI
66.89,66.93,66.89,66.915,1505,2022-03-21 17:01:00,VYMI
66.92,66.92,66.92,66.92,160,2022-03-21 17:02:00,VYMI
66.9,66.91,66.9,66.91,810,2022-03-21 17:03:00,VYMI
66.86,66.88,66.86,66.88,1240,2022-03-21 17:04:00,VYMI
66.87,66.88,66.87,66.88,1098,2022-03-21 17:05:00,VYMI
66.9,66.925,66.9,66.925,300,2022-03-21 17:06:00,VYMI
66.91,66.91,66.88,66.91,1332,2022-03-21 17:07:00,VYMI
66.91,66.91,66.9,66.9,700,2022-03-21 17:08:00,VYMI
66.88,66.9,66.88,66.8801,1082,2022-03-21 17:09:00,VYMI
66.9,66.9,66.86,66.86,1445,2022-03-21 17:10:00,VYMI
66.86,66.87,66.86,66.86,600,2022-03-21 17:11:00,VYMI
66.8866,66.8866,66.84,66.84,689,2022-03-21 17:12:00,VYMI
66.84,66.87,66.84,66.865,1040,2022-03-21 17:13:00,VYMI
66.88,66.88,66.8404,66.855,607,2022-03-21 17:14:00,VYMI
66.84,66.84,66.84,66.84,122,2022-03-21 17:15:00,VYMI
66.81,66.8399,66.81,66.825,1258,2022-03-21 17:16:00,VYMI
66.79,66.79,66.74,66.77,670,2022-03-21 17:17:00,VYMI
66.76,66.7883,66.74,66.74,1075,2022-03-21 17:18:00,VYMI
66.72,66.7359,66.68,66.68,3694,2022-03-21 17:19:00,VYMI
66.685,66.74,66.685,66.74,1630,2022-03-21 17:20:00,VYMI
66.7362,66.7362,66.67,66.67,539,2022-03-21 17:21:00,VYMI
66.68,66.75,66.68,66.7456,2344,2022-03-21 17:23:00,VYMI
66.72,66.79,66.72,66.75,1450,2022-03-21 17:24:00,VYMI
66.73,66.76,66.73,66.76,800,2022-03-21 17:25:00,VYMI
66.79,66.79,66.79,66.79,100,2022-03-21 17:26:00,VYMI
66.83,66.83,66.79,66.79,3438,2022-03-21 17:27:00,VYMI
66.77,66.8083,66.77,66.8083,1555,2022-03-21 17:28:00,VYMI
66.75,66.83,66.75,66.79,1623,2022-03-21 17:29:00,VYMI
66.77,66.795,66.77,66.795,2558,2022-03-21 17:30:00,VYMI
66.8095,66.8095,66.78,66.8,1110,2022-03-21 17:31:00,VYMI
66.82,66.83,66.82,66.83,954,2022-03-21 17:32:00,VYMI
66.81,66.85,66.81,66.85,732,2022-03-21 17:33:00,VYMI
66.85,66.88,66.85,66.87,953,2022-03-21 17:34:00,VYMI
66.8888,66.8888,66.84,66.84,280,2022-03-21 17:35:00,VYMI
66.855,66.87,66.84,66.84,3188,2022-03-21 17:36:00,VYMI
66.8626,66.865,66.85,66.8539,852,2022-03-21 17:37:00,VYMI
66.86,66.9,66.86,66.9,1278,2022-03-21 17:38:00,VYMI
66.9,66.9,66.88,66.88,372,2022-03-21 17:39:00,VYMI
66.87,66.87,66.85,66.85,3240,2022-03-21 17:40:00,VYMI
66.83,66.87,66.83,66.87,2180,2022-03-21 17:41:00,VYMI
66.85,66.8895,66.85,66.875,3053,2022-03-21 17:42:00,VYMI
66.85,66.85,66.85,66.85,1330,2022-03-21 17:43:00,VYMI
66.83,66.85,66.83,66.84,500,2022-03-21 17:44:00,VYMI
66.83,66.83,66.83,66.83,570,2022-03-21 17:45:00,VYMI
66.85,66.87,66.83,66.8693,2444,2022-03-21 17:46:00,VYMI
66.89,66.9194,66.88,66.88,1266,2022-03-21 17:47:00,VYMI
66.86,66.86,66.86,66.86,610,2022-03-21 17:48:00,VYMI
66.9056,66.9092,66.87,66.87,1292,2022-03-21 17:49:00,VYMI
66.88,66.89,66.88,66.89,500,2022-03-21 17:50:00,VYMI
66.8928,66.9,66.88,66.88,1814,2022-03-21 17:51:00,VYMI
66.86,66.875,66.86,66.875,1253,2022-03-21 17:52:00,VYMI
66.88,66.885,66.88,66.88,1030,2022-03-21 17:53:00,VYMI
66.88,66.88,66.86,66.88,901,2022-03-21 17:54:00,VYMI
66.86,66.86,66.84,66.84,1197,2022-03-21 17:55:00,VYMI
66.8652,66.88,66.86,66.88,1084,2022-03-21 17:56:00,VYMI
66.885,66.92,66.885,66.92,2448,2022-03-21 17:57:00,VYMI
66.8974,66.92,66.89,66.92,1363,2022-03-21 17:58:00,VYMI
66.915,66.915,66.89,66.89,1140,2022-03-21 17:59:00,VYMI
66.905,66.91,66.89,66.9,702,2022-03-21 18:00:00,VYMI
66.87,66.8796,66.87,66.8796,1450,2022-03-21 18:01:00,VYMI
66.87,66.885,66.86,66.885,1390,2022-03-21 18:02:00,VYMI
66.885,66.885,66.86,66.86,950,2022-03-21 18:03:00,VYMI
66.875,66.875,66.875,66.875,100,2022-03-21 18:04:00,VYMI
66.86,66.86,66.81,66.81,1501,2022-03-21 18:05:00,VYMI
66.82,66.845,66.82,66.845,290,2022-03-21 18:06:00,VYMI
66.85,66.86,66.84,66.85,1627,2022-03-21 18:07:00,VYMI
66.83,66.83,66.82,66.82,1050,2022-03-21 18:08:00,VYMI
66.86,66.87,66.85,66.85,1520,2022-03-21 18:09:00,VYMI
66.8616,66.8616,66.84,66.84,347,2022-03-21 18:10:00,VYMI
66.82,66.845,66.82,66.84,1265,2022-03-21 18:11:00,VYMI
66.84,66.85,66.84,66.85,1420,2022-03-21 18:12:00,VYMI
66.87,66.87,66.86,66.86,650,2022-03-21 18:13:00,VYMI
66.81,66.81,66.81,66.81,900,2022-03-21 18:14:00,VYMI
66.835,66.84,66.835,66.84,466,2022-03-21 18:15:00,VYMI
66.81,66.835,66.81,66.835,730,2022-03-21 18:16:00,VYMI
66.8,66.82,66.8,66.8,1030,2022-03-21 18:17:00,VYMI
66.8,66.825,66.8,66.825,580,2022-03-21 18:18:00,VYMI
66.81,66.845,66.81,66.845,1098,2022-03-21 18:19:00,VYMI
66.845,66.855,66.845,66.855,1640,2022-03-21 18:20:00,VYMI
66.86,66.94,66.86,66.9392,545,2022-03-21 18:21:00,VYMI
66.97,67.0,66.97,66.97,320,2022-03-21 18:22:00,VYMI
66.9856,66.9856,66.96,66.96,417,2022-03-21 18:23:00,VYMI
66.96,66.96,66.945,66.945,531,2022-03-21 18:24:00,VYMI
66.94,66.94,66.93,66.93,1310,2022-03-21 18:25:00,VYMI
66.94,66.94,66.92,66.92,320,2022-03-21 18:26:00,VYMI
66.96,66.99,66.96,66.99,1251,2022-03-21 18:27:00,VYMI
66.96,66.99,66.96,66.99,1662,2022-03-21 18:28:00,VYMI
67.0,67.0,66.98,66.98,680,2022-03-21 18:29:00,VYMI
66.98,67.0,66.95,66.95,3690,2022-03-21 18:30:00,VYMI
66.95,66.95,66.93,66.94,720,2022-03-21 18:31:00,VYMI
66.93,66.94,66.925,66.94,1400,2022-03-21 18:32:00,VYMI
66.94,66.95,66.93,66.94,2250,2022-03-21 18:33:00,VYMI
66.94,66.94,66.91,66.91,1619,2022-03-21 18:34:00,VYMI
66.93,66.93,66.9,66.905,837,2022-03-21 18:35:00,VYMI
66.91,66.9173,66.9,66.9,3163,2022-03-21 18:36:00,VYMI
66.94,66.94,66.93,66.93,738,2022-03-21 18:37:00,VYMI
66.94,66.95,66.93,66.93,1539,2022-03-21 18:38:00,VYMI
66.94,66.95,66.94,66.95,2512,2022-03-21 18:39:00,VYMI
66.92,66.95,66.91,66.92,1500,2022-03-21 18:40:00,VYMI
66.935,66.969,66.935,66.96,1192,2022-03-21 18:41:00,VYMI
66.93,66.93,66.9,66.93,1822,2022-03-21 18:42:00,VYMI
66.94,66.96,66.94,66.94,734,2022-03-21 18:43:00,VYMI
66.94,66.94,66.94,66.94,600,2022-03-21 18:44:00,VYMI
66.95,66.974,66.95,66.974,1039,2022-03-21 18:45:00,VYMI
66.97,67.0,66.97,66.99,2000,2022-03-21 18:46:00,VYMI
67.0,67.0,66.97,66.97,220,2022-03-21 18:47:00,VYMI
66.96,66.96,66.96,66.96,1050,2022-03-21 18:48:00,VYMI
66.935,66.94,66.93,66.94,994,2022-03-21 18:49:00,VYMI
66.95,66.95,66.92,66.93,1423,2022-03-21 18:50:00,VYMI
66.93,66.965,66.93,66.965,684,2022-03-21 18:51:00,VYMI
66.9577,66.965,66.9577,66.965,250,2022-03-21 18:52:00,VYMI
66.96,66.97,66.96,66.97,260,2022-03-21 18:53:00,VYMI
66.94,66.94,66.94,66.94,950,2022-03-21 18:54:00,VYMI
66.92,66.92,66.91,66.91,600,2022-03-21 18:55:00,VYMI
66.88,66.88,66.86,66.875,1440,2022-03-21 18:56:00,VYMI
66.86,66.86,66.86,66.86,200,2022-03-21 18:57:00,VYMI
66.86,66.86,66.8,66.84,2230,2022-03-21 18:58:00,VYMI
66.83,66.83,66.82,66.82,307,2022-03-21 18:59:00,VYMI
66.79,66.81,66.79,66.805,440,2022-03-21 19:00:00,VYMI
66.8,66.835,66.79,66.835,2184,2022-03-21 19:01:00,VYMI
66.82,66.82,66.81,66.81,848,2022-03-21 19:02:00,VYMI
66.822,66.822,66.79,66.79,450,2022-03-21 19:03:00,VYMI
66.81,66.83,66.81,66.83,1247,2022-03-21 19:04:00,VYMI
66.82,66.83,66.82,66.83,400,2022-03-21 19:05:00,VYMI
66.82,66.83,66.82,66.83,230,2022-03-21 19:06:00,VYMI
66.84,66.87,66.84,66.87,620,2022-03-21 19:07:00,VYMI
66.84,66.88,66.83,66.8777,1210,2022-03-21 19:08:00,VYMI
66.84,66.86,66.81,66.82,902,2022-03-21 19:09:00,VYMI
66.84,66.88,66.84,66.87,500,2022-03-21 19:10:00,VYMI
66.86,66.915,66.85,66.905,1077,2022-03-21 19:11:00,VYMI
66.9,66.9,66.89,66.895,1302,2022-03-21 19:13:00,VYMI
66.9,66.91,66.9,66.91,900,2022-03-21 19:14:00,VYMI
66.915,66.96,66.915,66.96,1044,2022-03-21 19:15:00,VYMI
66.93,66.9474,66.92,66.92,829,2022-03-21 19:16:00,VYMI
66.9,66.9,66.9,66.9,1000,2022-03-21 19:18:00,VYMI
66.9,66.9,66.86,66.86,1120,2022-03-21 19:19:00,VYMI
66.87,66.9,66.86,66.9,1040,2022-03-21 19:20:00,VYMI
66.87,66.87,66.86,66.86,920,2022-03-21 19:21:00,VYMI
66.88,66.9264,66.86,66.9264,1208,2022-03-21 19:22:00,VYMI
66.88,66.94,66.88,66.88,1445,2022-03-21 19:23:00,VYMI
66.92,66.94,66.92,66.94,670,2022-03-21 19:24:00,VYMI
66.925,66.94,66.925,66.94,1104,2022-03-21 19:25:00,VYMI
66.91,66.93,66.91,66.93,477,2022-03-21 19:26:00,VYMI
66.92,66.92,66.92,66.92,220,2022-03-21 19:27:00,VYMI
66.92,66.95,66.92,66.93,1540,2022-03-21 19:28:00,VYMI
66.94,66.94,66.94,66.94,100,2022-03-21 19:29:00,VYMI
66.95,66.99,66.92,66.95,1359,2022-03-21 19:30:00,VYMI
66.945,66.9952,66.945,66.96,1000,2022-03-21 19:31:00,VYMI
66.92,66.99,66.92,66.99,900,2022-03-21 19:32:00,VYMI
66.9668,66.9668,66.9668,66.9668,315,2022-03-21 19:33:00,VYMI
66.95,66.95,66.95,66.95,205,2022-03-21 19:34:00,VYMI
66.89,66.92,66.88,66.92,1622,2022-03-21 19:35:00,VYMI
66.91,66.91,66.88,66.88,700,2022-03-21 19:36:00,VYMI
66.935,66.935,66.9,66.9,730,2022-03-21 19:37:00,VYMI
66.87,66.9343,66.87,66.87,2561,2022-03-21 19:38:00,VYMI
66.87,66.87,66.85,66.85,900,2022-03-21 19:39:00,VYMI
66.865,66.865,66.84,66.84,1050,2022-03-21 19:40:00,VYMI
66.855,66.9,66.855,66.891,14621,2022-03-21 19:41:00,VYMI
66.9,66.9,66.8933,66.9,600,2022-03-21 19:42:00,VYMI
66.88,66.88,66.88,66.88,200,2022-03-21 19:43:00,VYMI
66.86,66.87,66.86,66.87,817,2022-03-21 19:44:00,VYMI
66.86,66.88,66.86,66.87,5220,2022-03-21 19:45:00,VYMI
66.87,66.95,66.87,66.9,3107,2022-03-21 19:46:00,VYMI
66.88,66.88,66.88,66.88,693,2022-03-21 19:47:00,VYMI
66.87,66.87,66.85,66.85,2200,2022-03-21 19:48:00,VYMI
66.85,66.85,66.84,66.84,1000,2022-03-21 19:49:00,VYMI
66.85,66.91,66.85,66.91,1871,2022-03-21 19:50:00,VYMI
66.91,66.93,66.91,66.92,988,2022-03-21 19:51:00,VYMI
66.94,66.94,66.91,66.91,270,2022-03-21 19:52:00,VYMI
66.92,66.94,66.91,66.94,454,2022-03-21 19:53:00,VYMI
66.93,66.94,66.92,66.925,1566,2022-03-21 19:54:00,VYMI
66.93,66.948,66.92,66.948,1600,2022-03-21 19:55:00,VYMI
66.95,66.95,66.94,66.94,1062,2022-03-21 19:56:00,VYMI
66.96,66.96,66.94,66.9544,1430,2022-03-21 19:57:00,VYMI
66.95,66.968,66.94,66.968,1500,2022-03-21 19:58:00,VYMI
66.95,66.965,66.93,66.965,1000,2022-03-21 19:59:00,VYMI
66.94,66.94,66.94,66.94,376,2022-03-21 20:00:00,VYMI
66.82,66.82,66.82,66.82,1171,2022-03-22 11:15:00,VYMI
67.68,67.7295,67.68,67.7295,13072,2022-03-22 13:30:00,VYMI
67.72,67.72,67.71,67.72,1470,2022-03-22 13:31:00,VYMI
67.7,67.7,67.69,67.6974,1048,2022-03-22 13:32:00,VYMI
67.68,67.68,67.68,67.68,500,2022-03-22 13:33:00,VYMI
67.75,67.75,67.75,67.75,100,2022-03-22 13:35:00,VYMI
67.785,67.785,67.785,67.785,148,2022-03-22 13:36:00,VYMI
67.77,67.77,67.77,67.77,500,2022-03-22 13:37:00,VYMI
67.79,67.82,67.79,67.82,700,2022-03-22 13:38:00,VYMI
67.8,67.8,67.77,67.78,4971,2022-03-22 13:40:00,VYMI
67.785,67.8,67.78,67.8,1731,2022-03-22 13:41:00,VYMI
67.8099,67.8099,67.8099,67.8099,500,2022-03-22 13:42:00,VYMI
67.79,67.79,67.79,67.79,1500,2022-03-22 13:43:00,VYMI
67.78,67.78,67.775,67.775,3600,2022-03-22 13:44:00,VYMI
67.77,67.77,67.7,67.735,9081,2022-03-22 13:45:00,VYMI
67.73,67.75,67.72,67.75,2075,2022-03-22 13:46:00,VYMI
67.795,67.8,67.79,67.8,800,2022-03-22 13:49:00,VYMI
67.825,67.8498,67.825,67.83,5632,2022-03-22 13:50:00,VYMI
67.8,67.8,67.8,67.8,950,2022-03-22 13:51:00,VYMI
67.81,67.81,67.81,67.81,925,2022-03-22 13:52:00,VYMI
67.8001,67.8001,67.8,67.8,3911,2022-03-22 13:53:00,VYMI
67.81,67.84,67.81,67.84,534,2022-03-22 13:54:00,VYMI
67.82,67.83,67.82,67.83,1500,2022-03-22 13:55:00,VYMI
67.82,67.8202,67.8,67.82,5174,2022-03-22 13:56:00,VYMI
67.82,67.82,67.82,67.82,109,2022-03-22 13:57:00,VYMI
67.8247,67.8247,67.8247,67.8247,503,2022-03-22 13:59:00,VYMI
67.84,67.8423,67.83,67.8423,2700,2022-03-22 14:00:00,VYMI
67.874,67.8799,67.865,67.865,386,2022-03-22 14:01:00,VYMI
67.8578,67.8578,67.8578,67.8578,218,2022-03-22 14:02:00,VYMI
67.859,67.859,67.84,67.8492,1100,2022-03-22 14:04:00,VYMI
67.83,67.83,67.82,67.83,6203,2022-03-22 14:05:00,VYMI
67.785,67.785,67.78,67.78,348,2022-03-22 14:10:00,VYMI
67.78,67.8,67.78,67.7999,5240,2022-03-22 14:11:00,VYMI
67.795,67.795,67.795,67.795,124,2022-03-22 14:13:00,VYMI
67.78,67.78,67.78,67.78,181,2022-03-22 14:14:00,VYMI
67.78,67.78,67.725,67.725,1319,2022-03-22 14:15:00,VYMI
67.73,67.73,67.71,67.71,1550,2022-03-22 14:16:00,VYMI
67.73,67.7399,67.73,67.7356,876,2022-03-22 14:17:00,VYMI
67.735,67.735,67.735,67.735,500,2022-03-22 14:18:00,VYMI
67.73,67.73,67.725,67.725,800,2022-03-22 14:19:00,VYMI
67.73,67.78,67.73,67.78,2800,2022-03-22 14:20:00,VYMI
67.7448,67.7448,67.7448,67.7448,145,2022-03-22 14:22:00,VYMI
67.7544,67.7544,67.73,67.73,1140,2022-03-22 14:23:00,VYMI
67.73,67.73,67.73,67.73,668,2022-03-22 14:24:00,VYMI
67.73,67.73,67.73,67.73,219,2022-03-22 14:25:00,VYMI
67.7135,67.7135,67.7135,67.7135,399,2022-03-22 14:26:00,VYMI
67.737,67.737,67.737,67.737,226,2022-03-22 14:28:00,VYMI
67.7648,67.7648,67.7594,67.7594,478,2022-03-22 14:30:00,VYMI
67.71,67.71,67.7,67.7,690,2022-03-22 14:31:00,VYMI
67.7488,67.7488,67.7488,67.7488,186,2022-03-22 14:33:00,VYMI
67.74,67.7505,67.74,67.7505,341,2022-03-22 14:34:00,VYMI
67.8,67.8,67.8,67.8,121,2022-03-22 14:36:00,VYMI
67.7784,67.7784,67.7784,67.7784,105,2022-03-22 14:37:00,VYMI
67.74,67.745,67.72,67.745,931,2022-03-22 14:38:00,VYMI
67.745,67.745,67.745,67.745,118,2022-03-22 14:39:00,VYMI
67.756,67.756,67.754,67.754,365,2022-03-22 14:40:00,VYMI
67.7,67.71,67.7,67.71,200,2022-03-22 14:41:00,VYMI
67.72,67.72,67.72,67.72,192,2022-03-22 14:42:00,VYMI
67.708,67.725,67.708,67.725,338,2022-03-22 14:43:00,VYMI
67.68,67.68,67.68,67.68,100,2022-03-22 14:44:00,VYMI
67.69,67.705,67.67,67.705,1100,2022-03-22 14:45:00,VYMI
67.68,67.68,67.68,67.68,100,2022-03-22 14:46:00,VYMI
67.7281,67.7281,67.7,67.71,2229,2022-03-22 14:47:00,VYMI
67.7,67.7,67.7,67.7,2340,2022-03-22 14:48:00,VYMI
67.7799,67.7799,67.7288,67.7288,2635,2022-03-22 14:49:00,VYMI
67.731,67.731,67.731,67.731,1792,2022-03-22 14:51:00,VYMI
67.75,67.75,67.721,67.721,252,2022-03-22 14:54:00,VYMI
67.75,67.75,67.72,67.72,888,2022-03-22 14:57:00,VYMI
67.7046,67.7046,67.7046,67.7046,148,2022-03-22 14:58:00,VYMI
67.7456,67.77,67.7456,67.77,914,2022-03-22 14:59:00,VYMI
67.72,67.72,67.671,67.671,200,2022-03-22 15:00:00,VYMI
67.66,67.66,67.65,67.65,901,2022-03-22 15:01:00,VYMI
67.67,67.67,67.67,67.67,100,2022-03-22 15:04:00,VYMI
67.645,67.645,67.645,67.645,100,2022-03-22 15:07:00,VYMI
67.65,67.65,67.65,67.65,106,2022-03-22 15:08:00,VYMI
67.65,67.65,67.6412,67.6412,283,2022-03-22 15:09:00,VYMI
67.64,67.65,67.64,67.65,700,2022-03-22 15:11:00,VYMI
67.65,67.65,67.65,67.65,600,2022-03-22 15:12:00,VYMI
67.6857,67.6857,67.6857,67.6857,791,2022-03-22 15:13:00,VYMI
67.628,67.628,67.628,67.628,710,2022-03-22 15:15:00,VYMI
67.65,67.65,67.65,67.65,600,2022-03-22 15:16:00,VYMI
67.635,67.635,67.635,67.635,783,2022-03-22 15:17:00,VYMI
67.61,67.61,67.61,67.61,272,2022-03-22 15:18:00,VYMI
67.6253,67.63,67.6253,67.63,569,2022-03-22 15:19:00,VYMI
67.6799,67.6799,67.6799,67.6799,5975,2022-03-22 15:21:00,VYMI
67.6642,67.6642,67.66,67.66,300,2022-03-22 15:24:00,VYMI
67.6,67.6,67.6,67.6,125,2022-03-22 15:25:00,VYMI
67.6434,67.6434,67.6434,67.6434,112,2022-03-22 15:29:00,VYMI
67.63,67.63,67.61,67.61,330,2022-03-22 15:30:00,VYMI
67.58,67.6099,67.58,67.6099,400,2022-03-22 15:32:00,VYMI
67.57,67.57,67.54,67.5641,5087,2022-03-22 15:33:00,VYMI
67.57,67.57,67.57,67.57,396,2022-03-22 15:34:00,VYMI
67.5999,67.5999,67.555,67.555,2105,2022-03-22 15:35:00,VYMI
67.5645,67.5899,67.5645,67.5732,1286,2022-03-22 15:36:00,VYMI
67.5526,67.58,67.5526,67.58,716,2022-03-22 15:37:00,VYMI
67.61,67.61,67.61,67.61,100,2022-03-22 15:38:00,VYMI
67.5701,67.58,67.5701,67.58,700,2022-03-22 15:39:00,VYMI
67.599,67.6061,67.5748,67.6061,888,2022-03-22 15:40:00,VYMI
67.52,67.52,67.52,67.52,143,2022-03-22 15:42:00,VYMI
67.5332,67.5633,67.5332,67.5633,705,2022-03-22 15:43:00,VYMI
67.5495,67.5671,67.53,67.55,1486,2022-03-22 15:45:00,VYMI
67.5653,67.5653,67.559,67.559,1619,2022-03-22 15:46:00,VYMI
67.58,67.6092,67.58,67.6092,200,2022-03-22 15:47:00,VYMI
67.5645,67.5645,67.5645,67.5645,221,2022-03-22 15:48:00,VYMI
67.565,67.5756,67.541,67.5756,1651,2022-03-22 15:49:00,VYMI
67.5999,67.5999,67.57,67.57,650,2022-03-22 15:50:00,VYMI
67.57,67.6166,67.57,67.6166,833,2022-03-22 15:51:00,VYMI
67.57,67.57,67.57,67.57,100,2022-03-22 15:52:00,VYMI
67.57,67.57,67.54,67.54,1373,2022-03-22 15:54:00,VYMI
67.6,67.6,67.6,67.6,100,2022-03-22 15:55:00,VYMI
67.5736,67.6,67.5736,67.6,1142,2022-03-22 15:56:00,VYMI
67.585,67.585,67.585,67.585,157,2022-03-22 16:03:00,VYMI
67.6,67.6,67.5724,67.5724,816,2022-03-22 16:04:00,VYMI
67.62,67.65,67.62,67.6281,1106,2022-03-22 16:05:00,VYMI
67.659,67.66,67.6417,67.66,700,2022-03-22 16:06:00,VYMI
67.6695,67.6695,67.63,67.63,500,2022-03-22 16:08:00,VYMI
67.65,67.65,67.65,67.65,730,2022-03-22 16:09:00,VYMI
67.66,67.66,67.6344,67.6344,946,2022-03-22 16:10:00,VYMI
67.6456,67.6456,67.6456,67.6456,224,2022-03-22 16:11:00,VYMI
67.64,67.64,67.64,67.64,100,2022-03-22 16:12:00,VYMI
67.626,67.64,67.61,67.61,1413,2022-03-22 16:13:00,VYMI
67.63,67.64,67.6125,67.64,1597,2022-03-22 16:14:00,VYMI
67.626,67.626,67.57,67.57,1920,2022-03-22 16:15:00,VYMI
67.642,67.642,67.642,67.642,600,2022-03-22 16:17:00,VYMI
67.63,67.63,67.6,67.6,1700,2022-03-22 16:19:00,VYMI
67.58,67.58,67.56,67.56,200,2022-03-22 16:21:00,VYMI
67.56,67.56,67.56,67.56,200,2022-03-22 16:22:00,VYMI
67.54,67.54,67.54,67.54,600,2022-03-22 16:24:00,VYMI
67.54,67.54,67.54,67.54,200,2022-03-22 16:26:00,VYMI
67.5295,67.5295,67.5295,67.5295,484,2022-03-22 16:27:00,VYMI
67.52,67.555,67.52,67.555,7573,2022-03-22 16:28:00,VYMI
67.57,67.57,67.57,67.57,100,2022-03-22 16:29:00,VYMI
67.55,67.55,67.52,67.52,476,2022-03-22 16:30:00,VYMI
67.5102,67.5102,67.5102,67.5102,122,2022-03-22 16:31:00,VYMI
67.525,67.525,67.525,67.525,117,2022-03-22 16:32:00,VYMI
67.545,67.545,67.545,67.545,271,2022-03-22 16:33:00,VYMI
67.6,67.6,67.6,67.6,100,2022-03-22 16:34:00,VYMI
67.63,67.63,67.63,67.63,100,2022-03-22 16:37:00,VYMI
67.635,67.635,67.635,67.635,350,2022-03-22 16:38:00,VYMI
67.5951,67.5951,67.5951,67.5951,173,2022-03-22 16:40:00,VYMI
67.582,67.64,67.58,67.64,2800,2022-03-22 16:41:00,VYMI
67.64,67.64,67.57,67.6151,1625,2022-03-22 16:42:00,VYMI
67.64,67.64,67.6,67.6,200,2022-03-22 16:44:00,VYMI
67.65,67.65,67.61,67.63,1140,2022-03-22 16:46:00,VYMI
67.66,67.66,67.66,67.66,100,2022-03-22 16:47:00,VYMI
67.66,67.66,67.65,67.65,200,2022-03-22 16:48:00,VYMI
67.66,67.66,67.66,67.66,620,2022-03-22 16:49:00,VYMI
67.63,67.63,67.63,67.63,800,2022-03-22 16:50:00,VYMI
67.6579,67.6857,67.6579,67.66,865,2022-03-22 16:52:00,VYMI
67.67,67.67,67.665,67.665,200,2022-03-22 16:53:00,VYMI
67.66,67.66,67.66,67.66,373,2022-03-22 16:54:00,VYMI
67.69,67.69,67.6854,67.69,1024,2022-03-22 16:56:00,VYMI
67.6968,67.6968,67.68,67.68,400,2022-03-22 16:57:00,VYMI
67.6972,67.6972,67.6972,67.6972,142,2022-03-22 16:59:00,VYMI
67.675,67.675,67.675,67.675,375,2022-03-22 17:00:00,VYMI
67.7,67.7,67.7,67.7,300,2022-03-22 17:02:00,VYMI
67.71,67.71,67.7,67.7,320,2022-03-22 17:03:00,VYMI
67.7192,67.73,67.7192,67.73,314,2022-03-22 17:04:00,VYMI
67.74,67.74,67.73,67.73,496,2022-03-22 17:06:00,VYMI
67.71,67.71,67.71,67.71,100,2022-03-22 17:08:00,VYMI
67.71,67.71,67.71,67.71,100,2022-03-22 17:10:00,VYMI
67.72,67.72,67.72,67.72,340,2022-03-22 17:11:00,VYMI
67.74,67.74,67.72,67.72,300,2022-03-22 17:14:00,VYMI
67.75,67.7537,67.75,67.7537,465,2022-03-22 17:15:00,VYMI
67.75,67.75,67.75,67.75,151,2022-03-22 17:17:00,VYMI
67.73,67.73,67.73,67.73,298,2022-03-22 17:19:00,VYMI
67.75,67.75,67.75,67.75,150,2022-03-22 17:20:00,VYMI
67.735,67.735,67.735,67.735,358,2022-03-22 17:21:00,VYMI
67.75,67.75,67.75,67.75,100,2022-03-22 17:23:00,VYMI
67.7574,67.7574,67.7574,67.7574,500,2022-03-22 17:24:00,VYMI
67.78,67.78,67.78,67.78,100,2022-03-22 17:26:00,VYMI
67.755,67.78,67.755,67.78,319,2022-03-22 17:31:00,VYMI
67.768,67.78,67.768,67.78,465,2022-03-22 17:32:00,VYMI
67.7502,67.7502,67.7502,67.7502,473,2022-03-22 17:33:00,VYMI
67.7788,67.7788,67.7788,67.7788,114,2022-03-22 17:34:00,VYMI
67.78,67.78,67.77,67.77,707,2022-03-22 17:35:00,VYMI
67.77,67.77,67.77,67.77,493,2022-03-22 17:36:00,VYMI
67.76,67.77,67.716,67.74,715,2022-03-22 17:37:00,VYMI
67.7599,67.7599,67.7599,67.7599,1000,2022-03-22 17:38:00,VYMI
67.77,67.77,67.77,67.77,100,2022-03-22 17:39:00,VYMI
67.7204,67.7204,67.7204,67.7204,1717,2022-03-22 17:41:00,VYMI
67.73,67.73,67.73,67.73,163,2022-03-22 17:42:00,VYMI
67.73,67.73,67.73,67.73,295,2022-03-22 17:43:00,VYMI
67.72,67.72,67.72,67.72,100,2022-03-22 17:47:00,VYMI
67.73,67.7499,67.73,67.7499,633,2022-03-22 17:48:00,VYMI
67.72,67.72,67.72,67.72,437,2022-03-22 17:49:00,VYMI
67.7201,67.7201,67.7201,67.7201,100,2022-03-22 17:50:00,VYMI
67.7753,67.7753,67.7753,67.7753,191,2022-03-22 17:52:00,VYMI
67.758,67.758,67.758,67.758,156,2022-03-22 17:53:00,VYMI
67.7699,67.77,67.7644,67.7644,1756,2022-03-22 17:55:00,VYMI
67.7541,67.7774,67.7421,67.7421,1857,2022-03-22 17:57:00,VYMI
67.76,67.7788,67.7492,67.7656,7005,2022-03-22 17:58:00,VYMI
67.78,67.78,67.76,67.76,924,2022-03-22 17:59:00,VYMI
67.7759,67.7759,67.7759,67.7759,145,2022-03-22 18:00:00,VYMI
67.75,67.75,67.74,67.74,329,2022-03-22 18:01:00,VYMI
67.73,67.73,67.73,67.73,206,2022-03-22 18:04:00,VYMI
67.7,67.76,67.7,67.76,422,2022-03-22 18:06:00,VYMI
67.73,67.73,67.73,67.73,715,2022-03-22 18:07:00,VYMI
67.75,67.75,67.75,67.75,100,2022-03-22 18:08:00,VYMI
67.735,67.735,67.735,67.735,200,2022-03-22 18:09:00,VYMI
67.7646,67.7646,67.749,67.749,250,2022-03-22 18:13:00,VYMI
67.77,67.77,67.77,67.77,100,2022-03-22 18:14:00,VYMI
67.75,67.75,67.75,67.75,100,2022-03-22 18:15:00,VYMI
67.77,67.79,67.7695,67.7695,619,2022-03-22 18:18:00,VYMI
67.78,67.78,67.77,67.7736,1175,2022-03-22 18:19:00,VYMI
67.76,67.76,67.75,67.75,200,2022-03-22 18:20:00,VYMI
67.75,67.75,67.7484,67.7484,734,2022-03-22 18:22:00,VYMI
67.75,67.75,67.75,67.75,200,2022-03-22 18:23:00,VYMI
67.7252,67.7252,67.7051,67.7051,496,2022-03-22 18:25:00,VYMI
67.7,67.7,67.7,67.7,601,2022-03-22 18:26:00,VYMI
67.66,67.66,67.645,67.645,1040,2022-03-22 18:27:00,VYMI
67.64,67.65,67.63,67.64,1635,2022-03-22 18:28:00,VYMI
67.65,67.65,67.65,67.65,123,2022-03-22 18:29:00,VYMI
67.639,67.639,67.61,67.63,1800,2022-03-22 18:31:00,VYMI
67.67,67.68,67.67,67.68,490,2022-03-22 18:32:00,VYMI
67.66,67.69,67.66,67.69,915,2022-03-22 18:34:00,VYMI
67.68,67.68,67.68,67.68,732,2022-03-22 18:35:00,VYMI
67.7,67.7,67.7,67.7,2162,2022-03-22 18:36:00,VYMI
67.66,67.68,67.66,67.68,490,2022-03-22 18:37:00,VYMI
67.7,67.7,67.68,67.68,440,2022-03-22 18:39:00,VYMI
67.68,67.68,67.68,67.68,100,2022-03-22 18:40:00,VYMI
67.65,67.6599,67.63,67.6599,931,2022-03-22 18:41:00,VYMI
67.665,67.68,67.66,67.68,1377,2022-03-22 18:42:00,VYMI
67.65,67.65,67.65,67.65,100,2022-03-22 18:43:00,VYMI
67.65,67.65,67.65,67.65,100,2022-03-22 18:45:00,VYMI
67.62,67.64,67.62,67.64,319,2022-03-22 18:46:00,VYMI
67.665,67.665,67.63,67.63,2694,2022-03-22 18:48:00,VYMI
67.62,67.64,67.62,67.64,1308,2022-03-22 18:49:00,VYMI
67.65,67.66,67.65,67.66,286,2022-03-22 18:51:00,VYMI
67.67,67.67,67.67,67.67,400,2022-03-22 18:52:00,VYMI
67.66,67.68,67.66,67.68,200,2022-03-22 18:54:00,VYMI
67.69,67.69,67.66,67.66,416,2022-03-22 18:55:00,VYMI
67.71,67.72,67.71,67.72,300,2022-03-22 18:59:00,VYMI
67.65,67.65,67.65,67.65,857,2022-03-22 19:00:00,VYMI
67.66,67.66,67.66,67.66,100,2022-03-22 19:01:00,VYMI
67.68,67.68,67.68,67.68,400,2022-03-22 19:02:00,VYMI
67.71,67.71,67.71,67.71,100,2022-03-22 19:03:00,VYMI
67.7056,67.7056,67.7056,67.7056,116,2022-03-22 19:04:00,VYMI
67.695,67.695,67.695,67.695,162,2022-03-22 19:07:00,VYMI
67.71,67.71,67.695,67.698,683,2022-03-22 19:09:00,VYMI
67.73,67.73,67.7,67.7174,897,2022-03-22 19:10:00,VYMI
67.72,67.72,67.69,67.69,606,2022-03-22 19:11:00,VYMI
67.71,67.714,67.71,67.714,543,2022-03-22 19:14:00,VYMI
67.7359,67.7471,67.7359,67.7471,1005,2022-03-22 19:15:00,VYMI
67.73,67.73,67.73,67.73,600,2022-03-22 19:16:00,VYMI
67.74,67.74,67.72,67.735,400,2022-03-22 19:17:00,VYMI
67.7,67.7,67.7,67.7,200,2022-03-22 19:18:00,VYMI
67.7064,67.7064,67.7064,67.7064,695,2022-03-22 19:19:00,VYMI
67.7,67.7,67.699,67.699,400,2022-03-22 19:22:00,VYMI
67.68,67.68,67.66,67.66,1330,2022-03-22 19:23:00,VYMI
67.705,67.705,67.705,67.705,369,2022-03-22 19:24:00,VYMI
67.67,67.71,67.67,67.71,400,2022-03-22 19:26:00,VYMI
67.7,67.7,67.7,67.7,200,2022-03-22 19:28:00,VYMI
67.705,67.705,67.705,67.705,100,2022-03-22 19:29:00,VYMI
67.69,67.69,67.69,67.69,400,2022-03-22 19:30:00,VYMI
67.69,67.69,67.69,67.69,100,2022-03-22 19:32:00,VYMI
67.7192,67.72,67.7192,67.72,573,2022-03-22 19:33:00,VYMI
67.7282,67.7282,67.7,67.7,840,2022-03-22 19:34:00,VYMI
67.71,67.74,67.7,67.71,11889,2022-03-22 19:35:00,VYMI
67.71,67.7192,67.68,67.68,2381,2022-03-22 19:36:00,VYMI
67.73,67.73,67.73,67.73,590,2022-03-22 19:38:00,VYMI
67.6803,67.71,67.6803,67.71,3001,2022-03-22 19:40:00,VYMI
67.71,67.7115,67.71,67.7115,927,2022-03-22 19:41:00,VYMI
67.7445,67.7445,67.7445,67.7445,295,2022-03-22 19:42:00,VYMI
67.76,67.76,67.745,67.745,1563,2022-03-22 19:44:00,VYMI
67.745,67.7492,67.745,67.7492,1232,2022-03-22 19:45:00,VYMI
67.77,67.77,67.77,67.77,176,2022-03-22 19:47:00,VYMI
67.79,67.8,67.79,67.8,400,2022-03-22 19:48:00,VYMI
67.8,67.8,67.8,67.8,500,2022-03-22 19:49:00,VYMI
67.8,67.81,67.77,67.77,1598,2022-03-22 19:50:00,VYMI
67.7337,67.7337,67.7337,67.7337,827,2022-03-22 19:51:00,VYMI
67.75,67.75,67.75,67.75,400,2022-03-22 19:52:00,VYMI
67.74,67.77,67.74,67.76,4028,2022-03-22 19:53:00,VYMI
67.7292,67.7292,67.7292,67.7292,1862,2022-03-22 19:54:00,VYMI
67.72,67.72,67.6987,67.6987,1695,2022-03-22 19:55:00,VYMI
67.71,67.71,67.7,67.7,200,2022-03-22 19:56:00,VYMI
67.71,67.74,67.71,67.74,2962,2022-03-22 19:57:00,VYMI
67.74,67.74,67.735,67.735,309,2022-03-22 19:58:00,VYMI
67.75,67.75,67.72,67.72,2752,2022-03-22 19:59:00,VYMI
67.75,67.75,67.75,67.75,536,2022-03-22 20:00:00,VYMI
67.21,67.21,67.1476,67.1476,21414,2022-03-23 13:30:00,VYMI
67.15,67.15,67.15,67.15,100,2022-03-23 13:31:00,VYMI
67.13,67.13,67.11,67.11,8664,2022-03-23 13:33:00,VYMI
67.1,67.14,67.1,67.13,1100,2022-03-23 13:34:00,VYMI
67.085,67.15,67.085,67.15,7125,2022-03-23 13:35:00,VYMI
67.14,67.14,67.13,67.14,3600,2022-03-23 13:36:00,VYMI
67.17,67.18,67.14,67.15,5744,2022-03-23 13:37:00,VYMI
67.15,67.15,67.12,67.13,10655,2022-03-23 13:38:00,VYMI
67.12,67.13,67.12,67.13,200,2022-03-23 13:39:00,VYMI
67.15,67.15,67.1462,67.1462,286,2022-03-23 13:40:00,VYMI
67.16,67.16,67.14,67.15,1400,2022-03-23 13:41:00,VYMI
67.16,67.2,67.16,67.2,577,2022-03-23 13:42:00,VYMI
67.2,67.2,67.2,67.2,400,2022-03-23 13:43:00,VYMI
67.19,67.19,67.18,67.19,600,2022-03-23 13:44:00,VYMI
67.19,67.19,67.12,67.15,1800,2022-03-23 13:45:00,VYMI
67.15,67.15,67.15,67.15,100,2022-03-23 13:46:00,VYMI
67.15,67.15,67.15,67.15,446,2022-03-23 13:47:00,VYMI
67.1667,67.1667,67.1667,67.1667,1982,2022-03-23 13:48:00,VYMI
67.15,67.15,67.15,67.15,200,2022-03-23 13:50:00,VYMI
67.14,67.15,67.14,67.15,400,2022-03-23 13:51:00,VYMI
67.14,67.14,67.1327,67.14,865,2022-03-23 13:52:00,VYMI
67.13,67.13,67.13,67.13,134,2022-03-23 13:53:00,VYMI
67.18,67.18,67.18,67.18,200,2022-03-23 13:54:00,VYMI
67.2,67.2,67.2,67.2,100,2022-03-23 13:55:00,VYMI
67.22,67.22,67.22,67.22,300,2022-03-23 13:56:00,VYMI
67.23,67.23,67.22,67.22,714,2022-03-23 13:57:00,VYMI
67.219,67.219,67.21,67.21,1046,2022-03-23 13:58:00,VYMI
67.18,67.2,67.18,67.185,1153,2022-03-23 14:00:00,VYMI
67.1513,67.1513,67.1513,67.1513,744,2022-03-23 14:01:00,VYMI
67.19,67.19,67.19,67.19,354,2022-03-23 14:02:00,VYMI
67.21,67.21,67.21,67.21,200,2022-03-23 14:03:00,VYMI
67.24,67.25,67.24,67.25,400,2022-03-23 14:04:00,VYMI
67.3,67.338,67.3,67.338,844,2022-03-23 14:07:00,VYMI
67.36,67.38,67.36,67.38,420,2022-03-23 14:12:00,VYMI
67.395,67.395,67.395,67.395,300,2022-03-23 14:14:00,VYMI
67.41,67.41,67.41,67.41,500,2022-03-23 14:15:00,VYMI
67.45,67.45,67.43,67.43,700,2022-03-23 14:16:00,VYMI
67.42,67.42,67.4189,67.4189,650,2022-03-23 14:17:00,VYMI
67.4174,67.43,67.415,67.42,2453,2022-03-23 14:18:00,VYMI
67.42,67.42,67.42,67.42,100,2022-03-23 14:19:00,VYMI
67.42,67.42,67.4096,67.41,1600,2022-03-23 14:20:00,VYMI
67.41,67.41,67.41,67.41,100,2022-03-23 14:21:00,VYMI
67.42,67.425,67.4,67.4,3544,2022-03-23 14:22:00,VYMI
67.4,67.41,67.3501,67.41,3719,2022-03-23 14:23:00,VYMI
67.42,67.45,67.42,67.45,1000,2022-03-23 14:24:00,VYMI
67.458,67.458,67.458,67.458,100,2022-03-23 14:25:00,VYMI
67.42,67.42,67.42,67.42,300,2022-03-23 14:26:00,VYMI
67.4,67.4,67.3978,67.3978,941,2022-03-23 14:27:00,VYMI
67.39,67.4,67.39,67.39,400,2022-03-23 14:28:00,VYMI
67.4,67.4,67.4,67.4,200,2022-03-23 14:29:00,VYMI
67.43,67.43,67.43,67.43,100,2022-03-23 14:30:00,VYMI
67.44,67.46,67.4174,67.43,919,2022-03-23 14:31:00,VYMI
67.439,67.44,67.4178,67.44,5711,2022-03-23 14:32:00,VYMI
67.4116,67.44,67.4116,67.44,1474,2022-03-23 14:33:00,VYMI
67.44,67.45,67.435,67.44,1191,2022-03-23 14:34:00,VYMI
67.43,67.435,67.43,67.43,757,2022-03-23 14:35:00,VYMI
67.43,67.44,67.43,67.44,800,2022-03-23 14:36:00,VYMI
67.44,67.45,67.44,67.45,600,2022-03-23 14:37:00,VYMI
67.435,67.435,67.435,67.435,225,2022-03-23 14:38:00,VYMI
67.45,67.45,67.42,67.42,264,2022-03-23 14:39:00,VYMI
67.43,67.43,67.42,67.42,263,2022-03-23 14:40:00,VYMI
67.38,67.38,67.36,67.36,500,2022-03-23 14:42:00,VYMI
67.365,67.365,67.365,67.365,100,2022-03-23 14:44:00,VYMI
67.349,67.36,67.3483,67.3598,5271,2022-03-23 14:46:00,VYMI
67.33,67.33,67.33,67.33,400,2022-03-23 14:47:00,VYMI
67.32,67.3467,67.32,67.3467,539,2022-03-23 14:48:00,VYMI
67.35,67.35,67.325,67.325,200,2022-03-23 14:49:00,VYMI
67.35,67.35,67.35,67.35,400,2022-03-23 14:50:00,VYMI
67.364,67.364,67.355,67.364,500,2022-03-23 14:51:00,VYMI
67.35,67.35,67.35,67.35,300,2022-03-23 14:52:00,VYMI
67.36,67.37,67.36,67.36,501,2022-03-23 14:53:00,VYMI
67.37,67.37,67.37,67.37,580,2022-03-23 14:57:00,VYMI
67.38,67.38,67.365,67.365,6132,2022-03-23 14:58:00,VYMI
67.38,67.38,67.37,67.37,200,2022-03-23 14:59:00,VYMI
67.37,67.37,67.37,67.37,100,2022-03-23 15:00:00,VYMI
67.39,67.4,67.39,67.4,1000,2022-03-23 15:01:00,VYMI
67.4,67.4,67.4,67.4,100,2022-03-23 15:02:00,VYMI
67.41,67.42,67.41,67.42,600,2022-03-23 15:03:00,VYMI
67.395,67.395,67.395,67.395,215,2022-03-23 15:04:00,VYMI
67.4,67.4,67.4,67.4,100,2022-03-23 15:05:00,VYMI
67.39,67.39,67.39,67.39,200,2022-03-23 15:06:00,VYMI
67.3861,67.3861,67.3861,67.3861,1483,2022-03-23 15:07:00,VYMI
67.39,67.39,67.39,67.39,180,2022-03-23 15:08:00,VYMI
67.39,67.39,67.37,67.37,1413,2022-03-23 15:09:00,VYMI
67.3352,67.3352,67.3352,67.3352,100,2022-03-23 15:10:00,VYMI
67.37,67.37,67.345,67.345,410,2022-03-23 15:11:00,VYMI
67.37,67.37,67.37,67.37,300,2022-03-23 15:12:00,VYMI
67.39,67.39,67.3895,67.39,800,2022-03-23 15:13:00,VYMI
67.3992,67.3992,67.3992,67.3992,967,2022-03-23 15:14:00,VYMI
67.41,67.41,67.41,67.41,100,2022-03-23 15:15:00,VYMI
67.4091,67.4091,67.4091,67.4091,1425,2022-03-23 15:16:00,VYMI
67.395,67.395,67.395,67.395,100,2022-03-23 15:17:00,VYMI
67.4,67.4,67.3991,67.3991,600,2022-03-23 15:19:00,VYMI
67.41,67.41,67.4,67.41,1147,2022-03-23 15:20:00,VYMI
67.41,67.41,67.41,67.41,500,2022-03-23 15:21:00,VYMI
67.4,67.41,67.4,67.41,374,2022-03-23 15:23:00,VYMI
67.41,67.41,67.41,67.41,200,2022-03-23 15:24:00,VYMI
67.43,67.44,67.409,67.436,2673,2022-03-23 15:26:00,VYMI
67.44,67.44,67.44,67.44,100,2022-03-23 15:27:00,VYMI
67.43,67.43,67.43,67.43,100,2022-03-23 15:28:00,VYMI
67.45,67.45,67.45,67.45,100,2022-03-23 15:29:00,VYMI
67.45,67.46,67.445,67.46,300,2022-03-23 15:30:00,VYMI
67.43,67.43,67.42,67.42,780,2022-03-23 15:32:00,VYMI
67.43,67.43,67.415,67.415,257,2022-03-23 15:34:00,VYMI
67.43,67.45,67.4101,67.45,916,2022-03-23 15:35:00,VYMI
67.45,67.45,67.45,67.45,100,2022-03-23 15:36:00,VYMI
67.45,67.45,67.4141,67.4141,632,2022-03-23 15:37:00,VYMI
67.45,67.45,67.45,67.45,549,2022-03-23 15:38:00,VYMI
67.45,67.45,67.45,67.45,100,2022-03-23 15:40:00,VYMI
67.46,67.46,67.4409,67.46,1642,2022-03-23 15:41:00,VYMI
67.45,67.45,67.44,67.44,502,2022-03-23 15:42:00,VYMI
67.43,67.43,67.43,67.43,200,2022-03-23 15:44:00,VYMI
67.45,67.46,67.4302,67.46,1137,2022-03-23 15:45:00,VYMI
67.45,67.45,67.45,67.45,100,2022-03-23 15:46:00,VYMI
67.432,67.4384,67.432,67.4384,232,2022-03-23 15:47:00,VYMI
67.425,67.425,67.425,67.425,150,2022-03-23 15:48:00,VYMI
67.4381,67.4499,67.4245,67.4489,2783,2022-03-23 15:49:00,VYMI
67.44,67.449,67.44,67.449,296,2022-03-23 15:50:00,VYMI
67.45,67.45,67.45,67.45,500,2022-03-23 15:51:00,VYMI
67.46,67.46,67.46,67.46,100,2022-03-23 15:52:00,VYMI
67.46,67.47,67.46,67.47,600,2022-03-23 15:53:00,VYMI
67.465,67.48,67.465,67.48,400,2022-03-23 15:54:00,VYMI
67.5,67.52,67.49,67.49,4195,2022-03-23 15:55:00,VYMI
67.45,67.45,67.45,67.45,200,2022-03-23 15:57:00,VYMI
67.46,67.46,67.46,67.46,100,2022-03-23 15:59:00,VYMI
67.46,67.47,67.46,67.47,763,2022-03-23 16:00:00,VYMI
67.49,67.49,67.48,67.49,2050,2022-03-23 16:02:00,VYMI
67.5,67.51,67.5,67.51,827,2022-03-23 16:03:00,VYMI
67.4511,67.4511,67.4511,67.4511,298,2022-03-23 16:05:00,VYMI
67.4011,67.41,67.4,67.41,836,2022-03-23 16:08:00,VYMI
67.4,67.4,67.38,67.38,300,2022-03-23 16:11:00,VYMI
67.37,67.37,67.37,67.37,4000,2022-03-23 16:12:00,VYMI
67.3536,67.36,67.35,67.35,982,2022-03-23 16:13:00,VYMI
67.38,67.38,67.38,67.38,448,2022-03-23 16:14:00,VYMI
67.38,67.39,67.38,67.39,320,2022-03-23 16:15:00,VYMI
67.39,67.4,67.39,67.4,700,2022-03-23 16:16:00,VYMI
67.41,67.41,67.4,67.41,498,2022-03-23 16:17:00,VYMI
67.405,67.41,67.38,67.4099,2625,2022-03-23 16:18:00,VYMI
67.41,67.41,67.41,67.41,600,2022-03-23 16:19:00,VYMI
67.4,67.4,67.4,67.4,1900,2022-03-23 16:20:00,VYMI
67.4,67.4,67.39,67.39,400,2022-03-23 16:21:00,VYMI
67.38,67.38,67.38,67.38,100,2022-03-23 16:25:00,VYMI
67.39,67.39,67.39,67.39,155,2022-03-23 16:26:00,VYMI
67.38,67.38,67.38,67.38,100,2022-03-23 16:29:00,VYMI
67.375,67.3799,67.37,67.37,1420,2022-03-23 16:30:00,VYMI
67.39,67.41,67.39,67.41,800,2022-03-23 16:31:00,VYMI
67.4,67.4,67.39,67.39,200,2022-03-23 16:32:00,VYMI
67.37,67.375,67.37,67.375,720,2022-03-23 16:34:00,VYMI
67.36,67.36,67.36,67.36,100,2022-03-23 16:35:00,VYMI
67.34,67.34,67.34,67.34,500,2022-03-23 16:36:00,VYMI
67.36,67.36,67.345,67.345,1633,2022-03-23 16:37:00,VYMI
67.36,67.36,67.36,67.36,300,2022-03-23 16:38:00,VYMI
67.37,67.39,67.37,67.39,355,2022-03-23 16:39:00,VYMI
67.36,67.36,67.34,67.34,405,2022-03-23 16:43:00,VYMI
67.3,67.3,67.3,67.3,379,2022-03-23 16:45:00,VYMI
67.275,67.3,67.275,67.3,200,2022-03-23 16:46:00,VYMI
67.3,67.3,67.3,67.3,400,2022-03-23 16:47:00,VYMI
67.31,67.33,67.31,67.3132,1630,2022-03-23 16:48:00,VYMI
67.329,67.33,67.329,67.33,500,2022-03-23 16:49:00,VYMI
67.31,67.31,67.31,67.31,100,2022-03-23 16:50:00,VYMI
67.3,67.3,67.3,67.3,100,2022-03-23 16:51:00,VYMI
67.32,67.33,67.32,67.33,600,2022-03-23 16:52:00,VYMI
67.325,67.33,67.3206,67.3206,495,2022-03-23 16:53:00,VYMI
67.32,67.33,67.32,67.32,866,2022-03-23 16:55:00,VYMI
67.33,67.33,67.3299,67.3299,594,2022-03-23 16:57:00,VYMI
67.32,67.33,67.32,67.33,300,2022-03-23 16:58:00,VYMI
67.3259,67.33,67.32,67.32,900,2022-03-23 16:59:00,VYMI
67.32,67.32,67.32,67.32,100,2022-03-23 17:00:00,VYMI
67.32,67.32,67.32,67.32,267,2022-03-23 17:01:00,VYMI
67.29,67.29,67.27,67.27,500,2022-03-23 17:04:00,VYMI
67.2675,67.29,67.2675,67.29,700,2022-03-23 17:05:00,VYMI
67.3286,67.3286,67.3286,67.3286,500,2022-03-23 17:06:00,VYMI
67.33,67.33,67.33,67.33,200,2022-03-23 17:07:00,VYMI
67.32,67.32,67.32,67.32,100,2022-03-23 17:09:00,VYMI
67.32,67.33,67.32,67.33,300,2022-03-23 17:10:00,VYMI
67.31,67.31,67.3,67.3,200,2022-03-23 17:14:00,VYMI
67.31,67.31,67.29,67.29,200,2022-03-23 17:15:00,VYMI
67.2986,67.2986,67.28,67.28,910,2022-03-23 17:16:00,VYMI
67.25,67.25,67.25,67.25,459,2022-03-23 17:17:00,VYMI
67.23,67.234,67.23,67.23,2400,2022-03-23 17:19:00,VYMI
67.25,67.25,67.25,67.25,2831,2022-03-23 17:20:00,VYMI
67.25,67.25,67.25,67.25,6800,2022-03-23 17:21:00,VYMI
67.27,67.28,67.25,67.25,2299,2022-03-23 17:22:00,VYMI
67.29,67.29,67.29,67.29,100,2022-03-23 17:23:00,VYMI
67.25,67.25,67.25,67.25,525,2022-03-23 17:25:00,VYMI
67.22,67.22,67.22,67.22,200,2022-03-23 17:29:00,VYMI
67.2,67.2177,67.14,67.15,4658,2022-03-23 17:30:00,VYMI
67.16,67.18,67.16,67.18,1200,2022-03-23 17:31:00,VYMI
67.2,67.21,67.2,67.2099,2730,2022-03-23 17:32:00,VYMI
67.2064,67.2064,67.2,67.2,469,2022-03-23 17:33:00,VYMI
67.21,67.24,67.21,67.24,200,2022-03-23 17:34:00,VYMI
67.21,67.21,67.21,67.21,100,2022-03-23 17:35:00,VYMI
67.21,67.22,67.21,67.22,928,2022-03-23 17:36:00,VYMI
67.21,67.21,67.21,67.21,100,2022-03-23 17:37:00,VYMI
67.22,67.22,67.22,67.22,300,2022-03-23 17:38:00,VYMI
67.2483,67.2483,67.2378,67.2378,505,2022-03-23 17:39:00,VYMI
67.225,67.225,67.225,67.225,298,2022-03-23 17:40:00,VYMI
67.21,67.21,67.21,67.21,200,2022-03-23 17:41:00,VYMI
67.2,67.2149,67.2,67.2149,309,2022-03-23 17:43:00,VYMI
67.185,67.185,67.185,67.185,100,2022-03-23 17:45:00,VYMI
67.17,67.18,67.17,67.18,300,2022-03-23 17:46:00,VYMI
67.1554,67.1554,67.1554,67.1554,100,2022-03-23 17:48:00,VYMI
67.16,67.18,67.16,67.18,200,2022-03-23 17:49:00,VYMI
67.178,67.178,67.165,67.165,438,2022-03-23 17:50:00,VYMI
67.17,67.19,67.17,67.19,1200,2022-03-23 17:51:00,VYMI
67.23,67.23,67.2299,67.2299,1550,2022-03-23 17:52:00,VYMI
67.23,67.23,67.23,67.23,100,2022-03-23 17:54:00,VYMI
67.23,67.23,67.23,67.23,400,2022-03-23 17:55:00,VYMI
67.2489,67.2489,67.24,67.24,780,2022-03-23 17:57:00,VYMI
67.245,67.245,67.24,67.24,1160,2022-03-23 17:59:00,VYMI
67.23,67.24,67.23,67.23,2101,2022-03-23 18:00:00,VYMI
67.24,67.24,67.24,67.24,100,2022-03-23 18:01:00,VYMI
67.25,67.25,67.25,67.25,200,2022-03-23 18:02:00,VYMI
67.26,67.27,67.26,67.27,800,2022-03-23 18:03:00,VYMI
67.28,67.285,67.28,67.28,1699,2022-03-23 18:04:00,VYMI
67.25,67.25,67.25,67.25,128,2022-03-23 18:05:00,VYMI
67.245,67.245,67.23,67.23,2665,2022-03-23 18:06:00,VYMI
67.24,67.24,67.24,67.24,343,2022-03-23 18:08:00,VYMI
67.231,67.231,67.2115,67.2115,219,2022-03-23 18:09:00,VYMI
67.224,67.224,67.21,67.21,1074,2022-03-23 18:10:00,VYMI
67.21,67.21,67.204,67.204,267,2022-03-23 18:12:00,VYMI
67.2,67.21,67.2,67.2,600,2022-03-23 18:13:00,VYMI
67.195,67.195,67.195,67.195,100,2022-03-23 18:14:00,VYMI
67.2,67.2,67.1849,67.1849,297,2022-03-23 18:15:00,VYMI
67.21,67.23,67.21,67.23,800,2022-03-23 18:16:00,VYMI
67.24,67.27,67.24,67.27,718,2022-03-23 18:17:00,VYMI
67.26,67.26,67.26,67.26,100,2022-03-23 18:18:00,VYMI
67.268,67.268,67.268,67.268,743,2022-03-23 18:20:00,VYMI
67.265,67.265,67.26,67.26,557,2022-03-23 18:21:00,VYMI
67.2699,67.2699,67.2699,67.2699,741,2022-03-23 18:22:00,VYMI
67.27,67.27,67.27,67.27,100,2022-03-23 18:23:00,VYMI
67.26,67.26,67.26,67.26,300,2022-03-23 18:25:00,VYMI
67.27,67.27,67.27,67.27,900,2022-03-23 18:26:00,VYMI
67.33,67.33,67.33,67.33,100,2022-03-23 18:29:00,VYMI
67.32,67.32,67.32,67.32,359,2022-03-23 18:30:00,VYMI
67.3132,67.3132,67.3132,67.3132,124,2022-03-23 18:33:00,VYMI
67.265,67.265,67.265,67.265,100,2022-03-23 18:35:00,VYMI
67.265,67.29,67.265,67.29,778,2022-03-23 18:36:00,VYMI
67.27,67.27,67.27,67.27,600,2022-03-23 18:37:00,VYMI
67.27,67.28,67.27,67.28,552,2022-03-23 18:38:00,VYMI
67.275,67.29,67.27,67.29,759,2022-03-23 18:39:00,VYMI
67.29,67.3,67.29,67.29,419,2022-03-23 18:40:00,VYMI
67.3199,67.3199,67.3199,67.3199,1000,2022-03-23 18:41:00,VYMI
67.305,67.305,67.305,67.305,100,2022-03-23 18:42:00,VYMI
67.3,67.3,67.3,67.3,100,2022-03-23 18:44:00,VYMI
67.305,67.305,67.305,67.305,100,2022-03-23 18:45:00,VYMI
67.31,67.31,67.31,67.31,209,2022-03-23 18:46:00,VYMI
67.31,67.34,67.31,67.34,700,2022-03-23 18:47:00,VYMI
67.34,67.375,67.34,67.375,1041,2022-03-23 18:49:00,VYMI
67.379,67.379,67.379,67.379,500,2022-03-23 18:50:00,VYMI
67.365,67.365,67.365,67.365,350,2022-03-23 18:51:00,VYMI
67.36,67.36,67.35,67.35,767,2022-03-23 18:52:00,VYMI
67.34,67.34,67.34,67.34,125,2022-03-23 18:53:00,VYMI
67.36,67.36,67.36,67.36,500,2022-03-23 18:54:00,VYMI
67.345,67.345,67.345,67.345,100,2022-03-23 18:55:00,VYMI
67.34,67.34,67.3199,67.3199,1399,2022-03-23 18:56:00,VYMI
67.2956,67.2956,67.2956,67.2956,100,2022-03-23 18:57:00,VYMI
67.3,67.3,67.3,67.3,100,2022-03-23 18:58:00,VYMI
67.31,67.31,67.3,67.3,200,2022-03-23 18:59:00,VYMI
67.27,67.28,67.27,67.275,476,2022-03-23 19:00:00,VYMI
67.2997,67.31,67.2997,67.31,660,2022-03-23 19:01:00,VYMI
67.3996,67.3996,67.3996,67.3996,400,2022-03-23 19:03:00,VYMI
67.37,67.3754,67.37,67.37,6032,2022-03-23 19:04:00,VYMI
67.35,67.35,67.35,67.35,500,2022-03-23 19:05:00,VYMI
67.32,67.32,67.32,67.32,1200,2022-03-23 19:06:00,VYMI
67.29,67.29,67.29,67.29,100,2022-03-23 19:10:00,VYMI
67.31,67.32,67.31,67.32,400,2022-03-23 19:11:00,VYMI
67.315,67.315,67.315,67.315,100,2022-03-23 19:12:00,VYMI
67.29,67.29,67.29,67.29,100,2022-03-23 19:13:00,VYMI
67.295,67.31,67.295,67.31,14640,2022-03-23 19:14:00,VYMI
67.312,67.312,67.31,67.31,237,2022-03-23 19:15:00,VYMI
67.32,67.32,67.31,67.32,1969,2022-03-23 19:16:00,VYMI
67.315,67.315,67.31,67.31,1400,2022-03-23 19:17:00,VYMI
67.31,67.31,67.31,67.31,300,2022-03-23 19:18:00,VYMI
67.3,67.3,67.3,67.3,323,2022-03-23 19:19:00,VYMI
67.29,67.31,67.29,67.31,600,2022-03-23 19:20:00,VYMI
67.31,67.31,67.3,67.3,460,2022-03-23 19:21:00,VYMI
67.31,67.31,67.305,67.305,1700,2022-03-23 19:22:00,VYMI
67.31,67.3298,67.31,67.32,2279,2022-03-23 19:23:00,VYMI
67.315,67.36,67.315,67.36,1180,2022-03-23 19:24:00,VYMI
67.37,67.37,67.37,67.37,100,2022-03-23 19:25:00,VYMI
67.36,67.36,67.36,67.36,600,2022-03-23 19:26:00,VYMI
67.3586,67.36,67.3586,67.36,940,2022-03-23 19:28:00,VYMI
67.3664,67.369,67.3633,67.3633,1611,2022-03-23 19:29:00,VYMI
67.36,67.365,67.35,67.365,2411,2022-03-23 19:30:00,VYMI
67.365,67.37,67.365,67.37,1604,2022-03-23 19:31:00,VYMI
67.375,67.375,67.37,67.37,565,2022-03-23 19:32:00,VYMI
67.33,67.334,67.33,67.33,938,2022-03-23 19:33:00,VYMI
67.33,67.34,67.328,67.328,887,2022-03-23 19:34:00,VYMI
67.31,67.32,67.31,67.31,500,2022-03-23 19:36:00,VYMI
67.3028,67.3028,67.3028,67.3028,520,2022-03-23 19:37:00,VYMI
67.31,67.31,67.31,67.31,600,2022-03-23 19:38:00,VYMI
67.3,67.31,67.3,67.31,700,2022-03-23 19:39:00,VYMI
67.3,67.3,67.27,67.27,364,2022-03-23 19:40:00,VYMI
67.26,67.264,67.26,67.26,5166,2022-03-23 19:41:00,VYMI
67.26,67.28,67.26,67.27,400,2022-03-23 19:42:00,VYMI
67.28,67.32,67.28,67.32,1100,2022-03-23 19:43:00,VYMI
67.33,67.33,67.33,67.33,550,2022-03-23 19:44:00,VYMI
67.34,67.36,67.34,67.354,2666,2022-03-23 19:45:00,VYMI
67.3516,67.36,67.3516,67.36,200,2022-03-23 19:46:00,VYMI
67.34,67.34,67.34,67.34,600,2022-03-23 19:47:00,VYMI
67.33,67.33,67.2974,67.2974,700,2022-03-23 19:48:00,VYMI
67.28,67.28,67.25,67.25,568,2022-03-23 19:50:00,VYMI
67.26,67.2697,67.26,67.2697,2100,2022-03-23 19:51:00,VYMI
67.27,67.27,67.27,67.27,100,2022-03-23 19:52:00,VYMI
67.26,67.26,67.24,67.24,300,2022-03-23 19:53:00,VYMI
67.23,67.23,67.23,67.23,200,2022-03-23 19:54:00,VYMI
67.23,67.23,67.23,67.23,400,2022-03-23 19:55:00,VYMI
67.24,67.24,67.23,67.23,413,2022-03-23 19:56:00,VYMI
67.22,67.22,67.2,67.2,629,2022-03-23 19:57:00,VYMI
67.2091,67.2091,67.19,67.19,2955,2022-03-23 19:58:00,VYMI
67.2,67.22,67.19,67.2,3214,2022-03-23 19:59:00,VYMI
67.19,67.19,67.19,67.19,5503,2022-03-23 20:00:00,VYMI
67.46,67.46,67.39,67.39,31991,2022-03-24 13:30:00,VYMI
67.36,67.36,67.36,67.36,318,2022-03-24 13:31:00,VYMI
67.329,67.33,67.305,67.33,2858,2022-03-24 13:32:00,VYMI
67.3213,67.3213,67.3213,67.3213,155,2022-03-24 13:33:00,VYMI
67.32,67.32,67.32,67.32,163,2022-03-24 13:34:00,VYMI
67.3489,67.3489,67.3489,67.3489,108,2022-03-24 13:38:00,VYMI
67.335,67.335,67.335,67.335,198,2022-03-24 13:39:00,VYMI
67.38,67.38,67.36,67.36,891,2022-03-24 13:41:00,VYMI
67.43,67.43,67.41,67.41,1206,2022-03-24 13:42:00,VYMI
67.3807,67.3807,67.3807,67.3807,284,2022-03-24 13:43:00,VYMI
67.45,67.45,67.4,67.4,480,2022-03-24 13:44:00,VYMI
67.3832,67.3832,67.3832,67.3832,148,2022-03-24 13:45:00,VYMI
67.39,67.39,67.3899,67.39,2936,2022-03-24 13:46:00,VYMI
67.4,67.4,67.392,67.392,3000,2022-03-24 13:49:00,VYMI
67.42,67.42,67.42,67.42,300,2022-03-24 13:50:00,VYMI
67.4196,67.43,67.4196,67.43,1907,2022-03-24 13:51:00,VYMI
67.37,67.38,67.37,67.38,439,2022-03-24 13:53:00,VYMI
67.39,67.43,67.39,67.4137,4970,2022-03-24 13:54:00,VYMI
67.45,67.45,67.41,67.415,2565,2022-03-24 13:57:00,VYMI
67.37,67.37,67.335,67.355,501,2022-03-24 13:58:00,VYMI
67.37,67.3871,67.37,67.3871,534,2022-03-24 13:59:00,VYMI
67.3778,67.4,67.3778,67.4,1000,2022-03-24 14:00:00,VYMI
67.435,67.4355,67.4345,67.4345,1212,2022-03-24 14:01:00,VYMI
67.4568,67.4568,67.4568,67.4568,167,2022-03-24 14:02:00,VYMI
67.49,67.49,67.48,67.48,866,2022-03-24 14:06:00,VYMI
67.45,67.45,67.45,67.45,300,2022-03-24 14:07:00,VYMI
67.44,67.44,67.44,67.44,100,2022-03-24 14:10:00,VYMI
67.43,67.43,67.43,67.43,600,2022-03-24 14:11:00,VYMI
67.425,67.425,67.4,67.4,262,2022-03-24 14:13:00,VYMI
67.41,67.41,67.41,67.41,100,2022-03-24 14:14:00,VYMI
67.419,67.42,67.4054,67.4054,492,2022-03-24 14:15:00,VYMI
67.41,67.41,67.41,67.41,100,2022-03-24 14:16:00,VYMI
67.39,67.39,67.39,67.39,195,2022-03-24 14:19:00,VYMI
67.379,67.379,67.379,67.379,156,2022-03-24 14:21:00,VYMI
67.3545,67.3895,67.35,67.35,2388,2022-03-24 14:22:00,VYMI
67.365,67.365,67.365,67.365,100,2022-03-24 14:23:00,VYMI
67.3855,67.3983,67.3855,67.3983,398,2022-03-24 14:24:00,VYMI
67.3701,67.3701,67.3701,67.3701,290,2022-03-24 14:25:00,VYMI
67.375,67.375,67.375,67.375,296,2022-03-24 14:27:00,VYMI
67.445,67.445,67.425,67.425,700,2022-03-24 14:28:00,VYMI
67.415,67.42,67.415,67.42,284,2022-03-24 14:30:00,VYMI
67.44,67.44,67.44,67.44,450,2022-03-24 14:31:00,VYMI
67.44,67.44,67.44,67.44,162,2022-03-24 14:32:00,VYMI
67.505,67.505,67.505,67.505,100,2022-03-24 14:35:00,VYMI
67.495,67.51,67.495,67.51,212,2022-03-24 14:37:00,VYMI
67.48,67.48,67.48,67.48,400,2022-03-24 14:38:00,VYMI
67.46,67.46,67.46,67.46,100,2022-03-24 14:40:00,VYMI
67.475,67.475,67.475,67.475,150,2022-03-24 14:41:00,VYMI
67.47,67.47,67.47,67.47,100,2022-03-24 14:43:00,VYMI
67.52,67.52,67.51,67.51,205,2022-03-24 14:47:00,VYMI
67.505,67.505,67.505,67.505,160,2022-03-24 14:48:00,VYMI
67.49,67.5,67.49,67.5,358,2022-03-24 14:49:00,VYMI
67.49,67.49,67.49,67.49,126,2022-03-24 14:51:00,VYMI
67.54,67.54,67.54,67.54,100,2022-03-24 14:52:00,VYMI
67.53,67.53,67.53,67.53,100,2022-03-24 14:53:00,VYMI
67.52,67.52,67.52,67.52,188,2022-03-24 14:56:00,VYMI
67.54,67.54,67.52,67.52,850,2022-03-24 14:58:00,VYMI
67.55,67.685,67.55,67.65,724,2022-03-24 15:01:00,VYMI
67.59,67.59,67.59,67.59,400,2022-03-24 15:02:00,VYMI
67.59,67.59,67.59,67.59,300,2022-03-24 15:03:00,VYMI
67.5977,67.5977,67.5977,67.5977,222,2022-03-24 15:04:00,VYMI
67.5881,67.5881,67.5881,67.5881,533,2022-03-24 15:05:00,VYMI
67.6495,67.6495,67.625,67.625,462,2022-03-24 15:07:00,VYMI
67.61,67.61,67.58,67.58,773,2022-03-24 15:08:00,VYMI
67.5705,67.5705,67.5705,67.5705,510,2022-03-24 15:11:00,VYMI
67.595,67.615,67.595,67.615,300,2022-03-24 15:12:00,VYMI
67.63,67.63,67.63,67.63,100,2022-03-24 15:13:00,VYMI
67.6546,67.6546,67.6546,67.6546,100,2022-03-24 15:14:00,VYMI
67.6462,67.6462,67.6462,67.6462,450,2022-03-24 15:17:00,VYMI
67.6419,67.6419,67.6419,67.6419,615,2022-03-24 15:18:00,VYMI
67.6656,67.6656,67.6656,67.6656,210,2022-03-24 15:19:00,VYMI
67.65,67.66,67.65,67.6581,1428,2022-03-24 15:20:00,VYMI
67.645,67.645,67.645,67.645,150,2022-03-24 15:21:00,VYMI
67.67,67.67,67.67,67.67,200,2022-03-24 15:22:00,VYMI
67.69,67.69,67.67,67.67,1340,2022-03-24 15:24:00,VYMI
67.665,67.69,67.665,67.69,400,2022-03-24 15:25:00,VYMI
67.6895,67.6895,67.6895,67.6895,239,2022-03-24 15:26:00,VYMI
67.7299,67.7299,67.69,67.721,2799,2022-03-24 15:27:00,VYMI
67.73,67.73,67.72,67.72,3208,2022-03-24 15:29:00,VYMI
67.74,67.74,67.728,67.728,620,2022-03-24 15:30:00,VYMI
67.73,67.73,67.73,67.73,100,2022-03-24 15:31:00,VYMI
67.7244,67.7244,67.72,67.72,682,2022-03-24 15:32:00,VYMI
67.7,67.7,67.7,67.7,200,2022-03-24 15:34:00,VYMI
67.68,67.6899,67.68,67.685,4736,2022-03-24 15:35:00,VYMI
67.7068,67.7068,67.7068,67.7068,204,2022-03-24 15:36:00,VYMI
67.71,67.71,67.6932,67.6932,470,2022-03-24 15:38:00,VYMI
67.72,67.72,67.72,67.72,100,2022-03-24 15:39:00,VYMI
67.695,67.695,67.695,67.695,100,2022-03-24 15:40:00,VYMI
67.705,67.72,67.705,67.72,200,2022-03-24 15:41:00,VYMI
67.715,67.73,67.7145,67.73,1762,2022-03-24 15:42:00,VYMI
67.75,67.75,67.75,67.75,100,2022-03-24 15:43:00,VYMI
67.74,67.74,67.74,67.74,100,2022-03-24 15:44:00,VYMI
67.74,67.74,67.725,67.725,2421,2022-03-24 15:45:00,VYMI
67.72,67.72,67.71,67.71,721,2022-03-24 15:46:00,VYMI
67.7,67.7,67.685,67.685,2800,2022-03-24 15:47:00,VYMI
67.71,67.71,67.7,67.7025,1100,2022-03-24 15:48:00,VYMI
67.705,67.705,67.67,67.67,700,2022-03-24 15:49:00,VYMI
67.67,67.67,67.67,67.67,100,2022-03-24 15:51:00,VYMI
67.68,67.68,67.67,67.67,300,2022-03-24 15:52:00,VYMI
67.66,67.66,67.65,67.65,582,2022-03-24 15:54:00,VYMI
67.63,67.65,67.63,67.65,2473,2022-03-24 15:55:00,VYMI
67.63,67.63,67.615,67.615,437,2022-03-24 15:56:00,VYMI
67.6425,67.6587,67.64,67.6425,1794,2022-03-24 15:59:00,VYMI
67.63,67.63,67.63,67.63,200,2022-03-24 16:00:00,VYMI
67.6356,67.6356,67.6356,67.6356,264,2022-03-24 16:01:00,VYMI
67.62,67.62,67.62,67.62,840,2022-03-24 16:02:00,VYMI
67.5896,67.5896,67.5896,67.5896,100,2022-03-24 16:03:00,VYMI
67.55,67.55,67.55,67.55,3200,2022-03-24 16:05:00,VYMI
67.57,67.5984,67.568,67.568,705,2022-03-24 16:07:00,VYMI
67.58,67.58,67.58,67.58,300,2022-03-24 16:08:00,VYMI
67.55,67.55,67.55,67.55,146,2022-03-24 16:10:00,VYMI
67.55,67.55,67.55,67.55,100,2022-03-24 16:11:00,VYMI
67.535,67.54,67.52,67.53,2633,2022-03-24 16:12:00,VYMI
67.53,67.558,67.53,67.558,821,2022-03-24 16:13:00,VYMI
67.5544,67.5544,67.5544,67.5544,151,2022-03-24 16:14:00,VYMI
67.57,67.5738,67.57,67.57,1200,2022-03-24 16:15:00,VYMI
67.57,67.57,67.56,67.56,696,2022-03-24 16:16:00,VYMI
67.55,67.55,67.545,67.545,245,2022-03-24 16:17:00,VYMI
67.58,67.58,67.58,67.58,300,2022-03-24 16:19:00,VYMI
67.58,67.58,67.58,67.58,100,2022-03-24 16:20:00,VYMI
67.58,67.58,67.58,67.58,100,2022-03-24 16:21:00,VYMI
67.59,67.61,67.59,67.61,500,2022-03-24 16:22:00,VYMI
67.6,67.6,67.6,67.6,200,2022-03-24 16:24:00,VYMI
67.57,67.57,67.57,67.57,1200,2022-03-24 16:25:00,VYMI
67.59,67.59,67.59,67.59,100,2022-03-24 16:26:00,VYMI
67.54,67.54,67.54,67.54,600,2022-03-24 16:27:00,VYMI
67.5697,67.5697,67.53,67.53,1460,2022-03-24 16:28:00,VYMI
67.52,67.52,67.52,67.52,100,2022-03-24 16:29:00,VYMI
67.51,67.51,67.51,67.51,300,2022-03-24 16:31:00,VYMI
67.53,67.53,67.52,67.52,300,2022-03-24 16:33:00,VYMI
67.4816,67.4816,67.4816,67.4816,434,2022-03-24 16:34:00,VYMI
67.45,67.46,67.43,67.43,2597,2022-03-24 16:35:00,VYMI
67.44,67.44,67.44,67.44,100,2022-03-24 16:36:00,VYMI
67.445,67.465,67.445,67.465,371,2022-03-24 16:37:00,VYMI
67.485,67.485,67.485,67.485,100,2022-03-24 16:38:00,VYMI
67.47,67.47,67.47,67.47,200,2022-03-24 16:42:00,VYMI
67.5,67.5,67.5,67.5,100,2022-03-24 16:43:00,VYMI
67.52,67.52,67.52,67.52,155,2022-03-24 16:44:00,VYMI
67.4995,67.4995,67.4995,67.4995,133,2022-03-24 16:45:00,VYMI
67.5085,67.5085,67.475,67.49,1216,2022-03-24 16:46:00,VYMI
67.48,67.48,67.48,67.48,100,2022-03-24 16:49:00,VYMI
67.4969,67.4969,67.4825,67.485,448,2022-03-24 16:50:00,VYMI
67.5074,67.5074,67.5074,67.5074,241,2022-03-24 16:51:00,VYMI
67.5,67.5,67.5,67.5,563,2022-03-24 16:52:00,VYMI
67.505,67.511,67.505,67.511,700,2022-03-24 16:53:00,VYMI
67.5,67.5,67.5,67.5,740,2022-03-24 16:54:00,VYMI
67.5,67.5,67.5,67.5,100,2022-03-24 16:56:00,VYMI
67.52,67.52,67.52,67.52,300,2022-03-24 16:57:00,VYMI
67.51,67.5228,67.51,67.5228,425,2022-03-24 16:58:00,VYMI
67.51,67.51,67.51,67.51,100,2022-03-24 16:59:00,VYMI
67.54,67.54,67.54,67.54,100,2022-03-24 17:00:00,VYMI
67.55,67.55,67.55,67.55,840,2022-03-24 17:01:00,VYMI
67.53,67.53,67.53,67.53,100,2022-03-24 17:02:00,VYMI
67.5063,67.5063,67.4952,67.4952,279,2022-03-24 17:04:00,VYMI
67.48,67.48,67.47,67.47,3073,2022-03-24 17:08:00,VYMI
67.47,67.47,67.445,67.445,10368,2022-03-24 17:09:00,VYMI
67.47,67.475,67.47,67.475,1100,2022-03-24 17:11:00,VYMI
67.49,67.5,67.47,67.49,700,2022-03-24 17:12:00,VYMI
67.5,67.5,67.5,67.5,100,2022-03-24 17:13:00,VYMI
67.49,67.49,67.49,67.49,200,2022-03-24 17:14:00,VYMI
67.5,67.5,67.49,67.49,200,2022-03-24 17:15:00,VYMI
67.495,67.495,67.49,67.49,200,2022-03-24 17:16:00,VYMI
67.52,67.56,67.52,67.535,16088,2022-03-24 17:19:00,VYMI
67.52,67.52,67.52,67.52,200,2022-03-24 17:20:00,VYMI
67.5204,67.5204,67.5204,67.5204,1185,2022-03-24 17:22:00,VYMI
67.515,67.515,67.5,67.5,1100,2022-03-24 17:23:00,VYMI
67.4811,67.5,67.4811,67.5,344,2022-03-24 17:25:00,VYMI
67.5,67.5367,67.5,67.515,987,2022-03-24 17:26:00,VYMI
67.5,67.5,67.5,67.5,103,2022-03-24 17:27:00,VYMI
67.5,67.5,67.5,67.5,100,2022-03-24 17:29:00,VYMI
67.51,67.51,67.51,67.51,400,2022-03-24 17:30:00,VYMI
67.5001,67.5002,67.5001,67.5002,1038,2022-03-24 17:31:00,VYMI
67.51,67.52,67.5,67.52,747,2022-03-24 17:32:00,VYMI
67.5162,67.5162,67.5,67.5,678,2022-03-24 17:33:00,VYMI
67.53,67.53,67.53,67.53,100,2022-03-24 17:37:00,VYMI
67.51,67.515,67.51,67.515,358,2022-03-24 17:38:00,VYMI
67.52,67.52,67.52,67.52,100,2022-03-24 17:39:00,VYMI
67.52,67.52,67.52,67.52,100,2022-03-24 17:41:00,VYMI
67.52,67.52,67.52,67.52,524,2022-03-24 17:42:00,VYMI
67.535,67.535,67.535,67.535,1600,2022-03-24 17:43:00,VYMI
67.5311,67.5311,67.5311,67.5311,419,2022-03-24 17:45:00,VYMI
67.56,67.565,67.56,67.565,300,2022-03-24 17:48:00,VYMI
67.55,67.555,67.545,67.55,920,2022-03-24 17:50:00,VYMI
67.5663,67.5663,67.5663,67.5663,266,2022-03-24 17:51:00,VYMI
67.54,67.56,67.54,67.54,10424,2022-03-24 17:55:00,VYMI
67.55,67.56,67.55,67.56,200,2022-03-24 17:56:00,VYMI
67.56,67.56,67.56,67.56,100,2022-03-24 17:57:00,VYMI
67.59,67.59,67.589,67.589,639,2022-03-24 18:01:00,VYMI
67.5617,67.575,67.5617,67.575,621,2022-03-24 18:02:00,VYMI
67.5856,67.5856,67.5856,67.5856,148,2022-03-24 18:03:00,VYMI
67.61,67.61,67.59,67.59,756,2022-03-24 18:04:00,VYMI
67.58,67.59,67.571,67.571,1031,2022-03-24 18:05:00,VYMI
67.52,67.52,67.52,67.52,100,2022-03-24 18:11:00,VYMI
67.5581,67.5599,67.5528,67.5528,522,2022-03-24 18:12:00,VYMI
67.56,67.56,67.55,67.55,2796,2022-03-24 18:13:00,VYMI
67.5692,67.5692,67.5692,67.5692,1000,2022-03-24 18:15:00,VYMI
67.56,67.56,67.5599,67.5599,488,2022-03-24 18:16:00,VYMI
67.555,67.555,67.55,67.55,900,2022-03-24 18:18:00,VYMI
67.5131,67.5131,67.5131,67.5131,328,2022-03-24 18:19:00,VYMI
67.54,67.55,67.54,67.55,6866,2022-03-24 18:20:00,VYMI
67.54,67.54,67.54,67.54,344,2022-03-24 18:22:00,VYMI
67.53,67.53,67.5215,67.5215,2292,2022-03-24 18:23:00,VYMI
67.525,67.525,67.525,67.525,177,2022-03-24 18:24:00,VYMI
67.5195,67.5195,67.51,67.514,967,2022-03-24 18:27:00,VYMI
67.52,67.54,67.52,67.5217,1206,2022-03-24 18:28:00,VYMI
67.54,67.54,67.52,67.53,800,2022-03-24 18:29:00,VYMI
67.55,67.55,67.55,67.55,100,2022-03-24 18:30:00,VYMI
67.53,67.53,67.5284,67.5284,500,2022-03-24 18:31:00,VYMI
67.53,67.53,67.53,67.53,470,2022-03-24 18:32:00,VYMI
67.535,67.535,67.52,67.52,1156,2022-03-24 18:34:00,VYMI
67.52,67.52,67.52,67.52,615,2022-03-24 18:35:00,VYMI
67.511,67.5343,67.511,67.5343,309,2022-03-24 18:36:00,VYMI
67.51,67.51,67.51,67.51,356,2022-03-24 18:37:00,VYMI
67.52,67.53,67.52,67.53,420,2022-03-24 18:38:00,VYMI
67.53,67.53,67.53,67.53,250,2022-03-24 18:39:00,VYMI
67.55,67.55,67.55,67.55,300,2022-03-24 18:40:00,VYMI
67.5332,67.5332,67.5332,67.5332,175,2022-03-24 18:41:00,VYMI
67.5292,67.5292,67.525,67.525,724,2022-03-24 18:42:00,VYMI
67.53,67.53,67.5227,67.53,878,2022-03-24 18:43:00,VYMI
67.53,67.53,67.5299,67.5299,748,2022-03-24 18:44:00,VYMI
67.5297,67.5297,67.52,67.52,600,2022-03-24 18:45:00,VYMI
67.5,67.5,67.5,67.5,100,2022-03-24 18:46:00,VYMI
67.51,67.51,67.505,67.505,992,2022-03-24 18:47:00,VYMI
67.5,67.5,67.48,67.48,1051,2022-03-24 18:48:00,VYMI
67.485,67.51,67.485,67.485,1246,2022-03-24 18:50:00,VYMI
67.52,67.5389,67.515,67.515,787,2022-03-24 18:51:00,VYMI
67.505,67.505,67.505,67.505,100,2022-03-24 18:52:00,VYMI
67.51,67.51,67.51,67.51,200,2022-03-24 18:53:00,VYMI
67.49,67.49,67.49,67.49,100,2022-03-24 18:56:00,VYMI
67.495,67.495,67.495,67.495,100,2022-03-24 18:57:00,VYMI
67.48,67.48,67.465,67.47,11744,2022-03-24 19:02:00,VYMI
67.48,67.49,67.48,67.49,700,2022-03-24 19:03:00,VYMI
67.475,67.49,67.475,67.49,652,2022-03-24 19:04:00,VYMI
67.4832,67.4832,67.4832,67.4832,162,2022-03-24 19:05:00,VYMI
67.4996,67.515,67.4996,67.515,559,2022-03-24 19:06:00,VYMI
67.53,67.53,67.53,67.53,100,2022-03-24 19:07:00,VYMI
67.55,67.55,67.55,67.55,200,2022-03-24 19:08:00,VYMI
67.5492,67.55,67.5492,67.55,497,2022-03-24 19:09:00,VYMI
67.559,67.56,67.55,67.55,1196,2022-03-24 19:11:00,VYMI
67.54,67.55,67.54,67.54,600,2022-03-24 19:12:00,VYMI
67.54,67.54,67.54,67.54,221,2022-03-24 19:14:00,VYMI
67.545,67.545,67.545,67.545,500,2022-03-24 19:15:00,VYMI
67.545,67.55,67.545,67.55,200,2022-03-24 19:16:00,VYMI
67.55,67.55,67.55,67.55,100,2022-03-24 19:17:00,VYMI
67.55,67.55,67.55,67.55,1071,2022-03-24 19:18:00,VYMI
67.56,67.56,67.55,67.55,211,2022-03-24 19:19:00,VYMI
67.595,67.595,67.595,67.595,200,2022-03-24 19:20:00,VYMI
67.59,67.59,67.58,67.58,400,2022-03-24 19:21:00,VYMI
67.62,67.63,67.62,67.63,510,2022-03-24 19:25:00,VYMI
67.625,67.65,67.625,67.634,961,2022-03-24 19:26:00,VYMI
67.625,67.6479,67.625,67.6479,992,2022-03-24 19:27:00,VYMI
67.64,67.64,67.59,67.63,2400,2022-03-24 19:28:00,VYMI
67.615,67.63,67.615,67.619,557,2022-03-24 19:29:00,VYMI
67.6297,67.6297,67.6297,67.6297,200,2022-03-24 19:30:00,VYMI
67.63,67.63,67.615,67.615,380,2022-03-24 19:31:00,VYMI
67.61,67.61,67.595,67.595,1300,2022-03-24 19:32:00,VYMI
67.59,67.59,67.56,67.59,1924,2022-03-24 19:33:00,VYMI
67.6,67.6,67.5989,67.5989,1276,2022-03-24 19:34:00,VYMI
67.6045,67.6045,67.6,67.6,527,2022-03-24 19:36:00,VYMI
67.6,67.6,67.6,67.6,100,2022-03-24 19:37:00,VYMI
67.59,67.59,67.59,67.59,275,2022-03-24 19:39:00,VYMI
67.6,67.6,67.6,67.6,481,2022-03-24 19:40:00,VYMI
67.61,67.61,67.5855,67.5855,712,2022-03-24 19:41:00,VYMI
67.585,67.585,67.57,67.57,679,2022-03-24 19:42:00,VYMI
67.595,67.6,67.5717,67.5717,751,2022-03-24 19:43:00,VYMI
67.6,67.6,67.6,67.6,148,2022-03-24 19:44:00,VYMI
67.6,67.6,67.6,67.6,147,2022-03-24 19:45:00,VYMI
67.6388,67.6388,67.6388,67.6388,600,2022-03-24 19:46:00,VYMI
67.62,67.635,67.62,67.63,827,2022-03-24 19:47:00,VYMI
67.62,67.62,67.62,67.62,166,2022-03-24 19:48:00,VYMI
67.63,67.63,67.61,67.63,325,2022-03-24 19:49:00,VYMI
67.63,67.65,67.63,67.65,500,2022-03-24 19:50:00,VYMI
67.66,67.66,67.66,67.66,100,2022-03-24 19:51:00,VYMI
67.66,67.66,67.66,67.66,306,2022-03-24 19:52:00,VYMI
67.65,67.66,67.65,67.66,523,2022-03-24 19:53:00,VYMI
67.66,67.66,67.65,67.65,500,2022-03-24 19:54:00,VYMI
67.63,67.63,67.61,67.62,1100,2022-03-24 19:55:00,VYMI
67.6387,67.64,67.63,67.64,754,2022-03-24 19:56:00,VYMI
67.64,67.64,67.64,67.64,300,2022-03-24 19:57:00,VYMI
67.63,67.63,67.62,67.63,1400,2022-03-24 19:58:00,VYMI
67.66,67.68,67.63,67.678,2990,2022-03-24 19:59:00,VYMI
67.6,67.6,67.6,67.6,1362,2022-03-24 20:00:00,VYMI
67.6,67.6,67.43,67.525,12925,2022-03-25 13:30:00,VYMI
67.5537,67.5537,67.5537,67.5537,160,2022-03-25 13:31:00,VYMI
67.59,67.59,67.59,67.59,101,2022-03-25 13:32:00,VYMI
67.605,67.605,67.605,67.605,225,2022-03-25 13:33:00,VYMI
67.6,67.6,67.585,67.585,1316,2022-03-25 13:34:00,VYMI
67.5715,67.5715,67.5715,67.5715,100,2022-03-25 13:35:00,VYMI
67.565,67.565,67.565,67.565,500,2022-03-25 13:36:00,VYMI
67.6,67.61,67.59,67.61,500,2022-03-25 13:37:00,VYMI
67.5607,67.57,67.5607,67.57,472,2022-03-25 13:38:00,VYMI
67.55,67.55,67.55,67.55,500,2022-03-25 13:40:00,VYMI
67.61,67.61,67.595,67.6,950,2022-03-25 13:41:00,VYMI
67.61,67.61,67.61,67.61,100,2022-03-25 13:44:00,VYMI
67.5829,67.6,67.58,67.58,1683,2022-03-25 13:45:00,VYMI
67.6225,67.6225,67.6225,67.6225,439,2022-03-25 13:46:00,VYMI
67.66,67.66,67.66,67.66,600,2022-03-25 13:47:00,VYMI
67.66,67.685,67.66,67.68,1137,2022-03-25 13:48:00,VYMI
67.66,67.66,67.63,67.64,2382,2022-03-25 13:49:00,VYMI
67.64,67.64,67.64,67.64,235,2022-03-25 13:52:00,VYMI
67.63,67.63,67.63,67.63,1506,2022-03-25 13:55:00,VYMI
67.635,67.659,67.635,67.64,380,2022-03-25 13:57:00,VYMI
67.615,67.629,67.59,67.629,1095,2022-03-25 13:58:00,VYMI
67.62,67.66,67.62,67.63,14182,2022-03-25 14:00:00,VYMI
67.6221,67.63,67.6221,67.63,1336,2022-03-25 14:02:00,VYMI
67.6236,67.6236,67.6236,67.6236,119,2022-03-25 14:03:00,VYMI
67.66,67.6699,67.66,67.6699,1400,2022-03-25 14:05:00,VYMI
67.6377,67.6377,67.6377,67.6377,250,2022-03-25 14:07:00,VYMI
67.6991,67.6991,67.68,67.68,468,2022-03-25 14:10:00,VYMI
67.72,67.72,67.72,67.72,534,2022-03-25 14:12:00,VYMI
67.73,67.73,67.73,67.73,100,2022-03-25 14:16:00,VYMI
67.72,67.72,67.72,67.72,300,2022-03-25 14:17:00,VYMI
67.715,67.7191,67.7,67.7191,5525,2022-03-25 14:18:00,VYMI
67.71,67.7269,67.71,67.715,5818,2022-03-25 14:19:00,VYMI
67.7285,67.7285,67.725,67.725,545,2022-03-25 14:20:00,VYMI
67.729,67.729,67.729,67.729,1092,2022-03-25 14:21:00,VYMI
67.75,67.75,67.75,67.75,100,2022-03-25 14:22:00,VYMI
67.77,67.77,67.7699,67.77,1200,2022-03-25 14:24:00,VYMI
67.76,67.76,67.75,67.75,751,2022-03-25 14:25:00,VYMI
67.73,67.73,67.73,67.73,132,2022-03-25 14:26:00,VYMI
67.745,67.745,67.73,67.73,250,2022-03-25 14:28:00,VYMI
67.71,67.71,67.71,67.71,100,2022-03-25 14:29:00,VYMI
67.7529,67.7529,67.7529,67.7529,345,2022-03-25 14:33:00,VYMI
67.765,67.765,67.765,67.765,123,2022-03-25 14:34:00,VYMI
67.8,67.8,67.8,67.8,244,2022-03-25 14:35:00,VYMI
67.81,67.81,67.81,67.81,100,2022-03-25 14:36:00,VYMI
67.81,67.8123,67.81,67.8123,289,2022-03-25 14:37:00,VYMI
67.83,67.8416,67.83,67.8416,313,2022-03-25 14:38:00,VYMI
67.83,67.83,67.83,67.83,300,2022-03-25 14:39:00,VYMI
67.83,67.83,67.83,67.83,200,2022-03-25 14:40:00,VYMI
67.83,67.83,67.83,67.83,800,2022-03-25 14:41:00,VYMI
67.85,67.86,67.85,67.86,301,2022-03-25 14:42:00,VYMI
67.865,67.865,67.865,67.865,155,2022-03-25 14:43:00,VYMI
67.86,67.86,67.86,67.86,100,2022-03-25 14:44:00,VYMI
67.8558,67.8558,67.8558,67.8558,200,2022-03-25 14:45:00,VYMI
67.841,67.841,67.841,67.841,1367,2022-03-25 14:46:00,VYMI
67.85,67.85,67.85,67.85,147,2022-03-25 14:47:00,VYMI
67.85,67.85,67.85,67.85,100,2022-03-25 14:49:00,VYMI
67.85,67.85,67.84,67.84,1000,2022-03-25 14:50:00,VYMI
67.84,67.8484,67.84,67.8484,201,2022-03-25 14:52:00,VYMI
67.856,67.8592,67.85,67.8592,1539,2022-03-25 14:53:00,VYMI
67.82,67.82,67.82,67.82,100,2022-03-25 14:54:00,VYMI
67.81,67.81,67.81,67.81,100,2022-03-25 14:55:00,VYMI
67.83,67.83,67.83,67.83,350,2022-03-25 14:56:00,VYMI
67.83,67.83,67.83,67.83,198,2022-03-25 14:57:00,VYMI
67.8122,67.84,67.8122,67.84,1000,2022-03-25 14:58:00,VYMI
67.8585,67.8585,67.8585,67.8585,334,2022-03-25 14:59:00,VYMI
67.865,67.865,67.84,67.84,622,2022-03-25 15:00:00,VYMI
67.83,67.83,67.785,67.785,736,2022-03-25 15:01:00,VYMI
67.8,67.8,67.8,67.8,100,2022-03-25 15:02:00,VYMI
67.82,67.82,67.82,67.82,300,2022-03-25 15:05:00,VYMI
67.83,67.83,67.83,67.83,1032,2022-03-25 15:06:00,VYMI
67.8,67.8,67.76,67.76,840,2022-03-25 15:08:00,VYMI
67.75,67.75,67.75,67.75,700,2022-03-25 15:09:00,VYMI
67.709,67.709,67.7,67.7,746,2022-03-25 15:11:00,VYMI
67.68,67.68,67.62,67.62,400,2022-03-25 15:12:00,VYMI
67.62,67.62,67.62,67.62,400,2022-03-25 15:13:00,VYMI
67.62,67.62,67.62,67.62,1916,2022-03-25 15:14:00,VYMI
67.6435,67.6435,67.6435,67.6435,296,2022-03-25 15:18:00,VYMI
67.63,67.63,67.63,67.63,132,2022-03-25 15:19:00,VYMI
67.62,67.62,67.56,67.56,4313,2022-03-25 15:20:00,VYMI
67.62,67.62,67.62,67.62,100,2022-03-25 15:22:00,VYMI
67.59,67.61,67.59,67.61,988,2022-03-25 15:23:00,VYMI
67.5555,67.5555,67.5555,67.5555,115,2022-03-25 15:24:00,VYMI
67.5544,67.5544,67.5544,67.5544,665,2022-03-25 15:25:00,VYMI
67.56,67.57,67.52,67.52,400,2022-03-25 15:26:00,VYMI
67.5,67.5,67.48,67.48,1167,2022-03-25 15:28:00,VYMI
67.535,67.535,67.53,67.53,1469,2022-03-25 15:29:00,VYMI
67.5255,67.59,67.5255,67.59,200,2022-03-25 15:30:00,VYMI
67.57,67.57,67.53,67.53,2200,2022-03-25 15:31:00,VYMI
67.5394,67.5394,67.51,67.51,591,2022-03-25 15:32:00,VYMI
67.59,67.59,67.59,67.59,100,2022-03-25 15:35:00,VYMI
67.61,67.61,67.58,67.5972,353,2022-03-25 15:36:00,VYMI
67.61,67.61,67.61,67.61,150,2022-03-25 15:40:00,VYMI
67.61,67.6454,67.61,67.6454,284,2022-03-25 15:43:00,VYMI
67.64,67.64,67.64,67.64,200,2022-03-25 15:46:00,VYMI
67.635,67.64,67.635,67.64,574,2022-03-25 15:47:00,VYMI
67.6656,67.68,67.6656,67.68,455,2022-03-25 15:48:00,VYMI
67.65,67.65,67.64,67.64,400,2022-03-25 15:49:00,VYMI
67.65,67.67,67.65,67.67,1086,2022-03-25 15:50:00,VYMI
67.65,67.66,67.61,67.6148,4503,2022-03-25 15:51:00,VYMI
67.665,67.665,67.665,67.665,369,2022-03-25 15:53:00,VYMI
67.64,67.64,67.59,67.59,200,2022-03-25 15:54:00,VYMI
67.578,67.578,67.578,67.578,145,2022-03-25 15:55:00,VYMI
67.57,67.57,67.57,67.57,266,2022-03-25 15:56:00,VYMI
67.54,67.54,67.52,67.52,994,2022-03-25 15:57:00,VYMI
67.54,67.57,67.54,67.555,1398,2022-03-25 15:59:00,VYMI
67.55,67.57,67.55,67.56,795,2022-03-25 16:00:00,VYMI
67.55,67.55,67.55,67.55,100,2022-03-25 16:01:00,VYMI
67.57,67.57,67.57,67.57,700,2022-03-25 16:02:00,VYMI
67.57,67.57,67.57,67.57,100,2022-03-25 16:03:00,VYMI
67.567,67.57,67.567,67.57,1232,2022-03-25 16:04:00,VYMI
67.59,67.62,67.59,67.62,6421,2022-03-25 16:05:00,VYMI
67.6011,67.61,67.6011,67.61,762,2022-03-25 16:07:00,VYMI
67.607,67.61,67.6,67.61,1369,2022-03-25 16:08:00,VYMI
67.639,67.64,67.639,67.64,600,2022-03-25 16:09:00,VYMI
67.64,67.64,67.6245,67.6245,248,2022-03-25 16:10:00,VYMI
67.6579,67.6579,67.6579,67.6579,250,2022-03-25 16:13:00,VYMI
67.67,67.67,67.67,67.67,100,2022-03-25 16:14:00,VYMI
67.67,67.67,67.66,67.67,900,2022-03-25 16:15:00,VYMI
67.67,67.67,67.67,67.67,370,2022-03-25 16:16:00,VYMI
67.66,67.66,67.65,67.65,700,2022-03-25 16:17:00,VYMI
67.672,67.672,67.672,67.672,177,2022-03-25 16:20:00,VYMI
67.665,67.6848,67.665,67.6848,345,2022-03-25 16:21:00,VYMI
67.68,67.68,67.68,67.68,400,2022-03-25 16:25:00,VYMI
67.65,67.65,67.63,67.63,815,2022-03-25 16:26:00,VYMI
67.6896,67.6896,67.65,67.65,300,2022-03-25 16:29:00,VYMI
67.665,67.665,67.665,67.665,268,2022-03-25 16:30:00,VYMI
67.64,67.64,67.63,67.63,226,2022-03-25 16:31:00,VYMI
67.64,67.64,67.64,67.64,150,2022-03-25 16:32:00,VYMI
67.635,67.635,67.635,67.635,170,2022-03-25 16:34:00,VYMI
67.64,67.6463,67.635,67.635,997,2022-03-25 16:35:00,VYMI
67.62,67.62,67.5999,67.5999,1244,2022-03-25 16:37:00,VYMI
67.6,67.6,67.59,67.59,200,2022-03-25 16:38:00,VYMI
67.56,67.56,67.56,67.56,100,2022-03-25 16:39:00,VYMI
67.59,67.59,67.59,67.59,100,2022-03-25 16:44:00,VYMI
67.6095,67.6095,67.6095,67.6095,295,2022-03-25 16:45:00,VYMI
67.61,67.61,67.61,67.61,200,2022-03-25 16:46:00,VYMI
67.658,67.658,67.6058,67.6058,1650,2022-03-25 16:47:00,VYMI
67.6677,67.6677,67.65,67.65,347,2022-03-25 16:52:00,VYMI
67.63,67.63,67.63,67.63,168,2022-03-25 16:53:00,VYMI
67.647,67.647,67.647,67.647,525,2022-03-25 16:54:00,VYMI
67.625,67.625,67.6056,67.6056,1139,2022-03-25 16:55:00,VYMI
67.6384,67.6384,67.6384,67.6384,295,2022-03-25 16:56:00,VYMI
67.67,67.67,67.67,67.67,394,2022-03-25 16:58:00,VYMI
67.645,67.645,67.645,67.645,581,2022-03-25 17:01:00,VYMI
67.69,67.69,67.6899,67.69,2700,2022-03-25 17:03:00,VYMI
67.67,67.71,67.67,67.71,1325,2022-03-25 17:06:00,VYMI
67.69,67.695,67.685,67.695,496,2022-03-25 17:07:00,VYMI
67.685,67.685,67.685,67.685,264,2022-03-25 17:11:00,VYMI
67.67,67.67,67.6664,67.6664,665,2022-03-25 17:12:00,VYMI
67.6792,67.6792,67.6792,67.6792,591,2022-03-25 17:13:00,VYMI
67.67,67.67,67.67,67.67,2324,2022-03-25 17:14:00,VYMI
67.6905,67.6905,67.6905,67.6905,1286,2022-03-25 17:17:00,VYMI
67.72,67.72,67.72,67.72,187,2022-03-25 17:18:00,VYMI
67.7465,67.7465,67.73,67.73,350,2022-03-25 17:19:00,VYMI
67.72,67.75,67.72,67.73,12000,2022-03-25 17:20:00,VYMI
67.72,67.72,67.68,67.68,11000,2022-03-25 17:21:00,VYMI
67.67,67.67,67.6344,67.6344,2581,2022-03-25 17:23:00,VYMI
67.64,67.64,67.64,67.64,375,2022-03-25 17:25:00,VYMI
67.64,67.6468,67.64,67.6468,280,2022-03-25 17:26:00,VYMI
67.6686,67.6686,67.6686,67.6686,223,2022-03-25 17:27:00,VYMI
67.6709,67.6709,67.6709,67.6709,152,2022-03-25 17:29:00,VYMI
67.695,67.695,67.695,67.695,105,2022-03-25 17:30:00,VYMI
67.7031,67.7064,67.7031,67.7064,1189,2022-03-25 17:31:00,VYMI
67.746,67.75,67.73,67.73,1100,2022-03-25 17:34:00,VYMI
67.7384,67.759,67.7384,67.7449,724,2022-03-25 17:35:00,VYMI
67.7699,67.7699,67.7699,67.7699,4391,2022-03-25 17:37:00,VYMI
67.73,67.73,67.71,67.71,300,2022-03-25 17:42:00,VYMI
67.73,67.73,67.72,67.72,525,2022-03-25 17:43:00,VYMI
67.77,67.77,67.77,67.77,100,2022-03-25 17:49:00,VYMI
67.78,67.78,67.78,67.78,200,2022-03-25 17:50:00,VYMI
67.7783,67.78,67.765,67.765,1603,2022-03-25 17:52:00,VYMI
67.765,67.79,67.765,67.78,2891,2022-03-25 17:53:00,VYMI
67.78,67.78,67.77,67.77,700,2022-03-25 17:54:00,VYMI
67.77,67.77,67.77,67.77,100,2022-03-25 17:55:00,VYMI
67.79,67.81,67.79,67.81,400,2022-03-25 17:57:00,VYMI
67.82,67.82,67.82,67.82,400,2022-03-25 17:58:00,VYMI
67.84,67.84,67.82,67.82,699,2022-03-25 17:59:00,VYMI
67.81,67.81,67.81,67.81,1000,2022-03-25 18:00:00,VYMI
67.809,67.809,67.809,67.809,700,2022-03-25 18:01:00,VYMI
67.83,67.8493,67.83,67.8493,1028,2022-03-25 18:03:00,VYMI
67.8485,67.85,67.8485,67.85,545,2022-03-25 18:05:00,VYMI
67.87,67.87,67.865,67.8655,2426,2022-03-25 18:06:00,VYMI
67.86,67.86,67.86,67.86,100,2022-03-25 18:08:00,VYMI
67.87,67.87,67.87,67.87,200,2022-03-25 18:09:00,VYMI
67.86,67.86,67.85,67.85,536,2022-03-25 18:10:00,VYMI
67.84,67.84,67.84,67.84,592,2022-03-25 18:11:00,VYMI
67.84,67.84,67.84,67.84,300,2022-03-25 18:12:00,VYMI
67.84,67.855,67.84,67.855,785,2022-03-25 18:16:00,VYMI
67.852,67.852,67.852,67.852,400,2022-03-25 18:18:00,VYMI
67.84,67.84,67.83,67.83,300,2022-03-25 18:19:00,VYMI
67.83,67.83,67.83,67.83,5963,2022-03-25 18:21:00,VYMI
67.84,67.84,67.84,67.84,100,2022-03-25 18:22:00,VYMI
67.84,67.86,67.84,67.86,300,2022-03-25 18:23:00,VYMI
67.84,67.84,67.84,67.84,100,2022-03-25 18:25:00,VYMI
67.84,67.86,67.84,67.86,6594,2022-03-25 18:26:00,VYMI
67.86,67.86,67.86,67.86,100,2022-03-25 18:27:00,VYMI
67.855,67.855,67.855,67.855,539,2022-03-25 18:28:00,VYMI
67.8795,67.885,67.8795,67.885,453,2022-03-25 18:31:00,VYMI
67.88,67.88,67.88,67.88,437,2022-03-25 18:32:00,VYMI
67.86,67.87,67.86,67.867,1578,2022-03-25 18:34:00,VYMI
67.8522,67.8522,67.8522,67.8522,2030,2022-03-25 18:35:00,VYMI
67.87,67.87,67.811,67.811,15680,2022-03-25 18:38:00,VYMI
67.85,67.85,67.85,67.85,600,2022-03-25 18:40:00,VYMI
67.84,67.84,67.84,67.84,300,2022-03-25 18:42:00,VYMI
67.845,67.845,67.845,67.845,542,2022-03-25 18:45:00,VYMI
67.86,67.86,67.86,67.86,740,2022-03-25 18:47:00,VYMI
67.87,67.87,67.87,67.87,100,2022-03-25 18:48:00,VYMI
67.84,67.862,67.84,67.862,209,2022-03-25 18:49:00,VYMI
67.8604,67.8604,67.854,67.86,398,2022-03-25 18:51:00,VYMI
67.89,67.89,67.875,67.875,1150,2022-03-25 18:53:00,VYMI
67.89,67.89,67.89,67.89,232,2022-03-25 18:54:00,VYMI
67.869,67.89,67.869,67.89,329,2022-03-25 18:56:00,VYMI
67.88,67.88,67.88,67.88,700,2022-03-25 18:57:00,VYMI
67.86,67.87,67.85,67.87,611,2022-03-25 18:58:00,VYMI
67.835,67.876,67.835,67.876,483,2022-03-25 18:59:00,VYMI
67.8798,67.8798,67.8798,67.8798,105,2022-03-25 19:00:00,VYMI
67.8389,67.85,67.82,67.82,1484,2022-03-25 19:01:00,VYMI
67.7956,67.7956,67.7701,67.7701,344,2022-03-25 19:04:00,VYMI
67.81,67.81,67.81,67.81,100,2022-03-25 19:05:00,VYMI
67.79,67.79,67.7735,67.7735,918,2022-03-25 19:07:00,VYMI
67.7564,67.77,67.7564,67.76,2125,2022-03-25 19:10:00,VYMI
67.78,67.78,67.78,67.78,509,2022-03-25 19:11:00,VYMI
67.79,67.79,67.79,67.79,100,2022-03-25 19:12:00,VYMI
67.81,67.81,67.81,67.81,254,2022-03-25 19:14:00,VYMI
67.8126,67.8126,67.8126,67.8126,260,2022-03-25 19:15:00,VYMI
67.8,67.8002,67.8,67.8002,1031,2022-03-25 19:16:00,VYMI
67.8,67.8,67.8,67.8,100,2022-03-25 19:17:00,VYMI
67.79,67.8,67.79,67.8,300,2022-03-25 19:19:00,VYMI
67.76,67.76,67.76,67.76,100,2022-03-25 19:20:00,VYMI
67.73,67.75,67.73,67.75,1765,2022-03-25 19:22:00,VYMI
67.737,67.737,67.737,67.737,1754,2022-03-25 19:23:00,VYMI
67.79,67.79,67.79,67.79,300,2022-03-25 19:25:00,VYMI
67.77,67.779,67.75,67.765,3700,2022-03-25 19:27:00,VYMI
67.75,67.75,67.75,67.75,235,2022-03-25 19:28:00,VYMI
67.777,67.777,67.75,67.75,350,2022-03-25 19:32:00,VYMI
67.76,67.76,67.745,67.745,1280,2022-03-25 19:33:00,VYMI
67.76,67.76,67.76,67.76,200,2022-03-25 19:35:00,VYMI
67.785,67.81,67.785,67.81,1121,2022-03-25 19:36:00,VYMI
67.81,67.81,67.8,67.8,1100,2022-03-25 19:37:00,VYMI
67.82,67.82,67.819,67.819,1800,2022-03-25 19:38:00,VYMI
67.79,67.8,67.79,67.8,407,2022-03-25 19:40:00,VYMI
67.8108,67.8108,67.81,67.81,2200,2022-03-25 19:41:00,VYMI
67.83,67.84,67.83,67.84,1269,2022-03-25 19:42:00,VYMI
67.87,67.87,67.85,67.85,400,2022-03-25 19:43:00,VYMI
67.848,67.848,67.83,67.83,1291,2022-03-25 19:44:00,VYMI
67.85,67.86,67.8472,67.86,1900,2022-03-25 19:47:00,VYMI
67.85,67.86,67.85,67.86,700,2022-03-25 19:48:00,VYMI
67.879,67.88,67.855,67.87,1377,2022-03-25 19:49:00,VYMI
67.87,67.8764,67.86,67.87,2121,2022-03-25 19:50:00,VYMI
67.88,67.89,67.8735,67.8758,1877,2022-03-25 19:51:00,VYMI
67.88,67.88,67.88,67.88,2300,2022-03-25 19:52:00,VYMI
67.88,67.91,67.88,67.91,2283,2022-03-25 19:54:00,VYMI
67.9,67.9,67.9,67.9,326,2022-03-25 19:55:00,VYMI
67.9,67.9,67.9,67.9,100,2022-03-25 19:56:00,VYMI
67.9,67.9,67.9,67.9,900,2022-03-25 19:57:00,VYMI
67.92,67.92,67.92,67.92,400,2022-03-25 19:58:00,VYMI
67.93,67.93,67.93,67.93,500,2022-03-25 19:59:00,VYMI
67.93,67.93,67.93,67.93,334,2022-03-25 20:00:00,VYMI
67.5,67.5,67.5,67.5,700,2022-03-25 21:47:00,VYMI
67.63,67.66,67.57,67.57,17444,2022-03-28 13:30:00,VYMI
67.55,67.55,67.51,67.51,800,2022-03-28 13:32:00,VYMI
67.53,67.55,67.53,67.55,1500,2022-03-28 13:35:00,VYMI
67.53,67.53,67.53,67.53,400,2022-03-28 13:38:00,VYMI
67.53,67.53,67.52,67.53,780,2022-03-28 13:40:00,VYMI
67.555,67.56,67.555,67.56,200,2022-03-28 13:41:00,VYMI
67.52,67.55,67.52,67.55,800,2022-03-28 13:42:00,VYMI
67.55,67.58,67.55,67.57,1096,2022-03-28 13:43:00,VYMI
67.56,67.56,67.54,67.56,640,2022-03-28 13:44:00,VYMI
67.558,67.558,67.558,67.558,100,2022-03-28 13:45:00,VYMI
67.5,67.5,67.4944,67.4944,810,2022-03-28 13:47:00,VYMI
67.46,67.47,67.46,67.47,700,2022-03-28 13:50:00,VYMI
67.46,67.46,67.44,67.45,300,2022-03-28 13:51:00,VYMI
67.46,67.46,67.46,67.46,176,2022-03-28 13:52:00,VYMI
67.478,67.478,67.478,67.478,100,2022-03-28 13:53:00,VYMI
67.48,67.48,67.48,67.48,100,2022-03-28 13:54:00,VYMI
67.49,67.49,67.47,67.47,200,2022-03-28 13:55:00,VYMI
67.4999,67.4999,67.49,67.49,700,2022-03-28 13:56:00,VYMI
67.49,67.49,67.49,67.49,100,2022-03-28 13:57:00,VYMI
67.47,67.47,67.45,67.45,205,2022-03-28 13:58:00,VYMI
67.4472,67.48,67.4472,67.48,1664,2022-03-28 13:59:00,VYMI
67.37,67.37,67.37,67.37,500,2022-03-28 14:02:00,VYMI
67.37,67.37,67.37,67.37,130,2022-03-28 14:05:00,VYMI
67.355,67.355,67.355,67.355,744,2022-03-28 14:06:00,VYMI
67.38,67.38,67.38,67.38,200,2022-03-28 14:07:00,VYMI
67.4,67.4,67.3945,67.3945,671,2022-03-28 14:08:00,VYMI
67.39,67.39,67.39,67.39,462,2022-03-28 14:09:00,VYMI
67.41,67.41,67.37,67.37,507,2022-03-28 14:10:00,VYMI
67.38,67.38,67.38,67.38,499,2022-03-28 14:11:00,VYMI
67.38,67.39,67.38,67.39,1120,2022-03-28 14:12:00,VYMI
67.4,67.41,67.4,67.4099,807,2022-03-28 14:13:00,VYMI
67.42,67.42,67.39,67.39,300,2022-03-28 14:14:00,VYMI
67.39,67.41,67.37,67.37,800,2022-03-28 14:15:00,VYMI
67.385,67.41,67.385,67.41,545,2022-03-28 14:16:00,VYMI
67.46,67.46,67.46,67.46,100,2022-03-28 14:17:00,VYMI
67.45,67.46,67.4354,67.45,1100,2022-03-28 14:18:00,VYMI
67.41,67.41,67.3782,67.4,472,2022-03-28 14:20:00,VYMI
67.3746,67.391,67.3746,67.391,250,2022-03-28 14:21:00,VYMI
67.46,67.47,67.46,67.47,319,2022-03-28 14:23:00,VYMI
67.465,67.465,67.465,67.465,100,2022-03-28 14:24:00,VYMI
67.47,67.49,67.465,67.49,834,2022-03-28 14:25:00,VYMI
67.46,67.46,67.46,67.46,104,2022-03-28 14:26:00,VYMI
67.45,67.46,67.45,67.46,400,2022-03-28 14:27:00,VYMI
67.46,67.49,67.46,67.49,1908,2022-03-28 14:29:00,VYMI
67.5,67.5,67.5,67.5,200,2022-03-28 14:30:00,VYMI
67.46,67.46,67.46,67.46,300,2022-03-28 14:32:00,VYMI
67.44,67.44,67.41,67.42,800,2022-03-28 14:33:00,VYMI
67.405,67.405,67.405,67.405,100,2022-03-28 14:34:00,VYMI
67.45,67.46,67.45,67.46,4499,2022-03-28 14:35:00,VYMI
67.42,67.42,67.42,67.42,300,2022-03-28 14:36:00,VYMI
67.37,67.37,67.37,67.37,200,2022-03-28 14:38:00,VYMI
67.37,67.37,67.37,67.37,3500,2022-03-28 14:39:00,VYMI
67.3811,67.3811,67.3811,67.3811,268,2022-03-28 14:42:00,VYMI
67.4,67.4,67.4,67.4,100,2022-03-28 14:43:00,VYMI
67.38,67.39,67.38,67.39,300,2022-03-28 14:44:00,VYMI
67.395,67.395,67.395,67.395,600,2022-03-28 14:45:00,VYMI
67.42,67.42,67.42,67.42,100,2022-03-28 14:46:00,VYMI
67.41,67.43,67.41,67.42,700,2022-03-28 14:47:00,VYMI
67.395,67.405,67.395,67.405,250,2022-03-28 14:48:00,VYMI
67.395,67.395,67.395,67.395,800,2022-03-28 14:50:00,VYMI
67.4199,67.4199,67.4199,67.4199,400,2022-03-28 14:52:00,VYMI
67.42,67.42,67.42,67.42,100,2022-03-28 14:53:00,VYMI
67.39,67.39,67.39,67.39,100,2022-03-28 14:54:00,VYMI
67.41,67.42,67.41,67.42,400,2022-03-28 14:55:00,VYMI
67.415,67.415,67.415,67.415,100,2022-03-28 14:58:00,VYMI
67.39,67.39,67.39,67.39,135,2022-03-28 14:59:00,VYMI
67.41,67.415,67.41,67.415,712,2022-03-28 15:00:00,VYMI
67.37,67.37,67.25,67.25,226,2022-03-28 15:01:00,VYMI
67.335,67.335,67.335,67.335,100,2022-03-28 15:02:00,VYMI
67.33,67.33,67.33,67.33,112,2022-03-28 15:03:00,VYMI
67.333,67.333,67.333,67.333,800,2022-03-28 15:04:00,VYMI
67.38,67.38,67.38,67.38,2974,2022-03-28 15:05:00,VYMI
67.365,67.365,67.365,67.365,1500,2022-03-28 15:06:00,VYMI
67.3748,67.3748,67.3501,67.3501,320,2022-03-28 15:07:00,VYMI
67.38,67.41,67.38,67.41,400,2022-03-28 15:10:00,VYMI
67.38,67.4,67.3744,67.4,1564,2022-03-28 15:13:00,VYMI
67.4056,67.4056,67.4056,67.4056,222,2022-03-28 15:14:00,VYMI
67.36,67.36,67.36,67.36,200,2022-03-28 15:17:00,VYMI
67.41,67.41,67.36,67.36,360,2022-03-28 15:18:00,VYMI
67.426,67.426,67.426,67.426,3700,2022-03-28 15:19:00,VYMI
67.43,67.43,67.4099,67.4099,440,2022-03-28 15:20:00,VYMI
67.41,67.41,67.41,67.41,100,2022-03-28 15:21:00,VYMI
67.395,67.395,67.395,67.395,371,2022-03-28 15:22:00,VYMI
67.3709,67.4,67.3709,67.4,700,2022-03-28 15:23:00,VYMI
67.391,67.4,67.385,67.39,1209,2022-03-28 15:24:00,VYMI
67.4,67.4,67.35,67.35,1044,2022-03-28 15:25:00,VYMI
67.35,67.37,67.35,67.37,1300,2022-03-28 15:26:00,VYMI
67.3507,67.3507,67.3507,67.3507,297,2022-03-28 15:27:00,VYMI
67.35,67.3767,67.35,67.37,700,2022-03-28 15:29:00,VYMI
67.398,67.4,67.398,67.4,200,2022-03-28 15:30:00,VYMI
67.37,67.37,67.35,67.35,949,2022-03-28 15:31:00,VYMI
67.31,67.33,67.31,67.33,708,2022-03-28 15:32:00,VYMI
67.325,67.325,67.31,67.31,575,2022-03-28 15:33:00,VYMI
67.3,67.3,67.3,67.3,300,2022-03-28 15:34:00,VYMI
67.2632,67.275,67.2632,67.275,959,2022-03-28 15:35:00,VYMI
67.265,67.269,67.2616,67.269,1095,2022-03-28 15:36:00,VYMI
67.251,67.275,67.251,67.275,250,2022-03-28 15:37:00,VYMI
67.295,67.295,67.28,67.29,500,2022-03-28 15:39:00,VYMI
67.29,67.29,67.285,67.285,370,2022-03-28 15:40:00,VYMI
67.2828,67.31,67.2828,67.31,516,2022-03-28 15:41:00,VYMI
67.31,67.34,67.31,67.34,300,2022-03-28 15:42:00,VYMI
67.32,67.32,67.32,67.32,100,2022-03-28 15:43:00,VYMI
67.31,67.32,67.31,67.32,700,2022-03-28 15:44:00,VYMI
67.31,67.31,67.28,67.28,800,2022-03-28 15:45:00,VYMI
67.28,67.28,67.24,67.24,1209,2022-03-28 15:46:00,VYMI
67.24,67.24,67.24,67.24,100,2022-03-28 15:47:00,VYMI
67.23,67.23,67.23,67.23,100,2022-03-28 15:48:00,VYMI
67.215,67.215,67.215,67.215,450,2022-03-28 15:49:00,VYMI
67.19,67.22,67.19,67.22,200,2022-03-28 15:50:00,VYMI
67.24,67.24,67.24,67.24,200,2022-03-28 15:51:00,VYMI
67.24,67.24,67.21,67.22,2978,2022-03-28 15:52:00,VYMI
67.21,67.21,67.21,67.21,1081,2022-03-28 15:53:00,VYMI
67.2,67.2,67.19,67.2,300,2022-03-28 15:54:00,VYMI
67.22,67.22,67.2005,67.2005,800,2022-03-28 15:55:00,VYMI
67.2,67.22,67.2,67.22,300,2022-03-28 15:56:00,VYMI
67.2,67.21,67.2,67.21,600,2022-03-28 15:57:00,VYMI
67.2,67.2,67.2,67.2,1507,2022-03-28 15:59:00,VYMI
67.2,67.2,67.19,67.2,1000,2022-03-28 16:00:00,VYMI
67.21,67.23,67.21,67.23,600,2022-03-28 16:01:00,VYMI
67.25,67.25,67.25,67.25,300,2022-03-28 16:02:00,VYMI
67.27,67.27,67.27,67.27,100,2022-03-28 16:03:00,VYMI
67.27,67.27,67.27,67.27,100,2022-03-28 16:04:00,VYMI
67.27,67.27,67.27,67.27,100,2022-03-28 16:05:00,VYMI
67.27,67.27,67.27,67.27,700,2022-03-28 16:06:00,VYMI
67.27,67.27,67.27,67.27,100,2022-03-28 16:07:00,VYMI
67.26,67.26,67.26,67.26,600,2022-03-28 16:08:00,VYMI
67.21,67.22,67.2,67.2,889,2022-03-28 16:11:00,VYMI
67.175,67.175,67.175,67.175,900,2022-03-28 16:12:00,VYMI
67.22,67.22,67.22,67.22,100,2022-03-28 16:13:00,VYMI
67.215,67.215,67.215,67.215,178,2022-03-28 16:14:00,VYMI
67.23,67.23,67.23,67.23,100,2022-03-28 16:15:00,VYMI
67.24,67.24,67.21,67.21,4480,2022-03-28 16:16:00,VYMI
67.19,67.19,67.19,67.19,147,2022-03-28 16:17:00,VYMI
67.2,67.2,67.2,67.2,337,2022-03-28 16:18:00,VYMI
67.19,67.19,67.19,67.19,100,2022-03-28 16:19:00,VYMI
67.19,67.2,67.19,67.2,200,2022-03-28 16:20:00,VYMI
67.245,67.245,67.245,67.245,100,2022-03-28 16:23:00,VYMI
67.245,67.26,67.245,67.26,400,2022-03-28 16:24:00,VYMI
67.2416,67.2416,67.2416,67.2416,150,2022-03-28 16:27:00,VYMI
67.2308,67.2308,67.2308,67.2308,235,2022-03-28 16:28:00,VYMI
67.25,67.27,67.25,67.27,700,2022-03-28 16:30:00,VYMI
67.26,67.28,67.26,67.28,350,2022-03-28 16:31:00,VYMI
67.25,67.2552,67.25,67.2552,652,2022-03-28 16:33:00,VYMI
67.24,67.24,67.24,67.24,445,2022-03-28 16:34:00,VYMI
67.26,67.26,67.2537,67.2537,375,2022-03-28 16:35:00,VYMI
67.27,67.27,67.2625,67.27,2282,2022-03-28 16:37:00,VYMI
67.26,67.27,67.26,67.27,400,2022-03-28 16:38:00,VYMI
67.28,67.28,67.28,67.28,1308,2022-03-28 16:39:00,VYMI
67.3,67.3142,67.3,67.31,300,2022-03-28 16:40:00,VYMI
67.31,67.33,67.29,67.33,2500,2022-03-28 16:42:00,VYMI
67.329,67.3297,67.329,67.3297,2508,2022-03-28 16:43:00,VYMI
67.345,67.345,67.345,67.345,146,2022-03-28 16:44:00,VYMI
67.33,67.33,67.33,67.33,100,2022-03-28 16:45:00,VYMI
67.33,67.33,67.33,67.33,100,2022-03-28 16:46:00,VYMI
67.32,67.32,67.32,67.32,249,2022-03-28 16:47:00,VYMI
67.32,67.32,67.32,67.32,200,2022-03-28 16:48:00,VYMI
67.34,67.34,67.34,67.34,100,2022-03-28 16:49:00,VYMI
67.3596,67.38,67.3596,67.38,488,2022-03-28 16:50:00,VYMI
67.365,67.382,67.365,67.382,844,2022-03-28 16:52:00,VYMI
67.375,67.375,67.375,67.375,178,2022-03-28 16:53:00,VYMI
67.3611,67.3611,67.3611,67.3611,100,2022-03-28 16:54:00,VYMI
67.385,67.42,67.385,67.4199,3410,2022-03-28 16:55:00,VYMI
67.41,67.41,67.41,67.41,1000,2022-03-28 16:57:00,VYMI
67.4,67.4,67.4,67.4,100,2022-03-28 16:58:00,VYMI
67.39,67.39,67.39,67.39,100,2022-03-28 17:00:00,VYMI
67.405,67.415,67.405,67.415,1380,2022-03-28 17:02:00,VYMI
67.42,67.42,67.42,67.42,100,2022-03-28 17:03:00,VYMI
67.4,67.4,67.4,67.4,100,2022-03-28 17:04:00,VYMI
67.4,67.4,67.4,67.4,100,2022-03-28 17:05:00,VYMI
67.405,67.405,67.39,67.39,451,2022-03-28 17:06:00,VYMI
67.3999,67.4,67.37,67.39,510,2022-03-28 17:08:00,VYMI
67.39,67.39,67.39,67.39,604,2022-03-28 17:09:00,VYMI
67.38,67.38,67.38,67.38,500,2022-03-28 17:10:00,VYMI
67.39,67.39,67.39,67.39,100,2022-03-28 17:11:00,VYMI
67.38,67.38,67.37,67.37,890,2022-03-28 17:13:00,VYMI
67.35,67.37,67.35,67.37,360,2022-03-28 17:14:00,VYMI
67.3687,67.37,67.3687,67.37,320,2022-03-28 17:15:00,VYMI
67.38,67.38,67.38,67.38,100,2022-03-28 17:19:00,VYMI
67.37,67.37,67.37,67.37,200,2022-03-28 17:20:00,VYMI
67.37,67.4,67.37,67.38,1980,2022-03-28 17:21:00,VYMI
67.4,67.4,67.38,67.38,300,2022-03-28 17:22:00,VYMI
67.38,67.38,67.38,67.38,100,2022-03-28 17:23:00,VYMI
67.39,67.39,67.3895,67.3895,429,2022-03-28 17:24:00,VYMI
67.3995,67.3995,67.3995,67.3995,760,2022-03-28 17:25:00,VYMI
67.41,67.42,67.4099,67.42,1676,2022-03-28 17:26:00,VYMI
67.42,67.43,67.41,67.43,837,2022-03-28 17:27:00,VYMI
67.4023,67.4023,67.4023,67.4023,485,2022-03-28 17:28:00,VYMI
67.41,67.41,67.4,67.4,700,2022-03-28 17:31:00,VYMI
67.39,67.39,67.39,67.39,224,2022-03-28 17:33:00,VYMI
67.389,67.389,67.38,67.38,1352,2022-03-28 17:34:00,VYMI
67.4091,67.4091,67.4091,67.4091,368,2022-03-28 17:35:00,VYMI
67.41,67.41,67.41,67.41,100,2022-03-28 17:36:00,VYMI
67.42,67.42,67.39,67.4016,1082,2022-03-28 17:37:00,VYMI
67.4,67.4,67.38,67.38,400,2022-03-28 17:38:00,VYMI
67.38,67.38,67.38,67.38,100,2022-03-28 17:39:00,VYMI
67.39,67.39,67.3826,67.3826,351,2022-03-28 17:40:00,VYMI
67.3895,67.3895,67.3895,67.3895,742,2022-03-28 17:41:00,VYMI
67.37,67.37,67.35,67.35,38799,2022-03-28 17:42:00,VYMI
67.36,67.3852,67.36,67.38,1702,2022-03-28 17:43:00,VYMI
67.37,67.37,67.37,67.37,471,2022-03-28 17:44:00,VYMI
67.35,67.35,67.35,67.35,325,2022-03-28 17:47:00,VYMI
67.3896,67.3896,67.36,67.3726,2586,2022-03-28 17:49:00,VYMI
67.365,67.38,67.365,67.38,211,2022-03-28 17:50:00,VYMI
67.36,67.36,67.36,67.36,400,2022-03-28 17:52:00,VYMI
67.355,67.355,67.355,67.355,215,2022-03-28 17:53:00,VYMI
67.3551,67.36,67.3551,67.36,250,2022-03-28 17:54:00,VYMI
67.3342,67.3342,67.3342,67.3342,280,2022-03-28 17:55:00,VYMI
67.35,67.35,67.35,67.35,148,2022-03-28 17:56:00,VYMI
67.34,67.34,67.34,67.34,100,2022-03-28 17:58:00,VYMI
67.32,67.3556,67.32,67.3556,316,2022-03-28 17:59:00,VYMI
67.36,67.36,67.36,67.36,200,2022-03-28 18:02:00,VYMI
67.4,67.4,67.4,67.4,1000,2022-03-28 18:03:00,VYMI
67.35,67.37,67.35,67.37,400,2022-03-28 18:04:00,VYMI
67.35,67.35,67.35,67.35,100,2022-03-28 18:07:00,VYMI
67.34,67.37,67.34,67.37,800,2022-03-28 18:08:00,VYMI
67.3692,67.4,67.3692,67.4,2069,2022-03-28 18:09:00,VYMI
67.37,67.37,67.37,67.37,100,2022-03-28 18:10:00,VYMI
67.39,67.39,67.38,67.38,1329,2022-03-28 18:11:00,VYMI
67.375,67.375,67.345,67.345,1811,2022-03-28 18:12:00,VYMI
67.35,67.35,67.35,67.35,400,2022-03-28 18:13:00,VYMI
67.36,67.36,67.36,67.36,100,2022-03-28 18:14:00,VYMI
67.36,67.36,67.344,67.344,1000,2022-03-28 18:15:00,VYMI
67.348,67.348,67.3301,67.3301,331,2022-03-28 18:16:00,VYMI
67.36,67.36,67.359,67.3599,4300,2022-03-28 18:17:00,VYMI
67.33,67.33,67.33,67.33,300,2022-03-28 18:20:00,VYMI
67.33,67.33,67.33,67.33,100,2022-03-28 18:21:00,VYMI
67.33,67.33,67.33,67.33,151,2022-03-28 18:22:00,VYMI
67.34,67.34,67.34,67.34,200,2022-03-28 18:23:00,VYMI
67.3699,67.3699,67.3699,67.3699,1061,2022-03-28 18:25:00,VYMI
67.3595,67.3595,67.3595,67.3595,264,2022-03-28 18:26:00,VYMI
67.38,67.38,67.38,67.38,362,2022-03-28 18:27:00,VYMI
67.3892,67.3892,67.3892,67.3892,133,2022-03-28 18:29:00,VYMI
67.4,67.4,67.4,67.4,100,2022-03-28 18:30:00,VYMI
67.39,67.39,67.37,67.37,440,2022-03-28 18:31:00,VYMI
67.374,67.39,67.374,67.39,248,2022-03-28 18:32:00,VYMI
67.385,67.385,67.385,67.385,254,2022-03-28 18:33:00,VYMI
67.39,67.39,67.39,67.39,100,2022-03-28 18:34:00,VYMI
67.39,67.39,67.39,67.39,150,2022-03-28 18:35:00,VYMI
67.389,67.39,67.389,67.39,348,2022-03-28 18:38:00,VYMI
67.39,67.39,67.39,67.39,100,2022-03-28 18:39:00,VYMI
67.41,67.41,67.37,67.4,9921,2022-03-28 18:40:00,VYMI
67.41,67.41,67.3963,67.3963,465,2022-03-28 18:43:00,VYMI
67.4888,67.4888,67.44,67.44,247,2022-03-28 18:44:00,VYMI
67.46,67.46,67.46,67.46,100,2022-03-28 18:46:00,VYMI
67.5,67.5,67.5,67.5,100,2022-03-28 18:48:00,VYMI
67.4601,67.4601,67.4601,67.4601,1557,2022-03-28 18:49:00,VYMI
67.48,67.5,67.48,67.5,1300,2022-03-28 18:50:00,VYMI
67.51,67.53,67.51,67.52,600,2022-03-28 18:52:00,VYMI
67.531,67.531,67.531,67.531,203,2022-03-28 18:53:00,VYMI
67.55,67.565,67.54,67.565,995,2022-03-28 18:55:00,VYMI
67.6,67.6,67.6,67.6,435,2022-03-28 18:59:00,VYMI
67.5999,67.6,67.56,67.56,3692,2022-03-28 19:00:00,VYMI
67.545,67.545,67.545,67.545,283,2022-03-28 19:01:00,VYMI
67.5254,67.55,67.52,67.52,996,2022-03-28 19:02:00,VYMI
67.53,67.53,67.53,67.53,100,2022-03-28 19:03:00,VYMI
67.52,67.52,67.52,67.52,500,2022-03-28 19:04:00,VYMI
67.52,67.539,67.52,67.5299,913,2022-03-28 19:06:00,VYMI
67.52,67.52,67.52,67.52,163,2022-03-28 19:08:00,VYMI
67.55,67.55,67.5498,67.5498,8894,2022-03-28 19:10:00,VYMI
67.535,67.56,67.535,67.55,2892,2022-03-28 19:11:00,VYMI
67.56,67.56,67.5464,67.5464,601,2022-03-28 19:14:00,VYMI
67.545,67.546,67.545,67.546,1244,2022-03-28 19:16:00,VYMI
67.5592,67.57,67.54,67.54,683,2022-03-28 19:17:00,VYMI
67.555,67.5556,67.555,67.5556,372,2022-03-28 19:18:00,VYMI
67.5392,67.5484,67.535,67.5484,351,2022-03-28 19:19:00,VYMI
67.54,67.54,67.54,67.54,100,2022-03-28 19:22:00,VYMI
67.56,67.56,67.53,67.53,300,2022-03-28 19:24:00,VYMI
67.535,67.535,67.535,67.535,100,2022-03-28 19:25:00,VYMI
67.535,67.535,67.535,67.535,500,2022-03-28 19:26:00,VYMI
67.535,67.535,67.535,67.535,148,2022-03-28 19:27:00,VYMI
67.55,67.56,67.55,67.56,1276,2022-03-28 19:28:00,VYMI
67.535,67.55,67.535,67.5499,1310,2022-03-28 19:29:00,VYMI
67.52,67.52,67.52,67.52,135,2022-03-28 19:30:00,VYMI
67.55,67.55,67.55,67.55,332,2022-03-28 19:31:00,VYMI
67.55,67.55,67.55,67.55,142,2022-03-28 19:32:00,VYMI
67.57,67.57,67.561,67.561,1643,2022-03-28 19:34:00,VYMI
67.541,67.55,67.5396,67.54,1178,2022-03-28 19:35:00,VYMI
67.53,67.53,67.53,67.53,200,2022-03-28 19:36:00,VYMI
67.525,67.53,67.525,67.53,376,2022-03-28 19:37:00,VYMI
67.525,67.525,67.52,67.52,900,2022-03-28 19:38:00,VYMI
67.51,67.51,67.51,67.51,448,2022-03-28 19:39:00,VYMI
67.5,67.5,67.4892,67.4892,300,2022-03-28 19:40:00,VYMI
67.5,67.5,67.5,67.5,100,2022-03-28 19:41:00,VYMI
67.49,67.52,67.49,67.52,6548,2022-03-28 19:42:00,VYMI
67.52,67.52,67.5128,67.5128,300,2022-03-28 19:43:00,VYMI
67.51,67.51,67.5,67.5,1173,2022-03-28 19:44:00,VYMI
67.509,67.509,67.509,67.509,144,2022-03-28 19:45:00,VYMI
67.48,67.5,67.48,67.5,1100,2022-03-28 19:46:00,VYMI
67.5,67.5,67.5,67.5,200,2022-03-28 19:48:00,VYMI
67.48,67.48,67.47,67.47,1145,2022-03-28 19:50:00,VYMI
67.5,67.5,67.4899,67.4899,716,2022-03-28 19:51:00,VYMI
67.49,67.49,67.49,67.49,4966,2022-03-28 19:53:00,VYMI
67.53,67.53,67.528,67.53,706,2022-03-28 19:54:00,VYMI
67.53,67.59,67.53,67.59,5686,2022-03-28 19:56:00,VYMI
67.59,67.614,67.59,67.61,1818,2022-03-28 19:57:00,VYMI
67.59,67.59,67.59,67.59,197,2022-03-28 19:58:00,VYMI
67.62,67.63,67.6,67.61,2033,2022-03-28 19:59:00,VYMI
68.41,68.41,68.25,68.25,504,2022-03-29 13:12:00,VYMI
68.62,68.62,68.525,68.54,17728,2022-03-29 13:30:00,VYMI
68.53,68.64,68.53,68.64,2786,2022-03-29 13:31:00,VYMI
68.63,68.665,68.585,68.585,784,2022-03-29 13:32:00,VYMI
68.56,68.6199,68.56,68.5733,1245,2022-03-29 13:33:00,VYMI
68.6,68.6,68.5957,68.5957,2400,2022-03-29 13:34:00,VYMI
68.62,68.62,68.58,68.59,2313,2022-03-29 13:35:00,VYMI
68.57,68.57,68.51,68.51,1684,2022-03-29 13:36:00,VYMI
68.535,68.535,68.535,68.535,200,2022-03-29 13:37:00,VYMI
68.5484,68.5484,68.4704,68.52,2685,2022-03-29 13:38:00,VYMI
68.48,68.49,68.48,68.49,300,2022-03-29 13:39:00,VYMI
68.495,68.51,68.47,68.49,1145,2022-03-29 13:40:00,VYMI
68.5193,68.5193,68.5193,68.5193,100,2022-03-29 13:42:00,VYMI
68.49,68.55,68.48,68.55,2700,2022-03-29 13:43:00,VYMI
68.6,68.6,68.5,68.5,1125,2022-03-29 13:44:00,VYMI
68.5355,68.5355,68.51,68.51,830,2022-03-29 13:45:00,VYMI
68.535,68.535,68.51,68.51,1278,2022-03-29 13:46:00,VYMI
68.5,68.5,68.45,68.45,1100,2022-03-29 13:47:00,VYMI
68.4685,68.475,68.42,68.42,1024,2022-03-29 13:48:00,VYMI
68.39,68.39,68.39,68.39,537,2022-03-29 13:49:00,VYMI
68.39,68.4,68.38,68.39,500,2022-03-29 13:50:00,VYMI
68.435,68.435,68.41,68.42,2687,2022-03-29 13:52:00,VYMI
68.4,68.41,68.4,68.41,200,2022-03-29 13:53:00,VYMI
68.41,68.42,68.41,68.42,1800,2022-03-29 13:54:00,VYMI
68.43,68.435,68.43,68.435,485,2022-03-29 13:55:00,VYMI
68.45,68.45,68.44,68.44,316,2022-03-29 13:56:00,VYMI
68.49,68.49,68.49,68.49,125,2022-03-29 13:57:00,VYMI
68.45,68.45,68.45,68.45,200,2022-03-29 13:58:00,VYMI
68.48,68.495,68.48,68.495,1100,2022-03-29 13:59:00,VYMI
68.47,68.48,68.47,68.48,867,2022-03-29 14:00:00,VYMI
68.495,68.495,68.48,68.48,2361,2022-03-29 14:01:00,VYMI
68.47,68.49,68.47,68.49,523,2022-03-29 14:02:00,VYMI
68.51,68.51,68.51,68.51,387,2022-03-29 14:03:00,VYMI
68.48,68.48,68.465,68.465,1542,2022-03-29 14:04:00,VYMI
68.51,68.51,68.51,68.51,102,2022-03-29 14:05:00,VYMI
68.51,68.51,68.5,68.5,900,2022-03-29 14:06:00,VYMI
68.47,68.47,68.47,68.47,1232,2022-03-29 14:07:00,VYMI
68.49,68.49,68.46,68.46,2143,2022-03-29 14:08:00,VYMI
68.48,68.48,68.48,68.48,300,2022-03-29 14:09:00,VYMI
68.5,68.53,68.5,68.52,1700,2022-03-29 14:10:00,VYMI
68.53,68.53,68.5,68.5,1000,2022-03-29 14:11:00,VYMI
68.4496,68.4496,68.42,68.42,834,2022-03-29 14:12:00,VYMI
68.41,68.41,68.335,68.3999,2492,2022-03-29 14:13:00,VYMI
68.37,68.37,68.35,68.35,700,2022-03-29 14:14:00,VYMI
68.35,68.35,68.35,68.35,100,2022-03-29 14:15:00,VYMI
68.385,68.41,68.36,68.41,1806,2022-03-29 14:16:00,VYMI
68.43,68.44,68.4,68.44,1140,2022-03-29 14:17:00,VYMI
68.43,68.43,68.39,68.39,1523,2022-03-29 14:18:00,VYMI
68.36,68.36,68.36,68.36,400,2022-03-29 14:19:00,VYMI
68.33,68.35,68.33,68.35,896,2022-03-29 14:20:00,VYMI
68.35,68.35,68.325,68.325,300,2022-03-29 14:21:00,VYMI
68.345,68.345,68.345,68.345,100,2022-03-29 14:22:00,VYMI
68.33,68.33,68.28,68.28,2000,2022-03-29 14:23:00,VYMI
68.37,68.37,68.37,68.37,300,2022-03-29 14:26:00,VYMI
68.39,68.41,68.39,68.41,600,2022-03-29 14:27:00,VYMI
68.395,68.4083,68.395,68.4,677,2022-03-29 14:28:00,VYMI
68.41,68.41,68.41,68.41,200,2022-03-29 14:29:00,VYMI
68.42,68.42,68.4,68.4,800,2022-03-29 14:30:00,VYMI
68.4,68.41,68.38,68.38,964,2022-03-29 14:31:00,VYMI
68.39,68.42,68.37,68.37,4438,2022-03-29 14:32:00,VYMI
68.37,68.37,68.35,68.36,1332,2022-03-29 14:33:00,VYMI
68.37,68.37,68.37,68.37,300,2022-03-29 14:34:00,VYMI
68.38,68.41,68.38,68.39,1481,2022-03-29 14:35:00,VYMI
68.38,68.38,68.36,68.37,445,2022-03-29 14:36:00,VYMI
68.37,68.39,68.3658,68.3777,613,2022-03-29 14:38:00,VYMI
68.38,68.4,68.38,68.4,1000,2022-03-29 14:39:00,VYMI
68.44,68.44,68.44,68.44,400,2022-03-29 14:40:00,VYMI
68.44,68.44,68.39,68.39,2606,2022-03-29 14:41:00,VYMI
68.33,68.342,68.33,68.342,400,2022-03-29 14:42:00,VYMI
68.4,68.4,68.395,68.4,1498,2022-03-29 14:44:00,VYMI
68.4599,68.4599,68.4599,68.4599,7679,2022-03-29 14:45:00,VYMI
68.45,68.45,68.43,68.4399,1146,2022-03-29 14:46:00,VYMI
68.42,68.42,68.41,68.41,1500,2022-03-29 14:47:00,VYMI
68.4,68.41,68.4,68.41,500,2022-03-29 14:48:00,VYMI
68.39,68.42,68.36,68.37,996,2022-03-29 14:49:00,VYMI
68.38,68.3981,68.35,68.374,1580,2022-03-29 14:50:00,VYMI
68.36,68.36,68.35,68.35,714,2022-03-29 14:51:00,VYMI
68.36,68.37,68.34,68.34,1600,2022-03-29 14:52:00,VYMI
68.33,68.3699,68.33,68.3699,300,2022-03-29 14:53:00,VYMI
68.37,68.37,68.37,68.37,360,2022-03-29 14:54:00,VYMI
68.37,68.38,68.37,68.38,487,2022-03-29 14:55:00,VYMI
68.38,68.4191,68.38,68.4191,302,2022-03-29 14:56:00,VYMI
68.4,68.41,68.4,68.4,600,2022-03-29 14:57:00,VYMI
68.39,68.39,68.34,68.34,1250,2022-03-29 14:58:00,VYMI
68.38,68.38,68.38,68.38,200,2022-03-29 14:59:00,VYMI
68.38,68.4,68.38,68.4,599,2022-03-29 15:00:00,VYMI
68.4156,68.4156,68.3945,68.4094,1351,2022-03-29 15:01:00,VYMI
68.37,68.37,68.37,68.37,139,2022-03-29 15:02:00,VYMI
68.3416,68.3416,68.3416,68.3416,137,2022-03-29 15:04:00,VYMI
68.35,68.35,68.35,68.35,100,2022-03-29 15:05:00,VYMI
68.36,68.376,68.36,68.376,392,2022-03-29 15:06:00,VYMI
68.3963,68.3963,68.3963,68.3963,511,2022-03-29 15:07:00,VYMI
68.37,68.37,68.37,68.37,131,2022-03-29 15:09:00,VYMI
68.3721,68.4035,68.3721,68.4035,218,2022-03-29 15:10:00,VYMI
68.3931,68.3931,68.3931,68.3931,1285,2022-03-29 15:11:00,VYMI
68.4,68.4,68.4,68.4,100,2022-03-29 15:12:00,VYMI
68.3699,68.3699,68.3699,68.3699,205,2022-03-29 15:14:00,VYMI
68.38,68.38,68.38,68.38,170,2022-03-29 15:16:00,VYMI
68.38,68.38,68.365,68.365,394,2022-03-29 15:17:00,VYMI
68.35,68.35,68.35,68.35,100,2022-03-29 15:19:00,VYMI
68.3205,68.3205,68.3205,68.3205,241,2022-03-29 15:20:00,VYMI
68.29,68.29,68.29,68.29,100,2022-03-29 15:21:00,VYMI
68.2501,68.2501,68.2501,68.2501,500,2022-03-29 15:22:00,VYMI
68.285,68.295,68.2818,68.295,947,2022-03-29 15:23:00,VYMI
68.3,68.3,68.3,68.3,100,2022-03-29 15:24:00,VYMI
68.28,68.32,68.28,68.32,1138,2022-03-29 15:26:00,VYMI
68.35,68.35,68.35,68.35,2200,2022-03-29 15:27:00,VYMI
68.34,68.34,68.3,68.3,344,2022-03-29 15:28:00,VYMI
68.3495,68.37,68.31,68.37,2400,2022-03-29 15:29:00,VYMI
68.3532,68.3532,68.3532,68.3532,300,2022-03-29 15:30:00,VYMI
68.38,68.39,68.38,68.39,700,2022-03-29 15:31:00,VYMI
68.44,68.44,68.44,68.44,675,2022-03-29 15:32:00,VYMI
68.4299,68.4299,68.425,68.425,949,2022-03-29 15:33:00,VYMI
68.43,68.43,68.43,68.43,301,2022-03-29 15:34:00,VYMI
68.43,68.43,68.4,68.4,1246,2022-03-29 15:36:00,VYMI
68.4,68.4,68.39,68.39,432,2022-03-29 15:37:00,VYMI
68.368,68.38,68.368,68.38,884,2022-03-29 15:38:00,VYMI
68.3255,68.3255,68.3255,68.3255,100,2022-03-29 15:40:00,VYMI
68.36,68.36,68.34,68.3412,526,2022-03-29 15:41:00,VYMI
68.3316,68.3537,68.3316,68.3537,282,2022-03-29 15:42:00,VYMI
68.42,68.42,68.42,68.42,280,2022-03-29 15:43:00,VYMI
68.36,68.4,68.36,68.4,515,2022-03-29 15:44:00,VYMI
68.43,68.43,68.38,68.38,200,2022-03-29 15:45:00,VYMI
68.38,68.38,68.38,68.38,140,2022-03-29 15:46:00,VYMI
68.4,68.4,68.4,68.4,730,2022-03-29 15:47:00,VYMI
68.438,68.45,68.41,68.41,1134,2022-03-29 15:48:00,VYMI
68.41,68.41,68.4,68.41,4454,2022-03-29 15:49:00,VYMI
68.395,68.4,68.395,68.3999,3123,2022-03-29 15:50:00,VYMI
68.395,68.395,68.37,68.37,600,2022-03-29 15:51:00,VYMI
68.36,68.36,68.36,68.36,500,2022-03-29 15:52:00,VYMI
68.36,68.36,68.36,68.36,400,2022-03-29 15:55:00,VYMI
68.35,68.35,68.3499,68.3499,320,2022-03-29 15:56:00,VYMI
68.3497,68.3497,68.3497,68.3497,165,2022-03-29 15:57:00,VYMI
68.34,68.34,68.33,68.33,243,2022-03-29 15:58:00,VYMI
68.31,68.32,68.31,68.32,335,2022-03-29 15:59:00,VYMI
68.31,68.31,68.3,68.3,266,2022-03-29 16:00:00,VYMI
68.2623,68.2623,68.2623,68.2623,154,2022-03-29 16:01:00,VYMI
68.2499,68.2499,68.2499,68.2499,200,2022-03-29 16:02:00,VYMI
68.2326,68.2326,68.2326,68.2326,480,2022-03-29 16:04:00,VYMI
68.2524,68.2524,68.231,68.231,319,2022-03-29 16:05:00,VYMI
68.255,68.255,68.23,68.23,830,2022-03-29 16:06:00,VYMI
68.2244,68.23,68.2244,68.228,926,2022-03-29 16:07:00,VYMI
68.2341,68.2341,68.2341,68.2341,100,2022-03-29 16:08:00,VYMI
68.218,68.218,68.21,68.21,909,2022-03-29 16:09:00,VYMI
68.2188,68.22,68.2,68.2,1689,2022-03-29 16:10:00,VYMI
68.1908,68.1908,68.1908,68.1908,240,2022-03-29 16:11:00,VYMI
68.195,68.2,68.195,68.2,207,2022-03-29 16:13:00,VYMI
68.205,68.205,68.19,68.19,500,2022-03-29 16:14:00,VYMI
68.2105,68.2105,68.19,68.19,606,2022-03-29 16:18:00,VYMI
68.17,68.17,68.17,68.17,100,2022-03-29 16:19:00,VYMI
68.1012,68.14,68.1012,68.14,1168,2022-03-29 16:22:00,VYMI
68.15,68.15,68.13,68.13,750,2022-03-29 16:24:00,VYMI
68.13,68.13,68.13,68.13,733,2022-03-29 16:25:00,VYMI
68.126,68.126,68.12,68.12,374,2022-03-29 16:27:00,VYMI
68.12,68.12,68.1199,68.12,400,2022-03-29 16:29:00,VYMI
68.08,68.0848,68.071,68.071,941,2022-03-29 16:31:00,VYMI
68.045,68.045,68.045,68.045,100,2022-03-29 16:32:00,VYMI
68.04,68.045,68.04,68.045,1055,2022-03-29 16:34:00,VYMI
68.07,68.07,68.07,68.07,250,2022-03-29 16:35:00,VYMI
68.08,68.08,68.0782,68.0782,223,2022-03-29 16:36:00,VYMI
68.1088,68.1088,68.06,68.1,2552,2022-03-29 16:38:00,VYMI
68.1048,68.1048,68.1048,68.1048,148,2022-03-29 16:39:00,VYMI
68.12,68.12,68.12,68.12,100,2022-03-29 16:40:00,VYMI
68.12,68.12,68.12,68.12,300,2022-03-29 16:42:00,VYMI
68.135,68.135,68.135,68.135,100,2022-03-29 16:45:00,VYMI
68.135,68.135,68.12,68.12,721,2022-03-29 16:47:00,VYMI
68.12,68.12,68.12,68.12,200,2022-03-29 16:48:00,VYMI
68.13,68.13,68.13,68.13,999,2022-03-29 16:51:00,VYMI
68.1,68.1,68.1,68.1,100,2022-03-29 16:52:00,VYMI
68.0813,68.0813,68.0813,68.0813,584,2022-03-29 16:53:00,VYMI
68.09,68.09,68.09,68.09,100,2022-03-29 16:57:00,VYMI
68.07,68.07,68.07,68.07,100,2022-03-29 16:59:00,VYMI
68.065,68.065,68.065,68.065,1900,2022-03-29 17:00:00,VYMI
68.06,68.06,68.05,68.05,340,2022-03-29 17:01:00,VYMI
68.025,68.04,68.025,68.04,300,2022-03-29 17:04:00,VYMI
68.05,68.05,68.02,68.02,226,2022-03-29 17:06:00,VYMI
68.04,68.04,68.04,68.04,200,2022-03-29 17:07:00,VYMI
68.04,68.04,68.03,68.03,286,2022-03-29 17:09:00,VYMI
68.04,68.04,68.04,68.04,550,2022-03-29 17:10:00,VYMI
68.07,68.07,68.07,68.07,400,2022-03-29 17:14:00,VYMI
68.09,68.09,68.09,68.09,100,2022-03-29 17:18:00,VYMI
68.09,68.09,68.0603,68.0603,1237,2022-03-29 17:19:00,VYMI
68.06,68.0692,68.06,68.0692,1050,2022-03-29 17:21:00,VYMI
68.05,68.05,68.04,68.04,1695,2022-03-29 17:22:00,VYMI
68.0517,68.055,68.0439,68.0439,849,2022-03-29 17:24:00,VYMI
68.05,68.05,68.05,68.05,460,2022-03-29 17:26:00,VYMI
68.08,68.1,68.0531,68.1,768,2022-03-29 17:28:00,VYMI
68.07,68.07,68.07,68.07,700,2022-03-29 17:31:00,VYMI
68.09,68.09,68.0715,68.0715,254,2022-03-29 17:34:00,VYMI
68.075,68.075,68.075,68.075,300,2022-03-29 17:35:00,VYMI
68.0804,68.1,68.0804,68.1,319,2022-03-29 17:36:00,VYMI
68.09,68.09,68.0746,68.0746,1074,2022-03-29 17:37:00,VYMI
68.105,68.105,68.105,68.105,134,2022-03-29 17:39:00,VYMI
68.105,68.105,68.105,68.105,246,2022-03-29 17:40:00,VYMI
68.12,68.12,68.11,68.11,200,2022-03-29 17:41:00,VYMI
68.128,68.128,68.128,68.128,100,2022-03-29 17:44:00,VYMI
68.125,68.125,68.125,68.125,600,2022-03-29 17:45:00,VYMI
68.145,68.16,68.145,68.16,972,2022-03-29 17:47:00,VYMI
68.16,68.16,68.16,68.16,1300,2022-03-29 17:48:00,VYMI
68.15,68.15,68.135,68.135,400,2022-03-29 17:49:00,VYMI
68.15,68.15,68.135,68.135,550,2022-03-29 17:50:00,VYMI
68.16,68.16,68.16,68.16,1200,2022-03-29 17:51:00,VYMI
68.17,68.17,68.1699,68.1699,1314,2022-03-29 17:54:00,VYMI
68.155,68.155,68.155,68.155,100,2022-03-29 17:55:00,VYMI
68.175,68.175,68.175,68.175,100,2022-03-29 17:58:00,VYMI
68.2,68.2,68.1999,68.1999,740,2022-03-29 17:59:00,VYMI
68.19,68.19,68.19,68.19,102,2022-03-29 18:00:00,VYMI
68.195,68.195,68.195,68.195,322,2022-03-29 18:01:00,VYMI
68.1801,68.1801,68.1801,68.1801,182,2022-03-29 18:03:00,VYMI
68.205,68.22,68.19,68.19,2129,2022-03-29 18:05:00,VYMI
68.205,68.205,68.205,68.205,100,2022-03-29 18:07:00,VYMI
68.225,68.225,68.225,68.225,100,2022-03-29 18:09:00,VYMI
68.25,68.25,68.25,68.25,200,2022-03-29 18:10:00,VYMI
68.26,68.26,68.2594,68.2594,961,2022-03-29 18:12:00,VYMI
68.2584,68.27,68.2584,68.27,527,2022-03-29 18:13:00,VYMI
68.26,68.27,68.26,68.27,983,2022-03-29 18:14:00,VYMI
68.255,68.255,68.255,68.255,700,2022-03-29 18:15:00,VYMI
68.26,68.26,68.26,68.26,126,2022-03-29 18:16:00,VYMI
68.24,68.259,68.24,68.259,366,2022-03-29 18:17:00,VYMI
68.25,68.25,68.25,68.25,234,2022-03-29 18:18:00,VYMI
68.24,68.24,68.24,68.24,146,2022-03-29 18:21:00,VYMI
68.23,68.23,68.22,68.22,878,2022-03-29 18:22:00,VYMI
68.245,68.245,68.245,68.245,319,2022-03-29 18:23:00,VYMI
68.25,68.25,68.25,68.25,240,2022-03-29 18:24:00,VYMI
68.26,68.26,68.26,68.26,500,2022-03-29 18:25:00,VYMI
68.265,68.265,68.255,68.255,580,2022-03-29 18:26:00,VYMI
68.26,68.26,68.26,68.26,100,2022-03-29 18:28:00,VYMI
68.285,68.29,68.285,68.29,300,2022-03-29 18:30:00,VYMI
68.3,68.3,68.3,68.3,100,2022-03-29 18:32:00,VYMI
68.31,68.32,68.31,68.32,800,2022-03-29 18:34:00,VYMI
68.35,68.35,68.34,68.34,697,2022-03-29 18:39:00,VYMI
68.34,68.34,68.34,68.34,100,2022-03-29 18:40:00,VYMI
68.3582,68.3582,68.3582,68.3582,150,2022-03-29 18:41:00,VYMI
68.3495,68.3495,68.33,68.33,626,2022-03-29 18:43:00,VYMI
68.35,68.35,68.35,68.35,100,2022-03-29 18:44:00,VYMI
68.33,68.3666,68.33,68.3666,601,2022-03-29 18:45:00,VYMI
68.345,68.345,68.345,68.345,100,2022-03-29 18:46:00,VYMI
68.38,68.38,68.38,68.38,100,2022-03-29 18:48:00,VYMI
68.36,68.36,68.36,68.36,100,2022-03-29 18:49:00,VYMI
68.355,68.355,68.355,68.355,146,2022-03-29 18:50:00,VYMI
68.355,68.355,68.355,68.355,114,2022-03-29 18:51:00,VYMI
68.36,68.3799,68.36,68.3799,2303,2022-03-29 18:53:00,VYMI
68.36,68.36,68.35,68.35,419,2022-03-29 18:54:00,VYMI
68.3555,68.3555,68.34,68.34,250,2022-03-29 18:55:00,VYMI
68.345,68.345,68.345,68.345,219,2022-03-29 18:56:00,VYMI
68.36,68.36,68.35,68.35,366,2022-03-29 18:57:00,VYMI
68.3483,68.3483,68.3483,68.3483,149,2022-03-29 19:02:00,VYMI
68.355,68.355,68.355,68.355,585,2022-03-29 19:03:00,VYMI
68.37,68.37,68.3699,68.3699,1348,2022-03-29 19:04:00,VYMI
68.37,68.37,68.3507,68.37,978,2022-03-29 19:05:00,VYMI
68.37,68.39,68.37,68.39,3400,2022-03-29 19:06:00,VYMI
68.38,68.38,68.38,68.38,100,2022-03-29 19:08:00,VYMI
68.385,68.385,68.373,68.373,246,2022-03-29 19:09:00,VYMI
68.395,68.3986,68.39,68.3986,766,2022-03-29 19:10:00,VYMI
68.4,68.4,68.4,68.4,200,2022-03-29 19:11:00,VYMI
68.39,68.39,68.39,68.39,200,2022-03-29 19:12:00,VYMI
68.395,68.42,68.395,68.42,1037,2022-03-29 19:13:00,VYMI
68.4,68.4,68.4,68.4,458,2022-03-29 19:14:00,VYMI
68.399,68.399,68.399,68.399,365,2022-03-29 19:15:00,VYMI
68.3985,68.4,68.385,68.4,898,2022-03-29 19:16:00,VYMI
68.385,68.385,68.3825,68.3825,200,2022-03-29 19:17:00,VYMI
68.4,68.4,68.395,68.395,221,2022-03-29 19:18:00,VYMI
68.4196,68.4196,68.4196,68.4196,146,2022-03-29 19:19:00,VYMI
68.4107,68.4107,68.4107,68.4107,350,2022-03-29 19:21:00,VYMI
68.4158,68.4158,68.4158,68.4158,100,2022-03-29 19:22:00,VYMI
68.4,68.4,68.4,68.4,100,2022-03-29 19:24:00,VYMI
68.405,68.405,68.405,68.405,200,2022-03-29 19:25:00,VYMI
68.4199,68.4199,68.4199,68.4199,150,2022-03-29 19:27:00,VYMI
68.42,68.42,68.42,68.42,100,2022-03-29 19:28:00,VYMI
68.439,68.449,68.43,68.44,1286,2022-03-29 19:29:00,VYMI
68.45,68.45,68.45,68.45,500,2022-03-29 19:31:00,VYMI
68.435,68.45,68.435,68.45,500,2022-03-29 19:33:00,VYMI
68.45,68.45,68.45,68.45,100,2022-03-29 19:34:00,VYMI
68.47,68.47,68.47,68.47,100,2022-03-29 19:35:00,VYMI
68.47,68.47,68.47,68.47,572,2022-03-29 19:36:00,VYMI
68.485,68.485,68.456,68.456,930,2022-03-29 19:37:00,VYMI
68.45,68.455,68.445,68.455,2722,2022-03-29 19:38:00,VYMI
68.4512,68.458,68.45,68.45,7666,2022-03-29 19:39:00,VYMI
68.46,68.48,68.46,68.48,1607,2022-03-29 19:40:00,VYMI
68.4507,68.4674,68.4507,68.465,2580,2022-03-29 19:41:00,VYMI
68.465,68.465,68.4499,68.45,1151,2022-03-29 19:42:00,VYMI
68.435,68.435,68.435,68.435,100,2022-03-29 19:43:00,VYMI
68.43,68.43,68.43,68.43,138,2022-03-29 19:44:00,VYMI
68.47,68.47,68.47,68.47,191,2022-03-29 19:45:00,VYMI
68.47,68.47,68.46,68.47,2174,2022-03-29 19:46:00,VYMI
68.4734,68.4734,68.4734,68.4734,240,2022-03-29 19:47:00,VYMI
68.45,68.45,68.45,68.45,400,2022-03-29 19:48:00,VYMI
68.45,68.46,68.45,68.45,1442,2022-03-29 19:49:00,VYMI
68.44,68.455,68.44,68.44,700,2022-03-29 19:50:00,VYMI
68.44,68.44,68.4,68.4,1730,2022-03-29 19:51:00,VYMI
68.4192,68.42,68.4,68.42,916,2022-03-29 19:52:00,VYMI
68.42,68.439,68.42,68.439,1204,2022-03-29 19:53:00,VYMI
68.42,68.432,68.4,68.43,1325,2022-03-29 19:54:00,VYMI
68.43,68.46,68.43,68.44,1046,2022-03-29 19:55:00,VYMI
68.446,68.45,68.446,68.45,812,2022-03-29 19:56:00,VYMI
68.45,68.47,68.45,68.47,900,2022-03-29 19:57:00,VYMI
68.47,68.495,68.47,68.49,2100,2022-03-29 19:58:00,VYMI
68.49,68.51,68.46,68.51,3652,2022-03-29 19:59:00,VYMI
68.58,68.58,68.58,68.58,1385,2022-03-29 20:00:00,VYMI
68.58,68.58,68.58,68.58,6317,2022-03-30 13:30:00,VYMI
68.54,68.54,68.53,68.53,1000,2022-03-30 13:33:00,VYMI
68.52,68.52,68.52,68.52,132,2022-03-30 13:34:00,VYMI
68.524,68.55,68.52,68.54,5635,2022-03-30 13:36:00,VYMI
68.58,68.58,68.5619,68.575,805,2022-03-30 13:38:00,VYMI
68.59,68.59,68.59,68.59,100,2022-03-30 13:39:00,VYMI
68.6195,68.6195,68.6195,68.6195,291,2022-03-30 13:41:00,VYMI
68.62,68.64,68.62,68.64,200,2022-03-30 13:42:00,VYMI
68.61,68.61,68.59,68.59,1061,2022-03-30 13:44:00,VYMI
68.6147,68.6147,68.6147,68.6147,214,2022-03-30 13:45:00,VYMI
68.565,68.565,68.565,68.565,218,2022-03-30 13:48:00,VYMI
68.61,68.61,68.587,68.587,600,2022-03-30 13:50:00,VYMI
68.5966,68.5966,68.575,68.575,637,2022-03-30 13:51:00,VYMI
68.598,68.6,68.575,68.6,1041,2022-03-30 13:52:00,VYMI
68.579,68.579,68.56,68.57,502,2022-03-30 13:54:00,VYMI
68.56,68.56,68.56,68.56,100,2022-03-30 13:55:00,VYMI
68.585,68.585,68.57,68.57,695,2022-03-30 13:58:00,VYMI
68.61,68.63,68.61,68.63,300,2022-03-30 14:00:00,VYMI
68.59,68.63,68.59,68.63,400,2022-03-30 14:01:00,VYMI
68.57,68.57,68.57,68.57,131,2022-03-30 14:02:00,VYMI
68.59,68.59,68.59,68.59,100,2022-03-30 14:03:00,VYMI
68.595,68.595,68.595,68.595,117,2022-03-30 14:05:00,VYMI
68.57,68.57,68.57,68.57,100,2022-03-30 14:06:00,VYMI
68.57,68.57,68.57,68.57,335,2022-03-30 14:07:00,VYMI
68.5774,68.5774,68.5774,68.5774,262,2022-03-30 14:08:00,VYMI
68.56,68.56,68.56,68.56,120,2022-03-30 14:09:00,VYMI
68.5522,68.5522,68.5522,68.5522,100,2022-03-30 14:10:00,VYMI
68.58,68.58,68.58,68.58,600,2022-03-30 14:12:00,VYMI
68.57,68.57,68.57,68.57,208,2022-03-30 14:13:00,VYMI
68.57,68.57,68.57,68.57,400,2022-03-30 14:14:00,VYMI
68.57,68.57,68.57,68.57,400,2022-03-30 14:15:00,VYMI
68.58,68.58,68.58,68.58,583,2022-03-30 14:16:00,VYMI
68.57,68.57,68.55,68.55,1230,2022-03-30 14:18:00,VYMI
68.54,68.54,68.54,68.54,700,2022-03-30 14:19:00,VYMI
68.52,68.555,68.52,68.555,966,2022-03-30 14:22:00,VYMI
68.555,68.555,68.555,68.555,191,2022-03-30 14:23:00,VYMI
68.579,68.579,68.56,68.56,390,2022-03-30 14:25:00,VYMI
68.54,68.565,68.54,68.565,362,2022-03-30 14:27:00,VYMI
68.55,68.55,68.5239,68.5239,1305,2022-03-30 14:28:00,VYMI
68.53,68.53,68.53,68.53,300,2022-03-30 14:33:00,VYMI
68.58,68.58,68.58,68.58,100,2022-03-30 14:36:00,VYMI
68.558,68.558,68.558,68.558,416,2022-03-30 14:39:00,VYMI
68.57,68.57,68.54,68.54,976,2022-03-30 14:40:00,VYMI
68.5402,68.5402,68.5305,68.5305,352,2022-03-30 14:42:00,VYMI
68.54,68.54,68.54,68.54,364,2022-03-30 14:43:00,VYMI
68.565,68.565,68.565,68.565,100,2022-03-30 14:44:00,VYMI
68.5832,68.5832,68.5832,68.5832,348,2022-03-30 14:46:00,VYMI
68.6,68.6196,68.6,68.6196,1243,2022-03-30 14:47:00,VYMI
68.628,68.63,68.5943,68.63,2207,2022-03-30 14:49:00,VYMI
68.655,68.655,68.655,68.655,410,2022-03-30 14:51:00,VYMI
68.6545,68.6595,68.6545,68.6595,566,2022-03-30 14:52:00,VYMI
68.65,68.6552,68.65,68.6552,331,2022-03-30 14:53:00,VYMI
68.655,68.655,68.64,68.648,1217,2022-03-30 14:54:00,VYMI
68.6456,68.67,68.64,68.64,2204,2022-03-30 14:55:00,VYMI
68.625,68.625,68.625,68.625,100,2022-03-30 14:56:00,VYMI
68.62,68.62,68.61,68.61,621,2022-03-30 14:57:00,VYMI
68.59,68.59,68.59,68.59,100,2022-03-30 14:58:00,VYMI
68.59,68.59,68.59,68.59,100,2022-03-30 14:59:00,VYMI
68.58,68.58,68.5702,68.5702,243,2022-03-30 15:00:00,VYMI
68.615,68.65,68.615,68.65,408,2022-03-30 15:01:00,VYMI
68.63,68.63,68.62,68.62,300,2022-03-30 15:02:00,VYMI
68.61,68.61,68.59,68.595,955,2022-03-30 15:04:00,VYMI
68.59,68.59,68.59,68.59,100,2022-03-30 15:06:00,VYMI
68.5889,68.5889,68.57,68.57,248,2022-03-30 15:07:00,VYMI
68.56,68.56,68.55,68.55,322,2022-03-30 15:08:00,VYMI
68.5092,68.5092,68.5092,68.5092,200,2022-03-30 15:11:00,VYMI
68.5185,68.5185,68.5185,68.5185,680,2022-03-30 15:12:00,VYMI
68.52,68.52,68.52,68.52,100,2022-03-30 15:13:00,VYMI
68.53,68.53,68.53,68.53,100,2022-03-30 15:15:00,VYMI
68.53,68.539,68.5294,68.539,552,2022-03-30 15:17:00,VYMI
68.525,68.525,68.525,68.525,125,2022-03-30 15:18:00,VYMI
68.53,68.539,68.53,68.539,799,2022-03-30 15:22:00,VYMI
68.52,68.52,68.52,68.52,100,2022-03-30 15:25:00,VYMI
68.5,68.5095,68.5,68.5,511,2022-03-30 15:29:00,VYMI
68.525,68.525,68.525,68.525,293,2022-03-30 15:31:00,VYMI
68.54,68.54,68.53,68.54,1450,2022-03-30 15:32:00,VYMI
68.56,68.56,68.56,68.56,105,2022-03-30 15:33:00,VYMI
68.53,68.57,68.53,68.57,606,2022-03-30 15:34:00,VYMI
68.615,68.645,68.615,68.6229,8354,2022-03-30 15:35:00,VYMI
68.6421,68.6421,68.6395,68.64,5039,2022-03-30 15:36:00,VYMI
68.64,68.65,68.64,68.645,2847,2022-03-30 15:37:00,VYMI
68.65,68.67,68.65,68.67,548,2022-03-30 15:38:00,VYMI
68.64,68.66,68.64,68.66,1830,2022-03-30 15:39:00,VYMI
68.66,68.66,68.64,68.64,1049,2022-03-30 15:40:00,VYMI
68.64,68.64,68.64,68.64,100,2022-03-30 15:42:00,VYMI
68.64,68.645,68.64,68.64,1008,2022-03-30 15:45:00,VYMI
68.6041,68.631,68.6041,68.631,642,2022-03-30 15:46:00,VYMI
68.6,68.6555,68.6,68.624,920,2022-03-30 15:49:00,VYMI
68.64,68.64,68.64,68.64,100,2022-03-30 15:50:00,VYMI
68.65,68.65,68.65,68.65,100,2022-03-30 15:51:00,VYMI
68.66,68.66,68.64,68.64,1167,2022-03-30 15:52:00,VYMI
68.6228,68.6228,68.6228,68.6228,350,2022-03-30 15:54:00,VYMI
68.62,68.62,68.61,68.61,1280,2022-03-30 15:55:00,VYMI
68.61,68.61,68.61,68.61,304,2022-03-30 15:56:00,VYMI
68.61,68.61,68.61,68.61,100,2022-03-30 15:57:00,VYMI
68.618,68.618,68.618,68.618,265,2022-03-30 15:58:00,VYMI
68.64,68.655,68.64,68.64,2055,2022-03-30 16:00:00,VYMI
68.64,68.64,68.637,68.64,1707,2022-03-30 16:01:00,VYMI
68.64,68.64,68.6329,68.6329,850,2022-03-30 16:02:00,VYMI
68.65,68.65,68.65,68.65,110,2022-03-30 16:03:00,VYMI
68.63,68.63,68.6182,68.6182,632,2022-03-30 16:05:00,VYMI
68.61,68.61,68.61,68.61,132,2022-03-30 16:06:00,VYMI
68.59,68.59,68.59,68.59,121,2022-03-30 16:07:00,VYMI
68.5844,68.6,68.5844,68.6,1756,2022-03-30 16:10:00,VYMI
68.5802,68.5802,68.57,68.57,507,2022-03-30 16:12:00,VYMI
68.565,68.59,68.565,68.58,1500,2022-03-30 16:13:00,VYMI
68.59,68.59,68.59,68.59,150,2022-03-30 16:14:00,VYMI
68.608,68.609,68.608,68.609,400,2022-03-30 16:19:00,VYMI
68.57,68.57,68.57,68.57,200,2022-03-30 16:22:00,VYMI
68.55,68.55,68.55,68.55,273,2022-03-30 16:23:00,VYMI
68.57,68.57,68.555,68.555,320,2022-03-30 16:24:00,VYMI
68.555,68.555,68.555,68.555,1047,2022-03-30 16:25:00,VYMI
68.55,68.55,68.55,68.55,500,2022-03-30 16:26:00,VYMI
68.5528,68.569,68.5528,68.5599,1849,2022-03-30 16:28:00,VYMI
68.58,68.58,68.563,68.563,300,2022-03-30 16:29:00,VYMI
68.56,68.56,68.54,68.55,475,2022-03-30 16:30:00,VYMI
68.56,68.56,68.56,68.56,222,2022-03-30 16:33:00,VYMI
68.5608,68.5608,68.5608,68.5608,400,2022-03-30 16:35:00,VYMI
68.5792,68.5792,68.5792,68.5792,364,2022-03-30 16:37:00,VYMI
68.5963,68.5963,68.5963,68.5963,300,2022-03-30 16:38:00,VYMI
68.574,68.58,68.574,68.58,362,2022-03-30 16:39:00,VYMI
68.58,68.58,68.56,68.56,290,2022-03-30 16:42:00,VYMI
68.58,68.58,68.58,68.58,100,2022-03-30 16:43:00,VYMI
68.572,68.572,68.572,68.572,292,2022-03-30 16:44:00,VYMI
68.58,68.58,68.57,68.57,201,2022-03-30 16:47:00,VYMI
68.595,68.595,68.575,68.575,1258,2022-03-30 16:49:00,VYMI
68.57,68.58,68.5692,68.58,725,2022-03-30 16:50:00,VYMI
68.57,68.57,68.57,68.57,1491,2022-03-30 16:51:00,VYMI
68.58,68.58,68.5672,68.57,3907,2022-03-30 16:53:00,VYMI
68.58,68.58,68.58,68.58,100,2022-03-30 16:54:00,VYMI
68.575,68.575,68.575,68.575,364,2022-03-30 16:55:00,VYMI
68.56,68.56,68.56,68.56,729,2022-03-30 16:57:00,VYMI
68.5692,68.5692,68.5692,68.5692,115,2022-03-30 16:58:00,VYMI
68.58,68.58,68.565,68.565,385,2022-03-30 16:59:00,VYMI
68.55,68.55,68.52,68.52,312,2022-03-30 17:01:00,VYMI
68.5258,68.5258,68.5258,68.5258,200,2022-03-30 17:02:00,VYMI
68.5,68.5,68.4899,68.4899,1149,2022-03-30 17:08:00,VYMI
68.49,68.5,68.49,68.5,4052,2022-03-30 17:10:00,VYMI
68.495,68.4956,68.495,68.4956,479,2022-03-30 17:11:00,VYMI
68.4729,68.4729,68.4729,68.4729,400,2022-03-30 17:16:00,VYMI
68.4874,68.4874,68.485,68.485,466,2022-03-30 17:18:00,VYMI
68.48,68.49,68.47,68.47,682,2022-03-30 17:19:00,VYMI
68.47,68.475,68.4395,68.45,11991,2022-03-30 17:20:00,VYMI
68.449,68.45,68.449,68.45,318,2022-03-30 17:22:00,VYMI
68.4331,68.4331,68.4331,68.4331,1019,2022-03-30 17:23:00,VYMI
68.4576,68.4576,68.4576,68.4576,177,2022-03-30 17:24:00,VYMI
68.45,68.45,68.45,68.45,100,2022-03-30 17:27:00,VYMI
68.45,68.459,68.44,68.459,400,2022-03-30 17:29:00,VYMI
68.45,68.46,68.45,68.459,615,2022-03-30 17:30:00,VYMI
68.45,68.45,68.4499,68.4499,519,2022-03-30 17:31:00,VYMI
68.445,68.445,68.445,68.445,1562,2022-03-30 17:32:00,VYMI
68.45,68.45,68.45,68.45,205,2022-03-30 17:34:00,VYMI
68.4339,68.455,68.4339,68.455,247,2022-03-30 17:35:00,VYMI
68.4433,68.46,68.4401,68.4499,3197,2022-03-30 17:38:00,VYMI
68.435,68.44,68.435,68.439,2687,2022-03-30 17:40:00,VYMI
68.439,68.439,68.439,68.439,247,2022-03-30 17:41:00,VYMI
68.44,68.44,68.435,68.435,200,2022-03-30 17:42:00,VYMI
68.44,68.46,68.44,68.4599,784,2022-03-30 17:43:00,VYMI
68.44,68.44,68.44,68.44,124,2022-03-30 17:45:00,VYMI
68.44,68.44,68.435,68.435,488,2022-03-30 17:46:00,VYMI
68.459,68.5,68.459,68.5,46899,2022-03-30 17:51:00,VYMI
68.46,68.46,68.4599,68.4599,200,2022-03-30 17:53:00,VYMI
68.435,68.435,68.43,68.43,224,2022-03-30 17:57:00,VYMI
68.42,68.42,68.42,68.42,100,2022-03-30 17:59:00,VYMI
68.434,68.434,68.434,68.434,109,2022-03-30 18:00:00,VYMI
68.45,68.45,68.4499,68.4499,300,2022-03-30 18:02:00,VYMI
68.47,68.48,68.47,68.48,300,2022-03-30 18:03:00,VYMI
68.4864,68.4864,68.4864,68.4864,100,2022-03-30 18:04:00,VYMI
68.5,68.5,68.5,68.5,169,2022-03-30 18:05:00,VYMI
68.49,68.49,68.49,68.49,100,2022-03-30 18:06:00,VYMI
68.4967,68.4967,68.4956,68.4956,718,2022-03-30 18:07:00,VYMI
68.498,68.498,68.498,68.498,239,2022-03-30 18:08:00,VYMI
68.5236,68.5236,68.5236,68.5236,945,2022-03-30 18:09:00,VYMI
68.52,68.52,68.52,68.52,100,2022-03-30 18:10:00,VYMI
68.51,68.51,68.485,68.485,1011,2022-03-30 18:15:00,VYMI
68.48,68.5,68.48,68.48,5643,2022-03-30 18:16:00,VYMI
68.48,68.48,68.48,68.48,434,2022-03-30 18:17:00,VYMI
68.47,68.47,68.469,68.469,660,2022-03-30 18:18:00,VYMI
68.465,68.465,68.465,68.465,114,2022-03-30 18:19:00,VYMI
68.46,68.46,68.46,68.46,100,2022-03-30 18:21:00,VYMI
68.47,68.47,68.46,68.47,2000,2022-03-30 18:23:00,VYMI
68.46,68.46,68.4563,68.4563,818,2022-03-30 18:28:00,VYMI
68.499,68.499,68.499,68.499,747,2022-03-30 18:30:00,VYMI
68.52,68.52,68.49,68.49,680,2022-03-30 18:31:00,VYMI
68.49,68.49,68.49,68.49,100,2022-03-30 18:34:00,VYMI
68.5184,68.5184,68.5184,68.5184,200,2022-03-30 18:35:00,VYMI
68.54,68.54,68.54,68.54,100,2022-03-30 18:36:00,VYMI
68.529,68.529,68.529,68.529,365,2022-03-30 18:37:00,VYMI
68.53,68.53,68.53,68.53,209,2022-03-30 18:39:00,VYMI
68.525,68.525,68.52,68.52,850,2022-03-30 18:40:00,VYMI
68.5,68.5,68.5,68.5,400,2022-03-30 18:41:00,VYMI
68.48,68.48,68.47,68.47,247,2022-03-30 18:42:00,VYMI
68.47,68.47,68.47,68.47,200,2022-03-30 18:43:00,VYMI
68.47,68.47,68.47,68.47,100,2022-03-30 18:44:00,VYMI
68.459,68.459,68.459,68.459,105,2022-03-30 18:47:00,VYMI
68.4367,68.479,68.4367,68.479,497,2022-03-30 18:51:00,VYMI
68.47,68.47,68.4411,68.4411,1757,2022-03-30 18:53:00,VYMI
68.47,68.4894,68.47,68.47,676,2022-03-30 18:55:00,VYMI
68.475,68.475,68.475,68.475,100,2022-03-30 18:56:00,VYMI
68.47,68.47,68.46,68.46,1173,2022-03-30 18:57:00,VYMI
68.46,68.46,68.46,68.46,400,2022-03-30 18:58:00,VYMI
68.43,68.44,68.43,68.44,300,2022-03-30 19:00:00,VYMI
68.44,68.44,68.44,68.44,242,2022-03-30 19:01:00,VYMI
68.43,68.43,68.4,68.4,6049,2022-03-30 19:03:00,VYMI
68.43,68.45,68.43,68.45,213,2022-03-30 19:04:00,VYMI
68.435,68.449,68.435,68.449,877,2022-03-30 19:06:00,VYMI
68.4399,68.4399,68.4399,68.4399,153,2022-03-30 19:07:00,VYMI
68.4194,68.43,68.4194,68.43,348,2022-03-30 19:08:00,VYMI
68.43,68.43,68.43,68.43,200,2022-03-30 19:09:00,VYMI
68.4,68.4,68.4,68.4,200,2022-03-30 19:11:00,VYMI
68.38,68.41,68.38,68.405,500,2022-03-30 19:13:00,VYMI
68.388,68.388,68.388,68.388,112,2022-03-30 19:16:00,VYMI
68.389,68.389,68.389,68.389,791,2022-03-30 19:17:00,VYMI
68.36,68.36,68.36,68.36,100,2022-03-30 19:19:00,VYMI
68.35,68.36,68.35,68.35,944,2022-03-30 19:20:00,VYMI
68.34,68.34,68.335,68.335,710,2022-03-30 19:21:00,VYMI
68.3304,68.3304,68.33,68.33,1955,2022-03-30 19:22:00,VYMI
68.31,68.317,68.3,68.3,1825,2022-03-30 19:23:00,VYMI
68.2916,68.3,68.2916,68.2999,552,2022-03-30 19:24:00,VYMI
68.28,68.28,68.28,68.28,200,2022-03-30 19:25:00,VYMI
68.275,68.275,68.27,68.2703,4684,2022-03-30 19:26:00,VYMI
68.32,68.32,68.32,68.32,856,2022-03-30 19:28:00,VYMI
68.31,68.31,68.31,68.31,300,2022-03-30 19:29:00,VYMI
68.3172,68.32,68.31,68.31,482,2022-03-30 19:30:00,VYMI
68.34,68.36,68.32,68.32,1915,2022-03-30 19:31:00,VYMI
68.345,68.345,68.345,68.345,555,2022-03-30 19:32:00,VYMI
68.415,68.42,68.41,68.42,417,2022-03-30 19:37:00,VYMI
68.41,68.41,68.41,68.41,275,2022-03-30 19:38:00,VYMI
68.36,68.36,68.36,68.36,100,2022-03-30 19:39:00,VYMI
68.36,68.36,68.36,68.36,100,2022-03-30 19:40:00,VYMI
68.325,68.325,68.32,68.3225,800,2022-03-30 19:41:00,VYMI
68.36,68.375,68.36,68.375,260,2022-03-30 19:43:00,VYMI
68.389,68.389,68.37,68.37,726,2022-03-30 19:45:00,VYMI
68.385,68.385,68.385,68.385,100,2022-03-30 19:46:00,VYMI
68.436,68.436,68.436,68.436,200,2022-03-30 19:47:00,VYMI
68.43,68.43,68.43,68.43,129,2022-03-30 19:48:00,VYMI
68.43,68.44,68.37,68.37,4004,2022-03-30 19:50:00,VYMI
68.3395,68.3395,68.3395,68.3395,120,2022-03-30 19:51:00,VYMI
68.2945,68.2945,68.28,68.2928,672,2022-03-30 19:52:00,VYMI
68.28,68.28,68.28,68.28,100,2022-03-30 19:53:00,VYMI
68.31,68.31,68.3099,68.31,300,2022-03-30 19:54:00,VYMI
68.32,68.36,68.32,68.338,983,2022-03-30 19:55:00,VYMI
68.389,68.389,68.36,68.36,1300,2022-03-30 19:56:00,VYMI
68.39,68.39,68.3899,68.3899,1300,2022-03-30 19:57:00,VYMI
68.4,68.4,68.4,68.4,100,2022-03-30 19:58:00,VYMI
68.43,68.44,68.43,68.44,1581,2022-03-30 19:59:00,VYMI
68.45,68.45,68.45,68.45,514,2022-03-30 20:00:00,VYMI
