open,high,low,close,volume,datetime,symbol
28.28,28.28,28.28,28.28,324860,2021-11-01 13:19:00,PLTK
28.41,28.41,28.41,28.41,208,2021-11-01 13:29:00,PLTK
28.33,28.5302,28.33,28.5302,3419,2021-11-01 13:30:00,PLTK
28.42,28.43,28.325,28.35,1581,2021-11-01 13:33:00,PLTK
28.34,28.34,28.3,28.3,552,2021-11-01 13:34:00,PLTK
28.28,28.42,28.28,28.42,1100,2021-11-01 13:35:00,PLTK
28.48,28.5,28.375,28.375,800,2021-11-01 13:36:00,PLTK
28.37,28.37,28.37,28.37,100,2021-11-01 13:37:00,PLTK
28.4,28.4,28.4,28.4,600,2021-11-01 13:38:00,PLTK
28.37,28.4,28.37,28.37,1953,2021-11-01 13:39:00,PLTK
28.4,28.4,28.365,28.365,500,2021-11-01 13:40:00,PLTK
28.345,28.35,28.345,28.35,677,2021-11-01 13:41:00,PLTK
28.4,28.4,28.4,28.4,912,2021-11-01 13:42:00,PLTK
28.4,28.4,28.39,28.4,500,2021-11-01 13:44:00,PLTK
28.4,28.41,28.4,28.4,900,2021-11-01 13:45:00,PLTK
28.4,28.4,28.4,28.4,700,2021-11-01 13:46:00,PLTK
28.4,28.4,28.39,28.4,2810,2021-11-01 13:47:00,PLTK
28.4,28.4,28.39,28.4,4550,2021-11-01 13:48:00,PLTK
28.4,28.4,28.36,28.36,600,2021-11-01 13:49:00,PLTK
28.32,28.32,28.32,28.32,100,2021-11-01 13:50:00,PLTK
28.3172,28.3172,28.3172,28.3172,300,2021-11-01 13:51:00,PLTK
28.38,28.39,28.38,28.39,550,2021-11-01 13:52:00,PLTK
28.4,28.4,28.39,28.4,2306,2021-11-01 13:53:00,PLTK
28.45,28.45,28.45,28.45,1608,2021-11-01 13:54:00,PLTK
28.45,28.45,28.4473,28.45,1279,2021-11-01 13:55:00,PLTK
28.45,28.45,28.38,28.38,1000,2021-11-01 13:56:00,PLTK
28.4,28.4,28.39,28.4,900,2021-11-01 13:57:00,PLTK
28.39,28.39,28.35,28.35,218,2021-11-01 13:58:00,PLTK
28.35,28.35,28.325,28.325,700,2021-11-01 13:59:00,PLTK
28.34,28.34,28.32,28.32,300,2021-11-01 14:00:00,PLTK
28.27,28.27,28.27,28.27,100,2021-11-01 14:02:00,PLTK
28.31,28.32,28.31,28.32,450,2021-11-01 14:03:00,PLTK
28.32,28.35,28.32,28.32,1597,2021-11-01 14:04:00,PLTK
28.35,28.35,28.35,28.35,300,2021-11-01 14:06:00,PLTK
28.35,28.35,28.3439,28.3439,250,2021-11-01 14:07:00,PLTK
28.33,28.42,28.33,28.4,56375,2021-11-01 14:08:00,PLTK
28.4,28.55,28.4,28.5,25676,2021-11-01 14:09:00,PLTK
28.5,28.56,28.48,28.48,13015,2021-11-01 14:10:00,PLTK
28.48,28.51,28.48,28.49,7706,2021-11-01 14:11:00,PLTK
28.49,28.51,28.47,28.47,5003,2021-11-01 14:12:00,PLTK
28.47,28.52,28.46,28.5,112375,2021-11-01 14:13:00,PLTK
28.54,28.55,28.5,28.52,22783,2021-11-01 14:14:00,PLTK
28.54,28.59,28.5,28.59,100200,2021-11-01 14:15:00,PLTK
28.6,28.7,28.58,28.7,7169,2021-11-01 14:16:00,PLTK
28.7,28.7,28.7,28.7,1305,2021-11-01 14:17:00,PLTK
28.74,28.75,28.725,28.75,2170,2021-11-01 14:18:00,PLTK
28.79,28.8,28.78,28.8,2336,2021-11-01 14:19:00,PLTK
28.84,28.88,28.84,28.88,1800,2021-11-01 14:20:00,PLTK
28.9,28.9,28.891,28.9,2101,2021-11-01 14:21:00,PLTK
28.9,28.9,28.8996,28.9,3230,2021-11-01 14:22:00,PLTK
28.9,28.93,28.9,28.9005,4821,2021-11-01 14:23:00,PLTK
28.93,28.95,28.92,28.92,3150,2021-11-01 14:24:00,PLTK
28.92,28.97,28.92,28.97,3975,2021-11-01 14:25:00,PLTK
28.97,28.975,28.95,28.9533,4686,2021-11-01 14:26:00,PLTK
28.97,29.0,28.96,29.0,3161,2021-11-01 14:27:00,PLTK
28.9984,28.9984,28.9984,28.9984,500,2021-11-01 14:28:00,PLTK
29.0,29.0,28.99,28.99,1603,2021-11-01 14:29:00,PLTK
29.0,29.0,28.97,28.995,9708,2021-11-01 14:30:00,PLTK
29.0,29.02,28.99,28.99,2983,2021-11-01 14:31:00,PLTK
28.99,28.998,28.99,28.998,862,2021-11-01 14:32:00,PLTK
29.05,29.09,29.05,29.09,1800,2021-11-01 14:33:00,PLTK
29.09,29.09,29.07,29.07,200,2021-11-01 14:34:00,PLTK
29.07,29.07,29.0,29.025,6100,2021-11-01 14:35:00,PLTK
29.025,29.05,29.025,29.05,270,2021-11-01 14:36:00,PLTK
29.04,29.05,28.97,28.975,5861,2021-11-01 14:41:00,PLTK
28.96,28.96,28.921,28.95,2704,2021-11-01 14:44:00,PLTK
28.95,29.01,28.95,29.01,2250,2021-11-01 14:45:00,PLTK
29.02,29.06,29.02,29.06,1100,2021-11-01 14:46:00,PLTK
29.06,29.07,29.06,29.07,600,2021-11-01 14:48:00,PLTK
29.08,29.14,29.08,29.14,1100,2021-11-01 14:51:00,PLTK
29.11,29.12,29.06,29.06,7294,2021-11-01 14:52:00,PLTK
29.07,29.09,29.07,29.09,400,2021-11-01 14:54:00,PLTK
29.09,29.09,29.09,29.09,675,2021-11-01 14:56:00,PLTK
29.09,29.14,29.09,29.105,1800,2021-11-01 14:57:00,PLTK
29.105,29.105,29.1,29.1,200,2021-11-01 14:58:00,PLTK
29.105,29.105,29.1,29.1,500,2021-11-01 14:59:00,PLTK
29.105,29.105,29.08,29.08,2200,2021-11-01 15:00:00,PLTK
29.1,29.12,29.09,29.11,643,2021-11-01 15:01:00,PLTK
29.11,29.13,29.11,29.13,1284,2021-11-01 15:02:00,PLTK
29.12,29.12,29.1,29.1,200,2021-11-01 15:03:00,PLTK
29.1,29.12,29.09,29.1,5777,2021-11-01 15:04:00,PLTK
29.115,29.12,29.1,29.12,500,2021-11-01 15:05:00,PLTK
29.13,29.15,29.13,29.15,1600,2021-11-01 15:06:00,PLTK
29.15,29.16,29.14,29.15,4487,2021-11-01 15:07:00,PLTK
29.14,29.14,29.12,29.12,5119,2021-11-01 15:08:00,PLTK
29.14,29.15,29.14,29.15,2700,2021-11-01 15:09:00,PLTK
29.14,29.14,29.1,29.101,2539,2021-11-01 15:10:00,PLTK
29.1,29.1,29.09,29.09,1707,2021-11-01 15:11:00,PLTK
29.1,29.1,29.1,29.1,300,2021-11-01 15:12:00,PLTK
29.09,29.11,29.08,29.1,7064,2021-11-01 15:15:00,PLTK
29.095,29.1,29.09,29.091,2017,2021-11-01 15:16:00,PLTK
29.09,29.1,29.09,29.0901,800,2021-11-01 15:17:00,PLTK
29.095,29.105,29.095,29.1,3800,2021-11-01 15:18:00,PLTK
29.095,29.13,29.095,29.115,4774,2021-11-01 15:19:00,PLTK
29.12,29.19,29.12,29.19,7333,2021-11-01 15:20:00,PLTK
29.2,29.2,29.2,29.2,200,2021-11-01 15:21:00,PLTK
29.2,29.29,29.2,29.2566,10576,2021-11-01 15:22:00,PLTK
29.265,29.265,29.24,29.25,2851,2021-11-01 15:23:00,PLTK
29.26,29.26,29.26,29.26,300,2021-11-01 15:24:00,PLTK
29.27,29.27,29.27,29.27,200,2021-11-01 15:26:00,PLTK
29.28,29.28,29.26,29.26,300,2021-11-01 15:27:00,PLTK
29.275,29.29,29.268,29.268,480,2021-11-01 15:29:00,PLTK
29.275,29.275,29.275,29.275,300,2021-11-01 15:30:00,PLTK
29.29,29.29,29.275,29.275,400,2021-11-01 15:31:00,PLTK
29.275,29.31,29.275,29.31,1530,2021-11-01 15:32:00,PLTK
29.305,29.305,29.3,29.3,250,2021-11-01 15:33:00,PLTK
29.28,29.3,29.28,29.3,400,2021-11-01 15:34:00,PLTK
29.28,29.28,29.28,29.28,300,2021-11-01 15:35:00,PLTK
29.28,29.28,29.28,29.28,300,2021-11-01 15:36:00,PLTK
29.26,29.33,29.25,29.33,5117,2021-11-01 15:37:00,PLTK
29.33,29.39,29.33,29.35,13486,2021-11-01 15:38:00,PLTK
29.345,29.35,29.33,29.33,1400,2021-11-01 15:39:00,PLTK
29.31,29.31,29.31,29.31,100,2021-11-01 15:40:00,PLTK
29.32,29.32,29.3,29.3,1100,2021-11-01 15:41:00,PLTK
29.3,29.3361,29.3,29.3361,2335,2021-11-01 15:42:00,PLTK
29.34,29.34,29.32,29.32,700,2021-11-01 15:43:00,PLTK
29.32,29.32,29.3,29.31,1003,2021-11-01 15:44:00,PLTK
29.281,29.31,29.28,29.31,500,2021-11-01 15:45:00,PLTK
29.29,29.29,29.28,29.28,400,2021-11-01 15:46:00,PLTK
29.28,29.28,29.27,29.27,873,2021-11-01 15:47:00,PLTK
29.29,29.29,29.19,29.21,6706,2021-11-01 15:48:00,PLTK
29.19,29.239,29.19,29.239,400,2021-11-01 15:49:00,PLTK
29.191,29.191,29.19,29.19,700,2021-11-01 15:50:00,PLTK
29.18,29.18,29.18,29.18,250,2021-11-01 15:51:00,PLTK
29.185,29.185,29.182,29.182,1300,2021-11-01 15:52:00,PLTK
29.19,29.19,29.18,29.19,550,2021-11-01 15:53:00,PLTK
29.18,29.21,29.18,29.21,255,2021-11-01 15:54:00,PLTK
29.18,29.18,29.18,29.18,841,2021-11-01 15:55:00,PLTK
29.18,29.205,29.18,29.205,400,2021-11-01 15:57:00,PLTK
29.23,29.29,29.23,29.29,2971,2021-11-01 15:58:00,PLTK
29.29,29.305,29.2839,29.2839,1322,2021-11-01 15:59:00,PLTK
29.28,29.3,29.26,29.3,6424,2021-11-01 16:00:00,PLTK
29.3,29.3,29.29,29.29,240,2021-11-01 16:01:00,PLTK
29.29,29.29,29.27,29.27,2200,2021-11-01 16:02:00,PLTK
29.275,29.29,29.27,29.29,979,2021-11-01 16:03:00,PLTK
29.28,29.28,29.27,29.27,3008,2021-11-01 16:04:00,PLTK
29.26,29.26,29.26,29.26,300,2021-11-01 16:05:00,PLTK
29.275,29.275,29.26,29.26,300,2021-11-01 16:06:00,PLTK
29.26,29.26,29.24,29.24,2837,2021-11-01 16:07:00,PLTK
29.24,29.27,29.24,29.27,1674,2021-11-01 16:08:00,PLTK
29.26,29.26,29.26,29.26,100,2021-11-01 16:09:00,PLTK
29.26,29.2601,29.21,29.2201,7186,2021-11-01 16:10:00,PLTK
29.23,29.23,29.19,29.191,1366,2021-11-01 16:11:00,PLTK
29.2,29.24,29.2,29.22,3122,2021-11-01 16:12:00,PLTK
29.225,29.26,29.22,29.26,2366,2021-11-01 16:13:00,PLTK
29.25,29.25,29.25,29.25,100,2021-11-01 16:14:00,PLTK
29.25,29.25,29.221,29.23,1060,2021-11-01 16:16:00,PLTK
29.22,29.25,29.22,29.23,700,2021-11-01 16:18:00,PLTK
29.26,29.26,29.26,29.26,100,2021-11-01 16:19:00,PLTK
29.25,29.25,29.25,29.25,300,2021-11-01 16:20:00,PLTK
29.26,29.26,29.25,29.25,600,2021-11-01 16:21:00,PLTK
29.26,29.26,29.25,29.26,400,2021-11-01 16:22:00,PLTK
29.25,29.275,29.25,29.275,3530,2021-11-01 16:23:00,PLTK
29.28,29.2887,29.27,29.27,10765,2021-11-01 16:24:00,PLTK
29.27,29.27,29.27,29.27,340,2021-11-01 16:25:00,PLTK
29.27,29.28,29.26,29.26,5418,2021-11-01 16:26:00,PLTK
29.26,29.26,29.26,29.26,300,2021-11-01 16:27:00,PLTK
29.25,29.26,29.25,29.26,400,2021-11-01 16:28:00,PLTK
29.26,29.26,29.25,29.25,400,2021-11-01 16:30:00,PLTK
29.27,29.27,29.25,29.25,1350,2021-11-01 16:31:00,PLTK
29.26,29.26,29.26,29.26,800,2021-11-01 16:32:00,PLTK
29.28,29.28,29.28,29.28,100,2021-11-01 16:33:00,PLTK
29.27,29.27,29.27,29.27,100,2021-11-01 16:34:00,PLTK
29.25,29.26,29.25,29.26,898,2021-11-01 16:36:00,PLTK
29.25,29.26,29.25,29.26,2300,2021-11-01 16:38:00,PLTK
29.27,29.27,29.25,29.25,300,2021-11-01 16:39:00,PLTK
29.27,29.34,29.27,29.34,3182,2021-11-01 16:40:00,PLTK
29.33,29.33,29.33,29.33,300,2021-11-01 16:41:00,PLTK
29.356,29.39,29.35,29.35,2966,2021-11-01 16:42:00,PLTK
29.35,29.37,29.34,29.36,8317,2021-11-01 16:43:00,PLTK
29.38,29.39,29.36,29.37,5902,2021-11-01 16:44:00,PLTK
29.36,29.36,29.35,29.35,300,2021-11-01 16:45:00,PLTK
29.351,29.351,29.351,29.351,100,2021-11-01 16:46:00,PLTK
29.37,29.37,29.37,29.37,500,2021-11-01 16:47:00,PLTK
29.35,29.35,29.35,29.35,200,2021-11-01 16:48:00,PLTK
29.3601,29.4,29.35,29.4,2510,2021-11-01 16:49:00,PLTK
29.38,29.38,29.38,29.38,100,2021-11-01 16:50:00,PLTK
29.36,29.37,29.35,29.351,3412,2021-11-01 16:51:00,PLTK
29.35,29.36,29.35,29.36,300,2021-11-01 16:52:00,PLTK
29.35,29.37,29.35,29.37,500,2021-11-01 16:53:00,PLTK
29.375,29.39,29.375,29.39,200,2021-11-01 16:54:00,PLTK
29.39,29.45,29.39,29.45,3700,2021-11-01 16:57:00,PLTK
29.42,29.42,29.42,29.42,100,2021-11-01 16:58:00,PLTK
29.42,29.45,29.42,29.42,2807,2021-11-01 16:59:00,PLTK
29.42,29.42,29.415,29.415,200,2021-11-01 17:00:00,PLTK
29.41,29.42,29.41,29.41,300,2021-11-01 17:01:00,PLTK
29.41,29.4373,29.41,29.43,3050,2021-11-01 17:02:00,PLTK
29.42,29.42,29.42,29.42,500,2021-11-01 17:03:00,PLTK
29.42,29.42,29.42,29.42,100,2021-11-01 17:04:00,PLTK
29.42,29.4285,29.42,29.4285,726,2021-11-01 17:05:00,PLTK
29.42,29.425,29.41,29.42,4001,2021-11-01 17:06:00,PLTK
29.44,29.4565,29.44,29.4565,3338,2021-11-01 17:07:00,PLTK
29.46,29.48,29.46,29.46,1302,2021-11-01 17:08:00,PLTK
29.478,29.478,29.46,29.46,400,2021-11-01 17:09:00,PLTK
29.47,29.47,29.47,29.47,300,2021-11-01 17:11:00,PLTK
29.46,29.52,29.46,29.51,23554,2021-11-01 17:12:00,PLTK
29.52,29.55,29.52,29.535,2226,2021-11-01 17:13:00,PLTK
29.55,29.58,29.54,29.58,8606,2021-11-01 17:14:00,PLTK
29.58,29.58,29.5725,29.58,3511,2021-11-01 17:15:00,PLTK
29.58,29.59,29.57,29.581,1900,2021-11-01 17:16:00,PLTK
29.59,29.65,29.59,29.65,9292,2021-11-01 17:17:00,PLTK
29.65,29.66,29.63,29.63,23903,2021-11-01 17:18:00,PLTK
29.63,29.67,29.63,29.67,14322,2021-11-01 17:19:00,PLTK
29.64,29.66,29.64,29.66,2129,2021-11-01 17:20:00,PLTK
29.66,29.66,29.64,29.655,4120,2021-11-01 17:21:00,PLTK
29.65,29.68,29.641,29.641,18116,2021-11-01 17:22:00,PLTK
29.65,29.67,29.65,29.65,900,2021-11-01 17:23:00,PLTK
29.67,29.68,29.67,29.68,2400,2021-11-01 17:24:00,PLTK
29.68,29.715,29.68,29.715,11092,2021-11-01 17:25:00,PLTK
29.715,29.72,29.69,29.705,4872,2021-11-01 17:26:00,PLTK
29.72,29.78,29.72,29.76,6650,2021-11-01 17:27:00,PLTK
29.76,29.76,29.75,29.755,14335,2021-11-01 17:28:00,PLTK
29.75,29.755,29.74,29.75,26409,2021-11-01 17:29:00,PLTK
29.75,29.75,29.66,29.66,5711,2021-11-01 17:30:00,PLTK
29.67,29.73,29.67,29.73,3106,2021-11-01 17:31:00,PLTK
29.75,29.76,29.75,29.75,3731,2021-11-01 17:32:00,PLTK
29.75,29.75,29.7162,29.725,2910,2021-11-01 17:33:00,PLTK
29.71,29.71,29.68,29.68,760,2021-11-01 17:34:00,PLTK
29.68,29.68,29.62,29.62,832,2021-11-01 17:35:00,PLTK
29.65,29.65,29.62,29.65,1130,2021-11-01 17:36:00,PLTK
29.63,29.66,29.62,29.62,1600,2021-11-01 17:37:00,PLTK
29.64,29.65,29.63,29.635,500,2021-11-01 17:38:00,PLTK
29.65,29.65,29.6,29.6,1756,2021-11-01 17:39:00,PLTK
29.6,29.6,29.55,29.55,400,2021-11-01 17:40:00,PLTK
29.5361,29.5361,29.471,29.49,1954,2021-11-01 17:42:00,PLTK
29.485,29.485,29.43,29.45,1505,2021-11-01 17:43:00,PLTK
29.43,29.43,29.42,29.43,1200,2021-11-01 17:44:00,PLTK
29.42,29.43,29.37,29.43,3636,2021-11-01 17:45:00,PLTK
29.41,29.41,29.41,29.41,200,2021-11-01 17:46:00,PLTK
29.44,29.47,29.411,29.47,3401,2021-11-01 17:47:00,PLTK
29.47,29.47,29.47,29.47,100,2021-11-01 17:48:00,PLTK
29.46,29.46,29.46,29.46,100,2021-11-01 17:49:00,PLTK
29.5,29.5,29.5,29.5,100,2021-11-01 17:50:00,PLTK
29.46,29.495,29.46,29.495,11185,2021-11-01 17:51:00,PLTK
29.51,29.51,29.49,29.5,1700,2021-11-01 17:52:00,PLTK
29.52,29.55,29.51,29.55,2557,2021-11-01 17:53:00,PLTK
29.57,29.6,29.54,29.56,35600,2021-11-01 17:54:00,PLTK
29.58,29.58,29.53,29.545,13254,2021-11-01 17:55:00,PLTK
29.57,29.575,29.52,29.53,62305,2021-11-01 17:56:00,PLTK
29.49,29.51,29.44,29.44,5986,2021-11-01 17:59:00,PLTK
29.45,29.49,29.45,29.49,4400,2021-11-01 18:00:00,PLTK
29.51,29.56,29.51,29.555,6080,2021-11-01 18:01:00,PLTK
29.56,29.6,29.55,29.585,1500,2021-11-01 18:02:00,PLTK
29.6,29.6,29.57,29.57,625,2021-11-01 18:03:00,PLTK
29.6,29.65,29.6,29.65,2200,2021-11-01 18:04:00,PLTK
29.65,29.65,29.64,29.64,300,2021-11-01 18:05:00,PLTK
29.62,29.67,29.62,29.655,3086,2021-11-01 18:06:00,PLTK
29.66,29.68,29.64,29.64,4643,2021-11-01 18:07:00,PLTK
29.655,29.655,29.58,29.58,7187,2021-11-01 18:08:00,PLTK
29.57,29.57,29.53,29.55,3000,2021-11-01 18:10:00,PLTK
29.55,29.55,29.52,29.53,1400,2021-11-01 18:11:00,PLTK
29.54,29.54,29.54,29.54,200,2021-11-01 18:12:00,PLTK
29.54,29.54,29.51,29.54,1254,2021-11-01 18:13:00,PLTK
29.52,29.54,29.49,29.53,11450,2021-11-01 18:14:00,PLTK
29.55,29.55,29.4832,29.4832,1850,2021-11-01 18:15:00,PLTK
29.48,29.48,29.46,29.46,6906,2021-11-01 18:16:00,PLTK
29.45,29.465,29.44,29.45,6363,2021-11-01 18:17:00,PLTK
29.441,29.4695,29.38,29.38,6908,2021-11-01 18:18:00,PLTK
29.38,29.41,29.375,29.4,2900,2021-11-01 18:19:00,PLTK
29.42,29.42,29.42,29.42,200,2021-11-01 18:20:00,PLTK
29.415,29.415,29.33,29.39,4329,2021-11-01 18:21:00,PLTK
29.385,29.385,29.385,29.385,100,2021-11-01 18:22:00,PLTK
29.37,29.385,29.36,29.385,400,2021-11-01 18:23:00,PLTK
29.385,29.385,29.36,29.38,600,2021-11-01 18:24:00,PLTK
29.38,29.38,29.38,29.38,700,2021-11-01 18:25:00,PLTK
29.36,29.36,29.35,29.35,751,2021-11-01 18:26:00,PLTK
29.351,29.4,29.351,29.39,2025,2021-11-01 18:27:00,PLTK
29.395,29.395,29.395,29.395,100,2021-11-01 18:28:00,PLTK
29.38,29.38,29.38,29.38,100,2021-11-01 18:29:00,PLTK
29.41,29.41,29.41,29.41,200,2021-11-01 18:30:00,PLTK
29.405,29.405,29.405,29.405,1773,2021-11-01 18:33:00,PLTK
29.42,29.42,29.38,29.38,2468,2021-11-01 18:34:00,PLTK
29.38,29.38,29.36,29.36,1003,2021-11-01 18:35:00,PLTK
29.36,29.36,29.33,29.34,4372,2021-11-01 18:36:00,PLTK
29.36,29.36,29.36,29.36,100,2021-11-01 18:37:00,PLTK
29.345,29.345,29.28,29.29,2657,2021-11-01 18:38:00,PLTK
29.28,29.29,29.27,29.27,1218,2021-11-01 18:39:00,PLTK
29.26,29.28,29.24,29.28,1025,2021-11-01 18:40:00,PLTK
29.25,29.29,29.25,29.26,1900,2021-11-01 18:41:00,PLTK
29.26,29.26,29.25,29.25,500,2021-11-01 18:42:00,PLTK
29.25,29.27,29.25,29.27,1018,2021-11-01 18:43:00,PLTK
29.27,29.27,29.27,29.27,1154,2021-11-01 18:44:00,PLTK
29.27,29.29,29.265,29.265,700,2021-11-01 18:45:00,PLTK
29.265,29.39,29.265,29.39,3976,2021-11-01 18:46:00,PLTK
29.38,29.38,29.35,29.38,1400,2021-11-01 18:47:00,PLTK
29.385,29.41,29.36,29.395,948,2021-11-01 18:48:00,PLTK
29.395,29.41,29.38,29.38,3166,2021-11-01 18:49:00,PLTK
29.395,29.395,29.38,29.395,937,2021-11-01 18:50:00,PLTK
29.395,29.395,29.38,29.395,800,2021-11-01 18:51:00,PLTK
29.395,29.395,29.38,29.38,900,2021-11-01 18:52:00,PLTK
29.395,29.45,29.395,29.45,1837,2021-11-01 18:53:00,PLTK
29.445,29.45,29.41,29.41,1115,2021-11-01 18:54:00,PLTK
29.43,29.44,29.41,29.44,825,2021-11-01 18:55:00,PLTK
29.43,29.45,29.41,29.41,1000,2021-11-01 18:56:00,PLTK
29.425,29.52,29.41,29.52,4400,2021-11-01 18:57:00,PLTK
29.52,29.53,29.48,29.49,7796,2021-11-01 18:58:00,PLTK
29.48,29.485,29.48,29.485,1834,2021-11-01 18:59:00,PLTK
29.485,29.485,29.43,29.44,4216,2021-11-01 19:00:00,PLTK
29.43,29.43,29.38,29.38,1500,2021-11-01 19:01:00,PLTK
29.38,29.41,29.36,29.36,2032,2021-11-01 19:02:00,PLTK
29.36,29.38,29.36,29.36,1465,2021-11-01 19:03:00,PLTK
29.33,29.35,29.33,29.34,923,2021-11-01 19:04:00,PLTK
29.34,29.35,29.34,29.35,600,2021-11-01 19:05:00,PLTK
29.35,29.37,29.35,29.37,1200,2021-11-01 19:06:00,PLTK
29.37,29.37,29.36,29.37,751,2021-11-01 19:07:00,PLTK
29.37,29.37,29.33,29.33,3003,2021-11-01 19:08:00,PLTK
29.31,29.32,29.27,29.27,1704,2021-11-01 19:09:00,PLTK
29.27,29.28,29.26,29.265,2200,2021-11-01 19:10:00,PLTK
29.265,29.28,29.265,29.265,1054,2021-11-01 19:11:00,PLTK
29.265,29.27,29.265,29.265,1100,2021-11-01 19:12:00,PLTK
29.265,29.33,29.265,29.33,6483,2021-11-01 19:13:00,PLTK
29.33,29.33,29.32,29.32,1500,2021-11-01 19:14:00,PLTK
29.325,29.325,29.27,29.27,1200,2021-11-01 19:15:00,PLTK
29.27,29.285,29.27,29.27,800,2021-11-01 19:16:00,PLTK
29.27,29.285,29.27,29.27,800,2021-11-01 19:17:00,PLTK
29.27,29.35,29.27,29.35,2349,2021-11-01 19:18:00,PLTK
29.35,29.35,29.32,29.33,1100,2021-11-01 19:19:00,PLTK
29.32,29.39,29.32,29.37,4100,2021-11-01 19:20:00,PLTK
29.35,29.38,29.35,29.38,1100,2021-11-01 19:21:00,PLTK
29.35,29.37,29.34,29.34,1700,2021-11-01 19:22:00,PLTK
29.355,29.355,29.34,29.34,1127,2021-11-01 19:23:00,PLTK
29.34,29.34,29.31,29.315,1501,2021-11-01 19:24:00,PLTK
29.31,29.31,29.3,29.31,1100,2021-11-01 19:25:00,PLTK
29.3,29.31,29.29,29.295,1408,2021-11-01 19:26:00,PLTK
29.295,29.295,29.28,29.29,3272,2021-11-01 19:27:00,PLTK
29.29,29.3,29.28,29.3,3743,2021-11-01 19:28:00,PLTK
29.31,29.34,29.31,29.31,900,2021-11-01 19:29:00,PLTK
29.32,29.36,29.32,29.36,1855,2021-11-01 19:30:00,PLTK
29.36,29.36,29.34,29.34,1200,2021-11-01 19:31:00,PLTK
29.34,29.36,29.34,29.36,1622,2021-11-01 19:32:00,PLTK
29.34,29.36,29.34,29.35,1538,2021-11-01 19:33:00,PLTK
29.34,29.43,29.34,29.39,2153,2021-11-01 19:34:00,PLTK
29.4,29.41,29.39,29.395,2193,2021-11-01 19:35:00,PLTK
29.395,29.405,29.39,29.405,3487,2021-11-01 19:36:00,PLTK
29.4,29.4,29.39,29.39,3342,2021-11-01 19:37:00,PLTK
29.38,29.385,29.33,29.34,3053,2021-11-01 19:38:00,PLTK
29.33,29.34,29.33,29.33,1200,2021-11-01 19:39:00,PLTK
29.33,29.335,29.33,29.33,900,2021-11-01 19:40:00,PLTK
29.33,29.4,29.33,29.37,5255,2021-11-01 19:41:00,PLTK
29.385,29.41,29.37,29.41,1940,2021-11-01 19:42:00,PLTK
29.39,29.41,29.38,29.38,2000,2021-11-01 19:43:00,PLTK
29.37,29.44,29.37,29.425,4516,2021-11-01 19:44:00,PLTK
29.43,29.44,29.41,29.43,3254,2021-11-01 19:45:00,PLTK
29.43,29.43,29.42,29.43,4224,2021-11-01 19:46:00,PLTK
29.43,29.43,29.42,29.42,2509,2021-11-01 19:47:00,PLTK
29.42,29.43,29.4,29.43,7270,2021-11-01 19:48:00,PLTK
29.44,29.45,29.435,29.445,3161,2021-11-01 19:49:00,PLTK
29.44,29.49,29.4,29.44,53903,2021-11-01 19:50:00,PLTK
29.44,29.45,29.43,29.45,8101,2021-11-01 19:51:00,PLTK
29.45,29.48,29.45,29.47,21584,2021-11-01 19:52:00,PLTK
29.47,29.47,29.45,29.46,10404,2021-11-01 19:53:00,PLTK
29.455,29.59,29.45,29.59,25120,2021-11-01 19:54:00,PLTK
29.59,29.6,29.56,29.57,13283,2021-11-01 19:55:00,PLTK
29.56,29.57,29.55,29.57,10405,2021-11-01 19:56:00,PLTK
29.57,29.75,29.57,29.73,54511,2021-11-01 19:57:00,PLTK
29.7,29.78,29.63,29.71,78989,2021-11-01 19:58:00,PLTK
29.7,29.71,29.63,29.68,87472,2021-11-01 19:59:00,PLTK
29.68,29.68,29.68,29.68,175662,2021-11-01 20:00:00,PLTK
29.68,29.68,29.68,29.68,150,2021-11-02 10:27:00,PLTK
29.72,29.73,29.5,29.5,25469,2021-11-02 13:30:00,PLTK
29.32,29.45,29.29,29.29,1000,2021-11-02 13:33:00,PLTK
29.45,29.45,29.31,29.45,300,2021-11-02 13:34:00,PLTK
29.45,29.45,29.35,29.35,1100,2021-11-02 13:35:00,PLTK
29.415,29.415,29.36,29.36,1288,2021-11-02 13:36:00,PLTK
29.26,29.41,29.26,29.36,878,2021-11-02 13:37:00,PLTK
29.36,29.47,29.29,29.47,4366,2021-11-02 13:38:00,PLTK
29.4,29.41,29.27,29.35,1264,2021-11-02 13:39:00,PLTK
29.27,29.29,29.21,29.29,2053,2021-11-02 13:40:00,PLTK
29.31,29.32,29.22,29.22,1649,2021-11-02 13:41:00,PLTK
29.17,29.24,29.17,29.23,400,2021-11-02 13:42:00,PLTK
29.18,29.18,29.18,29.18,200,2021-11-02 13:43:00,PLTK
29.14,29.15,29.14,29.15,200,2021-11-02 13:44:00,PLTK
29.14,29.2,29.14,29.2,300,2021-11-02 13:45:00,PLTK
29.11,29.23,29.11,29.23,200,2021-11-02 13:46:00,PLTK
29.13,29.23,29.13,29.14,400,2021-11-02 13:47:00,PLTK
29.14,29.2,29.14,29.19,510,2021-11-02 13:48:00,PLTK
29.21,29.21,29.2,29.2,200,2021-11-02 13:49:00,PLTK
29.2,29.2,29.18,29.18,200,2021-11-02 13:50:00,PLTK
29.2,29.26,29.2,29.26,200,2021-11-02 13:51:00,PLTK
29.26,29.3,29.25,29.3,1100,2021-11-02 13:52:00,PLTK
29.25,29.3,29.25,29.25,3825,2021-11-02 13:53:00,PLTK
29.33,29.33,29.27,29.32,1200,2021-11-02 13:54:00,PLTK
29.3,29.36,29.3,29.31,300,2021-11-02 13:55:00,PLTK
29.32,29.35,29.31,29.34,1622,2021-11-02 13:56:00,PLTK
29.31,29.37,29.31,29.36,2000,2021-11-02 13:57:00,PLTK
29.32,29.34,29.32,29.33,810,2021-11-02 13:58:00,PLTK
29.33,29.36,29.31,29.36,600,2021-11-02 13:59:00,PLTK
29.35,29.4,29.35,29.4,23518,2021-11-02 14:00:00,PLTK
29.44,29.54,29.38,29.43,67200,2021-11-02 14:01:00,PLTK
29.41,29.41,29.41,29.41,100,2021-11-02 14:02:00,PLTK
29.46,29.53,29.46,29.5,11650,2021-11-02 14:03:00,PLTK
29.49,29.5,29.48,29.5,1700,2021-11-02 14:04:00,PLTK
29.5,29.53,29.48,29.5,5532,2021-11-02 14:05:00,PLTK
29.5,29.5,29.49,29.49,200,2021-11-02 14:06:00,PLTK
29.485,29.485,29.39,29.39,1079,2021-11-02 14:07:00,PLTK
29.4,29.4,29.34,29.34,1400,2021-11-02 14:08:00,PLTK
29.34,29.34,29.34,29.34,200,2021-11-02 14:09:00,PLTK
29.35,29.46,29.29,29.46,4305,2021-11-02 14:10:00,PLTK
29.43,29.455,29.39,29.41,1020,2021-11-02 14:11:00,PLTK
29.4,29.4,29.4,29.4,100,2021-11-02 14:12:00,PLTK
29.39,29.39,29.39,29.39,100,2021-11-02 14:13:00,PLTK
29.35,29.37,29.33,29.33,1900,2021-11-02 14:14:00,PLTK
29.31,29.31,29.27,29.28,1300,2021-11-02 14:15:00,PLTK
29.23,29.26,29.22,29.26,500,2021-11-02 14:17:00,PLTK
29.23,29.42,29.23,29.4,23282,2021-11-02 14:18:00,PLTK
29.4,29.42,29.37,29.4,10325,2021-11-02 14:19:00,PLTK
29.385,29.385,29.385,29.385,200,2021-11-02 14:20:00,PLTK
29.385,29.43,29.37,29.43,2500,2021-11-02 14:21:00,PLTK
29.4,29.6,29.4,29.57,55840,2021-11-02 14:22:00,PLTK
29.59,29.6,29.55,29.57,2100,2021-11-02 14:23:00,PLTK
29.55,29.55,29.53,29.53,700,2021-11-02 14:24:00,PLTK
29.53,29.59,29.51,29.55,3113,2021-11-02 14:25:00,PLTK
29.55,29.56,29.53,29.56,3975,2021-11-02 14:26:00,PLTK
29.58,29.67,29.56,29.67,40295,2021-11-02 14:27:00,PLTK
29.69,29.78,29.67,29.78,17168,2021-11-02 14:28:00,PLTK
29.73,29.78,29.67,29.75,3717,2021-11-02 14:29:00,PLTK
29.75,29.85,29.75,29.825,1769,2021-11-02 14:30:00,PLTK
29.855,29.88,29.79,29.88,3964,2021-11-02 14:31:00,PLTK
29.88,29.94,29.87,29.94,4118,2021-11-02 14:32:00,PLTK
29.94,29.94,29.8,29.8,6381,2021-11-02 14:33:00,PLTK
29.81,29.81,29.7601,29.81,1930,2021-11-02 14:34:00,PLTK
29.78,29.87,29.78,29.86,1600,2021-11-02 14:35:00,PLTK
29.825,29.92,29.825,29.92,600,2021-11-02 14:36:00,PLTK
29.92,29.95,29.92,29.94,1053,2021-11-02 14:37:00,PLTK
29.96,29.98,29.94,29.97,1143,2021-11-02 14:38:00,PLTK
29.97,30.0,29.92,29.97,6323,2021-11-02 14:39:00,PLTK
29.94,29.97,29.911,29.911,600,2021-11-02 14:40:00,PLTK
29.91,29.94,29.88,29.94,2217,2021-11-02 14:41:00,PLTK
29.91,29.91,29.91,29.91,100,2021-11-02 14:42:00,PLTK
29.94,29.94,29.88,29.93,900,2021-11-02 14:43:00,PLTK
29.91,29.94,29.91,29.92,3217,2021-11-02 14:44:00,PLTK
29.915,29.95,29.89,29.92,5675,2021-11-02 14:45:00,PLTK
29.89,29.895,29.88,29.895,700,2021-11-02 14:46:00,PLTK
29.895,29.97,29.895,29.97,1377,2021-11-02 14:47:00,PLTK
29.94,29.99,29.86,29.91,8700,2021-11-02 14:48:00,PLTK
29.92,29.92,29.89,29.89,1404,2021-11-02 14:49:00,PLTK
29.9,29.92,29.85,29.91,3260,2021-11-02 14:50:00,PLTK
29.92,29.96,29.89,29.94,1568,2021-11-02 14:51:00,PLTK
29.89,29.91,29.85,29.91,5100,2021-11-02 14:52:00,PLTK
29.885,29.92,29.835,29.87,2200,2021-11-02 14:53:00,PLTK
29.85,29.9,29.83,29.83,3290,2021-11-02 14:54:00,PLTK
29.86,29.87,29.79,29.79,900,2021-11-02 14:55:00,PLTK
29.82,29.84,29.81,29.83,2122,2021-11-02 14:56:00,PLTK
29.83,29.86,29.83,29.83,1200,2021-11-02 14:57:00,PLTK
29.85,29.85,29.85,29.85,300,2021-11-02 14:58:00,PLTK
29.87,29.87,29.821,29.86,1000,2021-11-02 14:59:00,PLTK
29.86,29.87,29.83,29.87,500,2021-11-02 15:00:00,PLTK
29.87,29.95,29.87,29.95,1800,2021-11-02 15:01:00,PLTK
29.9,29.95,29.9,29.94,600,2021-11-02 15:02:00,PLTK
29.95,29.96,29.9,29.96,1300,2021-11-02 15:03:00,PLTK
29.935,29.935,29.89,29.91,1225,2021-11-02 15:04:00,PLTK
29.91,29.96,29.91,29.95,1067,2021-11-02 15:05:00,PLTK
29.925,29.925,29.925,29.925,200,2021-11-02 15:06:00,PLTK
29.93,29.95,29.9,29.9,1933,2021-11-02 15:07:00,PLTK
29.91,29.94,29.91,29.93,1789,2021-11-02 15:08:00,PLTK
29.93,29.94,29.93,29.94,500,2021-11-02 15:09:00,PLTK
29.93,29.94,29.91,29.94,700,2021-11-02 15:10:00,PLTK
29.94,29.98,29.94,29.98,900,2021-11-02 15:11:00,PLTK
29.98,30.0,29.89,29.89,24040,2021-11-02 15:12:00,PLTK
29.9,29.91,29.8601,29.9,4490,2021-11-02 15:13:00,PLTK
29.885,29.885,29.885,29.885,300,2021-11-02 15:14:00,PLTK
29.885,29.89,29.87,29.871,1400,2021-11-02 15:15:00,PLTK
29.88,29.9,29.88,29.9,700,2021-11-02 15:16:00,PLTK
29.9,29.91,29.9,29.91,300,2021-11-02 15:17:00,PLTK
29.92,29.96,29.92,29.96,400,2021-11-02 15:18:00,PLTK
29.95,30.0,29.95,30.0,700,2021-11-02 15:19:00,PLTK
29.98,29.99,29.98,29.98,850,2021-11-02 15:20:00,PLTK
29.97,29.99,29.95,29.975,1668,2021-11-02 15:21:00,PLTK
29.975,30.0,29.93,29.97,2850,2021-11-02 15:22:00,PLTK
29.9454,29.96,29.9454,29.96,751,2021-11-02 15:23:00,PLTK
29.96,29.99,29.96,29.99,1650,2021-11-02 15:24:00,PLTK
29.98,29.98,29.96,29.97,1500,2021-11-02 15:25:00,PLTK
29.96,29.97,29.96,29.97,500,2021-11-02 15:26:00,PLTK
29.98,29.98,29.98,29.98,722,2021-11-02 15:27:00,PLTK
29.99,30.0,29.97,29.97,2640,2021-11-02 15:28:00,PLTK
30.0,30.0,29.97,29.98,9419,2021-11-02 15:29:00,PLTK
29.99,29.99,29.99,29.99,200,2021-11-02 15:30:00,PLTK
30.0,30.0,29.93,29.95,6300,2021-11-02 15:31:00,PLTK
29.95,29.97,29.94,29.97,2020,2021-11-02 15:32:00,PLTK
29.95,29.975,29.95,29.96,719,2021-11-02 15:33:00,PLTK
29.96,29.96,29.91,29.91,3450,2021-11-02 15:34:00,PLTK
29.89,29.92,29.89,29.92,1200,2021-11-02 15:35:00,PLTK
29.92,29.93,29.91,29.93,1814,2021-11-02 15:36:00,PLTK
29.9,29.91,29.86,29.86,2100,2021-11-02 15:37:00,PLTK
29.86,29.88,29.86,29.87,1165,2021-11-02 15:38:00,PLTK
29.87,29.87,29.8,29.8,3043,2021-11-02 15:39:00,PLTK
29.8,29.835,29.8,29.835,900,2021-11-02 15:40:00,PLTK
29.875,29.875,29.86,29.86,200,2021-11-02 15:42:00,PLTK
29.9,29.955,29.88,29.955,1900,2021-11-02 15:45:00,PLTK
29.98,29.98,29.98,29.98,200,2021-11-02 15:46:00,PLTK
29.98,29.98,29.92,29.94,4861,2021-11-02 15:47:00,PLTK
29.94,29.97,29.94,29.96,600,2021-11-02 15:50:00,PLTK
29.95,29.96,29.94,29.96,2139,2021-11-02 15:51:00,PLTK
29.95,29.96,29.935,29.935,1608,2021-11-02 15:52:00,PLTK
29.95,29.95,29.93,29.95,466,2021-11-02 15:53:00,PLTK
29.95,29.96,29.95,29.96,528,2021-11-02 15:54:00,PLTK
29.96,29.96,29.96,29.96,100,2021-11-02 15:55:00,PLTK
29.94,29.95,29.925,29.95,2513,2021-11-02 15:56:00,PLTK
29.93,29.95,29.93,29.95,1085,2021-11-02 15:57:00,PLTK
29.93,29.945,29.93,29.945,300,2021-11-02 15:58:00,PLTK
29.93,29.93,29.91,29.92,2628,2021-11-02 15:59:00,PLTK
29.9,29.94,29.9,29.94,800,2021-11-02 16:00:00,PLTK
29.925,29.93,29.92,29.92,2274,2021-11-02 16:01:00,PLTK
29.91,29.93,29.9,29.93,1925,2021-11-02 16:02:00,PLTK
29.93,29.93,29.93,29.93,200,2021-11-02 16:03:00,PLTK
29.92,29.92,29.91,29.915,1800,2021-11-02 16:04:00,PLTK
29.915,29.915,29.91,29.91,800,2021-11-02 16:05:00,PLTK
29.91,29.93,29.91,29.93,1500,2021-11-02 16:06:00,PLTK
29.93,29.93,29.905,29.905,1400,2021-11-02 16:07:00,PLTK
29.901,29.91,29.901,29.91,600,2021-11-02 16:08:00,PLTK
29.91,29.915,29.9,29.905,1400,2021-11-02 16:09:00,PLTK
29.91,29.915,29.91,29.915,494,2021-11-02 16:10:00,PLTK
29.92,29.93,29.9,29.9,2600,2021-11-02 16:12:00,PLTK
29.8902,29.9,29.86,29.86,3350,2021-11-02 16:13:00,PLTK
29.86,29.86,29.86,29.86,644,2021-11-02 16:14:00,PLTK
29.86,29.86,29.84,29.84,2620,2021-11-02 16:16:00,PLTK
29.85,29.85,29.85,29.85,655,2021-11-02 16:17:00,PLTK
29.84,29.84,29.82,29.84,3070,2021-11-02 16:18:00,PLTK
29.84,29.865,29.84,29.865,600,2021-11-02 16:19:00,PLTK
29.87,29.87,29.87,29.87,200,2021-11-02 16:20:00,PLTK
29.875,29.89,29.875,29.89,300,2021-11-02 16:21:00,PLTK
29.86,29.87,29.86,29.87,300,2021-11-02 16:22:00,PLTK
29.861,29.885,29.85,29.88,2036,2021-11-02 16:23:00,PLTK
29.88,29.899,29.875,29.875,1900,2021-11-02 16:24:00,PLTK
29.875,29.875,29.875,29.875,100,2021-11-02 16:25:00,PLTK
29.874,29.875,29.85,29.85,4061,2021-11-02 16:26:00,PLTK
29.86,29.86,29.86,29.86,900,2021-11-02 16:27:00,PLTK
29.87,29.89,29.87,29.89,1132,2021-11-02 16:28:00,PLTK
29.89,29.89,29.89,29.89,100,2021-11-02 16:29:00,PLTK
29.89,29.89,29.89,29.89,200,2021-11-02 16:30:00,PLTK
29.89,29.89,29.85,29.85,2639,2021-11-02 16:31:00,PLTK
29.84,29.86,29.84,29.86,1867,2021-11-02 16:32:00,PLTK
29.86,29.86,29.86,29.86,300,2021-11-02 16:33:00,PLTK
29.85,29.85,29.83,29.83,1899,2021-11-02 16:34:00,PLTK
29.85,29.92,29.85,29.87,3284,2021-11-02 16:35:00,PLTK
29.88,29.93,29.88,29.89,2319,2021-11-02 16:36:00,PLTK
29.91,29.91,29.9,29.91,1247,2021-11-02 16:37:00,PLTK
29.92,29.92,29.92,29.92,207,2021-11-02 16:38:00,PLTK
29.96,29.96,29.92,29.92,800,2021-11-02 16:39:00,PLTK
29.93,29.93,29.9,29.9,1100,2021-11-02 16:40:00,PLTK
29.89,29.91,29.89,29.91,400,2021-11-02 16:41:00,PLTK
29.915,29.93,29.915,29.93,1500,2021-11-02 16:42:00,PLTK
29.9,29.9,29.871,29.88,1300,2021-11-02 16:43:00,PLTK
29.89,29.89,29.875,29.875,1055,2021-11-02 16:44:00,PLTK
29.885,29.94,29.87,29.94,2913,2021-11-02 16:45:00,PLTK
29.91,29.91,29.91,29.91,316,2021-11-02 16:46:00,PLTK
29.9,29.9,29.89,29.9,2292,2021-11-02 16:47:00,PLTK
29.91,29.91,29.91,29.91,1084,2021-11-02 16:48:00,PLTK
29.915,29.915,29.915,29.915,200,2021-11-02 16:49:00,PLTK
29.93,29.95,29.93,29.95,678,2021-11-02 16:50:00,PLTK
29.98,29.98,29.96,29.965,700,2021-11-02 16:51:00,PLTK
29.975,29.975,29.96,29.96,797,2021-11-02 16:52:00,PLTK
29.965,29.965,29.965,29.965,316,2021-11-02 16:53:00,PLTK
29.95,29.96,29.95,29.96,600,2021-11-02 16:54:00,PLTK
29.95,29.97,29.95,29.96,1502,2021-11-02 16:55:00,PLTK
29.95,29.96,29.95,29.96,200,2021-11-02 16:56:00,PLTK
29.96,29.96,29.95,29.95,300,2021-11-02 16:57:00,PLTK
29.96,29.96,29.96,29.96,200,2021-11-02 16:58:00,PLTK
29.97,29.98,29.96,29.97,2187,2021-11-02 16:59:00,PLTK
29.96,29.96,29.95,29.95,1733,2021-11-02 17:00:00,PLTK
29.94,29.94,29.92,29.925,1700,2021-11-02 17:01:00,PLTK
29.925,29.925,29.92,29.92,300,2021-11-02 17:02:00,PLTK
29.94,29.94,29.94,29.94,100,2021-11-02 17:03:00,PLTK
29.94,29.975,29.94,29.975,1624,2021-11-02 17:04:00,PLTK
29.99,29.99,29.99,29.99,100,2021-11-02 17:05:00,PLTK
29.98,29.99,29.98,29.99,200,2021-11-02 17:06:00,PLTK
29.99,30.0,29.98,29.985,6139,2021-11-02 17:07:00,PLTK
29.985,29.985,29.985,29.985,200,2021-11-02 17:08:00,PLTK
29.98,29.98,29.96,29.97,3049,2021-11-02 17:09:00,PLTK
29.975,29.975,29.975,29.975,200,2021-11-02 17:10:00,PLTK
29.975,29.98,29.96,29.96,3525,2021-11-02 17:11:00,PLTK
29.965,29.99,29.95,29.99,7006,2021-11-02 17:12:00,PLTK
29.9897,29.9897,29.9897,29.9897,1400,2021-11-02 17:13:00,PLTK
29.97,29.985,29.96,29.9794,2477,2021-11-02 17:14:00,PLTK
29.965,29.98,29.965,29.98,600,2021-11-02 17:15:00,PLTK
29.975,29.975,29.975,29.975,550,2021-11-02 17:16:00,PLTK
29.975,29.975,29.961,29.975,608,2021-11-02 17:17:00,PLTK
29.975,29.98,29.97,29.97,1700,2021-11-02 17:18:00,PLTK
29.96,29.97,29.95,29.95,2000,2021-11-02 17:19:00,PLTK
29.95,29.97,29.95,29.97,1700,2021-11-02 17:21:00,PLTK
29.97,29.98,29.97,29.98,800,2021-11-02 17:22:00,PLTK
29.97,30.0,29.97,29.98,9370,2021-11-02 17:23:00,PLTK
29.98,29.98,29.95,29.97,3917,2021-11-02 17:24:00,PLTK
29.97,29.98,29.96,29.97,3300,2021-11-02 17:25:00,PLTK
29.98,29.99,29.97,29.98,6293,2021-11-02 17:26:00,PLTK
29.99,29.99,29.94,29.94,1882,2021-11-02 17:27:00,PLTK
29.9315,29.95,29.93,29.9457,2700,2021-11-02 17:28:00,PLTK
29.945,29.945,29.945,29.945,100,2021-11-02 17:29:00,PLTK
29.95,29.95,29.95,29.95,100,2021-11-02 17:30:00,PLTK
29.93,29.945,29.93,29.945,600,2021-11-02 17:31:00,PLTK
29.93,29.93,29.93,29.93,200,2021-11-02 17:32:00,PLTK
29.945,29.945,29.87,29.875,2726,2021-11-02 17:33:00,PLTK
29.875,29.875,29.87,29.87,1074,2021-11-02 17:34:00,PLTK
29.875,29.875,29.875,29.875,200,2021-11-02 17:35:00,PLTK
29.89,29.93,29.88,29.93,1825,2021-11-02 17:36:00,PLTK
29.925,29.925,29.925,29.925,100,2021-11-02 17:37:00,PLTK
29.925,29.925,29.925,29.925,700,2021-11-02 17:38:00,PLTK
29.925,29.94,29.925,29.94,902,2021-11-02 17:39:00,PLTK
29.94,29.94,29.94,29.94,1312,2021-11-02 17:40:00,PLTK
29.96,29.96,29.96,29.96,200,2021-11-02 17:41:00,PLTK
29.95,29.95,29.95,29.95,100,2021-11-02 17:42:00,PLTK
29.95,29.95,29.935,29.935,300,2021-11-02 17:43:00,PLTK
29.92,29.96,29.92,29.96,1917,2021-11-02 17:44:00,PLTK
29.97,29.97,29.955,29.96,2673,2021-11-02 17:45:00,PLTK
29.96,29.97,29.95,29.965,1600,2021-11-02 17:46:00,PLTK
29.97,29.975,29.96,29.97,2817,2021-11-02 17:47:00,PLTK
29.975,29.98,29.975,29.98,200,2021-11-02 17:48:00,PLTK
29.97,29.98,29.97,29.9785,612,2021-11-02 17:49:00,PLTK
29.98,30.0,29.98,29.99,4492,2021-11-02 17:50:00,PLTK
30.0,30.0,29.99,29.991,6807,2021-11-02 17:51:00,PLTK
29.995,30.0,29.975,29.975,9589,2021-11-02 17:52:00,PLTK
29.98,30.0,29.975,29.9965,4119,2021-11-02 17:53:00,PLTK
29.99,29.99,29.97,29.97,2600,2021-11-02 17:54:00,PLTK
29.97,29.97,29.97,29.97,100,2021-11-02 17:55:00,PLTK
29.98,29.99,29.98,29.99,200,2021-11-02 17:56:00,PLTK
29.971,29.98,29.96,29.96,2485,2021-11-02 17:57:00,PLTK
29.965,29.975,29.965,29.975,1800,2021-11-02 17:58:00,PLTK
29.97,29.97,29.97,29.97,113,2021-11-02 17:59:00,PLTK
29.97,29.97,29.97,29.97,100,2021-11-02 18:00:00,PLTK
29.97,29.97,29.92,29.92,2900,2021-11-02 18:01:00,PLTK
29.925,29.925,29.9,29.9,2879,2021-11-02 18:02:00,PLTK
29.915,29.915,29.87,29.87,2051,2021-11-02 18:03:00,PLTK
29.87,29.87,29.84,29.84,1341,2021-11-02 18:04:00,PLTK
29.86,29.86,29.831,29.831,2166,2021-11-02 18:05:00,PLTK
29.84,29.86,29.84,29.86,900,2021-11-02 18:06:00,PLTK
29.84,29.925,29.84,29.9101,3756,2021-11-02 18:07:00,PLTK
29.94,29.95,29.87,29.87,11787,2021-11-02 18:08:00,PLTK
29.89,29.89,29.87,29.89,1035,2021-11-02 18:09:00,PLTK
29.89,29.89,29.85,29.86,1945,2021-11-02 18:10:00,PLTK
29.85,29.89,29.85,29.89,1900,2021-11-02 18:11:00,PLTK
29.875,29.93,29.86,29.91,2905,2021-11-02 18:12:00,PLTK
29.93,29.93,29.87,29.87,7626,2021-11-02 18:13:00,PLTK
29.88,29.89,29.88,29.88,944,2021-11-02 18:14:00,PLTK
29.86,29.89,29.85,29.89,1844,2021-11-02 18:15:00,PLTK
29.9,29.9,29.88,29.9,900,2021-11-02 18:16:00,PLTK
29.91,29.91,29.89,29.9,1100,2021-11-02 18:17:00,PLTK
29.9,29.9,29.88,29.88,200,2021-11-02 18:18:00,PLTK
29.92,29.92,29.88,29.88,400,2021-11-02 18:19:00,PLTK
29.88,29.92,29.88,29.905,1400,2021-11-02 18:20:00,PLTK
29.89,29.9,29.87,29.88,1300,2021-11-02 18:21:00,PLTK
29.87,29.885,29.87,29.885,300,2021-11-02 18:22:00,PLTK
29.885,29.885,29.85,29.85,3940,2021-11-02 18:23:00,PLTK
29.86,29.92,29.86,29.92,3274,2021-11-02 18:24:00,PLTK
29.88,29.89,29.81,29.825,4866,2021-11-02 18:25:00,PLTK
29.8,29.825,29.8,29.825,600,2021-11-02 18:26:00,PLTK
29.8,29.8,29.8,29.8,100,2021-11-02 18:27:00,PLTK
29.81,29.815,29.78,29.79,1390,2021-11-02 18:28:00,PLTK
29.77,29.78,29.75,29.7603,800,2021-11-02 18:29:00,PLTK
29.751,29.77,29.75,29.75,1711,2021-11-02 18:30:00,PLTK
29.75,29.771,29.75,29.75,755,2021-11-02 18:31:00,PLTK
29.765,29.78,29.74,29.74,2822,2021-11-02 18:32:00,PLTK
29.73,29.74,29.69,29.69,1100,2021-11-02 18:33:00,PLTK
29.66,29.68,29.66,29.675,400,2021-11-02 18:34:00,PLTK
29.67,29.72,29.67,29.7,1400,2021-11-02 18:35:00,PLTK
29.7,29.7,29.69,29.69,1300,2021-11-02 18:36:00,PLTK
29.6765,29.6765,29.6765,29.6765,171,2021-11-02 18:37:00,PLTK
29.7,29.7,29.7,29.7,1380,2021-11-02 18:38:00,PLTK
29.69,29.73,29.69,29.73,1082,2021-11-02 18:39:00,PLTK
29.73,29.76,29.73,29.73,500,2021-11-02 18:40:00,PLTK
29.76,29.76,29.73,29.76,3180,2021-11-02 18:41:00,PLTK
29.73,29.73,29.7,29.7,1100,2021-11-02 18:42:00,PLTK
29.71,29.71,29.7,29.71,400,2021-11-02 18:43:00,PLTK
29.71,29.72,29.7,29.7,1615,2021-11-02 18:44:00,PLTK
29.715,29.75,29.69,29.695,20802,2021-11-02 18:46:00,PLTK
29.68,29.7,29.68,29.68,2700,2021-11-02 18:47:00,PLTK
29.67,29.67,29.58,29.58,4439,2021-11-02 18:48:00,PLTK
29.57,29.595,29.57,29.575,2843,2021-11-02 18:49:00,PLTK
29.6,29.69,29.6,29.69,1800,2021-11-02 18:50:00,PLTK
29.64,29.64,29.64,29.64,300,2021-11-02 18:51:00,PLTK
29.665,29.68,29.64,29.66,800,2021-11-02 18:52:00,PLTK
29.66,29.66,29.64,29.66,300,2021-11-02 18:53:00,PLTK
29.66,29.67,29.61,29.62,7203,2021-11-02 18:54:00,PLTK
29.6,29.645,29.6,29.62,2090,2021-11-02 18:55:00,PLTK
29.63,29.68,29.63,29.68,2108,2021-11-02 18:56:00,PLTK
29.7,29.71,29.68,29.7,32500,2021-11-02 18:57:00,PLTK
29.71,29.71,29.68,29.68,2600,2021-11-02 18:58:00,PLTK
29.68,29.68,29.655,29.655,1647,2021-11-02 18:59:00,PLTK
29.66,29.66,29.645,29.65,2000,2021-11-02 19:00:00,PLTK
29.64,29.64,29.61,29.61,800,2021-11-02 19:01:00,PLTK
29.62,29.62,29.615,29.615,700,2021-11-02 19:02:00,PLTK
29.61,29.61,29.61,29.61,1074,2021-11-02 19:03:00,PLTK
29.6,29.6,29.6,29.6,200,2021-11-02 19:04:00,PLTK
29.61,29.61,29.6,29.6,400,2021-11-02 19:05:00,PLTK
29.61,29.62,29.6,29.6,600,2021-11-02 19:06:00,PLTK
29.61,29.615,29.61,29.61,900,2021-11-02 19:07:00,PLTK
29.61,29.615,29.6,29.615,1200,2021-11-02 19:08:00,PLTK
29.615,29.62,29.59,29.59,3200,2021-11-02 19:09:00,PLTK
29.595,29.6,29.59,29.6,536,2021-11-02 19:10:00,PLTK
29.59,29.59,29.59,29.59,100,2021-11-02 19:11:00,PLTK
29.59,29.6,29.59,29.59,300,2021-11-02 19:12:00,PLTK
29.61,29.61,29.5934,29.6,712,2021-11-02 19:13:00,PLTK
29.59,29.59,29.58,29.585,1000,2021-11-02 19:14:00,PLTK
29.585,29.585,29.585,29.585,300,2021-11-02 19:15:00,PLTK
29.58,29.58,29.55,29.55,4078,2021-11-02 19:16:00,PLTK
29.54,29.54,29.54,29.54,200,2021-11-02 19:17:00,PLTK
29.54,29.54,29.54,29.54,600,2021-11-02 19:18:00,PLTK
29.54,29.59,29.54,29.59,2740,2021-11-02 19:19:00,PLTK
29.59,29.61,29.57,29.59,700,2021-11-02 19:20:00,PLTK
29.6,29.6,29.57,29.58,600,2021-11-02 19:21:00,PLTK
29.57,29.6,29.57,29.58,300,2021-11-02 19:22:00,PLTK
29.6,29.61,29.57,29.6,700,2021-11-02 19:23:00,PLTK
29.57,29.605,29.57,29.605,1700,2021-11-02 19:24:00,PLTK
29.605,29.62,29.605,29.62,300,2021-11-02 19:25:00,PLTK
29.635,29.64,29.61,29.61,2100,2021-11-02 19:26:00,PLTK
29.62,29.62,29.6,29.615,500,2021-11-02 19:27:00,PLTK
29.62,29.62,29.62,29.62,400,2021-11-02 19:28:00,PLTK
29.64,29.66,29.64,29.64,1200,2021-11-02 19:29:00,PLTK
29.68,29.71,29.68,29.69,1700,2021-11-02 19:30:00,PLTK
29.69,29.69,29.68,29.68,400,2021-11-02 19:31:00,PLTK
29.68,29.7,29.68,29.7,1455,2021-11-02 19:32:00,PLTK
29.69,29.74,29.68,29.71,3799,2021-11-02 19:33:00,PLTK
29.71,29.71,29.67,29.67,5998,2021-11-02 19:34:00,PLTK
29.67,29.67,29.64,29.65,2287,2021-11-02 19:35:00,PLTK
29.65,29.65,29.64,29.64,678,2021-11-02 19:36:00,PLTK
29.64,29.66,29.63,29.63,4105,2021-11-02 19:37:00,PLTK
29.64,29.64,29.61,29.61,2278,2021-11-02 19:38:00,PLTK
29.61,29.61,29.61,29.61,200,2021-11-02 19:39:00,PLTK
29.62,29.62,29.62,29.62,100,2021-11-02 19:40:00,PLTK
29.625,29.64,29.61,29.61,830,2021-11-02 19:41:00,PLTK
29.61,29.625,29.58,29.58,9432,2021-11-02 19:42:00,PLTK
29.61,29.61,29.58,29.581,600,2021-11-02 19:43:00,PLTK
29.58,29.62,29.58,29.62,2794,2021-11-02 19:44:00,PLTK
29.635,29.635,29.55,29.56,19329,2021-11-02 19:45:00,PLTK
29.55,29.56,29.55,29.55,1271,2021-11-02 19:46:00,PLTK
29.56,29.56,29.46,29.46,8451,2021-11-02 19:47:00,PLTK
29.47,29.48,29.4,29.4,4620,2021-11-02 19:48:00,PLTK
29.4,29.49,29.4,29.47,5232,2021-11-02 19:49:00,PLTK
29.47,29.47,29.4,29.4,4913,2021-11-02 19:50:00,PLTK
29.4,29.425,29.39,29.41,3599,2021-11-02 19:51:00,PLTK
29.41,29.44,29.41,29.431,4578,2021-11-02 19:52:00,PLTK
29.44,29.54,29.44,29.54,15056,2021-11-02 19:53:00,PLTK
29.5,29.55,29.5,29.51,9793,2021-11-02 19:54:00,PLTK
29.5465,29.5465,29.46,29.48,12150,2021-11-02 19:55:00,PLTK
29.475,29.48,29.45,29.46,16925,2021-11-02 19:56:00,PLTK
29.46,29.47,29.45,29.46,16313,2021-11-02 19:57:00,PLTK
29.46,29.51,29.46,29.5,21062,2021-11-02 19:58:00,PLTK
29.5,29.52,29.49,29.51,17039,2021-11-02 19:59:00,PLTK
29.5,29.52,29.5,29.52,81321,2021-11-02 20:00:00,PLTK
29.5,29.5,29.5,29.5,3623,2021-11-02 20:01:00,PLTK
29.0,29.0,28.84,28.84,1850,2021-11-02 20:04:00,PLTK
28.36,28.36,28.36,28.36,100,2021-11-02 20:08:00,PLTK
28.25,28.25,28.14,28.14,500,2021-11-02 20:10:00,PLTK
28.12,28.12,28.12,28.12,1216,2021-11-02 20:11:00,PLTK
29.52,29.52,29.52,29.52,34430,2021-11-02 20:44:00,PLTK
28.7,28.7,28.7,28.7,700,2021-11-03 11:00:00,PLTK
28.0,28.0,28.0,28.0,500,2021-11-03 11:11:00,PLTK
27.5,27.5,27.5,27.5,100,2021-11-03 11:15:00,PLTK
26.92,26.92,26.92,26.92,955,2021-11-03 11:22:00,PLTK
26.92,26.93,26.92,26.93,1246,2021-11-03 11:23:00,PLTK
26.5,26.5,26.5,26.5,100,2021-11-03 11:26:00,PLTK
25.8,25.8,25.8,25.8,100,2021-11-03 11:51:00,PLTK
25.5,25.5,25.5,25.5,100,2021-11-03 11:55:00,PLTK
25.12,25.12,25.12,25.12,530,2021-11-03 11:56:00,PLTK
25.5,25.5,25.5,25.5,100,2021-11-03 11:57:00,PLTK
25.12,25.12,25.12,25.12,720,2021-11-03 11:58:00,PLTK
25.0,25.0,25.0,25.0,360,2021-11-03 11:59:00,PLTK
25.52,25.52,25.5,25.5,364,2021-11-03 12:02:00,PLTK
25.7,25.7,25.7,25.7,400,2021-11-03 12:04:00,PLTK
25.52,25.52,25.52,25.52,764,2021-11-03 12:05:00,PLTK
25.0,25.0,25.0,25.0,200,2021-11-03 12:06:00,PLTK
25.0,25.0,25.0,25.0,100,2021-11-03 12:08:00,PLTK
25.0,25.0,25.0,25.0,200,2021-11-03 12:11:00,PLTK
24.95,24.95,24.95,24.95,102,2021-11-03 12:12:00,PLTK
24.5,25.0,24.5,25.0,10014,2021-11-03 12:17:00,PLTK
24.55,24.55,24.55,24.55,130,2021-11-03 12:18:00,PLTK
24.55,24.5501,24.5,24.5,6420,2021-11-03 12:19:00,PLTK
24.5,24.5,24.5,24.5,3900,2021-11-03 12:20:00,PLTK
24.5,24.5,24.5,24.5,200,2021-11-03 12:27:00,PLTK
24.8,24.8,24.8,24.8,950,2021-11-03 12:49:00,PLTK
24.6,24.6,24.6,24.6,3000,2021-11-03 12:50:00,PLTK
24.61,24.61,24.6,24.6,1000,2021-11-03 12:52:00,PLTK
24.6,24.6,24.6,24.6,913,2021-11-03 12:53:00,PLTK
24.7,24.7,24.7,24.7,100,2021-11-03 12:59:00,PLTK
24.8,24.8,24.8,24.8,100,2021-11-03 13:05:00,PLTK
24.7,24.7,24.7,24.7,1950,2021-11-03 13:09:00,PLTK
24.7,24.7,24.7,24.7,3252,2021-11-03 13:10:00,PLTK
24.7,24.7,24.7,24.7,1200,2021-11-03 13:11:00,PLTK
24.7,24.7,24.7,24.7,1230,2021-11-03 13:13:00,PLTK
24.7,24.74,24.7,24.74,1260,2021-11-03 13:14:00,PLTK
24.7,24.7,24.7,24.7,500,2021-11-03 13:17:00,PLTK
24.7,24.7,24.6,24.6,1643,2021-11-03 13:18:00,PLTK
24.57,24.57,24.25,24.25,3837,2021-11-03 13:27:00,PLTK
24.19,24.19,24.0,24.01,2128,2021-11-03 13:28:00,PLTK
24.0,24.022,24.0,24.0,1092,2021-11-03 13:29:00,PLTK
24.19,24.44,24.0,24.35,54892,2021-11-03 13:30:00,PLTK
24.41,24.45,23.74,23.7906,28971,2021-11-03 13:31:00,PLTK
23.835,23.835,23.5,23.75,40656,2021-11-03 13:32:00,PLTK
23.75,23.79,23.48,23.57,8407,2021-11-03 13:33:00,PLTK
23.47,23.57,23.23,23.325,31785,2021-11-03 13:34:00,PLTK
23.32,23.34,23.23,23.32,22294,2021-11-03 13:35:00,PLTK
23.32,23.365,23.19,23.31,20002,2021-11-03 13:36:00,PLTK
23.31,23.4,23.26,23.3,7749,2021-11-03 13:37:00,PLTK
23.3,23.6,23.27,23.58,21233,2021-11-03 13:38:00,PLTK
23.54,23.8,23.5251,23.8,3544,2021-11-03 13:39:00,PLTK
23.76,23.97,23.63,23.9699,16436,2021-11-03 13:40:00,PLTK
23.9547,24.02,23.83,23.87,17815,2021-11-03 13:41:00,PLTK
23.87,23.89,23.61,23.66,19018,2021-11-03 13:42:00,PLTK
23.67,23.908,23.6,23.69,19500,2021-11-03 13:43:00,PLTK
23.71,23.71,23.4,23.44,30594,2021-11-03 13:44:00,PLTK
23.44,23.55,23.43,23.47,11445,2021-11-03 13:45:00,PLTK
23.495,23.55,23.41,23.51,8762,2021-11-03 13:46:00,PLTK
23.5,23.72,23.5,23.695,11280,2021-11-03 13:47:00,PLTK
23.69,23.7862,23.69,23.7862,1801,2021-11-03 13:48:00,PLTK
23.83,23.96,23.6,23.61,56651,2021-11-03 13:49:00,PLTK
23.645,23.74,23.5,23.51,145359,2021-11-03 13:50:00,PLTK
23.56,23.65,23.51,23.6,29073,2021-11-03 13:51:00,PLTK
23.595,23.61,23.545,23.61,18566,2021-11-03 13:52:00,PLTK
23.595,23.6,23.3,23.3025,73940,2021-11-03 13:53:00,PLTK
23.31,23.325,23.2,23.24,31304,2021-11-03 13:54:00,PLTK
23.23,23.33,23.2,23.26,22999,2021-11-03 13:55:00,PLTK
23.265,23.4,23.2,23.2,32588,2021-11-03 13:56:00,PLTK
23.2,23.34,23.2,23.235,52158,2021-11-03 13:57:00,PLTK
23.245,23.27,23.035,23.27,25005,2021-11-03 13:58:00,PLTK
23.19,23.23,23.03,23.14,20538,2021-11-03 13:59:00,PLTK
23.14,23.35,23.115,23.33,18400,2021-11-03 14:00:00,PLTK
23.22,23.245,23.1,23.24,18556,2021-11-03 14:01:00,PLTK
23.24,23.24,23.02,23.1,17782,2021-11-03 14:02:00,PLTK
23.1,23.12,23.0,23.02,12802,2021-11-03 14:03:00,PLTK
23.07,23.07,22.68,22.7,64821,2021-11-03 14:04:00,PLTK
22.71,22.81,22.7001,22.74,18207,2021-11-03 14:05:00,PLTK
22.74,22.88,22.68,22.68,26710,2021-11-03 14:06:00,PLTK
22.68,22.68,22.41,22.41,46851,2021-11-03 14:07:00,PLTK
22.41,22.44,22.26,22.27,39640,2021-11-03 14:08:00,PLTK
22.27,22.285,22.105,22.15,24432,2021-11-03 14:09:00,PLTK
22.14,22.58,22.14,22.497,32148,2021-11-03 14:10:00,PLTK
22.4808,22.58,22.38,22.4756,5629,2021-11-03 14:11:00,PLTK
22.49,22.75,22.46,22.75,25728,2021-11-03 14:12:00,PLTK
22.76,22.76,22.63,22.69,3791,2021-11-03 14:13:00,PLTK
22.7,22.8,22.62,22.7,43657,2021-11-03 14:14:00,PLTK
22.7283,22.77,22.66,22.7505,7705,2021-11-03 14:15:00,PLTK
22.67,22.71,22.57,22.688,15080,2021-11-03 14:16:00,PLTK
22.63,22.6806,22.54,22.6,34184,2021-11-03 14:17:00,PLTK
22.62,22.6916,22.58,22.639,8138,2021-11-03 14:18:00,PLTK
22.635,22.68,22.61,22.625,5989,2021-11-03 14:19:00,PLTK
22.6,22.67,22.565,22.655,13665,2021-11-03 14:20:00,PLTK
22.64,22.86,22.64,22.8201,11994,2021-11-03 14:21:00,PLTK
22.8188,22.948,22.795,22.91,8597,2021-11-03 14:22:00,PLTK
22.91,23.09,22.9,22.97,14528,2021-11-03 14:23:00,PLTK
22.965,23.0,22.92,23.0,8893,2021-11-03 14:24:00,PLTK
23.01,23.01,22.94,22.97,5727,2021-11-03 14:25:00,PLTK
22.97,22.99,22.85,22.9,26441,2021-11-03 14:26:00,PLTK
22.85,22.92,22.82,22.92,13596,2021-11-03 14:27:00,PLTK
22.93,22.93,22.87,22.9185,4523,2021-11-03 14:28:00,PLTK
22.92,22.97,22.87,22.94,4017,2021-11-03 14:29:00,PLTK
22.94,22.955,22.87,22.955,5091,2021-11-03 14:30:00,PLTK
22.955,22.97,22.8775,22.8775,7778,2021-11-03 14:31:00,PLTK
22.88,22.96,22.85,22.96,7381,2021-11-03 14:32:00,PLTK
22.9645,22.98,22.945,22.945,2964,2021-11-03 14:33:00,PLTK
22.96,23.0,22.96,23.0,2998,2021-11-03 14:34:00,PLTK
23.0,23.2015,23.0,23.2,16022,2021-11-03 14:35:00,PLTK
23.19,23.2,23.05,23.14,16738,2021-11-03 14:36:00,PLTK
23.11,23.11,22.885,22.89,50407,2021-11-03 14:37:00,PLTK
22.85,22.95,22.77,22.895,41739,2021-11-03 14:38:00,PLTK
22.86,22.86,22.65,22.71,9246,2021-11-03 14:39:00,PLTK
22.71,22.74,22.61,22.63,8264,2021-11-03 14:40:00,PLTK
22.635,22.6392,22.5179,22.56,7659,2021-11-03 14:41:00,PLTK
22.54,22.59,22.509,22.509,19647,2021-11-03 14:42:00,PLTK
22.5,22.57,22.48,22.48,37331,2021-11-03 14:43:00,PLTK
22.485,22.49,22.41,22.455,29946,2021-11-03 14:44:00,PLTK
22.49,22.5,22.41,22.47,18426,2021-11-03 14:45:00,PLTK
22.46,22.58,22.42,22.5607,14187,2021-11-03 14:46:00,PLTK
22.55,22.6027,22.51,22.6027,6681,2021-11-03 14:47:00,PLTK
22.6,22.62,22.56,22.62,8814,2021-11-03 14:48:00,PLTK
22.64,22.7119,22.61,22.7119,9993,2021-11-03 14:49:00,PLTK
22.72,22.72,22.619,22.64,6118,2021-11-03 14:50:00,PLTK
22.64,22.64,22.495,22.53,13977,2021-11-03 14:51:00,PLTK
22.52,22.55,22.43,22.43,9201,2021-11-03 14:52:00,PLTK
22.45,22.48,22.4,22.47,28400,2021-11-03 14:53:00,PLTK
22.435,22.52,22.41,22.5,14848,2021-11-03 14:54:00,PLTK
22.5,22.5,22.4,22.4,18605,2021-11-03 14:55:00,PLTK
22.4,22.42,22.35,22.38,25123,2021-11-03 14:56:00,PLTK
22.37,22.37,22.31,22.31,9321,2021-11-03 14:57:00,PLTK
22.32,22.33,22.315,22.32,8522,2021-11-03 14:58:00,PLTK
22.32,22.33,22.3,22.31,13942,2021-11-03 14:59:00,PLTK
22.305,22.31,22.3,22.31,8244,2021-11-03 15:00:00,PLTK
22.305,22.31,22.25,22.255,42759,2021-11-03 15:01:00,PLTK
22.25,22.26,22.2,22.21,30705,2021-11-03 15:02:00,PLTK
22.2399,22.2399,22.13,22.135,37498,2021-11-03 15:03:00,PLTK
22.1383,22.15,22.13,22.13,7525,2021-11-03 15:04:00,PLTK
22.13,22.13,22.11,22.12,7017,2021-11-03 15:05:00,PLTK
22.115,22.12,22.05,22.06,32927,2021-11-03 15:06:00,PLTK
22.0527,22.0946,22.04,22.07,31197,2021-11-03 15:07:00,PLTK
22.09,22.18,22.0801,22.18,12777,2021-11-03 15:08:00,PLTK
22.18,22.24,22.18,22.21,19226,2021-11-03 15:09:00,PLTK
22.195,22.26,22.195,22.21,12383,2021-11-03 15:10:00,PLTK
22.22,22.22,22.09,22.09,11023,2021-11-03 15:11:00,PLTK
22.085,22.095,22.04,22.05,8265,2021-11-03 15:12:00,PLTK
22.06,22.07,22.0,22.019,11045,2021-11-03 15:13:00,PLTK
22.01,22.0245,22.0,22.0066,15624,2021-11-03 15:14:00,PLTK
22.005,22.03,22.005,22.015,12763,2021-11-03 15:15:00,PLTK
22.03,22.07,22.03,22.045,21600,2021-11-03 15:16:00,PLTK
22.045,22.14,22.045,22.12,10006,2021-11-03 15:17:00,PLTK
22.1329,22.14,22.05,22.06,9014,2021-11-03 15:18:00,PLTK
22.05,22.12,22.035,22.05,16127,2021-11-03 15:19:00,PLTK
22.03,22.05,22.02,22.025,8018,2021-11-03 15:20:00,PLTK
22.02,22.04,22.0,22.015,11886,2021-11-03 15:21:00,PLTK
22.0,22.01,21.95,21.99,43459,2021-11-03 15:22:00,PLTK
21.98,21.99,21.965,21.99,8498,2021-11-03 15:23:00,PLTK
21.98,22.1,21.971,22.085,24861,2021-11-03 15:24:00,PLTK
22.098,22.11,22.06,22.09,4382,2021-11-03 15:25:00,PLTK
22.075,22.1021,22.075,22.09,4433,2021-11-03 15:26:00,PLTK
22.09,22.11,22.04,22.0643,24401,2021-11-03 15:27:00,PLTK
22.06,22.07,22.055,22.07,5777,2021-11-03 15:28:00,PLTK
22.06,22.06,22.01,22.03,4399,2021-11-03 15:29:00,PLTK
22.03,22.03,22.02,22.02,3178,2021-11-03 15:30:00,PLTK
22.04,22.1037,22.03,22.1037,13155,2021-11-03 15:31:00,PLTK
22.1,22.23,22.1,22.19,18395,2021-11-03 15:32:00,PLTK
22.18,22.2,22.1001,22.16,16696,2021-11-03 15:33:00,PLTK
22.16,22.1699,22.1014,22.11,6880,2021-11-03 15:34:00,PLTK
22.11,22.17,22.11,22.14,13286,2021-11-03 15:35:00,PLTK
22.12,22.15,22.12,22.15,6726,2021-11-03 15:36:00,PLTK
22.16,22.16,22.125,22.14,2335,2021-11-03 15:37:00,PLTK
22.11,22.11,22.03,22.08,11183,2021-11-03 15:38:00,PLTK
22.08,22.09,22.05,22.09,10641,2021-11-03 15:39:00,PLTK
22.0864,22.19,22.0864,22.19,5564,2021-11-03 15:40:00,PLTK
22.2,22.25,22.19,22.25,9849,2021-11-03 15:41:00,PLTK
22.235,22.265,22.235,22.2618,3750,2021-11-03 15:42:00,PLTK
22.265,22.265,22.235,22.24,5529,2021-11-03 15:43:00,PLTK
22.24,22.27,22.24,22.26,6587,2021-11-03 15:44:00,PLTK
22.28,22.32,22.25,22.28,18890,2021-11-03 15:45:00,PLTK
22.29,22.305,22.27,22.3047,11558,2021-11-03 15:46:00,PLTK
22.3,22.32,22.2,22.2,12879,2021-11-03 15:47:00,PLTK
22.205,22.26,22.2001,22.26,17640,2021-11-03 15:48:00,PLTK
22.24,22.25,22.1193,22.14,17446,2021-11-03 15:49:00,PLTK
22.14,22.16,22.1,22.1,3761,2021-11-03 15:50:00,PLTK
22.13,22.1352,22.07,22.09,12758,2021-11-03 15:51:00,PLTK
22.09,22.09,22.0,22.06,36295,2021-11-03 15:52:00,PLTK
22.065,22.11,22.02,22.05,8207,2021-11-03 15:53:00,PLTK
22.05,22.08,22.02,22.04,4701,2021-11-03 15:54:00,PLTK
22.05,22.06,22.04,22.06,8616,2021-11-03 15:55:00,PLTK
22.07,22.07,22.025,22.03,4631,2021-11-03 15:56:00,PLTK
22.02,22.0217,22.01,22.0217,3390,2021-11-03 15:57:00,PLTK
22.0265,22.03,22.0,22.0,3618,2021-11-03 15:58:00,PLTK
22.01,22.01,21.95,21.965,24385,2021-11-03 15:59:00,PLTK
21.9683,21.98,21.95,21.95,11578,2021-11-03 16:00:00,PLTK
21.955,21.955,21.9101,21.92,11557,2021-11-03 16:01:00,PLTK
21.92,21.98,21.9,21.928,28073,2021-11-03 16:02:00,PLTK
21.9292,21.93,21.905,21.905,12682,2021-11-03 16:03:00,PLTK
21.9082,21.92,21.905,21.92,7488,2021-11-03 16:04:00,PLTK
21.915,21.94,21.91,21.91,5685,2021-11-03 16:05:00,PLTK
21.918,21.95,21.918,21.95,4534,2021-11-03 16:06:00,PLTK
21.99,22.03,21.99,22.015,9107,2021-11-03 16:07:00,PLTK
22.02,22.0501,22.02,22.0499,4774,2021-11-03 16:08:00,PLTK
22.035,22.05,22.02,22.02,4030,2021-11-03 16:09:00,PLTK
22.028,22.13,22.02,22.1001,23460,2021-11-03 16:10:00,PLTK
22.1001,22.11,22.1,22.11,3910,2021-11-03 16:11:00,PLTK
22.11,22.15,22.11,22.1419,10965,2021-11-03 16:12:00,PLTK
22.15,22.16,22.12,22.12,7165,2021-11-03 16:13:00,PLTK
22.12,22.12,22.1,22.105,4430,2021-11-03 16:14:00,PLTK
22.11,22.16,22.11,22.16,7826,2021-11-03 16:15:00,PLTK
22.16,22.17,22.14,22.14,3033,2021-11-03 16:16:00,PLTK
22.14,22.1401,22.11,22.125,6594,2021-11-03 16:17:00,PLTK
22.13,22.13,22.11,22.12,8844,2021-11-03 16:18:00,PLTK
22.13,22.21,22.1201,22.21,7414,2021-11-03 16:19:00,PLTK
22.2,22.205,22.13,22.13,3800,2021-11-03 16:20:00,PLTK
22.16,22.17,22.11,22.15,6359,2021-11-03 16:21:00,PLTK
22.16,22.21,22.15,22.18,4984,2021-11-03 16:22:00,PLTK
22.17,22.1899,22.15,22.17,3233,2021-11-03 16:23:00,PLTK
22.15,22.16,22.15,22.15,4508,2021-11-03 16:24:00,PLTK
22.15,22.16,22.15,22.16,4714,2021-11-03 16:25:00,PLTK
22.15,22.17,22.15,22.15,3612,2021-11-03 16:26:00,PLTK
22.15,22.16,22.15,22.155,17916,2021-11-03 16:27:00,PLTK
22.15,22.16,22.14,22.14,15423,2021-11-03 16:28:00,PLTK
22.14,22.2,22.14,22.199,17436,2021-11-03 16:29:00,PLTK
22.19,22.2,22.15,22.15,6446,2021-11-03 16:30:00,PLTK
22.14,22.145,22.1,22.13,8820,2021-11-03 16:31:00,PLTK
22.13,22.14,22.115,22.12,5385,2021-11-03 16:32:00,PLTK
22.11,22.12,22.1,22.11,7292,2021-11-03 16:33:00,PLTK
22.12,22.14,22.11,22.14,4762,2021-11-03 16:34:00,PLTK
22.14,22.18,22.14,22.18,4638,2021-11-03 16:35:00,PLTK
22.17,22.175,22.11,22.11,3548,2021-11-03 16:36:00,PLTK
22.16,22.16,22.1,22.11,9950,2021-11-03 16:37:00,PLTK
22.1,22.1,22.03,22.03,3467,2021-11-03 16:38:00,PLTK
22.03,22.045,22.0,22.0099,6002,2021-11-03 16:39:00,PLTK
22.01,22.08,22.01,22.0401,8367,2021-11-03 16:40:00,PLTK
22.04,22.05,22.03,22.03,3469,2021-11-03 16:41:00,PLTK
22.03,22.04,22.0,22.035,3884,2021-11-03 16:42:00,PLTK
22.039,22.0399,22.03,22.03,4254,2021-11-03 16:43:00,PLTK
22.03,22.035,22.005,22.01,5185,2021-11-03 16:44:00,PLTK
22.01,22.0274,22.005,22.0274,11389,2021-11-03 16:45:00,PLTK
22.02,22.03,22.0,22.01,4042,2021-11-03 16:46:00,PLTK
22.01,22.03,22.0,22.02,6910,2021-11-03 16:47:00,PLTK
22.02,22.05,22.01,22.01,6811,2021-11-03 16:48:00,PLTK
22.01,22.02,22.0,22.005,6132,2021-11-03 16:49:00,PLTK
22.01,22.03,22.01,22.02,8986,2021-11-03 16:50:00,PLTK
22.025,22.03,22.01,22.029,6063,2021-11-03 16:51:00,PLTK
22.02,22.02,22.0,22.0,2905,2021-11-03 16:52:00,PLTK
22.005,22.01,22.0,22.01,1876,2021-11-03 16:53:00,PLTK
22.0001,22.01,22.0,22.005,3720,2021-11-03 16:54:00,PLTK
22.005,22.03,22.0001,22.03,7222,2021-11-03 16:55:00,PLTK
22.02,22.03,22.0,22.01,15626,2021-11-03 16:56:00,PLTK
22.0,22.01,21.92,22.01,16086,2021-11-03 16:57:00,PLTK
21.99,21.99,21.97,21.97,2690,2021-11-03 16:58:00,PLTK
21.97,22.07,21.97,22.07,11213,2021-11-03 16:59:00,PLTK
22.065,22.1,22.05,22.09,6976,2021-11-03 17:00:00,PLTK
22.11,22.12,22.09,22.09,6574,2021-11-03 17:01:00,PLTK
22.09,22.09,21.98,21.98,6014,2021-11-03 17:02:00,PLTK
21.99,21.99,21.95,21.96,9465,2021-11-03 17:03:00,PLTK
21.96,21.97,21.96,21.97,2161,2021-11-03 17:04:00,PLTK
21.97,21.99,21.9698,21.99,3537,2021-11-03 17:05:00,PLTK
21.9985,22.0,21.96,21.98,3104,2021-11-03 17:06:00,PLTK
21.98,21.98,21.96,21.96,1900,2021-11-03 17:07:00,PLTK
21.96,21.98,21.95,21.98,7362,2021-11-03 17:08:00,PLTK
21.98,22.02,21.96,21.97,7672,2021-11-03 17:09:00,PLTK
21.97,22.0,21.95,22.0,2693,2021-11-03 17:10:00,PLTK
21.99,22.01,21.99,22.01,3310,2021-11-03 17:11:00,PLTK
22.0,22.02,21.98,21.99,3319,2021-11-03 17:12:00,PLTK
21.98,22.0124,21.96,21.96,2564,2021-11-03 17:13:00,PLTK
21.97,21.97,21.96,21.96,5281,2021-11-03 17:14:00,PLTK
21.955,21.957,21.95,21.955,3400,2021-11-03 17:15:00,PLTK
21.95,21.96,21.95,21.96,7078,2021-11-03 17:16:00,PLTK
21.955,21.96,21.95,21.955,4640,2021-11-03 17:17:00,PLTK
21.96,21.96,21.95,21.95,9367,2021-11-03 17:18:00,PLTK
21.93,21.95,21.92,21.94,5255,2021-11-03 17:19:00,PLTK
21.935,21.94,21.9,21.9,7536,2021-11-03 17:20:00,PLTK
21.9,21.905,21.84,21.84,14043,2021-11-03 17:21:00,PLTK
21.8385,21.89,21.8366,21.87,15904,2021-11-03 17:22:00,PLTK
21.8741,21.93,21.8741,21.93,12628,2021-11-03 17:23:00,PLTK
21.92,21.93,21.88,21.91,6313,2021-11-03 17:24:00,PLTK
21.9,21.91,21.85,21.85,4100,2021-11-03 17:25:00,PLTK
21.85,21.871,21.8475,21.87,7740,2021-11-03 17:26:00,PLTK
21.87,21.88,21.84,21.8599,3430,2021-11-03 17:27:00,PLTK
21.85,21.86,21.81,21.8388,11500,2021-11-03 17:28:00,PLTK
21.84,21.91,21.84,21.86,12426,2021-11-03 17:29:00,PLTK
21.86,21.8604,21.81,21.81,4000,2021-11-03 17:30:00,PLTK
21.81,21.815,21.8,21.81,4699,2021-11-03 17:31:00,PLTK
21.815,21.82,21.8,21.81,6137,2021-11-03 17:32:00,PLTK
21.81,21.815,21.8,21.81,2944,2021-11-03 17:33:00,PLTK
21.8,21.83,21.8,21.83,6026,2021-11-03 17:34:00,PLTK
21.82,21.84,21.82,21.84,2058,2021-11-03 17:35:00,PLTK
21.83,21.83,21.81,21.82,2740,2021-11-03 17:36:00,PLTK
21.81,21.83,21.8,21.8,3410,2021-11-03 17:37:00,PLTK
21.8,21.8001,21.77,21.77,3766,2021-11-03 17:38:00,PLTK
21.77,21.775,21.73,21.73,3368,2021-11-03 17:39:00,PLTK
21.73,21.735,21.68,21.69,4300,2021-11-03 17:40:00,PLTK
21.69,21.74,21.69,21.74,10250,2021-11-03 17:41:00,PLTK
21.745,21.7699,21.74,21.76,4214,2021-11-03 17:42:00,PLTK
21.775,21.8,21.77,21.77,4082,2021-11-03 17:43:00,PLTK
21.77,21.78,21.76,21.78,2692,2021-11-03 17:44:00,PLTK
21.77,21.77,21.77,21.77,100,2021-11-03 17:45:00,PLTK
21.77,21.78,21.77,21.778,2330,2021-11-03 17:46:00,PLTK
21.78,21.82,21.77,21.82,3430,2021-11-03 17:47:00,PLTK
21.82,21.82,21.7901,21.7901,1541,2021-11-03 17:48:00,PLTK
21.805,21.82,21.805,21.81,1100,2021-11-03 17:49:00,PLTK
21.8,21.82,21.78,21.8101,5008,2021-11-03 17:50:00,PLTK
21.81,21.82,21.81,21.82,1900,2021-11-03 17:51:00,PLTK
21.82,21.88,21.81,21.88,3983,2021-11-03 17:52:00,PLTK
21.88,21.88,21.8783,21.8799,1725,2021-11-03 17:53:00,PLTK
21.88,21.91,21.88,21.91,2023,2021-11-03 17:54:00,PLTK
21.91,21.96,21.9,21.96,3682,2021-11-03 17:55:00,PLTK
21.97,21.98,21.94,21.97,6266,2021-11-03 17:56:00,PLTK
21.99,22.06,21.99,22.06,6407,2021-11-03 17:57:00,PLTK
22.0429,22.12,22.0429,22.11,4951,2021-11-03 17:58:00,PLTK
22.12,22.13,22.1156,22.13,4050,2021-11-03 17:59:00,PLTK
22.12,22.21,22.08,22.21,16157,2021-11-03 18:00:00,PLTK
22.2068,22.23,22.11,22.125,11271,2021-11-03 18:01:00,PLTK
22.15,22.16,22.11,22.12,3752,2021-11-03 18:02:00,PLTK
22.1,22.12,22.0701,22.1,5466,2021-11-03 18:03:00,PLTK
22.105,22.12,22.09,22.09,6154,2021-11-03 18:04:00,PLTK
22.08,22.08,22.01,22.025,3158,2021-11-03 18:05:00,PLTK
22.025,22.03,21.94,21.94,9671,2021-11-03 18:06:00,PLTK
21.94,22.01,21.925,21.939,42555,2021-11-03 18:07:00,PLTK
21.945,21.96,21.91,21.91,4295,2021-11-03 18:08:00,PLTK
21.91,21.99,21.87,21.99,12180,2021-11-03 18:09:00,PLTK
21.99,22.01,21.96,21.975,2242,2021-11-03 18:10:00,PLTK
21.98,22.0,21.95,21.9501,6182,2021-11-03 18:11:00,PLTK
21.98,22.0,21.96,22.0,5937,2021-11-03 18:12:00,PLTK
22.0,22.0,21.999,22.0,5509,2021-11-03 18:13:00,PLTK
22.0,22.0,22.0,22.0,2561,2021-11-03 18:14:00,PLTK
22.0,22.0,21.96,21.9899,7071,2021-11-03 18:15:00,PLTK
21.99,21.99,21.965,21.965,5803,2021-11-03 18:16:00,PLTK
21.965,21.97,21.95,21.95,3108,2021-11-03 18:17:00,PLTK
21.955,21.9581,21.91,21.9101,5068,2021-11-03 18:18:00,PLTK
21.905,21.91,21.905,21.91,8029,2021-11-03 18:19:00,PLTK
21.905,21.9096,21.84,21.85,8071,2021-11-03 18:20:00,PLTK
21.85,21.88,21.81,21.88,11236,2021-11-03 18:21:00,PLTK
21.88,21.89,21.8701,21.89,2836,2021-11-03 18:22:00,PLTK
21.89,21.9,21.885,21.895,16576,2021-11-03 18:23:00,PLTK
21.9,21.9,21.885,21.9,5466,2021-11-03 18:24:00,PLTK
21.9,21.9,21.895,21.9,2949,2021-11-03 18:25:00,PLTK
21.895,21.92,21.89,21.92,12734,2021-11-03 18:26:00,PLTK
21.92,21.93,21.91,21.93,2000,2021-11-03 18:27:00,PLTK
21.92,21.96,21.92,21.96,6666,2021-11-03 18:28:00,PLTK
21.955,21.96,21.921,21.95,20143,2021-11-03 18:29:00,PLTK
21.945,21.95,21.93,21.93,4561,2021-11-03 18:30:00,PLTK
21.93,21.95,21.93,21.95,6137,2021-11-03 18:31:00,PLTK
21.945,21.95,21.92,21.93,6062,2021-11-03 18:32:00,PLTK
21.93,21.95,21.925,21.95,4916,2021-11-03 18:33:00,PLTK
21.94,21.95,21.94,21.945,2200,2021-11-03 18:34:00,PLTK
21.945,21.95,21.94,21.94,7545,2021-11-03 18:35:00,PLTK
21.94,21.95,21.93,21.95,5052,2021-11-03 18:36:00,PLTK
21.92,21.95,21.92,21.95,4178,2021-11-03 18:37:00,PLTK
21.95,21.95,21.94,21.94,4875,2021-11-03 18:38:00,PLTK
21.93,21.94,21.9135,21.9381,7154,2021-11-03 18:39:00,PLTK
21.94,21.95,21.9318,21.945,3087,2021-11-03 18:40:00,PLTK
21.945,21.95,21.945,21.95,6261,2021-11-03 18:41:00,PLTK
21.95,22.04,21.945,22.04,12750,2021-11-03 18:42:00,PLTK
22.05,22.14,22.04,22.04,22371,2021-11-03 18:43:00,PLTK
22.04,22.045,21.96,21.96,8730,2021-11-03 18:44:00,PLTK
21.9625,21.99,21.95,21.99,59692,2021-11-03 18:45:00,PLTK
21.992,21.992,21.95,21.95,11113,2021-11-03 18:46:00,PLTK
21.95,21.96,21.91,21.96,14633,2021-11-03 18:47:00,PLTK
21.9576,21.96,21.95,21.96,2825,2021-11-03 18:48:00,PLTK
21.9679,21.99,21.965,21.99,3244,2021-11-03 18:49:00,PLTK
22.005,22.035,22.0,22.035,4152,2021-11-03 18:50:00,PLTK
22.03,22.03,21.935,21.96,9272,2021-11-03 18:51:00,PLTK
21.97,21.98,21.965,21.965,524,2021-11-03 18:52:00,PLTK
21.96,21.99,21.96,21.985,7356,2021-11-03 18:53:00,PLTK
21.985,21.99,21.985,21.9878,1710,2021-11-03 18:54:00,PLTK
21.985,21.99,21.96,21.9601,6215,2021-11-03 18:55:00,PLTK
21.96,21.965,21.94,21.955,7196,2021-11-03 18:56:00,PLTK
21.95,21.96,21.95,21.955,2912,2021-11-03 18:57:00,PLTK
21.955,22.03,21.955,22.03,22727,2021-11-03 18:58:00,PLTK
22.03,22.08,22.03,22.07,5663,2021-11-03 18:59:00,PLTK
22.07,22.13,22.07,22.12,5167,2021-11-03 19:00:00,PLTK
22.13,22.17,22.09,22.0998,24425,2021-11-03 19:01:00,PLTK
22.09,22.0979,22.0,22.0601,57907,2021-11-03 19:02:00,PLTK
22.03,22.03,22.0,22.005,11860,2021-11-03 19:03:00,PLTK
22.005,22.0061,21.99,22.005,6894,2021-11-03 19:04:00,PLTK
22.005,22.01,21.995,22.0,6418,2021-11-03 19:05:00,PLTK
21.99,21.9999,21.98,21.98,14029,2021-11-03 19:06:00,PLTK
21.985,21.99,21.94,21.955,10259,2021-11-03 19:07:00,PLTK
21.955,21.97,21.955,21.97,11144,2021-11-03 19:08:00,PLTK
21.97,22.01,21.965,22.01,11164,2021-11-03 19:09:00,PLTK
22.0,22.01,21.965,21.975,14423,2021-11-03 19:10:00,PLTK
21.975,21.99,21.975,21.988,7154,2021-11-03 19:11:00,PLTK
21.985,22.005,21.975,22.005,12340,2021-11-03 19:12:00,PLTK
22.005,22.01,22.0,22.01,2393,2021-11-03 19:13:00,PLTK
22.005,22.05,22.005,22.035,11583,2021-11-03 19:14:00,PLTK
22.035,22.035,22.02,22.025,3034,2021-11-03 19:15:00,PLTK
22.025,22.03,22.015,22.025,6171,2021-11-03 19:16:00,PLTK
22.025,22.03,22.02,22.0201,2529,2021-11-03 19:17:00,PLTK
22.025,22.03,22.0,22.0,4236,2021-11-03 19:18:00,PLTK
22.0,22.005,22.0,22.0,1273,2021-11-03 19:19:00,PLTK
22.005,22.005,21.99,22.0,2698,2021-11-03 19:20:00,PLTK
22.0,22.0,21.98,21.99,6036,2021-11-03 19:21:00,PLTK
21.99,22.07,21.96,22.07,45788,2021-11-03 19:22:00,PLTK
22.07,22.07,22.04,22.0487,2186,2021-11-03 19:23:00,PLTK
22.04,22.095,21.99,22.09,103832,2021-11-03 19:24:00,PLTK
22.085,22.15,22.085,22.1301,14974,2021-11-03 19:25:00,PLTK
22.14,22.15,22.13,22.1325,13315,2021-11-03 19:26:00,PLTK
22.135,22.14,22.13,22.138,4271,2021-11-03 19:27:00,PLTK
22.14,22.19,22.135,22.19,12865,2021-11-03 19:28:00,PLTK
22.185,22.22,22.185,22.21,14931,2021-11-03 19:29:00,PLTK
22.205,22.21,22.2,22.21,9719,2021-11-03 19:30:00,PLTK
22.21,22.29,22.21,22.28,18990,2021-11-03 19:31:00,PLTK
22.275,22.3,22.23,22.24,25870,2021-11-03 19:32:00,PLTK
22.23,22.28,22.2106,22.26,19373,2021-11-03 19:33:00,PLTK
22.24,22.28,22.2001,22.28,21123,2021-11-03 19:34:00,PLTK
22.26,22.3,22.251,22.285,7637,2021-11-03 19:35:00,PLTK
22.29,22.32,22.28,22.32,11024,2021-11-03 19:36:00,PLTK
22.3046,22.32,22.29,22.29,13419,2021-11-03 19:37:00,PLTK
22.29,22.29,22.2701,22.285,6153,2021-11-03 19:38:00,PLTK
22.285,22.29,22.24,22.245,10926,2021-11-03 19:39:00,PLTK
22.24,22.25,22.23,22.235,6867,2021-11-03 19:40:00,PLTK
22.23,22.235,22.19,22.2,13280,2021-11-03 19:41:00,PLTK
22.191,22.191,22.13,22.14,87590,2021-11-03 19:42:00,PLTK
22.15,22.15,22.12,22.121,6484,2021-11-03 19:43:00,PLTK
22.125,22.1356,22.11,22.11,7155,2021-11-03 19:44:00,PLTK
22.12,22.17,22.115,22.16,9097,2021-11-03 19:45:00,PLTK
22.155,22.26,22.155,22.24,12596,2021-11-03 19:46:00,PLTK
22.25,22.31,22.2301,22.3031,16822,2021-11-03 19:47:00,PLTK
22.32,22.4199,22.31,22.405,14438,2021-11-03 19:48:00,PLTK
22.41,22.49,22.4,22.48,18459,2021-11-03 19:49:00,PLTK
22.49,22.55,22.48,22.54,25554,2021-11-03 19:50:00,PLTK
22.55,22.67,22.53,22.66,43055,2021-11-03 19:51:00,PLTK
22.66,22.78,22.65,22.725,44348,2021-11-03 19:52:00,PLTK
22.74,22.74,22.68,22.69,21882,2021-11-03 19:53:00,PLTK
22.7,22.84,22.685,22.82,29696,2021-11-03 19:54:00,PLTK
22.83,22.92,22.8,22.9199,40011,2021-11-03 19:55:00,PLTK
22.92,22.96,22.88,22.95,54106,2021-11-03 19:56:00,PLTK
22.95,22.96,22.86,22.865,52189,2021-11-03 19:57:00,PLTK
22.865,22.87,22.77,22.775,58731,2021-11-03 19:58:00,PLTK
22.775,22.79,22.69,22.71,158482,2021-11-03 19:59:00,PLTK
22.72,22.72,22.72,22.72,116983,2021-11-03 20:00:00,PLTK
22.72,22.72,22.72,22.72,100,2021-11-03 20:07:00,PLTK
22.73,22.73,22.73,22.73,201,2021-11-03 20:08:00,PLTK
22.73,22.79,22.73,22.79,280,2021-11-03 20:11:00,PLTK
22.72,22.72,22.72,22.72,100,2021-11-03 20:17:00,PLTK
22.85,22.85,22.85,22.85,123,2021-11-03 20:19:00,PLTK
22.86,22.89,22.85,22.85,828,2021-11-03 20:23:00,PLTK
22.86,22.86,22.86,22.86,127,2021-11-03 20:25:00,PLTK
22.86,22.86,22.86,22.86,277,2021-11-03 20:26:00,PLTK
22.85,22.85,22.85,22.85,150,2021-11-03 20:27:00,PLTK
22.86,22.86,22.86,22.86,375,2021-11-03 20:39:00,PLTK
23.0,23.0,23.0,23.0,300,2021-11-03 20:40:00,PLTK
22.72,22.72,22.72,22.72,879,2021-11-03 20:45:00,PLTK
22.73,22.73,22.73,22.73,4259,2021-11-03 20:47:00,PLTK
22.72,22.72,22.72,22.72,379,2021-11-03 20:49:00,PLTK
22.9,22.9,22.9,22.9,200,2021-11-03 20:57:00,PLTK
22.9,22.9,22.9,22.9,208,2021-11-03 21:04:00,PLTK
22.75,22.75,22.75,22.75,100,2021-11-03 21:09:00,PLTK
22.75,22.75,22.75,22.75,450,2021-11-03 21:21:00,PLTK
22.82,22.82,22.82,22.82,150,2021-11-03 21:41:00,PLTK
22.97,22.97,22.8,22.8,950,2021-11-03 21:50:00,PLTK
22.9,22.9,22.9,22.9,453,2021-11-03 22:00:00,PLTK
22.9,22.9,22.9,22.9,100,2021-11-03 22:04:00,PLTK
22.9,22.9,22.9,22.9,171,2021-11-03 22:07:00,PLTK
22.75,22.75,22.75,22.75,330,2021-11-03 22:10:00,PLTK
22.97,22.97,22.97,22.97,121,2021-11-03 22:11:00,PLTK
22.87,22.87,22.87,22.87,200,2021-11-03 23:25:00,PLTK
22.87,22.87,22.87,22.87,721,2021-11-03 23:27:00,PLTK
22.87,22.87,22.87,22.87,400,2021-11-03 23:28:00,PLTK
22.87,22.87,22.87,22.87,146,2021-11-03 23:33:00,PLTK
22.98,22.98,22.98,22.98,150,2021-11-03 23:59:00,PLTK
23.0,23.0,23.0,23.0,100,2021-11-04 09:03:00,PLTK
22.99,22.99,22.99,22.99,435,2021-11-04 09:12:00,PLTK
22.71,22.71,22.71,22.71,500,2021-11-04 09:50:00,PLTK
22.72,22.72,22.72,22.72,257,2021-11-04 10:04:00,PLTK
23.17,23.18,23.17,23.18,475,2021-11-04 10:53:00,PLTK
23.02,23.02,23.02,23.02,250,2021-11-04 11:30:00,PLTK
22.89,22.89,22.89,22.89,300,2021-11-04 11:53:00,PLTK
22.89,22.9,22.89,22.9,393,2021-11-04 12:13:00,PLTK
22.9,22.9,22.9,22.9,100,2021-11-04 12:17:00,PLTK
22.84,22.84,22.84,22.84,300,2021-11-04 12:46:00,PLTK
22.9,22.9,22.9,22.9,110,2021-11-04 12:58:00,PLTK
22.9,22.9,22.9,22.9,725,2021-11-04 12:59:00,PLTK
23.09,23.11,23.09,23.09,5400,2021-11-04 13:11:00,PLTK
23.1,23.1,23.09,23.1,400,2021-11-04 13:12:00,PLTK
23.04,23.18,23.04,23.18,4583,2021-11-04 13:15:00,PLTK
23.17,23.35,23.17,23.34,2868,2021-11-04 13:19:00,PLTK
23.2,23.2,23.2,23.2,100,2021-11-04 13:23:00,PLTK
23.25,23.25,23.25,23.25,100,2021-11-04 13:25:00,PLTK
23.39,23.59,23.39,23.59,1837,2021-11-04 13:28:00,PLTK
23.35,23.45,23.18,23.181,45192,2021-11-04 13:30:00,PLTK
23.27,23.27,22.86,22.86,49307,2021-11-04 13:31:00,PLTK
22.85,22.88,22.32,22.32,26774,2021-11-04 13:32:00,PLTK
22.22,22.29,22.2,22.235,11304,2021-11-04 13:33:00,PLTK
22.24,22.25,22.005,22.105,19037,2021-11-04 13:34:00,PLTK
22.14,22.14,21.93,21.93,19970,2021-11-04 13:35:00,PLTK
21.9301,22.1,21.9301,21.98,29341,2021-11-04 13:36:00,PLTK
21.995,21.995,21.89,21.9,28193,2021-11-04 13:37:00,PLTK
21.9,21.93,21.725,21.77,17000,2021-11-04 13:38:00,PLTK
21.79,21.7962,21.6701,21.69,14570,2021-11-04 13:39:00,PLTK
21.68,21.7,21.6,21.7,22744,2021-11-04 13:40:00,PLTK
21.71,21.79,21.645,21.74,22763,2021-11-04 13:41:00,PLTK
21.76,21.98,21.76,21.95,10838,2021-11-04 13:42:00,PLTK
21.945,21.99,21.82,21.8944,5372,2021-11-04 13:43:00,PLTK
21.83,21.8799,21.83,21.8799,5419,2021-11-04 13:44:00,PLTK
21.855,21.878,21.82,21.865,9594,2021-11-04 13:45:00,PLTK
21.865,21.92,21.86,21.88,11202,2021-11-04 13:46:00,PLTK
21.88,21.91,21.85,21.855,5330,2021-11-04 13:47:00,PLTK
21.88,21.99,21.88,21.96,4414,2021-11-04 13:48:00,PLTK
22.0,22.0,21.87,21.87,11281,2021-11-04 13:49:00,PLTK
21.825,21.84,21.8,21.8,8145,2021-11-04 13:50:00,PLTK
21.805,21.805,21.65,21.73,26915,2021-11-04 13:51:00,PLTK
21.72,21.735,21.72,21.73,3228,2021-11-04 13:52:00,PLTK
21.725,21.759,21.72,21.74,16541,2021-11-04 13:53:00,PLTK
21.76,21.77,21.74,21.7526,2294,2021-11-04 13:54:00,PLTK
21.75,21.78,21.72,21.76,7743,2021-11-04 13:55:00,PLTK
21.78,21.78,21.72,21.725,6429,2021-11-04 13:56:00,PLTK
21.725,21.73,21.72,21.725,8738,2021-11-04 13:57:00,PLTK
21.72,21.72,21.505,21.53,22877,2021-11-04 13:58:00,PLTK
21.56,21.6,21.5,21.5017,14815,2021-11-04 13:59:00,PLTK
21.51,21.515,21.5,21.51,13688,2021-11-04 14:00:00,PLTK
21.505,21.51,21.4126,21.4126,11597,2021-11-04 14:01:00,PLTK
21.42,21.58,21.42,21.565,18785,2021-11-04 14:02:00,PLTK
21.58,21.59,21.535,21.535,8999,2021-11-04 14:03:00,PLTK
21.55,21.55,21.47,21.495,31890,2021-11-04 14:04:00,PLTK
21.495,21.57,21.495,21.57,6350,2021-11-04 14:05:00,PLTK
21.57,21.64,21.57,21.585,4300,2021-11-04 14:06:00,PLTK
21.6,21.6684,21.6,21.6684,4573,2021-11-04 14:07:00,PLTK
21.63,21.69,21.63,21.69,6084,2021-11-04 14:08:00,PLTK
21.67,21.6917,21.67,21.6701,3199,2021-11-04 14:09:00,PLTK
21.6701,21.685,21.6,21.605,3696,2021-11-04 14:10:00,PLTK
21.605,21.65,21.605,21.6201,4616,2021-11-04 14:11:00,PLTK
21.62,21.71,21.62,21.69,5083,2021-11-04 14:12:00,PLTK
21.68,21.68,21.65,21.66,5005,2021-11-04 14:13:00,PLTK
21.68,21.69,21.65,21.6699,6648,2021-11-04 14:14:00,PLTK
21.65,21.71,21.65,21.68,5655,2021-11-04 14:15:00,PLTK
21.67,21.71,21.67,21.7,2398,2021-11-04 14:16:00,PLTK
21.73,21.73,21.71,21.71,3200,2021-11-04 14:17:00,PLTK
21.7,21.7,21.65,21.66,1601,2021-11-04 14:18:00,PLTK
21.67,21.67,21.66,21.67,7780,2021-11-04 14:19:00,PLTK
21.66,21.76,21.65,21.72,21410,2021-11-04 14:20:00,PLTK
21.725,21.725,21.6901,21.7127,2701,2021-11-04 14:21:00,PLTK
21.72,21.72,21.7,21.7,10555,2021-11-04 14:22:00,PLTK
21.71,21.71,21.7,21.7,400,2021-11-04 14:24:00,PLTK
21.7,21.71,21.6,21.605,11797,2021-11-04 14:25:00,PLTK
21.6,21.605,21.5,21.5398,15525,2021-11-04 14:26:00,PLTK
21.52,21.525,21.5001,21.51,1837,2021-11-04 14:27:00,PLTK
21.5297,21.5297,21.5,21.505,18668,2021-11-04 14:28:00,PLTK
21.5175,21.52,21.5,21.51,1425,2021-11-04 14:29:00,PLTK
21.51,21.54,21.5,21.52,8577,2021-11-04 14:30:00,PLTK
21.525,21.5742,21.525,21.565,2901,2021-11-04 14:31:00,PLTK
21.565,21.58,21.565,21.58,430,2021-11-04 14:32:00,PLTK
21.58,21.6532,21.58,21.6401,5162,2021-11-04 14:33:00,PLTK
21.6375,21.6375,21.59,21.59,1999,2021-11-04 14:34:00,PLTK
21.59,21.61,21.5185,21.5185,4177,2021-11-04 14:35:00,PLTK
21.515,21.52,21.5,21.51,5486,2021-11-04 14:36:00,PLTK
21.52,21.54,21.51,21.53,4396,2021-11-04 14:37:00,PLTK
21.52,21.7,21.52,21.7,14330,2021-11-04 14:38:00,PLTK
21.675,21.7,21.675,21.675,1026,2021-11-04 14:39:00,PLTK
21.6923,21.79,21.65,21.79,6206,2021-11-04 14:40:00,PLTK
21.8,21.8,21.75,21.76,1500,2021-11-04 14:41:00,PLTK
21.8,21.86,21.8,21.82,5620,2021-11-04 14:42:00,PLTK
21.8,21.8,21.7,21.7,5209,2021-11-04 14:44:00,PLTK
21.7001,21.7001,21.51,21.51,24373,2021-11-04 14:45:00,PLTK
21.51,21.55,21.5,21.505,3358,2021-11-04 14:46:00,PLTK
21.5,21.51,21.5,21.51,4615,2021-11-04 14:47:00,PLTK
21.53,21.55,21.51,21.55,2539,2021-11-04 14:48:00,PLTK
21.555,21.57,21.5415,21.57,4025,2021-11-04 14:49:00,PLTK
21.57,21.57,21.5,21.5,10549,2021-11-04 14:50:00,PLTK
21.5,21.51,21.5,21.5,6136,2021-11-04 14:51:00,PLTK
21.5,21.505,21.5,21.5,1364,2021-11-04 14:52:00,PLTK
21.5,21.505,21.45,21.46,15281,2021-11-04 14:53:00,PLTK
21.46,21.505,21.455,21.505,9004,2021-11-04 14:54:00,PLTK
21.505,21.58,21.505,21.58,9278,2021-11-04 14:55:00,PLTK
21.57,21.62,21.57,21.62,3700,2021-11-04 14:56:00,PLTK
21.62,21.635,21.62,21.635,1500,2021-11-04 14:57:00,PLTK
21.635,21.75,21.62,21.735,9818,2021-11-04 14:58:00,PLTK
21.7341,21.78,21.71,21.71,3961,2021-11-04 14:59:00,PLTK
21.71,21.75,21.61,21.61,6800,2021-11-04 15:00:00,PLTK
21.63,21.63,21.5,21.5211,15350,2021-11-04 15:01:00,PLTK
21.5,21.53,21.5,21.504,4557,2021-11-04 15:02:00,PLTK
21.505,21.53,21.5,21.53,6625,2021-11-04 15:03:00,PLTK
21.53,21.55,21.5,21.5,8858,2021-11-04 15:04:00,PLTK
21.505,21.57,21.45,21.505,12748,2021-11-04 15:05:00,PLTK
21.5,21.51,21.5,21.51,4376,2021-11-04 15:06:00,PLTK
21.51,21.5169,21.5,21.5169,1100,2021-11-04 15:07:00,PLTK
21.5,21.52,21.5,21.51,6071,2021-11-04 15:08:00,PLTK
21.52,21.53,21.51,21.51,1706,2021-11-04 15:09:00,PLTK
21.51,21.51,21.5,21.51,3872,2021-11-04 15:10:00,PLTK
21.5,21.5001,21.5,21.5,2349,2021-11-04 15:11:00,PLTK
21.51,21.51,21.5,21.5099,3957,2021-11-04 15:12:00,PLTK
21.505,21.51,21.5,21.51,7000,2021-11-04 15:13:00,PLTK
21.505,21.505,21.44,21.455,26147,2021-11-04 15:14:00,PLTK
21.45,21.47,21.45,21.455,7660,2021-11-04 15:15:00,PLTK
21.45,21.46,21.45,21.455,4300,2021-11-04 15:16:00,PLTK
21.455,21.46,21.455,21.455,5790,2021-11-04 15:17:00,PLTK
21.455,21.4599,21.45,21.455,3510,2021-11-04 15:18:00,PLTK
21.455,21.47,21.45,21.4577,7151,2021-11-04 15:19:00,PLTK
21.455,21.48,21.455,21.48,8101,2021-11-04 15:20:00,PLTK
21.48,21.4801,21.45,21.455,6059,2021-11-04 15:21:00,PLTK
21.45,21.46,21.45,21.4593,1379,2021-11-04 15:22:00,PLTK
21.455,21.46,21.45,21.455,1957,2021-11-04 15:23:00,PLTK
21.455,21.455,21.335,21.34,23186,2021-11-04 15:24:00,PLTK
21.335,21.335,21.31,21.3192,4961,2021-11-04 15:25:00,PLTK
21.315,21.33,21.31,21.32,10017,2021-11-04 15:26:00,PLTK
21.31,21.36,21.31,21.35,14150,2021-11-04 15:27:00,PLTK
21.35,21.39,21.345,21.385,9400,2021-11-04 15:28:00,PLTK
21.39,21.44,21.385,21.44,9335,2021-11-04 15:29:00,PLTK
21.41,21.425,21.385,21.405,24486,2021-11-04 15:30:00,PLTK
21.395,21.515,21.39,21.485,11132,2021-11-04 15:31:00,PLTK
21.4716,21.485,21.47,21.48,2700,2021-11-04 15:32:00,PLTK
21.48,21.5,21.47,21.48,3297,2021-11-04 15:33:00,PLTK
21.48,21.48,21.38,21.38,3510,2021-11-04 15:34:00,PLTK
21.39,21.4,21.355,21.36,12568,2021-11-04 15:35:00,PLTK
21.3699,21.37,21.32,21.3575,7261,2021-11-04 15:36:00,PLTK
21.33,21.36,21.31,21.34,6580,2021-11-04 15:37:00,PLTK
21.36,21.36,21.3246,21.335,3150,2021-11-04 15:38:00,PLTK
21.33,21.34,21.33,21.34,4070,2021-11-04 15:39:00,PLTK
21.33,21.335,21.305,21.305,2151,2021-11-04 15:40:00,PLTK
21.305,21.31,21.3,21.3,2100,2021-11-04 15:41:00,PLTK
21.3,21.31,21.26,21.28,7136,2021-11-04 15:42:00,PLTK
21.2581,21.2581,21.215,21.235,4554,2021-11-04 15:43:00,PLTK
21.25,21.25,21.23,21.24,1981,2021-11-04 15:44:00,PLTK
21.24,21.3,21.24,21.3,2300,2021-11-04 15:45:00,PLTK
21.28,21.28,21.25,21.25,1055,2021-11-04 15:46:00,PLTK
21.25,21.28,21.24,21.27,3709,2021-11-04 15:47:00,PLTK
21.31,21.31,21.28,21.28,1100,2021-11-04 15:48:00,PLTK
21.28,21.295,21.27,21.27,5329,2021-11-04 15:49:00,PLTK
21.275,21.275,21.24,21.24,3177,2021-11-04 15:50:00,PLTK
21.245,21.26,21.245,21.25,2839,2021-11-04 15:51:00,PLTK
21.255,21.26,21.25,21.25,900,2021-11-04 15:52:00,PLTK
21.255,21.255,21.245,21.245,1523,2021-11-04 15:53:00,PLTK
21.245,21.26,21.245,21.255,4420,2021-11-04 15:54:00,PLTK
21.255,21.26,21.24,21.2401,3089,2021-11-04 15:55:00,PLTK
21.24,21.25,21.22,21.25,9633,2021-11-04 15:56:00,PLTK
21.26,21.33,21.26,21.33,4465,2021-11-04 15:57:00,PLTK
21.345,21.345,21.29,21.32,14600,2021-11-04 15:58:00,PLTK
21.31,21.31,21.26,21.27,2301,2021-11-04 15:59:00,PLTK
21.28,21.29,21.27,21.28,3890,2021-11-04 16:00:00,PLTK
21.28,21.28,21.28,21.28,1300,2021-11-04 16:01:00,PLTK
21.285,21.29,21.28,21.29,902,2021-11-04 16:02:00,PLTK
21.285,21.29,21.25,21.28,11055,2021-11-04 16:03:00,PLTK
21.285,21.29,21.28,21.285,1700,2021-11-04 16:04:00,PLTK
21.285,21.285,21.28,21.28,5762,2021-11-04 16:05:00,PLTK
21.285,21.29,21.285,21.285,1100,2021-11-04 16:06:00,PLTK
21.285,21.31,21.285,21.305,4239,2021-11-04 16:07:00,PLTK
21.31,21.33,21.3,21.31,6185,2021-11-04 16:08:00,PLTK
21.3,21.3,21.285,21.285,2118,2021-11-04 16:09:00,PLTK
21.285,21.285,21.285,21.285,500,2021-11-04 16:10:00,PLTK
21.285,21.2967,21.285,21.295,3500,2021-11-04 16:11:00,PLTK
21.295,21.308,21.295,21.305,3618,2021-11-04 16:12:00,PLTK
21.305,21.355,21.29,21.355,12322,2021-11-04 16:13:00,PLTK
21.355,21.355,21.35,21.3506,2000,2021-11-04 16:14:00,PLTK
21.35,21.43,21.35,21.4,17763,2021-11-04 16:15:00,PLTK
21.405,21.55,21.405,21.515,24339,2021-11-04 16:16:00,PLTK
21.5,21.62,21.5,21.6,15204,2021-11-04 16:17:00,PLTK
21.6,21.6,21.51,21.525,6309,2021-11-04 16:18:00,PLTK
21.525,21.58,21.525,21.565,2345,2021-11-04 16:19:00,PLTK
21.565,21.58,21.54,21.555,6403,2021-11-04 16:20:00,PLTK
21.555,21.555,21.4702,21.4702,3158,2021-11-04 16:21:00,PLTK
21.475,21.505,21.475,21.5,3074,2021-11-04 16:22:00,PLTK
21.51,21.52,21.49,21.52,2805,2021-11-04 16:23:00,PLTK
21.5,21.5,21.5,21.5,600,2021-11-04 16:24:00,PLTK
21.5042,21.53,21.49,21.495,7315,2021-11-04 16:25:00,PLTK
21.5,21.51,21.495,21.495,900,2021-11-04 16:26:00,PLTK
21.495,21.495,21.495,21.495,200,2021-11-04 16:27:00,PLTK
21.495,21.62,21.45,21.53,20431,2021-11-04 16:28:00,PLTK
21.535,21.55,21.5307,21.545,2889,2021-11-04 16:29:00,PLTK
21.54,21.54,21.532,21.535,1400,2021-11-04 16:30:00,PLTK
21.525,21.525,21.48,21.49,4407,2021-11-04 16:31:00,PLTK
21.49,21.51,21.49,21.51,1602,2021-11-04 16:32:00,PLTK
21.51,21.51,21.51,21.51,500,2021-11-04 16:33:00,PLTK
21.51,21.57,21.51,21.57,6600,2021-11-04 16:34:00,PLTK
21.56,21.6129,21.56,21.6129,5834,2021-11-04 16:35:00,PLTK
21.59,21.62,21.58,21.605,4695,2021-11-04 16:36:00,PLTK
21.6,21.605,21.57,21.59,3800,2021-11-04 16:37:00,PLTK
21.585,21.65,21.585,21.63,5779,2021-11-04 16:39:00,PLTK
21.63,21.66,21.62,21.655,4300,2021-11-04 16:40:00,PLTK
21.64,21.67,21.64,21.66,3899,2021-11-04 16:41:00,PLTK
21.66,21.7,21.66,21.7,6945,2021-11-04 16:42:00,PLTK
21.73,21.73,21.7,21.7,1797,2021-11-04 16:43:00,PLTK
21.69,21.76,21.67,21.74,3910,2021-11-04 16:44:00,PLTK
21.76,21.76,21.73,21.7538,2119,2021-11-04 16:45:00,PLTK
21.74,21.745,21.72,21.73,1892,2021-11-04 16:46:00,PLTK
21.715,21.73,21.71,21.71,2200,2021-11-04 16:47:00,PLTK
21.73,21.74,21.71,21.74,3458,2021-11-04 16:48:00,PLTK
21.75,21.7684,21.74,21.74,5900,2021-11-04 16:49:00,PLTK
21.75,21.75,21.74,21.74,1200,2021-11-04 16:50:00,PLTK
21.75,21.77,21.74,21.77,5430,2021-11-04 16:51:00,PLTK
21.77,21.77,21.76,21.76,1400,2021-11-04 16:52:00,PLTK
21.76,21.76,21.71,21.75,4782,2021-11-04 16:53:00,PLTK
21.745,21.75,21.745,21.745,800,2021-11-04 16:54:00,PLTK
21.75,21.75,21.7,21.7,6875,2021-11-04 16:55:00,PLTK
21.7,21.71,21.68,21.695,4127,2021-11-04 16:56:00,PLTK
21.695,21.71,21.695,21.71,1700,2021-11-04 16:57:00,PLTK
21.705,21.8,21.705,21.7928,7517,2021-11-04 16:58:00,PLTK
21.78,21.78,21.76,21.7799,1800,2021-11-04 16:59:00,PLTK
21.78,21.78,21.76,21.76,1480,2021-11-04 17:00:00,PLTK
21.76,21.77,21.76,21.76,800,2021-11-04 17:01:00,PLTK
21.77,21.77,21.75,21.7658,1337,2021-11-04 17:02:00,PLTK
21.77,21.79,21.77,21.77,6612,2021-11-04 17:03:00,PLTK
21.775,21.8,21.775,21.795,2120,2021-11-04 17:04:00,PLTK
21.795,21.81,21.795,21.805,3767,2021-11-04 17:05:00,PLTK
21.805,21.81,21.785,21.8,2639,2021-11-04 17:06:00,PLTK
21.8,21.8,21.79,21.79,1300,2021-11-04 17:07:00,PLTK
21.79,21.8,21.7801,21.8,1100,2021-11-04 17:08:00,PLTK
21.8,21.85,21.79,21.85,5712,2021-11-04 17:09:00,PLTK
21.835,21.86,21.835,21.86,2779,2021-11-04 17:10:00,PLTK
21.87,21.87,21.86,21.865,1600,2021-11-04 17:11:00,PLTK
21.865,21.87,21.8601,21.865,1353,2021-11-04 17:12:00,PLTK
21.865,21.87,21.85,21.855,2200,2021-11-04 17:13:00,PLTK
21.855,21.86,21.84,21.85,2037,2021-11-04 17:14:00,PLTK
21.845,21.85,21.845,21.85,700,2021-11-04 17:15:00,PLTK
21.845,21.845,21.79,21.8,1300,2021-11-04 17:16:00,PLTK
21.79,21.82,21.765,21.82,11639,2021-11-04 17:17:00,PLTK
21.825,21.86,21.825,21.86,2150,2021-11-04 17:18:00,PLTK
21.86,21.97,21.86,21.94,26562,2021-11-04 17:19:00,PLTK
21.94,21.945,21.94,21.945,1400,2021-11-04 17:20:00,PLTK
21.945,21.95,21.925,21.94,6038,2021-11-04 17:21:00,PLTK
21.94,21.97,21.94,21.97,3752,2021-11-04 17:22:00,PLTK
21.97,22.02,21.97,22.02,8956,2021-11-04 17:23:00,PLTK
22.02,22.02,21.99,21.99,3800,2021-11-04 17:24:00,PLTK
21.99,22.0,21.99,21.99,2600,2021-11-04 17:25:00,PLTK
21.99,21.99,21.94,21.955,2677,2021-11-04 17:26:00,PLTK
21.945,21.95,21.94,21.94,2823,2021-11-04 17:27:00,PLTK
21.9363,21.9363,21.905,21.905,2156,2021-11-04 17:28:00,PLTK
21.905,21.92,21.905,21.905,4331,2021-11-04 17:29:00,PLTK
21.905,21.93,21.905,21.93,3533,2021-11-04 17:30:00,PLTK
21.92,21.93,21.92,21.93,876,2021-11-04 17:31:00,PLTK
21.93,21.93,21.92,21.92,750,2021-11-04 17:32:00,PLTK
21.915,21.92,21.91,21.915,3859,2021-11-04 17:33:00,PLTK
21.93,21.96,21.93,21.96,2500,2021-11-04 17:34:00,PLTK
21.95,21.98,21.95,21.98,2866,2021-11-04 17:35:00,PLTK
21.985,22.005,21.985,21.99,2495,2021-11-04 17:36:00,PLTK
21.99,22.02,21.99,22.0098,2507,2021-11-04 17:37:00,PLTK
22.02,22.02,22.01,22.02,1500,2021-11-04 17:38:00,PLTK
22.02,22.02,22.0035,22.01,2095,2021-11-04 17:39:00,PLTK
22.01,22.03,22.01,22.02,3080,2021-11-04 17:40:00,PLTK
22.02,22.02,22.01,22.02,1994,2021-11-04 17:41:00,PLTK
22.01,22.015,22.005,22.015,2811,2021-11-04 17:42:00,PLTK
22.02,22.03,22.015,22.03,1900,2021-11-04 17:43:00,PLTK
22.03,22.03,22.025,22.03,400,2021-11-04 17:44:00,PLTK
22.03,22.03,22.01,22.02,2260,2021-11-04 17:45:00,PLTK
22.01,22.02,22.01,22.02,2000,2021-11-04 17:46:00,PLTK
22.015,22.03,22.012,22.03,3093,2021-11-04 17:47:00,PLTK
22.04,22.09,22.03,22.09,2123,2021-11-04 17:48:00,PLTK
22.09,22.09,22.05,22.06,4456,2021-11-04 17:49:00,PLTK
22.0358,22.04,21.91,21.95,15036,2021-11-04 17:50:00,PLTK
21.94,21.94,21.915,21.915,1886,2021-11-04 17:51:00,PLTK
21.915,21.915,21.915,21.915,800,2021-11-04 17:52:00,PLTK
21.915,21.92,21.915,21.915,1400,2021-11-04 17:53:00,PLTK
21.915,21.915,21.86,21.865,11887,2021-11-04 17:54:00,PLTK
21.865,21.865,21.775,21.795,7692,2021-11-04 17:55:00,PLTK
21.79,21.8,21.79,21.795,1720,2021-11-04 17:56:00,PLTK
21.79,21.79,21.77,21.7875,6195,2021-11-04 17:57:00,PLTK
21.765,21.77,21.765,21.77,1600,2021-11-04 17:58:00,PLTK
21.765,21.77,21.765,21.765,1400,2021-11-04 17:59:00,PLTK
21.765,21.77,21.76,21.765,4815,2021-11-04 18:00:00,PLTK
21.765,21.77,21.74,21.75,3050,2021-11-04 18:01:00,PLTK
21.745,21.75,21.74,21.745,2409,2021-11-04 18:02:00,PLTK
21.745,21.75,21.74,21.745,3731,2021-11-04 18:03:00,PLTK
21.74,21.74,21.705,21.705,2174,2021-11-04 18:04:00,PLTK
21.705,21.7299,21.705,21.7299,12509,2021-11-04 18:05:00,PLTK
21.725,21.725,21.7,21.71,2400,2021-11-04 18:06:00,PLTK
21.71,21.725,21.705,21.725,3601,2021-11-04 18:07:00,PLTK
21.73,21.73,21.73,21.73,100,2021-11-04 18:08:00,PLTK
21.74,21.74,21.73,21.735,2200,2021-11-04 18:09:00,PLTK
21.74,21.78,21.7322,21.78,5045,2021-11-04 18:10:00,PLTK
21.77,21.78,21.73,21.73,4721,2021-11-04 18:11:00,PLTK
21.725,21.73,21.725,21.73,600,2021-11-04 18:12:00,PLTK
21.73,21.76,21.725,21.75,5160,2021-11-04 18:13:00,PLTK
21.76,21.76,21.755,21.7575,2017,2021-11-04 18:14:00,PLTK
21.77,21.77,21.77,21.77,700,2021-11-04 18:15:00,PLTK
21.765,21.765,21.735,21.735,3831,2021-11-04 18:16:00,PLTK
21.735,21.78,21.735,21.78,3312,2021-11-04 18:17:00,PLTK
21.78,21.84,21.765,21.84,2270,2021-11-04 18:18:00,PLTK
21.84,21.84,21.81,21.81,1311,2021-11-04 18:19:00,PLTK
21.81,21.82,21.805,21.82,1000,2021-11-04 18:20:00,PLTK
21.81,21.81,21.8,21.81,3254,2021-11-04 18:21:00,PLTK
21.81,21.82,21.805,21.82,2592,2021-11-04 18:22:00,PLTK
21.82,21.84,21.82,21.84,2500,2021-11-04 18:23:00,PLTK
21.83,21.84,21.83,21.835,700,2021-11-04 18:24:00,PLTK
21.84,21.88,21.84,21.88,6559,2021-11-04 18:25:00,PLTK
21.89,21.9,21.88,21.895,2805,2021-11-04 18:26:00,PLTK
21.895,21.92,21.895,21.9,5112,2021-11-04 18:27:00,PLTK
21.915,21.94,21.91,21.93,4991,2021-11-04 18:28:00,PLTK
21.93,21.93,21.895,21.9,4165,2021-11-04 18:29:00,PLTK
21.9,21.96,21.9,21.945,4701,2021-11-04 18:30:00,PLTK
21.96,21.96,21.945,21.96,2000,2021-11-04 18:31:00,PLTK
21.96,21.96,21.94,21.95,3838,2021-11-04 18:32:00,PLTK
21.95,22.03,21.95,22.015,11426,2021-11-04 18:33:00,PLTK
22.01,22.07,22.01,22.07,2947,2021-11-04 18:34:00,PLTK
22.07,22.08,22.04,22.08,1758,2021-11-04 18:35:00,PLTK
22.08,22.1471,22.075,22.1471,2849,2021-11-04 18:36:00,PLTK
22.15,22.16,22.13,22.16,4175,2021-11-04 18:37:00,PLTK
22.16,22.16,22.13,22.135,3541,2021-11-04 18:38:00,PLTK
22.14,22.16,22.135,22.16,4040,2021-11-04 18:39:00,PLTK
22.16,22.22,22.16,22.215,8168,2021-11-04 18:40:00,PLTK
22.22,22.31,22.215,22.31,7187,2021-11-04 18:41:00,PLTK
22.29,22.31,22.28,22.2925,3339,2021-11-04 18:42:00,PLTK
22.285,22.3,22.27,22.285,3927,2021-11-04 18:43:00,PLTK
22.29,22.3,22.275,22.275,2499,2021-11-04 18:44:00,PLTK
22.26,22.3,22.26,22.29,7581,2021-11-04 18:45:00,PLTK
22.29,22.4,22.29,22.365,10079,2021-11-04 18:46:00,PLTK
22.365,22.38,22.365,22.375,3177,2021-11-04 18:47:00,PLTK
22.38,22.5,22.38,22.5,11439,2021-11-04 18:48:00,PLTK
22.4932,22.6,22.4932,22.53,12363,2021-11-04 18:49:00,PLTK
22.515,22.53,22.37,22.37,14192,2021-11-04 18:50:00,PLTK
22.38,22.38,22.33,22.365,8802,2021-11-04 18:51:00,PLTK
22.38,22.415,22.37,22.415,5039,2021-11-04 18:52:00,PLTK
22.41,22.5,22.41,22.49,18261,2021-11-04 18:53:00,PLTK
22.46,22.49,22.46,22.475,4664,2021-11-04 18:54:00,PLTK
22.475,22.475,22.38,22.4207,10463,2021-11-04 18:55:00,PLTK
22.435,22.47,22.435,22.47,3757,2021-11-04 18:56:00,PLTK
22.475,22.56,22.47,22.55,12022,2021-11-04 18:57:00,PLTK
22.56,22.56,22.52,22.53,7100,2021-11-04 18:58:00,PLTK
22.54,22.55,22.53,22.55,10662,2021-11-04 18:59:00,PLTK
22.55,22.58,22.545,22.58,6558,2021-11-04 19:00:00,PLTK
22.575,22.575,22.53,22.5301,12751,2021-11-04 19:01:00,PLTK
22.535,22.54,22.425,22.445,6311,2021-11-04 19:02:00,PLTK
22.445,22.47,22.41,22.47,5166,2021-11-04 19:03:00,PLTK
22.48,22.51,22.46,22.51,64801,2021-11-04 19:04:00,PLTK
22.505,22.55,22.495,22.54,11176,2021-11-04 19:05:00,PLTK
22.55,22.59,22.54,22.58,5189,2021-11-04 19:06:00,PLTK
22.57,22.58,22.51,22.51,4464,2021-11-04 19:07:00,PLTK
22.52,22.52,22.51,22.51,2212,2021-11-04 19:08:00,PLTK
22.51,22.59,22.5,22.59,12888,2021-11-04 19:09:00,PLTK
22.585,22.63,22.585,22.61,11059,2021-11-04 19:10:00,PLTK
22.605,22.61,22.6,22.61,2213,2021-11-04 19:11:00,PLTK
22.61,22.62,22.54,22.5625,12122,2021-11-04 19:12:00,PLTK
22.555,22.57,22.555,22.57,2754,2021-11-04 19:13:00,PLTK
22.56,22.62,22.56,22.615,10064,2021-11-04 19:14:00,PLTK
22.62,22.62,22.56,22.56,5765,2021-11-04 19:15:00,PLTK
22.55,22.56,22.51,22.515,6472,2021-11-04 19:16:00,PLTK
22.515,22.57,22.51,22.56,10177,2021-11-04 19:17:00,PLTK
22.565,22.58,22.56,22.58,10656,2021-11-04 19:18:00,PLTK
22.58,22.64,22.58,22.635,9260,2021-11-04 19:19:00,PLTK
22.64,22.65,22.63,22.64,8351,2021-11-04 19:20:00,PLTK
22.64,22.65,22.61,22.62,14805,2021-11-04 19:21:00,PLTK
22.61,22.65,22.61,22.65,4693,2021-11-04 19:22:00,PLTK
22.645,22.75,22.645,22.69,18708,2021-11-04 19:23:00,PLTK
22.685,22.76,22.685,22.7525,13111,2021-11-04 19:24:00,PLTK
22.745,22.75,22.73,22.74,3000,2021-11-04 19:25:00,PLTK
22.735,22.74,22.73,22.74,3000,2021-11-04 19:26:00,PLTK
22.74,22.74,22.73,22.73,3436,2021-11-04 19:27:00,PLTK
22.74,22.74,22.73,22.73,10724,2021-11-04 19:28:00,PLTK
22.73,22.78,22.73,22.735,39367,2021-11-04 19:29:00,PLTK
22.735,22.74,22.56,22.58,17221,2021-11-04 19:30:00,PLTK
22.575,22.62,22.56,22.575,8069,2021-11-04 19:31:00,PLTK
22.575,22.59,22.51,22.52,10138,2021-11-04 19:32:00,PLTK
22.53,22.53,22.4902,22.5,5160,2021-11-04 19:33:00,PLTK
22.5,22.55,22.495,22.54,13521,2021-11-04 19:34:00,PLTK
22.55,22.55,22.52,22.52,5079,2021-11-04 19:35:00,PLTK
22.535,22.55,22.46,22.485,23606,2021-11-04 19:36:00,PLTK
22.49,22.53,22.48,22.51,10958,2021-11-04 19:37:00,PLTK
22.53,22.53,22.4606,22.465,6504,2021-11-04 19:38:00,PLTK
22.465,22.47,22.37,22.37,16239,2021-11-04 19:39:00,PLTK
22.37,22.44,22.33,22.33,9138,2021-11-04 19:40:00,PLTK
22.35,22.35,22.26,22.265,44069,2021-11-04 19:41:00,PLTK
22.265,22.27,22.21,22.215,7389,2021-11-04 19:42:00,PLTK
22.215,22.22,22.18,22.195,20436,2021-11-04 19:43:00,PLTK
22.19,22.29,22.19,22.29,9754,2021-11-04 19:44:00,PLTK
22.29,22.37,22.26,22.355,11279,2021-11-04 19:45:00,PLTK
22.37,22.41,22.35,22.39,9919,2021-11-04 19:46:00,PLTK
22.39,22.41,22.37,22.38,9862,2021-11-04 19:47:00,PLTK
22.38,22.43,22.375,22.42,10391,2021-11-04 19:48:00,PLTK
22.425,22.48,22.42,22.48,11682,2021-11-04 19:49:00,PLTK
22.47,22.555,22.47,22.55,16820,2021-11-04 19:50:00,PLTK
22.55,22.56,22.54,22.55,10441,2021-11-04 19:51:00,PLTK
22.55,22.58,22.535,22.535,16676,2021-11-04 19:52:00,PLTK
22.535,22.54,22.51,22.54,21730,2021-11-04 19:53:00,PLTK
22.53,22.57,22.51,22.555,14969,2021-11-04 19:54:00,PLTK
22.55,22.58,22.55,22.58,17258,2021-11-04 19:55:00,PLTK
22.575,22.6,22.57,22.595,20063,2021-11-04 19:56:00,PLTK
22.6,22.61,22.59,22.6,28558,2021-11-04 19:57:00,PLTK
22.61,22.65,22.6,22.65,29758,2021-11-04 19:58:00,PLTK
22.65,22.66,22.59,22.6,60157,2021-11-04 19:59:00,PLTK
22.58,22.58,22.58,22.58,73264,2021-11-04 20:00:00,PLTK
22.56,22.56,22.56,22.56,100,2021-11-04 20:13:00,PLTK
22.56,22.56,22.56,22.56,200,2021-11-04 20:19:00,PLTK
22.57,22.57,22.57,22.57,293,2021-11-04 20:32:00,PLTK
22.5,22.5,22.5,22.5,100,2021-11-04 21:46:00,PLTK
22.26,22.26,22.26,22.26,161,2021-11-04 21:55:00,PLTK
22.3,22.3,22.3,22.3,177,2021-11-04 23:44:00,PLTK
22.3,22.3,22.3,22.3,233,2021-11-05 09:57:00,PLTK
22.51,22.51,22.51,22.51,2111,2021-11-05 13:02:00,PLTK
22.29,22.29,22.29,22.29,830,2021-11-05 13:10:00,PLTK
22.64,22.655,22.53,22.5301,18187,2021-11-05 13:30:00,PLTK
22.6,22.615,22.42,22.42,3226,2021-11-05 13:31:00,PLTK
22.37,22.38,22.2,22.27,3868,2021-11-05 13:32:00,PLTK
22.21,22.25,22.21,22.25,2900,2021-11-05 13:33:00,PLTK
22.25,22.35,22.25,22.35,8936,2021-11-05 13:34:00,PLTK
22.35,22.41,22.34,22.365,4117,2021-11-05 13:35:00,PLTK
22.41,22.41,22.37,22.37,899,2021-11-05 13:36:00,PLTK
22.37,22.5,22.37,22.5,6666,2021-11-05 13:37:00,PLTK
22.5,22.57,22.465,22.51,3067,2021-11-05 13:38:00,PLTK
22.51,22.55,22.49,22.49,6065,2021-11-05 13:39:00,PLTK
22.43,22.53,22.4,22.53,4326,2021-11-05 13:40:00,PLTK
22.55,22.59,22.45,22.47,20775,2021-11-05 13:41:00,PLTK
22.5,22.52,22.46,22.5,6887,2021-11-05 13:42:00,PLTK
22.51,22.7,22.51,22.61,6778,2021-11-05 13:43:00,PLTK
22.65,22.7,22.64,22.7,1381,2021-11-05 13:44:00,PLTK
22.69,22.75,22.65,22.7,3784,2021-11-05 13:45:00,PLTK
22.76,22.76,22.63,22.63,1748,2021-11-05 13:46:00,PLTK
22.615,22.63,22.5,22.545,6289,2021-11-05 13:47:00,PLTK
22.5,22.57,22.5,22.565,5065,2021-11-05 13:48:00,PLTK
22.57,22.6,22.495,22.6,5513,2021-11-05 13:49:00,PLTK
22.6087,22.6087,22.56,22.56,2346,2021-11-05 13:50:00,PLTK
22.53,22.61,22.53,22.57,2630,2021-11-05 13:51:00,PLTK
22.62,22.69,22.62,22.69,1400,2021-11-05 13:52:00,PLTK
22.7,22.85,22.7,22.78,3370,2021-11-05 13:53:00,PLTK
22.78,22.78,22.73,22.73,1090,2021-11-05 13:54:00,PLTK
22.77,22.81,22.77,22.79,2086,2021-11-05 13:55:00,PLTK
22.79,22.79,22.7,22.7228,1209,2021-11-05 13:56:00,PLTK
22.7,22.73,22.66,22.66,967,2021-11-05 13:57:00,PLTK
22.65,22.73,22.64,22.73,4480,2021-11-05 13:58:00,PLTK
22.74,22.85,22.7355,22.81,4281,2021-11-05 13:59:00,PLTK
22.84,22.84,22.77,22.79,1600,2021-11-05 14:00:00,PLTK
22.81,22.81,22.74,22.76,3500,2021-11-05 14:01:00,PLTK
22.76,22.76,22.72,22.73,1964,2021-11-05 14:02:00,PLTK
22.73,22.735,22.71,22.71,3552,2021-11-05 14:03:00,PLTK
22.71,22.73,22.665,22.68,3764,2021-11-05 14:04:00,PLTK
22.7,22.72,22.69,22.71,3900,2021-11-05 14:05:00,PLTK
22.715,22.72,22.69,22.7,4145,2021-11-05 14:06:00,PLTK
22.73,22.791,22.73,22.791,9889,2021-11-05 14:07:00,PLTK
22.79,22.79,22.77,22.77,1870,2021-11-05 14:08:00,PLTK
22.75,22.76,22.73,22.73,1910,2021-11-05 14:09:00,PLTK
22.74,22.8152,22.74,22.8152,6926,2021-11-05 14:10:00,PLTK
22.83,22.884,22.82,22.87,5218,2021-11-05 14:11:00,PLTK
22.85,22.85,22.84,22.85,1160,2021-11-05 14:12:00,PLTK
22.85,22.87,22.84,22.84,1245,2021-11-05 14:13:00,PLTK
22.85,22.865,22.81,22.82,3008,2021-11-05 14:14:00,PLTK
22.82,22.82,22.79,22.82,1825,2021-11-05 14:15:00,PLTK
22.82,22.86,22.79,22.84,507,2021-11-05 14:16:00,PLTK
22.88,22.89,22.86,22.885,1130,2021-11-05 14:17:00,PLTK
22.9,22.93,22.885,22.929,4703,2021-11-05 14:18:00,PLTK
22.95,22.95,22.89,22.93,5015,2021-11-05 14:19:00,PLTK
22.91,22.97,22.9,22.96,5638,2021-11-05 14:20:00,PLTK
22.97,22.97,22.955,22.955,200,2021-11-05 14:21:00,PLTK
22.98,23.02,22.97,23.02,7675,2021-11-05 14:22:00,PLTK
23.039,23.0538,23.035,23.0538,1130,2021-11-05 14:23:00,PLTK
23.05,23.11,23.05,23.11,2300,2021-11-05 14:24:00,PLTK
23.12,23.12,23.01,23.09,6435,2021-11-05 14:25:00,PLTK
23.07,23.13,23.07,23.12,2254,2021-11-05 14:26:00,PLTK
23.14,23.15,23.1,23.12,8885,2021-11-05 14:27:00,PLTK
23.12,23.14,23.12,23.14,1954,2021-11-05 14:28:00,PLTK
23.16,23.1855,23.12,23.18,2497,2021-11-05 14:29:00,PLTK
23.14,23.32,23.14,23.32,11453,2021-11-05 14:30:00,PLTK
23.32,23.38,23.3,23.38,8642,2021-11-05 14:31:00,PLTK
23.35,23.35,23.23,23.24,8301,2021-11-05 14:32:00,PLTK
23.24,23.31,23.24,23.31,3232,2021-11-05 14:33:00,PLTK
23.3209,23.355,23.3209,23.3307,1700,2021-11-05 14:34:00,PLTK
23.3576,23.38,23.35,23.38,880,2021-11-05 14:35:00,PLTK
23.38,23.46,23.36,23.44,20756,2021-11-05 14:36:00,PLTK
23.43,23.44,23.38,23.43,5504,2021-11-05 14:37:00,PLTK
23.43,23.48,23.41,23.47,12950,2021-11-05 14:38:00,PLTK
23.49,23.5,23.46,23.5,15161,2021-11-05 14:39:00,PLTK
23.48,23.55,23.44,23.54,7458,2021-11-05 14:40:00,PLTK
23.54,23.56,23.485,23.485,6390,2021-11-05 14:41:00,PLTK
23.485,23.54,23.46,23.54,2912,2021-11-05 14:42:00,PLTK
23.53,23.53,23.495,23.52,3040,2021-11-05 14:43:00,PLTK
23.52,23.59,23.52,23.58,20056,2021-11-05 14:44:00,PLTK
23.59,23.59,23.5301,23.545,7337,2021-11-05 14:45:00,PLTK
23.55,23.56,23.539,23.545,1100,2021-11-05 14:46:00,PLTK
23.545,23.59,23.545,23.57,2500,2021-11-05 14:47:00,PLTK
23.5562,23.65,23.5562,23.65,4743,2021-11-05 14:48:00,PLTK
23.65,23.68,23.63,23.655,2550,2021-11-05 14:49:00,PLTK
23.655,23.68,23.63,23.65,8934,2021-11-05 14:50:00,PLTK
23.65,23.65,23.61,23.615,4942,2021-11-05 14:51:00,PLTK
23.6,23.615,23.52,23.53,6855,2021-11-05 14:52:00,PLTK
23.54,23.56,23.54,23.54,2081,2021-11-05 14:53:00,PLTK
23.54,23.59,23.525,23.59,7690,2021-11-05 14:54:00,PLTK
23.6,23.65,23.59,23.65,8345,2021-11-05 14:55:00,PLTK
23.63,23.64,23.52,23.58,7040,2021-11-05 14:56:00,PLTK
23.55,23.55,23.45,23.47,34257,2021-11-05 14:57:00,PLTK
23.47,23.58,23.47,23.53,23294,2021-11-05 14:58:00,PLTK
23.52,23.52,23.52,23.52,1110,2021-11-05 14:59:00,PLTK
23.52,23.54,23.5,23.51,4524,2021-11-05 15:00:00,PLTK
23.54,23.55,23.535,23.545,1330,2021-11-05 15:01:00,PLTK
23.55,23.69,23.535,23.68,19156,2021-11-05 15:02:00,PLTK
23.68,23.73,23.66,23.66,3920,2021-11-05 15:03:00,PLTK
23.675,23.675,23.65,23.67,3040,2021-11-05 15:04:00,PLTK
23.65,23.69,23.65,23.69,1850,2021-11-05 15:05:00,PLTK
23.6501,23.7,23.6501,23.67,6995,2021-11-05 15:06:00,PLTK
23.675,23.68,23.6235,23.6235,3937,2021-11-05 15:07:00,PLTK
23.62,23.64,23.52,23.54,14341,2021-11-05 15:08:00,PLTK
23.53,23.555,23.39,23.41,11677,2021-11-05 15:09:00,PLTK
23.41,23.41,23.365,23.38,5386,2021-11-05 15:10:00,PLTK
23.36,23.36,23.23,23.23,4006,2021-11-05 15:11:00,PLTK
23.225,23.225,23.14,23.16,1554,2021-11-05 15:12:00,PLTK
23.18,23.21,23.175,23.21,6031,2021-11-05 15:13:00,PLTK
23.195,23.24,23.18,23.24,7134,2021-11-05 15:14:00,PLTK
23.24,23.26,23.22,23.24,1745,2021-11-05 15:15:00,PLTK
23.24,23.28,23.24,23.28,1600,2021-11-05 15:16:00,PLTK
23.28,23.29,23.23,23.26,9504,2021-11-05 15:17:00,PLTK
23.25,23.35,23.25,23.35,3558,2021-11-05 15:18:00,PLTK
23.359,23.39,23.32,23.34,4032,2021-11-05 15:19:00,PLTK
23.34,23.405,23.335,23.39,1100,2021-11-05 15:20:00,PLTK
23.39,23.39,23.34,23.37,3550,2021-11-05 15:21:00,PLTK
23.35,23.4,23.35,23.38,1700,2021-11-05 15:22:00,PLTK
23.38,23.4,23.36,23.4,3866,2021-11-05 15:23:00,PLTK
23.41,23.44,23.37,23.39,6586,2021-11-05 15:24:00,PLTK
23.39,23.42,23.39,23.42,1100,2021-11-05 15:25:00,PLTK
23.43,23.445,23.43,23.445,800,2021-11-05 15:26:00,PLTK
23.43,23.5,23.43,23.495,2119,2021-11-05 15:27:00,PLTK
23.48,23.575,23.48,23.575,8502,2021-11-05 15:28:00,PLTK
23.59,23.6,23.54,23.54,7464,2021-11-05 15:29:00,PLTK
23.555,23.56,23.51,23.515,2927,2021-11-05 15:30:00,PLTK
23.53,23.54,23.51,23.51,2464,2021-11-05 15:31:00,PLTK
23.525,23.57,23.525,23.57,1881,2021-11-05 15:32:00,PLTK
23.6,23.6,23.545,23.56,3308,2021-11-05 15:33:00,PLTK
23.59,23.59,23.56,23.56,2212,2021-11-05 15:34:00,PLTK
23.55,23.55,23.52,23.52,1800,2021-11-05 15:35:00,PLTK
23.5,23.515,23.47,23.47,1600,2021-11-05 15:36:00,PLTK
23.465,23.495,23.465,23.485,3155,2021-11-05 15:37:00,PLTK
23.485,23.485,23.47,23.47,700,2021-11-05 15:38:00,PLTK
23.46,23.485,23.45,23.485,1941,2021-11-05 15:39:00,PLTK
23.47,23.47,23.4407,23.455,1300,2021-11-05 15:40:00,PLTK
23.455,23.455,23.43,23.44,2119,2021-11-05 15:41:00,PLTK
23.44,23.455,23.43,23.45,1400,2021-11-05 15:42:00,PLTK
23.44,23.459,23.44,23.445,1000,2021-11-05 15:43:00,PLTK
23.46,23.549,23.46,23.549,4636,2021-11-05 15:44:00,PLTK
23.55,23.58,23.55,23.58,2418,2021-11-05 15:45:00,PLTK
23.57,23.62,23.54,23.62,4968,2021-11-05 15:46:00,PLTK
23.61,23.66,23.605,23.66,2879,2021-11-05 15:47:00,PLTK
23.665,23.69,23.64,23.66,4310,2021-11-05 15:48:00,PLTK
23.68,23.7,23.67,23.685,2218,2021-11-05 15:49:00,PLTK
23.67,23.685,23.65,23.67,3310,2021-11-05 15:50:00,PLTK
23.67,23.67,23.65,23.655,2000,2021-11-05 15:51:00,PLTK
23.655,23.66,23.62,23.62,4179,2021-11-05 15:52:00,PLTK
23.62,23.64,23.6,23.6,400,2021-11-05 15:53:00,PLTK
23.62,23.64,23.62,23.62,500,2021-11-05 15:54:00,PLTK
23.62,23.64,23.6,23.64,5835,2021-11-05 15:55:00,PLTK
23.64,23.6469,23.64,23.6469,200,2021-11-05 15:56:00,PLTK
23.64,23.7,23.64,23.6925,4307,2021-11-05 15:57:00,PLTK
23.685,23.69,23.685,23.69,550,2021-11-05 15:58:00,PLTK
23.695,23.699,23.635,23.635,7461,2021-11-05 15:59:00,PLTK
23.65,23.65,23.635,23.645,1000,2021-11-05 16:00:00,PLTK
23.645,23.65,23.63,23.65,3200,2021-11-05 16:01:00,PLTK
23.65,23.73,23.64,23.73,5389,2021-11-05 16:02:00,PLTK
23.73,23.74,23.71,23.74,2654,2021-11-05 16:03:00,PLTK
23.74,23.755,23.73,23.755,3870,2021-11-05 16:04:00,PLTK
23.76,23.76,23.75,23.76,1150,2021-11-05 16:05:00,PLTK
23.77,23.77,23.74,23.74,3700,2021-11-05 16:06:00,PLTK
23.74,23.75,23.74,23.75,1388,2021-11-05 16:07:00,PLTK
23.75,23.75,23.7,23.7025,6003,2021-11-05 16:08:00,PLTK
23.71,23.72,23.71,23.72,1947,2021-11-05 16:09:00,PLTK
23.72,23.75,23.71,23.75,5461,2021-11-05 16:10:00,PLTK
23.75,23.75,23.7301,23.745,600,2021-11-05 16:11:00,PLTK
23.755,23.77,23.735,23.735,5902,2021-11-05 16:12:00,PLTK
23.73,23.74,23.695,23.695,2644,2021-11-05 16:13:00,PLTK
23.7,23.72,23.69,23.72,5219,2021-11-05 16:14:00,PLTK
23.71,23.714,23.68,23.695,3889,2021-11-05 16:15:00,PLTK
23.695,23.695,23.68,23.68,3982,2021-11-05 16:16:00,PLTK
23.69,23.7,23.68,23.685,2379,2021-11-05 16:17:00,PLTK
23.68,23.7,23.68,23.7,3646,2021-11-05 16:18:00,PLTK
23.69,23.7,23.69,23.7,500,2021-11-05 16:19:00,PLTK
23.7,23.72,23.68,23.715,3543,2021-11-05 16:20:00,PLTK
23.71,23.715,23.705,23.71,3250,2021-11-05 16:21:00,PLTK
23.71,23.72,23.71,23.72,700,2021-11-05 16:22:00,PLTK
23.71,23.72,23.71,23.715,1000,2021-11-05 16:23:00,PLTK
23.72,23.74,23.72,23.735,2904,2021-11-05 16:24:00,PLTK
23.75,23.75,23.7,23.715,2891,2021-11-05 16:25:00,PLTK
23.715,23.74,23.71,23.74,3502,2021-11-05 16:26:00,PLTK
23.735,23.74,23.715,23.715,1920,2021-11-05 16:27:00,PLTK
23.7,23.715,23.69,23.71,1546,2021-11-05 16:28:00,PLTK
23.7,23.7,23.68,23.7,3000,2021-11-05 16:29:00,PLTK
23.71,23.715,23.67,23.7,2300,2021-11-05 16:30:00,PLTK
23.66,23.66,23.6,23.64,3619,2021-11-05 16:31:00,PLTK
23.61,23.61,23.57,23.59,1702,2021-11-05 16:32:00,PLTK
23.575,23.575,23.515,23.525,1400,2021-11-05 16:33:00,PLTK
23.51,23.53,23.51,23.52,691,2021-11-05 16:34:00,PLTK
23.515,23.515,23.515,23.515,200,2021-11-05 16:35:00,PLTK
23.515,23.515,23.456,23.46,4680,2021-11-05 16:36:00,PLTK
23.47,23.48,23.45,23.48,1600,2021-11-05 16:37:00,PLTK
23.465,23.465,23.46,23.46,750,2021-11-05 16:38:00,PLTK
23.47,23.47,23.45,23.46,300,2021-11-05 16:39:00,PLTK
23.46,23.48,23.46,23.465,3946,2021-11-05 16:40:00,PLTK
23.465,23.465,23.45,23.46,1000,2021-11-05 16:41:00,PLTK
23.47,23.48,23.45,23.48,1209,2021-11-05 16:42:00,PLTK
23.48,23.59,23.48,23.59,3098,2021-11-05 16:43:00,PLTK
23.59,23.62,23.585,23.62,900,2021-11-05 16:44:00,PLTK
23.595,23.62,23.55,23.56,4700,2021-11-05 16:45:00,PLTK
23.54,23.56,23.53,23.55,900,2021-11-05 16:46:00,PLTK
23.545,23.56,23.53,23.55,1200,2021-11-05 16:47:00,PLTK
23.55,23.56,23.545,23.56,700,2021-11-05 16:48:00,PLTK
23.55,23.59,23.55,23.59,4512,2021-11-05 16:49:00,PLTK
23.57,23.59,23.57,23.575,500,2021-11-05 16:50:00,PLTK
23.59,23.59,23.485,23.5,6103,2021-11-05 16:51:00,PLTK
23.5,23.525,23.5,23.52,1600,2021-11-05 16:52:00,PLTK
23.54,23.54,23.52,23.54,548,2021-11-05 16:53:00,PLTK
23.525,23.56,23.525,23.545,1000,2021-11-05 16:54:00,PLTK
23.56,23.57,23.54,23.57,501,2021-11-05 16:55:00,PLTK
23.555,23.57,23.54,23.545,2500,2021-11-05 16:56:00,PLTK
23.53,23.53,23.5,23.5,3587,2021-11-05 16:57:00,PLTK
23.4887,23.52,23.4887,23.505,1090,2021-11-05 16:58:00,PLTK
23.505,23.55,23.505,23.55,1312,2021-11-05 16:59:00,PLTK
23.53,23.55,23.48,23.48,3822,2021-11-05 17:00:00,PLTK
23.44,23.48,23.44,23.46,700,2021-11-05 17:01:00,PLTK
23.46,23.46,23.43,23.46,1650,2021-11-05 17:02:00,PLTK
23.44,23.47,23.41,23.42,4297,2021-11-05 17:03:00,PLTK
23.405,23.43,23.405,23.41,1400,2021-11-05 17:04:00,PLTK
23.43,23.45,23.39,23.39,1900,2021-11-05 17:05:00,PLTK
23.395,23.41,23.37,23.37,1000,2021-11-05 17:06:00,PLTK
23.36,23.37,23.31,23.33,2153,2021-11-05 17:07:00,PLTK
23.35,23.35,23.31,23.33,800,2021-11-05 17:08:00,PLTK
23.32,23.32,23.26,23.26,2715,2021-11-05 17:09:00,PLTK
23.265,23.265,23.24,23.24,3200,2021-11-05 17:10:00,PLTK
23.25,23.25,23.2,23.2,1400,2021-11-05 17:11:00,PLTK
23.215,23.23,23.19,23.23,4867,2021-11-05 17:12:00,PLTK
23.23,23.23,23.17,23.1999,1895,2021-11-05 17:13:00,PLTK
23.2,23.2,23.18,23.2,1400,2021-11-05 17:14:00,PLTK
23.18,23.24,23.18,23.24,2911,2021-11-05 17:15:00,PLTK
23.225,23.24,23.2101,23.2101,1980,2021-11-05 17:16:00,PLTK
23.23,23.23,23.15,23.15,2018,2021-11-05 17:17:00,PLTK
23.2,23.22,23.19,23.2,2400,2021-11-05 17:18:00,PLTK
23.195,23.21,23.18,23.21,2435,2021-11-05 17:19:00,PLTK
23.21,23.21,23.195,23.21,1100,2021-11-05 17:20:00,PLTK
23.21,23.24,23.195,23.24,2072,2021-11-05 17:21:00,PLTK
23.23,23.24,23.23,23.24,1098,2021-11-05 17:22:00,PLTK
23.24,23.24,23.18,23.18,2140,2021-11-05 17:23:00,PLTK
23.2,23.2,23.185,23.2,400,2021-11-05 17:24:00,PLTK
23.17,23.17,23.15,23.15,1706,2021-11-05 17:25:00,PLTK
23.18,23.18,23.14,23.14,1000,2021-11-05 17:26:00,PLTK
23.14,23.19,23.132,23.18,3309,2021-11-05 17:27:00,PLTK
23.18,23.18,23.15,23.17,1000,2021-11-05 17:28:00,PLTK
23.16,23.19,23.16,23.17,1445,2021-11-05 17:29:00,PLTK
23.185,23.2,23.185,23.2,800,2021-11-05 17:30:00,PLTK
23.2,23.24,23.2,23.24,2170,2021-11-05 17:31:00,PLTK
23.24,23.26,23.23,23.25,2400,2021-11-05 17:32:00,PLTK
23.25,23.325,23.24,23.325,4557,2021-11-05 17:33:00,PLTK
23.34,23.34,23.325,23.34,600,2021-11-05 17:34:00,PLTK
23.31,23.31,23.26,23.26,2430,2021-11-05 17:35:00,PLTK
23.26,23.28,23.24,23.245,900,2021-11-05 17:36:00,PLTK
23.245,23.28,23.24,23.24,5141,2021-11-05 17:37:00,PLTK
23.245,23.26,23.245,23.245,700,2021-11-05 17:38:00,PLTK
23.26,23.28,23.245,23.27,500,2021-11-05 17:39:00,PLTK
23.28,23.28,23.26,23.28,1200,2021-11-05 17:40:00,PLTK
23.28,23.3,23.28,23.28,900,2021-11-05 17:41:00,PLTK
23.28,23.32,23.28,23.32,1578,2021-11-05 17:42:00,PLTK
23.31,23.32,23.305,23.305,500,2021-11-05 17:43:00,PLTK
23.33,23.33,23.305,23.315,1100,2021-11-05 17:44:00,PLTK
23.315,23.319,23.28,23.3,3298,2021-11-05 17:45:00,PLTK
23.3,23.31,23.28,23.3,1400,2021-11-05 17:46:00,PLTK
23.29,23.29,23.19,23.2,7290,2021-11-05 17:47:00,PLTK
23.22,23.25,23.22,23.22,3845,2021-11-05 17:48:00,PLTK
23.23,23.28,23.23,23.28,2312,2021-11-05 17:49:00,PLTK
23.29,23.29,23.27,23.275,1398,2021-11-05 17:50:00,PLTK
23.29,23.29,23.275,23.29,1100,2021-11-05 17:51:00,PLTK
23.31,23.31,23.2956,23.2956,600,2021-11-05 17:52:00,PLTK
23.31,23.33,23.305,23.315,1500,2021-11-05 17:53:00,PLTK
23.33,23.33,23.3,23.315,990,2021-11-05 17:54:00,PLTK
23.33,23.35,23.28,23.3,4064,2021-11-05 17:55:00,PLTK
23.28,23.33,23.28,23.31,1999,2021-11-05 17:56:00,PLTK
23.31,23.31,23.29,23.29,700,2021-11-05 17:57:00,PLTK
23.29,23.29,23.28,23.285,800,2021-11-05 17:58:00,PLTK
23.2887,23.2887,23.285,23.285,300,2021-11-05 17:59:00,PLTK
23.285,23.3,23.27,23.28,1700,2021-11-05 18:00:00,PLTK
23.27,23.27,23.25,23.26,2200,2021-11-05 18:01:00,PLTK
23.25,23.28,23.24,23.27,2288,2021-11-05 18:02:00,PLTK
23.265,23.28,23.265,23.27,700,2021-11-05 18:03:00,PLTK
23.28,23.28,23.24,23.26,2866,2021-11-05 18:04:00,PLTK
23.26,23.26,23.26,23.26,100,2021-11-05 18:05:00,PLTK
23.26,23.26,23.245,23.25,4458,2021-11-05 18:06:00,PLTK
23.26,23.26,23.24,23.25,2507,2021-11-05 18:07:00,PLTK
23.26,23.29,23.25,23.26,3508,2021-11-05 18:08:00,PLTK
23.28,23.28,23.25,23.25,1600,2021-11-05 18:09:00,PLTK
23.26,23.26,23.26,23.26,200,2021-11-05 18:10:00,PLTK
23.26,23.28,23.24,23.28,7994,2021-11-05 18:11:00,PLTK
23.28,23.33,23.28,23.305,3100,2021-11-05 18:12:00,PLTK
23.305,23.35,23.305,23.34,3066,2021-11-05 18:13:00,PLTK
23.35,23.35,23.32,23.32,2578,2021-11-05 18:14:00,PLTK
23.305,23.32,23.305,23.32,700,2021-11-05 18:15:00,PLTK
23.31,23.31,23.27,23.285,1800,2021-11-05 18:16:00,PLTK
23.27,23.29,23.24,23.24,2793,2021-11-05 18:17:00,PLTK
23.24,23.28,23.24,23.28,2402,2021-11-05 18:18:00,PLTK
23.3,23.3,23.26,23.26,600,2021-11-05 18:19:00,PLTK
23.265,23.28,23.265,23.28,700,2021-11-05 18:20:00,PLTK
23.29,23.3,23.27,23.275,2879,2021-11-05 18:21:00,PLTK
23.28,23.29,23.27,23.28,1900,2021-11-05 18:22:00,PLTK
23.26,23.265,23.25,23.265,1700,2021-11-05 18:23:00,PLTK
23.28,23.28,23.24,23.27,3906,2021-11-05 18:24:00,PLTK
23.27,23.29,23.27,23.28,3456,2021-11-05 18:25:00,PLTK
23.27,23.28,23.26,23.28,1200,2021-11-05 18:26:00,PLTK
23.265,23.28,23.265,23.28,500,2021-11-05 18:27:00,PLTK
23.28,23.3,23.28,23.28,1700,2021-11-05 18:28:00,PLTK
23.3,23.3,23.27,23.29,3369,2021-11-05 18:29:00,PLTK
23.275,23.275,23.24,23.24,2400,2021-11-05 18:30:00,PLTK
23.24,23.25,23.24,23.25,800,2021-11-05 18:31:00,PLTK
23.25,23.29,23.24,23.26,4004,2021-11-05 18:32:00,PLTK
23.255,23.27,23.255,23.27,700,2021-11-05 18:33:00,PLTK
23.26,23.27,23.26,23.27,700,2021-11-05 18:34:00,PLTK
23.27,23.27,23.23,23.26,3315,2021-11-05 18:35:00,PLTK
23.265,23.279,23.25,23.255,2700,2021-11-05 18:36:00,PLTK
23.26,23.26,23.235,23.235,5600,2021-11-05 18:37:00,PLTK
23.235,23.25,23.235,23.25,1501,2021-11-05 18:38:00,PLTK
23.235,23.25,23.235,23.235,1200,2021-11-05 18:39:00,PLTK
23.235,23.235,23.19,23.2,2800,2021-11-05 18:40:00,PLTK
23.19,23.2,23.19,23.2,1045,2021-11-05 18:41:00,PLTK
23.19,23.21,23.19,23.21,2700,2021-11-05 18:42:00,PLTK
23.21,23.22,23.2,23.22,3300,2021-11-05 18:43:00,PLTK
23.22,23.27,23.22,23.27,2300,2021-11-05 18:44:00,PLTK
23.28,23.3,23.27,23.28,5159,2021-11-05 18:45:00,PLTK
23.28,23.28,23.258,23.258,4000,2021-11-05 18:46:00,PLTK
23.26,23.3,23.26,23.29,4083,2021-11-05 18:47:00,PLTK
23.29,23.305,23.29,23.29,2400,2021-11-05 18:48:00,PLTK
23.29,23.3,23.29,23.3,2187,2021-11-05 18:49:00,PLTK
23.295,23.3,23.29,23.29,3242,2021-11-05 18:50:00,PLTK
23.3,23.32,23.29,23.32,1500,2021-11-05 18:51:00,PLTK
23.31,23.31,23.28,23.28,2464,2021-11-05 18:52:00,PLTK
23.28,23.29,23.28,23.29,200,2021-11-05 18:53:00,PLTK
23.285,23.29,23.26,23.29,4052,2021-11-05 18:54:00,PLTK
23.3,23.33,23.3,23.33,1500,2021-11-05 18:55:00,PLTK
23.33,23.34,23.31,23.31,1500,2021-11-05 18:56:00,PLTK
23.315,23.315,23.28,23.3,1925,2021-11-05 18:57:00,PLTK
23.3,23.33,23.3,23.315,2600,2021-11-05 18:58:00,PLTK
23.315,23.32,23.31,23.31,900,2021-11-05 18:59:00,PLTK
23.319,23.329,23.31,23.31,2600,2021-11-05 19:00:00,PLTK
23.305,23.37,23.28,23.3,6969,2021-11-05 19:01:00,PLTK
23.305,23.305,23.27,23.29,1524,2021-11-05 19:02:00,PLTK
23.28,23.33,23.28,23.33,1900,2021-11-05 19:03:00,PLTK
23.315,23.33,23.285,23.285,3300,2021-11-05 19:04:00,PLTK
23.3,23.3,23.27,23.29,1400,2021-11-05 19:05:00,PLTK
23.285,23.35,23.285,23.35,3400,2021-11-05 19:06:00,PLTK
23.35,23.35,23.32,23.33,1400,2021-11-05 19:07:00,PLTK
23.315,23.32,23.3,23.3,2300,2021-11-05 19:08:00,PLTK
23.3,23.32,23.29,23.305,1200,2021-11-05 19:09:00,PLTK
23.32,23.33,23.305,23.32,1700,2021-11-05 19:10:00,PLTK
23.315,23.37,23.31,23.355,16660,2021-11-05 19:11:00,PLTK
23.355,23.37,23.33,23.345,1336,2021-11-05 19:12:00,PLTK
23.36,23.38,23.33,23.36,6960,2021-11-05 19:13:00,PLTK
23.38,23.38,23.36,23.36,1178,2021-11-05 19:14:00,PLTK
23.369,23.369,23.34,23.36,2290,2021-11-05 19:15:00,PLTK
23.345,23.37,23.34,23.365,2774,2021-11-05 19:16:00,PLTK
23.36,23.379,23.36,23.379,2100,2021-11-05 19:17:00,PLTK
23.37,23.4,23.37,23.4,2683,2021-11-05 19:18:00,PLTK
23.38,23.46,23.38,23.43,2650,2021-11-05 19:19:00,PLTK
23.46,23.47,23.42,23.445,4975,2021-11-05 19:20:00,PLTK
23.445,23.47,23.391,23.47,10063,2021-11-05 19:21:00,PLTK
23.46,23.47,23.44,23.47,4180,2021-11-05 19:22:00,PLTK
23.46,23.48,23.44,23.465,1506,2021-11-05 19:23:00,PLTK
23.46,23.48,23.46,23.48,1802,2021-11-05 19:24:00,PLTK
23.48,23.49,23.475,23.49,1710,2021-11-05 19:25:00,PLTK
23.49,23.49,23.46,23.47,3000,2021-11-05 19:26:00,PLTK
23.465,23.48,23.46,23.47,1400,2021-11-05 19:27:00,PLTK
23.47,23.48,23.46,23.47,3800,2021-11-05 19:28:00,PLTK
23.47,23.495,23.47,23.475,3700,2021-11-05 19:29:00,PLTK
23.475,23.48,23.45,23.46,6387,2021-11-05 19:30:00,PLTK
23.45,23.48,23.44,23.465,3278,2021-11-05 19:31:00,PLTK
23.45,23.48,23.45,23.47,6900,2021-11-05 19:32:00,PLTK
23.47,23.48,23.45,23.48,2800,2021-11-05 19:33:00,PLTK
23.48,23.5,23.47,23.485,4700,2021-11-05 19:34:00,PLTK
23.5,23.5,23.49,23.49,1100,2021-11-05 19:35:00,PLTK
23.49,23.5,23.45,23.46,4111,2021-11-05 19:36:00,PLTK
23.47,23.49,23.47,23.49,2300,2021-11-05 19:37:00,PLTK
23.49,23.49,23.48,23.49,1700,2021-11-05 19:38:00,PLTK
23.49,23.5,23.485,23.5,3364,2021-11-05 19:39:00,PLTK
23.495,23.5,23.46,23.47,10170,2021-11-05 19:40:00,PLTK
23.47,23.48,23.451,23.465,6332,2021-11-05 19:41:00,PLTK
23.48,23.48,23.47,23.48,2119,2021-11-05 19:42:00,PLTK
23.48,23.49,23.48,23.48,3300,2021-11-05 19:43:00,PLTK
23.48,23.48,23.45,23.48,6647,2021-11-05 19:44:00,PLTK
23.47,23.48,23.46,23.475,6700,2021-11-05 19:45:00,PLTK
23.47,23.5,23.465,23.49,5005,2021-11-05 19:46:00,PLTK
23.5,23.51,23.49,23.5,9032,2021-11-05 19:47:00,PLTK
23.495,23.53,23.495,23.5,6236,2021-11-05 19:48:00,PLTK
23.5,23.55,23.495,23.53,7415,2021-11-05 19:49:00,PLTK
23.54,23.54,23.52,23.54,11541,2021-11-05 19:50:00,PLTK
23.54,23.55,23.51,23.53,15072,2021-11-05 19:51:00,PLTK
23.53,23.56,23.53,23.535,10180,2021-11-05 19:52:00,PLTK
23.54,23.57,23.54,23.55,10807,2021-11-05 19:53:00,PLTK
23.54,23.57,23.52,23.54,11416,2021-11-05 19:54:00,PLTK
23.54,23.56,23.53,23.56,16617,2021-11-05 19:55:00,PLTK
23.57,23.6,23.56,23.58,19160,2021-11-05 19:56:00,PLTK
23.58,23.59,23.55,23.565,19021,2021-11-05 19:57:00,PLTK
23.565,23.58,23.56,23.57,23392,2021-11-05 19:58:00,PLTK
23.57,23.59,23.53,23.56,38066,2021-11-05 19:59:00,PLTK
23.53,23.53,23.53,23.53,107026,2021-11-05 20:00:00,PLTK
23.53,23.53,23.53,23.53,2476,2021-11-05 20:01:00,PLTK
23.5,23.5,23.5,23.5,400,2021-11-05 20:34:00,PLTK
23.62,23.62,23.62,23.62,175,2021-11-05 20:45:00,PLTK
23.6198,23.6198,23.6198,23.6198,175,2021-11-05 20:49:00,PLTK
23.46,23.46,23.45,23.45,270,2021-11-08 10:10:00,PLTK
23.7,23.7,23.7,23.7,150,2021-11-08 14:17:00,PLTK
23.67,23.67,23.55,23.55,16471,2021-11-08 14:30:00,PLTK
23.53,23.54,23.46,23.54,3827,2021-11-08 14:31:00,PLTK
23.55,23.66,23.47,23.66,2708,2021-11-08 14:32:00,PLTK
23.69,23.77,23.69,23.75,3226,2021-11-08 14:33:00,PLTK
23.68,23.7,23.62,23.62,1156,2021-11-08 14:34:00,PLTK
23.63,23.63,23.5,23.5,983,2021-11-08 14:35:00,PLTK
23.5,23.59,23.45,23.49,2341,2021-11-08 14:36:00,PLTK
23.4,23.47,23.37,23.4,1581,2021-11-08 14:37:00,PLTK
23.4,23.49,23.4,23.49,400,2021-11-08 14:38:00,PLTK
23.51,23.55,23.51,23.55,207,2021-11-08 14:39:00,PLTK
23.5622,23.64,23.5622,23.64,1112,2021-11-08 14:40:00,PLTK
23.78,23.88,23.78,23.88,3010,2021-11-08 14:41:00,PLTK
23.87,23.93,23.86,23.88,2388,2021-11-08 14:42:00,PLTK
23.9,24.01,23.88,23.98,2960,2021-11-08 14:43:00,PLTK
24.0,24.05,23.9301,24.0,10447,2021-11-08 14:44:00,PLTK
23.98,24.105,23.98,24.105,8411,2021-11-08 14:45:00,PLTK
24.105,24.25,24.105,24.25,6418,2021-11-08 14:46:00,PLTK
24.1957,24.27,24.17,24.17,4861,2021-11-08 14:47:00,PLTK
24.13,24.13,24.0529,24.0529,2764,2021-11-08 14:48:00,PLTK
24.03,24.03,23.93,23.96,1511,2021-11-08 14:49:00,PLTK
23.95,23.95,23.93,23.93,300,2021-11-08 14:50:00,PLTK
23.92,23.95,23.91,23.95,7137,2021-11-08 14:51:00,PLTK
23.95,23.95,23.94,23.94,2177,2021-11-08 14:52:00,PLTK
23.91,23.9112,23.89,23.89,1296,2021-11-08 14:53:00,PLTK
23.88,23.88,23.82,23.82,911,2021-11-08 14:54:00,PLTK
23.83,23.83,23.8,23.81,1448,2021-11-08 14:55:00,PLTK
23.78,23.78,23.75,23.75,1450,2021-11-08 14:56:00,PLTK
23.73,23.77,23.73,23.755,6099,2021-11-08 14:57:00,PLTK
23.755,23.755,23.74,23.75,500,2021-11-08 14:58:00,PLTK
23.75,23.795,23.72,23.795,3588,2021-11-08 14:59:00,PLTK
23.81,23.87,23.81,23.84,2825,2021-11-08 15:00:00,PLTK
23.88,23.91,23.86,23.89,5439,2021-11-08 15:01:00,PLTK
23.92,23.925,23.91,23.925,700,2021-11-08 15:02:00,PLTK
23.91,23.91,23.83,23.83,1811,2021-11-08 15:03:00,PLTK
23.81,23.82,23.81,23.82,400,2021-11-08 15:04:00,PLTK
23.8,23.9,23.8,23.89,3019,2021-11-08 15:05:00,PLTK
23.9,23.9,23.86,23.885,2079,2021-11-08 15:06:00,PLTK
23.91,24.06,23.91,24.06,2908,2021-11-08 15:07:00,PLTK
24.04,24.099,24.04,24.099,500,2021-11-08 15:08:00,PLTK
24.0923,24.11,24.03,24.03,4304,2021-11-08 15:09:00,PLTK
24.05,24.07,24.05,24.06,658,2021-11-08 15:10:00,PLTK
24.04,24.04,24.02,24.04,896,2021-11-08 15:11:00,PLTK
24.02,24.025,23.98,23.98,2314,2021-11-08 15:13:00,PLTK
23.975,23.975,23.975,23.975,100,2021-11-08 15:14:00,PLTK
23.95,23.95,23.915,23.915,1155,2021-11-08 15:15:00,PLTK
23.915,23.95,23.9,23.93,2428,2021-11-08 15:16:00,PLTK
23.959,23.959,23.925,23.9339,1081,2021-11-08 15:17:00,PLTK
23.94,23.94,23.94,23.94,500,2021-11-08 15:18:00,PLTK
23.92,23.96,23.9,23.95,3148,2021-11-08 15:19:00,PLTK
23.96,23.96,23.95,23.95,1100,2021-11-08 15:20:00,PLTK
23.96,23.98,23.95,23.95,1686,2021-11-08 15:21:00,PLTK
23.94,23.96,23.93,23.95,1700,2021-11-08 15:22:00,PLTK
23.96,23.98,23.95,23.98,2849,2021-11-08 15:23:00,PLTK
23.96,23.97,23.96,23.97,200,2021-11-08 15:24:00,PLTK
23.94,23.95,23.94,23.95,1035,2021-11-08 15:25:00,PLTK
23.93,23.93,23.93,23.93,820,2021-11-08 15:26:00,PLTK
23.935,23.935,23.935,23.935,100,2021-11-08 15:27:00,PLTK
23.92,23.92,23.8,23.83,3065,2021-11-08 15:28:00,PLTK
23.835,23.84,23.81,23.81,2708,2021-11-08 15:29:00,PLTK
23.8,23.8,23.78,23.78,550,2021-11-08 15:30:00,PLTK
23.785,23.785,23.76,23.76,700,2021-11-08 15:31:00,PLTK
23.81,23.86,23.79,23.86,2524,2021-11-08 15:32:00,PLTK
23.86,23.86,23.82,23.82,1260,2021-11-08 15:33:00,PLTK
23.83,23.83,23.825,23.83,300,2021-11-08 15:34:00,PLTK
23.83,23.83,23.825,23.825,200,2021-11-08 15:35:00,PLTK
23.82,23.84,23.81,23.82,2405,2021-11-08 15:36:00,PLTK
23.82,23.83,23.8,23.8,2088,2021-11-08 15:37:00,PLTK
23.79,23.825,23.79,23.8,1939,2021-11-08 15:38:00,PLTK
23.79,23.79,23.69,23.76,3606,2021-11-08 15:39:00,PLTK
23.76,23.765,23.75,23.75,1200,2021-11-08 15:40:00,PLTK
23.735,23.77,23.72,23.75,1273,2021-11-08 15:41:00,PLTK
23.75,23.75,23.73,23.73,705,2021-11-08 15:42:00,PLTK
23.72,23.72,23.72,23.72,320,2021-11-08 15:43:00,PLTK
23.715,23.715,23.67,23.67,1010,2021-11-08 15:44:00,PLTK
23.69,23.69,23.69,23.69,100,2021-11-08 15:45:00,PLTK
23.675,23.675,23.675,23.675,100,2021-11-08 15:46:00,PLTK
23.675,23.68,23.66,23.66,300,2021-11-08 15:47:00,PLTK
23.67,23.67,23.63,23.64,1881,2021-11-08 15:48:00,PLTK
23.65,23.685,23.64,23.685,2852,2021-11-08 15:49:00,PLTK
23.69,23.705,23.68,23.68,600,2021-11-08 15:50:00,PLTK
23.705,23.705,23.66,23.67,1221,2021-11-08 15:51:00,PLTK
23.665,23.68,23.665,23.68,400,2021-11-08 15:53:00,PLTK
23.67,23.689,23.67,23.675,1944,2021-11-08 15:54:00,PLTK
23.679,23.679,23.61,23.61,1200,2021-11-08 15:55:00,PLTK
23.62,23.63,23.62,23.625,900,2021-11-08 15:56:00,PLTK
23.64,23.649,23.64,23.649,1333,2021-11-08 15:57:00,PLTK
23.65,23.65,23.65,23.65,200,2021-11-08 15:58:00,PLTK
23.665,23.665,23.62,23.62,1594,2021-11-08 15:59:00,PLTK
23.59,23.6,23.57,23.59,7181,2021-11-08 16:00:00,PLTK
23.5971,23.63,23.59,23.61,1381,2021-11-08 16:01:00,PLTK
23.61,23.61,23.61,23.61,993,2021-11-08 16:02:00,PLTK
23.615,23.615,23.6,23.6,428,2021-11-08 16:03:00,PLTK
23.58,23.58,23.54,23.54,1231,2021-11-08 16:04:00,PLTK
23.52,23.522,23.52,23.522,400,2021-11-08 16:05:00,PLTK
23.53,23.56,23.53,23.545,2390,2021-11-08 16:06:00,PLTK
23.56,23.56,23.56,23.56,600,2021-11-08 16:07:00,PLTK
23.57,23.57,23.57,23.57,100,2021-11-08 16:08:00,PLTK
23.57,23.58,23.57,23.58,400,2021-11-08 16:09:00,PLTK
23.59,23.64,23.59,23.64,2228,2021-11-08 16:10:00,PLTK
23.66,23.68,23.66,23.68,4160,2021-11-08 16:11:00,PLTK
23.68,23.68,23.64,23.64,1757,2021-11-08 16:12:00,PLTK
23.61,23.61,23.57,23.57,900,2021-11-08 16:14:00,PLTK
23.53,23.53,23.53,23.53,200,2021-11-08 16:15:00,PLTK
23.53,23.535,23.52,23.535,439,2021-11-08 16:17:00,PLTK
23.54,23.565,23.54,23.565,1254,2021-11-08 16:18:00,PLTK
23.59,23.595,23.59,23.595,461,2021-11-08 16:19:00,PLTK
23.61,23.61,23.59,23.605,414,2021-11-08 16:20:00,PLTK
23.605,23.61,23.58,23.61,2677,2021-11-08 16:21:00,PLTK
23.6,23.62,23.6,23.61,999,2021-11-08 16:22:00,PLTK
23.59,23.6,23.58,23.58,300,2021-11-08 16:23:00,PLTK
23.54,23.54,23.53,23.53,446,2021-11-08 16:24:00,PLTK
23.53,23.53,23.495,23.495,4176,2021-11-08 16:25:00,PLTK
23.505,23.519,23.505,23.519,200,2021-11-08 16:26:00,PLTK
23.5,23.5,23.49,23.49,700,2021-11-08 16:27:00,PLTK
23.475,23.5,23.475,23.5,2266,2021-11-08 16:28:00,PLTK
23.5,23.5,23.485,23.485,1048,2021-11-08 16:29:00,PLTK
23.5,23.55,23.5,23.55,1318,2021-11-08 16:30:00,PLTK
23.545,23.57,23.545,23.57,200,2021-11-08 16:31:00,PLTK
23.53,23.54,23.53,23.53,800,2021-11-08 16:32:00,PLTK
23.535,23.535,23.535,23.535,100,2021-11-08 16:33:00,PLTK
23.53,23.545,23.52,23.545,3476,2021-11-08 16:34:00,PLTK
23.57,23.58,23.57,23.57,800,2021-11-08 16:35:00,PLTK
23.57,23.58,23.57,23.57,500,2021-11-08 16:36:00,PLTK
23.58,23.58,23.538,23.54,1932,2021-11-08 16:37:00,PLTK
23.535,23.58,23.535,23.5546,2196,2021-11-08 16:38:00,PLTK
23.5702,23.58,23.565,23.565,300,2021-11-08 16:39:00,PLTK
23.6,23.61,23.58,23.58,1800,2021-11-08 16:40:00,PLTK
23.56,23.575,23.56,23.575,200,2021-11-08 16:41:00,PLTK
23.59,23.59,23.54,23.54,600,2021-11-08 16:42:00,PLTK
23.54,23.57,23.5234,23.57,1758,2021-11-08 16:43:00,PLTK
23.57,23.57,23.56,23.56,475,2021-11-08 16:44:00,PLTK
23.56,23.57,23.55,23.56,2244,2021-11-08 16:45:00,PLTK
23.56,23.56,23.55,23.56,603,2021-11-08 16:46:00,PLTK
23.55,23.555,23.55,23.555,200,2021-11-08 16:47:00,PLTK
23.55,23.55,23.53,23.54,682,2021-11-08 16:48:00,PLTK
23.5263,23.55,23.52,23.52,1287,2021-11-08 16:49:00,PLTK
23.5,23.5,23.49,23.49,500,2021-11-08 16:50:00,PLTK
23.46,23.53,23.46,23.52,2765,2021-11-08 16:51:00,PLTK
23.55,23.55,23.5,23.5,700,2021-11-08 16:53:00,PLTK
23.5,23.53,23.5,23.515,1000,2021-11-08 16:54:00,PLTK
23.515,23.515,23.515,23.515,400,2021-11-08 16:55:00,PLTK
23.53,23.53,23.47,23.5,1755,2021-11-08 16:56:00,PLTK
23.47,23.47,23.47,23.47,200,2021-11-08 16:57:00,PLTK
23.5,23.5,23.47,23.48,800,2021-11-08 16:58:00,PLTK
23.48,23.49,23.48,23.49,750,2021-11-08 16:59:00,PLTK
23.5,23.5,23.49,23.49,200,2021-11-08 17:00:00,PLTK
23.48,23.5,23.47,23.47,1000,2021-11-08 17:01:00,PLTK
23.4769,23.4769,23.44,23.46,1446,2021-11-08 17:02:00,PLTK
23.45,23.45,23.44,23.445,1797,2021-11-08 17:03:00,PLTK
23.44,23.44,23.42,23.43,900,2021-11-08 17:04:00,PLTK
23.435,23.435,23.4,23.4,1095,2021-11-08 17:05:00,PLTK
23.41,23.45,23.41,23.44,3062,2021-11-08 17:06:00,PLTK
23.45,23.45,23.43,23.43,200,2021-11-08 17:07:00,PLTK
23.41,23.41,23.405,23.405,300,2021-11-08 17:08:00,PLTK
23.4,23.405,23.36,23.4,4507,2021-11-08 17:09:00,PLTK
23.4,23.41,23.4,23.41,600,2021-11-08 17:10:00,PLTK
23.4,23.4,23.38,23.38,1335,2021-11-08 17:11:00,PLTK
23.37,23.37,23.33,23.34,865,2021-11-08 17:12:00,PLTK
23.34,23.34,23.29,23.29,800,2021-11-08 17:13:00,PLTK
23.29,23.34,23.29,23.34,2668,2021-11-08 17:14:00,PLTK
23.35,23.35,23.31,23.31,2125,2021-11-08 17:15:00,PLTK
23.28,23.28,23.22,23.22,1589,2021-11-08 17:17:00,PLTK
23.235,23.3,23.22,23.3,2596,2021-11-08 17:18:00,PLTK
23.3,23.3,23.285,23.285,400,2021-11-08 17:19:00,PLTK
23.285,23.3,23.27,23.27,700,2021-11-08 17:20:00,PLTK
23.29,23.29,23.26,23.27,707,2021-11-08 17:21:00,PLTK
23.27,23.28,23.25,23.27,2630,2021-11-08 17:22:00,PLTK
23.27,23.27,23.26,23.26,300,2021-11-08 17:23:00,PLTK
23.28,23.305,23.275,23.29,3400,2021-11-08 17:24:00,PLTK
23.31,23.31,23.29,23.29,1450,2021-11-08 17:25:00,PLTK
23.28,23.3,23.28,23.3,500,2021-11-08 17:26:00,PLTK
23.27,23.27,23.27,23.27,2100,2021-11-08 17:27:00,PLTK
23.29,23.345,23.29,23.345,1600,2021-11-08 17:28:00,PLTK
23.34,23.349,23.34,23.349,200,2021-11-08 17:29:00,PLTK
23.35,23.36,23.345,23.345,400,2021-11-08 17:30:00,PLTK
23.345,23.365,23.33,23.365,1200,2021-11-08 17:31:00,PLTK
23.37,23.41,23.37,23.4,1722,2021-11-08 17:32:00,PLTK
23.39,23.41,23.385,23.41,782,2021-11-08 17:33:00,PLTK
23.41,23.42,23.41,23.42,606,2021-11-08 17:34:00,PLTK
23.415,23.415,23.415,23.415,100,2021-11-08 17:35:00,PLTK
23.415,23.42,23.415,23.415,500,2021-11-08 17:36:00,PLTK
23.415,23.44,23.415,23.44,1300,2021-11-08 17:37:00,PLTK
23.44,23.44,23.44,23.44,100,2021-11-08 17:38:00,PLTK
23.445,23.445,23.445,23.445,100,2021-11-08 17:39:00,PLTK
23.45,23.45,23.45,23.45,200,2021-11-08 17:40:00,PLTK
23.44,23.44,23.41,23.43,3194,2021-11-08 17:41:00,PLTK
23.41,23.415,23.41,23.415,500,2021-11-08 17:42:00,PLTK
23.415,23.415,23.415,23.415,200,2021-11-08 17:43:00,PLTK
23.4,23.415,23.4,23.415,300,2021-11-08 17:44:00,PLTK
23.415,23.46,23.415,23.46,1700,2021-11-08 17:45:00,PLTK
23.445,23.445,23.445,23.445,100,2021-11-08 17:46:00,PLTK
23.43,23.44,23.42,23.43,1300,2021-11-08 17:47:00,PLTK
23.43,23.445,23.43,23.44,1202,2021-11-08 17:48:00,PLTK
23.44,23.44,23.44,23.44,100,2021-11-08 17:49:00,PLTK
23.41,23.42,23.41,23.42,600,2021-11-08 17:50:00,PLTK
23.4062,23.44,23.4062,23.43,930,2021-11-08 17:51:00,PLTK
23.44,23.475,23.44,23.475,2006,2021-11-08 17:52:00,PLTK
23.475,23.48,23.43,23.43,2686,2021-11-08 17:53:00,PLTK
23.42,23.45,23.42,23.45,300,2021-11-08 17:54:00,PLTK
23.42,23.43,23.42,23.42,756,2021-11-08 17:55:00,PLTK
23.41,23.42,23.39,23.39,1253,2021-11-08 17:56:00,PLTK
23.38,23.41,23.38,23.39,600,2021-11-08 17:57:00,PLTK
23.39,23.42,23.39,23.42,2176,2021-11-08 17:58:00,PLTK
23.429,23.429,23.429,23.429,100,2021-11-08 17:59:00,PLTK
23.43,23.44,23.43,23.43,1364,2021-11-08 18:00:00,PLTK
23.44,23.455,23.44,23.455,996,2021-11-08 18:01:00,PLTK
23.455,23.455,23.405,23.42,1200,2021-11-08 18:02:00,PLTK
23.4,23.4,23.39,23.39,200,2021-11-08 18:03:00,PLTK
23.39,23.42,23.38,23.395,800,2021-11-08 18:04:00,PLTK
23.395,23.44,23.395,23.44,2439,2021-11-08 18:05:00,PLTK
23.42,23.43,23.42,23.425,300,2021-11-08 18:06:00,PLTK
23.44,23.44,23.425,23.425,2279,2021-11-08 18:07:00,PLTK
23.44,23.46,23.425,23.45,1900,2021-11-08 18:08:00,PLTK
23.45,23.45,23.43,23.43,600,2021-11-08 18:09:00,PLTK
23.42,23.42,23.42,23.42,200,2021-11-08 18:10:00,PLTK
23.43,23.44,23.41,23.44,907,2021-11-08 18:11:00,PLTK
23.44,23.45,23.44,23.45,1600,2021-11-08 18:12:00,PLTK
23.44,23.44,23.435,23.44,500,2021-11-08 18:13:00,PLTK
23.45,23.45,23.44,23.44,727,2021-11-08 18:14:00,PLTK
23.44,23.445,23.43,23.43,600,2021-11-08 18:15:00,PLTK
23.45,23.46,23.45,23.46,200,2021-11-08 18:16:00,PLTK
23.445,23.445,23.425,23.425,1657,2021-11-08 18:17:00,PLTK
23.43,23.45,23.42,23.45,1695,2021-11-08 18:18:00,PLTK
23.46,23.46,23.46,23.46,686,2021-11-08 18:19:00,PLTK
23.47,23.489,23.455,23.455,1400,2021-11-08 18:20:00,PLTK
23.47,23.47,23.4562,23.4562,1320,2021-11-08 18:21:00,PLTK
23.46,23.46,23.46,23.46,600,2021-11-08 18:22:00,PLTK
23.45,23.45,23.43,23.43,500,2021-11-08 18:23:00,PLTK
23.45,23.45,23.45,23.45,400,2021-11-08 18:24:00,PLTK
23.445,23.445,23.43,23.43,200,2021-11-08 18:25:00,PLTK
23.46,23.46,23.431,23.46,309,2021-11-08 18:26:00,PLTK
23.445,23.445,23.43,23.43,200,2021-11-08 18:27:00,PLTK
23.43,23.44,23.43,23.44,403,2021-11-08 18:28:00,PLTK
23.435,23.45,23.435,23.45,1123,2021-11-08 18:29:00,PLTK
23.46,23.46,23.44,23.44,901,2021-11-08 18:30:00,PLTK
23.45,23.45,23.45,23.45,320,2021-11-08 18:31:00,PLTK
23.44,23.44,23.42,23.42,807,2021-11-08 18:32:00,PLTK
23.42,23.42,23.41,23.41,200,2021-11-08 18:33:00,PLTK
23.42,23.42,23.4,23.4,1900,2021-11-08 18:34:00,PLTK
23.41,23.41,23.41,23.41,200,2021-11-08 18:35:00,PLTK
23.39,23.415,23.39,23.415,2669,2021-11-08 18:36:00,PLTK
23.42,23.429,23.41,23.41,2287,2021-11-08 18:37:00,PLTK
23.42,23.42,23.411,23.411,200,2021-11-08 18:38:00,PLTK
23.41,23.41,23.39,23.39,1000,2021-11-08 18:39:00,PLTK
23.4,23.42,23.4,23.42,1078,2021-11-08 18:40:00,PLTK
23.43,23.43,23.43,23.43,200,2021-11-08 18:41:00,PLTK
23.43,23.43,23.42,23.43,706,2021-11-08 18:42:00,PLTK
23.439,23.439,23.42,23.42,300,2021-11-08 18:43:00,PLTK
23.44,23.44,23.44,23.44,200,2021-11-08 18:44:00,PLTK
23.4214,23.44,23.41,23.41,2008,2021-11-08 18:45:00,PLTK
23.43,23.43,23.415,23.415,200,2021-11-08 18:46:00,PLTK
23.4,23.43,23.4,23.43,995,2021-11-08 18:47:00,PLTK
23.4,23.4,23.4,23.4,100,2021-11-08 18:48:00,PLTK
23.4,23.4,23.38,23.38,800,2021-11-08 18:49:00,PLTK
23.38,23.38,23.38,23.38,100,2021-11-08 18:50:00,PLTK
23.37,23.37,23.36,23.36,200,2021-11-08 18:51:00,PLTK
23.37,23.37,23.36,23.36,906,2021-11-08 18:52:00,PLTK
23.37,23.37,23.37,23.37,600,2021-11-08 18:53:00,PLTK
23.37,23.38,23.3446,23.3446,2450,2021-11-08 18:54:00,PLTK
23.37,23.37,23.355,23.355,300,2021-11-08 18:55:00,PLTK
23.37,23.37,23.37,23.37,100,2021-11-08 18:56:00,PLTK
23.36,23.36,23.35,23.35,1000,2021-11-08 18:57:00,PLTK
23.34,23.36,23.34,23.35,1400,2021-11-08 18:58:00,PLTK
23.35,23.35,23.35,23.35,100,2021-11-08 18:59:00,PLTK
23.35,23.35,23.32,23.32,800,2021-11-08 19:00:00,PLTK
23.315,23.33,23.315,23.32,796,2021-11-08 19:01:00,PLTK
23.32,23.34,23.32,23.33,2153,2021-11-08 19:02:00,PLTK
23.33,23.33,23.33,23.33,100,2021-11-08 19:03:00,PLTK
23.34,23.34,23.33,23.34,500,2021-11-08 19:04:00,PLTK
23.33,23.34,23.33,23.34,300,2021-11-08 19:05:00,PLTK
23.33,23.35,23.31,23.349,5698,2021-11-08 19:06:00,PLTK
23.35,23.36,23.35,23.355,850,2021-11-08 19:07:00,PLTK
23.39,23.39,23.37,23.38,414,2021-11-08 19:08:00,PLTK
23.38,23.388,23.34,23.34,900,2021-11-08 19:09:00,PLTK
23.36,23.36,23.31,23.31,1100,2021-11-08 19:10:00,PLTK
23.31,23.31,23.3,23.31,500,2021-11-08 19:11:00,PLTK
23.29,23.3,23.28,23.3,849,2021-11-08 19:12:00,PLTK
23.29,23.29,23.29,23.29,100,2021-11-08 19:13:00,PLTK
23.29,23.3,23.27,23.28,1244,2021-11-08 19:14:00,PLTK
23.28,23.29,23.27,23.28,800,2021-11-08 19:15:00,PLTK
23.28,23.3,23.28,23.3,2645,2021-11-08 19:16:00,PLTK
23.3,23.31,23.29,23.31,500,2021-11-08 19:17:00,PLTK
23.31,23.32,23.29,23.32,1400,2021-11-08 19:18:00,PLTK
23.3101,23.3101,23.299,23.299,1505,2021-11-08 19:19:00,PLTK
23.295,23.295,23.26,23.26,1000,2021-11-08 19:20:00,PLTK
23.265,23.269,23.265,23.265,300,2021-11-08 19:21:00,PLTK
23.26,23.27,23.26,23.27,900,2021-11-08 19:22:00,PLTK
23.27,23.27,23.26,23.27,700,2021-11-08 19:23:00,PLTK
23.27,23.27,23.26,23.27,918,2021-11-08 19:24:00,PLTK
23.25,23.25,23.2,23.2,2691,2021-11-08 19:25:00,PLTK
23.21,23.21,23.16,23.18,1209,2021-11-08 19:26:00,PLTK
23.17,23.18,23.16,23.1635,600,2021-11-08 19:27:00,PLTK
23.18,23.18,23.16,23.16,1300,2021-11-08 19:28:00,PLTK
23.169,23.17,23.16,23.16,400,2021-11-08 19:29:00,PLTK
23.15,23.16,23.14,23.14,1205,2021-11-08 19:30:00,PLTK
23.14,23.16,23.13,23.16,1545,2021-11-08 19:31:00,PLTK
23.155,23.19,23.155,23.19,3690,2021-11-08 19:32:00,PLTK
23.2,23.21,23.2,23.21,200,2021-11-08 19:33:00,PLTK
23.23,23.23,23.19,23.19,1405,2021-11-08 19:34:00,PLTK
23.2,23.2,23.18,23.18,400,2021-11-08 19:35:00,PLTK
23.185,23.2,23.185,23.185,300,2021-11-08 19:36:00,PLTK
23.2,23.2,23.17,23.17,700,2021-11-08 19:38:00,PLTK
23.175,23.175,23.175,23.175,100,2021-11-08 19:39:00,PLTK
23.19,23.19,23.16,23.19,800,2021-11-08 19:40:00,PLTK
23.17,23.175,23.15,23.169,1400,2021-11-08 19:41:00,PLTK
23.16,23.17,23.16,23.16,300,2021-11-08 19:42:00,PLTK
23.16,23.17,23.15,23.16,400,2021-11-08 19:43:00,PLTK
23.15,23.17,23.15,23.16,800,2021-11-08 19:44:00,PLTK
23.17,23.18,23.17,23.17,2240,2021-11-08 19:45:00,PLTK
23.18,23.18,23.16,23.18,1600,2021-11-08 19:46:00,PLTK
23.16,23.16,23.12,23.13,2577,2021-11-08 19:47:00,PLTK
23.11,23.11,23.07,23.08,5279,2021-11-08 19:48:00,PLTK
23.1,23.1,23.08,23.08,1479,2021-11-08 19:49:00,PLTK
23.085,23.09,23.05,23.05,3156,2021-11-08 19:50:00,PLTK
23.06,23.07,23.06,23.07,2560,2021-11-08 19:51:00,PLTK
23.06,23.07,23.06,23.06,1400,2021-11-08 19:52:00,PLTK
23.07,23.07,23.05,23.0661,680,2021-11-08 19:53:00,PLTK
23.07,23.07,23.04,23.04,1627,2021-11-08 19:54:00,PLTK
23.03,23.05,23.02,23.05,4461,2021-11-08 19:55:00,PLTK
23.045,23.05,23.04,23.05,2479,2021-11-08 19:56:00,PLTK
23.06,23.06,23.05,23.05,604,2021-11-08 19:57:00,PLTK
23.06,23.08,23.05,23.08,1709,2021-11-08 19:58:00,PLTK
23.0869,23.09,23.05,23.05,2457,2021-11-08 19:59:00,PLTK
23.05,23.06,23.03,23.05,2125,2021-11-08 20:00:00,PLTK
23.04,23.05,23.02,23.04,1695,2021-11-08 20:01:00,PLTK
23.04,23.06,23.04,23.06,736,2021-11-08 20:02:00,PLTK
23.07,23.07,23.065,23.065,300,2021-11-08 20:03:00,PLTK
23.08,23.08,23.05,23.05,200,2021-11-08 20:04:00,PLTK
23.05,23.06,23.04,23.06,1320,2021-11-08 20:05:00,PLTK
23.06,23.06,23.0404,23.06,719,2021-11-08 20:06:00,PLTK
23.045,23.06,23.03,23.03,1810,2021-11-08 20:07:00,PLTK
23.03,23.03,23.02,23.025,1963,2021-11-08 20:08:00,PLTK
23.03,23.059,23.0217,23.055,2764,2021-11-08 20:09:00,PLTK
23.059,23.07,23.059,23.065,1000,2021-11-08 20:10:00,PLTK
23.065,23.08,23.065,23.08,400,2021-11-08 20:11:00,PLTK
23.07,23.13,23.07,23.11,5453,2021-11-08 20:12:00,PLTK
23.11,23.12,23.1,23.12,700,2021-11-08 20:13:00,PLTK
23.13,23.14,23.12,23.125,1639,2021-11-08 20:14:00,PLTK
23.14,23.14,23.12,23.13,300,2021-11-08 20:15:00,PLTK
23.13,23.13,23.11,23.12,1084,2021-11-08 20:16:00,PLTK
23.105,23.12,23.105,23.105,400,2021-11-08 20:17:00,PLTK
23.11,23.11,23.11,23.11,524,2021-11-08 20:18:00,PLTK
23.12,23.14,23.1,23.135,2809,2021-11-08 20:19:00,PLTK
23.135,23.155,23.135,23.155,700,2021-11-08 20:20:00,PLTK
23.155,23.17,23.155,23.17,200,2021-11-08 20:21:00,PLTK
23.155,23.185,23.155,23.185,3334,2021-11-08 20:22:00,PLTK
23.18,23.199,23.18,23.19,1869,2021-11-08 20:23:00,PLTK
23.18,23.19,23.18,23.18,500,2021-11-08 20:24:00,PLTK
23.185,23.185,23.185,23.185,300,2021-11-08 20:25:00,PLTK
23.185,23.185,23.14,23.17,2696,2021-11-08 20:26:00,PLTK
23.17,23.17,23.17,23.17,100,2021-11-08 20:27:00,PLTK
23.18,23.18,23.18,23.18,100,2021-11-08 20:28:00,PLTK
23.17,23.179,23.17,23.17,900,2021-11-08 20:29:00,PLTK
23.17,23.23,23.16,23.21,4544,2021-11-08 20:30:00,PLTK
23.21,23.22,23.21,23.22,500,2021-11-08 20:31:00,PLTK
23.22,23.24,23.22,23.23,2526,2021-11-08 20:32:00,PLTK
23.24,23.24,23.23,23.24,515,2021-11-08 20:33:00,PLTK
23.23,23.23,23.21,23.22,1700,2021-11-08 20:34:00,PLTK
23.215,23.24,23.215,23.24,1829,2021-11-08 20:35:00,PLTK
23.24,23.25,23.23,23.24,2200,2021-11-08 20:36:00,PLTK
23.24,23.24,23.23,23.23,1201,2021-11-08 20:37:00,PLTK
23.23,23.23,23.21,23.21,1109,2021-11-08 20:38:00,PLTK
23.2,23.21,23.191,23.21,950,2021-11-08 20:39:00,PLTK
23.2,23.21,23.2,23.2,1100,2021-11-08 20:40:00,PLTK
23.2,23.2,23.19,23.195,1000,2021-11-08 20:41:00,PLTK
23.195,23.2,23.19,23.2,1730,2021-11-08 20:42:00,PLTK
23.19,23.2,23.16,23.16,3000,2021-11-08 20:43:00,PLTK
23.165,23.17,23.165,23.17,1016,2021-11-08 20:44:00,PLTK
23.17,23.17,23.14,23.145,2900,2021-11-08 20:45:00,PLTK
23.14,23.15,23.13,23.135,2312,2021-11-08 20:46:00,PLTK
23.14,23.14,23.13,23.135,3971,2021-11-08 20:47:00,PLTK
23.14,23.15,23.13,23.15,2885,2021-11-08 20:48:00,PLTK
23.145,23.15,23.125,23.125,3775,2021-11-08 20:49:00,PLTK
23.13,23.18,23.13,23.18,5452,2021-11-08 20:50:00,PLTK
23.18,23.24,23.18,23.23,4546,2021-11-08 20:51:00,PLTK
23.25,23.25,23.23,23.25,8304,2021-11-08 20:52:00,PLTK
23.25,23.29,23.25,23.29,2460,2021-11-08 20:53:00,PLTK
23.28,23.28,23.2101,23.245,8802,2021-11-08 20:54:00,PLTK
23.245,23.26,23.24,23.25,6592,2021-11-08 20:55:00,PLTK
23.25,23.275,23.24,23.275,9464,2021-11-08 20:56:00,PLTK
23.27,23.28,23.22,23.23,10357,2021-11-08 20:57:00,PLTK
23.23,23.26,23.23,23.25,10533,2021-11-08 20:58:00,PLTK
23.25,23.33,23.25,23.28,70624,2021-11-08 20:59:00,PLTK
23.28,23.35,23.28,23.28,84500,2021-11-08 21:00:00,PLTK
23.14,23.14,23.14,23.14,100,2021-11-09 00:27:00,PLTK
23.15,23.15,23.13,23.13,5074,2021-11-09 14:25:00,PLTK
23.2,23.3,23.15,23.17,18699,2021-11-09 14:30:00,PLTK
23.17,23.17,23.13,23.135,7293,2021-11-09 14:31:00,PLTK
23.21,23.28,23.15,23.28,2071,2021-11-09 14:33:00,PLTK
23.19,23.28,23.19,23.2,500,2021-11-09 14:34:00,PLTK
23.2,23.29,23.2,23.205,1050,2021-11-09 14:35:00,PLTK
23.21,23.213,23.192,23.213,1200,2021-11-09 14:36:00,PLTK
23.235,23.28,23.235,23.28,229,2021-11-09 14:37:00,PLTK
23.3,23.3,23.25,23.25,300,2021-11-09 14:38:00,PLTK
23.22,23.22,23.22,23.22,300,2021-11-09 14:39:00,PLTK
23.19,23.19,23.19,23.19,300,2021-11-09 14:40:00,PLTK
23.215,23.27,23.215,23.27,200,2021-11-09 14:41:00,PLTK
23.29,23.29,23.29,23.29,100,2021-11-09 14:42:00,PLTK
23.3,23.34,23.3,23.34,1225,2021-11-09 14:43:00,PLTK
23.3,23.35,23.29,23.32,2527,2021-11-09 14:45:00,PLTK
23.325,23.325,23.25,23.25,6706,2021-11-09 14:46:00,PLTK
23.24,23.29,23.24,23.28,708,2021-11-09 14:47:00,PLTK
23.24,23.24,23.19,23.19,1600,2021-11-09 14:48:00,PLTK
23.155,23.155,23.09,23.09,3049,2021-11-09 14:49:00,PLTK
23.06,23.07,23.0381,23.0381,723,2021-11-09 14:50:00,PLTK
23.06,23.1,23.04,23.1,760,2021-11-09 14:51:00,PLTK
23.06,23.06,23.06,23.06,420,2021-11-09 14:52:00,PLTK
23.03,23.03,22.96,22.97,4969,2021-11-09 14:53:00,PLTK
22.9547,23.02,22.9547,23.02,1888,2021-11-09 14:54:00,PLTK
22.995,23.0,22.97,22.99,2900,2021-11-09 14:55:00,PLTK
23.0,23.0122,23.0,23.0,2341,2021-11-09 14:56:00,PLTK
23.01,23.015,22.99,22.99,1712,2021-11-09 14:57:00,PLTK
22.975,22.975,22.87,22.965,22594,2021-11-09 14:58:00,PLTK
22.98,23.05,22.96,23.05,1999,2021-11-09 14:59:00,PLTK
23.03,23.08,23.03,23.08,400,2021-11-09 15:00:00,PLTK
23.1,23.11,23.04,23.05,8705,2021-11-09 15:01:00,PLTK
23.065,23.065,23.065,23.065,400,2021-11-09 15:02:00,PLTK
23.05,23.09,23.02,23.09,2767,2021-11-09 15:03:00,PLTK
23.11,23.16,23.11,23.16,514,2021-11-09 15:04:00,PLTK
23.19,23.25,23.19,23.22,640,2021-11-09 15:05:00,PLTK
23.28,23.33,23.28,23.33,1174,2021-11-09 15:06:00,PLTK
23.37,23.41,23.37,23.41,480,2021-11-09 15:08:00,PLTK
23.39,23.4,23.39,23.395,300,2021-11-09 15:09:00,PLTK
23.37,23.38,23.345,23.36,3085,2021-11-09 15:10:00,PLTK
23.41,23.41,23.41,23.41,100,2021-11-09 15:11:00,PLTK
23.39,23.45,23.39,23.45,700,2021-11-09 15:12:00,PLTK
23.47,23.5,23.47,23.5,1184,2021-11-09 15:13:00,PLTK
23.5,23.52,23.5,23.52,500,2021-11-09 15:14:00,PLTK
23.52,23.59,23.52,23.59,1627,2021-11-09 15:15:00,PLTK
23.59,23.598,23.57,23.58,1210,2021-11-09 15:16:00,PLTK
23.6,23.6,23.6,23.6,100,2021-11-09 15:18:00,PLTK
23.56,23.56,23.53,23.53,1700,2021-11-09 15:19:00,PLTK
23.57,23.64,23.57,23.63,3062,2021-11-09 15:20:00,PLTK
23.62,23.62,23.62,23.62,1100,2021-11-09 15:21:00,PLTK
23.62,23.668,23.62,23.64,2600,2021-11-09 15:22:00,PLTK
23.64,23.64,23.6,23.61,2000,2021-11-09 15:23:00,PLTK
23.57,23.59,23.56,23.59,1300,2021-11-09 15:24:00,PLTK
23.59,23.67,23.59,23.67,3068,2021-11-09 15:25:00,PLTK
23.69,23.69,23.65,23.65,3160,2021-11-09 15:26:00,PLTK
23.65,23.67,23.63,23.67,1910,2021-11-09 15:27:00,PLTK
23.67,23.67,23.625,23.67,1570,2021-11-09 15:28:00,PLTK
23.69,23.69,23.675,23.675,2300,2021-11-09 15:29:00,PLTK
23.69,23.695,23.64,23.645,9834,2021-11-09 15:30:00,PLTK
23.645,23.67,23.63,23.67,4978,2021-11-09 15:31:00,PLTK
23.67,23.68,23.65,23.655,4490,2021-11-09 15:32:00,PLTK
23.68,23.69,23.64,23.675,2092,2021-11-09 15:33:00,PLTK
23.675,23.69,23.65,23.65,2220,2021-11-09 15:34:00,PLTK
23.66,23.69,23.64,23.66,2300,2021-11-09 15:35:00,PLTK
23.68,23.68,23.59,23.595,5144,2021-11-09 15:36:00,PLTK
23.595,23.61,23.57,23.59,2786,2021-11-09 15:37:00,PLTK
23.6,23.6,23.575,23.6,1000,2021-11-09 15:38:00,PLTK
23.59,23.605,23.58,23.59,1600,2021-11-09 15:39:00,PLTK
23.6,23.605,23.6,23.6,1500,2021-11-09 15:40:00,PLTK
23.62,23.69,23.62,23.628,4767,2021-11-09 15:41:00,PLTK
23.62,23.66,23.62,23.66,1801,2021-11-09 15:42:00,PLTK
23.66,23.69,23.6467,23.65,3290,2021-11-09 15:43:00,PLTK
23.665,23.67,23.64,23.64,1000,2021-11-09 15:44:00,PLTK
23.63,23.63,23.6,23.6107,1400,2021-11-09 15:45:00,PLTK
23.62,23.65,23.62,23.65,2007,2021-11-09 15:46:00,PLTK
23.65,23.67,23.63,23.65,1178,2021-11-09 15:47:00,PLTK
23.6203,23.67,23.6203,23.65,1000,2021-11-09 15:48:00,PLTK
23.66,23.69,23.64,23.64,3273,2021-11-09 15:49:00,PLTK
23.66,23.67,23.59,23.595,3103,2021-11-09 15:50:00,PLTK
23.61,23.61,23.58,23.59,882,2021-11-09 15:51:00,PLTK
23.61,23.61,23.57,23.57,900,2021-11-09 15:52:00,PLTK
23.585,23.6,23.53,23.53,3200,2021-11-09 15:53:00,PLTK
23.54,23.55,23.52,23.55,1716,2021-11-09 15:54:00,PLTK
23.54,23.57,23.52,23.56,4873,2021-11-09 15:55:00,PLTK
23.57,23.57,23.54,23.545,1920,2021-11-09 15:56:00,PLTK
23.56,23.6,23.53,23.53,4052,2021-11-09 15:57:00,PLTK
23.52,23.555,23.5,23.555,3397,2021-11-09 15:58:00,PLTK
23.57,23.58,23.53,23.54,1652,2021-11-09 15:59:00,PLTK
23.56,23.58,23.54,23.55,900,2021-11-09 16:00:00,PLTK
23.57,23.6,23.55,23.59,2615,2021-11-09 16:01:00,PLTK
23.59,23.63,23.56,23.61,1671,2021-11-09 16:02:00,PLTK
23.61,23.62,23.59,23.61,1498,2021-11-09 16:03:00,PLTK
23.59,23.59,23.56,23.59,1844,2021-11-09 16:04:00,PLTK
23.59,23.59,23.55,23.57,1500,2021-11-09 16:05:00,PLTK
23.57,23.57,23.515,23.53,1661,2021-11-09 16:06:00,PLTK
23.5,23.52,23.47,23.495,2028,2021-11-09 16:07:00,PLTK
23.51,23.51,23.48,23.48,500,2021-11-09 16:08:00,PLTK
23.475,23.48,23.45,23.47,1000,2021-11-09 16:09:00,PLTK
23.45,23.489,23.44,23.478,2606,2021-11-09 16:10:00,PLTK
23.48,23.48,23.48,23.48,500,2021-11-09 16:11:00,PLTK
23.48,23.48,23.44,23.47,1534,2021-11-09 16:12:00,PLTK
23.44,23.47,23.41,23.42,600,2021-11-09 16:13:00,PLTK
23.44,23.44,23.39,23.41,8581,2021-11-09 16:14:00,PLTK
23.46,23.51,23.455,23.51,15329,2021-11-09 16:15:00,PLTK
23.48,23.55,23.48,23.54,2512,2021-11-09 16:16:00,PLTK
23.52,23.6,23.52,23.55,2549,2021-11-09 16:17:00,PLTK
23.56,23.62,23.56,23.59,2002,2021-11-09 16:18:00,PLTK
23.56,23.59,23.55,23.55,3858,2021-11-09 16:19:00,PLTK
23.55,23.57,23.54,23.555,3031,2021-11-09 16:20:00,PLTK
23.555,23.555,23.5,23.51,4415,2021-11-09 16:21:00,PLTK
23.495,23.6,23.495,23.59,11593,2021-11-09 16:22:00,PLTK
23.59,23.67,23.59,23.64,6317,2021-11-09 16:23:00,PLTK
23.67,23.67,23.62,23.62,2100,2021-11-09 16:24:00,PLTK
23.66,23.66,23.59,23.6,2490,2021-11-09 16:25:00,PLTK
23.595,23.61,23.56,23.57,1500,2021-11-09 16:26:00,PLTK
23.565,23.57,23.51,23.51,14703,2021-11-09 16:27:00,PLTK
23.55,23.55,23.52,23.52,1300,2021-11-09 16:28:00,PLTK
23.52,23.52,23.43,23.455,1700,2021-11-09 16:29:00,PLTK
23.4335,23.45,23.42,23.42,380,2021-11-09 16:30:00,PLTK
23.45,23.45,23.38,23.38,1970,2021-11-09 16:31:00,PLTK
23.38,23.39,23.36,23.39,714,2021-11-09 16:32:00,PLTK
23.34,23.39,23.34,23.39,500,2021-11-09 16:33:00,PLTK
23.33,23.33,23.33,23.33,100,2021-11-09 16:34:00,PLTK
23.33,23.34,23.31,23.325,1070,2021-11-09 16:35:00,PLTK
23.325,23.37,23.26,23.355,7795,2021-11-09 16:36:00,PLTK
23.38,23.38,23.34,23.38,1300,2021-11-09 16:37:00,PLTK
23.37,23.38,23.36,23.365,1400,2021-11-09 16:38:00,PLTK
23.38,23.43,23.38,23.42,1842,2021-11-09 16:39:00,PLTK
23.44,23.47,23.42,23.44,500,2021-11-09 16:40:00,PLTK
23.445,23.47,23.445,23.47,400,2021-11-09 16:41:00,PLTK
23.45,23.47,23.43,23.43,3200,2021-11-09 16:42:00,PLTK
23.445,23.46,23.445,23.445,1300,2021-11-09 16:43:00,PLTK
23.46,23.5,23.458,23.5,2100,2021-11-09 16:44:00,PLTK
23.5,23.5,23.44,23.44,2528,2021-11-09 16:45:00,PLTK
23.435,23.45,23.435,23.44,400,2021-11-09 16:46:00,PLTK
23.4518,23.46,23.42,23.42,2900,2021-11-09 16:47:00,PLTK
23.425,23.44,23.425,23.425,300,2021-11-09 16:48:00,PLTK
23.425,23.44,23.42,23.42,721,2021-11-09 16:49:00,PLTK
23.44,23.44,23.34,23.35,5765,2021-11-09 16:50:00,PLTK
23.34,23.35,23.335,23.335,700,2021-11-09 16:51:00,PLTK
23.32,23.32,23.3,23.305,1400,2021-11-09 16:52:00,PLTK
23.305,23.32,23.29,23.32,720,2021-11-09 16:53:00,PLTK
23.32,23.32,23.3,23.32,600,2021-11-09 16:54:00,PLTK
23.31,23.31,23.31,23.31,600,2021-11-09 16:55:00,PLTK
23.31,23.31,23.3,23.31,400,2021-11-09 16:56:00,PLTK
23.31,23.31,23.29,23.3,1208,2021-11-09 16:57:00,PLTK
23.3,23.31,23.29,23.29,1000,2021-11-09 16:58:00,PLTK
23.29,23.29,23.26,23.27,1299,2021-11-09 16:59:00,PLTK
23.28,23.31,23.26,23.305,4735,2021-11-09 17:00:00,PLTK
23.32,23.36,23.31,23.325,1413,2021-11-09 17:01:00,PLTK
23.325,23.325,23.3,23.3,902,2021-11-09 17:02:00,PLTK
23.29,23.29,23.27,23.27,2100,2021-11-09 17:03:00,PLTK
23.28,23.29,23.22,23.22,2288,2021-11-09 17:04:00,PLTK
23.23,23.3,23.23,23.3,2501,2021-11-09 17:05:00,PLTK
23.2905,23.2905,23.27,23.285,920,2021-11-09 17:07:00,PLTK
23.29,23.3,23.29,23.3,600,2021-11-09 17:08:00,PLTK
23.28,23.28,23.265,23.265,500,2021-11-09 17:09:00,PLTK
23.275,23.275,23.26,23.27,1400,2021-11-09 17:10:00,PLTK
23.26,23.26,23.26,23.26,200,2021-11-09 17:11:00,PLTK
23.25,23.25,23.23,23.23,897,2021-11-09 17:12:00,PLTK
23.23,23.23,23.21,23.21,580,2021-11-09 17:13:00,PLTK
23.2,23.27,23.2,23.26,4650,2021-11-09 17:14:00,PLTK
23.28,23.28,23.27,23.27,300,2021-11-09 17:15:00,PLTK
23.265,23.265,23.265,23.265,100,2021-11-09 17:16:00,PLTK
23.25,23.26,23.25,23.26,924,2021-11-09 17:17:00,PLTK
23.255,23.29,23.255,23.26,2424,2021-11-09 17:18:00,PLTK
23.27,23.27,23.2611,23.2611,440,2021-11-09 17:19:00,PLTK
23.27,23.28,23.27,23.28,911,2021-11-09 17:20:00,PLTK
23.28,23.28,23.25,23.255,2580,2021-11-09 17:21:00,PLTK
23.255,23.255,23.25,23.25,300,2021-11-09 17:22:00,PLTK
23.25,23.25,23.25,23.25,2700,2021-11-09 17:23:00,PLTK
23.26,23.26,23.225,23.225,2787,2021-11-09 17:24:00,PLTK
23.23,23.23,23.2,23.21,1098,2021-11-09 17:25:00,PLTK
23.195,23.21,23.18,23.21,1456,2021-11-09 17:26:00,PLTK
23.205,23.205,23.205,23.205,200,2021-11-09 17:27:00,PLTK
23.22,23.22,23.22,23.22,200,2021-11-09 17:28:00,PLTK
23.215,23.22,23.215,23.22,200,2021-11-09 17:30:00,PLTK
23.2,23.2,23.19,23.19,500,2021-11-09 17:31:00,PLTK
23.19,23.198,23.18,23.19,900,2021-11-09 17:32:00,PLTK
23.19,23.19,23.19,23.19,100,2021-11-09 17:33:00,PLTK
23.19,23.2,23.19,23.2,1187,2021-11-09 17:34:00,PLTK
23.21,23.21,23.21,23.21,100,2021-11-09 17:35:00,PLTK
23.21,23.21,23.21,23.21,300,2021-11-09 17:36:00,PLTK
23.21,23.21,23.19,23.19,700,2021-11-09 17:38:00,PLTK
23.21,23.21,23.205,23.21,1100,2021-11-09 17:39:00,PLTK
23.21,23.21,23.21,23.21,100,2021-11-09 17:40:00,PLTK
23.215,23.22,23.21,23.21,400,2021-11-09 17:42:00,PLTK
23.22,23.24,23.22,23.235,674,2021-11-09 17:43:00,PLTK
23.268,23.27,23.25,23.25,500,2021-11-09 17:45:00,PLTK
23.25,23.25,23.22,23.22,870,2021-11-09 17:47:00,PLTK
23.2201,23.2201,23.2201,23.2201,120,2021-11-09 17:48:00,PLTK
23.25,23.26,23.25,23.26,695,2021-11-09 17:50:00,PLTK
23.26,23.27,23.23,23.23,5390,2021-11-09 17:51:00,PLTK
23.25,23.3,23.25,23.29,4229,2021-11-09 17:52:00,PLTK
23.27,23.29,23.27,23.28,1300,2021-11-09 17:53:00,PLTK
23.3,23.3,23.26,23.26,900,2021-11-09 17:54:00,PLTK
23.27,23.27,23.25,23.265,800,2021-11-09 17:55:00,PLTK
23.255,23.255,23.24,23.24,200,2021-11-09 17:56:00,PLTK
23.245,23.245,23.215,23.215,500,2021-11-09 17:57:00,PLTK
23.23,23.23,23.23,23.23,100,2021-11-09 17:58:00,PLTK
23.21,23.21,23.21,23.21,200,2021-11-09 17:59:00,PLTK
23.21,23.258,23.21,23.258,1317,2021-11-09 18:00:00,PLTK
23.26,23.26,23.23,23.245,400,2021-11-09 18:01:00,PLTK
23.26,23.26,23.26,23.26,200,2021-11-09 18:02:00,PLTK
23.26,23.31,23.24,23.28,6480,2021-11-09 18:03:00,PLTK
23.29,23.3,23.285,23.3,700,2021-11-09 18:04:00,PLTK
23.27,23.3,23.27,23.28,900,2021-11-09 18:05:00,PLTK
23.28,23.29,23.28,23.29,506,2021-11-09 18:06:00,PLTK
23.28,23.29,23.27,23.29,500,2021-11-09 18:07:00,PLTK
23.27,23.28,23.25,23.27,1700,2021-11-09 18:08:00,PLTK
23.245,23.245,23.24,23.24,300,2021-11-09 18:09:00,PLTK
23.24,23.24,23.21,23.21,200,2021-11-09 18:10:00,PLTK
23.24,23.24,23.24,23.24,100,2021-11-09 18:11:00,PLTK
23.23,23.24,23.23,23.24,801,2021-11-09 18:12:00,PLTK
23.23,23.23,23.22,23.22,800,2021-11-09 18:13:00,PLTK
23.24,23.24,23.225,23.225,655,2021-11-09 18:14:00,PLTK
23.23,23.24,23.23,23.23,700,2021-11-09 18:15:00,PLTK
23.24,23.25,23.24,23.24,873,2021-11-09 18:16:00,PLTK
23.26,23.26,23.26,23.26,300,2021-11-09 18:17:00,PLTK
23.27,23.27,23.25,23.26,831,2021-11-09 18:18:00,PLTK
23.25,23.25,23.25,23.25,100,2021-11-09 18:19:00,PLTK
23.24,23.25,23.22,23.22,900,2021-11-09 18:20:00,PLTK
23.24,23.24,23.24,23.24,100,2021-11-09 18:21:00,PLTK
23.225,23.225,23.225,23.225,100,2021-11-09 18:22:00,PLTK
23.21,23.21,23.21,23.21,800,2021-11-09 18:23:00,PLTK
23.2,23.22,23.2,23.22,1000,2021-11-09 18:24:00,PLTK
23.21,23.21,23.185,23.2,1200,2021-11-09 18:25:00,PLTK
23.16,23.18,23.16,23.17,674,2021-11-09 18:26:00,PLTK
23.177,23.18,23.177,23.18,932,2021-11-09 18:27:00,PLTK
23.18,23.18,23.13,23.165,3733,2021-11-09 18:28:00,PLTK
23.18,23.18,23.17,23.18,573,2021-11-09 18:29:00,PLTK
23.18,23.19,23.18,23.19,611,2021-11-09 18:30:00,PLTK
23.19,23.19,23.1729,23.1729,200,2021-11-09 18:31:00,PLTK
23.19,23.2,23.1846,23.1846,1963,2021-11-09 18:32:00,PLTK
23.21,23.21,23.195,23.195,225,2021-11-09 18:33:00,PLTK
23.21,23.21,23.195,23.195,360,2021-11-09 18:34:00,PLTK
23.21,23.21,23.21,23.21,200,2021-11-09 18:35:00,PLTK
23.21,23.21,23.18,23.19,1500,2021-11-09 18:36:00,PLTK
23.18,23.21,23.18,23.21,200,2021-11-09 18:37:00,PLTK
23.22,23.22,23.2,23.21,400,2021-11-09 18:39:00,PLTK
23.21,23.22,23.18,23.18,2661,2021-11-09 18:40:00,PLTK
23.19,23.2,23.19,23.2,200,2021-11-09 18:41:00,PLTK
23.2,23.2,23.2,23.2,600,2021-11-09 18:42:00,PLTK
23.185,23.2,23.185,23.185,600,2021-11-09 18:44:00,PLTK
23.2,23.27,23.2,23.27,2214,2021-11-09 18:45:00,PLTK
23.27,23.27,23.27,23.27,300,2021-11-09 18:46:00,PLTK
23.27,23.27,23.255,23.27,500,2021-11-09 18:47:00,PLTK
23.27,23.31,23.27,23.285,2481,2021-11-09 18:48:00,PLTK
23.27,23.28,23.26,23.26,1500,2021-11-09 18:49:00,PLTK
23.29,23.29,23.29,23.29,359,2021-11-09 18:50:00,PLTK
23.31,23.31,23.31,23.31,300,2021-11-09 18:51:00,PLTK
23.27,23.3,23.27,23.3,1200,2021-11-09 18:52:00,PLTK
23.3,23.3,23.29,23.29,300,2021-11-09 18:53:00,PLTK
23.29,23.3,23.28,23.3,1368,2021-11-09 18:54:00,PLTK
23.28,23.28,23.28,23.28,100,2021-11-09 18:55:00,PLTK
23.3,23.3,23.3,23.3,200,2021-11-09 18:56:00,PLTK
23.28,23.28,23.27,23.27,815,2021-11-09 18:58:00,PLTK
23.279,23.28,23.279,23.28,200,2021-11-09 18:59:00,PLTK
23.28,23.28,23.28,23.28,600,2021-11-09 19:00:00,PLTK
23.29,23.3,23.29,23.3,727,2021-11-09 19:01:00,PLTK
23.3,23.3,23.3,23.3,100,2021-11-09 19:02:00,PLTK
23.31,23.31,23.305,23.305,200,2021-11-09 19:03:00,PLTK
23.32,23.32,23.32,23.32,100,2021-11-09 19:04:00,PLTK
23.305,23.32,23.305,23.31,500,2021-11-09 19:05:00,PLTK
23.32,23.32,23.32,23.32,210,2021-11-09 19:06:00,PLTK
23.32,23.328,23.31,23.328,300,2021-11-09 19:07:00,PLTK
23.33,23.33,23.33,23.33,100,2021-11-09 19:08:00,PLTK
23.31,23.34,23.3,23.34,3413,2021-11-09 19:09:00,PLTK
23.34,23.34,23.34,23.34,400,2021-11-09 19:10:00,PLTK
23.36,23.36,23.34,23.34,800,2021-11-09 19:11:00,PLTK
23.36,23.38,23.36,23.365,1100,2021-11-09 19:12:00,PLTK
23.37,23.37,23.37,23.37,322,2021-11-09 19:13:00,PLTK
23.36,23.36,23.36,23.36,800,2021-11-09 19:14:00,PLTK
23.36,23.38,23.36,23.36,900,2021-11-09 19:15:00,PLTK
23.36,23.37,23.36,23.37,400,2021-11-09 19:16:00,PLTK
23.37,23.38,23.365,23.38,1100,2021-11-09 19:17:00,PLTK
23.38,23.39,23.38,23.39,1011,2021-11-09 19:18:00,PLTK
23.39,23.39,23.37,23.38,600,2021-11-09 19:19:00,PLTK
23.37,23.37,23.37,23.37,1203,2021-11-09 19:20:00,PLTK
23.39,23.415,23.39,23.4,1605,2021-11-09 19:21:00,PLTK
23.3979,23.42,23.39,23.42,500,2021-11-09 19:22:00,PLTK
23.41,23.41,23.4,23.4,1200,2021-11-09 19:23:00,PLTK
23.41,23.42,23.39,23.41,7771,2021-11-09 19:24:00,PLTK
23.4,23.42,23.4,23.41,1521,2021-11-09 19:25:00,PLTK
23.41,23.42,23.4,23.4,1557,2021-11-09 19:26:00,PLTK
23.41,23.41,23.41,23.41,350,2021-11-09 19:27:00,PLTK
23.42,23.44,23.415,23.42,1300,2021-11-09 19:28:00,PLTK
23.42,23.43,23.42,23.43,1000,2021-11-09 19:29:00,PLTK
23.44,23.47,23.44,23.47,513,2021-11-09 19:30:00,PLTK
23.47,23.47,23.46,23.46,900,2021-11-09 19:31:00,PLTK
23.45,23.45,23.415,23.415,1118,2021-11-09 19:32:00,PLTK
23.405,23.405,23.405,23.405,100,2021-11-09 19:33:00,PLTK
23.39,23.4,23.37,23.37,800,2021-11-09 19:34:00,PLTK
23.38,23.395,23.38,23.395,1216,2021-11-09 19:35:00,PLTK
23.395,23.395,23.38,23.38,500,2021-11-09 19:36:00,PLTK
23.4,23.4,23.4,23.4,200,2021-11-09 19:37:00,PLTK
23.4,23.42,23.4,23.41,1262,2021-11-09 19:38:00,PLTK
23.43,23.44,23.43,23.44,200,2021-11-09 19:39:00,PLTK
23.42,23.44,23.41,23.44,400,2021-11-09 19:40:00,PLTK
23.42,23.42,23.38,23.38,900,2021-11-09 19:41:00,PLTK
23.37,23.375,23.37,23.37,500,2021-11-09 19:42:00,PLTK
23.33,23.36,23.33,23.36,1812,2021-11-09 19:43:00,PLTK
23.38,23.38,23.34,23.34,300,2021-11-09 19:44:00,PLTK
23.36,23.36,23.36,23.36,100,2021-11-09 19:45:00,PLTK
23.36,23.36,23.34,23.34,200,2021-11-09 19:46:00,PLTK
23.35,23.36,23.33,23.34,1989,2021-11-09 19:47:00,PLTK
23.34,23.345,23.33,23.33,1031,2021-11-09 19:48:00,PLTK
23.34,23.34,23.34,23.34,404,2021-11-09 19:49:00,PLTK
23.34,23.36,23.34,23.35,1900,2021-11-09 19:50:00,PLTK
23.36,23.36,23.34,23.36,700,2021-11-09 19:51:00,PLTK
23.34,23.36,23.34,23.36,1500,2021-11-09 19:52:00,PLTK
23.36,23.36,23.34,23.34,816,2021-11-09 19:53:00,PLTK
23.36,23.415,23.36,23.41,3688,2021-11-09 19:54:00,PLTK
23.43,23.44,23.43,23.44,700,2021-11-09 19:55:00,PLTK
23.44,23.44,23.39,23.395,2900,2021-11-09 19:56:00,PLTK
23.4,23.43,23.4,23.43,2413,2021-11-09 19:57:00,PLTK
23.43,23.45,23.41,23.45,2127,2021-11-09 19:58:00,PLTK
23.45,23.47,23.44,23.44,2390,2021-11-09 19:59:00,PLTK
23.44,23.45,23.43,23.43,1155,2021-11-09 20:00:00,PLTK
23.425,23.425,23.425,23.425,200,2021-11-09 20:02:00,PLTK
23.425,23.43,23.42,23.42,1408,2021-11-09 20:03:00,PLTK
23.42,23.43,23.42,23.43,828,2021-11-09 20:04:00,PLTK
23.42,23.43,23.42,23.428,300,2021-11-09 20:05:00,PLTK
23.42,23.42,23.39,23.39,1200,2021-11-09 20:06:00,PLTK
23.38,23.39,23.37,23.38,804,2021-11-09 20:07:00,PLTK
23.37,23.37,23.37,23.37,200,2021-11-09 20:08:00,PLTK
23.375,23.38,23.375,23.38,200,2021-11-09 20:09:00,PLTK
23.37,23.37,23.36,23.36,1197,2021-11-09 20:10:00,PLTK
23.36,23.36,23.36,23.36,359,2021-11-09 20:12:00,PLTK
23.36,23.37,23.36,23.37,700,2021-11-09 20:13:00,PLTK
23.37,23.38,23.36,23.3601,3317,2021-11-09 20:14:00,PLTK
23.36,23.37,23.36,23.37,200,2021-11-09 20:15:00,PLTK
23.37,23.39,23.37,23.39,1817,2021-11-09 20:16:00,PLTK
23.38,23.39,23.38,23.39,200,2021-11-09 20:17:00,PLTK
23.38,23.39,23.33,23.33,2913,2021-11-09 20:18:00,PLTK
23.35,23.37,23.35,23.37,1600,2021-11-09 20:19:00,PLTK
23.35,23.37,23.35,23.37,528,2021-11-09 20:20:00,PLTK
23.37,23.39,23.37,23.39,1339,2021-11-09 20:21:00,PLTK
23.38,23.38,23.38,23.38,200,2021-11-09 20:22:00,PLTK
23.4,23.4,23.3746,23.4,659,2021-11-09 20:23:00,PLTK
23.39,23.41,23.39,23.39,943,2021-11-09 20:24:00,PLTK
23.41,23.41,23.39,23.39,300,2021-11-09 20:25:00,PLTK
23.4,23.4,23.4,23.4,100,2021-11-09 20:26:00,PLTK
23.3858,23.4,23.3858,23.4,360,2021-11-09 20:27:00,PLTK
23.38,23.4,23.38,23.38,1785,2021-11-09 20:28:00,PLTK
23.38,23.39,23.37,23.37,1478,2021-11-09 20:29:00,PLTK
23.38,23.42,23.38,23.42,3416,2021-11-09 20:30:00,PLTK
23.4,23.41,23.385,23.41,1830,2021-11-09 20:31:00,PLTK
23.4,23.415,23.4,23.415,1000,2021-11-09 20:32:00,PLTK
23.41,23.41,23.4,23.41,900,2021-11-09 20:33:00,PLTK
23.41,23.42,23.4,23.42,700,2021-11-09 20:34:00,PLTK
23.41,23.42,23.37,23.38,2886,2021-11-09 20:35:00,PLTK
23.39,23.39,23.37,23.37,803,2021-11-09 20:36:00,PLTK
23.38,23.385,23.37,23.385,1135,2021-11-09 20:37:00,PLTK
23.38,23.405,23.38,23.405,3052,2021-11-09 20:38:00,PLTK
23.41,23.44,23.41,23.42,2563,2021-11-09 20:39:00,PLTK
23.425,23.47,23.425,23.465,5944,2021-11-09 20:40:00,PLTK
23.465,23.47,23.46,23.46,400,2021-11-09 20:41:00,PLTK
23.46,23.46,23.45,23.45,900,2021-11-09 20:42:00,PLTK
23.45,23.46,23.44,23.45,2732,2021-11-09 20:43:00,PLTK
23.46,23.46,23.45,23.46,1000,2021-11-09 20:44:00,PLTK
23.46,23.47,23.46,23.465,2180,2021-11-09 20:45:00,PLTK
23.47,23.47,23.445,23.445,1800,2021-11-09 20:46:00,PLTK
23.445,23.45,23.445,23.45,600,2021-11-09 20:47:00,PLTK
23.445,23.46,23.44,23.44,4700,2021-11-09 20:48:00,PLTK
23.44,23.45,23.44,23.44,1900,2021-11-09 20:49:00,PLTK
23.43,23.44,23.23,23.25,23017,2021-11-09 20:50:00,PLTK
23.23,23.235,23.19,23.2,11982,2021-11-09 20:51:00,PLTK
23.19,23.195,23.15,23.175,9912,2021-11-09 20:52:00,PLTK
23.17,23.3,23.14,23.3,22401,2021-11-09 20:53:00,PLTK
23.305,23.35,23.29,23.35,5322,2021-11-09 20:54:00,PLTK
23.33,23.39,23.33,23.36,10595,2021-11-09 20:55:00,PLTK
23.36,23.38,23.34,23.38,9863,2021-11-09 20:56:00,PLTK
23.375,23.4,23.36,23.4,8657,2021-11-09 20:57:00,PLTK
23.4,23.42,23.36,23.38,12832,2021-11-09 20:58:00,PLTK
23.37,23.41,23.35,23.41,12640,2021-11-09 20:59:00,PLTK
23.38,23.38,23.38,23.38,488533,2021-11-09 21:00:00,PLTK
23.38,23.38,23.38,23.38,8700,2021-11-09 21:08:00,PLTK
23.01,23.01,23.01,23.01,288,2021-11-09 21:39:00,PLTK
23.1,23.1,23.1,23.1,100,2021-11-10 14:29:00,PLTK
23.07,23.36,23.07,23.18,7247,2021-11-10 14:30:00,PLTK
23.21,23.24,23.13,23.14,1274,2021-11-10 14:32:00,PLTK
23.19,23.25,23.19,23.25,500,2021-11-10 14:33:00,PLTK
23.16,23.16,23.1,23.1,1596,2021-11-10 14:34:00,PLTK
23.16,23.25,23.16,23.23,2700,2021-11-10 14:35:00,PLTK
23.305,23.305,23.24,23.24,300,2021-11-10 14:36:00,PLTK
23.2412,23.2412,23.24,23.24,1100,2021-11-10 14:37:00,PLTK
23.19,23.19,23.13,23.165,700,2021-11-10 14:38:00,PLTK
23.2,23.2,23.2,23.2,100,2021-11-10 14:39:00,PLTK
23.13,23.17,23.12,23.17,969,2021-11-10 14:41:00,PLTK
23.16,23.16,23.14,23.14,300,2021-11-10 14:42:00,PLTK
23.2,23.2,23.2,23.2,100,2021-11-10 14:43:00,PLTK
23.195,23.195,23.195,23.195,100,2021-11-10 14:45:00,PLTK
23.25,23.36,23.25,23.36,1354,2021-11-10 14:46:00,PLTK
23.36,23.41,23.36,23.39,2090,2021-11-10 14:47:00,PLTK
23.38,23.4399,23.35,23.4399,1050,2021-11-10 14:48:00,PLTK
23.4,23.4,23.3542,23.3542,300,2021-11-10 14:49:00,PLTK
23.32,23.33,23.31,23.32,2000,2021-11-10 14:51:00,PLTK
23.35,23.44,23.35,23.43,1313,2021-11-10 14:52:00,PLTK
23.47,23.47,23.47,23.47,200,2021-11-10 14:53:00,PLTK
23.437,23.47,23.437,23.47,300,2021-11-10 14:54:00,PLTK
23.455,23.455,23.455,23.455,200,2021-11-10 14:55:00,PLTK
23.45,23.46,23.405,23.405,1100,2021-11-10 14:56:00,PLTK
23.43,23.45,23.43,23.43,800,2021-11-10 14:57:00,PLTK
23.446,23.446,23.44,23.446,300,2021-11-10 14:58:00,PLTK
23.45,23.5,23.45,23.5,2598,2021-11-10 14:59:00,PLTK
23.51,23.56,23.5,23.56,901,2021-11-10 15:00:00,PLTK
23.54,23.57,23.52,23.52,400,2021-11-10 15:01:00,PLTK
23.53,23.56,23.43,23.43,1535,2021-11-10 15:02:00,PLTK
23.41,23.48,23.41,23.46,1900,2021-11-10 15:03:00,PLTK
23.53,23.57,23.53,23.57,500,2021-11-10 15:04:00,PLTK
23.57,23.5773,23.52,23.5277,1504,2021-11-10 15:05:00,PLTK
23.5,23.5,23.47,23.48,700,2021-11-10 15:06:00,PLTK
23.53,23.56,23.53,23.53,850,2021-11-10 15:07:00,PLTK
23.535,23.57,23.535,23.57,200,2021-11-10 15:08:00,PLTK
23.62,23.62,23.58,23.58,400,2021-11-10 15:09:00,PLTK
23.6,23.6,23.6,23.6,400,2021-11-10 15:10:00,PLTK
23.59,23.59,23.5,23.51,1434,2021-11-10 15:11:00,PLTK
23.505,23.505,23.505,23.505,100,2021-11-10 15:12:00,PLTK
23.49,23.52,23.49,23.505,1100,2021-11-10 15:15:00,PLTK
23.48,23.485,23.48,23.485,400,2021-11-10 15:16:00,PLTK
23.455,23.455,23.455,23.455,100,2021-11-10 15:17:00,PLTK
23.48,23.53,23.48,23.53,600,2021-11-10 15:18:00,PLTK
23.5,23.5,23.46,23.48,800,2021-11-10 15:19:00,PLTK
23.5,23.52,23.5,23.51,741,2021-11-10 15:20:00,PLTK
23.5,23.5,23.485,23.485,707,2021-11-10 15:21:00,PLTK
23.485,23.485,23.445,23.475,2338,2021-11-10 15:22:00,PLTK
23.49,23.52,23.48,23.48,1900,2021-11-10 15:23:00,PLTK
23.46,23.46,23.39,23.39,1976,2021-11-10 15:24:00,PLTK
23.41,23.46,23.41,23.45,1200,2021-11-10 15:25:00,PLTK
23.445,23.45,23.42,23.42,1117,2021-11-10 15:26:00,PLTK
23.42,23.42,23.41,23.41,279,2021-11-10 15:27:00,PLTK
23.35,23.35,23.35,23.35,100,2021-11-10 15:28:00,PLTK
23.37,23.38,23.37,23.38,500,2021-11-10 15:29:00,PLTK
23.4238,23.4238,23.39,23.39,314,2021-11-10 15:30:00,PLTK
23.42,23.45,23.42,23.43,1678,2021-11-10 15:31:00,PLTK
23.43,23.43,23.39,23.39,1000,2021-11-10 15:32:00,PLTK
23.4,23.4,23.4,23.4,307,2021-11-10 15:33:00,PLTK
23.38,23.38,23.352,23.352,500,2021-11-10 15:34:00,PLTK
23.34,23.38,23.34,23.38,1010,2021-11-10 15:35:00,PLTK
23.39,23.39,23.39,23.39,345,2021-11-10 15:36:00,PLTK
23.39,23.39,23.39,23.39,200,2021-11-10 15:37:00,PLTK
23.43,23.43,23.43,23.43,100,2021-11-10 15:38:00,PLTK
23.43,23.435,23.41,23.435,308,2021-11-10 15:39:00,PLTK
23.44,23.46,23.42,23.44,1652,2021-11-10 15:40:00,PLTK
23.45,23.45,23.44,23.44,1237,2021-11-10 15:41:00,PLTK
23.43,23.43,23.4,23.4,614,2021-11-10 15:42:00,PLTK
23.4,23.4,23.4,23.4,415,2021-11-10 15:43:00,PLTK
23.4,23.4,23.4,23.4,334,2021-11-10 15:44:00,PLTK
23.405,23.47,23.4,23.47,7057,2021-11-10 15:45:00,PLTK
23.47,23.475,23.45,23.465,1279,2021-11-10 15:46:00,PLTK
23.465,23.465,23.465,23.465,716,2021-11-10 15:47:00,PLTK
23.45,23.45,23.4,23.44,3723,2021-11-10 15:48:00,PLTK
23.44,23.49,23.44,23.47,1700,2021-11-10 15:49:00,PLTK
23.47,23.47,23.45,23.458,1124,2021-11-10 15:50:00,PLTK
23.445,23.445,23.43,23.43,2716,2021-11-10 15:51:00,PLTK
23.415,23.415,23.41,23.41,800,2021-11-10 15:52:00,PLTK
23.39,23.39,23.39,23.39,100,2021-11-10 15:53:00,PLTK
23.4,23.4,23.36,23.36,1713,2021-11-10 15:54:00,PLTK
23.35,23.36,23.34,23.34,600,2021-11-10 15:55:00,PLTK
23.3654,23.3654,23.34,23.34,1014,2021-11-10 15:56:00,PLTK
23.345,23.42,23.345,23.42,5285,2021-11-10 15:57:00,PLTK
23.415,23.42,23.415,23.42,448,2021-11-10 15:58:00,PLTK
23.41,23.42,23.41,23.415,600,2021-11-10 15:59:00,PLTK
23.42,23.42,23.41,23.41,500,2021-11-10 16:00:00,PLTK
23.4,23.41,23.4,23.41,1092,2021-11-10 16:01:00,PLTK
23.4,23.4,23.38,23.38,1000,2021-11-10 16:02:00,PLTK
23.36,23.365,23.345,23.355,2021,2021-11-10 16:03:00,PLTK
23.355,23.355,23.33,23.33,3902,2021-11-10 16:04:00,PLTK
23.325,23.325,23.28,23.28,1000,2021-11-10 16:05:00,PLTK
23.28,23.3,23.27,23.27,1306,2021-11-10 16:06:00,PLTK
23.28,23.28,23.2,23.2,3700,2021-11-10 16:07:00,PLTK
23.2,23.22,23.2,23.215,3369,2021-11-10 16:08:00,PLTK
23.22,23.22,23.15,23.165,3933,2021-11-10 16:09:00,PLTK
23.15,23.15,23.14,23.14,10721,2021-11-10 16:10:00,PLTK
23.15,23.18,23.145,23.175,2776,2021-11-10 16:11:00,PLTK
23.17,23.18,23.17,23.18,400,2021-11-10 16:12:00,PLTK
23.18,23.18,23.17,23.17,500,2021-11-10 16:13:00,PLTK
23.17,23.24,23.17,23.24,5200,2021-11-10 16:14:00,PLTK
23.23,23.23,23.23,23.23,100,2021-11-10 16:15:00,PLTK
23.25,23.27,23.25,23.26,758,2021-11-10 16:16:00,PLTK
23.265,23.3,23.26,23.27,903,2021-11-10 16:17:00,PLTK
23.26,23.27,23.24,23.25,2018,2021-11-10 16:18:00,PLTK
23.23,23.24,23.21,23.21,400,2021-11-10 16:19:00,PLTK
23.205,23.24,23.205,23.23,1700,2021-11-10 16:20:00,PLTK
23.24,23.25,23.24,23.24,700,2021-11-10 16:21:00,PLTK
23.26,23.27,23.25,23.26,700,2021-11-10 16:22:00,PLTK
23.26,23.268,23.25,23.255,1600,2021-11-10 16:23:00,PLTK
23.26,23.29,23.26,23.29,1907,2021-11-10 16:24:00,PLTK
23.28,23.29,23.28,23.28,1400,2021-11-10 16:25:00,PLTK
23.3,23.3,23.29,23.295,1370,2021-11-10 16:26:00,PLTK
23.3,23.3,23.3,23.3,215,2021-11-10 16:27:00,PLTK
23.29,23.29,23.28,23.29,700,2021-11-10 16:28:00,PLTK
23.3,23.3,23.283,23.283,1282,2021-11-10 16:30:00,PLTK
23.29,23.29,23.29,23.29,400,2021-11-10 16:31:00,PLTK
23.3,23.3,23.29,23.3,1300,2021-11-10 16:32:00,PLTK
23.323,23.323,23.315,23.32,550,2021-11-10 16:33:00,PLTK
23.33,23.33,23.33,23.33,300,2021-11-10 16:34:00,PLTK
23.33,23.33,23.32,23.32,828,2021-11-10 16:35:00,PLTK
23.34,23.37,23.34,23.37,1347,2021-11-10 16:37:00,PLTK
23.37,23.43,23.37,23.42,2300,2021-11-10 16:38:00,PLTK
23.42,23.42,23.41,23.41,544,2021-11-10 16:39:00,PLTK
23.43,23.43,23.39,23.41,2400,2021-11-10 16:41:00,PLTK
23.39,23.41,23.39,23.4,862,2021-11-10 16:42:00,PLTK
23.39,23.39,23.38,23.38,1803,2021-11-10 16:43:00,PLTK
23.38,23.39,23.38,23.39,200,2021-11-10 16:44:00,PLTK
23.38,23.39,23.36,23.38,1166,2021-11-10 16:45:00,PLTK
23.39,23.39,23.355,23.355,700,2021-11-10 16:47:00,PLTK
23.355,23.37,23.35,23.35,1400,2021-11-10 16:48:00,PLTK
23.38,23.39,23.36,23.36,2000,2021-11-10 16:49:00,PLTK
23.38,23.38,23.34,23.34,2900,2021-11-10 16:50:00,PLTK
23.35,23.35,23.27,23.3,1120,2021-11-10 16:51:00,PLTK
23.27,23.335,23.27,23.31,2200,2021-11-10 16:52:00,PLTK
23.32,23.32,23.32,23.32,214,2021-11-10 16:54:00,PLTK
23.29,23.29,23.29,23.29,100,2021-11-10 16:55:00,PLTK
23.3,23.31,23.28,23.295,2931,2021-11-10 16:56:00,PLTK
23.28,23.32,23.27,23.27,3470,2021-11-10 16:57:00,PLTK
23.28,23.3,23.26,23.28,1000,2021-11-10 16:58:00,PLTK
23.26,23.285,23.26,23.285,200,2021-11-10 16:59:00,PLTK
23.28,23.3,23.28,23.28,300,2021-11-10 17:00:00,PLTK
23.275,23.275,23.26,23.26,900,2021-11-10 17:01:00,PLTK
23.29,23.29,23.28,23.28,1100,2021-11-10 17:02:00,PLTK
23.2895,23.29,23.28,23.285,2200,2021-11-10 17:03:00,PLTK
23.28,23.33,23.28,23.28,5330,2021-11-10 17:04:00,PLTK
23.2995,23.2995,23.27,23.285,1500,2021-11-10 17:05:00,PLTK
23.285,23.285,23.285,23.285,100,2021-11-10 17:06:00,PLTK
23.29,23.29,23.27,23.27,200,2021-11-10 17:07:00,PLTK
23.31,23.32,23.31,23.32,400,2021-11-10 17:08:00,PLTK
23.33,23.335,23.31,23.335,1300,2021-11-10 17:09:00,PLTK
23.34,23.34,23.33,23.33,1800,2021-11-10 17:10:00,PLTK
23.31,23.33,23.3,23.3,1926,2021-11-10 17:11:00,PLTK
23.3,23.31,23.29,23.29,600,2021-11-10 17:12:00,PLTK
23.3,23.31,23.3,23.31,200,2021-11-10 17:13:00,PLTK
23.28,23.28,23.28,23.28,100,2021-11-10 17:14:00,PLTK
23.29,23.29,23.2811,23.2811,213,2021-11-10 17:15:00,PLTK
23.28,23.28,23.27,23.27,300,2021-11-10 17:16:00,PLTK
23.265,23.275,23.26,23.275,1100,2021-11-10 17:17:00,PLTK
23.29,23.3,23.27,23.28,600,2021-11-10 17:18:00,PLTK
23.3,23.3,23.3,23.3,300,2021-11-10 17:19:00,PLTK
23.31,23.32,23.29,23.305,2094,2021-11-10 17:20:00,PLTK
23.31,23.33,23.31,23.33,600,2021-11-10 17:21:00,PLTK
23.34,23.34,23.34,23.34,500,2021-11-10 17:22:00,PLTK
23.345,23.345,23.345,23.345,100,2021-11-10 17:23:00,PLTK
23.35,23.35,23.35,23.35,200,2021-11-10 17:24:00,PLTK
23.37,23.39,23.33,23.37,2900,2021-11-10 17:25:00,PLTK
23.36,23.36,23.355,23.355,500,2021-11-10 17:27:00,PLTK
23.33,23.36,23.33,23.36,2700,2021-11-10 17:28:00,PLTK
23.35,23.35,23.35,23.35,100,2021-11-10 17:29:00,PLTK
23.35,23.39,23.34,23.34,1500,2021-11-10 17:30:00,PLTK
23.41,23.41,23.38,23.38,2600,2021-11-10 17:34:00,PLTK
23.4,23.4,23.4,23.4,650,2021-11-10 17:35:00,PLTK
23.4,23.41,23.39,23.4,700,2021-11-10 17:36:00,PLTK
23.39,23.39,23.38,23.38,1100,2021-11-10 17:37:00,PLTK
23.39,23.39,23.37,23.37,300,2021-11-10 17:38:00,PLTK
23.37,23.37,23.365,23.365,465,2021-11-10 17:39:00,PLTK
23.36,23.36,23.36,23.36,300,2021-11-10 17:40:00,PLTK
23.36,23.36,23.36,23.36,100,2021-11-10 17:41:00,PLTK
23.37,23.39,23.37,23.385,1200,2021-11-10 17:42:00,PLTK
23.4,23.4,23.38,23.38,2400,2021-11-10 17:43:00,PLTK
23.36,23.36,23.32,23.33,1400,2021-11-10 17:44:00,PLTK
23.35,23.35,23.35,23.35,300,2021-11-10 17:45:00,PLTK
23.37,23.37,23.365,23.365,1100,2021-11-10 17:46:00,PLTK
23.38,23.4,23.37,23.39,1400,2021-11-10 17:47:00,PLTK
23.38,23.38,23.36,23.36,550,2021-11-10 17:48:00,PLTK
23.36,23.37,23.35,23.37,500,2021-11-10 17:49:00,PLTK
23.375,23.39,23.36,23.36,1000,2021-11-10 17:50:00,PLTK
23.38,23.43,23.38,23.425,1323,2021-11-10 17:51:00,PLTK
23.43,23.44,23.42,23.42,2384,2021-11-10 17:52:00,PLTK
23.42,23.42,23.42,23.42,1416,2021-11-10 17:53:00,PLTK
23.415,23.415,23.415,23.415,100,2021-11-10 17:54:00,PLTK
23.42,23.44,23.42,23.44,4266,2021-11-10 17:55:00,PLTK
23.425,23.425,23.42,23.42,500,2021-11-10 17:56:00,PLTK
23.42,23.42,23.42,23.42,300,2021-11-10 17:57:00,PLTK
23.42,23.44,23.41,23.44,4328,2021-11-10 17:59:00,PLTK
23.44,23.5,23.44,23.5,3865,2021-11-10 18:00:00,PLTK
23.47,23.47,23.435,23.435,1000,2021-11-10 18:01:00,PLTK
23.435,23.435,23.41,23.41,14401,2021-11-10 18:02:00,PLTK
23.41,23.41,23.405,23.405,324,2021-11-10 18:03:00,PLTK
23.4,23.4,23.39,23.39,700,2021-11-10 18:04:00,PLTK
23.38,23.39,23.365,23.365,1400,2021-11-10 18:05:00,PLTK
23.37,23.37,23.34,23.35,400,2021-11-10 18:08:00,PLTK
23.36,23.43,23.36,23.43,2000,2021-11-10 18:09:00,PLTK
23.41,23.42,23.39,23.39,700,2021-11-10 18:10:00,PLTK
23.4,23.4,23.4,23.4,300,2021-11-10 18:11:00,PLTK
23.38,23.38,23.36,23.38,500,2021-11-10 18:13:00,PLTK
23.36,23.36,23.36,23.36,300,2021-11-10 18:14:00,PLTK
23.36,23.36,23.36,23.36,100,2021-11-10 18:15:00,PLTK
23.33,23.33,23.33,23.33,100,2021-11-10 18:16:00,PLTK
23.3,23.3,23.3,23.3,100,2021-11-10 18:17:00,PLTK
23.3,23.3,23.3,23.3,100,2021-11-10 18:18:00,PLTK
23.29,23.29,23.29,23.29,100,2021-11-10 18:19:00,PLTK
23.275,23.275,23.275,23.275,100,2021-11-10 18:20:00,PLTK
23.23,23.24,23.23,23.24,1000,2021-11-10 18:21:00,PLTK
23.25,23.25,23.22,23.22,1800,2021-11-10 18:22:00,PLTK
23.235,23.235,23.22,23.22,200,2021-11-10 18:23:00,PLTK
23.22,23.23,23.2,23.21,1900,2021-11-10 18:24:00,PLTK
23.21,23.25,23.21,23.25,1100,2021-11-10 18:25:00,PLTK
23.22,23.22,23.22,23.22,200,2021-11-10 18:26:00,PLTK
23.24,23.26,23.24,23.24,400,2021-11-10 18:27:00,PLTK
23.22,23.23,23.22,23.23,200,2021-11-10 18:28:00,PLTK
23.215,23.25,23.215,23.25,200,2021-11-10 18:29:00,PLTK
23.245,23.245,23.23,23.23,680,2021-11-10 18:32:00,PLTK
23.21,23.21,23.2,23.2,800,2021-11-10 18:33:00,PLTK
23.19,23.22,23.19,23.22,400,2021-11-10 18:34:00,PLTK
23.18,23.2,23.18,23.2,1000,2021-11-10 18:36:00,PLTK
23.21,23.21,23.19,23.19,500,2021-11-10 18:37:00,PLTK
23.18,23.18,23.18,23.18,100,2021-11-10 18:38:00,PLTK
23.17,23.17,23.17,23.17,272,2021-11-10 18:39:00,PLTK
23.17,23.17,23.17,23.17,600,2021-11-10 18:41:00,PLTK
23.17,23.17,23.17,23.17,215,2021-11-10 18:42:00,PLTK
23.14,23.15,23.14,23.15,700,2021-11-10 18:43:00,PLTK
23.16,23.17,23.15,23.16,700,2021-11-10 18:44:00,PLTK
23.18,23.18,23.15,23.16,1389,2021-11-10 18:45:00,PLTK
23.13,23.13,23.13,23.13,400,2021-11-10 18:46:00,PLTK
23.135,23.135,23.135,23.135,200,2021-11-10 18:47:00,PLTK
23.13,23.13,23.13,23.13,100,2021-11-10 18:48:00,PLTK
23.12,23.14,23.11,23.14,2287,2021-11-10 18:49:00,PLTK
23.16,23.17,23.15,23.15,1000,2021-11-10 18:50:00,PLTK
23.16,23.16,23.16,23.16,300,2021-11-10 18:51:00,PLTK
23.14,23.14,23.14,23.14,100,2021-11-10 18:52:00,PLTK
23.13,23.15,23.13,23.14,600,2021-11-10 18:53:00,PLTK
23.12,23.14,23.12,23.13,1200,2021-11-10 18:54:00,PLTK
23.125,23.125,23.11,23.11,500,2021-11-10 18:55:00,PLTK
23.115,23.13,23.115,23.13,500,2021-11-10 18:56:00,PLTK
23.12,23.12,23.12,23.12,200,2021-11-10 18:57:00,PLTK
23.12,23.14,23.12,23.12,1950,2021-11-10 18:58:00,PLTK
23.125,23.125,23.11,23.11,700,2021-11-10 18:59:00,PLTK
23.11,23.11,23.1,23.1,750,2021-11-10 19:00:00,PLTK
23.09,23.1,23.09,23.095,500,2021-11-10 19:01:00,PLTK
23.1,23.1,23.09,23.1,600,2021-11-10 19:02:00,PLTK
23.1,23.1,23.05,23.07,2200,2021-11-10 19:03:00,PLTK
23.05,23.07,23.05,23.05,500,2021-11-10 19:04:00,PLTK
23.04,23.06,23.035,23.06,957,2021-11-10 19:05:00,PLTK
23.07,23.07,23.06,23.06,200,2021-11-10 19:06:00,PLTK
23.0606,23.08,23.05,23.07,769,2021-11-10 19:07:00,PLTK
23.061,23.08,23.06,23.08,1786,2021-11-10 19:08:00,PLTK
23.08,23.085,23.08,23.08,543,2021-11-10 19:09:00,PLTK
23.08,23.08,23.06,23.06,300,2021-11-10 19:10:00,PLTK
23.05,23.05,23.04,23.05,2250,2021-11-10 19:11:00,PLTK
23.05,23.05,23.04,23.05,705,2021-11-10 19:12:00,PLTK
23.04,23.05,23.04,23.04,900,2021-11-10 19:13:00,PLTK
23.035,23.04,23.02,23.03,6639,2021-11-10 19:14:00,PLTK
23.04,23.04,23.03,23.04,500,2021-11-10 19:15:00,PLTK
23.04,23.05,23.04,23.05,1176,2021-11-10 19:16:00,PLTK
23.05,23.07,23.05,23.07,900,2021-11-10 19:17:00,PLTK
23.08,23.08,23.065,23.07,6290,2021-11-10 19:19:00,PLTK
23.065,23.07,23.04,23.04,600,2021-11-10 19:20:00,PLTK
23.055,23.09,23.055,23.09,1413,2021-11-10 19:21:00,PLTK
23.07,23.08,23.06,23.06,1100,2021-11-10 19:22:00,PLTK
23.07,23.1,23.07,23.1,1261,2021-11-10 19:23:00,PLTK
23.1,23.1,23.08,23.08,1190,2021-11-10 19:24:00,PLTK
23.09,23.1,23.08,23.08,951,2021-11-10 19:25:00,PLTK
23.07,23.08,23.07,23.08,700,2021-11-10 19:26:00,PLTK
23.065,23.065,23.065,23.065,400,2021-11-10 19:27:00,PLTK
23.06,23.06,23.045,23.045,800,2021-11-10 19:28:00,PLTK
23.04,23.04,23.02,23.02,2200,2021-11-10 19:29:00,PLTK
23.05,23.05,23.03,23.03,700,2021-11-10 19:30:00,PLTK
23.04,23.05,23.04,23.05,300,2021-11-10 19:31:00,PLTK
23.04,23.04,23.035,23.035,200,2021-11-10 19:32:00,PLTK
23.045,23.045,23.045,23.045,300,2021-11-10 19:33:00,PLTK
23.03,23.03,23.03,23.03,200,2021-11-10 19:34:00,PLTK
23.03,23.04,23.03,23.035,900,2021-11-10 19:35:00,PLTK
23.04,23.05,23.04,23.04,600,2021-11-10 19:36:00,PLTK
23.03,23.03,23.02,23.02,900,2021-11-10 19:37:00,PLTK
23.04,23.04,23.02,23.04,2062,2021-11-10 19:38:00,PLTK
23.035,23.035,23.02,23.022,1214,2021-11-10 19:39:00,PLTK
23.04,23.05,23.02,23.02,900,2021-11-10 19:40:00,PLTK
23.03,23.04,23.03,23.04,600,2021-11-10 19:41:00,PLTK
23.03,23.03,23.03,23.03,1200,2021-11-10 19:42:00,PLTK
23.03,23.03,23.03,23.03,100,2021-11-10 19:43:00,PLTK
23.02,23.025,23.02,23.02,7788,2021-11-10 19:44:00,PLTK
23.025,23.07,23.02,23.07,1954,2021-11-10 19:45:00,PLTK
23.07,23.1,23.07,23.08,2224,2021-11-10 19:46:00,PLTK
23.08,23.11,23.08,23.11,900,2021-11-10 19:47:00,PLTK
23.12,23.125,23.12,23.125,800,2021-11-10 19:48:00,PLTK
23.13,23.14,23.13,23.13,2296,2021-11-10 19:49:00,PLTK
23.12,23.12,23.09,23.09,700,2021-11-10 19:50:00,PLTK
23.09,23.12,23.0701,23.105,1957,2021-11-10 19:51:00,PLTK
23.12,23.125,23.12,23.125,700,2021-11-10 19:52:00,PLTK
23.14,23.17,23.14,23.17,200,2021-11-10 19:53:00,PLTK
23.13,23.13,23.07,23.07,1260,2021-11-10 19:54:00,PLTK
23.07,23.085,23.07,23.07,300,2021-11-10 19:55:00,PLTK
23.065,23.065,23.05,23.05,200,2021-11-10 19:56:00,PLTK
23.04,23.055,23.03,23.04,1400,2021-11-10 19:57:00,PLTK
23.04,23.05,23.04,23.05,700,2021-11-10 19:58:00,PLTK
23.04,23.04,23.04,23.04,850,2021-11-10 19:59:00,PLTK
23.02,23.07,23.02,23.07,1500,2021-11-10 20:00:00,PLTK
23.065,23.08,23.05,23.07,6400,2021-11-10 20:01:00,PLTK
23.08,23.08,23.06,23.06,609,2021-11-10 20:02:00,PLTK
23.05,23.055,23.04,23.055,1700,2021-11-10 20:03:00,PLTK
23.04,23.07,23.04,23.06,1000,2021-11-10 20:04:00,PLTK
23.07,23.07,23.05,23.06,1100,2021-11-10 20:05:00,PLTK
23.06,23.08,23.06,23.08,3450,2021-11-10 20:06:00,PLTK
23.07,23.09,23.07,23.09,798,2021-11-10 20:07:00,PLTK
23.1,23.1,23.08,23.09,500,2021-11-10 20:08:00,PLTK
23.085,23.13,23.085,23.13,1947,2021-11-10 20:09:00,PLTK
23.11,23.13,23.11,23.13,368,2021-11-10 20:10:00,PLTK
23.12,23.12,23.12,23.12,100,2021-11-10 20:11:00,PLTK
23.11,23.13,23.11,23.12,1200,2021-11-10 20:12:00,PLTK
23.12,23.12,23.1,23.1,832,2021-11-10 20:13:00,PLTK
23.11,23.11,23.095,23.11,2393,2021-11-10 20:14:00,PLTK
23.105,23.12,23.105,23.12,1908,2021-11-10 20:15:00,PLTK
23.115,23.14,23.115,23.12,804,2021-11-10 20:16:00,PLTK
23.12,23.12,23.1,23.1,2034,2021-11-10 20:17:00,PLTK
23.11,23.12,23.11,23.12,926,2021-11-10 20:18:00,PLTK
23.12,23.13,23.11,23.13,797,2021-11-10 20:19:00,PLTK
23.12,23.12,23.12,23.12,100,2021-11-10 20:20:00,PLTK
23.14,23.14,23.11,23.125,1017,2021-11-10 20:21:00,PLTK
23.11,23.12,23.11,23.11,400,2021-11-10 20:22:00,PLTK
23.11,23.11,23.1,23.1,5112,2021-11-10 20:23:00,PLTK
23.11,23.12,23.11,23.12,1096,2021-11-10 20:24:00,PLTK
23.12,23.12,23.12,23.12,400,2021-11-10 20:25:00,PLTK
23.12,23.13,23.1,23.12,1803,2021-11-10 20:26:00,PLTK
23.11,23.12,23.11,23.12,399,2021-11-10 20:27:00,PLTK
23.12,23.12,23.11,23.11,2466,2021-11-10 20:28:00,PLTK
23.105,23.115,23.105,23.11,1108,2021-11-10 20:29:00,PLTK
23.11,23.12,23.1,23.12,1341,2021-11-10 20:30:00,PLTK
23.12,23.12,23.08,23.1,1658,2021-11-10 20:31:00,PLTK
23.1,23.11,23.1,23.11,700,2021-11-10 20:32:00,PLTK
23.1,23.11,23.08,23.09,2603,2021-11-10 20:33:00,PLTK
23.08,23.08,23.07,23.07,2000,2021-11-10 20:34:00,PLTK
23.07,23.08,23.07,23.07,611,2021-11-10 20:35:00,PLTK
23.08,23.08,23.05,23.05,3500,2021-11-10 20:36:00,PLTK
23.045,23.045,23.03,23.03,1100,2021-11-10 20:37:00,PLTK
23.025,23.04,23.02,23.03,2471,2021-11-10 20:38:00,PLTK
23.035,23.035,23.02,23.03,3400,2021-11-10 20:39:00,PLTK
23.03,23.04,23.02,23.02,5284,2021-11-10 20:40:00,PLTK
23.02,23.03,22.98,22.9992,8181,2021-11-10 20:41:00,PLTK
22.99,23.0,22.97,22.98,3353,2021-11-10 20:42:00,PLTK
22.98,23.0,22.97,23.0,1400,2021-11-10 20:43:00,PLTK
22.985,22.99,22.96,22.98,2600,2021-11-10 20:44:00,PLTK
22.97,22.98,22.96,22.96,2477,2021-11-10 20:45:00,PLTK
22.96,22.97,22.95,22.97,3750,2021-11-10 20:46:00,PLTK
22.97,23.01,22.97,23.01,3207,2021-11-10 20:47:00,PLTK
23.0,23.01,22.985,22.985,2321,2021-11-10 20:48:00,PLTK
22.985,22.99,22.98,22.99,2583,2021-11-10 20:49:00,PLTK
22.99,23.02,22.99,23.015,3953,2021-11-10 20:50:00,PLTK
23.02,23.04,23.015,23.03,3341,2021-11-10 20:51:00,PLTK
23.04,23.06,23.04,23.06,3437,2021-11-10 20:52:00,PLTK
23.07,23.08,23.05,23.05,4633,2021-11-10 20:53:00,PLTK
23.06,23.07,23.04,23.04,3497,2021-11-10 20:54:00,PLTK
23.03,23.05,23.0,23.015,11530,2021-11-10 20:55:00,PLTK
23.02,23.05,23.015,23.03,7146,2021-11-10 20:56:00,PLTK
23.02,23.04,23.02,23.03,3585,2021-11-10 20:57:00,PLTK
23.04,23.04,23.03,23.035,5375,2021-11-10 20:58:00,PLTK
23.03,23.04,23.0,23.0,15628,2021-11-10 20:59:00,PLTK
23.0,23.0,23.0,23.0,49644,2021-11-10 21:00:00,PLTK
22.78,22.78,22.78,22.78,499,2021-11-10 21:35:00,PLTK
23.04,23.04,23.04,23.04,150,2021-11-11 13:49:00,PLTK
23.01,23.09,23.0,23.0,6331,2021-11-11 14:30:00,PLTK
22.98,23.055,22.98,23.055,1100,2021-11-11 14:34:00,PLTK
23.1,23.1,23.05,23.05,200,2021-11-11 14:35:00,PLTK
23.085,23.18,23.085,23.13,1409,2021-11-11 14:36:00,PLTK
23.18,23.23,23.15,23.23,750,2021-11-11 14:37:00,PLTK
23.23,23.23,23.13,23.14,700,2021-11-11 14:38:00,PLTK
23.12,23.16,23.12,23.13,400,2021-11-11 14:39:00,PLTK
23.165,23.165,23.165,23.165,100,2021-11-11 14:40:00,PLTK
23.165,23.22,23.15,23.16,408,2021-11-11 14:43:00,PLTK
23.1494,23.21,23.12,23.14,1400,2021-11-11 14:44:00,PLTK
23.1,23.12,23.1,23.12,600,2021-11-11 14:45:00,PLTK
23.08,23.08,23.08,23.08,200,2021-11-11 14:46:00,PLTK
23.05,23.05,23.05,23.05,217,2021-11-11 14:47:00,PLTK
23.001,23.02,22.96,22.995,3606,2021-11-11 14:48:00,PLTK
22.97,22.97,22.97,22.97,100,2021-11-11 14:49:00,PLTK
22.97,22.97,22.97,22.97,100,2021-11-11 14:50:00,PLTK
22.99,23.0899,22.99,23.07,3573,2021-11-11 14:51:00,PLTK
23.05,23.05,23.05,23.05,300,2021-11-11 14:52:00,PLTK
23.05,23.07,23.05,23.07,300,2021-11-11 14:53:00,PLTK
23.04,23.04,23.04,23.04,400,2021-11-11 14:54:00,PLTK
23.045,23.045,23.045,23.045,100,2021-11-11 14:56:00,PLTK
23.045,23.045,23.045,23.045,100,2021-11-11 14:57:00,PLTK
23.07,23.07,23.07,23.07,100,2021-11-11 14:58:00,PLTK
23.01,23.01,23.0,23.0,420,2021-11-11 15:00:00,PLTK
22.98,22.98,22.94,22.94,600,2021-11-11 15:01:00,PLTK
22.9,22.93,22.9,22.93,200,2021-11-11 15:02:00,PLTK
22.95,22.95,22.95,22.95,100,2021-11-11 15:04:00,PLTK
22.955,22.955,22.955,22.955,100,2021-11-11 15:05:00,PLTK
22.94,22.94,22.93,22.93,300,2021-11-11 15:07:00,PLTK
22.92,22.92,22.92,22.92,256,2021-11-11 15:08:00,PLTK
22.97,22.99,22.96,22.97,2523,2021-11-11 15:11:00,PLTK
23.0,23.01,23.0,23.01,300,2021-11-11 15:12:00,PLTK
23.03,23.03,23.0,23.015,948,2021-11-11 15:13:00,PLTK
22.99,22.99,22.98,22.98,200,2021-11-11 15:14:00,PLTK
22.965,22.98,22.965,22.975,1475,2021-11-11 15:15:00,PLTK
23.0,23.0,22.98,22.98,300,2021-11-11 15:16:00,PLTK
23.0,23.0,22.93,22.93,2300,2021-11-11 15:17:00,PLTK
22.945,22.945,22.92,22.94,1077,2021-11-11 15:18:00,PLTK
22.9425,22.95,22.9425,22.95,530,2021-11-11 15:19:00,PLTK
22.93,22.965,22.93,22.96,3367,2021-11-11 15:20:00,PLTK
22.945,23.04,22.945,23.025,3138,2021-11-11 15:21:00,PLTK
23.05,23.05,23.02,23.03,2483,2021-11-11 15:22:00,PLTK
23.05,23.05,23.01,23.03,1572,2021-11-11 15:23:00,PLTK
23.045,23.08,23.045,23.075,2500,2021-11-11 15:24:00,PLTK
23.04,23.04,23.0,23.0,2493,2021-11-11 15:25:00,PLTK
23.0,23.0,23.0,23.0,200,2021-11-11 15:26:00,PLTK
23.0,23.01,23.0,23.01,200,2021-11-11 15:27:00,PLTK
22.99,22.99,22.95,22.95,1300,2021-11-11 15:28:00,PLTK
22.96,22.96,22.96,22.96,100,2021-11-11 15:29:00,PLTK
22.94,22.96,22.94,22.94,300,2021-11-11 15:30:00,PLTK
22.94,22.98,22.93,22.98,1589,2021-11-11 15:31:00,PLTK
22.955,22.99,22.93,22.965,2498,2021-11-11 15:32:00,PLTK
22.97,22.97,22.93,22.93,1239,2021-11-11 15:33:00,PLTK
22.94,22.955,22.93,22.955,305,2021-11-11 15:34:00,PLTK
22.98,22.988,22.95,22.95,1800,2021-11-11 15:36:00,PLTK
22.95,22.95,22.94,22.94,800,2021-11-11 15:37:00,PLTK
22.95,22.95,22.93,22.93,200,2021-11-11 15:38:00,PLTK
22.94,22.94,22.94,22.94,100,2021-11-11 15:40:00,PLTK
22.955,22.97,22.94,22.94,512,2021-11-11 15:41:00,PLTK
22.94,22.945,22.93,22.93,300,2021-11-11 15:42:00,PLTK
22.93,22.94,22.93,22.94,4506,2021-11-11 15:43:00,PLTK
22.94,22.95,22.94,22.95,400,2021-11-11 15:44:00,PLTK
22.955,22.99,22.93,22.93,4300,2021-11-11 15:45:00,PLTK
22.93,22.935,22.83,22.83,4910,2021-11-11 15:46:00,PLTK
22.875,22.875,22.875,22.875,212,2021-11-11 15:47:00,PLTK
22.85,22.85,22.82,22.83,2382,2021-11-11 15:48:00,PLTK
22.86,22.86,22.82,22.82,801,2021-11-11 15:49:00,PLTK
22.81,22.81,22.79,22.795,770,2021-11-11 15:50:00,PLTK
22.8,22.8,22.79,22.79,608,2021-11-11 15:51:00,PLTK
22.78,22.78,22.74,22.74,1100,2021-11-11 15:52:00,PLTK
22.75,22.77,22.75,22.77,774,2021-11-11 15:53:00,PLTK
22.76,22.76,22.75,22.75,699,2021-11-11 15:54:00,PLTK
22.73,22.745,22.66,22.675,2504,2021-11-11 15:55:00,PLTK
22.68,22.73,22.68,22.73,1847,2021-11-11 15:56:00,PLTK
22.775,22.775,22.72,22.72,2610,2021-11-11 15:57:00,PLTK
22.74,22.76,22.73,22.76,1404,2021-11-11 15:58:00,PLTK
22.76,22.78,22.75,22.78,694,2021-11-11 15:59:00,PLTK
22.79,22.795,22.77,22.79,1400,2021-11-11 16:00:00,PLTK
22.82,22.82,22.82,22.82,100,2021-11-11 16:01:00,PLTK
22.83,22.83,22.83,22.83,208,2021-11-11 16:02:00,PLTK
22.84,22.848,22.81,22.81,2600,2021-11-11 16:03:00,PLTK
22.8,22.8,22.78,22.785,908,2021-11-11 16:04:00,PLTK
22.78,22.78,22.78,22.78,100,2021-11-11 16:05:00,PLTK
22.79,22.825,22.79,22.825,1225,2021-11-11 16:06:00,PLTK
22.86,22.86,22.84,22.84,200,2021-11-11 16:10:00,PLTK
22.86,22.86,22.79,22.79,2817,2021-11-11 16:11:00,PLTK
22.795,22.795,22.795,22.795,160,2021-11-11 16:12:00,PLTK
22.78,22.78,22.75,22.775,850,2021-11-11 16:13:00,PLTK
22.76,22.76,22.71,22.71,2501,2021-11-11 16:15:00,PLTK
22.69,22.71,22.69,22.71,1100,2021-11-11 16:16:00,PLTK
22.71,22.71,22.71,22.71,100,2021-11-11 16:17:00,PLTK
22.71,22.71,22.7,22.7,582,2021-11-11 16:19:00,PLTK
22.7,22.71,22.69,22.69,700,2021-11-11 16:20:00,PLTK
22.69,22.69,22.69,22.69,100,2021-11-11 16:21:00,PLTK
22.69,22.69,22.69,22.69,100,2021-11-11 16:22:00,PLTK
22.7,22.71,22.695,22.71,2466,2021-11-11 16:24:00,PLTK
22.71,22.74,22.71,22.72,2767,2021-11-11 16:25:00,PLTK
22.71,22.74,22.71,22.73,1094,2021-11-11 16:26:00,PLTK
22.745,22.785,22.74,22.785,900,2021-11-11 16:27:00,PLTK
22.785,22.79,22.74,22.745,3979,2021-11-11 16:28:00,PLTK
22.73,22.73,22.72,22.72,700,2021-11-11 16:29:00,PLTK
22.74,22.74,22.74,22.74,200,2021-11-11 16:30:00,PLTK
22.74,22.75,22.72,22.73,1858,2021-11-11 16:31:00,PLTK
22.72,22.72,22.66,22.66,1800,2021-11-11 16:32:00,PLTK
22.665,22.675,22.665,22.675,200,2021-11-11 16:33:00,PLTK
22.69,22.69,22.67,22.67,1619,2021-11-11 16:34:00,PLTK
22.675,22.675,22.675,22.675,128,2021-11-11 16:35:00,PLTK
22.695,22.695,22.695,22.695,100,2021-11-11 16:36:00,PLTK
22.7,22.7,22.695,22.7,600,2021-11-11 16:37:00,PLTK
22.7,22.705,22.68,22.68,1911,2021-11-11 16:38:00,PLTK
22.68,22.68,22.67,22.67,600,2021-11-11 16:39:00,PLTK
22.66,22.66,22.64,22.64,1100,2021-11-11 16:40:00,PLTK
22.66,22.66,22.66,22.66,200,2021-11-11 16:41:00,PLTK
22.66,22.66,22.63,22.66,1260,2021-11-11 16:42:00,PLTK
22.65,22.6528,22.65,22.6528,550,2021-11-11 16:43:00,PLTK
22.66,22.66,22.6,22.62,5986,2021-11-11 16:44:00,PLTK
22.64,22.679,22.64,22.67,1325,2021-11-11 16:45:00,PLTK
22.68,22.68,22.68,22.68,100,2021-11-11 16:46:00,PLTK
22.7,22.71,22.7,22.71,300,2021-11-11 16:47:00,PLTK
22.72,22.72,22.72,22.72,100,2021-11-11 16:48:00,PLTK
22.7,22.7,22.62,22.62,5230,2021-11-11 16:49:00,PLTK
22.65,22.67,22.633,22.655,1300,2021-11-11 16:50:00,PLTK
22.655,22.655,22.63,22.63,1200,2021-11-11 16:51:00,PLTK
22.635,22.65,22.635,22.65,542,2021-11-11 16:52:00,PLTK
22.67,22.67,22.665,22.665,498,2021-11-11 16:53:00,PLTK
22.69,22.69,22.65,22.65,1724,2021-11-11 16:54:00,PLTK
22.65,22.65,22.65,22.65,200,2021-11-11 16:55:00,PLTK
22.64,22.64,22.64,22.64,100,2021-11-11 16:56:00,PLTK
22.63,22.63,22.63,22.63,100,2021-11-11 16:57:00,PLTK
22.63,22.63,22.615,22.615,900,2021-11-11 16:58:00,PLTK
22.63,22.63,22.6,22.6,1399,2021-11-11 16:59:00,PLTK
22.605,22.605,22.605,22.605,300,2021-11-11 17:00:00,PLTK
22.59,22.59,22.59,22.59,100,2021-11-11 17:02:00,PLTK
22.59,22.59,22.59,22.59,100,2021-11-11 17:03:00,PLTK
22.58,22.58,22.565,22.58,900,2021-11-11 17:05:00,PLTK
22.58,22.58,22.55,22.56,2339,2021-11-11 17:06:00,PLTK
22.57,22.58,22.5662,22.58,1700,2021-11-11 17:07:00,PLTK
22.58,22.58,22.56,22.56,1400,2021-11-11 17:08:00,PLTK
22.58,22.6,22.58,22.6,800,2021-11-11 17:09:00,PLTK
22.59,22.59,22.59,22.59,400,2021-11-11 17:10:00,PLTK
22.57,22.61,22.57,22.61,1200,2021-11-11 17:11:00,PLTK
22.61,22.64,22.61,22.64,899,2021-11-11 17:12:00,PLTK
22.64,22.65,22.634,22.65,962,2021-11-11 17:13:00,PLTK
22.66,22.66,22.6,22.6,1877,2021-11-11 17:14:00,PLTK
22.615,22.615,22.6,22.605,900,2021-11-11 17:15:00,PLTK
22.62,22.63,22.62,22.63,400,2021-11-11 17:16:00,PLTK
22.64,22.65,22.63,22.65,1800,2021-11-11 17:17:00,PLTK
22.65,22.65,22.635,22.635,744,2021-11-11 17:18:00,PLTK
22.65,22.65,22.63,22.63,400,2021-11-11 17:20:00,PLTK
22.65,22.665,22.65,22.66,2002,2021-11-11 17:21:00,PLTK
22.65,22.65,22.63,22.63,1200,2021-11-11 17:22:00,PLTK
22.63,22.65,22.63,22.65,1200,2021-11-11 17:23:00,PLTK
22.65,22.65,22.615,22.615,1469,2021-11-11 17:24:00,PLTK
22.615,22.62,22.6,22.62,900,2021-11-11 17:25:00,PLTK
22.6,22.6,22.58,22.58,500,2021-11-11 17:26:00,PLTK
22.6,22.6,22.598,22.6,310,2021-11-11 17:27:00,PLTK
22.61,22.61,22.61,22.61,300,2021-11-11 17:28:00,PLTK
22.6428,22.6428,22.6428,22.6428,100,2021-11-11 17:29:00,PLTK
22.62,22.63,22.61,22.63,1723,2021-11-11 17:30:00,PLTK
22.66,22.685,22.66,22.685,300,2021-11-11 17:31:00,PLTK
22.7,22.71,22.67,22.71,1000,2021-11-11 17:32:00,PLTK
22.69,22.72,22.69,22.72,1400,2021-11-11 17:33:00,PLTK
22.7417,22.7417,22.68,22.71,3812,2021-11-11 17:34:00,PLTK
22.68,22.68,22.68,22.68,1200,2021-11-11 17:36:00,PLTK
22.67,22.67,22.66,22.66,500,2021-11-11 17:37:00,PLTK
22.66,22.66,22.66,22.66,300,2021-11-11 17:38:00,PLTK
22.67,22.67,22.665,22.665,330,2021-11-11 17:39:00,PLTK
22.65,22.65,22.62,22.635,1016,2021-11-11 17:40:00,PLTK
22.635,22.66,22.635,22.66,599,2021-11-11 17:41:00,PLTK
22.66,22.68,22.64,22.68,2299,2021-11-11 17:42:00,PLTK
22.71,22.74,22.69,22.692,3606,2021-11-11 17:43:00,PLTK
22.71,22.71,22.71,22.71,100,2021-11-11 17:44:00,PLTK
22.715,22.715,22.715,22.715,100,2021-11-11 17:46:00,PLTK
22.7,22.7,22.69,22.7,1800,2021-11-11 17:47:00,PLTK
22.705,22.71,22.68,22.68,1200,2021-11-11 17:49:00,PLTK
22.67,22.67,22.66,22.67,800,2021-11-11 17:50:00,PLTK
22.65,22.65,22.65,22.65,200,2021-11-11 17:51:00,PLTK
22.66,22.66,22.66,22.66,100,2021-11-11 17:52:00,PLTK
22.68,22.68,22.6709,22.6709,500,2021-11-11 17:53:00,PLTK
22.66,22.66,22.66,22.66,600,2021-11-11 17:54:00,PLTK
22.7,22.7,22.67,22.67,200,2021-11-11 17:55:00,PLTK
22.685,22.685,22.67,22.67,200,2021-11-11 17:56:00,PLTK
22.67,22.68,22.67,22.68,699,2021-11-11 17:57:00,PLTK
22.69,22.69,22.67,22.67,413,2021-11-11 17:58:00,PLTK
22.67,22.67,22.66,22.66,800,2021-11-11 17:59:00,PLTK
22.68,22.68,22.68,22.68,225,2021-11-11 18:00:00,PLTK
22.66,22.675,22.66,22.675,400,2021-11-11 18:02:00,PLTK
22.69,22.69,22.69,22.69,100,2021-11-11 18:04:00,PLTK
22.7,22.7,22.68,22.7,2824,2021-11-11 18:06:00,PLTK
22.6701,22.73,22.6701,22.71,3950,2021-11-11 18:07:00,PLTK
22.72,22.73,22.72,22.73,501,2021-11-11 18:08:00,PLTK
22.74,22.74,22.73,22.74,500,2021-11-11 18:09:00,PLTK
22.75,22.75,22.75,22.75,100,2021-11-11 18:10:00,PLTK
22.76,22.76,22.76,22.76,300,2021-11-11 18:12:00,PLTK
22.78,22.788,22.7491,22.78,2840,2021-11-11 18:13:00,PLTK
22.79,22.79,22.79,22.79,100,2021-11-11 18:15:00,PLTK
22.82,22.82,22.82,22.82,200,2021-11-11 18:16:00,PLTK
22.82,22.82,22.82,22.82,100,2021-11-11 18:17:00,PLTK
22.82,22.82,22.79,22.795,3500,2021-11-11 18:19:00,PLTK
22.795,22.795,22.795,22.795,100,2021-11-11 18:20:00,PLTK
22.81,22.81,22.79,22.81,1800,2021-11-11 18:22:00,PLTK
22.82,22.82,22.79,22.81,1196,2021-11-11 18:23:00,PLTK
22.8,22.8,22.77,22.8,1516,2021-11-11 18:28:00,PLTK
22.7991,22.7991,22.78,22.78,1324,2021-11-11 18:29:00,PLTK
22.8,22.81,22.8,22.81,200,2021-11-11 18:30:00,PLTK
22.795,22.81,22.79,22.79,2200,2021-11-11 18:31:00,PLTK
22.81,22.84,22.81,22.835,1700,2021-11-11 18:32:00,PLTK
22.84,22.88,22.84,22.88,2500,2021-11-11 18:33:00,PLTK
22.87,22.87,22.835,22.835,3256,2021-11-11 18:34:00,PLTK
22.85,22.88,22.85,22.88,721,2021-11-11 18:35:00,PLTK
22.87,22.87,22.87,22.87,200,2021-11-11 18:36:00,PLTK
22.87,22.87,22.86,22.86,1501,2021-11-11 18:38:00,PLTK
22.88,22.9,22.88,22.9,1412,2021-11-11 18:39:00,PLTK
22.89,22.89,22.885,22.885,800,2021-11-11 18:40:00,PLTK
22.88,22.88,22.83,22.83,1800,2021-11-11 18:41:00,PLTK
22.84,22.84,22.84,22.84,200,2021-11-11 18:42:00,PLTK
22.855,22.88,22.855,22.8785,520,2021-11-11 18:44:00,PLTK
22.88,22.88,22.86,22.86,500,2021-11-11 18:47:00,PLTK
22.86,22.86,22.86,22.86,378,2021-11-11 18:49:00,PLTK
22.855,22.855,22.845,22.845,300,2021-11-11 18:51:00,PLTK
22.835,22.835,22.835,22.835,100,2021-11-11 18:52:00,PLTK
22.84,22.84,22.84,22.84,100,2021-11-11 18:53:00,PLTK
22.8317,22.8317,22.8317,22.8317,250,2021-11-11 18:54:00,PLTK
22.85,22.85,22.85,22.85,100,2021-11-11 18:56:00,PLTK
22.84,22.87,22.82,22.87,4721,2021-11-11 18:57:00,PLTK
22.87,22.88,22.86,22.865,3100,2021-11-11 18:58:00,PLTK
22.91,22.91,22.91,22.91,200,2021-11-11 19:00:00,PLTK
22.9193,22.9193,22.912,22.912,595,2021-11-11 19:02:00,PLTK
22.92,22.92,22.92,22.92,400,2021-11-11 19:03:00,PLTK
22.91,22.92,22.91,22.91,1200,2021-11-11 19:04:00,PLTK
22.9,22.9,22.89,22.89,900,2021-11-11 19:05:00,PLTK
22.9,22.9,22.9,22.9,110,2021-11-11 19:06:00,PLTK
22.9,22.9,22.9,22.9,100,2021-11-11 19:08:00,PLTK
22.91,22.91,22.91,22.91,100,2021-11-11 19:11:00,PLTK
22.91,22.91,22.9,22.9,552,2021-11-11 19:12:00,PLTK
22.91,22.91,22.9,22.91,400,2021-11-11 19:13:00,PLTK
22.92,22.93,22.915,22.93,300,2021-11-11 19:14:00,PLTK
22.915,22.915,22.915,22.915,400,2021-11-11 19:16:00,PLTK
22.915,22.915,22.915,22.915,100,2021-11-11 19:17:00,PLTK
22.94,22.94,22.94,22.94,100,2021-11-11 19:18:00,PLTK
22.93,22.938,22.93,22.93,1610,2021-11-11 19:19:00,PLTK
22.92,22.92,22.91,22.91,1000,2021-11-11 19:20:00,PLTK
22.9,22.91,22.89,22.89,1489,2021-11-11 19:21:00,PLTK
22.91,22.91,22.895,22.895,200,2021-11-11 19:22:00,PLTK
22.9,22.9,22.9,22.9,100,2021-11-11 19:24:00,PLTK
22.91,22.91,22.91,22.91,100,2021-11-11 19:25:00,PLTK
22.9,22.9,22.9,22.9,100,2021-11-11 19:26:00,PLTK
22.91,22.91,22.91,22.91,100,2021-11-11 19:27:00,PLTK
22.9,22.9,22.9,22.9,100,2021-11-11 19:28:00,PLTK
22.91,22.91,22.91,22.91,100,2021-11-11 19:30:00,PLTK
22.89,22.89,22.88,22.88,1027,2021-11-11 19:31:00,PLTK
22.87,22.87,22.86,22.86,400,2021-11-11 19:32:00,PLTK
22.85,22.86,22.85,22.86,200,2021-11-11 19:33:00,PLTK
22.87,22.87,22.865,22.865,1100,2021-11-11 19:34:00,PLTK
22.87,22.87,22.87,22.87,100,2021-11-11 19:35:00,PLTK
22.87,22.87,22.87,22.87,215,2021-11-11 19:36:00,PLTK
22.9,22.9,22.9,22.9,100,2021-11-11 19:39:00,PLTK
22.89,22.89,22.89,22.89,100,2021-11-11 19:40:00,PLTK
22.88,22.88,22.88,22.88,1594,2021-11-11 19:42:00,PLTK
22.87,22.87,22.85,22.85,1400,2021-11-11 19:43:00,PLTK
22.86,22.87,22.85,22.87,1000,2021-11-11 19:45:00,PLTK
22.875,22.875,22.86,22.865,700,2021-11-11 19:46:00,PLTK
22.85,22.85,22.85,22.85,679,2021-11-11 19:48:00,PLTK
22.845,22.845,22.845,22.845,100,2021-11-11 19:49:00,PLTK
22.84,22.84,22.82,22.835,1680,2021-11-11 19:50:00,PLTK
22.82,22.87,22.82,22.87,2646,2021-11-11 19:51:00,PLTK
22.87,22.87,22.87,22.87,718,2021-11-11 19:52:00,PLTK
22.87,22.87,22.85,22.86,1012,2021-11-11 19:54:00,PLTK
22.84,22.84,22.84,22.84,399,2021-11-11 19:55:00,PLTK
22.85,22.85,22.84,22.84,900,2021-11-11 19:56:00,PLTK
22.835,22.835,22.82,22.82,400,2021-11-11 19:57:00,PLTK
22.81,22.85,22.8,22.84,3392,2021-11-11 19:58:00,PLTK
22.84,22.87,22.84,22.87,2587,2021-11-11 19:59:00,PLTK
22.86,22.87,22.86,22.87,1460,2021-11-11 20:00:00,PLTK
22.87,22.87,22.86,22.86,1500,2021-11-11 20:01:00,PLTK
22.84,22.84,22.84,22.84,200,2021-11-11 20:02:00,PLTK
22.84,22.86,22.84,22.855,700,2021-11-11 20:03:00,PLTK
22.86,22.865,22.86,22.865,430,2021-11-11 20:04:00,PLTK
22.86,22.86,22.85,22.85,899,2021-11-11 20:05:00,PLTK
22.855,22.86,22.855,22.86,200,2021-11-11 20:06:00,PLTK
22.85,22.85,22.84,22.84,837,2021-11-11 20:07:00,PLTK
22.83,22.83,22.83,22.83,600,2021-11-11 20:08:00,PLTK
22.82,22.865,22.82,22.86,5047,2021-11-11 20:09:00,PLTK
22.83,22.845,22.81,22.81,3215,2021-11-11 20:10:00,PLTK
22.81,22.81,22.8,22.8,476,2021-11-11 20:11:00,PLTK
22.795,22.795,22.795,22.795,200,2021-11-11 20:12:00,PLTK
22.795,22.8,22.79,22.79,500,2021-11-11 20:13:00,PLTK
22.82,22.82,22.82,22.82,355,2021-11-11 20:15:00,PLTK
22.815,22.815,22.815,22.815,100,2021-11-11 20:16:00,PLTK
22.81,22.81,22.81,22.81,100,2021-11-11 20:17:00,PLTK
22.8,22.81,22.8,22.81,300,2021-11-11 20:18:00,PLTK
22.81,22.81,22.81,22.81,100,2021-11-11 20:19:00,PLTK
22.8,22.81,22.79,22.79,1431,2021-11-11 20:20:00,PLTK
22.79,22.79,22.79,22.79,500,2021-11-11 20:21:00,PLTK
22.78,22.78,22.765,22.77,2243,2021-11-11 20:24:00,PLTK
22.775,22.78,22.76,22.77,2290,2021-11-11 20:25:00,PLTK
22.77,22.78,22.77,22.77,538,2021-11-11 20:26:00,PLTK
22.77,22.799,22.77,22.795,835,2021-11-11 20:27:00,PLTK
22.795,22.795,22.795,22.795,100,2021-11-11 20:28:00,PLTK
22.79,22.79,22.78,22.79,1070,2021-11-11 20:29:00,PLTK
22.79,22.795,22.79,22.795,300,2021-11-11 20:30:00,PLTK
22.79,22.79,22.79,22.79,100,2021-11-11 20:31:00,PLTK
22.79,22.79,22.775,22.78,1400,2021-11-11 20:32:00,PLTK
22.79,22.79,22.79,22.79,1044,2021-11-11 20:33:00,PLTK
22.79,22.8,22.79,22.8,1300,2021-11-11 20:34:00,PLTK
22.8,22.8,22.8,22.8,200,2021-11-11 20:35:00,PLTK
22.8,22.8,22.78,22.79,2100,2021-11-11 20:36:00,PLTK
22.785,22.785,22.77,22.78,2365,2021-11-11 20:37:00,PLTK
22.78,22.78,22.775,22.78,1000,2021-11-11 20:38:00,PLTK
22.78,22.85,22.78,22.85,8218,2021-11-11 20:39:00,PLTK
22.86,22.88,22.86,22.88,1100,2021-11-11 20:40:00,PLTK
22.88,22.88,22.86,22.865,3482,2021-11-11 20:41:00,PLTK
22.865,22.87,22.865,22.87,909,2021-11-11 20:42:00,PLTK
22.88,22.89,22.88,22.89,999,2021-11-11 20:43:00,PLTK
22.89,22.89,22.88,22.89,4340,2021-11-11 20:44:00,PLTK
22.87,22.898,22.87,22.895,3762,2021-11-11 20:45:00,PLTK
22.895,22.895,22.89,22.895,898,2021-11-11 20:46:00,PLTK
22.895,22.895,22.86,22.86,3594,2021-11-11 20:47:00,PLTK
22.87,22.88,22.87,22.87,1506,2021-11-11 20:48:00,PLTK
22.87,22.88,22.87,22.88,2806,2021-11-11 20:49:00,PLTK
22.87,22.88,22.845,22.87,6616,2021-11-11 20:50:00,PLTK
22.87,22.9,22.87,22.9,2979,2021-11-11 20:51:00,PLTK
22.9,22.93,22.9,22.925,5745,2021-11-11 20:52:00,PLTK
22.93,22.945,22.92,22.94,3606,2021-11-11 20:53:00,PLTK
22.94,22.94,22.84,22.88,10970,2021-11-11 20:54:00,PLTK
22.86,22.87,22.82,22.83,4114,2021-11-11 20:55:00,PLTK
22.82,22.83,22.81,22.81,2052,2021-11-11 20:56:00,PLTK
22.82,22.835,22.81,22.835,7769,2021-11-11 20:57:00,PLTK
22.84,22.88,22.83,22.87,15638,2021-11-11 20:58:00,PLTK
22.88,22.88,22.85,22.86,12214,2021-11-11 20:59:00,PLTK
22.84,22.84,22.84,22.84,162553,2021-11-11 21:00:00,PLTK
22.84,22.84,22.84,22.84,21867,2021-11-11 22:09:00,PLTK
22.6,22.6,22.6,22.6,100,2021-11-11 23:08:00,PLTK
22.85,22.85,22.71,22.84,2606,2021-11-12 14:30:00,PLTK
22.82,22.82,22.82,22.82,100,2021-11-12 14:35:00,PLTK
22.88,22.88,22.78,22.78,516,2021-11-12 14:37:00,PLTK
22.97,22.97,22.78,22.955,500,2021-11-12 14:38:00,PLTK
22.77,22.77,22.77,22.77,100,2021-11-12 14:41:00,PLTK
22.7902,22.885,22.7902,22.885,1550,2021-11-12 14:48:00,PLTK
22.895,22.895,22.86,22.86,500,2021-11-12 14:49:00,PLTK
22.86,22.87,22.86,22.87,300,2021-11-12 14:50:00,PLTK
22.8682,22.8682,22.8682,22.8682,100,2021-11-12 14:51:00,PLTK
22.83,22.86,22.83,22.83,440,2021-11-12 14:52:00,PLTK
22.83,22.91,22.83,22.91,600,2021-11-12 14:53:00,PLTK
22.94,22.94,22.94,22.94,599,2021-11-12 14:54:00,PLTK
22.96,22.96,22.955,22.955,291,2021-11-12 14:55:00,PLTK
22.94,22.94,22.83,22.83,3349,2021-11-12 14:56:00,PLTK
22.79,22.79,22.77,22.77,1000,2021-11-12 14:57:00,PLTK
22.74,22.778,22.73,22.73,2614,2021-11-12 14:58:00,PLTK
22.73,22.73,22.66,22.67,1110,2021-11-12 15:00:00,PLTK
22.67,22.69,22.67,22.67,600,2021-11-12 15:01:00,PLTK
22.66,22.66,22.65,22.65,400,2021-11-12 15:02:00,PLTK
22.67,22.79,22.67,22.7,964,2021-11-12 15:03:00,PLTK
22.715,22.715,22.715,22.715,269,2021-11-12 15:04:00,PLTK
22.7232,22.73,22.7,22.73,1400,2021-11-12 15:06:00,PLTK
22.69,22.71,22.6,22.69,5344,2021-11-12 15:07:00,PLTK
22.72,22.76,22.72,22.76,750,2021-11-12 15:08:00,PLTK
22.75,22.75,22.75,22.75,100,2021-11-12 15:09:00,PLTK
22.74,22.75,22.72,22.72,1700,2021-11-12 15:12:00,PLTK
22.72,22.72,22.72,22.72,100,2021-11-12 15:13:00,PLTK
22.72,22.72,22.72,22.72,200,2021-11-12 15:14:00,PLTK
22.72,22.74,22.72,22.74,300,2021-11-12 15:15:00,PLTK
22.72,22.72,22.71,22.72,3265,2021-11-12 15:16:00,PLTK
22.74,22.74,22.66,22.66,3273,2021-11-12 15:18:00,PLTK
22.655,22.655,22.655,22.655,300,2021-11-12 15:19:00,PLTK
22.6646,22.67,22.65,22.665,750,2021-11-12 15:20:00,PLTK
22.665,22.685,22.66,22.685,1200,2021-11-12 15:21:00,PLTK
22.685,22.685,22.685,22.685,100,2021-11-12 15:22:00,PLTK
22.685,22.685,22.685,22.685,211,2021-11-12 15:24:00,PLTK
22.67,22.7,22.665,22.7,1800,2021-11-12 15:25:00,PLTK
22.7,22.71,22.7,22.71,900,2021-11-12 15:26:00,PLTK
22.71,22.71,22.63,22.63,3125,2021-11-12 15:27:00,PLTK
22.64,22.67,22.64,22.67,2925,2021-11-12 15:28:00,PLTK
22.67,22.67,22.66,22.66,500,2021-11-12 15:29:00,PLTK
22.67,22.69,22.67,22.675,900,2021-11-12 15:30:00,PLTK
22.66,22.668,22.63,22.63,1682,2021-11-12 15:31:00,PLTK
22.63,22.63,22.59,22.595,1100,2021-11-12 15:32:00,PLTK
22.5999,22.5999,22.58,22.58,1142,2021-11-12 15:33:00,PLTK
22.58,22.6,22.565,22.565,2394,2021-11-12 15:34:00,PLTK
22.58,22.58,22.57,22.57,745,2021-11-12 15:35:00,PLTK
22.56,22.57,22.56,22.5644,869,2021-11-12 15:36:00,PLTK
22.565,22.57,22.56,22.57,1784,2021-11-12 15:37:00,PLTK
22.57,22.57,22.57,22.57,100,2021-11-12 15:38:00,PLTK
22.57,22.57,22.51,22.51,2102,2021-11-12 15:39:00,PLTK
22.535,22.535,22.51,22.51,500,2021-11-12 15:40:00,PLTK
22.52,22.52,22.51,22.515,2250,2021-11-12 15:41:00,PLTK
22.515,22.52,22.515,22.52,500,2021-11-12 15:42:00,PLTK
22.51,22.54,22.5,22.52,8527,2021-11-12 15:43:00,PLTK
22.535,22.535,22.535,22.535,100,2021-11-12 15:44:00,PLTK
22.535,22.55,22.535,22.55,2100,2021-11-12 15:45:00,PLTK
22.56,22.56,22.555,22.555,900,2021-11-12 15:46:00,PLTK
22.55,22.58,22.55,22.575,1607,2021-11-12 15:47:00,PLTK
22.575,22.6,22.575,22.59,2000,2021-11-12 15:48:00,PLTK
22.6,22.6,22.595,22.595,308,2021-11-12 15:49:00,PLTK
22.595,22.595,22.575,22.59,3790,2021-11-12 15:50:00,PLTK
22.585,22.59,22.58,22.58,1100,2021-11-12 15:51:00,PLTK
22.59,22.59,22.55,22.55,2826,2021-11-12 15:52:00,PLTK
22.56,22.56,22.54,22.54,1833,2021-11-12 15:53:00,PLTK
22.54,22.555,22.53,22.555,800,2021-11-12 15:54:00,PLTK
22.555,22.56,22.555,22.56,300,2021-11-12 15:55:00,PLTK
22.56,22.585,22.56,22.58,1400,2021-11-12 15:56:00,PLTK
22.585,22.59,22.57,22.57,1600,2021-11-12 15:57:00,PLTK
22.58,22.59,22.58,22.58,400,2021-11-12 15:58:00,PLTK
22.58,22.59,22.58,22.59,736,2021-11-12 15:59:00,PLTK
22.59,22.595,22.59,22.595,200,2021-11-12 16:00:00,PLTK
22.61,22.61,22.61,22.61,300,2021-11-12 16:01:00,PLTK
22.6077,22.62,22.6077,22.62,500,2021-11-12 16:02:00,PLTK
22.62,22.62,22.6145,22.6145,400,2021-11-12 16:03:00,PLTK
22.62,22.625,22.62,22.62,2990,2021-11-12 16:04:00,PLTK
22.6143,22.62,22.6143,22.62,500,2021-11-12 16:05:00,PLTK
22.6105,22.67,22.61,22.66,1591,2021-11-12 16:06:00,PLTK
22.67,22.67,22.65,22.67,300,2021-11-12 16:07:00,PLTK
22.6896,22.6896,22.675,22.68,550,2021-11-12 16:08:00,PLTK
22.675,22.675,22.675,22.675,300,2021-11-12 16:09:00,PLTK
22.675,22.7,22.675,22.695,2267,2021-11-12 16:10:00,PLTK
22.695,22.695,22.66,22.665,3811,2021-11-12 16:11:00,PLTK
22.67,22.69,22.67,22.69,400,2021-11-12 16:13:00,PLTK
22.68,22.7,22.68,22.69,806,2021-11-12 16:14:00,PLTK
22.7,22.7,22.68,22.695,800,2021-11-12 16:16:00,PLTK
22.695,22.725,22.695,22.725,2435,2021-11-12 16:17:00,PLTK
22.7173,22.7173,22.685,22.685,2336,2021-11-12 16:18:00,PLTK
22.6831,22.6831,22.67,22.68,600,2021-11-12 16:19:00,PLTK
22.67,22.67,22.67,22.67,200,2021-11-12 16:21:00,PLTK
22.67,22.67,22.63,22.63,1428,2021-11-12 16:22:00,PLTK
22.63,22.63,22.63,22.63,300,2021-11-12 16:23:00,PLTK
22.63,22.63,22.61,22.61,400,2021-11-12 16:24:00,PLTK
22.61,22.61,22.6,22.6,500,2021-11-12 16:25:00,PLTK
22.585,22.585,22.585,22.585,200,2021-11-12 16:26:00,PLTK
22.59,22.59,22.59,22.59,300,2021-11-12 16:27:00,PLTK
22.59,22.6,22.59,22.6,500,2021-11-12 16:28:00,PLTK
22.6,22.61,22.6,22.61,200,2021-11-12 16:29:00,PLTK
22.6,22.62,22.6,22.6,2191,2021-11-12 16:31:00,PLTK
22.6,22.6,22.57,22.59,1656,2021-11-12 16:32:00,PLTK
22.59,22.59,22.59,22.59,640,2021-11-12 16:33:00,PLTK
22.59,22.59,22.58,22.58,1000,2021-11-12 16:34:00,PLTK
22.59,22.6,22.59,22.6,300,2021-11-12 16:35:00,PLTK
22.58,22.58,22.57,22.58,800,2021-11-12 16:37:00,PLTK
22.585,22.585,22.585,22.585,500,2021-11-12 16:38:00,PLTK
22.59,22.61,22.59,22.61,1244,2021-11-12 16:39:00,PLTK
22.61,22.61,22.6,22.61,730,2021-11-12 16:40:00,PLTK
22.615,22.615,22.615,22.615,300,2021-11-12 16:41:00,PLTK
22.615,22.615,22.615,22.615,100,2021-11-12 16:42:00,PLTK
22.615,22.615,22.615,22.615,100,2021-11-12 16:44:00,PLTK
22.62,22.62,22.62,22.62,100,2021-11-12 16:45:00,PLTK
22.62,22.62,22.62,22.62,100,2021-11-12 16:47:00,PLTK
22.62,22.63,22.62,22.629,400,2021-11-12 16:48:00,PLTK
22.62,22.62,22.61,22.615,1500,2021-11-12 16:49:00,PLTK
22.615,22.62,22.6,22.62,1030,2021-11-12 16:50:00,PLTK
22.61,22.635,22.61,22.635,1170,2021-11-12 16:51:00,PLTK
22.635,22.635,22.635,22.635,300,2021-11-12 16:52:00,PLTK
22.635,22.635,22.6,22.61,2543,2021-11-12 16:53:00,PLTK
22.61,22.61,22.61,22.61,400,2021-11-12 16:54:00,PLTK
22.62,22.63,22.6,22.62,1671,2021-11-12 16:55:00,PLTK
22.63,22.63,22.62,22.63,500,2021-11-12 16:56:00,PLTK
22.63,22.65,22.63,22.645,1300,2021-11-12 16:57:00,PLTK
22.645,22.65,22.63,22.63,3170,2021-11-12 16:58:00,PLTK
22.64,22.64,22.63,22.63,528,2021-11-12 16:59:00,PLTK
22.62,22.63,22.62,22.63,300,2021-11-12 17:00:00,PLTK
22.62,22.62,22.61,22.6169,1353,2021-11-12 17:01:00,PLTK
22.61,22.61,22.6,22.6,986,2021-11-12 17:03:00,PLTK
22.605,22.605,22.605,22.605,300,2021-11-12 17:04:00,PLTK
22.605,22.605,22.6,22.605,310,2021-11-12 17:05:00,PLTK
22.61,22.61,22.57,22.57,2382,2021-11-12 17:06:00,PLTK
22.56,22.56,22.54,22.54,1052,2021-11-12 17:07:00,PLTK
22.53,22.53,22.52,22.52,400,2021-11-12 17:08:00,PLTK
22.53,22.55,22.53,22.54,1047,2021-11-12 17:09:00,PLTK
22.565,22.565,22.565,22.565,300,2021-11-12 17:11:00,PLTK
22.565,22.565,22.565,22.565,100,2021-11-12 17:12:00,PLTK
22.55,22.565,22.55,22.55,411,2021-11-12 17:14:00,PLTK
22.57,22.57,22.52,22.53,3599,2021-11-12 17:16:00,PLTK
22.525,22.53,22.51,22.53,2074,2021-11-12 17:17:00,PLTK
22.53,22.53,22.53,22.53,300,2021-11-12 17:18:00,PLTK
22.53,22.53,22.53,22.53,400,2021-11-12 17:19:00,PLTK
22.54,22.54,22.53,22.535,573,2021-11-12 17:20:00,PLTK
22.5341,22.5341,22.5341,22.5341,500,2021-11-12 17:21:00,PLTK
22.5515,22.56,22.5515,22.56,600,2021-11-12 17:22:00,PLTK
22.56,22.56,22.56,22.56,300,2021-11-12 17:23:00,PLTK
22.565,22.565,22.54,22.54,3100,2021-11-12 17:24:00,PLTK
22.53,22.55,22.53,22.535,1000,2021-11-12 17:25:00,PLTK
22.54,22.54,22.54,22.54,200,2021-11-12 17:26:00,PLTK
22.54,22.55,22.54,22.55,549,2021-11-12 17:27:00,PLTK
22.55,22.55,22.52,22.52,1927,2021-11-12 17:28:00,PLTK
22.535,22.535,22.535,22.535,100,2021-11-12 17:29:00,PLTK
22.5301,22.54,22.5301,22.54,500,2021-11-12 17:30:00,PLTK
22.54,22.55,22.54,22.55,400,2021-11-12 17:31:00,PLTK
22.55,22.55,22.55,22.55,300,2021-11-12 17:34:00,PLTK
22.55,22.55,22.55,22.55,100,2021-11-12 17:35:00,PLTK
22.56,22.56,22.56,22.56,150,2021-11-12 17:36:00,PLTK
22.55,22.55,22.53,22.53,2100,2021-11-12 17:37:00,PLTK
22.54,22.54,22.54,22.54,300,2021-11-12 17:39:00,PLTK
22.53,22.54,22.53,22.54,200,2021-11-12 17:40:00,PLTK
22.545,22.545,22.545,22.545,100,2021-11-12 17:45:00,PLTK
22.55,22.55,22.55,22.55,100,2021-11-12 17:47:00,PLTK
22.55,22.57,22.55,22.56,358,2021-11-12 17:48:00,PLTK
22.55,22.55,22.51,22.51,1924,2021-11-12 17:50:00,PLTK
22.52,22.52,22.52,22.52,1001,2021-11-12 17:55:00,PLTK
22.52,22.5263,22.52,22.5263,200,2021-11-12 17:56:00,PLTK
22.51,22.515,22.51,22.51,4896,2021-11-12 17:57:00,PLTK
22.515,22.515,22.515,22.515,300,2021-11-12 17:58:00,PLTK
22.51,22.51,22.51,22.51,490,2021-11-12 17:59:00,PLTK
22.515,22.52,22.515,22.52,500,2021-11-12 18:00:00,PLTK
22.52,22.52,22.52,22.52,100,2021-11-12 18:01:00,PLTK
22.52,22.52,22.52,22.52,100,2021-11-12 18:02:00,PLTK
22.52,22.55,22.51,22.545,4870,2021-11-12 18:03:00,PLTK
22.55,22.58,22.55,22.58,441,2021-11-12 18:04:00,PLTK
22.57,22.57,22.57,22.57,100,2021-11-12 18:05:00,PLTK
22.58,22.58,22.57,22.58,608,2021-11-12 18:06:00,PLTK
22.575,22.58,22.575,22.575,500,2021-11-12 18:07:00,PLTK
22.575,22.575,22.56,22.56,2204,2021-11-12 18:08:00,PLTK
22.56,22.5603,22.56,22.5603,900,2021-11-12 18:09:00,PLTK
22.56,22.56,22.56,22.56,514,2021-11-12 18:10:00,PLTK
22.57,22.57,22.57,22.57,100,2021-11-12 18:12:00,PLTK
22.58,22.6,22.58,22.6,1029,2021-11-12 18:13:00,PLTK
22.6,22.6,22.59,22.59,500,2021-11-12 18:16:00,PLTK
22.59,22.6,22.59,22.59,1149,2021-11-12 18:17:00,PLTK
22.59,22.59,22.59,22.59,535,2021-11-12 18:18:00,PLTK
22.6,22.6,22.6,22.6,600,2021-11-12 18:19:00,PLTK
22.605,22.615,22.605,22.61,500,2021-11-12 18:21:00,PLTK
22.62,22.64,22.62,22.64,513,2021-11-12 18:23:00,PLTK
22.64,22.64,22.635,22.635,200,2021-11-12 18:24:00,PLTK
22.65,22.66,22.65,22.66,500,2021-11-12 18:27:00,PLTK
22.65,22.65,22.63,22.63,3083,2021-11-12 18:29:00,PLTK
22.645,22.66,22.645,22.66,200,2021-11-12 18:30:00,PLTK
22.65,22.65,22.65,22.65,100,2021-11-12 18:31:00,PLTK
22.64,22.64,22.62,22.63,2330,2021-11-12 18:34:00,PLTK
22.63,22.63,22.63,22.63,500,2021-11-12 18:35:00,PLTK
22.635,22.635,22.63,22.63,1975,2021-11-12 18:36:00,PLTK
22.63,22.64,22.63,22.64,1533,2021-11-12 18:38:00,PLTK
22.64,22.64,22.64,22.64,300,2021-11-12 18:39:00,PLTK
22.64,22.64,22.64,22.64,1200,2021-11-12 18:40:00,PLTK
22.64,22.64,22.64,22.64,100,2021-11-12 18:42:00,PLTK
22.63,22.63,22.63,22.63,100,2021-11-12 18:43:00,PLTK
22.63,22.63,22.625,22.625,800,2021-11-12 18:45:00,PLTK
22.625,22.625,22.62,22.62,1221,2021-11-12 18:46:00,PLTK
22.62,22.62,22.615,22.615,200,2021-11-12 18:48:00,PLTK
22.61,22.61,22.61,22.61,100,2021-11-12 18:51:00,PLTK
22.615,22.615,22.615,22.615,200,2021-11-12 18:53:00,PLTK
22.61,22.61,22.61,22.61,100,2021-11-12 18:54:00,PLTK
22.62,22.62,22.62,22.62,100,2021-11-12 18:55:00,PLTK
22.62,22.63,22.62,22.63,1339,2021-11-12 18:56:00,PLTK
22.62,22.62,22.56,22.565,4189,2021-11-12 18:58:00,PLTK
22.565,22.565,22.54,22.54,1725,2021-11-12 18:59:00,PLTK
22.555,22.555,22.555,22.555,752,2021-11-12 19:00:00,PLTK
22.555,22.555,22.555,22.555,300,2021-11-12 19:01:00,PLTK
22.56,22.57,22.56,22.56,300,2021-11-12 19:02:00,PLTK
22.55,22.55,22.55,22.55,451,2021-11-12 19:03:00,PLTK
22.55,22.55,22.54,22.55,900,2021-11-12 19:04:00,PLTK
22.55,22.55,22.55,22.55,100,2021-11-12 19:05:00,PLTK
22.55,22.55,22.55,22.55,200,2021-11-12 19:06:00,PLTK
22.56,22.565,22.56,22.56,1861,2021-11-12 19:07:00,PLTK
22.55,22.55,22.52,22.55,2277,2021-11-12 19:08:00,PLTK
22.535,22.535,22.52,22.52,600,2021-11-12 19:09:00,PLTK
22.555,22.555,22.55,22.55,300,2021-11-12 19:11:00,PLTK
22.55,22.555,22.5485,22.5485,1636,2021-11-12 19:12:00,PLTK
22.545,22.545,22.54,22.54,1200,2021-11-12 19:13:00,PLTK
22.54,22.54,22.53,22.53,300,2021-11-12 19:14:00,PLTK
22.55,22.55,22.535,22.535,333,2021-11-12 19:19:00,PLTK
22.545,22.555,22.535,22.55,1320,2021-11-12 19:20:00,PLTK
22.53,22.539,22.53,22.539,600,2021-11-12 19:21:00,PLTK
22.54,22.54,22.535,22.54,572,2021-11-12 19:22:00,PLTK
22.55,22.55,22.54,22.545,1800,2021-11-12 19:24:00,PLTK
22.53,22.545,22.53,22.53,500,2021-11-12 19:25:00,PLTK
22.54,22.54,22.54,22.54,100,2021-11-12 19:27:00,PLTK
22.5331,22.5331,22.5331,22.5331,180,2021-11-12 19:28:00,PLTK
22.535,22.535,22.535,22.535,100,2021-11-12 19:29:00,PLTK
22.535,22.535,22.53,22.53,500,2021-11-12 19:30:00,PLTK
22.59,22.6,22.54,22.565,3600,2021-11-12 19:31:00,PLTK
22.55,22.55,22.53,22.54,2300,2021-11-12 19:32:00,PLTK
22.53,22.53,22.53,22.53,100,2021-11-12 19:33:00,PLTK
22.55,22.55,22.55,22.55,200,2021-11-12 19:35:00,PLTK
22.55,22.55,22.55,22.55,200,2021-11-12 19:36:00,PLTK
22.55,22.55,22.55,22.55,100,2021-11-12 19:37:00,PLTK
22.56,22.56,22.56,22.56,218,2021-11-12 19:38:00,PLTK
22.555,22.555,22.54,22.55,2400,2021-11-12 19:39:00,PLTK
22.555,22.57,22.55,22.56,2700,2021-11-12 19:40:00,PLTK
22.565,22.57,22.56,22.565,1243,2021-11-12 19:43:00,PLTK
22.56,22.56,22.56,22.56,1776,2021-11-12 19:44:00,PLTK
22.56,22.56,22.56,22.56,100,2021-11-12 19:45:00,PLTK
22.55,22.56,22.55,22.56,400,2021-11-12 19:47:00,PLTK
22.55,22.56,22.55,22.56,658,2021-11-12 19:48:00,PLTK
22.56,22.57,22.56,22.565,500,2021-11-12 19:49:00,PLTK
22.56,22.56,22.56,22.56,242,2021-11-12 19:50:00,PLTK
22.56,22.56,22.56,22.56,100,2021-11-12 19:51:00,PLTK
22.56,22.56,22.56,22.56,200,2021-11-12 19:52:00,PLTK
22.56,22.56,22.56,22.56,300,2021-11-12 19:53:00,PLTK
22.57,22.57,22.57,22.57,618,2021-11-12 19:55:00,PLTK
22.575,22.59,22.575,22.59,700,2021-11-12 19:56:00,PLTK
22.585,22.59,22.585,22.59,1200,2021-11-12 19:57:00,PLTK
22.58,22.58,22.56,22.57,3228,2021-11-12 19:58:00,PLTK
22.56,22.56,22.56,22.56,400,2021-11-12 19:59:00,PLTK
22.57,22.57,22.57,22.57,100,2021-11-12 20:00:00,PLTK
22.56,22.565,22.56,22.565,300,2021-11-12 20:02:00,PLTK
22.56,22.56,22.56,22.56,100,2021-11-12 20:03:00,PLTK
22.57,22.57,22.565,22.565,900,2021-11-12 20:04:00,PLTK
22.569,22.575,22.569,22.575,300,2021-11-12 20:05:00,PLTK
22.58,22.58,22.58,22.58,100,2021-11-12 20:06:00,PLTK
22.575,22.575,22.575,22.575,200,2021-11-12 20:07:00,PLTK
22.58,22.58,22.58,22.58,100,2021-11-12 20:08:00,PLTK
22.57,22.575,22.57,22.575,200,2021-11-12 20:09:00,PLTK
22.5722,22.575,22.57,22.575,7820,2021-11-12 20:10:00,PLTK
22.57,22.57,22.56,22.56,2998,2021-11-12 20:11:00,PLTK
22.5601,22.565,22.5601,22.565,1400,2021-11-12 20:12:00,PLTK
22.57,22.575,22.57,22.575,1200,2021-11-12 20:13:00,PLTK
22.575,22.59,22.575,22.585,761,2021-11-12 20:14:00,PLTK
22.58,22.61,22.58,22.61,9600,2021-11-12 20:15:00,PLTK
22.61,22.61,22.61,22.61,1300,2021-11-12 20:16:00,PLTK
22.62,22.62,22.62,22.62,200,2021-11-12 20:17:00,PLTK
22.64,22.65,22.64,22.64,327,2021-11-12 20:18:00,PLTK
22.66,22.67,22.66,22.67,500,2021-11-12 20:19:00,PLTK
22.66,22.68,22.66,22.68,928,2021-11-12 20:21:00,PLTK
22.6793,22.79,22.6793,22.775,4025,2021-11-12 20:24:00,PLTK
22.78,22.8,22.75,22.76,6497,2021-11-12 20:25:00,PLTK
22.76,22.76,22.73,22.73,3100,2021-11-12 20:26:00,PLTK
22.71,22.7355,22.71,22.725,1055,2021-11-12 20:28:00,PLTK
22.725,22.725,22.725,22.725,200,2021-11-12 20:29:00,PLTK
22.72,22.72,22.71,22.71,1553,2021-11-12 20:31:00,PLTK
22.71,22.71,22.7,22.71,1336,2021-11-12 20:32:00,PLTK
22.71,22.71,22.67,22.675,2412,2021-11-12 20:33:00,PLTK
22.675,22.675,22.675,22.675,200,2021-11-12 20:34:00,PLTK
22.68,22.68,22.68,22.68,624,2021-11-12 20:35:00,PLTK
22.68,22.68,22.68,22.68,100,2021-11-12 20:36:00,PLTK
22.68,22.68,22.68,22.68,100,2021-11-12 20:37:00,PLTK
22.67,22.67,22.67,22.67,256,2021-11-12 20:38:00,PLTK
22.675,22.675,22.675,22.675,100,2021-11-12 20:39:00,PLTK
22.67,22.709,22.66,22.709,4114,2021-11-12 20:40:00,PLTK
22.69,22.7,22.69,22.695,1561,2021-11-12 20:41:00,PLTK
22.695,22.695,22.6947,22.695,700,2021-11-12 20:42:00,PLTK
22.695,22.7,22.695,22.7,1094,2021-11-12 20:43:00,PLTK
22.705,22.73,22.705,22.73,900,2021-11-12 20:44:00,PLTK
22.72,22.73,22.68,22.69,2950,2021-11-12 20:45:00,PLTK
22.69,22.69,22.69,22.69,400,2021-11-12 20:46:00,PLTK
22.69,22.69,22.69,22.69,300,2021-11-12 20:47:00,PLTK
22.69,22.69,22.68,22.68,500,2021-11-12 20:48:00,PLTK
22.69,22.7,22.69,22.69,641,2021-11-12 20:49:00,PLTK
22.7,22.72,22.7,22.72,1328,2021-11-12 20:50:00,PLTK
22.71,22.72,22.71,22.71,1300,2021-11-12 20:51:00,PLTK
22.71,22.715,22.69,22.71,3903,2021-11-12 20:52:00,PLTK
22.72,22.728,22.71,22.715,9412,2021-11-12 20:53:00,PLTK
22.71,22.72,22.71,22.715,2674,2021-11-12 20:54:00,PLTK
22.718,22.74,22.718,22.73,3195,2021-11-12 20:55:00,PLTK
22.73,22.735,22.72,22.72,3037,2021-11-12 20:56:00,PLTK
22.72,22.72,22.71,22.715,2684,2021-11-12 20:57:00,PLTK
22.71,22.7299,22.71,22.725,6328,2021-11-12 20:58:00,PLTK
22.72,22.77,22.72,22.75,17737,2021-11-12 20:59:00,PLTK
22.76,22.76,22.76,22.76,273949,2021-11-12 21:00:00,PLTK
22.76,22.76,22.76,22.76,657,2021-11-12 22:26:00,PLTK
22.76,22.76,22.76,22.76,326,2021-11-12 22:42:00,PLTK
22.75,22.75,22.51,22.74,4471,2021-11-15 14:30:00,PLTK
22.83,22.83,22.83,22.83,400,2021-11-15 14:33:00,PLTK
22.83,22.83,22.79,22.79,300,2021-11-15 14:34:00,PLTK
22.7001,22.7001,22.7001,22.7001,500,2021-11-15 14:35:00,PLTK
22.765,22.765,22.7001,22.7001,200,2021-11-15 14:36:00,PLTK
22.785,22.785,22.785,22.785,400,2021-11-15 14:37:00,PLTK
22.775,22.78,22.72,22.75,7002,2021-11-15 14:40:00,PLTK
22.76,22.78,22.76,22.78,35200,2021-11-15 14:41:00,PLTK
22.78,22.78,22.73,22.752,3558,2021-11-15 14:42:00,PLTK
22.73,22.73,22.73,22.73,300,2021-11-15 14:43:00,PLTK
22.71,22.7181,22.66,22.66,2322,2021-11-15 14:44:00,PLTK
22.66,22.71,22.61,22.61,2721,2021-11-15 14:45:00,PLTK
22.61,22.63,22.55,22.63,2660,2021-11-15 14:46:00,PLTK
22.54,22.54,22.54,22.54,100,2021-11-15 14:47:00,PLTK
22.585,22.585,22.56,22.56,489,2021-11-15 14:48:00,PLTK
22.5501,22.585,22.51,22.51,8028,2021-11-15 14:49:00,PLTK
22.51,22.53,22.5,22.5248,5941,2021-11-15 14:50:00,PLTK
22.51,22.51,22.48,22.48,707,2021-11-15 14:51:00,PLTK
22.5,22.515,22.5,22.515,645,2021-11-15 14:52:00,PLTK
22.48,22.48,22.48,22.48,100,2021-11-15 14:53:00,PLTK
22.49,22.505,22.47,22.47,2867,2021-11-15 14:54:00,PLTK
22.47,22.47,22.47,22.47,300,2021-11-15 14:55:00,PLTK
22.47,22.48,22.43,22.43,1500,2021-11-15 14:56:00,PLTK
22.4,22.4,22.3925,22.3925,200,2021-11-15 14:57:00,PLTK
22.3906,22.3906,22.385,22.39,700,2021-11-15 14:58:00,PLTK
22.39,22.42,22.39,22.415,1400,2021-11-15 14:59:00,PLTK
22.41,22.41,22.38,22.39,900,2021-11-15 15:00:00,PLTK
22.34,22.34,22.34,22.34,100,2021-11-15 15:01:00,PLTK
22.34,22.34,22.28,22.33,2125,2021-11-15 15:03:00,PLTK
22.31,22.31,22.25,22.285,1100,2021-11-15 15:04:00,PLTK
22.29,22.31,22.29,22.31,879,2021-11-15 15:05:00,PLTK
22.315,22.34,22.31,22.33,650,2021-11-15 15:06:00,PLTK
22.31,22.31,22.31,22.31,100,2021-11-15 15:08:00,PLTK
22.325,22.325,22.3,22.3,200,2021-11-15 15:09:00,PLTK
22.3,22.32,22.29,22.32,2092,2021-11-15 15:10:00,PLTK
22.34,22.35,22.32,22.3201,450,2021-11-15 15:11:00,PLTK
22.35,22.35,22.35,22.35,200,2021-11-15 15:12:00,PLTK
22.35,22.35,22.35,22.35,100,2021-11-15 15:13:00,PLTK
22.38,22.38,22.34,22.36,1700,2021-11-15 15:14:00,PLTK
22.34,22.34,22.34,22.34,100,2021-11-15 15:15:00,PLTK
22.36,22.36,22.33,22.33,215,2021-11-15 15:16:00,PLTK
22.33,22.33,22.31,22.31,2897,2021-11-15 15:17:00,PLTK
22.29,22.31,22.28,22.28,1853,2021-11-15 15:18:00,PLTK
22.29,22.29,22.26,22.26,500,2021-11-15 15:19:00,PLTK
22.28,22.29,22.28,22.28,1000,2021-11-15 15:20:00,PLTK
22.28,22.29,22.28,22.29,200,2021-11-15 15:21:00,PLTK
22.2883,22.29,22.275,22.29,1328,2021-11-15 15:22:00,PLTK
22.27,22.27,22.26,22.26,700,2021-11-15 15:23:00,PLTK
22.28,22.28,22.28,22.28,200,2021-11-15 15:24:00,PLTK
22.2938,22.2938,22.2938,22.2938,450,2021-11-15 15:25:00,PLTK
22.27,22.28,22.26,22.28,380,2021-11-15 15:26:00,PLTK
22.26,22.29,22.25,22.29,6052,2021-11-15 15:27:00,PLTK
22.27,22.27,22.27,22.27,606,2021-11-15 15:28:00,PLTK
22.27,22.28,22.26,22.28,1800,2021-11-15 15:29:00,PLTK
22.27,22.27,22.26,22.26,300,2021-11-15 15:30:00,PLTK
22.29,22.31,22.28,22.28,3476,2021-11-15 15:31:00,PLTK
22.28,22.28,22.27,22.27,1500,2021-11-15 15:32:00,PLTK
22.26,22.26,22.25,22.26,1616,2021-11-15 15:34:00,PLTK
22.27,22.28,22.25,22.28,902,2021-11-15 15:35:00,PLTK
22.27,22.27,22.26,22.26,504,2021-11-15 15:36:00,PLTK
22.26,22.27,22.248,22.27,6177,2021-11-15 15:37:00,PLTK
22.25,22.25,22.17,22.17,4103,2021-11-15 15:38:00,PLTK
22.17,22.17,22.13,22.13,600,2021-11-15 15:39:00,PLTK
22.13,22.13,22.0901,22.0901,800,2021-11-15 15:40:00,PLTK
22.12,22.12,22.12,22.12,100,2021-11-15 15:42:00,PLTK
22.1,22.115,22.09,22.09,500,2021-11-15 15:43:00,PLTK
22.09,22.11,22.09,22.11,2302,2021-11-15 15:44:00,PLTK
22.12,22.12,22.1,22.1,1400,2021-11-15 15:45:00,PLTK
22.1,22.105,22.1,22.105,807,2021-11-15 15:46:00,PLTK
22.115,22.13,22.115,22.13,200,2021-11-15 15:47:00,PLTK
22.13,22.15,22.13,22.15,700,2021-11-15 15:48:00,PLTK
22.16,22.16,22.14,22.14,500,2021-11-15 15:49:00,PLTK
22.16,22.16,22.16,22.16,100,2021-11-15 15:51:00,PLTK
22.15,22.15,22.14,22.15,300,2021-11-15 15:52:00,PLTK
22.15,22.16,22.1431,22.15,599,2021-11-15 15:53:00,PLTK
22.16,22.21,22.16,22.2,2917,2021-11-15 15:54:00,PLTK
22.22,22.24,22.21,22.24,723,2021-11-15 15:55:00,PLTK
22.225,22.235,22.225,22.235,200,2021-11-15 15:56:00,PLTK
22.28,22.28,22.28,22.28,200,2021-11-15 15:57:00,PLTK
22.29,22.29,22.27,22.29,646,2021-11-15 15:59:00,PLTK
22.29,22.29,22.29,22.29,100,2021-11-15 16:00:00,PLTK
22.3,22.35,22.29,22.34,7022,2021-11-15 16:01:00,PLTK
22.34,22.36,22.34,22.34,1600,2021-11-15 16:02:00,PLTK
22.35,22.35,22.32,22.33,3715,2021-11-15 16:04:00,PLTK
22.32,22.32,22.31,22.32,420,2021-11-15 16:05:00,PLTK
22.3272,22.3272,22.24,22.24,1875,2021-11-15 16:06:00,PLTK
22.27,22.27,22.27,22.27,200,2021-11-15 16:07:00,PLTK
22.24,22.24,22.23,22.23,500,2021-11-15 16:12:00,PLTK
22.21,22.24,22.21,22.22,1180,2021-11-15 16:13:00,PLTK
22.2,22.2,22.2,22.2,200,2021-11-15 16:14:00,PLTK
22.215,22.26,22.215,22.25,3258,2021-11-15 16:17:00,PLTK
22.27,22.29,22.27,22.27,2137,2021-11-15 16:18:00,PLTK
22.25,22.25,22.23,22.24,600,2021-11-15 16:19:00,PLTK
22.25,22.26,22.235,22.26,772,2021-11-15 16:20:00,PLTK
22.24,22.24,22.24,22.24,355,2021-11-15 16:21:00,PLTK
22.26,22.26,22.26,22.26,100,2021-11-15 16:22:00,PLTK
22.26,22.26,22.26,22.26,310,2021-11-15 16:23:00,PLTK
22.26,22.26,22.26,22.26,100,2021-11-15 16:24:00,PLTK
22.265,22.265,22.265,22.265,100,2021-11-15 16:27:00,PLTK
22.25,22.25,22.2,22.23,4107,2021-11-15 16:28:00,PLTK
22.23,22.26,22.23,22.26,2966,2021-11-15 16:31:00,PLTK
22.2699,22.28,22.2699,22.28,793,2021-11-15 16:34:00,PLTK
22.27,22.27,22.27,22.27,912,2021-11-15 16:35:00,PLTK
22.25,22.25,22.25,22.25,100,2021-11-15 16:37:00,PLTK
22.26,22.26,22.26,22.26,300,2021-11-15 16:38:00,PLTK
22.25,22.25,22.25,22.25,1200,2021-11-15 16:39:00,PLTK
22.25,22.26,22.25,22.26,804,2021-11-15 16:41:00,PLTK
22.23,22.235,22.18,22.18,1773,2021-11-15 16:42:00,PLTK
22.15,22.17,22.14,22.14,900,2021-11-15 16:43:00,PLTK
22.12,22.12,22.12,22.12,100,2021-11-15 16:45:00,PLTK
22.12,22.12,22.12,22.12,400,2021-11-15 16:46:00,PLTK
22.11,22.13,22.11,22.115,2571,2021-11-15 16:47:00,PLTK
22.12,22.12,22.12,22.12,100,2021-11-15 16:48:00,PLTK
22.11,22.11,22.075,22.075,1698,2021-11-15 16:49:00,PLTK
22.08,22.08,22.08,22.08,100,2021-11-15 16:53:00,PLTK
22.06,22.06,22.06,22.06,300,2021-11-15 16:54:00,PLTK
22.072,22.072,22.072,22.072,100,2021-11-15 16:56:00,PLTK
22.06,22.06,22.052,22.052,2000,2021-11-15 16:57:00,PLTK
22.078,22.078,22.065,22.065,1377,2021-11-15 16:58:00,PLTK
22.05,22.05,22.05,22.05,600,2021-11-15 16:59:00,PLTK
22.04,22.05,22.03,22.03,1064,2021-11-15 17:00:00,PLTK
22.05,22.05,22.05,22.05,100,2021-11-15 17:02:00,PLTK
22.05,22.05,22.04,22.04,700,2021-11-15 17:03:00,PLTK
22.03,22.06,22.03,22.04,2574,2021-11-15 17:04:00,PLTK
22.05,22.05,22.05,22.05,100,2021-11-15 17:05:00,PLTK
22.04,22.04,22.04,22.04,100,2021-11-15 17:06:00,PLTK
22.04,22.04,22.04,22.04,326,2021-11-15 17:07:00,PLTK
22.05,22.06,22.05,22.06,1700,2021-11-15 17:08:00,PLTK
22.05,22.06,22.05,22.06,607,2021-11-15 17:09:00,PLTK
22.05,22.05,22.05,22.05,400,2021-11-15 17:10:00,PLTK
22.05,22.05,22.05,22.05,202,2021-11-15 17:12:00,PLTK
22.05,22.05,22.05,22.05,399,2021-11-15 17:13:00,PLTK
22.05,22.11,22.05,22.105,5292,2021-11-15 17:14:00,PLTK
22.105,22.12,22.105,22.12,300,2021-11-15 17:16:00,PLTK
22.1,22.1,22.09,22.09,1911,2021-11-15 17:18:00,PLTK
22.08,22.08,22.05,22.06,1186,2021-11-15 17:19:00,PLTK
22.05,22.05,22.05,22.05,100,2021-11-15 17:20:00,PLTK
22.05,22.06,22.04,22.05,2441,2021-11-15 17:22:00,PLTK
22.04,22.06,22.02,22.06,3041,2021-11-15 17:23:00,PLTK
22.05,22.05,22.05,22.05,400,2021-11-15 17:24:00,PLTK
22.05,22.05,22.04,22.05,801,2021-11-15 17:25:00,PLTK
22.045,22.045,22.045,22.045,100,2021-11-15 17:26:00,PLTK
22.05,22.06,22.05,22.06,923,2021-11-15 17:29:00,PLTK
22.07,22.09,22.07,22.09,1108,2021-11-15 17:30:00,PLTK
22.07,22.07,22.07,22.07,162,2021-11-15 17:31:00,PLTK
22.1,22.1,22.1,22.1,100,2021-11-15 17:32:00,PLTK
22.115,22.115,22.115,22.115,100,2021-11-15 17:34:00,PLTK
22.13,22.14,22.13,22.14,500,2021-11-15 17:35:00,PLTK
22.15,22.15,22.15,22.15,200,2021-11-15 17:36:00,PLTK
22.15,22.17,22.15,22.17,300,2021-11-15 17:37:00,PLTK
22.17,22.19,22.17,22.19,300,2021-11-15 17:38:00,PLTK
22.17,22.17,22.17,22.17,400,2021-11-15 17:40:00,PLTK
22.18,22.18,22.18,22.18,100,2021-11-15 17:41:00,PLTK
22.16,22.16,22.16,22.16,100,2021-11-15 17:42:00,PLTK
22.18,22.22,22.165,22.22,1111,2021-11-15 17:43:00,PLTK
22.21,22.225,22.21,22.225,400,2021-11-15 17:44:00,PLTK
22.22,22.22,22.19,22.19,2384,2021-11-15 17:45:00,PLTK
22.18,22.18,22.175,22.18,700,2021-11-15 17:46:00,PLTK
22.19,22.19,22.19,22.19,100,2021-11-15 17:47:00,PLTK
22.22,22.22,22.19,22.19,850,2021-11-15 17:48:00,PLTK
22.19,22.19,22.19,22.19,600,2021-11-15 17:49:00,PLTK
22.1949,22.1949,22.1949,22.1949,116,2021-11-15 17:50:00,PLTK
22.18,22.18,22.18,22.18,100,2021-11-15 17:51:00,PLTK
22.22,22.22,22.21,22.21,363,2021-11-15 17:52:00,PLTK
22.22,22.22,22.22,22.22,300,2021-11-15 17:53:00,PLTK
22.21,22.21,22.2,22.2,200,2021-11-15 17:54:00,PLTK
22.2,22.21,22.2,22.21,200,2021-11-15 17:55:00,PLTK
22.21,22.21,22.21,22.21,100,2021-11-15 17:56:00,PLTK
22.21,22.22,22.21,22.22,237,2021-11-15 17:57:00,PLTK
22.22,22.22,22.21,22.21,857,2021-11-15 17:58:00,PLTK
22.22,22.22,22.21,22.21,237,2021-11-15 17:59:00,PLTK
22.2,22.2,22.18,22.185,1100,2021-11-15 18:01:00,PLTK
22.185,22.185,22.185,22.185,200,2021-11-15 18:04:00,PLTK
22.19,22.19,22.19,22.19,100,2021-11-15 18:05:00,PLTK
22.18,22.18,22.18,22.18,300,2021-11-15 18:06:00,PLTK
22.18,22.18,22.18,22.18,100,2021-11-15 18:07:00,PLTK
22.19,22.2,22.18,22.2,700,2021-11-15 18:08:00,PLTK
22.2,22.215,22.2,22.21,1289,2021-11-15 18:10:00,PLTK
22.21,22.21,22.19,22.19,1001,2021-11-15 18:11:00,PLTK
22.18,22.18,22.15,22.15,800,2021-11-15 18:12:00,PLTK
22.16,22.18,22.16,22.18,1182,2021-11-15 18:13:00,PLTK
22.17,22.175,22.17,22.175,200,2021-11-15 18:14:00,PLTK
22.16,22.18,22.15,22.18,610,2021-11-15 18:16:00,PLTK
22.165,22.19,22.165,22.19,900,2021-11-15 18:17:00,PLTK
22.19,22.19,22.18,22.18,208,2021-11-15 18:18:00,PLTK
22.18,22.18,22.16,22.18,1000,2021-11-15 18:21:00,PLTK
22.15,22.15,22.15,22.15,100,2021-11-15 18:22:00,PLTK
22.1794,22.1794,22.165,22.165,600,2021-11-15 18:23:00,PLTK
22.17,22.17,22.17,22.17,100,2021-11-15 18:24:00,PLTK
22.17,22.17,22.17,22.17,100,2021-11-15 18:26:00,PLTK
22.16,22.16,22.155,22.155,1307,2021-11-15 18:27:00,PLTK
22.155,22.17,22.155,22.17,1400,2021-11-15 18:28:00,PLTK
22.16,22.16,22.16,22.16,600,2021-11-15 18:29:00,PLTK
22.16,22.16,22.16,22.16,100,2021-11-15 18:30:00,PLTK
22.15,22.17,22.15,22.17,2961,2021-11-15 18:34:00,PLTK
22.17,22.17,22.17,22.17,201,2021-11-15 18:35:00,PLTK
22.17,22.17,22.16,22.16,329,2021-11-15 18:36:00,PLTK
22.17,22.17,22.17,22.17,150,2021-11-15 18:38:00,PLTK
22.17,22.17,22.16,22.16,939,2021-11-15 18:40:00,PLTK
22.16,22.16,22.16,22.16,100,2021-11-15 18:42:00,PLTK
22.16,22.175,22.16,22.175,1004,2021-11-15 18:46:00,PLTK
22.17,22.17,22.16,22.16,1174,2021-11-15 18:47:00,PLTK
22.16,22.16,22.16,22.16,616,2021-11-15 18:48:00,PLTK
22.16,22.17,22.16,22.17,1029,2021-11-15 18:49:00,PLTK
22.16,22.17,22.16,22.17,705,2021-11-15 18:50:00,PLTK
22.16,22.16,22.16,22.16,100,2021-11-15 18:52:00,PLTK
22.17,22.17,22.17,22.17,150,2021-11-15 18:54:00,PLTK
22.18,22.18,22.16,22.17,300,2021-11-15 18:56:00,PLTK
22.16,22.16,22.15,22.16,6214,2021-11-15 18:58:00,PLTK
22.15,22.15,22.15,22.15,1097,2021-11-15 19:00:00,PLTK
22.16,22.16,22.15,22.16,3236,2021-11-15 19:02:00,PLTK
22.155,22.155,22.15,22.15,1000,2021-11-15 19:03:00,PLTK
22.15,22.17,22.15,22.16,2739,2021-11-15 19:04:00,PLTK
22.16,22.16,22.16,22.16,300,2021-11-15 19:05:00,PLTK
22.17,22.17,22.17,22.17,100,2021-11-15 19:08:00,PLTK
22.17,22.18,22.16,22.18,1856,2021-11-15 19:09:00,PLTK
22.19,22.19,22.19,22.19,700,2021-11-15 19:11:00,PLTK
22.19,22.19,22.18,22.19,1200,2021-11-15 19:12:00,PLTK
22.18,22.18,22.18,22.18,393,2021-11-15 19:13:00,PLTK
22.18,22.18,22.175,22.175,506,2021-11-15 19:15:00,PLTK
22.17,22.17,22.17,22.17,400,2021-11-15 19:16:00,PLTK
22.18,22.19,22.18,22.18,1535,2021-11-15 19:18:00,PLTK
22.18,22.18,22.18,22.18,599,2021-11-15 19:19:00,PLTK
22.17,22.17,22.17,22.17,100,2021-11-15 19:20:00,PLTK
22.18,22.19,22.18,22.19,900,2021-11-15 19:21:00,PLTK
22.19,22.19,22.17,22.17,900,2021-11-15 19:22:00,PLTK
22.185,22.185,22.185,22.185,240,2021-11-15 19:23:00,PLTK
22.19,22.19,22.19,22.19,100,2021-11-15 19:24:00,PLTK
22.19,22.19,22.19,22.19,304,2021-11-15 19:25:00,PLTK
22.2,22.2,22.19,22.2,500,2021-11-15 19:26:00,PLTK
22.185,22.19,22.18,22.18,880,2021-11-15 19:27:00,PLTK
22.2,22.2,22.2,22.2,300,2021-11-15 19:29:00,PLTK
22.1891,22.19,22.1891,22.19,400,2021-11-15 19:31:00,PLTK
22.2,22.21,22.2,22.21,1213,2021-11-15 19:33:00,PLTK
22.22,22.25,22.22,22.24,1717,2021-11-15 19:34:00,PLTK
22.25,22.265,22.25,22.265,2600,2021-11-15 19:37:00,PLTK
22.27,22.27,22.26,22.26,1126,2021-11-15 19:38:00,PLTK
22.265,22.265,22.265,22.265,100,2021-11-15 19:40:00,PLTK
22.29,22.3,22.29,22.3,300,2021-11-15 19:41:00,PLTK
22.29,22.3,22.29,22.3,500,2021-11-15 19:43:00,PLTK
22.29,22.31,22.29,22.31,1749,2021-11-15 19:44:00,PLTK
22.31,22.31,22.29,22.29,1800,2021-11-15 19:45:00,PLTK
22.28,22.29,22.28,22.28,1300,2021-11-15 19:46:00,PLTK
22.26,22.26,22.25,22.25,461,2021-11-15 19:47:00,PLTK
22.26,22.26,22.25,22.25,200,2021-11-15 19:48:00,PLTK
22.26,22.27,22.26,22.27,1407,2021-11-15 19:49:00,PLTK
22.27,22.27,22.27,22.27,300,2021-11-15 19:50:00,PLTK
22.26,22.26,22.26,22.26,300,2021-11-15 19:51:00,PLTK
22.24,22.24,22.21,22.21,669,2021-11-15 19:52:00,PLTK
22.208,22.208,22.208,22.208,250,2021-11-15 19:53:00,PLTK
22.1807,22.22,22.1807,22.19,850,2021-11-15 19:54:00,PLTK
22.16,22.175,22.16,22.175,200,2021-11-15 19:55:00,PLTK
22.175,22.175,22.16,22.16,200,2021-11-15 19:56:00,PLTK
22.175,22.175,22.175,22.175,100,2021-11-15 19:57:00,PLTK
22.16,22.19,22.16,22.18,900,2021-11-15 19:59:00,PLTK
22.18,22.2,22.18,22.19,1696,2021-11-15 20:00:00,PLTK
22.195,22.195,22.195,22.195,200,2021-11-15 20:01:00,PLTK
22.2,22.2,22.19,22.195,400,2021-11-15 20:02:00,PLTK
22.19,22.19,22.19,22.19,400,2021-11-15 20:03:00,PLTK
22.19,22.19,22.17,22.19,2900,2021-11-15 20:05:00,PLTK
22.18,22.18,22.18,22.18,600,2021-11-15 20:07:00,PLTK
22.18,22.18,22.17,22.18,400,2021-11-15 20:09:00,PLTK
22.18,22.18,22.17,22.17,250,2021-11-15 20:10:00,PLTK
22.19,22.2,22.18,22.19,3260,2021-11-15 20:11:00,PLTK
22.185,22.185,22.175,22.1785,2320,2021-11-15 20:12:00,PLTK
22.175,22.1782,22.175,22.175,463,2021-11-15 20:13:00,PLTK
22.18,22.18,22.13,22.145,4496,2021-11-15 20:14:00,PLTK
22.14,22.14,22.14,22.14,171,2021-11-15 20:15:00,PLTK
22.14,22.17,22.14,22.16,2597,2021-11-15 20:16:00,PLTK
22.17,22.18,22.17,22.18,300,2021-11-15 20:17:00,PLTK
22.18,22.18,22.15,22.15,1316,2021-11-15 20:18:00,PLTK
22.16,22.16,22.16,22.16,100,2021-11-15 20:19:00,PLTK
22.17,22.18,22.17,22.18,1000,2021-11-15 20:20:00,PLTK
22.16,22.16,22.155,22.155,681,2021-11-15 20:21:00,PLTK
22.15,22.15,22.14,22.14,500,2021-11-15 20:22:00,PLTK
22.15,22.16,22.15,22.16,1753,2021-11-15 20:23:00,PLTK
22.15,22.15,22.1,22.1,3671,2021-11-15 20:24:00,PLTK
22.11,22.11,22.11,22.11,150,2021-11-15 20:25:00,PLTK
22.12,22.12,22.105,22.11,2011,2021-11-15 20:26:00,PLTK
22.11,22.12,22.1,22.12,907,2021-11-15 20:27:00,PLTK
22.11,22.11,22.06,22.06,5220,2021-11-15 20:28:00,PLTK
22.07,22.08,22.03,22.05,2978,2021-11-15 20:29:00,PLTK
22.06,22.06,22.053,22.06,1930,2021-11-15 20:30:00,PLTK
22.05,22.06,22.04,22.06,3669,2021-11-15 20:31:00,PLTK
22.05,22.07,22.05,22.065,3119,2021-11-15 20:32:00,PLTK
22.0724,22.0724,22.04,22.05,2970,2021-11-15 20:33:00,PLTK
22.0466,22.0466,22.0466,22.0466,250,2021-11-15 20:34:00,PLTK
22.05,22.05,22.01,22.01,2003,2021-11-15 20:35:00,PLTK
22.03,22.03,22.01,22.02,2633,2021-11-15 20:36:00,PLTK
22.03,22.04,22.03,22.03,1864,2021-11-15 20:37:00,PLTK
22.03,22.03,22.02,22.02,1300,2021-11-15 20:38:00,PLTK
22.02,22.03,22.01,22.01,2402,2021-11-15 20:39:00,PLTK
22.02,22.02,22.01,22.02,4129,2021-11-15 20:40:00,PLTK
22.02,22.02,22.01,22.01,1725,2021-11-15 20:41:00,PLTK
22.01,22.02,22.01,22.02,4390,2021-11-15 20:42:00,PLTK
22.02,22.02,22.01,22.01,2727,2021-11-15 20:43:00,PLTK
22.015,22.015,22.01,22.01,1712,2021-11-15 20:44:00,PLTK
22.01,22.02,22.01,22.015,3992,2021-11-15 20:45:00,PLTK
22.01,22.02,22.0,22.005,4616,2021-11-15 20:46:00,PLTK
22.0,22.0,22.0,22.0,1322,2021-11-15 20:47:00,PLTK
22.0,22.01,21.9,21.91,18730,2021-11-15 20:48:00,PLTK
21.91,21.92,21.86,21.88,16502,2021-11-15 20:49:00,PLTK
21.87,21.87,21.79,21.79,11917,2021-11-15 20:50:00,PLTK
21.8,21.8,21.765,21.765,6771,2021-11-15 20:51:00,PLTK
21.76,21.815,21.76,21.815,7236,2021-11-15 20:52:00,PLTK
21.8,21.8,21.78,21.79,4764,2021-11-15 20:53:00,PLTK
21.78,21.79,21.76,21.77,13736,2021-11-15 20:54:00,PLTK
21.78,21.795,21.78,21.79,8499,2021-11-15 20:55:00,PLTK
21.79,21.8,21.76,21.76,8019,2021-11-15 20:56:00,PLTK
21.76,21.78,21.75,21.765,16875,2021-11-15 20:57:00,PLTK
21.76,21.78,21.76,21.76,15798,2021-11-15 20:58:00,PLTK
21.76,21.78,21.76,21.77,23181,2021-11-15 20:59:00,PLTK
21.76,21.77,21.76,21.77,276364,2021-11-15 21:00:00,PLTK
21.8,21.8,21.8,21.8,100,2021-11-16 13:58:00,PLTK
21.81,21.81,21.81,21.81,334,2021-11-16 14:27:00,PLTK
21.78,22.0,21.78,21.875,9891,2021-11-16 14:30:00,PLTK
21.79,21.85,21.7,21.85,1189,2021-11-16 14:31:00,PLTK
21.76,21.85,21.71,21.71,1568,2021-11-16 14:32:00,PLTK
21.91,21.91,21.72,21.83,1386,2021-11-16 14:33:00,PLTK
21.835,21.835,21.835,21.835,200,2021-11-16 14:34:00,PLTK
21.835,21.84,21.835,21.84,210,2021-11-16 14:35:00,PLTK
21.875,21.875,21.875,21.875,100,2021-11-16 14:36:00,PLTK
21.82,22.07,21.82,22.025,6425,2021-11-16 14:37:00,PLTK
22.06,22.09,22.02,22.02,2888,2021-11-16 14:38:00,PLTK
22.02,22.06,21.98,22.06,3550,2021-11-16 14:39:00,PLTK
21.99,22.04,21.99,22.04,2400,2021-11-16 14:40:00,PLTK
22.045,22.045,22.01,22.0216,2613,2021-11-16 14:42:00,PLTK
22.02,22.04,21.98,22.04,1499,2021-11-16 14:43:00,PLTK
22.05,22.05,22.05,22.05,100,2021-11-16 14:44:00,PLTK
22.02,22.025,22.0,22.025,1434,2021-11-16 14:45:00,PLTK
22.0,22.0,21.95,21.97,1437,2021-11-16 14:46:00,PLTK
21.98,21.98,21.9,21.9,854,2021-11-16 14:47:00,PLTK
21.9,21.99,21.9,21.9,1710,2021-11-16 14:48:00,PLTK
21.92,21.93,21.84,21.87,2553,2021-11-16 14:49:00,PLTK
21.94,21.95,21.925,21.925,547,2021-11-16 14:53:00,PLTK
21.97,22.02,21.97,22.02,3484,2021-11-16 14:54:00,PLTK
22.02,22.06,22.0,22.06,1400,2021-11-16 14:56:00,PLTK
22.14,22.2,22.11,22.2,1000,2021-11-16 14:57:00,PLTK
22.2,22.2,22.17,22.18,2275,2021-11-16 14:58:00,PLTK
22.17,22.2,22.14,22.15,2347,2021-11-16 14:59:00,PLTK
22.2,22.26,22.2,22.26,800,2021-11-16 15:00:00,PLTK
22.23,22.23,22.21,22.21,500,2021-11-16 15:01:00,PLTK
22.18,22.19,22.16,22.16,700,2021-11-16 15:02:00,PLTK
22.18,22.18,22.15,22.16,849,2021-11-16 15:03:00,PLTK
22.12,22.12,22.12,22.12,100,2021-11-16 15:04:00,PLTK
22.13,22.1475,22.12,22.1475,995,2021-11-16 15:06:00,PLTK
22.1,22.1,22.1,22.1,200,2021-11-16 15:07:00,PLTK
22.15,22.16,22.15,22.16,800,2021-11-16 15:08:00,PLTK
22.15,22.15,22.12,22.13,800,2021-11-16 15:09:00,PLTK
22.1101,22.1101,22.08,22.095,1555,2021-11-16 15:11:00,PLTK
22.08,22.1,22.04,22.04,1550,2021-11-16 15:12:00,PLTK
22.02,22.02,21.96,21.98,1079,2021-11-16 15:13:00,PLTK
21.97,22.0,21.97,21.992,350,2021-11-16 15:14:00,PLTK
21.9994,22.0399,21.9994,22.015,760,2021-11-16 15:15:00,PLTK
22.04,22.06,22.04,22.06,7498,2021-11-16 15:16:00,PLTK
22.07,22.07,22.02,22.04,2176,2021-11-16 15:17:00,PLTK
22.04,22.045,22.04,22.045,200,2021-11-16 15:18:00,PLTK
22.07,22.07,22.02,22.02,900,2021-11-16 15:19:00,PLTK
22.03,22.03,21.93,21.99,1100,2021-11-16 15:20:00,PLTK
21.965,22.0,21.93,21.975,900,2021-11-16 15:21:00,PLTK
22.03,22.03,22.025,22.025,400,2021-11-16 15:23:00,PLTK
22.01,22.01,21.92,21.92,1600,2021-11-16 15:24:00,PLTK
21.91,21.92,21.91,21.92,300,2021-11-16 15:25:00,PLTK
21.91,21.91,21.91,21.91,100,2021-11-16 15:26:00,PLTK
21.94,21.94,21.91,21.92,902,2021-11-16 15:27:00,PLTK
21.905,21.93,21.885,21.885,700,2021-11-16 15:28:00,PLTK
21.85,21.8705,21.8,21.8,1400,2021-11-16 15:29:00,PLTK
21.81,21.82,21.8,21.8,1500,2021-11-16 15:30:00,PLTK
21.81,21.86,21.81,21.86,700,2021-11-16 15:31:00,PLTK
21.85,21.85,21.84,21.84,640,2021-11-16 15:32:00,PLTK
21.82,21.82,21.8,21.82,1000,2021-11-16 15:33:00,PLTK
21.83,21.83,21.83,21.83,100,2021-11-16 15:34:00,PLTK
21.81,21.85,21.81,21.85,300,2021-11-16 15:35:00,PLTK
21.855,21.855,21.855,21.855,200,2021-11-16 15:36:00,PLTK
21.855,21.855,21.855,21.855,300,2021-11-16 15:37:00,PLTK
21.86,21.86,21.86,21.86,100,2021-11-16 15:38:00,PLTK
21.88,21.9,21.88,21.89,2431,2021-11-16 15:39:00,PLTK
21.948,21.948,21.87,21.9,2300,2021-11-16 15:41:00,PLTK
21.93,21.93,21.93,21.93,100,2021-11-16 15:42:00,PLTK
21.91,21.92,21.86,21.88,894,2021-11-16 15:43:00,PLTK
21.88,21.88,21.8,21.815,1011,2021-11-16 15:44:00,PLTK
21.84,21.84,21.78,21.78,600,2021-11-16 15:45:00,PLTK
21.78,21.815,21.78,21.79,300,2021-11-16 15:46:00,PLTK
21.81,21.84,21.81,21.84,300,2021-11-16 15:47:00,PLTK
21.86,21.86,21.845,21.845,300,2021-11-16 15:48:00,PLTK
21.84,21.84,21.82,21.82,908,2021-11-16 15:50:00,PLTK
21.8544,21.8544,21.845,21.845,351,2021-11-16 15:51:00,PLTK
21.85,21.85,21.845,21.845,200,2021-11-16 15:52:00,PLTK
21.85,21.86,21.85,21.85,549,2021-11-16 15:53:00,PLTK
21.855,21.855,21.79,21.83,2271,2021-11-16 15:54:00,PLTK
21.81,21.81,21.81,21.81,100,2021-11-16 15:55:00,PLTK
21.8,21.805,21.78,21.805,415,2021-11-16 15:56:00,PLTK
21.78,21.78,21.77,21.77,200,2021-11-16 15:58:00,PLTK
21.77,21.82,21.77,21.8,1200,2021-11-16 15:59:00,PLTK
21.83,21.84,21.82,21.84,629,2021-11-16 16:00:00,PLTK
21.82,21.855,21.81,21.82,758,2021-11-16 16:01:00,PLTK
21.82,21.82,21.8,21.8,909,2021-11-16 16:03:00,PLTK
21.79,21.79,21.77,21.77,300,2021-11-16 16:04:00,PLTK
21.77,21.77,21.72,21.72,800,2021-11-16 16:06:00,PLTK
21.75,21.75,21.7449,21.745,548,2021-11-16 16:07:00,PLTK
21.72,21.72,21.68,21.68,600,2021-11-16 16:08:00,PLTK
21.68,21.71,21.68,21.71,3502,2021-11-16 16:09:00,PLTK
21.73,21.73,21.72,21.7218,1300,2021-11-16 16:10:00,PLTK
21.71,21.74,21.69,21.725,3148,2021-11-16 16:11:00,PLTK
21.7344,21.7344,21.7344,21.7344,137,2021-11-16 16:12:00,PLTK
21.71,21.74,21.7,21.7,1882,2021-11-16 16:13:00,PLTK
21.72,21.72,21.69,21.71,3225,2021-11-16 16:15:00,PLTK
21.71,21.71,21.7,21.705,600,2021-11-16 16:16:00,PLTK
21.72,21.73,21.69,21.71,2793,2021-11-16 16:17:00,PLTK
21.725,21.725,21.71,21.71,200,2021-11-16 16:18:00,PLTK
21.71,21.71,21.7,21.71,1200,2021-11-16 16:19:00,PLTK
21.7,21.72,21.69,21.72,1200,2021-11-16 16:20:00,PLTK
21.71,21.71,21.71,21.71,200,2021-11-16 16:21:00,PLTK
21.7,21.71,21.7,21.71,700,2021-11-16 16:23:00,PLTK
21.69,21.695,21.681,21.681,1700,2021-11-16 16:24:00,PLTK
21.68,21.68,21.62,21.64,2435,2021-11-16 16:25:00,PLTK
21.62,21.63,21.62,21.63,1409,2021-11-16 16:26:00,PLTK
21.63,21.63,21.62,21.62,200,2021-11-16 16:28:00,PLTK
21.62,21.65,21.62,21.65,1200,2021-11-16 16:29:00,PLTK
21.67,21.68,21.65,21.68,300,2021-11-16 16:31:00,PLTK
21.69,21.69,21.665,21.67,500,2021-11-16 16:33:00,PLTK
21.68,21.68,21.68,21.68,100,2021-11-16 16:34:00,PLTK
21.68,21.68,21.68,21.68,100,2021-11-16 16:35:00,PLTK
21.685,21.685,21.685,21.685,200,2021-11-16 16:37:00,PLTK
21.67,21.68,21.66,21.68,1260,2021-11-16 16:38:00,PLTK
21.66,21.665,21.66,21.665,628,2021-11-16 16:39:00,PLTK
21.65,21.65,21.65,21.65,100,2021-11-16 16:40:00,PLTK
21.65,21.655,21.642,21.642,746,2021-11-16 16:41:00,PLTK
21.61,21.62,21.6,21.6,887,2021-11-16 16:42:00,PLTK
21.6,21.6,21.58,21.581,1750,2021-11-16 16:43:00,PLTK
21.6,21.63,21.6,21.63,1205,2021-11-16 16:44:00,PLTK
21.62,21.62,21.62,21.62,300,2021-11-16 16:45:00,PLTK
21.62,21.62,21.59,21.595,1653,2021-11-16 16:46:00,PLTK
21.58,21.59,21.54,21.55,1200,2021-11-16 16:47:00,PLTK
21.55,21.56,21.55,21.56,200,2021-11-16 16:48:00,PLTK
21.551,21.551,21.551,21.551,100,2021-11-16 16:49:00,PLTK
21.55,21.56,21.53,21.56,700,2021-11-16 16:51:00,PLTK
21.545,21.545,21.545,21.545,109,2021-11-16 16:52:00,PLTK
21.55,21.55,21.53,21.53,887,2021-11-16 16:53:00,PLTK
21.51,21.55,21.51,21.55,1513,2021-11-16 16:54:00,PLTK
21.57,21.58,21.547,21.547,2134,2021-11-16 16:55:00,PLTK
21.57,21.57,21.5699,21.5699,200,2021-11-16 16:57:00,PLTK
21.565,21.58,21.565,21.58,3393,2021-11-16 16:58:00,PLTK
21.58,21.58,21.561,21.565,3300,2021-11-16 16:59:00,PLTK
21.565,21.595,21.56,21.595,1300,2021-11-16 17:00:00,PLTK
21.61,21.67,21.61,21.67,1547,2021-11-16 17:01:00,PLTK
21.7,21.7,21.7,21.7,1072,2021-11-16 17:02:00,PLTK
21.73,21.78,21.73,21.78,1500,2021-11-16 17:03:00,PLTK
21.75,21.75,21.69,21.75,2900,2021-11-16 17:04:00,PLTK
21.71,21.72,21.7,21.72,1500,2021-11-16 17:05:00,PLTK
21.71,21.71,21.7,21.7,400,2021-11-16 17:06:00,PLTK
21.7001,21.7001,21.665,21.665,800,2021-11-16 17:07:00,PLTK
21.65,21.66,21.65,21.66,700,2021-11-16 17:08:00,PLTK
21.665,21.665,21.665,21.665,100,2021-11-16 17:09:00,PLTK
21.67,21.67,21.67,21.67,100,2021-11-16 17:12:00,PLTK
21.67,21.67,21.665,21.665,300,2021-11-16 17:13:00,PLTK
21.68,21.68,21.68,21.68,100,2021-11-16 17:14:00,PLTK
21.678,21.678,21.62,21.64,1567,2021-11-16 17:15:00,PLTK
21.59,21.59,21.58,21.58,1100,2021-11-16 17:16:00,PLTK
21.57,21.57,21.57,21.57,400,2021-11-16 17:17:00,PLTK
21.56,21.565,21.56,21.56,800,2021-11-16 17:18:00,PLTK
21.5625,21.5625,21.51,21.51,3735,2021-11-16 17:19:00,PLTK
21.515,21.515,21.421,21.421,5556,2021-11-16 17:20:00,PLTK
21.45,21.48,21.45,21.48,1728,2021-11-16 17:21:00,PLTK
21.48,21.48,21.46,21.46,1027,2021-11-16 17:22:00,PLTK
21.47,21.47,21.47,21.47,100,2021-11-16 17:23:00,PLTK
21.49,21.52,21.46,21.505,3867,2021-11-16 17:24:00,PLTK
21.49,21.49,21.47,21.49,2942,2021-11-16 17:25:00,PLTK
21.5,21.52,21.49,21.49,4407,2021-11-16 17:26:00,PLTK
21.5,21.5,21.49,21.49,200,2021-11-16 17:27:00,PLTK
21.5,21.52,21.5,21.51,1155,2021-11-16 17:28:00,PLTK
21.52,21.52,21.5,21.51,1300,2021-11-16 17:29:00,PLTK
21.48,21.48,21.47,21.47,600,2021-11-16 17:30:00,PLTK
21.5,21.52,21.49,21.52,1159,2021-11-16 17:31:00,PLTK
21.52,21.56,21.505,21.52,4861,2021-11-16 17:32:00,PLTK
21.51,21.51,21.47,21.48,1917,2021-11-16 17:34:00,PLTK
21.472,21.48,21.472,21.48,200,2021-11-16 17:36:00,PLTK
21.49,21.49,21.47,21.48,834,2021-11-16 17:37:00,PLTK
21.46,21.46,21.46,21.46,100,2021-11-16 17:39:00,PLTK
21.46,21.46,21.46,21.46,100,2021-11-16 17:40:00,PLTK
21.475,21.52,21.475,21.52,5817,2021-11-16 17:41:00,PLTK
21.51,21.51,21.495,21.5,2633,2021-11-16 17:42:00,PLTK
21.5,21.515,21.49,21.495,3528,2021-11-16 17:43:00,PLTK
21.491,21.5,21.491,21.5,1167,2021-11-16 17:44:00,PLTK
21.51,21.51,21.51,21.51,200,2021-11-16 17:45:00,PLTK
21.5,21.515,21.5,21.515,300,2021-11-16 17:46:00,PLTK
21.53,21.59,21.53,21.58,2000,2021-11-16 17:47:00,PLTK
21.57,21.57,21.555,21.555,1133,2021-11-16 17:49:00,PLTK
21.55,21.55,21.5,21.5,3888,2021-11-16 17:51:00,PLTK
21.48,21.48,21.47,21.47,600,2021-11-16 17:52:00,PLTK
21.486,21.5,21.486,21.5,1079,2021-11-16 17:53:00,PLTK
21.505,21.505,21.505,21.505,600,2021-11-16 17:54:00,PLTK
21.49,21.49,21.49,21.49,130,2021-11-16 17:55:00,PLTK
21.49,21.505,21.49,21.49,1000,2021-11-16 17:56:00,PLTK
21.495,21.495,21.495,21.495,100,2021-11-16 17:57:00,PLTK
21.51,21.51,21.51,21.51,100,2021-11-16 17:58:00,PLTK
21.53,21.57,21.5299,21.57,2200,2021-11-16 17:59:00,PLTK
21.565,21.565,21.54,21.54,1254,2021-11-16 18:00:00,PLTK
21.54,21.54,21.535,21.54,600,2021-11-16 18:01:00,PLTK
21.56,21.56,21.55,21.55,200,2021-11-16 18:02:00,PLTK
21.565,21.565,21.565,21.565,500,2021-11-16 18:05:00,PLTK
21.57,21.57,21.57,21.57,1000,2021-11-16 18:08:00,PLTK
21.5628,21.61,21.55,21.605,4500,2021-11-16 18:09:00,PLTK
21.5986,21.5986,21.54,21.55,2621,2021-11-16 18:10:00,PLTK
21.56,21.57,21.56,21.57,300,2021-11-16 18:11:00,PLTK
21.57,21.57,21.57,21.57,625,2021-11-16 18:12:00,PLTK
21.555,21.555,21.53,21.53,500,2021-11-16 18:13:00,PLTK
21.52,21.52,21.52,21.52,100,2021-11-16 18:14:00,PLTK
21.555,21.56,21.555,21.56,221,2021-11-16 18:16:00,PLTK
21.58,21.58,21.58,21.58,100,2021-11-16 18:17:00,PLTK
21.58,21.63,21.58,21.62,3701,2021-11-16 18:20:00,PLTK
21.61,21.615,21.6075,21.6075,2514,2021-11-16 18:21:00,PLTK
21.615,21.615,21.615,21.615,400,2021-11-16 18:25:00,PLTK
21.615,21.615,21.5901,21.615,1568,2021-11-16 18:27:00,PLTK
21.63,21.64,21.63,21.63,900,2021-11-16 18:28:00,PLTK
21.635,21.635,21.635,21.635,400,2021-11-16 18:30:00,PLTK
21.65,21.65,21.62,21.62,1153,2021-11-16 18:31:00,PLTK
21.63,21.64,21.63,21.64,200,2021-11-16 18:32:00,PLTK
21.63,21.63,21.63,21.63,617,2021-11-16 18:33:00,PLTK
21.63,21.63,21.55,21.55,2370,2021-11-16 18:34:00,PLTK
21.55,21.55,21.51,21.51,2241,2021-11-16 18:37:00,PLTK
21.54,21.54,21.54,21.54,300,2021-11-16 18:38:00,PLTK
21.53,21.54,21.525,21.53,1500,2021-11-16 18:39:00,PLTK
21.54,21.54,21.54,21.54,200,2021-11-16 18:40:00,PLTK
21.54,21.55,21.52,21.52,900,2021-11-16 18:41:00,PLTK
21.54,21.54,21.54,21.54,100,2021-11-16 18:42:00,PLTK
21.54,21.56,21.53,21.53,1100,2021-11-16 18:43:00,PLTK
21.55,21.56,21.55,21.56,700,2021-11-16 18:45:00,PLTK
21.57,21.57,21.53,21.56,1560,2021-11-16 18:46:00,PLTK
21.545,21.56,21.545,21.56,564,2021-11-16 18:47:00,PLTK
21.54,21.56,21.54,21.56,800,2021-11-16 18:48:00,PLTK
21.555,21.555,21.555,21.555,400,2021-11-16 18:49:00,PLTK
21.58,21.58,21.56,21.58,500,2021-11-16 18:51:00,PLTK
21.58,21.6,21.565,21.6,2083,2021-11-16 18:53:00,PLTK
21.58,21.58,21.58,21.58,1144,2021-11-16 18:54:00,PLTK
21.59,21.59,21.59,21.59,100,2021-11-16 18:55:00,PLTK
21.6,21.6,21.6,21.6,300,2021-11-16 18:56:00,PLTK
21.595,21.61,21.595,21.595,600,2021-11-16 18:57:00,PLTK
21.595,21.6,21.58,21.6,2489,2021-11-16 18:59:00,PLTK
21.57,21.585,21.57,21.585,1386,2021-11-16 19:00:00,PLTK
21.61,21.64,21.605,21.64,1000,2021-11-16 19:01:00,PLTK
21.66,21.66,21.66,21.66,300,2021-11-16 19:02:00,PLTK
21.688,21.688,21.688,21.688,152,2021-11-16 19:03:00,PLTK
21.69,21.69,21.67,21.67,500,2021-11-16 19:04:00,PLTK
21.65,21.67,21.65,21.67,903,2021-11-16 19:05:00,PLTK
21.66,21.69,21.66,21.69,1000,2021-11-16 19:06:00,PLTK
21.69,21.72,21.69,21.695,2000,2021-11-16 19:07:00,PLTK
21.68,21.7,21.66,21.66,3798,2021-11-16 19:08:00,PLTK
21.65,21.65,21.65,21.65,100,2021-11-16 19:09:00,PLTK
21.66,21.66,21.65,21.66,1154,2021-11-16 19:11:00,PLTK
21.66,21.66,21.645,21.645,1000,2021-11-16 19:12:00,PLTK
21.64,21.64,21.61,21.61,500,2021-11-16 19:13:00,PLTK
21.635,21.635,21.62,21.63,1088,2021-11-16 19:14:00,PLTK
21.62,21.63,21.62,21.62,800,2021-11-16 19:15:00,PLTK
21.61,21.62,21.61,21.62,200,2021-11-16 19:16:00,PLTK
21.62,21.6266,21.61,21.6266,464,2021-11-16 19:18:00,PLTK
21.63,21.635,21.62,21.625,1200,2021-11-16 19:19:00,PLTK
21.6159,21.6159,21.6159,21.6159,250,2021-11-16 19:20:00,PLTK
21.63,21.637,21.61,21.61,3900,2021-11-16 19:22:00,PLTK
21.61,21.62,21.6,21.6,2800,2021-11-16 19:23:00,PLTK
21.6,21.6,21.59,21.591,724,2021-11-16 19:24:00,PLTK
21.6,21.625,21.6,21.625,2604,2021-11-16 19:25:00,PLTK
21.625,21.625,21.61,21.625,1887,2021-11-16 19:26:00,PLTK
21.625,21.625,21.6,21.6,965,2021-11-16 19:27:00,PLTK
21.615,21.63,21.615,21.625,1703,2021-11-16 19:28:00,PLTK
21.61,21.63,21.61,21.63,1700,2021-11-16 19:29:00,PLTK
21.62,21.62,21.611,21.611,900,2021-11-16 19:30:00,PLTK
21.63,21.63,21.6,21.61,2422,2021-11-16 19:31:00,PLTK
21.59,21.59,21.59,21.59,400,2021-11-16 19:32:00,PLTK
21.59,21.59,21.58,21.59,2100,2021-11-16 19:34:00,PLTK
21.6,21.615,21.6,21.61,2503,2021-11-16 19:35:00,PLTK
21.6,21.6,21.59,21.6,900,2021-11-16 19:36:00,PLTK
21.6,21.6,21.6,21.6,100,2021-11-16 19:37:00,PLTK
21.59,21.59,21.59,21.59,100,2021-11-16 19:38:00,PLTK
21.5903,21.5903,21.5903,21.5903,100,2021-11-16 19:40:00,PLTK
21.605,21.61,21.605,21.61,434,2021-11-16 19:41:00,PLTK
21.62,21.635,21.61,21.635,1351,2021-11-16 19:42:00,PLTK
21.635,21.635,21.62,21.635,400,2021-11-16 19:43:00,PLTK
21.635,21.635,21.61,21.61,2300,2021-11-16 19:44:00,PLTK
21.61,21.61,21.6,21.6,600,2021-11-16 19:45:00,PLTK
21.61,21.61,21.6,21.6,300,2021-11-16 19:46:00,PLTK
21.6,21.6,21.595,21.595,601,2021-11-16 19:48:00,PLTK
21.59,21.59,21.58,21.58,696,2021-11-16 19:49:00,PLTK
21.585,21.585,21.58,21.58,600,2021-11-16 19:50:00,PLTK
21.58,21.58,21.56,21.56,1397,2021-11-16 19:51:00,PLTK
21.56,21.56,21.54,21.54,600,2021-11-16 19:52:00,PLTK
21.54,21.56,21.52,21.56,2005,2021-11-16 19:53:00,PLTK
21.545,21.55,21.545,21.55,200,2021-11-16 19:54:00,PLTK
21.55,21.56,21.55,21.56,300,2021-11-16 19:55:00,PLTK
21.555,21.58,21.555,21.58,800,2021-11-16 19:56:00,PLTK
21.56,21.57,21.56,21.57,1407,2021-11-16 19:58:00,PLTK
21.56,21.57,21.56,21.57,600,2021-11-16 19:59:00,PLTK
21.56,21.56,21.55,21.56,700,2021-11-16 20:00:00,PLTK
21.56,21.57,21.55,21.56,1700,2021-11-16 20:01:00,PLTK
21.561,21.561,21.55,21.55,1154,2021-11-16 20:02:00,PLTK
21.555,21.58,21.555,21.57,500,2021-11-16 20:03:00,PLTK
21.57,21.58,21.57,21.58,800,2021-11-16 20:04:00,PLTK
21.59,21.59,21.58,21.58,1000,2021-11-16 20:05:00,PLTK
21.6,21.61,21.6,21.61,1145,2021-11-16 20:06:00,PLTK
21.61,21.61,21.59,21.6,1270,2021-11-16 20:07:00,PLTK
21.591,21.591,21.58,21.58,800,2021-11-16 20:08:00,PLTK
21.58,21.58,21.55,21.55,1443,2021-11-16 20:09:00,PLTK
21.551,21.551,21.55,21.551,300,2021-11-16 20:10:00,PLTK
21.551,21.56,21.55,21.56,1064,2021-11-16 20:11:00,PLTK
21.55,21.55,21.53,21.53,4382,2021-11-16 20:12:00,PLTK
21.54,21.54,21.52,21.53,464,2021-11-16 20:13:00,PLTK
21.54,21.54,21.53,21.535,2367,2021-11-16 20:14:00,PLTK
21.531,21.55,21.531,21.55,1400,2021-11-16 20:15:00,PLTK
21.545,21.545,21.545,21.545,100,2021-11-16 20:16:00,PLTK
21.545,21.545,21.53,21.545,1000,2021-11-16 20:17:00,PLTK
21.56,21.56,21.55,21.55,1561,2021-11-16 20:18:00,PLTK
21.55,21.55,21.54,21.55,1300,2021-11-16 20:20:00,PLTK
21.55,21.555,21.55,21.555,700,2021-11-16 20:21:00,PLTK
21.551,21.58,21.551,21.58,1400,2021-11-16 20:23:00,PLTK
21.58,21.58,21.58,21.58,100,2021-11-16 20:24:00,PLTK
21.58,21.61,21.57,21.605,5663,2021-11-16 20:25:00,PLTK
21.605,21.62,21.605,21.62,1307,2021-11-16 20:26:00,PLTK
21.61,21.61,21.6,21.6,2614,2021-11-16 20:27:00,PLTK
21.595,21.595,21.57,21.57,1993,2021-11-16 20:28:00,PLTK
21.57,21.57,21.55,21.55,2776,2021-11-16 20:29:00,PLTK
21.55,21.55,21.55,21.55,500,2021-11-16 20:30:00,PLTK
21.55,21.555,21.54,21.54,2900,2021-11-16 20:31:00,PLTK
21.54,21.54,21.54,21.54,500,2021-11-16 20:32:00,PLTK
21.54,21.54,21.54,21.54,200,2021-11-16 20:33:00,PLTK
21.55,21.55,21.54,21.54,309,2021-11-16 20:34:00,PLTK
21.55,21.59,21.55,21.59,2702,2021-11-16 20:35:00,PLTK
21.585,21.6,21.57,21.57,2311,2021-11-16 20:36:00,PLTK
21.58,21.59,21.57,21.59,691,2021-11-16 20:37:00,PLTK
21.5929,21.595,21.59,21.595,2062,2021-11-16 20:38:00,PLTK
21.595,21.595,21.58,21.58,4084,2021-11-16 20:39:00,PLTK
21.58,21.58,21.58,21.58,651,2021-11-16 20:40:00,PLTK
21.58,21.59,21.575,21.58,3550,2021-11-16 20:41:00,PLTK
21.58,21.58,21.57,21.58,1223,2021-11-16 20:42:00,PLTK
21.57,21.57,21.54,21.57,3300,2021-11-16 20:43:00,PLTK
21.56,21.565,21.56,21.56,3092,2021-11-16 20:44:00,PLTK
21.56,21.56,21.56,21.56,300,2021-11-16 20:45:00,PLTK
21.56,21.57,21.55,21.57,3000,2021-11-16 20:46:00,PLTK
21.57,21.61,21.57,21.6,3792,2021-11-16 20:47:00,PLTK
21.6,21.61,21.59,21.6,886,2021-11-16 20:48:00,PLTK
21.6,21.61,21.585,21.585,6243,2021-11-16 20:49:00,PLTK
21.59,21.59,21.585,21.585,1599,2021-11-16 20:50:00,PLTK
21.58,21.585,21.57,21.575,3741,2021-11-16 20:51:00,PLTK
21.575,21.575,21.55,21.55,3399,2021-11-16 20:52:00,PLTK
21.55,21.56,21.54,21.55,3678,2021-11-16 20:53:00,PLTK
21.55,21.57,21.54,21.56,8164,2021-11-16 20:54:00,PLTK
21.55,21.56,21.53,21.53,6857,2021-11-16 20:55:00,PLTK
21.53,21.54,21.51,21.53,8694,2021-11-16 20:56:00,PLTK
21.54,21.54,21.48,21.495,12126,2021-11-16 20:57:00,PLTK
21.495,21.51,21.48,21.48,13976,2021-11-16 20:58:00,PLTK
21.49,21.49,21.47,21.49,31801,2021-11-16 20:59:00,PLTK
21.48,21.48,21.48,21.48,84792,2021-11-16 21:00:00,PLTK
21.46,21.46,21.45,21.45,1000,2021-11-16 21:07:00,PLTK
21.48,21.48,21.48,21.48,11023,2021-11-16 21:55:00,PLTK
21.49,22.17,21.48,21.81,11375,2021-11-17 14:30:00,PLTK
21.7,22.0,21.64,21.64,10834,2021-11-17 14:31:00,PLTK
21.62,21.65,21.6,21.65,700,2021-11-17 14:32:00,PLTK
21.7,21.7,21.59,21.68,1424,2021-11-17 14:33:00,PLTK
21.68,21.68,21.6,21.65,1109,2021-11-17 14:34:00,PLTK
21.665,21.665,21.59,21.635,2056,2021-11-17 14:35:00,PLTK
21.6499,21.6499,21.6499,21.6499,100,2021-11-17 14:36:00,PLTK
21.57,21.57,21.53,21.53,1260,2021-11-17 14:37:00,PLTK
21.53,21.53,21.53,21.53,100,2021-11-17 14:38:00,PLTK
21.53,21.645,21.52,21.645,1752,2021-11-17 14:39:00,PLTK
21.655,21.695,21.63,21.67,8917,2021-11-17 14:40:00,PLTK
21.67,21.7,21.63,21.675,1300,2021-11-17 14:41:00,PLTK
21.675,21.745,21.675,21.7,3786,2021-11-17 14:42:00,PLTK
21.67,21.675,21.64,21.675,779,2021-11-17 14:43:00,PLTK
21.68,21.68,21.68,21.68,200,2021-11-17 14:44:00,PLTK
21.68,21.68,21.68,21.68,100,2021-11-17 14:45:00,PLTK
21.66,21.68,21.66,21.68,582,2021-11-17 14:47:00,PLTK
21.67,21.7,21.67,21.67,2025,2021-11-17 14:48:00,PLTK
21.69,21.705,21.68,21.705,1182,2021-11-17 14:49:00,PLTK
21.68,21.68,21.64,21.645,1670,2021-11-17 14:50:00,PLTK
21.645,21.645,21.54,21.575,6809,2021-11-17 14:51:00,PLTK
21.57,21.63,21.57,21.605,2260,2021-11-17 14:52:00,PLTK
21.59,21.595,21.55,21.58,3656,2021-11-17 14:53:00,PLTK
21.58,21.63,21.54,21.62,10120,2021-11-17 14:54:00,PLTK
21.62,21.64,21.62,21.64,1331,2021-11-17 14:55:00,PLTK
21.62,21.64,21.62,21.64,6887,2021-11-17 14:56:00,PLTK
21.62,21.64,21.62,21.62,1203,2021-11-17 14:57:00,PLTK
21.645,21.645,21.645,21.645,420,2021-11-17 14:58:00,PLTK
21.645,21.65,21.63,21.64,1772,2021-11-17 14:59:00,PLTK
21.62,21.63,21.53,21.53,23445,2021-11-17 15:00:00,PLTK
21.54,21.6,21.54,21.6,2749,2021-11-17 15:01:00,PLTK
21.59,21.64,21.59,21.62,3124,2021-11-17 15:02:00,PLTK
21.645,21.645,21.645,21.645,400,2021-11-17 15:03:00,PLTK
21.67,21.67,21.66,21.66,300,2021-11-17 15:04:00,PLTK
21.675,21.705,21.675,21.705,1400,2021-11-17 15:05:00,PLTK
21.69,21.7,21.66,21.7,6526,2021-11-17 15:07:00,PLTK
21.68,21.7,21.68,21.68,1537,2021-11-17 15:08:00,PLTK
21.68,21.69,21.66,21.67,1655,2021-11-17 15:09:00,PLTK
21.6645,21.6645,21.6645,21.6645,1000,2021-11-17 15:10:00,PLTK
21.65,21.67,21.65,21.67,1200,2021-11-17 15:11:00,PLTK
21.65,21.65,21.65,21.65,100,2021-11-17 15:12:00,PLTK
21.65,21.67,21.65,21.65,500,2021-11-17 15:13:00,PLTK
21.65,21.6506,21.65,21.65,900,2021-11-17 15:15:00,PLTK
21.65,21.69,21.64,21.64,13774,2021-11-17 15:16:00,PLTK
21.655,21.655,21.605,21.605,32719,2021-11-17 15:17:00,PLTK
21.6,21.6,21.58,21.59,2002,2021-11-17 15:18:00,PLTK
21.59,21.595,21.59,21.59,4099,2021-11-17 15:19:00,PLTK
21.59,21.59,21.51,21.52,26509,2021-11-17 15:20:00,PLTK
21.53,21.53,21.52,21.52,2128,2021-11-17 15:21:00,PLTK
21.52,21.55,21.52,21.55,1100,2021-11-17 15:22:00,PLTK
21.56,21.59,21.56,21.59,1000,2021-11-17 15:23:00,PLTK
21.55,21.55,21.55,21.55,100,2021-11-17 15:25:00,PLTK
21.56,21.56,21.56,21.56,100,2021-11-17 15:26:00,PLTK
21.55,21.59,21.55,21.56,1352,2021-11-17 15:27:00,PLTK
21.57,21.59,21.55,21.58,1435,2021-11-17 15:28:00,PLTK
21.57,21.57,21.55,21.55,4986,2021-11-17 15:29:00,PLTK
21.55,21.56,21.55,21.55,630,2021-11-17 15:30:00,PLTK
21.55,21.56,21.55,21.56,1184,2021-11-17 15:31:00,PLTK
21.54,21.56,21.54,21.54,300,2021-11-17 15:32:00,PLTK
21.54,21.54,21.54,21.54,1582,2021-11-17 15:34:00,PLTK
21.56,21.565,21.54,21.54,2359,2021-11-17 15:35:00,PLTK
21.53,21.53,21.53,21.53,438,2021-11-17 15:36:00,PLTK
21.5,21.5,21.451,21.451,752,2021-11-17 15:37:00,PLTK
21.45,21.45,21.45,21.45,265,2021-11-17 15:38:00,PLTK
21.47,21.47,21.47,21.47,948,2021-11-17 15:39:00,PLTK
21.48,21.48,21.46,21.46,300,2021-11-17 15:40:00,PLTK
21.45,21.47,21.45,21.45,970,2021-11-17 15:41:00,PLTK
21.44,21.44,21.39,21.39,1363,2021-11-17 15:43:00,PLTK
21.36,21.36,21.35,21.35,300,2021-11-17 15:44:00,PLTK
21.34,21.35,21.34,21.35,200,2021-11-17 15:45:00,PLTK
21.35,21.39,21.35,21.375,1301,2021-11-17 15:46:00,PLTK
21.35,21.35,21.31,21.31,800,2021-11-17 15:47:00,PLTK
21.315,21.33,21.3,21.3,4375,2021-11-17 15:48:00,PLTK
21.28,21.28,21.28,21.28,100,2021-11-17 15:50:00,PLTK
21.3,21.31,21.3,21.3,982,2021-11-17 15:51:00,PLTK
21.315,21.315,21.315,21.315,100,2021-11-17 15:52:00,PLTK
21.3,21.3,21.3,21.3,440,2021-11-17 15:53:00,PLTK
21.29,21.29,21.28,21.28,300,2021-11-17 15:54:00,PLTK
21.28,21.28,21.19,21.19,2500,2021-11-17 15:55:00,PLTK
21.2,21.21,21.2,21.21,200,2021-11-17 15:56:00,PLTK
21.2,21.2,21.18,21.19,1240,2021-11-17 15:57:00,PLTK
21.17,21.17,21.13,21.14,1581,2021-11-17 15:58:00,PLTK
21.15,21.18,21.136,21.15,2200,2021-11-17 15:59:00,PLTK
21.14,21.21,21.14,21.17,15740,2021-11-17 16:00:00,PLTK
21.17,21.175,21.11,21.125,4382,2021-11-17 16:01:00,PLTK
21.11,21.11,21.11,21.11,200,2021-11-17 16:02:00,PLTK
21.13,21.13,21.075,21.075,1107,2021-11-17 16:03:00,PLTK
21.075,21.075,21.0,21.02,6745,2021-11-17 16:04:00,PLTK
21.03,21.034,21.0,21.025,4364,2021-11-17 16:05:00,PLTK
21.02,21.04,21.02,21.04,2340,2021-11-17 16:06:00,PLTK
21.04,21.04,21.02,21.02,442,2021-11-17 16:07:00,PLTK
21.02,21.02,21.01,21.018,4539,2021-11-17 16:08:00,PLTK
21.055,21.068,21.03,21.03,1102,2021-11-17 16:09:00,PLTK
21.04,21.04,21.0127,21.03,800,2021-11-17 16:10:00,PLTK
21.0325,21.05,21.0325,21.05,642,2021-11-17 16:11:00,PLTK
21.055,21.07,21.055,21.07,1002,2021-11-17 16:12:00,PLTK
21.07,21.07,21.07,21.07,100,2021-11-17 16:13:00,PLTK
21.06,21.07,21.05,21.07,1831,2021-11-17 16:14:00,PLTK
21.08,21.08,21.06,21.08,685,2021-11-17 16:15:00,PLTK
21.1,21.1,21.08,21.08,1219,2021-11-17 16:16:00,PLTK
21.08,21.08,21.08,21.08,300,2021-11-17 16:17:00,PLTK
21.06,21.06,21.02,21.025,1719,2021-11-17 16:18:00,PLTK
21.025,21.025,21.02,21.02,800,2021-11-17 16:19:00,PLTK
21.01,21.05,21.01,21.05,1020,2021-11-17 16:20:00,PLTK
21.0362,21.0362,21.01,21.03,1177,2021-11-17 16:21:00,PLTK
21.01,21.01,21.01,21.01,300,2021-11-17 16:23:00,PLTK
21.01,21.01,21.01,21.01,300,2021-11-17 16:24:00,PLTK
21.03,21.03,21.02,21.02,300,2021-11-17 16:25:00,PLTK
21.02,21.02,21.02,21.02,100,2021-11-17 16:26:00,PLTK
21.02,21.02,21.01,21.02,2860,2021-11-17 16:27:00,PLTK
21.0249,21.03,21.02,21.02,1000,2021-11-17 16:28:00,PLTK
21.03,21.05,21.03,21.04,4083,2021-11-17 16:29:00,PLTK
21.04,21.04,21.02,21.03,1588,2021-11-17 16:30:00,PLTK
21.025,21.04,21.025,21.04,1000,2021-11-17 16:31:00,PLTK
21.03,21.04,21.025,21.035,1331,2021-11-17 16:32:00,PLTK
21.04,21.04,21.04,21.04,200,2021-11-17 16:33:00,PLTK
21.03,21.03,21.03,21.03,617,2021-11-17 16:34:00,PLTK
21.03,21.04,21.03,21.04,200,2021-11-17 16:35:00,PLTK
21.03,21.03,21.03,21.03,1200,2021-11-17 16:37:00,PLTK
21.035,21.035,21.03,21.03,500,2021-11-17 16:39:00,PLTK
21.03,21.03,21.03,21.03,400,2021-11-17 16:40:00,PLTK
21.04,21.04,21.02,21.025,3271,2021-11-17 16:41:00,PLTK
21.025,21.03,21.025,21.03,1100,2021-11-17 16:42:00,PLTK
21.025,21.04,21.02,21.02,2473,2021-11-17 16:43:00,PLTK
21.02,21.02,21.02,21.02,966,2021-11-17 16:44:00,PLTK
21.02,21.02,21.02,21.02,200,2021-11-17 16:45:00,PLTK
21.02,21.028,21.02,21.028,200,2021-11-17 16:46:00,PLTK
21.02,21.02,21.02,21.02,200,2021-11-17 16:47:00,PLTK
21.03,21.03,21.03,21.03,100,2021-11-17 16:48:00,PLTK
21.0269,21.03,21.02,21.02,2334,2021-11-17 16:49:00,PLTK
21.02,21.02,20.93,20.93,20374,2021-11-17 16:50:00,PLTK
20.925,20.9799,20.92,20.9799,1837,2021-11-17 16:51:00,PLTK
20.94,20.97,20.94,20.95,6477,2021-11-17 16:52:00,PLTK
20.96,20.96,20.96,20.96,125,2021-11-17 16:53:00,PLTK
20.95,20.955,20.95,20.955,500,2021-11-17 16:54:00,PLTK
20.96,20.96,20.96,20.96,264,2021-11-17 16:56:00,PLTK
20.95,20.96,20.95,20.955,900,2021-11-17 16:58:00,PLTK
20.96,20.97,20.94,20.94,12975,2021-11-17 16:59:00,PLTK
20.94,20.985,20.94,20.985,1285,2021-11-17 17:00:00,PLTK
20.975,20.98,20.95,20.95,1736,2021-11-17 17:01:00,PLTK
20.94,20.96,20.94,20.96,1224,2021-11-17 17:03:00,PLTK
20.97,20.99,20.97,20.99,2400,2021-11-17 17:04:00,PLTK
21.0,21.0,20.9999,20.9999,600,2021-11-17 17:05:00,PLTK
20.97,20.97,20.97,20.97,800,2021-11-17 17:06:00,PLTK
20.96,20.96,20.95,20.96,900,2021-11-17 17:08:00,PLTK
20.94,20.94,20.92,20.92,958,2021-11-17 17:10:00,PLTK
20.915,20.94,20.915,20.925,1192,2021-11-17 17:11:00,PLTK
20.925,20.925,20.925,20.925,100,2021-11-17 17:12:00,PLTK
20.925,20.925,20.925,20.925,100,2021-11-17 17:13:00,PLTK
20.925,20.925,20.91,20.92,1800,2021-11-17 17:14:00,PLTK
20.92,20.93,20.92,20.93,600,2021-11-17 17:15:00,PLTK
20.93,20.955,20.93,20.955,1766,2021-11-17 17:16:00,PLTK
20.955,20.955,20.955,20.955,600,2021-11-17 17:17:00,PLTK
20.955,20.96,20.93,20.96,4710,2021-11-17 17:18:00,PLTK
20.955,20.955,20.94,20.95,2424,2021-11-17 17:19:00,PLTK
20.95,20.95,20.95,20.95,500,2021-11-17 17:20:00,PLTK
20.95,20.95,20.94,20.94,200,2021-11-17 17:21:00,PLTK
20.95,21.01,20.95,21.0,4775,2021-11-17 17:22:00,PLTK
21.005,21.005,20.96,20.96,4427,2021-11-17 17:23:00,PLTK
20.9401,20.96,20.9401,20.96,1100,2021-11-17 17:24:00,PLTK
20.95,20.95,20.9,20.91,5864,2021-11-17 17:25:00,PLTK
20.91,20.91,20.86,20.86,1820,2021-11-17 17:26:00,PLTK
20.87,20.89,20.87,20.89,551,2021-11-17 17:27:00,PLTK
20.89,20.89,20.89,20.89,100,2021-11-17 17:28:00,PLTK
20.89,20.89,20.89,20.89,100,2021-11-17 17:30:00,PLTK
20.88,20.89,20.88,20.89,456,2021-11-17 17:31:00,PLTK
20.88,20.88,20.851,20.87,1744,2021-11-17 17:32:00,PLTK
20.88,20.88,20.87,20.87,373,2021-11-17 17:35:00,PLTK
20.889,20.915,20.889,20.91,2862,2021-11-17 17:36:00,PLTK
20.9,20.9,20.89,20.8954,912,2021-11-17 17:37:00,PLTK
20.9,20.94,20.9,20.93,4624,2021-11-17 17:38:00,PLTK
20.93,20.93,20.93,20.93,100,2021-11-17 17:39:00,PLTK
20.93,20.93,20.93,20.93,100,2021-11-17 17:40:00,PLTK
20.93,20.93,20.93,20.93,100,2021-11-17 17:41:00,PLTK
20.94,20.94,20.91,20.91,1600,2021-11-17 17:42:00,PLTK
20.92,20.92,20.9,20.9,1630,2021-11-17 17:43:00,PLTK
20.9,20.9,20.9,20.9,100,2021-11-17 17:45:00,PLTK
20.9,20.935,20.9,20.935,1454,2021-11-17 17:47:00,PLTK
20.935,20.935,20.935,20.935,100,2021-11-17 17:48:00,PLTK
20.935,20.935,20.92,20.92,1247,2021-11-17 17:49:00,PLTK
20.925,20.925,20.91,20.91,900,2021-11-17 17:50:00,PLTK
20.915,20.915,20.915,20.915,100,2021-11-17 17:51:00,PLTK
20.91,20.915,20.91,20.91,300,2021-11-17 17:52:00,PLTK
20.9129,20.9233,20.9129,20.915,904,2021-11-17 17:53:00,PLTK
20.915,20.915,20.89,20.89,1000,2021-11-17 17:54:00,PLTK
20.89,20.895,20.87,20.89,1180,2021-11-17 17:55:00,PLTK
20.9,20.9,20.9,20.9,746,2021-11-17 17:57:00,PLTK
20.89,20.89,20.88,20.89,500,2021-11-17 17:58:00,PLTK
20.9,20.9,20.89,20.89,600,2021-11-17 17:59:00,PLTK
20.91,20.91,20.91,20.91,100,2021-11-17 18:00:00,PLTK
20.92,20.92,20.915,20.92,1200,2021-11-17 18:01:00,PLTK
20.92,20.92,20.92,20.92,700,2021-11-17 18:02:00,PLTK
20.92,20.92,20.92,20.92,1020,2021-11-17 18:03:00,PLTK
20.93,20.93,20.93,20.93,464,2021-11-17 18:04:00,PLTK
20.93,20.94,20.92,20.93,1240,2021-11-17 18:05:00,PLTK
20.93,20.93,20.93,20.93,100,2021-11-17 18:06:00,PLTK
20.93,20.94,20.93,20.94,400,2021-11-17 18:07:00,PLTK
20.945,20.945,20.93,20.93,1200,2021-11-17 18:08:00,PLTK
20.935,20.935,20.935,20.935,100,2021-11-17 18:09:00,PLTK
20.92,20.935,20.92,20.92,1200,2021-11-17 18:10:00,PLTK
20.921,20.93,20.921,20.93,400,2021-11-17 18:11:00,PLTK
20.935,20.94,20.93,20.93,1237,2021-11-17 18:12:00,PLTK
20.935,20.95,20.935,20.935,1500,2021-11-17 18:13:00,PLTK
20.935,20.935,20.91,20.92,1600,2021-11-17 18:14:00,PLTK
20.91,20.93,20.9,20.93,5496,2021-11-17 18:15:00,PLTK
20.93,20.95,20.93,20.93,791,2021-11-17 18:16:00,PLTK
20.93,20.93,20.93,20.93,342,2021-11-17 18:17:00,PLTK
20.93,20.93,20.93,20.93,100,2021-11-17 18:18:00,PLTK
20.92,20.92,20.92,20.92,100,2021-11-17 18:19:00,PLTK
20.92,20.93,20.92,20.92,1000,2021-11-17 18:20:00,PLTK
20.92,20.925,20.91,20.925,400,2021-11-17 18:21:00,PLTK
20.94,20.94,20.92,20.925,600,2021-11-17 18:22:00,PLTK
20.93,20.93,20.93,20.93,300,2021-11-17 18:23:00,PLTK
20.93,20.94,20.93,20.94,800,2021-11-17 18:24:00,PLTK
20.93,20.945,20.93,20.945,731,2021-11-17 18:25:00,PLTK
20.945,20.945,20.945,20.945,400,2021-11-17 18:26:00,PLTK
20.945,20.945,20.945,20.945,300,2021-11-17 18:27:00,PLTK
20.96,20.978,20.96,20.978,2969,2021-11-17 18:28:00,PLTK
20.965,21.01,20.965,20.99,13408,2021-11-17 18:29:00,PLTK
20.97,20.97,20.97,20.97,1785,2021-11-17 18:30:00,PLTK
20.965,20.965,20.95,20.96,3887,2021-11-17 18:31:00,PLTK
20.94,20.94,20.93,20.93,600,2021-11-17 18:32:00,PLTK
20.9101,20.92,20.9101,20.92,210,2021-11-17 18:33:00,PLTK
20.91,20.91,20.9,20.91,2100,2021-11-17 18:34:00,PLTK
20.91,20.91,20.91,20.91,300,2021-11-17 18:35:00,PLTK
20.925,20.925,20.925,20.925,200,2021-11-17 18:37:00,PLTK
20.92,20.93,20.92,20.92,700,2021-11-17 18:38:00,PLTK
20.91,20.92,20.91,20.91,700,2021-11-17 18:39:00,PLTK
20.92,20.92,20.92,20.92,817,2021-11-17 18:40:00,PLTK
20.92,20.92,20.92,20.92,100,2021-11-17 18:42:00,PLTK
20.92,20.92,20.9,20.91,1399,2021-11-17 18:43:00,PLTK
20.9,20.91,20.9,20.9,2125,2021-11-17 18:45:00,PLTK
20.9,20.91,20.9,20.91,200,2021-11-17 18:46:00,PLTK
20.9,20.905,20.895,20.905,4109,2021-11-17 18:47:00,PLTK
20.9,20.9,20.89,20.9,4173,2021-11-17 18:48:00,PLTK
20.91,20.91,20.9,20.9028,1100,2021-11-17 18:49:00,PLTK
20.91,20.91,20.91,20.91,200,2021-11-17 18:50:00,PLTK
20.9,20.9,20.9,20.9,917,2021-11-17 18:51:00,PLTK
20.905,20.905,20.9,20.905,800,2021-11-17 18:53:00,PLTK
20.9,20.9,20.9,20.9,1786,2021-11-17 18:54:00,PLTK
20.9,20.9,20.89,20.9,4393,2021-11-17 18:55:00,PLTK
20.91,20.91,20.91,20.91,1602,2021-11-17 18:57:00,PLTK
20.91,20.91,20.9,20.91,1069,2021-11-17 18:59:00,PLTK
20.91,20.93,20.91,20.91,4458,2021-11-17 19:00:00,PLTK
20.91,20.91,20.91,20.91,100,2021-11-17 19:02:00,PLTK
20.91,20.91,20.91,20.91,100,2021-11-17 19:03:00,PLTK
20.92,20.93,20.92,20.93,477,2021-11-17 19:05:00,PLTK
20.91,20.93,20.91,20.93,820,2021-11-17 19:06:00,PLTK
20.92,20.925,20.92,20.92,300,2021-11-17 19:07:00,PLTK
20.92,20.925,20.92,20.925,900,2021-11-17 19:08:00,PLTK
20.93,20.99,20.93,20.99,1300,2021-11-17 19:09:00,PLTK
20.975,21.0,20.975,21.0,2411,2021-11-17 19:10:00,PLTK
21.0,21.02,20.99,21.02,618,2021-11-17 19:11:00,PLTK
21.0,21.0,21.0,21.0,400,2021-11-17 19:12:00,PLTK
21.0,21.01,20.99,21.0,6022,2021-11-17 19:13:00,PLTK
21.0,21.005,21.0,21.0,1208,2021-11-17 19:14:00,PLTK
21.0,21.0,20.99,20.99,1472,2021-11-17 19:15:00,PLTK
20.99,20.9961,20.99,20.9961,300,2021-11-17 19:16:00,PLTK
20.99,20.99,20.99,20.99,100,2021-11-17 19:17:00,PLTK
20.99,20.99,20.99,20.99,200,2021-11-17 19:18:00,PLTK
20.99,21.0,20.99,21.0,600,2021-11-17 19:19:00,PLTK
21.0,21.0,20.99,20.995,983,2021-11-17 19:20:00,PLTK
21.0,21.0,21.0,21.0,1200,2021-11-17 19:22:00,PLTK
21.0,21.005,21.0,21.0,1000,2021-11-17 19:23:00,PLTK
21.0,21.0,21.0,21.0,100,2021-11-17 19:24:00,PLTK
20.99,20.99,20.99,20.99,100,2021-11-17 19:25:00,PLTK
21.0,21.0,20.99,21.0,1164,2021-11-17 19:26:00,PLTK
20.99,20.99,20.98,20.98,2487,2021-11-17 19:27:00,PLTK
21.0,21.01,21.0,21.01,1700,2021-11-17 19:28:00,PLTK
21.01,21.015,21.0,21.0,1630,2021-11-17 19:29:00,PLTK
21.0,21.0,20.97,20.97,1300,2021-11-17 19:30:00,PLTK
20.98,20.98,20.96,20.96,1900,2021-11-17 19:31:00,PLTK
20.96,20.97,20.955,20.955,400,2021-11-17 19:32:00,PLTK
20.93,20.935,20.911,20.92,1700,2021-11-17 19:33:00,PLTK
20.91,20.91,20.91,20.91,100,2021-11-17 19:34:00,PLTK
20.92,20.93,20.92,20.925,500,2021-11-17 19:35:00,PLTK
20.92,20.92,20.92,20.92,200,2021-11-17 19:36:00,PLTK
20.92,20.92,20.905,20.915,1603,2021-11-17 19:37:00,PLTK
20.9,20.915,20.9,20.9,300,2021-11-17 19:39:00,PLTK
20.9,20.91,20.9,20.91,399,2021-11-17 19:40:00,PLTK
20.92,20.94,20.92,20.94,1748,2021-11-17 19:41:00,PLTK
20.93,20.93,20.93,20.93,767,2021-11-17 19:42:00,PLTK
20.93,20.93,20.93,20.93,100,2021-11-17 19:43:00,PLTK
20.93,20.93,20.91,20.91,1000,2021-11-17 19:44:00,PLTK
20.92,20.92,20.92,20.92,400,2021-11-17 19:45:00,PLTK
20.91,20.95,20.91,20.95,1650,2021-11-17 19:46:00,PLTK
20.94,20.97,20.94,20.97,3908,2021-11-17 19:47:00,PLTK
20.96,20.96,20.96,20.96,100,2021-11-17 19:48:00,PLTK
20.96,20.96,20.9475,20.95,1500,2021-11-17 19:49:00,PLTK
20.95,20.965,20.95,20.96,1632,2021-11-17 19:50:00,PLTK
20.95,20.95,20.92,20.92,1750,2021-11-17 19:51:00,PLTK
20.92,20.92,20.92,20.92,100,2021-11-17 19:52:00,PLTK
20.91,20.91,20.9,20.91,800,2021-11-17 19:53:00,PLTK
20.91,20.91,20.9,20.91,2090,2021-11-17 19:54:00,PLTK
20.905,20.92,20.9,20.92,702,2021-11-17 19:55:00,PLTK
20.92,20.92,20.915,20.92,437,2021-11-17 19:57:00,PLTK
20.92,20.92,20.92,20.92,200,2021-11-17 19:58:00,PLTK
20.925,20.925,20.91,20.91,800,2021-11-17 19:59:00,PLTK
20.92,20.92,20.92,20.92,200,2021-11-17 20:00:00,PLTK
20.93,20.94,20.92,20.93,2688,2021-11-17 20:01:00,PLTK
20.93,20.93,20.93,20.93,100,2021-11-17 20:02:00,PLTK
20.92,20.93,20.92,20.92,900,2021-11-17 20:03:00,PLTK
20.91,20.93,20.91,20.93,1150,2021-11-17 20:04:00,PLTK
20.93,20.93,20.91,20.91,1832,2021-11-17 20:05:00,PLTK
20.91,20.91,20.91,20.91,600,2021-11-17 20:06:00,PLTK
20.9,20.9,20.89,20.895,1997,2021-11-17 20:07:00,PLTK
20.895,20.895,20.881,20.885,1211,2021-11-17 20:08:00,PLTK
20.89,20.905,20.89,20.905,797,2021-11-17 20:09:00,PLTK
20.905,20.93,20.9,20.93,2100,2021-11-17 20:10:00,PLTK
20.94,20.945,20.94,20.945,1000,2021-11-17 20:11:00,PLTK
20.955,20.955,20.95,20.955,500,2021-11-17 20:12:00,PLTK
20.95,20.9501,20.95,20.95,1973,2021-11-17 20:13:00,PLTK
20.95,20.95,20.94,20.94,500,2021-11-17 20:14:00,PLTK
20.95,20.95,20.94,20.94,600,2021-11-17 20:15:00,PLTK
20.95,20.95,20.93,20.95,1464,2021-11-17 20:16:00,PLTK
20.96,20.98,20.955,20.98,6018,2021-11-17 20:17:00,PLTK
20.97,20.975,20.96,20.97,1859,2021-11-17 20:19:00,PLTK
20.975,20.975,20.96,20.96,2184,2021-11-17 20:20:00,PLTK
20.96,20.96,20.95,20.95,1522,2021-11-17 20:21:00,PLTK
20.95,20.96,20.94,20.95,1630,2021-11-17 20:22:00,PLTK
20.94,20.94,20.93,20.94,1100,2021-11-17 20:23:00,PLTK
20.935,20.935,20.935,20.935,200,2021-11-17 20:24:00,PLTK
20.94,20.95,20.931,20.945,1528,2021-11-17 20:25:00,PLTK
20.945,20.945,20.92,20.925,1677,2021-11-17 20:26:00,PLTK
20.925,20.925,20.91,20.919,1100,2021-11-17 20:27:00,PLTK
20.9,20.91,20.9,20.91,300,2021-11-17 20:28:00,PLTK
20.9,20.9,20.86,20.865,2711,2021-11-17 20:29:00,PLTK
20.861,20.865,20.85,20.865,2513,2021-11-17 20:30:00,PLTK
20.88,20.88,20.85,20.86,2716,2021-11-17 20:31:00,PLTK
20.85,20.85,20.85,20.85,299,2021-11-17 20:32:00,PLTK
20.85,20.859,20.85,20.85,900,2021-11-17 20:33:00,PLTK
20.85,20.92,20.84,20.9,5274,2021-11-17 20:34:00,PLTK
20.92,20.939,20.92,20.93,900,2021-11-17 20:35:00,PLTK
20.93,20.93,20.92,20.92,3015,2021-11-17 20:36:00,PLTK
20.92,20.92,20.91,20.91,1000,2021-11-17 20:37:00,PLTK
20.9,20.91,20.9,20.905,800,2021-11-17 20:38:00,PLTK
20.91,20.93,20.91,20.93,1279,2021-11-17 20:39:00,PLTK
20.925,20.95,20.92,20.94,3272,2021-11-17 20:40:00,PLTK
20.95,20.95,20.95,20.95,322,2021-11-17 20:41:00,PLTK
20.95,20.955,20.93,20.94,5501,2021-11-17 20:42:00,PLTK
20.93,20.93,20.93,20.93,1207,2021-11-17 20:43:00,PLTK
20.93,20.93,20.92,20.92,1300,2021-11-17 20:44:00,PLTK
20.92,20.948,20.92,20.935,3037,2021-11-17 20:45:00,PLTK
20.94,20.94,20.92,20.92,3976,2021-11-17 20:46:00,PLTK
20.925,20.925,20.9,20.9,3133,2021-11-17 20:47:00,PLTK
20.9,20.9,20.9,20.9,400,2021-11-17 20:48:00,PLTK
20.9,20.91,20.89,20.91,1432,2021-11-17 20:49:00,PLTK
20.92,20.94,20.92,20.935,4767,2021-11-17 20:50:00,PLTK
20.93,20.94,20.919,20.919,6498,2021-11-17 20:51:00,PLTK
20.91,20.91,20.86,20.86,4780,2021-11-17 20:52:00,PLTK
20.85,20.865,20.84,20.86,6201,2021-11-17 20:53:00,PLTK
20.86,20.869,20.83,20.83,8597,2021-11-17 20:54:00,PLTK
20.83,20.8576,20.82,20.84,5727,2021-11-17 20:55:00,PLTK
20.845,20.865,20.845,20.855,11236,2021-11-17 20:56:00,PLTK
20.85,20.87,20.84,20.86,5689,2021-11-17 20:57:00,PLTK
20.87,20.87,20.85,20.869,8380,2021-11-17 20:58:00,PLTK
20.869,20.87,20.84,20.86,11962,2021-11-17 20:59:00,PLTK
20.85,20.85,20.85,20.85,29477,2021-11-17 21:00:00,PLTK
21.06,21.3,21.06,21.3,5878,2021-11-17 21:47:00,PLTK
21.4,21.4,21.4,21.4,1900,2021-11-17 21:48:00,PLTK
21.95,21.95,21.95,21.95,107,2021-11-17 22:04:00,PLTK
21.93,21.93,21.93,21.93,100,2021-11-17 22:14:00,PLTK
21.91,21.91,21.91,21.91,100,2021-11-17 22:35:00,PLTK
21.8,21.8,21.8,21.8,100,2021-11-17 22:38:00,PLTK
21.8499,21.8499,21.8499,21.8499,140,2021-11-17 22:43:00,PLTK
21.64,21.64,21.64,21.64,100,2021-11-17 23:11:00,PLTK
21.62,21.62,21.62,21.62,105,2021-11-18 10:01:00,PLTK
21.5,21.5,21.5,21.5,200,2021-11-18 11:20:00,PLTK
21.41,21.41,21.41,21.41,200,2021-11-18 12:01:00,PLTK
21.3,21.3,21.3,21.3,200,2021-11-18 12:02:00,PLTK
21.29,21.3,21.29,21.3,340,2021-11-18 12:32:00,PLTK
21.3,21.3,21.3,21.3,400,2021-11-18 12:35:00,PLTK
21.3,21.3,21.3,21.3,300,2021-11-18 12:57:00,PLTK
21.3,21.3,21.3,21.3,200,2021-11-18 13:35:00,PLTK
21.29,21.3,21.29,21.3,200,2021-11-18 13:38:00,PLTK
21.2999,21.2999,21.2999,21.2999,250,2021-11-18 13:46:00,PLTK
21.3,21.3,21.3,21.3,150,2021-11-18 13:51:00,PLTK
21.3,21.3,21.29,21.29,300,2021-11-18 13:52:00,PLTK
21.3,21.3,21.3,21.3,150,2021-11-18 13:54:00,PLTK
21.6,21.6,21.5,21.515,43938,2021-11-18 14:30:00,PLTK
21.52,21.572,21.52,21.525,1100,2021-11-18 14:31:00,PLTK
21.54,21.61,21.34,21.34,5176,2021-11-18 14:32:00,PLTK
21.4,21.44,21.3201,21.43,1650,2021-11-18 14:33:00,PLTK
21.365,21.47,21.36,21.47,1100,2021-11-18 14:34:00,PLTK
21.44,21.44,21.435,21.435,300,2021-11-18 14:35:00,PLTK
21.43,21.43,21.37,21.41,2000,2021-11-18 14:36:00,PLTK
21.39,21.4215,21.3,21.3,1732,2021-11-18 14:38:00,PLTK
21.32,21.36,21.3,21.36,6072,2021-11-18 14:39:00,PLTK
21.4,21.47,21.35,21.46,5819,2021-11-18 14:40:00,PLTK
21.467,21.5,21.46,21.46,1400,2021-11-18 14:41:00,PLTK
21.5,21.53,21.5,21.5,600,2021-11-18 14:42:00,PLTK
21.5,21.54,21.5,21.54,1000,2021-11-18 14:43:00,PLTK
21.51,21.51,21.51,21.51,100,2021-11-18 14:44:00,PLTK
21.51,21.53,21.51,21.53,600,2021-11-18 14:45:00,PLTK
21.54,21.55,21.515,21.55,7880,2021-11-18 14:46:00,PLTK
21.525,21.525,21.36,21.37,27060,2021-11-18 14:47:00,PLTK
21.375,21.375,21.34,21.3703,1300,2021-11-18 14:48:00,PLTK
21.335,21.335,21.335,21.335,100,2021-11-18 14:49:00,PLTK
21.335,21.365,21.22,21.22,1600,2021-11-18 14:50:00,PLTK
21.185,21.24,21.16,21.24,22389,2021-11-18 14:51:00,PLTK
21.22,21.22,21.22,21.22,300,2021-11-18 14:52:00,PLTK
21.24,21.27,21.24,21.27,414,2021-11-18 14:53:00,PLTK
21.245,21.245,21.19,21.21,3520,2021-11-18 14:54:00,PLTK
21.21,21.21,21.195,21.195,200,2021-11-18 14:55:00,PLTK
21.2,21.2,21.2,21.2,200,2021-11-18 14:56:00,PLTK
21.19,21.21,21.13,21.21,4613,2021-11-18 14:57:00,PLTK
21.17,21.17,21.13,21.13,600,2021-11-18 14:58:00,PLTK
21.13,21.16,21.129,21.16,2100,2021-11-18 14:59:00,PLTK
21.146,21.146,21.12,21.12,550,2021-11-18 15:00:00,PLTK
21.11,21.12,21.1,21.12,1350,2021-11-18 15:01:00,PLTK
21.115,21.115,21.09,21.09,200,2021-11-18 15:02:00,PLTK
21.09,21.12,21.0,21.03,10037,2021-11-18 15:03:00,PLTK
21.0,21.01,21.0,21.01,200,2021-11-18 15:04:00,PLTK
21.04,21.06,21.02,21.045,2978,2021-11-18 15:05:00,PLTK
21.0522,21.0522,21.03,21.05,770,2021-11-18 15:06:00,PLTK
21.03,21.03,20.98,21.0099,8487,2021-11-18 15:07:00,PLTK
20.98,20.99,20.98,20.98,400,2021-11-18 15:08:00,PLTK
20.994,20.994,20.93,20.93,2350,2021-11-18 15:09:00,PLTK
20.91,20.91,20.89,20.89,700,2021-11-18 15:10:00,PLTK
20.87,20.88,20.87,20.88,200,2021-11-18 15:11:00,PLTK
20.87,20.87,20.85,20.86,5769,2021-11-18 15:12:00,PLTK
20.865,20.865,20.865,20.865,250,2021-11-18 15:13:00,PLTK
20.85,20.85,20.85,20.85,100,2021-11-18 15:14:00,PLTK
20.85,20.85,20.82,20.82,920,2021-11-18 15:15:00,PLTK
20.84,20.84,20.84,20.84,400,2021-11-18 15:16:00,PLTK
20.82,20.84,20.82,20.84,200,2021-11-18 15:17:00,PLTK
20.83,20.86,20.82,20.835,2400,2021-11-18 15:19:00,PLTK
20.85,20.85,20.8,20.822,2870,2021-11-18 15:20:00,PLTK
20.82,20.85,20.82,20.85,700,2021-11-18 15:21:00,PLTK
20.8537,20.8537,20.8537,20.8537,300,2021-11-18 15:22:00,PLTK
20.8217,20.86,20.8217,20.86,1900,2021-11-18 15:23:00,PLTK
20.84,20.84,20.82,20.82,3419,2021-11-18 15:24:00,PLTK
20.84,20.8464,20.79,20.79,26030,2021-11-18 15:25:00,PLTK
20.78,20.78,20.6801,20.71,3284,2021-11-18 15:26:00,PLTK
20.67,20.7,20.6504,20.7,5550,2021-11-18 15:27:00,PLTK
20.69,20.7,20.69,20.7,200,2021-11-18 15:28:00,PLTK
20.685,20.685,20.66,20.66,1700,2021-11-18 15:29:00,PLTK
20.65,20.68,20.12,20.25,86258,2021-11-18 15:30:00,PLTK
20.23,20.25,19.8,19.865,259564,2021-11-18 15:31:00,PLTK
19.91,20.1987,19.77,20.125,74872,2021-11-18 15:32:00,PLTK
20.15,20.32,20.08,20.15,52363,2021-11-18 15:33:00,PLTK
20.18,20.48,20.12,20.34,25273,2021-11-18 15:34:00,PLTK
20.36,20.42,20.2306,20.29,31531,2021-11-18 15:35:00,PLTK
20.3,20.3592,20.3,20.35,2115,2021-11-18 15:36:00,PLTK
20.37,20.515,20.36,20.395,21243,2021-11-18 15:37:00,PLTK
20.4,20.44,20.2,20.2,29235,2021-11-18 15:38:00,PLTK
20.2,20.36,20.2,20.29,5500,2021-11-18 15:39:00,PLTK
20.27,20.28,20.23,20.27,917,2021-11-18 15:40:00,PLTK
20.265,20.32,20.2377,20.2377,2650,2021-11-18 15:41:00,PLTK
20.22,20.22,20.14,20.14,1700,2021-11-18 15:42:00,PLTK
20.14,20.26,20.14,20.2172,7092,2021-11-18 15:43:00,PLTK
20.23,20.23,20.15,20.15,1300,2021-11-18 15:44:00,PLTK
20.18,20.25,20.15,20.215,2897,2021-11-18 15:45:00,PLTK
20.19,20.24,20.12,20.24,10983,2021-11-18 15:46:00,PLTK
20.23,20.39,20.23,20.31,12120,2021-11-18 15:47:00,PLTK
20.33,20.35,20.26,20.33,1890,2021-11-18 15:48:00,PLTK
20.33,20.43,20.27,20.3601,55863,2021-11-18 15:49:00,PLTK
20.38,20.56,20.38,20.56,22463,2021-11-18 15:50:00,PLTK
20.54,20.61,20.49,20.58,39416,2021-11-18 15:51:00,PLTK
20.54,20.54,20.46,20.47,12624,2021-11-18 15:52:00,PLTK
20.45,20.51,20.42,20.49,2476,2021-11-18 15:53:00,PLTK
20.42,20.49,20.42,20.49,2200,2021-11-18 15:55:00,PLTK
20.47,20.56,20.47,20.56,4487,2021-11-18 15:56:00,PLTK
20.59,20.59,20.5,20.515,4792,2021-11-18 15:57:00,PLTK
20.515,20.63,20.515,20.56,6677,2021-11-18 15:58:00,PLTK
20.54,20.54,20.47,20.5,1300,2021-11-18 15:59:00,PLTK
20.47,20.555,20.47,20.555,6502,2021-11-18 16:00:00,PLTK
20.555,20.555,20.555,20.555,100,2021-11-18 16:01:00,PLTK
20.58,20.6,20.55,20.58,6073,2021-11-18 16:02:00,PLTK
20.55,20.56,20.545,20.555,700,2021-11-18 16:03:00,PLTK
20.58,20.58,20.535,20.535,3487,2021-11-18 16:04:00,PLTK
20.56,20.6,20.56,20.6,1661,2021-11-18 16:05:00,PLTK
20.6,20.61,20.6,20.6,929,2021-11-18 16:06:00,PLTK
20.63,20.65,20.63,20.64,3524,2021-11-18 16:07:00,PLTK
20.64,20.66,20.64,20.66,2500,2021-11-18 16:08:00,PLTK
20.6699,20.68,20.6,20.6205,4479,2021-11-18 16:09:00,PLTK
20.63,20.63,20.63,20.63,700,2021-11-18 16:10:00,PLTK
20.63,20.66,20.63,20.6344,2753,2021-11-18 16:11:00,PLTK
20.65,20.65,20.65,20.65,800,2021-11-18 16:12:00,PLTK
20.66,20.69,20.655,20.67,29849,2021-11-18 16:13:00,PLTK
20.655,20.72,20.655,20.71,26705,2021-11-18 16:15:00,PLTK
20.72,20.83,20.72,20.81,8500,2021-11-18 16:16:00,PLTK
20.8225,20.828,20.815,20.828,2100,2021-11-18 16:17:00,PLTK
20.83,20.89,20.83,20.87,3915,2021-11-18 16:18:00,PLTK
20.87,20.89,20.87,20.89,700,2021-11-18 16:19:00,PLTK
20.87,20.88,20.865,20.865,884,2021-11-18 16:20:00,PLTK
20.865,20.87,20.86,20.87,300,2021-11-18 16:22:00,PLTK
20.86,20.86,20.828,20.828,2148,2021-11-18 16:23:00,PLTK
20.8399,20.8399,20.81,20.81,800,2021-11-18 16:24:00,PLTK
20.83,20.83,20.73,20.73,2300,2021-11-18 16:25:00,PLTK
20.706,20.706,20.706,20.706,100,2021-11-18 16:26:00,PLTK
20.74,20.75,20.72,20.75,2500,2021-11-18 16:27:00,PLTK
20.72,20.74,20.71,20.73,2936,2021-11-18 16:28:00,PLTK
20.75,20.75,20.745,20.7478,1395,2021-11-18 16:29:00,PLTK
20.76,20.76,20.735,20.735,453,2021-11-18 16:30:00,PLTK
20.73,20.73,20.73,20.73,534,2021-11-18 16:31:00,PLTK
20.72,20.72,20.71,20.71,2319,2021-11-18 16:32:00,PLTK
20.72,20.74,20.72,20.74,600,2021-11-18 16:33:00,PLTK
20.72,20.72,20.64,20.64,2414,2021-11-18 16:35:00,PLTK
20.6423,20.6423,20.6423,20.6423,193,2021-11-18 16:36:00,PLTK
20.63,20.65,20.621,20.65,1100,2021-11-18 16:37:00,PLTK
20.63,20.66,20.62,20.66,5392,2021-11-18 16:38:00,PLTK
20.67,20.67,20.67,20.67,200,2021-11-18 16:39:00,PLTK
20.65,20.73,20.65,20.73,33846,2021-11-18 16:42:00,PLTK
20.74,20.75,20.74,20.75,800,2021-11-18 16:43:00,PLTK
20.76,20.76,20.76,20.76,100,2021-11-18 16:44:00,PLTK
20.78,20.78,20.74,20.78,600,2021-11-18 16:46:00,PLTK
20.79,20.79,20.79,20.79,300,2021-11-18 16:47:00,PLTK
20.79,20.79,20.76,20.76,1684,2021-11-18 16:48:00,PLTK
20.74,20.74,20.74,20.74,100,2021-11-18 16:49:00,PLTK
20.74,20.74,20.7,20.7,2596,2021-11-18 16:50:00,PLTK
20.69,20.72,20.69,20.72,200,2021-11-18 16:52:00,PLTK
20.69,20.69,20.69,20.69,100,2021-11-18 16:53:00,PLTK
20.69,20.69,20.62,20.63,2299,2021-11-18 16:54:00,PLTK
20.64,20.65,20.622,20.635,1800,2021-11-18 16:55:00,PLTK
20.64,20.64,20.58,20.58,700,2021-11-18 16:56:00,PLTK
20.58,20.58,20.58,20.58,200,2021-11-18 16:57:00,PLTK
20.61,20.63,20.61,20.63,2025,2021-11-18 16:58:00,PLTK
20.64,20.64,20.64,20.64,100,2021-11-18 17:00:00,PLTK
20.61,20.61,20.59,20.6,4229,2021-11-18 17:01:00,PLTK
20.61,20.61,20.61,20.61,100,2021-11-18 17:02:00,PLTK
20.61,20.61,20.61,20.61,2546,2021-11-18 17:03:00,PLTK
20.59,20.59,20.58,20.58,1100,2021-11-18 17:05:00,PLTK
20.556,20.59,20.55,20.57,2951,2021-11-18 17:06:00,PLTK
20.57,20.57,20.57,20.57,100,2021-11-18 17:07:00,PLTK
20.57,20.57,20.57,20.57,100,2021-11-18 17:08:00,PLTK
20.58,20.59,20.58,20.59,200,2021-11-18 17:09:00,PLTK
20.572,20.58,20.57,20.57,300,2021-11-18 17:10:00,PLTK
20.57,20.63,20.57,20.63,3160,2021-11-18 17:11:00,PLTK
20.63,20.63,20.63,20.63,200,2021-11-18 17:12:00,PLTK
20.64,20.7,20.64,20.672,3797,2021-11-18 17:13:00,PLTK
20.67,20.67,20.67,20.67,959,2021-11-18 17:14:00,PLTK
20.67,20.67,20.67,20.67,700,2021-11-18 17:15:00,PLTK
20.68,20.68,20.68,20.68,100,2021-11-18 17:16:00,PLTK
20.68,20.73,20.68,20.73,2312,2021-11-18 17:17:00,PLTK
20.75,20.75,20.75,20.75,200,2021-11-18 17:18:00,PLTK
20.77,20.77,20.74,20.77,700,2021-11-18 17:19:00,PLTK
20.8,20.8,20.8,20.8,100,2021-11-18 17:20:00,PLTK
20.8,20.8,20.77,20.773,1004,2021-11-18 17:21:00,PLTK
20.77,20.78,20.75,20.751,4468,2021-11-18 17:22:00,PLTK
20.75,20.75,20.74,20.74,804,2021-11-18 17:23:00,PLTK
20.74,20.74,20.74,20.74,100,2021-11-18 17:24:00,PLTK
20.72,20.73,20.705,20.71,900,2021-11-18 17:25:00,PLTK
20.72,20.72,20.69,20.711,2200,2021-11-18 17:26:00,PLTK
20.72,20.72,20.7113,20.7113,649,2021-11-18 17:27:00,PLTK
20.71,20.72,20.71,20.72,250,2021-11-18 17:28:00,PLTK
20.7,20.705,20.69,20.69,1085,2021-11-18 17:29:00,PLTK
20.66,20.66,20.66,20.66,100,2021-11-18 17:30:00,PLTK
20.6767,20.6767,20.65,20.65,1050,2021-11-18 17:31:00,PLTK
20.62,20.62,20.62,20.62,100,2021-11-18 17:33:00,PLTK
20.6518,20.6518,20.636,20.636,212,2021-11-18 17:34:00,PLTK
20.645,20.645,20.645,20.645,200,2021-11-18 17:35:00,PLTK
20.63,20.64,20.615,20.615,900,2021-11-18 17:36:00,PLTK
20.602,20.62,20.602,20.62,200,2021-11-18 17:37:00,PLTK
20.6,20.6,20.6,20.6,200,2021-11-18 17:38:00,PLTK
20.615,20.67,20.601,20.64,4610,2021-11-18 17:39:00,PLTK
20.64,20.67,20.64,20.67,1800,2021-11-18 17:40:00,PLTK
20.675,20.675,20.595,20.595,14400,2021-11-18 17:42:00,PLTK
20.581,20.581,20.58,20.58,400,2021-11-18 17:43:00,PLTK
20.6,20.61,20.59,20.59,3512,2021-11-18 17:45:00,PLTK
20.58,20.59,20.57,20.57,1400,2021-11-18 17:46:00,PLTK
20.57,20.58,20.565,20.58,300,2021-11-18 17:47:00,PLTK
20.55,20.56,20.55,20.56,200,2021-11-18 17:48:00,PLTK
20.54,20.56,20.54,20.555,2674,2021-11-18 17:49:00,PLTK
20.59,20.62,20.58,20.62,1803,2021-11-18 17:51:00,PLTK
20.6,20.605,20.6,20.605,1343,2021-11-18 17:53:00,PLTK
20.59,20.59,20.59,20.59,110,2021-11-18 17:54:00,PLTK
20.58,20.58,20.58,20.58,200,2021-11-18 17:57:00,PLTK
20.59,20.59,20.59,20.59,200,2021-11-18 17:58:00,PLTK
20.58,20.582,20.58,20.582,200,2021-11-18 17:59:00,PLTK
20.58,20.58,20.58,20.58,100,2021-11-18 18:00:00,PLTK
20.6,20.61,20.59,20.6,1846,2021-11-18 18:01:00,PLTK
20.61,20.63,20.61,20.63,2500,2021-11-18 18:03:00,PLTK
20.62,20.63,20.58,20.6,4710,2021-11-18 18:04:00,PLTK
20.59,20.59,20.59,20.59,400,2021-11-18 18:07:00,PLTK
20.58,20.58,20.58,20.58,467,2021-11-18 18:08:00,PLTK
20.58,20.59,20.58,20.58,700,2021-11-18 18:10:00,PLTK
20.56,20.57,20.56,20.56,700,2021-11-18 18:11:00,PLTK
20.54,20.63,20.54,20.63,4500,2021-11-18 18:13:00,PLTK
20.64,20.65,20.62,20.65,2678,2021-11-18 18:14:00,PLTK
20.645,20.645,20.645,20.645,180,2021-11-18 18:15:00,PLTK
20.645,20.665,20.63,20.665,2599,2021-11-18 18:16:00,PLTK
20.66,20.66,20.66,20.66,100,2021-11-18 18:17:00,PLTK
20.675,20.69,20.675,20.68,700,2021-11-18 18:18:00,PLTK
20.67,20.67,20.67,20.67,1000,2021-11-18 18:19:00,PLTK
20.66,20.66,20.66,20.66,100,2021-11-18 18:21:00,PLTK
20.63,20.645,20.63,20.645,200,2021-11-18 18:22:00,PLTK
20.66,20.66,20.65,20.65,1039,2021-11-18 18:23:00,PLTK
20.6629,20.68,20.6629,20.68,1100,2021-11-18 18:25:00,PLTK
20.68,20.68,20.67,20.67,900,2021-11-18 18:26:00,PLTK
20.66,20.66,20.63,20.63,1984,2021-11-18 18:27:00,PLTK
20.6,20.6,20.57,20.5995,1960,2021-11-18 18:28:00,PLTK
20.61,20.61,20.6,20.601,2000,2021-11-18 18:29:00,PLTK
20.59,20.59,20.58,20.58,1100,2021-11-18 18:31:00,PLTK
20.58,20.58,20.5604,20.5604,314,2021-11-18 18:32:00,PLTK
20.6,20.6,20.56,20.585,1407,2021-11-18 18:33:00,PLTK
20.57,20.62,20.57,20.615,3532,2021-11-18 18:35:00,PLTK
20.62,20.62,20.6101,20.6101,300,2021-11-18 18:36:00,PLTK
20.61,20.61,20.61,20.61,200,2021-11-18 18:37:00,PLTK
20.61,20.61,20.58,20.58,2035,2021-11-18 18:38:00,PLTK
20.56,20.57,20.551,20.565,1600,2021-11-18 18:39:00,PLTK
20.56,20.56,20.56,20.56,500,2021-11-18 18:40:00,PLTK
20.55,20.58,20.55,20.58,5300,2021-11-18 18:41:00,PLTK
20.575,20.575,20.575,20.575,500,2021-11-18 18:42:00,PLTK
20.56,20.56,20.56,20.56,100,2021-11-18 18:43:00,PLTK
20.56,20.56,20.56,20.56,300,2021-11-18 18:44:00,PLTK
20.58,20.58,20.57,20.575,400,2021-11-18 18:45:00,PLTK
20.5809,20.59,20.5809,20.59,650,2021-11-18 18:47:00,PLTK
20.595,20.605,20.595,20.605,300,2021-11-18 18:48:00,PLTK
20.61,20.61,20.61,20.61,200,2021-11-18 18:49:00,PLTK
20.62,20.62,20.575,20.575,3200,2021-11-18 18:50:00,PLTK
20.59,20.6,20.59,20.6,1179,2021-11-18 18:51:00,PLTK
20.6,20.6,20.57,20.589,2286,2021-11-18 18:53:00,PLTK
20.575,20.575,20.575,20.575,100,2021-11-18 18:54:00,PLTK
20.57,20.57,20.57,20.57,100,2021-11-18 18:56:00,PLTK
20.58,20.58,20.58,20.58,700,2021-11-18 18:58:00,PLTK
20.58,20.58,20.56,20.56,1182,2021-11-18 18:59:00,PLTK
20.56,20.56,20.56,20.56,490,2021-11-18 19:00:00,PLTK
20.52,20.56,20.52,20.5208,1190,2021-11-18 19:01:00,PLTK
20.55,20.57,20.54,20.565,3091,2021-11-18 19:03:00,PLTK
20.57,20.57,20.565,20.57,1400,2021-11-18 19:04:00,PLTK
20.57,20.57,20.57,20.57,100,2021-11-18 19:05:00,PLTK
20.58,20.59,20.58,20.58,2582,2021-11-18 19:06:00,PLTK
20.57,20.57,20.57,20.57,100,2021-11-18 19:07:00,PLTK
20.57,20.57,20.57,20.57,200,2021-11-18 19:08:00,PLTK
20.57,20.57,20.5,20.53,3000,2021-11-18 19:09:00,PLTK
20.51,20.51,20.47,20.492,6839,2021-11-18 19:10:00,PLTK
20.5,20.5,20.5,20.5,300,2021-11-18 19:11:00,PLTK
20.5,20.5,20.4877,20.4877,350,2021-11-18 19:12:00,PLTK
20.505,20.505,20.505,20.505,200,2021-11-18 19:13:00,PLTK
20.491,20.51,20.491,20.51,1562,2021-11-18 19:14:00,PLTK
20.51,20.51,20.51,20.51,200,2021-11-18 19:15:00,PLTK
20.5,20.505,20.5,20.505,600,2021-11-18 19:16:00,PLTK
20.505,20.505,20.505,20.505,700,2021-11-18 19:17:00,PLTK
20.505,20.505,20.505,20.505,100,2021-11-18 19:18:00,PLTK
20.505,20.505,20.505,20.505,200,2021-11-18 19:19:00,PLTK
20.505,20.505,20.49,20.5,500,2021-11-18 19:21:00,PLTK
20.492,20.51,20.482,20.505,4638,2021-11-18 19:22:00,PLTK
20.49,20.505,20.49,20.502,3240,2021-11-18 19:23:00,PLTK
20.505,20.505,20.505,20.505,200,2021-11-18 19:24:00,PLTK
20.5,20.5,20.49,20.49,400,2021-11-18 19:25:00,PLTK
20.5,20.51,20.5,20.51,3212,2021-11-18 19:27:00,PLTK
20.53,20.53,20.515,20.53,2169,2021-11-18 19:28:00,PLTK
20.58,20.67,20.57,20.6329,8143,2021-11-18 19:29:00,PLTK
20.635,20.66,20.63,20.645,8740,2021-11-18 19:30:00,PLTK
20.645,20.66,20.611,20.625,1600,2021-11-18 19:31:00,PLTK
20.61,20.63,20.61,20.63,2119,2021-11-18 19:33:00,PLTK
20.63,20.65,20.63,20.63,1316,2021-11-18 19:35:00,PLTK
20.66,20.66,20.66,20.66,900,2021-11-18 19:36:00,PLTK
20.69,20.69,20.69,20.69,100,2021-11-18 19:37:00,PLTK
20.69,20.69,20.69,20.69,100,2021-11-18 19:38:00,PLTK
20.67,20.675,20.63,20.67,3364,2021-11-18 19:39:00,PLTK
20.65,20.65,20.65,20.65,200,2021-11-18 19:40:00,PLTK
20.65,20.65,20.65,20.65,100,2021-11-18 19:41:00,PLTK
20.63,20.63,20.63,20.63,100,2021-11-18 19:42:00,PLTK
20.65,20.66,20.63,20.66,2474,2021-11-18 19:43:00,PLTK
20.66,20.66,20.63,20.63,2879,2021-11-18 19:44:00,PLTK
20.64,20.64,20.64,20.64,300,2021-11-18 19:45:00,PLTK
20.63,20.63,20.62,20.62,1200,2021-11-18 19:46:00,PLTK
20.62,20.63,20.62,20.62,1535,2021-11-18 19:47:00,PLTK
20.61,20.61,20.61,20.61,100,2021-11-18 19:48:00,PLTK
20.64,20.64,20.625,20.625,200,2021-11-18 19:49:00,PLTK
20.61,20.61,20.61,20.61,100,2021-11-18 19:50:00,PLTK
20.625,20.625,20.625,20.625,100,2021-11-18 19:51:00,PLTK
20.625,20.625,20.625,20.625,100,2021-11-18 19:52:00,PLTK
20.611,20.62,20.591,20.601,2823,2021-11-18 19:53:00,PLTK
20.601,20.601,20.59,20.59,500,2021-11-18 19:55:00,PLTK
20.59,20.59,20.59,20.59,800,2021-11-18 19:56:00,PLTK
20.59,20.59,20.59,20.59,100,2021-11-18 19:57:00,PLTK
20.58,20.6,20.58,20.6,900,2021-11-18 19:59:00,PLTK
20.58,20.582,20.58,20.582,300,2021-11-18 20:00:00,PLTK
20.59,20.63,20.59,20.63,4000,2021-11-18 20:01:00,PLTK
20.64,20.64,20.61,20.61,1787,2021-11-18 20:02:00,PLTK
20.62,20.62,20.62,20.62,100,2021-11-18 20:03:00,PLTK
20.605,20.61,20.602,20.61,2211,2021-11-18 20:04:00,PLTK
20.615,20.62,20.615,20.62,600,2021-11-18 20:06:00,PLTK
20.62,20.64,20.62,20.64,800,2021-11-18 20:07:00,PLTK
20.64,20.64,20.64,20.64,200,2021-11-18 20:08:00,PLTK
20.64,20.64,20.64,20.64,200,2021-11-18 20:09:00,PLTK
20.63,20.64,20.63,20.64,1093,2021-11-18 20:10:00,PLTK
20.62,20.64,20.62,20.63,9372,2021-11-18 20:11:00,PLTK
20.62,20.62,20.62,20.62,100,2021-11-18 20:12:00,PLTK
20.62,20.62,20.601,20.601,900,2021-11-18 20:13:00,PLTK
20.605,20.605,20.605,20.605,100,2021-11-18 20:14:00,PLTK
20.61,20.62,20.6,20.62,2932,2021-11-18 20:15:00,PLTK
20.62,20.62,20.59,20.59,1860,2021-11-18 20:16:00,PLTK
20.59,20.59,20.581,20.581,400,2021-11-18 20:17:00,PLTK
20.59,20.59,20.59,20.59,600,2021-11-18 20:19:00,PLTK
20.595,20.595,20.595,20.595,200,2021-11-18 20:20:00,PLTK
20.59,20.59,20.571,20.58,1800,2021-11-18 20:21:00,PLTK
20.589,20.6,20.57,20.58,5074,2021-11-18 20:22:00,PLTK
20.59,20.59,20.59,20.59,200,2021-11-18 20:24:00,PLTK
20.58,20.59,20.58,20.59,1890,2021-11-18 20:25:00,PLTK
20.59,20.59,20.58,20.58,600,2021-11-18 20:26:00,PLTK
20.585,20.59,20.571,20.59,3488,2021-11-18 20:27:00,PLTK
20.58,20.58,20.571,20.571,800,2021-11-18 20:28:00,PLTK
20.58,20.58,20.58,20.58,100,2021-11-18 20:29:00,PLTK
20.57,20.575,20.57,20.575,300,2021-11-18 20:30:00,PLTK
20.58,20.58,20.56,20.56,6340,2021-11-18 20:31:00,PLTK
20.56,20.56,20.54,20.54,3906,2021-11-18 20:32:00,PLTK
20.56,20.57,20.55,20.55,6402,2021-11-18 20:33:00,PLTK
20.54,20.54,20.54,20.54,500,2021-11-18 20:34:00,PLTK
20.54,20.55,20.54,20.55,2234,2021-11-18 20:35:00,PLTK
20.545,20.565,20.54,20.555,8237,2021-11-18 20:36:00,PLTK
20.555,20.555,20.555,20.555,100,2021-11-18 20:37:00,PLTK
20.555,20.5599,20.55,20.551,1090,2021-11-18 20:38:00,PLTK
20.55,20.55,20.53,20.54,3822,2021-11-18 20:39:00,PLTK
20.54,20.545,20.53,20.54,1887,2021-11-18 20:40:00,PLTK
20.54,20.545,20.49,20.4905,3257,2021-11-18 20:41:00,PLTK
20.4902,20.5,20.45,20.49,12194,2021-11-18 20:42:00,PLTK
20.49,20.49,20.47,20.47,1213,2021-11-18 20:43:00,PLTK
20.47,20.51,20.47,20.51,6056,2021-11-18 20:44:00,PLTK
20.515,20.52,20.515,20.52,600,2021-11-18 20:45:00,PLTK
20.52,20.565,20.52,20.56,3607,2021-11-18 20:46:00,PLTK
20.54,20.555,20.53,20.54,5182,2021-11-18 20:47:00,PLTK
20.53,20.55,20.522,20.55,6324,2021-11-18 20:48:00,PLTK
20.54,20.54,20.53,20.53,3030,2021-11-18 20:49:00,PLTK
20.54,20.5699,20.54,20.56,15550,2021-11-18 20:50:00,PLTK
20.56,20.59,20.56,20.58,7583,2021-11-18 20:51:00,PLTK
20.59,20.59,20.56,20.56,12651,2021-11-18 20:52:00,PLTK
20.5759,20.5799,20.56,20.57,10327,2021-11-18 20:53:00,PLTK
20.56,20.56,20.5,20.5,18035,2021-11-18 20:54:00,PLTK
20.5099,20.5099,20.45,20.478,14539,2021-11-18 20:55:00,PLTK
20.47,20.48,20.42,20.43,23911,2021-11-18 20:56:00,PLTK
20.42,20.44,20.41,20.42,19313,2021-11-18 20:57:00,PLTK
20.43,20.44,20.41,20.41,29264,2021-11-18 20:58:00,PLTK
20.41,20.46,20.41,20.46,35593,2021-11-18 20:59:00,PLTK
20.46,20.46,20.46,20.46,187361,2021-11-18 21:00:00,PLTK
20.46,20.46,20.46,20.46,980,2021-11-18 21:13:00,PLTK
20.44,20.46,20.44,20.46,8670,2021-11-19 14:30:00,PLTK
20.4,20.4,20.2095,20.36,547,2021-11-19 14:31:00,PLTK
20.2752,20.48,20.2752,20.46,701,2021-11-19 14:33:00,PLTK
20.49,20.5,20.4301,20.4301,909,2021-11-19 14:34:00,PLTK
20.525,20.56,20.44,20.455,13298,2021-11-19 14:39:00,PLTK
20.455,20.5,20.42,20.44,1500,2021-11-19 14:40:00,PLTK
20.42,20.42,20.33,20.35,2700,2021-11-19 14:41:00,PLTK
20.33,20.33,20.295,20.3,900,2021-11-19 14:42:00,PLTK
20.27,20.29,20.15,20.17,1786,2021-11-19 14:43:00,PLTK
20.15,20.19,20.15,20.19,1118,2021-11-19 14:44:00,PLTK
20.25,20.3,20.25,20.3,1878,2021-11-19 14:46:00,PLTK
20.285,20.285,20.235,20.26,413,2021-11-19 14:47:00,PLTK
20.25,20.27,20.25,20.27,1200,2021-11-19 14:48:00,PLTK
20.25,20.25,20.19,20.19,463,2021-11-19 14:49:00,PLTK
20.17,20.17,20.15,20.15,2037,2021-11-19 14:50:00,PLTK
20.13,20.13,20.05,20.05,3598,2021-11-19 14:51:00,PLTK
20.1,20.13,20.05,20.08,14319,2021-11-19 14:52:00,PLTK
20.06,20.08,20.05,20.07,8256,2021-11-19 14:53:00,PLTK
20.035,20.07,20.01,20.04,4780,2021-11-19 14:54:00,PLTK
20.05,20.05,20.01,20.01,1106,2021-11-19 14:55:00,PLTK
20.04,20.04,19.9,19.93,12851,2021-11-19 14:56:00,PLTK
19.93,20.01,19.93,20.0,2299,2021-11-19 14:57:00,PLTK
20.0,20.0,19.9,19.9,3633,2021-11-19 14:58:00,PLTK
20.0,20.15,19.95,20.15,13023,2021-11-19 14:59:00,PLTK
20.1272,20.1272,20.105,20.105,300,2021-11-19 15:00:00,PLTK
20.1,20.12,20.095,20.095,300,2021-11-19 15:01:00,PLTK
20.12,20.15,20.11,20.14,1721,2021-11-19 15:02:00,PLTK
20.15,20.15,20.15,20.15,100,2021-11-19 15:03:00,PLTK
20.145,20.165,20.13,20.13,2523,2021-11-19 15:04:00,PLTK
20.105,20.105,20.09,20.105,300,2021-11-19 15:06:00,PLTK
20.105,20.11,20.07,20.11,1805,2021-11-19 15:07:00,PLTK
20.09,20.09,20.09,20.09,100,2021-11-19 15:08:00,PLTK
20.14,20.2,20.11,20.2,3840,2021-11-19 15:09:00,PLTK
20.22,20.22,20.205,20.205,400,2021-11-19 15:10:00,PLTK
20.205,20.34,20.1926,20.34,12320,2021-11-19 15:11:00,PLTK
20.31,20.355,20.31,20.35,2020,2021-11-19 15:12:00,PLTK
20.29,20.36,20.25,20.36,2714,2021-11-19 15:13:00,PLTK
20.335,20.335,20.335,20.335,100,2021-11-19 15:14:00,PLTK
20.335,20.38,20.335,20.38,200,2021-11-19 15:15:00,PLTK
20.39,20.41,20.33,20.33,2439,2021-11-19 15:16:00,PLTK
20.34,20.37,20.33,20.345,1889,2021-11-19 15:17:00,PLTK
20.345,20.37,20.345,20.37,1200,2021-11-19 15:18:00,PLTK
20.35,20.36,20.33,20.33,1167,2021-11-19 15:19:00,PLTK
20.35,20.35,20.29,20.29,1647,2021-11-19 15:20:00,PLTK
20.2588,20.26,20.2588,20.26,411,2021-11-19 15:21:00,PLTK
20.26,20.29,20.26,20.26,1226,2021-11-19 15:22:00,PLTK
20.28,20.288,20.28,20.288,547,2021-11-19 15:24:00,PLTK
20.265,20.328,20.265,20.328,1170,2021-11-19 15:25:00,PLTK
20.29,20.29,20.25,20.27,800,2021-11-19 15:26:00,PLTK
20.25,20.25,20.25,20.25,351,2021-11-19 15:27:00,PLTK
20.25,20.26,20.23,20.26,3825,2021-11-19 15:30:00,PLTK
20.25,20.25,20.25,20.25,100,2021-11-19 15:31:00,PLTK
20.28,20.3102,20.28,20.3102,1290,2021-11-19 15:32:00,PLTK
20.3,20.33,20.3,20.33,1961,2021-11-19 15:33:00,PLTK
20.34,20.36,20.34,20.355,800,2021-11-19 15:34:00,PLTK
20.34,20.34,20.34,20.34,100,2021-11-19 15:35:00,PLTK
20.316,20.37,20.316,20.355,1833,2021-11-19 15:36:00,PLTK
20.355,20.355,20.33,20.33,828,2021-11-19 15:37:00,PLTK
20.33,20.33,20.33,20.33,350,2021-11-19 15:38:00,PLTK
20.3473,20.3473,20.32,20.32,618,2021-11-19 15:39:00,PLTK
20.305,20.305,20.29,20.29,300,2021-11-19 15:40:00,PLTK
20.285,20.285,20.27,20.27,400,2021-11-19 15:41:00,PLTK
20.275,20.31,20.275,20.31,1800,2021-11-19 15:42:00,PLTK
20.32,20.35,20.31,20.31,1600,2021-11-19 15:43:00,PLTK
20.32,20.32,20.32,20.32,200,2021-11-19 15:44:00,PLTK
20.32,20.32,20.29,20.3,800,2021-11-19 15:45:00,PLTK
20.3,20.31,20.27,20.27,1760,2021-11-19 15:47:00,PLTK
20.27,20.29,20.26,20.26,1224,2021-11-19 15:48:00,PLTK
20.26,20.26,20.25,20.25,1174,2021-11-19 15:49:00,PLTK
20.25,20.25,20.25,20.25,100,2021-11-19 15:50:00,PLTK
20.25,20.25,20.2426,20.2426,360,2021-11-19 15:51:00,PLTK
20.225,20.225,20.225,20.225,200,2021-11-19 15:52:00,PLTK
20.22,20.22,20.2,20.21,1006,2021-11-19 15:53:00,PLTK
20.21,20.21,20.17,20.19,11218,2021-11-19 15:54:00,PLTK
20.2,20.2,20.17,20.17,1639,2021-11-19 15:55:00,PLTK
20.175,20.181,20.16,20.181,906,2021-11-19 15:56:00,PLTK
20.19,20.21,20.19,20.2004,1500,2021-11-19 15:58:00,PLTK
20.21,20.22,20.19,20.2,23860,2021-11-19 15:59:00,PLTK
20.205,20.205,20.19,20.2,1000,2021-11-19 16:00:00,PLTK
20.22,20.25,20.21,20.25,2475,2021-11-19 16:01:00,PLTK
20.245,20.25,20.22,20.245,1861,2021-11-19 16:02:00,PLTK
20.245,20.255,20.245,20.255,300,2021-11-19 16:03:00,PLTK
20.255,20.255,20.255,20.255,200,2021-11-19 16:04:00,PLTK
20.255,20.255,20.24,20.24,200,2021-11-19 16:05:00,PLTK
20.245,20.25,20.245,20.25,200,2021-11-19 16:06:00,PLTK
20.2308,20.25,20.2308,20.25,600,2021-11-19 16:07:00,PLTK
20.25,20.25,20.25,20.25,100,2021-11-19 16:08:00,PLTK
20.245,20.245,20.245,20.245,100,2021-11-19 16:09:00,PLTK
20.23,20.23,20.2,20.21,2629,2021-11-19 16:10:00,PLTK
20.21,20.2199,20.21,20.21,1050,2021-11-19 16:11:00,PLTK
20.21,20.21,20.21,20.21,124,2021-11-19 16:12:00,PLTK
20.205,20.24,20.205,20.24,1011,2021-11-19 16:13:00,PLTK
20.24,20.24,20.24,20.24,600,2021-11-19 16:14:00,PLTK
20.25,20.25,20.25,20.25,100,2021-11-19 16:15:00,PLTK
20.25,20.26,20.2304,20.2304,1023,2021-11-19 16:16:00,PLTK
20.23,20.23,20.18,20.21,2978,2021-11-19 16:17:00,PLTK
20.21,20.21,20.21,20.21,100,2021-11-19 16:18:00,PLTK
20.215,20.215,20.215,20.215,100,2021-11-19 16:19:00,PLTK
20.2,20.2,20.2,20.2,100,2021-11-19 16:20:00,PLTK
20.16,20.17,20.16,20.17,500,2021-11-19 16:21:00,PLTK
20.18,20.19,20.18,20.19,900,2021-11-19 16:22:00,PLTK
20.18,20.18,20.18,20.18,200,2021-11-19 16:23:00,PLTK
20.19,20.2,20.19,20.2,300,2021-11-19 16:24:00,PLTK
20.19,20.19,20.19,20.19,100,2021-11-19 16:26:00,PLTK
20.205,20.23,20.205,20.23,1227,2021-11-19 16:28:00,PLTK
20.23,20.23,20.2,20.2,1909,2021-11-19 16:30:00,PLTK
20.21,20.21,20.18,20.18,1300,2021-11-19 16:31:00,PLTK
20.12,20.12,20.12,20.12,264,2021-11-19 16:33:00,PLTK
20.12,20.13,20.08,20.08,897,2021-11-19 16:34:00,PLTK
20.115,20.12,20.05,20.05,6988,2021-11-19 16:36:00,PLTK
20.04,20.04,20.02,20.025,1009,2021-11-19 16:38:00,PLTK
20.04,20.08,20.04,20.08,2639,2021-11-19 16:39:00,PLTK
20.0934,20.105,20.0934,20.105,887,2021-11-19 16:40:00,PLTK
20.105,20.1197,20.09,20.09,950,2021-11-19 16:41:00,PLTK
20.12,20.12,20.1,20.1,308,2021-11-19 16:42:00,PLTK
20.09,20.09,20.09,20.09,100,2021-11-19 16:43:00,PLTK
20.09,20.12,20.09,20.12,1956,2021-11-19 16:45:00,PLTK
20.09,20.09,20.09,20.09,100,2021-11-19 16:46:00,PLTK
20.06,20.075,20.04,20.06,2543,2021-11-19 16:47:00,PLTK
20.07,20.09,20.07,20.075,1016,2021-11-19 16:48:00,PLTK
20.075,20.075,20.075,20.075,100,2021-11-19 16:49:00,PLTK
20.065,20.065,20.065,20.065,200,2021-11-19 16:50:00,PLTK
20.03,20.03,20.03,20.03,400,2021-11-19 16:52:00,PLTK
20.02,20.04,20.01,20.02,2506,2021-11-19 16:53:00,PLTK
20.01,20.08,20.0,20.07,12405,2021-11-19 16:54:00,PLTK
20.055,20.08,20.05,20.08,3845,2021-11-19 16:55:00,PLTK
20.075,20.075,20.075,20.075,100,2021-11-19 16:56:00,PLTK
20.1,20.12,20.09,20.09,2512,2021-11-19 16:57:00,PLTK
20.095,20.095,20.095,20.095,100,2021-11-19 16:58:00,PLTK
20.11,20.13,20.09,20.09,1597,2021-11-19 16:59:00,PLTK
20.11,20.11,20.11,20.11,300,2021-11-19 17:00:00,PLTK
20.12,20.12,20.12,20.12,200,2021-11-19 17:01:00,PLTK
20.1,20.12,20.1,20.12,300,2021-11-19 17:02:00,PLTK
20.115,20.115,20.1,20.11,995,2021-11-19 17:03:00,PLTK
20.09,20.09,20.04,20.04,10825,2021-11-19 17:04:00,PLTK
20.07,20.1,20.07,20.1,2585,2021-11-19 17:06:00,PLTK
20.0804,20.0804,20.08,20.0804,300,2021-11-19 17:07:00,PLTK
20.085,20.085,20.07,20.07,311,2021-11-19 17:09:00,PLTK
20.1,20.1,20.08,20.0955,400,2021-11-19 17:11:00,PLTK
20.09,20.09,20.05,20.06,12599,2021-11-19 17:14:00,PLTK
20.05,20.05,20.05,20.05,200,2021-11-19 17:15:00,PLTK
20.035,20.04,20.02,20.02,1611,2021-11-19 17:16:00,PLTK
20.035,20.07,20.035,20.07,2140,2021-11-19 17:17:00,PLTK
20.08,20.095,20.06,20.095,2740,2021-11-19 17:18:00,PLTK
20.095,20.095,20.08,20.08,491,2021-11-19 17:20:00,PLTK
20.08,20.0802,20.08,20.08,709,2021-11-19 17:21:00,PLTK
20.09,20.12,20.09,20.11,1603,2021-11-19 17:22:00,PLTK
20.125,20.125,20.125,20.125,200,2021-11-19 17:23:00,PLTK
20.11,20.11,20.1,20.105,758,2021-11-19 17:24:00,PLTK
20.1,20.1,20.07,20.07,918,2021-11-19 17:27:00,PLTK
20.07,20.07,20.07,20.07,100,2021-11-19 17:28:00,PLTK
20.02,20.02,20.02,20.02,264,2021-11-19 17:29:00,PLTK
20.0312,20.05,20.0312,20.05,300,2021-11-19 17:30:00,PLTK
20.066,20.066,20.05,20.05,453,2021-11-19 17:31:00,PLTK
20.03,20.04,20.03,20.04,900,2021-11-19 17:32:00,PLTK
20.04,20.06,20.04,20.06,1700,2021-11-19 17:33:00,PLTK
20.065,20.065,20.065,20.065,100,2021-11-19 17:34:00,PLTK
20.08,20.09,20.08,20.08,1071,2021-11-19 17:35:00,PLTK
20.07,20.07,20.07,20.07,200,2021-11-19 17:37:00,PLTK
20.07,20.07,20.07,20.07,200,2021-11-19 17:40:00,PLTK
20.06,20.06,20.04,20.04,995,2021-11-19 17:41:00,PLTK
20.06,20.06,20.045,20.045,4570,2021-11-19 17:42:00,PLTK
20.06,20.06,20.06,20.06,425,2021-11-19 17:43:00,PLTK
20.06,20.06,20.06,20.06,389,2021-11-19 17:45:00,PLTK
20.06,20.06,20.05,20.05,500,2021-11-19 17:46:00,PLTK
20.05,20.05,20.03,20.03,794,2021-11-19 17:47:00,PLTK
20.04,20.04,20.0,20.0,25301,2021-11-19 17:48:00,PLTK
20.0,20.05,20.0,20.05,1926,2021-11-19 17:49:00,PLTK
20.04,20.05,20.04,20.04,1458,2021-11-19 17:51:00,PLTK
20.04,20.04,20.04,20.04,100,2021-11-19 17:52:00,PLTK
20.04,20.04,20.03,20.03,1699,2021-11-19 17:53:00,PLTK
20.04,20.04,19.98,20.0,14377,2021-11-19 17:54:00,PLTK
19.97,20.0,19.97,20.0,200,2021-11-19 17:57:00,PLTK
19.97,19.982,19.97,19.982,500,2021-11-19 17:58:00,PLTK
19.96,19.96,19.96,19.96,240,2021-11-19 17:59:00,PLTK
19.98,19.98,19.98,19.98,313,2021-11-19 18:00:00,PLTK
19.96,19.99,19.96,19.975,600,2021-11-19 18:02:00,PLTK
19.9669,20.0,19.96,19.985,1021,2021-11-19 18:03:00,PLTK
19.985,20.0,19.985,19.985,2746,2021-11-19 18:04:00,PLTK
19.99,19.99,19.98,19.99,450,2021-11-19 18:07:00,PLTK
19.98,20.0,19.98,20.0,200,2021-11-19 18:08:00,PLTK
19.9974,20.02,19.99,20.02,2285,2021-11-19 18:09:00,PLTK
20.0,20.02,19.99,19.99,23800,2021-11-19 18:10:00,PLTK
19.9901,20.01,19.97,19.97,3305,2021-11-19 18:11:00,PLTK
19.99,20.005,19.98,20.005,2300,2021-11-19 18:12:00,PLTK
20.0,20.0,19.97,20.0,2868,2021-11-19 18:13:00,PLTK
19.99,20.0,19.99,19.99,1747,2021-11-19 18:14:00,PLTK
20.005,20.005,19.995,20.0,2700,2021-11-19 18:15:00,PLTK
20.0,20.0,19.985,20.0,2300,2021-11-19 18:16:00,PLTK
20.0,20.0,19.99,19.99,3528,2021-11-19 18:17:00,PLTK
19.98,19.99,19.98,19.99,300,2021-11-19 18:18:00,PLTK
19.98,20.0,19.97,19.97,4290,2021-11-19 18:19:00,PLTK
20.0,20.0,19.98,19.985,548,2021-11-19 18:20:00,PLTK
19.97,19.9999,19.97,19.9999,975,2021-11-19 18:21:00,PLTK
19.97,20.0,19.97,19.99,4298,2021-11-19 18:22:00,PLTK
19.98,20.0,19.96,19.96,2064,2021-11-19 18:23:00,PLTK
19.975,19.99,19.975,19.975,1600,2021-11-19 18:24:00,PLTK
19.99,19.99,19.975,19.98,1500,2021-11-19 18:25:00,PLTK
19.985,19.99,19.985,19.99,764,2021-11-19 18:26:00,PLTK
19.99,20.02,19.99,20.0001,1599,2021-11-19 18:27:00,PLTK
20.02,20.02,20.0,20.0,350,2021-11-19 18:28:00,PLTK
19.99,19.9906,19.99,19.99,2250,2021-11-19 18:29:00,PLTK
19.99,20.0,19.99,20.0,300,2021-11-19 18:30:00,PLTK
20.0,20.0,19.9955,20.0,964,2021-11-19 18:31:00,PLTK
20.0,20.0,20.0,20.0,100,2021-11-19 18:32:00,PLTK
20.01,20.01,20.0,20.0,300,2021-11-19 18:35:00,PLTK
19.992,20.01,19.99,19.99,900,2021-11-19 18:36:00,PLTK
19.98,19.98,19.98,19.98,628,2021-11-19 18:37:00,PLTK
19.96,19.96,19.95,19.95,3860,2021-11-19 18:38:00,PLTK
19.95,19.95,19.915,19.92,1124,2021-11-19 18:39:00,PLTK
19.92,19.93,19.912,19.912,3104,2021-11-19 18:40:00,PLTK
19.925,19.94,19.925,19.925,3300,2021-11-19 18:41:00,PLTK
19.925,19.94,19.925,19.925,1500,2021-11-19 18:42:00,PLTK
19.925,19.925,19.91,19.925,1500,2021-11-19 18:43:00,PLTK
19.93,19.93,19.92,19.92,1200,2021-11-19 18:44:00,PLTK
19.92,19.92,19.92,19.92,1057,2021-11-19 18:45:00,PLTK
19.92,19.93,19.92,19.92,2273,2021-11-19 18:46:00,PLTK
19.91,19.91,19.91,19.91,300,2021-11-19 18:48:00,PLTK
19.91,19.935,19.91,19.935,1865,2021-11-19 18:49:00,PLTK
19.935,19.935,19.9321,19.9321,400,2021-11-19 18:50:00,PLTK
19.935,19.95,19.935,19.95,500,2021-11-19 18:51:00,PLTK
19.94,19.97,19.94,19.97,1680,2021-11-19 18:52:00,PLTK
19.965,19.965,19.965,19.965,100,2021-11-19 18:53:00,PLTK
19.99,20.01,19.98,20.01,5210,2021-11-19 18:54:00,PLTK
20.0201,20.0201,20.0201,20.0201,363,2021-11-19 18:56:00,PLTK
20.02,20.02,20.02,20.02,500,2021-11-19 18:57:00,PLTK
20.02,20.02,20.0168,20.0168,621,2021-11-19 18:58:00,PLTK
20.01,20.02,20.0,20.01,5884,2021-11-19 18:59:00,PLTK
20.02,20.02,20.01,20.01,1300,2021-11-19 19:00:00,PLTK
20.01,20.01,20.01,20.01,400,2021-11-19 19:01:00,PLTK
20.0,20.01,19.955,19.955,10826,2021-11-19 19:02:00,PLTK
19.97,19.97,19.95,19.97,1570,2021-11-19 19:03:00,PLTK
19.98,19.98,19.97,19.97,1015,2021-11-19 19:04:00,PLTK
19.99,19.99,19.99,19.99,200,2021-11-19 19:05:00,PLTK
19.98,19.98,19.98,19.98,100,2021-11-19 19:06:00,PLTK
19.99,19.99,19.99,19.99,100,2021-11-19 19:07:00,PLTK
19.97,19.97,19.97,19.97,100,2021-11-19 19:08:00,PLTK
19.99,20.01,19.99,20.0,2179,2021-11-19 19:09:00,PLTK
20.0,20.0,20.0,20.0,200,2021-11-19 19:10:00,PLTK
20.0,20.0,19.99,19.99,300,2021-11-19 19:11:00,PLTK
19.99,19.99,19.955,19.955,3625,2021-11-19 19:12:00,PLTK
19.95,19.96,19.95,19.955,500,2021-11-19 19:13:00,PLTK
19.955,19.96,19.955,19.96,200,2021-11-19 19:14:00,PLTK
19.955,19.97,19.955,19.97,1020,2021-11-19 19:15:00,PLTK
19.96,19.96,19.96,19.96,451,2021-11-19 19:16:00,PLTK
19.955,19.955,19.955,19.955,200,2021-11-19 19:17:00,PLTK
19.95,19.95,19.95,19.95,200,2021-11-19 19:18:00,PLTK
19.95,19.95,19.95,19.95,200,2021-11-19 19:19:00,PLTK
19.94,19.95,19.94,19.945,400,2021-11-19 19:20:00,PLTK
19.945,19.949,19.94,19.949,611,2021-11-19 19:21:00,PLTK
19.94,19.94,19.94,19.94,200,2021-11-19 19:22:00,PLTK
19.95,19.99,19.945,19.99,1904,2021-11-19 19:23:00,PLTK
20.0,20.0,19.98,19.98,800,2021-11-19 19:24:00,PLTK
19.97,19.97,19.97,19.97,400,2021-11-19 19:25:00,PLTK
19.965,19.965,19.965,19.965,200,2021-11-19 19:26:00,PLTK
19.97,20.0,19.965,20.0,1600,2021-11-19 19:27:00,PLTK
19.996,19.996,19.996,19.996,254,2021-11-19 19:28:00,PLTK
19.99,20.0,19.99,20.0,200,2021-11-19 19:29:00,PLTK
20.0,20.0,19.99,19.99,200,2021-11-19 19:30:00,PLTK
20.01,20.01,20.01,20.01,100,2021-11-19 19:31:00,PLTK
19.99,19.99,19.99,19.99,200,2021-11-19 19:32:00,PLTK
19.99,19.99,19.97,19.97,2902,2021-11-19 19:33:00,PLTK
19.96,19.975,19.96,19.975,472,2021-11-19 19:34:00,PLTK
19.98,19.99,19.97,19.97,5300,2021-11-19 19:35:00,PLTK
19.98,19.98,19.94,19.94,4679,2021-11-19 19:36:00,PLTK
19.95,19.95,19.93,19.95,300,2021-11-19 19:37:00,PLTK
19.952,19.952,19.945,19.945,400,2021-11-19 19:38:00,PLTK
19.945,19.99,19.94,19.99,7564,2021-11-19 19:39:00,PLTK
19.965,19.965,19.965,19.965,100,2021-11-19 19:40:00,PLTK
19.95,19.95,19.95,19.95,148,2021-11-19 19:41:00,PLTK
19.97,19.97,19.97,19.97,100,2021-11-19 19:42:00,PLTK
19.955,20.02,19.955,20.02,4988,2021-11-19 19:43:00,PLTK
20.02,20.03,20.01,20.01,919,2021-11-19 19:44:00,PLTK
20.01,20.04,20.01,20.04,922,2021-11-19 19:45:00,PLTK
20.025,20.07,20.025,20.07,1300,2021-11-19 19:46:00,PLTK
20.065,20.07,20.01,20.01,3659,2021-11-19 19:47:00,PLTK
20.01,20.02,20.01,20.01,1439,2021-11-19 19:48:00,PLTK
20.02,20.02,20.01,20.01,499,2021-11-19 19:49:00,PLTK
20.02,20.02,20.01,20.02,1200,2021-11-19 19:50:00,PLTK
20.03,20.05,20.03,20.05,1300,2021-11-19 19:51:00,PLTK
20.04,20.04,20.02,20.02,2646,2021-11-19 19:52:00,PLTK
20.02,20.05,20.02,20.05,1000,2021-11-19 19:53:00,PLTK
20.05,20.05,20.05,20.05,2106,2021-11-19 19:54:00,PLTK
20.05,20.06,20.04,20.04,3811,2021-11-19 19:55:00,PLTK
20.04,20.04,19.95,19.95,2065,2021-11-19 19:56:00,PLTK
19.96,19.96,19.92,19.92,3292,2021-11-19 19:57:00,PLTK
19.925,19.925,19.925,19.925,100,2021-11-19 19:58:00,PLTK
19.925,19.925,19.925,19.925,100,2021-11-19 19:59:00,PLTK
19.92,19.925,19.91,19.91,1000,2021-11-19 20:00:00,PLTK
19.92,19.92,19.86,19.87,7994,2021-11-19 20:01:00,PLTK
19.87,19.94,19.865,19.94,5183,2021-11-19 20:02:00,PLTK
19.94,19.945,19.93,19.93,2616,2021-11-19 20:03:00,PLTK
19.92,19.92,19.92,19.92,100,2021-11-19 20:04:00,PLTK
19.89,19.9,19.875,19.875,777,2021-11-19 20:05:00,PLTK
19.86,19.87,19.86,19.87,1196,2021-11-19 20:06:00,PLTK
19.86,19.87,19.86,19.87,2262,2021-11-19 20:07:00,PLTK
19.87,19.87,19.87,19.87,100,2021-11-19 20:08:00,PLTK
19.87,19.87,19.87,19.87,200,2021-11-19 20:09:00,PLTK
19.88,19.91,19.87,19.91,3775,2021-11-19 20:10:00,PLTK
19.9,19.91,19.89,19.91,1200,2021-11-19 20:11:00,PLTK
19.895,19.91,19.89,19.9,2412,2021-11-19 20:12:00,PLTK
19.91,19.93,19.91,19.92,1900,2021-11-19 20:13:00,PLTK
19.92,19.92,19.91,19.91,400,2021-11-19 20:14:00,PLTK
19.92,19.95,19.92,19.95,1300,2021-11-19 20:15:00,PLTK
19.955,19.955,19.955,19.955,300,2021-11-19 20:16:00,PLTK
19.955,19.955,19.9,19.9,2313,2021-11-19 20:17:00,PLTK
19.92,19.935,19.92,19.935,2008,2021-11-19 20:18:00,PLTK
19.935,19.95,19.935,19.95,200,2021-11-19 20:19:00,PLTK
19.95,19.96,19.92,19.96,3040,2021-11-19 20:21:00,PLTK
19.97,19.97,19.92,19.9206,2900,2021-11-19 20:22:00,PLTK
19.9206,19.96,19.9206,19.9375,2390,2021-11-19 20:23:00,PLTK
19.98,19.98,19.97,19.97,400,2021-11-19 20:24:00,PLTK
19.98,19.989,19.97,19.97,2090,2021-11-19 20:25:00,PLTK
19.97,19.97,19.9504,19.9504,1225,2021-11-19 20:26:00,PLTK
19.96,19.96,19.93,19.955,3317,2021-11-19 20:27:00,PLTK
19.96,19.96,19.9504,19.9504,1200,2021-11-19 20:28:00,PLTK
19.9504,19.9504,19.93,19.94,2000,2021-11-19 20:29:00,PLTK
19.939,19.97,19.939,19.95,4080,2021-11-19 20:30:00,PLTK
19.9502,19.97,19.9402,19.9502,3486,2021-11-19 20:31:00,PLTK
19.9502,19.9502,19.92,19.92,1800,2021-11-19 20:32:00,PLTK
19.91,19.915,19.89,19.89,1100,2021-11-19 20:33:00,PLTK
19.89,19.89,19.86,19.86,6221,2021-11-19 20:34:00,PLTK
19.86,19.88,19.86,19.865,3587,2021-11-19 20:35:00,PLTK
19.8602,19.8602,19.8602,19.8602,500,2021-11-19 20:36:00,PLTK
19.865,19.879,19.85,19.85,15517,2021-11-19 20:37:00,PLTK
19.85,19.85,19.8002,19.8002,7656,2021-11-19 20:38:00,PLTK
19.8002,19.82,19.8002,19.815,3806,2021-11-19 20:39:00,PLTK
19.8199,19.83,19.8102,19.83,1817,2021-11-19 20:40:00,PLTK
19.83,19.83,19.82,19.83,500,2021-11-19 20:41:00,PLTK
19.825,19.84,19.825,19.84,2702,2021-11-19 20:42:00,PLTK
19.835,19.84,19.835,19.84,200,2021-11-19 20:43:00,PLTK
19.84,19.85,19.8316,19.85,4913,2021-11-19 20:44:00,PLTK
19.84,19.84,19.84,19.84,9304,2021-11-19 20:45:00,PLTK
19.84,19.85,19.84,19.85,200,2021-11-19 20:46:00,PLTK
19.84,19.845,19.8,19.81,7176,2021-11-19 20:47:00,PLTK
19.8,19.82,19.8,19.81,2853,2021-11-19 20:48:00,PLTK
19.81,19.815,19.8,19.8116,2747,2021-11-19 20:49:00,PLTK
19.82,19.845,19.8001,19.8001,6351,2021-11-19 20:50:00,PLTK
19.81,19.82,19.78,19.78,7731,2021-11-19 20:51:00,PLTK
19.79,19.8,19.77,19.785,8580,2021-11-19 20:52:00,PLTK
19.79,19.795,19.7835,19.79,2833,2021-11-19 20:53:00,PLTK
19.79,19.795,19.77,19.77,8639,2021-11-19 20:54:00,PLTK
19.76,19.78,19.76,19.775,12465,2021-11-19 20:55:00,PLTK
19.78,19.79,19.73,19.74,14014,2021-11-19 20:56:00,PLTK
19.73,19.77,19.72,19.7246,31382,2021-11-19 20:57:00,PLTK
19.74,19.75,19.72,19.73,24343,2021-11-19 20:58:00,PLTK
19.74,19.76,19.73,19.76,7671,2021-11-19 20:59:00,PLTK
19.73,19.73,19.73,19.73,57092,2021-11-19 21:00:00,PLTK
19.8,19.8,19.8,19.8,1000,2021-11-19 21:56:00,PLTK
19.51,19.51,19.51,19.51,200,2021-11-22 11:03:00,PLTK
19.8,19.9,19.8,19.9,1991,2021-11-22 13:33:00,PLTK
20.03,20.03,20.03,20.03,100,2021-11-22 14:25:00,PLTK
20.05,20.05,19.92,19.92,3600,2021-11-22 14:29:00,PLTK
20.0,20.19,19.8801,19.95,20403,2021-11-22 14:30:00,PLTK
19.89,19.89,19.5,19.57,16709,2021-11-22 14:31:00,PLTK
19.56,19.58,19.395,19.49,7225,2021-11-22 14:32:00,PLTK
19.52,19.58,19.52,19.54,1065,2021-11-22 14:33:00,PLTK
19.56,19.59,19.47,19.47,2900,2021-11-22 14:34:00,PLTK
19.5,19.5,19.44,19.49,1272,2021-11-22 14:35:00,PLTK
19.43,19.4333,19.37,19.4048,1500,2021-11-22 14:36:00,PLTK
19.4,19.4363,19.39,19.4288,1442,2021-11-22 14:37:00,PLTK
19.43,19.51,19.42,19.42,4997,2021-11-22 14:38:00,PLTK
19.45,19.52,19.42,19.43,5372,2021-11-22 14:39:00,PLTK
19.3503,19.3503,19.3503,19.3503,100,2021-11-22 14:40:00,PLTK
19.438,19.438,19.31,19.32,4122,2021-11-22 14:41:00,PLTK
19.3592,19.3592,19.3592,19.3592,500,2021-11-22 14:42:00,PLTK
19.31,19.38,19.31,19.38,3016,2021-11-22 14:43:00,PLTK
19.36,19.36,19.221,19.28,4402,2021-11-22 14:44:00,PLTK
19.3,19.3318,19.3,19.33,3233,2021-11-22 14:45:00,PLTK
19.342,19.342,19.29,19.3334,4150,2021-11-22 14:46:00,PLTK
19.36,19.36,19.33,19.33,2322,2021-11-22 14:47:00,PLTK
19.3,19.3,19.22,19.25,2133,2021-11-22 14:48:00,PLTK
19.28,19.31,19.27,19.285,5150,2021-11-22 14:49:00,PLTK
19.2,19.24,19.2,19.23,500,2021-11-22 14:50:00,PLTK
19.2,19.2,19.12,19.16,1950,2021-11-22 14:51:00,PLTK
19.13,19.16,19.06,19.16,9406,2021-11-22 14:52:00,PLTK
19.12,19.15,19.08,19.107,3591,2021-11-22 14:53:00,PLTK
19.115,19.115,19.01,19.07,11375,2021-11-22 14:54:00,PLTK
19.06,19.06,19.04,19.06,2044,2021-11-22 14:55:00,PLTK
19.06,19.1,19.05,19.05,4036,2021-11-22 14:56:00,PLTK
19.05,19.08,19.05,19.075,3833,2021-11-22 14:57:00,PLTK
19.07,19.07,19.01,19.015,2063,2021-11-22 14:58:00,PLTK
19.02,19.0794,19.02,19.0241,3663,2021-11-22 14:59:00,PLTK
19.035,19.11,19.0214,19.11,2100,2021-11-22 15:00:00,PLTK
19.095,19.095,19.095,19.095,1205,2021-11-22 15:01:00,PLTK
19.095,19.095,19.095,19.095,100,2021-11-22 15:02:00,PLTK
19.095,19.13,19.07,19.08,5720,2021-11-22 15:03:00,PLTK
19.105,19.13,19.09,19.09,1743,2021-11-22 15:04:00,PLTK
19.11,19.11,19.11,19.11,100,2021-11-22 15:05:00,PLTK
19.11,19.11,19.11,19.11,100,2021-11-22 15:06:00,PLTK
19.1,19.1,18.98,18.98,5457,2021-11-22 15:07:00,PLTK
18.98,19.05,18.97,18.98,7293,2021-11-22 15:08:00,PLTK
18.98,19.04,18.98,19.018,8250,2021-11-22 15:09:00,PLTK
19.015,19.03,19.0,19.02,3096,2021-11-22 15:10:00,PLTK
19.007,19.08,19.007,19.08,2575,2021-11-22 15:11:00,PLTK
19.05,19.05,19.05,19.05,500,2021-11-22 15:12:00,PLTK
19.05,19.05,19.0,19.0299,2739,2021-11-22 15:13:00,PLTK
19.02,19.06,19.02,19.052,3014,2021-11-22 15:14:00,PLTK
19.04,19.05,19.03,19.03,1250,2021-11-22 15:15:00,PLTK
19.02,19.02,19.0,19.02,5106,2021-11-22 15:16:00,PLTK
19.0,19.01,19.0,19.0,4277,2021-11-22 15:18:00,PLTK
19.02,19.03,18.97,18.97,15980,2021-11-22 15:19:00,PLTK
18.9955,19.01,18.97,19.01,3855,2021-11-22 15:20:00,PLTK
18.99,18.99,18.95,18.96,1704,2021-11-22 15:21:00,PLTK
18.95,18.99,18.94,18.99,17178,2021-11-22 15:23:00,PLTK
18.9734,18.9734,18.97,18.97,650,2021-11-22 15:24:00,PLTK
18.9603,18.975,18.96,18.975,500,2021-11-22 15:25:00,PLTK
18.96,18.96,18.94,18.94,400,2021-11-22 15:26:00,PLTK
18.93,18.93,18.83,18.85,3050,2021-11-22 15:27:00,PLTK
18.85,18.85,18.83,18.83,300,2021-11-22 15:28:00,PLTK
18.83,18.84,18.83,18.84,600,2021-11-22 15:29:00,PLTK
18.83,18.85,18.8,18.82,12508,2021-11-22 15:30:00,PLTK
18.8,18.88,18.8,18.83,4954,2021-11-22 15:31:00,PLTK
18.84,18.84,18.84,18.84,400,2021-11-22 15:32:00,PLTK
18.85,18.85,18.78,18.835,4861,2021-11-22 15:33:00,PLTK
18.85,18.85,18.84,18.84,863,2021-11-22 15:34:00,PLTK
18.84,18.84,18.82,18.83,700,2021-11-22 15:35:00,PLTK
18.82,18.84,18.82,18.84,359,2021-11-22 15:36:00,PLTK
18.81,18.81,18.8,18.8,300,2021-11-22 15:37:00,PLTK
18.81,18.81,18.78,18.795,800,2021-11-22 15:38:00,PLTK
18.77,18.82,18.77,18.82,4320,2021-11-22 15:39:00,PLTK
18.82,18.86,18.818,18.83,4113,2021-11-22 15:40:00,PLTK
18.81,18.81,18.78,18.78,4714,2021-11-22 15:41:00,PLTK
18.78,18.78,18.78,18.78,200,2021-11-22 15:42:00,PLTK
18.76,18.78,18.75,18.75,2896,2021-11-22 15:43:00,PLTK
18.76,18.76,18.67,18.67,1000,2021-11-22 15:44:00,PLTK
18.67,18.74,18.665,18.74,4803,2021-11-22 15:45:00,PLTK
18.72,18.72,18.71,18.71,1000,2021-11-22 15:46:00,PLTK
18.69,18.7132,18.69,18.7132,300,2021-11-22 15:47:00,PLTK
18.71,18.71,18.69,18.69,677,2021-11-22 15:48:00,PLTK
18.695,18.73,18.695,18.72,4930,2021-11-22 15:49:00,PLTK
18.72,18.77,18.7,18.75,5957,2021-11-22 15:50:00,PLTK
18.78,18.78,18.76,18.78,2400,2021-11-22 15:51:00,PLTK
18.78,18.83,18.76,18.7718,3826,2021-11-22 15:52:00,PLTK
18.765,18.765,18.725,18.725,1141,2021-11-22 15:53:00,PLTK
18.7432,18.7432,18.7432,18.7432,600,2021-11-22 15:54:00,PLTK
18.73,18.75,18.72,18.75,913,2021-11-22 15:55:00,PLTK
18.75,18.785,18.72,18.738,6326,2021-11-22 15:56:00,PLTK
18.7347,18.7347,18.7,18.7,1170,2021-11-22 15:57:00,PLTK
18.7,18.75,18.7,18.75,3800,2021-11-22 15:58:00,PLTK
18.77,18.77,18.77,18.77,300,2021-11-22 15:59:00,PLTK
18.77,18.79,18.77,18.785,1500,2021-11-22 16:00:00,PLTK
18.785,18.785,18.78,18.785,700,2021-11-22 16:01:00,PLTK
18.785,18.79,18.75,18.75,2106,2021-11-22 16:02:00,PLTK
18.77,18.78,18.75,18.75,1300,2021-11-22 16:03:00,PLTK
18.74,18.79,18.74,18.78,5602,2021-11-22 16:04:00,PLTK
18.78,18.78,18.74,18.74,1394,2021-11-22 16:05:00,PLTK
18.74,18.74,18.74,18.74,100,2021-11-22 16:06:00,PLTK
18.76,18.76,18.74,18.74,605,2021-11-22 16:07:00,PLTK
18.74,18.78,18.735,18.78,4000,2021-11-22 16:08:00,PLTK
18.78,18.83,18.77,18.77,23653,2021-11-22 16:09:00,PLTK
18.775,18.775,18.73,18.73,1000,2021-11-22 16:10:00,PLTK
18.74,18.74,18.69,18.705,4098,2021-11-22 16:11:00,PLTK
18.71,18.72,18.68,18.705,6450,2021-11-22 16:12:00,PLTK
18.71,18.71,18.701,18.71,900,2021-11-22 16:13:00,PLTK
18.71,18.75,18.6941,18.75,2430,2021-11-22 16:14:00,PLTK
18.7327,18.7342,18.73,18.73,700,2021-11-22 16:15:00,PLTK
18.735,18.735,18.72,18.73,1000,2021-11-22 16:17:00,PLTK
18.72,18.72,18.7,18.72,2600,2021-11-22 16:18:00,PLTK
18.705,18.8,18.705,18.791,5062,2021-11-22 16:19:00,PLTK
18.76,18.77,18.74,18.75,1463,2021-11-22 16:20:00,PLTK
18.77,18.77,18.71,18.71,2900,2021-11-22 16:21:00,PLTK
18.72,18.72,18.69,18.7,434,2021-11-22 16:22:00,PLTK
18.685,18.71,18.68,18.71,700,2021-11-22 16:23:00,PLTK
18.69,18.725,18.69,18.725,2886,2021-11-22 16:24:00,PLTK
18.7,18.7,18.64,18.68,4824,2021-11-22 16:25:00,PLTK
18.64,18.65,18.62,18.635,2445,2021-11-22 16:27:00,PLTK
18.635,18.635,18.585,18.585,2737,2021-11-22 16:28:00,PLTK
18.585,18.64,18.585,18.64,6083,2021-11-22 16:29:00,PLTK
18.61,18.61,18.6,18.6,951,2021-11-22 16:30:00,PLTK
18.6,18.6,18.56,18.56,520,2021-11-22 16:31:00,PLTK
18.55,18.585,18.5,18.55,21976,2021-11-22 16:32:00,PLTK
18.55,18.58,18.55,18.58,1200,2021-11-22 16:33:00,PLTK
18.56,18.56,18.48,18.48,2682,2021-11-22 16:34:00,PLTK
18.47,18.53,18.47,18.5,2400,2021-11-22 16:35:00,PLTK
18.508,18.52,18.508,18.52,1615,2021-11-22 16:37:00,PLTK
18.49,18.49,18.47,18.47,300,2021-11-22 16:38:00,PLTK
18.45,18.46,18.45,18.45,503,2021-11-22 16:39:00,PLTK
18.43,18.45,18.4,18.43,4634,2021-11-22 16:40:00,PLTK
18.44,18.45,18.39,18.39,2011,2021-11-22 16:41:00,PLTK
18.4395,18.4395,18.385,18.39,1734,2021-11-22 16:42:00,PLTK
18.39,18.39,18.39,18.39,100,2021-11-22 16:43:00,PLTK
18.395,18.44,18.395,18.395,4500,2021-11-22 16:44:00,PLTK
18.37,18.46,18.36,18.425,6232,2021-11-22 16:45:00,PLTK
18.425,18.45,18.4,18.4,4108,2021-11-22 16:46:00,PLTK
18.4,18.42,18.4,18.41,735,2021-11-22 16:47:00,PLTK
18.42,18.43,18.41,18.41,1500,2021-11-22 16:48:00,PLTK
18.43,18.43,18.395,18.395,1374,2021-11-22 16:49:00,PLTK
18.395,18.4,18.371,18.3734,3534,2021-11-22 16:50:00,PLTK
18.371,18.4,18.37,18.4,4900,2021-11-22 16:51:00,PLTK
18.397,18.397,18.34,18.3898,2346,2021-11-22 16:52:00,PLTK
18.35,18.38,18.35,18.38,7200,2021-11-22 16:53:00,PLTK
18.35,18.35,18.31,18.35,4012,2021-11-22 16:54:00,PLTK
18.35,18.36,18.3201,18.3201,1878,2021-11-22 16:55:00,PLTK
18.34,18.38,18.21,18.36,6807,2021-11-22 16:56:00,PLTK
18.4,18.4,18.4,18.4,2413,2021-11-22 16:57:00,PLTK
18.39,18.41,18.38,18.41,2712,2021-11-22 16:58:00,PLTK
18.44,18.44,18.4,18.42,1752,2021-11-22 16:59:00,PLTK
18.42,18.44,18.41,18.41,2852,2021-11-22 17:00:00,PLTK
18.44,18.44,18.4,18.4,1830,2021-11-22 17:01:00,PLTK
18.38,18.4,18.35,18.35,1616,2021-11-22 17:02:00,PLTK
18.3652,18.3652,18.33,18.36,3186,2021-11-22 17:03:00,PLTK
18.37,18.385,18.36,18.385,1200,2021-11-22 17:04:00,PLTK
18.3752,18.38,18.37,18.38,942,2021-11-22 17:05:00,PLTK
18.38,18.3923,18.38,18.3923,1188,2021-11-22 17:06:00,PLTK
18.4,18.4,18.4,18.4,300,2021-11-22 17:07:00,PLTK
18.42,18.42,18.385,18.385,400,2021-11-22 17:08:00,PLTK
18.37,18.37,18.34,18.34,900,2021-11-22 17:09:00,PLTK
18.32,18.34,18.32,18.34,1600,2021-11-22 17:10:00,PLTK
18.345,18.37,18.32,18.37,940,2021-11-22 17:11:00,PLTK
18.35,18.38,18.35,18.38,700,2021-11-22 17:12:00,PLTK
18.375,18.375,18.36,18.36,200,2021-11-22 17:13:00,PLTK
18.365,18.365,18.365,18.365,100,2021-11-22 17:14:00,PLTK
18.35,18.35,18.34,18.34,2000,2021-11-22 17:16:00,PLTK
18.335,18.335,18.335,18.335,100,2021-11-22 17:18:00,PLTK
18.33,18.33,18.3,18.31,2687,2021-11-22 17:19:00,PLTK
18.31,18.31,18.27,18.3,2080,2021-11-22 17:20:00,PLTK
18.33,18.33,18.31,18.31,700,2021-11-22 17:21:00,PLTK
18.29,18.29,18.28,18.28,415,2021-11-22 17:22:00,PLTK
18.29,18.31,18.29,18.31,1900,2021-11-22 17:23:00,PLTK
18.3,18.3,18.3,18.3,280,2021-11-22 17:24:00,PLTK
18.29,18.29,18.26,18.26,700,2021-11-22 17:25:00,PLTK
18.31,18.35,18.31,18.35,1791,2021-11-22 17:26:00,PLTK
18.35,18.37,18.34,18.355,900,2021-11-22 17:27:00,PLTK
18.34,18.36,18.31,18.34,2398,2021-11-22 17:28:00,PLTK
18.34,18.34,18.34,18.34,400,2021-11-22 17:29:00,PLTK
18.335,18.38,18.335,18.36,2420,2021-11-22 17:30:00,PLTK
18.35,18.35,18.34,18.34,737,2021-11-22 17:31:00,PLTK
18.34,18.34,18.31,18.31,300,2021-11-22 17:32:00,PLTK
18.3,18.31,18.3,18.31,200,2021-11-22 17:33:00,PLTK
18.31,18.36,18.31,18.36,2400,2021-11-22 17:34:00,PLTK
18.37,18.4,18.36,18.36,1100,2021-11-22 17:35:00,PLTK
18.38,18.38,18.38,18.38,400,2021-11-22 17:37:00,PLTK
18.38,18.4,18.37,18.37,500,2021-11-22 17:38:00,PLTK
18.35,18.35,18.34,18.34,200,2021-11-22 17:39:00,PLTK
18.3783,18.3783,18.3783,18.3783,200,2021-11-22 17:40:00,PLTK
18.35,18.35,18.35,18.35,159,2021-11-22 17:41:00,PLTK
18.33,18.39,18.33,18.39,1200,2021-11-22 17:42:00,PLTK
18.38,18.38,18.37,18.37,573,2021-11-22 17:43:00,PLTK
18.39,18.39,18.365,18.365,670,2021-11-22 17:44:00,PLTK
18.38,18.4,18.38,18.39,1034,2021-11-22 17:45:00,PLTK
18.39,18.4,18.38,18.4,1100,2021-11-22 17:46:00,PLTK
18.395,18.41,18.395,18.41,700,2021-11-22 17:47:00,PLTK
18.4,18.4,18.4,18.4,536,2021-11-22 17:48:00,PLTK
18.4023,18.41,18.4023,18.41,400,2021-11-22 17:49:00,PLTK
18.43,18.43,18.38,18.41,929,2021-11-22 17:50:00,PLTK
18.43,18.43,18.37,18.37,1200,2021-11-22 17:51:00,PLTK
18.38,18.39,18.38,18.385,2477,2021-11-22 17:52:00,PLTK
18.375,18.375,18.35,18.37,2957,2021-11-22 17:53:00,PLTK
18.35,18.3597,18.32,18.345,1429,2021-11-22 17:54:00,PLTK
18.33,18.34,18.325,18.34,2334,2021-11-22 17:55:00,PLTK
18.35,18.36,18.35,18.36,1800,2021-11-22 17:56:00,PLTK
18.37,18.38,18.37,18.37,1880,2021-11-22 17:57:00,PLTK
18.39,18.39,18.39,18.39,200,2021-11-22 17:58:00,PLTK
18.35,18.375,18.35,18.36,1340,2021-11-22 17:59:00,PLTK
18.35,18.35,18.35,18.35,300,2021-11-22 18:00:00,PLTK
18.35,18.35,18.31,18.35,2600,2021-11-22 18:01:00,PLTK
18.35,18.35,18.35,18.35,300,2021-11-22 18:02:00,PLTK
18.345,18.345,18.345,18.345,100,2021-11-22 18:04:00,PLTK
18.345,18.36,18.345,18.36,1490,2021-11-22 18:05:00,PLTK
18.37,18.38,18.37,18.38,500,2021-11-22 18:06:00,PLTK
18.39,18.4,18.39,18.4,1106,2021-11-22 18:07:00,PLTK
18.43,18.44,18.43,18.44,1100,2021-11-22 18:08:00,PLTK
18.43,18.43,18.43,18.43,100,2021-11-22 18:10:00,PLTK
18.45,18.45,18.45,18.45,200,2021-11-22 18:12:00,PLTK
18.43,18.43,18.43,18.43,100,2021-11-22 18:13:00,PLTK
18.44,18.47,18.43,18.47,4621,2021-11-22 18:14:00,PLTK
18.49,18.53,18.49,18.53,1000,2021-11-22 18:15:00,PLTK
18.53,18.6,18.53,18.6,3564,2021-11-22 18:16:00,PLTK
18.6,18.61,18.595,18.6,1200,2021-11-22 18:17:00,PLTK
18.58,18.58,18.58,18.58,100,2021-11-22 18:19:00,PLTK
18.6095,18.6095,18.57,18.6,700,2021-11-22 18:20:00,PLTK
18.6,18.66,18.6,18.66,1537,2021-11-22 18:21:00,PLTK
18.66,18.72,18.66,18.66,2813,2021-11-22 18:22:00,PLTK
18.66,18.69,18.65,18.66,1500,2021-11-22 18:23:00,PLTK
18.69,18.69,18.69,18.69,1099,2021-11-22 18:24:00,PLTK
18.675,18.675,18.65,18.65,300,2021-11-22 18:25:00,PLTK
18.61,18.63,18.6,18.63,950,2021-11-22 18:26:00,PLTK
18.61,18.65,18.61,18.65,1135,2021-11-22 18:27:00,PLTK
18.64,18.64,18.64,18.64,100,2021-11-22 18:28:00,PLTK
18.6263,18.6263,18.6,18.6,1492,2021-11-22 18:29:00,PLTK
18.615,18.615,18.615,18.615,100,2021-11-22 18:30:00,PLTK
18.6013,18.6013,18.6013,18.6013,140,2021-11-22 18:31:00,PLTK
18.59,18.61,18.58,18.59,3611,2021-11-22 18:32:00,PLTK
18.58,18.58,18.54,18.54,1165,2021-11-22 18:34:00,PLTK
18.525,18.525,18.48,18.5,1475,2021-11-22 18:35:00,PLTK
18.47,18.49,18.47,18.49,401,2021-11-22 18:36:00,PLTK
18.51,18.54,18.49,18.51,3100,2021-11-22 18:37:00,PLTK
18.53,18.54,18.53,18.54,694,2021-11-22 18:38:00,PLTK
18.52,18.54,18.51,18.51,641,2021-11-22 18:39:00,PLTK
18.5,18.52,18.48,18.5,3568,2021-11-22 18:40:00,PLTK
18.53,18.57,18.51,18.57,2200,2021-11-22 18:41:00,PLTK
18.57,18.58,18.54,18.54,600,2021-11-22 18:42:00,PLTK
18.555,18.555,18.555,18.555,100,2021-11-22 18:44:00,PLTK
18.54,18.5406,18.51,18.51,2336,2021-11-22 18:45:00,PLTK
18.51,18.515,18.51,18.515,200,2021-11-22 18:46:00,PLTK
18.5,18.5,18.5,18.5,100,2021-11-22 18:47:00,PLTK
18.53,18.56,18.53,18.54,2200,2021-11-22 18:48:00,PLTK
18.54,18.54,18.51,18.5344,1103,2021-11-22 18:49:00,PLTK
18.5,18.53,18.5,18.51,3277,2021-11-22 18:51:00,PLTK
18.5382,18.54,18.5,18.51,2300,2021-11-22 18:52:00,PLTK
18.5,18.55,18.5,18.54,4011,2021-11-22 18:54:00,PLTK
18.54,18.54,18.5,18.52,300,2021-11-22 18:55:00,PLTK
18.52,18.52,18.5,18.5,523,2021-11-22 18:56:00,PLTK
18.5,18.53,18.5,18.53,1539,2021-11-22 18:58:00,PLTK
18.5,18.51,18.5,18.5,5531,2021-11-22 18:59:00,PLTK
18.5,18.51,18.38,18.42,31505,2021-11-22 19:00:00,PLTK
18.4,18.43,18.4,18.42,4487,2021-11-22 19:01:00,PLTK
18.42,18.42,18.42,18.42,600,2021-11-22 19:02:00,PLTK
18.42,18.485,18.42,18.47,5286,2021-11-22 19:03:00,PLTK
18.44,18.465,18.44,18.465,300,2021-11-22 19:05:00,PLTK
18.465,18.465,18.465,18.465,400,2021-11-22 19:06:00,PLTK
18.475,18.58,18.473,18.57,7505,2021-11-22 19:07:00,PLTK
18.59,18.59,18.575,18.59,300,2021-11-22 19:08:00,PLTK
18.58,18.58,18.58,18.58,298,2021-11-22 19:09:00,PLTK
18.58,18.58,18.58,18.58,120,2021-11-22 19:10:00,PLTK
18.59,18.61,18.59,18.6,3603,2021-11-22 19:11:00,PLTK
18.62,18.62,18.593,18.593,807,2021-11-22 19:12:00,PLTK
18.6,18.61,18.6,18.6,300,2021-11-22 19:13:00,PLTK
18.59,18.59,18.59,18.59,100,2021-11-22 19:14:00,PLTK
18.59,18.59,18.59,18.59,100,2021-11-22 19:15:00,PLTK
18.605,18.64,18.605,18.64,2100,2021-11-22 19:16:00,PLTK
18.65,18.65,18.64,18.65,1516,2021-11-22 19:17:00,PLTK
18.6608,18.6608,18.6608,18.6608,415,2021-11-22 19:18:00,PLTK
18.66,18.67,18.65,18.66,3543,2021-11-22 19:19:00,PLTK
18.66,18.66,18.615,18.615,3125,2021-11-22 19:20:00,PLTK
18.6,18.6,18.6,18.6,1735,2021-11-22 19:21:00,PLTK
18.615,18.615,18.615,18.615,470,2021-11-22 19:22:00,PLTK
18.6,18.71,18.6,18.705,4970,2021-11-22 19:23:00,PLTK
18.72,18.72,18.71,18.71,500,2021-11-22 19:24:00,PLTK
18.71,18.71,18.64,18.65,3561,2021-11-22 19:25:00,PLTK
18.62,18.62,18.62,18.62,100,2021-11-22 19:26:00,PLTK
18.645,18.645,18.645,18.645,282,2021-11-22 19:27:00,PLTK
18.62,18.65,18.62,18.62,1000,2021-11-22 19:28:00,PLTK
18.61,18.61,18.61,18.61,100,2021-11-22 19:29:00,PLTK
18.625,18.67,18.625,18.66,4744,2021-11-22 19:30:00,PLTK
18.68,18.68,18.68,18.68,800,2021-11-22 19:31:00,PLTK
18.68,18.68,18.68,18.68,100,2021-11-22 19:32:00,PLTK
18.6728,18.68,18.6728,18.68,408,2021-11-22 19:33:00,PLTK
18.67,18.67,18.66,18.66,967,2021-11-22 19:34:00,PLTK
18.64,18.67,18.64,18.64,626,2021-11-22 19:35:00,PLTK
18.64,18.655,18.64,18.64,1026,2021-11-22 19:36:00,PLTK
18.6617,18.6617,18.655,18.655,231,2021-11-22 19:37:00,PLTK
18.65,18.66,18.635,18.635,4663,2021-11-22 19:38:00,PLTK
18.635,18.635,18.62,18.62,200,2021-11-22 19:39:00,PLTK
18.635,18.67,18.6322,18.6375,3791,2021-11-22 19:40:00,PLTK
18.67,18.6751,18.65,18.65,1922,2021-11-22 19:41:00,PLTK
18.65,18.66,18.64,18.64,1000,2021-11-22 19:43:00,PLTK
18.65,18.65,18.64,18.64,578,2021-11-22 19:44:00,PLTK
18.635,18.635,18.635,18.635,100,2021-11-22 19:45:00,PLTK
18.62,18.635,18.62,18.635,300,2021-11-22 19:46:00,PLTK
18.64,18.65,18.615,18.615,4701,2021-11-22 19:47:00,PLTK
18.615,18.615,18.6,18.615,1044,2021-11-22 19:48:00,PLTK
18.6,18.615,18.6,18.6,1060,2021-11-22 19:49:00,PLTK
18.61,18.67,18.61,18.67,3300,2021-11-22 19:50:00,PLTK
18.685,18.685,18.685,18.685,100,2021-11-22 19:51:00,PLTK
18.685,18.685,18.685,18.685,100,2021-11-22 19:52:00,PLTK
18.68,18.68,18.68,18.68,200,2021-11-22 19:53:00,PLTK
18.68,18.71,18.68,18.7,2000,2021-11-22 19:54:00,PLTK
18.7,18.7,18.7,18.7,578,2021-11-22 19:55:00,PLTK
18.6876,18.6876,18.6876,18.6876,200,2021-11-22 19:56:00,PLTK
18.68,18.7,18.68,18.695,400,2021-11-22 19:57:00,PLTK
18.69,18.71,18.69,18.7,3174,2021-11-22 19:58:00,PLTK
18.7143,18.7143,18.7143,18.7143,100,2021-11-22 19:59:00,PLTK
18.72,18.72,18.72,18.72,200,2021-11-22 20:00:00,PLTK
18.7,18.71,18.7,18.71,800,2021-11-22 20:01:00,PLTK
18.69,18.71,18.69,18.71,600,2021-11-22 20:02:00,PLTK
18.7069,18.73,18.7,18.715,3923,2021-11-22 20:03:00,PLTK
18.7,18.7,18.63,18.63,16431,2021-11-22 20:04:00,PLTK
18.63,18.64,18.6,18.64,1500,2021-11-22 20:05:00,PLTK
18.63,18.66,18.63,18.655,8530,2021-11-22 20:06:00,PLTK
18.65,18.66,18.645,18.66,1400,2021-11-22 20:07:00,PLTK
18.645,18.6699,18.645,18.6699,334,2021-11-22 20:08:00,PLTK
18.65,18.69,18.65,18.68,2197,2021-11-22 20:09:00,PLTK
18.68,18.68,18.68,18.68,100,2021-11-22 20:11:00,PLTK
18.69,18.69,18.68,18.68,300,2021-11-22 20:12:00,PLTK
18.67,18.67,18.66,18.66,600,2021-11-22 20:13:00,PLTK
18.67,18.67,18.645,18.65,1406,2021-11-22 20:14:00,PLTK
18.65,18.66,18.64,18.66,1200,2021-11-22 20:15:00,PLTK
18.62,18.65,18.62,18.62,1392,2021-11-22 20:17:00,PLTK
18.635,18.635,18.62,18.62,200,2021-11-22 20:18:00,PLTK
18.622,18.63,18.62,18.622,1000,2021-11-22 20:19:00,PLTK
18.63,18.65,18.63,18.645,2362,2021-11-22 20:20:00,PLTK
18.6278,18.6278,18.6278,18.6278,700,2021-11-22 20:22:00,PLTK
18.64,18.66,18.64,18.66,1803,2021-11-22 20:23:00,PLTK
18.63,18.63,18.63,18.63,100,2021-11-22 20:24:00,PLTK
18.64,18.64,18.635,18.635,300,2021-11-22 20:25:00,PLTK
18.635,18.635,18.63,18.63,448,2021-11-22 20:26:00,PLTK
18.632,18.64,18.63,18.63,300,2021-11-22 20:27:00,PLTK
18.64,18.645,18.64,18.64,1517,2021-11-22 20:28:00,PLTK
18.64,18.64,18.6,18.61,2814,2021-11-22 20:29:00,PLTK
18.61,18.62,18.57,18.57,2168,2021-11-22 20:30:00,PLTK
18.575,18.575,18.55,18.55,831,2021-11-22 20:31:00,PLTK
18.56,18.56,18.54,18.55,4037,2021-11-22 20:32:00,PLTK
18.5363,18.67,18.5363,18.62,12733,2021-11-22 20:34:00,PLTK
18.6,18.6,18.55,18.55,1328,2021-11-22 20:35:00,PLTK
18.52,18.54,18.51,18.51,1500,2021-11-22 20:36:00,PLTK
18.52,18.52,18.52,18.52,200,2021-11-22 20:37:00,PLTK
18.53,18.54,18.51,18.515,5244,2021-11-22 20:38:00,PLTK
18.53,18.539,18.52,18.52,1644,2021-11-22 20:39:00,PLTK
18.53,18.54,18.52,18.53,1473,2021-11-22 20:40:00,PLTK
18.52,18.52,18.52,18.52,372,2021-11-22 20:41:00,PLTK
18.52,18.53,18.49,18.49,4555,2021-11-22 20:42:00,PLTK
18.48,18.54,18.48,18.54,5656,2021-11-22 20:43:00,PLTK
18.5339,18.5339,18.47,18.49,3300,2021-11-22 20:44:00,PLTK
18.4926,18.51,18.49,18.5,2633,2021-11-22 20:45:00,PLTK
18.5,18.52,18.5,18.5,2600,2021-11-22 20:46:00,PLTK
18.5,18.5,18.5,18.5,8600,2021-11-22 20:47:00,PLTK
18.5,18.53,18.5,18.53,6798,2021-11-22 20:48:00,PLTK
18.53,18.53,18.46,18.46,5519,2021-11-22 20:49:00,PLTK
18.45,18.455,18.41,18.42,5515,2021-11-22 20:50:00,PLTK
18.41,18.45,18.41,18.44,8163,2021-11-22 20:51:00,PLTK
18.43,18.43,18.43,18.43,200,2021-11-22 20:52:00,PLTK
18.43,18.45,18.43,18.44,8570,2021-11-22 20:53:00,PLTK
18.44,18.465,18.44,18.46,8478,2021-11-22 20:54:00,PLTK
18.46,18.49,18.46,18.47,6259,2021-11-22 20:55:00,PLTK
18.475,18.48,18.45,18.451,9453,2021-11-22 20:56:00,PLTK
18.455,18.48,18.45,18.46,12492,2021-11-22 20:57:00,PLTK
18.4673,18.49,18.46,18.47,12145,2021-11-22 20:58:00,PLTK
18.46,18.48,18.44,18.4562,10997,2021-11-22 20:59:00,PLTK
18.46,18.46,18.46,18.46,112092,2021-11-22 21:00:00,PLTK
18.88,18.88,18.88,18.88,4999,2021-11-23 12:25:00,PLTK
18.18,18.18,18.18,18.18,278,2021-11-23 13:27:00,PLTK
18.18,18.18,18.18,18.18,118,2021-11-23 14:05:00,PLTK
18.5,18.77,18.49,18.748,13444,2021-11-23 14:30:00,PLTK
18.73,18.73,18.73,18.73,100,2021-11-23 14:31:00,PLTK
18.47,18.49,18.36,18.49,2500,2021-11-23 14:32:00,PLTK
18.435,18.5,18.435,18.47,1400,2021-11-23 14:33:00,PLTK
18.39,18.64,18.39,18.58,2879,2021-11-23 14:34:00,PLTK
18.53,18.69,18.53,18.69,2935,2021-11-23 14:35:00,PLTK
18.7,18.74,18.66,18.6799,4510,2021-11-23 14:36:00,PLTK
18.65,18.778,18.65,18.7,4098,2021-11-23 14:37:00,PLTK
18.66,18.67,18.65,18.65,3185,2021-11-23 14:38:00,PLTK
18.66,18.66,18.52,18.53,9429,2021-11-23 14:39:00,PLTK
18.52,18.65,18.48,18.62,20326,2021-11-23 14:40:00,PLTK
18.65,18.71,18.59,18.59,4409,2021-11-23 14:41:00,PLTK
18.62,18.675,18.58,18.59,9927,2021-11-23 14:42:00,PLTK
18.61,18.63,18.53,18.53,10822,2021-11-23 14:43:00,PLTK
18.55,18.65,18.55,18.61,7542,2021-11-23 14:44:00,PLTK
18.61,18.81,18.61,18.81,21155,2021-11-23 14:45:00,PLTK
18.81,18.83,18.79,18.83,8381,2021-11-23 14:46:00,PLTK
18.84,18.855,18.84,18.855,300,2021-11-23 14:47:00,PLTK
18.87,18.87,18.81,18.84,8967,2021-11-23 14:48:00,PLTK
18.825,18.825,18.71,18.74,15748,2021-11-23 14:49:00,PLTK
18.74,18.79,18.74,18.77,4540,2021-11-23 14:50:00,PLTK
18.77,18.8,18.77,18.785,4214,2021-11-23 14:51:00,PLTK
18.77,18.81,18.74,18.74,1879,2021-11-23 14:52:00,PLTK
18.75,18.81,18.75,18.78,12974,2021-11-23 14:53:00,PLTK
18.82,18.86,18.8,18.86,10700,2021-11-23 14:54:00,PLTK
18.88,18.99,18.845,18.97,19140,2021-11-23 14:55:00,PLTK
18.892,18.95,18.892,18.95,9257,2021-11-23 14:56:00,PLTK
18.97,18.99,18.96,18.98,6272,2021-11-23 14:57:00,PLTK
18.98,18.98,18.94,18.94,6323,2021-11-23 14:58:00,PLTK
18.91,18.91,18.91,18.91,146,2021-11-23 14:59:00,PLTK
18.95,18.95,18.95,18.95,100,2021-11-23 15:00:00,PLTK
18.935,18.95,18.93,18.93,1925,2021-11-23 15:01:00,PLTK
18.91,18.91,18.91,18.91,200,2021-11-23 15:02:00,PLTK
18.91,18.92,18.855,18.855,3800,2021-11-23 15:03:00,PLTK
18.855,18.89,18.855,18.89,3300,2021-11-23 15:04:00,PLTK
18.9,18.93,18.87,18.92,5826,2021-11-23 15:05:00,PLTK
18.93,18.96,18.88,18.88,11860,2021-11-23 15:06:00,PLTK
18.86,18.92,18.855,18.92,14750,2021-11-23 15:07:00,PLTK
18.895,18.95,18.88,18.88,5173,2021-11-23 15:08:00,PLTK
18.85,18.91,18.82,18.88,15612,2021-11-23 15:09:00,PLTK
18.84,18.95,18.84,18.95,15354,2021-11-23 15:10:00,PLTK
18.98,18.99,18.955,18.99,13386,2021-11-23 15:11:00,PLTK
18.96,18.97,18.96,18.97,300,2021-11-23 15:12:00,PLTK
18.96,18.96,18.86,18.95,14398,2021-11-23 15:13:00,PLTK
18.95,18.99,18.95,18.99,5115,2021-11-23 15:14:00,PLTK
18.98,18.99,18.97,18.97,9732,2021-11-23 15:15:00,PLTK
18.975,18.99,18.95,18.975,13050,2021-11-23 15:16:00,PLTK
18.99,18.99,18.93,18.97,39467,2021-11-23 15:17:00,PLTK
18.97,19.05,18.97,19.03,16244,2021-11-23 15:18:00,PLTK
19.02,19.02,18.94,18.96,6136,2021-11-23 15:19:00,PLTK
18.95,18.99,18.95,18.97,7500,2021-11-23 15:20:00,PLTK
18.97,18.98,18.92,18.92,5053,2021-11-23 15:21:00,PLTK
18.91,19.1061,18.91,19.06,26813,2021-11-23 15:22:00,PLTK
19.03,19.11,19.03,19.06,10377,2021-11-23 15:23:00,PLTK
19.05,19.15,19.03,19.08,26588,2021-11-23 15:24:00,PLTK
19.06,19.08,19.05,19.08,7900,2021-11-23 15:25:00,PLTK
19.03,19.03,18.92,18.94,5094,2021-11-23 15:26:00,PLTK
18.87,18.87,18.87,18.87,500,2021-11-23 15:27:00,PLTK
18.84,18.84,18.8186,18.8186,1922,2021-11-23 15:28:00,PLTK
18.81,18.81,18.77,18.8,1900,2021-11-23 15:29:00,PLTK
18.77,18.775,18.74,18.742,4268,2021-11-23 15:30:00,PLTK
18.74,18.78,18.74,18.78,2270,2021-11-23 15:31:00,PLTK
18.8,18.8,18.77,18.77,2158,2021-11-23 15:33:00,PLTK
18.75,18.75,18.75,18.75,1500,2021-11-23 15:34:00,PLTK
18.74,18.74,18.68,18.68,2504,2021-11-23 15:35:00,PLTK
18.68,18.68,18.68,18.68,316,2021-11-23 15:36:00,PLTK
18.68,18.69,18.68,18.68,500,2021-11-23 15:37:00,PLTK
18.65,18.65,18.65,18.65,600,2021-11-23 15:38:00,PLTK
18.63,18.6999,18.62,18.6999,4893,2021-11-23 15:39:00,PLTK
18.68,18.68,18.68,18.68,331,2021-11-23 15:40:00,PLTK
18.68,18.719,18.6675,18.675,5292,2021-11-23 15:41:00,PLTK
18.66,18.66,18.55,18.55,5149,2021-11-23 15:42:00,PLTK
18.55,18.55,18.53,18.53,300,2021-11-23 15:43:00,PLTK
18.55,18.55,18.545,18.545,800,2021-11-23 15:44:00,PLTK
18.532,18.55,18.46,18.465,9311,2021-11-23 15:45:00,PLTK
18.45,18.48,18.45,18.48,1693,2021-11-23 15:46:00,PLTK
18.472,18.475,18.43,18.465,3026,2021-11-23 15:47:00,PLTK
18.41,18.45,18.41,18.45,500,2021-11-23 15:48:00,PLTK
18.43,18.43,18.43,18.43,100,2021-11-23 15:49:00,PLTK
18.43,18.45,18.43,18.45,503,2021-11-23 15:50:00,PLTK
18.45,18.5,18.45,18.49,2638,2021-11-23 15:51:00,PLTK
18.4838,18.4877,18.44,18.44,3057,2021-11-23 15:52:00,PLTK
18.41,18.4399,18.41,18.415,3493,2021-11-23 15:53:00,PLTK
18.415,18.44,18.415,18.42,855,2021-11-23 15:54:00,PLTK
18.415,18.415,18.38,18.385,12937,2021-11-23 15:55:00,PLTK
18.36,18.36,18.3,18.3,2000,2021-11-23 15:56:00,PLTK
18.315,18.315,18.26,18.26,3053,2021-11-23 15:57:00,PLTK
18.285,18.35,18.26,18.33,3412,2021-11-23 15:58:00,PLTK
18.33,18.33,18.29,18.29,500,2021-11-23 15:59:00,PLTK
18.3,18.3225,18.3,18.3173,600,2021-11-23 16:01:00,PLTK
18.2939,18.295,18.2939,18.295,465,2021-11-23 16:02:00,PLTK
18.3,18.39,18.3,18.375,6279,2021-11-23 16:04:00,PLTK
18.39,18.405,18.38,18.39,5747,2021-11-23 16:05:00,PLTK
18.3601,18.4,18.3601,18.395,2100,2021-11-23 16:06:00,PLTK
18.38,18.38,18.35,18.36,1017,2021-11-23 16:07:00,PLTK
18.35,18.38,18.35,18.37,1060,2021-11-23 16:08:00,PLTK
18.385,18.41,18.37,18.4,1100,2021-11-23 16:09:00,PLTK
18.44,18.51,18.44,18.49,2672,2021-11-23 16:10:00,PLTK
18.5,18.5,18.5,18.5,200,2021-11-23 16:11:00,PLTK
18.52,18.56,18.52,18.56,1930,2021-11-23 16:12:00,PLTK
18.55,18.64,18.55,18.58,6235,2021-11-23 16:13:00,PLTK
18.55,18.58,18.52,18.58,7235,2021-11-23 16:14:00,PLTK
18.58,18.6094,18.58,18.6094,1950,2021-11-23 16:15:00,PLTK
18.62,18.69,18.62,18.65,5280,2021-11-23 16:16:00,PLTK
18.62,18.64,18.62,18.62,2804,2021-11-23 16:17:00,PLTK
18.62,18.62,18.595,18.595,688,2021-11-23 16:18:00,PLTK
18.6051,18.63,18.595,18.63,3369,2021-11-23 16:19:00,PLTK
18.59,18.59,18.58,18.59,2008,2021-11-23 16:22:00,PLTK
18.55,18.55,18.5,18.5,1442,2021-11-23 16:23:00,PLTK
18.5,18.5,18.475,18.475,1191,2021-11-23 16:24:00,PLTK
18.475,18.475,18.475,18.475,296,2021-11-23 16:26:00,PLTK
18.47,18.57,18.46,18.57,4152,2021-11-23 16:27:00,PLTK
18.55,18.554,18.52,18.525,3100,2021-11-23 16:28:00,PLTK
18.51,18.5118,18.495,18.5118,2600,2021-11-23 16:29:00,PLTK
18.48,18.5,18.48,18.4992,2800,2021-11-23 16:30:00,PLTK
18.52,18.55,18.5,18.51,4423,2021-11-23 16:31:00,PLTK
18.51,18.52,18.5,18.5,2699,2021-11-23 16:32:00,PLTK
18.49,18.49,18.485,18.485,300,2021-11-23 16:33:00,PLTK
18.47,18.49,18.455,18.47,2548,2021-11-23 16:34:00,PLTK
18.47,18.5,18.452,18.465,2500,2021-11-23 16:36:00,PLTK
18.465,18.52,18.465,18.5,3477,2021-11-23 16:37:00,PLTK
18.47,18.5,18.47,18.47,819,2021-11-23 16:38:00,PLTK
18.47,18.47,18.47,18.47,200,2021-11-23 16:39:00,PLTK
18.47,18.47,18.46,18.46,512,2021-11-23 16:40:00,PLTK
18.49,18.49,18.47,18.4899,600,2021-11-23 16:41:00,PLTK
18.47,18.49,18.45,18.45,777,2021-11-23 16:42:00,PLTK
18.47,18.47,18.47,18.47,100,2021-11-23 16:43:00,PLTK
18.45,18.47,18.42,18.45,1770,2021-11-23 16:44:00,PLTK
18.39,18.46,18.39,18.46,1714,2021-11-23 16:45:00,PLTK
18.445,18.445,18.445,18.445,500,2021-11-23 16:46:00,PLTK
18.445,18.53,18.445,18.53,2549,2021-11-23 16:47:00,PLTK
18.51,18.51,18.46,18.5,400,2021-11-23 16:48:00,PLTK
18.455,18.455,18.43,18.43,900,2021-11-23 16:49:00,PLTK
18.435,18.45,18.435,18.44,500,2021-11-23 16:51:00,PLTK
18.43,18.44,18.38,18.38,2697,2021-11-23 16:52:00,PLTK
18.382,18.39,18.362,18.362,600,2021-11-23 16:53:00,PLTK
18.3748,18.39,18.3748,18.39,6100,2021-11-23 16:54:00,PLTK
18.42,18.45,18.42,18.445,2314,2021-11-23 16:56:00,PLTK
18.445,18.445,18.445,18.445,300,2021-11-23 16:57:00,PLTK
18.44,18.44,18.43,18.43,600,2021-11-23 16:58:00,PLTK
18.44,18.45,18.44,18.45,1600,2021-11-23 16:59:00,PLTK
18.44,18.44,18.41,18.43,2600,2021-11-23 17:00:00,PLTK
18.4314,18.4314,18.41,18.41,4297,2021-11-23 17:02:00,PLTK
18.41,18.41,18.41,18.41,600,2021-11-23 17:03:00,PLTK
18.38,18.395,18.365,18.365,1051,2021-11-23 17:04:00,PLTK
18.35,18.35,18.35,18.35,100,2021-11-23 17:05:00,PLTK
18.365,18.41,18.3549,18.41,1800,2021-11-23 17:06:00,PLTK
18.4,18.408,18.39,18.408,656,2021-11-23 17:09:00,PLTK
18.4,18.42,18.4,18.42,2385,2021-11-23 17:10:00,PLTK
18.43,18.43,18.43,18.43,300,2021-11-23 17:11:00,PLTK
18.41,18.41,18.34,18.34,7400,2021-11-23 17:12:00,PLTK
18.37,18.4,18.37,18.4,40460,2021-11-23 17:14:00,PLTK
18.37,18.37,18.37,18.37,100,2021-11-23 17:15:00,PLTK
18.39,18.43,18.39,18.43,2188,2021-11-23 17:16:00,PLTK
18.41,18.42,18.41,18.42,490,2021-11-23 17:17:00,PLTK
18.42,18.44,18.415,18.415,2755,2021-11-23 17:19:00,PLTK
18.41,18.42,18.38,18.42,1500,2021-11-23 17:21:00,PLTK
18.38,18.38,18.38,18.38,3108,2021-11-23 17:22:00,PLTK
18.385,18.4,18.38,18.39,9889,2021-11-23 17:23:00,PLTK
18.38,18.38,18.37,18.37,1400,2021-11-23 17:24:00,PLTK
18.35,18.35,18.35,18.35,100,2021-11-23 17:25:00,PLTK
18.35,18.36,18.34,18.35,1400,2021-11-23 17:26:00,PLTK
18.33,18.37,18.311,18.37,2700,2021-11-23 17:27:00,PLTK
18.36,18.36,18.33,18.33,1253,2021-11-23 17:28:00,PLTK
18.36,18.37,18.36,18.36,998,2021-11-23 17:29:00,PLTK
18.36,18.36,18.36,18.36,937,2021-11-23 17:30:00,PLTK
18.36,18.36,18.325,18.325,995,2021-11-23 17:31:00,PLTK
18.34,18.35,18.34,18.35,1211,2021-11-23 17:33:00,PLTK
18.35,18.35,18.35,18.35,816,2021-11-23 17:34:00,PLTK
18.38,18.38,18.35,18.35,1700,2021-11-23 17:35:00,PLTK
18.36,18.36,18.36,18.36,237,2021-11-23 17:36:00,PLTK
18.36,18.36,18.32,18.32,2293,2021-11-23 17:37:00,PLTK
18.326,18.326,18.31,18.3249,569,2021-11-23 17:39:00,PLTK
18.31,18.33,18.31,18.33,300,2021-11-23 17:41:00,PLTK
18.33,18.33,18.33,18.33,200,2021-11-23 17:42:00,PLTK
18.31,18.32,18.3,18.31,6009,2021-11-23 17:43:00,PLTK
18.31,18.31,18.31,18.31,100,2021-11-23 17:45:00,PLTK
18.31,18.35,18.31,18.3464,3266,2021-11-23 17:46:00,PLTK
18.3736,18.3786,18.35,18.35,489,2021-11-23 17:47:00,PLTK
18.35,18.35,18.34,18.35,1874,2021-11-23 17:48:00,PLTK
18.33,18.34,18.33,18.34,800,2021-11-23 17:49:00,PLTK
18.34,18.35,18.33,18.33,2200,2021-11-23 17:52:00,PLTK
18.34,18.34,18.31,18.312,2289,2021-11-23 17:54:00,PLTK
18.31,18.325,18.31,18.31,2314,2021-11-23 17:55:00,PLTK
18.3101,18.3101,18.31,18.31,550,2021-11-23 17:58:00,PLTK
18.34,18.34,18.34,18.34,1300,2021-11-23 17:59:00,PLTK
18.35,18.35,18.34,18.34,2852,2021-11-23 18:00:00,PLTK
18.33,18.33,18.32,18.32,1600,2021-11-23 18:01:00,PLTK
18.32,18.35,18.32,18.34,1937,2021-11-23 18:02:00,PLTK
18.36,18.36,18.36,18.36,1100,2021-11-23 18:03:00,PLTK
18.37,18.37,18.365,18.37,500,2021-11-23 18:06:00,PLTK
18.365,18.365,18.365,18.365,300,2021-11-23 18:07:00,PLTK
18.365,18.38,18.36,18.36,490,2021-11-23 18:08:00,PLTK
18.365,18.365,18.365,18.365,500,2021-11-23 18:09:00,PLTK
18.35,18.35,18.31,18.3199,2500,2021-11-23 18:10:00,PLTK
18.31,18.31,18.27,18.28,6686,2021-11-23 18:11:00,PLTK
18.27,18.28,18.25,18.28,2300,2021-11-23 18:13:00,PLTK
18.24,18.255,18.24,18.255,1275,2021-11-23 18:14:00,PLTK
18.26,18.26,18.26,18.26,448,2021-11-23 18:16:00,PLTK
18.24,18.24,18.22,18.22,1384,2021-11-23 18:17:00,PLTK
18.22,18.245,18.22,18.245,4176,2021-11-23 18:18:00,PLTK
18.245,18.245,18.23,18.23,1000,2021-11-23 18:20:00,PLTK
18.22,18.22,18.11,18.11,14536,2021-11-23 18:21:00,PLTK
18.15,18.16,18.1,18.1,5549,2021-11-23 18:22:00,PLTK
18.13,18.14,18.05,18.05,10862,2021-11-23 18:25:00,PLTK
18.07,18.085,18.03,18.07,30577,2021-11-23 18:26:00,PLTK
18.07,18.07,18.0,18.03,19143,2021-11-23 18:28:00,PLTK
18.04,18.05,18.03,18.04,16948,2021-11-23 18:29:00,PLTK
18.055,18.09,18.02,18.035,11797,2021-11-23 18:30:00,PLTK
18.035,18.035,18.02,18.035,400,2021-11-23 18:31:00,PLTK
18.04,18.09,18.04,18.08,7058,2021-11-23 18:33:00,PLTK
18.09,18.11,18.09,18.09,500,2021-11-23 18:34:00,PLTK
18.07,18.07,18.03,18.03,2665,2021-11-23 18:35:00,PLTK
18.06,18.09,18.06,18.09,3759,2021-11-23 18:36:00,PLTK
18.07,18.11,18.07,18.11,200,2021-11-23 18:38:00,PLTK
18.07,18.07,18.07,18.07,700,2021-11-23 18:40:00,PLTK
18.088,18.09,18.088,18.09,2900,2021-11-23 18:41:00,PLTK
18.08,18.08,18.08,18.08,1500,2021-11-23 18:42:00,PLTK
18.08,18.08,18.08,18.08,100,2021-11-23 18:44:00,PLTK
18.082,18.082,18.08,18.08,500,2021-11-23 18:45:00,PLTK
18.08,18.09,18.08,18.09,200,2021-11-23 18:46:00,PLTK
18.1,18.1,18.1,18.1,100,2021-11-23 18:47:00,PLTK
18.09,18.18,18.09,18.16,6818,2021-11-23 18:48:00,PLTK
18.155,18.155,18.155,18.155,100,2021-11-23 18:49:00,PLTK
18.15,18.16,18.15,18.16,200,2021-11-23 18:50:00,PLTK
18.15,18.15,18.14,18.15,800,2021-11-23 18:51:00,PLTK
18.145,18.18,18.145,18.16,2221,2021-11-23 18:52:00,PLTK
18.16,18.16,18.16,18.16,100,2021-11-23 18:53:00,PLTK
18.15,18.16,18.15,18.16,200,2021-11-23 18:54:00,PLTK
18.16,18.16,18.13,18.14,2000,2021-11-23 18:56:00,PLTK
18.1,18.13,18.095,18.13,2030,2021-11-23 18:58:00,PLTK
18.115,18.15,18.115,18.15,1389,2021-11-23 19:00:00,PLTK
18.17,18.17,18.16,18.16,1500,2021-11-23 19:01:00,PLTK
18.15,18.15,18.13,18.13,2700,2021-11-23 19:02:00,PLTK
18.12,18.12,18.112,18.12,400,2021-11-23 19:04:00,PLTK
18.115,18.119,18.11,18.119,917,2021-11-23 19:05:00,PLTK
18.12,18.15,18.12,18.13,1832,2021-11-23 19:06:00,PLTK
18.13,18.14,18.13,18.14,300,2021-11-23 19:08:00,PLTK
18.145,18.15,18.14,18.14,2130,2021-11-23 19:09:00,PLTK
18.13,18.13,18.115,18.115,800,2021-11-23 19:10:00,PLTK
18.13,18.14,18.13,18.13,2879,2021-11-23 19:11:00,PLTK
18.13,18.13,18.12,18.121,1100,2021-11-23 19:12:00,PLTK
18.125,18.125,18.125,18.125,100,2021-11-23 19:13:00,PLTK
18.125,18.125,18.125,18.125,180,2021-11-23 19:14:00,PLTK
18.125,18.125,18.09,18.09,2410,2021-11-23 19:15:00,PLTK
18.08,18.09,18.07,18.07,1300,2021-11-23 19:16:00,PLTK
18.055,18.055,18.055,18.055,139,2021-11-23 19:17:00,PLTK
18.055,18.055,18.04,18.04,316,2021-11-23 19:18:00,PLTK
18.05,18.07,18.05,18.07,1647,2021-11-23 19:20:00,PLTK
18.09,18.1,18.08,18.1,1291,2021-11-23 19:22:00,PLTK
18.12,18.14,18.12,18.14,4888,2021-11-23 19:23:00,PLTK
18.14,18.15,18.11,18.115,1695,2021-11-23 19:24:00,PLTK
18.1,18.1,18.08,18.09,1628,2021-11-23 19:25:00,PLTK
18.085,18.1,18.085,18.1,2030,2021-11-23 19:26:00,PLTK
18.085,18.0921,18.07,18.0812,542,2021-11-23 19:27:00,PLTK
18.075,18.075,18.075,18.075,100,2021-11-23 19:28:00,PLTK
18.075,18.075,18.075,18.075,100,2021-11-23 19:29:00,PLTK
18.08,18.09,18.0783,18.0783,1683,2021-11-23 19:30:00,PLTK
18.07,18.07,18.05,18.055,2000,2021-11-23 19:31:00,PLTK
18.05,18.05,18.05,18.05,100,2021-11-23 19:32:00,PLTK
18.041,18.041,18.041,18.041,100,2021-11-23 19:33:00,PLTK
18.04,18.04,18.03,18.04,1281,2021-11-23 19:34:00,PLTK
18.05,18.06,18.05,18.05,1700,2021-11-23 19:35:00,PLTK
18.07,18.09,18.066,18.08,3179,2021-11-23 19:38:00,PLTK
18.06,18.09,18.06,18.09,205,2021-11-23 19:39:00,PLTK
18.08,18.08,18.08,18.08,100,2021-11-23 19:40:00,PLTK
18.06,18.06,18.05,18.05,400,2021-11-23 19:41:00,PLTK
18.05,18.05,18.05,18.05,100,2021-11-23 19:42:00,PLTK
18.04,18.0598,18.04,18.05,477,2021-11-23 19:44:00,PLTK
18.05,18.07,18.05,18.06,1800,2021-11-23 19:45:00,PLTK
18.06,18.06,18.055,18.06,3635,2021-11-23 19:46:00,PLTK
18.06,18.07,18.06,18.07,1745,2021-11-23 19:47:00,PLTK
18.07,18.07,18.05,18.05,1001,2021-11-23 19:48:00,PLTK
18.06,18.06,18.04,18.05,2105,2021-11-23 19:50:00,PLTK
18.05,18.05,18.05,18.05,100,2021-11-23 19:51:00,PLTK
18.045,18.0673,18.045,18.0673,2262,2021-11-23 19:52:00,PLTK
18.06,18.06,18.06,18.06,700,2021-11-23 19:53:00,PLTK
18.05,18.07,18.05,18.07,2212,2021-11-23 19:54:00,PLTK
18.08,18.08,18.06,18.065,600,2021-11-23 19:55:00,PLTK
18.065,18.08,18.065,18.07,300,2021-11-23 19:56:00,PLTK
18.065,18.065,18.065,18.065,200,2021-11-23 19:57:00,PLTK
18.06,18.07,18.06,18.07,300,2021-11-23 19:59:00,PLTK
18.07,18.08,18.05,18.06,3247,2021-11-23 20:00:00,PLTK
18.0539,18.06,18.05,18.06,400,2021-11-23 20:01:00,PLTK
18.06,18.06,18.06,18.06,200,2021-11-23 20:02:00,PLTK
18.06,18.06,18.021,18.03,6449,2021-11-23 20:03:00,PLTK
18.04,18.04,18.03,18.03,3024,2021-11-23 20:04:00,PLTK
18.04,18.05,18.04,18.05,2415,2021-11-23 20:05:00,PLTK
18.045,18.05,18.04,18.05,1775,2021-11-23 20:06:00,PLTK
18.055,18.055,18.05,18.05,927,2021-11-23 20:07:00,PLTK
18.05,18.05,18.05,18.05,100,2021-11-23 20:08:00,PLTK
18.05,18.05,18.03,18.04,1900,2021-11-23 20:09:00,PLTK
18.03,18.03,18.021,18.021,400,2021-11-23 20:10:00,PLTK
18.025,18.03,18.01,18.03,2522,2021-11-23 20:11:00,PLTK
18.045,18.05,18.045,18.05,400,2021-11-23 20:13:00,PLTK
18.045,18.045,18.045,18.045,100,2021-11-23 20:14:00,PLTK
18.05,18.0599,18.045,18.045,778,2021-11-23 20:15:00,PLTK
18.04,18.075,18.04,18.075,4573,2021-11-23 20:16:00,PLTK
18.06,18.06,18.06,18.06,1000,2021-11-23 20:17:00,PLTK
18.06,18.06,18.04,18.04,1404,2021-11-23 20:18:00,PLTK
18.04,18.04,18.02,18.021,2100,2021-11-23 20:19:00,PLTK
18.03,18.03,18.03,18.03,200,2021-11-23 20:20:00,PLTK
18.03,18.03,18.03,18.03,400,2021-11-23 20:21:00,PLTK
18.04,18.04,18.03,18.03,1775,2021-11-23 20:22:00,PLTK
18.04,18.05,18.03,18.05,1671,2021-11-23 20:23:00,PLTK
18.04,18.08,18.04,18.075,1048,2021-11-23 20:24:00,PLTK
18.08,18.08,18.08,18.08,200,2021-11-23 20:25:00,PLTK
18.09,18.16,18.09,18.16,1008,2021-11-23 20:26:00,PLTK
18.13,18.155,18.13,18.13,1400,2021-11-23 20:27:00,PLTK
18.155,18.225,18.155,18.225,718,2021-11-23 20:28:00,PLTK
18.22,18.24,18.2,18.2,700,2021-11-23 20:29:00,PLTK
18.225,18.225,18.225,18.225,100,2021-11-23 20:30:00,PLTK
18.22,18.26,18.22,18.25,2623,2021-11-23 20:31:00,PLTK
18.27,18.285,18.245,18.245,8349,2021-11-23 20:32:00,PLTK
18.26,18.26,18.26,18.26,100,2021-11-23 20:33:00,PLTK
18.245,18.245,18.22,18.22,3230,2021-11-23 20:34:00,PLTK
18.21,18.21,18.19,18.21,1800,2021-11-23 20:35:00,PLTK
18.21,18.229,18.2,18.22,5037,2021-11-23 20:36:00,PLTK
18.22,18.22,18.22,18.22,2629,2021-11-23 20:37:00,PLTK
18.21,18.24,18.21,18.23,5770,2021-11-23 20:38:00,PLTK
18.223,18.225,18.19,18.22,6461,2021-11-23 20:39:00,PLTK
18.22,18.22,18.22,18.22,761,2021-11-23 20:40:00,PLTK
18.21,18.23,18.21,18.23,1878,2021-11-23 20:41:00,PLTK
18.22,18.23,18.22,18.23,532,2021-11-23 20:42:00,PLTK
18.23,18.23,18.22,18.23,400,2021-11-23 20:43:00,PLTK
18.24,18.24,18.19,18.2,7303,2021-11-23 20:44:00,PLTK
18.195,18.199,18.1588,18.1588,5095,2021-11-23 20:45:00,PLTK
18.16,18.17,18.15,18.16,7790,2021-11-23 20:46:00,PLTK
18.17,18.19,18.16,18.19,2891,2021-11-23 20:47:00,PLTK
18.2,18.2,18.185,18.2,2994,2021-11-23 20:48:00,PLTK
18.2,18.2,18.2,18.2,2389,2021-11-23 20:49:00,PLTK
18.19,18.19,18.165,18.175,4687,2021-11-23 20:50:00,PLTK
18.175,18.18,18.16,18.18,4423,2021-11-23 20:51:00,PLTK
18.18,18.19,18.17,18.189,2000,2021-11-23 20:52:00,PLTK
18.19,18.19,18.175,18.185,1746,2021-11-23 20:53:00,PLTK
18.19,18.2,18.175,18.2,14066,2021-11-23 20:54:00,PLTK
18.2,18.2,18.18,18.18,8993,2021-11-23 20:55:00,PLTK
18.18,18.19,18.17,18.18,5388,2021-11-23 20:56:00,PLTK
18.17,18.2,18.17,18.19,8247,2021-11-23 20:57:00,PLTK
18.185,18.2,18.18,18.2,11095,2021-11-23 20:58:00,PLTK
18.21,18.21,18.16,18.17,24397,2021-11-23 20:59:00,PLTK
18.18,18.18,18.18,18.18,111986,2021-11-23 21:00:00,PLTK
19.0,19.0,19.0,19.0,400,2021-11-24 00:15:00,PLTK
19.05,19.05,19.05,19.05,1100,2021-11-24 09:00:00,PLTK
18.5,18.5,18.5,18.5,400,2021-11-24 12:35:00,PLTK
18.19,18.19,18.18,18.18,400,2021-11-24 14:29:00,PLTK
18.18,18.19,17.91,18.19,20564,2021-11-24 14:30:00,PLTK
18.05,18.31,17.8,18.14,20580,2021-11-24 14:31:00,PLTK
18.18,18.2537,18.18,18.2537,651,2021-11-24 14:32:00,PLTK
18.175,18.175,18.06,18.1666,995,2021-11-24 14:33:00,PLTK
18.145,18.21,18.01,18.01,4400,2021-11-24 14:34:00,PLTK
17.915,18.01,17.915,17.97,1508,2021-11-24 14:35:00,PLTK
17.92,17.93,17.91,17.93,1700,2021-11-24 14:36:00,PLTK
17.98,17.98,17.9,17.94,738,2021-11-24 14:37:00,PLTK
17.99,17.99,17.975,17.975,800,2021-11-24 14:38:00,PLTK
18.02,18.02,17.9798,17.9798,400,2021-11-24 14:39:00,PLTK
18.01,18.01,17.73,17.81,12073,2021-11-24 14:40:00,PLTK
17.92,18.0,17.9,18.0,894,2021-11-24 14:41:00,PLTK
17.94,18.0,17.94,18.0,1000,2021-11-24 14:42:00,PLTK
17.93,17.93,17.86,17.895,2245,2021-11-24 14:43:00,PLTK
17.89,17.92,17.89,17.92,400,2021-11-24 14:44:00,PLTK
17.87,17.97,17.87,17.97,1100,2021-11-24 14:45:00,PLTK
17.95,17.95,17.94,17.95,910,2021-11-24 14:46:00,PLTK
17.9,17.9,17.75,17.8,1600,2021-11-24 14:47:00,PLTK
17.85,17.87,17.85,17.87,900,2021-11-24 14:48:00,PLTK
17.93,18.04,17.92,17.93,6628,2021-11-24 14:50:00,PLTK
17.99,17.99,17.93,17.94,500,2021-11-24 14:51:00,PLTK
17.96,17.97,17.915,17.915,3200,2021-11-24 14:52:00,PLTK
17.95,17.97,17.89,17.89,1408,2021-11-24 14:53:00,PLTK
17.86,17.86,17.82,17.85,3824,2021-11-24 14:54:00,PLTK
17.84,17.88,17.81,17.88,2892,2021-11-24 14:55:00,PLTK
17.89,17.89,17.85,17.86,1300,2021-11-24 14:56:00,PLTK
17.86,17.9,17.82,17.9,9700,2021-11-24 14:57:00,PLTK
17.885,17.91,17.86,17.895,2012,2021-11-24 14:58:00,PLTK
17.92,17.95,17.89,17.95,3741,2021-11-24 14:59:00,PLTK
17.92,17.92,17.88,17.88,11827,2021-11-24 15:00:00,PLTK
17.88,17.95,17.85,17.85,3562,2021-11-24 15:01:00,PLTK
17.85,17.93,17.85,17.92,3400,2021-11-24 15:02:00,PLTK
17.98,18.03,17.96,18.02,2500,2021-11-24 15:03:00,PLTK
18.03,18.03,17.94,17.94,8800,2021-11-24 15:04:00,PLTK
17.935,18.0,17.935,17.97,3850,2021-11-24 15:05:00,PLTK
18.005,18.005,18.0,18.0,200,2021-11-24 15:06:00,PLTK
17.9831,17.9831,17.9831,17.9831,1038,2021-11-24 15:07:00,PLTK
17.98,17.98,17.97,17.97,800,2021-11-24 15:09:00,PLTK
17.92,17.98,17.92,17.9261,1308,2021-11-24 15:10:00,PLTK
17.92,17.95,17.91,17.95,820,2021-11-24 15:11:00,PLTK
17.94,17.95,17.86,17.92,2820,2021-11-24 15:12:00,PLTK
17.91,17.94,17.89,17.89,2082,2021-11-24 15:13:00,PLTK
17.91,17.93,17.88,17.93,2408,2021-11-24 15:14:00,PLTK
17.87,17.94,17.87,17.94,2500,2021-11-24 15:15:00,PLTK
17.93,17.93,17.91,17.91,670,2021-11-24 15:16:00,PLTK
17.87,17.9288,17.87,17.9288,2811,2021-11-24 15:17:00,PLTK
17.8905,17.9114,17.8905,17.91,1750,2021-11-24 15:18:00,PLTK
17.915,17.915,17.915,17.915,300,2021-11-24 15:19:00,PLTK
17.91,17.91,17.86,17.86,1200,2021-11-24 15:20:00,PLTK
17.86,17.97,17.86,17.97,3452,2021-11-24 15:21:00,PLTK
18.01,18.01,17.94,17.94,200,2021-11-24 15:22:00,PLTK
18.0,18.0,17.94,17.94,500,2021-11-24 15:23:00,PLTK
17.94,18.05,17.94,18.05,5439,2021-11-24 15:24:00,PLTK
18.06,18.07,18.06,18.07,1300,2021-11-24 15:25:00,PLTK
18.09,18.14,18.09,18.14,650,2021-11-24 15:26:00,PLTK
18.18,18.18,18.11,18.11,720,2021-11-24 15:27:00,PLTK
18.11,18.11,17.98,17.98,3722,2021-11-24 15:28:00,PLTK
18.07,18.08,18.0677,18.0677,862,2021-11-24 15:31:00,PLTK
18.06,18.06,18.04,18.04,619,2021-11-24 15:33:00,PLTK
18.05,18.15,18.05,18.14,9800,2021-11-24 15:34:00,PLTK
18.13,18.14,18.07,18.07,6221,2021-11-24 15:35:00,PLTK
18.08,18.08,18.08,18.08,138,2021-11-24 15:36:00,PLTK
18.06,18.065,18.06,18.065,500,2021-11-24 15:38:00,PLTK
18.06,18.1,18.06,18.09,5660,2021-11-24 15:39:00,PLTK
18.05,18.06,18.04,18.04,600,2021-11-24 15:40:00,PLTK
18.07,18.07,18.07,18.07,100,2021-11-24 15:41:00,PLTK
18.05,18.05,18.0,18.0,200,2021-11-24 15:42:00,PLTK
18.0,18.0,18.0,18.0,100,2021-11-24 15:43:00,PLTK
18.0,18.05,18.0,18.05,300,2021-11-24 15:44:00,PLTK
18.0,18.0,18.0,18.0,200,2021-11-24 15:45:00,PLTK
18.0,18.0,18.0,18.0,400,2021-11-24 15:46:00,PLTK
18.02,18.07,18.02,18.055,4116,2021-11-24 15:47:00,PLTK
18.055,18.055,18.055,18.055,400,2021-11-24 15:48:00,PLTK
18.08,18.1,18.08,18.1,951,2021-11-24 15:49:00,PLTK
18.1,18.14,18.07,18.14,1000,2021-11-24 15:50:00,PLTK
18.14,18.14,18.12,18.14,537,2021-11-24 15:51:00,PLTK
18.1375,18.15,18.1375,18.15,235,2021-11-24 15:53:00,PLTK
18.1484,18.1484,18.1,18.1,2455,2021-11-24 15:54:00,PLTK
18.1254,18.13,18.1147,18.13,631,2021-11-24 15:55:00,PLTK
18.1,18.1,18.075,18.075,1082,2021-11-24 15:56:00,PLTK
18.07,18.09,18.0591,18.0591,322,2021-11-24 15:57:00,PLTK
18.08,18.12,18.0749,18.0749,2252,2021-11-24 15:58:00,PLTK
18.05,18.06,18.03,18.04,2557,2021-11-24 16:01:00,PLTK
18.02,18.02,18.02,18.02,100,2021-11-24 16:02:00,PLTK
18.045,18.045,18.02,18.02,1400,2021-11-24 16:03:00,PLTK
18.02,18.07,18.02,18.07,2400,2021-11-24 16:04:00,PLTK
18.08,18.13,18.08,18.13,1390,2021-11-24 16:05:00,PLTK
18.11,18.11,18.11,18.11,500,2021-11-24 16:07:00,PLTK
18.14,18.14,18.14,18.14,100,2021-11-24 16:08:00,PLTK
18.14,18.18,18.14,18.15,2528,2021-11-24 16:09:00,PLTK
18.15,18.15,18.15,18.15,107,2021-11-24 16:10:00,PLTK
18.135,18.135,18.12,18.12,400,2021-11-24 16:11:00,PLTK
18.1,18.1,18.1,18.1,200,2021-11-24 16:12:00,PLTK
18.075,18.14,18.075,18.13,3070,2021-11-24 16:13:00,PLTK
18.15,18.18,18.15,18.155,1386,2021-11-24 16:14:00,PLTK
18.14,18.14,18.12,18.13,1300,2021-11-24 16:17:00,PLTK
18.125,18.15,18.125,18.14,1225,2021-11-24 16:18:00,PLTK
18.16,18.22,18.16,18.22,1595,2021-11-24 16:21:00,PLTK
18.24,18.28,18.24,18.27,1935,2021-11-24 16:24:00,PLTK
18.25,18.27,18.25,18.27,317,2021-11-24 16:25:00,PLTK
18.279,18.279,18.279,18.279,100,2021-11-24 16:26:00,PLTK
18.25,18.25,18.22,18.225,1443,2021-11-24 16:27:00,PLTK
18.2,18.2,18.2,18.2,200,2021-11-24 16:29:00,PLTK
18.25,18.3,18.25,18.3,1443,2021-11-24 16:30:00,PLTK
18.2916,18.2916,18.2916,18.2916,554,2021-11-24 16:32:00,PLTK
18.315,18.315,18.315,18.315,100,2021-11-24 16:34:00,PLTK
18.315,18.329,18.315,18.329,300,2021-11-24 16:35:00,PLTK
18.33,18.36,18.33,18.35,2502,2021-11-24 16:36:00,PLTK
18.358,18.36,18.33,18.33,2431,2021-11-24 16:37:00,PLTK
18.31,18.31,18.28,18.29,1700,2021-11-24 16:38:00,PLTK
18.275,18.275,18.275,18.275,200,2021-11-24 16:39:00,PLTK
18.3,18.32,18.3,18.32,1170,2021-11-24 16:40:00,PLTK
18.32,18.32,18.32,18.32,118,2021-11-24 16:41:00,PLTK
18.3,18.3,18.3,18.3,100,2021-11-24 16:44:00,PLTK
18.32,18.34,18.32,18.34,1243,2021-11-24 16:45:00,PLTK
18.35,18.35,18.35,18.35,100,2021-11-24 16:46:00,PLTK
18.35,18.35,18.33,18.34,8263,2021-11-24 16:47:00,PLTK
18.32,18.3226,18.32,18.3226,454,2021-11-24 16:48:00,PLTK
18.3,18.3,18.3,18.3,100,2021-11-24 16:49:00,PLTK
18.3249,18.35,18.32,18.335,3900,2021-11-24 16:50:00,PLTK
18.35,18.35,18.35,18.35,100,2021-11-24 16:51:00,PLTK
18.35,18.4,18.35,18.4,3752,2021-11-24 16:52:00,PLTK
18.4,18.43,18.4,18.43,1115,2021-11-24 16:53:00,PLTK
18.43,18.43,18.4,18.41,1870,2021-11-24 16:54:00,PLTK
18.42,18.425,18.41,18.41,1677,2021-11-24 16:55:00,PLTK
18.41,18.41,18.39,18.39,3900,2021-11-24 16:56:00,PLTK
18.39,18.42,18.39,18.42,1988,2021-11-24 16:57:00,PLTK
18.45,18.45,18.45,18.45,1082,2021-11-24 16:58:00,PLTK
18.425,18.425,18.425,18.425,1000,2021-11-24 16:59:00,PLTK
18.41,18.42,18.4,18.4,900,2021-11-24 17:00:00,PLTK
18.41,18.41,18.395,18.395,1700,2021-11-24 17:01:00,PLTK
18.395,18.43,18.395,18.43,1981,2021-11-24 17:02:00,PLTK
18.44,18.45,18.44,18.45,730,2021-11-24 17:03:00,PLTK
18.47,18.47,18.47,18.47,200,2021-11-24 17:04:00,PLTK
18.47,18.47,18.4075,18.4075,1886,2021-11-24 17:05:00,PLTK
18.41,18.43,18.41,18.415,500,2021-11-24 17:06:00,PLTK
18.4,18.43,18.4,18.4,300,2021-11-24 17:07:00,PLTK
18.4,18.415,18.38,18.4,8027,2021-11-24 17:08:00,PLTK
18.41,18.42,18.4,18.42,1450,2021-11-24 17:09:00,PLTK
18.42,18.42,18.4,18.4,900,2021-11-24 17:10:00,PLTK
18.42,18.45,18.41,18.41,3642,2021-11-24 17:11:00,PLTK
18.4198,18.4198,18.395,18.395,1200,2021-11-24 17:12:00,PLTK
18.395,18.395,18.395,18.395,100,2021-11-24 17:13:00,PLTK
18.39,18.44,18.39,18.44,3374,2021-11-24 17:14:00,PLTK
18.4254,18.4254,18.36,18.385,2571,2021-11-24 17:16:00,PLTK
18.37,18.38,18.37,18.37,340,2021-11-24 17:17:00,PLTK
18.37,18.37,18.34,18.34,1500,2021-11-24 17:19:00,PLTK
18.34,18.34,18.32,18.33,800,2021-11-24 17:20:00,PLTK
18.33,18.33,18.28,18.3,1736,2021-11-24 17:21:00,PLTK
18.295,18.295,18.295,18.295,100,2021-11-24 17:22:00,PLTK
18.28,18.295,18.28,18.28,800,2021-11-24 17:24:00,PLTK
18.275,18.275,18.2725,18.275,800,2021-11-24 17:25:00,PLTK
18.26,18.26,18.26,18.26,100,2021-11-24 17:27:00,PLTK
18.265,18.27,18.265,18.27,200,2021-11-24 17:28:00,PLTK
18.27,18.28,18.22,18.24,6020,2021-11-24 17:29:00,PLTK
18.24,18.24,18.22,18.22,1300,2021-11-24 17:30:00,PLTK
18.235,18.25,18.235,18.25,3399,2021-11-24 17:31:00,PLTK
18.235,18.235,18.22,18.22,300,2021-11-24 17:33:00,PLTK
18.24,18.24,18.24,18.24,100,2021-11-24 17:34:00,PLTK
18.235,18.235,18.22,18.22,200,2021-11-24 17:35:00,PLTK
18.25,18.25,18.22,18.22,200,2021-11-24 17:37:00,PLTK
18.25,18.26,18.25,18.25,1500,2021-11-24 17:38:00,PLTK
18.2708,18.28,18.26,18.27,500,2021-11-24 17:39:00,PLTK
18.28,18.28,18.28,18.28,100,2021-11-24 17:41:00,PLTK
18.28,18.28,18.28,18.28,100,2021-11-24 17:42:00,PLTK
18.28,18.3,18.28,18.3,1000,2021-11-24 17:43:00,PLTK
18.3,18.3,18.3,18.3,100,2021-11-24 17:44:00,PLTK
18.295,18.299,18.25,18.265,1998,2021-11-24 17:46:00,PLTK
18.26,18.27,18.26,18.26,560,2021-11-24 17:48:00,PLTK
18.26,18.26,18.21,18.225,2775,2021-11-24 17:49:00,PLTK
18.24,18.24,18.21,18.21,200,2021-11-24 17:51:00,PLTK
18.21,18.21,18.21,18.21,100,2021-11-24 17:52:00,PLTK
18.24,18.24,18.21,18.21,400,2021-11-24 17:53:00,PLTK
18.22,18.24,18.22,18.24,450,2021-11-24 17:54:00,PLTK
18.22,18.22,18.22,18.22,100,2021-11-24 17:55:00,PLTK
18.23,18.24,18.23,18.24,300,2021-11-24 17:56:00,PLTK
18.24,18.24,18.24,18.24,100,2021-11-24 17:57:00,PLTK
18.22,18.24,18.22,18.24,200,2021-11-24 17:58:00,PLTK
18.24,18.25,18.22,18.24,2527,2021-11-24 18:00:00,PLTK
18.27,18.27,18.27,18.27,100,2021-11-24 18:01:00,PLTK
18.27,18.27,18.27,18.27,100,2021-11-24 18:02:00,PLTK
18.27,18.28,18.25,18.28,1737,2021-11-24 18:03:00,PLTK
18.29,18.29,18.29,18.29,100,2021-11-24 18:04:00,PLTK
18.29,18.29,18.26,18.29,300,2021-11-24 18:05:00,PLTK
18.275,18.29,18.275,18.29,200,2021-11-24 18:06:00,PLTK
18.2751,18.29,18.275,18.29,400,2021-11-24 18:07:00,PLTK
18.29,18.32,18.29,18.31,1118,2021-11-24 18:09:00,PLTK
18.35,18.35,18.35,18.35,100,2021-11-24 18:10:00,PLTK
18.35,18.37,18.34,18.35,1155,2021-11-24 18:11:00,PLTK
18.35,18.37,18.35,18.37,226,2021-11-24 18:12:00,PLTK
18.37,18.37,18.37,18.37,100,2021-11-24 18:13:00,PLTK
18.36,18.37,18.36,18.37,200,2021-11-24 18:14:00,PLTK
18.37,18.37,18.35,18.35,200,2021-11-24 18:15:00,PLTK
18.37,18.39,18.35,18.39,1716,2021-11-24 18:16:00,PLTK
18.41,18.41,18.41,18.41,100,2021-11-24 18:17:00,PLTK
18.4,18.4,18.4,18.4,100,2021-11-24 18:18:00,PLTK
18.4,18.41,18.4,18.4,916,2021-11-24 18:19:00,PLTK
18.42,18.42,18.42,18.42,100,2021-11-24 18:20:00,PLTK
18.4,18.42,18.39,18.42,400,2021-11-24 18:21:00,PLTK
18.42,18.42,18.4,18.4,300,2021-11-24 18:22:00,PLTK
18.42,18.44,18.39,18.44,1300,2021-11-24 18:23:00,PLTK
18.4227,18.45,18.42,18.42,3529,2021-11-24 18:24:00,PLTK
18.45,18.46,18.43,18.43,2932,2021-11-24 18:25:00,PLTK
18.46,18.46,18.46,18.46,100,2021-11-24 18:26:00,PLTK
18.445,18.45,18.44,18.45,600,2021-11-24 18:28:00,PLTK
18.45,18.47,18.44,18.47,895,2021-11-24 18:29:00,PLTK
18.47,18.47,18.47,18.47,200,2021-11-24 18:30:00,PLTK
18.47,18.47,18.47,18.47,378,2021-11-24 18:31:00,PLTK
18.46,18.46,18.42,18.44,2242,2021-11-24 18:33:00,PLTK
18.42,18.44,18.385,18.42,6100,2021-11-24 18:34:00,PLTK
18.41,18.42,18.41,18.42,300,2021-11-24 18:35:00,PLTK
18.39,18.42,18.39,18.405,300,2021-11-24 18:36:00,PLTK
18.42,18.42,18.395,18.395,600,2021-11-24 18:37:00,PLTK
18.395,18.4034,18.395,18.395,1600,2021-11-24 18:38:00,PLTK
18.41,18.41,18.41,18.41,100,2021-11-24 18:39:00,PLTK
18.41,18.42,18.4,18.42,1400,2021-11-24 18:40:00,PLTK
18.42,18.42,18.42,18.42,240,2021-11-24 18:41:00,PLTK
18.42,18.42,18.41,18.41,300,2021-11-24 18:42:00,PLTK
18.41,18.41,18.395,18.395,800,2021-11-24 18:43:00,PLTK
18.41,18.41,18.41,18.41,100,2021-11-24 18:44:00,PLTK
18.41,18.41,18.41,18.41,200,2021-11-24 18:45:00,PLTK
18.395,18.395,18.395,18.395,81000,2021-11-24 18:46:00,PLTK
18.4,18.4,18.33,18.33,3569,2021-11-24 18:47:00,PLTK
18.32,18.32,18.27,18.28,2091,2021-11-24 18:49:00,PLTK
18.27,18.28,18.26,18.265,1100,2021-11-24 18:51:00,PLTK
18.265,18.265,18.265,18.265,820,2021-11-24 18:52:00,PLTK
18.26,18.27,18.26,18.27,444,2021-11-24 18:54:00,PLTK
18.265,18.27,18.265,18.27,1540,2021-11-24 18:55:00,PLTK
18.265,18.265,18.24,18.24,6050,2021-11-24 18:56:00,PLTK
18.21,18.22,18.2,18.215,900,2021-11-24 18:57:00,PLTK
18.2,18.2,18.2,18.2,663,2021-11-24 18:58:00,PLTK
18.19,18.22,18.19,18.2,2955,2021-11-24 19:00:00,PLTK
18.23,18.26,18.22,18.26,1300,2021-11-24 19:02:00,PLTK
18.22,18.22,18.18,18.18,1000,2021-11-24 19:03:00,PLTK
18.18,18.18,18.18,18.18,200,2021-11-24 19:04:00,PLTK
18.16,18.16,18.16,18.16,200,2021-11-24 19:06:00,PLTK
18.16,18.16,18.1,18.12,6646,2021-11-24 19:08:00,PLTK
18.115,18.13,18.115,18.115,700,2021-11-24 19:09:00,PLTK
18.1,18.1,18.1,18.1,300,2021-11-24 19:10:00,PLTK
18.07,18.095,18.07,18.095,700,2021-11-24 19:11:00,PLTK
18.07,18.07,18.03,18.045,3400,2021-11-24 19:12:00,PLTK
18.06,18.06,18.06,18.06,1100,2021-11-24 19:13:00,PLTK
18.03,18.0605,18.03,18.0319,900,2021-11-24 19:14:00,PLTK
18.03,18.05,18.03,18.04,400,2021-11-24 19:15:00,PLTK
18.03,18.05,18.025,18.045,2430,2021-11-24 19:16:00,PLTK
18.03,18.04,18.01,18.04,2332,2021-11-24 19:17:00,PLTK
18.01,18.05,18.01,18.0442,1700,2021-11-24 19:18:00,PLTK
18.05,18.06,18.04,18.04,2100,2021-11-24 19:19:00,PLTK
18.07,18.07,18.04,18.04,339,2021-11-24 19:20:00,PLTK
18.07,18.07,18.06,18.06,500,2021-11-24 19:21:00,PLTK
18.07,18.11,18.07,18.11,2527,2021-11-24 19:23:00,PLTK
18.105,18.14,18.105,18.14,2303,2021-11-24 19:30:00,PLTK
18.135,18.135,18.135,18.135,100,2021-11-24 19:31:00,PLTK
18.14,18.14,18.13,18.14,351,2021-11-24 19:32:00,PLTK
18.1201,18.14,18.1,18.1,2800,2021-11-24 19:33:00,PLTK
18.12,18.12,18.12,18.12,100,2021-11-24 19:35:00,PLTK
18.125,18.125,18.125,18.125,1000,2021-11-24 19:36:00,PLTK
18.13,18.13,18.12,18.1221,620,2021-11-24 19:38:00,PLTK
18.13,18.18,18.13,18.13,3692,2021-11-24 19:39:00,PLTK
18.1301,18.1301,18.1301,18.1301,1000,2021-11-24 19:40:00,PLTK
18.13,18.15,18.11,18.11,3457,2021-11-24 19:41:00,PLTK
18.14,18.17,18.13,18.15,2574,2021-11-24 19:45:00,PLTK
18.12,18.12,18.12,18.12,400,2021-11-24 19:46:00,PLTK
18.11,18.11,18.1,18.1,500,2021-11-24 19:49:00,PLTK
18.076,18.076,18.076,18.076,205,2021-11-24 19:50:00,PLTK
18.08,18.08,18.08,18.08,400,2021-11-24 19:51:00,PLTK
18.1,18.1,18.1,18.1,565,2021-11-24 19:52:00,PLTK
18.109,18.109,18.1,18.1,500,2021-11-24 19:54:00,PLTK
18.09,18.09,18.09,18.09,100,2021-11-24 19:56:00,PLTK
18.09,18.09,18.09,18.09,125,2021-11-24 19:58:00,PLTK
18.11,18.11,18.1,18.109,1250,2021-11-24 20:00:00,PLTK
18.09,18.09,18.07,18.07,500,2021-11-24 20:01:00,PLTK
18.09,18.09,18.09,18.09,100,2021-11-24 20:02:00,PLTK
18.08,18.08,18.08,18.08,100,2021-11-24 20:03:00,PLTK
18.07,18.07,18.07,18.07,100,2021-11-24 20:04:00,PLTK
18.07,18.07,18.07,18.07,100,2021-11-24 20:05:00,PLTK
18.085,18.085,18.085,18.085,200,2021-11-24 20:07:00,PLTK
18.08,18.09,18.07,18.07,1495,2021-11-24 20:08:00,PLTK
18.06,18.08,18.06,18.08,1020,2021-11-24 20:09:00,PLTK
18.0635,18.09,18.0635,18.09,1459,2021-11-24 20:10:00,PLTK
18.06,18.06,18.06,18.06,100,2021-11-24 20:12:00,PLTK
18.09,18.09,18.09,18.09,1096,2021-11-24 20:13:00,PLTK
18.099,18.1,18.085,18.085,2814,2021-11-24 20:15:00,PLTK
18.08,18.14,18.08,18.14,3968,2021-11-24 20:16:00,PLTK
18.1176,18.1176,18.1176,18.1176,100,2021-11-24 20:17:00,PLTK
18.1,18.1,18.1,18.1,100,2021-11-24 20:18:00,PLTK
18.125,18.14,18.11,18.14,39852,2021-11-24 20:21:00,PLTK
18.15,18.2,18.13,18.19,20350,2021-11-24 20:22:00,PLTK
18.19,18.22,18.19,18.22,900,2021-11-24 20:23:00,PLTK
18.205,18.205,18.17,18.17,700,2021-11-24 20:24:00,PLTK
18.2,18.23,18.2,18.22,1500,2021-11-24 20:27:00,PLTK
18.235,18.235,18.235,18.235,100,2021-11-24 20:28:00,PLTK
18.25,18.25,18.245,18.245,400,2021-11-24 20:29:00,PLTK
18.26,18.26,18.247,18.247,300,2021-11-24 20:30:00,PLTK
18.24,18.26,18.2,18.2201,4800,2021-11-24 20:31:00,PLTK
18.25,18.25,18.24,18.24,300,2021-11-24 20:33:00,PLTK
18.25,18.25,18.25,18.25,100,2021-11-24 20:34:00,PLTK
18.25,18.26,18.24,18.24,1350,2021-11-24 20:35:00,PLTK
18.26,18.26,18.26,18.26,100,2021-11-24 20:36:00,PLTK
18.26,18.28,18.25,18.27,1800,2021-11-24 20:37:00,PLTK
18.27,18.27,18.26,18.27,1500,2021-11-24 20:38:00,PLTK
18.27,18.28,18.25,18.25,2602,2021-11-24 20:39:00,PLTK
18.26,18.27,18.25,18.26,1611,2021-11-24 20:40:00,PLTK
18.26,18.26,18.26,18.26,100,2021-11-24 20:41:00,PLTK
18.26,18.27,18.25,18.255,2058,2021-11-24 20:42:00,PLTK
18.25,18.27,18.21,18.22,7946,2021-11-24 20:43:00,PLTK
18.22,18.22,18.21,18.22,831,2021-11-24 20:44:00,PLTK
18.23,18.26,18.22,18.26,4900,2021-11-24 20:45:00,PLTK
18.23,18.26,18.23,18.24,3655,2021-11-24 20:46:00,PLTK
18.26,18.26,18.24,18.245,2991,2021-11-24 20:47:00,PLTK
18.25,18.26,18.235,18.25,4757,2021-11-24 20:48:00,PLTK
18.245,18.26,18.24,18.26,2034,2021-11-24 20:49:00,PLTK
18.26,18.29,18.26,18.27,2483,2021-11-24 20:50:00,PLTK
18.29,18.32,18.285,18.31,6112,2021-11-24 20:51:00,PLTK
18.315,18.33,18.315,18.33,3456,2021-11-24 20:52:00,PLTK
18.33,18.34,18.32,18.34,5621,2021-11-24 20:53:00,PLTK
18.34,18.38,18.33,18.38,5587,2021-11-24 20:54:00,PLTK
18.37,18.39,18.355,18.39,14534,2021-11-24 20:55:00,PLTK
18.38,18.42,18.38,18.42,13642,2021-11-24 20:56:00,PLTK
18.405,18.405,18.35,18.35,18032,2021-11-24 20:57:00,PLTK
18.35,18.41,18.35,18.405,34821,2021-11-24 20:58:00,PLTK
18.408,18.44,18.39,18.39,55543,2021-11-24 20:59:00,PLTK
18.39,18.39,18.39,18.39,58474,2021-11-24 21:00:00,PLTK
18.41,18.41,18.41,18.41,326,2021-11-26 09:43:00,PLTK
18.41,18.41,18.41,18.41,100,2021-11-26 10:09:00,PLTK
18.41,18.41,18.41,18.41,455,2021-11-26 10:17:00,PLTK
18.07,18.07,18.07,18.07,100,2021-11-26 10:24:00,PLTK
18.07,18.07,18.07,18.07,100,2021-11-26 10:57:00,PLTK
18.18,18.18,18.18,18.18,180,2021-11-26 12:01:00,PLTK
18.24,18.24,18.24,18.24,200,2021-11-26 12:08:00,PLTK
18.24,18.24,18.24,18.24,100,2021-11-26 12:36:00,PLTK
18.11,18.2,18.11,18.2,416,2021-11-26 13:14:00,PLTK
18.2,18.2,18.2,18.2,265,2021-11-26 13:42:00,PLTK
18.23,18.24,18.23,18.24,201,2021-11-26 13:53:00,PLTK
18.24,18.24,18.24,18.24,509,2021-11-26 13:54:00,PLTK
18.2,18.29,18.2,18.25,471,2021-11-26 14:25:00,PLTK
18.25,18.25,18.25,18.25,200,2021-11-26 14:26:00,PLTK
18.12,18.32,18.12,18.32,13161,2021-11-26 14:30:00,PLTK
18.29,18.39,18.29,18.39,1133,2021-11-26 14:34:00,PLTK
18.38,18.45,18.38,18.44,1558,2021-11-26 14:35:00,PLTK
18.42,18.42,18.3,18.37,1743,2021-11-26 14:36:00,PLTK
18.2498,18.32,18.2498,18.31,1275,2021-11-26 14:37:00,PLTK
18.325,18.38,18.325,18.37,3655,2021-11-26 14:38:00,PLTK
18.38,18.38,18.3,18.305,1026,2021-11-26 14:39:00,PLTK
18.28,18.3,18.27,18.28,1800,2021-11-26 14:40:00,PLTK
18.329,18.329,18.25,18.25,1466,2021-11-26 14:41:00,PLTK
18.245,18.2525,18.21,18.245,1300,2021-11-26 14:42:00,PLTK
18.18,18.2118,18.1,18.12,3174,2021-11-26 14:43:00,PLTK
18.07,18.13,18.04,18.07,1600,2021-11-26 14:44:00,PLTK
18.07,18.07,18.07,18.07,100,2021-11-26 14:45:00,PLTK
18.03,18.12,18.03,18.08,2923,2021-11-26 14:46:00,PLTK
18.07,18.07,18.05,18.05,300,2021-11-26 14:47:00,PLTK
18.05,18.08,18.045,18.07,2815,2021-11-26 14:48:00,PLTK
18.07,18.07,18.07,18.07,500,2021-11-26 14:49:00,PLTK
18.0311,18.0311,18.0311,18.0311,200,2021-11-26 14:50:00,PLTK
18.07,18.1608,18.07,18.08,3608,2021-11-26 14:51:00,PLTK
18.14,18.2085,18.14,18.18,1150,2021-11-26 14:52:00,PLTK
18.16,18.16,18.11,18.125,1300,2021-11-26 14:53:00,PLTK
18.14,18.2,18.14,18.2,1989,2021-11-26 14:54:00,PLTK
18.18,18.22,18.16,18.22,500,2021-11-26 14:55:00,PLTK
18.22,18.29,18.22,18.29,2100,2021-11-26 14:56:00,PLTK
18.3,18.31,18.27,18.27,1790,2021-11-26 14:57:00,PLTK
18.24,18.28,18.21,18.28,3137,2021-11-26 14:58:00,PLTK
18.28,18.29,18.2425,18.245,1850,2021-11-26 14:59:00,PLTK
18.24,18.27,18.2,18.21,7208,2021-11-26 15:00:00,PLTK
18.175,18.27,18.175,18.26,1678,2021-11-26 15:01:00,PLTK
18.28,18.33,18.26,18.33,2923,2021-11-26 15:02:00,PLTK
18.3,18.35,18.3,18.35,1157,2021-11-26 15:03:00,PLTK
18.36,18.43,18.36,18.43,2218,2021-11-26 15:04:00,PLTK
18.39,18.49,18.33,18.42,3270,2021-11-26 15:05:00,PLTK
18.45,18.45,18.41,18.45,1947,2021-11-26 15:06:00,PLTK
18.47,18.47,18.42,18.46,1000,2021-11-26 15:07:00,PLTK
18.44,18.5,18.44,18.49,1716,2021-11-26 15:08:00,PLTK
18.4527,18.47,18.4527,18.47,1150,2021-11-26 15:09:00,PLTK
18.42,18.47,18.42,18.425,916,2021-11-26 15:10:00,PLTK
18.425,18.47,18.425,18.47,900,2021-11-26 15:11:00,PLTK
18.425,18.425,18.28,18.3,23726,2021-11-26 15:12:00,PLTK
18.2408,18.33,18.2408,18.33,3964,2021-11-26 15:13:00,PLTK
18.28,18.34,18.28,18.32,1400,2021-11-26 15:14:00,PLTK
18.32,18.34,18.265,18.265,4910,2021-11-26 15:15:00,PLTK
18.255,18.33,18.255,18.33,3918,2021-11-26 15:16:00,PLTK
18.325,18.36,18.325,18.35,1333,2021-11-26 15:17:00,PLTK
18.33,18.33,18.285,18.31,10204,2021-11-26 15:18:00,PLTK
18.305,18.3392,18.3,18.3,2485,2021-11-26 15:19:00,PLTK
18.29,18.32,18.27,18.315,4222,2021-11-26 15:20:00,PLTK
18.315,18.315,18.27,18.275,2966,2021-11-26 15:21:00,PLTK
18.26,18.3,18.26,18.29,2289,2021-11-26 15:22:00,PLTK
18.29,18.29,18.23,18.23,3950,2021-11-26 15:23:00,PLTK
18.25,18.29,18.2,18.2,7256,2021-11-26 15:24:00,PLTK
18.18,18.26,18.18,18.225,12456,2021-11-26 15:25:00,PLTK
18.225,18.25,18.225,18.25,1000,2021-11-26 15:26:00,PLTK
18.27,18.3,18.27,18.2701,1300,2021-11-26 15:27:00,PLTK
18.3,18.34,18.3,18.34,900,2021-11-26 15:28:00,PLTK
18.34,18.35,18.328,18.33,898,2021-11-26 15:29:00,PLTK
18.33,18.33,18.3,18.314,3069,2021-11-26 15:31:00,PLTK
18.3,18.3,18.3,18.3,1000,2021-11-26 15:32:00,PLTK
18.29,18.33,18.28,18.32,1712,2021-11-26 15:33:00,PLTK
18.3,18.31,18.3,18.31,747,2021-11-26 15:34:00,PLTK
18.32,18.33,18.32,18.33,800,2021-11-26 15:35:00,PLTK
18.35,18.38,18.19,18.32,49399,2021-11-26 15:36:00,PLTK
18.32,18.32,18.305,18.305,497,2021-11-26 15:37:00,PLTK
18.305,18.36,18.305,18.335,1820,2021-11-26 15:38:00,PLTK
18.36,18.36,18.335,18.335,530,2021-11-26 15:39:00,PLTK
18.36,18.36,18.3,18.3,2592,2021-11-26 15:40:00,PLTK
18.3,18.3,18.29,18.29,4010,2021-11-26 15:41:00,PLTK
18.29,18.29,18.29,18.29,200,2021-11-26 15:42:00,PLTK
18.29,18.34,18.27,18.33,48400,2021-11-26 15:43:00,PLTK
18.32,18.32,18.315,18.315,1719,2021-11-26 15:44:00,PLTK
18.3,18.315,18.272,18.28,1874,2021-11-26 15:45:00,PLTK
18.28,18.31,18.27,18.3,3700,2021-11-26 15:46:00,PLTK
18.3,18.3,18.3,18.3,1275,2021-11-26 15:47:00,PLTK
18.3,18.3,18.28,18.28,1716,2021-11-26 15:48:00,PLTK
18.2999,18.31,18.27,18.295,5219,2021-11-26 15:49:00,PLTK
18.315,18.32,18.31,18.31,1100,2021-11-26 15:50:00,PLTK
18.3,18.3,18.271,18.285,1805,2021-11-26 15:51:00,PLTK
18.285,18.285,18.27,18.285,1062,2021-11-26 15:52:00,PLTK
18.285,18.31,18.285,18.31,1000,2021-11-26 15:53:00,PLTK
18.29,18.29,18.28,18.29,1600,2021-11-26 15:54:00,PLTK
18.27,18.29,18.27,18.29,300,2021-11-26 15:56:00,PLTK
18.285,18.285,18.27,18.27,700,2021-11-26 15:57:00,PLTK
18.265,18.3,18.265,18.2931,1252,2021-11-26 15:58:00,PLTK
18.29,18.3,18.29,18.3,500,2021-11-26 15:59:00,PLTK
18.29,18.29,18.27,18.28,1216,2021-11-26 16:00:00,PLTK
18.28,18.28,18.26,18.28,1602,2021-11-26 16:01:00,PLTK
18.265,18.265,18.265,18.265,100,2021-11-26 16:02:00,PLTK
18.28,18.28,18.27,18.27,318,2021-11-26 16:03:00,PLTK
18.26,18.26,18.25,18.25,1046,2021-11-26 16:04:00,PLTK
18.25,18.25,18.25,18.25,200,2021-11-26 16:05:00,PLTK
18.25,18.25,18.2,18.2,13191,2021-11-26 16:06:00,PLTK
18.235,18.28,18.21,18.21,7255,2021-11-26 16:07:00,PLTK
18.215,18.215,18.17,18.17,1368,2021-11-26 16:08:00,PLTK
18.165,18.165,18.12,18.13,15723,2021-11-26 16:10:00,PLTK
18.09,18.13,18.09,18.09,3356,2021-11-26 16:11:00,PLTK
18.07,18.09,18.07,18.075,750,2021-11-26 16:12:00,PLTK
18.075,18.1,18.07,18.07,43814,2021-11-26 16:13:00,PLTK
18.06,18.1,18.05,18.1,3229,2021-11-26 16:14:00,PLTK
18.12,18.12,18.1,18.1,558,2021-11-26 16:16:00,PLTK
18.1,18.11,18.1,18.1,600,2021-11-26 16:17:00,PLTK
18.12,18.14,18.12,18.14,1500,2021-11-26 16:18:00,PLTK
18.15,18.16,18.15,18.15,601,2021-11-26 16:19:00,PLTK
18.16,18.16,18.14,18.154,3226,2021-11-26 16:20:00,PLTK
18.13,18.15,18.13,18.15,1309,2021-11-26 16:21:00,PLTK
18.16,18.17,18.16,18.17,201,2021-11-26 16:22:00,PLTK
18.17,18.17,18.17,18.17,580,2021-11-26 16:23:00,PLTK
18.17,18.18,18.17,18.18,500,2021-11-26 16:24:00,PLTK
18.175,18.175,18.175,18.175,116,2021-11-26 16:25:00,PLTK
18.1825,18.19,18.175,18.19,400,2021-11-26 16:26:00,PLTK
18.1841,18.195,18.1841,18.195,279,2021-11-26 16:27:00,PLTK
18.21,18.23,18.18,18.18,5345,2021-11-26 16:30:00,PLTK
18.17,18.17,18.17,18.17,100,2021-11-26 16:31:00,PLTK
18.17,18.18,18.15,18.15,1900,2021-11-26 16:32:00,PLTK
18.15,18.15,18.13,18.145,1212,2021-11-26 16:33:00,PLTK
18.13,18.13,18.13,18.13,400,2021-11-26 16:34:00,PLTK
18.12,18.14,18.12,18.13,500,2021-11-26 16:35:00,PLTK
18.16,18.18,18.16,18.17,1876,2021-11-26 16:36:00,PLTK
18.17,18.17,18.16,18.16,10251,2021-11-26 16:37:00,PLTK
18.165,18.165,18.16,18.16,735,2021-11-26 16:38:00,PLTK
18.15,18.18,18.14,18.18,5477,2021-11-26 16:39:00,PLTK
18.19,18.19,18.13,18.13,3212,2021-11-26 16:40:00,PLTK
18.12,18.12,18.11,18.115,1200,2021-11-26 16:41:00,PLTK
18.1,18.1,18.1,18.1,200,2021-11-26 16:42:00,PLTK
18.07,18.07,18.07,18.07,100,2021-11-26 16:43:00,PLTK
18.08,18.1,18.06,18.08,2445,2021-11-26 16:44:00,PLTK
18.08,18.11,18.07,18.11,3903,2021-11-26 16:45:00,PLTK
18.1,18.11,18.08,18.09,9346,2021-11-26 16:46:00,PLTK
18.085,18.085,18.085,18.085,1000,2021-11-26 16:47:00,PLTK
18.07,18.07,18.07,18.07,510,2021-11-26 16:48:00,PLTK
18.07,18.075,18.07,18.075,500,2021-11-26 16:49:00,PLTK
18.06,18.07,18.05,18.05,1700,2021-11-26 16:50:00,PLTK
18.035,18.08,18.035,18.075,6250,2021-11-26 16:51:00,PLTK
18.08,18.08,18.062,18.075,3355,2021-11-26 16:52:00,PLTK
18.075,18.075,18.075,18.075,600,2021-11-26 16:53:00,PLTK
18.075,18.075,18.075,18.075,400,2021-11-26 16:54:00,PLTK
18.075,18.075,18.075,18.075,900,2021-11-26 16:55:00,PLTK
18.075,18.09,18.075,18.085,2620,2021-11-26 16:57:00,PLTK
18.085,18.085,18.085,18.085,100,2021-11-26 16:58:00,PLTK
18.08,18.08,18.061,18.061,1372,2021-11-26 16:59:00,PLTK
18.06,18.06,18.02,18.02,2671,2021-11-26 17:00:00,PLTK
18.05,18.05,18.045,18.045,2679,2021-11-26 17:01:00,PLTK
18.045,18.07,18.045,18.065,4656,2021-11-26 17:02:00,PLTK
18.05,18.05,18.03,18.05,5351,2021-11-26 17:03:00,PLTK
18.06,18.06,18.05,18.05,400,2021-11-26 17:04:00,PLTK
18.06,18.085,18.06,18.085,2221,2021-11-26 17:05:00,PLTK
18.09,18.1,18.07,18.09,3200,2021-11-26 17:06:00,PLTK
18.1,18.11,18.09,18.11,2633,2021-11-26 17:07:00,PLTK
18.11,18.16,18.11,18.16,2200,2021-11-26 17:08:00,PLTK
18.1567,18.17,18.1567,18.17,1890,2021-11-26 17:09:00,PLTK
18.17,18.17,18.17,18.17,816,2021-11-26 17:10:00,PLTK
18.17,18.17,18.15,18.15,2360,2021-11-26 17:11:00,PLTK
18.16,18.16,18.12,18.126,2376,2021-11-26 17:12:00,PLTK
18.115,18.115,18.115,18.115,1125,2021-11-26 17:13:00,PLTK
18.115,18.12,18.1,18.1,4416,2021-11-26 17:14:00,PLTK
18.1,18.1,18.1,18.1,100,2021-11-26 17:15:00,PLTK
18.105,18.145,18.105,18.145,10701,2021-11-26 17:16:00,PLTK
18.15,18.16,18.14,18.14,4740,2021-11-26 17:17:00,PLTK
18.14,18.14,18.125,18.125,1316,2021-11-26 17:18:00,PLTK
18.125,18.125,18.105,18.1199,3563,2021-11-26 17:19:00,PLTK
18.11,18.14,18.11,18.13,3500,2021-11-26 17:20:00,PLTK
18.13,18.14,18.13,18.135,1461,2021-11-26 17:21:00,PLTK
18.135,18.135,18.11,18.11,2899,2021-11-26 17:22:00,PLTK
18.11,18.11,18.09,18.095,2317,2021-11-26 17:23:00,PLTK
18.095,18.11,18.09,18.1,6538,2021-11-26 17:24:00,PLTK
18.095,18.11,18.095,18.1,2463,2021-11-26 17:25:00,PLTK
18.11,18.185,18.11,18.185,2900,2021-11-26 17:26:00,PLTK
18.2,18.2,18.19,18.2,1500,2021-11-26 17:27:00,PLTK
18.18,18.18,18.17,18.175,2487,2021-11-26 17:28:00,PLTK
18.16,18.21,18.16,18.21,3200,2021-11-26 17:29:00,PLTK
18.205,18.24,18.205,18.24,1600,2021-11-26 17:30:00,PLTK
18.23,18.23,18.2074,18.2074,1200,2021-11-26 17:31:00,PLTK
18.205,18.21,18.205,18.21,1157,2021-11-26 17:32:00,PLTK
18.23,18.28,18.21,18.28,2565,2021-11-26 17:33:00,PLTK
18.3,18.3,18.29,18.29,200,2021-11-26 17:34:00,PLTK
18.281,18.31,18.27,18.31,2741,2021-11-26 17:35:00,PLTK
18.31,18.31,18.31,18.31,400,2021-11-26 17:36:00,PLTK
18.31,18.31,18.31,18.31,2300,2021-11-26 17:37:00,PLTK
18.32,18.35,18.31,18.32,4311,2021-11-26 17:38:00,PLTK
18.325,18.325,18.31,18.32,900,2021-11-26 17:39:00,PLTK
18.325,18.34,18.28,18.29,4547,2021-11-26 17:40:00,PLTK
18.26,18.28,18.24,18.26,1698,2021-11-26 17:41:00,PLTK
18.26,18.28,18.25,18.26,2200,2021-11-26 17:42:00,PLTK
18.24,18.24,18.24,18.24,158,2021-11-26 17:43:00,PLTK
18.25,18.26,18.24,18.24,2009,2021-11-26 17:44:00,PLTK
18.2352,18.26,18.2352,18.25,2989,2021-11-26 17:45:00,PLTK
18.26,18.27,18.24,18.26,1587,2021-11-26 17:46:00,PLTK
18.26,18.26,18.21,18.21,2192,2021-11-26 17:47:00,PLTK
18.2,18.2,18.2,18.2,100,2021-11-26 17:48:00,PLTK
18.2,18.22,18.2,18.22,1051,2021-11-26 17:49:00,PLTK
18.2,18.2,18.185,18.19,1147,2021-11-26 17:50:00,PLTK
18.18,18.18,18.15,18.17,5688,2021-11-26 17:51:00,PLTK
18.15,18.19,18.15,18.185,4872,2021-11-26 17:52:00,PLTK
18.185,18.2,18.18,18.19,1198,2021-11-26 17:53:00,PLTK
18.2,18.22,18.19,18.19,5460,2021-11-26 17:54:00,PLTK
18.18,18.22,18.18,18.22,14334,2021-11-26 17:55:00,PLTK
18.2,18.24,18.2,18.22,4641,2021-11-26 17:56:00,PLTK
18.21,18.235,18.21,18.22,7079,2021-11-26 17:57:00,PLTK
18.22,18.22,18.2,18.21,17610,2021-11-26 17:58:00,PLTK
18.215,18.23,18.1,18.11,55454,2021-11-26 17:59:00,PLTK
18.18,18.18,18.18,18.18,29811,2021-11-26 18:00:00,PLTK
18.01,18.01,18.01,18.01,497,2021-11-26 18:03:00,PLTK
18.1799,18.1799,18.1799,18.1799,150,2021-11-26 18:33:00,PLTK
18.18,18.18,18.18,18.18,100,2021-11-26 19:20:00,PLTK
18.1799,18.1799,18.1799,18.1799,1000,2021-11-26 19:26:00,PLTK
18.18,18.18,18.18,18.18,808,2021-11-26 19:30:00,PLTK
18.18,18.18,18.18,18.18,213,2021-11-26 21:53:00,PLTK
17.98,18.08,17.98,18.08,200,2021-11-29 14:21:00,PLTK
18.12,18.55,18.12,18.48,11088,2021-11-29 14:30:00,PLTK
18.325,18.325,18.16,18.24,2200,2021-11-29 14:31:00,PLTK
18.255,18.39,18.15,18.15,3860,2021-11-29 14:32:00,PLTK
18.09,18.09,18.03,18.03,977,2021-11-29 14:33:00,PLTK
18.1,18.219,18.1,18.17,1166,2021-11-29 14:34:00,PLTK
18.16,18.34,18.15,18.2375,4042,2021-11-29 14:35:00,PLTK
18.24,18.24,18.08,18.08,760,2021-11-29 14:36:00,PLTK
18.12,18.12,18.12,18.12,300,2021-11-29 14:38:00,PLTK
18.1,18.1,18.09,18.09,800,2021-11-29 14:39:00,PLTK
18.02,18.02,18.02,18.02,100,2021-11-29 14:40:00,PLTK
18.02,18.02,18.02,18.02,150,2021-11-29 14:41:00,PLTK
18.02,18.07,18.02,18.03,1800,2021-11-29 14:42:00,PLTK
18.05,18.05,18.0,18.02,8320,2021-11-29 14:43:00,PLTK
18.025,18.025,17.99,18.0,4543,2021-11-29 14:44:00,PLTK
17.96,17.97,17.9,17.96,2440,2021-11-29 14:45:00,PLTK
17.9,17.93,17.9,17.9,497,2021-11-29 14:47:00,PLTK
17.93,17.99,17.92,17.92,3800,2021-11-29 14:48:00,PLTK
17.92,17.96,17.92,17.95,2100,2021-11-29 14:49:00,PLTK
17.96,17.96,17.93,17.93,680,2021-11-29 14:50:00,PLTK
17.92,17.98,17.9,17.98,2250,2021-11-29 14:51:00,PLTK
17.9504,18.033,17.9504,18.0,3280,2021-11-29 14:52:00,PLTK
18.0,18.0,18.0,18.0,4100,2021-11-29 14:53:00,PLTK
18.0,18.0,17.86,17.87,15805,2021-11-29 14:55:00,PLTK
17.85,17.91,17.85,17.91,800,2021-11-29 14:56:00,PLTK
17.92,17.94,17.84,17.9,21310,2021-11-29 14:57:00,PLTK
17.84,17.92,17.84,17.84,600,2021-11-29 14:58:00,PLTK
17.875,17.91,17.875,17.9,4000,2021-11-29 14:59:00,PLTK
17.88,17.92,17.88,17.89,4356,2021-11-29 15:00:00,PLTK
17.89,17.89,17.89,17.89,100,2021-11-29 15:01:00,PLTK
17.88,17.9,17.88,17.89,1700,2021-11-29 15:02:00,PLTK
17.86,17.9,17.83,17.85,1100,2021-11-29 15:03:00,PLTK
17.7611,17.84,17.76,17.83,1050,2021-11-29 15:04:00,PLTK
17.7967,17.905,17.7967,17.905,2900,2021-11-29 15:05:00,PLTK
17.905,17.93,17.905,17.91,3438,2021-11-29 15:06:00,PLTK
17.89,17.93,17.89,17.93,1683,2021-11-29 15:07:00,PLTK
17.9,17.93,17.885,17.9,5380,2021-11-29 15:08:00,PLTK
17.91,18.02,17.91,18.02,3126,2021-11-29 15:09:00,PLTK
18.0,18.03,17.99,18.03,3240,2021-11-29 15:10:00,PLTK
18.0,18.05,18.0,18.03,2205,2021-11-29 15:11:00,PLTK
18.015,18.0307,18.015,18.0307,1700,2021-11-29 15:12:00,PLTK
18.0399,18.0399,17.9901,17.9901,4670,2021-11-29 15:13:00,PLTK
18.005,18.005,18.0,18.0,445,2021-11-29 15:14:00,PLTK
17.9928,18.085,17.9928,18.085,8313,2021-11-29 15:15:00,PLTK
18.06,18.1,18.04,18.1,5312,2021-11-29 15:16:00,PLTK
18.1,18.1,18.1,18.1,300,2021-11-29 15:17:00,PLTK
18.06,18.075,18.06,18.075,300,2021-11-29 15:18:00,PLTK
18.075,18.075,18.075,18.075,750,2021-11-29 15:19:00,PLTK
18.1,18.11,18.04,18.04,12898,2021-11-29 15:20:00,PLTK
18.05,18.05,18.05,18.05,310,2021-11-29 15:21:00,PLTK
18.03,18.08,18.01,18.05,3463,2021-11-29 15:22:00,PLTK
18.05,18.06,18.045,18.05,1100,2021-11-29 15:24:00,PLTK
18.04,18.04,18.04,18.04,100,2021-11-29 15:25:00,PLTK
18.05,18.1,18.04,18.04,7154,2021-11-29 15:26:00,PLTK
18.01,18.01,18.0,18.0,931,2021-11-29 15:28:00,PLTK
17.99,17.99,17.9689,17.99,1000,2021-11-29 15:29:00,PLTK
18.0112,18.0112,17.99,17.99,877,2021-11-29 15:30:00,PLTK
17.99,17.99,17.96,17.9606,2570,2021-11-29 15:31:00,PLTK
17.99,17.99,17.99,17.99,605,2021-11-29 15:32:00,PLTK
18.0,18.02,18.0,18.02,1200,2021-11-29 15:34:00,PLTK
18.04,18.04,18.01,18.04,6290,2021-11-29 15:36:00,PLTK
18.05,18.05,18.01,18.01,1900,2021-11-29 15:37:00,PLTK
18.01,18.02,18.0,18.0,400,2021-11-29 15:38:00,PLTK
17.99,18.01,17.99,18.01,2957,2021-11-29 15:39:00,PLTK
18.03,18.03,17.995,17.995,3000,2021-11-29 15:40:00,PLTK
18.01,18.01,17.995,18.0,2850,2021-11-29 15:41:00,PLTK
18.01,18.03,18.0,18.01,1600,2021-11-29 15:42:00,PLTK
18.03,18.08,18.02,18.08,4140,2021-11-29 15:44:00,PLTK
18.07,18.1099,18.07,18.09,1726,2021-11-29 15:45:00,PLTK
18.1,18.1,18.1,18.1,100,2021-11-29 15:46:00,PLTK
18.1,18.11,18.03,18.03,9345,2021-11-29 15:47:00,PLTK
18.03,18.03,17.99,18.02,4550,2021-11-29 15:48:00,PLTK
18.0014,18.0014,17.96,17.99,16955,2021-11-29 15:49:00,PLTK
17.99,18.0,17.97,17.98,9877,2021-11-29 15:50:00,PLTK
17.98,18.0,17.96,17.975,3900,2021-11-29 15:51:00,PLTK
17.97,17.98,17.94,17.98,2900,2021-11-29 15:52:00,PLTK
17.98,17.99,17.97,17.98,1100,2021-11-29 15:53:00,PLTK
17.97,18.01,17.94,18.0,6586,2021-11-29 15:54:00,PLTK
18.0,18.01,18.0,18.0,7015,2021-11-29 15:55:00,PLTK
18.0,18.05,18.0,18.02,6684,2021-11-29 15:56:00,PLTK
18.01,18.05,17.99,18.04,12280,2021-11-29 15:57:00,PLTK
18.015,18.06,18.0,18.06,6374,2021-11-29 15:58:00,PLTK
18.04,18.06,18.04,18.05,1291,2021-11-29 15:59:00,PLTK
18.0506,18.09,18.05,18.08,3899,2021-11-29 16:00:00,PLTK
18.05,18.05,18.03,18.035,1358,2021-11-29 16:01:00,PLTK
18.01,18.01,18.0,18.0,3000,2021-11-29 16:02:00,PLTK
18.0,18.0,18.0,18.0,100,2021-11-29 16:03:00,PLTK
17.99,18.005,17.97,17.97,1720,2021-11-29 16:05:00,PLTK
17.96,18.02,17.96,18.01,3021,2021-11-29 16:06:00,PLTK
18.01,18.01,18.01,18.01,300,2021-11-29 16:07:00,PLTK
18.01,18.03,18.01,18.02,400,2021-11-29 16:08:00,PLTK
18.0,18.0,18.0,18.0,100,2021-11-29 16:10:00,PLTK
18.04,18.05,18.03,18.045,2475,2021-11-29 16:11:00,PLTK
18.05,18.09,18.0303,18.085,8299,2021-11-29 16:12:00,PLTK
18.07,18.07,18.07,18.07,100,2021-11-29 16:13:00,PLTK
18.07,18.12,18.07,18.09,3215,2021-11-29 16:15:00,PLTK
18.09,18.11,18.065,18.08,9096,2021-11-29 16:16:00,PLTK
18.065,18.065,18.04,18.04,1098,2021-11-29 16:17:00,PLTK
18.01,18.01,18.0,18.0,600,2021-11-29 16:18:00,PLTK
18.015,18.015,17.99,17.99,200,2021-11-29 16:19:00,PLTK
17.99,18.02,17.99,18.015,1600,2021-11-29 16:20:00,PLTK
18.03,18.05,18.02,18.02,2405,2021-11-29 16:21:00,PLTK
18.02,18.02,17.985,17.985,1113,2021-11-29 16:22:00,PLTK
17.99,18.01,17.99,18.0,1100,2021-11-29 16:23:00,PLTK
18.02,18.04,18.02,18.03,1323,2021-11-29 16:24:00,PLTK
18.02,18.02,17.995,18.02,1625,2021-11-29 16:25:00,PLTK
18.0,18.01,17.99,18.01,1500,2021-11-29 16:28:00,PLTK
17.99,18.0,17.97,17.97,6247,2021-11-29 16:29:00,PLTK
17.95,18.0,17.94,18.0,2563,2021-11-29 16:30:00,PLTK
18.01,18.01,17.97,17.97,500,2021-11-29 16:31:00,PLTK
17.95,17.95,17.95,17.95,100,2021-11-29 16:32:00,PLTK
17.98,17.99,17.97,17.97,1999,2021-11-29 16:34:00,PLTK
17.98,17.98,17.98,17.98,100,2021-11-29 16:36:00,PLTK
17.98,17.98,17.96,17.96,500,2021-11-29 16:37:00,PLTK
17.95,17.96,17.95,17.96,267,2021-11-29 16:39:00,PLTK
17.9505,17.9505,17.9505,17.9505,100,2021-11-29 16:40:00,PLTK
17.97,18.0,17.95,17.97,5824,2021-11-29 16:41:00,PLTK
17.97,17.97,17.97,17.97,125,2021-11-29 16:42:00,PLTK
17.95,17.97,17.95,17.97,200,2021-11-29 16:45:00,PLTK
17.95,17.97,17.95,17.965,473,2021-11-29 16:46:00,PLTK
17.965,17.98,17.965,17.975,1800,2021-11-29 16:47:00,PLTK
17.96,17.96,17.96,17.96,300,2021-11-29 16:48:00,PLTK
17.96,17.96,17.96,17.96,100,2021-11-29 16:49:00,PLTK
17.96,17.96,17.96,17.96,300,2021-11-29 16:51:00,PLTK
17.96,17.97,17.96,17.97,300,2021-11-29 16:52:00,PLTK
17.98,17.99,17.95,17.96,4585,2021-11-29 16:53:00,PLTK
17.92,17.94,17.91,17.91,300,2021-11-29 16:54:00,PLTK
17.91,17.92,17.9,17.9,1791,2021-11-29 16:55:00,PLTK
17.91,17.95,17.9,17.9,6538,2021-11-29 16:56:00,PLTK
17.9,17.92,17.88,17.91,6143,2021-11-29 16:57:00,PLTK
17.905,17.92,17.89,17.89,400,2021-11-29 16:59:00,PLTK
17.9,17.92,17.9,17.92,300,2021-11-29 17:00:00,PLTK
17.89,17.9,17.86,17.87,2330,2021-11-29 17:01:00,PLTK
17.8899,17.8899,17.8899,17.8899,200,2021-11-29 17:02:00,PLTK
17.87,17.87,17.87,17.87,100,2021-11-29 17:03:00,PLTK
17.89,17.93,17.88,17.93,7140,2021-11-29 17:04:00,PLTK
17.92,17.925,17.91,17.925,600,2021-11-29 17:05:00,PLTK
17.9109,17.9109,17.9109,17.9109,250,2021-11-29 17:07:00,PLTK
17.93,17.95,17.925,17.95,1000,2021-11-29 17:08:00,PLTK
17.935,17.95,17.935,17.95,683,2021-11-29 17:09:00,PLTK
17.92,17.95,17.92,17.95,800,2021-11-29 17:10:00,PLTK
17.95,17.95,17.95,17.95,100,2021-11-29 17:11:00,PLTK
17.93,17.95,17.93,17.95,900,2021-11-29 17:12:00,PLTK
17.91,17.94,17.91,17.91,6588,2021-11-29 17:14:00,PLTK
17.92,17.95,17.91,17.94,3325,2021-11-29 17:15:00,PLTK
17.92,17.92,17.92,17.92,140,2021-11-29 17:16:00,PLTK
17.91,17.92,17.91,17.92,900,2021-11-29 17:17:00,PLTK
17.92,17.92,17.905,17.915,2079,2021-11-29 17:18:00,PLTK
17.925,17.925,17.925,17.925,100,2021-11-29 17:20:00,PLTK
17.92,17.93,17.92,17.93,404,2021-11-29 17:21:00,PLTK
17.94,17.98,17.93,17.96,3001,2021-11-29 17:22:00,PLTK
17.95,17.96,17.935,17.96,1501,2021-11-29 17:23:00,PLTK
17.95,17.96,17.945,17.96,1800,2021-11-29 17:25:00,PLTK
17.95,17.95,17.95,17.95,300,2021-11-29 17:26:00,PLTK
17.94,17.96,17.9201,17.96,10613,2021-11-29 17:27:00,PLTK
17.96,17.97,17.96,17.97,700,2021-11-29 17:28:00,PLTK
17.95,17.9531,17.95,17.95,600,2021-11-29 17:30:00,PLTK
17.96,17.97,17.96,17.965,800,2021-11-29 17:31:00,PLTK
17.96,17.96,17.96,17.96,300,2021-11-29 17:33:00,PLTK
17.95,17.95,17.93,17.95,500,2021-11-29 17:34:00,PLTK
17.94,17.94,17.92,17.92,200,2021-11-29 17:35:00,PLTK
17.91,17.91,17.89,17.89,400,2021-11-29 17:36:00,PLTK
17.89,17.95,17.89,17.95,3400,2021-11-29 17:37:00,PLTK
17.935,17.95,17.935,17.945,400,2021-11-29 17:38:00,PLTK
17.945,17.95,17.93,17.94,1125,2021-11-29 17:39:00,PLTK
17.91,17.94,17.91,17.93,1562,2021-11-29 17:40:00,PLTK
17.94,17.94,17.91,17.91,300,2021-11-29 17:41:00,PLTK
17.94,17.94,17.94,17.94,100,2021-11-29 17:42:00,PLTK
17.92,17.94,17.9,17.9,968,2021-11-29 17:43:00,PLTK
17.88,17.9,17.85,17.88,1920,2021-11-29 17:44:00,PLTK
17.88,17.88,17.85,17.88,2600,2021-11-29 17:45:00,PLTK
17.8671,17.87,17.85,17.85,1400,2021-11-29 17:47:00,PLTK
17.84,17.88,17.84,17.88,1908,2021-11-29 17:48:00,PLTK
17.865,17.865,17.865,17.865,100,2021-11-29 17:52:00,PLTK
17.85,17.86,17.83,17.83,1300,2021-11-29 17:53:00,PLTK
17.85,17.85,17.84,17.84,800,2021-11-29 17:55:00,PLTK
17.83,17.85,17.83,17.85,1789,2021-11-29 17:56:00,PLTK
17.85,17.85,17.84,17.84,2365,2021-11-29 17:57:00,PLTK
17.84,17.85,17.83,17.85,2169,2021-11-29 17:58:00,PLTK
17.8327,17.85,17.82,17.82,5142,2021-11-29 18:00:00,PLTK
17.8114,17.8352,17.8114,17.825,900,2021-11-29 18:01:00,PLTK
17.81,17.81,17.81,17.81,200,2021-11-29 18:02:00,PLTK
17.83,17.85,17.8221,17.85,2700,2021-11-29 18:03:00,PLTK
17.84,17.84,17.84,17.84,300,2021-11-29 18:05:00,PLTK
17.85,17.85,17.84,17.85,300,2021-11-29 18:07:00,PLTK
17.84,17.85,17.84,17.85,200,2021-11-29 18:09:00,PLTK
17.84,17.85,17.84,17.85,300,2021-11-29 18:10:00,PLTK
17.85,17.85,17.85,17.85,400,2021-11-29 18:11:00,PLTK
17.85,17.85,17.85,17.85,100,2021-11-29 18:12:00,PLTK
17.84,17.85,17.84,17.84,1786,2021-11-29 18:13:00,PLTK
17.83,17.84,17.81,17.82,2441,2021-11-29 18:16:00,PLTK
17.81,17.81,17.81,17.81,100,2021-11-29 18:17:00,PLTK
17.8,17.81,17.75,17.79,14000,2021-11-29 18:18:00,PLTK
17.78,17.86,17.78,17.86,6248,2021-11-29 18:19:00,PLTK
17.83,17.86,17.83,17.86,200,2021-11-29 18:21:00,PLTK
17.83,17.85,17.83,17.845,1607,2021-11-29 18:22:00,PLTK
17.8435,17.845,17.84,17.84,1050,2021-11-29 18:23:00,PLTK
17.835,17.93,17.835,17.89,8302,2021-11-29 18:24:00,PLTK
17.88,17.9,17.88,17.88,500,2021-11-29 18:25:00,PLTK
17.87,17.87,17.83,17.83,900,2021-11-29 18:26:00,PLTK
17.85,17.89,17.85,17.89,2881,2021-11-29 18:27:00,PLTK
17.885,17.9,17.87,17.885,900,2021-11-29 18:29:00,PLTK
17.885,17.885,17.8503,17.88,2059,2021-11-29 18:30:00,PLTK
17.86,17.88,17.85,17.88,476,2021-11-29 18:31:00,PLTK
17.86,17.88,17.85,17.88,800,2021-11-29 18:32:00,PLTK
17.865,17.87,17.865,17.87,300,2021-11-29 18:33:00,PLTK
17.865,17.88,17.85,17.88,910,2021-11-29 18:34:00,PLTK
17.88,17.88,17.85,17.87,1700,2021-11-29 18:37:00,PLTK
17.87,17.9,17.85,17.9,4041,2021-11-29 18:38:00,PLTK
17.87,17.89,17.87,17.875,2700,2021-11-29 18:39:00,PLTK
17.89,17.97,17.89,17.94,5740,2021-11-29 18:41:00,PLTK
17.92,17.92,17.92,17.92,100,2021-11-29 18:45:00,PLTK
17.92,17.92,17.92,17.92,100,2021-11-29 18:46:00,PLTK
17.94,17.94,17.91,17.91,4003,2021-11-29 18:47:00,PLTK
17.9,17.9,17.87,17.9,1900,2021-11-29 18:48:00,PLTK
17.87,17.87,17.87,17.87,100,2021-11-29 18:50:00,PLTK
17.86,17.9,17.86,17.88,666,2021-11-29 18:51:00,PLTK
17.87,17.95,17.87,17.95,4333,2021-11-29 18:52:00,PLTK
17.91,17.91,17.91,17.91,100,2021-11-29 18:53:00,PLTK
17.91,17.91,17.91,17.91,100,2021-11-29 18:54:00,PLTK
17.9,17.93,17.9,17.93,400,2021-11-29 18:55:00,PLTK
17.935,17.94,17.92,17.92,1418,2021-11-29 18:57:00,PLTK
17.94,17.94,17.91,17.94,640,2021-11-29 18:59:00,PLTK
17.91,17.93,17.91,17.91,800,2021-11-29 19:01:00,PLTK
17.91,17.93,17.91,17.91,600,2021-11-29 19:02:00,PLTK
17.92,17.93,17.91,17.93,600,2021-11-29 19:03:00,PLTK
17.93,17.94,17.915,17.92,2349,2021-11-29 19:05:00,PLTK
17.94,17.94,17.93,17.93,1000,2021-11-29 19:07:00,PLTK
17.93,17.97,17.93,17.97,4340,2021-11-29 19:08:00,PLTK
17.98,17.98,17.98,17.98,1300,2021-11-29 19:10:00,PLTK
17.98,17.98,17.98,17.98,200,2021-11-29 19:11:00,PLTK
17.985,17.985,17.985,17.985,200,2021-11-29 19:15:00,PLTK
17.98,17.98,17.98,17.98,1337,2021-11-29 19:16:00,PLTK
17.98,17.98,17.98,17.98,100,2021-11-29 19:17:00,PLTK
17.98,17.98,17.98,17.98,200,2021-11-29 19:19:00,PLTK
17.99,18.0,17.98,17.98,2300,2021-11-29 19:20:00,PLTK
17.985,17.985,17.985,17.985,100,2021-11-29 19:21:00,PLTK
17.987,17.987,17.987,17.987,500,2021-11-29 19:22:00,PLTK
17.985,17.99,17.98,17.98,500,2021-11-29 19:23:00,PLTK
17.98,17.98,17.97,17.97,400,2021-11-29 19:25:00,PLTK
17.97,18.01,17.97,18.0,8060,2021-11-29 19:26:00,PLTK
18.0,18.0,17.98,17.98,800,2021-11-29 19:27:00,PLTK
17.97,17.97,17.96,17.96,1000,2021-11-29 19:28:00,PLTK
17.975,17.975,17.96,17.96,500,2021-11-29 19:29:00,PLTK
17.96,17.96,17.93,17.93,3000,2021-11-29 19:30:00,PLTK
17.94,17.94,17.94,17.94,400,2021-11-29 19:31:00,PLTK
17.935,17.98,17.935,17.96,4559,2021-11-29 19:32:00,PLTK
17.96,17.96,17.96,17.96,100,2021-11-29 19:33:00,PLTK
17.95,17.95,17.95,17.95,100,2021-11-29 19:34:00,PLTK
17.95,17.95,17.93,17.93,2019,2021-11-29 19:35:00,PLTK
17.93,17.97,17.93,17.95,14234,2021-11-29 19:36:00,PLTK
17.94,17.95,17.94,17.94,1300,2021-11-29 19:37:00,PLTK
17.94,17.94,17.94,17.94,200,2021-11-29 19:38:00,PLTK
17.93,17.93,17.91,17.92,3015,2021-11-29 19:39:00,PLTK
17.905,17.92,17.905,17.92,2000,2021-11-29 19:40:00,PLTK
17.92,17.94,17.92,17.94,1699,2021-11-29 19:42:00,PLTK
17.93,17.95,17.92,17.95,3060,2021-11-29 19:43:00,PLTK
17.94,17.94,17.933,17.933,545,2021-11-29 19:44:00,PLTK
17.93,17.94,17.93,17.94,674,2021-11-29 19:46:00,PLTK
17.93,17.93,17.93,17.93,100,2021-11-29 19:47:00,PLTK
17.93,17.94,17.92,17.94,1400,2021-11-29 19:48:00,PLTK
17.93,17.93,17.93,17.93,100,2021-11-29 19:49:00,PLTK
17.94,17.95,17.94,17.95,900,2021-11-29 19:50:00,PLTK
17.95,17.96,17.95,17.95,1000,2021-11-29 19:51:00,PLTK
17.95,17.95,17.94,17.94,584,2021-11-29 19:52:00,PLTK
17.94,17.945,17.925,17.945,4400,2021-11-29 19:53:00,PLTK
17.93,17.94,17.93,17.94,225,2021-11-29 19:54:00,PLTK
17.94,17.94,17.92,17.94,1023,2021-11-29 19:55:00,PLTK
17.93,17.93,17.93,17.93,200,2021-11-29 19:56:00,PLTK
17.92,17.92,17.92,17.92,200,2021-11-29 19:57:00,PLTK
17.92,17.94,17.92,17.93,600,2021-11-29 19:58:00,PLTK
17.935,17.95,17.935,17.94,2533,2021-11-29 19:59:00,PLTK
17.94,17.95,17.94,17.94,2000,2021-11-29 20:00:00,PLTK
17.93,17.93,17.91,17.91,1900,2021-11-29 20:01:00,PLTK
17.92,17.92,17.87,17.87,3200,2021-11-29 20:02:00,PLTK
17.85,17.86,17.84,17.84,600,2021-11-29 20:03:00,PLTK
17.84,17.92,17.84,17.89,10883,2021-11-29 20:04:00,PLTK
17.89,17.9,17.87,17.9,1497,2021-11-29 20:05:00,PLTK
17.89,17.89,17.89,17.89,100,2021-11-29 20:06:00,PLTK
17.88,17.9,17.88,17.89,7350,2021-11-29 20:07:00,PLTK
17.89,17.9,17.89,17.9,1184,2021-11-29 20:08:00,PLTK
17.89,17.92,17.89,17.91,2114,2021-11-29 20:09:00,PLTK
17.9,17.92,17.89,17.89,600,2021-11-29 20:10:00,PLTK
17.89,17.96,17.89,17.945,11456,2021-11-29 20:11:00,PLTK
17.945,17.96,17.93,17.95,1100,2021-11-29 20:12:00,PLTK
17.945,17.95,17.945,17.95,200,2021-11-29 20:13:00,PLTK
17.95,17.95,17.93,17.945,5283,2021-11-29 20:14:00,PLTK
17.945,18.0,17.945,18.0,3694,2021-11-29 20:15:00,PLTK
17.98,17.98,17.95,17.95,700,2021-11-29 20:16:00,PLTK
17.98,17.98,17.95,17.95,550,2021-11-29 20:17:00,PLTK
17.96,17.96,17.93,17.93,2060,2021-11-29 20:18:00,PLTK
17.93,17.93,17.92,17.92,400,2021-11-29 20:19:00,PLTK
17.92,17.92,17.91,17.91,200,2021-11-29 20:20:00,PLTK
17.91,17.94,17.91,17.93,2312,2021-11-29 20:21:00,PLTK
17.94,17.94,17.92,17.93,1100,2021-11-29 20:22:00,PLTK
17.91,17.91,17.89,17.9,1249,2021-11-29 20:23:00,PLTK
17.89,17.9,17.89,17.9,300,2021-11-29 20:24:00,PLTK
17.89,17.92,17.89,17.915,2869,2021-11-29 20:25:00,PLTK
17.92,17.92,17.91,17.91,300,2021-11-29 20:26:00,PLTK
17.91,17.92,17.9,17.905,2552,2021-11-29 20:27:00,PLTK
17.9,17.91,17.9,17.91,1800,2021-11-29 20:28:00,PLTK
17.91,17.91,17.91,17.91,200,2021-11-29 20:29:00,PLTK
17.91,17.94,17.9,17.94,8640,2021-11-29 20:30:00,PLTK
17.94,17.94,17.94,17.94,100,2021-11-29 20:31:00,PLTK
17.93,17.93,17.91,17.93,1071,2021-11-29 20:32:00,PLTK
17.94,17.94,17.93,17.93,300,2021-11-29 20:33:00,PLTK
17.91,17.93,17.91,17.93,1220,2021-11-29 20:34:00,PLTK
17.91,17.91,17.91,17.91,100,2021-11-29 20:35:00,PLTK
17.92,17.92,17.89,17.89,1820,2021-11-29 20:37:00,PLTK
17.88,17.89,17.88,17.885,923,2021-11-29 20:38:00,PLTK
17.88,17.89,17.88,17.88,2148,2021-11-29 20:39:00,PLTK
17.89,17.89,17.87,17.87,200,2021-11-29 20:40:00,PLTK
17.87,17.88,17.87,17.88,600,2021-11-29 20:41:00,PLTK
17.87,17.87,17.86,17.86,2200,2021-11-29 20:42:00,PLTK
17.86,17.86,17.84,17.84,1961,2021-11-29 20:43:00,PLTK
17.85,17.89,17.84,17.88,5516,2021-11-29 20:44:00,PLTK
17.88,17.89,17.86,17.875,4487,2021-11-29 20:45:00,PLTK
17.86,17.87,17.855,17.855,1925,2021-11-29 20:47:00,PLTK
17.855,17.87,17.855,17.87,4633,2021-11-29 20:48:00,PLTK
17.87,17.88,17.865,17.88,1954,2021-11-29 20:49:00,PLTK
17.875,17.89,17.87,17.88,4347,2021-11-29 20:50:00,PLTK
17.879,17.92,17.87,17.92,4420,2021-11-29 20:51:00,PLTK
17.91,17.92,17.89,17.89,4125,2021-11-29 20:52:00,PLTK
17.88,17.89,17.88,17.89,500,2021-11-29 20:53:00,PLTK
17.8921,17.92,17.8921,17.91,7559,2021-11-29 20:54:00,PLTK
17.9,17.93,17.9,17.93,11497,2021-11-29 20:55:00,PLTK
17.93,17.96,17.93,17.96,33208,2021-11-29 20:56:00,PLTK
17.95,17.99,17.95,17.99,20529,2021-11-29 20:57:00,PLTK
17.985,17.99,17.95,17.96,49670,2021-11-29 20:58:00,PLTK
17.96,18.02,17.96,18.01,48352,2021-11-29 20:59:00,PLTK
17.98,17.98,17.98,17.98,47096,2021-11-29 21:00:00,PLTK
