open,high,low,close,volume,datetime,symbol
30.14,30.63,29.89,30.22,1232,2021-06-01 13:30:00,APR
30.63,30.63,30.63,30.63,196,2021-06-01 13:45:00,APR
30.605,30.94,30.525,30.525,10867,2021-06-01 13:55:00,APR
30.67,31.04,30.62,30.77,6685,2021-06-01 14:00:00,APR
30.78,30.78,30.78,30.78,100,2021-06-01 14:05:00,APR
30.97,31.09,30.97,30.975,6000,2021-06-01 14:20:00,APR
31.04,31.04,31.04,31.04,100,2021-06-01 14:25:00,APR
31.23,31.24,31.16,31.16,688,2021-06-01 14:30:00,APR
31.175,31.175,31.14,31.14,300,2021-06-01 14:40:00,APR
31.06,31.15,30.91,30.91,900,2021-06-01 14:50:00,APR
30.9,30.9,30.41,30.84,1100,2021-06-01 14:55:00,APR
30.43,30.8,30.3701,30.69,2260,2021-06-01 15:00:00,APR
30.65,30.65,30.65,30.65,100,2021-06-01 15:05:00,APR
30.61,30.71,30.44,30.44,800,2021-06-01 15:10:00,APR
30.5,30.5,30.4706,30.5,1100,2021-06-01 15:15:00,APR
30.5,30.69,30.5,30.625,1900,2021-06-01 15:20:00,APR
30.5,30.58,30.43,30.58,6418,2021-06-01 15:25:00,APR
30.575,30.66,30.575,30.64,430,2021-06-01 15:30:00,APR
30.69,30.7,30.64,30.7,1052,2021-06-01 15:35:00,APR
30.55,30.615,30.26,30.5,5000,2021-06-01 15:40:00,APR
30.58,30.58,30.58,30.58,100,2021-06-01 16:00:00,APR
30.58,30.81,30.58,30.73,961,2021-06-01 16:05:00,APR
30.82,30.82,30.68,30.68,200,2021-06-01 16:10:00,APR
30.79,30.79,30.715,30.76,300,2021-06-01 16:15:00,APR
30.825,30.825,30.825,30.825,200,2021-06-01 16:20:00,APR
30.68,30.75,30.68,30.75,200,2021-06-01 16:25:00,APR
30.7,30.8,30.7,30.795,1300,2021-06-01 16:35:00,APR
30.76,30.76,30.66,30.74,1550,2021-06-01 16:40:00,APR
30.65,30.65,30.65,30.65,100,2021-06-01 16:45:00,APR
30.65,30.65,30.59,30.59,200,2021-06-01 16:50:00,APR
30.72,30.97,30.72,30.8025,956,2021-06-01 16:55:00,APR
30.82,30.82,30.74,30.8,400,2021-06-01 17:00:00,APR
30.74,30.74,30.74,30.74,100,2021-06-01 17:05:00,APR
30.7,30.7,30.7,30.7,100,2021-06-01 17:10:00,APR
30.81,30.81,30.79,30.79,349,2021-06-01 17:15:00,APR
30.74,30.74,30.71,30.71,300,2021-06-01 17:20:00,APR
30.71,30.71,30.71,30.71,100,2021-06-01 17:35:00,APR
30.75,30.81,30.74,30.79,3209,2021-06-01 17:45:00,APR
30.79,30.79,30.755,30.755,14700,2021-06-01 17:50:00,APR
30.755,30.81,30.755,30.79,1362,2021-06-01 17:55:00,APR
30.83,30.83,30.78,30.78,700,2021-06-01 18:10:00,APR
30.86,30.91,30.78,30.81,2900,2021-06-01 18:15:00,APR
30.79,30.8,30.79,30.8,200,2021-06-01 18:20:00,APR
30.795,30.82,30.745,30.745,300,2021-06-01 18:25:00,APR
30.745,30.745,30.7,30.7,300,2021-06-01 18:30:00,APR
30.7701,30.7701,30.7701,30.7701,100,2021-06-01 18:35:00,APR
30.81,30.92,30.81,30.88,700,2021-06-01 18:45:00,APR
30.79,30.79,30.79,30.79,100,2021-06-01 18:50:00,APR
30.88,30.88,30.88,30.88,200,2021-06-01 19:00:00,APR
30.865,30.8698,30.865,30.8698,200,2021-06-01 19:05:00,APR
30.855,30.93,30.7815,30.83,1900,2021-06-01 19:30:00,APR
30.805,30.805,30.805,30.805,100,2021-06-01 19:35:00,APR
30.84,30.86,30.84,30.86,500,2021-06-01 19:40:00,APR
30.86,30.91,30.76,30.89,1583,2021-06-01 19:50:00,APR
30.99,31.0,30.84,31.0,3914,2021-06-01 19:55:00,APR
30.84,30.84,30.84,30.84,9980,2021-06-01 20:00:00,APR
30.84,30.84,30.84,30.84,298,2021-06-01 20:20:00,APR
30.94,30.94,30.81,30.81,1391,2021-06-02 13:30:00,APR
30.84,30.845,30.83,30.845,500,2021-06-02 13:40:00,APR
30.67,30.67,30.67,30.67,200,2021-06-02 14:10:00,APR
30.5729,30.5729,30.5,30.5,429,2021-06-02 14:15:00,APR
30.76,30.85,30.73,30.85,867,2021-06-02 14:40:00,APR
30.92,31.005,30.85,30.85,641,2021-06-02 14:45:00,APR
30.86,30.86,30.86,30.86,100,2021-06-02 14:50:00,APR
30.84,30.84,30.84,30.84,400,2021-06-02 14:55:00,APR
30.8815,30.98,30.86,30.98,1123,2021-06-02 15:00:00,APR
30.96,30.98,30.96,30.98,200,2021-06-02 15:10:00,APR
31.045,31.15,31.045,31.15,1200,2021-06-02 15:15:00,APR
31.26,31.34,31.22,31.22,500,2021-06-02 15:20:00,APR
31.22,31.22,31.22,31.22,200,2021-06-02 15:25:00,APR
31.33,31.33,31.215,31.215,200,2021-06-02 15:30:00,APR
31.18,31.28,31.18,31.23,1100,2021-06-02 15:35:00,APR
31.18,31.2,31.055,31.065,1530,2021-06-02 15:40:00,APR
31.06,31.06,31.06,31.06,100,2021-06-02 15:50:00,APR
31.01,31.01,31.01,31.01,392,2021-06-02 15:55:00,APR
31.08,31.14,31.05,31.14,700,2021-06-02 16:00:00,APR
31.1,31.19,31.09,31.19,1145,2021-06-02 16:05:00,APR
31.1678,31.1678,31.1678,31.1678,500,2021-06-02 16:10:00,APR
31.11,31.11,31.11,31.11,300,2021-06-02 16:15:00,APR
31.095,31.1,31.06,31.1,785,2021-06-02 16:20:00,APR
31.17,31.17,31.083,31.1,400,2021-06-02 16:25:00,APR
31.11,31.15,31.1,31.15,400,2021-06-02 16:30:00,APR
31.08,31.16,31.08,31.14,400,2021-06-02 16:35:00,APR
31.11,31.2,31.11,31.11,600,2021-06-02 16:40:00,APR
31.1,31.1,31.1,31.1,100,2021-06-02 16:45:00,APR
31.13,31.13,31.1025,31.12,501,2021-06-02 16:55:00,APR
31.07,31.07,31.06,31.06,481,2021-06-02 17:00:00,APR
31.05,31.06,31.04,31.04,300,2021-06-02 17:05:00,APR
31.06,31.14,31.04,31.07,11579,2021-06-02 17:10:00,APR
31.07,31.07,31.07,31.07,122,2021-06-02 17:15:00,APR
31.14,31.14,31.14,31.14,100,2021-06-02 17:20:00,APR
31.105,31.19,31.105,31.13,900,2021-06-02 17:25:00,APR
31.115,31.13,31.11,31.13,525,2021-06-02 17:30:00,APR
31.14,31.14,30.915,30.99,5158,2021-06-02 17:35:00,APR
30.9,30.91,30.84,30.85,2760,2021-06-02 17:45:00,APR
30.9,30.9,30.83,30.83,275,2021-06-02 17:50:00,APR
30.85,30.88,30.79,30.88,1270,2021-06-02 18:00:00,APR
31.0,31.0,30.815,30.85,3348,2021-06-02 18:05:00,APR
30.845,30.88,30.7,30.7483,3458,2021-06-02 18:10:00,APR
30.75,30.75,30.61,30.61,500,2021-06-02 18:15:00,APR
30.79,30.82,30.74,30.74,412,2021-06-02 18:20:00,APR
30.68,30.68,30.68,30.68,100,2021-06-02 18:25:00,APR
30.755,30.8,30.755,30.8,200,2021-06-02 18:30:00,APR
30.765,30.79,30.6,30.6,1140,2021-06-02 18:35:00,APR
30.775,30.88,30.725,30.88,6422,2021-06-02 18:40:00,APR
30.7,30.7,30.7,30.7,100,2021-06-02 18:45:00,APR
30.8,30.8,30.68,30.765,2820,2021-06-02 18:50:00,APR
30.85,30.85,30.72,30.72,200,2021-06-02 18:55:00,APR
30.85,30.85,30.85,30.85,100,2021-06-02 19:00:00,APR
30.8325,30.9,30.8325,30.9,200,2021-06-02 19:05:00,APR
30.84,30.94,30.84,30.94,300,2021-06-02 19:15:00,APR
31.0,31.01,30.925,31.01,929,2021-06-02 19:25:00,APR
31.1,31.1,31.015,31.02,500,2021-06-02 19:30:00,APR
31.025,31.025,31.025,31.025,149,2021-06-02 19:35:00,APR
30.97,30.97,30.87,30.87,896,2021-06-02 19:40:00,APR
30.77,30.96,30.77,30.96,817,2021-06-02 19:50:00,APR
30.9,30.98,30.865,30.93,3500,2021-06-02 19:55:00,APR
30.9,30.9,30.9,30.9,5210,2021-06-02 20:00:00,APR
30.86,30.86,30.85,30.85,609,2021-06-03 13:30:00,APR
30.9,30.9,30.9,30.9,100,2021-06-03 13:35:00,APR
30.55,30.69,30.5,30.6,1000,2021-06-03 13:50:00,APR
30.6,30.6,30.48,30.48,200,2021-06-03 13:55:00,APR
30.3436,30.69,30.3436,30.69,1300,2021-06-03 14:05:00,APR
30.63,30.63,30.55,30.55,200,2021-06-03 14:25:00,APR
30.7592,30.7592,30.59,30.59,1100,2021-06-03 14:30:00,APR
30.735,30.735,30.735,30.735,133,2021-06-03 14:35:00,APR
30.73,30.9,30.58,30.9,1800,2021-06-03 14:45:00,APR
30.8301,30.8301,30.8301,30.8301,100,2021-06-03 14:55:00,APR
31.25,31.25,30.87,30.87,700,2021-06-03 15:00:00,APR
30.56,30.6,30.56,30.6,200,2021-06-03 15:05:00,APR
30.87,30.88,30.87,30.88,400,2021-06-03 15:25:00,APR
30.94,30.96,30.93,30.96,600,2021-06-03 15:50:00,APR
30.805,31.07,30.805,30.805,3050,2021-06-03 16:20:00,APR
30.96,30.96,30.96,30.96,100,2021-06-03 16:25:00,APR
30.97,30.97,30.97,30.97,100,2021-06-03 16:30:00,APR
30.985,30.985,30.985,30.985,300,2021-06-03 16:40:00,APR
30.94,31.0,30.795,30.88,8872,2021-06-03 16:45:00,APR
30.85,30.92,30.85,30.9,900,2021-06-03 16:50:00,APR
30.87,30.94,30.8605,30.94,700,2021-06-03 16:55:00,APR
30.94,30.94,30.85,30.86,3154,2021-06-03 17:00:00,APR
30.87,30.9,30.87,30.9,822,2021-06-03 17:05:00,APR
30.94,30.94,30.89,30.89,200,2021-06-03 17:15:00,APR
31.03,31.04,30.785,30.83,4400,2021-06-03 17:20:00,APR
30.87,30.92,30.765,30.835,7190,2021-06-03 17:25:00,APR
30.885,31.0,30.81,30.9,500,2021-06-03 17:30:00,APR
30.86,30.885,30.83,30.83,1700,2021-06-03 17:35:00,APR
30.9071,30.915,30.9071,30.915,3100,2021-06-03 17:45:00,APR
30.875,30.9,30.845,30.87,2300,2021-06-03 17:50:00,APR
30.88,30.88,30.88,30.88,100,2021-06-03 17:55:00,APR
31.0,31.0,30.925,30.925,200,2021-06-03 18:00:00,APR
30.93,30.93,30.93,30.93,100,2021-06-03 18:10:00,APR
30.93,30.9658,30.93,30.9658,250,2021-06-03 18:15:00,APR
30.99,31.095,30.94,31.095,830,2021-06-03 18:20:00,APR
31.02,31.02,30.98,30.99,1457,2021-06-03 18:25:00,APR
31.0,31.0,31.0,31.0,200,2021-06-03 18:30:00,APR
31.09,31.09,31.09,31.09,100,2021-06-03 18:35:00,APR
31.025,31.11,31.0,31.0,1600,2021-06-03 18:40:00,APR
31.04,31.04,31.04,31.04,100,2021-06-03 18:45:00,APR
31.0,31.07,30.94,30.94,3000,2021-06-03 18:50:00,APR
30.96,30.96,30.96,30.96,100,2021-06-03 18:55:00,APR
30.97,30.97,30.9335,30.9335,200,2021-06-03 19:05:00,APR
30.955,30.97,30.955,30.97,200,2021-06-03 19:10:00,APR
30.97,30.97,30.97,30.97,200,2021-06-03 19:20:00,APR
30.91,30.92,30.73,30.87,14240,2021-06-03 19:25:00,APR
30.85,30.95,30.74,30.75,6500,2021-06-03 19:30:00,APR
30.785,30.93,30.785,30.93,1400,2021-06-03 19:35:00,APR
30.92,30.975,30.68,30.68,2154,2021-06-03 19:40:00,APR
30.62,30.65,30.32,30.5,6934,2021-06-03 19:45:00,APR
30.5,30.69,30.29,30.46,13774,2021-06-03 19:50:00,APR
30.46,30.61,30.15,30.355,12180,2021-06-03 19:55:00,APR
30.49,30.49,30.49,30.49,5238,2021-06-03 20:00:00,APR
30.49,30.49,30.49,30.49,577,2021-06-03 20:10:00,APR
30.88,30.88,30.88,30.88,1205,2021-06-04 13:30:00,APR
30.89,30.89,30.89,30.89,100,2021-06-04 13:55:00,APR
30.75,30.75,30.75,30.75,2000,2021-06-04 14:15:00,APR
30.5,30.97,30.5,30.765,5672,2021-06-04 14:20:00,APR
30.765,30.97,30.765,30.97,1040,2021-06-04 14:25:00,APR
30.84,31.14,30.82,31.14,600,2021-06-04 14:30:00,APR
30.91,30.91,30.905,30.905,580,2021-06-04 14:35:00,APR
30.895,30.895,30.885,30.89,1500,2021-06-04 14:50:00,APR
30.915,30.915,30.77,30.905,3429,2021-06-04 14:55:00,APR
30.82,30.82,30.64,30.74,2300,2021-06-04 15:00:00,APR
30.74,30.84,30.74,30.84,8300,2021-06-04 15:05:00,APR
30.83,30.83,30.83,30.83,100,2021-06-04 15:10:00,APR
30.82,30.845,30.71,30.71,7631,2021-06-04 15:15:00,APR
30.65,30.89,30.65,30.81,7820,2021-06-04 15:20:00,APR
30.8,30.88,30.7652,30.7652,2928,2021-06-04 15:25:00,APR
30.8,30.85,30.77,30.77,4414,2021-06-04 15:30:00,APR
30.77,30.78,30.73,30.78,3900,2021-06-04 15:35:00,APR
30.731,30.83,30.731,30.83,1472,2021-06-04 15:40:00,APR
30.73,30.74,30.7,30.7,1000,2021-06-04 15:45:00,APR
30.73,30.74,30.65,30.65,1400,2021-06-04 15:50:00,APR
30.7,30.7,30.62,30.62,446,2021-06-04 15:55:00,APR
30.62,30.62,30.62,30.62,200,2021-06-04 16:00:00,APR
30.7,30.71,30.7,30.7,900,2021-06-04 16:05:00,APR
30.7,30.75,30.65,30.65,5934,2021-06-04 16:10:00,APR
30.65,30.715,30.65,30.715,4200,2021-06-04 16:20:00,APR
30.7,30.74,30.69,30.73,600,2021-06-04 16:25:00,APR
30.68,30.72,30.68,30.7,1176,2021-06-04 16:30:00,APR
30.7,30.7,30.68,30.7,1000,2021-06-04 16:35:00,APR
30.7,30.7025,30.7,30.7025,218,2021-06-04 16:40:00,APR
30.7,30.77,30.7,30.72,600,2021-06-04 16:45:00,APR
30.72,30.75,30.68,30.68,1450,2021-06-04 16:55:00,APR
30.68,30.7,30.68,30.7,300,2021-06-04 17:00:00,APR
30.68,30.68,30.68,30.68,100,2021-06-04 17:05:00,APR
30.68,30.68,30.68,30.68,100,2021-06-04 17:10:00,APR
30.7121,30.7121,30.7121,30.7121,100,2021-06-04 17:20:00,APR
30.695,30.72,30.695,30.7,1300,2021-06-04 17:25:00,APR
30.7025,30.705,30.7,30.7,2700,2021-06-04 17:30:00,APR
30.72,30.72,30.68,30.68,971,2021-06-04 17:35:00,APR
30.7,30.7,30.7,30.7,100,2021-06-04 17:40:00,APR
30.695,30.71,30.695,30.705,633,2021-06-04 17:45:00,APR
30.7,30.71,30.7,30.71,300,2021-06-04 17:50:00,APR
30.7,30.7,30.69,30.69,200,2021-06-04 17:55:00,APR
30.7,30.77,30.67,30.77,8104,2021-06-04 18:00:00,APR
30.72,30.72,30.72,30.72,100,2021-06-04 18:05:00,APR
30.72,30.72,30.68,30.68,300,2021-06-04 18:10:00,APR
30.7,30.71,30.675,30.675,609,2021-06-04 18:20:00,APR
30.7,30.7,30.7,30.7,100,2021-06-04 18:30:00,APR
30.67,30.715,30.67,30.715,1111,2021-06-04 18:35:00,APR
30.7,30.7,30.69,30.7,300,2021-06-04 18:40:00,APR
30.695,30.72,30.695,30.7,718,2021-06-04 18:45:00,APR
30.7,30.7,30.66,30.7,1218,2021-06-04 18:50:00,APR
30.7,30.72,30.695,30.7,818,2021-06-04 18:55:00,APR
30.7,30.7,30.7,30.7,400,2021-06-04 19:00:00,APR
30.7,30.7,30.7,30.7,300,2021-06-04 19:05:00,APR
30.69,30.71,30.69,30.7,4765,2021-06-04 19:10:00,APR
30.7,30.7,30.7,30.7,500,2021-06-04 19:15:00,APR
30.7,30.7,30.695,30.7,400,2021-06-04 19:20:00,APR
30.7,30.7,30.695,30.695,400,2021-06-04 19:25:00,APR
30.71,30.74,30.635,30.635,2371,2021-06-04 19:30:00,APR
30.64,30.7,30.64,30.7,600,2021-06-04 19:35:00,APR
30.7,30.71,30.655,30.68,4144,2021-06-04 19:40:00,APR
30.7,30.7,30.69,30.7,800,2021-06-04 19:45:00,APR
30.7,30.705,30.67,30.69,2600,2021-06-04 19:50:00,APR
30.675,30.8,30.675,30.775,6306,2021-06-04 19:55:00,APR
30.76,30.76,30.76,30.76,5671,2021-06-04 20:00:00,APR
30.48,30.9142,30.48,30.9142,1113,2021-06-07 13:30:00,APR
31.0,31.24,30.96,31.005,1700,2021-06-07 13:35:00,APR
31.0,31.18,31.0,31.005,802,2021-06-07 13:40:00,APR
31.1,31.1,30.94,30.94,3929,2021-06-07 13:45:00,APR
31.0,31.02,31.0,31.0,1613,2021-06-07 13:50:00,APR
31.0,31.01,30.76,30.76,3441,2021-06-07 13:55:00,APR
30.88,30.88,30.75,30.7595,300,2021-06-07 14:00:00,APR
30.88,31.629,30.88,31.5,6182,2021-06-07 14:05:00,APR
31.63,31.9585,31.36,31.8999,5848,2021-06-07 14:10:00,APR
31.53,31.53,31.38,31.5,800,2021-06-07 14:15:00,APR
31.435,31.5,31.435,31.5,1700,2021-06-07 14:20:00,APR
31.58,31.63,31.505,31.59,1400,2021-06-07 14:25:00,APR
31.59,31.59,31.46,31.46,1100,2021-06-07 14:30:00,APR
31.455,31.455,31.4,31.4,300,2021-06-07 14:35:00,APR
31.44,31.46,31.36,31.36,1100,2021-06-07 14:40:00,APR
31.42,31.47,31.36,31.47,800,2021-06-07 14:45:00,APR
31.45,31.52,31.45,31.52,500,2021-06-07 14:50:00,APR
31.52,31.63,31.43,31.63,900,2021-06-07 14:55:00,APR
31.67,31.67,31.67,31.67,100,2021-06-07 15:00:00,APR
31.57,31.57,31.39,31.39,1100,2021-06-07 15:05:00,APR
31.39,31.39,31.39,31.39,200,2021-06-07 15:10:00,APR
31.39,31.6,31.39,31.5,1300,2021-06-07 15:15:00,APR
31.5,31.5,31.43,31.43,500,2021-06-07 15:20:00,APR
31.44,31.49,31.37,31.37,900,2021-06-07 15:25:00,APR
31.34,31.34,31.34,31.34,100,2021-06-07 15:30:00,APR
31.335,31.335,31.335,31.335,300,2021-06-07 15:40:00,APR
31.41,31.41,31.27,31.3,500,2021-06-07 15:45:00,APR
31.34,31.34,31.27,31.27,200,2021-06-07 15:55:00,APR
31.28,31.28,31.28,31.28,100,2021-06-07 16:00:00,APR
31.345,31.345,31.28,31.28,200,2021-06-07 16:05:00,APR
31.345,31.3773,31.28,31.29,1717,2021-06-07 16:10:00,APR
31.29,31.35,31.26,31.3,943,2021-06-07 16:15:00,APR
31.25,31.3,31.25,31.28,660,2021-06-07 16:20:00,APR
31.28,31.28,31.24,31.24,320,2021-06-07 16:25:00,APR
31.23,31.23,31.03,31.05,700,2021-06-07 16:30:00,APR
31.125,31.21,31.125,31.21,500,2021-06-07 16:40:00,APR
31.225,31.225,31.15,31.15,400,2021-06-07 16:45:00,APR
31.1685,31.1685,31.13,31.13,1300,2021-06-07 16:50:00,APR
31.11,31.11,31.11,31.11,100,2021-06-07 16:55:00,APR
31.11,31.11,31.04,31.04,200,2021-06-07 17:00:00,APR
31.12,31.3,31.12,31.205,600,2021-06-07 17:05:00,APR
31.2714,31.2714,31.13,31.21,1320,2021-06-07 17:10:00,APR
31.13,31.21,31.12,31.21,400,2021-06-07 17:20:00,APR
31.215,31.25,31.215,31.22,475,2021-06-07 17:30:00,APR
31.3,31.38,31.14,31.15,1100,2021-06-07 17:35:00,APR
31.25,31.25,31.18,31.18,300,2021-06-07 17:40:00,APR
31.27,31.27,31.04,31.04,1100,2021-06-07 17:45:00,APR
31.2,31.2,31.05,31.19,900,2021-06-07 17:50:00,APR
31.22,31.22,31.06,31.06,200,2021-06-07 17:55:00,APR
31.13,31.13,31.07,31.07,600,2021-06-07 18:00:00,APR
31.1,31.13,31.05,31.05,300,2021-06-07 18:05:00,APR
31.135,31.22,31.06,31.07,500,2021-06-07 18:10:00,APR
31.135,31.135,31.08,31.08,409,2021-06-07 18:15:00,APR
31.065,31.065,31.065,31.065,100,2021-06-07 18:20:00,APR
31.065,31.065,30.94,30.94,500,2021-06-07 18:25:00,APR
30.98,31.08,30.885,30.885,900,2021-06-07 18:30:00,APR
30.9,30.95,30.89,30.91,500,2021-06-07 18:35:00,APR
30.87,30.94,30.87,30.94,330,2021-06-07 18:40:00,APR
30.94,30.94,30.94,30.94,400,2021-06-07 18:45:00,APR
31.01,31.0694,30.98,31.035,700,2021-06-07 18:50:00,APR
31.14,31.14,31.02,31.02,200,2021-06-07 18:55:00,APR
31.04,31.17,31.02,31.12,800,2021-06-07 19:00:00,APR
31.12,31.18,31.1,31.1,300,2021-06-07 19:05:00,APR
31.18,31.18,31.105,31.105,200,2021-06-07 19:15:00,APR
31.18,31.18,31.105,31.105,200,2021-06-07 19:20:00,APR
31.105,31.235,31.105,31.12,1417,2021-06-07 19:25:00,APR
31.195,31.23,31.16,31.19,700,2021-06-07 19:35:00,APR
31.19,31.19,31.045,31.045,1197,2021-06-07 19:40:00,APR
31.06,31.09,31.06,31.09,200,2021-06-07 19:45:00,APR
31.1,31.14,30.99,31.04,1430,2021-06-07 19:50:00,APR
30.96,31.11,30.96,31.0,2993,2021-06-07 19:55:00,APR
31.05,31.05,31.05,31.05,3479,2021-06-07 20:00:00,APR
30.5,30.51,29.69,29.69,4189,2021-06-07 20:45:00,APR
29.7,29.7,29.68,29.68,2099,2021-06-07 20:50:00,APR
29.84,29.84,29.84,29.84,500,2021-06-07 20:55:00,APR
29.84,29.84,29.84,29.84,100,2021-06-07 21:00:00,APR
29.5,29.5,29.29,29.29,1500,2021-06-07 21:05:00,APR
29.27,29.27,29.27,29.27,100,2021-06-07 21:10:00,APR
29.15,29.15,29.15,29.15,100,2021-06-07 21:15:00,APR
29.07,29.11,29.07,29.11,1152,2021-06-07 22:25:00,APR
28.5,29.29,27.75,28.4,22715,2021-06-08 13:30:00,APR
28.56,28.7161,28.4,28.7161,3377,2021-06-08 13:35:00,APR
28.92,29.4499,28.92,29.3764,10859,2021-06-08 13:40:00,APR
29.3741,29.44,29.3,29.305,5099,2021-06-08 13:45:00,APR
29.195,29.2,29.1701,29.1701,1650,2021-06-08 13:50:00,APR
29.21,29.45,29.1,29.35,14235,2021-06-08 13:55:00,APR
29.56,29.66,29.4522,29.52,3026,2021-06-08 14:00:00,APR
29.52,29.52,29.155,29.26,5862,2021-06-08 14:05:00,APR
29.1822,29.3238,29.145,29.265,1360,2021-06-08 14:10:00,APR
29.2,29.2175,29.14,29.14,500,2021-06-08 14:15:00,APR
29.26,29.27,29.215,29.24,643,2021-06-08 14:20:00,APR
29.26,29.38,29.25,29.335,1800,2021-06-08 14:25:00,APR
29.46,29.78,29.46,29.68,969,2021-06-08 14:30:00,APR
29.68,29.69,29.65,29.69,915,2021-06-08 14:35:00,APR
29.77,29.79,29.61,29.61,300,2021-06-08 14:40:00,APR
29.59,29.685,29.59,29.685,300,2021-06-08 14:45:00,APR
29.685,29.685,29.685,29.685,200,2021-06-08 14:50:00,APR
29.78,29.78,29.6,29.6,2839,2021-06-08 14:55:00,APR
29.61,29.61,29.46,29.46,2703,2021-06-08 15:00:00,APR
29.37,29.37,29.31,29.31,200,2021-06-08 15:05:00,APR
29.295,29.305,29.2201,29.25,800,2021-06-08 15:10:00,APR
29.25,29.27,29.19,29.21,5593,2021-06-08 15:15:00,APR
29.195,29.305,29.1904,29.22,2598,2021-06-08 15:20:00,APR
29.22,29.305,29.15,29.275,2613,2021-06-08 15:25:00,APR
29.255,29.315,29.23,29.315,946,2021-06-08 15:30:00,APR
29.23,29.2696,29.2108,29.2298,2601,2021-06-08 15:40:00,APR
29.2,29.21,29.06,29.06,1492,2021-06-08 15:45:00,APR
29.02,29.02,28.6,28.6,2400,2021-06-08 15:50:00,APR
28.6,28.74,28.6,28.74,1300,2021-06-08 15:55:00,APR
28.69,28.7,28.615,28.615,1414,2021-06-08 16:00:00,APR
28.62,28.62,28.47,28.49,1236,2021-06-08 16:05:00,APR
28.5,28.5,28.46,28.49,500,2021-06-08 16:10:00,APR
28.48,28.51,28.45,28.465,1877,2021-06-08 16:15:00,APR
28.48,28.48,28.43,28.435,700,2021-06-08 16:20:00,APR
28.425,28.52,28.425,28.4901,3800,2021-06-08 16:25:00,APR
28.5,28.62,28.48,28.62,3600,2021-06-08 16:30:00,APR
28.785,28.9,28.69,28.69,1700,2021-06-08 16:35:00,APR
28.65,28.65,28.57,28.57,400,2021-06-08 16:40:00,APR
28.57,28.57,28.41,28.42,1498,2021-06-08 16:45:00,APR
28.47,28.47,28.3825,28.47,3272,2021-06-08 16:50:00,APR
28.44,28.4699,28.44,28.462,1553,2021-06-08 16:55:00,APR
28.445,28.445,28.38,28.38,5081,2021-06-08 17:00:00,APR
28.38,28.385,28.095,28.095,3760,2021-06-08 17:05:00,APR
28.11,28.25,28.11,28.14,1700,2021-06-08 17:10:00,APR
28.14,28.14,28.04,28.04,700,2021-06-08 17:15:00,APR
28.04,28.04,28.0,28.04,500,2021-06-08 17:20:00,APR
28.01,28.07,27.98,27.985,4210,2021-06-08 17:25:00,APR
27.985,28.1983,27.985,28.095,2800,2021-06-08 17:30:00,APR
28.08,28.1782,28.0001,28.02,850,2021-06-08 17:35:00,APR
28.03,28.1787,28.03,28.06,1013,2021-06-08 17:40:00,APR
28.07,28.106,28.03,28.035,3430,2021-06-08 17:45:00,APR
28.0393,28.18,28.035,28.1,8242,2021-06-08 17:50:00,APR
28.03,28.1,27.79,27.855,6600,2021-06-08 17:55:00,APR
27.77,28.17,27.77,28.04,5116,2021-06-08 18:00:00,APR
28.03,28.03,27.96,28.03,1368,2021-06-08 18:05:00,APR
28.025,28.135,28.0,28.135,2751,2021-06-08 18:10:00,APR
28.1399,28.1399,28.01,28.02,1140,2021-06-08 18:15:00,APR
28.055,28.22,28.055,28.22,5049,2021-06-08 18:20:00,APR
28.3,28.33,28.22,28.25,6545,2021-06-08 18:25:00,APR
28.2,28.3,28.12,28.27,4184,2021-06-08 18:30:00,APR
28.26,28.31,28.14,28.2,1800,2021-06-08 18:35:00,APR
28.12,28.185,28.12,28.185,600,2021-06-08 18:40:00,APR
28.13,28.27,28.1,28.185,1000,2021-06-08 18:45:00,APR
28.13,28.18,28.1,28.11,2179,2021-06-08 18:50:00,APR
28.105,28.2399,28.1,28.12,7130,2021-06-08 18:55:00,APR
28.18,28.18,28.13,28.175,900,2021-06-08 19:00:00,APR
28.175,28.175,27.96,28.065,5519,2021-06-08 19:05:00,APR
27.935,28.09,27.92,28.04,2596,2021-06-08 19:10:00,APR
28.055,28.14,27.995,28.095,4300,2021-06-08 19:15:00,APR
28.07,28.15,28.0,28.14,4951,2021-06-08 19:20:00,APR
28.09,28.34,28.09,28.2,3629,2021-06-08 19:25:00,APR
28.15,28.37,28.09,28.27,5263,2021-06-08 19:30:00,APR
28.26,28.37,28.18,28.335,6275,2021-06-08 19:35:00,APR
28.32,28.32,28.25,28.27,3831,2021-06-08 19:40:00,APR
28.26,28.285,28.2,28.255,2781,2021-06-08 19:45:00,APR
28.26,28.78,28.25,28.78,17507,2021-06-08 19:50:00,APR
28.52,28.62,28.31,28.59,20743,2021-06-08 19:55:00,APR
28.63,28.63,28.63,28.63,27339,2021-06-08 20:00:00,APR
28.63,28.63,28.5209,28.5209,2379,2021-06-09 13:30:00,APR
28.5201,28.745,28.5201,28.745,1497,2021-06-09 13:35:00,APR
28.8576,28.8576,28.58,28.58,3400,2021-06-09 13:40:00,APR
28.5,28.51,28.08,28.08,2246,2021-06-09 13:45:00,APR
28.08,28.16,28.07,28.09,8600,2021-06-09 13:50:00,APR
28.1,28.1,27.835,27.84,4070,2021-06-09 13:55:00,APR
27.84,28.14,27.8301,27.9065,6447,2021-06-09 14:00:00,APR
27.88,28.03,27.845,28.03,8323,2021-06-09 14:05:00,APR
28.04,28.37,27.97,28.01,8191,2021-06-09 14:10:00,APR
28.2,28.2,27.83,27.87,8525,2021-06-09 14:15:00,APR
27.88,28.15,27.86,28.08,10756,2021-06-09 14:20:00,APR
28.08,28.08,27.9,28.0,6438,2021-06-09 14:25:00,APR
28.02,28.09,27.94,27.99,4658,2021-06-09 14:30:00,APR
28.025,28.07,27.98,28.07,4212,2021-06-09 14:35:00,APR
28.01,28.01,28.0005,28.01,2800,2021-06-09 14:40:00,APR
28.01,28.03,27.895,28.0,10689,2021-06-09 14:45:00,APR
28.0,28.198,28.0,28.01,4350,2021-06-09 14:50:00,APR
28.01,28.1,27.92,27.99,4101,2021-06-09 14:55:00,APR
27.96,28.0,27.84,27.84,8464,2021-06-09 15:00:00,APR
27.84,27.88,27.675,27.675,4920,2021-06-09 15:05:00,APR
27.679,27.68,27.52,27.52,2939,2021-06-09 15:10:00,APR
27.52,27.63,27.48,27.48,3443,2021-06-09 15:15:00,APR
27.486,27.4872,27.48,27.4801,2298,2021-06-09 15:20:00,APR
27.485,27.49,27.235,27.235,10973,2021-06-09 15:25:00,APR
27.14,27.35,27.09,27.23,4900,2021-06-09 15:30:00,APR
27.37,27.37,27.12,27.25,9303,2021-06-09 15:35:00,APR
27.2544,27.33,27.2,27.33,8612,2021-06-09 15:40:00,APR
27.33,27.33,27.23,27.24,7396,2021-06-09 15:45:00,APR
27.25,27.56,27.235,27.56,4634,2021-06-09 15:50:00,APR
27.235,27.35,27.2325,27.35,7219,2021-06-09 15:55:00,APR
27.325,27.3899,27.25,27.27,5450,2021-06-09 16:00:00,APR
27.2501,27.27,27.2501,27.2599,5415,2021-06-09 16:05:00,APR
27.26,27.3562,27.2598,27.26,6934,2021-06-09 16:10:00,APR
27.2599,27.2599,27.09,27.25,10540,2021-06-09 16:15:00,APR
27.21,27.28,27.21,27.25,8300,2021-06-09 16:20:00,APR
27.22,27.46,27.2,27.25,6817,2021-06-09 16:25:00,APR
27.21,27.26,26.81,26.81,8060,2021-06-09 16:30:00,APR
26.905,27.0,26.63,26.83,3316,2021-06-09 16:35:00,APR
26.83,26.89,26.785,26.79,2292,2021-06-09 16:40:00,APR
26.77,26.78,26.51,26.52,7016,2021-06-09 16:45:00,APR
26.52,26.52,26.31,26.3837,7118,2021-06-09 16:50:00,APR
26.46,26.69,26.32,26.69,5243,2021-06-09 16:55:00,APR
26.535,26.535,26.3,26.3,6533,2021-06-09 17:00:00,APR
26.31,26.6263,26.3,26.6263,6907,2021-06-09 17:05:00,APR
26.5802,26.5802,26.32,26.405,4725,2021-06-09 17:10:00,APR
26.441,26.505,26.28,26.28,9954,2021-06-09 17:15:00,APR
26.3349,26.63,26.3349,26.44,6675,2021-06-09 17:20:00,APR
26.4869,26.5565,26.36,26.435,7600,2021-06-09 17:25:00,APR
26.38,26.425,26.28,26.3718,10764,2021-06-09 17:30:00,APR
26.3,26.44,26.225,26.26,9700,2021-06-09 17:35:00,APR
26.26,26.27,26.21,26.26,7473,2021-06-09 17:40:00,APR
26.25,26.5,26.245,26.4043,6063,2021-06-09 17:45:00,APR
26.4043,26.5399,26.255,26.44,12331,2021-06-09 17:50:00,APR
26.38,26.57,26.33,26.5,15793,2021-06-09 17:55:00,APR
26.545,26.8299,26.5,26.8299,1100,2021-06-09 18:00:00,APR
26.64,26.89,26.64,26.89,200,2021-06-09 18:05:00,APR
26.68,27.215,26.68,27.215,1566,2021-06-09 18:10:00,APR
27.306,27.306,26.83,27.1873,5338,2021-06-09 18:15:00,APR
26.85,27.04,26.85,27.02,2516,2021-06-09 18:20:00,APR
26.855,27.1,26.855,26.955,3109,2021-06-09 18:25:00,APR
27.02,27.12,26.96,26.99,1700,2021-06-09 18:30:00,APR
27.1,27.19,27.08,27.18,1900,2021-06-09 18:35:00,APR
27.15,27.3303,27.12,27.19,2418,2021-06-09 18:40:00,APR
27.22,27.39,27.22,27.28,2500,2021-06-09 18:45:00,APR
27.25,27.325,27.13,27.325,1700,2021-06-09 18:50:00,APR
27.2,27.37,27.2,27.26,1988,2021-06-09 18:55:00,APR
27.27,27.44,27.27,27.3601,2924,2021-06-09 19:00:00,APR
27.39,27.64,27.35,27.35,2683,2021-06-09 19:05:00,APR
27.43,27.63,27.43,27.54,4615,2021-06-09 19:10:00,APR
27.535,27.64,27.4,27.4,1842,2021-06-09 19:15:00,APR
27.2563,27.47,27.24,27.24,4593,2021-06-09 19:20:00,APR
27.355,27.355,26.9,26.995,1900,2021-06-09 19:25:00,APR
27.06,27.1374,26.895,27.06,3069,2021-06-09 19:30:00,APR
27.105,27.105,27.0,27.06,2190,2021-06-09 19:35:00,APR
27.075,27.3,26.945,27.3,10219,2021-06-09 19:40:00,APR
27.1487,27.175,26.985,27.06,3808,2021-06-09 19:45:00,APR
27.06,27.07,26.99,27.06,6218,2021-06-09 19:50:00,APR
27.07,27.42,27.07,27.33,14539,2021-06-09 19:55:00,APR
27.335,27.335,27.335,27.335,6977,2021-06-09 20:00:00,APR
27.25,27.25,27.25,27.25,500,2021-06-10 08:15:00,APR
27.5,27.5,27.07,27.07,500,2021-06-10 08:20:00,APR
27.5,27.5,27.5,27.5,335,2021-06-10 10:05:00,APR
27.5,27.5,27.5,27.5,300,2021-06-10 10:45:00,APR
27.4,27.4,27.37,27.37,2000,2021-06-10 11:00:00,APR
27.41,27.41,27.4,27.4,942,2021-06-10 11:10:00,APR
27.4,27.4,27.4,27.4,500,2021-06-10 11:15:00,APR
27.4,27.4,27.4,27.4,200,2021-06-10 11:20:00,APR
27.4,27.4,27.4,27.4,200,2021-06-10 11:25:00,APR
27.5,27.5,27.4,27.4,800,2021-06-10 11:30:00,APR
27.59,27.59,27.5,27.59,6508,2021-06-10 11:40:00,APR
27.5,27.5,27.5,27.5,500,2021-06-10 11:45:00,APR
27.55,27.55,27.55,27.55,200,2021-06-10 11:50:00,APR
27.7,27.75,27.7,27.75,6100,2021-06-10 11:55:00,APR
27.76,27.8,27.73,27.8,2350,2021-06-10 12:00:00,APR
27.83,27.99,27.8,27.81,1777,2021-06-10 12:05:00,APR
27.81,28.01,27.81,28.01,1646,2021-06-10 12:10:00,APR
28.01,28.01,27.8,27.8,5900,2021-06-10 12:15:00,APR
27.8,27.92,27.75,27.8,1177,2021-06-10 12:20:00,APR
27.98,28.0,27.9,27.9,12400,2021-06-10 12:25:00,APR
28.0,28.0,28.0,28.0,31500,2021-06-10 12:30:00,APR
27.85,28.05,27.8,28.05,3959,2021-06-10 12:35:00,APR
28.24,28.24,28.15,28.2,1349,2021-06-10 12:40:00,APR
28.1995,28.4,28.1995,28.4,3065,2021-06-10 12:45:00,APR
28.16,28.4,28.16,28.4,3250,2021-06-10 12:50:00,APR
28.25,28.4,28.25,28.3,42193,2021-06-10 12:55:00,APR
28.29,28.49,28.29,28.49,9793,2021-06-10 13:00:00,APR
28.6,29.0,28.6,29.0,2659,2021-06-10 13:05:00,APR
28.84,29.0,28.75,28.9,13840,2021-06-10 13:10:00,APR
28.75,28.9899,28.68,28.91,8693,2021-06-10 13:15:00,APR
28.98,28.98,28.79,28.92,12682,2021-06-10 13:20:00,APR
28.9,29.0,28.69,28.8,23292,2021-06-10 13:25:00,APR
28.92,29.13,28.38,28.495,106823,2021-06-10 13:30:00,APR
28.4,28.87,28.21,28.73,48523,2021-06-10 13:35:00,APR
28.74,28.76,28.43,28.63,26806,2021-06-10 13:40:00,APR
28.73,29.0,28.64,28.82,28883,2021-06-10 13:45:00,APR
28.89,29.1,28.55,28.9346,27069,2021-06-10 13:50:00,APR
28.955,29.08,28.531,28.675,12468,2021-06-10 13:55:00,APR
28.59,28.96,28.59,28.865,15225,2021-06-10 14:00:00,APR
28.99,29.0,28.75,28.8524,9302,2021-06-10 14:05:00,APR
28.895,28.895,28.62,28.735,4200,2021-06-10 14:10:00,APR
28.75,28.83,28.55,28.7947,3877,2021-06-10 14:15:00,APR
28.845,28.85,28.64,28.73,3150,2021-06-10 14:20:00,APR
28.73,29.015,28.73,28.92,7792,2021-06-10 14:25:00,APR
28.93,29.025,28.81,28.9,6112,2021-06-10 14:30:00,APR
28.9732,29.05,28.8901,28.8901,26846,2021-06-10 14:35:00,APR
28.88,29.2,28.76,29.18,9298,2021-06-10 14:40:00,APR
29.17,29.87,29.15,29.43,49597,2021-06-10 14:45:00,APR
29.57,30.11,29.44,29.88,19585,2021-06-10 14:50:00,APR
29.87,30.64,29.74,30.63,29443,2021-06-10 14:55:00,APR
30.64,30.66,29.92,30.32,12039,2021-06-10 15:00:00,APR
30.225,30.53,30.13,30.21,9855,2021-06-10 15:05:00,APR
30.17,30.42,30.17,30.335,3245,2021-06-10 15:10:00,APR
30.335,30.56,30.16,30.475,7704,2021-06-10 15:15:00,APR
30.445,30.69,30.2,30.445,31857,2021-06-10 15:20:00,APR
30.49,30.69,30.25,30.25,8263,2021-06-10 15:25:00,APR
30.33,30.33,29.9406,30.0,9138,2021-06-10 15:30:00,APR
30.04,30.04,29.81,29.82,4658,2021-06-10 15:35:00,APR
29.83,30.03,29.66,29.96,5004,2021-06-10 15:40:00,APR
29.8,29.86,29.57,29.68,3262,2021-06-10 15:45:00,APR
29.61,29.73,29.58,29.58,6205,2021-06-10 15:50:00,APR
29.57,29.57,29.37,29.42,3861,2021-06-10 15:55:00,APR
29.42,29.42,29.23,29.36,5591,2021-06-10 16:00:00,APR
29.37,29.5,29.085,29.1,7602,2021-06-10 16:05:00,APR
29.105,29.39,29.02,29.24,8404,2021-06-10 16:10:00,APR
29.2,29.27,29.15,29.175,4209,2021-06-10 16:15:00,APR
29.19,29.34,29.15,29.24,8272,2021-06-10 16:20:00,APR
29.29,29.66,29.23,29.66,4126,2021-06-10 16:25:00,APR
29.74,29.8,29.52,29.6,7716,2021-06-10 16:30:00,APR
29.59,29.79,29.435,29.585,20943,2021-06-10 16:35:00,APR
29.585,29.89,29.57,29.6301,14232,2021-06-10 16:40:00,APR
29.78,30.33,29.72,30.23,31455,2021-06-10 16:45:00,APR
30.11,30.11,29.76,29.825,6947,2021-06-10 16:50:00,APR
29.85,29.85,29.6,29.65,15416,2021-06-10 16:55:00,APR
29.635,30.11,29.52,29.79,20315,2021-06-10 17:00:00,APR
29.795,29.8619,29.69,29.85,3350,2021-06-10 17:05:00,APR
29.77,30.64,29.77,30.44,22879,2021-06-10 17:10:00,APR
30.45,30.55,30.38,30.46,12891,2021-06-10 17:15:00,APR
30.42,30.99,30.42,30.81,19122,2021-06-10 17:20:00,APR
30.7,31.09,30.59,30.935,16735,2021-06-10 17:25:00,APR
30.94,31.045,30.885,31.015,41808,2021-06-10 17:30:00,APR
30.94,31.09,30.51,30.62,22000,2021-06-10 17:35:00,APR
30.525,30.62,30.17,30.37,15286,2021-06-10 17:40:00,APR
30.29,30.71,30.03,30.51,18278,2021-06-10 17:45:00,APR
30.57,30.69,30.22,30.305,10634,2021-06-10 17:50:00,APR
30.31,30.68,30.12,30.12,6349,2021-06-10 17:55:00,APR
30.16,30.53,30.16,30.39,2716,2021-06-10 18:00:00,APR
30.395,30.74,30.395,30.52,16714,2021-06-10 18:05:00,APR
30.52,30.585,30.39,30.395,4925,2021-06-10 18:10:00,APR
30.42,30.86,30.42,30.61,12533,2021-06-10 18:15:00,APR
30.695,30.7,30.31,30.39,4621,2021-06-10 18:20:00,APR
30.35,30.5,30.34,30.465,6253,2021-06-10 18:25:00,APR
30.465,30.465,30.38,30.38,3842,2021-06-10 18:30:00,APR
30.38,30.83,30.34,30.825,7062,2021-06-10 18:35:00,APR
30.8,30.905,30.495,30.555,11361,2021-06-10 18:40:00,APR
30.45,30.52,30.21,30.455,5579,2021-06-10 18:45:00,APR
30.41,30.41,30.1,30.1,3827,2021-06-10 18:50:00,APR
30.16,30.5,30.12,30.36,5610,2021-06-10 18:55:00,APR
30.3,30.45,30.3,30.355,6407,2021-06-10 19:00:00,APR
30.38,30.45,30.23,30.25,10045,2021-06-10 19:05:00,APR
30.25,30.415,30.25,30.27,4685,2021-06-10 19:10:00,APR
30.325,30.34,29.99,29.99,8092,2021-06-10 19:15:00,APR
29.96,30.075,29.84,29.93,12125,2021-06-10 19:20:00,APR
29.935,30.33,29.87,30.115,12987,2021-06-10 19:25:00,APR
30.07,30.19,29.815,29.815,10599,2021-06-10 19:30:00,APR
29.8,29.9,29.57,29.81,15279,2021-06-10 19:35:00,APR
29.81,29.9,29.62,29.675,8650,2021-06-10 19:40:00,APR
29.675,29.96,29.49,29.66,12936,2021-06-10 19:45:00,APR
29.61,29.91,29.44,29.64,59639,2021-06-10 19:50:00,APR
29.64,29.81,29.41,29.48,46348,2021-06-10 19:55:00,APR
29.36,29.36,29.36,29.36,282807,2021-06-10 20:00:00,APR
29.36,29.36,29.36,29.36,373,2021-06-10 20:05:00,APR
29.25,29.25,29.25,29.25,250,2021-06-11 12:05:00,APR
29.97,30.005,29.44,29.44,2803,2021-06-11 13:30:00,APR
29.7581,30.2,29.7396,29.96,4608,2021-06-11 13:35:00,APR
29.78,29.78,29.65,29.65,300,2021-06-11 13:40:00,APR
29.85,30.41,29.65,30.25,8669,2021-06-11 13:45:00,APR
30.27,30.53,29.93,30.15,5800,2021-06-11 13:50:00,APR
30.15,30.205,30.03,30.16,6315,2021-06-11 13:55:00,APR
30.15,30.24,30.02,30.02,11146,2021-06-11 14:00:00,APR
30.09,30.28,30.09,30.19,13547,2021-06-11 14:05:00,APR
30.185,30.42,30.08,30.08,16852,2021-06-11 14:10:00,APR
30.01,30.3,29.77,29.79,4343,2021-06-11 14:15:00,APR
29.87,29.87,29.58,29.58,2920,2021-06-11 14:20:00,APR
29.67,29.705,29.59,29.705,2000,2021-06-11 14:25:00,APR
29.705,29.895,29.66,29.895,1200,2021-06-11 14:30:00,APR
29.865,29.95,29.7,29.7,3144,2021-06-11 14:35:00,APR
29.6,29.8,29.57,29.61,1500,2021-06-11 14:40:00,APR
29.59,29.59,29.205,29.205,2100,2021-06-11 14:45:00,APR
29.08,29.17,28.85,28.91,3200,2021-06-11 14:50:00,APR
28.93,29.06,28.92,28.96,800,2021-06-11 14:55:00,APR
29.0,29.0,28.9,28.9,2200,2021-06-11 15:00:00,APR
28.79,28.79,28.77,28.77,600,2021-06-11 15:05:00,APR
28.8975,28.8975,28.51,28.51,2371,2021-06-11 15:15:00,APR
28.63,28.84,28.45,28.7,3883,2021-06-11 15:20:00,APR
28.86,28.89,28.81,28.81,1381,2021-06-11 15:25:00,APR
28.74,28.815,28.705,28.705,800,2021-06-11 15:30:00,APR
28.71,28.71,28.67,28.67,300,2021-06-11 15:35:00,APR
28.63,28.7099,28.63,28.63,835,2021-06-11 15:40:00,APR
28.63,28.63,28.37,28.37,2700,2021-06-11 15:45:00,APR
28.55,28.55,28.46,28.46,300,2021-06-11 15:50:00,APR
28.45,28.47,28.43,28.43,800,2021-06-11 15:55:00,APR
28.43,28.43,28.43,28.43,200,2021-06-11 16:00:00,APR
28.48,28.63,28.48,28.59,1106,2021-06-11 16:05:00,APR
28.5234,28.5371,28.5234,28.5371,1350,2021-06-11 16:10:00,APR
28.595,28.66,28.595,28.61,1255,2021-06-11 16:15:00,APR
28.55,28.55,28.24,28.24,3857,2021-06-11 16:20:00,APR
28.19,28.2,28.19,28.2,420,2021-06-11 16:25:00,APR
28.27,28.27,28.27,28.27,214,2021-06-11 16:30:00,APR
28.275,28.35,28.22,28.22,1500,2021-06-11 16:35:00,APR
28.2,28.21,28.19,28.21,2412,2021-06-11 16:40:00,APR
28.12,28.12,28.115,28.12,300,2021-06-11 16:45:00,APR
28.195,28.195,28.12,28.185,500,2021-06-11 16:50:00,APR
28.12,28.2513,28.12,28.21,2297,2021-06-11 17:00:00,APR
28.22,28.245,28.16,28.16,1271,2021-06-11 17:05:00,APR
28.12,28.12,28.02,28.07,800,2021-06-11 17:10:00,APR
28.055,28.1,28.03,28.0647,7231,2021-06-11 17:15:00,APR
28.095,28.095,28.06,28.08,1099,2021-06-11 17:20:00,APR
28.095,28.15,28.06,28.13,900,2021-06-11 17:25:00,APR
28.14,28.15,28.1,28.15,8780,2021-06-11 17:30:00,APR
28.155,28.2649,28.155,28.2649,1045,2021-06-11 17:35:00,APR
28.26,28.29,28.26,28.29,200,2021-06-11 17:40:00,APR
28.325,28.325,28.325,28.325,100,2021-06-11 17:45:00,APR
28.38,28.38,28.28,28.28,400,2021-06-11 17:50:00,APR
28.27,28.305,28.27,28.305,1192,2021-06-11 17:55:00,APR
28.305,28.31,28.27,28.31,400,2021-06-11 18:00:00,APR
28.32,28.47,28.32,28.42,1580,2021-06-11 18:05:00,APR
28.46,28.55,28.45,28.55,500,2021-06-11 18:10:00,APR
28.565,28.74,28.565,28.74,2622,2021-06-11 18:15:00,APR
28.64,28.74,28.56,28.56,1783,2021-06-11 18:20:00,APR
28.585,28.6207,28.585,28.6207,200,2021-06-11 18:25:00,APR
28.56,28.605,28.46,28.54,1000,2021-06-11 18:30:00,APR
28.481,28.4969,28.38,28.44,1349,2021-06-11 18:35:00,APR
28.29,28.3,28.29,28.3,200,2021-06-11 18:40:00,APR
28.3,28.4,28.3,28.335,300,2021-06-11 18:45:00,APR
28.29,28.335,28.29,28.33,400,2021-06-11 18:50:00,APR
28.29,28.38,28.29,28.375,1500,2021-06-11 18:55:00,APR
28.37,28.43,28.37,28.43,1368,2021-06-11 19:00:00,APR
28.44,28.64,28.43,28.59,4110,2021-06-11 19:05:00,APR
28.605,28.62,28.43,28.435,3586,2021-06-11 19:10:00,APR
28.43,28.4568,28.37,28.4568,1508,2021-06-11 19:15:00,APR
28.425,28.45,28.27,28.29,1400,2021-06-11 19:20:00,APR
28.3,28.33,28.22,28.22,2149,2021-06-11 19:25:00,APR
28.19,28.21,28.17,28.18,2702,2021-06-11 19:30:00,APR
28.18,28.24,28.18,28.22,2630,2021-06-11 19:35:00,APR
28.24,28.27,28.18,28.18,2742,2021-06-11 19:40:00,APR
28.17,28.18,28.02,28.02,3493,2021-06-11 19:45:00,APR
28.09,28.16,28.03,28.04,5013,2021-06-11 19:50:00,APR
28.05,28.06,27.82,27.95,15258,2021-06-11 19:55:00,APR
27.98,27.98,27.98,27.98,9766,2021-06-11 20:00:00,APR
28.47,28.47,28.47,28.47,100,2021-06-14 13:20:00,APR
27.91,27.91,27.91,27.91,238,2021-06-14 13:25:00,APR
27.86,28.38,27.85,28.145,5878,2021-06-14 13:30:00,APR
27.86,28.2793,27.85,28.095,1136,2021-06-14 13:35:00,APR
28.26,28.59,28.04,28.57,2216,2021-06-14 13:40:00,APR
28.08,28.58,28.08,28.36,2380,2021-06-14 13:45:00,APR
28.22,28.23,28.0,28.07,3073,2021-06-14 13:50:00,APR
28.0,28.03,27.91,27.97,2506,2021-06-14 13:55:00,APR
27.96,28.32,27.9,28.0,1470,2021-06-14 14:00:00,APR
28.14,28.27,28.11,28.26,2029,2021-06-14 14:05:00,APR
28.16,28.16,28.0,28.0,2570,2021-06-14 14:10:00,APR
28.0,28.01,27.94,27.97,2392,2021-06-14 14:15:00,APR
27.94,27.9664,27.8,27.805,2100,2021-06-14 14:20:00,APR
27.805,27.805,27.591,27.7477,2636,2021-06-14 14:25:00,APR
27.76,27.93,27.67,27.82,22863,2021-06-14 14:30:00,APR
27.73,27.82,27.68,27.82,700,2021-06-14 14:35:00,APR
27.785,27.825,27.7781,27.825,1608,2021-06-14 14:40:00,APR
27.88,27.88,27.73,27.762,4205,2021-06-14 14:45:00,APR
27.795,27.795,27.7,27.7041,10055,2021-06-14 14:50:00,APR
27.7,27.7235,27.31,27.31,2014,2021-06-14 14:55:00,APR
27.47,27.4722,27.295,27.295,2964,2021-06-14 15:00:00,APR
27.33,27.4885,27.32,27.43,800,2021-06-14 15:05:00,APR
27.43,27.43,27.375,27.375,400,2021-06-14 15:10:00,APR
27.33,27.35,27.2,27.275,3350,2021-06-14 15:15:00,APR
27.2,27.2,27.1,27.2,4578,2021-06-14 15:20:00,APR
27.22,27.22,27.12,27.13,1300,2021-06-14 15:25:00,APR
27.12,27.19,27.07,27.155,4070,2021-06-14 15:30:00,APR
27.155,27.29,27.155,27.28,3777,2021-06-14 15:35:00,APR
27.28,27.29,27.24,27.245,800,2021-06-14 15:40:00,APR
27.25,27.54,27.25,27.455,7300,2021-06-14 15:45:00,APR
27.47,27.485,27.41,27.43,2390,2021-06-14 15:50:00,APR
27.45,27.48,27.325,27.325,2700,2021-06-14 15:55:00,APR
27.4083,27.4083,27.33,27.37,1001,2021-06-14 16:00:00,APR
27.41,27.44,27.375,27.44,800,2021-06-14 16:05:00,APR
27.46,27.47,27.41,27.43,2526,2021-06-14 16:10:00,APR
27.46,27.46,27.34,27.395,3100,2021-06-14 16:15:00,APR
27.4,27.4,27.2414,27.37,1400,2021-06-14 16:20:00,APR
27.335,27.335,27.24,27.24,3800,2021-06-14 16:25:00,APR
27.24,27.31,27.235,27.285,3300,2021-06-14 16:30:00,APR
27.285,27.285,27.25,27.25,2823,2021-06-14 16:35:00,APR
27.28,27.28,27.2,27.2,608,2021-06-14 16:40:00,APR
27.2,27.37,27.19,27.32,2200,2021-06-14 16:45:00,APR
27.37,27.38,27.37,27.38,200,2021-06-14 16:50:00,APR
27.32,27.38,27.305,27.305,1017,2021-06-14 16:55:00,APR
27.26,27.36,27.19,27.36,3509,2021-06-14 17:00:00,APR
27.345,27.41,27.345,27.41,4789,2021-06-14 17:05:00,APR
27.41,27.42,27.35,27.35,5301,2021-06-14 17:10:00,APR
27.38,27.38,27.27,27.295,2229,2021-06-14 17:15:00,APR
27.295,27.32,27.27,27.28,3200,2021-06-14 17:20:00,APR
27.25,27.26,27.22,27.26,1300,2021-06-14 17:25:00,APR
27.29,27.29,27.29,27.29,100,2021-06-14 17:30:00,APR
27.23,27.41,27.23,27.37,5200,2021-06-14 17:35:00,APR
27.37,27.44,27.37,27.43,9728,2021-06-14 17:40:00,APR
27.445,27.445,27.23,27.36,15865,2021-06-14 17:45:00,APR
27.405,27.46,27.2,27.46,18041,2021-06-14 17:50:00,APR
27.505,27.505,27.4,27.4,1604,2021-06-14 17:55:00,APR
27.41,27.42,27.34,27.34,500,2021-06-14 18:00:00,APR
27.28,27.34,27.28,27.34,300,2021-06-14 18:05:00,APR
27.34,27.41,27.27,27.34,600,2021-06-14 18:10:00,APR
27.34,27.41,27.28,27.37,790,2021-06-14 18:15:00,APR
27.41,27.54,27.41,27.54,1100,2021-06-14 18:20:00,APR
27.61,27.61,27.4,27.44,3306,2021-06-14 18:25:00,APR
27.44,27.46,27.33,27.33,4813,2021-06-14 18:30:00,APR
27.37,27.39,27.31,27.31,2800,2021-06-14 18:35:00,APR
27.3194,27.36,27.31,27.36,1691,2021-06-14 18:40:00,APR
27.39,27.39,27.39,27.39,400,2021-06-14 18:45:00,APR
27.43,27.43,27.36,27.36,383,2021-06-14 18:50:00,APR
27.385,27.385,27.31,27.31,2567,2021-06-14 18:55:00,APR
27.29,27.34,27.25,27.34,2820,2021-06-14 19:00:00,APR
27.31,27.3153,27.11,27.13,2797,2021-06-14 19:05:00,APR
27.07,27.13,27.0,27.07,2296,2021-06-14 19:10:00,APR
27.12,27.12,27.02,27.06,1914,2021-06-14 19:15:00,APR
27.01,27.0794,26.9104,27.02,7056,2021-06-14 19:20:00,APR
27.03,27.03,26.93,26.97,1760,2021-06-14 19:25:00,APR
26.97,27.02,26.96,26.96,3226,2021-06-14 19:30:00,APR
26.93,27.0,26.85,26.92,10750,2021-06-14 19:35:00,APR
26.85,26.9418,26.82,26.84,5360,2021-06-14 19:40:00,APR
26.84,26.86,26.72,26.76,9022,2021-06-14 19:45:00,APR
26.78,27.05,26.78,27.0,22332,2021-06-14 19:50:00,APR
26.95,27.09,26.95,26.98,17364,2021-06-14 19:55:00,APR
27.0,27.0,27.0,27.0,65738,2021-06-14 20:00:00,APR
26.98,27.385,26.98,27.385,2988,2021-06-15 13:30:00,APR
27.2646,27.36,27.06,27.155,1600,2021-06-15 13:35:00,APR
27.1,27.24,26.9,26.9,6546,2021-06-15 13:40:00,APR
26.94,26.99,26.87,26.98,1061,2021-06-15 13:45:00,APR
27.09,27.18,27.09,27.09,300,2021-06-15 13:50:00,APR
27.14,27.355,27.14,27.265,9272,2021-06-15 13:55:00,APR
27.265,27.38,27.08,27.14,6383,2021-06-15 14:00:00,APR
27.1,27.1659,27.04,27.118,3878,2021-06-15 14:05:00,APR
27.18,27.18,27.1,27.1,1390,2021-06-15 14:10:00,APR
27.17,27.2136,27.14,27.2136,1372,2021-06-15 14:15:00,APR
27.24,27.3215,27.2217,27.305,1258,2021-06-15 14:20:00,APR
27.38,27.38,27.14,27.14,4456,2021-06-15 14:25:00,APR
27.12,27.21,27.12,27.21,1234,2021-06-15 14:30:00,APR
27.24,27.3,27.24,27.24,786,2021-06-15 14:35:00,APR
27.3,27.39,27.3,27.38,2934,2021-06-15 14:40:00,APR
27.3801,27.5,27.375,27.375,2687,2021-06-15 14:45:00,APR
27.31,27.31,27.3,27.3,200,2021-06-15 14:50:00,APR
27.36,27.36,27.36,27.36,100,2021-06-15 14:55:00,APR
27.36,27.4479,27.36,27.39,769,2021-06-15 15:00:00,APR
27.2925,27.2925,27.2925,27.2925,1000,2021-06-15 15:05:00,APR
27.45,27.47,27.37,27.47,3108,2021-06-15 15:10:00,APR
27.5,27.62,27.5,27.62,838,2021-06-15 15:15:00,APR
27.55,27.64,27.55,27.64,600,2021-06-15 15:20:00,APR
27.56,27.685,27.52,27.685,2821,2021-06-15 15:25:00,APR
27.69,27.69,27.69,27.69,100,2021-06-15 15:30:00,APR
27.6439,27.845,27.62,27.845,2085,2021-06-15 15:35:00,APR
27.719,27.719,27.719,27.719,100,2021-06-15 15:45:00,APR
27.81,27.91,27.81,27.91,1004,2021-06-15 15:50:00,APR
27.835,27.9136,27.835,27.87,1417,2021-06-15 15:55:00,APR
27.96,28.23,27.95,28.19,2586,2021-06-15 16:00:00,APR
28.17,28.17,28.1382,28.17,1125,2021-06-15 16:05:00,APR
28.17,28.17,28.17,28.17,100,2021-06-15 16:10:00,APR
28.17,28.25,28.15,28.245,700,2021-06-15 16:15:00,APR
28.16,28.225,28.055,28.055,1699,2021-06-15 16:20:00,APR
28.14,28.17,28.14,28.17,300,2021-06-15 16:25:00,APR
28.11,28.24,28.05,28.24,2958,2021-06-15 16:30:00,APR
28.17,28.37,28.17,28.33,3537,2021-06-15 16:35:00,APR
28.27,28.31,28.27,28.31,200,2021-06-15 16:40:00,APR
28.2621,28.2621,28.2621,28.2621,208,2021-06-15 16:45:00,APR
28.25,28.36,28.24,28.36,1881,2021-06-15 16:50:00,APR
28.43,28.43,28.43,28.43,100,2021-06-15 16:55:00,APR
28.29,28.29,28.29,28.29,300,2021-06-15 17:00:00,APR
28.255,28.48,28.255,28.48,1303,2021-06-15 17:10:00,APR
28.52,28.52,28.38,28.38,1389,2021-06-15 17:15:00,APR
28.42,28.42,28.42,28.42,100,2021-06-15 17:25:00,APR
28.325,28.345,28.23,28.265,2788,2021-06-15 17:30:00,APR
28.35,28.42,28.27,28.42,665,2021-06-15 17:35:00,APR
28.26,28.26,28.17,28.25,2039,2021-06-15 17:40:00,APR
28.285,28.285,28.285,28.285,100,2021-06-15 17:45:00,APR
28.26,28.42,28.26,28.34,922,2021-06-15 17:50:00,APR
28.42,28.42,28.42,28.42,100,2021-06-15 17:55:00,APR
28.41,28.41,28.25,28.25,7200,2021-06-15 18:00:00,APR
28.28,28.34,28.28,28.34,200,2021-06-15 18:05:00,APR
28.291,28.305,28.215,28.215,1550,2021-06-15 18:10:00,APR
28.2,28.25,28.17,28.1758,1320,2021-06-15 18:15:00,APR
28.25,28.25,28.21,28.24,443,2021-06-15 18:20:00,APR
28.2,28.24,28.03,28.03,1704,2021-06-15 18:25:00,APR
28.03,28.03,27.95,27.98,973,2021-06-15 18:30:00,APR
27.95,27.95,27.94,27.94,500,2021-06-15 18:35:00,APR
27.92,27.92,27.9,27.9,500,2021-06-15 18:40:00,APR
27.9,27.95,27.83,27.87,2364,2021-06-15 18:45:00,APR
27.87,28.01,27.86,27.87,1150,2021-06-15 18:50:00,APR
27.86,27.87,27.81,27.82,1146,2021-06-15 18:55:00,APR
27.84,27.84,27.67,27.7456,3890,2021-06-15 19:00:00,APR
27.68,27.8,27.62,27.62,2090,2021-06-15 19:05:00,APR
27.62,27.67,27.62,27.66,700,2021-06-15 19:10:00,APR
27.66,27.78,27.66,27.67,1383,2021-06-15 19:15:00,APR
27.67,27.69,27.525,27.525,2888,2021-06-15 19:20:00,APR
27.46,27.75,27.46,27.62,1821,2021-06-15 19:25:00,APR
27.63,27.63,27.41,27.43,6440,2021-06-15 19:30:00,APR
27.43,27.56,27.42,27.43,6562,2021-06-15 19:35:00,APR
27.43,27.54,27.41,27.441,4037,2021-06-15 19:40:00,APR
27.45,27.51,27.38,27.38,4631,2021-06-15 19:45:00,APR
27.43,27.5,27.41,27.48,12793,2021-06-15 19:50:00,APR
27.46,27.52,27.4,27.48,12141,2021-06-15 19:55:00,APR
27.5,27.5,27.5,27.5,24095,2021-06-15 20:00:00,APR
27.25,27.26,27.2,27.26,1588,2021-06-16 13:30:00,APR
27.28,27.33,27.28,27.33,219,2021-06-16 13:40:00,APR
27.11,27.215,27.11,27.11,800,2021-06-16 13:45:00,APR
27.12,27.3,27.07,27.15,2992,2021-06-16 13:50:00,APR
27.11,27.1339,27.0,27.11,1382,2021-06-16 13:55:00,APR
27.0,27.15,26.91,27.06,5858,2021-06-16 14:00:00,APR
26.91,27.075,26.91,27.05,3195,2021-06-16 14:05:00,APR
27.12,27.16,26.925,27.025,3900,2021-06-16 14:10:00,APR
26.965,27.12,26.96,27.06,8170,2021-06-16 14:15:00,APR
27.06,27.15,27.0,27.15,8336,2021-06-16 14:20:00,APR
27.13,27.37,27.01,27.37,7586,2021-06-16 14:25:00,APR
27.235,27.44,27.13,27.385,9885,2021-06-16 14:30:00,APR
27.4512,27.51,27.29,27.3,9451,2021-06-16 14:35:00,APR
27.32,27.71,27.32,27.63,18691,2021-06-16 14:40:00,APR
27.63,27.78,27.6046,27.6705,3471,2021-06-16 14:45:00,APR
27.65,27.77,27.47,27.52,4762,2021-06-16 14:50:00,APR
27.68,27.68,27.4,27.445,5270,2021-06-16 14:55:00,APR
27.51,27.57,27.4805,27.515,2247,2021-06-16 15:00:00,APR
27.56,27.56,27.325,27.4,3437,2021-06-16 15:05:00,APR
27.4,27.49,27.4,27.49,2203,2021-06-16 15:10:00,APR
27.51,27.54,27.39,27.54,6610,2021-06-16 15:15:00,APR
27.485,27.53,27.32,27.32,6054,2021-06-16 15:20:00,APR
27.23,27.43,27.23,27.32,1680,2021-06-16 15:25:00,APR
27.4,27.4,27.24,27.315,2700,2021-06-16 15:30:00,APR
27.39,27.39,27.06,27.2203,3650,2021-06-16 15:35:00,APR
27.23,27.23,27.055,27.15,2966,2021-06-16 15:40:00,APR
27.23,27.23,27.141,27.175,3464,2021-06-16 15:45:00,APR
27.21,27.405,27.175,27.285,4700,2021-06-16 15:50:00,APR
27.32,27.35,27.155,27.2,3150,2021-06-16 15:55:00,APR
27.24,27.25,27.14,27.14,1700,2021-06-16 16:00:00,APR
27.14,27.24,27.1,27.18,2846,2021-06-16 16:05:00,APR
27.17,27.18,27.14,27.16,2248,2021-06-16 16:10:00,APR
27.16,27.16,26.95,27.02,2119,2021-06-16 16:15:00,APR
27.02,27.09,26.905,26.905,3175,2021-06-16 16:20:00,APR
26.87,26.93,26.87,26.91,1200,2021-06-16 16:25:00,APR
26.89,26.89,26.72,26.7201,2695,2021-06-16 16:30:00,APR
26.85,26.85,26.555,26.695,9711,2021-06-16 16:35:00,APR
26.695,26.91,26.66,26.73,2600,2021-06-16 16:40:00,APR
26.8,26.8,26.4,26.68,6450,2021-06-16 16:45:00,APR
26.77,26.79,26.495,26.605,2500,2021-06-16 16:50:00,APR
26.71,26.9,26.61,26.63,3055,2021-06-16 16:55:00,APR
26.71,26.71,26.5,26.545,3329,2021-06-16 17:00:00,APR
26.59,26.62,26.5,26.5734,2936,2021-06-16 17:05:00,APR
26.58,26.6,26.52,26.55,2018,2021-06-16 17:10:00,APR
26.55,26.55,26.305,26.46,4912,2021-06-16 17:15:00,APR
26.44,26.45,26.37,26.41,1609,2021-06-16 17:20:00,APR
26.44,26.44,26.35,26.37,2357,2021-06-16 17:25:00,APR
26.39,26.7,26.39,26.59,8022,2021-06-16 17:30:00,APR
26.68,26.69,26.56,26.615,2100,2021-06-16 17:35:00,APR
26.65,26.65,26.47,26.545,2130,2021-06-16 17:40:00,APR
26.62,26.62,26.48,26.49,2000,2021-06-16 17:45:00,APR
26.56,26.58,26.47,26.505,2705,2021-06-16 17:50:00,APR
26.505,26.53,26.205,26.33,5279,2021-06-16 17:55:00,APR
26.275,26.5899,26.175,26.5899,8504,2021-06-16 18:00:00,APR
26.49,26.49,26.26,26.47,3605,2021-06-16 18:05:00,APR
26.445,26.49,26.3,26.3,2930,2021-06-16 18:10:00,APR
26.315,26.35,26.115,26.32,3272,2021-06-16 18:15:00,APR
26.22,26.39,26.2,26.35,6400,2021-06-16 18:20:00,APR
26.29,26.38,26.28,26.355,3076,2021-06-16 18:25:00,APR
26.35,26.55,26.27,26.55,6604,2021-06-16 18:30:00,APR
26.485,26.67,26.3373,26.67,5589,2021-06-16 18:35:00,APR
26.57,26.66,26.36,26.44,6414,2021-06-16 18:40:00,APR
26.44,26.52,26.44,26.48,1760,2021-06-16 18:45:00,APR
26.46,26.58,26.41,26.53,4941,2021-06-16 18:50:00,APR
26.55,26.59,26.54,26.555,800,2021-06-16 18:55:00,APR
26.555,26.58,26.49,26.5,1845,2021-06-16 19:00:00,APR
26.5,26.52,26.34,26.52,5357,2021-06-16 19:05:00,APR
26.44,26.605,26.435,26.58,3029,2021-06-16 19:10:00,APR
26.5,26.59,26.47,26.48,1700,2021-06-16 19:15:00,APR
26.425,26.59,26.34,26.555,11850,2021-06-16 19:20:00,APR
26.55,26.58,26.505,26.58,5237,2021-06-16 19:25:00,APR
26.52,26.58,26.5,26.58,2100,2021-06-16 19:30:00,APR
26.55,26.58,26.47,26.49,2598,2021-06-16 19:35:00,APR
26.525,26.66,26.5,26.62,3213,2021-06-16 19:40:00,APR
26.625,26.63,26.515,26.515,3100,2021-06-16 19:45:00,APR
26.55,26.7,26.55,26.68,7718,2021-06-16 19:50:00,APR
26.72,26.75,26.67,26.671,7667,2021-06-16 19:55:00,APR
26.74,26.74,26.74,26.74,43555,2021-06-16 20:00:00,APR
26.53,26.53,26.53,26.53,100,2021-06-16 20:05:00,APR
26.96,26.96,26.48,26.48,1987,2021-06-17 13:30:00,APR
26.75,26.75,26.75,26.75,100,2021-06-17 13:45:00,APR
26.61,26.71,26.36,26.495,2647,2021-06-17 13:50:00,APR
26.6,26.62,26.37,26.49,2200,2021-06-17 13:55:00,APR
26.62,26.62,26.39,26.57,1300,2021-06-17 14:00:00,APR
26.5,26.69,26.42,26.67,4533,2021-06-17 14:05:00,APR
26.69,26.97,26.6,26.95,2020,2021-06-17 14:10:00,APR
26.96,26.96,26.7448,26.81,1133,2021-06-17 14:15:00,APR
26.8,26.91,26.71,26.79,1400,2021-06-17 14:20:00,APR
26.7,26.91,26.6,26.78,3053,2021-06-17 14:25:00,APR
26.59,26.79,26.59,26.695,6346,2021-06-17 14:30:00,APR
26.695,26.8,26.695,26.755,2100,2021-06-17 14:35:00,APR
26.73,26.87,26.72,26.815,2941,2021-06-17 14:40:00,APR
26.82,26.82,26.605,26.64,2913,2021-06-17 14:45:00,APR
26.66,26.77,26.63,26.65,3204,2021-06-17 14:50:00,APR
26.76,26.76,26.44,26.48,10307,2021-06-17 14:55:00,APR
26.5,26.52,26.485,26.49,2037,2021-06-17 15:00:00,APR
26.49,26.49,26.465,26.465,900,2021-06-17 15:05:00,APR
26.43,26.4825,26.2,26.29,9326,2021-06-17 15:10:00,APR
26.22,26.27,26.215,26.27,4142,2021-06-17 15:15:00,APR
26.25,26.29,26.215,26.25,5173,2021-06-17 15:20:00,APR
26.24,26.26,26.18,26.18,2717,2021-06-17 15:25:00,APR
26.22,26.43,26.18,26.28,6106,2021-06-17 15:30:00,APR
26.32,26.33,26.265,26.31,3939,2021-06-17 15:35:00,APR
26.27,26.3,26.06,26.08,7006,2021-06-17 15:40:00,APR
26.08,26.25,26.08,26.125,2056,2021-06-17 15:45:00,APR
26.14,26.27,26.14,26.25,2400,2021-06-17 15:50:00,APR
26.25,26.29,26.06,26.26,1800,2021-06-17 15:55:00,APR
26.25,26.26,25.995,25.995,3439,2021-06-17 16:00:00,APR
26.09,26.09,25.89,26.03,2200,2021-06-17 16:05:00,APR
26.04,26.05,25.8,25.81,3264,2021-06-17 16:10:00,APR
25.85,25.9,25.61,25.665,5716,2021-06-17 16:15:00,APR
25.5801,25.91,25.5801,25.82,1900,2021-06-17 16:20:00,APR
25.91,25.91,25.65,25.7684,2600,2021-06-17 16:25:00,APR
25.75,25.75,25.67,25.67,2000,2021-06-17 16:30:00,APR
25.63,25.75,25.63,25.68,2700,2021-06-17 16:35:00,APR
25.68,25.76,25.62,25.635,1500,2021-06-17 16:40:00,APR
25.635,25.635,25.47,25.5,11544,2021-06-17 16:45:00,APR
25.495,25.58,25.46,25.575,4908,2021-06-17 16:50:00,APR
25.58,25.64,25.495,25.5,3840,2021-06-17 16:55:00,APR
25.53,25.61,25.49,25.498,7862,2021-06-17 17:00:00,APR
25.49,25.54,25.47,25.5,5845,2021-06-17 17:05:00,APR
25.495,25.65,25.495,25.65,4300,2021-06-17 17:10:00,APR
25.68,25.79,25.68,25.745,3100,2021-06-17 17:15:00,APR
25.68,25.93,25.68,25.8,2600,2021-06-17 17:20:00,APR
25.87,26.0,25.77,25.86,2900,2021-06-17 17:25:00,APR
25.96,25.97,25.82,25.9195,2235,2021-06-17 17:30:00,APR
25.96,26.2,25.905,26.0225,2100,2021-06-17 17:35:00,APR
25.995,26.1,25.985,25.985,9900,2021-06-17 17:40:00,APR
26.03,26.03,25.985,25.985,1600,2021-06-17 17:45:00,APR
26.01,26.01,25.9519,25.9519,1900,2021-06-17 17:50:00,APR
26.0,26.0876,25.93,26.02,3957,2021-06-17 17:55:00,APR
26.03,26.03,25.985,25.985,2200,2021-06-17 18:00:00,APR
26.02,26.22,25.985,26.11,15043,2021-06-17 18:05:00,APR
26.21,26.22,26.1,26.14,2500,2021-06-17 18:10:00,APR
26.24,26.24,26.05,26.095,3922,2021-06-17 18:15:00,APR
26.12,26.12,25.985,26.015,4528,2021-06-17 18:20:00,APR
26.03,26.03,25.95,26.02,2367,2021-06-17 18:25:00,APR
25.955,26.0,25.945,25.98,2200,2021-06-17 18:30:00,APR
25.945,25.98,25.84,25.94,3241,2021-06-17 18:35:00,APR
25.9,25.99,25.9,25.98,2200,2021-06-17 18:40:00,APR
25.945,26.1,25.945,26.01,7300,2021-06-17 18:45:00,APR
25.984,26.01,25.94,25.96,2634,2021-06-17 18:50:00,APR
25.955,26.01,25.91,26.0,1500,2021-06-17 18:55:00,APR
25.95,26.09,25.95,26.09,2696,2021-06-17 19:00:00,APR
26.08,26.08,25.98,26.03,6073,2021-06-17 19:05:00,APR
26.01,26.02,25.96,25.99,4000,2021-06-17 19:10:00,APR
25.995,26.0225,25.975,26.0,4615,2021-06-17 19:15:00,APR
26.02,26.26,25.99,26.26,3300,2021-06-17 19:20:00,APR
26.25,26.4,26.08,26.2,4461,2021-06-17 19:25:00,APR
26.1201,26.39,26.1201,26.38,3094,2021-06-17 19:30:00,APR
26.3,26.39,26.2,26.39,1920,2021-06-17 19:35:00,APR
26.24,26.38,26.115,26.24,3876,2021-06-17 19:40:00,APR
26.26,26.26,26.205,26.21,1300,2021-06-17 19:45:00,APR
26.32,26.54,26.25,26.495,9245,2021-06-17 19:50:00,APR
26.56,26.63,26.505,26.59,20511,2021-06-17 19:55:00,APR
26.63,26.63,26.63,26.63,52865,2021-06-17 20:00:00,APR
26.63,26.63,26.63,26.63,1400,2021-06-17 20:05:00,APR
26.63,26.63,26.63,26.63,664,2021-06-17 21:15:00,APR
26.23,26.31,26.23,26.25,706,2021-06-18 13:25:00,APR
26.37,26.37,26.36,26.36,9909,2021-06-18 13:30:00,APR
26.33,26.33,26.33,26.33,100,2021-06-18 13:45:00,APR
26.22,26.22,26.2,26.2,300,2021-06-18 13:50:00,APR
26.11,26.21,26.04,26.21,490,2021-06-18 13:55:00,APR
26.18,26.27,26.13,26.27,1100,2021-06-18 14:00:00,APR
26.195,26.195,25.785,25.785,3409,2021-06-18 14:05:00,APR
25.93,26.03,25.84,25.88,9817,2021-06-18 14:10:00,APR
25.88,25.96,25.73,25.73,1796,2021-06-18 14:15:00,APR
25.72,25.78,25.671,25.745,2300,2021-06-18 14:20:00,APR
25.65,25.67,25.65,25.65,600,2021-06-18 14:25:00,APR
25.63,25.65,25.58,25.61,900,2021-06-18 14:30:00,APR
25.66,25.67,25.64,25.64,1556,2021-06-18 14:35:00,APR
25.635,25.72,25.5888,25.6791,961,2021-06-18 14:40:00,APR
25.625,25.65,25.62,25.645,400,2021-06-18 14:45:00,APR
25.5901,25.645,25.44,25.44,1793,2021-06-18 14:50:00,APR
25.495,25.55,25.495,25.55,300,2021-06-18 14:55:00,APR
25.5202,25.5513,25.34,25.44,1831,2021-06-18 15:00:00,APR
25.36,25.3805,25.25,25.3255,3279,2021-06-18 15:05:00,APR
25.4044,25.4499,25.27,25.27,600,2021-06-18 15:10:00,APR
25.355,25.355,25.205,25.255,1040,2021-06-18 15:15:00,APR
25.21,25.29,25.21,25.27,600,2021-06-18 15:20:00,APR
25.205,25.205,25.03,25.03,1100,2021-06-18 15:25:00,APR
25.12,25.29,25.12,25.23,2969,2021-06-18 15:30:00,APR
25.3,25.47,25.3,25.395,1033,2021-06-18 15:35:00,APR
25.44,25.47,25.381,25.381,600,2021-06-18 15:40:00,APR
25.3376,25.56,25.3376,25.55,1578,2021-06-18 15:45:00,APR
25.63,25.76,25.52,25.6523,1357,2021-06-18 15:50:00,APR
25.72,25.725,25.645,25.71,500,2021-06-18 15:55:00,APR
25.7,25.7,25.5,25.5,1790,2021-06-18 16:00:00,APR
25.525,25.58,25.515,25.58,400,2021-06-18 16:05:00,APR
25.57,25.64,25.57,25.64,400,2021-06-18 16:10:00,APR
25.64,25.64,25.52,25.63,400,2021-06-18 16:15:00,APR
25.6,25.66,25.56,25.58,3749,2021-06-18 16:20:00,APR
25.595,25.69,25.595,25.69,800,2021-06-18 16:25:00,APR
25.75,25.75,25.65,25.66,900,2021-06-18 16:30:00,APR
25.67,25.85,25.67,25.85,1301,2021-06-18 16:35:00,APR
25.78,25.85,25.78,25.79,500,2021-06-18 16:40:00,APR
25.74,25.79,25.74,25.79,400,2021-06-18 16:45:00,APR
25.8,25.995,25.78,25.995,1518,2021-06-18 16:50:00,APR
26.0,26.0,25.76,25.905,700,2021-06-18 16:55:00,APR
25.975,25.98,25.78,25.78,700,2021-06-18 17:00:00,APR
25.81,25.83,25.73,25.73,3400,2021-06-18 17:05:00,APR
25.875,25.875,25.87,25.87,300,2021-06-18 17:10:00,APR
25.88,25.94,25.86,25.86,1495,2021-06-18 17:15:00,APR
25.99,25.99,25.77,25.77,400,2021-06-18 17:20:00,APR
25.835,25.975,25.8051,25.915,1000,2021-06-18 17:25:00,APR
25.925,25.98,25.855,25.98,600,2021-06-18 17:30:00,APR
25.89,26.0206,25.89,26.0206,2222,2021-06-18 17:35:00,APR
26.0,26.101,26.0,26.073,1700,2021-06-18 17:40:00,APR
26.0,26.0,25.91,25.91,820,2021-06-18 17:45:00,APR
25.955,25.97,25.9207,25.97,621,2021-06-18 17:50:00,APR
26.01,26.07,25.9887,26.0219,2196,2021-06-18 17:55:00,APR
26.0,26.06,25.96,26.06,1030,2021-06-18 18:00:00,APR
26.08,26.085,26.02,26.05,500,2021-06-18 18:05:00,APR
26.1,26.1,26.05,26.085,900,2021-06-18 18:15:00,APR
26.115,26.115,26.115,26.115,100,2021-06-18 18:20:00,APR
26.155,26.155,26.09,26.09,300,2021-06-18 18:25:00,APR
26.09,26.09,26.09,26.09,300,2021-06-18 18:30:00,APR
26.08,26.08,26.05,26.05,366,2021-06-18 18:35:00,APR
26.05,26.13,26.0,26.13,3495,2021-06-18 18:40:00,APR
26.11,26.16,26.08,26.08,700,2021-06-18 18:45:00,APR
26.08,26.12,26.05,26.05,900,2021-06-18 18:50:00,APR
26.05,26.05,26.04,26.04,500,2021-06-18 18:55:00,APR
26.03,26.03,25.93,25.95,2000,2021-06-18 19:00:00,APR
25.965,26.02,25.905,26.02,947,2021-06-18 19:05:00,APR
26.07,26.1,26.07,26.07,400,2021-06-18 19:10:00,APR
26.07,26.23,26.07,26.1846,563,2021-06-18 19:15:00,APR
26.23,26.25,26.15,26.18,3058,2021-06-18 19:20:00,APR
26.2,26.2,26.07,26.135,812,2021-06-18 19:25:00,APR
26.09,26.139,26.085,26.139,1351,2021-06-18 19:30:00,APR
26.09,26.09,26.03,26.085,1200,2021-06-18 19:35:00,APR
26.07,26.1,26.07,26.08,1310,2021-06-18 19:40:00,APR
26.04,26.08,25.955,26.04,3234,2021-06-18 19:45:00,APR
26.11,26.5,26.075,26.5,16781,2021-06-18 19:50:00,APR
26.4,26.49,26.255,26.32,17701,2021-06-18 19:55:00,APR
26.38,26.38,26.38,26.38,64477,2021-06-18 20:00:00,APR
26.47,26.56,26.4639,26.4639,1543,2021-06-21 13:30:00,APR
26.34,26.54,26.245,26.54,5700,2021-06-21 13:35:00,APR
26.4868,26.51,26.42,26.42,500,2021-06-21 13:40:00,APR
26.42,26.58,26.395,26.58,1000,2021-06-21 13:45:00,APR
26.547,26.62,26.38,26.5015,6982,2021-06-21 13:50:00,APR
26.4,26.5,26.17,26.5,800,2021-06-21 13:55:00,APR
26.505,26.5794,26.365,26.47,520,2021-06-21 14:00:00,APR
26.58,26.71,26.53,26.535,1860,2021-06-21 14:05:00,APR
26.63,26.645,26.62,26.645,700,2021-06-21 14:10:00,APR
26.55,26.56,26.5,26.56,300,2021-06-21 14:15:00,APR
26.56,26.56,26.56,26.56,200,2021-06-21 14:20:00,APR
26.55,26.74,26.4492,26.615,3008,2021-06-21 14:25:00,APR
26.61,26.82,26.515,26.74,2105,2021-06-21 14:30:00,APR
26.53,26.76,26.53,26.57,2500,2021-06-21 14:35:00,APR
26.57,26.88,26.49,26.665,3016,2021-06-21 14:40:00,APR
26.67,26.88,26.67,26.75,3346,2021-06-21 14:45:00,APR
26.75,26.78,26.695,26.715,2000,2021-06-21 14:50:00,APR
26.705,26.77,26.635,26.635,3274,2021-06-21 14:55:00,APR
26.66,26.75,26.585,26.615,3138,2021-06-21 15:00:00,APR
26.615,26.69,26.54,26.64,4315,2021-06-21 15:05:00,APR
26.635,26.71,26.5708,26.6,2401,2021-06-21 15:10:00,APR
26.65,26.72,26.62,26.72,5196,2021-06-21 15:15:00,APR
26.719,26.83,26.71,26.77,3200,2021-06-21 15:20:00,APR
26.83,26.919,26.77,26.9,2800,2021-06-21 15:25:00,APR
26.9,27.0349,26.885,27.0349,5514,2021-06-21 15:30:00,APR
26.965,27.09,26.95,27.03,2331,2021-06-21 15:35:00,APR
27.045,27.12,27.03,27.035,3604,2021-06-21 15:40:00,APR
27.035,27.19,26.99,27.145,4032,2021-06-21 15:45:00,APR
27.19,27.38,27.14,27.19,5963,2021-06-21 15:50:00,APR
27.27,27.28,27.17,27.17,7797,2021-06-21 15:55:00,APR
27.189,27.31,27.17,27.29,3600,2021-06-21 16:00:00,APR
27.295,27.32,27.205,27.23,1317,2021-06-21 16:05:00,APR
27.22,27.3,27.075,27.155,6238,2021-06-21 16:10:00,APR
27.155,27.32,27.15,27.245,4000,2021-06-21 16:15:00,APR
27.22,27.37,27.13,27.3599,2852,2021-06-21 16:20:00,APR
27.275,27.36,27.215,27.215,2300,2021-06-21 16:25:00,APR
27.205,27.29,27.195,27.215,4821,2021-06-21 16:30:00,APR
27.16,27.35,27.16,27.175,4461,2021-06-21 16:35:00,APR
27.23,27.25,27.18,27.18,2100,2021-06-21 16:40:00,APR
27.17,27.29,27.17,27.215,3700,2021-06-21 16:45:00,APR
27.215,27.25,27.1986,27.215,1400,2021-06-21 16:50:00,APR
27.24,27.26,27.205,27.205,2400,2021-06-21 16:55:00,APR
27.15,27.26,27.15,27.205,1500,2021-06-21 17:00:00,APR
27.21,27.23,27.14,27.22,5926,2021-06-21 17:05:00,APR
27.22,27.24,27.15,27.23,2910,2021-06-21 17:10:00,APR
27.205,27.24,27.195,27.2,2494,2021-06-21 17:15:00,APR
27.1501,27.2,27.1501,27.17,2205,2021-06-21 17:20:00,APR
27.21,27.21,27.04,27.09,1500,2021-06-21 17:25:00,APR
27.08,27.14,26.89,26.895,3452,2021-06-21 17:30:00,APR
26.92,26.98,26.885,26.98,2100,2021-06-21 17:35:00,APR
27.03,27.08,26.93,26.955,3200,2021-06-21 17:40:00,APR
27.05,27.05,26.69,26.79,2500,2021-06-21 17:45:00,APR
26.74,26.78,26.585,26.62,4440,2021-06-21 17:50:00,APR
26.62,26.62,26.31,26.365,3076,2021-06-21 17:55:00,APR
26.365,26.64,26.355,26.445,5204,2021-06-21 18:00:00,APR
26.38,26.47,26.36,26.45,3000,2021-06-21 18:05:00,APR
26.45,26.5,26.4,26.41,1900,2021-06-21 18:10:00,APR
26.405,26.52,26.405,26.45,2700,2021-06-21 18:15:00,APR
26.44,26.54,26.28,26.54,3013,2021-06-21 18:20:00,APR
26.47,26.54,26.41,26.445,1300,2021-06-21 18:25:00,APR
26.52,26.52,26.18,26.22,3919,2021-06-21 18:30:00,APR
26.22,26.37,26.22,26.27,2459,2021-06-21 18:35:00,APR
26.27,26.435,26.265,26.365,3100,2021-06-21 18:40:00,APR
26.375,26.45,26.305,26.335,2700,2021-06-21 18:45:00,APR
26.31,26.37,26.25,26.305,2500,2021-06-21 18:50:00,APR
26.305,26.36,26.285,26.315,1000,2021-06-21 18:55:00,APR
26.35,26.36,26.3,26.33,1205,2021-06-21 19:00:00,APR
26.36,26.55,26.36,26.55,3748,2021-06-21 19:05:00,APR
26.52,26.6,26.52,26.525,900,2021-06-21 19:10:00,APR
26.515,26.58,26.3,26.3,2725,2021-06-21 19:15:00,APR
26.335,26.49,26.24,26.31,4107,2021-06-21 19:20:00,APR
26.35,26.36,26.28,26.285,2200,2021-06-21 19:25:00,APR
26.33,26.5,26.32,26.36,2600,2021-06-21 19:30:00,APR
26.36,26.6,26.36,26.515,3364,2021-06-21 19:35:00,APR
26.485,26.54,26.485,26.535,2559,2021-06-21 19:40:00,APR
26.555,26.62,26.445,26.51,4004,2021-06-21 19:45:00,APR
26.57,26.92,26.57,26.91,7093,2021-06-21 19:50:00,APR
26.9,26.96,26.64,26.74,29336,2021-06-21 19:55:00,APR
26.86,26.86,26.86,26.86,40110,2021-06-21 20:00:00,APR
26.76,26.76,26.395,26.395,1303,2021-06-22 13:30:00,APR
26.35,26.3546,26.19,26.25,770,2021-06-22 13:35:00,APR
26.195,26.195,26.19,26.19,200,2021-06-22 13:40:00,APR
26.18,26.26,26.18,26.26,300,2021-06-22 13:45:00,APR
26.175,26.175,26.175,26.175,300,2021-06-22 13:50:00,APR
26.07,26.175,26.07,26.175,200,2021-06-22 13:55:00,APR
25.975,26.28,25.975,26.215,873,2021-06-22 14:00:00,APR
26.31,26.56,26.28,26.56,1300,2021-06-22 14:05:00,APR
26.56,26.56,26.32,26.45,1800,2021-06-22 14:10:00,APR
26.55,26.8,26.52,26.58,2900,2021-06-22 14:15:00,APR
26.58,26.64,26.5,26.6,1400,2021-06-22 14:20:00,APR
26.64,26.64,26.5,26.64,1000,2021-06-22 14:25:00,APR
26.61,26.79,26.5901,26.625,4710,2021-06-22 14:30:00,APR
26.73,26.73,26.565,26.615,1806,2021-06-22 14:35:00,APR
26.615,26.67,26.585,26.615,1200,2021-06-22 14:40:00,APR
26.62,26.74,26.615,26.705,1500,2021-06-22 14:45:00,APR
26.74,26.83,26.69,26.77,4733,2021-06-22 14:50:00,APR
26.79,26.79,26.56,26.65,1800,2021-06-22 14:55:00,APR
26.75,26.75,26.605,26.65,3400,2021-06-22 15:00:00,APR
26.64,26.68,26.5001,26.59,3411,2021-06-22 15:05:00,APR
26.68,26.68,26.63,26.68,1729,2021-06-22 15:10:00,APR
26.7,26.72,26.7,26.72,500,2021-06-22 15:15:00,APR
26.605,26.72,26.605,26.635,1801,2021-06-22 15:20:00,APR
26.655,26.71,26.635,26.71,1900,2021-06-22 15:25:00,APR
26.66,26.68,26.57,26.6472,2622,2021-06-22 15:30:00,APR
26.6446,26.68,26.59,26.6363,2714,2021-06-22 15:35:00,APR
26.67,26.68,26.5615,26.64,2375,2021-06-22 15:40:00,APR
26.64,26.76,26.5325,26.69,7678,2021-06-22 15:45:00,APR
26.74,26.79,26.6414,26.78,2442,2021-06-22 15:50:00,APR
26.78,26.82,26.71,26.82,700,2021-06-22 15:55:00,APR
26.82,26.82,26.68,26.7221,2200,2021-06-22 16:00:00,APR
26.74,26.75,26.665,26.705,2754,2021-06-22 16:05:00,APR
26.73,26.8,26.675,26.8,4438,2021-06-22 16:10:00,APR
26.8,26.93,26.8,26.93,2554,2021-06-22 16:15:00,APR
26.94,26.95,26.81,26.8396,1200,2021-06-22 16:20:00,APR
26.89,26.94,26.76,26.94,3700,2021-06-22 16:25:00,APR
26.98,27.03,26.9,27.03,2067,2021-06-22 16:30:00,APR
27.03,27.03,26.93,26.94,2300,2021-06-22 16:35:00,APR
26.94,26.98,26.78,26.94,4500,2021-06-22 16:40:00,APR
26.96,26.96,26.805,26.93,1800,2021-06-22 16:45:00,APR
26.92,26.93,26.8325,26.88,1300,2021-06-22 16:50:00,APR
26.905,26.92,26.78,26.78,2137,2021-06-22 16:55:00,APR
26.86,26.86,26.75,26.805,3000,2021-06-22 17:00:00,APR
26.805,26.84,26.79,26.81,2400,2021-06-22 17:05:00,APR
26.83,26.83,26.78,26.81,1676,2021-06-22 17:10:00,APR
26.83,26.83,26.74,26.79,1800,2021-06-22 17:15:00,APR
26.74,26.76,26.69,26.73,1805,2021-06-22 17:20:00,APR
26.75,26.84,26.75,26.83,3827,2021-06-22 17:25:00,APR
26.85,26.85,26.82,26.85,3864,2021-06-22 17:30:00,APR
26.84,26.85,26.805,26.82,1300,2021-06-22 17:35:00,APR
26.795,26.83,26.77,26.8,2100,2021-06-22 17:40:00,APR
26.8,26.89,26.785,26.89,1604,2021-06-22 17:45:00,APR
26.89,26.92,26.885,26.92,900,2021-06-22 17:50:00,APR
26.91,27.01,26.885,27.0,2300,2021-06-22 17:55:00,APR
27.01,27.01,26.94,26.98,1700,2021-06-22 18:00:00,APR
26.98,26.99,26.94,26.97,1700,2021-06-22 18:05:00,APR
26.94,27.11,26.94,27.11,3100,2021-06-22 18:10:00,APR
27.09,27.09,27.025,27.09,1100,2021-06-22 18:15:00,APR
27.05,27.1,27.05,27.09,2100,2021-06-22 18:20:00,APR
27.09,27.09,26.99,27.01,1600,2021-06-22 18:25:00,APR
26.955,27.01,26.935,26.98,1893,2021-06-22 18:30:00,APR
26.945,27.03,26.905,27.03,2905,2021-06-22 18:35:00,APR
27.03,27.03,26.94,27.01,1700,2021-06-22 18:40:00,APR
27.0,27.0,26.95,26.96,1300,2021-06-22 18:45:00,APR
26.955,26.99,26.905,26.99,1697,2021-06-22 18:50:00,APR
26.95,27.0,26.95,27.0,800,2021-06-22 18:55:00,APR
26.955,26.98,26.915,26.98,1600,2021-06-22 19:00:00,APR
26.99,26.99,26.94,26.95,800,2021-06-22 19:05:00,APR
26.905,26.96,26.905,26.96,1300,2021-06-22 19:10:00,APR
26.935,27.08,26.935,27.08,3749,2021-06-22 19:15:00,APR
27.06,27.06,26.99,27.0,900,2021-06-22 19:20:00,APR
27.0,27.01,26.94,26.99,1800,2021-06-22 19:25:00,APR
26.99,26.99,26.925,26.96,1411,2021-06-22 19:30:00,APR
26.925,26.96,26.89,26.9,2400,2021-06-22 19:35:00,APR
26.91,27.01,26.89,27.0,3968,2021-06-22 19:40:00,APR
27.0,27.0,26.93,26.98,1200,2021-06-22 19:45:00,APR
26.93,27.31,26.9,27.26,18090,2021-06-22 19:50:00,APR
27.27,27.28,27.04,27.04,9584,2021-06-22 19:55:00,APR
27.19,27.19,27.19,27.19,39774,2021-06-22 20:00:00,APR
27.21,27.308,27.1736,27.308,1229,2021-06-23 13:30:00,APR
27.21,27.21,27.02,27.21,400,2021-06-23 13:35:00,APR
27.055,27.26,27.055,27.26,400,2021-06-23 13:40:00,APR
27.31,27.31,27.17,27.25,700,2021-06-23 13:45:00,APR
27.15,27.24,27.065,27.065,800,2021-06-23 13:50:00,APR
27.08,27.08,27.075,27.075,500,2021-06-23 13:55:00,APR
27.03,27.15,27.03,27.1,1000,2021-06-23 14:00:00,APR
27.075,27.17,27.0375,27.125,3437,2021-06-23 14:05:00,APR
27.11,27.16,27.04,27.08,4100,2021-06-23 14:10:00,APR
27.035,27.035,27.035,27.035,100,2021-06-23 14:15:00,APR
27.0966,27.0966,27.04,27.04,1281,2021-06-23 14:20:00,APR
27.045,27.15,27.045,27.085,2700,2021-06-23 14:25:00,APR
27.13,27.175,27.11,27.175,1116,2021-06-23 14:30:00,APR
27.175,27.175,27.11,27.14,1000,2021-06-23 14:35:00,APR
27.1305,27.155,27.02,27.105,2531,2021-06-23 14:40:00,APR
27.12,27.145,27.12,27.145,461,2021-06-23 14:45:00,APR
27.045,27.18,27.04,27.06,600,2021-06-23 14:50:00,APR
27.08,27.17,27.03,27.14,4319,2021-06-23 14:55:00,APR
27.11,27.13,27.07,27.1296,7052,2021-06-23 15:00:00,APR
27.13,27.149,27.13,27.14,2500,2021-06-23 15:05:00,APR
27.155,27.155,27.155,27.155,200,2021-06-23 15:10:00,APR
27.115,27.155,27.115,27.155,200,2021-06-23 15:15:00,APR
27.18,27.18,27.125,27.13,300,2021-06-23 15:20:00,APR
27.18,27.18,27.18,27.18,100,2021-06-23 15:25:00,APR
27.2,27.2,27.12,27.12,600,2021-06-23 15:30:00,APR
27.16,27.21,27.16,27.205,900,2021-06-23 15:35:00,APR
27.15,27.195,27.15,27.155,300,2021-06-23 15:40:00,APR
27.195,27.31,27.195,27.21,9007,2021-06-23 15:45:00,APR
27.2145,27.26,27.17,27.17,525,2021-06-23 15:50:00,APR
27.23,27.23,27.2,27.205,400,2021-06-23 15:55:00,APR
27.17,27.175,27.065,27.065,906,2021-06-23 16:00:00,APR
27.085,27.175,27.085,27.175,400,2021-06-23 16:10:00,APR
27.12,27.2,27.12,27.2,500,2021-06-23 16:15:00,APR
27.13,27.21,27.13,27.19,600,2021-06-23 16:20:00,APR
27.23,27.23,27.21,27.21,300,2021-06-23 16:25:00,APR
27.185,27.21,27.1654,27.1654,400,2021-06-23 16:30:00,APR
27.115,27.16,27.115,27.16,200,2021-06-23 16:40:00,APR
27.135,27.2,27.135,27.19,300,2021-06-23 16:45:00,APR
27.13,27.21,27.13,27.21,1104,2021-06-23 16:50:00,APR
27.185,27.185,27.185,27.185,100,2021-06-23 16:55:00,APR
27.2,27.2,27.185,27.2,300,2021-06-23 17:00:00,APR
27.18,27.25,27.18,27.25,200,2021-06-23 17:05:00,APR
27.21,27.255,27.21,27.25,1115,2021-06-23 17:10:00,APR
27.25,27.25,27.25,27.25,500,2021-06-23 17:15:00,APR
27.215,27.36,27.215,27.315,2125,2021-06-23 17:20:00,APR
27.37,27.37,27.37,27.37,100,2021-06-23 17:25:00,APR
27.3,27.31,27.27,27.31,1049,2021-06-23 17:30:00,APR
27.31,27.37,27.29,27.36,3445,2021-06-23 17:35:00,APR
27.37,27.37,27.3,27.3,800,2021-06-23 17:40:00,APR
27.28,27.28,27.26,27.26,200,2021-06-23 17:45:00,APR
27.265,27.32,27.11,27.14,8200,2021-06-23 17:55:00,APR
27.15,27.31,27.14,27.31,2860,2021-06-23 18:00:00,APR
27.37,27.39,27.255,27.35,700,2021-06-23 18:10:00,APR
27.4,27.4,27.285,27.395,400,2021-06-23 18:15:00,APR
27.33,27.33,27.33,27.33,100,2021-06-23 18:20:00,APR
27.42,27.42,27.275,27.325,700,2021-06-23 18:25:00,APR
27.26,27.31,27.26,27.3,500,2021-06-23 18:30:00,APR
27.25,27.41,27.215,27.41,3300,2021-06-23 18:35:00,APR
27.325,27.36,27.325,27.355,523,2021-06-23 18:40:00,APR
27.285,27.34,27.285,27.34,200,2021-06-23 18:45:00,APR
27.28,27.34,27.28,27.34,270,2021-06-23 18:50:00,APR
27.34,27.5,27.34,27.5,2062,2021-06-23 18:55:00,APR
27.51,27.63,27.505,27.51,1200,2021-06-23 19:00:00,APR
27.5,27.5,27.5,27.5,100,2021-06-23 19:05:00,APR
27.49,27.54,27.47,27.54,1000,2021-06-23 19:10:00,APR
27.445,27.485,27.43,27.47,700,2021-06-23 19:15:00,APR
27.48,27.48,27.42,27.475,1600,2021-06-23 19:20:00,APR
27.4999,27.52,27.495,27.52,1502,2021-06-23 19:25:00,APR
27.54,27.62,27.505,27.59,1400,2021-06-23 19:30:00,APR
27.52,27.52,27.45,27.505,500,2021-06-23 19:35:00,APR
27.49,27.56,27.425,27.425,2011,2021-06-23 19:40:00,APR
27.46,27.46,27.38,27.425,1054,2021-06-23 19:45:00,APR
27.46,27.52,27.44,27.52,4200,2021-06-23 19:50:00,APR
27.48,27.59,27.46,27.46,10783,2021-06-23 19:55:00,APR
27.57,27.57,27.57,27.57,31284,2021-06-23 20:00:00,APR
27.71,27.71,27.71,27.71,461,2021-06-24 13:30:00,APR
27.8,27.8,27.6,27.6,1000,2021-06-24 13:35:00,APR
27.295,27.295,27.16,27.28,731,2021-06-24 13:40:00,APR
27.3,27.3,27.2,27.2,1900,2021-06-24 13:45:00,APR
27.2,27.695,27.2,27.695,1900,2021-06-24 13:50:00,APR
27.575,27.59,27.575,27.59,200,2021-06-24 13:55:00,APR
27.58,27.66,27.375,27.375,1300,2021-06-24 14:00:00,APR
27.4983,27.52,27.41,27.52,600,2021-06-24 14:05:00,APR
27.4,27.6,27.4,27.6,1000,2021-06-24 14:10:00,APR
27.6,27.71,27.6,27.71,1000,2021-06-24 14:15:00,APR
27.5972,27.61,27.525,27.525,300,2021-06-24 14:20:00,APR
27.535,27.7,27.535,27.5875,900,2021-06-24 14:25:00,APR
27.66,27.66,27.66,27.66,100,2021-06-24 14:30:00,APR
27.56,27.73,27.56,27.58,600,2021-06-24 14:35:00,APR
27.66,27.9458,27.66,27.76,2945,2021-06-24 14:40:00,APR
27.7,27.83,27.7,27.825,600,2021-06-24 14:45:00,APR
27.825,27.89,27.79,27.82,1200,2021-06-24 14:50:00,APR
27.87,27.92,27.865,27.92,758,2021-06-24 14:55:00,APR
27.92,27.92,27.905,27.92,1028,2021-06-24 15:00:00,APR
27.86,27.91,27.83,27.895,2900,2021-06-24 15:05:00,APR
27.9,27.97,27.82,27.905,2959,2021-06-24 15:15:00,APR
27.9,27.92,27.86,27.87,900,2021-06-24 15:20:00,APR
27.92,27.92,27.87,27.92,300,2021-06-24 15:25:00,APR
27.9532,27.9532,27.86,27.86,575,2021-06-24 15:30:00,APR
27.86,27.86,27.75,27.75,400,2021-06-24 15:35:00,APR
27.834,27.834,27.75,27.75,440,2021-06-24 15:40:00,APR
27.815,27.9,27.815,27.9,1000,2021-06-24 15:45:00,APR
27.935,27.935,27.87,27.87,500,2021-06-24 15:50:00,APR
27.86,27.91,27.7201,27.82,1000,2021-06-24 15:55:00,APR
27.82,27.835,27.76,27.82,500,2021-06-24 16:00:00,APR
27.8,28.0,27.8,28.0,6167,2021-06-24 16:05:00,APR
27.98,27.98,27.83,27.895,600,2021-06-24 16:10:00,APR
27.84,27.9407,27.84,27.9,700,2021-06-24 16:15:00,APR
27.91,27.98,27.91,27.945,600,2021-06-24 16:20:00,APR
27.92,27.92,27.775,27.89,850,2021-06-24 16:25:00,APR
27.9,27.9,27.79,27.79,300,2021-06-24 16:30:00,APR
27.835,27.855,27.775,27.775,400,2021-06-24 16:35:00,APR
27.88,27.88,27.775,27.8,500,2021-06-24 16:40:00,APR
27.81,27.925,27.81,27.84,919,2021-06-24 16:45:00,APR
27.815,27.815,27.805,27.805,200,2021-06-24 16:50:00,APR
27.835,27.86,27.785,27.8,2919,2021-06-24 16:55:00,APR
27.81,27.89,27.79,27.88,1621,2021-06-24 17:00:00,APR
27.83,27.88,27.795,27.83,507,2021-06-24 17:05:00,APR
27.88,27.97,27.88,27.91,500,2021-06-24 17:10:00,APR
27.95,27.95,27.83,27.83,1118,2021-06-24 17:15:00,APR
27.89,28.0,27.855,27.95,3384,2021-06-24 17:20:00,APR
27.95,27.98,27.885,27.885,2058,2021-06-24 17:25:00,APR
27.907,27.97,27.8547,27.97,2588,2021-06-24 17:30:00,APR
27.9,27.97,27.9,27.95,1250,2021-06-24 17:35:00,APR
27.93,27.96,27.9,27.905,1090,2021-06-24 17:40:00,APR
27.88,27.94,27.88,27.935,800,2021-06-24 17:45:00,APR
27.895,27.95,27.895,27.9,400,2021-06-24 17:50:00,APR
27.95,27.95,27.91,27.93,500,2021-06-24 17:55:00,APR
27.95,27.97,27.89,27.9,1200,2021-06-24 18:00:00,APR
27.855,27.98,27.855,27.94,8364,2021-06-24 18:05:00,APR
27.98,28.0,27.94,27.98,5289,2021-06-24 18:10:00,APR
27.93,27.99,27.88,27.97,5129,2021-06-24 18:15:00,APR
27.98,27.99,27.915,27.915,13478,2021-06-24 18:20:00,APR
27.925,27.925,27.875,27.915,1300,2021-06-24 18:25:00,APR
27.91,27.95,27.91,27.925,3195,2021-06-24 18:30:00,APR
27.93,27.95,27.91,27.925,1400,2021-06-24 18:35:00,APR
27.95,27.97,27.935,27.95,7806,2021-06-24 18:40:00,APR
27.95,28.2694,27.93,28.19,8970,2021-06-24 18:45:00,APR
28.19,28.305,28.14,28.305,2411,2021-06-24 18:50:00,APR
28.41,28.49,28.38,28.42,768,2021-06-24 18:55:00,APR
28.385,28.385,28.35,28.35,800,2021-06-24 19:00:00,APR
28.37,28.39,28.315,28.38,1100,2021-06-24 19:05:00,APR
28.39,28.39,28.315,28.315,1200,2021-06-24 19:10:00,APR
28.39,28.4,28.325,28.4,900,2021-06-24 19:15:00,APR
28.372,28.4,28.243,28.345,5409,2021-06-24 19:20:00,APR
28.38,28.38,28.3,28.345,2400,2021-06-24 19:25:00,APR
28.35,28.595,28.35,28.485,8894,2021-06-24 19:30:00,APR
28.48,28.5,28.455,28.455,1050,2021-06-24 19:35:00,APR
28.47,28.64,28.47,28.575,3370,2021-06-24 19:40:00,APR
28.58,28.79,28.53,28.79,8876,2021-06-24 19:45:00,APR
28.79,29.15,28.71,29.11,18958,2021-06-24 19:50:00,APR
29.18,29.19,28.9,29.0,21920,2021-06-24 19:55:00,APR
29.02,29.02,29.02,29.02,28645,2021-06-24 20:00:00,APR
29.0,29.0,28.4497,28.4497,1449,2021-06-25 13:30:00,APR
28.33,28.62,28.295,28.575,700,2021-06-25 13:35:00,APR
28.86,28.86,28.27,28.285,600,2021-06-25 13:40:00,APR
28.5,28.5,28.23,28.23,500,2021-06-25 13:45:00,APR
28.203,28.34,28.01,28.01,1807,2021-06-25 13:50:00,APR
28.07,28.075,27.6,27.6,4214,2021-06-25 13:55:00,APR
27.87,27.87,27.62,27.71,1400,2021-06-25 14:00:00,APR
27.71,28.05,27.71,27.905,5183,2021-06-25 14:05:00,APR
27.905,28.04,27.71,27.74,4400,2021-06-25 14:10:00,APR
27.78,27.89,27.67,27.78,1200,2021-06-25 14:15:00,APR
27.88,28.07,27.805,28.025,6212,2021-06-25 14:20:00,APR
28.08,28.12,28.0,28.0,800,2021-06-25 14:25:00,APR
28.02,28.29,28.02,28.27,2660,2021-06-25 14:30:00,APR
28.19,28.25,28.0,28.01,3200,2021-06-25 14:35:00,APR
28.005,28.08,28.0,28.08,7285,2021-06-25 14:40:00,APR
28.1,28.1,28.0,28.04,1700,2021-06-25 14:45:00,APR
28.015,28.125,27.915,28.1,10375,2021-06-25 14:50:00,APR
28.08,28.21,28.0,28.18,7350,2021-06-25 14:55:00,APR
28.15,28.3,28.15,28.25,855,2021-06-25 15:00:00,APR
28.25,28.25,28.085,28.19,4148,2021-06-25 15:05:00,APR
28.06,28.135,28.06,28.06,1000,2021-06-25 15:10:00,APR
28.01,28.11,28.01,28.06,1103,2021-06-25 15:15:00,APR
28.01,28.07,28.0,28.07,2100,2021-06-25 15:20:00,APR
28.07,28.1,28.02,28.065,2410,2021-06-25 15:25:00,APR
28.03,28.11,28.015,28.045,1700,2021-06-25 15:30:00,APR
28.1,28.1,27.99,28.0799,3600,2021-06-25 15:35:00,APR
28.04,28.04,28.0,28.0199,2378,2021-06-25 15:40:00,APR
28.0,28.03,28.0,28.03,1802,2021-06-25 15:45:00,APR
28.005,28.025,27.93,27.97,2800,2021-06-25 15:50:00,APR
28.0,28.0,27.96,28.0,1400,2021-06-25 15:55:00,APR
28.0,28.05,27.9,28.0,9984,2021-06-25 16:00:00,APR
28.0,28.06,27.95,28.04,1890,2021-06-25 16:05:00,APR
28.06,28.06,27.98,28.02,2200,2021-06-25 16:10:00,APR
28.02,28.12,28.02,28.11,1998,2021-06-25 16:15:00,APR
28.12,28.21,28.09,28.21,4537,2021-06-25 16:20:00,APR
28.22,28.28,28.17,28.2,4329,2021-06-25 16:25:00,APR
28.2,28.288,28.15,28.2,3132,2021-06-25 16:30:00,APR
28.2,28.28,28.155,28.27,2000,2021-06-25 16:35:00,APR
28.2,28.28,28.2,28.25,2095,2021-06-25 16:40:00,APR
28.23,28.24,28.2,28.24,1710,2021-06-25 16:45:00,APR
28.205,28.29,28.205,28.235,9200,2021-06-25 16:50:00,APR
28.1975,28.24,28.19,28.205,2400,2021-06-25 16:55:00,APR
28.2,28.25,28.11,28.16,5765,2021-06-25 17:00:00,APR
28.15,28.18,28.0,28.0,1400,2021-06-25 17:05:00,APR
27.965,27.965,27.9,27.9,600,2021-06-25 17:10:00,APR
27.925,27.95,27.89,27.905,1829,2021-06-25 17:15:00,APR
27.92,28.0,27.92,27.92,1025,2021-06-25 17:20:00,APR
27.89,28.02,27.89,27.95,1334,2021-06-25 17:25:00,APR
27.95,27.95,27.84,27.8527,700,2021-06-25 17:30:00,APR
27.98,27.9886,27.58,27.58,1800,2021-06-25 17:35:00,APR
27.645,27.645,27.58,27.58,900,2021-06-25 17:40:00,APR
27.58,27.71,27.58,27.65,1100,2021-06-25 17:45:00,APR
27.6075,27.67,27.6075,27.63,800,2021-06-25 17:50:00,APR
27.63,27.77,27.62,27.77,8415,2021-06-25 17:55:00,APR
27.77,27.96,27.77,27.8,2800,2021-06-25 18:00:00,APR
27.75,27.88,27.69,27.805,11248,2021-06-25 18:05:00,APR
27.86,27.91,27.775,27.91,2939,2021-06-25 18:10:00,APR
27.875,27.875,27.69,27.715,4041,2021-06-25 18:15:00,APR
27.7394,27.74,27.61,27.61,2284,2021-06-25 18:20:00,APR
27.6,27.86,27.6,27.72,3908,2021-06-25 18:25:00,APR
27.77,27.78,27.68,27.77,1000,2021-06-25 18:30:00,APR
27.84,27.84,27.755,27.78,1100,2021-06-25 18:35:00,APR
27.78,27.78,27.7,27.78,400,2021-06-25 18:40:00,APR
27.78,27.78,27.65,27.65,600,2021-06-25 18:45:00,APR
27.695,27.75,27.625,27.75,1742,2021-06-25 18:50:00,APR
27.7128,27.93,27.7128,27.8365,8057,2021-06-25 18:55:00,APR
27.88,27.93,27.75,27.75,1350,2021-06-25 19:00:00,APR
27.87,27.91,27.78,27.91,1101,2021-06-25 19:05:00,APR
27.8504,27.94,27.765,27.94,1550,2021-06-25 19:10:00,APR
27.9254,27.969,27.87,27.969,2300,2021-06-25 19:15:00,APR
27.91,27.96,27.87,27.875,2390,2021-06-25 19:20:00,APR
27.8932,27.955,27.79,27.94,3521,2021-06-25 19:25:00,APR
27.97,27.98,27.91,27.935,1703,2021-06-25 19:30:00,APR
27.945,27.99,27.93,27.99,2550,2021-06-25 19:35:00,APR
27.96,27.99,27.83,27.83,6157,2021-06-25 19:40:00,APR
27.78,27.9,27.78,27.88,3100,2021-06-25 19:45:00,APR
27.9,28.25,27.87,28.25,19131,2021-06-25 19:50:00,APR
28.24,28.24,27.92,27.95,16394,2021-06-25 19:55:00,APR
27.98,27.98,27.98,27.98,103974,2021-06-25 20:00:00,APR
27.98,27.98,27.98,27.98,42800,2021-06-25 20:35:00,APR
28.02,28.41,28.02,28.41,1497,2021-06-28 13:30:00,APR
27.66,27.66,27.66,27.66,100,2021-06-28 13:35:00,APR
27.99,28.555,27.83,28.1,1200,2021-06-28 13:40:00,APR
27.85,27.93,27.81,27.93,500,2021-06-28 13:45:00,APR
27.76,27.8,27.76,27.8,200,2021-06-28 13:50:00,APR
27.78,27.8538,27.63,27.8538,500,2021-06-28 13:55:00,APR
27.76,27.78,27.76,27.78,200,2021-06-28 14:00:00,APR
27.9,27.9,27.9,27.9,100,2021-06-28 14:05:00,APR
27.8,27.8,27.74,27.74,575,2021-06-28 14:10:00,APR
27.78,27.82,27.78,27.82,600,2021-06-28 14:15:00,APR
27.765,27.765,27.765,27.765,100,2021-06-28 14:30:00,APR
27.82,27.86,27.6469,27.6469,1334,2021-06-28 14:35:00,APR
27.6,27.605,27.6,27.605,300,2021-06-28 14:55:00,APR
27.62,27.62,27.59,27.59,815,2021-06-28 15:05:00,APR
27.365,27.55,27.365,27.45,800,2021-06-28 15:10:00,APR
27.5504,27.5504,27.5504,27.5504,312,2021-06-28 15:15:00,APR
27.56,27.59,27.51,27.56,1158,2021-06-28 15:20:00,APR
27.535,27.535,27.44,27.44,694,2021-06-28 15:40:00,APR
27.52,27.632,27.496,27.514,1000,2021-06-28 15:55:00,APR
27.45,27.64,27.45,27.62,1960,2021-06-28 16:00:00,APR
27.55,27.55,27.55,27.55,100,2021-06-28 16:05:00,APR
27.545,27.545,27.46,27.46,200,2021-06-28 16:10:00,APR
27.535,27.535,27.455,27.535,500,2021-06-28 16:15:00,APR
27.55,27.55,27.55,27.55,111,2021-06-28 16:20:00,APR
27.45,27.45,27.4,27.4,1232,2021-06-28 16:30:00,APR
27.36,27.36,27.26,27.26,300,2021-06-28 16:35:00,APR
27.26,27.38,27.26,27.305,1216,2021-06-28 16:40:00,APR
27.32,27.35,27.25,27.25,500,2021-06-28 16:45:00,APR
27.27,27.27,27.27,27.27,200,2021-06-28 16:55:00,APR
27.24,27.31,27.14,27.26,1987,2021-06-28 17:00:00,APR
27.35,27.35,27.35,27.35,100,2021-06-28 17:05:00,APR
27.305,27.33,27.3,27.3,518,2021-06-28 17:20:00,APR
27.29,27.29,27.24,27.24,200,2021-06-28 17:25:00,APR
27.205,27.2136,27.205,27.2136,200,2021-06-28 17:30:00,APR
27.15,27.15,27.15,27.15,100,2021-06-28 17:35:00,APR
27.16,27.16,27.16,27.16,100,2021-06-28 17:40:00,APR
27.25,27.25,27.2,27.25,1000,2021-06-28 17:45:00,APR
27.26,27.28,27.16,27.27,700,2021-06-28 17:50:00,APR
27.27,27.27,27.27,27.27,100,2021-06-28 18:05:00,APR
27.215,27.26,27.16,27.26,317,2021-06-28 18:15:00,APR
27.17,27.21,27.17,27.21,200,2021-06-28 18:20:00,APR
27.21,27.31,27.21,27.31,4800,2021-06-28 18:25:00,APR
27.23,27.23,27.06,27.13,2533,2021-06-28 18:30:00,APR
27.18,27.18,27.06,27.06,300,2021-06-28 18:35:00,APR
27.1,27.1736,27.1,27.15,2300,2021-06-28 18:40:00,APR
27.167,27.29,27.167,27.2762,3150,2021-06-28 18:45:00,APR
27.32,27.52,27.245,27.52,8558,2021-06-28 18:55:00,APR
27.52,27.85,27.42,27.7076,5757,2021-06-28 19:00:00,APR
27.73,27.8,27.4,27.4,2640,2021-06-28 19:05:00,APR
27.53,27.66,27.485,27.485,900,2021-06-28 19:10:00,APR
27.6,27.63,27.38,27.38,2560,2021-06-28 19:15:00,APR
27.39,27.55,27.39,27.52,1548,2021-06-28 19:20:00,APR
27.5786,27.5786,27.42,27.49,1806,2021-06-28 19:25:00,APR
27.38,27.38,27.38,27.38,100,2021-06-28 19:30:00,APR
27.47,27.52,27.44,27.44,1100,2021-06-28 19:35:00,APR
27.51,27.52,27.46,27.47,2301,2021-06-28 19:40:00,APR
27.502,27.52,27.47,27.5,955,2021-06-28 19:45:00,APR
27.49,27.5,27.43,27.5,800,2021-06-28 19:50:00,APR
27.49,27.49,27.45,27.46,2147,2021-06-28 19:55:00,APR
27.46,27.46,27.46,27.46,12273,2021-06-28 20:00:00,APR
27.68,27.68,27.68,27.68,868,2021-06-29 13:30:00,APR
27.55,27.56,27.48,27.48,600,2021-06-29 13:45:00,APR
27.48,27.525,27.4375,27.44,800,2021-06-29 13:55:00,APR
27.545,27.545,27.525,27.525,222,2021-06-29 14:10:00,APR
27.535,27.54,27.4,27.4,47607,2021-06-29 14:15:00,APR
27.39,27.39,27.02,27.02,2875,2021-06-29 14:20:00,APR
27.065,27.19,27.065,27.18,900,2021-06-29 14:25:00,APR
27.16,27.235,27.16,27.235,500,2021-06-29 14:30:00,APR
27.235,27.235,27.205,27.205,800,2021-06-29 14:35:00,APR
27.32,27.382,27.24,27.24,917,2021-06-29 14:40:00,APR
27.15,27.21,27.15,27.18,1034,2021-06-29 14:50:00,APR
27.08,27.15,27.03,27.135,700,2021-06-29 14:55:00,APR
27.23,27.23,27.23,27.23,100,2021-06-29 15:00:00,APR
27.125,27.125,27.09,27.09,200,2021-06-29 15:05:00,APR
27.11,27.11,27.11,27.11,200,2021-06-29 15:10:00,APR
27.19,27.19,27.11,27.11,700,2021-06-29 15:15:00,APR
27.11,27.27,27.11,27.14,2166,2021-06-29 15:25:00,APR
27.125,27.125,27.105,27.105,200,2021-06-29 15:30:00,APR
27.1,27.1,27.1,27.1,100,2021-06-29 15:35:00,APR
27.12,27.26,27.11,27.155,2808,2021-06-29 15:40:00,APR
27.155,27.2,27.155,27.2,200,2021-06-29 15:45:00,APR
27.25,27.25,27.25,27.25,150,2021-06-29 15:50:00,APR
27.3219,27.35,27.26,27.26,300,2021-06-29 15:55:00,APR
27.39,27.39,27.39,27.39,176,2021-06-29 16:00:00,APR
27.24,27.27,27.24,27.27,300,2021-06-29 16:05:00,APR
27.3,27.38,27.27,27.36,1298,2021-06-29 16:15:00,APR
27.37,27.38,27.37,27.38,200,2021-06-29 16:20:00,APR
27.44,27.445,27.35,27.35,1200,2021-06-29 16:25:00,APR
27.4375,27.4375,27.4375,27.4375,100,2021-06-29 16:30:00,APR
27.28,27.28,27.28,27.28,100,2021-06-29 16:35:00,APR
27.211,27.395,27.211,27.36,818,2021-06-29 16:40:00,APR
27.21,27.21,27.21,27.21,100,2021-06-29 16:45:00,APR
27.22,27.34,27.22,27.34,300,2021-06-29 16:55:00,APR
27.255,27.255,27.2,27.2,200,2021-06-29 17:00:00,APR
27.19,27.19,27.15,27.165,500,2021-06-29 17:10:00,APR
27.23,27.23,27.175,27.175,200,2021-06-29 17:15:00,APR
27.175,27.175,27.175,27.175,300,2021-06-29 17:20:00,APR
27.15,27.2,27.1135,27.19,2358,2021-06-29 17:25:00,APR
27.18,27.28,27.18,27.2305,5030,2021-06-29 17:30:00,APR
27.25,27.32,27.25,27.32,200,2021-06-29 17:35:00,APR
27.22,27.22,27.22,27.22,100,2021-06-29 17:40:00,APR
27.23,27.23,27.22,27.22,1640,2021-06-29 17:45:00,APR
27.2,27.23,27.13,27.2241,1956,2021-06-29 17:50:00,APR
27.18,27.23,27.1301,27.1301,2610,2021-06-29 18:00:00,APR
27.205,27.28,27.18,27.24,2614,2021-06-29 18:05:00,APR
27.24,27.25,27.23,27.23,400,2021-06-29 18:10:00,APR
27.21,27.27,27.17,27.18,858,2021-06-29 18:20:00,APR
27.24,27.24,27.19,27.21,900,2021-06-29 18:25:00,APR
27.2,27.255,27.2,27.235,1812,2021-06-29 18:35:00,APR
27.23,27.25,27.23,27.25,200,2021-06-29 18:40:00,APR
27.25,27.31,27.22,27.31,1100,2021-06-29 18:50:00,APR
27.26,27.31,27.26,27.31,200,2021-06-29 18:55:00,APR
27.26,27.31,27.23,27.31,400,2021-06-29 19:00:00,APR
27.31,27.31,27.26,27.26,200,2021-06-29 19:05:00,APR
27.24,27.31,27.24,27.26,500,2021-06-29 19:10:00,APR
27.23,27.23,27.23,27.23,100,2021-06-29 19:15:00,APR
27.28,27.28,27.28,27.28,100,2021-06-29 19:20:00,APR
27.23,27.36,27.23,27.34,818,2021-06-29 19:25:00,APR
27.4,27.4,27.33,27.345,739,2021-06-29 19:30:00,APR
27.36,27.36,27.32,27.32,684,2021-06-29 19:35:00,APR
27.35,27.35,27.35,27.35,100,2021-06-29 19:40:00,APR
27.36,27.36,27.31,27.35,1175,2021-06-29 19:45:00,APR
27.44,27.5,27.34,27.44,4116,2021-06-29 19:50:00,APR
27.47,27.51,27.35,27.42,14521,2021-06-29 19:55:00,APR
27.45,27.45,27.45,27.45,7987,2021-06-29 20:00:00,APR
27.76,27.76,27.76,27.76,1050,2021-06-30 13:30:00,APR
27.2672,27.2672,27.2,27.2,200,2021-06-30 13:35:00,APR
27.52,27.52,27.255,27.255,200,2021-06-30 13:55:00,APR
27.495,27.495,27.495,27.495,100,2021-06-30 14:00:00,APR
27.51,27.73,27.51,27.73,500,2021-06-30 14:05:00,APR
27.72,27.72,27.38,27.38,600,2021-06-30 14:10:00,APR
27.44,27.66,27.44,27.66,1892,2021-06-30 14:15:00,APR
27.485,27.485,27.485,27.485,100,2021-06-30 14:20:00,APR
27.45,27.68,27.43,27.68,1243,2021-06-30 14:25:00,APR
27.58,27.59,27.58,27.58,500,2021-06-30 14:30:00,APR
27.64,27.74,27.63,27.74,2454,2021-06-30 14:35:00,APR
27.55,27.64,27.55,27.64,300,2021-06-30 14:40:00,APR
27.555,27.68,27.545,27.545,773,2021-06-30 14:45:00,APR
27.61,27.7,27.515,27.7,400,2021-06-30 14:50:00,APR
27.51,27.695,27.51,27.56,500,2021-06-30 14:55:00,APR
27.5625,27.5625,27.54,27.54,200,2021-06-30 15:00:00,APR
27.785,27.785,27.67,27.67,300,2021-06-30 15:05:00,APR
27.73,27.81,27.5525,27.81,1241,2021-06-30 15:10:00,APR
27.805,27.805,27.59,27.59,200,2021-06-30 15:15:00,APR
27.61,27.615,27.61,27.615,200,2021-06-30 15:20:00,APR
27.605,27.725,27.605,27.625,300,2021-06-30 15:25:00,APR
27.63,27.76,27.63,27.76,400,2021-06-30 15:30:00,APR
27.68,27.9,27.68,27.85,916,2021-06-30 15:35:00,APR
27.85,27.85,27.66,27.66,450,2021-06-30 15:40:00,APR
27.66,27.66,27.66,27.66,200,2021-06-30 15:45:00,APR
27.66,27.76,27.66,27.66,400,2021-06-30 15:50:00,APR
27.6871,27.79,27.66,27.79,401,2021-06-30 15:55:00,APR
27.81,27.83,27.75,27.75,300,2021-06-30 16:00:00,APR
27.78,27.865,27.7601,27.865,600,2021-06-30 16:05:00,APR
27.81,27.93,27.81,27.885,635,2021-06-30 16:10:00,APR
27.8,27.9,27.74,27.84,2105,2021-06-30 16:15:00,APR
27.81,27.99,27.8,27.88,700,2021-06-30 16:20:00,APR
27.84,27.84,27.84,27.84,100,2021-06-30 16:25:00,APR
27.97,27.97,27.8401,27.97,500,2021-06-30 16:30:00,APR
27.915,27.915,27.84,27.84,400,2021-06-30 16:35:00,APR
27.94,27.98,27.855,27.855,700,2021-06-30 16:40:00,APR
27.86,27.96,27.86,27.96,400,2021-06-30 16:45:00,APR
27.95,27.95,27.95,27.95,100,2021-06-30 16:50:00,APR
27.95,28.02,27.94,28.01,5462,2021-06-30 16:55:00,APR
27.97,27.97,27.94,27.94,800,2021-06-30 17:00:00,APR
27.94,27.94,27.94,27.94,200,2021-06-30 17:05:00,APR
27.94,27.94,27.94,27.94,200,2021-06-30 17:10:00,APR
27.94,28.0,27.94,28.0,1540,2021-06-30 17:15:00,APR
27.95,28.03,27.95,28.0,1825,2021-06-30 17:20:00,APR
27.93,27.96,27.93,27.96,300,2021-06-30 17:25:00,APR
28.0,28.03,27.96,27.9955,2100,2021-06-30 17:30:00,APR
27.99,27.99,27.9,27.9,700,2021-06-30 17:35:00,APR
27.95,28.0,27.9012,27.9653,2928,2021-06-30 17:40:00,APR
27.99,28.08,27.945,28.06,2340,2021-06-30 17:45:00,APR
27.945,28.09,27.93,27.93,4000,2021-06-30 17:50:00,APR
27.93,28.0,27.93,27.93,400,2021-06-30 17:55:00,APR
27.925,27.925,27.925,27.925,300,2021-06-30 18:00:00,APR
27.925,28.0,27.925,28.0,800,2021-06-30 18:05:00,APR
27.92,27.92,27.92,27.92,300,2021-06-30 18:10:00,APR
27.92,27.92,27.92,27.92,300,2021-06-30 18:15:00,APR
28.0,28.0,27.925,27.925,900,2021-06-30 18:20:00,APR
27.925,27.925,27.92,27.92,200,2021-06-30 18:25:00,APR
27.95,27.95,27.92,27.92,200,2021-06-30 18:30:00,APR
27.92,27.98,27.91,27.915,1200,2021-06-30 18:35:00,APR
27.83,27.9,27.83,27.895,400,2021-06-30 18:40:00,APR
27.89,27.94,27.89,27.911,800,2021-06-30 18:45:00,APR
27.91,27.91,27.885,27.885,300,2021-06-30 18:50:00,APR
27.885,27.95,27.885,27.895,500,2021-06-30 18:55:00,APR
27.89,27.95,27.875,27.95,900,2021-06-30 19:00:00,APR
27.97,27.97,27.97,27.97,100,2021-06-30 19:05:00,APR
27.94,27.968,27.88,27.88,1000,2021-06-30 19:10:00,APR
27.89,27.93,27.89,27.93,300,2021-06-30 19:15:00,APR
27.89,27.96,27.89,27.9,500,2021-06-30 19:20:00,APR
27.95,27.96,27.9,27.96,700,2021-06-30 19:25:00,APR
27.96,28.0,27.94,27.97,1790,2021-06-30 19:30:00,APR
28.0,28.01,27.995,28.0,403,2021-06-30 19:35:00,APR
28.0,28.0,27.88,27.92,1466,2021-06-30 19:40:00,APR
27.95,28.04,27.95,28.0,4375,2021-06-30 19:45:00,APR
27.98,28.01,27.89,28.0,2100,2021-06-30 19:50:00,APR
27.98,28.05,27.95,27.96,11916,2021-06-30 19:55:00,APR
28.0,28.0,27.88,28.0,8804,2021-06-30 20:00:00,APR
27.54,27.54,27.54,27.54,100,2021-06-30 20:05:00,APR
