open,high,low,close,volume,datetime,symbol
13.26,13.38,13.21,13.21,6038,2021-06-01 13:30:00,PASG
13.38,13.42,13.38,13.42,200,2021-06-01 13:35:00,PASG
13.2282,13.5,13.2282,13.5,725,2021-06-01 13:40:00,PASG
13.5,13.6674,13.43,13.44,4658,2021-06-01 13:45:00,PASG
13.44,13.52,13.33,13.435,3730,2021-06-01 13:55:00,PASG
13.51,13.58,13.41,13.48,2482,2021-06-01 14:00:00,PASG
13.3697,13.5,13.3697,13.5,1275,2021-06-01 14:05:00,PASG
13.465,13.465,13.34,13.34,9468,2021-06-01 14:10:00,PASG
13.28,13.4,13.28,13.36,2135,2021-06-01 14:15:00,PASG
13.35,13.35,13.35,13.35,227,2021-06-01 14:20:00,PASG
13.35,13.4,13.35,13.4,2000,2021-06-01 14:25:00,PASG
13.36,13.37,13.36,13.36,600,2021-06-01 14:30:00,PASG
13.35,13.5,13.33,13.37,2100,2021-06-01 14:35:00,PASG
13.38,13.405,13.35,13.39,1060,2021-06-01 14:40:00,PASG
13.35,13.35,13.25,13.25,4395,2021-06-01 14:45:00,PASG
13.23,13.23,13.11,13.17,2468,2021-06-01 14:50:00,PASG
13.17,13.19,13.13,13.17,600,2021-06-01 14:55:00,PASG
13.14,13.27,13.14,13.27,1372,2021-06-01 15:00:00,PASG
13.34,13.41,13.28,13.3,2247,2021-06-01 15:05:00,PASG
13.45,13.46,13.34,13.41,1498,2021-06-01 15:10:00,PASG
13.28,13.39,13.27,13.39,600,2021-06-01 15:15:00,PASG
13.32,13.38,13.29,13.29,1234,2021-06-01 15:20:00,PASG
13.29,13.29,13.18,13.2,700,2021-06-01 15:25:00,PASG
13.21,13.27,13.18,13.18,400,2021-06-01 15:30:00,PASG
13.18,13.27,13.18,13.22,2200,2021-06-01 15:35:00,PASG
13.18,13.24,13.14,13.15,1314,2021-06-01 15:40:00,PASG
13.18,13.18,13.145,13.18,1500,2021-06-01 15:45:00,PASG
13.18,13.18,13.18,13.18,100,2021-06-01 15:50:00,PASG
13.13,13.17,13.1148,13.17,600,2021-06-01 15:55:00,PASG
13.17,13.25,13.17,13.22,1700,2021-06-01 16:00:00,PASG
13.225,13.23,13.16,13.16,1300,2021-06-01 16:05:00,PASG
13.19,13.19,13.15,13.16,1100,2021-06-01 16:10:00,PASG
13.175,13.2,13.15,13.2,619,2021-06-01 16:15:00,PASG
13.21,13.21,13.15,13.15,600,2021-06-01 16:20:00,PASG
13.175,13.175,13.14,13.15,400,2021-06-01 16:25:00,PASG
13.16,13.16,13.16,13.16,200,2021-06-01 16:30:00,PASG
13.1907,13.1907,13.11,13.11,500,2021-06-01 16:35:00,PASG
13.155,13.155,13.155,13.155,100,2021-06-01 16:40:00,PASG
13.155,13.25,13.155,13.17,1900,2021-06-01 16:45:00,PASG
13.17,13.17,13.17,13.17,269,2021-06-01 16:50:00,PASG
13.09,13.14,13.08,13.08,1000,2021-06-01 16:55:00,PASG
13.08,13.2,13.08,13.2,400,2021-06-01 17:00:00,PASG
13.1417,13.2,13.1417,13.17,1277,2021-06-01 17:05:00,PASG
13.17,13.175,13.15,13.16,2401,2021-06-01 17:10:00,PASG
13.15,13.2,13.15,13.17,1550,2021-06-01 17:15:00,PASG
13.2,13.2,13.17,13.17,800,2021-06-01 17:20:00,PASG
13.17,13.17,13.17,13.17,700,2021-06-01 17:25:00,PASG
13.16,13.18,13.15,13.155,1100,2021-06-01 17:30:00,PASG
13.14,13.15,13.08,13.11,2001,2021-06-01 17:35:00,PASG
13.08,13.15,13.08,13.15,2100,2021-06-01 17:40:00,PASG
13.16,13.2,13.16,13.17,1794,2021-06-01 17:45:00,PASG
13.13,13.18,13.13,13.18,1617,2021-06-01 17:55:00,PASG
13.15,13.15,13.15,13.15,300,2021-06-01 18:00:00,PASG
13.1168,13.18,13.1168,13.13,1500,2021-06-01 18:05:00,PASG
13.12,13.15,13.12,13.15,603,2021-06-01 18:10:00,PASG
13.14,13.14,13.11,13.1279,600,2021-06-01 18:15:00,PASG
13.14,13.15,13.14,13.14,700,2021-06-01 18:20:00,PASG
13.15,13.18,13.12,13.145,2651,2021-06-01 18:25:00,PASG
13.145,13.16,13.13,13.13,1656,2021-06-01 18:30:00,PASG
13.11,13.17,13.11,13.17,1479,2021-06-01 18:35:00,PASG
13.14,13.15,13.14,13.15,300,2021-06-01 18:40:00,PASG
13.2,13.2,13.16,13.16,700,2021-06-01 18:45:00,PASG
13.155,13.155,13.155,13.155,100,2021-06-01 18:50:00,PASG
13.14,13.2,13.13,13.15,3067,2021-06-01 18:55:00,PASG
13.17,13.22,13.15,13.17,5362,2021-06-01 19:00:00,PASG
13.17,13.2,13.17,13.17,10164,2021-06-01 19:05:00,PASG
13.17,13.19,13.17,13.17,24795,2021-06-01 19:10:00,PASG
13.17,13.18,13.04,13.08,19802,2021-06-01 19:15:00,PASG
13.04,13.11,13.04,13.11,2812,2021-06-01 19:20:00,PASG
13.12,13.15,13.1,13.1,4318,2021-06-01 19:25:00,PASG
13.12,13.125,13.11,13.115,1315,2021-06-01 19:30:00,PASG
13.115,13.16,13.1,13.1,3583,2021-06-01 19:35:00,PASG
13.12,13.13,12.97,12.97,15824,2021-06-01 19:40:00,PASG
12.99,13.09,12.99,13.06,3589,2021-06-01 19:45:00,PASG
13.04,13.06,12.94,13.0,20864,2021-06-01 19:50:00,PASG
13.03,13.03,12.8468,13.03,28812,2021-06-01 19:55:00,PASG
13.04,13.04,13.04,13.04,34891,2021-06-01 20:00:00,PASG
13.04,13.04,13.04,13.04,2248,2021-06-01 20:20:00,PASG
13.1,13.3476,13.06,13.226,5899,2021-06-02 13:30:00,PASG
12.96,13.05,12.81,12.98,960,2021-06-02 13:35:00,PASG
13.1,13.13,12.87,13.08,2631,2021-06-02 13:40:00,PASG
13.07,13.11,12.95,13.1,905,2021-06-02 13:45:00,PASG
13.08,13.2,13.01,13.2,1021,2021-06-02 13:50:00,PASG
13.27,13.27,13.09,13.19,1900,2021-06-02 13:55:00,PASG
13.1,13.17,13.09,13.17,1030,2021-06-02 14:00:00,PASG
13.22,13.22,12.85,12.97,15434,2021-06-02 14:05:00,PASG
13.0,13.0,12.84,12.9,4089,2021-06-02 14:10:00,PASG
12.95,13.11,12.95,13.11,1936,2021-06-02 14:15:00,PASG
13.11,13.11,13.055,13.11,400,2021-06-02 14:20:00,PASG
13.0,13.0,12.88,12.98,1493,2021-06-02 14:25:00,PASG
12.935,13.04,12.9,13.01,4070,2021-06-02 14:30:00,PASG
12.91,13.07,12.91,13.07,1909,2021-06-02 14:35:00,PASG
13.01,13.13,13.01,13.09,2173,2021-06-02 14:40:00,PASG
13.02,13.08,13.02,13.08,400,2021-06-02 14:45:00,PASG
13.045,13.045,12.96,12.975,1300,2021-06-02 14:50:00,PASG
12.93,12.93,12.878,12.878,960,2021-06-02 14:55:00,PASG
12.99,12.99,12.87,12.87,500,2021-06-02 15:00:00,PASG
12.93,12.9582,12.91,12.9582,1300,2021-06-02 15:05:00,PASG
12.945,12.945,12.945,12.945,100,2021-06-02 15:10:00,PASG
12.94,12.99,12.935,12.935,1496,2021-06-02 15:15:00,PASG
12.97,13.0,12.94,13.0,600,2021-06-02 15:20:00,PASG
12.99,12.99,12.89,12.93,4600,2021-06-02 15:25:00,PASG
12.98,12.98,12.86,12.86,2299,2021-06-02 15:30:00,PASG
12.85,12.91,12.85,12.91,3238,2021-06-02 15:35:00,PASG
12.96,12.96,12.96,12.96,200,2021-06-02 15:40:00,PASG
12.96,12.96,12.89,12.89,700,2021-06-02 15:45:00,PASG
12.88,12.89,12.88,12.89,400,2021-06-02 15:50:00,PASG
12.92,12.99,12.87,12.99,4200,2021-06-02 15:55:00,PASG
12.98,12.98,12.89,12.89,1983,2021-06-02 16:00:00,PASG
12.88,12.88,12.83,12.83,200,2021-06-02 16:05:00,PASG
12.93,12.93,12.83,12.93,1402,2021-06-02 16:10:00,PASG
12.93,12.93,12.87,12.87,900,2021-06-02 16:15:00,PASG
12.82,12.9,12.82,12.83,400,2021-06-02 16:20:00,PASG
12.82,12.91,12.82,12.9,1561,2021-06-02 16:25:00,PASG
12.925,12.925,12.85,12.86,1100,2021-06-02 16:30:00,PASG
12.83,12.9,12.83,12.83,1865,2021-06-02 16:35:00,PASG
12.83,12.9,12.83,12.88,600,2021-06-02 16:40:00,PASG
12.87,12.89,12.83,12.89,800,2021-06-02 16:45:00,PASG
12.89,12.89,12.65,12.685,12749,2021-06-02 16:50:00,PASG
12.71,12.75,12.685,12.74,3000,2021-06-02 16:55:00,PASG
12.75,12.8,12.72,12.78,4654,2021-06-02 17:00:00,PASG
12.78,12.93,12.75,12.92,1568,2021-06-02 17:05:00,PASG
12.92,12.92,12.8,12.81,2048,2021-06-02 17:10:00,PASG
12.78,12.85,12.78,12.84,1716,2021-06-02 17:15:00,PASG
12.785,12.83,12.74,12.76,900,2021-06-02 17:20:00,PASG
12.755,12.82,12.755,12.755,1200,2021-06-02 17:25:00,PASG
12.8,12.85,12.79,12.85,1324,2021-06-02 17:30:00,PASG
12.83,12.83,12.74,12.79,900,2021-06-02 17:35:00,PASG
12.76,12.81,12.76,12.81,1282,2021-06-02 17:40:00,PASG
12.735,12.75,12.7,12.7,1197,2021-06-02 17:45:00,PASG
12.73,12.75,12.73,12.75,645,2021-06-02 17:50:00,PASG
12.74,12.75,12.7,12.7,2100,2021-06-02 17:55:00,PASG
12.715,12.74,12.71,12.71,1022,2021-06-02 18:00:00,PASG
12.71,12.71,12.7,12.71,1648,2021-06-02 18:05:00,PASG
12.68,12.6899,12.59,12.59,1895,2021-06-02 18:10:00,PASG
12.62,12.6669,12.57,12.61,6450,2021-06-02 18:15:00,PASG
12.65,12.65,12.59,12.63,990,2021-06-02 18:20:00,PASG
12.62,12.65,12.6,12.6,1899,2021-06-02 18:25:00,PASG
12.625,12.68,12.625,12.64,1610,2021-06-02 18:30:00,PASG
12.65,12.69,12.65,12.67,1200,2021-06-02 18:35:00,PASG
12.69,12.725,12.69,12.725,877,2021-06-02 18:40:00,PASG
12.72,12.7202,12.67,12.67,1200,2021-06-02 18:45:00,PASG
12.67,12.7,12.62,12.655,2000,2021-06-02 18:50:00,PASG
12.69,12.69,12.62,12.62,527,2021-06-02 18:55:00,PASG
12.66,12.76,12.66,12.76,1985,2021-06-02 19:00:00,PASG
12.74,12.74,12.65,12.65,2000,2021-06-02 19:05:00,PASG
12.71,12.74,12.68,12.685,4892,2021-06-02 19:10:00,PASG
12.72,12.74,12.69,12.74,1847,2021-06-02 19:15:00,PASG
12.72,12.78,12.72,12.78,900,2021-06-02 19:20:00,PASG
12.78,12.8,12.75,12.77,1700,2021-06-02 19:25:00,PASG
12.8,12.8,12.76,12.79,1427,2021-06-02 19:30:00,PASG
12.775,12.8,12.755,12.76,2715,2021-06-02 19:35:00,PASG
12.77,12.795,12.75,12.795,2027,2021-06-02 19:40:00,PASG
12.78,12.8,12.755,12.78,2680,2021-06-02 19:45:00,PASG
12.79,12.8,12.6,12.695,22174,2021-06-02 19:50:00,PASG
12.69,12.85,12.685,12.82,27118,2021-06-02 19:55:00,PASG
12.81,12.81,12.81,12.81,32414,2021-06-02 20:00:00,PASG
13.87,13.87,13.87,13.87,100,2021-06-02 22:10:00,PASG
13.12,13.12,13.12,13.12,100,2021-06-02 23:15:00,PASG
12.84,12.99,12.5801,12.83,4231,2021-06-03 13:30:00,PASG
12.86,12.91,12.72,12.72,5621,2021-06-03 13:35:00,PASG
12.93,12.94,12.825,12.94,300,2021-06-03 13:40:00,PASG
12.73,12.84,12.59,12.84,714,2021-06-03 13:45:00,PASG
12.52,12.66,12.5,12.54,4413,2021-06-03 13:50:00,PASG
12.58,12.58,12.43,12.49,8074,2021-06-03 13:55:00,PASG
12.49,12.495,12.47,12.49,7951,2021-06-03 14:00:00,PASG
12.49,12.56,12.45,12.56,1985,2021-06-03 14:05:00,PASG
12.51,12.54,12.51,12.54,300,2021-06-03 14:10:00,PASG
12.6,12.6,12.57,12.57,800,2021-06-03 14:15:00,PASG
12.61,12.65,12.61,12.65,1400,2021-06-03 14:20:00,PASG
12.65,12.73,12.62,12.73,800,2021-06-03 14:25:00,PASG
12.685,12.74,12.685,12.74,300,2021-06-03 14:30:00,PASG
12.76,12.79,12.71,12.77,1705,2021-06-03 14:40:00,PASG
12.7684,12.84,12.7684,12.785,700,2021-06-03 14:45:00,PASG
12.83,12.83,12.81,12.82,400,2021-06-03 14:50:00,PASG
12.78,12.8052,12.63,12.63,800,2021-06-03 14:55:00,PASG
12.71,12.71,12.71,12.71,100,2021-06-03 15:00:00,PASG
12.67,12.75,12.67,12.7057,1555,2021-06-03 15:05:00,PASG
12.7,12.71,12.69,12.7,600,2021-06-03 15:10:00,PASG
12.675,12.675,12.63,12.63,400,2021-06-03 15:15:00,PASG
12.6,12.63,12.6,12.63,1100,2021-06-03 15:20:00,PASG
12.65,12.67,12.65,12.67,400,2021-06-03 15:25:00,PASG
12.67,12.67,12.67,12.67,100,2021-06-03 15:30:00,PASG
12.66,12.69,12.66,12.69,350,2021-06-03 15:35:00,PASG
12.69,12.7,12.63,12.64,1887,2021-06-03 15:40:00,PASG
12.68,12.73,12.68,12.73,1224,2021-06-03 15:45:00,PASG
12.75,12.75,12.72,12.74,900,2021-06-03 15:50:00,PASG
12.74,12.77,12.73,12.73,2400,2021-06-03 15:55:00,PASG
12.74,12.81,12.74,12.81,600,2021-06-03 16:00:00,PASG
12.815,12.815,12.815,12.815,200,2021-06-03 16:05:00,PASG
12.81,12.85,12.785,12.785,1330,2021-06-03 16:10:00,PASG
12.77,12.8,12.75,12.8,1300,2021-06-03 16:15:00,PASG
12.81,12.825,12.81,12.82,400,2021-06-03 16:20:00,PASG
12.835,12.835,12.82,12.82,700,2021-06-03 16:25:00,PASG
12.79,12.79,12.7,12.745,1000,2021-06-03 16:30:00,PASG
12.7,12.78,12.69,12.73,1200,2021-06-03 16:35:00,PASG
12.755,12.79,12.65,12.79,1400,2021-06-03 16:40:00,PASG
12.715,12.715,12.715,12.715,100,2021-06-03 16:45:00,PASG
12.715,12.715,12.71,12.71,400,2021-06-03 16:50:00,PASG
12.71,12.75,12.66,12.71,1719,2021-06-03 16:55:00,PASG
12.75,12.75,12.75,12.75,100,2021-06-03 17:00:00,PASG
12.71,12.76,12.68,12.7175,5686,2021-06-03 17:05:00,PASG
12.755,12.755,12.69,12.745,1100,2021-06-03 17:10:00,PASG
12.74,12.75,12.69,12.75,1275,2021-06-03 17:15:00,PASG
12.74,12.74,12.725,12.725,400,2021-06-03 17:20:00,PASG
12.73,12.75,12.73,12.75,1310,2021-06-03 17:25:00,PASG
12.73,12.75,12.7,12.72,2200,2021-06-03 17:30:00,PASG
12.7,12.7,12.68,12.7,600,2021-06-03 17:35:00,PASG
12.71,12.72,12.65,12.69,1774,2021-06-03 17:40:00,PASG
12.69,12.74,12.69,12.69,2300,2021-06-03 17:45:00,PASG
12.69,12.75,12.69,12.71,700,2021-06-03 17:50:00,PASG
12.705,12.71,12.66,12.71,500,2021-06-03 17:55:00,PASG
12.7,12.7,12.7,12.7,100,2021-06-03 18:00:00,PASG
12.7,12.72,12.7,12.7075,900,2021-06-03 18:05:00,PASG
12.715,12.715,12.715,12.715,400,2021-06-03 18:10:00,PASG
12.7075,12.74,12.69,12.695,1022,2021-06-03 18:15:00,PASG
12.67,12.67,12.67,12.67,300,2021-06-03 18:20:00,PASG
12.65,12.65,12.65,12.65,300,2021-06-03 18:25:00,PASG
12.65,12.66,12.56,12.6408,2948,2021-06-03 18:30:00,PASG
12.6009,12.6009,12.52,12.565,1295,2021-06-03 18:35:00,PASG
12.5538,12.5538,12.5538,12.5538,167,2021-06-03 18:40:00,PASG
12.6,12.6,12.6,12.6,1136,2021-06-03 18:45:00,PASG
12.6,12.6,12.6,12.6,300,2021-06-03 18:50:00,PASG
12.59,12.6,12.57,12.57,728,2021-06-03 18:55:00,PASG
12.6,12.61,12.59,12.59,3176,2021-06-03 19:00:00,PASG
12.57,12.58,12.55,12.55,4594,2021-06-03 19:05:00,PASG
12.55,12.56,12.54,12.54,2708,2021-06-03 19:10:00,PASG
12.55,12.555,12.55,12.55,1100,2021-06-03 19:15:00,PASG
12.53,12.57,12.53,12.55,2604,2021-06-03 19:20:00,PASG
12.53,12.5989,12.48,12.53,6807,2021-06-03 19:25:00,PASG
12.55,12.57,12.55,12.55,900,2021-06-03 19:30:00,PASG
12.55,12.55,12.5,12.52,1200,2021-06-03 19:35:00,PASG
12.52,12.59,12.52,12.56,1700,2021-06-03 19:40:00,PASG
12.59,12.59,12.54,12.575,1200,2021-06-03 19:45:00,PASG
12.585,12.67,12.585,12.64,5462,2021-06-03 19:50:00,PASG
12.64,12.66,12.52,12.53,10742,2021-06-03 19:55:00,PASG
12.56,12.56,12.56,12.56,19058,2021-06-03 20:00:00,PASG
12.56,12.56,12.56,12.56,1246,2021-06-03 20:10:00,PASG
12.57,12.77,12.57,12.7115,3739,2021-06-04 13:30:00,PASG
12.58,12.61,12.41,12.5452,13507,2021-06-04 13:35:00,PASG
12.59,12.69,12.42,12.42,5483,2021-06-04 13:40:00,PASG
12.505,12.5465,12.42,12.42,2641,2021-06-04 13:45:00,PASG
12.58,12.58,12.45,12.535,300,2021-06-04 13:50:00,PASG
12.58,12.59,12.45,12.48,8300,2021-06-04 13:55:00,PASG
12.48,12.54,12.45,12.4601,2378,2021-06-04 14:00:00,PASG
12.51,12.56,12.49,12.53,16440,2021-06-04 14:05:00,PASG
12.53,12.62,12.51,12.6,3826,2021-06-04 14:10:00,PASG
12.6,12.62,12.6,12.62,407,2021-06-04 14:15:00,PASG
12.57,12.62,12.57,12.57,2714,2021-06-04 14:20:00,PASG
12.57,12.6,12.55,12.58,1521,2021-06-04 14:25:00,PASG
12.59,12.63,12.59,12.5934,2120,2021-06-04 14:30:00,PASG
12.6,12.62,12.56,12.56,2809,2021-06-04 14:35:00,PASG
12.6,12.6,12.59,12.59,200,2021-06-04 14:40:00,PASG
12.59,12.61,12.56,12.6,900,2021-06-04 14:45:00,PASG
12.585,12.6,12.56,12.585,600,2021-06-04 14:50:00,PASG
12.6,12.6,12.48,12.48,5060,2021-06-04 14:55:00,PASG
12.4515,12.4828,12.45,12.45,911,2021-06-04 15:00:00,PASG
12.45,12.48,12.42,12.48,1100,2021-06-04 15:05:00,PASG
12.5,12.55,12.5,12.55,1308,2021-06-04 15:10:00,PASG
12.58,12.64,12.58,12.58,1767,2021-06-04 15:15:00,PASG
12.65,12.65,12.615,12.615,200,2021-06-04 15:20:00,PASG
12.65,12.65,12.6,12.65,500,2021-06-04 15:25:00,PASG
12.6,12.7,12.6,12.7,1000,2021-06-04 15:30:00,PASG
12.66,12.7,12.66,12.7,200,2021-06-04 15:35:00,PASG
12.67,12.71,12.67,12.695,1700,2021-06-04 15:40:00,PASG
12.7,12.705,12.67,12.705,800,2021-06-04 15:45:00,PASG
12.705,12.705,12.68,12.68,400,2021-06-04 15:50:00,PASG
12.72,12.72,12.6,12.6,1988,2021-06-04 15:55:00,PASG
12.645,12.645,12.59,12.6,900,2021-06-04 16:00:00,PASG
12.56,12.56,12.56,12.56,300,2021-06-04 16:05:00,PASG
12.6,12.6,12.56,12.56,400,2021-06-04 16:10:00,PASG
12.56,12.598,12.55,12.55,1600,2021-06-04 16:15:00,PASG
12.59,12.63,12.53,12.54,2805,2021-06-04 16:20:00,PASG
12.56,12.56,12.55,12.56,700,2021-06-04 16:25:00,PASG
12.59,12.59,12.59,12.59,200,2021-06-04 16:30:00,PASG
12.59,12.59,12.57,12.57,300,2021-06-04 16:35:00,PASG
12.575,12.575,12.54,12.54,900,2021-06-04 16:40:00,PASG
12.54,12.55,12.51,12.53,1100,2021-06-04 16:45:00,PASG
12.53,12.55,12.46,12.46,3241,2021-06-04 16:50:00,PASG
12.485,12.485,12.45,12.45,300,2021-06-04 16:55:00,PASG
12.52,12.52,12.46,12.46,500,2021-06-04 17:00:00,PASG
12.49,12.52,12.49,12.5,29300,2021-06-04 17:05:00,PASG
12.46,12.54,12.45,12.47,4068,2021-06-04 17:10:00,PASG
12.4587,12.5,12.4587,12.49,2875,2021-06-04 17:15:00,PASG
12.5,12.5,12.485,12.49,2011,2021-06-04 17:20:00,PASG
12.5,12.515,12.455,12.455,3065,2021-06-04 17:25:00,PASG
12.46,12.46,12.46,12.46,640,2021-06-04 17:30:00,PASG
12.45,12.45,12.45,12.45,160,2021-06-04 17:35:00,PASG
12.45,12.47,12.45,12.47,700,2021-06-04 17:40:00,PASG
12.47,12.47,12.455,12.455,300,2021-06-04 17:45:00,PASG
12.455,12.455,12.455,12.455,100,2021-06-04 17:50:00,PASG
12.47,12.47,12.47,12.47,546,2021-06-04 17:55:00,PASG
12.475,12.49,12.45,12.455,2675,2021-06-04 18:00:00,PASG
12.45,12.46,12.45,12.46,200,2021-06-04 18:05:00,PASG
12.45,12.45,12.43,12.43,613,2021-06-04 18:10:00,PASG
12.44,12.45,12.42,12.42,1272,2021-06-04 18:15:00,PASG
12.435,12.435,12.41,12.42,1919,2021-06-04 18:25:00,PASG
12.4,12.4,12.3,12.3,2624,2021-06-04 18:30:00,PASG
12.325,12.325,12.25,12.25,3923,2021-06-04 18:35:00,PASG
12.3,12.3,12.25,12.28,2800,2021-06-04 18:40:00,PASG
12.31,12.37,12.3,12.37,2800,2021-06-04 18:45:00,PASG
12.34,12.3699,12.3135,12.35,454,2021-06-04 18:50:00,PASG
12.36,12.37,12.36,12.37,1092,2021-06-04 18:55:00,PASG
12.38,12.38,12.36,12.36,900,2021-06-04 19:00:00,PASG
12.38,12.38,12.36,12.365,1501,2021-06-04 19:05:00,PASG
12.365,12.365,12.33,12.34,674,2021-06-04 19:10:00,PASG
12.34,12.34,12.31,12.315,2802,2021-06-04 19:15:00,PASG
12.32,12.32,12.29,12.3,6300,2021-06-04 19:20:00,PASG
12.3,12.32,12.3,12.31,3227,2021-06-04 19:25:00,PASG
12.315,12.33,12.31,12.32,3310,2021-06-04 19:30:00,PASG
12.315,12.43,12.315,12.43,15415,2021-06-04 19:35:00,PASG
12.425,12.43,12.42,12.425,3991,2021-06-04 19:40:00,PASG
12.4256,12.4256,12.34,12.37,7302,2021-06-04 19:45:00,PASG
12.4,12.435,12.385,12.435,4725,2021-06-04 19:50:00,PASG
12.43,12.45,12.42,12.45,5961,2021-06-04 19:55:00,PASG
12.44,12.44,12.44,12.44,20304,2021-06-04 20:00:00,PASG
12.4,12.4,12.4,12.4,200,2021-06-07 12:55:00,PASG
12.45,12.65,12.4,12.4,4582,2021-06-07 13:30:00,PASG
12.4,12.585,12.4,12.585,1625,2021-06-07 13:35:00,PASG
12.6,12.6,12.43,12.43,1310,2021-06-07 13:40:00,PASG
12.62,12.62,12.4754,12.56,900,2021-06-07 13:45:00,PASG
12.6,12.66,12.55,12.55,2047,2021-06-07 13:50:00,PASG
12.65,12.65,12.58,12.64,940,2021-06-07 13:55:00,PASG
12.64,12.7,12.63,12.64,1818,2021-06-07 14:00:00,PASG
12.66,12.66,12.63,12.63,200,2021-06-07 14:05:00,PASG
12.66,12.73,12.66,12.73,1579,2021-06-07 14:10:00,PASG
12.735,12.78,12.69,12.69,2821,2021-06-07 14:15:00,PASG
12.725,12.76,12.69,12.74,500,2021-06-07 14:20:00,PASG
12.75,12.75,12.71,12.71,2600,2021-06-07 14:25:00,PASG
12.74,12.75,12.71,12.71,2542,2021-06-07 14:30:00,PASG
12.69,12.77,12.69,12.755,1500,2021-06-07 14:35:00,PASG
12.74,12.75,12.7,12.7,1638,2021-06-07 14:40:00,PASG
12.715,12.745,12.715,12.745,439,2021-06-07 14:45:00,PASG
12.77,12.84,12.72,12.78,3400,2021-06-07 14:50:00,PASG
12.79,12.98,12.68,12.905,9697,2021-06-07 14:55:00,PASG
12.86,13.24,12.825,12.9729,10137,2021-06-07 15:00:00,PASG
13.005,13.1,12.95,13.01,6897,2021-06-07 15:05:00,PASG
13.005,13.1,12.95,13.1,3800,2021-06-07 15:10:00,PASG
13.155,13.2,13.11,13.16,739,2021-06-07 15:15:00,PASG
13.1999,13.1999,13.035,13.06,2078,2021-06-07 15:20:00,PASG
13.1,13.15,13.1,13.1,923,2021-06-07 15:25:00,PASG
13.07,13.12,13.0,13.1,1723,2021-06-07 15:30:00,PASG
13.1,13.2,13.1,13.15,4999,2021-06-07 15:35:00,PASG
13.18,13.27,13.18,13.27,1900,2021-06-07 15:40:00,PASG
13.265,13.265,13.22,13.24,688,2021-06-07 15:45:00,PASG
13.27,13.2968,13.25,13.2601,2678,2021-06-07 15:50:00,PASG
13.27,13.285,13.27,13.285,1124,2021-06-07 15:55:00,PASG
13.26,13.29,13.23,13.28,2258,2021-06-07 16:00:00,PASG
13.25,13.29,13.19,13.29,1800,2021-06-07 16:05:00,PASG
13.285,13.32,13.285,13.315,1400,2021-06-07 16:10:00,PASG
13.32,13.32,13.29,13.315,1406,2021-06-07 16:15:00,PASG
13.33,13.34,13.305,13.305,1000,2021-06-07 16:20:00,PASG
13.29,13.29,13.23,13.26,500,2021-06-07 16:25:00,PASG
13.2799,13.2799,13.2799,13.2799,100,2021-06-07 16:30:00,PASG
13.22,13.31,13.21,13.29,1716,2021-06-07 16:35:00,PASG
13.2602,13.3,13.2602,13.3,250,2021-06-07 16:40:00,PASG
13.22,13.2999,13.21,13.2999,500,2021-06-07 16:45:00,PASG
13.22,13.22,13.21,13.2146,1773,2021-06-07 16:50:00,PASG
13.24,13.27,13.22,13.26,615,2021-06-07 16:55:00,PASG
13.265,13.34,13.265,13.29,2802,2021-06-07 17:00:00,PASG
13.31,13.33,13.29,13.33,3720,2021-06-07 17:05:00,PASG
13.315,13.315,13.27,13.27,746,2021-06-07 17:10:00,PASG
13.24,13.27,13.23,13.24,1300,2021-06-07 17:15:00,PASG
13.23,13.23,13.23,13.23,100,2021-06-07 17:20:00,PASG
13.23,13.41,13.23,13.41,7682,2021-06-07 17:25:00,PASG
13.415,13.5948,13.415,13.58,2264,2021-06-07 17:30:00,PASG
13.55,13.55,13.37,13.405,3018,2021-06-07 17:35:00,PASG
13.405,13.48,13.4,13.48,1256,2021-06-07 17:40:00,PASG
13.56,13.585,13.49,13.49,1615,2021-06-07 17:45:00,PASG
13.535,13.54,13.5,13.5,3450,2021-06-07 17:50:00,PASG
13.505,13.54,13.475,13.475,2108,2021-06-07 17:55:00,PASG
13.47,13.53,13.47,13.53,200,2021-06-07 18:00:00,PASG
13.49,13.52,13.45,13.47,700,2021-06-07 18:05:00,PASG
13.495,13.5,13.46,13.49,1114,2021-06-07 18:10:00,PASG
13.48,13.53,13.48,13.53,200,2021-06-07 18:15:00,PASG
13.53,13.58,13.51,13.55,1532,2021-06-07 18:20:00,PASG
13.51,13.5332,13.51,13.5332,200,2021-06-07 18:25:00,PASG
13.58,13.62,13.58,13.62,1305,2021-06-07 18:30:00,PASG
13.655,13.655,13.61,13.61,200,2021-06-07 18:35:00,PASG
13.645,13.71,13.645,13.7,1650,2021-06-07 18:40:00,PASG
13.68,13.68,13.6,13.6,1119,2021-06-07 18:45:00,PASG
13.63,13.63,13.52,13.5764,1126,2021-06-07 18:50:00,PASG
13.62,13.62,13.52,13.575,1135,2021-06-07 18:55:00,PASG
13.59,13.59,13.55,13.55,200,2021-06-07 19:00:00,PASG
13.66,13.7,13.66,13.7,200,2021-06-07 19:05:00,PASG
13.7,13.7,13.62,13.63,702,2021-06-07 19:10:00,PASG
13.665,13.75,13.665,13.745,1082,2021-06-07 19:15:00,PASG
13.75,13.75,13.61,13.63,2330,2021-06-07 19:20:00,PASG
13.64,13.66,13.57,13.615,2647,2021-06-07 19:25:00,PASG
13.58,13.59,13.57,13.57,657,2021-06-07 19:30:00,PASG
13.53,13.53,13.37,13.47,2147,2021-06-07 19:35:00,PASG
13.45,13.495,13.45,13.495,1010,2021-06-07 19:40:00,PASG
13.52,13.59,13.51,13.58,2154,2021-06-07 19:45:00,PASG
13.58,13.64,13.55,13.58,5769,2021-06-07 19:50:00,PASG
13.58,13.63,13.54,13.59,17109,2021-06-07 19:55:00,PASG
13.59,13.59,13.59,13.59,89045,2021-06-07 20:00:00,PASG
13.71,13.99,13.48,13.94,4664,2021-06-08 13:30:00,PASG
13.79,13.835,13.79,13.835,300,2021-06-08 13:35:00,PASG
13.79,13.9128,13.74,13.9128,4086,2021-06-08 13:40:00,PASG
13.95,13.95,13.61,13.77,4890,2021-06-08 13:45:00,PASG
13.62,13.7,13.5,13.7,12753,2021-06-08 13:50:00,PASG
13.7,13.75,13.65,13.67,7259,2021-06-08 13:55:00,PASG
13.61,13.61,13.61,13.61,100,2021-06-08 14:00:00,PASG
13.7,13.7,13.68,13.7,600,2021-06-08 14:05:00,PASG
13.69,13.8,13.69,13.8,500,2021-06-08 14:10:00,PASG
13.77,13.77,13.7658,13.7658,225,2021-06-08 14:15:00,PASG
13.84,13.86,13.83,13.86,900,2021-06-08 14:20:00,PASG
13.89,13.92,13.7,13.83,9564,2021-06-08 14:25:00,PASG
13.8,13.83,13.8,13.81,987,2021-06-08 14:30:00,PASG
13.81,13.81,13.81,13.81,300,2021-06-08 14:35:00,PASG
13.66,13.66,13.6,13.6,500,2021-06-08 14:40:00,PASG
13.55,13.7,13.55,13.63,13165,2021-06-08 14:45:00,PASG
13.64,13.64,13.56,13.56,800,2021-06-08 14:50:00,PASG
13.5246,13.5246,13.36,13.36,450,2021-06-08 14:55:00,PASG
13.33,13.33,13.33,13.33,100,2021-06-08 15:00:00,PASG
13.33,13.37,13.3,13.37,1990,2021-06-08 15:05:00,PASG
13.418,13.418,13.34,13.34,300,2021-06-08 15:10:00,PASG
13.33,13.33,13.3112,13.33,400,2021-06-08 15:15:00,PASG
13.32,13.3758,13.26,13.345,3375,2021-06-08 15:30:00,PASG
13.26,13.26,13.26,13.26,100,2021-06-08 15:35:00,PASG
13.32,13.33,13.32,13.33,200,2021-06-08 15:40:00,PASG
13.35,13.35,13.35,13.35,200,2021-06-08 15:45:00,PASG
13.29,13.315,13.29,13.315,240,2021-06-08 15:50:00,PASG
13.41,13.41,13.41,13.41,100,2021-06-08 16:00:00,PASG
13.27,13.31,13.27,13.29,824,2021-06-08 16:05:00,PASG
13.45,13.45,13.27,13.35,1301,2021-06-08 16:10:00,PASG
13.35,13.35,13.35,13.35,100,2021-06-08 16:15:00,PASG
13.31,13.31,13.3,13.3,864,2021-06-08 16:20:00,PASG
13.35,13.35,13.33,13.33,346,2021-06-08 16:30:00,PASG
13.31,13.39,13.31,13.39,700,2021-06-08 16:35:00,PASG
13.39,13.39,13.39,13.39,200,2021-06-08 16:40:00,PASG
13.48,13.48,13.37,13.4,1300,2021-06-08 16:45:00,PASG
13.45,13.45,13.45,13.45,100,2021-06-08 16:50:00,PASG
13.425,13.46,13.36,13.44,900,2021-06-08 16:55:00,PASG
13.42,13.42,13.42,13.42,500,2021-06-08 17:00:00,PASG
13.4,13.42,13.39,13.42,800,2021-06-08 17:15:00,PASG
13.39,13.39,13.24,13.33,10385,2021-06-08 17:20:00,PASG
13.26,13.35,13.2,13.3201,12182,2021-06-08 17:25:00,PASG
13.31,13.36,13.31,13.36,6219,2021-06-08 17:30:00,PASG
13.41,13.5,13.41,13.5,1075,2021-06-08 17:35:00,PASG
13.36,13.425,13.36,13.425,1300,2021-06-08 17:40:00,PASG
13.5,13.5,13.43,13.43,566,2021-06-08 17:45:00,PASG
13.44,13.44,13.44,13.44,300,2021-06-08 17:50:00,PASG
13.475,13.49,13.475,13.49,300,2021-06-08 17:55:00,PASG
13.44,13.48,13.43,13.43,700,2021-06-08 18:00:00,PASG
13.43,13.43,13.43,13.43,100,2021-06-08 18:05:00,PASG
13.51,13.51,13.47,13.47,200,2021-06-08 18:10:00,PASG
13.53,13.6,13.53,13.6,200,2021-06-08 18:15:00,PASG
13.53,13.54,13.52,13.54,800,2021-06-08 18:20:00,PASG
13.54,13.54,13.54,13.54,100,2021-06-08 18:25:00,PASG
13.58,13.61,13.58,13.61,800,2021-06-08 18:35:00,PASG
13.61,13.62,13.61,13.62,800,2021-06-08 18:40:00,PASG
13.635,13.635,13.62,13.62,200,2021-06-08 18:45:00,PASG
13.6192,13.6192,13.6192,13.6192,150,2021-06-08 18:50:00,PASG
13.64,13.67,13.6289,13.67,400,2021-06-08 18:55:00,PASG
13.63,13.63,13.63,13.63,100,2021-06-08 19:00:00,PASG
13.63,13.7,13.63,13.7,1015,2021-06-08 19:05:00,PASG
13.605,13.605,13.605,13.605,100,2021-06-08 19:10:00,PASG
13.66,13.7,13.66,13.7,2389,2021-06-08 19:15:00,PASG
13.65,13.65,13.65,13.65,200,2021-06-08 19:25:00,PASG
13.68,13.77,13.68,13.745,972,2021-06-08 19:30:00,PASG
13.7,13.745,13.7,13.73,1130,2021-06-08 19:35:00,PASG
13.7349,13.775,13.52,13.68,29662,2021-06-08 19:40:00,PASG
13.73,13.79,13.69,13.71,8335,2021-06-08 19:45:00,PASG
13.74,13.78,13.7,13.77,6086,2021-06-08 19:50:00,PASG
13.76,13.865,13.7,13.8,23652,2021-06-08 19:55:00,PASG
13.8,13.8,13.8,13.8,27501,2021-06-08 20:00:00,PASG
13.8,13.8,13.8,13.8,632,2021-06-08 20:15:00,PASG
13.81,13.81,13.81,13.81,100,2021-06-08 21:20:00,PASG
14.5,14.5,14.5,14.5,100,2021-06-09 11:00:00,PASG
13.97,14.02,13.6596,13.91,8256,2021-06-09 13:30:00,PASG
13.72,14.0594,13.72,13.96,2642,2021-06-09 13:40:00,PASG
14.08,14.26,14.08,14.2,2620,2021-06-09 13:45:00,PASG
14.1,14.1,13.95,13.95,2041,2021-06-09 13:50:00,PASG
14.05,14.13,14.05,14.13,5800,2021-06-09 13:55:00,PASG
14.0894,14.0894,14.0894,14.0894,100,2021-06-09 14:00:00,PASG
14.12,14.2,14.12,14.2,1508,2021-06-09 14:05:00,PASG
14.14,14.17,14.09,14.13,900,2021-06-09 14:10:00,PASG
14.13,14.13,13.95,13.98,3181,2021-06-09 14:15:00,PASG
14.0,14.07,13.96,13.96,1000,2021-06-09 14:20:00,PASG
14.0546,14.0546,13.96,13.96,950,2021-06-09 14:25:00,PASG
13.96,13.96,13.87,13.87,1100,2021-06-09 14:30:00,PASG
13.89,13.91,13.85,13.91,1675,2021-06-09 14:35:00,PASG
13.855,13.99,13.85,13.99,1143,2021-06-09 14:40:00,PASG
13.94,14.03,13.86,13.86,1400,2021-06-09 14:45:00,PASG
13.86,13.96,13.86,13.96,700,2021-06-09 14:50:00,PASG
13.9884,13.9884,13.96,13.98,350,2021-06-09 14:55:00,PASG
13.97,14.05,13.97,14.05,450,2021-06-09 15:00:00,PASG
14.05,14.0751,13.94,13.94,2712,2021-06-09 15:05:00,PASG
13.94,14.0,13.87,13.9995,3391,2021-06-09 15:10:00,PASG
14.09,14.09,14.0,14.0488,15354,2021-06-09 15:15:00,PASG
14.05,14.14,14.04,14.14,900,2021-06-09 15:20:00,PASG
14.065,14.07,14.055,14.055,300,2021-06-09 15:25:00,PASG
14.1,14.13,14.08,14.08,1361,2021-06-09 15:35:00,PASG
14.05,14.1,14.05,14.1,1002,2021-06-09 15:40:00,PASG
14.13,14.14,14.13,14.14,200,2021-06-09 15:45:00,PASG
14.15,14.15,14.1,14.1,1255,2021-06-09 15:50:00,PASG
14.1,14.1,14.07,14.1,720,2021-06-09 15:55:00,PASG
14.15,14.18,14.14,14.18,500,2021-06-09 16:05:00,PASG
14.155,14.165,14.155,14.165,200,2021-06-09 16:10:00,PASG
14.15,14.18,14.15,14.18,266,2021-06-09 16:15:00,PASG
14.15,14.18,14.15,14.15,900,2021-06-09 16:20:00,PASG
14.15,14.15,14.15,14.15,1430,2021-06-09 16:25:00,PASG
14.2,14.23,14.19,14.23,300,2021-06-09 16:35:00,PASG
14.23,14.27,14.23,14.23,5790,2021-06-09 16:40:00,PASG
14.29,14.35,14.29,14.35,965,2021-06-09 16:45:00,PASG
14.28,14.35,14.28,14.3127,524,2021-06-09 16:55:00,PASG
14.3,14.3,14.3,14.3,100,2021-06-09 17:00:00,PASG
14.35,14.41,14.35,14.41,1567,2021-06-09 17:05:00,PASG
14.36,14.3682,14.34,14.3682,1035,2021-06-09 17:10:00,PASG
14.33,14.37,14.33,14.37,1200,2021-06-09 17:15:00,PASG
14.37,14.4021,14.36,14.4021,769,2021-06-09 17:20:00,PASG
14.3785,14.42,14.3785,14.38,1046,2021-06-09 17:25:00,PASG
14.345,14.345,14.335,14.335,200,2021-06-09 17:30:00,PASG
14.31,14.32,14.25,14.25,700,2021-06-09 17:35:00,PASG
14.29,14.29,14.29,14.29,200,2021-06-09 17:40:00,PASG
14.23,14.23,14.21,14.21,400,2021-06-09 17:45:00,PASG
14.21,14.23,14.2,14.2165,1010,2021-06-09 17:50:00,PASG
14.24,14.24,14.24,14.24,100,2021-06-09 17:55:00,PASG
14.24,14.25,14.23,14.23,900,2021-06-09 18:00:00,PASG
14.23,14.24,14.23,14.23,1242,2021-06-09 18:05:00,PASG
14.22,14.24,14.22,14.23,800,2021-06-09 18:10:00,PASG
14.26,14.27,14.26,14.27,300,2021-06-09 18:15:00,PASG
14.28,14.28,14.28,14.28,100,2021-06-09 18:20:00,PASG
14.25,14.25,14.225,14.24,600,2021-06-09 18:25:00,PASG
14.22,14.23,14.2,14.2,400,2021-06-09 18:30:00,PASG
14.18,14.2,14.18,14.19,1400,2021-06-09 18:35:00,PASG
14.19,14.19,14.19,14.19,400,2021-06-09 18:40:00,PASG
14.21,14.22,14.21,14.22,400,2021-06-09 18:45:00,PASG
14.22,14.25,14.22,14.25,1100,2021-06-09 18:50:00,PASG
14.26,14.26,14.22,14.25,2319,2021-06-09 18:55:00,PASG
14.24,14.25,14.24,14.25,344,2021-06-09 19:00:00,PASG
14.22,14.22,14.17,14.17,1000,2021-06-09 19:05:00,PASG
14.2,14.25,14.2,14.2,1200,2021-06-09 19:10:00,PASG
14.19,14.19,14.19,14.19,700,2021-06-09 19:15:00,PASG
14.18,14.18,14.1,14.1277,1441,2021-06-09 19:20:00,PASG
14.07,14.08,14.01,14.01,800,2021-06-09 19:25:00,PASG
13.94,14.1,13.94,14.1,2700,2021-06-09 19:30:00,PASG
14.08,14.12,14.06,14.095,900,2021-06-09 19:35:00,PASG
14.13,14.13,14.01,14.01,1515,2021-06-09 19:40:00,PASG
14.04,14.04,13.94,13.95,13236,2021-06-09 19:45:00,PASG
13.95,14.08,13.92,14.06,3693,2021-06-09 19:50:00,PASG
14.04,14.1,14.04,14.08,10762,2021-06-09 19:55:00,PASG
14.06,14.06,14.06,14.06,36445,2021-06-09 20:00:00,PASG
14.04,14.18,13.93,14.18,4046,2021-06-10 13:30:00,PASG
14.21,14.21,14.13,14.13,900,2021-06-10 13:35:00,PASG
14.14,14.14,14.07,14.07,652,2021-06-10 13:40:00,PASG
14.07,14.12,14.07,14.12,797,2021-06-10 13:45:00,PASG
14.1975,14.27,14.19,14.23,3428,2021-06-10 13:50:00,PASG
14.14,14.23,14.13,14.13,660,2021-06-10 13:55:00,PASG
14.17,14.17,14.12,14.12,612,2021-06-10 14:00:00,PASG
14.05,14.17,14.05,14.08,5911,2021-06-10 14:05:00,PASG
14.1009,14.15,14.05,14.05,1075,2021-06-10 14:10:00,PASG
13.955,14.05,13.95,13.95,1218,2021-06-10 14:15:00,PASG
13.97,14.02,13.96,13.96,1600,2021-06-10 14:20:00,PASG
13.96,14.03,13.95,14.03,3036,2021-06-10 14:25:00,PASG
14.01,14.01,14.01,14.01,200,2021-06-10 14:30:00,PASG
14.0,14.0,13.95,13.95,900,2021-06-10 14:35:00,PASG
13.99,14.0,13.915,13.915,827,2021-06-10 14:40:00,PASG
13.9,13.92,13.9,13.91,1100,2021-06-10 14:45:00,PASG
13.87,13.92,13.87,13.88,3874,2021-06-10 14:50:00,PASG
13.79,13.9,13.79,13.9,3100,2021-06-10 14:55:00,PASG
13.95,13.96,13.95,13.96,300,2021-06-10 15:00:00,PASG
14.01,14.01,13.98,13.99,1126,2021-06-10 15:05:00,PASG
14.01,14.04,14.0,14.01,1209,2021-06-10 15:10:00,PASG
14.05,14.05,14.0,14.0,316,2021-06-10 15:15:00,PASG
14.07,14.08,14.04,14.08,1130,2021-06-10 15:20:00,PASG
14.12,14.12,14.05,14.05,604,2021-06-10 15:25:00,PASG
14.07,14.09,14.05,14.09,762,2021-06-10 15:40:00,PASG
14.03,14.06,14.03,14.03,400,2021-06-10 15:50:00,PASG
14.07,14.12,14.07,14.11,400,2021-06-10 15:55:00,PASG
14.09,14.09,14.0,14.0,1828,2021-06-10 16:00:00,PASG
14.0,14.12,14.0,14.09,11988,2021-06-10 16:05:00,PASG
14.13,14.15,14.05,14.125,11154,2021-06-10 16:10:00,PASG
14.21,14.21,14.21,14.21,100,2021-06-10 16:15:00,PASG
14.21,14.3,14.21,14.3,300,2021-06-10 16:20:00,PASG
14.22,14.22,14.22,14.22,227,2021-06-10 16:25:00,PASG
14.18,14.2,14.18,14.2,200,2021-06-10 16:30:00,PASG
14.17,14.18,14.17,14.18,400,2021-06-10 16:35:00,PASG
14.185,14.24,14.185,14.24,1900,2021-06-10 16:40:00,PASG
14.27,14.27,14.27,14.27,150,2021-06-10 16:45:00,PASG
14.29,14.29,14.2416,14.26,600,2021-06-10 16:50:00,PASG
14.29,14.29,14.23,14.23,959,2021-06-10 16:55:00,PASG
14.24,14.26,14.22,14.26,751,2021-06-10 17:00:00,PASG
14.26,14.26,14.24,14.26,400,2021-06-10 17:05:00,PASG
14.26,14.26,14.26,14.26,200,2021-06-10 17:10:00,PASG
14.255,14.28,14.255,14.28,500,2021-06-10 17:15:00,PASG
14.3,14.35,14.29,14.29,400,2021-06-10 17:20:00,PASG
14.28,14.28,14.28,14.28,534,2021-06-10 17:25:00,PASG
14.31,14.31,14.31,14.31,255,2021-06-10 17:30:00,PASG
14.25,14.3,14.24,14.26,2618,2021-06-10 17:35:00,PASG
14.2275,14.27,14.21,14.27,2700,2021-06-10 17:40:00,PASG
14.25,14.27,14.25,14.27,1229,2021-06-10 17:45:00,PASG
14.28,14.285,14.28,14.285,200,2021-06-10 17:50:00,PASG
14.25,14.26,14.25,14.26,200,2021-06-10 17:55:00,PASG
14.22,14.25,14.21,14.22,6565,2021-06-10 18:00:00,PASG
14.21,14.21,14.21,14.21,100,2021-06-10 18:05:00,PASG
14.16,14.23,14.15,14.18,2100,2021-06-10 18:10:00,PASG
14.16,14.18,14.15,14.18,2356,2021-06-10 18:15:00,PASG
14.13,14.15,14.13,14.15,1100,2021-06-10 18:20:00,PASG
14.15,14.19,14.14,14.16,800,2021-06-10 18:25:00,PASG
14.13,14.1887,14.11,14.11,753,2021-06-10 18:30:00,PASG
14.14,14.17,14.13,14.13,1362,2021-06-10 18:35:00,PASG
14.15,14.2,14.105,14.2,1107,2021-06-10 18:40:00,PASG
14.15,14.16,14.1,14.13,1300,2021-06-10 18:45:00,PASG
14.13,14.135,14.1,14.11,800,2021-06-10 18:50:00,PASG
14.11,14.14,14.1,14.11,1599,2021-06-10 18:55:00,PASG
14.13,14.16,14.13,14.13,700,2021-06-10 19:00:00,PASG
14.1,14.21,14.1,14.2,2100,2021-06-10 19:05:00,PASG
14.21,14.22,14.21,14.21,2112,2021-06-10 19:10:00,PASG
14.19,14.19,14.11,14.11,1232,2021-06-10 19:15:00,PASG
14.11,14.21,14.1,14.21,2085,2021-06-10 19:20:00,PASG
14.2,14.25,14.17,14.25,2357,2021-06-10 19:25:00,PASG
14.23,14.24,14.2,14.2,2125,2021-06-10 19:30:00,PASG
14.16,14.18,14.15,14.17,600,2021-06-10 19:35:00,PASG
14.17,14.2498,14.17,14.2498,1826,2021-06-10 19:40:00,PASG
14.26,14.31,14.25,14.27,4337,2021-06-10 19:45:00,PASG
14.27,14.4221,14.26,14.41,27872,2021-06-10 19:50:00,PASG
14.41,14.44,14.36,14.44,30133,2021-06-10 19:55:00,PASG
14.43,14.43,14.43,14.43,32909,2021-06-10 20:00:00,PASG
14.43,14.43,14.43,14.43,815,2021-06-10 20:05:00,PASG
14.38,14.43,14.05,14.05,13597,2021-06-11 13:30:00,PASG
14.11,14.11,14.08,14.085,500,2021-06-11 13:35:00,PASG
14.08,14.15,14.07,14.14,1783,2021-06-11 13:40:00,PASG
14.12,14.12,13.64,13.75,20061,2021-06-11 13:45:00,PASG
13.835,14.07,13.835,13.97,675,2021-06-11 13:50:00,PASG
13.98,14.02,13.79,13.79,2750,2021-06-11 13:55:00,PASG
13.81,13.85,13.81,13.85,923,2021-06-11 14:00:00,PASG
13.91,13.92,13.91,13.92,300,2021-06-11 14:05:00,PASG
13.9317,14.02,13.9317,14.02,742,2021-06-11 14:10:00,PASG
13.99,13.99,13.99,13.99,403,2021-06-11 14:15:00,PASG
14.0,14.095,14.0,14.06,2452,2021-06-11 14:20:00,PASG
14.12,14.17,14.12,14.17,400,2021-06-11 14:25:00,PASG
14.19,14.19,14.18,14.18,370,2021-06-11 14:30:00,PASG
14.18,14.27,14.17,14.27,800,2021-06-11 14:35:00,PASG
14.19,14.23,14.17,14.17,947,2021-06-11 14:40:00,PASG
14.1004,14.16,14.1004,14.11,800,2021-06-11 14:45:00,PASG
14.135,14.135,14.135,14.135,100,2021-06-11 14:50:00,PASG
14.135,14.135,14.135,14.135,100,2021-06-11 14:55:00,PASG
14.1,14.1,14.01,14.01,812,2021-06-11 15:00:00,PASG
14.01,14.05,13.98,14.02,1031,2021-06-11 15:05:00,PASG
13.99,14.005,13.96,14.005,1117,2021-06-11 15:10:00,PASG
14.01,14.025,14.01,14.025,600,2021-06-11 15:15:00,PASG
14.05,14.075,14.05,14.06,952,2021-06-11 15:20:00,PASG
14.06,14.075,14.05,14.07,1727,2021-06-11 15:25:00,PASG
14.07,14.105,14.04,14.09,873,2021-06-11 15:35:00,PASG
14.1,14.1,14.07,14.07,200,2021-06-11 15:40:00,PASG
14.02,14.0749,14.02,14.0749,550,2021-06-11 15:45:00,PASG
14.06,14.06,14.04,14.04,300,2021-06-11 15:50:00,PASG
14.06,14.06,14.01,14.01,300,2021-06-11 15:55:00,PASG
14.01,14.055,14.01,14.05,835,2021-06-11 16:00:00,PASG
14.04,14.04,14.04,14.04,100,2021-06-11 16:05:00,PASG
14.02,14.02,14.0,14.0,300,2021-06-11 16:10:00,PASG
13.99,14.025,13.99,14.025,8100,2021-06-11 16:15:00,PASG
14.03,14.06,14.03,14.06,300,2021-06-11 16:20:00,PASG
14.0,14.0,14.0,14.0,100,2021-06-11 16:25:00,PASG
13.98,14.0,13.98,13.98,500,2021-06-11 16:30:00,PASG
14.01,14.04,14.01,14.04,819,2021-06-11 16:35:00,PASG
14.09,14.09,14.07,14.07,411,2021-06-11 16:40:00,PASG
14.07,14.09,14.07,14.09,300,2021-06-11 16:50:00,PASG
14.1,14.115,14.0,14.04,28661,2021-06-11 16:55:00,PASG
14.02,14.02,14.01,14.01,400,2021-06-11 17:00:00,PASG
13.975,14.1,13.975,14.1,400,2021-06-11 17:05:00,PASG
14.17,14.17,14.07,14.07,2500,2021-06-11 17:10:00,PASG
14.0,14.05,14.0,14.01,1000,2021-06-11 17:15:00,PASG
13.97,14.06,13.97,14.02,1277,2021-06-11 17:20:00,PASG
14.025,14.08,14.025,14.08,400,2021-06-11 17:25:00,PASG
14.02,14.02,14.01,14.01,400,2021-06-11 17:30:00,PASG
14.0522,14.07,14.0,14.07,450,2021-06-11 17:40:00,PASG
14.05,14.08,14.05,14.08,700,2021-06-11 17:45:00,PASG
14.075,14.13,14.05,14.13,1113,2021-06-11 17:50:00,PASG
14.07,14.07,14.06,14.06,200,2021-06-11 17:55:00,PASG
14.08,14.14,14.08,14.1212,2250,2021-06-11 18:00:00,PASG
14.17,14.17,14.17,14.17,100,2021-06-11 18:05:00,PASG
14.15,14.15,14.12,14.12,536,2021-06-11 18:10:00,PASG
14.15,14.15,14.15,14.15,200,2021-06-11 18:15:00,PASG
14.135,14.16,14.11,14.16,1703,2021-06-11 18:20:00,PASG
14.15,14.15,14.13,14.14,800,2021-06-11 18:25:00,PASG
14.14,14.14,14.1,14.1,400,2021-06-11 18:30:00,PASG
14.12,14.15,14.12,14.15,1300,2021-06-11 18:35:00,PASG
14.155,14.155,14.155,14.155,200,2021-06-11 18:40:00,PASG
14.13,14.13,14.0,14.12,9539,2021-06-11 18:45:00,PASG
14.0601,14.09,14.0601,14.09,1200,2021-06-11 18:50:00,PASG
14.08,14.13,14.08,14.13,817,2021-06-11 18:55:00,PASG
14.18,14.19,14.18,14.19,700,2021-06-11 19:00:00,PASG
14.18,14.2003,14.18,14.2003,719,2021-06-11 19:05:00,PASG
14.21,14.21,14.15,14.15,1517,2021-06-11 19:10:00,PASG
14.18,14.18,14.18,14.18,100,2021-06-11 19:15:00,PASG
14.17,14.23,14.17,14.17,2117,2021-06-11 19:20:00,PASG
14.15,14.17,14.14,14.14,1220,2021-06-11 19:25:00,PASG
14.14,14.17,14.13,14.15,1600,2021-06-11 19:30:00,PASG
14.15,14.18,14.12,14.18,2342,2021-06-11 19:35:00,PASG
14.13,14.16,14.06,14.11,3512,2021-06-11 19:40:00,PASG
14.12,14.12,14.065,14.08,2853,2021-06-11 19:45:00,PASG
14.07,14.125,14.06,14.1,3025,2021-06-11 19:50:00,PASG
14.095,14.15,14.06,14.14,11087,2021-06-11 19:55:00,PASG
14.11,14.11,14.11,14.11,30010,2021-06-11 20:00:00,PASG
14.0,14.0,14.0,14.0,300,2021-06-11 21:20:00,PASG
14.23,14.43,14.23,14.43,3387,2021-06-14 13:30:00,PASG
14.415,14.54,14.415,14.54,2275,2021-06-14 13:35:00,PASG
14.52,14.56,14.46,14.53,2720,2021-06-14 13:40:00,PASG
14.57,14.78,14.5405,14.76,3239,2021-06-14 13:45:00,PASG
14.7,14.75,14.7,14.75,601,2021-06-14 13:50:00,PASG
14.75,14.96,14.75,14.96,3998,2021-06-14 13:55:00,PASG
14.85,15.0,14.75,14.97,10795,2021-06-14 14:00:00,PASG
14.955,14.9788,14.82,14.83,7301,2021-06-14 14:05:00,PASG
14.85,14.89,14.805,14.86,7050,2021-06-14 14:10:00,PASG
14.82,14.9,14.77,14.77,4695,2021-06-14 14:15:00,PASG
14.76,14.84,14.74,14.84,400,2021-06-14 14:20:00,PASG
14.82,14.82,14.82,14.82,100,2021-06-14 14:25:00,PASG
14.82,14.82,14.785,14.785,650,2021-06-14 14:30:00,PASG
14.76,14.76,14.66,14.6744,1425,2021-06-14 14:35:00,PASG
14.59,14.6903,14.59,14.6903,400,2021-06-14 14:40:00,PASG
14.656,14.665,14.61,14.665,846,2021-06-14 14:45:00,PASG
14.63,14.63,14.63,14.63,200,2021-06-14 14:50:00,PASG
14.71,14.71,14.51,14.6,4886,2021-06-14 14:55:00,PASG
14.555,14.6,14.52,14.6,10931,2021-06-14 15:00:00,PASG
14.5829,14.63,14.575,14.63,808,2021-06-14 15:05:00,PASG
14.72,14.72,14.59,14.71,600,2021-06-14 15:10:00,PASG
14.71,14.71,14.61,14.61,700,2021-06-14 15:15:00,PASG
14.62,14.67,14.61,14.628,800,2021-06-14 15:20:00,PASG
14.64,14.67,14.64,14.67,1100,2021-06-14 15:30:00,PASG
14.67,14.67,14.55,14.55,1187,2021-06-14 15:35:00,PASG
14.58,14.5911,14.58,14.5911,302,2021-06-14 15:45:00,PASG
14.61,14.61,14.61,14.61,200,2021-06-14 15:50:00,PASG
14.59,14.59,14.57,14.57,574,2021-06-14 15:55:00,PASG
14.61,14.73,14.61,14.73,600,2021-06-14 16:05:00,PASG
14.65,14.65,14.65,14.65,100,2021-06-14 16:10:00,PASG
14.64,14.68,14.64,14.68,810,2021-06-14 16:15:00,PASG
14.63,14.666,14.63,14.65,1600,2021-06-14 16:20:00,PASG
14.68,14.69,14.63,14.68,2700,2021-06-14 16:25:00,PASG
14.6238,14.6238,14.47,14.52,1798,2021-06-14 16:30:00,PASG
14.6,14.69,14.6,14.69,1271,2021-06-14 16:35:00,PASG
14.68,14.68,14.6,14.6,200,2021-06-14 16:40:00,PASG
14.6624,14.68,14.6,14.68,650,2021-06-14 16:45:00,PASG
14.603,14.6083,14.56,14.56,3500,2021-06-14 16:50:00,PASG
14.6,14.6,14.57,14.57,206,2021-06-14 16:55:00,PASG
14.6,14.65,14.6,14.65,1682,2021-06-14 17:00:00,PASG
14.65,14.69,14.65,14.69,300,2021-06-14 17:05:00,PASG
14.66,14.68,14.65,14.66,600,2021-06-14 17:10:00,PASG
14.68,14.68,14.58,14.58,1180,2021-06-14 17:15:00,PASG
14.57,14.57,14.55,14.55,904,2021-06-14 17:20:00,PASG
14.585,14.615,14.585,14.6,964,2021-06-14 17:30:00,PASG
14.6,14.62,14.6,14.605,580,2021-06-14 17:35:00,PASG
14.61,14.64,14.55,14.55,900,2021-06-14 17:40:00,PASG
14.55,14.55,14.55,14.55,100,2021-06-14 17:45:00,PASG
14.52,14.52,14.49,14.49,500,2021-06-14 17:50:00,PASG
14.481,14.498,14.411,14.44,6640,2021-06-14 17:55:00,PASG
14.44,14.53,14.44,14.52,700,2021-06-14 18:00:00,PASG
14.55,14.55,14.51,14.51,420,2021-06-14 18:05:00,PASG
14.5,14.54,14.49,14.54,938,2021-06-14 18:10:00,PASG
14.54,14.54,14.53,14.535,300,2021-06-14 18:15:00,PASG
14.54,14.54,14.5,14.5,500,2021-06-14 18:20:00,PASG
14.455,14.455,14.455,14.455,100,2021-06-14 18:25:00,PASG
14.47,14.61,14.47,14.55,1200,2021-06-14 18:30:00,PASG
14.51,14.57,14.49,14.525,1914,2021-06-14 18:35:00,PASG
14.56,14.56,14.56,14.56,100,2021-06-14 18:40:00,PASG
14.55,14.56,14.53,14.53,2755,2021-06-14 18:45:00,PASG
14.59,14.59,14.53,14.54,2230,2021-06-14 18:50:00,PASG
14.52,14.52,14.49,14.49,200,2021-06-14 19:00:00,PASG
14.525,14.535,14.51,14.535,300,2021-06-14 19:05:00,PASG
14.52,14.53,14.51,14.51,900,2021-06-14 19:10:00,PASG
14.55,14.61,14.55,14.61,846,2021-06-14 19:15:00,PASG
14.57,14.5827,14.56,14.58,998,2021-06-14 19:20:00,PASG
14.565,14.64,14.565,14.64,952,2021-06-14 19:25:00,PASG
14.595,14.6,14.585,14.6,1897,2021-06-14 19:30:00,PASG
14.58,14.58,14.5,14.51,2416,2021-06-14 19:35:00,PASG
14.54,14.54,14.515,14.515,200,2021-06-14 19:40:00,PASG
14.515,14.53,14.51,14.52,2286,2021-06-14 19:45:00,PASG
14.51,14.51,14.42,14.43,12683,2021-06-14 19:50:00,PASG
14.43,14.49,14.38,14.46,16288,2021-06-14 19:55:00,PASG
14.47,14.47,14.47,14.47,128198,2021-06-14 20:00:00,PASG
14.57,14.79,14.57,14.79,600,2021-06-14 20:25:00,PASG
15.5,15.5,15.5,15.5,480,2021-06-15 12:35:00,PASG
14.91,14.91,14.91,14.91,100,2021-06-15 12:55:00,PASG
16.2899,16.2899,16.2899,16.2899,100,2021-06-15 13:05:00,PASG
15.59,15.59,15.17,15.59,700,2021-06-15 13:25:00,PASG
15.2,15.2,14.76,14.88,24392,2021-06-15 13:30:00,PASG
14.96,14.98,14.835,14.9,3254,2021-06-15 13:35:00,PASG
14.95,15.09,14.95,14.97,7647,2021-06-15 13:40:00,PASG
15.04,15.04,14.98,15.03,1166,2021-06-15 13:45:00,PASG
15.0,15.05,14.94,14.94,3072,2021-06-15 13:50:00,PASG
14.87,14.87,14.83,14.83,200,2021-06-15 13:55:00,PASG
14.8475,15.04,14.81,14.9975,11315,2021-06-15 14:00:00,PASG
14.95,15.15,14.95,15.15,2920,2021-06-15 14:05:00,PASG
15.15,15.2,15.11,15.11,1240,2021-06-15 14:10:00,PASG
15.11,15.3438,15.1,15.285,3762,2021-06-15 14:15:00,PASG
15.24,15.24,15.11,15.15,2701,2021-06-15 14:20:00,PASG
14.98,15.03,14.94,14.94,5000,2021-06-15 14:25:00,PASG
14.95,14.97,14.88,14.88,1400,2021-06-15 14:30:00,PASG
14.9,14.945,14.82,14.885,2424,2021-06-15 14:35:00,PASG
14.9,14.98,14.85,14.98,3086,2021-06-15 14:40:00,PASG
14.975,14.975,14.9,14.95,4848,2021-06-15 14:45:00,PASG
14.88,14.88,14.83,14.83,204,2021-06-15 14:50:00,PASG
14.87,14.88,14.6,14.6,9418,2021-06-15 15:00:00,PASG
14.61,14.64,14.55,14.64,900,2021-06-15 15:05:00,PASG
14.71,14.7599,14.69,14.69,300,2021-06-15 15:10:00,PASG
14.7191,14.7191,14.54,14.5829,1800,2021-06-15 15:15:00,PASG
14.49,14.54,14.35,14.35,5753,2021-06-15 15:20:00,PASG
14.275,14.345,14.23,14.33,2837,2021-06-15 15:25:00,PASG
14.33,14.39,14.28,14.28,1802,2021-06-15 15:30:00,PASG
14.25,14.38,14.235,14.36,1500,2021-06-15 15:35:00,PASG
14.31,14.3786,14.13,14.215,9458,2021-06-15 15:40:00,PASG
14.17,14.38,14.17,14.38,1614,2021-06-15 15:45:00,PASG
14.34,14.4,14.29,14.355,800,2021-06-15 15:50:00,PASG
14.37,14.4,14.31,14.4,800,2021-06-15 15:55:00,PASG
14.44,14.44,14.35,14.35,800,2021-06-15 16:00:00,PASG
14.34,14.36,14.24,14.35,2226,2021-06-15 16:05:00,PASG
14.25,14.375,14.25,14.315,1398,2021-06-15 16:10:00,PASG
14.39,14.43,14.39,14.43,500,2021-06-15 16:15:00,PASG
14.46,14.46,14.41,14.41,300,2021-06-15 16:20:00,PASG
14.41,14.465,14.38,14.42,889,2021-06-15 16:25:00,PASG
14.44,14.46,14.44,14.46,600,2021-06-15 16:30:00,PASG
14.5,14.52,14.45,14.45,1000,2021-06-15 16:35:00,PASG
14.5,14.5,14.45,14.46,738,2021-06-15 16:40:00,PASG
14.43,14.45,14.305,14.45,1200,2021-06-15 16:45:00,PASG
14.44,14.47,14.41,14.41,800,2021-06-15 16:50:00,PASG
14.39,14.39,14.34,14.36,744,2021-06-15 16:55:00,PASG
14.34,14.47,14.33,14.45,2903,2021-06-15 17:00:00,PASG
14.38,14.43,14.34,14.43,2141,2021-06-15 17:05:00,PASG
14.44,14.44,14.44,14.44,100,2021-06-15 17:10:00,PASG
14.42,14.5,14.42,14.5,1300,2021-06-15 17:15:00,PASG
14.535,14.55,14.53,14.54,803,2021-06-15 17:20:00,PASG
14.52,14.53,14.52,14.53,625,2021-06-15 17:25:00,PASG
14.518,14.518,14.518,14.518,400,2021-06-15 17:30:00,PASG
14.52,14.52,14.511,14.511,550,2021-06-15 17:35:00,PASG
14.5,14.55,14.49,14.55,888,2021-06-15 17:40:00,PASG
14.631,14.631,14.592,14.592,490,2021-06-15 17:50:00,PASG
14.57,14.57,14.49,14.535,1100,2021-06-15 17:55:00,PASG
14.51,14.52,14.51,14.52,300,2021-06-15 18:05:00,PASG
14.54,14.55,14.54,14.55,296,2021-06-15 18:10:00,PASG
14.53,14.54,14.525,14.525,400,2021-06-15 18:15:00,PASG
14.5,14.5,14.5,14.5,200,2021-06-15 18:20:00,PASG
14.52,14.52,14.52,14.52,300,2021-06-15 18:25:00,PASG
14.53,14.53,14.5,14.51,1302,2021-06-15 18:30:00,PASG
14.53,14.55,14.51,14.54,600,2021-06-15 18:35:00,PASG
14.55,14.57,14.55,14.565,1300,2021-06-15 18:40:00,PASG
14.57,14.57,14.57,14.57,100,2021-06-15 18:45:00,PASG
14.61,14.62,14.57,14.6,1628,2021-06-15 18:50:00,PASG
14.64,14.64,14.64,14.64,100,2021-06-15 18:55:00,PASG
14.575,14.575,14.56,14.56,341,2021-06-15 19:00:00,PASG
14.58,14.58,14.53,14.54,1108,2021-06-15 19:05:00,PASG
14.53,14.53,14.53,14.53,100,2021-06-15 19:10:00,PASG
14.53,14.53,14.5,14.5,300,2021-06-15 19:15:00,PASG
14.48,14.495,14.47,14.47,1200,2021-06-15 19:25:00,PASG
14.51,14.64,14.51,14.59,3200,2021-06-15 19:30:00,PASG
14.595,14.595,14.52,14.59,2175,2021-06-15 19:35:00,PASG
14.58,14.62,14.55,14.59,2334,2021-06-15 19:40:00,PASG
14.57,14.6,14.56,14.6,2042,2021-06-15 19:45:00,PASG
14.58,14.61,14.5,14.5,5867,2021-06-15 19:50:00,PASG
14.5,14.54,14.44,14.54,13091,2021-06-15 19:55:00,PASG
14.53,14.53,14.53,14.53,69744,2021-06-15 20:00:00,PASG
14.53,14.53,14.53,14.53,1256,2021-06-15 20:10:00,PASG
14.35,14.505,14.34,14.505,2018,2021-06-16 13:30:00,PASG
14.64,14.64,14.64,14.64,200,2021-06-16 13:35:00,PASG
14.6001,14.66,14.6,14.66,2700,2021-06-16 13:40:00,PASG
14.65,14.75,14.65,14.655,889,2021-06-16 13:45:00,PASG
14.7,14.76,14.63,14.64,1400,2021-06-16 13:50:00,PASG
14.65,14.65,14.6,14.6,800,2021-06-16 13:55:00,PASG
14.58,14.66,14.53,14.56,1525,2021-06-16 14:00:00,PASG
14.54,14.57,14.39,14.39,4219,2021-06-16 14:05:00,PASG
14.39,14.39,14.39,14.39,100,2021-06-16 14:10:00,PASG
14.51,14.51,14.51,14.51,300,2021-06-16 14:15:00,PASG
14.54,14.72,14.53,14.53,700,2021-06-16 14:20:00,PASG
14.53,14.53,14.53,14.53,100,2021-06-16 14:25:00,PASG
14.53,14.63,14.51,14.56,600,2021-06-16 14:30:00,PASG
14.51,14.55,14.51,14.55,800,2021-06-16 14:35:00,PASG
14.49,14.51,14.46,14.46,5200,2021-06-16 14:45:00,PASG
14.54,14.54,14.5,14.5,200,2021-06-16 14:50:00,PASG
14.55,14.57,14.52,14.57,600,2021-06-16 14:55:00,PASG
14.63,14.63,14.49,14.63,1114,2021-06-16 15:00:00,PASG
14.65,14.65,14.6,14.6,501,2021-06-16 15:05:00,PASG
14.59,14.59,14.48,14.58,1995,2021-06-16 15:10:00,PASG
14.58,14.58,14.55,14.55,229,2021-06-16 15:15:00,PASG
14.59,14.63,14.5,14.53,1391,2021-06-16 15:20:00,PASG
14.58,14.65,14.58,14.65,709,2021-06-16 15:25:00,PASG
14.54,14.54,14.54,14.54,100,2021-06-16 15:30:00,PASG
14.54,14.54,14.5101,14.53,500,2021-06-16 15:35:00,PASG
14.58,14.66,14.58,14.6,5550,2021-06-16 15:40:00,PASG
14.62,14.68,14.55,14.6,5798,2021-06-16 15:45:00,PASG
14.62,14.63,14.62,14.63,200,2021-06-16 15:50:00,PASG
14.62,14.62,14.51,14.55,11916,2021-06-16 15:55:00,PASG
14.525,14.55,14.48,14.48,2600,2021-06-16 16:00:00,PASG
14.45,14.5,14.43,14.5,500,2021-06-16 16:05:00,PASG
14.49,14.53,14.42,14.42,500,2021-06-16 16:10:00,PASG
14.44,14.44,14.4,14.4,500,2021-06-16 16:15:00,PASG
14.35,14.37,14.33,14.335,1700,2021-06-16 16:20:00,PASG
14.3699,14.3699,14.31,14.34,2300,2021-06-16 16:25:00,PASG
14.35,14.4,14.31,14.34,1500,2021-06-16 16:30:00,PASG
14.29,14.31,14.23,14.31,1303,2021-06-16 16:40:00,PASG
14.29,14.33,14.29,14.31,300,2021-06-16 16:45:00,PASG
14.36,14.37,14.34,14.34,1000,2021-06-16 16:50:00,PASG
14.32,14.34,14.31,14.31,600,2021-06-16 16:55:00,PASG
14.32,14.33,14.32,14.33,200,2021-06-16 17:00:00,PASG
14.36,14.36,14.33,14.33,207,2021-06-16 17:05:00,PASG
14.29,14.36,14.29,14.29,405,2021-06-16 17:10:00,PASG
14.31,14.35,14.31,14.35,400,2021-06-16 17:15:00,PASG
14.285,14.35,14.285,14.35,600,2021-06-16 17:20:00,PASG
14.28,14.3,14.2,14.26,1129,2021-06-16 17:25:00,PASG
14.2,14.255,14.195,14.21,646,2021-06-16 17:30:00,PASG
14.25,14.29,14.21,14.29,1454,2021-06-16 17:35:00,PASG
14.3,14.32,14.3,14.32,1185,2021-06-16 17:40:00,PASG
14.29,14.33,14.25,14.29,1153,2021-06-16 17:45:00,PASG
14.32,14.35,14.315,14.35,500,2021-06-16 17:50:00,PASG
14.35,14.43,14.29,14.43,500,2021-06-16 17:55:00,PASG
14.29,14.4,14.16,14.19,1300,2021-06-16 18:00:00,PASG
14.23,14.29,14.165,14.27,2700,2021-06-16 18:05:00,PASG
14.29,14.3,14.18,14.18,2478,2021-06-16 18:10:00,PASG
14.11,14.23,14.045,14.13,3600,2021-06-16 18:15:00,PASG
14.11,14.11,14.11,14.11,1200,2021-06-16 18:20:00,PASG
14.225,14.3,14.16,14.3,900,2021-06-16 18:25:00,PASG
14.25,14.35,14.22,14.22,1600,2021-06-16 18:30:00,PASG
14.26,14.26,14.18,14.18,602,2021-06-16 18:35:00,PASG
14.145,14.2,14.04,14.07,700,2021-06-16 18:40:00,PASG
14.111,14.13,14.07,14.09,615,2021-06-16 18:45:00,PASG
14.135,14.21,14.12,14.21,800,2021-06-16 18:50:00,PASG
14.25,14.33,14.16,14.25,1186,2021-06-16 18:55:00,PASG
14.315,14.32,14.19,14.24,5008,2021-06-16 19:00:00,PASG
14.295,14.35,14.29,14.29,990,2021-06-16 19:05:00,PASG
14.39,14.39,14.37,14.37,200,2021-06-16 19:10:00,PASG
14.39,14.44,14.39,14.39,1000,2021-06-16 19:15:00,PASG
14.44,14.47,14.43,14.47,500,2021-06-16 19:20:00,PASG
14.5,14.6,14.48,14.505,2123,2021-06-16 19:25:00,PASG
14.5,14.5,14.43,14.45,2395,2021-06-16 19:30:00,PASG
14.44,14.48,14.44,14.465,1355,2021-06-16 19:35:00,PASG
14.51,14.56,14.46,14.53,2836,2021-06-16 19:40:00,PASG
14.48,14.52,14.46,14.46,1786,2021-06-16 19:45:00,PASG
14.42,14.52,14.41,14.41,6057,2021-06-16 19:50:00,PASG
14.44,14.47,14.37,14.41,9333,2021-06-16 19:55:00,PASG
14.44,14.44,14.44,14.44,109292,2021-06-16 20:00:00,PASG
14.49,14.49,14.33,14.355,1663,2021-06-17 13:30:00,PASG
14.5378,14.5378,14.39,14.51,520,2021-06-17 13:40:00,PASG
14.4335,14.49,14.37,14.49,425,2021-06-17 13:45:00,PASG
14.465,14.56,14.465,14.56,200,2021-06-17 13:50:00,PASG
14.42,14.63,14.42,14.57,6509,2021-06-17 13:55:00,PASG
14.57,14.58,14.54,14.54,9700,2021-06-17 14:00:00,PASG
14.6,14.69,14.6,14.685,1200,2021-06-17 14:05:00,PASG
14.59,14.63,14.54,14.54,1289,2021-06-17 14:10:00,PASG
14.58,14.62,14.53,14.595,2711,2021-06-17 14:15:00,PASG
14.65,14.68,14.6305,14.6305,1100,2021-06-17 14:20:00,PASG
14.66,14.79,14.66,14.79,200,2021-06-17 14:25:00,PASG
14.735,14.745,14.68,14.715,1400,2021-06-17 14:30:00,PASG
14.645,14.7,14.645,14.7,535,2021-06-17 14:40:00,PASG
14.76,14.87,14.71,14.795,3183,2021-06-17 14:45:00,PASG
14.78,14.79,14.75,14.75,765,2021-06-17 14:50:00,PASG
14.72,14.78,14.72,14.78,200,2021-06-17 15:00:00,PASG
14.81,14.86,14.81,14.81,663,2021-06-17 15:05:00,PASG
14.78,14.78,14.78,14.78,194,2021-06-17 15:10:00,PASG
14.88,14.88,14.88,14.88,1791,2021-06-17 15:15:00,PASG
14.8,14.8,14.8,14.8,100,2021-06-17 15:20:00,PASG
14.87,14.87,14.72,14.79,1800,2021-06-17 15:25:00,PASG
14.73,14.73,14.71,14.71,300,2021-06-17 15:30:00,PASG
14.635,14.635,14.635,14.635,100,2021-06-17 15:35:00,PASG
14.64,14.74,14.64,14.74,500,2021-06-17 15:40:00,PASG
14.77,14.77,14.65,14.65,1500,2021-06-17 15:45:00,PASG
14.66,14.66,14.66,14.66,100,2021-06-17 15:50:00,PASG
14.49,14.49,14.49,14.49,100,2021-06-17 15:55:00,PASG
14.44,14.44,14.44,14.44,100,2021-06-17 16:00:00,PASG
14.445,14.5,14.445,14.5,500,2021-06-17 16:05:00,PASG
14.46,14.46,14.43,14.44,500,2021-06-17 16:15:00,PASG
14.41,14.41,14.41,14.41,100,2021-06-17 16:20:00,PASG
14.36,14.36,14.28,14.29,900,2021-06-17 16:25:00,PASG
14.235,14.335,14.185,14.335,800,2021-06-17 16:30:00,PASG
14.285,14.285,14.28,14.28,300,2021-06-17 16:35:00,PASG
14.32,14.36,14.28,14.28,1879,2021-06-17 16:40:00,PASG
14.28,14.31,14.25,14.31,800,2021-06-17 16:45:00,PASG
14.26,14.275,14.26,14.275,200,2021-06-17 16:50:00,PASG
14.27,14.34,14.27,14.34,400,2021-06-17 16:55:00,PASG
14.32,14.37,14.31,14.315,4153,2021-06-17 17:00:00,PASG
14.315,14.37,14.315,14.3446,1900,2021-06-17 17:05:00,PASG
14.325,14.3506,14.29,14.31,1170,2021-06-17 17:10:00,PASG
14.33,14.33,14.31,14.31,400,2021-06-17 17:15:00,PASG
14.27,14.27,14.27,14.27,100,2021-06-17 17:20:00,PASG
14.29,14.35,14.29,14.35,400,2021-06-17 17:25:00,PASG
14.35,14.38,14.35,14.37,700,2021-06-17 17:30:00,PASG
14.32,14.41,14.32,14.41,529,2021-06-17 17:40:00,PASG
14.54,14.6,14.48,14.6,600,2021-06-17 17:50:00,PASG
14.49,14.63,14.45,14.45,400,2021-06-17 17:55:00,PASG
14.48,14.48,14.43,14.47,500,2021-06-17 18:10:00,PASG
14.53,14.53,14.53,14.53,200,2021-06-17 18:15:00,PASG
14.47,14.53,14.45,14.51,2516,2021-06-17 18:25:00,PASG
14.45,14.53,14.45,14.505,9252,2021-06-17 18:30:00,PASG
14.505,14.54,14.5,14.51,988,2021-06-17 18:35:00,PASG
14.47,14.485,14.431,14.485,391,2021-06-17 18:40:00,PASG
14.52,14.57,14.52,14.57,501,2021-06-17 18:45:00,PASG
14.5,14.58,14.47,14.56,996,2021-06-17 18:50:00,PASG
14.53,14.57,14.52,14.57,300,2021-06-17 18:55:00,PASG
14.53,14.6,14.51,14.59,500,2021-06-17 19:00:00,PASG
14.61,14.67,14.61,14.67,300,2021-06-17 19:05:00,PASG
14.59,14.63,14.59,14.63,500,2021-06-17 19:10:00,PASG
14.62,14.62,14.45,14.58,5424,2021-06-17 19:15:00,PASG
14.49,14.495,14.44,14.47,1596,2021-06-17 19:20:00,PASG
14.45,14.45,14.45,14.45,200,2021-06-17 19:25:00,PASG
14.455,14.54,14.455,14.52,2472,2021-06-17 19:30:00,PASG
14.525,14.53,14.5,14.5,500,2021-06-17 19:35:00,PASG
14.53,14.53,14.5,14.52,308,2021-06-17 19:40:00,PASG
14.52,14.6,14.52,14.56,1806,2021-06-17 19:45:00,PASG
14.53,14.56,14.47,14.47,4820,2021-06-17 19:50:00,PASG
14.53,14.58,14.47,14.53,6652,2021-06-17 19:55:00,PASG
14.53,14.53,14.53,14.53,82994,2021-06-17 20:00:00,PASG
14.53,14.53,14.53,14.53,2210,2021-06-17 20:05:00,PASG
14.21,14.22,14.2,14.22,600,2021-06-18 13:25:00,PASG
14.44,14.52,14.27,14.43,34774,2021-06-18 13:30:00,PASG
14.385,14.385,14.385,14.385,100,2021-06-18 13:35:00,PASG
14.42,14.44,14.42,14.44,200,2021-06-18 13:40:00,PASG
14.435,14.635,14.435,14.62,8802,2021-06-18 13:45:00,PASG
14.62,14.705,14.48,14.705,7317,2021-06-18 13:50:00,PASG
14.6,14.6,14.47,14.47,3531,2021-06-18 13:55:00,PASG
14.49,14.51,14.435,14.435,710,2021-06-18 14:00:00,PASG
14.395,14.4475,14.395,14.4475,200,2021-06-18 14:05:00,PASG
14.49,14.5,14.42,14.44,1200,2021-06-18 14:10:00,PASG
14.43,14.43,14.34,14.35,2330,2021-06-18 14:15:00,PASG
14.31,14.42,14.21,14.335,7491,2021-06-18 14:20:00,PASG
14.35,14.4,14.27,14.4,1778,2021-06-18 14:25:00,PASG
14.355,14.37,14.32,14.35,2115,2021-06-18 14:30:00,PASG
14.35,14.3577,14.32,14.3577,1444,2021-06-18 14:35:00,PASG
14.34,14.39,14.315,14.39,3506,2021-06-18 14:40:00,PASG
14.39,14.41,14.39,14.41,500,2021-06-18 14:45:00,PASG
14.4,14.41,14.335,14.335,1600,2021-06-18 14:50:00,PASG
14.335,14.4,14.335,14.35,1000,2021-06-18 14:55:00,PASG
14.35,14.35,14.3,14.34,2600,2021-06-18 15:00:00,PASG
14.35,14.415,14.32,14.4,1670,2021-06-18 15:05:00,PASG
14.39,14.43,14.37,14.37,1434,2021-06-18 15:10:00,PASG
14.43,14.44,14.39,14.44,400,2021-06-18 15:15:00,PASG
14.43,14.43,14.43,14.43,100,2021-06-18 15:25:00,PASG
14.42,14.5349,14.42,14.4701,1044,2021-06-18 15:30:00,PASG
14.49,14.49,14.49,14.49,100,2021-06-18 15:35:00,PASG
14.52,14.54,14.51,14.51,493,2021-06-18 15:40:00,PASG
14.5,14.5,14.43,14.5,600,2021-06-18 15:45:00,PASG
14.47,14.47,14.45,14.45,200,2021-06-18 15:50:00,PASG
14.44,14.47,14.44,14.47,300,2021-06-18 15:55:00,PASG
14.46,14.505,14.46,14.5,700,2021-06-18 16:00:00,PASG
14.5,14.5,14.47,14.47,500,2021-06-18 16:05:00,PASG
14.45,14.47,14.45,14.45,400,2021-06-18 16:15:00,PASG
14.38,14.415,14.38,14.415,200,2021-06-18 16:20:00,PASG
14.4,14.45,14.4,14.4172,650,2021-06-18 16:25:00,PASG
14.46,14.46,14.41,14.41,1100,2021-06-18 16:30:00,PASG
14.35,14.36,14.345,14.35,1100,2021-06-18 16:35:00,PASG
14.35,14.39,14.32,14.37,3595,2021-06-18 16:45:00,PASG
14.36,14.37,14.32,14.37,3090,2021-06-18 16:50:00,PASG
14.34,14.39,14.33,14.39,3354,2021-06-18 16:55:00,PASG
14.37,14.3999,14.325,14.325,1000,2021-06-18 17:00:00,PASG
14.38,14.39,14.35,14.35,1245,2021-06-18 17:05:00,PASG
14.36,14.415,14.36,14.415,4400,2021-06-18 17:10:00,PASG
14.4,14.41,14.335,14.335,2526,2021-06-18 17:15:00,PASG
14.35,14.36,14.31,14.325,5465,2021-06-18 17:20:00,PASG
14.34,14.39,14.335,14.35,1100,2021-06-18 17:25:00,PASG
14.36,14.36,14.335,14.34,800,2021-06-18 17:30:00,PASG
14.36,14.36,14.345,14.345,700,2021-06-18 17:35:00,PASG
14.34,14.35,14.34,14.35,1600,2021-06-18 17:40:00,PASG
14.335,14.34,14.31,14.34,400,2021-06-18 17:45:00,PASG
14.35,14.37,14.35,14.36,500,2021-06-18 17:50:00,PASG
14.38,14.38,14.3,14.3,1400,2021-06-18 17:55:00,PASG
14.32,14.34,14.31,14.34,1800,2021-06-18 18:00:00,PASG
14.34,14.37,14.32,14.34,2065,2021-06-18 18:05:00,PASG
14.36,14.36,14.33,14.35,900,2021-06-18 18:10:00,PASG
14.36,14.37,14.36,14.37,300,2021-06-18 18:15:00,PASG
14.355,14.37,14.34,14.35,3400,2021-06-18 18:20:00,PASG
14.34,14.36,14.33,14.36,1200,2021-06-18 18:25:00,PASG
14.37,14.37,14.35,14.35,600,2021-06-18 18:30:00,PASG
14.34,14.37,14.33,14.37,2390,2021-06-18 18:35:00,PASG
14.38,14.38,14.29,14.34,3307,2021-06-18 18:40:00,PASG
14.32,14.35,14.32,14.33,1893,2021-06-18 18:45:00,PASG
14.34,14.37,14.33,14.37,4300,2021-06-18 18:50:00,PASG
14.395,14.395,14.34,14.36,1600,2021-06-18 18:55:00,PASG
14.335,14.4,14.335,14.4,601,2021-06-18 19:00:00,PASG
14.42,14.42,14.37,14.38,900,2021-06-18 19:05:00,PASG
14.38,14.42,14.38,14.42,1398,2021-06-18 19:10:00,PASG
14.41,14.41,14.38,14.4,1900,2021-06-18 19:15:00,PASG
14.41,14.44,14.4,14.4,4179,2021-06-18 19:20:00,PASG
14.4,14.43,14.39,14.4,1100,2021-06-18 19:25:00,PASG
14.38,14.39,14.32,14.34,2900,2021-06-18 19:30:00,PASG
14.35,14.36,14.32,14.3401,8057,2021-06-18 19:35:00,PASG
14.34,14.39,14.34,14.365,1900,2021-06-18 19:40:00,PASG
14.35,14.37,14.32,14.36,10718,2021-06-18 19:45:00,PASG
14.35,14.43,14.35,14.39,9711,2021-06-18 19:50:00,PASG
14.405,14.42,14.34,14.34,34977,2021-06-18 19:55:00,PASG
14.36,14.36,14.36,14.36,352184,2021-06-18 20:00:00,PASG
14.59,14.59,14.59,14.59,100,2021-06-18 21:05:00,PASG
14.51,14.64,14.26,14.3,6572,2021-06-21 13:30:00,PASG
14.53,14.53,13.96,14.18,6400,2021-06-21 13:35:00,PASG
14.1,14.18,14.09,14.135,2660,2021-06-21 13:40:00,PASG
14.18,14.18,13.9,14.0606,12293,2021-06-21 13:45:00,PASG
14.13,14.14,13.9901,14.14,8954,2021-06-21 13:50:00,PASG
14.19,14.19,14.19,14.19,100,2021-06-21 13:55:00,PASG
14.25,14.255,14.17,14.255,1700,2021-06-21 14:00:00,PASG
14.25,14.305,14.25,14.295,1704,2021-06-21 14:05:00,PASG
14.23,14.23,14.12,14.22,1857,2021-06-21 14:10:00,PASG
14.255,14.255,14.11,14.13,1175,2021-06-21 14:15:00,PASG
14.1,14.2,14.09,14.15,1200,2021-06-21 14:20:00,PASG
14.15,14.25,14.11,14.1826,1300,2021-06-21 14:25:00,PASG
14.21,14.24,14.155,14.18,3200,2021-06-21 14:30:00,PASG
14.1101,14.1101,14.1101,14.1101,300,2021-06-21 14:35:00,PASG
14.215,14.215,14.15,14.15,406,2021-06-21 14:40:00,PASG
14.17,14.17,14.05,14.125,1349,2021-06-21 14:45:00,PASG
14.22,14.25,14.15,14.19,2618,2021-06-21 14:50:00,PASG
14.19,14.22,14.14,14.14,2952,2021-06-21 14:55:00,PASG
14.17,14.17,14.08,14.1499,1842,2021-06-21 15:00:00,PASG
14.1,14.185,14.1,14.15,1204,2021-06-21 15:05:00,PASG
14.29,14.29,14.16,14.16,1400,2021-06-21 15:10:00,PASG
14.11,14.11,14.11,14.11,100,2021-06-21 15:15:00,PASG
14.135,14.175,14.1,14.175,1000,2021-06-21 15:20:00,PASG
14.165,14.17,14.09,14.17,2027,2021-06-21 15:25:00,PASG
14.11,14.11,14.02,14.04,2405,2021-06-21 15:30:00,PASG
14.07,14.07,14.04,14.055,710,2021-06-21 15:40:00,PASG
14.04,14.07,14.04,14.07,866,2021-06-21 15:45:00,PASG
14.05,14.05,14.04,14.04,1309,2021-06-21 15:50:00,PASG
14.06,14.1,14.06,14.1,725,2021-06-21 15:55:00,PASG
14.12,14.125,14.12,14.125,204,2021-06-21 16:00:00,PASG
14.1,14.1,14.1,14.1,100,2021-06-21 16:05:00,PASG
14.14,14.14,14.11,14.14,833,2021-06-21 16:10:00,PASG
14.22,14.22,14.21,14.21,244,2021-06-21 16:15:00,PASG
14.2,14.2,14.2,14.2,100,2021-06-21 16:20:00,PASG
14.21,14.21,14.21,14.21,100,2021-06-21 16:25:00,PASG
14.225,14.23,14.2,14.23,700,2021-06-21 16:30:00,PASG
14.24,14.28,14.24,14.28,533,2021-06-21 16:35:00,PASG
14.27,14.29,14.27,14.29,200,2021-06-21 16:40:00,PASG
14.32,14.41,14.32,14.41,1200,2021-06-21 16:45:00,PASG
14.41,14.46,14.39,14.4,800,2021-06-21 16:50:00,PASG
14.385,14.42,14.37,14.38,1505,2021-06-21 16:55:00,PASG
14.37,14.37,14.37,14.37,100,2021-06-21 17:00:00,PASG
14.375,14.42,14.375,14.42,16700,2021-06-21 17:05:00,PASG
14.41,14.41,14.29,14.33,8523,2021-06-21 17:10:00,PASG
14.37,14.41,14.35,14.4,1994,2021-06-21 17:15:00,PASG
14.4,14.46,14.4,14.4,580,2021-06-21 17:20:00,PASG
14.35,14.35,14.34,14.34,200,2021-06-21 17:25:00,PASG
14.39,14.41,14.365,14.38,1142,2021-06-21 17:30:00,PASG
14.34,14.34,14.28,14.28,200,2021-06-21 17:40:00,PASG
14.27,14.32,14.27,14.32,481,2021-06-21 17:45:00,PASG
14.27,14.35,14.27,14.35,1200,2021-06-21 17:50:00,PASG
14.33,14.33,14.28,14.28,502,2021-06-21 18:00:00,PASG
14.31,14.345,14.31,14.345,400,2021-06-21 18:05:00,PASG
14.32,14.36,14.32,14.34,700,2021-06-21 18:15:00,PASG
14.33,14.33,14.33,14.33,100,2021-06-21 18:20:00,PASG
14.32,14.32,14.3,14.32,1000,2021-06-21 18:25:00,PASG
14.32,14.33,14.32,14.33,700,2021-06-21 18:30:00,PASG
14.325,14.325,14.325,14.325,100,2021-06-21 18:35:00,PASG
14.3,14.3,14.26,14.26,500,2021-06-21 18:40:00,PASG
14.26,14.27,14.24,14.24,435,2021-06-21 18:45:00,PASG
14.22,14.26,14.22,14.26,1809,2021-06-21 18:50:00,PASG
14.25,14.25,14.2233,14.2233,900,2021-06-21 18:55:00,PASG
14.23,14.3,14.22,14.3,1600,2021-06-21 19:00:00,PASG
14.27,14.27,14.27,14.27,100,2021-06-21 19:05:00,PASG
14.25,14.28,14.24,14.24,80214,2021-06-21 19:10:00,PASG
14.24,14.25,14.21,14.22,800,2021-06-21 19:15:00,PASG
14.19,14.19,14.13,14.13,500,2021-06-21 19:20:00,PASG
14.1,14.12,14.09,14.1,1973,2021-06-21 19:25:00,PASG
14.09,14.11,14.08,14.08,1594,2021-06-21 19:30:00,PASG
14.09,14.09,14.09,14.09,220,2021-06-21 19:35:00,PASG
14.07,14.14,14.07,14.1,3373,2021-06-21 19:40:00,PASG
14.12,14.12,14.09,14.09,850,2021-06-21 19:45:00,PASG
14.08,14.11,14.025,14.025,18162,2021-06-21 19:50:00,PASG
14.03,14.08,13.98,14.0,19278,2021-06-21 19:55:00,PASG
14.0,14.0,14.0,14.0,93585,2021-06-21 20:00:00,PASG
13.92,13.92,13.9,13.9,2394,2021-06-22 13:30:00,PASG
13.96,13.99,13.8501,13.8501,928,2021-06-22 13:35:00,PASG
13.91,14.035,13.91,14.035,1810,2021-06-22 13:40:00,PASG
14.0,14.06,13.935,13.935,2184,2021-06-22 13:45:00,PASG
13.93,13.93,13.82,13.82,814,2021-06-22 13:50:00,PASG
13.75,13.77,13.56,13.56,1712,2021-06-22 14:00:00,PASG
13.63,13.67,13.63,13.67,855,2021-06-22 14:05:00,PASG
13.65,13.7,13.63,13.7,1109,2021-06-22 14:10:00,PASG
13.68,13.7566,13.68,13.7566,585,2021-06-22 14:15:00,PASG
13.69,13.7,13.66,13.675,1100,2021-06-22 14:20:00,PASG
13.62,13.73,13.59,13.65,2512,2021-06-22 14:25:00,PASG
13.65,13.65,13.55,13.57,1850,2021-06-22 14:30:00,PASG
13.61,13.65,13.57,13.57,4154,2021-06-22 14:35:00,PASG
13.59,13.705,13.55,13.67,3647,2021-06-22 14:40:00,PASG
13.65,13.76,13.63,13.76,2324,2021-06-22 14:45:00,PASG
13.74,13.79,13.67,13.67,1600,2021-06-22 14:50:00,PASG
13.66,13.66,13.66,13.66,100,2021-06-22 14:55:00,PASG
13.7,13.72,13.7,13.72,200,2021-06-22 15:00:00,PASG
13.74,13.88,13.74,13.84,1000,2021-06-22 15:05:00,PASG
13.84,13.848,13.84,13.848,2617,2021-06-22 15:10:00,PASG
13.84,13.86,13.83,13.86,616,2021-06-22 15:15:00,PASG
13.82,13.83,13.81,13.83,606,2021-06-22 15:20:00,PASG
13.78,13.78,13.78,13.78,100,2021-06-22 15:25:00,PASG
13.74,13.74,13.73,13.73,317,2021-06-22 15:30:00,PASG
13.69,13.77,13.69,13.7,1200,2021-06-22 15:35:00,PASG
13.69,13.69,13.68,13.685,600,2021-06-22 15:40:00,PASG
13.73,13.75,13.7,13.7,2295,2021-06-22 15:50:00,PASG
13.67,13.71,13.64,13.66,1300,2021-06-22 15:55:00,PASG
13.64,13.64,13.64,13.64,100,2021-06-22 16:00:00,PASG
13.6456,13.715,13.6456,13.715,1089,2021-06-22 16:05:00,PASG
13.72,13.72,13.69,13.69,228,2021-06-22 16:10:00,PASG
13.6501,13.675,13.6501,13.675,400,2021-06-22 16:15:00,PASG
13.73,13.73,13.66,13.66,200,2021-06-22 16:20:00,PASG
13.675,13.68,13.675,13.68,200,2021-06-22 16:25:00,PASG
13.69,13.69,13.69,13.69,100,2021-06-22 16:30:00,PASG
13.68,13.69,13.66,13.68,1400,2021-06-22 16:35:00,PASG
13.645,13.66,13.645,13.66,400,2021-06-22 16:40:00,PASG
13.69,13.7,13.69,13.7,828,2021-06-22 16:55:00,PASG
13.6401,13.6401,13.6401,13.6401,120,2021-06-22 17:00:00,PASG
13.65,13.66,13.65,13.65,1000,2021-06-22 17:05:00,PASG
13.68,13.68,13.66,13.66,800,2021-06-22 17:10:00,PASG
13.65,13.705,13.6405,13.705,4000,2021-06-22 17:15:00,PASG
13.65,13.65,13.645,13.645,400,2021-06-22 17:20:00,PASG
13.65,13.66,13.65,13.66,200,2021-06-22 17:25:00,PASG
13.665,13.665,13.65,13.65,300,2021-06-22 17:30:00,PASG
13.665,13.695,13.665,13.695,300,2021-06-22 17:35:00,PASG
13.7,13.71,13.7,13.7,300,2021-06-22 17:40:00,PASG
13.7,13.76,13.7,13.76,500,2021-06-22 17:45:00,PASG
13.72,13.75,13.72,13.75,300,2021-06-22 17:50:00,PASG
13.7,13.73,13.7,13.73,400,2021-06-22 17:55:00,PASG
13.695,13.715,13.59,13.625,15759,2021-06-22 18:05:00,PASG
13.61,13.63,13.565,13.565,1800,2021-06-22 18:10:00,PASG
13.57,13.57,13.54,13.54,800,2021-06-22 18:15:00,PASG
13.51,13.51,13.5,13.5,300,2021-06-22 18:20:00,PASG
13.47,13.47,13.47,13.47,200,2021-06-22 18:25:00,PASG
13.47,13.47,13.43,13.43,900,2021-06-22 18:30:00,PASG
13.445,13.445,13.39,13.395,1100,2021-06-22 18:35:00,PASG
13.405,13.405,13.31,13.35,1300,2021-06-22 18:40:00,PASG
13.35,13.35,13.35,13.35,300,2021-06-22 18:45:00,PASG
13.36,13.36,13.36,13.36,100,2021-06-22 18:50:00,PASG
13.36,13.49,13.35,13.49,8275,2021-06-22 18:55:00,PASG
13.485,13.5,13.485,13.5,240,2021-06-22 19:00:00,PASG
13.55,13.55,13.5,13.5,800,2021-06-22 19:05:00,PASG
13.52,13.64,13.52,13.64,3031,2021-06-22 19:10:00,PASG
13.625,13.625,13.625,13.625,100,2021-06-22 19:15:00,PASG
13.67,13.67,13.6,13.6,1537,2021-06-22 19:20:00,PASG
13.55,13.55,13.54,13.54,600,2021-06-22 19:25:00,PASG
13.56,13.58,13.555,13.58,750,2021-06-22 19:30:00,PASG
13.55,13.61,13.51,13.55,12804,2021-06-22 19:35:00,PASG
13.54,13.57,13.528,13.54,1483,2021-06-22 19:40:00,PASG
13.54,13.54,13.5,13.525,2500,2021-06-22 19:45:00,PASG
13.54,13.65,13.54,13.62,6969,2021-06-22 19:50:00,PASG
13.615,13.65,13.46,13.59,13601,2021-06-22 19:55:00,PASG
13.56,13.56,13.56,13.56,102276,2021-06-22 20:00:00,PASG
13.55,13.55,13.55,13.55,100,2021-06-22 20:15:00,PASG
13.68,14.07,13.68,14.025,3232,2021-06-23 13:30:00,PASG
13.73,13.8874,13.71,13.86,2523,2021-06-23 13:35:00,PASG
13.89,14.1,13.89,13.935,5492,2021-06-23 13:40:00,PASG
13.9999,14.0,13.95,13.95,1294,2021-06-23 13:45:00,PASG
13.88,13.93,13.835,13.835,600,2021-06-23 13:50:00,PASG
13.9,13.91,13.86,13.86,534,2021-06-23 13:55:00,PASG
13.84,13.9,13.71,13.71,76867,2021-06-23 14:00:00,PASG
13.68,13.775,13.68,13.74,900,2021-06-23 14:05:00,PASG
13.695,13.89,13.695,13.89,600,2021-06-23 14:10:00,PASG
13.81,13.83,13.71,13.73,2573,2021-06-23 14:15:00,PASG
13.62,13.74,13.62,13.65,825,2021-06-23 14:20:00,PASG
13.67,13.68,13.64,13.645,600,2021-06-23 14:25:00,PASG
13.6,13.6,13.56,13.57,620,2021-06-23 14:30:00,PASG
13.46,13.6,13.46,13.55,400,2021-06-23 14:35:00,PASG
13.63,13.64,13.63,13.64,200,2021-06-23 14:45:00,PASG
13.6,13.6,13.6,13.6,200,2021-06-23 14:50:00,PASG
13.59,13.59,13.46,13.46,600,2021-06-23 14:55:00,PASG
13.47,13.55,13.45,13.45,700,2021-06-23 15:00:00,PASG
13.47,13.47,13.47,13.47,100,2021-06-23 15:05:00,PASG
13.48,13.55,13.48,13.55,400,2021-06-23 15:10:00,PASG
13.565,13.61,13.51,13.61,370,2021-06-23 15:15:00,PASG
13.57,13.57,13.525,13.525,300,2021-06-23 15:20:00,PASG
13.54,13.54,13.51,13.51,300,2021-06-23 15:30:00,PASG
13.47,13.52,13.45,13.52,719,2021-06-23 15:35:00,PASG
13.51,13.51,13.51,13.51,100,2021-06-23 15:40:00,PASG
13.45,13.45,13.4035,13.42,1100,2021-06-23 15:45:00,PASG
13.42,13.43,13.42,13.43,876,2021-06-23 15:50:00,PASG
13.41,13.485,13.38,13.46,2661,2021-06-23 15:55:00,PASG
13.41,13.5,13.41,13.5,400,2021-06-23 16:00:00,PASG
13.49,13.5,13.49,13.5,500,2021-06-23 16:15:00,PASG
13.51,13.59,13.48,13.59,1700,2021-06-23 16:20:00,PASG
13.555,13.61,13.555,13.61,700,2021-06-23 16:25:00,PASG
13.62,13.63,13.58,13.63,400,2021-06-23 16:30:00,PASG
13.595,13.595,13.5,13.5,587,2021-06-23 16:35:00,PASG
13.52,13.52,13.47,13.47,200,2021-06-23 16:40:00,PASG
13.505,13.505,13.505,13.505,200,2021-06-23 16:50:00,PASG
13.46,13.54,13.46,13.54,200,2021-06-23 16:55:00,PASG
13.505,13.505,13.505,13.505,100,2021-06-23 17:00:00,PASG
13.55,13.55,13.505,13.505,300,2021-06-23 17:05:00,PASG
13.51,13.51,13.51,13.51,100,2021-06-23 17:10:00,PASG
13.53,13.53,13.5,13.5,513,2021-06-23 17:15:00,PASG
13.54,13.63,13.54,13.63,1300,2021-06-23 17:20:00,PASG
13.6,13.6,13.6,13.6,100,2021-06-23 17:25:00,PASG
13.62,13.62,13.58,13.58,200,2021-06-23 17:30:00,PASG
13.58,13.58,13.58,13.58,106,2021-06-23 17:35:00,PASG
13.6,13.645,13.6,13.645,700,2021-06-23 17:40:00,PASG
13.63,13.7,13.63,13.7,300,2021-06-23 17:45:00,PASG
13.6501,13.72,13.6501,13.71,500,2021-06-23 17:50:00,PASG
13.74,13.81,13.7,13.795,2851,2021-06-23 17:55:00,PASG
13.86,13.86,13.73,13.73,968,2021-06-23 18:00:00,PASG
13.735,13.735,13.735,13.735,100,2021-06-23 18:10:00,PASG
13.69,13.71,13.665,13.71,1000,2021-06-23 18:15:00,PASG
13.665,13.665,13.665,13.665,200,2021-06-23 18:20:00,PASG
13.68,13.68,13.68,13.68,200,2021-06-23 18:30:00,PASG
13.68,13.68,13.68,13.68,100,2021-06-23 18:35:00,PASG
13.71,13.75,13.71,13.75,600,2021-06-23 18:40:00,PASG
13.73,13.73,13.69,13.69,795,2021-06-23 18:45:00,PASG
13.75,13.75,13.75,13.75,300,2021-06-23 18:50:00,PASG
13.75,13.789,13.75,13.789,200,2021-06-23 18:55:00,PASG
13.75,13.79,13.75,13.79,600,2021-06-23 19:00:00,PASG
13.83,13.87,13.83,13.83,400,2021-06-23 19:05:00,PASG
13.87,13.925,13.82,13.82,3011,2021-06-23 19:10:00,PASG
13.83,13.87,13.83,13.87,700,2021-06-23 19:15:00,PASG
13.83,13.87,13.83,13.87,400,2021-06-23 19:20:00,PASG
13.87,13.88,13.87,13.88,1300,2021-06-23 19:25:00,PASG
13.86,13.87,13.84,13.84,1100,2021-06-23 19:30:00,PASG
13.83,13.83,13.79,13.79,1000,2021-06-23 19:35:00,PASG
13.83,13.83,13.77,13.775,1200,2021-06-23 19:40:00,PASG
13.77,13.79,13.77,13.77,1188,2021-06-23 19:45:00,PASG
13.76,13.83,13.76,13.83,3943,2021-06-23 19:50:00,PASG
13.82,13.83,13.75,13.79,7091,2021-06-23 19:55:00,PASG
13.76,13.76,13.76,13.76,77811,2021-06-23 20:00:00,PASG
15.5,15.5,15.5,15.5,100,2021-06-24 11:10:00,PASG
15.1,15.1,15.02,15.02,200,2021-06-24 11:15:00,PASG
14.8,14.8,14.8,14.8,200,2021-06-24 11:20:00,PASG
15.3,15.3,15.3,15.3,100,2021-06-24 12:25:00,PASG
15.5,15.5,15.5,15.5,100,2021-06-24 12:45:00,PASG
15.3,15.3,15.3,15.3,300,2021-06-24 13:15:00,PASG
14.46,14.9,14.31,14.746,25922,2021-06-24 13:30:00,PASG
14.834,15.19,14.834,15.12,9673,2021-06-24 13:35:00,PASG
15.19,15.26,15.03,15.07,13267,2021-06-24 13:40:00,PASG
15.08,15.08,14.925,14.99,7075,2021-06-24 13:45:00,PASG
14.99,15.09,14.98,15.05,5014,2021-06-24 13:50:00,PASG
15.03,15.075,14.995,15.075,2816,2021-06-24 13:55:00,PASG
15.075,15.13,15.075,15.09,19973,2021-06-24 14:00:00,PASG
15.1017,15.1089,14.98,15.045,3687,2021-06-24 14:05:00,PASG
15.045,15.0729,15.045,15.055,3135,2021-06-24 14:10:00,PASG
15.055,15.0893,14.92,14.955,4180,2021-06-24 14:15:00,PASG
14.955,15.09,14.94,15.09,15256,2021-06-24 14:20:00,PASG
15.0799,15.1,15.06,15.09,10611,2021-06-24 14:25:00,PASG
15.075,15.0801,15.0,15.026,3247,2021-06-24 14:30:00,PASG
15.0,15.09,14.98,15.09,11588,2021-06-24 14:35:00,PASG
15.075,15.075,15.0,15.0,2121,2021-06-24 14:40:00,PASG
15.01,15.0289,14.96,14.97,13350,2021-06-24 14:45:00,PASG
14.95,15.0,14.9,14.97,2650,2021-06-24 14:50:00,PASG
15.02,15.08,15.0,15.07,3107,2021-06-24 14:55:00,PASG
15.0,15.07,15.0,15.05,1561,2021-06-24 15:00:00,PASG
15.06,15.06,15.0,15.03,1450,2021-06-24 15:05:00,PASG
15.01,15.03,15.01,15.0189,450,2021-06-24 15:10:00,PASG
15.05,15.12,15.0,15.06,6391,2021-06-24 15:20:00,PASG
15.06,15.1092,15.01,15.02,4120,2021-06-24 15:25:00,PASG
15.03,15.03,14.97,15.0,2422,2021-06-24 15:30:00,PASG
14.98,14.9999,14.9601,14.98,1510,2021-06-24 15:35:00,PASG
14.97,14.97,14.95,14.95,300,2021-06-24 15:40:00,PASG
14.94,14.97,14.94,14.97,915,2021-06-24 15:45:00,PASG
14.99,14.99,14.92,14.9333,1170,2021-06-24 15:50:00,PASG
14.94,14.94,14.925,14.93,1141,2021-06-24 15:55:00,PASG
14.91,14.915,14.69,14.69,4826,2021-06-24 16:00:00,PASG
14.72,14.8099,14.71,14.765,1776,2021-06-24 16:05:00,PASG
14.7,14.73,14.695,14.695,2284,2021-06-24 16:10:00,PASG
14.7299,14.7299,14.61,14.69,1204,2021-06-24 16:15:00,PASG
14.69,14.69,14.62,14.67,800,2021-06-24 16:20:00,PASG
14.6792,14.86,14.6792,14.86,852,2021-06-24 16:25:00,PASG
14.86,14.86,14.65,14.65,900,2021-06-24 16:30:00,PASG
14.6943,14.71,14.65,14.65,4006,2021-06-24 16:35:00,PASG
14.68,14.68,14.56,14.57,1495,2021-06-24 16:40:00,PASG
14.56,14.6413,14.5,14.5,1600,2021-06-24 16:45:00,PASG
14.5,14.52,14.405,14.465,2715,2021-06-24 16:50:00,PASG
14.465,14.5,14.41,14.43,2550,2021-06-24 16:55:00,PASG
14.475,14.51,14.37,14.42,1859,2021-06-24 17:00:00,PASG
14.43,14.43,14.3947,14.4,640,2021-06-24 17:05:00,PASG
14.4,14.45,14.36,14.45,3290,2021-06-24 17:10:00,PASG
14.44,14.47,14.33,14.33,800,2021-06-24 17:15:00,PASG
14.38,14.4,14.37,14.37,800,2021-06-24 17:20:00,PASG
14.37,14.4799,14.37,14.39,2200,2021-06-24 17:25:00,PASG
14.425,14.425,14.4,14.4183,600,2021-06-24 17:30:00,PASG
14.39,14.4,14.33,14.4,1838,2021-06-24 17:35:00,PASG
14.425,14.425,14.425,14.425,175,2021-06-24 17:40:00,PASG
14.35,14.35,14.28,14.3,1605,2021-06-24 17:45:00,PASG
14.33,14.4018,14.33,14.385,950,2021-06-24 17:50:00,PASG
14.3525,14.41,14.3525,14.41,220,2021-06-24 17:55:00,PASG
14.36,14.3834,14.325,14.325,738,2021-06-24 18:00:00,PASG
14.325,14.37,14.25,14.33,2990,2021-06-24 18:05:00,PASG
14.339,14.38,14.285,14.32,2010,2021-06-24 18:10:00,PASG
14.3,14.339,14.285,14.285,868,2021-06-24 18:15:00,PASG
14.29,14.37,14.25,14.32,4588,2021-06-24 18:20:00,PASG
14.29,14.35,14.29,14.35,1139,2021-06-24 18:25:00,PASG
14.35,14.35,14.29,14.29,3670,2021-06-24 18:30:00,PASG
14.325,14.35,14.3,14.35,1500,2021-06-24 18:35:00,PASG
14.325,14.41,14.3,14.3807,1200,2021-06-24 18:40:00,PASG
14.37,14.37,14.3,14.3,400,2021-06-24 18:45:00,PASG
14.37,14.43,14.37,14.42,1800,2021-06-24 18:50:00,PASG
14.39,14.4058,14.32,14.325,2139,2021-06-24 18:55:00,PASG
14.4,14.4,14.33,14.39,300,2021-06-24 19:00:00,PASG
14.37,14.4,14.37,14.4,472,2021-06-24 19:05:00,PASG
14.41,14.41,14.33,14.41,1375,2021-06-24 19:10:00,PASG
14.4099,14.42,14.37,14.3833,2150,2021-06-24 19:15:00,PASG
14.33,14.39,14.29,14.29,1600,2021-06-24 19:20:00,PASG
14.34,14.35,14.29,14.3297,2516,2021-06-24 19:25:00,PASG
14.32,14.33,14.29,14.305,1880,2021-06-24 19:30:00,PASG
14.32,14.41,14.29,14.41,2400,2021-06-24 19:35:00,PASG
14.415,14.43,14.365,14.37,1700,2021-06-24 19:40:00,PASG
14.38,14.41,14.34,14.37,4338,2021-06-24 19:45:00,PASG
14.37,14.4,14.34,14.34,5279,2021-06-24 19:50:00,PASG
14.39,14.46,14.365,14.46,23771,2021-06-24 19:55:00,PASG
14.45,14.45,14.45,14.45,59281,2021-06-24 20:00:00,PASG
14.4,14.5994,14.39,14.39,19506,2021-06-25 13:30:00,PASG
14.4972,14.6299,14.4972,14.6299,1817,2021-06-25 13:35:00,PASG
14.469,14.5453,14.46,14.5453,615,2021-06-25 13:40:00,PASG
14.545,14.63,14.2,14.2,5503,2021-06-25 13:45:00,PASG
14.2,14.29,14.17,14.17,9472,2021-06-25 13:50:00,PASG
14.125,14.125,14.08,14.1178,1982,2021-06-25 13:55:00,PASG
14.125,14.205,14.06,14.205,15512,2021-06-25 14:00:00,PASG
14.205,14.28,14.2,14.24,3738,2021-06-25 14:05:00,PASG
14.21,14.21,14.14,14.15,1092,2021-06-25 14:10:00,PASG
14.2,14.25,14.18,14.25,4700,2021-06-25 14:15:00,PASG
14.27,14.27,14.12,14.12,700,2021-06-25 14:20:00,PASG
14.165,14.165,14.09,14.15,14203,2021-06-25 14:25:00,PASG
14.1826,14.1826,14.09,14.11,3300,2021-06-25 14:30:00,PASG
14.11,14.16,13.965,13.965,4350,2021-06-25 14:35:00,PASG
13.97,14.04,13.87,14.04,4136,2021-06-25 14:40:00,PASG
14.03,14.03,13.95,13.97,891,2021-06-25 14:45:00,PASG
13.9,13.96,13.84,13.94,3448,2021-06-25 14:50:00,PASG
14.02,14.1086,13.97,13.97,1900,2021-06-25 14:55:00,PASG
13.95,13.95,13.87,13.87,1070,2021-06-25 15:00:00,PASG
13.87,13.89,13.83,13.89,890,2021-06-25 15:05:00,PASG
13.83,13.8902,13.8,13.8902,1740,2021-06-25 15:10:00,PASG
13.78,13.92,13.77,13.8,2500,2021-06-25 15:15:00,PASG
13.84,13.8601,13.78,13.79,2060,2021-06-25 15:20:00,PASG
13.8446,13.96,13.8,13.87,3009,2021-06-25 15:25:00,PASG
13.94,13.952,13.91,13.91,1500,2021-06-25 15:30:00,PASG
13.95,14.0199,13.9,13.96,4692,2021-06-25 15:35:00,PASG
13.97,13.975,13.89,13.89,3100,2021-06-25 15:40:00,PASG
13.88,13.9699,13.88,13.92,1817,2021-06-25 15:45:00,PASG
13.93,14.01,13.93,14.01,2398,2021-06-25 15:50:00,PASG
13.96,13.97,13.96,13.96,320,2021-06-25 15:55:00,PASG
13.96,14.0499,13.96,13.96,412,2021-06-25 16:00:00,PASG
14.005,14.005,13.96,14.005,1540,2021-06-25 16:05:00,PASG
14.005,14.005,13.96,13.96,1445,2021-06-25 16:10:00,PASG
14.0,14.07,13.985,14.035,4768,2021-06-25 16:15:00,PASG
14.035,14.065,14.0,14.02,2750,2021-06-25 16:20:00,PASG
13.99,14.04,13.95,13.95,912,2021-06-25 16:25:00,PASG
13.95,14.019,13.94,13.94,1216,2021-06-25 16:30:00,PASG
14.01,14.06,13.98,14.06,2286,2021-06-25 16:35:00,PASG
14.06,14.065,14.025,14.065,1055,2021-06-25 16:40:00,PASG
14.02,14.1699,14.02,14.07,2723,2021-06-25 16:45:00,PASG
14.14,14.14,14.11,14.11,200,2021-06-25 16:50:00,PASG
14.11,14.11,14.07,14.07,1321,2021-06-25 16:55:00,PASG
14.06,14.06,14.04,14.04,1900,2021-06-25 17:00:00,PASG
14.07,14.11,14.05,14.07,2786,2021-06-25 17:05:00,PASG
14.075,14.13,14.075,14.13,1398,2021-06-25 17:10:00,PASG
14.09,14.13,14.05,14.12,1218,2021-06-25 17:15:00,PASG
14.12,14.12,14.12,14.12,100,2021-06-25 17:20:00,PASG
14.105,14.16,14.09,14.14,1900,2021-06-25 17:25:00,PASG
14.145,14.145,14.1075,14.1075,1621,2021-06-25 17:30:00,PASG
14.14,14.15,14.12,14.12,1700,2021-06-25 17:35:00,PASG
14.1,14.13,14.07,14.07,1398,2021-06-25 17:40:00,PASG
14.06,14.09,14.03,14.0752,2412,2021-06-25 17:45:00,PASG
14.06,14.1,14.06,14.1,600,2021-06-25 17:50:00,PASG
14.1,14.18,14.09,14.1,3689,2021-06-25 17:55:00,PASG
14.1,14.13,14.1,14.125,3084,2021-06-25 18:00:00,PASG
14.13,14.17,14.09,14.13,1433,2021-06-25 18:05:00,PASG
14.09,14.13,14.06,14.06,2190,2021-06-25 18:10:00,PASG
14.03,14.075,14.0,14.045,1376,2021-06-25 18:15:00,PASG
14.045,14.1226,14.045,14.095,2200,2021-06-25 18:20:00,PASG
14.05,14.14,14.05,14.055,500,2021-06-25 18:25:00,PASG
14.06,14.095,14.05,14.095,1100,2021-06-25 18:30:00,PASG
14.05,14.095,14.05,14.095,600,2021-06-25 18:35:00,PASG
14.13,14.13,14.06,14.06,4100,2021-06-25 18:40:00,PASG
14.05,14.135,14.05,14.135,2984,2021-06-25 18:45:00,PASG
14.14,14.2,14.13,14.2,17478,2021-06-25 18:50:00,PASG
14.2,14.275,14.2,14.27,2029,2021-06-25 18:55:00,PASG
14.27,14.3,14.17,14.17,3040,2021-06-25 19:00:00,PASG
14.19,14.19,14.06,14.105,3015,2021-06-25 19:05:00,PASG
14.06,14.1218,14.06,14.08,1864,2021-06-25 19:10:00,PASG
14.08,14.17,14.06,14.13,6011,2021-06-25 19:15:00,PASG
14.16,14.16,14.13,14.16,1948,2021-06-25 19:20:00,PASG
14.16,14.16,14.08,14.1,5203,2021-06-25 19:25:00,PASG
14.12,14.15,14.09,14.1,7881,2021-06-25 19:30:00,PASG
14.13,14.23,14.12,14.205,10741,2021-06-25 19:35:00,PASG
14.19,14.25,14.08,14.14,15676,2021-06-25 19:40:00,PASG
14.17,14.205,14.14,14.2,16109,2021-06-25 19:45:00,PASG
14.2,14.2,13.97,14.02,21855,2021-06-25 19:50:00,PASG
14.025,14.08,13.9,13.96,54604,2021-06-25 19:55:00,PASG
13.96,14.14,13.96,13.96,1071265,2021-06-25 20:00:00,PASG
13.96,13.96,13.96,13.96,178168,2021-06-25 20:35:00,PASG
14.13,14.43,14.13,14.165,5274,2021-06-28 13:30:00,PASG
14.26,14.28,14.05,14.05,5281,2021-06-28 13:35:00,PASG
14.1,14.1,13.96,13.97,12532,2021-06-28 13:40:00,PASG
14.15,14.15,14.0779,14.09,700,2021-06-28 13:45:00,PASG
14.095,14.095,14.02,14.04,400,2021-06-28 13:50:00,PASG
14.045,14.045,13.955,13.955,813,2021-06-28 13:55:00,PASG
13.93,14.07,13.93,14.07,526,2021-06-28 14:00:00,PASG
13.99,13.99,13.925,13.95,2700,2021-06-28 14:10:00,PASG
14.01,14.01,13.99,14.0,575,2021-06-28 14:15:00,PASG
14.0,14.0,13.92,13.92,1967,2021-06-28 14:20:00,PASG
13.9,13.9,13.82,13.85,1045,2021-06-28 14:25:00,PASG
13.89,13.91,13.89,13.91,435,2021-06-28 14:30:00,PASG
13.82,13.82,13.82,13.82,332,2021-06-28 14:35:00,PASG
13.875,13.875,13.67,13.67,2260,2021-06-28 14:40:00,PASG
13.62,13.73,13.62,13.71,863,2021-06-28 14:45:00,PASG
13.7301,13.75,13.71,13.7286,1510,2021-06-28 14:50:00,PASG
13.7,13.8,13.63,13.8,1965,2021-06-28 14:55:00,PASG
13.75,13.79,13.75,13.78,600,2021-06-28 15:00:00,PASG
13.8,13.8,13.67,13.69,1311,2021-06-28 15:05:00,PASG
13.75,13.78,13.75,13.78,600,2021-06-28 15:10:00,PASG
13.75,13.78,13.7126,13.7481,1545,2021-06-28 15:15:00,PASG
13.73,13.73,13.7,13.7,200,2021-06-28 15:20:00,PASG
13.74,13.81,13.72,13.81,962,2021-06-28 15:25:00,PASG
13.87,13.88,13.82,13.88,400,2021-06-28 15:30:00,PASG
13.81,13.81,13.775,13.78,1995,2021-06-28 15:35:00,PASG
13.77,13.78,13.77,13.779,800,2021-06-28 15:40:00,PASG
13.75,13.7857,13.75,13.7857,400,2021-06-28 15:45:00,PASG
13.75,13.83,13.75,13.815,1700,2021-06-28 15:50:00,PASG
13.85,13.88,13.85,13.88,200,2021-06-28 15:55:00,PASG
13.82,13.835,13.81,13.81,400,2021-06-28 16:05:00,PASG
13.81,13.81,13.76,13.8,3049,2021-06-28 16:10:00,PASG
13.8,13.8,13.8,13.8,1500,2021-06-28 16:15:00,PASG
13.81,13.8772,13.8,13.8,965,2021-06-28 16:20:00,PASG
13.82,13.82,13.82,13.82,100,2021-06-28 16:25:00,PASG
13.76,13.76,13.75,13.75,200,2021-06-28 16:30:00,PASG
13.75,13.75,13.73,13.745,800,2021-06-28 16:35:00,PASG
13.7,13.7,13.7,13.7,100,2021-06-28 16:40:00,PASG
13.7,13.7,13.62,13.62,10600,2021-06-28 16:45:00,PASG
13.7,13.75,13.685,13.75,300,2021-06-28 16:50:00,PASG
13.7546,13.7546,13.7546,13.7546,750,2021-06-28 16:55:00,PASG
13.7,13.7,13.7,13.7,100,2021-06-28 17:00:00,PASG
13.7,13.7594,13.7,13.745,2100,2021-06-28 17:05:00,PASG
13.72,13.72,13.72,13.72,300,2021-06-28 17:10:00,PASG
13.7,13.7,13.6,13.62,1696,2021-06-28 17:15:00,PASG
13.65,13.73,13.65,13.65,5082,2021-06-28 17:20:00,PASG
13.65,13.65,13.6,13.6,1487,2021-06-28 17:25:00,PASG
13.57,13.57,13.57,13.57,100,2021-06-28 17:30:00,PASG
13.59,13.61,13.59,13.61,300,2021-06-28 17:35:00,PASG
13.61,13.61,13.57,13.57,2091,2021-06-28 17:40:00,PASG
13.57,13.58,13.57,13.58,300,2021-06-28 17:45:00,PASG
13.54,13.57,13.54,13.57,200,2021-06-28 17:50:00,PASG
13.54,13.59,13.53,13.59,915,2021-06-28 17:55:00,PASG
13.63,13.63,13.63,13.63,100,2021-06-28 18:00:00,PASG
13.63,13.63,13.61,13.61,1300,2021-06-28 18:05:00,PASG
13.6,13.6,13.6,13.6,150,2021-06-28 18:10:00,PASG
13.5978,13.5978,13.5978,13.5978,150,2021-06-28 18:15:00,PASG
13.55,13.63,13.54,13.63,559,2021-06-28 18:20:00,PASG
13.59,13.59,13.49,13.49,4106,2021-06-28 18:25:00,PASG
13.45,13.51,13.45,13.51,1634,2021-06-28 18:30:00,PASG
13.5,13.5,13.5,13.5,100,2021-06-28 18:35:00,PASG
13.53,13.6,13.53,13.6,1437,2021-06-28 18:40:00,PASG
13.596,13.596,13.55,13.55,300,2021-06-28 18:45:00,PASG
13.58,13.6199,13.5785,13.6199,1100,2021-06-28 18:50:00,PASG
13.57,13.57,13.54,13.54,1194,2021-06-28 18:55:00,PASG
13.54,13.5699,13.5,13.5,1486,2021-06-28 19:00:00,PASG
13.54,13.54,13.47,13.47,1000,2021-06-28 19:05:00,PASG
13.475,13.5,13.45,13.499,2307,2021-06-28 19:10:00,PASG
13.52,13.54,13.52,13.535,300,2021-06-28 19:15:00,PASG
13.525,13.55,13.5,13.55,1526,2021-06-28 19:20:00,PASG
13.53,13.575,13.53,13.575,699,2021-06-28 19:25:00,PASG
13.58,13.61,13.57,13.61,614,2021-06-28 19:30:00,PASG
13.5601,13.6,13.54,13.6,2339,2021-06-28 19:35:00,PASG
13.63,13.63,13.575,13.61,1538,2021-06-28 19:40:00,PASG
13.6,13.6,13.57,13.575,1350,2021-06-28 19:45:00,PASG
13.56,13.58,13.55,13.58,3592,2021-06-28 19:50:00,PASG
13.55,13.63,13.55,13.57,6638,2021-06-28 19:55:00,PASG
13.57,13.57,13.57,13.57,28444,2021-06-28 20:00:00,PASG
13.59,13.76,13.45,13.64,5932,2021-06-29 13:30:00,PASG
13.56,13.7,13.56,13.7,1801,2021-06-29 13:35:00,PASG
13.75,13.76,13.71,13.76,2137,2021-06-29 13:40:00,PASG
13.8,13.8276,13.76,13.8276,600,2021-06-29 13:45:00,PASG
13.785,13.785,13.72,13.74,1638,2021-06-29 13:50:00,PASG
13.76,13.8399,13.65,13.65,425,2021-06-29 13:55:00,PASG
13.64,13.71,13.6122,13.71,2776,2021-06-29 14:00:00,PASG
13.6703,13.6703,13.6703,13.6703,215,2021-06-29 14:05:00,PASG
13.615,13.66,13.615,13.66,200,2021-06-29 14:10:00,PASG
13.58,13.65,13.58,13.65,900,2021-06-29 14:15:00,PASG
13.65,13.6675,13.54,13.54,864,2021-06-29 14:20:00,PASG
13.54,13.54,13.52,13.54,300,2021-06-29 14:25:00,PASG
13.61,13.66,13.6,13.66,1327,2021-06-29 14:35:00,PASG
13.6,13.63,13.45,13.56,137116,2021-06-29 14:40:00,PASG
13.65,13.74,13.64,13.64,700,2021-06-29 14:45:00,PASG
13.71,13.73,13.64,13.64,400,2021-06-29 14:50:00,PASG
13.63,13.695,13.63,13.695,242,2021-06-29 14:55:00,PASG
13.65,13.7491,13.65,13.72,1163,2021-06-29 15:00:00,PASG
13.65,13.76,13.62,13.728,976,2021-06-29 15:05:00,PASG
13.7599,13.7599,13.63,13.67,4081,2021-06-29 15:10:00,PASG
13.66,13.665,13.64,13.665,1092,2021-06-29 15:15:00,PASG
13.71,13.73,13.71,13.73,700,2021-06-29 15:20:00,PASG
13.82,13.82,13.776,13.776,750,2021-06-29 15:30:00,PASG
13.66,13.725,13.66,13.725,200,2021-06-29 15:40:00,PASG
13.72,13.7499,13.63,13.63,4600,2021-06-29 15:45:00,PASG
13.675,13.675,13.62,13.66,709,2021-06-29 15:50:00,PASG
13.6773,13.6773,13.6401,13.6401,3792,2021-06-29 15:55:00,PASG
13.67,13.67,13.61,13.61,800,2021-06-29 16:00:00,PASG
13.6434,13.66,13.57,13.61,596,2021-06-29 16:05:00,PASG
13.57,13.69,13.57,13.69,1028,2021-06-29 16:10:00,PASG
13.689,13.69,13.6699,13.6699,2243,2021-06-29 16:15:00,PASG
13.64,13.64,13.64,13.64,600,2021-06-29 16:20:00,PASG
13.62,13.62,13.62,13.62,400,2021-06-29 16:25:00,PASG
13.6,13.62,13.585,13.59,650,2021-06-29 16:30:00,PASG
13.59,13.63,13.59,13.59,300,2021-06-29 16:35:00,PASG
13.609,13.615,13.609,13.615,200,2021-06-29 16:40:00,PASG
13.5952,13.67,13.5952,13.67,700,2021-06-29 16:45:00,PASG
13.65,13.65,13.63,13.63,300,2021-06-29 16:50:00,PASG
13.63,13.64,13.62,13.64,500,2021-06-29 16:55:00,PASG
13.62,13.68,13.61,13.61,350,2021-06-29 17:00:00,PASG
13.53,13.53,13.51,13.51,600,2021-06-29 17:05:00,PASG
13.49,13.5539,13.49,13.5539,275,2021-06-29 17:10:00,PASG
13.5,13.51,13.5,13.51,400,2021-06-29 17:15:00,PASG
13.485,13.5,13.42,13.5,500,2021-06-29 17:20:00,PASG
13.5,13.53,13.5,13.53,300,2021-06-29 17:25:00,PASG
13.485,13.485,13.46,13.48,400,2021-06-29 17:30:00,PASG
13.45,13.45,13.45,13.45,100,2021-06-29 17:35:00,PASG
13.455,13.455,13.455,13.455,100,2021-06-29 17:40:00,PASG
13.49,13.49,13.42,13.43,814,2021-06-29 17:45:00,PASG
13.445,13.445,13.4203,13.4203,490,2021-06-29 17:50:00,PASG
13.44,13.44,13.39,13.39,2400,2021-06-29 17:55:00,PASG
13.39,13.39,13.38,13.38,678,2021-06-29 18:00:00,PASG
13.4,13.4,13.4,13.4,100,2021-06-29 18:05:00,PASG
13.38,13.41,13.35,13.36,1222,2021-06-29 18:10:00,PASG
13.39,13.39,13.35,13.35,1084,2021-06-29 18:15:00,PASG
13.335,13.36,13.33,13.35,912,2021-06-29 18:20:00,PASG
13.33,13.365,13.33,13.365,1612,2021-06-29 18:25:00,PASG
13.37,13.4,13.27,13.27,2510,2021-06-29 18:30:00,PASG
13.26,13.28,13.26,13.28,425,2021-06-29 18:35:00,PASG
13.31,13.32,13.17,13.26,5426,2021-06-29 18:40:00,PASG
13.2526,13.2526,13.19,13.215,404,2021-06-29 18:45:00,PASG
13.17,13.26,13.17,13.18,1083,2021-06-29 18:50:00,PASG
13.18,13.25,13.18,13.25,1593,2021-06-29 18:55:00,PASG
13.19,13.2,13.13,13.14,3401,2021-06-29 19:00:00,PASG
13.145,13.19,13.14,13.19,1204,2021-06-29 19:05:00,PASG
13.17,13.18,13.13,13.17,800,2021-06-29 19:10:00,PASG
13.12,13.145,13.12,13.14,900,2021-06-29 19:15:00,PASG
13.13,13.17,13.0,13.15,9804,2021-06-29 19:20:00,PASG
13.16,13.16,13.115,13.115,1470,2021-06-29 19:25:00,PASG
13.11,13.17,13.11,13.17,1453,2021-06-29 19:30:00,PASG
13.17,13.17,13.13,13.14,3667,2021-06-29 19:35:00,PASG
13.14,13.2,13.13,13.165,143151,2021-06-29 19:40:00,PASG
13.1737,13.2,13.13,13.15,4251,2021-06-29 19:45:00,PASG
13.14,13.16,13.12,13.15,6122,2021-06-29 19:50:00,PASG
13.15,13.16,13.07,13.1,12902,2021-06-29 19:55:00,PASG
13.12,13.12,13.12,13.12,19605,2021-06-29 20:00:00,PASG
13.3,13.3,13.3,13.3,100,2021-06-29 23:20:00,PASG
13.18,13.335,12.89,12.89,7796,2021-06-30 13:30:00,PASG
13.0441,13.19,13.0441,13.19,2630,2021-06-30 13:35:00,PASG
13.3112,13.405,13.25,13.25,763,2021-06-30 13:40:00,PASG
13.2,13.33,13.06,13.32,3350,2021-06-30 13:45:00,PASG
13.2384,13.28,13.2384,13.28,2460,2021-06-30 13:50:00,PASG
13.5,13.5,13.5,13.5,100,2021-06-30 13:55:00,PASG
13.5,13.59,13.4,13.59,1672,2021-06-30 14:00:00,PASG
13.585,13.7,13.585,13.7,868,2021-06-30 14:05:00,PASG
13.61,13.73,13.52,13.68,2800,2021-06-30 14:10:00,PASG
13.58,13.86,13.58,13.76,5802,2021-06-30 14:15:00,PASG
13.76,13.82,13.76,13.82,200,2021-06-30 14:20:00,PASG
13.76,13.82,13.71,13.76,400,2021-06-30 14:25:00,PASG
13.77,13.77,13.74,13.745,600,2021-06-30 14:30:00,PASG
13.755,13.76,13.53,13.69,9753,2021-06-30 14:35:00,PASG
13.61,13.75,13.61,13.67,1683,2021-06-30 14:40:00,PASG
13.59,13.79,13.59,13.695,400,2021-06-30 14:45:00,PASG
13.695,13.78,13.695,13.78,400,2021-06-30 14:50:00,PASG
13.735,13.78,13.735,13.735,1000,2021-06-30 14:55:00,PASG
13.74,13.78,13.59,13.63,6883,2021-06-30 15:00:00,PASG
13.67,13.69,13.635,13.69,600,2021-06-30 15:05:00,PASG
13.75,13.76,13.69,13.69,500,2021-06-30 15:10:00,PASG
13.685,13.76,13.685,13.76,300,2021-06-30 15:15:00,PASG
13.69,13.74,13.62,13.68,3517,2021-06-30 15:20:00,PASG
13.72,13.8,13.72,13.75,1300,2021-06-30 15:25:00,PASG
13.73,13.79,13.68,13.73,822,2021-06-30 15:30:00,PASG
13.73,13.79,13.706,13.79,2500,2021-06-30 15:35:00,PASG
13.7569,13.79,13.67,13.72,1766,2021-06-30 15:40:00,PASG
13.68,13.79,13.67,13.73,600,2021-06-30 15:45:00,PASG
13.67,13.73,13.67,13.73,1102,2021-06-30 15:50:00,PASG
13.77,13.77,13.65,13.67,1000,2021-06-30 15:55:00,PASG
13.76,13.76,13.64,13.64,1500,2021-06-30 16:00:00,PASG
13.685,13.685,13.66,13.685,300,2021-06-30 16:05:00,PASG
13.65,13.7,13.645,13.69,2000,2021-06-30 16:10:00,PASG
13.7099,13.7099,13.68,13.68,445,2021-06-30 16:15:00,PASG
13.68,13.68,13.635,13.635,1062,2021-06-30 16:20:00,PASG
13.64,13.64,13.61,13.61,1700,2021-06-30 16:25:00,PASG
13.64,13.645,13.63,13.64,1736,2021-06-30 16:30:00,PASG
13.63,13.63,13.58,13.58,3600,2021-06-30 16:35:00,PASG
13.565,13.5706,13.53,13.565,1300,2021-06-30 16:40:00,PASG
13.565,13.6,13.565,13.565,400,2021-06-30 16:45:00,PASG
13.565,13.565,13.56,13.56,500,2021-06-30 16:50:00,PASG
13.53,13.58,13.52,13.52,600,2021-06-30 16:55:00,PASG
13.55,13.55,13.55,13.55,300,2021-06-30 17:00:00,PASG
13.55,13.56,13.54,13.56,5043,2021-06-30 17:05:00,PASG
13.56,13.58,13.56,13.58,600,2021-06-30 17:10:00,PASG
13.56,13.56,13.56,13.56,500,2021-06-30 17:15:00,PASG
13.56,13.58,13.56,13.56,300,2021-06-30 17:20:00,PASG
13.56,13.58,13.54,13.58,1221,2021-06-30 17:25:00,PASG
13.58,13.58,13.53,13.555,800,2021-06-30 17:30:00,PASG
13.555,13.555,13.555,13.555,300,2021-06-30 17:35:00,PASG
13.57,13.58,13.55,13.58,1200,2021-06-30 17:40:00,PASG
13.58,13.58,13.58,13.58,200,2021-06-30 17:45:00,PASG
13.58,13.62,13.58,13.62,500,2021-06-30 17:50:00,PASG
13.58,13.58,13.58,13.58,871,2021-06-30 17:55:00,PASG
13.58,13.58,13.495,13.495,3800,2021-06-30 18:00:00,PASG
13.495,13.495,13.47,13.47,200,2021-06-30 18:05:00,PASG
13.47,13.49,13.45,13.45,2011,2021-06-30 18:10:00,PASG
13.45,13.56,13.45,13.535,1893,2021-06-30 18:15:00,PASG
13.535,13.535,13.5,13.515,619,2021-06-30 18:20:00,PASG
13.515,13.515,13.46,13.5099,1050,2021-06-30 18:25:00,PASG
13.51,13.51,13.4214,13.51,1726,2021-06-30 18:30:00,PASG
13.46,13.52,13.46,13.495,1923,2021-06-30 18:35:00,PASG
13.505,13.54,13.505,13.54,600,2021-06-30 18:40:00,PASG
13.49,13.49,13.455,13.455,1200,2021-06-30 18:45:00,PASG
13.455,13.54,13.455,13.54,1000,2021-06-30 18:50:00,PASG
13.5,13.55,13.48,13.5,3168,2021-06-30 18:55:00,PASG
13.48,13.5,13.48,13.48,600,2021-06-30 19:00:00,PASG
13.48,13.48,13.44,13.48,2784,2021-06-30 19:05:00,PASG
13.49,13.51,13.445,13.445,2227,2021-06-30 19:10:00,PASG
13.47,13.47,13.4097,13.43,1100,2021-06-30 19:15:00,PASG
13.43,13.47,13.38,13.39,1700,2021-06-30 19:20:00,PASG
13.395,13.42,13.385,13.385,900,2021-06-30 19:25:00,PASG
13.41,13.42,13.35,13.36,2806,2021-06-30 19:30:00,PASG
13.37,13.41,13.31,13.38,2962,2021-06-30 19:35:00,PASG
13.35,13.35,13.32,13.35,3043,2021-06-30 19:40:00,PASG
13.3557,13.42,13.32,13.35,8300,2021-06-30 19:45:00,PASG
13.32,13.32,13.21,13.22,11779,2021-06-30 19:50:00,PASG
13.22,13.29,13.195,13.23,23304,2021-06-30 19:55:00,PASG
13.24,13.39,13.24,13.39,47137,2021-06-30 20:00:00,PASG
13.47,13.47,13.47,13.47,100,2021-06-30 20:20:00,PASG
13.61,13.61,13.61,13.61,470,2021-06-30 20:25:00,PASG
13.69,13.69,13.69,13.69,200,2021-06-30 20:40:00,PASG
