open,high,low,close,volume,datetime,symbol
23.58,23.635,23.58,23.635,1384,2022-06-01 13:30:00,IIIV
23.73,23.73,23.6125,23.6125,300,2022-06-01 13:40:00,IIIV
23.62,23.62,23.62,23.62,100,2022-06-01 13:45:00,IIIV
23.45,23.45,23.45,23.45,100,2022-06-01 14:00:00,IIIV
23.31,23.31,23.31,23.31,300,2022-06-01 14:05:00,IIIV
23.23,23.23,23.23,23.23,300,2022-06-01 14:15:00,IIIV
23.22,23.27,23.22,23.27,600,2022-06-01 14:25:00,IIIV
23.26,23.26,23.26,23.26,300,2022-06-01 14:35:00,IIIV
23.36,23.36,23.36,23.36,100,2022-06-01 14:40:00,IIIV
23.47,23.47,23.47,23.47,183,2022-06-01 14:45:00,IIIV
23.37,23.38,23.37,23.38,400,2022-06-01 14:50:00,IIIV
23.38,23.38,23.38,23.38,100,2022-06-01 14:55:00,IIIV
23.19,23.19,23.14,23.14,400,2022-06-01 15:20:00,IIIV
23.04,23.11,23.04,23.11,921,2022-06-01 15:40:00,IIIV
23.06,23.06,22.96,23.015,2499,2022-06-01 15:45:00,IIIV
22.99,22.99,22.99,22.99,300,2022-06-01 15:50:00,IIIV
22.98,22.98,22.92,22.92,300,2022-06-01 15:55:00,IIIV
22.86,22.95,22.86,22.89,406,2022-06-01 16:00:00,IIIV
22.89,22.89,22.87,22.87,400,2022-06-01 16:05:00,IIIV
22.87,22.87,22.83,22.84,1749,2022-06-01 16:10:00,IIIV
22.88,22.96,22.88,22.96,1447,2022-06-01 16:25:00,IIIV
22.9,23.0,22.9,23.0,500,2022-06-01 16:30:00,IIIV
22.975,22.975,22.975,22.975,100,2022-06-01 16:45:00,IIIV
22.915,22.915,22.915,22.915,100,2022-06-01 16:50:00,IIIV
22.99,22.99,22.92,22.92,800,2022-06-01 17:00:00,IIIV
23.0,23.0,23.0,23.0,400,2022-06-01 17:05:00,IIIV
23.0,23.02,23.0,23.0,800,2022-06-01 17:10:00,IIIV
22.9897,23.0,22.98,22.98,952,2022-06-01 17:15:00,IIIV
22.97,22.97,22.97,22.97,100,2022-06-01 17:20:00,IIIV
22.97,23.0,22.95,22.97,500,2022-06-01 17:25:00,IIIV
22.95,23.02,22.945,23.02,900,2022-06-01 17:30:00,IIIV
23.082,23.17,23.08,23.14,3276,2022-06-01 17:35:00,IIIV
23.11,23.11,23.03,23.1,700,2022-06-01 17:40:00,IIIV
23.16,23.16,23.16,23.16,100,2022-06-01 17:45:00,IIIV
23.09,23.16,23.09,23.155,1950,2022-06-01 17:55:00,IIIV
23.12,23.12,23.12,23.12,200,2022-06-01 18:00:00,IIIV
23.12,23.26,23.12,23.24,2100,2022-06-01 18:20:00,IIIV
23.22,23.265,23.22,23.265,2300,2022-06-01 18:25:00,IIIV
23.24,23.25,23.24,23.25,400,2022-06-01 18:30:00,IIIV
23.22,23.245,23.22,23.245,400,2022-06-01 18:35:00,IIIV
23.24,23.27,23.24,23.265,1100,2022-06-01 18:40:00,IIIV
23.265,23.3,23.265,23.3,1900,2022-06-01 18:45:00,IIIV
23.29,23.3,23.27,23.29,700,2022-06-01 18:50:00,IIIV
23.25,23.26,23.22,23.26,400,2022-06-01 18:55:00,IIIV
23.26,23.26,23.2,23.24,802,2022-06-01 19:00:00,IIIV
23.265,23.33,23.265,23.29,1143,2022-06-01 19:10:00,IIIV
23.25,23.25,23.222,23.222,1300,2022-06-01 19:15:00,IIIV
23.23,23.27,23.23,23.26,600,2022-06-01 19:20:00,IIIV
23.24,23.265,23.23,23.25,4111,2022-06-01 19:25:00,IIIV
23.27,23.27,23.21,23.21,900,2022-06-01 19:30:00,IIIV
23.2125,23.23,23.2,23.23,904,2022-06-01 19:35:00,IIIV
23.215,23.35,23.215,23.35,900,2022-06-01 19:40:00,IIIV
23.35,23.36,23.305,23.305,1700,2022-06-01 19:45:00,IIIV
23.33,23.33,23.28,23.31,732,2022-06-01 19:50:00,IIIV
23.28,23.31,23.22,23.27,5772,2022-06-01 19:55:00,IIIV
23.27,23.27,23.27,23.27,8924,2022-06-01 20:00:00,IIIV
23.26,23.51,22.875,23.51,764,2022-06-02 13:30:00,IIIV
23.38,23.43,23.33,23.42,1000,2022-06-02 13:35:00,IIIV
23.46,23.52,23.46,23.52,200,2022-06-02 13:50:00,IIIV
23.46,23.46,23.43,23.43,200,2022-06-02 13:55:00,IIIV
23.49,23.49,23.49,23.49,100,2022-06-02 14:00:00,IIIV
23.5,23.5,23.5,23.5,173,2022-06-02 14:05:00,IIIV
23.46,23.46,23.46,23.46,200,2022-06-02 14:10:00,IIIV
23.52,23.58,23.52,23.58,500,2022-06-02 14:15:00,IIIV
23.33,23.33,23.3,23.3,200,2022-06-02 14:20:00,IIIV
23.25,23.25,23.25,23.25,100,2022-06-02 14:25:00,IIIV
23.32,23.33,23.32,23.33,300,2022-06-02 14:30:00,IIIV
23.33,23.33,23.33,23.33,755,2022-06-02 14:35:00,IIIV
23.315,23.315,23.28,23.28,200,2022-06-02 14:40:00,IIIV
23.35,23.35,23.35,23.35,200,2022-06-02 14:45:00,IIIV
23.3228,23.3228,23.255,23.31,500,2022-06-02 14:50:00,IIIV
23.34,23.39,23.34,23.36,600,2022-06-02 14:55:00,IIIV
23.4,23.43,23.4,23.43,300,2022-06-02 15:05:00,IIIV
23.44,23.44,23.43,23.43,600,2022-06-02 15:10:00,IIIV
23.42,23.45,23.42,23.45,300,2022-06-02 15:15:00,IIIV
23.36,23.37,23.35,23.37,601,2022-06-02 15:20:00,IIIV
23.38,23.38,23.355,23.355,400,2022-06-02 15:25:00,IIIV
23.35,23.35,23.26,23.26,2900,2022-06-02 15:30:00,IIIV
23.27,23.29,23.27,23.285,600,2022-06-02 15:35:00,IIIV
23.27,23.29,23.26,23.29,400,2022-06-02 15:40:00,IIIV
23.26,23.28,23.25,23.28,600,2022-06-02 15:45:00,IIIV
23.32,23.32,23.24,23.245,2000,2022-06-02 15:50:00,IIIV
23.2,23.22,23.16,23.16,1037,2022-06-02 15:55:00,IIIV
23.14,23.17,23.135,23.17,1200,2022-06-02 16:00:00,IIIV
23.17,23.19,23.15,23.15,1300,2022-06-02 16:05:00,IIIV
23.175,23.175,23.15,23.16,1102,2022-06-02 16:10:00,IIIV
23.16,23.18,23.12,23.12,3000,2022-06-02 16:15:00,IIIV
23.14,23.17,23.13,23.17,900,2022-06-02 16:20:00,IIIV
23.155,23.17,23.13,23.13,2033,2022-06-02 16:25:00,IIIV
23.11,23.17,23.11,23.135,1000,2022-06-02 16:30:00,IIIV
23.14,23.19,23.14,23.19,1400,2022-06-02 16:35:00,IIIV
23.2,23.2,23.11,23.12,2900,2022-06-02 16:40:00,IIIV
23.125,23.16,23.125,23.16,1200,2022-06-02 16:45:00,IIIV
23.16,23.18,23.16,23.16,601,2022-06-02 16:50:00,IIIV
23.15,23.15,23.15,23.15,300,2022-06-02 16:55:00,IIIV
23.115,23.1403,23.11,23.1403,1057,2022-06-02 17:00:00,IIIV
23.14,23.18,23.13,23.17,1600,2022-06-02 17:05:00,IIIV
23.19,23.265,23.19,23.24,700,2022-06-02 17:10:00,IIIV
23.22,23.22,23.215,23.215,324,2022-06-02 17:15:00,IIIV
23.215,23.25,23.19,23.19,42600,2022-06-02 17:20:00,IIIV
23.215,23.42,23.215,23.42,1700,2022-06-02 17:25:00,IIIV
23.39,23.54,23.39,23.5,6188,2022-06-02 17:30:00,IIIV
23.5,23.52,23.49,23.5,8972,2022-06-02 17:35:00,IIIV
23.515,23.58,23.515,23.58,969,2022-06-02 17:40:00,IIIV
23.6,23.61,23.55,23.55,400,2022-06-02 17:45:00,IIIV
23.57,23.57,23.52,23.52,500,2022-06-02 17:50:00,IIIV
23.52,23.57,23.52,23.57,400,2022-06-02 17:55:00,IIIV
23.56,23.61,23.56,23.61,600,2022-06-02 18:00:00,IIIV
23.595,23.62,23.595,23.62,300,2022-06-02 18:05:00,IIIV
23.64,23.66,23.64,23.655,700,2022-06-02 18:10:00,IIIV
23.74,23.74,23.66,23.69,900,2022-06-02 18:15:00,IIIV
23.715,23.715,23.69,23.69,700,2022-06-02 18:20:00,IIIV
23.64,23.64,23.56,23.61,1600,2022-06-02 18:25:00,IIIV
23.63,23.63,23.63,23.63,100,2022-06-02 18:30:00,IIIV
23.64,23.72,23.64,23.7,1300,2022-06-02 18:35:00,IIIV
23.69,23.69,23.65,23.65,300,2022-06-02 18:40:00,IIIV
23.68,23.69,23.67,23.69,1200,2022-06-02 18:45:00,IIIV
23.68,23.71,23.67,23.67,500,2022-06-02 18:50:00,IIIV
23.695,23.695,23.64,23.65,1000,2022-06-02 18:55:00,IIIV
23.62,23.625,23.62,23.62,600,2022-06-02 19:00:00,IIIV
23.62,23.67,23.62,23.621,939,2022-06-02 19:05:00,IIIV
23.65,23.65,23.63,23.63,400,2022-06-02 19:10:00,IIIV
23.65,23.69,23.63,23.66,1700,2022-06-02 19:15:00,IIIV
23.72,23.72,23.71,23.72,900,2022-06-02 19:20:00,IIIV
23.74,23.74,23.66,23.68,600,2022-06-02 19:25:00,IIIV
23.69,23.78,23.69,23.78,1800,2022-06-02 19:30:00,IIIV
23.84,23.94,23.83,23.94,800,2022-06-02 19:35:00,IIIV
23.94,23.99,23.94,23.975,3475,2022-06-02 19:40:00,IIIV
23.98,23.99,23.945,23.97,1801,2022-06-02 19:45:00,IIIV
23.955,24.0,23.955,23.98,3032,2022-06-02 19:50:00,IIIV
23.985,24.09,23.9804,24.07,12374,2022-06-02 19:55:00,IIIV
24.07,24.07,24.07,24.07,12396,2022-06-02 20:00:00,IIIV
23.85,23.91,23.85,23.91,621,2022-06-03 13:30:00,IIIV
23.61,23.63,23.61,23.63,300,2022-06-03 13:45:00,IIIV
23.75,23.755,23.75,23.755,201,2022-06-03 14:05:00,IIIV
23.9,23.93,23.9,23.93,200,2022-06-03 14:20:00,IIIV
23.835,23.835,23.835,23.835,100,2022-06-03 14:30:00,IIIV
23.76,23.77,23.75,23.75,900,2022-06-03 14:45:00,IIIV
23.66,23.67,23.66,23.67,200,2022-06-03 14:50:00,IIIV
23.81,23.81,23.58,23.58,317,2022-06-03 14:55:00,IIIV
23.58,23.58,23.51,23.57,500,2022-06-03 15:00:00,IIIV
23.51,23.51,23.51,23.51,100,2022-06-03 15:05:00,IIIV
23.46,23.48,23.32,23.33,1222,2022-06-03 15:10:00,IIIV
23.47,23.47,23.47,23.47,100,2022-06-03 15:15:00,IIIV
23.44,23.44,23.44,23.44,210,2022-06-03 15:35:00,IIIV
23.38,23.38,23.38,23.38,100,2022-06-03 15:40:00,IIIV
23.33,23.33,23.32,23.32,300,2022-06-03 15:45:00,IIIV
23.22,23.25,23.0401,23.12,5325,2022-06-03 15:50:00,IIIV
23.28,23.28,23.28,23.28,100,2022-06-03 15:55:00,IIIV
23.28,23.28,23.27,23.28,2009,2022-06-03 16:00:00,IIIV
23.22,23.22,23.22,23.22,100,2022-06-03 16:10:00,IIIV
23.33,23.33,23.33,23.33,100,2022-06-03 16:20:00,IIIV
23.29,23.29,23.29,23.29,400,2022-06-03 16:25:00,IIIV
23.34,23.39,23.34,23.39,600,2022-06-03 16:40:00,IIIV
23.48,23.48,23.42,23.43,1495,2022-06-03 16:45:00,IIIV
23.42,23.42,23.42,23.42,400,2022-06-03 16:50:00,IIIV
23.515,23.515,23.515,23.515,222,2022-06-03 17:05:00,IIIV
23.45,23.45,23.39,23.39,632,2022-06-03 17:15:00,IIIV
23.37,23.37,23.37,23.37,200,2022-06-03 17:25:00,IIIV
23.33,23.33,23.33,23.33,200,2022-06-03 17:30:00,IIIV
23.295,23.295,23.295,23.295,200,2022-06-03 17:40:00,IIIV
23.24,23.27,23.24,23.26,422,2022-06-03 18:00:00,IIIV
23.28,23.31,23.26,23.31,400,2022-06-03 18:20:00,IIIV
23.36,23.36,23.36,23.36,100,2022-06-03 18:25:00,IIIV
23.24,23.245,23.2,23.24,1164,2022-06-03 18:35:00,IIIV
23.21,23.21,23.21,23.21,100,2022-06-03 18:40:00,IIIV
23.34,23.34,23.34,23.34,100,2022-06-03 18:50:00,IIIV
23.29,23.36,23.29,23.36,200,2022-06-03 18:55:00,IIIV
23.25,23.37,23.24,23.37,2221,2022-06-03 19:00:00,IIIV
23.29,23.305,23.23,23.305,2100,2022-06-03 19:05:00,IIIV
23.33,23.38,23.33,23.38,200,2022-06-03 19:10:00,IIIV
23.37,23.37,23.32,23.32,200,2022-06-03 19:15:00,IIIV
23.32,23.32,23.32,23.32,100,2022-06-03 19:20:00,IIIV
23.38,23.38,23.38,23.38,100,2022-06-03 19:30:00,IIIV
23.39,23.46,23.35,23.46,737,2022-06-03 19:35:00,IIIV
23.35,23.44,23.35,23.44,1000,2022-06-03 19:40:00,IIIV
23.405,23.44,23.325,23.325,1400,2022-06-03 19:45:00,IIIV
23.33,23.45,23.325,23.39,2127,2022-06-03 19:50:00,IIIV
23.43,23.46,23.33,23.33,5092,2022-06-03 19:55:00,IIIV
23.38,23.38,23.38,23.38,5035,2022-06-03 20:00:00,IIIV
23.69,23.69,23.69,23.69,904,2022-06-06 13:30:00,IIIV
23.5,23.53,23.44,23.53,300,2022-06-06 13:35:00,IIIV
23.3372,23.3372,23.3372,23.3372,200,2022-06-06 13:50:00,IIIV
23.59,23.73,23.58,23.64,1100,2022-06-06 14:00:00,IIIV
23.735,23.735,23.63,23.63,200,2022-06-06 14:05:00,IIIV
23.62,23.62,23.62,23.62,100,2022-06-06 14:25:00,IIIV
23.69,23.885,23.69,23.885,900,2022-06-06 14:30:00,IIIV
23.765,23.765,23.65,23.755,300,2022-06-06 14:40:00,IIIV
23.75,23.75,23.75,23.75,300,2022-06-06 14:45:00,IIIV
23.75,23.9,23.75,23.9,1100,2022-06-06 14:50:00,IIIV
23.83,23.83,23.79,23.79,2300,2022-06-06 14:55:00,IIIV
23.76,23.76,23.74,23.74,400,2022-06-06 15:05:00,IIIV
23.74,23.77,23.63,23.63,1300,2022-06-06 15:10:00,IIIV
23.58,23.58,23.535,23.535,500,2022-06-06 15:15:00,IIIV
23.57,23.77,23.57,23.695,1154,2022-06-06 15:20:00,IIIV
23.77,23.77,23.695,23.695,600,2022-06-06 15:25:00,IIIV
23.63,23.65,23.63,23.65,500,2022-06-06 15:30:00,IIIV
23.62,23.62,23.55,23.62,907,2022-06-06 15:35:00,IIIV
23.64,23.64,23.64,23.64,100,2022-06-06 15:40:00,IIIV
23.74,23.74,23.705,23.705,400,2022-06-06 15:45:00,IIIV
23.64,23.7,23.64,23.67,1400,2022-06-06 15:50:00,IIIV
23.64,23.65,23.6,23.6,700,2022-06-06 15:55:00,IIIV
23.65,23.65,23.4,23.4,400,2022-06-06 16:00:00,IIIV
23.5,23.5,23.5,23.5,100,2022-06-06 16:05:00,IIIV
23.465,23.465,23.41,23.41,200,2022-06-06 16:15:00,IIIV
23.4,23.41,23.33,23.41,600,2022-06-06 16:25:00,IIIV
23.37,23.37,23.37,23.37,100,2022-06-06 16:30:00,IIIV
23.42,23.45,23.42,23.44,403,2022-06-06 16:35:00,IIIV
23.5296,23.5296,23.5296,23.5296,106,2022-06-06 16:40:00,IIIV
23.45,23.45,23.44,23.44,796,2022-06-06 16:50:00,IIIV
23.45,23.45,23.45,23.45,100,2022-06-06 16:55:00,IIIV
23.47,23.56,23.47,23.56,200,2022-06-06 17:00:00,IIIV
23.46,23.55,23.46,23.54,1701,2022-06-06 17:05:00,IIIV
23.54,23.58,23.53,23.58,1000,2022-06-06 17:10:00,IIIV
23.555,23.555,23.55,23.55,200,2022-06-06 17:15:00,IIIV
23.54,23.54,23.53,23.53,500,2022-06-06 17:20:00,IIIV
23.5006,23.56,23.5006,23.5201,1400,2022-06-06 17:25:00,IIIV
23.57,23.585,23.57,23.585,500,2022-06-06 17:30:00,IIIV
23.56,23.61,23.52,23.61,1026,2022-06-06 17:35:00,IIIV
23.62,23.71,23.62,23.71,400,2022-06-06 17:40:00,IIIV
23.6,23.7,23.6,23.7,300,2022-06-06 17:45:00,IIIV
23.72,23.72,23.71,23.71,200,2022-06-06 17:50:00,IIIV
23.745,23.745,23.745,23.745,100,2022-06-06 18:00:00,IIIV
23.69,23.69,23.69,23.69,100,2022-06-06 18:05:00,IIIV
23.69,23.69,23.69,23.69,300,2022-06-06 18:10:00,IIIV
23.65,23.65,23.62,23.63,400,2022-06-06 18:20:00,IIIV
23.64,23.64,23.64,23.64,100,2022-06-06 18:25:00,IIIV
23.61,23.64,23.61,23.64,200,2022-06-06 18:35:00,IIIV
23.58,23.61,23.58,23.61,700,2022-06-06 18:40:00,IIIV
23.575,23.62,23.575,23.62,400,2022-06-06 18:45:00,IIIV
23.58,23.61,23.54,23.61,600,2022-06-06 18:50:00,IIIV
23.68,23.68,23.68,23.68,100,2022-06-06 18:55:00,IIIV
23.635,23.635,23.635,23.635,100,2022-06-06 19:00:00,IIIV
23.625,23.68,23.595,23.68,800,2022-06-06 19:05:00,IIIV
23.66,23.67,23.66,23.67,400,2022-06-06 19:10:00,IIIV
23.67,23.69,23.67,23.69,300,2022-06-06 19:15:00,IIIV
23.65,23.72,23.625,23.72,1600,2022-06-06 19:20:00,IIIV
23.69,23.72,23.68,23.72,400,2022-06-06 19:25:00,IIIV
23.7,23.72,23.7,23.72,1433,2022-06-06 19:30:00,IIIV
23.7,23.7,23.61,23.61,1200,2022-06-06 19:35:00,IIIV
23.6,23.66,23.565,23.66,1600,2022-06-06 19:40:00,IIIV
23.67,23.71,23.63,23.65,1300,2022-06-06 19:45:00,IIIV
23.73,23.74,23.6581,23.74,2000,2022-06-06 19:50:00,IIIV
23.71,23.81,23.71,23.81,13083,2022-06-06 19:55:00,IIIV
23.76,23.76,23.76,23.76,8162,2022-06-06 20:00:00,IIIV
23.51,23.51,23.51,23.51,367,2022-06-07 13:30:00,IIIV
23.54,23.59,23.46,23.46,500,2022-06-07 13:35:00,IIIV
23.56,23.56,23.53,23.55,1057,2022-06-07 13:50:00,IIIV
23.565,23.565,23.565,23.565,100,2022-06-07 13:55:00,IIIV
23.61,23.61,23.61,23.61,100,2022-06-07 14:00:00,IIIV
23.665,23.67,23.665,23.67,297,2022-06-07 14:05:00,IIIV
23.67,23.67,23.67,23.67,100,2022-06-07 14:10:00,IIIV
23.67,23.68,23.63,23.65,853,2022-06-07 14:15:00,IIIV
23.67,23.67,23.67,23.67,200,2022-06-07 14:20:00,IIIV
23.73,23.82,23.73,23.76,1000,2022-06-07 14:35:00,IIIV
23.88,23.88,23.88,23.88,100,2022-06-07 14:45:00,IIIV
23.93,23.93,23.91,23.91,300,2022-06-07 14:50:00,IIIV
23.87,23.87,23.87,23.87,100,2022-06-07 15:00:00,IIIV
23.87,23.88,23.85,23.88,432,2022-06-07 15:05:00,IIIV
23.891,23.94,23.891,23.94,1043,2022-06-07 15:10:00,IIIV
23.86,23.86,23.82,23.82,1744,2022-06-07 15:20:00,IIIV
23.82,23.82,23.795,23.795,522,2022-06-07 15:25:00,IIIV
23.795,23.96,23.78,23.96,2200,2022-06-07 15:30:00,IIIV
23.945,23.97,23.93,23.97,500,2022-06-07 15:35:00,IIIV
23.96,23.96,23.93,23.93,200,2022-06-07 15:40:00,IIIV
23.92,23.92,23.92,23.92,300,2022-06-07 15:45:00,IIIV
23.9,23.9,23.9,23.9,300,2022-06-07 16:05:00,IIIV
23.85,23.88,23.835,23.88,1000,2022-06-07 16:15:00,IIIV
23.85,23.86,23.82,23.835,1500,2022-06-07 16:35:00,IIIV
23.86,23.93,23.86,23.92,1200,2022-06-07 16:40:00,IIIV
23.97,23.97,23.94,23.96,1776,2022-06-07 16:50:00,IIIV
23.96,23.96,23.96,23.96,490,2022-06-07 16:55:00,IIIV
23.96,23.97,23.95,23.97,300,2022-06-07 17:00:00,IIIV
23.935,23.935,23.88,23.88,200,2022-06-07 17:05:00,IIIV
24.0,24.07,24.0,24.025,4908,2022-06-07 17:20:00,IIIV
24.0,24.0,23.98,24.0,300,2022-06-07 17:25:00,IIIV
23.98,23.98,23.98,23.98,300,2022-06-07 17:30:00,IIIV
23.985,24.04,23.985,24.04,14597,2022-06-07 17:35:00,IIIV
24.05,24.08,24.02,24.08,7976,2022-06-07 17:40:00,IIIV
24.08,24.16,24.08,24.16,4823,2022-06-07 17:45:00,IIIV
24.17,24.17,24.15,24.15,200,2022-06-07 17:50:00,IIIV
24.16,24.2,24.16,24.2,400,2022-06-07 17:55:00,IIIV
24.225,24.225,24.2,24.21,887,2022-06-07 18:00:00,IIIV
24.25,24.25,24.22,24.22,200,2022-06-07 18:05:00,IIIV
24.25,24.25,24.25,24.25,100,2022-06-07 18:10:00,IIIV
24.27,24.28,24.23,24.28,300,2022-06-07 18:15:00,IIIV
24.2506,24.31,24.2506,24.31,550,2022-06-07 18:20:00,IIIV
24.33,24.33,24.33,24.33,100,2022-06-07 18:25:00,IIIV
24.35,24.35,24.32,24.32,778,2022-06-07 18:30:00,IIIV
24.34,24.415,24.34,24.39,2606,2022-06-07 18:35:00,IIIV
24.3501,24.3501,24.35,24.35,400,2022-06-07 18:40:00,IIIV
24.3,24.3,24.25,24.265,800,2022-06-07 19:00:00,IIIV
24.27,24.32,24.27,24.28,800,2022-06-07 19:05:00,IIIV
24.27,24.31,24.27,24.31,200,2022-06-07 19:10:00,IIIV
24.27,24.355,24.27,24.355,1300,2022-06-07 19:15:00,IIIV
24.39,24.39,24.39,24.39,100,2022-06-07 19:20:00,IIIV
24.43,24.43,24.43,24.43,100,2022-06-07 19:25:00,IIIV
24.402,24.495,24.38,24.46,3421,2022-06-07 19:30:00,IIIV
24.47,24.47,24.326,24.35,862,2022-06-07 19:35:00,IIIV
24.36,24.39,24.3,24.3001,8930,2022-06-07 19:40:00,IIIV
24.355,24.385,24.35,24.385,2462,2022-06-07 19:45:00,IIIV
24.4,24.61,24.395,24.57,7163,2022-06-07 19:50:00,IIIV
24.57,24.61,24.53,24.55,5798,2022-06-07 19:55:00,IIIV
24.55,24.55,24.55,24.55,15194,2022-06-07 20:00:00,IIIV
24.51,24.51,24.51,24.51,505,2022-06-08 13:30:00,IIIV
24.6,24.6,24.44,24.46,300,2022-06-08 13:40:00,IIIV
24.57,24.6,24.57,24.6,200,2022-06-08 13:45:00,IIIV
24.61,24.74,24.61,24.74,200,2022-06-08 13:55:00,IIIV
24.75,24.83,24.75,24.8,800,2022-06-08 14:00:00,IIIV
24.765,24.765,24.71,24.71,200,2022-06-08 14:05:00,IIIV
24.66,24.66,24.58,24.58,200,2022-06-08 14:10:00,IIIV
24.55,24.55,24.55,24.55,100,2022-06-08 14:15:00,IIIV
24.56,24.7,24.56,24.7,300,2022-06-08 14:20:00,IIIV
24.58,24.58,24.51,24.57,1800,2022-06-08 14:25:00,IIIV
24.52,24.57,24.52,24.57,1000,2022-06-08 14:30:00,IIIV
24.68,24.7375,24.68,24.7375,500,2022-06-08 14:40:00,IIIV
24.72,24.77,24.72,24.77,2524,2022-06-08 14:50:00,IIIV
24.73,24.73,24.73,24.73,100,2022-06-08 14:55:00,IIIV
24.73,24.73,24.69,24.7,410,2022-06-08 15:00:00,IIIV
24.71,24.73,24.71,24.73,400,2022-06-08 15:05:00,IIIV
24.97,25.0,24.97,24.97,652,2022-06-08 15:30:00,IIIV
25.04,25.08,25.04,25.08,570,2022-06-08 15:40:00,IIIV
25.09,25.09,25.09,25.09,209,2022-06-08 15:50:00,IIIV
25.1,25.11,25.08,25.11,555,2022-06-08 16:00:00,IIIV
24.99,24.99,24.99,24.99,124,2022-06-08 16:15:00,IIIV
24.965,24.965,24.945,24.945,200,2022-06-08 16:20:00,IIIV
24.92,24.92,24.795,24.795,700,2022-06-08 16:25:00,IIIV
24.675,24.675,24.675,24.675,100,2022-06-08 16:35:00,IIIV
24.66,24.705,24.66,24.67,300,2022-06-08 16:40:00,IIIV
24.6579,24.6579,24.6579,24.6579,1000,2022-06-08 16:45:00,IIIV
24.67,24.67,24.6,24.66,1888,2022-06-08 16:50:00,IIIV
24.635,24.74,24.6,24.74,1192,2022-06-08 16:55:00,IIIV
24.74,24.75,24.69,24.75,600,2022-06-08 17:00:00,IIIV
24.8,24.85,24.8,24.81,900,2022-06-08 17:05:00,IIIV
24.75,24.75,24.75,24.75,100,2022-06-08 17:10:00,IIIV
24.7324,24.735,24.72,24.735,366,2022-06-08 17:20:00,IIIV
24.72,24.78,24.675,24.7,809,2022-06-08 17:30:00,IIIV
24.7,24.7,24.7,24.7,225,2022-06-08 17:35:00,IIIV
24.695,24.74,24.695,24.74,300,2022-06-08 17:40:00,IIIV
24.765,24.82,24.765,24.81,5575,2022-06-08 17:50:00,IIIV
24.81,24.81,24.735,24.735,1600,2022-06-08 17:55:00,IIIV
24.75,24.81,24.75,24.81,1000,2022-06-08 18:00:00,IIIV
24.785,24.805,24.7575,24.7575,500,2022-06-08 18:05:00,IIIV
24.755,24.755,24.755,24.755,100,2022-06-08 18:10:00,IIIV
24.75,24.77,24.73,24.735,900,2022-06-08 18:15:00,IIIV
24.75,24.75,24.665,24.665,200,2022-06-08 18:20:00,IIIV
24.75,24.75,24.56,24.605,1100,2022-06-08 18:25:00,IIIV
24.505,24.6,24.505,24.595,900,2022-06-08 18:35:00,IIIV
24.63,24.72,24.63,24.69,1397,2022-06-08 18:40:00,IIIV
24.71,24.71,24.71,24.71,1400,2022-06-08 18:45:00,IIIV
24.72,24.72,24.59,24.645,4440,2022-06-08 18:50:00,IIIV
24.66,24.66,24.63,24.63,600,2022-06-08 18:55:00,IIIV
24.61,24.61,24.59,24.61,400,2022-06-08 19:00:00,IIIV
24.6,24.62,24.54,24.57,500,2022-06-08 19:05:00,IIIV
24.57,24.58,24.57,24.575,400,2022-06-08 19:10:00,IIIV
24.59,24.63,24.585,24.61,839,2022-06-08 19:15:00,IIIV
24.585,24.67,24.585,24.63,1100,2022-06-08 19:20:00,IIIV
24.68,24.68,24.65,24.65,400,2022-06-08 19:25:00,IIIV
24.61,24.68,24.61,24.68,400,2022-06-08 19:30:00,IIIV
24.68,24.7,24.63,24.63,3567,2022-06-08 19:35:00,IIIV
24.63,24.69,24.63,24.68,1490,2022-06-08 19:40:00,IIIV
24.7,24.83,24.67,24.82,4924,2022-06-08 19:45:00,IIIV
24.85,24.85,24.74,24.82,6042,2022-06-08 19:50:00,IIIV
24.81,24.82,24.655,24.76,9752,2022-06-08 19:55:00,IIIV
24.69,24.69,24.69,24.69,17837,2022-06-08 20:00:00,IIIV
24.64,24.64,24.64,24.64,512,2022-06-09 13:30:00,IIIV
24.52,24.52,24.49,24.49,300,2022-06-09 13:40:00,IIIV
24.47,24.47,24.47,24.47,200,2022-06-09 13:45:00,IIIV
24.53,24.6,24.53,24.6,300,2022-06-09 14:05:00,IIIV
24.59,24.67,24.57,24.67,600,2022-06-09 14:10:00,IIIV
24.67,24.74,24.67,24.67,300,2022-06-09 14:15:00,IIIV
24.595,24.61,24.535,24.57,2093,2022-06-09 14:20:00,IIIV
24.585,24.66,24.585,24.66,2100,2022-06-09 14:25:00,IIIV
24.66,24.66,24.66,24.66,200,2022-06-09 14:30:00,IIIV
24.54,24.56,24.53,24.56,400,2022-06-09 14:40:00,IIIV
24.49,24.66,24.49,24.66,1089,2022-06-09 14:45:00,IIIV
24.58,24.58,24.58,24.58,100,2022-06-09 14:50:00,IIIV
24.51,24.58,24.51,24.58,300,2022-06-09 14:55:00,IIIV
24.6,24.6,24.6,24.6,100,2022-06-09 15:00:00,IIIV
24.55,24.56,24.55,24.56,200,2022-06-09 15:05:00,IIIV
24.56,24.58,24.53,24.57,900,2022-06-09 15:10:00,IIIV
24.57,24.59,24.56,24.59,800,2022-06-09 15:15:00,IIIV
24.6,24.66,24.5915,24.66,700,2022-06-09 15:20:00,IIIV
24.59,24.6573,24.59,24.6573,206,2022-06-09 15:25:00,IIIV
24.57,24.6,24.57,24.57,300,2022-06-09 15:30:00,IIIV
24.56,24.58,24.56,24.58,500,2022-06-09 15:35:00,IIIV
24.57,24.62,24.57,24.62,282,2022-06-09 15:40:00,IIIV
24.57,24.59,24.55,24.55,400,2022-06-09 15:45:00,IIIV
24.54,24.54,24.54,24.54,100,2022-06-09 15:50:00,IIIV
24.56,24.6537,24.56,24.565,400,2022-06-09 15:55:00,IIIV
24.6,24.6,24.54,24.54,300,2022-06-09 16:05:00,IIIV
24.59,24.59,24.56,24.59,587,2022-06-09 16:10:00,IIIV
24.6,24.6,24.6,24.6,100,2022-06-09 16:15:00,IIIV
24.6,24.6,24.6,24.6,100,2022-06-09 16:20:00,IIIV
24.6,24.6,24.6,24.6,709,2022-06-09 16:35:00,IIIV
24.64,24.64,24.64,24.64,300,2022-06-09 16:40:00,IIIV
24.66,24.66,24.62,24.66,442,2022-06-09 16:50:00,IIIV
24.6417,24.6417,24.6417,24.6417,198,2022-06-09 16:55:00,IIIV
24.69,24.71,24.57,24.57,1853,2022-06-09 17:05:00,IIIV
24.65,24.65,24.6,24.61,474,2022-06-09 17:10:00,IIIV
24.61,24.61,24.61,24.61,100,2022-06-09 17:15:00,IIIV
24.6,24.6,24.51,24.51,300,2022-06-09 17:20:00,IIIV
24.53,24.53,24.45,24.45,1400,2022-06-09 17:25:00,IIIV
24.4,24.4,24.4,24.4,200,2022-06-09 17:30:00,IIIV
24.36,24.36,24.316,24.316,200,2022-06-09 17:35:00,IIIV
24.24,24.2972,24.24,24.2972,474,2022-06-09 17:40:00,IIIV
24.25,24.25,24.19,24.19,300,2022-06-09 17:45:00,IIIV
24.19,24.19,24.19,24.19,200,2022-06-09 17:50:00,IIIV
24.27,24.27,24.27,24.27,100,2022-06-09 18:00:00,IIIV
24.18,24.27,24.18,24.22,1107,2022-06-09 18:10:00,IIIV
24.27,24.51,24.26,24.5,10331,2022-06-09 18:15:00,IIIV
24.4,24.52,24.39,24.39,1531,2022-06-09 18:20:00,IIIV
24.38,24.38,24.38,24.38,100,2022-06-09 18:25:00,IIIV
24.45,24.45,24.38,24.42,1052,2022-06-09 18:30:00,IIIV
24.46,24.46,24.46,24.46,300,2022-06-09 18:35:00,IIIV
24.49,24.52,24.49,24.52,600,2022-06-09 18:40:00,IIIV
24.53,24.61,24.53,24.61,1594,2022-06-09 18:45:00,IIIV
24.63,24.63,24.585,24.585,200,2022-06-09 18:50:00,IIIV
24.63,24.65,24.62,24.65,400,2022-06-09 18:55:00,IIIV
24.58,24.58,24.435,24.445,3687,2022-06-09 19:00:00,IIIV
24.44,24.49,24.4304,24.46,1739,2022-06-09 19:05:00,IIIV
24.46,24.51,24.46,24.49,1099,2022-06-09 19:10:00,IIIV
24.54,24.55,24.54,24.55,300,2022-06-09 19:15:00,IIIV
24.51,24.56,24.51,24.56,400,2022-06-09 19:20:00,IIIV
24.545,24.56,24.52,24.52,1100,2022-06-09 19:25:00,IIIV
24.485,24.54,24.485,24.5,715,2022-06-09 19:30:00,IIIV
24.485,24.54,24.47,24.54,1694,2022-06-09 19:35:00,IIIV
24.495,24.495,24.45,24.46,1400,2022-06-09 19:40:00,IIIV
24.49,24.5,24.44,24.44,1072,2022-06-09 19:45:00,IIIV
24.44,24.56,24.44,24.56,3022,2022-06-09 19:50:00,IIIV
24.57,24.57,24.38,24.4,7441,2022-06-09 19:55:00,IIIV
24.41,24.41,24.41,24.41,14243,2022-06-09 20:00:00,IIIV
24.47,24.47,24.47,24.47,100,2022-06-10 13:25:00,IIIV
24.52,24.54,24.1,24.15,5166,2022-06-10 13:30:00,IIIV
24.54,24.54,24.54,24.54,100,2022-06-10 13:45:00,IIIV
24.34,24.34,24.26,24.26,200,2022-06-10 13:50:00,IIIV
24.02,24.03,24.02,24.03,200,2022-06-10 14:05:00,IIIV
23.85,23.91,23.85,23.91,900,2022-06-10 14:10:00,IIIV
23.8,23.8,23.8,23.8,920,2022-06-10 14:15:00,IIIV
23.63,23.63,23.63,23.63,200,2022-06-10 14:25:00,IIIV
23.355,23.355,23.355,23.355,100,2022-06-10 15:00:00,IIIV
23.34,23.345,23.34,23.345,200,2022-06-10 15:10:00,IIIV
23.43,23.43,23.18,23.18,9909,2022-06-10 15:15:00,IIIV
23.18,23.19,23.14,23.15,1706,2022-06-10 15:20:00,IIIV
23.07,23.09,23.06,23.085,600,2022-06-10 15:25:00,IIIV
23.0,23.04,23.0,23.04,1600,2022-06-10 15:30:00,IIIV
22.97,22.97,22.93,22.97,3175,2022-06-10 15:40:00,IIIV
23.01,23.06,23.01,23.04,400,2022-06-10 15:45:00,IIIV
22.94,22.94,22.8,22.8,2916,2022-06-10 15:50:00,IIIV
22.82,23.01,22.82,22.91,1286,2022-06-10 15:55:00,IIIV
22.93,22.93,22.93,22.93,100,2022-06-10 16:05:00,IIIV
22.98,22.98,22.89,22.89,1305,2022-06-10 16:10:00,IIIV
22.75,22.7692,22.74,22.7692,600,2022-06-10 16:15:00,IIIV
22.775,22.775,22.775,22.775,100,2022-06-10 16:20:00,IIIV
22.715,22.715,22.715,22.715,100,2022-06-10 16:25:00,IIIV
22.81,22.82,22.81,22.81,300,2022-06-10 16:30:00,IIIV
22.85,22.86,22.85,22.86,200,2022-06-10 16:35:00,IIIV
22.92,22.93,22.92,22.93,400,2022-06-10 16:40:00,IIIV
22.79,22.8,22.79,22.8,400,2022-06-10 17:00:00,IIIV
22.82,22.82,22.77,22.77,500,2022-06-10 17:05:00,IIIV
22.82,22.83,22.8,22.8,700,2022-06-10 17:10:00,IIIV
22.78,22.8,22.77,22.77,300,2022-06-10 17:15:00,IIIV
22.81,22.81,22.81,22.81,208,2022-06-10 17:20:00,IIIV
22.85,22.85,22.85,22.85,400,2022-06-10 17:25:00,IIIV
22.8,22.83,22.8,22.825,300,2022-06-10 17:35:00,IIIV
22.81,22.81,22.7,22.7,1094,2022-06-10 17:40:00,IIIV
22.73,22.73,22.63,22.63,1217,2022-06-10 17:45:00,IIIV
22.63,22.8,22.6,22.8,15945,2022-06-10 17:50:00,IIIV
22.76,22.8,22.76,22.8,700,2022-06-10 17:55:00,IIIV
22.79,22.82,22.76,22.76,424,2022-06-10 18:00:00,IIIV
22.78,22.82,22.78,22.82,318,2022-06-10 18:05:00,IIIV
22.85,23.02,22.85,23.02,3577,2022-06-10 18:10:00,IIIV
23.14,23.365,23.14,23.29,1800,2022-06-10 18:15:00,IIIV
23.35,23.35,23.35,23.35,181,2022-06-10 18:20:00,IIIV
23.34,23.345,23.31,23.345,600,2022-06-10 18:25:00,IIIV
23.38,23.38,23.38,23.38,400,2022-06-10 18:30:00,IIIV
23.425,23.44,23.41,23.43,600,2022-06-10 18:35:00,IIIV
23.38,23.41,23.38,23.41,200,2022-06-10 18:40:00,IIIV
23.41,23.41,23.41,23.41,100,2022-06-10 18:45:00,IIIV
23.425,23.4614,23.425,23.4614,551,2022-06-10 18:50:00,IIIV
23.47,23.5,23.43,23.5,500,2022-06-10 18:55:00,IIIV
23.485,23.485,23.43,23.43,421,2022-06-10 19:00:00,IIIV
23.42,23.42,23.42,23.42,400,2022-06-10 19:05:00,IIIV
23.41,23.41,23.35,23.4,400,2022-06-10 19:15:00,IIIV
23.38,23.3899,23.255,23.265,1106,2022-06-10 19:20:00,IIIV
23.275,23.39,23.275,23.34,1900,2022-06-10 19:25:00,IIIV
23.34,23.34,23.24,23.24,1800,2022-06-10 19:30:00,IIIV
23.24,23.36,23.24,23.345,3299,2022-06-10 19:35:00,IIIV
23.335,23.335,23.31,23.31,1600,2022-06-10 19:40:00,IIIV
23.31,23.37,23.28,23.365,5992,2022-06-10 19:45:00,IIIV
23.365,23.365,23.12,23.12,5500,2022-06-10 19:50:00,IIIV
23.14,23.3,23.14,23.25,13789,2022-06-10 19:55:00,IIIV
23.22,23.22,23.22,23.22,21704,2022-06-10 20:00:00,IIIV
22.49,22.49,22.49,22.49,675,2022-06-13 13:30:00,IIIV
22.35,22.48,22.305,22.33,2335,2022-06-13 13:40:00,IIIV
22.15,22.15,22.15,22.15,100,2022-06-13 13:50:00,IIIV
22.21,22.21,22.155,22.155,634,2022-06-13 13:55:00,IIIV
22.43,22.43,22.43,22.43,100,2022-06-13 14:05:00,IIIV
22.29,22.29,22.25,22.29,2435,2022-06-13 14:10:00,IIIV
22.23,22.23,22.2,22.2,234,2022-06-13 14:15:00,IIIV
22.3,22.3,22.3,22.3,100,2022-06-13 14:20:00,IIIV
22.25,22.365,22.25,22.365,905,2022-06-13 14:25:00,IIIV
22.36,22.36,22.34,22.34,200,2022-06-13 14:30:00,IIIV
22.3,22.3,22.3,22.3,100,2022-06-13 14:35:00,IIIV
22.26,22.28,22.25,22.25,1100,2022-06-13 14:40:00,IIIV
22.34,22.34,22.34,22.34,100,2022-06-13 14:45:00,IIIV
22.25,22.27,22.21,22.23,1986,2022-06-13 14:50:00,IIIV
22.235,22.2499,22.19,22.19,1640,2022-06-13 14:55:00,IIIV
22.18,22.18,21.94,21.94,4741,2022-06-13 15:00:00,IIIV
21.93,21.93,21.93,21.93,100,2022-06-13 15:05:00,IIIV
21.96,22.01,21.95,22.01,780,2022-06-13 15:10:00,IIIV
22.05,22.25,22.05,22.25,1196,2022-06-13 15:15:00,IIIV
22.19,22.2,22.19,22.2,700,2022-06-13 15:25:00,IIIV
22.26,22.26,22.22,22.2297,715,2022-06-13 15:30:00,IIIV
22.21,22.26,22.21,22.26,772,2022-06-13 15:35:00,IIIV
22.2,22.25,22.19,22.19,300,2022-06-13 15:50:00,IIIV
22.225,22.225,22.225,22.225,101,2022-06-13 15:55:00,IIIV
22.17,22.28,22.17,22.28,200,2022-06-13 16:00:00,IIIV
22.32,22.32,22.32,22.32,100,2022-06-13 16:05:00,IIIV
22.24,22.25,22.24,22.25,300,2022-06-13 16:10:00,IIIV
22.24,22.24,22.24,22.24,239,2022-06-13 16:15:00,IIIV
22.32,22.32,22.32,22.32,200,2022-06-13 16:25:00,IIIV
22.54,22.54,22.54,22.54,100,2022-06-13 16:30:00,IIIV
22.62,22.62,22.62,22.62,100,2022-06-13 16:35:00,IIIV
22.51,22.51,22.51,22.51,100,2022-06-13 16:40:00,IIIV
22.51,22.52,22.51,22.52,668,2022-06-13 16:45:00,IIIV
22.48,22.48,22.45,22.45,1300,2022-06-13 16:50:00,IIIV
22.23,22.23,22.23,22.23,100,2022-06-13 17:05:00,IIIV
22.23,22.25,22.22,22.22,900,2022-06-13 17:20:00,IIIV
22.26,22.26,22.25,22.25,300,2022-06-13 17:25:00,IIIV
22.22,22.23,22.22,22.23,2078,2022-06-13 17:35:00,IIIV
22.42,22.47,22.42,22.47,522,2022-06-13 17:40:00,IIIV
22.48,22.48,22.48,22.48,100,2022-06-13 17:45:00,IIIV
22.5462,22.5462,22.46,22.46,671,2022-06-13 17:50:00,IIIV
22.47,22.48,22.47,22.48,200,2022-06-13 17:55:00,IIIV
22.42,22.42,22.41,22.41,200,2022-06-13 18:00:00,IIIV
22.38,22.38,22.38,22.38,100,2022-06-13 18:05:00,IIIV
22.35,22.35,22.35,22.35,100,2022-06-13 18:10:00,IIIV
22.33,22.33,22.33,22.33,100,2022-06-13 18:15:00,IIIV
22.36,22.37,22.35,22.35,456,2022-06-13 18:20:00,IIIV
22.33,22.33,22.32,22.32,300,2022-06-13 18:30:00,IIIV
22.39,22.39,22.39,22.39,100,2022-06-13 18:35:00,IIIV
22.33,22.33,22.32,22.32,200,2022-06-13 18:50:00,IIIV
22.26,22.26,22.26,22.26,100,2022-06-13 18:55:00,IIIV
22.26,22.26,22.24,22.24,300,2022-06-13 19:00:00,IIIV
22.24,22.24,22.23,22.23,200,2022-06-13 19:05:00,IIIV
22.18,22.18,22.09,22.09,400,2022-06-13 19:10:00,IIIV
22.13,22.15,22.08,22.14,1700,2022-06-13 19:15:00,IIIV
22.13,22.2,22.13,22.2,4103,2022-06-13 19:20:00,IIIV
22.13,22.13,22.12,22.12,2068,2022-06-13 19:25:00,IIIV
22.0675,22.0675,21.96,21.97,1000,2022-06-13 19:30:00,IIIV
21.96,21.96,21.92,21.92,2380,2022-06-13 19:35:00,IIIV
21.92,21.92,21.85,21.86,2400,2022-06-13 19:40:00,IIIV
21.85,21.9,21.75,21.75,3380,2022-06-13 19:45:00,IIIV
21.8,21.82,21.75,21.78,4847,2022-06-13 19:50:00,IIIV
21.77,21.81,21.75,21.79,12243,2022-06-13 19:55:00,IIIV
21.79,21.79,21.79,21.79,13811,2022-06-13 20:00:00,IIIV
21.79,21.79,21.79,21.79,143,2022-06-13 20:05:00,IIIV
21.82,21.82,21.82,21.82,2870,2022-06-14 13:30:00,IIIV
21.72,21.76,21.72,21.76,328,2022-06-14 13:40:00,IIIV
21.54,21.8,21.54,21.79,1500,2022-06-14 13:45:00,IIIV
21.71,21.71,21.71,21.71,100,2022-06-14 13:50:00,IIIV
22.03,22.03,22.03,22.03,100,2022-06-14 13:55:00,IIIV
21.99,22.09,21.99,22.09,1081,2022-06-14 14:00:00,IIIV
22.06,22.07,22.02,22.02,628,2022-06-14 14:05:00,IIIV
22.0019,22.04,22.0019,22.04,213,2022-06-14 14:10:00,IIIV
22.11,22.11,21.95,21.95,200,2022-06-14 14:15:00,IIIV
21.93,21.93,21.92,21.92,200,2022-06-14 14:20:00,IIIV
21.905,21.96,21.905,21.96,200,2022-06-14 14:25:00,IIIV
21.9,21.93,21.89,21.93,1741,2022-06-14 14:30:00,IIIV
21.97,21.99,21.97,21.99,500,2022-06-14 14:35:00,IIIV
22.09,22.09,21.97,21.97,200,2022-06-14 14:40:00,IIIV
22.03,22.14,22.03,22.14,410,2022-06-14 14:45:00,IIIV
22.28,22.28,22.28,22.28,100,2022-06-14 14:50:00,IIIV
22.31,22.31,22.16,22.16,200,2022-06-14 14:55:00,IIIV
22.21,22.2851,22.21,22.2851,1766,2022-06-14 15:00:00,IIIV
22.28,22.2882,22.27,22.27,2400,2022-06-14 15:05:00,IIIV
22.21,22.2165,22.17,22.17,1588,2022-06-14 15:10:00,IIIV
22.17,22.2,22.16,22.18,700,2022-06-14 15:15:00,IIIV
22.12,22.26,22.12,22.22,10900,2022-06-14 15:20:00,IIIV
22.3,22.49,22.3,22.405,12960,2022-06-14 15:25:00,IIIV
22.405,22.55,22.39,22.55,2300,2022-06-14 15:30:00,IIIV
22.63,22.63,22.57,22.57,1100,2022-06-14 15:35:00,IIIV
22.52,22.52,22.52,22.52,200,2022-06-14 15:40:00,IIIV
22.48,22.48,22.48,22.48,100,2022-06-14 15:45:00,IIIV
22.535,22.56,22.485,22.56,1931,2022-06-14 15:50:00,IIIV
22.66,22.67,22.66,22.67,200,2022-06-14 15:55:00,IIIV
22.64,22.64,22.64,22.64,100,2022-06-14 16:00:00,IIIV
22.5,22.5,22.5,22.5,1090,2022-06-14 16:05:00,IIIV
22.45,22.45,22.45,22.45,200,2022-06-14 16:10:00,IIIV
22.5,22.56,22.5,22.56,602,2022-06-14 16:15:00,IIIV
22.58,22.58,22.58,22.58,200,2022-06-14 16:20:00,IIIV
22.495,22.56,22.495,22.56,600,2022-06-14 16:25:00,IIIV
22.495,22.495,22.41,22.415,724,2022-06-14 16:30:00,IIIV
22.406,22.42,22.37,22.415,1720,2022-06-14 16:35:00,IIIV
22.46,22.46,22.46,22.46,100,2022-06-14 16:40:00,IIIV
22.475,22.5,22.44,22.45,1288,2022-06-14 16:45:00,IIIV
22.48,22.54,22.48,22.54,400,2022-06-14 16:50:00,IIIV
22.6,22.62,22.6,22.6,2072,2022-06-14 16:55:00,IIIV
22.61,22.62,22.6,22.6,500,2022-06-14 17:00:00,IIIV
22.65,22.675,22.65,22.675,200,2022-06-14 17:05:00,IIIV
22.74,22.805,22.74,22.76,2989,2022-06-14 17:15:00,IIIV
22.8,22.8,22.75,22.76,300,2022-06-14 17:20:00,IIIV
22.73,22.73,22.73,22.73,100,2022-06-14 17:25:00,IIIV
22.73,22.73,22.58,22.58,200,2022-06-14 17:30:00,IIIV
22.58,22.66,22.54,22.615,5308,2022-06-14 17:35:00,IIIV
22.56,22.56,22.45,22.46,753,2022-06-14 17:40:00,IIIV
22.45,22.45,22.385,22.385,800,2022-06-14 17:45:00,IIIV
22.39,22.395,22.385,22.385,500,2022-06-14 17:50:00,IIIV
22.33,22.3358,22.33,22.3358,367,2022-06-14 17:55:00,IIIV
22.26,22.29,22.26,22.29,400,2022-06-14 18:00:00,IIIV
22.28,22.34,22.28,22.34,2100,2022-06-14 18:05:00,IIIV
22.3,22.315,22.3,22.315,500,2022-06-14 18:10:00,IIIV
22.315,22.34,22.2837,22.328,1673,2022-06-14 18:15:00,IIIV
22.34,22.37,22.3,22.3,1000,2022-06-14 18:20:00,IIIV
22.24,22.24,22.23,22.23,400,2022-06-14 18:30:00,IIIV
22.26,22.3,22.26,22.3,500,2022-06-14 18:35:00,IIIV
22.23,22.255,22.23,22.24,620,2022-06-14 18:40:00,IIIV
22.24,22.26,22.24,22.26,400,2022-06-14 18:50:00,IIIV
22.24,22.24,22.24,22.24,100,2022-06-14 18:55:00,IIIV
22.27,22.27,22.25,22.26,400,2022-06-14 19:00:00,IIIV
22.28,22.29,22.28,22.28,526,2022-06-14 19:05:00,IIIV
22.3,22.3,22.26,22.26,200,2022-06-14 19:10:00,IIIV
22.265,22.265,22.24,22.24,300,2022-06-14 19:15:00,IIIV
22.154,22.22,22.154,22.22,600,2022-06-14 19:20:00,IIIV
22.225,22.31,22.225,22.31,1510,2022-06-14 19:25:00,IIIV
22.295,22.31,22.28,22.285,834,2022-06-14 19:30:00,IIIV
22.3099,22.34,22.285,22.3,8965,2022-06-14 19:35:00,IIIV
22.31,22.31,22.245,22.27,2820,2022-06-14 19:40:00,IIIV
22.25,22.32,22.25,22.31,1100,2022-06-14 19:45:00,IIIV
22.29,22.295,22.23,22.23,800,2022-06-14 19:50:00,IIIV
22.23,22.28,22.21,22.26,4792,2022-06-14 19:55:00,IIIV
22.25,22.25,22.25,22.25,16695,2022-06-14 20:00:00,IIIV
22.5,22.98,22.5,22.93,6126,2022-06-15 13:30:00,IIIV
22.96,22.98,22.88,22.88,1700,2022-06-15 13:35:00,IIIV
22.86,23.23,22.77,23.23,18598,2022-06-15 13:40:00,IIIV
23.115,23.76,23.115,23.55,26290,2022-06-15 13:45:00,IIIV
23.425,23.54,23.34,23.415,10742,2022-06-15 13:50:00,IIIV
23.49,23.615,23.49,23.615,300,2022-06-15 13:55:00,IIIV
23.615,23.76,23.49,23.75,2488,2022-06-15 14:00:00,IIIV
23.68,24.0,23.68,23.9275,4745,2022-06-15 14:05:00,IIIV
23.95,23.95,23.75,23.75,5300,2022-06-15 14:10:00,IIIV
23.915,23.96,23.845,23.9375,2814,2022-06-15 14:15:00,IIIV
23.86,23.87,23.65,23.74,20911,2022-06-15 14:20:00,IIIV
23.74,23.7875,23.74,23.78,1108,2022-06-15 14:25:00,IIIV
23.825,23.84,23.68,23.755,3299,2022-06-15 14:30:00,IIIV
23.71,23.71,23.635,23.635,300,2022-06-15 14:35:00,IIIV
23.7,23.89,23.7,23.89,3551,2022-06-15 14:40:00,IIIV
23.79,24.185,23.79,24.18,4550,2022-06-15 14:45:00,IIIV
24.15,24.19,24.005,24.005,1439,2022-06-15 14:50:00,IIIV
23.93,24.13,23.9,24.13,4676,2022-06-15 14:55:00,IIIV
24.2,24.31,24.13,24.255,5363,2022-06-15 15:00:00,IIIV
24.255,24.32,24.22,24.235,717,2022-06-15 15:05:00,IIIV
24.3099,24.31,23.758,23.76,10303,2022-06-15 15:10:00,IIIV
23.76,23.805,23.76,23.805,1169,2022-06-15 15:15:00,IIIV
23.805,23.805,23.74,23.77,700,2022-06-15 15:20:00,IIIV
23.73,23.76,23.715,23.715,800,2022-06-15 15:25:00,IIIV
23.705,23.705,23.61,23.675,900,2022-06-15 15:30:00,IIIV
23.575,23.575,23.575,23.575,100,2022-06-15 15:35:00,IIIV
23.595,23.615,23.52,23.55,1100,2022-06-15 15:40:00,IIIV
23.58,23.625,23.5618,23.605,1142,2022-06-15 15:45:00,IIIV
23.68,24.12,23.626,24.075,8653,2022-06-15 15:50:00,IIIV
24.075,24.25,24.0555,24.25,1568,2022-06-15 15:55:00,IIIV
24.26,24.295,24.04,24.09,4095,2022-06-15 16:00:00,IIIV
24.09,24.09,23.965,23.965,500,2022-06-15 16:05:00,IIIV
23.975,23.975,23.975,23.975,100,2022-06-15 16:10:00,IIIV
23.9704,23.985,23.93,23.985,1383,2022-06-15 16:15:00,IIIV
23.9857,24.1184,23.9857,24.1184,2629,2022-06-15 16:20:00,IIIV
24.13,24.47,24.0653,24.47,3611,2022-06-15 16:25:00,IIIV
24.46,24.46,24.2,24.2,4670,2022-06-15 16:30:00,IIIV
24.2,24.48,24.16,24.38,5990,2022-06-15 16:35:00,IIIV
24.38,24.48,24.27,24.385,2900,2022-06-15 16:40:00,IIIV
24.385,24.385,24.27,24.28,2000,2022-06-15 16:45:00,IIIV
24.305,24.305,24.135,24.14,1104,2022-06-15 16:50:00,IIIV
24.145,24.155,24.05,24.09,600,2022-06-15 16:55:00,IIIV
24.05,24.13,24.0,24.085,2070,2022-06-15 17:00:00,IIIV
24.16,24.16,24.095,24.125,500,2022-06-15 17:05:00,IIIV
24.0595,24.12,24.0595,24.12,2000,2022-06-15 17:10:00,IIIV
24.08,24.12,24.08,24.12,300,2022-06-15 17:15:00,IIIV
24.16,24.38,24.16,24.38,1200,2022-06-15 17:20:00,IIIV
24.315,24.57,24.315,24.57,7023,2022-06-15 17:25:00,IIIV
24.545,24.6541,24.545,24.59,1217,2022-06-15 17:30:00,IIIV
24.5,24.655,24.41,24.6,4741,2022-06-15 17:35:00,IIIV
24.655,24.81,24.65,24.745,3014,2022-06-15 17:40:00,IIIV
24.67,24.76,24.6,24.65,2100,2022-06-15 17:45:00,IIIV
24.6999,24.6999,24.59,24.68,2520,2022-06-15 17:50:00,IIIV
24.725,24.825,24.68,24.825,502,2022-06-15 17:55:00,IIIV
24.785,24.87,24.52,24.52,1146,2022-06-15 18:00:00,IIIV
24.445,24.445,24.445,24.445,100,2022-06-15 18:05:00,IIIV
24.51,24.83,24.5,24.83,4124,2022-06-15 18:10:00,IIIV
24.93,25.09,24.93,25.01,3713,2022-06-15 18:15:00,IIIV
25.05,25.18,24.7,24.88,8980,2022-06-15 18:20:00,IIIV
24.81,25.02,24.65,24.81,2788,2022-06-15 18:25:00,IIIV
24.66,24.85,24.38,24.85,9113,2022-06-15 18:30:00,IIIV
24.81,25.24,24.81,25.19,6173,2022-06-15 18:35:00,IIIV
25.15,25.69,25.09,25.69,7347,2022-06-15 18:40:00,IIIV
25.7,25.73,25.385,25.46,4180,2022-06-15 18:45:00,IIIV
25.5,25.59,25.26,25.26,4182,2022-06-15 18:50:00,IIIV
25.235,25.235,24.8631,24.95,2747,2022-06-15 18:55:00,IIIV
24.86,24.97,24.81,24.92,1903,2022-06-15 19:00:00,IIIV
25.0,25.14,24.96,25.08,4356,2022-06-15 19:05:00,IIIV
25.08,25.22,24.95,25.04,2600,2022-06-15 19:10:00,IIIV
24.95,24.965,24.84,24.91,2001,2022-06-15 19:15:00,IIIV
24.96,25.22,24.96,25.18,3808,2022-06-15 19:20:00,IIIV
25.205,25.32,25.14,25.3,8817,2022-06-15 19:25:00,IIIV
25.2301,25.56,25.23,25.56,7752,2022-06-15 19:30:00,IIIV
25.53,25.53,25.0,25.0,7754,2022-06-15 19:35:00,IIIV
24.93,24.95,24.73,24.79,5920,2022-06-15 19:40:00,IIIV
24.805,24.805,24.735,24.78,3700,2022-06-15 19:45:00,IIIV
24.83,24.83,24.51,24.53,10935,2022-06-15 19:50:00,IIIV
24.58,24.62,24.46,24.61,13905,2022-06-15 19:55:00,IIIV
24.66,24.66,24.66,24.66,60279,2022-06-15 20:00:00,IIIV
23.89,23.89,23.6,23.6,1825,2022-06-16 13:30:00,IIIV
23.94,23.95,23.94,23.95,400,2022-06-16 13:35:00,IIIV
23.66,23.66,23.66,23.66,100,2022-06-16 13:40:00,IIIV
23.72,23.72,23.72,23.72,836,2022-06-16 13:45:00,IIIV
23.655,23.655,23.55,23.55,750,2022-06-16 13:50:00,IIIV
23.18,23.18,23.18,23.18,100,2022-06-16 14:00:00,IIIV
22.96,23.2399,22.96,23.05,1316,2022-06-16 14:05:00,IIIV
23.2399,23.485,23.22,23.455,4214,2022-06-16 14:10:00,IIIV
23.45,23.45,23.345,23.345,900,2022-06-16 14:15:00,IIIV
23.4,23.4,23.4,23.4,100,2022-06-16 14:20:00,IIIV
23.41,23.42,23.37,23.4,1255,2022-06-16 14:25:00,IIIV
23.4,23.4,23.4,23.4,300,2022-06-16 14:30:00,IIIV
23.4,23.4,23.34,23.34,1440,2022-06-16 14:35:00,IIIV
23.34,23.35,23.34,23.345,1000,2022-06-16 14:40:00,IIIV
23.345,23.345,23.345,23.345,100,2022-06-16 14:45:00,IIIV
23.28,23.3,23.19,23.19,2297,2022-06-16 14:50:00,IIIV
23.15,23.15,23.15,23.15,700,2022-06-16 14:55:00,IIIV
23.15,23.15,23.15,23.15,400,2022-06-16 15:00:00,IIIV
23.12,23.18,23.1018,23.1018,1507,2022-06-16 15:05:00,IIIV
23.12,23.15,23.12,23.15,200,2022-06-16 15:10:00,IIIV
23.2,23.2,23.13,23.15,300,2022-06-16 15:15:00,IIIV
23.15,23.15,23.15,23.15,100,2022-06-16 15:20:00,IIIV
23.21,23.21,23.21,23.21,100,2022-06-16 15:25:00,IIIV
23.2,23.2,23.1,23.1,400,2022-06-16 15:30:00,IIIV
23.11,23.18,23.09,23.14,2985,2022-06-16 15:40:00,IIIV
23.15,23.2254,23.14,23.2254,670,2022-06-16 15:45:00,IIIV
23.15,23.15,23.15,23.15,600,2022-06-16 15:50:00,IIIV
23.205,23.27,23.18,23.27,500,2022-06-16 15:55:00,IIIV
23.24,23.24,23.23,23.23,412,2022-06-16 16:00:00,IIIV
23.16,23.21,23.1,23.14,700,2022-06-16 16:05:00,IIIV
23.14,23.15,23.14,23.15,600,2022-06-16 16:10:00,IIIV
23.25,23.25,23.25,23.25,800,2022-06-16 16:15:00,IIIV
23.23,23.23,23.23,23.23,300,2022-06-16 16:20:00,IIIV
23.265,23.28,23.24,23.24,515,2022-06-16 16:25:00,IIIV
23.19,23.2427,23.153,23.2427,530,2022-06-16 16:30:00,IIIV
23.15,23.17,23.15,23.17,700,2022-06-16 16:35:00,IIIV
23.23,23.23,23.23,23.23,100,2022-06-16 16:40:00,IIIV
23.25,23.26,23.25,23.26,531,2022-06-16 16:45:00,IIIV
23.2,23.2,23.19,23.19,200,2022-06-16 16:50:00,IIIV
23.235,23.235,23.185,23.23,1432,2022-06-16 16:55:00,IIIV
23.245,23.245,23.18,23.23,703,2022-06-16 17:00:00,IIIV
23.25,23.28,23.25,23.27,600,2022-06-16 17:05:00,IIIV
23.25,23.25,23.23,23.23,200,2022-06-16 17:10:00,IIIV
23.18,23.33,23.18,23.33,1600,2022-06-16 17:15:00,IIIV
23.25,23.25,23.23,23.23,627,2022-06-16 17:20:00,IIIV
23.225,23.27,23.215,23.27,500,2022-06-16 17:25:00,IIIV
23.27,23.27,23.27,23.27,100,2022-06-16 17:30:00,IIIV
23.25,23.25,23.25,23.25,100,2022-06-16 17:35:00,IIIV
23.28,23.28,23.22,23.27,1100,2022-06-16 17:40:00,IIIV
23.275,23.385,23.275,23.36,1223,2022-06-16 17:45:00,IIIV
23.35,23.3797,23.3038,23.335,4042,2022-06-16 17:50:00,IIIV
23.315,23.32,23.315,23.315,500,2022-06-16 17:55:00,IIIV
23.315,23.3599,23.26,23.33,1059,2022-06-16 18:00:00,IIIV
23.28,23.35,23.24,23.3,1000,2022-06-16 18:05:00,IIIV
23.3399,23.35,23.29,23.33,1100,2022-06-16 18:10:00,IIIV
23.33,23.33,23.27,23.27,450,2022-06-16 18:15:00,IIIV
23.32,23.36,23.27,23.315,900,2022-06-16 18:20:00,IIIV
23.33,23.33,23.27,23.3285,528,2022-06-16 18:25:00,IIIV
23.35,23.375,23.31,23.32,1075,2022-06-16 18:30:00,IIIV
23.29,23.29,23.2,23.2,700,2022-06-16 18:35:00,IIIV
23.28,23.335,23.24,23.24,1203,2022-06-16 18:40:00,IIIV
23.25,23.25,23.11,23.11,300,2022-06-16 18:45:00,IIIV
23.07,23.105,23.07,23.105,300,2022-06-16 18:50:00,IIIV
23.12,23.2,23.02,23.12,1300,2022-06-16 18:55:00,IIIV
23.17,23.24,23.05,23.05,7599,2022-06-16 19:00:00,IIIV
23.1,23.1175,23.06,23.1175,1700,2022-06-16 19:05:00,IIIV
23.07,23.08,22.98,22.98,600,2022-06-16 19:10:00,IIIV
22.88,23.05,22.85,22.85,900,2022-06-16 19:15:00,IIIV
22.93,22.95,22.86,22.865,3955,2022-06-16 19:20:00,IIIV
22.85,22.86,22.8,22.86,2723,2022-06-16 19:25:00,IIIV
22.76,22.79,22.645,22.645,1700,2022-06-16 19:30:00,IIIV
22.6899,22.6899,22.53,22.555,2000,2022-06-16 19:35:00,IIIV
22.53,22.6,22.43,22.44,4970,2022-06-16 19:40:00,IIIV
22.46,22.46,22.39,22.395,3358,2022-06-16 19:45:00,IIIV
22.43,22.52,22.415,22.5,3091,2022-06-16 19:50:00,IIIV
22.5,22.605,22.48,22.57,8123,2022-06-16 19:55:00,IIIV
22.54,22.54,22.54,22.54,50513,2022-06-16 20:00:00,IIIV
22.78,22.78,22.78,22.78,20963,2022-06-17 13:30:00,IIIV
22.89,22.91,22.78,22.78,300,2022-06-17 13:35:00,IIIV
22.88,22.88,22.88,22.88,100,2022-06-17 13:40:00,IIIV
22.88,22.94,22.88,22.94,300,2022-06-17 13:45:00,IIIV
22.845,23.0,22.845,23.0,642,2022-06-17 13:50:00,IIIV
23.09,23.19,22.96,22.96,1100,2022-06-17 13:55:00,IIIV
22.86,22.86,22.86,22.86,300,2022-06-17 14:05:00,IIIV
22.815,22.815,22.72,22.72,227,2022-06-17 14:10:00,IIIV
22.73,22.745,22.7,22.745,300,2022-06-17 14:15:00,IIIV
22.66,22.66,22.51,22.51,306,2022-06-17 14:20:00,IIIV
22.59,22.59,22.49,22.49,300,2022-06-17 14:25:00,IIIV
22.56,22.56,22.56,22.56,200,2022-06-17 14:30:00,IIIV
22.62,22.62,22.62,22.62,100,2022-06-17 14:35:00,IIIV
22.61,22.69,22.61,22.69,285,2022-06-17 14:40:00,IIIV
22.63,22.64,22.605,22.64,580,2022-06-17 14:45:00,IIIV
22.5672,22.5672,22.5672,22.5672,116,2022-06-17 14:50:00,IIIV
22.54,22.595,22.54,22.595,200,2022-06-17 14:55:00,IIIV
22.55,22.68,22.55,22.68,300,2022-06-17 15:00:00,IIIV
22.78,22.96,22.78,22.8746,1048,2022-06-17 15:05:00,IIIV
22.86,22.905,22.85,22.905,400,2022-06-17 15:10:00,IIIV
22.8885,23.04,22.8885,23.01,826,2022-06-17 15:15:00,IIIV
23.01,23.06,23.01,23.06,300,2022-06-17 15:20:00,IIIV
22.92,23.1155,22.92,23.015,1151,2022-06-17 15:25:00,IIIV
22.82,22.82,22.82,22.82,100,2022-06-17 15:40:00,IIIV
22.88,22.91,22.825,22.91,500,2022-06-17 15:45:00,IIIV
22.865,22.865,22.865,22.865,100,2022-06-17 15:55:00,IIIV
22.835,22.835,22.835,22.835,100,2022-06-17 16:05:00,IIIV
22.93,22.93,22.93,22.93,200,2022-06-17 16:10:00,IIIV
23.06,23.06,23.06,23.06,100,2022-06-17 16:15:00,IIIV
22.99,22.99,22.99,22.99,200,2022-06-17 16:20:00,IIIV
23.07,23.07,23.07,23.07,200,2022-06-17 16:25:00,IIIV
22.98,23.05,22.98,22.985,1699,2022-06-17 16:30:00,IIIV
23.03,23.05,23.03,23.03,1328,2022-06-17 16:35:00,IIIV
23.05,23.08,23.05,23.075,3200,2022-06-17 16:40:00,IIIV
23.04,23.11,23.04,23.1,2059,2022-06-17 16:45:00,IIIV
23.04,23.0785,23.04,23.04,300,2022-06-17 16:50:00,IIIV
23.02,23.035,22.97,23.035,600,2022-06-17 16:55:00,IIIV
22.97,23.01,22.97,22.985,990,2022-06-17 17:00:00,IIIV
23.01,23.04,22.98,22.98,5213,2022-06-17 17:05:00,IIIV
23.05,23.05,22.97,22.97,7110,2022-06-17 17:10:00,IIIV
22.92,22.92,22.81,22.88,540,2022-06-17 17:15:00,IIIV
22.82,22.82,22.755,22.755,600,2022-06-17 17:20:00,IIIV
22.7,22.72,22.65,22.65,1557,2022-06-17 17:25:00,IIIV
22.65,22.67,22.57,22.6,1222,2022-06-17 17:35:00,IIIV
22.6,22.6,22.59,22.6,2927,2022-06-17 17:40:00,IIIV
22.51,22.52,22.48,22.52,454,2022-06-17 17:45:00,IIIV
22.61,22.7964,22.61,22.7,3868,2022-06-17 17:50:00,IIIV
22.77,22.85,22.77,22.84,500,2022-06-17 17:55:00,IIIV
22.83,22.9,22.83,22.9,757,2022-06-17 18:00:00,IIIV
22.85,22.95,22.85,22.95,674,2022-06-17 18:05:00,IIIV
22.95,22.96,22.91,22.91,4484,2022-06-17 18:10:00,IIIV
22.95,22.95,22.93,22.94,1322,2022-06-17 18:15:00,IIIV
22.935,22.95,22.935,22.95,674,2022-06-17 18:20:00,IIIV
22.95,23.0,22.95,23.0,600,2022-06-17 18:25:00,IIIV
23.055,23.055,23.055,23.055,100,2022-06-17 18:30:00,IIIV
23.02,23.08,23.01,23.01,1800,2022-06-17 18:35:00,IIIV
23.05,23.05,23.05,23.05,200,2022-06-17 18:40:00,IIIV
22.99,22.99,22.92,22.97,1407,2022-06-17 18:45:00,IIIV
22.965,23.01,22.965,22.97,900,2022-06-17 18:50:00,IIIV
23.0,23.05,23.0,23.05,2100,2022-06-17 18:55:00,IIIV
23.025,23.05,23.02,23.02,900,2022-06-17 19:00:00,IIIV
23.02,23.02,22.965,22.965,839,2022-06-17 19:05:00,IIIV
22.99,23.02,22.98,22.98,1799,2022-06-17 19:10:00,IIIV
23.01,23.095,23.01,23.07,3600,2022-06-17 19:15:00,IIIV
23.15,23.315,23.15,23.315,1600,2022-06-17 19:20:00,IIIV
23.35,23.42,23.35,23.4,2539,2022-06-17 19:25:00,IIIV
23.41,23.46,23.29,23.37,2600,2022-06-17 19:30:00,IIIV
23.41,23.51,23.35,23.485,7531,2022-06-17 19:35:00,IIIV
23.51,23.56,23.44,23.52,4708,2022-06-17 19:40:00,IIIV
23.52,23.66,23.5,23.53,6981,2022-06-17 19:45:00,IIIV
23.61,24.0,23.53,23.705,14359,2022-06-17 19:50:00,IIIV
23.75,23.83,23.67,23.8,42366,2022-06-17 19:55:00,IIIV
23.79,23.79,23.75,23.75,184849,2022-06-17 20:00:00,IIIV
23.98,25.49,23.98,25.49,2698,2022-06-21 13:30:00,IIIV
23.84,23.945,23.8079,23.945,500,2022-06-21 13:35:00,IIIV
24.2976,24.3,24.2976,24.3,617,2022-06-21 13:50:00,IIIV
24.14,24.44,24.14,24.44,200,2022-06-21 13:55:00,IIIV
24.35,24.67,24.35,24.67,700,2022-06-21 14:00:00,IIIV
24.59,24.59,24.59,24.59,100,2022-06-21 14:05:00,IIIV
24.69,24.74,24.64,24.65,1114,2022-06-21 14:10:00,IIIV
24.54,24.56,24.54,24.56,1100,2022-06-21 14:15:00,IIIV
24.5003,24.5003,24.5,24.5,2600,2022-06-21 14:20:00,IIIV
24.44,24.44,24.44,24.44,100,2022-06-21 14:25:00,IIIV
24.4,24.41,24.4,24.41,400,2022-06-21 14:30:00,IIIV
24.46,24.495,24.35,24.35,900,2022-06-21 14:40:00,IIIV
24.45,24.48,24.41,24.41,300,2022-06-21 14:50:00,IIIV
24.34,24.34,24.34,24.34,100,2022-06-21 14:55:00,IIIV
24.39,24.39,24.358,24.358,250,2022-06-21 15:00:00,IIIV
24.4,24.4,24.39,24.39,2218,2022-06-21 15:05:00,IIIV
24.39,24.4,24.3709,24.4,752,2022-06-21 15:10:00,IIIV
24.38,24.38,24.35,24.35,500,2022-06-21 15:20:00,IIIV
24.365,24.365,24.365,24.365,100,2022-06-21 15:25:00,IIIV
24.33,24.35,24.26,24.27,835,2022-06-21 15:30:00,IIIV
24.24,24.24,24.23,24.23,2130,2022-06-21 15:35:00,IIIV
24.12,24.12,24.12,24.12,400,2022-06-21 15:40:00,IIIV
24.06,24.06,24.06,24.06,100,2022-06-21 15:45:00,IIIV
24.06,24.06,24.06,24.06,200,2022-06-21 15:50:00,IIIV
24.02,24.07,24.0,24.0,7267,2022-06-21 15:55:00,IIIV
24.0,24.11,24.0,24.08,4922,2022-06-21 16:00:00,IIIV
24.02,24.02,24.02,24.02,200,2022-06-21 16:05:00,IIIV
24.0,24.0,24.0,24.0,500,2022-06-21 16:10:00,IIIV
23.955,23.955,23.921,23.95,400,2022-06-21 16:15:00,IIIV
23.93,23.95,23.93,23.95,1300,2022-06-21 16:25:00,IIIV
23.92,23.92,23.92,23.92,100,2022-06-21 16:30:00,IIIV
23.92,23.95,23.91,23.95,300,2022-06-21 16:45:00,IIIV
24.03,24.03,24.02,24.02,200,2022-06-21 16:50:00,IIIV
24.02,24.0689,24.02,24.06,1325,2022-06-21 16:55:00,IIIV
24.05,24.05,24.05,24.05,200,2022-06-21 17:00:00,IIIV
24.07,24.07,24.07,24.07,200,2022-06-21 17:05:00,IIIV
24.005,24.005,24.005,24.005,200,2022-06-21 17:10:00,IIIV
24.04,24.04,24.04,24.04,100,2022-06-21 17:15:00,IIIV
23.98,24.0,23.97,24.0,2481,2022-06-21 17:25:00,IIIV
23.97,23.97,23.94,23.94,200,2022-06-21 17:35:00,IIIV
23.8697,23.8697,23.7926,23.7926,1559,2022-06-21 17:40:00,IIIV
23.78,23.889,23.78,23.88,718,2022-06-21 17:45:00,IIIV
23.87,23.94,23.87,23.92,900,2022-06-21 17:50:00,IIIV
23.9,23.9,23.88,23.88,300,2022-06-21 17:55:00,IIIV
23.82,23.82,23.82,23.82,100,2022-06-21 18:00:00,IIIV
23.825,23.87,23.825,23.87,800,2022-06-21 18:10:00,IIIV
23.81,23.89,23.81,23.89,400,2022-06-21 18:15:00,IIIV
23.89,23.89,23.81,23.81,1102,2022-06-21 18:20:00,IIIV
23.8212,23.8212,23.8212,23.8212,400,2022-06-21 18:25:00,IIIV
23.805,23.81,23.77,23.77,400,2022-06-21 18:30:00,IIIV
23.78,23.78,23.671,23.68,1779,2022-06-21 18:35:00,IIIV
23.75,23.835,23.75,23.835,1700,2022-06-21 18:40:00,IIIV
23.78,23.78,23.71,23.71,700,2022-06-21 18:45:00,IIIV
23.69,23.69,23.69,23.69,100,2022-06-21 18:50:00,IIIV
23.77,23.8,23.73,23.73,900,2022-06-21 18:55:00,IIIV
23.731,23.75,23.73,23.75,400,2022-06-21 19:00:00,IIIV
23.79,23.79,23.75,23.79,500,2022-06-21 19:05:00,IIIV
23.79,23.81,23.77,23.81,400,2022-06-21 19:10:00,IIIV
23.8,23.8,23.79,23.79,400,2022-06-21 19:15:00,IIIV
23.86,23.86,23.79,23.79,900,2022-06-21 19:20:00,IIIV
23.77,23.77,23.7,23.71,1000,2022-06-21 19:25:00,IIIV
23.71,23.74,23.705,23.72,606,2022-06-21 19:30:00,IIIV
23.71,23.73,23.66,23.73,1600,2022-06-21 19:35:00,IIIV
23.71,23.78,23.71,23.78,1810,2022-06-21 19:40:00,IIIV
23.7547,23.78,23.71,23.71,1881,2022-06-21 19:45:00,IIIV
23.73,23.77,23.73,23.77,1700,2022-06-21 19:50:00,IIIV
23.75,23.77,23.67,23.7,3849,2022-06-21 19:55:00,IIIV
23.65,23.65,23.65,23.65,47623,2022-06-21 20:00:00,IIIV
23.24,24.9386,22.82,22.82,1714,2022-06-22 13:30:00,IIIV
23.44,23.66,23.44,23.66,400,2022-06-22 13:35:00,IIIV
23.51,23.51,23.51,23.51,100,2022-06-22 13:40:00,IIIV
23.5012,23.5012,23.5012,23.5012,113,2022-06-22 13:45:00,IIIV
23.46,23.7,23.46,23.7,300,2022-06-22 13:50:00,IIIV
23.75,23.75,23.75,23.75,100,2022-06-22 13:55:00,IIIV
23.69,23.7,23.6711,23.6711,885,2022-06-22 14:05:00,IIIV
23.72,23.72,23.7,23.7,400,2022-06-22 14:10:00,IIIV
23.72,23.735,23.68,23.68,457,2022-06-22 14:15:00,IIIV
23.7,23.7,23.69,23.7,500,2022-06-22 14:20:00,IIIV
23.71,23.7375,23.71,23.7375,268,2022-06-22 14:25:00,IIIV
23.735,23.735,23.735,23.735,100,2022-06-22 14:35:00,IIIV
23.73,23.765,23.71,23.72,766,2022-06-22 14:40:00,IIIV
23.54,23.54,23.54,23.54,100,2022-06-22 14:55:00,IIIV
23.51,23.52,23.45,23.52,1100,2022-06-22 15:00:00,IIIV
23.54,23.6,23.54,23.6,400,2022-06-22 15:05:00,IIIV
23.6,23.6,23.6,23.6,100,2022-06-22 15:10:00,IIIV
23.5,23.5,23.5,23.5,100,2022-06-22 15:15:00,IIIV
23.48,23.48,23.47,23.47,200,2022-06-22 15:25:00,IIIV
23.625,23.625,23.625,23.625,100,2022-06-22 15:30:00,IIIV
23.625,23.625,23.625,23.625,200,2022-06-22 15:40:00,IIIV
23.59,23.59,23.59,23.59,100,2022-06-22 15:45:00,IIIV
23.51,23.51,23.51,23.51,100,2022-06-22 15:50:00,IIIV
23.605,23.605,23.605,23.605,100,2022-06-22 15:55:00,IIIV
23.63,23.7,23.63,23.7,200,2022-06-22 16:00:00,IIIV
23.65,23.7,23.65,23.7,400,2022-06-22 16:05:00,IIIV
23.75,23.78,23.75,23.78,857,2022-06-22 16:15:00,IIIV
23.89,23.91,23.89,23.9,1892,2022-06-22 16:20:00,IIIV
23.8,23.855,23.8,23.855,200,2022-06-22 16:30:00,IIIV
23.81,23.81,23.81,23.81,122,2022-06-22 16:35:00,IIIV
23.8,23.8372,23.8,23.81,2300,2022-06-22 16:40:00,IIIV
23.77,23.77,23.74,23.75,700,2022-06-22 16:50:00,IIIV
23.74,23.8,23.74,23.795,1200,2022-06-22 16:55:00,IIIV
23.79,23.79,23.79,23.79,100,2022-06-22 17:00:00,IIIV
23.915,23.915,23.85,23.85,200,2022-06-22 17:20:00,IIIV
23.9185,23.9185,23.8695,23.8695,449,2022-06-22 17:45:00,IIIV
23.83,23.83,23.83,23.83,100,2022-06-22 17:55:00,IIIV
23.82,23.82,23.82,23.82,100,2022-06-22 18:00:00,IIIV
23.81,23.82,23.81,23.82,285,2022-06-22 18:10:00,IIIV
23.81,23.8999,23.79,23.79,504,2022-06-22 18:15:00,IIIV
23.6944,23.6944,23.6944,23.6944,500,2022-06-22 18:20:00,IIIV
23.73,23.79,23.725,23.725,1520,2022-06-22 18:35:00,IIIV
23.7,23.7,23.7,23.7,100,2022-06-22 18:40:00,IIIV
23.735,23.735,23.735,23.735,100,2022-06-22 18:45:00,IIIV
23.6,23.81,23.6,23.81,700,2022-06-22 18:50:00,IIIV
23.805,23.805,23.805,23.805,100,2022-06-22 18:55:00,IIIV
23.71,23.79,23.71,23.7215,400,2022-06-22 19:00:00,IIIV
23.81,23.81,23.68,23.68,400,2022-06-22 19:05:00,IIIV
23.75,23.76,23.64,23.76,400,2022-06-22 19:10:00,IIIV
23.76,23.85,23.76,23.85,400,2022-06-22 19:15:00,IIIV
23.8,23.8,23.8,23.8,100,2022-06-22 19:20:00,IIIV
23.59,23.69,23.59,23.625,300,2022-06-22 19:25:00,IIIV
23.62,23.6832,23.59,23.59,3772,2022-06-22 19:30:00,IIIV
23.65,23.66,23.61,23.61,600,2022-06-22 19:35:00,IIIV
23.579,23.63,23.579,23.63,883,2022-06-22 19:40:00,IIIV
23.61,23.61,23.5,23.59,345,2022-06-22 19:45:00,IIIV
23.57,23.71,23.57,23.71,1459,2022-06-22 19:50:00,IIIV
23.72,23.75,23.59,23.65,3680,2022-06-22 19:55:00,IIIV
23.67,23.67,23.67,23.67,49123,2022-06-22 20:00:00,IIIV
23.72,23.95,23.04,23.95,2285,2022-06-23 13:30:00,IIIV
23.89,23.98,23.74,23.8044,1925,2022-06-23 13:35:00,IIIV
23.67,23.67,23.67,23.67,200,2022-06-23 13:45:00,IIIV
23.63,23.63,23.46,23.46,300,2022-06-23 13:50:00,IIIV
23.54,23.59,23.54,23.59,200,2022-06-23 13:55:00,IIIV
23.71,23.71,23.6,23.71,800,2022-06-23 14:00:00,IIIV
23.71,23.715,23.54,23.715,2380,2022-06-23 14:05:00,IIIV
23.68,23.68,23.495,23.495,300,2022-06-23 14:10:00,IIIV
23.625,23.625,23.625,23.625,100,2022-06-23 14:15:00,IIIV
23.53,23.53,23.515,23.515,200,2022-06-23 14:25:00,IIIV
23.58,23.63,23.58,23.63,400,2022-06-23 14:30:00,IIIV
23.67,23.67,23.67,23.67,200,2022-06-23 14:35:00,IIIV
23.78,23.78,23.78,23.78,100,2022-06-23 14:40:00,IIIV
23.7,23.7,23.7,23.7,100,2022-06-23 14:45:00,IIIV
23.78,23.885,23.77,23.885,500,2022-06-23 14:50:00,IIIV
23.85,23.94,23.84,23.94,2325,2022-06-23 14:55:00,IIIV
23.83,23.83,23.83,23.83,100,2022-06-23 15:00:00,IIIV
23.85,23.94,23.85,23.94,300,2022-06-23 15:10:00,IIIV
23.855,23.9,23.855,23.9,600,2022-06-23 15:20:00,IIIV
23.91,23.91,23.91,23.91,100,2022-06-23 15:25:00,IIIV
23.9,23.9,23.865,23.865,300,2022-06-23 15:30:00,IIIV
23.85,24.02,23.84,24.01,5428,2022-06-23 15:45:00,IIIV
24.04,24.04,24.04,24.04,100,2022-06-23 15:50:00,IIIV
24.08,24.1,24.08,24.1,300,2022-06-23 15:55:00,IIIV
24.11,24.12,24.11,24.12,500,2022-06-23 16:00:00,IIIV
24.14,24.23,24.14,24.21,988,2022-06-23 16:05:00,IIIV
24.21,24.21,24.21,24.21,225,2022-06-23 16:10:00,IIIV
24.28,24.36,24.27,24.34,500,2022-06-23 16:15:00,IIIV
24.1927,24.25,24.1927,24.25,215,2022-06-23 16:20:00,IIIV
24.35,24.35,24.35,24.35,100,2022-06-23 16:25:00,IIIV
24.25,24.25,24.25,24.25,100,2022-06-23 16:30:00,IIIV
24.27,24.27,24.15,24.255,5153,2022-06-23 16:35:00,IIIV
24.245,24.32,24.04,24.15,4304,2022-06-23 16:40:00,IIIV
24.15,24.23,24.09,24.22,2800,2022-06-23 16:45:00,IIIV
24.22,24.3,24.22,24.285,1546,2022-06-23 16:50:00,IIIV
24.285,24.285,24.285,24.285,100,2022-06-23 16:55:00,IIIV
24.1,24.1,24.1,24.1,100,2022-06-23 17:00:00,IIIV
24.25,24.3,24.25,24.29,400,2022-06-23 17:05:00,IIIV
24.29,24.29,24.29,24.29,300,2022-06-23 17:10:00,IIIV
24.23,24.23,24.23,24.23,100,2022-06-23 17:15:00,IIIV
24.355,24.41,24.355,24.41,200,2022-06-23 17:20:00,IIIV
24.28,24.28,24.28,24.28,100,2022-06-23 17:25:00,IIIV
24.41,24.41,24.41,24.41,200,2022-06-23 17:30:00,IIIV
24.28,24.355,24.28,24.28,618,2022-06-23 17:35:00,IIIV
24.1816,24.3209,24.1816,24.29,632,2022-06-23 17:40:00,IIIV
24.31,24.45,24.31,24.45,1796,2022-06-23 17:45:00,IIIV
24.52,24.52,24.37,24.37,300,2022-06-23 17:50:00,IIIV
24.5,24.51,24.5,24.51,400,2022-06-23 17:55:00,IIIV
24.57,24.57,24.57,24.57,200,2022-06-23 18:05:00,IIIV
24.64,24.64,24.56,24.56,800,2022-06-23 18:10:00,IIIV
24.58,24.58,24.58,24.58,300,2022-06-23 18:15:00,IIIV
24.52,24.52,24.52,24.52,100,2022-06-23 18:20:00,IIIV
24.64,24.69,24.64,24.665,300,2022-06-23 18:25:00,IIIV
24.72,24.79,24.72,24.79,905,2022-06-23 18:30:00,IIIV
24.75,24.75,24.62,24.62,503,2022-06-23 18:35:00,IIIV
24.69,24.75,24.68,24.75,900,2022-06-23 18:40:00,IIIV
24.74,24.795,24.73,24.795,2004,2022-06-23 18:45:00,IIIV
24.77,24.77,24.77,24.77,100,2022-06-23 18:50:00,IIIV
24.69,24.7699,24.69,24.7636,521,2022-06-23 18:55:00,IIIV
24.77,24.79,24.76,24.79,400,2022-06-23 19:00:00,IIIV
24.73,24.74,24.67,24.67,1400,2022-06-23 19:15:00,IIIV
24.73,24.75,24.63,24.74,700,2022-06-23 19:20:00,IIIV
24.75,24.81,24.75,24.765,1628,2022-06-23 19:25:00,IIIV
24.81,24.91,24.81,24.91,2599,2022-06-23 19:30:00,IIIV
24.83,24.845,24.8,24.84,1764,2022-06-23 19:35:00,IIIV
24.84,24.87,24.8,24.83,800,2022-06-23 19:40:00,IIIV
24.83,24.84,24.8,24.825,900,2022-06-23 19:45:00,IIIV
24.845,24.89,24.805,24.82,1791,2022-06-23 19:50:00,IIIV
24.84,24.91,24.79,24.88,6068,2022-06-23 19:55:00,IIIV
24.88,24.88,24.88,24.88,9941,2022-06-23 20:00:00,IIIV
24.96,25.38,24.91,25.38,3637,2022-06-24 13:30:00,IIIV
25.2,25.41,25.2,25.41,500,2022-06-24 13:35:00,IIIV
25.41,25.41,25.41,25.41,100,2022-06-24 13:40:00,IIIV
25.415,25.415,25.34,25.34,200,2022-06-24 13:45:00,IIIV
25.37,25.41,25.33,25.41,3741,2022-06-24 13:50:00,IIIV
25.455,25.455,25.4,25.4,200,2022-06-24 13:55:00,IIIV
25.45,25.5614,25.45,25.51,3300,2022-06-24 14:00:00,IIIV
25.5,25.61,25.5,25.61,550,2022-06-24 14:05:00,IIIV
25.675,25.675,25.5,25.5,6300,2022-06-24 14:10:00,IIIV
25.5,25.59,25.5,25.51,600,2022-06-24 14:15:00,IIIV
25.5378,25.71,25.5378,25.63,1360,2022-06-24 14:20:00,IIIV
25.62,25.63,25.57,25.57,900,2022-06-24 14:25:00,IIIV
25.57,25.63,25.56,25.63,700,2022-06-24 14:30:00,IIIV
25.5701,25.61,25.57,25.61,400,2022-06-24 14:35:00,IIIV
25.605,25.605,25.515,25.515,600,2022-06-24 14:40:00,IIIV
25.52,25.58,25.52,25.52,2124,2022-06-24 14:45:00,IIIV
25.65,25.74,25.65,25.74,200,2022-06-24 14:50:00,IIIV
25.67,25.67,25.53,25.62,2500,2022-06-24 14:55:00,IIIV
25.575,25.63,25.575,25.575,766,2022-06-24 15:00:00,IIIV
25.63,25.63,25.63,25.63,266,2022-06-24 15:05:00,IIIV
25.53,25.53,25.46,25.5,2400,2022-06-24 15:10:00,IIIV
25.495,25.495,25.495,25.495,100,2022-06-24 15:15:00,IIIV
25.44,25.57,25.44,25.475,4192,2022-06-24 15:20:00,IIIV
25.48,25.55,25.45,25.55,500,2022-06-24 15:25:00,IIIV
25.565,25.5746,25.53,25.53,662,2022-06-24 15:35:00,IIIV
25.53,25.53,25.53,25.53,200,2022-06-24 15:45:00,IIIV
25.61,25.62,25.6,25.62,700,2022-06-24 15:55:00,IIIV
25.665,25.665,25.66,25.66,340,2022-06-24 16:00:00,IIIV
25.665,25.7196,25.665,25.7196,400,2022-06-24 16:05:00,IIIV
25.72,25.72,25.72,25.72,200,2022-06-24 16:10:00,IIIV
25.68,25.68,25.68,25.68,100,2022-06-24 16:15:00,IIIV
25.75,25.82,25.75,25.82,948,2022-06-24 16:25:00,IIIV
25.84,25.84,25.77,25.77,800,2022-06-24 16:30:00,IIIV
25.83,25.83,25.83,25.83,200,2022-06-24 16:40:00,IIIV
25.82,25.82,25.82,25.82,100,2022-06-24 16:50:00,IIIV
25.88,25.88,25.88,25.88,200,2022-06-24 17:00:00,IIIV
25.84,25.84,25.84,25.84,100,2022-06-24 17:05:00,IIIV
25.81,25.8288,25.81,25.8288,200,2022-06-24 17:10:00,IIIV
25.81,25.81,25.81,25.81,100,2022-06-24 17:15:00,IIIV
25.8,25.835,25.8,25.835,200,2022-06-24 17:20:00,IIIV
25.8,25.8,25.79,25.79,200,2022-06-24 17:25:00,IIIV
25.73,25.73,25.73,25.73,229,2022-06-24 17:30:00,IIIV
25.74,25.74,25.74,25.74,100,2022-06-24 17:35:00,IIIV
25.7077,25.72,25.7,25.7,459,2022-06-24 17:40:00,IIIV
25.62,25.62,25.6,25.605,2982,2022-06-24 17:45:00,IIIV
25.58,25.6,25.57,25.57,1165,2022-06-24 17:50:00,IIIV
25.51,25.51,25.485,25.49,3666,2022-06-24 17:55:00,IIIV
25.39,25.39,25.39,25.39,200,2022-06-24 18:00:00,IIIV
25.4,25.4,25.38,25.38,4400,2022-06-24 18:05:00,IIIV
25.31,25.32,25.235,25.245,5900,2022-06-24 18:10:00,IIIV
25.22,25.22,25.22,25.22,100,2022-06-24 18:15:00,IIIV
25.21,25.21,25.2,25.2,200,2022-06-24 18:20:00,IIIV
25.21,25.21,25.13,25.15,652,2022-06-24 18:25:00,IIIV
25.125,25.1754,25.12,25.1754,3000,2022-06-24 18:30:00,IIIV
25.125,25.15,25.11,25.14,1200,2022-06-24 18:35:00,IIIV
25.11,25.11,25.08,25.08,1000,2022-06-24 18:40:00,IIIV
25.1,25.25,25.1,25.25,2307,2022-06-24 18:45:00,IIIV
25.19,25.22,25.19,25.22,200,2022-06-24 18:55:00,IIIV
25.2,25.34,25.2,25.34,2427,2022-06-24 19:00:00,IIIV
25.271,25.28,25.18,25.18,2800,2022-06-24 19:05:00,IIIV
25.14,25.15,25.1001,25.1001,649,2022-06-24 19:10:00,IIIV
25.155,25.18,25.145,25.18,300,2022-06-24 19:15:00,IIIV
25.18,25.31,25.18,25.31,4205,2022-06-24 19:20:00,IIIV
25.28,25.335,25.28,25.335,200,2022-06-24 19:25:00,IIIV
25.32,25.35,25.3,25.3,500,2022-06-24 19:30:00,IIIV
25.335,25.41,25.3,25.385,2958,2022-06-24 19:35:00,IIIV
25.41,25.46,25.4,25.4,900,2022-06-24 19:40:00,IIIV
25.43,25.475,25.37,25.47,3562,2022-06-24 19:45:00,IIIV
25.5,25.73,25.5,25.7,3871,2022-06-24 19:50:00,IIIV
25.69,25.95,25.67,25.88,23215,2022-06-24 19:55:00,IIIV
25.89,25.89,25.89,25.89,91133,2022-06-24 20:00:00,IIIV
25.98,25.98,25.86,25.86,1592,2022-06-27 13:30:00,IIIV
25.715,25.84,25.715,25.83,1418,2022-06-27 13:35:00,IIIV
25.82,25.82,25.64,25.76,2300,2022-06-27 13:40:00,IIIV
25.78,25.78,25.76,25.775,1200,2022-06-27 13:45:00,IIIV
25.73,25.73,25.73,25.73,300,2022-06-27 13:50:00,IIIV
25.85,26.0,25.85,25.95,4542,2022-06-27 14:00:00,IIIV
25.95,25.95,25.84,25.895,2321,2022-06-27 14:05:00,IIIV
25.735,25.81,25.665,25.78,900,2022-06-27 14:10:00,IIIV
25.66,25.78,25.65,25.71,1108,2022-06-27 14:15:00,IIIV
25.63,25.63,25.52,25.565,600,2022-06-27 14:20:00,IIIV
25.53,25.58,25.48,25.58,700,2022-06-27 14:25:00,IIIV
25.58,25.58,25.57,25.57,300,2022-06-27 14:30:00,IIIV
25.705,25.77,25.705,25.77,300,2022-06-27 14:35:00,IIIV
25.75,25.75,25.7,25.7,700,2022-06-27 14:40:00,IIIV
25.82,25.83,25.81,25.82,500,2022-06-27 14:45:00,IIIV
25.86,25.87,25.86,25.86,1000,2022-06-27 14:50:00,IIIV
25.86,25.9,25.78,25.9,600,2022-06-27 14:55:00,IIIV
25.81,25.81,25.52,25.53,6700,2022-06-27 15:00:00,IIIV
25.62,25.73,25.62,25.73,394,2022-06-27 15:05:00,IIIV
25.59,25.59,25.545,25.545,408,2022-06-27 15:10:00,IIIV
25.635,25.635,25.635,25.635,100,2022-06-27 15:15:00,IIIV
25.67,25.73,25.67,25.73,300,2022-06-27 15:25:00,IIIV
25.72,25.72,25.72,25.72,100,2022-06-27 15:30:00,IIIV
25.82,25.82,25.82,25.82,100,2022-06-27 15:40:00,IIIV
25.8,25.8,25.78,25.78,200,2022-06-27 15:45:00,IIIV
25.79,25.79,25.79,25.79,200,2022-06-27 15:50:00,IIIV
25.72,25.72,25.65,25.65,1098,2022-06-27 15:55:00,IIIV
25.635,25.67,25.62,25.63,675,2022-06-27 16:00:00,IIIV
25.645,25.645,25.645,25.645,100,2022-06-27 16:05:00,IIIV
25.65,25.65,25.65,25.65,100,2022-06-27 16:10:00,IIIV
25.61,25.62,25.61,25.62,200,2022-06-27 16:15:00,IIIV
25.61,25.62,25.56,25.56,600,2022-06-27 16:20:00,IIIV
25.525,25.525,25.4689,25.51,500,2022-06-27 16:25:00,IIIV
25.52,25.52,25.52,25.52,100,2022-06-27 16:30:00,IIIV
25.52,25.55,25.51,25.51,300,2022-06-27 16:40:00,IIIV
25.57,25.57,25.57,25.57,100,2022-06-27 16:50:00,IIIV
25.645,25.645,25.61,25.64,700,2022-06-27 16:55:00,IIIV
25.6,25.625,25.535,25.535,595,2022-06-27 17:00:00,IIIV
25.53,25.59,25.53,25.59,300,2022-06-27 17:05:00,IIIV
25.65,25.7,25.65,25.7,200,2022-06-27 17:10:00,IIIV
25.66,25.66,25.66,25.66,100,2022-06-27 17:15:00,IIIV
25.65,25.69,25.65,25.69,400,2022-06-27 17:25:00,IIIV
25.66,25.71,25.66,25.71,300,2022-06-27 17:35:00,IIIV
25.68,25.725,25.67,25.725,526,2022-06-27 17:40:00,IIIV
25.65,25.69,25.65,25.69,547,2022-06-27 17:45:00,IIIV
25.73,25.73,25.685,25.72,1000,2022-06-27 17:50:00,IIIV
25.72,25.72,25.72,25.72,1346,2022-06-27 17:55:00,IIIV
25.65,25.66,25.63,25.65,1104,2022-06-27 18:00:00,IIIV
25.645,25.69,25.645,25.69,500,2022-06-27 18:05:00,IIIV
25.61,25.6307,25.59,25.6307,417,2022-06-27 18:10:00,IIIV
25.55,25.63,25.55,25.55,700,2022-06-27 18:25:00,IIIV
25.63,25.65,25.63,25.65,200,2022-06-27 18:45:00,IIIV
25.63,25.72,25.63,25.655,600,2022-06-27 18:50:00,IIIV
25.72,25.87,25.71,25.87,800,2022-06-27 18:55:00,IIIV
25.82,25.88,25.7,25.7,1400,2022-06-27 19:00:00,IIIV
25.73,25.77,25.73,25.77,200,2022-06-27 19:05:00,IIIV
25.79,25.79,25.79,25.79,100,2022-06-27 19:10:00,IIIV
25.7,25.88,25.69,25.86,2314,2022-06-27 19:15:00,IIIV
25.87,25.93,25.75,25.89,2642,2022-06-27 19:20:00,IIIV
25.93,25.94,25.85,25.89,1957,2022-06-27 19:25:00,IIIV
25.89,25.9,25.79,25.79,2400,2022-06-27 19:30:00,IIIV
25.78,25.78,25.73,25.73,1900,2022-06-27 19:35:00,IIIV
25.74,25.78,25.7,25.77,4466,2022-06-27 19:40:00,IIIV
25.77,25.85,25.77,25.81,6419,2022-06-27 19:45:00,IIIV
25.775,25.83,25.69,25.74,10270,2022-06-27 19:50:00,IIIV
25.8,25.91,25.735,25.88,23253,2022-06-27 19:55:00,IIIV
25.88,25.88,25.88,25.88,24205,2022-06-27 20:00:00,IIIV
25.97,26.05,25.53,25.75,5482,2022-06-28 13:30:00,IIIV
25.74,25.74,25.74,25.74,100,2022-06-28 13:35:00,IIIV
25.75,25.7631,25.54,25.57,625,2022-06-28 13:55:00,IIIV
25.56,25.56,25.41,25.42,600,2022-06-28 14:05:00,IIIV
25.33,25.41,25.3,25.41,1200,2022-06-28 14:20:00,IIIV
25.46,25.46,25.43,25.43,649,2022-06-28 14:30:00,IIIV
25.39,25.49,25.37,25.49,1940,2022-06-28 14:40:00,IIIV
25.625,25.625,25.625,25.625,100,2022-06-28 14:45:00,IIIV
25.46,25.4823,25.46,25.4823,2100,2022-06-28 15:00:00,IIIV
25.46,25.46,25.45,25.45,300,2022-06-28 15:05:00,IIIV
25.35,25.4,25.35,25.4,400,2022-06-28 15:10:00,IIIV
25.38,25.38,25.3,25.3,700,2022-06-28 15:15:00,IIIV
25.225,25.225,25.225,25.225,100,2022-06-28 15:20:00,IIIV
25.14,25.14,25.14,25.14,100,2022-06-28 15:25:00,IIIV
25.225,25.225,25.225,25.225,200,2022-06-28 15:30:00,IIIV
25.16,25.16,25.07,25.1325,530,2022-06-28 15:35:00,IIIV
25.13,25.13,25.07,25.07,300,2022-06-28 15:50:00,IIIV
25.065,25.065,25.065,25.065,100,2022-06-28 15:55:00,IIIV
25.02,25.03,25.02,25.02,600,2022-06-28 16:00:00,IIIV
25.065,25.065,25.065,25.065,300,2022-06-28 16:05:00,IIIV
25.04,25.04,25.04,25.04,100,2022-06-28 16:10:00,IIIV
25.04,25.055,25.04,25.055,200,2022-06-28 16:15:00,IIIV
24.9121,24.9121,24.9121,24.9121,800,2022-06-28 16:20:00,IIIV
24.93,24.93,24.9,24.9,500,2022-06-28 16:25:00,IIIV
24.92,24.92,24.92,24.92,100,2022-06-28 16:30:00,IIIV
25.02,25.04,25.02,25.04,300,2022-06-28 16:35:00,IIIV
25.11,25.11,25.1,25.1,300,2022-06-28 16:40:00,IIIV
25.17,25.17,25.17,25.17,100,2022-06-28 16:45:00,IIIV
25.11,25.16,25.11,25.15,700,2022-06-28 16:50:00,IIIV
25.11,25.11,25.06,25.06,800,2022-06-28 16:55:00,IIIV
25.08,25.12,24.94,24.94,2400,2022-06-28 17:00:00,IIIV
24.95,24.95,24.95,24.95,100,2022-06-28 17:05:00,IIIV
24.7673,24.77,24.7673,24.77,252,2022-06-28 17:20:00,IIIV
24.8696,24.8696,24.8696,24.8696,111,2022-06-28 17:25:00,IIIV
24.79,24.855,24.78,24.78,500,2022-06-28 17:30:00,IIIV
24.9155,24.9155,24.9155,24.9155,226,2022-06-28 17:45:00,IIIV
24.8193,24.83,24.81,24.83,402,2022-06-28 17:50:00,IIIV
24.83,24.83,24.83,24.83,100,2022-06-28 17:55:00,IIIV
24.82,24.82,24.74,24.74,800,2022-06-28 18:05:00,IIIV
24.7756,24.7756,24.66,24.66,261,2022-06-28 18:10:00,IIIV
24.685,24.685,24.63,24.63,261,2022-06-28 18:20:00,IIIV
24.665,24.665,24.665,24.665,300,2022-06-28 18:25:00,IIIV
24.65,24.65,24.6,24.635,300,2022-06-28 18:30:00,IIIV
24.55,24.55,24.55,24.55,100,2022-06-28 18:40:00,IIIV
24.61,24.73,24.61,24.73,700,2022-06-28 18:45:00,IIIV
24.755,24.755,24.755,24.755,100,2022-06-28 18:50:00,IIIV
24.76,24.76,24.72,24.72,300,2022-06-28 19:00:00,IIIV
24.735,24.735,24.735,24.735,100,2022-06-28 19:10:00,IIIV
24.75,24.75,24.75,24.75,500,2022-06-28 19:15:00,IIIV
24.75,24.75,24.75,24.75,100,2022-06-28 19:20:00,IIIV
24.85,24.89,24.85,24.89,300,2022-06-28 19:25:00,IIIV
24.8,24.88,24.8,24.88,300,2022-06-28 19:30:00,IIIV
24.85,24.85,24.81,24.81,200,2022-06-28 19:35:00,IIIV
24.82,24.82,24.71,24.73,500,2022-06-28 19:40:00,IIIV
24.62,24.62,24.58,24.58,400,2022-06-28 19:45:00,IIIV
24.61,24.61,24.51,24.51,1300,2022-06-28 19:50:00,IIIV
24.53,24.575,24.5,24.54,4052,2022-06-28 19:55:00,IIIV
24.56,24.56,24.56,24.56,11326,2022-06-28 20:00:00,IIIV
24.59,25.63,24.59,25.63,857,2022-06-29 13:30:00,IIIV
24.45,24.45,24.45,24.45,100,2022-06-29 13:35:00,IIIV
24.72,24.72,24.72,24.72,100,2022-06-29 13:50:00,IIIV
24.94,25.0,24.37,24.37,1755,2022-06-29 13:55:00,IIIV
24.14,24.14,24.14,24.14,853,2022-06-29 14:15:00,IIIV
24.2,24.27,24.2,24.27,364,2022-06-29 14:25:00,IIIV
24.2,24.2,24.2,24.2,100,2022-06-29 14:30:00,IIIV
24.46,24.46,24.46,24.46,100,2022-06-29 14:45:00,IIIV
24.29,24.29,24.29,24.29,100,2022-06-29 14:55:00,IIIV
24.26,24.26,24.26,24.26,100,2022-06-29 15:00:00,IIIV
24.29,24.36,24.29,24.35,1800,2022-06-29 15:05:00,IIIV
24.37,24.37,24.35,24.35,878,2022-06-29 15:10:00,IIIV
24.255,24.255,24.255,24.255,100,2022-06-29 15:20:00,IIIV
24.23,24.33,24.23,24.33,300,2022-06-29 15:30:00,IIIV
24.47,24.47,24.47,24.47,337,2022-06-29 15:35:00,IIIV
24.595,24.595,24.53,24.53,200,2022-06-29 15:40:00,IIIV
24.52,24.52,24.52,24.52,200,2022-06-29 15:45:00,IIIV
24.615,24.615,24.53,24.53,200,2022-06-29 15:55:00,IIIV
24.52,24.605,24.52,24.605,200,2022-06-29 16:00:00,IIIV
24.57,24.57,24.49,24.49,1956,2022-06-29 16:10:00,IIIV
24.52,24.52,24.52,24.52,100,2022-06-29 16:30:00,IIIV
24.42,24.43,24.41,24.41,1300,2022-06-29 16:35:00,IIIV
24.3,24.3,24.3,24.3,300,2022-06-29 16:45:00,IIIV
24.27,24.3311,24.27,24.3311,1927,2022-06-29 16:50:00,IIIV
24.38,24.44,24.38,24.44,687,2022-06-29 16:55:00,IIIV
24.31,24.31,24.31,24.31,100,2022-06-29 17:00:00,IIIV
24.28,24.28,24.28,24.28,100,2022-06-29 17:05:00,IIIV
24.28,24.28,24.28,24.28,100,2022-06-29 17:10:00,IIIV
24.395,24.395,24.38,24.38,2000,2022-06-29 17:15:00,IIIV
24.37,24.44,24.37,24.39,500,2022-06-29 17:25:00,IIIV
24.38,24.38,24.38,24.38,100,2022-06-29 17:30:00,IIIV
24.43,24.43,24.43,24.43,100,2022-06-29 17:40:00,IIIV
24.5,24.5,24.5,24.5,100,2022-06-29 17:50:00,IIIV
24.52,24.52,24.51,24.51,400,2022-06-29 18:00:00,IIIV
24.59,24.59,24.59,24.59,107,2022-06-29 18:05:00,IIIV
24.55,24.56,24.4,24.4,3688,2022-06-29 18:15:00,IIIV
24.46,24.47,24.415,24.47,300,2022-06-29 18:30:00,IIIV
24.42,24.42,24.42,24.42,100,2022-06-29 18:35:00,IIIV
24.53,24.53,24.53,24.53,100,2022-06-29 18:40:00,IIIV
24.49,24.505,24.49,24.505,300,2022-06-29 18:50:00,IIIV
24.505,24.505,24.505,24.505,100,2022-06-29 19:05:00,IIIV
24.61,24.61,24.48,24.48,213,2022-06-29 19:10:00,IIIV
24.53,24.53,24.53,24.53,100,2022-06-29 19:15:00,IIIV
24.64,24.64,24.64,24.64,710,2022-06-29 19:20:00,IIIV
24.71,24.72,24.71,24.72,400,2022-06-29 19:25:00,IIIV
24.8,24.8,24.65,24.695,2992,2022-06-29 19:30:00,IIIV
24.66,24.66,24.66,24.66,100,2022-06-29 19:35:00,IIIV
24.65,24.7184,24.65,24.7184,451,2022-06-29 19:40:00,IIIV
24.67,24.685,24.56,24.62,1712,2022-06-29 19:45:00,IIIV
24.62,24.63,24.48,24.48,2026,2022-06-29 19:50:00,IIIV
24.555,24.68,24.545,24.61,5673,2022-06-29 19:55:00,IIIV
24.64,24.64,24.64,24.64,9186,2022-06-29 20:00:00,IIIV
24.64,24.64,24.64,24.64,2067,2022-06-29 20:05:00,IIIV
