open,high,low,close,volume,datetime,symbol
8.19,8.19,8.19,8.19,383,2021-11-01 12:30:00,GEO
8.17,8.17,8.17,8.17,600,2021-11-01 12:45:00,GEO
8.15,8.15,8.15,8.15,800,2021-11-01 12:55:00,GEO
8.16,8.17,8.16,8.17,600,2021-11-01 13:00:00,GEO
8.1898,8.1898,8.1898,8.1898,800,2021-11-01 13:10:00,GEO
8.189,8.189,8.189,8.189,154,2021-11-01 13:15:00,GEO
8.19,8.19,8.19,8.19,600,2021-11-01 13:25:00,GEO
8.19,8.19,8.085,8.1,25016,2021-11-01 13:30:00,GEO
8.11,8.16,8.11,8.13,18356,2021-11-01 13:35:00,GEO
8.13,8.26,8.13,8.215,83953,2021-11-01 13:40:00,GEO
8.22,8.2295,8.18,8.19,8397,2021-11-01 13:45:00,GEO
8.2,8.205,8.16,8.16,16480,2021-11-01 13:50:00,GEO
8.15,8.17,8.13,8.16,17900,2021-11-01 13:55:00,GEO
8.1301,8.1301,8.055,8.0975,36758,2021-11-01 14:00:00,GEO
8.1,8.14,8.1,8.135,15283,2021-11-01 14:05:00,GEO
8.13,8.165,8.13,8.165,75961,2021-11-01 14:10:00,GEO
8.165,8.23,8.165,8.22,16601,2021-11-01 14:15:00,GEO
8.22,8.245,8.2,8.245,21208,2021-11-01 14:20:00,GEO
8.245,8.29,8.245,8.28,11954,2021-11-01 14:25:00,GEO
8.285,8.285,8.2701,8.285,4743,2021-11-01 14:30:00,GEO
8.285,8.285,8.27,8.28,27352,2021-11-01 14:35:00,GEO
8.27,8.275,8.24,8.25,30521,2021-11-01 14:40:00,GEO
8.245,8.28,8.245,8.275,8348,2021-11-01 14:45:00,GEO
8.27,8.2999,8.27,8.295,25717,2021-11-01 14:50:00,GEO
8.295,8.3,8.28,8.29,12170,2021-11-01 14:55:00,GEO
8.29,8.3,8.28,8.295,228448,2021-11-01 15:00:00,GEO
8.29,8.3,8.2718,8.28,11713,2021-11-01 15:05:00,GEO
8.2762,8.29,8.27,8.285,6882,2021-11-01 15:10:00,GEO
8.28,8.29,8.26,8.26,17195,2021-11-01 15:15:00,GEO
8.26,8.27,8.26,8.265,4454,2021-11-01 15:20:00,GEO
8.27,8.27,8.2,8.2,23819,2021-11-01 15:25:00,GEO
8.21,8.215,8.2,8.2,5823,2021-11-01 15:30:00,GEO
8.2,8.21,8.2,8.2,6271,2021-11-01 15:35:00,GEO
8.21,8.245,8.2,8.24,14621,2021-11-01 15:40:00,GEO
8.24,8.24,8.205,8.205,9411,2021-11-01 15:45:00,GEO
8.205,8.21,8.2,8.205,5237,2021-11-01 15:50:00,GEO
8.21,8.21,8.2,8.205,12176,2021-11-01 15:55:00,GEO
8.21,8.22,8.21,8.215,3607,2021-11-01 16:00:00,GEO
8.22,8.235,8.215,8.23,9833,2021-11-01 16:05:00,GEO
8.23,8.23,8.21,8.225,93254,2021-11-01 16:10:00,GEO
8.225,8.23,8.225,8.225,1450,2021-11-01 16:15:00,GEO
8.225,8.23,8.225,8.225,9407,2021-11-01 16:20:00,GEO
8.225,8.23,8.225,8.23,1300,2021-11-01 16:25:00,GEO
8.225,8.23,8.22,8.225,1928,2021-11-01 16:30:00,GEO
8.225,8.23,8.22,8.225,25438,2021-11-01 16:35:00,GEO
8.224,8.25,8.224,8.245,12626,2021-11-01 16:40:00,GEO
8.245,8.25,8.24,8.25,5475,2021-11-01 16:45:00,GEO
8.245,8.28,8.245,8.28,11518,2021-11-01 16:50:00,GEO
8.29,8.315,8.285,8.295,12604,2021-11-01 16:55:00,GEO
8.3,8.305,8.2801,8.305,155723,2021-11-01 17:00:00,GEO
8.31,8.31,8.3,8.3,2000,2021-11-01 17:05:00,GEO
8.305,8.31,8.3,8.305,2518,2021-11-01 17:10:00,GEO
8.308,8.31,8.3,8.305,4720,2021-11-01 17:15:00,GEO
8.3,8.31,8.295,8.3,9783,2021-11-01 17:20:00,GEO
8.3,8.32,8.295,8.32,3080,2021-11-01 17:25:00,GEO
8.31,8.32,8.31,8.315,1600,2021-11-01 17:30:00,GEO
8.31,8.32,8.305,8.31,12252,2021-11-01 17:35:00,GEO
8.315,8.32,8.305,8.305,4160,2021-11-01 17:40:00,GEO
8.3,8.32,8.3,8.31,31929,2021-11-01 17:45:00,GEO
8.31,8.31,8.295,8.3,3756,2021-11-01 17:50:00,GEO
8.3,8.32,8.295,8.31,9801,2021-11-01 17:55:00,GEO
8.31,8.31,8.305,8.31,1300,2021-11-01 18:00:00,GEO
8.3,8.31,8.3,8.305,22942,2021-11-01 18:05:00,GEO
8.305,8.31,8.3048,8.31,5716,2021-11-01 18:10:00,GEO
8.3,8.31,8.29,8.3,12921,2021-11-01 18:15:00,GEO
8.31,8.32,8.2938,8.32,36372,2021-11-01 18:20:00,GEO
8.31,8.315,8.31,8.315,3687,2021-11-01 18:25:00,GEO
8.31,8.33,8.31,8.325,12750,2021-11-01 18:30:00,GEO
8.32,8.33,8.32,8.3227,5483,2021-11-01 18:35:00,GEO
8.32,8.325,8.3,8.305,6964,2021-11-01 18:40:00,GEO
8.3,8.32,8.3,8.315,48627,2021-11-01 18:45:00,GEO
8.31,8.315,8.31,8.315,650,2021-11-01 18:50:00,GEO
8.3184,8.32,8.31,8.31,2207,2021-11-01 18:55:00,GEO
8.3,8.315,8.3,8.315,10762,2021-11-01 19:00:00,GEO
8.315,8.325,8.315,8.325,19973,2021-11-01 19:05:00,GEO
8.325,8.325,8.31,8.31,9727,2021-11-01 19:10:00,GEO
8.315,8.325,8.305,8.31,9928,2021-11-01 19:15:00,GEO
8.305,8.305,8.29,8.3,3501,2021-11-01 19:20:00,GEO
8.29,8.32,8.29,8.31,19021,2021-11-01 19:25:00,GEO
8.31,8.33,8.31,8.315,9539,2021-11-01 19:30:00,GEO
8.315,8.335,8.315,8.33,19904,2021-11-01 19:35:00,GEO
8.325,8.34,8.325,8.34,157763,2021-11-01 19:40:00,GEO
8.33,8.35,8.33,8.33,48823,2021-11-01 19:45:00,GEO
8.34,8.35,8.29,8.29,46234,2021-11-01 19:50:00,GEO
8.29,8.29,8.26,8.28,101899,2021-11-01 19:55:00,GEO
8.28,8.28,8.28,8.28,154879,2021-11-01 20:00:00,GEO
8.28,8.28,8.28,8.28,100,2021-11-01 20:05:00,GEO
8.23,8.23,8.23,8.23,100,2021-11-02 13:05:00,GEO
8.24,8.29,8.24,8.29,300,2021-11-02 13:20:00,GEO
8.28,8.28,8.28,8.28,899,2021-11-02 13:25:00,GEO
8.29,8.29,8.18,8.205,24308,2021-11-02 13:30:00,GEO
8.21,8.27,8.2,8.265,58104,2021-11-02 13:35:00,GEO
8.26,8.3,8.25,8.255,29417,2021-11-02 13:40:00,GEO
8.24,8.26,8.2,8.2,12422,2021-11-02 13:45:00,GEO
8.19,8.21,8.175,8.21,31469,2021-11-02 13:50:00,GEO
8.205,8.25,8.205,8.25,14596,2021-11-02 13:55:00,GEO
8.24,8.25,8.23,8.25,4800,2021-11-02 14:00:00,GEO
8.25,8.27,8.245,8.27,31531,2021-11-02 14:05:00,GEO
8.265,8.265,8.25,8.26,16287,2021-11-02 14:10:00,GEO
8.25,8.27,8.24,8.25,4331,2021-11-02 14:15:00,GEO
8.25,8.2541,8.23,8.235,38369,2021-11-02 14:20:00,GEO
8.235,8.24,8.225,8.225,8884,2021-11-02 14:25:00,GEO
8.225,8.226,8.2102,8.225,9501,2021-11-02 14:30:00,GEO
8.23,8.25,8.229,8.243,5268,2021-11-02 14:35:00,GEO
8.245,8.245,8.19,8.19,23838,2021-11-02 14:40:00,GEO
8.2,8.2,8.1911,8.1911,12350,2021-11-02 14:45:00,GEO
8.195,8.235,8.19,8.225,29572,2021-11-02 14:50:00,GEO
8.225,8.26,8.22,8.26,15707,2021-11-02 14:55:00,GEO
8.27,8.3089,8.27,8.3001,13800,2021-11-02 15:00:00,GEO
8.31,8.33,8.305,8.3099,10302,2021-11-02 15:05:00,GEO
8.31,8.34,8.295,8.335,22575,2021-11-02 15:10:00,GEO
8.335,8.35,8.33,8.335,12223,2021-11-02 15:15:00,GEO
8.33,8.3392,8.33,8.335,6068,2021-11-02 15:20:00,GEO
8.33,8.35,8.31,8.31,16178,2021-11-02 15:25:00,GEO
8.32,8.33,8.295,8.2984,7435,2021-11-02 15:30:00,GEO
8.3,8.325,8.3,8.31,9778,2021-11-02 15:35:00,GEO
8.315,8.33,8.315,8.33,3334,2021-11-02 15:40:00,GEO
8.33,8.3395,8.31,8.31,6508,2021-11-02 15:45:00,GEO
8.31,8.317,8.305,8.305,6203,2021-11-02 15:50:00,GEO
8.3001,8.31,8.3001,8.302,2322,2021-11-02 15:55:00,GEO
8.305,8.31,8.3014,8.305,1400,2021-11-02 16:00:00,GEO
8.305,8.31,8.305,8.305,2750,2021-11-02 16:05:00,GEO
8.3,8.31,8.3,8.305,3995,2021-11-02 16:10:00,GEO
8.3015,8.31,8.3001,8.3001,3400,2021-11-02 16:15:00,GEO
8.3,8.31,8.3,8.305,4422,2021-11-02 16:20:00,GEO
8.305,8.305,8.29,8.295,7677,2021-11-02 16:25:00,GEO
8.3,8.3,8.295,8.3,5100,2021-11-02 16:30:00,GEO
8.295,8.31,8.295,8.3017,8107,2021-11-02 16:35:00,GEO
8.305,8.305,8.255,8.255,10059,2021-11-02 16:40:00,GEO
8.2531,8.28,8.2531,8.27,8511,2021-11-02 16:45:00,GEO
8.275,8.275,8.265,8.265,6023,2021-11-02 16:50:00,GEO
8.26,8.265,8.2501,8.255,6355,2021-11-02 16:55:00,GEO
8.255,8.255,8.2501,8.255,2300,2021-11-02 17:00:00,GEO
8.255,8.259,8.24,8.24,5784,2021-11-02 17:05:00,GEO
8.235,8.26,8.232,8.258,8129,2021-11-02 17:10:00,GEO
8.2583,8.29,8.255,8.28,7391,2021-11-02 17:15:00,GEO
8.28,8.3,8.275,8.275,7370,2021-11-02 17:20:00,GEO
8.275,8.28,8.27,8.275,400,2021-11-02 17:25:00,GEO
8.2786,8.2786,8.2701,8.275,3624,2021-11-02 17:30:00,GEO
8.27,8.27,8.26,8.265,2448,2021-11-02 17:35:00,GEO
8.265,8.27,8.26,8.27,840,2021-11-02 17:40:00,GEO
8.265,8.265,8.26,8.26,4100,2021-11-02 17:45:00,GEO
8.2561,8.2574,8.2501,8.255,2350,2021-11-02 17:50:00,GEO
8.255,8.29,8.25,8.28,11238,2021-11-02 17:55:00,GEO
8.285,8.295,8.285,8.29,2994,2021-11-02 18:00:00,GEO
8.295,8.31,8.295,8.305,3465,2021-11-02 18:05:00,GEO
8.305,8.32,8.305,8.315,8362,2021-11-02 18:10:00,GEO
8.315,8.32,8.31,8.31,1511,2021-11-02 18:15:00,GEO
8.32,8.32,8.3127,8.32,2194,2021-11-02 18:20:00,GEO
8.32,8.33,8.315,8.3245,2270,2021-11-02 18:25:00,GEO
8.325,8.34,8.325,8.33,20298,2021-11-02 18:30:00,GEO
8.325,8.33,8.325,8.325,950,2021-11-02 18:35:00,GEO
8.33,8.39,8.324,8.385,101841,2021-11-02 18:40:00,GEO
8.385,8.44,8.385,8.41,73860,2021-11-02 18:45:00,GEO
8.42,8.42,8.4,8.41,33715,2021-11-02 18:50:00,GEO
8.4118,8.42,8.41,8.415,15883,2021-11-02 18:55:00,GEO
8.415,8.44,8.415,8.4325,12823,2021-11-02 19:00:00,GEO
8.43,8.47,8.43,8.47,13680,2021-11-02 19:05:00,GEO
8.46,8.475,8.45,8.45,27585,2021-11-02 19:10:00,GEO
8.45,8.47,8.4442,8.465,18329,2021-11-02 19:15:00,GEO
8.465,8.48,8.462,8.465,19101,2021-11-02 19:20:00,GEO
8.465,8.485,8.4603,8.475,41371,2021-11-02 19:25:00,GEO
8.475,8.475,8.46,8.4719,29850,2021-11-02 19:30:00,GEO
8.475,8.49,8.47,8.485,34076,2021-11-02 19:35:00,GEO
8.48,8.49,8.46,8.48,89577,2021-11-02 19:40:00,GEO
8.475,8.505,8.47,8.485,139466,2021-11-02 19:45:00,GEO
8.49,8.51,8.485,8.51,36781,2021-11-02 19:50:00,GEO
8.505,8.51,8.49,8.51,133851,2021-11-02 19:55:00,GEO
8.5,8.5,8.5,8.5,129457,2021-11-02 20:00:00,GEO
8.51,8.5101,8.51,8.5101,700,2021-11-02 20:05:00,GEO
8.5,8.5,8.5,8.5,122,2021-11-02 20:35:00,GEO
8.5,8.5,8.5,8.5,858,2021-11-02 20:55:00,GEO
8.42,8.42,8.41,8.41,500,2021-11-02 21:40:00,GEO
8.52,8.52,8.52,8.52,200,2021-11-02 23:10:00,GEO
8.46,8.46,8.46,8.46,126,2021-11-02 23:30:00,GEO
8.42,8.42,8.42,8.42,300,2021-11-02 23:55:00,GEO
8.49,8.49,8.49,8.49,100,2021-11-03 11:30:00,GEO
8.5,8.51,8.5,8.51,200,2021-11-03 12:05:00,GEO
8.51,8.5998,8.51,8.5998,3965,2021-11-03 12:10:00,GEO
8.55,8.55,8.4,8.46,5436,2021-11-03 12:15:00,GEO
8.56,8.56,8.56,8.56,400,2021-11-03 12:25:00,GEO
8.58,8.6,8.58,8.6,1878,2021-11-03 12:30:00,GEO
8.51,8.51,8.51,8.51,100,2021-11-03 12:55:00,GEO
8.51,8.51,8.51,8.51,100,2021-11-03 13:00:00,GEO
8.51,8.53,8.51,8.51,589,2021-11-03 13:10:00,GEO
8.55,8.55,8.54,8.54,817,2021-11-03 13:15:00,GEO
8.54,8.55,8.54,8.55,221,2021-11-03 13:20:00,GEO
8.59,8.6,8.44,8.44,3035,2021-11-03 13:25:00,GEO
8.48,8.8,8.45,8.74,202949,2021-11-03 13:30:00,GEO
8.74,8.78,8.71,8.78,25611,2021-11-03 13:35:00,GEO
8.77,8.92,8.77,8.8599,180692,2021-11-03 13:40:00,GEO
8.86,8.97,8.8549,8.87,125893,2021-11-03 13:45:00,GEO
8.88,8.8974,8.805,8.805,43893,2021-11-03 13:50:00,GEO
8.8,8.8124,8.74,8.74,42052,2021-11-03 13:55:00,GEO
8.745,8.79,8.72,8.79,19237,2021-11-03 14:00:00,GEO
8.8,8.87,8.795,8.86,23198,2021-11-03 14:05:00,GEO
8.87,8.9,8.865,8.89,38084,2021-11-03 14:10:00,GEO
8.9,8.9,8.855,8.87,44763,2021-11-03 14:15:00,GEO
8.865,8.865,8.84,8.845,36960,2021-11-03 14:20:00,GEO
8.84,8.885,8.84,8.88,54937,2021-11-03 14:25:00,GEO
8.88,8.94,8.875,8.915,94694,2021-11-03 14:30:00,GEO
8.915,8.915,8.84,8.8627,112640,2021-11-03 14:35:00,GEO
8.865,8.875,8.85,8.875,20511,2021-11-03 14:40:00,GEO
8.87,8.95,8.85,8.86,48479,2021-11-03 14:45:00,GEO
8.855,8.875,8.84,8.85,14246,2021-11-03 14:50:00,GEO
8.855,8.86,8.84,8.8491,18504,2021-11-03 14:55:00,GEO
8.85,8.89,8.85,8.86,38615,2021-11-03 15:00:00,GEO
8.8531,8.86,8.84,8.85,28590,2021-11-03 15:05:00,GEO
8.855,8.865,8.85,8.85,11193,2021-11-03 15:10:00,GEO
8.856,8.86,8.845,8.855,9877,2021-11-03 15:15:00,GEO
8.86,8.87,8.845,8.8499,10071,2021-11-03 15:20:00,GEO
8.845,8.865,8.845,8.85,16561,2021-11-03 15:25:00,GEO
8.8562,8.865,8.85,8.865,13438,2021-11-03 15:30:00,GEO
8.865,8.875,8.86,8.865,7748,2021-11-03 15:35:00,GEO
8.86,8.87,8.85,8.865,14891,2021-11-03 15:40:00,GEO
8.86,8.865,8.85,8.854,18647,2021-11-03 15:45:00,GEO
8.85,8.865,8.84,8.85,15199,2021-11-03 15:50:00,GEO
8.86,8.88,8.86,8.88,30763,2021-11-03 15:55:00,GEO
8.88,8.91,8.87,8.8876,68417,2021-11-03 16:00:00,GEO
8.88,8.89,8.85,8.85,30269,2021-11-03 16:05:00,GEO
8.86,8.89,8.85,8.885,23670,2021-11-03 16:10:00,GEO
8.88,8.91,8.88,8.905,61862,2021-11-03 16:15:00,GEO
8.9,8.91,8.87,8.88,20358,2021-11-03 16:20:00,GEO
8.87,8.88,8.86,8.8701,5736,2021-11-03 16:25:00,GEO
8.8724,9.11,8.8724,9.058,498816,2021-11-03 16:30:00,GEO
9.055,9.055,8.98,8.98,40485,2021-11-03 16:35:00,GEO
8.9873,9.01,8.96,9.01,33763,2021-11-03 16:40:00,GEO
9.0097,9.06,9.0,9.04,65368,2021-11-03 16:45:00,GEO
9.0469,9.08,9.033,9.07,60240,2021-11-03 16:50:00,GEO
9.0732,9.09,9.05,9.065,83644,2021-11-03 16:55:00,GEO
9.06,9.065,9.05,9.055,25836,2021-11-03 17:00:00,GEO
9.05,9.05,8.99,9.0001,43256,2021-11-03 17:05:00,GEO
9.0062,9.045,9.0062,9.015,30528,2021-11-03 17:10:00,GEO
9.015,9.015,8.96,8.975,21921,2021-11-03 17:15:00,GEO
8.97,8.98,8.955,8.965,13538,2021-11-03 17:20:00,GEO
8.965,9.015,8.9412,9.0,66376,2021-11-03 17:25:00,GEO
8.995,8.995,8.87,8.905,105732,2021-11-03 17:30:00,GEO
8.91,8.95,8.89,8.93,82346,2021-11-03 17:35:00,GEO
8.935,8.955,8.93,8.95,18872,2021-11-03 17:40:00,GEO
8.94,8.945,8.9,8.92,18226,2021-11-03 17:45:00,GEO
8.93,8.93,8.8932,8.895,11540,2021-11-03 17:50:00,GEO
8.895,8.93,8.895,8.93,17449,2021-11-03 17:55:00,GEO
8.925,8.93,8.9025,8.925,27238,2021-11-03 18:00:00,GEO
8.92,8.92,8.89,8.895,31549,2021-11-03 18:05:00,GEO
8.89,8.94,8.86,8.935,44549,2021-11-03 18:10:00,GEO
8.935,9.03,8.935,9.025,61314,2021-11-03 18:15:00,GEO
9.03,9.04,9.01,9.015,11814,2021-11-03 18:20:00,GEO
9.02,9.04,9.0125,9.02,27711,2021-11-03 18:25:00,GEO
9.015,9.035,9.01,9.035,20986,2021-11-03 18:30:00,GEO
9.035,9.09,9.035,9.06,55830,2021-11-03 18:35:00,GEO
9.065,9.07,8.965,8.9793,47370,2021-11-03 18:40:00,GEO
8.97,9.03,8.935,9.01,31004,2021-11-03 18:45:00,GEO
9.01,9.05,9.01,9.0388,20362,2021-11-03 18:50:00,GEO
9.04,9.04,9.0,9.005,12668,2021-11-03 18:55:00,GEO
9.005,9.06,9.0,9.055,19771,2021-11-03 19:00:00,GEO
9.06,9.08,9.045,9.07,63375,2021-11-03 19:05:00,GEO
9.07,9.085,9.06,9.085,16475,2021-11-03 19:10:00,GEO
9.08,9.14,9.08,9.095,81231,2021-11-03 19:15:00,GEO
9.095,9.11,9.07,9.105,31890,2021-11-03 19:20:00,GEO
9.11,9.14,9.105,9.125,53020,2021-11-03 19:25:00,GEO
9.125,9.13,9.11,9.12,36195,2021-11-03 19:30:00,GEO
9.115,9.135,9.065,9.1,71848,2021-11-03 19:35:00,GEO
9.099,9.1369,9.09,9.125,87705,2021-11-03 19:40:00,GEO
9.125,9.13,9.12,9.121,38415,2021-11-03 19:45:00,GEO
9.125,9.14,9.11,9.13,68932,2021-11-03 19:50:00,GEO
9.125,9.13,9.11,9.12,198718,2021-11-03 19:55:00,GEO
9.13,9.13,9.1,9.1,214344,2021-11-03 20:00:00,GEO
9.1,9.1,9.1,9.1,100,2021-11-03 20:10:00,GEO
8.85,8.85,8.85,8.85,200,2021-11-03 20:25:00,GEO
9.0,9.0,8.82,8.9,7160,2021-11-03 20:35:00,GEO
9.0,9.0,9.0,9.0,377,2021-11-03 20:40:00,GEO
8.9799,8.9799,8.9799,8.9799,1200,2021-11-03 20:55:00,GEO
8.98,9.0,8.98,9.0,318,2021-11-03 21:05:00,GEO
8.98,8.98,8.98,8.98,149,2021-11-03 21:35:00,GEO
9.05,9.05,9.05,9.05,133,2021-11-03 22:45:00,GEO
9.05,9.11,9.05,9.11,2178,2021-11-03 23:05:00,GEO
9.05,9.05,9.05,9.05,190,2021-11-03 23:55:00,GEO
9.06,9.19,9.06,9.19,993,2021-11-04 10:00:00,GEO
9.29,9.29,9.29,9.29,284,2021-11-04 10:25:00,GEO
9.29,9.29,9.29,9.29,116,2021-11-04 10:35:00,GEO
9.29,9.38,9.29,9.38,300,2021-11-04 10:45:00,GEO
9.22,9.22,9.21,9.21,2020,2021-11-04 11:00:00,GEO
9.2,9.2,9.2,9.2,499,2021-11-04 11:10:00,GEO
9.15,9.15,9.15,9.15,300,2021-11-04 11:15:00,GEO
9.14,9.14,9.14,9.14,154,2021-11-04 11:40:00,GEO
9.13,9.13,9.13,9.13,2000,2021-11-04 12:10:00,GEO
9.17,9.17,9.17,9.17,200,2021-11-04 12:15:00,GEO
9.15,9.15,9.15,9.15,500,2021-11-04 12:20:00,GEO
9.15,9.15,9.15,9.15,1260,2021-11-04 12:25:00,GEO
9.16,9.16,9.15,9.15,200,2021-11-04 12:35:00,GEO
9.14,9.14,9.14,9.14,360,2021-11-04 12:40:00,GEO
9.12,9.12,9.12,9.12,700,2021-11-04 12:55:00,GEO
9.08,9.1398,9.08,9.1398,1566,2021-11-04 13:00:00,GEO
9.07,9.07,9.07,9.07,480,2021-11-04 13:05:00,GEO
9.06,9.09,9.06,9.09,408,2021-11-04 13:10:00,GEO
9.09,9.09,9.09,9.09,100,2021-11-04 13:15:00,GEO
9.04,9.09,9.04,9.09,1208,2021-11-04 13:20:00,GEO
9.08,9.08,8.82,8.82,2200,2021-11-04 13:25:00,GEO
8.9,8.9,8.38,8.78,168378,2021-11-04 13:30:00,GEO
8.74,8.9,8.61,8.64,99195,2021-11-04 13:35:00,GEO
8.65,8.69,8.41,8.48,120666,2021-11-04 13:40:00,GEO
8.465,8.56,8.43,8.5199,127340,2021-11-04 13:45:00,GEO
8.519,8.71,8.51,8.665,92614,2021-11-04 13:50:00,GEO
8.64,8.85,8.64,8.75,63691,2021-11-04 13:55:00,GEO
8.76,8.87,8.74,8.85,52109,2021-11-04 14:00:00,GEO
8.86,8.95,8.825,8.85,61030,2021-11-04 14:05:00,GEO
8.8454,8.93,8.8454,8.93,50465,2021-11-04 14:10:00,GEO
8.93,8.99,8.9,8.99,72457,2021-11-04 14:15:00,GEO
8.97,8.975,8.88,8.885,61845,2021-11-04 14:20:00,GEO
8.885,8.95,8.885,8.94,45752,2021-11-04 14:25:00,GEO
8.94,8.98,8.94,8.965,35053,2021-11-04 14:30:00,GEO
8.965,8.9773,8.94,8.945,28425,2021-11-04 14:35:00,GEO
8.94,8.945,8.875,8.895,79629,2021-11-04 14:40:00,GEO
8.89,8.925,8.88,8.905,38829,2021-11-04 14:45:00,GEO
8.905,8.907,8.8675,8.895,30039,2021-11-04 14:50:00,GEO
8.905,8.925,8.9,8.92,29980,2021-11-04 14:55:00,GEO
8.91,8.91,8.71,8.72,57504,2021-11-04 15:00:00,GEO
8.72,8.73,8.61,8.6412,40138,2021-11-04 15:05:00,GEO
8.64,8.65,8.6,8.645,46744,2021-11-04 15:10:00,GEO
8.645,8.74,8.645,8.735,37335,2021-11-04 15:15:00,GEO
8.7337,8.7337,8.65,8.655,49890,2021-11-04 15:20:00,GEO
8.66,8.7,8.655,8.7,17172,2021-11-04 15:25:00,GEO
8.69,8.7,8.64,8.675,52938,2021-11-04 15:30:00,GEO
8.675,8.695,8.675,8.695,8101,2021-11-04 15:35:00,GEO
8.69,8.75,8.675,8.75,37527,2021-11-04 15:40:00,GEO
8.77,8.77,8.7033,8.7267,22757,2021-11-04 15:45:00,GEO
8.725,8.7299,8.71,8.71,5837,2021-11-04 15:50:00,GEO
8.705,8.73,8.705,8.73,6429,2021-11-04 15:55:00,GEO
8.74,8.74,8.705,8.71,27003,2021-11-04 16:00:00,GEO
8.7025,8.725,8.695,8.72,40033,2021-11-04 16:05:00,GEO
8.72,8.7468,8.705,8.74,19229,2021-11-04 16:10:00,GEO
8.74,8.74,8.715,8.725,13599,2021-11-04 16:15:00,GEO
8.72,8.73,8.715,8.7229,4342,2021-11-04 16:20:00,GEO
8.73,8.74,8.72,8.725,8321,2021-11-04 16:25:00,GEO
8.725,8.77,8.72,8.77,21506,2021-11-04 16:30:00,GEO
8.78,8.83,8.78,8.8027,31589,2021-11-04 16:35:00,GEO
8.809,8.84,8.795,8.835,29419,2021-11-04 16:40:00,GEO
8.83,8.835,8.825,8.825,3030,2021-11-04 16:45:00,GEO
8.83,8.85,8.8,8.81,43269,2021-11-04 16:50:00,GEO
8.81,8.81,8.8,8.81,11257,2021-11-04 16:55:00,GEO
8.8,8.815,8.795,8.81,25979,2021-11-04 17:00:00,GEO
8.81,8.815,8.8,8.8,2025,2021-11-04 17:05:00,GEO
8.8,8.815,8.795,8.815,23726,2021-11-04 17:10:00,GEO
8.8,8.805,8.8,8.805,5650,2021-11-04 17:15:00,GEO
8.805,8.815,8.8,8.805,9633,2021-11-04 17:20:00,GEO
8.805,8.815,8.8,8.8,33369,2021-11-04 17:25:00,GEO
8.8,8.815,8.795,8.795,8251,2021-11-04 17:30:00,GEO
8.795,8.81,8.78,8.805,15228,2021-11-04 17:35:00,GEO
8.8,8.82,8.8,8.8169,15322,2021-11-04 17:40:00,GEO
8.82,8.84,8.82,8.835,13399,2021-11-04 17:45:00,GEO
8.84,8.855,8.835,8.855,17610,2021-11-04 17:50:00,GEO
8.85,8.85,8.845,8.85,9235,2021-11-04 17:55:00,GEO
8.855,8.86,8.845,8.845,16221,2021-11-04 18:00:00,GEO
8.84,8.87,8.84,8.865,19123,2021-11-04 18:05:00,GEO
8.86,8.86,8.785,8.79,24874,2021-11-04 18:10:00,GEO
8.79,8.8,8.775,8.775,12386,2021-11-04 18:15:00,GEO
8.78,8.79,8.775,8.7816,10484,2021-11-04 18:20:00,GEO
8.7831,8.81,8.765,8.79,77637,2021-11-04 18:25:00,GEO
8.785,8.79,8.783,8.79,9600,2021-11-04 18:30:00,GEO
8.79,8.81,8.79,8.8099,20211,2021-11-04 18:35:00,GEO
8.805,8.81,8.8,8.81,15966,2021-11-04 18:40:00,GEO
8.805,8.83,8.8,8.8025,20785,2021-11-04 18:45:00,GEO
8.8,8.8,8.725,8.725,36961,2021-11-04 18:50:00,GEO
8.73,8.75,8.73,8.745,6937,2021-11-04 18:55:00,GEO
8.75,8.755,8.71,8.725,60118,2021-11-04 19:00:00,GEO
8.7202,8.7202,8.71,8.71,8121,2021-11-04 19:05:00,GEO
8.72,8.745,8.715,8.74,22301,2021-11-04 19:10:00,GEO
8.7417,8.7499,8.71,8.72,17067,2021-11-04 19:15:00,GEO
8.72,8.75,8.72,8.75,8799,2021-11-04 19:20:00,GEO
8.74,8.75,8.74,8.75,8630,2021-11-04 19:25:00,GEO
8.74,8.8381,8.74,8.815,46464,2021-11-04 19:30:00,GEO
8.81,8.84,8.81,8.825,23211,2021-11-04 19:35:00,GEO
8.825,8.84,8.82,8.825,16661,2021-11-04 19:40:00,GEO
8.83,8.83,8.8,8.825,39021,2021-11-04 19:45:00,GEO
8.83,8.85,8.8201,8.845,41841,2021-11-04 19:50:00,GEO
8.845,8.89,8.84,8.88,198441,2021-11-04 19:55:00,GEO
8.88,8.88,8.88,8.88,244780,2021-11-04 20:00:00,GEO
8.87,8.87,8.87,8.87,300,2021-11-04 20:10:00,GEO
8.9,8.92,8.9,8.92,1600,2021-11-04 20:15:00,GEO
8.93,8.93,8.93,8.93,132,2021-11-04 20:25:00,GEO
8.89,8.89,8.89,8.89,132,2021-11-04 20:45:00,GEO
8.89,8.89,8.89,8.89,150,2021-11-04 20:50:00,GEO
8.89,8.89,8.89,8.89,630,2021-11-04 20:55:00,GEO
8.68,8.68,8.68,8.68,200,2021-11-04 23:30:00,GEO
8.7,8.7,8.7,8.7,300,2021-11-04 23:45:00,GEO
8.7,8.7,8.7,8.7,100,2021-11-05 08:00:00,GEO
8.78,8.78,8.78,8.78,300,2021-11-05 11:10:00,GEO
8.78,8.78,8.78,8.78,100,2021-11-05 11:15:00,GEO
8.78,8.79,8.78,8.79,2100,2021-11-05 11:25:00,GEO
8.79,8.79,8.79,8.79,200,2021-11-05 11:35:00,GEO
8.83,8.83,8.81,8.81,800,2021-11-05 11:45:00,GEO
8.8,8.8,8.8,8.8,100,2021-11-05 12:00:00,GEO
8.79,8.79,8.79,8.79,100,2021-11-05 12:15:00,GEO
8.8,8.82,8.78,8.82,1536,2021-11-05 13:20:00,GEO
8.92,8.97,8.92,8.97,640,2021-11-05 13:25:00,GEO
8.99,9.1,8.81,9.09,103084,2021-11-05 13:30:00,GEO
9.09,9.25,9.09,9.16,87052,2021-11-05 13:35:00,GEO
9.17,9.22,9.11,9.18,29882,2021-11-05 13:40:00,GEO
9.19,9.19,9.11,9.185,31985,2021-11-05 13:45:00,GEO
9.19,9.255,9.185,9.22,40094,2021-11-05 13:50:00,GEO
9.215,9.29,9.215,9.29,36944,2021-11-05 13:55:00,GEO
9.28,9.33,9.24,9.24,36296,2021-11-05 14:00:00,GEO
9.24,9.24,9.18,9.19,63072,2021-11-05 14:05:00,GEO
9.18,9.235,9.17,9.17,34114,2021-11-05 14:10:00,GEO
9.17,9.205,9.14,9.1618,37701,2021-11-05 14:15:00,GEO
9.1601,9.1724,9.15,9.1699,10300,2021-11-05 14:20:00,GEO
9.16,9.23,9.155,9.2273,17171,2021-11-05 14:25:00,GEO
9.22,9.247,9.195,9.21,50860,2021-11-05 14:30:00,GEO
9.215,9.24,9.11,9.18,74276,2021-11-05 14:35:00,GEO
9.175,9.225,9.16,9.2227,58760,2021-11-05 14:40:00,GEO
9.23,9.245,9.2,9.205,49971,2021-11-05 14:45:00,GEO
9.205,9.27,9.19,9.27,607772,2021-11-05 14:50:00,GEO
9.27,9.27,9.22,9.2618,34669,2021-11-05 14:55:00,GEO
9.265,9.27,9.23,9.24,57804,2021-11-05 15:00:00,GEO
9.24,9.24,9.2,9.229,25743,2021-11-05 15:05:00,GEO
9.2292,9.29,9.225,9.2699,86168,2021-11-05 15:10:00,GEO
9.27,9.29,9.23,9.285,63797,2021-11-05 15:15:00,GEO
9.285,9.285,9.242,9.25,44522,2021-11-05 15:20:00,GEO
9.24,9.24,9.22,9.23,42874,2021-11-05 15:25:00,GEO
9.22,9.29,9.205,9.26,72732,2021-11-05 15:30:00,GEO
9.265,9.27,9.21,9.265,185602,2021-11-05 15:35:00,GEO
9.26,9.27,9.25,9.26,25007,2021-11-05 15:40:00,GEO
9.258,9.27,9.245,9.265,28574,2021-11-05 15:45:00,GEO
9.26,9.29,9.25,9.275,34174,2021-11-05 15:50:00,GEO
9.28,9.3,9.28,9.285,11370,2021-11-05 15:55:00,GEO
9.28,9.28,9.25,9.26,46765,2021-11-05 16:00:00,GEO
9.265,9.33,9.26,9.32,97247,2021-11-05 16:05:00,GEO
9.32,9.32,9.295,9.32,23230,2021-11-05 16:10:00,GEO
9.31,9.31,9.26,9.265,14519,2021-11-05 16:15:00,GEO
9.26,9.27,9.2506,9.26,21393,2021-11-05 16:20:00,GEO
9.25,9.28,9.25,9.26,20134,2021-11-05 16:25:00,GEO
9.26,9.325,9.25,9.3,281379,2021-11-05 16:30:00,GEO
9.3,9.39,9.27,9.39,90533,2021-11-05 16:35:00,GEO
9.385,9.385,9.335,9.355,28487,2021-11-05 16:40:00,GEO
9.355,9.365,9.335,9.36,22016,2021-11-05 16:45:00,GEO
9.365,9.385,9.36,9.37,35571,2021-11-05 16:50:00,GEO
9.38,9.41,9.375,9.395,67949,2021-11-05 16:55:00,GEO
9.39,9.465,9.39,9.465,52178,2021-11-05 17:00:00,GEO
9.465,9.49,9.4101,9.415,57750,2021-11-05 17:05:00,GEO
9.42,9.42,9.37,9.38,83483,2021-11-05 17:10:00,GEO
9.375,9.38,9.335,9.35,33624,2021-11-05 17:15:00,GEO
9.355,9.365,9.31,9.32,30192,2021-11-05 17:20:00,GEO
9.325,9.33,9.3,9.3069,19207,2021-11-05 17:25:00,GEO
9.3,9.315,9.28,9.31,78003,2021-11-05 17:30:00,GEO
9.305,9.305,9.26,9.265,25670,2021-11-05 17:35:00,GEO
9.26,9.26,9.25,9.255,10917,2021-11-05 17:40:00,GEO
9.255,9.26,9.25,9.26,57333,2021-11-05 17:45:00,GEO
9.25,9.27,9.2425,9.265,30388,2021-11-05 17:50:00,GEO
9.265,9.31,9.25,9.295,133860,2021-11-05 17:55:00,GEO
9.29,9.315,9.29,9.305,18319,2021-11-05 18:00:00,GEO
9.3,9.365,9.3,9.34,129483,2021-11-05 18:05:00,GEO
9.345,9.37,9.32,9.365,48756,2021-11-05 18:10:00,GEO
9.365,9.37,9.35,9.355,56807,2021-11-05 18:15:00,GEO
9.355,9.395,9.34,9.395,22220,2021-11-05 18:20:00,GEO
9.395,9.44,9.39,9.43,25543,2021-11-05 18:25:00,GEO
9.43,9.47,9.411,9.459,55732,2021-11-05 18:30:00,GEO
9.45,9.455,9.43,9.435,18734,2021-11-05 18:35:00,GEO
9.43,9.43,9.38,9.38,22165,2021-11-05 18:40:00,GEO
9.385,9.425,9.38,9.415,15132,2021-11-05 18:45:00,GEO
9.415,9.43,9.41,9.42,10311,2021-11-05 18:50:00,GEO
9.42,9.44,9.415,9.435,12900,2021-11-05 18:55:00,GEO
9.435,9.47,9.425,9.47,18086,2021-11-05 19:00:00,GEO
9.47,9.5,9.455,9.495,135089,2021-11-05 19:05:00,GEO
9.5,9.5,9.45,9.49,57920,2021-11-05 19:10:00,GEO
9.49,9.4964,9.45,9.455,19259,2021-11-05 19:15:00,GEO
9.455,9.46,9.43,9.455,23486,2021-11-05 19:20:00,GEO
9.455,9.465,9.43,9.46,52430,2021-11-05 19:25:00,GEO
9.455,9.465,9.45,9.46,20522,2021-11-05 19:30:00,GEO
9.45,9.48,9.445,9.465,76587,2021-11-05 19:35:00,GEO
9.46,9.515,9.43,9.5,160135,2021-11-05 19:40:00,GEO
9.514,9.55,9.5127,9.525,116988,2021-11-05 19:45:00,GEO
9.52,9.55,9.52,9.54,54618,2021-11-05 19:50:00,GEO
9.54,9.57,9.53,9.57,205619,2021-11-05 19:55:00,GEO
9.56,9.56,9.56,9.56,460886,2021-11-05 20:00:00,GEO
9.51,9.51,9.5,9.5,968,2021-11-05 20:05:00,GEO
9.37,9.37,9.37,9.37,100,2021-11-05 20:10:00,GEO
9.37,9.37,9.37,9.37,100,2021-11-05 20:35:00,GEO
9.37,9.37,9.37,9.37,875,2021-11-05 20:40:00,GEO
9.3601,9.3601,9.3601,9.3601,127,2021-11-05 20:45:00,GEO
9.36,9.36,9.36,9.36,990,2021-11-05 20:55:00,GEO
9.4,9.4,9.4,9.4,145,2021-11-05 21:00:00,GEO
9.4,9.4,9.4,9.4,100,2021-11-05 21:05:00,GEO
9.2001,9.2001,9.2001,9.2001,195,2021-11-05 21:15:00,GEO
9.21,9.21,9.2,9.2,1990,2021-11-05 21:20:00,GEO
9.4899,9.4899,9.4899,9.4899,1600,2021-11-05 22:30:00,GEO
9.48,9.48,9.48,9.48,118,2021-11-05 23:00:00,GEO
9.42,9.42,9.42,9.42,406,2021-11-05 23:25:00,GEO
9.42,9.42,9.41,9.41,618,2021-11-05 23:50:00,GEO
9.3701,9.3701,9.37,9.37,553,2021-11-05 23:55:00,GEO
9.48,9.48,9.48,9.48,100,2021-11-08 10:15:00,GEO
9.59,9.59,9.58,9.58,300,2021-11-08 12:55:00,GEO
9.56,9.56,9.56,9.56,660,2021-11-08 13:10:00,GEO
9.57,9.57,9.57,9.57,1000,2021-11-08 13:25:00,GEO
9.57,9.57,9.51,9.51,1825,2021-11-08 13:30:00,GEO
9.5,9.5,9.5,9.5,100,2021-11-08 13:35:00,GEO
9.5,9.5,9.48,9.49,3100,2021-11-08 13:45:00,GEO
9.51,9.51,9.5,9.51,434,2021-11-08 13:55:00,GEO
9.5,9.5,9.46,9.46,2196,2021-11-08 14:00:00,GEO
9.47,9.52,9.47,9.52,467,2021-11-08 14:05:00,GEO
9.54,9.55,9.54,9.55,1042,2021-11-08 14:10:00,GEO
9.55,9.55,9.55,9.55,162,2021-11-08 14:15:00,GEO
9.54,9.54,9.54,9.54,100,2021-11-08 14:20:00,GEO
9.54,9.54,9.54,9.54,100,2021-11-08 14:25:00,GEO
9.54,9.56,9.4106,9.42,95879,2021-11-08 14:30:00,GEO
9.435,9.525,9.39,9.525,32585,2021-11-08 14:35:00,GEO
9.52,9.55,9.43,9.45,39224,2021-11-08 14:40:00,GEO
9.45,9.515,9.385,9.505,20784,2021-11-08 14:45:00,GEO
9.5,9.52,9.48,9.505,33696,2021-11-08 14:50:00,GEO
9.505,9.51,9.43,9.475,36059,2021-11-08 14:55:00,GEO
9.47,9.475,9.31,9.39,218281,2021-11-08 15:00:00,GEO
9.42,9.42,9.38,9.385,28532,2021-11-08 15:05:00,GEO
9.385,9.41,9.37,9.385,40256,2021-11-08 15:10:00,GEO
9.387,9.4,9.375,9.395,27204,2021-11-08 15:15:00,GEO
9.39,9.3916,9.36,9.3602,23734,2021-11-08 15:20:00,GEO
9.36,9.385,9.36,9.3626,17933,2021-11-08 15:25:00,GEO
9.3695,9.395,9.36,9.39,20518,2021-11-08 15:30:00,GEO
9.39,9.405,9.38,9.3916,11438,2021-11-08 15:35:00,GEO
9.39,9.39,9.37,9.385,25304,2021-11-08 15:40:00,GEO
9.38,9.395,9.37,9.385,14552,2021-11-08 15:45:00,GEO
9.38,9.39,9.35,9.3501,102068,2021-11-08 15:50:00,GEO
9.36,9.36,9.3402,9.355,15540,2021-11-08 15:55:00,GEO
9.355,9.39,9.3519,9.385,26610,2021-11-08 16:00:00,GEO
9.39,9.39,9.37,9.375,36347,2021-11-08 16:05:00,GEO
9.38,9.38,9.35,9.355,56958,2021-11-08 16:10:00,GEO
9.355,9.355,9.34,9.355,13534,2021-11-08 16:15:00,GEO
9.355,9.395,9.355,9.395,38055,2021-11-08 16:20:00,GEO
9.39,9.445,9.39,9.42,58230,2021-11-08 16:25:00,GEO
9.43,9.43,9.4,9.4,5593,2021-11-08 16:30:00,GEO
9.4026,9.415,9.395,9.41,12061,2021-11-08 16:35:00,GEO
9.41,9.42,9.41,9.41,1257,2021-11-08 16:40:00,GEO
9.41,9.41,9.39,9.395,29838,2021-11-08 16:45:00,GEO
9.4,9.415,9.395,9.41,11372,2021-11-08 16:50:00,GEO
9.4002,9.4002,9.36,9.375,35838,2021-11-08 16:55:00,GEO
9.375,9.39,9.37,9.37,28095,2021-11-08 17:00:00,GEO
9.38,9.39,9.37,9.375,11968,2021-11-08 17:05:00,GEO
9.375,9.4,9.365,9.39,13887,2021-11-08 17:10:00,GEO
9.39,9.4,9.39,9.395,32223,2021-11-08 17:15:00,GEO
9.39,9.4226,9.39,9.41,8194,2021-11-08 17:20:00,GEO
9.408,9.42,9.4,9.42,7429,2021-11-08 17:25:00,GEO
9.42,9.4299,9.41,9.42,13967,2021-11-08 17:30:00,GEO
9.4127,9.415,9.39,9.4,19462,2021-11-08 17:35:00,GEO
9.4,9.4,9.38,9.385,16181,2021-11-08 17:40:00,GEO
9.39,9.395,9.38,9.39,13830,2021-11-08 17:45:00,GEO
9.38,9.385,9.37,9.37,3616,2021-11-08 17:50:00,GEO
9.375,9.4,9.37,9.395,15835,2021-11-08 17:55:00,GEO
9.3999,9.4,9.3944,9.4,1373,2021-11-08 18:00:00,GEO
9.3938,9.3999,9.3918,9.395,8310,2021-11-08 18:05:00,GEO
9.395,9.4,9.39,9.395,4613,2021-11-08 18:10:00,GEO
9.395,9.435,9.39,9.425,28811,2021-11-08 18:15:00,GEO
9.42,9.4299,9.42,9.42,2150,2021-11-08 18:20:00,GEO
9.43,9.43,9.39,9.39,14630,2021-11-08 18:25:00,GEO
9.395,9.395,9.38,9.38,14941,2021-11-08 18:30:00,GEO
9.39,9.395,9.38,9.38,8801,2021-11-08 18:35:00,GEO
9.385,9.385,9.34,9.345,36276,2021-11-08 18:40:00,GEO
9.34,9.36,9.32,9.34,65604,2021-11-08 18:45:00,GEO
9.33,9.37,9.33,9.355,11699,2021-11-08 18:50:00,GEO
9.355,9.38,9.355,9.38,5533,2021-11-08 18:55:00,GEO
9.37,9.375,9.3626,9.3626,6061,2021-11-08 19:00:00,GEO
9.365,9.4,9.36,9.395,47572,2021-11-08 19:05:00,GEO
9.39,9.41,9.38,9.395,29826,2021-11-08 19:10:00,GEO
9.39,9.41,9.38,9.4,29436,2021-11-08 19:15:00,GEO
9.39,9.4,9.39,9.395,2767,2021-11-08 19:20:00,GEO
9.395,9.41,9.39,9.4026,5785,2021-11-08 19:25:00,GEO
9.405,9.44,9.405,9.44,13790,2021-11-08 19:30:00,GEO
9.43,9.43,9.41,9.415,21371,2021-11-08 19:35:00,GEO
9.4138,9.43,9.4138,9.42,14064,2021-11-08 19:40:00,GEO
9.43,9.435,9.43,9.4302,2796,2021-11-08 19:45:00,GEO
9.44,9.44,9.43,9.43,400,2021-11-08 19:50:00,GEO
9.43,9.435,9.42,9.425,3708,2021-11-08 19:55:00,GEO
9.425,9.43,9.415,9.43,20057,2021-11-08 20:00:00,GEO
9.44,9.46,9.43,9.445,17771,2021-11-08 20:05:00,GEO
9.45,9.455,9.4428,9.45,7024,2021-11-08 20:10:00,GEO
9.45,9.45,9.435,9.44,8812,2021-11-08 20:15:00,GEO
9.44,9.46,9.44,9.45,6443,2021-11-08 20:20:00,GEO
9.44,9.44,9.41,9.415,21473,2021-11-08 20:25:00,GEO
9.42,9.445,9.4123,9.445,12699,2021-11-08 20:30:00,GEO
9.45,9.45,9.42,9.43,17692,2021-11-08 20:35:00,GEO
9.4233,9.43,9.42,9.425,10867,2021-11-08 20:40:00,GEO
9.42,9.44,9.41,9.42,45129,2021-11-08 20:45:00,GEO
9.43,9.46,9.42,9.455,49978,2021-11-08 20:50:00,GEO
9.455,9.46,9.44,9.45,95450,2021-11-08 20:55:00,GEO
9.44,9.44,9.44,9.44,96440,2021-11-08 21:00:00,GEO
9.2,9.2,9.2,9.2,230,2021-11-08 22:00:00,GEO
9.35,9.35,9.35,9.35,150,2021-11-08 23:55:00,GEO
9.5,9.5,9.5,9.5,104,2021-11-09 12:15:00,GEO
9.45,9.45,9.45,9.45,300,2021-11-09 12:30:00,GEO
9.3301,9.3301,9.3301,9.3301,2100,2021-11-09 13:15:00,GEO
9.35,9.35,9.26,9.26,3495,2021-11-09 13:40:00,GEO
9.2701,9.2701,9.2701,9.2701,600,2021-11-09 13:55:00,GEO
9.36,9.38,9.35,9.37,800,2021-11-09 14:20:00,GEO
9.37,9.4,9.37,9.4,1457,2021-11-09 14:25:00,GEO
9.44,9.48,9.35,9.3847,40688,2021-11-09 14:30:00,GEO
9.39,9.51,9.38,9.46,32372,2021-11-09 14:35:00,GEO
9.465,9.5,9.4,9.41,20308,2021-11-09 14:40:00,GEO
9.41,9.45,9.37,9.37,40351,2021-11-09 14:45:00,GEO
9.36,9.4,9.305,9.315,20582,2021-11-09 14:50:00,GEO
9.3113,9.325,9.28,9.295,62511,2021-11-09 14:55:00,GEO
9.29,9.305,9.21,9.21,74910,2021-11-09 15:00:00,GEO
9.215,9.37,9.215,9.37,56920,2021-11-09 15:05:00,GEO
9.37,9.42,9.36,9.42,25215,2021-11-09 15:10:00,GEO
9.43,9.431,9.41,9.42,9199,2021-11-09 15:15:00,GEO
9.41,9.4225,9.4,9.42,3127,2021-11-09 15:20:00,GEO
9.427,9.44,9.42,9.44,10028,2021-11-09 15:25:00,GEO
9.44,9.455,9.42,9.42,38647,2021-11-09 15:30:00,GEO
9.43,9.455,9.415,9.455,9873,2021-11-09 15:35:00,GEO
9.45,9.48,9.45,9.48,4301,2021-11-09 15:40:00,GEO
9.475,9.48,9.46,9.47,8353,2021-11-09 15:45:00,GEO
9.4755,9.4755,9.46,9.4602,4942,2021-11-09 15:50:00,GEO
9.46,9.48,9.45,9.465,19390,2021-11-09 15:55:00,GEO
9.46,9.4699,9.455,9.4699,5849,2021-11-09 16:00:00,GEO
9.47,9.47,9.46,9.46,1824,2021-11-09 16:05:00,GEO
9.4642,9.465,9.43,9.44,13656,2021-11-09 16:10:00,GEO
9.44,9.445,9.43,9.44,10456,2021-11-09 16:15:00,GEO
9.445,9.46,9.445,9.455,96224,2021-11-09 16:20:00,GEO
9.455,9.48,9.44,9.44,13490,2021-11-09 16:25:00,GEO
9.42,9.42,9.38,9.4,15182,2021-11-09 16:30:00,GEO
9.41,9.42,9.38,9.38,7144,2021-11-09 16:35:00,GEO
9.37,9.4,9.36,9.4,14513,2021-11-09 16:40:00,GEO
9.4,9.405,9.3917,9.3917,4480,2021-11-09 16:45:00,GEO
9.395,9.405,9.39,9.395,153637,2021-11-09 16:50:00,GEO
9.39,9.395,9.38,9.39,6356,2021-11-09 16:55:00,GEO
9.39,9.4,9.35,9.36,16336,2021-11-09 17:00:00,GEO
9.35,9.36,9.325,9.34,59577,2021-11-09 17:05:00,GEO
9.35,9.35,9.335,9.335,2173,2021-11-09 17:10:00,GEO
9.34,9.345,9.34,9.345,1350,2021-11-09 17:15:00,GEO
9.34,9.36,9.34,9.36,10848,2021-11-09 17:20:00,GEO
9.36,9.36,9.34,9.345,13763,2021-11-09 17:25:00,GEO
9.345,9.37,9.34,9.365,7351,2021-11-09 17:30:00,GEO
9.36,9.385,9.36,9.385,26963,2021-11-09 17:35:00,GEO
9.385,9.395,9.355,9.385,44097,2021-11-09 17:40:00,GEO
9.385,9.4,9.37,9.3964,76543,2021-11-09 17:45:00,GEO
9.4,9.41,9.39,9.4,23917,2021-11-09 17:50:00,GEO
9.405,9.42,9.39,9.4,70932,2021-11-09 17:55:00,GEO
9.405,9.42,9.37,9.385,70641,2021-11-09 18:00:00,GEO
9.39,9.4,9.3702,9.375,7850,2021-11-09 18:05:00,GEO
9.371,9.38,9.37,9.3725,6900,2021-11-09 18:10:00,GEO
9.38,9.395,9.38,9.395,5595,2021-11-09 18:15:00,GEO
9.3999,9.3999,9.39,9.395,900,2021-11-09 18:20:00,GEO
9.395,9.4,9.375,9.375,9804,2021-11-09 18:25:00,GEO
9.38,9.39,9.38,9.385,2842,2021-11-09 18:30:00,GEO
9.39,9.39,9.385,9.385,1300,2021-11-09 18:35:00,GEO
9.39,9.39,9.38,9.39,4092,2021-11-09 18:40:00,GEO
9.39,9.39,9.385,9.39,1618,2021-11-09 18:45:00,GEO
9.39,9.39,9.38,9.38,7479,2021-11-09 18:50:00,GEO
9.385,9.395,9.385,9.39,10389,2021-11-09 18:55:00,GEO
9.39,9.42,9.385,9.42,14335,2021-11-09 19:00:00,GEO
9.42,9.42,9.39,9.4,7669,2021-11-09 19:05:00,GEO
9.39,9.395,9.385,9.385,7482,2021-11-09 19:10:00,GEO
9.385,9.41,9.385,9.39,11574,2021-11-09 19:15:00,GEO
9.395,9.41,9.3915,9.405,4734,2021-11-09 19:20:00,GEO
9.41,9.41,9.4,9.41,1950,2021-11-09 19:25:00,GEO
9.41,9.41,9.4,9.4,13064,2021-11-09 19:30:00,GEO
9.405,9.41,9.4043,9.4043,3126,2021-11-09 19:35:00,GEO
9.405,9.41,9.395,9.395,7079,2021-11-09 19:40:00,GEO
9.39,9.395,9.385,9.385,5371,2021-11-09 19:45:00,GEO
9.39,9.39,9.38,9.385,303152,2021-11-09 19:50:00,GEO
9.39,9.43,9.385,9.41,36649,2021-11-09 19:55:00,GEO
9.41,9.41,9.39,9.395,7776,2021-11-09 20:00:00,GEO
9.4,9.4,9.38,9.39,12860,2021-11-09 20:05:00,GEO
9.4,9.4,9.375,9.38,5935,2021-11-09 20:10:00,GEO
9.37,9.3705,9.36,9.36,10926,2021-11-09 20:15:00,GEO
9.35,9.37,9.35,9.3502,13498,2021-11-09 20:20:00,GEO
9.355,9.36,9.35,9.355,2000,2021-11-09 20:25:00,GEO
9.355,9.37,9.3536,9.365,15353,2021-11-09 20:30:00,GEO
9.36,9.36,9.35,9.36,112730,2021-11-09 20:35:00,GEO
9.36,9.365,9.33,9.34,32635,2021-11-09 20:40:00,GEO
9.345,9.355,9.33,9.35,24352,2021-11-09 20:45:00,GEO
9.35,9.355,9.31,9.325,145701,2021-11-09 20:50:00,GEO
9.325,9.36,9.315,9.36,96059,2021-11-09 20:55:00,GEO
9.35,9.4,9.35,9.4,132149,2021-11-09 21:00:00,GEO
9.3,9.31,9.3,9.31,225,2021-11-09 22:15:00,GEO
9.31,9.31,9.31,9.31,800,2021-11-09 23:30:00,GEO
9.35,9.35,9.35,9.35,100,2021-11-10 11:45:00,GEO
9.35,9.35,9.35,9.35,100,2021-11-10 12:00:00,GEO
9.33,9.33,9.33,9.33,400,2021-11-10 13:45:00,GEO
9.32,9.32,9.31,9.31,246,2021-11-10 14:25:00,GEO
9.39,9.39,9.17,9.19,77163,2021-11-10 14:30:00,GEO
9.21,9.28,9.2,9.27,16978,2021-11-10 14:35:00,GEO
9.2701,9.285,9.24,9.24,7859,2021-11-10 14:40:00,GEO
9.25,9.33,9.25,9.3,29026,2021-11-10 14:45:00,GEO
9.3,9.31,9.26,9.31,16584,2021-11-10 14:50:00,GEO
9.32,9.34,9.3,9.33,29260,2021-11-10 14:55:00,GEO
9.33,9.335,9.288,9.31,20815,2021-11-10 15:00:00,GEO
9.3,9.32,9.29,9.3,18651,2021-11-10 15:05:00,GEO
9.2916,9.2916,9.27,9.27,4912,2021-11-10 15:10:00,GEO
9.27,9.3,9.26,9.265,10921,2021-11-10 15:15:00,GEO
9.27,9.275,9.24,9.263,31153,2021-11-10 15:20:00,GEO
9.27,9.275,9.25,9.265,8676,2021-11-10 15:25:00,GEO
9.26,9.26,9.18,9.21,21370,2021-11-10 15:30:00,GEO
9.22,9.2227,9.17,9.17,18689,2021-11-10 15:35:00,GEO
9.18,9.2273,9.14,9.2273,60770,2021-11-10 15:40:00,GEO
9.23,9.235,9.18,9.18,11175,2021-11-10 15:45:00,GEO
9.18,9.2,9.18,9.195,4222,2021-11-10 15:50:00,GEO
9.195,9.195,9.135,9.15,42702,2021-11-10 15:55:00,GEO
9.15,9.2,9.145,9.19,25826,2021-11-10 16:00:00,GEO
9.18,9.18,9.15,9.155,11923,2021-11-10 16:05:00,GEO
9.15,9.18,9.14,9.165,58095,2021-11-10 16:10:00,GEO
9.16,9.17,9.145,9.15,16119,2021-11-10 16:15:00,GEO
9.15,9.1599,9.15,9.15,17872,2021-11-10 16:20:00,GEO
9.15,9.16,9.14,9.155,34660,2021-11-10 16:25:00,GEO
9.155,9.24,9.1545,9.235,24973,2021-11-10 16:30:00,GEO
9.25,9.285,9.23,9.285,25858,2021-11-10 16:35:00,GEO
9.28,9.3,9.255,9.295,15913,2021-11-10 16:40:00,GEO
9.3,9.345,9.29,9.32,22373,2021-11-10 16:45:00,GEO
9.32,9.33,9.31,9.33,7292,2021-11-10 16:50:00,GEO
9.33,9.33,9.32,9.33,600,2021-11-10 16:55:00,GEO
9.3273,9.385,9.3273,9.3699,20068,2021-11-10 17:00:00,GEO
9.36,9.38,9.35,9.375,6892,2021-11-10 17:05:00,GEO
9.37,9.37,9.33,9.335,10939,2021-11-10 17:10:00,GEO
9.33,9.365,9.33,9.36,13838,2021-11-10 17:15:00,GEO
9.355,9.355,9.33,9.33,10600,2021-11-10 17:20:00,GEO
9.33,9.345,9.32,9.32,9340,2021-11-10 17:25:00,GEO
9.33,9.33,9.31,9.31,17017,2021-11-10 17:30:00,GEO
9.31,9.32,9.3,9.31,11910,2021-11-10 17:35:00,GEO
9.31,9.3115,9.28,9.295,35575,2021-11-10 17:40:00,GEO
9.305,9.31,9.3,9.3,6207,2021-11-10 17:45:00,GEO
9.3,9.31,9.3,9.305,5002,2021-11-10 17:50:00,GEO
9.305,9.335,9.3,9.33,12932,2021-11-10 17:55:00,GEO
9.33,9.35,9.32,9.32,9889,2021-11-10 18:00:00,GEO
9.31,9.32,9.295,9.295,9085,2021-11-10 18:05:00,GEO
9.29,9.32,9.29,9.3,10570,2021-11-10 18:10:00,GEO
9.3,9.3001,9.27,9.27,14443,2021-11-10 18:15:00,GEO
9.27,9.275,9.23,9.23,12372,2021-11-10 18:20:00,GEO
9.23,9.25,9.21,9.21,20622,2021-11-10 18:25:00,GEO
9.21,9.227,9.21,9.22,26910,2021-11-10 18:30:00,GEO
9.215,9.22,9.21,9.215,4381,2021-11-10 18:35:00,GEO
9.215,9.25,9.212,9.225,22680,2021-11-10 18:40:00,GEO
9.235,9.235,9.21,9.215,19476,2021-11-10 18:45:00,GEO
9.215,9.23,9.21,9.225,14150,2021-11-10 18:50:00,GEO
9.22,9.225,9.2,9.215,47953,2021-11-10 18:55:00,GEO
9.215,9.22,9.2,9.215,33227,2021-11-10 19:00:00,GEO
9.215,9.24,9.21,9.225,14414,2021-11-10 19:05:00,GEO
9.22,9.2477,9.22,9.24,8502,2021-11-10 19:10:00,GEO
9.24,9.25,9.235,9.24,5200,2021-11-10 19:15:00,GEO
9.24,9.24,9.22,9.235,11279,2021-11-10 19:20:00,GEO
9.23,9.235,9.215,9.225,5825,2021-11-10 19:25:00,GEO
9.23,9.23,9.215,9.215,10370,2021-11-10 19:30:00,GEO
9.21,9.23,9.21,9.225,3449,2021-11-10 19:35:00,GEO
9.225,9.23,9.1826,9.185,32532,2021-11-10 19:40:00,GEO
9.19,9.2,9.18,9.195,11502,2021-11-10 19:45:00,GEO
9.195,9.21,9.1922,9.205,5403,2021-11-10 19:50:00,GEO
9.205,9.206,9.185,9.195,12744,2021-11-10 19:55:00,GEO
9.195,9.21,9.185,9.195,10635,2021-11-10 20:00:00,GEO
9.195,9.21,9.18,9.19,29078,2021-11-10 20:05:00,GEO
9.195,9.21,9.195,9.2,9375,2021-11-10 20:10:00,GEO
9.21,9.25,9.21,9.25,17047,2021-11-10 20:15:00,GEO
9.245,9.25,9.245,9.245,1700,2021-11-10 20:20:00,GEO
9.245,9.25,9.23,9.23,12820,2021-11-10 20:25:00,GEO
9.23,9.235,9.21,9.21,27121,2021-11-10 20:30:00,GEO
9.21,9.21,9.185,9.19,55210,2021-11-10 20:35:00,GEO
9.19,9.205,9.19,9.19,15213,2021-11-10 20:40:00,GEO
9.2,9.204,9.185,9.2,50347,2021-11-10 20:45:00,GEO
9.205,9.21,9.18,9.19,57872,2021-11-10 20:50:00,GEO
9.19,9.2,9.16,9.16,141484,2021-11-10 20:55:00,GEO
9.16,9.16,9.16,9.16,244030,2021-11-10 21:00:00,GEO
9.15,9.16,9.15,9.16,1520,2021-11-10 21:45:00,GEO
9.03,9.07,9.03,9.07,368,2021-11-11 13:15:00,GEO
9.07,9.08,9.07,9.08,200,2021-11-11 13:35:00,GEO
9.12,9.12,9.12,9.12,200,2021-11-11 13:50:00,GEO
9.12,9.12,9.12,9.12,740,2021-11-11 13:55:00,GEO
9.15,9.16,9.15,9.16,1358,2021-11-11 14:25:00,GEO
9.18,9.21,9.04,9.18,35504,2021-11-11 14:30:00,GEO
9.17,9.23,9.1616,9.2,31460,2021-11-11 14:35:00,GEO
9.2,9.24,9.2,9.23,14962,2021-11-11 14:40:00,GEO
9.225,9.23,9.2,9.21,8792,2021-11-11 14:45:00,GEO
9.22,9.27,9.22,9.27,15037,2021-11-11 14:50:00,GEO
9.27,9.3,9.27,9.3,4337,2021-11-11 14:55:00,GEO
9.2999,9.35,9.2999,9.32,18996,2021-11-11 15:00:00,GEO
9.33,9.34,9.32,9.33,7543,2021-11-11 15:05:00,GEO
9.325,9.35,9.32,9.33,5138,2021-11-11 15:10:00,GEO
9.3299,9.34,9.32,9.33,4218,2021-11-11 15:15:00,GEO
9.34,9.34,9.29,9.3,9448,2021-11-11 15:20:00,GEO
9.31,9.32,9.3,9.3,4477,2021-11-11 15:25:00,GEO
9.2961,9.3,9.25,9.26,9301,2021-11-11 15:30:00,GEO
9.27,9.29,9.265,9.29,12359,2021-11-11 15:35:00,GEO
9.29,9.3001,9.265,9.2699,13379,2021-11-11 15:40:00,GEO
9.27,9.27,9.2601,9.265,1186,2021-11-11 15:45:00,GEO
9.27,9.27,9.24,9.25,4480,2021-11-11 15:50:00,GEO
9.25,9.26,9.25,9.255,9683,2021-11-11 15:55:00,GEO
9.2516,9.2516,9.24,9.248,14995,2021-11-11 16:00:00,GEO
9.245,9.33,9.245,9.32,140580,2021-11-11 16:05:00,GEO
9.325,9.335,9.29,9.295,18170,2021-11-11 16:10:00,GEO
9.3,9.32,9.29,9.3101,12524,2021-11-11 16:15:00,GEO
9.315,9.32,9.29,9.305,12719,2021-11-11 16:20:00,GEO
9.31,9.31,9.2828,9.3,9931,2021-11-11 16:25:00,GEO
9.3,9.3199,9.3,9.315,11863,2021-11-11 16:30:00,GEO
9.32,9.335,9.315,9.32,9200,2021-11-11 16:35:00,GEO
9.315,9.32,9.3123,9.315,4925,2021-11-11 16:40:00,GEO
9.31,9.325,9.31,9.3236,3466,2021-11-11 16:45:00,GEO
9.325,9.33,9.32,9.325,2953,2021-11-11 16:50:00,GEO
9.33,9.34,9.322,9.322,13662,2021-11-11 16:55:00,GEO
9.325,9.34,9.325,9.34,1779,2021-11-11 17:00:00,GEO
9.34,9.38,9.33,9.38,10508,2021-11-11 17:05:00,GEO
9.375,9.38,9.365,9.375,8061,2021-11-11 17:10:00,GEO
9.3732,9.38,9.372,9.372,1202,2021-11-11 17:15:00,GEO
9.375,9.39,9.365,9.37,8056,2021-11-11 17:20:00,GEO
9.375,9.38,9.374,9.38,10370,2021-11-11 17:25:00,GEO
9.3799,9.38,9.37,9.38,3966,2021-11-11 17:30:00,GEO
9.375,9.4,9.37,9.395,6770,2021-11-11 17:35:00,GEO
9.395,9.42,9.385,9.405,25469,2021-11-11 17:40:00,GEO
9.4,9.41,9.395,9.4,8814,2021-11-11 17:45:00,GEO
9.39,9.39,9.385,9.385,4196,2021-11-11 17:50:00,GEO
9.39,9.39,9.385,9.385,400,2021-11-11 17:55:00,GEO
9.385,9.39,9.38,9.39,17876,2021-11-11 18:00:00,GEO
9.395,9.395,9.39,9.39,9195,2021-11-11 18:05:00,GEO
9.39,9.4,9.385,9.3957,8245,2021-11-11 18:10:00,GEO
9.4,9.4,9.395,9.395,445,2021-11-11 18:15:00,GEO
9.395,9.4,9.395,9.3977,1938,2021-11-11 18:20:00,GEO
9.39,9.39,9.38,9.3816,6632,2021-11-11 18:25:00,GEO
9.385,9.39,9.385,9.385,4874,2021-11-11 18:30:00,GEO
9.39,9.39,9.385,9.39,3989,2021-11-11 18:35:00,GEO
9.4,9.4,9.39,9.395,3274,2021-11-11 18:40:00,GEO
9.4,9.4,9.39,9.395,1574,2021-11-11 18:45:00,GEO
9.395,9.4,9.38,9.393,7013,2021-11-11 18:50:00,GEO
9.39,9.395,9.3801,9.39,1970,2021-11-11 18:55:00,GEO
9.384,9.3873,9.38,9.385,860,2021-11-11 19:00:00,GEO
9.385,9.39,9.385,9.385,964,2021-11-11 19:05:00,GEO
9.38,9.39,9.375,9.39,5523,2021-11-11 19:10:00,GEO
9.38,9.38,9.32,9.33,37819,2021-11-11 19:15:00,GEO
9.33,9.33,9.3201,9.325,2207,2021-11-11 19:20:00,GEO
9.325,9.33,9.32,9.3211,3976,2021-11-11 19:25:00,GEO
9.325,9.33,9.32,9.33,2838,2021-11-11 19:30:00,GEO
9.325,9.33,9.32,9.32,1578,2021-11-11 19:35:00,GEO
9.33,9.34,9.315,9.335,11589,2021-11-11 19:40:00,GEO
9.335,9.337,9.3302,9.335,1240,2021-11-11 19:45:00,GEO
9.33,9.34,9.33,9.33,3437,2021-11-11 19:50:00,GEO
9.325,9.33,9.3202,9.33,702,2021-11-11 19:55:00,GEO
9.325,9.33,9.325,9.33,1837,2021-11-11 20:00:00,GEO
9.325,9.33,9.3201,9.33,1842,2021-11-11 20:05:00,GEO
9.3205,9.325,9.3201,9.325,4248,2021-11-11 20:10:00,GEO
9.325,9.375,9.32,9.375,31551,2021-11-11 20:15:00,GEO
9.375,9.375,9.3625,9.365,5600,2021-11-11 20:20:00,GEO
9.37,9.38,9.365,9.38,2143,2021-11-11 20:25:00,GEO
9.3754,9.38,9.365,9.375,19396,2021-11-11 20:30:00,GEO
9.38,9.38,9.365,9.38,8225,2021-11-11 20:35:00,GEO
9.3757,9.38,9.37,9.3799,4727,2021-11-11 20:40:00,GEO
9.38,9.39,9.375,9.385,28855,2021-11-11 20:45:00,GEO
9.385,9.4,9.38,9.3901,22803,2021-11-11 20:50:00,GEO
9.4,9.4,9.3701,9.38,83281,2021-11-11 20:55:00,GEO
9.38,9.38,9.38,9.38,85199,2021-11-11 21:00:00,GEO
9.25,9.25,9.25,9.25,300,2021-11-11 22:50:00,GEO
9.32,9.32,9.32,9.32,200,2021-11-11 22:55:00,GEO
9.32,9.32,9.32,9.32,100,2021-11-12 00:00:00,GEO
9.38,9.38,9.38,9.38,1095,2021-11-12 09:00:00,GEO
9.16,9.16,9.16,9.16,1000,2021-11-12 11:05:00,GEO
9.4,9.41,9.4,9.41,800,2021-11-12 12:00:00,GEO
9.31,9.31,9.31,9.31,100,2021-11-12 13:55:00,GEO
9.33,9.33,9.3,9.3,900,2021-11-12 14:00:00,GEO
9.32,9.36,9.32,9.36,1300,2021-11-12 14:05:00,GEO
9.37,9.485,9.32,9.48,60368,2021-11-12 14:30:00,GEO
9.48,9.505,9.47,9.5,38721,2021-11-12 14:35:00,GEO
9.505,9.515,9.49,9.5018,6374,2021-11-12 14:40:00,GEO
9.505,9.505,9.43,9.43,19604,2021-11-12 14:45:00,GEO
9.42,9.44,9.41,9.43,20081,2021-11-12 14:50:00,GEO
9.44,9.44,9.42,9.42,900,2021-11-12 14:55:00,GEO
9.4281,9.435,9.4281,9.435,3024,2021-11-12 15:00:00,GEO
9.435,9.435,9.4232,9.425,2575,2021-11-12 15:05:00,GEO
9.42,9.448,9.42,9.448,6550,2021-11-12 15:10:00,GEO
9.45,9.47,9.445,9.46,7429,2021-11-12 15:15:00,GEO
9.46,9.465,9.44,9.4523,9272,2021-11-12 15:20:00,GEO
9.455,9.455,9.41,9.41,6380,2021-11-12 15:25:00,GEO
9.405,9.405,9.33,9.36,15445,2021-11-12 15:30:00,GEO
9.365,9.405,9.36,9.405,24341,2021-11-12 15:35:00,GEO
9.4,9.42,9.4,9.4,15675,2021-11-12 15:40:00,GEO
9.405,9.405,9.3676,9.3676,13088,2021-11-12 15:45:00,GEO
9.365,9.375,9.36,9.365,9429,2021-11-12 15:50:00,GEO
9.365,9.37,9.36,9.37,2300,2021-11-12 15:55:00,GEO
9.365,9.385,9.36,9.385,8502,2021-11-12 16:00:00,GEO
9.39,9.39,9.3737,9.375,1100,2021-11-12 16:05:00,GEO
9.38,9.38,9.37,9.375,2433,2021-11-12 16:10:00,GEO
9.3701,9.39,9.3701,9.39,4655,2021-11-12 16:15:00,GEO
9.4,9.415,9.395,9.405,4970,2021-11-12 16:20:00,GEO
9.4,9.405,9.395,9.405,4634,2021-11-12 16:25:00,GEO
9.405,9.41,9.4,9.405,1366,2021-11-12 16:30:00,GEO
9.41,9.41,9.405,9.405,1180,2021-11-12 16:35:00,GEO
9.41,9.41,9.405,9.41,800,2021-11-12 16:40:00,GEO
9.41,9.44,9.41,9.439,11316,2021-11-12 16:45:00,GEO
9.435,9.44,9.43,9.435,3386,2021-11-12 16:50:00,GEO
9.44,9.475,9.44,9.475,5302,2021-11-12 16:55:00,GEO
9.47,9.475,9.465,9.47,5634,2021-11-12 17:00:00,GEO
9.4699,9.4699,9.445,9.445,12947,2021-11-12 17:05:00,GEO
9.45,9.45,9.4428,9.45,2275,2021-11-12 17:10:00,GEO
9.445,9.46,9.44,9.455,3495,2021-11-12 17:15:00,GEO
9.455,9.455,9.445,9.445,3617,2021-11-12 17:20:00,GEO
9.445,9.46,9.445,9.455,4136,2021-11-12 17:25:00,GEO
9.455,9.46,9.455,9.455,3070,2021-11-12 17:30:00,GEO
9.4586,9.46,9.455,9.455,1900,2021-11-12 17:35:00,GEO
9.46,9.49,9.46,9.485,11069,2021-11-12 17:40:00,GEO
9.485,9.485,9.455,9.475,9740,2021-11-12 17:45:00,GEO
9.475,9.475,9.475,9.475,651,2021-11-12 17:50:00,GEO
9.47,9.475,9.47,9.475,1125,2021-11-12 17:55:00,GEO
9.475,9.48,9.475,9.475,1900,2021-11-12 18:00:00,GEO
9.475,9.48,9.47,9.48,2900,2021-11-12 18:05:00,GEO
9.4725,9.475,9.465,9.47,8897,2021-11-12 18:10:00,GEO
9.4764,9.49,9.47,9.49,32176,2021-11-12 18:15:00,GEO
9.49,9.49,9.485,9.4864,420,2021-11-12 18:20:00,GEO
9.49,9.49,9.4835,9.4835,362,2021-11-12 18:25:00,GEO
9.485,9.49,9.481,9.485,1600,2021-11-12 18:30:00,GEO
9.485,9.49,9.48,9.48,3200,2021-11-12 18:35:00,GEO
9.48,9.485,9.465,9.475,15346,2021-11-12 18:40:00,GEO
9.475,9.48,9.455,9.455,9123,2021-11-12 18:45:00,GEO
9.46,9.47,9.455,9.465,9270,2021-11-12 18:50:00,GEO
9.47,9.5,9.469,9.5,11702,2021-11-12 18:55:00,GEO
9.5,9.5,9.48,9.485,3835,2021-11-12 19:00:00,GEO
9.485,9.49,9.475,9.475,5544,2021-11-12 19:05:00,GEO
9.479,9.479,9.46,9.465,4439,2021-11-12 19:10:00,GEO
9.4601,9.47,9.46,9.465,7705,2021-11-12 19:15:00,GEO
9.465,9.47,9.46,9.465,6283,2021-11-12 19:20:00,GEO
9.465,9.47,9.46,9.47,2304,2021-11-12 19:25:00,GEO
9.47,9.49,9.47,9.489,3637,2021-11-12 19:30:00,GEO
9.4839,9.49,9.47,9.485,11232,2021-11-12 19:35:00,GEO
9.48,9.485,9.47,9.47,3445,2021-11-12 19:40:00,GEO
9.47,9.48,9.47,9.479,6182,2021-11-12 19:45:00,GEO
9.479,9.48,9.475,9.475,1936,2021-11-12 19:50:00,GEO
9.475,9.49,9.475,9.49,6361,2021-11-12 19:55:00,GEO
9.49,9.5,9.485,9.49,12784,2021-11-12 20:00:00,GEO
9.4909,9.4956,9.485,9.49,12985,2021-11-12 20:05:00,GEO
9.49,9.49,9.4809,9.485,3354,2021-11-12 20:10:00,GEO
9.485,9.5,9.4829,9.495,5453,2021-11-12 20:15:00,GEO
9.495,9.51,9.4901,9.509,23779,2021-11-12 20:20:00,GEO
9.51,9.54,9.5,9.535,45089,2021-11-12 20:25:00,GEO
9.53,9.55,9.525,9.525,27108,2021-11-12 20:30:00,GEO
9.525,9.55,9.525,9.545,9918,2021-11-12 20:35:00,GEO
9.54,9.55,9.54,9.545,6928,2021-11-12 20:40:00,GEO
9.54,9.57,9.53,9.57,31112,2021-11-12 20:45:00,GEO
9.57,9.59,9.56,9.59,56383,2021-11-12 20:50:00,GEO
9.59,9.595,9.57,9.59,96577,2021-11-12 20:55:00,GEO
9.56,9.59,9.56,9.56,73087,2021-11-12 21:00:00,GEO
9.56,9.56,9.56,9.56,102,2021-11-12 21:25:00,GEO
9.59,9.59,9.59,9.59,100,2021-11-12 21:30:00,GEO
9.58,9.58,9.58,9.58,200,2021-11-12 21:40:00,GEO
9.56,9.56,9.56,9.56,367,2021-11-12 22:40:00,GEO
9.56,9.56,9.56,9.56,1600,2021-11-12 22:45:00,GEO
9.56,9.56,9.56,9.56,492,2021-11-12 22:50:00,GEO
9.56,9.56,9.56,9.56,150,2021-11-13 00:00:00,GEO
9.56,9.56,9.56,9.56,500,2021-11-13 00:40:00,GEO
9.55,9.55,9.55,9.55,100,2021-11-15 12:05:00,GEO
9.4,9.4,9.4,9.4,310,2021-11-15 12:10:00,GEO
9.49,9.49,9.47,9.48,700,2021-11-15 12:40:00,GEO
9.5,9.5,9.5,9.5,100,2021-11-15 12:50:00,GEO
9.54,9.55,9.54,9.55,850,2021-11-15 13:05:00,GEO
9.56,9.56,9.56,9.56,100,2021-11-15 14:00:00,GEO
9.56,9.56,9.56,9.56,200,2021-11-15 14:10:00,GEO
9.56,9.56,9.56,9.56,600,2021-11-15 14:20:00,GEO
9.6,9.6,9.6,9.6,159,2021-11-15 14:25:00,GEO
9.68,9.8,9.67,9.76,88733,2021-11-15 14:30:00,GEO
9.73,9.74,9.69,9.69,15594,2021-11-15 14:35:00,GEO
9.71,9.805,9.705,9.78,15684,2021-11-15 14:40:00,GEO
9.7925,9.795,9.7686,9.7736,14244,2021-11-15 14:45:00,GEO
9.775,9.79,9.75,9.755,12672,2021-11-15 14:50:00,GEO
9.7582,9.7634,9.7,9.7164,29769,2021-11-15 14:55:00,GEO
9.71,9.71,9.66,9.6638,8862,2021-11-15 15:00:00,GEO
9.665,9.6817,9.65,9.67,11891,2021-11-15 15:05:00,GEO
9.665,9.67,9.64,9.66,12708,2021-11-15 15:10:00,GEO
9.65,9.68,9.6405,9.675,17717,2021-11-15 15:15:00,GEO
9.66,9.72,9.66,9.66,58590,2021-11-15 15:20:00,GEO
9.645,9.65,9.615,9.62,21073,2021-11-15 15:25:00,GEO
9.615,9.65,9.6,9.6315,21439,2021-11-15 15:30:00,GEO
9.635,9.6402,9.61,9.64,15425,2021-11-15 15:35:00,GEO
9.64,9.645,9.59,9.61,24104,2021-11-15 15:40:00,GEO
9.61,9.63,9.61,9.625,3843,2021-11-15 15:45:00,GEO
9.62,9.63,9.61,9.615,7268,2021-11-15 15:50:00,GEO
9.615,9.615,9.57,9.575,12710,2021-11-15 15:55:00,GEO
9.575,9.5874,9.575,9.581,6645,2021-11-15 16:00:00,GEO
9.58,9.59,9.55,9.585,18187,2021-11-15 16:05:00,GEO
9.585,9.6,9.54,9.54,29000,2021-11-15 16:10:00,GEO
9.53,9.5318,9.51,9.52,21427,2021-11-15 16:15:00,GEO
9.525,9.53,9.515,9.515,12972,2021-11-15 16:20:00,GEO
9.515,9.515,9.5,9.511,5520,2021-11-15 16:25:00,GEO
9.5101,9.525,9.51,9.525,3450,2021-11-15 16:30:00,GEO
9.5223,9.54,9.5223,9.535,13838,2021-11-15 16:35:00,GEO
9.53,9.53,9.485,9.4986,27318,2021-11-15 16:40:00,GEO
9.495,9.5,9.49,9.495,10535,2021-11-15 16:45:00,GEO
9.4976,9.5,9.49,9.495,10974,2021-11-15 16:50:00,GEO
9.495,9.505,9.49,9.505,9307,2021-11-15 16:55:00,GEO
9.51,9.518,9.51,9.515,3100,2021-11-15 17:00:00,GEO
9.51,9.55,9.51,9.542,20548,2021-11-15 17:05:00,GEO
9.545,9.58,9.545,9.575,6033,2021-11-15 17:10:00,GEO
9.575,9.575,9.54,9.545,7396,2021-11-15 17:15:00,GEO
9.545,9.57,9.545,9.57,5945,2021-11-15 17:20:00,GEO
9.575,9.595,9.57,9.59,5273,2021-11-15 17:25:00,GEO
9.585,9.595,9.573,9.573,9550,2021-11-15 17:30:00,GEO
9.5726,9.575,9.57,9.575,1328,2021-11-15 17:35:00,GEO
9.58,9.59,9.575,9.583,2600,2021-11-15 17:40:00,GEO
9.585,9.59,9.58,9.585,1692,2021-11-15 17:45:00,GEO
9.585,9.585,9.57,9.58,8216,2021-11-15 17:50:00,GEO
9.58,9.5891,9.56,9.56,18654,2021-11-15 17:55:00,GEO
9.561,9.57,9.55,9.56,38265,2021-11-15 18:00:00,GEO
9.565,9.57,9.565,9.57,800,2021-11-15 18:05:00,GEO
9.565,9.565,9.555,9.555,8601,2021-11-15 18:10:00,GEO
9.554,9.56,9.55,9.55,2107,2021-11-15 18:15:00,GEO
9.56,9.56,9.555,9.555,800,2021-11-15 18:20:00,GEO
9.555,9.56,9.55,9.555,7495,2021-11-15 18:25:00,GEO
9.555,9.557,9.5517,9.555,2834,2021-11-15 18:30:00,GEO
9.555,9.555,9.55,9.555,2368,2021-11-15 18:35:00,GEO
9.55,9.56,9.55,9.555,4771,2021-11-15 18:40:00,GEO
9.555,9.56,9.55,9.56,3134,2021-11-15 18:45:00,GEO
9.555,9.56,9.55,9.56,3455,2021-11-15 18:50:00,GEO
9.555,9.62,9.555,9.62,26833,2021-11-15 18:55:00,GEO
9.615,9.62,9.61,9.62,1200,2021-11-15 19:00:00,GEO
9.615,9.645,9.615,9.645,15759,2021-11-15 19:05:00,GEO
9.6439,9.65,9.6439,9.65,1711,2021-11-15 19:10:00,GEO
9.65,9.68,9.645,9.68,13399,2021-11-15 19:15:00,GEO
9.675,9.7,9.675,9.7,3509,2021-11-15 19:20:00,GEO
9.7,9.71,9.6846,9.695,41530,2021-11-15 19:25:00,GEO
9.695,9.695,9.66,9.685,16184,2021-11-15 19:30:00,GEO
9.69,9.7,9.69,9.7,1900,2021-11-15 19:35:00,GEO
9.7,9.7,9.695,9.695,3400,2021-11-15 19:40:00,GEO
9.695,9.7,9.693,9.693,5454,2021-11-15 19:45:00,GEO
9.695,9.7,9.655,9.665,21106,2021-11-15 19:50:00,GEO
9.67,9.68,9.66,9.67,14957,2021-11-15 19:55:00,GEO
9.675,9.68,9.66,9.66,9740,2021-11-15 20:00:00,GEO
9.67,9.69,9.665,9.6805,7604,2021-11-15 20:05:00,GEO
9.685,9.71,9.685,9.705,8484,2021-11-15 20:10:00,GEO
9.705,9.71,9.7,9.705,3873,2021-11-15 20:15:00,GEO
9.705,9.71,9.7,9.7,11500,2021-11-15 20:20:00,GEO
9.705,9.72,9.7036,9.715,10229,2021-11-15 20:25:00,GEO
9.715,9.715,9.665,9.68,18876,2021-11-15 20:30:00,GEO
9.6705,9.68,9.65,9.65,25223,2021-11-15 20:35:00,GEO
9.655,9.66,9.645,9.66,8733,2021-11-15 20:40:00,GEO
9.655,9.665,9.6,9.6001,63977,2021-11-15 20:45:00,GEO
9.6,9.61,9.59,9.6099,17991,2021-11-15 20:50:00,GEO
9.61,9.62,9.6,9.6,145932,2021-11-15 20:55:00,GEO
9.61,9.61,9.61,9.61,165485,2021-11-15 21:00:00,GEO
9.56,9.56,9.56,9.56,500,2021-11-15 21:25:00,GEO
9.56,9.56,9.56,9.56,1100,2021-11-15 21:40:00,GEO
9.36,9.36,9.36,9.36,564,2021-11-15 22:00:00,GEO
9.18,9.18,9.18,9.18,398,2021-11-15 22:10:00,GEO
9.3,9.3,9.3,9.3,323,2021-11-15 22:15:00,GEO
9.36,9.36,9.36,9.36,106,2021-11-15 22:40:00,GEO
9.3,9.3,9.3,9.3,1045,2021-11-16 11:15:00,GEO
9.46,9.46,9.46,9.46,3202,2021-11-16 12:00:00,GEO
9.45,9.46,9.41,9.41,1500,2021-11-16 12:15:00,GEO
9.4,9.46,9.4,9.46,1750,2021-11-16 12:20:00,GEO
9.54,9.54,9.54,9.54,200,2021-11-16 12:35:00,GEO
9.49,9.49,9.49,9.49,100,2021-11-16 12:55:00,GEO
9.53,9.53,9.5,9.5,1100,2021-11-16 14:15:00,GEO
9.36,9.48,9.36,9.48,2735,2021-11-16 14:25:00,GEO
9.54,9.56,9.5,9.51,38166,2021-11-16 14:30:00,GEO
9.509,9.56,9.46,9.46,28637,2021-11-16 14:35:00,GEO
9.45,9.535,9.43,9.51,16178,2021-11-16 14:40:00,GEO
9.51,9.51,9.48,9.5,22035,2021-11-16 14:45:00,GEO
9.49,9.62,9.49,9.62,44875,2021-11-16 14:50:00,GEO
9.62,9.63,9.56,9.585,16614,2021-11-16 14:55:00,GEO
9.59,9.6217,9.59,9.62,8943,2021-11-16 15:00:00,GEO
9.615,9.62,9.59,9.59,19038,2021-11-16 15:05:00,GEO
9.59,9.63,9.585,9.62,14932,2021-11-16 15:10:00,GEO
9.62,9.65,9.62,9.64,9056,2021-11-16 15:15:00,GEO
9.64,9.64,9.63,9.6398,3041,2021-11-16 15:20:00,GEO
9.64,9.65,9.64,9.65,9098,2021-11-16 15:25:00,GEO
9.665,9.68,9.66,9.68,10653,2021-11-16 15:30:00,GEO
9.695,9.77,9.695,9.72,47887,2021-11-16 15:35:00,GEO
9.73,9.74,9.72,9.72,6569,2021-11-16 15:40:00,GEO
9.72,9.72,9.705,9.71,9410,2021-11-16 15:45:00,GEO
9.705,9.705,9.68,9.685,5208,2021-11-16 15:50:00,GEO
9.684,9.69,9.665,9.68,5344,2021-11-16 15:55:00,GEO
9.675,9.675,9.65,9.6606,7373,2021-11-16 16:00:00,GEO
9.6609,9.6698,9.64,9.65,17180,2021-11-16 16:05:00,GEO
9.64,9.645,9.58,9.59,27355,2021-11-16 16:10:00,GEO
9.59,9.605,9.58,9.595,11951,2021-11-16 16:15:00,GEO
9.59,9.61,9.57,9.57,10002,2021-11-16 16:20:00,GEO
9.58,9.58,9.55,9.55,7811,2021-11-16 16:25:00,GEO
9.5524,9.5524,9.53,9.53,3622,2021-11-16 16:30:00,GEO
9.52,9.53,9.5,9.5,39185,2021-11-16 16:35:00,GEO
9.5,9.51,9.5,9.51,3567,2021-11-16 16:40:00,GEO
9.515,9.52,9.5,9.52,6025,2021-11-16 16:45:00,GEO
9.515,9.53,9.5,9.53,6803,2021-11-16 16:50:00,GEO
9.52,9.53,9.52,9.525,12624,2021-11-16 16:55:00,GEO
9.52,9.5799,9.52,9.575,9585,2021-11-16 17:00:00,GEO
9.575,9.5798,9.56,9.56,5740,2021-11-16 17:05:00,GEO
9.56,9.56,9.54,9.545,3274,2021-11-16 17:10:00,GEO
9.55,9.55,9.53,9.53,9908,2021-11-16 17:15:00,GEO
9.53,9.53,9.52,9.52,5192,2021-11-16 17:20:00,GEO
9.525,9.5601,9.525,9.5601,9295,2021-11-16 17:25:00,GEO
9.56,9.56,9.55,9.5548,6387,2021-11-16 17:30:00,GEO
9.56,9.58,9.56,9.57,14498,2021-11-16 17:35:00,GEO
9.575,9.575,9.57,9.575,1120,2021-11-16 17:40:00,GEO
9.575,9.575,9.57,9.57,1266,2021-11-16 17:45:00,GEO
9.57,9.57,9.55,9.55,14003,2021-11-16 17:50:00,GEO
9.54,9.56,9.54,9.555,7027,2021-11-16 17:55:00,GEO
9.55,9.555,9.55,9.555,1198,2021-11-16 18:00:00,GEO
9.55,9.56,9.55,9.55,1300,2021-11-16 18:05:00,GEO
9.55,9.555,9.545,9.55,6588,2021-11-16 18:10:00,GEO
9.55,9.5565,9.55,9.55,1310,2021-11-16 18:15:00,GEO
9.5501,9.56,9.55,9.55,2352,2021-11-16 18:20:00,GEO
9.555,9.59,9.55,9.59,22431,2021-11-16 18:25:00,GEO
9.595,9.595,9.585,9.585,6837,2021-11-16 18:30:00,GEO
9.58,9.5898,9.575,9.575,3251,2021-11-16 18:35:00,GEO
9.57,9.575,9.57,9.575,2499,2021-11-16 18:40:00,GEO
9.58,9.58,9.57,9.58,4300,2021-11-16 18:45:00,GEO
9.57,9.57,9.56,9.565,9228,2021-11-16 18:50:00,GEO
9.565,9.58,9.565,9.58,3980,2021-11-16 18:55:00,GEO
9.58,9.58,9.57,9.575,4786,2021-11-16 19:00:00,GEO
9.5775,9.58,9.57,9.58,6424,2021-11-16 19:05:00,GEO
9.58,9.58,9.575,9.58,2175,2021-11-16 19:10:00,GEO
9.575,9.62,9.57,9.6172,36045,2021-11-16 19:15:00,GEO
9.62,9.6275,9.615,9.625,8384,2021-11-16 19:20:00,GEO
9.62,9.625,9.615,9.615,8345,2021-11-16 19:25:00,GEO
9.62,9.62,9.61,9.615,3640,2021-11-16 19:30:00,GEO
9.62,9.625,9.61,9.622,29068,2021-11-16 19:35:00,GEO
9.62,9.62,9.593,9.62,30234,2021-11-16 19:40:00,GEO
9.62,9.64,9.62,9.635,18403,2021-11-16 19:45:00,GEO
9.64,9.64,9.625,9.64,7592,2021-11-16 19:50:00,GEO
9.64,9.64,9.63,9.64,6621,2021-11-16 19:55:00,GEO
9.635,9.64,9.63,9.64,4915,2021-11-16 20:00:00,GEO
9.63,9.635,9.58,9.61,52547,2021-11-16 20:05:00,GEO
9.6045,9.61,9.6,9.605,10442,2021-11-16 20:10:00,GEO
9.61,9.615,9.585,9.6,26272,2021-11-16 20:15:00,GEO
9.6,9.6,9.58,9.58,17939,2021-11-16 20:20:00,GEO
9.585,9.59,9.565,9.565,26832,2021-11-16 20:25:00,GEO
9.565,9.59,9.53,9.59,33841,2021-11-16 20:30:00,GEO
9.585,9.6,9.58,9.6,10845,2021-11-16 20:35:00,GEO
9.6,9.6,9.585,9.6,17864,2021-11-16 20:40:00,GEO
9.6,9.605,9.58,9.592,49065,2021-11-16 20:45:00,GEO
9.59,9.59,9.55,9.552,64385,2021-11-16 20:50:00,GEO
9.55,9.5599,9.53,9.54,158469,2021-11-16 20:55:00,GEO
9.53,9.53,9.53,9.53,177330,2021-11-16 21:00:00,GEO
9.55,9.55,9.55,9.55,100,2021-11-16 21:50:00,GEO
9.55,9.55,9.55,9.55,100,2021-11-16 22:30:00,GEO
9.55,9.55,9.55,9.55,100,2021-11-16 22:35:00,GEO
9.5,9.5,9.5,9.5,1961,2021-11-17 00:30:00,GEO
9.5,9.5,9.5,9.5,100,2021-11-17 12:00:00,GEO
9.5,9.5,9.47,9.47,571,2021-11-17 13:00:00,GEO
9.47,9.48,9.46,9.46,925,2021-11-17 13:15:00,GEO
9.5,9.5,9.5,9.5,150,2021-11-17 13:35:00,GEO
9.48,9.48,9.48,9.48,200,2021-11-17 13:50:00,GEO
9.48,9.48,9.48,9.48,104,2021-11-17 14:15:00,GEO
9.46,9.47,9.38,9.42,41116,2021-11-17 14:30:00,GEO
9.42,9.48,9.42,9.47,4406,2021-11-17 14:35:00,GEO
9.45,9.485,9.44,9.48,5177,2021-11-17 14:40:00,GEO
9.478,9.49,9.455,9.4625,3350,2021-11-17 14:45:00,GEO
9.46,9.48,9.42,9.42,7531,2021-11-17 14:50:00,GEO
9.41,9.42,9.385,9.385,10527,2021-11-17 14:55:00,GEO
9.38,9.3899,9.365,9.37,10072,2021-11-17 15:00:00,GEO
9.36,9.37,9.285,9.3,20764,2021-11-17 15:05:00,GEO
9.31,9.32,9.3,9.31,15113,2021-11-17 15:10:00,GEO
9.31,9.3201,9.27,9.27,13562,2021-11-17 15:15:00,GEO
9.27,9.29,9.26,9.27,21628,2021-11-17 15:20:00,GEO
9.2615,9.315,9.2615,9.315,7834,2021-11-17 15:25:00,GEO
9.32,9.32,9.305,9.31,2462,2021-11-17 15:30:00,GEO
9.31,9.35,9.305,9.3301,14548,2021-11-17 15:35:00,GEO
9.33,9.33,9.32,9.33,4505,2021-11-17 15:40:00,GEO
9.3315,9.34,9.33,9.33,2333,2021-11-17 15:45:00,GEO
9.325,9.34,9.325,9.34,1700,2021-11-17 15:50:00,GEO
9.34,9.355,9.34,9.3524,2826,2021-11-17 15:55:00,GEO
9.355,9.37,9.33,9.33,24094,2021-11-17 16:00:00,GEO
9.335,9.347,9.3299,9.34,8051,2021-11-17 16:05:00,GEO
9.35,9.35,9.3,9.3,32521,2021-11-17 16:10:00,GEO
9.3,9.3,9.27,9.28,21593,2021-11-17 16:15:00,GEO
9.2898,9.32,9.2898,9.3198,7782,2021-11-17 16:20:00,GEO
9.32,9.34,9.32,9.34,4874,2021-11-17 16:25:00,GEO
9.335,9.335,9.29,9.3004,10615,2021-11-17 16:30:00,GEO
9.3,9.3098,9.28,9.29,6556,2021-11-17 16:35:00,GEO
9.29,9.29,9.27,9.285,12692,2021-11-17 16:40:00,GEO
9.28,9.3,9.28,9.29,2719,2021-11-17 16:45:00,GEO
9.295,9.295,9.29,9.29,2262,2021-11-17 16:50:00,GEO
9.29,9.29,9.275,9.275,6080,2021-11-17 16:55:00,GEO
9.285,9.285,9.27,9.275,7817,2021-11-17 17:00:00,GEO
9.275,9.29,9.275,9.285,2339,2021-11-17 17:05:00,GEO
9.28,9.285,9.26,9.265,9261,2021-11-17 17:10:00,GEO
9.265,9.285,9.265,9.2801,7444,2021-11-17 17:15:00,GEO
9.29,9.295,9.28,9.285,2488,2021-11-17 17:20:00,GEO
9.28,9.285,9.2701,9.28,4961,2021-11-17 17:25:00,GEO
9.28,9.31,9.28,9.31,3547,2021-11-17 17:30:00,GEO
9.31,9.32,9.29,9.29,19706,2021-11-17 17:35:00,GEO
9.295,9.295,9.285,9.29,4356,2021-11-17 17:40:00,GEO
9.285,9.295,9.28,9.295,3941,2021-11-17 17:45:00,GEO
9.295,9.33,9.295,9.33,14919,2021-11-17 17:50:00,GEO
9.32,9.35,9.32,9.34,5535,2021-11-17 17:55:00,GEO
9.34,9.36,9.33,9.36,4498,2021-11-17 18:00:00,GEO
9.36,9.38,9.36,9.38,6046,2021-11-17 18:05:00,GEO
9.38,9.39,9.38,9.39,2200,2021-11-17 18:10:00,GEO
9.3871,9.3871,9.355,9.365,8267,2021-11-17 18:15:00,GEO
9.36,9.36,9.35,9.36,2635,2021-11-17 18:20:00,GEO
9.365,9.365,9.35,9.35,2694,2021-11-17 18:25:00,GEO
9.35,9.3683,9.35,9.3683,4387,2021-11-17 18:30:00,GEO
9.36,9.37,9.36,9.37,1100,2021-11-17 18:35:00,GEO
9.37,9.39,9.37,9.3716,8159,2021-11-17 18:40:00,GEO
9.375,9.385,9.375,9.38,3500,2021-11-17 18:45:00,GEO
9.375,9.375,9.37,9.375,2300,2021-11-17 18:50:00,GEO
9.375,9.435,9.375,9.435,6084,2021-11-17 18:55:00,GEO
9.44,9.44,9.42,9.43,9136,2021-11-17 19:00:00,GEO
9.4335,9.44,9.425,9.435,5300,2021-11-17 19:05:00,GEO
9.44,9.44,9.405,9.41,8944,2021-11-17 19:10:00,GEO
9.405,9.42,9.405,9.42,5933,2021-11-17 19:15:00,GEO
9.42,9.42,9.4,9.41,4801,2021-11-17 19:20:00,GEO
9.405,9.405,9.38,9.39,9551,2021-11-17 19:25:00,GEO
9.385,9.4,9.37,9.38,22657,2021-11-17 19:30:00,GEO
9.3796,9.41,9.3796,9.4,9947,2021-11-17 19:35:00,GEO
9.4,9.41,9.39,9.4,5226,2021-11-17 19:40:00,GEO
9.4,9.45,9.4,9.445,10274,2021-11-17 19:45:00,GEO
9.445,9.45,9.26,9.38,1029911,2021-11-17 19:50:00,GEO
9.375,9.43,9.375,9.4,18481,2021-11-17 19:55:00,GEO
9.39,9.39,9.36,9.365,18769,2021-11-17 20:00:00,GEO
9.365,9.405,9.36,9.395,14033,2021-11-17 20:05:00,GEO
9.4,9.41,9.37,9.39,17797,2021-11-17 20:10:00,GEO
9.39,9.4,9.38,9.385,39782,2021-11-17 20:15:00,GEO
9.41,9.44,9.38,9.41,61776,2021-11-17 20:20:00,GEO
9.41,9.43,9.36,9.36,78614,2021-11-17 20:25:00,GEO
9.365,9.385,9.34,9.385,37342,2021-11-17 20:30:00,GEO
9.39,9.41,9.3739,9.4,42071,2021-11-17 20:35:00,GEO
9.395,9.4,9.365,9.365,39112,2021-11-17 20:40:00,GEO
9.36,9.37,9.33,9.335,57106,2021-11-17 20:45:00,GEO
9.33,9.36,9.315,9.36,130578,2021-11-17 20:50:00,GEO
9.355,9.365,9.25,9.25,793500,2021-11-17 20:55:00,GEO
9.26,9.26,9.26,9.26,240129,2021-11-17 21:00:00,GEO
9.26,9.26,9.26,9.26,700,2021-11-17 21:10:00,GEO
9.26,9.26,9.26,9.26,100,2021-11-17 21:35:00,GEO
9.21,9.21,9.21,9.21,195,2021-11-17 23:05:00,GEO
9.21,9.21,9.21,9.21,120,2021-11-17 23:25:00,GEO
9.26,9.26,9.26,9.26,400,2021-11-18 12:00:00,GEO
9.21,9.21,9.21,9.21,400,2021-11-18 12:20:00,GEO
9.21,9.21,9.21,9.21,300,2021-11-18 12:30:00,GEO
9.23,9.23,9.23,9.23,100,2021-11-18 13:45:00,GEO
9.25,9.25,9.25,9.25,350,2021-11-18 14:25:00,GEO
9.29,9.29,9.18,9.19,57720,2021-11-18 14:30:00,GEO
9.195,9.22,9.15,9.2198,11936,2021-11-18 14:35:00,GEO
9.21,9.265,9.16,9.23,52025,2021-11-18 14:40:00,GEO
9.235,9.235,9.1,9.1408,28399,2021-11-18 14:45:00,GEO
9.145,9.1982,9.14,9.16,30988,2021-11-18 14:50:00,GEO
9.15,9.15,9.1,9.135,17186,2021-11-18 14:55:00,GEO
9.14,9.2,9.14,9.155,17016,2021-11-18 15:00:00,GEO
9.15,9.15,9.01,9.02,61866,2021-11-18 15:05:00,GEO
9.029,9.03,8.98,8.995,83118,2021-11-18 15:10:00,GEO
8.995,8.995,8.935,8.965,41318,2021-11-18 15:15:00,GEO
8.965,9.0,8.93,8.995,33433,2021-11-18 15:20:00,GEO
8.99,8.995,8.97,8.9824,17978,2021-11-18 15:25:00,GEO
8.985,8.995,8.965,8.98,12925,2021-11-18 15:30:00,GEO
8.99,9.0,8.95,8.95,26736,2021-11-18 15:35:00,GEO
8.95,8.96,8.905,8.935,75794,2021-11-18 15:40:00,GEO
8.935,8.935,8.92,8.92,16539,2021-11-18 15:45:00,GEO
8.925,8.97,8.92,8.97,28478,2021-11-18 15:50:00,GEO
8.9701,8.9701,8.932,8.9499,25460,2021-11-18 15:55:00,GEO
8.945,8.98,8.93,8.93,18822,2021-11-18 16:00:00,GEO
8.935,8.975,8.93,8.9709,11239,2021-11-18 16:05:00,GEO
8.98,8.985,8.965,8.97,12555,2021-11-18 16:10:00,GEO
8.975,8.975,8.95,8.95,11143,2021-11-18 16:15:00,GEO
8.955,8.9572,8.93,8.93,11721,2021-11-18 16:20:00,GEO
8.935,8.94,8.915,8.925,30233,2021-11-18 16:25:00,GEO
8.925,8.93,8.92,8.925,12586,2021-11-18 16:30:00,GEO
8.93,8.93,8.895,8.92,64358,2021-11-18 16:35:00,GEO
8.9184,8.9264,8.91,8.91,7925,2021-11-18 16:40:00,GEO
8.915,8.92,8.85,8.86,78945,2021-11-18 16:45:00,GEO
8.865,8.87,8.86,8.86,4479,2021-11-18 16:50:00,GEO
8.865,8.865,8.845,8.85,30098,2021-11-18 16:55:00,GEO
8.855,8.9,8.85,8.89,25644,2021-11-18 17:00:00,GEO
8.895,8.925,8.89,8.92,22616,2021-11-18 17:05:00,GEO
8.925,8.935,8.915,8.925,24403,2021-11-18 17:10:00,GEO
8.92,8.93,8.91,8.91,7066,2021-11-18 17:15:00,GEO
8.915,8.9163,8.91,8.91,9676,2021-11-18 17:20:00,GEO
8.915,8.92,8.9,8.9,11615,2021-11-18 17:25:00,GEO
8.905,8.91,8.89,8.89,7220,2021-11-18 17:30:00,GEO
8.895,8.8968,8.88,8.895,13578,2021-11-18 17:35:00,GEO
8.89,8.8991,8.89,8.89,4879,2021-11-18 17:40:00,GEO
8.895,8.9,8.885,8.894,16709,2021-11-18 17:45:00,GEO
8.895,8.9,8.88,8.885,11842,2021-11-18 17:50:00,GEO
8.89,8.9,8.885,8.9,10370,2021-11-18 17:55:00,GEO
8.9,8.915,8.89,8.91,16356,2021-11-18 18:00:00,GEO
8.915,8.935,8.915,8.9293,10994,2021-11-18 18:05:00,GEO
8.925,8.94,8.925,8.93,5895,2021-11-18 18:10:00,GEO
8.935,8.935,8.92,8.92,6979,2021-11-18 18:15:00,GEO
8.925,8.925,8.91,8.91,9400,2021-11-18 18:20:00,GEO
8.915,8.915,8.91,8.91,7650,2021-11-18 18:25:00,GEO
8.915,8.919,8.905,8.91,10645,2021-11-18 18:30:00,GEO
8.915,8.92,8.91,8.915,5000,2021-11-18 18:35:00,GEO
8.915,8.92,8.91,8.91,3114,2021-11-18 18:40:00,GEO
8.915,8.925,8.91,8.925,13460,2021-11-18 18:45:00,GEO
8.93,8.94,8.92,8.93,26151,2021-11-18 18:50:00,GEO
8.925,8.93,8.92,8.9284,3840,2021-11-18 18:55:00,GEO
8.93,8.94,8.92,8.93,21257,2021-11-18 19:00:00,GEO
8.925,8.93,8.91,8.91,10699,2021-11-18 19:05:00,GEO
8.91,8.91,8.88,8.88,13607,2021-11-18 19:10:00,GEO
8.89,8.9,8.885,8.89,17705,2021-11-18 19:15:00,GEO
8.895,8.9,8.875,8.89,78201,2021-11-18 19:20:00,GEO
8.895,8.895,8.88,8.88,12712,2021-11-18 19:25:00,GEO
8.885,8.8899,8.87,8.8899,24023,2021-11-18 19:30:00,GEO
8.885,8.89,8.87,8.87,12394,2021-11-18 19:35:00,GEO
8.87,8.88,8.87,8.875,9186,2021-11-18 19:40:00,GEO
8.8798,8.88,8.87,8.875,12310,2021-11-18 19:45:00,GEO
8.88,8.93,8.88,8.91,56987,2021-11-18 19:50:00,GEO
8.915,8.93,8.91,8.915,15384,2021-11-18 19:55:00,GEO
8.915,8.92,8.91,8.92,7800,2021-11-18 20:00:00,GEO
8.92,8.92,8.91,8.915,8170,2021-11-18 20:05:00,GEO
8.915,8.92,8.91,8.915,10860,2021-11-18 20:10:00,GEO
8.915,8.92,8.885,8.895,27177,2021-11-18 20:15:00,GEO
8.895,8.91,8.89,8.91,15109,2021-11-18 20:20:00,GEO
8.905,8.93,8.905,8.91,30008,2021-11-18 20:25:00,GEO
8.915,8.925,8.91,8.9204,24743,2021-11-18 20:30:00,GEO
8.925,8.98,8.9244,8.95,48552,2021-11-18 20:35:00,GEO
8.955,8.955,8.91,8.91,47441,2021-11-18 20:40:00,GEO
8.915,8.94,8.91,8.94,40283,2021-11-18 20:45:00,GEO
8.95,8.98,8.945,8.98,54993,2021-11-18 20:50:00,GEO
8.975,8.975,8.9,8.92,224299,2021-11-18 20:55:00,GEO
8.92,8.92,8.92,8.92,237101,2021-11-18 21:00:00,GEO
8.86,8.86,8.86,8.86,200,2021-11-18 22:10:00,GEO
8.9,8.9,8.9,8.9,100,2021-11-19 12:00:00,GEO
8.91,8.91,8.91,8.91,214,2021-11-19 12:15:00,GEO
8.86,8.86,8.86,8.86,100,2021-11-19 12:20:00,GEO
8.86,8.87,8.86,8.87,2025,2021-11-19 12:25:00,GEO
8.86,8.86,8.84,8.84,1675,2021-11-19 12:30:00,GEO
8.81,8.81,8.81,8.81,100,2021-11-19 12:55:00,GEO
8.81,8.81,8.81,8.81,500,2021-11-19 13:00:00,GEO
8.82,8.82,8.82,8.82,237,2021-11-19 13:50:00,GEO
8.81,8.83,8.81,8.83,317,2021-11-19 14:15:00,GEO
8.82,8.85,8.67,8.74,96950,2021-11-19 14:30:00,GEO
8.725,8.75,8.67,8.67,42948,2021-11-19 14:35:00,GEO
8.675,8.8,8.66,8.8,46218,2021-11-19 14:40:00,GEO
8.79,8.9,8.78,8.87,13463,2021-11-19 14:45:00,GEO
8.88,8.89,8.8232,8.83,18909,2021-11-19 14:50:00,GEO
8.84,8.85,8.79,8.81,18069,2021-11-19 14:55:00,GEO
8.81,8.81,8.77,8.78,19342,2021-11-19 15:00:00,GEO
8.7843,8.79,8.695,8.7,115176,2021-11-19 15:05:00,GEO
8.7003,8.78,8.7003,8.78,81261,2021-11-19 15:10:00,GEO
8.78,8.8,8.735,8.7632,30082,2021-11-19 15:15:00,GEO
8.765,8.78,8.73,8.78,30855,2021-11-19 15:20:00,GEO
8.775,8.78,8.745,8.78,49251,2021-11-19 15:25:00,GEO
8.79,8.86,8.785,8.86,25511,2021-11-19 15:30:00,GEO
8.86,8.88,8.85,8.85,8690,2021-11-19 15:35:00,GEO
8.84,8.86,8.83,8.85,15895,2021-11-19 15:40:00,GEO
8.855,8.87,8.805,8.82,29848,2021-11-19 15:45:00,GEO
8.825,8.83,8.81,8.81,4888,2021-11-19 15:50:00,GEO
8.82,8.82,8.775,8.785,12960,2021-11-19 15:55:00,GEO
8.78,8.79,8.78,8.78,2300,2021-11-19 16:00:00,GEO
8.785,8.785,8.77,8.7786,8056,2021-11-19 16:05:00,GEO
8.77,8.78,8.77,8.77,31833,2021-11-19 16:10:00,GEO
8.77,8.78,8.77,8.77,11622,2021-11-19 16:15:00,GEO
8.775,8.84,8.7703,8.805,53892,2021-11-19 16:20:00,GEO
8.8,8.84,8.8,8.825,32862,2021-11-19 16:25:00,GEO
8.825,8.83,8.8,8.81,12248,2021-11-19 16:30:00,GEO
8.8,8.81,8.79,8.79,6828,2021-11-19 16:35:00,GEO
8.79,8.795,8.755,8.775,71225,2021-11-19 16:40:00,GEO
8.77,8.77,8.74,8.74,28422,2021-11-19 16:45:00,GEO
8.74,8.75,8.72,8.735,22372,2021-11-19 16:50:00,GEO
8.7399,8.7399,8.715,8.725,7944,2021-11-19 16:55:00,GEO
8.73,8.77,8.7201,8.765,14699,2021-11-19 17:00:00,GEO
8.7698,8.82,8.76,8.8,28158,2021-11-19 17:05:00,GEO
8.805,8.87,8.8,8.86,16439,2021-11-19 17:10:00,GEO
8.85,8.8617,8.85,8.8601,10522,2021-11-19 17:15:00,GEO
8.855,8.855,8.85,8.85,2267,2021-11-19 17:20:00,GEO
8.85,8.85,8.84,8.85,1700,2021-11-19 17:25:00,GEO
8.845,8.87,8.845,8.865,19221,2021-11-19 17:30:00,GEO
8.87,8.87,8.8601,8.865,1401,2021-11-19 17:35:00,GEO
8.865,8.87,8.83,8.84,13987,2021-11-19 17:40:00,GEO
8.8436,8.85,8.8398,8.8398,4738,2021-11-19 17:45:00,GEO
8.83,8.84,8.83,8.83,1300,2021-11-19 17:50:00,GEO
8.83,8.86,8.83,8.85,15901,2021-11-19 17:55:00,GEO
8.855,8.86,8.85,8.85,2801,2021-11-19 18:00:00,GEO
8.85,8.9,8.85,8.9,19875,2021-11-19 18:05:00,GEO
8.8915,8.935,8.8915,8.925,8329,2021-11-19 18:10:00,GEO
8.92,8.92,8.88,8.89,43877,2021-11-19 18:15:00,GEO
8.88,8.89,8.875,8.885,23764,2021-11-19 18:20:00,GEO
8.88,8.89,8.88,8.88,4816,2021-11-19 18:25:00,GEO
8.885,8.89,8.88,8.89,8898,2021-11-19 18:30:00,GEO
8.88,8.88,8.81,8.81,18232,2021-11-19 18:35:00,GEO
8.81,8.815,8.79,8.815,9613,2021-11-19 18:40:00,GEO
8.815,8.815,8.79,8.795,17008,2021-11-19 18:45:00,GEO
8.79,8.79,8.78,8.78,4167,2021-11-19 18:50:00,GEO
8.785,8.795,8.78,8.79,8132,2021-11-19 18:55:00,GEO
8.79,8.84,8.79,8.835,9606,2021-11-19 19:00:00,GEO
8.835,8.87,8.825,8.87,11446,2021-11-19 19:05:00,GEO
8.875,8.88,8.86,8.87,10169,2021-11-19 19:10:00,GEO
8.875,8.88,8.875,8.875,1000,2021-11-19 19:15:00,GEO
8.875,8.88,8.865,8.8698,8738,2021-11-19 19:20:00,GEO
8.86,8.89,8.85,8.85,17297,2021-11-19 19:25:00,GEO
8.855,8.86,8.845,8.845,2683,2021-11-19 19:30:00,GEO
8.84,8.87,8.84,8.865,13062,2021-11-19 19:35:00,GEO
8.86,8.865,8.84,8.84,5984,2021-11-19 19:40:00,GEO
8.845,8.85,8.84,8.845,4113,2021-11-19 19:45:00,GEO
8.84,8.86,8.84,8.855,14137,2021-11-19 19:50:00,GEO
8.85,8.85,8.83,8.83,13792,2021-11-19 19:55:00,GEO
8.835,8.84,8.82,8.8233,16312,2021-11-19 20:00:00,GEO
8.82,8.84,8.82,8.82,24363,2021-11-19 20:05:00,GEO
8.825,8.825,8.805,8.8229,30257,2021-11-19 20:10:00,GEO
8.8259,8.8259,8.81,8.81,9231,2021-11-19 20:15:00,GEO
8.81,8.84,8.81,8.835,19122,2021-11-19 20:20:00,GEO
8.83,8.84,8.83,8.83,6300,2021-11-19 20:25:00,GEO
8.835,8.86,8.83,8.85,48596,2021-11-19 20:30:00,GEO
8.855,8.86,8.81,8.81,45137,2021-11-19 20:35:00,GEO
8.81,8.82,8.795,8.81,31951,2021-11-19 20:40:00,GEO
8.815,8.87,8.805,8.865,252659,2021-11-19 20:45:00,GEO
8.87,8.89,8.85,8.88,63154,2021-11-19 20:50:00,GEO
8.885,8.9,8.84,8.84,203831,2021-11-19 20:55:00,GEO
8.84,8.84,8.84,8.84,104530,2021-11-19 21:00:00,GEO
8.93,8.93,8.93,8.93,650,2021-11-22 12:15:00,GEO
8.92,8.92,8.81,8.81,500,2021-11-22 12:25:00,GEO
8.86,8.86,8.86,8.86,333,2021-11-22 13:20:00,GEO
8.83,8.84,8.83,8.84,530,2021-11-22 14:05:00,GEO
8.85,8.85,8.85,8.85,400,2021-11-22 14:20:00,GEO
8.92,8.93,8.82,8.84,37166,2021-11-22 14:30:00,GEO
8.8301,8.92,8.8301,8.9101,6820,2021-11-22 14:35:00,GEO
8.91,9.02,8.89,8.99,42851,2021-11-22 14:40:00,GEO
8.98,9.07,8.975,9.06,28644,2021-11-22 14:45:00,GEO
9.065,9.08,9.05,9.05,30539,2021-11-22 14:50:00,GEO
9.0495,9.06,9.02,9.025,15889,2021-11-22 14:55:00,GEO
9.0209,9.06,9.0209,9.045,19408,2021-11-22 15:00:00,GEO
9.045,9.05,9.025,9.045,18366,2021-11-22 15:05:00,GEO
9.045,9.045,9.02,9.02,35778,2021-11-22 15:10:00,GEO
9.015,9.11,9.015,9.085,22017,2021-11-22 15:15:00,GEO
9.085,9.1,9.07,9.07,13746,2021-11-22 15:20:00,GEO
9.07,9.07,9.02,9.03,9401,2021-11-22 15:25:00,GEO
9.04,9.08,9.04,9.052,18003,2021-11-22 15:30:00,GEO
9.06,9.08,9.06,9.07,28066,2021-11-22 15:35:00,GEO
9.07,9.07,9.06,9.065,9103,2021-11-22 15:40:00,GEO
9.07,9.075,9.06,9.065,20129,2021-11-22 15:45:00,GEO
9.06,9.07,9.03,9.065,49236,2021-11-22 15:50:00,GEO
9.065,9.0765,9.0631,9.065,15601,2021-11-22 15:55:00,GEO
9.07,9.08,9.07,9.0745,12696,2021-11-22 16:00:00,GEO
9.075,9.075,9.045,9.045,15074,2021-11-22 16:05:00,GEO
9.05,9.09,9.05,9.07,34983,2021-11-22 16:10:00,GEO
9.07,9.075,9.07,9.07,5418,2021-11-22 16:15:00,GEO
9.07,9.11,9.07,9.1,35791,2021-11-22 16:20:00,GEO
9.1,9.1364,9.091,9.1364,6727,2021-11-22 16:25:00,GEO
9.135,9.14,9.11,9.11,7343,2021-11-22 16:30:00,GEO
9.12,9.155,9.12,9.14,18521,2021-11-22 16:35:00,GEO
9.14,9.15,9.14,9.15,10662,2021-11-22 16:40:00,GEO
9.1523,9.18,9.13,9.17,12243,2021-11-22 16:45:00,GEO
9.175,9.175,9.15,9.1584,9772,2021-11-22 16:50:00,GEO
9.15,9.15,9.09,9.11,23414,2021-11-22 16:55:00,GEO
9.11,9.14,9.1,9.14,13008,2021-11-22 17:00:00,GEO
9.14,9.1441,9.115,9.12,5961,2021-11-22 17:05:00,GEO
9.13,9.14,9.12,9.13,7283,2021-11-22 17:10:00,GEO
9.14,9.14,9.12,9.12,9257,2021-11-22 17:15:00,GEO
9.13,9.13,9.12,9.12,4261,2021-11-22 17:20:00,GEO
9.125,9.1308,9.12,9.12,4943,2021-11-22 17:25:00,GEO
9.1282,9.14,9.1282,9.1365,5904,2021-11-22 17:30:00,GEO
9.13,9.14,9.13,9.1383,4400,2021-11-22 17:35:00,GEO
9.135,9.1378,9.135,9.135,2019,2021-11-22 17:40:00,GEO
9.1381,9.14,9.09,9.1,20460,2021-11-22 17:45:00,GEO
9.1,9.1,9.083,9.083,6656,2021-11-22 17:50:00,GEO
9.085,9.1,9.075,9.1,10821,2021-11-22 17:55:00,GEO
9.1,9.12,9.1,9.12,7247,2021-11-22 18:00:00,GEO
9.12,9.12,9.1,9.105,6601,2021-11-22 18:05:00,GEO
9.105,9.11,9.105,9.11,9770,2021-11-22 18:10:00,GEO
9.12,9.13,9.1,9.13,12643,2021-11-22 18:15:00,GEO
9.135,9.1372,9.125,9.1301,4326,2021-11-22 18:20:00,GEO
9.135,9.136,9.125,9.125,4210,2021-11-22 18:25:00,GEO
9.13,9.13,9.11,9.13,13055,2021-11-22 18:30:00,GEO
9.125,9.125,9.115,9.115,3611,2021-11-22 18:35:00,GEO
9.11,9.13,9.11,9.13,2802,2021-11-22 18:40:00,GEO
9.12,9.13,9.12,9.125,4789,2021-11-22 18:45:00,GEO
9.123,9.14,9.12,9.135,4963,2021-11-22 18:50:00,GEO
9.14,9.14,9.133,9.14,5409,2021-11-22 18:55:00,GEO
9.15,9.15,9.135,9.135,28396,2021-11-22 19:00:00,GEO
9.14,9.14,9.115,9.12,14621,2021-11-22 19:05:00,GEO
9.1224,9.125,9.105,9.11,10307,2021-11-22 19:10:00,GEO
9.11,9.113,9.1,9.11,4540,2021-11-22 19:15:00,GEO
9.115,9.13,9.115,9.125,6503,2021-11-22 19:20:00,GEO
9.12,9.13,9.115,9.12,10868,2021-11-22 19:25:00,GEO
9.1129,9.13,9.1129,9.12,7839,2021-11-22 19:30:00,GEO
9.12,9.14,9.115,9.135,12152,2021-11-22 19:35:00,GEO
9.14,9.16,9.13,9.16,21648,2021-11-22 19:40:00,GEO
9.16,9.16,9.1404,9.145,9348,2021-11-22 19:45:00,GEO
9.145,9.16,9.145,9.16,5925,2021-11-22 19:50:00,GEO
9.16,9.19,9.16,9.186,28542,2021-11-22 19:55:00,GEO
9.1834,9.1836,9.165,9.1836,17884,2021-11-22 20:00:00,GEO
9.18,9.18,9.16,9.165,7886,2021-11-22 20:05:00,GEO
9.165,9.175,9.165,9.17,2040,2021-11-22 20:10:00,GEO
9.1727,9.175,9.16,9.16,7863,2021-11-22 20:15:00,GEO
9.15,9.16,9.15,9.16,1950,2021-11-22 20:20:00,GEO
9.155,9.19,9.155,9.19,13543,2021-11-22 20:25:00,GEO
9.1878,9.19,9.16,9.17,25929,2021-11-22 20:30:00,GEO
9.165,9.17,9.15,9.165,11428,2021-11-22 20:35:00,GEO
9.17,9.175,9.15,9.155,13191,2021-11-22 20:40:00,GEO
9.155,9.1759,9.15,9.165,11484,2021-11-22 20:45:00,GEO
9.17,9.18,9.11,9.115,60311,2021-11-22 20:50:00,GEO
9.11,9.12,9.08,9.09,93576,2021-11-22 20:55:00,GEO
9.08,9.08,9.08,9.08,105601,2021-11-22 21:00:00,GEO
9.0997,9.0997,9.0,9.0,600,2021-11-22 21:10:00,GEO
9.05,9.05,9.05,9.05,100,2021-11-22 22:45:00,GEO
9.13,9.13,9.13,9.13,130,2021-11-23 00:45:00,GEO
9.39,9.39,9.27,9.27,1290,2021-11-23 11:45:00,GEO
9.02,9.02,9.02,9.02,100,2021-11-23 12:20:00,GEO
9.13,9.13,9.13,9.13,500,2021-11-23 13:50:00,GEO
9.14,9.14,9.14,9.14,100,2021-11-23 13:55:00,GEO
9.12,9.12,9.1,9.1,600,2021-11-23 14:15:00,GEO
9.09,9.1,9.09,9.1,1800,2021-11-23 14:25:00,GEO
9.15,9.15,9.05,9.11,45264,2021-11-23 14:30:00,GEO
9.09,9.09,8.99,9.04,26029,2021-11-23 14:35:00,GEO
9.04,9.06,9.035,9.05,11404,2021-11-23 14:40:00,GEO
9.0699,9.12,9.0699,9.1,8566,2021-11-23 14:45:00,GEO
9.085,9.09,9.055,9.065,26506,2021-11-23 14:50:00,GEO
9.07,9.075,9.03,9.03,36931,2021-11-23 14:55:00,GEO
9.02,9.07,9.005,9.07,13974,2021-11-23 15:00:00,GEO
9.07,9.0775,9.03,9.04,11556,2021-11-23 15:05:00,GEO
9.04,9.05,9.01,9.03,13318,2021-11-23 15:10:00,GEO
9.03,9.06,9.03,9.041,5711,2021-11-23 15:15:00,GEO
9.045,9.06,9.04,9.055,5377,2021-11-23 15:20:00,GEO
9.055,9.06,9.03,9.0337,22306,2021-11-23 15:25:00,GEO
9.035,9.08,9.03,9.0602,13521,2021-11-23 15:30:00,GEO
9.06,9.07,9.03,9.035,8963,2021-11-23 15:35:00,GEO
9.035,9.07,9.035,9.07,10403,2021-11-23 15:40:00,GEO
9.07,9.08,9.06,9.075,18673,2021-11-23 15:45:00,GEO
9.07,9.08,9.062,9.07,14819,2021-11-23 15:50:00,GEO
9.07,9.08,9.06,9.08,16910,2021-11-23 15:55:00,GEO
9.075,9.075,9.035,9.0498,13174,2021-11-23 16:00:00,GEO
9.05,9.06,9.04,9.05,5723,2021-11-23 16:05:00,GEO
9.05,9.06,9.05,9.05,9720,2021-11-23 16:10:00,GEO
9.05,9.075,9.05,9.0736,9562,2021-11-23 16:15:00,GEO
9.075,9.08,9.06,9.0686,23224,2021-11-23 16:20:00,GEO
9.07,9.09,9.065,9.09,3706,2021-11-23 16:25:00,GEO
9.09,9.105,9.07,9.08,25587,2021-11-23 16:30:00,GEO
9.09,9.09,9.085,9.085,800,2021-11-23 16:35:00,GEO
9.085,9.1,9.0823,9.1,5291,2021-11-23 16:40:00,GEO
9.11,9.13,9.105,9.115,10561,2021-11-23 16:45:00,GEO
9.115,9.13,9.115,9.12,22994,2021-11-23 16:50:00,GEO
9.125,9.13,9.12,9.13,2925,2021-11-23 16:55:00,GEO
9.13,9.15,9.125,9.125,14765,2021-11-23 17:00:00,GEO
9.12,9.13,9.12,9.125,5494,2021-11-23 17:05:00,GEO
9.13,9.13,9.125,9.125,2420,2021-11-23 17:10:00,GEO
9.1201,9.1201,9.1,9.115,38553,2021-11-23 17:15:00,GEO
9.115,9.145,9.115,9.145,13143,2021-11-23 17:20:00,GEO
9.145,9.15,9.135,9.135,39883,2021-11-23 17:25:00,GEO
9.135,9.135,9.135,9.135,600,2021-11-23 17:30:00,GEO
9.13,9.135,9.12,9.12,5593,2021-11-23 17:35:00,GEO
9.125,9.13,9.115,9.125,12445,2021-11-23 17:40:00,GEO
9.13,9.13,9.115,9.115,6848,2021-11-23 17:45:00,GEO
9.115,9.118,9.11,9.11,1418,2021-11-23 17:50:00,GEO
9.11,9.11,9.1039,9.105,6493,2021-11-23 17:55:00,GEO
9.11,9.125,9.11,9.1222,7506,2021-11-23 18:00:00,GEO
9.125,9.13,9.095,9.095,16656,2021-11-23 18:05:00,GEO
9.0906,9.095,9.055,9.06,24430,2021-11-23 18:10:00,GEO
9.065,9.07,9.065,9.065,2627,2021-11-23 18:15:00,GEO
9.065,9.08,9.065,9.07,5043,2021-11-23 18:20:00,GEO
9.0667,9.08,9.065,9.08,2613,2021-11-23 18:25:00,GEO
9.08,9.1,9.075,9.1,5727,2021-11-23 18:30:00,GEO
9.1,9.12,9.095,9.12,4099,2021-11-23 18:35:00,GEO
9.11,9.12,9.1,9.104,6205,2021-11-23 18:40:00,GEO
9.1026,9.12,9.1001,9.12,4775,2021-11-23 18:45:00,GEO
9.12,9.12,9.11,9.115,5178,2021-11-23 18:50:00,GEO
9.12,9.125,9.1,9.105,15258,2021-11-23 18:55:00,GEO
9.1075,9.11,9.1,9.11,16966,2021-11-23 19:00:00,GEO
9.11,9.13,9.11,9.125,8200,2021-11-23 19:05:00,GEO
9.125,9.135,9.1242,9.125,10825,2021-11-23 19:10:00,GEO
9.1267,9.1267,9.095,9.095,11731,2021-11-23 19:15:00,GEO
9.0928,9.0928,9.08,9.08,5917,2021-11-23 19:20:00,GEO
9.09,9.1,9.085,9.095,3355,2021-11-23 19:25:00,GEO
9.095,9.095,9.07,9.07,8078,2021-11-23 19:30:00,GEO
9.075,9.105,9.075,9.09,9963,2021-11-23 19:35:00,GEO
9.09,9.0962,9.09,9.095,1181,2021-11-23 19:40:00,GEO
9.09,9.095,9.09,9.09,2274,2021-11-23 19:45:00,GEO
9.09,9.11,9.08,9.11,11944,2021-11-23 19:50:00,GEO
9.115,9.12,9.105,9.105,5998,2021-11-23 19:55:00,GEO
9.11,9.13,9.105,9.12,11446,2021-11-23 20:00:00,GEO
9.115,9.115,9.1,9.1,8566,2021-11-23 20:05:00,GEO
9.105,9.105,9.09,9.095,6745,2021-11-23 20:10:00,GEO
9.095,9.1,9.09,9.095,5000,2021-11-23 20:15:00,GEO
9.095,9.125,9.09,9.12,20098,2021-11-23 20:20:00,GEO
9.12,9.12,9.11,9.115,2950,2021-11-23 20:25:00,GEO
9.12,9.12,9.09,9.09,14999,2021-11-23 20:30:00,GEO
9.095,9.095,9.08,9.09,15046,2021-11-23 20:35:00,GEO
9.09,9.1,9.085,9.0937,10022,2021-11-23 20:40:00,GEO
9.095,9.11,9.09,9.11,6701,2021-11-23 20:45:00,GEO
9.105,9.13,9.1,9.125,26593,2021-11-23 20:50:00,GEO
9.125,9.1299,9.06,9.06,158796,2021-11-23 20:55:00,GEO
9.06,9.06,9.06,9.06,179947,2021-11-23 21:00:00,GEO
9.08,9.08,9.08,9.08,100,2021-11-23 22:05:00,GEO
9.08,9.08,9.08,9.08,241,2021-11-24 12:10:00,GEO
9.06,9.06,9.06,9.06,100,2021-11-24 13:50:00,GEO
9.0,9.0,9.0,9.0,100,2021-11-24 14:10:00,GEO
9.0,9.0,9.0,9.0,200,2021-11-24 14:20:00,GEO
9.03,9.1,9.02,9.03,35196,2021-11-24 14:30:00,GEO
9.03,9.05,8.99,9.05,21255,2021-11-24 14:35:00,GEO
9.05,9.05,9.01,9.05,12643,2021-11-24 14:40:00,GEO
9.06,9.13,9.06,9.1,15997,2021-11-24 14:45:00,GEO
9.07,9.07,9.02,9.03,11174,2021-11-24 14:50:00,GEO
9.04,9.04,9.02,9.03,6344,2021-11-24 14:55:00,GEO
9.03,9.03,8.99,9.01,3142,2021-11-24 15:00:00,GEO
8.998,9.05,8.998,9.03,8127,2021-11-24 15:05:00,GEO
9.025,9.05,9.025,9.05,5471,2021-11-24 15:10:00,GEO
9.05,9.05,9.045,9.045,2100,2021-11-24 15:15:00,GEO
9.05,9.07,9.025,9.025,13988,2021-11-24 15:20:00,GEO
9.025,9.03,9.0122,9.02,8182,2021-11-24 15:25:00,GEO
9.02,9.02,9.0,9.003,1400,2021-11-24 15:30:00,GEO
9.0,9.0,8.948,8.95,21692,2021-11-24 15:35:00,GEO
8.955,8.955,8.92,8.93,20511,2021-11-24 15:40:00,GEO
8.93,8.98,8.93,8.98,12662,2021-11-24 15:45:00,GEO
8.99,9.01,8.96,8.96,10041,2021-11-24 15:50:00,GEO
8.955,8.96,8.955,8.96,721,2021-11-24 15:55:00,GEO
8.96,8.969,8.9581,8.9607,4890,2021-11-24 16:00:00,GEO
8.965,8.975,8.965,8.975,3241,2021-11-24 16:05:00,GEO
8.98,8.98,8.9658,8.9658,6958,2021-11-24 16:10:00,GEO
8.97,8.97,8.97,8.97,1303,2021-11-24 16:15:00,GEO
8.975,8.975,8.968,8.968,2321,2021-11-24 16:20:00,GEO
8.96,8.96,8.94,8.947,6306,2021-11-24 16:25:00,GEO
8.95,8.95,8.931,8.935,8361,2021-11-24 16:30:00,GEO
8.94,8.945,8.94,8.945,2808,2021-11-24 16:35:00,GEO
8.95,8.9505,8.935,8.94,7667,2021-11-24 16:40:00,GEO
8.95,8.95,8.935,8.94,6548,2021-11-24 16:45:00,GEO
8.94,8.94,8.92,8.92,7724,2021-11-24 16:50:00,GEO
8.9104,8.92,8.905,8.91,5128,2021-11-24 16:55:00,GEO
8.905,8.905,8.88,8.88,8958,2021-11-24 17:00:00,GEO
8.875,8.88,8.86,8.87,3387,2021-11-24 17:05:00,GEO
8.86,8.865,8.86,8.865,6600,2021-11-24 17:10:00,GEO
8.86,8.865,8.84,8.84,11163,2021-11-24 17:15:00,GEO
8.84,8.84,8.81,8.84,30550,2021-11-24 17:20:00,GEO
8.839,8.85,8.839,8.845,4302,2021-11-24 17:25:00,GEO
8.86,8.89,8.86,8.89,12456,2021-11-24 17:30:00,GEO
8.885,8.89,8.875,8.875,3903,2021-11-24 17:35:00,GEO
8.87,8.89,8.865,8.885,7107,2021-11-24 17:40:00,GEO
8.885,8.899,8.885,8.899,6158,2021-11-24 17:45:00,GEO
8.895,8.895,8.88,8.8836,3191,2021-11-24 17:50:00,GEO
8.89,8.8901,8.87,8.8901,25252,2021-11-24 17:55:00,GEO
8.8901,8.8999,8.89,8.89,2500,2021-11-24 18:00:00,GEO
8.895,8.9,8.89,8.89,4804,2021-11-24 18:05:00,GEO
8.895,8.905,8.89,8.905,4859,2021-11-24 18:10:00,GEO
8.905,8.915,8.9,8.91,4216,2021-11-24 18:15:00,GEO
8.91,8.915,8.91,8.915,500,2021-11-24 18:20:00,GEO
8.919,8.9298,8.915,8.92,7433,2021-11-24 18:25:00,GEO
8.92,8.93,8.92,8.93,6050,2021-11-24 18:30:00,GEO
8.92,8.925,8.915,8.925,5724,2021-11-24 18:35:00,GEO
8.925,8.925,8.92,8.925,800,2021-11-24 18:40:00,GEO
8.92,8.9291,8.92,8.92,600,2021-11-24 18:45:00,GEO
8.92,8.94,8.92,8.94,3495,2021-11-24 18:50:00,GEO
8.93,8.93,8.92,8.925,2328,2021-11-24 18:55:00,GEO
8.93,8.94,8.925,8.925,4651,2021-11-24 19:00:00,GEO
8.93,8.935,8.915,8.915,6752,2021-11-24 19:05:00,GEO
8.91,8.91,8.9,8.905,8111,2021-11-24 19:10:00,GEO
8.905,8.91,8.905,8.905,1224,2021-11-24 19:15:00,GEO
8.9,8.905,8.9,8.905,5900,2021-11-24 19:20:00,GEO
8.905,8.9063,8.885,8.9,10635,2021-11-24 19:25:00,GEO
8.91,8.94,8.905,8.935,5643,2021-11-24 19:30:00,GEO
8.935,8.95,8.93,8.95,8304,2021-11-24 19:35:00,GEO
8.945,8.96,8.94,8.955,9272,2021-11-24 19:40:00,GEO
8.951,8.97,8.951,8.96,12742,2021-11-24 19:45:00,GEO
8.955,8.96,8.95,8.96,1067,2021-11-24 19:50:00,GEO
8.95,8.959,8.945,8.945,4232,2021-11-24 19:55:00,GEO
8.94,8.945,8.935,8.945,6683,2021-11-24 20:00:00,GEO
8.95,8.96,8.94,8.955,3261,2021-11-24 20:05:00,GEO
8.955,8.96,8.945,8.96,7315,2021-11-24 20:10:00,GEO
8.968,8.97,8.96,8.965,7076,2021-11-24 20:15:00,GEO
8.96,8.965,8.955,8.96,6800,2021-11-24 20:20:00,GEO
8.955,8.965,8.95,8.965,3695,2021-11-24 20:25:00,GEO
8.965,8.965,8.95,8.95,3800,2021-11-24 20:30:00,GEO
8.951,8.96,8.95,8.96,7345,2021-11-24 20:35:00,GEO
8.955,8.959,8.92,8.945,33920,2021-11-24 20:40:00,GEO
8.945,8.95,8.935,8.945,11487,2021-11-24 20:45:00,GEO
8.94,8.95,8.925,8.93,26862,2021-11-24 20:50:00,GEO
8.925,8.93,8.88,8.89,79974,2021-11-24 20:55:00,GEO
8.89,8.89,8.89,8.89,72011,2021-11-24 21:00:00,GEO
8.97,8.97,8.97,8.97,500,2021-11-25 00:30:00,GEO
8.75,8.75,8.75,8.75,500,2021-11-26 09:00:00,GEO
8.77,8.77,8.77,8.77,200,2021-11-26 09:05:00,GEO
8.75,8.75,8.75,8.75,500,2021-11-26 09:10:00,GEO
8.75,8.75,8.75,8.75,200,2021-11-26 09:20:00,GEO
8.61,8.61,8.56,8.56,750,2021-11-26 10:50:00,GEO
8.69,8.69,8.69,8.69,100,2021-11-26 11:05:00,GEO
8.69,8.69,8.69,8.69,105,2021-11-26 11:20:00,GEO
8.71,8.71,8.71,8.71,500,2021-11-26 12:00:00,GEO
8.66,8.66,8.65,8.65,300,2021-11-26 12:10:00,GEO
8.6,8.6,8.6,8.6,100,2021-11-26 12:50:00,GEO
8.61,8.61,8.6,8.6,300,2021-11-26 12:55:00,GEO
8.63,8.63,8.63,8.63,100,2021-11-26 13:05:00,GEO
8.63,8.63,8.63,8.63,200,2021-11-26 13:15:00,GEO
8.64,8.65,8.64,8.65,722,2021-11-26 13:20:00,GEO
8.66,8.66,8.66,8.66,543,2021-11-26 13:35:00,GEO
8.65,8.65,8.64,8.65,349,2021-11-26 13:50:00,GEO
8.66,8.73,8.66,8.73,1244,2021-11-26 14:00:00,GEO
8.73,8.73,8.72,8.72,200,2021-11-26 14:20:00,GEO
8.71,8.71,8.64,8.64,12296,2021-11-26 14:25:00,GEO
8.66,8.66,8.46,8.4765,88585,2021-11-26 14:30:00,GEO
8.5,8.57,8.47,8.5199,24699,2021-11-26 14:35:00,GEO
8.52,8.59,8.48,8.55,53885,2021-11-26 14:40:00,GEO
8.55,8.55,8.5,8.5,28864,2021-11-26 14:45:00,GEO
8.51,8.51,8.44,8.44,35232,2021-11-26 14:50:00,GEO
8.44,8.445,8.375,8.39,62274,2021-11-26 14:55:00,GEO
8.39,8.4199,8.36,8.395,53930,2021-11-26 15:00:00,GEO
8.39,8.39,8.31,8.325,57604,2021-11-26 15:05:00,GEO
8.32,8.34,8.295,8.31,35249,2021-11-26 15:10:00,GEO
8.32,8.325,8.28,8.3,73646,2021-11-26 15:15:00,GEO
8.3,8.325,8.29,8.32,50919,2021-11-26 15:20:00,GEO
8.32,8.32,8.28,8.3101,28167,2021-11-26 15:25:00,GEO
8.315,8.33,8.25,8.252,40437,2021-11-26 15:30:00,GEO
8.255,8.29,8.23,8.29,36761,2021-11-26 15:35:00,GEO
8.28,8.365,8.27,8.32,44859,2021-11-26 15:40:00,GEO
8.32,8.345,8.31,8.34,23384,2021-11-26 15:45:00,GEO
8.36,8.365,8.32,8.35,9885,2021-11-26 15:50:00,GEO
8.35,8.35,8.3,8.305,6886,2021-11-26 15:55:00,GEO
8.3,8.305,8.25,8.26,30947,2021-11-26 16:00:00,GEO
8.255,8.29,8.25,8.29,12773,2021-11-26 16:05:00,GEO
8.295,8.295,8.25,8.27,12728,2021-11-26 16:10:00,GEO
8.275,8.2777,8.23,8.235,15188,2021-11-26 16:15:00,GEO
8.235,8.235,8.22,8.225,19604,2021-11-26 16:20:00,GEO
8.23,8.235,8.21,8.225,28951,2021-11-26 16:25:00,GEO
8.23,8.27,8.22,8.22,27610,2021-11-26 16:30:00,GEO
8.22,8.26,8.215,8.25,21156,2021-11-26 16:35:00,GEO
8.25,8.25,8.21,8.21,16336,2021-11-26 16:40:00,GEO
8.215,8.215,8.16,8.165,43218,2021-11-26 16:45:00,GEO
8.16,8.16,8.125,8.13,30983,2021-11-26 16:50:00,GEO
8.13,8.19,8.125,8.1885,19411,2021-11-26 16:55:00,GEO
8.185,8.2386,8.185,8.23,21811,2021-11-26 17:00:00,GEO
8.24,8.28,8.235,8.28,12574,2021-11-26 17:05:00,GEO
8.28,8.3,8.27,8.275,25032,2021-11-26 17:10:00,GEO
8.275,8.3,8.265,8.29,18180,2021-11-26 17:15:00,GEO
8.295,8.295,8.26,8.2699,22038,2021-11-26 17:20:00,GEO
8.27,8.33,8.265,8.31,44168,2021-11-26 17:25:00,GEO
8.31,8.32,8.2913,8.315,24451,2021-11-26 17:30:00,GEO
8.3176,8.35,8.29,8.32,93234,2021-11-26 17:35:00,GEO
8.32,8.33,8.295,8.3098,49432,2021-11-26 17:40:00,GEO
8.305,8.35,8.305,8.35,22274,2021-11-26 17:45:00,GEO
8.34,8.37,8.32,8.3673,36207,2021-11-26 17:50:00,GEO
8.36,8.4,8.36,8.36,77784,2021-11-26 17:55:00,GEO
8.38,8.38,8.38,8.38,175805,2021-11-26 18:00:00,GEO
8.44,8.44,8.44,8.44,377,2021-11-26 20:45:00,GEO
8.4,8.4,8.4,8.4,113,2021-11-29 10:30:00,GEO
8.38,8.38,8.38,8.38,115,2021-11-29 12:00:00,GEO
8.48,8.48,8.48,8.48,100,2021-11-29 13:25:00,GEO
8.48,8.48,8.48,8.48,200,2021-11-29 13:30:00,GEO
8.46,8.46,8.46,8.46,200,2021-11-29 13:35:00,GEO
8.47,8.47,8.47,8.47,5000,2021-11-29 13:55:00,GEO
8.48,8.49,8.48,8.49,2100,2021-11-29 14:00:00,GEO
8.51,8.53,8.51,8.53,528,2021-11-29 14:05:00,GEO
8.54,8.55,8.53,8.55,937,2021-11-29 14:10:00,GEO
8.56,8.59,8.56,8.59,1415,2021-11-29 14:15:00,GEO
8.65,8.65,8.65,8.65,100,2021-11-29 14:20:00,GEO
8.54,8.58,8.45,8.52,65560,2021-11-29 14:30:00,GEO
8.52,8.55,8.4638,8.465,59970,2021-11-29 14:35:00,GEO
8.46,8.47,8.4,8.4,49436,2021-11-29 14:40:00,GEO
8.4,8.5099,8.365,8.49,32795,2021-11-29 14:45:00,GEO
8.49,8.495,8.43,8.435,10892,2021-11-29 14:50:00,GEO
8.43,8.4999,8.43,8.4999,17146,2021-11-29 14:55:00,GEO
8.49,8.54,8.49,8.535,11269,2021-11-29 15:00:00,GEO
8.54,8.58,8.54,8.5737,18157,2021-11-29 15:05:00,GEO
8.575,8.59,8.53,8.53,29342,2021-11-29 15:10:00,GEO
8.52,8.555,8.5199,8.55,19621,2021-11-29 15:15:00,GEO
8.555,8.56,8.525,8.525,17676,2021-11-29 15:20:00,GEO
8.52,8.52,8.45,8.47,31042,2021-11-29 15:25:00,GEO
8.47,8.47,8.41,8.41,28268,2021-11-29 15:30:00,GEO
8.41,8.415,8.38,8.38,18396,2021-11-29 15:35:00,GEO
8.38,8.38,8.31,8.31,50618,2021-11-29 15:40:00,GEO
8.32,8.4,8.32,8.36,140098,2021-11-29 15:45:00,GEO
8.36,8.39,8.345,8.375,25684,2021-11-29 15:50:00,GEO
8.39,8.4,8.37,8.4,10638,2021-11-29 15:55:00,GEO
8.4,8.41,8.4,8.41,7294,2021-11-29 16:00:00,GEO
8.41,8.43,8.405,8.42,6384,2021-11-29 16:05:00,GEO
8.42,8.44,8.42,8.44,15229,2021-11-29 16:10:00,GEO
8.445,8.45,8.41,8.41,18327,2021-11-29 16:15:00,GEO
8.41,8.415,8.39,8.39,8952,2021-11-29 16:20:00,GEO
8.395,8.4,8.38,8.395,6650,2021-11-29 16:25:00,GEO
8.39,8.395,8.37,8.37,17827,2021-11-29 16:30:00,GEO
8.37,8.41,8.37,8.41,7294,2021-11-29 16:35:00,GEO
8.41,8.43,8.41,8.42,16775,2021-11-29 16:40:00,GEO
8.42,8.44,8.42,8.43,5617,2021-11-29 16:45:00,GEO
8.42,8.43,8.405,8.405,8050,2021-11-29 16:50:00,GEO
8.405,8.41,8.4,8.404,2900,2021-11-29 16:55:00,GEO
8.405,8.445,8.4,8.435,14681,2021-11-29 17:00:00,GEO
8.445,8.455,8.43,8.43,7282,2021-11-29 17:05:00,GEO
8.43,8.47,8.43,8.47,6995,2021-11-29 17:10:00,GEO
8.465,8.48,8.4501,8.48,13157,2021-11-29 17:15:00,GEO
8.475,8.5,8.475,8.5,3768,2021-11-29 17:20:00,GEO
8.505,8.505,8.48,8.495,14109,2021-11-29 17:25:00,GEO
8.495,8.515,8.48,8.515,14879,2021-11-29 17:30:00,GEO
8.515,8.52,8.51,8.52,7068,2021-11-29 17:35:00,GEO
8.53,8.555,8.52,8.555,6619,2021-11-29 17:40:00,GEO
8.56,8.57,8.55,8.55,30074,2021-11-29 17:45:00,GEO
8.5501,8.56,8.535,8.55,43562,2021-11-29 17:50:00,GEO
8.55,8.585,8.55,8.572,11005,2021-11-29 17:55:00,GEO
8.57,8.58,8.565,8.57,9142,2021-11-29 18:00:00,GEO
8.57,8.58,8.56,8.58,21137,2021-11-29 18:05:00,GEO
8.57,8.58,8.56,8.58,10671,2021-11-29 18:10:00,GEO
8.58,8.585,8.54,8.565,28998,2021-11-29 18:15:00,GEO
8.565,8.57,8.56,8.57,3772,2021-11-29 18:20:00,GEO
8.5699,8.57,8.555,8.57,13868,2021-11-29 18:25:00,GEO
8.565,8.57,8.54,8.565,15201,2021-11-29 18:30:00,GEO
8.565,8.565,8.535,8.542,9528,2021-11-29 18:35:00,GEO
8.545,8.545,8.53,8.54,3647,2021-11-29 18:40:00,GEO
8.535,8.54,8.525,8.525,2478,2021-11-29 18:45:00,GEO
8.52,8.565,8.52,8.555,84703,2021-11-29 18:50:00,GEO
8.555,8.6,8.555,8.6,24471,2021-11-29 18:55:00,GEO
8.6,8.6,8.585,8.6,22482,2021-11-29 19:00:00,GEO
8.6,8.62,8.595,8.595,18695,2021-11-29 19:05:00,GEO
8.5998,8.6,8.59,8.595,1850,2021-11-29 19:10:00,GEO
8.595,8.595,8.57,8.57,20683,2021-11-29 19:15:00,GEO
8.57,8.577,8.55,8.555,8824,2021-11-29 19:20:00,GEO
8.55,8.6,8.55,8.585,21621,2021-11-29 19:25:00,GEO
8.585,8.6,8.57,8.57,10997,2021-11-29 19:30:00,GEO
8.57,8.575,8.56,8.56,5420,2021-11-29 19:35:00,GEO
8.56,8.58,8.56,8.575,20396,2021-11-29 19:40:00,GEO
8.5727,8.59,8.57,8.575,19882,2021-11-29 19:45:00,GEO
8.575,8.59,8.565,8.575,19181,2021-11-29 19:50:00,GEO
8.575,8.58,8.57,8.58,3000,2021-11-29 19:55:00,GEO
8.575,8.62,8.575,8.595,25227,2021-11-29 20:00:00,GEO
8.6,8.61,8.585,8.61,7326,2021-11-29 20:05:00,GEO
8.6,8.61,8.6,8.605,3800,2021-11-29 20:10:00,GEO
8.605,8.61,8.595,8.6,24579,2021-11-29 20:15:00,GEO
8.595,8.63,8.595,8.625,20771,2021-11-29 20:20:00,GEO
8.625,8.63,8.6,8.6,18280,2021-11-29 20:25:00,GEO
8.6,8.6,8.545,8.555,34215,2021-11-29 20:30:00,GEO
8.55,8.555,8.53,8.535,32247,2021-11-29 20:35:00,GEO
8.535,8.55,8.51,8.5199,43059,2021-11-29 20:40:00,GEO
8.515,8.53,8.5,8.53,17161,2021-11-29 20:45:00,GEO
8.52,8.53,8.51,8.515,47121,2021-11-29 20:50:00,GEO
8.51,8.52,8.5,8.51,142034,2021-11-29 20:55:00,GEO
8.52,8.52,8.52,8.52,193363,2021-11-29 21:00:00,GEO
8.51,8.51,8.51,8.51,200,2021-11-29 21:15:00,GEO
8.5,8.5,8.5,8.5,300,2021-11-30 00:25:00,GEO
