open,high,low,close,volume,datetime,symbol
26.98,27.28,26.98,27.28,968,2021-11-01 13:30:00,OLMA
27.145,27.145,27.145,27.145,100,2021-11-01 13:40:00,OLMA
27.155,27.55,27.155,27.53,1923,2021-11-01 13:45:00,OLMA
27.41,27.5,27.41,27.5,1225,2021-11-01 13:50:00,OLMA
27.29,27.565,27.29,27.49,500,2021-11-01 13:55:00,OLMA
27.715,27.715,27.32,27.32,1103,2021-11-01 14:00:00,OLMA
27.415,27.505,27.24,27.505,800,2021-11-01 14:05:00,OLMA
27.49,27.57,27.35,27.38,1787,2021-11-01 14:10:00,OLMA
27.47,27.47,27.28,27.28,1025,2021-11-01 14:15:00,OLMA
27.485,27.485,27.33,27.39,1100,2021-11-01 14:20:00,OLMA
27.29,27.48,27.29,27.41,9000,2021-11-01 14:25:00,OLMA
27.47,27.47,27.29,27.34,1400,2021-11-01 14:30:00,OLMA
27.27,27.5,27.27,27.37,2025,2021-11-01 14:35:00,OLMA
27.36,27.47,27.25,27.35,2400,2021-11-01 14:40:00,OLMA
27.3,27.55,27.27,27.43,3894,2021-11-01 14:45:00,OLMA
27.51,27.52,27.26,27.26,4148,2021-11-01 14:50:00,OLMA
27.27,27.465,27.27,27.425,600,2021-11-01 14:55:00,OLMA
27.41,27.57,27.41,27.41,3399,2021-11-01 15:00:00,OLMA
27.4,27.6,27.4,27.51,1700,2021-11-01 15:05:00,OLMA
27.5,27.525,27.45,27.5,3750,2021-11-01 15:10:00,OLMA
27.47,27.47,27.39,27.39,1828,2021-11-01 15:15:00,OLMA
27.35,27.35,27.31,27.32,800,2021-11-01 15:20:00,OLMA
27.34,27.34,27.26,27.32,800,2021-11-01 15:25:00,OLMA
27.355,27.355,27.25,27.3,1300,2021-11-01 15:30:00,OLMA
27.28,27.28,27.26,27.26,308,2021-11-01 15:35:00,OLMA
27.27,27.28,27.27,27.27,300,2021-11-01 15:40:00,OLMA
27.26,27.3,27.26,27.299,500,2021-11-01 15:45:00,OLMA
27.31,27.31,27.26,27.26,500,2021-11-01 15:50:00,OLMA
27.29,27.37,27.29,27.29,5598,2021-11-01 15:55:00,OLMA
27.27,27.31,27.27,27.3,700,2021-11-01 16:00:00,OLMA
27.26,27.26,27.2506,27.26,400,2021-11-01 16:05:00,OLMA
27.31,27.31,27.24,27.24,500,2021-11-01 16:10:00,OLMA
27.3,27.305,27.24,27.285,1200,2021-11-01 16:15:00,OLMA
27.29,27.42,27.27,27.28,1034,2021-11-01 16:30:00,OLMA
27.2938,27.3969,27.28,27.28,2200,2021-11-01 16:35:00,OLMA
27.27,27.4489,27.25,27.27,11045,2021-11-01 16:40:00,OLMA
27.2864,27.4192,27.26,27.31,2241,2021-11-01 16:45:00,OLMA
27.27,27.34,27.26,27.34,2600,2021-11-01 16:50:00,OLMA
27.34,27.38,27.285,27.285,3683,2021-11-01 16:55:00,OLMA
27.32,27.39,27.28,27.33,7930,2021-11-01 17:00:00,OLMA
27.35,27.35,27.27,27.32,2155,2021-11-01 17:05:00,OLMA
27.3,27.3799,27.29,27.3799,1200,2021-11-01 17:10:00,OLMA
27.38,27.51,27.38,27.51,2600,2021-11-01 17:15:00,OLMA
27.515,27.5483,27.42,27.5,2800,2021-11-01 17:20:00,OLMA
27.54,27.54,27.42,27.45,1449,2021-11-01 17:25:00,OLMA
27.45,27.5,27.41,27.41,1180,2021-11-01 17:30:00,OLMA
27.41,27.485,27.4,27.485,1902,2021-11-01 17:35:00,OLMA
27.44,27.475,27.4,27.4,1900,2021-11-01 17:40:00,OLMA
27.405,27.405,27.36,27.36,800,2021-11-01 17:45:00,OLMA
27.39,27.42,27.36,27.36,500,2021-11-01 17:50:00,OLMA
27.36,27.39,27.35,27.35,700,2021-11-01 17:55:00,OLMA
27.39,27.39,27.35,27.37,400,2021-11-01 18:00:00,OLMA
27.4,27.4,27.34,27.34,600,2021-11-01 18:05:00,OLMA
27.3799,27.38,27.35,27.35,2500,2021-11-01 18:10:00,OLMA
27.36,27.38,27.32,27.32,2600,2021-11-01 18:15:00,OLMA
27.33,27.38,27.33,27.38,1100,2021-11-01 18:20:00,OLMA
27.395,27.395,27.33,27.33,1100,2021-11-01 18:25:00,OLMA
27.355,27.41,27.355,27.36,1000,2021-11-01 18:30:00,OLMA
27.36,27.36,27.33,27.33,2192,2021-11-01 18:35:00,OLMA
27.3,27.305,27.24,27.24,2608,2021-11-01 18:40:00,OLMA
27.3,27.335,27.3,27.335,400,2021-11-01 18:45:00,OLMA
27.28,27.285,27.25,27.285,1100,2021-11-01 18:50:00,OLMA
27.27,27.27,27.19,27.25,2733,2021-11-01 18:55:00,OLMA
27.22,27.2875,27.21,27.28,810,2021-11-01 19:00:00,OLMA
27.3,27.3,27.2,27.25,5312,2021-11-01 19:05:00,OLMA
27.25,27.32,27.25,27.32,802,2021-11-01 19:10:00,OLMA
27.25,27.28,27.22,27.25,700,2021-11-01 19:15:00,OLMA
27.22,27.25,27.2,27.21,800,2021-11-01 19:20:00,OLMA
27.17,27.17,27.115,27.115,611,2021-11-01 19:25:00,OLMA
27.14,27.245,27.14,27.205,1669,2021-11-01 19:30:00,OLMA
27.21,27.25,27.21,27.23,1400,2021-11-01 19:35:00,OLMA
27.22,27.22,27.15,27.15,711,2021-11-01 19:40:00,OLMA
27.15,27.18,27.0,27.06,3909,2021-11-01 19:45:00,OLMA
27.06,27.1837,27.05,27.12,4801,2021-11-01 19:50:00,OLMA
27.12,27.135,26.97,26.99,16728,2021-11-01 19:55:00,OLMA
27.0,27.0,27.0,27.0,11838,2021-11-01 20:00:00,OLMA
27.42,27.83,27.4,27.4,300,2021-11-02 13:25:00,OLMA
27.08,27.995,26.65,26.65,8127,2021-11-02 13:30:00,OLMA
26.55,26.59,26.36,26.55,23458,2021-11-02 13:35:00,OLMA
26.55,26.65,26.52,26.64,1500,2021-11-02 13:40:00,OLMA
26.5601,26.685,26.5601,26.685,800,2021-11-02 13:45:00,OLMA
26.685,27.05,26.685,27.05,700,2021-11-02 13:50:00,OLMA
26.86,27.05,26.845,26.89,500,2021-11-02 13:55:00,OLMA
26.93,27.04,26.91,26.91,601,2021-11-02 14:00:00,OLMA
26.85,26.97,26.85,26.97,300,2021-11-02 14:05:00,OLMA
26.97,26.985,26.86,26.92,11000,2021-11-02 14:10:00,OLMA
26.96,27.1,26.96,27.09,1700,2021-11-02 14:15:00,OLMA
27.09,27.14,26.99,26.99,1456,2021-11-02 14:20:00,OLMA
27.0,27.0,26.95,27.0,300,2021-11-02 14:25:00,OLMA
27.025,27.025,26.94,26.94,685,2021-11-02 14:30:00,OLMA
26.915,26.915,26.915,26.915,100,2021-11-02 14:35:00,OLMA
26.88,26.88,26.5,26.5,1646,2021-11-02 14:40:00,OLMA
26.76,26.8,26.68,26.8,814,2021-11-02 14:55:00,OLMA
26.81,26.81,26.81,26.81,100,2021-11-02 15:00:00,OLMA
26.8,26.8,26.67,26.7,300,2021-11-02 15:05:00,OLMA
26.77,26.98,26.73,26.975,3489,2021-11-02 15:10:00,OLMA
26.995,27.02,26.995,27.02,300,2021-11-02 15:20:00,OLMA
27.04,27.08,26.98,27.08,2734,2021-11-02 15:25:00,OLMA
27.08,27.08,27.08,27.08,581,2021-11-02 15:35:00,OLMA
27.18,27.248,27.18,27.22,300,2021-11-02 15:40:00,OLMA
27.2,27.22,27.08,27.22,11100,2021-11-02 15:45:00,OLMA
27.09,27.16,27.08,27.155,1360,2021-11-02 15:50:00,OLMA
27.09,27.165,27.08,27.165,1875,2021-11-02 15:55:00,OLMA
27.08,27.16,27.05,27.07,1909,2021-11-02 16:00:00,OLMA
27.05,27.05,26.86,27.02,3854,2021-11-02 16:05:00,OLMA
27.0,27.165,26.96,26.995,22108,2021-11-02 16:10:00,OLMA
27.0,27.02,26.9805,27.02,11100,2021-11-02 16:15:00,OLMA
27.05,27.05,27.045,27.05,5651,2021-11-02 16:20:00,OLMA
27.05,27.14,27.05,27.085,6275,2021-11-02 16:25:00,OLMA
27.07,27.07,27.0,27.025,12948,2021-11-02 16:30:00,OLMA
27.025,27.05,27.0,27.05,2701,2021-11-02 16:35:00,OLMA
27.035,27.035,27.0,27.0,500,2021-11-02 16:40:00,OLMA
27.0,27.06,27.0,27.015,6477,2021-11-02 16:45:00,OLMA
27.02,27.04,27.0,27.0,2000,2021-11-02 16:50:00,OLMA
27.0,27.02,27.0,27.0,948,2021-11-02 16:55:00,OLMA
27.0,27.04,27.0,27.0,1700,2021-11-02 17:00:00,OLMA
27.0,27.02,26.98,27.0,17808,2021-11-02 17:05:00,OLMA
26.97,27.0,26.97,27.0,200,2021-11-02 17:10:00,OLMA
27.0,27.02,26.995,26.9998,500,2021-11-02 17:15:00,OLMA
26.995,27.03,26.93,27.0,19404,2021-11-02 17:20:00,OLMA
27.03,27.03,26.98,26.98,3375,2021-11-02 17:25:00,OLMA
26.98,26.98,26.98,26.98,200,2021-11-02 17:30:00,OLMA
26.99,26.99,26.98,26.98,433,2021-11-02 17:35:00,OLMA
26.96,26.96,26.92,26.92,706,2021-11-02 17:40:00,OLMA
26.89,26.89,26.89,26.89,100,2021-11-02 17:45:00,OLMA
26.91,26.91,26.91,26.91,100,2021-11-02 17:50:00,OLMA
26.89,26.95,26.89,26.95,230,2021-11-02 17:55:00,OLMA
26.95,26.95,26.86,26.89,2450,2021-11-02 18:00:00,OLMA
26.88,26.88,26.88,26.88,100,2021-11-02 18:05:00,OLMA
26.84,26.84,26.75,26.75,1100,2021-11-02 18:10:00,OLMA
26.72,26.72,26.72,26.72,100,2021-11-02 18:15:00,OLMA
26.78,26.8,26.78,26.8,650,2021-11-02 18:20:00,OLMA
26.81,26.87,26.78,26.85,625,2021-11-02 18:25:00,OLMA
26.86,26.86,26.86,26.86,100,2021-11-02 18:30:00,OLMA
26.9,26.91,26.89,26.91,1694,2021-11-02 18:35:00,OLMA
26.905,26.92,26.9,26.9,304,2021-11-02 18:40:00,OLMA
26.905,26.92,26.88,26.905,3266,2021-11-02 18:45:00,OLMA
26.88,26.88,26.85,26.85,600,2021-11-02 18:50:00,OLMA
26.83,26.9,26.83,26.9,11000,2021-11-02 18:55:00,OLMA
26.9,26.94,26.88,26.92,1900,2021-11-02 19:00:00,OLMA
26.88,26.88,26.78,26.78,1604,2021-11-02 19:10:00,OLMA
26.75,26.795,26.75,26.795,200,2021-11-02 19:15:00,OLMA
26.79,26.8,26.77,26.785,805,2021-11-02 19:20:00,OLMA
26.77,26.78,26.75,26.75,2000,2021-11-02 19:25:00,OLMA
26.74,26.785,26.74,26.755,4008,2021-11-02 19:30:00,OLMA
26.75,26.75,26.45,26.5,17551,2021-11-02 19:35:00,OLMA
26.5,26.52,26.49,26.52,1000,2021-11-02 19:40:00,OLMA
26.48,26.635,26.48,26.6,4596,2021-11-02 19:45:00,OLMA
26.595,26.62,26.5,26.58,8275,2021-11-02 19:50:00,OLMA
26.65,26.83,26.65,26.83,5528,2021-11-02 19:55:00,OLMA
26.83,26.83,26.83,26.83,12356,2021-11-02 20:00:00,OLMA
26.76,26.76,26.6,26.6,981,2021-11-03 13:30:00,OLMA
26.86,26.86,26.86,26.86,600,2021-11-03 13:40:00,OLMA
27.1,27.1,27.1,27.1,400,2021-11-03 13:50:00,OLMA
27.09,27.09,27.09,27.09,100,2021-11-03 13:55:00,OLMA
27.24,27.565,27.24,27.47,1200,2021-11-03 14:00:00,OLMA
27.2622,27.455,27.2622,27.455,200,2021-11-03 14:05:00,OLMA
27.54,27.645,27.35,27.42,2192,2021-11-03 14:10:00,OLMA
27.4,27.75,27.39,27.67,13000,2021-11-03 14:15:00,OLMA
27.635,27.735,27.54,27.63,4623,2021-11-03 14:20:00,OLMA
27.605,27.605,27.58,27.585,410,2021-11-03 14:25:00,OLMA
27.535,27.645,27.24,27.64,16304,2021-11-03 14:30:00,OLMA
27.76,28.11,27.76,28.11,500,2021-11-03 14:35:00,OLMA
27.87,28.31,27.84,28.2,902,2021-11-03 14:40:00,OLMA
28.29,28.34,28.11,28.315,2420,2021-11-03 14:45:00,OLMA
28.32,28.39,28.28,28.28,1470,2021-11-03 14:50:00,OLMA
28.35,28.43,28.23,28.23,1012,2021-11-03 14:55:00,OLMA
28.31,28.46,28.31,28.46,867,2021-11-03 15:05:00,OLMA
28.335,28.335,28.2,28.2,1156,2021-11-03 15:10:00,OLMA
28.2,28.2,28.2,28.2,200,2021-11-03 15:15:00,OLMA
28.33,28.33,28.33,28.33,100,2021-11-03 15:20:00,OLMA
28.21,28.34,28.19,28.34,300,2021-11-03 15:25:00,OLMA
28.32,28.59,28.3,28.53,2094,2021-11-03 15:30:00,OLMA
28.59,28.66,28.58,28.58,600,2021-11-03 15:35:00,OLMA
28.5758,28.59,28.42,28.465,4096,2021-11-03 15:40:00,OLMA
28.53,28.66,28.53,28.66,757,2021-11-03 15:50:00,OLMA
28.56,28.56,28.48,28.48,765,2021-11-03 15:55:00,OLMA
28.42,28.4573,28.33,28.37,1085,2021-11-03 16:00:00,OLMA
28.3,28.43,28.2,28.2,1000,2021-11-03 16:05:00,OLMA
28.19,28.3778,28.12,28.3778,553,2021-11-03 16:10:00,OLMA
28.16,28.29,28.16,28.29,400,2021-11-03 16:15:00,OLMA
28.16,28.31,28.12,28.12,900,2021-11-03 16:20:00,OLMA
28.04,28.04,28.04,28.04,100,2021-11-03 16:25:00,OLMA
28.075,28.2,28.07,28.2,1319,2021-11-03 16:30:00,OLMA
28.18,28.295,28.05,28.05,1042,2021-11-03 16:35:00,OLMA
28.08,28.08,27.89,27.89,800,2021-11-03 16:40:00,OLMA
27.88,27.89,27.85,27.85,400,2021-11-03 16:45:00,OLMA
27.86,28.0,27.86,27.88,400,2021-11-03 16:50:00,OLMA
27.945,27.98,27.89,27.89,800,2021-11-03 16:55:00,OLMA
28.0,28.0,27.89,27.89,500,2021-11-03 17:00:00,OLMA
27.89,28.01,27.89,27.89,500,2021-11-03 17:05:00,OLMA
27.89,27.925,27.89,27.925,1103,2021-11-03 17:10:00,OLMA
27.89,27.89,27.87,27.87,200,2021-11-03 17:15:00,OLMA
27.88,27.88,27.87,27.87,200,2021-11-03 17:20:00,OLMA
27.89,27.89,27.86,27.875,1100,2021-11-03 17:25:00,OLMA
27.93,27.97,27.93,27.97,200,2021-11-03 17:30:00,OLMA
27.92,27.965,27.92,27.965,400,2021-11-03 17:35:00,OLMA
28.0,28.01,27.92,27.97,605,2021-11-03 17:40:00,OLMA
27.92,27.94,27.85,27.85,1511,2021-11-03 17:45:00,OLMA
27.85,27.865,27.85,27.865,200,2021-11-03 17:50:00,OLMA
27.89,27.89,27.85,27.865,450,2021-11-03 17:55:00,OLMA
27.89,27.955,27.89,27.89,1000,2021-11-03 18:00:00,OLMA
27.85,27.92,27.84,27.91,1600,2021-11-03 18:05:00,OLMA
27.85,27.94,27.85,27.92,2442,2021-11-03 18:10:00,OLMA
27.88,27.91,27.85,27.855,1006,2021-11-03 18:15:00,OLMA
27.85,27.89,27.85,27.85,908,2021-11-03 18:20:00,OLMA
27.85,27.89,27.85,27.85,1200,2021-11-03 18:25:00,OLMA
27.89,27.92,27.85,27.91,2605,2021-11-03 18:30:00,OLMA
27.91,27.97,27.82,27.97,4962,2021-11-03 18:35:00,OLMA
27.98,28.12,27.97,28.01,1000,2021-11-03 18:40:00,OLMA
28.075,28.14,28.01,28.07,3172,2021-11-03 18:45:00,OLMA
28.065,28.17,28.05,28.11,1130,2021-11-03 18:50:00,OLMA
28.09,28.09,27.84,28.0,7000,2021-11-03 18:55:00,OLMA
27.89,27.961,27.8,27.8,11840,2021-11-03 19:00:00,OLMA
27.845,27.89,27.83,27.86,2699,2021-11-03 19:05:00,OLMA
27.91,27.965,27.85,27.965,1900,2021-11-03 19:10:00,OLMA
27.94,27.98,27.85,27.86,1384,2021-11-03 19:15:00,OLMA
27.92,27.92,27.85,27.91,735,2021-11-03 19:20:00,OLMA
27.87,27.91,27.85,27.87,1400,2021-11-03 19:25:00,OLMA
27.87,27.94,27.87,27.87,1300,2021-11-03 19:30:00,OLMA
27.92,27.97,27.87,27.91,5480,2021-11-03 19:35:00,OLMA
27.88,27.97,27.88,27.97,2600,2021-11-03 19:40:00,OLMA
28.0,28.09,28.0,28.065,1900,2021-11-03 19:45:00,OLMA
28.07,28.11,27.93,27.98,8981,2021-11-03 19:50:00,OLMA
28.03,28.09,27.81,27.92,19757,2021-11-03 19:55:00,OLMA
28.0,28.0,28.0,28.0,12779,2021-11-03 20:00:00,OLMA
27.95,28.66,27.95,28.66,1712,2021-11-04 13:30:00,OLMA
28.125,28.125,28.125,28.125,100,2021-11-04 13:35:00,OLMA
28.295,28.5,27.98,28.5,28205,2021-11-04 13:45:00,OLMA
28.345,28.5,28.345,28.46,2200,2021-11-04 13:50:00,OLMA
28.43,28.6,28.375,28.4,5533,2021-11-04 13:55:00,OLMA
28.47,28.6,28.32,28.32,6310,2021-11-04 14:00:00,OLMA
28.32,28.41,28.32,28.33,360,2021-11-04 14:05:00,OLMA
28.35,28.38,28.21,28.22,900,2021-11-04 14:10:00,OLMA
28.27,28.35,28.2,28.35,2117,2021-11-04 14:15:00,OLMA
28.34,28.525,28.23,28.49,5867,2021-11-04 14:20:00,OLMA
28.51,28.51,28.3,28.38,2345,2021-11-04 14:25:00,OLMA
28.4,28.55,28.4,28.51,3000,2021-11-04 14:30:00,OLMA
28.51,28.51,28.45,28.45,200,2021-11-04 14:35:00,OLMA
28.44,28.44,28.36,28.43,900,2021-11-04 14:40:00,OLMA
28.44,28.56,28.44,28.5,1800,2021-11-04 14:45:00,OLMA
28.38,28.44,28.33,28.35,5800,2021-11-04 14:50:00,OLMA
28.32,28.48,28.32,28.48,1438,2021-11-04 14:55:00,OLMA
28.48,28.56,28.43,28.48,500,2021-11-04 15:00:00,OLMA
28.5,28.5,28.5,28.5,100,2021-11-04 15:05:00,OLMA
28.45,28.51,28.4,28.5,1100,2021-11-04 15:10:00,OLMA
28.4,28.43,28.37,28.415,900,2021-11-04 15:15:00,OLMA
28.435,28.49,28.37,28.49,2760,2021-11-04 15:20:00,OLMA
28.43,28.44,28.42,28.44,400,2021-11-04 15:25:00,OLMA
28.52,28.575,28.45,28.48,3300,2021-11-04 15:30:00,OLMA
28.5,28.59,28.48,28.5,1800,2021-11-04 15:35:00,OLMA
28.53,28.53,28.47,28.51,1870,2021-11-04 15:40:00,OLMA
28.51,28.55,28.42,28.53,17200,2021-11-04 15:45:00,OLMA
28.51,28.605,28.5,28.5,9730,2021-11-04 15:50:00,OLMA
28.495,28.505,28.4,28.4,2400,2021-11-04 15:55:00,OLMA
28.36,28.36,28.36,28.36,300,2021-11-04 16:00:00,OLMA
28.41,28.42,28.4,28.42,1900,2021-11-04 16:05:00,OLMA
28.41,28.57,28.41,28.57,3100,2021-11-04 16:10:00,OLMA
28.52,28.52,28.43,28.43,2020,2021-11-04 16:15:00,OLMA
28.445,28.515,28.445,28.51,1600,2021-11-04 16:20:00,OLMA
28.505,28.505,28.405,28.415,2900,2021-11-04 16:25:00,OLMA
28.415,28.415,28.405,28.405,500,2021-11-04 16:30:00,OLMA
28.45,28.45,28.39,28.45,1500,2021-11-04 16:35:00,OLMA
28.43,28.46,28.43,28.46,613,2021-11-04 16:40:00,OLMA
28.42,28.5,28.41,28.485,2675,2021-11-04 16:45:00,OLMA
28.47,28.51,28.46,28.51,1100,2021-11-04 16:50:00,OLMA
28.45,28.46,28.38,28.4,6704,2021-11-04 16:55:00,OLMA
28.39,28.44,28.39,28.44,3631,2021-11-04 17:00:00,OLMA
28.425,28.525,28.4,28.45,16385,2021-11-04 17:05:00,OLMA
28.45,28.71,28.41,28.66,12901,2021-11-04 17:10:00,OLMA
28.68,28.98,28.68,28.825,5330,2021-11-04 17:15:00,OLMA
28.84,28.84,28.74,28.77,2423,2021-11-04 17:20:00,OLMA
28.7,28.715,28.615,28.69,10570,2021-11-04 17:25:00,OLMA
28.69,28.775,28.69,28.775,1000,2021-11-04 17:30:00,OLMA
28.78,28.78,28.72,28.73,2000,2021-11-04 17:35:00,OLMA
28.73,28.755,28.675,28.75,6175,2021-11-04 17:40:00,OLMA
28.76,28.79,28.7,28.7,9750,2021-11-04 17:45:00,OLMA
28.745,28.76,28.745,28.75,800,2021-11-04 17:50:00,OLMA
28.76,28.76,28.7,28.73,3192,2021-11-04 17:55:00,OLMA
28.69,28.695,28.58,28.63,1640,2021-11-04 18:00:00,OLMA
28.665,28.72,28.66,28.68,800,2021-11-04 18:05:00,OLMA
28.74,28.77,28.7,28.77,700,2021-11-04 18:10:00,OLMA
28.78,28.78,28.68,28.7,1700,2021-11-04 18:15:00,OLMA
28.69,28.715,28.6,28.6095,6500,2021-11-04 18:20:00,OLMA
28.6,28.63,28.55,28.59,3760,2021-11-04 18:25:00,OLMA
28.625,28.625,28.62,28.62,200,2021-11-04 18:30:00,OLMA
28.62,28.67,28.61,28.645,2614,2021-11-04 18:35:00,OLMA
28.65,28.65,28.581,28.581,1200,2021-11-04 18:40:00,OLMA
28.6,28.64,28.6,28.64,870,2021-11-04 18:45:00,OLMA
28.64,28.64,28.515,28.515,900,2021-11-04 18:50:00,OLMA
28.51,28.51,28.51,28.51,100,2021-11-04 18:55:00,OLMA
28.51,28.55,28.48,28.48,1000,2021-11-04 19:00:00,OLMA
28.49,28.505,28.47,28.505,700,2021-11-04 19:05:00,OLMA
28.539,28.54,28.51,28.515,700,2021-11-04 19:10:00,OLMA
28.515,28.595,28.49,28.595,1900,2021-11-04 19:15:00,OLMA
28.615,28.615,28.57,28.57,1630,2021-11-04 19:20:00,OLMA
28.58,28.67,28.58,28.63,1000,2021-11-04 19:25:00,OLMA
28.64,28.67,28.61,28.67,1200,2021-11-04 19:30:00,OLMA
28.68,28.69,28.64,28.64,900,2021-11-04 19:35:00,OLMA
28.7,28.71,28.64,28.66,2902,2021-11-04 19:40:00,OLMA
28.67,28.67,28.56,28.63,5772,2021-11-04 19:45:00,OLMA
28.64,28.67,28.575,28.6,20676,2021-11-04 19:50:00,OLMA
28.63,28.78,28.58,28.65,7958,2021-11-04 19:55:00,OLMA
28.74,28.74,28.74,28.74,5083,2021-11-04 20:00:00,OLMA
28.74,28.74,28.74,28.74,17024,2021-11-04 21:00:00,OLMA
27.7,29.0,27.7,29.0,1778,2021-11-05 13:30:00,OLMA
28.69,28.7,28.63,28.63,300,2021-11-05 13:35:00,OLMA
28.69,28.82,28.46,28.53,928,2021-11-05 13:45:00,OLMA
28.63,28.72,28.63,28.64,400,2021-11-05 13:50:00,OLMA
28.59,28.71,28.59,28.605,1700,2021-11-05 13:55:00,OLMA
28.9941,28.9941,28.9941,28.9941,1000,2021-11-05 14:05:00,OLMA
28.51,28.71,28.5,28.65,700,2021-11-05 14:10:00,OLMA
28.585,28.585,28.5,28.5,1687,2021-11-05 14:15:00,OLMA
28.63,28.63,28.46,28.51,3516,2021-11-05 14:20:00,OLMA
28.5,28.67,28.47,28.54,72339,2021-11-05 14:25:00,OLMA
28.575,29.23,28.57,29.23,2300,2021-11-05 14:30:00,OLMA
29.35,29.62,29.29,29.62,2720,2021-11-05 14:35:00,OLMA
29.62,29.74,29.465,29.74,1081,2021-11-05 14:40:00,OLMA
29.58,29.67,29.4401,29.48,1901,2021-11-05 14:45:00,OLMA
29.52,29.585,29.375,29.56,1988,2021-11-05 14:50:00,OLMA
29.57,29.63,29.3481,29.63,7294,2021-11-05 14:55:00,OLMA
29.535,29.535,29.52,29.52,300,2021-11-05 15:00:00,OLMA
29.4,29.44,29.32,29.4,600,2021-11-05 15:05:00,OLMA
29.34,29.44,29.34,29.44,722,2021-11-05 15:10:00,OLMA
29.44,29.56,29.36,29.48,2236,2021-11-05 15:15:00,OLMA
29.545,29.6,29.41,29.49,1400,2021-11-05 15:20:00,OLMA
29.48,29.48,29.48,29.48,300,2021-11-05 15:25:00,OLMA
29.475,29.475,29.475,29.475,100,2021-11-05 15:30:00,OLMA
29.58,29.59,29.395,29.395,1500,2021-11-05 15:35:00,OLMA
29.485,29.485,29.22,29.22,1250,2021-11-05 15:40:00,OLMA
29.255,29.3,29.07,29.11,5446,2021-11-05 15:45:00,OLMA
29.21,29.3,29.09,29.26,1600,2021-11-05 15:50:00,OLMA
29.29,29.29,29.19,29.19,200,2021-11-05 15:55:00,OLMA
29.07,29.07,28.82,28.925,1199,2021-11-05 16:00:00,OLMA
28.85,28.85,28.79,28.79,1400,2021-11-05 16:05:00,OLMA
28.765,28.85,28.765,28.85,1000,2021-11-05 16:10:00,OLMA
28.78,28.835,28.62,28.66,3247,2021-11-05 16:15:00,OLMA
28.62,28.7199,28.62,28.625,9102,2021-11-05 16:20:00,OLMA
28.625,28.65,28.35,28.35,4400,2021-11-05 16:25:00,OLMA
28.355,28.46,28.11,28.185,5788,2021-11-05 16:30:00,OLMA
28.2,28.255,28.03,28.13,15910,2021-11-05 16:35:00,OLMA
28.11,28.3599,28.07,28.165,8347,2021-11-05 16:40:00,OLMA
28.1698,28.37,28.05,28.195,34401,2021-11-05 16:45:00,OLMA
28.25,28.25,28.07,28.105,11422,2021-11-05 16:50:00,OLMA
28.07,28.09,28.03,28.05,2573,2021-11-05 16:55:00,OLMA
28.045,28.165,28.045,28.165,1749,2021-11-05 17:00:00,OLMA
28.15,28.15,28.07,28.07,700,2021-11-05 17:05:00,OLMA
28.06,28.09,27.955,27.955,2725,2021-11-05 17:10:00,OLMA
28.03,28.03,27.96,27.96,300,2021-11-05 17:15:00,OLMA
27.9992,27.9992,27.9992,27.9992,362,2021-11-05 17:20:00,OLMA
27.99,27.99,27.89,27.89,300,2021-11-05 17:25:00,OLMA
27.95,28.03,27.87,28.01,500,2021-11-05 17:30:00,OLMA
28.02,28.02,27.995,27.995,200,2021-11-05 17:35:00,OLMA
27.885,27.96,27.87,27.96,600,2021-11-05 17:45:00,OLMA
27.99,28.0845,27.99,28.07,820,2021-11-05 17:55:00,OLMA
28.11,28.11,28.01,28.01,2300,2021-11-05 18:00:00,OLMA
28.06,28.21,28.05,28.125,2793,2021-11-05 18:05:00,OLMA
28.12,28.17,27.99,28.01,2873,2021-11-05 18:10:00,OLMA
28.0,28.05,27.97,28.05,800,2021-11-05 18:15:00,OLMA
28.015,28.015,28.015,28.015,100,2021-11-05 18:20:00,OLMA
28.01,28.01,28.01,28.01,200,2021-11-05 18:25:00,OLMA
28.005,28.005,28.005,28.005,100,2021-11-05 18:30:00,OLMA
27.94,28.03,27.9305,27.94,1300,2021-11-05 18:35:00,OLMA
27.83,27.83,27.83,27.83,100,2021-11-05 18:40:00,OLMA
27.92,27.92,27.92,27.92,100,2021-11-05 18:45:00,OLMA
27.91,27.91,27.91,27.91,100,2021-11-05 18:50:00,OLMA
27.85,27.95,27.85,27.905,579,2021-11-05 18:55:00,OLMA
27.85,27.85,27.78,27.78,1000,2021-11-05 19:00:00,OLMA
27.79,27.94,27.79,27.89,500,2021-11-05 19:05:00,OLMA
27.94,27.94,27.86,27.885,400,2021-11-05 19:10:00,OLMA
27.96,27.96,27.885,27.895,700,2021-11-05 19:15:00,OLMA
27.9,28.0,27.9,27.99,800,2021-11-05 19:20:00,OLMA
28.0,28.0,27.92,28.0,1200,2021-11-05 19:25:00,OLMA
28.015,28.05,28.005,28.03,500,2021-11-05 19:30:00,OLMA
28.0,28.04,27.96,28.0,900,2021-11-05 19:35:00,OLMA
28.04,28.04,27.95,27.98,1839,2021-11-05 19:40:00,OLMA
27.94,28.0,27.89,27.92,2300,2021-11-05 19:45:00,OLMA
27.96,28.05,27.92,27.98,4601,2021-11-05 19:50:00,OLMA
27.91,28.0,27.8,27.8,23206,2021-11-05 19:55:00,OLMA
27.89,27.89,27.89,27.89,16262,2021-11-05 20:00:00,OLMA
27.95,28.32,27.9,28.32,1524,2021-11-08 14:30:00,OLMA
28.3145,28.3145,28.13,28.13,1100,2021-11-08 14:35:00,OLMA
28.165,28.165,27.69,27.69,2819,2021-11-08 14:40:00,OLMA
27.875,28.15,27.865,28.15,2523,2021-11-08 14:45:00,OLMA
28.11,28.12,27.9,27.92,9218,2021-11-08 14:50:00,OLMA
28.0,28.0,27.95,27.95,813,2021-11-08 14:55:00,OLMA
28.01,28.13,28.0,28.05,900,2021-11-08 15:00:00,OLMA
27.925,27.925,27.87,27.87,400,2021-11-08 15:05:00,OLMA
28.05,28.05,28.05,28.05,100,2021-11-08 15:10:00,OLMA
28.04,28.04,27.8,27.95,1965,2021-11-08 15:15:00,OLMA
27.98,28.03,27.98,28.03,300,2021-11-08 15:20:00,OLMA
27.995,27.995,27.98,27.98,200,2021-11-08 15:25:00,OLMA
27.95,28.0,27.82,28.0,1013,2021-11-08 15:30:00,OLMA
27.92,28.075,27.92,28.06,4261,2021-11-08 15:35:00,OLMA
28.055,28.08,27.99,28.05,3732,2021-11-08 15:40:00,OLMA
28.04,28.08,28.04,28.075,1298,2021-11-08 15:45:00,OLMA
28.075,28.075,28.075,28.075,100,2021-11-08 15:50:00,OLMA
28.05,28.05,27.98,27.98,2300,2021-11-08 15:55:00,OLMA
27.96,27.98,27.88,27.925,1800,2021-11-08 16:00:00,OLMA
27.91,28.01,27.905,27.905,3200,2021-11-08 16:05:00,OLMA
27.935,27.96,27.91,27.91,600,2021-11-08 16:10:00,OLMA
27.99,28.1,27.98,28.08,900,2021-11-08 16:15:00,OLMA
28.07,28.099,27.91,28.07,1800,2021-11-08 16:20:00,OLMA
28.01,28.01,27.97,28.0,900,2021-11-08 16:25:00,OLMA
28.03,28.09,27.95,27.95,1621,2021-11-08 16:30:00,OLMA
27.93,27.985,27.88,27.945,2700,2021-11-08 16:35:00,OLMA
27.945,27.945,27.8,27.89,2933,2021-11-08 16:40:00,OLMA
27.9,27.9,27.9,27.9,100,2021-11-08 16:45:00,OLMA
27.91,27.91,27.91,27.91,100,2021-11-08 16:50:00,OLMA
27.9,27.9,27.815,27.815,900,2021-11-08 16:55:00,OLMA
27.845,27.845,27.8,27.8,200,2021-11-08 17:00:00,OLMA
27.8,27.875,27.8,27.875,1078,2021-11-08 17:05:00,OLMA
27.8,27.815,27.69,27.69,1820,2021-11-08 17:10:00,OLMA
27.69,27.69,27.595,27.595,700,2021-11-08 17:15:00,OLMA
27.55,27.71,27.55,27.71,1000,2021-11-08 17:20:00,OLMA
27.78,27.8,27.66,27.8,700,2021-11-08 17:30:00,OLMA
27.725,27.725,27.62,27.65,1280,2021-11-08 17:35:00,OLMA
27.7658,27.7658,27.7658,27.7658,200,2021-11-08 17:40:00,OLMA
27.68,27.74,27.68,27.74,518,2021-11-08 17:45:00,OLMA
27.78,27.78,27.78,27.78,100,2021-11-08 17:50:00,OLMA
27.7,27.78,27.7,27.725,600,2021-11-08 17:55:00,OLMA
27.69,27.76,27.69,27.76,400,2021-11-08 18:00:00,OLMA
27.74,27.74,27.695,27.695,900,2021-11-08 18:05:00,OLMA
27.67,27.67,27.67,27.67,100,2021-11-08 18:10:00,OLMA
27.65,27.8022,27.65,27.71,923,2021-11-08 18:15:00,OLMA
27.71,27.74,27.625,27.625,1000,2021-11-08 18:20:00,OLMA
27.29,27.29,27.29,27.29,200,2021-11-08 18:25:00,OLMA
27.3,27.47,27.3,27.3,500,2021-11-08 18:30:00,OLMA
27.4501,27.54,27.4501,27.54,250,2021-11-08 18:35:00,OLMA
27.54,27.54,27.45,27.46,388,2021-11-08 18:40:00,OLMA
27.62,27.62,27.47,27.47,300,2021-11-08 18:45:00,OLMA
27.53,27.53,27.47,27.47,200,2021-11-08 18:50:00,OLMA
27.49,27.49,27.49,27.49,100,2021-11-08 18:55:00,OLMA
27.52,27.57,27.46,27.51,1000,2021-11-08 19:00:00,OLMA
27.4906,27.4906,27.36,27.36,210,2021-11-08 19:05:00,OLMA
27.4,27.4333,27.37,27.4143,500,2021-11-08 19:10:00,OLMA
27.4,27.45,27.35,27.45,600,2021-11-08 19:15:00,OLMA
27.37,27.37,27.32,27.32,200,2021-11-08 19:20:00,OLMA
27.32,27.37,27.31,27.31,400,2021-11-08 19:25:00,OLMA
27.37,27.405,27.31,27.375,1700,2021-11-08 19:30:00,OLMA
27.375,27.375,27.29,27.29,2000,2021-11-08 19:35:00,OLMA
27.31,27.32,27.24,27.32,500,2021-11-08 19:40:00,OLMA
27.24,27.36,27.24,27.24,1083,2021-11-08 19:45:00,OLMA
27.25,27.39,27.25,27.33,2100,2021-11-08 19:50:00,OLMA
27.33,27.33,27.27,27.27,400,2021-11-08 19:55:00,OLMA
27.3527,27.3527,27.3527,27.3527,200,2021-11-08 20:00:00,OLMA
27.25,27.355,27.25,27.355,1142,2021-11-08 20:05:00,OLMA
27.355,27.365,27.3,27.365,500,2021-11-08 20:10:00,OLMA
27.33,27.43,27.3,27.38,700,2021-11-08 20:15:00,OLMA
27.43,27.445,27.36,27.36,703,2021-11-08 20:20:00,OLMA
27.4,27.4,27.31,27.31,800,2021-11-08 20:25:00,OLMA
27.4,27.4,27.31,27.38,2765,2021-11-08 20:30:00,OLMA
27.39,27.41,27.39,27.39,1442,2021-11-08 20:35:00,OLMA
27.41,27.41,27.25,27.25,1000,2021-11-08 20:40:00,OLMA
27.295,27.295,27.24,27.25,3095,2021-11-08 20:45:00,OLMA
27.19,27.365,27.19,27.29,2904,2021-11-08 20:50:00,OLMA
27.23,27.38,27.23,27.35,6967,2021-11-08 20:55:00,OLMA
27.35,27.35,27.35,27.35,7944,2021-11-08 21:00:00,OLMA
27.35,27.35,27.35,27.35,42454,2021-11-08 21:20:00,OLMA
27.35,27.8,27.02,27.02,2477,2021-11-09 14:30:00,OLMA
27.53,27.6,27.06,27.06,400,2021-11-09 14:35:00,OLMA
27.03,27.31,26.6,26.85,2250,2021-11-09 14:40:00,OLMA
26.73,26.8,26.71,26.71,1151,2021-11-09 14:45:00,OLMA
26.62,26.765,26.59,26.74,4195,2021-11-09 14:50:00,OLMA
26.8,26.8,26.6,26.655,1000,2021-11-09 14:55:00,OLMA
26.8,26.9,26.64,26.64,1140,2021-11-09 15:00:00,OLMA
26.7,26.7,26.7,26.7,100,2021-11-09 15:05:00,OLMA
26.8,26.87,26.74,26.87,1900,2021-11-09 15:10:00,OLMA
26.9,26.9,26.6,26.76,4516,2021-11-09 15:15:00,OLMA
26.75,26.85,26.72,26.77,2281,2021-11-09 15:20:00,OLMA
26.82,26.87,26.8,26.81,700,2021-11-09 15:25:00,OLMA
26.79,26.79,26.67,26.75,1400,2021-11-09 15:30:00,OLMA
26.615,26.615,26.615,26.615,100,2021-11-09 15:35:00,OLMA
26.56,26.625,26.425,26.45,751,2021-11-09 15:40:00,OLMA
26.58,26.58,26.5292,26.5292,211,2021-11-09 15:45:00,OLMA
26.535,26.57,26.535,26.57,300,2021-11-09 15:50:00,OLMA
26.68,26.76,26.66,26.7,500,2021-11-09 15:55:00,OLMA
26.7,26.735,26.7,26.7,500,2021-11-09 16:00:00,OLMA
26.735,26.8,26.735,26.8,300,2021-11-09 16:05:00,OLMA
26.82,26.855,26.705,26.705,500,2021-11-09 16:10:00,OLMA
26.685,26.75,26.685,26.705,800,2021-11-09 16:15:00,OLMA
26.75,26.75,26.75,26.75,100,2021-11-09 16:20:00,OLMA
26.805,26.81,26.725,26.725,1300,2021-11-09 16:25:00,OLMA
26.705,26.78,26.705,26.74,400,2021-11-09 16:30:00,OLMA
26.8,26.8,26.8,26.8,202,2021-11-09 16:35:00,OLMA
26.81,26.81,26.705,26.72,1490,2021-11-09 16:45:00,OLMA
26.7,26.73,26.7,26.73,600,2021-11-09 16:50:00,OLMA
26.73,26.73,26.67,26.67,970,2021-11-09 16:55:00,OLMA
26.77,26.84,26.7606,26.8,1900,2021-11-09 17:05:00,OLMA
26.8,26.83,26.71,26.795,1500,2021-11-09 17:10:00,OLMA
26.805,26.805,26.7,26.76,2564,2021-11-09 17:20:00,OLMA
26.72,26.76,26.69,26.69,400,2021-11-09 17:25:00,OLMA
26.645,26.8,26.645,26.74,35800,2021-11-09 17:30:00,OLMA
26.735,26.83,26.7,26.725,7495,2021-11-09 17:35:00,OLMA
26.72,26.84,26.71,26.8,6953,2021-11-09 17:40:00,OLMA
26.77,26.865,26.69,26.775,10671,2021-11-09 17:45:00,OLMA
26.81,26.82,26.765,26.78,12179,2021-11-09 17:50:00,OLMA
26.79,26.79,26.74,26.765,1609,2021-11-09 17:55:00,OLMA
26.78,26.815,26.78,26.8,3906,2021-11-09 18:00:00,OLMA
26.8,27.026,26.76,26.95,8200,2021-11-09 18:05:00,OLMA
27.015,27.015,26.96,26.96,200,2021-11-09 18:10:00,OLMA
27.0,27.02,26.8,26.89,12399,2021-11-09 18:15:00,OLMA
26.89,27.015,26.89,27.015,1521,2021-11-09 18:20:00,OLMA
27.0,27.0,26.88,26.93,734,2021-11-09 18:25:00,OLMA
27.025,27.025,27.025,27.025,100,2021-11-09 18:30:00,OLMA
27.0,27.0,26.92,26.97,1102,2021-11-09 18:45:00,OLMA
26.98,26.98,26.98,26.98,100,2021-11-09 18:50:00,OLMA
27.0,27.05,27.0,27.05,1283,2021-11-09 18:55:00,OLMA
27.0,27.02,26.9,26.9,2938,2021-11-09 19:00:00,OLMA
26.91,27.005,26.84,26.89,5306,2021-11-09 19:05:00,OLMA
26.8,26.8001,26.8,26.8001,800,2021-11-09 19:10:00,OLMA
26.905,26.91,26.9,26.9,1000,2021-11-09 19:15:00,OLMA
26.95,27.0,26.9,27.0,600,2021-11-09 19:20:00,OLMA
27.0,27.0,26.94,26.94,500,2021-11-09 19:25:00,OLMA
26.94,27.01,26.94,26.94,2100,2021-11-09 19:30:00,OLMA
26.955,26.98,26.88,26.95,9432,2021-11-09 19:35:00,OLMA
26.97,26.97,26.9,26.96,5054,2021-11-09 19:40:00,OLMA
26.96,26.96,26.93,26.96,531,2021-11-09 19:45:00,OLMA
26.9275,26.9275,26.9275,26.9275,164,2021-11-09 19:50:00,OLMA
26.92,26.95,26.9,26.9275,2204,2021-11-09 19:55:00,OLMA
26.9275,26.96,26.86,26.885,2002,2021-11-09 20:00:00,OLMA
26.86,26.86,26.8,26.81,1455,2021-11-09 20:05:00,OLMA
26.82,26.82,26.74,26.77,1600,2021-11-09 20:10:00,OLMA
26.8,26.8,26.76,26.76,516,2021-11-09 20:15:00,OLMA
26.8,26.8,26.8,26.8,500,2021-11-09 20:20:00,OLMA
26.8,26.82,26.755,26.755,1005,2021-11-09 20:25:00,OLMA
26.78,26.78,26.78,26.78,100,2021-11-09 20:30:00,OLMA
26.8,26.83,26.795,26.795,600,2021-11-09 20:35:00,OLMA
26.8,26.83,26.78,26.81,5340,2021-11-09 20:40:00,OLMA
26.81,26.86,26.77,26.825,2300,2021-11-09 20:45:00,OLMA
26.77,26.8,26.76,26.78,9857,2021-11-09 20:50:00,OLMA
26.8,26.9,26.74,26.88,5942,2021-11-09 20:55:00,OLMA
26.8,26.8,26.8,26.8,6760,2021-11-09 21:00:00,OLMA
26.94,28.395,26.78,27.315,2072,2021-11-10 14:30:00,OLMA
27.62,27.62,26.77,26.975,1300,2021-11-10 14:35:00,OLMA
26.97,27.09,26.6,26.6,700,2021-11-10 14:40:00,OLMA
26.72,27.05,26.72,26.94,6160,2021-11-10 14:45:00,OLMA
26.925,27.16,26.915,27.16,1600,2021-11-10 14:50:00,OLMA
27.27,27.27,26.95,26.97,17376,2021-11-10 14:55:00,OLMA
26.91,27.045,26.79,26.805,1008,2021-11-10 15:00:00,OLMA
26.86,26.99,26.86,26.99,300,2021-11-10 15:05:00,OLMA
27.0,27.0,26.89,26.895,9100,2021-11-10 15:10:00,OLMA
26.89,26.96,26.71,26.94,20511,2021-11-10 15:15:00,OLMA
26.85,26.8994,26.78,26.83,3360,2021-11-10 15:20:00,OLMA
26.83,26.97,26.76,26.93,9691,2021-11-10 15:25:00,OLMA
26.94,27.22,26.92,27.01,19497,2021-11-10 15:30:00,OLMA
27.0,27.085,26.98,27.0,2470,2021-11-10 15:35:00,OLMA
26.995,27.0,26.7,26.9,2640,2021-11-10 15:40:00,OLMA
26.95,27.1,26.93,27.025,2822,2021-11-10 15:45:00,OLMA
27.09,27.09,26.81,26.82,700,2021-11-10 15:50:00,OLMA
26.95,26.95,26.77,26.785,1600,2021-11-10 15:55:00,OLMA
26.79,27.04,26.79,27.04,1842,2021-11-10 16:00:00,OLMA
26.95,26.95,26.79,26.88,700,2021-11-10 16:05:00,OLMA
26.895,26.98,26.79,26.8,1636,2021-11-10 16:10:00,OLMA
26.81,26.91,26.81,26.86,1588,2021-11-10 16:15:00,OLMA
26.92,27.0,26.92,26.965,1300,2021-11-10 16:20:00,OLMA
26.955,27.01,26.9396,27.0,4037,2021-11-10 16:25:00,OLMA
27.03,27.14,27.03,27.14,1197,2021-11-10 16:30:00,OLMA
27.13,27.13,27.13,27.13,100,2021-11-10 16:35:00,OLMA
27.18,27.18,27.135,27.155,500,2021-11-10 16:40:00,OLMA
27.155,27.19,27.155,27.16,1600,2021-11-10 16:45:00,OLMA
27.16,27.16,26.98,27.01,3796,2021-11-10 16:50:00,OLMA
27.0,27.005,26.95,27.0,3040,2021-11-10 16:55:00,OLMA
27.0,27.045,27.0,27.045,1000,2021-11-10 17:00:00,OLMA
27.03,27.03,26.93,27.0,1000,2021-11-10 17:05:00,OLMA
27.0,27.02,26.9,26.9,12564,2021-11-10 17:10:00,OLMA
26.9,27.0,26.81,26.84,9456,2021-11-10 17:15:00,OLMA
26.86,27.04,26.86,26.97,7232,2021-11-10 17:20:00,OLMA
27.0,27.03,26.97,27.0,5937,2021-11-10 17:25:00,OLMA
26.98,26.98,26.93,26.93,300,2021-11-10 17:30:00,OLMA
26.97,27.02,26.94,27.0,1419,2021-11-10 17:35:00,OLMA
26.95,27.005,26.95,27.0,1000,2021-11-10 17:40:00,OLMA
26.955,26.955,26.945,26.945,200,2021-11-10 17:45:00,OLMA
26.99,26.99,26.945,26.955,600,2021-11-10 17:50:00,OLMA
27.0,27.005,26.96,26.96,1001,2021-11-10 17:55:00,OLMA
26.99,26.99,26.855,26.855,700,2021-11-10 18:00:00,OLMA
26.795,26.795,26.7,26.76,1100,2021-11-10 18:05:00,OLMA
26.815,26.815,26.74,26.74,800,2021-11-10 18:10:00,OLMA
26.705,26.705,26.65,26.705,322,2021-11-10 18:15:00,OLMA
26.66,26.685,26.59,26.68,6053,2021-11-10 18:20:00,OLMA
26.65,26.69,26.64,26.66,500,2021-11-10 18:25:00,OLMA
26.72,26.86,26.72,26.86,2103,2021-11-10 18:30:00,OLMA
26.88,26.88,26.7,26.84,1500,2021-11-10 18:35:00,OLMA
26.84,26.93,26.78,26.78,1346,2021-11-10 18:40:00,OLMA
26.85,26.85,26.685,26.685,500,2021-11-10 18:45:00,OLMA
26.69,26.78,26.6399,26.6399,514,2021-11-10 18:50:00,OLMA
26.78,27.06,26.69,27.06,1900,2021-11-10 18:55:00,OLMA
26.97,27.04,26.87,26.87,900,2021-11-10 19:00:00,OLMA
26.98,27.0,26.92,27.0,1000,2021-11-10 19:05:00,OLMA
26.905,27.0,26.89,26.95,600,2021-11-10 19:10:00,OLMA
26.96,26.96,26.81,26.94,820,2021-11-10 19:15:00,OLMA
26.9,26.9,26.73,26.79,800,2021-11-10 19:20:00,OLMA
26.69,26.69,26.69,26.69,100,2021-11-10 19:25:00,OLMA
26.72,26.88,26.72,26.81,1991,2021-11-10 19:30:00,OLMA
26.74,26.74,26.65,26.72,400,2021-11-10 19:35:00,OLMA
26.71,26.71,26.52,26.55,1000,2021-11-10 19:40:00,OLMA
26.55,26.78,26.55,26.71,20695,2021-11-10 19:45:00,OLMA
26.68,26.86,26.61,26.86,2000,2021-11-10 19:50:00,OLMA
26.87,26.87,26.75,26.82,1760,2021-11-10 19:55:00,OLMA
26.755,26.81,26.755,26.81,700,2021-11-10 20:00:00,OLMA
26.81,26.93,26.745,26.93,2617,2021-11-10 20:05:00,OLMA
26.93,26.93,26.865,26.885,2600,2021-11-10 20:10:00,OLMA
26.83,26.92,26.83,26.86,400,2021-11-10 20:15:00,OLMA
26.86,27.01,26.86,26.94,4583,2021-11-10 20:20:00,OLMA
26.875,26.92,26.86,26.86,1500,2021-11-10 20:25:00,OLMA
26.87,26.935,26.79,26.82,3175,2021-11-10 20:30:00,OLMA
26.83,26.89,26.83,26.88,1000,2021-11-10 20:35:00,OLMA
26.89,27.06,26.83,26.88,2037,2021-11-10 20:40:00,OLMA
26.845,26.91,26.82,26.87,3200,2021-11-10 20:45:00,OLMA
26.875,26.93,26.85,26.93,4111,2021-11-10 20:50:00,OLMA
26.92,26.92,26.73,26.73,14057,2021-11-10 20:55:00,OLMA
26.78,26.78,26.78,26.78,7106,2021-11-10 21:00:00,OLMA
27.95,27.95,27.95,27.95,100,2021-11-11 14:35:00,OLMA
27.55,27.78,27.21,27.6,4633,2021-11-11 14:40:00,OLMA
27.88,28.02,27.81,27.83,730,2021-11-11 14:45:00,OLMA
27.805,27.805,27.75,27.75,400,2021-11-11 14:50:00,OLMA
27.75,27.97,27.74,27.97,2377,2021-11-11 14:55:00,OLMA
28.11,28.26,27.97,27.97,3700,2021-11-11 15:00:00,OLMA
28.0,28.17,28.0,28.16,844,2021-11-11 15:05:00,OLMA
28.0,28.12,27.9,28.005,1688,2021-11-11 15:10:00,OLMA
27.99,27.99,27.805,27.85,1900,2021-11-11 15:15:00,OLMA
27.85,27.85,27.71,27.715,5112,2021-11-11 15:20:00,OLMA
27.74,27.74,27.655,27.655,1711,2021-11-11 15:25:00,OLMA
27.72,27.72,27.45,27.45,963,2021-11-11 15:30:00,OLMA
27.51,27.51,27.3601,27.4301,2803,2021-11-11 15:35:00,OLMA
27.4,27.4,27.3,27.37,900,2021-11-11 15:40:00,OLMA
27.26,27.335,27.25,27.25,800,2021-11-11 15:45:00,OLMA
27.12,27.2,27.06,27.07,7593,2021-11-11 15:50:00,OLMA
27.07,27.08,27.07,27.07,600,2021-11-11 15:55:00,OLMA
27.01,27.09,27.0,27.09,5900,2021-11-11 16:00:00,OLMA
27.03,27.13,27.03,27.04,800,2021-11-11 16:05:00,OLMA
27.03,27.04,27.03,27.04,200,2021-11-11 16:10:00,OLMA
27.15,27.18,27.05,27.05,1949,2021-11-11 16:15:00,OLMA
27.1267,27.1267,27.1267,27.1267,170,2021-11-11 16:20:00,OLMA
27.12,27.2083,27.12,27.2083,231,2021-11-11 16:25:00,OLMA
27.13,27.27,27.06,27.27,1100,2021-11-11 16:30:00,OLMA
27.21,27.41,27.19,27.41,4377,2021-11-11 16:35:00,OLMA
27.44,27.515,27.44,27.455,600,2021-11-11 16:40:00,OLMA
27.495,27.515,27.495,27.515,500,2021-11-11 16:45:00,OLMA
27.51,27.54,27.45,27.54,2207,2021-11-11 16:50:00,OLMA
27.46,27.5,27.46,27.5,434,2021-11-11 16:55:00,OLMA
27.5,27.62,27.3311,27.3311,7073,2021-11-11 17:00:00,OLMA
27.49,27.49,27.49,27.49,200,2021-11-11 17:05:00,OLMA
27.49,27.5,27.49,27.5,1405,2021-11-11 17:10:00,OLMA
27.5,27.54,27.5,27.54,300,2021-11-11 17:15:00,OLMA
27.54,27.54,27.5,27.5,700,2021-11-11 17:20:00,OLMA
27.5,27.53,27.44,27.44,2232,2021-11-11 17:25:00,OLMA
27.465,27.54,27.465,27.5,1597,2021-11-11 17:35:00,OLMA
27.51,27.51,27.48,27.51,400,2021-11-11 17:40:00,OLMA
27.5,27.52,27.46,27.48,900,2021-11-11 17:45:00,OLMA
27.43,27.43,27.27,27.33,900,2021-11-11 17:50:00,OLMA
27.32,27.355,27.29,27.29,500,2021-11-11 18:00:00,OLMA
27.335,27.345,27.335,27.345,200,2021-11-11 18:05:00,OLMA
27.3,27.335,27.08,27.105,3743,2021-11-11 18:10:00,OLMA
27.08,27.08,27.02,27.055,1289,2021-11-11 18:15:00,OLMA
27.05,27.08,27.01,27.03,1636,2021-11-11 18:20:00,OLMA
27.03,27.1,27.03,27.05,800,2021-11-11 18:25:00,OLMA
27.1,27.22,27.06,27.15,3980,2021-11-11 18:30:00,OLMA
27.15,27.15,27.15,27.15,100,2021-11-11 18:35:00,OLMA
27.215,27.215,27.09,27.11,1000,2021-11-11 18:40:00,OLMA
27.09,27.1,27.09,27.1,800,2021-11-11 18:45:00,OLMA
27.05,27.06,27.0,27.0,2643,2021-11-11 18:50:00,OLMA
27.0,27.0,26.975,26.975,300,2021-11-11 18:55:00,OLMA
26.96,27.095,26.96,27.02,804,2021-11-11 19:00:00,OLMA
27.045,27.07,27.0,27.03,2448,2021-11-11 19:05:00,OLMA
27.0,27.05,27.0,27.0,400,2021-11-11 19:10:00,OLMA
27.0,27.0,26.94,26.94,1988,2021-11-11 19:15:00,OLMA
27.0,27.035,27.0,27.035,200,2021-11-11 19:20:00,OLMA
27.0305,27.04,27.0,27.035,400,2021-11-11 19:25:00,OLMA
27.0,27.07,27.0,27.07,1300,2021-11-11 19:30:00,OLMA
27.09,27.11,27.0,27.04,2862,2021-11-11 19:35:00,OLMA
27.05,27.08,27.03,27.08,745,2021-11-11 19:40:00,OLMA
27.07,27.07,27.05,27.05,1000,2021-11-11 19:45:00,OLMA
27.04,27.04,27.0,27.0,330,2021-11-11 19:50:00,OLMA
27.04,27.05,27.04,27.05,200,2021-11-11 19:55:00,OLMA
27.015,27.08,26.99,27.04,4503,2021-11-11 20:00:00,OLMA
27.1,27.22,27.1,27.22,500,2021-11-11 20:05:00,OLMA
27.15,27.21,27.06,27.06,2200,2021-11-11 20:10:00,OLMA
27.12,27.13,27.105,27.105,600,2021-11-11 20:15:00,OLMA
27.13,27.19,27.095,27.095,1800,2021-11-11 20:20:00,OLMA
27.145,27.145,27.05,27.05,830,2021-11-11 20:25:00,OLMA
27.06,27.13,27.06,27.125,1600,2021-11-11 20:30:00,OLMA
27.15,27.165,27.06,27.105,3987,2021-11-11 20:35:00,OLMA
27.11,27.16,27.1,27.16,600,2021-11-11 20:40:00,OLMA
27.16,27.2,27.09,27.17,7092,2021-11-11 20:45:00,OLMA
27.16,27.21,27.11,27.19,9309,2021-11-11 20:50:00,OLMA
27.18,27.18,27.07,27.08,14853,2021-11-11 20:55:00,OLMA
27.09,27.09,27.09,27.09,9382,2021-11-11 21:00:00,OLMA
27.32,27.39,27.12,27.39,30415,2021-11-12 14:30:00,OLMA
27.315,27.315,26.9,27.0,11327,2021-11-12 14:40:00,OLMA
26.975,27.0,26.9667,26.9667,10600,2021-11-12 14:45:00,OLMA
27.07,27.07,27.0,27.0,1418,2021-11-12 14:50:00,OLMA
27.07,27.07,26.855,26.855,10403,2021-11-12 14:55:00,OLMA
27.04,27.04,26.9531,26.9531,1045,2021-11-12 15:00:00,OLMA
27.0,27.0,27.0,27.0,100,2021-11-12 15:05:00,OLMA
26.86,27.06,26.805,27.0099,23083,2021-11-12 15:10:00,OLMA
27.0,27.35,26.86,27.18,14258,2021-11-12 15:15:00,OLMA
27.15,27.17,27.1,27.15,900,2021-11-12 15:20:00,OLMA
27.19,27.36,27.19,27.3,1467,2021-11-12 15:25:00,OLMA
27.25,27.29,27.25,27.255,1100,2021-11-12 15:30:00,OLMA
27.25,27.3599,27.11,27.29,18319,2021-11-12 15:35:00,OLMA
27.29,27.29,27.26,27.27,300,2021-11-12 15:40:00,OLMA
27.29,27.29,27.26,27.26,200,2021-11-12 15:45:00,OLMA
27.26,27.26,27.25,27.25,300,2021-11-12 15:50:00,OLMA
27.315,27.315,27.21,27.26,1300,2021-11-12 15:55:00,OLMA
27.29,27.29,27.25,27.25,600,2021-11-12 16:00:00,OLMA
27.21,27.21,27.1,27.1,16109,2021-11-12 16:05:00,OLMA
27.14,27.14,27.08,27.08,1100,2021-11-12 16:10:00,OLMA
27.03,27.03,27.03,27.03,200,2021-11-12 16:15:00,OLMA
26.99,27.0,26.91,26.97,10800,2021-11-12 16:20:00,OLMA
26.9928,27.05,26.9928,27.01,1110,2021-11-12 16:25:00,OLMA
26.99,26.99,26.965,26.965,300,2021-11-12 16:30:00,OLMA
26.93,26.93,26.93,26.93,500,2021-11-12 16:40:00,OLMA
26.86,26.86,26.75,26.75,1540,2021-11-12 16:45:00,OLMA
26.76,26.76,26.75,26.755,1331,2021-11-12 16:50:00,OLMA
26.85,26.87,26.7,26.7005,2860,2021-11-12 17:05:00,OLMA
26.73,26.75,26.58,26.655,12300,2021-11-12 17:10:00,OLMA
26.66,26.74,26.66,26.74,400,2021-11-12 17:15:00,OLMA
26.82,26.82,26.82,26.82,299,2021-11-12 17:20:00,OLMA
26.8,26.8,26.8,26.8,200,2021-11-12 17:25:00,OLMA
26.84,26.85,26.79,26.79,900,2021-11-12 17:30:00,OLMA
26.73,26.73,26.73,26.73,100,2021-11-12 17:35:00,OLMA
26.73,26.73,26.72,26.72,300,2021-11-12 17:40:00,OLMA
26.62,26.62,26.62,26.62,100,2021-11-12 17:45:00,OLMA
26.68,26.68,26.61,26.61,200,2021-11-12 17:50:00,OLMA
26.61,26.61,26.61,26.61,100,2021-11-12 17:55:00,OLMA
26.62,26.62,26.62,26.62,700,2021-11-12 18:00:00,OLMA
26.67,26.67,26.67,26.67,100,2021-11-12 18:05:00,OLMA
26.66,26.71,26.66,26.71,700,2021-11-12 18:10:00,OLMA
26.7,26.72,26.7,26.7,700,2021-11-12 18:15:00,OLMA
26.8,26.82,26.8,26.82,700,2021-11-12 18:30:00,OLMA
26.83,26.835,26.83,26.835,400,2021-11-12 18:35:00,OLMA
26.8,26.8,26.79,26.7976,300,2021-11-12 18:40:00,OLMA
26.83,26.83,26.83,26.83,100,2021-11-12 18:45:00,OLMA
26.97,26.97,26.97,26.97,100,2021-11-12 18:50:00,OLMA
26.97,27.01,26.97,27.01,500,2021-11-12 18:55:00,OLMA
26.97,27.08,26.96,27.08,900,2021-11-12 19:05:00,OLMA
27.01,27.085,27.01,27.01,1000,2021-11-12 19:10:00,OLMA
27.0,27.0,26.98,26.98,200,2021-11-12 19:15:00,OLMA
26.96,26.96,26.96,26.96,100,2021-11-12 19:20:00,OLMA
27.01,27.01,26.985,26.985,1000,2021-11-12 19:25:00,OLMA
27.01,27.04,27.01,27.025,1137,2021-11-12 19:30:00,OLMA
27.01,27.04,27.01,27.04,1000,2021-11-12 19:35:00,OLMA
27.0,27.05,27.0,27.025,15500,2021-11-12 19:40:00,OLMA
27.01,27.03,27.01,27.01,800,2021-11-12 19:45:00,OLMA
27.02,27.02,26.81,26.81,1400,2021-11-12 19:50:00,OLMA
26.89,26.89,26.87,26.885,400,2021-11-12 19:55:00,OLMA
26.9,26.92,26.88,26.905,1000,2021-11-12 20:00:00,OLMA
26.9,26.9,26.84,26.85,1500,2021-11-12 20:05:00,OLMA
26.87,26.89,26.82,26.88,2218,2021-11-12 20:10:00,OLMA
26.885,26.91,26.79,26.83,10911,2021-11-12 20:15:00,OLMA
26.87,26.99,26.85,26.99,926,2021-11-12 20:20:00,OLMA
27.03,27.03,26.96,27.015,1000,2021-11-12 20:25:00,OLMA
27.04,27.04,26.99,27.01,1920,2021-11-12 20:30:00,OLMA
27.01,27.05,27.01,27.015,500,2021-11-12 20:35:00,OLMA
27.01,27.035,26.99,27.005,2374,2021-11-12 20:40:00,OLMA
27.01,27.03,27.0,27.015,2208,2021-11-12 20:45:00,OLMA
27.015,27.04,27.0,27.025,2855,2021-11-12 20:50:00,OLMA
27.025,27.08,26.89,27.015,32165,2021-11-12 20:55:00,OLMA
27.02,27.02,27.02,27.02,9167,2021-11-12 21:00:00,OLMA
27.39,27.69,27.12,27.12,29775,2021-11-15 14:30:00,OLMA
27.395,27.395,27.22,27.22,102542,2021-11-15 14:35:00,OLMA
27.19,27.2,27.02,27.02,2568,2021-11-15 14:40:00,OLMA
27.02,27.02,27.005,27.005,800,2021-11-15 14:45:00,OLMA
27.02,27.02,26.87,26.87,2600,2021-11-15 14:50:00,OLMA
26.85,26.99,26.85,26.86,11899,2021-11-15 14:55:00,OLMA
26.95,26.96,26.8,26.85,6179,2021-11-15 15:00:00,OLMA
26.85,26.9,26.5813,26.63,2160,2021-11-15 15:05:00,OLMA
26.645,26.755,26.584,26.755,1320,2021-11-15 15:10:00,OLMA
26.71,26.88,26.64,26.88,1250,2021-11-15 15:15:00,OLMA
26.865,26.865,26.865,26.865,100,2021-11-15 15:20:00,OLMA
26.8998,26.95,26.875,26.95,3400,2021-11-15 15:25:00,OLMA
26.8,26.91,26.8,26.91,1070,2021-11-15 15:30:00,OLMA
26.75,26.835,26.75,26.835,200,2021-11-15 15:40:00,OLMA
26.92,26.92,26.8514,26.8514,1200,2021-11-15 15:45:00,OLMA
26.89,26.89,26.85,26.85,683,2021-11-15 15:50:00,OLMA
26.85,27.02,26.85,27.005,900,2021-11-15 15:55:00,OLMA
27.005,27.07,27.0,27.0,500,2021-11-15 16:00:00,OLMA
27.0,27.05,27.0,27.05,660,2021-11-15 16:05:00,OLMA
27.08,27.24,27.08,27.24,2251,2021-11-15 16:10:00,OLMA
27.335,27.335,27.25,27.27,800,2021-11-15 16:15:00,OLMA
27.335,27.335,27.335,27.335,100,2021-11-15 16:20:00,OLMA
27.29,27.37,27.29,27.37,1200,2021-11-15 16:25:00,OLMA
27.345,27.345,27.11,27.11,5568,2021-11-15 16:30:00,OLMA
27.18,27.18,27.16,27.16,500,2021-11-15 16:35:00,OLMA
27.15,27.15,27.03,27.03,1300,2021-11-15 16:40:00,OLMA
27.02,27.12,27.02,27.12,500,2021-11-15 16:45:00,OLMA
27.13,27.13,27.13,27.13,100,2021-11-15 16:50:00,OLMA
27.095,27.095,27.095,27.095,100,2021-11-15 16:55:00,OLMA
27.105,27.105,27.02,27.02,400,2021-11-15 17:00:00,OLMA
27.09,27.09,27.08,27.08,200,2021-11-15 17:05:00,OLMA
27.15,27.15,27.13,27.13,301,2021-11-15 17:10:00,OLMA
27.15,27.185,27.12,27.13,1200,2021-11-15 17:20:00,OLMA
27.12,27.13,27.12,27.13,700,2021-11-15 17:25:00,OLMA
27.1,27.23,27.08,27.115,5500,2021-11-15 17:30:00,OLMA
27.115,27.115,27.08,27.09,1310,2021-11-15 17:35:00,OLMA
27.09,27.16,27.07,27.11,2700,2021-11-15 17:40:00,OLMA
27.12,27.12,27.09,27.09,400,2021-11-15 17:45:00,OLMA
27.12,27.13,27.1,27.1,400,2021-11-15 17:50:00,OLMA
27.125,27.13,27.125,27.13,300,2021-11-15 17:55:00,OLMA
27.16,27.16,27.13,27.16,1637,2021-11-15 18:05:00,OLMA
27.16,27.16,27.14,27.14,2183,2021-11-15 18:10:00,OLMA
27.16,27.2,27.14,27.16,3290,2021-11-15 18:15:00,OLMA
27.14,27.15,27.02,27.02,5611,2021-11-15 18:20:00,OLMA
27.02,27.03,26.89,26.89,11627,2021-11-15 18:25:00,OLMA
26.95,27.12,26.95,26.99,600,2021-11-15 18:30:00,OLMA
27.045,27.055,26.97,26.97,700,2021-11-15 18:35:00,OLMA
27.02,27.02,26.91,26.91,3091,2021-11-15 18:40:00,OLMA
26.995,26.995,26.97,26.99,955,2021-11-15 18:50:00,OLMA
26.985,27.02,26.985,27.02,5800,2021-11-15 18:55:00,OLMA
26.985,27.02,26.94,26.94,1515,2021-11-15 19:00:00,OLMA
26.94,26.95,26.86,26.86,1800,2021-11-15 19:05:00,OLMA
26.855,26.855,26.855,26.855,100,2021-11-15 19:15:00,OLMA
26.9,26.92,26.86,26.86,1300,2021-11-15 19:20:00,OLMA
26.86,26.895,26.85,26.86,1500,2021-11-15 19:25:00,OLMA
26.91,26.91,26.875,26.875,800,2021-11-15 19:30:00,OLMA
26.88,26.92,26.84,26.87,1900,2021-11-15 19:35:00,OLMA
26.84,26.84,26.84,26.84,200,2021-11-15 19:40:00,OLMA
26.88,26.88,26.86,26.86,200,2021-11-15 19:45:00,OLMA
26.8,26.8,26.7,26.7,5761,2021-11-15 19:50:00,OLMA
26.71,26.8,26.71,26.79,1494,2021-11-15 19:55:00,OLMA
26.78,26.78,26.5036,26.65,15941,2021-11-15 20:00:00,OLMA
26.62,26.62,26.58,26.585,900,2021-11-15 20:05:00,OLMA
26.63,26.68,26.55,26.55,3249,2021-11-15 20:10:00,OLMA
26.58,26.66,26.54,26.54,600,2021-11-15 20:15:00,OLMA
26.52,26.52,26.49,26.49,1797,2021-11-15 20:20:00,OLMA
26.445,26.46,26.34,26.395,4342,2021-11-15 20:25:00,OLMA
26.37,26.38,26.29,26.29,2550,2021-11-15 20:30:00,OLMA
26.27,26.29,26.27,26.28,400,2021-11-15 20:35:00,OLMA
26.29,26.29,26.205,26.2599,3850,2021-11-15 20:40:00,OLMA
26.26,26.26,26.16,26.21,3563,2021-11-15 20:45:00,OLMA
26.2,26.27,26.16,26.24,5591,2021-11-15 20:50:00,OLMA
26.25,26.29,26.14,26.26,12771,2021-11-15 20:55:00,OLMA
26.29,26.29,26.29,26.29,13229,2021-11-15 21:00:00,OLMA
26.3,26.61,26.09,26.14,3130,2021-11-16 14:30:00,OLMA
26.16,26.44,26.06,26.3,2014,2021-11-16 14:35:00,OLMA
26.21,26.46,26.21,26.46,2326,2021-11-16 14:40:00,OLMA
26.63,26.73,26.52,26.64,23800,2021-11-16 14:45:00,OLMA
26.505,26.72,26.27,26.72,2000,2021-11-16 14:50:00,OLMA
26.61,26.7,26.4,26.4,6270,2021-11-16 14:55:00,OLMA
26.48,26.635,26.4,26.56,900,2021-11-16 15:00:00,OLMA
26.67,26.7,26.485,26.485,1150,2021-11-16 15:05:00,OLMA
26.48,26.48,26.34,26.34,300,2021-11-16 15:10:00,OLMA
26.43,26.5,26.331,26.38,1300,2021-11-16 15:15:00,OLMA
26.32,26.32,26.28,26.28,972,2021-11-16 15:20:00,OLMA
26.275,26.275,26.06,26.145,1423,2021-11-16 15:25:00,OLMA
26.145,26.145,26.145,26.145,400,2021-11-16 15:30:00,OLMA
26.155,26.26,26.155,26.19,1600,2021-11-16 15:35:00,OLMA
26.23,26.23,26.08,26.15,500,2021-11-16 15:40:00,OLMA
26.1582,26.1582,25.86,25.86,3393,2021-11-16 15:45:00,OLMA
25.86,25.95,25.84,25.84,1514,2021-11-16 15:50:00,OLMA
25.87,25.87,25.8116,25.8116,1082,2021-11-16 15:55:00,OLMA
25.8,25.85,25.8,25.85,2018,2021-11-16 16:00:00,OLMA
25.805,25.805,25.8,25.8,400,2021-11-16 16:05:00,OLMA
25.75,25.78,25.75,25.75,1239,2021-11-16 16:10:00,OLMA
25.75,25.8,25.75,25.79,800,2021-11-16 16:15:00,OLMA
25.82,25.82,25.72,25.72,407,2021-11-16 16:20:00,OLMA
25.7,25.77,25.7,25.77,857,2021-11-16 16:25:00,OLMA
25.76,25.76,25.67,25.67,202,2021-11-16 16:30:00,OLMA
25.61,25.615,25.57,25.615,700,2021-11-16 16:35:00,OLMA
25.56,25.615,25.56,25.615,300,2021-11-16 16:40:00,OLMA
25.6,25.71,25.6,25.71,400,2021-11-16 16:45:00,OLMA
25.64,25.67,25.64,25.67,200,2021-11-16 16:50:00,OLMA
25.64,25.67,25.63,25.67,831,2021-11-16 16:55:00,OLMA
25.71,25.88,25.71,25.74,2910,2021-11-16 17:00:00,OLMA
25.82,26.03,25.78,25.78,7513,2021-11-16 17:05:00,OLMA
25.865,25.865,25.8,25.8,200,2021-11-16 17:10:00,OLMA
25.86,26.07,25.8,25.93,3900,2021-11-16 17:15:00,OLMA
26.07,26.29,26.07,26.24,4900,2021-11-16 17:20:00,OLMA
26.29,26.395,26.25,26.37,1400,2021-11-16 17:25:00,OLMA
26.395,26.57,26.395,26.5,1400,2021-11-16 17:30:00,OLMA
26.52,26.56,26.51,26.51,3253,2021-11-16 17:35:00,OLMA
26.535,26.535,26.48,26.48,1451,2021-11-16 17:40:00,OLMA
26.47,26.47,26.37,26.37,3102,2021-11-16 17:45:00,OLMA
26.42,26.42,26.38,26.38,200,2021-11-16 17:50:00,OLMA
26.37,26.37,26.25,26.25,2900,2021-11-16 17:55:00,OLMA
26.295,26.3299,26.23,26.23,2680,2021-11-16 18:00:00,OLMA
26.25,26.25,26.19,26.19,8517,2021-11-16 18:05:00,OLMA
26.2371,26.2371,26.21,26.2371,400,2021-11-16 18:10:00,OLMA
26.2407,26.255,26.18,26.235,6688,2021-11-16 18:15:00,OLMA
26.28,26.28,26.18,26.19,1569,2021-11-16 18:20:00,OLMA
26.28,26.29,26.1973,26.1973,887,2021-11-16 18:25:00,OLMA
26.1969,26.235,26.1969,26.22,700,2021-11-16 18:30:00,OLMA
26.225,26.225,26.19,26.225,650,2021-11-16 18:35:00,OLMA
26.225,26.28,26.17,26.18,5645,2021-11-16 18:40:00,OLMA
26.28,26.28,26.23,26.23,500,2021-11-16 18:45:00,OLMA
26.23,26.3,26.23,26.3,400,2021-11-16 18:50:00,OLMA
26.315,26.565,26.28,26.5,3435,2021-11-16 18:55:00,OLMA
26.505,26.58,26.475,26.475,600,2021-11-16 19:00:00,OLMA
26.53,26.66,26.47,26.52,2620,2021-11-16 19:05:00,OLMA
26.59,26.605,26.54,26.58,1750,2021-11-16 19:10:00,OLMA
26.58,26.72,26.55,26.55,1000,2021-11-16 19:15:00,OLMA
26.74,26.9,26.63,26.74,2500,2021-11-16 19:20:00,OLMA
26.83,26.89,26.77,26.77,2966,2021-11-16 19:25:00,OLMA
26.8,26.85,26.75,26.8,600,2021-11-16 19:30:00,OLMA
26.815,26.965,26.815,26.84,2623,2021-11-16 19:35:00,OLMA
26.85,26.885,26.84,26.84,1338,2021-11-16 19:40:00,OLMA
26.89,26.95,26.87,26.87,5877,2021-11-16 19:45:00,OLMA
26.87,26.97,26.74,26.76,11715,2021-11-16 19:50:00,OLMA
26.775,26.9687,26.6,26.62,12348,2021-11-16 19:55:00,OLMA
26.66,26.8441,26.47,26.6,10533,2021-11-16 20:00:00,OLMA
26.7,26.8,26.58,26.67,11939,2021-11-16 20:05:00,OLMA
26.65,26.65,26.4,26.51,2964,2021-11-16 20:10:00,OLMA
26.61,26.61,26.33,26.34,2002,2021-11-16 20:15:00,OLMA
26.34,26.34,26.19,26.2,2800,2021-11-16 20:20:00,OLMA
26.25,26.3,26.05,26.05,10584,2021-11-16 20:25:00,OLMA
26.0,26.1808,26.0,26.14,6962,2021-11-16 20:30:00,OLMA
26.14,26.26,26.07,26.07,10143,2021-11-16 20:35:00,OLMA
26.07,26.16,26.05,26.05,5268,2021-11-16 20:40:00,OLMA
26.1,26.24,26.05,26.195,6420,2021-11-16 20:45:00,OLMA
26.21,26.495,26.21,26.45,6189,2021-11-16 20:50:00,OLMA
26.48,26.52,26.33,26.45,36436,2021-11-16 20:55:00,OLMA
26.45,26.45,26.45,26.45,23568,2021-11-16 21:00:00,OLMA
26.34,27.265,26.34,26.36,10818,2021-11-17 14:30:00,OLMA
26.035,26.71,26.035,26.62,1999,2021-11-17 14:35:00,OLMA
26.49,26.49,26.1954,26.23,5011,2021-11-17 14:40:00,OLMA
26.28,26.47,26.1,26.1,5047,2021-11-17 14:45:00,OLMA
26.0,26.01,25.55,25.55,3990,2021-11-17 14:50:00,OLMA
25.65,25.65,25.37,25.37,2975,2021-11-17 14:55:00,OLMA
25.4669,25.4669,25.33,25.33,745,2021-11-17 15:00:00,OLMA
25.41,25.5,25.32,25.32,500,2021-11-17 15:05:00,OLMA
25.25,25.27,25.08,25.21,1869,2021-11-17 15:10:00,OLMA
25.232,25.232,25.02,25.02,296,2021-11-17 15:15:00,OLMA
25.02,25.02,25.02,25.02,100,2021-11-17 15:20:00,OLMA
25.0,25.05,24.93,25.0,3546,2021-11-17 15:25:00,OLMA
24.95,24.95,24.77,24.825,4283,2021-11-17 15:30:00,OLMA
24.6701,24.805,24.6701,24.805,1444,2021-11-17 15:35:00,OLMA
24.81,25.145,24.81,25.035,7197,2021-11-17 15:40:00,OLMA
25.04,25.08,24.97,25.05,2727,2021-11-17 15:45:00,OLMA
25.08,25.45,25.08,25.4,4534,2021-11-17 15:50:00,OLMA
25.41,25.41,25.395,25.4,400,2021-11-17 15:55:00,OLMA
25.43,25.655,25.43,25.53,5100,2021-11-17 16:00:00,OLMA
25.58,25.58,25.385,25.385,4501,2021-11-17 16:05:00,OLMA
25.385,25.385,25.35,25.385,400,2021-11-17 16:10:00,OLMA
25.39,25.39,25.02,25.02,4225,2021-11-17 16:15:00,OLMA
25.09,25.18,25.05,25.14,1500,2021-11-17 16:20:00,OLMA
25.14,25.14,25.135,25.135,200,2021-11-17 16:25:00,OLMA
25.05,25.05,24.71,24.71,1862,2021-11-17 16:30:00,OLMA
24.85,24.85,24.775,24.8,1900,2021-11-17 16:35:00,OLMA
24.83,24.83,24.74,24.805,400,2021-11-17 16:40:00,OLMA
24.75,24.85,24.7,24.85,1500,2021-11-17 16:45:00,OLMA
24.6883,24.6883,24.37,24.4,2950,2021-11-17 16:50:00,OLMA
24.44,24.57,24.405,24.57,2362,2021-11-17 16:55:00,OLMA
24.555,24.555,24.44,24.45,1764,2021-11-17 17:00:00,OLMA
24.44,24.505,24.44,24.44,1200,2021-11-17 17:05:00,OLMA
24.45,24.93,24.44,24.85,11529,2021-11-17 17:10:00,OLMA
24.79,24.94,24.7,24.855,16570,2021-11-17 17:15:00,OLMA
24.85,24.9,24.7,24.7,2000,2021-11-17 17:20:00,OLMA
24.725,24.75,24.49,24.49,1800,2021-11-17 17:25:00,OLMA
24.575,24.61,24.48,24.59,1102,2021-11-17 17:30:00,OLMA
24.65,24.67,24.49,24.555,2313,2021-11-17 17:35:00,OLMA
24.55,24.55,24.35,24.48,500,2021-11-17 17:40:00,OLMA
24.36,24.48,24.27,24.31,2660,2021-11-17 17:45:00,OLMA
24.325,24.325,24.19,24.19,300,2021-11-17 17:50:00,OLMA
24.135,24.18,24.05,24.18,2532,2021-11-17 17:55:00,OLMA
24.15,24.2295,24.1,24.2,4400,2021-11-17 18:00:00,OLMA
24.2,24.58,24.2,24.545,4745,2021-11-17 18:05:00,OLMA
24.505,24.56,24.46,24.545,1200,2021-11-17 18:10:00,OLMA
24.47,24.595,24.46,24.59,1100,2021-11-17 18:15:00,OLMA
24.595,24.87,24.595,24.87,2246,2021-11-17 18:20:00,OLMA
24.77,25.01,24.75,24.965,17575,2021-11-17 18:25:00,OLMA
24.965,25.31,24.965,25.31,8811,2021-11-17 18:30:00,OLMA
25.43,25.65,25.27,25.49,15390,2021-11-17 18:35:00,OLMA
25.49,25.6,25.28,25.395,10635,2021-11-17 18:40:00,OLMA
25.3,25.665,25.3,25.665,1228,2021-11-17 18:45:00,OLMA
25.75,25.78,25.68,25.765,1195,2021-11-17 18:50:00,OLMA
25.785,25.815,25.6801,25.69,5032,2021-11-17 18:55:00,OLMA
25.68,25.83,25.68,25.765,5194,2021-11-17 19:00:00,OLMA
25.735,25.8013,25.68,25.755,2600,2021-11-17 19:05:00,OLMA
25.7818,25.88,25.77,25.88,5178,2021-11-17 19:10:00,OLMA
25.84,26.04,25.84,25.87,4200,2021-11-17 19:15:00,OLMA
25.78,25.91,25.73,25.8,1667,2021-11-17 19:20:00,OLMA
25.7634,25.86,25.7634,25.77,1900,2021-11-17 19:25:00,OLMA
25.805,25.805,25.54,25.5514,3100,2021-11-17 19:30:00,OLMA
25.56,25.56,25.44,25.495,1300,2021-11-17 19:35:00,OLMA
25.54,25.7,25.54,25.635,1277,2021-11-17 19:40:00,OLMA
25.645,25.645,25.49,25.49,843,2021-11-17 19:45:00,OLMA
25.555,25.555,25.5,25.5,200,2021-11-17 19:50:00,OLMA
25.54,25.54,25.48,25.48,620,2021-11-17 19:55:00,OLMA
25.48,25.51,25.335,25.335,2400,2021-11-17 20:00:00,OLMA
25.3,25.46,25.3,25.45,1000,2021-11-17 20:05:00,OLMA
25.42,25.47,25.37,25.37,1359,2021-11-17 20:10:00,OLMA
25.4299,25.5399,25.375,25.475,3388,2021-11-17 20:15:00,OLMA
25.48,25.48,25.34,25.34,1237,2021-11-17 20:20:00,OLMA
25.41,25.51,25.36,25.36,2801,2021-11-17 20:25:00,OLMA
25.42,25.54,25.395,25.49,3257,2021-11-17 20:30:00,OLMA
25.49,25.53,25.37,25.53,1800,2021-11-17 20:35:00,OLMA
25.4789,25.51,25.42,25.445,2656,2021-11-17 20:40:00,OLMA
25.46,25.59,25.42,25.59,7689,2021-11-17 20:45:00,OLMA
25.61,25.645,25.38,25.44,84728,2021-11-17 20:50:00,OLMA
25.42,25.44,25.23,25.29,17727,2021-11-17 20:55:00,OLMA
25.3,25.3,25.25,25.3,12334,2021-11-17 21:00:00,OLMA
25.29,25.29,24.4,25.25,1167,2021-11-18 14:30:00,OLMA
25.155,25.25,25.155,25.25,420,2021-11-18 14:40:00,OLMA
25.16,25.16,25.16,25.16,100,2021-11-18 14:45:00,OLMA
25.09,25.185,24.99,25.185,8806,2021-11-18 14:50:00,OLMA
25.23,25.26,25.06,25.075,1619,2021-11-18 14:55:00,OLMA
24.99,24.99,24.715,24.715,300,2021-11-18 15:00:00,OLMA
24.68,24.68,24.505,24.505,900,2021-11-18 15:05:00,OLMA
24.51,24.68,24.48,24.68,11024,2021-11-18 15:10:00,OLMA
24.585,24.99,24.58,24.78,3800,2021-11-18 15:15:00,OLMA
24.77,24.77,24.59,24.665,1400,2021-11-18 15:20:00,OLMA
24.45,24.51,24.26,24.51,12996,2021-11-18 15:25:00,OLMA
24.42,24.42,24.3466,24.41,1059,2021-11-18 15:30:00,OLMA
24.47,24.47,24.19,24.21,1839,2021-11-18 15:35:00,OLMA
24.17,24.3,24.17,24.28,900,2021-11-18 15:40:00,OLMA
24.22,24.47,24.22,24.39,1000,2021-11-18 15:45:00,OLMA
24.48,24.48,24.48,24.48,100,2021-11-18 15:50:00,OLMA
24.48,24.48,24.41,24.41,821,2021-11-18 15:55:00,OLMA
24.34,24.37,24.23,24.26,1452,2021-11-18 16:00:00,OLMA
24.32,24.37,24.3,24.37,663,2021-11-18 16:05:00,OLMA
24.42,24.43,24.31,24.43,2031,2021-11-18 16:10:00,OLMA
24.325,24.325,24.29,24.29,300,2021-11-18 16:15:00,OLMA
24.29,24.45,24.25,24.45,1418,2021-11-18 16:20:00,OLMA
24.45,25.07,24.45,24.92,39725,2021-11-18 16:25:00,OLMA
24.76,24.9,24.73,24.82,4153,2021-11-18 16:30:00,OLMA
25.025,25.025,24.9,24.93,2803,2021-11-18 16:35:00,OLMA
24.93,25.14,24.93,25.14,11817,2021-11-18 16:40:00,OLMA
25.08,25.26,25.08,25.24,2050,2021-11-18 16:45:00,OLMA
25.26,25.3699,25.16,25.23,1904,2021-11-18 16:50:00,OLMA
25.315,25.32,25.22,25.26,2100,2021-11-18 16:55:00,OLMA
25.245,25.405,25.17,25.4,4723,2021-11-18 17:00:00,OLMA
25.41,25.53,25.41,25.53,1600,2021-11-18 17:05:00,OLMA
25.445,25.525,25.445,25.45,1570,2021-11-18 17:10:00,OLMA
25.45,25.65,25.44,25.645,2300,2021-11-18 17:15:00,OLMA
25.645,25.645,25.485,25.485,3400,2021-11-18 17:20:00,OLMA
25.49,25.49,25.38,25.4,700,2021-11-18 17:25:00,OLMA
25.34,25.37,25.17,25.17,12483,2021-11-18 17:30:00,OLMA
25.16,25.175,25.01,25.13,2400,2021-11-18 17:35:00,OLMA
25.115,25.16,25.115,25.16,600,2021-11-18 17:40:00,OLMA
25.14,25.155,25.1,25.155,1100,2021-11-18 17:45:00,OLMA
25.205,25.205,25.03,25.03,1186,2021-11-18 17:50:00,OLMA
25.04,25.04,25.0,25.02,900,2021-11-18 17:55:00,OLMA
25.03,25.03,24.97,24.97,300,2021-11-18 18:00:00,OLMA
24.97,24.97,24.93,24.97,500,2021-11-18 18:05:00,OLMA
24.93,25.03,24.93,25.0,2040,2021-11-18 18:10:00,OLMA
24.97,24.97,24.94,24.955,910,2021-11-18 18:15:00,OLMA
24.86,24.915,24.86,24.915,482,2021-11-18 18:20:00,OLMA
24.88,24.97,24.88,24.97,1200,2021-11-18 18:25:00,OLMA
24.98,24.98,24.9,24.925,4500,2021-11-18 18:30:00,OLMA
24.95,24.95,24.83,24.84,8455,2021-11-18 18:35:00,OLMA
24.86,24.88,24.85,24.85,2200,2021-11-18 18:40:00,OLMA
24.88,24.9,24.865,24.89,400,2021-11-18 18:45:00,OLMA
24.88,24.88,24.82,24.85,5396,2021-11-18 18:50:00,OLMA
24.865,24.88,24.86,24.86,600,2021-11-18 18:55:00,OLMA
24.905,24.905,24.86,24.905,300,2021-11-18 19:00:00,OLMA
24.9,24.9,24.85,24.86,800,2021-11-18 19:05:00,OLMA
24.85,24.895,24.85,24.86,700,2021-11-18 19:10:00,OLMA
24.865,24.93,24.865,24.9,2600,2021-11-18 19:15:00,OLMA
24.87,24.89,24.86,24.885,900,2021-11-18 19:20:00,OLMA
24.88,24.88,24.88,24.88,100,2021-11-18 19:25:00,OLMA
24.85,24.87,24.83,24.86,4634,2021-11-18 19:30:00,OLMA
24.855,24.91,24.855,24.905,722,2021-11-18 19:35:00,OLMA
24.88,24.88,24.86,24.86,1027,2021-11-18 19:40:00,OLMA
24.84,24.88,24.84,24.85,2875,2021-11-18 19:45:00,OLMA
24.84,24.95,24.84,24.9,5396,2021-11-18 19:50:00,OLMA
24.91,24.925,24.87,24.87,900,2021-11-18 19:55:00,OLMA
24.87,24.87,24.83,24.83,2770,2021-11-18 20:00:00,OLMA
24.87,24.95,24.87,24.95,7190,2021-11-18 20:05:00,OLMA
24.94,24.95,24.9,24.9,3371,2021-11-18 20:10:00,OLMA
24.87,24.87,24.82,24.8286,2400,2021-11-18 20:15:00,OLMA
24.82,24.895,24.81,24.865,5991,2021-11-18 20:20:00,OLMA
24.94,24.955,24.88,24.8925,1543,2021-11-18 20:25:00,OLMA
24.86,24.95,24.855,24.86,4950,2021-11-18 20:30:00,OLMA
24.84,24.95,24.83,24.86,4862,2021-11-18 20:35:00,OLMA
24.85,24.95,24.85,24.94,3900,2021-11-18 20:40:00,OLMA
24.87,24.95,24.84,24.9,17773,2021-11-18 20:45:00,OLMA
24.9,24.95,24.88,24.9,16742,2021-11-18 20:50:00,OLMA
24.92,24.95,24.88,24.91,12738,2021-11-18 20:55:00,OLMA
24.92,24.92,24.92,24.92,29758,2021-11-18 21:00:00,OLMA
24.98,24.98,23.0101,23.46,46120,2021-11-19 14:30:00,OLMA
23.5,24.1,23.5,24.0308,16891,2021-11-19 14:35:00,OLMA
24.08,24.27,24.08,24.23,10061,2021-11-19 14:40:00,OLMA
24.24,24.44,24.01,24.01,1128,2021-11-19 14:45:00,OLMA
24.02,24.03,23.29,23.31,6533,2021-11-19 14:50:00,OLMA
23.13,23.16,21.45,21.8,67223,2021-11-19 14:55:00,OLMA
21.6,21.92,21.6,21.91,8880,2021-11-19 15:00:00,OLMA
21.87,21.8775,21.5301,21.64,9952,2021-11-19 15:05:00,OLMA
21.4701,21.61,21.41,21.61,2600,2021-11-19 15:10:00,OLMA
21.47,21.47,20.94,20.965,7872,2021-11-19 15:15:00,OLMA
20.91,21.28,20.79,21.28,9877,2021-11-19 15:20:00,OLMA
21.54,21.54,21.23,21.265,11042,2021-11-19 15:25:00,OLMA
21.26,21.66,21.25,21.66,41436,2021-11-19 15:30:00,OLMA
21.76,22.05,21.63,21.86,120384,2021-11-19 15:35:00,OLMA
21.86,22.07,21.83,21.94,23083,2021-11-19 15:40:00,OLMA
21.93,22.02,21.84,21.95,8757,2021-11-19 15:45:00,OLMA
21.95,22.02,21.6801,21.91,10911,2021-11-19 15:50:00,OLMA
21.91,22.1,21.815,22.0,189083,2021-11-19 15:55:00,OLMA
22.01,22.15,21.93,22.15,9268,2021-11-19 16:00:00,OLMA
22.03,22.05,21.92,21.97,4440,2021-11-19 16:05:00,OLMA
21.98,22.03,21.9101,21.995,3914,2021-11-19 16:10:00,OLMA
22.0,22.09,21.91,22.04,14350,2021-11-19 16:15:00,OLMA
22.06,22.1399,22.0,22.1399,2860,2021-11-19 16:20:00,OLMA
22.04,22.07,21.9739,22.07,3835,2021-11-19 16:25:00,OLMA
22.07,22.28,21.91,22.18,36950,2021-11-19 16:30:00,OLMA
22.17,22.2,22.14,22.14,2526,2021-11-19 16:35:00,OLMA
22.1,22.24,22.09,22.2,8875,2021-11-19 16:40:00,OLMA
22.2,22.3,22.0,22.3,26486,2021-11-19 16:45:00,OLMA
22.25,22.3,22.2,22.255,3335,2021-11-19 16:50:00,OLMA
22.3,22.3,22.24,22.3,4107,2021-11-19 16:55:00,OLMA
22.23,22.25,22.155,22.25,3158,2021-11-19 17:00:00,OLMA
22.25,22.25,22.25,22.25,226,2021-11-19 17:05:00,OLMA
22.25,22.3,22.25,22.295,34890,2021-11-19 17:10:00,OLMA
22.28,22.3,22.25,22.2675,5190,2021-11-19 17:15:00,OLMA
22.2675,22.275,22.16,22.25,4855,2021-11-19 17:20:00,OLMA
22.25,22.275,22.25,22.25,4287,2021-11-19 17:25:00,OLMA
22.265,22.275,22.25,22.275,1113,2021-11-19 17:30:00,OLMA
22.27,22.27,22.2625,22.2625,200,2021-11-19 17:35:00,OLMA
22.28,22.3,22.27,22.27,19415,2021-11-19 17:40:00,OLMA
22.2725,22.28,21.96,22.085,21446,2021-11-19 17:45:00,OLMA
22.1,22.105,22.1,22.105,645,2021-11-19 17:50:00,OLMA
22.08,22.08,21.95,22.0,3001,2021-11-19 17:55:00,OLMA
21.98,22.02,21.88,21.975,5450,2021-11-19 18:00:00,OLMA
22.03,22.03,21.9775,21.9775,2700,2021-11-19 18:05:00,OLMA
21.96,22.03,21.95,22.03,2732,2021-11-19 18:10:00,OLMA
22.045,22.045,22.02,22.04,400,2021-11-19 18:15:00,OLMA
22.03,22.04,22.025,22.04,3650,2021-11-19 18:20:00,OLMA
22.04,22.11,22.03,22.1005,3353,2021-11-19 18:25:00,OLMA
22.11,22.13,22.11,22.13,200,2021-11-19 18:30:00,OLMA
22.11,22.11,22.08,22.11,4698,2021-11-19 18:35:00,OLMA
22.11,22.13,22.08,22.13,1300,2021-11-19 18:40:00,OLMA
22.12,22.12,22.1,22.1,2593,2021-11-19 18:45:00,OLMA
22.1,22.28,22.08,22.28,4774,2021-11-19 18:50:00,OLMA
22.28,22.3,22.23,22.265,40164,2021-11-19 18:55:00,OLMA
22.265,22.3,22.26,22.3,5896,2021-11-19 19:00:00,OLMA
22.3,22.74,22.25,22.6,11215,2021-11-19 19:05:00,OLMA
22.67,22.68,22.53,22.64,6997,2021-11-19 19:10:00,OLMA
22.69,22.7,22.6,22.635,2137,2021-11-19 19:15:00,OLMA
22.69,22.83,22.61,22.64,6448,2021-11-19 19:20:00,OLMA
22.73,22.76,22.635,22.65,1600,2021-11-19 19:25:00,OLMA
22.64,22.81,22.635,22.78,4842,2021-11-19 19:30:00,OLMA
22.72,22.78,22.64,22.66,8222,2021-11-19 19:35:00,OLMA
22.645,22.73,22.61,22.69,34782,2021-11-19 19:40:00,OLMA
22.64,22.685,22.62,22.65,11468,2021-11-19 19:45:00,OLMA
22.68,22.92,22.66,22.92,3844,2021-11-19 19:50:00,OLMA
22.91,23.02,22.6,22.97,19544,2021-11-19 19:55:00,OLMA
22.98,22.98,22.79,22.86,9580,2021-11-19 20:00:00,OLMA
22.86,22.9475,22.835,22.91,3527,2021-11-19 20:05:00,OLMA
22.85,22.91,22.74,22.805,18685,2021-11-19 20:10:00,OLMA
22.82,22.82,22.66,22.68,15074,2021-11-19 20:15:00,OLMA
22.6925,22.77,22.69,22.77,1110,2021-11-19 20:20:00,OLMA
22.8,22.8,22.77,22.8,5964,2021-11-19 20:25:00,OLMA
22.81,22.92,22.81,22.92,5480,2021-11-19 20:30:00,OLMA
22.9,22.92,22.81,22.81,11465,2021-11-19 20:35:00,OLMA
22.86,22.97,22.83,22.88,9541,2021-11-19 20:40:00,OLMA
22.9,22.9,22.85,22.88,8447,2021-11-19 20:45:00,OLMA
22.88,22.88,22.69,22.74,19685,2021-11-19 20:50:00,OLMA
22.74,22.91,22.63,22.8,69046,2021-11-19 20:55:00,OLMA
22.76,22.76,22.76,22.76,25015,2021-11-19 21:00:00,OLMA
22.75,22.95,22.52,22.52,3233,2021-11-22 14:30:00,OLMA
22.52,22.62,22.1,22.32,2560,2021-11-22 14:35:00,OLMA
22.18,22.2151,22.0,22.0,3261,2021-11-22 14:40:00,OLMA
21.81,22.21,21.81,22.17,2171,2021-11-22 14:45:00,OLMA
22.15,22.39,22.15,22.34,1770,2021-11-22 14:50:00,OLMA
22.45,22.635,22.45,22.505,3303,2021-11-22 14:55:00,OLMA
22.505,22.62,22.505,22.62,300,2021-11-22 15:00:00,OLMA
22.61,22.61,22.3,22.3,1900,2021-11-22 15:05:00,OLMA
22.28,22.425,22.265,22.425,1100,2021-11-22 15:10:00,OLMA
22.355,22.59,22.355,22.465,2854,2021-11-22 15:15:00,OLMA
22.485,22.68,22.45,22.51,3000,2021-11-22 15:20:00,OLMA
22.51,22.51,22.38,22.43,1400,2021-11-22 15:25:00,OLMA
22.565,22.58,22.49,22.49,1987,2021-11-22 15:30:00,OLMA
22.44,22.44,22.25,22.28,2299,2021-11-22 15:35:00,OLMA
22.18,22.18,22.12,22.135,600,2021-11-22 15:40:00,OLMA
22.24,22.24,22.075,22.075,300,2021-11-22 15:45:00,OLMA
22.01,22.01,21.81,21.925,1600,2021-11-22 15:50:00,OLMA
21.9379,21.94,21.935,21.94,700,2021-11-22 15:55:00,OLMA
21.95,21.95,21.8,21.8,1800,2021-11-22 16:00:00,OLMA
21.8,21.95,21.8,21.84,500,2021-11-22 16:05:00,OLMA
21.86,21.99,21.86,21.99,1000,2021-11-22 16:10:00,OLMA
21.99,21.99,21.95,21.95,1670,2021-11-22 16:15:00,OLMA
21.8901,21.99,21.8901,21.92,400,2021-11-22 16:20:00,OLMA
21.995,22.05,21.91,22.05,1900,2021-11-22 16:25:00,OLMA
21.98,22.09,21.8,21.8,1963,2021-11-22 16:30:00,OLMA
21.8,21.95,21.8,21.95,1600,2021-11-22 16:35:00,OLMA
21.95,21.99,21.83,21.83,400,2021-11-22 16:40:00,OLMA
21.9,21.9,21.77,21.78,2420,2021-11-22 16:45:00,OLMA
21.715,21.79,21.54,21.54,2843,2021-11-22 16:50:00,OLMA
21.55,21.6294,21.54,21.6294,1015,2021-11-22 16:55:00,OLMA
21.7,21.7,21.5649,21.7,600,2021-11-22 17:00:00,OLMA
21.59,21.64,21.58,21.615,1200,2021-11-22 17:05:00,OLMA
21.57,21.615,21.57,21.58,300,2021-11-22 17:10:00,OLMA
21.63,21.63,21.565,21.625,900,2021-11-22 17:15:00,OLMA
21.57,21.625,21.53,21.53,1200,2021-11-22 17:20:00,OLMA
21.56,21.56,21.52,21.555,859,2021-11-22 17:25:00,OLMA
21.6,21.61,21.57,21.585,1310,2021-11-22 17:30:00,OLMA
21.585,21.655,21.56,21.655,1942,2021-11-22 17:35:00,OLMA
21.66,21.7,21.62,21.69,1100,2021-11-22 17:40:00,OLMA
21.61,21.69,21.61,21.66,3129,2021-11-22 17:45:00,OLMA
21.62,21.62,21.5366,21.56,1800,2021-11-22 17:50:00,OLMA
21.51,21.56,21.51,21.56,1498,2021-11-22 17:55:00,OLMA
21.565,21.565,21.52,21.53,2170,2021-11-22 18:00:00,OLMA
21.565,21.565,21.36,21.36,5277,2021-11-22 18:05:00,OLMA
21.25,21.335,21.24,21.26,2728,2021-11-22 18:10:00,OLMA
21.25,21.25,21.0,21.0,3118,2021-11-22 18:15:00,OLMA
21.005,21.12,21.0,21.04,2800,2021-11-22 18:20:00,OLMA
21.09,21.09,21.03,21.03,1400,2021-11-22 18:25:00,OLMA
21.04,21.04,21.01,21.035,800,2021-11-22 18:30:00,OLMA
21.035,21.035,20.94,21.03,1242,2021-11-22 18:35:00,OLMA
20.99,20.99,20.925,20.95,1200,2021-11-22 18:40:00,OLMA
20.96,21.035,20.96,21.035,500,2021-11-22 18:45:00,OLMA
21.0,21.16,21.0,21.16,1989,2021-11-22 18:50:00,OLMA
21.16,21.2,21.14,21.17,1000,2021-11-22 18:55:00,OLMA
21.12,21.39,21.12,21.39,1600,2021-11-22 19:00:00,OLMA
21.31,21.31,21.23,21.23,200,2021-11-22 19:05:00,OLMA
21.23,21.37,21.23,21.33,500,2021-11-22 19:10:00,OLMA
21.325,21.39,21.265,21.265,1408,2021-11-22 19:15:00,OLMA
21.29,21.325,21.29,21.325,200,2021-11-22 19:20:00,OLMA
21.325,21.325,21.27,21.27,715,2021-11-22 19:25:00,OLMA
21.305,21.31,21.25,21.295,908,2021-11-22 19:30:00,OLMA
21.25,21.36,21.25,21.35,1400,2021-11-22 19:35:00,OLMA
21.35,21.46,21.3492,21.415,2127,2021-11-22 19:40:00,OLMA
21.415,21.415,21.32,21.35,1860,2021-11-22 19:45:00,OLMA
21.35,21.41,21.345,21.41,700,2021-11-22 19:50:00,OLMA
21.405,21.45,21.37,21.39,500,2021-11-22 19:55:00,OLMA
21.395,21.49,21.395,21.465,800,2021-11-22 20:00:00,OLMA
21.465,21.515,21.41,21.515,1218,2021-11-22 20:05:00,OLMA
21.5,21.64,21.49,21.49,3233,2021-11-22 20:10:00,OLMA
21.515,21.53,21.48,21.52,1100,2021-11-22 20:15:00,OLMA
21.49,21.53,21.48,21.505,1903,2021-11-22 20:20:00,OLMA
21.47,21.495,21.36,21.37,2728,2021-11-22 20:25:00,OLMA
21.37,21.45,21.34,21.45,14286,2021-11-22 20:30:00,OLMA
21.47,21.53,21.43,21.53,4549,2021-11-22 20:35:00,OLMA
21.54,21.54,21.45,21.45,3227,2021-11-22 20:40:00,OLMA
21.45,21.46,21.37,21.39,3587,2021-11-22 20:45:00,OLMA
21.44,21.44,21.331,21.35,5296,2021-11-22 20:50:00,OLMA
21.34,21.34,21.22,21.25,6882,2021-11-22 20:55:00,OLMA
21.25,21.25,21.25,21.25,9116,2021-11-22 21:00:00,OLMA
21.24,21.5,20.66,20.81,1990,2021-11-23 14:30:00,OLMA
20.835,20.835,20.835,20.835,200,2021-11-23 14:40:00,OLMA
21.94,21.94,21.94,21.94,100,2021-11-23 14:45:00,OLMA
21.17,21.17,20.97,20.985,400,2021-11-23 14:50:00,OLMA
21.05,22.28,21.05,22.28,700,2021-11-23 14:55:00,OLMA
21.64,21.64,21.075,21.38,500,2021-11-23 15:00:00,OLMA
21.11,21.29,20.7,21.19,8269,2021-11-23 15:05:00,OLMA
21.015,21.13,21.015,21.13,200,2021-11-23 15:10:00,OLMA
21.13,21.13,20.93,21.0,1400,2021-11-23 15:15:00,OLMA
20.89,20.99,20.8281,20.88,1185,2021-11-23 15:20:00,OLMA
20.86,20.895,20.64,20.64,4212,2021-11-23 15:25:00,OLMA
20.71,20.715,20.281,20.46,20061,2021-11-23 15:30:00,OLMA
20.4975,20.51,20.3762,20.49,1045,2021-11-23 15:35:00,OLMA
20.4,20.51,20.4,20.49,790,2021-11-23 15:40:00,OLMA
20.39,20.43,20.2193,20.2193,7865,2021-11-23 15:45:00,OLMA
20.21,20.23,19.96,19.99,13113,2021-11-23 15:50:00,OLMA
19.93,19.99,19.75,19.75,4000,2021-11-23 15:55:00,OLMA
19.86,19.92,19.74,19.83,4684,2021-11-23 16:00:00,OLMA
19.83,19.95,19.7314,19.7314,24692,2021-11-23 16:05:00,OLMA
19.77,19.86,19.6493,19.75,69870,2021-11-23 16:10:00,OLMA
19.745,19.825,19.56,19.56,86540,2021-11-23 16:15:00,OLMA
19.72,20.05,19.63,19.965,15993,2021-11-23 16:20:00,OLMA
20.05,20.05,19.87,19.95,28664,2021-11-23 16:25:00,OLMA
19.94,19.99,19.87,19.925,7944,2021-11-23 16:30:00,OLMA
19.97,20.29,19.97,20.1801,9961,2021-11-23 16:35:00,OLMA
20.4,20.46,19.5,19.745,38042,2021-11-23 16:40:00,OLMA
19.745,19.94,19.745,19.785,2050,2021-11-23 16:45:00,OLMA
19.88,20.02,19.88,19.92,6922,2021-11-23 16:50:00,OLMA
19.96,19.97,19.94,19.97,800,2021-11-23 16:55:00,OLMA
19.875,19.93,19.765,19.8,5320,2021-11-23 17:00:00,OLMA
19.79,19.96,19.79,19.96,1018,2021-11-23 17:05:00,OLMA
19.96,19.97,19.78,19.97,1800,2021-11-23 17:10:00,OLMA
20.015,20.065,19.9349,19.995,1125,2021-11-23 17:15:00,OLMA
20.06,20.31,20.06,20.31,1550,2021-11-23 17:20:00,OLMA
20.29,20.325,20.19,20.21,2381,2021-11-23 17:25:00,OLMA
20.11,20.11,20.07,20.07,823,2021-11-23 17:30:00,OLMA
20.06,20.16,20.06,20.16,1000,2021-11-23 17:35:00,OLMA
20.1,20.1,20.01,20.05,1024,2021-11-23 17:40:00,OLMA
20.02,20.05,19.96,19.96,2981,2021-11-23 17:45:00,OLMA
19.95,20.005,19.92,19.96,2342,2021-11-23 17:50:00,OLMA
19.95,20.03,19.95,20.03,2200,2021-11-23 17:55:00,OLMA
20.02,20.02,19.97,20.0,2398,2021-11-23 18:00:00,OLMA
20.0,20.1682,20.0,20.11,2083,2021-11-23 18:05:00,OLMA
20.17,20.29,20.17,20.29,832,2021-11-23 18:10:00,OLMA
20.21,20.21,20.015,20.015,952,2021-11-23 18:15:00,OLMA
20.0,20.03,19.7301,19.745,3558,2021-11-23 18:20:00,OLMA
19.85,19.96,19.835,19.95,1200,2021-11-23 18:25:00,OLMA
19.92,19.94,19.8,19.84,2985,2021-11-23 18:30:00,OLMA
19.765,19.8,19.66,19.71,3936,2021-11-23 18:35:00,OLMA
19.71,19.8,19.69,19.69,2103,2021-11-23 18:40:00,OLMA
19.645,19.69,19.52,19.575,2701,2021-11-23 18:45:00,OLMA
19.575,19.63,19.505,19.53,2136,2021-11-23 18:50:00,OLMA
19.59,19.62,19.53,19.53,1000,2021-11-23 18:55:00,OLMA
19.45,19.52,19.16,19.2,5128,2021-11-23 19:00:00,OLMA
19.35,19.4399,19.2,19.41,5679,2021-11-23 19:05:00,OLMA
19.39,19.67,19.26,19.64,6665,2021-11-23 19:10:00,OLMA
19.56,19.56,19.5,19.5,2084,2021-11-23 19:15:00,OLMA
19.47,19.58,19.47,19.53,2100,2021-11-23 19:20:00,OLMA
19.6,19.86,19.57,19.73,2834,2021-11-23 19:25:00,OLMA
19.68,19.6937,19.59,19.59,856,2021-11-23 19:30:00,OLMA
19.69,19.75,19.64,19.75,2786,2021-11-23 19:35:00,OLMA
19.79,19.8,19.68,19.7,15012,2021-11-23 19:40:00,OLMA
19.71,19.88,19.71,19.87,700,2021-11-23 19:45:00,OLMA
19.98,19.98,19.97,19.98,1000,2021-11-23 19:50:00,OLMA
20.0,20.0,19.87,19.885,902,2021-11-23 19:55:00,OLMA
19.86,19.99,19.855,19.99,2022,2021-11-23 20:00:00,OLMA
20.08,20.21,20.08,20.15,1500,2021-11-23 20:05:00,OLMA
20.18,20.2,20.12,20.2,2804,2021-11-23 20:10:00,OLMA
20.18,20.18,20.055,20.07,2200,2021-11-23 20:15:00,OLMA
20.045,20.07,20.04,20.06,2500,2021-11-23 20:20:00,OLMA
20.06,20.15,20.05,20.12,4916,2021-11-23 20:25:00,OLMA
20.14,20.285,20.13,20.25,3200,2021-11-23 20:30:00,OLMA
20.28,20.44,20.27,20.395,5465,2021-11-23 20:35:00,OLMA
20.4,20.47,20.38,20.42,2923,2021-11-23 20:40:00,OLMA
20.415,20.53,20.38,20.49,29017,2021-11-23 20:45:00,OLMA
20.455,20.645,20.455,20.575,19565,2021-11-23 20:50:00,OLMA
20.545,20.56,20.38,20.39,29116,2021-11-23 20:55:00,OLMA
20.43,20.43,20.43,20.43,51232,2021-11-23 21:00:00,OLMA
20.08,20.49,19.88,20.095,3700,2021-11-24 14:30:00,OLMA
20.35,20.35,19.92,19.9913,850,2021-11-24 14:35:00,OLMA
20.09,20.31,20.09,20.31,800,2021-11-24 14:40:00,OLMA
20.31,20.31,19.98,20.06,17199,2021-11-24 14:45:00,OLMA
20.1,20.49,20.0,20.49,23283,2021-11-24 14:50:00,OLMA
20.49,20.49,20.41,20.41,500,2021-11-24 14:55:00,OLMA
20.39,20.41,20.18,20.4,12922,2021-11-24 15:00:00,OLMA
20.265,20.275,20.265,20.275,200,2021-11-24 15:05:00,OLMA
20.22,20.39,20.125,20.29,3285,2021-11-24 15:10:00,OLMA
20.29,20.29,20.0,20.0,3862,2021-11-24 15:15:00,OLMA
19.87,20.03,19.87,20.02,900,2021-11-24 15:20:00,OLMA
20.03,20.26,20.02,20.26,17798,2021-11-24 15:25:00,OLMA
20.28,20.38,20.18,20.37,3767,2021-11-24 15:30:00,OLMA
20.37,20.4,20.32,20.4,3700,2021-11-24 15:35:00,OLMA
20.2882,20.37,20.23,20.36,1861,2021-11-24 15:40:00,OLMA
20.305,20.36,20.19,20.19,1600,2021-11-24 15:45:00,OLMA
20.36,20.4,20.34,20.36,6542,2021-11-24 15:50:00,OLMA
20.34,20.4,20.34,20.4,562,2021-11-24 15:55:00,OLMA
20.4,20.4,20.32,20.32,2109,2021-11-24 16:00:00,OLMA
20.39,20.39,20.39,20.39,100,2021-11-24 16:05:00,OLMA
20.39,20.51,20.39,20.51,4519,2021-11-24 16:10:00,OLMA
20.52,20.52,20.4526,20.4526,700,2021-11-24 16:15:00,OLMA
20.515,20.52,20.515,20.515,400,2021-11-24 16:25:00,OLMA
20.56,20.6,20.5334,20.57,2000,2021-11-24 16:30:00,OLMA
20.5349,20.5349,20.5349,20.5349,250,2021-11-24 16:35:00,OLMA
20.6,20.79,20.6,20.6601,5400,2021-11-24 16:40:00,OLMA
20.691,20.85,20.564,20.6502,29815,2021-11-24 16:45:00,OLMA
20.65,21.02,20.65,20.92,5297,2021-11-24 16:50:00,OLMA
20.9499,21.11,20.9499,21.1,11600,2021-11-24 16:55:00,OLMA
21.0233,21.18,21.0233,21.16,4903,2021-11-24 17:00:00,OLMA
21.15,21.15,20.99,21.045,3454,2021-11-24 17:05:00,OLMA
21.045,21.045,20.99,20.99,3048,2021-11-24 17:10:00,OLMA
20.99,20.99,20.93,20.93,6760,2021-11-24 17:15:00,OLMA
20.88,20.88,20.775,20.775,8497,2021-11-24 17:20:00,OLMA
20.72,20.7666,20.72,20.75,3889,2021-11-24 17:25:00,OLMA
20.82,20.83,20.8,20.81,1000,2021-11-24 17:30:00,OLMA
20.8,20.81,20.75,20.8,2900,2021-11-24 17:40:00,OLMA
20.8,20.93,20.8,20.93,492,2021-11-24 17:45:00,OLMA
20.945,20.945,20.88,20.88,1300,2021-11-24 17:50:00,OLMA
20.8898,20.9,20.8898,20.9,257,2021-11-24 17:55:00,OLMA
20.9,21.095,20.87,21.095,6700,2021-11-24 18:00:00,OLMA
21.05,21.05,21.0,21.034,1829,2021-11-24 18:05:00,OLMA
21.035,21.07,21.025,21.07,2300,2021-11-24 18:10:00,OLMA
21.07,21.07,20.95,20.95,6616,2021-11-24 18:15:00,OLMA
21.0,21.0,21.0,21.0,300,2021-11-24 18:25:00,OLMA
20.965,21.03,20.92,20.99,4832,2021-11-24 18:30:00,OLMA
20.98,21.03,20.95,21.03,1313,2021-11-24 18:35:00,OLMA
21.07,21.07,21.025,21.0699,2205,2021-11-24 18:40:00,OLMA
21.07,21.18,21.07,21.18,1990,2021-11-24 18:45:00,OLMA
21.135,21.14,21.1,21.14,600,2021-11-24 18:50:00,OLMA
21.09,21.12,21.07,21.07,4100,2021-11-24 18:55:00,OLMA
21.0,21.1,20.99,21.04,5727,2021-11-24 19:00:00,OLMA
21.03,21.03,20.98,20.98,2362,2021-11-24 19:05:00,OLMA
20.87,20.92,20.8,20.8,800,2021-11-24 19:10:00,OLMA
20.93,20.965,20.93,20.93,2298,2021-11-24 19:15:00,OLMA
20.94,20.94,20.94,20.94,200,2021-11-24 19:20:00,OLMA
20.925,21.03,20.875,21.0,8902,2021-11-24 19:25:00,OLMA
20.965,21.05,20.965,21.05,475,2021-11-24 19:30:00,OLMA
21.09,21.2,21.04,21.13,3683,2021-11-24 19:35:00,OLMA
21.09,21.19,21.09,21.19,3900,2021-11-24 19:40:00,OLMA
21.16,21.16,21.16,21.16,635,2021-11-24 19:45:00,OLMA
21.2,21.2,21.13,21.17,1559,2021-11-24 19:55:00,OLMA
21.21,21.22,21.185,21.22,1900,2021-11-24 20:00:00,OLMA
21.22,21.24,21.19,21.24,500,2021-11-24 20:05:00,OLMA
21.29,21.325,21.29,21.32,700,2021-11-24 20:10:00,OLMA
21.36,21.36,21.325,21.325,800,2021-11-24 20:15:00,OLMA
21.34,21.37,21.27,21.27,2000,2021-11-24 20:20:00,OLMA
21.29,21.305,21.25,21.25,500,2021-11-24 20:25:00,OLMA
21.21,21.28,21.21,21.28,300,2021-11-24 20:30:00,OLMA
21.245,21.31,21.21,21.26,6403,2021-11-24 20:35:00,OLMA
21.285,21.34,21.25,21.34,2900,2021-11-24 20:40:00,OLMA
21.33,22.02,21.33,22.0,29225,2021-11-24 20:45:00,OLMA
22.0,22.7,21.905,22.69,87643,2021-11-24 20:50:00,OLMA
22.645,22.97,22.09,22.11,142001,2021-11-24 20:55:00,OLMA
22.17,22.17,22.17,22.17,10916,2021-11-24 21:00:00,OLMA
22.1,22.1,22.1,22.1,100,2021-11-26 13:00:00,OLMA
22.04,22.48,21.35,21.49,5795,2021-11-26 14:30:00,OLMA
21.18,21.81,21.18,21.81,1666,2021-11-26 14:35:00,OLMA
21.895,21.895,21.52,21.52,200,2021-11-26 14:40:00,OLMA
21.705,21.88,21.26,21.26,4006,2021-11-26 14:45:00,OLMA
21.33,21.63,21.33,21.59,2200,2021-11-26 14:50:00,OLMA
21.46,21.78,21.45,21.78,4200,2021-11-26 14:55:00,OLMA
21.62,21.62,21.27,21.27,1100,2021-11-26 15:00:00,OLMA
21.23,21.37,21.2,21.345,5775,2021-11-26 15:05:00,OLMA
21.41,21.42,21.11,21.18,3954,2021-11-26 15:10:00,OLMA
21.2,21.27,21.01,21.25,12789,2021-11-26 15:15:00,OLMA
21.6,21.73,21.595,21.73,1315,2021-11-26 15:20:00,OLMA
21.69,21.83,21.38,21.44,12340,2021-11-26 15:25:00,OLMA
21.5798,21.84,21.5798,21.68,4055,2021-11-26 15:30:00,OLMA
21.83,21.83,21.72,21.75,1600,2021-11-26 15:35:00,OLMA
21.55,21.62,21.48,21.53,703,2021-11-26 15:40:00,OLMA
21.52,21.58,21.42,21.58,2300,2021-11-26 15:45:00,OLMA
21.49,21.58,21.49,21.5,300,2021-11-26 15:50:00,OLMA
21.44,21.44,21.24,21.32,12429,2021-11-26 15:55:00,OLMA
21.32,21.36,21.21,21.36,1005,2021-11-26 16:00:00,OLMA
21.36,21.36,21.24,21.24,2126,2021-11-26 16:05:00,OLMA
21.18,21.24,21.04,21.065,5440,2021-11-26 16:10:00,OLMA
20.945,21.02,20.85,20.85,2575,2021-11-26 16:15:00,OLMA
20.82,20.91,20.71,20.745,3166,2021-11-26 16:20:00,OLMA
20.78,20.82,20.73,20.8,3020,2021-11-26 16:25:00,OLMA
20.8,20.87,20.74,20.805,7520,2021-11-26 16:30:00,OLMA
20.8,20.87,20.67,20.68,9954,2021-11-26 16:35:00,OLMA
20.685,20.7279,20.38,20.51,20991,2021-11-26 16:40:00,OLMA
20.3862,20.47,20.3862,20.405,400,2021-11-26 16:45:00,OLMA
20.46,20.53,20.16,20.255,3474,2021-11-26 16:50:00,OLMA
20.15,20.34,20.15,20.275,3301,2021-11-26 16:55:00,OLMA
20.26,20.47,20.21,20.47,12978,2021-11-26 17:00:00,OLMA
20.55,20.73,20.529,20.655,6564,2021-11-26 17:05:00,OLMA
20.72,20.75,20.655,20.68,1600,2021-11-26 17:10:00,OLMA
20.71,20.71,20.5,20.52,1209,2021-11-26 17:15:00,OLMA
20.57,20.67,20.51,20.59,2503,2021-11-26 17:20:00,OLMA
20.645,20.9008,20.645,20.83,2500,2021-11-26 17:25:00,OLMA
20.77,20.83,20.66,20.66,600,2021-11-26 17:30:00,OLMA
20.79,20.9,20.79,20.83,1700,2021-11-26 17:35:00,OLMA
20.76,20.76,20.67,20.695,1600,2021-11-26 17:40:00,OLMA
20.77,20.81,20.7,20.8,2000,2021-11-26 17:45:00,OLMA
20.76,20.76,20.63,20.74,4425,2021-11-26 17:50:00,OLMA
20.7,20.87,20.7,20.87,11606,2021-11-26 17:55:00,OLMA
20.87,20.87,20.87,20.87,12425,2021-11-26 18:00:00,OLMA
21.47,21.846,20.93,21.24,2267,2021-11-29 14:30:00,OLMA
20.94,21.13,20.92,21.02,900,2021-11-29 14:35:00,OLMA
20.85,20.85,20.79,20.79,398,2021-11-29 14:40:00,OLMA
20.7,20.7,20.7,20.7,117,2021-11-29 14:45:00,OLMA
20.76,21.07,20.76,21.07,900,2021-11-29 14:50:00,OLMA
21.0,21.33,20.985,21.33,2320,2021-11-29 14:55:00,OLMA
21.335,21.3637,21.19,21.27,1050,2021-11-29 15:00:00,OLMA
21.14,21.14,21.105,21.105,200,2021-11-29 15:05:00,OLMA
21.06,21.12,20.91,20.99,1490,2021-11-29 15:10:00,OLMA
20.97,20.97,20.97,20.97,161,2021-11-29 15:15:00,OLMA
20.955,21.09,20.955,20.99,800,2021-11-29 15:20:00,OLMA
21.05,21.05,20.75,20.81,1890,2021-11-29 15:25:00,OLMA
20.805,20.83,20.67,20.67,5718,2021-11-29 15:30:00,OLMA
20.75,20.8,20.67,20.675,1300,2021-11-29 15:35:00,OLMA
20.73,20.83,20.66,20.83,3050,2021-11-29 15:40:00,OLMA
20.86,20.92,20.81,20.85,1580,2021-11-29 15:45:00,OLMA
20.85,20.94,20.79,20.91,1500,2021-11-29 15:50:00,OLMA
20.94,21.01,20.91,21.0,1491,2021-11-29 15:55:00,OLMA
21.01,21.115,20.99,21.115,1200,2021-11-29 16:00:00,OLMA
21.12,21.155,21.0,21.055,2600,2021-11-29 16:05:00,OLMA
21.045,21.2,21.045,21.2,602,2021-11-29 16:10:00,OLMA
21.31,21.31,21.13,21.14,1600,2021-11-29 16:15:00,OLMA
21.21,21.21,21.21,21.21,500,2021-11-29 16:20:00,OLMA
21.1,21.16,21.06,21.11,5128,2021-11-29 16:25:00,OLMA
21.075,21.12,20.785,20.785,4762,2021-11-29 16:30:00,OLMA
20.74,20.74,20.61,20.66,4172,2021-11-29 16:35:00,OLMA
20.73,20.74,20.685,20.74,700,2021-11-29 16:40:00,OLMA
20.525,20.6,20.49,20.49,1100,2021-11-29 16:45:00,OLMA
20.44,20.44,20.27,20.3,1105,2021-11-29 16:50:00,OLMA
20.22,20.225,20.08,20.08,2000,2021-11-29 16:55:00,OLMA
20.1,20.28,20.0206,20.2357,22443,2021-11-29 17:00:00,OLMA
20.26,20.31,20.215,20.31,700,2021-11-29 17:05:00,OLMA
20.21,20.32,20.18,20.18,1887,2021-11-29 17:10:00,OLMA
20.175,20.175,19.895,19.9,7241,2021-11-29 17:15:00,OLMA
19.91,19.94,19.86,19.94,1950,2021-11-29 17:20:00,OLMA
19.89,20.13,19.83,19.92,33811,2021-11-29 17:25:00,OLMA
19.97,20.29,19.97,20.23,2098,2021-11-29 17:30:00,OLMA
20.125,20.125,20.08,20.09,1066,2021-11-29 17:35:00,OLMA
20.03,20.18,20.03,20.04,1472,2021-11-29 17:40:00,OLMA
20.035,20.29,20.035,20.25,1625,2021-11-29 17:45:00,OLMA
20.17,20.295,20.165,20.17,1340,2021-11-29 17:50:00,OLMA
20.24,20.24,20.17,20.23,1331,2021-11-29 17:55:00,OLMA
20.23,20.3,20.23,20.235,2496,2021-11-29 18:00:00,OLMA
20.235,20.34,20.225,20.34,1100,2021-11-29 18:05:00,OLMA
20.305,20.37,20.305,20.36,500,2021-11-29 18:10:00,OLMA
20.335,20.37,20.28,20.285,1024,2021-11-29 18:15:00,OLMA
20.295,20.32,20.27,20.27,400,2021-11-29 18:20:00,OLMA
20.26,20.31,20.26,20.31,500,2021-11-29 18:25:00,OLMA
20.265,20.39,20.235,20.39,1300,2021-11-29 18:30:00,OLMA
20.41,20.52,20.41,20.48,2607,2021-11-29 18:35:00,OLMA
20.49,20.49,20.435,20.435,200,2021-11-29 18:40:00,OLMA
20.41,20.41,20.41,20.41,100,2021-11-29 18:45:00,OLMA
20.47,20.48,20.4,20.435,1800,2021-11-29 18:50:00,OLMA
20.48,20.5,20.45,20.455,621,2021-11-29 18:55:00,OLMA
20.47,20.53,20.465,20.53,646,2021-11-29 19:00:00,OLMA
20.6,20.71,20.59,20.62,1363,2021-11-29 19:05:00,OLMA
20.615,20.66,20.615,20.64,600,2021-11-29 19:10:00,OLMA
20.59,20.68,20.54,20.55,1386,2021-11-29 19:15:00,OLMA
20.55,20.55,20.47,20.52,2100,2021-11-29 19:20:00,OLMA
20.54,20.58,20.54,20.55,644,2021-11-29 19:25:00,OLMA
20.56,20.585,20.46,20.49,6637,2021-11-29 19:30:00,OLMA
20.49,20.54,20.44,20.54,6447,2021-11-29 19:35:00,OLMA
20.61,20.83,20.61,20.83,11705,2021-11-29 19:40:00,OLMA
20.8,21.425,20.8,21.28,23108,2021-11-29 19:45:00,OLMA
21.28,23.86,21.22,23.85,203547,2021-11-29 19:50:00,OLMA
23.815,25.37,23.75,25.37,227831,2021-11-29 19:55:00,OLMA
23.97,25.7,23.2,23.48,951774,2021-11-29 20:00:00,OLMA
23.5,24.28,23.0,23.0,458807,2021-11-29 20:05:00,OLMA
23.0,23.2,22.67,23.08,150430,2021-11-29 20:10:00,OLMA
23.02,23.4,22.8,22.99,134696,2021-11-29 20:15:00,OLMA
22.9,23.0,21.23,21.8875,187884,2021-11-29 20:20:00,OLMA
21.2,22.0,20.27,21.63,26720,2021-11-29 22:00:00,OLMA
21.649,21.65,21.1,21.65,4544,2021-11-29 22:05:00,OLMA
21.61,21.9947,21.6,21.6,2503,2021-11-29 22:10:00,OLMA
21.45,21.94,21.35,21.94,1467,2021-11-29 22:15:00,OLMA
21.94,21.94,21.5,21.5,1100,2021-11-29 22:20:00,OLMA
21.5,21.51,21.5,21.51,2248,2021-11-29 22:30:00,OLMA
21.5,21.5,21.5,21.5,500,2021-11-29 22:35:00,OLMA
22.0,22.0,21.75,21.75,266,2021-11-29 22:45:00,OLMA
21.9499,21.9499,21.9499,21.9499,999,2021-11-29 22:50:00,OLMA
21.75,21.75,21.75,21.75,445,2021-11-29 22:55:00,OLMA
21.75,21.75,21.75,21.75,600,2021-11-29 23:05:00,OLMA
21.12,21.5001,21.01,21.5001,527,2021-11-29 23:10:00,OLMA
21.5,21.5,21.5,21.5,106,2021-11-29 23:25:00,OLMA
21.1,21.1,21.1,21.1,100,2021-11-29 23:40:00,OLMA
21.15,21.15,21.15,21.15,100,2021-11-30 00:00:00,OLMA
21.18,21.18,21.18,21.18,100,2021-11-30 00:20:00,OLMA
21.1501,21.1501,21.1501,21.1501,100,2021-11-30 00:30:00,OLMA
21.1,21.8,21.1,21.8,255,2021-11-30 00:35:00,OLMA
