open,high,low,close,volume,datetime,symbol
3.45,3.45,3.45,3.45,1000,2021-04-01 12:10:00,ASLN
3.4499,3.4499,3.4499,3.4499,257,2021-04-01 12:25:00,ASLN
3.43,3.43,3.43,3.43,1500,2021-04-01 12:35:00,ASLN
3.45,3.45,3.44,3.44,1431,2021-04-01 12:40:00,ASLN
3.44,3.44,3.44,3.44,2400,2021-04-01 12:45:00,ASLN
3.48,3.48,3.48,3.48,500,2021-04-01 12:55:00,ASLN
3.44,3.44,3.44,3.44,813,2021-04-01 13:25:00,ASLN
3.4,3.48,3.37,3.4437,11155,2021-04-01 13:30:00,ASLN
3.422,3.424,3.3749,3.3749,5681,2021-04-01 13:35:00,ASLN
3.38,3.39,3.37,3.3736,3600,2021-04-01 13:40:00,ASLN
3.37,3.47,3.37,3.4201,13480,2021-04-01 13:45:00,ASLN
3.4654,3.4654,3.44,3.44,4523,2021-04-01 13:50:00,ASLN
3.44,3.4433,3.44,3.4433,300,2021-04-01 13:55:00,ASLN
3.454,3.4648,3.454,3.4648,1000,2021-04-01 14:00:00,ASLN
3.44,3.44,3.38,3.4,18975,2021-04-01 14:05:00,ASLN
3.43,3.43,3.4021,3.4021,4459,2021-04-01 14:10:00,ASLN
3.42,3.42,3.4,3.417,3583,2021-04-01 14:15:00,ASLN
3.419,3.44,3.39,3.39,21076,2021-04-01 14:20:00,ASLN
3.41,3.43,3.381,3.381,10062,2021-04-01 14:25:00,ASLN
3.395,3.4223,3.38,3.395,6900,2021-04-01 14:30:00,ASLN
3.39,3.44,3.38,3.4,2400,2021-04-01 14:35:00,ASLN
3.38,3.46,3.38,3.42,9970,2021-04-01 14:40:00,ASLN
3.43,3.43,3.35,3.35,13335,2021-04-01 14:45:00,ASLN
3.3568,3.43,3.3568,3.39,5648,2021-04-01 14:50:00,ASLN
3.37,3.4199,3.37,3.4,640,2021-04-01 15:00:00,ASLN
3.4,3.4,3.4,3.4,1200,2021-04-01 15:05:00,ASLN
3.37,3.3938,3.37,3.3938,300,2021-04-01 15:10:00,ASLN
3.405,3.42,3.4,3.4,2890,2021-04-01 15:15:00,ASLN
3.414,3.414,3.37,3.37,1768,2021-04-01 15:20:00,ASLN
3.39,3.39,3.39,3.39,1200,2021-04-01 15:30:00,ASLN
3.4099,3.4099,3.36,3.36,5000,2021-04-01 15:35:00,ASLN
3.37,3.3799,3.36,3.37,11949,2021-04-01 15:40:00,ASLN
3.36,3.38,3.36,3.38,1900,2021-04-01 15:45:00,ASLN
3.375,3.3899,3.36,3.36,2500,2021-04-01 15:50:00,ASLN
3.36,3.375,3.36,3.375,300,2021-04-01 15:55:00,ASLN
3.38,3.38,3.38,3.38,1000,2021-04-01 16:00:00,ASLN
3.382,3.39,3.38,3.38,3106,2021-04-01 16:05:00,ASLN
3.38,3.38,3.38,3.38,1500,2021-04-01 16:10:00,ASLN
3.3838,3.39,3.38,3.385,9201,2021-04-01 16:15:00,ASLN
3.39,3.39,3.38,3.38,6691,2021-04-01 16:20:00,ASLN
3.3851,3.39,3.3823,3.3823,1000,2021-04-01 16:25:00,ASLN
3.39,3.39,3.385,3.39,14088,2021-04-01 16:30:00,ASLN
3.38,3.38,3.36,3.36,5474,2021-04-01 16:35:00,ASLN
3.36,3.38,3.36,3.37,2573,2021-04-01 16:40:00,ASLN
3.386,3.39,3.37,3.37,1925,2021-04-01 16:45:00,ASLN
3.37,3.37,3.37,3.37,400,2021-04-01 16:50:00,ASLN
3.38,3.3887,3.38,3.38,1200,2021-04-01 16:55:00,ASLN
3.38,3.385,3.38,3.385,400,2021-04-01 17:00:00,ASLN
3.38,3.38,3.3701,3.3701,2589,2021-04-01 17:05:00,ASLN
3.37,3.38,3.365,3.365,9130,2021-04-01 17:10:00,ASLN
3.36,3.36,3.36,3.36,250,2021-04-01 17:15:00,ASLN
3.37,3.376,3.37,3.376,3838,2021-04-01 17:20:00,ASLN
3.37,3.37,3.36,3.36,5800,2021-04-01 17:25:00,ASLN
3.36,3.38,3.36,3.38,2741,2021-04-01 17:30:00,ASLN
3.39,3.39,3.37,3.3718,11214,2021-04-01 17:35:00,ASLN
3.37,3.37,3.36,3.36,3600,2021-04-01 17:40:00,ASLN
3.36,3.365,3.36,3.36,14266,2021-04-01 17:45:00,ASLN
3.35,3.3502,3.3076,3.3299,29876,2021-04-01 17:50:00,ASLN
3.33,3.33,3.33,3.33,864,2021-04-01 17:55:00,ASLN
3.33,3.33,3.33,3.33,100,2021-04-01 18:00:00,ASLN
3.34,3.36,3.34,3.36,2300,2021-04-01 18:10:00,ASLN
3.3763,3.3763,3.36,3.36,3831,2021-04-01 18:15:00,ASLN
3.36,3.36,3.36,3.36,557,2021-04-01 18:20:00,ASLN
3.38,3.38,3.37,3.37,10485,2021-04-01 18:30:00,ASLN
3.37,3.37,3.36,3.36,5322,2021-04-01 18:35:00,ASLN
3.3748,3.375,3.3748,3.375,9000,2021-04-01 18:40:00,ASLN
3.36,3.36,3.36,3.36,400,2021-04-01 18:45:00,ASLN
3.3794,3.3794,3.36,3.3611,2500,2021-04-01 18:50:00,ASLN
3.36,3.3601,3.34,3.34,10888,2021-04-01 18:55:00,ASLN
3.33,3.33,3.33,3.33,500,2021-04-01 19:00:00,ASLN
3.32,3.36,3.32,3.3201,1150,2021-04-01 19:05:00,ASLN
3.34,3.34,3.32,3.32,2400,2021-04-01 19:10:00,ASLN
3.3313,3.3313,3.31,3.31,9530,2021-04-01 19:15:00,ASLN
3.31,3.31,3.31,3.31,3249,2021-04-01 19:20:00,ASLN
3.325,3.325,3.29,3.3179,8600,2021-04-01 19:25:00,ASLN
3.315,3.3299,3.31,3.3299,4600,2021-04-01 19:30:00,ASLN
3.33,3.33,3.32,3.3223,2800,2021-04-01 19:35:00,ASLN
3.33,3.335,3.33,3.33,2604,2021-04-01 19:40:00,ASLN
3.3336,3.3336,3.33,3.33,4885,2021-04-01 19:45:00,ASLN
3.331,3.34,3.33,3.33,5214,2021-04-01 19:50:00,ASLN
3.33,3.35,3.31,3.341,10046,2021-04-01 19:55:00,ASLN
3.35,3.35,3.35,3.35,6859,2021-04-01 20:00:00,ASLN
3.31,3.31,3.31,3.31,375,2021-04-01 20:25:00,ASLN
3.31,3.31,3.31,3.31,100,2021-04-01 20:40:00,ASLN
3.35,3.35,3.35,3.35,100,2021-04-01 20:45:00,ASLN
3.35,3.35,3.35,3.35,852,2021-04-01 21:05:00,ASLN
3.45,3.45,3.45,3.45,589,2021-04-05 11:10:00,ASLN
3.45,3.45,3.45,3.45,399,2021-04-05 11:15:00,ASLN
3.469,3.469,3.469,3.469,210,2021-04-05 11:55:00,ASLN
3.47,3.47,3.4,3.4,3100,2021-04-05 12:25:00,ASLN
3.47,3.47,3.47,3.47,200,2021-04-05 12:55:00,ASLN
3.42,3.42,3.42,3.42,1200,2021-04-05 13:05:00,ASLN
3.42,3.42,3.42,3.42,442,2021-04-05 13:10:00,ASLN
3.42,3.42,3.42,3.42,145,2021-04-05 13:15:00,ASLN
3.42,3.42,3.42,3.42,1745,2021-04-05 13:25:00,ASLN
3.4035,3.45,3.39,3.42,13420,2021-04-05 13:30:00,ASLN
3.45,3.46,3.3999,3.4,27720,2021-04-05 13:35:00,ASLN
3.38,3.3995,3.36,3.36,5875,2021-04-05 13:40:00,ASLN
3.38,3.43,3.38,3.4,11050,2021-04-05 13:45:00,ASLN
3.4099,3.48,3.4099,3.4401,32398,2021-04-05 13:50:00,ASLN
3.4699,3.4699,3.42,3.42,7650,2021-04-05 13:55:00,ASLN
3.41,3.48,3.4017,3.47,14925,2021-04-05 14:00:00,ASLN
3.45,3.45,3.4154,3.42,7516,2021-04-05 14:05:00,ASLN
3.46,3.5,3.445,3.4764,11995,2021-04-05 14:10:00,ASLN
3.46,3.475,3.46,3.47,7700,2021-04-05 14:15:00,ASLN
3.4688,3.4688,3.44,3.44,8119,2021-04-05 14:20:00,ASLN
3.44,3.46,3.44,3.45,4644,2021-04-05 14:25:00,ASLN
3.45,3.49,3.45,3.46,13357,2021-04-05 14:30:00,ASLN
3.4601,3.4601,3.4573,3.46,1072,2021-04-05 14:35:00,ASLN
3.46,3.48,3.46,3.46,8301,2021-04-05 14:40:00,ASLN
3.46,3.4626,3.46,3.46,2300,2021-04-05 14:45:00,ASLN
3.445,3.445,3.44,3.4401,1450,2021-04-05 14:50:00,ASLN
3.45,3.45,3.44,3.44,400,2021-04-05 14:55:00,ASLN
3.4101,3.435,3.4101,3.43,3499,2021-04-05 15:00:00,ASLN
3.44,3.44,3.4173,3.4173,400,2021-04-05 15:05:00,ASLN
3.44,3.44,3.44,3.44,400,2021-04-05 15:10:00,ASLN
3.431,3.44,3.4263,3.44,1200,2021-04-05 15:15:00,ASLN
3.447,3.46,3.447,3.45,1700,2021-04-05 15:20:00,ASLN
3.41,3.45,3.41,3.41,2700,2021-04-05 15:25:00,ASLN
3.4156,3.42,3.403,3.42,781,2021-04-05 15:30:00,ASLN
3.41,3.41,3.41,3.41,186,2021-04-05 15:35:00,ASLN
3.4,3.41,3.4,3.4,2898,2021-04-05 15:40:00,ASLN
3.4,3.41,3.39,3.39,2764,2021-04-05 15:45:00,ASLN
3.39,3.4,3.385,3.3949,3461,2021-04-05 15:50:00,ASLN
3.4,3.4,3.3849,3.3849,500,2021-04-05 15:55:00,ASLN
3.38,3.38,3.3715,3.38,507,2021-04-05 16:00:00,ASLN
3.4,3.4,3.4,3.4,1500,2021-04-05 16:10:00,ASLN
3.3824,3.3825,3.38,3.3822,2750,2021-04-05 16:15:00,ASLN
3.39,3.39,3.39,3.39,1078,2021-04-05 16:25:00,ASLN
3.41,3.41,3.4,3.4,3100,2021-04-05 16:30:00,ASLN
3.4,3.4,3.4,3.4,8500,2021-04-05 16:35:00,ASLN
3.41,3.41,3.4,3.41,900,2021-04-05 16:40:00,ASLN
3.41,3.41,3.4,3.4,1100,2021-04-05 16:45:00,ASLN
3.41,3.43,3.41,3.415,1400,2021-04-05 16:50:00,ASLN
3.43,3.43,3.43,3.43,400,2021-04-05 17:00:00,ASLN
3.43,3.43,3.38,3.42,10930,2021-04-05 17:05:00,ASLN
3.4,3.4,3.4,3.4,169,2021-04-05 17:15:00,ASLN
3.43,3.43,3.43,3.43,600,2021-04-05 17:20:00,ASLN
3.4247,3.4247,3.4,3.4,2390,2021-04-05 17:25:00,ASLN
3.422,3.425,3.41,3.41,791,2021-04-05 17:30:00,ASLN
3.3821,3.439,3.3821,3.42,7907,2021-04-05 17:35:00,ASLN
3.4256,3.4256,3.4001,3.4001,650,2021-04-05 17:40:00,ASLN
3.4001,3.4001,3.4001,3.4001,200,2021-04-05 17:45:00,ASLN
3.42,3.42,3.415,3.415,2093,2021-04-05 17:50:00,ASLN
3.42,3.42,3.42,3.42,500,2021-04-05 17:55:00,ASLN
3.4386,3.4386,3.43,3.43,1300,2021-04-05 18:00:00,ASLN
3.43,3.43,3.41,3.41,1400,2021-04-05 18:05:00,ASLN
3.41,3.41,3.41,3.41,500,2021-04-05 18:10:00,ASLN
3.41,3.4202,3.401,3.4194,1530,2021-04-05 18:15:00,ASLN
3.41,3.415,3.41,3.41,3900,2021-04-05 18:20:00,ASLN
3.41,3.41,3.41,3.41,1650,2021-04-05 18:25:00,ASLN
3.41,3.41,3.41,3.41,100,2021-04-05 18:30:00,ASLN
3.41,3.41,3.4,3.4,320,2021-04-05 18:35:00,ASLN
3.41,3.45,3.41,3.45,12680,2021-04-05 18:40:00,ASLN
3.45,3.45,3.4201,3.4201,13598,2021-04-05 18:45:00,ASLN
3.435,3.448,3.42,3.448,1000,2021-04-05 18:50:00,ASLN
3.4239,3.4239,3.4,3.4,7056,2021-04-05 18:55:00,ASLN
3.42,3.42,3.41,3.42,1000,2021-04-05 19:00:00,ASLN
3.41,3.42,3.41,3.42,1800,2021-04-05 19:05:00,ASLN
3.41,3.42,3.41,3.42,2032,2021-04-05 19:10:00,ASLN
3.42,3.42,3.42,3.42,700,2021-04-05 19:15:00,ASLN
3.41,3.44,3.41,3.41,1919,2021-04-05 19:20:00,ASLN
3.4264,3.4264,3.41,3.415,600,2021-04-05 19:25:00,ASLN
3.41,3.42,3.41,3.41,2406,2021-04-05 19:30:00,ASLN
3.442,3.45,3.41,3.42,5200,2021-04-05 19:40:00,ASLN
3.42,3.45,3.41,3.4437,9504,2021-04-05 19:45:00,ASLN
3.44,3.47,3.4201,3.46,10364,2021-04-05 19:50:00,ASLN
3.465,3.47,3.43,3.46,19201,2021-04-05 19:55:00,ASLN
3.45,3.45,3.45,3.45,507,2021-04-05 20:00:00,ASLN
3.45,3.45,3.45,3.45,590,2021-04-05 21:00:00,ASLN
3.41,3.45,3.41,3.45,3705,2021-04-06 13:30:00,ASLN
3.43,3.45,3.43,3.44,550,2021-04-06 13:35:00,ASLN
3.41,3.44,3.41,3.44,5477,2021-04-06 13:40:00,ASLN
3.44,3.47,3.4257,3.47,4030,2021-04-06 13:45:00,ASLN
3.47,3.5,3.44,3.5,12863,2021-04-06 13:50:00,ASLN
3.5,3.58,3.5,3.565,9967,2021-04-06 13:55:00,ASLN
3.52,3.5548,3.51,3.51,12670,2021-04-06 14:00:00,ASLN
3.5,3.52,3.491,3.5,2498,2021-04-06 14:05:00,ASLN
3.484,3.52,3.48,3.52,2800,2021-04-06 14:10:00,ASLN
3.52,3.54,3.51,3.54,1875,2021-04-06 14:15:00,ASLN
3.53,3.53,3.5,3.5,8350,2021-04-06 14:20:00,ASLN
3.52,3.52,3.4987,3.5,1300,2021-04-06 14:25:00,ASLN
3.4935,3.52,3.48,3.48,8500,2021-04-06 14:30:00,ASLN
3.48,3.52,3.4797,3.5,6089,2021-04-06 14:35:00,ASLN
3.5,3.51,3.5,3.51,1702,2021-04-06 14:40:00,ASLN
3.52,3.52,3.5,3.5,800,2021-04-06 14:45:00,ASLN
3.5001,3.52,3.5001,3.52,900,2021-04-06 14:50:00,ASLN
3.52,3.52,3.52,3.52,200,2021-04-06 14:55:00,ASLN
3.5,3.505,3.5,3.5,1700,2021-04-06 15:00:00,ASLN
3.5,3.52,3.49,3.52,6043,2021-04-06 15:05:00,ASLN
3.51,3.52,3.51,3.52,1300,2021-04-06 15:10:00,ASLN
3.5101,3.54,3.5101,3.525,2207,2021-04-06 15:15:00,ASLN
3.53,3.54,3.53,3.53,600,2021-04-06 15:20:00,ASLN
3.53,3.53,3.53,3.53,200,2021-04-06 15:25:00,ASLN
3.53,3.53,3.5,3.5,300,2021-04-06 15:30:00,ASLN
3.515,3.54,3.515,3.54,552,2021-04-06 15:35:00,ASLN
3.52,3.52,3.52,3.52,100,2021-04-06 15:40:00,ASLN
3.5,3.52,3.49,3.52,2000,2021-04-06 15:50:00,ASLN
3.52,3.52,3.5,3.5,2048,2021-04-06 15:55:00,ASLN
3.52,3.52,3.5,3.5,760,2021-04-06 16:00:00,ASLN
3.51,3.51,3.49,3.5,2004,2021-04-06 16:05:00,ASLN
3.49,3.51,3.46,3.4999,2838,2021-04-06 16:10:00,ASLN
3.5,3.62,3.48,3.62,94407,2021-04-06 16:15:00,ASLN
3.61,3.65,3.6,3.62,30542,2021-04-06 16:20:00,ASLN
3.62,3.62,3.6,3.6099,11805,2021-04-06 16:25:00,ASLN
3.5809,3.5986,3.58,3.5888,4552,2021-04-06 16:30:00,ASLN
3.581,3.5827,3.58,3.58,2436,2021-04-06 16:35:00,ASLN
3.584,3.62,3.58,3.62,8600,2021-04-06 16:40:00,ASLN
3.62,3.62,3.6,3.61,6710,2021-04-06 16:45:00,ASLN
3.61,3.61,3.5801,3.5801,8223,2021-04-06 16:50:00,ASLN
3.61,3.61,3.5907,3.61,2546,2021-04-06 16:55:00,ASLN
3.61,3.61,3.61,3.61,400,2021-04-06 17:00:00,ASLN
3.6099,3.61,3.58,3.58,1800,2021-04-06 17:05:00,ASLN
3.6,3.6,3.56,3.6,1800,2021-04-06 17:10:00,ASLN
3.57,3.57,3.55,3.5573,6498,2021-04-06 17:20:00,ASLN
3.55,3.59,3.55,3.58,1410,2021-04-06 17:25:00,ASLN
3.57,3.62,3.5601,3.62,7327,2021-04-06 17:30:00,ASLN
3.62,3.62,3.62,3.62,400,2021-04-06 17:35:00,ASLN
3.63,3.63,3.6211,3.63,1600,2021-04-06 17:40:00,ASLN
3.61,3.63,3.61,3.62,7500,2021-04-06 17:45:00,ASLN
3.61,3.61,3.58,3.59,3500,2021-04-06 17:50:00,ASLN
3.6,3.6,3.6,3.6,200,2021-04-06 17:55:00,ASLN
3.6,3.6,3.59,3.6,500,2021-04-06 18:05:00,ASLN
3.58,3.6,3.5799,3.6,2600,2021-04-06 18:10:00,ASLN
3.6,3.6,3.6,3.6,100,2021-04-06 18:15:00,ASLN
3.6,3.6,3.5609,3.5609,400,2021-04-06 18:20:00,ASLN
3.5719,3.6,3.5719,3.6,280,2021-04-06 18:25:00,ASLN
3.5734,3.59,3.55,3.58,700,2021-04-06 18:30:00,ASLN
3.58,3.58,3.55,3.58,1559,2021-04-06 18:35:00,ASLN
3.58,3.6,3.57,3.6,2478,2021-04-06 18:40:00,ASLN
3.6,3.6,3.59,3.59,1736,2021-04-06 18:45:00,ASLN
3.6,3.6,3.6,3.6,500,2021-04-06 18:50:00,ASLN
3.6,3.6,3.5968,3.6,600,2021-04-06 18:55:00,ASLN
3.57,3.57,3.55,3.55,1900,2021-04-06 19:00:00,ASLN
3.54,3.54,3.54,3.54,1090,2021-04-06 19:05:00,ASLN
3.54,3.56,3.54,3.545,7193,2021-04-06 19:10:00,ASLN
3.56,3.56,3.56,3.56,100,2021-04-06 19:15:00,ASLN
3.56,3.56,3.55,3.55,300,2021-04-06 19:20:00,ASLN
3.56,3.56,3.549,3.55,3000,2021-04-06 19:25:00,ASLN
3.55,3.56,3.54,3.56,4200,2021-04-06 19:30:00,ASLN
3.56,3.58,3.56,3.58,860,2021-04-06 19:35:00,ASLN
3.57,3.59,3.566,3.5812,2200,2021-04-06 19:40:00,ASLN
3.59,3.59,3.56,3.57,3300,2021-04-06 19:45:00,ASLN
3.56,3.575,3.55,3.5684,14987,2021-04-06 19:50:00,ASLN
3.57,3.57,3.55,3.57,21718,2021-04-06 19:55:00,ASLN
3.57,3.57,3.57,3.57,100,2021-04-06 20:00:00,ASLN
3.56,3.56,3.5,3.5,901,2021-04-06 20:05:00,ASLN
3.5,3.5,3.5,3.5,1452,2021-04-06 22:15:00,ASLN
3.51,3.51,3.51,3.51,343,2021-04-07 12:10:00,ASLN
3.5,3.5,3.45,3.46,489,2021-04-07 12:15:00,ASLN
3.54,3.55,3.54,3.55,1332,2021-04-07 13:25:00,ASLN
3.61,3.71,3.5468,3.66,20573,2021-04-07 13:30:00,ASLN
3.5765,3.61,3.5765,3.6,1000,2021-04-07 13:35:00,ASLN
3.63,3.63,3.61,3.63,7790,2021-04-07 13:40:00,ASLN
3.6004,3.66,3.6,3.65,35749,2021-04-07 13:45:00,ASLN
3.65,3.65,3.61,3.61,5600,2021-04-07 13:50:00,ASLN
3.6165,3.68,3.6,3.64,23082,2021-04-07 13:55:00,ASLN
3.64,3.68,3.63,3.68,13082,2021-04-07 14:00:00,ASLN
3.68,3.68,3.63,3.64,1300,2021-04-07 14:05:00,ASLN
3.64,3.69,3.6395,3.6899,34599,2021-04-07 14:10:00,ASLN
3.7,3.71,3.63,3.7,23527,2021-04-07 14:15:00,ASLN
3.7,3.71,3.66,3.7,2700,2021-04-07 14:20:00,ASLN
3.6708,3.7,3.67,3.67,1199,2021-04-07 14:25:00,ASLN
3.66,3.67,3.633,3.65,18500,2021-04-07 14:30:00,ASLN
3.65,3.65,3.63,3.65,2900,2021-04-07 14:35:00,ASLN
3.6312,3.64,3.63,3.64,911,2021-04-07 14:40:00,ASLN
3.62,3.62,3.615,3.6188,6868,2021-04-07 14:45:00,ASLN
3.62,3.62,3.59,3.595,7220,2021-04-07 14:50:00,ASLN
3.6,3.68,3.58,3.68,45864,2021-04-07 14:55:00,ASLN
3.68,3.68,3.66,3.67,6913,2021-04-07 15:00:00,ASLN
3.67,3.67,3.6,3.62,12081,2021-04-07 15:05:00,ASLN
3.61,3.65,3.61,3.65,3052,2021-04-07 15:10:00,ASLN
3.65,3.65,3.615,3.615,2458,2021-04-07 15:15:00,ASLN
3.63,3.63,3.6,3.61,2900,2021-04-07 15:20:00,ASLN
3.61,3.61,3.58,3.59,6604,2021-04-07 15:25:00,ASLN
3.59,3.62,3.58,3.6,8090,2021-04-07 15:30:00,ASLN
3.6,3.6,3.55,3.55,9809,2021-04-07 15:35:00,ASLN
3.55,3.58,3.52,3.58,16620,2021-04-07 15:40:00,ASLN
3.58,3.58,3.56,3.56,2700,2021-04-07 15:45:00,ASLN
3.5599,3.5599,3.53,3.5399,1000,2021-04-07 15:50:00,ASLN
3.5377,3.54,3.5,3.54,7237,2021-04-07 15:55:00,ASLN
3.525,3.57,3.525,3.56,5308,2021-04-07 16:00:00,ASLN
3.56,3.58,3.56,3.58,2268,2021-04-07 16:05:00,ASLN
3.58,3.58,3.56,3.56,1000,2021-04-07 16:10:00,ASLN
3.53,3.57,3.51,3.55,4158,2021-04-07 16:15:00,ASLN
3.55,3.57,3.53,3.57,5900,2021-04-07 16:20:00,ASLN
3.57,3.57,3.55,3.55,901,2021-04-07 16:25:00,ASLN
3.5429,3.5429,3.5101,3.54,1650,2021-04-07 16:35:00,ASLN
3.54,3.54,3.5,3.5,12947,2021-04-07 16:40:00,ASLN
3.51,3.52,3.5,3.5099,3100,2021-04-07 16:45:00,ASLN
3.51,3.51,3.5,3.51,2000,2021-04-07 16:50:00,ASLN
3.51,3.51,3.4902,3.5,61689,2021-04-07 16:55:00,ASLN
3.5,3.55,3.4989,3.54,25087,2021-04-07 17:00:00,ASLN
3.53,3.53,3.5,3.52,5270,2021-04-07 17:05:00,ASLN
3.51,3.51,3.51,3.51,2000,2021-04-07 17:10:00,ASLN
3.51,3.52,3.5,3.52,1500,2021-04-07 17:15:00,ASLN
3.52,3.54,3.52,3.54,4200,2021-04-07 17:20:00,ASLN
3.54,3.54,3.5,3.51,4613,2021-04-07 17:25:00,ASLN
3.51,3.51,3.46,3.5,5068,2021-04-07 17:30:00,ASLN
3.5,3.51,3.5,3.51,3799,2021-04-07 17:35:00,ASLN
3.51,3.51,3.51,3.51,400,2021-04-07 17:40:00,ASLN
3.5,3.505,3.47,3.48,5049,2021-04-07 17:50:00,ASLN
3.48,3.51,3.4789,3.51,3500,2021-04-07 17:55:00,ASLN
3.48,3.48,3.41,3.48,29118,2021-04-07 18:05:00,ASLN
3.48,3.5,3.48,3.5,2349,2021-04-07 18:10:00,ASLN
3.5,3.5,3.5,3.5,300,2021-04-07 18:15:00,ASLN
3.5,3.5,3.49,3.49,1400,2021-04-07 18:20:00,ASLN
3.49,3.5,3.473,3.5,13647,2021-04-07 18:25:00,ASLN
3.5,3.5,3.44,3.47,21465,2021-04-07 18:30:00,ASLN
3.4678,3.48,3.4678,3.48,1200,2021-04-07 18:35:00,ASLN
3.46,3.47,3.46,3.47,1100,2021-04-07 18:40:00,ASLN
3.47,3.47,3.431,3.44,11144,2021-04-07 18:45:00,ASLN
3.43,3.47,3.43,3.47,5525,2021-04-07 18:50:00,ASLN
3.47,3.49,3.46,3.46,5200,2021-04-07 18:55:00,ASLN
3.46,3.4684,3.46,3.4601,1734,2021-04-07 19:00:00,ASLN
3.47,3.47,3.46,3.46,1325,2021-04-07 19:05:00,ASLN
3.46,3.46,3.43,3.455,5050,2021-04-07 19:10:00,ASLN
3.47,3.47,3.44,3.47,1975,2021-04-07 19:15:00,ASLN
3.465,3.47,3.44,3.45,3579,2021-04-07 19:20:00,ASLN
3.45,3.45,3.41,3.43,3909,2021-04-07 19:25:00,ASLN
3.43,3.43,3.42,3.43,2700,2021-04-07 19:30:00,ASLN
3.4167,3.43,3.4167,3.43,1250,2021-04-07 19:35:00,ASLN
3.425,3.43,3.41,3.43,6750,2021-04-07 19:40:00,ASLN
3.43,3.45,3.42,3.44,7730,2021-04-07 19:45:00,ASLN
3.44,3.44,3.41,3.42,9588,2021-04-07 19:50:00,ASLN
3.42,3.45,3.4,3.45,28835,2021-04-07 19:55:00,ASLN
3.42,3.42,3.42,3.42,275,2021-04-07 20:00:00,ASLN
3.42,3.42,3.42,3.42,1442,2021-04-07 21:25:00,ASLN
3.36,3.36,3.36,3.36,100,2021-04-07 21:35:00,ASLN
3.36,3.36,3.35,3.35,250,2021-04-07 22:55:00,ASLN
3.32,3.32,3.32,3.32,420,2021-04-07 23:10:00,ASLN
3.32,3.32,3.32,3.32,580,2021-04-07 23:15:00,ASLN
3.32,3.32,3.32,3.32,100,2021-04-07 23:20:00,ASLN
3.32,3.35,3.32,3.35,5735,2021-04-07 23:25:00,ASLN
3.35,3.35,3.32,3.32,1600,2021-04-07 23:30:00,ASLN
3.35,3.35,3.35,3.35,500,2021-04-07 23:50:00,ASLN
3.35,3.35,3.35,3.35,100,2021-04-07 23:55:00,ASLN
3.42,3.42,3.42,3.42,250,2021-04-08 11:05:00,ASLN
3.4,3.4,3.4,3.4,250,2021-04-08 13:05:00,ASLN
3.4,3.4,3.38,3.38,2477,2021-04-08 13:25:00,ASLN
3.42,3.53,3.42,3.48,5993,2021-04-08 13:30:00,ASLN
3.48,3.5,3.48,3.5,1340,2021-04-08 13:35:00,ASLN
3.49,3.5,3.4604,3.5,2600,2021-04-08 13:40:00,ASLN
3.48,3.5,3.47,3.48,1100,2021-04-08 13:45:00,ASLN
3.42,3.49,3.42,3.47,4245,2021-04-08 13:50:00,ASLN
3.48,3.5,3.42,3.5,8414,2021-04-08 13:55:00,ASLN
3.5,3.5,3.455,3.48,1100,2021-04-08 14:00:00,ASLN
3.47,3.47,3.45,3.46,1300,2021-04-08 14:05:00,ASLN
3.45,3.46,3.42,3.44,1946,2021-04-08 14:10:00,ASLN
3.44,3.45,3.4,3.4253,10162,2021-04-08 14:15:00,ASLN
3.43,3.46,3.416,3.46,2500,2021-04-08 14:20:00,ASLN
3.4567,3.46,3.43,3.44,3450,2021-04-08 14:25:00,ASLN
3.45,3.47,3.45,3.47,2263,2021-04-08 14:30:00,ASLN
3.47,3.47,3.47,3.47,888,2021-04-08 14:35:00,ASLN
3.47,3.4717,3.47,3.4717,700,2021-04-08 14:40:00,ASLN
3.47,3.48,3.47,3.48,1088,2021-04-08 14:45:00,ASLN
3.4592,3.48,3.44,3.4401,16089,2021-04-08 14:50:00,ASLN
3.46,3.46,3.46,3.46,800,2021-04-08 14:55:00,ASLN
3.46,3.47,3.46,3.46,2146,2021-04-08 15:00:00,ASLN
3.465,3.47,3.44,3.455,9306,2021-04-08 15:05:00,ASLN
3.455,3.455,3.44,3.455,1600,2021-04-08 15:10:00,ASLN
3.44,3.455,3.44,3.45,2700,2021-04-08 15:15:00,ASLN
3.45,3.45,3.45,3.45,900,2021-04-08 15:20:00,ASLN
3.45,3.45,3.45,3.45,900,2021-04-08 15:25:00,ASLN
3.45,3.45,3.44,3.44,2100,2021-04-08 15:30:00,ASLN
3.4436,3.45,3.44,3.44,1350,2021-04-08 15:35:00,ASLN
3.44,3.44,3.4,3.415,5898,2021-04-08 15:40:00,ASLN
3.42,3.42,3.42,3.42,1698,2021-04-08 15:45:00,ASLN
3.42,3.42,3.42,3.42,1200,2021-04-08 15:50:00,ASLN
3.42,3.4271,3.42,3.42,1200,2021-04-08 15:55:00,ASLN
3.42,3.4278,3.42,3.42,1740,2021-04-08 16:00:00,ASLN
3.42,3.42,3.412,3.42,1600,2021-04-08 16:05:00,ASLN
3.42,3.42,3.42,3.42,700,2021-04-08 16:10:00,ASLN
3.42,3.43,3.42,3.42,2240,2021-04-08 16:15:00,ASLN
3.42,3.425,3.42,3.425,1825,2021-04-08 16:20:00,ASLN
3.425,3.43,3.42,3.425,3400,2021-04-08 16:25:00,ASLN
3.425,3.43,3.42,3.43,14232,2021-04-08 16:30:00,ASLN
3.43,3.43,3.43,3.43,1900,2021-04-08 16:35:00,ASLN
3.43,3.43,3.43,3.43,1300,2021-04-08 16:40:00,ASLN
3.43,3.44,3.42,3.43,1801,2021-04-08 16:45:00,ASLN
3.43,3.4371,3.42,3.4371,1491,2021-04-08 16:50:00,ASLN
3.43,3.43,3.42,3.43,2201,2021-04-08 16:55:00,ASLN
3.44,3.44,3.44,3.44,800,2021-04-08 17:00:00,ASLN
3.44,3.44,3.44,3.44,2200,2021-04-08 17:05:00,ASLN
3.44,3.45,3.44,3.44,1100,2021-04-08 17:10:00,ASLN
3.44,3.4499,3.44,3.44,1900,2021-04-08 17:15:00,ASLN
3.44,3.44,3.42,3.42,3279,2021-04-08 17:20:00,ASLN
3.415,3.42,3.4115,3.4186,925,2021-04-08 17:25:00,ASLN
3.42,3.42,3.41,3.415,900,2021-04-08 17:30:00,ASLN
3.415,3.42,3.4034,3.4034,2533,2021-04-08 17:35:00,ASLN
3.41,3.42,3.41,3.42,800,2021-04-08 17:40:00,ASLN
3.42,3.42,3.42,3.42,1696,2021-04-08 17:45:00,ASLN
3.42,3.42,3.41,3.42,1900,2021-04-08 17:50:00,ASLN
3.415,3.415,3.405,3.405,1700,2021-04-08 17:55:00,ASLN
3.405,3.405,3.405,3.405,600,2021-04-08 18:00:00,ASLN
3.405,3.41,3.405,3.41,800,2021-04-08 18:05:00,ASLN
3.41,3.41,3.37,3.41,14162,2021-04-08 18:10:00,ASLN
3.41,3.41,3.4088,3.41,2300,2021-04-08 18:15:00,ASLN
3.41,3.41,3.395,3.4,1200,2021-04-08 18:20:00,ASLN
3.43,3.43,3.43,3.43,1100,2021-04-08 18:25:00,ASLN
3.43,3.43,3.4287,3.43,5828,2021-04-08 18:30:00,ASLN
3.43,3.43,3.4101,3.43,17019,2021-04-08 18:35:00,ASLN
3.41,3.44,3.41,3.44,29920,2021-04-08 18:40:00,ASLN
3.44,3.49,3.43,3.49,11909,2021-04-08 18:45:00,ASLN
3.46,3.49,3.43,3.43,4469,2021-04-08 18:50:00,ASLN
3.48,3.48,3.47,3.47,1100,2021-04-08 18:55:00,ASLN
3.48,3.48,3.4311,3.45,13416,2021-04-08 19:00:00,ASLN
3.46,3.48,3.45,3.45,700,2021-04-08 19:05:00,ASLN
3.46,3.47,3.43,3.47,1060,2021-04-08 19:10:00,ASLN
3.47,3.47,3.45,3.46,2300,2021-04-08 19:15:00,ASLN
3.46,3.48,3.45,3.48,5290,2021-04-08 19:20:00,ASLN
3.48,3.48,3.48,3.48,900,2021-04-08 19:25:00,ASLN
3.48,3.48,3.459,3.48,2400,2021-04-08 19:30:00,ASLN
3.48,3.48,3.465,3.48,2500,2021-04-08 19:35:00,ASLN
3.48,3.48,3.465,3.48,3560,2021-04-08 19:40:00,ASLN
3.465,3.5,3.45,3.5,26088,2021-04-08 19:45:00,ASLN
3.5,3.5,3.48,3.49,32464,2021-04-08 19:50:00,ASLN
3.49,3.49,3.43,3.49,11472,2021-04-08 19:55:00,ASLN
3.49,3.49,3.49,3.49,601,2021-04-08 20:00:00,ASLN
3.55,3.55,3.55,3.55,100,2021-04-08 23:55:00,ASLN
3.45,3.45,3.45,3.45,100,2021-04-09 12:00:00,ASLN
3.45,3.45,3.45,3.45,100,2021-04-09 12:50:00,ASLN
3.45,3.45,3.45,3.45,204,2021-04-09 13:25:00,ASLN
3.5,3.5,3.44,3.44,2137,2021-04-09 13:30:00,ASLN
3.425,3.44,3.41,3.44,10329,2021-04-09 13:35:00,ASLN
3.4225,3.48,3.4225,3.47,1050,2021-04-09 13:40:00,ASLN
3.46,3.46,3.46,3.46,200,2021-04-09 13:45:00,ASLN
3.46,3.46,3.43,3.44,4200,2021-04-09 13:50:00,ASLN
3.46,3.46,3.4,3.425,17500,2021-04-09 13:55:00,ASLN
3.45,3.46,3.45,3.45,300,2021-04-09 14:00:00,ASLN
3.43,3.44,3.4,3.44,3200,2021-04-09 14:05:00,ASLN
3.4632,3.47,3.4623,3.47,1000,2021-04-09 14:10:00,ASLN
3.47,3.47,3.47,3.47,100,2021-04-09 14:15:00,ASLN
3.46,3.46,3.44,3.46,1034,2021-04-09 14:20:00,ASLN
3.46,3.46,3.46,3.46,200,2021-04-09 14:25:00,ASLN
3.43,3.43,3.4,3.41,2200,2021-04-09 14:30:00,ASLN
3.4,3.42,3.4,3.42,2350,2021-04-09 14:35:00,ASLN
3.45,3.45,3.4204,3.4204,244,2021-04-09 14:40:00,ASLN
3.41,3.44,3.41,3.44,1000,2021-04-09 14:50:00,ASLN
3.44,3.44,3.41,3.43,1000,2021-04-09 14:55:00,ASLN
3.43,3.43,3.43,3.43,100,2021-04-09 15:00:00,ASLN
3.43,3.45,3.43,3.45,2500,2021-04-09 15:05:00,ASLN
3.45,3.47,3.4256,3.47,4255,2021-04-09 15:10:00,ASLN
3.43,3.445,3.43,3.445,900,2021-04-09 15:15:00,ASLN
3.4375,3.4628,3.42,3.46,12493,2021-04-09 15:20:00,ASLN
3.46,3.46,3.42,3.4201,5400,2021-04-09 15:25:00,ASLN
3.43,3.44,3.422,3.43,2400,2021-04-09 15:30:00,ASLN
3.42,3.46,3.42,3.44,3300,2021-04-09 15:35:00,ASLN
3.43,3.44,3.4281,3.43,1044,2021-04-09 15:40:00,ASLN
3.43,3.47,3.43,3.45,6488,2021-04-09 15:45:00,ASLN
3.43,3.48,3.43,3.47,11400,2021-04-09 15:50:00,ASLN
3.47,3.475,3.44,3.46,800,2021-04-09 15:55:00,ASLN
3.46,3.46,3.44,3.44,2500,2021-04-09 16:00:00,ASLN
3.43,3.44,3.4277,3.43,800,2021-04-09 16:05:00,ASLN
3.4378,3.4378,3.405,3.405,2494,2021-04-09 16:10:00,ASLN
3.41,3.43,3.41,3.43,700,2021-04-09 16:15:00,ASLN
3.4088,3.43,3.4088,3.43,238,2021-04-09 16:20:00,ASLN
3.43,3.43,3.42,3.43,300,2021-04-09 16:25:00,ASLN
3.43,3.43,3.43,3.43,100,2021-04-09 16:30:00,ASLN
3.43,3.43,3.43,3.43,100,2021-04-09 16:40:00,ASLN
3.43,3.43,3.43,3.43,100,2021-04-09 16:45:00,ASLN
3.43,3.43,3.421,3.421,2236,2021-04-09 16:50:00,ASLN
3.43,3.43,3.415,3.43,1600,2021-04-09 16:55:00,ASLN
3.42,3.44,3.42,3.44,1000,2021-04-09 17:00:00,ASLN
3.41,3.435,3.41,3.4133,2200,2021-04-09 17:05:00,ASLN
3.425,3.43,3.38,3.38,7280,2021-04-09 17:10:00,ASLN
3.39,3.39,3.39,3.39,200,2021-04-09 17:15:00,ASLN
3.41,3.41,3.39,3.39,3500,2021-04-09 17:20:00,ASLN
3.39,3.39,3.39,3.39,100,2021-04-09 17:25:00,ASLN
3.38,3.38,3.38,3.38,500,2021-04-09 17:30:00,ASLN
3.37,3.39,3.36,3.39,1200,2021-04-09 17:35:00,ASLN
3.39,3.39,3.37,3.39,550,2021-04-09 17:40:00,ASLN
3.39,3.39,3.36,3.39,1200,2021-04-09 17:45:00,ASLN
3.39,3.39,3.36,3.39,850,2021-04-09 17:50:00,ASLN
3.39,3.39,3.39,3.39,100,2021-04-09 18:00:00,ASLN
3.36,3.38,3.36,3.37,1169,2021-04-09 18:05:00,ASLN
3.37,3.37,3.37,3.37,300,2021-04-09 18:10:00,ASLN
3.35,3.38,3.35,3.37,700,2021-04-09 18:15:00,ASLN
3.37,3.37,3.35,3.37,1904,2021-04-09 18:20:00,ASLN
3.37,3.37,3.32,3.35,10122,2021-04-09 18:25:00,ASLN
3.37,3.37,3.35,3.35,800,2021-04-09 18:30:00,ASLN
3.35,3.35,3.325,3.325,2400,2021-04-09 18:35:00,ASLN
3.32,3.34,3.32,3.34,632,2021-04-09 18:40:00,ASLN
3.3399,3.34,3.32,3.33,1000,2021-04-09 18:45:00,ASLN
3.33,3.35,3.33,3.335,2172,2021-04-09 18:50:00,ASLN
3.35,3.35,3.34,3.34,4000,2021-04-09 18:55:00,ASLN
3.33,3.33,3.33,3.33,100,2021-04-09 19:00:00,ASLN
3.36,3.36,3.3599,3.3599,4600,2021-04-09 19:05:00,ASLN
3.35,3.35,3.3,3.31,12678,2021-04-09 19:10:00,ASLN
3.31,3.36,3.3,3.33,16719,2021-04-09 19:15:00,ASLN
3.33,3.33,3.33,3.33,250,2021-04-09 19:20:00,ASLN
3.345,3.345,3.295,3.3,9000,2021-04-09 19:25:00,ASLN
3.3,3.33,3.3,3.3,2500,2021-04-09 19:30:00,ASLN
3.305,3.32,3.29,3.32,11974,2021-04-09 19:35:00,ASLN
3.31,3.33,3.28,3.31,49637,2021-04-09 19:40:00,ASLN
3.295,3.31,3.295,3.31,8996,2021-04-09 19:45:00,ASLN
3.31,3.35,3.265,3.33,38271,2021-04-09 19:50:00,ASLN
3.32,3.3325,3.28,3.31,25120,2021-04-09 19:55:00,ASLN
3.35,3.35,3.35,3.35,500,2021-04-09 20:00:00,ASLN
3.3001,3.3001,3.3001,3.3001,1500,2021-04-09 21:15:00,ASLN
3.3999,3.3999,3.3999,3.3999,1549,2021-04-09 22:00:00,ASLN
3.39,3.4,3.39,3.4,700,2021-04-09 22:25:00,ASLN
3.25,3.25,3.25,3.25,200,2021-04-12 12:50:00,ASLN
3.25,3.25,3.25,3.25,100,2021-04-12 12:55:00,ASLN
3.25,3.25,3.2,3.2,3254,2021-04-12 13:00:00,ASLN
3.25,3.25,3.25,3.25,100,2021-04-12 13:05:00,ASLN
3.25,3.25,3.25,3.25,3260,2021-04-12 13:25:00,ASLN
3.34,3.37,3.3,3.37,7578,2021-04-12 13:30:00,ASLN
3.3625,3.3625,3.27,3.295,14500,2021-04-12 13:35:00,ASLN
3.27,3.3,3.27,3.27,4458,2021-04-12 13:40:00,ASLN
3.27,3.29,3.24,3.2585,36281,2021-04-12 13:45:00,ASLN
3.26,3.26,3.21,3.2501,24280,2021-04-12 13:50:00,ASLN
3.25,3.2532,3.21,3.235,6438,2021-04-12 13:55:00,ASLN
3.26,3.26,3.235,3.235,9300,2021-04-12 14:00:00,ASLN
3.25,3.25,3.245,3.245,6249,2021-04-12 14:05:00,ASLN
3.245,3.245,3.2101,3.22,3600,2021-04-12 14:10:00,ASLN
3.225,3.23,3.22,3.22,9400,2021-04-12 14:15:00,ASLN
3.22,3.23,3.21,3.21,4816,2021-04-12 14:20:00,ASLN
3.22,3.22,3.21,3.21,3550,2021-04-12 14:25:00,ASLN
3.215,3.215,3.155,3.165,21111,2021-04-12 14:30:00,ASLN
3.1681,3.21,3.165,3.19,13682,2021-04-12 14:35:00,ASLN
3.2,3.2,3.18,3.2,1872,2021-04-12 14:40:00,ASLN
3.1876,3.2,3.18,3.2,1200,2021-04-12 14:45:00,ASLN
3.18,3.2,3.18,3.19,3114,2021-04-12 14:50:00,ASLN
3.19,3.2,3.19,3.2,2800,2021-04-12 14:55:00,ASLN
3.205,3.205,3.19,3.195,10253,2021-04-12 15:00:00,ASLN
3.1986,3.1986,3.195,3.195,200,2021-04-12 15:05:00,ASLN
3.1979,3.21,3.19,3.2,7650,2021-04-12 15:10:00,ASLN
3.1901,3.2,3.19,3.2,2900,2021-04-12 15:15:00,ASLN
3.2,3.2,3.2,3.2,200,2021-04-12 15:20:00,ASLN
3.195,3.2,3.195,3.195,1900,2021-04-12 15:25:00,ASLN
3.195,3.2,3.195,3.195,1600,2021-04-12 15:30:00,ASLN
3.195,3.2,3.195,3.2,300,2021-04-12 15:35:00,ASLN
3.1938,3.2,3.1938,3.2,200,2021-04-12 15:40:00,ASLN
3.2,3.21,3.1901,3.2,1000,2021-04-12 15:50:00,ASLN
3.21,3.21,3.205,3.205,2300,2021-04-12 15:55:00,ASLN
3.2,3.2,3.19,3.19,11275,2021-04-12 16:00:00,ASLN
3.1902,3.2,3.19,3.195,6800,2021-04-12 16:05:00,ASLN
3.195,3.2,3.195,3.195,960,2021-04-12 16:10:00,ASLN
3.195,3.195,3.17,3.17,25344,2021-04-12 16:15:00,ASLN
3.175,3.175,3.17,3.175,1400,2021-04-12 16:20:00,ASLN
3.175,3.18,3.175,3.175,537,2021-04-12 16:25:00,ASLN
3.175,3.1775,3.15,3.16,7064,2021-04-12 16:30:00,ASLN
3.17,3.18,3.17,3.18,1596,2021-04-12 16:35:00,ASLN
3.18,3.18,3.17,3.17,1015,2021-04-12 16:40:00,ASLN
3.15,3.165,3.15,3.165,2605,2021-04-12 16:45:00,ASLN
3.16,3.165,3.12,3.125,38640,2021-04-12 16:50:00,ASLN
3.125,3.135,3.121,3.1238,1650,2021-04-12 16:55:00,ASLN
3.12,3.14,3.12,3.12,4648,2021-04-12 17:00:00,ASLN
3.1201,3.1201,3.1201,3.1201,500,2021-04-12 17:10:00,ASLN
3.1395,3.14,3.1192,3.14,1100,2021-04-12 17:15:00,ASLN
3.12,3.12,3.1,3.1,9617,2021-04-12 17:20:00,ASLN
3.0986,3.0999,3.0986,3.0999,1100,2021-04-12 17:25:00,ASLN
3.1,3.1,3.06,3.065,6773,2021-04-12 17:30:00,ASLN
3.065,3.08,3.05,3.05,5950,2021-04-12 17:35:00,ASLN
3.05,3.05,3.01,3.0101,16650,2021-04-12 17:40:00,ASLN
3.01,3.08,3.01,3.08,17229,2021-04-12 17:45:00,ASLN
3.08,3.08,3.065,3.08,8101,2021-04-12 17:50:00,ASLN
3.0833,3.1,3.08,3.09,5901,2021-04-12 17:55:00,ASLN
3.09,3.098,3.08,3.098,5611,2021-04-12 18:00:00,ASLN
3.1,3.1,3.09,3.09,5900,2021-04-12 18:05:00,ASLN
3.1197,3.1197,3.115,3.115,450,2021-04-12 18:10:00,ASLN
3.1,3.1261,3.1,3.1261,1100,2021-04-12 18:15:00,ASLN
3.1,3.1179,3.1,3.1,3500,2021-04-12 18:20:00,ASLN
3.1,3.11,3.1,3.105,503,2021-04-12 18:25:00,ASLN
3.105,3.105,3.105,3.105,300,2021-04-12 18:30:00,ASLN
3.1099,3.11,3.1,3.105,5200,2021-04-12 18:35:00,ASLN
3.1099,3.1099,3.105,3.105,1900,2021-04-12 18:40:00,ASLN
3.105,3.11,3.1,3.1085,1000,2021-04-12 18:45:00,ASLN
3.11,3.11,3.09,3.1,16713,2021-04-12 18:50:00,ASLN
3.09,3.1,3.09,3.095,6161,2021-04-12 18:55:00,ASLN
3.1,3.1,3.09,3.095,1551,2021-04-12 19:00:00,ASLN
3.09,3.095,3.09,3.09,1599,2021-04-12 19:05:00,ASLN
3.09,3.1,3.09,3.0999,1000,2021-04-12 19:10:00,ASLN
3.095,3.095,3.03,3.06,12722,2021-04-12 19:15:00,ASLN
3.07,3.07,3.07,3.07,1300,2021-04-12 19:20:00,ASLN
3.095,3.095,3.095,3.095,400,2021-04-12 19:25:00,ASLN
3.1,3.1,3.08,3.1,1300,2021-04-12 19:30:00,ASLN
3.09,3.09,3.08,3.085,1000,2021-04-12 19:35:00,ASLN
3.1,3.1,3.07,3.07,4100,2021-04-12 19:40:00,ASLN
3.07,3.09,3.07,3.07,15052,2021-04-12 19:45:00,ASLN
3.07,3.0798,3.06,3.06,9550,2021-04-12 19:50:00,ASLN
3.06,3.08,3.06,3.07,20346,2021-04-12 19:55:00,ASLN
3.07,3.07,3.07,3.07,200,2021-04-12 20:00:00,ASLN
3.1,3.1,3.1,3.1,493,2021-04-12 22:55:00,ASLN
3.07,3.07,3.07,3.07,434,2021-04-13 11:10:00,ASLN
3.01,3.01,3.01,3.01,500,2021-04-13 12:00:00,ASLN
3.01,3.01,3.0,3.0,1150,2021-04-13 12:10:00,ASLN
3.01,3.01,3.01,3.01,400,2021-04-13 12:15:00,ASLN
3.06,3.06,3.06,3.06,100,2021-04-13 12:40:00,ASLN
3.03,3.1,3.03,3.1,5353,2021-04-13 13:30:00,ASLN
3.11,3.14,3.11,3.13,1939,2021-04-13 13:35:00,ASLN
3.1313,3.14,3.1,3.1262,5114,2021-04-13 13:40:00,ASLN
3.14,3.14,3.11,3.11,2921,2021-04-13 13:45:00,ASLN
3.14,3.14,3.11,3.11,700,2021-04-13 13:50:00,ASLN
3.14,3.14,3.11,3.11,8635,2021-04-13 13:55:00,ASLN
3.1,3.13,3.09,3.1,12800,2021-04-13 14:00:00,ASLN
3.0945,3.0945,3.07,3.09,1151,2021-04-13 14:05:00,ASLN
3.0901,3.0901,3.09,3.09,500,2021-04-13 14:10:00,ASLN
3.094,3.094,3.08,3.08,600,2021-04-13 14:15:00,ASLN
3.0701,3.0701,3.0701,3.0701,7000,2021-04-13 14:20:00,ASLN
3.085,3.0963,3.08,3.085,600,2021-04-13 14:25:00,ASLN
3.0943,3.1,3.09,3.095,1200,2021-04-13 14:30:00,ASLN
3.0913,3.0999,3.09,3.09,2196,2021-04-13 14:35:00,ASLN
3.085,3.085,3.085,3.085,100,2021-04-13 14:40:00,ASLN
3.085,3.09,3.08,3.09,2094,2021-04-13 14:45:00,ASLN
3.07,3.07,3.05,3.05,7750,2021-04-13 14:50:00,ASLN
3.06,3.06,3.05,3.0525,663,2021-04-13 14:55:00,ASLN
3.06,3.06,3.05,3.0501,1249,2021-04-13 15:00:00,ASLN
3.06,3.08,3.06,3.08,3150,2021-04-13 15:05:00,ASLN
3.06,3.08,3.06,3.065,3100,2021-04-13 15:10:00,ASLN
3.08,3.1,3.08,3.08,700,2021-04-13 15:15:00,ASLN
3.08,3.08,3.07,3.08,1714,2021-04-13 15:20:00,ASLN
3.08,3.08,3.08,3.08,100,2021-04-13 15:25:00,ASLN
3.08,3.09,3.08,3.08,850,2021-04-13 15:30:00,ASLN
3.08,3.08,3.07,3.07,1151,2021-04-13 15:35:00,ASLN
3.0674,3.0674,3.06,3.06,600,2021-04-13 15:40:00,ASLN
3.05,3.07,3.05,3.07,931,2021-04-13 15:45:00,ASLN
3.06,3.07,3.06,3.07,6450,2021-04-13 15:50:00,ASLN
3.06,3.07,3.06,3.07,1600,2021-04-13 16:05:00,ASLN
3.08,3.08,3.08,3.08,200,2021-04-13 16:10:00,ASLN
3.06,3.07,3.06,3.07,450,2021-04-13 16:15:00,ASLN
3.06,3.07,3.06,3.07,800,2021-04-13 16:20:00,ASLN
3.06,3.06,3.05,3.05,7617,2021-04-13 16:25:00,ASLN
3.07,3.07,3.07,3.07,100,2021-04-13 16:30:00,ASLN
3.07,3.07,3.07,3.07,600,2021-04-13 16:40:00,ASLN
3.0601,3.0699,3.0601,3.062,891,2021-04-13 16:45:00,ASLN
3.0601,3.0601,3.055,3.055,5432,2021-04-13 16:50:00,ASLN
3.055,3.055,3.05,3.05,2671,2021-04-13 16:55:00,ASLN
3.06,3.06,3.05,3.05,400,2021-04-13 17:00:00,ASLN
3.0593,3.06,3.05,3.05,1225,2021-04-13 17:05:00,ASLN
3.06,3.06,3.05,3.05,5285,2021-04-13 17:10:00,ASLN
3.05,3.0599,3.05,3.05,17627,2021-04-13 17:20:00,ASLN
3.05,3.0569,3.05,3.05,575,2021-04-13 17:25:00,ASLN
3.05,3.05,3.05,3.05,200,2021-04-13 17:30:00,ASLN
3.05,3.05,3.05,3.05,100,2021-04-13 17:40:00,ASLN
3.05,3.05,3.05,3.05,100,2021-04-13 17:45:00,ASLN
3.055,3.055,3.055,3.055,233,2021-04-13 17:50:00,ASLN
3.05,3.05,3.05,3.05,800,2021-04-13 17:55:00,ASLN
3.05,3.055,3.05,3.055,3000,2021-04-13 18:00:00,ASLN
3.05,3.05,3.05,3.05,400,2021-04-13 18:05:00,ASLN
3.05,3.06,3.05,3.06,700,2021-04-13 18:10:00,ASLN
3.06,3.06,3.05,3.054,5200,2021-04-13 18:15:00,ASLN
3.05,3.05,3.05,3.05,200,2021-04-13 18:20:00,ASLN
3.05,3.05,3.05,3.05,100,2021-04-13 18:30:00,ASLN
3.05,3.0501,3.05,3.05,1449,2021-04-13 18:35:00,ASLN
3.05,3.0585,3.05,3.0585,612,2021-04-13 18:40:00,ASLN
3.05,3.05,3.05,3.05,400,2021-04-13 18:45:00,ASLN
3.06,3.06,3.06,3.06,200,2021-04-13 18:55:00,ASLN
3.0516,3.06,3.05,3.05,1230,2021-04-13 19:00:00,ASLN
3.05,3.0512,3.05,3.0512,365,2021-04-13 19:05:00,ASLN
3.055,3.055,3.05,3.05,350,2021-04-13 19:10:00,ASLN
3.053,3.053,3.05,3.05,800,2021-04-13 19:15:00,ASLN
3.0501,3.06,3.05,3.055,6460,2021-04-13 19:20:00,ASLN
3.055,3.06,3.05,3.0598,5546,2021-04-13 19:25:00,ASLN
3.05,3.06,3.05,3.05,13549,2021-04-13 19:30:00,ASLN
3.03,3.04,3.0,3.01,30308,2021-04-13 19:35:00,ASLN
3.01,3.02,3.01,3.02,1090,2021-04-13 19:40:00,ASLN
3.03,3.05,3.03,3.03,6140,2021-04-13 19:45:00,ASLN
3.05,3.0653,3.03,3.0653,2159,2021-04-13 19:50:00,ASLN
3.045,3.08,3.03,3.05,8614,2021-04-13 19:55:00,ASLN
3.05,3.05,3.05,3.05,162,2021-04-13 20:00:00,ASLN
3.13,3.13,3.13,3.13,197,2021-04-13 20:30:00,ASLN
3.13,3.13,3.13,3.13,100,2021-04-13 21:05:00,ASLN
3.13,3.13,3.13,3.13,115,2021-04-13 21:30:00,ASLN
3.07,3.17,3.07,3.17,2776,2021-04-14 13:30:00,ASLN
3.1517,3.1517,3.09,3.0956,2322,2021-04-14 13:35:00,ASLN
3.1119,3.15,3.0601,3.12,2306,2021-04-14 13:40:00,ASLN
3.0995,3.12,3.0995,3.12,1850,2021-04-14 13:45:00,ASLN
3.11,3.1227,3.09,3.09,1716,2021-04-14 13:50:00,ASLN
3.1,3.14,3.09,3.14,5128,2021-04-14 14:00:00,ASLN
3.14,3.2,3.14,3.2,12524,2021-04-14 14:05:00,ASLN
3.16,3.25,3.16,3.172,5700,2021-04-14 14:10:00,ASLN
3.205,3.205,3.1601,3.2,1240,2021-04-14 14:15:00,ASLN
3.1999,3.2,3.18,3.18,1600,2021-04-14 14:20:00,ASLN
3.165,3.165,3.15,3.15,1887,2021-04-14 14:25:00,ASLN
3.2,3.2,3.195,3.195,540,2021-04-14 14:30:00,ASLN
3.175,3.18,3.175,3.18,698,2021-04-14 14:35:00,ASLN
3.19,3.2,3.19,3.19,2843,2021-04-14 14:40:00,ASLN
3.23,3.23,3.23,3.23,200,2021-04-14 14:45:00,ASLN
3.23,3.25,3.205,3.25,11352,2021-04-14 14:50:00,ASLN
3.23,3.23,3.22,3.22,2560,2021-04-14 14:55:00,ASLN
3.23,3.23,3.215,3.215,1200,2021-04-14 15:00:00,ASLN
3.21,3.2399,3.2,3.2399,12297,2021-04-14 15:10:00,ASLN
3.2,3.2,3.2,3.2,1198,2021-04-14 15:15:00,ASLN
3.2,3.24,3.19,3.24,1350,2021-04-14 15:20:00,ASLN
3.202,3.22,3.2001,3.2001,400,2021-04-14 15:30:00,ASLN
3.1921,3.215,3.15,3.205,23139,2021-04-14 15:35:00,ASLN
3.21,3.24,3.19,3.19,1400,2021-04-14 15:40:00,ASLN
3.2028,3.2028,3.2028,3.2028,268,2021-04-14 15:45:00,ASLN
3.24,3.26,3.23,3.26,2423,2021-04-14 15:50:00,ASLN
3.24,3.24,3.2,3.2,9100,2021-04-14 15:55:00,ASLN
3.21,3.21,3.21,3.21,500,2021-04-14 16:00:00,ASLN
3.21,3.21,3.2,3.2,972,2021-04-14 16:05:00,ASLN
3.21,3.21,3.208,3.208,255,2021-04-14 16:10:00,ASLN
3.21,3.22,3.19,3.2,19270,2021-04-14 16:30:00,ASLN
3.19,3.2,3.19,3.19,1210,2021-04-14 16:35:00,ASLN
3.2,3.2,3.198,3.198,1050,2021-04-14 16:40:00,ASLN
3.2,3.22,3.2,3.22,4436,2021-04-14 16:45:00,ASLN
3.24,3.24,3.21,3.21,1120,2021-04-14 16:50:00,ASLN
3.25,3.25,3.25,3.25,100,2021-04-14 16:55:00,ASLN
3.242,3.2599,3.215,3.225,9300,2021-04-14 17:00:00,ASLN
3.2441,3.2441,3.225,3.225,600,2021-04-14 17:05:00,ASLN
3.2414,3.2414,3.2414,3.2414,100,2021-04-14 17:10:00,ASLN
3.24,3.24,3.24,3.24,200,2021-04-14 17:20:00,ASLN
3.24,3.24,3.24,3.24,757,2021-04-14 17:25:00,ASLN
3.22,3.22,3.21,3.22,2500,2021-04-14 17:35:00,ASLN
3.2174,3.2174,3.2174,3.2174,110,2021-04-14 17:45:00,ASLN
3.25,3.25,3.2,3.24,4331,2021-04-14 17:50:00,ASLN
3.23,3.2304,3.22,3.22,400,2021-04-14 17:55:00,ASLN
3.2,3.22,3.2,3.22,5658,2021-04-14 18:00:00,ASLN
3.23,3.23,3.23,3.23,1790,2021-04-14 18:05:00,ASLN
3.2,3.21,3.15,3.15,32715,2021-04-14 18:10:00,ASLN
3.17,3.2,3.15,3.15,15729,2021-04-14 18:15:00,ASLN
3.15,3.2,3.15,3.16,2300,2021-04-14 18:20:00,ASLN
3.16,3.2,3.15,3.15,4405,2021-04-14 18:25:00,ASLN
3.16,3.17,3.15,3.15,800,2021-04-14 18:30:00,ASLN
3.17,3.17,3.145,3.145,3100,2021-04-14 18:35:00,ASLN
3.15,3.15,3.15,3.15,200,2021-04-14 18:40:00,ASLN
3.15,3.15,3.15,3.15,100,2021-04-14 18:45:00,ASLN
3.15,3.15,3.13,3.145,600,2021-04-14 18:50:00,ASLN
3.15,3.15,3.1275,3.15,600,2021-04-14 18:55:00,ASLN
3.14,3.14,3.14,3.14,250,2021-04-14 19:00:00,ASLN
3.12,3.135,3.12,3.13,1480,2021-04-14 19:05:00,ASLN
3.125,3.15,3.11,3.13,3100,2021-04-14 19:10:00,ASLN
3.12,3.16,3.11,3.13,8016,2021-04-14 19:15:00,ASLN
3.14,3.14,3.11,3.13,3100,2021-04-14 19:20:00,ASLN
3.15,3.15,3.15,3.15,200,2021-04-14 19:25:00,ASLN
3.13,3.15,3.13,3.15,243,2021-04-14 19:30:00,ASLN
3.13,3.17,3.12,3.16,2300,2021-04-14 19:35:00,ASLN
3.158,3.16,3.14,3.14,3111,2021-04-14 19:40:00,ASLN
3.13,3.145,3.13,3.13,400,2021-04-14 19:45:00,ASLN
3.16,3.16,3.15,3.15,4942,2021-04-14 19:50:00,ASLN
3.15,3.17,3.12,3.12,5448,2021-04-14 19:55:00,ASLN
3.15,3.15,3.15,3.15,632,2021-04-14 20:00:00,ASLN
3.16,3.2,3.16,3.1665,2054,2021-04-15 13:30:00,ASLN
3.1923,3.1923,3.175,3.175,2200,2021-04-15 13:35:00,ASLN
3.15,3.15,3.15,3.15,200,2021-04-15 13:40:00,ASLN
3.15,3.1565,3.15,3.15,1205,2021-04-15 13:45:00,ASLN
3.12,3.12,3.12,3.12,400,2021-04-15 13:50:00,ASLN
3.1215,3.15,3.12,3.15,3600,2021-04-15 13:55:00,ASLN
3.162,3.18,3.15,3.15,1743,2021-04-15 14:00:00,ASLN
3.16,3.16,3.1,3.1,3500,2021-04-15 14:05:00,ASLN
3.1,3.1299,3.1,3.1299,450,2021-04-15 14:10:00,ASLN
3.1,3.12,3.06,3.07,8546,2021-04-15 14:15:00,ASLN
3.07,3.101,3.07,3.101,2200,2021-04-15 14:20:00,ASLN
3.115,3.13,3.08,3.08,1200,2021-04-15 14:25:00,ASLN
3.08,3.13,3.08,3.1,1300,2021-04-15 14:30:00,ASLN
3.09,3.09,3.09,3.09,200,2021-04-15 14:35:00,ASLN
3.09,3.09,3.08,3.08,450,2021-04-15 14:45:00,ASLN
3.13,3.13,3.1197,3.1197,820,2021-04-15 14:50:00,ASLN
3.105,3.105,3.08,3.08,1600,2021-04-15 15:00:00,ASLN
3.08,3.11,3.08,3.09,1319,2021-04-15 15:05:00,ASLN
3.08,3.08,3.08,3.08,3500,2021-04-15 15:10:00,ASLN
3.079,3.079,3.06,3.06,2195,2021-04-15 15:20:00,ASLN
3.0775,3.08,3.07,3.07,760,2021-04-15 15:25:00,ASLN
3.07,3.0779,3.06,3.06,2344,2021-04-15 15:30:00,ASLN
3.07,3.08,3.07,3.07,1452,2021-04-15 15:35:00,ASLN
3.07,3.09,3.07,3.07,5070,2021-04-15 15:40:00,ASLN
3.09,3.1,3.06,3.1,7240,2021-04-15 15:45:00,ASLN
3.06,3.0601,3.06,3.0601,360,2021-04-15 15:50:00,ASLN
3.08,3.08,3.06,3.08,7631,2021-04-15 15:55:00,ASLN
3.085,3.085,3.07,3.07,2681,2021-04-15 16:00:00,ASLN
3.08,3.08,3.0787,3.0787,400,2021-04-15 16:05:00,ASLN
3.07,3.07,3.06,3.06,517,2021-04-15 16:10:00,ASLN
3.05,3.055,3.03,3.055,3199,2021-04-15 16:15:00,ASLN
3.07,3.07,3.07,3.07,1700,2021-04-15 16:20:00,ASLN
3.055,3.07,3.055,3.07,5300,2021-04-15 16:25:00,ASLN
3.055,3.07,3.055,3.07,700,2021-04-15 16:30:00,ASLN
3.05,3.05,3.05,3.05,100,2021-04-15 16:35:00,ASLN
3.04,3.08,3.04,3.0761,2100,2021-04-15 16:40:00,ASLN
3.08,3.08,3.08,3.08,100,2021-04-15 16:45:00,ASLN
3.0501,3.0501,3.05,3.05,2300,2021-04-15 16:50:00,ASLN
3.05,3.05,3.05,3.05,1200,2021-04-15 16:55:00,ASLN
3.05,3.05,3.05,3.05,1600,2021-04-15 17:00:00,ASLN
3.08,3.08,3.05,3.05,700,2021-04-15 17:05:00,ASLN
3.0533,3.0533,3.04,3.04,2280,2021-04-15 17:15:00,ASLN
3.04,3.0446,3.04,3.04,5800,2021-04-15 17:20:00,ASLN
3.05,3.05,3.03,3.03,4831,2021-04-15 17:25:00,ASLN
3.025,3.03,3.02,3.03,26500,2021-04-15 17:30:00,ASLN
3.05,3.05,3.04,3.05,1400,2021-04-15 17:35:00,ASLN
3.05,3.06,3.05,3.06,200,2021-04-15 17:40:00,ASLN
3.06,3.06,3.0303,3.06,600,2021-04-15 17:45:00,ASLN
3.06,3.06,3.05,3.05,300,2021-04-15 17:50:00,ASLN
3.0339,3.06,3.03,3.06,550,2021-04-15 17:55:00,ASLN
3.06,3.06,3.06,3.06,100,2021-04-15 18:00:00,ASLN
3.06,3.06,3.05,3.055,1967,2021-04-15 18:05:00,ASLN
3.06,3.06,3.05,3.05,600,2021-04-15 18:10:00,ASLN
3.05,3.05,3.03,3.03,800,2021-04-15 18:15:00,ASLN
3.04,3.04,3.02,3.03,3400,2021-04-15 18:20:00,ASLN
3.06,3.06,3.05,3.06,700,2021-04-15 18:35:00,ASLN
3.07,3.07,3.02,3.02,400,2021-04-15 18:45:00,ASLN
3.06,3.07,3.06,3.06,3814,2021-04-15 18:50:00,ASLN
3.07,3.07,3.0618,3.0618,600,2021-04-15 18:55:00,ASLN
3.07,3.07,3.0642,3.07,1631,2021-04-15 19:00:00,ASLN
3.0699,3.07,3.0699,3.07,400,2021-04-15 19:05:00,ASLN
3.04,3.04,3.03,3.03,1195,2021-04-15 19:10:00,ASLN
3.04,3.04,3.03,3.03,600,2021-04-15 19:15:00,ASLN
3.038,3.04,3.01,3.01,1917,2021-04-15 19:20:00,ASLN
3.0115,3.0342,3.01,3.01,700,2021-04-15 19:25:00,ASLN
3.025,3.03,3.0,3.02,34124,2021-04-15 19:30:00,ASLN
3.035,3.05,3.035,3.045,2789,2021-04-15 19:35:00,ASLN
3.04,3.1027,3.04,3.1027,8400,2021-04-15 19:40:00,ASLN
3.1,3.15,3.1,3.15,15300,2021-04-15 19:45:00,ASLN
3.14,3.14,3.11,3.1188,4405,2021-04-15 19:50:00,ASLN
3.12,3.12,3.1,3.11,12402,2021-04-15 19:55:00,ASLN
3.09,3.09,3.09,3.09,1844,2021-04-15 20:00:00,ASLN
3.04,3.04,3.04,3.04,143,2021-04-15 21:10:00,ASLN
3.03,3.03,3.03,3.03,140,2021-04-15 21:45:00,ASLN
3.01,3.01,3.01,3.01,230,2021-04-15 22:50:00,ASLN
3.09,3.15,3.09,3.15,807,2021-04-16 11:35:00,ASLN
3.09,3.09,3.09,3.09,100,2021-04-16 12:20:00,ASLN
3.09,3.09,3.09,3.09,300,2021-04-16 13:00:00,ASLN
3.09,3.09,3.09,3.09,193,2021-04-16 13:05:00,ASLN
3.12,3.12,3.02,3.0728,4410,2021-04-16 13:30:00,ASLN
3.07,3.07,3.0301,3.0301,1222,2021-04-16 13:35:00,ASLN
3.08,3.08,3.05,3.07,3950,2021-04-16 13:40:00,ASLN
3.0529,3.07,3.05,3.05,1695,2021-04-16 13:45:00,ASLN
3.0584,3.0584,3.019,3.019,13348,2021-04-16 13:50:00,ASLN
3.02,3.02,3.0,3.016,3538,2021-04-16 13:55:00,ASLN
3.02,3.04,3.0,3.04,6992,2021-04-16 14:00:00,ASLN
3.0339,3.0339,3.01,3.02,4688,2021-04-16 14:05:00,ASLN
3.01,3.012,3.0,3.0,5315,2021-04-16 14:10:00,ASLN
3.005,3.02,3.0,3.01,23119,2021-04-16 14:15:00,ASLN
3.02,3.02,3.015,3.0178,1590,2021-04-16 14:20:00,ASLN
3.02,3.02,3.015,3.015,3400,2021-04-16 14:25:00,ASLN
3.015,3.02,3.01,3.01,900,2021-04-16 14:30:00,ASLN
3.01,3.01,3.005,3.005,4834,2021-04-16 14:35:00,ASLN
3.005,3.007,3.002,3.005,15300,2021-04-16 14:40:00,ASLN
3.01,3.01,3.005,3.005,3600,2021-04-16 14:45:00,ASLN
3.005,3.005,3.0,3.005,3521,2021-04-16 14:50:00,ASLN
3.005,3.01,3.005,3.01,2200,2021-04-16 14:55:00,ASLN
3.005,3.01,3.0,3.005,7605,2021-04-16 15:00:00,ASLN
3.005,3.005,2.91,2.9936,27674,2021-04-16 15:05:00,ASLN
2.9999,2.9999,2.9999,2.9999,500,2021-04-16 15:10:00,ASLN
2.99,2.99,2.96,2.9702,7730,2021-04-16 15:15:00,ASLN
2.98,3.0,2.98,2.99,4051,2021-04-16 15:20:00,ASLN
2.9809,2.99,2.9809,2.99,300,2021-04-16 15:25:00,ASLN
2.99,3.0,2.98,3.0,6380,2021-04-16 15:30:00,ASLN
3.0,3.0,2.965,2.98,5292,2021-04-16 15:35:00,ASLN
2.99,3.005,2.9806,3.0,1695,2021-04-16 15:40:00,ASLN
3.005,3.02,3.0,3.01,2800,2021-04-16 15:45:00,ASLN
3.01,3.01,3.01,3.01,200,2021-04-16 15:50:00,ASLN
3.02,3.02,3.01,3.02,330,2021-04-16 15:55:00,ASLN
3.02,3.02,3.0031,3.005,3022,2021-04-16 16:00:00,ASLN
3.005,3.01,3.0,3.005,2200,2021-04-16 16:05:00,ASLN
3.0,3.005,3.0,3.005,2150,2021-04-16 16:10:00,ASLN
3.005,3.005,3.0,3.0,800,2021-04-16 16:15:00,ASLN
3.005,3.005,3.005,3.005,100,2021-04-16 16:20:00,ASLN
3.005,3.01,3.005,3.01,200,2021-04-16 16:25:00,ASLN
3.0001,3.01,3.0,3.01,4800,2021-04-16 16:30:00,ASLN
3.005,3.005,3.0,3.0,4828,2021-04-16 16:35:00,ASLN
3.01,3.01,3.0001,3.01,1200,2021-04-16 16:40:00,ASLN
3.01,3.01,3.005,3.005,200,2021-04-16 16:45:00,ASLN
3.0,3.005,3.0,3.005,2200,2021-04-16 16:50:00,ASLN
3.0,3.0076,3.0,3.0,1080,2021-04-16 16:55:00,ASLN
3.0,3.01,3.0,3.0,900,2021-04-16 17:00:00,ASLN
3.005,3.01,3.005,3.01,1200,2021-04-16 17:05:00,ASLN
3.005,3.005,3.005,3.005,100,2021-04-16 17:10:00,ASLN
3.01,3.01,3.0,3.005,840,2021-04-16 17:15:00,ASLN
3.0,3.0,3.0,3.0,1299,2021-04-16 17:20:00,ASLN
3.01,3.01,3.0,3.01,700,2021-04-16 17:25:00,ASLN
3.01,3.01,3.01,3.01,100,2021-04-16 17:30:00,ASLN
3.01,3.01,3.0,3.0,1000,2021-04-16 17:35:00,ASLN
3.0086,3.0086,3.0086,3.0086,100,2021-04-16 17:40:00,ASLN
3.01,3.01,3.005,3.01,500,2021-04-16 17:45:00,ASLN
3.0,3.0001,2.99,2.9902,11551,2021-04-16 17:50:00,ASLN
2.98,3.0,2.98,3.0,400,2021-04-16 17:55:00,ASLN
3.0,3.0,2.97,2.97,1200,2021-04-16 18:00:00,ASLN
3.0,3.0,2.98,3.0,700,2021-04-16 18:05:00,ASLN
3.0,3.005,2.995,3.0,1080,2021-04-16 18:10:00,ASLN
2.99,2.99,2.99,2.99,1000,2021-04-16 18:15:00,ASLN
3.0,3.0125,2.98,2.98,2400,2021-04-16 18:20:00,ASLN
3.02,3.02,3.02,3.02,100,2021-04-16 18:30:00,ASLN
3.04,3.04,3.015,3.015,200,2021-04-16 18:35:00,ASLN
3.03,3.03,3.015,3.015,400,2021-04-16 18:40:00,ASLN
3.03,3.03,3.01,3.0115,2300,2021-04-16 18:45:00,ASLN
3.005,3.01,3.005,3.005,700,2021-04-16 18:50:00,ASLN
3.01,3.01,3.005,3.005,2300,2021-04-16 18:55:00,ASLN
3.01,3.01,2.99,3.0,16732,2021-04-16 19:00:00,ASLN
3.01,3.01,2.99,2.9905,1468,2021-04-16 19:05:00,ASLN
3.0,3.01,3.0,3.0,1100,2021-04-16 19:10:00,ASLN
2.9936,3.01,2.9936,3.0,2430,2021-04-16 19:15:00,ASLN
2.991,3.01,2.9904,3.01,1200,2021-04-16 19:20:00,ASLN
3.01,3.01,2.99,2.99,1500,2021-04-16 19:25:00,ASLN
3.01,3.01,2.991,3.0,600,2021-04-16 19:30:00,ASLN
3.01,3.01,3.0,3.0,900,2021-04-16 19:35:00,ASLN
3.01,3.01,3.0,3.01,5198,2021-04-16 19:40:00,ASLN
3.01,3.04,3.0,3.0,7505,2021-04-16 19:45:00,ASLN
3.0,3.03,3.0,3.0,3200,2021-04-16 19:50:00,ASLN
3.0,3.03,2.97,3.0,17761,2021-04-16 19:55:00,ASLN
3.01,3.01,3.01,3.01,109,2021-04-16 20:00:00,ASLN
3.08,3.08,3.08,3.08,135,2021-04-16 21:00:00,ASLN
3.09,3.09,3.09,3.09,152,2021-04-16 21:10:00,ASLN
3.0,3.0,3.0,3.0,2498,2021-04-19 12:25:00,ASLN
2.94,2.98,2.89,2.9312,32752,2021-04-19 13:30:00,ASLN
2.92,2.9312,2.84,2.91,7442,2021-04-19 13:35:00,ASLN
2.91,2.92,2.8817,2.8817,1730,2021-04-19 13:40:00,ASLN
2.91,2.9115,2.904,2.9115,3218,2021-04-19 13:45:00,ASLN
2.919,2.93,2.919,2.93,4538,2021-04-19 13:50:00,ASLN
2.925,2.97,2.92,2.97,4100,2021-04-19 13:55:00,ASLN
2.9729,2.9729,2.94,2.96,4650,2021-04-19 14:00:00,ASLN
2.9499,2.95,2.9301,2.935,3900,2021-04-19 14:05:00,ASLN
2.9344,2.9344,2.83,2.92,59651,2021-04-19 14:10:00,ASLN
2.93,2.9312,2.895,2.9312,22503,2021-04-19 14:15:00,ASLN
2.937,2.96,2.936,2.95,10680,2021-04-19 14:20:00,ASLN
2.95,2.97,2.95,2.97,880,2021-04-19 14:25:00,ASLN
2.9101,2.9101,2.9101,2.9101,151,2021-04-19 14:30:00,ASLN
2.91,2.91,2.91,2.91,100,2021-04-19 14:35:00,ASLN
2.905,2.91,2.895,2.895,4551,2021-04-19 14:40:00,ASLN
2.88,2.8988,2.87,2.87,4900,2021-04-19 14:45:00,ASLN
2.8704,2.98,2.8701,2.93,9822,2021-04-19 14:50:00,ASLN
2.93,2.971,2.93,2.93,1768,2021-04-19 14:55:00,ASLN
2.94,2.94,2.93,2.93,1400,2021-04-19 15:00:00,ASLN
2.905,2.905,2.905,2.905,400,2021-04-19 15:05:00,ASLN
2.92,2.92,2.92,2.92,300,2021-04-19 15:10:00,ASLN
2.93,2.96,2.925,2.96,2652,2021-04-19 15:25:00,ASLN
2.96,2.97,2.9258,2.95,5168,2021-04-19 15:30:00,ASLN
2.94,2.99,2.9399,2.98,6495,2021-04-19 15:35:00,ASLN
2.97,2.97,2.95,2.95,2928,2021-04-19 15:40:00,ASLN
2.95,2.95,2.94,2.95,2100,2021-04-19 15:45:00,ASLN
2.99,3.0,2.955,2.99,8017,2021-04-19 15:50:00,ASLN
2.98,3.01,2.95,3.01,12738,2021-04-19 15:55:00,ASLN
3.01,3.01,2.99,2.99,9416,2021-04-19 16:00:00,ASLN
2.99,3.0,2.98,2.98,4897,2021-04-19 16:05:00,ASLN
3.0,3.0,3.0,3.0,2100,2021-04-19 16:10:00,ASLN
2.99,2.99,2.9801,2.9801,200,2021-04-19 16:15:00,ASLN
3.0,3.0,2.9927,3.0,16633,2021-04-19 16:20:00,ASLN
2.99,3.0,2.98,2.98,2100,2021-04-19 16:25:00,ASLN
2.98,2.99,2.94,2.94,6432,2021-04-19 16:30:00,ASLN
2.98,3.0,2.975,2.99,6629,2021-04-19 16:35:00,ASLN
3.0,3.0,2.983,2.99,4950,2021-04-19 16:40:00,ASLN
3.0,3.0019,2.99,3.0,28056,2021-04-19 16:45:00,ASLN
2.995,3.02,2.995,3.02,10582,2021-04-19 16:50:00,ASLN
3.02,3.06,3.0103,3.03,3801,2021-04-19 16:55:00,ASLN
3.025,3.029,3.01,3.0125,2020,2021-04-19 17:10:00,ASLN
3.01,3.01,3.01,3.01,2759,2021-04-19 17:15:00,ASLN
3.01,3.01,3.01,3.01,100,2021-04-19 17:20:00,ASLN
3.0104,3.0104,3.0104,3.0104,345,2021-04-19 17:25:00,ASLN
3.01,3.01,3.01,3.01,800,2021-04-19 17:30:00,ASLN
3.02,3.02,3.0198,3.0199,2000,2021-04-19 17:35:00,ASLN
3.07,3.07,3.07,3.07,500,2021-04-19 17:40:00,ASLN
3.02,3.02,3.02,3.02,100,2021-04-19 17:45:00,ASLN
3.015,3.02,3.015,3.015,3000,2021-04-19 17:55:00,ASLN
3.01,3.01,3.01,3.01,100,2021-04-19 18:00:00,ASLN
3.015,3.02,3.015,3.02,1069,2021-04-19 18:05:00,ASLN
3.01,3.01,3.01,3.01,100,2021-04-19 18:10:00,ASLN
3.015,3.015,3.01,3.01,10333,2021-04-19 18:30:00,ASLN
3.01,3.01,3.01,3.01,2800,2021-04-19 18:35:00,ASLN
3.01,3.0107,3.01,3.01,1000,2021-04-19 18:40:00,ASLN
3.01,3.0185,3.01,3.0185,400,2021-04-19 18:45:00,ASLN
3.01,3.0199,3.01,3.015,2242,2021-04-19 18:50:00,ASLN
3.01,3.02,3.01,3.02,4002,2021-04-19 18:55:00,ASLN
3.0188,3.0188,3.01,3.01,523,2021-04-19 19:00:00,ASLN
3.01,3.01,3.01,3.01,300,2021-04-19 19:05:00,ASLN
3.01,3.01,3.01,3.01,400,2021-04-19 19:15:00,ASLN
3.0112,3.0112,3.01,3.01,1377,2021-04-19 19:20:00,ASLN
3.01,3.0101,3.01,3.01,10798,2021-04-19 19:25:00,ASLN
3.01,3.01,3.01,3.01,100,2021-04-19 19:30:00,ASLN
3.015,3.02,3.015,3.018,300,2021-04-19 19:40:00,ASLN
3.01,3.02,3.01,3.019,4002,2021-04-19 19:45:00,ASLN
3.0,3.0102,3.0,3.01,4111,2021-04-19 19:50:00,ASLN
3.0105,3.0183,3.01,3.01,13526,2021-04-19 19:55:00,ASLN
2.99,2.99,2.99,2.99,9442,2021-04-19 20:00:00,ASLN
2.99,2.99,2.99,2.99,2081,2021-04-19 21:40:00,ASLN
2.87,2.87,2.85,2.85,400,2021-04-19 23:10:00,ASLN
2.89,2.89,2.89,2.89,200,2021-04-20 13:00:00,ASLN
3.0,3.0,2.946,2.98,4109,2021-04-20 13:30:00,ASLN
2.99,2.99,2.98,2.99,5750,2021-04-20 13:35:00,ASLN
2.97,3.0,2.97,2.99,36018,2021-04-20 13:40:00,ASLN
2.97,2.995,2.96,2.96,1000,2021-04-20 13:45:00,ASLN
2.95,2.9859,2.95,2.9859,1992,2021-04-20 13:50:00,ASLN
2.9601,2.9601,2.95,2.95,1000,2021-04-20 13:55:00,ASLN
2.9501,2.9501,2.94,2.94,15200,2021-04-20 14:00:00,ASLN
2.96,2.96,2.96,2.96,1080,2021-04-20 14:05:00,ASLN
2.95,2.9594,2.95,2.9594,600,2021-04-20 14:10:00,ASLN
2.95,2.95,2.95,2.95,1575,2021-04-20 14:15:00,ASLN
2.94,2.94,2.93,2.94,3422,2021-04-20 14:20:00,ASLN
2.932,2.932,2.932,2.932,166,2021-04-20 14:25:00,ASLN
2.94,2.94,2.94,2.94,195,2021-04-20 14:30:00,ASLN
2.94,2.94,2.93,2.93,400,2021-04-20 14:35:00,ASLN
2.93,2.93,2.9,2.925,4800,2021-04-20 14:40:00,ASLN
2.92,2.92,2.9101,2.9119,3098,2021-04-20 14:45:00,ASLN
2.92,2.92,2.91,2.91,6399,2021-04-20 14:50:00,ASLN
2.92,2.92,2.91,2.91,2250,2021-04-20 14:55:00,ASLN
2.9129,2.93,2.91,2.928,6240,2021-04-20 15:00:00,ASLN
2.93,2.93,2.91,2.91,2942,2021-04-20 15:05:00,ASLN
2.9085,2.91,2.9,2.9,9392,2021-04-20 15:10:00,ASLN
2.89,2.9,2.89,2.9,2600,2021-04-20 15:15:00,ASLN
2.9,2.9,2.87,2.88,28621,2021-04-20 15:20:00,ASLN
2.88,2.88,2.87,2.87,1034,2021-04-20 15:25:00,ASLN
2.8772,2.8772,2.8587,2.86,12459,2021-04-20 15:30:00,ASLN
2.8599,2.8599,2.8599,2.8599,500,2021-04-20 15:35:00,ASLN
2.86,2.86,2.86,2.86,100,2021-04-20 15:40:00,ASLN
2.8501,2.855,2.85,2.85,7198,2021-04-20 15:45:00,ASLN
2.86,2.88,2.8589,2.88,17338,2021-04-20 15:50:00,ASLN
2.88,2.88,2.87,2.8707,500,2021-04-20 15:55:00,ASLN
2.87,2.8757,2.87,2.875,7795,2021-04-20 16:00:00,ASLN
2.87,2.875,2.87,2.875,2000,2021-04-20 16:05:00,ASLN
2.88,2.89,2.88,2.89,10100,2021-04-20 16:10:00,ASLN
2.89,2.89,2.89,2.89,600,2021-04-20 16:15:00,ASLN
2.885,2.89,2.85,2.857,27682,2021-04-20 16:20:00,ASLN
2.855,2.87,2.855,2.87,20063,2021-04-20 16:30:00,ASLN
2.865,2.87,2.86,2.8699,7721,2021-04-20 16:35:00,ASLN
2.88,2.88,2.87,2.87,300,2021-04-20 16:40:00,ASLN
2.87,2.87,2.8505,2.8505,800,2021-04-20 16:45:00,ASLN
2.8681,2.87,2.8681,2.87,1100,2021-04-20 16:50:00,ASLN
2.87,2.88,2.87,2.88,1200,2021-04-20 16:55:00,ASLN
2.871,2.871,2.86,2.86,5018,2021-04-20 17:00:00,ASLN
2.86,2.86,2.8,2.82,7525,2021-04-20 17:05:00,ASLN
2.82,2.82,2.815,2.815,1600,2021-04-20 17:10:00,ASLN
2.8115,2.815,2.8101,2.8101,1600,2021-04-20 17:15:00,ASLN
2.81,2.81,2.81,2.81,300,2021-04-20 17:20:00,ASLN
2.815,2.815,2.8118,2.8118,550,2021-04-20 17:25:00,ASLN
2.815,2.815,2.815,2.815,1000,2021-04-20 17:30:00,ASLN
2.8183,2.82,2.815,2.82,2450,2021-04-20 17:45:00,ASLN
2.8176,2.8176,2.8176,2.8176,100,2021-04-20 17:50:00,ASLN
2.815,2.84,2.8,2.84,8330,2021-04-20 17:55:00,ASLN
2.825,2.825,2.825,2.825,1500,2021-04-20 18:00:00,ASLN
2.8201,2.8218,2.8201,2.8218,3900,2021-04-20 18:05:00,ASLN
2.82,2.83,2.82,2.825,1000,2021-04-20 18:10:00,ASLN
2.83,2.83,2.83,2.83,100,2021-04-20 18:15:00,ASLN
2.82,2.8295,2.82,2.8295,1500,2021-04-20 18:25:00,ASLN
2.83,2.8335,2.8,2.8,5700,2021-04-20 18:35:00,ASLN
2.82,2.82,2.8015,2.82,2400,2021-04-20 18:40:00,ASLN
2.8251,2.8251,2.8251,2.8251,200,2021-04-20 18:45:00,ASLN
2.8273,2.83,2.8273,2.83,2000,2021-04-20 18:50:00,ASLN
2.815,2.8269,2.8,2.8,2495,2021-04-20 18:55:00,ASLN
2.81,2.84,2.81,2.84,1027,2021-04-20 19:00:00,ASLN
2.85,2.85,2.85,2.85,3350,2021-04-20 19:05:00,ASLN
2.85,2.85,2.83,2.85,5200,2021-04-20 19:10:00,ASLN
2.85,2.87,2.85,2.87,19941,2021-04-20 19:15:00,ASLN
2.855,2.89,2.855,2.89,22706,2021-04-20 19:20:00,ASLN
2.89,2.89,2.87,2.875,3463,2021-04-20 19:25:00,ASLN
2.87,2.9,2.86,2.88,5014,2021-04-20 19:30:00,ASLN
2.88,2.9,2.87,2.9,1898,2021-04-20 19:35:00,ASLN
2.88,2.9,2.88,2.88,5772,2021-04-20 19:40:00,ASLN
2.88,2.89,2.87,2.89,7217,2021-04-20 19:45:00,ASLN
2.87,2.9,2.87,2.875,10307,2021-04-20 19:50:00,ASLN
2.87,2.89,2.85,2.85,16376,2021-04-20 19:55:00,ASLN
2.85,2.85,2.85,2.85,105,2021-04-20 20:00:00,ASLN
2.77,2.77,2.77,2.77,177,2021-04-21 12:45:00,ASLN
2.85,2.8557,2.85,2.8557,1346,2021-04-21 13:30:00,ASLN
2.86,2.89,2.85,2.89,800,2021-04-21 13:35:00,ASLN
2.884,2.884,2.884,2.884,400,2021-04-21 13:55:00,ASLN
2.88,2.88,2.85,2.8634,6711,2021-04-21 14:00:00,ASLN
2.86,2.86,2.85,2.85,3800,2021-04-21 14:05:00,ASLN
2.85,2.8699,2.85,2.85,20831,2021-04-21 14:10:00,ASLN
2.85,2.88,2.85,2.865,43399,2021-04-21 14:15:00,ASLN
2.865,2.92,2.86,2.92,58066,2021-04-21 14:20:00,ASLN
2.92,2.92,2.91,2.915,3857,2021-04-21 14:25:00,ASLN
2.91,2.91,2.87,2.87,2427,2021-04-21 14:30:00,ASLN
2.9,2.9,2.87,2.87,12050,2021-04-21 14:35:00,ASLN
2.87,2.875,2.8499,2.855,17266,2021-04-21 14:40:00,ASLN
2.85,2.9,2.81,2.85,54318,2021-04-21 14:45:00,ASLN
2.85,2.8505,2.8,2.84,17268,2021-04-21 14:50:00,ASLN
2.8499,2.855,2.84,2.855,14400,2021-04-21 14:55:00,ASLN
2.86,2.9,2.85,2.85,14811,2021-04-21 15:00:00,ASLN
2.85,2.8799,2.85,2.86,2400,2021-04-21 15:05:00,ASLN
2.855,2.86,2.85,2.85,2770,2021-04-21 15:10:00,ASLN
2.8495,2.85,2.84,2.85,4900,2021-04-21 15:15:00,ASLN
2.85,2.87,2.845,2.86,10519,2021-04-21 15:20:00,ASLN
2.86,2.87,2.84,2.84,2950,2021-04-21 15:25:00,ASLN
2.84,2.865,2.84,2.85,8507,2021-04-21 15:30:00,ASLN
2.86,2.88,2.86,2.86,8750,2021-04-21 15:35:00,ASLN
2.88,2.88,2.86,2.87,1700,2021-04-21 15:40:00,ASLN
2.87,2.9,2.87,2.88,4133,2021-04-21 15:45:00,ASLN
2.89,2.9,2.885,2.89,6200,2021-04-21 15:50:00,ASLN
2.9,2.9,2.895,2.9,2288,2021-04-21 15:55:00,ASLN
2.89,2.895,2.88,2.885,9140,2021-04-21 16:00:00,ASLN
2.882,2.885,2.88,2.88,3900,2021-04-21 16:05:00,ASLN
2.88,2.89,2.88,2.885,1800,2021-04-21 16:10:00,ASLN
2.885,2.89,2.88,2.88,15514,2021-04-21 16:15:00,ASLN
2.88,2.88,2.87,2.88,8495,2021-04-21 16:20:00,ASLN
2.87,2.8807,2.87,2.875,2300,2021-04-21 16:25:00,ASLN
2.875,2.88,2.87,2.875,2842,2021-04-21 16:30:00,ASLN
2.875,2.88,2.87,2.875,13669,2021-04-21 16:35:00,ASLN
2.875,2.875,2.86,2.87,6478,2021-04-21 16:40:00,ASLN
2.87,2.87,2.87,2.87,2100,2021-04-21 16:45:00,ASLN
2.87,2.87,2.85,2.86,15525,2021-04-21 16:50:00,ASLN
2.87,2.87,2.86,2.87,4230,2021-04-21 16:55:00,ASLN
2.87,2.87,2.85,2.85,4572,2021-04-21 17:00:00,ASLN
2.84,2.855,2.84,2.855,2306,2021-04-21 17:05:00,ASLN
2.855,2.855,2.85,2.85,3563,2021-04-21 17:10:00,ASLN
2.85,2.855,2.85,2.855,2800,2021-04-21 17:15:00,ASLN
2.855,2.87,2.855,2.865,8715,2021-04-21 17:20:00,ASLN
2.86,2.86,2.81,2.83,17546,2021-04-21 17:25:00,ASLN
2.83,2.86,2.83,2.85,2351,2021-04-21 17:30:00,ASLN
2.85,2.86,2.85,2.85,900,2021-04-21 17:35:00,ASLN
2.85,2.855,2.85,2.85,500,2021-04-21 17:40:00,ASLN
2.855,2.86,2.85,2.85,5254,2021-04-21 17:45:00,ASLN
2.85,2.85,2.84,2.85,2936,2021-04-21 17:50:00,ASLN
2.85,2.85,2.85,2.85,100,2021-04-21 18:00:00,ASLN
2.855,2.855,2.855,2.855,600,2021-04-21 18:10:00,ASLN
2.8599,2.8599,2.85,2.85,4114,2021-04-21 18:15:00,ASLN
2.855,2.855,2.855,2.855,100,2021-04-21 18:20:00,ASLN
2.855,2.87,2.855,2.86,1800,2021-04-21 18:25:00,ASLN
2.865,2.865,2.85,2.855,13215,2021-04-21 18:30:00,ASLN
2.85,2.8599,2.85,2.8599,1600,2021-04-21 18:35:00,ASLN
2.86,2.86,2.85,2.85,2700,2021-04-21 18:40:00,ASLN
2.855,2.87,2.855,2.865,5747,2021-04-21 18:45:00,ASLN
2.8699,2.8699,2.86,2.86,1955,2021-04-21 18:50:00,ASLN
2.86,2.86,2.86,2.86,100,2021-04-21 18:55:00,ASLN
2.865,2.885,2.865,2.88,5290,2021-04-21 19:00:00,ASLN
2.88,2.9,2.87,2.89,2320,2021-04-21 19:05:00,ASLN
2.88,2.885,2.88,2.88,3000,2021-04-21 19:10:00,ASLN
2.885,2.885,2.87,2.87,1374,2021-04-21 19:15:00,ASLN
2.875,2.8899,2.87,2.88,72252,2021-04-21 19:20:00,ASLN
2.87,2.8727,2.87,2.87,3464,2021-04-21 19:25:00,ASLN
2.87,2.88,2.87,2.875,15200,2021-04-21 19:30:00,ASLN
2.875,2.88,2.87,2.87,6200,2021-04-21 19:35:00,ASLN
2.875,2.9,2.87,2.89,47454,2021-04-21 19:40:00,ASLN
2.8965,3.07,2.89,3.01,162539,2021-04-21 19:45:00,ASLN
3.06,3.06,2.96,2.96,46926,2021-04-21 19:50:00,ASLN
2.96,3.0,2.96,2.98,46756,2021-04-21 19:55:00,ASLN
2.99,3.0,2.99,3.0,1071,2021-04-21 20:00:00,ASLN
3.0,3.0,3.0,3.0,2172,2021-04-21 20:05:00,ASLN
2.99,2.99,2.99,2.99,100,2021-04-21 21:15:00,ASLN
2.99,2.99,2.99,2.99,2081,2021-04-21 21:25:00,ASLN
3.0,3.0,3.0,3.0,1000,2021-04-21 21:55:00,ASLN
3.0099,3.01,3.0099,3.01,1100,2021-04-22 11:55:00,ASLN
2.995,2.995,2.995,2.995,100,2021-04-22 12:00:00,ASLN
3.0,3.0,2.99,3.0,750,2021-04-22 12:05:00,ASLN
3.0,3.0,3.0,3.0,384,2021-04-22 12:10:00,ASLN
3.0,3.0,2.99,3.0,1100,2021-04-22 12:20:00,ASLN
2.98,2.98,2.98,2.98,500,2021-04-22 13:15:00,ASLN
3.0,3.0,3.0,3.0,500,2021-04-22 13:20:00,ASLN
3.0,3.0,3.0,3.0,1400,2021-04-22 13:25:00,ASLN
3.0,3.04,2.9843,3.01,30384,2021-04-22 13:30:00,ASLN
3.02,3.199,2.99,3.135,77723,2021-04-22 13:35:00,ASLN
3.101,3.27,3.1,3.12,113722,2021-04-22 13:40:00,ASLN
3.145,3.2,3.124,3.19,60921,2021-04-22 13:45:00,ASLN
3.16,3.19,3.12,3.165,28898,2021-04-22 13:50:00,ASLN
3.175,3.19,3.12,3.18,36185,2021-04-22 13:55:00,ASLN
3.1401,3.18,3.12,3.15,64691,2021-04-22 14:00:00,ASLN
3.15,3.15,3.1215,3.1323,13010,2021-04-22 14:05:00,ASLN
3.14,3.19,3.13,3.17,52306,2021-04-22 14:10:00,ASLN
3.154,3.16,3.07,3.1,33975,2021-04-22 14:15:00,ASLN
3.1,3.1,3.08,3.08,31497,2021-04-22 14:20:00,ASLN
3.085,3.085,3.0,3.0558,27137,2021-04-22 14:25:00,ASLN
3.045,3.08,3.04,3.065,10199,2021-04-22 14:30:00,ASLN
3.044,3.06,3.044,3.055,3450,2021-04-22 14:35:00,ASLN
3.06,3.06,3.03,3.03,8912,2021-04-22 14:40:00,ASLN
3.0335,3.05,3.0335,3.05,6000,2021-04-22 14:45:00,ASLN
3.0395,3.05,3.0395,3.05,500,2021-04-22 14:50:00,ASLN
3.04,3.055,3.037,3.037,11203,2021-04-22 14:55:00,ASLN
3.03,3.03,2.9973,2.9996,7150,2021-04-22 15:00:00,ASLN
2.995,2.9988,2.99,2.99,16898,2021-04-22 15:05:00,ASLN
2.9992,3.0,2.9932,2.995,8150,2021-04-22 15:10:00,ASLN
2.9987,3.02,2.99,3.005,21192,2021-04-22 15:15:00,ASLN
3.01,3.0299,2.99,3.0,11546,2021-04-22 15:20:00,ASLN
3.01,3.02,3.005,3.005,1201,2021-04-22 15:25:00,ASLN
2.99,2.995,2.99,2.995,24584,2021-04-22 15:30:00,ASLN
2.99,3.005,2.99,3.005,3054,2021-04-22 15:35:00,ASLN
3.0,3.0086,3.0,3.0086,1700,2021-04-22 15:40:00,ASLN
3.0076,3.0699,3.0076,3.0699,14310,2021-04-22 15:45:00,ASLN
3.06,3.07,3.05,3.05,20400,2021-04-22 15:50:00,ASLN
3.0528,3.0699,3.05,3.05,2950,2021-04-22 15:55:00,ASLN
3.07,3.0916,3.06,3.06,1700,2021-04-22 16:00:00,ASLN
3.06,3.0633,3.06,3.0633,3749,2021-04-22 16:05:00,ASLN
3.052,3.057,3.05,3.057,7388,2021-04-22 16:10:00,ASLN
3.05,3.06,3.04,3.05,2947,2021-04-22 16:15:00,ASLN
3.07,3.07,3.06,3.0684,13504,2021-04-22 16:20:00,ASLN
3.07,3.07,3.06,3.06,3577,2021-04-22 16:25:00,ASLN
3.065,3.07,3.065,3.07,500,2021-04-22 16:30:00,ASLN
3.08,3.08,3.08,3.08,960,2021-04-22 16:35:00,ASLN
3.065,3.065,3.065,3.065,2500,2021-04-22 16:40:00,ASLN
3.07,3.07,3.07,3.07,100,2021-04-22 16:45:00,ASLN
3.06,3.06,3.06,3.06,900,2021-04-22 16:50:00,ASLN
3.05,3.05,3.03,3.0499,9568,2021-04-22 16:55:00,ASLN
3.05,3.05,3.04,3.05,1300,2021-04-22 17:00:00,ASLN
3.04,3.045,3.001,3.001,7940,2021-04-22 17:05:00,ASLN
3.0,3.0,2.95,2.96,23174,2021-04-22 17:10:00,ASLN
2.975,3.0,2.975,2.995,7022,2021-04-22 17:15:00,ASLN
2.99,3.01,2.98,3.0,27972,2021-04-22 17:20:00,ASLN
3.0,3.04,3.0,3.03,12272,2021-04-22 17:25:00,ASLN
3.07,3.1,3.069,3.0995,16811,2021-04-22 17:30:00,ASLN
3.05,3.08,3.05,3.08,5634,2021-04-22 17:35:00,ASLN
3.05,3.05,3.05,3.05,1864,2021-04-22 17:40:00,ASLN
3.0431,3.06,3.02,3.02,5901,2021-04-22 17:45:00,ASLN
3.03,3.069,2.96,3.02,16765,2021-04-22 17:50:00,ASLN
3.0138,3.0138,2.99,2.99,1500,2021-04-22 17:55:00,ASLN
3.006,3.03,3.006,3.03,500,2021-04-22 18:00:00,ASLN
3.01,3.06,3.01,3.06,2300,2021-04-22 18:05:00,ASLN
3.0451,3.0451,3.01,3.01,950,2021-04-22 18:10:00,ASLN
3.01,3.01,3.01,3.01,1000,2021-04-22 18:15:00,ASLN
3.01,3.03,3.01,3.03,1100,2021-04-22 18:20:00,ASLN
3.03,3.04,3.03,3.03,1800,2021-04-22 18:30:00,ASLN
3.0476,3.0476,3.0476,3.0476,100,2021-04-22 18:35:00,ASLN
3.045,3.05,3.045,3.05,1200,2021-04-22 18:40:00,ASLN
3.055,3.055,3.05,3.05,454,2021-04-22 18:45:00,ASLN
3.0001,3.0009,3.0001,3.0009,1500,2021-04-22 18:50:00,ASLN
3.01,3.01,3.01,3.01,200,2021-04-22 18:55:00,ASLN
3.05,3.05,3.05,3.05,206,2021-04-22 19:00:00,ASLN
3.01,3.01,2.99,3.0,12905,2021-04-22 19:05:00,ASLN
2.99,3.0,2.99,3.0,61315,2021-04-22 19:10:00,ASLN
2.99,3.0,2.985,2.99,26329,2021-04-22 19:15:00,ASLN
3.0,3.0,2.99,2.99,4901,2021-04-22 19:20:00,ASLN
2.99,2.99,2.99,2.99,301,2021-04-22 19:25:00,ASLN
2.99,3.005,2.99,3.0,6787,2021-04-22 19:30:00,ASLN
3.0,3.03,2.99,2.9932,37775,2021-04-22 19:35:00,ASLN
3.0,3.0,2.99,2.99,111800,2021-04-22 19:40:00,ASLN
2.99,3.0,2.98,2.98,43329,2021-04-22 19:45:00,ASLN
2.98,3.0,2.97,3.0,33890,2021-04-22 19:50:00,ASLN
3.0,3.0299,2.993,3.0299,19086,2021-04-22 19:55:00,ASLN
3.01,3.01,3.01,3.01,1092,2021-04-22 20:00:00,ASLN
3.1,3.1,3.1,3.1,100,2021-04-23 11:20:00,ASLN
3.16,3.23,3.16,3.23,200,2021-04-23 11:40:00,ASLN
3.1,3.1,3.1,3.1,105,2021-04-23 13:25:00,ASLN
3.14,3.18,3.07,3.15,16479,2021-04-23 13:30:00,ASLN
3.1,3.149,3.0821,3.149,3112,2021-04-23 13:35:00,ASLN
3.1,3.1395,3.08,3.1,2882,2021-04-23 13:40:00,ASLN
3.0879,3.15,3.0879,3.13,15200,2021-04-23 13:45:00,ASLN
3.13,3.14,3.03,3.03,10942,2021-04-23 13:50:00,ASLN
3.06,3.14,3.06,3.14,635,2021-04-23 13:55:00,ASLN
3.125,3.14,3.12,3.14,3625,2021-04-23 14:00:00,ASLN
3.14,3.16,3.14,3.16,11300,2021-04-23 14:05:00,ASLN
3.15,3.15,3.14,3.14,2000,2021-04-23 14:10:00,ASLN
3.1409,3.1497,3.14,3.1497,3341,2021-04-23 14:15:00,ASLN
3.14,3.14,3.14,3.14,200,2021-04-23 14:20:00,ASLN
3.1363,3.16,3.1,3.1,36634,2021-04-23 14:25:00,ASLN
3.08,3.18,3.08,3.18,107341,2021-04-23 14:30:00,ASLN
3.18,3.1861,3.16,3.17,4927,2021-04-23 14:35:00,ASLN
3.17,3.175,3.17,3.175,1300,2021-04-23 14:40:00,ASLN
3.17,3.17,3.1344,3.1344,109051,2021-04-23 14:45:00,ASLN
3.102,3.102,3.102,3.102,250,2021-04-23 14:50:00,ASLN
3.1,3.1,3.1,3.1,100,2021-04-23 14:55:00,ASLN
3.11,3.12,3.1,3.12,6800,2021-04-23 15:00:00,ASLN
3.1035,3.12,3.1035,3.12,300,2021-04-23 15:05:00,ASLN
3.1193,3.1804,3.11,3.1804,11499,2021-04-23 15:10:00,ASLN
3.1799,3.18,3.1799,3.18,3100,2021-04-23 15:15:00,ASLN
3.19,3.19,3.19,3.19,100,2021-04-23 15:20:00,ASLN
3.1726,3.1726,3.1726,3.1726,500,2021-04-23 15:25:00,ASLN
3.18,3.18,3.17,3.17,1727,2021-04-23 15:30:00,ASLN
3.185,3.19,3.174,3.174,3134,2021-04-23 15:35:00,ASLN
3.1766,3.1766,3.16,3.16,2600,2021-04-23 15:45:00,ASLN
3.16,3.16,3.15,3.15,586,2021-04-23 15:50:00,ASLN
3.13,3.16,3.13,3.16,78353,2021-04-23 15:55:00,ASLN
3.155,3.16,3.15,3.15,2400,2021-04-23 16:00:00,ASLN
3.15,3.16,3.15,3.15,4350,2021-04-23 16:05:00,ASLN
3.1301,3.1301,3.1301,3.1301,400,2021-04-23 16:10:00,ASLN
3.13,3.14,3.1,3.14,1100,2021-04-23 16:15:00,ASLN
3.1358,3.16,3.1358,3.16,1100,2021-04-23 16:20:00,ASLN
3.16,3.16,3.115,3.15,3900,2021-04-23 16:25:00,ASLN
3.15,3.15,3.15,3.15,100,2021-04-23 16:30:00,ASLN
3.12,3.12,3.12,3.12,200,2021-04-23 16:40:00,ASLN
3.122,3.14,3.12,3.14,2104,2021-04-23 16:45:00,ASLN
3.1297,3.135,3.1297,3.135,600,2021-04-23 16:50:00,ASLN
3.13,3.15,3.13,3.15,1300,2021-04-23 16:55:00,ASLN
3.14,3.14,3.14,3.14,400,2021-04-23 17:00:00,ASLN
3.15,3.15,3.15,3.15,2900,2021-04-23 17:05:00,ASLN
3.15,3.15,3.15,3.15,300,2021-04-23 17:10:00,ASLN
3.15,3.15,3.15,3.15,300,2021-04-23 17:15:00,ASLN
3.15,3.17,3.15,3.17,2700,2021-04-23 17:20:00,ASLN
3.17,3.18,3.17,3.18,634,2021-04-23 17:25:00,ASLN
3.1799,3.18,3.171,3.171,2250,2021-04-23 17:30:00,ASLN
3.1815,3.2,3.1815,3.195,5100,2021-04-23 17:35:00,ASLN
3.195,3.25,3.195,3.25,17300,2021-04-23 17:40:00,ASLN
3.24,3.25,3.24,3.25,6855,2021-04-23 17:45:00,ASLN
3.2489,3.25,3.22,3.24,7800,2021-04-23 17:50:00,ASLN
3.2355,3.239,3.22,3.22,6700,2021-04-23 17:55:00,ASLN
3.22,3.25,3.22,3.2485,8408,2021-04-23 18:00:00,ASLN
3.25,3.26,3.24,3.25,14710,2021-04-23 18:05:00,ASLN
3.24,3.25,3.24,3.25,575,2021-04-23 18:10:00,ASLN
3.25,3.25,3.16,3.16,19791,2021-04-23 18:15:00,ASLN
3.22,3.22,3.22,3.22,100,2021-04-23 18:20:00,ASLN
3.22,3.22,3.21,3.21,800,2021-04-23 18:30:00,ASLN
3.21,3.2101,3.13,3.21,13973,2021-04-23 18:35:00,ASLN
3.1878,3.2184,3.1878,3.2184,250,2021-04-23 18:40:00,ASLN
3.22,3.22,3.215,3.22,5650,2021-04-23 18:45:00,ASLN
3.2101,3.218,3.21,3.21,4499,2021-04-23 18:50:00,ASLN
3.2,3.2,3.18,3.18,1099,2021-04-23 18:55:00,ASLN
3.2,3.2,3.195,3.2,1800,2021-04-23 19:00:00,ASLN
3.195,3.2,3.1911,3.2,1700,2021-04-23 19:05:00,ASLN
3.2,3.2,3.2,3.2,1199,2021-04-23 19:10:00,ASLN
3.1923,3.2,3.1912,3.2,3800,2021-04-23 19:15:00,ASLN
3.22,3.22,3.2,3.2,1300,2021-04-23 19:20:00,ASLN
3.22,3.25,3.22,3.25,3294,2021-04-23 19:25:00,ASLN
3.25,3.25,3.22,3.22,3487,2021-04-23 19:30:00,ASLN
3.22,3.22,3.21,3.22,4299,2021-04-23 19:35:00,ASLN
3.215,3.22,3.21,3.21,5900,2021-04-23 19:40:00,ASLN
3.2,3.22,3.2,3.2184,1375,2021-04-23 19:45:00,ASLN
3.21,3.21,3.195,3.195,17875,2021-04-23 19:50:00,ASLN
3.195,3.215,3.18,3.21,14355,2021-04-23 19:55:00,ASLN
3.2,3.2,3.2,3.2,1451,2021-04-23 20:00:00,ASLN
3.2,3.2,3.2,3.2,400,2021-04-23 20:25:00,ASLN
3.14,3.14,3.14,3.14,100,2021-04-26 13:20:00,ASLN
3.25,3.44,3.235,3.34,33510,2021-04-26 13:30:00,ASLN
3.31,3.41,3.2,3.4,55208,2021-04-26 13:35:00,ASLN
3.41,3.43,3.37,3.4,21500,2021-04-26 13:40:00,ASLN
3.4,3.405,3.36,3.36,21330,2021-04-26 13:45:00,ASLN
3.36,3.36,3.301,3.34,4938,2021-04-26 13:50:00,ASLN
3.3001,3.36,3.3001,3.35,12036,2021-04-26 13:55:00,ASLN
3.35,3.36,3.33,3.35,9525,2021-04-26 14:00:00,ASLN
3.35,3.39,3.35,3.38,16080,2021-04-26 14:05:00,ASLN
3.365,3.37,3.365,3.37,900,2021-04-26 14:10:00,ASLN
3.37,3.37,3.36,3.37,3800,2021-04-26 14:15:00,ASLN
3.37,3.39,3.37,3.39,6000,2021-04-26 14:20:00,ASLN
3.4,3.4,3.4,3.4,1400,2021-04-26 14:25:00,ASLN
3.4,3.4,3.36,3.4,3000,2021-04-26 14:30:00,ASLN
3.4,3.41,3.39,3.39,21443,2021-04-26 14:35:00,ASLN
3.39,3.39,3.36,3.37,10401,2021-04-26 14:40:00,ASLN
3.37,3.37,3.3001,3.3001,10032,2021-04-26 14:45:00,ASLN
3.33,3.4,3.33,3.4,800,2021-04-26 14:50:00,ASLN
3.39,3.39,3.39,3.39,1150,2021-04-26 14:55:00,ASLN
3.39,3.39,3.36,3.36,9400,2021-04-26 15:00:00,ASLN
3.335,3.4,3.335,3.4,9561,2021-04-26 15:05:00,ASLN
3.4,3.4,3.3952,3.3952,1000,2021-04-26 15:10:00,ASLN
3.4,3.4,3.394,3.394,5600,2021-04-26 15:15:00,ASLN
3.39,3.39,3.32,3.38,281268,2021-04-26 15:20:00,ASLN
3.385,3.39,3.385,3.3881,2100,2021-04-26 15:25:00,ASLN
3.38,3.39,3.38,3.3813,800,2021-04-26 15:30:00,ASLN
3.38,3.3878,3.37,3.37,13428,2021-04-26 15:35:00,ASLN
3.375,3.375,3.375,3.375,100,2021-04-26 15:40:00,ASLN
3.375,3.375,3.37,3.375,3183,2021-04-26 15:45:00,ASLN
3.37,3.38,3.37,3.375,650,2021-04-26 15:50:00,ASLN
3.371,3.375,3.37,3.3701,9134,2021-04-26 15:55:00,ASLN
3.365,3.365,3.32,3.34,4829,2021-04-26 16:00:00,ASLN
3.35,3.365,3.35,3.36,1900,2021-04-26 16:05:00,ASLN
3.355,3.355,3.355,3.355,500,2021-04-26 16:10:00,ASLN
3.355,3.355,3.355,3.355,1000,2021-04-26 16:15:00,ASLN
3.35,3.39,3.35,3.38,6463,2021-04-26 16:20:00,ASLN
3.3825,3.3825,3.37,3.375,1696,2021-04-26 16:25:00,ASLN
3.37,3.37,3.36,3.36,8500,2021-04-26 16:30:00,ASLN
3.36,3.365,3.33,3.33,3834,2021-04-26 16:35:00,ASLN
3.3525,3.3525,3.3525,3.3525,1100,2021-04-26 16:40:00,ASLN
3.3525,3.3525,3.3358,3.3358,1399,2021-04-26 16:45:00,ASLN
3.3525,3.3525,3.33,3.331,3499,2021-04-26 16:50:00,ASLN
3.35,3.38,3.33,3.355,23500,2021-04-26 16:55:00,ASLN
3.355,3.3882,3.35,3.35,3900,2021-04-26 17:00:00,ASLN
3.3575,3.3575,3.3575,3.3575,700,2021-04-26 17:05:00,ASLN
3.3575,3.38,3.3575,3.38,600,2021-04-26 17:10:00,ASLN
3.365,3.38,3.35,3.38,10666,2021-04-26 17:15:00,ASLN
3.38,3.39,3.375,3.38,1450,2021-04-26 17:20:00,ASLN
3.39,3.39,3.38,3.3845,2622,2021-04-26 17:25:00,ASLN
3.39,3.4,3.39,3.4,996,2021-04-26 17:30:00,ASLN
3.395,3.395,3.39,3.395,2295,2021-04-26 17:35:00,ASLN
3.395,3.395,3.395,3.395,100,2021-04-26 17:40:00,ASLN
3.39,3.4,3.39,3.4,2600,2021-04-26 17:45:00,ASLN
3.4,3.42,3.39,3.41,27213,2021-04-26 17:50:00,ASLN
3.42,3.42,3.37,3.37,13150,2021-04-26 17:55:00,ASLN
3.37,3.37,3.32,3.36,10820,2021-04-26 18:00:00,ASLN
3.3553,3.375,3.3553,3.375,650,2021-04-26 18:05:00,ASLN
3.37,3.38,3.37,3.38,300,2021-04-26 18:10:00,ASLN
3.38,3.405,3.38,3.4,3200,2021-04-26 18:15:00,ASLN
3.41,3.41,3.4,3.405,1516,2021-04-26 18:20:00,ASLN
3.4,3.4,3.39,3.395,1725,2021-04-26 18:25:00,ASLN
3.395,3.4,3.3922,3.3922,585,2021-04-26 18:30:00,ASLN
3.395,3.395,3.39,3.39,200,2021-04-26 18:35:00,ASLN
3.395,3.4,3.35,3.36,3393,2021-04-26 18:40:00,ASLN
3.39,3.39,3.375,3.375,200,2021-04-26 18:45:00,ASLN
3.37,3.38,3.37,3.38,1151,2021-04-26 18:50:00,ASLN
3.38,3.38,3.38,3.38,100,2021-04-26 18:55:00,ASLN
3.38,3.38,3.38,3.38,100,2021-04-26 19:00:00,ASLN
3.39,3.41,3.39,3.41,11500,2021-04-26 19:05:00,ASLN
3.4,3.41,3.4,3.41,1600,2021-04-26 19:10:00,ASLN
3.4,3.41,3.4,3.405,800,2021-04-26 19:15:00,ASLN
3.405,3.425,3.405,3.425,2500,2021-04-26 19:20:00,ASLN
3.415,3.415,3.405,3.405,9200,2021-04-26 19:25:00,ASLN
3.41,3.41,3.4,3.405,5846,2021-04-26 19:30:00,ASLN
3.405,3.405,3.4,3.405,2500,2021-04-26 19:35:00,ASLN
3.405,3.405,3.4,3.405,2900,2021-04-26 19:40:00,ASLN
3.4,3.405,3.4,3.405,800,2021-04-26 19:45:00,ASLN
3.405,3.43,3.4,3.43,7796,2021-04-26 19:50:00,ASLN
3.44,3.445,3.42,3.43,12109,2021-04-26 19:55:00,ASLN
3.43,3.43,3.43,3.43,1785,2021-04-26 20:00:00,ASLN
3.43,3.43,3.43,3.43,100,2021-04-26 22:00:00,ASLN
3.43,3.43,3.43,3.43,100,2021-04-26 23:50:00,ASLN
3.43,3.45,3.43,3.45,420,2021-04-27 11:00:00,ASLN
3.45,3.45,3.45,3.45,137,2021-04-27 11:10:00,ASLN
3.4501,3.4501,3.4501,3.4501,461,2021-04-27 12:00:00,ASLN
3.4501,3.4501,3.4501,3.4501,250,2021-04-27 12:05:00,ASLN
3.47,3.49,3.47,3.49,200,2021-04-27 12:10:00,ASLN
3.48,3.48,3.48,3.48,100,2021-04-27 12:25:00,ASLN
3.45,3.45,3.45,3.45,442,2021-04-27 12:30:00,ASLN
3.41,3.47,3.3773,3.47,3223,2021-04-27 13:30:00,ASLN
3.4799,3.4799,3.42,3.42,1681,2021-04-27 13:35:00,ASLN
3.48,3.48,3.35,3.46,14640,2021-04-27 13:40:00,ASLN
3.393,3.4,3.375,3.375,800,2021-04-27 13:45:00,ASLN
3.352,3.42,3.35,3.38,3075,2021-04-27 13:50:00,ASLN
3.43,3.43,3.43,3.43,1480,2021-04-27 13:55:00,ASLN
3.4,3.42,3.4,3.42,600,2021-04-27 14:00:00,ASLN
3.37,3.44,3.365,3.425,5647,2021-04-27 14:05:00,ASLN
3.45,3.45,3.45,3.45,1675,2021-04-27 14:10:00,ASLN
3.43,3.43,3.38,3.386,4310,2021-04-27 14:15:00,ASLN
3.4,3.4,3.37,3.37,200,2021-04-27 14:20:00,ASLN
3.375,3.3978,3.37,3.3799,2820,2021-04-27 14:25:00,ASLN
3.38,3.4,3.37,3.4,600,2021-04-27 14:30:00,ASLN
3.37,3.38,3.37,3.3701,1236,2021-04-27 14:40:00,ASLN
3.37,3.37,3.37,3.37,200,2021-04-27 14:45:00,ASLN
3.37,3.38,3.355,3.38,1683,2021-04-27 14:50:00,ASLN
3.4,3.4,3.38,3.38,3200,2021-04-27 14:55:00,ASLN
3.4,3.46,3.39,3.39,15490,2021-04-27 15:00:00,ASLN
3.43,3.43,3.43,3.43,500,2021-04-27 15:05:00,ASLN
3.42,3.42,3.42,3.42,250,2021-04-27 15:10:00,ASLN
3.42,3.42,3.42,3.42,100,2021-04-27 15:15:00,ASLN
3.41,3.41,3.4,3.4,300,2021-04-27 15:25:00,ASLN
3.42,3.46,3.42,3.42,8302,2021-04-27 15:35:00,ASLN
3.445,3.445,3.445,3.445,100,2021-04-27 15:45:00,ASLN
3.43,3.45,3.4179,3.4179,5308,2021-04-27 15:55:00,ASLN
3.42,3.42,3.42,3.42,800,2021-04-27 16:00:00,ASLN
3.42,3.42,3.42,3.42,900,2021-04-27 16:10:00,ASLN
3.4171,3.4171,3.4171,3.4171,291,2021-04-27 16:15:00,ASLN
3.45,3.45,3.45,3.45,300,2021-04-27 16:20:00,ASLN
3.44,3.44,3.41,3.41,1700,2021-04-27 16:35:00,ASLN
3.41,3.42,3.41,3.42,427,2021-04-27 16:40:00,ASLN
3.4,3.4,3.4,3.4,7866,2021-04-27 16:50:00,ASLN
3.4044,3.41,3.4,3.4,1300,2021-04-27 16:55:00,ASLN
3.4,3.4,3.4,3.4,500,2021-04-27 17:00:00,ASLN
3.4,3.4002,3.4,3.4002,1200,2021-04-27 17:05:00,ASLN
3.402,3.402,3.4,3.4,1200,2021-04-27 17:25:00,ASLN
3.405,3.41,3.4001,3.41,2600,2021-04-27 17:30:00,ASLN
3.42,3.42,3.42,3.42,100,2021-04-27 17:35:00,ASLN
3.42,3.42,3.42,3.42,600,2021-04-27 17:45:00,ASLN
3.428,3.428,3.41,3.41,1100,2021-04-27 17:50:00,ASLN
3.425,3.44,3.425,3.44,3189,2021-04-27 17:55:00,ASLN
3.41,3.45,3.41,3.45,4035,2021-04-27 18:10:00,ASLN
3.4204,3.44,3.41,3.431,10000,2021-04-27 18:15:00,ASLN
3.4,3.41,3.4,3.41,5752,2021-04-27 18:20:00,ASLN
3.4,3.4,3.4,3.4,300,2021-04-27 18:25:00,ASLN
3.4,3.41,3.4,3.4,700,2021-04-27 18:30:00,ASLN
3.4,3.4,3.38,3.38,4626,2021-04-27 18:35:00,ASLN
3.38,3.38,3.375,3.38,4100,2021-04-27 18:40:00,ASLN
3.38,3.38,3.38,3.38,1100,2021-04-27 18:45:00,ASLN
3.38,3.39,3.38,3.39,1500,2021-04-27 18:50:00,ASLN
3.388,3.39,3.388,3.39,2400,2021-04-27 18:55:00,ASLN
3.37,3.37,3.37,3.37,200,2021-04-27 19:00:00,ASLN
3.4,3.4,3.38,3.38,200,2021-04-27 19:05:00,ASLN
3.39,3.39,3.39,3.39,100,2021-04-27 19:10:00,ASLN
3.38,3.38,3.38,3.38,400,2021-04-27 19:15:00,ASLN
3.4,3.41,3.4,3.41,2353,2021-04-27 19:20:00,ASLN
3.43,3.43,3.4,3.41,13122,2021-04-27 19:25:00,ASLN
3.39,3.39,3.36,3.36,3794,2021-04-27 19:30:00,ASLN
3.37,3.39,3.36,3.39,2440,2021-04-27 19:35:00,ASLN
3.39,3.4,3.39,3.4,1300,2021-04-27 19:40:00,ASLN
3.4,3.4,3.38,3.395,1985,2021-04-27 19:45:00,ASLN
3.4,3.41,3.39,3.41,2335,2021-04-27 19:50:00,ASLN
3.41,3.42,3.38,3.39,8007,2021-04-27 19:55:00,ASLN
3.38,3.38,3.38,3.38,697,2021-04-27 20:00:00,ASLN
3.37,3.37,3.37,3.37,200,2021-04-27 20:05:00,ASLN
3.3801,3.3801,3.3801,3.3801,400,2021-04-28 12:10:00,ASLN
3.38,3.38,3.38,3.38,100,2021-04-28 13:05:00,ASLN
3.38,3.44,3.31,3.3819,4813,2021-04-28 13:30:00,ASLN
3.4,3.44,3.34,3.37,15780,2021-04-28 13:35:00,ASLN
3.37,3.45,3.36,3.42,15000,2021-04-28 13:40:00,ASLN
3.385,3.43,3.385,3.43,246,2021-04-28 13:45:00,ASLN
3.42,3.44,3.41,3.44,2300,2021-04-28 13:50:00,ASLN
3.42,3.45,3.4,3.43,870,2021-04-28 13:55:00,ASLN
3.4,3.43,3.395,3.395,434,2021-04-28 14:00:00,ASLN
3.41,3.41,3.34,3.41,1300,2021-04-28 14:05:00,ASLN
3.35,3.39,3.35,3.38,1599,2021-04-28 14:10:00,ASLN
3.385,3.385,3.385,3.385,2000,2021-04-28 14:15:00,ASLN
3.41,3.41,3.41,3.41,100,2021-04-28 14:25:00,ASLN
3.39,3.42,3.39,3.395,1200,2021-04-28 14:30:00,ASLN
3.37,3.42,3.37,3.42,200,2021-04-28 14:35:00,ASLN
3.4199,3.4199,3.4199,3.4199,2000,2021-04-28 14:40:00,ASLN
3.4,3.41,3.37,3.4036,550,2021-04-28 14:45:00,ASLN
3.4047,3.4047,3.4047,3.4047,293,2021-04-28 14:55:00,ASLN
3.3826,3.41,3.37,3.3701,1400,2021-04-28 15:00:00,ASLN
3.4,3.41,3.4,3.4047,1400,2021-04-28 15:05:00,ASLN
3.4,3.4,3.4,3.4,100,2021-04-28 15:10:00,ASLN
3.4,3.4,3.4,3.4,100,2021-04-28 15:15:00,ASLN
3.4,3.4,3.36,3.36,3556,2021-04-28 15:25:00,ASLN
3.3682,3.37,3.3682,3.37,350,2021-04-28 15:30:00,ASLN
3.3802,3.3802,3.3802,3.3802,500,2021-04-28 15:35:00,ASLN
3.4,3.4,3.385,3.3915,4700,2021-04-28 15:40:00,ASLN
3.38,3.38,3.38,3.38,500,2021-04-28 15:50:00,ASLN
3.4,3.4,3.38,3.39,23141,2021-04-28 15:55:00,ASLN
3.39,3.39,3.36,3.36,200,2021-04-28 16:00:00,ASLN
3.385,3.4,3.38,3.38,4950,2021-04-28 16:05:00,ASLN
3.37,3.37,3.37,3.37,400,2021-04-28 16:10:00,ASLN
3.37,3.37,3.37,3.37,600,2021-04-28 16:30:00,ASLN
3.37,3.39,3.35,3.35,10004,2021-04-28 16:35:00,ASLN
3.35,3.35,3.35,3.35,100,2021-04-28 16:40:00,ASLN
3.35,3.35,3.35,3.35,900,2021-04-28 16:45:00,ASLN
3.34,3.34,3.33,3.34,6099,2021-04-28 16:50:00,ASLN
3.34,3.34,3.32,3.32,2950,2021-04-28 17:00:00,ASLN
3.3399,3.36,3.32,3.36,6901,2021-04-28 17:05:00,ASLN
3.33,3.33,3.33,3.33,100,2021-04-28 17:10:00,ASLN
3.34,3.36,3.34,3.35,2000,2021-04-28 17:20:00,ASLN
3.35,3.35,3.35,3.35,300,2021-04-28 17:25:00,ASLN
3.35,3.35,3.35,3.35,1300,2021-04-28 17:30:00,ASLN
3.33,3.35,3.33,3.35,5895,2021-04-28 17:35:00,ASLN
3.33,3.33,3.33,3.33,100,2021-04-28 17:45:00,ASLN
3.37,3.37,3.37,3.37,100,2021-04-28 17:55:00,ASLN
3.361,3.361,3.361,3.361,325,2021-04-28 18:05:00,ASLN
3.36,3.38,3.3401,3.35,4872,2021-04-28 18:10:00,ASLN
3.3699,3.37,3.35,3.37,4233,2021-04-28 18:15:00,ASLN
3.33,3.36,3.33,3.36,2000,2021-04-28 18:20:00,ASLN
3.36,3.36,3.3575,3.36,1700,2021-04-28 18:25:00,ASLN
3.36,3.39,3.36,3.39,300,2021-04-28 18:35:00,ASLN
3.39,3.39,3.36,3.365,6500,2021-04-28 18:40:00,ASLN
3.32,3.32,3.32,3.32,655,2021-04-28 18:45:00,ASLN
3.37,3.37,3.35,3.35,500,2021-04-28 18:50:00,ASLN
3.35,3.35,3.35,3.35,100,2021-04-28 18:55:00,ASLN
3.341,3.35,3.341,3.35,925,2021-04-28 19:00:00,ASLN
3.36,3.38,3.35,3.36,3000,2021-04-28 19:05:00,ASLN
3.38,3.39,3.38,3.38,400,2021-04-28 19:10:00,ASLN
3.39,3.39,3.39,3.39,100,2021-04-28 19:15:00,ASLN
3.33,3.38,3.33,3.35,969,2021-04-28 19:50:00,ASLN
3.34,3.36,3.32,3.33,3872,2021-04-28 19:55:00,ASLN
3.33,3.33,3.33,3.33,1102,2021-04-28 20:00:00,ASLN
3.4,3.4,3.4,3.4,100,2021-04-29 12:00:00,ASLN
3.35,3.44,3.31,3.42,44176,2021-04-29 13:30:00,ASLN
3.39,3.39,3.34,3.34,1500,2021-04-29 13:35:00,ASLN
3.41,3.41,3.3837,3.3837,5100,2021-04-29 13:40:00,ASLN
3.39,3.39,3.39,3.39,2100,2021-04-29 13:45:00,ASLN
3.36,3.37,3.31,3.32,1500,2021-04-29 13:50:00,ASLN
3.2901,3.3893,3.29,3.38,9950,2021-04-29 13:55:00,ASLN
3.31,3.3426,3.31,3.3426,574,2021-04-29 14:00:00,ASLN
3.38,3.38,3.37,3.37,2600,2021-04-29 14:05:00,ASLN
3.38,3.38,3.34,3.38,3900,2021-04-29 14:10:00,ASLN
3.35,3.37,3.33,3.33,900,2021-04-29 14:15:00,ASLN
3.3446,3.36,3.3446,3.353,4750,2021-04-29 14:20:00,ASLN
3.29,3.325,3.29,3.325,300,2021-04-29 14:25:00,ASLN
3.29,3.292,3.25,3.265,7907,2021-04-29 14:30:00,ASLN
3.2759,3.28,3.23,3.28,29870,2021-04-29 14:35:00,ASLN
3.2183,3.25,3.18,3.21,13220,2021-04-29 14:40:00,ASLN
3.23,3.28,3.21,3.28,4400,2021-04-29 14:45:00,ASLN
3.25,3.25,3.22,3.25,3970,2021-04-29 14:50:00,ASLN
3.25,3.28,3.22,3.22,10774,2021-04-29 14:55:00,ASLN
3.29,3.29,3.27,3.28,593,2021-04-29 15:00:00,ASLN
3.235,3.2634,3.231,3.26,2200,2021-04-29 15:05:00,ASLN
3.2649,3.2649,3.23,3.23,1440,2021-04-29 15:10:00,ASLN
3.27,3.27,3.18,3.221,4229,2021-04-29 15:15:00,ASLN
3.29,3.29,3.2332,3.29,4100,2021-04-29 15:20:00,ASLN
3.28,3.28,3.23,3.28,2500,2021-04-29 15:30:00,ASLN
3.25,3.27,3.21,3.22,10092,2021-04-29 15:35:00,ASLN
3.2,3.26,3.2,3.26,3500,2021-04-29 15:40:00,ASLN
3.23,3.24,3.23,3.24,200,2021-04-29 15:45:00,ASLN
3.21,3.23,3.2,3.2003,2099,2021-04-29 15:55:00,ASLN
3.2,3.2,3.2,3.2,465,2021-04-29 16:00:00,ASLN
3.2,3.2,3.1999,3.1999,702,2021-04-29 16:05:00,ASLN
3.2,3.22,3.2,3.21,1800,2021-04-29 16:10:00,ASLN
3.19,3.24,3.19,3.23,1900,2021-04-29 16:15:00,ASLN
3.22,3.22,3.22,3.22,1000,2021-04-29 16:20:00,ASLN
3.24,3.24,3.2006,3.2121,5400,2021-04-29 16:25:00,ASLN
3.2032,3.24,3.2032,3.2337,1650,2021-04-29 16:30:00,ASLN
3.23,3.23,3.23,3.23,400,2021-04-29 16:35:00,ASLN
3.23,3.24,3.2275,3.24,2900,2021-04-29 16:40:00,ASLN
3.27,3.27,3.27,3.27,100,2021-04-29 16:45:00,ASLN
3.255,3.255,3.245,3.245,1300,2021-04-29 16:50:00,ASLN
3.27,3.27,3.27,3.27,600,2021-04-29 16:55:00,ASLN
3.2778,3.2778,3.2778,3.2778,250,2021-04-29 17:00:00,ASLN
3.29,3.33,3.29,3.31,1400,2021-04-29 17:10:00,ASLN
3.26,3.26,3.26,3.26,200,2021-04-29 17:15:00,ASLN
3.28,3.28,3.28,3.28,100,2021-04-29 17:20:00,ASLN
3.2643,3.2643,3.2643,3.2643,1000,2021-04-29 17:25:00,ASLN
3.28,3.29,3.26,3.28,799,2021-04-29 17:30:00,ASLN
3.29,3.3,3.26,3.3,1100,2021-04-29 17:45:00,ASLN
3.31,3.31,3.31,3.31,1300,2021-04-29 17:50:00,ASLN
3.31,3.31,3.31,3.31,1200,2021-04-29 17:55:00,ASLN
3.305,3.305,3.305,3.305,100,2021-04-29 18:10:00,ASLN
3.32,3.32,3.32,3.32,400,2021-04-29 18:15:00,ASLN
3.34,3.34,3.33,3.33,400,2021-04-29 18:25:00,ASLN
3.34,3.34,3.33,3.34,1500,2021-04-29 18:30:00,ASLN
3.34,3.34,3.3,3.3,1097,2021-04-29 18:40:00,ASLN
3.34,3.34,3.34,3.34,100,2021-04-29 18:45:00,ASLN
3.34,3.34,3.325,3.325,400,2021-04-29 18:55:00,ASLN
3.33,3.33,3.33,3.33,400,2021-04-29 19:10:00,ASLN
3.3,3.31,3.29,3.31,1650,2021-04-29 19:15:00,ASLN
3.31,3.31,3.31,3.31,250,2021-04-29 19:20:00,ASLN
3.28,3.2867,3.25,3.26,7550,2021-04-29 19:25:00,ASLN
3.275,3.275,3.275,3.275,300,2021-04-29 19:30:00,ASLN
3.26,3.26,3.26,3.26,500,2021-04-29 19:35:00,ASLN
3.29,3.29,3.29,3.29,100,2021-04-29 19:40:00,ASLN
3.26,3.275,3.26,3.275,700,2021-04-29 19:45:00,ASLN
3.25,3.26,3.24,3.257,4684,2021-04-29 19:50:00,ASLN
3.25,3.255,3.22,3.22,8101,2021-04-29 19:55:00,ASLN
3.22,3.22,3.22,3.22,4525,2021-04-29 20:00:00,ASLN
3.08,3.08,3.08,3.08,122,2021-04-29 20:55:00,ASLN
3.22,3.22,3.22,3.22,2010,2021-04-29 21:20:00,ASLN
3.08,3.08,3.08,3.08,125,2021-04-29 23:55:00,ASLN
3.18,3.18,3.18,3.18,100,2021-04-30 10:50:00,ASLN
3.18,3.18,3.18,3.18,600,2021-04-30 10:55:00,ASLN
3.11,3.11,3.1,3.1,200,2021-04-30 12:50:00,ASLN
3.21,3.26,3.18,3.26,6397,2021-04-30 13:30:00,ASLN
3.25,3.25,3.25,3.25,100,2021-04-30 13:35:00,ASLN
3.24,3.25,3.24,3.25,3200,2021-04-30 13:40:00,ASLN
3.25,3.25,3.25,3.25,160,2021-04-30 13:45:00,ASLN
3.2636,3.3,3.211,3.3,2200,2021-04-30 13:50:00,ASLN
3.2893,3.3,3.24,3.3,9350,2021-04-30 13:55:00,ASLN
3.277,3.277,3.277,3.277,300,2021-04-30 14:00:00,ASLN
3.28,3.28,3.26,3.271,7649,2021-04-30 14:05:00,ASLN
3.285,3.31,3.285,3.31,3146,2021-04-30 14:10:00,ASLN
3.3,3.31,3.25,3.281,5300,2021-04-30 14:15:00,ASLN
3.3,3.3,3.28,3.2896,300,2021-04-30 14:25:00,ASLN
3.29,3.3,3.285,3.2955,7199,2021-04-30 14:30:00,ASLN
3.29,3.29,3.29,3.29,800,2021-04-30 14:35:00,ASLN
3.29,3.29,3.29,3.29,200,2021-04-30 14:40:00,ASLN
3.3,3.31,3.3,3.31,500,2021-04-30 14:45:00,ASLN
3.29,3.3001,3.26,3.26,3699,2021-04-30 14:50:00,ASLN
3.26,3.26,3.26,3.26,1800,2021-04-30 15:00:00,ASLN
3.29,3.29,3.29,3.29,200,2021-04-30 15:05:00,ASLN
3.29,3.31,3.29,3.31,2198,2021-04-30 15:20:00,ASLN
3.31,3.31,3.31,3.31,100,2021-04-30 15:25:00,ASLN
3.29,3.29,3.28,3.28,4700,2021-04-30 15:45:00,ASLN
3.29,3.29,3.29,3.29,600,2021-04-30 15:50:00,ASLN
3.29,3.29,3.29,3.29,100,2021-04-30 16:00:00,ASLN
3.29,3.29,3.29,3.29,350,2021-04-30 16:10:00,ASLN
3.28,3.28,3.28,3.28,1257,2021-04-30 16:15:00,ASLN
3.29,3.29,3.29,3.29,2500,2021-04-30 16:25:00,ASLN
3.27,3.27,3.25,3.25,3664,2021-04-30 16:30:00,ASLN
3.27,3.28,3.2401,3.28,3400,2021-04-30 16:50:00,ASLN
3.3,3.3,3.24,3.27,7990,2021-04-30 17:10:00,ASLN
3.265,3.265,3.265,3.265,200,2021-04-30 17:15:00,ASLN
3.25,3.25,3.2461,3.2461,260,2021-04-30 17:20:00,ASLN
3.26,3.26,3.26,3.26,800,2021-04-30 17:25:00,ASLN
3.28,3.28,3.2754,3.28,1100,2021-04-30 17:45:00,ASLN
3.28,3.281,3.28,3.281,1200,2021-04-30 18:00:00,ASLN
3.28,3.28,3.26,3.26,1200,2021-04-30 18:05:00,ASLN
3.2616,3.2616,3.2616,3.2616,1000,2021-04-30 18:15:00,ASLN
3.2527,3.26,3.25,3.26,1300,2021-04-30 18:20:00,ASLN
3.24,3.25,3.24,3.25,2400,2021-04-30 18:25:00,ASLN
3.27,3.27,3.26,3.26,1749,2021-04-30 18:30:00,ASLN
3.265,3.265,3.23,3.24,5701,2021-04-30 18:45:00,ASLN
3.24,3.25,3.24,3.24,3080,2021-04-30 18:50:00,ASLN
3.245,3.245,3.23,3.24,6022,2021-04-30 19:00:00,ASLN
3.24,3.24,3.2,3.2,1031,2021-04-30 19:05:00,ASLN
3.23,3.23,3.23,3.23,100,2021-04-30 19:10:00,ASLN
3.23,3.23,3.2095,3.2095,1700,2021-04-30 19:15:00,ASLN
3.24,3.24,3.24,3.24,200,2021-04-30 19:20:00,ASLN
3.25,3.25,3.2301,3.2301,1900,2021-04-30 19:25:00,ASLN
3.27,3.27,3.27,3.27,200,2021-04-30 19:30:00,ASLN
3.26,3.26,3.26,3.26,1000,2021-04-30 19:35:00,ASLN
3.26,3.26,3.23,3.23,700,2021-04-30 19:40:00,ASLN
3.22,3.25,3.21,3.25,949,2021-04-30 19:45:00,ASLN
3.22,3.24,3.22,3.24,400,2021-04-30 19:50:00,ASLN
3.23,3.26,3.23,3.26,1616,2021-04-30 19:55:00,ASLN
3.23,3.23,3.23,3.23,781,2021-04-30 20:00:00,ASLN
