open,high,low,close,volume,datetime,symbol
27.5,27.5,27.5,27.5,2739,2021-07-06 13:30:00,KNBE
27.51,27.56,27.45,27.45,2300,2021-07-06 13:31:00,KNBE
27.1,27.4478,27.0,27.4478,1904,2021-07-06 13:32:00,KNBE
26.99,26.99,26.99,26.99,100,2021-07-06 13:33:00,KNBE
26.99,27.0893,26.99,27.0893,200,2021-07-06 13:34:00,KNBE
27.075,27.15,27.075,27.15,600,2021-07-06 13:36:00,KNBE
27.44,27.44,27.34,27.34,800,2021-07-06 13:38:00,KNBE
27.145,27.145,27.145,27.145,120,2021-07-06 13:42:00,KNBE
27.13,27.255,27.12,27.255,9000,2021-07-06 13:43:00,KNBE
27.3,27.3,27.3,27.3,100,2021-07-06 13:44:00,KNBE
27.38,27.4,27.38,27.4,500,2021-07-06 13:47:00,KNBE
27.43,27.43,27.43,27.43,600,2021-07-06 13:48:00,KNBE
27.42,27.42,27.42,27.42,100,2021-07-06 13:49:00,KNBE
27.33,27.33,27.33,27.33,100,2021-07-06 13:50:00,KNBE
27.505,27.505,27.37,27.37,700,2021-07-06 13:51:00,KNBE
27.4,27.4,27.39,27.39,500,2021-07-06 13:52:00,KNBE
27.4,27.65,27.4,27.65,600,2021-07-06 13:53:00,KNBE
27.54,27.75,27.45,27.75,1800,2021-07-06 13:54:00,KNBE
27.65,27.7,27.65,27.7,582,2021-07-06 13:55:00,KNBE
27.73,27.92,27.65,27.92,700,2021-07-06 13:56:00,KNBE
27.75,27.93,27.75,27.93,955,2021-07-06 13:57:00,KNBE
28.03,28.03,28.005,28.005,200,2021-07-06 13:58:00,KNBE
28.185,28.185,28.185,28.185,100,2021-07-06 13:59:00,KNBE
28.21,28.21,28.125,28.125,300,2021-07-06 14:00:00,KNBE
28.1584,28.25,28.125,28.125,600,2021-07-06 14:01:00,KNBE
28.125,28.125,28.01,28.01,200,2021-07-06 14:02:00,KNBE
28.01,28.01,28.01,28.01,100,2021-07-06 14:03:00,KNBE
28.158,28.23,28.115,28.115,2800,2021-07-06 14:05:00,KNBE
28.08,28.175,28.08,28.175,500,2021-07-06 14:06:00,KNBE
28.25,28.42,28.25,28.42,646,2021-07-06 14:07:00,KNBE
28.48,28.48,28.48,28.48,100,2021-07-06 14:08:00,KNBE
28.629,28.629,28.45,28.45,1100,2021-07-06 14:09:00,KNBE
28.5708,28.73,28.5708,28.6,1336,2021-07-06 14:10:00,KNBE
28.48,28.81,28.48,28.655,400,2021-07-06 14:11:00,KNBE
28.69,28.69,28.69,28.69,100,2021-07-06 14:12:00,KNBE
28.75,28.8482,28.73,28.82,3000,2021-07-06 14:14:00,KNBE
28.805,28.805,28.7,28.71,5620,2021-07-06 14:15:00,KNBE
28.74,28.85,28.73,28.85,945,2021-07-06 14:16:00,KNBE
28.86,28.9,28.71,28.73,1900,2021-07-06 14:17:00,KNBE
28.775,28.79,28.775,28.79,485,2021-07-06 14:18:00,KNBE
28.8699,28.8699,28.815,28.815,3100,2021-07-06 14:20:00,KNBE
28.85,29.0,28.82,28.82,7469,2021-07-06 14:21:00,KNBE
28.92,28.98,28.88,28.98,1526,2021-07-06 14:22:00,KNBE
28.95,29.04,28.89,28.95,1016,2021-07-06 14:23:00,KNBE
29.015,29.015,28.9,29.01,1305,2021-07-06 14:24:00,KNBE
29.07,29.07,29.07,29.07,200,2021-07-06 14:25:00,KNBE
28.89,29.01,28.89,29.01,390,2021-07-06 14:26:00,KNBE
28.9,28.9,28.88,28.88,800,2021-07-06 14:27:00,KNBE
28.88,28.88,28.87,28.87,200,2021-07-06 14:28:00,KNBE
28.8,28.8,28.76,28.76,200,2021-07-06 14:30:00,KNBE
28.9899,28.9899,28.9899,28.9899,125,2021-07-06 14:32:00,KNBE
28.9305,28.9305,28.9305,28.9305,200,2021-07-06 14:33:00,KNBE
28.85,28.85,28.85,28.85,594,2021-07-06 14:34:00,KNBE
28.97,29.0,28.87,28.87,2413,2021-07-06 14:35:00,KNBE
28.865,28.865,28.76,28.865,1200,2021-07-06 14:36:00,KNBE
28.86,28.86,28.86,28.86,100,2021-07-06 14:38:00,KNBE
28.75,28.9367,28.75,28.9367,439,2021-07-06 14:39:00,KNBE
28.89,28.89,28.8,28.8,400,2021-07-06 14:43:00,KNBE
28.805,28.805,28.8,28.805,300,2021-07-06 14:44:00,KNBE
28.8391,29.1791,28.8391,29.115,2343,2021-07-06 14:45:00,KNBE
29.25,29.623,29.2,29.41,14468,2021-07-06 14:46:00,KNBE
29.56,29.7084,29.56,29.68,4225,2021-07-06 14:47:00,KNBE
29.685,29.9,29.685,29.9,1792,2021-07-06 14:48:00,KNBE
29.92,29.9501,29.62,29.62,5557,2021-07-06 14:49:00,KNBE
29.81,29.89,29.7461,29.7461,2500,2021-07-06 14:50:00,KNBE
29.6501,29.6501,29.6501,29.6501,100,2021-07-06 14:52:00,KNBE
29.8,29.89,29.7183,29.79,691,2021-07-06 14:53:00,KNBE
29.66,29.82,29.66,29.82,400,2021-07-06 14:54:00,KNBE
29.725,29.725,29.725,29.725,300,2021-07-06 14:55:00,KNBE
29.7999,29.94,29.7,29.7,3276,2021-07-06 14:56:00,KNBE
29.78,29.9,29.65,29.65,2400,2021-07-06 14:57:00,KNBE
29.65,29.77,29.65,29.77,397,2021-07-06 14:58:00,KNBE
29.67,29.67,29.67,29.67,100,2021-07-06 14:59:00,KNBE
29.675,29.675,29.675,29.675,100,2021-07-06 15:00:00,KNBE
29.8799,29.8799,29.67,29.67,900,2021-07-06 15:01:00,KNBE
29.7653,29.7653,29.535,29.535,921,2021-07-06 15:02:00,KNBE
29.5499,29.5499,29.29,29.29,400,2021-07-06 15:03:00,KNBE
29.28,29.405,29.28,29.405,1100,2021-07-06 15:04:00,KNBE
29.5,29.53,29.31,29.4975,1900,2021-07-06 15:06:00,KNBE
29.29,29.5,29.28,29.4999,700,2021-07-06 15:07:00,KNBE
29.49,29.61,29.405,29.61,1062,2021-07-06 15:08:00,KNBE
29.47,29.47,29.47,29.47,100,2021-07-06 15:09:00,KNBE
29.575,29.575,29.575,29.575,100,2021-07-06 15:10:00,KNBE
29.68,29.68,29.68,29.68,100,2021-07-06 15:11:00,KNBE
29.6528,29.6528,29.6528,29.6528,337,2021-07-06 15:12:00,KNBE
29.64,29.64,29.64,29.64,100,2021-07-06 15:17:00,KNBE
29.47,29.48,29.47,29.47,300,2021-07-06 15:18:00,KNBE
29.35,29.35,29.35,29.35,100,2021-07-06 15:21:00,KNBE
29.465,29.5837,29.465,29.5837,1100,2021-07-06 15:22:00,KNBE
29.5603,29.5603,29.5603,29.5603,101,2021-07-06 15:23:00,KNBE
29.455,29.455,29.4375,29.4375,300,2021-07-06 15:24:00,KNBE
29.45,29.45,29.34,29.45,300,2021-07-06 15:25:00,KNBE
29.3201,29.3201,29.3201,29.3201,1000,2021-07-06 15:29:00,KNBE
29.32,29.43,29.32,29.4,500,2021-07-06 15:33:00,KNBE
29.33,29.405,29.33,29.405,300,2021-07-06 15:35:00,KNBE
29.365,29.365,29.29,29.35,600,2021-07-06 15:36:00,KNBE
29.375,29.375,29.305,29.305,704,2021-07-06 15:37:00,KNBE
29.39,29.42,29.39,29.42,897,2021-07-06 15:38:00,KNBE
29.45,29.5,29.42,29.5,1300,2021-07-06 15:39:00,KNBE
29.8099,29.8099,29.8099,29.8099,3000,2021-07-06 15:40:00,KNBE
29.52,29.52,29.52,29.52,100,2021-07-06 15:42:00,KNBE
29.5642,29.605,29.51,29.605,1700,2021-07-06 15:48:00,KNBE
29.52,29.52,29.3001,29.3001,4900,2021-07-06 15:49:00,KNBE
29.36,29.385,29.3,29.305,819,2021-07-06 15:50:00,KNBE
29.11,29.12,29.11,29.11,300,2021-07-06 15:51:00,KNBE
29.11,29.2896,29.11,29.2896,850,2021-07-06 15:53:00,KNBE
29.11,29.11,29.11,29.11,100,2021-07-06 15:54:00,KNBE
29.24,29.24,29.2305,29.2305,200,2021-07-06 15:55:00,KNBE
29.11,29.17,29.11,29.17,716,2021-07-06 15:56:00,KNBE
29.145,29.18,29.145,29.18,200,2021-07-06 15:57:00,KNBE
29.2,29.215,29.19,29.215,1100,2021-07-06 16:01:00,KNBE
29.19,29.2,29.0636,29.0636,1400,2021-07-06 16:03:00,KNBE
29.02,29.02,29.02,29.02,100,2021-07-06 16:04:00,KNBE
29.0,29.0,29.0,29.0,100,2021-07-06 16:07:00,KNBE
28.99,28.99,28.99,28.99,100,2021-07-06 16:08:00,KNBE
28.99,28.99,28.98,28.98,300,2021-07-06 16:09:00,KNBE
28.94,28.94,28.94,28.94,300,2021-07-06 16:11:00,KNBE
28.939,28.939,28.939,28.939,1000,2021-07-06 16:12:00,KNBE
29.1847,29.1847,29.1847,29.1847,700,2021-07-06 16:13:00,KNBE
29.01,29.01,29.01,29.01,100,2021-07-06 16:15:00,KNBE
29.125,29.125,29.12,29.12,1500,2021-07-06 16:16:00,KNBE
29.07,29.07,29.07,29.07,600,2021-07-06 16:21:00,KNBE
28.8901,28.8901,28.8901,28.8901,3000,2021-07-06 16:23:00,KNBE
28.91,28.91,28.91,28.91,100,2021-07-06 16:24:00,KNBE
29.0583,29.0583,29.0583,29.0583,100,2021-07-06 16:26:00,KNBE
28.95,28.98,28.95,28.98,300,2021-07-06 16:28:00,KNBE
29.19,29.19,28.89,28.89,510,2021-07-06 16:29:00,KNBE
29.0792,29.0792,29.0792,29.0792,200,2021-07-06 16:30:00,KNBE
29.045,29.045,29.045,29.045,100,2021-07-06 16:31:00,KNBE
29.03,29.03,29.0,29.0,600,2021-07-06 16:34:00,KNBE
28.9605,28.97,28.9605,28.97,200,2021-07-06 16:35:00,KNBE
28.9301,29.035,28.9301,29.035,1100,2021-07-06 16:38:00,KNBE
29.14,29.14,29.05,29.14,3200,2021-07-06 16:40:00,KNBE
29.14,29.14,29.05,29.05,200,2021-07-06 16:41:00,KNBE
29.055,29.055,29.055,29.055,100,2021-07-06 16:42:00,KNBE
29.06,29.06,29.06,29.06,200,2021-07-06 16:43:00,KNBE
29.2,29.2,29.18,29.18,400,2021-07-06 16:44:00,KNBE
29.28,29.54,29.25,29.54,2700,2021-07-06 16:45:00,KNBE
29.37,29.475,29.37,29.475,200,2021-07-06 16:46:00,KNBE
29.535,29.72,29.535,29.605,1800,2021-07-06 16:49:00,KNBE
29.717,29.717,29.6,29.6,1600,2021-07-06 16:51:00,KNBE
29.61,29.61,29.61,29.61,100,2021-07-06 16:52:00,KNBE
29.6,29.6,29.6,29.6,1200,2021-07-06 16:54:00,KNBE
29.65,29.65,29.49,29.49,300,2021-07-06 16:55:00,KNBE
29.5,29.5,29.5,29.5,100,2021-07-06 16:58:00,KNBE
29.67,29.67,29.62,29.62,300,2021-07-06 16:59:00,KNBE
29.5973,29.7177,29.595,29.6276,2300,2021-07-06 17:00:00,KNBE
29.49,29.615,29.49,29.615,201,2021-07-06 17:02:00,KNBE
29.48,29.48,29.48,29.48,100,2021-07-06 17:03:00,KNBE
29.71,29.71,29.71,29.71,200,2021-07-06 17:05:00,KNBE
29.625,29.625,29.54,29.54,300,2021-07-06 17:06:00,KNBE
29.66,29.66,29.66,29.66,800,2021-07-06 17:12:00,KNBE
29.7155,29.7606,29.7155,29.7606,893,2021-07-06 17:13:00,KNBE
29.75,29.75,29.66,29.66,800,2021-07-06 17:14:00,KNBE
29.55,29.55,29.55,29.55,100,2021-07-06 17:15:00,KNBE
29.51,29.51,29.51,29.51,400,2021-07-06 17:16:00,KNBE
29.675,29.675,29.55,29.57,1200,2021-07-06 17:18:00,KNBE
29.81,29.81,29.55,29.6,500,2021-07-06 17:19:00,KNBE
29.75,29.75,29.75,29.75,1000,2021-07-06 17:20:00,KNBE
29.65,29.65,29.65,29.65,100,2021-07-06 17:22:00,KNBE
29.77,29.77,29.6105,29.6105,525,2021-07-06 17:23:00,KNBE
29.6582,29.89,29.6582,29.7588,1633,2021-07-06 17:24:00,KNBE
29.8913,29.8913,29.6,29.6,855,2021-07-06 17:25:00,KNBE
29.9599,29.9599,29.7,29.7,2400,2021-07-06 17:26:00,KNBE
29.685,29.685,29.53,29.63,700,2021-07-06 17:27:00,KNBE
29.65,29.7,29.41,29.41,400,2021-07-06 17:28:00,KNBE
29.62,29.62,29.62,29.62,100,2021-07-06 17:32:00,KNBE
29.5,29.5,29.5,29.5,100,2021-07-06 17:33:00,KNBE
29.615,29.8399,29.615,29.65,348,2021-07-06 17:34:00,KNBE
29.7493,29.795,29.7493,29.795,837,2021-07-06 17:36:00,KNBE
29.67,29.67,29.67,29.67,100,2021-07-06 17:37:00,KNBE
29.67,29.67,29.67,29.67,100,2021-07-06 17:38:00,KNBE
29.75,29.75,29.75,29.75,100,2021-07-06 17:39:00,KNBE
29.62,29.62,29.53,29.53,300,2021-07-06 17:40:00,KNBE
29.55,29.7,29.55,29.57,700,2021-07-06 17:41:00,KNBE
29.6,29.6,29.585,29.585,600,2021-07-06 17:42:00,KNBE
29.49,29.53,29.49,29.53,1098,2021-07-06 17:43:00,KNBE
29.63,29.65,29.51,29.51,300,2021-07-06 17:44:00,KNBE
29.59,29.59,29.59,29.59,100,2021-07-06 17:45:00,KNBE
29.595,29.595,29.595,29.595,100,2021-07-06 17:46:00,KNBE
29.6593,29.6593,29.58,29.58,400,2021-07-06 17:47:00,KNBE
29.6,29.6,29.531,29.531,273,2021-07-06 17:50:00,KNBE
29.575,29.575,29.575,29.575,470,2021-07-06 17:51:00,KNBE
29.555,29.555,29.53,29.54,752,2021-07-06 17:52:00,KNBE
29.51,29.51,29.51,29.51,100,2021-07-06 17:53:00,KNBE
29.41,29.7049,29.41,29.7049,200,2021-07-06 17:54:00,KNBE
29.62,29.655,29.61,29.61,700,2021-07-06 17:56:00,KNBE
29.625,29.625,29.6006,29.62,600,2021-07-06 17:57:00,KNBE
29.6,29.7138,29.6,29.605,350,2021-07-06 17:58:00,KNBE
29.65,29.65,29.65,29.65,300,2021-07-06 18:00:00,KNBE
29.57,29.57,29.57,29.57,100,2021-07-06 18:01:00,KNBE
29.5786,29.5786,29.5786,29.5786,300,2021-07-06 18:02:00,KNBE
29.58,29.58,29.4765,29.4765,1350,2021-07-06 18:05:00,KNBE
29.495,29.495,29.37,29.37,1600,2021-07-06 18:06:00,KNBE
29.39,29.39,29.39,29.39,100,2021-07-06 18:09:00,KNBE
29.43,29.43,29.41,29.41,300,2021-07-06 18:13:00,KNBE
29.41,29.44,29.41,29.44,200,2021-07-06 18:14:00,KNBE
29.5999,29.5999,29.5999,29.5999,100,2021-07-06 18:16:00,KNBE
29.505,29.505,29.505,29.505,122,2021-07-06 18:17:00,KNBE
29.4899,29.4899,29.4899,29.4899,500,2021-07-06 18:18:00,KNBE
29.41,29.41,29.41,29.41,100,2021-07-06 18:20:00,KNBE
29.5,29.5,29.5,29.5,100,2021-07-06 18:21:00,KNBE
29.5,29.5,29.5,29.5,100,2021-07-06 18:22:00,KNBE
29.5,29.5,29.5,29.5,1376,2021-07-06 18:26:00,KNBE
29.41,29.41,29.41,29.41,200,2021-07-06 18:27:00,KNBE
29.49,29.49,29.49,29.49,1257,2021-07-06 18:30:00,KNBE
29.49,29.49,29.49,29.49,500,2021-07-06 18:31:00,KNBE
29.485,29.485,29.485,29.485,222,2021-07-06 18:32:00,KNBE
29.4,29.46,29.39,29.46,1261,2021-07-06 18:33:00,KNBE
29.39,29.4147,29.39,29.4147,400,2021-07-06 18:35:00,KNBE
29.4211,29.4211,29.4211,29.4211,750,2021-07-06 18:36:00,KNBE
29.39,29.39,29.39,29.39,100,2021-07-06 18:37:00,KNBE
29.449,29.449,29.449,29.449,100,2021-07-06 18:38:00,KNBE
29.4116,29.45,29.4116,29.42,750,2021-07-06 18:39:00,KNBE
29.5,29.5,29.4,29.4,200,2021-07-06 18:40:00,KNBE
29.4,29.4,29.4,29.4,100,2021-07-06 18:42:00,KNBE
29.4,29.4,29.4,29.4,100,2021-07-06 18:44:00,KNBE
29.4048,29.4048,29.4048,29.4048,100,2021-07-06 18:45:00,KNBE
29.39,29.39,29.39,29.39,100,2021-07-06 18:46:00,KNBE
29.36,29.36,29.36,29.36,100,2021-07-06 18:48:00,KNBE
29.35,29.35,29.235,29.3013,700,2021-07-06 18:54:00,KNBE
29.32,29.395,29.18,29.1961,1271,2021-07-06 18:55:00,KNBE
29.39,29.39,29.2,29.305,718,2021-07-06 18:56:00,KNBE
29.23,29.305,29.23,29.305,200,2021-07-06 18:57:00,KNBE
29.44,29.44,29.44,29.44,300,2021-07-06 19:00:00,KNBE
29.465,29.5365,29.465,29.465,1000,2021-07-06 19:02:00,KNBE
29.5725,29.5725,29.41,29.41,400,2021-07-06 19:03:00,KNBE
29.41,29.46,29.391,29.46,800,2021-07-06 19:06:00,KNBE
29.425,29.49,29.425,29.45,700,2021-07-06 19:07:00,KNBE
29.495,29.55,29.495,29.55,400,2021-07-06 19:08:00,KNBE
29.41,29.64,29.41,29.64,1096,2021-07-06 19:09:00,KNBE
29.595,29.68,29.595,29.605,300,2021-07-06 19:11:00,KNBE
29.52,29.595,29.52,29.595,200,2021-07-06 19:12:00,KNBE
29.62,29.62,29.615,29.615,597,2021-07-06 19:13:00,KNBE
29.6335,29.6335,29.57,29.57,350,2021-07-06 19:14:00,KNBE
29.635,29.635,29.635,29.635,1600,2021-07-06 19:15:00,KNBE
29.645,29.645,29.645,29.645,100,2021-07-06 19:16:00,KNBE
29.672,29.689,29.6405,29.65,2800,2021-07-06 19:17:00,KNBE
29.645,29.65,29.53,29.54,7271,2021-07-06 19:18:00,KNBE
29.64,29.64,29.605,29.605,700,2021-07-06 19:19:00,KNBE
29.67,29.7,29.605,29.605,762,2021-07-06 19:20:00,KNBE
29.69,29.755,29.6306,29.73,1320,2021-07-06 19:21:00,KNBE
29.705,29.76,29.67,29.705,2222,2021-07-06 19:22:00,KNBE
29.7,29.8,29.7,29.75,804,2021-07-06 19:23:00,KNBE
29.706,29.706,29.66,29.66,1100,2021-07-06 19:24:00,KNBE
29.7,29.7,29.61,29.61,500,2021-07-06 19:25:00,KNBE
29.52,29.605,29.52,29.605,1200,2021-07-06 19:26:00,KNBE
29.6459,29.6459,29.33,29.435,1578,2021-07-06 19:27:00,KNBE
29.425,29.425,29.29,29.29,200,2021-07-06 19:28:00,KNBE
29.526,29.56,29.415,29.56,1100,2021-07-06 19:29:00,KNBE
29.61,29.61,29.43,29.435,2210,2021-07-06 19:31:00,KNBE
29.328,29.45,29.328,29.45,200,2021-07-06 19:32:00,KNBE
29.47,29.4834,29.4,29.4834,1800,2021-07-06 19:33:00,KNBE
29.36,29.47,29.34,29.4605,1910,2021-07-06 19:34:00,KNBE
29.25,29.4,29.25,29.39,488,2021-07-06 19:35:00,KNBE
29.46,29.51,29.41,29.49,800,2021-07-06 19:36:00,KNBE
29.43,29.43,29.38,29.4,700,2021-07-06 19:37:00,KNBE
29.4,29.4,29.4,29.4,100,2021-07-06 19:38:00,KNBE
29.46,29.46,29.4,29.415,1169,2021-07-06 19:41:00,KNBE
29.415,29.49,29.395,29.48,1478,2021-07-06 19:42:00,KNBE
29.46,29.48,29.44,29.47,800,2021-07-06 19:43:00,KNBE
29.5,29.5,29.42,29.42,642,2021-07-06 19:44:00,KNBE
29.5,29.5,29.445,29.445,408,2021-07-06 19:45:00,KNBE
29.36,29.4899,29.36,29.42,500,2021-07-06 19:46:00,KNBE
29.49,29.64,29.49,29.64,1400,2021-07-06 19:47:00,KNBE
29.58,29.58,29.58,29.58,300,2021-07-06 19:49:00,KNBE
29.725,29.73,29.7,29.73,900,2021-07-06 19:51:00,KNBE
29.69,29.69,29.65,29.65,500,2021-07-06 19:52:00,KNBE
29.665,29.7,29.61,29.6933,1112,2021-07-06 19:53:00,KNBE
29.66,29.6999,29.44,29.51,8429,2021-07-06 19:54:00,KNBE
29.605,29.62,29.47,29.47,1633,2021-07-06 19:55:00,KNBE
29.53,29.53,29.505,29.53,400,2021-07-06 19:56:00,KNBE
29.555,29.555,29.48,29.48,200,2021-07-06 19:57:00,KNBE
29.6026,29.61,29.46,29.53,903,2021-07-06 19:58:00,KNBE
29.5853,29.68,29.555,29.62,2667,2021-07-06 19:59:00,KNBE
29.55,29.55,29.55,29.55,4648,2021-07-06 20:00:00,KNBE
29.57,29.57,29.45,29.45,400,2021-07-07 13:19:00,KNBE
29.4229,30.19,29.4229,29.55,4634,2021-07-07 13:30:00,KNBE
29.83,29.83,29.83,29.83,500,2021-07-07 13:31:00,KNBE
29.9,30.0485,29.78,30.0,1140,2021-07-07 13:32:00,KNBE
30.0,30.0,29.905,29.905,410,2021-07-07 13:33:00,KNBE
30.03,30.06,29.93,30.035,2466,2021-07-07 13:35:00,KNBE
30.0,30.41,30.0,30.27,4041,2021-07-07 13:36:00,KNBE
30.265,30.265,30.26,30.26,300,2021-07-07 13:37:00,KNBE
30.12,30.32,30.12,30.32,300,2021-07-07 13:38:00,KNBE
30.315,30.43,30.28,30.28,1700,2021-07-07 13:39:00,KNBE
30.27,30.365,30.27,30.365,1100,2021-07-07 13:40:00,KNBE
30.345,30.73,30.34,30.575,3582,2021-07-07 13:41:00,KNBE
30.5125,30.59,30.495,30.59,5603,2021-07-07 13:42:00,KNBE
30.61,30.64,30.61,30.62,1220,2021-07-07 13:43:00,KNBE
30.6,30.6,30.59,30.6,300,2021-07-07 13:44:00,KNBE
30.66,30.7,30.55,30.585,1838,2021-07-07 13:45:00,KNBE
30.63,30.795,30.585,30.795,6680,2021-07-07 13:46:00,KNBE
30.97,31.04,30.88,30.88,1832,2021-07-07 13:47:00,KNBE
30.83,30.89,30.76,30.86,2390,2021-07-07 13:48:00,KNBE
30.8,30.8,30.6787,30.6787,600,2021-07-07 13:49:00,KNBE
30.66,30.7852,30.4,30.667,2874,2021-07-07 13:50:00,KNBE
30.38,30.555,30.31,30.53,663,2021-07-07 13:51:00,KNBE
30.525,30.525,30.36,30.36,800,2021-07-07 13:52:00,KNBE
30.5113,30.5113,30.5113,30.5113,1000,2021-07-07 13:53:00,KNBE
30.475,30.475,30.06,30.145,3724,2021-07-07 13:54:00,KNBE
30.1412,30.32,30.136,30.32,4325,2021-07-07 13:55:00,KNBE
30.405,30.5569,30.345,30.44,3630,2021-07-07 13:56:00,KNBE
30.5,30.55,30.305,30.305,3684,2021-07-07 13:57:00,KNBE
30.3,30.3325,30.14,30.17,5290,2021-07-07 13:58:00,KNBE
30.2302,30.26,30.225,30.26,500,2021-07-07 13:59:00,KNBE
30.25,30.35,30.19,30.195,1050,2021-07-07 14:00:00,KNBE
30.155,30.155,29.91,29.97,2500,2021-07-07 14:01:00,KNBE
30.045,30.0862,30.045,30.0862,3800,2021-07-07 14:02:00,KNBE
29.99,29.99,29.7901,29.8197,6619,2021-07-07 14:03:00,KNBE
29.7291,29.7291,29.6,29.65,1133,2021-07-07 14:04:00,KNBE
29.55,29.6599,29.31,29.31,1143,2021-07-07 14:05:00,KNBE
29.43,29.55,29.43,29.5,3160,2021-07-07 14:06:00,KNBE
29.55,29.55,29.4,29.438,1825,2021-07-07 14:07:00,KNBE
29.35,29.351,29.34,29.34,300,2021-07-07 14:09:00,KNBE
29.38,29.55,29.38,29.5485,1700,2021-07-07 14:10:00,KNBE
29.52,29.54,29.52,29.53,1100,2021-07-07 14:11:00,KNBE
29.6236,29.6236,29.51,29.58,1300,2021-07-07 14:12:00,KNBE
29.55,29.55,29.5,29.5,400,2021-07-07 14:13:00,KNBE
29.4745,29.4745,29.35,29.35,1600,2021-07-07 14:14:00,KNBE
29.36,29.415,29.32,29.415,1400,2021-07-07 14:15:00,KNBE
29.3,29.3495,29.29,29.34,1000,2021-07-07 14:16:00,KNBE
29.39,29.39,29.39,29.39,100,2021-07-07 14:17:00,KNBE
29.39,29.39,29.39,29.39,200,2021-07-07 14:19:00,KNBE
29.3636,29.39,29.34,29.39,1200,2021-07-07 14:20:00,KNBE
29.395,29.42,29.27,29.27,1100,2021-07-07 14:21:00,KNBE
29.2,29.2,29.175,29.175,2166,2021-07-07 14:22:00,KNBE
29.18,29.32,29.1783,29.32,900,2021-07-07 14:24:00,KNBE
29.32,29.32,28.9,28.9,2000,2021-07-07 14:25:00,KNBE
28.94,29.1899,28.94,29.1899,500,2021-07-07 14:26:00,KNBE
29.01,29.1499,29.0,29.1499,900,2021-07-07 14:27:00,KNBE
29.065,29.065,29.065,29.065,100,2021-07-07 14:29:00,KNBE
29.065,29.065,28.58,28.749,4820,2021-07-07 14:30:00,KNBE
28.63,28.88,28.6101,28.7522,1400,2021-07-07 14:31:00,KNBE
28.9,28.93,28.895,28.93,601,2021-07-07 14:33:00,KNBE
29.055,29.18,29.055,29.1,300,2021-07-07 14:34:00,KNBE
28.995,29.38,28.995,29.38,2700,2021-07-07 14:35:00,KNBE
29.37,29.37,29.2,29.2,200,2021-07-07 14:36:00,KNBE
29.3,29.5,29.24,29.5,800,2021-07-07 14:37:00,KNBE
29.45,29.65,29.45,29.6,1200,2021-07-07 14:38:00,KNBE
29.5,29.59,29.38,29.38,1900,2021-07-07 14:39:00,KNBE
29.28,29.28,29.28,29.28,100,2021-07-07 14:40:00,KNBE
29.18,29.36,29.06,29.35,1500,2021-07-07 14:41:00,KNBE
29.19,29.36,29.19,29.36,400,2021-07-07 14:42:00,KNBE
29.38,29.61,29.38,29.61,300,2021-07-07 14:43:00,KNBE
29.57,29.65,29.41,29.6,4344,2021-07-07 14:45:00,KNBE
29.45,29.45,29.45,29.45,100,2021-07-07 14:46:00,KNBE
29.53,29.65,29.53,29.65,1400,2021-07-07 14:47:00,KNBE
29.65,29.84,29.64,29.65,4900,2021-07-07 14:48:00,KNBE
29.81,29.81,29.72,29.72,300,2021-07-07 14:49:00,KNBE
29.66,29.67,29.6,29.6,3434,2021-07-07 14:50:00,KNBE
29.65,29.66,29.65,29.66,700,2021-07-07 14:53:00,KNBE
29.66,29.66,29.58,29.58,400,2021-07-07 14:54:00,KNBE
29.55,29.645,29.55,29.645,1100,2021-07-07 14:56:00,KNBE
29.645,29.645,29.55,29.55,200,2021-07-07 14:57:00,KNBE
29.66,29.66,29.66,29.66,100,2021-07-07 14:58:00,KNBE
29.655,29.655,29.655,29.655,200,2021-07-07 14:59:00,KNBE
29.66,29.66,29.58,29.58,500,2021-07-07 15:00:00,KNBE
29.54,29.59,29.5,29.5,900,2021-07-07 15:01:00,KNBE
29.55,29.75,29.55,29.75,830,2021-07-07 15:02:00,KNBE
29.68,29.68,29.61,29.61,700,2021-07-07 15:04:00,KNBE
29.6,29.64,29.6,29.64,500,2021-07-07 15:05:00,KNBE
29.65,29.65,29.64,29.64,500,2021-07-07 15:06:00,KNBE
29.65,29.79,29.65,29.79,644,2021-07-07 15:07:00,KNBE
29.85,29.85,29.78,29.78,1800,2021-07-07 15:08:00,KNBE
29.73,29.73,29.685,29.685,400,2021-07-07 15:09:00,KNBE
29.71,29.85,29.71,29.85,800,2021-07-07 15:10:00,KNBE
29.93,29.93,29.925,29.925,200,2021-07-07 15:11:00,KNBE
29.87,29.88,29.72,29.8,2000,2021-07-07 15:12:00,KNBE
29.82,29.85,29.82,29.85,700,2021-07-07 15:13:00,KNBE
29.85,30.23,29.85,30.205,1900,2021-07-07 15:14:00,KNBE
30.14,30.24,30.14,30.24,400,2021-07-07 15:15:00,KNBE
30.2899,30.2899,30.1,30.13,3800,2021-07-07 15:16:00,KNBE
30.14,30.19,30.1,30.11,700,2021-07-07 15:17:00,KNBE
30.155,30.2,30.15,30.2,300,2021-07-07 15:18:00,KNBE
30.355,30.36,30.355,30.36,300,2021-07-07 15:19:00,KNBE
30.36,30.36,30.36,30.36,400,2021-07-07 15:20:00,KNBE
30.28,30.28,30.2,30.2,1300,2021-07-07 15:21:00,KNBE
30.095,30.31,30.0001,30.31,2207,2021-07-07 15:22:00,KNBE
30.31,30.395,30.3023,30.3023,1300,2021-07-07 15:23:00,KNBE
30.28,30.35,30.235,30.35,700,2021-07-07 15:24:00,KNBE
30.35,30.38,30.34,30.34,500,2021-07-07 15:25:00,KNBE
30.25,30.34,30.25,30.34,500,2021-07-07 15:26:00,KNBE
30.35,30.36,30.35,30.36,200,2021-07-07 15:27:00,KNBE
30.36,30.57,30.31,30.57,1700,2021-07-07 15:28:00,KNBE
30.55,30.55,30.27,30.5089,4500,2021-07-07 15:29:00,KNBE
30.47,30.475,30.45,30.45,300,2021-07-07 15:30:00,KNBE
30.4,30.4,30.305,30.305,757,2021-07-07 15:31:00,KNBE
30.35,30.4,30.35,30.4,904,2021-07-07 15:32:00,KNBE
30.52,30.52,30.35,30.35,600,2021-07-07 15:33:00,KNBE
30.35,30.39,30.35,30.39,464,2021-07-07 15:34:00,KNBE
30.4,30.57,30.39,30.57,700,2021-07-07 15:35:00,KNBE
30.51,30.51,30.51,30.51,200,2021-07-07 15:36:00,KNBE
30.7,30.739,30.64,30.6496,1130,2021-07-07 15:37:00,KNBE
30.66,30.7,30.66,30.7,300,2021-07-07 15:38:00,KNBE
30.7,30.88,30.7,30.88,600,2021-07-07 15:39:00,KNBE
30.95,31.0599,30.95,31.04,600,2021-07-07 15:40:00,KNBE
31.11,31.3299,31.0842,31.0842,2662,2021-07-07 15:41:00,KNBE
31.0498,31.26,30.845,30.9509,3670,2021-07-07 15:42:00,KNBE
30.899,31.085,30.899,30.925,1750,2021-07-07 15:43:00,KNBE
30.925,31.16,30.925,31.16,3903,2021-07-07 15:44:00,KNBE
31.13,31.3396,31.12,31.26,2100,2021-07-07 15:45:00,KNBE
31.23,31.2699,31.145,31.2699,3835,2021-07-07 15:46:00,KNBE
31.25,31.25,31.0501,31.0624,8935,2021-07-07 15:47:00,KNBE
31.2,31.2,31.14,31.14,335,2021-07-07 15:48:00,KNBE
31.125,31.18,31.115,31.18,1700,2021-07-07 15:49:00,KNBE
31.25,31.4788,31.25,31.35,1950,2021-07-07 15:50:00,KNBE
31.355,31.38,31.355,31.38,200,2021-07-07 15:51:00,KNBE
31.3,31.35,31.2401,31.2401,800,2021-07-07 15:52:00,KNBE
31.29,31.4299,31.29,31.4299,1100,2021-07-07 15:53:00,KNBE
31.365,31.48,31.346,31.48,1100,2021-07-07 15:54:00,KNBE
31.4017,31.615,31.4017,31.615,700,2021-07-07 15:55:00,KNBE
31.69,31.7699,31.64,31.665,2450,2021-07-07 15:56:00,KNBE
31.66,31.75,31.63,31.75,1586,2021-07-07 15:57:00,KNBE
31.8,31.95,31.79,31.95,1048,2021-07-07 15:58:00,KNBE
31.815,31.99,31.8139,31.99,1306,2021-07-07 15:59:00,KNBE
32.0,32.47,31.985,32.39,11627,2021-07-07 16:00:00,KNBE
32.4,32.4,32.18,32.22,14176,2021-07-07 16:01:00,KNBE
32.31,32.45,32.1101,32.34,8115,2021-07-07 16:02:00,KNBE
32.445,32.492,32.3,32.325,2805,2021-07-07 16:03:00,KNBE
32.3,32.445,32.3,32.42,2684,2021-07-07 16:04:00,KNBE
32.595,32.72,32.5637,32.5637,3940,2021-07-07 16:05:00,KNBE
32.51,32.5699,32.2295,32.335,5195,2021-07-07 16:06:00,KNBE
32.3,32.35,32.2,32.35,2502,2021-07-07 16:07:00,KNBE
32.3738,32.375,32.3173,32.36,870,2021-07-07 16:08:00,KNBE
32.445,32.7499,32.445,32.6197,2500,2021-07-07 16:09:00,KNBE
32.69,32.69,32.64,32.69,1813,2021-07-07 16:10:00,KNBE
32.75,32.995,32.75,32.99,2629,2021-07-07 16:11:00,KNBE
33.0899,33.0899,32.7,32.7,1709,2021-07-07 16:12:00,KNBE
32.7,32.7,32.4,32.4,2100,2021-07-07 16:13:00,KNBE
32.275,32.275,32.16,32.1672,1450,2021-07-07 16:14:00,KNBE
32.2,32.375,32.2,32.375,1950,2021-07-07 16:15:00,KNBE
32.45,32.58,32.4,32.4,3209,2021-07-07 16:16:00,KNBE
32.3,32.3,32.04,32.04,4500,2021-07-07 16:17:00,KNBE
32.03,32.0495,31.72,31.72,2712,2021-07-07 16:18:00,KNBE
31.7934,31.91,31.71,31.86,1820,2021-07-07 16:19:00,KNBE
31.97,31.97,31.91,31.91,200,2021-07-07 16:20:00,KNBE
31.89,31.89,31.79,31.7995,650,2021-07-07 16:21:00,KNBE
31.81,31.81,31.81,31.81,200,2021-07-07 16:22:00,KNBE
31.825,31.8298,31.7,31.7,1092,2021-07-07 16:23:00,KNBE
31.7,31.76,31.45,31.49,3000,2021-07-07 16:24:00,KNBE
31.461,31.66,31.461,31.66,312,2021-07-07 16:25:00,KNBE
31.6078,31.75,31.6078,31.74,970,2021-07-07 16:26:00,KNBE
31.9238,32.0299,31.92,31.92,1940,2021-07-07 16:27:00,KNBE
31.8418,32.19,31.8418,32.1154,3902,2021-07-07 16:28:00,KNBE
32.095,32.2,32.095,32.2,600,2021-07-07 16:29:00,KNBE
32.23,32.23,32.23,32.23,100,2021-07-07 16:30:00,KNBE
32.2654,32.3681,32.2654,32.335,1000,2021-07-07 16:31:00,KNBE
32.3453,32.64,32.3453,32.6,4861,2021-07-07 16:32:00,KNBE
32.5922,32.909,32.5301,32.909,5899,2021-07-07 16:33:00,KNBE
32.8466,32.8466,32.7,32.7999,3142,2021-07-07 16:34:00,KNBE
32.62,32.62,32.55,32.55,391,2021-07-07 16:35:00,KNBE
32.58,32.5835,32.5006,32.5006,1650,2021-07-07 16:36:00,KNBE
32.5,32.5,32.38,32.38,1034,2021-07-07 16:37:00,KNBE
32.25,32.39,32.25,32.39,300,2021-07-07 16:38:00,KNBE
32.25,32.25,32.25,32.25,100,2021-07-07 16:39:00,KNBE
32.53,32.53,32.53,32.53,500,2021-07-07 16:40:00,KNBE
32.52,32.8201,32.52,32.8201,816,2021-07-07 16:41:00,KNBE
32.76,32.76,32.74,32.74,221,2021-07-07 16:42:00,KNBE
32.845,32.85,32.832,32.85,1200,2021-07-07 16:43:00,KNBE
32.8999,33.2697,32.8999,33.22,1450,2021-07-07 16:44:00,KNBE
33.21,33.6259,33.21,33.6259,1975,2021-07-07 16:45:00,KNBE
33.6399,33.6399,33.5,33.5,2545,2021-07-07 16:46:00,KNBE
33.41,33.5,33.35,33.37,2756,2021-07-07 16:47:00,KNBE
33.5,33.5,33.33,33.46,1831,2021-07-07 16:48:00,KNBE
33.46,33.46,33.33,33.4352,500,2021-07-07 16:49:00,KNBE
33.38,33.43,33.38,33.43,925,2021-07-07 16:50:00,KNBE
33.603,33.603,33.475,33.545,2200,2021-07-07 16:51:00,KNBE
33.555,33.555,32.97,33.0,10217,2021-07-07 16:52:00,KNBE
32.881,33.015,32.57,32.57,4255,2021-07-07 16:53:00,KNBE
32.6,32.61,32.6,32.6,490,2021-07-07 16:54:00,KNBE
32.6,32.7483,32.43,32.515,4704,2021-07-07 16:55:00,KNBE
32.59,32.7873,32.58,32.7873,1305,2021-07-07 16:56:00,KNBE
32.7499,33.0,32.7297,32.9032,12412,2021-07-07 16:57:00,KNBE
33.027,33.04,32.975,32.975,1104,2021-07-07 16:58:00,KNBE
32.6901,32.79,32.6901,32.79,2431,2021-07-07 16:59:00,KNBE
32.745,32.745,32.745,32.745,100,2021-07-07 17:00:00,KNBE
32.89,32.89,32.5,32.72,13811,2021-07-07 17:01:00,KNBE
32.53,32.54,32.43,32.43,2152,2021-07-07 17:02:00,KNBE
32.3808,32.44,32.165,32.165,3735,2021-07-07 17:03:00,KNBE
32.07,32.195,32.07,32.13,300,2021-07-07 17:04:00,KNBE
32.27,32.28,32.1,32.1,1200,2021-07-07 17:05:00,KNBE
32.04,32.13,31.74,32.0893,8788,2021-07-07 17:06:00,KNBE
31.99,32.365,31.99,32.07,1984,2021-07-07 17:08:00,KNBE
32.25,32.44,32.25,32.44,400,2021-07-07 17:09:00,KNBE
32.345,32.385,32.345,32.36,500,2021-07-07 17:10:00,KNBE
32.36,32.545,32.36,32.44,1700,2021-07-07 17:11:00,KNBE
32.55,32.55,32.44,32.55,400,2021-07-07 17:12:00,KNBE
32.46,32.505,32.4,32.505,800,2021-07-07 17:13:00,KNBE
32.46,32.4694,32.46,32.46,700,2021-07-07 17:14:00,KNBE
32.49,32.49,32.22,32.3055,1400,2021-07-07 17:15:00,KNBE
32.25,32.36,32.25,32.36,373,2021-07-07 17:16:00,KNBE
32.55,32.55,32.55,32.55,1300,2021-07-07 17:17:00,KNBE
32.595,32.595,32.55,32.55,300,2021-07-07 17:18:00,KNBE
32.555,32.555,32.46,32.46,3523,2021-07-07 17:19:00,KNBE
32.49,32.8987,32.49,32.8987,4000,2021-07-07 17:20:00,KNBE
32.6001,32.685,32.6001,32.685,400,2021-07-07 17:21:00,KNBE
32.78,32.78,32.78,32.78,110,2021-07-07 17:22:00,KNBE
32.78,32.78,32.68,32.68,200,2021-07-07 17:23:00,KNBE
32.65,32.65,32.26,32.26,1000,2021-07-07 17:24:00,KNBE
32.26,32.399,32.26,32.399,1070,2021-07-07 17:25:00,KNBE
32.275,32.45,31.9,31.9,3560,2021-07-07 17:26:00,KNBE
31.93,32.0299,31.85,31.851,3281,2021-07-07 17:27:00,KNBE
31.99,32.07,31.988,32.07,1000,2021-07-07 17:28:00,KNBE
32.2334,32.2334,32.145,32.145,200,2021-07-07 17:29:00,KNBE
32.27,32.27,32.27,32.27,100,2021-07-07 17:30:00,KNBE
32.16,32.285,32.16,32.285,200,2021-07-07 17:31:00,KNBE
32.2201,32.405,32.2201,32.405,300,2021-07-07 17:32:00,KNBE
32.231,32.28,32.2,32.28,695,2021-07-07 17:33:00,KNBE
32.26,32.26,32.19,32.19,500,2021-07-07 17:34:00,KNBE
32.11,32.11,32.04,32.04,600,2021-07-07 17:35:00,KNBE
32.09,32.2101,32.09,32.2101,1186,2021-07-07 17:36:00,KNBE
32.21,32.21,32.0461,32.1337,600,2021-07-07 17:37:00,KNBE
32.12,32.12,32.12,32.12,100,2021-07-07 17:39:00,KNBE
32.12,32.1383,32.12,32.12,1573,2021-07-07 17:40:00,KNBE
32.02,32.022,32.02,32.022,300,2021-07-07 17:42:00,KNBE
31.895,31.9,31.79,31.9,300,2021-07-07 17:43:00,KNBE
31.9,31.9,31.8812,31.8812,600,2021-07-07 17:44:00,KNBE
31.83,31.8375,31.83,31.8375,200,2021-07-07 17:45:00,KNBE
31.905,31.905,31.905,31.905,200,2021-07-07 17:46:00,KNBE
31.83,31.8811,31.81,31.81,1100,2021-07-07 17:47:00,KNBE
31.88,31.88,31.81,31.81,300,2021-07-07 17:48:00,KNBE
31.83,31.97,31.83,31.94,1600,2021-07-07 17:49:00,KNBE
31.9,31.9,31.9,31.9,1730,2021-07-07 17:50:00,KNBE
31.9,31.9,31.8365,31.8365,268,2021-07-07 17:51:00,KNBE
31.86,31.86,31.86,31.86,100,2021-07-07 17:52:00,KNBE
31.89,31.89,31.88,31.88,200,2021-07-07 17:53:00,KNBE
31.875,31.875,31.82,31.82,2543,2021-07-07 17:54:00,KNBE
31.84,31.93,31.84,31.915,500,2021-07-07 17:55:00,KNBE
31.88,31.93,31.85,31.93,1500,2021-07-07 17:56:00,KNBE
31.96,32.21,31.96,32.1501,900,2021-07-07 17:57:00,KNBE
32.205,32.37,32.16,32.365,1850,2021-07-07 17:58:00,KNBE
32.3882,32.48,32.37,32.48,1754,2021-07-07 17:59:00,KNBE
32.39,32.39,32.39,32.39,200,2021-07-07 18:00:00,KNBE
32.39,32.475,32.28,32.475,1300,2021-07-07 18:01:00,KNBE
32.33,32.4,32.32,32.32,700,2021-07-07 18:02:00,KNBE
32.32,32.32,32.04,32.06,2700,2021-07-07 18:03:00,KNBE
31.98,32.0,31.97,32.0,400,2021-07-07 18:04:00,KNBE
32.05,32.2962,32.05,32.2962,450,2021-07-07 18:05:00,KNBE
32.19,32.29,32.19,32.29,800,2021-07-07 18:06:00,KNBE
32.32,32.32,32.25,32.2525,546,2021-07-07 18:07:00,KNBE
32.23,32.23,31.91,31.985,3800,2021-07-07 18:08:00,KNBE
31.951,31.951,31.951,31.951,150,2021-07-07 18:09:00,KNBE
31.99,32.22,31.95,32.22,3215,2021-07-07 18:10:00,KNBE
32.03,32.309,32.0,32.0,1154,2021-07-07 18:11:00,KNBE
32.24,32.24,32.24,32.24,100,2021-07-07 18:12:00,KNBE
32.122,32.122,32.122,32.122,200,2021-07-07 18:13:00,KNBE
32.095,32.095,31.99,32.075,500,2021-07-07 18:14:00,KNBE
32.075,32.075,32.065,32.065,300,2021-07-07 18:15:00,KNBE
31.98,31.98,31.86,31.86,1910,2021-07-07 18:16:00,KNBE
31.85,31.91,31.74,31.91,1700,2021-07-07 18:17:00,KNBE
32.11,32.11,32.11,32.11,100,2021-07-07 18:18:00,KNBE
32.0,32.0,32.0,32.0,400,2021-07-07 18:19:00,KNBE
31.99,31.99,31.93,31.93,400,2021-07-07 18:21:00,KNBE
31.99,32.09,31.98,32.01,2419,2021-07-07 18:22:00,KNBE
32.025,32.025,32.025,32.025,100,2021-07-07 18:23:00,KNBE
32.025,32.025,31.98,31.98,500,2021-07-07 18:24:00,KNBE
31.96,31.96,31.91,31.91,700,2021-07-07 18:25:00,KNBE
31.89,31.915,31.89,31.915,800,2021-07-07 18:26:00,KNBE
31.94,31.95,31.9,31.94,1200,2021-07-07 18:27:00,KNBE
32.045,32.115,32.045,32.052,421,2021-07-07 18:28:00,KNBE
32.02,32.16,32.01,32.06,2100,2021-07-07 18:29:00,KNBE
32.29,32.41,32.15,32.41,4904,2021-07-07 18:30:00,KNBE
32.35,32.485,32.35,32.485,1200,2021-07-07 18:31:00,KNBE
32.55,32.55,32.47,32.47,1090,2021-07-07 18:32:00,KNBE
32.51,32.74,32.42,32.74,9900,2021-07-07 18:33:00,KNBE
32.74,32.97,32.735,32.79,4340,2021-07-07 18:34:00,KNBE
32.79,32.79,32.57,32.66,5300,2021-07-07 18:35:00,KNBE
32.69,32.795,32.6,32.6,3412,2021-07-07 18:36:00,KNBE
32.7,32.71,32.7,32.71,705,2021-07-07 18:37:00,KNBE
32.715,32.77,32.675,32.675,2600,2021-07-07 18:38:00,KNBE
32.61,32.7,32.61,32.685,1800,2021-07-07 18:39:00,KNBE
32.7,32.72,32.655,32.7,2000,2021-07-07 18:40:00,KNBE
32.65,32.67,32.41,32.57,7468,2021-07-07 18:41:00,KNBE
32.44,32.57,32.32,32.41,8904,2021-07-07 18:42:00,KNBE
32.33,32.39,32.28,32.28,1487,2021-07-07 18:43:00,KNBE
32.34,32.34,32.34,32.34,100,2021-07-07 18:44:00,KNBE
32.23,32.23,32.05,32.06,1100,2021-07-07 18:45:00,KNBE
32.02,32.1,32.01,32.02,400,2021-07-07 18:46:00,KNBE
32.11,32.2599,32.08,32.185,4300,2021-07-07 18:47:00,KNBE
32.22,32.445,32.18,32.25,2382,2021-07-07 18:48:00,KNBE
32.307,32.45,32.23,32.31,3500,2021-07-07 18:49:00,KNBE
32.3,32.3,32.11,32.165,2541,2021-07-07 18:50:00,KNBE
32.23,32.33,32.19,32.23,4924,2021-07-07 18:51:00,KNBE
32.19,32.235,31.955,32.0,3195,2021-07-07 18:52:00,KNBE
32.04,32.0994,32.025,32.0994,600,2021-07-07 18:53:00,KNBE
32.15,32.15,32.15,32.15,400,2021-07-07 18:54:00,KNBE
32.3,32.4399,32.18,32.18,2498,2021-07-07 18:55:00,KNBE
32.27,32.43,32.27,32.42,1850,2021-07-07 18:57:00,KNBE
32.41,32.46,32.26,32.26,3453,2021-07-07 18:58:00,KNBE
32.27,32.27,32.17,32.21,800,2021-07-07 18:59:00,KNBE
32.17,32.17,32.16,32.16,200,2021-07-07 19:00:00,KNBE
32.205,32.31,32.205,32.29,825,2021-07-07 19:01:00,KNBE
32.3919,32.42,32.3674,32.42,680,2021-07-07 19:02:00,KNBE
32.43,32.43,32.4,32.4,500,2021-07-07 19:03:00,KNBE
32.42,32.45,32.42,32.45,400,2021-07-07 19:04:00,KNBE
32.45,32.51,32.45,32.51,300,2021-07-07 19:05:00,KNBE
32.5,32.52,32.45,32.47,600,2021-07-07 19:06:00,KNBE
32.56,32.5762,32.49,32.53,1488,2021-07-07 19:07:00,KNBE
32.515,32.515,32.5,32.5,300,2021-07-07 19:08:00,KNBE
32.51,32.51,32.35,32.35,4242,2021-07-07 19:09:00,KNBE
32.36,32.38,32.255,32.29,1000,2021-07-07 19:10:00,KNBE
32.2,32.28,32.17,32.18,1249,2021-07-07 19:11:00,KNBE
32.17,32.19,32.1,32.1,1900,2021-07-07 19:12:00,KNBE
32.08,32.24,32.08,32.175,3727,2021-07-07 19:13:00,KNBE
32.25,32.35,32.25,32.33,410,2021-07-07 19:14:00,KNBE
32.355,32.355,32.355,32.355,500,2021-07-07 19:15:00,KNBE
32.37,32.42,32.29,32.31,1679,2021-07-07 19:16:00,KNBE
32.28,32.28,32.18,32.18,1983,2021-07-07 19:17:00,KNBE
32.145,32.145,32.1,32.1,355,2021-07-07 19:18:00,KNBE
31.9423,32.03,31.91,32.03,1091,2021-07-07 19:19:00,KNBE
32.01,32.22,32.01,32.13,3069,2021-07-07 19:20:00,KNBE
32.16,32.16,32.08,32.08,1000,2021-07-07 19:21:00,KNBE
32.115,32.135,32.115,32.135,300,2021-07-07 19:23:00,KNBE
32.135,32.24,32.135,32.24,2500,2021-07-07 19:25:00,KNBE
32.215,32.355,32.215,32.355,1000,2021-07-07 19:26:00,KNBE
32.36,32.42,32.25,32.25,2200,2021-07-07 19:27:00,KNBE
32.25,32.459,32.165,32.459,1329,2021-07-07 19:28:00,KNBE
32.384,32.448,32.355,32.44,900,2021-07-07 19:29:00,KNBE
32.395,32.55,32.39,32.39,3046,2021-07-07 19:30:00,KNBE
32.35,32.35,32.14,32.205,500,2021-07-07 19:31:00,KNBE
32.21,32.27,32.13,32.27,1820,2021-07-07 19:32:00,KNBE
32.39,32.46,32.385,32.385,300,2021-07-07 19:33:00,KNBE
32.415,32.415,32.29,32.34,5770,2021-07-07 19:34:00,KNBE
32.41,32.41,32.26,32.26,535,2021-07-07 19:35:00,KNBE
32.28,32.45,32.23,32.45,1760,2021-07-07 19:36:00,KNBE
32.445,32.445,32.445,32.445,200,2021-07-07 19:37:00,KNBE
32.38,32.38,32.36,32.36,600,2021-07-07 19:38:00,KNBE
32.35,32.45,32.345,32.45,2199,2021-07-07 19:39:00,KNBE
32.485,32.485,32.39,32.39,1300,2021-07-07 19:40:00,KNBE
32.35,32.38,32.32,32.3795,2246,2021-07-07 19:41:00,KNBE
32.38,32.48,32.38,32.48,2300,2021-07-07 19:42:00,KNBE
32.4,32.45,32.4,32.42,968,2021-07-07 19:43:00,KNBE
32.455,32.455,32.455,32.455,600,2021-07-07 19:44:00,KNBE
32.42,32.42,32.34,32.35,2125,2021-07-07 19:45:00,KNBE
32.37,32.435,32.37,32.435,4739,2021-07-07 19:46:00,KNBE
32.435,32.435,32.345,32.345,1220,2021-07-07 19:47:00,KNBE
32.37,32.485,32.3114,32.42,2777,2021-07-07 19:48:00,KNBE
32.485,32.485,32.39,32.4099,1600,2021-07-07 19:49:00,KNBE
32.35,32.475,32.35,32.43,2711,2021-07-07 19:50:00,KNBE
32.43,32.43,32.35,32.41,1769,2021-07-07 19:51:00,KNBE
32.38,32.4,32.29,32.29,3959,2021-07-07 19:52:00,KNBE
32.2878,32.2878,32.17,32.25,700,2021-07-07 19:53:00,KNBE
32.2001,32.24,32.2,32.2,4013,2021-07-07 19:54:00,KNBE
32.23,32.23,32.02,32.02,6724,2021-07-07 19:55:00,KNBE
31.98,32.074,31.98,32.07,2256,2021-07-07 19:56:00,KNBE
32.055,32.07,31.98,32.02,4697,2021-07-07 19:57:00,KNBE
32.04,32.05,31.93,32.01,8972,2021-07-07 19:58:00,KNBE
31.95,32.28,31.95,32.28,4728,2021-07-07 19:59:00,KNBE
32.28,32.28,32.28,32.28,9883,2021-07-07 20:00:00,KNBE
30.581,30.581,30.07,30.07,1911,2021-07-08 12:43:00,KNBE
30.15,30.15,30.07,30.07,960,2021-07-08 12:47:00,KNBE
30.07,30.07,30.07,30.07,100,2021-07-08 12:55:00,KNBE
30.5,30.5,30.5,30.5,100,2021-07-08 13:15:00,KNBE
31.0,31.31,30.21,30.52,34147,2021-07-08 13:30:00,KNBE
30.3901,30.8799,30.3901,30.8799,5692,2021-07-08 13:31:00,KNBE
30.7678,30.8199,30.7678,30.8199,300,2021-07-08 13:32:00,KNBE
30.5195,30.7,30.5101,30.6,1721,2021-07-08 13:33:00,KNBE
30.659,30.7185,30.659,30.7185,792,2021-07-08 13:34:00,KNBE
30.88,31.0899,30.6403,30.845,519,2021-07-08 13:35:00,KNBE
31.16,31.16,30.7211,30.7211,562,2021-07-08 13:36:00,KNBE
30.79,30.9822,30.75,30.85,513,2021-07-08 13:37:00,KNBE
30.8952,30.8952,30.87,30.87,264,2021-07-08 13:38:00,KNBE
30.74,30.74,30.3,30.3,2381,2021-07-08 13:39:00,KNBE
30.2724,30.2724,30.061,30.0752,1907,2021-07-08 13:40:00,KNBE
30.12,30.12,29.72,29.72,9156,2021-07-08 13:41:00,KNBE
29.7,29.9,29.4,29.44,14124,2021-07-08 13:42:00,KNBE
29.38,29.7353,29.38,29.7298,2105,2021-07-08 13:43:00,KNBE
29.4868,29.94,29.43,29.94,7700,2021-07-08 13:44:00,KNBE
29.94,29.94,29.675,29.935,1200,2021-07-08 13:45:00,KNBE
29.48,30.04,29.48,29.96,1075,2021-07-08 13:46:00,KNBE
30.04,30.17,29.795,30.165,1050,2021-07-08 13:47:00,KNBE
30.165,30.165,29.9638,30.01,2575,2021-07-08 13:48:00,KNBE
30.005,30.005,29.75,29.75,1000,2021-07-08 13:49:00,KNBE
29.75,29.91,29.75,29.85,1100,2021-07-08 13:50:00,KNBE
29.7168,29.96,29.7168,29.95,1175,2021-07-08 13:51:00,KNBE
30.075,30.23,29.965,30.23,1200,2021-07-08 13:52:00,KNBE
30.41,30.41,30.39,30.4,700,2021-07-08 13:53:00,KNBE
30.5,30.83,30.4431,30.75,9342,2021-07-08 13:54:00,KNBE
30.4765,30.72,30.45,30.625,4880,2021-07-08 13:55:00,KNBE
30.67,30.67,30.625,30.625,200,2021-07-08 13:56:00,KNBE
30.735,30.77,30.53,30.53,3300,2021-07-08 13:57:00,KNBE
30.2995,30.2995,30.29,30.29,600,2021-07-08 13:58:00,KNBE
30.18,30.76,30.18,30.76,1176,2021-07-08 13:59:00,KNBE
30.675,30.675,30.46,30.55,500,2021-07-08 14:00:00,KNBE
30.56,30.58,30.5,30.5,700,2021-07-08 14:01:00,KNBE
30.4501,30.4501,30.2501,30.3507,1300,2021-07-08 14:02:00,KNBE
30.449,30.45,30.315,30.315,400,2021-07-08 14:03:00,KNBE
30.4,30.56,30.4,30.56,500,2021-07-08 14:04:00,KNBE
30.55,30.55,30.55,30.55,167,2021-07-08 14:05:00,KNBE
30.61,30.65,30.6,30.6,595,2021-07-08 14:06:00,KNBE
30.4,30.4,30.4,30.4,400,2021-07-08 14:07:00,KNBE
30.4,30.9099,30.29,30.9099,1300,2021-07-08 14:08:00,KNBE
30.8,30.8,30.8,30.8,650,2021-07-08 14:09:00,KNBE
30.49,30.7,30.49,30.7,1860,2021-07-08 14:10:00,KNBE
30.68,30.68,30.45,30.45,1850,2021-07-08 14:11:00,KNBE
30.45,30.45,30.45,30.45,100,2021-07-08 14:12:00,KNBE
30.35,30.35,30.35,30.35,492,2021-07-08 14:13:00,KNBE
30.3,30.3,30.07,30.17,1900,2021-07-08 14:14:00,KNBE
30.09,30.0995,30.09,30.0995,1100,2021-07-08 14:16:00,KNBE
30.18,30.3,30.17,30.29,1112,2021-07-08 14:17:00,KNBE
30.3,30.3,30.1001,30.15,2401,2021-07-08 14:18:00,KNBE
30.2,30.2,30.05,30.05,615,2021-07-08 14:19:00,KNBE
30.175,30.175,30.15,30.15,950,2021-07-08 14:20:00,KNBE
30.14,30.15,29.74,29.9,2343,2021-07-08 14:21:00,KNBE
30.06,30.06,30.015,30.015,225,2021-07-08 14:22:00,KNBE
29.9,29.9,29.5946,29.5946,2298,2021-07-08 14:24:00,KNBE
29.685,29.855,29.64,29.75,654,2021-07-08 14:25:00,KNBE
29.8,29.95,29.8,29.95,2109,2021-07-08 14:26:00,KNBE
29.9664,29.989,29.81,29.81,965,2021-07-08 14:27:00,KNBE
29.95,30.18,29.95,30.18,500,2021-07-08 14:28:00,KNBE
30.18,30.18,30.18,30.18,200,2021-07-08 14:29:00,KNBE
30.21,30.21,30.07,30.07,400,2021-07-08 14:30:00,KNBE
30.05,30.05,30.04,30.04,400,2021-07-08 14:31:00,KNBE
29.9,29.9,29.8,29.83,925,2021-07-08 14:32:00,KNBE
29.81,29.81,29.8,29.805,500,2021-07-08 14:33:00,KNBE
29.8,29.8,29.8,29.8,300,2021-07-08 14:34:00,KNBE
30.0,30.0,30.0,30.0,200,2021-07-08 14:36:00,KNBE
29.85,29.85,29.75,29.75,1059,2021-07-08 14:37:00,KNBE
29.75,29.75,29.64,29.65,900,2021-07-08 14:38:00,KNBE
29.57,29.7501,29.57,29.7501,1400,2021-07-08 14:39:00,KNBE
29.75,29.79,29.75,29.75,400,2021-07-08 14:40:00,KNBE
29.6368,29.6368,29.6368,29.6368,750,2021-07-08 14:41:00,KNBE
29.48,29.48,29.48,29.48,1760,2021-07-08 14:42:00,KNBE
29.699,29.7,29.699,29.7,244,2021-07-08 14:43:00,KNBE
29.7,29.7,29.7,29.7,100,2021-07-08 14:44:00,KNBE
29.75,29.75,29.745,29.7498,600,2021-07-08 14:45:00,KNBE
29.65,29.87,29.65,29.87,1200,2021-07-08 14:46:00,KNBE
29.8,29.8,29.725,29.749,600,2021-07-08 14:48:00,KNBE
29.7095,29.75,29.7,29.75,814,2021-07-08 14:49:00,KNBE
29.79,29.79,29.6,29.6,1600,2021-07-08 14:50:00,KNBE
29.55,29.55,29.55,29.55,100,2021-07-08 14:52:00,KNBE
29.56,29.645,29.4923,29.4923,3300,2021-07-08 14:53:00,KNBE
29.47,29.52,29.42,29.52,306,2021-07-08 14:54:00,KNBE
29.42,29.42,29.29,29.4,2033,2021-07-08 14:56:00,KNBE
29.44,29.44,29.34,29.42,315,2021-07-08 14:57:00,KNBE
29.4425,29.4425,29.3725,29.3725,260,2021-07-08 14:58:00,KNBE
29.405,29.5,29.405,29.5,599,2021-07-08 14:59:00,KNBE
29.55,29.6331,29.5,29.54,1300,2021-07-08 15:00:00,KNBE
29.42,29.42,29.162,29.162,1000,2021-07-08 15:01:00,KNBE
29.09,29.27,29.09,29.26,1616,2021-07-08 15:02:00,KNBE
29.41,29.41,29.34,29.34,800,2021-07-08 15:03:00,KNBE
29.21,29.3783,29.16,29.2,1200,2021-07-08 15:04:00,KNBE
29.3499,29.3499,29.3499,29.3499,3000,2021-07-08 15:05:00,KNBE
29.13,29.25,29.13,29.24,1078,2021-07-08 15:06:00,KNBE
29.4,29.4,29.3,29.3,1100,2021-07-08 15:07:00,KNBE
29.3,29.4,29.3,29.4,1000,2021-07-08 15:08:00,KNBE
29.42,29.51,29.401,29.51,300,2021-07-08 15:09:00,KNBE
29.6099,29.6099,29.4,29.4,800,2021-07-08 15:10:00,KNBE
29.2,29.2,29.2,29.2,100,2021-07-08 15:11:00,KNBE
29.16,29.5148,29.16,29.5148,1250,2021-07-08 15:12:00,KNBE
29.58,29.58,29.58,29.58,100,2021-07-08 15:15:00,KNBE
29.5685,29.5685,29.5685,29.5685,500,2021-07-08 15:18:00,KNBE
29.59,29.761,29.55,29.761,600,2021-07-08 15:20:00,KNBE
29.56,29.6,29.56,29.6,1100,2021-07-08 15:21:00,KNBE
29.56,29.56,29.34,29.34,400,2021-07-08 15:22:00,KNBE
29.5,29.5,29.3722,29.49,1192,2021-07-08 15:26:00,KNBE
29.475,29.475,29.475,29.475,100,2021-07-08 15:28:00,KNBE
29.58,29.59,29.54,29.59,1600,2021-07-08 15:29:00,KNBE
29.68,29.68,29.645,29.645,422,2021-07-08 15:30:00,KNBE
29.645,29.645,29.645,29.645,122,2021-07-08 15:31:00,KNBE
29.64,29.64,29.64,29.64,200,2021-07-08 15:32:00,KNBE
29.66,29.9,29.66,29.9,2506,2021-07-08 15:33:00,KNBE
29.88,29.92,29.88,29.92,1548,2021-07-08 15:34:00,KNBE
29.98,30.01,29.825,29.9799,3435,2021-07-08 15:35:00,KNBE
29.86,29.875,29.86,29.875,300,2021-07-08 15:36:00,KNBE
29.91,30.03,29.91,30.03,400,2021-07-08 15:37:00,KNBE
30.065,30.065,30.0,30.0,500,2021-07-08 15:38:00,KNBE
30.02,30.249,30.02,30.1985,2000,2021-07-08 15:40:00,KNBE
30.2287,30.2287,30.2,30.22,650,2021-07-08 15:41:00,KNBE
30.27,30.4,30.2,30.2,1000,2021-07-08 15:42:00,KNBE
30.195,30.25,30.08,30.08,719,2021-07-08 15:43:00,KNBE
30.14,30.31,30.085,30.3005,600,2021-07-08 15:44:00,KNBE
30.25,30.25,30.055,30.095,400,2021-07-08 15:45:00,KNBE
30.03,30.03,30.0,30.0,1200,2021-07-08 15:46:00,KNBE
30.075,30.075,30.075,30.075,200,2021-07-08 15:47:00,KNBE
30.15,30.2,30.15,30.2,300,2021-07-08 15:48:00,KNBE
30.3,30.3,30.3,30.3,500,2021-07-08 15:49:00,KNBE
30.27,30.27,30.25,30.25,300,2021-07-08 15:50:00,KNBE
30.32,30.5,30.32,30.5,2271,2021-07-08 15:51:00,KNBE
30.5,30.51,30.48,30.49,1100,2021-07-08 15:52:00,KNBE
30.4675,30.71,30.4194,30.71,2865,2021-07-08 15:53:00,KNBE
30.71,30.805,30.67,30.67,2525,2021-07-08 15:54:00,KNBE
30.73,30.73,30.73,30.73,200,2021-07-08 15:55:00,KNBE
30.7,30.7,30.6,30.6,750,2021-07-08 15:57:00,KNBE
30.55,30.5975,30.55,30.5975,200,2021-07-08 15:59:00,KNBE
30.55,30.55,30.55,30.55,100,2021-07-08 16:00:00,KNBE
30.6,30.74,30.6,30.7,1500,2021-07-08 16:01:00,KNBE
30.64,30.73,30.64,30.73,200,2021-07-08 16:02:00,KNBE
30.75,30.76,30.74,30.76,500,2021-07-08 16:03:00,KNBE
30.745,30.745,30.6637,30.6637,700,2021-07-08 16:04:00,KNBE
30.79,30.79,30.64,30.64,900,2021-07-08 16:06:00,KNBE
30.69,30.69,30.69,30.69,400,2021-07-08 16:07:00,KNBE
30.675,30.675,30.675,30.675,100,2021-07-08 16:08:00,KNBE
30.69,30.69,30.69,30.69,100,2021-07-08 16:11:00,KNBE
30.52,30.588,30.45,30.46,2474,2021-07-08 16:15:00,KNBE
30.4553,30.4553,30.25,30.2506,2725,2021-07-08 16:16:00,KNBE
30.12,30.12,30.105,30.11,400,2021-07-08 16:17:00,KNBE
30.12,30.2,30.1,30.2,900,2021-07-08 16:18:00,KNBE
30.25,30.25,30.15,30.15,300,2021-07-08 16:19:00,KNBE
30.12,30.12,29.9506,30.02,867,2021-07-08 16:20:00,KNBE
29.9,29.945,29.9,29.9,600,2021-07-08 16:21:00,KNBE
29.9,30.0,29.9,30.0,600,2021-07-08 16:22:00,KNBE
30.0,30.28,30.0,30.28,2800,2021-07-08 16:23:00,KNBE
30.29,30.29,30.25,30.25,700,2021-07-08 16:24:00,KNBE
30.1,30.15,30.05,30.0827,1038,2021-07-08 16:26:00,KNBE
30.27,30.43,30.27,30.315,2634,2021-07-08 16:27:00,KNBE
30.35,30.35,30.35,30.35,400,2021-07-08 16:28:00,KNBE
30.245,30.35,30.245,30.35,398,2021-07-08 16:29:00,KNBE
30.3,30.39,30.3,30.39,300,2021-07-08 16:30:00,KNBE
30.34,30.34,30.34,30.34,100,2021-07-08 16:31:00,KNBE
30.45,30.45,30.45,30.45,200,2021-07-08 16:32:00,KNBE
30.3783,30.3783,30.3783,30.3783,1000,2021-07-08 16:34:00,KNBE
30.385,30.385,30.385,30.385,200,2021-07-08 16:38:00,KNBE
30.31,30.4895,30.31,30.4895,2532,2021-07-08 16:39:00,KNBE
30.44,30.5,30.42,30.499,2100,2021-07-08 16:40:00,KNBE
30.29,30.29,30.29,30.29,100,2021-07-08 16:42:00,KNBE
30.33,30.34,30.32,30.32,300,2021-07-08 16:49:00,KNBE
30.32,30.32,30.32,30.32,100,2021-07-08 16:50:00,KNBE
30.31,30.31,30.3,30.3,800,2021-07-08 16:52:00,KNBE
30.3,30.31,30.3,30.3,400,2021-07-08 16:57:00,KNBE
30.385,30.385,30.385,30.385,100,2021-07-08 16:58:00,KNBE
30.3,30.3,30.21,30.21,900,2021-07-08 16:59:00,KNBE
30.1,30.1095,30.02,30.02,800,2021-07-08 17:01:00,KNBE
30.031,30.1,30.02,30.1,300,2021-07-08 17:02:00,KNBE
30.1001,30.1001,30.1001,30.1001,100,2021-07-08 17:05:00,KNBE
30.11,30.11,30.11,30.11,100,2021-07-08 17:08:00,KNBE
30.15,30.1595,30.145,30.1498,400,2021-07-08 17:09:00,KNBE
30.13,30.21,30.1,30.2,1500,2021-07-08 17:10:00,KNBE
30.2,30.2,30.1,30.1,600,2021-07-08 17:11:00,KNBE
30.1,30.1,30.02,30.02,400,2021-07-08 17:12:00,KNBE
30.09,30.09,30.08,30.08,300,2021-07-08 17:15:00,KNBE
30.05,30.05,30.05,30.05,100,2021-07-08 17:16:00,KNBE
30.055,30.06,30.055,30.06,200,2021-07-08 17:17:00,KNBE
30.01,30.06,30.0,30.0,400,2021-07-08 17:18:00,KNBE
29.9,29.9217,29.8,29.8,1500,2021-07-08 17:19:00,KNBE
29.985,29.985,29.985,29.985,100,2021-07-08 17:20:00,KNBE
30.02,30.02,30.0,30.0,200,2021-07-08 17:21:00,KNBE
30.01,30.01,29.99,30.0,500,2021-07-08 17:22:00,KNBE
29.99,30.0,29.99,30.0,600,2021-07-08 17:23:00,KNBE
29.87,29.91,29.87,29.87,600,2021-07-08 17:25:00,KNBE
30.1373,30.1373,29.89,29.89,717,2021-07-08 17:26:00,KNBE
29.89,29.9265,29.87,29.87,1100,2021-07-08 17:27:00,KNBE
29.94,30.0,29.875,30.0,900,2021-07-08 17:28:00,KNBE
29.87,29.87,29.87,29.87,337,2021-07-08 17:29:00,KNBE
30.24,30.24,30.24,30.24,100,2021-07-08 17:30:00,KNBE
30.2457,30.2457,30.2457,30.2457,500,2021-07-08 17:31:00,KNBE
30.1,30.15,30.1,30.15,200,2021-07-08 17:32:00,KNBE
30.09,30.09,30.09,30.09,100,2021-07-08 17:33:00,KNBE
30.15,30.15,30.14,30.1495,500,2021-07-08 17:36:00,KNBE
30.075,30.075,30.075,30.075,100,2021-07-08 17:37:00,KNBE
30.2,30.2,30.18,30.18,210,2021-07-08 17:38:00,KNBE
30.075,30.28,30.075,30.28,1006,2021-07-08 17:39:00,KNBE
30.4,30.4,30.35,30.35,600,2021-07-08 17:40:00,KNBE
30.25,30.25,30.25,30.25,100,2021-07-08 17:45:00,KNBE
30.15,30.15,30.15,30.15,100,2021-07-08 17:46:00,KNBE
30.12,30.2,30.12,30.13,300,2021-07-08 17:47:00,KNBE
30.15,30.2001,30.13,30.2001,400,2021-07-08 17:48:00,KNBE
30.2,30.2,30.2,30.2,200,2021-07-08 17:49:00,KNBE
30.225,30.225,30.15,30.15,200,2021-07-08 17:51:00,KNBE
30.15,30.15,30.11,30.11,382,2021-07-08 17:52:00,KNBE
30.14,30.2208,30.11,30.12,848,2021-07-08 17:53:00,KNBE
30.11,30.11,30.06,30.06,414,2021-07-08 17:54:00,KNBE
29.985,29.985,29.985,29.985,100,2021-07-08 17:55:00,KNBE
30.0101,30.08,30.0101,30.08,200,2021-07-08 17:57:00,KNBE
30.0214,30.0214,30.0214,30.0214,100,2021-07-08 18:02:00,KNBE
30.01,30.01,30.01,30.01,400,2021-07-08 18:03:00,KNBE
29.955,30.03,29.955,30.0,600,2021-07-08 18:04:00,KNBE
30.099,30.099,30.099,30.099,166,2021-07-08 18:06:00,KNBE
30.04,30.04,30.04,30.04,100,2021-07-08 18:09:00,KNBE
30.04,30.04,30.04,30.04,100,2021-07-08 18:10:00,KNBE
30.02,30.02,30.0,30.0,1200,2021-07-08 18:11:00,KNBE
29.96,29.96,29.95,29.95,300,2021-07-08 18:12:00,KNBE
29.95,29.95,29.95,29.95,200,2021-07-08 18:13:00,KNBE
29.915,29.915,29.915,29.915,400,2021-07-08 18:14:00,KNBE
29.89,29.89,29.78,29.89,2000,2021-07-08 18:15:00,KNBE
29.62,29.62,29.62,29.62,200,2021-07-08 18:16:00,KNBE
29.8,29.8,29.7,29.7,1001,2021-07-08 18:17:00,KNBE
29.6994,29.6994,29.685,29.685,400,2021-07-08 18:18:00,KNBE
29.8,29.8,29.77,29.7985,500,2021-07-08 18:20:00,KNBE
29.8,29.8,29.8,29.8,200,2021-07-08 18:21:00,KNBE
29.8715,29.8715,29.8715,29.8715,100,2021-07-08 18:23:00,KNBE
29.84,29.84,29.84,29.84,200,2021-07-08 18:25:00,KNBE
29.85,29.85,29.85,29.85,100,2021-07-08 18:28:00,KNBE
30.0,30.0,29.84,29.845,600,2021-07-08 18:30:00,KNBE
29.83,29.83,29.83,29.83,100,2021-07-08 18:31:00,KNBE
29.81,29.81,29.81,29.81,200,2021-07-08 18:34:00,KNBE
29.88,29.88,29.88,29.88,100,2021-07-08 18:37:00,KNBE
29.8,29.8,29.8,29.8,200,2021-07-08 18:38:00,KNBE
29.8,29.8,29.8,29.8,100,2021-07-08 18:39:00,KNBE
29.825,29.825,29.8,29.8,500,2021-07-08 18:40:00,KNBE
29.75,29.75,29.75,29.75,300,2021-07-08 18:41:00,KNBE
29.84,29.84,29.84,29.84,100,2021-07-08 18:42:00,KNBE
29.8399,29.8399,29.8399,29.8399,100,2021-07-08 18:43:00,KNBE
29.785,29.7995,29.785,29.7995,400,2021-07-08 18:45:00,KNBE
29.84,29.88,29.82,29.82,900,2021-07-08 18:47:00,KNBE
29.93,29.93,29.93,29.93,100,2021-07-08 18:48:00,KNBE
29.84,30.01,29.84,29.925,400,2021-07-08 18:49:00,KNBE
29.84,29.84,29.83,29.83,500,2021-07-08 18:51:00,KNBE
29.82,29.84,29.8,29.8,700,2021-07-08 18:52:00,KNBE
29.73,29.73,29.72,29.72,600,2021-07-08 18:54:00,KNBE
29.72,29.755,29.72,29.755,200,2021-07-08 18:55:00,KNBE
29.7,29.7,29.7,29.7,100,2021-07-08 18:59:00,KNBE
29.7,29.7,29.7,29.7,100,2021-07-08 19:00:00,KNBE
29.71,29.71,29.71,29.71,100,2021-07-08 19:01:00,KNBE
29.735,29.735,29.7,29.7,300,2021-07-08 19:03:00,KNBE
29.7,29.7,29.7,29.7,100,2021-07-08 19:04:00,KNBE
29.7,29.72,29.68,29.7,850,2021-07-08 19:06:00,KNBE
29.69,29.76,29.69,29.76,200,2021-07-08 19:07:00,KNBE
29.68,29.68,29.68,29.68,100,2021-07-08 19:08:00,KNBE
29.68,29.7,29.68,29.7,300,2021-07-08 19:10:00,KNBE
29.75,29.76,29.72,29.72,500,2021-07-08 19:11:00,KNBE
29.82,30.165,29.82,30.165,1500,2021-07-08 19:13:00,KNBE
30.13,30.13,30.0,30.03,1400,2021-07-08 19:14:00,KNBE
30.03,30.05,30.01,30.05,400,2021-07-08 19:15:00,KNBE
30.0,30.0,29.905,29.905,800,2021-07-08 19:16:00,KNBE
29.88,29.905,29.88,29.905,300,2021-07-08 19:17:00,KNBE
29.88,29.88,29.88,29.88,300,2021-07-08 19:18:00,KNBE
29.84,29.84,29.84,29.84,100,2021-07-08 19:19:00,KNBE
29.9,30.05,29.9,30.05,1200,2021-07-08 19:20:00,KNBE
30.1,30.13,30.09,30.09,800,2021-07-08 19:22:00,KNBE
30.09,30.09,30.03,30.03,300,2021-07-08 19:23:00,KNBE
30.04,30.04,30.04,30.04,100,2021-07-08 19:24:00,KNBE
30.04,30.16,30.04,30.085,400,2021-07-08 19:26:00,KNBE
30.065,30.07,30.01,30.01,500,2021-07-08 19:27:00,KNBE
30.01,30.05,30.0,30.01,600,2021-07-08 19:28:00,KNBE
30.055,30.055,30.055,30.055,100,2021-07-08 19:29:00,KNBE
30.01,30.0541,30.01,30.0541,500,2021-07-08 19:30:00,KNBE
30.1,30.1,30.1,30.1,400,2021-07-08 19:31:00,KNBE
30.045,30.045,30.045,30.045,500,2021-07-08 19:32:00,KNBE
30.04,30.04,30.04,30.04,200,2021-07-08 19:33:00,KNBE
30.04,30.04,30.04,30.04,100,2021-07-08 19:35:00,KNBE
30.04,30.09,30.0,30.09,2748,2021-07-08 19:36:00,KNBE
30.09,30.1242,30.09,30.105,533,2021-07-08 19:37:00,KNBE
30.17,30.265,30.095,30.265,600,2021-07-08 19:39:00,KNBE
30.18,30.18,30.18,30.18,100,2021-07-08 19:40:00,KNBE
30.18,30.26,30.15,30.15,700,2021-07-08 19:41:00,KNBE
30.18,30.32,30.18,30.32,551,2021-07-08 19:42:00,KNBE
30.3478,30.38,30.305,30.38,1225,2021-07-08 19:43:00,KNBE
30.35,30.42,30.35,30.415,600,2021-07-08 19:44:00,KNBE
30.35,30.35,30.33,30.33,650,2021-07-08 19:45:00,KNBE
30.33,30.33,30.33,30.33,200,2021-07-08 19:46:00,KNBE
30.365,30.37,30.28,30.37,1700,2021-07-08 19:47:00,KNBE
30.35,30.43,30.35,30.37,2200,2021-07-08 19:48:00,KNBE
30.43,30.485,30.39,30.485,500,2021-07-08 19:49:00,KNBE
30.46,30.46,30.33,30.33,1500,2021-07-08 19:50:00,KNBE
30.4899,30.4899,30.4899,30.4899,100,2021-07-08 19:51:00,KNBE
30.4255,30.4255,30.4255,30.4255,450,2021-07-08 19:52:00,KNBE
30.3524,30.4,30.28,30.28,2490,2021-07-08 19:53:00,KNBE
30.4,30.4,30.34,30.34,735,2021-07-08 19:54:00,KNBE
30.335,30.38,30.3002,30.3002,1840,2021-07-08 19:55:00,KNBE
30.37,30.485,30.37,30.415,970,2021-07-08 19:56:00,KNBE
30.39,30.47,30.34,30.375,1025,2021-07-08 19:57:00,KNBE
30.395,30.4,30.3,30.345,700,2021-07-08 19:58:00,KNBE
30.375,30.45,30.3,30.45,3542,2021-07-08 19:59:00,KNBE
30.44,30.44,30.44,30.44,5569,2021-07-08 20:00:00,KNBE
30.99,30.99,30.99,30.99,1199,2021-07-08 20:01:00,KNBE
30.99,30.99,30.99,30.99,1000,2021-07-09 13:26:00,KNBE
31.1,31.91,30.99,31.0005,13450,2021-07-09 13:30:00,KNBE
31.1049,31.45,31.1049,31.45,1900,2021-07-09 13:31:00,KNBE
31.62,31.99,31.31,31.99,5576,2021-07-09 13:32:00,KNBE
31.79,31.79,31.75,31.75,410,2021-07-09 13:33:00,KNBE
31.9393,31.9393,31.5501,31.6216,826,2021-07-09 13:34:00,KNBE
31.69,31.97,31.652,31.965,2025,2021-07-09 13:35:00,KNBE
31.96,32.19,31.96,32.0,7851,2021-07-09 13:36:00,KNBE
32.005,32.005,31.88,31.91,700,2021-07-09 13:37:00,KNBE
31.86,31.86,31.795,31.795,600,2021-07-09 13:38:00,KNBE
31.6763,31.6763,31.6763,31.6763,200,2021-07-09 13:39:00,KNBE
31.815,31.815,31.76,31.76,400,2021-07-09 13:40:00,KNBE
31.9119,31.9119,31.9,31.9,250,2021-07-09 13:42:00,KNBE
31.91,31.91,31.91,31.91,100,2021-07-09 13:44:00,KNBE
31.9299,31.9299,31.6801,31.6801,1413,2021-07-09 13:45:00,KNBE
31.69,31.69,31.69,31.69,100,2021-07-09 13:46:00,KNBE
31.89,31.89,31.89,31.89,100,2021-07-09 13:47:00,KNBE
31.89,31.89,31.7708,31.7708,1080,2021-07-09 13:49:00,KNBE
31.89,31.89,31.885,31.885,300,2021-07-09 13:51:00,KNBE
31.87,31.97,31.87,31.95,503,2021-07-09 13:52:00,KNBE
32.0,32.0543,31.94,31.94,1500,2021-07-09 13:53:00,KNBE
31.95,31.95,31.75,31.75,1255,2021-07-09 13:54:00,KNBE
31.7917,31.7917,31.7917,31.7917,100,2021-07-09 13:55:00,KNBE
31.65,31.6846,31.445,31.445,1786,2021-07-09 13:56:00,KNBE
31.38,31.39,31.2101,31.285,1827,2021-07-09 13:57:00,KNBE
31.2632,31.2632,31.16,31.16,2700,2021-07-09 13:58:00,KNBE
31.16,31.16,31.16,31.16,100,2021-07-09 13:59:00,KNBE
31.255,31.34,31.255,31.34,700,2021-07-09 14:00:00,KNBE
31.5,31.5,31.35,31.35,499,2021-07-09 14:01:00,KNBE
31.37,31.4012,31.37,31.4012,600,2021-07-09 14:03:00,KNBE
31.455,31.455,31.41,31.41,313,2021-07-09 14:04:00,KNBE
31.49,31.49,31.49,31.49,100,2021-07-09 14:05:00,KNBE
31.5,31.5,31.4,31.4,800,2021-07-09 14:06:00,KNBE
31.415,31.415,31.35,31.35,200,2021-07-09 14:07:00,KNBE
31.31,31.34,31.3,31.34,800,2021-07-09 14:08:00,KNBE
31.3761,31.3761,31.32,31.32,200,2021-07-09 14:10:00,KNBE
31.36,31.36,31.36,31.36,100,2021-07-09 14:11:00,KNBE
31.4,31.4,31.4,31.4,200,2021-07-09 14:12:00,KNBE
31.3993,31.3993,31.385,31.385,200,2021-07-09 14:13:00,KNBE
31.46,31.46,31.46,31.46,200,2021-07-09 14:14:00,KNBE
31.59,31.59,31.59,31.59,364,2021-07-09 14:18:00,KNBE
31.7,31.7,31.7,31.7,200,2021-07-09 14:20:00,KNBE
31.69,31.7,31.69,31.7,800,2021-07-09 14:21:00,KNBE
31.8883,31.8883,31.8,31.8,633,2021-07-09 14:22:00,KNBE
31.9533,31.9533,31.84,31.85,600,2021-07-09 14:23:00,KNBE
31.695,31.695,31.645,31.645,200,2021-07-09 14:24:00,KNBE
31.78,31.78,31.78,31.78,100,2021-07-09 14:30:00,KNBE
31.75,31.75,31.75,31.75,100,2021-07-09 14:31:00,KNBE
31.77,31.77,31.77,31.77,1100,2021-07-09 14:32:00,KNBE
31.724,31.724,31.59,31.59,1000,2021-07-09 14:36:00,KNBE
31.59,31.59,31.59,31.59,183,2021-07-09 14:37:00,KNBE
31.59,31.59,31.44,31.45,300,2021-07-09 14:38:00,KNBE
31.47,31.4985,31.45,31.45,300,2021-07-09 14:39:00,KNBE
31.5,31.55,31.5,31.55,400,2021-07-09 14:40:00,KNBE
31.72,31.86,31.66,31.73,9682,2021-07-09 14:42:00,KNBE
31.825,31.8295,31.66,31.68,2700,2021-07-09 14:43:00,KNBE
31.65,31.6738,31.43,31.505,730,2021-07-09 14:44:00,KNBE
31.485,31.59,31.485,31.59,400,2021-07-09 14:45:00,KNBE
31.7,31.7,31.7,31.7,100,2021-07-09 14:47:00,KNBE
31.65,31.74,31.65,31.7,500,2021-07-09 14:49:00,KNBE
31.53,31.53,31.53,31.53,100,2021-07-09 14:50:00,KNBE
31.5234,31.5234,31.5234,31.5234,1000,2021-07-09 14:54:00,KNBE
31.65,31.65,31.65,31.65,200,2021-07-09 14:56:00,KNBE
31.655,31.77,31.655,31.7,2300,2021-07-09 14:57:00,KNBE
31.7,31.7,31.7,31.7,300,2021-07-09 14:58:00,KNBE
31.8,31.8,31.8,31.8,500,2021-07-09 15:00:00,KNBE
31.8307,31.8307,31.8307,31.8307,103,2021-07-09 15:01:00,KNBE
31.7,31.91,31.7,31.805,1900,2021-07-09 15:04:00,KNBE
31.7,31.7,31.7,31.7,400,2021-07-09 15:05:00,KNBE
31.7,31.7,31.57,31.57,1300,2021-07-09 15:06:00,KNBE
31.69,31.69,31.69,31.69,100,2021-07-09 15:07:00,KNBE
31.587,31.74,31.587,31.74,303,2021-07-09 15:09:00,KNBE
31.67,31.67,31.66,31.66,200,2021-07-09 15:10:00,KNBE
31.66,31.66,31.66,31.66,469,2021-07-09 15:12:00,KNBE
31.65,31.765,31.65,31.765,800,2021-07-09 15:22:00,KNBE
31.72,31.72,31.7,31.7,600,2021-07-09 15:23:00,KNBE
31.69,31.69,31.6804,31.6804,200,2021-07-09 15:24:00,KNBE
31.7,31.7,31.7,31.7,200,2021-07-09 15:25:00,KNBE
31.76,31.76,31.7,31.7,200,2021-07-09 15:26:00,KNBE
31.7,31.7,31.7,31.7,100,2021-07-09 15:28:00,KNBE
31.67,31.74,31.66,31.74,2950,2021-07-09 15:29:00,KNBE
31.6,31.66,31.53,31.587,1533,2021-07-09 15:30:00,KNBE
31.53,31.53,31.45,31.45,400,2021-07-09 15:31:00,KNBE
31.475,31.57,31.475,31.57,1000,2021-07-09 15:32:00,KNBE
31.7,31.7,31.65,31.65,600,2021-07-09 15:33:00,KNBE
31.55,31.55,31.55,31.55,100,2021-07-09 15:37:00,KNBE
31.6118,31.62,31.6118,31.62,200,2021-07-09 15:38:00,KNBE
31.63,31.8599,31.63,31.82,500,2021-07-09 15:40:00,KNBE
31.67,31.67,31.67,31.67,200,2021-07-09 15:41:00,KNBE
31.59,31.59,31.59,31.59,100,2021-07-09 15:42:00,KNBE
31.6986,31.6986,31.6986,31.6986,100,2021-07-09 15:46:00,KNBE
31.61,31.61,31.61,31.61,200,2021-07-09 15:49:00,KNBE
31.61,31.648,31.61,31.648,200,2021-07-09 15:50:00,KNBE
31.66,31.66,31.66,31.66,100,2021-07-09 15:51:00,KNBE
31.69,31.69,31.69,31.69,100,2021-07-09 15:54:00,KNBE
31.7,31.78,31.69,31.78,2500,2021-07-09 15:58:00,KNBE
31.65,31.65,31.65,31.65,300,2021-07-09 15:59:00,KNBE
31.635,31.6494,31.635,31.641,329,2021-07-09 16:00:00,KNBE
31.75,31.75,31.75,31.75,200,2021-07-09 16:01:00,KNBE
31.81,31.81,31.81,31.81,300,2021-07-09 16:04:00,KNBE
31.78,31.84,31.74,31.8,1500,2021-07-09 16:05:00,KNBE
31.95,31.95,31.89,31.89,700,2021-07-09 16:06:00,KNBE
31.91,31.91,31.91,31.91,200,2021-07-09 16:08:00,KNBE
31.835,31.835,31.835,31.835,200,2021-07-09 16:09:00,KNBE
31.8721,31.8721,31.8721,31.8721,100,2021-07-09 16:12:00,KNBE
31.855,31.905,31.855,31.905,400,2021-07-09 16:14:00,KNBE
31.9236,31.9236,31.9236,31.9236,100,2021-07-09 16:21:00,KNBE
31.895,31.9662,31.895,31.9662,360,2021-07-09 16:23:00,KNBE
31.96,31.995,31.96,31.97,1000,2021-07-09 16:24:00,KNBE
31.98,31.98,31.98,31.98,100,2021-07-09 16:25:00,KNBE
31.871,32.02,31.871,31.98,630,2021-07-09 16:28:00,KNBE
32.03,32.36,32.03,32.33,15817,2021-07-09 16:29:00,KNBE
32.3579,32.3579,32.25,32.255,1000,2021-07-09 16:30:00,KNBE
32.36,32.55,32.275,32.42,5262,2021-07-09 16:31:00,KNBE
32.35,32.4932,32.15,32.3,4375,2021-07-09 16:32:00,KNBE
32.03,32.3665,32.021,32.26,3187,2021-07-09 16:33:00,KNBE
32.15,32.28,32.15,32.28,500,2021-07-09 16:34:00,KNBE
32.305,32.305,32.305,32.305,400,2021-07-09 16:36:00,KNBE
32.32,32.32,32.175,32.175,1300,2021-07-09 16:37:00,KNBE
32.2,32.21,32.191,32.191,500,2021-07-09 16:38:00,KNBE
32.18,32.18,32.14,32.14,415,2021-07-09 16:41:00,KNBE
32.1961,32.1961,32.1961,32.1961,500,2021-07-09 16:42:00,KNBE
32.12,32.12,32.12,32.12,100,2021-07-09 16:43:00,KNBE
32.1,32.1,32.1,32.1,100,2021-07-09 16:44:00,KNBE
32.17,32.17,32.14,32.14,600,2021-07-09 16:51:00,KNBE
32.1899,32.1899,32.1899,32.1899,2500,2021-07-09 16:52:00,KNBE
32.1,32.12,32.1,32.12,994,2021-07-09 16:55:00,KNBE
32.12,32.12,32.1,32.1,300,2021-07-09 16:57:00,KNBE
32.1,32.1,32.045,32.045,200,2021-07-09 16:58:00,KNBE
32.105,32.105,32.09,32.09,300,2021-07-09 17:00:00,KNBE
32.09,32.09,32.09,32.09,100,2021-07-09 17:01:00,KNBE
32.09,32.09,32.09,32.09,200,2021-07-09 17:04:00,KNBE
32.106,32.106,32.106,32.106,100,2021-07-09 17:07:00,KNBE
32.09,32.09,32.09,32.09,100,2021-07-09 17:11:00,KNBE
32.0601,32.0601,32.0601,32.0601,500,2021-07-09 17:14:00,KNBE
32.21,32.21,32.21,32.21,100,2021-07-09 17:17:00,KNBE
32.2,32.2,32.14,32.14,300,2021-07-09 17:20:00,KNBE
32.135,32.135,32.135,32.135,100,2021-07-09 17:21:00,KNBE
32.135,32.24,32.135,32.215,800,2021-07-09 17:22:00,KNBE
32.215,32.215,32.2106,32.2106,200,2021-07-09 17:23:00,KNBE
32.21,32.21,32.18,32.2,2600,2021-07-09 17:24:00,KNBE
32.2,32.2,32.13,32.13,1100,2021-07-09 17:26:00,KNBE
32.145,32.19,32.145,32.16,600,2021-07-09 17:29:00,KNBE
32.24,32.305,32.24,32.24,1600,2021-07-09 17:30:00,KNBE
32.28,32.28,32.22,32.22,300,2021-07-09 17:31:00,KNBE
32.26,32.26,32.25,32.25,401,2021-07-09 17:35:00,KNBE
32.21,32.21,32.15,32.15,800,2021-07-09 17:44:00,KNBE
32.155,32.2,32.1192,32.1192,850,2021-07-09 17:45:00,KNBE
32.175,32.21,32.175,32.2,600,2021-07-09 17:47:00,KNBE
32.21,32.235,32.2,32.235,300,2021-07-09 17:48:00,KNBE
32.16,32.19,32.095,32.095,2297,2021-07-09 17:49:00,KNBE
32.11,32.11,32.1,32.11,955,2021-07-09 17:50:00,KNBE
32.11,32.11,32.11,32.11,100,2021-07-09 17:51:00,KNBE
32.115,32.115,32.115,32.115,100,2021-07-09 17:54:00,KNBE
32.115,32.115,32.115,32.115,100,2021-07-09 17:55:00,KNBE
32.07,32.18,32.05,32.17,4123,2021-07-09 17:57:00,KNBE
32.15,32.205,32.15,32.205,300,2021-07-09 17:58:00,KNBE
32.235,32.235,32.235,32.235,100,2021-07-09 18:01:00,KNBE
32.211,32.211,32.211,32.211,200,2021-07-09 18:04:00,KNBE
32.21,32.22,32.17,32.22,1500,2021-07-09 18:05:00,KNBE
32.19,32.19,32.19,32.19,300,2021-07-09 18:06:00,KNBE
32.23,32.24,32.1701,32.1701,2200,2021-07-09 18:11:00,KNBE
32.2932,32.2932,32.2932,32.2932,100,2021-07-09 18:13:00,KNBE
32.32,32.42,32.32,32.42,450,2021-07-09 18:15:00,KNBE
32.36,32.36,32.36,32.36,100,2021-07-09 18:16:00,KNBE
32.355,32.355,32.35,32.35,200,2021-07-09 18:18:00,KNBE
32.355,32.355,32.355,32.355,100,2021-07-09 18:19:00,KNBE
32.355,32.355,32.31,32.31,850,2021-07-09 18:21:00,KNBE
32.345,32.37,32.34,32.365,900,2021-07-09 18:23:00,KNBE
32.36,32.36,32.36,32.36,100,2021-07-09 18:24:00,KNBE
32.36,32.36,32.36,32.36,100,2021-07-09 18:26:00,KNBE
32.3814,32.3814,32.35,32.35,200,2021-07-09 18:28:00,KNBE
32.35,32.35,32.35,32.35,200,2021-07-09 18:31:00,KNBE
32.3808,32.3808,32.3808,32.3808,200,2021-07-09 18:32:00,KNBE
32.32,32.32,32.291,32.291,614,2021-07-09 18:34:00,KNBE
32.29,32.29,32.085,32.109,1000,2021-07-09 18:35:00,KNBE
32.045,32.21,32.045,32.2005,1100,2021-07-09 18:36:00,KNBE
32.26,32.26,32.1905,32.1905,300,2021-07-09 18:37:00,KNBE
32.2955,32.2955,32.1,32.1,600,2021-07-09 18:38:00,KNBE
32.06,32.16,32.04,32.11,900,2021-07-09 18:39:00,KNBE
32.075,32.29,32.075,32.25,700,2021-07-09 18:40:00,KNBE
32.3872,32.41,32.1,32.19,800,2021-07-09 18:41:00,KNBE
32.15,32.15,32.15,32.15,200,2021-07-09 18:44:00,KNBE
32.2,32.36,32.2,32.36,700,2021-07-09 18:45:00,KNBE
32.28,32.3,32.075,32.095,2100,2021-07-09 18:46:00,KNBE
32.18,32.37,32.18,32.37,700,2021-07-09 18:47:00,KNBE
32.26,32.26,32.08,32.1,6900,2021-07-09 18:48:00,KNBE
32.16,32.1994,32.095,32.145,800,2021-07-09 18:49:00,KNBE
32.18,32.24,32.15,32.16,15100,2021-07-09 18:50:00,KNBE
32.205,32.275,32.205,32.21,2893,2021-07-09 18:51:00,KNBE
32.335,32.335,32.335,32.335,100,2021-07-09 18:52:00,KNBE
32.3,32.34,32.21,32.24,4049,2021-07-09 18:53:00,KNBE
32.22,32.22,32.2,32.2,900,2021-07-09 18:54:00,KNBE
32.18,32.18,32.095,32.095,500,2021-07-09 18:55:00,KNBE
32.14,32.26,32.14,32.24,1222,2021-07-09 18:56:00,KNBE
32.25,32.25,32.2,32.2,600,2021-07-09 18:57:00,KNBE
32.2,32.21,32.195,32.21,500,2021-07-09 18:58:00,KNBE
32.19,32.1995,32.105,32.19,1700,2021-07-09 18:59:00,KNBE
32.2,32.22,32.2,32.2,800,2021-07-09 19:01:00,KNBE
32.19,32.2,32.14,32.14,900,2021-07-09 19:02:00,KNBE
32.15,32.15,32.08,32.11,1400,2021-07-09 19:03:00,KNBE
32.12,32.21,32.12,32.21,600,2021-07-09 19:04:00,KNBE
32.19,32.21,32.16,32.21,500,2021-07-09 19:05:00,KNBE
32.15,32.15,32.15,32.15,100,2021-07-09 19:06:00,KNBE
32.1694,32.1694,32.16,32.16,200,2021-07-09 19:07:00,KNBE
32.15,32.19,32.13,32.19,400,2021-07-09 19:08:00,KNBE
32.19,32.23,32.19,32.23,300,2021-07-09 19:09:00,KNBE
32.2,32.2,32.15,32.19,1434,2021-07-09 19:10:00,KNBE
32.223,32.223,32.18,32.2,700,2021-07-09 19:11:00,KNBE
32.145,32.21,32.145,32.185,800,2021-07-09 19:12:00,KNBE
32.205,32.205,32.205,32.205,300,2021-07-09 19:14:00,KNBE
32.19,32.19,32.19,32.19,300,2021-07-09 19:15:00,KNBE
32.185,32.35,32.18,32.35,400,2021-07-09 19:18:00,KNBE
32.31,32.32,32.245,32.2498,1900,2021-07-09 19:19:00,KNBE
32.24,32.4,32.24,32.39,1302,2021-07-09 19:20:00,KNBE
32.35,32.3899,32.35,32.3899,1650,2021-07-09 19:21:00,KNBE
32.38,32.5,32.38,32.5,1000,2021-07-09 19:22:00,KNBE
32.46,32.475,32.45,32.45,501,2021-07-09 19:23:00,KNBE
32.45,32.46,32.45,32.451,700,2021-07-09 19:24:00,KNBE
32.47,32.47,32.45,32.45,1000,2021-07-09 19:26:00,KNBE
32.42,32.5,32.42,32.5,4225,2021-07-09 19:27:00,KNBE
32.5,32.5,32.46,32.485,9559,2021-07-09 19:28:00,KNBE
32.47,32.5,32.46,32.5,6900,2021-07-09 19:29:00,KNBE
32.495,33.13,32.495,33.0299,15050,2021-07-09 19:30:00,KNBE
32.99,33.36,32.95,33.16,23350,2021-07-09 19:31:00,KNBE
33.2,33.37,33.0857,33.205,5379,2021-07-09 19:32:00,KNBE
33.205,33.2304,33.05,33.14,5100,2021-07-09 19:33:00,KNBE
33.135,33.135,33.04,33.04,1000,2021-07-09 19:34:00,KNBE
33.09,33.09,32.76,32.76,3000,2021-07-09 19:35:00,KNBE
32.825,33.12,32.825,33.01,11900,2021-07-09 19:36:00,KNBE
33.005,33.05,32.92,33.05,3800,2021-07-09 19:37:00,KNBE
33.05,33.2,32.96,33.2,1500,2021-07-09 19:38:00,KNBE
33.09,33.14,33.07,33.13,1200,2021-07-09 19:39:00,KNBE
33.1888,33.23,33.11,33.23,1532,2021-07-09 19:40:00,KNBE
33.2,33.2,33.11,33.15,2115,2021-07-09 19:41:00,KNBE
33.16,33.16,33.16,33.16,400,2021-07-09 19:42:00,KNBE
33.15,33.24,33.15,33.15,418,2021-07-09 19:43:00,KNBE
33.19,33.2,33.19,33.19,810,2021-07-09 19:44:00,KNBE
33.16,33.26,33.15,33.225,1570,2021-07-09 19:45:00,KNBE
33.25,33.56,33.25,33.56,6869,2021-07-09 19:46:00,KNBE
33.52,33.52,33.26,33.28,7662,2021-07-09 19:47:00,KNBE
33.3,33.4,33.29,33.4,7526,2021-07-09 19:48:00,KNBE
33.35,33.35,33.22,33.235,1273,2021-07-09 19:49:00,KNBE
33.205,33.205,33.1024,33.1024,1122,2021-07-09 19:50:00,KNBE
33.15,33.38,33.15,33.3,5300,2021-07-09 19:51:00,KNBE
33.3,33.3,33.2,33.2196,1611,2021-07-09 19:52:00,KNBE
33.29,33.4,33.29,33.4,1667,2021-07-09 19:53:00,KNBE
33.489,33.51,33.425,33.51,1950,2021-07-09 19:54:00,KNBE
33.58,33.6,33.58,33.6,959,2021-07-09 19:55:00,KNBE
33.58,33.59,33.535,33.58,1915,2021-07-09 19:56:00,KNBE
33.5,33.54,33.28,33.355,2540,2021-07-09 19:57:00,KNBE
33.355,33.36,33.31,33.35,1900,2021-07-09 19:58:00,KNBE
33.355,33.44,33.01,33.36,22118,2021-07-09 19:59:00,KNBE
33.25,33.25,33.25,33.25,12144,2021-07-09 20:00:00,KNBE
33.2,33.2,33.2,33.2,100,2021-07-12 12:50:00,KNBE
33.25,33.25,33.25,33.25,100,2021-07-12 13:16:00,KNBE
33.17,33.18,32.77,33.18,2433,2021-07-12 13:30:00,KNBE
33.22,33.23,33.1,33.2,500,2021-07-12 13:31:00,KNBE
32.99,33.18,32.94,32.94,1600,2021-07-12 13:34:00,KNBE
32.98,32.98,32.68,32.68,200,2021-07-12 13:35:00,KNBE
32.63,33.09,32.63,33.09,3554,2021-07-12 13:36:00,KNBE
32.68,32.68,32.67,32.67,200,2021-07-12 13:37:00,KNBE
32.825,32.95,32.66,32.67,1625,2021-07-12 13:38:00,KNBE
32.67,32.67,32.66,32.66,200,2021-07-12 13:39:00,KNBE
32.66,32.66,32.37,32.37,1209,2021-07-12 13:40:00,KNBE
32.56,32.73,32.39,32.39,300,2021-07-12 13:42:00,KNBE
32.555,32.7,32.555,32.7,200,2021-07-12 13:43:00,KNBE
32.71,32.795,32.69,32.795,833,2021-07-12 13:44:00,KNBE
33.0,33.0,33.0,33.0,200,2021-07-12 13:45:00,KNBE
33.24,33.32,33.14,33.17,3916,2021-07-12 13:47:00,KNBE
33.23,33.23,33.15,33.15,1900,2021-07-12 13:49:00,KNBE
33.09,33.145,33.03,33.03,800,2021-07-12 13:50:00,KNBE
33.02,33.03,32.79,32.79,1400,2021-07-12 13:51:00,KNBE
32.79,33.14,32.79,33.14,1450,2021-07-12 13:52:00,KNBE
33.23,33.23,32.96,32.96,350,2021-07-12 13:53:00,KNBE
32.98,32.98,32.8,32.8,1250,2021-07-12 13:55:00,KNBE
32.8,32.8,32.77,32.77,300,2021-07-12 13:56:00,KNBE
32.7036,32.7036,32.13,32.13,4165,2021-07-12 13:57:00,KNBE
32.14,32.26,32.13,32.13,2100,2021-07-12 13:58:00,KNBE
32.18,32.18,31.9,31.96,3493,2021-07-12 13:59:00,KNBE
32.075,32.4,32.075,32.4,4146,2021-07-12 14:00:00,KNBE
32.3,32.36,32.25,32.2717,2200,2021-07-12 14:01:00,KNBE
32.17,32.51,32.17,32.51,700,2021-07-12 14:02:00,KNBE
32.39,32.44,32.22,32.44,500,2021-07-12 14:04:00,KNBE
32.21,32.3,32.0,32.04,1700,2021-07-12 14:05:00,KNBE
32.06,32.16,31.74,31.74,2410,2021-07-12 14:06:00,KNBE
31.74,31.79,31.74,31.79,500,2021-07-12 14:07:00,KNBE
31.8,31.8,31.61,31.65,1300,2021-07-12 14:08:00,KNBE
31.53,31.7,31.52,31.7,1300,2021-07-12 14:09:00,KNBE
31.7,31.905,31.7,31.9,2301,2021-07-12 14:10:00,KNBE
31.83,31.88,31.44,31.44,2948,2021-07-12 14:11:00,KNBE
31.6,31.93,31.6,31.8,3221,2021-07-12 14:12:00,KNBE
31.94,31.94,31.85,31.85,1028,2021-07-12 14:13:00,KNBE
31.845,31.845,31.59,31.6226,1768,2021-07-12 14:14:00,KNBE
31.5911,31.845,31.5911,31.8257,2225,2021-07-12 14:15:00,KNBE
31.81,31.81,31.75,31.8,1200,2021-07-12 14:16:00,KNBE
31.839,31.95,31.8,31.95,2500,2021-07-12 14:17:00,KNBE
32.0,32.07,31.95,32.07,1300,2021-07-12 14:18:00,KNBE
32.12,32.12,31.89,31.935,1632,2021-07-12 14:19:00,KNBE
31.935,31.9493,31.88,31.88,1300,2021-07-12 14:20:00,KNBE
31.81,32.0675,31.81,32.0675,900,2021-07-12 14:21:00,KNBE
32.02,32.04,31.73,31.73,1600,2021-07-12 14:22:00,KNBE
31.72,31.78,31.63,31.78,1400,2021-07-12 14:23:00,KNBE
31.85,31.89,31.75,31.75,1300,2021-07-12 14:24:00,KNBE
31.69,31.7,31.62,31.7,1100,2021-07-12 14:25:00,KNBE
31.65,31.685,31.64,31.655,800,2021-07-12 14:26:00,KNBE
31.655,31.66,31.655,31.66,400,2021-07-12 14:27:00,KNBE
31.66,31.66,31.66,31.66,300,2021-07-12 14:28:00,KNBE
31.7,31.76,31.67,31.67,2200,2021-07-12 14:29:00,KNBE
31.79,31.79,31.675,31.69,1600,2021-07-12 14:30:00,KNBE
31.7,31.7,31.66,31.66,400,2021-07-12 14:31:00,KNBE
31.61,31.6394,31.51,31.52,700,2021-07-12 14:32:00,KNBE
31.45,31.59,31.44,31.45,630,2021-07-12 14:33:00,KNBE
31.44,31.56,31.44,31.44,1200,2021-07-12 14:34:00,KNBE
31.385,31.44,31.2,31.44,1400,2021-07-12 14:35:00,KNBE
31.52,31.6199,31.49,31.5,800,2021-07-12 14:36:00,KNBE
31.49,31.495,31.44,31.475,1245,2021-07-12 14:37:00,KNBE
31.475,31.77,31.475,31.7,2854,2021-07-12 14:38:00,KNBE
31.57,31.57,31.545,31.545,678,2021-07-12 14:39:00,KNBE
31.52,31.6,31.52,31.6,700,2021-07-12 14:40:00,KNBE
31.55,31.7,31.55,31.7,1100,2021-07-12 14:41:00,KNBE
31.65,31.65,31.535,31.535,1600,2021-07-12 14:42:00,KNBE
31.54,31.62,31.54,31.6005,900,2021-07-12 14:43:00,KNBE
31.63,31.63,31.5,31.5,800,2021-07-12 14:44:00,KNBE
31.54,31.65,31.5,31.5,3143,2021-07-12 14:45:00,KNBE
31.5,31.53,31.48,31.5,902,2021-07-12 14:46:00,KNBE
31.48,31.49,31.44,31.45,2100,2021-07-12 14:47:00,KNBE
31.48,31.55,31.48,31.55,1300,2021-07-12 14:48:00,KNBE
31.505,31.55,31.505,31.55,1200,2021-07-12 14:50:00,KNBE
31.55,31.55,31.55,31.55,100,2021-07-12 14:51:00,KNBE
31.6,31.6,31.6,31.6,300,2021-07-12 14:52:00,KNBE
31.575,31.575,31.575,31.575,500,2021-07-12 14:53:00,KNBE
31.56,31.56,31.56,31.56,100,2021-07-12 14:54:00,KNBE
31.54,31.77,31.54,31.77,900,2021-07-12 14:55:00,KNBE
31.785,31.785,31.67,31.77,1750,2021-07-12 14:56:00,KNBE
31.77,32.09,31.77,32.01,6400,2021-07-12 14:57:00,KNBE
32.07,32.1,32.0,32.1,2334,2021-07-12 14:58:00,KNBE
32.16,32.21,31.8,32.0,1544,2021-07-12 14:59:00,KNBE
31.87,31.8795,31.87,31.87,700,2021-07-12 15:00:00,KNBE
31.85,32.0,31.85,32.0,1000,2021-07-12 15:01:00,KNBE
32.03,32.2466,32.0,32.2466,1200,2021-07-12 15:02:00,KNBE
32.03,32.03,31.9,31.96,1700,2021-07-12 15:03:00,KNBE
32.04,32.04,31.945,31.945,600,2021-07-12 15:04:00,KNBE
31.96,32.109,31.95,31.9595,1377,2021-07-12 15:05:00,KNBE
32.06,32.06,32.0,32.0,700,2021-07-12 15:06:00,KNBE
32.04,32.04,31.9,31.9,300,2021-07-12 15:07:00,KNBE
31.8595,31.95,31.85,31.9196,2098,2021-07-12 15:08:00,KNBE
31.95,32.1824,31.95,32.1824,1800,2021-07-12 15:09:00,KNBE
31.99,31.99,31.99,31.99,100,2021-07-12 15:10:00,KNBE
31.99,31.99,31.8266,31.8266,1100,2021-07-12 15:11:00,KNBE
31.8,31.8,31.72,31.72,1100,2021-07-12 15:12:00,KNBE
31.75,31.89,31.75,31.88,1300,2021-07-12 15:13:00,KNBE
31.8,31.95,31.8,31.95,467,2021-07-12 15:14:00,KNBE
31.85,31.9,31.69,31.7,1000,2021-07-12 15:15:00,KNBE
31.71,31.835,31.71,31.75,1950,2021-07-12 15:16:00,KNBE
31.7,31.7,31.64,31.6692,1366,2021-07-12 15:17:00,KNBE
31.64,31.65,31.555,31.61,1300,2021-07-12 15:18:00,KNBE
31.65,31.73,31.65,31.7,1300,2021-07-12 15:19:00,KNBE
31.74,31.9,31.72,31.9,3100,2021-07-12 15:20:00,KNBE
31.87,31.945,31.8,31.945,600,2021-07-12 15:21:00,KNBE
31.95,32.01,31.9005,31.9005,800,2021-07-12 15:22:00,KNBE
32.08,32.08,31.85,31.85,700,2021-07-12 15:23:00,KNBE
31.85,31.85,31.8,31.82,800,2021-07-12 15:24:00,KNBE
31.8,31.92,31.79,31.92,1000,2021-07-12 15:25:00,KNBE
32.04,32.04,31.94,31.94,300,2021-07-12 15:26:00,KNBE
31.94,31.94,31.8,31.85,1000,2021-07-12 15:27:00,KNBE
31.86,31.88,31.805,31.85,1300,2021-07-12 15:28:00,KNBE
31.86,32.14,31.85,32.14,3161,2021-07-12 15:29:00,KNBE
32.04,32.04,32.04,32.04,100,2021-07-12 15:30:00,KNBE
32.04,32.05,32.0,32.05,900,2021-07-12 15:31:00,KNBE
32.13,32.13,32.05,32.085,900,2021-07-12 15:32:00,KNBE
32.06,32.23,32.06,32.23,600,2021-07-12 15:33:00,KNBE
32.23,32.23,32.23,32.23,200,2021-07-12 15:34:00,KNBE
32.2,32.2,32.03,32.04,1200,2021-07-12 15:35:00,KNBE
32.0,32.01,31.96,31.96,500,2021-07-12 15:36:00,KNBE
31.995,32.03,31.995,32.03,700,2021-07-12 15:37:00,KNBE
32.03,32.1,32.015,32.1,950,2021-07-12 15:38:00,KNBE
32.13,32.15,32.13,32.15,500,2021-07-12 15:39:00,KNBE
32.16,32.16,32.13,32.13,600,2021-07-12 15:40:00,KNBE
32.1216,32.16,32.1216,32.16,600,2021-07-12 15:41:00,KNBE
32.2,32.3122,32.2,32.3122,1000,2021-07-12 15:42:00,KNBE
32.26,32.26,32.21,32.21,900,2021-07-12 15:43:00,KNBE
32.22,32.33,32.22,32.33,800,2021-07-12 15:44:00,KNBE
32.3,32.31,32.26,32.305,1150,2021-07-12 15:45:00,KNBE
32.36,32.36,32.26,32.26,1750,2021-07-12 15:46:00,KNBE
32.3,32.3,32.26,32.26,300,2021-07-12 15:48:00,KNBE
32.3025,32.3183,32.285,32.3183,500,2021-07-12 15:49:00,KNBE
32.2548,32.36,32.2548,32.36,600,2021-07-12 15:50:00,KNBE
32.39,32.7,32.39,32.6,2500,2021-07-12 15:51:00,KNBE
32.61,32.63,32.6,32.6167,1220,2021-07-12 15:52:00,KNBE
32.58,32.58,32.5,32.5,5400,2021-07-12 15:53:00,KNBE
32.355,32.49,32.355,32.48,1000,2021-07-12 15:55:00,KNBE
32.495,32.495,32.495,32.495,300,2021-07-12 15:56:00,KNBE
32.46,32.63,32.46,32.63,697,2021-07-12 15:57:00,KNBE
32.64,32.64,32.64,32.64,100,2021-07-12 15:58:00,KNBE
32.64,32.64,32.5,32.5506,1500,2021-07-12 15:59:00,KNBE
32.5,32.5,32.46,32.46,700,2021-07-12 16:00:00,KNBE
32.42,32.52,32.42,32.45,1074,2021-07-12 16:01:00,KNBE
32.45,32.585,32.45,32.5,950,2021-07-12 16:02:00,KNBE
32.5,32.5,32.46,32.5,900,2021-07-12 16:03:00,KNBE
32.61,32.665,32.5,32.54,1300,2021-07-12 16:04:00,KNBE
32.49,32.55,32.465,32.55,700,2021-07-12 16:05:00,KNBE
32.54,32.54,32.49,32.49,200,2021-07-12 16:06:00,KNBE
32.49,32.61,32.455,32.54,1600,2021-07-12 16:07:00,KNBE
32.485,32.485,32.485,32.485,100,2021-07-12 16:08:00,KNBE
32.4978,32.5,32.455,32.5,500,2021-07-12 16:09:00,KNBE
32.56,32.56,32.56,32.56,300,2021-07-12 16:10:00,KNBE
32.47,32.48,32.45,32.48,400,2021-07-12 16:11:00,KNBE
32.47,32.47,32.355,32.355,900,2021-07-12 16:12:00,KNBE
32.31,32.31,32.2,32.22,830,2021-07-12 16:13:00,KNBE
32.27,32.3,32.1601,32.1601,700,2021-07-12 16:14:00,KNBE
32.3,32.349,32.255,32.2598,800,2021-07-12 16:15:00,KNBE
32.255,32.35,32.23,32.35,400,2021-07-12 16:16:00,KNBE
32.35,32.35,32.26,32.26,600,2021-07-12 16:17:00,KNBE
32.295,32.35,32.295,32.35,300,2021-07-12 16:18:00,KNBE
32.3,32.3452,32.16,32.16,1500,2021-07-12 16:19:00,KNBE
32.25,32.25,32.2306,32.2306,200,2021-07-12 16:20:00,KNBE
32.2,32.2,32.15,32.15,200,2021-07-12 16:21:00,KNBE
32.09,32.09,32.03,32.03,300,2021-07-12 16:22:00,KNBE
32.035,32.09,32.015,32.09,300,2021-07-12 16:23:00,KNBE
32.15,32.213,32.15,32.213,700,2021-07-12 16:24:00,KNBE
32.27,32.27,32.115,32.115,1100,2021-07-12 16:25:00,KNBE
32.11,32.11,32.11,32.11,100,2021-07-12 16:26:00,KNBE
32.085,32.085,32.085,32.085,100,2021-07-12 16:28:00,KNBE
32.15,32.18,32.15,32.18,300,2021-07-12 16:29:00,KNBE
32.25,32.295,32.11,32.11,500,2021-07-12 16:30:00,KNBE
32.09,32.09,32.09,32.09,100,2021-07-12 16:31:00,KNBE
32.09,32.2,32.09,32.2,900,2021-07-12 16:32:00,KNBE
32.29,32.29,32.29,32.29,400,2021-07-12 16:33:00,KNBE
32.245,32.245,32.245,32.245,100,2021-07-12 16:34:00,KNBE
32.4,32.4,32.35,32.4,700,2021-07-12 16:35:00,KNBE
32.55,32.55,32.4,32.4,1300,2021-07-12 16:37:00,KNBE
32.38,32.38,32.33,32.33,500,2021-07-12 16:38:00,KNBE
32.21,32.38,32.2,32.3,1000,2021-07-12 16:39:00,KNBE
32.385,32.44,32.385,32.44,300,2021-07-12 16:40:00,KNBE
32.4718,32.4718,32.35,32.35,700,2021-07-12 16:41:00,KNBE
32.3,32.3085,32.3,32.3085,826,2021-07-12 16:42:00,KNBE
32.3,32.41,32.3,32.4,700,2021-07-12 16:43:00,KNBE
32.35,32.365,32.35,32.365,400,2021-07-12 16:44:00,KNBE
32.28,32.28,32.27,32.27,300,2021-07-12 16:46:00,KNBE
32.22,32.22,32.22,32.22,100,2021-07-12 16:47:00,KNBE
32.24,32.25,32.24,32.25,296,2021-07-12 16:48:00,KNBE
32.35,32.35,32.35,32.35,100,2021-07-12 16:50:00,KNBE
32.37,32.37,32.185,32.185,500,2021-07-12 16:51:00,KNBE
32.08,32.08,32.08,32.08,100,2021-07-12 16:52:00,KNBE
32.19,32.19,32.094,32.094,540,2021-07-12 16:53:00,KNBE
32.21,32.385,32.21,32.385,1300,2021-07-12 16:54:00,KNBE
32.3,32.33,32.175,32.175,400,2021-07-12 16:55:00,KNBE
32.27,32.3,32.19,32.26,901,2021-07-12 16:57:00,KNBE
32.24,32.26,32.24,32.25,600,2021-07-12 16:58:00,KNBE
32.25,32.25,32.25,32.25,100,2021-07-12 16:59:00,KNBE
32.19,32.199,32.18,32.18,400,2021-07-12 17:00:00,KNBE
32.125,32.299,32.125,32.185,860,2021-07-12 17:01:00,KNBE
32.155,32.285,32.05,32.195,700,2021-07-12 17:02:00,KNBE
32.1,32.285,32.05,32.05,800,2021-07-12 17:03:00,KNBE
32.15,32.19,31.85,31.85,3300,2021-07-12 17:04:00,KNBE
31.75,31.8195,31.75,31.8195,600,2021-07-12 17:06:00,KNBE
31.79,31.95,31.72,31.94,1900,2021-07-12 17:07:00,KNBE
31.86,31.89,31.76,31.82,1000,2021-07-12 17:08:00,KNBE
31.82,31.93,31.82,31.91,900,2021-07-12 17:09:00,KNBE
31.9,31.92,31.8,31.85,500,2021-07-12 17:10:00,KNBE
31.775,31.92,31.775,31.92,1800,2021-07-12 17:11:00,KNBE
31.94,31.94,31.83,31.885,900,2021-07-12 17:12:00,KNBE
31.83,31.83,31.78,31.78,700,2021-07-12 17:13:00,KNBE
31.58,31.85,31.58,31.85,1500,2021-07-12 17:14:00,KNBE
31.89,31.9799,31.89,31.9799,200,2021-07-12 17:15:00,KNBE
31.9,32.01,31.9,31.9,2442,2021-07-12 17:16:00,KNBE
32.0,32.0,31.81,31.85,1200,2021-07-12 17:17:00,KNBE
31.89,31.89,31.85,31.85,574,2021-07-12 17:18:00,KNBE
31.8,31.8,31.63,31.63,300,2021-07-12 17:19:00,KNBE
31.8,31.96,31.8,31.96,1200,2021-07-12 17:20:00,KNBE
31.9,31.9,31.79,31.89,662,2021-07-12 17:21:00,KNBE
31.79,31.82,31.765,31.8025,400,2021-07-12 17:22:00,KNBE
31.84,31.84,31.695,31.75,800,2021-07-12 17:23:00,KNBE
31.8,31.83,31.8,31.83,400,2021-07-12 17:24:00,KNBE
31.78,31.86,31.75,31.82,2960,2021-07-12 17:25:00,KNBE
31.8098,31.83,31.805,31.8295,540,2021-07-12 17:26:00,KNBE
31.83,31.89,31.8,31.8,1800,2021-07-12 17:27:00,KNBE
31.8,31.8,31.8,31.8,100,2021-07-12 17:28:00,KNBE
31.85,31.8596,31.85,31.8596,200,2021-07-12 17:29:00,KNBE
31.85,31.89,31.85,31.87,600,2021-07-12 17:30:00,KNBE
31.885,31.885,31.75,31.75,900,2021-07-12 17:31:00,KNBE
31.75,31.82,31.71,31.8,1315,2021-07-12 17:32:00,KNBE
31.8,31.8,31.8,31.8,400,2021-07-12 17:33:00,KNBE
31.8,31.8225,31.7905,31.8,1447,2021-07-12 17:34:00,KNBE
31.765,31.765,31.765,31.765,100,2021-07-12 17:35:00,KNBE
31.765,31.765,31.61,31.64,13600,2021-07-12 17:36:00,KNBE
31.7,31.77,31.7,31.73,1000,2021-07-12 17:37:00,KNBE
31.75,31.76,31.72,31.735,1400,2021-07-12 17:38:00,KNBE
31.74,31.78,31.74,31.745,1000,2021-07-12 17:39:00,KNBE
31.78,31.81,31.77,31.78,2900,2021-07-12 17:40:00,KNBE
31.77,31.77,31.77,31.77,398,2021-07-12 17:41:00,KNBE
31.735,31.76,31.725,31.76,1000,2021-07-12 17:42:00,KNBE
31.76,31.76,31.71,31.7494,1014,2021-07-12 17:43:00,KNBE
31.725,31.75,31.71,31.74,1800,2021-07-12 17:44:00,KNBE
31.74,31.8,31.74,31.8,1000,2021-07-12 17:45:00,KNBE
31.8,31.805,31.79,31.79,300,2021-07-12 17:46:00,KNBE
31.78,31.805,31.78,31.79,500,2021-07-12 17:47:00,KNBE
31.79,31.79,31.735,31.735,1600,2021-07-12 17:48:00,KNBE
31.725,31.725,31.665,31.665,2100,2021-07-12 17:49:00,KNBE
31.58,31.58,31.51,31.51,800,2021-07-12 17:50:00,KNBE
31.475,31.54,31.475,31.475,1550,2021-07-12 17:51:00,KNBE
31.43,31.43,31.43,31.43,400,2021-07-12 17:52:00,KNBE
31.425,31.425,31.37,31.37,200,2021-07-12 17:53:00,KNBE
31.47,31.55,31.45,31.45,2114,2021-07-12 17:54:00,KNBE
31.475,31.475,31.11,31.2,3918,2021-07-12 17:55:00,KNBE
31.19,31.3,31.19,31.24,1900,2021-07-12 17:56:00,KNBE
31.3,31.345,31.25,31.315,2251,2021-07-12 17:57:00,KNBE
31.28,31.33,31.25,31.25,700,2021-07-12 17:58:00,KNBE
31.279,31.279,31.279,31.279,159,2021-07-12 17:59:00,KNBE
31.175,31.175,31.17,31.17,300,2021-07-12 18:00:00,KNBE
31.11,31.155,31.08,31.11,1727,2021-07-12 18:01:00,KNBE
31.085,31.085,30.76,30.905,4116,2021-07-12 18:02:00,KNBE
30.865,30.9322,30.78,30.8001,2960,2021-07-12 18:03:00,KNBE
30.71,30.85,30.66,30.85,3420,2021-07-12 18:04:00,KNBE
30.85,30.91,30.85,30.85,1350,2021-07-12 18:05:00,KNBE
30.85,30.85,30.83,30.85,500,2021-07-12 18:06:00,KNBE
30.905,30.93,30.9,30.93,1600,2021-07-12 18:07:00,KNBE
30.915,30.92,30.9,30.92,400,2021-07-12 18:08:00,KNBE
30.92,30.92,30.81,30.81,925,2021-07-12 18:09:00,KNBE
30.855,30.89,30.83,30.83,800,2021-07-12 18:10:00,KNBE
30.85,30.85,30.76,30.7876,928,2021-07-12 18:11:00,KNBE
30.8,30.8,30.8,30.8,100,2021-07-12 18:12:00,KNBE
30.775,30.7925,30.775,30.7925,200,2021-07-12 18:13:00,KNBE
30.86,30.89,30.86,30.874,500,2021-07-12 18:14:00,KNBE
30.92,30.92,30.89,30.89,500,2021-07-12 18:16:00,KNBE
30.89,30.9,30.88,30.88,1000,2021-07-12 18:17:00,KNBE
30.9,30.95,30.9,30.9,900,2021-07-12 18:18:00,KNBE
30.93,30.93,30.93,30.93,100,2021-07-12 18:19:00,KNBE
30.92,30.92,30.86,30.875,1900,2021-07-12 18:20:00,KNBE
30.89,31.01,30.89,30.965,4932,2021-07-12 18:21:00,KNBE
31.01,31.1,31.01,31.06,1825,2021-07-12 18:22:00,KNBE
31.04,31.13,31.0,31.095,10908,2021-07-12 18:23:00,KNBE
31.11,31.11,31.06,31.095,1436,2021-07-12 18:24:00,KNBE
31.08,31.13,31.06,31.065,4919,2021-07-12 18:25:00,KNBE
31.075,31.0843,31.05,31.07,1517,2021-07-12 18:26:00,KNBE
31.07,31.13,31.067,31.115,1300,2021-07-12 18:27:00,KNBE
31.13,31.21,31.13,31.21,1800,2021-07-12 18:28:00,KNBE
31.235,31.25,31.03,31.03,8205,2021-07-12 18:29:00,KNBE
31.0,31.0,30.95,30.95,500,2021-07-12 18:30:00,KNBE
30.95,30.95,30.825,30.9,1900,2021-07-12 18:31:00,KNBE
30.845,31.01,30.845,31.01,1961,2021-07-12 18:32:00,KNBE
31.0,31.05,31.0,31.02,400,2021-07-12 18:33:00,KNBE
30.99,30.99,30.95,30.955,500,2021-07-12 18:34:00,KNBE
30.91,30.91,30.875,30.875,600,2021-07-12 18:35:00,KNBE
30.875,30.875,30.75,30.75,1200,2021-07-12 18:37:00,KNBE
30.775,30.79,30.775,30.79,200,2021-07-12 18:38:00,KNBE
30.77,30.77,30.77,30.77,200,2021-07-12 18:39:00,KNBE
30.765,30.765,30.765,30.765,100,2021-07-12 18:40:00,KNBE
30.765,30.765,30.765,30.765,100,2021-07-12 18:41:00,KNBE
30.765,30.77,30.765,30.77,400,2021-07-12 18:42:00,KNBE
30.77,30.77,30.77,30.77,200,2021-07-12 18:43:00,KNBE
30.7,30.7,30.7,30.7,200,2021-07-12 18:44:00,KNBE
30.7,30.7,30.69,30.69,800,2021-07-12 18:45:00,KNBE
30.58,30.6,30.58,30.6,375,2021-07-12 18:47:00,KNBE
30.6,30.675,30.6,30.675,500,2021-07-12 18:48:00,KNBE
30.675,30.675,30.58,30.58,900,2021-07-12 18:49:00,KNBE
30.58,30.65,30.58,30.65,700,2021-07-12 18:50:00,KNBE
30.65,30.66,30.625,30.625,694,2021-07-12 18:51:00,KNBE
30.59,30.59,30.59,30.59,200,2021-07-12 18:53:00,KNBE
30.59,30.61,30.59,30.61,200,2021-07-12 18:54:00,KNBE
30.61,30.61,30.61,30.61,194,2021-07-12 18:55:00,KNBE
30.63,30.7095,30.6,30.7095,2495,2021-07-12 18:56:00,KNBE
30.78,30.82,30.78,30.82,2000,2021-07-12 18:58:00,KNBE
30.75,30.75,30.75,30.75,300,2021-07-12 18:59:00,KNBE
30.78,30.81,30.775,30.78,1200,2021-07-12 19:00:00,KNBE
30.795,30.84,30.795,30.84,600,2021-07-12 19:01:00,KNBE
30.87,30.88,30.8,30.85,1000,2021-07-12 19:02:00,KNBE
30.89,30.92,30.89,30.92,492,2021-07-12 19:03:00,KNBE
30.93,30.94,30.93,30.93,3194,2021-07-12 19:04:00,KNBE
30.89,30.9,30.87,30.87,900,2021-07-12 19:05:00,KNBE
30.85,30.9348,30.84,30.915,1400,2021-07-12 19:06:00,KNBE
30.89,30.935,30.89,30.93,1400,2021-07-12 19:07:00,KNBE
30.93,30.97,30.93,30.97,500,2021-07-12 19:08:00,KNBE
30.955,30.96,30.89,30.91,3100,2021-07-12 19:09:00,KNBE
30.935,30.935,30.93,30.93,300,2021-07-12 19:10:00,KNBE
30.935,30.955,30.925,30.94,1900,2021-07-12 19:11:00,KNBE
30.955,30.965,30.955,30.96,1300,2021-07-12 19:12:00,KNBE
30.95,30.96,30.92,30.92,2300,2021-07-12 19:13:00,KNBE
30.91,30.91,30.8,30.8,1113,2021-07-12 19:14:00,KNBE
30.82,30.91,30.79,30.91,1800,2021-07-12 19:15:00,KNBE
30.925,30.925,30.88,30.9,600,2021-07-12 19:16:00,KNBE
30.8895,30.945,30.88,30.945,800,2021-07-12 19:17:00,KNBE
30.945,30.945,30.9,30.9,1600,2021-07-12 19:18:00,KNBE
30.875,30.93,30.875,30.93,648,2021-07-12 19:19:00,KNBE
30.93,30.93,30.9,30.9,500,2021-07-12 19:20:00,KNBE
30.955,30.96,30.91,30.95,2100,2021-07-12 19:22:00,KNBE
30.96,30.98,30.95,30.98,900,2021-07-12 19:23:00,KNBE
30.97,31.07,30.96,31.07,2982,2021-07-12 19:24:00,KNBE
31.08,31.09,31.06,31.075,2111,2021-07-12 19:25:00,KNBE
31.075,31.075,31.06,31.06,600,2021-07-12 19:26:00,KNBE
31.06,31.0748,31.03,31.0301,900,2021-07-12 19:27:00,KNBE
31.045,31.045,30.89,30.98,7660,2021-07-12 19:28:00,KNBE
30.98,30.98,30.93,30.95,2100,2021-07-12 19:29:00,KNBE
30.925,30.925,30.925,30.925,300,2021-07-12 19:30:00,KNBE
30.925,30.93,30.9,30.93,1757,2021-07-12 19:31:00,KNBE
30.905,30.94,30.89,30.94,800,2021-07-12 19:32:00,KNBE
30.89,30.89,30.33,30.52,15289,2021-07-12 19:33:00,KNBE
30.585,30.63,30.5409,30.59,4994,2021-07-12 19:34:00,KNBE
30.6,30.67,30.59,30.67,4171,2021-07-12 19:35:00,KNBE
30.635,30.65,30.4,30.49,2942,2021-07-12 19:36:00,KNBE
30.61,30.61,30.38,30.4,2327,2021-07-12 19:37:00,KNBE
30.4,30.475,30.19,30.25,1764,2021-07-12 19:38:00,KNBE
30.25,30.275,30.15,30.2499,2368,2021-07-12 19:39:00,KNBE
30.18,30.24,30.07,30.07,4382,2021-07-12 19:40:00,KNBE
29.96,30.025,29.9,29.94,2570,2021-07-12 19:41:00,KNBE
29.9,30.09,29.9,30.05,5237,2021-07-12 19:42:00,KNBE
30.05,30.06,30.05,30.05,2100,2021-07-12 19:43:00,KNBE
30.04,30.0525,30.01,30.03,8100,2021-07-12 19:44:00,KNBE
30.06,30.38,30.06,30.27,4781,2021-07-12 19:45:00,KNBE
30.35,30.56,30.35,30.55,2199,2021-07-12 19:46:00,KNBE
30.47,30.7,30.47,30.7,3000,2021-07-12 19:47:00,KNBE
30.655,30.81,30.65,30.68,6222,2021-07-12 19:48:00,KNBE
30.685,30.69,30.67,30.685,4052,2021-07-12 19:49:00,KNBE
30.685,30.69,30.22,30.41,157888,2021-07-12 19:50:00,KNBE
30.445,30.445,30.4,30.4,2634,2021-07-12 19:51:00,KNBE
30.41,30.49,30.35,30.35,9962,2021-07-12 19:52:00,KNBE
30.35,30.47,30.32,30.465,27269,2021-07-12 19:53:00,KNBE
30.47,30.47,30.3,30.3,4373,2021-07-12 19:54:00,KNBE
30.31,30.31,30.3,30.305,6151,2021-07-12 19:55:00,KNBE
30.305,30.33,30.3,30.33,9061,2021-07-12 19:56:00,KNBE
30.32,30.33,30.31,30.315,10844,2021-07-12 19:57:00,KNBE
30.315,30.4,30.315,30.35,10841,2021-07-12 19:58:00,KNBE
30.35,30.38,30.2,30.21,12977,2021-07-12 19:59:00,KNBE
30.21,30.21,30.21,30.21,6916,2021-07-12 20:00:00,KNBE
30.21,30.21,30.21,30.21,300,2021-07-12 21:49:00,KNBE
30.21,30.21,30.21,30.21,100,2021-07-12 22:26:00,KNBE
30.21,30.21,30.21,30.21,500,2021-07-12 23:44:00,KNBE
30.21,30.21,30.21,30.21,516,2021-07-12 23:51:00,KNBE
30.0,30.0,30.0,30.0,200,2021-07-13 12:11:00,KNBE
29.51,29.51,29.51,29.51,600,2021-07-13 13:10:00,KNBE
30.04,30.16,30.0,30.0002,5104,2021-07-13 13:30:00,KNBE
30.105,30.14,29.99,30.09,1850,2021-07-13 13:31:00,KNBE
29.99,30.18,29.99,30.18,700,2021-07-13 13:32:00,KNBE
30.0,30.09,30.0,30.09,800,2021-07-13 13:33:00,KNBE
30.01,30.025,29.95,29.96,3366,2021-07-13 13:34:00,KNBE
29.96,29.96,29.93,29.93,600,2021-07-13 13:35:00,KNBE
29.87,29.87,29.56,29.561,2278,2021-07-13 13:36:00,KNBE
29.33,29.37,29.19,29.29,5738,2021-07-13 13:37:00,KNBE
29.12,29.12,29.0001,29.0001,1200,2021-07-13 13:38:00,KNBE
29.0,29.0,28.69,28.8,7065,2021-07-13 13:39:00,KNBE
28.815,28.849,28.75,28.849,400,2021-07-13 13:40:00,KNBE
28.73,28.843,28.73,28.73,1394,2021-07-13 13:41:00,KNBE
28.815,29.11,28.7431,29.08,4621,2021-07-13 13:42:00,KNBE
29.07,29.07,29.07,29.07,200,2021-07-13 13:43:00,KNBE
28.96,28.97,28.96,28.97,200,2021-07-13 13:44:00,KNBE
29.065,29.065,28.75,28.75,3122,2021-07-13 13:47:00,KNBE
28.54,28.74,28.505,28.7346,2741,2021-07-13 13:48:00,KNBE
28.725,28.8,28.6319,28.8,600,2021-07-13 13:49:00,KNBE
28.69,28.74,28.655,28.72,2730,2021-07-13 13:50:00,KNBE
28.72,28.72,28.65,28.65,600,2021-07-13 13:51:00,KNBE
28.63,28.65,28.302,28.37,5700,2021-07-13 13:52:00,KNBE
28.328,28.53,28.31,28.4799,2968,2021-07-13 13:53:00,KNBE
28.445,28.445,28.43,28.43,300,2021-07-13 13:54:00,KNBE
28.43,28.5,28.41,28.5,1272,2021-07-13 13:55:00,KNBE
28.49,28.76,28.44,28.76,3550,2021-07-13 13:56:00,KNBE
28.66,28.66,28.65,28.65,300,2021-07-13 13:57:00,KNBE
28.735,28.735,28.735,28.735,100,2021-07-13 13:58:00,KNBE
28.65,28.72,28.58,28.71,3660,2021-07-13 13:59:00,KNBE
28.605,28.72,28.605,28.72,300,2021-07-13 14:00:00,KNBE
28.615,28.84,28.615,28.7059,650,2021-07-13 14:01:00,KNBE
28.625,28.658,28.625,28.625,350,2021-07-13 14:02:00,KNBE
28.725,28.83,28.65,28.65,400,2021-07-13 14:03:00,KNBE
28.82,28.82,28.64,28.735,600,2021-07-13 14:04:00,KNBE
28.64,28.8101,28.64,28.64,800,2021-07-13 14:05:00,KNBE
28.735,28.735,28.735,28.735,100,2021-07-13 14:06:00,KNBE
28.8,28.85,28.64,28.85,2560,2021-07-13 14:07:00,KNBE
28.86,28.99,28.86,28.9793,2200,2021-07-13 14:08:00,KNBE
28.96,29.31,28.96,29.2336,3700,2021-07-13 14:09:00,KNBE
29.0701,29.0701,29.0701,29.0701,250,2021-07-13 14:10:00,KNBE
29.1145,29.1145,29.08,29.08,900,2021-07-13 14:11:00,KNBE
29.08,29.08,29.08,29.08,100,2021-07-13 14:12:00,KNBE
29.07,29.0701,28.96,28.96,600,2021-07-13 14:13:00,KNBE
28.96,29.0,28.96,29.0,415,2021-07-13 14:14:00,KNBE
28.96,28.96,28.96,28.96,300,2021-07-13 14:15:00,KNBE
28.97,29.465,28.97,29.37,2394,2021-07-13 14:16:00,KNBE
29.4783,29.5,29.425,29.45,900,2021-07-13 14:17:00,KNBE
29.59,29.66,29.5463,29.66,1700,2021-07-13 14:18:00,KNBE
29.71,29.84,29.71,29.84,1667,2021-07-13 14:19:00,KNBE
29.845,29.93,29.845,29.93,600,2021-07-13 14:20:00,KNBE
29.935,30.3091,29.935,30.215,2232,2021-07-13 14:21:00,KNBE
30.33,30.45,30.33,30.3801,1709,2021-07-13 14:22:00,KNBE
30.455,30.53,30.4,30.5025,1245,2021-07-13 14:23:00,KNBE
30.61,30.65,30.4,30.65,4299,2021-07-13 14:24:00,KNBE
30.545,30.68,30.545,30.56,500,2021-07-13 14:25:00,KNBE
30.55,30.93,30.55,30.93,1600,2021-07-13 14:26:00,KNBE
30.77,31.25,30.74,31.105,4322,2021-07-13 14:27:00,KNBE
31.25,31.25,31.1,31.105,1300,2021-07-13 14:28:00,KNBE
31.21,31.22,30.9702,30.9702,3470,2021-07-13 14:29:00,KNBE
31.01,31.17,30.83,31.13,5560,2021-07-13 14:30:00,KNBE
31.14,31.2913,31.135,31.27,425,2021-07-13 14:31:00,KNBE
31.135,31.17,31.135,31.135,400,2021-07-13 14:32:00,KNBE
31.34,31.4799,31.27,31.345,1500,2021-07-13 14:33:00,KNBE
31.33,31.33,31.2102,31.3,900,2021-07-13 14:34:00,KNBE
31.2997,31.68,31.28,31.5163,8410,2021-07-13 14:35:00,KNBE
31.575,31.6779,31.48,31.5605,1100,2021-07-13 14:36:00,KNBE
31.6367,31.6367,31.6367,31.6367,500,2021-07-13 14:37:00,KNBE
31.575,31.575,31.575,31.575,400,2021-07-13 14:38:00,KNBE
31.5,31.51,31.03,31.03,7996,2021-07-13 14:39:00,KNBE
31.04,31.27,31.04,31.08,3632,2021-07-13 14:40:00,KNBE
31.2427,31.2427,31.1,31.185,1000,2021-07-13 14:41:00,KNBE
31.185,31.21,31.1018,31.175,750,2021-07-13 14:42:00,KNBE
31.19,31.19,31.19,31.19,300,2021-07-13 14:43:00,KNBE
31.15,31.19,30.91,30.94,2570,2021-07-13 14:44:00,KNBE
30.765,30.77,30.58,30.66,2400,2021-07-13 14:45:00,KNBE
30.7,30.9421,30.64,30.9421,1500,2021-07-13 14:46:00,KNBE
30.9,30.9,30.85,30.85,600,2021-07-13 14:47:00,KNBE
30.7709,30.7709,30.7709,30.7709,300,2021-07-13 14:48:00,KNBE
30.81,30.875,30.8002,30.875,300,2021-07-13 14:49:00,KNBE
30.81,30.81,30.81,30.81,100,2021-07-13 14:51:00,KNBE
30.86,30.86,30.8,30.8,1300,2021-07-13 14:52:00,KNBE
30.75,30.76,30.52,30.61,1600,2021-07-13 14:53:00,KNBE
30.63,30.77,30.55,30.77,1227,2021-07-13 14:54:00,KNBE
30.78,30.78,30.67,30.67,200,2021-07-13 14:55:00,KNBE
30.8,30.8,30.8,30.8,100,2021-07-13 14:56:00,KNBE
30.75,30.75,30.675,30.68,400,2021-07-13 15:00:00,KNBE
30.725,30.725,30.64,30.64,600,2021-07-13 15:01:00,KNBE
30.56,30.6,30.55,30.5629,550,2021-07-13 15:02:00,KNBE
30.56,30.56,30.56,30.56,100,2021-07-13 15:03:00,KNBE
30.55,30.6,30.55,30.55,1800,2021-07-13 15:04:00,KNBE
30.555,30.555,30.2648,30.2648,2000,2021-07-13 15:05:00,KNBE
30.32,30.3485,30.27,30.27,900,2021-07-13 15:06:00,KNBE
30.25,30.55,30.25,30.37,1900,2021-07-13 15:07:00,KNBE
30.54,30.57,30.54,30.55,500,2021-07-13 15:08:00,KNBE
30.545,30.5498,30.46,30.46,300,2021-07-13 15:09:00,KNBE
30.54,30.54,30.4676,30.4676,300,2021-07-13 15:11:00,KNBE
30.455,30.475,30.42,30.475,700,2021-07-13 15:12:00,KNBE
30.42,30.42,30.42,30.42,200,2021-07-13 15:14:00,KNBE
30.3,30.3,30.23,30.28,1247,2021-07-13 15:16:00,KNBE
30.28,30.28,30.28,30.28,100,2021-07-13 15:18:00,KNBE
30.23,30.29,30.23,30.265,900,2021-07-13 15:19:00,KNBE
30.3059,30.3059,30.3059,30.3059,100,2021-07-13 15:20:00,KNBE
30.25,30.25,29.98,30.01,1100,2021-07-13 15:22:00,KNBE
29.9343,29.9343,29.85,29.85,300,2021-07-13 15:23:00,KNBE
29.9737,29.9737,29.82,29.83,600,2021-07-13 15:24:00,KNBE
29.97,30.18,29.96,30.04,1535,2021-07-13 15:25:00,KNBE
30.07,30.07,30.07,30.07,100,2021-07-13 15:26:00,KNBE
30.14,30.14,30.14,30.14,100,2021-07-13 15:27:00,KNBE
30.13,30.13,30.13,30.13,100,2021-07-13 15:28:00,KNBE
30.16,30.16,30.16,30.16,100,2021-07-13 15:29:00,KNBE
30.07,30.11,30.07,30.11,200,2021-07-13 15:30:00,KNBE
30.06,30.06,30.06,30.06,100,2021-07-13 15:31:00,KNBE
30.06,30.06,29.935,30.0,2000,2021-07-13 15:32:00,KNBE
29.935,30.11,29.92,30.11,903,2021-07-13 15:33:00,KNBE
30.145,30.175,30.145,30.175,200,2021-07-13 15:34:00,KNBE
30.175,30.19,30.175,30.19,900,2021-07-13 15:35:00,KNBE
30.39,30.39,30.39,30.39,200,2021-07-13 15:36:00,KNBE
30.4262,30.43,30.4262,30.4262,529,2021-07-13 15:38:00,KNBE
30.43,30.43,30.4259,30.4259,300,2021-07-13 15:39:00,KNBE
30.2901,30.2901,30.28,30.28,300,2021-07-13 15:42:00,KNBE
30.265,30.265,30.115,30.1996,700,2021-07-13 15:43:00,KNBE
30.12,30.13,30.09,30.09,400,2021-07-13 15:44:00,KNBE
29.98,29.98,29.98,29.98,100,2021-07-13 15:50:00,KNBE
29.97,29.99,29.97,29.98,300,2021-07-13 15:52:00,KNBE
29.97,29.9701,29.97,29.9701,200,2021-07-13 15:53:00,KNBE
29.97,29.97,29.97,29.97,200,2021-07-13 15:54:00,KNBE
30.0,30.0,29.975,29.975,400,2021-07-13 15:55:00,KNBE
29.97,30.0,29.95,29.98,1000,2021-07-13 15:56:00,KNBE
29.955,30.05,29.955,29.98,571,2021-07-13 15:57:00,KNBE
30.025,30.025,30.025,30.025,100,2021-07-13 15:59:00,KNBE
29.96,29.96,29.96,29.96,100,2021-07-13 16:00:00,KNBE
29.96,30.023,29.955,30.023,1000,2021-07-13 16:03:00,KNBE
29.95,29.95,29.95,29.95,100,2021-07-13 16:05:00,KNBE
29.97,29.97,29.97,29.97,100,2021-07-13 16:06:00,KNBE
29.95,29.96,29.66,29.66,1700,2021-07-13 16:07:00,KNBE
29.66,29.78,29.66,29.6744,950,2021-07-13 16:08:00,KNBE
29.6601,29.67,29.56,29.56,300,2021-07-13 16:09:00,KNBE
29.64,29.64,29.47,29.53,800,2021-07-13 16:10:00,KNBE
29.675,29.6988,29.675,29.6988,400,2021-07-13 16:12:00,KNBE
29.79,29.86,29.72,29.72,2780,2021-07-13 16:13:00,KNBE
29.835,29.835,29.835,29.835,200,2021-07-13 16:14:00,KNBE
29.73,29.76,29.73,29.76,200,2021-07-13 16:15:00,KNBE
29.76,29.79,29.64,29.79,2600,2021-07-13 16:16:00,KNBE
29.75,29.75,29.75,29.75,300,2021-07-13 16:17:00,KNBE
29.76,29.76,29.76,29.76,100,2021-07-13 16:18:00,KNBE
29.6401,29.6401,29.6401,29.6401,199,2021-07-13 16:25:00,KNBE
29.64,29.64,29.64,29.64,100,2021-07-13 16:26:00,KNBE
29.52,29.52,29.52,29.52,100,2021-07-13 16:27:00,KNBE
29.745,29.745,29.745,29.745,100,2021-07-13 16:28:00,KNBE
29.61,29.61,29.6002,29.6002,200,2021-07-13 16:29:00,KNBE
29.625,29.625,29.62,29.62,200,2021-07-13 16:31:00,KNBE
29.51,29.7,29.51,29.61,950,2021-07-13 16:32:00,KNBE
29.61,29.66,29.59,29.59,800,2021-07-13 16:33:00,KNBE
29.65,29.65,29.52,29.52,399,2021-07-13 16:34:00,KNBE
29.6,29.7,29.6,29.665,1596,2021-07-13 16:35:00,KNBE
29.61,29.665,29.5702,29.5702,500,2021-07-13 16:36:00,KNBE
29.72,29.72,29.6,29.625,300,2021-07-13 16:39:00,KNBE
29.62,29.62,29.62,29.62,2000,2021-07-13 16:41:00,KNBE
29.54,29.66,29.53,29.615,500,2021-07-13 16:43:00,KNBE
29.615,29.615,29.55,29.615,600,2021-07-13 16:46:00,KNBE
29.54,29.59,29.52,29.555,1300,2021-07-13 16:47:00,KNBE
29.51,29.51,29.5002,29.5002,200,2021-07-13 16:48:00,KNBE
29.51,29.51,29.51,29.51,100,2021-07-13 16:49:00,KNBE
29.51,29.51,29.3602,29.3602,1035,2021-07-13 16:50:00,KNBE
29.38,29.4,29.365,29.4,900,2021-07-13 16:51:00,KNBE
29.43,29.43,29.43,29.43,200,2021-07-13 16:52:00,KNBE
29.43,29.43,29.36,29.36,200,2021-07-13 16:53:00,KNBE
29.37,29.42,29.365,29.42,600,2021-07-13 16:54:00,KNBE
29.42,29.42,29.42,29.42,305,2021-07-13 16:56:00,KNBE
29.37,29.37,29.37,29.37,200,2021-07-13 16:57:00,KNBE
29.37,29.37,29.37,29.37,100,2021-07-13 16:58:00,KNBE
29.36,29.36,29.31,29.31,1266,2021-07-13 16:59:00,KNBE
29.22,29.23,29.22,29.23,300,2021-07-13 17:00:00,KNBE
29.23,29.23,29.22,29.2201,700,2021-07-13 17:02:00,KNBE
29.22,29.303,29.22,29.23,700,2021-07-13 17:03:00,KNBE
29.24,29.25,29.24,29.25,200,2021-07-13 17:04:00,KNBE
29.25,29.25,29.25,29.25,300,2021-07-13 17:06:00,KNBE
29.24,29.24,29.24,29.24,100,2021-07-13 17:07:00,KNBE
29.25,29.25,29.24,29.24,400,2021-07-13 17:08:00,KNBE
29.25,29.25,29.22,29.22,700,2021-07-13 17:09:00,KNBE
29.225,29.225,29.225,29.225,100,2021-07-13 17:10:00,KNBE
29.24,29.25,29.14,29.14,1100,2021-07-13 17:11:00,KNBE
29.18,29.18,29.18,29.18,100,2021-07-13 17:12:00,KNBE
29.19,29.19,29.18,29.18,200,2021-07-13 17:13:00,KNBE
29.19,29.24,29.19,29.24,200,2021-07-13 17:14:00,KNBE
29.18,29.25,29.18,29.25,500,2021-07-13 17:15:00,KNBE
29.18,29.46,29.18,29.46,2300,2021-07-13 17:16:00,KNBE
29.475,29.475,29.355,29.4,1900,2021-07-13 17:17:00,KNBE
29.4,29.4,29.24,29.24,300,2021-07-13 17:18:00,KNBE
29.42,29.5,29.42,29.5,200,2021-07-13 17:19:00,KNBE
29.5,29.71,29.5,29.62,1100,2021-07-13 17:20:00,KNBE
29.65,29.7,29.65,29.7,300,2021-07-13 17:21:00,KNBE
29.6,29.695,29.6,29.695,227,2021-07-13 17:22:00,KNBE
29.7799,29.7799,29.6,29.6,549,2021-07-13 17:23:00,KNBE
29.6108,29.6108,29.6108,29.6108,500,2021-07-13 17:25:00,KNBE
29.55,29.55,29.55,29.55,100,2021-07-13 17:26:00,KNBE
29.555,29.555,29.4801,29.515,350,2021-07-13 17:27:00,KNBE
29.51,29.51,29.43,29.43,200,2021-07-13 17:28:00,KNBE
29.4,29.4,29.4,29.4,100,2021-07-13 17:29:00,KNBE
29.42,29.42,29.41,29.41,200,2021-07-13 17:30:00,KNBE
29.42,29.51,29.42,29.51,300,2021-07-13 17:31:00,KNBE
29.41,29.42,29.41,29.42,200,2021-07-13 17:34:00,KNBE
29.52,29.52,29.52,29.52,100,2021-07-13 17:35:00,KNBE
29.43,29.43,29.43,29.43,100,2021-07-13 17:36:00,KNBE
29.555,29.82,29.555,29.75,3650,2021-07-13 17:37:00,KNBE
29.77,29.77,29.755,29.755,200,2021-07-13 17:38:00,KNBE
29.755,29.755,29.755,29.755,100,2021-07-13 17:39:00,KNBE
29.66,29.72,29.65,29.72,700,2021-07-13 17:40:00,KNBE
29.705,29.705,29.705,29.705,100,2021-07-13 17:41:00,KNBE
29.705,29.705,29.705,29.705,200,2021-07-13 17:42:00,KNBE
29.705,29.705,29.65,29.705,435,2021-07-13 17:43:00,KNBE
29.77,29.77,29.77,29.77,114,2021-07-13 17:44:00,KNBE
29.705,29.8,29.7,29.8,800,2021-07-13 17:45:00,KNBE
29.72,29.72,29.72,29.72,100,2021-07-13 17:46:00,KNBE
29.76,29.8478,29.76,29.81,700,2021-07-13 17:47:00,KNBE
29.86,29.86,29.795,29.795,1286,2021-07-13 17:48:00,KNBE
29.79,29.81,29.635,29.81,2000,2021-07-13 17:49:00,KNBE
29.625,29.625,29.625,29.625,200,2021-07-13 17:50:00,KNBE
29.615,29.625,29.615,29.625,200,2021-07-13 17:51:00,KNBE
29.635,29.75,29.635,29.75,400,2021-07-13 17:52:00,KNBE
29.75,29.81,29.69,29.81,792,2021-07-13 17:53:00,KNBE
29.87,29.87,29.87,29.87,100,2021-07-13 17:55:00,KNBE
29.87,29.87,29.8506,29.87,450,2021-07-13 17:56:00,KNBE
29.81,29.81,29.81,29.81,100,2021-07-13 17:57:00,KNBE
29.86,29.86,29.86,29.86,100,2021-07-13 17:59:00,KNBE
29.93,29.93,29.8,29.8,1100,2021-07-13 18:00:00,KNBE
29.8,29.86,29.63,29.795,2100,2021-07-13 18:01:00,KNBE
29.795,29.795,29.645,29.65,1400,2021-07-13 18:02:00,KNBE
29.62,29.62,29.595,29.595,300,2021-07-13 18:03:00,KNBE
29.6,29.6,29.6,29.6,400,2021-07-13 18:04:00,KNBE
29.6375,29.74,29.58,29.6,2110,2021-07-13 18:07:00,KNBE
29.6967,29.6967,29.53,29.53,800,2021-07-13 18:11:00,KNBE
29.53,29.53,29.49,29.49,200,2021-07-13 18:12:00,KNBE
29.5,29.53,29.5,29.5,300,2021-07-13 18:14:00,KNBE
29.595,29.595,29.53,29.53,200,2021-07-13 18:16:00,KNBE
29.5,29.595,29.5,29.53,300,2021-07-13 18:17:00,KNBE
29.595,29.595,29.51,29.51,301,2021-07-13 18:18:00,KNBE
29.5,29.595,29.5,29.5,300,2021-07-13 18:19:00,KNBE
29.53,29.7,29.53,29.59,1600,2021-07-13 18:20:00,KNBE
29.59,29.7,29.475,29.61,1100,2021-07-13 18:21:00,KNBE
29.61,29.61,29.61,29.61,100,2021-07-13 18:22:00,KNBE
29.61,29.7,29.51,29.52,700,2021-07-13 18:23:00,KNBE
29.515,29.61,29.515,29.61,200,2021-07-13 18:24:00,KNBE
29.61,29.61,29.61,29.61,700,2021-07-13 18:25:00,KNBE
29.61,29.61,29.61,29.61,200,2021-07-13 18:26:00,KNBE
29.515,29.515,29.515,29.515,200,2021-07-13 18:27:00,KNBE
29.515,29.515,29.515,29.515,100,2021-07-13 18:28:00,KNBE
29.71,29.71,29.52,29.625,300,2021-07-13 18:29:00,KNBE
29.54,29.77,29.54,29.71,1500,2021-07-13 18:30:00,KNBE
29.705,29.705,29.6,29.6,550,2021-07-13 18:31:00,KNBE
29.8,29.8,29.8,29.8,100,2021-07-13 18:32:00,KNBE
29.8,29.87,29.76,29.87,1599,2021-07-13 18:33:00,KNBE
30.08,30.08,30.08,30.08,100,2021-07-13 18:34:00,KNBE
29.9652,29.9652,29.89,29.89,600,2021-07-13 18:35:00,KNBE
29.98,30.03,29.895,29.97,600,2021-07-13 18:36:00,KNBE
30.03,30.03,29.91,29.91,400,2021-07-13 18:37:00,KNBE
30.27,30.27,30.27,30.27,100,2021-07-13 18:38:00,KNBE
30.16,30.16,30.05,30.065,1021,2021-07-13 18:39:00,KNBE
30.05,30.05,30.05,30.05,100,2021-07-13 18:40:00,KNBE
29.99,30.05,29.99,30.05,300,2021-07-13 18:41:00,KNBE
29.99,30.05,29.9801,29.9801,300,2021-07-13 18:42:00,KNBE
30.015,30.015,29.78,29.78,1207,2021-07-13 18:43:00,KNBE
29.825,29.83,29.825,29.83,500,2021-07-13 18:44:00,KNBE
29.83,29.95,29.83,29.95,200,2021-07-13 18:45:00,KNBE
29.69,29.85,29.58,29.72,500,2021-07-13 18:46:00,KNBE
29.655,29.655,29.655,29.655,300,2021-07-13 18:47:00,KNBE
29.635,29.635,29.635,29.635,100,2021-07-13 18:48:00,KNBE
29.585,29.65,29.585,29.65,200,2021-07-13 18:49:00,KNBE
29.51,29.74,29.51,29.64,700,2021-07-13 18:50:00,KNBE
29.715,29.78,29.715,29.72,300,2021-07-13 18:52:00,KNBE
29.7,29.73,29.64,29.725,1137,2021-07-13 18:53:00,KNBE
29.75,29.75,29.64,29.64,200,2021-07-13 18:54:00,KNBE
29.73,29.73,29.65,29.65,400,2021-07-13 18:55:00,KNBE
29.64,29.64,29.64,29.64,100,2021-07-13 18:56:00,KNBE
29.65,29.725,29.635,29.715,800,2021-07-13 18:57:00,KNBE
29.715,29.715,29.715,29.715,200,2021-07-13 18:58:00,KNBE
29.69,29.7,29.63,29.64,1759,2021-07-13 18:59:00,KNBE
29.68,29.68,29.68,29.68,200,2021-07-13 19:00:00,KNBE
29.65,29.75,29.65,29.71,912,2021-07-13 19:01:00,KNBE
29.75,29.75,29.75,29.75,500,2021-07-13 19:02:00,KNBE
29.7,29.735,29.65,29.65,500,2021-07-13 19:03:00,KNBE
29.665,29.76,29.665,29.71,846,2021-07-13 19:04:00,KNBE
29.71,29.71,29.65,29.685,800,2021-07-13 19:05:00,KNBE
29.65,29.72,29.62,29.63,2924,2021-07-13 19:06:00,KNBE
29.65,29.655,29.65,29.655,500,2021-07-13 19:07:00,KNBE
29.68,29.74,29.68,29.68,1449,2021-07-13 19:08:00,KNBE
29.68,29.75,29.68,29.75,1200,2021-07-13 19:09:00,KNBE
29.72,29.73,29.72,29.73,200,2021-07-13 19:10:00,KNBE
29.7,30.0,29.7,30.0,10226,2021-07-13 19:11:00,KNBE
29.99,30.15,29.855,30.15,3500,2021-07-13 19:12:00,KNBE
30.15,30.15,30.1,30.1,300,2021-07-13 19:13:00,KNBE
30.225,30.225,30.13,30.13,300,2021-07-13 19:14:00,KNBE
30.13,30.13,30.0,30.04,600,2021-07-13 19:15:00,KNBE
30.01,30.01,30.0,30.0,500,2021-07-13 19:16:00,KNBE
30.0,30.2,29.99,30.2,1200,2021-07-13 19:17:00,KNBE
30.2,30.2,29.98,30.2,300,2021-07-13 19:18:00,KNBE
30.2,30.2,30.09,30.09,200,2021-07-13 19:19:00,KNBE
30.09,30.09,29.99,29.99,700,2021-07-13 19:20:00,KNBE
29.99,30.045,29.99,30.03,300,2021-07-13 19:21:00,KNBE
30.1,30.1,30.1,30.1,100,2021-07-13 19:22:00,KNBE
30.05,30.05,29.98,30.0,480,2021-07-13 19:23:00,KNBE
29.98,30.05,29.98,30.05,2100,2021-07-13 19:24:00,KNBE
30.07,30.07,29.981,30.0,1400,2021-07-13 19:25:00,KNBE
30.0,30.0,30.0,30.0,400,2021-07-13 19:26:00,KNBE
29.98,30.04,29.98,30.04,2200,2021-07-13 19:27:00,KNBE
30.04,30.06,30.03,30.06,600,2021-07-13 19:28:00,KNBE
30.06,30.06,29.99,29.99,500,2021-07-13 19:29:00,KNBE
29.98,29.99,29.98,29.99,500,2021-07-13 19:30:00,KNBE
30.0,30.035,30.0,30.035,300,2021-07-13 19:31:00,KNBE
30.0,30.0895,29.98,30.0895,4270,2021-07-13 19:32:00,KNBE
29.99,30.17,29.99,30.05,800,2021-07-13 19:33:00,KNBE
30.025,30.06,29.99,30.06,1400,2021-07-13 19:34:00,KNBE
30.1,30.2,30.09,30.1,1700,2021-07-13 19:35:00,KNBE
30.1,30.2,30.0406,30.0406,1300,2021-07-13 19:36:00,KNBE
30.2,30.2,30.03,30.13,800,2021-07-13 19:37:00,KNBE
30.15,30.195,30.11,30.195,300,2021-07-13 19:38:00,KNBE
30.305,30.305,30.19,30.21,800,2021-07-13 19:39:00,KNBE
30.16,30.21,30.14,30.1601,1100,2021-07-13 19:40:00,KNBE
30.175,30.175,30.04,30.0575,3300,2021-07-13 19:41:00,KNBE
30.085,30.15,30.01,30.15,800,2021-07-13 19:42:00,KNBE
30.085,30.14,30.01,30.14,900,2021-07-13 19:43:00,KNBE
30.15,30.15,30.01,30.085,500,2021-07-13 19:44:00,KNBE
30.085,30.11,30.01,30.0875,1859,2021-07-13 19:45:00,KNBE
30.13,30.14,30.085,30.085,1200,2021-07-13 19:46:00,KNBE
30.1,30.15,30.08,30.1,1200,2021-07-13 19:47:00,KNBE
30.1,30.26,30.1,30.205,2670,2021-07-13 19:48:00,KNBE
30.215,30.29,30.215,30.2363,682,2021-07-13 19:49:00,KNBE
30.19,30.3,30.19,30.2275,1200,2021-07-13 19:50:00,KNBE
30.2,30.235,30.18,30.19,1700,2021-07-13 19:51:00,KNBE
30.18,30.235,30.18,30.1801,2916,2021-07-13 19:52:00,KNBE
30.225,30.26,30.18,30.22,2140,2021-07-13 19:53:00,KNBE
30.19,30.29,30.19,30.1901,13124,2021-07-13 19:54:00,KNBE
30.185,30.19,30.18,30.19,3397,2021-07-13 19:55:00,KNBE
30.23,30.2575,30.18,30.225,7961,2021-07-13 19:56:00,KNBE
30.19,30.2,30.19,30.195,1961,2021-07-13 19:57:00,KNBE
30.195,30.29,30.195,30.21,8227,2021-07-13 19:58:00,KNBE
30.21,30.29,30.21,30.21,8527,2021-07-13 19:59:00,KNBE
30.19,30.19,30.19,30.19,7363,2021-07-13 20:00:00,KNBE
30.32,30.32,30.32,30.32,148,2021-07-13 20:07:00,KNBE
30.75,30.75,30.75,30.75,100,2021-07-14 08:41:00,KNBE
30.75,30.75,30.75,30.75,250,2021-07-14 13:26:00,KNBE
31.0,31.37,31.0,31.35,6431,2021-07-14 13:30:00,KNBE
31.7799,31.889,31.7799,31.889,450,2021-07-14 13:31:00,KNBE
31.64,31.9899,31.64,31.94,712,2021-07-14 13:32:00,KNBE
31.32,31.9,30.81,30.81,829,2021-07-14 13:33:00,KNBE
30.83,30.83,30.83,30.83,100,2021-07-14 13:34:00,KNBE
30.905,30.905,30.74,30.8999,1391,2021-07-14 13:35:00,KNBE
30.74,30.74,30.52,30.52,200,2021-07-14 13:36:00,KNBE
30.47,30.47,30.46,30.46,200,2021-07-14 13:38:00,KNBE
30.48,30.48,30.48,30.48,200,2021-07-14 13:39:00,KNBE
30.7986,30.7986,30.5,30.5,6600,2021-07-14 13:40:00,KNBE
30.5,30.6129,30.5,30.6129,420,2021-07-14 13:41:00,KNBE
30.665,30.665,30.665,30.665,100,2021-07-14 13:42:00,KNBE
30.7129,30.7129,30.7129,30.7129,650,2021-07-14 13:44:00,KNBE
30.53,30.67,30.53,30.67,300,2021-07-14 13:45:00,KNBE
30.46,30.46,30.46,30.46,100,2021-07-14 13:50:00,KNBE
30.65,30.82,30.65,30.82,469,2021-07-14 13:51:00,KNBE
30.46,30.65,30.46,30.65,404,2021-07-14 13:53:00,KNBE
30.49,30.65,30.49,30.65,524,2021-07-14 13:54:00,KNBE
30.73,30.73,30.38,30.48,3943,2021-07-14 13:55:00,KNBE
30.48,30.585,30.27,30.27,4350,2021-07-14 13:56:00,KNBE
30.44,30.525,30.0,30.05,6950,2021-07-14 13:57:00,KNBE
30.1,30.245,29.79,30.095,1943,2021-07-14 13:58:00,KNBE
29.97,30.08,29.97,30.03,1200,2021-07-14 13:59:00,KNBE
30.1,30.23,30.07,30.2,3500,2021-07-14 14:00:00,KNBE
30.2037,30.335,30.2037,30.335,900,2021-07-14 14:01:00,KNBE
30.38,30.38,30.38,30.38,400,2021-07-14 14:02:00,KNBE
30.37,30.41,30.355,30.355,600,2021-07-14 14:03:00,KNBE
30.35,30.35,30.35,30.35,200,2021-07-14 14:04:00,KNBE
30.29,30.2995,30.17,30.17,300,2021-07-14 14:05:00,KNBE
30.22,30.365,30.16,30.16,300,2021-07-14 14:06:00,KNBE
30.16,30.16,30.16,30.16,200,2021-07-14 14:07:00,KNBE
30.17,30.17,30.17,30.17,100,2021-07-14 14:08:00,KNBE
30.07,30.265,30.07,30.265,1500,2021-07-14 14:09:00,KNBE
30.15,30.15,30.03,30.03,300,2021-07-14 14:10:00,KNBE
30.05,30.05,30.05,30.05,100,2021-07-14 14:11:00,KNBE
30.15,30.265,30.13,30.14,1700,2021-07-14 14:12:00,KNBE
30.04,30.135,30.04,30.135,200,2021-07-14 14:13:00,KNBE
30.04,30.04,30.04,30.04,100,2021-07-14 14:14:00,KNBE
30.03,30.03,29.96,29.96,300,2021-07-14 14:15:00,KNBE
29.7901,29.965,29.7101,29.965,500,2021-07-14 14:16:00,KNBE
29.6554,29.805,29.5201,29.521,2000,2021-07-14 14:17:00,KNBE
29.588,29.695,29.47,29.47,700,2021-07-14 14:19:00,KNBE
29.42,29.99,29.42,29.76,62531,2021-07-14 14:20:00,KNBE
29.79,29.98,29.765,29.97,2142,2021-07-14 14:21:00,KNBE
29.795,29.925,29.63,29.63,2400,2021-07-14 14:22:00,KNBE
29.675,29.75,29.675,29.75,600,2021-07-14 14:23:00,KNBE
29.765,29.9,29.765,29.9,500,2021-07-14 14:24:00,KNBE
29.82,29.9,29.77,29.9,1000,2021-07-14 14:25:00,KNBE
29.927,29.927,29.79,29.79,500,2021-07-14 14:26:00,KNBE
29.79,29.9,29.79,29.9,300,2021-07-14 14:27:00,KNBE
29.795,29.795,29.795,29.795,200,2021-07-14 14:28:00,KNBE
29.795,29.815,29.795,29.815,500,2021-07-14 14:29:00,KNBE
29.93,30.175,29.89,30.175,1608,2021-07-14 14:30:00,KNBE
30.15,30.15,30.12,30.12,800,2021-07-14 14:31:00,KNBE
30.05,30.05,29.95,29.98,5389,2021-07-14 14:32:00,KNBE
29.93,30.015,29.875,29.875,3078,2021-07-14 14:33:00,KNBE
30.01,30.01,29.85,29.85,800,2021-07-14 14:34:00,KNBE
29.9,30.05,29.89,29.905,1300,2021-07-14 14:35:00,KNBE
29.92,29.9995,29.92,29.9995,700,2021-07-14 14:36:00,KNBE
29.99,29.99,29.99,29.99,100,2021-07-14 14:37:00,KNBE
30.04,30.04,30.04,30.04,100,2021-07-14 14:38:00,KNBE
30.075,30.075,29.99,29.99,600,2021-07-14 14:39:00,KNBE
29.99,29.99,29.99,29.99,200,2021-07-14 14:41:00,KNBE
29.91,30.075,29.91,30.075,1700,2021-07-14 14:42:00,KNBE
29.99,30.07,29.99,30.07,300,2021-07-14 14:43:00,KNBE
29.99,30.026,29.99,30.026,406,2021-07-14 14:45:00,KNBE
29.99,30.075,29.99,29.99,400,2021-07-14 14:47:00,KNBE
30.07,30.155,30.07,30.15,900,2021-07-14 14:49:00,KNBE
30.23,30.33,30.0,30.0,900,2021-07-14 14:50:00,KNBE
30.11,30.11,29.9905,30.105,1650,2021-07-14 14:51:00,KNBE
30.1499,30.1499,30.075,30.075,400,2021-07-14 14:53:00,KNBE
30.18,30.18,30.13,30.13,200,2021-07-14 14:56:00,KNBE
30.1266,30.335,30.1266,30.244,1152,2021-07-14 14:57:00,KNBE
30.23,30.43,30.23,30.33,1650,2021-07-14 14:58:00,KNBE
30.375,30.375,30.285,30.285,300,2021-07-14 14:59:00,KNBE
30.325,30.325,30.325,30.325,200,2021-07-14 15:01:00,KNBE
30.31,30.31,30.19,30.19,1200,2021-07-14 15:02:00,KNBE
30.1495,30.2,30.1,30.1095,776,2021-07-14 15:03:00,KNBE
30.16,30.195,30.001,30.18,1841,2021-07-14 15:04:00,KNBE
30.15,30.15,30.15,30.15,100,2021-07-14 15:05:00,KNBE
30.09,30.145,30.09,30.145,200,2021-07-14 15:06:00,KNBE
30.125,30.125,30.1,30.1,400,2021-07-14 15:07:00,KNBE
30.1,30.1,30.1,30.1,100,2021-07-14 15:08:00,KNBE
30.03,30.145,30.03,30.145,300,2021-07-14 15:09:00,KNBE
30.03,30.03,30.0,30.0,200,2021-07-14 15:11:00,KNBE
30.0,30.09,30.0,30.09,400,2021-07-14 15:12:00,KNBE
30.0,30.0,29.9001,30.0,400,2021-07-14 15:13:00,KNBE
29.995,30.085,29.995,29.995,400,2021-07-14 15:14:00,KNBE
29.995,29.995,29.995,29.995,100,2021-07-14 15:15:00,KNBE
29.995,29.995,29.995,29.995,200,2021-07-14 15:16:00,KNBE
29.995,29.995,29.995,29.995,100,2021-07-14 15:17:00,KNBE
29.995,30.085,29.995,30.085,200,2021-07-14 15:18:00,KNBE
29.995,29.995,29.995,29.995,200,2021-07-14 15:19:00,KNBE
30.03,30.065,29.98,30.065,800,2021-07-14 15:22:00,KNBE
29.94,30.055,29.94,29.98,1400,2021-07-14 15:24:00,KNBE
29.98,30.05,29.98,29.98,700,2021-07-14 15:25:00,KNBE
29.98,30.05,29.98,30.045,1900,2021-07-14 15:26:00,KNBE
29.98,30.04,29.98,29.98,2100,2021-07-14 15:27:00,KNBE
29.98,30.03,29.98,29.98,1250,2021-07-14 15:28:00,KNBE
29.98,30.035,29.86,29.96,2500,2021-07-14 15:29:00,KNBE
29.86,29.955,29.775,29.825,2851,2021-07-14 15:30:00,KNBE
29.75,29.88,29.75,29.84,1000,2021-07-14 15:31:00,KNBE
29.825,29.825,29.825,29.825,300,2021-07-14 15:32:00,KNBE
29.825,29.89,29.62,29.835,1334,2021-07-14 15:33:00,KNBE
29.66,29.875,29.64,29.75,1400,2021-07-14 15:34:00,KNBE
29.87,29.87,29.7,29.7,900,2021-07-14 15:35:00,KNBE
29.62,29.695,29.6,29.695,600,2021-07-14 15:36:00,KNBE
29.6,29.6,29.51,29.51,200,2021-07-14 15:37:00,KNBE
29.45,29.535,29.38,29.38,300,2021-07-14 15:39:00,KNBE
29.38,29.38,29.275,29.275,466,2021-07-14 15:41:00,KNBE
29.275,29.28,29.12,29.12,1300,2021-07-14 15:42:00,KNBE
29.13,29.27,29.13,29.27,300,2021-07-14 15:43:00,KNBE
29.1,29.43,28.84,28.85,13720,2021-07-14 15:44:00,KNBE
28.9,28.9,28.9,28.9,100,2021-07-14 15:45:00,KNBE
29.01,29.215,28.97,29.215,2243,2021-07-14 15:46:00,KNBE
29.04,29.21,29.03,29.125,1000,2021-07-14 15:47:00,KNBE
28.965,29.14,28.965,29.0595,1500,2021-07-14 15:48:00,KNBE
28.9168,29.16,28.9168,29.155,2400,2021-07-14 15:49:00,KNBE
28.975,29.105,28.975,29.105,1400,2021-07-14 15:50:00,KNBE
29.0,29.085,28.925,28.925,1900,2021-07-14 15:51:00,KNBE
28.88,29.02,28.6901,28.995,4600,2021-07-14 15:52:00,KNBE
28.91,29.05,28.845,29.05,1700,2021-07-14 15:53:00,KNBE
29.125,29.235,28.81,28.865,4470,2021-07-14 15:54:00,KNBE
28.9622,29.23,28.9622,29.2,2417,2021-07-14 15:55:00,KNBE
29.125,29.175,29.0,29.145,1200,2021-07-14 15:56:00,KNBE
29.08,29.195,29.075,29.175,2390,2021-07-14 15:57:00,KNBE
29.175,29.255,29.075,29.09,2600,2021-07-14 15:58:00,KNBE
29.14,29.255,29.12,29.19,2262,2021-07-14 15:59:00,KNBE
29.17,29.19,29.03,29.185,2135,2021-07-14 16:00:00,KNBE
29.1,29.265,29.1,29.2442,2120,2021-07-14 16:01:00,KNBE
29.26,29.32,29.1,29.1,1189,2021-07-14 16:02:00,KNBE
29.13,29.31,29.11,29.185,2500,2021-07-14 16:03:00,KNBE
29.2,29.25,29.2,29.2,500,2021-07-14 16:04:00,KNBE
29.2,29.245,29.16,29.2,1200,2021-07-14 16:05:00,KNBE
29.225,29.26,29.115,29.22,1080,2021-07-14 16:06:00,KNBE
29.25,29.26,29.18,29.26,500,2021-07-14 16:07:00,KNBE
29.3,29.415,29.2,29.415,1750,2021-07-14 16:08:00,KNBE
29.25,29.34,29.13,29.165,1821,2021-07-14 16:09:00,KNBE
29.15,29.22,29.15,29.22,414,2021-07-14 16:10:00,KNBE
29.17,29.31,29.13,29.13,586,2021-07-14 16:11:00,KNBE
29.125,29.2,29.1,29.2,1500,2021-07-14 16:12:00,KNBE
29.2,29.295,29.1,29.16,1300,2021-07-14 16:13:00,KNBE
29.16,29.315,29.13,29.315,2850,2021-07-14 16:14:00,KNBE
29.31,29.31,29.175,29.23,800,2021-07-14 16:15:00,KNBE
29.25,29.315,29.17,29.2,900,2021-07-14 16:16:00,KNBE
29.2,29.25,29.16,29.24,4000,2021-07-14 16:17:00,KNBE
29.2,29.2,29.2,29.2,100,2021-07-14 16:18:00,KNBE
29.2,29.2499,29.18,29.2,1800,2021-07-14 16:19:00,KNBE
29.25,29.315,29.15,29.15,1100,2021-07-14 16:20:00,KNBE
29.125,29.24,29.125,29.2,1100,2021-07-14 16:21:00,KNBE
29.15,29.25,29.1,29.195,2400,2021-07-14 16:22:00,KNBE
29.15,29.22,29.15,29.175,643,2021-07-14 16:23:00,KNBE
29.17,29.175,29.17,29.175,400,2021-07-14 16:24:00,KNBE
29.19,29.19,29.14,29.19,600,2021-07-14 16:25:00,KNBE
29.22,29.235,29.19,29.1995,400,2021-07-14 16:26:00,KNBE
29.19,29.1995,29.19,29.19,300,2021-07-14 16:27:00,KNBE
29.19,29.235,29.19,29.235,400,2021-07-14 16:28:00,KNBE
29.19,29.19,29.19,29.19,100,2021-07-14 16:30:00,KNBE
29.19,29.19,29.19,29.19,200,2021-07-14 16:31:00,KNBE
29.22,29.325,29.22,29.325,600,2021-07-14 16:32:00,KNBE
29.3,29.345,29.3,29.3202,1121,2021-07-14 16:33:00,KNBE
29.345,29.345,29.345,29.345,100,2021-07-14 16:34:00,KNBE
29.3,29.3,29.19,29.245,756,2021-07-14 16:35:00,KNBE
29.15,29.15,29.15,29.15,100,2021-07-14 16:37:00,KNBE
29.2,29.2,29.2,29.2,100,2021-07-14 16:38:00,KNBE
29.2,29.2,29.2,29.2,100,2021-07-14 16:40:00,KNBE
29.225,29.29,29.225,29.29,200,2021-07-14 16:41:00,KNBE
29.27,29.27,29.225,29.225,700,2021-07-14 16:42:00,KNBE
29.17,29.17,29.135,29.135,500,2021-07-14 16:46:00,KNBE
29.095,29.185,29.095,29.16,700,2021-07-14 16:48:00,KNBE
29.185,29.32,29.185,29.26,1697,2021-07-14 16:49:00,KNBE
29.23,29.23,29.23,29.23,100,2021-07-14 16:50:00,KNBE
29.18,29.24,29.15,29.24,933,2021-07-14 16:51:00,KNBE
29.125,29.125,29.125,29.125,100,2021-07-14 16:52:00,KNBE
29.125,29.335,29.125,29.335,1003,2021-07-14 16:53:00,KNBE
29.25,29.25,29.25,29.25,200,2021-07-14 16:54:00,KNBE
29.29,29.29,29.29,29.29,300,2021-07-14 16:56:00,KNBE
29.205,29.285,29.205,29.285,300,2021-07-14 16:57:00,KNBE
29.205,29.205,29.205,29.205,100,2021-07-14 16:58:00,KNBE
29.205,29.205,29.205,29.205,100,2021-07-14 16:59:00,KNBE
29.26,29.26,29.26,29.26,100,2021-07-14 17:00:00,KNBE
29.3,29.335,29.275,29.275,400,2021-07-14 17:01:00,KNBE
29.31,29.31,29.31,29.31,100,2021-07-14 17:02:00,KNBE
29.285,29.309,29.285,29.29,300,2021-07-14 17:03:00,KNBE
29.335,29.495,29.3087,29.42,1100,2021-07-14 17:04:00,KNBE
29.565,29.565,29.455,29.455,300,2021-07-14 17:06:00,KNBE
29.42,29.43,29.42,29.43,200,2021-07-14 17:07:00,KNBE
29.45,29.45,29.45,29.45,100,2021-07-14 17:09:00,KNBE
29.455,29.495,29.38,29.495,400,2021-07-14 17:10:00,KNBE
29.305,29.305,29.26,29.26,200,2021-07-14 17:11:00,KNBE
29.255,29.33,29.255,29.33,600,2021-07-14 17:12:00,KNBE
29.33,29.33,29.33,29.33,100,2021-07-14 17:13:00,KNBE
29.4,29.4,29.4,29.4,100,2021-07-14 17:15:00,KNBE
29.3,29.42,29.25,29.25,1043,2021-07-14 17:16:00,KNBE
29.35,29.35,29.35,29.35,200,2021-07-14 17:17:00,KNBE
29.32,29.32,29.31,29.32,300,2021-07-14 17:19:00,KNBE
29.3,29.395,29.25,29.25,700,2021-07-14 17:22:00,KNBE
29.25,29.3,29.25,29.28,500,2021-07-14 17:23:00,KNBE
29.27,29.345,29.2,29.2,895,2021-07-14 17:25:00,KNBE
29.2128,29.2128,29.2128,29.2128,170,2021-07-14 17:26:00,KNBE
29.22,29.335,29.19,29.19,25913,2021-07-14 17:27:00,KNBE
29.19,29.195,29.1,29.1,1500,2021-07-14 17:28:00,KNBE
29.05,29.17,28.9352,29.05,1602,2021-07-14 17:29:00,KNBE
29.045,29.045,28.9,28.9,544,2021-07-14 17:30:00,KNBE
29.0,29.18,28.965,29.18,1272,2021-07-14 17:31:00,KNBE
29.0,29.03,28.995,29.03,300,2021-07-14 17:32:00,KNBE
29.05,29.2199,29.05,29.16,6528,2021-07-14 17:33:00,KNBE
29.12,29.175,28.8907,29.08,700,2021-07-14 17:34:00,KNBE
29.14,29.305,29.14,29.28,908,2021-07-14 17:35:00,KNBE
29.17,29.24,29.17,29.24,418,2021-07-14 17:36:00,KNBE
29.14,29.23,29.025,29.14,24191,2021-07-14 17:37:00,KNBE
29.179,29.195,29.11,29.11,861,2021-07-14 17:38:00,KNBE
29.11,29.22,29.11,29.16,622,2021-07-14 17:39:00,KNBE
29.16,29.19,29.155,29.19,400,2021-07-14 17:40:00,KNBE
29.21,29.3275,29.21,29.3,1400,2021-07-14 17:41:00,KNBE
29.25,29.31,29.25,29.25,800,2021-07-14 17:42:00,KNBE
29.05,29.24,29.05,29.17,1100,2021-07-14 17:43:00,KNBE
29.17,29.17,29.17,29.17,100,2021-07-14 17:44:00,KNBE
29.17,29.17,29.17,29.17,100,2021-07-14 17:45:00,KNBE
29.2,29.235,29.2,29.22,500,2021-07-14 17:47:00,KNBE
29.19,29.19,29.1,29.1,300,2021-07-14 17:48:00,KNBE
29.075,29.075,29.06,29.06,568,2021-07-14 17:50:00,KNBE
29.06,29.19,29.06,29.19,200,2021-07-14 17:51:00,KNBE
29.24,29.24,29.19,29.19,700,2021-07-14 17:52:00,KNBE
29.11,29.11,29.075,29.075,300,2021-07-14 17:53:00,KNBE
29.08,29.18,28.9426,28.9426,1200,2021-07-14 17:54:00,KNBE
29.2,29.2,29.14,29.14,400,2021-07-14 17:56:00,KNBE
29.11,29.175,29.09,29.09,600,2021-07-14 17:57:00,KNBE
29.09,29.1,29.045,29.045,400,2021-07-14 17:58:00,KNBE
29.05,29.05,29.05,29.05,100,2021-07-14 17:59:00,KNBE
29.005,29.14,29.005,29.075,600,2021-07-14 18:00:00,KNBE
29.075,29.15,29.075,29.15,200,2021-07-14 18:01:00,KNBE
29.075,29.075,29.075,29.075,100,2021-07-14 18:02:00,KNBE
29.1,29.14,29.1,29.14,200,2021-07-14 18:03:00,KNBE
29.1,29.1,29.1,29.1,200,2021-07-14 18:05:00,KNBE
29.15,29.15,29.105,29.1499,700,2021-07-14 18:07:00,KNBE
29.1,29.1,29.1,29.1,100,2021-07-14 18:08:00,KNBE
29.1,29.1,29.1,29.1,100,2021-07-14 18:09:00,KNBE
29.1,29.1,29.1,29.1,200,2021-07-14 18:10:00,KNBE
29.1,29.1,29.1,29.1,200,2021-07-14 18:11:00,KNBE
29.105,29.105,29.105,29.105,100,2021-07-14 18:15:00,KNBE
29.105,29.105,29.105,29.105,100,2021-07-14 18:16:00,KNBE
29.105,29.105,29.105,29.105,100,2021-07-14 18:20:00,KNBE
29.1,29.12,29.1,29.12,800,2021-07-14 18:21:00,KNBE
29.1,29.1,29.1,29.1,100,2021-07-14 18:23:00,KNBE
29.14,29.14,29.1,29.1,500,2021-07-14 18:24:00,KNBE
29.105,29.105,29.105,29.105,100,2021-07-14 18:25:00,KNBE
29.105,29.105,29.105,29.105,100,2021-07-14 18:26:00,KNBE
29.06,29.09,29.05,29.09,900,2021-07-14 18:27:00,KNBE
29.09,29.1,29.09,29.1,300,2021-07-14 18:28:00,KNBE
29.145,29.145,29.145,29.145,100,2021-07-14 18:29:00,KNBE
29.1,29.1,29.06,29.1,400,2021-07-14 18:30:00,KNBE
29.1,29.22,29.1,29.22,2900,2021-07-14 18:31:00,KNBE
29.22,29.26,29.22,29.26,400,2021-07-14 18:32:00,KNBE
29.265,29.265,29.19,29.265,300,2021-07-14 18:33:00,KNBE
29.15,29.15,29.15,29.15,100,2021-07-14 18:35:00,KNBE
29.31,29.31,29.31,29.31,200,2021-07-14 18:38:00,KNBE
29.24,29.24,29.24,29.24,100,2021-07-14 18:40:00,KNBE
29.15,29.15,29.14,29.14,200,2021-07-14 18:41:00,KNBE
29.165,29.19,29.08,29.19,1100,2021-07-14 18:44:00,KNBE
29.1,29.1,29.1,29.1,200,2021-07-14 18:45:00,KNBE
29.095,29.095,29.095,29.095,100,2021-07-14 18:46:00,KNBE
29.2,29.28,29.2,29.28,400,2021-07-14 18:47:00,KNBE
29.29,29.29,29.2,29.2,200,2021-07-14 18:48:00,KNBE
29.28,29.29,29.2,29.27,544,2021-07-14 18:49:00,KNBE
29.195,29.195,29.195,29.195,100,2021-07-14 18:50:00,KNBE
29.27,29.27,29.27,29.27,100,2021-07-14 18:51:00,KNBE
29.28,29.28,29.2,29.205,300,2021-07-14 18:52:00,KNBE
29.3,29.48,29.28,29.425,995,2021-07-14 18:54:00,KNBE
29.425,29.425,29.425,29.425,300,2021-07-14 18:55:00,KNBE
29.48,29.5,29.48,29.5,300,2021-07-14 18:56:00,KNBE
29.71,29.71,29.67,29.67,200,2021-07-14 18:57:00,KNBE
29.69,29.735,29.69,29.735,300,2021-07-14 18:58:00,KNBE
29.63,29.725,29.62,29.63,400,2021-07-14 18:59:00,KNBE
29.56,29.56,29.56,29.56,100,2021-07-14 19:00:00,KNBE
29.49,29.49,29.31,29.36,600,2021-07-14 19:01:00,KNBE
29.4,29.595,29.4,29.445,1305,2021-07-14 19:02:00,KNBE
29.48,29.48,29.415,29.415,305,2021-07-14 19:03:00,KNBE
29.46,29.5,29.445,29.5,400,2021-07-14 19:04:00,KNBE
29.46,29.56,29.43,29.56,600,2021-07-14 19:05:00,KNBE
29.47,29.47,29.47,29.47,300,2021-07-14 19:06:00,KNBE
29.465,29.465,29.465,29.465,100,2021-07-14 19:09:00,KNBE
29.33,29.52,29.32,29.52,300,2021-07-14 19:11:00,KNBE
29.39,29.39,29.39,29.39,200,2021-07-14 19:12:00,KNBE
29.17,29.4625,29.17,29.4625,1099,2021-07-14 19:14:00,KNBE
29.22,29.56,29.22,29.36,1499,2021-07-14 19:15:00,KNBE
29.35,29.38,29.3128,29.36,915,2021-07-14 19:16:00,KNBE
29.38,29.38,29.345,29.345,200,2021-07-14 19:17:00,KNBE
29.5,29.5,29.23,29.2376,900,2021-07-14 19:19:00,KNBE
29.345,29.345,29.345,29.345,100,2021-07-14 19:20:00,KNBE
29.335,29.335,29.335,29.335,200,2021-07-14 19:21:00,KNBE
29.28,29.45,29.22,29.26,1300,2021-07-14 19:22:00,KNBE
29.27,29.27,29.27,29.27,100,2021-07-14 19:23:00,KNBE
29.25,29.37,29.25,29.345,1404,2021-07-14 19:24:00,KNBE
29.43,29.43,29.36,29.36,300,2021-07-14 19:25:00,KNBE
29.38,29.41,29.355,29.3978,600,2021-07-14 19:26:00,KNBE
29.322,29.41,29.245,29.38,2088,2021-07-14 19:27:00,KNBE
29.35,29.35,29.185,29.23,1033,2021-07-14 19:28:00,KNBE
29.23,29.29,29.22,29.275,799,2021-07-14 19:29:00,KNBE
29.19,29.26,29.1,29.175,1199,2021-07-14 19:30:00,KNBE
29.175,29.175,29.175,29.175,200,2021-07-14 19:31:00,KNBE
29.17,29.17,29.17,29.17,200,2021-07-14 19:32:00,KNBE
29.17,29.17,29.17,29.17,300,2021-07-14 19:33:00,KNBE
29.17,29.17,29.17,29.17,100,2021-07-14 19:34:00,KNBE
29.17,29.17,29.17,29.17,100,2021-07-14 19:35:00,KNBE
29.16,29.16,29.16,29.16,300,2021-07-14 19:36:00,KNBE
29.16,29.16,29.16,29.16,400,2021-07-14 19:37:00,KNBE
29.155,29.155,29.155,29.155,100,2021-07-14 19:38:00,KNBE
29.155,29.22,29.155,29.165,700,2021-07-14 19:39:00,KNBE
29.165,29.165,29.155,29.155,400,2021-07-14 19:40:00,KNBE
29.15,29.15,29.15,29.15,300,2021-07-14 19:41:00,KNBE
29.15,29.28,29.15,29.28,1200,2021-07-14 19:42:00,KNBE
29.27,29.375,29.25,29.375,743,2021-07-14 19:43:00,KNBE
29.375,29.375,29.17,29.175,1783,2021-07-14 19:44:00,KNBE
29.08,29.27,29.08,29.195,700,2021-07-14 19:45:00,KNBE
29.195,29.28,29.195,29.235,1000,2021-07-14 19:46:00,KNBE
29.235,29.2694,29.235,29.235,800,2021-07-14 19:47:00,KNBE
29.235,29.235,29.23,29.235,800,2021-07-14 19:48:00,KNBE
29.29,29.29,29.275,29.275,514,2021-07-14 19:49:00,KNBE
29.25,29.31,29.185,29.185,2139,2021-07-14 19:50:00,KNBE
29.185,29.185,29.185,29.185,600,2021-07-14 19:51:00,KNBE
29.185,29.185,29.185,29.185,600,2021-07-14 19:52:00,KNBE
29.165,29.165,29.15,29.15,600,2021-07-14 19:53:00,KNBE
29.15,29.15,29.145,29.145,700,2021-07-14 19:54:00,KNBE
29.14,29.305,29.14,29.305,1840,2021-07-14 19:55:00,KNBE
29.23,29.31,29.225,29.23,1297,2021-07-14 19:56:00,KNBE
29.27,29.29,29.14,29.14,2594,2021-07-14 19:57:00,KNBE
29.17,29.19,29.08,29.08,1600,2021-07-14 19:58:00,KNBE
29.115,29.165,29.08,29.13,4686,2021-07-14 19:59:00,KNBE
29.08,29.08,29.08,29.08,17691,2021-07-14 20:00:00,KNBE
28.31,28.31,28.31,28.31,303,2021-07-15 13:29:00,KNBE
28.27,28.33,28.26,28.28,8846,2021-07-15 13:30:00,KNBE
28.4999,28.4999,28.06,28.06,3700,2021-07-15 13:31:00,KNBE
28.24,28.24,28.225,28.225,300,2021-07-15 13:32:00,KNBE
28.061,28.195,28.061,28.195,819,2021-07-15 13:33:00,KNBE
28.05,28.05,27.51,27.69,5248,2021-07-15 13:34:00,KNBE
27.665,27.83,27.53,27.8,5188,2021-07-15 13:35:00,KNBE
28.0333,28.0333,27.58,27.58,550,2021-07-15 13:36:00,KNBE
27.765,27.765,27.64,27.64,200,2021-07-15 13:37:00,KNBE
27.61,27.7362,27.52,27.64,1050,2021-07-15 13:38:00,KNBE
27.52,27.7599,27.52,27.56,904,2021-07-15 13:39:00,KNBE
27.52,27.65,27.52,27.65,429,2021-07-15 13:40:00,KNBE
27.65,27.65,27.65,27.65,1600,2021-07-15 13:41:00,KNBE
27.7402,27.7402,27.65,27.669,600,2021-07-15 13:42:00,KNBE
27.65,27.65,27.33,27.415,2976,2021-07-15 13:43:00,KNBE
27.385,27.385,27.1966,27.24,1049,2021-07-15 13:44:00,KNBE
27.39,27.395,27.24,27.24,700,2021-07-15 13:45:00,KNBE
27.22,27.2593,27.165,27.21,700,2021-07-15 13:46:00,KNBE
27.21,27.3,27.1301,27.2999,2730,2021-07-15 13:47:00,KNBE
27.2488,27.395,27.225,27.395,3117,2021-07-15 13:48:00,KNBE
27.415,27.44,27.39,27.435,1200,2021-07-15 13:49:00,KNBE
27.435,27.6786,27.41,27.6786,5975,2021-07-15 13:50:00,KNBE
27.6961,27.735,27.66,27.66,1700,2021-07-15 13:51:00,KNBE
27.6505,27.66,27.55,27.5952,900,2021-07-15 13:52:00,KNBE
27.61,27.61,27.55,27.6,600,2021-07-15 13:53:00,KNBE
27.56,27.8025,27.56,27.8025,2154,2021-07-15 13:54:00,KNBE
27.75,27.7625,27.55,27.55,1500,2021-07-15 13:55:00,KNBE
27.5604,27.75,27.5604,27.745,900,2021-07-15 13:56:00,KNBE
27.88,27.88,27.8,27.83,400,2021-07-15 13:57:00,KNBE
27.8199,27.8199,27.5527,27.655,1300,2021-07-15 13:58:00,KNBE
27.7499,27.815,27.6,27.815,2279,2021-07-15 13:59:00,KNBE
27.945,28.07,27.89,28.05,3400,2021-07-15 14:00:00,KNBE
28.16,28.16,28.0,28.0,650,2021-07-15 14:01:00,KNBE
28.0,28.0,27.8722,28.0,1640,2021-07-15 14:02:00,KNBE
28.0,28.0,27.9806,27.9806,600,2021-07-15 14:03:00,KNBE
28.0,28.0,28.0,28.0,100,2021-07-15 14:04:00,KNBE
27.955,27.955,27.85,27.86,15288,2021-07-15 14:05:00,KNBE
27.935,28.02,27.86,28.0,3865,2021-07-15 14:06:00,KNBE
28.04,28.0495,27.953,27.953,1010,2021-07-15 14:07:00,KNBE
27.995,27.995,27.99,27.99,500,2021-07-15 14:08:00,KNBE
27.995,27.995,27.86,27.91,2643,2021-07-15 14:09:00,KNBE
27.91,27.92,27.83,27.83,1700,2021-07-15 14:10:00,KNBE
27.83,27.83,27.805,27.805,400,2021-07-15 14:11:00,KNBE
27.8,27.9,27.8,27.86,3810,2021-07-15 14:12:00,KNBE
27.86,27.86,27.775,27.7825,900,2021-07-15 14:13:00,KNBE
27.6,27.75,27.6,27.75,1000,2021-07-15 14:14:00,KNBE
27.725,27.73,27.6,27.6,13910,2021-07-15 14:15:00,KNBE
27.725,27.725,27.49,27.5023,7596,2021-07-15 14:16:00,KNBE
27.58,27.58,27.21,27.21,589,2021-07-15 14:17:00,KNBE
27.28,27.435,27.28,27.435,1230,2021-07-15 14:18:00,KNBE
27.46,27.46,27.26,27.26,1144,2021-07-15 14:19:00,KNBE
27.4,27.4885,27.4,27.4885,1292,2021-07-15 14:20:00,KNBE
27.41,27.55,27.4,27.55,300,2021-07-15 14:21:00,KNBE
27.4,27.4,27.19,27.265,1312,2021-07-15 14:22:00,KNBE
27.19,27.19,27.12,27.12,300,2021-07-15 14:23:00,KNBE
27.12,27.22,27.03,27.22,2544,2021-07-15 14:24:00,KNBE
27.22,27.383,27.12,27.12,2500,2021-07-15 14:25:00,KNBE
27.11,27.2,27.11,27.2,500,2021-07-15 14:26:00,KNBE
27.2,27.2,27.11,27.2,912,2021-07-15 14:27:00,KNBE
27.335,27.335,27.17,27.17,1908,2021-07-15 14:28:00,KNBE
27.16,27.4,27.16,27.3004,1000,2021-07-15 14:29:00,KNBE
27.37,27.37,27.12,27.12,1546,2021-07-15 14:30:00,KNBE
27.2,27.2588,27.18,27.235,500,2021-07-15 14:31:00,KNBE
27.19,27.21,27.19,27.21,400,2021-07-15 14:32:00,KNBE
27.21,27.27,27.2,27.27,949,2021-07-15 14:33:00,KNBE
27.335,27.39,27.3025,27.39,2450,2021-07-15 14:34:00,KNBE
27.335,27.335,27.19,27.245,1838,2021-07-15 14:35:00,KNBE
27.28,27.41,27.28,27.41,3475,2021-07-15 14:36:00,KNBE
27.3,27.31,27.26,27.26,600,2021-07-15 14:37:00,KNBE
27.3,27.31,27.28,27.31,1248,2021-07-15 14:38:00,KNBE
27.31,27.4,27.26,27.26,3358,2021-07-15 14:39:00,KNBE
27.26,27.32,27.26,27.26,800,2021-07-15 14:40:00,KNBE
27.26,27.359,27.26,27.33,2379,2021-07-15 14:41:00,KNBE
27.33,27.36,27.3,27.3,1200,2021-07-15 14:42:00,KNBE
27.265,27.265,27.265,27.265,200,2021-07-15 14:43:00,KNBE
27.29,27.46,27.29,27.375,4678,2021-07-15 14:44:00,KNBE
27.38,27.425,27.275,27.3,2400,2021-07-15 14:45:00,KNBE
27.29,27.34,27.18,27.205,1687,2021-07-15 14:46:00,KNBE
27.185,27.33,27.18,27.33,1800,2021-07-15 14:47:00,KNBE
27.355,27.355,27.185,27.185,2792,2021-07-15 14:48:00,KNBE
27.25,27.25,27.21,27.25,600,2021-07-15 14:49:00,KNBE
27.25,27.25,27.185,27.2,1500,2021-07-15 14:50:00,KNBE
27.21,27.365,27.21,27.25,3600,2021-07-15 14:51:00,KNBE
27.29,27.38,27.23,27.29,2175,2021-07-15 14:52:00,KNBE
27.29,27.32,27.275,27.32,1000,2021-07-15 14:53:00,KNBE
27.32,27.34,27.25,27.25,4194,2021-07-15 14:54:00,KNBE
27.25,27.25,27.165,27.19,3700,2021-07-15 14:55:00,KNBE
27.21,27.285,27.201,27.285,2135,2021-07-15 14:56:00,KNBE
27.18,27.24,27.18,27.205,1300,2021-07-15 14:57:00,KNBE
27.18,27.2,27.17,27.17,400,2021-07-15 14:58:00,KNBE
27.155,27.155,27.155,27.155,200,2021-07-15 14:59:00,KNBE
27.19,27.37,27.19,27.37,3700,2021-07-15 15:00:00,KNBE
27.37,27.37,27.3,27.36,2224,2021-07-15 15:01:00,KNBE
27.31,27.34,27.2,27.34,2521,2021-07-15 15:02:00,KNBE
27.295,27.295,27.18,27.18,1091,2021-07-15 15:03:00,KNBE
27.23,27.25,27.225,27.25,700,2021-07-15 15:04:00,KNBE
27.255,27.29,27.255,27.29,463,2021-07-15 15:05:00,KNBE
27.255,27.36,27.255,27.35,1400,2021-07-15 15:06:00,KNBE
27.35,27.4,27.35,27.4,200,2021-07-15 15:07:00,KNBE
27.35,27.38,27.35,27.38,1100,2021-07-15 15:08:00,KNBE
27.25,27.25,27.25,27.25,100,2021-07-15 15:09:00,KNBE
27.405,27.405,27.4,27.4,200,2021-07-15 15:10:00,KNBE
27.4,27.4,27.4,27.4,100,2021-07-15 15:11:00,KNBE
27.4,27.4,27.35,27.35,1050,2021-07-15 15:12:00,KNBE
27.365,27.4385,27.24,27.24,1400,2021-07-15 15:13:00,KNBE
27.27,27.3,27.27,27.27,1850,2021-07-15 15:14:00,KNBE
27.265,27.33,27.265,27.31,1300,2021-07-15 15:15:00,KNBE
27.31,27.38,27.28,27.31,6301,2021-07-15 15:16:00,KNBE
27.3,27.31,27.24,27.24,1200,2021-07-15 15:17:00,KNBE
27.245,27.255,27.245,27.255,300,2021-07-15 15:18:00,KNBE
27.245,27.3,27.245,27.26,1000,2021-07-15 15:19:00,KNBE
27.24,27.3,27.21,27.21,2800,2021-07-15 15:20:00,KNBE
27.225,27.27,27.225,27.27,1647,2021-07-15 15:21:00,KNBE
27.27,27.275,27.25,27.25,1100,2021-07-15 15:22:00,KNBE
27.22,27.26,27.22,27.26,1100,2021-07-15 15:23:00,KNBE
27.28,27.4,27.28,27.4,5364,2021-07-15 15:24:00,KNBE
27.34,27.35,27.34,27.35,400,2021-07-15 15:25:00,KNBE
27.35,27.37,27.287,27.37,1330,2021-07-15 15:26:00,KNBE
27.37,27.479,27.305,27.479,1927,2021-07-15 15:27:00,KNBE
27.42,27.5238,27.38,27.47,1898,2021-07-15 15:28:00,KNBE
27.54,27.6,27.43,27.595,6711,2021-07-15 15:29:00,KNBE
27.6,27.67,27.535,27.67,8221,2021-07-15 15:30:00,KNBE
27.695,27.695,27.61,27.65,1120,2021-07-15 15:31:00,KNBE
27.6,27.675,27.52,27.675,3525,2021-07-15 15:32:00,KNBE
27.67,27.7,27.67,27.69,300,2021-07-15 15:33:00,KNBE
27.66,27.66,27.66,27.66,400,2021-07-15 15:34:00,KNBE
27.66,27.73,27.66,27.73,343,2021-07-15 15:35:00,KNBE
27.7,27.7,27.655,27.66,400,2021-07-15 15:36:00,KNBE
27.59,27.66,27.59,27.645,2737,2021-07-15 15:37:00,KNBE
27.645,27.69,27.645,27.69,784,2021-07-15 15:38:00,KNBE
27.66,27.69,27.66,27.69,700,2021-07-15 15:39:00,KNBE
27.66,27.69,27.59,27.68,1683,2021-07-15 15:40:00,KNBE
27.67,27.69,27.67,27.69,400,2021-07-15 15:41:00,KNBE
27.67,27.67,27.64,27.64,1300,2021-07-15 15:43:00,KNBE
27.66,27.66,27.63,27.63,1729,2021-07-15 15:44:00,KNBE
27.53,27.53,27.52,27.52,692,2021-07-15 15:45:00,KNBE
27.4,27.4,27.305,27.34,3500,2021-07-15 15:46:00,KNBE
27.34,27.43,27.33,27.43,1658,2021-07-15 15:47:00,KNBE
27.38,27.38,27.32,27.32,1714,2021-07-15 15:48:00,KNBE
27.3,27.3,27.1,27.25,2804,2021-07-15 15:49:00,KNBE
27.2,27.2985,27.2,27.27,1600,2021-07-15 15:50:00,KNBE
27.25,27.35,27.25,27.29,1629,2021-07-15 15:51:00,KNBE
27.33,27.33,27.315,27.315,200,2021-07-15 15:52:00,KNBE
27.25,27.25,27.25,27.25,100,2021-07-15 15:53:00,KNBE
27.245,27.3785,27.245,27.31,1431,2021-07-15 15:54:00,KNBE
27.37,27.37,27.2,27.2124,32486,2021-07-15 15:55:00,KNBE
27.2,27.3,27.2,27.225,600,2021-07-15 15:56:00,KNBE
27.2,27.28,27.08,27.08,550,2021-07-15 15:57:00,KNBE
27.1,27.1,26.99,27.0,13800,2021-07-15 15:58:00,KNBE
27.05,27.115,27.0,27.115,3236,2021-07-15 15:59:00,KNBE
27.115,27.115,27.08,27.08,793,2021-07-15 16:00:00,KNBE
26.99,26.99,26.92,26.92,3508,2021-07-15 16:02:00,KNBE
26.92,26.945,26.7818,26.835,23002,2021-07-15 16:03:00,KNBE
26.835,27.055,26.825,27.055,3267,2021-07-15 16:04:00,KNBE
27.03,27.05,26.93,26.93,1600,2021-07-15 16:05:00,KNBE
26.945,26.945,26.945,26.945,100,2021-07-15 16:06:00,KNBE
26.93,26.93,26.93,26.93,300,2021-07-15 16:07:00,KNBE
26.93,26.93,26.82,26.86,1125,2021-07-15 16:08:00,KNBE
26.835,26.835,26.57,26.67,970,2021-07-15 16:09:00,KNBE
26.68,26.6885,26.6,26.655,1230,2021-07-15 16:10:00,KNBE
26.74,26.92,26.74,26.92,4526,2021-07-15 16:11:00,KNBE
26.83,26.8696,26.72,26.795,1104,2021-07-15 16:12:00,KNBE
26.795,26.87,26.795,26.87,3800,2021-07-15 16:13:00,KNBE
26.87,26.97,26.87,26.97,6800,2021-07-15 16:14:00,KNBE
26.95,26.97,26.855,26.855,2250,2021-07-15 16:15:00,KNBE
26.82,26.82,26.8,26.82,800,2021-07-15 16:16:00,KNBE
26.805,26.805,26.805,26.805,300,2021-07-15 16:17:00,KNBE
26.71,26.75,26.67,26.701,1857,2021-07-15 16:18:00,KNBE
26.75,26.79,26.73,26.75,1907,2021-07-15 16:19:00,KNBE
26.7,26.7,26.7,26.7,100,2021-07-15 16:20:00,KNBE
26.7,26.83,26.7,26.825,2300,2021-07-15 16:21:00,KNBE
26.85,27.0,26.795,26.795,900,2021-07-15 16:22:00,KNBE
26.85,26.85,26.7401,26.7401,300,2021-07-15 16:23:00,KNBE
26.85,26.85,26.85,26.85,200,2021-07-15 16:24:00,KNBE
26.95,27.03,26.91,27.03,2000,2021-07-15 16:25:00,KNBE
27.03,27.03,26.99,27.0,1672,2021-07-15 16:26:00,KNBE
27.0,27.01,26.9491,26.9491,1382,2021-07-15 16:27:00,KNBE
26.94,26.96,26.94,26.96,396,2021-07-15 16:29:00,KNBE
26.9,27.0129,26.8034,26.995,1150,2021-07-15 16:31:00,KNBE
26.925,26.925,26.905,26.905,600,2021-07-15 16:32:00,KNBE
26.96,26.98,26.96,26.98,300,2021-07-15 16:33:00,KNBE
26.94,26.94,26.84,26.84,1141,2021-07-15 16:34:00,KNBE
26.87,26.87,26.87,26.87,400,2021-07-15 16:35:00,KNBE
26.885,26.885,26.885,26.885,100,2021-07-15 16:37:00,KNBE
26.89,26.978,26.89,26.978,3000,2021-07-15 16:42:00,KNBE
26.98,26.98,26.94,26.955,1115,2021-07-15 16:43:00,KNBE
26.955,26.955,26.955,26.955,100,2021-07-15 16:47:00,KNBE
26.91,26.91,26.845,26.845,750,2021-07-15 16:48:00,KNBE
26.84,26.84,26.825,26.825,400,2021-07-15 16:49:00,KNBE
26.76,26.785,26.76,26.785,300,2021-07-15 16:50:00,KNBE
26.78,26.78,26.78,26.78,100,2021-07-15 16:51:00,KNBE
26.75,26.765,26.7,26.765,916,2021-07-15 16:52:00,KNBE
26.765,26.8,26.76,26.8,2305,2021-07-15 16:53:00,KNBE
26.8,26.8,26.8,26.8,1529,2021-07-15 16:54:00,KNBE
26.77,26.78,26.77,26.77,600,2021-07-15 16:55:00,KNBE
26.75,26.7512,26.75,26.7512,1200,2021-07-15 16:56:00,KNBE
26.745,26.745,26.745,26.745,100,2021-07-15 16:57:00,KNBE
26.745,26.745,26.745,26.745,600,2021-07-15 16:58:00,KNBE
26.765,26.77,26.73,26.77,5512,2021-07-15 16:59:00,KNBE
26.77,26.77,26.77,26.77,1750,2021-07-15 17:00:00,KNBE
26.77,26.81,26.75,26.79,2375,2021-07-15 17:01:00,KNBE
26.84,26.9,26.8,26.9,1000,2021-07-15 17:02:00,KNBE
26.9,26.9,26.83,26.83,2000,2021-07-15 17:03:00,KNBE
26.83,26.83,26.76,26.76,800,2021-07-15 17:04:00,KNBE
26.81,26.81,26.81,26.81,100,2021-07-15 17:05:00,KNBE
26.79,26.83,26.79,26.81,7115,2021-07-15 17:07:00,KNBE
26.81,26.81,26.76,26.76,400,2021-07-15 17:08:00,KNBE
26.76,26.76,26.76,26.76,100,2021-07-15 17:09:00,KNBE
26.75,26.75,26.7,26.7,7993,2021-07-15 17:10:00,KNBE
26.55,26.55,26.32,26.44,1978,2021-07-15 17:11:00,KNBE
26.31,26.31,26.31,26.31,100,2021-07-15 17:12:00,KNBE
26.2,26.4,26.1421,26.33,2622,2021-07-15 17:13:00,KNBE
26.12,26.28,26.12,26.1701,1464,2021-07-15 17:14:00,KNBE
26.23,26.29,26.14,26.1401,2859,2021-07-15 17:15:00,KNBE
26.195,26.195,26.19,26.19,200,2021-07-15 17:16:00,KNBE
26.19,26.26,26.19,26.25,2500,2021-07-15 17:17:00,KNBE
26.27,26.34,26.25,26.34,1390,2021-07-15 17:18:00,KNBE
26.29,26.29,26.28,26.28,596,2021-07-15 17:20:00,KNBE
26.24,26.24,26.24,26.24,200,2021-07-15 17:21:00,KNBE
26.255,26.255,26.255,26.255,200,2021-07-15 17:22:00,KNBE
26.18,26.18,26.025,26.03,750,2021-07-15 17:23:00,KNBE
26.06,26.09,26.0502,26.075,700,2021-07-15 17:24:00,KNBE
26.11,26.16,26.11,26.1501,1372,2021-07-15 17:25:00,KNBE
26.04,26.1853,26.03,26.1853,700,2021-07-15 17:26:00,KNBE
26.075,26.15,26.0,26.0,800,2021-07-15 17:27:00,KNBE
26.04,26.04,26.04,26.04,200,2021-07-15 17:28:00,KNBE
26.04,26.08,26.0001,26.0001,900,2021-07-15 17:29:00,KNBE
26.05,26.105,26.0104,26.105,800,2021-07-15 17:30:00,KNBE
26.07,26.08,26.0604,26.08,300,2021-07-15 17:31:00,KNBE
26.07,26.07,26.07,26.07,100,2021-07-15 17:33:00,KNBE
26.07,26.07,26.045,26.05,1000,2021-07-15 17:34:00,KNBE
26.05,26.1,26.05,26.1,8500,2021-07-15 17:35:00,KNBE
26.15,26.18,26.15,26.18,1000,2021-07-15 17:36:00,KNBE
26.25,26.25,26.215,26.215,1900,2021-07-15 17:37:00,KNBE
26.215,26.2999,26.205,26.205,3491,2021-07-15 17:38:00,KNBE
26.23,26.23,26.1575,26.1575,500,2021-07-15 17:39:00,KNBE
26.23,26.23,26.23,26.23,100,2021-07-15 17:40:00,KNBE
26.2,26.225,26.17,26.22,1520,2021-07-15 17:41:00,KNBE
26.22,26.22,26.16,26.22,600,2021-07-15 17:42:00,KNBE
26.22,26.22,26.16,26.215,2500,2021-07-15 17:43:00,KNBE
26.17,26.215,26.17,26.2025,1000,2021-07-15 17:44:00,KNBE
26.22,26.25,26.22,26.25,800,2021-07-15 17:45:00,KNBE
26.245,26.32,26.22,26.3,5110,2021-07-15 17:46:00,KNBE
26.34,26.3801,26.34,26.3801,400,2021-07-15 17:47:00,KNBE
26.39,26.39,26.265,26.265,700,2021-07-15 17:48:00,KNBE
26.24,26.24,26.2006,26.205,3300,2021-07-15 17:49:00,KNBE
26.24,26.33,26.24,26.33,1000,2021-07-15 17:50:00,KNBE
26.25,26.2799,26.215,26.22,2000,2021-07-15 17:51:00,KNBE
26.245,26.245,26.21,26.24,900,2021-07-15 17:52:00,KNBE
26.26,26.27,26.23,26.27,6879,2021-07-15 17:53:00,KNBE
26.28,26.28,26.2704,26.2704,498,2021-07-15 17:54:00,KNBE
26.28,26.28,26.0801,26.16,1988,2021-07-15 17:55:00,KNBE
26.2,26.25,26.14,26.25,1300,2021-07-15 17:56:00,KNBE
26.2,26.25,26.155,26.25,2810,2021-07-15 17:57:00,KNBE
26.21,26.26,26.18,26.26,4200,2021-07-15 17:58:00,KNBE
26.25,26.25,26.1875,26.22,3200,2021-07-15 17:59:00,KNBE
26.25,26.25,26.18,26.25,2728,2021-07-15 18:00:00,KNBE
26.26,26.26,26.2501,26.2501,801,2021-07-15 18:01:00,KNBE
26.26,26.26,26.17,26.23,2543,2021-07-15 18:02:00,KNBE
26.12,26.2,26.12,26.2,1800,2021-07-15 18:03:00,KNBE
26.18,26.235,26.18,26.235,3575,2021-07-15 18:04:00,KNBE
26.25,26.31,26.2235,26.25,2604,2021-07-15 18:05:00,KNBE
26.19,26.25,26.19,26.25,200,2021-07-15 18:06:00,KNBE
26.24,26.24,26.24,26.24,400,2021-07-15 18:07:00,KNBE
26.225,26.225,26.2,26.2,400,2021-07-15 18:08:00,KNBE
26.25,26.25,26.2275,26.2275,500,2021-07-15 18:09:00,KNBE
26.21,26.21,26.2,26.2,400,2021-07-15 18:10:00,KNBE
26.25,26.27,26.24,26.27,1800,2021-07-15 18:11:00,KNBE
26.29,26.29,26.28,26.29,900,2021-07-15 18:12:00,KNBE
26.25,26.25,26.23,26.25,300,2021-07-15 18:13:00,KNBE
26.25,26.25,26.25,26.25,600,2021-07-15 18:15:00,KNBE
26.3243,26.3243,26.25,26.25,200,2021-07-15 18:16:00,KNBE
26.25,26.25,26.25,26.25,100,2021-07-15 18:17:00,KNBE
26.21,26.26,26.21,26.25,1000,2021-07-15 18:18:00,KNBE
26.25,26.26,26.21,26.26,700,2021-07-15 18:19:00,KNBE
26.25,26.25,26.25,26.25,100,2021-07-15 18:20:00,KNBE
26.26,26.26,26.26,26.26,144,2021-07-15 18:22:00,KNBE
26.25,26.25,26.24,26.24,600,2021-07-15 18:23:00,KNBE
26.26,26.28,26.23,26.23,2400,2021-07-15 18:24:00,KNBE
26.27,26.28,26.26,26.26,300,2021-07-15 18:25:00,KNBE
26.25,26.25,26.25,26.25,100,2021-07-15 18:26:00,KNBE
26.275,26.2799,26.275,26.2799,400,2021-07-15 18:28:00,KNBE
26.265,26.2995,26.25,26.25,1000,2021-07-15 18:29:00,KNBE
26.29,26.29,26.23,26.23,2151,2021-07-15 18:30:00,KNBE
26.23,26.235,26.23,26.235,2700,2021-07-15 18:31:00,KNBE
26.225,26.25,26.19,26.24,3730,2021-07-15 18:32:00,KNBE
26.23,26.25,26.1901,26.235,2921,2021-07-15 18:33:00,KNBE
26.215,26.36,26.215,26.34,2811,2021-07-15 18:34:00,KNBE
26.39,26.39,26.3,26.31,420,2021-07-15 18:35:00,KNBE
26.35,26.35,26.35,26.35,150,2021-07-15 18:36:00,KNBE
26.2736,26.375,26.2736,26.37,424,2021-07-15 18:37:00,KNBE
26.38,26.38,26.27,26.27,295,2021-07-15 18:39:00,KNBE
26.32,26.49,26.32,26.39,984,2021-07-15 18:40:00,KNBE
26.29,26.29,26.29,26.29,100,2021-07-15 18:41:00,KNBE
26.31,26.31,26.3,26.3,766,2021-07-15 18:43:00,KNBE
26.361,26.38,26.361,26.38,200,2021-07-15 18:44:00,KNBE
26.31,26.33,26.23,26.33,4684,2021-07-15 18:47:00,KNBE
26.37,26.45,26.305,26.35,7088,2021-07-15 18:48:00,KNBE
26.33,26.398,26.325,26.398,1500,2021-07-15 18:49:00,KNBE
26.35,26.35,26.24,26.24,1300,2021-07-15 18:50:00,KNBE
26.3,26.3645,26.28,26.3,1270,2021-07-15 18:51:00,KNBE
26.29,26.41,26.26,26.26,472,2021-07-15 18:52:00,KNBE
26.305,26.35,26.305,26.305,800,2021-07-15 18:53:00,KNBE
26.39,26.39,26.2901,26.2901,600,2021-07-15 18:54:00,KNBE
26.3,26.3,26.3,26.3,100,2021-07-15 18:55:00,KNBE
26.36,26.38,26.26,26.26,1941,2021-07-15 18:56:00,KNBE
26.33,26.38,26.3,26.37,2885,2021-07-15 18:57:00,KNBE
26.35,26.35,26.34,26.34,600,2021-07-15 18:58:00,KNBE
26.351,26.37,26.351,26.37,400,2021-07-15 18:59:00,KNBE
26.39,26.4,26.34,26.375,4992,2021-07-15 19:00:00,KNBE
26.35,26.35,26.35,26.35,200,2021-07-15 19:01:00,KNBE
26.34,26.34,26.34,26.34,300,2021-07-15 19:02:00,KNBE
26.34,26.35,26.34,26.35,755,2021-07-15 19:03:00,KNBE
26.35,26.375,26.34,26.34,2300,2021-07-15 19:04:00,KNBE
26.34,26.34,26.34,26.34,200,2021-07-15 19:05:00,KNBE
26.35,26.38,26.26,26.3,2692,2021-07-15 19:06:00,KNBE
26.25,26.27,26.205,26.26,3900,2021-07-15 19:07:00,KNBE
26.285,26.285,26.1884,26.215,1091,2021-07-15 19:08:00,KNBE
26.25,26.28,26.25,26.28,400,2021-07-15 19:09:00,KNBE
26.32,26.32,26.27,26.3,900,2021-07-15 19:10:00,KNBE
26.25,26.32,26.25,26.3,600,2021-07-15 19:12:00,KNBE
26.28,26.28,26.28,26.28,155,2021-07-15 19:13:00,KNBE
26.261,26.28,26.25,26.25,300,2021-07-15 19:14:00,KNBE
26.285,26.3,26.285,26.3,245,2021-07-15 19:15:00,KNBE
26.3,26.32,26.3,26.32,300,2021-07-15 19:16:00,KNBE
26.28,26.28,26.24,26.24,1900,2021-07-15 19:17:00,KNBE
26.24,26.33,26.24,26.3,2700,2021-07-15 19:18:00,KNBE
26.27,26.28,26.27,26.27,842,2021-07-15 19:19:00,KNBE
26.23,26.26,26.23,26.24,1104,2021-07-15 19:20:00,KNBE
26.25,26.265,26.245,26.26,3466,2021-07-15 19:21:00,KNBE
26.2605,26.27,26.24,26.25,1000,2021-07-15 19:22:00,KNBE
26.265,26.27,26.23,26.24,1673,2021-07-15 19:23:00,KNBE
26.24,26.28,26.235,26.28,3365,2021-07-15 19:24:00,KNBE
26.3,26.39,26.285,26.39,5341,2021-07-15 19:25:00,KNBE
26.35,26.42,26.35,26.41,1360,2021-07-15 19:26:00,KNBE
26.31,26.31,26.28,26.28,1100,2021-07-15 19:28:00,KNBE
26.28,26.37,26.28,26.34,2332,2021-07-15 19:29:00,KNBE
26.3,26.32,26.25,26.285,1300,2021-07-15 19:30:00,KNBE
26.25,26.32,26.25,26.31,3077,2021-07-15 19:31:00,KNBE
26.31,26.33,26.31,26.33,684,2021-07-15 19:32:00,KNBE
26.3,26.36,26.3,26.36,200,2021-07-15 19:33:00,KNBE
26.325,26.325,26.325,26.325,100,2021-07-15 19:34:00,KNBE
26.3,26.3,26.29,26.3,2500,2021-07-15 19:35:00,KNBE
26.3,26.34,26.2921,26.315,2502,2021-07-15 19:36:00,KNBE
26.34,26.34,26.3,26.31,1000,2021-07-15 19:37:00,KNBE
26.31,26.32,26.3,26.315,1500,2021-07-15 19:38:00,KNBE
26.33,26.34,26.31,26.31,2499,2021-07-15 19:39:00,KNBE
26.315,26.34,26.315,26.34,1100,2021-07-15 19:40:00,KNBE
26.34,26.4,26.34,26.385,1178,2021-07-15 19:41:00,KNBE
26.41,26.42,26.38,26.3894,1188,2021-07-15 19:42:00,KNBE
26.4,26.4,26.34,26.38,3058,2021-07-15 19:43:00,KNBE
26.4,26.41,26.375,26.41,3051,2021-07-15 19:44:00,KNBE
26.435,26.5,26.435,26.5,600,2021-07-15 19:45:00,KNBE
26.47,26.53,26.46,26.46,2961,2021-07-15 19:46:00,KNBE
26.41,26.41,26.31,26.3325,1171,2021-07-15 19:47:00,KNBE
26.3,26.35,26.275,26.275,2143,2021-07-15 19:48:00,KNBE
26.34,26.35,26.34,26.35,1258,2021-07-15 19:49:00,KNBE
26.4,26.5,26.36,26.425,5051,2021-07-15 19:50:00,KNBE
26.425,26.45,26.42,26.42,4562,2021-07-15 19:51:00,KNBE
26.42,26.42,26.38,26.42,4900,2021-07-15 19:52:00,KNBE
26.38,26.4,26.3001,26.38,2051,2021-07-15 19:53:00,KNBE
26.32,26.33,26.2732,26.29,8874,2021-07-15 19:54:00,KNBE
26.26,26.305,26.21,26.305,10912,2021-07-15 19:55:00,KNBE
26.28,26.35,26.28,26.33,7058,2021-07-15 19:56:00,KNBE
26.35,26.37,26.285,26.325,4115,2021-07-15 19:57:00,KNBE
26.33,26.37,26.29,26.34,13325,2021-07-15 19:58:00,KNBE
26.34,26.37,26.31,26.31,5728,2021-07-15 19:59:00,KNBE
26.32,26.32,26.32,26.32,15608,2021-07-15 20:00:00,KNBE
26.33,26.5897,26.33,26.5897,2328,2021-07-16 13:30:00,KNBE
26.34,26.34,26.34,26.34,100,2021-07-16 13:32:00,KNBE
26.37,26.37,26.37,26.37,100,2021-07-16 13:34:00,KNBE
26.3853,26.3853,26.3853,26.3853,100,2021-07-16 13:35:00,KNBE
26.6612,26.72,26.62,26.72,1300,2021-07-16 13:36:00,KNBE
26.72,26.9494,26.72,26.9494,1539,2021-07-16 13:37:00,KNBE
26.98,27.0,26.87,26.8848,2500,2021-07-16 13:38:00,KNBE
26.82,26.83,26.81,26.83,400,2021-07-16 13:39:00,KNBE
26.915,26.915,26.85,26.915,800,2021-07-16 13:41:00,KNBE
26.85,27.0,26.85,27.0,1869,2021-07-16 13:42:00,KNBE
26.9919,26.9919,26.96,26.96,600,2021-07-16 13:43:00,KNBE
27.0,27.0,26.99,26.99,1357,2021-07-16 13:44:00,KNBE
27.0,27.0,26.96,26.96,700,2021-07-16 13:45:00,KNBE
26.95,26.95,26.855,26.855,200,2021-07-16 13:46:00,KNBE
26.9785,26.9785,26.9785,26.9785,400,2021-07-16 13:47:00,KNBE
26.79,26.79,26.79,26.79,200,2021-07-16 13:48:00,KNBE
26.8036,26.8036,26.8036,26.8036,499,2021-07-16 13:49:00,KNBE
26.8,26.895,26.8,26.81,300,2021-07-16 13:50:00,KNBE
26.81,26.81,26.81,26.81,200,2021-07-16 13:51:00,KNBE
26.895,26.895,26.81,26.81,200,2021-07-16 13:52:00,KNBE
26.83,26.885,26.67,26.67,800,2021-07-16 13:55:00,KNBE
26.725,26.725,26.56,26.57,838,2021-07-16 13:56:00,KNBE
26.48,26.5,26.42,26.4305,2000,2021-07-16 14:00:00,KNBE
26.4,26.43,26.4,26.43,1100,2021-07-16 14:01:00,KNBE
26.41,26.41,26.41,26.41,100,2021-07-16 14:02:00,KNBE
26.455,26.455,26.455,26.455,100,2021-07-16 14:03:00,KNBE
26.42,26.43,26.42,26.43,300,2021-07-16 14:04:00,KNBE
26.465,26.465,26.39,26.39,712,2021-07-16 14:05:00,KNBE
26.23,26.23,26.02,26.115,1210,2021-07-16 14:06:00,KNBE
26.18,26.18,26.06,26.125,900,2021-07-16 14:07:00,KNBE
26.125,26.19,26.12,26.14,900,2021-07-16 14:09:00,KNBE
26.13,26.15,26.13,26.15,200,2021-07-16 14:10:00,KNBE
26.13,26.15,26.11,26.13,500,2021-07-16 14:11:00,KNBE
26.13,26.15,26.13,26.13,400,2021-07-16 14:12:00,KNBE
26.15,26.15,26.05,26.1,1100,2021-07-16 14:13:00,KNBE
26.05,26.05,26.05,26.05,100,2021-07-16 14:14:00,KNBE
26.13,26.3099,26.13,26.205,1211,2021-07-16 14:15:00,KNBE
26.205,26.205,26.205,26.205,1350,2021-07-16 14:16:00,KNBE
26.203,26.31,26.203,26.29,900,2021-07-16 14:17:00,KNBE
26.26,26.26,26.26,26.26,100,2021-07-16 14:19:00,KNBE
26.3499,26.3499,26.21,26.21,800,2021-07-16 14:22:00,KNBE
26.18,26.21,26.18,26.21,580,2021-07-16 14:23:00,KNBE
26.135,26.135,26.135,26.135,100,2021-07-16 14:24:00,KNBE
26.08,26.08,26.08,26.08,100,2021-07-16 14:25:00,KNBE
26.085,26.2,26.085,26.17,6081,2021-07-16 14:26:00,KNBE
26.175,26.175,26.13,26.175,1968,2021-07-16 14:27:00,KNBE
26.175,26.18,26.125,26.18,1000,2021-07-16 14:28:00,KNBE
26.165,26.165,26.04,26.04,1000,2021-07-16 14:29:00,KNBE
26.11,26.11,26.04,26.05,600,2021-07-16 14:30:00,KNBE
26.14,26.24,26.13,26.16,1388,2021-07-16 14:31:00,KNBE
26.17,26.17,26.165,26.165,400,2021-07-16 14:33:00,KNBE
26.18,26.18,26.18,26.18,100,2021-07-16 14:34:00,KNBE
26.19,26.265,26.19,26.265,200,2021-07-16 14:36:00,KNBE
26.2,26.2,26.2,26.2,100,2021-07-16 14:38:00,KNBE
26.2,26.2,26.2,26.2,100,2021-07-16 14:39:00,KNBE
26.24,26.24,26.19,26.19,1504,2021-07-16 14:40:00,KNBE
26.18,26.18,26.18,26.18,200,2021-07-16 14:41:00,KNBE
26.25,26.25,26.2,26.2,300,2021-07-16 14:43:00,KNBE
26.27,26.4985,26.27,26.4985,1200,2021-07-16 14:44:00,KNBE
26.45,26.465,26.41,26.44,700,2021-07-16 14:45:00,KNBE
26.48,26.499,26.48,26.485,300,2021-07-16 14:46:00,KNBE
26.485,26.65,26.485,26.49,1965,2021-07-16 14:47:00,KNBE
26.405,26.41,26.405,26.41,495,2021-07-16 14:49:00,KNBE
26.5,26.65,26.46,26.65,561,2021-07-16 14:50:00,KNBE
26.5,26.5,26.42,26.46,769,2021-07-16 14:51:00,KNBE
26.45,26.46,26.42,26.45,600,2021-07-16 14:52:00,KNBE
26.45,26.45,26.4,26.4096,400,2021-07-16 14:53:00,KNBE
26.43,26.43,26.3,26.3,925,2021-07-16 14:54:00,KNBE
26.36,26.46,26.36,26.45,1500,2021-07-16 14:56:00,KNBE
26.4,26.4,26.28,26.28,1195,2021-07-16 14:57:00,KNBE
26.26,26.265,26.15,26.23,1000,2021-07-16 14:59:00,KNBE
26.28,26.28,26.18,26.18,200,2021-07-16 15:00:00,KNBE
26.18,26.25,26.18,26.2,900,2021-07-16 15:01:00,KNBE
26.225,26.225,26.225,26.225,2457,2021-07-16 15:02:00,KNBE
26.23,26.23,26.23,26.23,400,2021-07-16 15:03:00,KNBE
26.145,26.145,26.04,26.04,700,2021-07-16 15:04:00,KNBE
26.06,26.09,26.03,26.04,4201,2021-07-16 15:05:00,KNBE
26.045,26.055,26.0,26.0,2600,2021-07-16 15:06:00,KNBE
26.0,26.0,25.9,25.945,1518,2021-07-16 15:07:00,KNBE
25.97,25.98,25.91,25.91,400,2021-07-16 15:08:00,KNBE
25.9,25.94,25.9,25.91,600,2021-07-16 15:09:00,KNBE
25.82,25.91,25.82,25.89,1493,2021-07-16 15:10:00,KNBE
25.88,25.88,25.8706,25.8706,200,2021-07-16 15:11:00,KNBE
25.87,25.92,25.87,25.8975,300,2021-07-16 15:12:00,KNBE
25.89,25.95,25.89,25.95,200,2021-07-16 15:13:00,KNBE
25.95,25.965,25.95,25.95,300,2021-07-16 15:14:00,KNBE
25.95,25.98,25.93,25.93,1000,2021-07-16 15:15:00,KNBE
26.0,26.01,25.97,25.97,300,2021-07-16 15:16:00,KNBE
25.97,25.97,25.82,25.82,2216,2021-07-16 15:17:00,KNBE
25.7706,25.83,25.63,25.63,3000,2021-07-16 15:18:00,KNBE
25.63,25.68,25.605,25.66,3168,2021-07-16 15:19:00,KNBE
25.63,25.645,25.62,25.645,800,2021-07-16 15:20:00,KNBE
25.645,25.645,25.58,25.58,400,2021-07-16 15:21:00,KNBE
25.645,25.6962,25.58,25.6002,1750,2021-07-16 15:22:00,KNBE
25.6,25.6,25.575,25.58,300,2021-07-16 15:23:00,KNBE
25.54,25.5494,25.4416,25.5,2275,2021-07-16 15:24:00,KNBE
25.48,25.7,25.45,25.7,1227,2021-07-16 15:25:00,KNBE
25.63,25.63,25.6,25.6,300,2021-07-16 15:26:00,KNBE
25.57,25.57,25.57,25.57,200,2021-07-16 15:27:00,KNBE
25.67,25.67,25.36,25.37,7213,2021-07-16 15:28:00,KNBE
25.36,25.37,25.2801,25.355,800,2021-07-16 15:29:00,KNBE
25.43,25.43,25.37,25.41,1185,2021-07-16 15:30:00,KNBE
25.42,25.42,25.38,25.38,200,2021-07-16 15:31:00,KNBE
25.44,25.44,25.44,25.44,100,2021-07-16 15:32:00,KNBE
25.48,25.48,25.41,25.45,1040,2021-07-16 15:33:00,KNBE
25.435,25.576,25.38,25.42,8362,2021-07-16 15:34:00,KNBE
25.46,25.46,25.46,25.46,200,2021-07-16 15:35:00,KNBE
25.54,25.54,25.51,25.51,592,2021-07-16 15:36:00,KNBE
25.5,25.5,25.5,25.5,100,2021-07-16 15:37:00,KNBE
25.56,25.56,25.56,25.56,100,2021-07-16 15:38:00,KNBE
25.57,25.57,25.56,25.56,300,2021-07-16 15:39:00,KNBE
25.5,25.56,25.5,25.56,300,2021-07-16 15:40:00,KNBE
25.56,25.56,25.56,25.56,100,2021-07-16 15:41:00,KNBE
25.61,25.61,25.61,25.61,200,2021-07-16 15:42:00,KNBE
25.61,25.8,25.595,25.8,2645,2021-07-16 15:43:00,KNBE
25.8,25.805,25.8,25.805,5495,2021-07-16 15:44:00,KNBE
25.8,25.8,25.78,25.78,200,2021-07-16 15:45:00,KNBE
25.79,25.79,25.79,25.79,100,2021-07-16 15:46:00,KNBE
25.72,25.79,25.71,25.79,1500,2021-07-16 15:47:00,KNBE
25.845,25.845,25.845,25.845,200,2021-07-16 15:48:00,KNBE
25.86,25.9,25.85,25.9,600,2021-07-16 15:49:00,KNBE
25.96,25.96,25.85,25.85,3887,2021-07-16 15:50:00,KNBE
25.77,25.77,25.73,25.73,325,2021-07-16 15:52:00,KNBE
25.83,25.83,25.83,25.83,300,2021-07-16 15:53:00,KNBE
25.73,25.73,25.66,25.66,200,2021-07-16 15:54:00,KNBE
25.7,25.7,25.66,25.66,200,2021-07-16 15:55:00,KNBE
25.695,25.695,25.67,25.67,200,2021-07-16 15:56:00,KNBE
25.67,25.78,25.67,25.765,1000,2021-07-16 15:58:00,KNBE
25.87,25.87,25.79,25.79,642,2021-07-16 16:00:00,KNBE
25.69,25.83,25.69,25.83,400,2021-07-16 16:01:00,KNBE
25.8,25.81,25.8,25.8,1010,2021-07-16 16:02:00,KNBE
25.805,25.805,25.805,25.805,100,2021-07-16 16:03:00,KNBE
25.75,25.75,25.75,25.75,100,2021-07-16 16:04:00,KNBE
25.76,25.76,25.76,25.76,100,2021-07-16 16:05:00,KNBE
25.68,25.71,25.68,25.71,366,2021-07-16 16:06:00,KNBE
25.625,25.68,25.625,25.68,500,2021-07-16 16:08:00,KNBE
25.6,25.61,25.6,25.61,200,2021-07-16 16:09:00,KNBE
25.65,25.655,25.61,25.655,500,2021-07-16 16:11:00,KNBE
25.64,25.64,25.52,25.62,300,2021-07-16 16:14:00,KNBE
25.6,25.63,25.57,25.62,450,2021-07-16 16:15:00,KNBE
25.61,25.69,25.61,25.69,200,2021-07-16 16:16:00,KNBE
25.7,25.7,25.58,25.58,500,2021-07-16 16:17:00,KNBE
25.69,25.69,25.69,25.69,100,2021-07-16 16:18:00,KNBE
25.64,25.64,25.64,25.64,100,2021-07-16 16:19:00,KNBE
25.66,25.66,25.6,25.6,200,2021-07-16 16:21:00,KNBE
25.665,25.665,25.665,25.665,100,2021-07-16 16:23:00,KNBE
25.66,25.7082,25.65,25.6595,600,2021-07-16 16:24:00,KNBE
25.65,25.74,25.65,25.71,855,2021-07-16 16:25:00,KNBE
25.75,25.75,25.71,25.71,400,2021-07-16 16:26:00,KNBE
25.725,25.725,25.7,25.7,518,2021-07-16 16:27:00,KNBE
25.675,25.675,25.66,25.66,200,2021-07-16 16:28:00,KNBE
25.66,25.66,25.66,25.66,100,2021-07-16 16:30:00,KNBE
25.58,25.65,25.58,25.65,200,2021-07-16 16:31:00,KNBE
25.65,25.65,25.62,25.62,600,2021-07-16 16:32:00,KNBE
25.655,25.655,25.65,25.65,400,2021-07-16 16:33:00,KNBE
25.63,25.63,25.63,25.63,100,2021-07-16 16:34:00,KNBE
25.68,25.68,25.62,25.62,200,2021-07-16 16:35:00,KNBE
25.65,25.66,25.65,25.66,200,2021-07-16 16:36:00,KNBE
25.65,25.71,25.65,25.71,700,2021-07-16 16:37:00,KNBE
25.68,25.68,25.63,25.63,200,2021-07-16 16:38:00,KNBE
25.68,25.68,25.62,25.66,467,2021-07-16 16:40:00,KNBE
25.66,25.66,25.6,25.6,600,2021-07-16 16:41:00,KNBE
25.61,25.64,25.61,25.61,304,2021-07-16 16:42:00,KNBE
25.61,25.61,25.6,25.6,400,2021-07-16 16:43:00,KNBE
25.65,25.65,25.575,25.575,200,2021-07-16 16:44:00,KNBE
25.55,25.63,25.55,25.58,600,2021-07-16 16:45:00,KNBE
25.609,25.62,25.609,25.62,200,2021-07-16 16:46:00,KNBE
25.62,25.64,25.585,25.585,1966,2021-07-16 16:49:00,KNBE
25.65,25.65,25.65,25.65,300,2021-07-16 16:50:00,KNBE
25.7,25.73,25.7,25.7,800,2021-07-16 16:51:00,KNBE
25.715,25.715,25.6825,25.69,500,2021-07-16 16:52:00,KNBE
25.675,25.7,25.675,25.6994,787,2021-07-16 16:53:00,KNBE
25.71,25.71,25.71,25.71,100,2021-07-16 16:55:00,KNBE
25.72,25.72,25.71,25.71,300,2021-07-16 16:56:00,KNBE
25.72,25.8,25.72,25.8,700,2021-07-16 16:57:00,KNBE
25.79,25.79,25.76,25.76,400,2021-07-16 16:58:00,KNBE
25.79,25.79,25.79,25.79,200,2021-07-16 16:59:00,KNBE
25.81,25.87,25.81,25.87,700,2021-07-16 17:00:00,KNBE
25.89,25.92,25.89,25.92,300,2021-07-16 17:01:00,KNBE
25.91,25.925,25.85,25.85,1404,2021-07-16 17:02:00,KNBE
25.84,25.84,25.84,25.84,100,2021-07-16 17:03:00,KNBE
25.9,25.9,25.9,25.9,200,2021-07-16 17:04:00,KNBE
25.86,25.86,25.86,25.86,100,2021-07-16 17:05:00,KNBE
25.9,25.9,25.83,25.85,400,2021-07-16 17:06:00,KNBE
25.77,25.77,25.77,25.77,100,2021-07-16 17:07:00,KNBE
25.74,25.8,25.74,25.76,525,2021-07-16 17:08:00,KNBE
25.765,25.765,25.765,25.765,100,2021-07-16 17:09:00,KNBE
25.755,25.8,25.68,25.68,314,2021-07-16 17:10:00,KNBE
25.8,25.8,25.8,25.8,200,2021-07-16 17:11:00,KNBE
25.75,25.75,25.75,25.75,100,2021-07-16 17:12:00,KNBE
25.81,25.84,25.81,25.84,400,2021-07-16 17:13:00,KNBE
25.85,25.9,25.85,25.87,500,2021-07-16 17:14:00,KNBE
25.945,25.945,25.87,25.91,400,2021-07-16 17:15:00,KNBE
25.96,25.99,25.96,25.99,800,2021-07-16 17:16:00,KNBE
25.96,26.0,25.96,25.995,400,2021-07-16 17:17:00,KNBE
25.905,25.9397,25.88,25.905,811,2021-07-16 17:19:00,KNBE
25.95,25.95,25.95,25.95,100,2021-07-16 17:20:00,KNBE
25.96,25.985,25.96,25.96,600,2021-07-16 17:21:00,KNBE
25.975,26.01,25.975,26.01,200,2021-07-16 17:25:00,KNBE
25.94,25.94,25.94,25.94,100,2021-07-16 17:26:00,KNBE
25.96,25.96,25.96,25.96,100,2021-07-16 17:27:00,KNBE
25.83,25.83,25.83,25.83,100,2021-07-16 17:28:00,KNBE
25.92,25.92,25.81,25.81,2561,2021-07-16 17:29:00,KNBE
25.87,25.87,25.87,25.87,100,2021-07-16 17:30:00,KNBE
25.87,25.93,25.87,25.875,650,2021-07-16 17:31:00,KNBE
25.87,25.87,25.87,25.87,100,2021-07-16 17:34:00,KNBE
25.91,25.93,25.88,25.88,602,2021-07-16 17:35:00,KNBE
25.9269,25.9269,25.9269,25.9269,115,2021-07-16 17:36:00,KNBE
25.9,25.9,25.9,25.9,100,2021-07-16 17:37:00,KNBE
25.885,25.885,25.885,25.885,100,2021-07-16 17:39:00,KNBE
25.885,25.885,25.885,25.885,200,2021-07-16 17:40:00,KNBE
25.885,25.885,25.885,25.885,200,2021-07-16 17:41:00,KNBE
25.795,25.795,25.66,25.66,400,2021-07-16 17:42:00,KNBE
25.73,25.77,25.73,25.77,800,2021-07-16 17:43:00,KNBE
25.69,25.69,25.69,25.69,100,2021-07-16 17:44:00,KNBE
25.715,25.715,25.715,25.715,100,2021-07-16 17:45:00,KNBE
25.78,25.78,25.67,25.76,500,2021-07-16 17:46:00,KNBE
25.67,25.77,25.67,25.77,200,2021-07-16 17:47:00,KNBE
25.77,25.77,25.77,25.77,100,2021-07-16 17:48:00,KNBE
25.7,25.7,25.7,25.7,200,2021-07-16 17:49:00,KNBE
25.725,25.725,25.725,25.725,100,2021-07-16 17:50:00,KNBE
25.78,25.78,25.725,25.725,200,2021-07-16 17:51:00,KNBE
25.8,25.8,25.8,25.8,100,2021-07-16 17:52:00,KNBE
25.71,25.71,25.64,25.64,624,2021-07-16 17:53:00,KNBE
25.64,25.65,25.64,25.65,574,2021-07-16 17:54:00,KNBE
25.65,25.65,25.65,25.65,104,2021-07-16 17:55:00,KNBE
25.64,25.68,25.6,25.6,896,2021-07-16 17:56:00,KNBE
25.575,25.575,25.575,25.575,100,2021-07-16 17:57:00,KNBE
25.54,25.54,25.5,25.5,1284,2021-07-16 17:58:00,KNBE
25.5399,25.5399,25.5,25.5,800,2021-07-16 17:59:00,KNBE
25.46,25.47,25.45,25.45,600,2021-07-16 18:00:00,KNBE
25.44,25.46,25.44,25.46,300,2021-07-16 18:01:00,KNBE
25.49,25.49,25.49,25.49,100,2021-07-16 18:02:00,KNBE
25.42,25.42,25.37,25.37,200,2021-07-16 18:03:00,KNBE
25.36,25.37,25.345,25.37,400,2021-07-16 18:04:00,KNBE
25.31,25.36,25.27,25.36,500,2021-07-16 18:05:00,KNBE
25.35,25.36,25.35,25.36,300,2021-07-16 18:06:00,KNBE
25.4,25.45,25.4,25.45,200,2021-07-16 18:07:00,KNBE
25.425,25.425,25.425,25.425,230,2021-07-16 18:08:00,KNBE
25.38,25.38,25.38,25.38,100,2021-07-16 18:09:00,KNBE
25.395,25.45,25.395,25.42,2676,2021-07-16 18:10:00,KNBE
25.435,25.435,25.435,25.435,400,2021-07-16 18:11:00,KNBE
25.39,25.45,25.39,25.45,400,2021-07-16 18:13:00,KNBE
25.435,25.435,25.425,25.425,500,2021-07-16 18:14:00,KNBE
25.425,25.425,25.38,25.38,300,2021-07-16 18:15:00,KNBE
25.42,25.43,25.405,25.43,300,2021-07-16 18:16:00,KNBE
25.43,25.57,25.43,25.57,2100,2021-07-16 18:17:00,KNBE
25.575,25.575,25.55,25.55,400,2021-07-16 18:18:00,KNBE
25.535,25.6,25.535,25.6,600,2021-07-16 18:19:00,KNBE
25.58,25.61,25.58,25.61,600,2021-07-16 18:20:00,KNBE
25.635,25.635,25.61,25.625,534,2021-07-16 18:21:00,KNBE
25.6,25.6294,25.6,25.6294,200,2021-07-16 18:23:00,KNBE
25.64,25.67,25.64,25.67,1000,2021-07-16 18:24:00,KNBE
25.72,25.75,25.72,25.725,600,2021-07-16 18:25:00,KNBE
25.725,25.725,25.65,25.65,602,2021-07-16 18:26:00,KNBE
25.66,25.68,25.66,25.68,400,2021-07-16 18:27:00,KNBE
25.635,25.635,25.635,25.635,100,2021-07-16 18:28:00,KNBE
25.7,25.7,25.635,25.635,900,2021-07-16 18:30:00,KNBE
25.655,25.715,25.655,25.715,600,2021-07-16 18:31:00,KNBE
25.61,25.67,25.61,25.67,200,2021-07-16 18:32:00,KNBE
25.62,25.63,25.615,25.63,600,2021-07-16 18:33:00,KNBE
25.61,25.61,25.61,25.61,100,2021-07-16 18:34:00,KNBE
25.61,25.65,25.59,25.65,600,2021-07-16 18:35:00,KNBE
25.595,25.65,25.595,25.61,1022,2021-07-16 18:36:00,KNBE
25.6,25.65,25.56,25.61,3601,2021-07-16 18:37:00,KNBE
25.6012,25.625,25.6012,25.625,200,2021-07-16 18:38:00,KNBE
25.625,25.625,25.625,25.625,100,2021-07-16 18:39:00,KNBE
25.44,25.44,25.44,25.44,200,2021-07-16 18:41:00,KNBE
25.45,25.505,25.45,25.505,200,2021-07-16 18:42:00,KNBE
25.48,25.48,25.41,25.47,500,2021-07-16 18:43:00,KNBE
25.4,25.4,25.4,25.4,100,2021-07-16 18:44:00,KNBE
25.37,25.45,25.37,25.45,925,2021-07-16 18:45:00,KNBE
25.45,25.48,25.415,25.415,300,2021-07-16 18:46:00,KNBE
25.415,25.415,25.415,25.415,100,2021-07-16 18:47:00,KNBE
25.39,25.39,25.39,25.39,100,2021-07-16 18:50:00,KNBE
25.37,25.37,25.37,25.37,100,2021-07-16 18:51:00,KNBE
25.4,25.4,25.38,25.38,200,2021-07-16 18:53:00,KNBE
25.34,25.34,25.34,25.34,100,2021-07-16 18:54:00,KNBE
25.34,25.34,25.26,25.26,300,2021-07-16 18:55:00,KNBE
25.295,25.295,25.295,25.295,100,2021-07-16 18:56:00,KNBE
25.32,25.32,25.22,25.23,850,2021-07-16 18:57:00,KNBE
25.24,25.3,25.24,25.27,755,2021-07-16 18:58:00,KNBE
25.36,25.36,25.24,25.24,600,2021-07-16 18:59:00,KNBE
25.25,25.25,25.22,25.22,871,2021-07-16 19:00:00,KNBE
25.23,25.23,25.21,25.22,440,2021-07-16 19:01:00,KNBE
25.22,25.27,25.22,25.2599,600,2021-07-16 19:02:00,KNBE
25.125,25.125,25.125,25.125,100,2021-07-16 19:03:00,KNBE
25.12,25.15,25.1,25.11,1300,2021-07-16 19:04:00,KNBE
25.11,25.11,25.1,25.1,200,2021-07-16 19:05:00,KNBE
25.11,25.11,25.11,25.11,100,2021-07-16 19:06:00,KNBE
25.11,25.11,25.1,25.105,1200,2021-07-16 19:07:00,KNBE
25.11,25.11,25.1,25.1,1491,2021-07-16 19:08:00,KNBE
25.1,25.1,25.02,25.07,2735,2021-07-16 19:09:00,KNBE
25.055,25.055,25.055,25.055,100,2021-07-16 19:10:00,KNBE
25.04,25.045,25.04,25.045,200,2021-07-16 19:11:00,KNBE
25.045,25.045,25.01,25.03,400,2021-07-16 19:12:00,KNBE
25.01,25.01,24.87,24.87,6372,2021-07-16 19:13:00,KNBE
24.91,24.95,24.91,24.92,900,2021-07-16 19:14:00,KNBE
24.92,25.01,24.92,25.0,1789,2021-07-16 19:15:00,KNBE
24.99,24.99,24.973,24.973,800,2021-07-16 19:16:00,KNBE
24.99,25.0,24.955,24.955,1082,2021-07-16 19:17:00,KNBE
24.96,24.97,24.96,24.9626,500,2021-07-16 19:18:00,KNBE
24.97,25.0,24.94,24.94,825,2021-07-16 19:19:00,KNBE
25.0,25.0,24.965,25.0,3614,2021-07-16 19:20:00,KNBE
25.0,25.0,24.97,24.97,300,2021-07-16 19:21:00,KNBE
25.0,25.0,24.95,24.95,841,2021-07-16 19:22:00,KNBE
24.965,24.965,24.87,24.88,1273,2021-07-16 19:23:00,KNBE
24.825,24.825,24.825,24.825,100,2021-07-16 19:24:00,KNBE
24.85,24.85,24.805,24.805,871,2021-07-16 19:25:00,KNBE
24.85,24.85,24.75,24.75,1411,2021-07-16 19:26:00,KNBE
24.78,24.815,24.76,24.76,600,2021-07-16 19:27:00,KNBE
24.79,24.79,24.79,24.79,100,2021-07-16 19:28:00,KNBE
24.79,24.86,24.79,24.84,900,2021-07-16 19:29:00,KNBE
24.79,24.85,24.79,24.85,887,2021-07-16 19:30:00,KNBE
24.86,24.86,24.84,24.84,566,2021-07-16 19:31:00,KNBE
24.82,24.825,24.785,24.785,800,2021-07-16 19:32:00,KNBE
24.81,24.82,24.75,24.75,1393,2021-07-16 19:33:00,KNBE
24.745,24.745,24.72,24.72,200,2021-07-16 19:34:00,KNBE
24.73,24.79,24.71,24.79,3094,2021-07-16 19:35:00,KNBE
24.78,24.79,24.78,24.79,800,2021-07-16 19:36:00,KNBE
24.79,24.79,24.78,24.78,300,2021-07-16 19:37:00,KNBE
24.8,24.83,24.8,24.83,400,2021-07-16 19:38:00,KNBE
24.82,24.86,24.81,24.86,800,2021-07-16 19:39:00,KNBE
24.84,24.84,24.84,24.84,100,2021-07-16 19:40:00,KNBE
24.83,24.83,24.75,24.75,2818,2021-07-16 19:41:00,KNBE
24.78,24.79,24.71,24.77,10536,2021-07-16 19:42:00,KNBE
24.72,24.75,24.71,24.71,6965,2021-07-16 19:43:00,KNBE
24.71,24.71,24.7,24.7,1100,2021-07-16 19:44:00,KNBE
24.705,24.78,24.705,24.765,2916,2021-07-16 19:45:00,KNBE
24.78,24.78,24.74,24.74,300,2021-07-16 19:46:00,KNBE
24.8,24.8,24.77,24.77,753,2021-07-16 19:47:00,KNBE
24.765,24.78,24.75,24.75,401,2021-07-16 19:48:00,KNBE
24.78,24.79,24.76,24.78,1000,2021-07-16 19:50:00,KNBE
24.79,24.79,24.78,24.79,400,2021-07-16 19:51:00,KNBE
24.805,24.82,24.77,24.7818,2202,2021-07-16 19:52:00,KNBE
24.78,24.78,24.77,24.77,599,2021-07-16 19:53:00,KNBE
24.81,24.81,24.79,24.79,300,2021-07-16 19:54:00,KNBE
24.81,24.82,24.77,24.82,1520,2021-07-16 19:55:00,KNBE
24.83,24.92,24.83,24.8401,2651,2021-07-16 19:56:00,KNBE
24.8401,24.865,24.7701,24.81,1868,2021-07-16 19:57:00,KNBE
24.81,24.91,24.81,24.87,2811,2021-07-16 19:58:00,KNBE
24.86,24.86,24.81,24.86,791,2021-07-16 19:59:00,KNBE
24.82,24.82,24.82,24.82,4826,2021-07-16 20:00:00,KNBE
24.24,24.24,24.24,24.24,750,2021-07-19 12:42:00,KNBE
24.48,24.48,24.09,24.09,5360,2021-07-19 13:30:00,KNBE
24.39,24.47,24.3,24.3,566,2021-07-19 13:31:00,KNBE
24.48,24.8,24.475,24.8,311,2021-07-19 13:32:00,KNBE
24.81,24.81,24.8,24.8,300,2021-07-19 13:37:00,KNBE
24.82,24.91,24.3058,24.91,2900,2021-07-19 13:41:00,KNBE
24.985,24.985,24.985,24.985,100,2021-07-19 13:43:00,KNBE
24.95,25.0,24.93,24.93,500,2021-07-19 13:44:00,KNBE
24.9,24.9,24.9,24.9,100,2021-07-19 13:45:00,KNBE
25.17,25.17,24.91,24.91,500,2021-07-19 13:46:00,KNBE
25.12,25.225,25.05,25.2012,800,2021-07-19 13:47:00,KNBE
25.225,25.3556,25.0838,25.3556,399,2021-07-19 13:49:00,KNBE
25.22,25.22,25.201,25.22,329,2021-07-19 13:52:00,KNBE
25.09,25.09,24.74,24.825,3300,2021-07-19 13:53:00,KNBE
24.9,25.5,24.9,25.5,8600,2021-07-19 13:54:00,KNBE
25.5,25.74,25.5,25.74,3992,2021-07-19 13:55:00,KNBE
25.825,26.02,25.5453,26.02,19194,2021-07-19 13:56:00,KNBE
25.96,25.97,25.7101,25.945,850,2021-07-19 13:57:00,KNBE
25.85,25.85,25.75,25.76,5013,2021-07-19 13:58:00,KNBE
25.75,25.76,25.75,25.76,528,2021-07-19 13:59:00,KNBE
25.75,25.75,25.75,25.75,100,2021-07-19 14:00:00,KNBE
25.8675,25.8675,25.75,25.775,1100,2021-07-19 14:01:00,KNBE
25.48,25.51,25.48,25.51,400,2021-07-19 14:03:00,KNBE
25.49,25.49,25.29,25.32,300,2021-07-19 14:04:00,KNBE
25.455,25.5,25.32,25.39,700,2021-07-19 14:05:00,KNBE
25.5,25.58,25.39,25.41,700,2021-07-19 14:06:00,KNBE
25.41,25.55,25.4,25.55,1800,2021-07-19 14:07:00,KNBE
25.55,25.5899,25.26,25.29,8679,2021-07-19 14:08:00,KNBE
25.37,25.37,25.37,25.37,663,2021-07-19 14:09:00,KNBE
25.25,25.25,25.25,25.25,100,2021-07-19 14:10:00,KNBE
25.22,25.22,25.22,25.22,100,2021-07-19 14:11:00,KNBE
25.23,25.255,25.22,25.255,400,2021-07-19 14:13:00,KNBE
25.07,25.07,25.07,25.07,200,2021-07-19 14:14:00,KNBE
25.07,25.08,25.07,25.08,200,2021-07-19 14:15:00,KNBE
25.12,25.25,25.12,25.25,200,2021-07-19 14:16:00,KNBE
25.09,25.09,25.09,25.09,100,2021-07-19 14:17:00,KNBE
25.3067,25.3067,25.09,25.14,600,2021-07-19 14:18:00,KNBE
25.33,25.33,25.21,25.27,1000,2021-07-19 14:19:00,KNBE
25.44,25.44,25.29,25.33,2569,2021-07-19 14:20:00,KNBE
25.67,25.67,25.5,25.5,1070,2021-07-19 14:21:00,KNBE
25.3301,25.34,25.3301,25.34,300,2021-07-19 14:23:00,KNBE
25.44,25.44,25.44,25.44,100,2021-07-19 14:24:00,KNBE
25.4029,25.545,25.4029,25.545,250,2021-07-19 14:25:00,KNBE
25.55,25.55,25.4438,25.4899,780,2021-07-19 14:26:00,KNBE
25.49,25.56,25.49,25.56,500,2021-07-19 14:27:00,KNBE
25.585,25.585,25.585,25.585,100,2021-07-19 14:28:00,KNBE
25.58,25.76,25.58,25.76,300,2021-07-19 14:30:00,KNBE
25.7396,25.7396,25.7396,25.7396,100,2021-07-19 14:31:00,KNBE
25.73,25.73,25.73,25.73,100,2021-07-19 14:34:00,KNBE
25.75,25.75,25.75,25.75,100,2021-07-19 14:35:00,KNBE
25.555,25.6661,25.42,25.42,4200,2021-07-19 14:36:00,KNBE
25.555,25.555,25.38,25.38,400,2021-07-19 14:37:00,KNBE
25.5,25.5,25.5,25.5,300,2021-07-19 14:38:00,KNBE
25.6,25.8425,25.6,25.8425,350,2021-07-19 14:41:00,KNBE
25.84,25.84,25.81,25.81,200,2021-07-19 14:42:00,KNBE
26.0,26.0,25.7601,25.77,307,2021-07-19 14:43:00,KNBE
25.9495,25.9495,25.94,25.94,600,2021-07-19 14:45:00,KNBE
26.0,26.2,26.0,26.06,2633,2021-07-19 14:46:00,KNBE
26.05,26.05,26.01,26.01,200,2021-07-19 14:47:00,KNBE
26.01,26.2574,25.8182,25.8182,900,2021-07-19 14:48:00,KNBE
26.14,26.14,26.03,26.03,3100,2021-07-19 14:49:00,KNBE
26.13,26.13,26.02,26.02,694,2021-07-19 14:50:00,KNBE
26.015,26.015,26.015,26.015,100,2021-07-19 14:51:00,KNBE
25.97,25.97,25.97,25.97,400,2021-07-19 14:55:00,KNBE
26.0097,26.0097,26.0097,26.0097,100,2021-07-19 14:56:00,KNBE
25.74,27.8999,25.74,27.8999,105941,2021-07-19 14:58:00,KNBE
27.7368,27.97,26.7,26.9732,35242,2021-07-19 14:59:00,KNBE
26.9226,27.49,26.7,27.27,7900,2021-07-19 15:00:00,KNBE
27.3499,27.3499,26.81,27.06,11537,2021-07-19 15:01:00,KNBE
27.195,27.97,27.11,27.66,47436,2021-07-19 15:02:00,KNBE
27.655,27.7899,27.13,27.21,11257,2021-07-19 15:03:00,KNBE
27.28,27.7408,27.211,27.38,4980,2021-07-19 15:04:00,KNBE
27.755,27.77,27.38,27.585,3370,2021-07-19 15:05:00,KNBE
27.78,27.78,27.5239,27.76,10281,2021-07-19 15:06:00,KNBE
27.7,27.8,27.51,27.5157,5924,2021-07-19 15:07:00,KNBE
27.55,27.55,27.2,27.2,3282,2021-07-19 15:08:00,KNBE
27.4999,27.4999,27.2,27.2,1300,2021-07-19 15:09:00,KNBE
27.2,27.44,27.1379,27.15,4876,2021-07-19 15:10:00,KNBE
27.286,27.3755,27.15,27.33,5217,2021-07-19 15:11:00,KNBE
27.36,27.68,27.15,27.42,11193,2021-07-19 15:12:00,KNBE
27.635,27.635,27.45,27.455,1160,2021-07-19 15:13:00,KNBE
27.27,27.6399,27.27,27.4552,2165,2021-07-19 15:14:00,KNBE
27.28,27.28,27.28,27.28,175,2021-07-19 15:15:00,KNBE
27.49,27.49,27.35,27.35,2300,2021-07-19 15:16:00,KNBE
27.45,27.58,27.28,27.42,4937,2021-07-19 15:17:00,KNBE
27.4795,27.4827,27.28,27.28,3200,2021-07-19 15:18:00,KNBE
27.35,27.6,27.31,27.6,8256,2021-07-19 15:19:00,KNBE
27.6,27.8,27.42,27.8,3023,2021-07-19 15:20:00,KNBE
27.7,28.3,27.7,28.2974,7019,2021-07-19 15:21:00,KNBE
28.07,28.2,27.85,28.1,5780,2021-07-19 15:22:00,KNBE
27.86,28.0767,27.75,27.76,3745,2021-07-19 15:23:00,KNBE
28.05,28.17,27.76,28.0,5392,2021-07-19 15:24:00,KNBE
28.03,28.18,27.88,27.88,1193,2021-07-19 15:25:00,KNBE
27.93,28.04,27.685,27.685,2680,2021-07-19 15:26:00,KNBE
27.79,27.8,27.495,27.65,6401,2021-07-19 15:27:00,KNBE
27.705,27.7953,27.47,27.47,3546,2021-07-19 15:28:00,KNBE
27.5,27.51,27.15,27.16,11382,2021-07-19 15:29:00,KNBE
27.26,27.28,27.09,27.225,6480,2021-07-19 15:30:00,KNBE
27.21,27.7,27.21,27.36,2083,2021-07-19 15:31:00,KNBE
27.51,27.55,27.23,27.23,1250,2021-07-19 15:32:00,KNBE
27.4553,27.54,27.175,27.26,1751,2021-07-19 15:33:00,KNBE
27.24,27.35,27.24,27.35,1196,2021-07-19 15:34:00,KNBE
27.171,27.19,27.171,27.19,343,2021-07-19 15:35:00,KNBE
27.19,27.5499,27.17,27.22,1877,2021-07-19 15:36:00,KNBE
27.22,27.33,27.2,27.33,2923,2021-07-19 15:37:00,KNBE
27.19,27.36,27.1,27.36,3120,2021-07-19 15:38:00,KNBE
27.36,27.44,27.29,27.29,533,2021-07-19 15:39:00,KNBE
27.3,27.3,27.24,27.29,650,2021-07-19 15:40:00,KNBE
27.3,27.3,27.17,27.17,200,2021-07-19 15:41:00,KNBE
27.09,27.2,27.05,27.05,1152,2021-07-19 15:42:00,KNBE
27.05,27.19,27.01,27.154,2940,2021-07-19 15:43:00,KNBE
27.22,27.25,27.0,27.097,4096,2021-07-19 15:44:00,KNBE
27.29,27.3299,27.29,27.3299,200,2021-07-19 15:45:00,KNBE
27.2111,27.2111,27.2111,27.2111,100,2021-07-19 15:46:00,KNBE
27.25,27.45,27.21,27.21,2330,2021-07-19 15:47:00,KNBE
27.15,27.15,27.15,27.15,973,2021-07-19 15:48:00,KNBE
27.325,27.325,27.325,27.325,100,2021-07-19 15:49:00,KNBE
27.21,27.21,27.21,27.21,200,2021-07-19 15:50:00,KNBE
27.21,27.24,27.15,27.15,900,2021-07-19 15:51:00,KNBE
27.05,27.05,27.05,27.05,100,2021-07-19 15:52:00,KNBE
27.1325,27.17,27.1325,27.17,1300,2021-07-19 15:53:00,KNBE
27.1648,27.1648,27.16,27.16,450,2021-07-19 15:54:00,KNBE
27.205,27.205,27.205,27.205,100,2021-07-19 15:55:00,KNBE
27.22,27.26,27.14,27.26,2408,2021-07-19 15:57:00,KNBE
27.315,27.33,27.26,27.33,696,2021-07-19 15:58:00,KNBE
27.3247,27.3247,27.24,27.24,500,2021-07-19 15:59:00,KNBE
27.25,27.4,27.23,27.4,6050,2021-07-19 16:00:00,KNBE
27.3645,27.4004,27.144,27.4004,2375,2021-07-19 16:01:00,KNBE
27.12,27.12,27.12,27.12,111,2021-07-19 16:02:00,KNBE
27.13,27.13,27.13,27.13,800,2021-07-19 16:05:00,KNBE
27.389,27.56,27.389,27.4596,7378,2021-07-19 16:06:00,KNBE
27.45,27.45,27.45,27.45,1000,2021-07-19 16:07:00,KNBE
27.45,27.45,27.32,27.3774,1875,2021-07-19 16:08:00,KNBE
27.4509,27.4509,27.4509,27.4509,100,2021-07-19 16:09:00,KNBE
27.49,27.52,27.3446,27.48,2350,2021-07-19 16:10:00,KNBE
27.31,27.31,27.31,27.31,150,2021-07-19 16:11:00,KNBE
27.5599,27.5599,27.5599,27.5599,100,2021-07-19 16:12:00,KNBE
27.49,27.51,27.49,27.51,592,2021-07-19 16:13:00,KNBE
27.6,27.95,27.6,27.9,5427,2021-07-19 16:14:00,KNBE
27.82,27.82,27.615,27.615,1326,2021-07-19 16:15:00,KNBE
27.79,27.83,27.79,27.83,1774,2021-07-19 16:16:00,KNBE
27.75,27.75,27.74,27.74,200,2021-07-19 16:17:00,KNBE
27.805,27.805,27.649,27.76,425,2021-07-19 16:18:00,KNBE
27.73,27.73,27.48,27.48,730,2021-07-19 16:19:00,KNBE
27.44,27.44,27.44,27.44,4773,2021-07-19 16:20:00,KNBE
27.53,27.53,27.35,27.445,2100,2021-07-19 16:21:00,KNBE
27.32,27.52,27.32,27.33,410,2021-07-19 16:22:00,KNBE
27.5,27.53,27.5,27.5,1383,2021-07-19 16:23:00,KNBE
27.58,27.58,27.55,27.55,1133,2021-07-19 16:24:00,KNBE
27.57,27.57,27.56,27.56,200,2021-07-19 16:25:00,KNBE
27.56,27.58,27.341,27.341,653,2021-07-19 16:26:00,KNBE
27.38,27.38,27.38,27.38,100,2021-07-19 16:28:00,KNBE
27.5,27.5,27.5,27.5,125,2021-07-19 16:29:00,KNBE
27.5,27.5,27.32,27.4,1186,2021-07-19 16:31:00,KNBE
27.24,27.24,27.1101,27.1101,679,2021-07-19 16:32:00,KNBE
27.27,27.3,27.26,27.27,1700,2021-07-19 16:33:00,KNBE
27.377,27.377,27.377,27.377,100,2021-07-19 16:35:00,KNBE
27.28,27.3,27.11,27.11,6450,2021-07-19 16:36:00,KNBE
27.2,27.2,27.13,27.15,300,2021-07-19 16:37:00,KNBE
27.15,27.15,27.05,27.1,500,2021-07-19 16:38:00,KNBE
27.09,27.15,27.02,27.03,1763,2021-07-19 16:39:00,KNBE
27.0868,27.0868,27.0868,27.0868,200,2021-07-19 16:41:00,KNBE
27.03,27.04,26.96,26.96,2133,2021-07-19 16:43:00,KNBE
26.95,26.95,26.7698,26.92,1800,2021-07-19 16:44:00,KNBE
26.7598,26.85,26.7598,26.85,1200,2021-07-19 16:45:00,KNBE
26.71,26.71,26.71,26.71,100,2021-07-19 16:46:00,KNBE
26.79,26.79,26.79,26.79,500,2021-07-19 16:47:00,KNBE
26.8,26.8,26.7,26.7,300,2021-07-19 16:48:00,KNBE
26.74,27.0,26.74,26.83,3085,2021-07-19 16:49:00,KNBE
26.83,26.83,26.83,26.83,100,2021-07-19 16:50:00,KNBE
26.805,26.805,26.78,26.78,1200,2021-07-19 16:51:00,KNBE
26.75,26.75,26.75,26.75,300,2021-07-19 16:52:00,KNBE
26.66,26.66,26.66,26.66,100,2021-07-19 16:53:00,KNBE
26.71,26.71,26.6,26.6,412,2021-07-19 16:54:00,KNBE
26.7,26.75,26.7,26.75,700,2021-07-19 16:55:00,KNBE
26.75,26.84,26.75,26.84,600,2021-07-19 16:56:00,KNBE
26.93,26.93,26.93,26.93,200,2021-07-19 16:57:00,KNBE
26.89,26.89,26.8,26.8,866,2021-07-19 16:58:00,KNBE
26.825,27.0,26.825,27.0,1100,2021-07-19 16:59:00,KNBE
26.8,26.8,26.75,26.75,658,2021-07-19 17:00:00,KNBE
26.5901,26.5901,26.5901,26.5901,182,2021-07-19 17:03:00,KNBE
26.7299,26.7299,26.7299,26.7299,400,2021-07-19 17:04:00,KNBE
26.73,26.81,26.73,26.75,1449,2021-07-19 17:05:00,KNBE
26.59,26.59,26.59,26.59,200,2021-07-19 17:07:00,KNBE
26.6,26.85,26.6,26.73,1347,2021-07-19 17:08:00,KNBE
26.73,26.76,26.73,26.75,446,2021-07-19 17:09:00,KNBE
26.79,26.79,26.79,26.79,200,2021-07-19 17:10:00,KNBE
26.75,26.75,26.75,26.75,100,2021-07-19 17:11:00,KNBE
26.75,26.75,26.75,26.75,200,2021-07-19 17:12:00,KNBE
26.75,26.8899,26.75,26.8899,220,2021-07-19 17:14:00,KNBE
26.6302,26.74,26.6302,26.74,800,2021-07-19 17:15:00,KNBE
26.75,26.8253,26.72,26.8253,1400,2021-07-19 17:16:00,KNBE
26.75,26.97,26.75,26.81,4802,2021-07-19 17:17:00,KNBE
26.83,26.83,26.83,26.83,100,2021-07-19 17:18:00,KNBE
26.87,26.9,26.84,26.84,907,2021-07-19 17:19:00,KNBE
26.79,26.79,26.79,26.79,100,2021-07-19 17:20:00,KNBE
26.78,26.78,26.75,26.75,3600,2021-07-19 17:21:00,KNBE
26.7,26.7,26.7,26.7,400,2021-07-19 17:26:00,KNBE
26.62,26.69,26.62,26.69,600,2021-07-19 17:29:00,KNBE
26.6,26.605,26.52,26.605,990,2021-07-19 17:30:00,KNBE
26.69,26.69,26.69,26.69,100,2021-07-19 17:32:00,KNBE
26.52,26.6205,26.5135,26.6205,1400,2021-07-19 17:35:00,KNBE
26.6599,26.6599,26.55,26.55,300,2021-07-19 17:36:00,KNBE
26.67,26.69,26.63,26.69,700,2021-07-19 17:39:00,KNBE
26.646,26.646,26.63,26.63,287,2021-07-19 17:43:00,KNBE
26.68,26.68,26.68,26.68,100,2021-07-19 17:44:00,KNBE
26.6799,26.6799,26.6799,26.6799,100,2021-07-19 17:45:00,KNBE
26.6899,26.6899,26.62,26.6799,300,2021-07-19 17:47:00,KNBE
26.63,26.72,26.56,26.7,1243,2021-07-19 17:48:00,KNBE
26.71,26.76,26.71,26.76,1350,2021-07-19 17:49:00,KNBE
26.78,26.8464,26.78,26.8464,200,2021-07-19 17:50:00,KNBE
26.783,26.783,26.783,26.783,150,2021-07-19 17:51:00,KNBE
26.75,26.8099,26.71,26.8099,800,2021-07-19 17:53:00,KNBE
26.75,26.75,26.75,26.75,100,2021-07-19 17:56:00,KNBE
26.71,26.71,26.625,26.625,700,2021-07-19 17:57:00,KNBE
26.62,26.62,26.62,26.62,100,2021-07-19 17:58:00,KNBE
26.51,26.51,26.51,26.51,200,2021-07-19 17:59:00,KNBE
26.58,26.6,26.56,26.6,384,2021-07-19 18:01:00,KNBE
26.5606,26.5606,26.5606,26.5606,200,2021-07-19 18:02:00,KNBE
26.56,26.56,26.56,26.56,100,2021-07-19 18:04:00,KNBE
26.6342,26.6342,26.6342,26.6342,100,2021-07-19 18:05:00,KNBE
26.625,26.625,26.57,26.57,200,2021-07-19 18:06:00,KNBE
26.57,26.57,26.57,26.57,353,2021-07-19 18:08:00,KNBE
26.57,26.57,26.56,26.56,300,2021-07-19 18:09:00,KNBE
26.51,26.51,26.51,26.51,200,2021-07-19 18:10:00,KNBE
26.61,26.64,26.6,26.64,1300,2021-07-19 18:11:00,KNBE
26.56,26.6,26.56,26.6,600,2021-07-19 18:12:00,KNBE
26.511,26.511,26.511,26.511,377,2021-07-19 18:13:00,KNBE
26.56,26.56,26.56,26.56,200,2021-07-19 18:18:00,KNBE
26.58,26.58,26.58,26.58,100,2021-07-19 18:19:00,KNBE
26.63,26.63,26.56,26.56,350,2021-07-19 18:20:00,KNBE
26.6799,26.71,26.66,26.67,706,2021-07-19 18:21:00,KNBE
26.66,26.66,26.66,26.66,200,2021-07-19 18:22:00,KNBE
26.72,26.88,26.72,26.88,2122,2021-07-19 18:23:00,KNBE
26.86,26.89,26.84,26.84,400,2021-07-19 18:24:00,KNBE
26.88,26.8994,26.77,26.77,400,2021-07-19 18:25:00,KNBE
26.78,26.78,26.78,26.78,200,2021-07-19 18:26:00,KNBE
26.76,26.76,26.76,26.76,100,2021-07-19 18:27:00,KNBE
26.815,26.815,26.815,26.815,100,2021-07-19 18:29:00,KNBE
26.82,26.88,26.82,26.88,1085,2021-07-19 18:30:00,KNBE
26.85,26.85,26.83,26.83,300,2021-07-19 18:31:00,KNBE
26.805,26.9,26.805,26.9,550,2021-07-19 18:32:00,KNBE
26.85,26.87,26.85,26.87,400,2021-07-19 18:33:00,KNBE
26.75,26.9,26.75,26.9,248,2021-07-19 18:36:00,KNBE
26.75,26.755,26.75,26.75,2078,2021-07-19 18:39:00,KNBE
26.75,26.75,26.75,26.75,286,2021-07-19 18:40:00,KNBE
26.819,26.819,26.819,26.819,300,2021-07-19 18:42:00,KNBE
26.75,26.75,26.75,26.75,200,2021-07-19 18:43:00,KNBE
26.75,26.8,26.6027,26.6027,4422,2021-07-19 18:44:00,KNBE
26.65,26.66,26.6,26.6,1799,2021-07-19 18:45:00,KNBE
26.6,26.6,26.6,26.6,100,2021-07-19 18:46:00,KNBE
26.6,26.6475,26.6,26.6475,400,2021-07-19 18:48:00,KNBE
26.675,26.675,26.675,26.675,190,2021-07-19 18:49:00,KNBE
26.63,26.66,26.63,26.66,300,2021-07-19 18:53:00,KNBE
26.67,26.67,26.6507,26.665,300,2021-07-19 18:54:00,KNBE
26.64,26.72,26.64,26.67,500,2021-07-19 18:55:00,KNBE
26.7,26.7,26.7,26.7,400,2021-07-19 18:57:00,KNBE
26.73,26.74,26.62,26.65,3026,2021-07-19 19:03:00,KNBE
26.65,26.65,26.65,26.65,100,2021-07-19 19:10:00,KNBE
26.73,26.86,26.73,26.86,8000,2021-07-19 19:11:00,KNBE
26.865,26.865,26.815,26.8302,2080,2021-07-19 19:12:00,KNBE
26.835,26.835,26.75,26.75,1702,2021-07-19 19:13:00,KNBE
26.75,26.79,26.75,26.79,600,2021-07-19 19:14:00,KNBE
26.8,26.8,26.77,26.77,400,2021-07-19 19:15:00,KNBE
26.76,26.76,26.76,26.76,200,2021-07-19 19:16:00,KNBE
26.695,26.695,26.695,26.695,100,2021-07-19 19:20:00,KNBE
26.6743,26.7399,26.6743,26.7399,600,2021-07-19 19:21:00,KNBE
26.6772,26.6772,26.65,26.65,200,2021-07-19 19:22:00,KNBE
26.65,26.67,26.65,26.66,500,2021-07-19 19:23:00,KNBE
26.72,26.77,26.7,26.77,1526,2021-07-19 19:24:00,KNBE
26.75,26.85,26.75,26.8,1500,2021-07-19 19:25:00,KNBE
26.81,26.86,26.8,26.86,718,2021-07-19 19:26:00,KNBE
26.81,26.81,26.75,26.8,2780,2021-07-19 19:27:00,KNBE
26.81,26.81,26.8,26.8,1300,2021-07-19 19:28:00,KNBE
26.75,26.77,26.75,26.77,910,2021-07-19 19:29:00,KNBE
26.755,26.755,26.755,26.755,100,2021-07-19 19:30:00,KNBE
26.78,26.79,26.74,26.75,400,2021-07-19 19:31:00,KNBE
26.75,26.75,26.75,26.75,200,2021-07-19 19:32:00,KNBE
26.7,26.7,26.7,26.7,600,2021-07-19 19:33:00,KNBE
26.71,26.71,26.705,26.705,479,2021-07-19 19:37:00,KNBE
26.71,26.73,26.67,26.67,2740,2021-07-19 19:38:00,KNBE
26.7,26.73,26.7,26.705,570,2021-07-19 19:39:00,KNBE
26.71,26.71,26.71,26.71,100,2021-07-19 19:40:00,KNBE
26.69,26.69,26.68,26.68,440,2021-07-19 19:43:00,KNBE
26.67,26.67,26.67,26.67,440,2021-07-19 19:45:00,KNBE
26.66,26.67,26.5901,26.5901,3744,2021-07-19 19:46:00,KNBE
26.63,26.63,26.6,26.6,200,2021-07-19 19:47:00,KNBE
26.62,26.62,26.62,26.62,100,2021-07-19 19:48:00,KNBE
26.64,26.69,26.62,26.62,1100,2021-07-19 19:49:00,KNBE
26.61,26.67,26.59,26.6,4400,2021-07-19 19:51:00,KNBE
26.59,26.59,26.59,26.59,150,2021-07-19 19:52:00,KNBE
26.6,26.625,26.59,26.625,838,2021-07-19 19:53:00,KNBE
26.59,26.59,26.54,26.59,950,2021-07-19 19:54:00,KNBE
26.64,26.65,26.63,26.65,300,2021-07-19 19:56:00,KNBE
26.61,26.66,26.61,26.66,239,2021-07-19 19:57:00,KNBE
26.62,26.63,26.57,26.57,1837,2021-07-19 19:58:00,KNBE
26.5827,26.65,26.57,26.635,2880,2021-07-19 19:59:00,KNBE
26.59,26.59,26.59,26.59,5990,2021-07-19 20:00:00,KNBE
26.51,26.51,26.51,26.51,210,2021-07-19 23:23:00,KNBE
26.77,26.77,26.77,26.77,4018,2021-07-20 13:30:00,KNBE
27.08,27.1,26.92,26.92,400,2021-07-20 13:31:00,KNBE
26.94,27.2558,26.7,26.71,954,2021-07-20 13:32:00,KNBE
26.59,26.59,26.5,26.5,936,2021-07-20 13:33:00,KNBE
26.59,26.59,26.59,26.59,500,2021-07-20 13:34:00,KNBE
26.58,26.6,26.49,26.6,1075,2021-07-20 13:35:00,KNBE
26.6,27.0,26.6,27.0,593,2021-07-20 13:36:00,KNBE
26.62,26.8,26.49,26.49,500,2021-07-20 13:37:00,KNBE
26.4,26.62,26.4,26.53,400,2021-07-20 13:38:00,KNBE
26.385,26.54,26.0701,26.0701,710,2021-07-20 13:40:00,KNBE
26.16,26.16,26.16,26.16,100,2021-07-20 13:41:00,KNBE
26.18,26.18,26.18,26.18,100,2021-07-20 13:42:00,KNBE
26.175,26.175,26.175,26.175,250,2021-07-20 13:43:00,KNBE
26.28,26.39,26.28,26.39,400,2021-07-20 13:44:00,KNBE
26.4,26.4,26.4,26.4,475,2021-07-20 13:46:00,KNBE
26.4104,26.42,26.4104,26.42,1300,2021-07-20 13:48:00,KNBE
26.45,26.649,26.4,26.4,914,2021-07-20 13:50:00,KNBE
26.56,26.56,26.5505,26.56,300,2021-07-20 13:52:00,KNBE
26.55,26.555,26.5,26.5,402,2021-07-20 13:53:00,KNBE
26.3,26.3,26.25,26.25,946,2021-07-20 13:55:00,KNBE
26.3,26.3,26.3,26.3,187,2021-07-20 13:56:00,KNBE
26.25,26.25,26.25,26.25,100,2021-07-20 13:57:00,KNBE
26.17,26.17,26.08,26.08,600,2021-07-20 13:58:00,KNBE
26.075,26.32,26.075,26.32,500,2021-07-20 13:59:00,KNBE
26.1,26.1,26.1,26.1,100,2021-07-20 14:02:00,KNBE
26.1794,26.1794,26.1,26.1,400,2021-07-20 14:04:00,KNBE
26.125,26.25,26.12,26.25,698,2021-07-20 14:06:00,KNBE
26.299,26.299,26.299,26.299,110,2021-07-20 14:08:00,KNBE
26.14,26.14,26.14,26.14,100,2021-07-20 14:10:00,KNBE
26.13,26.155,26.13,26.155,200,2021-07-20 14:11:00,KNBE
26.05,26.26,26.05,26.21,900,2021-07-20 14:12:00,KNBE
26.26,26.26,26.26,26.26,100,2021-07-20 14:13:00,KNBE
26.32,26.47,26.21,26.21,1700,2021-07-20 14:14:00,KNBE
26.24,26.27,26.24,26.24,999,2021-07-20 14:18:00,KNBE
26.315,26.315,26.315,26.315,100,2021-07-20 14:19:00,KNBE
26.315,26.315,26.315,26.315,200,2021-07-20 14:20:00,KNBE
26.29,26.3,26.285,26.285,1100,2021-07-20 14:21:00,KNBE
26.37,26.45,26.33,26.45,1175,2021-07-20 14:22:00,KNBE
26.34,26.3999,26.32,26.3999,400,2021-07-20 14:23:00,KNBE
26.19,26.19,26.19,26.19,100,2021-07-20 14:27:00,KNBE
26.21,26.23,26.17,26.17,1259,2021-07-20 14:28:00,KNBE
26.26,26.26,26.205,26.205,499,2021-07-20 14:29:00,KNBE
26.22,26.43,26.19,26.43,1913,2021-07-20 14:30:00,KNBE
26.4,26.4,26.4,26.4,187,2021-07-20 14:31:00,KNBE
26.25,26.25,26.25,26.25,100,2021-07-20 14:32:00,KNBE
26.15,26.15,26.15,26.15,200,2021-07-20 14:41:00,KNBE
26.0,26.1,26.0,26.0,530,2021-07-20 14:42:00,KNBE
26.05,26.05,26.0,26.0,1581,2021-07-20 14:43:00,KNBE
25.92,25.9994,25.9,25.9994,2050,2021-07-20 14:44:00,KNBE
25.93,25.93,25.91,25.91,200,2021-07-20 14:46:00,KNBE
25.835,25.85,25.8,25.83,900,2021-07-20 14:48:00,KNBE
25.825,25.825,25.7688,25.8,500,2021-07-20 14:49:00,KNBE
25.75,25.91,25.75,25.91,800,2021-07-20 14:50:00,KNBE
25.7801,26.07,25.7801,26.07,2300,2021-07-20 14:52:00,KNBE
26.0477,26.0477,25.9501,25.9501,300,2021-07-20 14:53:00,KNBE
26.0521,26.0521,26.0521,26.0521,100,2021-07-20 14:56:00,KNBE
26.07,26.1,26.05,26.05,559,2021-07-20 15:01:00,KNBE
26.04,26.05,25.95,25.95,595,2021-07-20 15:02:00,KNBE
25.85,25.85,25.85,25.85,100,2021-07-20 15:03:00,KNBE
25.825,25.825,25.825,25.825,100,2021-07-20 15:05:00,KNBE
25.82,25.82,25.82,25.82,100,2021-07-20 15:06:00,KNBE
25.89,25.95,25.89,25.94,700,2021-07-20 15:07:00,KNBE
25.94,25.955,25.94,25.955,200,2021-07-20 15:14:00,KNBE
25.98,25.98,25.98,25.98,100,2021-07-20 15:17:00,KNBE
25.98,25.98,25.93,25.93,500,2021-07-20 15:18:00,KNBE
25.975,25.975,25.975,25.975,100,2021-07-20 15:19:00,KNBE
25.945,25.945,25.9,25.9,1100,2021-07-20 15:21:00,KNBE
25.96,26.04,25.96,26.0,840,2021-07-20 15:22:00,KNBE
26.03,26.05,25.95,25.95,1100,2021-07-20 15:25:00,KNBE
25.94,25.95,25.94,25.95,300,2021-07-20 15:27:00,KNBE
26.0,26.0,26.0,26.0,112,2021-07-20 15:30:00,KNBE
25.87,25.87,25.86,25.86,720,2021-07-20 15:31:00,KNBE
25.86,25.93,25.86,25.93,500,2021-07-20 15:32:00,KNBE
25.86,25.86,25.86,25.86,100,2021-07-20 15:33:00,KNBE
25.76,25.76,25.76,25.76,100,2021-07-20 15:34:00,KNBE
25.75,25.825,25.75,25.805,600,2021-07-20 15:36:00,KNBE
25.75,25.7612,25.75,25.7612,285,2021-07-20 15:38:00,KNBE
25.82,25.9,25.82,25.9,400,2021-07-20 15:39:00,KNBE
25.86,25.86,25.86,25.86,150,2021-07-20 15:41:00,KNBE
25.82,25.82,25.82,25.82,100,2021-07-20 15:43:00,KNBE
25.76,25.76,25.76,25.76,100,2021-07-20 15:45:00,KNBE
25.8456,25.8456,25.8456,25.8456,100,2021-07-20 15:47:00,KNBE
25.76,25.76,25.68,25.68,4350,2021-07-20 15:48:00,KNBE
25.685,25.685,25.685,25.685,200,2021-07-20 15:49:00,KNBE
25.64,25.64,25.51,25.51,490,2021-07-20 15:50:00,KNBE
25.58,25.58,25.575,25.575,200,2021-07-20 15:51:00,KNBE
25.5001,25.5001,25.5001,25.5001,100,2021-07-20 15:52:00,KNBE
25.5,25.52,25.5,25.52,400,2021-07-20 15:53:00,KNBE
25.55,25.55,25.55,25.55,200,2021-07-20 15:54:00,KNBE
25.5,25.5,25.5,25.5,100,2021-07-20 15:56:00,KNBE
25.5,25.56,25.5,25.56,300,2021-07-20 15:57:00,KNBE
25.5,25.5,25.5,25.5,100,2021-07-20 15:58:00,KNBE
25.51,25.62,25.51,25.5962,589,2021-07-20 16:00:00,KNBE
25.67,25.74,25.67,25.74,400,2021-07-20 16:01:00,KNBE
25.7013,25.7013,25.7013,25.7013,110,2021-07-20 16:02:00,KNBE
25.68,25.7916,25.68,25.7916,345,2021-07-20 16:03:00,KNBE
25.725,25.725,25.725,25.725,100,2021-07-20 16:05:00,KNBE
25.78,25.81,25.76,25.76,300,2021-07-20 16:06:00,KNBE
25.76,25.76,25.76,25.76,100,2021-07-20 16:09:00,KNBE
25.76,25.76,25.73,25.73,1100,2021-07-20 16:10:00,KNBE
25.65,25.65,25.65,25.65,226,2021-07-20 16:11:00,KNBE
25.665,25.7299,25.6,25.6,348,2021-07-20 16:12:00,KNBE
25.635,25.635,25.55,25.55,232,2021-07-20 16:13:00,KNBE
25.55,25.575,25.52,25.52,400,2021-07-20 16:16:00,KNBE
25.6499,25.6499,25.52,25.52,691,2021-07-20 16:17:00,KNBE
25.64,25.64,25.52,25.52,300,2021-07-20 16:18:00,KNBE
25.5,25.5,25.5,25.5,700,2021-07-20 16:20:00,KNBE
25.5,25.5,25.47,25.47,300,2021-07-20 16:21:00,KNBE
25.43,25.43,25.31,25.31,400,2021-07-20 16:22:00,KNBE
25.29,25.29,25.29,25.29,200,2021-07-20 16:24:00,KNBE
25.35,25.35,25.35,25.35,300,2021-07-20 16:26:00,KNBE
25.29,25.335,25.29,25.3,300,2021-07-20 16:27:00,KNBE
25.3238,25.3238,25.3238,25.3238,391,2021-07-20 16:28:00,KNBE
25.33,25.33,25.29,25.33,300,2021-07-20 16:29:00,KNBE
25.33,25.33,25.3,25.3001,400,2021-07-20 16:30:00,KNBE
25.3,25.33,25.3,25.33,230,2021-07-20 16:31:00,KNBE
25.38,25.455,25.38,25.455,600,2021-07-20 16:32:00,KNBE
25.4135,25.43,25.34,25.41,1016,2021-07-20 16:33:00,KNBE
25.4494,25.4494,25.44,25.44,710,2021-07-20 16:35:00,KNBE
25.45,25.45,25.45,25.45,100,2021-07-20 16:37:00,KNBE
25.45,25.45,25.41,25.41,215,2021-07-20 16:38:00,KNBE
25.4375,25.54,25.4325,25.54,1600,2021-07-20 16:39:00,KNBE
25.63,25.6988,25.6,25.6988,356,2021-07-20 16:40:00,KNBE
25.58,25.6,25.58,25.6,460,2021-07-20 16:42:00,KNBE
25.59,25.64,25.59,25.64,1300,2021-07-20 16:44:00,KNBE
25.6,25.6,25.6,25.6,100,2021-07-20 16:45:00,KNBE
25.635,25.67,25.635,25.67,200,2021-07-20 16:49:00,KNBE
25.625,25.625,25.625,25.625,500,2021-07-20 16:50:00,KNBE
25.53,25.53,25.53,25.53,100,2021-07-20 16:52:00,KNBE
25.62,25.62,25.62,25.62,100,2021-07-20 16:53:00,KNBE
25.61,25.61,25.6,25.6,317,2021-07-20 16:55:00,KNBE
25.645,25.65,25.645,25.65,200,2021-07-20 16:56:00,KNBE
25.575,25.59,25.5,25.59,1435,2021-07-20 16:57:00,KNBE
25.55,25.65,25.55,25.65,600,2021-07-20 16:58:00,KNBE
25.69,25.8425,25.68,25.69,1050,2021-07-20 16:59:00,KNBE
25.595,25.66,25.5901,25.6,472,2021-07-20 17:00:00,KNBE
25.595,25.595,25.595,25.595,125,2021-07-20 17:02:00,KNBE
25.595,25.6,25.59,25.59,825,2021-07-20 17:03:00,KNBE
25.58,25.58,25.58,25.58,100,2021-07-20 17:04:00,KNBE
25.65,25.66,25.63,25.63,800,2021-07-20 17:05:00,KNBE
25.65,25.65,25.63,25.63,300,2021-07-20 17:07:00,KNBE
25.595,25.595,25.595,25.595,100,2021-07-20 17:10:00,KNBE
25.595,25.595,25.595,25.595,100,2021-07-20 17:12:00,KNBE
25.6,25.67,25.6,25.67,275,2021-07-20 17:13:00,KNBE
25.53,25.6,25.51,25.59,617,2021-07-20 17:14:00,KNBE
25.59,25.89,25.52,25.88,3177,2021-07-20 17:15:00,KNBE
25.775,25.859,25.775,25.859,300,2021-07-20 17:16:00,KNBE
25.84,25.98,25.84,25.98,313,2021-07-20 17:18:00,KNBE
25.99,25.99,25.99,25.99,100,2021-07-20 17:22:00,KNBE
25.93,25.98,25.9015,25.92,754,2021-07-20 17:25:00,KNBE
25.93,25.93,25.93,25.93,200,2021-07-20 17:27:00,KNBE
25.925,25.925,25.925,25.925,100,2021-07-20 17:28:00,KNBE
25.97,25.97,25.97,25.97,100,2021-07-20 17:29:00,KNBE
25.99,26.13,25.97,26.13,600,2021-07-20 17:30:00,KNBE
26.14,26.14,26.1,26.1,270,2021-07-20 17:31:00,KNBE
26.03,26.03,26.03,26.03,100,2021-07-20 17:32:00,KNBE
26.06,26.09,25.9715,26.09,1476,2021-07-20 17:33:00,KNBE
26.01,26.01,26.01,26.01,100,2021-07-20 17:34:00,KNBE
26.14,26.15,26.13,26.13,300,2021-07-20 17:36:00,KNBE
25.95,26.01,25.95,26.01,1100,2021-07-20 17:37:00,KNBE
26.14,26.14,26.13,26.14,800,2021-07-20 17:38:00,KNBE
26.14,26.14,26.14,26.14,200,2021-07-20 17:40:00,KNBE
26.17,26.17,26.17,26.17,100,2021-07-20 17:41:00,KNBE
26.17,26.17,26.17,26.17,100,2021-07-20 17:43:00,KNBE
26.2,26.2,26.2,26.2,100,2021-07-20 17:44:00,KNBE
26.17,26.27,26.1261,26.1261,700,2021-07-20 17:45:00,KNBE
26.4,26.4,25.97,25.97,250,2021-07-20 17:46:00,KNBE
26.05,26.32,26.01,26.15,525,2021-07-20 17:47:00,KNBE
26.15,26.15,26.15,26.15,100,2021-07-20 17:50:00,KNBE
26.0959,26.27,26.01,26.15,700,2021-07-20 17:52:00,KNBE
26.01,26.01,26.01,26.01,100,2021-07-20 17:54:00,KNBE
26.085,26.085,26.085,26.085,200,2021-07-20 17:55:00,KNBE
26.14,26.18,26.06,26.18,800,2021-07-20 17:56:00,KNBE
26.2,26.2088,26.2,26.2088,325,2021-07-20 17:57:00,KNBE
26.2,26.2,26.2,26.2,100,2021-07-20 17:59:00,KNBE
26.225,26.225,26.225,26.225,100,2021-07-20 18:00:00,KNBE
26.32,26.32,26.29,26.29,300,2021-07-20 18:01:00,KNBE
26.03,26.25,26.03,26.03,500,2021-07-20 18:02:00,KNBE
26.2,26.23,26.07,26.07,1557,2021-07-20 18:03:00,KNBE
26.25,26.28,26.25,26.28,999,2021-07-20 18:04:00,KNBE
26.3,26.35,26.3,26.35,913,2021-07-20 18:06:00,KNBE
26.32,26.32,26.32,26.32,126,2021-07-20 18:07:00,KNBE
26.34,26.49,26.34,26.425,975,2021-07-20 18:08:00,KNBE
26.35,26.35,26.35,26.35,200,2021-07-20 18:09:00,KNBE
26.5,26.5,26.5,26.5,100,2021-07-20 18:10:00,KNBE
26.49,26.5,26.425,26.425,600,2021-07-20 18:11:00,KNBE
26.5,26.5,26.49,26.49,400,2021-07-20 18:12:00,KNBE
26.5,26.5,26.4,26.4,300,2021-07-20 18:14:00,KNBE
26.5,26.5,26.5,26.5,100,2021-07-20 18:15:00,KNBE
26.5,26.7,26.5,26.67,1270,2021-07-20 18:17:00,KNBE
26.505,26.505,26.505,26.505,100,2021-07-20 18:18:00,KNBE
26.67,26.67,26.67,26.67,100,2021-07-20 18:19:00,KNBE
26.67,26.68,26.67,26.68,200,2021-07-20 18:20:00,KNBE
26.72,26.72,26.72,26.72,100,2021-07-20 18:21:00,KNBE
26.79,26.79,26.79,26.79,200,2021-07-20 18:22:00,KNBE
26.61,26.65,26.61,26.65,1000,2021-07-20 18:24:00,KNBE
26.54,26.54,26.51,26.51,500,2021-07-20 18:25:00,KNBE
26.66,26.66,26.65,26.65,200,2021-07-20 18:26:00,KNBE
26.33,26.56,26.33,26.56,207,2021-07-20 18:27:00,KNBE
26.68,26.68,26.68,26.68,200,2021-07-20 18:28:00,KNBE
26.655,26.69,26.655,26.69,713,2021-07-20 18:29:00,KNBE
26.81,26.81,26.81,26.81,200,2021-07-20 18:30:00,KNBE
26.8068,26.8068,26.8068,26.8068,100,2021-07-20 18:31:00,KNBE
26.6,26.605,26.5,26.5,550,2021-07-20 18:35:00,KNBE
26.4,26.595,26.4,26.4,300,2021-07-20 18:36:00,KNBE
26.59,26.63,26.59,26.63,600,2021-07-20 18:38:00,KNBE
26.73,26.74,26.73,26.74,200,2021-07-20 18:40:00,KNBE
26.72,26.75,26.675,26.75,400,2021-07-20 18:45:00,KNBE
26.6,26.64,26.6,26.64,980,2021-07-20 18:47:00,KNBE
26.73,26.73,26.73,26.73,200,2021-07-20 18:48:00,KNBE
26.72,26.74,26.685,26.74,1469,2021-07-20 18:49:00,KNBE
26.74,26.77,26.71,26.71,800,2021-07-20 18:52:00,KNBE
26.78,26.78,26.78,26.78,200,2021-07-20 18:53:00,KNBE
26.79,26.87,26.776,26.87,1386,2021-07-20 18:54:00,KNBE
26.805,26.805,26.805,26.805,100,2021-07-20 18:55:00,KNBE
26.89,26.9,26.89,26.9,563,2021-07-20 18:57:00,KNBE
26.815,26.815,26.815,26.815,100,2021-07-20 19:00:00,KNBE
26.9,27.13,26.9,27.13,8478,2021-07-20 19:02:00,KNBE
27.11,27.11,27.11,27.11,100,2021-07-20 19:03:00,KNBE
27.1,27.1,27.1,27.1,100,2021-07-20 19:04:00,KNBE
27.22,27.22,27.22,27.22,100,2021-07-20 19:05:00,KNBE
27.16,27.16,27.16,27.16,100,2021-07-20 19:06:00,KNBE
27.28,27.29,27.25,27.29,800,2021-07-20 19:07:00,KNBE
27.23,27.23,27.23,27.23,200,2021-07-20 19:08:00,KNBE
27.16,27.34,27.16,27.34,1100,2021-07-20 19:09:00,KNBE
27.34,27.34,27.34,27.34,173,2021-07-20 19:10:00,KNBE
27.34,27.34,27.34,27.34,125,2021-07-20 19:12:00,KNBE
27.29,27.37,27.28,27.37,750,2021-07-20 19:13:00,KNBE
27.29,27.31,27.29,27.31,725,2021-07-20 19:14:00,KNBE
27.165,27.2645,27.165,27.2645,500,2021-07-20 19:15:00,KNBE
27.245,27.245,27.245,27.245,100,2021-07-20 19:17:00,KNBE
27.31,27.32,27.31,27.32,200,2021-07-20 19:18:00,KNBE
27.22,27.22,27.22,27.22,100,2021-07-20 19:19:00,KNBE
27.24,27.25,27.24,27.2402,800,2021-07-20 19:20:00,KNBE
27.225,27.225,27.225,27.225,100,2021-07-20 19:21:00,KNBE
27.225,27.225,27.16,27.215,500,2021-07-20 19:22:00,KNBE
27.21,27.21,27.21,27.21,200,2021-07-20 19:23:00,KNBE
27.165,27.165,27.16,27.16,200,2021-07-20 19:24:00,KNBE
27.2,27.21,27.16,27.16,704,2021-07-20 19:25:00,KNBE
27.1736,27.1736,27.07,27.1,720,2021-07-20 19:26:00,KNBE
27.18,27.18,27.07,27.07,650,2021-07-20 19:27:00,KNBE
27.07,27.13,27.06,27.13,800,2021-07-20 19:28:00,KNBE
27.14,27.185,27.06,27.18,1500,2021-07-20 19:29:00,KNBE
27.115,27.17,27.115,27.17,498,2021-07-20 19:30:00,KNBE
27.14,27.14,27.105,27.105,300,2021-07-20 19:31:00,KNBE
27.14,27.2265,27.1,27.1,2126,2021-07-20 19:33:00,KNBE
27.1,27.23,27.1,27.11,800,2021-07-20 19:34:00,KNBE
27.18,27.25,27.18,27.25,600,2021-07-20 19:35:00,KNBE
27.255,27.3,27.24,27.24,900,2021-07-20 19:36:00,KNBE
27.29,27.3,27.285,27.3,500,2021-07-20 19:37:00,KNBE
27.285,27.34,27.28,27.34,400,2021-07-20 19:38:00,KNBE
27.3165,27.33,27.2583,27.28,1600,2021-07-20 19:39:00,KNBE
27.28,27.28,27.28,27.28,100,2021-07-20 19:40:00,KNBE
27.28,27.33,27.22,27.33,675,2021-07-20 19:41:00,KNBE
27.22,27.22,27.09,27.22,700,2021-07-20 19:42:00,KNBE
27.16,27.16,27.135,27.135,200,2021-07-20 19:43:00,KNBE
27.12,27.12,27.12,27.12,100,2021-07-20 19:44:00,KNBE
27.12,27.12,27.0479,27.0479,300,2021-07-20 19:45:00,KNBE
27.07,27.14,27.07,27.14,300,2021-07-20 19:46:00,KNBE
27.08,27.22,27.08,27.2152,1934,2021-07-20 19:47:00,KNBE
27.23,27.24,27.14,27.17,1262,2021-07-20 19:48:00,KNBE
27.1,27.13,27.1,27.11,600,2021-07-20 19:49:00,KNBE
27.03,27.03,26.85,26.86,950,2021-07-20 19:50:00,KNBE
26.86,26.97,26.86,26.96,1500,2021-07-20 19:51:00,KNBE
26.99,27.13,26.99,27.13,700,2021-07-20 19:52:00,KNBE
26.98,27.03,26.88,27.0,1032,2021-07-20 19:53:00,KNBE
26.86,26.965,26.86,26.965,400,2021-07-20 19:54:00,KNBE
26.89,26.955,26.76,26.76,900,2021-07-20 19:55:00,KNBE
26.76,26.815,26.7,26.7,1288,2021-07-20 19:56:00,KNBE
26.655,26.85,26.655,26.785,3500,2021-07-20 19:57:00,KNBE
26.785,26.81,26.73,26.78,2128,2021-07-20 19:58:00,KNBE
26.835,26.91,26.73,26.8888,2850,2021-07-20 19:59:00,KNBE
26.96,26.96,26.96,26.96,21702,2021-07-20 20:00:00,KNBE
27.49,27.49,27.49,27.49,100,2021-07-21 13:29:00,KNBE
27.54,27.88,27.5,27.52,5867,2021-07-21 13:30:00,KNBE
27.53,28.06,27.53,28.06,200,2021-07-21 13:31:00,KNBE
27.56,27.56,27.52,27.52,1000,2021-07-21 13:33:00,KNBE
27.57,27.57,27.41,27.5,500,2021-07-21 13:34:00,KNBE
27.58,27.58,27.58,27.58,300,2021-07-21 13:36:00,KNBE
27.74,27.74,27.74,27.74,100,2021-07-21 13:37:00,KNBE
27.591,27.6,27.591,27.6,250,2021-07-21 13:39:00,KNBE
27.65,27.75,27.57,27.75,800,2021-07-21 13:42:00,KNBE
27.85,27.85,27.85,27.85,100,2021-07-21 13:43:00,KNBE
27.716,27.716,27.6,27.6,450,2021-07-21 13:44:00,KNBE
27.71,27.71,27.71,27.71,100,2021-07-21 13:46:00,KNBE
27.71,27.71,27.71,27.71,500,2021-07-21 13:47:00,KNBE
27.71,27.765,27.71,27.765,1100,2021-07-21 13:48:00,KNBE
27.71,27.71,27.71,27.71,200,2021-07-21 13:49:00,KNBE
27.71,27.71,27.68,27.68,700,2021-07-21 13:51:00,KNBE
27.68,27.68,27.68,27.68,100,2021-07-21 13:52:00,KNBE
27.68,27.68,27.6,27.6,200,2021-07-21 13:53:00,KNBE
27.6,27.6,27.6,27.6,300,2021-07-21 13:54:00,KNBE
27.56,27.56,27.56,27.56,100,2021-07-21 13:55:00,KNBE
27.6,27.6,27.6,27.6,250,2021-07-21 13:56:00,KNBE
27.765,27.765,27.765,27.765,171,2021-07-21 13:58:00,KNBE
27.87,27.99,27.87,27.96,900,2021-07-21 13:59:00,KNBE
27.89,27.89,27.89,27.89,100,2021-07-21 14:02:00,KNBE
28.065,28.065,28.065,28.065,100,2021-07-21 14:03:00,KNBE
27.92,28.065,27.92,28.065,200,2021-07-21 14:04:00,KNBE
28.1,28.1,28.1,28.1,350,2021-07-21 14:05:00,KNBE
28.1,28.1,28.1,28.1,200,2021-07-21 14:06:00,KNBE
28.1,28.22,28.1,28.1,400,2021-07-21 14:07:00,KNBE
28.1,28.88,28.04,28.88,15832,2021-07-21 14:08:00,KNBE
28.86,28.86,28.76,28.76,1100,2021-07-21 14:09:00,KNBE
28.38,28.5,28.38,28.5,2517,2021-07-21 14:11:00,KNBE
28.39,28.564,28.39,28.5153,850,2021-07-21 14:12:00,KNBE
28.55,28.55,28.5,28.5,389,2021-07-21 14:13:00,KNBE
28.59,28.635,28.411,28.485,10347,2021-07-21 14:16:00,KNBE
28.53,28.53,28.41,28.41,6100,2021-07-21 14:17:00,KNBE
28.55,28.55,28.55,28.55,100,2021-07-21 14:18:00,KNBE
28.49,28.56,28.49,28.56,200,2021-07-21 14:19:00,KNBE
28.49,28.49,28.49,28.49,100,2021-07-21 14:20:00,KNBE
28.49,28.49,28.49,28.49,225,2021-07-21 14:21:00,KNBE
28.49,28.49,28.49,28.49,100,2021-07-21 14:22:00,KNBE
28.5,28.57,28.46,28.57,503,2021-07-21 14:23:00,KNBE
28.49,28.49,28.49,28.49,100,2021-07-21 14:24:00,KNBE
28.565,28.565,28.565,28.565,180,2021-07-21 14:25:00,KNBE
28.595,28.595,28.595,28.595,700,2021-07-21 14:26:00,KNBE
28.5,28.5,28.5,28.5,100,2021-07-21 14:27:00,KNBE
28.595,28.595,28.445,28.445,703,2021-07-21 14:28:00,KNBE
28.54,28.54,28.54,28.54,100,2021-07-21 14:30:00,KNBE
28.325,28.325,28.325,28.325,100,2021-07-21 14:31:00,KNBE
28.31,28.31,28.07,28.31,7000,2021-07-21 14:32:00,KNBE
28.31,28.3634,28.1,28.3634,10600,2021-07-21 14:34:00,KNBE
28.2175,28.2175,28.2175,28.2175,100,2021-07-21 14:38:00,KNBE
28.225,28.3642,28.225,28.3642,276,2021-07-21 14:40:00,KNBE
28.225,28.225,28.225,28.225,100,2021-07-21 14:41:00,KNBE
28.225,28.225,28.225,28.225,400,2021-07-21 14:45:00,KNBE
28.225,28.225,28.225,28.225,225,2021-07-21 14:47:00,KNBE
28.2,28.2,28.2,28.2,200,2021-07-21 14:48:00,KNBE
28.2,28.2,28.2,28.2,100,2021-07-21 14:50:00,KNBE
28.225,28.225,28.2,28.225,346,2021-07-21 14:51:00,KNBE
28.05,28.225,28.05,28.225,1100,2021-07-21 14:52:00,KNBE
28.225,28.225,28.225,28.225,100,2021-07-21 14:53:00,KNBE
28.225,28.225,28.225,28.225,384,2021-07-21 14:54:00,KNBE
28.225,28.225,28.225,28.225,100,2021-07-21 14:56:00,KNBE
28.225,28.225,28.225,28.225,146,2021-07-21 14:57:00,KNBE
28.225,28.225,28.225,28.225,166,2021-07-21 14:58:00,KNBE
28.2,28.225,28.2,28.225,266,2021-07-21 14:59:00,KNBE
28.2,28.31,28.18,28.31,746,2021-07-21 15:00:00,KNBE
28.1,28.1,28.1,28.1,100,2021-07-21 15:03:00,KNBE
28.1,28.1,28.1,28.1,100,2021-07-21 15:04:00,KNBE
28.16,28.2,28.15,28.15,1829,2021-07-21 15:06:00,KNBE
28.28,28.28,28.2,28.2,200,2021-07-21 15:10:00,KNBE
28.3,28.3,28.3,28.3,300,2021-07-21 15:11:00,KNBE
28.399,28.4,28.399,28.4,276,2021-07-21 15:12:00,KNBE
28.47,28.47,28.47,28.47,311,2021-07-21 15:13:00,KNBE
28.47,28.47,28.47,28.47,400,2021-07-21 15:15:00,KNBE
28.23,28.23,28.23,28.23,100,2021-07-21 15:19:00,KNBE
28.51,28.695,28.51,28.695,200,2021-07-21 15:22:00,KNBE
28.3,28.42,28.3,28.42,671,2021-07-21 15:23:00,KNBE
28.6521,28.6521,28.6521,28.6521,100,2021-07-21 15:24:00,KNBE
28.415,28.415,28.415,28.415,100,2021-07-21 15:25:00,KNBE
28.32,28.32,28.32,28.32,500,2021-07-21 15:27:00,KNBE
28.32,28.32,28.32,28.32,200,2021-07-21 15:28:00,KNBE
28.58,28.58,28.3,28.4,450,2021-07-21 15:29:00,KNBE
28.37,28.485,28.19,28.33,1600,2021-07-21 15:30:00,KNBE
28.33,28.6,28.33,28.6,2680,2021-07-21 15:31:00,KNBE
28.5,28.68,28.47,28.615,2299,2021-07-21 15:32:00,KNBE
28.57,28.57,28.5,28.5,200,2021-07-21 15:33:00,KNBE
28.64,28.85,28.59,28.75,1898,2021-07-21 15:34:00,KNBE
28.83,28.83,28.7,28.8,465,2021-07-21 15:35:00,KNBE
28.86,28.86,28.86,28.86,100,2021-07-21 15:36:00,KNBE
28.95,28.95,28.95,28.95,100,2021-07-21 15:38:00,KNBE
28.86,28.86,28.86,28.86,200,2021-07-21 15:39:00,KNBE
28.8641,28.87,28.8641,28.87,200,2021-07-21 15:40:00,KNBE
28.725,28.725,28.725,28.725,200,2021-07-21 15:41:00,KNBE
28.87,28.87,28.87,28.87,100,2021-07-21 15:42:00,KNBE
28.67,28.67,28.67,28.67,100,2021-07-21 15:47:00,KNBE
28.6,28.81,28.6,28.81,200,2021-07-21 15:48:00,KNBE
28.865,28.99,28.865,28.94,1050,2021-07-21 15:49:00,KNBE
28.82,28.82,28.59,28.59,800,2021-07-21 15:50:00,KNBE
28.5384,28.5384,28.5384,28.5384,700,2021-07-21 15:51:00,KNBE
28.785,28.785,28.7,28.7,200,2021-07-21 15:52:00,KNBE
28.5,28.84,28.5,28.84,900,2021-07-21 15:53:00,KNBE
28.75,28.75,28.61,28.61,300,2021-07-21 15:54:00,KNBE
28.53,28.62,28.53,28.62,200,2021-07-21 15:55:00,KNBE
28.6,28.67,28.6,28.67,381,2021-07-21 15:56:00,KNBE
28.85,28.85,28.85,28.85,100,2021-07-21 15:58:00,KNBE
28.8857,28.8857,28.7,28.7,3812,2021-07-21 15:59:00,KNBE
28.6,28.6,28.6,28.6,100,2021-07-21 16:00:00,KNBE
28.56,28.89,28.56,28.85,2400,2021-07-21 16:02:00,KNBE
28.975,28.975,28.83,28.83,239,2021-07-21 16:03:00,KNBE
28.895,28.93,28.895,28.93,500,2021-07-21 16:04:00,KNBE
28.95,28.95,28.95,28.95,100,2021-07-21 16:05:00,KNBE
28.92,28.94,28.825,28.825,556,2021-07-21 16:06:00,KNBE
28.93,28.93,28.93,28.93,100,2021-07-21 16:07:00,KNBE
28.78,28.78,28.78,28.78,100,2021-07-21 16:11:00,KNBE
28.92,28.93,28.74,28.82,1246,2021-07-21 16:12:00,KNBE
28.82,28.885,28.64,28.64,1700,2021-07-21 16:13:00,KNBE
28.7,28.915,28.7,28.915,1200,2021-07-21 16:14:00,KNBE
28.97,29.005,28.75,28.75,850,2021-07-21 16:15:00,KNBE
28.77,28.8542,28.77,28.8542,600,2021-07-21 16:16:00,KNBE
28.67,28.9163,28.67,28.9163,200,2021-07-21 16:22:00,KNBE
28.6728,28.86,28.6728,28.86,300,2021-07-21 16:23:00,KNBE
28.9,28.9,28.7,28.77,300,2021-07-21 16:28:00,KNBE
28.965,28.965,28.8,28.91,300,2021-07-21 16:29:00,KNBE
28.85,28.9,28.71,28.89,2000,2021-07-21 16:30:00,KNBE
28.91,28.91,28.845,28.896,500,2021-07-21 16:31:00,KNBE
28.745,28.745,28.745,28.745,100,2021-07-21 16:32:00,KNBE
28.935,29.0,28.935,29.0,200,2021-07-21 16:33:00,KNBE
28.99,28.99,28.99,28.99,100,2021-07-21 16:37:00,KNBE
28.9,28.98,28.9,28.96,300,2021-07-21 16:43:00,KNBE
29.03,29.03,29.03,29.03,150,2021-07-21 16:45:00,KNBE
29.03,29.03,29.03,29.03,125,2021-07-21 16:46:00,KNBE
28.725,28.725,28.725,28.725,100,2021-07-21 16:50:00,KNBE
28.62,28.62,28.62,28.62,200,2021-07-21 16:52:00,KNBE
28.62,28.62,28.62,28.62,391,2021-07-21 16:53:00,KNBE
28.69,28.69,28.69,28.69,104,2021-07-21 16:54:00,KNBE
28.7,28.7,28.7,28.7,400,2021-07-21 16:55:00,KNBE
28.58,28.675,28.57,28.675,400,2021-07-21 16:58:00,KNBE
28.57,28.58,28.57,28.57,2200,2021-07-21 16:59:00,KNBE
28.62,28.62,28.39,28.55,3160,2021-07-21 17:00:00,KNBE
28.37,28.37,28.37,28.37,100,2021-07-21 17:06:00,KNBE
28.5,28.5,28.5,28.5,100,2021-07-21 17:14:00,KNBE
28.45,28.71,28.4,28.65,1000,2021-07-21 17:19:00,KNBE
28.45,28.45,28.45,28.45,200,2021-07-21 17:21:00,KNBE
28.47,28.6,28.47,28.56,700,2021-07-21 17:24:00,KNBE
28.55,28.8,28.55,28.8,980,2021-07-21 17:25:00,KNBE
28.74,28.75,28.7,28.7,500,2021-07-21 17:26:00,KNBE
28.7,28.7,28.645,28.645,200,2021-07-21 17:27:00,KNBE
28.665,28.6983,28.665,28.6983,200,2021-07-21 17:28:00,KNBE
28.75,28.9,28.75,28.9,700,2021-07-21 17:29:00,KNBE
28.8,28.8,28.8,28.8,200,2021-07-21 17:30:00,KNBE
28.8,28.83,28.8,28.8006,400,2021-07-21 17:31:00,KNBE
28.815,28.815,28.815,28.815,200,2021-07-21 17:33:00,KNBE
28.81,28.81,28.81,28.81,100,2021-07-21 17:34:00,KNBE
28.8,28.8,28.7,28.7,500,2021-07-21 17:36:00,KNBE
28.68,28.68,28.68,28.68,125,2021-07-21 17:37:00,KNBE
28.545,28.57,28.545,28.57,200,2021-07-21 17:38:00,KNBE
28.72,28.72,28.56,28.56,550,2021-07-21 17:40:00,KNBE
28.595,28.595,28.52,28.56,1100,2021-07-21 17:41:00,KNBE
28.7,28.7,28.54,28.65,600,2021-07-21 17:42:00,KNBE
28.7,28.81,28.7,28.81,400,2021-07-21 17:43:00,KNBE
28.815,29.03,28.8,29.03,300,2021-07-21 17:44:00,KNBE
28.81,28.89,28.67,28.67,300,2021-07-21 17:45:00,KNBE
28.93,28.93,28.93,28.93,100,2021-07-21 17:46:00,KNBE
28.8,28.8,28.77,28.77,600,2021-07-21 17:47:00,KNBE
28.97,28.97,28.97,28.97,500,2021-07-21 17:48:00,KNBE
28.76,28.76,28.76,28.76,300,2021-07-21 17:50:00,KNBE
28.755,29.049,28.755,29.049,272,2021-07-21 17:52:00,KNBE
28.85,28.85,28.85,28.85,100,2021-07-21 17:53:00,KNBE
28.66,28.66,28.66,28.66,100,2021-07-21 17:54:00,KNBE
28.885,28.885,28.62,28.62,723,2021-07-21 17:55:00,KNBE
28.62,28.62,28.62,28.62,420,2021-07-21 17:57:00,KNBE
28.73,28.775,28.73,28.775,200,2021-07-21 17:58:00,KNBE
28.775,28.775,28.775,28.775,100,2021-07-21 17:59:00,KNBE
28.63,28.715,28.63,28.715,600,2021-07-21 18:00:00,KNBE
28.715,28.725,28.715,28.725,500,2021-07-21 18:01:00,KNBE
28.7,28.71,28.67,28.7,600,2021-07-21 18:02:00,KNBE
28.635,28.7494,28.615,28.7,1200,2021-07-21 18:03:00,KNBE
28.68,28.68,28.68,28.68,100,2021-07-21 18:04:00,KNBE
28.7899,28.7899,28.7,28.7,619,2021-07-21 18:06:00,KNBE
28.7,28.71,28.7,28.71,200,2021-07-21 18:07:00,KNBE
28.6866,28.6866,28.6866,28.6866,500,2021-07-21 18:10:00,KNBE
28.57,28.58,28.57,28.58,300,2021-07-21 18:11:00,KNBE
28.655,28.655,28.655,28.655,100,2021-07-21 18:16:00,KNBE
28.52,28.52,28.52,28.52,100,2021-07-21 18:19:00,KNBE
28.61,28.61,28.61,28.61,100,2021-07-21 18:22:00,KNBE
28.61,28.61,28.61,28.61,225,2021-07-21 18:23:00,KNBE
28.61,28.61,28.61,28.61,100,2021-07-21 18:24:00,KNBE
28.605,28.605,28.605,28.605,100,2021-07-21 18:26:00,KNBE
28.6,28.6,28.6,28.6,100,2021-07-21 18:27:00,KNBE
28.605,28.605,28.605,28.605,100,2021-07-21 18:28:00,KNBE
28.68,28.72,28.6,28.67,1000,2021-07-21 18:29:00,KNBE
28.675,28.675,28.675,28.675,100,2021-07-21 18:31:00,KNBE
28.67,28.67,28.67,28.67,100,2021-07-21 18:34:00,KNBE
28.61,28.64,28.53,28.53,3086,2021-07-21 18:35:00,KNBE
28.595,28.61,28.595,28.61,200,2021-07-21 18:36:00,KNBE
28.646,28.646,28.535,28.535,499,2021-07-21 18:37:00,KNBE
28.6,28.6,28.6,28.6,200,2021-07-21 18:38:00,KNBE
28.645,28.69,28.645,28.65,300,2021-07-21 18:40:00,KNBE
28.61,28.62,28.55,28.55,600,2021-07-21 18:41:00,KNBE
28.59,28.59,28.5424,28.57,725,2021-07-21 18:45:00,KNBE
28.57,28.57,28.57,28.57,100,2021-07-21 18:46:00,KNBE
28.5,28.5,28.5,28.5,100,2021-07-21 18:48:00,KNBE
28.565,28.565,28.565,28.565,100,2021-07-21 18:49:00,KNBE
28.5165,28.5165,28.495,28.495,200,2021-07-21 18:50:00,KNBE
28.485,28.485,28.485,28.485,100,2021-07-21 18:51:00,KNBE
28.55,28.55,28.55,28.55,100,2021-07-21 18:54:00,KNBE
28.47,28.47,28.47,28.47,100,2021-07-21 18:56:00,KNBE
28.59,28.59,28.59,28.59,100,2021-07-21 18:59:00,KNBE
28.51,28.51,28.51,28.51,100,2021-07-21 19:03:00,KNBE
28.61,28.61,28.515,28.515,200,2021-07-21 19:07:00,KNBE
28.52,28.52,28.52,28.52,100,2021-07-21 19:08:00,KNBE
28.4601,28.4601,28.46,28.46,495,2021-07-21 19:09:00,KNBE
28.46,28.46,28.46,28.46,400,2021-07-21 19:10:00,KNBE
28.465,28.465,28.381,28.381,200,2021-07-21 19:13:00,KNBE
28.465,28.465,28.465,28.465,100,2021-07-21 19:16:00,KNBE
28.46,28.46,28.46,28.46,100,2021-07-21 19:18:00,KNBE
28.4,28.54,28.4,28.54,500,2021-07-21 19:19:00,KNBE
28.56,28.58,28.56,28.57,400,2021-07-21 19:20:00,KNBE
28.83,28.84,28.8,28.829,600,2021-07-21 19:24:00,KNBE
28.9397,28.94,28.8,28.8,473,2021-07-21 19:25:00,KNBE
28.95,28.95,28.95,28.95,100,2021-07-21 19:28:00,KNBE
28.82,28.82,28.75,28.75,1100,2021-07-21 19:29:00,KNBE
28.84,28.84,28.81,28.81,200,2021-07-21 19:31:00,KNBE
28.96,28.96,28.88,28.88,350,2021-07-21 19:34:00,KNBE
28.88,28.92,28.88,28.89,850,2021-07-21 19:36:00,KNBE
28.9,28.93,28.87,28.87,750,2021-07-21 19:37:00,KNBE
28.81,28.81,28.81,28.81,100,2021-07-21 19:38:00,KNBE
28.875,28.875,28.84,28.84,200,2021-07-21 19:39:00,KNBE
28.88,28.9,28.88,28.9,200,2021-07-21 19:41:00,KNBE
28.93,28.93,28.93,28.93,100,2021-07-21 19:42:00,KNBE
28.9,28.9,28.81,28.81,800,2021-07-21 19:43:00,KNBE
28.81,28.8851,28.75,28.75,3160,2021-07-21 19:45:00,KNBE
28.78,28.82,28.78,28.82,440,2021-07-21 19:46:00,KNBE
28.8,28.8,28.8,28.8,100,2021-07-21 19:47:00,KNBE
28.74,28.78,28.74,28.78,200,2021-07-21 19:48:00,KNBE
28.72,28.72,28.59,28.59,1900,2021-07-21 19:49:00,KNBE
28.66,28.66,28.66,28.66,100,2021-07-21 19:50:00,KNBE
28.64,28.64,28.64,28.64,100,2021-07-21 19:52:00,KNBE
28.7,28.7,28.66,28.695,400,2021-07-21 19:53:00,KNBE
28.69,28.72,28.65,28.68,1100,2021-07-21 19:54:00,KNBE
28.655,28.655,28.655,28.655,100,2021-07-21 19:55:00,KNBE
28.675,28.73,28.645,28.645,2632,2021-07-21 19:56:00,KNBE
28.67,28.67,28.66,28.66,800,2021-07-21 19:57:00,KNBE
28.65,28.65,28.29,28.42,23152,2021-07-21 19:58:00,KNBE
28.4,28.53,28.39,28.51,6580,2021-07-21 19:59:00,KNBE
28.53,28.53,28.53,28.53,14348,2021-07-21 20:00:00,KNBE
28.69,28.7,28.69,28.7,200,2021-07-22 11:56:00,KNBE
28.68,28.68,28.68,28.68,100,2021-07-22 13:29:00,KNBE
28.71,28.71,28.46,28.46,3605,2021-07-22 13:30:00,KNBE
28.44,28.445,28.44,28.445,1000,2021-07-22 13:31:00,KNBE
28.565,28.565,28.565,28.565,1000,2021-07-22 13:34:00,KNBE
28.47,28.47,28.47,28.47,100,2021-07-22 13:36:00,KNBE
28.44,28.47,28.3,28.3,999,2021-07-22 13:37:00,KNBE
28.38,28.38,28.38,28.38,180,2021-07-22 13:38:00,KNBE
28.21,28.21,28.21,28.21,100,2021-07-22 13:39:00,KNBE
28.19,28.2,28.19,28.2,200,2021-07-22 13:40:00,KNBE
28.02,28.08,28.02,28.08,300,2021-07-22 13:42:00,KNBE
28.205,28.205,28.205,28.205,120,2021-07-22 13:43:00,KNBE
28.0,28.225,28.0,28.225,2288,2021-07-22 13:44:00,KNBE
28.02,28.03,28.02,28.02,674,2021-07-22 13:46:00,KNBE
28.15,28.15,28.15,28.15,100,2021-07-22 13:48:00,KNBE
28.02,28.02,28.02,28.02,100,2021-07-22 13:49:00,KNBE
27.99,27.99,27.97,27.97,200,2021-07-22 13:51:00,KNBE
27.77,27.8101,27.77,27.8101,276,2021-07-22 13:52:00,KNBE
27.8,27.8,27.8,27.8,100,2021-07-22 13:53:00,KNBE
27.78,27.9,27.78,27.78,3637,2021-07-22 13:56:00,KNBE
27.85,27.85,27.85,27.85,100,2021-07-22 13:59:00,KNBE
27.82,27.82,27.82,27.82,200,2021-07-22 14:03:00,KNBE
27.82,27.82,27.79,27.79,200,2021-07-22 14:05:00,KNBE
27.78,27.78,27.76,27.76,497,2021-07-22 14:08:00,KNBE
27.7,27.7,27.7,27.7,300,2021-07-22 14:09:00,KNBE
27.8,27.8,27.74,27.78,1800,2021-07-22 14:10:00,KNBE
28.09,28.09,28.09,28.09,250,2021-07-22 14:11:00,KNBE
28.01,28.01,28.01,28.01,100,2021-07-22 14:12:00,KNBE
27.98,27.98,27.98,27.98,600,2021-07-22 14:22:00,KNBE
27.98,27.98,27.98,27.98,100,2021-07-22 14:23:00,KNBE
27.98,27.98,27.98,27.98,100,2021-07-22 14:24:00,KNBE
27.98,27.98,27.98,27.98,100,2021-07-22 14:25:00,KNBE
28.0325,28.035,27.83,27.83,300,2021-07-22 14:28:00,KNBE
27.76,27.76,27.76,27.76,100,2021-07-22 14:31:00,KNBE
27.76,27.76,27.76,27.76,100,2021-07-22 14:34:00,KNBE
28.01,28.01,28.01,28.01,100,2021-07-22 14:36:00,KNBE
27.9443,27.9443,27.9443,27.9443,100,2021-07-22 14:39:00,KNBE
27.81,27.81,27.81,27.81,100,2021-07-22 14:42:00,KNBE
27.97,27.99,27.95,27.99,920,2021-07-22 14:43:00,KNBE
27.85,27.88,27.85,27.88,503,2021-07-22 14:44:00,KNBE
27.86,27.95,27.86,27.95,700,2021-07-22 14:45:00,KNBE
27.98,28.01,27.91,27.99,1300,2021-07-22 14:46:00,KNBE
28.075,28.075,28.075,28.075,100,2021-07-22 14:51:00,KNBE
27.92,27.92,27.8,27.8,300,2021-07-22 14:52:00,KNBE
27.8,27.8,27.8,27.8,100,2021-07-22 14:56:00,KNBE
27.81,27.81,27.75,27.75,200,2021-07-22 14:57:00,KNBE
27.71,27.71,27.7,27.71,300,2021-07-22 15:00:00,KNBE
27.59,27.69,27.59,27.69,200,2021-07-22 15:02:00,KNBE
27.675,27.675,27.58,27.58,300,2021-07-22 15:03:00,KNBE
27.825,27.825,27.825,27.825,100,2021-07-22 15:04:00,KNBE
27.83,27.83,27.83,27.83,166,2021-07-22 15:05:00,KNBE
27.83,27.93,27.82,27.93,766,2021-07-22 15:06:00,KNBE
27.7,27.7,27.69,27.69,200,2021-07-22 15:11:00,KNBE
27.55,27.5631,27.55,27.5631,700,2021-07-22 15:13:00,KNBE
27.56,27.56,27.56,27.56,100,2021-07-22 15:15:00,KNBE
27.56,27.56,27.39,27.39,437,2021-07-22 15:16:00,KNBE
27.5,27.63,27.5,27.63,200,2021-07-22 15:17:00,KNBE
27.5375,27.66,27.5375,27.635,317,2021-07-22 15:19:00,KNBE
27.82,27.82,27.82,27.82,200,2021-07-22 15:22:00,KNBE
27.68,27.68,27.68,27.68,100,2021-07-22 15:25:00,KNBE
27.57,27.57,27.57,27.57,100,2021-07-22 15:26:00,KNBE
27.73,27.73,27.73,27.73,100,2021-07-22 15:28:00,KNBE
27.64,27.64,27.64,27.64,100,2021-07-22 15:29:00,KNBE
27.64,27.64,27.55,27.55,605,2021-07-22 15:30:00,KNBE
27.72,27.7299,27.68,27.68,1400,2021-07-22 15:31:00,KNBE
27.69,27.69,27.58,27.58,300,2021-07-22 15:32:00,KNBE
27.62,27.62,27.62,27.62,200,2021-07-22 15:33:00,KNBE
27.65,27.718,27.65,27.71,1311,2021-07-22 15:34:00,KNBE
27.73,27.76,27.73,27.76,200,2021-07-22 15:35:00,KNBE
27.8,27.8,27.8,27.8,400,2021-07-22 15:36:00,KNBE
27.72,27.76,27.72,27.72,400,2021-07-22 15:44:00,KNBE
27.87,27.87,27.73,27.869,600,2021-07-22 15:45:00,KNBE
27.8,27.8,27.73,27.73,300,2021-07-22 15:48:00,KNBE
27.75,27.75,27.75,27.75,100,2021-07-22 15:49:00,KNBE
27.74,27.74,27.73,27.73,200,2021-07-22 15:50:00,KNBE
27.7486,27.7486,27.7,27.7,200,2021-07-22 15:53:00,KNBE
27.6747,27.6747,27.6747,27.6747,200,2021-07-22 15:56:00,KNBE
27.61,27.61,27.61,27.61,100,2021-07-22 15:58:00,KNBE
27.6,27.6,27.6,27.6,100,2021-07-22 15:59:00,KNBE
27.67,27.73,27.67,27.73,300,2021-07-22 16:01:00,KNBE
27.75,27.75,27.75,27.75,100,2021-07-22 16:02:00,KNBE
27.7,27.7,27.7,27.7,100,2021-07-22 16:05:00,KNBE
27.7,27.7,27.7,27.7,100,2021-07-22 16:06:00,KNBE
27.7,27.7,27.7,27.7,100,2021-07-22 16:10:00,KNBE
27.7,27.7,27.7,27.7,100,2021-07-22 16:14:00,KNBE
27.7,27.73,27.64,27.64,300,2021-07-22 16:18:00,KNBE
27.725,27.79,27.715,27.78,1200,2021-07-22 16:20:00,KNBE
27.75,27.75,27.69,27.72,1400,2021-07-22 16:21:00,KNBE
27.7,27.7,27.675,27.7,1774,2021-07-22 16:22:00,KNBE
27.7,27.75,27.7,27.75,600,2021-07-22 16:23:00,KNBE
27.7536,27.7536,27.7536,27.7536,1000,2021-07-22 16:25:00,KNBE
27.71,27.71,27.71,27.71,100,2021-07-22 16:28:00,KNBE
27.88,27.916,27.88,27.916,200,2021-07-22 16:30:00,KNBE
28.03,28.03,27.9758,27.9758,535,2021-07-22 16:32:00,KNBE
27.895,27.895,27.895,27.895,100,2021-07-22 16:33:00,KNBE
27.89,27.89,27.89,27.89,100,2021-07-22 16:41:00,KNBE
27.94,27.94,27.94,27.94,358,2021-07-22 16:45:00,KNBE
27.91,27.955,27.91,27.955,200,2021-07-22 16:48:00,KNBE
27.89,27.89,27.89,27.89,100,2021-07-22 16:50:00,KNBE
27.85,27.88,27.8,27.8,1000,2021-07-22 16:58:00,KNBE
27.76,27.86,27.76,27.86,900,2021-07-22 17:00:00,KNBE
27.96,28.12,27.96,28.12,400,2021-07-22 17:02:00,KNBE
27.98,27.98,27.98,27.98,100,2021-07-22 17:05:00,KNBE
27.97,27.97,27.97,27.97,100,2021-07-22 17:09:00,KNBE
27.86,27.86,27.86,27.86,100,2021-07-22 17:12:00,KNBE
27.83,27.83,27.83,27.83,100,2021-07-22 17:17:00,KNBE
27.83,27.83,27.83,27.83,100,2021-07-22 17:20:00,KNBE
27.8962,27.8962,27.8962,27.8962,100,2021-07-22 17:22:00,KNBE
27.855,27.855,27.855,27.855,100,2021-07-22 17:24:00,KNBE
27.95,27.99,27.95,27.99,400,2021-07-22 17:26:00,KNBE
28.04,28.04,28.04,28.04,100,2021-07-22 17:28:00,KNBE
27.96,27.96,27.96,27.96,100,2021-07-22 17:31:00,KNBE
27.96,27.96,27.96,27.96,100,2021-07-22 17:35:00,KNBE
27.96,27.96,27.96,27.96,100,2021-07-22 17:40:00,KNBE
28.09,28.09,28.08,28.08,200,2021-07-22 17:42:00,KNBE
28.025,28.025,28.025,28.025,100,2021-07-22 17:44:00,KNBE
27.96,27.96,27.96,27.96,100,2021-07-22 17:48:00,KNBE
28.025,28.025,28.025,28.025,100,2021-07-22 17:49:00,KNBE
28.09,28.09,28.09,28.09,200,2021-07-22 17:51:00,KNBE
27.97,27.97,27.97,27.97,100,2021-07-22 17:53:00,KNBE
28.09,28.09,28.09,28.09,200,2021-07-22 17:54:00,KNBE
27.97,27.98,27.96,27.98,400,2021-07-22 17:55:00,KNBE
28.069,28.069,28.0,28.0,600,2021-07-22 17:57:00,KNBE
28.06,28.069,28.06,28.069,200,2021-07-22 17:59:00,KNBE
28.02,28.058,28.02,28.058,200,2021-07-22 18:02:00,KNBE
27.98,27.98,27.98,27.98,100,2021-07-22 18:11:00,KNBE
28.07,28.2,28.07,28.09,768,2021-07-22 18:14:00,KNBE
28.14,28.15,28.14,28.15,200,2021-07-22 18:16:00,KNBE
28.19,28.19,28.16,28.17,400,2021-07-22 18:17:00,KNBE
28.3,28.3,28.3,28.3,100,2021-07-22 18:19:00,KNBE
28.19,28.19,28.19,28.19,100,2021-07-22 18:21:00,KNBE
28.16,28.16,28.16,28.16,100,2021-07-22 18:26:00,KNBE
28.24,28.24,28.24,28.24,250,2021-07-22 18:29:00,KNBE
28.2,28.21,28.07,28.13,400,2021-07-22 18:32:00,KNBE
28.17,28.17,28.17,28.17,100,2021-07-22 18:33:00,KNBE
28.15,28.15,28.15,28.15,175,2021-07-22 18:35:00,KNBE
28.15,28.15,28.11,28.11,433,2021-07-22 18:36:00,KNBE
28.21,28.24,28.21,28.24,500,2021-07-22 18:37:00,KNBE
28.31,28.31,28.31,28.31,200,2021-07-22 18:38:00,KNBE
28.205,28.205,28.205,28.205,100,2021-07-22 18:39:00,KNBE
28.205,28.205,28.205,28.205,100,2021-07-22 18:40:00,KNBE
28.205,28.205,28.205,28.205,100,2021-07-22 18:42:00,KNBE
28.195,28.195,28.12,28.12,200,2021-07-22 18:46:00,KNBE
28.11,28.11,28.11,28.11,100,2021-07-22 18:49:00,KNBE
28.1,28.1,28.1,28.1,100,2021-07-22 18:50:00,KNBE
28.11,28.11,28.11,28.11,100,2021-07-22 18:52:00,KNBE
28.21,28.229,28.21,28.229,200,2021-07-22 18:54:00,KNBE
28.15,28.24,28.15,28.24,400,2021-07-22 18:55:00,KNBE
28.17,28.17,28.17,28.17,168,2021-07-22 18:58:00,KNBE
28.3094,28.3094,28.3094,28.3094,100,2021-07-22 19:03:00,KNBE
28.19,28.19,28.19,28.19,100,2021-07-22 19:05:00,KNBE
28.17,28.17,28.17,28.17,100,2021-07-22 19:07:00,KNBE
28.275,28.275,28.275,28.275,100,2021-07-22 19:09:00,KNBE
28.3571,28.3571,28.3571,28.3571,100,2021-07-22 19:11:00,KNBE
28.18,28.33,28.18,28.33,200,2021-07-22 19:12:00,KNBE
28.19,28.19,28.19,28.19,100,2021-07-22 19:13:00,KNBE
28.255,28.255,28.255,28.255,100,2021-07-22 19:15:00,KNBE
28.3204,28.3204,28.18,28.18,200,2021-07-22 19:16:00,KNBE
28.18,28.18,28.14,28.15,600,2021-07-22 19:19:00,KNBE
28.1,28.1,28.1,28.1,100,2021-07-22 19:21:00,KNBE
28.28,28.28,28.269,28.269,300,2021-07-22 19:23:00,KNBE
28.19,28.28,28.19,28.28,600,2021-07-22 19:24:00,KNBE
28.3,28.31,28.3,28.31,350,2021-07-22 19:25:00,KNBE
28.311,28.36,28.31,28.34,733,2021-07-22 19:26:00,KNBE
28.3,28.3,28.3,28.3,300,2021-07-22 19:27:00,KNBE
28.27,28.27,28.19,28.27,1105,2021-07-22 19:28:00,KNBE
28.36,28.38,28.36,28.38,200,2021-07-22 19:29:00,KNBE
28.45,28.45,28.4,28.4,740,2021-07-22 19:32:00,KNBE
28.39,28.39,28.34,28.34,300,2021-07-22 19:33:00,KNBE
28.32,28.36,28.32,28.33,600,2021-07-22 19:34:00,KNBE
28.41,28.42,28.32,28.32,400,2021-07-22 19:35:00,KNBE
28.31,28.335,28.31,28.335,212,2021-07-22 19:36:00,KNBE
28.34,28.4,28.34,28.39,600,2021-07-22 19:38:00,KNBE
28.39,28.51,28.34,28.425,3200,2021-07-22 19:39:00,KNBE
28.43,28.459,28.39,28.39,1508,2021-07-22 19:40:00,KNBE
28.46,28.46,28.46,28.46,300,2021-07-22 19:41:00,KNBE
28.46,28.475,28.45,28.475,400,2021-07-22 19:42:00,KNBE
28.46,28.46,28.39,28.39,500,2021-07-22 19:43:00,KNBE
28.39,28.42,28.39,28.42,578,2021-07-22 19:44:00,KNBE
28.42,28.44,28.42,28.44,300,2021-07-22 19:45:00,KNBE
28.31,28.31,28.31,28.31,100,2021-07-22 19:49:00,KNBE
28.35,28.35,28.35,28.35,100,2021-07-22 19:50:00,KNBE
28.3,28.34,28.3,28.34,250,2021-07-22 19:53:00,KNBE
28.31,28.31,28.3,28.3,200,2021-07-22 19:54:00,KNBE
28.245,28.28,28.19,28.28,300,2021-07-22 19:55:00,KNBE
28.235,28.31,28.235,28.31,1032,2021-07-22 19:56:00,KNBE
28.28,28.28,28.16,28.2,1065,2021-07-22 19:57:00,KNBE
28.205,28.26,28.205,28.26,700,2021-07-22 19:58:00,KNBE
28.17,28.31,28.17,28.24,2330,2021-07-22 19:59:00,KNBE
28.27,28.27,28.27,28.27,4094,2021-07-22 20:00:00,KNBE
28.6,28.6,28.6,28.6,3166,2021-07-23 13:30:00,KNBE
28.28,28.28,28.11,28.28,400,2021-07-23 13:31:00,KNBE
28.13,28.13,28.1,28.1,570,2021-07-23 13:35:00,KNBE
28.05,28.05,27.875,27.875,1050,2021-07-23 13:36:00,KNBE
27.98,27.98,27.98,27.98,534,2021-07-23 13:37:00,KNBE
27.87,27.87,27.87,27.87,100,2021-07-23 13:39:00,KNBE
27.945,27.945,27.945,27.945,100,2021-07-23 13:43:00,KNBE
27.82,27.82,27.65,27.65,200,2021-07-23 13:58:00,KNBE
27.84,27.84,27.725,27.84,674,2021-07-23 13:59:00,KNBE
28.06,28.06,27.8819,27.8819,300,2021-07-23 14:00:00,KNBE
27.9,27.9,27.9,27.9,133,2021-07-23 14:01:00,KNBE
27.98,28.0,27.98,28.0,400,2021-07-23 14:04:00,KNBE
27.83,28.02,27.83,28.02,200,2021-07-23 14:07:00,KNBE
28.02,28.07,28.02,28.035,500,2021-07-23 14:08:00,KNBE
28.1508,28.1508,28.1508,28.1508,100,2021-07-23 14:09:00,KNBE
28.005,28.005,28.005,28.005,100,2021-07-23 14:11:00,KNBE
28.0849,28.0849,28.0849,28.0849,180,2021-07-23 14:15:00,KNBE
27.9,27.9,27.9,27.9,300,2021-07-23 14:19:00,KNBE
27.8434,27.8434,27.8434,27.8434,100,2021-07-23 14:22:00,KNBE
27.705,27.705,27.705,27.705,100,2021-07-23 14:23:00,KNBE
27.705,27.705,27.705,27.705,100,2021-07-23 14:26:00,KNBE
27.825,27.825,27.825,27.825,100,2021-07-23 14:28:00,KNBE
27.81,27.9,27.785,27.805,800,2021-07-23 14:29:00,KNBE
27.89,27.98,27.89,27.95,2271,2021-07-23 14:30:00,KNBE
27.95,27.95,27.95,27.95,100,2021-07-23 14:31:00,KNBE
27.96,27.96,27.96,27.96,100,2021-07-23 14:32:00,KNBE
27.7374,27.7374,27.7374,27.7374,100,2021-07-23 14:33:00,KNBE
27.72,27.72,27.72,27.72,100,2021-07-23 14:34:00,KNBE
27.78,27.78,27.755,27.755,300,2021-07-23 14:35:00,KNBE
27.91,27.915,27.91,27.915,200,2021-07-23 14:36:00,KNBE
27.87,27.87,27.87,27.87,200,2021-07-23 14:39:00,KNBE
27.624,27.624,27.624,27.624,100,2021-07-23 14:40:00,KNBE
27.665,27.665,27.665,27.665,100,2021-07-23 14:41:00,KNBE
27.605,27.605,27.605,27.605,100,2021-07-23 14:46:00,KNBE
27.54,27.54,27.345,27.345,650,2021-07-23 14:55:00,KNBE
27.35,27.43,27.25,27.251,1079,2021-07-23 14:56:00,KNBE
27.261,27.261,27.261,27.261,176,2021-07-23 14:59:00,KNBE
27.365,27.4,27.34,27.4,500,2021-07-23 15:00:00,KNBE
27.39,27.39,27.385,27.385,200,2021-07-23 15:02:00,KNBE
27.41,27.41,27.35,27.35,236,2021-07-23 15:03:00,KNBE
27.29,27.325,27.29,27.325,200,2021-07-23 15:04:00,KNBE
27.34,27.45,27.31,27.45,1569,2021-07-23 15:05:00,KNBE
27.32,27.32,27.32,27.32,100,2021-07-23 15:14:00,KNBE
27.44,27.44,27.44,27.44,100,2021-07-23 15:15:00,KNBE
27.345,27.345,27.345,27.345,100,2021-07-23 15:16:00,KNBE
27.44,27.53,27.44,27.53,300,2021-07-23 15:17:00,KNBE
27.6599,27.6599,27.6599,27.6599,100,2021-07-23 15:19:00,KNBE
27.46,27.46,27.46,27.46,100,2021-07-23 15:23:00,KNBE
27.508,27.508,27.508,27.508,500,2021-07-23 15:24:00,KNBE
27.46,27.46,27.44,27.44,600,2021-07-23 15:26:00,KNBE
27.48,27.48,27.48,27.48,200,2021-07-23 15:27:00,KNBE
27.49,27.5,27.49,27.5,200,2021-07-23 15:28:00,KNBE
27.39,27.49,27.39,27.49,450,2021-07-23 15:31:00,KNBE
27.4984,27.545,27.4984,27.5,1200,2021-07-23 15:36:00,KNBE
27.49,27.5,27.45,27.45,1000,2021-07-23 15:41:00,KNBE
27.45,27.45,27.45,27.45,100,2021-07-23 15:42:00,KNBE
27.46,27.52,27.46,27.51,400,2021-07-23 15:43:00,KNBE
27.465,27.465,27.465,27.465,100,2021-07-23 15:44:00,KNBE
27.425,27.425,27.425,27.425,100,2021-07-23 15:48:00,KNBE
27.38,27.385,27.3762,27.38,800,2021-07-23 15:52:00,KNBE
27.415,27.415,27.415,27.415,100,2021-07-23 15:55:00,KNBE
27.1,27.355,27.1,27.21,8255,2021-07-23 15:57:00,KNBE
27.385,27.385,27.385,27.385,100,2021-07-23 15:58:00,KNBE
27.385,27.385,27.385,27.385,100,2021-07-23 15:59:00,KNBE
27.385,27.385,27.315,27.315,200,2021-07-23 16:00:00,KNBE
27.315,27.315,27.315,27.315,100,2021-07-23 16:02:00,KNBE
27.315,27.315,27.315,27.315,100,2021-07-23 16:03:00,KNBE
27.315,27.315,27.315,27.315,100,2021-07-23 16:04:00,KNBE
27.315,27.315,27.294,27.294,1334,2021-07-23 16:07:00,KNBE
27.2401,27.25,27.2401,27.25,200,2021-07-23 16:09:00,KNBE
27.24,27.24,27.24,27.24,400,2021-07-23 16:10:00,KNBE
27.24,27.24,27.235,27.235,200,2021-07-23 16:11:00,KNBE
27.248,27.25,27.19,27.19,300,2021-07-23 16:12:00,KNBE
27.21,27.21,27.21,27.21,100,2021-07-23 16:13:00,KNBE
27.18,27.2,27.17,27.2,600,2021-07-23 16:15:00,KNBE
27.2012,27.2012,27.2012,27.2012,1000,2021-07-23 16:16:00,KNBE
27.245,27.245,27.245,27.245,100,2021-07-23 16:17:00,KNBE
27.245,27.245,27.245,27.245,100,2021-07-23 16:18:00,KNBE
27.26,27.26,27.26,27.26,100,2021-07-23 16:19:00,KNBE
27.26,27.26,27.26,27.26,200,2021-07-23 16:20:00,KNBE
27.265,27.35,27.265,27.35,400,2021-07-23 16:21:00,KNBE
27.3399,27.3399,27.3399,27.3399,1000,2021-07-23 16:23:00,KNBE
27.225,27.225,27.1824,27.1824,200,2021-07-23 16:26:00,KNBE
27.1824,27.19,27.17,27.19,500,2021-07-23 16:27:00,KNBE
27.19,27.1901,27.112,27.112,704,2021-07-23 16:28:00,KNBE
27.2,27.2,27.06,27.11,911,2021-07-23 16:29:00,KNBE
27.1,27.1,27.1,27.1,100,2021-07-23 16:30:00,KNBE
27.18,27.18,27.135,27.135,200,2021-07-23 16:34:00,KNBE
27.115,27.17,27.115,27.17,200,2021-07-23 16:35:00,KNBE
27.165,27.2699,27.165,27.2699,300,2021-07-23 16:37:00,KNBE
27.2207,27.2207,27.145,27.145,270,2021-07-23 16:39:00,KNBE
27.27,27.27,27.27,27.27,108,2021-07-23 16:40:00,KNBE
27.17,27.17,27.17,27.17,100,2021-07-23 16:44:00,KNBE
27.2,27.27,27.11,27.11,1600,2021-07-23 16:47:00,KNBE
27.195,27.195,27.06,27.06,699,2021-07-23 16:48:00,KNBE
27.25,27.26,27.15,27.155,799,2021-07-23 16:49:00,KNBE
27.21,27.26,27.2,27.2,522,2021-07-23 16:50:00,KNBE
27.27,27.28,27.15,27.22,1800,2021-07-23 16:51:00,KNBE
27.31,27.31,27.17,27.2,1808,2021-07-23 16:52:00,KNBE
27.3,27.3,27.18,27.2,1301,2021-07-23 16:53:00,KNBE
27.21,27.215,27.2,27.2,899,2021-07-23 16:54:00,KNBE
27.215,27.29,27.1,27.16,1250,2021-07-23 16:55:00,KNBE
27.05,27.05,26.88,26.88,2659,2021-07-23 16:58:00,KNBE
26.9683,26.9683,26.9683,26.9683,200,2021-07-23 16:59:00,KNBE
26.97,27.08,26.97,27.08,200,2021-07-23 17:00:00,KNBE
26.9896,27.0999,26.9896,27.0999,2450,2021-07-23 17:01:00,KNBE
27.005,27.005,27.005,27.005,100,2021-07-23 17:02:00,KNBE
27.015,27.17,27.015,27.17,400,2021-07-23 17:03:00,KNBE
27.16,27.16,27.16,27.16,200,2021-07-23 17:07:00,KNBE
27.1,27.12,27.1,27.12,300,2021-07-23 17:10:00,KNBE
27.14,27.14,27.14,27.14,133,2021-07-23 17:11:00,KNBE
27.0532,27.0532,27.0532,27.0532,287,2021-07-23 17:17:00,KNBE
27.12,27.15,27.08,27.08,400,2021-07-23 17:18:00,KNBE
27.09,27.09,27.09,27.09,100,2021-07-23 17:21:00,KNBE
27.055,27.09,27.055,27.09,200,2021-07-23 17:27:00,KNBE
27.04,27.04,27.04,27.04,100,2021-07-23 17:32:00,KNBE
27.03,27.04,26.985,26.985,700,2021-07-23 17:35:00,KNBE
26.9778,27.045,26.9778,27.045,600,2021-07-23 17:39:00,KNBE
27.06,27.06,27.06,27.06,200,2021-07-23 17:44:00,KNBE
27.035,27.035,27.035,27.035,100,2021-07-23 17:45:00,KNBE
27.08,27.08,27.08,27.08,200,2021-07-23 17:47:00,KNBE
27.06,27.06,27.06,27.06,300,2021-07-23 17:48:00,KNBE
27.045,27.045,27.045,27.045,100,2021-07-23 17:53:00,KNBE
26.98,26.98,26.98,26.98,100,2021-07-23 17:56:00,KNBE
27.04,27.04,27.0069,27.015,2850,2021-07-23 17:57:00,KNBE
27.015,27.015,27.015,27.015,100,2021-07-23 17:58:00,KNBE
27.05,27.05,27.05,27.05,100,2021-07-23 17:59:00,KNBE
27.17,27.17,27.17,27.17,100,2021-07-23 18:02:00,KNBE
27.199,27.199,27.16,27.16,500,2021-07-23 18:04:00,KNBE
27.18,27.18,27.18,27.18,200,2021-07-23 18:06:00,KNBE
27.21,27.21,27.21,27.21,100,2021-07-23 18:18:00,KNBE
27.335,27.335,27.335,27.335,210,2021-07-23 18:27:00,KNBE
27.4368,27.4368,27.4368,27.4368,180,2021-07-23 18:32:00,KNBE
27.345,27.345,27.345,27.345,100,2021-07-23 18:34:00,KNBE
27.34,27.34,27.24,27.24,200,2021-07-23 18:38:00,KNBE
27.24,27.24,27.24,27.24,100,2021-07-23 18:39:00,KNBE
27.24,27.315,27.24,27.315,245,2021-07-23 18:42:00,KNBE
27.23,27.23,27.15,27.22,600,2021-07-23 18:43:00,KNBE
27.33,27.33,27.33,27.33,204,2021-07-23 18:47:00,KNBE
27.16,27.16,27.15,27.15,300,2021-07-23 18:48:00,KNBE
27.19,27.19,27.19,27.19,100,2021-07-23 18:56:00,KNBE
27.16,27.16,27.16,27.16,100,2021-07-23 18:59:00,KNBE
27.16,27.16,27.16,27.16,100,2021-07-23 19:01:00,KNBE
27.17,27.17,27.08,27.08,703,2021-07-23 19:04:00,KNBE
27.209,27.31,27.145,27.31,2100,2021-07-23 19:05:00,KNBE
27.24,27.24,27.24,27.24,100,2021-07-23 19:06:00,KNBE
27.36,27.36,27.36,27.36,100,2021-07-23 19:08:00,KNBE
27.36,27.44,27.36,27.44,300,2021-07-23 19:10:00,KNBE
27.44,27.44,27.44,27.44,100,2021-07-23 19:12:00,KNBE
27.38,27.38,27.38,27.38,100,2021-07-23 19:14:00,KNBE
27.38,27.38,27.38,27.38,100,2021-07-23 19:15:00,KNBE
27.38,27.38,27.38,27.38,100,2021-07-23 19:17:00,KNBE
27.385,27.385,27.385,27.385,300,2021-07-23 19:19:00,KNBE
27.4,27.4,27.4,27.4,987,2021-07-23 19:22:00,KNBE
27.385,27.385,27.28,27.28,2073,2021-07-23 19:23:00,KNBE
27.28,27.3,27.27,27.28,2600,2021-07-23 19:24:00,KNBE
27.295,27.295,27.16,27.1604,1300,2021-07-23 19:25:00,KNBE
27.2,27.2,27.2,27.2,1497,2021-07-23 19:26:00,KNBE
27.155,27.155,27.155,27.155,100,2021-07-23 19:27:00,KNBE
27.11,27.11,27.11,27.11,100,2021-07-23 19:28:00,KNBE
27.02,27.25,27.01,27.25,735,2021-07-23 19:30:00,KNBE
27.17,27.17,27.17,27.17,100,2021-07-23 19:31:00,KNBE
27.23,27.24,27.17,27.17,665,2021-07-23 19:32:00,KNBE
27.19,27.19,27.19,27.19,200,2021-07-23 19:33:00,KNBE
27.21,27.21,27.21,27.21,200,2021-07-23 19:34:00,KNBE
27.15,27.15,27.12,27.12,200,2021-07-23 19:37:00,KNBE
27.15,27.15,27.15,27.15,100,2021-07-23 19:38:00,KNBE
27.2,27.2,27.12,27.12,800,2021-07-23 19:39:00,KNBE
27.11,27.11,27.005,27.01,1106,2021-07-23 19:40:00,KNBE
27.125,27.2,27.125,27.2,200,2021-07-23 19:41:00,KNBE
27.21,27.21,27.21,27.21,200,2021-07-23 19:43:00,KNBE
27.31,27.31,27.31,27.31,100,2021-07-23 19:44:00,KNBE
27.14,27.15,26.9,26.9536,2900,2021-07-23 19:45:00,KNBE
27.03,27.115,26.9803,27.045,3800,2021-07-23 19:46:00,KNBE
27.02,27.04,27.02,27.03,300,2021-07-23 19:48:00,KNBE
27.04,27.11,26.995,27.045,1010,2021-07-23 19:49:00,KNBE
27.08,27.08,27.08,27.08,100,2021-07-23 19:50:00,KNBE
27.03,27.03,27.03,27.03,100,2021-07-23 19:53:00,KNBE
26.97,26.975,26.81,26.81,4798,2021-07-23 19:55:00,KNBE
26.81,26.88,26.81,26.81,525,2021-07-23 19:56:00,KNBE
26.85,26.85,26.785,26.79,1488,2021-07-23 19:57:00,KNBE
26.865,27.0,26.82,26.88,3307,2021-07-23 19:58:00,KNBE
26.87,26.95,26.7,26.95,22095,2021-07-23 19:59:00,KNBE
26.91,26.91,26.91,26.91,7085,2021-07-23 20:00:00,KNBE
