open,high,low,close,volume,datetime,symbol
8.49,8.49,8.49,8.49,405,2020-11-02 14:30:00,CFB
8.41,8.42,8.41,8.41,700,2020-11-02 14:45:00,CFB
8.43,8.43,8.43,8.43,200,2020-11-02 15:10:00,CFB
8.52,8.59,8.52,8.59,699,2020-11-02 15:20:00,CFB
8.59,8.635,8.59,8.635,500,2020-11-02 15:25:00,CFB
8.6,8.6,8.51,8.51,4000,2020-11-02 15:30:00,CFB
8.52,8.52,8.52,8.52,200,2020-11-02 15:35:00,CFB
8.54,8.54,8.54,8.54,221,2020-11-02 15:40:00,CFB
8.59,8.59,8.55,8.55,600,2020-11-02 15:50:00,CFB
8.55,8.55,8.55,8.55,100,2020-11-02 15:55:00,CFB
8.54,8.54,8.5,8.5,300,2020-11-02 16:00:00,CFB
8.54,8.54,8.54,8.54,300,2020-11-02 16:05:00,CFB
8.55,8.59,8.55,8.59,457,2020-11-02 16:15:00,CFB
8.59,8.61,8.59,8.61,200,2020-11-02 16:20:00,CFB
8.64,8.64,8.64,8.64,100,2020-11-02 16:25:00,CFB
8.64,8.64,8.64,8.64,200,2020-11-02 16:30:00,CFB
8.68,8.68,8.67,8.67,200,2020-11-02 16:35:00,CFB
8.68,8.68,8.66,8.665,843,2020-11-02 16:40:00,CFB
8.66,8.66,8.59,8.6,800,2020-11-02 16:45:00,CFB
8.57,8.57,8.48,8.55,11946,2020-11-02 16:50:00,CFB
8.53,8.53,8.48,8.48,12360,2020-11-02 16:55:00,CFB
8.47,8.48,8.44,8.48,5500,2020-11-02 17:00:00,CFB
8.5,8.57,8.5,8.57,9125,2020-11-02 17:10:00,CFB
8.54,8.56,8.5,8.56,10044,2020-11-02 17:20:00,CFB
8.58,8.58,8.58,8.58,100,2020-11-02 17:30:00,CFB
8.58,8.61,8.58,8.61,1000,2020-11-02 17:40:00,CFB
8.61,8.61,8.61,8.61,500,2020-11-02 17:50:00,CFB
8.62,8.62,8.62,8.62,200,2020-11-02 17:55:00,CFB
8.65,8.65,8.63,8.63,1220,2020-11-02 18:05:00,CFB
8.62,8.62,8.61,8.62,500,2020-11-02 18:10:00,CFB
8.62,8.62,8.59,8.59,700,2020-11-02 18:15:00,CFB
8.59,8.63,8.59,8.63,868,2020-11-02 18:20:00,CFB
8.59,8.6,8.59,8.6,200,2020-11-02 18:25:00,CFB
8.62,8.63,8.62,8.63,400,2020-11-02 18:30:00,CFB
8.64,8.64,8.63,8.63,400,2020-11-02 18:40:00,CFB
8.65,8.67,8.65,8.67,343,2020-11-02 18:45:00,CFB
8.67,8.67,8.62,8.62,600,2020-11-02 18:50:00,CFB
8.64,8.655,8.64,8.655,300,2020-11-02 18:55:00,CFB
8.67,8.67,8.67,8.67,100,2020-11-02 19:05:00,CFB
8.69,8.7,8.68,8.7,1207,2020-11-02 19:10:00,CFB
8.69,8.7,8.67,8.7,400,2020-11-02 19:15:00,CFB
8.72,8.76,8.72,8.74,400,2020-11-02 19:30:00,CFB
8.76,8.76,8.75,8.75,301,2020-11-02 19:35:00,CFB
8.75,8.75,8.71,8.71,2900,2020-11-02 19:40:00,CFB
8.7,8.7,8.7,8.7,1200,2020-11-02 19:45:00,CFB
8.67,8.68,8.66,8.66,600,2020-11-02 19:55:00,CFB
8.69,8.71,8.68,8.68,1300,2020-11-02 20:00:00,CFB
8.68,8.68,8.66,8.66,200,2020-11-02 20:05:00,CFB
8.67,8.69,8.67,8.68,400,2020-11-02 20:10:00,CFB
8.68,8.68,8.68,8.68,100,2020-11-02 20:15:00,CFB
8.68,8.7,8.68,8.69,11506,2020-11-02 20:20:00,CFB
8.68,8.69,8.68,8.69,300,2020-11-02 20:25:00,CFB
8.69,8.7,8.69,8.7,500,2020-11-02 20:30:00,CFB
8.7,8.7,8.67,8.67,897,2020-11-02 20:35:00,CFB
8.68,8.68,8.655,8.655,1043,2020-11-02 20:40:00,CFB
8.655,8.68,8.65,8.67,1300,2020-11-02 20:45:00,CFB
8.7,8.7,8.67,8.69,7631,2020-11-02 20:50:00,CFB
8.68,8.7,8.66,8.69,5457,2020-11-02 20:55:00,CFB
8.69,8.7,8.69,8.69,35771,2020-11-02 21:00:00,CFB
9.08,9.08,8.7,8.95,4210,2020-11-03 14:30:00,CFB
8.63,8.63,8.63,8.63,100,2020-11-03 14:35:00,CFB
8.73,8.74,8.73,8.74,3156,2020-11-03 14:40:00,CFB
8.74,8.78,8.72,8.78,2429,2020-11-03 14:45:00,CFB
8.77,8.82,8.77,8.82,3599,2020-11-03 14:50:00,CFB
8.945,8.945,8.85,8.85,300,2020-11-03 15:10:00,CFB
8.85,8.85,8.82,8.82,621,2020-11-03 15:15:00,CFB
8.71,8.78,8.71,8.78,200,2020-11-03 15:40:00,CFB
8.77,8.78,8.77,8.78,200,2020-11-03 15:50:00,CFB
8.85,8.85,8.85,8.85,100,2020-11-03 16:00:00,CFB
8.88,8.88,8.84,8.84,700,2020-11-03 16:05:00,CFB
8.86,8.86,8.86,8.86,100,2020-11-03 16:10:00,CFB
8.9,8.9,8.9,8.9,100,2020-11-03 16:15:00,CFB
8.86,8.86,8.84,8.84,400,2020-11-03 16:20:00,CFB
8.85,8.85,8.85,8.85,200,2020-11-03 16:25:00,CFB
8.85,8.85,8.8,8.81,500,2020-11-03 16:30:00,CFB
8.84,8.84,8.83,8.83,200,2020-11-03 16:35:00,CFB
8.82,8.84,8.82,8.84,200,2020-11-03 16:40:00,CFB
8.86,8.87,8.86,8.87,300,2020-11-03 16:50:00,CFB
8.89,8.9,8.85,8.85,1900,2020-11-03 16:55:00,CFB
8.88,8.89,8.88,8.89,200,2020-11-03 17:00:00,CFB
8.88,8.88,8.85,8.85,1900,2020-11-03 17:05:00,CFB
8.855,8.88,8.85,8.85,600,2020-11-03 17:10:00,CFB
8.84,8.84,8.81,8.82,1000,2020-11-03 17:15:00,CFB
8.82,8.82,8.81,8.81,400,2020-11-03 17:20:00,CFB
8.78,8.78,8.78,8.78,100,2020-11-03 17:40:00,CFB
8.79,8.79,8.78,8.78,200,2020-11-03 17:45:00,CFB
8.76,8.76,8.76,8.76,100,2020-11-03 17:50:00,CFB
8.73,8.77,8.73,8.76,500,2020-11-03 17:55:00,CFB
8.76,8.76,8.76,8.76,200,2020-11-03 18:10:00,CFB
8.78,8.81,8.78,8.81,200,2020-11-03 18:15:00,CFB
8.77,8.77,8.77,8.77,100,2020-11-03 18:20:00,CFB
8.81,8.81,8.8,8.8,737,2020-11-03 18:25:00,CFB
8.8,8.8,8.78,8.78,700,2020-11-03 18:30:00,CFB
8.76,8.79,8.76,8.79,200,2020-11-03 18:45:00,CFB
8.76,8.78,8.76,8.78,200,2020-11-03 18:50:00,CFB
8.78,8.83,8.78,8.83,200,2020-11-03 18:55:00,CFB
8.83,8.875,8.8,8.85,600,2020-11-03 19:00:00,CFB
8.85,8.9,8.84,8.84,900,2020-11-03 19:05:00,CFB
8.85,8.85,8.83,8.83,300,2020-11-03 19:15:00,CFB
8.88,8.88,8.83,8.83,300,2020-11-03 19:20:00,CFB
8.83,8.83,8.82,8.82,610,2020-11-03 19:25:00,CFB
8.79,8.87,8.78,8.78,5230,2020-11-03 19:30:00,CFB
8.79,8.81,8.79,8.81,1200,2020-11-03 19:40:00,CFB
8.81,8.84,8.81,8.84,200,2020-11-03 19:45:00,CFB
8.87,8.87,8.83,8.83,300,2020-11-03 19:55:00,CFB
8.885,8.89,8.84,8.84,400,2020-11-03 20:05:00,CFB
8.885,8.89,8.87,8.87,300,2020-11-03 20:10:00,CFB
8.9,8.9,8.84,8.88,3178,2020-11-03 20:15:00,CFB
8.9,8.98,8.89,8.98,2200,2020-11-03 20:20:00,CFB
8.985,8.99,8.92,8.97,1201,2020-11-03 20:25:00,CFB
8.98,9.06,8.95,9.06,2994,2020-11-03 20:30:00,CFB
8.97,8.99,8.96,8.99,800,2020-11-03 20:35:00,CFB
9.03,9.06,8.98,8.98,1300,2020-11-03 20:40:00,CFB
9.01,9.055,8.99,9.055,1400,2020-11-03 20:45:00,CFB
9.04,9.09,9.0,9.03,8173,2020-11-03 20:50:00,CFB
9.02,9.03,8.92,8.92,7508,2020-11-03 20:55:00,CFB
8.92,8.92,8.92,8.92,25703,2020-11-03 21:00:00,CFB
8.7,8.9,8.7,8.71,14451,2020-11-04 14:30:00,CFB
8.73,8.73,8.48,8.49,600,2020-11-04 14:35:00,CFB
8.5,8.57,8.5,8.5,900,2020-11-04 14:40:00,CFB
8.585,8.585,8.585,8.585,250,2020-11-04 14:45:00,CFB
8.64,8.64,8.64,8.64,100,2020-11-04 14:50:00,CFB
8.64,8.64,8.63,8.63,200,2020-11-04 14:55:00,CFB
8.65,8.65,8.65,8.65,100,2020-11-04 15:05:00,CFB
8.66,8.66,8.66,8.66,100,2020-11-04 15:10:00,CFB
8.78,8.79,8.78,8.79,600,2020-11-04 15:15:00,CFB
8.8,8.8,8.79,8.79,500,2020-11-04 15:20:00,CFB
8.74,8.74,8.74,8.74,100,2020-11-04 15:25:00,CFB
8.65,8.65,8.59,8.59,440,2020-11-04 15:35:00,CFB
8.58,8.58,8.58,8.58,433,2020-11-04 15:40:00,CFB
8.53,8.55,8.53,8.55,900,2020-11-04 15:45:00,CFB
8.56,8.56,8.56,8.56,200,2020-11-04 15:50:00,CFB
8.63,8.69,8.63,8.69,400,2020-11-04 15:55:00,CFB
8.67,8.67,8.67,8.67,700,2020-11-04 16:00:00,CFB
8.74,8.74,8.74,8.74,100,2020-11-04 16:05:00,CFB
8.71,8.72,8.71,8.72,300,2020-11-04 16:10:00,CFB
8.72,8.72,8.72,8.72,100,2020-11-04 16:15:00,CFB
8.7,8.7,8.7,8.7,600,2020-11-04 16:20:00,CFB
8.66,8.66,8.64,8.64,400,2020-11-04 16:25:00,CFB
8.64,8.64,8.64,8.64,100,2020-11-04 16:30:00,CFB
8.66,8.66,8.66,8.66,300,2020-11-04 16:40:00,CFB
8.67,8.67,8.66,8.66,500,2020-11-04 16:55:00,CFB
8.7,8.7,8.7,8.7,100,2020-11-04 17:05:00,CFB
8.71,8.77,8.7,8.7,2000,2020-11-04 17:10:00,CFB
8.69,8.69,8.64,8.64,1950,2020-11-04 17:15:00,CFB
8.64,8.64,8.64,8.64,100,2020-11-04 17:20:00,CFB
8.64,8.64,8.63,8.63,900,2020-11-04 17:25:00,CFB
8.63,8.63,8.63,8.63,100,2020-11-04 17:35:00,CFB
8.63,8.63,8.63,8.63,200,2020-11-04 17:40:00,CFB
8.62,8.625,8.61,8.61,700,2020-11-04 17:45:00,CFB
8.6,8.6,8.6,8.6,200,2020-11-04 17:55:00,CFB
8.58,8.62,8.58,8.6,1351,2020-11-04 18:05:00,CFB
8.6,8.6,8.6,8.6,300,2020-11-04 18:15:00,CFB
8.6,8.6,8.6,8.6,100,2020-11-04 18:25:00,CFB
8.6,8.6,8.6,8.6,400,2020-11-04 18:30:00,CFB
8.6,8.6,8.6,8.6,100,2020-11-04 18:35:00,CFB
8.58,8.58,8.54,8.55,1548,2020-11-04 18:40:00,CFB
8.55,8.56,8.55,8.56,800,2020-11-04 18:55:00,CFB
8.55,8.56,8.54,8.56,400,2020-11-04 19:10:00,CFB
8.55,8.58,8.55,8.58,400,2020-11-04 19:20:00,CFB
8.57,8.58,8.57,8.58,400,2020-11-04 19:30:00,CFB
8.58,8.58,8.58,8.58,100,2020-11-04 19:35:00,CFB
8.59,8.59,8.59,8.59,100,2020-11-04 19:40:00,CFB
8.59,8.59,8.53,8.53,736,2020-11-04 19:45:00,CFB
8.52,8.52,8.52,8.52,200,2020-11-04 19:55:00,CFB
8.52,8.52,8.43,8.43,849,2020-11-04 20:05:00,CFB
8.41,8.44,8.4,8.4,1200,2020-11-04 20:15:00,CFB
8.39,8.39,8.38,8.38,400,2020-11-04 20:20:00,CFB
8.37,8.38,8.36,8.36,1900,2020-11-04 20:25:00,CFB
8.35,8.35,8.35,8.35,400,2020-11-04 20:30:00,CFB
8.36,8.4,8.36,8.4,800,2020-11-04 20:35:00,CFB
8.38,8.395,8.37,8.37,1100,2020-11-04 20:40:00,CFB
8.44,8.44,8.43,8.43,300,2020-11-04 20:45:00,CFB
8.45,8.45,8.43,8.43,661,2020-11-04 20:50:00,CFB
8.39,8.43,8.35,8.4,8781,2020-11-04 20:55:00,CFB
8.4,8.4,8.4,8.4,9467,2020-11-04 21:00:00,CFB
8.39,8.39,8.38,8.38,680,2020-11-05 14:30:00,CFB
8.575,8.575,8.575,8.575,1000,2020-11-05 15:05:00,CFB
8.57,8.57,8.57,8.57,100,2020-11-05 15:10:00,CFB
8.6719,8.6719,8.6719,8.6719,500,2020-11-05 15:20:00,CFB
8.65,8.65,8.65,8.65,100,2020-11-05 15:25:00,CFB
8.675,8.675,8.63,8.63,2010,2020-11-05 15:35:00,CFB
8.7348,8.7348,8.7348,8.7348,1000,2020-11-05 15:40:00,CFB
8.67,8.67,8.67,8.67,100,2020-11-05 15:55:00,CFB
8.67,8.68,8.67,8.68,400,2020-11-05 16:05:00,CFB
8.65,8.67,8.65,8.67,200,2020-11-05 16:40:00,CFB
8.71,8.72,8.71,8.71,1036,2020-11-05 16:45:00,CFB
8.74,8.75,8.72,8.72,8159,2020-11-05 16:50:00,CFB
8.71,8.71,8.71,8.71,100,2020-11-05 16:55:00,CFB
8.71,8.71,8.68,8.68,573,2020-11-05 17:15:00,CFB
8.65,8.65,8.65,8.65,500,2020-11-05 17:20:00,CFB
8.61,8.62,8.61,8.62,300,2020-11-05 17:30:00,CFB
8.65,8.68,8.65,8.68,300,2020-11-05 17:40:00,CFB
8.69,8.69,8.66,8.66,2688,2020-11-05 18:00:00,CFB
8.62,8.62,8.62,8.62,100,2020-11-05 18:10:00,CFB
8.63,8.69,8.63,8.69,7608,2020-11-05 18:40:00,CFB
8.675,8.69,8.675,8.69,400,2020-11-05 18:45:00,CFB
8.7,8.7,8.6576,8.66,2185,2020-11-05 18:50:00,CFB
8.67,8.68,8.65,8.65,900,2020-11-05 19:30:00,CFB
8.66,8.66,8.64,8.64,200,2020-11-05 19:35:00,CFB
8.65,8.68,8.65,8.68,400,2020-11-05 19:45:00,CFB
8.69,8.69,8.69,8.69,200,2020-11-05 19:50:00,CFB
8.68,8.69,8.68,8.69,500,2020-11-05 19:55:00,CFB
8.74,8.75,8.73,8.73,1059,2020-11-05 20:00:00,CFB
8.73,8.73,8.72,8.72,500,2020-11-05 20:05:00,CFB
8.75,8.75,8.73,8.73,200,2020-11-05 20:10:00,CFB
8.75,8.75,8.75,8.75,500,2020-11-05 20:15:00,CFB
8.75,8.75,8.75,8.75,800,2020-11-05 20:20:00,CFB
8.745,8.745,8.71,8.74,3200,2020-11-05 20:25:00,CFB
8.75,8.75,8.72,8.72,3000,2020-11-05 20:30:00,CFB
8.72,8.73,8.68,8.6867,4162,2020-11-05 20:35:00,CFB
8.71,8.71,8.68,8.68,413,2020-11-05 20:40:00,CFB
8.71,8.71,8.7,8.71,500,2020-11-05 20:45:00,CFB
8.7,8.725,8.68,8.71,1400,2020-11-05 20:50:00,CFB
8.7,8.7,8.67,8.69,3118,2020-11-05 20:55:00,CFB
8.68,8.68,8.68,8.68,11224,2020-11-05 21:00:00,CFB
8.77,8.845,8.7,8.7,1209,2020-11-06 14:30:00,CFB
8.73,8.73,8.66,8.66,200,2020-11-06 14:45:00,CFB
8.66,8.66,8.53,8.53,300,2020-11-06 14:50:00,CFB
8.52,8.52,8.5,8.5,300,2020-11-06 14:55:00,CFB
8.49,8.49,8.47,8.47,200,2020-11-06 15:00:00,CFB
8.47,8.5424,8.47,8.51,500,2020-11-06 15:05:00,CFB
8.51,8.515,8.43,8.515,997,2020-11-06 15:10:00,CFB
8.51,8.51,8.51,8.51,777,2020-11-06 15:15:00,CFB
8.52,8.52,8.52,8.52,100,2020-11-06 15:20:00,CFB
8.52,8.58,8.52,8.52,700,2020-11-06 15:25:00,CFB
8.52,8.52,8.52,8.52,800,2020-11-06 15:30:00,CFB
8.49,8.49,8.49,8.49,400,2020-11-06 15:35:00,CFB
8.49,8.49,8.49,8.49,300,2020-11-06 15:40:00,CFB
8.5,8.5,8.5,8.5,400,2020-11-06 15:45:00,CFB
8.5,8.5,8.5,8.5,400,2020-11-06 15:50:00,CFB
8.5,8.5,8.44,8.44,900,2020-11-06 15:55:00,CFB
8.39,8.42,8.39,8.41,300,2020-11-06 16:00:00,CFB
8.48,8.51,8.48,8.51,700,2020-11-06 16:05:00,CFB
8.5,8.5,8.5,8.5,300,2020-11-06 16:10:00,CFB
8.46,8.46,8.46,8.46,600,2020-11-06 16:15:00,CFB
8.46,8.46,8.43,8.45,500,2020-11-06 16:20:00,CFB
8.43,8.43,8.4,8.4,600,2020-11-06 16:25:00,CFB
8.39,8.43,8.39,8.4,400,2020-11-06 16:30:00,CFB
8.4,8.4,8.4,8.4,400,2020-11-06 16:35:00,CFB
8.39,8.4,8.39,8.4,1000,2020-11-06 16:40:00,CFB
8.42,8.42,8.42,8.42,400,2020-11-06 16:50:00,CFB
8.42,8.42,8.42,8.42,100,2020-11-06 16:55:00,CFB
8.42,8.42,8.42,8.42,500,2020-11-06 17:00:00,CFB
8.42,8.42,8.42,8.42,200,2020-11-06 17:05:00,CFB
8.41,8.41,8.4,8.4,600,2020-11-06 17:10:00,CFB
8.42,8.42,8.38,8.38,2840,2020-11-06 17:15:00,CFB
8.4,8.44,8.4,8.4,4600,2020-11-06 17:20:00,CFB
8.41,8.41,8.41,8.41,100,2020-11-06 17:25:00,CFB
8.41,8.41,8.41,8.41,1670,2020-11-06 17:30:00,CFB
8.41,8.41,8.4,8.41,600,2020-11-06 17:35:00,CFB
8.41,8.41,8.41,8.41,100,2020-11-06 17:40:00,CFB
8.41,8.41,8.4,8.4,300,2020-11-06 17:45:00,CFB
8.4,8.41,8.4,8.4,800,2020-11-06 17:50:00,CFB
8.4,8.42,8.4,8.41,1300,2020-11-06 17:55:00,CFB
8.38,8.38,8.38,8.38,100,2020-11-06 18:05:00,CFB
8.37,8.37,8.37,8.37,200,2020-11-06 18:10:00,CFB
8.4,8.41,8.4,8.41,500,2020-11-06 18:15:00,CFB
8.4,8.4,8.38,8.38,600,2020-11-06 18:20:00,CFB
8.38,8.38,8.38,8.38,500,2020-11-06 18:25:00,CFB
8.37,8.37,8.37,8.37,300,2020-11-06 18:30:00,CFB
8.37,8.39,8.37,8.39,500,2020-11-06 18:35:00,CFB
8.37,8.37,8.37,8.37,300,2020-11-06 18:40:00,CFB
8.36,8.39,8.36,8.39,300,2020-11-06 18:45:00,CFB
8.39,8.39,8.38,8.39,1000,2020-11-06 18:50:00,CFB
8.38,8.38,8.37,8.38,2500,2020-11-06 18:55:00,CFB
8.38,8.39,8.38,8.39,1000,2020-11-06 19:00:00,CFB
8.38,8.38,8.38,8.38,100,2020-11-06 19:05:00,CFB
8.37,8.37,8.37,8.37,200,2020-11-06 19:10:00,CFB
8.37,8.37,8.37,8.37,300,2020-11-06 19:20:00,CFB
8.37,8.38,8.37,8.37,1100,2020-11-06 19:25:00,CFB
8.36,8.36,8.3,8.3,200,2020-11-06 19:45:00,CFB
8.29,8.29,8.29,8.29,100,2020-11-06 19:50:00,CFB
8.29,8.29,8.29,8.29,600,2020-11-06 19:55:00,CFB
8.29,8.29,8.27,8.27,400,2020-11-06 20:00:00,CFB
8.27,8.27,8.27,8.27,500,2020-11-06 20:05:00,CFB
8.25,8.28,8.25,8.26,300,2020-11-06 20:10:00,CFB
8.26,8.29,8.26,8.26,500,2020-11-06 20:15:00,CFB
8.26,8.26,8.26,8.26,400,2020-11-06 20:20:00,CFB
8.26,8.26,8.26,8.26,400,2020-11-06 20:25:00,CFB
8.29,8.29,8.26,8.29,1100,2020-11-06 20:30:00,CFB
8.3,8.32,8.3,8.32,1162,2020-11-06 20:35:00,CFB
8.31,8.31,8.31,8.31,400,2020-11-06 20:40:00,CFB
8.31,8.31,8.31,8.31,300,2020-11-06 20:45:00,CFB
8.31,8.32,8.29,8.31,4928,2020-11-06 20:50:00,CFB
8.29,8.31,8.26,8.26,6723,2020-11-06 20:55:00,CFB
8.25,8.25,8.25,8.25,17373,2020-11-06 21:00:00,CFB
9.13,9.13,9.12,9.12,400,2020-11-09 14:25:00,CFB
8.6,9.04,8.6,8.93,14013,2020-11-09 14:30:00,CFB
8.97,9.05,8.8,8.84,5415,2020-11-09 14:35:00,CFB
8.985,9.09,8.88,8.88,3700,2020-11-09 14:40:00,CFB
9.0,9.03,8.86,9.03,3122,2020-11-09 14:45:00,CFB
9.015,9.015,8.88,8.88,200,2020-11-09 14:50:00,CFB
8.96,9.0,8.93,8.94,7899,2020-11-09 14:55:00,CFB
8.98,9.05,8.89,8.96,7802,2020-11-09 15:00:00,CFB
9.07,9.07,8.92,9.06,15732,2020-11-09 15:05:00,CFB
9.1,9.3,9.08,9.3,8763,2020-11-09 15:10:00,CFB
9.3,9.3,9.12,9.24,4852,2020-11-09 15:15:00,CFB
9.25,9.25,9.09,9.19,3556,2020-11-09 15:20:00,CFB
9.0,9.01,9.0,9.01,900,2020-11-09 15:25:00,CFB
9.09,9.09,9.01,9.01,700,2020-11-09 15:30:00,CFB
9.04,9.1,9.02,9.05,900,2020-11-09 15:35:00,CFB
9.09,9.1,9.03,9.1,1100,2020-11-09 15:40:00,CFB
9.17,9.21,9.1,9.2,600,2020-11-09 15:45:00,CFB
9.22,9.25,9.21,9.25,6118,2020-11-09 15:50:00,CFB
9.23,9.3799,9.23,9.3799,7664,2020-11-09 15:55:00,CFB
9.33,9.33,9.31,9.31,600,2020-11-09 16:00:00,CFB
9.32,9.37,9.32,9.37,300,2020-11-09 16:10:00,CFB
9.37,9.49,9.37,9.45,2000,2020-11-09 16:15:00,CFB
9.44,9.53,9.44,9.53,1808,2020-11-09 16:20:00,CFB
9.635,9.635,9.55,9.57,1000,2020-11-09 16:25:00,CFB
9.61,9.61,9.53,9.53,1143,2020-11-09 16:30:00,CFB
9.53,9.53,9.47,9.5,5096,2020-11-09 16:35:00,CFB
9.46,9.46,9.46,9.46,100,2020-11-09 16:40:00,CFB
9.47,9.47,9.46,9.46,1400,2020-11-09 16:45:00,CFB
9.36,9.37,9.36,9.37,200,2020-11-09 16:50:00,CFB
9.37,9.37,9.37,9.37,200,2020-11-09 16:55:00,CFB
9.36,9.36,9.36,9.36,100,2020-11-09 17:00:00,CFB
9.455,9.455,9.38,9.4,1600,2020-11-09 17:05:00,CFB
9.4,9.4,9.3,9.3,400,2020-11-09 17:10:00,CFB
9.3,9.3,9.29,9.3,1700,2020-11-09 17:15:00,CFB
9.3,9.38,9.3,9.37,2500,2020-11-09 17:20:00,CFB
9.36,9.42,9.31,9.375,600,2020-11-09 17:25:00,CFB
9.39,9.39,9.35,9.37,900,2020-11-09 17:30:00,CFB
9.37,9.4131,9.37,9.405,1100,2020-11-09 17:35:00,CFB
9.405,9.43,9.37,9.37,4201,2020-11-09 17:40:00,CFB
9.4,9.4,9.33,9.33,300,2020-11-09 17:45:00,CFB
9.42,9.425,9.35,9.425,2200,2020-11-09 17:50:00,CFB
9.38,9.41,9.37,9.4,736,2020-11-09 17:55:00,CFB
9.37,9.44,9.37,9.44,400,2020-11-09 18:00:00,CFB
9.41,9.47,9.3997,9.46,4620,2020-11-09 18:05:00,CFB
9.5,9.63,9.485,9.63,1878,2020-11-09 18:10:00,CFB
9.59,9.6,9.52,9.5201,1806,2020-11-09 18:15:00,CFB
9.49,9.49,9.33,9.33,1400,2020-11-09 18:20:00,CFB
9.44,9.47,9.4101,9.47,900,2020-11-09 18:25:00,CFB
9.47,9.54,9.47,9.49,1549,2020-11-09 18:30:00,CFB
9.55,9.69,9.45,9.49,6952,2020-11-09 18:35:00,CFB
9.49,9.58,9.48,9.49,1800,2020-11-09 18:40:00,CFB
9.59,9.59,9.48,9.48,1900,2020-11-09 18:45:00,CFB
9.48,9.56,9.47,9.48,7422,2020-11-09 18:50:00,CFB
9.49,9.52,9.49,9.52,1300,2020-11-09 18:55:00,CFB
9.52,9.52,9.48,9.49,600,2020-11-09 19:00:00,CFB
9.49,9.49,9.47,9.47,600,2020-11-09 19:05:00,CFB
9.47,9.47,9.44,9.44,1000,2020-11-09 19:10:00,CFB
9.44,9.54,9.44,9.54,1000,2020-11-09 19:15:00,CFB
9.54,9.54,9.53,9.53,500,2020-11-09 19:20:00,CFB
9.54,9.6,9.5,9.6,7635,2020-11-09 19:25:00,CFB
9.64,9.64,9.56,9.6,300,2020-11-09 19:30:00,CFB
9.66,9.69,9.6,9.66,4100,2020-11-09 19:35:00,CFB
9.625,9.66,9.625,9.66,200,2020-11-09 19:40:00,CFB
9.66,9.66,9.66,9.66,102,2020-11-09 19:45:00,CFB
9.67,9.67,9.67,9.67,100,2020-11-09 19:50:00,CFB
9.61,9.65,9.61,9.65,300,2020-11-09 19:55:00,CFB
9.65,9.65,9.65,9.65,100,2020-11-09 20:00:00,CFB
9.61,9.64,9.3001,9.44,5300,2020-11-09 20:05:00,CFB
9.2101,9.515,9.2101,9.515,10417,2020-11-09 20:10:00,CFB
9.42,9.58,9.42,9.47,2214,2020-11-09 20:15:00,CFB
9.44,9.51,9.44,9.44,2800,2020-11-09 20:20:00,CFB
9.44,9.5,9.41,9.44,4400,2020-11-09 20:25:00,CFB
9.44,9.515,9.44,9.44,3900,2020-11-09 20:30:00,CFB
9.45,9.4732,9.43,9.44,1600,2020-11-09 20:35:00,CFB
9.41,9.44,9.38,9.44,1384,2020-11-09 20:40:00,CFB
9.39,9.4,9.35,9.38,2244,2020-11-09 20:45:00,CFB
9.31,9.42,9.31,9.33,4097,2020-11-09 20:50:00,CFB
9.32,9.32,9.24,9.28,6844,2020-11-09 20:55:00,CFB
9.28,9.28,9.28,9.28,17037,2020-11-09 21:00:00,CFB
9.46,9.46,9.46,9.46,1638,2020-11-10 14:30:00,CFB
9.27,9.45,9.27,9.44,1481,2020-11-10 14:50:00,CFB
9.44,9.53,9.44,9.53,1775,2020-11-10 14:55:00,CFB
9.54,9.56,9.54,9.55,10653,2020-11-10 15:00:00,CFB
9.55,9.59,9.55,9.59,800,2020-11-10 15:05:00,CFB
9.61,9.61,9.53,9.53,300,2020-11-10 15:10:00,CFB
9.52,9.52,9.52,9.52,131,2020-11-10 15:15:00,CFB
9.62,9.62,9.56,9.56,921,2020-11-10 15:20:00,CFB
9.62,9.62,9.59,9.59,400,2020-11-10 15:25:00,CFB
9.63,9.64,9.63,9.64,500,2020-11-10 15:30:00,CFB
9.6,9.6,9.6,9.6,100,2020-11-10 15:35:00,CFB
9.587,9.65,9.587,9.65,1300,2020-11-10 15:40:00,CFB
9.65,9.65,9.58,9.6,3744,2020-11-10 15:45:00,CFB
9.6,9.61,9.58,9.6,2769,2020-11-10 15:50:00,CFB
9.6,9.6,9.58,9.58,6834,2020-11-10 15:55:00,CFB
9.6,9.605,9.58,9.58,1611,2020-11-10 16:00:00,CFB
9.6,9.6,9.57,9.57,2639,2020-11-10 16:05:00,CFB
9.6,9.61,9.59,9.61,4602,2020-11-10 16:15:00,CFB
9.625,9.63,9.62,9.63,300,2020-11-10 16:20:00,CFB
9.67,9.67,9.67,9.67,500,2020-11-10 16:25:00,CFB
9.62,9.62,9.6,9.6,738,2020-11-10 16:35:00,CFB
9.62,9.65,9.55,9.55,4300,2020-11-10 16:45:00,CFB
9.61,9.64,9.61,9.64,1584,2020-11-10 16:50:00,CFB
9.6723,9.6723,9.6723,9.6723,1500,2020-11-10 16:55:00,CFB
9.64,9.64,9.64,9.64,100,2020-11-10 17:00:00,CFB
9.63,9.63,9.63,9.63,100,2020-11-10 17:05:00,CFB
9.655,9.7,9.655,9.7,2400,2020-11-10 17:10:00,CFB
9.71,9.71,9.7,9.7,500,2020-11-10 17:15:00,CFB
9.75,9.81,9.75,9.79,1600,2020-11-10 17:20:00,CFB
9.76,9.8,9.74,9.8,1065,2020-11-10 17:25:00,CFB
9.83,9.83,9.79,9.79,614,2020-11-10 17:30:00,CFB
9.8,9.8,9.8,9.8,100,2020-11-10 17:35:00,CFB
9.81,9.84,9.78,9.78,700,2020-11-10 17:40:00,CFB
9.85,9.85,9.78,9.83,1255,2020-11-10 17:45:00,CFB
9.79,9.81,9.79,9.81,721,2020-11-10 17:50:00,CFB
9.79,9.79,9.71,9.75,924,2020-11-10 17:55:00,CFB
9.75,9.75,9.705,9.705,800,2020-11-10 18:00:00,CFB
9.71,9.71,9.61,9.655,11208,2020-11-10 18:05:00,CFB
9.63,9.64,9.6,9.62,7643,2020-11-10 18:10:00,CFB
9.62,9.66,9.62,9.66,1700,2020-11-10 18:15:00,CFB
9.66,9.66,9.64,9.65,4000,2020-11-10 18:20:00,CFB
9.63,9.63,9.59,9.59,2470,2020-11-10 18:30:00,CFB
9.6,9.6,9.5925,9.6,1900,2020-11-10 18:35:00,CFB
9.6,9.6,9.59,9.6,801,2020-11-10 18:40:00,CFB
9.6,9.6,9.6,9.6,200,2020-11-10 18:45:00,CFB
9.6,9.6,9.59,9.59,600,2020-11-10 18:50:00,CFB
9.6,9.61,9.59,9.61,2695,2020-11-10 18:55:00,CFB
9.62,9.62,9.62,9.62,1400,2020-11-10 19:00:00,CFB
9.62,9.62,9.62,9.62,100,2020-11-10 19:05:00,CFB
9.62,9.64,9.62,9.64,386,2020-11-10 19:10:00,CFB
9.64,9.64,9.61,9.61,2728,2020-11-10 19:20:00,CFB
9.6,9.6,9.6,9.6,300,2020-11-10 19:25:00,CFB
9.62,9.62,9.62,9.62,700,2020-11-10 19:30:00,CFB
9.61,9.62,9.61,9.61,1000,2020-11-10 19:35:00,CFB
9.6,9.61,9.6,9.61,1500,2020-11-10 19:40:00,CFB
9.61,9.61,9.6,9.6001,2986,2020-11-10 19:45:00,CFB
9.62,9.63,9.58,9.58,3048,2020-11-10 19:50:00,CFB
9.62,9.62,9.59,9.59,703,2020-11-10 20:00:00,CFB
9.625,9.63,9.625,9.63,200,2020-11-10 20:10:00,CFB
9.63,9.65,9.6,9.6,1800,2020-11-10 20:15:00,CFB
9.65,9.65,9.6,9.6,600,2020-11-10 20:20:00,CFB
9.62,9.62,9.58,9.58,912,2020-11-10 20:25:00,CFB
9.58,9.6,9.58,9.6,1400,2020-11-10 20:30:00,CFB
9.61,9.61,9.58,9.585,2736,2020-11-10 20:35:00,CFB
9.59,9.63,9.58,9.6,1127,2020-11-10 20:40:00,CFB
9.6,9.6,9.58,9.58,1020,2020-11-10 20:45:00,CFB
9.62,9.65,9.522,9.54,13070,2020-11-10 20:50:00,CFB
9.545,9.6,9.53,9.54,17170,2020-11-10 20:55:00,CFB
9.54,9.54,9.54,9.54,28946,2020-11-10 21:00:00,CFB
9.55,9.55,9.52,9.52,585,2020-11-11 14:30:00,CFB
9.51,9.51,9.43,9.43,1000,2020-11-11 14:35:00,CFB
9.35,9.35,9.35,9.35,100,2020-11-11 14:45:00,CFB
9.35,9.35,9.32,9.32,500,2020-11-11 14:55:00,CFB
9.35,9.35,9.35,9.35,200,2020-11-11 15:00:00,CFB
9.35,9.35,9.3,9.32,1400,2020-11-11 15:05:00,CFB
9.32,9.32,9.31,9.31,200,2020-11-11 15:10:00,CFB
9.31,9.325,9.31,9.325,500,2020-11-11 15:15:00,CFB
9.325,9.35,9.26,9.27,2650,2020-11-11 15:20:00,CFB
9.26,9.26,9.26,9.26,100,2020-11-11 15:40:00,CFB
9.26,9.26,9.24,9.25,1500,2020-11-11 15:45:00,CFB
9.24,9.255,9.24,9.255,1600,2020-11-11 15:50:00,CFB
9.21,9.21,9.21,9.21,100,2020-11-11 15:55:00,CFB
9.28,9.28,9.21,9.21,200,2020-11-11 16:00:00,CFB
9.3,9.3,9.3,9.3,100,2020-11-11 16:05:00,CFB
9.27,9.31,9.27,9.31,300,2020-11-11 16:10:00,CFB
9.34,9.35,9.34,9.35,1065,2020-11-11 16:15:00,CFB
9.34,9.34,9.33,9.34,1200,2020-11-11 16:20:00,CFB
9.34,9.36,9.34,9.34,400,2020-11-11 16:25:00,CFB
9.38,9.4,9.38,9.4,993,2020-11-11 16:30:00,CFB
9.38,9.38,9.32,9.32,1100,2020-11-11 16:35:00,CFB
9.38,9.38,9.34,9.34,200,2020-11-11 16:40:00,CFB
9.33,9.36,9.33,9.36,600,2020-11-11 17:05:00,CFB
9.36,9.36,9.34,9.34,1300,2020-11-11 17:10:00,CFB
9.31,9.33,9.31,9.32,1100,2020-11-11 17:15:00,CFB
9.36,9.4,9.35,9.35,600,2020-11-11 17:55:00,CFB
9.35,9.35,9.35,9.35,500,2020-11-11 18:00:00,CFB
9.33,9.33,9.3,9.3,300,2020-11-11 18:20:00,CFB
9.3,9.3,9.3,9.3,100,2020-11-11 18:35:00,CFB
9.34,9.38,9.34,9.38,2800,2020-11-11 18:50:00,CFB
9.365,9.365,9.365,9.365,100,2020-11-11 19:00:00,CFB
9.34,9.34,9.34,9.34,381,2020-11-11 19:05:00,CFB
9.35,9.39,9.325,9.39,9629,2020-11-11 19:10:00,CFB
9.39,9.39,9.38,9.38,517,2020-11-11 19:15:00,CFB
9.42,9.42,9.38,9.38,200,2020-11-11 19:20:00,CFB
9.43,9.43,9.43,9.43,600,2020-11-11 19:25:00,CFB
9.43,9.43,9.4,9.4,700,2020-11-11 19:30:00,CFB
9.4,9.41,9.4,9.41,300,2020-11-11 19:40:00,CFB
9.4,9.4,9.4,9.4,300,2020-11-11 19:45:00,CFB
9.42,9.42,9.42,9.42,200,2020-11-11 20:10:00,CFB
9.4,9.4,9.4,9.4,200,2020-11-11 20:20:00,CFB
9.44,9.44,9.44,9.44,500,2020-11-11 20:25:00,CFB
9.45,9.45,9.375,9.39,3017,2020-11-11 20:30:00,CFB
9.405,9.405,9.38,9.38,411,2020-11-11 20:35:00,CFB
9.41,9.44,9.38,9.38,1723,2020-11-11 20:40:00,CFB
9.37,9.42,9.36,9.42,3600,2020-11-11 20:45:00,CFB
9.44,9.47,9.385,9.415,8528,2020-11-11 20:50:00,CFB
9.43,9.44,9.38,9.38,19032,2020-11-11 20:55:00,CFB
9.42,9.42,9.42,9.42,28639,2020-11-11 21:00:00,CFB
9.27,9.27,9.27,9.27,401,2020-11-12 14:30:00,CFB
9.15,9.15,9.15,9.15,100,2020-11-12 14:50:00,CFB
9.15,9.15,9.14,9.14,500,2020-11-12 14:55:00,CFB
9.14,9.14,9.14,9.14,200,2020-11-12 15:00:00,CFB
9.29,9.29,9.29,9.29,100,2020-11-12 15:05:00,CFB
9.3,9.3,9.24,9.24,2000,2020-11-12 15:10:00,CFB
9.23,9.23,9.23,9.23,100,2020-11-12 15:15:00,CFB
9.305,9.305,9.3,9.3,200,2020-11-12 15:20:00,CFB
9.3,9.315,9.3,9.315,200,2020-11-12 15:25:00,CFB
9.315,9.315,9.26,9.26,700,2020-11-12 15:30:00,CFB
9.3,9.35,9.3,9.35,300,2020-11-12 15:35:00,CFB
9.31,9.31,9.3,9.3,500,2020-11-12 15:40:00,CFB
9.3,9.3,9.3,9.3,543,2020-11-12 15:45:00,CFB
9.28,9.29,9.27,9.29,2342,2020-11-12 15:50:00,CFB
9.31,9.31,9.31,9.31,100,2020-11-12 16:00:00,CFB
9.28,9.28,9.24,9.24,1800,2020-11-12 16:05:00,CFB
9.25,9.26,9.25,9.25,3400,2020-11-12 16:10:00,CFB
9.25,9.25,9.25,9.25,900,2020-11-12 16:15:00,CFB
9.25,9.28,9.25,9.28,400,2020-11-12 16:20:00,CFB
9.26,9.26,9.23,9.23,601,2020-11-12 16:25:00,CFB
9.23,9.25,9.23,9.24,900,2020-11-12 16:30:00,CFB
9.27,9.27,9.27,9.27,100,2020-11-12 16:40:00,CFB
9.25,9.25,9.25,9.25,146,2020-11-12 16:45:00,CFB
9.24,9.26,9.23,9.23,1530,2020-11-12 16:50:00,CFB
9.22,9.22,9.16,9.17,666,2020-11-12 16:55:00,CFB
9.16,9.16,9.16,9.16,400,2020-11-12 17:00:00,CFB
9.15,9.18,9.15,9.18,324,2020-11-12 17:05:00,CFB
9.18,9.18,9.18,9.18,100,2020-11-12 17:10:00,CFB
9.2,9.2,9.2,9.2,500,2020-11-12 17:15:00,CFB
9.24,9.24,9.24,9.24,200,2020-11-12 17:20:00,CFB
9.29,9.29,9.24,9.24,951,2020-11-12 17:25:00,CFB
9.21,9.21,9.21,9.21,100,2020-11-12 17:30:00,CFB
9.23,9.23,9.2,9.22,1658,2020-11-12 17:40:00,CFB
9.21,9.23,9.21,9.21,300,2020-11-12 17:50:00,CFB
9.22,9.22,9.2,9.21,1301,2020-11-12 17:55:00,CFB
9.21,9.22,9.19,9.22,945,2020-11-12 18:00:00,CFB
9.22,9.22,9.22,9.22,100,2020-11-12 18:05:00,CFB
9.23,9.23,9.19,9.19,800,2020-11-12 18:10:00,CFB
9.23,9.23,9.11,9.11,900,2020-11-12 18:15:00,CFB
9.09,9.17,9.09,9.17,802,2020-11-12 18:30:00,CFB
9.15,9.15,9.15,9.15,100,2020-11-12 18:35:00,CFB
9.22,9.22,9.22,9.22,100,2020-11-12 18:40:00,CFB
9.2,9.2,9.19,9.19,900,2020-11-12 18:45:00,CFB
9.2,9.2,9.2,9.2,100,2020-11-12 18:50:00,CFB
9.22,9.22,9.22,9.22,300,2020-11-12 18:55:00,CFB
9.24,9.24,9.2,9.2,971,2020-11-12 19:00:00,CFB
9.23,9.23,9.23,9.23,200,2020-11-12 19:05:00,CFB
9.23,9.23,9.2,9.2,530,2020-11-12 19:10:00,CFB
9.2,9.2,9.2,9.2,100,2020-11-12 19:15:00,CFB
9.19,9.21,9.19,9.21,300,2020-11-12 19:20:00,CFB
9.2,9.21,9.2,9.21,610,2020-11-12 19:25:00,CFB
9.24,9.27,9.24,9.27,1198,2020-11-12 19:30:00,CFB
9.22,9.22,9.22,9.22,400,2020-11-12 19:35:00,CFB
9.2,9.23,9.2,9.23,1887,2020-11-12 19:40:00,CFB
9.23,9.24,9.21,9.24,659,2020-11-12 19:45:00,CFB
9.23,9.24,9.23,9.23,800,2020-11-12 19:50:00,CFB
9.24,9.24,9.22,9.22,754,2020-11-12 19:55:00,CFB
9.24,9.24,9.22,9.22,900,2020-11-12 20:00:00,CFB
9.2,9.21,9.19,9.19,1755,2020-11-12 20:05:00,CFB
9.19,9.24,9.19,9.24,500,2020-11-12 20:10:00,CFB
9.24,9.24,9.23,9.23,2026,2020-11-12 20:15:00,CFB
9.23,9.23,9.215,9.23,500,2020-11-12 20:20:00,CFB
9.24,9.24,9.24,9.24,600,2020-11-12 20:25:00,CFB
9.22,9.23,9.22,9.23,500,2020-11-12 20:30:00,CFB
9.23,9.23,9.23,9.23,300,2020-11-12 20:35:00,CFB
9.23,9.23,9.21,9.21,600,2020-11-12 20:40:00,CFB
9.22,9.22,9.17,9.2,1100,2020-11-12 20:45:00,CFB
9.21,9.245,9.21,9.245,1000,2020-11-12 20:50:00,CFB
9.25,9.25,9.22,9.24,5127,2020-11-12 20:55:00,CFB
9.24,9.24,9.24,9.24,16956,2020-11-12 21:00:00,CFB
9.34,9.34,9.34,9.34,321,2020-11-13 14:30:00,CFB
9.34,9.34,9.34,9.34,100,2020-11-13 14:35:00,CFB
9.35,9.35,9.35,9.35,100,2020-11-13 14:45:00,CFB
9.39,9.39,9.33,9.33,1200,2020-11-13 14:50:00,CFB
9.375,9.5,9.375,9.44,1293,2020-11-13 15:05:00,CFB
9.49,9.51,9.49,9.5,700,2020-11-13 15:10:00,CFB
9.52,9.52,9.52,9.52,100,2020-11-13 15:15:00,CFB
9.45,9.45,9.45,9.45,400,2020-11-13 15:20:00,CFB
9.44,9.44,9.43,9.43,1190,2020-11-13 15:40:00,CFB
9.4,9.4,9.395,9.395,300,2020-11-13 15:55:00,CFB
9.42,9.42,9.42,9.42,200,2020-11-13 16:05:00,CFB
9.42,9.42,9.42,9.42,100,2020-11-13 16:10:00,CFB
9.45,9.45,9.4,9.4,800,2020-11-13 16:25:00,CFB
9.4,9.4,9.4,9.4,100,2020-11-13 16:45:00,CFB
9.4,9.4,9.395,9.395,600,2020-11-13 16:50:00,CFB
9.38,9.38,9.38,9.38,100,2020-11-13 16:55:00,CFB
9.39,9.39,9.38,9.38,400,2020-11-13 17:00:00,CFB
9.37,9.375,9.355,9.355,1000,2020-11-13 17:10:00,CFB
9.35,9.36,9.35,9.36,500,2020-11-13 17:15:00,CFB
9.37,9.37,9.37,9.37,100,2020-11-13 17:20:00,CFB
9.42,9.42,9.4,9.4,200,2020-11-13 17:30:00,CFB
9.41,9.41,9.34,9.34,6400,2020-11-13 17:35:00,CFB
9.33,9.38,9.33,9.37,2411,2020-11-13 17:40:00,CFB
9.39,9.4,9.37,9.37,2870,2020-11-13 17:50:00,CFB
9.375,9.38,9.355,9.355,3762,2020-11-13 17:55:00,CFB
9.33,9.35,9.33,9.35,1000,2020-11-13 18:00:00,CFB
9.37,9.38,9.37,9.37,300,2020-11-13 18:10:00,CFB
9.41,9.41,9.39,9.39,200,2020-11-13 18:25:00,CFB
9.39,9.39,9.34,9.34,944,2020-11-13 18:30:00,CFB
9.35,9.35,9.33,9.33,600,2020-11-13 18:35:00,CFB
9.38,9.4,9.32,9.32,2660,2020-11-13 18:40:00,CFB
9.29,9.365,9.29,9.33,1100,2020-11-13 18:45:00,CFB
9.33,9.3795,9.33,9.36,1600,2020-11-13 18:50:00,CFB
9.36,9.39,9.34,9.34,1186,2020-11-13 18:55:00,CFB
9.34,9.34,9.34,9.34,100,2020-11-13 19:00:00,CFB
9.39,9.3995,9.38,9.38,500,2020-11-13 19:05:00,CFB
9.39,9.4048,9.39,9.4,800,2020-11-13 19:10:00,CFB
9.41,9.41,9.41,9.41,200,2020-11-13 19:15:00,CFB
9.44,9.44,9.36,9.365,4633,2020-11-13 19:25:00,CFB
9.36,9.41,9.34,9.4,18099,2020-11-13 19:30:00,CFB
9.39,9.42,9.37,9.42,2346,2020-11-13 19:35:00,CFB
9.44,9.45,9.4,9.44,700,2020-11-13 19:40:00,CFB
9.47,9.47,9.41,9.45,801,2020-11-13 19:50:00,CFB
9.47,9.48,9.47,9.48,200,2020-11-13 19:55:00,CFB
9.45,9.45,9.45,9.45,100,2020-11-13 20:00:00,CFB
9.45,9.485,9.45,9.45,1100,2020-11-13 20:05:00,CFB
9.47,9.47,9.39,9.42,1400,2020-11-13 20:10:00,CFB
9.42,9.42,9.39,9.39,5300,2020-11-13 20:15:00,CFB
9.39,9.4,9.39,9.4,300,2020-11-13 20:20:00,CFB
9.4,9.4,9.4,9.4,700,2020-11-13 20:25:00,CFB
9.4,9.4,9.35,9.38,5000,2020-11-13 20:30:00,CFB
9.38,9.4,9.36,9.385,1027,2020-11-13 20:35:00,CFB
9.4,9.44,9.39,9.42,1697,2020-11-13 20:40:00,CFB
9.42,9.42,9.39,9.39,3345,2020-11-13 20:45:00,CFB
9.38,9.38,9.34,9.35,1000,2020-11-13 20:50:00,CFB
9.35,9.39,9.3,9.34,4456,2020-11-13 20:55:00,CFB
9.34,9.34,9.34,9.34,10437,2020-11-13 21:00:00,CFB
9.42,9.67,9.42,9.67,731,2020-11-16 14:30:00,CFB
9.56,9.85,9.45,9.85,5300,2020-11-16 14:35:00,CFB
9.75,9.755,9.68,9.68,700,2020-11-16 14:40:00,CFB
9.68,9.69,9.58,9.64,2452,2020-11-16 14:45:00,CFB
9.65,9.71,9.65,9.71,200,2020-11-16 14:50:00,CFB
9.66,9.72,9.66,9.7,2087,2020-11-16 14:55:00,CFB
9.73,9.73,9.57,9.57,16218,2020-11-16 15:00:00,CFB
9.69,9.71,9.68,9.69,1483,2020-11-16 15:05:00,CFB
9.72,9.76,9.7,9.76,1166,2020-11-16 15:10:00,CFB
9.77,9.8,9.74,9.77,3252,2020-11-16 15:15:00,CFB
9.79,9.8,9.79,9.8,717,2020-11-16 15:20:00,CFB
9.79,9.8088,9.76,9.765,1763,2020-11-16 15:25:00,CFB
9.81,9.825,9.8,9.825,2000,2020-11-16 15:30:00,CFB
9.84,9.85,9.84,9.84,1595,2020-11-16 15:35:00,CFB
9.85,9.86,9.79,9.8,3344,2020-11-16 15:40:00,CFB
9.72,9.72,9.72,9.72,100,2020-11-16 15:55:00,CFB
9.72,9.72,9.72,9.72,100,2020-11-16 16:00:00,CFB
9.72,9.8,9.72,9.8,3110,2020-11-16 16:15:00,CFB
9.8,9.8,9.78,9.8,2967,2020-11-16 16:35:00,CFB
9.8,9.8,9.69,9.69,11986,2020-11-16 16:40:00,CFB
9.7001,9.7001,9.7001,9.7001,5000,2020-11-16 16:45:00,CFB
9.755,9.755,9.755,9.755,100,2020-11-16 16:50:00,CFB
9.75,9.75,9.74,9.74,200,2020-11-16 16:55:00,CFB
9.74,9.74,9.68,9.7,18509,2020-11-16 17:00:00,CFB
9.695,9.72,9.695,9.7,902,2020-11-16 17:05:00,CFB
9.69,9.7,9.69,9.7,1409,2020-11-16 17:10:00,CFB
9.715,9.7162,9.715,9.7162,840,2020-11-16 17:15:00,CFB
9.72,9.74,9.72,9.74,300,2020-11-16 17:20:00,CFB
9.72,9.72,9.7,9.7,849,2020-11-16 17:25:00,CFB
9.7,9.705,9.69,9.69,4398,2020-11-16 17:45:00,CFB
9.7,9.7,9.7,9.7,100,2020-11-16 17:55:00,CFB
9.7,9.7,9.7,9.7,200,2020-11-16 18:00:00,CFB
9.7,9.7,9.67,9.69,3800,2020-11-16 18:10:00,CFB
9.69,9.705,9.68,9.705,2200,2020-11-16 18:15:00,CFB
9.705,9.71,9.7,9.7,1200,2020-11-16 18:20:00,CFB
9.7,9.72,9.7,9.72,500,2020-11-16 18:25:00,CFB
9.72,9.72,9.72,9.72,250,2020-11-16 18:30:00,CFB
9.73,9.74,9.72,9.72,900,2020-11-16 18:35:00,CFB
9.73,9.73,9.71,9.71,500,2020-11-16 18:40:00,CFB
9.73,9.73,9.68,9.68,2131,2020-11-16 18:45:00,CFB
9.72,9.72,9.72,9.72,200,2020-11-16 18:50:00,CFB
9.71,9.71,9.71,9.71,100,2020-11-16 18:55:00,CFB
9.7,9.7,9.68,9.69,1542,2020-11-16 19:00:00,CFB
9.7,9.7,9.69,9.69,200,2020-11-16 19:05:00,CFB
9.7,9.705,9.68,9.7,2700,2020-11-16 19:10:00,CFB
9.69,9.69,9.68,9.69,3687,2020-11-16 19:15:00,CFB
9.68,9.69,9.68,9.69,1900,2020-11-16 19:20:00,CFB
9.69,9.7,9.69,9.69,8661,2020-11-16 19:25:00,CFB
9.69,9.7,9.69,9.69,5900,2020-11-16 19:30:00,CFB
9.69,9.69,9.69,9.69,200,2020-11-16 19:35:00,CFB
9.72,9.75,9.69,9.69,2200,2020-11-16 19:40:00,CFB
9.71,9.71,9.71,9.71,100,2020-11-16 19:45:00,CFB
9.7,9.71,9.7,9.71,1200,2020-11-16 19:50:00,CFB
9.71,9.71,9.7,9.705,500,2020-11-16 19:55:00,CFB
9.71,9.71,9.69,9.7,1400,2020-11-16 20:00:00,CFB
9.7,9.7,9.68,9.68,500,2020-11-16 20:05:00,CFB
9.71,9.71,9.65,9.66,2658,2020-11-16 20:10:00,CFB
9.71,9.715,9.7,9.71,1100,2020-11-16 20:20:00,CFB
9.71,9.72,9.71,9.71,1400,2020-11-16 20:25:00,CFB
9.71,9.725,9.69,9.71,2117,2020-11-16 20:30:00,CFB
9.71,9.73,9.71,9.73,1100,2020-11-16 20:35:00,CFB
9.73,9.73,9.71,9.715,7743,2020-11-16 20:40:00,CFB
9.72,9.72,9.715,9.72,3737,2020-11-16 20:45:00,CFB
9.72,9.75,9.715,9.72,5419,2020-11-16 20:50:00,CFB
9.74,9.75,9.66,9.71,16627,2020-11-16 20:55:00,CFB
9.69,9.69,9.69,9.69,33877,2020-11-16 21:00:00,CFB
9.68,9.68,9.68,9.68,240,2020-11-17 14:30:00,CFB
9.61,9.61,9.55,9.59,400,2020-11-17 14:35:00,CFB
9.6,9.6,9.56,9.56,300,2020-11-17 14:40:00,CFB
9.56,9.56,9.56,9.56,100,2020-11-17 15:00:00,CFB
9.55,9.55,9.55,9.55,100,2020-11-17 15:05:00,CFB
9.54,9.55,9.54,9.55,723,2020-11-17 15:10:00,CFB
9.54,9.54,9.53,9.53,400,2020-11-17 15:25:00,CFB
9.55,9.55,9.52,9.52,200,2020-11-17 15:50:00,CFB
9.61,9.61,9.61,9.61,100,2020-11-17 16:10:00,CFB
9.59,9.59,9.59,9.59,100,2020-11-17 16:15:00,CFB
9.62,9.62,9.62,9.62,200,2020-11-17 16:20:00,CFB
9.65,9.65,9.64,9.64,200,2020-11-17 16:25:00,CFB
9.64,9.64,9.59,9.59,400,2020-11-17 16:30:00,CFB
9.59,9.59,9.59,9.59,100,2020-11-17 16:35:00,CFB
9.66,9.66,9.66,9.66,100,2020-11-17 16:45:00,CFB
9.63,9.63,9.5,9.62,15133,2020-11-17 16:50:00,CFB
9.605,9.605,9.57,9.57,600,2020-11-17 17:00:00,CFB
9.58,9.58,9.57,9.57,300,2020-11-17 17:05:00,CFB
9.57,9.58,9.52,9.54,5200,2020-11-17 17:10:00,CFB
9.6,9.6,9.53,9.53,3800,2020-11-17 17:20:00,CFB
9.53,9.53,9.53,9.53,1000,2020-11-17 17:30:00,CFB
9.53,9.56,9.53,9.56,2400,2020-11-17 17:35:00,CFB
9.6,9.6,9.525,9.53,2850,2020-11-17 17:40:00,CFB
9.53,9.58,9.53,9.58,200,2020-11-17 17:45:00,CFB
9.58,9.58,9.58,9.58,100,2020-11-17 17:50:00,CFB
9.58,9.6,9.575,9.575,300,2020-11-17 17:55:00,CFB
9.6,9.6,9.57,9.57,300,2020-11-17 18:00:00,CFB
9.6,9.6,9.58,9.58,300,2020-11-17 18:05:00,CFB
9.62,9.62,9.56,9.56,600,2020-11-17 18:10:00,CFB
9.565,9.58,9.565,9.58,500,2020-11-17 18:15:00,CFB
9.58,9.58,9.56,9.56,1000,2020-11-17 18:20:00,CFB
9.57,9.57,9.57,9.57,100,2020-11-17 18:25:00,CFB
9.57,9.57,9.57,9.57,100,2020-11-17 18:30:00,CFB
9.57,9.58,9.56,9.57,800,2020-11-17 18:35:00,CFB
9.565,9.575,9.56,9.575,1600,2020-11-17 18:40:00,CFB
9.58,9.58,9.58,9.58,100,2020-11-17 18:45:00,CFB
9.61,9.61,9.61,9.61,200,2020-11-17 18:50:00,CFB
9.56,9.62,9.56,9.62,300,2020-11-17 18:55:00,CFB
9.62,9.62,9.58,9.58,400,2020-11-17 19:00:00,CFB
9.58,9.58,9.58,9.58,100,2020-11-17 19:05:00,CFB
9.64,9.64,9.61,9.61,200,2020-11-17 19:10:00,CFB
9.66,9.66,9.65,9.65,300,2020-11-17 19:15:00,CFB
9.66,9.66,9.64,9.64,1200,2020-11-17 19:20:00,CFB
9.63,9.63,9.63,9.63,200,2020-11-17 19:45:00,CFB
9.65,9.65,9.65,9.65,100,2020-11-17 19:50:00,CFB
9.65,9.65,9.64,9.64,200,2020-11-17 19:55:00,CFB
9.64,9.64,9.64,9.64,1106,2020-11-17 20:00:00,CFB
9.63,9.63,9.63,9.63,200,2020-11-17 20:10:00,CFB
9.65,9.67,9.645,9.67,8723,2020-11-17 20:15:00,CFB
9.69,9.69,9.68,9.69,1594,2020-11-17 20:20:00,CFB
9.7,9.73,9.69,9.725,2664,2020-11-17 20:25:00,CFB
9.725,9.75,9.72,9.74,3099,2020-11-17 20:30:00,CFB
9.74,9.74,9.74,9.74,900,2020-11-17 20:35:00,CFB
9.74,9.74,9.73,9.7301,2100,2020-11-17 20:40:00,CFB
9.72,9.72,9.72,9.72,100,2020-11-17 20:45:00,CFB
9.68,9.68,9.66,9.66,888,2020-11-17 20:50:00,CFB
9.69,9.69,9.62,9.63,13625,2020-11-17 20:55:00,CFB
9.62,9.62,9.62,9.62,14544,2020-11-17 21:00:00,CFB
9.71,9.74,9.71,9.74,494,2020-11-18 14:30:00,CFB
9.74,9.74,9.74,9.74,300,2020-11-18 14:40:00,CFB
9.7,9.74,9.63,9.655,1990,2020-11-18 15:15:00,CFB
9.685,9.685,9.685,9.685,100,2020-11-18 15:20:00,CFB
9.65,9.65,9.64,9.64,1200,2020-11-18 15:35:00,CFB
9.63,9.63,9.63,9.63,100,2020-11-18 15:50:00,CFB
9.63,9.63,9.63,9.63,183,2020-11-18 15:55:00,CFB
9.67,9.71,9.67,9.7,800,2020-11-18 16:05:00,CFB
9.69,9.69,9.69,9.69,300,2020-11-18 16:10:00,CFB
9.66,9.66,9.66,9.66,100,2020-11-18 16:15:00,CFB
9.69,9.7,9.64,9.64,1000,2020-11-18 16:20:00,CFB
9.65,9.65,9.65,9.65,100,2020-11-18 16:30:00,CFB
9.65,9.65,9.65,9.65,300,2020-11-18 16:35:00,CFB
9.66,9.66,9.66,9.66,300,2020-11-18 16:50:00,CFB
9.66,9.66,9.66,9.66,200,2020-11-18 16:55:00,CFB
9.66,9.67,9.66,9.66,2400,2020-11-18 17:00:00,CFB
9.67,9.68,9.67,9.68,550,2020-11-18 17:05:00,CFB
9.68,9.68,9.68,9.68,100,2020-11-18 17:10:00,CFB
9.7,9.7,9.7,9.7,200,2020-11-18 17:15:00,CFB
9.68,9.68,9.68,9.68,100,2020-11-18 17:25:00,CFB
9.695,9.695,9.695,9.695,100,2020-11-18 17:30:00,CFB
9.695,9.7,9.695,9.7,300,2020-11-18 17:35:00,CFB
9.7,9.73,9.7,9.73,400,2020-11-18 17:40:00,CFB
9.725,9.78,9.725,9.78,10797,2020-11-18 17:45:00,CFB
9.77,9.77,9.77,9.77,100,2020-11-18 17:50:00,CFB
9.78,9.78,9.78,9.78,100,2020-11-18 17:55:00,CFB
9.77,9.77,9.74,9.74,900,2020-11-18 18:00:00,CFB
9.765,9.765,9.765,9.765,200,2020-11-18 18:10:00,CFB
9.74,9.77,9.74,9.76,300,2020-11-18 18:15:00,CFB
9.76,9.76,9.76,9.76,400,2020-11-18 18:20:00,CFB
9.79,9.79,9.77,9.77,200,2020-11-18 18:25:00,CFB
9.77,9.77,9.77,9.77,100,2020-11-18 18:30:00,CFB
9.77,9.77,9.76,9.77,1800,2020-11-18 18:35:00,CFB
9.76,9.76,9.76,9.76,300,2020-11-18 18:45:00,CFB
9.77,9.77,9.77,9.77,100,2020-11-18 18:50:00,CFB
9.75,9.75,9.73,9.75,500,2020-11-18 18:55:00,CFB
9.73,9.73,9.73,9.73,100,2020-11-18 19:00:00,CFB
9.76,9.76,9.75,9.75,900,2020-11-18 19:10:00,CFB
9.73,9.73,9.73,9.73,700,2020-11-18 19:20:00,CFB
9.7,9.71,9.7,9.71,1016,2020-11-18 19:25:00,CFB
9.73,9.73,9.73,9.73,300,2020-11-18 19:30:00,CFB
9.75,9.75,9.75,9.75,100,2020-11-18 19:35:00,CFB
9.72,9.72,9.72,9.72,100,2020-11-18 19:40:00,CFB
9.72,9.72,9.72,9.72,300,2020-11-18 19:45:00,CFB
9.72,9.72,9.72,9.72,100,2020-11-18 19:50:00,CFB
9.72,9.74,9.7,9.7,700,2020-11-18 20:00:00,CFB
9.7,9.72,9.7,9.7,929,2020-11-18 20:05:00,CFB
9.7,9.7,9.7,9.7,100,2020-11-18 20:15:00,CFB
9.7,9.7,9.7,9.7,1698,2020-11-18 20:25:00,CFB
9.7,9.73,9.7,9.71,2748,2020-11-18 20:30:00,CFB
9.71,9.715,9.71,9.715,600,2020-11-18 20:35:00,CFB
9.7,9.7,9.7,9.7,253,2020-11-18 20:40:00,CFB
9.7,9.73,9.67,9.67,17277,2020-11-18 20:45:00,CFB
9.64,9.64,9.63,9.63,200,2020-11-18 20:50:00,CFB
9.63,9.63,9.56,9.59,6829,2020-11-18 20:55:00,CFB
9.58,9.58,9.58,9.58,16379,2020-11-18 21:00:00,CFB
9.52,9.52,9.52,9.52,309,2020-11-19 14:30:00,CFB
9.47,9.47,9.47,9.47,100,2020-11-19 15:05:00,CFB
9.46,9.46,9.46,9.46,100,2020-11-19 15:25:00,CFB
9.47,9.48,9.46,9.46,900,2020-11-19 15:40:00,CFB
9.5,9.5,9.5,9.5,100,2020-11-19 15:45:00,CFB
9.51,9.51,9.51,9.51,100,2020-11-19 15:50:00,CFB
9.49,9.49,9.45,9.45,500,2020-11-19 15:55:00,CFB
9.41,9.46,9.41,9.46,200,2020-11-19 16:10:00,CFB
9.46,9.46,9.46,9.46,400,2020-11-19 16:15:00,CFB
9.46,9.46,9.46,9.46,600,2020-11-19 16:20:00,CFB
9.46,9.46,9.46,9.46,100,2020-11-19 16:35:00,CFB
9.43,9.43,9.43,9.43,200,2020-11-19 16:45:00,CFB
9.43,9.43,9.39,9.39,1200,2020-11-19 16:55:00,CFB
9.35,9.39,9.3,9.3,17843,2020-11-19 17:00:00,CFB
9.3485,9.3485,9.3485,9.3485,200,2020-11-19 17:05:00,CFB
9.37,9.37,9.37,9.37,100,2020-11-19 17:10:00,CFB
9.37,9.37,9.37,9.37,200,2020-11-19 17:30:00,CFB
9.38,9.38,9.38,9.38,100,2020-11-19 17:35:00,CFB
9.39,9.39,9.39,9.39,100,2020-11-19 17:40:00,CFB
9.39,9.39,9.37,9.37,200,2020-11-19 17:45:00,CFB
9.385,9.385,9.385,9.385,100,2020-11-19 17:50:00,CFB
9.4,9.4,9.4,9.4,200,2020-11-19 17:55:00,CFB
9.41,9.41,9.41,9.41,100,2020-11-19 18:00:00,CFB
9.41,9.41,9.41,9.41,100,2020-11-19 18:15:00,CFB
9.44,9.44,9.44,9.44,100,2020-11-19 18:20:00,CFB
9.44,9.44,9.44,9.44,100,2020-11-19 18:25:00,CFB
9.46,9.46,9.46,9.46,100,2020-11-19 18:30:00,CFB
9.47,9.47,9.47,9.47,100,2020-11-19 18:40:00,CFB
9.47,9.47,9.47,9.47,100,2020-11-19 18:45:00,CFB
9.45,9.45,9.45,9.45,100,2020-11-19 18:50:00,CFB
9.46,9.46,9.38,9.38,1400,2020-11-19 18:55:00,CFB
9.4,9.4,9.4,9.4,100,2020-11-19 19:05:00,CFB
9.375,9.375,9.375,9.375,100,2020-11-19 19:15:00,CFB
9.38,9.38,9.38,9.38,100,2020-11-19 19:20:00,CFB
9.39,9.4,9.38,9.38,4402,2020-11-19 19:35:00,CFB
9.38,9.4,9.38,9.38,1300,2020-11-19 19:40:00,CFB
9.38,9.38,9.38,9.38,100,2020-11-19 19:45:00,CFB
9.38,9.38,9.38,9.38,100,2020-11-19 19:55:00,CFB
9.38,9.38,9.38,9.38,100,2020-11-19 20:05:00,CFB
9.4,9.4,9.38,9.4,2974,2020-11-19 20:10:00,CFB
9.38,9.4,9.375,9.375,2400,2020-11-19 20:15:00,CFB
9.37,9.39,9.37,9.39,600,2020-11-19 20:20:00,CFB
9.38,9.42,9.375,9.405,2600,2020-11-19 20:25:00,CFB
9.42,9.42,9.42,9.42,100,2020-11-19 20:30:00,CFB
9.48,9.52,9.48,9.52,700,2020-11-19 20:40:00,CFB
9.5025,9.51,9.495,9.495,2600,2020-11-19 20:45:00,CFB
9.68,9.69,9.395,9.46,16685,2020-11-19 20:50:00,CFB
9.52,9.57,9.5,9.51,10122,2020-11-19 20:55:00,CFB
9.55,9.55,9.55,9.55,27807,2020-11-19 21:00:00,CFB
9.38,9.38,9.38,9.38,13148,2020-11-20 14:30:00,CFB
9.25,9.25,9.25,9.25,100,2020-11-20 14:50:00,CFB
9.36,9.42,9.36,9.42,800,2020-11-20 15:05:00,CFB
9.43,9.43,9.4,9.4,700,2020-11-20 15:10:00,CFB
9.35,9.35,9.35,9.35,300,2020-11-20 15:15:00,CFB
9.35,9.35,9.35,9.35,100,2020-11-20 15:25:00,CFB
9.36,9.36,9.36,9.36,800,2020-11-20 15:30:00,CFB
9.34,9.34,9.34,9.34,100,2020-11-20 15:50:00,CFB
9.35,9.4,9.35,9.4,400,2020-11-20 16:15:00,CFB
9.4,9.4,9.39,9.39,200,2020-11-20 16:20:00,CFB
9.38,9.41,9.38,9.41,200,2020-11-20 16:30:00,CFB
9.41,9.46,9.41,9.44,900,2020-11-20 16:35:00,CFB
9.46,9.46,9.46,9.46,100,2020-11-20 16:40:00,CFB
9.46,9.46,9.46,9.46,100,2020-11-20 16:45:00,CFB
9.46,9.47,9.46,9.47,400,2020-11-20 16:50:00,CFB
9.46,9.46,9.46,9.46,100,2020-11-20 16:55:00,CFB
9.5,9.5,9.5,9.5,200,2020-11-20 17:00:00,CFB
9.51,9.51,9.51,9.51,300,2020-11-20 17:05:00,CFB
9.51,9.53,9.48,9.5,1463,2020-11-20 17:10:00,CFB
9.46,9.46,9.45,9.46,911,2020-11-20 17:35:00,CFB
9.42,9.42,9.41,9.41,400,2020-11-20 17:40:00,CFB
9.43,9.43,9.43,9.43,300,2020-11-20 17:45:00,CFB
9.45,9.45,9.45,9.45,100,2020-11-20 17:50:00,CFB
9.46,9.4603,9.44,9.44,1116,2020-11-20 17:55:00,CFB
9.44,9.44,9.44,9.44,100,2020-11-20 18:00:00,CFB
9.44,9.45,9.44,9.45,500,2020-11-20 18:05:00,CFB
9.45,9.45,9.45,9.45,100,2020-11-20 18:25:00,CFB
9.49,9.49,9.49,9.49,100,2020-11-20 18:30:00,CFB
9.46,9.46,9.46,9.46,200,2020-11-20 18:40:00,CFB
9.49,9.49,9.49,9.49,100,2020-11-20 18:50:00,CFB
9.485,9.485,9.44,9.46,2680,2020-11-20 18:55:00,CFB
9.44,9.44,9.44,9.44,101,2020-11-20 19:00:00,CFB
9.43,9.45,9.43,9.45,400,2020-11-20 19:05:00,CFB
9.45,9.45,9.44,9.44,300,2020-11-20 19:10:00,CFB
9.435,9.435,9.4,9.4,1500,2020-11-20 19:20:00,CFB
9.41,9.41,9.41,9.41,600,2020-11-20 19:25:00,CFB
9.41,9.41,9.41,9.41,500,2020-11-20 19:35:00,CFB
9.41,9.41,9.4,9.4,500,2020-11-20 19:45:00,CFB
9.4,9.42,9.4,9.42,2999,2020-11-20 19:50:00,CFB
9.415,9.43,9.415,9.43,200,2020-11-20 19:55:00,CFB
9.43,9.43,9.43,9.43,200,2020-11-20 20:00:00,CFB
9.44,9.44,9.4,9.4,3181,2020-11-20 20:05:00,CFB
9.4,9.42,9.36,9.36,4369,2020-11-20 20:10:00,CFB
9.4,9.4,9.36,9.36,2111,2020-11-20 20:15:00,CFB
9.38,9.38,9.37,9.37,544,2020-11-20 20:20:00,CFB
9.37,9.37,9.32,9.32,4555,2020-11-20 20:25:00,CFB
9.32,9.39,9.25,9.38,6126,2020-11-20 20:30:00,CFB
9.4,9.47,9.39,9.47,889,2020-11-20 20:35:00,CFB
9.49,9.49,9.49,9.49,100,2020-11-20 20:40:00,CFB
9.4605,9.4605,9.46,9.46,2300,2020-11-20 20:45:00,CFB
9.51,9.51,9.47,9.51,500,2020-11-20 20:50:00,CFB
9.47,9.5,9.47,9.48,2677,2020-11-20 20:55:00,CFB
9.48,9.48,9.48,9.48,20327,2020-11-20 21:00:00,CFB
9.59,9.59,9.59,9.59,548,2020-11-23 14:30:00,CFB
9.56,9.56,9.56,9.56,125,2020-11-23 14:45:00,CFB
9.53,9.57,9.53,9.57,2300,2020-11-23 15:05:00,CFB
9.59,9.59,9.59,9.59,2500,2020-11-23 15:10:00,CFB
9.5944,9.5944,9.5944,9.5944,700,2020-11-23 15:15:00,CFB
9.685,9.7,9.675,9.7,2495,2020-11-23 15:20:00,CFB
9.67,9.7,9.64,9.64,1512,2020-11-23 15:25:00,CFB
9.66,9.67,9.65,9.65,1900,2020-11-23 15:35:00,CFB
9.66,9.66,9.63,9.63,200,2020-11-23 15:40:00,CFB
9.71,9.71,9.71,9.71,100,2020-11-23 15:45:00,CFB
9.66,9.6601,9.65,9.66,1323,2020-11-23 15:55:00,CFB
9.65,9.71,9.65,9.7,6400,2020-11-23 16:00:00,CFB
9.7,9.73,9.7,9.73,4500,2020-11-23 16:05:00,CFB
9.75,9.78,9.75,9.78,5200,2020-11-23 16:20:00,CFB
9.8,9.8,9.8,9.8,297,2020-11-23 16:25:00,CFB
9.78,9.81,9.78,9.79,420,2020-11-23 16:30:00,CFB
9.83,9.83,9.83,9.83,200,2020-11-23 16:35:00,CFB
9.84,9.84,9.81,9.83,505,2020-11-23 16:40:00,CFB
9.83,9.83,9.83,9.83,200,2020-11-23 16:45:00,CFB
9.85,9.85,9.85,9.85,100,2020-11-23 16:50:00,CFB
9.82,9.82,9.82,9.82,300,2020-11-23 16:55:00,CFB
9.81,9.81,9.81,9.81,300,2020-11-23 17:05:00,CFB
9.82,9.83,9.82,9.83,600,2020-11-23 17:25:00,CFB
9.82,9.84,9.82,9.84,332,2020-11-23 17:55:00,CFB
9.84,9.85,9.84,9.85,950,2020-11-23 18:00:00,CFB
9.85,9.86,9.84,9.84,800,2020-11-23 18:15:00,CFB
9.83,9.835,9.83,9.835,200,2020-11-23 18:20:00,CFB
9.82,9.82,9.81,9.815,600,2020-11-23 18:25:00,CFB
9.83,9.83,9.83,9.83,100,2020-11-23 18:45:00,CFB
9.8,9.8,9.8,9.8,100,2020-11-23 18:55:00,CFB
9.855,9.855,9.855,9.855,165,2020-11-23 19:00:00,CFB
9.81,9.81,9.81,9.81,303,2020-11-23 19:05:00,CFB
9.79,9.79,9.76,9.76,900,2020-11-23 19:10:00,CFB
9.8,9.8,9.8,9.8,100,2020-11-23 19:40:00,CFB
9.8,9.8,9.8,9.8,100,2020-11-23 19:45:00,CFB
9.82,9.82,9.8,9.81,1000,2020-11-23 19:50:00,CFB
9.81,9.82,9.8,9.82,1700,2020-11-23 19:55:00,CFB
9.81,9.85,9.81,9.81,600,2020-11-23 20:00:00,CFB
9.8,9.83,9.79,9.8,500,2020-11-23 20:05:00,CFB
9.82,9.82,9.77,9.77,1400,2020-11-23 20:10:00,CFB
9.785,9.785,9.72,9.72,5204,2020-11-23 20:15:00,CFB
9.71,9.745,9.71,9.72,1000,2020-11-23 20:20:00,CFB
9.72,9.745,9.7,9.745,2416,2020-11-23 20:25:00,CFB
9.71,9.72,9.7,9.7,1100,2020-11-23 20:30:00,CFB
9.7,9.73,9.69,9.69,2129,2020-11-23 20:35:00,CFB
9.71,9.745,9.69,9.69,4760,2020-11-23 20:40:00,CFB
9.72,9.78,9.69,9.7,2555,2020-11-23 20:45:00,CFB
9.75,9.76,9.68,9.76,5656,2020-11-23 20:50:00,CFB
9.71,9.75,9.69,9.75,10115,2020-11-23 20:55:00,CFB
9.75,9.75,9.75,9.75,13911,2020-11-23 21:00:00,CFB
9.88,9.98,9.78,9.98,13933,2020-11-24 14:30:00,CFB
9.89,9.95,9.89,9.94,1800,2020-11-24 14:35:00,CFB
9.94,9.95,9.92,9.92,2900,2020-11-24 14:40:00,CFB
9.84,9.94,9.84,9.94,700,2020-11-24 14:45:00,CFB
9.95,10.05,9.945,10.05,48295,2020-11-24 14:50:00,CFB
10.08,10.2,10.08,10.2,7868,2020-11-24 14:55:00,CFB
10.16,10.16,10.16,10.16,100,2020-11-24 15:00:00,CFB
10.13,10.17,10.1,10.13,1900,2020-11-24 15:05:00,CFB
10.1,10.11,10.07,10.11,1900,2020-11-24 15:10:00,CFB
10.09,10.11,10.08,10.0826,1600,2020-11-24 15:15:00,CFB
10.07,10.07,10.04,10.05,5150,2020-11-24 15:20:00,CFB
10.03,10.05,10.01,10.01,7316,2020-11-24 15:25:00,CFB
10.05,10.05,10.04,10.04,300,2020-11-24 15:30:00,CFB
10.08,10.08,10.08,10.08,100,2020-11-24 15:35:00,CFB
10.05,10.06,9.98,9.98,1608,2020-11-24 15:40:00,CFB
10.0,10.02,10.0,10.02,398,2020-11-24 15:45:00,CFB
10.01,10.01,9.98,9.98,1316,2020-11-24 16:00:00,CFB
9.99,9.99,9.99,9.99,100,2020-11-24 16:05:00,CFB
10.0,10.06,10.0,10.06,11309,2020-11-24 16:20:00,CFB
10.0498,10.0498,9.99,9.99,2805,2020-11-24 16:25:00,CFB
10.04,10.08,10.04,10.08,1700,2020-11-24 16:30:00,CFB
10.0701,10.085,10.06,10.085,1200,2020-11-24 16:35:00,CFB
10.11,10.11,10.11,10.11,100,2020-11-24 16:40:00,CFB
10.11,10.11,10.05,10.11,2468,2020-11-24 16:45:00,CFB
10.11,10.1125,10.1,10.11,6688,2020-11-24 16:50:00,CFB
10.11,10.11,10.1,10.1053,4200,2020-11-24 16:55:00,CFB
10.09,10.0901,10.0835,10.0835,1300,2020-11-24 17:00:00,CFB
10.0835,10.128,10.0835,10.128,1900,2020-11-24 17:05:00,CFB
10.14,10.14,10.04,10.05,10400,2020-11-24 17:10:00,CFB
10.06,10.06,10.0,10.05,8792,2020-11-24 17:15:00,CFB
10.07,10.09,9.96,9.96,6743,2020-11-24 17:20:00,CFB
9.99,9.99,9.98,9.98,3354,2020-11-24 17:25:00,CFB
10.0,10.0,9.97,9.97,9163,2020-11-24 17:30:00,CFB
9.98,9.98,9.98,9.98,100,2020-11-24 17:35:00,CFB
9.99,10.02,9.99,10.02,1828,2020-11-24 17:40:00,CFB
10.01,10.01,10.0,10.0,1000,2020-11-24 17:45:00,CFB
10.05,10.05,10.02,10.02,600,2020-11-24 17:50:00,CFB
10.06,10.06,10.0,10.01,3100,2020-11-24 17:55:00,CFB
10.01,10.01,10.0,10.0,5200,2020-11-24 18:00:00,CFB
10.05,10.05,10.0,10.0,300,2020-11-24 18:10:00,CFB
10.0554,10.0554,10.0,10.03,5271,2020-11-24 18:20:00,CFB
10.03,10.03,10.03,10.03,400,2020-11-24 18:25:00,CFB
10.04,10.04,9.97,9.99,2553,2020-11-24 18:30:00,CFB
9.99,9.99,9.985,9.985,200,2020-11-24 18:35:00,CFB
9.985,10.01,9.96,10.01,3600,2020-11-24 18:40:00,CFB
10.0,10.015,10.0,10.015,200,2020-11-24 18:45:00,CFB
10.03,10.03,9.94,10.0,3100,2020-11-24 18:50:00,CFB
10.0,10.05,9.96,9.96,1500,2020-11-24 19:05:00,CFB
9.98,9.99,9.95,9.98,4340,2020-11-24 19:15:00,CFB
9.98,9.98,9.98,9.98,100,2020-11-24 19:30:00,CFB
9.97,9.97,9.97,9.97,100,2020-11-24 19:35:00,CFB
9.985,9.985,9.985,9.985,100,2020-11-24 19:40:00,CFB
9.97,9.99,9.88,9.99,10814,2020-11-24 19:50:00,CFB
9.99,10.0,9.96,9.99,5426,2020-11-24 19:55:00,CFB
9.99,10.0,9.9,9.93,8399,2020-11-24 20:00:00,CFB
9.905,9.91,9.85,9.9088,3434,2020-11-24 20:05:00,CFB
9.85,9.9,9.85,9.86,700,2020-11-24 20:10:00,CFB
9.85,9.91,9.85,9.9,3347,2020-11-24 20:15:00,CFB
9.905,9.96,9.905,9.94,400,2020-11-24 20:20:00,CFB
9.91,9.93,9.89,9.93,4980,2020-11-24 20:25:00,CFB
9.93,9.94,9.89,9.9,6230,2020-11-24 20:30:00,CFB
9.9,9.96,9.9,9.9,9051,2020-11-24 20:35:00,CFB
9.91,9.95,9.91,9.92,2346,2020-11-24 20:40:00,CFB
9.9,9.99,9.895,9.965,3687,2020-11-24 20:45:00,CFB
9.98,9.99,9.9794,9.99,722,2020-11-24 20:50:00,CFB
9.99,10.0,9.96,9.98,4995,2020-11-24 20:55:00,CFB
9.99,9.99,9.99,9.99,40723,2020-11-24 21:00:00,CFB
9.91,9.94,9.77,9.94,1096,2020-11-25 14:30:00,CFB
9.92,9.92,9.92,9.92,100,2020-11-25 14:40:00,CFB
9.8293,9.885,9.725,9.885,550,2020-11-25 14:45:00,CFB
9.75,9.835,9.72,9.74,700,2020-11-25 14:50:00,CFB
9.705,9.705,9.705,9.705,200,2020-11-25 15:05:00,CFB
9.72,9.72,9.72,9.72,400,2020-11-25 15:10:00,CFB
9.72,9.72,9.72,9.72,100,2020-11-25 15:15:00,CFB
9.705,9.79,9.7,9.7,1000,2020-11-25 15:20:00,CFB
9.71,9.71,9.7,9.7,500,2020-11-25 15:25:00,CFB
9.7,9.7,9.7,9.7,100,2020-11-25 15:30:00,CFB
9.755,9.755,9.7,9.71,400,2020-11-25 15:35:00,CFB
9.69,9.7,9.69,9.69,400,2020-11-25 15:40:00,CFB
9.72,9.72,9.69,9.69,200,2020-11-25 15:45:00,CFB
9.71,9.71,9.71,9.71,100,2020-11-25 15:50:00,CFB
9.7,9.7,9.69,9.69,1200,2020-11-25 15:55:00,CFB
9.705,9.705,9.705,9.705,400,2020-11-25 16:00:00,CFB
9.715,9.74,9.715,9.72,1410,2020-11-25 16:05:00,CFB
9.71,9.79,9.71,9.78,700,2020-11-25 16:15:00,CFB
9.79,9.79,9.79,9.79,100,2020-11-25 16:20:00,CFB
9.775,9.775,9.775,9.775,400,2020-11-25 16:25:00,CFB
9.76,9.76,9.76,9.76,100,2020-11-25 16:30:00,CFB
9.76,9.79,9.76,9.79,200,2020-11-25 16:35:00,CFB
9.8,9.85,9.8,9.85,700,2020-11-25 16:40:00,CFB
9.825,9.825,9.8,9.8,200,2020-11-25 16:45:00,CFB
9.8,9.85,9.8,9.85,900,2020-11-25 16:50:00,CFB
9.84,9.86,9.83,9.83,1071,2020-11-25 16:55:00,CFB
9.81,9.81,9.81,9.81,100,2020-11-25 17:00:00,CFB
9.83,9.84,9.83,9.84,200,2020-11-25 17:10:00,CFB
9.85,9.85,9.815,9.815,200,2020-11-25 17:15:00,CFB
9.83,9.84,9.83,9.84,200,2020-11-25 17:20:00,CFB
9.81,9.81,9.81,9.81,320,2020-11-25 17:25:00,CFB
9.83,9.845,9.82,9.82,600,2020-11-25 17:30:00,CFB
9.81,9.81,9.81,9.81,100,2020-11-25 17:35:00,CFB
9.81,9.81,9.81,9.81,100,2020-11-25 17:40:00,CFB
9.84,9.84,9.8399,9.8399,1100,2020-11-25 17:45:00,CFB
9.83,9.83,9.83,9.83,200,2020-11-25 17:50:00,CFB
9.83,9.86,9.83,9.86,300,2020-11-25 17:55:00,CFB
9.86,9.86,9.86,9.86,100,2020-11-25 18:00:00,CFB
9.84,9.84,9.83,9.83,200,2020-11-25 18:05:00,CFB
9.83,9.9,9.83,9.9,1400,2020-11-25 18:15:00,CFB
9.9,9.9,9.88,9.88,600,2020-11-25 18:20:00,CFB
9.88,9.88,9.88,9.88,100,2020-11-25 18:30:00,CFB
9.87,9.87,9.87,9.87,300,2020-11-25 18:35:00,CFB
9.865,9.865,9.85,9.86,1800,2020-11-25 18:40:00,CFB
9.84,9.84,9.84,9.84,300,2020-11-25 18:45:00,CFB
9.84,9.87,9.84,9.87,800,2020-11-25 18:50:00,CFB
9.89,9.89,9.89,9.89,100,2020-11-25 18:55:00,CFB
9.88,9.88,9.88,9.88,200,2020-11-25 19:00:00,CFB
9.9,9.905,9.885,9.905,1376,2020-11-25 19:05:00,CFB
9.92,9.92,9.89,9.89,1800,2020-11-25 19:10:00,CFB
9.89,9.89,9.89,9.89,100,2020-11-25 19:25:00,CFB
9.88,9.88,9.88,9.88,100,2020-11-25 19:30:00,CFB
9.875,9.875,9.86,9.86,300,2020-11-25 19:35:00,CFB
9.89,9.89,9.86,9.89,1100,2020-11-25 19:40:00,CFB
9.86,9.88,9.86,9.88,500,2020-11-25 19:45:00,CFB
9.87,9.87,9.87,9.87,100,2020-11-25 19:50:00,CFB
9.85,9.89,9.85,9.87,900,2020-11-25 19:55:00,CFB
9.9,9.9,9.85,9.87,2279,2020-11-25 20:00:00,CFB
9.88,9.88,9.85,9.85,500,2020-11-25 20:05:00,CFB
9.83,9.83,9.83,9.83,100,2020-11-25 20:10:00,CFB
9.84,9.85,9.82,9.82,400,2020-11-25 20:15:00,CFB
9.83,9.84,9.83,9.83,900,2020-11-25 20:20:00,CFB
9.81,9.81,9.78,9.8,1300,2020-11-25 20:25:00,CFB
9.8,9.84,9.78,9.84,1800,2020-11-25 20:30:00,CFB
9.82,9.82,9.8,9.8,600,2020-11-25 20:35:00,CFB
9.78,9.78,9.74,9.77,5091,2020-11-25 20:40:00,CFB
9.75,9.75,9.75,9.75,400,2020-11-25 20:45:00,CFB
9.745,9.76,9.74,9.745,7906,2020-11-25 20:50:00,CFB
9.745,9.76,9.71,9.74,6067,2020-11-25 20:55:00,CFB
9.71,9.71,9.71,9.71,14835,2020-11-25 21:00:00,CFB
9.66,9.66,9.66,9.66,390,2020-11-27 14:30:00,CFB
9.59,9.615,9.59,9.615,300,2020-11-27 15:00:00,CFB
9.625,9.625,9.58,9.58,900,2020-11-27 15:05:00,CFB
9.55,9.59,9.55,9.55,3300,2020-11-27 15:10:00,CFB
9.575,9.605,9.54,9.54,1200,2020-11-27 15:15:00,CFB
9.57,9.57,9.57,9.57,100,2020-11-27 15:20:00,CFB
9.58,9.58,9.52,9.52,1100,2020-11-27 15:30:00,CFB
9.53,9.54,9.53,9.54,600,2020-11-27 15:35:00,CFB
9.57,9.57,9.53,9.57,1200,2020-11-27 15:40:00,CFB
9.57,9.57,9.52,9.55,1800,2020-11-27 15:45:00,CFB
9.53,9.54,9.49,9.51,1550,2020-11-27 15:50:00,CFB
9.47,9.47,9.47,9.47,100,2020-11-27 16:00:00,CFB
9.44,9.455,9.4,9.4,6286,2020-11-27 16:05:00,CFB
9.42,9.42,9.4,9.4,500,2020-11-27 16:10:00,CFB
9.3875,9.41,9.3875,9.39,1800,2020-11-27 16:15:00,CFB
9.3901,9.45,9.39,9.45,1300,2020-11-27 16:20:00,CFB
9.5,9.54,9.5,9.54,492,2020-11-27 16:35:00,CFB
9.54,9.54,9.53,9.53,2802,2020-11-27 16:40:00,CFB
9.57,9.57,9.57,9.57,100,2020-11-27 16:45:00,CFB
9.54,9.54,9.52,9.52,700,2020-11-27 16:50:00,CFB
9.52,9.52,9.52,9.52,400,2020-11-27 16:55:00,CFB
9.52,9.53,9.52,9.53,300,2020-11-27 17:00:00,CFB
9.53,9.53,9.505,9.505,300,2020-11-27 17:05:00,CFB
9.51,9.52,9.5,9.52,900,2020-11-27 17:10:00,CFB
9.51,9.51,9.51,9.51,100,2020-11-27 17:15:00,CFB
9.56,9.56,9.56,9.56,100,2020-11-27 17:20:00,CFB
9.4901,9.518,9.49,9.5,1500,2020-11-27 17:25:00,CFB
9.51,9.55,9.51,9.52,700,2020-11-27 17:30:00,CFB
9.52,9.52,9.51,9.51,700,2020-11-27 17:35:00,CFB
9.515,9.57,9.51,9.51,1591,2020-11-27 17:40:00,CFB
9.51,9.56,9.51,9.52,1797,2020-11-27 17:45:00,CFB
9.53,9.57,9.51,9.51,1327,2020-11-27 17:50:00,CFB
9.51,9.51,9.5,9.5,1372,2020-11-27 17:55:00,CFB
9.51,9.51,9.51,9.51,9122,2020-11-27 18:00:00,CFB
9.43,9.43,9.43,9.43,1038,2020-11-30 14:30:00,CFB
9.42,9.42,9.42,9.42,200,2020-11-30 14:50:00,CFB
9.42,9.42,9.39,9.42,300,2020-11-30 15:00:00,CFB
9.41,9.41,9.39,9.39,200,2020-11-30 15:10:00,CFB
9.39,9.407,9.38,9.38,3700,2020-11-30 15:15:00,CFB
9.37,9.38,9.36,9.38,900,2020-11-30 15:20:00,CFB
9.365,9.3825,9.365,9.365,1100,2020-11-30 15:25:00,CFB
9.34,9.34,9.31,9.31,300,2020-11-30 15:35:00,CFB
9.295,9.33,9.295,9.33,672,2020-11-30 15:45:00,CFB
9.35,9.35,9.35,9.35,500,2020-11-30 16:00:00,CFB
9.345,9.345,9.345,9.345,200,2020-11-30 16:05:00,CFB
9.34,9.34,9.34,9.34,500,2020-11-30 16:15:00,CFB
9.36,9.36,9.34,9.36,3828,2020-11-30 16:20:00,CFB
9.34,9.36,9.34,9.36,300,2020-11-30 16:30:00,CFB
9.35,9.36,9.345,9.35,21909,2020-11-30 16:35:00,CFB
9.375,9.375,9.37,9.37,300,2020-11-30 16:45:00,CFB
9.365,9.365,9.35,9.35,2401,2020-11-30 16:55:00,CFB
9.34,9.34,9.34,9.34,100,2020-11-30 17:00:00,CFB
9.34,9.4,9.34,9.38,1439,2020-11-30 17:10:00,CFB
9.38,9.38,9.38,9.38,200,2020-11-30 17:15:00,CFB
9.38,9.38,9.38,9.38,300,2020-11-30 17:20:00,CFB
9.36,9.36,9.36,9.36,400,2020-11-30 17:30:00,CFB
9.34,9.34,9.325,9.325,716,2020-11-30 17:40:00,CFB
9.325,9.325,9.325,9.325,100,2020-11-30 17:45:00,CFB
9.35,9.35,9.35,9.35,1345,2020-11-30 17:50:00,CFB
9.335,9.35,9.335,9.35,200,2020-11-30 17:55:00,CFB
9.34,9.34,9.32,9.34,1420,2020-11-30 18:05:00,CFB
9.335,9.335,9.335,9.335,100,2020-11-30 18:10:00,CFB
9.32,9.32,9.32,9.32,800,2020-11-30 18:15:00,CFB
9.3,9.3,9.3,9.3,400,2020-11-30 18:20:00,CFB
9.3,9.3,9.3,9.3,100,2020-11-30 18:25:00,CFB
9.3,9.3,9.295,9.295,300,2020-11-30 18:30:00,CFB
9.295,9.295,9.29,9.29,300,2020-11-30 18:35:00,CFB
9.31,9.32,9.3,9.3,750,2020-11-30 18:40:00,CFB
9.29,9.29,9.29,9.29,407,2020-11-30 18:50:00,CFB
9.27,9.27,9.27,9.27,200,2020-11-30 18:55:00,CFB
9.25,9.25,9.25,9.25,100,2020-11-30 19:00:00,CFB
9.25,9.25,9.25,9.25,1100,2020-11-30 19:05:00,CFB
9.27,9.29,9.25,9.25,1049,2020-11-30 19:10:00,CFB
9.25,9.25,9.25,9.25,2207,2020-11-30 19:15:00,CFB
9.26,9.26,9.2575,9.26,1861,2020-11-30 19:20:00,CFB
9.27,9.27,9.25,9.25,1836,2020-11-30 19:25:00,CFB
9.26,9.28,9.22,9.245,9935,2020-11-30 19:30:00,CFB
9.23,9.23,9.23,9.23,300,2020-11-30 19:35:00,CFB
9.21,9.21,9.21,9.21,200,2020-11-30 19:40:00,CFB
9.21,9.21,9.21,9.21,100,2020-11-30 19:45:00,CFB
9.235,9.235,9.21,9.22,914,2020-11-30 19:50:00,CFB
9.23,9.25,9.23,9.25,600,2020-11-30 19:55:00,CFB
9.26,9.26,9.26,9.26,400,2020-11-30 20:00:00,CFB
9.24,9.26,9.24,9.26,1388,2020-11-30 20:05:00,CFB
9.24,9.24,9.23,9.23,200,2020-11-30 20:10:00,CFB
9.21,9.21,9.18,9.18,800,2020-11-30 20:15:00,CFB
9.195,9.21,9.195,9.2,600,2020-11-30 20:20:00,CFB
9.2,9.2,9.2,9.2,1007,2020-11-30 20:25:00,CFB
9.2,9.215,9.2,9.2,400,2020-11-30 20:30:00,CFB
9.2,9.23,9.2,9.23,1900,2020-11-30 20:35:00,CFB
9.19,9.19,9.175,9.18,1252,2020-11-30 20:40:00,CFB
9.18,9.195,9.17,9.17,2300,2020-11-30 20:45:00,CFB
9.16,9.16,9.12,9.12,1500,2020-11-30 20:50:00,CFB
9.06,9.13,9.06,9.13,3993,2020-11-30 20:55:00,CFB
9.1,9.1,9.1,9.1,26759,2020-11-30 21:00:00,CFB
9.1,9.1,9.1,9.1,3371,2020-11-30 21:10:00,CFB
