open,high,low,close,volume,datetime,symbol
3.75,3.75,3.75,3.75,2933,2022-04-01 13:30:00,ETNB
3.84,3.85,3.83,3.85,1200,2022-04-01 13:36:00,ETNB
3.91,3.91,3.91,3.91,100,2022-04-01 13:37:00,ETNB
3.87,3.935,3.87,3.935,966,2022-04-01 13:39:00,ETNB
3.91,3.91,3.91,3.91,266,2022-04-01 13:40:00,ETNB
3.87,3.87,3.87,3.87,100,2022-04-01 13:43:00,ETNB
3.88,3.89,3.8645,3.89,820,2022-04-01 13:46:00,ETNB
3.9,3.9,3.88,3.88,200,2022-04-01 13:50:00,ETNB
3.8315,3.8315,3.8315,3.8315,141,2022-04-01 13:59:00,ETNB
3.9,3.9,3.9,3.9,100,2022-04-01 14:01:00,ETNB
3.91,3.91,3.89,3.905,685,2022-04-01 14:04:00,ETNB
3.925,3.925,3.925,3.925,731,2022-04-01 14:05:00,ETNB
3.925,3.95,3.925,3.95,675,2022-04-01 14:07:00,ETNB
3.94,3.94,3.94,3.94,100,2022-04-01 14:09:00,ETNB
3.935,3.935,3.935,3.935,100,2022-04-01 14:11:00,ETNB
3.96,3.96,3.96,3.96,100,2022-04-01 14:12:00,ETNB
3.97,3.97,3.97,3.97,200,2022-04-01 14:13:00,ETNB
3.99,4.01,3.99,4.01,2300,2022-04-01 14:14:00,ETNB
4.015,4.015,4.015,4.015,100,2022-04-01 14:15:00,ETNB
4.0,4.0,4.0,4.0,100,2022-04-01 14:17:00,ETNB
3.97,3.97,3.97,3.97,100,2022-04-01 14:18:00,ETNB
3.97,3.97,3.97,3.97,100,2022-04-01 14:19:00,ETNB
3.97,3.97,3.97,3.97,100,2022-04-01 14:21:00,ETNB
3.97,3.97,3.97,3.97,100,2022-04-01 14:23:00,ETNB
3.955,3.955,3.955,3.955,100,2022-04-01 14:27:00,ETNB
3.955,3.955,3.92,3.92,4000,2022-04-01 14:29:00,ETNB
3.92,3.92,3.92,3.92,100,2022-04-01 14:32:00,ETNB
3.915,3.915,3.915,3.915,200,2022-04-01 14:33:00,ETNB
3.935,3.935,3.935,3.935,300,2022-04-01 14:35:00,ETNB
3.935,3.935,3.935,3.935,100,2022-04-01 14:36:00,ETNB
3.965,3.965,3.96,3.96,200,2022-04-01 14:38:00,ETNB
3.975,3.975,3.975,3.975,100,2022-04-01 14:39:00,ETNB
3.96,3.96,3.96,3.96,200,2022-04-01 14:40:00,ETNB
3.98,3.98,3.98,3.98,100,2022-04-01 14:42:00,ETNB
3.9805,3.9805,3.98,3.98,300,2022-04-01 14:44:00,ETNB
3.9717,3.9717,3.97,3.97,400,2022-04-01 14:45:00,ETNB
3.99,3.99,3.99,3.99,100,2022-04-01 14:46:00,ETNB
3.97,3.97,3.97,3.97,100,2022-04-01 14:47:00,ETNB
3.97,3.99,3.97,3.99,300,2022-04-01 14:48:00,ETNB
3.97,3.985,3.97,3.985,200,2022-04-01 14:51:00,ETNB
3.985,3.985,3.985,3.985,100,2022-04-01 14:53:00,ETNB
3.97,4.02,3.97,4.02,200,2022-04-01 14:55:00,ETNB
4.01,4.01,4.01,4.01,913,2022-04-01 14:56:00,ETNB
4.0,4.025,4.0,4.025,200,2022-04-01 14:57:00,ETNB
4.05,4.05,4.05,4.05,100,2022-04-01 14:58:00,ETNB
4.01,4.025,4.01,4.025,1100,2022-04-01 14:59:00,ETNB
4.02,4.02,4.02,4.02,100,2022-04-01 15:02:00,ETNB
4.02,4.02,4.02,4.02,200,2022-04-01 15:03:00,ETNB
4.02,4.02,4.02,4.02,100,2022-04-01 15:05:00,ETNB
4.0,4.0,4.0,4.0,300,2022-04-01 15:06:00,ETNB
3.995,3.995,3.995,3.995,100,2022-04-01 15:08:00,ETNB
3.97,3.97,3.97,3.97,100,2022-04-01 15:09:00,ETNB
4.02,4.02,4.02,4.02,150,2022-04-01 15:10:00,ETNB
3.995,3.995,3.995,3.995,100,2022-04-01 15:11:00,ETNB
3.995,3.995,3.995,3.995,100,2022-04-01 15:13:00,ETNB
3.97,3.97,3.97,3.97,200,2022-04-01 15:14:00,ETNB
3.995,3.995,3.97,3.97,800,2022-04-01 15:16:00,ETNB
4.0,4.0,4.0,4.0,200,2022-04-01 15:17:00,ETNB
3.97,3.97,3.97,3.97,300,2022-04-01 15:18:00,ETNB
3.97,3.97,3.96,3.97,700,2022-04-01 15:19:00,ETNB
3.97,3.97,3.96,3.97,300,2022-04-01 15:20:00,ETNB
3.96,3.975,3.96,3.975,200,2022-04-01 15:21:00,ETNB
3.975,3.975,3.975,3.975,100,2022-04-01 15:23:00,ETNB
3.96,3.97,3.96,3.97,300,2022-04-01 15:24:00,ETNB
3.96,3.96,3.96,3.96,300,2022-04-01 15:25:00,ETNB
3.96,3.96,3.96,3.96,100,2022-04-01 15:26:00,ETNB
3.95,3.95,3.95,3.95,100,2022-04-01 15:27:00,ETNB
3.955,3.955,3.955,3.955,100,2022-04-01 15:28:00,ETNB
3.96,3.96,3.96,3.96,100,2022-04-01 15:29:00,ETNB
3.965,3.965,3.965,3.965,100,2022-04-01 15:30:00,ETNB
3.96,3.96,3.96,3.96,100,2022-04-01 15:33:00,ETNB
3.96,3.96,3.96,3.96,100,2022-04-01 15:35:00,ETNB
3.95,3.95,3.95,3.95,763,2022-04-01 15:37:00,ETNB
3.955,3.955,3.93,3.93,300,2022-04-01 15:38:00,ETNB
3.915,3.915,3.915,3.915,300,2022-04-01 15:42:00,ETNB
3.93,3.93,3.93,3.93,200,2022-04-01 15:49:00,ETNB
3.92,3.92,3.92,3.92,100,2022-04-01 15:53:00,ETNB
3.925,3.925,3.92,3.92,400,2022-04-01 15:54:00,ETNB
3.93,3.93,3.93,3.93,100,2022-04-01 15:56:00,ETNB
3.925,3.925,3.925,3.925,100,2022-04-01 15:58:00,ETNB
3.94,3.94,3.94,3.94,2500,2022-04-01 15:59:00,ETNB
3.92,3.92,3.92,3.92,100,2022-04-01 16:00:00,ETNB
3.9299,3.9299,3.9299,3.9299,1000,2022-04-01 16:01:00,ETNB
3.915,3.915,3.85,3.85,2700,2022-04-01 16:02:00,ETNB
3.8405,3.8405,3.8405,3.8405,250,2022-04-01 16:06:00,ETNB
3.895,3.895,3.895,3.895,100,2022-04-01 16:09:00,ETNB
3.89,3.89,3.89,3.89,100,2022-04-01 16:10:00,ETNB
3.88,3.88,3.88,3.88,100,2022-04-01 16:11:00,ETNB
3.87,3.87,3.87,3.87,499,2022-04-01 16:12:00,ETNB
3.85,3.85,3.85,3.85,200,2022-04-01 16:16:00,ETNB
3.9,3.9,3.9,3.9,100,2022-04-01 16:17:00,ETNB
3.875,3.875,3.875,3.875,2100,2022-04-01 16:19:00,ETNB
3.88,3.88,3.88,3.88,214,2022-04-01 16:23:00,ETNB
3.9,3.9,3.9,3.9,100,2022-04-01 16:24:00,ETNB
3.9,3.9,3.9,3.9,100,2022-04-01 16:27:00,ETNB
3.9,3.91,3.9,3.91,600,2022-04-01 16:29:00,ETNB
3.905,3.905,3.905,3.905,100,2022-04-01 16:30:00,ETNB
3.91,3.91,3.91,3.91,100,2022-04-01 16:34:00,ETNB
3.91,3.91,3.91,3.91,100,2022-04-01 16:37:00,ETNB
3.92,3.99,3.92,3.98,1156,2022-04-01 16:39:00,ETNB
3.97,3.97,3.955,3.96,504,2022-04-01 16:41:00,ETNB
3.96,3.96,3.96,3.96,200,2022-04-01 16:42:00,ETNB
3.975,3.975,3.975,3.975,100,2022-04-01 16:43:00,ETNB
3.95,3.98,3.89,3.89,20327,2022-04-01 16:45:00,ETNB
3.93,3.9314,3.89,3.89,2200,2022-04-01 16:46:00,ETNB
3.945,3.945,3.945,3.945,100,2022-04-01 16:47:00,ETNB
3.89,3.9,3.89,3.9,1100,2022-04-01 16:48:00,ETNB
3.88,3.91,3.88,3.91,208,2022-04-01 16:49:00,ETNB
3.905,3.905,3.905,3.905,100,2022-04-01 16:52:00,ETNB
3.92,3.92,3.905,3.905,200,2022-04-01 16:58:00,ETNB
3.92,3.92,3.92,3.92,100,2022-04-01 17:01:00,ETNB
3.9,3.9,3.9,3.9,100,2022-04-01 17:02:00,ETNB
3.9,3.9,3.9,3.9,100,2022-04-01 17:04:00,ETNB
3.91,3.91,3.91,3.91,100,2022-04-01 17:08:00,ETNB
3.905,3.905,3.905,3.905,100,2022-04-01 17:11:00,ETNB
3.91,3.91,3.91,3.91,100,2022-04-01 17:12:00,ETNB
3.89,3.89,3.89,3.89,100,2022-04-01 17:13:00,ETNB
3.9,3.9,3.88,3.88,200,2022-04-01 17:14:00,ETNB
3.86,3.86,3.86,3.86,952,2022-04-01 17:16:00,ETNB
3.88,3.88,3.88,3.88,100,2022-04-01 17:19:00,ETNB
3.88,3.88,3.88,3.88,100,2022-04-01 17:20:00,ETNB
3.88,3.88,3.88,3.88,699,2022-04-01 17:25:00,ETNB
3.89,3.89,3.89,3.89,200,2022-04-01 17:26:00,ETNB
3.875,3.875,3.875,3.875,100,2022-04-01 17:28:00,ETNB
3.885,3.885,3.885,3.885,998,2022-04-01 17:30:00,ETNB
3.91,3.91,3.89,3.89,200,2022-04-01 17:32:00,ETNB
3.88,3.88,3.88,3.88,340,2022-04-01 17:33:00,ETNB
3.9,3.9,3.9,3.9,200,2022-04-01 17:37:00,ETNB
3.9,3.9,3.9,3.9,500,2022-04-01 17:38:00,ETNB
3.91,3.91,3.91,3.91,100,2022-04-01 17:41:00,ETNB
3.92,3.92,3.92,3.92,100,2022-04-01 17:47:00,ETNB
3.915,3.915,3.915,3.915,100,2022-04-01 17:49:00,ETNB
3.915,3.915,3.915,3.915,100,2022-04-01 17:51:00,ETNB
3.9,3.9,3.9,3.9,100,2022-04-01 17:55:00,ETNB
3.9,3.92,3.9,3.91,1600,2022-04-01 17:56:00,ETNB
3.94,3.94,3.94,3.94,100,2022-04-01 17:57:00,ETNB
3.94,3.94,3.94,3.94,100,2022-04-01 17:58:00,ETNB
3.94,3.94,3.94,3.94,100,2022-04-01 18:00:00,ETNB
3.92,3.92,3.91,3.915,1400,2022-04-01 18:02:00,ETNB
3.925,3.925,3.925,3.925,100,2022-04-01 18:04:00,ETNB
3.925,3.925,3.925,3.925,400,2022-04-01 18:05:00,ETNB
3.935,3.935,3.935,3.935,200,2022-04-01 18:06:00,ETNB
3.935,3.935,3.935,3.935,100,2022-04-01 18:08:00,ETNB
3.945,3.945,3.945,3.945,100,2022-04-01 18:10:00,ETNB
3.945,3.945,3.945,3.945,100,2022-04-01 18:12:00,ETNB
3.925,3.925,3.925,3.925,100,2022-04-01 18:14:00,ETNB
3.91,3.91,3.91,3.91,100,2022-04-01 18:15:00,ETNB
3.93,3.93,3.91,3.92,300,2022-04-01 18:16:00,ETNB
3.93,3.93,3.91,3.91,200,2022-04-01 18:18:00,ETNB
3.93,3.93,3.93,3.93,100,2022-04-01 18:19:00,ETNB
3.93,3.93,3.93,3.93,100,2022-04-01 18:22:00,ETNB
3.93,3.93,3.92,3.92,200,2022-04-01 18:23:00,ETNB
3.935,3.935,3.935,3.935,100,2022-04-01 18:24:00,ETNB
3.92,3.935,3.92,3.935,200,2022-04-01 18:25:00,ETNB
3.93,3.93,3.91,3.91,200,2022-04-01 18:28:00,ETNB
3.93,3.93,3.93,3.93,100,2022-04-01 18:30:00,ETNB
3.93,3.93,3.93,3.93,100,2022-04-01 18:32:00,ETNB
3.935,3.935,3.935,3.935,100,2022-04-01 18:34:00,ETNB
3.935,3.935,3.935,3.935,100,2022-04-01 18:36:00,ETNB
3.92,3.92,3.92,3.92,200,2022-04-01 18:37:00,ETNB
3.92,3.92,3.895,3.895,1770,2022-04-01 18:38:00,ETNB
3.92,3.92,3.92,3.92,200,2022-04-01 18:39:00,ETNB
3.92,3.92,3.92,3.92,100,2022-04-01 18:41:00,ETNB
3.92,3.92,3.92,3.92,100,2022-04-01 18:43:00,ETNB
3.9,3.92,3.9,3.92,500,2022-04-01 18:44:00,ETNB
3.9,3.92,3.9,3.92,400,2022-04-01 18:45:00,ETNB
3.9,3.9,3.9,3.9,700,2022-04-01 18:46:00,ETNB
3.89,3.895,3.89,3.895,200,2022-04-01 18:47:00,ETNB
3.895,3.895,3.895,3.895,100,2022-04-01 18:49:00,ETNB
3.89,3.89,3.89,3.89,200,2022-04-01 18:52:00,ETNB
3.86,3.86,3.86,3.86,100,2022-04-01 18:54:00,ETNB
3.85,3.85,3.85,3.85,200,2022-04-01 18:59:00,ETNB
3.89,3.89,3.89,3.89,100,2022-04-01 19:01:00,ETNB
3.895,3.91,3.895,3.9,2800,2022-04-01 19:02:00,ETNB
3.9,3.9,3.9,3.9,100,2022-04-01 19:03:00,ETNB
3.9,3.9,3.9,3.9,100,2022-04-01 19:04:00,ETNB
3.9,3.9,3.9,3.9,100,2022-04-01 19:05:00,ETNB
3.9222,3.9222,3.9,3.9,227,2022-04-01 19:06:00,ETNB
3.9,3.9,3.9,3.9,200,2022-04-01 19:07:00,ETNB
3.9,3.9,3.9,3.9,100,2022-04-01 19:08:00,ETNB
3.87,3.87,3.87,3.87,100,2022-04-01 19:09:00,ETNB
3.9,3.915,3.9,3.915,4890,2022-04-01 19:10:00,ETNB
3.9,3.915,3.9,3.915,400,2022-04-01 19:13:00,ETNB
3.9,3.915,3.9,3.9,800,2022-04-01 19:16:00,ETNB
3.9,3.92,3.9,3.92,400,2022-04-01 19:18:00,ETNB
3.9,3.905,3.89,3.89,20710,2022-04-01 19:19:00,ETNB
3.89,3.89,3.89,3.89,100,2022-04-01 19:21:00,ETNB
3.89,3.89,3.89,3.89,100,2022-04-01 19:22:00,ETNB
3.89,3.89,3.89,3.89,200,2022-04-01 19:23:00,ETNB
3.895,3.895,3.895,3.895,100,2022-04-01 19:24:00,ETNB
3.9,3.9,3.9,3.9,101,2022-04-01 19:25:00,ETNB
3.915,3.915,3.915,3.915,100,2022-04-01 19:27:00,ETNB
3.94,3.94,3.91,3.91,641,2022-04-01 19:28:00,ETNB
3.9,3.915,3.9,3.915,200,2022-04-01 19:29:00,ETNB
3.89,3.91,3.89,3.9,728,2022-04-01 19:30:00,ETNB
3.905,3.905,3.905,3.905,100,2022-04-01 19:32:00,ETNB
3.9,3.9,3.9,3.9,100,2022-04-01 19:34:00,ETNB
3.89,3.89,3.88,3.88,600,2022-04-01 19:35:00,ETNB
3.91,3.91,3.9,3.9,300,2022-04-01 19:36:00,ETNB
3.9,3.9,3.88,3.88,200,2022-04-01 19:38:00,ETNB
3.88,3.88,3.88,3.88,300,2022-04-01 19:39:00,ETNB
3.9,3.9,3.88,3.89,700,2022-04-01 19:40:00,ETNB
3.89,3.89,3.88,3.88,718,2022-04-01 19:41:00,ETNB
3.89,3.9,3.88,3.895,1500,2022-04-01 19:42:00,ETNB
3.895,3.895,3.895,3.895,1000,2022-04-01 19:44:00,ETNB
3.895,3.895,3.895,3.895,100,2022-04-01 19:46:00,ETNB
3.91,3.92,3.905,3.92,300,2022-04-01 19:47:00,ETNB
3.93,3.93,3.92,3.92,300,2022-04-01 19:48:00,ETNB
3.92,3.92,3.91,3.91,1100,2022-04-01 19:49:00,ETNB
3.92,3.92,3.9,3.9,823,2022-04-01 19:50:00,ETNB
3.9,3.9,3.89,3.9,1200,2022-04-01 19:51:00,ETNB
3.905,3.905,3.905,3.905,100,2022-04-01 19:52:00,ETNB
3.91,3.91,3.91,3.91,100,2022-04-01 19:53:00,ETNB
3.89,3.91,3.89,3.89,1326,2022-04-01 19:54:00,ETNB
3.88,3.905,3.88,3.88,1299,2022-04-01 19:55:00,ETNB
3.88,3.89,3.88,3.88,1100,2022-04-01 19:56:00,ETNB
3.88,3.905,3.88,3.895,1100,2022-04-01 19:57:00,ETNB
3.87,3.905,3.87,3.88,1400,2022-04-01 19:58:00,ETNB
3.89,3.92,3.87,3.91,3352,2022-04-01 19:59:00,ETNB
3.91,3.91,3.91,3.91,3706,2022-04-01 20:00:00,ETNB
4.0417,4.0417,4.0417,4.0417,150,2022-04-01 20:07:00,ETNB
3.96,3.96,3.96,3.96,1069,2022-04-04 13:30:00,ETNB
3.99,4.05,3.96,3.96,1838,2022-04-04 13:32:00,ETNB
4.0289,4.0289,4.0289,4.0289,318,2022-04-04 13:33:00,ETNB
3.96,3.96,3.96,3.96,300,2022-04-04 13:36:00,ETNB
3.94,3.94,3.94,3.94,270,2022-04-04 13:39:00,ETNB
3.9711,3.9711,3.965,3.965,1100,2022-04-04 13:47:00,ETNB
3.965,4.009,3.965,4.0,2400,2022-04-04 13:50:00,ETNB
4.01,4.01,4.01,4.01,100,2022-04-04 13:51:00,ETNB
3.93,3.94,3.92,3.94,2912,2022-04-04 14:05:00,ETNB
3.92,3.92,3.92,3.92,100,2022-04-04 14:07:00,ETNB
3.94,3.94,3.94,3.94,200,2022-04-04 14:09:00,ETNB
3.95,3.95,3.95,3.95,250,2022-04-04 14:10:00,ETNB
3.97,3.97,3.97,3.97,100,2022-04-04 14:14:00,ETNB
3.9798,3.98,3.955,3.965,3680,2022-04-04 14:16:00,ETNB
3.96,3.96,3.96,3.96,100,2022-04-04 14:20:00,ETNB
3.93,3.93,3.93,3.93,100,2022-04-04 14:26:00,ETNB
3.93,3.93,3.93,3.93,100,2022-04-04 14:27:00,ETNB
3.99,3.99,3.925,3.93,800,2022-04-04 14:31:00,ETNB
3.96,3.96,3.96,3.96,100,2022-04-04 14:33:00,ETNB
3.96,3.96,3.96,3.96,100,2022-04-04 14:34:00,ETNB
3.96,3.96,3.96,3.96,100,2022-04-04 14:35:00,ETNB
3.99,3.99,3.99,3.99,250,2022-04-04 14:37:00,ETNB
4.0,4.0,4.0,4.0,100,2022-04-04 14:38:00,ETNB
4.035,4.035,4.035,4.035,100,2022-04-04 14:39:00,ETNB
4.06,4.0898,4.06,4.06,1300,2022-04-04 14:40:00,ETNB
4.03,4.03,4.0,4.0,1306,2022-04-04 14:41:00,ETNB
4.0,4.0,4.0,4.0,100,2022-04-04 14:42:00,ETNB
4.0,4.0,3.98,3.98,512,2022-04-04 14:43:00,ETNB
4.01,4.01,3.98,3.98,200,2022-04-04 14:44:00,ETNB
3.98,3.98,3.98,3.98,100,2022-04-04 14:45:00,ETNB
4.01,4.01,4.01,4.01,600,2022-04-04 14:46:00,ETNB
4.0,4.0175,4.0,4.0175,200,2022-04-04 14:48:00,ETNB
4.015,4.015,4.015,4.015,200,2022-04-04 14:49:00,ETNB
4.015,4.015,4.015,4.015,100,2022-04-04 14:54:00,ETNB
3.99,3.99,3.99,3.99,100,2022-04-04 14:55:00,ETNB
4.0499,4.0499,4.02,4.02,600,2022-04-04 14:58:00,ETNB
4.02,4.02,4.0,4.0,300,2022-04-04 15:00:00,ETNB
4.02,4.04,4.01,4.01,6400,2022-04-04 15:03:00,ETNB
4.0,4.01,4.0,4.0,854,2022-04-04 15:05:00,ETNB
3.99,3.99,3.99,3.99,100,2022-04-04 15:06:00,ETNB
3.99,3.99,3.98,3.99,427,2022-04-04 15:08:00,ETNB
3.985,3.985,3.985,3.985,100,2022-04-04 15:09:00,ETNB
3.99,3.99,3.99,3.99,300,2022-04-04 15:10:00,ETNB
3.98,3.98,3.98,3.98,100,2022-04-04 15:21:00,ETNB
4.0,4.0,4.0,4.0,200,2022-04-04 15:26:00,ETNB
4.0,4.0,4.0,4.0,100,2022-04-04 15:28:00,ETNB
4.0,4.02,4.0,4.005,900,2022-04-04 15:34:00,ETNB
3.99,3.99,3.99,3.99,100,2022-04-04 15:36:00,ETNB
4.0,4.0,4.0,4.0,100,2022-04-04 15:37:00,ETNB
4.0,4.0,4.0,4.0,100,2022-04-04 15:43:00,ETNB
4.0,4.0,4.0,4.0,100,2022-04-04 15:44:00,ETNB
4.0024,4.0024,4.0,4.0,355,2022-04-04 15:58:00,ETNB
4.01,4.01,4.01,4.01,100,2022-04-04 16:00:00,ETNB
4.0,4.0,4.0,4.0,100,2022-04-04 16:03:00,ETNB
4.01,4.01,4.01,4.01,100,2022-04-04 16:04:00,ETNB
4.01,4.02,4.01,4.01,600,2022-04-04 16:05:00,ETNB
4.0,4.0,4.0,4.0,700,2022-04-04 16:08:00,ETNB
4.01,4.01,4.01,4.01,500,2022-04-04 16:14:00,ETNB
4.0,4.0,4.0,4.0,100,2022-04-04 16:16:00,ETNB
3.995,3.995,3.995,3.995,100,2022-04-04 16:20:00,ETNB
3.98,3.98,3.975,3.975,300,2022-04-04 16:22:00,ETNB
3.96,3.96,3.96,3.96,100,2022-04-04 16:23:00,ETNB
3.955,3.955,3.955,3.955,200,2022-04-04 16:30:00,ETNB
3.9599,3.9599,3.9599,3.9599,200,2022-04-04 16:32:00,ETNB
3.96,3.97,3.96,3.97,400,2022-04-04 16:34:00,ETNB
3.97,3.97,3.97,3.97,100,2022-04-04 16:39:00,ETNB
3.96,3.96,3.96,3.96,100,2022-04-04 16:43:00,ETNB
3.97,3.97,3.9645,3.9645,527,2022-04-04 16:46:00,ETNB
3.99,3.99,3.99,3.99,100,2022-04-04 16:48:00,ETNB
4.01,4.01,4.01,4.01,400,2022-04-04 16:49:00,ETNB
4.0,4.0,3.99,3.99,500,2022-04-04 16:50:00,ETNB
3.99,3.99,3.99,3.99,300,2022-04-04 16:52:00,ETNB
3.9801,4.0,3.98,3.98,1700,2022-04-04 16:56:00,ETNB
3.97,3.98,3.97,3.98,300,2022-04-04 16:57:00,ETNB
3.95,3.95,3.95,3.95,100,2022-04-04 17:00:00,ETNB
3.95,3.95,3.94,3.94,418,2022-04-04 17:01:00,ETNB
3.9648,3.9648,3.9648,3.9648,200,2022-04-04 17:06:00,ETNB
3.93,3.93,3.93,3.93,100,2022-04-04 17:08:00,ETNB
3.94,3.94,3.94,3.94,100,2022-04-04 17:12:00,ETNB
3.92,3.92,3.92,3.92,100,2022-04-04 17:13:00,ETNB
3.95,3.95,3.95,3.95,100,2022-04-04 17:19:00,ETNB
3.96,3.96,3.96,3.96,100,2022-04-04 17:23:00,ETNB
3.95,3.95,3.95,3.95,413,2022-04-04 17:25:00,ETNB
3.935,3.935,3.935,3.935,100,2022-04-04 17:35:00,ETNB
3.94,3.94,3.94,3.94,100,2022-04-04 17:37:00,ETNB
3.935,3.935,3.935,3.935,100,2022-04-04 17:42:00,ETNB
3.93,3.93,3.93,3.93,100,2022-04-04 17:52:00,ETNB
3.93,3.93,3.93,3.93,100,2022-04-04 17:53:00,ETNB
3.9163,3.96,3.9163,3.96,1453,2022-04-04 18:02:00,ETNB
3.9478,3.9478,3.94,3.94,450,2022-04-04 18:04:00,ETNB
3.92,3.92,3.92,3.92,100,2022-04-04 18:13:00,ETNB
3.965,3.99,3.965,3.99,1699,2022-04-04 18:22:00,ETNB
3.98,3.98,3.98,3.98,100,2022-04-04 18:26:00,ETNB
3.99,4.01,3.99,4.01,400,2022-04-04 18:31:00,ETNB
4.0,4.0,4.0,4.0,100,2022-04-04 18:36:00,ETNB
4.01,4.01,4.01,4.01,100,2022-04-04 18:42:00,ETNB
4.005,4.01,4.005,4.01,200,2022-04-04 18:44:00,ETNB
4.01,4.02,4.01,4.01,600,2022-04-04 18:46:00,ETNB
4.0,4.0,4.0,4.0,100,2022-04-04 18:48:00,ETNB
3.99,3.99,3.99,3.99,400,2022-04-04 18:51:00,ETNB
3.98,3.98,3.98,3.98,100,2022-04-04 18:53:00,ETNB
4.005,4.005,4.005,4.005,100,2022-04-04 18:59:00,ETNB
4.0,4.0,3.995,4.0,500,2022-04-04 19:04:00,ETNB
4.01,4.01,3.99,3.99,200,2022-04-04 19:09:00,ETNB
3.99,3.99,3.99,3.99,200,2022-04-04 19:11:00,ETNB
3.99,3.99,3.99,3.99,100,2022-04-04 19:13:00,ETNB
3.99,3.99,3.99,3.99,400,2022-04-04 19:17:00,ETNB
4.0,4.0,4.0,4.0,100,2022-04-04 19:22:00,ETNB
4.01,4.01,4.0,4.0,200,2022-04-04 19:23:00,ETNB
4.005,4.02,4.005,4.02,300,2022-04-04 19:25:00,ETNB
4.02,4.02,4.0,4.0,200,2022-04-04 19:26:00,ETNB
4.01,4.03,4.01,4.015,600,2022-04-04 19:32:00,ETNB
4.01,4.01,4.005,4.005,514,2022-04-04 19:33:00,ETNB
4.005,4.005,4.005,4.005,300,2022-04-04 19:37:00,ETNB
4.005,4.005,4.005,4.005,100,2022-04-04 19:39:00,ETNB
4.01,4.0189,4.0,4.01,1400,2022-04-04 19:40:00,ETNB
4.02,4.02,4.0,4.0,500,2022-04-04 19:41:00,ETNB
4.01,4.01,4.01,4.01,250,2022-04-04 19:42:00,ETNB
4.0,4.01,4.0,4.01,223,2022-04-04 19:45:00,ETNB
3.99,3.99,3.99,3.99,100,2022-04-04 19:47:00,ETNB
3.99,3.99,3.99,3.99,100,2022-04-04 19:48:00,ETNB
4.0,4.0,4.0,4.0,215,2022-04-04 19:50:00,ETNB
3.995,3.995,3.995,3.995,100,2022-04-04 19:51:00,ETNB
3.99,4.0,3.99,4.0,896,2022-04-04 19:53:00,ETNB
4.0,4.0,4.0,4.0,100,2022-04-04 19:56:00,ETNB
4.0,4.01,4.0,4.01,500,2022-04-04 19:57:00,ETNB
4.0,4.0,4.0,4.0,100,2022-04-04 19:58:00,ETNB
4.01,4.02,4.0,4.02,700,2022-04-04 19:59:00,ETNB
4.02,4.02,4.02,4.02,10626,2022-04-04 20:00:00,ETNB
4.02,4.02,3.995,4.0,10783,2022-04-05 13:30:00,ETNB
3.97,3.97,3.97,3.97,100,2022-04-05 13:31:00,ETNB
3.97,3.97,3.97,3.97,100,2022-04-05 13:32:00,ETNB
3.97,3.97,3.97,3.97,100,2022-04-05 13:33:00,ETNB
3.98,3.98,3.98,3.98,100,2022-04-05 13:38:00,ETNB
3.9916,4.021,3.9916,4.021,500,2022-04-05 13:51:00,ETNB
3.96,3.96,3.96,3.96,200,2022-04-05 13:54:00,ETNB
3.92,3.92,3.92,3.92,100,2022-04-05 13:55:00,ETNB
3.9505,3.9505,3.9505,3.9505,100,2022-04-05 13:56:00,ETNB
3.85,3.85,3.85,3.85,100,2022-04-05 14:00:00,ETNB
3.8364,3.87,3.8307,3.87,1200,2022-04-05 14:04:00,ETNB
3.8402,3.8417,3.8402,3.8417,1000,2022-04-05 14:05:00,ETNB
3.87,3.88,3.86,3.88,5200,2022-04-05 14:06:00,ETNB
3.8999,3.9,3.875,3.875,1300,2022-04-05 14:07:00,ETNB
3.8994,3.9,3.8994,3.9,1400,2022-04-05 14:08:00,ETNB
3.87,3.87,3.87,3.87,100,2022-04-05 14:09:00,ETNB
3.87,3.87,3.87,3.87,200,2022-04-05 14:10:00,ETNB
3.85,3.85,3.85,3.85,200,2022-04-05 14:15:00,ETNB
3.84,3.84,3.84,3.84,200,2022-04-05 14:16:00,ETNB
3.85,3.87,3.85,3.87,1407,2022-04-05 14:20:00,ETNB
3.88,3.88,3.85,3.865,400,2022-04-05 14:21:00,ETNB
3.87,3.89,3.87,3.89,954,2022-04-05 14:25:00,ETNB
3.85,3.85,3.85,3.85,100,2022-04-05 14:27:00,ETNB
3.88,3.88,3.88,3.88,100,2022-04-05 14:30:00,ETNB
3.865,3.89,3.865,3.89,300,2022-04-05 14:31:00,ETNB
3.89,3.89,3.89,3.89,491,2022-04-05 14:32:00,ETNB
3.89,3.89,3.89,3.89,941,2022-04-05 14:34:00,ETNB
3.895,3.895,3.895,3.895,100,2022-04-05 14:36:00,ETNB
3.92,3.92,3.92,3.92,100,2022-04-05 14:40:00,ETNB
3.9548,3.9548,3.9548,3.9548,150,2022-04-05 14:43:00,ETNB
3.9588,3.96,3.92,3.92,1100,2022-04-05 14:44:00,ETNB
3.92,3.92,3.92,3.92,100,2022-04-05 14:45:00,ETNB
3.92,3.92,3.92,3.92,100,2022-04-05 14:59:00,ETNB
3.92,3.92,3.92,3.92,914,2022-04-05 15:02:00,ETNB
3.89,3.89,3.89,3.89,100,2022-04-05 15:03:00,ETNB
3.91,3.91,3.9,3.9,200,2022-04-05 15:07:00,ETNB
3.92,3.92,3.92,3.92,200,2022-04-05 15:13:00,ETNB
3.95,3.95,3.95,3.95,200,2022-04-05 15:18:00,ETNB
3.97,3.97,3.97,3.97,100,2022-04-05 15:21:00,ETNB
3.93,3.93,3.92,3.92,698,2022-04-05 15:24:00,ETNB
3.9,3.9,3.9,3.9,100,2022-04-05 15:26:00,ETNB
3.895,3.895,3.895,3.895,100,2022-04-05 15:32:00,ETNB
3.87,3.87,3.87,3.87,165,2022-04-05 15:54:00,ETNB
3.86,3.86,3.86,3.86,100,2022-04-05 15:55:00,ETNB
3.855,3.855,3.855,3.855,160,2022-04-05 16:02:00,ETNB
3.84,3.85,3.84,3.85,700,2022-04-05 16:04:00,ETNB
3.85,3.85,3.85,3.85,300,2022-04-05 16:15:00,ETNB
3.82,3.82,3.8171,3.8171,425,2022-04-05 16:22:00,ETNB
3.84,3.84,3.84,3.84,100,2022-04-05 16:26:00,ETNB
3.83,3.83,3.83,3.83,388,2022-04-05 16:30:00,ETNB
3.8017,3.84,3.8017,3.84,2580,2022-04-05 16:31:00,ETNB
3.8,3.81,3.8,3.81,2332,2022-04-05 16:36:00,ETNB
3.79,3.79,3.79,3.79,100,2022-04-05 16:41:00,ETNB
3.77,3.77,3.77,3.77,100,2022-04-05 16:42:00,ETNB
3.75,3.76,3.75,3.76,2200,2022-04-05 16:45:00,ETNB
3.74,3.74,3.74,3.74,200,2022-04-05 16:46:00,ETNB
3.74,3.74,3.74,3.74,286,2022-04-05 16:47:00,ETNB
3.76,3.79,3.76,3.79,544,2022-04-05 16:48:00,ETNB
3.81,3.81,3.79,3.79,200,2022-04-05 16:56:00,ETNB
3.77,3.77,3.77,3.77,101,2022-04-05 17:02:00,ETNB
3.78,3.78,3.78,3.78,500,2022-04-05 17:14:00,ETNB
3.78,3.78,3.76,3.76,300,2022-04-05 17:17:00,ETNB
3.77,3.81,3.77,3.785,1000,2022-04-05 17:28:00,ETNB
3.795,3.795,3.795,3.795,200,2022-04-05 17:35:00,ETNB
3.78,3.78,3.78,3.78,299,2022-04-05 17:36:00,ETNB
3.78,3.78,3.78,3.78,100,2022-04-05 17:44:00,ETNB
3.77,3.77,3.77,3.77,100,2022-04-05 17:55:00,ETNB
3.74,3.74,3.74,3.74,143,2022-04-05 18:07:00,ETNB
3.7399,3.7399,3.7399,3.7399,195,2022-04-05 18:11:00,ETNB
3.75,3.75,3.75,3.75,170,2022-04-05 18:17:00,ETNB
3.7506,3.7506,3.7506,3.7506,491,2022-04-05 18:19:00,ETNB
3.74,3.7401,3.74,3.7401,1550,2022-04-05 18:24:00,ETNB
3.75,3.75,3.75,3.75,100,2022-04-05 18:28:00,ETNB
3.74,3.74,3.73,3.73,300,2022-04-05 18:34:00,ETNB
3.7302,3.7302,3.7302,3.7302,100,2022-04-05 18:43:00,ETNB
3.73,3.73,3.73,3.73,200,2022-04-05 18:44:00,ETNB
3.7807,3.7807,3.7807,3.7807,200,2022-04-05 18:45:00,ETNB
3.755,3.755,3.755,3.755,100,2022-04-05 18:52:00,ETNB
3.7539,3.7539,3.7539,3.7539,500,2022-04-05 18:55:00,ETNB
3.76,3.76,3.75,3.75,514,2022-04-05 18:57:00,ETNB
3.73,3.73,3.73,3.73,100,2022-04-05 19:02:00,ETNB
3.73,3.73,3.73,3.73,1064,2022-04-05 19:06:00,ETNB
3.74,3.78,3.74,3.78,800,2022-04-05 19:07:00,ETNB
3.78,3.78,3.77,3.77,503,2022-04-05 19:28:00,ETNB
3.77,3.77,3.77,3.77,100,2022-04-05 19:30:00,ETNB
3.7799,3.7799,3.7799,3.7799,104,2022-04-05 19:32:00,ETNB
3.765,3.77,3.765,3.77,1100,2022-04-05 19:49:00,ETNB
3.7684,3.77,3.76,3.77,2537,2022-04-05 19:50:00,ETNB
3.755,3.76,3.755,3.76,467,2022-04-05 19:52:00,ETNB
3.755,3.755,3.755,3.755,200,2022-04-05 19:53:00,ETNB
3.76,3.76,3.75,3.75,599,2022-04-05 19:54:00,ETNB
3.745,3.745,3.745,3.745,1000,2022-04-05 19:56:00,ETNB
3.745,3.755,3.745,3.755,1900,2022-04-05 19:57:00,ETNB
3.77,3.78,3.77,3.78,899,2022-04-05 19:59:00,ETNB
3.74,3.74,3.74,3.74,2822,2022-04-05 20:00:00,ETNB
3.74,3.74,3.74,3.74,373,2022-04-05 20:01:00,ETNB
3.61,3.61,3.6,3.6,300,2022-04-06 12:35:00,ETNB
3.6,3.6,3.6,3.6,1470,2022-04-06 12:58:00,ETNB
3.64,3.64,3.64,3.64,1330,2022-04-06 13:30:00,ETNB
3.66,3.66,3.66,3.66,900,2022-04-06 13:33:00,ETNB
3.63,3.63,3.63,3.63,100,2022-04-06 13:34:00,ETNB
3.62,3.62,3.62,3.62,200,2022-04-06 13:35:00,ETNB
3.62,3.64,3.61,3.64,831,2022-04-06 13:38:00,ETNB
3.6299,3.6299,3.57,3.57,1800,2022-04-06 13:39:00,ETNB
3.5602,3.5602,3.5602,3.5602,1300,2022-04-06 13:41:00,ETNB
3.6,3.68,3.6,3.68,3200,2022-04-06 13:42:00,ETNB
3.66,3.66,3.66,3.66,100,2022-04-06 13:43:00,ETNB
3.64,3.73,3.64,3.73,2050,2022-04-06 13:48:00,ETNB
3.63,3.63,3.63,3.63,100,2022-04-06 13:49:00,ETNB
3.64,3.64,3.6302,3.6302,1031,2022-04-06 13:51:00,ETNB
3.6408,3.6526,3.6408,3.6526,786,2022-04-06 13:52:00,ETNB
3.63,3.63,3.63,3.63,964,2022-04-06 13:54:00,ETNB
3.61,3.63,3.6,3.63,3167,2022-04-06 13:56:00,ETNB
3.62,3.635,3.62,3.635,784,2022-04-06 13:58:00,ETNB
3.64,3.64,3.64,3.64,100,2022-04-06 13:59:00,ETNB
3.6399,3.6399,3.6399,3.6399,2500,2022-04-06 14:02:00,ETNB
3.625,3.625,3.625,3.625,500,2022-04-06 14:03:00,ETNB
3.55,3.55,3.55,3.55,100,2022-04-06 14:04:00,ETNB
3.59,3.59,3.59,3.59,100,2022-04-06 14:05:00,ETNB
3.56,3.56,3.56,3.56,100,2022-04-06 14:09:00,ETNB
3.58,3.58,3.58,3.58,100,2022-04-06 14:13:00,ETNB
3.59,3.59,3.59,3.59,200,2022-04-06 14:14:00,ETNB
3.6,3.6,3.6,3.6,200,2022-04-06 14:15:00,ETNB
3.6306,3.6306,3.6306,3.6306,400,2022-04-06 14:16:00,ETNB
3.64,3.64,3.64,3.64,380,2022-04-06 14:17:00,ETNB
3.6,3.6,3.6,3.6,100,2022-04-06 14:19:00,ETNB
3.64,3.65,3.64,3.65,200,2022-04-06 14:20:00,ETNB
3.59,3.59,3.59,3.59,200,2022-04-06 14:24:00,ETNB
3.57,3.57,3.57,3.57,100,2022-04-06 14:26:00,ETNB
3.58,3.58,3.58,3.58,100,2022-04-06 14:31:00,ETNB
3.58,3.58,3.58,3.58,500,2022-04-06 14:33:00,ETNB
3.585,3.585,3.585,3.585,100,2022-04-06 14:37:00,ETNB
3.59,3.6,3.59,3.6,200,2022-04-06 14:39:00,ETNB
3.61,3.63,3.61,3.62,1753,2022-04-06 14:40:00,ETNB
3.645,3.645,3.645,3.645,100,2022-04-06 14:41:00,ETNB
3.665,3.68,3.665,3.68,200,2022-04-06 14:44:00,ETNB
3.68,3.68,3.68,3.68,100,2022-04-06 14:49:00,ETNB
3.68,3.68,3.68,3.68,100,2022-04-06 14:50:00,ETNB
3.65,3.65,3.65,3.65,100,2022-04-06 14:51:00,ETNB
3.655,3.655,3.655,3.655,100,2022-04-06 14:54:00,ETNB
3.66,3.66,3.66,3.66,100,2022-04-06 14:55:00,ETNB
3.645,3.645,3.645,3.645,100,2022-04-06 14:58:00,ETNB
3.63,3.63,3.63,3.63,235,2022-04-06 15:06:00,ETNB
3.6173,3.6173,3.6173,3.6173,1000,2022-04-06 15:20:00,ETNB
3.62,3.65,3.62,3.65,1000,2022-04-06 15:22:00,ETNB
3.645,3.645,3.645,3.645,1500,2022-04-06 15:27:00,ETNB
3.63,3.63,3.63,3.63,100,2022-04-06 15:34:00,ETNB
3.625,3.64,3.625,3.6399,998,2022-04-06 15:40:00,ETNB
3.67,3.67,3.67,3.67,100,2022-04-06 15:42:00,ETNB
3.69,3.69,3.69,3.69,200,2022-04-06 15:47:00,ETNB
3.65,3.66,3.65,3.65,2999,2022-04-06 15:53:00,ETNB
3.655,3.655,3.63,3.63,200,2022-04-06 15:54:00,ETNB
3.6,3.6,3.6,3.6,100,2022-04-06 15:59:00,ETNB
3.6053,3.6053,3.6053,3.6053,104,2022-04-06 16:02:00,ETNB
3.6,3.6,3.6,3.6,100,2022-04-06 16:04:00,ETNB
3.6098,3.6098,3.6098,3.6098,400,2022-04-06 16:11:00,ETNB
3.6,3.61,3.59,3.59,400,2022-04-06 16:19:00,ETNB
3.59,3.6,3.59,3.6,400,2022-04-06 16:22:00,ETNB
3.62,3.62,3.62,3.62,300,2022-04-06 16:25:00,ETNB
3.59,3.59,3.59,3.59,100,2022-04-06 16:29:00,ETNB
3.59,3.59,3.59,3.59,100,2022-04-06 16:34:00,ETNB
3.6184,3.6184,3.59,3.59,550,2022-04-06 16:36:00,ETNB
3.62,3.62,3.62,3.62,200,2022-04-06 16:37:00,ETNB
3.64,3.64,3.63,3.63,200,2022-04-06 16:39:00,ETNB
3.63,3.63,3.63,3.63,100,2022-04-06 16:44:00,ETNB
3.6399,3.6399,3.6399,3.6399,1730,2022-04-06 16:45:00,ETNB
3.63,3.65,3.63,3.63,1057,2022-04-06 16:46:00,ETNB
3.62,3.62,3.62,3.62,100,2022-04-06 16:47:00,ETNB
3.6458,3.6458,3.6458,3.6458,125,2022-04-06 16:55:00,ETNB
3.64,3.64,3.64,3.64,100,2022-04-06 16:57:00,ETNB
3.6499,3.6499,3.645,3.645,338,2022-04-06 17:05:00,ETNB
3.63,3.63,3.63,3.63,100,2022-04-06 17:12:00,ETNB
3.65,3.65,3.64,3.64,300,2022-04-06 17:16:00,ETNB
3.624,3.624,3.624,3.624,275,2022-04-06 17:22:00,ETNB
3.61,3.65,3.61,3.65,400,2022-04-06 17:29:00,ETNB
3.65,3.68,3.65,3.65,1300,2022-04-06 17:33:00,ETNB
3.6591,3.6591,3.6591,3.6591,415,2022-04-06 17:34:00,ETNB
3.64,3.68,3.63,3.63,599,2022-04-06 17:35:00,ETNB
3.64,3.64,3.64,3.64,300,2022-04-06 17:36:00,ETNB
3.66,3.67,3.65,3.65,300,2022-04-06 17:39:00,ETNB
3.65,3.655,3.65,3.655,200,2022-04-06 17:49:00,ETNB
3.63,3.63,3.61,3.61,400,2022-04-06 17:54:00,ETNB
3.65,3.65,3.65,3.65,400,2022-04-06 17:57:00,ETNB
3.64,3.64,3.64,3.64,300,2022-04-06 18:00:00,ETNB
3.65,3.65,3.65,3.65,300,2022-04-06 18:02:00,ETNB
3.64,3.64,3.64,3.64,100,2022-04-06 18:07:00,ETNB
3.6,3.6,3.6,3.6,100,2022-04-06 18:09:00,ETNB
3.59,3.59,3.59,3.59,200,2022-04-06 18:11:00,ETNB
3.59,3.59,3.59,3.59,100,2022-04-06 18:13:00,ETNB
3.59,3.59,3.59,3.59,100,2022-04-06 18:17:00,ETNB
3.595,3.595,3.595,3.595,300,2022-04-06 18:21:00,ETNB
3.57,3.57,3.57,3.57,100,2022-04-06 18:29:00,ETNB
3.6,3.6,3.6,3.6,100,2022-04-06 18:34:00,ETNB
3.61,3.61,3.61,3.61,100,2022-04-06 18:36:00,ETNB
3.6,3.6,3.6,3.6,100,2022-04-06 18:37:00,ETNB
3.59,3.59,3.59,3.59,100,2022-04-06 18:39:00,ETNB
3.6,3.6,3.6,3.6,200,2022-04-06 18:40:00,ETNB
3.6,3.6,3.6,3.6,300,2022-04-06 18:44:00,ETNB
3.59,3.59,3.59,3.59,200,2022-04-06 18:49:00,ETNB
3.61,3.62,3.61,3.62,200,2022-04-06 18:51:00,ETNB
3.64,3.64,3.64,3.64,297,2022-04-06 18:53:00,ETNB
3.63,3.63,3.63,3.63,100,2022-04-06 18:54:00,ETNB
3.6506,3.6506,3.6506,3.6506,1350,2022-04-06 18:55:00,ETNB
3.65,3.65,3.65,3.65,200,2022-04-06 18:59:00,ETNB
3.69,3.69,3.68,3.68,600,2022-04-06 19:01:00,ETNB
3.7533,3.7533,3.7533,3.7533,500,2022-04-06 19:03:00,ETNB
3.74,3.74,3.74,3.74,100,2022-04-06 19:04:00,ETNB
3.72,3.72,3.72,3.72,300,2022-04-06 19:07:00,ETNB
3.685,3.685,3.685,3.685,101,2022-04-06 19:08:00,ETNB
3.675,3.675,3.675,3.675,100,2022-04-06 19:09:00,ETNB
3.64,3.64,3.64,3.64,100,2022-04-06 19:14:00,ETNB
3.66,3.66,3.66,3.66,400,2022-04-06 19:15:00,ETNB
3.65,3.65,3.65,3.65,100,2022-04-06 19:20:00,ETNB
3.63,3.63,3.57,3.58,8057,2022-04-06 19:24:00,ETNB
3.59,3.59,3.59,3.59,600,2022-04-06 19:26:00,ETNB
3.58,3.58,3.58,3.58,100,2022-04-06 19:27:00,ETNB
3.57,3.59,3.57,3.59,400,2022-04-06 19:29:00,ETNB
3.6,3.6,3.6,3.6,300,2022-04-06 19:32:00,ETNB
3.58,3.58,3.58,3.58,100,2022-04-06 19:34:00,ETNB
3.58,3.59,3.58,3.59,300,2022-04-06 19:35:00,ETNB
3.62,3.62,3.6,3.615,500,2022-04-06 19:37:00,ETNB
3.63,3.63,3.63,3.63,100,2022-04-06 19:39:00,ETNB
3.62,3.62,3.61,3.61,200,2022-04-06 19:41:00,ETNB
3.6173,3.6173,3.615,3.615,500,2022-04-06 19:43:00,ETNB
3.615,3.615,3.615,3.615,200,2022-04-06 19:44:00,ETNB
3.62,3.62,3.62,3.62,200,2022-04-06 19:46:00,ETNB
3.62,3.62,3.62,3.62,296,2022-04-06 19:49:00,ETNB
3.63,3.63,3.62,3.62,300,2022-04-06 19:50:00,ETNB
3.62,3.62,3.62,3.62,300,2022-04-06 19:51:00,ETNB
3.6,3.6,3.6,3.6,100,2022-04-06 19:52:00,ETNB
3.6,3.6,3.6,3.6,200,2022-04-06 19:53:00,ETNB
3.61,3.61,3.61,3.61,1600,2022-04-06 19:54:00,ETNB
3.61,3.61,3.61,3.61,2000,2022-04-06 19:55:00,ETNB
3.61,3.61,3.59,3.6099,3300,2022-04-06 19:56:00,ETNB
3.6,3.6,3.6,3.6,400,2022-04-06 19:57:00,ETNB
3.59,3.59,3.58,3.58,900,2022-04-06 19:58:00,ETNB
3.58,3.6,3.58,3.59,916,2022-04-06 19:59:00,ETNB
3.61,3.61,3.61,3.61,4064,2022-04-06 20:00:00,ETNB
3.79,3.79,3.79,3.79,100,2022-04-06 20:30:00,ETNB
3.6,3.6,3.6,3.6,873,2022-04-07 13:30:00,ETNB
3.63,3.63,3.63,3.63,207,2022-04-07 13:32:00,ETNB
3.58,3.58,3.58,3.58,244,2022-04-07 13:41:00,ETNB
3.51,3.5146,3.51,3.5146,350,2022-04-07 13:51:00,ETNB
3.51,3.5253,3.51,3.5253,200,2022-04-07 13:52:00,ETNB
3.56,3.56,3.55,3.55,300,2022-04-07 13:53:00,ETNB
3.53,3.53,3.5202,3.5202,4001,2022-04-07 13:56:00,ETNB
3.52,3.52,3.52,3.52,500,2022-04-07 13:57:00,ETNB
3.6,3.6,3.6,3.6,10220,2022-04-07 13:58:00,ETNB
3.6,3.6,3.6,3.6,250,2022-04-07 13:59:00,ETNB
3.54,3.54,3.54,3.54,100,2022-04-07 14:01:00,ETNB
3.55,3.55,3.55,3.55,300,2022-04-07 14:02:00,ETNB
3.555,3.555,3.555,3.555,100,2022-04-07 14:04:00,ETNB
3.56,3.58,3.56,3.56,3085,2022-04-07 14:06:00,ETNB
3.54,3.55,3.52,3.52,700,2022-04-07 14:07:00,ETNB
3.52,3.53,3.52,3.53,400,2022-04-07 14:08:00,ETNB
3.53,3.53,3.53,3.53,444,2022-04-07 14:09:00,ETNB
3.52,3.54,3.52,3.52,586,2022-04-07 14:10:00,ETNB
3.52,3.53,3.52,3.53,200,2022-04-07 14:12:00,ETNB
3.54,3.54,3.54,3.54,100,2022-04-07 14:13:00,ETNB
3.55,3.55,3.55,3.55,244,2022-04-07 14:21:00,ETNB
3.52,3.52,3.52,3.52,300,2022-04-07 14:22:00,ETNB
3.525,3.525,3.525,3.525,100,2022-04-07 14:24:00,ETNB
3.56,3.56,3.56,3.56,100,2022-04-07 14:25:00,ETNB
3.5688,3.5688,3.5688,3.5688,113,2022-04-07 14:26:00,ETNB
3.61,3.61,3.61,3.61,100,2022-04-07 14:27:00,ETNB
3.63,3.63,3.63,3.63,200,2022-04-07 14:35:00,ETNB
3.64,3.655,3.64,3.64,900,2022-04-07 14:36:00,ETNB
3.655,3.655,3.655,3.655,200,2022-04-07 14:37:00,ETNB
3.67,3.67,3.67,3.67,288,2022-04-07 14:38:00,ETNB
3.6441,3.66,3.6441,3.66,700,2022-04-07 14:39:00,ETNB
3.67,3.67,3.65,3.65,200,2022-04-07 14:40:00,ETNB
3.655,3.655,3.655,3.655,100,2022-04-07 14:42:00,ETNB
3.64,3.64,3.64,3.64,200,2022-04-07 14:44:00,ETNB
3.615,3.615,3.615,3.615,100,2022-04-07 14:45:00,ETNB
3.6008,3.6008,3.6,3.6,450,2022-04-07 14:46:00,ETNB
3.6026,3.6026,3.59,3.59,402,2022-04-07 14:48:00,ETNB
3.55,3.55,3.55,3.55,100,2022-04-07 14:49:00,ETNB
3.5868,3.6,3.5868,3.6,1100,2022-04-07 14:58:00,ETNB
3.62,3.62,3.62,3.62,100,2022-04-07 15:06:00,ETNB
3.61,3.62,3.605,3.605,2600,2022-04-07 15:07:00,ETNB
3.59,3.59,3.59,3.59,200,2022-04-07 15:08:00,ETNB
3.58,3.58,3.58,3.58,100,2022-04-07 15:12:00,ETNB
3.56,3.56,3.56,3.56,100,2022-04-07 15:29:00,ETNB
3.555,3.5599,3.53,3.535,824,2022-04-07 15:34:00,ETNB
3.535,3.54,3.535,3.54,600,2022-04-07 15:35:00,ETNB
3.54,3.54,3.54,3.54,100,2022-04-07 15:36:00,ETNB
3.55,3.55,3.55,3.55,200,2022-04-07 15:38:00,ETNB
3.5599,3.5599,3.55,3.55,700,2022-04-07 15:41:00,ETNB
3.55,3.55,3.55,3.55,100,2022-04-07 15:42:00,ETNB
3.54,3.54,3.54,3.54,100,2022-04-07 15:45:00,ETNB
3.53,3.53,3.53,3.53,100,2022-04-07 15:46:00,ETNB
3.55,3.56,3.55,3.56,1254,2022-04-07 15:47:00,ETNB
3.54,3.54,3.54,3.54,100,2022-04-07 15:53:00,ETNB
3.55,3.55,3.55,3.55,262,2022-04-07 15:56:00,ETNB
3.56,3.56,3.56,3.56,100,2022-04-07 15:58:00,ETNB
3.55,3.55,3.55,3.55,100,2022-04-07 16:06:00,ETNB
3.54,3.54,3.54,3.54,100,2022-04-07 16:08:00,ETNB
3.55,3.55,3.55,3.55,600,2022-04-07 16:11:00,ETNB
3.55,3.55,3.55,3.55,300,2022-04-07 16:17:00,ETNB
3.545,3.545,3.545,3.545,100,2022-04-07 16:20:00,ETNB
3.55,3.55,3.55,3.55,326,2022-04-07 16:22:00,ETNB
3.53,3.53,3.53,3.53,100,2022-04-07 16:28:00,ETNB
3.53,3.53,3.53,3.53,200,2022-04-07 16:30:00,ETNB
3.53,3.53,3.53,3.53,100,2022-04-07 16:32:00,ETNB
3.52,3.52,3.52,3.52,1999,2022-04-07 16:33:00,ETNB
3.52,3.52,3.5,3.5,6234,2022-04-07 16:34:00,ETNB
3.5,3.51,3.5,3.51,1697,2022-04-07 16:35:00,ETNB
3.49,3.49,3.49,3.49,309,2022-04-07 16:36:00,ETNB
3.49,3.4999,3.49,3.4999,404,2022-04-07 16:38:00,ETNB
3.49,3.49,3.49,3.49,456,2022-04-07 16:39:00,ETNB
3.49,3.49,3.49,3.49,200,2022-04-07 16:40:00,ETNB
3.49,3.495,3.49,3.495,300,2022-04-07 16:41:00,ETNB
3.49,3.49,3.49,3.49,300,2022-04-07 16:43:00,ETNB
3.49,3.49,3.49,3.49,3468,2022-04-07 16:45:00,ETNB
3.475,3.475,3.475,3.475,100,2022-04-07 16:47:00,ETNB
3.45,3.45,3.45,3.45,100,2022-04-07 16:49:00,ETNB
3.46,3.47,3.455,3.46,838,2022-04-07 16:50:00,ETNB
3.46,3.46,3.46,3.46,300,2022-04-07 16:51:00,ETNB
3.47,3.48,3.47,3.48,700,2022-04-07 16:52:00,ETNB
3.46,3.46,3.46,3.46,100,2022-04-07 16:54:00,ETNB
3.46,3.46,3.46,3.46,100,2022-04-07 16:56:00,ETNB
3.46,3.46,3.46,3.46,100,2022-04-07 16:57:00,ETNB
3.4899,3.4899,3.475,3.475,2700,2022-04-07 16:58:00,ETNB
3.46,3.46,3.46,3.46,100,2022-04-07 17:00:00,ETNB
3.475,3.475,3.475,3.475,2200,2022-04-07 17:01:00,ETNB
3.46,3.487,3.46,3.475,2633,2022-04-07 17:03:00,ETNB
3.46,3.46,3.46,3.46,100,2022-04-07 17:04:00,ETNB
3.475,3.475,3.475,3.475,100,2022-04-07 17:05:00,ETNB
3.46,3.46,3.46,3.46,100,2022-04-07 17:06:00,ETNB
3.465,3.465,3.465,3.465,100,2022-04-07 17:07:00,ETNB
3.46,3.46,3.46,3.46,300,2022-04-07 17:08:00,ETNB
3.465,3.465,3.465,3.465,200,2022-04-07 17:09:00,ETNB
3.465,3.465,3.46,3.465,300,2022-04-07 17:11:00,ETNB
3.475,3.48,3.475,3.48,300,2022-04-07 17:13:00,ETNB
3.4701,3.4701,3.4701,3.4701,2530,2022-04-07 17:18:00,ETNB
3.49,3.49,3.47,3.47,400,2022-04-07 17:19:00,ETNB
3.4701,3.4701,3.4701,3.4701,2565,2022-04-07 17:21:00,ETNB
3.47,3.49,3.47,3.49,400,2022-04-07 17:22:00,ETNB
3.47,3.47,3.47,3.47,100,2022-04-07 17:23:00,ETNB
3.47,3.47,3.47,3.47,100,2022-04-07 17:26:00,ETNB
3.48,3.48,3.48,3.48,300,2022-04-07 17:29:00,ETNB
3.475,3.475,3.475,3.475,200,2022-04-07 17:31:00,ETNB
3.45,3.45,3.45,3.45,100,2022-04-07 17:35:00,ETNB
3.47,3.47,3.47,3.47,100,2022-04-07 17:36:00,ETNB
3.45,3.45,3.45,3.45,100,2022-04-07 17:40:00,ETNB
3.46,3.46,3.46,3.46,100,2022-04-07 17:42:00,ETNB
3.46,3.46,3.46,3.46,2200,2022-04-07 17:44:00,ETNB
3.45,3.45,3.45,3.45,100,2022-04-07 17:46:00,ETNB
3.45,3.4594,3.45,3.455,400,2022-04-07 17:47:00,ETNB
3.455,3.455,3.455,3.455,100,2022-04-07 17:48:00,ETNB
3.455,3.46,3.45,3.45,2866,2022-04-07 17:49:00,ETNB
3.46,3.46,3.46,3.46,300,2022-04-07 17:50:00,ETNB
3.46,3.46,3.455,3.455,409,2022-04-07 17:51:00,ETNB
3.455,3.455,3.455,3.455,100,2022-04-07 17:52:00,ETNB
3.455,3.48,3.455,3.48,3500,2022-04-07 17:53:00,ETNB
3.47,3.47,3.47,3.47,100,2022-04-07 17:55:00,ETNB
3.48,3.48,3.48,3.48,1000,2022-04-07 17:56:00,ETNB
3.47,3.47,3.47,3.47,100,2022-04-07 17:57:00,ETNB
3.47,3.47,3.47,3.47,100,2022-04-07 17:58:00,ETNB
3.47,3.47,3.47,3.47,100,2022-04-07 18:00:00,ETNB
3.48,3.48,3.48,3.48,250,2022-04-07 18:03:00,ETNB
3.4791,3.4791,3.475,3.475,450,2022-04-07 18:06:00,ETNB
3.475,3.49,3.475,3.49,1000,2022-04-07 18:09:00,ETNB
3.51,3.51,3.51,3.51,200,2022-04-07 18:10:00,ETNB
3.51,3.53,3.51,3.53,1563,2022-04-07 18:26:00,ETNB
3.53,3.53,3.53,3.53,175,2022-04-07 18:33:00,ETNB
3.52,3.525,3.52,3.52,1285,2022-04-07 18:34:00,ETNB
3.48,3.5,3.48,3.5,200,2022-04-07 18:36:00,ETNB
3.505,3.505,3.505,3.505,100,2022-04-07 18:38:00,ETNB
3.5,3.5,3.5,3.5,200,2022-04-07 18:50:00,ETNB
3.5,3.5,3.49,3.49,1204,2022-04-07 18:53:00,ETNB
3.49,3.49,3.49,3.49,100,2022-04-07 18:59:00,ETNB
3.51,3.51,3.51,3.51,100,2022-04-07 19:00:00,ETNB
3.5,3.52,3.5,3.52,1902,2022-04-07 19:03:00,ETNB
3.53,3.53,3.53,3.53,100,2022-04-07 19:04:00,ETNB
3.53,3.54,3.53,3.54,200,2022-04-07 19:06:00,ETNB
3.5404,3.5404,3.5404,3.5404,289,2022-04-07 19:09:00,ETNB
3.54,3.54,3.54,3.54,100,2022-04-07 19:10:00,ETNB
3.54,3.54,3.54,3.54,100,2022-04-07 19:11:00,ETNB
3.55,3.55,3.55,3.55,200,2022-04-07 19:15:00,ETNB
3.54,3.54,3.54,3.54,125,2022-04-07 19:16:00,ETNB
3.541,3.541,3.53,3.53,3574,2022-04-07 19:17:00,ETNB
3.52,3.52,3.52,3.52,100,2022-04-07 19:20:00,ETNB
3.53,3.54,3.53,3.535,1500,2022-04-07 19:21:00,ETNB
3.52,3.52,3.52,3.52,100,2022-04-07 19:24:00,ETNB
3.535,3.535,3.535,3.535,100,2022-04-07 19:25:00,ETNB
3.53,3.53,3.53,3.53,300,2022-04-07 19:30:00,ETNB
3.53,3.53,3.53,3.53,100,2022-04-07 19:31:00,ETNB
3.52,3.52,3.52,3.52,300,2022-04-07 19:32:00,ETNB
3.51,3.51,3.44,3.44,20488,2022-04-07 19:34:00,ETNB
3.455,3.47,3.455,3.47,900,2022-04-07 19:35:00,ETNB
3.475,3.475,3.475,3.475,100,2022-04-07 19:36:00,ETNB
3.48,3.48,3.48,3.48,200,2022-04-07 19:38:00,ETNB
3.49,3.49,3.49,3.49,100,2022-04-07 19:40:00,ETNB
3.5,3.5,3.48,3.48,900,2022-04-07 19:41:00,ETNB
3.48,3.48,3.48,3.48,100,2022-04-07 19:42:00,ETNB
3.49,3.49,3.49,3.49,100,2022-04-07 19:43:00,ETNB
3.49,3.49,3.49,3.49,100,2022-04-07 19:44:00,ETNB
3.49,3.49,3.49,3.49,200,2022-04-07 19:45:00,ETNB
3.49,3.49,3.49,3.49,222,2022-04-07 19:46:00,ETNB
3.48,3.49,3.48,3.49,200,2022-04-07 19:47:00,ETNB
3.48,3.489,3.48,3.489,400,2022-04-07 19:48:00,ETNB
3.485,3.5,3.485,3.49,600,2022-04-07 19:49:00,ETNB
3.46,3.46,3.46,3.46,100,2022-04-07 19:50:00,ETNB
3.46,3.47,3.46,3.46,700,2022-04-07 19:51:00,ETNB
3.46,3.46,3.46,3.46,100,2022-04-07 19:52:00,ETNB
3.47,3.47,3.47,3.47,300,2022-04-07 19:54:00,ETNB
3.47,3.47,3.46,3.46,200,2022-04-07 19:55:00,ETNB
3.46,3.465,3.46,3.46,300,2022-04-07 19:56:00,ETNB
3.46,3.46,3.44,3.44,400,2022-04-07 19:57:00,ETNB
3.44,3.45,3.43,3.44,1977,2022-04-07 19:58:00,ETNB
3.44,3.45,3.41,3.41,4838,2022-04-07 19:59:00,ETNB
3.44,3.44,3.44,3.44,3267,2022-04-07 20:00:00,ETNB
3.44,3.44,3.44,3.44,149,2022-04-07 20:01:00,ETNB
3.41,3.49,3.41,3.41,2676,2022-04-08 13:30:00,ETNB
3.36,3.36,3.36,3.36,100,2022-04-08 13:31:00,ETNB
3.36,3.36,3.36,3.36,100,2022-04-08 13:32:00,ETNB
3.36,3.36,3.36,3.36,4918,2022-04-08 13:34:00,ETNB
3.32,3.32,3.31,3.31,300,2022-04-08 13:35:00,ETNB
3.31,3.31,3.31,3.31,100,2022-04-08 13:36:00,ETNB
3.32,3.32,3.3,3.3,600,2022-04-08 13:37:00,ETNB
3.25,3.25,3.25,3.25,2312,2022-04-08 13:38:00,ETNB
3.2,3.2122,3.2,3.2122,3538,2022-04-08 13:39:00,ETNB
3.2,3.2,3.2,3.2,296,2022-04-08 13:40:00,ETNB
3.2125,3.2125,3.2125,3.2125,100,2022-04-08 13:41:00,ETNB
3.22,3.22,3.22,3.22,1814,2022-04-08 13:42:00,ETNB
3.23,3.23,3.23,3.23,100,2022-04-08 13:44:00,ETNB
3.2396,3.28,3.2312,3.25,5036,2022-04-08 13:46:00,ETNB
3.2638,3.2638,3.25,3.25,880,2022-04-08 13:50:00,ETNB
3.25,3.25,3.25,3.25,600,2022-04-08 13:51:00,ETNB
3.25,3.25,3.25,3.25,600,2022-04-08 13:52:00,ETNB
3.25,3.25,3.25,3.25,200,2022-04-08 13:53:00,ETNB
3.25,3.25,3.25,3.25,800,2022-04-08 13:54:00,ETNB
3.25,3.25,3.25,3.25,100,2022-04-08 13:55:00,ETNB
3.25,3.25,3.25,3.25,100,2022-04-08 13:56:00,ETNB
3.235,3.235,3.235,3.235,100,2022-04-08 14:03:00,ETNB
3.235,3.235,3.235,3.235,100,2022-04-08 14:05:00,ETNB
3.235,3.235,3.235,3.235,198,2022-04-08 14:06:00,ETNB
3.24,3.24,3.24,3.24,1520,2022-04-08 14:07:00,ETNB
3.24,3.24,3.24,3.24,279,2022-04-08 14:08:00,ETNB
3.23,3.23,3.23,3.23,100,2022-04-08 14:12:00,ETNB
3.225,3.2395,3.225,3.2395,5300,2022-04-08 14:14:00,ETNB
3.2281,3.2281,3.2281,3.2281,475,2022-04-08 14:15:00,ETNB
3.2378,3.24,3.235,3.235,3596,2022-04-08 14:17:00,ETNB
3.2398,3.265,3.2398,3.265,3708,2022-04-08 14:18:00,ETNB
3.2541,3.2541,3.2541,3.2541,400,2022-04-08 14:25:00,ETNB
3.27,3.27,3.27,3.27,100,2022-04-08 14:26:00,ETNB
3.29,3.29,3.29,3.29,100,2022-04-08 14:28:00,ETNB
3.31,3.31,3.31,3.31,100,2022-04-08 14:37:00,ETNB
3.295,3.295,3.27,3.27,640,2022-04-08 14:39:00,ETNB
3.28,3.28,3.28,3.28,300,2022-04-08 14:41:00,ETNB
3.265,3.265,3.265,3.265,100,2022-04-08 14:42:00,ETNB
3.27,3.29,3.27,3.29,1538,2022-04-08 14:45:00,ETNB
3.3,3.3,3.26,3.26,1280,2022-04-08 14:46:00,ETNB
3.26,3.308,3.26,3.308,2151,2022-04-08 14:47:00,ETNB
3.26,3.26,3.26,3.26,200,2022-04-08 14:48:00,ETNB
3.27,3.3063,3.27,3.3063,365,2022-04-08 14:49:00,ETNB
3.285,3.285,3.2601,3.2601,1326,2022-04-08 14:51:00,ETNB
3.26,3.2602,3.26,3.2602,1850,2022-04-08 14:52:00,ETNB
3.26,3.285,3.26,3.26,400,2022-04-08 14:53:00,ETNB
3.3054,3.3054,3.285,3.285,626,2022-04-08 14:54:00,ETNB
3.26,3.26,3.26,3.26,100,2022-04-08 14:55:00,ETNB
3.26,3.26,3.26,3.26,100,2022-04-08 14:56:00,ETNB
3.2821,3.2821,3.2821,3.2821,200,2022-04-08 14:59:00,ETNB
3.285,3.285,3.285,3.285,123,2022-04-08 15:02:00,ETNB
3.3042,3.3042,3.3042,3.3042,200,2022-04-08 15:04:00,ETNB
3.285,3.285,3.285,3.285,100,2022-04-08 15:06:00,ETNB
3.285,3.285,3.285,3.285,100,2022-04-08 15:07:00,ETNB
3.29,3.31,3.29,3.31,200,2022-04-08 15:08:00,ETNB
3.31,3.31,3.31,3.31,121,2022-04-08 15:09:00,ETNB
3.34,3.34,3.34,3.34,100,2022-04-08 15:12:00,ETNB
3.345,3.345,3.345,3.345,121,2022-04-08 15:17:00,ETNB
3.335,3.335,3.335,3.335,122,2022-04-08 15:24:00,ETNB
3.335,3.35,3.335,3.335,2410,2022-04-08 15:25:00,ETNB
3.34,3.34,3.34,3.34,100,2022-04-08 15:26:00,ETNB
3.32,3.32,3.32,3.32,100,2022-04-08 15:27:00,ETNB
3.335,3.335,3.335,3.335,100,2022-04-08 15:35:00,ETNB
3.32,3.32,3.32,3.32,100,2022-04-08 15:39:00,ETNB
3.31,3.31,3.29,3.29,400,2022-04-08 15:42:00,ETNB
3.29,3.29,3.29,3.29,200,2022-04-08 15:43:00,ETNB
3.33,3.345,3.33,3.345,600,2022-04-08 15:53:00,ETNB
3.34,3.34,3.34,3.34,100,2022-04-08 15:54:00,ETNB
3.36,3.4,3.36,3.4,500,2022-04-08 15:59:00,ETNB
3.4,3.4,3.4,3.4,648,2022-04-08 16:16:00,ETNB
3.4,3.4,3.4,3.4,100,2022-04-08 16:19:00,ETNB
3.41,3.41,3.4,3.4,215,2022-04-08 16:23:00,ETNB
3.355,3.355,3.355,3.355,100,2022-04-08 16:24:00,ETNB
3.33,3.33,3.33,3.33,100,2022-04-08 16:29:00,ETNB
3.36,3.36,3.36,3.36,300,2022-04-08 16:34:00,ETNB
3.32,3.32,3.32,3.32,100,2022-04-08 16:39:00,ETNB
3.3,3.3,3.3,3.3,100,2022-04-08 16:47:00,ETNB
3.325,3.325,3.325,3.325,100,2022-04-08 16:54:00,ETNB
3.33,3.33,3.33,3.33,300,2022-04-08 16:58:00,ETNB
3.33,3.33,3.31,3.31,200,2022-04-08 17:02:00,ETNB
3.34,3.34,3.34,3.34,100,2022-04-08 17:06:00,ETNB
3.29,3.29,3.29,3.29,100,2022-04-08 17:08:00,ETNB
3.33,3.34,3.33,3.34,468,2022-04-08 17:10:00,ETNB
3.33,3.33,3.33,3.33,100,2022-04-08 17:16:00,ETNB
3.34,3.34,3.34,3.34,100,2022-04-08 17:24:00,ETNB
3.32,3.32,3.32,3.32,200,2022-04-08 17:26:00,ETNB
3.34,3.35,3.34,3.35,246,2022-04-08 17:34:00,ETNB
3.325,3.325,3.325,3.325,100,2022-04-08 17:35:00,ETNB
3.355,3.355,3.355,3.355,100,2022-04-08 17:42:00,ETNB
3.325,3.325,3.325,3.325,200,2022-04-08 17:53:00,ETNB
3.3384,3.3384,3.3384,3.3384,1050,2022-04-08 18:01:00,ETNB
3.32,3.32,3.32,3.32,100,2022-04-08 18:04:00,ETNB
3.29,3.29,3.29,3.29,100,2022-04-08 18:07:00,ETNB
3.29,3.29,3.29,3.29,100,2022-04-08 18:15:00,ETNB
3.32,3.32,3.32,3.32,100,2022-04-08 18:16:00,ETNB
3.315,3.315,3.315,3.315,100,2022-04-08 18:27:00,ETNB
3.3,3.3,3.3,3.3,100,2022-04-08 18:40:00,ETNB
3.29,3.29,3.29,3.29,100,2022-04-08 18:42:00,ETNB
3.2935,3.2935,3.2935,3.2935,100,2022-04-08 18:47:00,ETNB
3.28,3.28,3.28,3.28,100,2022-04-08 18:51:00,ETNB
3.2998,3.2998,3.295,3.295,2100,2022-04-08 18:53:00,ETNB
3.31,3.31,3.3,3.3,300,2022-04-08 18:55:00,ETNB
3.3196,3.3196,3.3196,3.3196,900,2022-04-08 19:00:00,ETNB
3.3,3.3182,3.3,3.3143,750,2022-04-08 19:03:00,ETNB
3.33,3.33,3.32,3.32,600,2022-04-08 19:04:00,ETNB
3.3465,3.3465,3.3361,3.3361,1525,2022-04-08 19:06:00,ETNB
3.335,3.335,3.335,3.335,100,2022-04-08 19:09:00,ETNB
3.35,3.36,3.344,3.344,2225,2022-04-08 19:10:00,ETNB
3.4289,3.4289,3.4289,3.4289,450,2022-04-08 19:11:00,ETNB
3.36,3.36,3.36,3.36,200,2022-04-08 19:12:00,ETNB
3.36,3.36,3.36,3.36,100,2022-04-08 19:14:00,ETNB
3.3999,3.3999,3.3999,3.3999,100,2022-04-08 19:15:00,ETNB
3.3872,3.3872,3.36,3.3866,1900,2022-04-08 19:16:00,ETNB
3.37,3.37,3.37,3.37,100,2022-04-08 19:18:00,ETNB
3.36,3.38,3.36,3.38,200,2022-04-08 19:19:00,ETNB
3.36,3.38,3.36,3.36,400,2022-04-08 19:21:00,ETNB
3.36,3.365,3.36,3.36,800,2022-04-08 19:23:00,ETNB
3.365,3.365,3.365,3.365,100,2022-04-08 19:24:00,ETNB
3.365,3.365,3.365,3.365,100,2022-04-08 19:25:00,ETNB
3.365,3.365,3.365,3.365,300,2022-04-08 19:26:00,ETNB
3.36,3.36,3.36,3.36,100,2022-04-08 19:27:00,ETNB
3.36,3.36,3.355,3.355,350,2022-04-08 19:28:00,ETNB
3.36,3.36,3.36,3.36,200,2022-04-08 19:29:00,ETNB
3.37,3.37,3.37,3.37,150,2022-04-08 19:30:00,ETNB
3.37,3.3898,3.35,3.35,1549,2022-04-08 19:31:00,ETNB
3.35,3.35,3.35,3.35,100,2022-04-08 19:32:00,ETNB
3.34,3.34,3.34,3.34,100,2022-04-08 19:33:00,ETNB
3.33,3.33,3.33,3.33,200,2022-04-08 19:35:00,ETNB
3.34,3.34,3.34,3.34,100,2022-04-08 19:37:00,ETNB
3.34,3.34,3.34,3.34,100,2022-04-08 19:40:00,ETNB
3.34,3.34,3.34,3.34,200,2022-04-08 19:42:00,ETNB
3.34,3.34,3.335,3.34,400,2022-04-08 19:44:00,ETNB
3.345,3.345,3.33,3.33,200,2022-04-08 19:47:00,ETNB
3.33,3.34,3.33,3.34,200,2022-04-08 19:49:00,ETNB
3.33,3.35,3.33,3.34,1100,2022-04-08 19:50:00,ETNB
3.345,3.345,3.34,3.34,874,2022-04-08 19:51:00,ETNB
3.32,3.33,3.32,3.33,200,2022-04-08 19:52:00,ETNB
3.33,3.37,3.33,3.35,8438,2022-04-08 19:53:00,ETNB
3.345,3.35,3.345,3.35,300,2022-04-08 19:54:00,ETNB
3.33,3.345,3.33,3.345,300,2022-04-08 19:55:00,ETNB
3.33,3.345,3.33,3.345,683,2022-04-08 19:56:00,ETNB
3.33,3.345,3.33,3.345,500,2022-04-08 19:57:00,ETNB
3.345,3.35,3.34,3.35,800,2022-04-08 19:58:00,ETNB
3.33,3.35,3.31,3.31,2361,2022-04-08 19:59:00,ETNB
3.33,3.33,3.33,3.33,3245,2022-04-08 20:00:00,ETNB
3.3,3.3,3.29,3.29,864,2022-04-11 13:30:00,ETNB
3.3,3.3,3.3,3.3,793,2022-04-11 13:32:00,ETNB
3.28,3.28,3.28,3.28,200,2022-04-11 13:33:00,ETNB
3.2961,3.2961,3.28,3.28,800,2022-04-11 13:34:00,ETNB
3.26,3.27,3.23,3.23,3660,2022-04-11 13:35:00,ETNB
3.24,3.24,3.24,3.24,200,2022-04-11 13:37:00,ETNB
3.255,3.255,3.24,3.24,750,2022-04-11 13:40:00,ETNB
3.26,3.3196,3.24,3.3196,3265,2022-04-11 13:42:00,ETNB
3.28,3.2809,3.28,3.28,1300,2022-04-11 13:45:00,ETNB
3.29,3.29,3.29,3.29,200,2022-04-11 13:48:00,ETNB
3.3,3.3,3.3,3.3,163,2022-04-11 13:52:00,ETNB
3.31,3.31,3.31,3.31,199,2022-04-11 13:56:00,ETNB
3.3,3.34,3.3,3.34,1013,2022-04-11 13:58:00,ETNB
3.3213,3.3213,3.3213,3.3213,125,2022-04-11 13:59:00,ETNB
3.38,3.38,3.38,3.38,200,2022-04-11 14:00:00,ETNB
3.4,3.41,3.4,3.41,2624,2022-04-11 14:04:00,ETNB
3.39,3.39,3.39,3.39,292,2022-04-11 14:05:00,ETNB
3.41,3.41,3.41,3.41,189,2022-04-11 14:08:00,ETNB
3.376,3.376,3.376,3.376,118,2022-04-11 14:10:00,ETNB
3.39,3.39,3.39,3.39,200,2022-04-11 14:11:00,ETNB
3.38,3.38,3.38,3.38,199,2022-04-11 14:15:00,ETNB
3.3572,3.3572,3.3572,3.3572,185,2022-04-11 14:18:00,ETNB
3.325,3.325,3.325,3.325,100,2022-04-11 14:31:00,ETNB
3.33,3.33,3.33,3.33,497,2022-04-11 14:38:00,ETNB
3.3014,3.3014,3.3014,3.3014,689,2022-04-11 14:44:00,ETNB
3.34,3.34,3.34,3.34,100,2022-04-11 14:49:00,ETNB
3.34,3.34,3.34,3.34,100,2022-04-11 14:51:00,ETNB
3.34,3.4,3.34,3.36,3832,2022-04-11 15:05:00,ETNB
3.4,3.4,3.4,3.4,245,2022-04-11 15:23:00,ETNB
3.42,3.42,3.42,3.42,100,2022-04-11 15:27:00,ETNB
3.4445,3.4445,3.4445,3.4445,500,2022-04-11 15:37:00,ETNB
3.44,3.44,3.44,3.44,199,2022-04-11 15:53:00,ETNB
3.29,3.3,3.29,3.3,200,2022-04-11 16:22:00,ETNB
3.3,3.3,3.3,3.3,300,2022-04-11 16:55:00,ETNB
3.345,3.36,3.345,3.36,1424,2022-04-11 17:17:00,ETNB
3.31,3.31,3.31,3.31,100,2022-04-11 17:25:00,ETNB
3.35,3.35,3.35,3.35,100,2022-04-11 17:32:00,ETNB
3.32,3.32,3.32,3.32,100,2022-04-11 17:45:00,ETNB
3.3206,3.322,3.3206,3.322,700,2022-04-11 17:47:00,ETNB
3.34,3.34,3.34,3.34,100,2022-04-11 17:56:00,ETNB
3.36,3.37,3.34,3.34,837,2022-04-11 18:07:00,ETNB
3.382,3.382,3.382,3.382,1850,2022-04-11 18:11:00,ETNB
3.375,3.375,3.34,3.34,217,2022-04-11 18:12:00,ETNB
3.34,3.34,3.3,3.3,360,2022-04-11 18:16:00,ETNB
3.36,3.36,3.36,3.36,1087,2022-04-11 18:17:00,ETNB
3.32,3.32,3.31,3.31,500,2022-04-11 18:19:00,ETNB
3.315,3.315,3.315,3.315,417,2022-04-11 18:20:00,ETNB
3.3631,3.3631,3.3631,3.3631,1000,2022-04-11 18:21:00,ETNB
3.3799,3.3799,3.3799,3.3799,500,2022-04-11 18:23:00,ETNB
3.355,3.355,3.32,3.325,2199,2022-04-11 18:28:00,ETNB
3.28,3.28,3.28,3.28,200,2022-04-11 18:29:00,ETNB
3.29,3.31,3.29,3.31,500,2022-04-11 18:30:00,ETNB
3.32,3.32,3.32,3.32,100,2022-04-11 18:32:00,ETNB
3.325,3.325,3.325,3.325,100,2022-04-11 18:36:00,ETNB
3.3,3.3,3.3,3.3,100,2022-04-11 18:38:00,ETNB
3.3,3.3,3.3,3.3,100,2022-04-11 18:39:00,ETNB
3.3,3.3,3.3,3.3,100,2022-04-11 18:41:00,ETNB
3.3,3.3,3.3,3.3,100,2022-04-11 18:42:00,ETNB
3.31,3.31,3.31,3.31,100,2022-04-11 18:43:00,ETNB
3.31,3.31,3.31,3.31,100,2022-04-11 18:46:00,ETNB
3.32,3.34,3.32,3.34,501,2022-04-11 18:48:00,ETNB
3.34,3.35,3.34,3.35,200,2022-04-11 18:50:00,ETNB
3.39,3.39,3.39,3.39,200,2022-04-11 18:51:00,ETNB
3.34,3.34,3.34,3.34,200,2022-04-11 18:59:00,ETNB
3.34,3.34,3.34,3.34,200,2022-04-11 19:01:00,ETNB
3.35,3.35,3.35,3.35,500,2022-04-11 19:07:00,ETNB
3.35,3.35,3.35,3.35,100,2022-04-11 19:09:00,ETNB
3.35,3.35,3.35,3.35,200,2022-04-11 19:15:00,ETNB
3.35,3.35,3.35,3.35,300,2022-04-11 19:16:00,ETNB
3.34,3.34,3.34,3.34,300,2022-04-11 19:20:00,ETNB
3.34,3.37,3.34,3.37,1100,2022-04-11 19:22:00,ETNB
3.35,3.35,3.35,3.35,100,2022-04-11 19:30:00,ETNB
3.3895,3.3895,3.3895,3.3895,298,2022-04-11 19:34:00,ETNB
3.35,3.35,3.35,3.35,500,2022-04-11 19:37:00,ETNB
3.34,3.34,3.34,3.34,300,2022-04-11 19:38:00,ETNB
3.31,3.31,3.31,3.31,1038,2022-04-11 19:39:00,ETNB
3.32,3.32,3.32,3.32,100,2022-04-11 19:41:00,ETNB
3.3,3.315,3.28,3.315,500,2022-04-11 19:43:00,ETNB
3.32,3.32,3.32,3.32,200,2022-04-11 19:47:00,ETNB
3.31,3.32,3.3,3.32,1200,2022-04-11 19:50:00,ETNB
3.31,3.31,3.3,3.3,4834,2022-04-11 19:52:00,ETNB
3.305,3.305,3.3,3.3,944,2022-04-11 19:53:00,ETNB
3.305,3.315,3.305,3.315,500,2022-04-11 19:54:00,ETNB
3.3,3.315,3.3,3.315,300,2022-04-11 19:56:00,ETNB
3.32,3.32,3.29,3.3,1504,2022-04-11 19:58:00,ETNB
3.29,3.29,3.28,3.29,334,2022-04-11 19:59:00,ETNB
3.3,3.3,3.3,3.3,3139,2022-04-11 20:00:00,ETNB
3.35,3.35,3.26,3.31,2418,2022-04-12 13:30:00,ETNB
3.3,3.3,3.2913,3.2913,1184,2022-04-12 13:38:00,ETNB
3.3,3.3,3.28,3.29,844,2022-04-12 13:44:00,ETNB
3.24,3.24,3.23,3.23,911,2022-04-12 13:45:00,ETNB
3.24,3.24,3.24,3.24,300,2022-04-12 13:48:00,ETNB
3.23,3.23,3.23,3.23,475,2022-04-12 13:49:00,ETNB
3.23,3.23,3.23,3.23,300,2022-04-12 13:51:00,ETNB
3.23,3.2301,3.23,3.2301,2600,2022-04-12 13:52:00,ETNB
3.24,3.25,3.24,3.25,600,2022-04-12 13:55:00,ETNB
3.29,3.29,3.29,3.29,200,2022-04-12 13:58:00,ETNB
3.3,3.3,3.3,3.3,500,2022-04-12 14:00:00,ETNB
3.3,3.3,3.3,3.3,100,2022-04-12 14:04:00,ETNB
3.31,3.31,3.31,3.31,100,2022-04-12 14:05:00,ETNB
3.3186,3.3199,3.3186,3.3199,750,2022-04-12 14:08:00,ETNB
3.3257,3.3257,3.32,3.32,675,2022-04-12 14:09:00,ETNB
3.28,3.28,3.28,3.28,320,2022-04-12 14:10:00,ETNB
3.31,3.31,3.31,3.31,200,2022-04-12 14:11:00,ETNB
3.29,3.29,3.29,3.29,404,2022-04-12 14:23:00,ETNB
3.26,3.26,3.26,3.26,100,2022-04-12 14:31:00,ETNB
3.23,3.23,3.23,3.23,100,2022-04-12 14:33:00,ETNB
3.24,3.245,3.24,3.245,200,2022-04-12 14:35:00,ETNB
3.2599,3.2599,3.2599,3.2599,3000,2022-04-12 14:37:00,ETNB
3.26,3.26,3.26,3.26,100,2022-04-12 14:39:00,ETNB
3.26,3.2896,3.26,3.2786,2100,2022-04-12 14:40:00,ETNB
3.29,3.29,3.29,3.29,100,2022-04-12 14:45:00,ETNB
3.27,3.27,3.27,3.27,100,2022-04-12 14:46:00,ETNB
3.26,3.26,3.26,3.26,1782,2022-04-12 14:50:00,ETNB
3.27,3.27,3.27,3.27,100,2022-04-12 14:54:00,ETNB
3.26,3.26,3.26,3.26,200,2022-04-12 15:11:00,ETNB
3.285,3.32,3.285,3.32,380,2022-04-12 15:14:00,ETNB
3.3,3.3,3.3,3.3,500,2022-04-12 15:24:00,ETNB
3.28,3.3257,3.28,3.3257,200,2022-04-12 15:25:00,ETNB
3.29,3.29,3.29,3.29,100,2022-04-12 15:38:00,ETNB
3.3199,3.3199,3.3199,3.3199,285,2022-04-12 15:40:00,ETNB
3.29,3.29,3.29,3.29,100,2022-04-12 15:48:00,ETNB
3.29,3.29,3.29,3.29,100,2022-04-12 15:54:00,ETNB
3.27,3.27,3.27,3.27,100,2022-04-12 16:02:00,ETNB
3.26,3.26,3.26,3.26,200,2022-04-12 16:03:00,ETNB
3.25,3.25,3.25,3.25,199,2022-04-12 16:05:00,ETNB
3.24,3.24,3.24,3.24,788,2022-04-12 16:11:00,ETNB
3.26,3.26,3.26,3.26,983,2022-04-12 16:23:00,ETNB
3.24,3.24,3.24,3.24,223,2022-04-12 16:24:00,ETNB
3.24,3.24,3.24,3.24,523,2022-04-12 16:25:00,ETNB
3.23,3.23,3.23,3.23,100,2022-04-12 16:36:00,ETNB
3.23,3.23,3.23,3.23,519,2022-04-12 16:39:00,ETNB
3.22,3.22,3.22,3.22,200,2022-04-12 16:40:00,ETNB
3.23,3.23,3.23,3.23,100,2022-04-12 16:50:00,ETNB
3.22,3.22,3.22,3.22,100,2022-04-12 16:56:00,ETNB
3.225,3.225,3.225,3.225,400,2022-04-12 17:11:00,ETNB
3.22,3.22,3.22,3.22,200,2022-04-12 17:13:00,ETNB
3.21,3.21,3.21,3.21,100,2022-04-12 17:15:00,ETNB
3.21,3.21,3.21,3.21,100,2022-04-12 17:17:00,ETNB
3.2163,3.2163,3.2163,3.2163,300,2022-04-12 17:19:00,ETNB
3.23,3.23,3.23,3.23,380,2022-04-12 17:20:00,ETNB
3.24,3.25,3.2373,3.25,1681,2022-04-12 17:21:00,ETNB
3.235,3.235,3.235,3.235,200,2022-04-12 17:25:00,ETNB
3.2203,3.2203,3.2203,3.2203,2000,2022-04-12 17:47:00,ETNB
3.21,3.21,3.21,3.21,200,2022-04-12 17:59:00,ETNB
3.2282,3.23,3.2282,3.23,409,2022-04-12 18:03:00,ETNB
3.225,3.225,3.225,3.225,500,2022-04-12 18:11:00,ETNB
3.23,3.23,3.23,3.23,205,2022-04-12 18:27:00,ETNB
3.19,3.19,3.19,3.19,173,2022-04-12 18:28:00,ETNB
3.195,3.195,3.195,3.195,100,2022-04-12 18:33:00,ETNB
3.21,3.22,3.19,3.2098,1456,2022-04-12 18:37:00,ETNB
3.17,3.17,3.17,3.17,100,2022-04-12 18:41:00,ETNB
3.21,3.21,3.21,3.21,100,2022-04-12 18:46:00,ETNB
3.245,3.245,3.245,3.245,100,2022-04-12 18:49:00,ETNB
3.21,3.21,3.21,3.21,200,2022-04-12 18:57:00,ETNB
3.2298,3.23,3.2298,3.23,1518,2022-04-12 18:58:00,ETNB
3.21,3.21,3.2,3.2,400,2022-04-12 19:00:00,ETNB
3.225,3.225,3.225,3.225,200,2022-04-12 19:04:00,ETNB
3.205,3.205,3.205,3.205,131,2022-04-12 19:08:00,ETNB
3.205,3.22,3.205,3.22,1400,2022-04-12 19:09:00,ETNB
3.21,3.22,3.21,3.2198,2127,2022-04-12 19:11:00,ETNB
3.23,3.23,3.23,3.23,200,2022-04-12 19:12:00,ETNB
3.23,3.23,3.23,3.23,100,2022-04-12 19:13:00,ETNB
3.23,3.23,3.23,3.23,200,2022-04-12 19:16:00,ETNB
3.23,3.23,3.23,3.23,173,2022-04-12 19:26:00,ETNB
3.215,3.215,3.215,3.215,100,2022-04-12 19:31:00,ETNB
3.22,3.23,3.22,3.23,200,2022-04-12 19:33:00,ETNB
3.22,3.22,3.22,3.22,300,2022-04-12 19:36:00,ETNB
3.22,3.22,3.22,3.22,100,2022-04-12 19:38:00,ETNB
3.24,3.24,3.24,3.24,100,2022-04-12 19:44:00,ETNB
3.24,3.24,3.23,3.23,400,2022-04-12 19:46:00,ETNB
3.23,3.23,3.23,3.23,100,2022-04-12 19:47:00,ETNB
3.23,3.23,3.23,3.23,100,2022-04-12 19:48:00,ETNB
3.25,3.25,3.23,3.23,591,2022-04-12 19:50:00,ETNB
3.23,3.23,3.19,3.2,6492,2022-04-12 19:54:00,ETNB
3.19,3.2,3.19,3.2,559,2022-04-12 19:55:00,ETNB
3.2,3.2,3.2,3.2,200,2022-04-12 19:56:00,ETNB
3.2,3.2,3.2,3.2,200,2022-04-12 19:57:00,ETNB
3.19,3.2,3.19,3.19,706,2022-04-12 19:58:00,ETNB
3.205,3.208,3.19,3.2,1677,2022-04-12 19:59:00,ETNB
3.2,3.2,3.2,3.2,2956,2022-04-12 20:00:00,ETNB
3.3,3.3,3.3,3.3,100,2022-04-13 13:02:00,ETNB
3.23,3.23,3.23,3.23,577,2022-04-13 13:30:00,ETNB
3.22,3.22,3.22,3.22,100,2022-04-13 13:37:00,ETNB
3.23,3.23,3.23,3.23,225,2022-04-13 13:39:00,ETNB
3.205,3.205,3.2,3.2,3160,2022-04-13 13:44:00,ETNB
3.16,3.165,3.16,3.165,200,2022-04-13 13:45:00,ETNB
3.22,3.22,3.22,3.22,100,2022-04-13 13:50:00,ETNB
3.21,3.21,3.21,3.21,200,2022-04-13 13:54:00,ETNB
3.2499,3.2499,3.2499,3.2499,2500,2022-04-13 13:55:00,ETNB
3.25,3.25,3.25,3.25,100,2022-04-13 13:57:00,ETNB
3.2728,3.2728,3.2728,3.2728,100,2022-04-13 13:58:00,ETNB
3.3,3.3,3.3,3.3,235,2022-04-13 14:01:00,ETNB
3.27,3.27,3.27,3.27,100,2022-04-13 14:03:00,ETNB
3.28,3.28,3.28,3.28,100,2022-04-13 14:04:00,ETNB
3.28,3.2802,3.28,3.28,2769,2022-04-13 14:15:00,ETNB
3.28,3.29,3.225,3.25,600,2022-04-13 14:16:00,ETNB
3.25,3.25,3.25,3.25,100,2022-04-13 14:17:00,ETNB
3.27,3.27,3.27,3.27,24800,2022-04-13 14:18:00,ETNB
3.27,3.28,3.25,3.25,300,2022-04-13 14:19:00,ETNB
3.25,3.25,3.25,3.25,2210,2022-04-13 14:21:00,ETNB
3.23,3.23,3.21,3.21,692,2022-04-13 14:23:00,ETNB
3.21,3.21,3.21,3.21,100,2022-04-13 14:25:00,ETNB
3.2204,3.2204,3.2,3.22,2190,2022-04-13 14:28:00,ETNB
3.175,3.19,3.175,3.19,700,2022-04-13 14:31:00,ETNB
3.185,3.19,3.17,3.17,50200,2022-04-13 14:32:00,ETNB
3.19,3.2,3.19,3.2,300,2022-04-13 14:33:00,ETNB
3.2,3.2,3.18,3.18,10322,2022-04-13 14:34:00,ETNB
3.17,3.17,3.17,3.17,100,2022-04-13 14:36:00,ETNB
3.18,3.18,3.18,3.18,100,2022-04-13 14:38:00,ETNB
3.17,3.18,3.17,3.18,3952,2022-04-13 14:44:00,ETNB
3.17,3.17,3.16,3.16,200,2022-04-13 14:45:00,ETNB
3.18,3.2,3.18,3.195,7004,2022-04-13 14:46:00,ETNB
3.19,3.19,3.18,3.19,1200,2022-04-13 14:47:00,ETNB
3.1909,3.1909,3.18,3.18,1600,2022-04-13 14:48:00,ETNB
3.185,3.19,3.185,3.19,400,2022-04-13 14:49:00,ETNB
3.18,3.19,3.16,3.19,6900,2022-04-13 14:50:00,ETNB
3.175,3.19,3.17,3.19,2843,2022-04-13 14:51:00,ETNB
3.18,3.19,3.18,3.19,200,2022-04-13 14:53:00,ETNB
3.18,3.18,3.16,3.165,5785,2022-04-13 14:59:00,ETNB
3.13,3.13,3.08,3.08,4899,2022-04-13 15:02:00,ETNB
3.07,3.1,3.07,3.1,600,2022-04-13 15:04:00,ETNB
3.1,3.1,3.1,3.1,200,2022-04-13 15:05:00,ETNB
3.1,3.1,3.1,3.1,75100,2022-04-13 15:06:00,ETNB
3.08,3.08,3.08,3.08,100,2022-04-13 15:07:00,ETNB
3.08,3.08,3.08,3.08,100,2022-04-13 15:09:00,ETNB
3.0986,3.1,3.0979,3.1,916,2022-04-13 15:10:00,ETNB
3.1,3.1,3.1,3.1,100,2022-04-13 15:13:00,ETNB
3.11,3.11,3.11,3.11,100,2022-04-13 15:16:00,ETNB
3.13,3.16,3.1299,3.16,1900,2022-04-13 15:24:00,ETNB
3.15,3.15,3.15,3.15,4902,2022-04-13 15:25:00,ETNB
3.15,3.15,3.15,3.15,1206,2022-04-13 15:26:00,ETNB
3.13,3.15,3.13,3.15,4300,2022-04-13 15:29:00,ETNB
3.1685,3.1685,3.1685,3.1685,5000,2022-04-13 15:30:00,ETNB
3.15,3.15,3.15,3.15,100,2022-04-13 15:37:00,ETNB
3.13,3.13,3.13,3.13,600,2022-04-13 15:42:00,ETNB
3.14,3.14,3.14,3.14,300,2022-04-13 15:47:00,ETNB
3.14,3.14,3.14,3.14,470,2022-04-13 16:00:00,ETNB
3.15,3.15,3.12,3.12,400,2022-04-13 16:08:00,ETNB
3.12,3.12,3.12,3.12,100,2022-04-13 16:13:00,ETNB
3.13,3.13,3.125,3.13,600,2022-04-13 16:20:00,ETNB
3.1201,3.1201,3.1201,3.1201,200,2022-04-13 16:23:00,ETNB
3.15,3.15,3.15,3.15,100,2022-04-13 16:32:00,ETNB
3.17,3.17,3.12,3.15,3200,2022-04-13 16:34:00,ETNB
3.13,3.13,3.08,3.08,8793,2022-04-13 16:36:00,ETNB
3.1,3.1,3.1,3.1,100,2022-04-13 16:37:00,ETNB
3.1,3.1,3.1,3.1,3500,2022-04-13 16:39:00,ETNB
3.1,3.1,3.1,3.1,200,2022-04-13 16:40:00,ETNB
3.09,3.14,3.09,3.1,11051,2022-04-13 16:44:00,ETNB
3.105,3.105,3.105,3.105,100,2022-04-13 16:49:00,ETNB
3.1,3.1077,3.1,3.105,660,2022-04-13 16:52:00,ETNB
3.1,3.11,3.1,3.1,5500,2022-04-13 16:53:00,ETNB
3.1,3.1,3.1,3.1,1099,2022-04-13 16:54:00,ETNB
3.085,3.085,3.085,3.085,104,2022-04-13 16:57:00,ETNB
3.1,3.1,3.1,3.1,500,2022-04-13 16:58:00,ETNB
3.0903,3.0903,3.0903,3.0903,250,2022-04-13 16:59:00,ETNB
3.08,3.08,3.08,3.08,1300,2022-04-13 17:04:00,ETNB
3.0871,3.0871,3.0871,3.0871,300,2022-04-13 17:06:00,ETNB
3.08,3.08,3.07,3.07,1452,2022-04-13 17:09:00,ETNB
3.06,3.06,3.05,3.05,300,2022-04-13 17:12:00,ETNB
3.0677,3.0677,3.0677,3.0677,100,2022-04-13 17:13:00,ETNB
3.05,3.05,3.05,3.05,600,2022-04-13 17:17:00,ETNB
3.0565,3.0565,3.0565,3.0565,200,2022-04-13 17:18:00,ETNB
3.055,3.055,3.05,3.05,300,2022-04-13 17:20:00,ETNB
3.0599,3.0599,3.0599,3.0599,500,2022-04-13 17:21:00,ETNB
3.05,3.05,3.05,3.05,300,2022-04-13 17:22:00,ETNB
3.04,3.04,3.02,3.02,2208,2022-04-13 17:26:00,ETNB
3.02,3.0244,3.01,3.02,3772,2022-04-13 17:27:00,ETNB
3.01,3.01,3.01,3.01,100,2022-04-13 17:30:00,ETNB
3.01,3.01,3.01,3.01,100,2022-04-13 17:33:00,ETNB
3.0164,3.0164,3.0164,3.0164,500,2022-04-13 17:35:00,ETNB
3.0,3.0,3.0,3.0,700,2022-04-13 17:36:00,ETNB
3.0098,3.0099,3.0097,3.0099,1100,2022-04-13 17:37:00,ETNB
3.0076,3.04,3.0076,3.01,6449,2022-04-13 17:38:00,ETNB
3.0346,3.0346,3.0346,3.0346,200,2022-04-13 17:39:00,ETNB
3.01,3.02,3.01,3.02,130502,2022-04-13 17:41:00,ETNB
3.0193,3.02,3.015,3.02,800,2022-04-13 17:42:00,ETNB
3.039,3.039,3.039,3.039,100,2022-04-13 17:43:00,ETNB
3.04,3.04,3.04,3.04,400,2022-04-13 17:46:00,ETNB
3.02,3.02,3.02,3.02,100,2022-04-13 17:48:00,ETNB
3.0383,3.0383,3.02,3.02,300,2022-04-13 17:49:00,ETNB
3.0399,3.04,3.0399,3.04,1000,2022-04-13 17:54:00,ETNB
3.04,3.04,3.03,3.04,1882,2022-04-13 17:59:00,ETNB
3.038,3.038,3.038,3.038,100,2022-04-13 18:04:00,ETNB
3.04,3.04,3.04,3.04,200,2022-04-13 18:05:00,ETNB
3.07,3.07,3.07,3.07,200,2022-04-13 18:07:00,ETNB
3.07,3.13,3.07,3.07,1715,2022-04-13 18:08:00,ETNB
3.06,3.06,3.06,3.06,100,2022-04-13 18:11:00,ETNB
3.0743,3.0743,3.0743,3.0743,310,2022-04-13 18:13:00,ETNB
3.08,3.08,3.08,3.08,100,2022-04-13 18:14:00,ETNB
3.08,3.1,3.08,3.1,700,2022-04-13 18:15:00,ETNB
3.11,3.11,3.1,3.1,1800,2022-04-13 18:16:00,ETNB
3.1,3.1,3.09,3.09,200,2022-04-13 18:17:00,ETNB
3.08,3.08,3.07,3.07,394,2022-04-13 18:19:00,ETNB
3.09,3.09,3.09,3.09,100,2022-04-13 18:20:00,ETNB
3.07,3.085,3.07,3.085,13200,2022-04-13 18:21:00,ETNB
3.1,3.1299,3.1,3.1299,1300,2022-04-13 18:22:00,ETNB
3.1,3.1,3.1,3.1,1000,2022-04-13 18:23:00,ETNB
3.09,3.1,3.09,3.1,300,2022-04-13 18:25:00,ETNB
3.1,3.1,3.03,3.04,8868,2022-04-13 18:26:00,ETNB
3.05,3.05,3.05,3.05,1684,2022-04-13 18:27:00,ETNB
3.05,3.05,3.05,3.05,600,2022-04-13 18:31:00,ETNB
3.05,3.05,3.05,3.05,100,2022-04-13 18:33:00,ETNB
3.05,3.05,3.05,3.05,300,2022-04-13 18:35:00,ETNB
3.04,3.04,2.99,3.0068,7691,2022-04-13 18:38:00,ETNB
3.005,3.01,2.9858,3.0,1801,2022-04-13 18:39:00,ETNB
3.0,3.02,3.0,3.01,2100,2022-04-13 18:40:00,ETNB
3.01,3.01,2.985,2.985,4033,2022-04-13 18:41:00,ETNB
2.99,3.005,2.99,2.99,17091,2022-04-13 18:42:00,ETNB
2.995,2.995,2.995,2.995,104,2022-04-13 18:43:00,ETNB
3.0,3.0,3.0,3.0,200,2022-04-13 18:45:00,ETNB
3.0,3.0,3.0,3.0,2400,2022-04-13 18:46:00,ETNB
3.005,3.005,3.0,3.0,6000,2022-04-13 18:48:00,ETNB
3.0,3.0,3.0,3.0,1000,2022-04-13 18:49:00,ETNB
3.0,3.01,3.0,3.01,3163,2022-04-13 18:50:00,ETNB
3.0,3.0,3.0,3.0,1937,2022-04-13 18:51:00,ETNB
3.0,3.01,3.0,3.01,400,2022-04-13 18:52:00,ETNB
3.01,3.0242,3.01,3.0242,300,2022-04-13 18:53:00,ETNB
3.035,3.035,3.035,3.035,300,2022-04-13 18:57:00,ETNB
3.035,3.035,3.035,3.035,499,2022-04-13 18:59:00,ETNB
3.035,3.035,3.035,3.035,100,2022-04-13 19:00:00,ETNB
3.01,3.01,3.01,3.01,100,2022-04-13 19:02:00,ETNB
3.04,3.05,3.04,3.05,300,2022-04-13 19:08:00,ETNB
3.025,3.025,3.025,3.025,100,2022-04-13 19:14:00,ETNB
3.03,3.03,3.03,3.03,100,2022-04-13 19:20:00,ETNB
3.025,3.025,3.025,3.025,100,2022-04-13 19:23:00,ETNB
3.025,3.025,3.025,3.025,100,2022-04-13 19:25:00,ETNB
3.02,3.02,3.02,3.02,100,2022-04-13 19:27:00,ETNB
3.02,3.03,3.01,3.01,400,2022-04-13 19:29:00,ETNB
3.03,3.06,3.02,3.05,3500,2022-04-13 19:33:00,ETNB
3.05,3.05,3.04,3.04,291,2022-04-13 19:35:00,ETNB
3.04,3.04,3.04,3.04,100,2022-04-13 19:36:00,ETNB
3.05,3.05,3.04,3.04,800,2022-04-13 19:41:00,ETNB
3.04,3.04,3.04,3.04,300,2022-04-13 19:43:00,ETNB
3.04,3.04,3.04,3.04,100,2022-04-13 19:44:00,ETNB
3.05,3.05,3.04,3.04,617,2022-04-13 19:48:00,ETNB
3.06,3.06,3.06,3.06,804,2022-04-13 19:49:00,ETNB
3.045,3.05,3.03,3.05,1113,2022-04-13 19:50:00,ETNB
3.04,3.04,3.04,3.04,300,2022-04-13 19:51:00,ETNB
3.035,3.035,3.02,3.02,1104,2022-04-13 19:52:00,ETNB
3.035,3.05,3.035,3.04,800,2022-04-13 19:53:00,ETNB
3.03,3.03,3.02,3.02,411,2022-04-13 19:55:00,ETNB
3.02,3.02,3.02,3.02,200,2022-04-13 19:56:00,ETNB
3.015,3.02,3.0,3.0,6201,2022-04-13 19:57:00,ETNB
3.02,3.02,2.98,3.0,4161,2022-04-13 19:58:00,ETNB
3.0,3.01,2.99,2.995,5981,2022-04-13 19:59:00,ETNB
3.0,3.0,3.0,3.0,6678,2022-04-13 20:00:00,ETNB
3.0,3.0,3.0,3.0,19827,2022-04-13 20:47:00,ETNB
3.0,3.03,3.0,3.0,13948,2022-04-14 13:30:00,ETNB
2.9783,2.9783,2.9783,2.9783,622,2022-04-14 13:31:00,ETNB
2.985,2.985,2.985,2.985,500,2022-04-14 13:33:00,ETNB
2.97,2.97,2.92,2.92,4200,2022-04-14 13:35:00,ETNB
2.9,2.91,2.9,2.91,700,2022-04-14 13:36:00,ETNB
2.9,2.9,2.9,2.9,200,2022-04-14 13:38:00,ETNB
2.9,2.9,2.9,2.9,100,2022-04-14 13:40:00,ETNB
2.9,2.9,2.88,2.88,300,2022-04-14 13:41:00,ETNB
2.9,2.92,2.9,2.92,1125,2022-04-14 13:45:00,ETNB
2.93,2.93,2.93,2.93,200,2022-04-14 13:46:00,ETNB
2.9317,2.9317,2.9317,2.9317,150,2022-04-14 13:51:00,ETNB
2.94,2.97,2.94,2.97,200,2022-04-14 13:55:00,ETNB
2.95,2.95,2.95,2.95,100,2022-04-14 14:03:00,ETNB
2.96,2.96,2.96,2.96,240,2022-04-14 14:06:00,ETNB
2.9304,2.97,2.9304,2.97,1300,2022-04-14 14:07:00,ETNB
2.97,2.98,2.97,2.98,325,2022-04-14 14:08:00,ETNB
2.97,2.97,2.97,2.97,100,2022-04-14 14:17:00,ETNB
2.95,2.95,2.95,2.95,100,2022-04-14 14:24:00,ETNB
2.94,2.94,2.94,2.94,481,2022-04-14 14:29:00,ETNB
2.955,2.955,2.955,2.955,500,2022-04-14 14:31:00,ETNB
2.97,2.97,2.97,2.97,100,2022-04-14 14:33:00,ETNB
2.93,2.97,2.93,2.95,500,2022-04-14 14:37:00,ETNB
2.93,2.93,2.93,2.93,200,2022-04-14 14:39:00,ETNB
2.9392,2.95,2.935,2.94,1300,2022-04-14 14:40:00,ETNB
2.945,2.945,2.945,2.945,600,2022-04-14 14:41:00,ETNB
2.95,2.95,2.95,2.95,325,2022-04-14 14:44:00,ETNB
2.96,2.96,2.96,2.96,200,2022-04-14 14:46:00,ETNB
2.94,2.97,2.94,2.97,3244,2022-04-14 14:51:00,ETNB
2.9698,2.9698,2.9698,2.9698,1000,2022-04-14 14:54:00,ETNB
2.955,2.955,2.955,2.955,100,2022-04-14 14:57:00,ETNB
2.97,2.97,2.97,2.97,220,2022-04-14 15:01:00,ETNB
2.97,2.97,2.97,2.97,225,2022-04-14 15:02:00,ETNB
2.95,2.95,2.95,2.95,2206,2022-04-14 15:10:00,ETNB
2.9999,2.9999,2.9999,2.9999,400,2022-04-14 15:11:00,ETNB
2.975,2.975,2.975,2.975,100,2022-04-14 15:16:00,ETNB
2.99,2.99,2.98,2.98,300,2022-04-14 15:18:00,ETNB
2.9629,2.98,2.9629,2.98,378,2022-04-14 15:20:00,ETNB
3.0,3.0,3.0,3.0,1109,2022-04-14 15:25:00,ETNB
3.02,3.02,3.0,3.0,600,2022-04-14 15:26:00,ETNB
3.0,3.0,3.0,3.0,400,2022-04-14 15:27:00,ETNB
2.99,3.005,2.99,3.005,200,2022-04-14 15:30:00,ETNB
3.005,3.005,3.005,3.005,200,2022-04-14 15:33:00,ETNB
2.98,3.0,2.98,3.0,200,2022-04-14 15:36:00,ETNB
2.98,2.98,2.98,2.98,100,2022-04-14 15:40:00,ETNB
2.985,2.985,2.985,2.985,100,2022-04-14 15:47:00,ETNB
3.0,3.0,3.0,3.0,100,2022-04-14 15:50:00,ETNB
3.0,3.0,3.0,3.0,100,2022-04-14 15:51:00,ETNB
3.0,3.0,3.0,3.0,1300,2022-04-14 15:56:00,ETNB
3.005,3.005,3.005,3.005,100,2022-04-14 15:57:00,ETNB
3.01,3.02,3.005,3.005,500,2022-04-14 16:01:00,ETNB
2.99,2.99,2.99,2.99,100,2022-04-14 16:02:00,ETNB
3.01,3.01,3.01,3.01,100,2022-04-14 16:04:00,ETNB
3.005,3.005,3.005,3.005,200,2022-04-14 16:07:00,ETNB
3.01,3.01,3.01,3.01,100,2022-04-14 16:11:00,ETNB
3.01,3.01,3.01,3.01,100,2022-04-14 16:14:00,ETNB
3.005,3.005,3.005,3.005,200,2022-04-14 16:18:00,ETNB
3.0,3.0,3.0,3.0,200,2022-04-14 16:25:00,ETNB
3.0,3.0,3.0,3.0,1300,2022-04-14 16:30:00,ETNB
2.99,2.99,2.99,2.99,200,2022-04-14 16:32:00,ETNB
3.0,3.0,3.0,3.0,100,2022-04-14 16:39:00,ETNB
3.0,3.0,3.0,3.0,500,2022-04-14 16:40:00,ETNB
2.99,2.99,2.99,2.99,100,2022-04-14 16:43:00,ETNB
2.9801,2.99,2.9801,2.99,1560,2022-04-14 16:53:00,ETNB
2.99,2.99,2.99,2.99,400,2022-04-14 16:55:00,ETNB
3.0,3.005,3.0,3.005,415,2022-04-14 16:58:00,ETNB
3.005,3.02,3.005,3.0065,1000,2022-04-14 17:05:00,ETNB
3.005,3.005,3.005,3.005,100,2022-04-14 17:09:00,ETNB
3.0,3.0,3.0,3.0,400,2022-04-14 17:13:00,ETNB
2.9995,2.9995,2.9995,2.9995,100,2022-04-14 17:15:00,ETNB
3.0,3.0,3.0,3.0,100,2022-04-14 17:17:00,ETNB
3.0,3.0,3.0,3.0,200,2022-04-14 17:20:00,ETNB
3.0,3.0,2.99,2.99,500,2022-04-14 17:21:00,ETNB
2.99,2.99,2.99,2.99,100,2022-04-14 17:24:00,ETNB
2.98,2.985,2.98,2.985,200,2022-04-14 17:26:00,ETNB
2.98,2.98,2.98,2.98,100,2022-04-14 17:27:00,ETNB
2.97,2.97,2.97,2.97,100,2022-04-14 17:29:00,ETNB
2.98,2.99,2.98,2.99,300,2022-04-14 17:33:00,ETNB
2.98,2.99,2.97,2.99,1485,2022-04-14 17:38:00,ETNB
2.99,2.99,2.9899,2.99,4781,2022-04-14 17:39:00,ETNB
2.99,2.99,2.99,2.99,800,2022-04-14 17:40:00,ETNB
3.0,3.0,3.0,3.0,1000,2022-04-14 17:41:00,ETNB
3.0,3.0,3.0,3.0,100,2022-04-14 17:42:00,ETNB
3.0,3.0,3.0,3.0,200,2022-04-14 17:43:00,ETNB
3.0,3.0,3.0,3.0,400,2022-04-14 17:45:00,ETNB
3.0,3.005,3.0,3.005,200,2022-04-14 17:47:00,ETNB
3.0,3.0,3.0,3.0,100,2022-04-14 17:48:00,ETNB
3.0,3.0,3.0,3.0,100,2022-04-14 17:51:00,ETNB
3.0,3.0,3.0,3.0,200,2022-04-14 17:52:00,ETNB
2.995,2.995,2.995,2.995,400,2022-04-14 17:55:00,ETNB
2.995,3.0,2.995,3.0,1027,2022-04-14 17:59:00,ETNB
2.99,2.99,2.98,2.98,2500,2022-04-14 18:00:00,ETNB
2.98,2.98,2.98,2.98,100,2022-04-14 18:01:00,ETNB
2.98,2.98,2.98,2.98,100,2022-04-14 18:03:00,ETNB
2.98,2.99,2.98,2.99,800,2022-04-14 18:07:00,ETNB
2.98,2.99,2.98,2.99,500,2022-04-14 18:11:00,ETNB
2.98,2.99,2.98,2.99,700,2022-04-14 18:25:00,ETNB
2.99,2.99,2.99,2.99,700,2022-04-14 18:28:00,ETNB
2.98,2.98,2.98,2.98,100,2022-04-14 18:32:00,ETNB
2.98,2.98,2.98,2.98,100,2022-04-14 18:34:00,ETNB
2.98,2.98,2.98,2.98,100,2022-04-14 18:43:00,ETNB
2.975,2.975,2.975,2.975,100,2022-04-14 18:46:00,ETNB
2.975,2.98,2.97,2.98,500,2022-04-14 18:47:00,ETNB
2.975,2.975,2.975,2.975,100,2022-04-14 18:52:00,ETNB
2.98,2.98,2.98,2.98,400,2022-04-14 18:55:00,ETNB
2.9881,2.9881,2.9881,2.9881,750,2022-04-14 18:59:00,ETNB
2.99,2.99,2.98,2.99,1207,2022-04-14 19:00:00,ETNB
2.9966,2.9966,2.985,2.985,600,2022-04-14 19:02:00,ETNB
2.985,2.985,2.985,2.985,100,2022-04-14 19:08:00,ETNB
2.99,2.99,2.99,2.99,400,2022-04-14 19:10:00,ETNB
3.0,3.0,2.99,2.99,1111,2022-04-14 19:11:00,ETNB
3.0,3.0,3.0,3.0,200,2022-04-14 19:15:00,ETNB
2.99,2.99,2.99,2.99,100,2022-04-14 19:17:00,ETNB
2.99,2.99,2.99,2.99,100,2022-04-14 19:19:00,ETNB
2.99,2.99,2.99,2.99,298,2022-04-14 19:20:00,ETNB
2.9999,2.9999,2.99,2.99,600,2022-04-14 19:22:00,ETNB
2.985,2.985,2.985,2.985,100,2022-04-14 19:23:00,ETNB
2.97,2.97,2.97,2.97,200,2022-04-14 19:24:00,ETNB
2.99,2.99,2.99,2.99,200,2022-04-14 19:25:00,ETNB
2.9999,2.9999,2.99,2.99,3200,2022-04-14 19:27:00,ETNB
2.985,2.99,2.985,2.99,1300,2022-04-14 19:29:00,ETNB
2.985,2.985,2.985,2.985,100,2022-04-14 19:30:00,ETNB
2.99,2.99,2.98,2.98,1181,2022-04-14 19:33:00,ETNB
2.985,2.985,2.97,2.97,4534,2022-04-14 19:35:00,ETNB
2.975,2.975,2.975,2.975,100,2022-04-14 19:36:00,ETNB
2.97,2.97,2.97,2.97,200,2022-04-14 19:39:00,ETNB
2.975,2.98,2.975,2.98,1400,2022-04-14 19:42:00,ETNB
2.99,2.99,2.98,2.98,700,2022-04-14 19:43:00,ETNB
2.99,2.99,2.97,2.97,300,2022-04-14 19:45:00,ETNB
2.98,2.99,2.98,2.99,300,2022-04-14 19:48:00,ETNB
2.98,2.98,2.97,2.975,1800,2022-04-14 19:50:00,ETNB
2.975,2.975,2.975,2.975,700,2022-04-14 19:51:00,ETNB
2.975,2.975,2.975,2.975,1000,2022-04-14 19:52:00,ETNB
2.975,2.975,2.975,2.975,200,2022-04-14 19:53:00,ETNB
2.975,2.98,2.975,2.975,1000,2022-04-14 19:54:00,ETNB
2.97,2.97,2.95,2.955,2839,2022-04-14 19:55:00,ETNB
2.95,2.955,2.94,2.955,1877,2022-04-14 19:56:00,ETNB
2.955,2.955,2.93,2.93,700,2022-04-14 19:57:00,ETNB
2.94,2.94,2.93,2.94,600,2022-04-14 19:58:00,ETNB
2.94,2.94,2.935,2.94,1506,2022-04-14 19:59:00,ETNB
2.95,2.95,2.95,2.95,2927,2022-04-14 20:00:00,ETNB
2.95,2.95,2.95,2.95,115,2022-04-14 20:57:00,ETNB
2.97,2.97,2.97,2.97,200,2022-04-18 13:23:00,ETNB
2.96,2.99,2.96,2.9601,3119,2022-04-18 13:30:00,ETNB
2.96,2.96,2.93,2.93,780,2022-04-18 13:32:00,ETNB
2.8988,2.8988,2.88,2.88,1598,2022-04-18 13:35:00,ETNB
2.85,2.86,2.8312,2.8312,2849,2022-04-18 13:37:00,ETNB
2.8715,2.9,2.82,2.82,725,2022-04-18 13:38:00,ETNB
2.86,2.86,2.86,2.86,601,2022-04-18 13:41:00,ETNB
2.8561,2.8561,2.85,2.85,2700,2022-04-18 13:46:00,ETNB
2.85,2.85,2.85,2.85,500,2022-04-18 13:48:00,ETNB
2.83,2.83,2.83,2.83,100,2022-04-18 13:50:00,ETNB
2.81,2.81,2.81,2.81,100,2022-04-18 13:51:00,ETNB
2.8,2.825,2.8,2.825,744,2022-04-18 13:52:00,ETNB
2.84,2.84,2.84,2.84,117,2022-04-18 13:54:00,ETNB
2.8484,2.8484,2.836,2.836,1100,2022-04-18 13:56:00,ETNB
2.8471,2.85,2.8471,2.85,200,2022-04-18 14:00:00,ETNB
2.85,2.85,2.85,2.85,200,2022-04-18 14:01:00,ETNB
2.83,2.83,2.83,2.83,100,2022-04-18 14:11:00,ETNB
2.84,2.84,2.812,2.82,1534,2022-04-18 14:14:00,ETNB
2.8173,2.8173,2.8173,2.8173,230,2022-04-18 14:21:00,ETNB
2.85,2.85,2.85,2.85,433,2022-04-18 14:24:00,ETNB
2.86,2.87,2.86,2.87,300,2022-04-18 14:25:00,ETNB
2.865,2.865,2.865,2.865,100,2022-04-18 14:26:00,ETNB
2.865,2.865,2.865,2.865,100,2022-04-18 14:30:00,ETNB
2.865,2.865,2.865,2.865,100,2022-04-18 14:31:00,ETNB
2.855,2.855,2.855,2.855,100,2022-04-18 14:38:00,ETNB
2.86,2.87,2.86,2.86,700,2022-04-18 14:42:00,ETNB
2.88,2.88,2.86,2.86,200,2022-04-18 14:44:00,ETNB
2.85,2.85,2.85,2.85,100,2022-04-18 14:47:00,ETNB
2.83,2.83,2.83,2.83,100,2022-04-18 14:52:00,ETNB
2.83,2.84,2.83,2.84,200,2022-04-18 14:57:00,ETNB
2.85,2.85,2.85,2.85,740,2022-04-18 15:01:00,ETNB
2.87,2.88,2.8604,2.88,900,2022-04-18 15:02:00,ETNB
2.89,2.9,2.89,2.9,698,2022-04-18 15:03:00,ETNB
2.89,2.89,2.89,2.89,100,2022-04-18 15:05:00,ETNB
2.8502,2.8706,2.8501,2.8501,992,2022-04-18 15:06:00,ETNB
2.9,2.9,2.9,2.9,100,2022-04-18 15:07:00,ETNB
2.89,2.89,2.89,2.89,100,2022-04-18 15:08:00,ETNB
2.9,2.9,2.89,2.89,200,2022-04-18 15:09:00,ETNB
2.9,2.9,2.9,2.9,770,2022-04-18 15:10:00,ETNB
2.94,2.94,2.94,2.94,200,2022-04-18 15:11:00,ETNB
2.93,2.93,2.93,2.93,300,2022-04-18 15:12:00,ETNB
2.96,2.96,2.96,2.96,100,2022-04-18 15:13:00,ETNB
2.98,2.98,2.98,2.98,100,2022-04-18 15:14:00,ETNB
2.97,2.97,2.97,2.97,100,2022-04-18 15:15:00,ETNB
2.98,2.98,2.98,2.98,100,2022-04-18 15:17:00,ETNB
2.95,2.95,2.95,2.95,100,2022-04-18 15:22:00,ETNB
2.95,2.97,2.95,2.97,981,2022-04-18 15:26:00,ETNB
2.96,2.97,2.96,2.97,600,2022-04-18 15:30:00,ETNB
2.97,2.97,2.97,2.97,200,2022-04-18 15:31:00,ETNB
2.89,2.89,2.86,2.86,2921,2022-04-18 15:33:00,ETNB
2.86,2.88,2.86,2.86,430,2022-04-18 15:35:00,ETNB
2.86,2.86,2.86,2.86,100,2022-04-18 15:36:00,ETNB
2.86,2.86,2.86,2.86,200,2022-04-18 15:39:00,ETNB
2.85,2.85,2.85,2.85,100,2022-04-18 15:42:00,ETNB
2.85,2.85,2.85,2.85,100,2022-04-18 15:43:00,ETNB
2.8064,2.8064,2.8064,2.8064,200,2022-04-18 15:46:00,ETNB
2.815,2.815,2.815,2.815,100,2022-04-18 15:47:00,ETNB
2.83,2.8628,2.83,2.8628,1500,2022-04-18 15:54:00,ETNB
2.85,2.87,2.85,2.87,900,2022-04-18 15:56:00,ETNB
2.88,2.88,2.88,2.88,100,2022-04-18 15:57:00,ETNB
2.88,2.92,2.88,2.905,710,2022-04-18 16:02:00,ETNB
2.92,2.92,2.92,2.92,1700,2022-04-18 16:08:00,ETNB
2.92,2.92,2.92,2.92,1800,2022-04-18 16:09:00,ETNB
2.94,2.94,2.94,2.94,100,2022-04-18 16:10:00,ETNB
2.95,2.95,2.95,2.95,100,2022-04-18 16:12:00,ETNB
2.9757,2.9757,2.97,2.97,1956,2022-04-18 16:14:00,ETNB
2.98,2.98,2.98,2.98,100,2022-04-18 16:16:00,ETNB
2.96,2.96,2.94,2.94,600,2022-04-18 16:18:00,ETNB
2.95,2.95,2.95,2.95,200,2022-04-18 16:20:00,ETNB
2.94,2.94,2.94,2.94,100,2022-04-18 16:21:00,ETNB
2.94,2.94,2.94,2.94,100,2022-04-18 16:22:00,ETNB
2.9,2.9,2.9,2.9,300,2022-04-18 16:25:00,ETNB
2.92,2.92,2.92,2.92,200,2022-04-18 16:27:00,ETNB
2.92,2.92,2.92,2.92,2131,2022-04-18 16:34:00,ETNB
2.96,2.97,2.96,2.97,200,2022-04-18 16:36:00,ETNB
2.97,2.97,2.97,2.97,200,2022-04-18 16:38:00,ETNB
2.97,2.97,2.97,2.97,200,2022-04-18 16:40:00,ETNB
2.97,2.99,2.97,2.99,2825,2022-04-18 16:41:00,ETNB
2.99,2.99,2.99,2.99,400,2022-04-18 16:42:00,ETNB
2.92,2.99,2.92,2.99,401,2022-04-18 16:43:00,ETNB
2.99,2.99,2.99,2.99,100,2022-04-18 16:44:00,ETNB
2.98,2.98,2.98,2.98,100,2022-04-18 16:46:00,ETNB
2.96,2.9673,2.96,2.9673,2000,2022-04-18 16:48:00,ETNB
2.98,2.98,2.98,2.98,100,2022-04-18 16:49:00,ETNB
2.99,2.99,2.99,2.99,100,2022-04-18 16:51:00,ETNB
2.96,2.96,2.96,2.96,100,2022-04-18 16:52:00,ETNB
2.99,2.99,2.99,2.99,100,2022-04-18 16:53:00,ETNB
2.99,2.99,2.98,2.98,924,2022-04-18 16:57:00,ETNB
3.0,3.04,3.0,3.04,200,2022-04-18 16:58:00,ETNB
3.04,3.04,3.04,3.04,100,2022-04-18 17:00:00,ETNB
3.005,3.005,3.005,3.005,945,2022-04-18 17:01:00,ETNB
3.0276,3.05,3.0276,3.05,2200,2022-04-18 17:03:00,ETNB
3.02,3.02,3.02,3.02,100,2022-04-18 17:05:00,ETNB
2.995,3.0081,2.995,3.0081,2000,2022-04-18 17:06:00,ETNB
3.02,3.02,3.02,3.02,300,2022-04-18 17:08:00,ETNB
3.04,3.04,3.04,3.04,100,2022-04-18 17:09:00,ETNB
3.05,3.05,3.04,3.04,300,2022-04-18 17:10:00,ETNB
3.05,3.05,3.05,3.05,100,2022-04-18 17:11:00,ETNB
3.05,3.05,3.05,3.05,100,2022-04-18 17:12:00,ETNB
3.0001,3.0001,3.0001,3.0001,1000,2022-04-18 17:13:00,ETNB
3.05,3.05,3.05,3.05,100,2022-04-18 17:15:00,ETNB
3.05,3.05,3.05,3.05,100,2022-04-18 17:17:00,ETNB
3.04,3.04,3.04,3.04,100,2022-04-18 17:23:00,ETNB
3.05,3.05,3.05,3.05,500,2022-04-18 17:26:00,ETNB
3.05,3.05,3.05,3.05,100,2022-04-18 17:33:00,ETNB
3.06,3.08,3.06,3.08,300,2022-04-18 17:37:00,ETNB
3.08,3.08,3.08,3.08,100,2022-04-18 17:38:00,ETNB
3.04,3.04,3.02,3.02,400,2022-04-18 17:52:00,ETNB
3.03,3.03,3.025,3.025,200,2022-04-18 17:53:00,ETNB
3.025,3.025,3.025,3.025,100,2022-04-18 17:54:00,ETNB
3.02,3.02,2.98,2.99,1598,2022-04-18 17:55:00,ETNB
2.985,2.985,2.985,2.985,100,2022-04-18 17:57:00,ETNB
2.985,2.985,2.985,2.985,100,2022-04-18 17:58:00,ETNB
2.985,2.985,2.985,2.985,100,2022-04-18 17:59:00,ETNB
2.985,2.985,2.985,2.985,100,2022-04-18 18:00:00,ETNB
2.97,2.97,2.97,2.97,100,2022-04-18 18:01:00,ETNB
2.95,2.95,2.95,2.95,100,2022-04-18 18:16:00,ETNB
2.94,2.94,2.94,2.94,100,2022-04-18 18:19:00,ETNB
2.94,2.94,2.94,2.94,100,2022-04-18 18:20:00,ETNB
2.95,2.95,2.93,2.93,400,2022-04-18 18:21:00,ETNB
2.95,2.95,2.95,2.95,400,2022-04-18 18:31:00,ETNB
2.93,2.93,2.93,2.93,3720,2022-04-18 18:50:00,ETNB
2.96,2.96,2.96,2.96,100,2022-04-18 18:51:00,ETNB
2.93,2.93,2.93,2.93,100,2022-04-18 18:53:00,ETNB
2.96,2.96,2.96,2.96,100,2022-04-18 18:58:00,ETNB
2.96,2.96,2.96,2.96,100,2022-04-18 19:00:00,ETNB
2.95,2.95,2.95,2.95,100,2022-04-18 19:08:00,ETNB
2.97,2.97,2.97,2.97,100,2022-04-18 19:10:00,ETNB
2.97,2.97,2.97,2.97,100,2022-04-18 19:13:00,ETNB
2.95,2.95,2.95,2.95,100,2022-04-18 19:18:00,ETNB
2.94,2.94,2.92,2.92,1101,2022-04-18 19:19:00,ETNB
2.9137,2.95,2.9137,2.93,700,2022-04-18 19:20:00,ETNB
2.95,2.95,2.93,2.93,222,2022-04-18 19:22:00,ETNB
2.9,2.9,2.9,2.9,200,2022-04-18 19:30:00,ETNB
2.92,2.92,2.895,2.895,300,2022-04-18 19:31:00,ETNB
2.895,2.895,2.84,2.84,1099,2022-04-18 19:32:00,ETNB
2.84,2.84,2.83,2.83,200,2022-04-18 19:34:00,ETNB
2.8481,2.8481,2.8481,2.8481,600,2022-04-18 19:38:00,ETNB
2.85,2.86,2.85,2.86,600,2022-04-18 19:39:00,ETNB
2.87,2.87,2.86,2.86,200,2022-04-18 19:40:00,ETNB
2.89,2.9,2.89,2.9,600,2022-04-18 19:42:00,ETNB
2.93,2.93,2.93,2.93,100,2022-04-18 19:43:00,ETNB
2.905,2.93,2.87,2.87,7142,2022-04-18 19:45:00,ETNB
2.89,2.89,2.88,2.88,300,2022-04-18 19:47:00,ETNB
2.89,2.89,2.89,2.89,100,2022-04-18 19:49:00,ETNB
2.88,2.88,2.86,2.87,1700,2022-04-18 19:50:00,ETNB
2.88,2.88,2.88,2.88,200,2022-04-18 19:53:00,ETNB
2.88,2.88,2.88,2.88,100,2022-04-18 19:54:00,ETNB
2.89,2.89,2.88,2.88,600,2022-04-18 19:56:00,ETNB
2.89,2.89,2.89,2.89,100,2022-04-18 19:57:00,ETNB
2.8899,2.89,2.87,2.87,900,2022-04-18 19:58:00,ETNB
2.89,2.89,2.85,2.89,800,2022-04-18 19:59:00,ETNB
2.88,2.88,2.88,2.88,4546,2022-04-18 20:00:00,ETNB
2.9,2.9,2.9,2.9,379,2022-04-19 13:30:00,ETNB
2.85,2.85,2.85,2.85,900,2022-04-19 13:38:00,ETNB
2.81,2.81,2.8012,2.8012,1440,2022-04-19 13:41:00,ETNB
2.8,2.8,2.8,2.8,100,2022-04-19 13:49:00,ETNB
2.81,2.81,2.81,2.81,100,2022-04-19 13:55:00,ETNB
2.81,2.81,2.81,2.81,246,2022-04-19 13:58:00,ETNB
2.8476,2.8476,2.8326,2.8326,999,2022-04-19 13:59:00,ETNB
2.8125,2.8125,2.8,2.8,899,2022-04-19 14:00:00,ETNB
2.84,2.84,2.8101,2.8176,900,2022-04-19 14:02:00,ETNB
2.8001,2.8001,2.8001,2.8001,200,2022-04-19 14:04:00,ETNB
2.83,2.83,2.81,2.81,4100,2022-04-19 14:05:00,ETNB
2.8,2.8,2.8,2.8,355,2022-04-19 14:09:00,ETNB
2.8,2.8,2.8,2.8,100,2022-04-19 14:10:00,ETNB
2.83,2.86,2.83,2.86,300,2022-04-19 14:12:00,ETNB
2.8665,2.8665,2.8665,2.8665,303,2022-04-19 14:15:00,ETNB
2.92,2.93,2.92,2.92,5700,2022-04-19 14:19:00,ETNB
2.9228,2.9228,2.9228,2.9228,331,2022-04-19 14:22:00,ETNB
2.96,2.97,2.96,2.97,700,2022-04-19 14:23:00,ETNB
2.97,2.97,2.97,2.97,400,2022-04-19 14:24:00,ETNB
2.9596,2.9596,2.9596,2.9596,100,2022-04-19 14:25:00,ETNB
2.9492,2.9492,2.9492,2.9492,170,2022-04-19 14:34:00,ETNB
2.92,2.92,2.92,2.92,100,2022-04-19 14:36:00,ETNB
2.945,2.98,2.945,2.98,1070,2022-04-19 14:38:00,ETNB
2.9692,2.9692,2.9692,2.9692,136,2022-04-19 14:42:00,ETNB
2.98,3.0,2.96,2.98,10700,2022-04-19 14:43:00,ETNB
2.9649,2.9649,2.9649,2.9649,300,2022-04-19 14:45:00,ETNB
2.9505,2.9618,2.9505,2.9618,2000,2022-04-19 14:46:00,ETNB
2.95,2.95,2.95,2.95,672,2022-04-19 14:47:00,ETNB
2.95,2.95,2.95,2.95,336,2022-04-19 14:48:00,ETNB
2.95,2.95,2.95,2.95,739,2022-04-19 14:50:00,ETNB
2.96,2.96,2.935,2.935,500,2022-04-19 14:51:00,ETNB
2.94,2.95,2.94,2.95,600,2022-04-19 14:57:00,ETNB
2.93,2.93,2.93,2.93,100,2022-04-19 14:58:00,ETNB
2.92,2.92,2.92,2.92,100,2022-04-19 15:03:00,ETNB
2.89,2.89,2.89,2.89,100,2022-04-19 15:13:00,ETNB
2.9,2.9,2.9,2.9,300,2022-04-19 15:16:00,ETNB
2.93,2.93,2.93,2.93,100,2022-04-19 15:23:00,ETNB
2.97,2.99,2.97,2.975,1121,2022-04-19 15:33:00,ETNB
3.02,3.02,3.02,3.02,800,2022-04-19 15:57:00,ETNB
3.0318,3.0318,3.0318,3.0318,100,2022-04-19 16:04:00,ETNB
3.0,3.0,3.0,3.0,500,2022-04-19 16:20:00,ETNB
2.99,2.99,2.99,2.99,100,2022-04-19 16:23:00,ETNB
3.0,3.0,3.0,3.0,400,2022-04-19 16:27:00,ETNB
3.0,3.0,2.99,2.99,583,2022-04-19 16:29:00,ETNB
2.99,2.99,2.99,2.99,614,2022-04-19 16:31:00,ETNB
2.995,2.995,2.98,2.98,587,2022-04-19 16:41:00,ETNB
2.9897,2.99,2.9897,2.99,1400,2022-04-19 16:48:00,ETNB
2.99,2.99,2.99,2.99,100,2022-04-19 16:52:00,ETNB
2.98,2.98,2.98,2.98,300,2022-04-19 16:59:00,ETNB
2.9841,2.9841,2.9841,2.9841,100,2022-04-19 17:00:00,ETNB
2.98,2.98,2.98,2.98,100,2022-04-19 17:02:00,ETNB
2.97,2.97,2.97,2.97,100,2022-04-19 17:06:00,ETNB
2.98,2.98,2.98,2.98,170,2022-04-19 17:07:00,ETNB
2.98,2.98,2.98,2.98,200,2022-04-19 17:09:00,ETNB
2.99,2.99,2.99,2.99,300,2022-04-19 17:16:00,ETNB
2.9866,2.9866,2.9866,2.9866,100,2022-04-19 17:19:00,ETNB
3.03,3.03,3.03,3.03,270,2022-04-19 17:20:00,ETNB
3.0,3.0,3.0,3.0,100,2022-04-19 17:22:00,ETNB
2.97,3.0157,2.97,2.9959,833,2022-04-19 17:25:00,ETNB
2.995,2.995,2.97,2.995,300,2022-04-19 17:26:00,ETNB
2.97,2.9953,2.97,2.9953,300,2022-04-19 17:27:00,ETNB
2.98,2.98,2.98,2.98,600,2022-04-19 17:41:00,ETNB
2.98,2.98,2.97,2.97,2698,2022-04-19 17:42:00,ETNB
2.9772,2.9772,2.96,2.96,962,2022-04-19 17:57:00,ETNB
2.96,2.96,2.96,2.96,100,2022-04-19 17:58:00,ETNB
2.96,2.96,2.96,2.96,100,2022-04-19 18:00:00,ETNB
2.97,2.97,2.97,2.97,325,2022-04-19 18:04:00,ETNB
2.98,2.98,2.98,2.98,2000,2022-04-19 18:09:00,ETNB
2.9799,2.9799,2.9799,2.9799,1000,2022-04-19 18:11:00,ETNB
2.96,2.96,2.96,2.96,200,2022-04-19 18:14:00,ETNB
2.96,2.96,2.935,2.935,700,2022-04-19 18:16:00,ETNB
2.95,2.95,2.92,2.92,2708,2022-04-19 18:17:00,ETNB
2.91,2.91,2.91,2.91,100,2022-04-19 18:22:00,ETNB
2.91,2.91,2.91,2.91,600,2022-04-19 18:23:00,ETNB
2.92,2.92,2.92,2.92,309,2022-04-19 18:27:00,ETNB
2.925,2.925,2.925,2.925,100,2022-04-19 18:28:00,ETNB
2.92,2.92,2.92,2.92,100,2022-04-19 18:29:00,ETNB
2.92,2.92,2.92,2.92,275,2022-04-19 18:30:00,ETNB
2.92,2.92,2.92,2.92,1100,2022-04-19 18:33:00,ETNB
2.92,2.92,2.915,2.915,1941,2022-04-19 18:35:00,ETNB
2.9,2.9,2.9,2.9,100,2022-04-19 18:36:00,ETNB
2.89,2.9,2.89,2.895,700,2022-04-19 18:37:00,ETNB
2.88,2.88,2.88,2.88,100,2022-04-19 18:43:00,ETNB
2.88,2.88,2.88,2.88,100,2022-04-19 18:49:00,ETNB
2.875,2.89,2.875,2.88,1547,2022-04-19 18:52:00,ETNB
2.885,2.885,2.885,2.885,100,2022-04-19 18:59:00,ETNB
2.87,2.87,2.87,2.87,100,2022-04-19 19:06:00,ETNB
2.88,2.88,2.88,2.88,200,2022-04-19 19:07:00,ETNB
2.88,2.88,2.87,2.87,200,2022-04-19 19:08:00,ETNB
2.89,2.89,2.89,2.89,446,2022-04-19 19:10:00,ETNB
2.9,2.9,2.9,2.9,300,2022-04-19 19:14:00,ETNB
2.905,2.905,2.905,2.905,100,2022-04-19 19:15:00,ETNB
2.9,2.9,2.9,2.9,100,2022-04-19 19:23:00,ETNB
2.9,2.9,2.9,2.9,200,2022-04-19 19:29:00,ETNB
2.9,2.9,2.9,2.9,189,2022-04-19 19:32:00,ETNB
2.9,2.9,2.9,2.9,100,2022-04-19 19:33:00,ETNB
2.91,2.91,2.89,2.89,728,2022-04-19 19:35:00,ETNB
2.89,2.89,2.89,2.89,134,2022-04-19 19:36:00,ETNB
2.895,2.9,2.89,2.89,700,2022-04-19 19:38:00,ETNB
2.9,2.9,2.9,2.9,200,2022-04-19 19:40:00,ETNB
2.89,2.89,2.89,2.89,100,2022-04-19 19:42:00,ETNB
2.9,2.9,2.9,2.9,506,2022-04-19 19:43:00,ETNB
2.89,2.89,2.89,2.89,200,2022-04-19 19:45:00,ETNB
2.89,2.89,2.89,2.89,100,2022-04-19 19:46:00,ETNB
2.895,2.895,2.89,2.89,850,2022-04-19 19:47:00,ETNB
2.8957,2.9,2.8957,2.9,800,2022-04-19 19:48:00,ETNB
2.9,2.91,2.89,2.9,8868,2022-04-19 19:50:00,ETNB
2.89,2.89,2.89,2.89,500,2022-04-19 19:52:00,ETNB
2.88,2.885,2.88,2.885,643,2022-04-19 19:53:00,ETNB
2.87,2.87,2.87,2.87,127,2022-04-19 19:54:00,ETNB
2.86,2.87,2.86,2.86,300,2022-04-19 19:55:00,ETNB
2.86,2.86,2.86,2.86,600,2022-04-19 19:56:00,ETNB
2.86,2.87,2.84,2.87,2121,2022-04-19 19:57:00,ETNB
2.865,2.8816,2.85,2.87,6522,2022-04-19 19:58:00,ETNB
2.88,2.88,2.86,2.88,5373,2022-04-19 19:59:00,ETNB
2.87,2.87,2.87,2.87,2727,2022-04-19 20:00:00,ETNB
2.87,2.87,2.87,2.87,487,2022-04-19 20:01:00,ETNB
2.9716,2.9716,2.9716,2.9716,175,2022-04-20 13:09:00,ETNB
2.93,2.93,2.93,2.93,1200,2022-04-20 13:30:00,ETNB
2.86,2.86,2.86,2.86,625,2022-04-20 13:34:00,ETNB
2.84,2.84,2.84,2.84,450,2022-04-20 13:39:00,ETNB
2.82,2.82,2.82,2.82,191,2022-04-20 13:41:00,ETNB
2.8,2.8063,2.8,2.8063,1200,2022-04-20 13:44:00,ETNB
2.8063,2.82,2.8063,2.82,1100,2022-04-20 13:45:00,ETNB
2.8,2.8167,2.8,2.8167,1027,2022-04-20 13:47:00,ETNB
2.78,2.78,2.7269,2.74,4600,2022-04-20 13:53:00,ETNB
2.78,2.78,2.78,2.78,200,2022-04-20 14:00:00,ETNB
2.81,2.81,2.8045,2.8045,600,2022-04-20 14:01:00,ETNB
2.8,2.8,2.8,2.8,490,2022-04-20 14:02:00,ETNB
2.765,2.8,2.765,2.775,1200,2022-04-20 14:03:00,ETNB
2.7999,2.8,2.799,2.799,1400,2022-04-20 14:05:00,ETNB
2.8187,2.8187,2.8187,2.8187,1298,2022-04-20 14:06:00,ETNB
2.82,2.82,2.82,2.82,300,2022-04-20 14:08:00,ETNB
2.84,2.88,2.84,2.88,650,2022-04-20 14:12:00,ETNB
2.845,2.845,2.845,2.845,100,2022-04-20 14:15:00,ETNB
2.85,2.85,2.85,2.85,100,2022-04-20 14:17:00,ETNB
2.83,2.83,2.83,2.83,100,2022-04-20 14:23:00,ETNB
2.795,2.795,2.795,2.795,100,2022-04-20 14:24:00,ETNB
2.78,2.785,2.76,2.76,400,2022-04-20 14:29:00,ETNB
2.78,2.78,2.78,2.78,200,2022-04-20 14:30:00,ETNB
2.78,2.78,2.78,2.78,11500,2022-04-20 14:33:00,ETNB
2.81,2.82,2.81,2.82,800,2022-04-20 14:34:00,ETNB
2.81,2.81,2.81,2.81,541,2022-04-20 14:36:00,ETNB
2.82,2.82,2.82,2.82,200,2022-04-20 14:43:00,ETNB
2.82,2.82,2.82,2.82,200,2022-04-20 14:45:00,ETNB
2.85,2.86,2.844,2.86,400,2022-04-20 15:00:00,ETNB
2.86,2.86,2.86,2.86,100,2022-04-20 15:06:00,ETNB
2.8601,2.8601,2.8601,2.8601,140,2022-04-20 15:07:00,ETNB
2.85,2.85,2.85,2.85,400,2022-04-20 15:10:00,ETNB
2.81,2.845,2.81,2.845,400,2022-04-20 15:11:00,ETNB
2.825,2.825,2.82,2.82,59715,2022-04-20 15:29:00,ETNB
2.825,2.85,2.825,2.83,750,2022-04-20 15:31:00,ETNB
2.83,2.83,2.83,2.83,100,2022-04-20 15:37:00,ETNB
2.83,2.85,2.83,2.835,2940,2022-04-20 15:38:00,ETNB
2.86,2.87,2.86,2.87,200,2022-04-20 15:44:00,ETNB
2.88,2.88,2.88,2.88,100,2022-04-20 15:48:00,ETNB
2.86,2.86,2.86,2.86,500,2022-04-20 15:57:00,ETNB
2.86,2.88,2.84,2.84,700,2022-04-20 15:58:00,ETNB
2.875,2.89,2.875,2.89,1800,2022-04-20 16:00:00,ETNB
2.92,2.92,2.92,2.92,200,2022-04-20 16:11:00,ETNB
2.89,2.89,2.89,2.89,100,2022-04-20 16:31:00,ETNB
2.89,2.89,2.845,2.8625,7320,2022-04-20 16:32:00,ETNB
2.8375,2.87,2.835,2.87,800,2022-04-20 16:33:00,ETNB
2.84,2.84,2.84,2.84,100,2022-04-20 16:40:00,ETNB
2.85,2.85,2.85,2.85,100,2022-04-20 16:50:00,ETNB
2.83,2.85,2.83,2.85,1000,2022-04-20 17:13:00,ETNB
2.855,2.855,2.855,2.855,100,2022-04-20 17:19:00,ETNB
2.87,2.87,2.87,2.87,100,2022-04-20 17:20:00,ETNB
2.868,2.868,2.868,2.868,1960,2022-04-20 17:24:00,ETNB
2.84,2.86,2.84,2.86,800,2022-04-20 17:25:00,ETNB
2.85,2.85,2.85,2.85,100,2022-04-20 17:32:00,ETNB
2.85,2.85,2.85,2.85,1100,2022-04-20 17:37:00,ETNB
2.8599,2.8599,2.8599,2.8599,330,2022-04-20 17:38:00,ETNB
2.85,2.85,2.84,2.85,316,2022-04-20 17:48:00,ETNB
2.855,2.855,2.855,2.855,100,2022-04-20 18:00:00,ETNB
2.86,2.86,2.8592,2.8592,750,2022-04-20 18:07:00,ETNB
2.86,2.86,2.86,2.86,250,2022-04-20 18:08:00,ETNB
2.86,2.88,2.86,2.86,400,2022-04-20 18:10:00,ETNB
2.84,2.84,2.84,2.84,100,2022-04-20 18:11:00,ETNB
2.845,2.845,2.84,2.84,200,2022-04-20 18:14:00,ETNB
2.84,2.85,2.83,2.8418,4012,2022-04-20 18:16:00,ETNB
2.85,2.865,2.845,2.865,2597,2022-04-20 18:17:00,ETNB
2.87,2.87,2.865,2.865,400,2022-04-20 18:31:00,ETNB
2.84,2.84,2.84,2.84,200,2022-04-20 18:35:00,ETNB
2.84,2.84,2.84,2.84,300,2022-04-20 18:40:00,ETNB
2.86,2.86,2.86,2.86,100,2022-04-20 18:41:00,ETNB
2.85,2.85,2.85,2.85,100,2022-04-20 18:52:00,ETNB
2.865,2.865,2.865,2.865,100,2022-04-20 18:56:00,ETNB
2.865,2.865,2.865,2.865,100,2022-04-20 19:05:00,ETNB
2.89,2.89,2.89,2.89,100,2022-04-20 19:08:00,ETNB
2.855,2.855,2.85,2.85,200,2022-04-20 19:12:00,ETNB
2.85,2.85,2.85,2.85,100,2022-04-20 19:14:00,ETNB
2.85,2.85,2.85,2.85,100,2022-04-20 19:20:00,ETNB
2.85,2.85,2.85,2.85,200,2022-04-20 19:23:00,ETNB
2.86,2.86,2.86,2.86,100,2022-04-20 19:25:00,ETNB
2.84,2.84,2.84,2.84,214,2022-04-20 19:29:00,ETNB
2.84,2.84,2.84,2.84,697,2022-04-20 19:31:00,ETNB
2.82,2.84,2.81,2.81,1825,2022-04-20 19:33:00,ETNB
2.85,2.85,2.85,2.85,100,2022-04-20 19:34:00,ETNB
2.835,2.835,2.835,2.835,100,2022-04-20 19:39:00,ETNB
2.835,2.835,2.835,2.835,100,2022-04-20 19:41:00,ETNB
2.83,2.83,2.83,2.83,284,2022-04-20 19:44:00,ETNB
2.82,2.83,2.82,2.83,200,2022-04-20 19:47:00,ETNB
2.83,2.83,2.82,2.82,896,2022-04-20 19:48:00,ETNB
2.82,2.82,2.82,2.82,100,2022-04-20 19:49:00,ETNB
2.83,2.83,2.82,2.82,500,2022-04-20 19:50:00,ETNB
2.82,2.82,2.82,2.82,200,2022-04-20 19:53:00,ETNB
2.82,2.8279,2.82,2.825,4241,2022-04-20 19:55:00,ETNB
2.82,2.83,2.82,2.825,1588,2022-04-20 19:58:00,ETNB
2.825,2.84,2.82,2.83,1800,2022-04-20 19:59:00,ETNB
2.84,2.84,2.84,2.84,1813,2022-04-20 20:00:00,ETNB
2.84,2.84,2.84,2.84,240,2022-04-20 20:55:00,ETNB
2.91,2.91,2.91,2.91,3286,2022-04-21 13:30:00,ETNB
2.91,2.94,2.91,2.94,300,2022-04-21 13:38:00,ETNB
2.8989,2.8989,2.8989,2.8989,100,2022-04-21 13:41:00,ETNB
2.87,2.87,2.87,2.87,10362,2022-04-21 13:45:00,ETNB
2.82,2.82,2.81,2.82,1153,2022-04-21 13:46:00,ETNB
2.82,2.82,2.82,2.82,300,2022-04-21 13:48:00,ETNB
2.82,2.82,2.79,2.79,200,2022-04-21 13:49:00,ETNB
2.8299,2.8299,2.8208,2.8208,400,2022-04-21 13:51:00,ETNB
2.7871,2.805,2.7871,2.805,1100,2022-04-21 13:55:00,ETNB
2.8027,2.8027,2.8027,2.8027,2000,2022-04-21 14:00:00,ETNB
2.76,2.76,2.76,2.76,100,2022-04-21 14:12:00,ETNB
2.7693,2.7693,2.7693,2.7693,700,2022-04-21 14:15:00,ETNB
2.75,2.77,2.75,2.77,1036,2022-04-21 14:17:00,ETNB
2.76,2.77,2.73,2.7653,2285,2022-04-21 14:21:00,ETNB
2.765,2.79,2.765,2.79,1305,2022-04-21 14:30:00,ETNB
2.795,2.795,2.795,2.795,400,2022-04-21 14:33:00,ETNB
2.772,2.772,2.772,2.772,183,2022-04-21 14:40:00,ETNB
2.71,2.8,2.7,2.8,16615,2022-04-21 14:44:00,ETNB
2.785,2.8,2.78,2.79,1919,2022-04-21 14:45:00,ETNB
2.785,2.785,2.785,2.785,400,2022-04-21 14:46:00,ETNB
2.785,2.785,2.785,2.785,500,2022-04-21 14:50:00,ETNB
2.79,2.79,2.79,2.79,400,2022-04-21 14:54:00,ETNB
2.78,2.78,2.78,2.78,100,2022-04-21 14:58:00,ETNB
2.79,2.8,2.79,2.8,400,2022-04-21 15:09:00,ETNB
2.8033,2.8033,2.8033,2.8033,200,2022-04-21 15:16:00,ETNB
2.78,2.8,2.78,2.8,500,2022-04-21 15:17:00,ETNB
2.8,2.8,2.8,2.8,200,2022-04-21 15:19:00,ETNB
2.82,2.82,2.82,2.82,300,2022-04-21 15:26:00,ETNB
2.8,2.8,2.8,2.8,137,2022-04-21 15:42:00,ETNB
2.84,2.84,2.8399,2.8399,250,2022-04-21 15:46:00,ETNB
2.84,2.84,2.83,2.83,500,2022-04-21 15:50:00,ETNB
2.83,2.83,2.83,2.83,703,2022-04-21 15:52:00,ETNB
2.84,2.84,2.84,2.84,200,2022-04-21 15:56:00,ETNB
2.84,2.84,2.84,2.84,100,2022-04-21 16:32:00,ETNB
2.85,2.92,2.85,2.92,3504,2022-04-21 16:44:00,ETNB
2.93,2.93,2.93,2.93,2131,2022-04-21 16:45:00,ETNB
2.96,2.96,2.93,2.96,877,2022-04-21 16:47:00,ETNB
2.935,2.94,2.935,2.94,300,2022-04-21 16:49:00,ETNB
2.9,2.925,2.9,2.925,729,2022-04-21 16:50:00,ETNB
2.925,2.925,2.925,2.925,100,2022-04-21 16:55:00,ETNB
2.9057,2.925,2.9057,2.925,1000,2022-04-21 16:56:00,ETNB
2.93,2.93,2.93,2.93,100,2022-04-21 17:00:00,ETNB
2.9012,2.93,2.9012,2.93,3871,2022-04-21 17:06:00,ETNB
2.93,2.94,2.925,2.925,1121,2022-04-21 17:08:00,ETNB
2.9134,2.94,2.9134,2.94,1100,2022-04-21 17:11:00,ETNB
2.93,2.93,2.93,2.93,100,2022-04-21 17:19:00,ETNB
2.94,2.98,2.94,2.98,935,2022-04-21 17:21:00,ETNB
2.96,2.96,2.96,2.96,100,2022-04-21 17:22:00,ETNB
2.9458,2.9458,2.9458,2.9458,100,2022-04-21 17:29:00,ETNB
2.98,3.01,2.98,2.995,918,2022-04-21 17:31:00,ETNB
3.034,3.034,3.02,3.02,1601,2022-04-21 17:35:00,ETNB
2.98,3.015,2.98,3.015,279,2022-04-21 17:36:00,ETNB
2.99,2.99,2.99,2.99,100,2022-04-21 17:38:00,ETNB
3.009,3.01,2.99,3.01,2466,2022-04-21 17:39:00,ETNB
3.005,3.005,3.005,3.005,500,2022-04-21 17:40:00,ETNB
2.995,2.995,2.995,2.995,100,2022-04-21 17:42:00,ETNB
3.01,3.01,2.995,2.995,600,2022-04-21 17:43:00,ETNB
2.97,2.97,2.9401,2.97,1300,2022-04-21 17:44:00,ETNB
2.955,2.955,2.955,2.955,100,2022-04-21 17:47:00,ETNB
2.95,2.95,2.95,2.95,100,2022-04-21 17:50:00,ETNB
2.95,2.95,2.94,2.94,300,2022-04-21 18:02:00,ETNB
2.94,2.94,2.935,2.935,200,2022-04-21 18:03:00,ETNB
2.935,2.935,2.935,2.935,100,2022-04-21 18:05:00,ETNB
2.9361,2.9361,2.9361,2.9361,1000,2022-04-21 18:09:00,ETNB
2.93,2.93,2.93,2.93,200,2022-04-21 18:12:00,ETNB
2.92,2.92,2.92,2.92,200,2022-04-21 18:15:00,ETNB
2.92,2.93,2.92,2.93,1517,2022-04-21 18:16:00,ETNB
2.94,2.95,2.94,2.95,500,2022-04-21 18:21:00,ETNB
2.9202,2.95,2.9202,2.95,2734,2022-04-21 18:23:00,ETNB
2.95,2.95,2.95,2.95,100,2022-04-21 18:25:00,ETNB
2.95,2.95,2.95,2.95,100,2022-04-21 18:36:00,ETNB
2.95,2.95,2.95,2.95,100,2022-04-21 18:37:00,ETNB
2.95,2.95,2.95,2.95,100,2022-04-21 18:41:00,ETNB
2.945,2.945,2.945,2.945,100,2022-04-21 18:52:00,ETNB
2.945,2.945,2.945,2.945,100,2022-04-21 18:53:00,ETNB
2.945,2.945,2.945,2.945,100,2022-04-21 18:54:00,ETNB
2.9301,2.9301,2.9301,2.9301,1000,2022-04-21 18:58:00,ETNB
2.93,2.93,2.93,2.93,100,2022-04-21 19:00:00,ETNB
2.945,2.945,2.945,2.945,100,2022-04-21 19:01:00,ETNB
2.945,2.945,2.945,2.945,100,2022-04-21 19:05:00,ETNB
2.95,2.95,2.92,2.935,7718,2022-04-21 19:06:00,ETNB
2.92,2.92,2.92,2.92,200,2022-04-21 19:08:00,ETNB
2.92,2.92,2.92,2.92,100,2022-04-21 19:09:00,ETNB
2.9,2.9,2.9,2.9,1309,2022-04-21 19:10:00,ETNB
2.9,2.9,2.9,2.9,300,2022-04-21 19:13:00,ETNB
2.875,2.9,2.875,2.89,2319,2022-04-21 19:16:00,ETNB
2.9,2.91,2.9,2.91,300,2022-04-21 19:18:00,ETNB
2.91,2.91,2.89,2.89,300,2022-04-21 19:19:00,ETNB
2.9,2.9,2.9,2.9,100,2022-04-21 19:25:00,ETNB
2.89,2.89,2.89,2.89,100,2022-04-21 19:32:00,ETNB
2.89,2.89,2.89,2.89,100,2022-04-21 19:34:00,ETNB
2.89,2.9,2.89,2.895,700,2022-04-21 19:36:00,ETNB
2.89,2.89,2.89,2.89,100,2022-04-21 19:40:00,ETNB
2.89,2.89,2.89,2.89,100,2022-04-21 19:42:00,ETNB
2.89,2.895,2.89,2.895,300,2022-04-21 19:43:00,ETNB
2.88,2.895,2.88,2.895,200,2022-04-21 19:44:00,ETNB
2.89,2.89,2.89,2.89,100,2022-04-21 19:45:00,ETNB
2.885,2.885,2.88,2.88,600,2022-04-21 19:46:00,ETNB
2.885,2.885,2.88,2.88,200,2022-04-21 19:47:00,ETNB
2.89,2.89,2.89,2.89,100,2022-04-21 19:50:00,ETNB
2.88,2.9,2.88,2.9,600,2022-04-21 19:53:00,ETNB
2.9,2.9,2.9,2.9,267,2022-04-21 19:56:00,ETNB
2.895,2.91,2.895,2.91,200,2022-04-21 19:57:00,ETNB
2.91,2.91,2.89,2.89,200,2022-04-21 19:58:00,ETNB
2.885,2.91,2.87,2.91,500,2022-04-21 19:59:00,ETNB
2.87,2.87,2.87,2.87,4282,2022-04-21 20:00:00,ETNB
2.87,2.87,2.87,2.87,150,2022-04-21 20:01:00,ETNB
2.87,2.87,2.87,2.87,1320,2022-04-21 20:31:00,ETNB
2.87,2.87,2.87,2.87,540,2022-04-22 13:30:00,ETNB
2.885,2.885,2.885,2.885,100,2022-04-22 13:35:00,ETNB
2.88,2.88,2.88,2.88,100,2022-04-22 13:42:00,ETNB
2.86,2.86,2.86,2.86,100,2022-04-22 13:44:00,ETNB
2.86,2.87,2.86,2.86,1195,2022-04-22 13:45:00,ETNB
2.85,2.85,2.825,2.825,2001,2022-04-22 13:46:00,ETNB
2.8599,2.8599,2.8599,2.8599,100,2022-04-22 13:49:00,ETNB
2.86,2.86,2.81,2.81,1100,2022-04-22 13:52:00,ETNB
2.8,2.8,2.8,2.8,100,2022-04-22 13:56:00,ETNB
2.8117,2.8117,2.8117,2.8117,100,2022-04-22 13:59:00,ETNB
2.84,2.84,2.825,2.825,600,2022-04-22 14:01:00,ETNB
2.81,2.81,2.81,2.81,400,2022-04-22 14:03:00,ETNB
2.8238,2.8238,2.81,2.81,500,2022-04-22 14:05:00,ETNB
2.83,2.831,2.81,2.83,1600,2022-04-22 14:06:00,ETNB
2.8499,2.8499,2.8499,2.8499,115,2022-04-22 14:07:00,ETNB
2.79,2.79,2.79,2.79,250,2022-04-22 14:13:00,ETNB
2.76,2.76,2.76,2.76,100,2022-04-22 14:22:00,ETNB
2.772,2.772,2.76,2.76,1050,2022-04-22 14:23:00,ETNB
2.76,2.76,2.73,2.73,2564,2022-04-22 14:24:00,ETNB
2.7499,2.7499,2.7499,2.7499,2000,2022-04-22 14:27:00,ETNB
2.73,2.73,2.6805,2.72,8689,2022-04-22 14:28:00,ETNB
2.7299,2.7299,2.71,2.7299,3700,2022-04-22 14:29:00,ETNB
2.7,2.73,2.7,2.72,1700,2022-04-22 14:32:00,ETNB
2.72,2.76,2.72,2.76,1223,2022-04-22 14:34:00,ETNB
2.73,2.73,2.73,2.73,100,2022-04-22 14:35:00,ETNB
2.76,2.78,2.76,2.78,200,2022-04-22 14:38:00,ETNB
2.75,2.75,2.75,2.75,1180,2022-04-22 14:44:00,ETNB
2.74,2.74,2.74,2.74,100,2022-04-22 14:46:00,ETNB
2.76,2.76,2.76,2.76,100,2022-04-22 14:48:00,ETNB
2.77,2.77,2.77,2.77,100,2022-04-22 14:50:00,ETNB
2.77,2.77,2.77,2.77,100,2022-04-22 14:51:00,ETNB
2.7825,2.79,2.775,2.775,300,2022-04-22 15:00:00,ETNB
2.77,2.79,2.77,2.79,599,2022-04-22 15:06:00,ETNB
2.755,2.755,2.755,2.755,100,2022-04-22 15:08:00,ETNB
2.755,2.755,2.755,2.755,229,2022-04-22 15:09:00,ETNB
2.78,2.78,2.78,2.78,200,2022-04-22 15:10:00,ETNB
2.78,2.78,2.78,2.78,100,2022-04-22 15:13:00,ETNB
2.755,2.755,2.755,2.755,100,2022-04-22 15:17:00,ETNB
2.745,2.75,2.745,2.75,300,2022-04-22 15:20:00,ETNB
2.74,2.74,2.74,2.74,100,2022-04-22 15:21:00,ETNB
2.75,2.75,2.75,2.75,300,2022-04-22 15:22:00,ETNB
2.7402,2.7402,2.7402,2.7402,2000,2022-04-22 15:24:00,ETNB
2.75,2.75,2.75,2.75,400,2022-04-22 15:28:00,ETNB
2.75,2.75,2.75,2.75,100,2022-04-22 15:29:00,ETNB
2.75,2.76,2.75,2.76,200,2022-04-22 15:32:00,ETNB
2.765,2.765,2.765,2.765,100,2022-04-22 15:42:00,ETNB
2.765,2.79,2.7401,2.7401,3485,2022-04-22 15:44:00,ETNB
2.7675,2.7675,2.75,2.75,400,2022-04-22 15:50:00,ETNB
2.75,2.75,2.75,2.75,100,2022-04-22 15:52:00,ETNB
2.74,2.74,2.74,2.74,300,2022-04-22 15:53:00,ETNB
2.745,2.745,2.745,2.745,2000,2022-04-22 15:54:00,ETNB
2.745,2.745,2.745,2.745,300,2022-04-22 15:56:00,ETNB
2.75,2.75,2.75,2.75,400,2022-04-22 15:57:00,ETNB
2.74,2.74,2.74,2.74,500,2022-04-22 16:06:00,ETNB
2.7346,2.7346,2.7346,2.7346,100,2022-04-22 16:08:00,ETNB
2.745,2.745,2.745,2.745,200,2022-04-22 16:13:00,ETNB
2.745,2.745,2.745,2.745,500,2022-04-22 16:15:00,ETNB
2.74,2.74,2.74,2.74,200,2022-04-22 16:18:00,ETNB
2.75,2.75,2.75,2.75,100,2022-04-22 16:27:00,ETNB
2.75,2.77,2.745,2.76,899,2022-04-22 16:31:00,ETNB
2.78,2.81,2.78,2.81,600,2022-04-22 16:37:00,ETNB
2.76,2.76,2.76,2.76,100,2022-04-22 16:46:00,ETNB
2.76,2.76,2.755,2.76,900,2022-04-22 16:51:00,ETNB
2.7401,2.7401,2.74,2.74,5300,2022-04-22 16:56:00,ETNB
2.72,2.72,2.72,2.72,100,2022-04-22 17:12:00,ETNB
2.72,2.72,2.72,2.72,598,2022-04-22 17:13:00,ETNB
2.72,2.72,2.72,2.72,100,2022-04-22 17:15:00,ETNB
2.7122,2.7122,2.7122,2.7122,100,2022-04-22 17:16:00,ETNB
2.7,2.71,2.7,2.71,400,2022-04-22 17:26:00,ETNB
2.72,2.72,2.72,2.72,470,2022-04-22 17:28:00,ETNB
2.7,2.7,2.7,2.7,800,2022-04-22 17:33:00,ETNB
2.7,2.7,2.7,2.7,200,2022-04-22 17:34:00,ETNB
2.7,2.7,2.7,2.7,200,2022-04-22 17:38:00,ETNB
2.71,2.71,2.7,2.7,1499,2022-04-22 17:40:00,ETNB
2.71,2.71,2.71,2.71,1000,2022-04-22 17:43:00,ETNB
2.73,2.73,2.73,2.73,100,2022-04-22 17:47:00,ETNB
2.7,2.7,2.7,2.7,1019,2022-04-22 17:48:00,ETNB
2.7,2.7,2.69,2.69,400,2022-04-22 17:53:00,ETNB
2.7,2.7,2.68,2.68,2500,2022-04-22 17:56:00,ETNB
2.68,2.68,2.68,2.68,200,2022-04-22 17:58:00,ETNB
2.67,2.67,2.67,2.67,200,2022-04-22 18:03:00,ETNB
2.65,2.65,2.65,2.65,200,2022-04-22 18:04:00,ETNB
2.67,2.69,2.67,2.69,1500,2022-04-22 18:06:00,ETNB
2.7,2.7,2.7,2.7,100,2022-04-22 18:13:00,ETNB
2.6965,2.6965,2.69,2.69,200,2022-04-22 18:19:00,ETNB
2.705,2.71,2.705,2.71,1100,2022-04-22 18:23:00,ETNB
2.7,2.7,2.7,2.7,800,2022-04-22 18:24:00,ETNB
2.7,2.7,2.69,2.69,1867,2022-04-22 18:25:00,ETNB
2.69,2.69,2.69,2.69,100,2022-04-22 18:26:00,ETNB
2.6981,2.6981,2.6981,2.6981,232,2022-04-22 18:29:00,ETNB
2.68,2.68,2.68,2.68,300,2022-04-22 18:31:00,ETNB
2.66,2.66,2.66,2.66,349,2022-04-22 18:33:00,ETNB
2.66,2.67,2.66,2.67,500,2022-04-22 18:36:00,ETNB
2.6701,2.6701,2.6701,2.6701,7500,2022-04-22 18:39:00,ETNB
2.67,2.67,2.67,2.67,100,2022-04-22 18:42:00,ETNB
2.68,2.69,2.68,2.685,1139,2022-04-22 18:45:00,ETNB
2.7,2.7,2.7,2.7,100,2022-04-22 18:47:00,ETNB
2.69,2.6999,2.69,2.69,2098,2022-04-22 18:49:00,ETNB
2.675,2.675,2.675,2.675,300,2022-04-22 18:54:00,ETNB
2.675,2.68,2.675,2.68,400,2022-04-22 18:59:00,ETNB
2.68,2.69,2.675,2.675,600,2022-04-22 19:01:00,ETNB
2.68,2.68,2.68,2.68,100,2022-04-22 19:04:00,ETNB
2.69,2.69,2.69,2.69,300,2022-04-22 19:06:00,ETNB
2.7,2.7,2.695,2.695,4198,2022-04-22 19:12:00,ETNB
2.7,2.7,2.695,2.7,2002,2022-04-22 19:14:00,ETNB
2.69,2.69,2.69,2.69,100,2022-04-22 19:15:00,ETNB
2.7099,2.7099,2.7,2.7,200,2022-04-22 19:17:00,ETNB
2.7,2.7,2.7,2.7,100,2022-04-22 19:18:00,ETNB
2.7,2.7,2.7,2.7,200,2022-04-22 19:19:00,ETNB
2.7,2.7,2.7,2.7,100,2022-04-22 19:21:00,ETNB
2.69,2.69,2.65,2.6699,4742,2022-04-22 19:25:00,ETNB
2.66,2.66,2.66,2.66,300,2022-04-22 19:26:00,ETNB
2.67,2.67,2.66,2.66,600,2022-04-22 19:31:00,ETNB
2.68,2.68,2.67,2.67,700,2022-04-22 19:32:00,ETNB
2.69,2.69,2.68,2.68,4245,2022-04-22 19:34:00,ETNB
2.68,2.68,2.63,2.63,9782,2022-04-22 19:35:00,ETNB
2.65,2.65,2.63,2.635,900,2022-04-22 19:36:00,ETNB
2.63,2.65,2.63,2.65,6319,2022-04-22 19:37:00,ETNB
2.64,2.64,2.64,2.64,100,2022-04-22 19:39:00,ETNB
2.65,2.65,2.65,2.65,2000,2022-04-22 19:40:00,ETNB
2.64,2.64,2.64,2.64,124,2022-04-22 19:41:00,ETNB
2.64,2.64,2.64,2.64,100,2022-04-22 19:43:00,ETNB
2.63,2.64,2.63,2.64,939,2022-04-22 19:44:00,ETNB
2.635,2.65,2.635,2.65,1600,2022-04-22 19:45:00,ETNB
2.645,2.65,2.645,2.65,500,2022-04-22 19:46:00,ETNB
2.65,2.65,2.65,2.65,400,2022-04-22 19:47:00,ETNB
2.645,2.645,2.645,2.645,100,2022-04-22 19:49:00,ETNB
2.65,2.65,2.65,2.65,200,2022-04-22 19:50:00,ETNB
2.65,2.65,2.645,2.65,1388,2022-04-22 19:51:00,ETNB
2.65,2.65,2.65,2.65,100,2022-04-22 19:52:00,ETNB
2.67,2.67,2.67,2.67,200,2022-04-22 19:53:00,ETNB
2.67,2.67,2.67,2.67,100,2022-04-22 19:54:00,ETNB
2.67,2.67,2.65,2.67,1500,2022-04-22 19:55:00,ETNB
2.67,2.67,2.65,2.66,600,2022-04-22 19:56:00,ETNB
2.66,2.68,2.66,2.67,1000,2022-04-22 19:57:00,ETNB
2.68,2.68,2.66,2.68,2447,2022-04-22 19:58:00,ETNB
2.68,2.68,2.66,2.67,1805,2022-04-22 19:59:00,ETNB
2.67,2.67,2.67,2.67,6386,2022-04-22 20:00:00,ETNB
2.67,2.67,2.67,2.67,651,2022-04-22 20:50:00,ETNB
2.61,2.635,2.6,2.6,1881,2022-04-25 13:30:00,ETNB
2.6055,2.6055,2.6055,2.6055,431,2022-04-25 13:31:00,ETNB
2.635,2.635,2.62,2.62,2195,2022-04-25 13:32:00,ETNB
2.63,2.63,2.63,2.63,100,2022-04-25 13:37:00,ETNB
2.65,2.65,2.65,2.65,374,2022-04-25 13:42:00,ETNB
2.67,2.67,2.67,2.67,3840,2022-04-25 13:43:00,ETNB
2.635,2.635,2.635,2.635,100,2022-04-25 13:44:00,ETNB
2.69,2.69,2.675,2.675,300,2022-04-25 13:45:00,ETNB
2.7,2.7,2.7,2.7,627,2022-04-25 13:50:00,ETNB
2.71,2.71,2.71,2.71,100,2022-04-25 13:52:00,ETNB
2.71,2.71,2.71,2.71,347,2022-04-25 13:53:00,ETNB
2.67,2.67,2.67,2.67,100,2022-04-25 14:00:00,ETNB
2.7257,2.7257,2.67,2.67,1705,2022-04-25 14:03:00,ETNB
2.67,2.671,2.63,2.63,1553,2022-04-25 14:07:00,ETNB
2.6668,2.6668,2.6668,2.6668,500,2022-04-25 14:13:00,ETNB
2.67,2.68,2.67,2.68,200,2022-04-25 14:14:00,ETNB
2.62,2.62,2.62,2.62,100,2022-04-25 14:16:00,ETNB
2.65,2.65,2.62,2.62,2058,2022-04-25 14:24:00,ETNB
2.6698,2.6698,2.64,2.64,1465,2022-04-25 14:26:00,ETNB
2.62,2.62,2.62,2.62,100,2022-04-25 14:28:00,ETNB
2.61,2.66,2.61,2.66,200,2022-04-25 14:33:00,ETNB
2.67,2.68,2.6698,2.6698,300,2022-04-25 14:34:00,ETNB
2.71,2.72,2.71,2.72,500,2022-04-25 14:35:00,ETNB
2.73,2.73,2.73,2.73,100,2022-04-25 14:38:00,ETNB
2.71,2.71,2.71,2.71,100,2022-04-25 14:49:00,ETNB
2.7,2.7015,2.675,2.675,6594,2022-04-25 14:54:00,ETNB
2.645,2.645,2.645,2.645,200,2022-04-25 15:03:00,ETNB
2.64,2.64,2.64,2.64,100,2022-04-25 15:09:00,ETNB
2.64,2.64,2.64,2.64,100,2022-04-25 15:19:00,ETNB
2.655,2.655,2.655,2.655,350,2022-04-25 15:25:00,ETNB
2.65,2.655,2.65,2.655,300,2022-04-25 15:44:00,ETNB
2.6501,2.66,2.65,2.66,14398,2022-04-25 15:46:00,ETNB
2.65,2.66,2.6499,2.66,6144,2022-04-25 15:56:00,ETNB
2.68,2.68,2.68,2.68,300,2022-04-25 16:06:00,ETNB
2.69,2.69,2.69,2.69,100,2022-04-25 16:07:00,ETNB
2.7,2.7,2.7,2.7,200,2022-04-25 16:08:00,ETNB
2.72,2.72,2.72,2.72,100,2022-04-25 16:15:00,ETNB
2.7,2.7,2.7,2.7,100,2022-04-25 16:20:00,ETNB
2.7,2.7,2.7,2.7,100,2022-04-25 16:22:00,ETNB
2.7,2.7,2.7,2.7,100,2022-04-25 16:30:00,ETNB
2.72,2.75,2.72,2.725,10399,2022-04-25 16:44:00,ETNB
2.72,2.72,2.72,2.72,100,2022-04-25 16:50:00,ETNB
2.7099,2.71,2.705,2.71,2237,2022-04-25 17:06:00,ETNB
2.73,2.73,2.73,2.73,100,2022-04-25 17:07:00,ETNB
2.73,2.73,2.72,2.72,2481,2022-04-25 17:13:00,ETNB
2.71,2.71,2.71,2.71,100,2022-04-25 17:14:00,ETNB
2.73,2.73,2.73,2.73,235,2022-04-25 17:21:00,ETNB
2.71,2.71,2.71,2.71,100,2022-04-25 17:24:00,ETNB
2.72,2.72,2.72,2.72,1007,2022-04-25 17:26:00,ETNB
2.71,2.71,2.71,2.71,100,2022-04-25 17:27:00,ETNB
2.7238,2.7238,2.7238,2.7238,150,2022-04-25 17:29:00,ETNB
2.73,2.74,2.73,2.74,700,2022-04-25 17:30:00,ETNB
2.7382,2.7382,2.7382,2.7382,100,2022-04-25 17:36:00,ETNB
2.75,2.75,2.75,2.75,402,2022-04-25 17:48:00,ETNB
2.76,2.76,2.76,2.76,266,2022-04-25 17:49:00,ETNB
2.7657,2.7657,2.7657,2.7657,200,2022-04-25 17:50:00,ETNB
2.7646,2.7646,2.7646,2.7646,124,2022-04-25 17:51:00,ETNB
2.75,2.75,2.75,2.75,100,2022-04-25 17:56:00,ETNB
2.765,2.765,2.765,2.765,150,2022-04-25 17:57:00,ETNB
2.7621,2.7621,2.7621,2.7621,100,2022-04-25 17:59:00,ETNB
2.77,2.77,2.7663,2.7663,300,2022-04-25 18:09:00,ETNB
2.77,2.77,2.77,2.77,100,2022-04-25 18:16:00,ETNB
2.8,2.8,2.8,2.8,100,2022-04-25 18:29:00,ETNB
2.8,2.8,2.8,2.8,100,2022-04-25 18:33:00,ETNB
2.8049,2.81,2.8049,2.81,1850,2022-04-25 18:36:00,ETNB
2.79,2.79,2.79,2.79,100,2022-04-25 18:40:00,ETNB
2.765,2.765,2.76,2.76,1100,2022-04-25 18:41:00,ETNB
2.79,2.8,2.79,2.799,802,2022-04-25 18:43:00,ETNB
2.8,2.81,2.8,2.8,400,2022-04-25 18:49:00,ETNB
2.81,2.81,2.81,2.81,189,2022-04-25 18:51:00,ETNB
2.8,2.8,2.8,2.8,100,2022-04-25 18:55:00,ETNB
2.8102,2.8102,2.8102,2.8102,1000,2022-04-25 18:56:00,ETNB
2.8019,2.8019,2.8019,2.8019,120,2022-04-25 18:57:00,ETNB
2.8,2.8,2.8,2.8,200,2022-04-25 18:58:00,ETNB
2.79,2.79,2.79,2.79,200,2022-04-25 19:00:00,ETNB
2.78,2.78,2.78,2.78,100,2022-04-25 19:03:00,ETNB
2.755,2.764,2.755,2.764,264,2022-04-25 19:10:00,ETNB
2.744,2.744,2.744,2.744,478,2022-04-25 19:14:00,ETNB
2.76,2.76,2.76,2.76,200,2022-04-25 19:15:00,ETNB
2.77,2.77,2.76,2.76,300,2022-04-25 19:16:00,ETNB
2.77,2.77,2.77,2.77,100,2022-04-25 19:26:00,ETNB
2.77,2.77,2.77,2.77,300,2022-04-25 19:27:00,ETNB
2.785,2.785,2.785,2.785,111,2022-04-25 19:29:00,ETNB
2.77,2.77,2.77,2.77,100,2022-04-25 19:33:00,ETNB
2.77,2.77,2.77,2.77,400,2022-04-25 19:37:00,ETNB
2.775,2.775,2.775,2.775,100,2022-04-25 19:38:00,ETNB
2.78,2.78,2.77,2.77,300,2022-04-25 19:39:00,ETNB
2.77,2.77,2.75,2.75,600,2022-04-25 19:41:00,ETNB
2.75,2.75,2.73,2.73,600,2022-04-25 19:42:00,ETNB
2.76,2.76,2.74,2.75,1198,2022-04-25 19:43:00,ETNB
2.73,2.73,2.73,2.73,100,2022-04-25 19:45:00,ETNB
2.74,2.74,2.74,2.74,100,2022-04-25 19:49:00,ETNB
2.74,2.75,2.74,2.75,300,2022-04-25 19:50:00,ETNB
2.74,2.74,2.74,2.74,100,2022-04-25 19:53:00,ETNB
2.755,2.755,2.755,2.755,100,2022-04-25 19:54:00,ETNB
2.75,2.75,2.75,2.75,300,2022-04-25 19:55:00,ETNB
2.75,2.75,2.745,2.745,400,2022-04-25 19:56:00,ETNB
2.75,2.77,2.75,2.76,300,2022-04-25 19:59:00,ETNB
2.76,2.76,2.76,2.76,3264,2022-04-25 20:00:00,ETNB
2.81,2.81,2.81,2.81,100,2022-04-26 12:56:00,ETNB
2.8,2.85,2.79,2.85,7897,2022-04-26 13:30:00,ETNB
2.86,2.86,2.86,2.86,100,2022-04-26 13:31:00,ETNB
2.8113,2.8113,2.8113,2.8113,1184,2022-04-26 13:32:00,ETNB
2.79,2.7947,2.78,2.7947,788,2022-04-26 13:38:00,ETNB
2.8073,2.8073,2.8073,2.8073,250,2022-04-26 13:44:00,ETNB
2.8,2.8,2.79,2.79,598,2022-04-26 13:45:00,ETNB
2.82,2.82,2.82,2.82,100,2022-04-26 13:47:00,ETNB
2.77,2.77,2.77,2.77,200,2022-04-26 13:51:00,ETNB
2.765,2.765,2.75,2.75,200,2022-04-26 13:54:00,ETNB
2.75,2.75,2.744,2.744,796,2022-04-26 13:59:00,ETNB
2.7106,2.7106,2.7106,2.7106,5000,2022-04-26 14:10:00,ETNB
2.71,2.7102,2.71,2.7102,5295,2022-04-26 14:11:00,ETNB
2.65,2.65,2.65,2.65,100,2022-04-26 14:18:00,ETNB
2.67,2.67,2.67,2.67,100,2022-04-26 14:20:00,ETNB
2.656,2.656,2.656,2.656,2000,2022-04-26 14:22:00,ETNB
2.68,2.69,2.68,2.69,300,2022-04-26 14:23:00,ETNB
2.6989,2.6989,2.6989,2.6989,520,2022-04-26 14:29:00,ETNB
2.69,2.71,2.69,2.69,10252,2022-04-26 14:30:00,ETNB
2.71,2.71,2.71,2.71,100,2022-04-26 14:31:00,ETNB
2.695,2.695,2.695,2.695,100,2022-04-26 14:36:00,ETNB
2.695,2.695,2.695,2.695,100,2022-04-26 14:38:00,ETNB
2.685,2.685,2.685,2.685,100,2022-04-26 14:43:00,ETNB
2.68,2.69,2.6798,2.69,800,2022-04-26 14:52:00,ETNB
2.72,2.72,2.72,2.72,100,2022-04-26 15:08:00,ETNB
2.72,2.72,2.72,2.72,100,2022-04-26 15:09:00,ETNB
2.69,2.69,2.69,2.69,100,2022-04-26 15:13:00,ETNB
2.72,2.74,2.72,2.74,679,2022-04-26 15:23:00,ETNB
2.71,2.71,2.71,2.71,150,2022-04-26 15:32:00,ETNB
2.7197,2.7197,2.7197,2.7197,400,2022-04-26 15:33:00,ETNB
2.72,2.72,2.69,2.69,200,2022-04-26 15:35:00,ETNB
2.72,2.728,2.72,2.728,232,2022-04-26 15:36:00,ETNB
2.71,2.71,2.7,2.7,900,2022-04-26 15:42:00,ETNB
2.7,2.7,2.692,2.7,6253,2022-04-26 15:43:00,ETNB
2.7,2.7,2.7,2.7,100,2022-04-26 15:44:00,ETNB
2.71,2.72,2.71,2.72,200,2022-04-26 15:46:00,ETNB
2.7088,2.7088,2.7088,2.7088,2000,2022-04-26 15:47:00,ETNB
2.69,2.69,2.65,2.65,700,2022-04-26 15:48:00,ETNB
2.6672,2.67,2.6672,2.67,2000,2022-04-26 15:52:00,ETNB
2.67,2.67,2.67,2.67,5100,2022-04-26 15:53:00,ETNB
2.65,2.65,2.61,2.65,1285,2022-04-26 15:54:00,ETNB
2.63,2.65,2.63,2.65,1860,2022-04-26 15:55:00,ETNB
2.65,2.65,2.65,2.65,100,2022-04-26 15:57:00,ETNB
2.66,2.66,2.65,2.65,339,2022-04-26 15:59:00,ETNB
2.6823,2.6823,2.6823,2.6823,300,2022-04-26 16:11:00,ETNB
2.69,2.69,2.69,2.69,200,2022-04-26 16:14:00,ETNB
2.7,2.7,2.68,2.68,200,2022-04-26 16:15:00,ETNB
2.67,2.67,2.67,2.67,100,2022-04-26 16:16:00,ETNB
2.6756,2.6756,2.6756,2.6756,300,2022-04-26 16:17:00,ETNB
2.7,2.7,2.7,2.7,100,2022-04-26 16:18:00,ETNB
2.7,2.7,2.67,2.6862,450,2022-04-26 16:20:00,ETNB
2.7,2.7,2.7,2.7,100,2022-04-26 16:22:00,ETNB
2.69,2.69,2.69,2.69,100,2022-04-26 16:23:00,ETNB
2.68,2.68,2.68,2.68,100,2022-04-26 16:49:00,ETNB
2.6882,2.6882,2.6882,2.6882,1000,2022-04-26 16:50:00,ETNB
2.67,2.67,2.67,2.67,100,2022-04-26 16:51:00,ETNB
2.71,2.71,2.67,2.67,400,2022-04-26 16:54:00,ETNB
2.71,2.71,2.71,2.71,100,2022-04-26 16:55:00,ETNB
2.7,2.7,2.7,2.7,201,2022-04-26 16:59:00,ETNB
2.705,2.71,2.7,2.71,600,2022-04-26 17:00:00,ETNB
2.7,2.7,2.7,2.7,100,2022-04-26 17:01:00,ETNB
2.69,2.7096,2.69,2.7096,1846,2022-04-26 17:02:00,ETNB
2.65,2.66,2.6467,2.66,2211,2022-04-26 17:09:00,ETNB
2.65,2.65,2.65,2.65,200,2022-04-26 17:11:00,ETNB
2.645,2.645,2.645,2.645,100,2022-04-26 17:16:00,ETNB
2.6474,2.6474,2.6474,2.6474,1000,2022-04-26 17:21:00,ETNB
2.62,2.6555,2.62,2.6555,565,2022-04-26 17:22:00,ETNB
2.66,2.66,2.66,2.66,100,2022-04-26 17:25:00,ETNB
2.63,2.63,2.63,2.63,200,2022-04-26 17:42:00,ETNB
2.65,2.65,2.64,2.64,200,2022-04-26 17:43:00,ETNB
2.6554,2.6554,2.6554,2.6554,200,2022-04-26 17:46:00,ETNB
2.66,2.66,2.66,2.66,300,2022-04-26 17:48:00,ETNB
2.62,2.62,2.62,2.62,100,2022-04-26 18:03:00,ETNB
2.63,2.63,2.63,2.63,100,2022-04-26 18:13:00,ETNB
2.64,2.64,2.64,2.64,100,2022-04-26 18:20:00,ETNB
2.66,2.66,2.66,2.66,100,2022-04-26 18:21:00,ETNB
2.6746,2.6746,2.6746,2.6746,500,2022-04-26 18:31:00,ETNB
2.69,2.69,2.69,2.69,100,2022-04-26 18:41:00,ETNB
2.66,2.66,2.66,2.66,100,2022-04-26 18:42:00,ETNB
2.64,2.64,2.64,2.64,100,2022-04-26 18:50:00,ETNB
2.645,2.645,2.645,2.645,100,2022-04-26 18:53:00,ETNB
2.67,2.67,2.67,2.67,100,2022-04-26 18:54:00,ETNB
2.67,2.69,2.67,2.69,614,2022-04-26 18:55:00,ETNB
2.7,2.7,2.7,2.7,100,2022-04-26 18:56:00,ETNB
2.67,2.7,2.67,2.7,200,2022-04-26 18:57:00,ETNB
2.67,2.67,2.67,2.67,100,2022-04-26 19:00:00,ETNB
2.696,2.696,2.696,2.696,100,2022-04-26 19:01:00,ETNB
2.665,2.665,2.665,2.665,100,2022-04-26 19:05:00,ETNB
2.6592,2.6592,2.6592,2.6592,500,2022-04-26 19:19:00,ETNB
2.66,2.66,2.64,2.65,600,2022-04-26 19:20:00,ETNB
2.65,2.65,2.63,2.63,300,2022-04-26 19:21:00,ETNB
2.63,2.63,2.63,2.63,100,2022-04-26 19:22:00,ETNB
2.645,2.645,2.645,2.645,100,2022-04-26 19:30:00,ETNB
2.63,2.63,2.63,2.63,100,2022-04-26 19:31:00,ETNB
2.6101,2.6101,2.61,2.6101,2375,2022-04-26 19:33:00,ETNB
2.61,2.6259,2.61,2.61,2200,2022-04-26 19:35:00,ETNB
2.61,2.61,2.61,2.61,500,2022-04-26 19:36:00,ETNB
2.63,2.63,2.62,2.62,200,2022-04-26 19:40:00,ETNB
2.625,2.625,2.625,2.625,100,2022-04-26 19:42:00,ETNB
2.61,2.64,2.61,2.64,600,2022-04-26 19:43:00,ETNB
2.64,2.67,2.64,2.67,700,2022-04-26 19:44:00,ETNB
2.655,2.6996,2.655,2.67,7704,2022-04-26 19:48:00,ETNB
2.7,2.7,2.66,2.68,2400,2022-04-26 19:49:00,ETNB
2.66,2.68,2.66,2.68,1400,2022-04-26 19:50:00,ETNB
2.65,2.65,2.65,2.65,400,2022-04-26 19:52:00,ETNB
2.68,2.68,2.68,2.68,100,2022-04-26 19:53:00,ETNB
2.66,2.67,2.66,2.67,700,2022-04-26 19:55:00,ETNB
2.65,2.665,2.65,2.665,300,2022-04-26 19:56:00,ETNB
2.65,2.65,2.63,2.63,700,2022-04-26 19:58:00,ETNB
2.63,2.65,2.63,2.65,1400,2022-04-26 19:59:00,ETNB
2.65,2.65,2.65,2.65,4509,2022-04-26 20:00:00,ETNB
2.65,2.65,2.65,2.65,168,2022-04-26 20:01:00,ETNB
2.65,2.65,2.65,2.65,696,2022-04-26 20:52:00,ETNB
2.63,2.685,2.63,2.65,955,2022-04-27 13:30:00,ETNB
2.67,2.67,2.6693,2.6693,200,2022-04-27 13:41:00,ETNB
2.7017,2.7017,2.7017,2.7017,264,2022-04-27 13:42:00,ETNB
2.66,2.66,2.62,2.62,1100,2022-04-27 13:44:00,ETNB
2.6894,2.6894,2.6894,2.6894,100,2022-04-27 13:51:00,ETNB
2.63,2.63,2.63,2.63,100,2022-04-27 13:59:00,ETNB
2.6426,2.6426,2.6426,2.6426,400,2022-04-27 14:02:00,ETNB
2.64,2.64,2.64,2.64,100,2022-04-27 14:11:00,ETNB
2.63,2.63,2.63,2.63,3696,2022-04-27 14:12:00,ETNB
2.6016,2.6016,2.6016,2.6016,1105,2022-04-27 14:16:00,ETNB
2.6,2.6,2.6,2.6,454,2022-04-27 14:18:00,ETNB
2.6046,2.6046,2.6046,2.6046,500,2022-04-27 14:25:00,ETNB
2.57,2.57,2.57,2.57,100,2022-04-27 14:32:00,ETNB
2.58,2.58,2.57,2.57,500,2022-04-27 14:34:00,ETNB
2.6,2.6,2.6,2.6,200,2022-04-27 14:35:00,ETNB
2.606,2.606,2.606,2.606,1000,2022-04-27 14:39:00,ETNB
2.59,2.59,2.5858,2.5858,1326,2022-04-27 14:41:00,ETNB
2.6018,2.6018,2.6018,2.6018,1000,2022-04-27 14:49:00,ETNB
2.575,2.575,2.575,2.575,100,2022-04-27 14:50:00,ETNB
2.61,2.62,2.61,2.62,400,2022-04-27 14:59:00,ETNB
2.62,2.66,2.62,2.66,839,2022-04-27 15:00:00,ETNB
2.605,2.605,2.605,2.605,100,2022-04-27 15:08:00,ETNB
2.6,2.6,2.6,2.6,200,2022-04-27 15:14:00,ETNB
2.5999,2.6,2.5999,2.6,350,2022-04-27 15:15:00,ETNB
2.63,2.64,2.63,2.64,200,2022-04-27 15:16:00,ETNB
2.65,2.65,2.65,2.65,100,2022-04-27 15:26:00,ETNB
2.6,2.62,2.58,2.61,6382,2022-04-27 15:32:00,ETNB
2.61,2.61,2.61,2.61,400,2022-04-27 15:40:00,ETNB
2.575,2.575,2.575,2.575,100,2022-04-27 15:48:00,ETNB
2.58,2.58,2.58,2.58,1351,2022-04-27 15:51:00,ETNB
2.58,2.58,2.57,2.57,205,2022-04-27 15:52:00,ETNB
2.57,2.57,2.57,2.57,2026,2022-04-27 15:58:00,ETNB
2.55,2.55,2.55,2.55,100,2022-04-27 16:01:00,ETNB
2.56,2.56,2.56,2.56,1000,2022-04-27 16:06:00,ETNB
2.565,2.565,2.565,2.565,300,2022-04-27 16:10:00,ETNB
2.58,2.58,2.58,2.58,100,2022-04-27 16:12:00,ETNB
2.58,2.58,2.58,2.58,700,2022-04-27 16:23:00,ETNB
2.58,2.58,2.58,2.58,100,2022-04-27 16:24:00,ETNB
2.59,2.6,2.59,2.59,400,2022-04-27 16:31:00,ETNB
2.6,2.6,2.6,2.6,1000,2022-04-27 16:32:00,ETNB
2.59,2.59,2.59,2.59,300,2022-04-27 16:35:00,ETNB
2.58,2.58,2.58,2.58,500,2022-04-27 16:36:00,ETNB
2.59,2.59,2.59,2.59,400,2022-04-27 16:40:00,ETNB
2.605,2.605,2.605,2.605,648,2022-04-27 16:46:00,ETNB
2.61,2.61,2.6,2.6,200,2022-04-27 16:48:00,ETNB
2.6,2.6,2.6,2.6,500,2022-04-27 16:53:00,ETNB
2.6,2.6,2.6,2.6,200,2022-04-27 16:56:00,ETNB
2.59,2.59,2.59,2.59,200,2022-04-27 17:02:00,ETNB
2.64,2.64,2.64,2.64,300,2022-04-27 17:05:00,ETNB
2.63,2.63,2.63,2.63,100,2022-04-27 17:06:00,ETNB
2.5901,2.5901,2.5901,2.5901,265,2022-04-27 17:10:00,ETNB
2.6,2.6,2.6,2.6,1100,2022-04-27 17:11:00,ETNB
2.585,2.59,2.585,2.59,200,2022-04-27 17:14:00,ETNB
2.58,2.58,2.575,2.575,300,2022-04-27 17:15:00,ETNB
2.57,2.57,2.57,2.57,100,2022-04-27 17:28:00,ETNB
2.57,2.57,2.57,2.57,1200,2022-04-27 17:46:00,ETNB
2.57,2.57,2.57,2.57,100,2022-04-27 17:47:00,ETNB
2.565,2.565,2.565,2.565,100,2022-04-27 17:48:00,ETNB
2.57,2.57,2.56,2.56,482,2022-04-27 17:49:00,ETNB
2.5615,2.5615,2.5615,2.5615,501,2022-04-27 17:52:00,ETNB
2.56,2.56,2.56,2.56,100,2022-04-27 17:54:00,ETNB
2.565,2.565,2.565,2.565,225,2022-04-27 17:56:00,ETNB
2.57,2.57,2.5616,2.5616,675,2022-04-27 17:57:00,ETNB
2.56,2.56,2.56,2.56,100,2022-04-27 17:58:00,ETNB
2.57,2.57,2.57,2.57,800,2022-04-27 18:07:00,ETNB
2.57,2.57,2.56,2.565,464,2022-04-27 18:13:00,ETNB
2.57,2.57,2.57,2.57,100,2022-04-27 18:15:00,ETNB
2.57,2.57,2.56,2.56,400,2022-04-27 18:16:00,ETNB
2.57,2.57,2.57,2.57,100,2022-04-27 18:21:00,ETNB
2.575,2.58,2.575,2.58,1100,2022-04-27 18:32:00,ETNB
2.58,2.58,2.58,2.58,132,2022-04-27 18:33:00,ETNB
2.58,2.58,2.58,2.58,600,2022-04-27 18:35:00,ETNB
2.57,2.59,2.57,2.58,400,2022-04-27 18:37:00,ETNB
2.59,2.59,2.59,2.59,100,2022-04-27 18:38:00,ETNB
2.59,2.59,2.59,2.59,599,2022-04-27 18:39:00,ETNB
2.6,2.6,2.6,2.6,100,2022-04-27 18:40:00,ETNB
2.595,2.595,2.595,2.595,100,2022-04-27 18:44:00,ETNB
2.58,2.58,2.58,2.58,100,2022-04-27 18:53:00,ETNB
2.58,2.58,2.58,2.58,100,2022-04-27 18:55:00,ETNB
2.56,2.56,2.56,2.56,100,2022-04-27 19:00:00,ETNB
2.56,2.56,2.56,2.56,300,2022-04-27 19:03:00,ETNB
2.56,2.57,2.56,2.57,792,2022-04-27 19:06:00,ETNB
2.55,2.55,2.55,2.55,748,2022-04-27 19:09:00,ETNB
2.57,2.57,2.51,2.51,642,2022-04-27 19:16:00,ETNB
2.56,2.56,2.56,2.56,282,2022-04-27 19:27:00,ETNB
2.53,2.53,2.53,2.53,100,2022-04-27 19:29:00,ETNB
2.55,2.55,2.53,2.53,200,2022-04-27 19:30:00,ETNB
2.54,2.54,2.53,2.53,500,2022-04-27 19:31:00,ETNB
2.51,2.51,2.51,2.51,100,2022-04-27 19:34:00,ETNB
2.51,2.53,2.51,2.52,1100,2022-04-27 19:35:00,ETNB
2.53,2.53,2.52,2.52,300,2022-04-27 19:36:00,ETNB
2.52,2.52,2.52,2.52,100,2022-04-27 19:37:00,ETNB
2.52,2.52,2.52,2.52,600,2022-04-27 19:41:00,ETNB
2.5,2.5,2.5,2.5,100,2022-04-27 19:42:00,ETNB
2.53,2.53,2.5,2.5,300,2022-04-27 19:43:00,ETNB
2.5,2.5,2.5,2.5,100,2022-04-27 19:45:00,ETNB
2.5,2.5,2.5,2.5,200,2022-04-27 19:46:00,ETNB
2.51,2.51,2.5,2.5,200,2022-04-27 19:47:00,ETNB
2.5,2.5,2.5,2.5,100,2022-04-27 19:48:00,ETNB
2.5,2.5,2.5,2.5,762,2022-04-27 19:49:00,ETNB
2.5,2.5,2.46,2.47,5155,2022-04-27 19:50:00,ETNB
2.48,2.48,2.47,2.47,500,2022-04-27 19:51:00,ETNB
2.46,2.46,2.46,2.46,100,2022-04-27 19:52:00,ETNB
2.46,2.46,2.46,2.46,200,2022-04-27 19:53:00,ETNB
2.46,2.46,2.46,2.46,386,2022-04-27 19:54:00,ETNB
2.46,2.48,2.46,2.46,500,2022-04-27 19:55:00,ETNB
2.475,2.48,2.475,2.48,400,2022-04-27 19:56:00,ETNB
2.47,2.47,2.47,2.47,100,2022-04-27 19:57:00,ETNB
2.47,2.47,2.47,2.47,300,2022-04-27 19:58:00,ETNB
2.46,2.47,2.46,2.46,1158,2022-04-27 19:59:00,ETNB
2.48,2.48,2.48,2.48,2926,2022-04-27 20:00:00,ETNB
2.48,2.48,2.48,2.48,1394,2022-04-27 20:55:00,ETNB
2.6,2.6,2.6,2.6,750,2022-04-27 22:09:00,ETNB
2.5,2.5,2.5,2.5,2991,2022-04-28 13:30:00,ETNB
2.55,2.59,2.545,2.545,1695,2022-04-28 13:34:00,ETNB
2.58,2.6,2.58,2.6,300,2022-04-28 13:37:00,ETNB
2.5135,2.5135,2.5135,2.5135,100,2022-04-28 13:38:00,ETNB
2.5708,2.5708,2.5708,2.5708,840,2022-04-28 13:40:00,ETNB
2.5775,2.58,2.5775,2.58,200,2022-04-28 13:45:00,ETNB
2.555,2.555,2.555,2.555,100,2022-04-28 13:54:00,ETNB
2.5822,2.5822,2.5822,2.5822,1000,2022-04-28 13:55:00,ETNB
2.51,2.51,2.51,2.51,100,2022-04-28 14:01:00,ETNB
2.51,2.51,2.51,2.51,100,2022-04-28 14:02:00,ETNB
2.48,2.48,2.48,2.48,731,2022-04-28 14:05:00,ETNB
2.46,2.46,2.46,2.46,351,2022-04-28 14:08:00,ETNB
2.45,2.45,2.45,2.45,381,2022-04-28 14:09:00,ETNB
2.42,2.42,2.42,2.42,100,2022-04-28 14:12:00,ETNB
2.41,2.41,2.41,2.41,700,2022-04-28 14:20:00,ETNB
2.42,2.42,2.42,2.42,200,2022-04-28 14:23:00,ETNB
2.4,2.4,2.4,2.4,5590,2022-04-28 14:27:00,ETNB
2.39,2.41,2.39,2.41,300,2022-04-28 14:28:00,ETNB
2.38,2.38,2.38,2.38,209,2022-04-28 14:32:00,ETNB
2.45,2.45,2.45,2.45,250,2022-04-28 14:38:00,ETNB
2.4326,2.4326,2.4326,2.4326,100,2022-04-28 14:39:00,ETNB
2.4055,2.4055,2.4055,2.4055,295,2022-04-28 14:41:00,ETNB
2.4024,2.45,2.4024,2.45,1360,2022-04-28 14:44:00,ETNB
2.45,2.45,2.45,2.45,100,2022-04-28 14:48:00,ETNB
2.44,2.44,2.44,2.44,100,2022-04-28 14:51:00,ETNB
2.42,2.42,2.39,2.39,4600,2022-04-28 14:52:00,ETNB
2.39,2.39,2.39,2.39,100,2022-04-28 14:53:00,ETNB
2.39,2.4,2.39,2.4,308,2022-04-28 14:56:00,ETNB
2.39,2.39,2.39,2.39,1000,2022-04-28 14:57:00,ETNB
2.39,2.39,2.39,2.39,500,2022-04-28 15:04:00,ETNB
2.4,2.4,2.395,2.4,1307,2022-04-28 15:08:00,ETNB
2.4,2.4,2.395,2.395,600,2022-04-28 15:10:00,ETNB
2.39,2.39,2.39,2.39,200,2022-04-28 15:12:00,ETNB
2.3932,2.3932,2.3932,2.3932,1000,2022-04-28 15:15:00,ETNB
2.39,2.3998,2.39,2.3998,4000,2022-04-28 15:16:00,ETNB
2.39,2.39,2.39,2.39,2200,2022-04-28 15:17:00,ETNB
2.3925,2.3925,2.3925,2.3925,2000,2022-04-28 15:19:00,ETNB
2.38,2.38,2.38,2.38,311,2022-04-28 15:25:00,ETNB
2.35,2.35,2.35,2.35,1100,2022-04-28 15:32:00,ETNB
2.35,2.35,2.35,2.35,500,2022-04-28 15:37:00,ETNB
2.34,2.34,2.34,2.34,1100,2022-04-28 15:39:00,ETNB
2.315,2.32,2.315,2.315,362,2022-04-28 15:52:00,ETNB
2.3114,2.3114,2.3114,2.3114,100,2022-04-28 15:54:00,ETNB
2.33,2.33,2.32,2.32,200,2022-04-28 16:03:00,ETNB
2.34,2.34,2.34,2.34,100,2022-04-28 16:04:00,ETNB
2.34,2.34,2.34,2.34,100,2022-04-28 16:06:00,ETNB
2.3701,2.38,2.3701,2.38,200,2022-04-28 16:15:00,ETNB
2.38,2.38,2.38,2.38,100,2022-04-28 16:16:00,ETNB
2.38,2.38,2.38,2.38,200,2022-04-28 16:17:00,ETNB
2.38,2.38,2.38,2.38,900,2022-04-28 16:19:00,ETNB
2.38,2.38,2.3757,2.38,1600,2022-04-28 16:23:00,ETNB
2.3766,2.38,2.3766,2.38,2002,2022-04-28 16:24:00,ETNB
2.38,2.38,2.38,2.38,600,2022-04-28 16:25:00,ETNB
2.38,2.38,2.38,2.38,200,2022-04-28 16:26:00,ETNB
2.38,2.38,2.38,2.38,200,2022-04-28 16:29:00,ETNB
2.38,2.38,2.38,2.38,100,2022-04-28 16:30:00,ETNB
2.38,2.38,2.38,2.38,200,2022-04-28 16:33:00,ETNB
2.38,2.38,2.38,2.38,698,2022-04-28 16:35:00,ETNB
2.38,2.38,2.38,2.38,300,2022-04-28 16:38:00,ETNB
2.38,2.38,2.38,2.38,397,2022-04-28 16:41:00,ETNB
2.38,2.38,2.38,2.38,270,2022-04-28 16:43:00,ETNB
2.38,2.38,2.38,2.38,200,2022-04-28 16:45:00,ETNB
2.38,2.38,2.38,2.38,200,2022-04-28 16:46:00,ETNB
2.38,2.38,2.38,2.38,900,2022-04-28 16:47:00,ETNB
2.38,2.38,2.38,2.38,599,2022-04-28 16:48:00,ETNB
2.38,2.38,2.38,2.38,3100,2022-04-28 16:49:00,ETNB
2.38,2.38,2.38,2.38,300,2022-04-28 16:50:00,ETNB
2.37,2.38,2.37,2.38,1085,2022-04-28 16:51:00,ETNB
2.38,2.38,2.37,2.38,7998,2022-04-28 16:54:00,ETNB
2.38,2.38,2.3796,2.38,2100,2022-04-28 16:55:00,ETNB
2.38,2.38,2.38,2.38,100,2022-04-28 16:56:00,ETNB
2.3795,2.38,2.3795,2.38,500,2022-04-28 16:57:00,ETNB
2.38,2.38,2.38,2.38,100,2022-04-28 16:58:00,ETNB
2.38,2.38,2.38,2.38,100,2022-04-28 16:59:00,ETNB
2.38,2.38,2.38,2.38,100,2022-04-28 17:01:00,ETNB
2.37,2.37,2.37,2.37,100,2022-04-28 17:04:00,ETNB
2.38,2.4,2.37,2.38,14800,2022-04-28 17:07:00,ETNB
2.38,2.38,2.37,2.37,6104,2022-04-28 17:08:00,ETNB
2.38,2.38,2.38,2.38,400,2022-04-28 17:16:00,ETNB
2.38,2.38,2.38,2.38,300,2022-04-28 17:17:00,ETNB
2.38,2.38,2.38,2.38,400,2022-04-28 17:19:00,ETNB
2.38,2.38,2.38,2.38,200,2022-04-28 17:20:00,ETNB
2.37,2.37,2.37,2.37,200,2022-04-28 17:21:00,ETNB
2.37,2.38,2.37,2.38,300,2022-04-28 17:23:00,ETNB
2.379,2.38,2.379,2.38,1456,2022-04-28 17:24:00,ETNB
2.3791,2.3791,2.3791,2.3791,200,2022-04-28 17:25:00,ETNB
2.38,2.38,2.37,2.37,500,2022-04-28 17:30:00,ETNB
2.37,2.37,2.36,2.36,300,2022-04-28 17:31:00,ETNB
2.37,2.38,2.37,2.38,300,2022-04-28 17:34:00,ETNB
2.38,2.38,2.38,2.38,200,2022-04-28 17:39:00,ETNB
2.38,2.38,2.38,2.38,100,2022-04-28 17:45:00,ETNB
2.36,2.36,2.36,2.36,100,2022-04-28 17:46:00,ETNB
2.38,2.38,2.38,2.38,1100,2022-04-28 17:49:00,ETNB
2.38,2.38,2.38,2.38,100,2022-04-28 17:50:00,ETNB
2.3694,2.38,2.3694,2.38,300,2022-04-28 17:56:00,ETNB
2.38,2.38,2.38,2.38,200,2022-04-28 17:57:00,ETNB
2.38,2.38,2.38,2.38,100,2022-04-28 17:58:00,ETNB
2.38,2.38,2.38,2.38,400,2022-04-28 17:59:00,ETNB
2.36,2.36,2.36,2.36,300,2022-04-28 18:01:00,ETNB
2.35,2.35,2.35,2.35,100,2022-04-28 18:19:00,ETNB
2.365,2.38,2.365,2.38,456,2022-04-28 18:20:00,ETNB
2.3679,2.37,2.3679,2.37,1150,2022-04-28 18:26:00,ETNB
2.37,2.37,2.37,2.37,100,2022-04-28 18:27:00,ETNB
2.37,2.3702,2.36,2.36,1895,2022-04-28 18:28:00,ETNB
2.37,2.37,2.3503,2.3503,1600,2022-04-28 18:35:00,ETNB
2.3799,2.3799,2.3799,2.3799,100,2022-04-28 18:43:00,ETNB
2.36,2.36,2.35,2.35,1600,2022-04-28 18:49:00,ETNB
2.34,2.35,2.33,2.33,1690,2022-04-28 18:50:00,ETNB
2.335,2.34,2.31,2.31,2528,2022-04-28 18:51:00,ETNB
2.31,2.31,2.31,2.31,100,2022-04-28 18:52:00,ETNB
2.31,2.31,2.31,2.31,900,2022-04-28 18:53:00,ETNB
2.3,2.31,2.3,2.3,700,2022-04-28 18:54:00,ETNB
2.3199,2.3199,2.28,2.28,3900,2022-04-28 18:55:00,ETNB
2.27,2.29,2.27,2.28,1600,2022-04-28 18:56:00,ETNB
2.28,2.31,2.27,2.31,6742,2022-04-28 18:57:00,ETNB
2.3007,2.33,2.3007,2.33,4100,2022-04-28 18:59:00,ETNB
2.33,2.33,2.33,2.33,100,2022-04-28 19:00:00,ETNB
2.35,2.35,2.35,2.35,100,2022-04-28 19:01:00,ETNB
2.3529,2.3529,2.3529,2.3529,100,2022-04-28 19:02:00,ETNB
2.34,2.345,2.34,2.345,2700,2022-04-28 19:03:00,ETNB
2.3359,2.345,2.3359,2.345,2400,2022-04-28 19:04:00,ETNB
2.36,2.36,2.36,2.36,100,2022-04-28 19:06:00,ETNB
2.38,2.38,2.38,2.38,100,2022-04-28 19:13:00,ETNB
2.36,2.36,2.36,2.36,100,2022-04-28 19:16:00,ETNB
2.3595,2.38,2.3595,2.38,500,2022-04-28 19:17:00,ETNB
2.38,2.38,2.38,2.38,500,2022-04-28 19:18:00,ETNB
2.3663,2.3764,2.3663,2.3764,800,2022-04-28 19:19:00,ETNB
2.38,2.38,2.38,2.38,100,2022-04-28 19:20:00,ETNB
2.38,2.38,2.38,2.38,100,2022-04-28 19:23:00,ETNB
2.38,2.38,2.38,2.38,100,2022-04-28 19:24:00,ETNB
2.365,2.365,2.35,2.35,200,2022-04-28 19:25:00,ETNB
2.38,2.38,2.38,2.38,100,2022-04-28 19:27:00,ETNB
2.365,2.365,2.365,2.365,100,2022-04-28 19:28:00,ETNB
2.36,2.36,2.36,2.36,1000,2022-04-28 19:30:00,ETNB
2.36,2.36,2.36,2.36,100,2022-04-28 19:31:00,ETNB
2.37,2.37,2.36,2.36,200,2022-04-28 19:33:00,ETNB
2.36,2.36,2.36,2.36,240,2022-04-28 19:34:00,ETNB
2.355,2.355,2.355,2.355,100,2022-04-28 19:35:00,ETNB
2.38,2.38,2.38,2.38,100,2022-04-28 19:37:00,ETNB
2.36,2.36,2.36,2.36,100,2022-04-28 19:43:00,ETNB
2.35,2.36,2.35,2.36,200,2022-04-28 19:47:00,ETNB
2.37,2.37,2.37,2.37,100,2022-04-28 19:48:00,ETNB
2.35,2.35,2.35,2.35,100,2022-04-28 19:49:00,ETNB
2.35,2.35,2.35,2.35,200,2022-04-28 19:51:00,ETNB
2.36,2.37,2.36,2.36,919,2022-04-28 19:53:00,ETNB
2.36,2.36,2.36,2.36,300,2022-04-28 19:54:00,ETNB
2.37,2.37,2.36,2.36,1000,2022-04-28 19:55:00,ETNB
2.36,2.36,2.33,2.33,700,2022-04-28 19:56:00,ETNB
2.33,2.33,2.33,2.33,400,2022-04-28 19:57:00,ETNB
2.35,2.3619,2.33,2.3619,907,2022-04-28 19:58:00,ETNB
2.335,2.35,2.32,2.34,2129,2022-04-28 19:59:00,ETNB
2.36,2.36,2.36,2.36,5553,2022-04-28 20:00:00,ETNB
2.36,2.36,2.36,2.36,543,2022-04-28 20:53:00,ETNB
2.47,2.47,2.47,2.47,500,2022-04-28 23:33:00,ETNB
2.35,2.35,2.35,2.35,1226,2022-04-29 13:30:00,ETNB
2.41,2.41,2.41,2.41,117,2022-04-29 13:33:00,ETNB
2.41,2.41,2.41,2.41,100,2022-04-29 13:39:00,ETNB
2.3983,2.3983,2.3983,2.3983,100,2022-04-29 13:40:00,ETNB
2.4,2.4,2.4,2.4,476,2022-04-29 13:44:00,ETNB
2.38,2.38,2.38,2.38,4972,2022-04-29 13:46:00,ETNB
2.35,2.35,2.35,2.35,100,2022-04-29 13:55:00,ETNB
2.35,2.35,2.35,2.35,100,2022-04-29 13:56:00,ETNB
2.365,2.365,2.365,2.365,300,2022-04-29 13:57:00,ETNB
2.3952,2.3952,2.3952,2.3952,500,2022-04-29 13:59:00,ETNB
2.38,2.38,2.38,2.38,100,2022-04-29 14:11:00,ETNB
2.36,2.36,2.29,2.31,15375,2022-04-29 14:16:00,ETNB
2.275,2.275,2.275,2.275,100,2022-04-29 14:18:00,ETNB
2.2611,2.2611,2.2611,2.2611,500,2022-04-29 14:20:00,ETNB
2.26,2.26,2.26,2.26,100,2022-04-29 14:21:00,ETNB
2.2665,2.28,2.2665,2.28,800,2022-04-29 14:22:00,ETNB
2.26,2.27,2.26,2.27,500,2022-04-29 14:35:00,ETNB
2.27,2.28,2.27,2.275,1160,2022-04-29 14:38:00,ETNB
2.28,2.28,2.28,2.28,895,2022-04-29 14:43:00,ETNB
2.2869,2.2869,2.2869,2.2869,100,2022-04-29 14:44:00,ETNB
2.27,2.27,2.27,2.27,100,2022-04-29 14:46:00,ETNB
2.26,2.27,2.26,2.27,200,2022-04-29 14:49:00,ETNB
2.26,2.26,2.26,2.26,900,2022-04-29 14:50:00,ETNB
2.27,2.27,2.26,2.265,10300,2022-04-29 14:53:00,ETNB
2.26,2.26,2.26,2.26,18400,2022-04-29 14:54:00,ETNB
2.25,2.25,2.25,2.25,100,2022-04-29 15:00:00,ETNB
2.255,2.255,2.2501,2.2501,2000,2022-04-29 15:01:00,ETNB
2.26,2.26,2.255,2.255,300,2022-04-29 15:05:00,ETNB
2.25,2.25,2.24,2.24,2659,2022-04-29 15:08:00,ETNB
2.25,2.25,2.25,2.25,600,2022-04-29 15:13:00,ETNB
2.25,2.25,2.25,2.25,479,2022-04-29 15:14:00,ETNB
2.25,2.255,2.25,2.255,1830,2022-04-29 15:17:00,ETNB
2.255,2.255,2.255,2.255,500,2022-04-29 15:18:00,ETNB
2.255,2.255,2.2539,2.255,700,2022-04-29 15:21:00,ETNB
2.27,2.27,2.25,2.25,1000,2022-04-29 15:26:00,ETNB
2.27,2.27,2.27,2.27,742,2022-04-29 15:36:00,ETNB
2.27,2.27,2.27,2.27,500,2022-04-29 15:38:00,ETNB
2.28,2.28,2.27,2.27,400,2022-04-29 15:41:00,ETNB
2.2846,2.2846,2.2846,2.2846,700,2022-04-29 15:57:00,ETNB
2.28,2.28,2.26,2.26,3700,2022-04-29 16:00:00,ETNB
2.23,2.23,2.23,2.23,100,2022-04-29 16:02:00,ETNB
2.22,2.22,2.22,2.22,100,2022-04-29 16:04:00,ETNB
2.22,2.22,2.22,2.22,200,2022-04-29 16:07:00,ETNB
2.2229,2.2229,2.2229,2.2229,500,2022-04-29 16:10:00,ETNB
2.2283,2.2283,2.2283,2.2283,200,2022-04-29 16:16:00,ETNB
2.24,2.24,2.24,2.24,338,2022-04-29 16:27:00,ETNB
2.2599,2.26,2.2437,2.26,700,2022-04-29 16:29:00,ETNB
2.2358,2.2358,2.2358,2.2358,700,2022-04-29 16:37:00,ETNB
2.235,2.24,2.235,2.2362,1473,2022-04-29 16:40:00,ETNB
2.22,2.22,2.22,2.22,1381,2022-04-29 16:41:00,ETNB
2.2,2.2,2.2,2.2,200,2022-04-29 16:50:00,ETNB
2.2,2.2,2.2,2.2,650,2022-04-29 16:53:00,ETNB
2.1991,2.1991,2.1906,2.1921,1200,2022-04-29 16:59:00,ETNB
2.2,2.21,2.2,2.2,900,2022-04-29 17:03:00,ETNB
2.2,2.2,2.2,2.2,100,2022-04-29 17:04:00,ETNB
2.21,2.21,2.21,2.21,973,2022-04-29 17:07:00,ETNB
2.19,2.19,2.19,2.19,500,2022-04-29 17:09:00,ETNB
2.209,2.21,2.209,2.21,455,2022-04-29 17:22:00,ETNB
2.2,2.2,2.2,2.2,500,2022-04-29 17:24:00,ETNB
2.2026,2.22,2.2026,2.21,1998,2022-04-29 17:25:00,ETNB
2.23,2.23,2.23,2.23,600,2022-04-29 17:29:00,ETNB
2.25,2.25,2.25,2.25,392,2022-04-29 17:40:00,ETNB
2.235,2.235,2.235,2.235,100,2022-04-29 17:44:00,ETNB
2.226,2.226,2.226,2.226,125,2022-04-29 17:47:00,ETNB
2.22,2.22,2.2,2.22,2150,2022-04-29 17:50:00,ETNB
2.21,2.21,2.2,2.2,1100,2022-04-29 17:55:00,ETNB
2.22,2.22,2.2,2.2,2300,2022-04-29 17:57:00,ETNB
2.21,2.21,2.21,2.21,300,2022-04-29 18:00:00,ETNB
2.21,2.21,2.21,2.21,200,2022-04-29 18:01:00,ETNB
2.2001,2.2001,2.2001,2.2001,125,2022-04-29 18:09:00,ETNB
2.2116,2.2116,2.2116,2.2116,100,2022-04-29 18:13:00,ETNB
2.21,2.21,2.21,2.21,890,2022-04-29 18:15:00,ETNB
2.215,2.22,2.215,2.22,500,2022-04-29 18:17:00,ETNB
2.21,2.21,2.21,2.21,100,2022-04-29 18:30:00,ETNB
2.22,2.22,2.21,2.22,1100,2022-04-29 18:34:00,ETNB
2.21,2.21,2.21,2.21,100,2022-04-29 18:38:00,ETNB
2.21,2.21,2.2,2.2,3441,2022-04-29 18:39:00,ETNB
2.2,2.205,2.2,2.2,10120,2022-04-29 18:47:00,ETNB
2.185,2.19,2.185,2.19,600,2022-04-29 18:49:00,ETNB
2.18,2.18,2.18,2.18,200,2022-04-29 18:53:00,ETNB
2.16,2.16,2.16,2.16,100,2022-04-29 18:54:00,ETNB
2.18,2.18,2.18,2.18,300,2022-04-29 18:59:00,ETNB
2.17,2.18,2.17,2.17,3601,2022-04-29 19:00:00,ETNB
2.17,2.2,2.17,2.18,2400,2022-04-29 19:03:00,ETNB
2.18,2.18,2.18,2.18,100,2022-04-29 19:04:00,ETNB
2.175,2.175,2.16,2.16,688,2022-04-29 19:10:00,ETNB
2.15,2.16,2.15,2.15,300,2022-04-29 19:14:00,ETNB
2.15,2.15,2.15,2.15,300,2022-04-29 19:16:00,ETNB
2.16,2.18,2.155,2.18,4555,2022-04-29 19:17:00,ETNB
2.15,2.15,2.15,2.15,100,2022-04-29 19:18:00,ETNB
2.165,2.19,2.165,2.19,2280,2022-04-29 19:19:00,ETNB
2.2,2.2,2.2,2.2,100,2022-04-29 19:21:00,ETNB
2.2,2.2,2.16,2.16,1035,2022-04-29 19:22:00,ETNB
2.1826,2.1826,2.1826,2.1826,100,2022-04-29 19:28:00,ETNB
2.16,2.16,2.16,2.16,500,2022-04-29 19:32:00,ETNB
2.16,2.16,2.16,2.16,100,2022-04-29 19:36:00,ETNB
2.1599,2.17,2.1599,2.17,7114,2022-04-29 19:39:00,ETNB
2.165,2.165,2.165,2.165,100,2022-04-29 19:45:00,ETNB
2.16,2.16,2.16,2.16,100,2022-04-29 19:46:00,ETNB
2.1669,2.1669,2.1669,2.1669,1000,2022-04-29 19:47:00,ETNB
2.16,2.16,2.15,2.15,600,2022-04-29 19:50:00,ETNB
2.17,2.17,2.16,2.16,900,2022-04-29 19:52:00,ETNB
2.16,2.16,2.16,2.16,100,2022-04-29 19:56:00,ETNB
2.16,2.16,2.16,2.16,100,2022-04-29 19:57:00,ETNB
2.16,2.18,2.16,2.17,2570,2022-04-29 19:59:00,ETNB
2.17,2.17,2.17,2.17,5762,2022-04-29 20:00:00,ETNB
2.17,2.17,2.17,2.17,421,2022-04-29 20:01:00,ETNB
2.27,2.27,2.27,2.27,100,2022-04-29 20:51:00,ETNB
2.17,2.17,2.17,2.17,671,2022-04-29 20:58:00,ETNB
