open,high,low,close,volume,datetime,symbol
7.78,7.8,7.78,7.8,300,2022-04-01 13:30:00,KZIA
7.7121,7.7121,7.7121,7.7121,475,2022-04-01 14:55:00,KZIA
7.87,7.87,7.87,7.87,212,2022-04-01 15:16:00,KZIA
7.87,7.87,7.87,7.87,100,2022-04-01 15:18:00,KZIA
7.87,7.87,7.87,7.87,100,2022-04-01 15:20:00,KZIA
7.87,7.87,7.87,7.87,200,2022-04-01 16:01:00,KZIA
7.92,7.93,7.7,7.7,2127,2022-04-01 16:17:00,KZIA
7.8337,7.8337,7.8337,7.8337,1000,2022-04-01 18:33:00,KZIA
7.82,7.84,7.8,7.8398,967,2022-04-01 18:41:00,KZIA
7.84,7.89,7.84,7.89,1050,2022-04-01 18:42:00,KZIA
7.91,7.93,7.91,7.93,400,2022-04-01 19:22:00,KZIA
8.03,8.04,7.99,8.04,1200,2022-04-01 19:45:00,KZIA
8.04,8.05,8.04,8.05,1028,2022-04-01 19:46:00,KZIA
8.02,8.02,8.02,8.02,100,2022-04-01 19:49:00,KZIA
8.02,8.02,8.02,8.02,100,2022-04-01 19:54:00,KZIA
7.875,8.0499,7.875,8.0499,1000,2022-04-01 19:56:00,KZIA
8.04,8.05,8.015,8.05,4100,2022-04-01 19:57:00,KZIA
8.04,8.08,8.04,8.08,2350,2022-04-01 19:58:00,KZIA
8.24,8.25,8.08,8.25,600,2022-04-01 19:59:00,KZIA
8.01,8.01,8.01,8.01,312,2022-04-01 20:00:00,KZIA
8.19,8.19,8.19,8.19,100,2022-04-04 13:35:00,KZIA
8.04,8.04,8.04,8.04,100,2022-04-04 15:02:00,KZIA
8.0385,8.05,8.0,8.05,2300,2022-04-04 15:39:00,KZIA
8.1499,8.1499,8.1499,8.1499,500,2022-04-04 15:51:00,KZIA
8.11,8.1491,8.11,8.1491,425,2022-04-04 15:53:00,KZIA
8.15,8.26,8.15,8.26,1268,2022-04-04 15:58:00,KZIA
8.218,8.218,8.218,8.218,250,2022-04-04 16:01:00,KZIA
8.3653,8.3653,8.3653,8.3653,250,2022-04-04 16:04:00,KZIA
8.175,8.175,8.175,8.175,250,2022-04-04 16:26:00,KZIA
8.21,8.21,8.21,8.21,4000,2022-04-04 16:54:00,KZIA
7.99,7.99,7.99,7.99,100,2022-04-04 17:23:00,KZIA
7.95,7.95,7.945,7.945,300,2022-04-04 17:24:00,KZIA
7.98,8.04,7.98,8.04,600,2022-04-04 17:28:00,KZIA
8.24,8.24,8.24,8.24,100,2022-04-04 18:50:00,KZIA
8.01,8.01,8.01,8.01,100,2022-04-04 19:11:00,KZIA
8.1188,8.1744,8.045,8.1744,900,2022-04-04 19:25:00,KZIA
8.1,8.13,8.1,8.13,598,2022-04-04 19:55:00,KZIA
7.96,7.96,7.96,7.96,100,2022-04-04 19:57:00,KZIA
7.94,8.17,7.94,8.17,600,2022-04-04 19:59:00,KZIA
8.17,8.17,8.17,8.17,1200,2022-04-04 20:06:00,KZIA
8.35,8.35,8.35,8.35,166,2022-04-04 20:31:00,KZIA
8.15,8.15,8.15,8.15,201,2022-04-05 13:30:00,KZIA
8.27,8.318,8.27,8.318,200,2022-04-05 13:59:00,KZIA
8.05,8.05,8.05,8.05,500,2022-04-05 16:47:00,KZIA
8.09,8.18,8.09,8.18,471,2022-04-05 16:58:00,KZIA
8.11,8.15,8.02,8.05,1142,2022-04-05 17:54:00,KZIA
8.0001,8.0001,8.0001,8.0001,400,2022-04-05 17:55:00,KZIA
8.02,8.02,8.02,8.02,100,2022-04-05 18:00:00,KZIA
8.01,8.01,8.0,8.0,1020,2022-04-05 18:18:00,KZIA
8.0,8.0,8.0,8.0,100,2022-04-05 18:23:00,KZIA
8.04,8.05,8.04,8.05,1299,2022-04-05 18:32:00,KZIA
8.25,8.25,8.25,8.25,100,2022-04-05 18:59:00,KZIA
8.25,8.25,8.25,8.25,100,2022-04-05 19:03:00,KZIA
8.33,8.33,8.33,8.33,100,2022-04-05 19:29:00,KZIA
8.05,8.055,8.05,8.055,200,2022-04-05 19:30:00,KZIA
8.1655,8.1655,8.1655,8.1655,200,2022-04-05 19:46:00,KZIA
8.17,8.17,8.17,8.17,400,2022-04-05 19:58:00,KZIA
6.9,6.9,6.9,6.9,100,2022-04-05 20:18:00,KZIA
8.2,8.2,8.2,8.2,101,2022-04-06 13:30:00,KZIA
8.61,8.61,8.61,8.61,100,2022-04-06 13:45:00,KZIA
8.075,8.075,8.075,8.075,182,2022-04-06 15:39:00,KZIA
7.94,7.95,7.94,7.95,1024,2022-04-06 15:50:00,KZIA
8.04,8.15,8.04,8.15,700,2022-04-06 15:52:00,KZIA
8.2,8.29,8.2,8.29,458,2022-04-06 15:53:00,KZIA
8.074,8.074,8.074,8.074,310,2022-04-06 16:11:00,KZIA
8.2789,8.2789,8.2789,8.2789,1000,2022-04-06 16:28:00,KZIA
8.128,8.128,8.128,8.128,900,2022-04-06 16:37:00,KZIA
7.7691,7.7691,7.7691,7.7691,500,2022-04-06 16:44:00,KZIA
8.19,8.19,8.19,8.19,100,2022-04-06 17:57:00,KZIA
7.5429,7.5429,7.5429,7.5429,100,2022-04-06 18:53:00,KZIA
8.1999,8.1999,8.1999,8.1999,200,2022-04-06 19:04:00,KZIA
8.1722,8.1722,8.1722,8.1722,600,2022-04-06 19:05:00,KZIA
8.02,8.18,8.02,8.18,400,2022-04-06 19:34:00,KZIA
7.835,7.835,7.835,7.835,100,2022-04-06 19:41:00,KZIA
7.9056,7.9056,7.9056,7.9056,300,2022-04-06 19:51:00,KZIA
7.75,7.75,7.75,7.75,100,2022-04-06 19:56:00,KZIA
7.68,8.16,7.63,8.16,400,2022-04-06 19:59:00,KZIA
8.07,8.07,8.07,8.07,195,2022-04-07 16:25:00,KZIA
8.2573,8.2573,8.2573,8.2573,400,2022-04-07 16:26:00,KZIA
8.1,8.1,8.1,8.1,100,2022-04-07 18:09:00,KZIA
8.16,8.16,8.16,8.16,100,2022-04-07 19:11:00,KZIA
8.03,8.14,8.03,8.14,300,2022-04-07 19:26:00,KZIA
8.13,8.13,8.09,8.09,200,2022-04-07 19:56:00,KZIA
8.25,8.25,8.25,8.25,500,2022-04-07 23:14:00,KZIA
8.3,8.3,8.3,8.3,5000,2022-04-07 23:40:00,KZIA
8.25,8.25,8.25,8.25,200,2022-04-08 13:02:00,KZIA
8.23,8.23,8.23,8.23,600,2022-04-08 13:25:00,KZIA
8.43,8.43,8.43,8.43,101,2022-04-08 13:30:00,KZIA
8.32,8.32,8.32,8.32,100,2022-04-08 13:31:00,KZIA
8.383,8.39,8.31,8.31,886,2022-04-08 13:32:00,KZIA
8.29,8.29,8.29,8.29,100,2022-04-08 13:35:00,KZIA
8.3,8.3,8.25,8.25,400,2022-04-08 13:37:00,KZIA
8.252,8.252,8.2,8.25,300,2022-04-08 13:38:00,KZIA
8.355,8.38,8.355,8.38,200,2022-04-08 13:40:00,KZIA
8.34,8.34,8.34,8.34,379,2022-04-08 13:42:00,KZIA
8.34,8.34,8.25,8.2517,5579,2022-04-08 13:43:00,KZIA
8.1325,8.23,8.1325,8.15,1143,2022-04-08 13:58:00,KZIA
8.14,8.14,7.975,7.975,986,2022-04-08 13:59:00,KZIA
8.12,8.139,8.12,8.139,200,2022-04-08 14:04:00,KZIA
8.1399,8.1399,8.1273,8.1273,300,2022-04-08 14:33:00,KZIA
8.1273,8.1273,8.1273,8.1273,400,2022-04-08 14:34:00,KZIA
8.1339,8.1339,8.1339,8.1339,300,2022-04-08 14:35:00,KZIA
8.14,8.14,8.14,8.14,200,2022-04-08 14:40:00,KZIA
8.15,8.15,8.1499,8.15,1685,2022-04-08 14:41:00,KZIA
8.2499,8.2499,8.2499,8.2499,200,2022-04-08 15:10:00,KZIA
8.2,8.24,8.2,8.24,300,2022-04-08 15:11:00,KZIA
8.25,8.25,8.25,8.25,300,2022-04-08 15:19:00,KZIA
8.32,8.32,8.32,8.32,100,2022-04-08 15:26:00,KZIA
8.3499,8.3499,8.3494,8.3494,200,2022-04-08 15:33:00,KZIA
8.35,8.35,8.35,8.35,200,2022-04-08 15:34:00,KZIA
8.55,8.55,8.55,8.55,100,2022-04-08 15:35:00,KZIA
8.4275,8.4275,8.4275,8.4275,100,2022-04-08 15:51:00,KZIA
8.3201,8.4168,8.3201,8.3201,700,2022-04-08 16:39:00,KZIA
8.3266,8.42,8.3266,8.42,1200,2022-04-08 16:40:00,KZIA
8.4981,8.4981,8.3301,8.3301,1600,2022-04-08 16:41:00,KZIA
8.34,8.34,8.3001,8.3001,1300,2022-04-08 16:42:00,KZIA
8.31,8.31,8.25,8.2565,1600,2022-04-08 16:43:00,KZIA
8.4765,8.4765,8.4765,8.4765,100,2022-04-08 16:45:00,KZIA
8.4595,8.4595,8.4595,8.4595,400,2022-04-08 17:35:00,KZIA
8.4623,8.4623,8.4623,8.4623,600,2022-04-08 17:36:00,KZIA
8.4699,8.4699,8.453,8.453,960,2022-04-08 17:37:00,KZIA
8.4023,8.4023,8.4023,8.4023,1000,2022-04-08 18:35:00,KZIA
8.3,8.3,8.28,8.28,300,2022-04-08 18:39:00,KZIA
8.3093,8.3093,8.3093,8.3093,200,2022-04-08 18:56:00,KZIA
8.1769,8.1769,8.1769,8.1769,100,2022-04-08 19:24:00,KZIA
8.1865,8.1865,8.1865,8.1865,100,2022-04-08 19:33:00,KZIA
8.31,8.31,8.31,8.31,100,2022-04-08 19:36:00,KZIA
8.18,8.18,8.18,8.18,100,2022-04-08 19:39:00,KZIA
8.36,8.38,8.36,8.38,300,2022-04-08 19:53:00,KZIA
8.38,8.38,8.38,8.38,100,2022-04-08 19:59:00,KZIA
8.1701,8.1701,8.17,8.17,200,2022-04-08 21:32:00,KZIA
8.1701,8.1701,8.17,8.17,300,2022-04-08 21:33:00,KZIA
8.16,8.16,8.16,8.16,500,2022-04-08 21:34:00,KZIA
8.045,8.07,8.02,8.02,300,2022-04-11 13:30:00,KZIA
7.98,7.98,7.98,7.98,100,2022-04-11 13:43:00,KZIA
8.096,8.096,8.096,8.096,100,2022-04-11 13:47:00,KZIA
8.11,8.13,8.11,8.13,200,2022-04-11 13:49:00,KZIA
8.1564,8.1564,8.05,8.05,300,2022-04-11 13:50:00,KZIA
8.06,8.06,8.06,8.06,100,2022-04-11 13:55:00,KZIA
8.05,8.05,8.05,8.05,100,2022-04-11 13:58:00,KZIA
7.95,7.95,7.95,7.95,100,2022-04-11 14:00:00,KZIA
7.93,7.96,7.773,7.96,704,2022-04-11 14:08:00,KZIA
8.11,8.11,8.11,8.11,200,2022-04-11 16:34:00,KZIA
8.17,8.17,8.17,8.17,100,2022-04-11 16:41:00,KZIA
8.28,8.28,8.28,8.28,300,2022-04-11 16:44:00,KZIA
8.26,8.26,8.26,8.26,100,2022-04-11 16:45:00,KZIA
8.25,8.25,8.25,8.25,100,2022-04-11 16:46:00,KZIA
8.25,8.3,8.24,8.24,500,2022-04-11 16:47:00,KZIA
8.25,8.25,8.25,8.25,100,2022-04-11 16:51:00,KZIA
8.26,8.28,8.26,8.28,300,2022-04-11 16:53:00,KZIA
8.28,8.28,8.28,8.28,100,2022-04-11 16:54:00,KZIA
8.26,8.26,8.21,8.25,300,2022-04-11 16:56:00,KZIA
8.26,8.26,8.26,8.26,100,2022-04-11 16:57:00,KZIA
8.28,8.32,8.28,8.32,700,2022-04-11 17:00:00,KZIA
8.32,8.32,8.16,8.16,400,2022-04-11 17:01:00,KZIA
8.26,8.26,8.18,8.18,200,2022-04-11 17:04:00,KZIA
8.18,8.18,8.18,8.18,100,2022-04-11 17:05:00,KZIA
8.2,8.2,8.2,8.2,100,2022-04-11 17:06:00,KZIA
8.21,8.21,8.21,8.21,100,2022-04-11 17:09:00,KZIA
8.24,8.24,8.24,8.24,100,2022-04-11 17:10:00,KZIA
8.25,8.25,8.25,8.25,100,2022-04-11 17:13:00,KZIA
8.24,8.24,8.24,8.24,100,2022-04-11 17:14:00,KZIA
8.19,8.19,8.19,8.19,100,2022-04-11 17:15:00,KZIA
8.18,8.18,8.18,8.18,100,2022-04-11 17:17:00,KZIA
8.18,8.18,8.18,8.18,100,2022-04-11 17:27:00,KZIA
8.1711,8.1711,8.1711,8.1711,100,2022-04-11 17:28:00,KZIA
8.16,8.16,8.16,8.16,100,2022-04-11 17:30:00,KZIA
8.25,8.25,8.25,8.25,100,2022-04-11 17:31:00,KZIA
8.19,8.29,8.19,8.29,400,2022-04-11 18:35:00,KZIA
8.29,8.29,8.29,8.29,100,2022-04-11 18:37:00,KZIA
8.2769,8.2769,8.2738,8.2738,200,2022-04-11 18:40:00,KZIA
8.15,8.15,8.15,8.15,200,2022-04-11 19:04:00,KZIA
8.14,8.17,8.08,8.08,400,2022-04-11 19:26:00,KZIA
8.14,8.3,7.98,7.98,900,2022-04-12 13:30:00,KZIA
7.96,7.96,7.96,7.96,100,2022-04-12 14:18:00,KZIA
7.95,7.95,7.95,7.95,100,2022-04-12 14:19:00,KZIA
7.89,7.89,7.89,7.89,100,2022-04-12 14:35:00,KZIA
7.642,7.642,7.642,7.642,125,2022-04-12 14:50:00,KZIA
7.82,7.82,7.82,7.82,100,2022-04-12 15:17:00,KZIA
7.78,7.78,7.78,7.78,124,2022-04-12 15:38:00,KZIA
7.69,7.69,7.69,7.69,106,2022-04-12 15:43:00,KZIA
7.7,7.7,7.7,7.7,100,2022-04-12 15:49:00,KZIA
7.7,7.7,7.7,7.7,126,2022-04-12 16:21:00,KZIA
7.65,7.65,7.65,7.65,100,2022-04-12 16:44:00,KZIA
7.68,7.69,7.68,7.69,200,2022-04-12 16:48:00,KZIA
7.67,7.69,7.67,7.68,300,2022-04-12 16:53:00,KZIA
7.6101,7.6101,7.6101,7.6101,150,2022-04-12 17:07:00,KZIA
7.61,7.61,7.61,7.61,696,2022-04-12 17:55:00,KZIA
7.755,7.755,7.755,7.755,1000,2022-04-12 19:23:00,KZIA
7.76,7.77,7.76,7.76,700,2022-04-12 19:26:00,KZIA
7.76,7.76,7.76,7.76,300,2022-04-12 19:31:00,KZIA
7.78,7.78,7.78,7.78,200,2022-04-12 19:32:00,KZIA
7.81,7.81,7.8,7.8,200,2022-04-12 19:37:00,KZIA
7.75,7.75,7.75,7.75,100,2022-04-12 19:56:00,KZIA
7.75,7.75,7.75,7.75,200,2022-04-12 19:58:00,KZIA
7.77,7.95,7.76,7.95,300,2022-04-12 19:59:00,KZIA
7.9,7.9,7.9,7.9,150,2022-04-13 12:08:00,KZIA
7.9,7.9,7.9,7.9,150,2022-04-13 12:13:00,KZIA
7.82,7.82,7.82,7.82,100,2022-04-13 13:44:00,KZIA
7.82,7.82,7.82,7.82,100,2022-04-13 13:47:00,KZIA
7.725,7.725,7.58,7.58,500,2022-04-13 13:52:00,KZIA
7.725,7.725,7.725,7.725,100,2022-04-13 13:57:00,KZIA
7.7508,7.7508,7.7508,7.7508,100,2022-04-13 14:05:00,KZIA
7.674,7.674,7.674,7.674,500,2022-04-13 14:31:00,KZIA
8.14,8.14,8.14,8.14,100,2022-04-13 14:45:00,KZIA
7.65,7.65,7.65,7.65,300,2022-04-13 15:03:00,KZIA
7.85,7.85,7.83,7.85,400,2022-04-13 15:05:00,KZIA
7.88,7.88,7.88,7.88,100,2022-04-13 16:10:00,KZIA
7.89,7.89,7.89,7.89,100,2022-04-13 16:11:00,KZIA
7.91,7.96,7.91,7.96,400,2022-04-13 19:30:00,KZIA
7.5351,7.5351,7.5351,7.5351,586,2022-04-13 19:40:00,KZIA
7.9932,7.9932,7.9932,7.9932,191,2022-04-13 19:59:00,KZIA
7.84,7.84,7.84,7.84,210,2022-04-14 13:30:00,KZIA
7.1726,7.1726,7.09,7.09,345,2022-04-14 13:34:00,KZIA
7.2,7.2,7.2,7.2,300,2022-04-14 13:35:00,KZIA
7.76,7.76,7.741,7.741,200,2022-04-14 13:58:00,KZIA
7.8,7.8,7.8,7.8,100,2022-04-14 14:05:00,KZIA
7.75,7.75,7.75,7.75,100,2022-04-14 14:07:00,KZIA
7.69,7.69,7.69,7.69,300,2022-04-14 14:09:00,KZIA
7.71,7.71,7.65,7.65,500,2022-04-14 14:10:00,KZIA
7.66,7.66,7.66,7.66,100,2022-04-14 14:11:00,KZIA
7.69,7.69,7.69,7.69,100,2022-04-14 14:12:00,KZIA
7.65,7.65,7.6,7.6,200,2022-04-14 14:13:00,KZIA
7.368,7.368,7.368,7.368,500,2022-04-14 14:21:00,KZIA
7.6113,7.6584,7.6113,7.6584,1000,2022-04-14 14:27:00,KZIA
7.66,7.66,7.66,7.66,100,2022-04-14 14:57:00,KZIA
7.46,7.46,7.46,7.46,800,2022-04-14 15:44:00,KZIA
7.46,7.46,7.46,7.46,700,2022-04-14 15:59:00,KZIA
7.46,7.46,7.46,7.46,200,2022-04-14 16:00:00,KZIA
7.6,7.63,7.6,7.63,480,2022-04-14 16:04:00,KZIA
7.45,7.45,7.45,7.45,700,2022-04-14 16:06:00,KZIA
7.65,7.67,7.645,7.67,700,2022-04-14 16:27:00,KZIA
7.65,7.65,7.62,7.635,1097,2022-04-14 16:31:00,KZIA
7.6367,7.6367,7.6367,7.6367,132,2022-04-14 16:32:00,KZIA
7.5937,7.5937,7.5937,7.5937,224,2022-04-14 18:57:00,KZIA
7.55,7.55,7.55,7.55,100,2022-04-14 19:50:00,KZIA
7.55,7.59,7.53,7.59,800,2022-04-14 19:52:00,KZIA
7.61,7.63,7.55,7.63,1127,2022-04-14 19:57:00,KZIA
7.51,7.535,7.5,7.535,1428,2022-04-18 15:12:00,KZIA
7.57,7.57,7.57,7.57,100,2022-04-18 15:25:00,KZIA
7.5518,7.5518,7.5518,7.5518,600,2022-04-18 15:52:00,KZIA
7.58,7.58,7.58,7.58,100,2022-04-18 18:02:00,KZIA
7.5161,7.5161,7.5161,7.5161,100,2022-04-18 19:38:00,KZIA
7.52,7.52,7.52,7.52,100,2022-04-18 19:40:00,KZIA
7.54,7.54,7.54,7.54,100,2022-04-18 19:42:00,KZIA
7.57,7.57,7.57,7.57,400,2022-04-18 19:45:00,KZIA
7.64,7.65,7.64,7.65,200,2022-04-18 19:46:00,KZIA
7.57,7.6,7.57,7.57,700,2022-04-18 19:54:00,KZIA
7.55,7.55,7.55,7.55,200,2022-04-18 19:56:00,KZIA
7.55,7.55,7.55,7.55,400,2022-04-18 19:57:00,KZIA
7.55,7.55,7.55,7.55,600,2022-04-18 19:58:00,KZIA
7.55,7.55,7.55,7.55,272,2022-04-18 19:59:00,KZIA
7.4154,7.4154,7.4154,7.4154,1000,2022-04-19 13:55:00,KZIA
7.5599,7.5599,7.5599,7.5599,1200,2022-04-19 13:58:00,KZIA
7.4002,7.4002,7.4002,7.4002,1000,2022-04-19 14:43:00,KZIA
7.44,7.44,7.44,7.44,200,2022-04-19 14:59:00,KZIA
7.4205,7.435,7.4205,7.435,200,2022-04-19 15:44:00,KZIA
7.44,7.4495,7.425,7.4495,2000,2022-04-19 15:52:00,KZIA
7.4287,7.4287,7.4287,7.4287,100,2022-04-19 17:41:00,KZIA
7.425,7.425,7.425,7.425,100,2022-04-19 18:02:00,KZIA
7.4,7.41,7.4,7.41,200,2022-04-19 18:34:00,KZIA
7.4,7.4,7.4,7.4,300,2022-04-19 18:50:00,KZIA
7.42,7.55,7.42,7.55,400,2022-04-19 19:05:00,KZIA
7.64,7.64,7.62,7.63,400,2022-04-19 19:20:00,KZIA
7.54,7.54,7.54,7.54,100,2022-04-20 12:31:00,KZIA
7.88,7.95,7.81,7.95,743,2022-04-20 13:30:00,KZIA
7.77,7.77,7.77,7.77,100,2022-04-20 13:34:00,KZIA
7.585,7.585,7.585,7.585,100,2022-04-20 13:54:00,KZIA
7.62,7.62,7.62,7.62,100,2022-04-20 14:01:00,KZIA
7.62,7.62,7.62,7.62,100,2022-04-20 14:32:00,KZIA
7.63,7.63,7.63,7.63,100,2022-04-20 14:48:00,KZIA
7.72,7.76,7.72,7.74,500,2022-04-20 18:08:00,KZIA
7.69,7.69,7.67,7.67,200,2022-04-20 18:09:00,KZIA
7.92,7.92,7.92,7.92,100,2022-04-20 18:11:00,KZIA
7.6558,7.6558,7.6558,7.6558,144,2022-04-20 18:23:00,KZIA
7.68,7.68,7.68,7.68,100,2022-04-20 18:25:00,KZIA
7.61,7.61,7.61,7.61,100,2022-04-20 19:00:00,KZIA
7.61,7.61,7.61,7.61,100,2022-04-20 19:30:00,KZIA
7.6,7.6,7.6,7.6,100,2022-04-20 19:43:00,KZIA
7.61,7.61,7.61,7.61,100,2022-04-20 19:47:00,KZIA
7.93,7.93,7.92,7.92,600,2022-04-21 13:30:00,KZIA
7.92,7.92,7.92,7.92,100,2022-04-21 13:31:00,KZIA
7.94,7.94,7.94,7.94,100,2022-04-21 13:36:00,KZIA
7.87,7.87,7.87,7.87,100,2022-04-21 13:37:00,KZIA
7.91,7.91,7.91,7.91,100,2022-04-21 13:40:00,KZIA
7.86,7.87,7.8505,7.86,600,2022-04-21 13:41:00,KZIA
7.83,7.83,7.83,7.83,100,2022-04-21 13:42:00,KZIA
7.86,7.86,7.86,7.86,100,2022-04-21 13:43:00,KZIA
7.84,7.84,7.84,7.84,100,2022-04-21 13:44:00,KZIA
7.87,7.87,7.87,7.87,100,2022-04-21 13:46:00,KZIA
7.84,7.84,7.84,7.84,100,2022-04-21 13:47:00,KZIA
7.85,7.85,7.85,7.85,200,2022-04-21 13:49:00,KZIA
7.82,7.82,7.82,7.82,100,2022-04-21 13:54:00,KZIA
7.82,7.82,7.82,7.82,100,2022-04-21 14:03:00,KZIA
7.8,7.8,7.79,7.79,200,2022-04-21 14:04:00,KZIA
7.79,7.79,7.75,7.75,1100,2022-04-21 14:05:00,KZIA
7.85,7.85,7.79,7.79,500,2022-04-21 14:17:00,KZIA
7.6118,7.6118,7.6118,7.6118,1750,2022-04-21 16:55:00,KZIA
7.55,7.55,7.55,7.55,100,2022-04-21 17:08:00,KZIA
7.58,7.58,7.58,7.58,100,2022-04-21 17:09:00,KZIA
7.6,7.6,7.595,7.6,300,2022-04-21 17:10:00,KZIA
7.5973,7.5973,7.5973,7.5973,100,2022-04-21 17:11:00,KZIA
7.54,7.57,7.54,7.57,700,2022-04-21 17:25:00,KZIA
7.5,7.5,7.5,7.5,100,2022-04-21 18:02:00,KZIA
7.5001,7.5001,7.5001,7.5001,510,2022-04-21 18:15:00,KZIA
7.5808,7.5808,7.5808,7.5808,1040,2022-04-21 18:20:00,KZIA
7.69,7.69,7.69,7.69,100,2022-04-21 18:35:00,KZIA
7.58,7.598,7.534,7.534,400,2022-04-21 18:51:00,KZIA
7.5874,7.5874,7.5874,7.5874,500,2022-04-21 19:49:00,KZIA
7.5,7.5,7.5,7.5,100,2022-04-21 19:54:00,KZIA
7.49,7.5027,7.48,7.5027,600,2022-04-21 19:57:00,KZIA
7.5,7.5,7.5,7.5,100,2022-04-21 19:58:00,KZIA
7.64,7.64,7.5,7.59,1700,2022-04-22 13:30:00,KZIA
7.55,7.55,7.55,7.55,100,2022-04-22 13:45:00,KZIA
7.5,7.5,7.5,7.5,700,2022-04-22 13:50:00,KZIA
7.545,7.545,7.545,7.545,100,2022-04-22 14:51:00,KZIA
7.5324,7.5324,7.5324,7.5324,250,2022-04-22 14:53:00,KZIA
7.51,7.51,7.51,7.51,100,2022-04-22 16:17:00,KZIA
7.51,7.51,7.51,7.51,116,2022-04-22 16:34:00,KZIA
7.51,7.51,7.51,7.51,100,2022-04-22 16:38:00,KZIA
7.5,7.5,7.5,7.5,100,2022-04-22 16:46:00,KZIA
7.36,7.43,7.36,7.43,400,2022-04-22 17:04:00,KZIA
7.4001,7.4001,7.4001,7.4001,250,2022-04-22 17:25:00,KZIA
7.425,7.46,7.425,7.46,300,2022-04-22 17:29:00,KZIA
7.44,7.44,7.44,7.44,100,2022-04-22 17:34:00,KZIA
7.45,7.45,7.45,7.45,100,2022-04-22 17:35:00,KZIA
7.4528,7.46,7.4528,7.46,200,2022-04-22 18:04:00,KZIA
7.46,7.46,7.46,7.46,100,2022-04-22 18:10:00,KZIA
7.46,7.46,7.46,7.46,100,2022-04-22 18:20:00,KZIA
7.45,7.4527,7.45,7.4527,300,2022-04-22 18:43:00,KZIA
7.45,7.45,7.45,7.45,100,2022-04-22 18:50:00,KZIA
7.4501,7.4501,7.4501,7.4501,140,2022-04-22 19:06:00,KZIA
7.45,7.45,7.44,7.45,600,2022-04-22 19:07:00,KZIA
7.45,7.45,7.41,7.41,700,2022-04-22 19:08:00,KZIA
7.435,7.435,7.435,7.435,100,2022-04-22 19:14:00,KZIA
7.45,7.47,7.45,7.47,400,2022-04-22 19:15:00,KZIA
7.435,7.435,7.435,7.435,100,2022-04-22 19:36:00,KZIA
7.43,7.45,7.43,7.45,800,2022-04-22 19:57:00,KZIA
7.44,7.44,7.43,7.43,300,2022-04-22 19:59:00,KZIA
7.27,7.45,7.2,7.2,610,2022-04-25 13:30:00,KZIA
7.3,7.525,7.27,7.285,800,2022-04-25 13:31:00,KZIA
7.44,7.44,7.44,7.44,200,2022-04-25 13:33:00,KZIA
7.44,7.45,7.44,7.45,485,2022-04-25 13:46:00,KZIA
7.44,7.44,7.44,7.44,622,2022-04-25 14:26:00,KZIA
7.2717,7.2717,7.2717,7.2717,500,2022-04-25 17:55:00,KZIA
7.34,7.35,7.315,7.35,500,2022-04-25 19:16:00,KZIA
7.32,7.32,7.32,7.32,100,2022-04-25 19:27:00,KZIA
7.315,7.315,7.29,7.29,500,2022-04-25 19:32:00,KZIA
7.3,7.32,7.3,7.32,500,2022-04-25 19:35:00,KZIA
7.0799,7.0799,7.0799,7.0799,400,2022-04-26 15:33:00,KZIA
7.0799,7.0799,7.0799,7.0799,1000,2022-04-26 15:39:00,KZIA
7.0799,7.0799,6.945,7.07,1100,2022-04-26 15:40:00,KZIA
7.06,7.06,6.945,6.945,200,2022-04-26 15:41:00,KZIA
6.945,7.05,6.945,6.945,300,2022-04-26 15:42:00,KZIA
6.945,7.04,6.945,7.04,300,2022-04-26 15:43:00,KZIA
7.03,7.03,6.945,6.96,400,2022-04-26 15:44:00,KZIA
7.0799,7.0799,7.0799,7.0799,1000,2022-04-26 15:45:00,KZIA
7.02,7.02,7.02,7.02,100,2022-04-26 15:46:00,KZIA
7.02,7.02,6.82,6.82,500,2022-04-26 16:40:00,KZIA
6.656,6.656,6.656,6.656,425,2022-04-26 16:45:00,KZIA
6.76,6.76,6.76,6.76,100,2022-04-26 17:42:00,KZIA
6.775,6.775,6.775,6.775,100,2022-04-26 17:44:00,KZIA
6.77,6.77,6.74,6.76,1700,2022-04-26 17:48:00,KZIA
6.75,6.75,6.75,6.75,100,2022-04-26 17:52:00,KZIA
6.8,6.82,6.8,6.82,839,2022-04-26 18:17:00,KZIA
6.82,6.87,6.82,6.87,900,2022-04-26 18:18:00,KZIA
6.87,6.92,6.87,6.92,800,2022-04-26 18:23:00,KZIA
6.9243,6.9999,6.74,6.965,1036,2022-04-26 18:27:00,KZIA
6.88,6.88,6.88,6.88,100,2022-04-26 18:39:00,KZIA
6.75,6.75,6.75,6.75,100,2022-04-26 19:20:00,KZIA
6.75,6.75,6.75,6.75,100,2022-04-26 19:59:00,KZIA
6.88,6.88,6.88,6.88,123,2022-04-27 13:30:00,KZIA
6.69,6.69,6.69,6.69,100,2022-04-27 14:07:00,KZIA
6.655,6.655,6.655,6.655,100,2022-04-27 14:23:00,KZIA
6.64,6.64,6.64,6.64,100,2022-04-27 14:46:00,KZIA
6.48,6.48,6.41,6.4101,4200,2022-04-27 14:54:00,KZIA
6.47,6.475,6.47,6.475,1009,2022-04-27 15:05:00,KZIA
6.48,6.48,6.37,6.37,500,2022-04-27 15:11:00,KZIA
6.4,6.4,6.4,6.4,400,2022-04-27 15:34:00,KZIA
6.4,6.4,6.37,6.4,400,2022-04-27 15:35:00,KZIA
6.51,6.51,6.36,6.51,2599,2022-04-27 15:37:00,KZIA
6.54,6.54,6.54,6.54,200,2022-04-27 15:38:00,KZIA
6.64,6.64,6.64,6.64,100,2022-04-27 15:42:00,KZIA
6.47,6.47,6.47,6.47,100,2022-04-27 15:55:00,KZIA
6.5173,6.5173,6.5173,6.5173,100,2022-04-27 16:12:00,KZIA
6.51,6.51,6.51,6.51,100,2022-04-27 17:31:00,KZIA
6.61,6.61,6.61,6.61,100,2022-04-27 17:53:00,KZIA
6.9427,6.9427,6.9427,6.9427,148,2022-04-27 17:59:00,KZIA
6.57,6.57,6.57,6.57,100,2022-04-27 18:26:00,KZIA
6.8075,6.835,6.8075,6.835,200,2022-04-27 18:36:00,KZIA
6.72,6.72,6.72,6.72,100,2022-04-27 18:52:00,KZIA
6.54,6.54,6.54,6.54,100,2022-04-27 19:03:00,KZIA
6.55,6.55,6.52,6.52,200,2022-04-27 19:14:00,KZIA
6.76,6.76,6.76,6.76,100,2022-04-27 19:16:00,KZIA
6.55,6.62,6.55,6.62,200,2022-04-27 19:19:00,KZIA
6.7275,6.7275,6.7275,6.7275,200,2022-04-27 19:57:00,KZIA
6.81,6.81,6.81,6.81,100,2022-04-27 19:59:00,KZIA
6.57,6.57,6.51,6.51,400,2022-04-28 15:47:00,KZIA
6.5,6.5,6.5,6.5,223,2022-04-28 15:49:00,KZIA
6.4,6.5203,6.4,6.5203,2000,2022-04-28 15:57:00,KZIA
6.6,6.6,6.6,6.6,100,2022-04-28 16:56:00,KZIA
6.6,6.6,6.6,6.6,100,2022-04-28 17:03:00,KZIA
6.45,6.45,6.45,6.45,100,2022-04-28 17:06:00,KZIA
6.64,6.64,6.64,6.64,100,2022-04-28 17:07:00,KZIA
6.64,6.64,6.64,6.64,100,2022-04-28 17:27:00,KZIA
6.46,6.46,6.46,6.46,100,2022-04-28 17:40:00,KZIA
6.66,6.66,6.63,6.65,400,2022-04-28 17:41:00,KZIA
6.46,6.46,6.46,6.46,100,2022-04-28 17:50:00,KZIA
6.66,6.66,6.66,6.66,200,2022-04-28 17:53:00,KZIA
6.43,6.5203,6.4,6.4,900,2022-04-28 18:30:00,KZIA
6.62,6.62,6.62,6.62,200,2022-04-28 18:32:00,KZIA
6.51,6.51,6.51,6.51,192,2022-04-28 18:33:00,KZIA
6.61,6.61,6.61,6.61,100,2022-04-28 18:34:00,KZIA
6.4001,6.4001,6.4001,6.4001,1965,2022-04-28 18:35:00,KZIA
6.43,6.43,6.43,6.43,100,2022-04-28 18:43:00,KZIA
6.55,6.72,6.54,6.66,3596,2022-04-28 19:04:00,KZIA
6.56,6.56,6.56,6.56,100,2022-04-28 19:05:00,KZIA
6.52,6.52,6.49,6.49,200,2022-04-28 19:13:00,KZIA
6.41,6.41,6.41,6.41,100,2022-04-28 19:25:00,KZIA
6.4,6.4,6.33,6.4,1240,2022-04-28 19:43:00,KZIA
6.36,6.39,6.36,6.37,1000,2022-04-28 19:44:00,KZIA
6.5,6.5,6.5,6.5,100,2022-04-28 19:53:00,KZIA
6.26,6.46,6.26,6.46,1126,2022-04-29 13:30:00,KZIA
6.34,6.53,6.05,6.53,1200,2022-04-29 13:33:00,KZIA
6.22,6.22,6.22,6.22,100,2022-04-29 13:42:00,KZIA
6.41,6.41,6.41,6.41,125,2022-04-29 13:44:00,KZIA
6.35,6.35,6.35,6.35,100,2022-04-29 13:53:00,KZIA
6.33,6.33,6.33,6.33,100,2022-04-29 13:54:00,KZIA
6.4,6.4985,6.4,6.4985,1000,2022-04-29 13:59:00,KZIA
6.45,6.45,6.45,6.45,100,2022-04-29 14:01:00,KZIA
6.49,6.49,6.49,6.49,100,2022-04-29 14:03:00,KZIA
6.47,6.47,6.47,6.47,200,2022-04-29 14:04:00,KZIA
6.48,6.48,6.48,6.48,200,2022-04-29 14:05:00,KZIA
6.49,6.49,6.49,6.49,200,2022-04-29 14:09:00,KZIA
6.48,6.48,6.48,6.48,100,2022-04-29 14:11:00,KZIA
6.47,6.47,6.47,6.47,100,2022-04-29 14:12:00,KZIA
6.47,6.47,6.27,6.27,1907,2022-04-29 14:27:00,KZIA
6.25,6.25,6.25,6.25,100,2022-04-29 14:46:00,KZIA
6.235,6.45,6.23,6.45,5741,2022-04-29 15:00:00,KZIA
6.41,6.41,6.41,6.41,300,2022-04-29 15:01:00,KZIA
6.38,6.38,6.38,6.38,100,2022-04-29 15:02:00,KZIA
6.36,6.36,6.36,6.36,100,2022-04-29 15:03:00,KZIA
6.3501,6.41,6.3501,6.41,200,2022-04-29 15:06:00,KZIA
6.36,6.36,6.36,6.36,100,2022-04-29 15:10:00,KZIA
6.35,6.35,6.35,6.35,100,2022-04-29 15:11:00,KZIA
6.335,6.34,6.335,6.34,400,2022-04-29 15:13:00,KZIA
6.3201,6.3201,6.3201,6.3201,100,2022-04-29 15:14:00,KZIA
6.3201,6.3201,6.3201,6.3201,100,2022-04-29 15:16:00,KZIA
6.32,6.32,6.32,6.32,400,2022-04-29 15:19:00,KZIA
6.345,6.45,6.345,6.448,5094,2022-04-29 16:02:00,KZIA
6.47,6.5,6.47,6.5,300,2022-04-29 16:05:00,KZIA
6.44,6.44,6.44,6.44,100,2022-04-29 16:08:00,KZIA
6.41,6.415,6.41,6.415,400,2022-04-29 16:27:00,KZIA
6.36,6.36,6.36,6.36,100,2022-04-29 16:29:00,KZIA
6.36,6.36,6.36,6.36,100,2022-04-29 16:39:00,KZIA
6.365,6.365,6.365,6.365,100,2022-04-29 17:11:00,KZIA
6.39,6.4194,6.39,6.4194,754,2022-04-29 17:25:00,KZIA
6.39,6.39,6.39,6.39,200,2022-04-29 17:29:00,KZIA
6.375,6.375,6.375,6.375,100,2022-04-29 17:45:00,KZIA
6.35,6.35,6.35,6.35,794,2022-04-29 18:50:00,KZIA
6.32,6.32,6.32,6.32,500,2022-04-29 18:57:00,KZIA
6.23,6.245,6.23,6.245,500,2022-04-29 19:16:00,KZIA
6.3199,6.3199,6.3199,6.3199,250,2022-04-29 19:21:00,KZIA
6.28,6.32,6.28,6.32,200,2022-04-29 19:25:00,KZIA
6.24,6.24,6.24,6.24,100,2022-04-29 19:29:00,KZIA
6.24,6.24,6.24,6.24,247,2022-04-29 19:33:00,KZIA
6.2492,6.2492,6.2492,6.2492,100,2022-04-29 19:55:00,KZIA
6.28,6.28,6.28,6.28,600,2022-04-29 19:57:00,KZIA
6.32,6.435,6.32,6.43,500,2022-04-29 19:59:00,KZIA
