open,high,low,close,volume,datetime,symbol
5.1,5.1,5.1,5.1,100,2022-04-01 12:03:00,OTLY
5.05,5.05,5.05,5.05,100,2022-04-01 12:08:00,OTLY
5.0699,5.0699,5.06,5.06,2000,2022-04-01 12:33:00,OTLY
5.06,5.06,5.06,5.06,300,2022-04-01 12:35:00,OTLY
5.06,5.06,5.06,5.06,500,2022-04-01 12:38:00,OTLY
5.06,5.06,5.06,5.06,100,2022-04-01 12:39:00,OTLY
5.07,5.07,5.07,5.07,120,2022-04-01 13:05:00,OTLY
5.06,5.06,5.06,5.06,1000,2022-04-01 13:06:00,OTLY
5.06,5.06,5.06,5.06,150,2022-04-01 13:07:00,OTLY
5.0698,5.0698,5.0698,5.0698,5000,2022-04-01 13:14:00,OTLY
5.0699,5.07,5.0699,5.07,230,2022-04-01 13:15:00,OTLY
5.06,5.06,5.06,5.06,200,2022-04-01 13:23:00,OTLY
5.01,5.07,4.985,5.0,64602,2022-04-01 13:30:00,OTLY
4.995,5.03,4.98,5.02,13048,2022-04-01 13:31:00,OTLY
5.0233,5.05,5.0233,5.0473,13427,2022-04-01 13:32:00,OTLY
5.045,5.07,5.035,5.06,8839,2022-04-01 13:33:00,OTLY
5.065,5.0793,5.05,5.05,6509,2022-04-01 13:34:00,OTLY
5.05,5.07,5.0449,5.07,10901,2022-04-01 13:35:00,OTLY
5.07,5.0709,5.06,5.06,11644,2022-04-01 13:36:00,OTLY
5.0588,5.06,5.0588,5.06,2100,2022-04-01 13:37:00,OTLY
5.065,5.0775,5.065,5.0775,6000,2022-04-01 13:38:00,OTLY
5.07,5.07,5.05,5.0599,16398,2022-04-01 13:39:00,OTLY
5.055,5.055,5.01,5.035,25164,2022-04-01 13:40:00,OTLY
5.04,5.05,5.03,5.03,23444,2022-04-01 13:41:00,OTLY
5.035,5.04,5.03,5.04,11000,2022-04-01 13:42:00,OTLY
5.045,5.05,5.0,5.0,22668,2022-04-01 13:43:00,OTLY
5.0,5.01,4.995,5.005,10798,2022-04-01 13:44:00,OTLY
5.0,5.0,4.98,4.995,27330,2022-04-01 13:45:00,OTLY
4.995,4.9961,4.985,4.9961,14881,2022-04-01 13:46:00,OTLY
5.0,5.0,4.97,4.975,15872,2022-04-01 13:47:00,OTLY
4.9788,4.985,4.97,4.9775,21320,2022-04-01 13:48:00,OTLY
4.98,4.9892,4.96,4.97,36836,2022-04-01 13:49:00,OTLY
4.968,4.97,4.955,4.9686,9320,2022-04-01 13:50:00,OTLY
4.96,4.969,4.95,4.955,7746,2022-04-01 13:51:00,OTLY
4.955,4.96,4.94,4.94,20549,2022-04-01 13:52:00,OTLY
4.94,4.96,4.94,4.955,19796,2022-04-01 13:53:00,OTLY
4.95,4.955,4.94,4.95,13110,2022-04-01 13:54:00,OTLY
4.95,4.96,4.94,4.9592,16426,2022-04-01 13:55:00,OTLY
4.96,4.97,4.96,4.96,3491,2022-04-01 13:56:00,OTLY
4.975,4.985,4.975,4.985,16727,2022-04-01 13:57:00,OTLY
4.99,4.99,4.9801,4.99,4038,2022-04-01 13:58:00,OTLY
4.985,5.0,4.985,4.9989,12184,2022-04-01 13:59:00,OTLY
4.995,5.0,4.99,4.995,4000,2022-04-01 14:00:00,OTLY
4.995,4.9975,4.985,4.9975,9879,2022-04-01 14:01:00,OTLY
4.99,5.005,4.98,5.0,28958,2022-04-01 14:02:00,OTLY
5.0,5.0,4.99,4.995,15600,2022-04-01 14:03:00,OTLY
4.995,5.015,4.995,5.01,13174,2022-04-01 14:04:00,OTLY
5.01,5.0292,5.01,5.0292,9967,2022-04-01 14:05:00,OTLY
5.02,5.0275,5.01,5.01,7713,2022-04-01 14:06:00,OTLY
5.01,5.0101,5.01,5.01,650,2022-04-01 14:07:00,OTLY
5.0156,5.0199,5.005,5.005,11981,2022-04-01 14:08:00,OTLY
5.005,5.01,5.0,5.01,13481,2022-04-01 14:09:00,OTLY
5.0101,5.0174,5.005,5.005,8464,2022-04-01 14:12:00,OTLY
5.005,5.005,5.005,5.005,100,2022-04-01 14:13:00,OTLY
5.0,5.005,5.0,5.0,1500,2022-04-01 14:14:00,OTLY
5.0,5.005,4.99,5.0,13479,2022-04-01 14:15:00,OTLY
4.99,4.995,4.98,4.9844,10224,2022-04-01 14:16:00,OTLY
4.98,4.995,4.97,4.99,15644,2022-04-01 14:17:00,OTLY
4.99,4.99,4.97,4.97,6448,2022-04-01 14:18:00,OTLY
4.97,4.97,4.95,4.95,12626,2022-04-01 14:19:00,OTLY
4.955,4.96,4.955,4.955,10340,2022-04-01 14:20:00,OTLY
4.95,4.96,4.95,4.95,5501,2022-04-01 14:21:00,OTLY
4.95,4.955,4.94,4.95,21706,2022-04-01 14:22:00,OTLY
4.95,4.96,4.95,4.955,4300,2022-04-01 14:23:00,OTLY
4.955,4.96,4.95,4.96,10338,2022-04-01 14:24:00,OTLY
4.955,4.96,4.95,4.95,6101,2022-04-01 14:25:00,OTLY
4.96,4.9688,4.93,4.93,51257,2022-04-01 14:26:00,OTLY
4.93,4.94,4.93,4.935,9409,2022-04-01 14:27:00,OTLY
4.935,4.95,4.93,4.93,50547,2022-04-01 14:28:00,OTLY
4.935,4.95,4.935,4.95,13400,2022-04-01 14:29:00,OTLY
4.945,4.955,4.94,4.955,9427,2022-04-01 14:30:00,OTLY
4.955,4.96,4.95,4.955,9868,2022-04-01 14:31:00,OTLY
4.9595,4.97,4.955,4.965,17500,2022-04-01 14:32:00,OTLY
4.965,4.97,4.96,4.965,2000,2022-04-01 14:33:00,OTLY
4.965,4.975,4.965,4.975,17186,2022-04-01 14:34:00,OTLY
4.975,4.975,4.975,4.975,800,2022-04-01 14:35:00,OTLY
4.975,4.975,4.97,4.97,5931,2022-04-01 14:36:00,OTLY
4.97,4.97,4.96,4.9699,25485,2022-04-01 14:37:00,OTLY
4.9688,4.97,4.955,4.955,8375,2022-04-01 14:38:00,OTLY
4.955,4.955,4.95,4.95,3100,2022-04-01 14:39:00,OTLY
4.955,4.96,4.955,4.96,6595,2022-04-01 14:40:00,OTLY
4.955,4.96,4.95,4.955,3100,2022-04-01 14:41:00,OTLY
4.96,4.97,4.96,4.965,6412,2022-04-01 14:42:00,OTLY
4.9675,4.9675,4.9616,4.965,1072,2022-04-01 14:43:00,OTLY
4.965,4.965,4.96,4.96,9957,2022-04-01 14:44:00,OTLY
4.96,4.96,4.96,4.96,10592,2022-04-01 14:45:00,OTLY
4.96,4.965,4.96,4.96,5999,2022-04-01 14:46:00,OTLY
4.965,4.97,4.96,4.96,14190,2022-04-01 14:47:00,OTLY
4.965,4.99,4.965,4.975,43441,2022-04-01 14:48:00,OTLY
4.97,4.98,4.97,4.975,1687,2022-04-01 14:49:00,OTLY
4.98,4.98,4.975,4.975,300,2022-04-01 14:50:00,OTLY
4.98,4.99,4.975,4.98,25871,2022-04-01 14:51:00,OTLY
4.99,4.99,4.985,4.985,600,2022-04-01 14:52:00,OTLY
4.985,4.99,4.985,4.985,1232,2022-04-01 14:53:00,OTLY
4.99,4.99,4.98,4.98,1800,2022-04-01 14:54:00,OTLY
4.99,4.995,4.975,4.975,35333,2022-04-01 14:55:00,OTLY
4.9781,4.9781,4.97,4.975,1204,2022-04-01 14:56:00,OTLY
4.975,4.98,4.975,4.98,3721,2022-04-01 14:57:00,OTLY
4.98,4.984,4.98,4.98,1340,2022-04-01 14:58:00,OTLY
4.98,4.98,4.975,4.978,8214,2022-04-01 14:59:00,OTLY
4.98,4.98,4.97,4.97,8098,2022-04-01 15:00:00,OTLY
4.97,4.98,4.97,4.975,3300,2022-04-01 15:01:00,OTLY
4.975,4.975,4.96,4.965,17395,2022-04-01 15:02:00,OTLY
4.96,4.97,4.96,4.963,5019,2022-04-01 15:03:00,OTLY
4.96,4.965,4.96,4.96,4399,2022-04-01 15:04:00,OTLY
4.96,4.965,4.96,4.965,2000,2022-04-01 15:05:00,OTLY
4.96,4.96,4.95,4.95,16359,2022-04-01 15:06:00,OTLY
4.95,4.96,4.95,4.95,7400,2022-04-01 15:07:00,OTLY
4.95,4.965,4.95,4.96,13147,2022-04-01 15:08:00,OTLY
4.96,4.96,4.96,4.96,6258,2022-04-01 15:09:00,OTLY
4.96,4.9696,4.96,4.96,5444,2022-04-01 15:10:00,OTLY
4.965,4.9656,4.96,4.96,4546,2022-04-01 15:11:00,OTLY
4.96,4.96,4.96,4.96,3400,2022-04-01 15:12:00,OTLY
4.965,4.97,4.96,4.96,10616,2022-04-01 15:13:00,OTLY
4.95,4.96,4.95,4.96,8179,2022-04-01 15:14:00,OTLY
4.96,4.96,4.955,4.955,19757,2022-04-01 15:15:00,OTLY
4.955,4.99,4.955,4.98,67515,2022-04-01 15:16:00,OTLY
4.985,4.99,4.985,4.985,12553,2022-04-01 15:17:00,OTLY
4.99,4.99,4.9801,4.985,5100,2022-04-01 15:18:00,OTLY
4.98,4.9876,4.98,4.985,850,2022-04-01 15:19:00,OTLY
4.985,4.9894,4.98,4.985,1600,2022-04-01 15:20:00,OTLY
4.98,4.99,4.97,4.97,67348,2022-04-01 15:21:00,OTLY
4.97,4.975,4.97,4.97,8000,2022-04-01 15:22:00,OTLY
4.97,4.979,4.96,4.96,16157,2022-04-01 15:23:00,OTLY
4.96,4.965,4.96,4.965,5186,2022-04-01 15:24:00,OTLY
4.96,4.96,4.95,4.955,12540,2022-04-01 15:25:00,OTLY
4.955,4.96,4.95,4.96,4483,2022-04-01 15:26:00,OTLY
4.955,4.96,4.95,4.955,6403,2022-04-01 15:27:00,OTLY
4.955,4.965,4.95,4.965,13201,2022-04-01 15:28:00,OTLY
4.965,4.965,4.96,4.96,2500,2022-04-01 15:29:00,OTLY
4.96,4.965,4.96,4.965,6800,2022-04-01 15:30:00,OTLY
4.96,4.965,4.96,4.965,2288,2022-04-01 15:31:00,OTLY
4.965,4.9699,4.96,4.965,1006,2022-04-01 15:32:00,OTLY
4.965,4.965,4.955,4.955,10620,2022-04-01 15:33:00,OTLY
4.955,4.975,4.955,4.97,27955,2022-04-01 15:34:00,OTLY
4.975,4.985,4.975,4.985,14645,2022-04-01 15:35:00,OTLY
4.985,4.9893,4.985,4.985,5900,2022-04-01 15:36:00,OTLY
4.985,4.985,4.98,4.985,8500,2022-04-01 15:37:00,OTLY
4.985,4.995,4.985,4.995,4392,2022-04-01 15:38:00,OTLY
4.995,5.0,4.995,4.995,2800,2022-04-01 15:39:00,OTLY
4.9993,5.0,4.99,4.995,6605,2022-04-01 15:40:00,OTLY
5.0,5.01,5.0,5.009,11451,2022-04-01 15:41:00,OTLY
5.005,5.005,4.995,5.0,22563,2022-04-01 15:42:00,OTLY
5.0,5.0,4.99,4.995,3246,2022-04-01 15:43:00,OTLY
5.0,5.0,4.995,4.995,3100,2022-04-01 15:44:00,OTLY
4.995,5.0,4.995,4.995,1700,2022-04-01 15:45:00,OTLY
4.995,5.0,4.99,4.995,3495,2022-04-01 15:46:00,OTLY
4.995,5.0,4.995,4.995,2200,2022-04-01 15:47:00,OTLY
4.995,5.0,4.99,4.99,20041,2022-04-01 15:48:00,OTLY
5.0,5.0,4.99,4.995,1600,2022-04-01 15:49:00,OTLY
4.9908,5.005,4.9908,5.005,4402,2022-04-01 15:50:00,OTLY
5.005,5.005,5.0,5.0,5002,2022-04-01 15:51:00,OTLY
5.0,5.005,5.0,5.0,1200,2022-04-01 15:52:00,OTLY
5.005,5.01,5.0,5.0,3676,2022-04-01 15:53:00,OTLY
5.005,5.01,5.0,5.0,2700,2022-04-01 15:54:00,OTLY
5.0,5.005,5.0,5.0,4455,2022-04-01 15:55:00,OTLY
5.005,5.005,4.99,4.995,12480,2022-04-01 15:56:00,OTLY
4.99,4.99,4.98,4.985,11768,2022-04-01 15:57:00,OTLY
4.98,4.985,4.98,4.98,1300,2022-04-01 15:58:00,OTLY
4.985,4.99,4.98,4.98,2900,2022-04-01 15:59:00,OTLY
4.98,4.985,4.97,4.97,7967,2022-04-01 16:00:00,OTLY
4.975,4.98,4.96,4.96,14728,2022-04-01 16:01:00,OTLY
4.96,4.97,4.96,4.96,11495,2022-04-01 16:02:00,OTLY
4.96,4.96,4.96,4.96,300,2022-04-01 16:03:00,OTLY
4.9601,4.9601,4.96,4.96,2696,2022-04-01 16:04:00,OTLY
4.96,4.965,4.95,4.955,14818,2022-04-01 16:05:00,OTLY
4.955,4.965,4.9535,4.965,10989,2022-04-01 16:06:00,OTLY
4.96,4.965,4.96,4.965,700,2022-04-01 16:07:00,OTLY
4.9654,4.9654,4.965,4.965,300,2022-04-01 16:08:00,OTLY
4.965,4.97,4.96,4.96,1700,2022-04-01 16:09:00,OTLY
4.96,4.97,4.96,4.96,8750,2022-04-01 16:10:00,OTLY
4.965,4.978,4.965,4.978,13988,2022-04-01 16:11:00,OTLY
4.975,4.98,4.97,4.97,4656,2022-04-01 16:12:00,OTLY
4.97,4.98,4.965,4.975,29300,2022-04-01 16:13:00,OTLY
4.975,4.975,4.97,4.975,4355,2022-04-01 16:14:00,OTLY
4.975,4.985,4.975,4.985,11049,2022-04-01 16:15:00,OTLY
4.985,4.985,4.975,4.975,10710,2022-04-01 16:16:00,OTLY
4.975,4.9899,4.975,4.9899,3505,2022-04-01 16:17:00,OTLY
4.9898,4.9898,4.9801,4.985,400,2022-04-01 16:18:00,OTLY
4.985,4.985,4.98,4.98,1400,2022-04-01 16:19:00,OTLY
4.985,4.985,4.985,4.985,2600,2022-04-01 16:20:00,OTLY
4.985,4.988,4.98,4.985,2000,2022-04-01 16:21:00,OTLY
4.985,4.985,4.98,4.98,2788,2022-04-01 16:22:00,OTLY
4.985,4.985,4.96,4.96,47127,2022-04-01 16:23:00,OTLY
4.96,4.97,4.96,4.96,8245,2022-04-01 16:24:00,OTLY
4.96,4.96,4.96,4.96,600,2022-04-01 16:25:00,OTLY
4.96,4.965,4.96,4.965,1029,2022-04-01 16:26:00,OTLY
4.9615,4.965,4.96,4.965,11361,2022-04-01 16:27:00,OTLY
4.96,4.965,4.96,4.96,4526,2022-04-01 16:28:00,OTLY
4.96,4.96,4.96,4.96,1000,2022-04-01 16:29:00,OTLY
4.96,4.9694,4.96,4.96,4602,2022-04-01 16:30:00,OTLY
4.96,4.965,4.96,4.965,7146,2022-04-01 16:31:00,OTLY
4.96,4.96,4.96,4.96,1700,2022-04-01 16:32:00,OTLY
4.96,4.965,4.96,4.96,2900,2022-04-01 16:33:00,OTLY
4.96,4.965,4.95,4.955,25740,2022-04-01 16:34:00,OTLY
4.95,4.96,4.95,4.95,7043,2022-04-01 16:35:00,OTLY
4.95,4.955,4.95,4.95,4774,2022-04-01 16:36:00,OTLY
4.955,4.96,4.95,4.95,7175,2022-04-01 16:37:00,OTLY
4.96,4.96,4.95,4.955,16586,2022-04-01 16:38:00,OTLY
4.95,4.96,4.95,4.96,14131,2022-04-01 16:39:00,OTLY
4.955,4.96,4.95,4.96,11711,2022-04-01 16:40:00,OTLY
4.95,4.96,4.95,4.955,4800,2022-04-01 16:41:00,OTLY
4.955,4.96,4.95,4.955,8110,2022-04-01 16:42:00,OTLY
4.955,4.96,4.95,4.955,7908,2022-04-01 16:43:00,OTLY
4.955,4.965,4.955,4.96,18578,2022-04-01 16:44:00,OTLY
4.965,4.965,4.955,4.955,26937,2022-04-01 16:45:00,OTLY
4.95,4.96,4.95,4.955,7068,2022-04-01 16:46:00,OTLY
4.955,4.96,4.955,4.955,2400,2022-04-01 16:47:00,OTLY
4.955,4.955,4.95,4.95,13501,2022-04-01 16:48:00,OTLY
4.95,4.955,4.95,4.95,2300,2022-04-01 16:49:00,OTLY
4.95,4.959,4.95,4.955,1850,2022-04-01 16:50:00,OTLY
4.955,4.955,4.95,4.95,4900,2022-04-01 16:51:00,OTLY
4.95,4.9599,4.95,4.95,8240,2022-04-01 16:52:00,OTLY
4.955,4.955,4.95,4.95,1700,2022-04-01 16:53:00,OTLY
4.95,4.958,4.95,4.955,2225,2022-04-01 16:54:00,OTLY
4.95,4.955,4.95,4.95,3500,2022-04-01 16:55:00,OTLY
4.95,4.955,4.95,4.955,2700,2022-04-01 16:56:00,OTLY
4.95,4.955,4.95,4.955,8600,2022-04-01 16:57:00,OTLY
4.955,4.955,4.95,4.95,3961,2022-04-01 16:58:00,OTLY
4.955,4.955,4.95,4.95,1500,2022-04-01 16:59:00,OTLY
4.95,4.955,4.95,4.95,4570,2022-04-01 17:00:00,OTLY
4.95,4.955,4.94,4.9499,21669,2022-04-01 17:01:00,OTLY
4.94,4.95,4.94,4.945,8094,2022-04-01 17:02:00,OTLY
4.945,4.945,4.94,4.94,5413,2022-04-01 17:03:00,OTLY
4.945,4.945,4.93,4.93,11105,2022-04-01 17:04:00,OTLY
4.935,4.935,4.93,4.935,9605,2022-04-01 17:05:00,OTLY
4.935,4.935,4.93,4.935,9900,2022-04-01 17:06:00,OTLY
4.935,4.935,4.93,4.93,3969,2022-04-01 17:07:00,OTLY
4.93,4.9366,4.93,4.93,2200,2022-04-01 17:08:00,OTLY
4.93,4.935,4.93,4.93,7850,2022-04-01 17:09:00,OTLY
4.93,4.93,4.92,4.9299,18443,2022-04-01 17:10:00,OTLY
4.92,4.925,4.92,4.92,13528,2022-04-01 17:11:00,OTLY
4.92,4.9248,4.92,4.92,2800,2022-04-01 17:12:00,OTLY
4.92,4.925,4.91,4.91,28625,2022-04-01 17:13:00,OTLY
4.915,4.93,4.915,4.92,20590,2022-04-01 17:14:00,OTLY
4.925,4.925,4.92,4.92,5619,2022-04-01 17:15:00,OTLY
4.92,4.9299,4.92,4.92,4824,2022-04-01 17:16:00,OTLY
4.92,4.92,4.92,4.92,2600,2022-04-01 17:17:00,OTLY
4.92,4.928,4.92,4.92,3905,2022-04-01 17:18:00,OTLY
4.92,4.92,4.92,4.92,5533,2022-04-01 17:19:00,OTLY
4.92,4.93,4.92,4.92,4024,2022-04-01 17:20:00,OTLY
4.92,4.925,4.92,4.92,14969,2022-04-01 17:21:00,OTLY
4.92,4.925,4.92,4.92,3200,2022-04-01 17:22:00,OTLY
4.92,4.93,4.92,4.93,2900,2022-04-01 17:23:00,OTLY
4.92,4.9296,4.92,4.92,20740,2022-04-01 17:24:00,OTLY
4.92,4.9292,4.92,4.92,3520,2022-04-01 17:25:00,OTLY
4.92,4.925,4.92,4.92,7000,2022-04-01 17:26:00,OTLY
4.92,4.9299,4.92,4.925,19270,2022-04-01 17:27:00,OTLY
4.925,4.925,4.92,4.925,2302,2022-04-01 17:28:00,OTLY
4.92,4.925,4.92,4.92,3200,2022-04-01 17:29:00,OTLY
4.92,4.925,4.92,4.92,9627,2022-04-01 17:30:00,OTLY
4.92,4.925,4.91,4.92,25774,2022-04-01 17:31:00,OTLY
4.92,4.92,4.92,4.92,4764,2022-04-01 17:32:00,OTLY
4.92,4.9227,4.92,4.92,2996,2022-04-01 17:33:00,OTLY
4.9287,4.93,4.92,4.923,1310,2022-04-01 17:34:00,OTLY
4.925,4.925,4.92,4.92,3950,2022-04-01 17:35:00,OTLY
4.92,4.9242,4.92,4.92,4816,2022-04-01 17:36:00,OTLY
4.92,4.935,4.92,4.935,20940,2022-04-01 17:37:00,OTLY
4.93,4.95,4.93,4.95,25454,2022-04-01 17:38:00,OTLY
4.9599,4.9599,4.945,4.945,11000,2022-04-01 17:39:00,OTLY
4.94,4.95,4.94,4.945,7981,2022-04-01 17:40:00,OTLY
4.95,4.96,4.945,4.955,8000,2022-04-01 17:41:00,OTLY
4.955,4.975,4.955,4.97,18875,2022-04-01 17:42:00,OTLY
4.9795,4.9795,4.97,4.9701,13630,2022-04-01 17:43:00,OTLY
4.97,4.97,4.96,4.965,19301,2022-04-01 17:44:00,OTLY
4.965,4.965,4.96,4.965,5256,2022-04-01 17:45:00,OTLY
4.965,4.975,4.965,4.975,5900,2022-04-01 17:46:00,OTLY
4.97,4.9788,4.97,4.975,3300,2022-04-01 17:47:00,OTLY
4.975,4.975,4.975,4.975,729,2022-04-01 17:48:00,OTLY
4.975,4.98,4.9705,4.975,600,2022-04-01 17:49:00,OTLY
4.975,4.98,4.97,4.97,2700,2022-04-01 17:50:00,OTLY
4.97,4.97,4.96,4.96,10684,2022-04-01 17:51:00,OTLY
4.965,4.97,4.955,4.955,18034,2022-04-01 17:52:00,OTLY
4.955,4.9564,4.95,4.9564,7773,2022-04-01 17:53:00,OTLY
4.955,4.955,4.95,4.95,4973,2022-04-01 17:54:00,OTLY
4.955,4.96,4.955,4.955,7936,2022-04-01 17:55:00,OTLY
4.955,4.955,4.95,4.955,5400,2022-04-01 17:56:00,OTLY
4.95,4.955,4.95,4.955,6535,2022-04-01 17:57:00,OTLY
4.955,4.96,4.955,4.955,5100,2022-04-01 17:58:00,OTLY
4.955,4.975,4.955,4.97,22024,2022-04-01 17:59:00,OTLY
4.975,4.99,4.975,4.98,12001,2022-04-01 18:00:00,OTLY
4.9899,4.99,4.98,4.99,13606,2022-04-01 18:01:00,OTLY
4.99,4.995,4.98,4.995,5950,2022-04-01 18:02:00,OTLY
4.995,4.995,4.99,4.995,12550,2022-04-01 18:03:00,OTLY
4.995,5.0,4.99,4.995,5700,2022-04-01 18:04:00,OTLY
4.995,5.0,4.99,4.995,4100,2022-04-01 18:05:00,OTLY
5.0,5.0,4.995,4.995,4600,2022-04-01 18:06:00,OTLY
4.995,4.995,4.99,4.995,2900,2022-04-01 18:07:00,OTLY
4.995,4.995,4.98,4.985,11400,2022-04-01 18:08:00,OTLY
4.985,4.985,4.98,4.985,1100,2022-04-01 18:09:00,OTLY
4.98,4.9885,4.98,4.9885,1117,2022-04-01 18:10:00,OTLY
4.98,4.9898,4.98,4.98,10576,2022-04-01 18:11:00,OTLY
4.985,4.985,4.98,4.98,10098,2022-04-01 18:12:00,OTLY
4.98,4.98,4.98,4.98,1700,2022-04-01 18:13:00,OTLY
4.98,4.9896,4.98,4.98,2471,2022-04-01 18:14:00,OTLY
4.98,4.99,4.98,4.98,2700,2022-04-01 18:15:00,OTLY
4.98,4.99,4.98,4.985,3300,2022-04-01 18:16:00,OTLY
4.985,4.985,4.98,4.98,3400,2022-04-01 18:17:00,OTLY
4.98,4.985,4.98,4.985,5146,2022-04-01 18:18:00,OTLY
4.985,4.985,4.98,4.98,2600,2022-04-01 18:19:00,OTLY
4.98,4.9888,4.98,4.98,3673,2022-04-01 18:20:00,OTLY
4.98,4.985,4.98,4.98,2500,2022-04-01 18:21:00,OTLY
4.981,4.99,4.98,4.98,5261,2022-04-01 18:22:00,OTLY
4.985,4.985,4.98,4.98,4516,2022-04-01 18:23:00,OTLY
4.98,4.985,4.98,4.98,5709,2022-04-01 18:24:00,OTLY
4.98,4.985,4.98,4.98,2600,2022-04-01 18:25:00,OTLY
4.98,4.99,4.98,4.985,5352,2022-04-01 18:26:00,OTLY
4.985,4.985,4.98,4.985,2800,2022-04-01 18:27:00,OTLY
4.985,4.989,4.98,4.985,4798,2022-04-01 18:28:00,OTLY
4.98,4.989,4.98,4.98,6714,2022-04-01 18:29:00,OTLY
4.98,5.005,4.98,5.005,21573,2022-04-01 18:30:00,OTLY
5.0,5.0091,5.0,5.005,4739,2022-04-01 18:31:00,OTLY
5.005,5.005,5.0,5.005,4215,2022-04-01 18:32:00,OTLY
5.005,5.01,5.005,5.005,3929,2022-04-01 18:33:00,OTLY
5.005,5.0073,5.0,5.005,3796,2022-04-01 18:34:00,OTLY
5.005,5.005,5.0,5.0,3375,2022-04-01 18:35:00,OTLY
5.005,5.005,4.995,4.995,8991,2022-04-01 18:36:00,OTLY
4.995,5.0,4.99,4.99,10043,2022-04-01 18:37:00,OTLY
4.995,4.9986,4.99,4.995,2100,2022-04-01 18:38:00,OTLY
4.995,5.005,4.995,5.0,7291,2022-04-01 18:39:00,OTLY
5.005,5.005,5.0,5.0,1900,2022-04-01 18:40:00,OTLY
5.0,5.015,5.0,5.015,14382,2022-04-01 18:41:00,OTLY
5.01,5.01,5.0,5.0,12411,2022-04-01 18:42:00,OTLY
5.0,5.005,5.0,5.0,3000,2022-04-01 18:43:00,OTLY
5.0,5.0,5.0,5.0,3000,2022-04-01 18:44:00,OTLY
5.0,5.0,5.0,5.0,1900,2022-04-01 18:45:00,OTLY
5.0,5.0,5.0,5.0,2000,2022-04-01 18:46:00,OTLY
5.0,5.005,5.0,5.005,2600,2022-04-01 18:47:00,OTLY
5.0,5.005,5.0,5.005,4600,2022-04-01 18:48:00,OTLY
5.005,5.005,5.0,5.0,3100,2022-04-01 18:49:00,OTLY
5.0,5.005,5.0,5.0,2900,2022-04-01 18:50:00,OTLY
5.0,5.005,5.0,5.0,2500,2022-04-01 18:51:00,OTLY
5.005,5.01,5.005,5.005,3200,2022-04-01 18:52:00,OTLY
5.005,5.01,5.0,5.0,4400,2022-04-01 18:53:00,OTLY
5.0,5.01,5.0,5.005,2692,2022-04-01 18:54:00,OTLY
5.005,5.0089,5.0,5.0,3100,2022-04-01 18:55:00,OTLY
5.0,5.015,5.0,5.015,20237,2022-04-01 18:56:00,OTLY
5.01,5.01,5.0,5.005,13069,2022-04-01 18:57:00,OTLY
5.0,5.0,5.0,5.0,2130,2022-04-01 18:58:00,OTLY
5.0,5.005,5.0,5.0,2900,2022-04-01 18:59:00,OTLY
5.0,5.005,5.0,5.0,2100,2022-04-01 19:00:00,OTLY
5.0,5.01,5.0,5.005,5942,2022-04-01 19:01:00,OTLY
5.005,5.015,5.0,5.015,15091,2022-04-01 19:02:00,OTLY
5.01,5.015,5.0,5.0,5323,2022-04-01 19:03:00,OTLY
5.0,5.01,5.0,5.005,3656,2022-04-01 19:04:00,OTLY
5.0,5.01,5.0,5.005,13288,2022-04-01 19:05:00,OTLY
5.005,5.01,5.0,5.005,5900,2022-04-01 19:06:00,OTLY
5.005,5.015,5.005,5.015,10114,2022-04-01 19:07:00,OTLY
5.01,5.015,5.01,5.01,3091,2022-04-01 19:08:00,OTLY
5.01,5.01,5.0,5.0,8888,2022-04-01 19:09:00,OTLY
5.005,5.01,5.0,5.005,10404,2022-04-01 19:10:00,OTLY
5.005,5.01,5.0,5.0,11150,2022-04-01 19:11:00,OTLY
5.005,5.01,5.0,5.005,6500,2022-04-01 19:12:00,OTLY
5.005,5.01,5.0,5.0,14100,2022-04-01 19:13:00,OTLY
5.005,5.01,5.0,5.0,19590,2022-04-01 19:14:00,OTLY
5.005,5.03,5.005,5.03,35168,2022-04-01 19:15:00,OTLY
5.025,5.039,5.025,5.035,10412,2022-04-01 19:16:00,OTLY
5.035,5.037,5.02,5.02,17932,2022-04-01 19:17:00,OTLY
5.02,5.02,5.015,5.015,6622,2022-04-01 19:18:00,OTLY
5.015,5.02,5.015,5.015,13058,2022-04-01 19:19:00,OTLY
5.015,5.02,5.01,5.015,13200,2022-04-01 19:20:00,OTLY
5.015,5.025,5.015,5.025,14369,2022-04-01 19:21:00,OTLY
5.025,5.03,5.02,5.025,5500,2022-04-01 19:22:00,OTLY
5.0201,5.027,5.015,5.025,20712,2022-04-01 19:23:00,OTLY
5.025,5.025,5.02,5.025,2700,2022-04-01 19:24:00,OTLY
5.02,5.025,5.02,5.025,2400,2022-04-01 19:25:00,OTLY
5.025,5.03,5.02,5.025,4300,2022-04-01 19:26:00,OTLY
5.025,5.025,5.02,5.025,3600,2022-04-01 19:27:00,OTLY
5.025,5.025,5.02,5.025,3500,2022-04-01 19:28:00,OTLY
5.025,5.035,5.02,5.035,27460,2022-04-01 19:29:00,OTLY
5.035,5.04,5.03,5.035,9356,2022-04-01 19:30:00,OTLY
5.035,5.04,5.035,5.035,3600,2022-04-01 19:31:00,OTLY
5.03,5.04,5.03,5.035,6500,2022-04-01 19:32:00,OTLY
5.035,5.035,5.025,5.03,25011,2022-04-01 19:33:00,OTLY
5.035,5.035,5.03,5.03,5860,2022-04-01 19:34:00,OTLY
5.03,5.035,5.03,5.03,3522,2022-04-01 19:35:00,OTLY
5.035,5.035,5.025,5.025,19879,2022-04-01 19:36:00,OTLY
5.0288,5.03,5.02,5.025,6817,2022-04-01 19:37:00,OTLY
5.025,5.035,5.025,5.035,12800,2022-04-01 19:38:00,OTLY
5.035,5.0399,5.035,5.038,3400,2022-04-01 19:39:00,OTLY
5.035,5.035,5.03,5.035,2959,2022-04-01 19:40:00,OTLY
5.035,5.035,5.03,5.035,5196,2022-04-01 19:41:00,OTLY
5.03,5.035,5.03,5.035,21816,2022-04-01 19:42:00,OTLY
5.035,5.035,5.02,5.025,17609,2022-04-01 19:43:00,OTLY
5.025,5.0299,5.02,5.025,7906,2022-04-01 19:44:00,OTLY
5.02,5.029,5.02,5.02,12970,2022-04-01 19:45:00,OTLY
5.025,5.025,5.02,5.02,7555,2022-04-01 19:46:00,OTLY
5.02,5.03,5.02,5.025,9850,2022-04-01 19:47:00,OTLY
5.025,5.025,5.02,5.02,7233,2022-04-01 19:48:00,OTLY
5.025,5.025,5.02,5.025,8725,2022-04-01 19:49:00,OTLY
5.03,5.0399,5.025,5.035,23691,2022-04-01 19:50:00,OTLY
5.035,5.06,5.03,5.055,31795,2022-04-01 19:51:00,OTLY
5.05,5.055,5.04,5.04,17493,2022-04-01 19:52:00,OTLY
5.04,5.045,5.04,5.045,10440,2022-04-01 19:53:00,OTLY
5.045,5.055,5.04,5.055,24554,2022-04-01 19:54:00,OTLY
5.055,5.055,5.05,5.05,15860,2022-04-01 19:55:00,OTLY
5.055,5.055,5.05,5.055,12872,2022-04-01 19:56:00,OTLY
5.055,5.06,5.05,5.055,14657,2022-04-01 19:57:00,OTLY
5.055,5.07,5.05,5.065,30458,2022-04-01 19:58:00,OTLY
5.07,5.08,5.065,5.07,80967,2022-04-01 19:59:00,OTLY
5.08,5.08,5.08,5.08,52886,2022-04-01 20:00:00,OTLY
5.08,5.08,5.08,5.08,100,2022-04-01 20:01:00,OTLY
5.04,5.04,5.04,5.04,145,2022-04-01 20:44:00,OTLY
5.05,5.05,5.05,5.05,200,2022-04-01 21:47:00,OTLY
5.0004,5.0004,5.0004,5.0004,100,2022-04-01 21:54:00,OTLY
5.0,5.0,5.0,5.0,395,2022-04-01 21:56:00,OTLY
5.0001,5.0001,5.0001,5.0001,125,2022-04-01 21:57:00,OTLY
5.07,5.08,5.07,5.08,300,2022-04-01 22:06:00,OTLY
5.12,5.12,5.12,5.12,610,2022-04-01 22:37:00,OTLY
5.1,5.1,5.1,5.1,108,2022-04-04 11:27:00,OTLY
5.1,5.1,5.1,5.1,682,2022-04-04 11:48:00,OTLY
5.09,5.09,5.09,5.09,318,2022-04-04 11:49:00,OTLY
5.04,5.04,5.04,5.04,342,2022-04-04 12:00:00,OTLY
5.1,5.1,5.1,5.1,198,2022-04-04 12:19:00,OTLY
5.09,5.09,5.09,5.09,100,2022-04-04 12:58:00,OTLY
5.09,5.09,5.09,5.09,200,2022-04-04 13:03:00,OTLY
5.0899,5.0899,5.0899,5.0899,2835,2022-04-04 13:27:00,OTLY
5.1,5.13,5.085,5.1252,42532,2022-04-04 13:30:00,OTLY
5.11,5.11,5.08,5.08,12065,2022-04-04 13:31:00,OTLY
5.09,5.13,5.09,5.12,2150,2022-04-04 13:32:00,OTLY
5.1212,5.14,5.12,5.1308,2158,2022-04-04 13:33:00,OTLY
5.121,5.14,5.121,5.14,1467,2022-04-04 13:34:00,OTLY
5.14,5.17,5.14,5.15,4259,2022-04-04 13:35:00,OTLY
5.16,5.175,5.16,5.165,12414,2022-04-04 13:36:00,OTLY
5.1653,5.18,5.165,5.165,9196,2022-04-04 13:37:00,OTLY
5.18,5.2,5.18,5.195,9236,2022-04-04 13:38:00,OTLY
5.1988,5.2185,5.195,5.215,51454,2022-04-04 13:39:00,OTLY
5.22,5.247,5.22,5.245,4624,2022-04-04 13:40:00,OTLY
5.245,5.255,5.23,5.25,34228,2022-04-04 13:41:00,OTLY
5.25,5.25,5.231,5.24,12847,2022-04-04 13:42:00,OTLY
5.24,5.26,5.24,5.25,11155,2022-04-04 13:43:00,OTLY
5.255,5.255,5.225,5.225,9024,2022-04-04 13:44:00,OTLY
5.23,5.23,5.22,5.23,5283,2022-04-04 13:45:00,OTLY
5.2201,5.23,5.21,5.22,12010,2022-04-04 13:46:00,OTLY
5.22,5.22,5.205,5.21,1153,2022-04-04 13:47:00,OTLY
5.21,5.21,5.2,5.205,9000,2022-04-04 13:48:00,OTLY
5.2,5.21,5.195,5.21,2295,2022-04-04 13:49:00,OTLY
5.21,5.2311,5.21,5.22,5486,2022-04-04 13:50:00,OTLY
5.22,5.22,5.19,5.195,12357,2022-04-04 13:51:00,OTLY
5.1911,5.1981,5.1911,5.195,314,2022-04-04 13:52:00,OTLY
5.2,5.21,5.19,5.2,39514,2022-04-04 13:53:00,OTLY
5.2,5.2022,5.1965,5.1987,3842,2022-04-04 13:54:00,OTLY
5.19,5.2,5.18,5.2,9778,2022-04-04 13:55:00,OTLY
5.205,5.21,5.2,5.2,5120,2022-04-04 13:56:00,OTLY
5.1996,5.1996,5.185,5.19,8328,2022-04-04 13:57:00,OTLY
5.18,5.18,5.175,5.175,3535,2022-04-04 13:58:00,OTLY
5.18,5.19,5.175,5.19,16190,2022-04-04 13:59:00,OTLY
5.18,5.18,5.18,5.18,1100,2022-04-04 14:00:00,OTLY
5.17,5.17,5.155,5.155,6565,2022-04-04 14:01:00,OTLY
5.15,5.1585,5.145,5.1492,10054,2022-04-04 14:02:00,OTLY
5.145,5.15,5.145,5.145,4741,2022-04-04 14:03:00,OTLY
5.1489,5.1489,5.135,5.14,5320,2022-04-04 14:04:00,OTLY
5.14,5.175,5.135,5.175,6606,2022-04-04 14:05:00,OTLY
5.175,5.185,5.175,5.185,20188,2022-04-04 14:06:00,OTLY
5.19,5.19,5.185,5.185,1155,2022-04-04 14:07:00,OTLY
5.18,5.1899,5.18,5.185,1361,2022-04-04 14:08:00,OTLY
5.185,5.19,5.175,5.19,7026,2022-04-04 14:09:00,OTLY
5.185,5.2,5.185,5.2,3021,2022-04-04 14:10:00,OTLY
5.205,5.21,5.2,5.205,3200,2022-04-04 14:11:00,OTLY
5.205,5.205,5.185,5.1999,2825,2022-04-04 14:12:00,OTLY
5.19,5.19,5.18,5.18,1300,2022-04-04 14:13:00,OTLY
5.185,5.19,5.18,5.185,2358,2022-04-04 14:14:00,OTLY
5.185,5.195,5.185,5.195,2400,2022-04-04 14:15:00,OTLY
5.2,5.2,5.19,5.195,8247,2022-04-04 14:16:00,OTLY
5.19,5.2,5.19,5.195,1685,2022-04-04 14:17:00,OTLY
5.192,5.2,5.192,5.195,4801,2022-04-04 14:18:00,OTLY
5.195,5.21,5.195,5.2001,3546,2022-04-04 14:19:00,OTLY
5.205,5.205,5.205,5.205,1000,2022-04-04 14:20:00,OTLY
5.206,5.206,5.2009,5.2009,1025,2022-04-04 14:22:00,OTLY
5.21,5.22,5.21,5.2129,1520,2022-04-04 14:23:00,OTLY
5.21,5.22,5.21,5.215,990,2022-04-04 14:25:00,OTLY
5.21,5.215,5.21,5.215,733,2022-04-04 14:26:00,OTLY
5.21,5.21,5.21,5.21,956,2022-04-04 14:27:00,OTLY
5.21,5.21,5.2,5.2,5800,2022-04-04 14:28:00,OTLY
5.2,5.2001,5.2,5.2,3100,2022-04-04 14:29:00,OTLY
5.2,5.2,5.18,5.195,44417,2022-04-04 14:30:00,OTLY
5.1963,5.1963,5.193,5.195,919,2022-04-04 14:31:00,OTLY
5.1993,5.1993,5.195,5.195,1100,2022-04-04 14:32:00,OTLY
5.195,5.195,5.195,5.195,100,2022-04-04 14:33:00,OTLY
5.1978,5.1978,5.1978,5.1978,100,2022-04-04 14:34:00,OTLY
5.195,5.195,5.195,5.195,100,2022-04-04 14:35:00,OTLY
5.1955,5.21,5.1955,5.21,7472,2022-04-04 14:36:00,OTLY
5.2187,5.2187,5.215,5.215,1466,2022-04-04 14:37:00,OTLY
5.21,5.2281,5.21,5.21,30543,2022-04-04 14:38:00,OTLY
5.21,5.21,5.21,5.21,1934,2022-04-04 14:39:00,OTLY
5.22,5.22,5.2104,5.2188,1844,2022-04-04 14:40:00,OTLY
5.21,5.2137,5.19,5.19,24753,2022-04-04 14:41:00,OTLY
5.2,5.2,5.195,5.195,1300,2022-04-04 14:42:00,OTLY
5.19,5.2,5.19,5.2,3082,2022-04-04 14:43:00,OTLY
5.19,5.2,5.185,5.19,15558,2022-04-04 14:44:00,OTLY
5.2,5.2,5.19,5.2,1475,2022-04-04 14:45:00,OTLY
5.19,5.2,5.19,5.195,3270,2022-04-04 14:46:00,OTLY
5.2,5.205,5.2,5.2,3864,2022-04-04 14:47:00,OTLY
5.2,5.21,5.1925,5.205,11080,2022-04-04 14:48:00,OTLY
5.2,5.2,5.2,5.2,200,2022-04-04 14:49:00,OTLY
5.205,5.205,5.2,5.2,400,2022-04-04 14:50:00,OTLY
5.2,5.2,5.2,5.2,200,2022-04-04 14:51:00,OTLY
5.21,5.2284,5.21,5.225,15181,2022-04-04 14:52:00,OTLY
5.22,5.22,5.215,5.215,5293,2022-04-04 14:53:00,OTLY
5.22,5.225,5.215,5.215,2827,2022-04-04 14:54:00,OTLY
5.215,5.22,5.215,5.215,691,2022-04-04 14:55:00,OTLY
5.215,5.22,5.21,5.215,619,2022-04-04 14:56:00,OTLY
5.21,5.215,5.205,5.215,3048,2022-04-04 14:57:00,OTLY
5.215,5.2193,5.21,5.21,11160,2022-04-04 14:58:00,OTLY
5.21,5.23,5.21,5.21,14616,2022-04-04 14:59:00,OTLY
5.21,5.21,5.2,5.2,5179,2022-04-04 15:00:00,OTLY
5.2089,5.21,5.2,5.2,1455,2022-04-04 15:01:00,OTLY
5.21,5.21,5.21,5.21,2100,2022-04-04 15:02:00,OTLY
5.215,5.215,5.205,5.205,9407,2022-04-04 15:03:00,OTLY
5.209,5.21,5.205,5.21,2653,2022-04-04 15:04:00,OTLY
5.21,5.21,5.205,5.205,5700,2022-04-04 15:05:00,OTLY
5.205,5.21,5.205,5.205,592,2022-04-04 15:06:00,OTLY
5.2,5.2,5.2,5.2,200,2022-04-04 15:07:00,OTLY
5.2001,5.2001,5.2,5.2,523,2022-04-04 15:08:00,OTLY
5.209,5.209,5.2,5.2,2241,2022-04-04 15:09:00,OTLY
5.1995,5.1995,5.1901,5.1901,495,2022-04-04 15:10:00,OTLY
5.19,5.1905,5.19,5.1905,2009,2022-04-04 15:11:00,OTLY
5.19,5.195,5.185,5.19,7032,2022-04-04 15:12:00,OTLY
5.19,5.19,5.18,5.1846,4313,2022-04-04 15:13:00,OTLY
5.185,5.19,5.185,5.185,3067,2022-04-04 15:14:00,OTLY
5.19,5.19,5.185,5.189,1990,2022-04-04 15:15:00,OTLY
5.18,5.19,5.18,5.18,3100,2022-04-04 15:16:00,OTLY
5.185,5.1897,5.185,5.185,3114,2022-04-04 15:17:00,OTLY
5.18,5.19,5.18,5.185,4921,2022-04-04 15:18:00,OTLY
5.185,5.2,5.185,5.19,6097,2022-04-04 15:19:00,OTLY
5.19,5.1968,5.19,5.1968,1778,2022-04-04 15:20:00,OTLY
5.195,5.1999,5.19,5.195,5875,2022-04-04 15:22:00,OTLY
5.195,5.195,5.19,5.19,300,2022-04-04 15:23:00,OTLY
5.195,5.195,5.195,5.195,900,2022-04-04 15:25:00,OTLY
5.195,5.195,5.18,5.19,21824,2022-04-04 15:26:00,OTLY
5.185,5.19,5.18,5.185,1400,2022-04-04 15:27:00,OTLY
5.19,5.19,5.18,5.18,2050,2022-04-04 15:28:00,OTLY
5.19,5.195,5.185,5.195,5462,2022-04-04 15:30:00,OTLY
5.1911,5.1991,5.19,5.19,900,2022-04-04 15:31:00,OTLY
5.1988,5.1988,5.1934,5.195,600,2022-04-04 15:32:00,OTLY
5.1912,5.1912,5.1912,5.1912,192,2022-04-04 15:33:00,OTLY
5.19,5.19,5.185,5.185,9836,2022-04-04 15:34:00,OTLY
5.185,5.185,5.185,5.185,470,2022-04-04 15:35:00,OTLY
5.185,5.19,5.185,5.19,1200,2022-04-04 15:36:00,OTLY
5.1899,5.1899,5.18,5.18,3730,2022-04-04 15:37:00,OTLY
5.185,5.1899,5.185,5.185,3394,2022-04-04 15:38:00,OTLY
5.1899,5.1899,5.18,5.18,700,2022-04-04 15:39:00,OTLY
5.185,5.19,5.18,5.185,2332,2022-04-04 15:40:00,OTLY
5.189,5.189,5.185,5.185,1543,2022-04-04 15:41:00,OTLY
5.185,5.185,5.185,5.185,874,2022-04-04 15:42:00,OTLY
5.19,5.19,5.1823,5.185,4906,2022-04-04 15:43:00,OTLY
5.19,5.19,5.185,5.185,400,2022-04-04 15:44:00,OTLY
5.185,5.185,5.18,5.185,1626,2022-04-04 15:45:00,OTLY
5.19,5.205,5.19,5.205,24872,2022-04-04 15:46:00,OTLY
5.205,5.205,5.2,5.2,1028,2022-04-04 15:47:00,OTLY
5.205,5.21,5.205,5.21,490,2022-04-04 15:48:00,OTLY
5.205,5.21,5.19,5.21,14824,2022-04-04 15:49:00,OTLY
5.2,5.2099,5.2,5.205,7038,2022-04-04 15:50:00,OTLY
5.204,5.205,5.204,5.205,715,2022-04-04 15:51:00,OTLY
5.205,5.205,5.205,5.205,200,2022-04-04 15:52:00,OTLY
5.2,5.205,5.2,5.205,300,2022-04-04 15:53:00,OTLY
5.2,5.2,5.2,5.2,100,2022-04-04 15:54:00,OTLY
5.2001,5.2091,5.2,5.2,9400,2022-04-04 15:55:00,OTLY
5.2,5.21,5.2,5.21,2919,2022-04-04 15:56:00,OTLY
5.21,5.21,5.19,5.19,9624,2022-04-04 15:57:00,OTLY
5.19,5.2,5.19,5.2,3986,2022-04-04 15:58:00,OTLY
5.2,5.21,5.2,5.21,2292,2022-04-04 15:59:00,OTLY
5.2,5.2,5.195,5.2,4688,2022-04-04 16:00:00,OTLY
5.2,5.21,5.2,5.205,22106,2022-04-04 16:01:00,OTLY
5.205,5.21,5.205,5.205,2500,2022-04-04 16:04:00,OTLY
5.205,5.205,5.2,5.205,4000,2022-04-04 16:05:00,OTLY
5.2,5.21,5.2,5.205,3804,2022-04-04 16:06:00,OTLY
5.205,5.215,5.2003,5.215,19162,2022-04-04 16:07:00,OTLY
5.215,5.215,5.215,5.215,2093,2022-04-04 16:08:00,OTLY
5.22,5.225,5.215,5.225,15894,2022-04-04 16:09:00,OTLY
5.22,5.225,5.22,5.2201,6325,2022-04-04 16:10:00,OTLY
5.225,5.225,5.22,5.225,3020,2022-04-04 16:11:00,OTLY
5.225,5.225,5.225,5.225,400,2022-04-04 16:12:00,OTLY
5.225,5.23,5.215,5.215,50522,2022-04-04 16:13:00,OTLY
5.215,5.2196,5.21,5.215,48403,2022-04-04 16:14:00,OTLY
5.215,5.22,5.215,5.215,7232,2022-04-04 16:15:00,OTLY
5.2199,5.23,5.215,5.225,4013,2022-04-04 16:16:00,OTLY
5.225,5.2299,5.225,5.225,6270,2022-04-04 16:17:00,OTLY
5.225,5.225,5.225,5.225,400,2022-04-04 16:18:00,OTLY
5.225,5.23,5.22,5.225,92871,2022-04-04 16:19:00,OTLY
5.22,5.225,5.22,5.225,1850,2022-04-04 16:20:00,OTLY
5.22,5.228,5.22,5.228,1500,2022-04-04 16:21:00,OTLY
5.225,5.225,5.22,5.225,4226,2022-04-04 16:22:00,OTLY
5.225,5.225,5.225,5.225,659,2022-04-04 16:23:00,OTLY
5.225,5.23,5.225,5.23,500,2022-04-04 16:24:00,OTLY
5.2206,5.2206,5.215,5.215,7853,2022-04-04 16:25:00,OTLY
5.215,5.225,5.215,5.225,8600,2022-04-04 16:26:00,OTLY
5.23,5.23,5.225,5.225,2100,2022-04-04 16:27:00,OTLY
5.2288,5.23,5.225,5.23,1876,2022-04-04 16:29:00,OTLY
5.225,5.225,5.2204,5.2204,500,2022-04-04 16:30:00,OTLY
5.225,5.225,5.225,5.225,200,2022-04-04 16:31:00,OTLY
5.225,5.225,5.22,5.225,6500,2022-04-04 16:32:00,OTLY
5.23,5.23,5.225,5.225,1600,2022-04-04 16:33:00,OTLY
5.225,5.2288,5.225,5.225,352,2022-04-04 16:34:00,OTLY
5.225,5.2294,5.22,5.225,4700,2022-04-04 16:35:00,OTLY
5.225,5.228,5.225,5.225,3350,2022-04-04 16:36:00,OTLY
5.225,5.225,5.225,5.225,1500,2022-04-04 16:37:00,OTLY
5.225,5.2483,5.225,5.2483,54986,2022-04-04 16:38:00,OTLY
5.245,5.245,5.225,5.225,17070,2022-04-04 16:39:00,OTLY
5.23,5.235,5.23,5.23,3449,2022-04-04 16:40:00,OTLY
5.23,5.235,5.23,5.235,600,2022-04-04 16:41:00,OTLY
5.2327,5.2327,5.23,5.23,700,2022-04-04 16:43:00,OTLY
5.23,5.23,5.22,5.225,11128,2022-04-04 16:44:00,OTLY
5.23,5.235,5.23,5.235,6237,2022-04-04 16:45:00,OTLY
5.23,5.24,5.23,5.23,1200,2022-04-04 16:46:00,OTLY
5.23,5.23,5.225,5.225,6101,2022-04-04 16:47:00,OTLY
5.225,5.2329,5.225,5.2329,2995,2022-04-04 16:48:00,OTLY
5.235,5.25,5.235,5.245,16528,2022-04-04 16:50:00,OTLY
5.25,5.25,5.245,5.245,600,2022-04-04 16:52:00,OTLY
5.245,5.2456,5.245,5.2456,810,2022-04-04 16:53:00,OTLY
5.25,5.255,5.235,5.24,45676,2022-04-04 16:54:00,OTLY
5.235,5.2381,5.235,5.2381,801,2022-04-04 16:55:00,OTLY
5.235,5.235,5.235,5.235,400,2022-04-04 16:56:00,OTLY
5.24,5.24,5.24,5.24,3800,2022-04-04 16:57:00,OTLY
5.245,5.25,5.24,5.24,10648,2022-04-04 16:58:00,OTLY
5.245,5.245,5.24,5.245,1000,2022-04-04 16:59:00,OTLY
5.245,5.2487,5.235,5.24,7890,2022-04-04 17:00:00,OTLY
5.2487,5.2487,5.23,5.235,10343,2022-04-04 17:01:00,OTLY
5.2351,5.2351,5.235,5.235,600,2022-04-04 17:02:00,OTLY
5.235,5.245,5.235,5.245,10523,2022-04-04 17:03:00,OTLY
5.24,5.24,5.22,5.23,36315,2022-04-04 17:04:00,OTLY
5.225,5.23,5.22,5.23,11106,2022-04-04 17:05:00,OTLY
5.235,5.24,5.2341,5.24,9048,2022-04-04 17:06:00,OTLY
5.2301,5.24,5.2301,5.24,1660,2022-04-04 17:07:00,OTLY
5.24,5.24,5.23,5.24,3244,2022-04-04 17:08:00,OTLY
5.24,5.25,5.24,5.24,22250,2022-04-04 17:09:00,OTLY
5.25,5.25,5.2401,5.2401,7787,2022-04-04 17:10:00,OTLY
5.25,5.255,5.25,5.255,42288,2022-04-04 17:11:00,OTLY
5.255,5.255,5.245,5.255,12122,2022-04-04 17:12:00,OTLY
5.255,5.255,5.25,5.25,10527,2022-04-04 17:13:00,OTLY
5.25,5.26,5.25,5.255,1500,2022-04-04 17:14:00,OTLY
5.255,5.255,5.255,5.255,1700,2022-04-04 17:15:00,OTLY
5.255,5.33,5.255,5.32,116728,2022-04-04 17:16:00,OTLY
5.325,5.33,5.31,5.31,26027,2022-04-04 17:17:00,OTLY
5.31,5.33,5.31,5.325,8700,2022-04-04 17:18:00,OTLY
5.33,5.33,5.3211,5.325,9012,2022-04-04 17:19:00,OTLY
5.325,5.3486,5.325,5.345,5800,2022-04-04 17:20:00,OTLY
5.345,5.35,5.34,5.345,10750,2022-04-04 17:21:00,OTLY
5.345,5.36,5.34,5.36,29719,2022-04-04 17:22:00,OTLY
5.36,5.38,5.36,5.365,13813,2022-04-04 17:23:00,OTLY
5.3601,5.37,5.36,5.365,26327,2022-04-04 17:24:00,OTLY
5.365,5.37,5.36,5.365,5100,2022-04-04 17:25:00,OTLY
5.3605,5.369,5.35,5.355,20148,2022-04-04 17:26:00,OTLY
5.355,5.355,5.35,5.355,2500,2022-04-04 17:27:00,OTLY
5.355,5.3597,5.35,5.355,6181,2022-04-04 17:28:00,OTLY
5.355,5.355,5.35,5.35,2598,2022-04-04 17:29:00,OTLY
5.355,5.36,5.35,5.355,8403,2022-04-04 17:30:00,OTLY
5.351,5.355,5.33,5.33,16491,2022-04-04 17:31:00,OTLY
5.33,5.34,5.33,5.33,3559,2022-04-04 17:32:00,OTLY
5.33,5.335,5.32,5.33,24259,2022-04-04 17:33:00,OTLY
5.335,5.335,5.32,5.32,7627,2022-04-04 17:34:00,OTLY
5.32,5.33,5.32,5.32,1950,2022-04-04 17:35:00,OTLY
5.32,5.3299,5.31,5.315,10274,2022-04-04 17:36:00,OTLY
5.315,5.32,5.3,5.32,14042,2022-04-04 17:37:00,OTLY
5.318,5.325,5.315,5.325,3600,2022-04-04 17:38:00,OTLY
5.325,5.325,5.325,5.325,300,2022-04-04 17:39:00,OTLY
5.3209,5.325,5.31,5.315,6656,2022-04-04 17:40:00,OTLY
5.315,5.3166,5.31,5.31,8017,2022-04-04 17:41:00,OTLY
5.31,5.32,5.31,5.31,1200,2022-04-04 17:42:00,OTLY
5.31,5.315,5.3031,5.305,10965,2022-04-04 17:43:00,OTLY
5.305,5.315,5.305,5.315,2324,2022-04-04 17:44:00,OTLY
5.32,5.32,5.31,5.31,1300,2022-04-04 17:45:00,OTLY
5.31,5.325,5.31,5.325,7397,2022-04-04 17:46:00,OTLY
5.325,5.325,5.32,5.325,900,2022-04-04 17:47:00,OTLY
5.325,5.335,5.3212,5.335,6023,2022-04-04 17:48:00,OTLY
5.33,5.335,5.33,5.335,500,2022-04-04 17:49:00,OTLY
5.335,5.34,5.33,5.33,1700,2022-04-04 17:50:00,OTLY
5.335,5.335,5.325,5.325,6256,2022-04-04 17:51:00,OTLY
5.32,5.325,5.31,5.315,2800,2022-04-04 17:52:00,OTLY
5.315,5.315,5.31,5.315,1300,2022-04-04 17:53:00,OTLY
5.315,5.318,5.31,5.31,1300,2022-04-04 17:54:00,OTLY
5.31,5.315,5.31,5.315,5650,2022-04-04 17:55:00,OTLY
5.315,5.315,5.315,5.315,2400,2022-04-04 17:56:00,OTLY
5.315,5.315,5.315,5.315,2200,2022-04-04 17:57:00,OTLY
5.315,5.325,5.315,5.325,4025,2022-04-04 17:58:00,OTLY
5.325,5.33,5.325,5.325,900,2022-04-04 17:59:00,OTLY
5.329,5.329,5.325,5.325,1300,2022-04-04 18:00:00,OTLY
5.32,5.325,5.32,5.325,2100,2022-04-04 18:01:00,OTLY
5.325,5.325,5.32,5.325,500,2022-04-04 18:02:00,OTLY
5.325,5.325,5.32,5.325,975,2022-04-04 18:03:00,OTLY
5.325,5.33,5.32,5.325,2028,2022-04-04 18:04:00,OTLY
5.325,5.325,5.3201,5.3201,500,2022-04-04 18:05:00,OTLY
5.32,5.33,5.32,5.33,26120,2022-04-04 18:06:00,OTLY
5.33,5.33,5.315,5.315,23226,2022-04-04 18:07:00,OTLY
5.315,5.33,5.305,5.325,41018,2022-04-04 18:08:00,OTLY
5.325,5.33,5.325,5.33,3300,2022-04-04 18:09:00,OTLY
5.3243,5.325,5.3243,5.325,1400,2022-04-04 18:10:00,OTLY
5.325,5.335,5.325,5.335,10867,2022-04-04 18:11:00,OTLY
5.335,5.36,5.335,5.36,32074,2022-04-04 18:12:00,OTLY
5.355,5.36,5.355,5.355,1500,2022-04-04 18:13:00,OTLY
5.355,5.37,5.355,5.37,8469,2022-04-04 18:14:00,OTLY
5.365,5.37,5.3607,5.3697,4798,2022-04-04 18:15:00,OTLY
5.3676,5.3699,5.36,5.365,8402,2022-04-04 18:16:00,OTLY
5.365,5.3689,5.36,5.36,1848,2022-04-04 18:17:00,OTLY
5.36,5.365,5.36,5.36,1428,2022-04-04 18:18:00,OTLY
5.365,5.37,5.34,5.34,33623,2022-04-04 18:19:00,OTLY
5.345,5.345,5.34,5.345,800,2022-04-04 18:20:00,OTLY
5.345,5.355,5.33,5.355,17427,2022-04-04 18:21:00,OTLY
5.355,5.36,5.34,5.34,9459,2022-04-04 18:22:00,OTLY
5.34,5.345,5.33,5.335,4016,2022-04-04 18:23:00,OTLY
5.335,5.35,5.3301,5.345,6670,2022-04-04 18:24:00,OTLY
5.35,5.35,5.3212,5.325,18351,2022-04-04 18:25:00,OTLY
5.325,5.325,5.325,5.325,634,2022-04-04 18:26:00,OTLY
5.33,5.34,5.33,5.335,6975,2022-04-04 18:27:00,OTLY
5.33,5.335,5.3201,5.33,2878,2022-04-04 18:28:00,OTLY
5.325,5.325,5.325,5.325,1300,2022-04-04 18:29:00,OTLY
5.325,5.3293,5.3226,5.325,2130,2022-04-04 18:30:00,OTLY
5.325,5.325,5.325,5.325,1113,2022-04-04 18:31:00,OTLY
5.325,5.3375,5.325,5.3375,5225,2022-04-04 18:32:00,OTLY
5.335,5.335,5.33,5.335,900,2022-04-04 18:33:00,OTLY
5.335,5.335,5.325,5.325,3962,2022-04-04 18:34:00,OTLY
5.325,5.325,5.325,5.325,2800,2022-04-04 18:35:00,OTLY
5.33,5.33,5.325,5.325,800,2022-04-04 18:36:00,OTLY
5.325,5.3288,5.325,5.325,500,2022-04-04 18:37:00,OTLY
5.325,5.33,5.325,5.33,400,2022-04-04 18:38:00,OTLY
5.322,5.335,5.322,5.335,3436,2022-04-04 18:39:00,OTLY
5.335,5.335,5.325,5.325,5153,2022-04-04 18:40:00,OTLY
5.325,5.34,5.325,5.335,9727,2022-04-04 18:41:00,OTLY
5.335,5.335,5.32,5.325,3728,2022-04-04 18:42:00,OTLY
5.325,5.335,5.325,5.335,4037,2022-04-04 18:43:00,OTLY
5.335,5.335,5.33,5.335,1868,2022-04-04 18:44:00,OTLY
5.335,5.335,5.3315,5.335,4010,2022-04-04 18:45:00,OTLY
5.335,5.34,5.33,5.34,1540,2022-04-04 18:46:00,OTLY
5.335,5.34,5.335,5.335,1500,2022-04-04 18:47:00,OTLY
5.335,5.34,5.335,5.335,600,2022-04-04 18:48:00,OTLY
5.335,5.34,5.3307,5.34,1633,2022-04-04 18:49:00,OTLY
5.335,5.335,5.33,5.335,3600,2022-04-04 18:50:00,OTLY
5.3312,5.335,5.33,5.335,700,2022-04-04 18:51:00,OTLY
5.33,5.33,5.32,5.325,5300,2022-04-04 18:52:00,OTLY
5.325,5.325,5.32,5.325,1700,2022-04-04 18:53:00,OTLY
5.325,5.3299,5.32,5.325,3114,2022-04-04 18:54:00,OTLY
5.33,5.33,5.325,5.325,800,2022-04-04 18:55:00,OTLY
5.325,5.325,5.3201,5.325,1175,2022-04-04 18:56:00,OTLY
5.325,5.325,5.325,5.325,1200,2022-04-04 18:57:00,OTLY
5.33,5.33,5.325,5.325,3132,2022-04-04 18:58:00,OTLY
5.33,5.33,5.32,5.32,995,2022-04-04 18:59:00,OTLY
5.325,5.33,5.325,5.325,1950,2022-04-04 19:00:00,OTLY
5.33,5.33,5.325,5.325,400,2022-04-04 19:01:00,OTLY
5.325,5.33,5.325,5.3299,650,2022-04-04 19:02:00,OTLY
5.325,5.325,5.305,5.305,19780,2022-04-04 19:03:00,OTLY
5.305,5.305,5.3,5.3,18609,2022-04-04 19:04:00,OTLY
5.3,5.305,5.29,5.295,4982,2022-04-04 19:05:00,OTLY
5.2912,5.295,5.29,5.2901,9097,2022-04-04 19:06:00,OTLY
5.29,5.29,5.28,5.285,7766,2022-04-04 19:07:00,OTLY
5.285,5.29,5.28,5.285,1950,2022-04-04 19:08:00,OTLY
5.285,5.295,5.285,5.295,6367,2022-04-04 19:09:00,OTLY
5.295,5.2999,5.295,5.295,2300,2022-04-04 19:10:00,OTLY
5.3,5.3,5.295,5.295,578,2022-04-04 19:11:00,OTLY
5.295,5.295,5.295,5.295,1700,2022-04-04 19:12:00,OTLY
5.295,5.295,5.29,5.295,2100,2022-04-04 19:13:00,OTLY
5.295,5.295,5.29,5.295,752,2022-04-04 19:14:00,OTLY
5.295,5.3,5.295,5.295,1323,2022-04-04 19:15:00,OTLY
5.3,5.31,5.3,5.305,4898,2022-04-04 19:16:00,OTLY
5.305,5.31,5.305,5.305,1700,2022-04-04 19:17:00,OTLY
5.31,5.31,5.305,5.305,800,2022-04-04 19:18:00,OTLY
5.31,5.31,5.3015,5.305,5497,2022-04-04 19:19:00,OTLY
5.305,5.305,5.305,5.305,1359,2022-04-04 19:20:00,OTLY
5.305,5.305,5.3,5.305,2400,2022-04-04 19:21:00,OTLY
5.305,5.305,5.3,5.305,2495,2022-04-04 19:22:00,OTLY
5.306,5.306,5.3,5.305,2600,2022-04-04 19:23:00,OTLY
5.305,5.305,5.3,5.305,900,2022-04-04 19:24:00,OTLY
5.305,5.305,5.3012,5.305,1000,2022-04-04 19:25:00,OTLY
5.305,5.305,5.305,5.305,800,2022-04-04 19:26:00,OTLY
5.305,5.31,5.305,5.305,1700,2022-04-04 19:27:00,OTLY
5.31,5.31,5.305,5.305,800,2022-04-04 19:28:00,OTLY
5.305,5.305,5.3015,5.305,1532,2022-04-04 19:29:00,OTLY
5.305,5.305,5.305,5.305,300,2022-04-04 19:30:00,OTLY
5.305,5.31,5.303,5.305,3686,2022-04-04 19:31:00,OTLY
5.305,5.31,5.3,5.305,7849,2022-04-04 19:32:00,OTLY
5.305,5.305,5.3,5.305,7934,2022-04-04 19:33:00,OTLY
5.305,5.305,5.28,5.285,17384,2022-04-04 19:34:00,OTLY
5.285,5.2899,5.275,5.285,21558,2022-04-04 19:35:00,OTLY
5.285,5.29,5.28,5.28,5631,2022-04-04 19:36:00,OTLY
5.285,5.3,5.28,5.29,35062,2022-04-04 19:37:00,OTLY
5.295,5.2999,5.29,5.29,1902,2022-04-04 19:38:00,OTLY
5.29,5.295,5.28,5.28,23416,2022-04-04 19:39:00,OTLY
5.285,5.29,5.28,5.285,8897,2022-04-04 19:40:00,OTLY
5.28,5.3,5.28,5.29,18506,2022-04-04 19:41:00,OTLY
5.295,5.2988,5.29,5.295,1752,2022-04-04 19:42:00,OTLY
5.295,5.2999,5.29,5.2999,3516,2022-04-04 19:43:00,OTLY
5.295,5.2999,5.29,5.29,3800,2022-04-04 19:44:00,OTLY
5.295,5.2999,5.29,5.295,9638,2022-04-04 19:45:00,OTLY
5.295,5.3,5.2901,5.295,13316,2022-04-04 19:46:00,OTLY
5.295,5.305,5.29,5.305,20876,2022-04-04 19:47:00,OTLY
5.305,5.3099,5.3,5.305,12343,2022-04-04 19:48:00,OTLY
5.3,5.3085,5.28,5.28,28334,2022-04-04 19:49:00,OTLY
5.28,5.29,5.28,5.28,12078,2022-04-04 19:50:00,OTLY
5.285,5.3,5.28,5.29,19683,2022-04-04 19:51:00,OTLY
5.295,5.295,5.29,5.295,8400,2022-04-04 19:52:00,OTLY
5.2999,5.2999,5.29,5.295,12258,2022-04-04 19:53:00,OTLY
5.295,5.32,5.29,5.31,41990,2022-04-04 19:54:00,OTLY
5.31,5.31,5.3,5.3,37552,2022-04-04 19:55:00,OTLY
5.305,5.3099,5.3,5.305,13346,2022-04-04 19:56:00,OTLY
5.305,5.3187,5.3044,5.315,21700,2022-04-04 19:57:00,OTLY
5.315,5.32,5.31,5.315,16004,2022-04-04 19:58:00,OTLY
5.315,5.33,5.315,5.33,57897,2022-04-04 19:59:00,OTLY
5.33,5.33,5.33,5.33,70391,2022-04-04 20:00:00,OTLY
5.33,5.33,5.33,5.33,150,2022-04-04 20:22:00,OTLY
5.33,5.33,5.33,5.33,1890,2022-04-04 20:23:00,OTLY
5.37,5.37,5.37,5.37,624,2022-04-04 20:30:00,OTLY
5.37,5.37,5.37,5.37,1000,2022-04-04 20:31:00,OTLY
5.38,5.39,5.38,5.39,2008,2022-04-04 20:34:00,OTLY
5.37,5.37,5.37,5.37,100,2022-04-04 21:42:00,OTLY
5.34,5.34,5.34,5.34,500,2022-04-04 23:32:00,OTLY
5.29,5.29,5.29,5.29,160,2022-04-04 23:57:00,OTLY
5.27,5.27,5.27,5.27,259,2022-04-05 09:54:00,OTLY
5.34,5.35,5.34,5.35,1400,2022-04-05 11:50:00,OTLY
5.34,5.34,5.34,5.34,100,2022-04-05 12:02:00,OTLY
5.3399,5.3399,5.3399,5.3399,200,2022-04-05 12:03:00,OTLY
5.33,5.33,5.33,5.33,444,2022-04-05 12:34:00,OTLY
5.33,5.33,5.33,5.33,300,2022-04-05 12:35:00,OTLY
5.33,5.33,5.33,5.33,300,2022-04-05 12:36:00,OTLY
5.32,5.32,5.32,5.32,100,2022-04-05 12:37:00,OTLY
5.31,5.31,5.31,5.31,100,2022-04-05 13:21:00,OTLY
5.31,5.31,5.31,5.31,253,2022-04-05 13:22:00,OTLY
5.34,5.34,5.34,5.34,500,2022-04-05 13:23:00,OTLY
5.34,5.34,5.2204,5.2204,44402,2022-04-05 13:30:00,OTLY
5.25,5.27,5.22,5.24,5824,2022-04-05 13:31:00,OTLY
5.25,5.29,5.25,5.26,4361,2022-04-05 13:32:00,OTLY
5.255,5.27,5.2501,5.2501,10000,2022-04-05 13:33:00,OTLY
5.25,5.255,5.24,5.25,13050,2022-04-05 13:34:00,OTLY
5.26,5.27,5.24,5.24,2685,2022-04-05 13:35:00,OTLY
5.24,5.24,5.215,5.215,14111,2022-04-05 13:36:00,OTLY
5.205,5.23,5.19,5.225,22246,2022-04-05 13:37:00,OTLY
5.225,5.225,5.21,5.21,6604,2022-04-05 13:38:00,OTLY
5.21,5.21,5.195,5.21,43950,2022-04-05 13:39:00,OTLY
5.21,5.21,5.1895,5.19,13045,2022-04-05 13:40:00,OTLY
5.18,5.19,5.175,5.18,9504,2022-04-05 13:41:00,OTLY
5.185,5.185,5.17,5.185,6250,2022-04-05 13:42:00,OTLY
5.185,5.2,5.1714,5.1901,1793,2022-04-05 13:43:00,OTLY
5.2,5.21,5.2,5.21,5892,2022-04-05 13:44:00,OTLY
5.205,5.22,5.185,5.19,8437,2022-04-05 13:45:00,OTLY
5.19,5.2,5.18,5.19,13469,2022-04-05 13:46:00,OTLY
5.19,5.195,5.18,5.1801,18077,2022-04-05 13:47:00,OTLY
5.185,5.185,5.175,5.18,10065,2022-04-05 13:48:00,OTLY
5.175,5.19,5.17,5.19,11944,2022-04-05 13:49:00,OTLY
5.19,5.19,5.1788,5.18,10036,2022-04-05 13:50:00,OTLY
5.18,5.185,5.17,5.175,2247,2022-04-05 13:51:00,OTLY
5.17,5.1799,5.17,5.175,1460,2022-04-05 13:52:00,OTLY
5.175,5.179,5.175,5.175,851,2022-04-05 13:53:00,OTLY
5.17,5.18,5.15,5.155,14606,2022-04-05 13:54:00,OTLY
5.159,5.165,5.15,5.165,6543,2022-04-05 13:55:00,OTLY
5.17,5.175,5.165,5.175,5001,2022-04-05 13:56:00,OTLY
5.1729,5.175,5.1729,5.175,1780,2022-04-05 13:57:00,OTLY
5.1792,5.18,5.175,5.175,6485,2022-04-05 13:58:00,OTLY
5.175,5.1799,5.175,5.175,7052,2022-04-05 13:59:00,OTLY
5.175,5.1799,5.17,5.175,13200,2022-04-05 14:00:00,OTLY
5.17,5.17,5.155,5.155,8337,2022-04-05 14:01:00,OTLY
5.155,5.16,5.15,5.155,14978,2022-04-05 14:02:00,OTLY
5.155,5.16,5.155,5.1575,10155,2022-04-05 14:03:00,OTLY
5.15,5.15,5.13,5.145,37655,2022-04-05 14:04:00,OTLY
5.14,5.14,5.13,5.135,7301,2022-04-05 14:05:00,OTLY
5.1388,5.1388,5.12,5.12,7257,2022-04-05 14:06:00,OTLY
5.115,5.115,5.115,5.115,4900,2022-04-05 14:07:00,OTLY
5.11,5.11,5.105,5.105,1400,2022-04-05 14:08:00,OTLY
5.1,5.109,5.1,5.1,1619,2022-04-05 14:09:00,OTLY
5.1,5.11,5.095,5.11,16549,2022-04-05 14:10:00,OTLY
5.1089,5.1089,5.105,5.105,500,2022-04-05 14:11:00,OTLY
5.1093,5.1093,5.105,5.1091,2633,2022-04-05 14:12:00,OTLY
5.1006,5.1006,5.095,5.095,7703,2022-04-05 14:13:00,OTLY
5.098,5.1099,5.095,5.1,4084,2022-04-05 14:14:00,OTLY
5.095,5.095,5.085,5.085,5330,2022-04-05 14:15:00,OTLY
5.08,5.085,5.08,5.085,981,2022-04-05 14:16:00,OTLY
5.085,5.0894,5.08,5.08,3903,2022-04-05 14:17:00,OTLY
5.085,5.085,5.07,5.075,14666,2022-04-05 14:18:00,OTLY
5.07,5.08,5.07,5.07,2300,2022-04-05 14:19:00,OTLY
5.079,5.0792,5.075,5.0766,2027,2022-04-05 14:20:00,OTLY
5.0782,5.0788,5.07,5.0788,1096,2022-04-05 14:21:00,OTLY
5.0701,5.0785,5.0701,5.075,3948,2022-04-05 14:22:00,OTLY
5.075,5.0764,5.07,5.075,4249,2022-04-05 14:23:00,OTLY
5.0788,5.0788,5.07,5.075,5070,2022-04-05 14:24:00,OTLY
5.075,5.08,5.06,5.065,30044,2022-04-05 14:25:00,OTLY
5.07,5.07,5.05,5.055,20234,2022-04-05 14:26:00,OTLY
5.055,5.055,5.05,5.0501,5521,2022-04-05 14:27:00,OTLY
5.055,5.055,5.04,5.045,23556,2022-04-05 14:28:00,OTLY
5.0484,5.06,5.04,5.05,18860,2022-04-05 14:29:00,OTLY
5.0501,5.055,5.04,5.05,30667,2022-04-05 14:30:00,OTLY
5.045,5.045,5.035,5.035,5914,2022-04-05 14:31:00,OTLY
5.04,5.07,5.04,5.07,18923,2022-04-05 14:32:00,OTLY
5.065,5.08,5.065,5.075,16277,2022-04-05 14:33:00,OTLY
5.075,5.08,5.07,5.07,6951,2022-04-05 14:34:00,OTLY
5.075,5.08,5.075,5.075,4085,2022-04-05 14:35:00,OTLY
5.0701,5.0701,5.065,5.065,16842,2022-04-05 14:36:00,OTLY
5.06,5.06,5.055,5.055,1057,2022-04-05 14:37:00,OTLY
5.05,5.06,5.05,5.0543,2424,2022-04-05 14:38:00,OTLY
5.06,5.06,5.05,5.055,14304,2022-04-05 14:39:00,OTLY
5.05,5.055,5.05,5.05,400,2022-04-05 14:40:00,OTLY
5.05,5.055,5.04,5.04,10718,2022-04-05 14:41:00,OTLY
5.04,5.048,5.04,5.045,311,2022-04-05 14:42:00,OTLY
5.04,5.04,5.035,5.035,5513,2022-04-05 14:43:00,OTLY
5.0309,5.039,5.03,5.035,2246,2022-04-05 14:44:00,OTLY
5.035,5.05,5.03,5.04,7510,2022-04-05 14:45:00,OTLY
5.0499,5.07,5.045,5.065,3072,2022-04-05 14:46:00,OTLY
5.0693,5.0785,5.06,5.075,11723,2022-04-05 14:47:00,OTLY
5.07,5.075,5.07,5.075,870,2022-04-05 14:48:00,OTLY
5.07,5.07,5.065,5.065,995,2022-04-05 14:49:00,OTLY
5.07,5.075,5.07,5.075,2047,2022-04-05 14:50:00,OTLY
5.07,5.07,5.065,5.065,1545,2022-04-05 14:51:00,OTLY
5.065,5.07,5.065,5.065,7137,2022-04-05 14:52:00,OTLY
5.07,5.09,5.065,5.085,4106,2022-04-05 14:53:00,OTLY
5.085,5.09,5.085,5.085,3481,2022-04-05 14:54:00,OTLY
5.08,5.08,5.08,5.08,20130,2022-04-05 14:55:00,OTLY
5.075,5.075,5.075,5.075,1380,2022-04-05 14:56:00,OTLY
5.07,5.075,5.06,5.07,29558,2022-04-05 14:57:00,OTLY
5.0765,5.0781,5.0765,5.0781,900,2022-04-05 14:58:00,OTLY
5.07,5.07,5.07,5.07,1000,2022-04-05 14:59:00,OTLY
5.07,5.075,5.07,5.07,700,2022-04-05 15:00:00,OTLY
5.07,5.09,5.07,5.085,4601,2022-04-05 15:01:00,OTLY
5.08,5.08,5.08,5.08,200,2022-04-05 15:02:00,OTLY
5.085,5.085,5.075,5.075,2979,2022-04-05 15:03:00,OTLY
5.075,5.075,5.075,5.075,300,2022-04-05 15:04:00,OTLY
5.08,5.09,5.08,5.0807,10756,2022-04-05 15:05:00,OTLY
5.09,5.09,5.085,5.085,10500,2022-04-05 15:06:00,OTLY
5.08,5.09,5.08,5.089,1419,2022-04-05 15:07:00,OTLY
5.085,5.0893,5.085,5.0888,4843,2022-04-05 15:08:00,OTLY
5.08,5.09,5.08,5.085,700,2022-04-05 15:09:00,OTLY
5.09,5.09,5.08,5.085,6397,2022-04-05 15:10:00,OTLY
5.085,5.0889,5.08,5.0889,500,2022-04-05 15:11:00,OTLY
5.085,5.0891,5.08,5.085,1700,2022-04-05 15:12:00,OTLY
5.09,5.098,5.085,5.098,5936,2022-04-05 15:13:00,OTLY
5.1,5.1,5.1,5.1,100,2022-04-05 15:14:00,OTLY
5.095,5.1,5.0947,5.0991,4257,2022-04-05 15:15:00,OTLY
5.095,5.095,5.08,5.08,14909,2022-04-05 15:16:00,OTLY
5.075,5.08,5.075,5.08,700,2022-04-05 15:17:00,OTLY
5.08,5.08,5.075,5.0775,3500,2022-04-05 15:18:00,OTLY
5.07,5.07,5.055,5.055,10592,2022-04-05 15:19:00,OTLY
5.0588,5.06,5.055,5.06,4900,2022-04-05 15:20:00,OTLY
5.059,5.06,5.059,5.06,500,2022-04-05 15:21:00,OTLY
5.055,5.065,5.055,5.06,1672,2022-04-05 15:22:00,OTLY
5.055,5.055,5.045,5.045,3010,2022-04-05 15:23:00,OTLY
5.045,5.045,5.045,5.045,100,2022-04-05 15:24:00,OTLY
5.05,5.05,5.045,5.045,1021,2022-04-05 15:25:00,OTLY
5.0499,5.055,5.0498,5.05,6534,2022-04-05 15:26:00,OTLY
5.045,5.045,5.045,5.045,100,2022-04-05 15:27:00,OTLY
5.05,5.05,5.045,5.05,5800,2022-04-05 15:28:00,OTLY
5.045,5.05,5.045,5.0462,2500,2022-04-05 15:29:00,OTLY
5.05,5.05,5.04,5.045,11251,2022-04-05 15:30:00,OTLY
5.0495,5.0495,5.04,5.04,6900,2022-04-05 15:31:00,OTLY
5.045,5.05,5.045,5.05,4378,2022-04-05 15:32:00,OTLY
5.045,5.05,5.04,5.045,9099,2022-04-05 15:33:00,OTLY
5.045,5.06,5.045,5.055,8658,2022-04-05 15:34:00,OTLY
5.055,5.055,5.05,5.05,320,2022-04-05 15:35:00,OTLY
5.055,5.055,5.04,5.045,8406,2022-04-05 15:36:00,OTLY
5.045,5.05,5.045,5.05,1800,2022-04-05 15:37:00,OTLY
5.05,5.05,5.05,5.05,5705,2022-04-05 15:38:00,OTLY
5.05,5.05,5.04,5.045,4900,2022-04-05 15:39:00,OTLY
5.045,5.05,5.04,5.05,7439,2022-04-05 15:40:00,OTLY
5.048,5.05,5.045,5.05,5700,2022-04-05 15:41:00,OTLY
5.05,5.05,5.045,5.049,6650,2022-04-05 15:42:00,OTLY
5.05,5.059,5.05,5.059,2600,2022-04-05 15:43:00,OTLY
5.05,5.06,5.045,5.05,12234,2022-04-05 15:44:00,OTLY
5.0496,5.05,5.04,5.0468,3137,2022-04-05 15:45:00,OTLY
5.05,5.06,5.05,5.06,7579,2022-04-05 15:46:00,OTLY
5.06,5.06,5.05,5.05,2000,2022-04-05 15:47:00,OTLY
5.05,5.0599,5.05,5.0599,698,2022-04-05 15:48:00,OTLY
5.055,5.055,5.055,5.055,100,2022-04-05 15:49:00,OTLY
5.06,5.07,5.06,5.0681,11450,2022-04-05 15:50:00,OTLY
5.06,5.06,5.05,5.05,6310,2022-04-05 15:51:00,OTLY
5.055,5.06,5.055,5.06,4100,2022-04-05 15:52:00,OTLY
5.055,5.055,5.045,5.055,13683,2022-04-05 15:54:00,OTLY
5.055,5.07,5.05,5.07,4104,2022-04-05 15:55:00,OTLY
5.07,5.07,5.065,5.065,4688,2022-04-05 15:56:00,OTLY
5.06,5.06,5.055,5.06,3100,2022-04-05 15:57:00,OTLY
5.06,5.06,5.06,5.06,3400,2022-04-05 15:58:00,OTLY
5.06,5.065,5.06,5.065,900,2022-04-05 15:59:00,OTLY
5.06,5.07,5.055,5.06,10737,2022-04-05 16:00:00,OTLY
5.055,5.055,5.05,5.0528,4287,2022-04-05 16:01:00,OTLY
5.0599,5.0599,5.055,5.055,900,2022-04-05 16:02:00,OTLY
5.055,5.06,5.055,5.06,1223,2022-04-05 16:03:00,OTLY
5.055,5.06,5.0501,5.055,1698,2022-04-05 16:04:00,OTLY
5.06,5.06,5.05,5.05,3880,2022-04-05 16:05:00,OTLY
5.055,5.06,5.055,5.06,600,2022-04-05 16:06:00,OTLY
5.06,5.06,5.055,5.055,700,2022-04-05 16:07:00,OTLY
5.06,5.06,5.055,5.055,2515,2022-04-05 16:08:00,OTLY
5.05,5.05,5.045,5.045,6167,2022-04-05 16:09:00,OTLY
5.0499,5.05,5.045,5.05,4642,2022-04-05 16:10:00,OTLY
5.05,5.05,5.03,5.035,19254,2022-04-05 16:11:00,OTLY
5.0388,5.05,5.035,5.05,11301,2022-04-05 16:12:00,OTLY
5.0588,5.0589,5.055,5.0588,4100,2022-04-05 16:13:00,OTLY
5.0588,5.06,5.055,5.055,1400,2022-04-05 16:14:00,OTLY
5.06,5.06,5.0591,5.06,2745,2022-04-05 16:15:00,OTLY
5.06,5.065,5.045,5.045,11816,2022-04-05 16:16:00,OTLY
5.0488,5.0488,5.04,5.04,301,2022-04-05 16:17:00,OTLY
5.05,5.05,5.045,5.05,3216,2022-04-05 16:18:00,OTLY
5.045,5.05,5.04,5.0411,12388,2022-04-05 16:19:00,OTLY
5.04,5.04,5.03,5.04,7299,2022-04-05 16:20:00,OTLY
5.035,5.0426,5.035,5.0426,5220,2022-04-05 16:21:00,OTLY
5.04,5.04,5.03,5.0306,14133,2022-04-05 16:22:00,OTLY
5.04,5.04,5.03,5.0388,3701,2022-04-05 16:23:00,OTLY
5.03,5.04,5.03,5.04,5862,2022-04-05 16:24:00,OTLY
5.04,5.04,5.03,5.03,3301,2022-04-05 16:25:00,OTLY
5.04,5.04,5.03,5.03,7036,2022-04-05 16:26:00,OTLY
5.03,5.03,5.025,5.03,18212,2022-04-05 16:27:00,OTLY
5.02,5.04,5.02,5.04,15375,2022-04-05 16:28:00,OTLY
5.039,5.04,5.03,5.04,2800,2022-04-05 16:29:00,OTLY
5.0389,5.04,5.03,5.035,8562,2022-04-05 16:30:00,OTLY
5.0368,5.04,5.035,5.0393,5029,2022-04-05 16:31:00,OTLY
5.035,5.04,5.03,5.035,6699,2022-04-05 16:32:00,OTLY
5.0399,5.04,5.0367,5.04,2749,2022-04-05 16:33:00,OTLY
5.04,5.04,5.03,5.0365,13901,2022-04-05 16:34:00,OTLY
5.03,5.04,5.03,5.035,5725,2022-04-05 16:35:00,OTLY
5.03,5.045,5.03,5.045,8600,2022-04-05 16:36:00,OTLY
5.0499,5.05,5.045,5.05,17300,2022-04-05 16:37:00,OTLY
5.04,5.06,5.04,5.06,6855,2022-04-05 16:38:00,OTLY
5.055,5.055,5.055,5.055,1450,2022-04-05 16:39:00,OTLY
5.055,5.06,5.055,5.06,200,2022-04-05 16:40:00,OTLY
5.055,5.058,5.055,5.055,800,2022-04-05 16:41:00,OTLY
5.05,5.055,5.05,5.055,1812,2022-04-05 16:42:00,OTLY
5.055,5.055,5.05,5.05,600,2022-04-05 16:43:00,OTLY
5.055,5.055,5.05,5.05,8964,2022-04-05 16:44:00,OTLY
5.0496,5.05,5.0496,5.05,2758,2022-04-05 16:45:00,OTLY
5.04,5.055,5.04,5.05,10151,2022-04-05 16:46:00,OTLY
5.05,5.05,5.045,5.045,4841,2022-04-05 16:47:00,OTLY
5.05,5.05,5.04,5.05,3400,2022-04-05 16:48:00,OTLY
5.045,5.055,5.045,5.055,3648,2022-04-05 16:49:00,OTLY
5.06,5.06,5.055,5.055,1000,2022-04-05 16:50:00,OTLY
5.06,5.065,5.06,5.065,2103,2022-04-05 16:51:00,OTLY
5.065,5.065,5.06,5.065,1204,2022-04-05 16:52:00,OTLY
5.06,5.07,5.055,5.065,17623,2022-04-05 16:53:00,OTLY
5.065,5.065,5.06,5.06,200,2022-04-05 16:55:00,OTLY
5.065,5.0699,5.065,5.0699,5200,2022-04-05 16:56:00,OTLY
5.07,5.075,5.0692,5.075,3445,2022-04-05 16:57:00,OTLY
5.07,5.07,5.06,5.0666,3451,2022-04-05 16:58:00,OTLY
5.07,5.07,5.065,5.065,662,2022-04-05 16:59:00,OTLY
5.065,5.065,5.065,5.065,350,2022-04-05 17:00:00,OTLY
5.065,5.07,5.06,5.065,1800,2022-04-05 17:01:00,OTLY
5.07,5.07,5.07,5.07,200,2022-04-05 17:02:00,OTLY
5.0695,5.0695,5.0695,5.0695,200,2022-04-05 17:03:00,OTLY
5.07,5.08,5.07,5.08,9000,2022-04-05 17:04:00,OTLY
5.075,5.075,5.07,5.07,817,2022-04-05 17:05:00,OTLY
5.07,5.08,5.07,5.08,1100,2022-04-05 17:06:00,OTLY
5.075,5.08,5.075,5.08,484,2022-04-05 17:07:00,OTLY
5.08,5.08,5.07,5.07,450,2022-04-05 17:08:00,OTLY
5.08,5.08,5.075,5.08,5753,2022-04-05 17:09:00,OTLY
5.08,5.085,5.08,5.085,3648,2022-04-05 17:10:00,OTLY
5.085,5.0891,5.085,5.085,10500,2022-04-05 17:11:00,OTLY
5.09,5.09,5.085,5.09,7924,2022-04-05 17:13:00,OTLY
5.09,5.1,5.085,5.09,4200,2022-04-05 17:14:00,OTLY
5.095,5.095,5.09,5.095,3248,2022-04-05 17:15:00,OTLY
5.095,5.1,5.09,5.09,6800,2022-04-05 17:16:00,OTLY
5.1,5.105,5.099,5.105,5815,2022-04-05 17:17:00,OTLY
5.11,5.11,5.102,5.11,2795,2022-04-05 17:18:00,OTLY
5.11,5.11,5.105,5.11,1600,2022-04-05 17:19:00,OTLY
5.11,5.11,5.11,5.11,1795,2022-04-05 17:20:00,OTLY
5.109,5.11,5.1,5.105,8297,2022-04-05 17:21:00,OTLY
5.1,5.105,5.09,5.0901,12889,2022-04-05 17:22:00,OTLY
5.09,5.09,5.085,5.085,5872,2022-04-05 17:23:00,OTLY
5.085,5.1,5.085,5.0991,7540,2022-04-05 17:24:00,OTLY
5.1,5.1,5.0911,5.1,2860,2022-04-05 17:25:00,OTLY
5.1,5.1,5.1,5.1,10074,2022-04-05 17:26:00,OTLY
5.09,5.1,5.09,5.095,3141,2022-04-05 17:27:00,OTLY
5.1,5.1,5.095,5.1,4534,2022-04-05 17:28:00,OTLY
5.1,5.1,5.095,5.1,3900,2022-04-05 17:29:00,OTLY
5.1,5.1,5.09,5.099,7289,2022-04-05 17:30:00,OTLY
5.09,5.09,5.09,5.09,1315,2022-04-05 17:31:00,OTLY
5.09,5.09,5.09,5.09,1906,2022-04-05 17:32:00,OTLY
5.09,5.09,5.08,5.085,1300,2022-04-05 17:33:00,OTLY
5.08,5.09,5.08,5.085,6262,2022-04-05 17:34:00,OTLY
5.08,5.09,5.08,5.085,6949,2022-04-05 17:35:00,OTLY
5.08,5.09,5.08,5.09,3649,2022-04-05 17:36:00,OTLY
5.089,5.09,5.089,5.09,1300,2022-04-05 17:37:00,OTLY
5.09,5.09,5.09,5.09,1810,2022-04-05 17:38:00,OTLY
5.09,5.095,5.09,5.095,1700,2022-04-05 17:39:00,OTLY
5.095,5.1,5.095,5.1,6389,2022-04-05 17:40:00,OTLY
5.1,5.105,5.1,5.102,2850,2022-04-05 17:41:00,OTLY
5.11,5.11,5.1,5.11,4200,2022-04-05 17:42:00,OTLY
5.11,5.115,5.11,5.115,1749,2022-04-05 17:43:00,OTLY
5.11,5.115,5.1,5.1002,12803,2022-04-05 17:44:00,OTLY
5.1033,5.105,5.1,5.1,6504,2022-04-05 17:45:00,OTLY
5.1,5.1,5.09,5.09,2897,2022-04-05 17:46:00,OTLY
5.095,5.1,5.09,5.0913,3650,2022-04-05 17:47:00,OTLY
5.1,5.11,5.1,5.105,11431,2022-04-05 17:48:00,OTLY
5.1,5.1091,5.1,5.1,2000,2022-04-05 17:49:00,OTLY
5.105,5.115,5.1044,5.11,12887,2022-04-05 17:50:00,OTLY
5.11,5.1199,5.11,5.11,2968,2022-04-05 17:51:00,OTLY
5.11,5.115,5.11,5.11,4368,2022-04-05 17:52:00,OTLY
5.1,5.11,5.095,5.095,6657,2022-04-05 17:53:00,OTLY
5.095,5.11,5.09,5.1,5188,2022-04-05 17:54:00,OTLY
5.1,5.105,5.1,5.105,3310,2022-04-05 17:55:00,OTLY
5.105,5.11,5.105,5.11,4818,2022-04-05 17:56:00,OTLY
5.11,5.11,5.105,5.11,5238,2022-04-05 17:57:00,OTLY
5.1188,5.1188,5.1188,5.1188,100,2022-04-05 17:59:00,OTLY
5.12,5.12,5.115,5.119,1300,2022-04-05 18:00:00,OTLY
5.11,5.115,5.105,5.105,2542,2022-04-05 18:01:00,OTLY
5.105,5.11,5.105,5.105,4234,2022-04-05 18:02:00,OTLY
5.105,5.11,5.1,5.105,2867,2022-04-05 18:03:00,OTLY
5.11,5.11,5.1,5.1049,20848,2022-04-05 18:04:00,OTLY
5.11,5.11,5.1,5.11,3062,2022-04-05 18:05:00,OTLY
5.105,5.11,5.105,5.11,2799,2022-04-05 18:06:00,OTLY
5.11,5.11,5.11,5.11,2310,2022-04-05 18:07:00,OTLY
5.12,5.12,5.115,5.115,1100,2022-04-05 18:08:00,OTLY
5.115,5.12,5.115,5.12,1000,2022-04-05 18:09:00,OTLY
5.12,5.125,5.12,5.12,7047,2022-04-05 18:10:00,OTLY
5.12,5.12,5.12,5.12,1681,2022-04-05 18:11:00,OTLY
5.12,5.12,5.11,5.11,3947,2022-04-05 18:12:00,OTLY
5.115,5.12,5.11,5.11,1400,2022-04-05 18:13:00,OTLY
5.11,5.11,5.105,5.105,3759,2022-04-05 18:14:00,OTLY
5.11,5.11,5.11,5.11,5301,2022-04-05 18:15:00,OTLY
5.11,5.11,5.105,5.11,5135,2022-04-05 18:16:00,OTLY
5.1098,5.11,5.1098,5.11,5400,2022-04-05 18:17:00,OTLY
5.11,5.11,5.1,5.11,2647,2022-04-05 18:18:00,OTLY
5.105,5.11,5.105,5.11,5440,2022-04-05 18:19:00,OTLY
5.11,5.115,5.11,5.11,5995,2022-04-05 18:20:00,OTLY
5.105,5.11,5.105,5.105,3011,2022-04-05 18:21:00,OTLY
5.1,5.11,5.1,5.105,6299,2022-04-05 18:22:00,OTLY
5.105,5.11,5.1,5.105,5500,2022-04-05 18:23:00,OTLY
5.11,5.11,5.105,5.11,1700,2022-04-05 18:24:00,OTLY
5.11,5.11,5.104,5.11,3400,2022-04-05 18:25:00,OTLY
5.11,5.11,5.11,5.11,1300,2022-04-05 18:26:00,OTLY
5.11,5.11,5.11,5.11,400,2022-04-05 18:28:00,OTLY
5.11,5.1187,5.1,5.105,6867,2022-04-05 18:29:00,OTLY
5.1,5.11,5.1,5.105,2810,2022-04-05 18:30:00,OTLY
5.11,5.115,5.1063,5.11,3489,2022-04-05 18:31:00,OTLY
5.11,5.12,5.11,5.12,3600,2022-04-05 18:32:00,OTLY
5.11,5.11,5.11,5.11,436,2022-04-05 18:33:00,OTLY
5.11,5.11,5.105,5.105,8981,2022-04-05 18:34:00,OTLY
5.11,5.12,5.11,5.12,3246,2022-04-05 18:35:00,OTLY
5.12,5.12,5.12,5.12,100,2022-04-05 18:36:00,OTLY
5.115,5.1191,5.115,5.115,4200,2022-04-05 18:37:00,OTLY
5.115,5.115,5.115,5.115,200,2022-04-05 18:38:00,OTLY
5.119,5.119,5.11,5.11,1538,2022-04-05 18:39:00,OTLY
5.11,5.115,5.11,5.115,3308,2022-04-05 18:40:00,OTLY
5.11,5.115,5.11,5.115,1600,2022-04-05 18:41:00,OTLY
5.1101,5.12,5.1101,5.12,6096,2022-04-05 18:42:00,OTLY
5.12,5.12,5.12,5.12,1100,2022-04-05 18:43:00,OTLY
5.125,5.14,5.12,5.14,2400,2022-04-05 18:44:00,OTLY
5.14,5.14,5.13,5.13,315,2022-04-05 18:45:00,OTLY
5.14,5.15,5.13,5.15,1799,2022-04-05 18:46:00,OTLY
5.145,5.145,5.135,5.14,4063,2022-04-05 18:47:00,OTLY
5.135,5.14,5.13,5.135,2770,2022-04-05 18:48:00,OTLY
5.135,5.14,5.13,5.13,2400,2022-04-05 18:49:00,OTLY
5.1333,5.14,5.1333,5.14,300,2022-04-05 18:50:00,OTLY
5.13,5.13,5.1201,5.125,10059,2022-04-05 18:51:00,OTLY
5.125,5.125,5.12,5.12,2110,2022-04-05 18:52:00,OTLY
5.12,5.12,5.115,5.115,6337,2022-04-05 18:53:00,OTLY
5.1145,5.1199,5.1145,5.1199,1200,2022-04-05 18:54:00,OTLY
5.115,5.115,5.11,5.11,600,2022-04-05 18:55:00,OTLY
5.11,5.12,5.11,5.115,1399,2022-04-05 18:56:00,OTLY
5.11,5.11,5.11,5.11,4918,2022-04-05 18:57:00,OTLY
5.11,5.115,5.105,5.11,32178,2022-04-05 18:58:00,OTLY
5.11,5.11,5.11,5.11,2395,2022-04-05 18:59:00,OTLY
5.11,5.11,5.105,5.105,4503,2022-04-05 19:00:00,OTLY
5.11,5.115,5.11,5.11,7931,2022-04-05 19:01:00,OTLY
5.11,5.11,5.1,5.105,7111,2022-04-05 19:02:00,OTLY
5.1,5.105,5.1,5.105,1400,2022-04-05 19:03:00,OTLY
5.1,5.105,5.095,5.095,9304,2022-04-05 19:04:00,OTLY
5.095,5.1,5.09,5.095,9347,2022-04-05 19:05:00,OTLY
5.1,5.1,5.095,5.1,600,2022-04-05 19:06:00,OTLY
5.095,5.1,5.09,5.1,3915,2022-04-05 19:07:00,OTLY
5.1,5.1,5.09,5.1,2719,2022-04-05 19:08:00,OTLY
5.1,5.11,5.1,5.11,16429,2022-04-05 19:09:00,OTLY
5.1053,5.11,5.1,5.105,6287,2022-04-05 19:10:00,OTLY
5.105,5.105,5.105,5.105,3500,2022-04-05 19:11:00,OTLY
5.1,5.1,5.095,5.095,7352,2022-04-05 19:12:00,OTLY
5.09,5.1,5.09,5.095,4665,2022-04-05 19:13:00,OTLY
5.095,5.1,5.09,5.1,14266,2022-04-05 19:14:00,OTLY
5.1,5.1,5.095,5.1,2552,2022-04-05 19:15:00,OTLY
5.105,5.11,5.1,5.1,14655,2022-04-05 19:16:00,OTLY
5.1,5.11,5.1,5.105,10203,2022-04-05 19:17:00,OTLY
5.1,5.105,5.1,5.105,4600,2022-04-05 19:18:00,OTLY
5.1097,5.11,5.1,5.11,13951,2022-04-05 19:19:00,OTLY
5.105,5.11,5.105,5.11,1600,2022-04-05 19:20:00,OTLY
5.105,5.11,5.105,5.11,5221,2022-04-05 19:21:00,OTLY
5.105,5.12,5.105,5.1147,7779,2022-04-05 19:22:00,OTLY
5.12,5.125,5.115,5.125,7821,2022-04-05 19:23:00,OTLY
5.125,5.125,5.11,5.11,12362,2022-04-05 19:24:00,OTLY
5.11,5.115,5.105,5.105,19692,2022-04-05 19:25:00,OTLY
5.1,5.11,5.1,5.105,8277,2022-04-05 19:26:00,OTLY
5.105,5.11,5.1,5.1,10795,2022-04-05 19:27:00,OTLY
5.1,5.11,5.1,5.105,7946,2022-04-05 19:28:00,OTLY
5.105,5.11,5.1,5.105,6300,2022-04-05 19:29:00,OTLY
5.105,5.11,5.1,5.1,16999,2022-04-05 19:30:00,OTLY
5.095,5.1,5.09,5.09,4899,2022-04-05 19:31:00,OTLY
5.095,5.095,5.09,5.09,9356,2022-04-05 19:32:00,OTLY
5.09,5.1,5.09,5.095,13023,2022-04-05 19:33:00,OTLY
5.095,5.1,5.09,5.095,3999,2022-04-05 19:34:00,OTLY
5.095,5.1,5.09,5.095,11005,2022-04-05 19:35:00,OTLY
5.095,5.095,5.08,5.085,54528,2022-04-05 19:36:00,OTLY
5.09,5.095,5.085,5.095,14337,2022-04-05 19:37:00,OTLY
5.095,5.1,5.09,5.095,8324,2022-04-05 19:38:00,OTLY
5.095,5.1,5.09,5.095,27687,2022-04-05 19:39:00,OTLY
5.095,5.095,5.09,5.095,2900,2022-04-05 19:40:00,OTLY
5.095,5.11,5.09,5.11,13140,2022-04-05 19:41:00,OTLY
5.105,5.115,5.105,5.115,7442,2022-04-05 19:42:00,OTLY
5.115,5.13,5.115,5.125,17576,2022-04-05 19:43:00,OTLY
5.12,5.125,5.12,5.12,9676,2022-04-05 19:44:00,OTLY
5.11,5.11,5.1,5.105,14673,2022-04-05 19:45:00,OTLY
5.105,5.11,5.105,5.105,16000,2022-04-05 19:46:00,OTLY
5.1,5.11,5.1,5.1,23979,2022-04-05 19:47:00,OTLY
5.105,5.11,5.1,5.105,16982,2022-04-05 19:48:00,OTLY
5.1,5.12,5.1,5.11,13160,2022-04-05 19:49:00,OTLY
5.11,5.115,5.11,5.115,4502,2022-04-05 19:50:00,OTLY
5.115,5.115,5.11,5.115,4400,2022-04-05 19:51:00,OTLY
5.115,5.12,5.11,5.115,7137,2022-04-05 19:52:00,OTLY
5.115,5.12,5.11,5.11,4281,2022-04-05 19:53:00,OTLY
5.115,5.115,5.1,5.115,48086,2022-04-05 19:54:00,OTLY
5.12,5.12,5.11,5.11,4856,2022-04-05 19:55:00,OTLY
5.115,5.117,5.11,5.11,15226,2022-04-05 19:56:00,OTLY
5.11,5.115,5.11,5.11,9417,2022-04-05 19:57:00,OTLY
5.115,5.115,5.1,5.11,82871,2022-04-05 19:58:00,OTLY
5.115,5.13,5.105,5.11,96144,2022-04-05 19:59:00,OTLY
5.11,5.11,5.11,5.11,95845,2022-04-05 20:00:00,OTLY
5.26,5.26,5.26,5.26,100,2022-04-05 20:57:00,OTLY
5.18,5.18,5.18,5.18,125,2022-04-05 22:49:00,OTLY
5.12,5.12,5.12,5.12,621,2022-04-05 23:10:00,OTLY
5.15,5.15,5.15,5.15,100,2022-04-05 23:47:00,OTLY
5.02,5.02,5.02,5.02,200,2022-04-06 11:23:00,OTLY
5.05,5.05,5.05,5.05,200,2022-04-06 11:30:00,OTLY
5.05,5.05,5.05,5.05,100,2022-04-06 12:17:00,OTLY
5.05,5.05,5.05,5.05,200,2022-04-06 12:28:00,OTLY
5.05,5.05,5.05,5.05,100,2022-04-06 12:58:00,OTLY
5.02,5.02,5.02,5.02,300,2022-04-06 13:11:00,OTLY
5.02,5.0201,5.02,5.02,1235,2022-04-06 13:29:00,OTLY
5.02,5.02,4.93,4.96,62055,2022-04-06 13:30:00,OTLY
4.96,4.96,4.88,4.895,70787,2022-04-06 13:31:00,OTLY
4.89,4.89,4.88,4.885,15335,2022-04-06 13:32:00,OTLY
4.885,4.885,4.86,4.8696,12931,2022-04-06 13:33:00,OTLY
4.86,4.87,4.85,4.8688,30559,2022-04-06 13:34:00,OTLY
4.8799,4.88,4.87,4.88,6328,2022-04-06 13:35:00,OTLY
4.88,4.88,4.86,4.865,16005,2022-04-06 13:36:00,OTLY
4.86,4.87,4.855,4.87,13817,2022-04-06 13:37:00,OTLY
4.86,4.86,4.84,4.8464,39918,2022-04-06 13:38:00,OTLY
4.845,4.85,4.84,4.845,6612,2022-04-06 13:39:00,OTLY
4.8499,4.85,4.825,4.825,23086,2022-04-06 13:40:00,OTLY
4.825,4.8298,4.82,4.8286,3141,2022-04-06 13:41:00,OTLY
4.82,4.82,4.79,4.8001,90274,2022-04-06 13:42:00,OTLY
4.8,4.8,4.76,4.7693,51638,2022-04-06 13:43:00,OTLY
4.765,4.77,4.74,4.74,42652,2022-04-06 13:44:00,OTLY
4.7497,4.765,4.74,4.765,34496,2022-04-06 13:45:00,OTLY
4.765,4.765,4.74,4.74,41960,2022-04-06 13:46:00,OTLY
4.745,4.77,4.745,4.76,16806,2022-04-06 13:47:00,OTLY
4.755,4.77,4.735,4.74,59136,2022-04-06 13:48:00,OTLY
4.74,4.74,4.73,4.735,12140,2022-04-06 13:49:00,OTLY
4.73,4.7391,4.71,4.715,36410,2022-04-06 13:50:00,OTLY
4.71,4.75,4.71,4.7499,33362,2022-04-06 13:51:00,OTLY
4.74,4.74,4.73,4.7399,17288,2022-04-06 13:52:00,OTLY
4.73,4.73,4.695,4.695,119267,2022-04-06 13:53:00,OTLY
4.69,4.69,4.66,4.668,38855,2022-04-06 13:54:00,OTLY
4.6699,4.67,4.66,4.665,26539,2022-04-06 13:55:00,OTLY
4.665,4.67,4.66,4.665,8579,2022-04-06 13:56:00,OTLY
4.665,4.67,4.66,4.66,3499,2022-04-06 13:57:00,OTLY
4.665,4.705,4.66,4.705,48618,2022-04-06 13:58:00,OTLY
4.695,4.7,4.69,4.69,10036,2022-04-06 13:59:00,OTLY
4.6894,4.69,4.67,4.675,32072,2022-04-06 14:00:00,OTLY
4.675,4.68,4.67,4.675,16962,2022-04-06 14:01:00,OTLY
4.68,4.69,4.68,4.685,10203,2022-04-06 14:02:00,OTLY
4.68,4.685,4.66,4.66,40377,2022-04-06 14:03:00,OTLY
4.6634,4.6797,4.66,4.67,20316,2022-04-06 14:04:00,OTLY
4.665,4.6699,4.665,4.665,6200,2022-04-06 14:05:00,OTLY
4.66,4.69,4.65,4.69,35523,2022-04-06 14:06:00,OTLY
4.69,4.7084,4.675,4.705,22255,2022-04-06 14:07:00,OTLY
4.705,4.705,4.6812,4.685,14359,2022-04-06 14:08:00,OTLY
4.685,4.69,4.67,4.675,19004,2022-04-06 14:09:00,OTLY
4.675,4.68,4.675,4.675,2300,2022-04-06 14:10:00,OTLY
4.675,4.685,4.67,4.6709,13380,2022-04-06 14:11:00,OTLY
4.675,4.675,4.66,4.66,18918,2022-04-06 14:12:00,OTLY
4.665,4.67,4.66,4.665,5399,2022-04-06 14:13:00,OTLY
4.665,4.675,4.66,4.67,14821,2022-04-06 14:14:00,OTLY
4.67,4.675,4.66,4.675,38423,2022-04-06 14:15:00,OTLY
4.67,4.68,4.67,4.675,5880,2022-04-06 14:16:00,OTLY
4.675,4.69,4.67,4.675,19997,2022-04-06 14:17:00,OTLY
4.675,4.69,4.67,4.685,22999,2022-04-06 14:18:00,OTLY
4.69,4.69,4.675,4.675,14571,2022-04-06 14:19:00,OTLY
4.673,4.68,4.67,4.6764,17840,2022-04-06 14:20:00,OTLY
4.673,4.673,4.65,4.655,33411,2022-04-06 14:21:00,OTLY
4.66,4.6699,4.655,4.66,25223,2022-04-06 14:22:00,OTLY
4.665,4.67,4.65,4.665,41285,2022-04-06 14:23:00,OTLY
4.6692,4.6692,4.665,4.665,2200,2022-04-06 14:24:00,OTLY
4.665,4.68,4.6603,4.6603,30748,2022-04-06 14:25:00,OTLY
4.66,4.66,4.65,4.655,12195,2022-04-06 14:26:00,OTLY
4.655,4.66,4.655,4.655,12057,2022-04-06 14:27:00,OTLY
4.65,4.655,4.64,4.6425,25592,2022-04-06 14:28:00,OTLY
4.6425,4.65,4.64,4.6443,8440,2022-04-06 14:29:00,OTLY
4.64,4.66,4.64,4.65,16626,2022-04-06 14:30:00,OTLY
4.66,4.69,4.655,4.685,19801,2022-04-06 14:31:00,OTLY
4.68,4.69,4.67,4.69,20872,2022-04-06 14:32:00,OTLY
4.7,4.7,4.69,4.69,7340,2022-04-06 14:33:00,OTLY
4.69,4.69,4.68,4.6885,3774,2022-04-06 14:34:00,OTLY
4.69,4.7,4.69,4.69,8942,2022-04-06 14:35:00,OTLY
4.6975,4.71,4.69,4.695,19355,2022-04-06 14:36:00,OTLY
4.695,4.7,4.68,4.685,21852,2022-04-06 14:37:00,OTLY
4.69,4.69,4.68,4.685,9055,2022-04-06 14:38:00,OTLY
4.68,4.6999,4.68,4.6999,21680,2022-04-06 14:39:00,OTLY
4.69,4.69,4.68,4.68,16312,2022-04-06 14:40:00,OTLY
4.685,4.7,4.685,4.7,6736,2022-04-06 14:41:00,OTLY
4.695,4.695,4.68,4.695,10005,2022-04-06 14:42:00,OTLY
4.6982,4.6994,4.69,4.6994,9306,2022-04-06 14:43:00,OTLY
4.6992,4.715,4.695,4.715,46674,2022-04-06 14:44:00,OTLY
4.71,4.71,4.705,4.705,2698,2022-04-06 14:45:00,OTLY
4.71,4.74,4.7,4.7391,47550,2022-04-06 14:46:00,OTLY
4.735,4.75,4.732,4.732,20919,2022-04-06 14:47:00,OTLY
4.73,4.73,4.725,4.725,8724,2022-04-06 14:48:00,OTLY
4.72,4.7395,4.72,4.738,47109,2022-04-06 14:49:00,OTLY
4.73,4.74,4.73,4.73,2000,2022-04-06 14:50:00,OTLY
4.7345,4.7345,4.72,4.725,7034,2022-04-06 14:51:00,OTLY
4.73,4.73,4.71,4.715,7631,2022-04-06 14:52:00,OTLY
4.715,4.7168,4.71,4.715,6011,2022-04-06 14:53:00,OTLY
4.715,4.72,4.71,4.72,5906,2022-04-06 14:54:00,OTLY
4.715,4.72,4.71,4.715,2389,2022-04-06 14:55:00,OTLY
4.715,4.715,4.71,4.715,1700,2022-04-06 14:56:00,OTLY
4.7199,4.7199,4.7,4.705,15291,2022-04-06 14:57:00,OTLY
4.705,4.705,4.7,4.705,2049,2022-04-06 14:58:00,OTLY
4.7,4.705,4.685,4.685,28986,2022-04-06 14:59:00,OTLY
4.68,4.6891,4.67,4.685,55012,2022-04-06 15:00:00,OTLY
4.6812,4.69,4.68,4.685,8021,2022-04-06 15:01:00,OTLY
4.685,4.6957,4.68,4.685,28725,2022-04-06 15:02:00,OTLY
4.69,4.69,4.675,4.68,4444,2022-04-06 15:03:00,OTLY
4.68,4.68,4.67,4.6798,2100,2022-04-06 15:04:00,OTLY
4.67,4.6788,4.665,4.665,8183,2022-04-06 15:05:00,OTLY
4.665,4.68,4.66,4.68,15017,2022-04-06 15:06:00,OTLY
4.68,4.69,4.68,4.685,27986,2022-04-06 15:07:00,OTLY
4.68,4.6899,4.68,4.685,1801,2022-04-06 15:08:00,OTLY
4.681,4.6899,4.68,4.685,10200,2022-04-06 15:09:00,OTLY
4.685,4.685,4.68,4.685,2160,2022-04-06 15:10:00,OTLY
4.6878,4.6899,4.685,4.6899,3896,2022-04-06 15:11:00,OTLY
4.685,4.69,4.68,4.69,4932,2022-04-06 15:12:00,OTLY
4.68,4.71,4.68,4.705,76776,2022-04-06 15:13:00,OTLY
4.71,4.73,4.705,4.7199,25383,2022-04-06 15:14:00,OTLY
4.715,4.72,4.71,4.71,13750,2022-04-06 15:15:00,OTLY
4.715,4.7199,4.71,4.715,3475,2022-04-06 15:16:00,OTLY
4.71,4.71,4.69,4.69,8116,2022-04-06 15:17:00,OTLY
4.69,4.69,4.69,4.69,800,2022-04-06 15:18:00,OTLY
4.6899,4.6899,4.675,4.675,16586,2022-04-06 15:19:00,OTLY
4.675,4.68,4.675,4.675,1369,2022-04-06 15:20:00,OTLY
4.67,4.68,4.66,4.66,23001,2022-04-06 15:21:00,OTLY
4.665,4.67,4.66,4.665,3900,2022-04-06 15:22:00,OTLY
4.665,4.6699,4.65,4.655,36549,2022-04-06 15:23:00,OTLY
4.655,4.66,4.65,4.65,10064,2022-04-06 15:24:00,OTLY
4.6501,4.655,4.645,4.65,13105,2022-04-06 15:25:00,OTLY
4.64,4.65,4.64,4.645,31942,2022-04-06 15:26:00,OTLY
4.6545,4.656,4.65,4.655,2343,2022-04-06 15:27:00,OTLY
4.65,4.66,4.65,4.66,2200,2022-04-06 15:28:00,OTLY
4.655,4.66,4.64,4.64,30704,2022-04-06 15:29:00,OTLY
4.64,4.6492,4.64,4.645,3143,2022-04-06 15:30:00,OTLY
4.645,4.65,4.64,4.645,15846,2022-04-06 15:31:00,OTLY
4.645,4.6697,4.645,4.66,33190,2022-04-06 15:32:00,OTLY
4.66,4.665,4.66,4.6601,2202,2022-04-06 15:33:00,OTLY
4.6652,4.67,4.66,4.66,27159,2022-04-06 15:34:00,OTLY
4.665,4.67,4.66,4.665,4181,2022-04-06 15:35:00,OTLY
4.665,4.68,4.665,4.6791,7964,2022-04-06 15:36:00,OTLY
4.675,4.69,4.675,4.69,16496,2022-04-06 15:37:00,OTLY
4.68,4.685,4.68,4.68,1250,2022-04-06 15:38:00,OTLY
4.6892,4.69,4.6811,4.685,5380,2022-04-06 15:39:00,OTLY
4.6895,4.69,4.685,4.69,3399,2022-04-06 15:40:00,OTLY
4.685,4.695,4.685,4.69,15290,2022-04-06 15:41:00,OTLY
4.695,4.6985,4.693,4.695,3800,2022-04-06 15:42:00,OTLY
4.69,4.6989,4.69,4.6989,2900,2022-04-06 15:43:00,OTLY
4.6985,4.6996,4.695,4.695,1780,2022-04-06 15:44:00,OTLY
4.6901,4.7,4.69,4.695,3400,2022-04-06 15:45:00,OTLY
4.695,4.7,4.695,4.7,1000,2022-04-06 15:46:00,OTLY
4.695,4.7,4.695,4.695,2150,2022-04-06 15:47:00,OTLY
4.7,4.7,4.69,4.7,37653,2022-04-06 15:48:00,OTLY
4.705,4.71,4.705,4.705,7403,2022-04-06 15:49:00,OTLY
4.71,4.72,4.71,4.72,4278,2022-04-06 15:50:00,OTLY
4.72,4.73,4.72,4.725,7193,2022-04-06 15:51:00,OTLY
4.725,4.73,4.7203,4.73,8058,2022-04-06 15:52:00,OTLY
4.725,4.73,4.725,4.73,5770,2022-04-06 15:53:00,OTLY
4.73,4.73,4.725,4.725,2591,2022-04-06 15:54:00,OTLY
4.725,4.7253,4.7228,4.725,1400,2022-04-06 15:55:00,OTLY
4.725,4.725,4.71,4.71,11800,2022-04-06 15:56:00,OTLY
4.7181,4.72,4.71,4.71,5439,2022-04-06 15:57:00,OTLY
4.715,4.715,4.71,4.71,1700,2022-04-06 15:58:00,OTLY
4.71,4.715,4.71,4.71,611,2022-04-06 15:59:00,OTLY
4.71,4.72,4.71,4.715,1720,2022-04-06 16:00:00,OTLY
4.71,4.71,4.7007,4.705,10292,2022-04-06 16:01:00,OTLY
4.708,4.708,4.705,4.705,1100,2022-04-06 16:02:00,OTLY
4.705,4.705,4.705,4.705,200,2022-04-06 16:03:00,OTLY
4.705,4.705,4.7,4.705,5485,2022-04-06 16:04:00,OTLY
4.705,4.7088,4.7,4.7,6693,2022-04-06 16:05:00,OTLY
4.705,4.71,4.7011,4.71,2486,2022-04-06 16:06:00,OTLY
4.71,4.71,4.69,4.69,14024,2022-04-06 16:07:00,OTLY
4.695,4.71,4.695,4.705,13398,2022-04-06 16:08:00,OTLY
4.7,4.7,4.695,4.695,2876,2022-04-06 16:09:00,OTLY
4.695,4.6999,4.69,4.69,900,2022-04-06 16:10:00,OTLY
4.695,4.6955,4.695,4.6955,1100,2022-04-06 16:11:00,OTLY
4.695,4.695,4.695,4.695,597,2022-04-06 16:12:00,OTLY
4.695,4.695,4.695,4.695,300,2022-04-06 16:13:00,OTLY
4.699,4.699,4.685,4.685,20906,2022-04-06 16:14:00,OTLY
4.6807,4.685,4.68,4.685,1400,2022-04-06 16:15:00,OTLY
4.68,4.685,4.68,4.685,400,2022-04-06 16:16:00,OTLY
4.68,4.685,4.68,4.685,800,2022-04-06 16:17:00,OTLY
4.68,4.6899,4.68,4.685,530,2022-04-06 16:18:00,OTLY
4.68,4.68,4.68,4.68,513,2022-04-06 16:19:00,OTLY
4.685,4.685,4.68,4.68,3327,2022-04-06 16:20:00,OTLY
4.68,4.6898,4.68,4.685,3309,2022-04-06 16:21:00,OTLY
4.69,4.69,4.68,4.685,1735,2022-04-06 16:22:00,OTLY
4.69,4.69,4.68,4.685,6207,2022-04-06 16:23:00,OTLY
4.685,4.69,4.68,4.68,2667,2022-04-06 16:24:00,OTLY
4.69,4.69,4.68,4.685,2265,2022-04-06 16:25:00,OTLY
4.69,4.69,4.685,4.69,1200,2022-04-06 16:26:00,OTLY
4.685,4.69,4.68,4.685,2400,2022-04-06 16:27:00,OTLY
4.685,4.69,4.68,4.685,3400,2022-04-06 16:28:00,OTLY
4.688,4.69,4.68,4.685,2088,2022-04-06 16:29:00,OTLY
4.685,4.69,4.68,4.685,3000,2022-04-06 16:30:00,OTLY
4.69,4.7,4.685,4.695,16066,2022-04-06 16:31:00,OTLY
4.695,4.695,4.66,4.6644,34452,2022-04-06 16:32:00,OTLY
4.66,4.665,4.66,4.665,1610,2022-04-06 16:33:00,OTLY
4.665,4.67,4.66,4.67,4050,2022-04-06 16:34:00,OTLY
4.665,4.675,4.665,4.67,13633,2022-04-06 16:35:00,OTLY
4.675,4.675,4.665,4.67,9700,2022-04-06 16:36:00,OTLY
4.665,4.666,4.66,4.66,7384,2022-04-06 16:37:00,OTLY
4.6681,4.6692,4.66,4.669,5100,2022-04-06 16:38:00,OTLY
4.67,4.67,4.66,4.665,12471,2022-04-06 16:39:00,OTLY
4.665,4.665,4.66,4.665,970,2022-04-06 16:40:00,OTLY
4.665,4.67,4.66,4.665,7835,2022-04-06 16:41:00,OTLY
4.665,4.665,4.66,4.665,5253,2022-04-06 16:42:00,OTLY
4.6691,4.6691,4.65,4.655,14434,2022-04-06 16:43:00,OTLY
4.655,4.6598,4.65,4.65,1241,2022-04-06 16:44:00,OTLY
4.655,4.655,4.65,4.65,6448,2022-04-06 16:45:00,OTLY
4.655,4.655,4.63,4.63,49032,2022-04-06 16:46:00,OTLY
4.635,4.645,4.63,4.635,24266,2022-04-06 16:47:00,OTLY
4.635,4.638,4.63,4.63,900,2022-04-06 16:48:00,OTLY
4.635,4.64,4.63,4.63,9070,2022-04-06 16:49:00,OTLY
4.635,4.64,4.63,4.6381,1908,2022-04-06 16:50:00,OTLY
4.635,4.635,4.62,4.62,25766,2022-04-06 16:51:00,OTLY
4.63,4.64,4.62,4.63,24763,2022-04-06 16:52:00,OTLY
4.63,4.6399,4.62,4.62,18629,2022-04-06 16:53:00,OTLY
4.625,4.655,4.625,4.64,125643,2022-04-06 16:54:00,OTLY
4.6482,4.6482,4.635,4.635,3000,2022-04-06 16:55:00,OTLY
4.635,4.64,4.63,4.635,2800,2022-04-06 16:56:00,OTLY
4.635,4.64,4.635,4.6392,6256,2022-04-06 16:57:00,OTLY
4.635,4.6396,4.635,4.635,1200,2022-04-06 16:58:00,OTLY
4.635,4.635,4.62,4.62,45913,2022-04-06 16:59:00,OTLY
4.6299,4.63,4.62,4.625,11897,2022-04-06 17:00:00,OTLY
4.625,4.6497,4.625,4.64,22795,2022-04-06 17:01:00,OTLY
4.64,4.64,4.635,4.6399,1700,2022-04-06 17:02:00,OTLY
4.63,4.6364,4.63,4.635,6600,2022-04-06 17:03:00,OTLY
4.635,4.64,4.62,4.625,23759,2022-04-06 17:04:00,OTLY
4.6299,4.6299,4.62,4.62,6338,2022-04-06 17:05:00,OTLY
4.625,4.6286,4.62,4.625,5800,2022-04-06 17:06:00,OTLY
4.6215,4.63,4.62,4.63,5420,2022-04-06 17:07:00,OTLY
4.62,4.625,4.61,4.62,107583,2022-04-06 17:08:00,OTLY
4.625,4.635,4.625,4.635,23286,2022-04-06 17:09:00,OTLY
4.635,4.65,4.635,4.65,32483,2022-04-06 17:10:00,OTLY
4.65,4.65,4.645,4.645,5487,2022-04-06 17:11:00,OTLY
4.6498,4.65,4.645,4.645,4248,2022-04-06 17:12:00,OTLY
4.645,4.66,4.63,4.64,136327,2022-04-06 17:13:00,OTLY
4.6449,4.65,4.63,4.65,106914,2022-04-06 17:14:00,OTLY
4.65,4.68,4.645,4.675,28636,2022-04-06 17:15:00,OTLY
4.675,4.705,4.675,4.685,122671,2022-04-06 17:16:00,OTLY
4.68,4.7,4.68,4.695,136581,2022-04-06 17:17:00,OTLY
4.695,4.72,4.695,4.715,28952,2022-04-06 17:18:00,OTLY
4.715,4.72,4.71,4.715,57018,2022-04-06 17:19:00,OTLY
4.71,4.72,4.7,4.705,82977,2022-04-06 17:20:00,OTLY
4.705,4.71,4.69,4.695,151130,2022-04-06 17:21:00,OTLY
4.695,4.6989,4.68,4.68,14706,2022-04-06 17:22:00,OTLY
4.685,4.695,4.68,4.69,26367,2022-04-06 17:23:00,OTLY
4.695,4.695,4.67,4.67,6414,2022-04-06 17:24:00,OTLY
4.675,4.68,4.66,4.665,17422,2022-04-06 17:25:00,OTLY
4.66,4.66,4.65,4.655,5738,2022-04-06 17:26:00,OTLY
4.65,4.6599,4.65,4.655,2896,2022-04-06 17:27:00,OTLY
4.655,4.66,4.64,4.644,55514,2022-04-06 17:28:00,OTLY
4.64,4.65,4.64,4.645,14462,2022-04-06 17:29:00,OTLY
4.645,4.6485,4.64,4.64,2694,2022-04-06 17:30:00,OTLY
4.64,4.645,4.63,4.635,19879,2022-04-06 17:31:00,OTLY
4.635,4.6387,4.63,4.635,7410,2022-04-06 17:32:00,OTLY
4.635,4.65,4.635,4.645,35306,2022-04-06 17:33:00,OTLY
4.645,4.65,4.64,4.645,8066,2022-04-06 17:34:00,OTLY
4.635,4.635,4.61,4.61,24603,2022-04-06 17:35:00,OTLY
4.615,4.62,4.61,4.615,26407,2022-04-06 17:36:00,OTLY
4.61,4.615,4.61,4.615,1242,2022-04-06 17:37:00,OTLY
4.615,4.635,4.61,4.62,61076,2022-04-06 17:38:00,OTLY
4.62,4.635,4.62,4.63,25851,2022-04-06 17:39:00,OTLY
4.635,4.6386,4.63,4.6386,4500,2022-04-06 17:40:00,OTLY
4.64,4.655,4.638,4.645,48175,2022-04-06 17:41:00,OTLY
4.645,4.65,4.64,4.64,3000,2022-04-06 17:42:00,OTLY
4.645,4.66,4.645,4.65,51295,2022-04-06 17:43:00,OTLY
4.649,4.65,4.64,4.645,25937,2022-04-06 17:44:00,OTLY
4.64,4.64,4.6312,4.635,6346,2022-04-06 17:45:00,OTLY
4.63,4.64,4.63,4.635,25379,2022-04-06 17:46:00,OTLY
4.635,4.64,4.63,4.635,24846,2022-04-06 17:47:00,OTLY
4.635,4.65,4.635,4.65,18677,2022-04-06 17:48:00,OTLY
4.645,4.65,4.64,4.65,4780,2022-04-06 17:49:00,OTLY
4.645,4.645,4.64,4.645,1700,2022-04-06 17:50:00,OTLY
4.64,4.65,4.64,4.645,2800,2022-04-06 17:51:00,OTLY
4.64,4.66,4.64,4.65,22646,2022-04-06 17:52:00,OTLY
4.655,4.655,4.645,4.65,28355,2022-04-06 17:53:00,OTLY
4.655,4.665,4.65,4.66,19539,2022-04-06 17:54:00,OTLY
4.66,4.66,4.6529,4.655,4664,2022-04-06 17:55:00,OTLY
4.66,4.665,4.655,4.66,21662,2022-04-06 17:56:00,OTLY
4.66,4.66,4.655,4.655,1800,2022-04-06 17:57:00,OTLY
4.655,4.655,4.64,4.65,12061,2022-04-06 17:58:00,OTLY
4.645,4.65,4.645,4.645,2491,2022-04-06 17:59:00,OTLY
4.65,4.665,4.63,4.65,47234,2022-04-06 18:00:00,OTLY
4.655,4.67,4.65,4.66,10689,2022-04-06 18:01:00,OTLY
4.67,4.71,4.67,4.7,33988,2022-04-06 18:02:00,OTLY
4.7,4.71,4.695,4.6999,5362,2022-04-06 18:03:00,OTLY
4.695,4.705,4.68,4.69,52683,2022-04-06 18:04:00,OTLY
4.69,4.695,4.665,4.67,10348,2022-04-06 18:05:00,OTLY
4.665,4.675,4.665,4.67,9708,2022-04-06 18:06:00,OTLY
4.665,4.68,4.66,4.665,11569,2022-04-06 18:07:00,OTLY
4.66,4.665,4.655,4.66,3671,2022-04-06 18:08:00,OTLY
4.66,4.67,4.645,4.645,7642,2022-04-06 18:09:00,OTLY
4.645,4.65,4.64,4.65,1534,2022-04-06 18:10:00,OTLY
4.6416,4.6499,4.63,4.635,10914,2022-04-06 18:11:00,OTLY
4.64,4.645,4.635,4.64,8467,2022-04-06 18:12:00,OTLY
4.64,4.64,4.635,4.635,200,2022-04-06 18:13:00,OTLY
4.635,4.64,4.625,4.63,36744,2022-04-06 18:14:00,OTLY
4.625,4.625,4.62,4.625,4050,2022-04-06 18:15:00,OTLY
4.62,4.62,4.61,4.613,6128,2022-04-06 18:16:00,OTLY
4.615,4.6199,4.61,4.615,9500,2022-04-06 18:17:00,OTLY
4.6178,4.62,4.61,4.61,10032,2022-04-06 18:18:00,OTLY
4.615,4.62,4.61,4.615,3750,2022-04-06 18:19:00,OTLY
4.615,4.625,4.615,4.625,12347,2022-04-06 18:20:00,OTLY
4.63,4.635,4.625,4.63,17178,2022-04-06 18:21:00,OTLY
4.63,4.63,4.625,4.63,2569,2022-04-06 18:22:00,OTLY
4.63,4.635,4.63,4.635,7327,2022-04-06 18:23:00,OTLY
4.64,4.64,4.635,4.635,6010,2022-04-06 18:24:00,OTLY
4.64,4.645,4.63,4.645,9849,2022-04-06 18:25:00,OTLY
4.65,4.65,4.64,4.6484,2722,2022-04-06 18:26:00,OTLY
4.65,4.66,4.635,4.639,13897,2022-04-06 18:27:00,OTLY
4.63,4.635,4.625,4.63,8193,2022-04-06 18:28:00,OTLY
4.631,4.635,4.63,4.63,2200,2022-04-06 18:29:00,OTLY
4.64,4.65,4.64,4.64,5935,2022-04-06 18:30:00,OTLY
4.65,4.66,4.65,4.66,13251,2022-04-06 18:31:00,OTLY
4.67,4.69,4.67,4.69,16380,2022-04-06 18:32:00,OTLY
4.685,4.7,4.685,4.7,12912,2022-04-06 18:33:00,OTLY
4.7,4.7,4.6982,4.7,5472,2022-04-06 18:34:00,OTLY
4.705,4.715,4.705,4.705,7023,2022-04-06 18:35:00,OTLY
4.7,4.71,4.69,4.695,20535,2022-04-06 18:36:00,OTLY
4.695,4.695,4.675,4.68,5477,2022-04-06 18:37:00,OTLY
4.68,4.7,4.68,4.69,22098,2022-04-06 18:38:00,OTLY
4.685,4.69,4.685,4.685,2842,2022-04-06 18:39:00,OTLY
4.685,4.685,4.675,4.68,11340,2022-04-06 18:40:00,OTLY
4.69,4.69,4.68,4.685,6300,2022-04-06 18:41:00,OTLY
4.685,4.685,4.68,4.68,11045,2022-04-06 18:42:00,OTLY
4.68,4.68,4.67,4.68,3300,2022-04-06 18:43:00,OTLY
4.68,4.7,4.68,4.695,17205,2022-04-06 18:44:00,OTLY
4.7,4.7081,4.695,4.705,3030,2022-04-06 18:45:00,OTLY
4.7,4.705,4.68,4.6873,14300,2022-04-06 18:46:00,OTLY
4.69,4.69,4.685,4.685,8996,2022-04-06 18:47:00,OTLY
4.69,4.69,4.685,4.69,735,2022-04-06 18:48:00,OTLY
4.69,4.695,4.665,4.6685,18281,2022-04-06 18:49:00,OTLY
4.67,4.68,4.67,4.67,11464,2022-04-06 18:50:00,OTLY
4.675,4.69,4.67,4.6816,8439,2022-04-06 18:51:00,OTLY
4.685,4.7,4.685,4.7,9824,2022-04-06 18:52:00,OTLY
4.7,4.7,4.69,4.7,706,2022-04-06 18:53:00,OTLY
4.695,4.72,4.695,4.72,13598,2022-04-06 18:54:00,OTLY
4.72,4.74,4.72,4.74,21164,2022-04-06 18:55:00,OTLY
4.735,4.74,4.725,4.725,27127,2022-04-06 18:56:00,OTLY
4.725,4.725,4.72,4.725,2400,2022-04-06 18:57:00,OTLY
4.725,4.73,4.72,4.725,14397,2022-04-06 18:58:00,OTLY
4.7205,4.73,4.72,4.73,11100,2022-04-06 18:59:00,OTLY
4.725,4.74,4.725,4.74,12681,2022-04-06 19:00:00,OTLY
4.735,4.74,4.7309,4.735,8400,2022-04-06 19:01:00,OTLY
4.735,4.755,4.735,4.75,11631,2022-04-06 19:02:00,OTLY
4.755,4.755,4.74,4.745,10245,2022-04-06 19:03:00,OTLY
4.742,4.75,4.742,4.745,2327,2022-04-06 19:04:00,OTLY
4.745,4.745,4.72,4.725,22461,2022-04-06 19:05:00,OTLY
4.7294,4.7294,4.72,4.725,1162,2022-04-06 19:06:00,OTLY
4.72,4.72,4.71,4.715,8755,2022-04-06 19:07:00,OTLY
4.715,4.715,4.71,4.715,1000,2022-04-06 19:08:00,OTLY
4.7191,4.7191,4.71,4.71,2560,2022-04-06 19:09:00,OTLY
4.72,4.73,4.715,4.72,14886,2022-04-06 19:10:00,OTLY
4.725,4.725,4.71,4.71,8926,2022-04-06 19:11:00,OTLY
4.715,4.7199,4.7,4.7,20701,2022-04-06 19:12:00,OTLY
4.705,4.71,4.7,4.7,4841,2022-04-06 19:13:00,OTLY
4.705,4.7096,4.7,4.705,9000,2022-04-06 19:14:00,OTLY
4.705,4.725,4.7,4.725,24510,2022-04-06 19:15:00,OTLY
4.725,4.725,4.7,4.7,27068,2022-04-06 19:16:00,OTLY
4.705,4.71,4.7,4.7,2648,2022-04-06 19:17:00,OTLY
4.7,4.7,4.69,4.69,3616,2022-04-06 19:18:00,OTLY
4.695,4.695,4.695,4.695,400,2022-04-06 19:19:00,OTLY
4.695,4.695,4.69,4.695,900,2022-04-06 19:20:00,OTLY
4.6989,4.6989,4.68,4.68,11075,2022-04-06 19:21:00,OTLY
4.685,4.69,4.68,4.685,2657,2022-04-06 19:22:00,OTLY
4.685,4.685,4.68,4.68,1400,2022-04-06 19:23:00,OTLY
4.685,4.69,4.68,4.685,3400,2022-04-06 19:24:00,OTLY
4.685,4.69,4.68,4.685,3400,2022-04-06 19:25:00,OTLY
4.6886,4.69,4.68,4.68,5350,2022-04-06 19:26:00,OTLY
4.69,4.69,4.67,4.675,52895,2022-04-06 19:27:00,OTLY
4.675,4.68,4.67,4.68,8757,2022-04-06 19:28:00,OTLY
4.675,4.685,4.675,4.685,14941,2022-04-06 19:29:00,OTLY
4.685,4.69,4.68,4.69,4500,2022-04-06 19:30:00,OTLY
4.69,4.69,4.68,4.685,5200,2022-04-06 19:31:00,OTLY
4.69,4.7,4.69,4.695,13800,2022-04-06 19:32:00,OTLY
4.69,4.695,4.67,4.675,48733,2022-04-06 19:33:00,OTLY
4.68,4.68,4.675,4.675,4950,2022-04-06 19:34:00,OTLY
4.675,4.68,4.675,4.675,4600,2022-04-06 19:35:00,OTLY
4.675,4.68,4.67,4.675,4858,2022-04-06 19:36:00,OTLY
4.675,4.69,4.675,4.68,28639,2022-04-06 19:37:00,OTLY
4.69,4.7,4.69,4.69,16646,2022-04-06 19:38:00,OTLY
4.69,4.7,4.69,4.7,20539,2022-04-06 19:39:00,OTLY
4.7,4.7,4.695,4.695,4800,2022-04-06 19:40:00,OTLY
4.694,4.7,4.69,4.695,13773,2022-04-06 19:41:00,OTLY
4.69,4.7,4.69,4.69,7050,2022-04-06 19:42:00,OTLY
4.7,4.7,4.69,4.695,13809,2022-04-06 19:43:00,OTLY
4.695,4.71,4.695,4.705,26358,2022-04-06 19:44:00,OTLY
4.705,4.71,4.7,4.705,13775,2022-04-06 19:45:00,OTLY
4.705,4.71,4.7,4.705,11000,2022-04-06 19:46:00,OTLY
4.705,4.72,4.7,4.715,27887,2022-04-06 19:47:00,OTLY
4.72,4.73,4.715,4.725,29901,2022-04-06 19:48:00,OTLY
4.73,4.73,4.72,4.725,15333,2022-04-06 19:49:00,OTLY
4.725,4.73,4.7,4.7,89325,2022-04-06 19:50:00,OTLY
4.7,4.71,4.7,4.7,17393,2022-04-06 19:51:00,OTLY
4.705,4.7069,4.7,4.7,22753,2022-04-06 19:52:00,OTLY
4.705,4.71,4.7,4.705,17427,2022-04-06 19:53:00,OTLY
4.7,4.705,4.7,4.705,8825,2022-04-06 19:54:00,OTLY
4.705,4.71,4.7,4.7001,10267,2022-04-06 19:55:00,OTLY
4.7,4.71,4.7,4.705,20960,2022-04-06 19:56:00,OTLY
4.7,4.71,4.67,4.67,225995,2022-04-06 19:57:00,OTLY
4.675,4.69,4.67,4.67,154046,2022-04-06 19:58:00,OTLY
4.675,4.68,4.67,4.67,94265,2022-04-06 19:59:00,OTLY
4.68,4.68,4.68,4.68,85049,2022-04-06 20:00:00,OTLY
4.7695,4.7695,4.7695,4.7695,250,2022-04-06 20:01:00,OTLY
4.67,4.67,4.67,4.67,100,2022-04-06 20:02:00,OTLY
4.74,4.74,4.74,4.74,200,2022-04-06 20:09:00,OTLY
4.7,4.7,4.7,4.7,300,2022-04-06 20:12:00,OTLY
4.74,4.74,4.74,4.74,230,2022-04-06 20:13:00,OTLY
4.69,4.69,4.69,4.69,150,2022-04-06 20:14:00,OTLY
4.69,4.69,4.6899,4.69,422,2022-04-06 21:04:00,OTLY
4.6899,4.69,4.6899,4.69,200,2022-04-06 21:06:00,OTLY
4.69,4.69,4.69,4.69,1239,2022-04-06 21:07:00,OTLY
4.6801,4.6801,4.6801,4.6801,100,2022-04-06 21:09:00,OTLY
4.6811,4.6811,4.68,4.68,200,2022-04-06 21:23:00,OTLY
4.7,4.7,4.7,4.7,105,2022-04-06 21:41:00,OTLY
4.69,4.69,4.69,4.69,100,2022-04-06 21:44:00,OTLY
4.69,4.69,4.69,4.69,210,2022-04-06 21:48:00,OTLY
4.6999,4.7,4.6999,4.7,420,2022-04-06 21:49:00,OTLY
4.7,4.7,4.7,4.7,210,2022-04-06 21:56:00,OTLY
4.7,4.7,4.7,4.7,200,2022-04-06 22:05:00,OTLY
4.68,4.68,4.68,4.68,1656,2022-04-06 22:28:00,OTLY
4.68,4.68,4.68,4.68,128,2022-04-06 23:14:00,OTLY
4.68,4.68,4.68,4.68,5290,2022-04-06 23:15:00,OTLY
4.7,4.7,4.7,4.7,100,2022-04-06 23:22:00,OTLY
4.7,4.7,4.7,4.7,100,2022-04-06 23:23:00,OTLY
4.74,4.74,4.74,4.74,596,2022-04-06 23:34:00,OTLY
4.75,4.75,4.75,4.75,500,2022-04-06 23:35:00,OTLY
4.71,4.71,4.71,4.71,200,2022-04-06 23:36:00,OTLY
4.74,4.74,4.74,4.74,163,2022-04-06 23:38:00,OTLY
4.75,4.75,4.75,4.75,196,2022-04-06 23:48:00,OTLY
4.75,4.75,4.75,4.75,804,2022-04-06 23:49:00,OTLY
4.74,4.74,4.74,4.74,100,2022-04-06 23:52:00,OTLY
4.75,4.77,4.75,4.77,747,2022-04-06 23:59:00,OTLY
4.91,4.91,4.91,4.91,225,2022-04-07 08:06:00,OTLY
4.8,4.8,4.76,4.76,998,2022-04-07 10:46:00,OTLY
4.8,4.8,4.8,4.8,100,2022-04-07 11:01:00,OTLY
4.76,4.76,4.75,4.75,952,2022-04-07 11:07:00,OTLY
4.75,4.75,4.73,4.73,987,2022-04-07 11:22:00,OTLY
4.73,4.73,4.71,4.71,500,2022-04-07 11:26:00,OTLY
4.72,4.72,4.72,4.72,200,2022-04-07 12:02:00,OTLY
4.72,4.72,4.72,4.72,200,2022-04-07 12:07:00,OTLY
4.72,4.72,4.72,4.72,140,2022-04-07 12:09:00,OTLY
4.71,4.71,4.71,4.71,300,2022-04-07 12:10:00,OTLY
4.71,4.71,4.71,4.71,183,2022-04-07 12:11:00,OTLY
4.7001,4.7001,4.7001,4.7001,212,2022-04-07 12:13:00,OTLY
4.7,4.7,4.7,4.7,200,2022-04-07 12:17:00,OTLY
4.73,4.73,4.73,4.73,100,2022-04-07 12:18:00,OTLY
4.72,4.72,4.72,4.72,350,2022-04-07 12:21:00,OTLY
4.72,4.72,4.72,4.72,200,2022-04-07 12:23:00,OTLY
4.72,4.72,4.72,4.72,100,2022-04-07 12:25:00,OTLY
4.74,4.74,4.74,4.74,200,2022-04-07 12:33:00,OTLY
4.7,4.7,4.7,4.7,160,2022-04-07 12:36:00,OTLY
4.7399,4.7399,4.7399,4.7399,2000,2022-04-07 12:37:00,OTLY
4.74,4.74,4.74,4.74,498,2022-04-07 12:56:00,OTLY
4.72,4.72,4.72,4.72,422,2022-04-07 13:03:00,OTLY
4.72,4.72,4.72,4.72,100,2022-04-07 13:04:00,OTLY
4.71,4.71,4.71,4.71,200,2022-04-07 13:07:00,OTLY
4.71,4.71,4.71,4.71,100,2022-04-07 13:08:00,OTLY
4.72,4.72,4.7,4.7,300,2022-04-07 13:10:00,OTLY
4.71,4.71,4.71,4.71,100,2022-04-07 13:13:00,OTLY
4.71,4.71,4.71,4.71,100,2022-04-07 13:22:00,OTLY
4.72,4.72,4.72,4.72,100,2022-04-07 13:24:00,OTLY
4.7399,4.7399,4.7399,4.7399,100,2022-04-07 13:25:00,OTLY
4.72,4.72,4.72,4.72,119,2022-04-07 13:29:00,OTLY
4.72,4.725,4.62,4.64,77799,2022-04-07 13:30:00,OTLY
4.6491,4.65,4.6009,4.61,23011,2022-04-07 13:31:00,OTLY
4.61,4.6499,4.6,4.64,7104,2022-04-07 13:32:00,OTLY
4.645,4.655,4.64,4.645,4030,2022-04-07 13:33:00,OTLY
4.64,4.67,4.64,4.66,6147,2022-04-07 13:34:00,OTLY
4.67,4.67,4.62,4.62,20597,2022-04-07 13:35:00,OTLY
4.6274,4.65,4.6274,4.64,12888,2022-04-07 13:36:00,OTLY
4.645,4.65,4.6389,4.6389,12776,2022-04-07 13:37:00,OTLY
4.64,4.65,4.64,4.65,10424,2022-04-07 13:38:00,OTLY
4.6599,4.6599,4.61,4.62,18540,2022-04-07 13:39:00,OTLY
4.62,4.62,4.6,4.605,9989,2022-04-07 13:40:00,OTLY
4.605,4.61,4.605,4.6099,4300,2022-04-07 13:41:00,OTLY
4.61,4.62,4.59,4.615,56712,2022-04-07 13:42:00,OTLY
4.615,4.64,4.58,4.58,24330,2022-04-07 13:43:00,OTLY
4.585,4.59,4.57,4.57,18099,2022-04-07 13:44:00,OTLY
4.56,4.59,4.56,4.59,19269,2022-04-07 13:45:00,OTLY
4.595,4.61,4.59,4.6,9031,2022-04-07 13:46:00,OTLY
4.604,4.605,4.585,4.585,8552,2022-04-07 13:47:00,OTLY
4.58,4.59,4.58,4.58,8023,2022-04-07 13:48:00,OTLY
4.585,4.59,4.5693,4.57,20951,2022-04-07 13:49:00,OTLY
4.57,4.58,4.565,4.575,12890,2022-04-07 13:50:00,OTLY
4.575,4.59,4.575,4.59,5021,2022-04-07 13:51:00,OTLY
4.58,4.585,4.56,4.57,30995,2022-04-07 13:52:00,OTLY
4.56,4.585,4.56,4.585,103491,2022-04-07 13:53:00,OTLY
4.59,4.605,4.5899,4.6,6741,2022-04-07 13:54:00,OTLY
4.59,4.59,4.58,4.585,8904,2022-04-07 13:55:00,OTLY
4.59,4.6,4.58,4.6,4216,2022-04-07 13:56:00,OTLY
4.6,4.63,4.6,4.62,15640,2022-04-07 13:57:00,OTLY
4.6101,4.63,4.6101,4.62,2954,2022-04-07 13:58:00,OTLY
4.6201,4.6211,4.6,4.6088,8781,2022-04-07 13:59:00,OTLY
4.6,4.6,4.5909,4.5909,12164,2022-04-07 14:00:00,OTLY
4.6,4.6,4.5901,4.595,900,2022-04-07 14:01:00,OTLY
4.59,4.595,4.56,4.565,10880,2022-04-07 14:02:00,OTLY
4.56,4.56,4.54,4.545,49227,2022-04-07 14:03:00,OTLY
4.54,4.54,4.53,4.54,23085,2022-04-07 14:04:00,OTLY
4.54,4.55,4.54,4.5401,3933,2022-04-07 14:05:00,OTLY
4.5481,4.55,4.53,4.535,10625,2022-04-07 14:06:00,OTLY
4.5399,4.545,4.535,4.54,7171,2022-04-07 14:07:00,OTLY
4.54,4.5499,4.54,4.545,3465,2022-04-07 14:08:00,OTLY
4.5488,4.5488,4.52,4.525,33482,2022-04-07 14:09:00,OTLY
4.52,4.52,4.51,4.515,26440,2022-04-07 14:10:00,OTLY
4.5188,4.52,4.51,4.5191,19140,2022-04-07 14:11:00,OTLY
4.519,4.525,4.5,4.525,96623,2022-04-07 14:12:00,OTLY
4.525,4.54,4.52,4.54,12780,2022-04-07 14:13:00,OTLY
4.54,4.55,4.54,4.54,23850,2022-04-07 14:14:00,OTLY
4.53,4.53,4.5,4.5,11626,2022-04-07 14:15:00,OTLY
4.5085,4.51,4.49,4.495,106792,2022-04-07 14:16:00,OTLY
4.49,4.505,4.49,4.5,18744,2022-04-07 14:17:00,OTLY
4.51,4.525,4.51,4.525,14107,2022-04-07 14:18:00,OTLY
4.5225,4.525,4.5,4.5,68862,2022-04-07 14:19:00,OTLY
4.5099,4.51,4.5,4.5052,42732,2022-04-07 14:20:00,OTLY
4.505,4.51,4.5,4.5,5177,2022-04-07 14:21:00,OTLY
4.5,4.5,4.48,4.4812,28837,2022-04-07 14:22:00,OTLY
4.485,4.5,4.48,4.495,15692,2022-04-07 14:23:00,OTLY
4.49,4.5,4.49,4.4943,15799,2022-04-07 14:24:00,OTLY
4.495,4.52,4.495,4.515,43076,2022-04-07 14:25:00,OTLY
4.515,4.54,4.515,4.535,17472,2022-04-07 14:26:00,OTLY
4.54,4.56,4.54,4.555,67461,2022-04-07 14:27:00,OTLY
4.55,4.555,4.545,4.55,20601,2022-04-07 14:28:00,OTLY
4.5555,4.58,4.5555,4.58,14144,2022-04-07 14:29:00,OTLY
4.58,4.58,4.5701,4.58,12207,2022-04-07 14:30:00,OTLY
4.58,4.585,4.56,4.5612,32502,2022-04-07 14:31:00,OTLY
4.56,4.56,4.55,4.555,5678,2022-04-07 14:32:00,OTLY
4.5501,4.56,4.5501,4.5589,5738,2022-04-07 14:33:00,OTLY
4.5591,4.57,4.55,4.565,18835,2022-04-07 14:34:00,OTLY
4.56,4.57,4.56,4.565,9695,2022-04-07 14:35:00,OTLY
4.565,4.605,4.565,4.595,32280,2022-04-07 14:36:00,OTLY
4.59,4.5996,4.59,4.59,15908,2022-04-07 14:37:00,OTLY
4.595,4.595,4.575,4.576,7594,2022-04-07 14:38:00,OTLY
4.57,4.57,4.56,4.563,1659,2022-04-07 14:39:00,OTLY
4.565,4.565,4.54,4.545,21372,2022-04-07 14:40:00,OTLY
4.54,4.54,4.53,4.53,7228,2022-04-07 14:41:00,OTLY
4.535,4.54,4.53,4.535,6558,2022-04-07 14:42:00,OTLY
4.535,4.535,4.52,4.53,4129,2022-04-07 14:43:00,OTLY
4.525,4.53,4.52,4.525,2000,2022-04-07 14:44:00,OTLY
4.525,4.53,4.52,4.5233,4930,2022-04-07 14:45:00,OTLY
4.52,4.525,4.5,4.505,11421,2022-04-07 14:46:00,OTLY
4.505,4.51,4.5,4.5085,4945,2022-04-07 14:47:00,OTLY
4.5,4.5099,4.5,4.505,7583,2022-04-07 14:48:00,OTLY
4.5,4.52,4.48,4.49,120786,2022-04-07 14:49:00,OTLY
4.495,4.505,4.49,4.49,32992,2022-04-07 14:50:00,OTLY
4.495,4.5199,4.495,4.515,15080,2022-04-07 14:51:00,OTLY
4.515,4.515,4.505,4.505,5806,2022-04-07 14:52:00,OTLY
4.51,4.518,4.505,4.518,11909,2022-04-07 14:53:00,OTLY
4.515,4.5299,4.515,4.515,20863,2022-04-07 14:54:00,OTLY
4.515,4.518,4.505,4.5099,4620,2022-04-07 14:55:00,OTLY
4.51,4.51,4.495,4.5,27504,2022-04-07 14:56:00,OTLY
4.5,4.5088,4.495,4.5,5710,2022-04-07 14:57:00,OTLY
4.505,4.505,4.5,4.505,5500,2022-04-07 14:58:00,OTLY
4.505,4.51,4.5,4.51,16257,2022-04-07 14:59:00,OTLY
4.505,4.5285,4.495,4.5285,81010,2022-04-07 15:00:00,OTLY
4.525,4.5699,4.525,4.565,84284,2022-04-07 15:01:00,OTLY
4.565,4.585,4.56,4.58,102718,2022-04-07 15:02:00,OTLY
4.58,4.59,4.57,4.58,50342,2022-04-07 15:03:00,OTLY
4.58,4.5891,4.575,4.5891,10782,2022-04-07 15:04:00,OTLY
4.59,4.59,4.58,4.59,8747,2022-04-07 15:05:00,OTLY
4.58,4.585,4.575,4.575,6402,2022-04-07 15:06:00,OTLY
4.575,4.575,4.56,4.56,3788,2022-04-07 15:07:00,OTLY
4.56,4.56,4.55,4.555,9200,2022-04-07 15:08:00,OTLY
4.5549,4.5549,4.53,4.535,4343,2022-04-07 15:09:00,OTLY
4.53,4.53,4.52,4.525,15483,2022-04-07 15:10:00,OTLY
4.52,4.52,4.51,4.51,6771,2022-04-07 15:11:00,OTLY
4.51,4.52,4.51,4.52,18764,2022-04-07 15:12:00,OTLY
4.52,4.525,4.51,4.52,9905,2022-04-07 15:13:00,OTLY
4.52,4.525,4.515,4.515,6772,2022-04-07 15:14:00,OTLY
4.519,4.52,4.51,4.51,2822,2022-04-07 15:15:00,OTLY
4.5109,4.519,4.5109,4.515,1825,2022-04-07 15:16:00,OTLY
4.51,4.5101,4.5,4.5,6050,2022-04-07 15:17:00,OTLY
4.505,4.51,4.5,4.505,1500,2022-04-07 15:18:00,OTLY
4.505,4.5093,4.5,4.5,21061,2022-04-07 15:19:00,OTLY
4.505,4.51,4.5,4.5,5048,2022-04-07 15:20:00,OTLY
4.505,4.53,4.49,4.51,111110,2022-04-07 15:21:00,OTLY
4.505,4.5298,4.5,4.5288,12302,2022-04-07 15:22:00,OTLY
4.52,4.525,4.515,4.515,11181,2022-04-07 15:23:00,OTLY
4.51,4.515,4.51,4.515,200,2022-04-07 15:24:00,OTLY
4.51,4.5188,4.51,4.515,900,2022-04-07 15:25:00,OTLY
4.5191,4.5199,4.515,4.515,1050,2022-04-07 15:26:00,OTLY
4.51,4.52,4.505,4.515,18470,2022-04-07 15:27:00,OTLY
4.515,4.515,4.515,4.515,100,2022-04-07 15:28:00,OTLY
4.51,4.51,4.5026,4.505,11612,2022-04-07 15:29:00,OTLY
4.505,4.505,4.5,4.5,2200,2022-04-07 15:30:00,OTLY
4.5,4.5,4.5,4.5,4966,2022-04-07 15:31:00,OTLY
4.495,4.505,4.495,4.5,27618,2022-04-07 15:32:00,OTLY
4.505,4.51,4.5,4.505,2878,2022-04-07 15:33:00,OTLY
4.505,4.505,4.5,4.505,2106,2022-04-07 15:34:00,OTLY
4.505,4.52,4.5,4.515,27768,2022-04-07 15:35:00,OTLY
4.515,4.5188,4.515,4.515,2811,2022-04-07 15:36:00,OTLY
4.52,4.52,4.51,4.515,2207,2022-04-07 15:37:00,OTLY
4.515,4.5289,4.515,4.5289,10871,2022-04-07 15:38:00,OTLY
4.53,4.535,4.515,4.515,16155,2022-04-07 15:39:00,OTLY
4.515,4.5269,4.515,4.52,7882,2022-04-07 15:40:00,OTLY
4.525,4.535,4.52,4.52,26208,2022-04-07 15:41:00,OTLY
4.528,4.5293,4.51,4.515,10082,2022-04-07 15:42:00,OTLY
4.51,4.515,4.5,4.505,26731,2022-04-07 15:43:00,OTLY
4.505,4.51,4.5,4.5095,8595,2022-04-07 15:44:00,OTLY
4.505,4.52,4.5,4.515,25003,2022-04-07 15:45:00,OTLY
4.51,4.53,4.51,4.53,13171,2022-04-07 15:46:00,OTLY
4.5289,4.55,4.5289,4.54,23704,2022-04-07 15:47:00,OTLY
4.545,4.545,4.53,4.5301,7344,2022-04-07 15:48:00,OTLY
4.53,4.53,4.53,4.53,900,2022-04-07 15:49:00,OTLY
4.52,4.525,4.515,4.52,5290,2022-04-07 15:50:00,OTLY
4.52,4.525,4.52,4.52,10926,2022-04-07 15:51:00,OTLY
4.515,4.515,4.515,4.515,3384,2022-04-07 15:52:00,OTLY
4.515,4.5299,4.51,4.525,19171,2022-04-07 15:53:00,OTLY
4.525,4.53,4.52,4.525,4212,2022-04-07 15:54:00,OTLY
4.525,4.53,4.525,4.525,1300,2022-04-07 15:55:00,OTLY
4.53,4.5399,4.52,4.525,30676,2022-04-07 15:56:00,OTLY
4.525,4.53,4.525,4.53,8060,2022-04-07 15:57:00,OTLY
4.53,4.54,4.53,4.535,4742,2022-04-07 15:58:00,OTLY
4.535,4.54,4.53,4.535,5345,2022-04-07 15:59:00,OTLY
4.53,4.53,4.53,4.53,2600,2022-04-07 16:00:00,OTLY
4.525,4.525,4.525,4.525,800,2022-04-07 16:01:00,OTLY
4.525,4.5251,4.525,4.525,1280,2022-04-07 16:02:00,OTLY
4.528,4.528,4.52,4.525,6844,2022-04-07 16:03:00,OTLY
4.525,4.53,4.52,4.52,3450,2022-04-07 16:04:00,OTLY
4.515,4.515,4.51,4.515,3900,2022-04-07 16:05:00,OTLY
4.515,4.5188,4.51,4.515,1796,2022-04-07 16:06:00,OTLY
4.515,4.519,4.5101,4.515,5108,2022-04-07 16:07:00,OTLY
4.51,4.5199,4.51,4.515,908,2022-04-07 16:08:00,OTLY
4.51,4.52,4.51,4.51,1900,2022-04-07 16:09:00,OTLY
4.515,4.525,4.515,4.525,22207,2022-04-07 16:10:00,OTLY
4.53,4.53,4.52,4.525,750,2022-04-07 16:11:00,OTLY
4.525,4.525,4.51,4.51,5689,2022-04-07 16:12:00,OTLY
4.51,4.515,4.5,4.505,9007,2022-04-07 16:13:00,OTLY
4.505,4.505,4.505,4.505,600,2022-04-07 16:14:00,OTLY
4.5,4.505,4.5,4.505,3100,2022-04-07 16:15:00,OTLY
4.5,4.51,4.5,4.505,900,2022-04-07 16:16:00,OTLY
4.505,4.505,4.5,4.5,1021,2022-04-07 16:17:00,OTLY
4.5,4.52,4.49,4.515,59053,2022-04-07 16:18:00,OTLY
4.5189,4.5189,4.5101,4.515,3650,2022-04-07 16:19:00,OTLY
4.5157,4.525,4.515,4.525,8885,2022-04-07 16:20:00,OTLY
4.53,4.53,4.525,4.525,1700,2022-04-07 16:21:00,OTLY
4.53,4.5393,4.52,4.52,13203,2022-04-07 16:22:00,OTLY
4.525,4.525,4.5158,4.5158,5056,2022-04-07 16:23:00,OTLY
4.515,4.52,4.5111,4.515,3002,2022-04-07 16:24:00,OTLY
4.515,4.5199,4.51,4.5186,10725,2022-04-07 16:25:00,OTLY
4.515,4.52,4.51,4.515,4550,2022-04-07 16:26:00,OTLY
4.52,4.52,4.5109,4.515,1330,2022-04-07 16:27:00,OTLY
4.515,4.515,4.51,4.51,665,2022-04-07 16:28:00,OTLY
4.51,4.515,4.5,4.5,13461,2022-04-07 16:29:00,OTLY
4.505,4.505,4.49,4.495,5507,2022-04-07 16:30:00,OTLY
4.49,4.5,4.49,4.496,2015,2022-04-07 16:31:00,OTLY
4.495,4.4991,4.49,4.495,4245,2022-04-07 16:32:00,OTLY
4.49,4.4991,4.49,4.49,2221,2022-04-07 16:33:00,OTLY
4.49,4.49,4.48,4.4899,10451,2022-04-07 16:34:00,OTLY
4.485,4.488,4.48,4.48,9315,2022-04-07 16:35:00,OTLY
4.49,4.49,4.48,4.485,3500,2022-04-07 16:36:00,OTLY
4.485,4.4889,4.48,4.485,7263,2022-04-07 16:37:00,OTLY
4.48,4.4899,4.48,4.485,1600,2022-04-07 16:38:00,OTLY
4.48,4.49,4.48,4.49,1494,2022-04-07 16:39:00,OTLY
4.48,4.49,4.48,4.485,3552,2022-04-07 16:40:00,OTLY
4.48,4.485,4.48,4.48,1400,2022-04-07 16:41:00,OTLY
4.48,4.485,4.48,4.48,5600,2022-04-07 16:42:00,OTLY
4.48,4.49,4.48,4.49,8900,2022-04-07 16:43:00,OTLY
4.48,4.485,4.47,4.4789,21230,2022-04-07 16:44:00,OTLY
4.475,4.475,4.47,4.475,1200,2022-04-07 16:45:00,OTLY
4.475,4.48,4.475,4.4785,6099,2022-04-07 16:46:00,OTLY
4.4788,4.48,4.4714,4.475,2864,2022-04-07 16:47:00,OTLY
4.4766,4.485,4.4766,4.485,9562,2022-04-07 16:48:00,OTLY
4.4825,4.4899,4.48,4.48,5490,2022-04-07 16:49:00,OTLY
4.48,4.4808,4.47,4.47,14509,2022-04-07 16:50:00,OTLY
4.475,4.475,4.475,4.475,300,2022-04-07 16:51:00,OTLY
4.475,4.48,4.475,4.48,4112,2022-04-07 16:52:00,OTLY
4.475,4.49,4.475,4.48,18287,2022-04-07 16:53:00,OTLY
4.48,4.48,4.47,4.475,5862,2022-04-07 16:54:00,OTLY
4.48,4.48,4.47,4.4791,3596,2022-04-07 16:55:00,OTLY
4.475,4.48,4.475,4.48,1000,2022-04-07 16:56:00,OTLY
4.48,4.49,4.48,4.485,7090,2022-04-07 16:57:00,OTLY
4.48,4.485,4.48,4.485,300,2022-04-07 16:58:00,OTLY
4.485,4.4888,4.485,4.485,802,2022-04-07 16:59:00,OTLY
4.4812,4.485,4.48,4.48,1008,2022-04-07 17:00:00,OTLY
4.4891,4.495,4.485,4.49,33515,2022-04-07 17:01:00,OTLY
4.4899,4.4988,4.485,4.495,15459,2022-04-07 17:02:00,OTLY
4.495,4.5,4.49,4.49,19759,2022-04-07 17:03:00,OTLY
4.5,4.5,4.495,4.495,13407,2022-04-07 17:04:00,OTLY
4.4988,4.4988,4.49,4.49,10906,2022-04-07 17:05:00,OTLY
4.49,4.49,4.485,4.485,7503,2022-04-07 17:06:00,OTLY
4.49,4.495,4.48,4.482,7720,2022-04-07 17:07:00,OTLY
4.4899,4.4899,4.4847,4.485,5900,2022-04-07 17:08:00,OTLY
4.48,4.49,4.48,4.48,3209,2022-04-07 17:09:00,OTLY
4.4891,4.4899,4.48,4.485,4143,2022-04-07 17:10:00,OTLY
4.48,4.485,4.48,4.485,2716,2022-04-07 17:11:00,OTLY
4.485,4.4976,4.485,4.495,11365,2022-04-07 17:12:00,OTLY
4.5,4.5,4.49,4.495,2615,2022-04-07 17:13:00,OTLY
4.495,4.495,4.49,4.4931,3384,2022-04-07 17:14:00,OTLY
4.4986,4.4986,4.49,4.49,3110,2022-04-07 17:15:00,OTLY
4.49,4.49,4.48,4.48,2882,2022-04-07 17:16:00,OTLY
4.4899,4.49,4.485,4.4881,1227,2022-04-07 17:17:00,OTLY
4.48,4.49,4.48,4.48,783,2022-04-07 17:18:00,OTLY
4.485,4.485,4.48,4.48,900,2022-04-07 17:19:00,OTLY
4.485,4.49,4.48,4.485,2300,2022-04-07 17:20:00,OTLY
4.485,4.4899,4.48,4.48,1903,2022-04-07 17:21:00,OTLY
4.48,4.4899,4.47,4.47,6609,2022-04-07 17:22:00,OTLY
4.475,4.48,4.47,4.475,4900,2022-04-07 17:23:00,OTLY
4.475,4.475,4.47,4.475,1777,2022-04-07 17:24:00,OTLY
4.478,4.48,4.47,4.475,3165,2022-04-07 17:25:00,OTLY
4.48,4.4899,4.475,4.4899,11659,2022-04-07 17:26:00,OTLY
4.489,4.495,4.48,4.49,26035,2022-04-07 17:27:00,OTLY
4.49,4.5,4.49,4.49,15400,2022-04-07 17:28:00,OTLY
4.495,4.4965,4.49,4.4965,8282,2022-04-07 17:29:00,OTLY
4.495,4.52,4.49,4.515,38583,2022-04-07 17:30:00,OTLY
4.515,4.525,4.515,4.525,8869,2022-04-07 17:31:00,OTLY
4.525,4.5299,4.52,4.5299,6579,2022-04-07 17:32:00,OTLY
4.5289,4.5289,4.51,4.5181,16850,2022-04-07 17:33:00,OTLY
4.51,4.515,4.51,4.51,600,2022-04-07 17:34:00,OTLY
4.51,4.5101,4.5,4.5,30121,2022-04-07 17:35:00,OTLY
4.5,4.505,4.5,4.5,2800,2022-04-07 17:36:00,OTLY
4.505,4.505,4.5,4.5,1200,2022-04-07 17:37:00,OTLY
4.5,4.5092,4.49,4.495,25539,2022-04-07 17:38:00,OTLY
4.495,4.505,4.495,4.495,28726,2022-04-07 17:39:00,OTLY
4.495,4.5,4.49,4.495,42623,2022-04-07 17:40:00,OTLY
4.495,4.5,4.49,4.4982,10063,2022-04-07 17:41:00,OTLY
4.495,4.5,4.49,4.49,7389,2022-04-07 17:42:00,OTLY
4.495,4.495,4.49,4.49,3234,2022-04-07 17:43:00,OTLY
4.49,4.495,4.485,4.49,27801,2022-04-07 17:44:00,OTLY
4.49,4.495,4.49,4.495,6002,2022-04-07 17:45:00,OTLY
4.495,4.5,4.49,4.495,1912,2022-04-07 17:46:00,OTLY
4.49,4.495,4.48,4.4892,6563,2022-04-07 17:47:00,OTLY
4.4899,4.49,4.48,4.48,2500,2022-04-07 17:48:00,OTLY
4.485,4.485,4.485,4.485,200,2022-04-07 17:49:00,OTLY
4.487,4.49,4.48,4.485,11250,2022-04-07 17:50:00,OTLY
4.485,4.485,4.47,4.475,15987,2022-04-07 17:51:00,OTLY
4.475,4.49,4.475,4.49,7325,2022-04-07 17:52:00,OTLY
4.485,4.485,4.485,4.485,100,2022-04-07 17:53:00,OTLY
4.485,4.485,4.48,4.48,800,2022-04-07 17:54:00,OTLY
4.485,4.5,4.485,4.49,14855,2022-04-07 17:55:00,OTLY
4.49,4.5,4.49,4.49,2545,2022-04-07 17:56:00,OTLY
4.49,4.495,4.49,4.49,4095,2022-04-07 17:57:00,OTLY
4.495,4.505,4.49,4.505,25487,2022-04-07 17:58:00,OTLY
4.5,4.5099,4.5,4.5,4783,2022-04-07 17:59:00,OTLY
4.505,4.509,4.5,4.505,7300,2022-04-07 18:00:00,OTLY
4.505,4.505,4.5,4.505,21564,2022-04-07 18:01:00,OTLY
4.505,4.505,4.5,4.5,5302,2022-04-07 18:02:00,OTLY
4.5,4.508,4.49,4.49,19132,2022-04-07 18:03:00,OTLY
4.49,4.505,4.48,4.495,32195,2022-04-07 18:04:00,OTLY
4.495,4.5,4.49,4.49,6100,2022-04-07 18:05:00,OTLY
4.49,4.49,4.48,4.485,9849,2022-04-07 18:06:00,OTLY
4.485,4.495,4.485,4.49,8583,2022-04-07 18:07:00,OTLY
4.49,4.495,4.49,4.495,400,2022-04-07 18:08:00,OTLY
4.49,4.49,4.49,4.49,300,2022-04-07 18:09:00,OTLY
4.495,4.495,4.49,4.49,3300,2022-04-07 18:10:00,OTLY
4.49,4.5,4.485,4.485,10922,2022-04-07 18:11:00,OTLY
4.485,4.495,4.485,4.49,24648,2022-04-07 18:12:00,OTLY
4.49,4.49,4.49,4.49,1000,2022-04-07 18:13:00,OTLY
4.49,4.4988,4.49,4.49,2200,2022-04-07 18:14:00,OTLY
4.495,4.4989,4.49,4.49,7360,2022-04-07 18:15:00,OTLY
4.49,4.49,4.48,4.485,3716,2022-04-07 18:16:00,OTLY
4.485,4.4899,4.48,4.48,4711,2022-04-07 18:17:00,OTLY
4.485,4.49,4.48,4.49,17411,2022-04-07 18:18:00,OTLY
4.49,4.4988,4.485,4.4888,6396,2022-04-07 18:19:00,OTLY
4.485,4.495,4.485,4.495,14737,2022-04-07 18:20:00,OTLY
4.495,4.5,4.49,4.49,1800,2022-04-07 18:21:00,OTLY
4.495,4.5,4.49,4.5,2805,2022-04-07 18:22:00,OTLY
4.495,4.4986,4.49,4.495,3673,2022-04-07 18:23:00,OTLY
4.49,4.4957,4.49,4.4957,2478,2022-04-07 18:24:00,OTLY
4.495,4.5088,4.495,4.505,17839,2022-04-07 18:25:00,OTLY
4.505,4.515,4.505,4.515,12666,2022-04-07 18:26:00,OTLY
4.515,4.515,4.51,4.51,5917,2022-04-07 18:27:00,OTLY
4.51,4.515,4.5012,4.5012,2698,2022-04-07 18:28:00,OTLY
4.505,4.505,4.49,4.5,43021,2022-04-07 18:29:00,OTLY
4.5,4.505,4.495,4.505,15640,2022-04-07 18:30:00,OTLY
4.505,4.515,4.505,4.515,11094,2022-04-07 18:31:00,OTLY
4.5101,4.52,4.51,4.515,4064,2022-04-07 18:32:00,OTLY
4.515,4.5191,4.505,4.51,18749,2022-04-07 18:33:00,OTLY
4.51,4.52,4.51,4.51,6220,2022-04-07 18:34:00,OTLY
4.515,4.515,4.51,4.51,2400,2022-04-07 18:35:00,OTLY
4.5188,4.52,4.505,4.51,29682,2022-04-07 18:36:00,OTLY
4.51,4.5199,4.51,4.51,3400,2022-04-07 18:37:00,OTLY
4.515,4.5193,4.51,4.51,1565,2022-04-07 18:38:00,OTLY
4.51,4.515,4.51,4.515,4132,2022-04-07 18:39:00,OTLY
4.51,4.51,4.5,4.5,10226,2022-04-07 18:40:00,OTLY
4.5,4.505,4.5,4.5,7500,2022-04-07 18:41:00,OTLY
4.5,4.5,4.49,4.495,3867,2022-04-07 18:42:00,OTLY
4.495,4.4991,4.49,4.49,6852,2022-04-07 18:43:00,OTLY
4.495,4.51,4.49,4.51,31230,2022-04-07 18:44:00,OTLY
4.505,4.51,4.505,4.51,4400,2022-04-07 18:45:00,OTLY
4.505,4.51,4.5,4.505,5603,2022-04-07 18:46:00,OTLY
4.505,4.5096,4.5,4.5001,3371,2022-04-07 18:47:00,OTLY
4.505,4.51,4.5,4.505,15272,2022-04-07 18:48:00,OTLY
4.505,4.515,4.5,4.515,14271,2022-04-07 18:49:00,OTLY
4.51,4.515,4.5,4.505,10305,2022-04-07 18:50:00,OTLY
4.505,4.51,4.505,4.505,11300,2022-04-07 18:51:00,OTLY
4.51,4.52,4.51,4.515,15211,2022-04-07 18:52:00,OTLY
4.515,4.52,4.515,4.515,3100,2022-04-07 18:53:00,OTLY
4.515,4.5189,4.51,4.515,3825,2022-04-07 18:54:00,OTLY
4.515,4.53,4.515,4.525,19602,2022-04-07 18:55:00,OTLY
4.525,4.53,4.525,4.525,6500,2022-04-07 18:56:00,OTLY
4.52,4.53,4.52,4.525,14439,2022-04-07 18:57:00,OTLY
4.523,4.53,4.52,4.52,7200,2022-04-07 18:58:00,OTLY
4.52,4.5299,4.52,4.525,4200,2022-04-07 18:59:00,OTLY
4.52,4.5299,4.52,4.525,3020,2022-04-07 19:00:00,OTLY
4.525,4.53,4.52,4.5297,32093,2022-04-07 19:01:00,OTLY
4.525,4.535,4.52,4.535,22837,2022-04-07 19:02:00,OTLY
4.535,4.54,4.53,4.535,16296,2022-04-07 19:03:00,OTLY
4.5399,4.5399,4.53,4.53,12186,2022-04-07 19:04:00,OTLY
4.53,4.5357,4.53,4.53,12775,2022-04-07 19:05:00,OTLY
4.53,4.5387,4.53,4.535,5446,2022-04-07 19:06:00,OTLY
4.535,4.54,4.53,4.53,2700,2022-04-07 19:07:00,OTLY
4.53,4.5396,4.52,4.52,13569,2022-04-07 19:08:00,OTLY
4.525,4.53,4.52,4.525,9696,2022-04-07 19:09:00,OTLY
4.5292,4.53,4.52,4.52,4638,2022-04-07 19:10:00,OTLY
4.525,4.525,4.52,4.52,4560,2022-04-07 19:11:00,OTLY
4.525,4.53,4.52,4.52,3730,2022-04-07 19:12:00,OTLY
4.52,4.5398,4.52,4.53,31620,2022-04-07 19:13:00,OTLY
4.535,4.535,4.53,4.535,6448,2022-04-07 19:14:00,OTLY
4.535,4.538,4.5301,4.535,8600,2022-04-07 19:15:00,OTLY
4.535,4.54,4.53,4.535,5600,2022-04-07 19:16:00,OTLY
4.535,4.535,4.53,4.535,3600,2022-04-07 19:17:00,OTLY
4.535,4.54,4.53,4.54,4475,2022-04-07 19:18:00,OTLY
4.535,4.535,4.53,4.53,5800,2022-04-07 19:19:00,OTLY
4.5399,4.5399,4.53,4.53,7457,2022-04-07 19:20:00,OTLY
4.53,4.535,4.52,4.525,20991,2022-04-07 19:21:00,OTLY
4.525,4.53,4.52,4.525,5969,2022-04-07 19:22:00,OTLY
4.525,4.525,4.52,4.52,20412,2022-04-07 19:23:00,OTLY
4.52,4.525,4.52,4.52,7663,2022-04-07 19:24:00,OTLY
4.52,4.525,4.51,4.525,32759,2022-04-07 19:25:00,OTLY
4.52,4.525,4.52,4.52,4850,2022-04-07 19:26:00,OTLY
4.52,4.525,4.515,4.515,21740,2022-04-07 19:27:00,OTLY
4.515,4.515,4.51,4.51,21302,2022-04-07 19:28:00,OTLY
4.51,4.515,4.51,4.515,3960,2022-04-07 19:29:00,OTLY
4.51,4.515,4.51,4.515,11560,2022-04-07 19:30:00,OTLY
4.515,4.5199,4.51,4.51,11264,2022-04-07 19:31:00,OTLY
4.51,4.5199,4.51,4.515,9701,2022-04-07 19:32:00,OTLY
4.515,4.5199,4.51,4.51,7279,2022-04-07 19:33:00,OTLY
4.515,4.515,4.51,4.515,7220,2022-04-07 19:34:00,OTLY
4.51,4.5199,4.51,4.515,6426,2022-04-07 19:35:00,OTLY
4.51,4.5153,4.51,4.515,6940,2022-04-07 19:36:00,OTLY
4.515,4.515,4.51,4.515,4355,2022-04-07 19:37:00,OTLY
4.515,4.53,4.515,4.52,34460,2022-04-07 19:38:00,OTLY
4.525,4.525,4.525,4.525,7394,2022-04-07 19:39:00,OTLY
4.53,4.53,4.52,4.525,13554,2022-04-07 19:40:00,OTLY
4.525,4.525,4.52,4.52,5279,2022-04-07 19:41:00,OTLY
4.525,4.525,4.52,4.525,4300,2022-04-07 19:42:00,OTLY
4.525,4.525,4.52,4.525,8271,2022-04-07 19:43:00,OTLY
4.525,4.53,4.52,4.525,18989,2022-04-07 19:44:00,OTLY
4.52,4.525,4.52,4.525,13901,2022-04-07 19:45:00,OTLY
4.52,4.525,4.52,4.525,14315,2022-04-07 19:46:00,OTLY
4.525,4.54,4.52,4.535,42385,2022-04-07 19:47:00,OTLY
4.535,4.54,4.53,4.53,11302,2022-04-07 19:48:00,OTLY
4.5396,4.5396,4.52,4.525,41569,2022-04-07 19:49:00,OTLY
4.52,4.525,4.52,4.52,20825,2022-04-07 19:50:00,OTLY
4.52,4.525,4.52,4.52,18800,2022-04-07 19:51:00,OTLY
4.52,4.5299,4.52,4.525,11000,2022-04-07 19:52:00,OTLY
4.525,4.5299,4.52,4.52,22760,2022-04-07 19:53:00,OTLY
4.525,4.525,4.52,4.52,25956,2022-04-07 19:54:00,OTLY
4.52,4.525,4.5,4.505,59545,2022-04-07 19:55:00,OTLY
4.505,4.51,4.5,4.505,33855,2022-04-07 19:56:00,OTLY
4.505,4.51,4.5,4.51,20985,2022-04-07 19:57:00,OTLY
4.505,4.51,4.5,4.505,61318,2022-04-07 19:58:00,OTLY
4.505,4.52,4.5,4.51,103104,2022-04-07 19:59:00,OTLY
4.52,4.52,4.52,4.52,68623,2022-04-07 20:00:00,OTLY
4.52,4.52,4.52,4.52,100,2022-04-07 20:02:00,OTLY
4.52,4.52,4.52,4.52,100,2022-04-07 20:04:00,OTLY
4.5399,4.5399,4.5399,4.5399,500,2022-04-07 20:09:00,OTLY
4.52,4.52,4.52,4.52,400,2022-04-07 20:10:00,OTLY
4.5177,4.52,4.5177,4.52,200,2022-04-07 20:11:00,OTLY
4.52,4.52,4.52,4.52,100,2022-04-07 20:15:00,OTLY
4.5199,4.52,4.5199,4.52,600,2022-04-07 20:21:00,OTLY
4.52,4.52,4.52,4.52,1100,2022-04-07 20:24:00,OTLY
4.53,4.53,4.53,4.53,486,2022-04-07 20:27:00,OTLY
4.5399,4.54,4.5399,4.54,200,2022-04-07 20:29:00,OTLY
4.5455,4.5455,4.5455,4.5455,100,2022-04-07 20:44:00,OTLY
4.54,4.54,4.54,4.54,100,2022-04-07 21:10:00,OTLY
4.55,4.55,4.55,4.55,100,2022-04-07 21:49:00,OTLY
4.54,4.54,4.54,4.54,100,2022-04-07 22:11:00,OTLY
4.55,4.55,4.55,4.55,100,2022-04-07 22:21:00,OTLY
4.54,4.55,4.54,4.55,600,2022-04-07 22:23:00,OTLY
4.55,4.55,4.55,4.55,300,2022-04-07 22:25:00,OTLY
4.55,4.55,4.55,4.55,100,2022-04-07 22:28:00,OTLY
4.55,4.55,4.55,4.55,300,2022-04-07 22:32:00,OTLY
4.55,4.55,4.55,4.55,500,2022-04-07 22:33:00,OTLY
4.55,4.55,4.55,4.55,500,2022-04-07 22:34:00,OTLY
4.55,4.55,4.55,4.55,4103,2022-04-07 23:13:00,OTLY
4.58,4.58,4.58,4.58,300,2022-04-07 23:29:00,OTLY
4.58,4.58,4.58,4.58,250,2022-04-07 23:56:00,OTLY
4.6,4.6,4.6,4.6,420,2022-04-07 23:57:00,OTLY
4.64,4.64,4.64,4.64,700,2022-04-08 08:17:00,OTLY
4.57,4.63,4.57,4.63,1790,2022-04-08 11:00:00,OTLY
4.54,4.54,4.54,4.54,998,2022-04-08 11:38:00,OTLY
4.55,4.55,4.55,4.55,200,2022-04-08 11:39:00,OTLY
4.58,4.58,4.58,4.58,100,2022-04-08 12:07:00,OTLY
4.56,4.56,4.56,4.56,146,2022-04-08 12:08:00,OTLY
4.56,4.56,4.55,4.56,1000,2022-04-08 12:09:00,OTLY
4.55,4.55,4.55,4.55,125,2022-04-08 12:17:00,OTLY
4.56,4.56,4.56,4.56,375,2022-04-08 12:20:00,OTLY
4.56,4.56,4.56,4.56,220,2022-04-08 12:21:00,OTLY
4.57,4.57,4.57,4.57,200,2022-04-08 12:22:00,OTLY
4.56,4.56,4.56,4.56,200,2022-04-08 12:26:00,OTLY
4.5381,4.5381,4.5381,4.5381,101,2022-04-08 12:40:00,OTLY
4.54,4.54,4.54,4.54,600,2022-04-08 12:44:00,OTLY
4.52,4.52,4.52,4.52,900,2022-04-08 12:53:00,OTLY
4.52,4.52,4.52,4.52,1042,2022-04-08 12:54:00,OTLY
4.51,4.51,4.5,4.5,1375,2022-04-08 13:02:00,OTLY
4.4999,4.4999,4.4999,4.4999,100,2022-04-08 13:05:00,OTLY
4.49,4.49,4.48,4.48,274,2022-04-08 13:06:00,OTLY
4.5,4.5,4.5,4.5,232,2022-04-08 13:11:00,OTLY
4.5,4.5,4.5,4.5,199,2022-04-08 13:22:00,OTLY
4.5,4.55,4.5,4.55,1405,2022-04-08 13:25:00,OTLY
4.49,4.55,4.49,4.53,400,2022-04-08 13:26:00,OTLY
4.55,4.56,4.5,4.5,554,2022-04-08 13:27:00,OTLY
4.51,4.51,4.47,4.4857,57497,2022-04-08 13:30:00,OTLY
4.5,4.5,4.46,4.49,17296,2022-04-08 13:31:00,OTLY
4.5,4.5,4.46,4.46,19718,2022-04-08 13:32:00,OTLY
4.46,4.46,4.44,4.445,31460,2022-04-08 13:33:00,OTLY
4.445,4.45,4.44,4.44,10899,2022-04-08 13:34:00,OTLY
4.4492,4.45,4.44,4.445,12473,2022-04-08 13:35:00,OTLY
4.4401,4.4688,4.44,4.465,8483,2022-04-08 13:36:00,OTLY
4.47,4.5,4.465,4.47,26054,2022-04-08 13:37:00,OTLY
4.47,4.48,4.44,4.44,11202,2022-04-08 13:38:00,OTLY
4.435,4.445,4.42,4.43,30279,2022-04-08 13:39:00,OTLY
4.435,4.435,4.4,4.4,24294,2022-04-08 13:40:00,OTLY
4.4,4.4,4.37,4.4,72749,2022-04-08 13:41:00,OTLY
4.39,4.39,4.38,4.39,8400,2022-04-08 13:42:00,OTLY
4.39,4.419,4.385,4.4121,9076,2022-04-08 13:43:00,OTLY
4.41,4.4183,4.4,4.4,1750,2022-04-08 13:44:00,OTLY
4.4,4.415,4.39,4.415,35441,2022-04-08 13:45:00,OTLY
4.41,4.435,4.41,4.415,13120,2022-04-08 13:46:00,OTLY
4.415,4.4194,4.4,4.419,14821,2022-04-08 13:47:00,OTLY
4.41,4.4199,4.4,4.4,4727,2022-04-08 13:48:00,OTLY
4.405,4.4099,4.4,4.4099,8518,2022-04-08 13:49:00,OTLY
4.4,4.41,4.39,4.4,56965,2022-04-08 13:50:00,OTLY
4.405,4.4088,4.4,4.4,1616,2022-04-08 13:51:00,OTLY
4.4,4.42,4.3947,4.41,37511,2022-04-08 13:52:00,OTLY
4.41,4.41,4.4012,4.41,9293,2022-04-08 13:53:00,OTLY
4.41,4.4199,4.41,4.4199,2918,2022-04-08 13:54:00,OTLY
4.4127,4.415,4.41,4.41,2784,2022-04-08 13:55:00,OTLY
4.415,4.42,4.41,4.4116,6830,2022-04-08 13:56:00,OTLY
4.4153,4.4153,4.39,4.39,22950,2022-04-08 13:57:00,OTLY
4.395,4.395,4.38,4.38,7954,2022-04-08 13:58:00,OTLY
4.385,4.42,4.38,4.41,99277,2022-04-08 13:59:00,OTLY
4.4154,4.42,4.38,4.385,17648,2022-04-08 14:00:00,OTLY
4.385,4.39,4.37,4.375,14966,2022-04-08 14:01:00,OTLY
4.3711,4.38,4.37,4.3739,10349,2022-04-08 14:02:00,OTLY
4.375,4.38,4.37,4.375,6200,2022-04-08 14:03:00,OTLY
4.37,4.375,4.37,4.37,4009,2022-04-08 14:04:00,OTLY
4.375,4.38,4.36,4.365,38471,2022-04-08 14:05:00,OTLY
4.37,4.37,4.36,4.365,28585,2022-04-08 14:06:00,OTLY
4.36,4.368,4.35,4.35,11618,2022-04-08 14:07:00,OTLY
4.3595,4.365,4.35,4.365,19270,2022-04-08 14:08:00,OTLY
4.37,4.39,4.365,4.39,20268,2022-04-08 14:09:00,OTLY
4.39,4.395,4.37,4.3799,23350,2022-04-08 14:10:00,OTLY
4.375,4.3799,4.3638,4.365,10185,2022-04-08 14:11:00,OTLY
4.3688,4.385,4.365,4.385,17045,2022-04-08 14:12:00,OTLY
4.38,4.39,4.38,4.38,1579,2022-04-08 14:13:00,OTLY
4.38,4.39,4.375,4.38,17843,2022-04-08 14:14:00,OTLY
4.3801,4.3801,4.375,4.3795,3198,2022-04-08 14:15:00,OTLY
4.38,4.38,4.375,4.375,3800,2022-04-08 14:16:00,OTLY
4.37,4.38,4.37,4.375,2507,2022-04-08 14:17:00,OTLY
4.37,4.38,4.37,4.375,6850,2022-04-08 14:18:00,OTLY
4.375,4.39,4.375,4.39,13820,2022-04-08 14:19:00,OTLY
4.395,4.4,4.39,4.395,8747,2022-04-08 14:20:00,OTLY
4.405,4.405,4.4,4.4,500,2022-04-08 14:21:00,OTLY
4.41,4.4275,4.405,4.4275,13160,2022-04-08 14:22:00,OTLY
4.4201,4.425,4.42,4.42,1950,2022-04-08 14:23:00,OTLY
4.43,4.4399,4.425,4.435,42955,2022-04-08 14:24:00,OTLY
4.43,4.44,4.425,4.43,24388,2022-04-08 14:25:00,OTLY
4.435,4.44,4.43,4.4391,6392,2022-04-08 14:26:00,OTLY
4.44,4.455,4.435,4.455,9774,2022-04-08 14:27:00,OTLY
4.45,4.4894,4.45,4.485,59750,2022-04-08 14:28:00,OTLY
4.48,4.485,4.4725,4.475,3834,2022-04-08 14:29:00,OTLY
4.4758,4.4758,4.475,4.475,1050,2022-04-08 14:30:00,OTLY
4.47,4.48,4.47,4.47,2475,2022-04-08 14:31:00,OTLY
4.4611,4.4689,4.46,4.46,543,2022-04-08 14:32:00,OTLY
4.465,4.469,4.465,4.469,552,2022-04-08 14:33:00,OTLY
4.47,4.4783,4.465,4.4708,6493,2022-04-08 14:34:00,OTLY
4.475,4.48,4.475,4.475,8920,2022-04-08 14:35:00,OTLY
4.48,4.49,4.475,4.485,7818,2022-04-08 14:36:00,OTLY
4.48,4.485,4.48,4.485,610,2022-04-08 14:37:00,OTLY
4.49,4.49,4.481,4.485,2120,2022-04-08 14:38:00,OTLY
4.4801,4.495,4.4801,4.495,8140,2022-04-08 14:39:00,OTLY
4.495,4.5,4.4944,4.4999,13580,2022-04-08 14:40:00,OTLY
4.495,4.495,4.48,4.48,5020,2022-04-08 14:41:00,OTLY
4.48,4.48,4.475,4.475,2682,2022-04-08 14:42:00,OTLY
4.47,4.475,4.47,4.47,1500,2022-04-08 14:43:00,OTLY
4.47,4.47,4.46,4.465,5410,2022-04-08 14:44:00,OTLY
4.465,4.4652,4.45,4.45,3513,2022-04-08 14:45:00,OTLY
4.4598,4.46,4.45,4.45,8377,2022-04-08 14:46:00,OTLY
4.455,4.46,4.4501,4.455,12107,2022-04-08 14:47:00,OTLY
4.455,4.4599,4.455,4.4599,500,2022-04-08 14:48:00,OTLY
4.45,4.45,4.445,4.445,6990,2022-04-08 14:49:00,OTLY
4.44,4.45,4.44,4.45,2794,2022-04-08 14:50:00,OTLY
4.445,4.465,4.445,4.46,19272,2022-04-08 14:51:00,OTLY
4.465,4.475,4.465,4.475,12452,2022-04-08 14:52:00,OTLY
4.47,4.4966,4.47,4.495,13836,2022-04-08 14:53:00,OTLY
4.49,4.505,4.49,4.495,11125,2022-04-08 14:54:00,OTLY
4.495,4.5,4.49,4.49,1926,2022-04-08 14:55:00,OTLY
4.495,4.5,4.49,4.49,11125,2022-04-08 14:56:00,OTLY
4.4999,4.5,4.49,4.495,13040,2022-04-08 14:57:00,OTLY
4.49,4.5,4.49,4.495,12704,2022-04-08 14:58:00,OTLY
4.5,4.51,4.495,4.505,4251,2022-04-08 14:59:00,OTLY
4.505,4.51,4.5,4.505,1335,2022-04-08 15:00:00,OTLY
4.505,4.51,4.5,4.51,3100,2022-04-08 15:01:00,OTLY
4.51,4.52,4.505,4.515,4975,2022-04-08 15:02:00,OTLY
4.515,4.52,4.51,4.515,2100,2022-04-08 15:03:00,OTLY
4.5101,4.5101,4.505,4.51,13532,2022-04-08 15:04:00,OTLY
4.515,4.52,4.505,4.505,10398,2022-04-08 15:05:00,OTLY
4.51,4.51,4.5,4.505,20452,2022-04-08 15:06:00,OTLY
4.505,4.5099,4.495,4.495,5691,2022-04-08 15:07:00,OTLY
4.495,4.505,4.494,4.5,4846,2022-04-08 15:08:00,OTLY
4.505,4.505,4.5019,4.5019,1475,2022-04-08 15:09:00,OTLY
4.505,4.505,4.5,4.505,2500,2022-04-08 15:10:00,OTLY
4.5,4.535,4.5,4.525,33496,2022-04-08 15:11:00,OTLY
4.525,4.5256,4.52,4.525,1995,2022-04-08 15:12:00,OTLY
4.525,4.53,4.525,4.525,2300,2022-04-08 15:13:00,OTLY
4.52,4.5257,4.52,4.5257,600,2022-04-08 15:14:00,OTLY
4.52,4.52,4.505,4.515,12755,2022-04-08 15:15:00,OTLY
4.515,4.5199,4.51,4.51,3000,2022-04-08 15:16:00,OTLY
4.51,4.51,4.5,4.505,8923,2022-04-08 15:17:00,OTLY
4.505,4.51,4.505,4.505,1400,2022-04-08 15:18:00,OTLY
4.5,4.5,4.5,4.5,3846,2022-04-08 15:19:00,OTLY
4.49,4.5,4.49,4.49,16782,2022-04-08 15:20:00,OTLY
4.495,4.495,4.485,4.495,4169,2022-04-08 15:21:00,OTLY
4.495,4.495,4.49,4.49,2502,2022-04-08 15:22:00,OTLY
4.485,4.485,4.47,4.47,10068,2022-04-08 15:23:00,OTLY
4.475,4.48,4.4701,4.475,2700,2022-04-08 15:24:00,OTLY
4.475,4.495,4.475,4.495,4908,2022-04-08 15:25:00,OTLY
4.495,4.495,4.49,4.4908,800,2022-04-08 15:26:00,OTLY
4.49,4.495,4.49,4.495,4665,2022-04-08 15:27:00,OTLY
4.49,4.5,4.49,4.495,4921,2022-04-08 15:28:00,OTLY
4.505,4.52,4.5,4.515,10747,2022-04-08 15:29:00,OTLY
4.515,4.525,4.515,4.52,4332,2022-04-08 15:30:00,OTLY
4.525,4.5288,4.52,4.5288,1884,2022-04-08 15:31:00,OTLY
4.525,4.53,4.5201,4.53,5256,2022-04-08 15:32:00,OTLY
4.525,4.5289,4.5212,4.525,500,2022-04-08 15:33:00,OTLY
4.525,4.525,4.52,4.525,1800,2022-04-08 15:34:00,OTLY
4.5208,4.525,4.5208,4.525,2300,2022-04-08 15:35:00,OTLY
4.52,4.52,4.51,4.515,7178,2022-04-08 15:36:00,OTLY
4.51,4.51,4.505,4.505,2612,2022-04-08 15:37:00,OTLY
4.51,4.51,4.505,4.5099,3800,2022-04-08 15:38:00,OTLY
4.5,4.515,4.5,4.5112,11048,2022-04-08 15:39:00,OTLY
4.515,4.5199,4.51,4.51,2022,2022-04-08 15:40:00,OTLY
4.515,4.515,4.51,4.51,200,2022-04-08 15:41:00,OTLY
4.515,4.515,4.515,4.515,700,2022-04-08 15:42:00,OTLY
4.5111,4.53,4.5111,4.53,6250,2022-04-08 15:43:00,OTLY
4.525,4.54,4.525,4.535,4656,2022-04-08 15:44:00,OTLY
4.53,4.535,4.525,4.525,5301,2022-04-08 15:45:00,OTLY
4.525,4.525,4.52,4.525,1100,2022-04-08 15:46:00,OTLY
4.525,4.535,4.52,4.525,8941,2022-04-08 15:47:00,OTLY
4.5264,4.53,4.52,4.52,4078,2022-04-08 15:48:00,OTLY
4.525,4.5288,4.515,4.515,4206,2022-04-08 15:49:00,OTLY
4.515,4.515,4.515,4.515,100,2022-04-08 15:50:00,OTLY
4.515,4.515,4.5112,4.5112,600,2022-04-08 15:51:00,OTLY
4.515,4.515,4.51,4.51,4010,2022-04-08 15:52:00,OTLY
4.51,4.52,4.505,4.5167,9673,2022-04-08 15:53:00,OTLY
4.51,4.51,4.51,4.51,950,2022-04-08 15:54:00,OTLY
4.51,4.515,4.505,4.505,8781,2022-04-08 15:55:00,OTLY
4.51,4.52,4.505,4.52,7850,2022-04-08 15:56:00,OTLY
4.51,4.515,4.51,4.515,6455,2022-04-08 15:57:00,OTLY
4.515,4.515,4.515,4.515,300,2022-04-08 15:58:00,OTLY
4.5109,4.515,4.5109,4.515,1871,2022-04-08 15:59:00,OTLY
4.51,4.515,4.5,4.5,29822,2022-04-08 16:00:00,OTLY
4.505,4.505,4.495,4.495,9892,2022-04-08 16:01:00,OTLY
4.495,4.5,4.49,4.495,14143,2022-04-08 16:02:00,OTLY
4.5,4.5,4.49,4.495,3060,2022-04-08 16:03:00,OTLY
4.5,4.5,4.495,4.495,5172,2022-04-08 16:04:00,OTLY
4.495,4.495,4.495,4.495,300,2022-04-08 16:05:00,OTLY
4.495,4.495,4.495,4.495,100,2022-04-08 16:06:00,OTLY
4.495,4.495,4.495,4.495,200,2022-04-08 16:07:00,OTLY
4.49,4.5,4.485,4.495,5592,2022-04-08 16:08:00,OTLY
4.4988,4.5,4.495,4.4968,1144,2022-04-08 16:09:00,OTLY
4.495,4.495,4.4836,4.485,5210,2022-04-08 16:10:00,OTLY
4.485,4.5,4.485,4.495,23405,2022-04-08 16:11:00,OTLY
4.49,4.49,4.49,4.49,157,2022-04-08 16:12:00,OTLY
4.495,4.495,4.49,4.49,683,2022-04-08 16:13:00,OTLY
4.5,4.5,4.495,4.495,1900,2022-04-08 16:14:00,OTLY
4.5,4.5,4.495,4.495,6807,2022-04-08 16:15:00,OTLY
4.495,4.5,4.49,4.495,7100,2022-04-08 16:16:00,OTLY
4.495,4.505,4.495,4.5,5439,2022-04-08 16:17:00,OTLY
4.5,4.505,4.49,4.4995,4200,2022-04-08 16:18:00,OTLY
4.495,4.5,4.495,4.495,2412,2022-04-08 16:19:00,OTLY
4.495,4.5,4.495,4.495,1073,2022-04-08 16:20:00,OTLY
4.495,4.515,4.495,4.51,18326,2022-04-08 16:21:00,OTLY
4.51,4.5199,4.51,4.5199,2238,2022-04-08 16:22:00,OTLY
4.515,4.518,4.505,4.505,5994,2022-04-08 16:23:00,OTLY
4.505,4.51,4.505,4.505,3723,2022-04-08 16:24:00,OTLY
4.515,4.515,4.51,4.515,1104,2022-04-08 16:25:00,OTLY
4.515,4.52,4.515,4.5175,2000,2022-04-08 16:26:00,OTLY
4.515,4.515,4.51,4.51,3300,2022-04-08 16:27:00,OTLY
4.52,4.52,4.51,4.5199,811,2022-04-08 16:28:00,OTLY
4.515,4.515,4.51,4.515,6066,2022-04-08 16:29:00,OTLY
4.511,4.52,4.51,4.5136,2200,2022-04-08 16:30:00,OTLY
4.52,4.52,4.51,4.51,2500,2022-04-08 16:32:00,OTLY
4.51,4.5199,4.51,4.51,2576,2022-04-08 16:33:00,OTLY
4.51,4.515,4.505,4.515,8051,2022-04-08 16:34:00,OTLY
4.515,4.515,4.513,4.513,300,2022-04-08 16:35:00,OTLY
4.515,4.5152,4.515,4.5152,476,2022-04-08 16:36:00,OTLY
4.515,4.5199,4.515,4.515,1100,2022-04-08 16:37:00,OTLY
4.515,4.52,4.515,4.515,8470,2022-04-08 16:38:00,OTLY
4.515,4.53,4.515,4.53,12427,2022-04-08 16:39:00,OTLY
4.535,4.5393,4.535,4.5391,1139,2022-04-08 16:40:00,OTLY
4.5348,4.5389,4.5309,4.5389,911,2022-04-08 16:41:00,OTLY
4.535,4.539,4.53,4.535,3501,2022-04-08 16:42:00,OTLY
4.53,4.535,4.51,4.525,47613,2022-04-08 16:43:00,OTLY
4.525,4.525,4.52,4.52,2940,2022-04-08 16:44:00,OTLY
4.52,4.52,4.5,4.5,39372,2022-04-08 16:45:00,OTLY
4.51,4.51,4.495,4.495,15612,2022-04-08 16:46:00,OTLY
4.495,4.495,4.49,4.49,599,2022-04-08 16:47:00,OTLY
4.49,4.49,4.49,4.49,323,2022-04-08 16:48:00,OTLY
4.49,4.495,4.485,4.485,9864,2022-04-08 16:49:00,OTLY
4.495,4.5,4.49,4.49,13064,2022-04-08 16:50:00,OTLY
4.495,4.4999,4.495,4.4995,5081,2022-04-08 16:51:00,OTLY
4.496,4.496,4.495,4.495,3640,2022-04-08 16:52:00,OTLY
4.495,4.5,4.49,4.495,16374,2022-04-08 16:53:00,OTLY
4.49,4.495,4.49,4.495,1022,2022-04-08 16:54:00,OTLY
4.495,4.495,4.495,4.495,400,2022-04-08 16:55:00,OTLY
4.49,4.495,4.485,4.485,16208,2022-04-08 16:56:00,OTLY
4.485,4.495,4.485,4.495,2214,2022-04-08 16:57:00,OTLY
4.495,4.498,4.49,4.49,2300,2022-04-08 16:58:00,OTLY
4.5,4.5,4.49,4.49,4125,2022-04-08 16:59:00,OTLY
4.495,4.495,4.485,4.485,5134,2022-04-08 17:00:00,OTLY
4.485,4.485,4.48,4.48,1227,2022-04-08 17:01:00,OTLY
4.48,4.485,4.48,4.48,1300,2022-04-08 17:02:00,OTLY
4.4865,4.4865,4.485,4.485,300,2022-04-08 17:03:00,OTLY
4.485,4.485,4.485,4.485,1927,2022-04-08 17:04:00,OTLY
4.485,4.49,4.48,4.482,3188,2022-04-08 17:05:00,OTLY
4.485,4.485,4.485,4.485,682,2022-04-08 17:06:00,OTLY
4.485,4.485,4.485,4.485,617,2022-04-08 17:07:00,OTLY
4.485,4.485,4.48,4.48,1300,2022-04-08 17:08:00,OTLY
4.485,4.485,4.4827,4.4827,550,2022-04-08 17:09:00,OTLY
4.485,4.485,4.485,4.485,600,2022-04-08 17:10:00,OTLY
4.485,4.485,4.475,4.48,3334,2022-04-08 17:11:00,OTLY
4.475,4.48,4.475,4.475,7105,2022-04-08 17:12:00,OTLY
4.475,4.48,4.475,4.475,7472,2022-04-08 17:13:00,OTLY
4.48,4.48,4.47,4.479,5534,2022-04-08 17:14:00,OTLY
4.47,4.475,4.47,4.475,1400,2022-04-08 17:15:00,OTLY
4.475,4.475,4.475,4.475,400,2022-04-08 17:16:00,OTLY
4.48,4.48,4.475,4.475,1510,2022-04-08 17:17:00,OTLY
4.475,4.475,4.4709,4.475,1202,2022-04-08 17:18:00,OTLY
4.47,4.475,4.47,4.475,700,2022-04-08 17:20:00,OTLY
4.475,4.475,4.475,4.475,1500,2022-04-08 17:21:00,OTLY
4.4788,4.4788,4.475,4.475,400,2022-04-08 17:22:00,OTLY
4.47,4.48,4.47,4.475,2040,2022-04-08 17:23:00,OTLY
4.475,4.48,4.47,4.48,10857,2022-04-08 17:24:00,OTLY
4.475,4.475,4.475,4.475,580,2022-04-08 17:25:00,OTLY
4.48,4.48,4.47,4.4716,37583,2022-04-08 17:26:00,OTLY
4.47,4.475,4.465,4.465,5763,2022-04-08 17:27:00,OTLY
4.465,4.465,4.465,4.465,2040,2022-04-08 17:28:00,OTLY
4.465,4.465,4.465,4.465,1240,2022-04-08 17:29:00,OTLY
4.465,4.465,4.465,4.465,1378,2022-04-08 17:30:00,OTLY
4.4609,4.465,4.4609,4.465,1880,2022-04-08 17:31:00,OTLY
4.465,4.465,4.465,4.465,708,2022-04-08 17:32:00,OTLY
4.465,4.465,4.465,4.465,400,2022-04-08 17:33:00,OTLY
4.4697,4.4697,4.46,4.46,466,2022-04-08 17:34:00,OTLY
4.46,4.46,4.45,4.455,11089,2022-04-08 17:35:00,OTLY
4.455,4.456,4.455,4.456,1825,2022-04-08 17:36:00,OTLY
4.45,4.458,4.45,4.45,1580,2022-04-08 17:37:00,OTLY
4.455,4.46,4.4504,4.4504,9747,2022-04-08 17:38:00,OTLY
4.455,4.455,4.455,4.455,900,2022-04-08 17:39:00,OTLY
4.455,4.4599,4.45,4.455,1775,2022-04-08 17:40:00,OTLY
4.455,4.455,4.455,4.455,2000,2022-04-08 17:41:00,OTLY
4.45,4.455,4.445,4.445,11319,2022-04-08 17:42:00,OTLY
4.44,4.445,4.44,4.445,400,2022-04-08 17:43:00,OTLY
4.4401,4.446,4.4401,4.446,1200,2022-04-08 17:44:00,OTLY
4.45,4.45,4.445,4.445,4185,2022-04-08 17:45:00,OTLY
4.445,4.445,4.44,4.44,2928,2022-04-08 17:46:00,OTLY
4.44,4.45,4.44,4.445,2300,2022-04-08 17:47:00,OTLY
4.445,4.445,4.445,4.445,900,2022-04-08 17:48:00,OTLY
4.445,4.445,4.445,4.445,1210,2022-04-08 17:49:00,OTLY
4.445,4.445,4.445,4.445,300,2022-04-08 17:50:00,OTLY
4.445,4.45,4.445,4.45,13466,2022-04-08 17:51:00,OTLY
4.45,4.45,4.44,4.445,16165,2022-04-08 17:52:00,OTLY
4.445,4.46,4.445,4.46,3250,2022-04-08 17:53:00,OTLY
4.455,4.455,4.455,4.455,700,2022-04-08 17:54:00,OTLY
4.455,4.455,4.455,4.455,400,2022-04-08 17:55:00,OTLY
4.455,4.455,4.4513,4.455,10300,2022-04-08 17:56:00,OTLY
4.455,4.46,4.455,4.455,2920,2022-04-08 17:57:00,OTLY
4.455,4.4562,4.455,4.4562,1500,2022-04-08 17:58:00,OTLY
4.458,4.46,4.4509,4.455,2500,2022-04-08 17:59:00,OTLY
4.455,4.455,4.455,4.455,700,2022-04-08 18:00:00,OTLY
4.455,4.46,4.455,4.455,1000,2022-04-08 18:01:00,OTLY
4.4599,4.46,4.455,4.455,11300,2022-04-08 18:02:00,OTLY
4.46,4.46,4.4542,4.455,1400,2022-04-08 18:03:00,OTLY
4.455,4.455,4.445,4.445,9677,2022-04-08 18:04:00,OTLY
4.44,4.45,4.44,4.445,3600,2022-04-08 18:05:00,OTLY
4.45,4.455,4.45,4.45,850,2022-04-08 18:06:00,OTLY
4.45,4.45,4.445,4.445,4190,2022-04-08 18:07:00,OTLY
4.445,4.445,4.44,4.44,300,2022-04-08 18:08:00,OTLY
4.445,4.45,4.445,4.45,5635,2022-04-08 18:09:00,OTLY
4.455,4.455,4.445,4.445,6166,2022-04-08 18:10:00,OTLY
4.445,4.45,4.445,4.445,1100,2022-04-08 18:11:00,OTLY
4.445,4.455,4.445,4.455,4100,2022-04-08 18:12:00,OTLY
4.455,4.46,4.455,4.46,6970,2022-04-08 18:13:00,OTLY
4.47,4.49,4.47,4.485,11499,2022-04-08 18:14:00,OTLY
4.485,4.49,4.4809,4.4809,6928,2022-04-08 18:15:00,OTLY
4.485,4.485,4.475,4.475,6014,2022-04-08 18:16:00,OTLY
4.475,4.475,4.47,4.47,8891,2022-04-08 18:17:00,OTLY
4.4708,4.475,4.465,4.465,5865,2022-04-08 18:18:00,OTLY
4.47,4.47,4.4617,4.465,5800,2022-04-08 18:19:00,OTLY
4.47,4.475,4.465,4.47,6596,2022-04-08 18:20:00,OTLY
4.47,4.475,4.47,4.475,2900,2022-04-08 18:21:00,OTLY
4.475,4.4788,4.475,4.4788,2713,2022-04-08 18:22:00,OTLY
4.475,4.48,4.47,4.475,2937,2022-04-08 18:23:00,OTLY
4.47,4.48,4.47,4.475,3000,2022-04-08 18:24:00,OTLY
4.475,4.475,4.47,4.475,6503,2022-04-08 18:25:00,OTLY
4.475,4.475,4.465,4.465,10304,2022-04-08 18:26:00,OTLY
4.47,4.47,4.465,4.465,700,2022-04-08 18:27:00,OTLY
4.46,4.465,4.46,4.4616,2212,2022-04-08 18:28:00,OTLY
4.46,4.485,4.46,4.475,27477,2022-04-08 18:29:00,OTLY
4.475,4.475,4.47,4.47,3029,2022-04-08 18:30:00,OTLY
4.47,4.47,4.47,4.47,6784,2022-04-08 18:31:00,OTLY
4.47,4.475,4.47,4.475,6321,2022-04-08 18:32:00,OTLY
4.475,4.475,4.475,4.475,2400,2022-04-08 18:33:00,OTLY
4.475,4.48,4.47,4.475,6896,2022-04-08 18:34:00,OTLY
4.475,4.48,4.475,4.475,2000,2022-04-08 18:35:00,OTLY
4.475,4.495,4.475,4.49,16037,2022-04-08 18:36:00,OTLY
4.485,4.49,4.485,4.488,1500,2022-04-08 18:37:00,OTLY
4.485,4.49,4.485,4.485,2200,2022-04-08 18:38:00,OTLY
4.485,4.5,4.48,4.495,16509,2022-04-08 18:39:00,OTLY
4.495,4.5,4.495,4.495,5848,2022-04-08 18:40:00,OTLY
4.495,4.5,4.49,4.495,6200,2022-04-08 18:41:00,OTLY
4.495,4.5,4.495,4.495,5400,2022-04-08 18:42:00,OTLY
4.495,4.5,4.495,4.495,3900,2022-04-08 18:43:00,OTLY
4.495,4.5,4.495,4.495,2400,2022-04-08 18:44:00,OTLY
4.495,4.5,4.485,4.485,45965,2022-04-08 18:45:00,OTLY
4.485,4.49,4.485,4.485,2810,2022-04-08 18:46:00,OTLY
4.485,4.495,4.485,4.49,19408,2022-04-08 18:47:00,OTLY
4.485,4.5,4.485,4.49,6090,2022-04-08 18:48:00,OTLY
4.495,4.495,4.485,4.49,3427,2022-04-08 18:49:00,OTLY
4.485,4.495,4.485,4.495,8182,2022-04-08 18:50:00,OTLY
4.49,4.49,4.485,4.49,6220,2022-04-08 18:51:00,OTLY
4.49,4.495,4.49,4.49,5538,2022-04-08 18:52:00,OTLY
4.49,4.495,4.49,4.495,8225,2022-04-08 18:53:00,OTLY
4.495,4.5,4.495,4.495,2454,2022-04-08 18:54:00,OTLY
4.4997,4.5,4.495,4.495,12000,2022-04-08 18:55:00,OTLY
4.495,4.5,4.495,4.5,2900,2022-04-08 18:56:00,OTLY
4.492,4.5,4.492,4.495,1700,2022-04-08 18:57:00,OTLY
4.495,4.5,4.49,4.495,16524,2022-04-08 18:58:00,OTLY
4.5,4.5,4.495,4.495,7346,2022-04-08 18:59:00,OTLY
4.49,4.495,4.485,4.485,12667,2022-04-08 19:00:00,OTLY
4.485,4.49,4.485,4.488,2960,2022-04-08 19:01:00,OTLY
4.485,4.49,4.485,4.49,3864,2022-04-08 19:02:00,OTLY
4.49,4.5,4.49,4.495,8268,2022-04-08 19:03:00,OTLY
4.495,4.5,4.49,4.495,5568,2022-04-08 19:04:00,OTLY
4.5,4.5,4.49,4.495,2341,2022-04-08 19:05:00,OTLY
4.495,4.5,4.49,4.495,8130,2022-04-08 19:06:00,OTLY
4.49,4.495,4.48,4.485,9014,2022-04-08 19:07:00,OTLY
4.485,4.485,4.47,4.475,18998,2022-04-08 19:09:00,OTLY
4.475,4.476,4.475,4.475,1200,2022-04-08 19:10:00,OTLY
4.475,4.475,4.47,4.475,6454,2022-04-08 19:11:00,OTLY
4.475,4.485,4.475,4.48,6737,2022-04-08 19:12:00,OTLY
4.485,4.49,4.485,4.485,1000,2022-04-08 19:13:00,OTLY
4.49,4.495,4.481,4.481,8683,2022-04-08 19:14:00,OTLY
4.485,4.485,4.485,4.485,1711,2022-04-08 19:15:00,OTLY
4.485,4.485,4.485,4.485,1100,2022-04-08 19:16:00,OTLY
4.485,4.485,4.48,4.485,3544,2022-04-08 19:17:00,OTLY
4.485,4.487,4.485,4.485,2468,2022-04-08 19:18:00,OTLY
4.485,4.485,4.475,4.475,14184,2022-04-08 19:19:00,OTLY
4.475,4.475,4.4749,4.475,1267,2022-04-08 19:20:00,OTLY
4.47,4.48,4.47,4.475,9460,2022-04-08 19:21:00,OTLY
4.47,4.48,4.47,4.475,5351,2022-04-08 19:22:00,OTLY
4.47,4.47,4.46,4.465,6130,2022-04-08 19:23:00,OTLY
4.465,4.47,4.465,4.47,2900,2022-04-08 19:24:00,OTLY
4.465,4.465,4.465,4.465,900,2022-04-08 19:25:00,OTLY
4.46,4.465,4.46,4.465,1000,2022-04-08 19:26:00,OTLY
4.4699,4.4699,4.455,4.455,16066,2022-04-08 19:27:00,OTLY
4.455,4.455,4.455,4.455,1500,2022-04-08 19:28:00,OTLY
4.455,4.46,4.455,4.455,4242,2022-04-08 19:29:00,OTLY
4.455,4.455,4.455,4.455,3000,2022-04-08 19:30:00,OTLY
4.455,4.46,4.455,4.455,5425,2022-04-08 19:31:00,OTLY
4.455,4.4585,4.455,4.455,5600,2022-04-08 19:32:00,OTLY
4.455,4.46,4.45,4.455,5717,2022-04-08 19:33:00,OTLY
4.455,4.46,4.45,4.45,8254,2022-04-08 19:34:00,OTLY
4.455,4.46,4.44,4.445,17230,2022-04-08 19:35:00,OTLY
4.445,4.455,4.445,4.45,13874,2022-04-08 19:36:00,OTLY
4.455,4.455,4.44,4.45,13105,2022-04-08 19:37:00,OTLY
4.45,4.455,4.445,4.455,8566,2022-04-08 19:38:00,OTLY
4.455,4.4589,4.44,4.445,17727,2022-04-08 19:39:00,OTLY
4.445,4.4499,4.44,4.44,4400,2022-04-08 19:40:00,OTLY
4.44,4.45,4.44,4.445,5804,2022-04-08 19:41:00,OTLY
4.445,4.455,4.445,4.455,16769,2022-04-08 19:42:00,OTLY
4.455,4.465,4.455,4.4616,16916,2022-04-08 19:43:00,OTLY
4.465,4.47,4.46,4.465,16373,2022-04-08 19:44:00,OTLY
4.465,4.47,4.46,4.465,10381,2022-04-08 19:45:00,OTLY
4.465,4.47,4.46,4.47,9921,2022-04-08 19:46:00,OTLY
4.465,4.47,4.46,4.46,12000,2022-04-08 19:47:00,OTLY
4.465,4.465,4.46,4.465,11760,2022-04-08 19:48:00,OTLY
4.465,4.465,4.4401,4.445,56613,2022-04-08 19:49:00,OTLY
4.45,4.45,4.435,4.435,34161,2022-04-08 19:50:00,OTLY
4.435,4.44,4.43,4.435,10215,2022-04-08 19:51:00,OTLY
4.435,4.45,4.435,4.445,41557,2022-04-08 19:52:00,OTLY
4.445,4.46,4.445,4.455,30861,2022-04-08 19:53:00,OTLY
4.455,4.455,4.44,4.445,39878,2022-04-08 19:54:00,OTLY
4.445,4.45,4.44,4.445,33320,2022-04-08 19:55:00,OTLY
4.445,4.4499,4.44,4.445,23341,2022-04-08 19:56:00,OTLY
4.445,4.45,4.44,4.4425,39167,2022-04-08 19:57:00,OTLY
4.445,4.46,4.445,4.46,43457,2022-04-08 19:58:00,OTLY
4.455,4.46,4.44,4.44,91121,2022-04-08 19:59:00,OTLY
4.45,4.46,4.45,4.46,130347,2022-04-08 20:00:00,OTLY
4.45,4.45,4.45,4.45,300,2022-04-08 20:03:00,OTLY
4.45,4.45,4.4252,4.4252,220,2022-04-08 20:09:00,OTLY
4.4499,4.4499,4.4499,4.4499,100,2022-04-08 20:20:00,OTLY
4.44,4.44,4.44,4.44,1000,2022-04-08 20:22:00,OTLY
4.45,4.45,4.45,4.45,100,2022-04-08 20:31:00,OTLY
4.4229,4.4229,4.4229,4.4229,180,2022-04-08 20:32:00,OTLY
4.4988,4.4988,4.4988,4.4988,100,2022-04-08 21:14:00,OTLY
4.44,4.44,4.44,4.44,101,2022-04-08 21:26:00,OTLY
4.47,4.47,4.47,4.47,493,2022-04-08 23:59:00,OTLY
4.4,4.4,4.4,4.4,157,2022-04-11 09:48:00,OTLY
4.4,4.4,4.4,4.4,151,2022-04-11 10:16:00,OTLY
4.44,4.44,4.44,4.44,100,2022-04-11 11:00:00,OTLY
4.43,4.43,4.43,4.43,100,2022-04-11 12:28:00,OTLY
4.44,4.44,4.44,4.44,100,2022-04-11 12:37:00,OTLY
4.43,4.43,4.43,4.43,100,2022-04-11 12:41:00,OTLY
4.43,4.43,4.43,4.43,336,2022-04-11 12:44:00,OTLY
4.42,4.42,4.42,4.42,100,2022-04-11 12:52:00,OTLY
4.42,4.42,4.4,4.4,400,2022-04-11 13:00:00,OTLY
4.41,4.41,4.41,4.41,100,2022-04-11 13:05:00,OTLY
4.4,4.4,4.4,4.4,300,2022-04-11 13:18:00,OTLY
4.4,4.4,4.4,4.4,100,2022-04-11 13:25:00,OTLY
4.43,4.44,4.4,4.41,34467,2022-04-11 13:30:00,OTLY
4.4075,4.41,4.375,4.3799,10721,2022-04-11 13:31:00,OTLY
4.37,4.37,4.34,4.3641,45613,2022-04-11 13:32:00,OTLY
4.3531,4.365,4.35,4.35,17258,2022-04-11 13:33:00,OTLY
4.35,4.36,4.34,4.35,20200,2022-04-11 13:34:00,OTLY
4.35,4.355,4.34,4.355,7796,2022-04-11 13:35:00,OTLY
4.355,4.355,4.34,4.345,17159,2022-04-11 13:36:00,OTLY
4.35,4.365,4.35,4.365,7400,2022-04-11 13:37:00,OTLY
4.365,4.3755,4.36,4.37,12161,2022-04-11 13:38:00,OTLY
4.365,4.37,4.36,4.37,3155,2022-04-11 13:39:00,OTLY
4.3688,4.37,4.355,4.355,14645,2022-04-11 13:40:00,OTLY
4.3699,4.38,4.36,4.37,19771,2022-04-11 13:41:00,OTLY
4.375,4.375,4.36,4.365,13250,2022-04-11 13:42:00,OTLY
4.365,4.365,4.34,4.345,23651,2022-04-11 13:43:00,OTLY
4.345,4.38,4.345,4.38,17684,2022-04-11 13:44:00,OTLY
4.375,4.375,4.365,4.365,10558,2022-04-11 13:45:00,OTLY
4.365,4.38,4.365,4.37,2816,2022-04-11 13:46:00,OTLY
4.37,4.38,4.365,4.38,13342,2022-04-11 13:47:00,OTLY
4.385,4.385,4.3834,4.385,2300,2022-04-11 13:48:00,OTLY
4.38,4.38,4.37,4.38,8831,2022-04-11 13:49:00,OTLY
4.385,4.385,4.375,4.38,3649,2022-04-11 13:50:00,OTLY
4.37,4.37,4.35,4.35,10610,2022-04-11 13:51:00,OTLY
4.35,4.3892,4.35,4.3892,16135,2022-04-11 13:52:00,OTLY
4.385,4.395,4.385,4.395,5850,2022-04-11 13:53:00,OTLY
4.395,4.3966,4.38,4.385,17801,2022-04-11 13:54:00,OTLY
4.385,4.4,4.385,4.385,9413,2022-04-11 13:55:00,OTLY
4.385,4.409,4.385,4.409,8466,2022-04-11 13:56:00,OTLY
4.4098,4.41,4.4,4.4,5864,2022-04-11 13:57:00,OTLY
4.405,4.405,4.39,4.405,14044,2022-04-11 13:58:00,OTLY
4.4,4.4,4.394,4.3999,3709,2022-04-11 13:59:00,OTLY
4.4,4.4,4.39,4.395,10751,2022-04-11 14:00:00,OTLY
4.4,4.44,4.4,4.44,14503,2022-04-11 14:01:00,OTLY
4.44,4.44,4.43,4.43,8125,2022-04-11 14:02:00,OTLY
4.435,4.435,4.415,4.42,18306,2022-04-11 14:03:00,OTLY
4.42,4.42,4.41,4.41,5441,2022-04-11 14:04:00,OTLY
4.41,4.4191,4.4,4.4191,9890,2022-04-11 14:05:00,OTLY
4.42,4.435,4.42,4.435,13421,2022-04-11 14:06:00,OTLY
4.435,4.435,4.43,4.43,1600,2022-04-11 14:07:00,OTLY
4.4348,4.435,4.415,4.425,14090,2022-04-11 14:08:00,OTLY
4.435,4.435,4.425,4.425,4713,2022-04-11 14:09:00,OTLY
4.425,4.43,4.41,4.41,10065,2022-04-11 14:10:00,OTLY
4.415,4.4199,4.4,4.4199,12915,2022-04-11 14:11:00,OTLY
4.42,4.42,4.4012,4.4012,4600,2022-04-11 14:12:00,OTLY
4.4,4.4042,4.395,4.395,3298,2022-04-11 14:13:00,OTLY
4.395,4.395,4.395,4.395,400,2022-04-11 14:14:00,OTLY
4.395,4.395,4.395,4.395,1950,2022-04-11 14:15:00,OTLY
4.39,4.395,4.39,4.395,1300,2022-04-11 14:16:00,OTLY
4.4,4.4,4.385,4.385,4372,2022-04-11 14:17:00,OTLY
4.39,4.39,4.37,4.37,7550,2022-04-11 14:18:00,OTLY
4.38,4.38,4.365,4.37,8233,2022-04-11 14:19:00,OTLY
4.375,4.38,4.37,4.375,3620,2022-04-11 14:20:00,OTLY
4.38,4.385,4.375,4.385,12391,2022-04-11 14:21:00,OTLY
4.385,4.3888,4.38,4.385,19400,2022-04-11 14:22:00,OTLY
4.385,4.3899,4.375,4.38,11919,2022-04-11 14:23:00,OTLY
4.3801,4.39,4.38,4.38,5093,2022-04-11 14:24:00,OTLY
4.385,4.385,4.38,4.38,6150,2022-04-11 14:25:00,OTLY
4.38,4.3881,4.37,4.37,7067,2022-04-11 14:26:00,OTLY
4.37,4.38,4.37,4.37,3911,2022-04-11 14:27:00,OTLY
4.37,4.375,4.35,4.35,6019,2022-04-11 14:28:00,OTLY
4.35,4.36,4.35,4.355,9600,2022-04-11 14:29:00,OTLY
4.355,4.355,4.35,4.35,3800,2022-04-11 14:30:00,OTLY
4.36,4.385,4.355,4.385,15851,2022-04-11 14:31:00,OTLY
4.38,4.39,4.38,4.38,5288,2022-04-11 14:32:00,OTLY
4.38,4.39,4.38,4.38,7818,2022-04-11 14:33:00,OTLY
4.39,4.4,4.385,4.395,9414,2022-04-11 14:34:00,OTLY
4.395,4.395,4.39,4.39,11834,2022-04-11 14:35:00,OTLY
4.39,4.39,4.38,4.38,7092,2022-04-11 14:36:00,OTLY
4.375,4.3772,4.365,4.37,12069,2022-04-11 14:37:00,OTLY
4.3797,4.3797,4.36,4.36,20460,2022-04-11 14:38:00,OTLY
4.365,4.37,4.36,4.36,5471,2022-04-11 14:39:00,OTLY
4.355,4.355,4.355,4.355,932,2022-04-11 14:40:00,OTLY
4.355,4.355,4.35,4.35,2871,2022-04-11 14:41:00,OTLY
4.34,4.345,4.34,4.345,3245,2022-04-11 14:42:00,OTLY
4.345,4.35,4.34,4.34,11186,2022-04-11 14:43:00,OTLY
4.345,4.345,4.335,4.335,5867,2022-04-11 14:44:00,OTLY
4.335,4.3397,4.33,4.335,30310,2022-04-11 14:45:00,OTLY
4.335,4.335,4.32,4.33,4996,2022-04-11 14:46:00,OTLY
4.33,4.33,4.32,4.325,15549,2022-04-11 14:47:00,OTLY
4.33,4.335,4.325,4.33,8883,2022-04-11 14:48:00,OTLY
4.33,4.33,4.31,4.31,19507,2022-04-11 14:49:00,OTLY
4.31,4.3199,4.31,4.3199,1482,2022-04-11 14:50:00,OTLY
4.315,4.329,4.315,4.32,15505,2022-04-11 14:51:00,OTLY
4.3148,4.32,4.31,4.315,5874,2022-04-11 14:52:00,OTLY
4.31,4.319,4.31,4.319,600,2022-04-11 14:53:00,OTLY
4.315,4.32,4.31,4.315,2929,2022-04-11 14:54:00,OTLY
4.315,4.325,4.31,4.32,11461,2022-04-11 14:55:00,OTLY
4.315,4.325,4.31,4.3173,39281,2022-04-11 14:56:00,OTLY
4.315,4.325,4.315,4.325,7513,2022-04-11 14:57:00,OTLY
4.32,4.32,4.315,4.3199,6031,2022-04-11 14:58:00,OTLY
4.32,4.32,4.311,4.315,5067,2022-04-11 14:59:00,OTLY
4.315,4.32,4.31,4.315,2347,2022-04-11 15:00:00,OTLY
4.315,4.32,4.315,4.315,1128,2022-04-11 15:01:00,OTLY
4.315,4.325,4.315,4.32,17929,2022-04-11 15:02:00,OTLY
4.32,4.325,4.32,4.325,5872,2022-04-11 15:03:00,OTLY
4.33,4.33,4.3101,4.3199,4811,2022-04-11 15:04:00,OTLY
4.315,4.3199,4.31,4.315,1200,2022-04-11 15:05:00,OTLY
4.318,4.318,4.31,4.315,5370,2022-04-11 15:06:00,OTLY
4.315,4.32,4.315,4.315,5498,2022-04-11 15:07:00,OTLY
4.315,4.34,4.315,4.34,18724,2022-04-11 15:08:00,OTLY
4.33,4.335,4.325,4.335,18240,2022-04-11 15:09:00,OTLY
4.335,4.34,4.335,4.335,3455,2022-04-11 15:10:00,OTLY
4.335,4.34,4.33,4.3391,5440,2022-04-11 15:11:00,OTLY
4.335,4.335,4.33,4.335,2153,2022-04-11 15:12:00,OTLY
4.335,4.335,4.32,4.32,11190,2022-04-11 15:13:00,OTLY
4.325,4.33,4.325,4.325,8644,2022-04-11 15:14:00,OTLY
4.325,4.33,4.32,4.325,31528,2022-04-11 15:15:00,OTLY
4.322,4.33,4.32,4.33,17601,2022-04-11 15:16:00,OTLY
4.325,4.335,4.325,4.33,9283,2022-04-11 15:17:00,OTLY
4.335,4.335,4.335,4.335,5200,2022-04-11 15:18:00,OTLY
4.33,4.33,4.325,4.325,6320,2022-04-11 15:19:00,OTLY
4.325,4.33,4.325,4.325,16830,2022-04-11 15:20:00,OTLY
4.325,4.34,4.325,4.33,17993,2022-04-11 15:21:00,OTLY
4.335,4.335,4.33,4.33,2110,2022-04-11 15:22:00,OTLY
4.335,4.34,4.33,4.335,1530,2022-04-11 15:23:00,OTLY
4.335,4.34,4.3312,4.335,6010,2022-04-11 15:24:00,OTLY
4.335,4.3396,4.33,4.335,9513,2022-04-11 15:25:00,OTLY
4.335,4.345,4.335,4.345,4558,2022-04-11 15:26:00,OTLY
4.345,4.345,4.34,4.34,3454,2022-04-11 15:27:00,OTLY
4.345,4.35,4.34,4.345,1500,2022-04-11 15:28:00,OTLY
4.345,4.35,4.345,4.345,895,2022-04-11 15:29:00,OTLY
4.345,4.375,4.345,4.375,18936,2022-04-11 15:30:00,OTLY
4.38,4.38,4.37,4.375,4400,2022-04-11 15:31:00,OTLY
4.3753,4.39,4.375,4.39,20726,2022-04-11 15:32:00,OTLY
4.395,4.4,4.39,4.39,3300,2022-04-11 15:33:00,OTLY
4.4,4.4,4.3943,4.395,625,2022-04-11 15:34:00,OTLY
4.4,4.4,4.39,4.4,555,2022-04-11 15:35:00,OTLY
4.4,4.405,4.395,4.405,3074,2022-04-11 15:36:00,OTLY
4.41,4.43,4.41,4.41,11690,2022-04-11 15:37:00,OTLY
4.41,4.41,4.3949,4.3949,11028,2022-04-11 15:38:00,OTLY
4.39,4.395,4.39,4.395,4236,2022-04-11 15:39:00,OTLY
4.395,4.395,4.395,4.395,100,2022-04-11 15:40:00,OTLY
4.391,4.395,4.391,4.395,700,2022-04-11 15:41:00,OTLY
4.395,4.395,4.39,4.3916,1148,2022-04-11 15:42:00,OTLY
4.395,4.4,4.39,4.395,2275,2022-04-11 15:43:00,OTLY
4.395,4.405,4.395,4.395,12759,2022-04-11 15:44:00,OTLY
4.395,4.405,4.395,4.395,7672,2022-04-11 15:45:00,OTLY
4.4,4.4,4.39,4.39,5615,2022-04-11 15:46:00,OTLY
4.395,4.395,4.38,4.38,4083,2022-04-11 15:47:00,OTLY
4.3899,4.3899,4.38,4.38,1301,2022-04-11 15:48:00,OTLY
4.38,4.38,4.37,4.37,3428,2022-04-11 15:49:00,OTLY
4.37,4.375,4.37,4.37,1364,2022-04-11 15:50:00,OTLY
4.365,4.375,4.365,4.37,38804,2022-04-11 15:51:00,OTLY
4.37,4.38,4.37,4.38,300,2022-04-11 15:52:00,OTLY
4.37,4.37,4.36,4.365,17218,2022-04-11 15:53:00,OTLY
4.37,4.37,4.365,4.365,400,2022-04-11 15:54:00,OTLY
4.37,4.37,4.37,4.37,230,2022-04-11 15:55:00,OTLY
4.365,4.37,4.36,4.36,9350,2022-04-11 15:56:00,OTLY
4.36,4.368,4.36,4.365,600,2022-04-11 15:57:00,OTLY
4.365,4.365,4.36,4.36,945,2022-04-11 15:58:00,OTLY
4.3699,4.37,4.365,4.37,5921,2022-04-11 15:59:00,OTLY
4.365,4.37,4.36,4.365,3153,2022-04-11 16:00:00,OTLY
4.365,4.365,4.365,4.365,100,2022-04-11 16:01:00,OTLY
4.365,4.365,4.365,4.365,900,2022-04-11 16:02:00,OTLY
4.365,4.365,4.365,4.365,900,2022-04-11 16:03:00,OTLY
4.365,4.37,4.365,4.37,2186,2022-04-11 16:04:00,OTLY
4.365,4.37,4.36,4.37,6363,2022-04-11 16:05:00,OTLY
4.375,4.38,4.37,4.37,400,2022-04-11 16:06:00,OTLY
4.375,4.375,4.365,4.365,6917,2022-04-11 16:07:00,OTLY
4.37,4.37,4.363,4.363,300,2022-04-11 16:08:00,OTLY
4.3676,4.37,4.3676,4.37,687,2022-04-11 16:09:00,OTLY
4.365,4.37,4.36,4.36,3580,2022-04-11 16:10:00,OTLY
4.36,4.365,4.36,4.36,4200,2022-04-11 16:13:00,OTLY
4.355,4.355,4.355,4.355,400,2022-04-11 16:14:00,OTLY
4.355,4.3588,4.35,4.355,1777,2022-04-11 16:15:00,OTLY
4.36,4.36,4.35,4.35,1000,2022-04-11 16:16:00,OTLY
4.3512,4.38,4.3512,4.38,54583,2022-04-11 16:17:00,OTLY
4.38,4.39,4.375,4.385,32032,2022-04-11 16:18:00,OTLY
4.385,4.4089,4.385,4.405,25801,2022-04-11 16:19:00,OTLY
4.4,4.405,4.39,4.395,46102,2022-04-11 16:20:00,OTLY
4.4,4.425,4.3995,4.42,43456,2022-04-11 16:21:00,OTLY
4.43,4.4497,4.425,4.445,68830,2022-04-11 16:22:00,OTLY
4.445,4.46,4.44,4.455,43145,2022-04-11 16:23:00,OTLY
4.455,4.46,4.44,4.44,33915,2022-04-11 16:24:00,OTLY
4.445,4.45,4.44,4.45,6185,2022-04-11 16:25:00,OTLY
4.45,4.45,4.44,4.445,11513,2022-04-11 16:26:00,OTLY
4.44,4.44,4.42,4.42,15171,2022-04-11 16:27:00,OTLY
4.415,4.415,4.41,4.41,6112,2022-04-11 16:28:00,OTLY
4.41,4.4163,4.41,4.41,5083,2022-04-11 16:29:00,OTLY
4.41,4.4106,4.405,4.405,3580,2022-04-11 16:30:00,OTLY
4.41,4.415,4.405,4.41,28464,2022-04-11 16:31:00,OTLY
4.41,4.41,4.405,4.405,7105,2022-04-11 16:32:00,OTLY
4.405,4.405,4.4,4.4,13985,2022-04-11 16:33:00,OTLY
4.4,4.41,4.39,4.405,23804,2022-04-11 16:34:00,OTLY
4.405,4.4079,4.39,4.39,30194,2022-04-11 16:35:00,OTLY
4.39,4.4,4.39,4.395,13748,2022-04-11 16:36:00,OTLY
4.39,4.395,4.38,4.395,9783,2022-04-11 16:37:00,OTLY
4.39,4.395,4.39,4.3947,2400,2022-04-11 16:38:00,OTLY
4.39,4.395,4.385,4.39,9900,2022-04-11 16:39:00,OTLY
4.39,4.39,4.385,4.385,6967,2022-04-11 16:40:00,OTLY
4.385,4.39,4.385,4.39,4113,2022-04-11 16:41:00,OTLY
4.39,4.4,4.385,4.395,8931,2022-04-11 16:42:00,OTLY
4.39,4.39,4.39,4.39,8589,2022-04-11 16:43:00,OTLY
4.39,4.3988,4.385,4.39,5947,2022-04-11 16:44:00,OTLY
4.39,4.41,4.39,4.405,7061,2022-04-11 16:45:00,OTLY
4.405,4.41,4.405,4.405,4686,2022-04-11 16:46:00,OTLY
4.405,4.405,4.39,4.39,7504,2022-04-11 16:47:00,OTLY
4.39,4.3999,4.39,4.39,8011,2022-04-11 16:48:00,OTLY
4.39,4.395,4.385,4.385,2621,2022-04-11 16:49:00,OTLY
4.385,4.385,4.37,4.375,8022,2022-04-11 16:50:00,OTLY
4.37,4.38,4.37,4.37,10219,2022-04-11 16:51:00,OTLY
4.375,4.3791,4.375,4.375,1429,2022-04-11 16:52:00,OTLY
4.375,4.375,4.37,4.37,700,2022-04-11 16:53:00,OTLY
4.375,4.375,4.36,4.365,9004,2022-04-11 16:54:00,OTLY
4.365,4.365,4.36,4.3606,4000,2022-04-11 16:55:00,OTLY
4.365,4.385,4.365,4.385,17750,2022-04-11 16:56:00,OTLY
4.385,4.385,4.38,4.385,4400,2022-04-11 16:57:00,OTLY
4.39,4.395,4.385,4.385,13883,2022-04-11 16:58:00,OTLY
4.385,4.385,4.38,4.385,3900,2022-04-11 16:59:00,OTLY
4.385,4.4,4.385,4.395,8833,2022-04-11 17:00:00,OTLY
4.395,4.41,4.3901,4.41,3027,2022-04-11 17:01:00,OTLY
4.4185,4.4185,4.415,4.415,1725,2022-04-11 17:02:00,OTLY
4.41,4.4158,4.41,4.415,800,2022-04-11 17:03:00,OTLY
4.415,4.42,4.415,4.42,800,2022-04-11 17:04:00,OTLY
4.415,4.44,4.41,4.44,8031,2022-04-11 17:05:00,OTLY
4.435,4.435,4.43,4.43,2152,2022-04-11 17:06:00,OTLY
4.435,4.435,4.42,4.425,4831,2022-04-11 17:07:00,OTLY
4.4255,4.4255,4.42,4.423,3424,2022-04-11 17:08:00,OTLY
4.425,4.425,4.42,4.42,300,2022-04-11 17:09:00,OTLY
4.42,4.42,4.415,4.415,4500,2022-04-11 17:10:00,OTLY
4.415,4.42,4.41,4.415,9196,2022-04-11 17:11:00,OTLY
4.42,4.425,4.415,4.425,7750,2022-04-11 17:12:00,OTLY
4.42,4.425,4.415,4.415,7621,2022-04-11 17:13:00,OTLY
4.415,4.42,4.415,4.415,700,2022-04-11 17:14:00,OTLY
4.41,4.415,4.41,4.41,2566,2022-04-11 17:15:00,OTLY
4.41,4.41,4.4,4.405,4100,2022-04-11 17:16:00,OTLY
4.4,4.405,4.4,4.405,1890,2022-04-11 17:17:00,OTLY
4.405,4.41,4.39,4.39,10255,2022-04-11 17:18:00,OTLY
4.38,4.395,4.38,4.38,30168,2022-04-11 17:19:00,OTLY
4.38,4.39,4.38,4.38,7729,2022-04-11 17:20:00,OTLY
4.38,4.38,4.37,4.375,8770,2022-04-11 17:21:00,OTLY
4.37,4.3755,4.365,4.375,17214,2022-04-11 17:22:00,OTLY
4.375,4.4,4.375,4.395,21530,2022-04-11 17:23:00,OTLY
4.395,4.395,4.39,4.39,13747,2022-04-11 17:24:00,OTLY
4.39,4.405,4.385,4.405,13721,2022-04-11 17:25:00,OTLY
4.4062,4.4062,4.4,4.405,4100,2022-04-11 17:26:00,OTLY
4.4099,4.415,4.405,4.413,12328,2022-04-11 17:28:00,OTLY
4.41,4.415,4.39,4.39,6757,2022-04-11 17:29:00,OTLY
4.395,4.405,4.395,4.405,7884,2022-04-11 17:30:00,OTLY
4.4,4.405,4.4,4.405,9800,2022-04-11 17:31:00,OTLY
4.405,4.405,4.4,4.4,500,2022-04-11 17:32:00,OTLY
4.4,4.405,4.4,4.405,1694,2022-04-11 17:33:00,OTLY
4.405,4.415,4.4,4.415,5599,2022-04-11 17:34:00,OTLY
4.415,4.43,4.415,4.4275,10386,2022-04-11 17:35:00,OTLY
4.425,4.425,4.42,4.425,1400,2022-04-11 17:36:00,OTLY
4.42,4.42,4.415,4.4199,2700,2022-04-11 17:37:00,OTLY
4.415,4.425,4.415,4.425,15720,2022-04-11 17:38:00,OTLY
4.425,4.43,4.42,4.42,6400,2022-04-11 17:39:00,OTLY
4.425,4.425,4.425,4.425,2345,2022-04-11 17:40:00,OTLY
4.43,4.43,4.41,4.4196,8700,2022-04-11 17:41:00,OTLY
4.415,4.415,4.415,4.415,749,2022-04-11 17:42:00,OTLY
4.415,4.415,4.415,4.415,700,2022-04-11 17:43:00,OTLY
4.415,4.42,4.41,4.41,3590,2022-04-11 17:44:00,OTLY
4.41,4.41,4.405,4.405,7229,2022-04-11 17:45:00,OTLY
4.405,4.415,4.405,4.4109,14769,2022-04-11 17:46:00,OTLY
4.415,4.415,4.41,4.41,6741,2022-04-11 17:47:00,OTLY
4.405,4.4068,4.4,4.4,723,2022-04-11 17:48:00,OTLY
4.4,4.4,4.385,4.385,10074,2022-04-11 17:49:00,OTLY
4.385,4.39,4.385,4.3892,4998,2022-04-11 17:50:00,OTLY
4.385,4.395,4.385,4.395,4475,2022-04-11 17:51:00,OTLY
4.395,4.4,4.395,4.395,2403,2022-04-11 17:52:00,OTLY
4.39,4.395,4.39,4.395,1550,2022-04-11 17:53:00,OTLY
4.39,4.39,4.39,4.39,600,2022-04-11 17:54:00,OTLY
4.39,4.395,4.39,4.395,518,2022-04-11 17:55:00,OTLY
4.39,4.405,4.39,4.395,17338,2022-04-11 17:56:00,OTLY
4.405,4.405,4.405,4.405,600,2022-04-11 17:57:00,OTLY
4.405,4.415,4.4,4.415,4004,2022-04-11 17:58:00,OTLY
4.415,4.415,4.415,4.415,1100,2022-04-11 17:59:00,OTLY
4.415,4.43,4.415,4.415,15563,2022-04-11 18:00:00,OTLY
4.415,4.43,4.4119,4.425,9958,2022-04-11 18:01:00,OTLY
4.425,4.425,4.425,4.425,400,2022-04-11 18:02:00,OTLY
4.425,4.425,4.4205,4.425,1098,2022-04-11 18:03:00,OTLY
4.425,4.425,4.425,4.425,500,2022-04-11 18:04:00,OTLY
4.425,4.445,4.425,4.445,6799,2022-04-11 18:05:00,OTLY
4.44,4.465,4.44,4.465,13220,2022-04-11 18:06:00,OTLY
4.465,4.47,4.46,4.47,6452,2022-04-11 18:07:00,OTLY
4.475,4.475,4.465,4.465,10108,2022-04-11 18:08:00,OTLY
4.465,4.465,4.46,4.465,1500,2022-04-11 18:09:00,OTLY
4.46,4.47,4.455,4.47,10309,2022-04-11 18:10:00,OTLY
4.46,4.465,4.46,4.46,7969,2022-04-11 18:11:00,OTLY
4.465,4.465,4.455,4.455,5492,2022-04-11 18:12:00,OTLY
4.455,4.455,4.455,4.455,300,2022-04-11 18:13:00,OTLY
4.45,4.455,4.45,4.45,4246,2022-04-11 18:14:00,OTLY
4.445,4.445,4.43,4.43,13860,2022-04-11 18:15:00,OTLY
4.425,4.425,4.425,4.425,543,2022-04-11 18:16:00,OTLY
4.425,4.425,4.425,4.425,200,2022-04-11 18:17:00,OTLY
4.425,4.425,4.425,4.425,400,2022-04-11 18:18:00,OTLY
4.425,4.4291,4.425,4.425,2030,2022-04-11 18:19:00,OTLY
4.42,4.425,4.42,4.42,2800,2022-04-11 18:20:00,OTLY
4.421,4.421,4.421,4.421,200,2022-04-11 18:21:00,OTLY
4.425,4.425,4.42,4.42,600,2022-04-11 18:22:00,OTLY
4.425,4.425,4.425,4.425,200,2022-04-11 18:23:00,OTLY
4.42,4.425,4.42,4.425,739,2022-04-11 18:24:00,OTLY
4.425,4.43,4.42,4.425,4698,2022-04-11 18:25:00,OTLY
4.425,4.429,4.42,4.425,12851,2022-04-11 18:26:00,OTLY
4.425,4.4285,4.42,4.4285,1060,2022-04-11 18:27:00,OTLY
4.425,4.43,4.425,4.425,1600,2022-04-11 18:28:00,OTLY
4.4299,4.44,4.4299,4.44,6436,2022-04-11 18:29:00,OTLY
4.435,4.4387,4.4301,4.435,4572,2022-04-11 18:30:00,OTLY
4.435,4.445,4.435,4.445,8723,2022-04-11 18:31:00,OTLY
4.445,4.445,4.44,4.445,9812,2022-04-11 18:32:00,OTLY
4.44,4.445,4.44,4.44,1500,2022-04-11 18:33:00,OTLY
4.445,4.445,4.44,4.44,3737,2022-04-11 18:34:00,OTLY
4.44,4.445,4.44,4.445,1000,2022-04-11 18:35:00,OTLY
4.445,4.445,4.44,4.44,4253,2022-04-11 18:36:00,OTLY
4.44,4.445,4.435,4.445,10549,2022-04-11 18:37:00,OTLY
4.445,4.445,4.445,4.445,1563,2022-04-11 18:38:00,OTLY
4.445,4.445,4.445,4.445,100,2022-04-11 18:39:00,OTLY
4.445,4.45,4.445,4.445,700,2022-04-11 18:40:00,OTLY
4.445,4.445,4.44,4.445,4800,2022-04-11 18:41:00,OTLY
4.445,4.445,4.445,4.445,1500,2022-04-11 18:42:00,OTLY
4.445,4.445,4.435,4.435,8278,2022-04-11 18:43:00,OTLY
4.435,4.445,4.4325,4.445,4513,2022-04-11 18:44:00,OTLY
4.445,4.445,4.445,4.445,1000,2022-04-11 18:45:00,OTLY
4.445,4.45,4.44,4.445,1112,2022-04-11 18:46:00,OTLY
4.45,4.478,4.45,4.475,17119,2022-04-11 18:47:00,OTLY
4.475,4.475,4.465,4.465,10629,2022-04-11 18:48:00,OTLY
4.465,4.48,4.465,4.4785,13572,2022-04-11 18:49:00,OTLY
4.475,4.48,4.47,4.48,3789,2022-04-11 18:50:00,OTLY
4.475,4.475,4.47,4.47,4600,2022-04-11 18:51:00,OTLY
4.475,4.4786,4.47,4.475,1100,2022-04-11 18:52:00,OTLY
4.475,4.475,4.47,4.475,650,2022-04-11 18:53:00,OTLY
4.47,4.47,4.455,4.4599,9330,2022-04-11 18:54:00,OTLY
4.46,4.47,4.46,4.465,6066,2022-04-11 18:55:00,OTLY
4.465,4.465,4.465,4.465,1389,2022-04-11 18:56:00,OTLY
4.465,4.475,4.465,4.475,5208,2022-04-11 18:57:00,OTLY
4.475,4.48,4.475,4.48,1495,2022-04-11 18:58:00,OTLY
4.475,4.48,4.475,4.475,700,2022-04-11 18:59:00,OTLY
4.475,4.48,4.47,4.47,16330,2022-04-11 19:00:00,OTLY
4.465,4.47,4.46,4.465,3000,2022-04-11 19:01:00,OTLY
4.47,4.48,4.47,4.48,10715,2022-04-11 19:02:00,OTLY
4.475,4.475,4.47,4.475,4828,2022-04-11 19:03:00,OTLY
4.475,4.475,4.465,4.465,7706,2022-04-11 19:04:00,OTLY
4.465,4.465,4.465,4.465,600,2022-04-11 19:05:00,OTLY
4.465,4.47,4.465,4.465,800,2022-04-11 19:06:00,OTLY
4.465,4.48,4.465,4.475,14073,2022-04-11 19:07:00,OTLY
4.47,4.4898,4.47,4.485,7047,2022-04-11 19:08:00,OTLY
4.485,4.485,4.475,4.48,12473,2022-04-11 19:09:00,OTLY
4.48,4.49,4.475,4.485,9787,2022-04-11 19:10:00,OTLY
4.485,4.49,4.485,4.485,8175,2022-04-11 19:11:00,OTLY
4.48,4.49,4.48,4.485,8064,2022-04-11 19:12:00,OTLY
4.485,4.5,4.485,4.495,8650,2022-04-11 19:13:00,OTLY
4.495,4.495,4.4801,4.485,29439,2022-04-11 19:14:00,OTLY
4.49,4.49,4.4801,4.4813,2472,2022-04-11 19:15:00,OTLY
4.485,4.5,4.485,4.495,13804,2022-04-11 19:16:00,OTLY
4.495,4.505,4.495,4.5,23600,2022-04-11 19:17:00,OTLY
4.495,4.5,4.485,4.485,24941,2022-04-11 19:18:00,OTLY
4.485,4.485,4.485,4.485,1700,2022-04-11 19:19:00,OTLY
4.49,4.49,4.485,4.485,2048,2022-04-11 19:20:00,OTLY
4.485,4.495,4.48,4.49,13066,2022-04-11 19:21:00,OTLY
4.495,4.51,4.4901,4.5089,13720,2022-04-11 19:22:00,OTLY
4.51,4.51,4.5,4.505,8705,2022-04-11 19:23:00,OTLY
4.505,4.51,4.5,4.505,18233,2022-04-11 19:24:00,OTLY
4.505,4.505,4.49,4.49,17606,2022-04-11 19:25:00,OTLY
4.49,4.49,4.48,4.48,8972,2022-04-11 19:26:00,OTLY
4.485,4.485,4.485,4.485,1700,2022-04-11 19:27:00,OTLY
4.485,4.485,4.485,4.485,8358,2022-04-11 19:28:00,OTLY
4.485,4.49,4.485,4.485,6337,2022-04-11 19:29:00,OTLY
4.485,4.49,4.48,4.485,10552,2022-04-11 19:30:00,OTLY
4.485,4.49,4.4842,4.485,2700,2022-04-11 19:31:00,OTLY
4.485,4.49,4.47,4.475,36558,2022-04-11 19:32:00,OTLY
4.4701,4.49,4.47,4.485,28171,2022-04-11 19:33:00,OTLY
4.49,4.49,4.485,4.485,37161,2022-04-11 19:34:00,OTLY
4.485,4.49,4.485,4.485,1400,2022-04-11 19:35:00,OTLY
4.49,4.49,4.465,4.465,24906,2022-04-11 19:36:00,OTLY
4.465,4.47,4.465,4.465,3300,2022-04-11 19:37:00,OTLY
4.465,4.47,4.465,4.465,5452,2022-04-11 19:38:00,OTLY
4.465,4.465,4.45,4.465,42852,2022-04-11 19:39:00,OTLY
4.465,4.49,4.465,4.49,45552,2022-04-11 19:40:00,OTLY
4.485,4.485,4.48,4.485,17134,2022-04-11 19:41:00,OTLY
4.48,4.485,4.475,4.475,11043,2022-04-11 19:42:00,OTLY
4.475,4.48,4.475,4.475,1752,2022-04-11 19:43:00,OTLY
4.475,4.48,4.475,4.475,12391,2022-04-11 19:44:00,OTLY
4.47,4.48,4.46,4.465,22273,2022-04-11 19:45:00,OTLY
4.465,4.4684,4.46,4.465,5595,2022-04-11 19:46:00,OTLY
4.465,4.4682,4.46,4.465,5755,2022-04-11 19:47:00,OTLY
4.465,4.47,4.46,4.465,4701,2022-04-11 19:48:00,OTLY
4.465,4.47,4.465,4.465,5272,2022-04-11 19:49:00,OTLY
4.47,4.475,4.4609,4.4609,37387,2022-04-11 19:50:00,OTLY
4.465,4.47,4.465,4.465,9545,2022-04-11 19:51:00,OTLY
4.465,4.465,4.455,4.455,25493,2022-04-11 19:52:00,OTLY
4.455,4.46,4.455,4.455,6351,2022-04-11 19:53:00,OTLY
4.455,4.46,4.45,4.45,15030,2022-04-11 19:54:00,OTLY
4.455,4.46,4.45,4.46,22545,2022-04-11 19:55:00,OTLY
4.455,4.4687,4.455,4.465,32799,2022-04-11 19:56:00,OTLY
4.465,4.47,4.465,4.47,17063,2022-04-11 19:57:00,OTLY
4.4601,4.47,4.46,4.465,21253,2022-04-11 19:58:00,OTLY
4.47,4.475,4.46,4.47,58850,2022-04-11 19:59:00,OTLY
4.46,4.46,4.46,4.46,46391,2022-04-11 20:00:00,OTLY
4.5,4.5,4.5,4.5,100,2022-04-11 20:44:00,OTLY
4.5,4.5,4.5,4.5,100,2022-04-11 20:48:00,OTLY
4.49,4.49,4.49,4.49,100,2022-04-11 20:52:00,OTLY
4.4799,4.48,4.4799,4.48,518,2022-04-11 20:56:00,OTLY
4.48,4.48,4.48,4.48,200,2022-04-11 21:05:00,OTLY
4.5194,4.5194,4.5194,4.5194,600,2022-04-11 21:24:00,OTLY
4.47,4.47,4.47,4.47,1000,2022-04-11 21:57:00,OTLY
4.42,4.42,4.42,4.42,140,2022-04-11 22:05:00,OTLY
4.52,4.52,4.52,4.52,100,2022-04-11 22:34:00,OTLY
4.39,4.39,4.39,4.39,100,2022-04-11 22:35:00,OTLY
4.51,4.51,4.51,4.51,100,2022-04-11 22:36:00,OTLY
4.46,4.46,4.46,4.46,100,2022-04-12 11:33:00,OTLY
4.46,4.46,4.46,4.46,262,2022-04-12 12:22:00,OTLY
4.46,4.46,4.46,4.46,200,2022-04-12 12:23:00,OTLY
4.4999,4.4999,4.4999,4.4999,1000,2022-04-12 12:34:00,OTLY
4.4999,4.4999,4.4999,4.4999,1000,2022-04-12 12:37:00,OTLY
4.51,4.51,4.51,4.51,400,2022-04-12 12:48:00,OTLY
4.52,4.52,4.52,4.52,300,2022-04-12 12:49:00,OTLY
4.53,4.53,4.53,4.53,137,2022-04-12 12:54:00,OTLY
4.53,4.53,4.53,4.53,100,2022-04-12 12:56:00,OTLY
4.55,4.55,4.55,4.55,556,2022-04-12 12:58:00,OTLY
4.56,4.56,4.56,4.56,100,2022-04-12 13:02:00,OTLY
4.56,4.56,4.56,4.56,540,2022-04-12 13:03:00,OTLY
4.5501,4.5501,4.5501,4.5501,500,2022-04-12 13:07:00,OTLY
4.56,4.56,4.55,4.55,600,2022-04-12 13:08:00,OTLY
4.55,4.55,4.55,4.55,268,2022-04-12 13:09:00,OTLY
4.55,4.55,4.55,4.55,500,2022-04-12 13:14:00,OTLY
4.55,4.55,4.55,4.55,100,2022-04-12 13:21:00,OTLY
4.56,4.56,4.55,4.56,500,2022-04-12 13:23:00,OTLY
4.55,4.55,4.55,4.55,100,2022-04-12 13:24:00,OTLY
4.52,4.52,4.5,4.5181,50468,2022-04-12 13:30:00,OTLY
4.515,4.55,4.515,4.5412,34112,2022-04-12 13:31:00,OTLY
4.545,4.545,4.5,4.5,18456,2022-04-12 13:32:00,OTLY
4.5,4.5,4.46,4.465,155236,2022-04-12 13:33:00,OTLY
4.465,4.51,4.465,4.51,25434,2022-04-12 13:34:00,OTLY
4.515,4.52,4.495,4.495,5158,2022-04-12 13:35:00,OTLY
4.5,4.51,4.47,4.473,10081,2022-04-12 13:36:00,OTLY
4.4791,4.495,4.47,4.49,6738,2022-04-12 13:37:00,OTLY
4.485,4.52,4.485,4.52,14951,2022-04-12 13:38:00,OTLY
4.5212,4.545,4.52,4.54,7680,2022-04-12 13:39:00,OTLY
4.54,4.545,4.525,4.54,21616,2022-04-12 13:40:00,OTLY
4.53,4.53,4.51,4.51,11141,2022-04-12 13:41:00,OTLY
4.51,4.515,4.505,4.505,5667,2022-04-12 13:42:00,OTLY
4.505,4.5088,4.495,4.495,4190,2022-04-12 13:43:00,OTLY
4.5,4.5,4.485,4.485,16917,2022-04-12 13:44:00,OTLY
4.4876,4.4876,4.4612,4.465,5710,2022-04-12 13:45:00,OTLY
4.465,4.505,4.465,4.505,9118,2022-04-12 13:46:00,OTLY
4.505,4.52,4.505,4.515,4281,2022-04-12 13:47:00,OTLY
4.515,4.52,4.505,4.505,8074,2022-04-12 13:48:00,OTLY
4.505,4.515,4.495,4.495,10879,2022-04-12 13:49:00,OTLY
4.495,4.52,4.495,4.52,9282,2022-04-12 13:50:00,OTLY
4.525,4.5388,4.52,4.535,5943,2022-04-12 13:51:00,OTLY
4.5354,4.54,4.53,4.535,7905,2022-04-12 13:52:00,OTLY
4.535,4.55,4.535,4.545,2340,2022-04-12 13:53:00,OTLY
4.547,4.555,4.54,4.54,26696,2022-04-12 13:54:00,OTLY
4.54,4.55,4.54,4.54,1883,2022-04-12 13:55:00,OTLY
4.545,4.59,4.545,4.585,15796,2022-04-12 13:56:00,OTLY
4.585,4.61,4.585,4.6046,20252,2022-04-12 13:57:00,OTLY
4.6004,4.61,4.595,4.605,16284,2022-04-12 13:58:00,OTLY
4.6,4.61,4.6,4.6,10795,2022-04-12 13:59:00,OTLY
4.605,4.605,4.59,4.605,11692,2022-04-12 14:00:00,OTLY
4.6,4.6088,4.6,4.6009,10881,2022-04-12 14:01:00,OTLY
4.605,4.605,4.59,4.59,30394,2022-04-12 14:02:00,OTLY
4.59,4.595,4.58,4.58,3921,2022-04-12 14:03:00,OTLY
4.58,4.585,4.55,4.565,113584,2022-04-12 14:04:00,OTLY
4.56,4.57,4.55,4.55,26546,2022-04-12 14:05:00,OTLY
4.54,4.55,4.52,4.545,40833,2022-04-12 14:06:00,OTLY
4.54,4.545,4.525,4.525,22895,2022-04-12 14:07:00,OTLY
4.525,4.53,4.5201,4.525,13200,2022-04-12 14:08:00,OTLY
4.52,4.525,4.5,4.505,40836,2022-04-12 14:09:00,OTLY
4.5,4.5,4.4708,4.475,66327,2022-04-12 14:10:00,OTLY
4.48,4.49,4.47,4.475,26207,2022-04-12 14:11:00,OTLY
4.489,4.5,4.485,4.495,9999,2022-04-12 14:12:00,OTLY
4.49,4.49,4.485,4.485,18017,2022-04-12 14:13:00,OTLY
4.4845,4.485,4.48,4.485,1900,2022-04-12 14:14:00,OTLY
4.4892,4.4892,4.48,4.4892,8500,2022-04-12 14:15:00,OTLY
4.49,4.49,4.47,4.47,18150,2022-04-12 14:16:00,OTLY
4.47,4.47,4.45,4.45,11423,2022-04-12 14:17:00,OTLY
4.45,4.45,4.43,4.43,4370,2022-04-12 14:18:00,OTLY
4.43,4.43,4.42,4.425,18333,2022-04-12 14:19:00,OTLY
4.425,4.4399,4.425,4.4399,8005,2022-04-12 14:20:00,OTLY
4.435,4.4358,4.42,4.425,11644,2022-04-12 14:21:00,OTLY
4.42,4.4234,4.41,4.42,5034,2022-04-12 14:22:00,OTLY
4.41,4.4196,4.4,4.4196,36354,2022-04-12 14:23:00,OTLY
4.41,4.415,4.39,4.39,14112,2022-04-12 14:24:00,OTLY
4.395,4.41,4.385,4.39,31752,2022-04-12 14:25:00,OTLY
4.395,4.395,4.38,4.39,22548,2022-04-12 14:26:00,OTLY
4.395,4.405,4.38,4.385,19407,2022-04-12 14:27:00,OTLY
4.385,4.39,4.38,4.38,6760,2022-04-12 14:28:00,OTLY
4.39,4.39,4.38,4.385,24383,2022-04-12 14:29:00,OTLY
4.38,4.38,4.37,4.375,10739,2022-04-12 14:30:00,OTLY
4.37,4.395,4.37,4.39,23541,2022-04-12 14:31:00,OTLY
4.395,4.41,4.395,4.405,6420,2022-04-12 14:32:00,OTLY
4.405,4.42,4.405,4.4192,5183,2022-04-12 14:33:00,OTLY
4.42,4.42,4.41,4.42,3752,2022-04-12 14:34:00,OTLY
4.415,4.415,4.41,4.41,1000,2022-04-12 14:35:00,OTLY
4.41,4.41,4.41,4.41,1200,2022-04-12 14:36:00,OTLY
4.41,4.415,4.38,4.385,12662,2022-04-12 14:37:00,OTLY
4.38,4.38,4.37,4.38,15935,2022-04-12 14:38:00,OTLY
4.375,4.3792,4.3714,4.375,4622,2022-04-12 14:39:00,OTLY
4.375,4.385,4.375,4.385,6300,2022-04-12 14:40:00,OTLY
4.3862,4.41,4.385,4.41,12530,2022-04-12 14:41:00,OTLY
4.405,4.4199,4.4001,4.4199,5705,2022-04-12 14:42:00,OTLY
4.415,4.42,4.41,4.41,1786,2022-04-12 14:43:00,OTLY
4.41,4.425,4.41,4.415,36053,2022-04-12 14:44:00,OTLY
4.42,4.42,4.41,4.41,6350,2022-04-12 14:45:00,OTLY
4.42,4.43,4.415,4.415,26798,2022-04-12 14:46:00,OTLY
4.415,4.415,4.41,4.41,4850,2022-04-12 14:47:00,OTLY
4.405,4.405,4.37,4.3711,7782,2022-04-12 14:48:00,OTLY
4.37,4.37,4.37,4.37,400,2022-04-12 14:49:00,OTLY
4.3794,4.3794,4.37,4.3728,6360,2022-04-12 14:50:00,OTLY
4.3788,4.3788,4.365,4.37,18070,2022-04-12 14:51:00,OTLY
4.375,4.38,4.375,4.375,5986,2022-04-12 14:52:00,OTLY
4.3801,4.385,4.375,4.375,6055,2022-04-12 14:53:00,OTLY
4.375,4.3799,4.37,4.3799,1212,2022-04-12 14:54:00,OTLY
4.37,4.38,4.37,4.38,400,2022-04-12 14:55:00,OTLY
4.37,4.3812,4.37,4.3812,10022,2022-04-12 14:56:00,OTLY
4.385,4.395,4.385,4.39,19377,2022-04-12 14:57:00,OTLY
4.39,4.3997,4.39,4.3976,1100,2022-04-12 14:58:00,OTLY
4.4,4.405,4.395,4.405,9381,2022-04-12 14:59:00,OTLY
4.4,4.405,4.385,4.385,8276,2022-04-12 15:00:00,OTLY
4.385,4.395,4.385,4.395,6094,2022-04-12 15:01:00,OTLY
4.395,4.4,4.395,4.4,2218,2022-04-12 15:02:00,OTLY
4.41,4.41,4.4,4.4,1200,2022-04-12 15:03:00,OTLY
4.4,4.405,4.4,4.4,800,2022-04-12 15:04:00,OTLY
4.4,4.4,4.39,4.395,3745,2022-04-12 15:05:00,OTLY
4.39,4.39,4.38,4.385,8888,2022-04-12 15:06:00,OTLY
4.39,4.39,4.38,4.38,2200,2022-04-12 15:07:00,OTLY
4.38,4.385,4.37,4.375,9877,2022-04-12 15:08:00,OTLY
4.37,4.37,4.3614,4.3614,6979,2022-04-12 15:09:00,OTLY
4.36,4.365,4.36,4.365,1508,2022-04-12 15:10:00,OTLY
4.37,4.375,4.36,4.36,13178,2022-04-12 15:11:00,OTLY
4.36,4.365,4.36,4.361,12050,2022-04-12 15:12:00,OTLY
4.37,4.38,4.365,4.38,21480,2022-04-12 15:13:00,OTLY
4.38,4.38,4.38,4.38,671,2022-04-12 15:14:00,OTLY
4.385,4.385,4.38,4.38,528,2022-04-12 15:15:00,OTLY
4.38,4.385,4.38,4.385,200,2022-04-12 15:16:00,OTLY
4.38,4.385,4.375,4.375,7881,2022-04-12 15:17:00,OTLY
4.37,4.39,4.37,4.385,16430,2022-04-12 15:18:00,OTLY
4.39,4.39,4.38,4.38,3918,2022-04-12 15:19:00,OTLY
4.385,4.39,4.38,4.3894,3306,2022-04-12 15:20:00,OTLY
4.385,4.4,4.38,4.3995,8710,2022-04-12 15:21:00,OTLY
4.395,4.4,4.395,4.4,700,2022-04-12 15:22:00,OTLY
4.4,4.4094,4.395,4.4,6251,2022-04-12 15:23:00,OTLY
4.405,4.405,4.4,4.4,1474,2022-04-12 15:24:00,OTLY
4.405,4.41,4.401,4.4058,3200,2022-04-12 15:25:00,OTLY
4.41,4.415,4.405,4.415,11817,2022-04-12 15:26:00,OTLY
4.415,4.42,4.41,4.415,4500,2022-04-12 15:27:00,OTLY
4.415,4.42,4.415,4.415,1000,2022-04-12 15:28:00,OTLY
4.415,4.42,4.415,4.42,400,2022-04-12 15:29:00,OTLY
4.415,4.435,4.415,4.42,36123,2022-04-12 15:30:00,OTLY
4.42,4.4299,4.4195,4.42,8335,2022-04-12 15:31:00,OTLY
4.415,4.42,4.41,4.42,13283,2022-04-12 15:32:00,OTLY
4.41,4.415,4.41,4.41,6305,2022-04-12 15:33:00,OTLY
4.4,4.4,4.395,4.4,4000,2022-04-12 15:34:00,OTLY
4.4,4.4,4.395,4.4,9332,2022-04-12 15:35:00,OTLY
4.4092,4.4092,4.39,4.395,15263,2022-04-12 15:36:00,OTLY
4.395,4.395,4.39,4.39,4100,2022-04-12 15:37:00,OTLY
4.395,4.405,4.395,4.4,13866,2022-04-12 15:38:00,OTLY
4.4,4.405,4.4,4.405,1400,2022-04-12 15:39:00,OTLY
4.405,4.405,4.4,4.4,1442,2022-04-12 15:40:00,OTLY
4.405,4.4099,4.405,4.405,1216,2022-04-12 15:41:00,OTLY
4.405,4.405,4.4048,4.4048,904,2022-04-12 15:42:00,OTLY
4.405,4.405,4.405,4.405,400,2022-04-12 15:43:00,OTLY
4.405,4.405,4.405,4.405,200,2022-04-12 15:44:00,OTLY
4.405,4.405,4.4,4.405,400,2022-04-12 15:45:00,OTLY
4.405,4.405,4.405,4.405,300,2022-04-12 15:46:00,OTLY
4.405,4.405,4.405,4.405,200,2022-04-12 15:47:00,OTLY
4.405,4.405,4.4,4.4,5155,2022-04-12 15:48:00,OTLY
4.4,4.4,4.39,4.39,9560,2022-04-12 15:49:00,OTLY
4.39,4.39,4.385,4.385,7831,2022-04-12 15:50:00,OTLY
4.385,4.39,4.385,4.39,15296,2022-04-12 15:51:00,OTLY
4.395,4.3999,4.395,4.3999,200,2022-04-12 15:52:00,OTLY
4.395,4.4,4.395,4.395,900,2022-04-12 15:53:00,OTLY
4.395,4.405,4.395,4.4,6610,2022-04-12 15:54:00,OTLY
4.4,4.4,4.39,4.395,13369,2022-04-12 15:55:00,OTLY
4.395,4.4,4.395,4.4,1280,2022-04-12 15:56:00,OTLY
4.4,4.4,4.4,4.4,200,2022-04-12 15:57:00,OTLY
4.395,4.395,4.38,4.38,3675,2022-04-12 15:58:00,OTLY
4.39,4.39,4.39,4.39,103,2022-04-12 15:59:00,OTLY
4.385,4.385,4.385,4.385,320,2022-04-12 16:00:00,OTLY
4.385,4.385,4.38,4.385,1400,2022-04-12 16:02:00,OTLY
4.38,4.38,4.37,4.37,7617,2022-04-12 16:03:00,OTLY
4.375,4.38,4.37,4.375,1600,2022-04-12 16:04:00,OTLY
4.38,4.38,4.375,4.375,2496,2022-04-12 16:05:00,OTLY
4.375,4.375,4.37,4.375,2712,2022-04-12 16:06:00,OTLY
4.375,4.375,4.375,4.375,700,2022-04-12 16:07:00,OTLY
4.37,4.375,4.37,4.37,11975,2022-04-12 16:08:00,OTLY
4.365,4.37,4.36,4.3623,1809,2022-04-12 16:09:00,OTLY
4.3659,4.3659,4.36,4.36,3384,2022-04-12 16:11:00,OTLY
4.36,4.365,4.36,4.36,700,2022-04-12 16:12:00,OTLY
4.36,4.37,4.36,4.37,1100,2022-04-12 16:13:00,OTLY
4.365,4.365,4.35,4.35,6202,2022-04-12 16:14:00,OTLY
4.355,4.355,4.35,4.355,1100,2022-04-12 16:15:00,OTLY
4.355,4.365,4.355,4.365,15871,2022-04-12 16:16:00,OTLY
4.37,4.38,4.365,4.38,32639,2022-04-12 16:17:00,OTLY
4.38,4.385,4.38,4.385,900,2022-04-12 16:18:00,OTLY
4.38,4.39,4.37,4.38,16845,2022-04-12 16:19:00,OTLY
4.38,4.38,4.375,4.375,5300,2022-04-12 16:20:00,OTLY
4.3768,4.38,4.3768,4.38,1000,2022-04-12 16:21:00,OTLY
4.375,4.375,4.375,4.375,400,2022-04-12 16:22:00,OTLY
4.37,4.375,4.37,4.37,5800,2022-04-12 16:23:00,OTLY
4.375,4.375,4.36,4.36,2160,2022-04-12 16:24:00,OTLY
4.36,4.36,4.355,4.355,5100,2022-04-12 16:25:00,OTLY
4.35,4.3598,4.35,4.355,6624,2022-04-12 16:26:00,OTLY
4.36,4.36,4.355,4.355,935,2022-04-12 16:27:00,OTLY
4.36,4.365,4.355,4.36,5494,2022-04-12 16:28:00,OTLY
4.36,4.365,4.355,4.3587,7990,2022-04-12 16:29:00,OTLY
4.36,4.36,4.355,4.355,1200,2022-04-12 16:30:00,OTLY
4.36,4.36,4.355,4.355,1700,2022-04-12 16:31:00,OTLY
4.35,4.355,4.35,4.35,1800,2022-04-12 16:32:00,OTLY
4.3588,4.3588,4.3588,4.3588,200,2022-04-12 16:33:00,OTLY
4.355,4.355,4.35,4.35,604,2022-04-12 16:34:00,OTLY
4.36,4.36,4.35,4.355,943,2022-04-12 16:35:00,OTLY
4.36,4.36,4.355,4.355,1100,2022-04-12 16:36:00,OTLY
4.36,4.36,4.35,4.35,1609,2022-04-12 16:37:00,OTLY
4.355,4.355,4.35,4.35,5385,2022-04-12 16:38:00,OTLY
4.35,4.355,4.35,4.35,2723,2022-04-12 16:39:00,OTLY
4.35,4.35,4.34,4.34,8355,2022-04-12 16:40:00,OTLY
4.34,4.3488,4.34,4.34,2332,2022-04-12 16:41:00,OTLY
4.3436,4.35,4.335,4.335,3102,2022-04-12 16:42:00,OTLY
4.33,4.34,4.33,4.335,3724,2022-04-12 16:43:00,OTLY
4.34,4.34,4.33,4.333,5800,2022-04-12 16:44:00,OTLY
4.3396,4.3396,4.3396,4.3396,164,2022-04-12 16:45:00,OTLY
4.335,4.335,4.335,4.335,200,2022-04-12 16:46:00,OTLY
4.33,4.335,4.33,4.33,2141,2022-04-12 16:47:00,OTLY
4.335,4.34,4.335,4.335,15354,2022-04-12 16:48:00,OTLY
4.34,4.35,4.34,4.3494,10880,2022-04-12 16:49:00,OTLY
4.35,4.35,4.345,4.345,18812,2022-04-12 16:50:00,OTLY
4.3517,4.355,4.35,4.355,682,2022-04-12 16:51:00,OTLY
4.35,4.355,4.35,4.355,11059,2022-04-12 16:52:00,OTLY
4.35,4.35,4.345,4.345,2713,2022-04-12 16:53:00,OTLY
4.34,4.345,4.34,4.345,5100,2022-04-12 16:54:00,OTLY
4.345,4.345,4.34,4.34,1600,2022-04-12 16:55:00,OTLY
4.345,4.345,4.34,4.34,2742,2022-04-12 16:56:00,OTLY
4.34,4.3488,4.34,4.34,1846,2022-04-12 16:57:00,OTLY
4.34,4.35,4.34,4.345,17952,2022-04-12 16:58:00,OTLY
4.35,4.35,4.35,4.35,200,2022-04-12 16:59:00,OTLY
4.35,4.355,4.35,4.355,2201,2022-04-12 17:00:00,OTLY
4.35,4.355,4.35,4.35,2362,2022-04-12 17:01:00,OTLY
4.35,4.35,4.345,4.345,700,2022-04-12 17:02:00,OTLY
4.34,4.34,4.335,4.335,8278,2022-04-12 17:03:00,OTLY
4.335,4.335,4.33,4.335,600,2022-04-12 17:04:00,OTLY
4.335,4.345,4.335,4.345,22591,2022-04-12 17:05:00,OTLY
4.345,4.345,4.345,4.345,1089,2022-04-12 17:06:00,OTLY
4.345,4.345,4.345,4.345,2077,2022-04-12 17:07:00,OTLY
4.3487,4.3487,4.34,4.345,2000,2022-04-12 17:08:00,OTLY
4.345,4.345,4.345,4.345,115,2022-04-12 17:09:00,OTLY
4.345,4.345,4.345,4.345,800,2022-04-12 17:10:00,OTLY
4.35,4.35,4.34,4.345,1900,2022-04-12 17:11:00,OTLY
4.345,4.3496,4.34,4.345,1920,2022-04-12 17:12:00,OTLY
4.345,4.36,4.345,4.355,15468,2022-04-12 17:13:00,OTLY
4.355,4.3599,4.35,4.3599,1200,2022-04-12 17:14:00,OTLY
4.35,4.355,4.35,4.355,2611,2022-04-12 17:15:00,OTLY
4.35,4.355,4.34,4.34,8728,2022-04-12 17:16:00,OTLY
4.345,4.345,4.34,4.345,1736,2022-04-12 17:17:00,OTLY
4.345,4.35,4.34,4.345,14744,2022-04-12 17:19:00,OTLY
4.35,4.36,4.35,4.355,2332,2022-04-12 17:20:00,OTLY
4.35,4.355,4.35,4.35,324,2022-04-12 17:21:00,OTLY
4.355,4.355,4.35,4.355,5961,2022-04-12 17:22:00,OTLY
4.35,4.35,4.34,4.34,1700,2022-04-12 17:23:00,OTLY
4.34,4.34,4.34,4.34,100,2022-04-12 17:24:00,OTLY
4.34,4.345,4.34,4.34,602,2022-04-12 17:25:00,OTLY
4.345,4.345,4.33,4.335,14195,2022-04-12 17:26:00,OTLY
4.3388,4.3388,4.3305,4.335,6700,2022-04-12 17:27:00,OTLY
4.3351,4.3351,4.33,4.335,11500,2022-04-12 17:28:00,OTLY
4.34,4.34,4.33,4.335,600,2022-04-12 17:29:00,OTLY
4.3352,4.3356,4.33,4.335,4916,2022-04-12 17:30:00,OTLY
4.3313,4.3386,4.3313,4.335,6680,2022-04-12 17:31:00,OTLY
4.335,4.34,4.3301,4.335,8618,2022-04-12 17:32:00,OTLY
4.3369,4.3369,4.33,4.335,2618,2022-04-12 17:33:00,OTLY
4.335,4.34,4.33,4.34,4612,2022-04-12 17:34:00,OTLY
4.3306,4.335,4.33,4.33,7200,2022-04-12 17:35:00,OTLY
4.335,4.335,4.33,4.33,6602,2022-04-12 17:36:00,OTLY
4.33,4.3399,4.33,4.33,1200,2022-04-12 17:37:00,OTLY
4.335,4.335,4.33,4.33,2529,2022-04-12 17:38:00,OTLY
4.33,4.335,4.315,4.315,38176,2022-04-12 17:39:00,OTLY
4.315,4.32,4.31,4.315,4598,2022-04-12 17:40:00,OTLY
4.315,4.315,4.31,4.315,1436,2022-04-12 17:41:00,OTLY
4.315,4.319,4.315,4.315,700,2022-04-12 17:42:00,OTLY
4.315,4.3161,4.31,4.31,1901,2022-04-12 17:43:00,OTLY
4.315,4.315,4.31,4.31,4247,2022-04-12 17:44:00,OTLY
4.31,4.3168,4.31,4.31,1650,2022-04-12 17:45:00,OTLY
4.31,4.3163,4.31,4.3163,3000,2022-04-12 17:46:00,OTLY
4.31,4.3111,4.31,4.3111,1372,2022-04-12 17:47:00,OTLY
4.315,4.3199,4.31,4.31,900,2022-04-12 17:48:00,OTLY
4.315,4.315,4.31,4.31,900,2022-04-12 17:49:00,OTLY
4.31,4.32,4.31,4.31,1220,2022-04-12 17:50:00,OTLY
4.31,4.315,4.3,4.3,48435,2022-04-12 17:51:00,OTLY
4.3099,4.31,4.3,4.305,5300,2022-04-12 17:52:00,OTLY
4.3,4.33,4.3,4.33,97914,2022-04-12 17:53:00,OTLY
4.32,4.3295,4.32,4.32,11655,2022-04-12 17:54:00,OTLY
4.32,4.32,4.315,4.3188,5737,2022-04-12 17:55:00,OTLY
4.32,4.325,4.315,4.32,25825,2022-04-12 17:56:00,OTLY
4.3201,4.3283,4.32,4.325,3303,2022-04-12 17:57:00,OTLY
4.325,4.33,4.32,4.32,9800,2022-04-12 17:58:00,OTLY
4.325,4.33,4.32,4.32,8600,2022-04-12 17:59:00,OTLY
4.32,4.33,4.32,4.325,6700,2022-04-12 18:00:00,OTLY
4.321,4.329,4.3209,4.325,2948,2022-04-12 18:02:00,OTLY
4.325,4.33,4.325,4.325,8200,2022-04-12 18:03:00,OTLY
4.325,4.3288,4.325,4.3288,1815,2022-04-12 18:04:00,OTLY
4.325,4.33,4.325,4.325,1397,2022-04-12 18:05:00,OTLY
4.325,4.325,4.325,4.325,1000,2022-04-12 18:06:00,OTLY
4.3212,4.335,4.3212,4.335,13230,2022-04-12 18:07:00,OTLY
4.335,4.335,4.325,4.325,10141,2022-04-12 18:08:00,OTLY
4.32,4.33,4.32,4.33,2510,2022-04-12 18:09:00,OTLY
4.33,4.33,4.3205,4.3205,7385,2022-04-12 18:10:00,OTLY
4.325,4.33,4.325,4.325,5751,2022-04-12 18:11:00,OTLY
4.32,4.325,4.32,4.32,7518,2022-04-12 18:12:00,OTLY
4.31,4.315,4.31,4.315,400,2022-04-12 18:13:00,OTLY
4.31,4.3199,4.31,4.3199,600,2022-04-12 18:14:00,OTLY
4.315,4.315,4.29,4.295,86181,2022-04-12 18:15:00,OTLY
4.295,4.3,4.29,4.2902,18600,2022-04-12 18:16:00,OTLY
4.295,4.295,4.29,4.295,6300,2022-04-12 18:17:00,OTLY
4.29,4.3,4.29,4.3,19800,2022-04-12 18:18:00,OTLY
4.295,4.2984,4.29,4.295,3415,2022-04-12 18:19:00,OTLY
4.295,4.295,4.29,4.295,901,2022-04-12 18:20:00,OTLY
4.295,4.3,4.28,4.285,29623,2022-04-12 18:21:00,OTLY
4.2812,4.2895,4.2812,4.285,5430,2022-04-12 18:22:00,OTLY
4.289,4.289,4.285,4.285,800,2022-04-12 18:23:00,OTLY
4.2899,4.2899,4.28,4.285,1570,2022-04-12 18:24:00,OTLY
4.28,4.29,4.28,4.285,5193,2022-04-12 18:25:00,OTLY
4.2899,4.2899,4.285,4.2893,6450,2022-04-12 18:26:00,OTLY
4.285,4.285,4.28,4.285,5320,2022-04-12 18:27:00,OTLY
4.28,4.285,4.28,4.285,600,2022-04-12 18:28:00,OTLY
4.28,4.285,4.28,4.28,5954,2022-04-12 18:29:00,OTLY
4.28,4.28,4.27,4.275,10496,2022-04-12 18:30:00,OTLY
4.275,4.2799,4.275,4.275,525,2022-04-12 18:31:00,OTLY
4.28,4.29,4.275,4.28,24208,2022-04-12 18:32:00,OTLY
4.28,4.285,4.28,4.285,800,2022-04-12 18:33:00,OTLY
4.28,4.285,4.27,4.2785,5960,2022-04-12 18:34:00,OTLY
4.2713,4.28,4.2713,4.275,13534,2022-04-12 18:35:00,OTLY
4.285,4.285,4.285,4.285,700,2022-04-12 18:36:00,OTLY
4.285,4.285,4.28,4.28,300,2022-04-12 18:37:00,OTLY
4.285,4.285,4.275,4.279,6122,2022-04-12 18:38:00,OTLY
4.275,4.28,4.275,4.2797,18916,2022-04-12 18:39:00,OTLY
4.275,4.2785,4.27,4.27,1497,2022-04-12 18:40:00,OTLY
4.27,4.2791,4.27,4.275,2251,2022-04-12 18:41:00,OTLY
4.275,4.275,4.27,4.275,950,2022-04-12 18:42:00,OTLY
4.27,4.2758,4.27,4.2758,2050,2022-04-12 18:43:00,OTLY
4.27,4.275,4.27,4.275,1160,2022-04-12 18:44:00,OTLY
4.28,4.285,4.275,4.28,12504,2022-04-12 18:45:00,OTLY
4.28,4.29,4.28,4.2857,6600,2022-04-12 18:46:00,OTLY
4.285,4.3,4.285,4.2985,17992,2022-04-12 18:47:00,OTLY
4.29,4.29,4.28,4.28,7640,2022-04-12 18:48:00,OTLY
4.28,4.2898,4.28,4.285,800,2022-04-12 18:49:00,OTLY
4.28,4.2815,4.28,4.28,738,2022-04-12 18:50:00,OTLY
4.28,4.28,4.27,4.27,1800,2022-04-12 18:51:00,OTLY
4.28,4.28,4.2736,4.275,3136,2022-04-12 18:52:00,OTLY
4.28,4.28,4.275,4.28,23065,2022-04-12 18:53:00,OTLY
4.275,4.275,4.27,4.275,4900,2022-04-12 18:54:00,OTLY
4.2701,4.285,4.2701,4.28,21321,2022-04-12 18:55:00,OTLY
4.28,4.2801,4.28,4.2801,4369,2022-04-12 18:56:00,OTLY
4.285,4.29,4.28,4.29,6860,2022-04-12 18:57:00,OTLY
4.285,4.285,4.28,4.28,3443,2022-04-12 18:58:00,OTLY
4.285,4.285,4.28,4.285,1886,2022-04-12 18:59:00,OTLY
4.285,4.285,4.285,4.285,900,2022-04-12 19:00:00,OTLY
4.28,4.285,4.28,4.28,1200,2022-04-12 19:01:00,OTLY
4.285,4.285,4.28,4.28,2300,2022-04-12 19:02:00,OTLY
4.28,4.28,4.265,4.265,25960,2022-04-12 19:03:00,OTLY
4.265,4.2694,4.26,4.2694,4218,2022-04-12 19:04:00,OTLY
4.265,4.27,4.26,4.2653,3104,2022-04-12 19:05:00,OTLY
4.265,4.265,4.26,4.26,3100,2022-04-12 19:06:00,OTLY
4.265,4.27,4.26,4.265,16718,2022-04-12 19:07:00,OTLY
4.265,4.27,4.26,4.265,2300,2022-04-12 19:08:00,OTLY
4.27,4.27,4.26,4.265,3590,2022-04-12 19:09:00,OTLY
4.265,4.2699,4.265,4.2699,2100,2022-04-12 19:10:00,OTLY
4.265,4.265,4.26,4.26,4323,2022-04-12 19:11:00,OTLY
4.26,4.27,4.26,4.265,7263,2022-04-12 19:12:00,OTLY
4.26,4.265,4.26,4.265,6817,2022-04-12 19:13:00,OTLY
4.265,4.2653,4.26,4.26,12723,2022-04-12 19:14:00,OTLY
4.265,4.27,4.26,4.265,16987,2022-04-12 19:15:00,OTLY
4.265,4.27,4.26,4.27,5000,2022-04-12 19:16:00,OTLY
4.27,4.27,4.265,4.265,1200,2022-04-12 19:17:00,OTLY
4.265,4.27,4.26,4.265,3512,2022-04-12 19:18:00,OTLY
4.27,4.27,4.26,4.265,2700,2022-04-12 19:19:00,OTLY
4.265,4.3,4.265,4.295,49300,2022-04-12 19:20:00,OTLY
4.295,4.295,4.28,4.2845,20556,2022-04-12 19:21:00,OTLY
4.285,4.2885,4.28,4.285,9315,2022-04-12 19:22:00,OTLY
4.28,4.3,4.28,4.295,14650,2022-04-12 19:23:00,OTLY
4.29,4.295,4.28,4.29,27650,2022-04-12 19:24:00,OTLY
4.2888,4.2888,4.28,4.285,6053,2022-04-12 19:25:00,OTLY
4.285,4.285,4.28,4.28,6023,2022-04-12 19:26:00,OTLY
4.285,4.285,4.27,4.275,14839,2022-04-12 19:27:00,OTLY
4.275,4.28,4.27,4.275,1700,2022-04-12 19:28:00,OTLY
4.275,4.278,4.27,4.275,3500,2022-04-12 19:29:00,OTLY
4.275,4.28,4.27,4.275,4333,2022-04-12 19:30:00,OTLY
4.275,4.28,4.275,4.275,2500,2022-04-12 19:31:00,OTLY
4.275,4.3,4.27,4.295,84587,2022-04-12 19:32:00,OTLY
4.295,4.295,4.28,4.285,28826,2022-04-12 19:33:00,OTLY
4.285,4.285,4.27,4.275,33938,2022-04-12 19:34:00,OTLY
4.275,4.28,4.27,4.275,12412,2022-04-12 19:35:00,OTLY
4.275,4.305,4.275,4.305,87211,2022-04-12 19:36:00,OTLY
4.305,4.305,4.29,4.295,24025,2022-04-12 19:37:00,OTLY
4.295,4.3,4.29,4.29,14525,2022-04-12 19:38:00,OTLY
4.29,4.3,4.29,4.3,8826,2022-04-12 19:39:00,OTLY
4.295,4.31,4.295,4.31,21051,2022-04-12 19:40:00,OTLY
4.305,4.31,4.3,4.305,16749,2022-04-12 19:41:00,OTLY
4.305,4.31,4.305,4.305,4732,2022-04-12 19:42:00,OTLY
4.305,4.31,4.3,4.305,4503,2022-04-12 19:43:00,OTLY
4.305,4.31,4.3,4.305,8553,2022-04-12 19:44:00,OTLY
4.3,4.31,4.29,4.295,21689,2022-04-12 19:45:00,OTLY
4.295,4.3,4.29,4.295,6766,2022-04-12 19:46:00,OTLY
4.295,4.31,4.29,4.31,21169,2022-04-12 19:47:00,OTLY
4.31,4.315,4.3,4.315,31619,2022-04-12 19:48:00,OTLY
4.315,4.32,4.31,4.32,13910,2022-04-12 19:49:00,OTLY
4.315,4.315,4.3,4.305,30413,2022-04-12 19:50:00,OTLY
4.305,4.31,4.29,4.295,30361,2022-04-12 19:51:00,OTLY
4.29,4.3,4.29,4.295,15812,2022-04-12 19:52:00,OTLY
4.295,4.3,4.29,4.295,24051,2022-04-12 19:53:00,OTLY
4.295,4.31,4.29,4.305,25581,2022-04-12 19:54:00,OTLY
4.305,4.31,4.3,4.31,32919,2022-04-12 19:55:00,OTLY
4.305,4.31,4.3,4.305,19042,2022-04-12 19:56:00,OTLY
4.31,4.31,4.3,4.305,37132,2022-04-12 19:57:00,OTLY
4.305,4.31,4.3,4.31,28854,2022-04-12 19:58:00,OTLY
4.31,4.32,4.3046,4.32,63174,2022-04-12 19:59:00,OTLY
4.31,4.31,4.31,4.31,79736,2022-04-12 20:00:00,OTLY
4.33,4.33,4.33,4.33,200,2022-04-12 20:03:00,OTLY
4.33,4.33,4.33,4.33,100,2022-04-12 20:16:00,OTLY
4.31,4.31,4.31,4.31,198,2022-04-12 20:22:00,OTLY
4.32,4.32,4.32,4.32,465,2022-04-12 20:41:00,OTLY
4.32,4.32,4.32,4.32,120,2022-04-12 20:45:00,OTLY
4.32,4.32,4.32,4.32,250,2022-04-12 21:10:00,OTLY
4.32,4.32,4.32,4.32,100,2022-04-12 21:31:00,OTLY
4.3,4.3,4.3,4.3,550,2022-04-12 21:52:00,OTLY
4.3101,4.3101,4.3101,4.3101,749,2022-04-12 21:57:00,OTLY
4.33,4.33,4.33,4.33,700,2022-04-12 22:05:00,OTLY
4.33,4.33,4.33,4.33,126,2022-04-12 22:09:00,OTLY
4.31,4.31,4.31,4.31,215,2022-04-12 22:35:00,OTLY
4.33,4.33,4.33,4.33,500,2022-04-12 23:52:00,OTLY
4.33,4.33,4.33,4.33,100,2022-04-12 23:57:00,OTLY
4.31,4.31,4.31,4.31,1800,2022-04-13 08:07:00,OTLY
4.31,4.31,4.31,4.31,870,2022-04-13 08:08:00,OTLY
4.31,4.31,4.31,4.31,2385,2022-04-13 08:11:00,OTLY
4.37,4.37,4.37,4.37,100,2022-04-13 11:23:00,OTLY
4.38,4.38,4.38,4.38,100,2022-04-13 11:27:00,OTLY
4.37,4.37,4.37,4.37,200,2022-04-13 11:33:00,OTLY
4.37,4.37,4.37,4.37,700,2022-04-13 11:37:00,OTLY
4.37,4.37,4.37,4.37,700,2022-04-13 11:43:00,OTLY
4.37,4.37,4.37,4.37,1000,2022-04-13 11:47:00,OTLY
4.37,4.37,4.37,4.37,100,2022-04-13 11:53:00,OTLY
4.37,4.37,4.37,4.37,400,2022-04-13 11:54:00,OTLY
4.37,4.37,4.37,4.37,244,2022-04-13 12:00:00,OTLY
4.36,4.36,4.31,4.31,971,2022-04-13 12:15:00,OTLY
4.3,4.3,4.23,4.24,3403,2022-04-13 12:16:00,OTLY
4.26,4.26,4.26,4.26,100,2022-04-13 12:17:00,OTLY
4.29,4.29,4.29,4.29,300,2022-04-13 12:18:00,OTLY
4.29,4.3,4.27,4.3,1100,2022-04-13 12:19:00,OTLY
4.33,4.33,4.33,4.33,600,2022-04-13 12:35:00,OTLY
4.32,4.32,4.32,4.32,100,2022-04-13 12:38:00,OTLY
4.32,4.32,4.32,4.32,100,2022-04-13 12:40:00,OTLY
4.32,4.32,4.32,4.32,200,2022-04-13 13:11:00,OTLY
4.32,4.32,4.32,4.32,1000,2022-04-13 13:13:00,OTLY
4.32,4.32,4.32,4.32,200,2022-04-13 13:19:00,OTLY
4.32,4.32,4.32,4.32,1009,2022-04-13 13:20:00,OTLY
4.39,4.39,4.39,4.39,100,2022-04-13 13:28:00,OTLY
4.34,4.37,4.24,4.27,75717,2022-04-13 13:30:00,OTLY
4.27,4.27,4.22,4.226,16828,2022-04-13 13:31:00,OTLY
4.23,4.2583,4.21,4.2583,23288,2022-04-13 13:32:00,OTLY
4.24,4.245,4.22,4.24,11687,2022-04-13 13:33:00,OTLY
4.245,4.25,4.235,4.2463,11810,2022-04-13 13:34:00,OTLY
4.25,4.26,4.25,4.255,4025,2022-04-13 13:35:00,OTLY
4.255,4.26,4.25,4.25,4950,2022-04-13 13:36:00,OTLY
4.255,4.27,4.255,4.265,7504,2022-04-13 13:37:00,OTLY
4.265,4.28,4.265,4.275,3600,2022-04-13 13:38:00,OTLY
4.275,4.28,4.27,4.27,8637,2022-04-13 13:39:00,OTLY
4.265,4.27,4.255,4.255,16045,2022-04-13 13:40:00,OTLY
4.26,4.265,4.255,4.26,7721,2022-04-13 13:41:00,OTLY
4.265,4.28,4.265,4.275,16380,2022-04-13 13:42:00,OTLY
4.28,4.28,4.275,4.275,3484,2022-04-13 13:43:00,OTLY
4.275,4.3,4.275,4.2793,13434,2022-04-13 13:44:00,OTLY
4.275,4.3,4.275,4.295,17454,2022-04-13 13:45:00,OTLY
4.295,4.33,4.295,4.32,16104,2022-04-13 13:46:00,OTLY
4.315,4.33,4.31,4.32,16391,2022-04-13 13:47:00,OTLY
4.32,4.32,4.275,4.275,58085,2022-04-13 13:48:00,OTLY
4.2899,4.2899,4.27,4.275,9509,2022-04-13 13:49:00,OTLY
4.275,4.285,4.27,4.28,7990,2022-04-13 13:50:00,OTLY
4.28,4.28,4.27,4.27,10992,2022-04-13 13:51:00,OTLY
4.27,4.275,4.26,4.27,4244,2022-04-13 13:52:00,OTLY
4.275,4.285,4.275,4.28,26437,2022-04-13 13:53:00,OTLY
4.29,4.3,4.285,4.29,7965,2022-04-13 13:54:00,OTLY
4.29,4.29,4.285,4.285,1550,2022-04-13 13:55:00,OTLY
4.275,4.275,4.25,4.255,6258,2022-04-13 13:56:00,OTLY
4.2691,4.27,4.265,4.265,7059,2022-04-13 13:57:00,OTLY
4.27,4.3,4.265,4.2901,14826,2022-04-13 13:58:00,OTLY
4.29,4.29,4.2801,4.285,1975,2022-04-13 13:59:00,OTLY
4.29,4.29,4.25,4.25,9680,2022-04-13 14:00:00,OTLY
4.2501,4.26,4.24,4.245,9135,2022-04-13 14:01:00,OTLY
4.255,4.2798,4.25,4.2798,10328,2022-04-13 14:02:00,OTLY
4.275,4.2788,4.265,4.275,8887,2022-04-13 14:03:00,OTLY
4.27,4.29,4.27,4.29,9627,2022-04-13 14:04:00,OTLY
4.29,4.31,4.29,4.305,6100,2022-04-13 14:05:00,OTLY
4.3088,4.31,4.3001,4.3001,1499,2022-04-13 14:06:00,OTLY
4.3018,4.3088,4.3,4.3088,2480,2022-04-13 14:07:00,OTLY
4.305,4.31,4.3,4.305,23077,2022-04-13 14:08:00,OTLY
4.31,4.31,4.28,4.28,13533,2022-04-13 14:09:00,OTLY
4.285,4.288,4.27,4.27,16200,2022-04-13 14:10:00,OTLY
4.275,4.275,4.26,4.27,5000,2022-04-13 14:11:00,OTLY
4.275,4.285,4.27,4.285,13500,2022-04-13 14:12:00,OTLY
4.28,4.28,4.27,4.275,5685,2022-04-13 14:13:00,OTLY
4.275,4.28,4.275,4.275,3501,2022-04-13 14:14:00,OTLY
4.275,4.29,4.275,4.29,10361,2022-04-13 14:15:00,OTLY
4.3,4.305,4.3,4.3,13794,2022-04-13 14:16:00,OTLY
4.307,4.307,4.295,4.3,19647,2022-04-13 14:17:00,OTLY
4.295,4.295,4.29,4.295,4325,2022-04-13 14:18:00,OTLY
4.29,4.2999,4.29,4.29,3478,2022-04-13 14:19:00,OTLY
4.29,4.29,4.29,4.29,2200,2022-04-13 14:20:00,OTLY
4.295,4.3,4.29,4.3,12407,2022-04-13 14:21:00,OTLY
4.29,4.3,4.29,4.295,9294,2022-04-13 14:22:00,OTLY
4.305,4.31,4.3,4.305,4600,2022-04-13 14:23:00,OTLY
4.3088,4.3088,4.3088,4.3088,116,2022-04-13 14:24:00,OTLY
4.305,4.31,4.3,4.305,9500,2022-04-13 14:25:00,OTLY
4.3,4.305,4.3,4.3,2651,2022-04-13 14:26:00,OTLY
4.3,4.3,4.295,4.295,13082,2022-04-13 14:27:00,OTLY
4.29,4.29,4.29,4.29,500,2022-04-13 14:28:00,OTLY
4.295,4.2999,4.28,4.28,3300,2022-04-13 14:29:00,OTLY
4.285,4.305,4.28,4.305,16324,2022-04-13 14:30:00,OTLY
4.3,4.305,4.3,4.3,4900,2022-04-13 14:31:00,OTLY
4.305,4.3075,4.295,4.295,5621,2022-04-13 14:32:00,OTLY
4.295,4.295,4.29,4.29,2200,2022-04-13 14:33:00,OTLY
4.29,4.3,4.29,4.295,2506,2022-04-13 14:34:00,OTLY
4.295,4.295,4.28,4.2818,5641,2022-04-13 14:35:00,OTLY
4.285,4.29,4.28,4.285,4504,2022-04-13 14:36:00,OTLY
4.285,4.29,4.28,4.2875,1400,2022-04-13 14:37:00,OTLY
4.28,4.295,4.28,4.29,4615,2022-04-13 14:38:00,OTLY
4.2975,4.2975,4.285,4.29,10987,2022-04-13 14:39:00,OTLY
4.29,4.29,4.27,4.27,7267,2022-04-13 14:40:00,OTLY
4.27,4.28,4.27,4.275,13073,2022-04-13 14:41:00,OTLY
4.275,4.2899,4.275,4.28,7297,2022-04-13 14:42:00,OTLY
4.29,4.29,4.2819,4.285,4403,2022-04-13 14:43:00,OTLY
4.285,4.29,4.28,4.29,4597,2022-04-13 14:44:00,OTLY
4.297,4.2975,4.29,4.29,1431,2022-04-13 14:45:00,OTLY
4.29,4.305,4.29,4.305,6817,2022-04-13 14:46:00,OTLY
4.305,4.305,4.295,4.3,11701,2022-04-13 14:47:00,OTLY
4.3092,4.315,4.3,4.315,6236,2022-04-13 14:48:00,OTLY
4.31,4.32,4.3006,4.305,12331,2022-04-13 14:49:00,OTLY
4.3,4.305,4.3,4.3,3000,2022-04-13 14:50:00,OTLY
4.31,4.31,4.3045,4.305,1847,2022-04-13 14:51:00,OTLY
4.3,4.3,4.3,4.3,2309,2022-04-13 14:52:00,OTLY
4.3041,4.3041,4.3,4.3,5763,2022-04-13 14:53:00,OTLY
4.305,4.32,4.305,4.31,10839,2022-04-13 14:54:00,OTLY
4.31,4.315,4.305,4.31,23418,2022-04-13 14:55:00,OTLY
4.32,4.325,4.31,4.325,31309,2022-04-13 14:56:00,OTLY
4.32,4.325,4.32,4.32,5926,2022-04-13 14:57:00,OTLY
4.32,4.325,4.31,4.32,5384,2022-04-13 14:58:00,OTLY
4.315,4.315,4.31,4.31,11818,2022-04-13 14:59:00,OTLY
4.305,4.31,4.3,4.3,9472,2022-04-13 15:00:00,OTLY
4.3,4.305,4.3,4.3,2884,2022-04-13 15:01:00,OTLY
4.3,4.31,4.3,4.305,6367,2022-04-13 15:02:00,OTLY
4.305,4.315,4.305,4.31,8829,2022-04-13 15:03:00,OTLY
4.315,4.33,4.31,4.3273,15293,2022-04-13 15:04:00,OTLY
4.325,4.33,4.32,4.32,3101,2022-04-13 15:05:00,OTLY
4.32,4.3275,4.32,4.3209,3597,2022-04-13 15:06:00,OTLY
4.32,4.32,4.31,4.31,2558,2022-04-13 15:07:00,OTLY
4.315,4.32,4.31,4.315,5014,2022-04-13 15:08:00,OTLY
4.31,4.3175,4.31,4.3175,1200,2022-04-13 15:09:00,OTLY
4.315,4.315,4.31,4.31,1948,2022-04-13 15:10:00,OTLY
4.3101,4.315,4.31,4.315,652,2022-04-13 15:11:00,OTLY
4.315,4.315,4.315,4.315,225,2022-04-13 15:12:00,OTLY
4.315,4.33,4.315,4.325,12588,2022-04-13 15:13:00,OTLY
4.325,4.3299,4.32,4.325,7030,2022-04-13 15:14:00,OTLY
4.325,4.345,4.325,4.34,33448,2022-04-13 15:15:00,OTLY
4.34,4.34,4.325,4.325,9122,2022-04-13 15:16:00,OTLY
4.325,4.325,4.32,4.325,3900,2022-04-13 15:17:00,OTLY
4.325,4.325,4.32,4.32,6899,2022-04-13 15:18:00,OTLY
4.32,4.32,4.32,4.32,1364,2022-04-13 15:19:00,OTLY
4.325,4.325,4.32,4.325,8300,2022-04-13 15:20:00,OTLY
4.325,4.328,4.32,4.3275,10714,2022-04-13 15:21:00,OTLY
4.33,4.35,4.325,4.34,27265,2022-04-13 15:22:00,OTLY
4.345,4.35,4.34,4.34,44423,2022-04-13 15:23:00,OTLY
4.34,4.345,4.34,4.34,8490,2022-04-13 15:24:00,OTLY
4.34,4.34,4.33,4.335,9778,2022-04-13 15:25:00,OTLY
4.335,4.345,4.33,4.345,6961,2022-04-13 15:26:00,OTLY
4.34,4.35,4.34,4.345,5725,2022-04-13 15:27:00,OTLY
4.3499,4.3499,4.345,4.349,1130,2022-04-13 15:28:00,OTLY
4.35,4.35,4.34,4.345,4852,2022-04-13 15:29:00,OTLY
4.345,4.345,4.345,4.345,800,2022-04-13 15:30:00,OTLY
4.34,4.345,4.34,4.345,4000,2022-04-13 15:31:00,OTLY
4.345,4.35,4.34,4.345,6730,2022-04-13 15:32:00,OTLY
4.345,4.3499,4.345,4.345,668,2022-04-13 15:33:00,OTLY
4.345,4.36,4.345,4.355,3700,2022-04-13 15:34:00,OTLY
4.355,4.36,4.355,4.36,700,2022-04-13 15:35:00,OTLY
4.355,4.37,4.355,4.365,6100,2022-04-13 15:36:00,OTLY
4.365,4.37,4.36,4.365,5099,2022-04-13 15:37:00,OTLY
4.365,4.37,4.36,4.36,5800,2022-04-13 15:38:00,OTLY
4.37,4.38,4.365,4.375,5299,2022-04-13 15:39:00,OTLY
4.375,4.38,4.37,4.38,4384,2022-04-13 15:40:00,OTLY
4.38,4.39,4.38,4.385,20557,2022-04-13 15:41:00,OTLY
4.385,4.385,4.37,4.375,19222,2022-04-13 15:42:00,OTLY
4.38,4.385,4.37,4.375,9705,2022-04-13 15:43:00,OTLY
4.375,4.38,4.37,4.375,9900,2022-04-13 15:44:00,OTLY
4.375,4.375,4.375,4.375,1486,2022-04-13 15:45:00,OTLY
4.375,4.375,4.37,4.375,1819,2022-04-13 15:46:00,OTLY
4.375,4.375,4.37,4.375,1093,2022-04-13 15:47:00,OTLY
4.37,4.37,4.36,4.365,10393,2022-04-13 15:48:00,OTLY
4.37,4.37,4.36,4.365,1563,2022-04-13 15:49:00,OTLY
4.365,4.37,4.365,4.365,3315,2022-04-13 15:50:00,OTLY
4.365,4.365,4.36,4.36,4106,2022-04-13 15:51:00,OTLY
4.365,4.3688,4.365,4.365,1900,2022-04-13 15:52:00,OTLY
4.365,4.38,4.365,4.375,16457,2022-04-13 15:53:00,OTLY
4.37,4.3788,4.37,4.3788,537,2022-04-13 15:54:00,OTLY
4.375,4.38,4.375,4.375,3400,2022-04-13 15:55:00,OTLY
4.375,4.4,4.375,4.395,19784,2022-04-13 15:56:00,OTLY
4.395,4.41,4.39,4.405,19304,2022-04-13 15:57:00,OTLY
4.405,4.4075,4.4,4.4,20038,2022-04-13 15:58:00,OTLY
4.405,4.4091,4.39,4.39,11990,2022-04-13 15:59:00,OTLY
4.39,4.395,4.37,4.3785,16161,2022-04-13 16:00:00,OTLY
4.375,4.38,4.37,4.375,16856,2022-04-13 16:01:00,OTLY
4.375,4.38,4.375,4.375,3113,2022-04-13 16:02:00,OTLY
4.375,4.375,4.3701,4.375,1600,2022-04-13 16:03:00,OTLY
4.375,4.375,4.37,4.375,3199,2022-04-13 16:04:00,OTLY
4.37,4.38,4.37,4.375,1800,2022-04-13 16:05:00,OTLY
4.375,4.375,4.37,4.375,2800,2022-04-13 16:06:00,OTLY
4.375,4.3775,4.371,4.375,500,2022-04-13 16:07:00,OTLY
4.375,4.38,4.37,4.37,5234,2022-04-13 16:08:00,OTLY
4.375,4.3775,4.36,4.37,14000,2022-04-13 16:09:00,OTLY
4.365,4.365,4.36,4.365,3800,2022-04-13 16:10:00,OTLY
4.365,4.365,4.365,4.365,400,2022-04-13 16:11:00,OTLY
4.365,4.365,4.36,4.36,1640,2022-04-13 16:12:00,OTLY
4.36,4.365,4.36,4.36,6453,2022-04-13 16:13:00,OTLY
4.36,4.37,4.36,4.365,5201,2022-04-13 16:14:00,OTLY
4.365,4.37,4.36,4.36,5069,2022-04-13 16:15:00,OTLY
4.36,4.36,4.35,4.35,3870,2022-04-13 16:16:00,OTLY
4.355,4.36,4.355,4.355,4481,2022-04-13 16:17:00,OTLY
4.36,4.36,4.35,4.35,5137,2022-04-13 16:18:00,OTLY
4.355,4.36,4.35,4.355,2400,2022-04-13 16:19:00,OTLY
4.355,4.355,4.35,4.355,1200,2022-04-13 16:20:00,OTLY
4.355,4.355,4.35,4.35,1200,2022-04-13 16:21:00,OTLY
4.355,4.355,4.34,4.34,5226,2022-04-13 16:22:00,OTLY
4.345,4.345,4.345,4.345,1600,2022-04-13 16:23:00,OTLY
4.35,4.36,4.345,4.35,16599,2022-04-13 16:24:00,OTLY
4.35,4.35,4.345,4.35,3861,2022-04-13 16:25:00,OTLY
4.35,4.35,4.345,4.345,1422,2022-04-13 16:26:00,OTLY
4.345,4.35,4.34,4.345,2978,2022-04-13 16:27:00,OTLY
4.35,4.355,4.35,4.355,5593,2022-04-13 16:28:00,OTLY
4.35,4.36,4.345,4.345,3721,2022-04-13 16:29:00,OTLY
4.35,4.35,4.34,4.34,1856,2022-04-13 16:30:00,OTLY
4.345,4.35,4.345,4.345,800,2022-04-13 16:31:00,OTLY
4.345,4.35,4.34,4.35,6980,2022-04-13 16:32:00,OTLY
4.35,4.355,4.35,4.355,1401,2022-04-13 16:33:00,OTLY
4.355,4.355,4.35,4.355,5017,2022-04-13 16:34:00,OTLY
4.355,4.36,4.355,4.36,3486,2022-04-13 16:35:00,OTLY
4.355,4.36,4.355,4.36,2912,2022-04-13 16:36:00,OTLY
4.36,4.365,4.35,4.365,5222,2022-04-13 16:37:00,OTLY
4.365,4.365,4.36,4.365,1609,2022-04-13 16:38:00,OTLY
4.365,4.365,4.36,4.365,5814,2022-04-13 16:39:00,OTLY
4.365,4.37,4.36,4.37,3100,2022-04-13 16:40:00,OTLY
4.365,4.365,4.36,4.365,2200,2022-04-13 16:41:00,OTLY
4.365,4.37,4.365,4.37,341,2022-04-13 16:42:00,OTLY
4.365,4.365,4.365,4.365,200,2022-04-13 16:43:00,OTLY
4.369,4.375,4.365,4.37,6637,2022-04-13 16:44:00,OTLY
4.375,4.375,4.36,4.365,8037,2022-04-13 16:45:00,OTLY
4.365,4.365,4.365,4.365,200,2022-04-13 16:46:00,OTLY
4.3609,4.369,4.3609,4.365,3339,2022-04-13 16:47:00,OTLY
4.365,4.37,4.365,4.37,1300,2022-04-13 16:48:00,OTLY
4.37,4.375,4.37,4.37,7146,2022-04-13 16:49:00,OTLY
4.375,4.375,4.37,4.375,1300,2022-04-13 16:50:00,OTLY
4.38,4.38,4.375,4.375,700,2022-04-13 16:51:00,OTLY
4.375,4.375,4.375,4.375,200,2022-04-13 16:52:00,OTLY
4.375,4.38,4.375,4.38,2000,2022-04-13 16:53:00,OTLY
4.37,4.39,4.37,4.39,23977,2022-04-13 16:54:00,OTLY
4.39,4.4,4.39,4.4,10842,2022-04-13 16:55:00,OTLY
4.395,4.4,4.39,4.39,38410,2022-04-13 16:56:00,OTLY
4.39,4.4,4.39,4.4,38996,2022-04-13 16:57:00,OTLY
4.4,4.415,4.395,4.415,37575,2022-04-13 16:58:00,OTLY
4.415,4.42,4.41,4.415,16429,2022-04-13 16:59:00,OTLY
4.42,4.42,4.415,4.415,1000,2022-04-13 17:00:00,OTLY
4.4196,4.42,4.41,4.42,8574,2022-04-13 17:01:00,OTLY
4.415,4.425,4.415,4.425,11833,2022-04-13 17:02:00,OTLY
4.43,4.43,4.43,4.43,200,2022-04-13 17:03:00,OTLY
4.43,4.43,4.4234,4.43,9950,2022-04-13 17:04:00,OTLY
4.43,4.43,4.42,4.425,12912,2022-04-13 17:05:00,OTLY
4.429,4.43,4.421,4.43,5859,2022-04-13 17:06:00,OTLY
4.425,4.43,4.415,4.415,25225,2022-04-13 17:07:00,OTLY
4.415,4.42,4.41,4.415,13017,2022-04-13 17:08:00,OTLY
4.415,4.415,4.41,4.415,3044,2022-04-13 17:09:00,OTLY
4.4109,4.415,4.4,4.4,16918,2022-04-13 17:10:00,OTLY
4.4,4.42,4.4,4.42,12624,2022-04-13 17:11:00,OTLY
4.4196,4.42,4.41,4.42,5158,2022-04-13 17:12:00,OTLY
4.42,4.43,4.418,4.425,21165,2022-04-13 17:13:00,OTLY
4.425,4.43,4.425,4.43,200,2022-04-13 17:14:00,OTLY
4.43,4.43,4.4294,4.4294,2078,2022-04-13 17:15:00,OTLY
4.425,4.425,4.425,4.425,1500,2022-04-13 17:16:00,OTLY
4.43,4.43,4.42,4.425,2800,2022-04-13 17:17:00,OTLY
4.43,4.43,4.42,4.43,4091,2022-04-13 17:18:00,OTLY
4.43,4.43,4.425,4.425,2300,2022-04-13 17:19:00,OTLY
4.425,4.425,4.41,4.41,24702,2022-04-13 17:20:00,OTLY
4.41,4.41,4.4,4.4,8371,2022-04-13 17:21:00,OTLY
4.4,4.405,4.395,4.395,4715,2022-04-13 17:22:00,OTLY
4.395,4.4,4.39,4.395,4800,2022-04-13 17:23:00,OTLY
4.395,4.3991,4.395,4.395,1166,2022-04-13 17:24:00,OTLY
4.395,4.395,4.38,4.3801,5024,2022-04-13 17:25:00,OTLY
4.3875,4.39,4.38,4.385,4150,2022-04-13 17:26:00,OTLY
4.38,4.388,4.38,4.385,5533,2022-04-13 17:27:00,OTLY
4.385,4.4,4.385,4.4,20944,2022-04-13 17:28:00,OTLY
4.395,4.4,4.39,4.4,5400,2022-04-13 17:29:00,OTLY
4.3925,4.4,4.3925,4.4,420,2022-04-13 17:30:00,OTLY
4.4,4.4,4.39,4.395,2800,2022-04-13 17:31:00,OTLY
4.395,4.4,4.39,4.395,1960,2022-04-13 17:32:00,OTLY
4.395,4.4,4.395,4.395,1111,2022-04-13 17:33:00,OTLY
4.395,4.4,4.395,4.4,545,2022-04-13 17:34:00,OTLY
4.395,4.4,4.39,4.395,12283,2022-04-13 17:35:00,OTLY
4.39,4.39,4.37,4.375,11816,2022-04-13 17:36:00,OTLY
4.375,4.38,4.37,4.375,4315,2022-04-13 17:37:00,OTLY
4.375,4.375,4.375,4.375,200,2022-04-13 17:38:00,OTLY
4.375,4.375,4.375,4.375,400,2022-04-13 17:39:00,OTLY
4.3791,4.38,4.37,4.375,7576,2022-04-13 17:40:00,OTLY
4.375,4.375,4.36,4.365,3447,2022-04-13 17:41:00,OTLY
4.365,4.365,4.36,4.365,1459,2022-04-13 17:42:00,OTLY
4.365,4.37,4.3612,4.3612,3200,2022-04-13 17:43:00,OTLY
4.365,4.365,4.365,4.365,100,2022-04-13 17:44:00,OTLY
4.365,4.365,4.36,4.365,1681,2022-04-13 17:45:00,OTLY
4.365,4.375,4.36,4.375,11083,2022-04-13 17:46:00,OTLY
4.38,4.38,4.37,4.375,4100,2022-04-13 17:47:00,OTLY
4.375,4.375,4.36,4.3675,12955,2022-04-13 17:48:00,OTLY
4.365,4.365,4.355,4.355,5510,2022-04-13 17:49:00,OTLY
4.355,4.355,4.355,4.355,200,2022-04-13 17:50:00,OTLY
4.355,4.355,4.355,4.355,600,2022-04-13 17:51:00,OTLY
4.355,4.355,4.35,4.35,400,2022-04-13 17:52:00,OTLY
4.355,4.355,4.355,4.355,200,2022-04-13 17:53:00,OTLY
4.355,4.365,4.35,4.365,5997,2022-04-13 17:54:00,OTLY
4.365,4.365,4.355,4.355,5263,2022-04-13 17:55:00,OTLY
4.355,4.355,4.355,4.355,300,2022-04-13 17:56:00,OTLY
4.355,4.36,4.355,4.36,5132,2022-04-13 17:57:00,OTLY
4.36,4.36,4.36,4.36,300,2022-04-13 17:58:00,OTLY
4.36,4.365,4.36,4.365,6477,2022-04-13 17:59:00,OTLY
4.37,4.37,4.36,4.36,4215,2022-04-13 18:00:00,OTLY
4.365,4.38,4.365,4.37,5653,2022-04-13 18:01:00,OTLY
4.375,4.38,4.375,4.38,2900,2022-04-13 18:02:00,OTLY
4.375,4.385,4.375,4.385,5053,2022-04-13 18:03:00,OTLY
4.38,4.38,4.37,4.375,14686,2022-04-13 18:04:00,OTLY
4.375,4.375,4.37,4.37,1800,2022-04-13 18:05:00,OTLY
4.37,4.3765,4.37,4.375,12957,2022-04-13 18:06:00,OTLY
4.37,4.375,4.37,4.375,3100,2022-04-13 18:07:00,OTLY
4.375,4.38,4.37,4.3797,4996,2022-04-13 18:08:00,OTLY
4.375,4.4,4.375,4.395,62289,2022-04-13 18:09:00,OTLY
4.39,4.395,4.38,4.385,9436,2022-04-13 18:10:00,OTLY
4.385,4.385,4.38,4.385,6539,2022-04-13 18:11:00,OTLY
4.38,4.38,4.37,4.375,3270,2022-04-13 18:12:00,OTLY
4.375,4.385,4.37,4.385,9251,2022-04-13 18:13:00,OTLY
4.385,4.385,4.385,4.385,100,2022-04-13 18:14:00,OTLY
4.385,4.385,4.385,4.385,400,2022-04-13 18:15:00,OTLY
4.385,4.385,4.385,4.385,200,2022-04-13 18:16:00,OTLY
4.385,4.385,4.385,4.385,800,2022-04-13 18:17:00,OTLY
4.39,4.39,4.38,4.385,2100,2022-04-13 18:18:00,OTLY
4.385,4.39,4.38,4.385,1704,2022-04-13 18:19:00,OTLY
4.385,4.385,4.375,4.38,25400,2022-04-13 18:20:00,OTLY
4.375,4.38,4.37,4.375,11300,2022-04-13 18:21:00,OTLY
4.37,4.375,4.37,4.375,2700,2022-04-13 18:22:00,OTLY
4.37,4.375,4.365,4.365,6177,2022-04-13 18:23:00,OTLY
4.365,4.365,4.36,4.365,1745,2022-04-13 18:24:00,OTLY
4.36,4.38,4.36,4.375,25189,2022-04-13 18:25:00,OTLY
4.37,4.37,4.36,4.37,12080,2022-04-13 18:26:00,OTLY
4.37,4.375,4.37,4.37,12506,2022-04-13 18:27:00,OTLY
4.37,4.37,4.36,4.365,2934,2022-04-13 18:28:00,OTLY
4.365,4.365,4.36,4.3625,12953,2022-04-13 18:29:00,OTLY
4.365,4.365,4.36,4.36,2705,2022-04-13 18:30:00,OTLY
4.36,4.3666,4.36,4.36,2015,2022-04-13 18:31:00,OTLY
4.365,4.365,4.35,4.355,12742,2022-04-13 18:32:00,OTLY
4.355,4.355,4.35,4.35,1500,2022-04-13 18:33:00,OTLY
4.355,4.36,4.35,4.36,900,2022-04-13 18:34:00,OTLY
4.35,4.3588,4.35,4.355,1331,2022-04-13 18:35:00,OTLY
4.355,4.355,4.355,4.355,1500,2022-04-13 18:36:00,OTLY
4.355,4.355,4.35,4.355,600,2022-04-13 18:37:00,OTLY
4.355,4.355,4.34,4.34,7962,2022-04-13 18:38:00,OTLY
4.345,4.345,4.34,4.345,900,2022-04-13 18:39:00,OTLY
4.345,4.345,4.34,4.34,2887,2022-04-13 18:40:00,OTLY
4.345,4.345,4.34,4.345,1484,2022-04-13 18:41:00,OTLY
4.345,4.345,4.34,4.345,500,2022-04-13 18:42:00,OTLY
4.345,4.35,4.345,4.345,3854,2022-04-13 18:43:00,OTLY
4.345,4.35,4.34,4.34,9485,2022-04-13 18:44:00,OTLY
4.345,4.345,4.3425,4.345,1316,2022-04-13 18:45:00,OTLY
4.345,4.345,4.34,4.345,400,2022-04-13 18:46:00,OTLY
4.345,4.345,4.34,4.345,1300,2022-04-13 18:47:00,OTLY
4.345,4.3499,4.34,4.34,4888,2022-04-13 18:48:00,OTLY
4.345,4.3488,4.345,4.345,1500,2022-04-13 18:49:00,OTLY
4.345,4.345,4.34,4.345,3200,2022-04-13 18:50:00,OTLY
4.345,4.345,4.34,4.34,1000,2022-04-13 18:51:00,OTLY
4.345,4.345,4.345,4.345,965,2022-04-13 18:52:00,OTLY
4.345,4.345,4.34,4.34,1900,2022-04-13 18:53:00,OTLY
4.345,4.3493,4.34,4.345,5676,2022-04-13 18:54:00,OTLY
4.345,4.345,4.34,4.345,500,2022-04-13 18:55:00,OTLY
4.345,4.345,4.34,4.345,1400,2022-04-13 18:56:00,OTLY
4.34,4.3469,4.34,4.3469,3700,2022-04-13 18:57:00,OTLY
4.345,4.345,4.345,4.345,22195,2022-04-13 18:58:00,OTLY
4.345,4.345,4.345,4.345,700,2022-04-13 18:59:00,OTLY
4.345,4.345,4.34,4.345,1000,2022-04-13 19:00:00,OTLY
4.345,4.345,4.34,4.34,3404,2022-04-13 19:01:00,OTLY
4.345,4.345,4.34,4.34,1070,2022-04-13 19:02:00,OTLY
4.345,4.345,4.33,4.335,7441,2022-04-13 19:03:00,OTLY
4.3305,4.335,4.33,4.335,11128,2022-04-13 19:04:00,OTLY
4.335,4.335,4.33,4.335,1600,2022-04-13 19:05:00,OTLY
4.335,4.34,4.335,4.335,2372,2022-04-13 19:06:00,OTLY
4.33,4.3396,4.33,4.335,6919,2022-04-13 19:07:00,OTLY
4.3375,4.3375,4.335,4.335,2700,2022-04-13 19:08:00,OTLY
4.3375,4.3375,4.335,4.335,900,2022-04-13 19:09:00,OTLY
4.335,4.3375,4.335,4.335,800,2022-04-13 19:10:00,OTLY
4.335,4.34,4.335,4.335,600,2022-04-13 19:11:00,OTLY
4.34,4.34,4.33,4.335,5500,2022-04-13 19:12:00,OTLY
4.335,4.34,4.335,4.335,3500,2022-04-13 19:13:00,OTLY
4.335,4.3375,4.33,4.335,1825,2022-04-13 19:14:00,OTLY
4.335,4.3392,4.33,4.33,3791,2022-04-13 19:15:00,OTLY
4.3385,4.34,4.335,4.335,2479,2022-04-13 19:16:00,OTLY
4.335,4.345,4.335,4.345,23456,2022-04-13 19:17:00,OTLY
4.345,4.3475,4.345,4.345,1800,2022-04-13 19:18:00,OTLY
4.3475,4.3475,4.34,4.345,1315,2022-04-13 19:19:00,OTLY
4.34,4.35,4.325,4.325,29082,2022-04-13 19:20:00,OTLY
4.325,4.3295,4.32,4.325,6204,2022-04-13 19:21:00,OTLY
4.325,4.325,4.32,4.325,2700,2022-04-13 19:22:00,OTLY
4.325,4.329,4.323,4.325,2900,2022-04-13 19:23:00,OTLY
4.325,4.325,4.3208,4.325,1890,2022-04-13 19:24:00,OTLY
4.325,4.33,4.325,4.325,2600,2022-04-13 19:25:00,OTLY
4.325,4.325,4.325,4.325,900,2022-04-13 19:26:00,OTLY
4.33,4.33,4.325,4.325,1100,2022-04-13 19:27:00,OTLY
4.3299,4.34,4.325,4.335,11407,2022-04-13 19:28:00,OTLY
4.335,4.34,4.33,4.33,2000,2022-04-13 19:29:00,OTLY
4.34,4.34,4.3336,4.335,4377,2022-04-13 19:30:00,OTLY
4.335,4.36,4.335,4.355,21414,2022-04-13 19:31:00,OTLY
4.355,4.36,4.355,4.36,2558,2022-04-13 19:32:00,OTLY
4.36,4.37,4.355,4.37,12401,2022-04-13 19:33:00,OTLY
4.365,4.38,4.365,4.375,5040,2022-04-13 19:34:00,OTLY
4.375,4.38,4.3704,4.378,18250,2022-04-13 19:35:00,OTLY
4.38,4.38,4.365,4.3697,21189,2022-04-13 19:36:00,OTLY
4.3699,4.37,4.365,4.37,8292,2022-04-13 19:37:00,OTLY
4.37,4.375,4.37,4.375,3593,2022-04-13 19:38:00,OTLY
4.375,4.38,4.365,4.3689,23525,2022-04-13 19:39:00,OTLY
4.365,4.365,4.365,4.365,2590,2022-04-13 19:40:00,OTLY
4.365,4.365,4.36,4.36,9611,2022-04-13 19:41:00,OTLY
4.36,4.36,4.3501,4.355,20362,2022-04-13 19:42:00,OTLY
4.355,4.37,4.355,4.365,35402,2022-04-13 19:43:00,OTLY
4.365,4.37,4.365,4.37,16679,2022-04-13 19:44:00,OTLY
4.37,4.39,4.37,4.385,21674,2022-04-13 19:45:00,OTLY
4.385,4.385,4.37,4.375,23592,2022-04-13 19:46:00,OTLY
4.375,4.375,4.365,4.365,11120,2022-04-13 19:47:00,OTLY
4.365,4.37,4.365,4.3693,5817,2022-04-13 19:48:00,OTLY
4.37,4.37,4.36,4.37,5264,2022-04-13 19:49:00,OTLY
4.37,4.37,4.36,4.37,5850,2022-04-13 19:50:00,OTLY
4.365,4.3775,4.365,4.365,30702,2022-04-13 19:51:00,OTLY
4.365,4.3699,4.355,4.355,14033,2022-04-13 19:52:00,OTLY
4.36,4.36,4.35,4.355,14110,2022-04-13 19:53:00,OTLY
4.355,4.3575,4.35,4.355,17329,2022-04-13 19:54:00,OTLY
4.355,4.36,4.355,4.355,6507,2022-04-13 19:55:00,OTLY
4.355,4.36,4.3501,4.36,15491,2022-04-13 19:56:00,OTLY
4.36,4.36,4.35,4.36,9429,2022-04-13 19:57:00,OTLY
4.355,4.36,4.355,4.36,13970,2022-04-13 19:58:00,OTLY
4.36,4.37,4.355,4.37,43053,2022-04-13 19:59:00,OTLY
4.37,4.37,4.37,4.37,74890,2022-04-13 20:00:00,OTLY
4.37,4.37,4.37,4.37,200,2022-04-13 20:06:00,OTLY
4.3302,4.3302,4.3302,4.3302,220,2022-04-13 20:07:00,OTLY
4.33,4.33,4.33,4.33,499,2022-04-13 20:16:00,OTLY
4.3301,4.3301,4.3301,4.3301,199,2022-04-13 20:17:00,OTLY
4.4,4.4,4.4,4.4,200,2022-04-13 20:43:00,OTLY
4.4,4.4,4.4,4.4,400,2022-04-13 22:09:00,OTLY
4.4,4.4,4.4,4.4,100,2022-04-13 22:18:00,OTLY
4.38,4.38,4.38,4.38,250,2022-04-14 12:08:00,OTLY
4.37,4.37,4.37,4.37,427,2022-04-14 12:09:00,OTLY
4.38,4.38,4.38,4.38,300,2022-04-14 13:03:00,OTLY
4.44,4.47,4.44,4.47,492,2022-04-14 13:29:00,OTLY
4.37,4.38,4.31,4.32,49743,2022-04-14 13:30:00,OTLY
4.305,4.33,4.3,4.31,22310,2022-04-14 13:31:00,OTLY
4.305,4.33,4.305,4.33,15668,2022-04-14 13:32:00,OTLY
4.33,4.34,4.33,4.34,1000,2022-04-14 13:33:00,OTLY
4.33,4.33,4.32,4.325,9177,2022-04-14 13:34:00,OTLY
4.3202,4.33,4.2858,4.2858,5824,2022-04-14 13:35:00,OTLY
4.285,4.3,4.285,4.2998,14447,2022-04-14 13:36:00,OTLY
4.2996,4.2999,4.28,4.285,28541,2022-04-14 13:37:00,OTLY
4.28,4.31,4.28,4.31,13194,2022-04-14 13:38:00,OTLY
4.31,4.325,4.3,4.3057,13172,2022-04-14 13:39:00,OTLY
4.305,4.305,4.295,4.295,2254,2022-04-14 13:40:00,OTLY
4.295,4.3,4.285,4.285,3524,2022-04-14 13:41:00,OTLY
4.285,4.305,4.285,4.295,3400,2022-04-14 13:42:00,OTLY
4.295,4.295,4.28,4.29,14131,2022-04-14 13:43:00,OTLY
4.29,4.295,4.28,4.2891,18798,2022-04-14 13:44:00,OTLY
4.2844,4.285,4.28,4.28,1421,2022-04-14 13:45:00,OTLY
4.285,4.295,4.285,4.285,6493,2022-04-14 13:46:00,OTLY
4.285,4.29,4.28,4.28,3167,2022-04-14 13:47:00,OTLY
4.285,4.29,4.28,4.28,3300,2022-04-14 13:48:00,OTLY
4.29,4.29,4.28,4.28,4184,2022-04-14 13:49:00,OTLY
4.285,4.29,4.28,4.285,6070,2022-04-14 13:50:00,OTLY
4.285,4.29,4.285,4.285,2567,2022-04-14 13:51:00,OTLY
4.285,4.29,4.28,4.285,1976,2022-04-14 13:52:00,OTLY
4.285,4.295,4.285,4.295,7725,2022-04-14 13:53:00,OTLY
4.295,4.3,4.295,4.295,7840,2022-04-14 13:54:00,OTLY
4.29,4.295,4.29,4.29,1000,2022-04-14 13:55:00,OTLY
4.29,4.29,4.285,4.29,1700,2022-04-14 13:56:00,OTLY
4.29,4.295,4.285,4.295,5468,2022-04-14 13:57:00,OTLY
4.295,4.2988,4.295,4.295,1816,2022-04-14 13:58:00,OTLY
4.295,4.3,4.295,4.295,1600,2022-04-14 13:59:00,OTLY
4.2911,4.3,4.2911,4.3,5207,2022-04-14 14:00:00,OTLY
4.295,4.3,4.29,4.3,2235,2022-04-14 14:01:00,OTLY
4.295,4.295,4.29,4.295,1500,2022-04-14 14:02:00,OTLY
4.295,4.295,4.29,4.295,1272,2022-04-14 14:03:00,OTLY
4.295,4.31,4.295,4.305,11061,2022-04-14 14:04:00,OTLY
4.305,4.305,4.285,4.285,13192,2022-04-14 14:05:00,OTLY
4.285,4.29,4.2702,4.275,11659,2022-04-14 14:06:00,OTLY
4.275,4.295,4.275,4.29,13317,2022-04-14 14:07:00,OTLY
4.29,4.29,4.28,4.28,3206,2022-04-14 14:08:00,OTLY
4.275,4.28,4.26,4.2696,9536,2022-04-14 14:09:00,OTLY
4.26,4.26,4.26,4.26,1450,2022-04-14 14:10:00,OTLY
4.27,4.28,4.265,4.275,10025,2022-04-14 14:11:00,OTLY
4.285,4.285,4.285,4.285,1320,2022-04-14 14:12:00,OTLY
4.285,4.3,4.285,4.295,9897,2022-04-14 14:13:00,OTLY
4.29,4.29,4.285,4.285,4528,2022-04-14 14:14:00,OTLY
4.285,4.285,4.285,4.285,200,2022-04-14 14:15:00,OTLY
4.2808,4.29,4.2704,4.275,15400,2022-04-14 14:16:00,OTLY
4.275,4.29,4.275,4.28,6914,2022-04-14 14:17:00,OTLY
4.28,4.28,4.275,4.28,5700,2022-04-14 14:18:00,OTLY
4.285,4.2891,4.28,4.28,1152,2022-04-14 14:19:00,OTLY
4.28,4.28,4.2719,4.28,2100,2022-04-14 14:20:00,OTLY
4.28,4.285,4.275,4.285,4300,2022-04-14 14:21:00,OTLY
4.28,4.2888,4.28,4.285,1275,2022-04-14 14:22:00,OTLY
4.2881,4.29,4.285,4.285,3900,2022-04-14 14:23:00,OTLY
4.29,4.29,4.28,4.28,4300,2022-04-14 14:24:00,OTLY
4.28,4.28,4.27,4.27,2083,2022-04-14 14:25:00,OTLY
4.27,4.275,4.27,4.2704,500,2022-04-14 14:26:00,OTLY
4.27,4.28,4.27,4.275,4283,2022-04-14 14:27:00,OTLY
4.27,4.3,4.27,4.29,13033,2022-04-14 14:28:00,OTLY
4.295,4.295,4.285,4.295,11031,2022-04-14 14:29:00,OTLY
4.295,4.3,4.285,4.285,17752,2022-04-14 14:30:00,OTLY
4.285,4.29,4.285,4.285,1345,2022-04-14 14:31:00,OTLY
4.285,4.29,4.28,4.285,6115,2022-04-14 14:32:00,OTLY
4.285,4.285,4.285,4.285,2388,2022-04-14 14:33:00,OTLY
4.2899,4.29,4.28,4.28,9200,2022-04-14 14:34:00,OTLY
4.2889,4.2889,4.285,4.285,285,2022-04-14 14:35:00,OTLY
4.285,4.288,4.28,4.285,1030,2022-04-14 14:36:00,OTLY
4.285,4.285,4.285,4.285,1000,2022-04-14 14:37:00,OTLY
4.28,4.28,4.27,4.275,7040,2022-04-14 14:38:00,OTLY
4.275,4.2799,4.275,4.2799,1131,2022-04-14 14:39:00,OTLY
4.2719,4.2776,4.2701,4.2776,1400,2022-04-14 14:40:00,OTLY
4.275,4.28,4.275,4.28,4442,2022-04-14 14:41:00,OTLY
4.275,4.28,4.275,4.2757,1700,2022-04-14 14:42:00,OTLY
4.273,4.28,4.27,4.28,1300,2022-04-14 14:43:00,OTLY
4.275,4.275,4.27,4.275,1400,2022-04-14 14:44:00,OTLY
4.27,4.27,4.26,4.26,12797,2022-04-14 14:45:00,OTLY
4.26,4.265,4.255,4.265,19418,2022-04-14 14:46:00,OTLY
4.265,4.265,4.26,4.26,773,2022-04-14 14:47:00,OTLY
4.26,4.26,4.25,4.25,4158,2022-04-14 14:48:00,OTLY
4.255,4.257,4.255,4.257,819,2022-04-14 14:49:00,OTLY
4.25,4.2585,4.25,4.2585,2850,2022-04-14 14:50:00,OTLY
4.2588,4.2588,4.24,4.245,25611,2022-04-14 14:51:00,OTLY
4.245,4.265,4.245,4.26,15565,2022-04-14 14:52:00,OTLY
4.255,4.255,4.255,4.255,300,2022-04-14 14:53:00,OTLY
4.255,4.26,4.255,4.255,2800,2022-04-14 14:54:00,OTLY
4.255,4.255,4.255,4.255,1350,2022-04-14 14:56:00,OTLY
4.26,4.265,4.26,4.26,6075,2022-04-14 14:57:00,OTLY
4.265,4.265,4.26,4.26,1000,2022-04-14 14:58:00,OTLY
4.265,4.2691,4.265,4.265,1400,2022-04-14 14:59:00,OTLY
4.26,4.28,4.26,4.275,12000,2022-04-14 15:00:00,OTLY
4.275,4.29,4.275,4.28,4100,2022-04-14 15:01:00,OTLY
4.28,4.2815,4.28,4.2815,1251,2022-04-14 15:02:00,OTLY
4.28,4.285,4.275,4.275,33748,2022-04-14 15:03:00,OTLY
4.275,4.28,4.27,4.275,9442,2022-04-14 15:04:00,OTLY
4.275,4.28,4.275,4.275,3337,2022-04-14 15:05:00,OTLY
4.275,4.28,4.275,4.28,5107,2022-04-14 15:06:00,OTLY
4.28,4.28,4.28,4.28,6974,2022-04-14 15:07:00,OTLY
4.275,4.275,4.275,4.275,300,2022-04-14 15:08:00,OTLY
4.27,4.275,4.27,4.275,216,2022-04-14 15:09:00,OTLY
4.275,4.275,4.27,4.27,3696,2022-04-14 15:10:00,OTLY
4.26,4.26,4.26,4.26,100,2022-04-14 15:11:00,OTLY
4.265,4.275,4.26,4.265,8177,2022-04-14 15:12:00,OTLY
4.265,4.265,4.265,4.265,500,2022-04-14 15:13:00,OTLY
4.265,4.265,4.26,4.265,700,2022-04-14 15:14:00,OTLY
4.26,4.26,4.26,4.26,1481,2022-04-14 15:15:00,OTLY
4.25,4.255,4.25,4.25,10144,2022-04-14 15:16:00,OTLY
4.245,4.2495,4.245,4.245,8409,2022-04-14 15:17:00,OTLY
4.245,4.245,4.24,4.24,500,2022-04-14 15:18:00,OTLY
4.245,4.2491,4.24,4.2491,3758,2022-04-14 15:19:00,OTLY
4.25,4.25,4.245,4.245,3700,2022-04-14 15:20:00,OTLY
4.24,4.2499,4.24,4.245,4344,2022-04-14 15:21:00,OTLY
4.24,4.245,4.24,4.24,2488,2022-04-14 15:22:00,OTLY
4.245,4.245,4.245,4.245,1186,2022-04-14 15:23:00,OTLY
4.25,4.26,4.245,4.26,16212,2022-04-14 15:24:00,OTLY
4.255,4.255,4.255,4.255,200,2022-04-14 15:25:00,OTLY
4.255,4.255,4.255,4.255,200,2022-04-14 15:26:00,OTLY
4.255,4.2554,4.255,4.255,600,2022-04-14 15:27:00,OTLY
4.25,4.25,4.25,4.25,100,2022-04-14 15:28:00,OTLY
4.255,4.255,4.255,4.255,200,2022-04-14 15:29:00,OTLY
4.25,4.255,4.25,4.25,864,2022-04-14 15:30:00,OTLY
4.255,4.255,4.25,4.255,1100,2022-04-14 15:31:00,OTLY
4.255,4.255,4.25,4.25,1981,2022-04-14 15:32:00,OTLY
4.25,4.255,4.25,4.255,3020,2022-04-14 15:33:00,OTLY
4.255,4.26,4.25,4.25,2855,2022-04-14 15:34:00,OTLY
4.25,4.26,4.25,4.255,3115,2022-04-14 15:35:00,OTLY
4.2561,4.2561,4.25,4.25,400,2022-04-14 15:36:00,OTLY
4.255,4.255,4.25,4.25,690,2022-04-14 15:37:00,OTLY
4.255,4.255,4.25,4.25,200,2022-04-14 15:38:00,OTLY
4.25,4.25,4.245,4.245,12659,2022-04-14 15:39:00,OTLY
4.24,4.25,4.24,4.245,3180,2022-04-14 15:40:00,OTLY
4.245,4.245,4.24,4.245,552,2022-04-14 15:41:00,OTLY
4.24,4.2408,4.24,4.24,5010,2022-04-14 15:42:00,OTLY
4.24,4.24,4.23,4.23,18973,2022-04-14 15:43:00,OTLY
4.2357,4.2393,4.23,4.235,2997,2022-04-14 15:44:00,OTLY
4.23,4.2301,4.23,4.23,4300,2022-04-14 15:45:00,OTLY
4.235,4.245,4.23,4.24,16694,2022-04-14 15:46:00,OTLY
4.23,4.23,4.23,4.23,100,2022-04-14 15:47:00,OTLY
4.2312,4.24,4.23,4.2399,2464,2022-04-14 15:48:00,OTLY
4.23,4.23,4.23,4.23,100,2022-04-14 15:49:00,OTLY
4.235,4.235,4.23,4.23,500,2022-04-14 15:50:00,OTLY
4.235,4.235,4.23,4.23,3987,2022-04-14 15:51:00,OTLY
4.23,4.23,4.22,4.225,20141,2022-04-14 15:52:00,OTLY
4.23,4.23,4.22,4.225,11940,2022-04-14 15:53:00,OTLY
4.225,4.228,4.22,4.225,3126,2022-04-14 15:54:00,OTLY
4.225,4.225,4.22,4.22,4867,2022-04-14 15:55:00,OTLY
4.225,4.24,4.225,4.235,12071,2022-04-14 15:56:00,OTLY
4.235,4.24,4.23,4.24,7185,2022-04-14 15:57:00,OTLY
4.23,4.235,4.23,4.23,16491,2022-04-14 15:58:00,OTLY
4.22,4.225,4.22,4.22,8700,2022-04-14 15:59:00,OTLY
4.22,4.24,4.21,4.23,107279,2022-04-14 16:00:00,OTLY
4.23,4.235,4.21,4.215,37948,2022-04-14 16:01:00,OTLY
4.215,4.22,4.21,4.215,3800,2022-04-14 16:02:00,OTLY
4.21,4.215,4.21,4.215,400,2022-04-14 16:03:00,OTLY
4.21,4.21,4.21,4.21,200,2022-04-14 16:04:00,OTLY
4.215,4.215,4.21,4.21,1600,2022-04-14 16:05:00,OTLY
4.215,4.215,4.2,4.205,24642,2022-04-14 16:06:00,OTLY
4.2,4.215,4.2,4.215,8930,2022-04-14 16:07:00,OTLY
4.215,4.23,4.215,4.225,20751,2022-04-14 16:08:00,OTLY
4.23,4.23,4.225,4.2254,6198,2022-04-14 16:09:00,OTLY
4.2299,4.2299,4.225,4.225,16040,2022-04-14 16:10:00,OTLY
4.228,4.228,4.22,4.22,1110,2022-04-14 16:11:00,OTLY
4.225,4.23,4.22,4.23,16362,2022-04-14 16:13:00,OTLY
4.2249,4.24,4.2249,4.235,19775,2022-04-14 16:15:00,OTLY
4.235,4.24,4.235,4.235,2302,2022-04-14 16:16:00,OTLY
4.235,4.235,4.23,4.23,2150,2022-04-14 16:17:00,OTLY
4.239,4.24,4.235,4.24,6790,2022-04-14 16:18:00,OTLY
4.235,4.2399,4.235,4.235,1350,2022-04-14 16:19:00,OTLY
4.235,4.235,4.22,4.22,13700,2022-04-14 16:20:00,OTLY
4.225,4.225,4.225,4.225,1700,2022-04-14 16:21:00,OTLY
4.225,4.23,4.225,4.225,5262,2022-04-14 16:22:00,OTLY
4.225,4.225,4.22,4.22,1300,2022-04-14 16:23:00,OTLY
4.225,4.225,4.225,4.225,250,2022-04-14 16:24:00,OTLY
4.225,4.225,4.22,4.22,800,2022-04-14 16:25:00,OTLY
4.225,4.225,4.225,4.225,100,2022-04-14 16:26:00,OTLY
4.225,4.23,4.21,4.21,5017,2022-04-14 16:27:00,OTLY
4.215,4.215,4.215,4.215,100,2022-04-14 16:28:00,OTLY
4.21,4.22,4.21,4.215,1038,2022-04-14 16:29:00,OTLY
4.2115,4.215,4.21,4.21,15439,2022-04-14 16:30:00,OTLY
4.21,4.21,4.2,4.205,4503,2022-04-14 16:31:00,OTLY
4.21,4.21,4.205,4.205,3360,2022-04-14 16:32:00,OTLY
4.205,4.205,4.2,4.205,1300,2022-04-14 16:33:00,OTLY
4.2064,4.2064,4.205,4.205,1700,2022-04-14 16:34:00,OTLY
4.2,4.2069,4.2,4.205,2668,2022-04-14 16:35:00,OTLY
4.205,4.2071,4.2013,4.205,1100,2022-04-14 16:36:00,OTLY
4.2012,4.205,4.2,4.205,869,2022-04-14 16:37:00,OTLY
4.21,4.22,4.205,4.21,7905,2022-04-14 16:38:00,OTLY
4.215,4.22,4.2112,4.2112,1959,2022-04-14 16:39:00,OTLY
4.21,4.2189,4.205,4.2089,5516,2022-04-14 16:40:00,OTLY
4.205,4.21,4.205,4.205,2100,2022-04-14 16:41:00,OTLY
4.205,4.209,4.2,4.2071,3684,2022-04-14 16:42:00,OTLY
4.205,4.205,4.205,4.205,600,2022-04-14 16:43:00,OTLY
4.205,4.21,4.2,4.205,4175,2022-04-14 16:44:00,OTLY
4.2099,4.2099,4.205,4.205,1350,2022-04-14 16:45:00,OTLY
4.21,4.21,4.21,4.21,200,2022-04-14 16:46:00,OTLY
4.205,4.205,4.205,4.205,400,2022-04-14 16:47:00,OTLY
4.2099,4.2099,4.205,4.205,838,2022-04-14 16:48:00,OTLY
4.205,4.209,4.205,4.209,500,2022-04-14 16:49:00,OTLY
4.205,4.2093,4.205,4.205,2555,2022-04-14 16:50:00,OTLY
4.205,4.2064,4.2013,4.2064,1100,2022-04-14 16:51:00,OTLY
4.205,4.215,4.205,4.215,15486,2022-04-14 16:52:00,OTLY
4.215,4.22,4.21,4.215,23975,2022-04-14 16:53:00,OTLY
4.215,4.215,4.215,4.215,300,2022-04-14 16:54:00,OTLY
4.215,4.22,4.215,4.215,1500,2022-04-14 16:55:00,OTLY
4.215,4.2199,4.215,4.2199,10200,2022-04-14 16:56:00,OTLY
4.215,4.22,4.215,4.2184,1650,2022-04-14 16:57:00,OTLY
4.215,4.215,4.215,4.215,800,2022-04-14 16:58:00,OTLY
4.215,4.215,4.215,4.215,400,2022-04-14 16:59:00,OTLY
4.215,4.22,4.215,4.215,1637,2022-04-14 17:00:00,OTLY
4.215,4.215,4.21,4.21,693,2022-04-14 17:01:00,OTLY
4.215,4.215,4.215,4.215,300,2022-04-14 17:02:00,OTLY
4.2183,4.23,4.215,4.225,9251,2022-04-14 17:03:00,OTLY
4.225,4.24,4.225,4.23,7316,2022-04-14 17:04:00,OTLY
4.23,4.23,4.225,4.225,3835,2022-04-14 17:05:00,OTLY
4.225,4.225,4.222,4.222,300,2022-04-14 17:06:00,OTLY
4.225,4.225,4.225,4.225,200,2022-04-14 17:07:00,OTLY
4.228,4.228,4.22,4.22,300,2022-04-14 17:08:00,OTLY
4.225,4.2266,4.225,4.2266,200,2022-04-14 17:09:00,OTLY
4.225,4.225,4.22,4.22,200,2022-04-14 17:10:00,OTLY
4.225,4.225,4.22,4.22,1451,2022-04-14 17:11:00,OTLY
4.22,4.225,4.22,4.225,750,2022-04-14 17:12:00,OTLY
4.225,4.2499,4.222,4.245,92258,2022-04-14 17:14:00,OTLY
4.245,4.25,4.24,4.25,17241,2022-04-14 17:15:00,OTLY
4.245,4.245,4.24,4.24,3425,2022-04-14 17:16:00,OTLY
4.2409,4.25,4.2409,4.2424,1149,2022-04-14 17:17:00,OTLY
4.245,4.245,4.245,4.245,1100,2022-04-14 17:18:00,OTLY
4.245,4.25,4.245,4.245,1300,2022-04-14 17:19:00,OTLY
4.245,4.25,4.24,4.2401,2467,2022-04-14 17:20:00,OTLY
4.245,4.25,4.245,4.245,1150,2022-04-14 17:21:00,OTLY
4.245,4.25,4.245,4.245,1100,2022-04-14 17:22:00,OTLY
4.245,4.25,4.245,4.245,600,2022-04-14 17:23:00,OTLY
4.245,4.25,4.24,4.245,3300,2022-04-14 17:25:00,OTLY
4.245,4.25,4.24,4.24,3678,2022-04-14 17:26:00,OTLY
4.245,4.245,4.225,4.225,19304,2022-04-14 17:27:00,OTLY
4.225,4.235,4.225,4.235,4524,2022-04-14 17:28:00,OTLY
4.23,4.2395,4.23,4.23,10950,2022-04-14 17:29:00,OTLY
4.235,4.2389,4.23,4.235,1200,2022-04-14 17:30:00,OTLY
4.23,4.24,4.23,4.235,1825,2022-04-14 17:31:00,OTLY
4.24,4.245,4.235,4.245,11008,2022-04-14 17:32:00,OTLY
4.245,4.2499,4.245,4.245,1017,2022-04-14 17:33:00,OTLY
4.245,4.245,4.24,4.24,1697,2022-04-14 17:34:00,OTLY
4.245,4.26,4.245,4.26,1600,2022-04-14 17:35:00,OTLY
4.255,4.255,4.255,4.255,100,2022-04-14 17:36:00,OTLY
4.251,4.251,4.251,4.251,500,2022-04-14 17:38:00,OTLY
4.2582,4.2582,4.255,4.255,286,2022-04-14 17:39:00,OTLY
4.252,4.2596,4.252,4.255,1033,2022-04-14 17:40:00,OTLY
4.255,4.26,4.255,4.255,1900,2022-04-14 17:41:00,OTLY
4.26,4.2698,4.26,4.26,6777,2022-04-14 17:42:00,OTLY
4.262,4.265,4.262,4.265,300,2022-04-14 17:43:00,OTLY
4.265,4.27,4.265,4.27,800,2022-04-14 17:44:00,OTLY
4.265,4.265,4.265,4.265,300,2022-04-14 17:45:00,OTLY
4.265,4.265,4.265,4.265,300,2022-04-14 17:46:00,OTLY
4.2688,4.2688,4.265,4.265,900,2022-04-14 17:47:00,OTLY
4.265,4.265,4.265,4.265,1410,2022-04-14 17:48:00,OTLY
4.26,4.265,4.26,4.265,1208,2022-04-14 17:49:00,OTLY
4.2688,4.2688,4.2688,4.2688,100,2022-04-14 17:50:00,OTLY
4.2659,4.2659,4.2659,4.2659,100,2022-04-14 17:51:00,OTLY
4.265,4.275,4.26,4.275,7197,2022-04-14 17:52:00,OTLY
4.275,4.275,4.2709,4.275,2927,2022-04-14 17:53:00,OTLY
4.275,4.28,4.265,4.265,6842,2022-04-14 17:54:00,OTLY
4.265,4.265,4.265,4.265,100,2022-04-14 17:55:00,OTLY
4.26,4.265,4.26,4.261,2122,2022-04-14 17:56:00,OTLY
4.2614,4.265,4.26,4.26,905,2022-04-14 17:57:00,OTLY
4.26,4.265,4.26,4.265,500,2022-04-14 17:58:00,OTLY
4.265,4.27,4.265,4.27,2912,2022-04-14 17:59:00,OTLY
4.27,4.275,4.27,4.2729,1100,2022-04-14 18:00:00,OTLY
4.275,4.275,4.275,4.275,200,2022-04-14 18:01:00,OTLY
4.275,4.275,4.275,4.275,300,2022-04-14 18:02:00,OTLY
4.27,4.2769,4.27,4.272,4050,2022-04-14 18:04:00,OTLY
4.27,4.28,4.265,4.265,7129,2022-04-14 18:05:00,OTLY
4.265,4.265,4.26,4.265,700,2022-04-14 18:07:00,OTLY
4.26,4.265,4.26,4.265,635,2022-04-14 18:08:00,OTLY
4.265,4.2652,4.26,4.265,400,2022-04-14 18:09:00,OTLY
4.265,4.27,4.26,4.265,500,2022-04-14 18:10:00,OTLY
4.265,4.285,4.265,4.282,29224,2022-04-14 18:11:00,OTLY
4.2839,4.3,4.2839,4.294,3593,2022-04-14 18:12:00,OTLY
4.3,4.3,4.29,4.295,3300,2022-04-14 18:14:00,OTLY
4.295,4.295,4.295,4.295,300,2022-04-14 18:15:00,OTLY
4.3,4.3,4.3,4.3,200,2022-04-14 18:16:00,OTLY
4.295,4.295,4.295,4.295,100,2022-04-14 18:17:00,OTLY
4.295,4.3,4.29,4.2991,1400,2022-04-14 18:18:00,OTLY
4.295,4.2999,4.295,4.2999,600,2022-04-14 18:19:00,OTLY
4.295,4.295,4.2917,4.295,1513,2022-04-14 18:20:00,OTLY
4.295,4.31,4.29,4.295,34450,2022-04-14 18:21:00,OTLY
4.295,4.295,4.295,4.295,800,2022-04-14 18:22:00,OTLY
4.295,4.2988,4.285,4.285,7706,2022-04-14 18:23:00,OTLY
4.2801,4.285,4.28,4.2801,11788,2022-04-14 18:24:00,OTLY
4.28,4.285,4.28,4.281,12180,2022-04-14 18:25:00,OTLY
4.2801,4.2891,4.2801,4.2891,2102,2022-04-14 18:26:00,OTLY
4.28,4.2899,4.28,4.2899,1000,2022-04-14 18:27:00,OTLY
4.285,4.29,4.285,4.285,9938,2022-04-14 18:28:00,OTLY
4.29,4.295,4.29,4.295,400,2022-04-14 18:29:00,OTLY
4.29,4.29,4.28,4.28,5005,2022-04-14 18:30:00,OTLY
4.285,4.288,4.285,4.288,2949,2022-04-14 18:31:00,OTLY
4.285,4.285,4.265,4.265,12388,2022-04-14 18:33:00,OTLY
4.265,4.265,4.26,4.26,500,2022-04-14 18:34:00,OTLY
4.26,4.265,4.26,4.26,600,2022-04-14 18:35:00,OTLY
4.26,4.27,4.26,4.26,2200,2022-04-14 18:36:00,OTLY
4.26,4.265,4.26,4.26,900,2022-04-14 18:37:00,OTLY
4.26,4.26,4.25,4.26,17963,2022-04-14 18:38:00,OTLY
4.26,4.27,4.26,4.27,1080,2022-04-14 18:39:00,OTLY
4.265,4.265,4.26,4.26,300,2022-04-14 18:40:00,OTLY
4.265,4.265,4.265,4.265,104,2022-04-14 18:42:00,OTLY
4.26,4.26,4.26,4.26,200,2022-04-14 18:43:00,OTLY
4.26,4.26,4.26,4.26,100,2022-04-14 18:44:00,OTLY
4.27,4.28,4.27,4.28,7377,2022-04-14 18:45:00,OTLY
4.27,4.275,4.27,4.27,1000,2022-04-14 18:46:00,OTLY
4.275,4.275,4.27,4.27,1000,2022-04-14 18:47:00,OTLY
4.2701,4.28,4.2701,4.275,2400,2022-04-14 18:51:00,OTLY
4.275,4.28,4.27,4.275,2671,2022-04-14 18:52:00,OTLY
4.275,4.275,4.26,4.265,4501,2022-04-14 18:53:00,OTLY
4.265,4.265,4.26,4.26,675,2022-04-14 18:54:00,OTLY
4.26,4.265,4.26,4.26,1763,2022-04-14 18:55:00,OTLY
4.26,4.26,4.25,4.255,4254,2022-04-14 18:56:00,OTLY
4.25,4.26,4.25,4.26,32051,2022-04-14 18:57:00,OTLY
4.25,4.25,4.25,4.25,100,2022-04-14 18:58:00,OTLY
4.255,4.255,4.255,4.255,300,2022-04-14 18:59:00,OTLY
4.255,4.255,4.255,4.255,400,2022-04-14 19:00:00,OTLY
4.2587,4.26,4.25,4.25,16600,2022-04-14 19:01:00,OTLY
4.255,4.265,4.255,4.26,9138,2022-04-14 19:02:00,OTLY
4.265,4.265,4.265,4.265,200,2022-04-14 19:04:00,OTLY
4.265,4.27,4.265,4.27,750,2022-04-14 19:05:00,OTLY
4.265,4.265,4.265,4.265,250,2022-04-14 19:06:00,OTLY
4.27,4.27,4.27,4.27,100,2022-04-14 19:07:00,OTLY
4.26,4.265,4.26,4.265,2657,2022-04-14 19:08:00,OTLY
4.265,4.2685,4.26,4.26,2953,2022-04-14 19:09:00,OTLY
4.26,4.26,4.25,4.25,9652,2022-04-14 19:10:00,OTLY
4.255,4.255,4.255,4.255,5000,2022-04-14 19:11:00,OTLY
4.255,4.26,4.255,4.255,1100,2022-04-14 19:12:00,OTLY
4.255,4.255,4.255,4.255,700,2022-04-14 19:13:00,OTLY
4.26,4.27,4.26,4.27,7760,2022-04-14 19:14:00,OTLY
4.265,4.265,4.26,4.265,2200,2022-04-14 19:15:00,OTLY
4.27,4.28,4.265,4.275,4657,2022-04-14 19:16:00,OTLY
4.275,4.275,4.26,4.26,12034,2022-04-14 19:17:00,OTLY
4.265,4.27,4.26,4.26,6177,2022-04-14 19:18:00,OTLY
4.265,4.27,4.26,4.27,1900,2022-04-14 19:19:00,OTLY
4.27,4.28,4.27,4.275,5121,2022-04-14 19:20:00,OTLY
4.275,4.275,4.27,4.27,1700,2022-04-14 19:21:00,OTLY
4.275,4.275,4.27,4.275,1876,2022-04-14 19:22:00,OTLY
4.275,4.275,4.27,4.27,800,2022-04-14 19:23:00,OTLY
4.275,4.28,4.27,4.28,1372,2022-04-14 19:24:00,OTLY
4.275,4.28,4.27,4.275,8767,2022-04-14 19:25:00,OTLY
4.27,4.2799,4.27,4.27,2912,2022-04-14 19:26:00,OTLY
4.275,4.28,4.27,4.275,7985,2022-04-14 19:27:00,OTLY
4.275,4.28,4.27,4.275,3409,2022-04-14 19:28:00,OTLY
4.275,4.275,4.27,4.275,1898,2022-04-14 19:29:00,OTLY
4.275,4.28,4.27,4.28,7347,2022-04-14 19:30:00,OTLY
4.275,4.28,4.27,4.28,6300,2022-04-14 19:31:00,OTLY
4.28,4.28,4.275,4.28,2900,2022-04-14 19:32:00,OTLY
4.275,4.29,4.275,4.285,33169,2022-04-14 19:33:00,OTLY
4.29,4.29,4.285,4.29,6153,2022-04-14 19:34:00,OTLY
4.28,4.29,4.28,4.285,6314,2022-04-14 19:35:00,OTLY
4.29,4.295,4.285,4.285,35786,2022-04-14 19:36:00,OTLY
4.285,4.285,4.27,4.275,22164,2022-04-14 19:37:00,OTLY
4.275,4.28,4.27,4.2767,9300,2022-04-14 19:38:00,OTLY
4.28,4.28,4.275,4.275,7284,2022-04-14 19:39:00,OTLY
4.28,4.28,4.275,4.275,9527,2022-04-14 19:40:00,OTLY
4.275,4.29,4.27,4.285,20023,2022-04-14 19:41:00,OTLY
4.28,4.3,4.28,4.295,31581,2022-04-14 19:42:00,OTLY
4.3,4.31,4.295,4.305,33052,2022-04-14 19:43:00,OTLY
4.305,4.305,4.29,4.3,41665,2022-04-14 19:44:00,OTLY
4.3,4.31,4.3,4.305,35221,2022-04-14 19:45:00,OTLY
4.3,4.3099,4.3,4.305,20307,2022-04-14 19:46:00,OTLY
4.305,4.32,4.305,4.315,42564,2022-04-14 19:47:00,OTLY
4.32,4.325,4.31,4.325,23859,2022-04-14 19:48:00,OTLY
4.32,4.325,4.315,4.32,42849,2022-04-14 19:49:00,OTLY
4.32,4.33,4.3113,4.33,27765,2022-04-14 19:50:00,OTLY
4.33,4.33,4.31,4.325,107741,2022-04-14 19:51:00,OTLY
4.325,4.325,4.32,4.325,24021,2022-04-14 19:52:00,OTLY
4.325,4.33,4.315,4.33,63900,2022-04-14 19:53:00,OTLY
4.33,4.34,4.3213,4.33,40031,2022-04-14 19:54:00,OTLY
4.335,4.34,4.33,4.335,109225,2022-04-14 19:55:00,OTLY
4.335,4.335,4.33,4.335,21489,2022-04-14 19:56:00,OTLY
4.335,4.34,4.33,4.335,30542,2022-04-14 19:57:00,OTLY
4.335,4.34,4.33,4.34,56138,2022-04-14 19:58:00,OTLY
4.33,4.34,4.33,4.34,97132,2022-04-14 19:59:00,OTLY
4.34,4.34,4.34,4.34,105678,2022-04-14 20:00:00,OTLY
4.35,4.35,4.35,4.35,500,2022-04-14 20:33:00,OTLY
4.35,4.35,4.35,4.35,400,2022-04-14 22:27:00,OTLY
4.3,4.3,4.3,4.3,370,2022-04-14 23:02:00,OTLY
4.32,4.32,4.32,4.32,100,2022-04-18 08:30:00,OTLY
4.35,4.35,4.35,4.35,150,2022-04-18 11:00:00,OTLY
4.34,4.34,4.34,4.34,3500,2022-04-18 11:46:00,OTLY
4.3101,4.3101,4.3101,4.3101,100,2022-04-18 12:05:00,OTLY
4.31,4.31,4.31,4.31,10000,2022-04-18 12:46:00,OTLY
4.31,4.31,4.31,4.31,500,2022-04-18 13:09:00,OTLY
4.31,4.31,4.3,4.3,498,2022-04-18 13:12:00,OTLY
4.3099,4.3099,4.3099,4.3099,100,2022-04-18 13:13:00,OTLY
4.3099,4.3099,4.3099,4.3099,100,2022-04-18 13:16:00,OTLY
4.31,4.31,4.31,4.31,100,2022-04-18 13:18:00,OTLY
4.3099,4.3099,4.3099,4.3099,100,2022-04-18 13:22:00,OTLY
4.38,4.39,4.37,4.39,4274,2022-04-18 13:25:00,OTLY
4.39,4.39,4.37,4.39,1212,2022-04-18 13:26:00,OTLY
4.37,4.4,4.35,4.39,1429,2022-04-18 13:27:00,OTLY
4.36,4.36,4.32,4.34,134818,2022-04-18 13:30:00,OTLY
4.34,4.355,4.32,4.3339,15436,2022-04-18 13:31:00,OTLY
4.32,4.32,4.265,4.27,18977,2022-04-18 13:32:00,OTLY
4.2606,4.27,4.2606,4.265,4864,2022-04-18 13:33:00,OTLY
4.265,4.27,4.23,4.23,10430,2022-04-18 13:34:00,OTLY
4.235,4.245,4.235,4.235,9848,2022-04-18 13:35:00,OTLY
4.23,4.2399,4.23,4.23,6458,2022-04-18 13:36:00,OTLY
4.23,4.24,4.23,4.23,1859,2022-04-18 13:37:00,OTLY
4.23,4.24,4.21,4.21,24348,2022-04-18 13:38:00,OTLY
4.2167,4.2167,4.19,4.2,36993,2022-04-18 13:39:00,OTLY
4.19,4.19,4.1617,4.165,19027,2022-04-18 13:40:00,OTLY
4.1645,4.175,4.1645,4.17,4519,2022-04-18 13:41:00,OTLY
4.175,4.19,4.1687,4.17,31098,2022-04-18 13:42:00,OTLY
4.165,4.17,4.14,4.155,42568,2022-04-18 13:43:00,OTLY
4.16,4.16,4.155,4.16,10500,2022-04-18 13:44:00,OTLY
4.1588,4.1588,4.12,4.13,42858,2022-04-18 13:45:00,OTLY
4.13,4.14,4.125,4.139,21026,2022-04-18 13:46:00,OTLY
4.1399,4.15,4.135,4.1499,8700,2022-04-18 13:47:00,OTLY
4.15,4.17,4.15,4.17,14325,2022-04-18 13:48:00,OTLY
4.1681,4.1899,4.1681,4.1899,10091,2022-04-18 13:49:00,OTLY
4.18,4.19,4.15,4.16,80860,2022-04-18 13:50:00,OTLY
4.15,4.17,4.145,4.165,11682,2022-04-18 13:51:00,OTLY
4.1695,4.175,4.165,4.165,7884,2022-04-18 13:52:00,OTLY
4.165,4.1689,4.15,4.16,3170,2022-04-18 13:53:00,OTLY
4.16,4.17,4.16,4.1648,5689,2022-04-18 13:54:00,OTLY
4.165,4.1793,4.165,4.17,19601,2022-04-18 13:55:00,OTLY
4.1799,4.1799,4.1732,4.175,1269,2022-04-18 13:56:00,OTLY
4.177,4.18,4.175,4.18,5150,2022-04-18 13:57:00,OTLY
4.19,4.2,4.19,4.1988,5387,2022-04-18 13:58:00,OTLY
4.2,4.21,4.19,4.205,22468,2022-04-18 13:59:00,OTLY
4.2,4.205,4.2,4.2002,31012,2022-04-18 14:00:00,OTLY
4.2,4.23,4.2,4.23,16840,2022-04-18 14:01:00,OTLY
4.23,4.24,4.221,4.24,7500,2022-04-18 14:02:00,OTLY
4.24,4.24,4.24,4.24,200,2022-04-18 14:03:00,OTLY
4.235,4.24,4.235,4.24,4632,2022-04-18 14:04:00,OTLY
4.2458,4.25,4.2458,4.2485,300,2022-04-18 14:05:00,OTLY
4.24,4.25,4.24,4.245,10383,2022-04-18 14:06:00,OTLY
4.245,4.255,4.24,4.2501,22871,2022-04-18 14:07:00,OTLY
4.255,4.275,4.255,4.265,6262,2022-04-18 14:08:00,OTLY
4.26,4.275,4.26,4.265,18964,2022-04-18 14:09:00,OTLY
4.26,4.26,4.245,4.245,15399,2022-04-18 14:10:00,OTLY
4.245,4.25,4.2409,4.25,9407,2022-04-18 14:11:00,OTLY
4.255,4.255,4.2501,4.2501,600,2022-04-18 14:12:00,OTLY
4.25,4.25,4.245,4.245,612,2022-04-18 14:13:00,OTLY
4.24,4.245,4.23,4.23,4519,2022-04-18 14:14:00,OTLY
4.23,4.23,4.23,4.23,100,2022-04-18 14:15:00,OTLY
4.235,4.235,4.235,4.235,8700,2022-04-18 14:16:00,OTLY
4.2318,4.24,4.2318,4.24,819,2022-04-18 14:17:00,OTLY
4.235,4.235,4.2,4.2,5607,2022-04-18 14:18:00,OTLY
4.2,4.205,4.2,4.205,600,2022-04-18 14:19:00,OTLY
4.205,4.205,4.2,4.2,5300,2022-04-18 14:20:00,OTLY
4.2,4.2,4.19,4.195,2246,2022-04-18 14:21:00,OTLY
4.195,4.215,4.195,4.2112,17878,2022-04-18 14:22:00,OTLY
4.22,4.22,4.22,4.22,100,2022-04-18 14:23:00,OTLY
4.22,4.235,4.22,4.23,4200,2022-04-18 14:24:00,OTLY
4.24,4.24,4.24,4.24,200,2022-04-18 14:25:00,OTLY
4.235,4.2364,4.235,4.2364,499,2022-04-18 14:26:00,OTLY
4.235,4.235,4.23,4.23,549,2022-04-18 14:27:00,OTLY
4.235,4.235,4.225,4.225,3698,2022-04-18 14:28:00,OTLY
4.225,4.225,4.22,4.225,1889,2022-04-18 14:29:00,OTLY
4.225,4.24,4.22,4.235,19998,2022-04-18 14:30:00,OTLY
4.24,4.24,4.2377,4.2377,200,2022-04-18 14:31:00,OTLY
4.2388,4.245,4.23,4.24,4960,2022-04-18 14:32:00,OTLY
4.24,4.24,4.235,4.235,4300,2022-04-18 14:33:00,OTLY
4.24,4.24,4.235,4.235,1200,2022-04-18 14:34:00,OTLY
4.2388,4.24,4.2388,4.24,200,2022-04-18 14:35:00,OTLY
4.23,4.24,4.23,4.235,1808,2022-04-18 14:36:00,OTLY
4.2301,4.235,4.2301,4.235,2300,2022-04-18 14:37:00,OTLY
4.235,4.235,4.235,4.235,400,2022-04-18 14:38:00,OTLY
4.24,4.24,4.235,4.24,3400,2022-04-18 14:39:00,OTLY
4.24,4.265,4.24,4.255,19478,2022-04-18 14:40:00,OTLY
4.26,4.26,4.255,4.255,2400,2022-04-18 14:41:00,OTLY
4.26,4.26,4.255,4.255,325,2022-04-18 14:42:00,OTLY
4.255,4.255,4.255,4.255,100,2022-04-18 14:43:00,OTLY
4.255,4.255,4.2504,4.255,5300,2022-04-18 14:44:00,OTLY
4.2501,4.26,4.25,4.26,2273,2022-04-18 14:45:00,OTLY
4.26,4.26,4.255,4.255,200,2022-04-18 14:46:00,OTLY
4.26,4.26,4.2501,4.26,1450,2022-04-18 14:47:00,OTLY
4.26,4.26,4.255,4.26,900,2022-04-18 14:49:00,OTLY
4.26,4.26,4.24,4.245,6621,2022-04-18 14:50:00,OTLY
4.24,4.25,4.24,4.245,15939,2022-04-18 14:51:00,OTLY
4.24,4.245,4.24,4.242,1190,2022-04-18 14:52:00,OTLY
4.245,4.245,4.2407,4.245,2900,2022-04-18 14:53:00,OTLY
4.24,4.24,4.24,4.24,1200,2022-04-18 14:54:00,OTLY
4.245,4.245,4.24,4.245,740,2022-04-18 14:55:00,OTLY
4.25,4.25,4.245,4.245,634,2022-04-18 14:56:00,OTLY
4.245,4.245,4.24,4.245,567,2022-04-18 14:57:00,OTLY
4.24,4.25,4.24,4.25,2750,2022-04-18 14:58:00,OTLY
4.24,4.275,4.24,4.275,28197,2022-04-18 14:59:00,OTLY
4.27,4.27,4.26,4.26,8403,2022-04-18 15:00:00,OTLY
4.26,4.2601,4.255,4.255,8014,2022-04-18 15:01:00,OTLY
4.26,4.26,4.2501,4.255,3425,2022-04-18 15:02:00,OTLY
4.255,4.255,4.25,4.252,2400,2022-04-18 15:03:00,OTLY
4.26,4.26,4.252,4.255,1227,2022-04-18 15:04:00,OTLY
4.255,4.255,4.255,4.255,300,2022-04-18 15:05:00,OTLY
4.25,4.255,4.25,4.255,500,2022-04-18 15:06:00,OTLY
4.255,4.255,4.25,4.25,1900,2022-04-18 15:07:00,OTLY
4.25,4.255,4.245,4.245,1780,2022-04-18 15:08:00,OTLY
4.245,4.25,4.245,4.245,11123,2022-04-18 15:09:00,OTLY
4.24,4.245,4.24,4.245,17301,2022-04-18 15:10:00,OTLY
4.245,4.245,4.245,4.245,200,2022-04-18 15:11:00,OTLY
4.245,4.245,4.2401,4.2411,1000,2022-04-18 15:12:00,OTLY
4.245,4.25,4.24,4.2488,2150,2022-04-18 15:13:00,OTLY
4.245,4.249,4.24,4.245,2945,2022-04-18 15:14:00,OTLY
4.2499,4.2499,4.245,4.245,5428,2022-04-18 15:15:00,OTLY
4.245,4.25,4.24,4.245,1140,2022-04-18 15:16:00,OTLY
4.245,4.245,4.24,4.24,1030,2022-04-18 15:17:00,OTLY
4.24,4.245,4.23,4.235,2433,2022-04-18 15:18:00,OTLY
4.23,4.235,4.23,4.235,1200,2022-04-18 15:19:00,OTLY
4.235,4.235,4.235,4.235,900,2022-04-18 15:20:00,OTLY
4.235,4.235,4.23,4.23,700,2022-04-18 15:21:00,OTLY
4.235,4.235,4.235,4.235,1700,2022-04-18 15:22:00,OTLY
4.2312,4.235,4.23,4.23,900,2022-04-18 15:23:00,OTLY
4.23,4.23,4.23,4.23,600,2022-04-18 15:24:00,OTLY
4.23,4.23,4.225,4.225,3424,2022-04-18 15:25:00,OTLY
4.2218,4.23,4.2218,4.23,320,2022-04-18 15:26:00,OTLY
4.225,4.225,4.2229,4.2229,2522,2022-04-18 15:27:00,OTLY
4.22,4.23,4.22,4.23,11112,2022-04-18 15:28:00,OTLY
4.23,4.23,4.23,4.23,700,2022-04-18 15:29:00,OTLY
4.22,4.23,4.22,4.23,5057,2022-04-18 15:30:00,OTLY
4.225,4.225,4.22,4.22,1700,2022-04-18 15:31:00,OTLY
4.225,4.23,4.225,4.225,990,2022-04-18 15:32:00,OTLY
4.22,4.22,4.215,4.215,1249,2022-04-18 15:33:00,OTLY
4.215,4.215,4.21,4.21,1600,2022-04-18 15:34:00,OTLY
4.21,4.215,4.21,4.21,1100,2022-04-18 15:35:00,OTLY
4.22,4.22,4.2,4.2,3200,2022-04-18 15:36:00,OTLY
4.205,4.208,4.2,4.205,2900,2022-04-18 15:37:00,OTLY
4.2,4.205,4.2,4.205,1469,2022-04-18 15:38:00,OTLY
4.2,4.205,4.2,4.205,1912,2022-04-18 15:39:00,OTLY
4.205,4.205,4.2,4.205,1700,2022-04-18 15:40:00,OTLY
4.205,4.22,4.205,4.2107,13775,2022-04-18 15:41:00,OTLY
4.21,4.215,4.21,4.215,600,2022-04-18 15:42:00,OTLY
4.215,4.215,4.21,4.215,3963,2022-04-18 15:43:00,OTLY
4.215,4.215,4.205,4.205,2087,2022-04-18 15:44:00,OTLY
4.205,4.207,4.205,4.205,2943,2022-04-18 15:45:00,OTLY
4.205,4.21,4.2,4.205,1462,2022-04-18 15:46:00,OTLY
4.2099,4.21,4.2,4.2,1100,2022-04-18 15:47:00,OTLY
4.2,4.205,4.2,4.205,2820,2022-04-18 15:48:00,OTLY
4.205,4.205,4.205,4.205,1000,2022-04-18 15:49:00,OTLY
4.2095,4.2095,4.2,4.2,6200,2022-04-18 15:50:00,OTLY
4.205,4.205,4.2,4.2,1300,2022-04-18 15:51:00,OTLY
4.2,4.205,4.2,4.2,900,2022-04-18 15:52:00,OTLY
4.2,4.205,4.2,4.2,969,2022-04-18 15:53:00,OTLY
4.205,4.21,4.2,4.21,1409,2022-04-18 15:54:00,OTLY
4.21,4.21,4.205,4.205,15194,2022-04-18 15:55:00,OTLY
4.207,4.207,4.207,4.207,100,2022-04-18 15:56:00,OTLY
4.205,4.21,4.2,4.205,600,2022-04-18 15:57:00,OTLY
4.205,4.2099,4.205,4.205,7900,2022-04-18 15:58:00,OTLY
4.205,4.21,4.205,4.21,8875,2022-04-18 15:59:00,OTLY
4.21,4.22,4.21,4.21,39219,2022-04-18 16:00:00,OTLY
4.215,4.215,4.2101,4.215,650,2022-04-18 16:01:00,OTLY
4.215,4.22,4.215,4.215,900,2022-04-18 16:02:00,OTLY
4.215,4.215,4.215,4.215,500,2022-04-18 16:03:00,OTLY
4.215,4.22,4.21,4.215,1300,2022-04-18 16:04:00,OTLY
4.215,4.215,4.21,4.215,400,2022-04-18 16:05:00,OTLY
4.21,4.219,4.21,4.215,1759,2022-04-18 16:06:00,OTLY
4.21,4.215,4.21,4.21,443,2022-04-18 16:07:00,OTLY
4.21,4.215,4.21,4.21,6790,2022-04-18 16:08:00,OTLY
4.2011,4.205,4.2,4.205,6848,2022-04-18 16:09:00,OTLY
4.205,4.205,4.195,4.195,2630,2022-04-18 16:10:00,OTLY
4.195,4.2,4.19,4.19,1733,2022-04-18 16:11:00,OTLY
4.19,4.1997,4.19,4.19,12995,2022-04-18 16:12:00,OTLY
4.195,4.195,4.19,4.195,1200,2022-04-18 16:13:00,OTLY
4.19,4.195,4.18,4.18,3318,2022-04-18 16:14:00,OTLY
4.18,4.19,4.18,4.185,15688,2022-04-18 16:15:00,OTLY
4.19,4.19,4.18,4.185,1900,2022-04-18 16:16:00,OTLY
4.185,4.185,4.18,4.18,3200,2022-04-18 16:17:00,OTLY
4.18,4.19,4.18,4.19,1615,2022-04-18 16:18:00,OTLY
4.185,4.185,4.18,4.18,2000,2022-04-18 16:19:00,OTLY
4.18,4.185,4.18,4.185,300,2022-04-18 16:20:00,OTLY
4.18,4.185,4.18,4.185,1100,2022-04-18 16:21:00,OTLY
4.185,4.185,4.185,4.185,1575,2022-04-18 16:22:00,OTLY
4.18,4.18,4.18,4.18,800,2022-04-18 16:23:00,OTLY
4.18,4.19,4.18,4.185,4020,2022-04-18 16:24:00,OTLY
4.185,4.185,4.18,4.18,600,2022-04-18 16:25:00,OTLY
4.185,4.185,4.18,4.18,704,2022-04-18 16:26:00,OTLY
4.18,4.185,4.18,4.185,21040,2022-04-18 16:27:00,OTLY
4.185,4.1858,4.18,4.1858,800,2022-04-18 16:28:00,OTLY
4.185,4.185,4.18,4.185,958,2022-04-18 16:29:00,OTLY
4.18,4.185,4.17,4.175,6673,2022-04-18 16:30:00,OTLY
4.17,4.1799,4.17,4.17,3000,2022-04-18 16:31:00,OTLY
4.17,4.175,4.17,4.175,1500,2022-04-18 16:32:00,OTLY
4.17,4.175,4.16,4.16,4422,2022-04-18 16:33:00,OTLY
4.165,4.165,4.165,4.165,400,2022-04-18 16:34:00,OTLY
4.165,4.175,4.165,4.1722,13349,2022-04-18 16:35:00,OTLY
4.17,4.18,4.17,4.17,2766,2022-04-18 16:36:00,OTLY
4.175,4.1799,4.17,4.17,1000,2022-04-18 16:37:00,OTLY
4.175,4.175,4.17,4.17,720,2022-04-18 16:38:00,OTLY
4.175,4.175,4.17,4.175,4100,2022-04-18 16:39:00,OTLY
4.175,4.18,4.17,4.17,1276,2022-04-18 16:40:00,OTLY
4.175,4.175,4.17,4.17,700,2022-04-18 16:41:00,OTLY
4.175,4.19,4.17,4.19,12677,2022-04-18 16:42:00,OTLY
4.19,4.19,4.1872,4.1872,800,2022-04-18 16:43:00,OTLY
4.19,4.195,4.18,4.195,6522,2022-04-18 16:44:00,OTLY
4.19,4.1996,4.19,4.195,7073,2022-04-18 16:45:00,OTLY
4.19,4.19,4.19,4.19,300,2022-04-18 16:46:00,OTLY
4.195,4.1999,4.18,4.18,1400,2022-04-18 16:47:00,OTLY
4.185,4.19,4.18,4.185,700,2022-04-18 16:48:00,OTLY
4.185,4.185,4.18,4.185,1549,2022-04-18 16:49:00,OTLY
4.185,4.19,4.185,4.185,2000,2022-04-18 16:50:00,OTLY
4.185,4.1888,4.185,4.1888,200,2022-04-18 16:52:00,OTLY
4.185,4.185,4.185,4.185,800,2022-04-18 16:53:00,OTLY
4.185,4.185,4.1825,4.1825,700,2022-04-18 16:54:00,OTLY
4.185,4.185,4.18,4.185,3583,2022-04-18 16:55:00,OTLY
4.185,4.185,4.18,4.18,400,2022-04-18 16:56:00,OTLY
4.18,4.18,4.18,4.18,100,2022-04-18 16:57:00,OTLY
4.185,4.185,4.185,4.185,300,2022-04-18 16:58:00,OTLY
4.1888,4.1899,4.18,4.185,1897,2022-04-18 16:59:00,OTLY
4.185,4.1895,4.18,4.18,2667,2022-04-18 17:00:00,OTLY
4.185,4.2,4.185,4.195,17402,2022-04-18 17:01:00,OTLY
4.195,4.195,4.19,4.195,2511,2022-04-18 17:02:00,OTLY
4.195,4.195,4.1913,4.195,1400,2022-04-18 17:03:00,OTLY
4.2,4.2,4.2,4.2,387,2022-04-18 17:04:00,OTLY
4.195,4.195,4.1901,4.1903,18873,2022-04-18 17:05:00,OTLY
4.195,4.2,4.1919,4.195,1748,2022-04-18 17:06:00,OTLY
4.195,4.215,4.195,4.215,30046,2022-04-18 17:07:00,OTLY
4.2157,4.22,4.212,4.2155,800,2022-04-18 17:08:00,OTLY
4.215,4.215,4.215,4.215,100,2022-04-18 17:10:00,OTLY
4.2134,4.215,4.2134,4.215,350,2022-04-18 17:11:00,OTLY
4.21,4.22,4.21,4.2158,21930,2022-04-18 17:12:00,OTLY
4.215,4.215,4.215,4.215,2209,2022-04-18 17:13:00,OTLY
4.215,4.215,4.215,4.215,1100,2022-04-18 17:14:00,OTLY
4.215,4.22,4.215,4.22,1900,2022-04-18 17:15:00,OTLY
4.2188,4.2188,4.215,4.218,1490,2022-04-18 17:16:00,OTLY
4.215,4.22,4.21,4.211,3369,2022-04-18 17:17:00,OTLY
4.215,4.215,4.215,4.215,1534,2022-04-18 17:18:00,OTLY
4.215,4.215,4.215,4.215,1141,2022-04-18 17:19:00,OTLY
4.21,4.215,4.21,4.215,13100,2022-04-18 17:20:00,OTLY
4.22,4.22,4.21,4.215,4042,2022-04-18 17:21:00,OTLY
4.215,4.215,4.2125,4.215,2791,2022-04-18 17:22:00,OTLY
4.215,4.215,4.21,4.21,5712,2022-04-18 17:23:00,OTLY
4.215,4.215,4.215,4.215,1400,2022-04-18 17:24:00,OTLY
4.21,4.215,4.21,4.215,300,2022-04-18 17:25:00,OTLY
4.215,4.215,4.21,4.21,623,2022-04-18 17:26:00,OTLY
4.215,4.22,4.2115,4.215,8564,2022-04-18 17:27:00,OTLY
4.22,4.23,4.22,4.22,16104,2022-04-18 17:28:00,OTLY
4.23,4.23,4.22,4.225,650,2022-04-18 17:29:00,OTLY
4.22,4.225,4.22,4.225,1100,2022-04-18 17:30:00,OTLY
4.225,4.225,4.225,4.225,200,2022-04-18 17:31:00,OTLY
4.23,4.24,4.2294,4.235,8488,2022-04-18 17:32:00,OTLY
4.24,4.245,4.24,4.245,3504,2022-04-18 17:33:00,OTLY
4.24,4.245,4.24,4.245,562,2022-04-18 17:34:00,OTLY
4.25,4.25,4.25,4.25,371,2022-04-18 17:35:00,OTLY
4.25,4.26,4.25,4.26,3541,2022-04-18 17:36:00,OTLY
4.25,4.255,4.245,4.245,9581,2022-04-18 17:37:00,OTLY
4.25,4.25,4.25,4.25,200,2022-04-18 17:38:00,OTLY
4.25,4.25,4.245,4.25,300,2022-04-18 17:39:00,OTLY
4.25,4.26,4.25,4.26,4254,2022-04-18 17:40:00,OTLY
4.255,4.255,4.24,4.245,17392,2022-04-18 17:41:00,OTLY
4.245,4.25,4.2411,4.25,4329,2022-04-18 17:42:00,OTLY
4.245,4.245,4.245,4.245,700,2022-04-18 17:43:00,OTLY
4.245,4.245,4.245,4.245,200,2022-04-18 17:44:00,OTLY
4.245,4.2495,4.2412,4.245,3179,2022-04-18 17:45:00,OTLY
4.24,4.25,4.24,4.25,2212,2022-04-18 17:46:00,OTLY
4.245,4.245,4.245,4.245,400,2022-04-18 17:47:00,OTLY
4.245,4.245,4.24,4.245,1300,2022-04-18 17:48:00,OTLY
4.25,4.255,4.25,4.255,24701,2022-04-18 17:49:00,OTLY
4.255,4.255,4.255,4.255,200,2022-04-18 17:50:00,OTLY
4.255,4.255,4.255,4.255,100,2022-04-18 17:51:00,OTLY
4.255,4.255,4.25,4.25,15602,2022-04-18 17:52:00,OTLY
4.255,4.255,4.2507,4.255,3275,2022-04-18 17:53:00,OTLY
4.255,4.255,4.255,4.255,560,2022-04-18 17:54:00,OTLY
4.255,4.26,4.255,4.255,2555,2022-04-18 17:55:00,OTLY
4.255,4.255,4.255,4.255,600,2022-04-18 17:56:00,OTLY
4.255,4.255,4.25,4.25,2100,2022-04-18 17:57:00,OTLY
4.255,4.255,4.255,4.255,1666,2022-04-18 17:58:00,OTLY
4.2501,4.255,4.24,4.24,11895,2022-04-18 17:59:00,OTLY
4.245,4.245,4.24,4.245,31822,2022-04-18 18:00:00,OTLY
4.245,4.245,4.24,4.24,1823,2022-04-18 18:01:00,OTLY
4.245,4.245,4.24,4.24,1500,2022-04-18 18:02:00,OTLY
4.245,4.245,4.245,4.245,920,2022-04-18 18:03:00,OTLY
4.24,4.24,4.235,4.2399,10562,2022-04-18 18:04:00,OTLY
4.235,4.235,4.23,4.23,3073,2022-04-18 18:05:00,OTLY
4.235,4.235,4.23,4.23,7073,2022-04-18 18:06:00,OTLY
4.2306,4.2352,4.23,4.23,1813,2022-04-18 18:07:00,OTLY
4.235,4.235,4.23,4.23,341,2022-04-18 18:08:00,OTLY
4.235,4.235,4.23,4.23,6018,2022-04-18 18:09:00,OTLY
4.235,4.235,4.23,4.235,5891,2022-04-18 18:10:00,OTLY
4.235,4.235,4.23,4.23,1000,2022-04-18 18:11:00,OTLY
4.235,4.235,4.23,4.235,3200,2022-04-18 18:12:00,OTLY
4.23,4.235,4.23,4.235,2400,2022-04-18 18:14:00,OTLY
4.235,4.245,4.235,4.245,27740,2022-04-18 18:15:00,OTLY
4.245,4.245,4.23,4.23,19097,2022-04-18 18:16:00,OTLY
4.235,4.24,4.235,4.24,1100,2022-04-18 18:17:00,OTLY
4.235,4.235,4.2305,4.2305,3923,2022-04-18 18:18:00,OTLY
4.24,4.24,4.235,4.235,200,2022-04-18 18:19:00,OTLY
4.235,4.24,4.231,4.233,1245,2022-04-18 18:20:00,OTLY
4.2388,4.24,4.235,4.24,587,2022-04-18 18:22:00,OTLY
4.24,4.255,4.24,4.255,9741,2022-04-18 18:24:00,OTLY
4.25,4.255,4.25,4.255,1141,2022-04-18 18:25:00,OTLY
4.255,4.255,4.25,4.255,3707,2022-04-18 18:26:00,OTLY
4.255,4.2599,4.25,4.2599,2000,2022-04-18 18:27:00,OTLY
4.255,4.255,4.245,4.245,4908,2022-04-18 18:28:00,OTLY
4.245,4.2496,4.245,4.2496,300,2022-04-18 18:29:00,OTLY
4.245,4.2496,4.245,4.2496,400,2022-04-18 18:30:00,OTLY
4.25,4.25,4.24,4.24,700,2022-04-18 18:31:00,OTLY
4.245,4.245,4.2401,4.245,6042,2022-04-18 18:32:00,OTLY
4.245,4.245,4.2342,4.235,6432,2022-04-18 18:33:00,OTLY
4.235,4.238,4.23,4.238,1700,2022-04-18 18:34:00,OTLY
4.235,4.25,4.235,4.245,19518,2022-04-18 18:35:00,OTLY
4.245,4.245,4.235,4.24,20093,2022-04-18 18:36:00,OTLY
4.235,4.235,4.235,4.235,100,2022-04-18 18:38:00,OTLY
4.2359,4.2392,4.235,4.235,2300,2022-04-18 18:39:00,OTLY
4.235,4.235,4.23,4.235,4956,2022-04-18 18:40:00,OTLY
4.235,4.24,4.23,4.23,1279,2022-04-18 18:41:00,OTLY
4.2395,4.2395,4.23,4.23,4500,2022-04-18 18:42:00,OTLY
4.23,4.235,4.225,4.225,6060,2022-04-18 18:43:00,OTLY
4.225,4.225,4.22,4.22,200,2022-04-18 18:44:00,OTLY
4.225,4.23,4.2201,4.225,4293,2022-04-18 18:45:00,OTLY
4.225,4.227,4.215,4.22,6455,2022-04-18 18:46:00,OTLY
4.215,4.215,4.21,4.215,800,2022-04-18 18:47:00,OTLY
4.2125,4.215,4.21,4.215,400,2022-04-18 18:48:00,OTLY
4.2108,4.2155,4.2108,4.2155,1677,2022-04-18 18:49:00,OTLY
4.215,4.215,4.21,4.215,1823,2022-04-18 18:50:00,OTLY
4.2128,4.2128,4.21,4.21,1200,2022-04-18 18:51:00,OTLY
4.215,4.215,4.215,4.215,100,2022-04-18 18:52:00,OTLY
4.215,4.215,4.2,4.205,28893,2022-04-18 18:53:00,OTLY
4.205,4.21,4.205,4.205,324265,2022-04-18 18:54:00,OTLY
4.21,4.21,4.2009,4.2009,2400,2022-04-18 18:55:00,OTLY
4.205,4.225,4.205,4.22,38738,2022-04-18 18:56:00,OTLY
4.225,4.225,4.215,4.2189,9841,2022-04-18 18:57:00,OTLY
4.215,4.215,4.215,4.215,4217,2022-04-18 18:58:00,OTLY
4.215,4.215,4.2,4.205,7237,2022-04-18 18:59:00,OTLY
4.2,4.205,4.195,4.195,16692,2022-04-18 19:00:00,OTLY
4.195,4.195,4.18,4.185,17383,2022-04-18 19:01:00,OTLY
4.1899,4.1899,4.18,4.18,9767,2022-04-18 19:02:00,OTLY
4.17,4.17,4.16,4.16,8062,2022-04-18 19:03:00,OTLY
4.1699,4.1699,4.16,4.16,8587,2022-04-18 19:04:00,OTLY
4.165,4.1663,4.165,4.165,1300,2022-04-18 19:05:00,OTLY
4.165,4.1674,4.165,4.165,5525,2022-04-18 19:06:00,OTLY
4.16,4.1682,4.16,4.16,7476,2022-04-18 19:07:00,OTLY
4.16,4.1698,4.15,4.155,4907,2022-04-18 19:08:00,OTLY
4.155,4.1593,4.155,4.1593,400,2022-04-18 19:09:00,OTLY
4.15,4.1598,4.15,4.1598,700,2022-04-18 19:10:00,OTLY
4.155,4.1588,4.15,4.155,5300,2022-04-18 19:11:00,OTLY
4.15,4.16,4.15,4.155,4279,2022-04-18 19:12:00,OTLY
4.155,4.16,4.15,4.15,3800,2022-04-18 19:13:00,OTLY
4.155,4.16,4.15,4.1599,2040,2022-04-18 19:14:00,OTLY
4.1505,4.165,4.1505,4.165,14922,2022-04-18 19:15:00,OTLY
4.165,4.165,4.15,4.1599,14965,2022-04-18 19:16:00,OTLY
4.155,4.155,4.155,4.155,500,2022-04-18 19:17:00,OTLY
4.155,4.155,4.14,4.145,35581,2022-04-18 19:18:00,OTLY
4.145,4.1461,4.145,4.145,2448,2022-04-18 19:19:00,OTLY
4.145,4.1499,4.14,4.14,9240,2022-04-18 19:20:00,OTLY
4.14,4.14,4.1,4.115,161440,2022-04-18 19:21:00,OTLY
4.115,4.1294,4.11,4.115,60717,2022-04-18 19:22:00,OTLY
4.11,4.115,4.095,4.1,58738,2022-04-18 19:23:00,OTLY
4.109,4.12,4.1,4.1162,32865,2022-04-18 19:24:00,OTLY
4.11,4.13,4.11,4.125,27367,2022-04-18 19:25:00,OTLY
4.13,4.1399,4.13,4.135,15850,2022-04-18 19:26:00,OTLY
4.135,4.14,4.12,4.13,22006,2022-04-18 19:27:00,OTLY
4.125,4.13,4.125,4.125,2807,2022-04-18 19:28:00,OTLY
4.125,4.13,4.12,4.125,6143,2022-04-18 19:29:00,OTLY
4.122,4.13,4.115,4.115,17780,2022-04-18 19:30:00,OTLY
4.115,4.12,4.09,4.095,52993,2022-04-18 19:31:00,OTLY
4.095,4.12,4.095,4.115,37656,2022-04-18 19:32:00,OTLY
4.11,4.12,4.1,4.115,62125,2022-04-18 19:33:00,OTLY
4.115,4.115,4.1,4.1,17874,2022-04-18 19:34:00,OTLY
4.105,4.105,4.09,4.105,47862,2022-04-18 19:35:00,OTLY
4.1,4.11,4.1,4.11,1897,2022-04-18 19:36:00,OTLY
4.105,4.105,4.1,4.105,1431,2022-04-18 19:37:00,OTLY
4.105,4.1099,4.1,4.1087,3689,2022-04-18 19:38:00,OTLY
4.105,4.11,4.105,4.105,3295,2022-04-18 19:39:00,OTLY
4.105,4.12,4.105,4.115,32013,2022-04-18 19:40:00,OTLY
4.12,4.13,4.12,4.125,9757,2022-04-18 19:41:00,OTLY
4.13,4.13,4.11,4.115,45285,2022-04-18 19:42:00,OTLY
4.11,4.1199,4.1,4.105,51945,2022-04-18 19:43:00,OTLY
4.1,4.12,4.1,4.12,22182,2022-04-18 19:44:00,OTLY
4.115,4.115,4.11,4.115,2710,2022-04-18 19:45:00,OTLY
4.115,4.115,4.11,4.11,6037,2022-04-18 19:46:00,OTLY
4.115,4.115,4.095,4.105,43768,2022-04-18 19:47:00,OTLY
4.1,4.11,4.1,4.105,1925,2022-04-18 19:48:00,OTLY
4.105,4.11,4.1,4.1001,8636,2022-04-18 19:49:00,OTLY
4.105,4.105,4.095,4.095,7794,2022-04-18 19:50:00,OTLY
4.095,4.115,4.09,4.115,48906,2022-04-18 19:51:00,OTLY
4.115,4.115,4.11,4.115,13597,2022-04-18 19:52:00,OTLY
4.11,4.12,4.11,4.11,20902,2022-04-18 19:53:00,OTLY
4.11,4.12,4.11,4.115,18493,2022-04-18 19:54:00,OTLY
4.115,4.12,4.1,4.105,84781,2022-04-18 19:55:00,OTLY
4.105,4.125,4.1,4.125,62700,2022-04-18 19:56:00,OTLY
4.1287,4.13,4.12,4.12,30811,2022-04-18 19:57:00,OTLY
4.125,4.13,4.12,4.12,27300,2022-04-18 19:58:00,OTLY
4.125,4.13,4.12,4.13,67771,2022-04-18 19:59:00,OTLY
4.12,4.26,4.12,4.26,59918,2022-04-18 20:00:00,OTLY
4.14,4.14,4.14,4.14,116,2022-04-18 20:02:00,OTLY
4.2,4.2,4.2,4.2,500,2022-04-18 20:26:00,OTLY
4.1401,4.1401,4.1401,4.1401,485,2022-04-18 20:50:00,OTLY
4.14,4.14,4.14,4.14,100,2022-04-18 20:51:00,OTLY
4.14,4.14,4.14,4.14,412,2022-04-18 20:52:00,OTLY
4.1401,4.1401,4.1401,4.1401,500,2022-04-18 20:53:00,OTLY
4.1401,4.1401,4.1401,4.1401,500,2022-04-18 21:02:00,OTLY
4.15,4.15,4.15,4.15,7185,2022-04-18 21:03:00,OTLY
4.1401,4.1401,4.1401,4.1401,500,2022-04-18 21:10:00,OTLY
4.12,4.12,4.12,4.12,141350,2022-04-18 21:11:00,OTLY
4.22,4.22,4.22,4.22,100,2022-04-18 21:15:00,OTLY
4.2015,4.21,4.2015,4.21,236,2022-04-18 21:40:00,OTLY
4.2,4.2,4.1958,4.1958,238,2022-04-18 21:41:00,OTLY
4.1958,4.1958,4.1958,4.1958,119,2022-04-18 21:43:00,OTLY
4.2,4.2,4.2,4.2,119,2022-04-18 21:45:00,OTLY
4.14,4.14,4.14,4.14,367,2022-04-18 22:38:00,OTLY
4.2,4.2,4.2,4.2,200,2022-04-18 23:32:00,OTLY
4.2,4.2,4.2,4.2,495,2022-04-18 23:53:00,OTLY
4.24,4.24,4.24,4.24,500,2022-04-18 23:58:00,OTLY
4.24,4.24,4.24,4.24,100,2022-04-18 23:59:00,OTLY
4.3,4.3,4.3,4.3,225,2022-04-19 08:23:00,OTLY
4.25,4.25,4.25,4.25,100,2022-04-19 08:28:00,OTLY
4.13,4.13,4.12,4.13,1100,2022-04-19 10:00:00,OTLY
4.13,4.13,4.12,4.12,200,2022-04-19 10:45:00,OTLY
4.2,4.2,4.2,4.2,100,2022-04-19 11:01:00,OTLY
4.16,4.16,4.16,4.16,100,2022-04-19 11:49:00,OTLY
4.16,4.16,4.16,4.16,195,2022-04-19 12:10:00,OTLY
4.16,4.16,4.16,4.16,100,2022-04-19 12:13:00,OTLY
4.16,4.16,4.16,4.16,1000,2022-04-19 12:14:00,OTLY
4.16,4.16,4.16,4.16,400,2022-04-19 12:15:00,OTLY
4.16,4.16,4.16,4.16,200,2022-04-19 12:16:00,OTLY
4.16,4.16,4.16,4.16,300,2022-04-19 12:17:00,OTLY
4.1699,4.1699,4.1699,4.1699,100,2022-04-19 12:23:00,OTLY
4.16,4.16,4.16,4.16,200,2022-04-19 12:24:00,OTLY
4.16,4.16,4.16,4.16,3333,2022-04-19 12:28:00,OTLY
4.16,4.16,4.16,4.16,300,2022-04-19 12:40:00,OTLY
4.16,4.16,4.15,4.15,489,2022-04-19 13:01:00,OTLY
4.15,4.15,4.15,4.15,750,2022-04-19 13:05:00,OTLY
4.15,4.15,4.15,4.15,200,2022-04-19 13:18:00,OTLY
4.12,4.12,4.11,4.11,400,2022-04-19 13:29:00,OTLY
4.1,4.16,4.08,4.095,50002,2022-04-19 13:30:00,OTLY
4.1,4.1,4.06,4.07,19531,2022-04-19 13:31:00,OTLY
4.07,4.075,4.06,4.075,19442,2022-04-19 13:32:00,OTLY
4.08,4.09,4.08,4.08,7362,2022-04-19 13:33:00,OTLY
4.08,4.1,4.08,4.0836,18715,2022-04-19 13:34:00,OTLY
4.085,4.1,4.085,4.1,13953,2022-04-19 13:35:00,OTLY
4.095,4.1,4.09,4.09,6602,2022-04-19 13:36:00,OTLY
4.095,4.1,4.09,4.09,5999,2022-04-19 13:37:00,OTLY
4.09,4.09,4.07,4.075,5885,2022-04-19 13:38:00,OTLY
4.0709,4.0709,4.06,4.065,7169,2022-04-19 13:39:00,OTLY
4.065,4.066,4.05,4.055,8108,2022-04-19 13:40:00,OTLY
4.055,4.0751,4.05,4.065,16854,2022-04-19 13:41:00,OTLY
4.06,4.07,4.05,4.06,12351,2022-04-19 13:42:00,OTLY
4.0689,4.085,4.06,4.08,14760,2022-04-19 13:43:00,OTLY
4.08,4.08,4.075,4.075,2475,2022-04-19 13:44:00,OTLY
4.075,4.08,4.05,4.055,17714,2022-04-19 13:45:00,OTLY
4.0599,4.0663,4.055,4.055,9118,2022-04-19 13:46:00,OTLY
4.06,4.07,4.055,4.065,26660,2022-04-19 13:47:00,OTLY
4.07,4.077,4.0609,4.0609,8732,2022-04-19 13:48:00,OTLY
4.06,4.0643,4.06,4.0643,400,2022-04-19 13:49:00,OTLY
4.06,4.06,4.055,4.055,4187,2022-04-19 13:50:00,OTLY
4.055,4.07,4.055,4.065,20836,2022-04-19 13:51:00,OTLY
4.065,4.09,4.065,4.085,20001,2022-04-19 13:52:00,OTLY
4.085,4.09,4.081,4.09,5770,2022-04-19 13:53:00,OTLY
4.09,4.1,4.09,4.0996,15038,2022-04-19 13:54:00,OTLY
4.1,4.1,4.095,4.1,7026,2022-04-19 13:55:00,OTLY
4.1,4.11,4.095,4.105,53334,2022-04-19 13:56:00,OTLY
4.105,4.11,4.1,4.105,14488,2022-04-19 13:57:00,OTLY
4.105,4.1092,4.08,4.085,30981,2022-04-19 13:58:00,OTLY
4.085,4.0897,4.08,4.085,34861,2022-04-19 13:59:00,OTLY
4.08,4.1,4.08,4.095,25045,2022-04-19 14:00:00,OTLY
4.095,4.11,4.095,4.105,14394,2022-04-19 14:01:00,OTLY
4.1073,4.12,4.105,4.12,7370,2022-04-19 14:02:00,OTLY
4.115,4.12,4.1,4.1,21879,2022-04-19 14:03:00,OTLY
4.095,4.0994,4.095,4.099,22411,2022-04-19 14:04:00,OTLY
4.095,4.1,4.085,4.085,16930,2022-04-19 14:05:00,OTLY
4.085,4.087,4.08,4.08,9422,2022-04-19 14:06:00,OTLY
4.0875,4.0875,4.08,4.08,5397,2022-04-19 14:07:00,OTLY
4.08,4.085,4.08,4.08,4398,2022-04-19 14:08:00,OTLY
4.08,4.085,4.075,4.08,9401,2022-04-19 14:09:00,OTLY
4.085,4.105,4.085,4.105,12009,2022-04-19 14:10:00,OTLY
4.11,4.125,4.11,4.125,18656,2022-04-19 14:11:00,OTLY
4.125,4.135,4.125,4.1313,11791,2022-04-19 14:12:00,OTLY
4.14,4.14,4.135,4.14,6020,2022-04-19 14:13:00,OTLY
4.14,4.15,4.135,4.1491,26041,2022-04-19 14:14:00,OTLY
4.145,4.155,4.145,4.15,16404,2022-04-19 14:15:00,OTLY
4.15,4.155,4.1401,4.155,3956,2022-04-19 14:16:00,OTLY
4.155,4.19,4.155,4.19,14061,2022-04-19 14:17:00,OTLY
4.19,4.1907,4.19,4.1907,6698,2022-04-19 14:18:00,OTLY
4.195,4.21,4.1909,4.2,7489,2022-04-19 14:19:00,OTLY
4.1901,4.195,4.19,4.195,7108,2022-04-19 14:20:00,OTLY
4.2,4.2,4.19,4.19,600,2022-04-19 14:21:00,OTLY
4.2,4.21,4.19,4.195,18453,2022-04-19 14:22:00,OTLY
4.2,4.21,4.195,4.205,10818,2022-04-19 14:23:00,OTLY
4.205,4.205,4.1894,4.1894,6773,2022-04-19 14:24:00,OTLY
4.185,4.187,4.185,4.185,2302,2022-04-19 14:25:00,OTLY
4.19,4.19,4.18,4.18,5400,2022-04-19 14:26:00,OTLY
4.185,4.195,4.18,4.185,11560,2022-04-19 14:27:00,OTLY
4.185,4.1999,4.185,4.1999,10075,2022-04-19 14:28:00,OTLY
4.19,4.2,4.19,4.19,6059,2022-04-19 14:29:00,OTLY
4.19,4.19,4.175,4.175,3100,2022-04-19 14:30:00,OTLY
4.175,4.175,4.17,4.17,2455,2022-04-19 14:31:00,OTLY
4.1687,4.17,4.1603,4.165,16171,2022-04-19 14:32:00,OTLY
4.165,4.165,4.15,4.155,11328,2022-04-19 14:33:00,OTLY
4.15,4.1595,4.15,4.15,11440,2022-04-19 14:34:00,OTLY
4.15,4.155,4.14,4.155,23568,2022-04-19 14:35:00,OTLY
4.155,4.1699,4.155,4.1601,29998,2022-04-19 14:36:00,OTLY
4.165,4.17,4.165,4.165,4035,2022-04-19 14:37:00,OTLY
4.165,4.17,4.16,4.16,6144,2022-04-19 14:38:00,OTLY
4.165,4.175,4.16,4.16,42238,2022-04-19 14:39:00,OTLY
4.16,4.165,4.155,4.165,19480,2022-04-19 14:40:00,OTLY
4.165,4.175,4.165,4.17,70210,2022-04-19 14:41:00,OTLY
4.175,4.175,4.175,4.175,574,2022-04-19 14:42:00,OTLY
4.175,4.195,4.175,4.19,35038,2022-04-19 14:43:00,OTLY
4.195,4.1996,4.19,4.1996,1444,2022-04-19 14:44:00,OTLY
4.19,4.195,4.19,4.19,2196,2022-04-19 14:45:00,OTLY
4.19,4.2,4.19,4.2,13229,2022-04-19 14:46:00,OTLY
4.2,4.21,4.195,4.205,6798,2022-04-19 14:47:00,OTLY
4.205,4.21,4.2,4.205,10078,2022-04-19 14:48:00,OTLY
4.205,4.22,4.205,4.22,18741,2022-04-19 14:49:00,OTLY
4.215,4.22,4.21,4.215,24239,2022-04-19 14:50:00,OTLY
4.215,4.24,4.215,4.235,31586,2022-04-19 14:51:00,OTLY
4.2392,4.24,4.23,4.23,11630,2022-04-19 14:52:00,OTLY
4.235,4.24,4.225,4.225,8765,2022-04-19 14:53:00,OTLY
4.23,4.24,4.23,4.2309,9486,2022-04-19 14:54:00,OTLY
4.23,4.23,4.2201,4.225,8592,2022-04-19 14:55:00,OTLY
4.223,4.223,4.2101,4.215,9181,2022-04-19 14:56:00,OTLY
4.215,4.23,4.215,4.225,14852,2022-04-19 14:57:00,OTLY
4.222,4.225,4.215,4.215,11922,2022-04-19 14:58:00,OTLY
4.215,4.22,4.21,4.21,6641,2022-04-19 14:59:00,OTLY
4.22,4.225,4.215,4.22,3950,2022-04-19 15:00:00,OTLY
4.22,4.228,4.22,4.228,515,2022-04-19 15:01:00,OTLY
4.22,4.22,4.21,4.21,4570,2022-04-19 15:02:00,OTLY
4.21,4.22,4.21,4.215,2800,2022-04-19 15:03:00,OTLY
4.2103,4.22,4.21,4.21,10521,2022-04-19 15:04:00,OTLY
4.21,4.22,4.21,4.215,35278,2022-04-19 15:05:00,OTLY
4.215,4.22,4.21,4.22,10865,2022-04-19 15:06:00,OTLY
4.225,4.24,4.225,4.24,22704,2022-04-19 15:07:00,OTLY
4.235,4.25,4.235,4.25,10899,2022-04-19 15:08:00,OTLY
4.25,4.25,4.2409,4.2409,2650,2022-04-19 15:09:00,OTLY
4.2486,4.26,4.245,4.26,27396,2022-04-19 15:10:00,OTLY
4.26,4.26,4.255,4.2586,4253,2022-04-19 15:11:00,OTLY
4.26,4.26,4.255,4.26,1300,2022-04-19 15:12:00,OTLY
4.26,4.26,4.2514,4.2514,1330,2022-04-19 15:13:00,OTLY
4.26,4.26,4.2517,4.26,3824,2022-04-19 15:14:00,OTLY
4.252,4.26,4.25,4.25,2461,2022-04-19 15:15:00,OTLY
4.255,4.26,4.25,4.255,2500,2022-04-19 15:16:00,OTLY
4.2501,4.2501,4.24,4.24,16133,2022-04-19 15:17:00,OTLY
4.24,4.245,4.235,4.245,9592,2022-04-19 15:18:00,OTLY
4.24,4.2412,4.24,4.24,1000,2022-04-19 15:19:00,OTLY
4.24,4.245,4.24,4.24,5295,2022-04-19 15:20:00,OTLY
4.24,4.24,4.24,4.24,1400,2022-04-19 15:21:00,OTLY
4.24,4.245,4.24,4.24,5781,2022-04-19 15:22:00,OTLY
4.24,4.2475,4.24,4.24,2669,2022-04-19 15:23:00,OTLY
4.245,4.245,4.24,4.24,6446,2022-04-19 15:24:00,OTLY
4.24,4.24,4.24,4.24,1500,2022-04-19 15:25:00,OTLY
4.24,4.2483,4.24,4.24,3600,2022-04-19 15:26:00,OTLY
4.24,4.245,4.24,4.245,3700,2022-04-19 15:27:00,OTLY
4.24,4.2483,4.24,4.24,1200,2022-04-19 15:28:00,OTLY
4.24,4.28,4.24,4.28,47305,2022-04-19 15:29:00,OTLY
4.28,4.28,4.2705,4.28,8300,2022-04-19 15:30:00,OTLY
4.28,4.28,4.275,4.275,500,2022-04-19 15:31:00,OTLY
4.28,4.28,4.275,4.275,5424,2022-04-19 15:32:00,OTLY
4.27,4.28,4.27,4.275,1000,2022-04-19 15:33:00,OTLY
4.275,4.28,4.27,4.27,4600,2022-04-19 15:34:00,OTLY
4.275,4.28,4.275,4.275,1500,2022-04-19 15:35:00,OTLY
4.27,4.28,4.27,4.28,1200,2022-04-19 15:36:00,OTLY
4.28,4.28,4.265,4.27,13975,2022-04-19 15:37:00,OTLY
4.275,4.305,4.275,4.295,67654,2022-04-19 15:38:00,OTLY
4.29,4.31,4.29,4.305,12091,2022-04-19 15:39:00,OTLY
4.305,4.31,4.3019,4.3019,3223,2022-04-19 15:40:00,OTLY
4.3,4.305,4.29,4.305,20069,2022-04-19 15:41:00,OTLY
4.31,4.31,4.305,4.305,600,2022-04-19 15:42:00,OTLY
4.31,4.32,4.305,4.32,12151,2022-04-19 15:43:00,OTLY
4.315,4.32,4.315,4.315,2800,2022-04-19 15:44:00,OTLY
4.315,4.32,4.3111,4.315,5117,2022-04-19 15:45:00,OTLY
4.315,4.32,4.3119,4.32,3179,2022-04-19 15:46:00,OTLY
4.315,4.315,4.305,4.305,6568,2022-04-19 15:47:00,OTLY
4.305,4.3088,4.3,4.3001,3417,2022-04-19 15:48:00,OTLY
4.305,4.305,4.3008,4.3036,1010,2022-04-19 15:49:00,OTLY
4.305,4.3074,4.305,4.305,3375,2022-04-19 15:50:00,OTLY
4.305,4.315,4.3,4.31,9063,2022-04-19 15:51:00,OTLY
4.31,4.32,4.31,4.3113,4633,2022-04-19 15:52:00,OTLY
4.3108,4.3109,4.3108,4.3109,1376,2022-04-19 15:53:00,OTLY
4.315,4.315,4.315,4.315,280,2022-04-19 15:54:00,OTLY
4.3101,4.3101,4.31,4.31,1409,2022-04-19 15:55:00,OTLY
4.31,4.31,4.3,4.3,6751,2022-04-19 15:56:00,OTLY
4.305,4.31,4.305,4.31,3587,2022-04-19 15:57:00,OTLY
4.305,4.31,4.3,4.3,34497,2022-04-19 15:58:00,OTLY
4.305,4.31,4.3,4.31,3331,2022-04-19 15:59:00,OTLY
4.3,4.33,4.3,4.325,25756,2022-04-19 16:00:00,OTLY
4.33,4.33,4.32,4.325,7932,2022-04-19 16:01:00,OTLY
4.325,4.325,4.315,4.32,13562,2022-04-19 16:02:00,OTLY
4.3188,4.3188,4.305,4.305,11859,2022-04-19 16:03:00,OTLY
4.31,4.31,4.28,4.29,93129,2022-04-19 16:04:00,OTLY
4.29,4.3,4.2894,4.29,12756,2022-04-19 16:05:00,OTLY
4.29,4.2904,4.29,4.2904,200,2022-04-19 16:06:00,OTLY
4.29,4.3,4.29,4.29,3586,2022-04-19 16:07:00,OTLY
4.29,4.3,4.29,4.2912,5797,2022-04-19 16:08:00,OTLY
4.3,4.32,4.295,4.31,23517,2022-04-19 16:09:00,OTLY
4.31,4.315,4.31,4.315,300,2022-04-19 16:10:00,OTLY
4.3101,4.32,4.31,4.3159,1674,2022-04-19 16:11:00,OTLY
4.315,4.318,4.31,4.31,1400,2022-04-19 16:12:00,OTLY
4.31,4.31,4.31,4.31,200,2022-04-19 16:13:00,OTLY
4.31,4.31,4.3012,4.3012,2250,2022-04-19 16:14:00,OTLY
4.3,4.3,4.3,4.3,1300,2022-04-19 16:15:00,OTLY
4.3,4.31,4.295,4.305,24877,2022-04-19 16:16:00,OTLY
4.305,4.32,4.305,4.315,14503,2022-04-19 16:17:00,OTLY
4.315,4.315,4.315,4.315,400,2022-04-19 16:18:00,OTLY
4.315,4.315,4.315,4.315,460,2022-04-19 16:19:00,OTLY
4.3188,4.3188,4.3188,4.3188,1000,2022-04-19 16:20:00,OTLY
4.31,4.315,4.31,4.31,400,2022-04-19 16:21:00,OTLY
4.315,4.315,4.31,4.31,2445,2022-04-19 16:22:00,OTLY
4.31,4.315,4.3,4.3,13820,2022-04-19 16:23:00,OTLY
4.3,4.305,4.3,4.3,3621,2022-04-19 16:24:00,OTLY
4.3,4.305,4.29,4.295,11513,2022-04-19 16:25:00,OTLY
4.295,4.3,4.29,4.29,24238,2022-04-19 16:26:00,OTLY
4.29,4.3,4.28,4.28,46562,2022-04-19 16:27:00,OTLY
4.28,4.29,4.28,4.28,12379,2022-04-19 16:28:00,OTLY
4.28,4.29,4.28,4.28,3333,2022-04-19 16:29:00,OTLY
4.29,4.29,4.28,4.28,4071,2022-04-19 16:30:00,OTLY
4.28,4.285,4.28,4.28,2900,2022-04-19 16:31:00,OTLY
4.285,4.29,4.28,4.285,37752,2022-04-19 16:32:00,OTLY
4.28,4.285,4.28,4.28,2651,2022-04-19 16:33:00,OTLY
4.28,4.285,4.28,4.28,5574,2022-04-19 16:34:00,OTLY
4.28,4.29,4.28,4.28,2284,2022-04-19 16:35:00,OTLY
4.285,4.285,4.28,4.28,4387,2022-04-19 16:36:00,OTLY
4.28,4.285,4.28,4.28,1096,2022-04-19 16:37:00,OTLY
4.28,4.28,4.27,4.27,2402,2022-04-19 16:38:00,OTLY
4.275,4.275,4.27,4.27,6910,2022-04-19 16:39:00,OTLY
4.27,4.2799,4.27,4.2799,2400,2022-04-19 16:40:00,OTLY
4.27,4.28,4.27,4.27,3450,2022-04-19 16:41:00,OTLY
4.2761,4.2761,4.27,4.27,3350,2022-04-19 16:42:00,OTLY
4.27,4.2701,4.27,4.27,6500,2022-04-19 16:43:00,OTLY
4.275,4.275,4.27,4.27,1174,2022-04-19 16:44:00,OTLY
4.27,4.275,4.26,4.265,10579,2022-04-19 16:45:00,OTLY
4.265,4.285,4.265,4.285,30904,2022-04-19 16:46:00,OTLY
4.285,4.289,4.285,4.285,1025,2022-04-19 16:47:00,OTLY
4.29,4.29,4.285,4.285,450,2022-04-19 16:48:00,OTLY
4.285,4.285,4.285,4.285,100,2022-04-19 16:49:00,OTLY
4.285,4.285,4.28,4.28,400,2022-04-19 16:50:00,OTLY
4.285,4.29,4.285,4.285,7055,2022-04-19 16:51:00,OTLY
4.285,4.295,4.285,4.295,12647,2022-04-19 16:52:00,OTLY
4.295,4.295,4.295,4.295,600,2022-04-19 16:53:00,OTLY
4.3,4.305,4.2925,4.3,19656,2022-04-19 16:54:00,OTLY
4.305,4.3075,4.3,4.305,400,2022-04-19 16:55:00,OTLY
4.3,4.3,4.29,4.29,6004,2022-04-19 16:56:00,OTLY
4.295,4.295,4.295,4.295,2350,2022-04-19 16:57:00,OTLY
4.295,4.295,4.295,4.295,600,2022-04-19 16:58:00,OTLY
4.29,4.295,4.29,4.295,600,2022-04-19 16:59:00,OTLY
4.29,4.295,4.29,4.295,300,2022-04-19 17:00:00,OTLY
4.29,4.295,4.285,4.29,17315,2022-04-19 17:01:00,OTLY
4.29,4.295,4.285,4.295,6978,2022-04-19 17:02:00,OTLY
4.29,4.305,4.29,4.305,22431,2022-04-19 17:03:00,OTLY
4.31,4.319,4.31,4.319,9108,2022-04-19 17:04:00,OTLY
4.315,4.315,4.315,4.315,500,2022-04-19 17:05:00,OTLY
4.315,4.32,4.31,4.315,1853,2022-04-19 17:06:00,OTLY
4.31,4.315,4.31,4.31,573,2022-04-19 17:07:00,OTLY
4.31,4.31,4.305,4.31,6500,2022-04-19 17:08:00,OTLY
4.305,4.318,4.305,4.31,9400,2022-04-19 17:09:00,OTLY
4.31,4.31,4.305,4.305,700,2022-04-19 17:10:00,OTLY
4.305,4.31,4.305,4.305,3525,2022-04-19 17:11:00,OTLY
4.31,4.31,4.305,4.31,1782,2022-04-19 17:12:00,OTLY
4.307,4.307,4.305,4.305,1000,2022-04-19 17:13:00,OTLY
4.3,4.3,4.3,4.3,500,2022-04-19 17:14:00,OTLY
4.3,4.305,4.3,4.305,1500,2022-04-19 17:15:00,OTLY
4.31,4.31,4.3,4.3,1717,2022-04-19 17:16:00,OTLY
4.31,4.31,4.3,4.3,700,2022-04-19 17:17:00,OTLY
4.3,4.31,4.3,4.3,2400,2022-04-19 17:18:00,OTLY
4.31,4.31,4.3,4.3,2900,2022-04-19 17:19:00,OTLY
4.3,4.3,4.29,4.29,18401,2022-04-19 17:20:00,OTLY
4.295,4.295,4.29,4.2942,1200,2022-04-19 17:21:00,OTLY
4.29,4.29,4.285,4.285,3871,2022-04-19 17:22:00,OTLY
4.285,4.29,4.28,4.285,20435,2022-04-19 17:23:00,OTLY
4.2913,4.2913,4.285,4.285,4870,2022-04-19 17:24:00,OTLY
4.285,4.285,4.282,4.282,729,2022-04-19 17:25:00,OTLY
4.285,4.285,4.285,4.285,100,2022-04-19 17:26:00,OTLY
4.28,4.285,4.28,4.285,3175,2022-04-19 17:27:00,OTLY
4.28,4.2847,4.28,4.28,500,2022-04-19 17:28:00,OTLY
4.28,4.285,4.275,4.285,30270,2022-04-19 17:29:00,OTLY
4.285,4.285,4.285,4.285,300,2022-04-19 17:31:00,OTLY
4.285,4.285,4.28,4.285,1460,2022-04-19 17:33:00,OTLY
4.285,4.285,4.285,4.285,100,2022-04-19 17:34:00,OTLY
4.285,4.285,4.275,4.275,3906,2022-04-19 17:35:00,OTLY
4.275,4.275,4.275,4.275,2300,2022-04-19 17:36:00,OTLY
4.275,4.275,4.275,4.275,899,2022-04-19 17:37:00,OTLY
4.2723,4.2723,4.27,4.27,2349,2022-04-19 17:38:00,OTLY
4.27,4.27,4.27,4.27,1300,2022-04-19 17:39:00,OTLY
4.27,4.275,4.26,4.26,2917,2022-04-19 17:40:00,OTLY
4.26,4.27,4.26,4.26,4279,2022-04-19 17:41:00,OTLY
4.265,4.27,4.26,4.26,8133,2022-04-19 17:42:00,OTLY
4.265,4.275,4.265,4.275,14896,2022-04-19 17:43:00,OTLY
4.275,4.285,4.275,4.2796,40814,2022-04-19 17:44:00,OTLY
4.28,4.28,4.275,4.275,2992,2022-04-19 17:45:00,OTLY
4.275,4.275,4.275,4.275,300,2022-04-19 17:46:00,OTLY
4.275,4.275,4.275,4.275,400,2022-04-19 17:48:00,OTLY
4.275,4.28,4.275,4.28,1885,2022-04-19 17:49:00,OTLY
4.275,4.275,4.275,4.275,1200,2022-04-19 17:50:00,OTLY
4.275,4.2768,4.27,4.2768,700,2022-04-19 17:51:00,OTLY
4.27,4.2755,4.27,4.27,2354,2022-04-19 17:52:00,OTLY
4.27,4.2754,4.26,4.26,10446,2022-04-19 17:53:00,OTLY
4.26,4.265,4.26,4.26,1400,2022-04-19 17:54:00,OTLY
4.26,4.26,4.26,4.26,1000,2022-04-19 17:55:00,OTLY
4.26,4.27,4.26,4.26,2032,2022-04-19 17:56:00,OTLY
4.26,4.26,4.26,4.26,1000,2022-04-19 17:57:00,OTLY
4.265,4.28,4.265,4.28,27361,2022-04-19 17:58:00,OTLY
4.275,4.28,4.275,4.275,7726,2022-04-19 17:59:00,OTLY
4.28,4.29,4.275,4.29,6153,2022-04-19 18:00:00,OTLY
4.285,4.29,4.285,4.285,1929,2022-04-19 18:01:00,OTLY
4.29,4.29,4.285,4.285,1533,2022-04-19 18:02:00,OTLY
4.29,4.29,4.285,4.285,1200,2022-04-19 18:03:00,OTLY
4.29,4.29,4.285,4.29,2845,2022-04-19 18:04:00,OTLY
4.29,4.3,4.285,4.3,11915,2022-04-19 18:05:00,OTLY
4.3,4.3,4.2901,4.295,1532,2022-04-19 18:06:00,OTLY
4.3,4.3,4.28,4.285,16377,2022-04-19 18:07:00,OTLY
4.285,4.285,4.285,4.285,459,2022-04-19 18:08:00,OTLY
4.28,4.285,4.275,4.275,10000,2022-04-19 18:09:00,OTLY
4.275,4.275,4.275,4.275,100,2022-04-19 18:10:00,OTLY
4.27,4.27,4.26,4.2697,1150,2022-04-19 18:11:00,OTLY
4.26,4.265,4.26,4.265,300,2022-04-19 18:12:00,OTLY
4.26,4.26,4.255,4.255,14901,2022-04-19 18:13:00,OTLY
4.2537,4.255,4.2537,4.255,1901,2022-04-19 18:14:00,OTLY
4.25,4.255,4.25,4.25,1480,2022-04-19 18:15:00,OTLY
4.25,4.26,4.25,4.255,1741,2022-04-19 18:16:00,OTLY
4.255,4.26,4.25,4.255,3100,2022-04-19 18:17:00,OTLY
4.25,4.26,4.25,4.255,3000,2022-04-19 18:18:00,OTLY
4.255,4.255,4.25,4.25,4000,2022-04-19 18:19:00,OTLY
4.25,4.255,4.25,4.25,3638,2022-04-19 18:20:00,OTLY
4.25,4.26,4.25,4.26,3100,2022-04-19 18:21:00,OTLY
4.25,4.26,4.25,4.26,2300,2022-04-19 18:22:00,OTLY
4.25,4.26,4.25,4.25,2400,2022-04-19 18:23:00,OTLY
4.25,4.26,4.25,4.25,6521,2022-04-19 18:24:00,OTLY
4.25,4.26,4.245,4.245,8939,2022-04-19 18:25:00,OTLY
4.245,4.245,4.24,4.245,37700,2022-04-19 18:26:00,OTLY
4.245,4.26,4.245,4.255,40463,2022-04-19 18:27:00,OTLY
4.255,4.26,4.255,4.255,600,2022-04-19 18:28:00,OTLY
4.255,4.26,4.23,4.235,73923,2022-04-19 18:29:00,OTLY
4.235,4.2399,4.235,4.2399,1303,2022-04-19 18:30:00,OTLY
4.23,4.235,4.23,4.235,1800,2022-04-19 18:31:00,OTLY
4.23,4.235,4.22,4.225,14235,2022-04-19 18:32:00,OTLY
4.22,4.235,4.22,4.23,44462,2022-04-19 18:33:00,OTLY
4.24,4.24,4.23,4.24,21300,2022-04-19 18:34:00,OTLY
4.235,4.24,4.225,4.225,15876,2022-04-19 18:35:00,OTLY
4.225,4.23,4.225,4.225,4531,2022-04-19 18:36:00,OTLY
4.228,4.23,4.22,4.225,8100,2022-04-19 18:37:00,OTLY
4.22,4.22,4.22,4.22,300,2022-04-19 18:38:00,OTLY
4.2283,4.2394,4.225,4.2394,28407,2022-04-19 18:39:00,OTLY
4.23,4.23,4.23,4.23,700,2022-04-19 18:40:00,OTLY
4.2399,4.2399,4.23,4.235,35961,2022-04-19 18:41:00,OTLY
4.235,4.235,4.23,4.23,2302,2022-04-19 18:42:00,OTLY
4.23,4.2395,4.23,4.23,4200,2022-04-19 18:43:00,OTLY
4.23,4.23,4.22,4.22,11936,2022-04-19 18:44:00,OTLY
4.22,4.22,4.22,4.22,700,2022-04-19 18:45:00,OTLY
4.22,4.23,4.22,4.22,10400,2022-04-19 18:46:00,OTLY
4.22,4.22,4.21,4.215,16102,2022-04-19 18:47:00,OTLY
4.215,4.225,4.21,4.225,27409,2022-04-19 18:48:00,OTLY
4.22,4.22,4.215,4.215,15853,2022-04-19 18:49:00,OTLY
4.215,4.22,4.215,4.215,6210,2022-04-19 18:50:00,OTLY
4.215,4.22,4.21,4.215,9372,2022-04-19 18:51:00,OTLY
4.21,4.2195,4.21,4.215,7796,2022-04-19 18:52:00,OTLY
4.2192,4.2192,4.2,4.2086,7099,2022-04-19 18:53:00,OTLY
4.2,4.205,4.2,4.205,1798,2022-04-19 18:54:00,OTLY
4.2,4.205,4.2,4.2,2938,2022-04-19 18:55:00,OTLY
4.2,4.205,4.19,4.195,28199,2022-04-19 18:56:00,OTLY
4.195,4.205,4.195,4.205,16369,2022-04-19 18:57:00,OTLY
4.2,4.205,4.2,4.2,23804,2022-04-19 18:58:00,OTLY
4.2,4.2024,4.2,4.2,4305,2022-04-19 18:59:00,OTLY
4.2,4.2099,4.2,4.2,1631,2022-04-19 19:00:00,OTLY
4.205,4.21,4.2,4.2,2400,2022-04-19 19:01:00,OTLY
4.2,4.205,4.2,4.2,2700,2022-04-19 19:02:00,OTLY
4.2,4.2,4.19,4.19,7307,2022-04-19 19:03:00,OTLY
4.195,4.195,4.19,4.195,12600,2022-04-19 19:04:00,OTLY
4.19,4.195,4.19,4.19,1500,2022-04-19 19:05:00,OTLY
4.19,4.195,4.19,4.19,2496,2022-04-19 19:06:00,OTLY
4.19,4.195,4.19,4.19,3008,2022-04-19 19:07:00,OTLY
4.19,4.205,4.19,4.205,39646,2022-04-19 19:08:00,OTLY
4.205,4.208,4.205,4.205,1337,2022-04-19 19:09:00,OTLY
4.205,4.22,4.205,4.215,13775,2022-04-19 19:10:00,OTLY
4.215,4.225,4.215,4.22,10000,2022-04-19 19:11:00,OTLY
4.225,4.225,4.2243,4.225,2670,2022-04-19 19:12:00,OTLY
4.225,4.225,4.225,4.225,1200,2022-04-19 19:13:00,OTLY
4.2214,4.225,4.2214,4.225,900,2022-04-19 19:14:00,OTLY
4.225,4.225,4.22,4.225,2311,2022-04-19 19:15:00,OTLY
4.225,4.225,4.22,4.225,2000,2022-04-19 19:16:00,OTLY
4.22,4.2299,4.22,4.22,7700,2022-04-19 19:17:00,OTLY
4.22,4.2285,4.22,4.22,2230,2022-04-19 19:18:00,OTLY
4.22,4.225,4.22,4.225,1490,2022-04-19 19:19:00,OTLY
4.225,4.225,4.22,4.22,2797,2022-04-19 19:20:00,OTLY
4.22,4.224,4.22,4.22,2650,2022-04-19 19:21:00,OTLY
4.22,4.22,4.22,4.22,1600,2022-04-19 19:22:00,OTLY
4.22,4.225,4.22,4.22,5827,2022-04-19 19:23:00,OTLY
4.22,4.2254,4.22,4.22,6160,2022-04-19 19:24:00,OTLY
4.225,4.225,4.22,4.225,4781,2022-04-19 19:25:00,OTLY
4.22,4.225,4.22,4.225,3895,2022-04-19 19:26:00,OTLY
4.22,4.2291,4.22,4.22,5080,2022-04-19 19:27:00,OTLY
4.225,4.2299,4.22,4.225,27090,2022-04-19 19:28:00,OTLY
4.22,4.225,4.215,4.215,9947,2022-04-19 19:29:00,OTLY
4.215,4.225,4.21,4.225,52989,2022-04-19 19:30:00,OTLY
4.225,4.225,4.225,4.225,1092,2022-04-19 19:31:00,OTLY
4.225,4.225,4.225,4.225,1300,2022-04-19 19:32:00,OTLY
4.225,4.24,4.225,4.235,19886,2022-04-19 19:33:00,OTLY
4.235,4.2392,4.235,4.235,8200,2022-04-19 19:34:00,OTLY
4.235,4.2387,4.235,4.235,1980,2022-04-19 19:35:00,OTLY
4.235,4.24,4.235,4.235,1300,2022-04-19 19:36:00,OTLY
4.235,4.2387,4.235,4.235,1210,2022-04-19 19:37:00,OTLY
4.235,4.24,4.235,4.235,5000,2022-04-19 19:38:00,OTLY
4.235,4.235,4.23,4.235,4656,2022-04-19 19:39:00,OTLY
4.235,4.2399,4.23,4.235,2879,2022-04-19 19:40:00,OTLY
4.235,4.235,4.22,4.225,30314,2022-04-19 19:41:00,OTLY
4.225,4.23,4.22,4.225,4451,2022-04-19 19:42:00,OTLY
4.225,4.2285,4.22,4.225,3483,2022-04-19 19:43:00,OTLY
4.22,4.225,4.22,4.225,4478,2022-04-19 19:44:00,OTLY
4.225,4.2299,4.22,4.225,14937,2022-04-19 19:45:00,OTLY
4.225,4.235,4.225,4.235,70933,2022-04-19 19:46:00,OTLY
4.235,4.235,4.235,4.235,2707,2022-04-19 19:47:00,OTLY
4.235,4.2387,4.235,4.235,2693,2022-04-19 19:48:00,OTLY
4.235,4.239,4.23,4.235,10871,2022-04-19 19:49:00,OTLY
4.24,4.24,4.235,4.235,49318,2022-04-19 19:50:00,OTLY
4.235,4.2399,4.23,4.235,16810,2022-04-19 19:51:00,OTLY
4.235,4.235,4.23,4.235,8792,2022-04-19 19:52:00,OTLY
4.235,4.24,4.235,4.235,7911,2022-04-19 19:53:00,OTLY
4.235,4.24,4.235,4.235,8802,2022-04-19 19:54:00,OTLY
4.235,4.235,4.22,4.225,25197,2022-04-19 19:55:00,OTLY
4.225,4.23,4.22,4.225,14003,2022-04-19 19:56:00,OTLY
4.23,4.24,4.22,4.235,63578,2022-04-19 19:57:00,OTLY
4.24,4.25,4.235,4.25,44187,2022-04-19 19:58:00,OTLY
4.245,4.25,4.24,4.25,96736,2022-04-19 19:59:00,OTLY
4.26,4.26,4.26,4.26,45961,2022-04-19 20:00:00,OTLY
4.26,4.26,4.24,4.24,817,2022-04-19 20:14:00,OTLY
4.19,4.19,4.19,4.19,120,2022-04-19 20:17:00,OTLY
4.23,4.23,4.23,4.23,100,2022-04-19 20:20:00,OTLY
4.22,4.22,4.22,4.22,1855,2022-04-19 20:30:00,OTLY
4.22,4.22,4.22,4.22,2500,2022-04-19 20:31:00,OTLY
4.1903,4.1903,4.19,4.19,2871,2022-04-19 20:40:00,OTLY
4.19,4.19,4.19,4.19,100,2022-04-19 21:02:00,OTLY
4.2499,4.2499,4.2499,4.2499,507,2022-04-19 21:22:00,OTLY
4.2499,4.2499,4.2499,4.2499,507,2022-04-19 21:24:00,OTLY
4.25,4.25,4.25,4.25,400,2022-04-19 22:15:00,OTLY
4.27,4.27,4.27,4.27,506,2022-04-19 22:17:00,OTLY
4.22,4.22,4.22,4.22,583,2022-04-19 22:52:00,OTLY
4.22,4.22,4.22,4.22,1000,2022-04-19 23:52:00,OTLY
4.26,4.27,4.26,4.27,497,2022-04-20 11:12:00,OTLY
4.31,4.31,4.31,4.31,200,2022-04-20 12:46:00,OTLY
4.3494,4.3499,4.3494,4.3499,500,2022-04-20 12:51:00,OTLY
4.35,4.35,4.35,4.35,1931,2022-04-20 12:52:00,OTLY
4.29,4.29,4.29,4.29,100,2022-04-20 13:06:00,OTLY
4.26,4.31,4.16,4.18,72034,2022-04-20 13:30:00,OTLY
4.18,4.18,4.12,4.13,81146,2022-04-20 13:31:00,OTLY
4.12,4.18,4.11,4.18,34010,2022-04-20 13:32:00,OTLY
4.18,4.19,4.175,4.18,7867,2022-04-20 13:33:00,OTLY
4.18,4.2,4.17,4.18,14323,2022-04-20 13:34:00,OTLY
4.175,4.18,4.145,4.15,21505,2022-04-20 13:35:00,OTLY
4.1559,4.17,4.15,4.17,10821,2022-04-20 13:36:00,OTLY
4.18,4.18,4.165,4.175,5206,2022-04-20 13:37:00,OTLY
4.17,4.17,4.155,4.16,27929,2022-04-20 13:38:00,OTLY
4.155,4.155,4.145,4.145,2926,2022-04-20 13:39:00,OTLY
4.14,4.14,4.125,4.135,5878,2022-04-20 13:40:00,OTLY
4.13,4.14,4.13,4.135,2687,2022-04-20 13:41:00,OTLY
4.135,4.135,4.135,4.135,644,2022-04-20 13:42:00,OTLY
4.135,4.135,4.105,4.105,11327,2022-04-20 13:43:00,OTLY
4.11,4.12,4.105,4.1101,13534,2022-04-20 13:44:00,OTLY
4.11,4.115,4.11,4.115,1715,2022-04-20 13:45:00,OTLY
4.115,4.13,4.11,4.125,7630,2022-04-20 13:46:00,OTLY
4.125,4.13,4.12,4.125,2687,2022-04-20 13:47:00,OTLY
4.125,4.13,4.12,4.13,4600,2022-04-20 13:48:00,OTLY
4.1293,4.1293,4.125,4.125,1800,2022-04-20 13:49:00,OTLY
4.125,4.1281,4.12,4.12,3892,2022-04-20 13:50:00,OTLY
4.1288,4.1288,4.11,4.115,7445,2022-04-20 13:51:00,OTLY
4.11,4.11,4.1,4.1,16610,2022-04-20 13:52:00,OTLY
4.1,4.109,4.09,4.095,12806,2022-04-20 13:53:00,OTLY
4.0988,4.0999,4.095,4.095,3400,2022-04-20 13:54:00,OTLY
4.098,4.1,4.095,4.095,4442,2022-04-20 13:55:00,OTLY
4.095,4.0988,4.09,4.095,2728,2022-04-20 13:56:00,OTLY
4.095,4.095,4.09,4.095,2947,2022-04-20 13:57:00,OTLY
4.095,4.1,4.09,4.095,1750,2022-04-20 13:58:00,OTLY
4.095,4.095,4.095,4.095,1350,2022-04-20 13:59:00,OTLY
4.095,4.11,4.095,4.1,13319,2022-04-20 14:00:00,OTLY
4.1,4.105,4.1,4.105,1000,2022-04-20 14:01:00,OTLY
4.105,4.105,4.1,4.1,2596,2022-04-20 14:02:00,OTLY
4.105,4.105,4.09,4.09,6519,2022-04-20 14:03:00,OTLY
4.095,4.0999,4.08,4.085,8542,2022-04-20 14:04:00,OTLY
4.085,4.085,4.05,4.05,46653,2022-04-20 14:05:00,OTLY
4.05,4.07,4.05,4.061,61959,2022-04-20 14:06:00,OTLY
4.06,4.0664,4.05,4.055,8553,2022-04-20 14:07:00,OTLY
4.055,4.06,4.05,4.055,12874,2022-04-20 14:08:00,OTLY
4.055,4.075,4.05,4.075,17919,2022-04-20 14:09:00,OTLY
4.075,4.08,4.07,4.075,4464,2022-04-20 14:10:00,OTLY
4.075,4.08,4.07,4.08,3915,2022-04-20 14:11:00,OTLY
4.079,4.0888,4.07,4.085,5472,2022-04-20 14:12:00,OTLY
4.085,4.1,4.085,4.095,10425,2022-04-20 14:13:00,OTLY
4.095,4.1,4.08,4.085,13900,2022-04-20 14:14:00,OTLY
4.085,4.1,4.085,4.1,20801,2022-04-20 14:15:00,OTLY
4.095,4.109,4.095,4.109,8873,2022-04-20 14:16:00,OTLY
4.105,4.11,4.105,4.1097,2377,2022-04-20 14:17:00,OTLY
4.105,4.12,4.105,4.11,5692,2022-04-20 14:18:00,OTLY
4.115,4.12,4.115,4.1191,8318,2022-04-20 14:19:00,OTLY
4.115,4.12,4.115,4.12,1659,2022-04-20 14:20:00,OTLY
4.115,4.12,4.115,4.12,7873,2022-04-20 14:21:00,OTLY
4.115,4.1251,4.115,4.125,6907,2022-04-20 14:22:00,OTLY
4.125,4.125,4.1007,4.1007,24863,2022-04-20 14:23:00,OTLY
4.1037,4.1037,4.08,4.08,15295,2022-04-20 14:24:00,OTLY
4.085,4.085,4.075,4.08,7662,2022-04-20 14:25:00,OTLY
4.085,4.085,4.08,4.08,2565,2022-04-20 14:26:00,OTLY
4.085,4.1,4.085,4.0978,11837,2022-04-20 14:27:00,OTLY
4.095,4.1,4.085,4.085,6072,2022-04-20 14:28:00,OTLY
4.085,4.0899,4.08,4.08,2336,2022-04-20 14:29:00,OTLY
4.085,4.085,4.075,4.075,7013,2022-04-20 14:30:00,OTLY
4.075,4.09,4.075,4.085,7250,2022-04-20 14:31:00,OTLY
4.085,4.11,4.085,4.095,24332,2022-04-20 14:32:00,OTLY
4.095,4.115,4.095,4.115,9125,2022-04-20 14:33:00,OTLY
4.12,4.13,4.12,4.1264,2774,2022-04-20 14:34:00,OTLY
4.125,4.13,4.12,4.125,4015,2022-04-20 14:35:00,OTLY
4.125,4.14,4.125,4.14,6361,2022-04-20 14:36:00,OTLY
4.14,4.15,4.135,4.145,7655,2022-04-20 14:37:00,OTLY
4.1404,4.145,4.135,4.135,9301,2022-04-20 14:38:00,OTLY
4.135,4.135,4.13,4.13,9862,2022-04-20 14:39:00,OTLY
4.125,4.1292,4.12,4.125,1968,2022-04-20 14:40:00,OTLY
4.125,4.125,4.125,4.125,1245,2022-04-20 14:41:00,OTLY
4.1285,4.1285,4.125,4.125,2579,2022-04-20 14:42:00,OTLY
4.12,4.125,4.12,4.125,300,2022-04-20 14:43:00,OTLY
4.125,4.128,4.12,4.12,2600,2022-04-20 14:44:00,OTLY
4.125,4.126,4.12,4.12,1664,2022-04-20 14:45:00,OTLY
4.125,4.1285,4.12,4.12,4897,2022-04-20 14:46:00,OTLY
4.12,4.125,4.11,4.11,4810,2022-04-20 14:47:00,OTLY
4.11,4.115,4.11,4.11,1929,2022-04-20 14:48:00,OTLY
4.11,4.13,4.11,4.13,22723,2022-04-20 14:49:00,OTLY
4.125,4.13,4.125,4.125,1380,2022-04-20 14:50:00,OTLY
4.13,4.135,4.13,4.135,7506,2022-04-20 14:51:00,OTLY
4.135,4.14,4.135,4.135,1464,2022-04-20 14:52:00,OTLY
4.135,4.14,4.135,4.135,10883,2022-04-20 14:53:00,OTLY
4.135,4.1581,4.135,4.1581,15505,2022-04-20 14:54:00,OTLY
4.155,4.17,4.15,4.165,15085,2022-04-20 14:55:00,OTLY
4.165,4.165,4.15,4.155,10993,2022-04-20 14:56:00,OTLY
4.1597,4.1597,4.15,4.155,1100,2022-04-20 14:57:00,OTLY
4.155,4.1578,4.15,4.155,5679,2022-04-20 14:58:00,OTLY
4.15,4.155,4.14,4.14,22812,2022-04-20 14:59:00,OTLY
4.145,4.15,4.135,4.145,28156,2022-04-20 15:00:00,OTLY
4.145,4.145,4.14,4.145,2500,2022-04-20 15:01:00,OTLY
4.15,4.159,4.145,4.155,9635,2022-04-20 15:02:00,OTLY
4.15,4.155,4.15,4.155,12560,2022-04-20 15:03:00,OTLY
4.155,4.158,4.155,4.155,10175,2022-04-20 15:04:00,OTLY
4.1501,4.16,4.15,4.16,3800,2022-04-20 15:05:00,OTLY
4.15,4.165,4.145,4.15,44216,2022-04-20 15:06:00,OTLY
4.15,4.15,4.14,4.145,15003,2022-04-20 15:07:00,OTLY
4.14,4.15,4.13,4.13,18238,2022-04-20 15:08:00,OTLY
4.135,4.135,4.13,4.13,1100,2022-04-20 15:09:00,OTLY
4.135,4.135,4.12,4.125,11849,2022-04-20 15:10:00,OTLY
4.125,4.125,4.12,4.12,17695,2022-04-20 15:11:00,OTLY
4.125,4.125,4.105,4.11,19898,2022-04-20 15:12:00,OTLY
4.11,4.11,4.1,4.105,18261,2022-04-20 15:13:00,OTLY
4.107,4.107,4.09,4.095,10667,2022-04-20 15:14:00,OTLY
4.095,4.1,4.095,4.095,3537,2022-04-20 15:15:00,OTLY
4.095,4.1,4.095,4.095,7090,2022-04-20 15:16:00,OTLY
4.095,4.095,4.095,4.095,1679,2022-04-20 15:17:00,OTLY
4.095,4.1,4.095,4.095,1300,2022-04-20 15:18:00,OTLY
4.095,4.1,4.095,4.1,225,2022-04-20 15:19:00,OTLY
4.095,4.0987,4.09,4.095,2820,2022-04-20 15:20:00,OTLY
4.095,4.1,4.09,4.0959,1300,2022-04-20 15:21:00,OTLY
4.095,4.095,4.085,4.085,7488,2022-04-20 15:22:00,OTLY
4.085,4.09,4.085,4.085,2700,2022-04-20 15:23:00,OTLY
4.085,4.085,4.08,4.08,1180,2022-04-20 15:24:00,OTLY
4.085,4.085,4.08,4.08,1350,2022-04-20 15:25:00,OTLY
4.085,4.09,4.08,4.085,8658,2022-04-20 15:26:00,OTLY
4.085,4.085,4.085,4.085,700,2022-04-20 15:27:00,OTLY
4.0895,4.0895,4.08,4.085,2800,2022-04-20 15:28:00,OTLY
4.0899,4.0994,4.085,4.095,20215,2022-04-20 15:29:00,OTLY
4.095,4.11,4.095,4.11,5753,2022-04-20 15:30:00,OTLY
4.105,4.11,4.105,4.105,4771,2022-04-20 15:31:00,OTLY
4.105,4.115,4.105,4.115,3768,2022-04-20 15:32:00,OTLY
4.1188,4.1188,4.105,4.105,12831,2022-04-20 15:33:00,OTLY
4.11,4.115,4.11,4.115,29938,2022-04-20 15:34:00,OTLY
4.11,4.118,4.11,4.115,2300,2022-04-20 15:35:00,OTLY
4.115,4.115,4.115,4.115,100,2022-04-20 15:36:00,OTLY
4.11,4.115,4.11,4.115,1522,2022-04-20 15:37:00,OTLY
4.115,4.115,4.11,4.11,863,2022-04-20 15:38:00,OTLY
4.115,4.115,4.105,4.105,16187,2022-04-20 15:39:00,OTLY
4.105,4.108,4.095,4.095,5809,2022-04-20 15:40:00,OTLY
4.0999,4.1,4.095,4.095,3662,2022-04-20 15:41:00,OTLY
4.095,4.095,4.09,4.095,1100,2022-04-20 15:42:00,OTLY
4.0988,4.0988,4.09,4.09,2343,2022-04-20 15:43:00,OTLY
4.09,4.095,4.085,4.085,1500,2022-04-20 15:44:00,OTLY
4.085,4.085,4.08,4.085,2026,2022-04-20 15:45:00,OTLY
4.085,4.09,4.08,4.085,2584,2022-04-20 15:46:00,OTLY
4.08,4.1,4.08,4.095,69462,2022-04-20 15:47:00,OTLY
4.095,4.0999,4.085,4.085,18000,2022-04-20 15:48:00,OTLY
4.09,4.09,4.085,4.085,573,2022-04-20 15:49:00,OTLY
4.085,4.085,4.08,4.08,1000,2022-04-20 15:50:00,OTLY
4.08,4.085,4.08,4.085,1000,2022-04-20 15:51:00,OTLY
4.08,4.085,4.08,4.085,1482,2022-04-20 15:52:00,OTLY
4.08,4.085,4.075,4.075,17324,2022-04-20 15:53:00,OTLY
4.08,4.08,4.075,4.075,2725,2022-04-20 15:54:00,OTLY
4.075,4.075,4.07,4.07,763,2022-04-20 15:55:00,OTLY
4.075,4.075,4.0709,4.075,3000,2022-04-20 15:56:00,OTLY
4.075,4.075,4.07,4.07,1510,2022-04-20 15:57:00,OTLY
4.075,4.075,4.06,4.065,23359,2022-04-20 15:58:00,OTLY
4.065,4.07,4.06,4.065,2253,2022-04-20 15:59:00,OTLY
4.06,4.0699,4.06,4.06,2435,2022-04-20 16:00:00,OTLY
4.06,4.0659,4.06,4.065,2306,2022-04-20 16:01:00,OTLY
4.0693,4.07,4.06,4.06,2713,2022-04-20 16:02:00,OTLY
4.065,4.07,4.06,4.065,3000,2022-04-20 16:03:00,OTLY
4.06,4.085,4.06,4.08,48870,2022-04-20 16:04:00,OTLY
4.09,4.095,4.085,4.095,1020,2022-04-20 16:05:00,OTLY
4.095,4.0974,4.095,4.095,1800,2022-04-20 16:06:00,OTLY
4.09,4.095,4.09,4.095,900,2022-04-20 16:07:00,OTLY
4.095,4.095,4.085,4.085,3698,2022-04-20 16:08:00,OTLY
4.085,4.09,4.085,4.085,700,2022-04-20 16:09:00,OTLY
4.0899,4.0899,4.075,4.0787,8249,2022-04-20 16:10:00,OTLY
4.075,4.075,4.07,4.075,2357,2022-04-20 16:11:00,OTLY
4.075,4.075,4.06,4.065,17141,2022-04-20 16:12:00,OTLY
4.06,4.065,4.06,4.065,1900,2022-04-20 16:13:00,OTLY
4.065,4.0699,4.06,4.06,1174,2022-04-20 16:14:00,OTLY
4.0685,4.0685,4.06,4.065,3465,2022-04-20 16:15:00,OTLY
4.065,4.07,4.06,4.065,3700,2022-04-20 16:16:00,OTLY
4.0612,4.065,4.06,4.065,862,2022-04-20 16:17:00,OTLY
4.065,4.065,4.05,4.055,18022,2022-04-20 16:18:00,OTLY
4.06,4.06,4.05,4.055,3731,2022-04-20 16:19:00,OTLY
4.055,4.055,4.055,4.055,1944,2022-04-20 16:20:00,OTLY
4.055,4.0599,4.05,4.055,5046,2022-04-20 16:21:00,OTLY
4.055,4.06,4.05,4.055,2498,2022-04-20 16:22:00,OTLY
4.055,4.0561,4.05,4.055,3790,2022-04-20 16:23:00,OTLY
4.0589,4.06,4.05,4.059,2800,2022-04-20 16:24:00,OTLY
4.05,4.06,4.05,4.05,2116,2022-04-20 16:25:00,OTLY
4.055,4.0598,4.05,4.05,5386,2022-04-20 16:26:00,OTLY
4.055,4.055,4.05,4.055,1533,2022-04-20 16:27:00,OTLY
4.05,4.06,4.05,4.055,6354,2022-04-20 16:28:00,OTLY
4.06,4.06,4.05,4.05,17584,2022-04-20 16:29:00,OTLY
4.0596,4.07,4.055,4.067,15242,2022-04-20 16:30:00,OTLY
4.065,4.065,4.06,4.065,1450,2022-04-20 16:31:00,OTLY
4.065,4.065,4.06,4.06,1296,2022-04-20 16:32:00,OTLY
4.065,4.0691,4.065,4.065,1346,2022-04-20 16:33:00,OTLY
4.065,4.065,4.0629,4.065,2690,2022-04-20 16:34:00,OTLY
4.065,4.065,4.065,4.065,300,2022-04-20 16:35:00,OTLY
4.07,4.07,4.065,4.065,2775,2022-04-20 16:36:00,OTLY
4.07,4.08,4.07,4.08,21331,2022-04-20 16:37:00,OTLY
4.08,4.09,4.075,4.085,10390,2022-04-20 16:38:00,OTLY
4.085,4.085,4.085,4.085,200,2022-04-20 16:39:00,OTLY
4.085,4.09,4.0811,4.085,2890,2022-04-20 16:40:00,OTLY
4.085,4.085,4.085,4.085,300,2022-04-20 16:41:00,OTLY
4.085,4.085,4.085,4.085,1100,2022-04-20 16:42:00,OTLY
4.085,4.085,4.08,4.085,1965,2022-04-20 16:43:00,OTLY
4.085,4.085,4.08,4.085,5073,2022-04-20 16:44:00,OTLY
4.085,4.085,4.082,4.085,1230,2022-04-20 16:45:00,OTLY
4.085,4.085,4.08,4.085,1550,2022-04-20 16:46:00,OTLY
4.085,4.085,4.08,4.08,1363,2022-04-20 16:47:00,OTLY
4.085,4.085,4.085,4.085,800,2022-04-20 16:48:00,OTLY
4.085,4.1,4.085,4.1,11468,2022-04-20 16:49:00,OTLY
4.1,4.115,4.095,4.115,10311,2022-04-20 16:50:00,OTLY
4.115,4.1199,4.105,4.105,13535,2022-04-20 16:51:00,OTLY
4.1001,4.105,4.1001,4.105,9700,2022-04-20 16:52:00,OTLY
4.105,4.11,4.105,4.11,500,2022-04-20 16:53:00,OTLY
4.105,4.109,4.1,4.105,1600,2022-04-20 16:54:00,OTLY
4.105,4.105,4.1,4.1,1300,2022-04-20 16:55:00,OTLY
4.105,4.105,4.1,4.1,1200,2022-04-20 16:56:00,OTLY
4.105,4.105,4.09,4.095,10217,2022-04-20 16:57:00,OTLY
4.0999,4.0999,4.095,4.095,1900,2022-04-20 16:58:00,OTLY
4.095,4.095,4.09,4.095,1275,2022-04-20 16:59:00,OTLY
4.095,4.1,4.09,4.095,11537,2022-04-20 17:00:00,OTLY
4.095,4.1,4.094,4.095,4095,2022-04-20 17:01:00,OTLY
4.1,4.1,4.095,4.095,2919,2022-04-20 17:02:00,OTLY
4.095,4.095,4.09,4.095,1300,2022-04-20 17:03:00,OTLY
4.095,4.105,4.095,4.105,17185,2022-04-20 17:04:00,OTLY
4.105,4.115,4.105,4.1115,11999,2022-04-20 17:05:00,OTLY
4.115,4.1197,4.11,4.115,21050,2022-04-20 17:06:00,OTLY
4.115,4.115,4.115,4.115,900,2022-04-20 17:07:00,OTLY
4.11,4.115,4.105,4.105,11573,2022-04-20 17:08:00,OTLY
4.105,4.105,4.105,4.105,1504,2022-04-20 17:09:00,OTLY
4.105,4.105,4.1,4.105,3422,2022-04-20 17:10:00,OTLY
4.105,4.105,4.105,4.105,1400,2022-04-20 17:11:00,OTLY
4.105,4.115,4.105,4.1104,24546,2022-04-20 17:12:00,OTLY
4.115,4.115,4.115,4.115,1100,2022-04-20 17:13:00,OTLY
4.115,4.12,4.115,4.12,4722,2022-04-20 17:14:00,OTLY
4.115,4.125,4.115,4.125,8843,2022-04-20 17:15:00,OTLY
4.125,4.125,4.125,4.125,800,2022-04-20 17:16:00,OTLY
4.125,4.125,4.11,4.115,15090,2022-04-20 17:17:00,OTLY
4.11,4.115,4.11,4.1105,10300,2022-04-20 17:18:00,OTLY
4.115,4.115,4.1,4.105,24969,2022-04-20 17:19:00,OTLY
4.1,4.13,4.1,4.125,52532,2022-04-20 17:20:00,OTLY
4.125,4.13,4.125,4.125,8577,2022-04-20 17:21:00,OTLY
4.125,4.13,4.125,4.13,7942,2022-04-20 17:22:00,OTLY
4.125,4.145,4.125,4.145,10353,2022-04-20 17:23:00,OTLY
4.145,4.15,4.145,4.15,3500,2022-04-20 17:24:00,OTLY
4.145,4.15,4.145,4.145,5998,2022-04-20 17:25:00,OTLY
4.145,4.15,4.14,4.145,4200,2022-04-20 17:26:00,OTLY
4.15,4.15,4.145,4.145,15361,2022-04-20 17:27:00,OTLY
4.15,4.17,4.15,4.17,5367,2022-04-20 17:28:00,OTLY
4.165,4.165,4.155,4.16,24068,2022-04-20 17:29:00,OTLY
4.155,4.16,4.155,4.155,4078,2022-04-20 17:30:00,OTLY
4.155,4.18,4.155,4.165,111673,2022-04-20 17:31:00,OTLY
4.165,4.1699,4.16,4.165,6451,2022-04-20 17:32:00,OTLY
4.17,4.17,4.1609,4.1609,414,2022-04-20 17:33:00,OTLY
4.165,4.165,4.15,4.15,7739,2022-04-20 17:34:00,OTLY
4.155,4.155,4.15,4.155,11067,2022-04-20 17:35:00,OTLY
4.15,4.15,4.14,4.14,8780,2022-04-20 17:36:00,OTLY
4.145,4.1479,4.14,4.1479,1933,2022-04-20 17:37:00,OTLY
4.145,4.145,4.14,4.1408,1303,2022-04-20 17:38:00,OTLY
4.14,4.14,4.13,4.13,1924,2022-04-20 17:39:00,OTLY
4.135,4.14,4.13,4.135,5695,2022-04-20 17:40:00,OTLY
4.135,4.135,4.13,4.135,1364,2022-04-20 17:41:00,OTLY
4.13,4.135,4.13,4.135,900,2022-04-20 17:42:00,OTLY
4.13,4.145,4.13,4.145,33920,2022-04-20 17:43:00,OTLY
4.145,4.148,4.145,4.145,950,2022-04-20 17:44:00,OTLY
4.145,4.1489,4.14,4.14,10027,2022-04-20 17:45:00,OTLY
4.145,4.145,4.14,4.145,600,2022-04-20 17:46:00,OTLY
4.145,4.145,4.14,4.14,3250,2022-04-20 17:47:00,OTLY
4.145,4.145,4.14,4.14,979,2022-04-20 17:48:00,OTLY
4.145,4.145,4.13,4.13,8660,2022-04-20 17:49:00,OTLY
4.135,4.135,4.13,4.13,1000,2022-04-20 17:50:00,OTLY
4.135,4.1385,4.13,4.135,1922,2022-04-20 17:51:00,OTLY
4.135,4.135,4.13,4.135,1768,2022-04-20 17:52:00,OTLY
4.13,4.13,4.121,4.121,4517,2022-04-20 17:53:00,OTLY
4.125,4.125,4.12,4.125,700,2022-04-20 17:54:00,OTLY
4.125,4.125,4.12,4.12,4300,2022-04-20 17:55:00,OTLY
4.12,4.1294,4.12,4.12,7490,2022-04-20 17:56:00,OTLY
4.125,4.1265,4.12,4.125,2824,2022-04-20 17:57:00,OTLY
4.125,4.125,4.12,4.12,2152,2022-04-20 17:58:00,OTLY
4.125,4.125,4.12,4.12,2802,2022-04-20 17:59:00,OTLY
4.12,4.125,4.11,4.115,9203,2022-04-20 18:00:00,OTLY
4.115,4.13,4.115,4.125,38435,2022-04-20 18:01:00,OTLY
4.13,4.13,4.115,4.115,9227,2022-04-20 18:02:00,OTLY
4.1114,4.115,4.1114,4.115,900,2022-04-20 18:03:00,OTLY
4.115,4.12,4.115,4.115,1000,2022-04-20 18:04:00,OTLY
4.115,4.115,4.115,4.115,700,2022-04-20 18:05:00,OTLY
4.115,4.1189,4.11,4.11,2900,2022-04-20 18:06:00,OTLY
4.115,4.119,4.115,4.115,2600,2022-04-20 18:07:00,OTLY
4.1175,4.1175,4.11,4.115,1153,2022-04-20 18:08:00,OTLY
4.115,4.115,4.11,4.115,1800,2022-04-20 18:09:00,OTLY
4.115,4.115,4.105,4.105,8600,2022-04-20 18:10:00,OTLY
4.1,4.105,4.1,4.105,2452,2022-04-20 18:11:00,OTLY
4.105,4.1099,4.1,4.1099,7000,2022-04-20 18:12:00,OTLY
4.105,4.105,4.095,4.095,4617,2022-04-20 18:13:00,OTLY
4.095,4.0975,4.09,4.09,1922,2022-04-20 18:14:00,OTLY
4.095,4.0999,4.09,4.0999,4369,2022-04-20 18:15:00,OTLY
4.095,4.095,4.09,4.095,1700,2022-04-20 18:16:00,OTLY
4.095,4.095,4.09,4.095,1400,2022-04-20 18:17:00,OTLY
4.095,4.095,4.09,4.09,2136,2022-04-20 18:18:00,OTLY
4.095,4.095,4.09,4.095,1500,2022-04-20 18:19:00,OTLY
4.09,4.095,4.085,4.095,22065,2022-04-20 18:20:00,OTLY
4.095,4.095,4.095,4.095,1000,2022-04-20 18:21:00,OTLY
4.095,4.1,4.093,4.095,20319,2022-04-20 18:22:00,OTLY
4.095,4.1,4.095,4.095,2000,2022-04-20 18:23:00,OTLY
4.095,4.095,4.09,4.095,1400,2022-04-20 18:24:00,OTLY
4.095,4.095,4.095,4.095,1269,2022-04-20 18:25:00,OTLY
4.095,4.095,4.095,4.095,800,2022-04-20 18:26:00,OTLY
4.095,4.095,4.095,4.095,2759,2022-04-20 18:27:00,OTLY
4.095,4.095,4.095,4.095,900,2022-04-20 18:28:00,OTLY
4.095,4.1,4.09,4.095,7981,2022-04-20 18:29:00,OTLY
4.095,4.1,4.09,4.095,3777,2022-04-20 18:30:00,OTLY
4.095,4.1,4.09,4.1,3383,2022-04-20 18:31:00,OTLY
4.095,4.105,4.095,4.105,18834,2022-04-20 18:32:00,OTLY
4.11,4.11,4.1,4.105,3763,2022-04-20 18:33:00,OTLY
4.105,4.105,4.1,4.105,10882,2022-04-20 18:34:00,OTLY
4.105,4.105,4.09,4.095,12482,2022-04-20 18:35:00,OTLY
4.09,4.095,4.09,4.095,900,2022-04-20 18:36:00,OTLY
4.09,4.095,4.09,4.09,1100,2022-04-20 18:37:00,OTLY
4.095,4.095,4.09,4.09,1278,2022-04-20 18:38:00,OTLY
4.095,4.095,4.085,4.085,7119,2022-04-20 18:39:00,OTLY
4.085,4.0882,4.08,4.08,2531,2022-04-20 18:40:00,OTLY
4.08,4.085,4.08,4.085,1200,2022-04-20 18:41:00,OTLY
4.0884,4.09,4.08,4.085,7020,2022-04-20 18:42:00,OTLY
4.085,4.0859,4.08,4.085,1700,2022-04-20 18:43:00,OTLY
4.08,4.085,4.08,4.085,1200,2022-04-20 18:44:00,OTLY
4.08,4.085,4.08,4.085,1383,2022-04-20 18:45:00,OTLY
4.08,4.085,4.08,4.08,2295,2022-04-20 18:46:00,OTLY
4.085,4.0895,4.08,4.085,4478,2022-04-20 18:47:00,OTLY
4.09,4.095,4.08,4.085,43980,2022-04-20 18:48:00,OTLY
4.085,4.085,4.085,4.085,1100,2022-04-20 18:49:00,OTLY
4.085,4.09,4.085,4.09,600,2022-04-20 18:50:00,OTLY
4.085,4.085,4.085,4.085,1000,2022-04-20 18:51:00,OTLY
4.085,4.09,4.08,4.085,2507,2022-04-20 18:52:00,OTLY
4.08,4.085,4.08,4.085,1988,2022-04-20 18:53:00,OTLY
4.08,4.08,4.07,4.07,10598,2022-04-20 18:54:00,OTLY
4.075,4.08,4.075,4.075,10900,2022-04-20 18:55:00,OTLY
4.075,4.078,4.07,4.07,2420,2022-04-20 18:56:00,OTLY
4.075,4.08,4.07,4.075,5928,2022-04-20 18:57:00,OTLY
4.0795,4.0795,4.075,4.075,6650,2022-04-20 18:58:00,OTLY
4.075,4.08,4.07,4.07,2956,2022-04-20 18:59:00,OTLY
4.075,4.0793,4.075,4.075,8100,2022-04-20 19:00:00,OTLY
4.08,4.1,4.075,4.095,32942,2022-04-20 19:01:00,OTLY
4.095,4.095,4.09,4.09,1123,2022-04-20 19:02:00,OTLY
4.09,4.0996,4.09,4.095,3695,2022-04-20 19:03:00,OTLY
4.095,4.095,4.09,4.095,10718,2022-04-20 19:04:00,OTLY
4.09,4.09,4.08,4.08,4662,2022-04-20 19:05:00,OTLY
4.085,4.085,4.08,4.085,2689,2022-04-20 19:06:00,OTLY
4.085,4.0887,4.085,4.085,5341,2022-04-20 19:07:00,OTLY
4.085,4.085,4.08,4.085,1400,2022-04-20 19:08:00,OTLY
4.085,4.0858,4.08,4.085,2315,2022-04-20 19:09:00,OTLY
4.085,4.085,4.08,4.085,1400,2022-04-20 19:10:00,OTLY
4.085,4.085,4.07,4.07,11837,2022-04-20 19:11:00,OTLY
4.075,4.08,4.075,4.075,7360,2022-04-20 19:12:00,OTLY
4.075,4.08,4.075,4.075,19984,2022-04-20 19:13:00,OTLY
4.085,4.085,4.08,4.085,9800,2022-04-20 19:14:00,OTLY
4.085,4.085,4.085,4.085,1861,2022-04-20 19:15:00,OTLY
4.085,4.085,4.081,4.085,2321,2022-04-20 19:16:00,OTLY
4.085,4.0899,4.085,4.085,2700,2022-04-20 19:17:00,OTLY
4.085,4.085,4.08,4.08,900,2022-04-20 19:18:00,OTLY
4.085,4.085,4.08,4.08,1850,2022-04-20 19:19:00,OTLY
4.085,4.09,4.08,4.085,18706,2022-04-20 19:20:00,OTLY
4.085,4.0899,4.08,4.085,8552,2022-04-20 19:21:00,OTLY
4.085,4.085,4.08,4.085,2194,2022-04-20 19:22:00,OTLY
4.085,4.085,4.08,4.085,13055,2022-04-20 19:23:00,OTLY
4.085,4.09,4.08,4.085,9083,2022-04-20 19:24:00,OTLY
4.085,4.095,4.085,4.095,29946,2022-04-20 19:25:00,OTLY
4.095,4.1,4.09,4.0999,2902,2022-04-20 19:26:00,OTLY
4.095,4.095,4.09,4.095,2640,2022-04-20 19:27:00,OTLY
4.095,4.1,4.095,4.095,7367,2022-04-20 19:28:00,OTLY
4.095,4.1,4.09,4.095,3756,2022-04-20 19:29:00,OTLY
4.095,4.1,4.09,4.0999,3030,2022-04-20 19:30:00,OTLY
4.095,4.095,4.08,4.085,19100,2022-04-20 19:31:00,OTLY
4.085,4.0899,4.08,4.085,3518,2022-04-20 19:32:00,OTLY
4.085,4.0899,4.08,4.085,2893,2022-04-20 19:33:00,OTLY
4.085,4.09,4.075,4.075,21606,2022-04-20 19:34:00,OTLY
4.075,4.08,4.07,4.075,7050,2022-04-20 19:35:00,OTLY
4.075,4.075,4.07,4.075,2300,2022-04-20 19:36:00,OTLY
4.075,4.0787,4.07,4.075,5093,2022-04-20 19:37:00,OTLY
4.075,4.0787,4.07,4.075,4051,2022-04-20 19:38:00,OTLY
4.075,4.075,4.07,4.075,3400,2022-04-20 19:39:00,OTLY
4.075,4.08,4.07,4.075,8250,2022-04-20 19:40:00,OTLY
4.075,4.08,4.07,4.075,4147,2022-04-20 19:41:00,OTLY
4.075,4.0899,4.075,4.085,29489,2022-04-20 19:42:00,OTLY
4.085,4.0876,4.085,4.085,2212,2022-04-20 19:43:00,OTLY
4.0899,4.0899,4.0801,4.085,6136,2022-04-20 19:44:00,OTLY
4.085,4.09,4.085,4.085,15448,2022-04-20 19:45:00,OTLY
4.085,4.0887,4.085,4.085,9062,2022-04-20 19:46:00,OTLY
4.085,4.0887,4.08,4.085,7274,2022-04-20 19:47:00,OTLY
4.085,4.085,4.08,4.085,7874,2022-04-20 19:48:00,OTLY
4.085,4.09,4.08,4.085,9254,2022-04-20 19:49:00,OTLY
4.085,4.085,4.08,4.085,6912,2022-04-20 19:50:00,OTLY
4.085,4.085,4.07,4.075,27040,2022-04-20 19:51:00,OTLY
4.075,4.075,4.06,4.06,27698,2022-04-20 19:52:00,OTLY
4.065,4.0687,4.06,4.065,11379,2022-04-20 19:53:00,OTLY
4.06,4.0699,4.06,4.06,8557,2022-04-20 19:54:00,OTLY
4.065,4.07,4.06,4.065,11115,2022-04-20 19:55:00,OTLY
4.065,4.07,4.06,4.065,18301,2022-04-20 19:56:00,OTLY
4.065,4.07,4.06,4.07,17162,2022-04-20 19:57:00,OTLY
4.06,4.07,4.06,4.065,29537,2022-04-20 19:58:00,OTLY
4.065,4.07,4.06,4.065,50447,2022-04-20 19:59:00,OTLY
4.06,4.07,4.06,4.07,58935,2022-04-20 20:00:00,OTLY
4.1,4.1,4.1,4.1,1500,2022-04-20 20:35:00,OTLY
4.06,4.06,4.06,4.06,51106,2022-04-20 20:55:00,OTLY
4.11,4.11,4.11,4.11,450,2022-04-20 21:00:00,OTLY
4.11,4.11,4.11,4.11,150,2022-04-20 21:02:00,OTLY
4.11,4.11,4.11,4.11,100,2022-04-20 21:16:00,OTLY
4.0601,4.0601,4.0601,4.0601,400,2022-04-20 21:20:00,OTLY
4.11,4.11,4.11,4.11,100,2022-04-20 21:38:00,OTLY
4.12,4.12,4.12,4.12,300,2022-04-20 21:51:00,OTLY
4.12,4.12,4.12,4.12,1500,2022-04-20 23:15:00,OTLY
4.11,4.11,4.11,4.11,250,2022-04-20 23:32:00,OTLY
4.2,4.2,4.2,4.2,240,2022-04-21 08:00:00,OTLY
4.18,4.18,4.18,4.18,100,2022-04-21 09:10:00,OTLY
4.16,4.16,4.16,4.16,834,2022-04-21 09:44:00,OTLY
4.24,4.24,4.24,4.24,100,2022-04-21 09:55:00,OTLY
4.24,4.28,4.23,4.28,18042,2022-04-21 10:32:00,OTLY
4.26,4.26,4.26,4.26,100,2022-04-21 10:39:00,OTLY
4.26,4.26,4.25,4.26,1051,2022-04-21 10:41:00,OTLY
4.28,4.28,4.28,4.28,100,2022-04-21 10:42:00,OTLY
4.26,4.26,4.26,4.26,1000,2022-04-21 10:46:00,OTLY
4.26,4.26,4.2,4.2,3833,2022-04-21 11:01:00,OTLY
4.18,4.18,4.16,4.16,800,2022-04-21 11:25:00,OTLY
4.16,4.16,4.15,4.16,900,2022-04-21 11:41:00,OTLY
4.15,4.15,4.15,4.15,1000,2022-04-21 11:45:00,OTLY
4.16,4.16,4.16,4.16,100,2022-04-21 12:27:00,OTLY
4.15,4.15,4.15,4.15,330,2022-04-21 12:31:00,OTLY
4.1501,4.1501,4.1501,4.1501,590,2022-04-21 12:53:00,OTLY
4.15,4.15,4.15,4.15,1000,2022-04-21 12:59:00,OTLY
4.15,4.15,4.15,4.15,299,2022-04-21 13:24:00,OTLY
4.12,4.19,4.06,4.065,74989,2022-04-21 13:30:00,OTLY
4.08,4.11,4.08,4.09,10402,2022-04-21 13:31:00,OTLY
4.09,4.1,4.09,4.095,9619,2022-04-21 13:32:00,OTLY
4.1,4.125,4.1,4.125,13381,2022-04-21 13:33:00,OTLY
4.12,4.125,4.105,4.1099,10372,2022-04-21 13:34:00,OTLY
4.1,4.105,4.09,4.105,15367,2022-04-21 13:35:00,OTLY
4.101,4.135,4.101,4.13,17596,2022-04-21 13:36:00,OTLY
4.1311,4.15,4.13,4.15,12659,2022-04-21 13:37:00,OTLY
4.145,4.145,4.14,4.14,824,2022-04-21 13:38:00,OTLY
4.15,4.165,4.13,4.13,23508,2022-04-21 13:39:00,OTLY
4.13,4.155,4.11,4.145,23143,2022-04-21 13:40:00,OTLY
4.1467,4.1467,4.14,4.14,2230,2022-04-21 13:41:00,OTLY
4.15,4.16,4.145,4.15,60329,2022-04-21 13:42:00,OTLY
4.15,4.15,4.14,4.14,2502,2022-04-21 13:43:00,OTLY
4.145,4.145,4.115,4.115,11092,2022-04-21 13:44:00,OTLY
4.11,4.11,4.1,4.1,6002,2022-04-21 13:45:00,OTLY
4.1,4.1,4.085,4.085,8377,2022-04-21 13:46:00,OTLY
4.085,4.0899,4.08,4.0899,17250,2022-04-21 13:47:00,OTLY
4.085,4.085,4.07,4.07,6974,2022-04-21 13:48:00,OTLY
4.075,4.08,4.07,4.08,12737,2022-04-21 13:49:00,OTLY
4.09,4.095,4.08,4.09,18096,2022-04-21 13:50:00,OTLY
4.09,4.108,4.09,4.1,6137,2022-04-21 13:51:00,OTLY
4.1,4.1,4.09,4.09,29430,2022-04-21 13:52:00,OTLY
4.09,4.1,4.09,4.09,4495,2022-04-21 13:53:00,OTLY
4.09,4.09,4.07,4.07,23678,2022-04-21 13:54:00,OTLY
4.07,4.07,4.065,4.0683,10200,2022-04-21 13:55:00,OTLY
4.065,4.0681,4.055,4.06,17884,2022-04-21 13:56:00,OTLY
4.0687,4.0687,4.05,4.055,9557,2022-04-21 13:57:00,OTLY
4.0588,4.0588,4.0588,4.0588,163,2022-04-21 13:58:00,OTLY
4.05,4.051,4.03,4.03,26455,2022-04-21 13:59:00,OTLY
4.038,4.038,4.02,4.03,10217,2022-04-21 14:00:00,OTLY
4.0399,4.04,4.0237,4.0237,8738,2022-04-21 14:01:00,OTLY
4.03,4.0388,4.03,4.0375,7364,2022-04-21 14:02:00,OTLY
4.04,4.04,4.03,4.03,43759,2022-04-21 14:03:00,OTLY
4.035,4.04,4.02,4.03,14746,2022-04-21 14:04:00,OTLY
4.02,4.03,4.02,4.03,3013,2022-04-21 14:05:00,OTLY
4.0299,4.0299,4.02,4.02,6221,2022-04-21 14:06:00,OTLY
4.025,4.025,4.01,4.015,10576,2022-04-21 14:07:00,OTLY
4.015,4.0199,4.01,4.01,1615,2022-04-21 14:08:00,OTLY
4.015,4.0199,4.015,4.015,5700,2022-04-21 14:09:00,OTLY
4.01,4.02,4.01,4.01,2967,2022-04-21 14:10:00,OTLY
4.01,4.02,4.01,4.02,1400,2022-04-21 14:11:00,OTLY
4.015,4.0199,4.01,4.015,12889,2022-04-21 14:12:00,OTLY
4.0138,4.015,4.01,4.01,785,2022-04-21 14:13:00,OTLY
4.0125,4.02,4.0,4.015,21610,2022-04-21 14:14:00,OTLY
4.015,4.03,4.015,4.025,29821,2022-04-21 14:15:00,OTLY
4.025,4.04,4.025,4.03,11025,2022-04-21 14:16:00,OTLY
4.04,4.04,4.035,4.04,17859,2022-04-21 14:17:00,OTLY
4.04,4.04,4.035,4.035,8178,2022-04-21 14:18:00,OTLY
4.03,4.03,4.02,4.0218,10763,2022-04-21 14:19:00,OTLY
4.0281,4.0294,4.025,4.0267,4183,2022-04-21 14:20:00,OTLY
4.03,4.03,4.015,4.015,42843,2022-04-21 14:21:00,OTLY
4.02,4.025,4.01,4.025,27182,2022-04-21 14:22:00,OTLY
4.025,4.03,4.02,4.03,14199,2022-04-21 14:23:00,OTLY
4.035,4.035,4.025,4.025,5250,2022-04-21 14:24:00,OTLY
4.02,4.02,4.02,4.02,450,2022-04-21 14:25:00,OTLY
4.03,4.0399,4.025,4.03,10670,2022-04-21 14:26:00,OTLY
4.025,4.03,4.02,4.0275,7693,2022-04-21 14:27:00,OTLY
4.0293,4.0294,4.02,4.025,7412,2022-04-21 14:28:00,OTLY
4.02,4.03,4.02,4.03,8000,2022-04-21 14:29:00,OTLY
4.023,4.04,4.023,4.035,19709,2022-04-21 14:30:00,OTLY
4.0388,4.04,4.035,4.038,19036,2022-04-21 14:31:00,OTLY
4.03,4.03,4.025,4.025,10178,2022-04-21 14:33:00,OTLY
4.0292,4.0292,4.025,4.025,1834,2022-04-21 14:34:00,OTLY
4.02,4.035,4.02,4.03,7748,2022-04-21 14:35:00,OTLY
4.03,4.035,4.03,4.03,5403,2022-04-21 14:36:00,OTLY
4.03,4.035,4.025,4.0307,11939,2022-04-21 14:37:00,OTLY
4.03,4.03,4.02,4.025,2725,2022-04-21 14:38:00,OTLY
4.0299,4.03,4.02,4.02,2025,2022-04-21 14:39:00,OTLY
4.0296,4.0296,4.025,4.025,11100,2022-04-21 14:40:00,OTLY
4.02,4.02,4.01,4.02,14106,2022-04-21 14:41:00,OTLY
4.015,4.015,4.015,4.015,100,2022-04-21 14:42:00,OTLY
4.01,4.015,4.01,4.015,550,2022-04-21 14:43:00,OTLY
4.01,4.01,4.002,4.002,10376,2022-04-21 14:44:00,OTLY
4.005,4.015,4.005,4.015,14030,2022-04-21 14:45:00,OTLY
4.015,4.0199,3.995,3.995,107078,2022-04-21 14:46:00,OTLY
3.995,3.995,3.98,3.985,12902,2022-04-21 14:47:00,OTLY
3.99,3.99,3.98,3.99,6853,2022-04-21 14:48:00,OTLY
3.985,3.9888,3.97,3.97,5071,2022-04-21 14:49:00,OTLY
3.98,3.99,3.975,3.9834,24704,2022-04-21 14:50:00,OTLY
3.98,3.99,3.98,3.98,5014,2022-04-21 14:51:00,OTLY
3.9712,3.98,3.9712,3.98,18945,2022-04-21 14:52:00,OTLY
3.975,3.98,3.975,3.98,16964,2022-04-21 14:53:00,OTLY
3.9758,3.9758,3.97,3.97,1200,2022-04-21 14:54:00,OTLY
3.9767,3.9799,3.97,3.97,712,2022-04-21 14:55:00,OTLY
3.9791,3.9791,3.975,3.975,725,2022-04-21 14:56:00,OTLY
3.97,3.97,3.97,3.97,232,2022-04-21 14:57:00,OTLY
3.97,3.98,3.97,3.97,1947,2022-04-21 14:58:00,OTLY
3.975,3.99,3.975,3.98,4018,2022-04-21 14:59:00,OTLY
3.98,3.9871,3.97,3.975,11512,2022-04-21 15:00:00,OTLY
3.98,3.98,3.97,3.975,750,2022-04-21 15:01:00,OTLY
3.97,3.97,3.97,3.97,100,2022-04-21 15:02:00,OTLY
3.975,3.975,3.96,3.965,26968,2022-04-21 15:03:00,OTLY
3.965,3.97,3.96,3.965,3890,2022-04-21 15:04:00,OTLY
3.965,3.98,3.965,3.975,29185,2022-04-21 15:05:00,OTLY
3.97,3.97,3.955,3.96,17478,2022-04-21 15:06:00,OTLY
3.965,3.9759,3.965,3.975,13431,2022-04-21 15:07:00,OTLY
3.9799,3.9799,3.96,3.965,6300,2022-04-21 15:08:00,OTLY
3.969,3.97,3.96,3.96,3082,2022-04-21 15:09:00,OTLY
3.965,3.97,3.96,3.96,4504,2022-04-21 15:10:00,OTLY
3.96,3.975,3.96,3.975,19032,2022-04-21 15:11:00,OTLY
3.97,3.97,3.97,3.97,200,2022-04-21 15:12:00,OTLY
3.97,3.98,3.97,3.9737,1282,2022-04-21 15:13:00,OTLY
3.9708,3.975,3.97,3.972,3300,2022-04-21 15:14:00,OTLY
3.975,3.98,3.975,3.975,900,2022-04-21 15:15:00,OTLY
3.975,3.9799,3.975,3.975,1000,2022-04-21 15:16:00,OTLY
3.975,3.975,3.965,3.965,9626,2022-04-21 15:17:00,OTLY
3.97,3.97,3.96,3.965,1141,2022-04-21 15:18:00,OTLY
3.9699,3.9699,3.955,3.955,6233,2022-04-21 15:19:00,OTLY
3.955,3.96,3.95,3.95,8350,2022-04-21 15:20:00,OTLY
3.95,3.95,3.95,3.95,100,2022-04-21 15:21:00,OTLY
3.955,3.955,3.95,3.95,400,2022-04-21 15:22:00,OTLY
3.955,3.96,3.95,3.96,10032,2022-04-21 15:23:00,OTLY
3.955,3.96,3.945,3.955,48632,2022-04-21 15:24:00,OTLY
3.96,3.9699,3.955,3.965,10724,2022-04-21 15:25:00,OTLY
3.9699,3.9699,3.965,3.965,5300,2022-04-21 15:26:00,OTLY
3.97,3.97,3.9612,3.9612,400,2022-04-21 15:27:00,OTLY
3.96,3.9688,3.955,3.955,7060,2022-04-21 15:28:00,OTLY
3.95,3.965,3.95,3.965,19369,2022-04-21 15:29:00,OTLY
3.965,3.965,3.965,3.965,481,2022-04-21 15:30:00,OTLY
3.97,3.97,3.965,3.97,6513,2022-04-21 15:31:00,OTLY
3.965,3.965,3.95,3.95,10458,2022-04-21 15:32:00,OTLY
3.96,3.96,3.95,3.95,2001,2022-04-21 15:33:00,OTLY
3.955,3.955,3.95,3.95,7294,2022-04-21 15:34:00,OTLY
3.955,3.96,3.955,3.955,1700,2022-04-21 15:35:00,OTLY
3.9599,3.9599,3.94,3.945,25980,2022-04-21 15:36:00,OTLY
3.9499,3.955,3.945,3.955,22710,2022-04-21 15:37:00,OTLY
3.95,3.955,3.945,3.955,35729,2022-04-21 15:38:00,OTLY
3.955,3.96,3.955,3.955,2200,2022-04-21 15:39:00,OTLY
3.9509,3.9593,3.9501,3.955,5900,2022-04-21 15:40:00,OTLY
3.9511,3.955,3.95,3.95,10901,2022-04-21 15:41:00,OTLY
3.95,3.96,3.945,3.955,22881,2022-04-21 15:42:00,OTLY
3.95,3.95,3.95,3.95,1200,2022-04-21 15:43:00,OTLY
3.955,3.9588,3.95,3.95,2843,2022-04-21 15:44:00,OTLY
3.95,3.955,3.945,3.9499,89734,2022-04-21 15:45:00,OTLY
3.95,3.95,3.94,3.945,1523,2022-04-21 15:46:00,OTLY
3.9412,3.95,3.94,3.94,6772,2022-04-21 15:47:00,OTLY
3.94,3.95,3.94,3.945,2400,2022-04-21 15:48:00,OTLY
3.95,3.96,3.95,3.955,12498,2022-04-21 15:49:00,OTLY
3.955,3.96,3.95,3.95,1400,2022-04-21 15:50:00,OTLY
3.96,3.965,3.96,3.965,10255,2022-04-21 15:51:00,OTLY
3.96,3.97,3.96,3.97,3805,2022-04-21 15:52:00,OTLY
3.975,3.975,3.96,3.965,9014,2022-04-21 15:53:00,OTLY
3.96,3.96,3.96,3.96,948,2022-04-21 15:54:00,OTLY
3.9512,3.9512,3.95,3.95,300,2022-04-21 15:55:00,OTLY
3.945,3.945,3.9401,3.9401,500,2022-04-21 15:56:00,OTLY
3.9462,3.9462,3.93,3.9353,13832,2022-04-21 15:57:00,OTLY
3.935,3.938,3.925,3.925,15150,2022-04-21 15:58:00,OTLY
3.925,3.93,3.92,3.93,7431,2022-04-21 15:59:00,OTLY
3.925,3.9291,3.92,3.925,5905,2022-04-21 16:00:00,OTLY
3.9288,3.949,3.925,3.949,21455,2022-04-21 16:01:00,OTLY
3.9481,3.9492,3.9481,3.9492,1350,2022-04-21 16:02:00,OTLY
3.95,3.95,3.94,3.9412,3071,2022-04-21 16:03:00,OTLY
3.9487,3.95,3.94,3.94,2155,2022-04-21 16:04:00,OTLY
3.94,3.94,3.935,3.935,7194,2022-04-21 16:05:00,OTLY
3.93,3.95,3.93,3.95,6438,2022-04-21 16:06:00,OTLY
3.945,3.95,3.945,3.945,10400,2022-04-21 16:07:00,OTLY
3.94,3.945,3.94,3.945,300,2022-04-21 16:08:00,OTLY
3.9404,3.9477,3.9404,3.945,15696,2022-04-21 16:09:00,OTLY
3.945,3.945,3.94,3.945,2203,2022-04-21 16:10:00,OTLY
3.94,3.94,3.93,3.93,7363,2022-04-21 16:11:00,OTLY
3.9399,3.9499,3.9399,3.945,13230,2022-04-21 16:12:00,OTLY
3.949,3.949,3.94,3.945,5800,2022-04-21 16:13:00,OTLY
3.945,3.9499,3.94,3.94,1100,2022-04-21 16:14:00,OTLY
3.945,3.945,3.945,3.945,625,2022-04-21 16:15:00,OTLY
3.94,3.9499,3.94,3.9499,1327,2022-04-21 16:16:00,OTLY
3.94,3.94,3.93,3.9399,6054,2022-04-21 16:17:00,OTLY
3.935,3.94,3.935,3.94,600,2022-04-21 16:18:00,OTLY
3.94,3.94,3.94,3.94,900,2022-04-21 16:19:00,OTLY
3.9459,3.9487,3.94,3.9487,3773,2022-04-21 16:20:00,OTLY
3.94,3.94,3.93,3.93,4330,2022-04-21 16:21:00,OTLY
3.93,3.935,3.93,3.93,700,2022-04-21 16:22:00,OTLY
3.93,3.93,3.92,3.9253,6000,2022-04-21 16:23:00,OTLY
3.925,3.93,3.92,3.92,11602,2022-04-21 16:24:00,OTLY
3.92,3.93,3.92,3.9212,18933,2022-04-21 16:25:00,OTLY
3.93,3.94,3.93,3.935,11710,2022-04-21 16:26:00,OTLY
3.94,3.9411,3.94,3.9411,3458,2022-04-21 16:27:00,OTLY
3.95,3.95,3.945,3.945,5242,2022-04-21 16:28:00,OTLY
3.9499,3.9499,3.9434,3.949,1000,2022-04-21 16:29:00,OTLY
3.9411,3.95,3.9411,3.9488,2114,2022-04-21 16:30:00,OTLY
3.945,3.945,3.94,3.94,2413,2022-04-21 16:31:00,OTLY
3.94,3.94,3.9219,3.925,17148,2022-04-21 16:32:00,OTLY
3.925,3.925,3.92,3.92,550,2022-04-21 16:33:00,OTLY
3.93,3.94,3.93,3.94,12021,2022-04-21 16:34:00,OTLY
3.938,3.95,3.938,3.95,3108,2022-04-21 16:35:00,OTLY
3.95,3.95,3.95,3.95,4336,2022-04-21 16:36:00,OTLY
3.95,3.955,3.95,3.95,11495,2022-04-21 16:37:00,OTLY
3.94,3.94,3.94,3.94,1900,2022-04-21 16:38:00,OTLY
3.935,3.94,3.93,3.93,2900,2022-04-21 16:39:00,OTLY
3.935,3.94,3.935,3.94,1300,2022-04-21 16:40:00,OTLY
3.935,3.94,3.935,3.9399,1000,2022-04-21 16:41:00,OTLY
3.94,3.94,3.935,3.935,600,2022-04-21 16:42:00,OTLY
3.94,3.945,3.94,3.945,8851,2022-04-21 16:43:00,OTLY
3.945,3.9473,3.94,3.9473,11659,2022-04-21 16:44:00,OTLY
3.945,3.945,3.945,3.945,200,2022-04-21 16:45:00,OTLY
3.94,3.95,3.94,3.95,24505,2022-04-21 16:46:00,OTLY
3.95,3.95,3.94,3.94,353,2022-04-21 16:47:00,OTLY
3.945,3.945,3.945,3.945,100,2022-04-21 16:48:00,OTLY
3.945,3.945,3.945,3.945,100,2022-04-21 16:49:00,OTLY
3.945,3.945,3.92,3.9299,11577,2022-04-21 16:50:00,OTLY
3.925,3.93,3.92,3.92,600,2022-04-21 16:51:00,OTLY
3.92,3.92,3.92,3.92,1269,2022-04-21 16:52:00,OTLY
3.92,3.925,3.92,3.92,9860,2022-04-21 16:53:00,OTLY
3.92,3.93,3.92,3.92,10006,2022-04-21 16:54:00,OTLY
3.92,3.92,3.91,3.915,9162,2022-04-21 16:55:00,OTLY
3.915,3.925,3.915,3.925,23401,2022-04-21 16:56:00,OTLY
3.92,3.92,3.915,3.9188,8167,2022-04-21 16:57:00,OTLY
3.9199,3.9199,3.9199,3.9199,1000,2022-04-21 16:58:00,OTLY
3.915,3.92,3.915,3.92,200,2022-04-21 16:59:00,OTLY
3.915,3.915,3.91,3.91,300,2022-04-21 17:00:00,OTLY
3.91,3.9127,3.91,3.9114,400,2022-04-21 17:01:00,OTLY
3.915,3.915,3.9,3.9093,35177,2022-04-21 17:02:00,OTLY
3.91,3.91,3.89,3.8983,73527,2022-04-21 17:03:00,OTLY
3.895,3.91,3.8901,3.905,26261,2022-04-21 17:04:00,OTLY
3.9,3.905,3.875,3.875,73775,2022-04-21 17:05:00,OTLY
3.8725,3.88,3.865,3.88,202319,2022-04-21 17:06:00,OTLY
3.883,3.89,3.88,3.89,2092,2022-04-21 17:07:00,OTLY
3.8887,3.8887,3.8701,3.8701,6839,2022-04-21 17:08:00,OTLY
3.875,3.88,3.87,3.875,1854,2022-04-21 17:09:00,OTLY
3.875,3.88,3.875,3.879,23300,2022-04-21 17:10:00,OTLY
3.88,3.89,3.875,3.88,25224,2022-04-21 17:11:00,OTLY
3.885,3.89,3.882,3.885,4921,2022-04-21 17:12:00,OTLY
3.89,3.895,3.89,3.895,3742,2022-04-21 17:13:00,OTLY
3.89,3.9,3.89,3.895,8300,2022-04-21 17:14:00,OTLY
3.895,3.91,3.895,3.895,7935,2022-04-21 17:15:00,OTLY
3.9,3.9,3.89,3.89,7264,2022-04-21 17:16:00,OTLY
3.89,3.89,3.88,3.88,5895,2022-04-21 17:17:00,OTLY
3.8808,3.8808,3.88,3.88,4723,2022-04-21 17:18:00,OTLY
3.885,3.8888,3.8823,3.8888,2200,2022-04-21 17:19:00,OTLY
3.885,3.9052,3.885,3.9052,24839,2022-04-21 17:20:00,OTLY
3.905,3.91,3.905,3.905,3348,2022-04-21 17:21:00,OTLY
3.91,3.93,3.91,3.92,26198,2022-04-21 17:22:00,OTLY
3.91,3.91,3.9,3.905,6700,2022-04-21 17:23:00,OTLY
3.905,3.9099,3.905,3.9099,4700,2022-04-21 17:24:00,OTLY
3.9,3.905,3.9,3.905,3300,2022-04-21 17:25:00,OTLY
3.9,3.91,3.9,3.9089,8886,2022-04-21 17:26:00,OTLY
3.9,3.905,3.9,3.905,2400,2022-04-21 17:27:00,OTLY
3.909,3.92,3.909,3.92,7243,2022-04-21 17:28:00,OTLY
3.92,3.9385,3.92,3.93,13678,2022-04-21 17:29:00,OTLY
3.93,3.93,3.925,3.925,3784,2022-04-21 17:30:00,OTLY
3.929,3.93,3.9282,3.93,2308,2022-04-21 17:31:00,OTLY
3.93,3.93,3.925,3.925,1403,2022-04-21 17:32:00,OTLY
3.925,3.93,3.92,3.9205,5573,2022-04-21 17:33:00,OTLY
3.92,3.92,3.905,3.908,4820,2022-04-21 17:34:00,OTLY
3.905,3.905,3.9,3.9,303,2022-04-21 17:35:00,OTLY
3.905,3.905,3.901,3.901,7100,2022-04-21 17:36:00,OTLY
3.9,3.91,3.9,3.91,7412,2022-04-21 17:37:00,OTLY
3.9,3.905,3.9,3.9,9306,2022-04-21 17:38:00,OTLY
3.905,3.91,3.905,3.91,1480,2022-04-21 17:39:00,OTLY
3.91,3.915,3.91,3.915,5201,2022-04-21 17:40:00,OTLY
3.91,3.91,3.905,3.905,2468,2022-04-21 17:41:00,OTLY
3.9,3.9,3.9,3.9,350,2022-04-21 17:42:00,OTLY
3.909,3.909,3.909,3.909,100,2022-04-21 17:43:00,OTLY
3.91,3.92,3.91,3.92,3798,2022-04-21 17:44:00,OTLY
3.91,3.91,3.91,3.91,3756,2022-04-21 17:45:00,OTLY
3.91,3.92,3.91,3.9198,9493,2022-04-21 17:46:00,OTLY
3.925,3.93,3.925,3.93,12050,2022-04-21 17:47:00,OTLY
3.93,3.93,3.92,3.9205,30279,2022-04-21 17:48:00,OTLY
3.92,3.925,3.92,3.925,1100,2022-04-21 17:49:00,OTLY
3.92,3.92,3.915,3.915,3446,2022-04-21 17:50:00,OTLY
3.91,3.92,3.91,3.92,462,2022-04-21 17:51:00,OTLY
3.915,3.915,3.915,3.915,100,2022-04-21 17:52:00,OTLY
3.91,3.91,3.91,3.91,1462,2022-04-21 17:53:00,OTLY
3.905,3.91,3.905,3.91,800,2022-04-21 17:55:00,OTLY
3.905,3.9099,3.9,3.9099,3400,2022-04-21 17:57:00,OTLY
3.905,3.9099,3.9006,3.9099,5700,2022-04-21 17:58:00,OTLY
3.9,3.9,3.89,3.895,42045,2022-04-21 17:59:00,OTLY
3.895,3.9,3.8901,3.8912,10888,2022-04-21 18:00:00,OTLY
3.89,3.89,3.88,3.8841,3190,2022-04-21 18:01:00,OTLY
3.89,3.89,3.88,3.88,532,2022-04-21 18:02:00,OTLY
3.885,3.885,3.87,3.875,19930,2022-04-21 18:04:00,OTLY
3.875,3.875,3.875,3.875,400,2022-04-21 18:05:00,OTLY
3.8761,3.8761,3.8761,3.8761,500,2022-04-21 18:06:00,OTLY
3.88,3.885,3.88,3.882,15053,2022-04-21 18:07:00,OTLY
3.8897,3.8899,3.88,3.88,570,2022-04-21 18:08:00,OTLY
3.88,3.88,3.875,3.875,15668,2022-04-21 18:09:00,OTLY
3.87,3.87,3.87,3.87,129,2022-04-21 18:10:00,OTLY
3.875,3.8799,3.875,3.875,700,2022-04-21 18:11:00,OTLY
3.8711,3.88,3.8711,3.8792,1880,2022-04-21 18:12:00,OTLY
3.8787,3.88,3.87,3.87,2600,2022-04-21 18:13:00,OTLY
3.87,3.88,3.87,3.875,865,2022-04-21 18:14:00,OTLY
3.8798,3.8798,3.87,3.87,1000,2022-04-21 18:15:00,OTLY
3.875,3.88,3.87,3.87,5800,2022-04-21 18:16:00,OTLY
3.87,3.875,3.86,3.87,54439,2022-04-21 18:17:00,OTLY
3.87,3.8794,3.87,3.875,6500,2022-04-21 18:18:00,OTLY
3.87,3.88,3.87,3.87,2600,2022-04-21 18:19:00,OTLY
3.875,3.875,3.87,3.87,500,2022-04-21 18:20:00,OTLY
3.878,3.88,3.87,3.88,9646,2022-04-21 18:21:00,OTLY
3.875,3.875,3.87,3.87,3048,2022-04-21 18:22:00,OTLY
3.87,3.8705,3.861,3.8682,34597,2022-04-21 18:23:00,OTLY
3.86,3.87,3.86,3.8695,7300,2022-04-21 18:24:00,OTLY
3.86,3.87,3.86,3.86,3800,2022-04-21 18:25:00,OTLY
3.86,3.8699,3.86,3.865,5300,2022-04-21 18:26:00,OTLY
3.86,3.87,3.86,3.865,1200,2022-04-21 18:27:00,OTLY
3.87,3.89,3.87,3.885,49082,2022-04-21 18:28:00,OTLY
3.88,3.8891,3.88,3.885,4825,2022-04-21 18:29:00,OTLY
3.88,3.885,3.87,3.87,7200,2022-04-21 18:30:00,OTLY
3.8788,3.89,3.87,3.885,9101,2022-04-21 18:31:00,OTLY
3.885,3.885,3.88,3.88,8200,2022-04-21 18:32:00,OTLY
3.88,3.89,3.88,3.88,1800,2022-04-21 18:33:00,OTLY
3.88,3.8888,3.88,3.885,4881,2022-04-21 18:34:00,OTLY
3.88,3.885,3.88,3.885,300,2022-04-21 18:35:00,OTLY
3.88,3.9,3.88,3.895,25884,2022-04-21 18:36:00,OTLY
3.895,3.895,3.89,3.895,1325,2022-04-21 18:37:00,OTLY
3.89,3.8995,3.88,3.885,29022,2022-04-21 18:38:00,OTLY
3.885,3.8899,3.88,3.88,2600,2022-04-21 18:39:00,OTLY
3.88,3.885,3.88,3.885,2732,2022-04-21 18:40:00,OTLY
3.88,3.885,3.88,3.885,7801,2022-04-21 18:41:00,OTLY
3.885,3.885,3.88,3.885,900,2022-04-21 18:42:00,OTLY
3.885,3.885,3.88,3.88,808,2022-04-21 18:43:00,OTLY
3.8801,3.885,3.875,3.875,7786,2022-04-21 18:44:00,OTLY
3.88,3.88,3.87,3.87,1600,2022-04-21 18:45:00,OTLY
3.87,3.875,3.87,3.875,600,2022-04-21 18:46:00,OTLY
3.88,3.88,3.87,3.875,804,2022-04-21 18:47:00,OTLY
3.8799,3.88,3.87,3.871,8412,2022-04-21 18:48:00,OTLY
3.87,3.875,3.87,3.875,500,2022-04-21 18:49:00,OTLY
3.875,3.8765,3.87,3.8765,1700,2022-04-21 18:50:00,OTLY
3.8799,3.88,3.87,3.87,3400,2022-04-21 18:51:00,OTLY
3.88,3.885,3.875,3.88,6466,2022-04-21 18:52:00,OTLY
3.88,3.88,3.875,3.875,4144,2022-04-21 18:53:00,OTLY
3.875,3.875,3.87,3.87,800,2022-04-21 18:54:00,OTLY
3.87,3.875,3.865,3.865,7838,2022-04-21 18:55:00,OTLY
3.86,3.87,3.86,3.87,1499,2022-04-21 18:56:00,OTLY
3.865,3.87,3.86,3.86,2750,2022-04-21 18:57:00,OTLY
3.865,3.8699,3.865,3.865,6750,2022-04-21 18:58:00,OTLY
3.865,3.865,3.86,3.86,3476,2022-04-21 18:59:00,OTLY
3.865,3.87,3.86,3.865,1600,2022-04-21 19:00:00,OTLY
3.86,3.8681,3.86,3.865,700,2022-04-21 19:01:00,OTLY
3.865,3.87,3.86,3.865,1280,2022-04-21 19:02:00,OTLY
3.86,3.87,3.86,3.86,7675,2022-04-21 19:03:00,OTLY
3.87,3.87,3.8601,3.865,2660,2022-04-21 19:04:00,OTLY
3.865,3.87,3.86,3.865,2222,2022-04-21 19:05:00,OTLY
3.87,3.87,3.86,3.86,3152,2022-04-21 19:06:00,OTLY
3.865,3.8699,3.86,3.865,1200,2022-04-21 19:07:00,OTLY
3.86,3.8654,3.86,3.8654,1016,2022-04-21 19:08:00,OTLY
3.865,3.87,3.86,3.87,2847,2022-04-21 19:09:00,OTLY
3.86,3.865,3.85,3.8512,12981,2022-04-21 19:10:00,OTLY
3.8599,3.8599,3.85,3.8599,12550,2022-04-21 19:11:00,OTLY
3.855,3.87,3.85,3.87,23919,2022-04-21 19:12:00,OTLY
3.87,3.87,3.86,3.86,3949,2022-04-21 19:13:00,OTLY
3.87,3.87,3.86,3.87,2316,2022-04-21 19:14:00,OTLY
3.8625,3.87,3.86,3.865,1458,2022-04-21 19:15:00,OTLY
3.865,3.87,3.865,3.865,1153,2022-04-21 19:16:00,OTLY
3.87,3.87,3.86,3.865,5277,2022-04-21 19:17:00,OTLY
3.865,3.88,3.86,3.875,23403,2022-04-21 19:18:00,OTLY
3.87,3.88,3.87,3.875,4023,2022-04-21 19:19:00,OTLY
3.875,3.875,3.87,3.875,6700,2022-04-21 19:20:00,OTLY
3.875,3.88,3.87,3.87,26926,2022-04-21 19:21:00,OTLY
3.875,3.88,3.87,3.875,3945,2022-04-21 19:22:00,OTLY
3.875,3.8783,3.87,3.8783,2713,2022-04-21 19:23:00,OTLY
3.875,3.895,3.87,3.895,33806,2022-04-21 19:24:00,OTLY
3.895,3.895,3.8813,3.8853,16386,2022-04-21 19:25:00,OTLY
3.88,3.885,3.875,3.875,29729,2022-04-21 19:26:00,OTLY
3.87,3.8797,3.87,3.875,1639,2022-04-21 19:27:00,OTLY
3.88,3.885,3.87,3.885,23290,2022-04-21 19:28:00,OTLY
3.885,3.895,3.885,3.895,20123,2022-04-21 19:29:00,OTLY
3.8903,3.9,3.8903,3.895,17600,2022-04-21 19:30:00,OTLY
3.895,3.9,3.895,3.895,5531,2022-04-21 19:31:00,OTLY
3.9,3.91,3.895,3.9001,37222,2022-04-21 19:32:00,OTLY
3.905,3.905,3.89,3.895,11795,2022-04-21 19:33:00,OTLY
3.8901,3.895,3.88,3.88,11463,2022-04-21 19:34:00,OTLY
3.88,3.89,3.88,3.888,908,2022-04-21 19:35:00,OTLY
3.8801,3.89,3.875,3.875,35268,2022-04-21 19:36:00,OTLY
3.875,3.88,3.87,3.87,5603,2022-04-21 19:37:00,OTLY
3.87,3.88,3.87,3.87,10953,2022-04-21 19:38:00,OTLY
3.875,3.88,3.8725,3.88,12615,2022-04-21 19:39:00,OTLY
3.875,3.8867,3.87,3.885,23032,2022-04-21 19:40:00,OTLY
3.88,3.89,3.88,3.88,6571,2022-04-21 19:41:00,OTLY
3.88,3.89,3.88,3.89,7257,2022-04-21 19:42:00,OTLY
3.885,3.8899,3.88,3.885,2043,2022-04-21 19:43:00,OTLY
3.88,3.89,3.88,3.89,4946,2022-04-21 19:44:00,OTLY
3.8887,3.89,3.88,3.88,11972,2022-04-21 19:45:00,OTLY
3.88,3.885,3.875,3.875,13046,2022-04-21 19:46:00,OTLY
3.875,3.8798,3.87,3.875,3412,2022-04-21 19:47:00,OTLY
3.87,3.875,3.86,3.865,16524,2022-04-21 19:48:00,OTLY
3.865,3.87,3.86,3.865,6426,2022-04-21 19:49:00,OTLY
3.86,3.875,3.86,3.875,29005,2022-04-21 19:50:00,OTLY
3.87,3.875,3.87,3.87,3328,2022-04-21 19:51:00,OTLY
3.87,3.879,3.87,3.875,15817,2022-04-21 19:52:00,OTLY
3.875,3.88,3.87,3.875,14035,2022-04-21 19:53:00,OTLY
3.88,3.88,3.87,3.879,22976,2022-04-21 19:54:00,OTLY
3.87,3.88,3.87,3.8794,37708,2022-04-21 19:55:00,OTLY
3.875,3.875,3.86,3.86,22457,2022-04-21 19:56:00,OTLY
3.86,3.87,3.85,3.855,52603,2022-04-21 19:57:00,OTLY
3.855,3.86,3.85,3.855,19267,2022-04-21 19:58:00,OTLY
3.855,3.86,3.85,3.86,66632,2022-04-21 19:59:00,OTLY
3.85,3.98,3.85,3.98,73157,2022-04-21 20:00:00,OTLY
3.89,3.89,3.89,3.89,100,2022-04-21 20:03:00,OTLY
3.8501,3.8501,3.85,3.85,2237,2022-04-21 20:09:00,OTLY
3.87,3.87,3.87,3.87,10000,2022-04-21 20:10:00,OTLY
3.88,3.88,3.88,3.88,10000,2022-04-21 20:14:00,OTLY
3.87,3.87,3.87,3.87,10000,2022-04-21 20:16:00,OTLY
3.9,3.9,3.9,3.9,100,2022-04-21 20:24:00,OTLY
3.9,3.9,3.9,3.9,200,2022-04-21 20:27:00,OTLY
3.89,3.89,3.89,3.89,100,2022-04-21 20:35:00,OTLY
3.91,3.91,3.91,3.91,205,2022-04-21 20:40:00,OTLY
3.9,3.9,3.9,3.9,2500,2022-04-21 20:41:00,OTLY
3.9,3.9,3.9,3.9,300,2022-04-21 21:14:00,OTLY
3.89,3.89,3.89,3.89,150,2022-04-21 21:17:00,OTLY
3.9,3.9,3.9,3.9,100,2022-04-21 21:20:00,OTLY
3.85,3.85,3.85,3.85,300,2022-04-21 21:35:00,OTLY
3.9,3.9,3.9,3.9,2500,2022-04-21 21:36:00,OTLY
3.89,3.89,3.89,3.89,200,2022-04-21 21:54:00,OTLY
3.9,3.9,3.9,3.9,100,2022-04-21 21:55:00,OTLY
3.89,3.89,3.89,3.89,100,2022-04-21 22:11:00,OTLY
3.85,3.85,3.85,3.85,480,2022-04-21 22:25:00,OTLY
3.89,3.89,3.89,3.89,100,2022-04-21 22:38:00,OTLY
3.89,3.89,3.89,3.89,180,2022-04-21 22:43:00,OTLY
3.85,3.85,3.85,3.85,101,2022-04-21 23:11:00,OTLY
3.85,3.85,3.85,3.85,100,2022-04-21 23:13:00,OTLY
3.89,3.89,3.89,3.89,100,2022-04-21 23:37:00,OTLY
3.89,3.89,3.89,3.89,2000,2022-04-21 23:39:00,OTLY
3.89,3.89,3.89,3.89,320,2022-04-21 23:40:00,OTLY
3.89,3.89,3.89,3.89,2500,2022-04-21 23:43:00,OTLY
3.89,3.89,3.89,3.89,300,2022-04-21 23:57:00,OTLY
3.85,3.85,3.84,3.84,3600,2022-04-22 09:35:00,OTLY
3.91,3.91,3.91,3.91,1491,2022-04-22 11:14:00,OTLY
3.9,3.9,3.9,3.9,100,2022-04-22 11:57:00,OTLY
3.9001,3.9001,3.9001,3.9001,100,2022-04-22 12:02:00,OTLY
3.91,3.91,3.91,3.91,100,2022-04-22 12:09:00,OTLY
3.91,3.91,3.91,3.91,750,2022-04-22 12:30:00,OTLY
3.92,3.92,3.92,3.92,100,2022-04-22 12:35:00,OTLY
3.9199,3.9199,3.9199,3.9199,4124,2022-04-22 12:54:00,OTLY
3.92,3.92,3.92,3.92,122,2022-04-22 13:01:00,OTLY
3.91,3.91,3.91,3.91,100,2022-04-22 13:07:00,OTLY
3.92,3.92,3.91,3.91,588,2022-04-22 13:09:00,OTLY
3.92,3.92,3.92,3.92,1000,2022-04-22 13:13:00,OTLY
3.88,3.89,3.88,3.89,1130,2022-04-22 13:27:00,OTLY
3.86,3.86,3.86,3.86,100,2022-04-22 13:29:00,OTLY
3.85,3.89,3.85,3.89,43264,2022-04-22 13:30:00,OTLY
3.9,3.9,3.89,3.89,11678,2022-04-22 13:31:00,OTLY
3.89,3.94,3.89,3.94,23824,2022-04-22 13:32:00,OTLY
3.94,3.96,3.93,3.95,54098,2022-04-22 13:33:00,OTLY
3.95,3.96,3.93,3.93,40183,2022-04-22 13:34:00,OTLY
3.935,3.955,3.935,3.945,71707,2022-04-22 13:35:00,OTLY
3.945,3.975,3.945,3.9642,27110,2022-04-22 13:36:00,OTLY
3.97,3.97,3.96,3.962,12060,2022-04-22 13:37:00,OTLY
3.97,3.975,3.961,3.975,6750,2022-04-22 13:38:00,OTLY
3.9788,3.9895,3.9507,3.955,73853,2022-04-22 13:39:00,OTLY
3.955,3.955,3.93,3.94,59245,2022-04-22 13:40:00,OTLY
3.93,3.96,3.9274,3.96,6918,2022-04-22 13:41:00,OTLY
3.96,3.97,3.9548,3.96,13282,2022-04-22 13:42:00,OTLY
3.96,3.9605,3.94,3.95,14525,2022-04-22 13:43:00,OTLY
3.95,3.955,3.9411,3.95,23392,2022-04-22 13:44:00,OTLY
3.9517,3.9788,3.9517,3.9788,14894,2022-04-22 13:45:00,OTLY
3.97,3.97,3.945,3.945,45692,2022-04-22 13:46:00,OTLY
3.945,3.945,3.9,3.9,78306,2022-04-22 13:47:00,OTLY
3.9,3.92,3.89,3.92,89213,2022-04-22 13:48:00,OTLY
3.9141,3.9199,3.91,3.915,9235,2022-04-22 13:49:00,OTLY
3.92,3.925,3.905,3.91,34154,2022-04-22 13:50:00,OTLY
3.91,3.91,3.89,3.9,7344,2022-04-22 13:51:00,OTLY
3.9,3.9199,3.9,3.9003,17974,2022-04-22 13:52:00,OTLY
3.91,3.9299,3.905,3.9299,4032,2022-04-22 13:53:00,OTLY
3.93,3.9395,3.93,3.93,9972,2022-04-22 13:54:00,OTLY
3.9236,3.9236,3.915,3.915,1766,2022-04-22 13:55:00,OTLY
3.919,3.919,3.9,3.9,3214,2022-04-22 13:56:00,OTLY
3.9062,3.91,3.9,3.905,6398,2022-04-22 13:57:00,OTLY
3.905,3.925,3.905,3.9206,21734,2022-04-22 13:58:00,OTLY
3.925,3.93,3.9203,3.93,11200,2022-04-22 13:59:00,OTLY
3.935,3.955,3.935,3.955,11740,2022-04-22 14:00:00,OTLY
3.965,3.9785,3.965,3.9785,1729,2022-04-22 14:01:00,OTLY
3.9701,3.9709,3.9624,3.97,11912,2022-04-22 14:02:00,OTLY
3.97,3.9702,3.96,3.96,10227,2022-04-22 14:03:00,OTLY
3.9604,3.965,3.96,3.965,5200,2022-04-22 14:04:00,OTLY
3.96,3.97,3.96,3.97,14722,2022-04-22 14:05:00,OTLY
3.97,3.99,3.97,3.99,8908,2022-04-22 14:06:00,OTLY
4.0,4.02,3.9809,4.015,72694,2022-04-22 14:07:00,OTLY
4.015,4.015,4.01,4.015,17923,2022-04-22 14:08:00,OTLY
4.01,4.015,4.01,4.015,900,2022-04-22 14:09:00,OTLY
4.01,4.01,4.01,4.01,10100,2022-04-22 14:10:00,OTLY
4.01,4.0125,4.0,4.0,15966,2022-04-22 14:11:00,OTLY
4.0,4.019,4.0,4.0,38366,2022-04-22 14:12:00,OTLY
4.0,4.0,3.99,3.99,6417,2022-04-22 14:13:00,OTLY
3.99,3.995,3.99,3.995,1448,2022-04-22 14:14:00,OTLY
3.99,3.9964,3.98,3.98,17155,2022-04-22 14:15:00,OTLY
3.98,3.98,3.97,3.971,14513,2022-04-22 14:16:00,OTLY
3.97,3.97,3.96,3.97,13320,2022-04-22 14:17:00,OTLY
3.965,3.965,3.96,3.965,920,2022-04-22 14:18:00,OTLY
3.965,3.965,3.95,3.9595,13757,2022-04-22 14:19:00,OTLY
3.955,3.968,3.955,3.968,23151,2022-04-22 14:20:00,OTLY
3.965,3.965,3.955,3.96,20384,2022-04-22 14:21:00,OTLY
3.9599,3.9599,3.955,3.9588,2400,2022-04-22 14:22:00,OTLY
3.9546,3.9546,3.9512,3.9512,447,2022-04-22 14:23:00,OTLY
3.955,3.955,3.955,3.955,500,2022-04-22 14:24:00,OTLY
3.96,3.96,3.95,3.95,6665,2022-04-22 14:25:00,OTLY
3.945,3.945,3.94,3.94,7798,2022-04-22 14:26:00,OTLY
3.94,3.95,3.94,3.945,24739,2022-04-22 14:27:00,OTLY
3.94,3.94,3.9332,3.9332,1639,2022-04-22 14:28:00,OTLY
3.9309,3.9309,3.925,3.925,9100,2022-04-22 14:29:00,OTLY
3.93,3.9368,3.93,3.93,2936,2022-04-22 14:30:00,OTLY
3.94,3.94,3.93,3.935,12359,2022-04-22 14:31:00,OTLY
3.9399,3.94,3.9312,3.94,1300,2022-04-22 14:32:00,OTLY
3.935,3.935,3.925,3.935,24460,2022-04-22 14:33:00,OTLY
3.9399,3.94,3.9399,3.94,2454,2022-04-22 14:34:00,OTLY
3.95,3.95,3.945,3.945,5950,2022-04-22 14:35:00,OTLY
3.95,3.97,3.95,3.965,19856,2022-04-22 14:36:00,OTLY
3.965,3.9699,3.955,3.96,8504,2022-04-22 14:37:00,OTLY
3.9612,3.965,3.96,3.96,3755,2022-04-22 14:38:00,OTLY
3.95,3.95,3.95,3.95,1217,2022-04-22 14:39:00,OTLY
3.95,3.95,3.94,3.945,12635,2022-04-22 14:40:00,OTLY
3.949,3.949,3.9407,3.9407,1778,2022-04-22 14:41:00,OTLY
3.94,3.94,3.9312,3.9312,5599,2022-04-22 14:42:00,OTLY
3.9301,3.9301,3.9301,3.9301,100,2022-04-22 14:43:00,OTLY
3.935,3.94,3.935,3.94,12537,2022-04-22 14:44:00,OTLY
3.94,3.96,3.94,3.96,12000,2022-04-22 14:45:00,OTLY
3.96,3.96,3.95,3.95,400,2022-04-22 14:46:00,OTLY
3.96,3.98,3.96,3.97,12964,2022-04-22 14:47:00,OTLY
3.9715,3.9809,3.9715,3.98,6460,2022-04-22 14:48:00,OTLY
3.98,3.98,3.975,3.975,9765,2022-04-22 14:49:00,OTLY
3.97,3.97,3.96,3.96,2704,2022-04-22 14:50:00,OTLY
3.97,3.97,3.96,3.96,3300,2022-04-22 14:51:00,OTLY
3.96,3.9694,3.95,3.965,23420,2022-04-22 14:52:00,OTLY
3.96,3.96,3.955,3.96,11196,2022-04-22 14:53:00,OTLY
3.96,3.96,3.9599,3.9599,1330,2022-04-22 14:54:00,OTLY
3.955,3.955,3.955,3.955,1100,2022-04-22 14:55:00,OTLY
3.9519,3.9552,3.9519,3.9552,5400,2022-04-22 14:56:00,OTLY
3.955,3.955,3.945,3.945,2546,2022-04-22 14:58:00,OTLY
3.945,3.945,3.94,3.94,984,2022-04-22 14:59:00,OTLY
3.94,3.957,3.94,3.957,4973,2022-04-22 15:00:00,OTLY
3.9509,3.955,3.9509,3.9511,8105,2022-04-22 15:01:00,OTLY
3.95,3.95,3.945,3.945,2506,2022-04-22 15:02:00,OTLY
3.945,3.945,3.935,3.935,3900,2022-04-22 15:03:00,OTLY
3.935,3.935,3.93,3.935,2700,2022-04-22 15:04:00,OTLY
3.935,3.9353,3.935,3.935,2300,2022-04-22 15:05:00,OTLY
3.94,3.945,3.9315,3.945,11624,2022-04-22 15:06:00,OTLY
3.95,3.955,3.95,3.95,800,2022-04-22 15:07:00,OTLY
3.9555,3.96,3.955,3.9595,3575,2022-04-22 15:08:00,OTLY
3.96,3.97,3.96,3.965,2000,2022-04-22 15:09:00,OTLY
3.9697,3.9697,3.96,3.96,5762,2022-04-22 15:10:00,OTLY
3.9568,3.96,3.955,3.955,1225,2022-04-22 15:11:00,OTLY
3.955,3.9599,3.95,3.95,7364,2022-04-22 15:12:00,OTLY
3.96,3.96,3.96,3.96,1400,2022-04-22 15:13:00,OTLY
3.9567,3.9567,3.9517,3.955,1150,2022-04-22 15:14:00,OTLY
3.955,3.96,3.945,3.945,15580,2022-04-22 15:15:00,OTLY
3.945,3.945,3.945,3.945,200,2022-04-22 15:16:00,OTLY
3.94,3.94,3.935,3.935,8330,2022-04-22 15:17:00,OTLY
3.935,3.935,3.935,3.935,200,2022-04-22 15:18:00,OTLY
3.935,3.9392,3.935,3.9366,3587,2022-04-22 15:19:00,OTLY
3.935,3.9507,3.935,3.9507,17532,2022-04-22 15:20:00,OTLY
3.95,3.95,3.945,3.95,15718,2022-04-22 15:21:00,OTLY
3.955,3.955,3.945,3.945,3828,2022-04-22 15:22:00,OTLY
3.945,3.945,3.941,3.941,1450,2022-04-22 15:23:00,OTLY
3.94,3.94,3.93,3.9325,15918,2022-04-22 15:24:00,OTLY
3.93,3.93,3.93,3.93,1500,2022-04-22 15:25:00,OTLY
3.93,3.93,3.93,3.93,100,2022-04-22 15:26:00,OTLY
3.935,3.935,3.93,3.93,840,2022-04-22 15:27:00,OTLY
3.93,3.93,3.9224,3.925,11458,2022-04-22 15:28:00,OTLY
3.93,3.9353,3.93,3.935,2600,2022-04-22 15:29:00,OTLY
3.935,3.935,3.935,3.935,200,2022-04-22 15:30:00,OTLY
3.935,3.9392,3.925,3.935,4948,2022-04-22 15:31:00,OTLY
3.9399,3.9399,3.9399,3.9399,100,2022-04-22 15:32:00,OTLY
3.93,3.93,3.925,3.925,3594,2022-04-22 15:33:00,OTLY
3.925,3.925,3.91,3.915,26133,2022-04-22 15:34:00,OTLY
3.91,3.915,3.91,3.915,500,2022-04-22 15:35:00,OTLY
3.91,3.9199,3.91,3.9199,1007,2022-04-22 15:36:00,OTLY
3.91,3.91,3.9,3.9085,8873,2022-04-22 15:37:00,OTLY
3.905,3.91,3.9006,3.905,4581,2022-04-22 15:38:00,OTLY
3.9,3.9,3.9,3.9,200,2022-04-22 15:39:00,OTLY
3.9,3.91,3.9,3.9,7558,2022-04-22 15:40:00,OTLY
3.9,3.9,3.9,3.9,300,2022-04-22 15:41:00,OTLY
3.9,3.9,3.8905,3.895,5072,2022-04-22 15:42:00,OTLY
3.89,3.9,3.89,3.89,4200,2022-04-22 15:43:00,OTLY
3.895,3.895,3.88,3.8825,32200,2022-04-22 15:44:00,OTLY
3.8803,3.89,3.8803,3.885,21492,2022-04-22 15:45:00,OTLY
3.885,3.8891,3.88,3.885,1700,2022-04-22 15:46:00,OTLY
3.883,3.89,3.8811,3.885,3935,2022-04-22 15:47:00,OTLY
3.885,3.889,3.885,3.889,1800,2022-04-22 15:48:00,OTLY
3.885,3.885,3.88,3.885,2300,2022-04-22 15:49:00,OTLY
3.88,3.89,3.88,3.885,7222,2022-04-22 15:50:00,OTLY
3.885,3.885,3.885,3.885,350,2022-04-22 15:51:00,OTLY
3.885,3.885,3.885,3.885,200,2022-04-22 15:52:00,OTLY
3.885,3.885,3.88,3.88,651,2022-04-22 15:53:00,OTLY
3.88,3.89,3.875,3.885,28728,2022-04-22 15:54:00,OTLY
3.885,3.885,3.885,3.885,500,2022-04-22 15:55:00,OTLY
3.89,3.89,3.885,3.8899,1400,2022-04-22 15:57:00,OTLY
3.885,3.885,3.8813,3.8813,1300,2022-04-22 15:58:00,OTLY
3.88,3.8899,3.88,3.88,952,2022-04-22 15:59:00,OTLY
3.88,3.89,3.88,3.885,4742,2022-04-22 16:00:00,OTLY
3.885,3.885,3.88,3.885,663,2022-04-22 16:01:00,OTLY
3.88,3.88,3.88,3.88,500,2022-04-22 16:02:00,OTLY
3.885,3.8852,3.88,3.885,1575,2022-04-22 16:03:00,OTLY
3.88,3.882,3.88,3.882,700,2022-04-22 16:04:00,OTLY
3.89,3.895,3.885,3.895,12881,2022-04-22 16:05:00,OTLY
3.89,3.8988,3.89,3.89,9991,2022-04-22 16:06:00,OTLY
3.895,3.898,3.89,3.89,653,2022-04-22 16:07:00,OTLY
3.89,3.89,3.88,3.8899,6575,2022-04-22 16:08:00,OTLY
3.88,3.89,3.88,3.89,2500,2022-04-22 16:09:00,OTLY
3.885,3.8884,3.885,3.8884,595,2022-04-22 16:10:00,OTLY
3.88,3.882,3.88,3.882,500,2022-04-22 16:11:00,OTLY
3.885,3.885,3.87,3.87,25774,2022-04-22 16:12:00,OTLY
3.878,3.878,3.87,3.87,3500,2022-04-22 16:13:00,OTLY
3.87,3.875,3.87,3.87,2784,2022-04-22 16:14:00,OTLY
3.87,3.875,3.87,3.875,1620,2022-04-22 16:15:00,OTLY
3.875,3.875,3.87,3.87,1700,2022-04-22 16:16:00,OTLY
3.875,3.875,3.87,3.87,1123,2022-04-22 16:17:00,OTLY
3.87,3.875,3.865,3.865,5839,2022-04-22 16:18:00,OTLY
3.865,3.8685,3.865,3.865,1900,2022-04-22 16:19:00,OTLY
3.865,3.87,3.8601,3.865,5528,2022-04-22 16:20:00,OTLY
3.865,3.875,3.865,3.875,19753,2022-04-22 16:21:00,OTLY
3.87,3.875,3.87,3.874,1676,2022-04-22 16:22:00,OTLY
3.875,3.88,3.875,3.875,897,2022-04-22 16:23:00,OTLY
3.8795,3.88,3.875,3.8797,8034,2022-04-22 16:24:00,OTLY
3.88,3.8888,3.875,3.8888,3630,2022-04-22 16:25:00,OTLY
3.885,3.885,3.88,3.88,2741,2022-04-22 16:26:00,OTLY
3.88,3.885,3.875,3.875,4363,2022-04-22 16:27:00,OTLY
3.87,3.875,3.87,3.875,200,2022-04-22 16:28:00,OTLY
3.875,3.875,3.875,3.875,100,2022-04-22 16:29:00,OTLY
3.8799,3.8799,3.875,3.875,5100,2022-04-22 16:30:00,OTLY
3.877,3.885,3.87,3.885,16176,2022-04-22 16:31:00,OTLY
3.89,3.89,3.875,3.875,9740,2022-04-22 16:32:00,OTLY
3.875,3.8789,3.875,3.8789,356,2022-04-22 16:33:00,OTLY
3.875,3.88,3.875,3.88,200,2022-04-22 16:34:00,OTLY
3.88,3.885,3.88,3.88,7513,2022-04-22 16:35:00,OTLY
3.89,3.89,3.885,3.885,900,2022-04-22 16:36:00,OTLY
3.89,3.895,3.89,3.89,15630,2022-04-22 16:37:00,OTLY
3.89,3.89,3.885,3.885,2700,2022-04-22 16:38:00,OTLY
3.885,3.885,3.885,3.885,600,2022-04-22 16:39:00,OTLY
3.88,3.885,3.88,3.8811,1100,2022-04-22 16:40:00,OTLY
3.88,3.88,3.875,3.8799,3354,2022-04-22 16:41:00,OTLY
3.87,3.8798,3.87,3.8798,6703,2022-04-22 16:42:00,OTLY
3.875,3.88,3.875,3.875,600,2022-04-22 16:43:00,OTLY
3.8799,3.8799,3.875,3.875,1500,2022-04-22 16:44:00,OTLY
3.87,3.875,3.87,3.87,700,2022-04-22 16:45:00,OTLY
3.8708,3.875,3.87,3.875,8004,2022-04-22 16:46:00,OTLY
3.8799,3.88,3.875,3.88,11208,2022-04-22 16:47:00,OTLY
3.87,3.87,3.865,3.865,2513,2022-04-22 16:48:00,OTLY
3.86,3.86,3.86,3.86,100,2022-04-22 16:49:00,OTLY
3.8698,3.8698,3.86,3.86,1704,2022-04-22 16:50:00,OTLY
3.865,3.865,3.86,3.86,500,2022-04-22 16:51:00,OTLY
3.86,3.865,3.86,3.86,1900,2022-04-22 16:52:00,OTLY
3.86,3.86,3.85,3.85,9774,2022-04-22 16:53:00,OTLY
3.85,3.8599,3.845,3.845,10071,2022-04-22 16:54:00,OTLY
3.85,3.85,3.84,3.845,6250,2022-04-22 16:55:00,OTLY
3.845,3.845,3.845,3.845,300,2022-04-22 16:56:00,OTLY
3.848,3.85,3.84,3.84,9193,2022-04-22 16:57:00,OTLY
3.845,3.845,3.84,3.845,1000,2022-04-22 16:58:00,OTLY
3.84,3.845,3.84,3.845,400,2022-04-22 16:59:00,OTLY
3.84,3.8473,3.84,3.84,900,2022-04-22 17:00:00,OTLY
3.84,3.845,3.84,3.842,3200,2022-04-22 17:01:00,OTLY
3.84,3.84,3.84,3.84,500,2022-04-22 17:02:00,OTLY
3.84,3.85,3.84,3.85,6743,2022-04-22 17:03:00,OTLY
3.8499,3.8499,3.84,3.8463,5100,2022-04-22 17:04:00,OTLY
3.845,3.8497,3.84,3.84,1651,2022-04-22 17:05:00,OTLY
3.845,3.8495,3.84,3.845,8400,2022-04-22 17:06:00,OTLY
3.845,3.8455,3.84,3.845,4115,2022-04-22 17:07:00,OTLY
3.84,3.845,3.84,3.845,800,2022-04-22 17:08:00,OTLY
3.84,3.845,3.84,3.845,600,2022-04-22 17:09:00,OTLY
3.845,3.8464,3.84,3.84,11379,2022-04-22 17:10:00,OTLY
3.845,3.85,3.845,3.845,14556,2022-04-22 17:11:00,OTLY
3.845,3.855,3.842,3.855,10398,2022-04-22 17:12:00,OTLY
3.855,3.855,3.855,3.855,200,2022-04-22 17:13:00,OTLY
3.851,3.855,3.85,3.855,1800,2022-04-22 17:14:00,OTLY
3.8599,3.8599,3.855,3.8571,2125,2022-04-22 17:15:00,OTLY
3.855,3.855,3.85,3.855,1050,2022-04-22 17:16:00,OTLY
3.855,3.858,3.855,3.855,800,2022-04-22 17:17:00,OTLY
3.855,3.86,3.85,3.855,3197,2022-04-22 17:18:00,OTLY
3.855,3.88,3.855,3.875,39448,2022-04-22 17:19:00,OTLY
3.875,3.875,3.855,3.855,18421,2022-04-22 17:20:00,OTLY
3.85,3.855,3.85,3.855,200,2022-04-22 17:21:00,OTLY
3.85,3.855,3.845,3.845,12036,2022-04-22 17:22:00,OTLY
3.845,3.8492,3.84,3.845,1140,2022-04-22 17:23:00,OTLY
3.84,3.84,3.84,3.84,3572,2022-04-22 17:24:00,OTLY
3.84,3.84,3.83,3.83,3785,2022-04-22 17:25:00,OTLY
3.83,3.83,3.82,3.825,11492,2022-04-22 17:26:00,OTLY
3.83,3.835,3.825,3.83,9875,2022-04-22 17:27:00,OTLY
3.835,3.84,3.831,3.8349,3240,2022-04-22 17:28:00,OTLY
3.83,3.8392,3.83,3.8308,3400,2022-04-22 17:29:00,OTLY
3.83,3.835,3.83,3.835,1996,2022-04-22 17:30:00,OTLY
3.83,3.83,3.82,3.83,3253,2022-04-22 17:33:00,OTLY
3.825,3.827,3.82,3.82,12600,2022-04-22 17:34:00,OTLY
3.82,3.825,3.82,3.825,600,2022-04-22 17:35:00,OTLY
3.82,3.82,3.82,3.82,200,2022-04-22 17:36:00,OTLY
3.82,3.8291,3.82,3.82,1600,2022-04-22 17:37:00,OTLY
3.825,3.8295,3.82,3.82,3000,2022-04-22 17:38:00,OTLY
3.82,3.825,3.82,3.825,2000,2022-04-22 17:39:00,OTLY
3.82,3.82,3.82,3.82,2358,2022-04-22 17:40:00,OTLY
3.82,3.825,3.82,3.82,1380,2022-04-22 17:41:00,OTLY
3.82,3.82,3.81,3.815,10821,2022-04-22 17:42:00,OTLY
3.815,3.825,3.81,3.82,7970,2022-04-22 17:43:00,OTLY
3.8215,3.8215,3.8215,3.8215,100,2022-04-22 17:44:00,OTLY
3.825,3.8286,3.8201,3.8286,695,2022-04-22 17:45:00,OTLY
3.825,3.83,3.825,3.825,4500,2022-04-22 17:46:00,OTLY
3.82,3.82,3.82,3.82,1517,2022-04-22 17:47:00,OTLY
3.82,3.82,3.82,3.82,4605,2022-04-22 17:48:00,OTLY
3.82,3.825,3.82,3.82,1200,2022-04-22 17:49:00,OTLY
3.82,3.825,3.82,3.82,1200,2022-04-22 17:50:00,OTLY
3.82,3.83,3.82,3.82,6516,2022-04-22 17:51:00,OTLY
3.82,3.825,3.82,3.825,2168,2022-04-22 17:52:00,OTLY
3.82,3.8288,3.82,3.82,1330,2022-04-22 17:53:00,OTLY
3.82,3.825,3.82,3.825,638,2022-04-22 17:54:00,OTLY
3.82,3.8212,3.82,3.8212,1300,2022-04-22 17:55:00,OTLY
3.82,3.82,3.82,3.82,100,2022-04-22 17:56:00,OTLY
3.82,3.82,3.82,3.82,772,2022-04-22 17:57:00,OTLY
3.82,3.825,3.82,3.825,1350,2022-04-22 17:58:00,OTLY
3.82,3.825,3.82,3.82,1215,2022-04-22 17:59:00,OTLY
3.82,3.825,3.815,3.825,19194,2022-04-22 18:00:00,OTLY
3.825,3.825,3.82,3.82,2389,2022-04-22 18:01:00,OTLY
3.822,3.825,3.82,3.825,1700,2022-04-22 18:02:00,OTLY
3.82,3.825,3.82,3.82,2277,2022-04-22 18:03:00,OTLY
3.82,3.825,3.82,3.825,712,2022-04-22 18:04:00,OTLY
3.82,3.8209,3.815,3.8192,5881,2022-04-22 18:05:00,OTLY
3.815,3.82,3.815,3.82,5016,2022-04-22 18:06:00,OTLY
3.828,3.828,3.828,3.828,265,2022-04-22 18:07:00,OTLY
3.82,3.829,3.82,3.82,1654,2022-04-22 18:08:00,OTLY
3.82,3.82,3.82,3.82,100,2022-04-22 18:09:00,OTLY
3.825,3.84,3.825,3.83,32958,2022-04-22 18:10:00,OTLY
3.835,3.84,3.835,3.84,2302,2022-04-22 18:11:00,OTLY
3.8407,3.845,3.8317,3.835,13090,2022-04-22 18:12:00,OTLY
3.83,3.83,3.83,3.83,350,2022-04-22 18:15:00,OTLY
3.83,3.8397,3.83,3.8312,29100,2022-04-22 18:16:00,OTLY
3.83,3.85,3.83,3.845,22263,2022-04-22 18:17:00,OTLY
3.845,3.855,3.845,3.855,5654,2022-04-22 18:18:00,OTLY
3.855,3.86,3.855,3.855,5008,2022-04-22 18:19:00,OTLY
3.86,3.86,3.855,3.855,1200,2022-04-22 18:20:00,OTLY
3.86,3.86,3.855,3.855,7650,2022-04-22 18:21:00,OTLY
3.8501,3.8583,3.8501,3.8583,2400,2022-04-22 18:22:00,OTLY
3.858,3.858,3.845,3.845,9627,2022-04-22 18:23:00,OTLY
3.845,3.845,3.845,3.845,745,2022-04-22 18:24:00,OTLY
3.845,3.845,3.845,3.845,300,2022-04-22 18:25:00,OTLY
3.84,3.845,3.84,3.84,300,2022-04-22 18:26:00,OTLY
3.84,3.845,3.835,3.84,25465,2022-04-22 18:27:00,OTLY
3.8499,3.8499,3.84,3.845,1987,2022-04-22 18:28:00,OTLY
3.845,3.848,3.84,3.848,5628,2022-04-22 18:29:00,OTLY
3.8499,3.85,3.845,3.845,13962,2022-04-22 18:30:00,OTLY
3.84,3.845,3.84,3.845,3251,2022-04-22 18:31:00,OTLY
3.84,3.84,3.835,3.84,22542,2022-04-22 18:32:00,OTLY
3.84,3.84,3.835,3.835,5013,2022-04-22 18:33:00,OTLY
3.83,3.83,3.83,3.83,300,2022-04-22 18:34:00,OTLY
3.83,3.835,3.83,3.835,1200,2022-04-22 18:35:00,OTLY
3.835,3.8499,3.835,3.8499,5032,2022-04-22 18:36:00,OTLY
3.84,3.84,3.835,3.835,5613,2022-04-22 18:37:00,OTLY
3.8393,3.8393,3.835,3.835,342,2022-04-22 18:38:00,OTLY
3.839,3.839,3.835,3.835,451,2022-04-22 18:39:00,OTLY
3.84,3.85,3.83,3.83,13646,2022-04-22 18:40:00,OTLY
3.83,3.84,3.83,3.84,5610,2022-04-22 18:41:00,OTLY
3.84,3.84,3.83,3.83,22427,2022-04-22 18:42:00,OTLY
3.8356,3.8356,3.8356,3.8356,200,2022-04-22 18:43:00,OTLY
3.8352,3.8388,3.8338,3.8338,2697,2022-04-22 18:44:00,OTLY
3.835,3.8395,3.835,3.8395,1010,2022-04-22 18:45:00,OTLY
3.835,3.84,3.833,3.833,2916,2022-04-22 18:46:00,OTLY
3.835,3.835,3.835,3.835,600,2022-04-22 18:47:00,OTLY
3.835,3.835,3.825,3.825,7072,2022-04-22 18:50:00,OTLY
3.825,3.825,3.825,3.825,500,2022-04-22 18:51:00,OTLY
3.825,3.825,3.825,3.825,500,2022-04-22 18:52:00,OTLY
3.825,3.83,3.825,3.825,3011,2022-04-22 18:53:00,OTLY
3.83,3.83,3.82,3.825,5522,2022-04-22 18:54:00,OTLY
3.83,3.83,3.82,3.82,1400,2022-04-22 18:55:00,OTLY
3.825,3.825,3.82,3.825,4000,2022-04-22 18:56:00,OTLY
3.825,3.83,3.82,3.82,1923,2022-04-22 18:57:00,OTLY
3.825,3.83,3.82,3.82,1750,2022-04-22 18:58:00,OTLY
3.829,3.835,3.825,3.835,3429,2022-04-22 18:59:00,OTLY
3.83,3.8349,3.83,3.83,1500,2022-04-22 19:00:00,OTLY
3.83,3.83,3.825,3.825,9157,2022-04-22 19:01:00,OTLY
3.825,3.825,3.825,3.825,500,2022-04-22 19:02:00,OTLY
3.825,3.8289,3.825,3.8288,460,2022-04-22 19:03:00,OTLY
3.8275,3.83,3.82,3.825,14600,2022-04-22 19:04:00,OTLY
3.82,3.83,3.82,3.825,11849,2022-04-22 19:05:00,OTLY
3.825,3.825,3.8201,3.8201,550,2022-04-22 19:06:00,OTLY
3.825,3.8299,3.825,3.8299,1234,2022-04-22 19:07:00,OTLY
3.83,3.83,3.825,3.825,2000,2022-04-22 19:08:00,OTLY
3.8258,3.8258,3.82,3.82,500,2022-04-22 19:09:00,OTLY
3.82,3.825,3.82,3.82,1500,2022-04-22 19:10:00,OTLY
3.8206,3.84,3.82,3.84,10297,2022-04-22 19:11:00,OTLY
3.84,3.84,3.835,3.835,15760,2022-04-22 19:12:00,OTLY
3.835,3.85,3.835,3.8429,17374,2022-04-22 19:13:00,OTLY
3.85,3.86,3.85,3.855,16557,2022-04-22 19:14:00,OTLY
3.855,3.855,3.85,3.855,1000,2022-04-22 19:15:00,OTLY
3.855,3.865,3.855,3.8613,13721,2022-04-22 19:16:00,OTLY
3.86,3.86,3.855,3.855,13450,2022-04-22 19:17:00,OTLY
3.859,3.86,3.85,3.85,1892,2022-04-22 19:18:00,OTLY
3.8509,3.8553,3.8509,3.8553,3100,2022-04-22 19:19:00,OTLY
3.8594,3.8594,3.85,3.85,2967,2022-04-22 19:20:00,OTLY
3.855,3.86,3.845,3.845,10412,2022-04-22 19:21:00,OTLY
3.845,3.845,3.845,3.845,482,2022-04-22 19:22:00,OTLY
3.84,3.84,3.835,3.835,13566,2022-04-22 19:24:00,OTLY
3.835,3.845,3.835,3.845,23775,2022-04-22 19:25:00,OTLY
3.8499,3.85,3.84,3.848,14142,2022-04-22 19:26:00,OTLY
3.845,3.845,3.84,3.8404,16000,2022-04-22 19:27:00,OTLY
3.84,3.8489,3.84,3.845,700,2022-04-22 19:28:00,OTLY
3.845,3.85,3.845,3.85,1200,2022-04-22 19:29:00,OTLY
3.845,3.85,3.84,3.845,10294,2022-04-22 19:30:00,OTLY
3.85,3.86,3.85,3.855,6652,2022-04-22 19:31:00,OTLY
3.86,3.865,3.855,3.865,6517,2022-04-22 19:32:00,OTLY
3.865,3.87,3.865,3.865,2670,2022-04-22 19:33:00,OTLY
3.865,3.87,3.865,3.87,800,2022-04-22 19:34:00,OTLY
3.865,3.8787,3.865,3.87,4733,2022-04-22 19:35:00,OTLY
3.875,3.875,3.86,3.865,16743,2022-04-22 19:36:00,OTLY
3.865,3.87,3.86,3.86,6072,2022-04-22 19:37:00,OTLY
3.87,3.87,3.86,3.86,200,2022-04-22 19:38:00,OTLY
3.865,3.865,3.8601,3.865,4678,2022-04-22 19:39:00,OTLY
3.865,3.865,3.855,3.855,16687,2022-04-22 19:40:00,OTLY
3.855,3.859,3.855,3.855,3284,2022-04-22 19:41:00,OTLY
3.855,3.855,3.85,3.85,9842,2022-04-22 19:42:00,OTLY
3.85,3.85,3.845,3.8487,12840,2022-04-22 19:43:00,OTLY
3.8497,3.8497,3.845,3.845,8106,2022-04-22 19:44:00,OTLY
3.845,3.845,3.84,3.84,1740,2022-04-22 19:45:00,OTLY
3.84,3.84,3.82,3.82,17274,2022-04-22 19:46:00,OTLY
3.825,3.825,3.825,3.825,1089,2022-04-22 19:47:00,OTLY
3.825,3.825,3.82,3.82,703,2022-04-22 19:48:00,OTLY
3.82,3.825,3.82,3.82,3694,2022-04-22 19:49:00,OTLY
3.825,3.825,3.82,3.825,2147,2022-04-22 19:50:00,OTLY
3.82,3.825,3.81,3.815,80338,2022-04-22 19:51:00,OTLY
3.81,3.82,3.81,3.815,17235,2022-04-22 19:52:00,OTLY
3.815,3.819,3.81,3.815,5799,2022-04-22 19:53:00,OTLY
3.815,3.8196,3.81,3.815,11457,2022-04-22 19:54:00,OTLY
3.81,3.8187,3.81,3.815,6725,2022-04-22 19:55:00,OTLY
3.81,3.819,3.81,3.815,4970,2022-04-22 19:56:00,OTLY
3.815,3.83,3.81,3.83,40544,2022-04-22 19:57:00,OTLY
3.83,3.84,3.83,3.84,74362,2022-04-22 19:58:00,OTLY
3.84,3.84,3.8325,3.835,6924,2022-04-22 19:59:00,OTLY
3.83,3.83,3.83,3.83,61890,2022-04-22 20:00:00,OTLY
3.82,3.82,3.82,3.82,300,2022-04-22 20:06:00,OTLY
3.82,3.82,3.82,3.82,100,2022-04-22 20:13:00,OTLY
3.82,3.82,3.82,3.82,1000,2022-04-22 20:20:00,OTLY
3.82,3.82,3.82,3.82,110,2022-04-22 20:25:00,OTLY
3.89,3.89,3.89,3.89,650,2022-04-22 20:34:00,OTLY
3.83,3.83,3.83,3.83,160,2022-04-22 20:47:00,OTLY
3.83,3.83,3.83,3.83,58214,2022-04-22 20:50:00,OTLY
3.8899,3.8899,3.8899,3.8899,500,2022-04-22 20:58:00,OTLY
3.89,3.89,3.89,3.89,100,2022-04-22 21:03:00,OTLY
3.83,3.83,3.83,3.83,9612,2022-04-22 21:05:00,OTLY
3.89,3.89,3.89,3.89,100,2022-04-22 21:06:00,OTLY
3.82,3.82,3.82,3.82,388,2022-04-22 21:08:00,OTLY
3.8899,3.89,3.8899,3.89,1650,2022-04-22 21:13:00,OTLY
3.8899,3.8899,3.8899,3.8899,500,2022-04-22 21:15:00,OTLY
3.89,3.89,3.89,3.89,100,2022-04-22 21:23:00,OTLY
3.8899,3.8899,3.8899,3.8899,100,2022-04-22 21:28:00,OTLY
3.89,3.89,3.89,3.89,500,2022-04-22 21:35:00,OTLY
3.89,3.89,3.89,3.89,100,2022-04-22 21:40:00,OTLY
3.89,3.89,3.89,3.89,200,2022-04-22 21:52:00,OTLY
3.85,3.85,3.85,3.85,100,2022-04-22 21:57:00,OTLY
3.9,3.9,3.9,3.9,250,2022-04-22 22:15:00,OTLY
3.89,3.89,3.89,3.89,300,2022-04-22 22:18:00,OTLY
3.9,3.9,3.9,3.9,500,2022-04-22 22:25:00,OTLY
3.89,3.89,3.89,3.89,125,2022-04-22 22:37:00,OTLY
3.87,3.87,3.87,3.87,100,2022-04-22 23:21:00,OTLY
3.85,3.85,3.85,3.85,350,2022-04-22 23:38:00,OTLY
3.85,3.85,3.85,3.85,143,2022-04-22 23:39:00,OTLY
3.87,3.87,3.87,3.87,200,2022-04-22 23:50:00,OTLY
3.87,3.87,3.87,3.87,100,2022-04-22 23:56:00,OTLY
3.86,3.86,3.86,3.86,200,2022-04-25 10:11:00,OTLY
3.82,3.82,3.82,3.82,990,2022-04-25 10:49:00,OTLY
3.82,3.82,3.82,3.82,100,2022-04-25 10:52:00,OTLY
3.81,3.81,3.81,3.81,100,2022-04-25 11:23:00,OTLY
3.82,3.82,3.82,3.82,100,2022-04-25 11:52:00,OTLY
3.81,3.81,3.81,3.81,100,2022-04-25 11:55:00,OTLY
3.8,3.8,3.8,3.8,497,2022-04-25 11:58:00,OTLY
3.8,3.8,3.8,3.8,935,2022-04-25 12:03:00,OTLY
3.79,3.79,3.79,3.79,100,2022-04-25 12:08:00,OTLY
3.77,3.77,3.77,3.77,706,2022-04-25 12:16:00,OTLY
3.78,3.78,3.78,3.78,5189,2022-04-25 12:20:00,OTLY
3.79,3.79,3.79,3.79,100,2022-04-25 12:28:00,OTLY
3.81,3.81,3.81,3.81,162,2022-04-25 12:29:00,OTLY
3.8,3.8,3.8,3.8,100,2022-04-25 12:35:00,OTLY
3.8,3.8,3.79,3.79,200,2022-04-25 12:36:00,OTLY
3.79,3.79,3.79,3.79,100,2022-04-25 12:45:00,OTLY
3.79,3.79,3.79,3.79,100,2022-04-25 12:46:00,OTLY
3.78,3.78,3.78,3.78,300,2022-04-25 12:50:00,OTLY
3.79,3.79,3.79,3.79,110,2022-04-25 12:51:00,OTLY
3.79,3.79,3.7899,3.79,1200,2022-04-25 12:56:00,OTLY
3.79,3.79,3.79,3.79,200,2022-04-25 12:58:00,OTLY
3.79,3.79,3.79,3.79,130,2022-04-25 13:10:00,OTLY
3.79,3.79,3.78,3.78,650,2022-04-25 13:15:00,OTLY
3.8,3.8,3.8,3.8,100,2022-04-25 13:21:00,OTLY
3.82,3.82,3.791,3.81,44137,2022-04-25 13:30:00,OTLY
3.795,3.805,3.795,3.8,15412,2022-04-25 13:31:00,OTLY
3.8,3.8388,3.79,3.83,23191,2022-04-25 13:32:00,OTLY
3.82,3.8299,3.8,3.8212,23629,2022-04-25 13:33:00,OTLY
3.83,3.84,3.805,3.8111,16749,2022-04-25 13:34:00,OTLY
3.82,3.83,3.82,3.82,21699,2022-04-25 13:35:00,OTLY
3.81,3.8375,3.805,3.82,33085,2022-04-25 13:36:00,OTLY
3.83,3.87,3.83,3.865,8867,2022-04-25 13:37:00,OTLY
3.87,3.88,3.85,3.855,18141,2022-04-25 13:38:00,OTLY
3.86,3.86,3.8488,3.86,6837,2022-04-25 13:39:00,OTLY
3.87,3.88,3.8693,3.87,7917,2022-04-25 13:40:00,OTLY
3.87,3.8799,3.8693,3.8763,6589,2022-04-25 13:41:00,OTLY
3.87,3.89,3.865,3.885,28374,2022-04-25 13:42:00,OTLY
3.885,3.92,3.885,3.92,63627,2022-04-25 13:43:00,OTLY
3.91,3.92,3.8868,3.8868,9289,2022-04-25 13:44:00,OTLY
3.875,3.875,3.855,3.859,2286,2022-04-25 13:45:00,OTLY
3.8503,3.86,3.8425,3.85,20185,2022-04-25 13:46:00,OTLY
3.8412,3.8412,3.83,3.8388,6842,2022-04-25 13:47:00,OTLY
3.84,3.84,3.8,3.8,9868,2022-04-25 13:48:00,OTLY
3.81,3.83,3.8,3.8249,14242,2022-04-25 13:49:00,OTLY
3.825,3.825,3.81,3.825,25116,2022-04-25 13:50:00,OTLY
3.8299,3.8299,3.805,3.815,11919,2022-04-25 13:51:00,OTLY
3.815,3.8194,3.8101,3.815,7420,2022-04-25 13:52:00,OTLY
3.81,3.82,3.805,3.8175,21732,2022-04-25 13:53:00,OTLY
3.82,3.82,3.8,3.805,11880,2022-04-25 13:54:00,OTLY
3.8,3.815,3.8,3.815,9248,2022-04-25 13:55:00,OTLY
3.811,3.8181,3.805,3.805,5160,2022-04-25 13:56:00,OTLY
3.805,3.805,3.8,3.8,1000,2022-04-25 13:57:00,OTLY
3.8,3.8,3.78,3.78,10711,2022-04-25 13:58:00,OTLY
3.78,3.785,3.76,3.76,12456,2022-04-25 13:59:00,OTLY
3.77,3.78,3.76,3.76,22557,2022-04-25 14:00:00,OTLY
3.765,3.78,3.765,3.765,56222,2022-04-25 14:01:00,OTLY
3.765,3.765,3.76,3.765,3291,2022-04-25 14:02:00,OTLY
3.76,3.7681,3.755,3.7656,51893,2022-04-25 14:03:00,OTLY
3.77,3.775,3.76,3.77,18133,2022-04-25 14:04:00,OTLY
3.7797,3.7797,3.76,3.76,19522,2022-04-25 14:05:00,OTLY
3.7601,3.77,3.76,3.7607,13245,2022-04-25 14:06:00,OTLY
3.765,3.77,3.7649,3.765,10093,2022-04-25 14:07:00,OTLY
3.765,3.7688,3.76,3.765,11776,2022-04-25 14:08:00,OTLY
3.765,3.79,3.76,3.785,62619,2022-04-25 14:09:00,OTLY
3.78,3.78,3.77,3.7796,24245,2022-04-25 14:10:00,OTLY
3.78,3.79,3.775,3.785,6370,2022-04-25 14:11:00,OTLY
3.78,3.78,3.77,3.77,12244,2022-04-25 14:12:00,OTLY
3.765,3.7663,3.765,3.7663,1171,2022-04-25 14:13:00,OTLY
3.76,3.765,3.76,3.76,8795,2022-04-25 14:14:00,OTLY
3.76,3.7699,3.75,3.75,21367,2022-04-25 14:15:00,OTLY
3.75,3.7599,3.745,3.75,48282,2022-04-25 14:16:00,OTLY
3.755,3.755,3.7425,3.7499,12663,2022-04-25 14:17:00,OTLY
3.745,3.75,3.74,3.7406,17725,2022-04-25 14:18:00,OTLY
3.745,3.75,3.7319,3.745,25831,2022-04-25 14:19:00,OTLY
3.745,3.745,3.735,3.735,1840,2022-04-25 14:20:00,OTLY
3.735,3.7392,3.732,3.735,7015,2022-04-25 14:21:00,OTLY
3.735,3.74,3.73,3.7332,13223,2022-04-25 14:22:00,OTLY
3.735,3.735,3.73,3.73,18197,2022-04-25 14:23:00,OTLY
3.725,3.77,3.725,3.765,32342,2022-04-25 14:24:00,OTLY
3.77,3.79,3.77,3.78,6013,2022-04-25 14:25:00,OTLY
3.785,3.785,3.785,3.785,100,2022-04-25 14:26:00,OTLY
3.785,3.805,3.785,3.805,9985,2022-04-25 14:27:00,OTLY
3.81,3.86,3.8012,3.86,73539,2022-04-25 14:28:00,OTLY
3.86,3.86,3.84,3.845,12463,2022-04-25 14:29:00,OTLY
3.845,3.86,3.845,3.86,16854,2022-04-25 14:30:00,OTLY
3.86,3.87,3.86,3.8602,7859,2022-04-25 14:31:00,OTLY
3.8696,3.87,3.855,3.86,11470,2022-04-25 14:32:00,OTLY
3.86,3.87,3.85,3.8512,21275,2022-04-25 14:33:00,OTLY
3.855,3.86,3.855,3.86,5743,2022-04-25 14:34:00,OTLY
3.865,3.865,3.8501,3.8501,12165,2022-04-25 14:35:00,OTLY
3.86,3.86,3.8511,3.855,788,2022-04-25 14:36:00,OTLY
3.855,3.8599,3.85,3.8599,8667,2022-04-25 14:37:00,OTLY
3.8501,3.86,3.8501,3.855,27551,2022-04-25 14:38:00,OTLY
3.855,3.855,3.85,3.855,3596,2022-04-25 14:39:00,OTLY
3.85,3.85,3.8312,3.8312,12205,2022-04-25 14:40:00,OTLY
3.835,3.835,3.82,3.82,9015,2022-04-25 14:41:00,OTLY
3.82,3.82,3.81,3.81,14456,2022-04-25 14:42:00,OTLY
3.81,3.82,3.81,3.8108,12405,2022-04-25 14:43:00,OTLY
3.8108,3.82,3.81,3.81,5361,2022-04-25 14:44:00,OTLY
3.81,3.8115,3.81,3.81,2044,2022-04-25 14:45:00,OTLY
3.815,3.815,3.78,3.78,4337,2022-04-25 14:46:00,OTLY
3.785,3.79,3.78,3.785,12149,2022-04-25 14:47:00,OTLY
3.785,3.79,3.78,3.78,10411,2022-04-25 14:48:00,OTLY
3.78,3.785,3.775,3.78,9923,2022-04-25 14:49:00,OTLY
3.785,3.8,3.785,3.79,27911,2022-04-25 14:50:00,OTLY
3.79,3.79,3.775,3.775,24991,2022-04-25 14:51:00,OTLY
3.77,3.773,3.76,3.76,14492,2022-04-25 14:52:00,OTLY
3.76,3.76,3.76,3.76,10120,2022-04-25 14:53:00,OTLY
3.76,3.7611,3.76,3.76,2790,2022-04-25 14:54:00,OTLY
3.76,3.76,3.75,3.755,5960,2022-04-25 14:55:00,OTLY
3.75,3.755,3.745,3.745,18718,2022-04-25 14:56:00,OTLY
3.755,3.76,3.755,3.755,6780,2022-04-25 14:57:00,OTLY
3.755,3.755,3.7511,3.7511,600,2022-04-25 14:58:00,OTLY
3.75,3.75,3.74,3.74,14321,2022-04-25 14:59:00,OTLY
3.74,3.745,3.74,3.74,6500,2022-04-25 15:00:00,OTLY
3.745,3.75,3.74,3.74,4469,2022-04-25 15:01:00,OTLY
3.7411,3.7487,3.74,3.74,2000,2022-04-25 15:02:00,OTLY
3.74,3.755,3.74,3.755,22075,2022-04-25 15:03:00,OTLY
3.755,3.755,3.755,3.755,400,2022-04-25 15:04:00,OTLY
3.75,3.75,3.745,3.745,29821,2022-04-25 15:05:00,OTLY
3.745,3.76,3.745,3.7541,28206,2022-04-25 15:06:00,OTLY
3.755,3.76,3.755,3.758,421,2022-04-25 15:07:00,OTLY
3.755,3.7597,3.7509,3.7509,1486,2022-04-25 15:08:00,OTLY
3.755,3.76,3.75,3.755,2032,2022-04-25 15:09:00,OTLY
3.755,3.765,3.755,3.76,15128,2022-04-25 15:10:00,OTLY
3.765,3.765,3.755,3.76,31421,2022-04-25 15:11:00,OTLY
3.755,3.77,3.755,3.765,25080,2022-04-25 15:12:00,OTLY
3.77,3.79,3.765,3.77,44874,2022-04-25 15:13:00,OTLY
3.765,3.77,3.765,3.765,3610,2022-04-25 15:14:00,OTLY
3.76,3.76,3.755,3.755,1432,2022-04-25 15:15:00,OTLY
3.75,3.76,3.75,3.76,2883,2022-04-25 15:16:00,OTLY
3.755,3.765,3.755,3.76,12161,2022-04-25 15:17:00,OTLY
3.76,3.76,3.76,3.76,100,2022-04-25 15:18:00,OTLY
3.7699,3.7699,3.755,3.755,8689,2022-04-25 15:19:00,OTLY
3.755,3.775,3.755,3.775,12594,2022-04-25 15:20:00,OTLY
3.77,3.775,3.77,3.775,2790,2022-04-25 15:21:00,OTLY
3.775,3.7899,3.775,3.78,13920,2022-04-25 15:22:00,OTLY
3.78,3.785,3.78,3.785,1750,2022-04-25 15:23:00,OTLY
3.78,3.785,3.78,3.78,3637,2022-04-25 15:24:00,OTLY
3.785,3.8,3.7809,3.795,29836,2022-04-25 15:25:00,OTLY
3.79,3.79,3.78,3.78,15357,2022-04-25 15:26:00,OTLY
3.785,3.785,3.78,3.78,4373,2022-04-25 15:27:00,OTLY
3.78,3.78,3.77,3.77,9736,2022-04-25 15:28:00,OTLY
3.77,3.7701,3.76,3.76,13716,2022-04-25 15:29:00,OTLY
3.765,3.77,3.76,3.76,13220,2022-04-25 15:30:00,OTLY
3.76,3.7657,3.75,3.7657,19130,2022-04-25 15:31:00,OTLY
3.76,3.761,3.76,3.761,500,2022-04-25 15:32:00,OTLY
3.765,3.765,3.76,3.765,1400,2022-04-25 15:33:00,OTLY
3.765,3.77,3.765,3.765,11314,2022-04-25 15:34:00,OTLY
3.765,3.785,3.765,3.785,26056,2022-04-25 15:35:00,OTLY
3.785,3.79,3.775,3.785,16213,2022-04-25 15:36:00,OTLY
3.785,3.785,3.775,3.78,8190,2022-04-25 15:37:00,OTLY
3.775,3.785,3.775,3.78,21774,2022-04-25 15:38:00,OTLY
3.78,3.785,3.771,3.78,10490,2022-04-25 15:39:00,OTLY
3.79,3.795,3.78,3.785,25683,2022-04-25 15:40:00,OTLY
3.795,3.795,3.795,3.795,700,2022-04-25 15:41:00,OTLY
3.79,3.795,3.79,3.795,3069,2022-04-25 15:42:00,OTLY
3.795,3.795,3.79,3.79,300,2022-04-25 15:43:00,OTLY
3.79,3.79,3.775,3.775,25018,2022-04-25 15:44:00,OTLY
3.775,3.78,3.77,3.77,7634,2022-04-25 15:45:00,OTLY
3.77,3.775,3.76,3.76,3400,2022-04-25 15:46:00,OTLY
3.76,3.7673,3.76,3.76,2572,2022-04-25 15:47:00,OTLY
3.76,3.765,3.76,3.76,19315,2022-04-25 15:48:00,OTLY
3.765,3.765,3.76,3.765,2334,2022-04-25 15:49:00,OTLY
3.76,3.765,3.75,3.755,7665,2022-04-25 15:50:00,OTLY
3.75,3.765,3.75,3.765,21424,2022-04-25 15:51:00,OTLY
3.765,3.77,3.76,3.7603,3772,2022-04-25 15:52:00,OTLY
3.76,3.77,3.76,3.77,4350,2022-04-25 15:53:00,OTLY
3.765,3.77,3.765,3.77,6724,2022-04-25 15:54:00,OTLY
3.77,3.775,3.765,3.775,10837,2022-04-25 15:55:00,OTLY
3.775,3.775,3.775,3.775,2500,2022-04-25 15:56:00,OTLY
3.77,3.775,3.77,3.775,2470,2022-04-25 15:57:00,OTLY
3.7763,3.7763,3.77,3.775,1679,2022-04-25 15:58:00,OTLY
3.775,3.775,3.77,3.77,400,2022-04-25 15:59:00,OTLY
3.775,3.775,3.75,3.75,15354,2022-04-25 16:00:00,OTLY
3.75,3.755,3.75,3.75,7953,2022-04-25 16:01:00,OTLY
3.755,3.755,3.75,3.75,1074,2022-04-25 16:02:00,OTLY
3.75,3.75,3.75,3.75,1132,2022-04-25 16:03:00,OTLY
3.75,3.75,3.7401,3.745,6100,2022-04-25 16:04:00,OTLY
3.745,3.755,3.745,3.755,22066,2022-04-25 16:05:00,OTLY
3.75,3.765,3.75,3.765,7128,2022-04-25 16:06:00,OTLY
3.765,3.775,3.765,3.775,2770,2022-04-25 16:07:00,OTLY
3.775,3.78,3.77,3.775,9851,2022-04-25 16:08:00,OTLY
3.775,3.7799,3.77,3.7712,14462,2022-04-25 16:09:00,OTLY
3.775,3.775,3.77,3.775,1571,2022-04-25 16:10:00,OTLY
3.775,3.785,3.77,3.77,35159,2022-04-25 16:11:00,OTLY
3.775,3.775,3.775,3.775,162,2022-04-25 16:12:00,OTLY
3.7701,3.775,3.77,3.77,9700,2022-04-25 16:13:00,OTLY
3.775,3.775,3.775,3.775,200,2022-04-25 16:14:00,OTLY
3.7775,3.7775,3.775,3.775,300,2022-04-25 16:15:00,OTLY
3.775,3.7999,3.775,3.79,49621,2022-04-25 16:16:00,OTLY
3.78,3.7801,3.78,3.7801,2233,2022-04-25 16:17:00,OTLY
3.7812,3.7812,3.77,3.7727,4270,2022-04-25 16:18:00,OTLY
3.77,3.7701,3.77,3.77,1766,2022-04-25 16:19:00,OTLY
3.77,3.78,3.77,3.775,5229,2022-04-25 16:20:00,OTLY
3.775,3.775,3.77,3.77,2404,2022-04-25 16:21:00,OTLY
3.77,3.77,3.765,3.7699,7617,2022-04-25 16:22:00,OTLY
3.765,3.77,3.76,3.765,14149,2022-04-25 16:23:00,OTLY
3.76,3.77,3.76,3.7656,3538,2022-04-25 16:24:00,OTLY
3.76,3.785,3.76,3.785,22629,2022-04-25 16:25:00,OTLY
3.78,3.78,3.775,3.7764,3917,2022-04-25 16:26:00,OTLY
3.775,3.7788,3.77,3.775,2612,2022-04-25 16:27:00,OTLY
3.775,3.775,3.77,3.77,988,2022-04-25 16:28:00,OTLY
3.775,3.775,3.775,3.775,100,2022-04-25 16:29:00,OTLY
3.775,3.775,3.775,3.775,3140,2022-04-25 16:30:00,OTLY
3.77,3.775,3.77,3.77,900,2022-04-25 16:31:00,OTLY
3.78,3.78,3.775,3.78,11765,2022-04-25 16:32:00,OTLY
3.78,3.78,3.77,3.775,10466,2022-04-25 16:33:00,OTLY
3.775,3.78,3.775,3.775,2584,2022-04-25 16:34:00,OTLY
3.778,3.7796,3.775,3.775,11940,2022-04-25 16:35:00,OTLY
3.775,3.78,3.77,3.775,9939,2022-04-25 16:36:00,OTLY
3.775,3.775,3.77,3.77,3200,2022-04-25 16:37:00,OTLY
3.775,3.7788,3.77,3.77,2945,2022-04-25 16:38:00,OTLY
3.77,3.775,3.76,3.765,30813,2022-04-25 16:39:00,OTLY
3.76,3.7699,3.76,3.76,4829,2022-04-25 16:40:00,OTLY
3.765,3.7771,3.76,3.7771,12711,2022-04-25 16:41:00,OTLY
3.775,3.775,3.775,3.775,598,2022-04-25 16:42:00,OTLY
3.775,3.775,3.775,3.775,142,2022-04-25 16:43:00,OTLY
3.775,3.775,3.77,3.77,6300,2022-04-25 16:44:00,OTLY
3.775,3.775,3.7707,3.7707,5100,2022-04-25 16:45:00,OTLY
3.775,3.775,3.775,3.775,1115,2022-04-25 16:46:00,OTLY
3.77,3.775,3.765,3.765,12106,2022-04-25 16:47:00,OTLY
3.7602,3.77,3.76,3.76,3540,2022-04-25 16:48:00,OTLY
3.76,3.78,3.76,3.775,29819,2022-04-25 16:49:00,OTLY
3.775,3.79,3.775,3.79,21135,2022-04-25 16:50:00,OTLY
3.7999,3.7999,3.785,3.79,6882,2022-04-25 16:51:00,OTLY
3.785,3.8,3.785,3.7912,12991,2022-04-25 16:52:00,OTLY
3.7901,3.795,3.79,3.79,8482,2022-04-25 16:53:00,OTLY
3.78,3.78,3.775,3.775,2800,2022-04-25 16:54:00,OTLY
3.775,3.775,3.775,3.775,100,2022-04-25 16:55:00,OTLY
3.7799,3.7799,3.765,3.765,1440,2022-04-25 16:56:00,OTLY
3.7695,3.7695,3.7695,3.7695,140,2022-04-25 16:57:00,OTLY
3.765,3.77,3.765,3.77,1600,2022-04-25 16:58:00,OTLY
3.76,3.7692,3.76,3.76,1000,2022-04-25 16:59:00,OTLY
3.76,3.77,3.75,3.75,7160,2022-04-25 17:00:00,OTLY
3.75,3.75,3.74,3.74,6983,2022-04-25 17:01:00,OTLY
3.745,3.745,3.745,3.745,3041,2022-04-25 17:02:00,OTLY
3.75,3.75,3.74,3.745,3100,2022-04-25 17:03:00,OTLY
3.745,3.745,3.74,3.74,200,2022-04-25 17:04:00,OTLY
3.745,3.745,3.74,3.74,4170,2022-04-25 17:05:00,OTLY
3.74,3.7488,3.74,3.745,4758,2022-04-25 17:06:00,OTLY
3.745,3.755,3.74,3.755,21548,2022-04-25 17:07:00,OTLY
3.75,3.755,3.75,3.755,1050,2022-04-25 17:08:00,OTLY
3.755,3.76,3.75,3.75,2017,2022-04-25 17:09:00,OTLY
3.755,3.755,3.755,3.755,300,2022-04-25 17:10:00,OTLY
3.755,3.765,3.755,3.765,18651,2022-04-25 17:11:00,OTLY
3.765,3.77,3.765,3.765,5100,2022-04-25 17:12:00,OTLY
3.765,3.7694,3.76,3.765,2575,2022-04-25 17:13:00,OTLY
3.77,3.778,3.765,3.775,10225,2022-04-25 17:14:00,OTLY
3.775,3.78,3.775,3.775,6530,2022-04-25 17:15:00,OTLY
3.775,3.79,3.775,3.785,12786,2022-04-25 17:16:00,OTLY
3.7863,3.7863,3.78,3.785,800,2022-04-25 17:17:00,OTLY
3.785,3.785,3.785,3.785,1977,2022-04-25 17:18:00,OTLY
3.785,3.7895,3.78,3.785,18128,2022-04-25 17:19:00,OTLY
3.785,3.79,3.785,3.785,10902,2022-04-25 17:20:00,OTLY
3.785,3.785,3.785,3.785,1388,2022-04-25 17:21:00,OTLY
3.785,3.7895,3.7812,3.7895,1317,2022-04-25 17:22:00,OTLY
3.785,3.785,3.78,3.785,1622,2022-04-25 17:23:00,OTLY
3.785,3.785,3.785,3.785,270,2022-04-25 17:24:00,OTLY
3.785,3.785,3.781,3.781,798,2022-04-25 17:25:00,OTLY
3.78,3.785,3.76,3.76,15711,2022-04-25 17:26:00,OTLY
3.76,3.7601,3.755,3.755,6001,2022-04-25 17:27:00,OTLY
3.75,3.755,3.75,3.75,2204,2022-04-25 17:28:00,OTLY
3.76,3.77,3.75,3.765,82695,2022-04-25 17:29:00,OTLY
3.765,3.7884,3.76,3.78,25397,2022-04-25 17:30:00,OTLY
3.785,3.785,3.775,3.775,6900,2022-04-25 17:31:00,OTLY
3.78,3.78,3.77,3.77,1400,2022-04-25 17:32:00,OTLY
3.77,3.77,3.765,3.77,4247,2022-04-25 17:33:00,OTLY
3.7692,3.77,3.765,3.765,2395,2022-04-25 17:34:00,OTLY
3.765,3.7687,3.76,3.76,23200,2022-04-25 17:36:00,OTLY
3.76,3.765,3.76,3.765,1300,2022-04-25 17:37:00,OTLY
3.7612,3.765,3.76,3.76,1700,2022-04-25 17:38:00,OTLY
3.76,3.765,3.755,3.765,22819,2022-04-25 17:39:00,OTLY
3.7696,3.7899,3.765,3.7899,27087,2022-04-25 17:40:00,OTLY
3.785,3.79,3.78,3.785,4827,2022-04-25 17:41:00,OTLY
3.785,3.79,3.785,3.79,4934,2022-04-25 17:42:00,OTLY
3.795,3.795,3.795,3.795,1100,2022-04-25 17:43:00,OTLY
3.8,3.81,3.795,3.81,11934,2022-04-25 17:44:00,OTLY
3.8091,3.82,3.8091,3.815,11184,2022-04-25 17:45:00,OTLY
3.82,3.82,3.815,3.815,17532,2022-04-25 17:46:00,OTLY
3.81,3.815,3.805,3.805,7404,2022-04-25 17:47:00,OTLY
3.805,3.82,3.805,3.815,7093,2022-04-25 17:48:00,OTLY
3.815,3.82,3.8112,3.815,5629,2022-04-25 17:49:00,OTLY
3.82,3.83,3.82,3.8261,4979,2022-04-25 17:50:00,OTLY
3.82,3.8207,3.82,3.8207,6800,2022-04-25 17:51:00,OTLY
3.8209,3.83,3.8201,3.825,6268,2022-04-25 17:52:00,OTLY
3.825,3.83,3.825,3.825,11178,2022-04-25 17:53:00,OTLY
3.825,3.825,3.82,3.82,3880,2022-04-25 17:54:00,OTLY
3.8233,3.825,3.82,3.82,1822,2022-04-25 17:55:00,OTLY
3.81,3.81,3.81,3.81,600,2022-04-25 17:56:00,OTLY
3.81,3.815,3.8,3.8,1464,2022-04-25 17:57:00,OTLY
3.8,3.81,3.8,3.8,2600,2022-04-25 17:58:00,OTLY
3.805,3.805,3.8,3.8,2600,2022-04-25 17:59:00,OTLY
3.8,3.8054,3.8,3.8,1050,2022-04-25 18:00:00,OTLY
3.8,3.8,3.79,3.79,5280,2022-04-25 18:01:00,OTLY
3.79,3.795,3.78,3.78,3666,2022-04-25 18:02:00,OTLY
3.78,3.78,3.78,3.78,2600,2022-04-25 18:03:00,OTLY
3.78,3.78,3.77,3.77,14005,2022-04-25 18:04:00,OTLY
3.77,3.79,3.77,3.785,19620,2022-04-25 18:05:00,OTLY
3.7885,3.79,3.785,3.785,2934,2022-04-25 18:06:00,OTLY
3.7888,3.79,3.785,3.785,3029,2022-04-25 18:07:00,OTLY
3.785,3.795,3.78,3.795,4170,2022-04-25 18:08:00,OTLY
3.795,3.805,3.795,3.8,20910,2022-04-25 18:10:00,OTLY
3.79,3.795,3.78,3.7897,8400,2022-04-25 18:11:00,OTLY
3.785,3.795,3.785,3.795,14567,2022-04-25 18:13:00,OTLY
3.795,3.795,3.795,3.795,5490,2022-04-25 18:15:00,OTLY
3.795,3.7999,3.795,3.7999,3381,2022-04-25 18:16:00,OTLY
3.795,3.805,3.795,3.805,15944,2022-04-25 18:17:00,OTLY
3.805,3.8088,3.805,3.805,1157,2022-04-25 18:18:00,OTLY
3.805,3.81,3.805,3.81,1383,2022-04-25 18:19:00,OTLY
3.8,3.805,3.8,3.805,500,2022-04-25 18:20:00,OTLY
3.805,3.825,3.805,3.825,18787,2022-04-25 18:21:00,OTLY
3.825,3.83,3.815,3.815,11637,2022-04-25 18:22:00,OTLY
3.815,3.83,3.815,3.825,9277,2022-04-25 18:23:00,OTLY
3.8268,3.8268,3.82,3.825,950,2022-04-25 18:24:00,OTLY
3.825,3.8299,3.825,3.8299,300,2022-04-25 18:25:00,OTLY
3.82,3.82,3.82,3.82,200,2022-04-25 18:27:00,OTLY
3.83,3.83,3.825,3.825,2300,2022-04-25 18:28:00,OTLY
3.8264,3.8264,3.825,3.825,1350,2022-04-25 18:29:00,OTLY
3.825,3.825,3.82,3.82,4384,2022-04-25 18:30:00,OTLY
3.825,3.825,3.82,3.82,1607,2022-04-25 18:31:00,OTLY
3.825,3.825,3.82,3.825,600,2022-04-25 18:32:00,OTLY
3.825,3.825,3.8141,3.815,14364,2022-04-25 18:33:00,OTLY
3.815,3.8196,3.81,3.81,12296,2022-04-25 18:34:00,OTLY
3.815,3.815,3.81,3.81,1300,2022-04-25 18:35:00,OTLY
3.81,3.8199,3.81,3.81,5700,2022-04-25 18:36:00,OTLY
3.8137,3.8137,3.81,3.81,700,2022-04-25 18:37:00,OTLY
3.81,3.81,3.8,3.8,3959,2022-04-25 18:38:00,OTLY
3.8,3.81,3.79,3.805,35274,2022-04-25 18:39:00,OTLY
3.8013,3.8088,3.8,3.8088,2950,2022-04-25 18:40:00,OTLY
3.805,3.81,3.805,3.805,4782,2022-04-25 18:42:00,OTLY
3.805,3.805,3.8,3.8,1979,2022-04-25 18:43:00,OTLY
3.8,3.8,3.8,3.8,600,2022-04-25 18:44:00,OTLY
3.8,3.8,3.79,3.795,6815,2022-04-25 18:45:00,OTLY
3.795,3.815,3.795,3.815,26267,2022-04-25 18:46:00,OTLY
3.815,3.82,3.815,3.815,4283,2022-04-25 18:47:00,OTLY
3.82,3.825,3.815,3.825,6081,2022-04-25 18:48:00,OTLY
3.825,3.835,3.825,3.835,3500,2022-04-25 18:49:00,OTLY
3.83,3.83,3.83,3.83,482,2022-04-25 18:51:00,OTLY
3.8388,3.8388,3.825,3.825,7865,2022-04-25 18:52:00,OTLY
3.8213,3.83,3.8213,3.825,900,2022-04-25 18:53:00,OTLY
3.825,3.825,3.825,3.825,3200,2022-04-25 18:54:00,OTLY
3.82,3.82,3.82,3.82,952,2022-04-25 18:55:00,OTLY
3.82,3.82,3.81,3.81,10032,2022-04-25 18:56:00,OTLY
3.81,3.82,3.81,3.81,8968,2022-04-25 18:57:00,OTLY
3.81,3.81,3.8,3.8,10325,2022-04-25 18:58:00,OTLY
3.8,3.81,3.8,3.8,2000,2022-04-25 18:59:00,OTLY
3.8,3.8,3.79,3.79,5000,2022-04-25 19:00:00,OTLY
3.79,3.79,3.78,3.78,1807,2022-04-25 19:01:00,OTLY
3.78,3.7801,3.78,3.7801,5700,2022-04-25 19:02:00,OTLY
3.78,3.78,3.77,3.77,5055,2022-04-25 19:03:00,OTLY
3.77,3.7784,3.76,3.765,13288,2022-04-25 19:04:00,OTLY
3.765,3.765,3.76,3.765,2200,2022-04-25 19:05:00,OTLY
3.76,3.765,3.76,3.76,1800,2022-04-25 19:06:00,OTLY
3.76,3.765,3.76,3.765,1900,2022-04-25 19:07:00,OTLY
3.7699,3.7699,3.76,3.765,4507,2022-04-25 19:08:00,OTLY
3.765,3.765,3.76,3.765,1600,2022-04-25 19:09:00,OTLY
3.765,3.765,3.76,3.76,3900,2022-04-25 19:10:00,OTLY
3.765,3.775,3.76,3.765,60345,2022-04-25 19:11:00,OTLY
3.765,3.77,3.76,3.765,5820,2022-04-25 19:12:00,OTLY
3.76,3.765,3.76,3.765,600,2022-04-25 19:13:00,OTLY
3.765,3.765,3.765,3.765,6230,2022-04-25 19:14:00,OTLY
3.765,3.785,3.765,3.785,17655,2022-04-25 19:15:00,OTLY
3.785,3.785,3.775,3.775,16503,2022-04-25 19:16:00,OTLY
3.775,3.775,3.775,3.775,2642,2022-04-25 19:17:00,OTLY
3.775,3.78,3.77,3.7787,5521,2022-04-25 19:18:00,OTLY
3.775,3.78,3.775,3.775,8387,2022-04-25 19:19:00,OTLY
3.775,3.795,3.77,3.795,42280,2022-04-25 19:20:00,OTLY
3.795,3.795,3.79,3.795,5190,2022-04-25 19:21:00,OTLY
3.795,3.795,3.795,3.795,6699,2022-04-25 19:22:00,OTLY
3.795,3.81,3.795,3.805,12109,2022-04-25 19:23:00,OTLY
3.8,3.805,3.79,3.79,24967,2022-04-25 19:24:00,OTLY
3.795,3.805,3.795,3.8,25968,2022-04-25 19:25:00,OTLY
3.79,3.8,3.79,3.795,1545,2022-04-25 19:26:00,OTLY
3.795,3.795,3.79,3.795,1167,2022-04-25 19:27:00,OTLY
3.7985,3.8,3.795,3.795,12494,2022-04-25 19:28:00,OTLY
3.795,3.8,3.79,3.795,4844,2022-04-25 19:29:00,OTLY
3.795,3.8,3.79,3.79,2793,2022-04-25 19:30:00,OTLY
3.79,3.79,3.78,3.78,10717,2022-04-25 19:31:00,OTLY
3.78,3.795,3.78,3.795,22363,2022-04-25 19:32:00,OTLY
3.795,3.7987,3.795,3.795,4018,2022-04-25 19:33:00,OTLY
3.795,3.8,3.795,3.795,2648,2022-04-25 19:34:00,OTLY
3.795,3.8,3.79,3.795,3299,2022-04-25 19:35:00,OTLY
3.795,3.795,3.79,3.795,4650,2022-04-25 19:36:00,OTLY
3.795,3.795,3.79,3.79,4460,2022-04-25 19:37:00,OTLY
3.795,3.8,3.79,3.795,34180,2022-04-25 19:38:00,OTLY
3.795,3.8,3.795,3.795,8613,2022-04-25 19:39:00,OTLY
3.795,3.82,3.795,3.815,42845,2022-04-25 19:40:00,OTLY
3.815,3.815,3.805,3.81,33376,2022-04-25 19:41:00,OTLY
3.805,3.8199,3.805,3.815,19126,2022-04-25 19:42:00,OTLY
3.815,3.815,3.805,3.805,21686,2022-04-25 19:43:00,OTLY
3.805,3.815,3.805,3.815,28211,2022-04-25 19:44:00,OTLY
3.815,3.815,3.805,3.805,17736,2022-04-25 19:45:00,OTLY
3.805,3.815,3.805,3.815,35018,2022-04-25 19:46:00,OTLY
3.815,3.82,3.815,3.815,8963,2022-04-25 19:47:00,OTLY
3.815,3.815,3.805,3.805,28242,2022-04-25 19:48:00,OTLY
3.805,3.81,3.8,3.805,15508,2022-04-25 19:49:00,OTLY
3.805,3.82,3.805,3.805,56221,2022-04-25 19:50:00,OTLY
3.805,3.83,3.8,3.825,81748,2022-04-25 19:51:00,OTLY
3.825,3.83,3.825,3.825,8059,2022-04-25 19:52:00,OTLY
3.825,3.83,3.82,3.825,9005,2022-04-25 19:53:00,OTLY
3.825,3.83,3.825,3.825,20739,2022-04-25 19:54:00,OTLY
3.82,3.83,3.82,3.825,24733,2022-04-25 19:55:00,OTLY
3.825,3.83,3.82,3.825,13592,2022-04-25 19:56:00,OTLY
3.825,3.83,3.82,3.825,35091,2022-04-25 19:57:00,OTLY
3.825,3.83,3.82,3.825,35630,2022-04-25 19:58:00,OTLY
3.825,3.85,3.825,3.84,171465,2022-04-25 19:59:00,OTLY
3.83,3.83,3.83,3.83,71745,2022-04-25 20:00:00,OTLY
3.9,3.9,3.9,3.9,100,2022-04-25 20:01:00,OTLY
3.9,3.9,3.9,3.9,246,2022-04-25 20:02:00,OTLY
3.9,3.9,3.9,3.9,250,2022-04-25 20:03:00,OTLY
3.8998,3.9,3.8998,3.9,498,2022-04-25 20:04:00,OTLY
3.88,3.88,3.88,3.88,500,2022-04-25 20:10:00,OTLY
3.83,3.83,3.83,3.83,100,2022-04-25 20:13:00,OTLY
3.83,3.83,3.83,3.83,152,2022-04-25 20:16:00,OTLY
3.88,3.88,3.88,3.88,200,2022-04-25 20:27:00,OTLY
3.88,3.88,3.88,3.88,1000,2022-04-25 20:34:00,OTLY
3.88,3.88,3.88,3.88,600,2022-04-25 20:44:00,OTLY
3.87,3.87,3.87,3.87,430,2022-04-25 20:56:00,OTLY
3.88,3.88,3.88,3.88,245,2022-04-25 21:18:00,OTLY
3.85,3.85,3.85,3.85,750,2022-04-25 21:48:00,OTLY
3.88,3.88,3.88,3.88,742,2022-04-25 21:54:00,OTLY
3.89,3.89,3.88,3.88,357,2022-04-25 22:04:00,OTLY
3.89,3.89,3.89,3.89,100,2022-04-25 22:05:00,OTLY
3.88,3.88,3.88,3.88,130,2022-04-25 22:13:00,OTLY
3.88,3.88,3.88,3.88,100,2022-04-25 22:22:00,OTLY
3.89,3.89,3.89,3.89,100,2022-04-25 22:27:00,OTLY
3.89,3.89,3.89,3.89,300,2022-04-25 22:40:00,OTLY
3.89,3.89,3.89,3.89,200,2022-04-25 23:14:00,OTLY
3.89,3.89,3.88,3.88,953,2022-04-25 23:31:00,OTLY
3.89,3.89,3.89,3.89,200,2022-04-25 23:33:00,OTLY
3.8,3.81,3.8,3.81,200,2022-04-25 23:40:00,OTLY
3.83,3.83,3.83,3.83,500,2022-04-26 11:37:00,OTLY
3.82,3.82,3.82,3.82,100,2022-04-26 12:15:00,OTLY
3.8292,3.8292,3.8292,3.8292,1000,2022-04-26 12:27:00,OTLY
3.8,3.8,3.8,3.8,125,2022-04-26 12:28:00,OTLY
3.81,3.81,3.81,3.81,200,2022-04-26 12:44:00,OTLY
3.83,3.83,3.83,3.83,1000,2022-04-26 13:25:00,OTLY
3.84,3.84,3.84,3.84,1000,2022-04-26 13:26:00,OTLY
3.87,3.87,3.8,3.83,90161,2022-04-26 13:30:00,OTLY
3.81,3.81,3.76,3.76,19343,2022-04-26 13:31:00,OTLY
3.755,3.77,3.75,3.75,15227,2022-04-26 13:32:00,OTLY
3.7409,3.7469,3.7,3.7,17333,2022-04-26 13:33:00,OTLY
3.705,3.71,3.68,3.7,60913,2022-04-26 13:34:00,OTLY
3.7,3.705,3.68,3.69,24178,2022-04-26 13:35:00,OTLY
3.69,3.69,3.68,3.685,4806,2022-04-26 13:36:00,OTLY
3.69,3.69,3.6799,3.6799,40562,2022-04-26 13:37:00,OTLY
3.675,3.68,3.67,3.67,32490,2022-04-26 13:38:00,OTLY
3.6772,3.6772,3.655,3.655,17251,2022-04-26 13:39:00,OTLY
3.6596,3.67,3.65,3.655,48462,2022-04-26 13:40:00,OTLY
3.65,3.6792,3.65,3.6792,24265,2022-04-26 13:41:00,OTLY
3.67,3.675,3.66,3.67,11035,2022-04-26 13:42:00,OTLY
3.67,3.67,3.66,3.665,8049,2022-04-26 13:43:00,OTLY
3.665,3.665,3.655,3.6596,17588,2022-04-26 13:44:00,OTLY
3.6565,3.6592,3.64,3.657,20826,2022-04-26 13:45:00,OTLY
3.66,3.675,3.655,3.66,60660,2022-04-26 13:46:00,OTLY
3.6691,3.68,3.65,3.67,40825,2022-04-26 13:47:00,OTLY
3.6688,3.67,3.66,3.665,5070,2022-04-26 13:48:00,OTLY
3.6688,3.6699,3.66,3.6699,3300,2022-04-26 13:49:00,OTLY
3.66,3.66,3.62,3.63,25908,2022-04-26 13:50:00,OTLY
3.64,3.65,3.635,3.635,14616,2022-04-26 13:51:00,OTLY
3.635,3.64,3.63,3.635,20715,2022-04-26 13:52:00,OTLY
3.63,3.6396,3.61,3.6199,18567,2022-04-26 13:53:00,OTLY
3.61,3.62,3.6009,3.615,16822,2022-04-26 13:54:00,OTLY
3.615,3.62,3.605,3.61,22197,2022-04-26 13:55:00,OTLY
3.6101,3.615,3.59,3.595,54520,2022-04-26 13:56:00,OTLY
3.595,3.6,3.59,3.595,26197,2022-04-26 13:57:00,OTLY
3.595,3.5999,3.59,3.595,4869,2022-04-26 13:58:00,OTLY
3.595,3.6,3.59,3.598,4780,2022-04-26 13:59:00,OTLY
3.595,3.595,3.58,3.585,21679,2022-04-26 14:00:00,OTLY
3.585,3.585,3.57,3.575,19088,2022-04-26 14:01:00,OTLY
3.57,3.58,3.57,3.57,13212,2022-04-26 14:02:00,OTLY
3.575,3.5799,3.57,3.575,5515,2022-04-26 14:03:00,OTLY
3.575,3.585,3.57,3.575,38561,2022-04-26 14:04:00,OTLY
3.57,3.575,3.57,3.57,10370,2022-04-26 14:05:00,OTLY
3.57,3.575,3.565,3.565,10394,2022-04-26 14:06:00,OTLY
3.565,3.57,3.56,3.565,34781,2022-04-26 14:07:00,OTLY
3.565,3.5699,3.56,3.565,7417,2022-04-26 14:08:00,OTLY
3.565,3.57,3.56,3.565,20740,2022-04-26 14:09:00,OTLY
3.565,3.57,3.55,3.55,35467,2022-04-26 14:10:00,OTLY
3.55,3.56,3.55,3.555,28853,2022-04-26 14:11:00,OTLY
3.555,3.56,3.55,3.555,10416,2022-04-26 14:12:00,OTLY
3.555,3.56,3.55,3.55,11701,2022-04-26 14:13:00,OTLY
3.55,3.5599,3.545,3.545,27290,2022-04-26 14:14:00,OTLY
3.545,3.55,3.54,3.545,125735,2022-04-26 14:15:00,OTLY
3.545,3.55,3.545,3.545,14214,2022-04-26 14:16:00,OTLY
3.5429,3.55,3.54,3.545,46921,2022-04-26 14:17:00,OTLY
3.545,3.55,3.54,3.545,5991,2022-04-26 14:18:00,OTLY
3.545,3.55,3.545,3.5489,21108,2022-04-26 14:19:00,OTLY
3.545,3.55,3.54,3.545,38253,2022-04-26 14:20:00,OTLY
3.545,3.55,3.54,3.54,19045,2022-04-26 14:21:00,OTLY
3.54,3.55,3.54,3.545,15777,2022-04-26 14:22:00,OTLY
3.545,3.55,3.545,3.545,18207,2022-04-26 14:23:00,OTLY
3.54,3.55,3.54,3.545,3792,2022-04-26 14:24:00,OTLY
3.54,3.5482,3.54,3.545,9175,2022-04-26 14:25:00,OTLY
3.54,3.545,3.525,3.525,49148,2022-04-26 14:26:00,OTLY
3.525,3.545,3.52,3.545,40213,2022-04-26 14:27:00,OTLY
3.545,3.5596,3.545,3.555,21735,2022-04-26 14:28:00,OTLY
3.5588,3.56,3.55,3.56,8786,2022-04-26 14:29:00,OTLY
3.5511,3.56,3.55,3.555,5450,2022-04-26 14:30:00,OTLY
3.555,3.56,3.55,3.555,6529,2022-04-26 14:31:00,OTLY
3.5581,3.58,3.555,3.565,25212,2022-04-26 14:32:00,OTLY
3.56,3.56,3.55,3.55,5590,2022-04-26 14:33:00,OTLY
3.55,3.55,3.53,3.535,5907,2022-04-26 14:34:00,OTLY
3.53,3.5319,3.52,3.525,12802,2022-04-26 14:35:00,OTLY
3.525,3.53,3.51,3.515,29522,2022-04-26 14:36:00,OTLY
3.51,3.52,3.51,3.515,7040,2022-04-26 14:37:00,OTLY
3.515,3.52,3.5,3.5012,15887,2022-04-26 14:38:00,OTLY
3.505,3.5192,3.505,3.5162,16991,2022-04-26 14:39:00,OTLY
3.52,3.52,3.51,3.51,9863,2022-04-26 14:40:00,OTLY
3.51,3.515,3.504,3.51,20142,2022-04-26 14:41:00,OTLY
3.515,3.52,3.51,3.515,13250,2022-04-26 14:42:00,OTLY
3.515,3.53,3.51,3.5201,12912,2022-04-26 14:43:00,OTLY
3.5288,3.5288,3.52,3.52,3139,2022-04-26 14:44:00,OTLY
3.52,3.53,3.52,3.525,7208,2022-04-26 14:45:00,OTLY
3.5249,3.525,3.52,3.52,4500,2022-04-26 14:46:00,OTLY
3.52,3.5299,3.52,3.525,8806,2022-04-26 14:47:00,OTLY
3.52,3.535,3.52,3.53,59941,2022-04-26 14:48:00,OTLY
3.5347,3.5399,3.53,3.535,3585,2022-04-26 14:49:00,OTLY
3.53,3.54,3.53,3.54,2415,2022-04-26 14:50:00,OTLY
3.535,3.54,3.53,3.53,27053,2022-04-26 14:51:00,OTLY
3.525,3.5254,3.52,3.52,11630,2022-04-26 14:52:00,OTLY
3.52,3.52,3.5,3.5,12631,2022-04-26 14:53:00,OTLY
3.5,3.52,3.5,3.51,25227,2022-04-26 14:54:00,OTLY
3.51,3.51,3.5,3.5,17172,2022-04-26 14:55:00,OTLY
3.505,3.51,3.5,3.505,4774,2022-04-26 14:56:00,OTLY
3.505,3.51,3.5,3.505,21056,2022-04-26 14:57:00,OTLY
3.505,3.505,3.505,3.505,1039,2022-04-26 14:58:00,OTLY
3.51,3.51,3.5,3.505,4937,2022-04-26 14:59:00,OTLY
3.505,3.51,3.5,3.505,3050,2022-04-26 15:00:00,OTLY
3.5,3.51,3.5,3.505,36631,2022-04-26 15:01:00,OTLY
3.5099,3.51,3.5,3.505,7100,2022-04-26 15:02:00,OTLY
3.5,3.505,3.48,3.48,95875,2022-04-26 15:03:00,OTLY
3.48,3.485,3.48,3.48,4400,2022-04-26 15:04:00,OTLY
3.48,3.48,3.47,3.47,11544,2022-04-26 15:05:00,OTLY
3.47,3.48,3.47,3.475,14670,2022-04-26 15:06:00,OTLY
3.475,3.48,3.47,3.475,97805,2022-04-26 15:07:00,OTLY
3.475,3.48,3.47,3.4786,115780,2022-04-26 15:08:00,OTLY
3.48,3.48,3.47,3.47,63851,2022-04-26 15:09:00,OTLY
3.4796,3.49,3.475,3.48,58026,2022-04-26 15:10:00,OTLY
3.485,3.49,3.48,3.485,8825,2022-04-26 15:11:00,OTLY
3.4874,3.495,3.48,3.495,24385,2022-04-26 15:12:00,OTLY
3.5,3.51,3.495,3.505,29277,2022-04-26 15:13:00,OTLY
3.505,3.515,3.5,3.505,18658,2022-04-26 15:14:00,OTLY
3.502,3.505,3.49,3.49,27385,2022-04-26 15:15:00,OTLY
3.4908,3.4908,3.49,3.49,1200,2022-04-26 15:16:00,OTLY
3.495,3.5,3.49,3.495,2000,2022-04-26 15:17:00,OTLY
3.49,3.495,3.49,3.495,6187,2022-04-26 15:18:00,OTLY
3.49,3.495,3.49,3.49,47500,2022-04-26 15:19:00,OTLY
3.49,3.5,3.49,3.49,19242,2022-04-26 15:20:00,OTLY
3.495,3.5,3.49,3.495,27600,2022-04-26 15:21:00,OTLY
3.49,3.505,3.49,3.505,26778,2022-04-26 15:22:00,OTLY
3.5088,3.5088,3.5,3.5,1141,2022-04-26 15:23:00,OTLY
3.5013,3.5013,3.495,3.495,8569,2022-04-26 15:24:00,OTLY
3.495,3.5,3.4938,3.495,5946,2022-04-26 15:25:00,OTLY
3.495,3.4999,3.49,3.495,8296,2022-04-26 15:26:00,OTLY
3.495,3.505,3.495,3.505,23230,2022-04-26 15:27:00,OTLY
3.51,3.51,3.49,3.5,18499,2022-04-26 15:28:00,OTLY
3.4911,3.5,3.4911,3.4979,1700,2022-04-26 15:29:00,OTLY
3.495,3.5,3.49,3.49,16666,2022-04-26 15:30:00,OTLY
3.49,3.495,3.49,3.49,5818,2022-04-26 15:31:00,OTLY
3.49,3.5,3.49,3.49,13260,2022-04-26 15:32:00,OTLY
3.495,3.51,3.49,3.505,30900,2022-04-26 15:33:00,OTLY
3.505,3.51,3.5,3.505,19582,2022-04-26 15:34:00,OTLY
3.5087,3.5087,3.49,3.495,34988,2022-04-26 15:35:00,OTLY
3.5,3.5,3.495,3.495,1130,2022-04-26 15:36:00,OTLY
3.495,3.495,3.495,3.495,700,2022-04-26 15:37:00,OTLY
3.5,3.5,3.495,3.495,1211,2022-04-26 15:38:00,OTLY
3.4972,3.4999,3.49,3.495,5135,2022-04-26 15:39:00,OTLY
3.495,3.5,3.49,3.495,5532,2022-04-26 15:40:00,OTLY
3.495,3.495,3.49,3.49,3580,2022-04-26 15:41:00,OTLY
3.49,3.4985,3.49,3.49,7154,2022-04-26 15:42:00,OTLY
3.4931,3.5,3.49,3.49,9538,2022-04-26 15:43:00,OTLY
3.49,3.4996,3.49,3.495,8635,2022-04-26 15:44:00,OTLY
3.49,3.5,3.49,3.495,6036,2022-04-26 15:45:00,OTLY
3.49,3.4999,3.49,3.495,5175,2022-04-26 15:46:00,OTLY
3.495,3.495,3.49,3.495,4536,2022-04-26 15:47:00,OTLY
3.4988,3.5,3.495,3.495,8957,2022-04-26 15:48:00,OTLY
3.495,3.4985,3.49,3.49,3350,2022-04-26 15:49:00,OTLY
3.4999,3.5,3.49,3.49,7644,2022-04-26 15:50:00,OTLY
3.495,3.5,3.49,3.49,17386,2022-04-26 15:51:00,OTLY
3.49,3.49,3.48,3.48,14669,2022-04-26 15:52:00,OTLY
3.48,3.49,3.48,3.485,58801,2022-04-26 15:53:00,OTLY
3.485,3.49,3.48,3.49,5151,2022-04-26 15:54:00,OTLY
3.4892,3.495,3.48,3.495,13710,2022-04-26 15:55:00,OTLY
3.5,3.505,3.495,3.505,10135,2022-04-26 15:56:00,OTLY
3.5,3.5044,3.49,3.5,17704,2022-04-26 15:57:00,OTLY
3.5,3.5,3.49,3.495,20979,2022-04-26 15:58:00,OTLY
3.4988,3.4988,3.4966,3.4966,200,2022-04-26 15:59:00,OTLY
3.4999,3.5,3.49,3.495,3630,2022-04-26 16:00:00,OTLY
3.495,3.5,3.4912,3.5,9314,2022-04-26 16:01:00,OTLY
3.495,3.4999,3.49,3.4999,17015,2022-04-26 16:02:00,OTLY
3.495,3.5,3.49,3.49,10891,2022-04-26 16:03:00,OTLY
3.49,3.495,3.49,3.49,2000,2022-04-26 16:04:00,OTLY
3.49,3.495,3.49,3.49,2400,2022-04-26 16:05:00,OTLY
3.49,3.5,3.49,3.49,7048,2022-04-26 16:06:00,OTLY
3.49,3.4999,3.49,3.49,2654,2022-04-26 16:07:00,OTLY
3.49,3.4999,3.49,3.49,4462,2022-04-26 16:08:00,OTLY
3.49,3.49,3.48,3.48,14165,2022-04-26 16:09:00,OTLY
3.49,3.49,3.48,3.48,3700,2022-04-26 16:10:00,OTLY
3.48,3.485,3.47,3.475,89131,2022-04-26 16:11:00,OTLY
3.48,3.48,3.47,3.475,2445,2022-04-26 16:12:00,OTLY
3.475,3.48,3.47,3.47,3824,2022-04-26 16:13:00,OTLY
3.4799,3.495,3.475,3.495,38502,2022-04-26 16:14:00,OTLY
3.4997,3.5065,3.495,3.5065,18558,2022-04-26 16:15:00,OTLY
3.5092,3.52,3.505,3.515,19315,2022-04-26 16:16:00,OTLY
3.51,3.54,3.51,3.54,7527,2022-04-26 16:17:00,OTLY
3.535,3.536,3.525,3.525,12886,2022-04-26 16:18:00,OTLY
3.5299,3.53,3.52,3.53,10649,2022-04-26 16:19:00,OTLY
3.53,3.53,3.525,3.525,7050,2022-04-26 16:20:00,OTLY
3.525,3.53,3.52,3.5288,16553,2022-04-26 16:21:00,OTLY
3.525,3.53,3.525,3.525,4600,2022-04-26 16:22:00,OTLY
3.53,3.53,3.525,3.525,13358,2022-04-26 16:23:00,OTLY
3.5201,3.525,3.52,3.52,1824,2022-04-26 16:24:00,OTLY
3.525,3.525,3.52,3.525,4399,2022-04-26 16:25:00,OTLY
3.525,3.53,3.52,3.525,12147,2022-04-26 16:26:00,OTLY
3.525,3.525,3.52,3.525,2700,2022-04-26 16:27:00,OTLY
3.53,3.535,3.52,3.535,46213,2022-04-26 16:28:00,OTLY
3.535,3.54,3.53,3.535,20176,2022-04-26 16:29:00,OTLY
3.535,3.55,3.535,3.5455,27913,2022-04-26 16:30:00,OTLY
3.545,3.5499,3.54,3.545,28375,2022-04-26 16:31:00,OTLY
3.545,3.55,3.54,3.55,1887,2022-04-26 16:32:00,OTLY
3.545,3.545,3.545,3.545,100,2022-04-26 16:33:00,OTLY
3.545,3.545,3.545,3.545,977,2022-04-26 16:34:00,OTLY
3.548,3.5499,3.54,3.545,3120,2022-04-26 16:35:00,OTLY
3.545,3.55,3.54,3.54,1600,2022-04-26 16:36:00,OTLY
3.545,3.545,3.54,3.545,700,2022-04-26 16:37:00,OTLY
3.54,3.545,3.53,3.535,16455,2022-04-26 16:38:00,OTLY
3.53,3.535,3.53,3.53,900,2022-04-26 16:39:00,OTLY
3.53,3.5399,3.53,3.53,7330,2022-04-26 16:40:00,OTLY
3.53,3.545,3.53,3.545,40221,2022-04-26 16:41:00,OTLY
3.545,3.5498,3.545,3.545,1500,2022-04-26 16:42:00,OTLY
3.545,3.5488,3.545,3.545,1240,2022-04-26 16:43:00,OTLY
3.545,3.55,3.545,3.55,2204,2022-04-26 16:44:00,OTLY
3.5492,3.5492,3.54,3.54,2050,2022-04-26 16:45:00,OTLY
3.54,3.545,3.54,3.545,1850,2022-04-26 16:46:00,OTLY
3.54,3.545,3.53,3.535,15696,2022-04-26 16:47:00,OTLY
3.535,3.54,3.53,3.53,7947,2022-04-26 16:48:00,OTLY
3.535,3.5399,3.53,3.535,2600,2022-04-26 16:49:00,OTLY
3.53,3.5399,3.53,3.53,3750,2022-04-26 16:50:00,OTLY
3.535,3.535,3.53,3.53,1400,2022-04-26 16:51:00,OTLY
3.53,3.535,3.53,3.53,800,2022-04-26 16:52:00,OTLY
3.5301,3.535,3.52,3.52,30743,2022-04-26 16:53:00,OTLY
3.53,3.53,3.52,3.52,5480,2022-04-26 16:54:00,OTLY
3.52,3.52,3.51,3.51,4200,2022-04-26 16:55:00,OTLY
3.515,3.515,3.51,3.51,2500,2022-04-26 16:56:00,OTLY
3.51,3.52,3.51,3.515,70879,2022-04-26 16:57:00,OTLY
3.52,3.525,3.515,3.525,44512,2022-04-26 16:58:00,OTLY
3.525,3.5292,3.52,3.5292,1700,2022-04-26 16:59:00,OTLY
3.525,3.525,3.515,3.5195,8653,2022-04-26 17:00:00,OTLY
3.51,3.51,3.5,3.5,4400,2022-04-26 17:01:00,OTLY
3.505,3.505,3.49,3.4988,39783,2022-04-26 17:02:00,OTLY
3.495,3.5,3.48,3.485,49858,2022-04-26 17:03:00,OTLY
3.48,3.485,3.48,3.48,4174,2022-04-26 17:04:00,OTLY
3.48,3.4899,3.48,3.48,4700,2022-04-26 17:05:00,OTLY
3.48,3.49,3.48,3.48,12428,2022-04-26 17:06:00,OTLY
3.48,3.48,3.48,3.48,3900,2022-04-26 17:07:00,OTLY
3.48,3.485,3.48,3.48,5206,2022-04-26 17:08:00,OTLY
3.48,3.49,3.47,3.475,28525,2022-04-26 17:09:00,OTLY
3.475,3.48,3.47,3.47,77498,2022-04-26 17:10:00,OTLY
3.47,3.48,3.47,3.47,15754,2022-04-26 17:11:00,OTLY
3.47,3.4799,3.47,3.47,13600,2022-04-26 17:12:00,OTLY
3.4788,3.4788,3.47,3.475,3748,2022-04-26 17:13:00,OTLY
3.47,3.475,3.47,3.475,19815,2022-04-26 17:14:00,OTLY
3.47,3.4799,3.47,3.475,12194,2022-04-26 17:15:00,OTLY
3.475,3.485,3.47,3.485,40849,2022-04-26 17:16:00,OTLY
3.485,3.4899,3.48,3.4866,3632,2022-04-26 17:17:00,OTLY
3.485,3.485,3.48,3.485,3800,2022-04-26 17:18:00,OTLY
3.4896,3.4896,3.47,3.4787,119192,2022-04-26 17:19:00,OTLY
3.47,3.48,3.465,3.47,231740,2022-04-26 17:20:00,OTLY
3.465,3.49,3.46,3.485,212955,2022-04-26 17:21:00,OTLY
3.48,3.49,3.48,3.485,15844,2022-04-26 17:22:00,OTLY
3.485,3.49,3.48,3.485,2800,2022-04-26 17:23:00,OTLY
3.485,3.49,3.48,3.485,15614,2022-04-26 17:24:00,OTLY
3.4899,3.4899,3.48,3.48,5931,2022-04-26 17:25:00,OTLY
3.485,3.49,3.48,3.485,18020,2022-04-26 17:26:00,OTLY
3.485,3.485,3.48,3.485,5200,2022-04-26 17:27:00,OTLY
3.49,3.49,3.47,3.475,18046,2022-04-26 17:28:00,OTLY
3.4713,3.49,3.4713,3.485,28788,2022-04-26 17:29:00,OTLY
3.485,3.4893,3.485,3.485,6900,2022-04-26 17:30:00,OTLY
3.485,3.49,3.482,3.485,11353,2022-04-26 17:31:00,OTLY
3.485,3.49,3.475,3.475,16255,2022-04-26 17:32:00,OTLY
3.4799,3.49,3.475,3.485,27300,2022-04-26 17:33:00,OTLY
3.485,3.49,3.485,3.485,9850,2022-04-26 17:34:00,OTLY
3.485,3.49,3.48,3.485,2196,2022-04-26 17:35:00,OTLY
3.485,3.49,3.4839,3.485,4240,2022-04-26 17:36:00,OTLY
3.485,3.49,3.48,3.48,20858,2022-04-26 17:37:00,OTLY
3.4899,3.49,3.485,3.485,5248,2022-04-26 17:38:00,OTLY
3.485,3.4994,3.485,3.49,24801,2022-04-26 17:39:00,OTLY
3.4994,3.51,3.495,3.505,50707,2022-04-26 17:40:00,OTLY
3.5,3.51,3.5,3.51,42794,2022-04-26 17:41:00,OTLY
3.5058,3.53,3.505,3.525,21773,2022-04-26 17:42:00,OTLY
3.525,3.53,3.52,3.525,12055,2022-04-26 17:43:00,OTLY
3.525,3.525,3.525,3.525,200,2022-04-26 17:44:00,OTLY
3.525,3.525,3.515,3.515,16863,2022-04-26 17:45:00,OTLY
3.5145,3.519,3.51,3.519,10652,2022-04-26 17:46:00,OTLY
3.51,3.515,3.51,3.515,1078,2022-04-26 17:47:00,OTLY
3.5185,3.5194,3.515,3.5194,1354,2022-04-26 17:48:00,OTLY
3.51,3.515,3.51,3.51,1201,2022-04-26 17:49:00,OTLY
3.51,3.515,3.51,3.515,1932,2022-04-26 17:50:00,OTLY
3.515,3.5189,3.51,3.5189,1590,2022-04-26 17:51:00,OTLY
3.515,3.515,3.515,3.515,1500,2022-04-26 17:52:00,OTLY
3.52,3.52,3.512,3.512,1341,2022-04-26 17:53:00,OTLY
3.515,3.515,3.51,3.515,2500,2022-04-26 17:54:00,OTLY
3.52,3.52,3.51,3.515,8013,2022-04-26 17:55:00,OTLY
3.515,3.52,3.51,3.515,5443,2022-04-26 17:56:00,OTLY
3.5156,3.5199,3.51,3.515,2300,2022-04-26 17:57:00,OTLY
3.515,3.5199,3.51,3.51,2500,2022-04-26 17:58:00,OTLY
3.515,3.515,3.515,3.515,1100,2022-04-26 17:59:00,OTLY
3.51,3.52,3.51,3.51,3700,2022-04-26 18:00:00,OTLY
3.52,3.52,3.51,3.515,2600,2022-04-26 18:01:00,OTLY
3.51,3.515,3.51,3.5134,1400,2022-04-26 18:02:00,OTLY
3.515,3.515,3.5101,3.515,10900,2022-04-26 18:03:00,OTLY
3.515,3.52,3.51,3.52,4100,2022-04-26 18:04:00,OTLY
3.515,3.52,3.51,3.515,8500,2022-04-26 18:05:00,OTLY
3.515,3.52,3.51,3.515,15522,2022-04-26 18:06:00,OTLY
3.515,3.5192,3.51,3.515,1584,2022-04-26 18:07:00,OTLY
3.515,3.5188,3.51,3.515,4798,2022-04-26 18:08:00,OTLY
3.515,3.515,3.5,3.505,32277,2022-04-26 18:09:00,OTLY
3.505,3.5199,3.505,3.5199,22407,2022-04-26 18:10:00,OTLY
3.515,3.525,3.5111,3.525,13510,2022-04-26 18:11:00,OTLY
3.52,3.52,3.51,3.515,12342,2022-04-26 18:12:00,OTLY
3.515,3.515,3.51,3.515,9278,2022-04-26 18:13:00,OTLY
3.515,3.52,3.51,3.515,7030,2022-04-26 18:14:00,OTLY
3.515,3.53,3.515,3.525,62814,2022-04-26 18:15:00,OTLY
3.525,3.53,3.52,3.525,8432,2022-04-26 18:16:00,OTLY
3.525,3.5255,3.51,3.515,21977,2022-04-26 18:17:00,OTLY
3.515,3.515,3.51,3.515,4955,2022-04-26 18:18:00,OTLY
3.51,3.515,3.51,3.515,1253,2022-04-26 18:19:00,OTLY
3.5182,3.5182,3.51,3.515,7100,2022-04-26 18:20:00,OTLY
3.5155,3.53,3.51,3.525,37791,2022-04-26 18:21:00,OTLY
3.5288,3.5288,3.525,3.525,3438,2022-04-26 18:22:00,OTLY
3.525,3.53,3.525,3.525,2926,2022-04-26 18:23:00,OTLY
3.525,3.525,3.525,3.525,1800,2022-04-26 18:24:00,OTLY
3.525,3.545,3.525,3.545,23779,2022-04-26 18:25:00,OTLY
3.545,3.55,3.54,3.545,4300,2022-04-26 18:26:00,OTLY
3.55,3.55,3.54,3.545,5400,2022-04-26 18:27:00,OTLY
3.545,3.56,3.545,3.555,17967,2022-04-26 18:28:00,OTLY
3.555,3.56,3.555,3.555,6424,2022-04-26 18:29:00,OTLY
3.555,3.56,3.555,3.555,2900,2022-04-26 18:30:00,OTLY
3.56,3.56,3.55,3.56,3645,2022-04-26 18:31:00,OTLY
3.555,3.56,3.555,3.555,3166,2022-04-26 18:32:00,OTLY
3.555,3.57,3.5501,3.565,15176,2022-04-26 18:33:00,OTLY
3.5628,3.58,3.56,3.575,25819,2022-04-26 18:34:00,OTLY
3.575,3.59,3.575,3.585,8868,2022-04-26 18:35:00,OTLY
3.5801,3.59,3.58,3.59,14488,2022-04-26 18:36:00,OTLY
3.585,3.6,3.5801,3.595,30955,2022-04-26 18:37:00,OTLY
3.595,3.6,3.59,3.595,12035,2022-04-26 18:38:00,OTLY
3.595,3.595,3.58,3.58,19100,2022-04-26 18:39:00,OTLY
3.585,3.59,3.58,3.586,5831,2022-04-26 18:40:00,OTLY
3.58,3.58,3.56,3.565,14729,2022-04-26 18:41:00,OTLY
3.565,3.565,3.565,3.565,600,2022-04-26 18:42:00,OTLY
3.565,3.565,3.565,3.565,700,2022-04-26 18:43:00,OTLY
3.565,3.565,3.56,3.565,14069,2022-04-26 18:44:00,OTLY
3.565,3.565,3.565,3.565,1200,2022-04-26 18:45:00,OTLY
3.565,3.565,3.565,3.565,2000,2022-04-26 18:46:00,OTLY
3.565,3.565,3.5601,3.565,4107,2022-04-26 18:47:00,OTLY
3.565,3.58,3.56,3.58,22895,2022-04-26 18:48:00,OTLY
3.58,3.58,3.57,3.575,5016,2022-04-26 18:49:00,OTLY
3.575,3.59,3.575,3.585,17572,2022-04-26 18:50:00,OTLY
3.585,3.59,3.575,3.575,14918,2022-04-26 18:51:00,OTLY
3.575,3.575,3.575,3.575,1362,2022-04-26 18:52:00,OTLY
3.575,3.58,3.575,3.575,14359,2022-04-26 18:53:00,OTLY
3.575,3.58,3.575,3.575,6000,2022-04-26 18:54:00,OTLY
3.58,3.5858,3.575,3.585,33188,2022-04-26 18:55:00,OTLY
3.585,3.59,3.58,3.585,3095,2022-04-26 18:56:00,OTLY
3.585,3.59,3.58,3.58,4800,2022-04-26 18:57:00,OTLY
3.585,3.59,3.585,3.59,8200,2022-04-26 18:58:00,OTLY
3.585,3.6,3.585,3.6,9480,2022-04-26 18:59:00,OTLY
3.595,3.6,3.595,3.595,6700,2022-04-26 19:00:00,OTLY
3.595,3.6,3.5901,3.595,5500,2022-04-26 19:01:00,OTLY
3.6,3.6,3.595,3.595,15326,2022-04-26 19:02:00,OTLY
3.595,3.6,3.5901,3.595,8832,2022-04-26 19:03:00,OTLY
3.595,3.6,3.5901,3.6,15073,2022-04-26 19:04:00,OTLY
3.595,3.6,3.57,3.575,67702,2022-04-26 19:05:00,OTLY
3.575,3.5765,3.57,3.575,11800,2022-04-26 19:06:00,OTLY
3.575,3.58,3.57,3.575,5016,2022-04-26 19:07:00,OTLY
3.575,3.5799,3.565,3.565,15053,2022-04-26 19:08:00,OTLY
3.565,3.565,3.56,3.565,8600,2022-04-26 19:09:00,OTLY
3.565,3.565,3.56,3.565,2750,2022-04-26 19:10:00,OTLY
3.565,3.565,3.56,3.565,2984,2022-04-26 19:11:00,OTLY
3.565,3.565,3.56,3.565,2817,2022-04-26 19:12:00,OTLY
3.565,3.565,3.56,3.565,3300,2022-04-26 19:13:00,OTLY
3.565,3.565,3.55,3.555,19824,2022-04-26 19:14:00,OTLY
3.555,3.555,3.554,3.555,4850,2022-04-26 19:15:00,OTLY
3.555,3.5585,3.55,3.555,11430,2022-04-26 19:16:00,OTLY
3.55,3.55,3.54,3.545,25821,2022-04-26 19:17:00,OTLY
3.5494,3.5494,3.54,3.545,13400,2022-04-26 19:18:00,OTLY
3.545,3.545,3.545,3.545,400,2022-04-26 19:19:00,OTLY
3.545,3.56,3.54,3.56,30851,2022-04-26 19:20:00,OTLY
3.555,3.565,3.555,3.565,18827,2022-04-26 19:21:00,OTLY
3.565,3.565,3.56,3.565,8244,2022-04-26 19:22:00,OTLY
3.565,3.57,3.565,3.565,14353,2022-04-26 19:23:00,OTLY
3.565,3.57,3.55,3.555,24131,2022-04-26 19:24:00,OTLY
3.555,3.555,3.555,3.555,2500,2022-04-26 19:25:00,OTLY
3.555,3.56,3.55,3.555,16954,2022-04-26 19:26:00,OTLY
3.555,3.5588,3.55,3.555,4275,2022-04-26 19:27:00,OTLY
3.555,3.555,3.55,3.555,5069,2022-04-26 19:28:00,OTLY
3.555,3.56,3.55,3.555,4600,2022-04-26 19:29:00,OTLY
3.555,3.56,3.55,3.555,5200,2022-04-26 19:30:00,OTLY
3.555,3.56,3.54,3.545,18410,2022-04-26 19:31:00,OTLY
3.545,3.5499,3.5401,3.545,19800,2022-04-26 19:32:00,OTLY
3.545,3.55,3.545,3.545,12709,2022-04-26 19:33:00,OTLY
3.545,3.545,3.545,3.545,4000,2022-04-26 19:34:00,OTLY
3.545,3.545,3.5438,3.545,4520,2022-04-26 19:35:00,OTLY
3.545,3.545,3.53,3.535,40054,2022-04-26 19:36:00,OTLY
3.535,3.54,3.53,3.535,12707,2022-04-26 19:37:00,OTLY
3.53,3.5395,3.53,3.535,11500,2022-04-26 19:38:00,OTLY
3.535,3.5399,3.53,3.535,6000,2022-04-26 19:39:00,OTLY
3.535,3.545,3.53,3.545,31080,2022-04-26 19:40:00,OTLY
3.545,3.545,3.535,3.535,21691,2022-04-26 19:41:00,OTLY
3.535,3.5396,3.535,3.535,4460,2022-04-26 19:42:00,OTLY
3.535,3.5399,3.5309,3.535,8833,2022-04-26 19:43:00,OTLY
3.535,3.5399,3.53,3.535,8782,2022-04-26 19:44:00,OTLY
3.535,3.5387,3.535,3.535,12117,2022-04-26 19:45:00,OTLY
3.535,3.54,3.53,3.535,7892,2022-04-26 19:46:00,OTLY
3.535,3.535,3.52,3.525,36675,2022-04-26 19:47:00,OTLY
3.525,3.53,3.52,3.525,9136,2022-04-26 19:48:00,OTLY
3.53,3.53,3.52,3.525,39587,2022-04-26 19:49:00,OTLY
3.525,3.53,3.52,3.525,21922,2022-04-26 19:50:00,OTLY
3.525,3.53,3.525,3.525,48057,2022-04-26 19:51:00,OTLY
3.525,3.53,3.52,3.525,18727,2022-04-26 19:52:00,OTLY
3.525,3.53,3.52,3.525,19612,2022-04-26 19:53:00,OTLY
3.525,3.53,3.51,3.515,51370,2022-04-26 19:54:00,OTLY
3.51,3.5199,3.51,3.515,36771,2022-04-26 19:55:00,OTLY
3.515,3.52,3.505,3.505,106178,2022-04-26 19:56:00,OTLY
3.505,3.51,3.5,3.5015,75989,2022-04-26 19:57:00,OTLY
3.505,3.51,3.5,3.505,42855,2022-04-26 19:58:00,OTLY
3.505,3.51,3.5,3.51,51426,2022-04-26 19:59:00,OTLY
3.5,3.5,3.5,3.5,57003,2022-04-26 20:00:00,OTLY
3.52,3.52,3.52,3.52,125,2022-04-26 20:10:00,OTLY
3.52,3.52,3.51,3.51,243,2022-04-26 20:20:00,OTLY
3.52,3.52,3.52,3.52,1300,2022-04-26 20:25:00,OTLY
3.51,3.51,3.51,3.51,100,2022-04-26 20:26:00,OTLY
3.5,3.5,3.5,3.5,355,2022-04-26 20:28:00,OTLY
3.51,3.51,3.51,3.51,100,2022-04-26 20:30:00,OTLY
3.51,3.5199,3.51,3.5199,2300,2022-04-26 20:33:00,OTLY
3.5199,3.5199,3.5199,3.5199,250,2022-04-26 20:39:00,OTLY
3.51,3.51,3.51,3.51,200,2022-04-26 20:51:00,OTLY
3.51,3.51,3.51,3.51,200,2022-04-26 20:55:00,OTLY
3.5,3.5,3.5,3.5,1620,2022-04-26 21:21:00,OTLY
3.51,3.51,3.51,3.51,200,2022-04-26 21:29:00,OTLY
3.51,3.51,3.51,3.51,100,2022-04-26 21:49:00,OTLY
3.51,3.51,3.51,3.51,500,2022-04-26 21:57:00,OTLY
3.51,3.55,3.51,3.55,366,2022-04-26 22:00:00,OTLY
3.58,3.58,3.58,3.58,231,2022-04-26 22:25:00,OTLY
3.58,3.59,3.58,3.59,913,2022-04-26 22:26:00,OTLY
3.51,3.51,3.51,3.51,309,2022-04-26 22:37:00,OTLY
3.55,3.55,3.55,3.55,105,2022-04-26 22:59:00,OTLY
3.56,3.56,3.56,3.56,281,2022-04-26 23:05:00,OTLY
3.56,3.56,3.56,3.56,308,2022-04-26 23:07:00,OTLY
3.56,3.56,3.56,3.56,300,2022-04-26 23:11:00,OTLY
3.5596,3.5596,3.5596,3.5596,111,2022-04-26 23:43:00,OTLY
3.5,3.51,3.39,3.39,9669,2022-04-26 23:59:00,OTLY
3.44,3.44,3.3,3.3,379,2022-04-27 08:57:00,OTLY
3.45,3.45,3.45,3.45,496,2022-04-27 09:37:00,OTLY
3.56,3.65,3.56,3.65,7790,2022-04-27 09:59:00,OTLY
3.56,3.56,3.56,3.56,457,2022-04-27 10:01:00,OTLY
3.56,3.56,3.56,3.56,200,2022-04-27 10:04:00,OTLY
3.5,3.68,3.46,3.68,2400,2022-04-27 10:05:00,OTLY
3.77,3.77,3.77,3.77,443,2022-04-27 10:09:00,OTLY
3.53,3.53,3.53,3.53,100,2022-04-27 11:24:00,OTLY
3.53,3.53,3.53,3.53,400,2022-04-27 11:37:00,OTLY
3.58,3.58,3.58,3.58,300,2022-04-27 12:12:00,OTLY
3.52,3.52,3.52,3.52,350,2022-04-27 12:17:00,OTLY
3.53,3.53,3.53,3.53,100,2022-04-27 12:37:00,OTLY
3.52,3.52,3.52,3.52,1058,2022-04-27 12:38:00,OTLY
3.52,3.52,3.52,3.52,100,2022-04-27 12:39:00,OTLY
3.52,3.52,3.52,3.52,2900,2022-04-27 12:40:00,OTLY
3.53,3.53,3.53,3.53,183,2022-04-27 12:51:00,OTLY
3.53,3.53,3.53,3.53,100,2022-04-27 13:03:00,OTLY
3.51,3.51,3.51,3.51,100,2022-04-27 13:09:00,OTLY
3.52,3.6,3.52,3.56,2900,2022-04-27 13:25:00,OTLY
3.57,3.57,3.56,3.57,2600,2022-04-27 13:26:00,OTLY
3.56,3.59,3.51,3.51,99043,2022-04-27 13:30:00,OTLY
3.51,3.51,3.49,3.51,44580,2022-04-27 13:31:00,OTLY
3.53,3.54,3.53,3.54,16383,2022-04-27 13:32:00,OTLY
3.54,3.56,3.54,3.56,91185,2022-04-27 13:33:00,OTLY
3.56,3.59,3.56,3.59,24638,2022-04-27 13:34:00,OTLY
3.59,3.59,3.58,3.58,10212,2022-04-27 13:35:00,OTLY
3.585,3.62,3.585,3.6,33205,2022-04-27 13:36:00,OTLY
3.59,3.595,3.59,3.595,9516,2022-04-27 13:37:00,OTLY
3.5908,3.595,3.58,3.58,12741,2022-04-27 13:38:00,OTLY
3.58,3.62,3.58,3.62,30764,2022-04-27 13:39:00,OTLY
3.62,3.66,3.62,3.66,53121,2022-04-27 13:40:00,OTLY
3.66,3.66,3.64,3.64,8927,2022-04-27 13:41:00,OTLY
3.645,3.66,3.64,3.655,18011,2022-04-27 13:42:00,OTLY
3.65,3.659,3.65,3.6532,12561,2022-04-27 13:43:00,OTLY
3.65,3.65,3.63,3.65,13102,2022-04-27 13:44:00,OTLY
3.64,3.64,3.63,3.637,15247,2022-04-27 13:45:00,OTLY
3.638,3.65,3.635,3.65,21795,2022-04-27 13:46:00,OTLY
3.6493,3.65,3.6493,3.65,927,2022-04-27 13:47:00,OTLY
3.65,3.655,3.64,3.655,13096,2022-04-27 13:48:00,OTLY
3.655,3.66,3.64,3.64,18724,2022-04-27 13:49:00,OTLY
3.635,3.655,3.635,3.65,36910,2022-04-27 13:50:00,OTLY
3.65,3.65,3.65,3.65,1157,2022-04-27 13:51:00,OTLY
3.645,3.66,3.625,3.66,45539,2022-04-27 13:52:00,OTLY
3.6501,3.6599,3.645,3.645,17562,2022-04-27 13:53:00,OTLY
3.645,3.645,3.645,3.645,400,2022-04-27 13:54:00,OTLY
3.6433,3.645,3.64,3.64,2163,2022-04-27 13:55:00,OTLY
3.645,3.645,3.64,3.64,3121,2022-04-27 13:56:00,OTLY
3.64,3.645,3.63,3.64,21989,2022-04-27 13:57:00,OTLY
3.64,3.64,3.635,3.64,6388,2022-04-27 13:58:00,OTLY
3.64,3.66,3.6382,3.66,12621,2022-04-27 13:59:00,OTLY
3.67,3.68,3.66,3.68,22876,2022-04-27 14:00:00,OTLY
3.69,3.695,3.68,3.695,25766,2022-04-27 14:01:00,OTLY
3.6912,3.695,3.66,3.66,34115,2022-04-27 14:02:00,OTLY
3.67,3.67,3.65,3.651,13917,2022-04-27 14:03:00,OTLY
3.66,3.66,3.645,3.65,20430,2022-04-27 14:04:00,OTLY
3.65,3.65,3.6412,3.65,10526,2022-04-27 14:05:00,OTLY
3.65,3.665,3.65,3.665,9877,2022-04-27 14:06:00,OTLY
3.66,3.665,3.66,3.665,612,2022-04-27 14:07:00,OTLY
3.66,3.66,3.64,3.64,16012,2022-04-27 14:08:00,OTLY
3.63,3.64,3.63,3.635,2000,2022-04-27 14:09:00,OTLY
3.63,3.6399,3.62,3.6399,21377,2022-04-27 14:10:00,OTLY
3.635,3.635,3.62,3.6208,10636,2022-04-27 14:11:00,OTLY
3.625,3.625,3.615,3.615,5025,2022-04-27 14:12:00,OTLY
3.615,3.618,3.61,3.615,4892,2022-04-27 14:13:00,OTLY
3.61,3.61,3.595,3.6,19551,2022-04-27 14:14:00,OTLY
3.59,3.595,3.59,3.59,7130,2022-04-27 14:15:00,OTLY
3.59,3.59,3.58,3.585,12923,2022-04-27 14:16:00,OTLY
3.5801,3.5801,3.57,3.57,2264,2022-04-27 14:17:00,OTLY
3.57,3.577,3.57,3.57,9382,2022-04-27 14:18:00,OTLY
3.57,3.573,3.57,3.57,900,2022-04-27 14:19:00,OTLY
3.575,3.595,3.57,3.595,17050,2022-04-27 14:20:00,OTLY
3.59,3.62,3.59,3.6103,34626,2022-04-27 14:21:00,OTLY
3.615,3.615,3.605,3.605,7754,2022-04-27 14:22:00,OTLY
3.6,3.6,3.6,3.6,6277,2022-04-27 14:23:00,OTLY
3.59,3.595,3.57,3.575,5637,2022-04-27 14:24:00,OTLY
3.58,3.585,3.58,3.5812,4681,2022-04-27 14:25:00,OTLY
3.585,3.585,3.58,3.58,3900,2022-04-27 14:26:00,OTLY
3.58,3.59,3.58,3.59,4552,2022-04-27 14:27:00,OTLY
3.59,3.595,3.59,3.59,14053,2022-04-27 14:28:00,OTLY
3.59,3.59,3.57,3.57,7936,2022-04-27 14:29:00,OTLY
3.575,3.59,3.575,3.585,5349,2022-04-27 14:30:00,OTLY
3.585,3.585,3.57,3.57,13368,2022-04-27 14:31:00,OTLY
3.57,3.57,3.56,3.56,11116,2022-04-27 14:32:00,OTLY
3.56,3.562,3.56,3.56,600,2022-04-27 14:33:00,OTLY
3.5625,3.575,3.5622,3.575,18128,2022-04-27 14:34:00,OTLY
3.57,3.58,3.57,3.58,1400,2022-04-27 14:35:00,OTLY
3.58,3.5895,3.57,3.575,12891,2022-04-27 14:36:00,OTLY
3.5728,3.575,3.5728,3.575,2900,2022-04-27 14:37:00,OTLY
3.57,3.57,3.56,3.5688,2724,2022-04-27 14:38:00,OTLY
3.56,3.565,3.56,3.565,400,2022-04-27 14:39:00,OTLY
3.565,3.575,3.565,3.57,26158,2022-04-27 14:40:00,OTLY
3.57,3.5712,3.56,3.56,10566,2022-04-27 14:41:00,OTLY
3.565,3.57,3.56,3.56,1400,2022-04-27 14:42:00,OTLY
3.565,3.58,3.5601,3.58,5102,2022-04-27 14:43:00,OTLY
3.57,3.5799,3.57,3.5799,2184,2022-04-27 14:44:00,OTLY
3.575,3.575,3.57,3.57,500,2022-04-27 14:45:00,OTLY
3.575,3.59,3.575,3.585,9622,2022-04-27 14:46:00,OTLY
3.585,3.595,3.58,3.59,9578,2022-04-27 14:47:00,OTLY
3.595,3.6,3.59,3.595,21063,2022-04-27 14:48:00,OTLY
3.595,3.595,3.58,3.585,4357,2022-04-27 14:49:00,OTLY
3.58,3.585,3.58,3.58,3015,2022-04-27 14:50:00,OTLY
3.58,3.58,3.56,3.565,27616,2022-04-27 14:51:00,OTLY
3.565,3.57,3.565,3.565,1522,2022-04-27 14:52:00,OTLY
3.565,3.57,3.56,3.56,5945,2022-04-27 14:53:00,OTLY
3.56,3.565,3.555,3.555,2450,2022-04-27 14:54:00,OTLY
3.55,3.565,3.55,3.555,35984,2022-04-27 14:55:00,OTLY
3.5528,3.5588,3.55,3.555,9751,2022-04-27 14:56:00,OTLY
3.55,3.55,3.535,3.535,9415,2022-04-27 14:57:00,OTLY
3.535,3.535,3.52,3.525,75214,2022-04-27 14:58:00,OTLY
3.53,3.53,3.52,3.52,27071,2022-04-27 14:59:00,OTLY
3.5201,3.545,3.5201,3.545,22475,2022-04-27 15:00:00,OTLY
3.54,3.56,3.54,3.555,15323,2022-04-27 15:01:00,OTLY
3.56,3.565,3.56,3.565,18780,2022-04-27 15:02:00,OTLY
3.5663,3.5663,3.545,3.545,33764,2022-04-27 15:03:00,OTLY
3.545,3.55,3.54,3.54,300,2022-04-27 15:04:00,OTLY
3.545,3.545,3.53,3.533,14816,2022-04-27 15:05:00,OTLY
3.54,3.56,3.535,3.55,48753,2022-04-27 15:06:00,OTLY
3.55,3.56,3.55,3.56,5633,2022-04-27 15:08:00,OTLY
3.565,3.565,3.56,3.56,6176,2022-04-27 15:09:00,OTLY
3.55,3.555,3.545,3.55,16366,2022-04-27 15:10:00,OTLY
3.545,3.5488,3.54,3.5488,1500,2022-04-27 15:11:00,OTLY
3.545,3.55,3.545,3.55,750,2022-04-27 15:12:00,OTLY
3.55,3.56,3.55,3.555,15342,2022-04-27 15:13:00,OTLY
3.555,3.555,3.55,3.55,6102,2022-04-27 15:14:00,OTLY
3.55,3.565,3.55,3.565,11421,2022-04-27 15:15:00,OTLY
3.56,3.56,3.5588,3.5588,3740,2022-04-27 15:16:00,OTLY
3.55,3.555,3.5491,3.5491,3100,2022-04-27 15:17:00,OTLY
3.545,3.545,3.545,3.545,300,2022-04-27 15:18:00,OTLY
3.55,3.555,3.55,3.555,8358,2022-04-27 15:19:00,OTLY
3.55,3.555,3.545,3.545,7678,2022-04-27 15:20:00,OTLY
3.54,3.545,3.54,3.54,6500,2022-04-27 15:21:00,OTLY
3.54,3.545,3.54,3.545,7237,2022-04-27 15:22:00,OTLY
3.54,3.54,3.54,3.54,800,2022-04-27 15:23:00,OTLY
3.55,3.55,3.545,3.545,357,2022-04-27 15:24:00,OTLY
3.545,3.55,3.54,3.545,5900,2022-04-27 15:25:00,OTLY
3.545,3.545,3.535,3.535,4172,2022-04-27 15:26:00,OTLY
3.535,3.535,3.535,3.535,100,2022-04-27 15:27:00,OTLY
3.54,3.545,3.54,3.545,8710,2022-04-27 15:28:00,OTLY
3.54,3.555,3.54,3.555,12380,2022-04-27 15:29:00,OTLY
3.555,3.555,3.55,3.5515,1300,2022-04-27 15:32:00,OTLY
3.56,3.56,3.555,3.5599,440,2022-04-27 15:33:00,OTLY
3.555,3.555,3.555,3.555,100,2022-04-27 15:34:00,OTLY
3.555,3.56,3.55,3.56,850,2022-04-27 15:35:00,OTLY
3.555,3.555,3.5504,3.5504,200,2022-04-27 15:36:00,OTLY
3.555,3.56,3.55,3.56,3861,2022-04-27 15:37:00,OTLY
3.555,3.555,3.55,3.55,5991,2022-04-27 15:38:00,OTLY
3.55,3.565,3.55,3.56,22264,2022-04-27 15:39:00,OTLY
3.5594,3.56,3.555,3.555,721,2022-04-27 15:40:00,OTLY
3.5592,3.56,3.55,3.56,5507,2022-04-27 15:41:00,OTLY
3.565,3.57,3.565,3.57,8916,2022-04-27 15:42:00,OTLY
3.57,3.575,3.565,3.575,28843,2022-04-27 15:43:00,OTLY
3.57,3.57,3.565,3.57,7140,2022-04-27 15:44:00,OTLY
3.57,3.57,3.56,3.56,3952,2022-04-27 15:45:00,OTLY
3.56,3.56,3.56,3.56,812,2022-04-27 15:46:00,OTLY
3.555,3.56,3.55,3.555,2703,2022-04-27 15:47:00,OTLY
3.55,3.55,3.54,3.545,4351,2022-04-27 15:48:00,OTLY
3.54,3.55,3.54,3.545,1500,2022-04-27 15:49:00,OTLY
3.545,3.545,3.54,3.54,800,2022-04-27 15:50:00,OTLY
3.545,3.55,3.545,3.55,1627,2022-04-27 15:51:00,OTLY
3.54,3.545,3.53,3.53,11053,2022-04-27 15:53:00,OTLY
3.53,3.53,3.52,3.52,2666,2022-04-27 15:54:00,OTLY
3.52,3.525,3.52,3.52,3669,2022-04-27 15:55:00,OTLY
3.52,3.54,3.52,3.54,30960,2022-04-27 15:56:00,OTLY
3.5312,3.54,3.5312,3.54,350,2022-04-27 15:57:00,OTLY
3.54,3.54,3.53,3.535,1600,2022-04-27 15:58:00,OTLY
3.54,3.54,3.54,3.54,200,2022-04-27 15:59:00,OTLY
3.53,3.535,3.53,3.53,8200,2022-04-27 16:01:00,OTLY
3.535,3.535,3.525,3.5288,9604,2022-04-27 16:02:00,OTLY
3.53,3.54,3.53,3.535,13492,2022-04-27 16:03:00,OTLY
3.535,3.535,3.52,3.52,11681,2022-04-27 16:04:00,OTLY
3.52,3.54,3.52,3.538,14726,2022-04-27 16:05:00,OTLY
3.54,3.545,3.54,3.545,18108,2022-04-27 16:06:00,OTLY
3.545,3.545,3.54,3.54,900,2022-04-27 16:07:00,OTLY
3.54,3.54,3.54,3.54,100,2022-04-27 16:08:00,OTLY
3.545,3.545,3.54,3.54,900,2022-04-27 16:10:00,OTLY
3.545,3.545,3.54,3.545,600,2022-04-27 16:11:00,OTLY
3.545,3.545,3.545,3.545,100,2022-04-27 16:12:00,OTLY
3.545,3.545,3.54,3.54,2499,2022-04-27 16:13:00,OTLY
3.54,3.54,3.54,3.54,141,2022-04-27 16:14:00,OTLY
3.545,3.545,3.545,3.545,100,2022-04-27 16:15:00,OTLY
3.54,3.5411,3.54,3.54,1390,2022-04-27 16:16:00,OTLY
3.545,3.5475,3.54,3.54,2373,2022-04-27 16:17:00,OTLY
3.545,3.5475,3.54,3.54,6767,2022-04-27 16:18:00,OTLY
3.54,3.54,3.53,3.53,3590,2022-04-27 16:19:00,OTLY
3.53,3.5327,3.53,3.5327,400,2022-04-27 16:20:00,OTLY
3.54,3.54,3.535,3.54,14963,2022-04-27 16:21:00,OTLY
3.55,3.555,3.5456,3.55,8925,2022-04-27 16:22:00,OTLY
3.56,3.565,3.56,3.565,3801,2022-04-27 16:23:00,OTLY
3.56,3.5689,3.56,3.5689,2350,2022-04-27 16:25:00,OTLY
3.5688,3.5688,3.5688,3.5688,140,2022-04-27 16:26:00,OTLY
3.57,3.5799,3.565,3.575,16262,2022-04-27 16:27:00,OTLY
3.57,3.575,3.57,3.57,1000,2022-04-27 16:28:00,OTLY
3.57,3.575,3.57,3.5701,3477,2022-04-27 16:29:00,OTLY
3.575,3.575,3.575,3.575,1607,2022-04-27 16:30:00,OTLY
3.575,3.575,3.57,3.575,1300,2022-04-27 16:31:00,OTLY
3.575,3.575,3.57,3.575,1737,2022-04-27 16:34:00,OTLY
3.58,3.585,3.58,3.585,29101,2022-04-27 16:35:00,OTLY
3.583,3.585,3.58,3.58,13522,2022-04-27 16:36:00,OTLY
3.585,3.585,3.58,3.582,9136,2022-04-27 16:37:00,OTLY
3.585,3.585,3.5812,3.585,1573,2022-04-27 16:38:00,OTLY
3.59,3.59,3.585,3.585,550,2022-04-27 16:39:00,OTLY
3.58,3.59,3.58,3.58,11648,2022-04-27 16:40:00,OTLY
3.58,3.585,3.58,3.585,1990,2022-04-27 16:41:00,OTLY
3.5892,3.5892,3.5812,3.5812,1600,2022-04-27 16:42:00,OTLY
3.59,3.59,3.5879,3.59,13363,2022-04-27 16:43:00,OTLY
3.59,3.595,3.59,3.5925,15374,2022-04-27 16:44:00,OTLY
3.595,3.595,3.58,3.58,16509,2022-04-27 16:45:00,OTLY
3.585,3.585,3.57,3.58,9051,2022-04-27 16:46:00,OTLY
3.5799,3.5799,3.5799,3.5799,102,2022-04-27 16:47:00,OTLY
3.58,3.58,3.58,3.58,250,2022-04-27 16:48:00,OTLY
3.575,3.5797,3.57,3.575,1937,2022-04-27 16:49:00,OTLY
3.575,3.575,3.575,3.575,4711,2022-04-27 16:51:00,OTLY
3.575,3.575,3.57,3.575,5287,2022-04-27 16:52:00,OTLY
3.575,3.575,3.57,3.57,1000,2022-04-27 16:53:00,OTLY
3.57,3.57,3.56,3.56,3824,2022-04-27 16:54:00,OTLY
3.56,3.5685,3.555,3.555,27042,2022-04-27 16:55:00,OTLY
3.555,3.56,3.555,3.555,1300,2022-04-27 16:56:00,OTLY
3.56,3.56,3.5595,3.5595,600,2022-04-27 16:57:00,OTLY
3.555,3.555,3.555,3.555,1000,2022-04-27 16:58:00,OTLY
3.555,3.555,3.55,3.55,700,2022-04-27 16:59:00,OTLY
3.55,3.555,3.54,3.545,9230,2022-04-27 17:00:00,OTLY
3.54,3.545,3.53,3.545,37621,2022-04-27 17:01:00,OTLY
3.545,3.57,3.54,3.56,17438,2022-04-27 17:02:00,OTLY
3.565,3.565,3.56,3.565,5239,2022-04-27 17:03:00,OTLY
3.565,3.57,3.565,3.565,3250,2022-04-27 17:04:00,OTLY
3.565,3.575,3.565,3.575,4400,2022-04-27 17:05:00,OTLY
3.575,3.5792,3.57,3.57,9769,2022-04-27 17:06:00,OTLY
3.57,3.57,3.56,3.56,1785,2022-04-27 17:07:00,OTLY
3.565,3.565,3.56,3.56,3346,2022-04-27 17:08:00,OTLY
3.555,3.555,3.555,3.555,200,2022-04-27 17:09:00,OTLY
3.555,3.56,3.5467,3.5467,19803,2022-04-27 17:10:00,OTLY
3.545,3.555,3.545,3.555,1959,2022-04-27 17:11:00,OTLY
3.5501,3.555,3.55,3.555,6437,2022-04-27 17:12:00,OTLY
3.55,3.55,3.54,3.545,37640,2022-04-27 17:13:00,OTLY
3.54,3.55,3.54,3.55,1900,2022-04-27 17:14:00,OTLY
3.545,3.545,3.54,3.54,1916,2022-04-27 17:15:00,OTLY
3.54,3.54,3.53,3.535,5708,2022-04-27 17:16:00,OTLY
3.535,3.545,3.535,3.54,19129,2022-04-27 17:17:00,OTLY
3.54,3.54,3.53,3.5399,7179,2022-04-27 17:18:00,OTLY
3.535,3.535,3.53,3.53,8400,2022-04-27 17:19:00,OTLY
3.53,3.53,3.53,3.53,884,2022-04-27 17:20:00,OTLY
3.535,3.535,3.53,3.535,500,2022-04-27 17:21:00,OTLY
3.535,3.54,3.53,3.5399,2300,2022-04-27 17:22:00,OTLY
3.535,3.5399,3.53,3.535,2400,2022-04-27 17:23:00,OTLY
3.535,3.54,3.535,3.54,19623,2022-04-27 17:25:00,OTLY
3.54,3.54,3.54,3.54,100,2022-04-27 17:26:00,OTLY
3.53,3.535,3.53,3.535,1000,2022-04-27 17:27:00,OTLY
3.54,3.555,3.54,3.55,36359,2022-04-27 17:28:00,OTLY
3.55,3.55,3.55,3.55,100,2022-04-27 17:29:00,OTLY
3.55,3.56,3.55,3.555,18143,2022-04-27 17:30:00,OTLY
3.555,3.56,3.55,3.56,900,2022-04-27 17:31:00,OTLY
3.555,3.555,3.555,3.555,280,2022-04-27 17:32:00,OTLY
3.555,3.56,3.555,3.555,3095,2022-04-27 17:33:00,OTLY
3.555,3.555,3.55,3.555,900,2022-04-27 17:34:00,OTLY
3.56,3.56,3.555,3.56,18500,2022-04-27 17:35:00,OTLY
3.55,3.555,3.545,3.545,23004,2022-04-27 17:36:00,OTLY
3.55,3.55,3.54,3.541,1767,2022-04-27 17:37:00,OTLY
3.55,3.55,3.54,3.54,2200,2022-04-27 17:38:00,OTLY
3.545,3.545,3.545,3.545,600,2022-04-27 17:39:00,OTLY
3.545,3.545,3.54,3.54,2700,2022-04-27 17:40:00,OTLY
3.54,3.545,3.54,3.545,1064,2022-04-27 17:41:00,OTLY
3.54,3.54,3.54,3.54,4405,2022-04-27 17:42:00,OTLY
3.54,3.54,3.53,3.53,6033,2022-04-27 17:43:00,OTLY
3.535,3.535,3.53,3.53,1600,2022-04-27 17:44:00,OTLY
3.53,3.53,3.53,3.53,1400,2022-04-27 17:45:00,OTLY
3.535,3.545,3.53,3.545,30119,2022-04-27 17:46:00,OTLY
3.545,3.545,3.545,3.545,512,2022-04-27 17:47:00,OTLY
3.55,3.55,3.545,3.545,200,2022-04-27 17:48:00,OTLY
3.5479,3.56,3.5479,3.56,22943,2022-04-27 17:49:00,OTLY
3.56,3.565,3.56,3.565,6482,2022-04-27 17:50:00,OTLY
3.567,3.57,3.567,3.57,2400,2022-04-27 17:51:00,OTLY
3.565,3.57,3.56,3.57,21029,2022-04-27 17:52:00,OTLY
3.5694,3.5699,3.5694,3.5699,300,2022-04-27 17:54:00,OTLY
3.565,3.57,3.56,3.565,19627,2022-04-27 17:55:00,OTLY
3.5587,3.559,3.5586,3.559,1450,2022-04-27 17:56:00,OTLY
3.56,3.565,3.56,3.565,52584,2022-04-27 17:57:00,OTLY
3.56,3.56,3.56,3.56,900,2022-04-27 17:58:00,OTLY
3.5661,3.57,3.565,3.57,5800,2022-04-27 18:00:00,OTLY
3.565,3.57,3.56,3.57,1100,2022-04-27 18:01:00,OTLY
3.565,3.565,3.565,3.565,100,2022-04-27 18:02:00,OTLY
3.565,3.565,3.565,3.565,750,2022-04-27 18:03:00,OTLY
3.56,3.565,3.56,3.565,1700,2022-04-27 18:04:00,OTLY
3.56,3.56,3.56,3.56,250,2022-04-27 18:05:00,OTLY
3.565,3.565,3.56,3.56,1137,2022-04-27 18:06:00,OTLY
3.565,3.569,3.56,3.569,1505,2022-04-27 18:07:00,OTLY
3.56,3.565,3.56,3.56,5600,2022-04-27 18:08:00,OTLY
3.56,3.565,3.56,3.56,3280,2022-04-27 18:09:00,OTLY
3.56,3.565,3.55,3.55,11085,2022-04-27 18:10:00,OTLY
3.55,3.55,3.55,3.55,1700,2022-04-27 18:11:00,OTLY
3.56,3.565,3.555,3.56,37978,2022-04-27 18:12:00,OTLY
3.565,3.565,3.565,3.565,200,2022-04-27 18:13:00,OTLY
3.565,3.61,3.565,3.605,64373,2022-04-27 18:14:00,OTLY
3.6,3.605,3.59,3.59,29164,2022-04-27 18:15:00,OTLY
3.6,3.6093,3.6,3.605,9200,2022-04-27 18:16:00,OTLY
3.605,3.61,3.6,3.61,7702,2022-04-27 18:17:00,OTLY
3.605,3.605,3.59,3.59,5181,2022-04-27 18:18:00,OTLY
3.5905,3.605,3.5905,3.605,31102,2022-04-27 18:19:00,OTLY
3.61,3.62,3.61,3.6199,22118,2022-04-27 18:20:00,OTLY
3.6199,3.6199,3.61,3.61,1500,2022-04-27 18:21:00,OTLY
3.615,3.62,3.615,3.615,1450,2022-04-27 18:22:00,OTLY
3.62,3.62,3.61,3.615,6400,2022-04-27 18:23:00,OTLY
3.61,3.61,3.6,3.6,18922,2022-04-27 18:24:00,OTLY
3.595,3.61,3.59,3.605,22306,2022-04-27 18:25:00,OTLY
3.61,3.6496,3.61,3.64,61821,2022-04-27 18:26:00,OTLY
3.64,3.64,3.63,3.635,8382,2022-04-27 18:27:00,OTLY
3.64,3.6599,3.64,3.65,18332,2022-04-27 18:28:00,OTLY
3.65,3.66,3.64,3.64,22345,2022-04-27 18:29:00,OTLY
3.64,3.6464,3.64,3.6464,1100,2022-04-27 18:30:00,OTLY
3.645,3.65,3.6401,3.65,12615,2022-04-27 18:31:00,OTLY
3.65,3.66,3.65,3.655,7072,2022-04-27 18:32:00,OTLY
3.655,3.66,3.65,3.6595,11226,2022-04-27 18:33:00,OTLY
3.6562,3.66,3.65,3.65,8168,2022-04-27 18:34:00,OTLY
3.6563,3.66,3.63,3.635,60290,2022-04-27 18:35:00,OTLY
3.635,3.635,3.62,3.62,22446,2022-04-27 18:36:00,OTLY
3.62,3.625,3.62,3.62,2600,2022-04-27 18:37:00,OTLY
3.62,3.62,3.6,3.6012,24710,2022-04-27 18:38:00,OTLY
3.61,3.62,3.61,3.615,37198,2022-04-27 18:39:00,OTLY
3.62,3.63,3.62,3.62,26935,2022-04-27 18:40:00,OTLY
3.6288,3.6288,3.625,3.625,1275,2022-04-27 18:41:00,OTLY
3.62,3.62,3.62,3.62,1100,2022-04-27 18:42:00,OTLY
3.625,3.625,3.62,3.624,3352,2022-04-27 18:43:00,OTLY
3.625,3.625,3.62,3.62,3038,2022-04-27 18:44:00,OTLY
3.63,3.63,3.62,3.62,3778,2022-04-27 18:45:00,OTLY
3.62,3.62,3.6,3.605,25945,2022-04-27 18:46:00,OTLY
3.6013,3.605,3.6,3.6,6483,2022-04-27 18:47:00,OTLY
3.605,3.61,3.595,3.6,50945,2022-04-27 18:48:00,OTLY
3.605,3.62,3.605,3.615,35559,2022-04-27 18:49:00,OTLY
3.615,3.6161,3.61,3.615,15460,2022-04-27 18:50:00,OTLY
3.61,3.615,3.61,3.61,1600,2022-04-27 18:51:00,OTLY
3.615,3.615,3.614,3.615,3065,2022-04-27 18:52:00,OTLY
3.62,3.63,3.62,3.6299,10509,2022-04-27 18:53:00,OTLY
3.625,3.63,3.615,3.62,17704,2022-04-27 18:54:00,OTLY
3.62,3.62,3.61,3.61,2200,2022-04-27 18:55:00,OTLY
3.61,3.61,3.6,3.6,13156,2022-04-27 18:56:00,OTLY
3.605,3.6095,3.6,3.605,2434,2022-04-27 18:57:00,OTLY
3.605,3.61,3.605,3.605,4244,2022-04-27 18:58:00,OTLY
3.605,3.6092,3.6,3.605,2331,2022-04-27 18:59:00,OTLY
3.6,3.6,3.59,3.59,9754,2022-04-27 19:00:00,OTLY
3.59,3.595,3.59,3.59,5447,2022-04-27 19:01:00,OTLY
3.595,3.595,3.59,3.59,2219,2022-04-27 19:02:00,OTLY
3.59,3.5987,3.58,3.58,16025,2022-04-27 19:03:00,OTLY
3.58,3.59,3.58,3.585,17433,2022-04-27 19:04:00,OTLY
3.59,3.6,3.585,3.6,11479,2022-04-27 19:05:00,OTLY
3.6,3.61,3.6,3.61,8441,2022-04-27 19:06:00,OTLY
3.6,3.605,3.6,3.605,400,2022-04-27 19:07:00,OTLY
3.6094,3.61,3.5995,3.5995,20775,2022-04-27 19:08:00,OTLY
3.595,3.595,3.59,3.5901,7193,2022-04-27 19:09:00,OTLY
3.59,3.595,3.5806,3.59,18471,2022-04-27 19:10:00,OTLY
3.59,3.59,3.59,3.59,906,2022-04-27 19:11:00,OTLY
3.59,3.59,3.58,3.585,3300,2022-04-27 19:12:00,OTLY
3.585,3.595,3.58,3.59,18882,2022-04-27 19:13:00,OTLY
3.595,3.595,3.59,3.5909,8004,2022-04-27 19:14:00,OTLY
3.6,3.6,3.585,3.585,10736,2022-04-27 19:15:00,OTLY
3.59,3.59,3.585,3.59,2000,2022-04-27 19:16:00,OTLY
3.5899,3.5899,3.585,3.585,800,2022-04-27 19:17:00,OTLY
3.585,3.585,3.585,3.585,1100,2022-04-27 19:18:00,OTLY
3.585,3.589,3.58,3.58,1425,2022-04-27 19:19:00,OTLY
3.585,3.585,3.575,3.575,9413,2022-04-27 19:20:00,OTLY
3.5701,3.575,3.57,3.575,4300,2022-04-27 19:21:00,OTLY
3.575,3.575,3.57,3.575,1200,2022-04-27 19:22:00,OTLY
3.57,3.58,3.57,3.575,6017,2022-04-27 19:23:00,OTLY
3.58,3.58,3.57,3.575,9036,2022-04-27 19:24:00,OTLY
3.57,3.595,3.57,3.595,47479,2022-04-27 19:25:00,OTLY
3.595,3.6,3.59,3.6,2729,2022-04-27 19:26:00,OTLY
3.5988,3.605,3.59,3.605,16969,2022-04-27 19:27:00,OTLY
3.605,3.6095,3.595,3.595,39262,2022-04-27 19:28:00,OTLY
3.595,3.595,3.595,3.595,200,2022-04-27 19:29:00,OTLY
3.5901,3.595,3.59,3.595,1300,2022-04-27 19:30:00,OTLY
3.595,3.61,3.595,3.61,17865,2022-04-27 19:31:00,OTLY
3.6,3.605,3.59,3.59,31477,2022-04-27 19:32:00,OTLY
3.595,3.595,3.585,3.585,7719,2022-04-27 19:33:00,OTLY
3.5806,3.585,3.58,3.58,10400,2022-04-27 19:34:00,OTLY
3.585,3.59,3.58,3.585,11860,2022-04-27 19:35:00,OTLY
3.585,3.585,3.57,3.575,13539,2022-04-27 19:36:00,OTLY
3.57,3.5701,3.57,3.57,1900,2022-04-27 19:37:00,OTLY
3.57,3.57,3.56,3.56,22418,2022-04-27 19:38:00,OTLY
3.56,3.5685,3.56,3.565,6522,2022-04-27 19:39:00,OTLY
3.57,3.57,3.565,3.565,57022,2022-04-27 19:40:00,OTLY
3.565,3.57,3.56,3.5663,10134,2022-04-27 19:41:00,OTLY
3.565,3.565,3.56,3.5643,9317,2022-04-27 19:42:00,OTLY
3.563,3.57,3.563,3.57,11781,2022-04-27 19:43:00,OTLY
3.57,3.58,3.57,3.575,34325,2022-04-27 19:44:00,OTLY
3.57,3.58,3.57,3.575,3247,2022-04-27 19:45:00,OTLY
3.58,3.58,3.572,3.58,23847,2022-04-27 19:46:00,OTLY
3.58,3.58,3.58,3.58,3123,2022-04-27 19:47:00,OTLY
3.575,3.575,3.57,3.575,9969,2022-04-27 19:48:00,OTLY
3.57,3.575,3.56,3.5609,20707,2022-04-27 19:49:00,OTLY
3.56,3.565,3.56,3.56,5069,2022-04-27 19:50:00,OTLY
3.565,3.565,3.55,3.5599,26143,2022-04-27 19:51:00,OTLY
3.555,3.56,3.55,3.55,4766,2022-04-27 19:52:00,OTLY
3.56,3.56,3.55,3.55,6939,2022-04-27 19:53:00,OTLY
3.555,3.56,3.55,3.55,17223,2022-04-27 19:54:00,OTLY
3.555,3.56,3.55,3.555,63717,2022-04-27 19:55:00,OTLY
3.56,3.56,3.55,3.55,2900,2022-04-27 19:56:00,OTLY
3.55,3.56,3.55,3.55,9933,2022-04-27 19:57:00,OTLY
3.555,3.56,3.555,3.56,58136,2022-04-27 19:58:00,OTLY
3.56,3.58,3.56,3.57,78511,2022-04-27 19:59:00,OTLY
3.57,3.57,3.57,3.57,81945,2022-04-27 20:00:00,OTLY
3.62,3.62,3.62,3.62,100,2022-04-27 20:11:00,OTLY
3.62,3.62,3.62,3.62,100,2022-04-27 20:12:00,OTLY
3.63,3.63,3.63,3.63,100,2022-04-27 20:33:00,OTLY
3.63,3.63,3.63,3.63,2000,2022-04-27 20:52:00,OTLY
3.63,3.63,3.63,3.63,500,2022-04-27 20:54:00,OTLY
3.6255,3.6255,3.6255,3.6255,100,2022-04-27 21:12:00,OTLY
3.6294,3.6294,3.6294,3.6294,500,2022-04-27 21:15:00,OTLY
3.627,3.627,3.61,3.61,300,2022-04-27 21:16:00,OTLY
3.63,3.63,3.63,3.63,1000,2022-04-27 21:23:00,OTLY
3.6297,3.6297,3.6297,3.6297,3500,2022-04-27 21:39:00,OTLY
3.63,3.63,3.63,3.63,900,2022-04-27 22:41:00,OTLY
3.63,3.63,3.63,3.63,200,2022-04-27 23:12:00,OTLY
3.65,3.65,3.65,3.65,544,2022-04-27 23:14:00,OTLY
3.63,3.63,3.63,3.63,2000,2022-04-27 23:17:00,OTLY
3.65,3.65,3.65,3.65,100,2022-04-27 23:20:00,OTLY
3.66,3.66,3.66,3.66,500,2022-04-27 23:21:00,OTLY
3.63,3.63,3.63,3.63,700,2022-04-27 23:22:00,OTLY
3.65,3.65,3.65,3.65,1000,2022-04-27 23:53:00,OTLY
3.65,3.65,3.65,3.65,300,2022-04-28 11:59:00,OTLY
3.65,3.65,3.65,3.65,300,2022-04-28 12:20:00,OTLY
3.64,3.64,3.64,3.64,100,2022-04-28 12:32:00,OTLY
3.64,3.68,3.64,3.64,4379,2022-04-28 12:34:00,OTLY
3.6499,3.6499,3.6499,3.6499,100,2022-04-28 12:41:00,OTLY
3.65,3.65,3.65,3.65,3000,2022-04-28 12:44:00,OTLY
3.65,3.65,3.65,3.65,300,2022-04-28 12:49:00,OTLY
3.61,3.61,3.61,3.61,102,2022-04-28 12:59:00,OTLY
3.61,3.61,3.61,3.61,2400,2022-04-28 13:07:00,OTLY
3.605,3.605,3.605,3.605,1094,2022-04-28 13:08:00,OTLY
3.61,3.61,3.61,3.61,321,2022-04-28 13:12:00,OTLY
3.61,3.61,3.61,3.61,1380,2022-04-28 13:13:00,OTLY
3.61,3.61,3.61,3.61,944,2022-04-28 13:25:00,OTLY
3.64,3.64,3.64,3.64,134,2022-04-28 13:29:00,OTLY
3.65,3.717,3.643,3.717,62361,2022-04-28 13:30:00,OTLY
3.71,3.71,3.68,3.7,10628,2022-04-28 13:31:00,OTLY
3.68,3.69,3.67,3.685,35690,2022-04-28 13:32:00,OTLY
3.69,3.7,3.68,3.68,8792,2022-04-28 13:33:00,OTLY
3.67,3.67,3.64,3.645,5555,2022-04-28 13:34:00,OTLY
3.64,3.64,3.585,3.6,18155,2022-04-28 13:35:00,OTLY
3.605,3.615,3.5899,3.59,13323,2022-04-28 13:36:00,OTLY
3.58,3.6,3.58,3.6,12000,2022-04-28 13:37:00,OTLY
3.595,3.615,3.59,3.615,7788,2022-04-28 13:38:00,OTLY
3.6145,3.63,3.6145,3.62,3851,2022-04-28 13:39:00,OTLY
3.615,3.64,3.61,3.625,6977,2022-04-28 13:40:00,OTLY
3.625,3.6499,3.625,3.6491,3300,2022-04-28 13:41:00,OTLY
3.64,3.64,3.625,3.625,2599,2022-04-28 13:42:00,OTLY
3.62,3.63,3.6,3.6,21777,2022-04-28 13:43:00,OTLY
3.59,3.595,3.585,3.59,3023,2022-04-28 13:44:00,OTLY
3.585,3.6,3.58,3.58,13248,2022-04-28 13:45:00,OTLY
3.58,3.61,3.5708,3.605,88291,2022-04-28 13:46:00,OTLY
3.61,3.62,3.6,3.61,12540,2022-04-28 13:47:00,OTLY
3.6,3.605,3.59,3.59,3005,2022-04-28 13:48:00,OTLY
3.59,3.59,3.58,3.585,40939,2022-04-28 13:49:00,OTLY
3.585,3.585,3.585,3.585,1100,2022-04-28 13:50:00,OTLY
3.585,3.59,3.5809,3.59,26173,2022-04-28 13:51:00,OTLY
3.595,3.61,3.595,3.605,9235,2022-04-28 13:52:00,OTLY
3.6,3.62,3.6,3.61,14976,2022-04-28 13:53:00,OTLY
3.615,3.655,3.61,3.64,41158,2022-04-28 13:54:00,OTLY
3.645,3.6495,3.645,3.645,6174,2022-04-28 13:55:00,OTLY
3.64,3.66,3.64,3.655,16695,2022-04-28 13:56:00,OTLY
3.655,3.655,3.65,3.655,20873,2022-04-28 13:57:00,OTLY
3.65,3.655,3.635,3.645,10283,2022-04-28 13:58:00,OTLY
3.645,3.645,3.635,3.635,1365,2022-04-28 13:59:00,OTLY
3.63,3.635,3.615,3.62,6760,2022-04-28 14:00:00,OTLY
3.62,3.62,3.615,3.615,4525,2022-04-28 14:01:00,OTLY
3.62,3.625,3.62,3.6204,5988,2022-04-28 14:02:00,OTLY
3.6212,3.6212,3.615,3.62,2846,2022-04-28 14:03:00,OTLY
3.615,3.615,3.61,3.615,1600,2022-04-28 14:04:00,OTLY
3.61,3.615,3.61,3.61,5805,2022-04-28 14:05:00,OTLY
3.61,3.625,3.61,3.625,11078,2022-04-28 14:06:00,OTLY
3.63,3.64,3.63,3.64,5786,2022-04-28 14:07:00,OTLY
3.6391,3.64,3.6391,3.64,550,2022-04-28 14:08:00,OTLY
3.63,3.63,3.6,3.6,18878,2022-04-28 14:09:00,OTLY
3.601,3.605,3.6,3.605,2270,2022-04-28 14:10:00,OTLY
3.6,3.6,3.59,3.5999,2768,2022-04-28 14:11:00,OTLY
3.59,3.59,3.58,3.5809,11717,2022-04-28 14:12:00,OTLY
3.585,3.59,3.57,3.58,38730,2022-04-28 14:13:00,OTLY
3.585,3.585,3.575,3.575,10025,2022-04-28 14:14:00,OTLY
3.57,3.5788,3.57,3.575,8072,2022-04-28 14:15:00,OTLY
3.57,3.575,3.5609,3.575,8880,2022-04-28 14:16:00,OTLY
3.575,3.581,3.575,3.581,5253,2022-04-28 14:17:00,OTLY
3.58,3.58,3.58,3.58,2710,2022-04-28 14:18:00,OTLY
3.58,3.58,3.565,3.565,2200,2022-04-28 14:20:00,OTLY
3.565,3.565,3.565,3.565,400,2022-04-28 14:21:00,OTLY
3.565,3.565,3.565,3.565,2119,2022-04-28 14:22:00,OTLY
3.56,3.56,3.54,3.545,28416,2022-04-28 14:23:00,OTLY
3.54,3.55,3.54,3.5495,9538,2022-04-28 14:24:00,OTLY
3.545,3.555,3.54,3.555,8752,2022-04-28 14:25:00,OTLY
3.55,3.55,3.5408,3.5408,7477,2022-04-28 14:26:00,OTLY
3.54,3.55,3.5312,3.545,7303,2022-04-28 14:27:00,OTLY
3.545,3.555,3.545,3.55,3828,2022-04-28 14:28:00,OTLY
3.545,3.545,3.54,3.54,6200,2022-04-28 14:29:00,OTLY
3.535,3.535,3.535,3.535,200,2022-04-28 14:30:00,OTLY
3.5311,3.535,3.52,3.535,20037,2022-04-28 14:31:00,OTLY
3.535,3.535,3.52,3.52,7349,2022-04-28 14:32:00,OTLY
3.5209,3.5209,3.515,3.52,16090,2022-04-28 14:33:00,OTLY
3.515,3.525,3.515,3.52,7369,2022-04-28 14:34:00,OTLY
3.515,3.525,3.515,3.52,10149,2022-04-28 14:35:00,OTLY
3.515,3.515,3.515,3.515,1000,2022-04-28 14:36:00,OTLY
3.52,3.545,3.52,3.545,22513,2022-04-28 14:37:00,OTLY
3.545,3.545,3.535,3.535,10825,2022-04-28 14:38:00,OTLY
3.535,3.54,3.5312,3.54,1126,2022-04-28 14:39:00,OTLY
3.53,3.53,3.52,3.5299,22138,2022-04-28 14:40:00,OTLY
3.525,3.525,3.515,3.52,6098,2022-04-28 14:41:00,OTLY
3.525,3.525,3.52,3.525,3540,2022-04-28 14:42:00,OTLY
3.52,3.525,3.52,3.52,1263,2022-04-28 14:43:00,OTLY
3.525,3.54,3.52,3.5301,15559,2022-04-28 14:45:00,OTLY
3.53,3.535,3.525,3.535,24303,2022-04-28 14:46:00,OTLY
3.54,3.545,3.535,3.535,17356,2022-04-28 14:47:00,OTLY
3.53,3.5395,3.53,3.535,15073,2022-04-28 14:48:00,OTLY
3.5357,3.5496,3.5357,3.545,19379,2022-04-28 14:49:00,OTLY
3.55,3.55,3.5405,3.5405,11107,2022-04-28 14:50:00,OTLY
3.5401,3.545,3.53,3.535,7104,2022-04-28 14:51:00,OTLY
3.535,3.54,3.535,3.54,1803,2022-04-28 14:52:00,OTLY
3.5305,3.56,3.5305,3.56,25603,2022-04-28 14:53:00,OTLY
3.56,3.56,3.54,3.54,85296,2022-04-28 14:54:00,OTLY
3.535,3.55,3.53,3.545,40162,2022-04-28 14:55:00,OTLY
3.545,3.55,3.5412,3.55,5770,2022-04-28 14:56:00,OTLY
3.545,3.545,3.53,3.535,9600,2022-04-28 14:57:00,OTLY
3.535,3.54,3.53,3.535,14569,2022-04-28 14:58:00,OTLY
3.535,3.54,3.535,3.535,3015,2022-04-28 14:59:00,OTLY
3.535,3.535,3.53,3.535,2100,2022-04-28 15:00:00,OTLY
3.535,3.54,3.535,3.535,3000,2022-04-28 15:01:00,OTLY
3.535,3.54,3.535,3.535,4650,2022-04-28 15:02:00,OTLY
3.535,3.54,3.525,3.525,11627,2022-04-28 15:03:00,OTLY
3.525,3.525,3.5211,3.525,1950,2022-04-28 15:04:00,OTLY
3.525,3.525,3.515,3.52,20876,2022-04-28 15:05:00,OTLY
3.53,3.54,3.52,3.525,14635,2022-04-28 15:06:00,OTLY
3.53,3.54,3.525,3.535,8804,2022-04-28 15:07:00,OTLY
3.535,3.54,3.5301,3.5335,5350,2022-04-28 15:08:00,OTLY
3.535,3.54,3.535,3.54,3465,2022-04-28 15:09:00,OTLY
3.54,3.54,3.535,3.54,6500,2022-04-28 15:10:00,OTLY
3.54,3.54,3.535,3.535,6888,2022-04-28 15:11:00,OTLY
3.535,3.54,3.525,3.525,13794,2022-04-28 15:12:00,OTLY
3.525,3.525,3.525,3.525,600,2022-04-28 15:13:00,OTLY
3.52,3.5299,3.52,3.525,3500,2022-04-28 15:14:00,OTLY
3.525,3.525,3.525,3.525,2793,2022-04-28 15:15:00,OTLY
3.525,3.525,3.515,3.515,3838,2022-04-28 15:16:00,OTLY
3.52,3.52,3.515,3.515,2860,2022-04-28 15:17:00,OTLY
3.515,3.525,3.515,3.525,18356,2022-04-28 15:18:00,OTLY
3.525,3.525,3.51,3.515,24357,2022-04-28 15:19:00,OTLY
3.51,3.515,3.505,3.515,33891,2022-04-28 15:20:00,OTLY
3.51,3.51,3.51,3.51,400,2022-04-28 15:21:00,OTLY
3.5188,3.5188,3.515,3.515,2650,2022-04-28 15:22:00,OTLY
3.515,3.515,3.515,3.515,100,2022-04-28 15:23:00,OTLY
3.5199,3.53,3.515,3.52,9824,2022-04-28 15:24:00,OTLY
3.53,3.53,3.52,3.52,4461,2022-04-28 15:25:00,OTLY
3.525,3.53,3.515,3.53,7362,2022-04-28 15:26:00,OTLY
3.52,3.52,3.515,3.515,3000,2022-04-28 15:27:00,OTLY
3.51,3.515,3.51,3.515,342,2022-04-28 15:28:00,OTLY
3.515,3.515,3.515,3.515,308,2022-04-28 15:29:00,OTLY
3.515,3.52,3.515,3.52,2800,2022-04-28 15:30:00,OTLY
3.525,3.53,3.525,3.525,2544,2022-04-28 15:31:00,OTLY
3.52,3.52,3.515,3.515,5722,2022-04-28 15:32:00,OTLY
3.51,3.52,3.51,3.515,6609,2022-04-28 15:33:00,OTLY
3.52,3.52,3.515,3.515,10630,2022-04-28 15:34:00,OTLY
3.51,3.515,3.495,3.495,77595,2022-04-28 15:35:00,OTLY
3.49,3.4958,3.49,3.495,4784,2022-04-28 15:36:00,OTLY
3.495,3.4987,3.485,3.4857,10713,2022-04-28 15:37:00,OTLY
3.485,3.495,3.48,3.49,21225,2022-04-28 15:38:00,OTLY
3.49,3.49,3.485,3.485,6264,2022-04-28 15:39:00,OTLY
3.49,3.5,3.485,3.49,20876,2022-04-28 15:40:00,OTLY
3.495,3.5,3.485,3.485,7255,2022-04-28 15:41:00,OTLY
3.48,3.5,3.48,3.5,52802,2022-04-28 15:42:00,OTLY
3.495,3.495,3.49,3.49,300,2022-04-28 15:43:00,OTLY
3.49,3.49,3.485,3.485,5422,2022-04-28 15:44:00,OTLY
3.485,3.485,3.48,3.485,2700,2022-04-28 15:45:00,OTLY
3.485,3.49,3.48,3.4802,11600,2022-04-28 15:47:00,OTLY
3.48,3.48,3.47,3.475,62101,2022-04-28 15:48:00,OTLY
3.47,3.48,3.47,3.475,27463,2022-04-28 15:49:00,OTLY
3.475,3.475,3.475,3.475,100,2022-04-28 15:50:00,OTLY
3.475,3.48,3.475,3.475,7300,2022-04-28 15:51:00,OTLY
3.475,3.475,3.47,3.475,3625,2022-04-28 15:52:00,OTLY
3.475,3.475,3.465,3.465,14262,2022-04-28 15:53:00,OTLY
3.4664,3.4795,3.465,3.475,14792,2022-04-28 15:54:00,OTLY
3.47,3.48,3.47,3.475,9430,2022-04-28 15:55:00,OTLY
3.47,3.47,3.465,3.465,2189,2022-04-28 15:56:00,OTLY
3.465,3.465,3.45,3.455,30643,2022-04-28 15:57:00,OTLY
3.455,3.4688,3.455,3.465,30158,2022-04-28 15:58:00,OTLY
3.465,3.47,3.465,3.47,3600,2022-04-28 15:59:00,OTLY
3.465,3.47,3.46,3.465,51228,2022-04-28 16:00:00,OTLY
3.47,3.47,3.465,3.47,6499,2022-04-28 16:01:00,OTLY
3.465,3.47,3.465,3.465,5367,2022-04-28 16:02:00,OTLY
3.47,3.48,3.465,3.48,3836,2022-04-28 16:03:00,OTLY
3.47,3.47,3.47,3.47,300,2022-04-28 16:04:00,OTLY
3.4766,3.4766,3.465,3.47,10215,2022-04-28 16:05:00,OTLY
3.465,3.465,3.45,3.45,14233,2022-04-28 16:06:00,OTLY
3.455,3.465,3.45,3.46,16347,2022-04-28 16:07:00,OTLY
3.465,3.465,3.455,3.46,5279,2022-04-28 16:08:00,OTLY
3.46,3.475,3.46,3.475,16767,2022-04-28 16:09:00,OTLY
3.475,3.48,3.475,3.475,4200,2022-04-28 16:12:00,OTLY
3.48,3.48,3.48,3.48,100,2022-04-28 16:13:00,OTLY
3.48,3.48,3.4763,3.4763,300,2022-04-28 16:14:00,OTLY
3.48,3.48,3.475,3.4788,7238,2022-04-28 16:15:00,OTLY
3.475,3.48,3.475,3.475,11433,2022-04-28 16:16:00,OTLY
3.475,3.485,3.475,3.475,47224,2022-04-28 16:17:00,OTLY
3.475,3.48,3.47,3.475,7754,2022-04-28 16:18:00,OTLY
3.475,3.48,3.47,3.4767,28317,2022-04-28 16:19:00,OTLY
3.475,3.48,3.47,3.48,9394,2022-04-28 16:20:00,OTLY
3.48,3.5,3.48,3.5,26785,2022-04-28 16:21:00,OTLY
3.495,3.4999,3.495,3.495,2691,2022-04-28 16:22:00,OTLY
3.495,3.495,3.495,3.495,100,2022-04-28 16:23:00,OTLY
3.495,3.4956,3.49,3.495,4300,2022-04-28 16:24:00,OTLY
3.495,3.505,3.495,3.505,12144,2022-04-28 16:25:00,OTLY
3.505,3.5099,3.5,3.505,8423,2022-04-28 16:26:00,OTLY
3.5095,3.5095,3.5,3.5,11700,2022-04-28 16:27:00,OTLY
3.505,3.505,3.5,3.5,10221,2022-04-28 16:28:00,OTLY
3.5,3.5,3.5,3.5,2479,2022-04-28 16:29:00,OTLY
3.505,3.505,3.5,3.5,964,2022-04-28 16:30:00,OTLY
3.5002,3.52,3.5002,3.515,21759,2022-04-28 16:31:00,OTLY
3.515,3.52,3.51,3.515,7037,2022-04-28 16:32:00,OTLY
3.515,3.515,3.51,3.515,11300,2022-04-28 16:33:00,OTLY
3.515,3.515,3.515,3.515,300,2022-04-28 16:34:00,OTLY
3.515,3.52,3.51,3.52,68841,2022-04-28 16:35:00,OTLY
3.52,3.52,3.51,3.515,7778,2022-04-28 16:36:00,OTLY
3.515,3.5195,3.515,3.515,8432,2022-04-28 16:37:00,OTLY
3.52,3.525,3.515,3.525,18940,2022-04-28 16:38:00,OTLY
3.52,3.52,3.52,3.52,500,2022-04-28 16:39:00,OTLY
3.52,3.54,3.52,3.535,18318,2022-04-28 16:40:00,OTLY
3.535,3.538,3.53,3.535,5450,2022-04-28 16:41:00,OTLY
3.535,3.54,3.535,3.535,6880,2022-04-28 16:42:00,OTLY
3.54,3.56,3.535,3.56,14828,2022-04-28 16:43:00,OTLY
3.555,3.56,3.5513,3.555,2229,2022-04-28 16:44:00,OTLY
3.56,3.58,3.555,3.57,42151,2022-04-28 16:45:00,OTLY
3.57,3.57,3.57,3.57,100,2022-04-28 16:46:00,OTLY
3.575,3.58,3.575,3.58,39946,2022-04-28 16:47:00,OTLY
3.575,3.575,3.575,3.575,430,2022-04-28 16:48:00,OTLY
3.57,3.57,3.56,3.5601,14817,2022-04-28 16:49:00,OTLY
3.56,3.565,3.55,3.55,6631,2022-04-28 16:50:00,OTLY
3.55,3.56,3.545,3.555,12132,2022-04-28 16:51:00,OTLY
3.555,3.565,3.555,3.565,6253,2022-04-28 16:52:00,OTLY
3.565,3.565,3.565,3.565,100,2022-04-28 16:53:00,OTLY
3.5698,3.5698,3.56,3.5601,8200,2022-04-28 16:55:00,OTLY
3.565,3.565,3.565,3.565,400,2022-04-28 16:56:00,OTLY
3.57,3.57,3.56,3.565,8327,2022-04-28 16:57:00,OTLY
3.565,3.58,3.56,3.575,17274,2022-04-28 16:58:00,OTLY
3.58,3.585,3.575,3.5811,7360,2022-04-28 16:59:00,OTLY
3.585,3.589,3.58,3.585,1300,2022-04-28 17:00:00,OTLY
3.58,3.58,3.58,3.58,400,2022-04-28 17:01:00,OTLY
3.585,3.585,3.575,3.575,2100,2022-04-28 17:02:00,OTLY
3.58,3.59,3.575,3.575,7327,2022-04-28 17:03:00,OTLY
3.575,3.59,3.575,3.5892,6769,2022-04-28 17:04:00,OTLY
3.5892,3.595,3.585,3.585,7868,2022-04-28 17:05:00,OTLY
3.58,3.5815,3.575,3.5815,7393,2022-04-28 17:06:00,OTLY
3.585,3.59,3.585,3.59,6370,2022-04-28 17:07:00,OTLY
3.585,3.59,3.58,3.585,5733,2022-04-28 17:08:00,OTLY
3.59,3.59,3.5866,3.59,2600,2022-04-28 17:09:00,OTLY
3.6,3.6,3.6,3.6,200,2022-04-28 17:10:00,OTLY
3.5973,3.6162,3.595,3.61,28667,2022-04-28 17:11:00,OTLY
3.605,3.62,3.605,3.615,2600,2022-04-28 17:12:00,OTLY
3.6112,3.62,3.61,3.62,5283,2022-04-28 17:13:00,OTLY
3.625,3.625,3.615,3.615,7800,2022-04-28 17:14:00,OTLY
3.615,3.6293,3.61,3.615,18589,2022-04-28 17:15:00,OTLY
3.615,3.615,3.6012,3.6012,5447,2022-04-28 17:16:00,OTLY
3.61,3.62,3.61,3.61,10428,2022-04-28 17:17:00,OTLY
3.615,3.615,3.61,3.61,2402,2022-04-28 17:18:00,OTLY
3.61,3.615,3.61,3.615,1350,2022-04-28 17:19:00,OTLY
3.615,3.6262,3.615,3.625,10817,2022-04-28 17:20:00,OTLY
3.625,3.625,3.615,3.615,3854,2022-04-28 17:21:00,OTLY
3.61,3.615,3.61,3.61,2285,2022-04-28 17:22:00,OTLY
3.61,3.61,3.605,3.61,5306,2022-04-28 17:23:00,OTLY
3.615,3.615,3.615,3.615,800,2022-04-28 17:24:00,OTLY
3.615,3.625,3.615,3.625,13600,2022-04-28 17:25:00,OTLY
3.6208,3.63,3.6208,3.629,1679,2022-04-28 17:26:00,OTLY
3.625,3.63,3.62,3.63,1946,2022-04-28 17:27:00,OTLY
3.625,3.63,3.62,3.625,2300,2022-04-28 17:28:00,OTLY
3.62,3.62,3.61,3.62,5275,2022-04-28 17:29:00,OTLY
3.627,3.627,3.6101,3.615,15803,2022-04-28 17:30:00,OTLY
3.6101,3.625,3.6101,3.625,9665,2022-04-28 17:31:00,OTLY
3.62,3.62,3.615,3.62,3800,2022-04-28 17:32:00,OTLY
3.62,3.63,3.62,3.62,26297,2022-04-28 17:33:00,OTLY
3.62,3.62,3.62,3.62,1085,2022-04-28 17:35:00,OTLY
3.625,3.625,3.62,3.62,1900,2022-04-28 17:36:00,OTLY
3.625,3.63,3.625,3.625,2150,2022-04-28 17:37:00,OTLY
3.625,3.63,3.625,3.63,24293,2022-04-28 17:38:00,OTLY
3.625,3.63,3.625,3.625,6401,2022-04-28 17:39:00,OTLY
3.63,3.63,3.625,3.625,8381,2022-04-28 17:40:00,OTLY
3.625,3.625,3.615,3.62,3936,2022-04-28 17:41:00,OTLY
3.62,3.625,3.618,3.62,12604,2022-04-28 17:42:00,OTLY
3.625,3.625,3.625,3.625,300,2022-04-28 17:43:00,OTLY
3.62,3.62,3.615,3.615,3015,2022-04-28 17:44:00,OTLY
3.615,3.625,3.615,3.625,3911,2022-04-28 17:45:00,OTLY
3.625,3.625,3.625,3.625,892,2022-04-28 17:46:00,OTLY
3.625,3.63,3.625,3.63,4157,2022-04-28 17:47:00,OTLY
3.63,3.63,3.625,3.63,6290,2022-04-28 17:48:00,OTLY
3.6299,3.64,3.6299,3.635,4169,2022-04-28 17:49:00,OTLY
3.635,3.635,3.6333,3.6333,500,2022-04-28 17:50:00,OTLY
3.64,3.64,3.635,3.635,2390,2022-04-28 17:51:00,OTLY
3.635,3.64,3.625,3.635,20175,2022-04-28 17:52:00,OTLY
3.635,3.635,3.63,3.635,1900,2022-04-28 17:53:00,OTLY
3.64,3.64,3.6307,3.635,9504,2022-04-28 17:54:00,OTLY
3.635,3.64,3.635,3.64,1100,2022-04-28 17:55:00,OTLY
3.63,3.63,3.63,3.63,855,2022-04-28 17:56:00,OTLY
3.635,3.635,3.635,3.635,300,2022-04-28 17:57:00,OTLY
3.64,3.65,3.635,3.65,18374,2022-04-28 17:58:00,OTLY
3.645,3.65,3.645,3.647,3650,2022-04-28 17:59:00,OTLY
3.645,3.645,3.635,3.636,10408,2022-04-28 18:00:00,OTLY
3.635,3.6393,3.635,3.635,3595,2022-04-28 18:01:00,OTLY
3.635,3.64,3.63,3.63,5076,2022-04-28 18:02:00,OTLY
3.64,3.65,3.64,3.645,9300,2022-04-28 18:03:00,OTLY
3.655,3.6564,3.655,3.6564,1000,2022-04-28 18:04:00,OTLY
3.66,3.66,3.65,3.65,484,2022-04-28 18:05:00,OTLY
3.65,3.65,3.635,3.635,8196,2022-04-28 18:06:00,OTLY
3.635,3.65,3.635,3.645,3300,2022-04-28 18:07:00,OTLY
3.645,3.66,3.645,3.65,10392,2022-04-28 18:08:00,OTLY
3.655,3.66,3.655,3.655,7041,2022-04-28 18:09:00,OTLY
3.66,3.66,3.655,3.66,1800,2022-04-28 18:10:00,OTLY
3.66,3.6664,3.66,3.6644,9699,2022-04-28 18:11:00,OTLY
3.665,3.665,3.66,3.665,3400,2022-04-28 18:12:00,OTLY
3.67,3.67,3.665,3.665,1200,2022-04-28 18:13:00,OTLY
3.665,3.665,3.655,3.66,4297,2022-04-28 18:14:00,OTLY
3.66,3.67,3.66,3.665,16012,2022-04-28 18:15:00,OTLY
3.665,3.665,3.665,3.665,1100,2022-04-28 18:16:00,OTLY
3.665,3.68,3.665,3.675,18636,2022-04-28 18:17:00,OTLY
3.675,3.675,3.6706,3.675,4635,2022-04-28 18:18:00,OTLY
3.675,3.68,3.675,3.68,3100,2022-04-28 18:19:00,OTLY
3.675,3.68,3.675,3.68,1400,2022-04-28 18:20:00,OTLY
3.675,3.68,3.665,3.675,22744,2022-04-28 18:21:00,OTLY
3.675,3.68,3.67,3.675,2440,2022-04-28 18:22:00,OTLY
3.679,3.69,3.675,3.685,11838,2022-04-28 18:23:00,OTLY
3.685,3.71,3.685,3.71,72752,2022-04-28 18:24:00,OTLY
3.71,3.72,3.71,3.715,2782,2022-04-28 18:25:00,OTLY
3.715,3.72,3.714,3.72,4946,2022-04-28 18:26:00,OTLY
3.72,3.72,3.71,3.715,7199,2022-04-28 18:27:00,OTLY
3.715,3.7168,3.71,3.715,1750,2022-04-28 18:28:00,OTLY
3.715,3.715,3.71,3.715,3534,2022-04-28 18:29:00,OTLY
3.715,3.725,3.71,3.725,25414,2022-04-28 18:30:00,OTLY
3.72,3.72,3.705,3.705,13441,2022-04-28 18:31:00,OTLY
3.705,3.705,3.69,3.69,6019,2022-04-28 18:32:00,OTLY
3.695,3.7,3.69,3.7,8546,2022-04-28 18:33:00,OTLY
3.705,3.705,3.7,3.705,1650,2022-04-28 18:34:00,OTLY
3.705,3.715,3.705,3.715,12237,2022-04-28 18:35:00,OTLY
3.715,3.715,3.7,3.71,17236,2022-04-28 18:36:00,OTLY
3.705,3.71,3.705,3.7091,2403,2022-04-28 18:37:00,OTLY
3.705,3.71,3.7001,3.7001,5900,2022-04-28 18:38:00,OTLY
3.71,3.71,3.705,3.705,15873,2022-04-28 18:39:00,OTLY
3.709,3.709,3.695,3.695,5135,2022-04-28 18:40:00,OTLY
3.7,3.7,3.695,3.695,1100,2022-04-28 18:41:00,OTLY
3.695,3.695,3.695,3.695,700,2022-04-28 18:42:00,OTLY
3.695,3.7,3.691,3.7,7403,2022-04-28 18:43:00,OTLY
3.7,3.7,3.6901,3.695,6100,2022-04-28 18:44:00,OTLY
3.7,3.7,3.695,3.7,4100,2022-04-28 18:45:00,OTLY
3.7,3.71,3.695,3.705,7502,2022-04-28 18:46:00,OTLY
3.71,3.71,3.7,3.701,5644,2022-04-28 18:47:00,OTLY
3.705,3.705,3.705,3.705,1494,2022-04-28 18:48:00,OTLY
3.705,3.72,3.705,3.72,16086,2022-04-28 18:49:00,OTLY
3.72,3.72,3.715,3.72,3685,2022-04-28 18:50:00,OTLY
3.72,3.72,3.71,3.72,7027,2022-04-28 18:51:00,OTLY
3.715,3.72,3.715,3.715,2326,2022-04-28 18:52:00,OTLY
3.715,3.715,3.715,3.715,2200,2022-04-28 18:53:00,OTLY
3.715,3.715,3.7,3.7,10135,2022-04-28 18:54:00,OTLY
3.705,3.705,3.69,3.695,8661,2022-04-28 18:55:00,OTLY
3.695,3.71,3.695,3.705,11089,2022-04-28 18:56:00,OTLY
3.705,3.715,3.7039,3.715,6035,2022-04-28 18:57:00,OTLY
3.715,3.72,3.715,3.72,3988,2022-04-28 18:58:00,OTLY
3.72,3.72,3.715,3.715,3000,2022-04-28 18:59:00,OTLY
3.72,3.72,3.715,3.715,3500,2022-04-28 19:00:00,OTLY
3.72,3.72,3.715,3.72,4671,2022-04-28 19:01:00,OTLY
3.72,3.73,3.715,3.725,24123,2022-04-28 19:02:00,OTLY
3.725,3.725,3.72,3.723,18664,2022-04-28 19:03:00,OTLY
3.725,3.725,3.725,3.725,2621,2022-04-28 19:04:00,OTLY
3.725,3.725,3.72,3.725,2900,2022-04-28 19:05:00,OTLY
3.725,3.73,3.725,3.725,1657,2022-04-28 19:06:00,OTLY
3.725,3.725,3.725,3.725,1600,2022-04-28 19:07:00,OTLY
3.725,3.73,3.7212,3.7212,1200,2022-04-28 19:08:00,OTLY
3.725,3.73,3.725,3.73,3442,2022-04-28 19:09:00,OTLY
3.73,3.73,3.725,3.73,7580,2022-04-28 19:10:00,OTLY
3.73,3.73,3.725,3.725,2700,2022-04-28 19:11:00,OTLY
3.73,3.73,3.725,3.725,2800,2022-04-28 19:12:00,OTLY
3.725,3.73,3.725,3.725,2971,2022-04-28 19:13:00,OTLY
3.725,3.7257,3.725,3.725,3452,2022-04-28 19:14:00,OTLY
3.7275,3.7275,3.6915,3.695,47150,2022-04-28 19:15:00,OTLY
3.695,3.7,3.69,3.695,16284,2022-04-28 19:16:00,OTLY
3.6997,3.6997,3.69,3.695,3612,2022-04-28 19:17:00,OTLY
3.695,3.7,3.69,3.695,1968,2022-04-28 19:18:00,OTLY
3.695,3.705,3.695,3.705,13974,2022-04-28 19:19:00,OTLY
3.705,3.707,3.705,3.705,2900,2022-04-28 19:20:00,OTLY
3.705,3.705,3.705,3.705,2440,2022-04-28 19:21:00,OTLY
3.705,3.71,3.7012,3.705,7700,2022-04-28 19:22:00,OTLY
3.71,3.71,3.7,3.71,5012,2022-04-28 19:23:00,OTLY
3.71,3.72,3.705,3.72,6959,2022-04-28 19:24:00,OTLY
3.715,3.72,3.7101,3.72,3420,2022-04-28 19:25:00,OTLY
3.715,3.7198,3.7,3.705,29676,2022-04-28 19:26:00,OTLY
3.705,3.705,3.705,3.705,3800,2022-04-28 19:27:00,OTLY
3.705,3.705,3.7,3.705,3250,2022-04-28 19:28:00,OTLY
3.705,3.707,3.7,3.705,4448,2022-04-28 19:29:00,OTLY
3.705,3.705,3.705,3.705,3150,2022-04-28 19:30:00,OTLY
3.705,3.705,3.69,3.695,12245,2022-04-28 19:31:00,OTLY
3.695,3.695,3.69,3.6934,16322,2022-04-28 19:32:00,OTLY
3.695,3.7,3.69,3.695,10557,2022-04-28 19:33:00,OTLY
3.695,3.695,3.68,3.6803,18234,2022-04-28 19:34:00,OTLY
3.685,3.685,3.685,3.685,5300,2022-04-28 19:35:00,OTLY
3.68,3.69,3.68,3.685,4450,2022-04-28 19:36:00,OTLY
3.685,3.695,3.68,3.695,18408,2022-04-28 19:37:00,OTLY
3.695,3.695,3.69,3.695,7900,2022-04-28 19:38:00,OTLY
3.695,3.695,3.69,3.695,5570,2022-04-28 19:39:00,OTLY
3.6991,3.6991,3.69,3.69,5669,2022-04-28 19:40:00,OTLY
3.695,3.695,3.68,3.68,18285,2022-04-28 19:41:00,OTLY
3.685,3.685,3.68,3.68,5314,2022-04-28 19:42:00,OTLY
3.68,3.685,3.67,3.675,29574,2022-04-28 19:43:00,OTLY
3.675,3.68,3.66,3.665,25574,2022-04-28 19:44:00,OTLY
3.665,3.675,3.665,3.675,21184,2022-04-28 19:45:00,OTLY
3.68,3.68,3.67,3.675,8462,2022-04-28 19:46:00,OTLY
3.675,3.675,3.66,3.665,15193,2022-04-28 19:47:00,OTLY
3.665,3.665,3.66,3.665,11379,2022-04-28 19:48:00,OTLY
3.665,3.6685,3.66,3.665,5425,2022-04-28 19:49:00,OTLY
3.67,3.675,3.6625,3.665,17389,2022-04-28 19:50:00,OTLY
3.665,3.675,3.665,3.675,25345,2022-04-28 19:51:00,OTLY
3.675,3.68,3.67,3.675,13979,2022-04-28 19:52:00,OTLY
3.68,3.68,3.6725,3.675,9033,2022-04-28 19:53:00,OTLY
3.6701,3.69,3.67,3.69,33426,2022-04-28 19:54:00,OTLY
3.69,3.69,3.6801,3.6899,28024,2022-04-28 19:55:00,OTLY
3.69,3.695,3.6801,3.695,27749,2022-04-28 19:56:00,OTLY
3.695,3.7,3.69,3.69,68266,2022-04-28 19:57:00,OTLY
3.695,3.7,3.68,3.685,58359,2022-04-28 19:58:00,OTLY
3.685,3.69,3.67,3.675,63312,2022-04-28 19:59:00,OTLY
3.68,3.72,3.68,3.72,59205,2022-04-28 20:00:00,OTLY
3.73,3.73,3.73,3.73,4021,2022-04-28 20:06:00,OTLY
3.72,3.72,3.72,3.72,100,2022-04-28 20:24:00,OTLY
3.725,3.725,3.725,3.725,100,2022-04-28 20:34:00,OTLY
3.64,3.64,3.64,3.64,450,2022-04-28 20:36:00,OTLY
3.6105,3.6105,3.6105,3.6105,1345,2022-04-28 20:52:00,OTLY
3.73,3.73,3.73,3.73,325,2022-04-28 20:57:00,OTLY
3.73,3.73,3.73,3.73,175,2022-04-28 20:59:00,OTLY
3.73,3.73,3.73,3.73,100,2022-04-28 21:04:00,OTLY
3.61,3.61,3.61,3.61,479,2022-04-28 21:38:00,OTLY
3.7299,3.7299,3.7299,3.7299,160,2022-04-28 21:43:00,OTLY
3.69,3.69,3.69,3.69,290,2022-04-28 21:46:00,OTLY
3.68,3.68,3.68,3.68,270,2022-04-28 22:16:00,OTLY
3.7,3.7,3.7,3.7,100,2022-04-28 23:15:00,OTLY
3.7,3.7,3.7,3.7,500,2022-04-28 23:45:00,OTLY
3.68,3.68,3.68,3.68,490,2022-04-28 23:47:00,OTLY
3.63,3.63,3.63,3.63,2000,2022-04-28 23:49:00,OTLY
3.63,3.63,3.63,3.63,100,2022-04-28 23:50:00,OTLY
3.85,3.85,3.85,3.85,200,2022-04-29 08:14:00,OTLY
3.67,3.67,3.67,3.67,1000,2022-04-29 12:02:00,OTLY
3.65,3.65,3.65,3.65,1000,2022-04-29 12:13:00,OTLY
3.6501,3.6501,3.6501,3.6501,1000,2022-04-29 12:14:00,OTLY
3.68,3.68,3.68,3.68,500,2022-04-29 12:23:00,OTLY
3.67,3.67,3.67,3.67,1400,2022-04-29 12:39:00,OTLY
3.67,3.67,3.67,3.67,100,2022-04-29 12:49:00,OTLY
3.67,3.67,3.67,3.67,100,2022-04-29 13:05:00,OTLY
3.66,3.66,3.66,3.66,104,2022-04-29 13:07:00,OTLY
3.68,3.68,3.68,3.68,966,2022-04-29 13:25:00,OTLY
3.68,3.72,3.66,3.72,54496,2022-04-29 13:30:00,OTLY
3.7186,3.72,3.655,3.6663,17006,2022-04-29 13:31:00,OTLY
3.6699,3.695,3.665,3.67,16271,2022-04-29 13:32:00,OTLY
3.675,3.7,3.675,3.695,5098,2022-04-29 13:33:00,OTLY
3.695,3.72,3.695,3.71,16107,2022-04-29 13:34:00,OTLY
3.71,3.71,3.67,3.67,5028,2022-04-29 13:35:00,OTLY
3.68,3.705,3.68,3.695,14358,2022-04-29 13:36:00,OTLY
3.695,3.6999,3.69,3.6955,6764,2022-04-29 13:37:00,OTLY
3.7,3.715,3.69,3.7075,9039,2022-04-29 13:38:00,OTLY
3.71,3.715,3.71,3.71,8525,2022-04-29 13:39:00,OTLY
3.715,3.715,3.715,3.715,800,2022-04-29 13:40:00,OTLY
3.71,3.75,3.71,3.75,22537,2022-04-29 13:41:00,OTLY
3.75,3.77,3.75,3.76,30460,2022-04-29 13:42:00,OTLY
3.7699,3.77,3.76,3.76,12250,2022-04-29 13:43:00,OTLY
3.76,3.76,3.75,3.75,4844,2022-04-29 13:44:00,OTLY
3.745,3.75,3.74,3.74,5248,2022-04-29 13:45:00,OTLY
3.74,3.74,3.73,3.735,3534,2022-04-29 13:46:00,OTLY
3.735,3.7909,3.732,3.7909,23066,2022-04-29 13:47:00,OTLY
3.795,3.81,3.785,3.785,26055,2022-04-29 13:48:00,OTLY
3.785,3.81,3.785,3.81,6786,2022-04-29 13:49:00,OTLY
3.82,3.8371,3.82,3.8371,5188,2022-04-29 13:50:00,OTLY
3.83,3.83,3.8109,3.82,12997,2022-04-29 13:51:00,OTLY
3.825,3.84,3.825,3.84,14079,2022-04-29 13:52:00,OTLY
3.85,3.86,3.84,3.84,14937,2022-04-29 13:53:00,OTLY
3.84,3.855,3.835,3.85,9922,2022-04-29 13:54:00,OTLY
3.85,3.85,3.845,3.85,8257,2022-04-29 13:55:00,OTLY
3.86,3.865,3.86,3.865,11362,2022-04-29 13:56:00,OTLY
3.865,3.87,3.86,3.865,34393,2022-04-29 13:57:00,OTLY
3.865,3.88,3.8616,3.865,34103,2022-04-29 13:58:00,OTLY
3.86,3.87,3.86,3.865,8436,2022-04-29 13:59:00,OTLY
3.8605,3.8605,3.85,3.855,5057,2022-04-29 14:00:00,OTLY
3.855,3.855,3.84,3.845,6319,2022-04-29 14:01:00,OTLY
3.845,3.86,3.84,3.845,16715,2022-04-29 14:02:00,OTLY
3.845,3.86,3.84,3.855,36585,2022-04-29 14:03:00,OTLY
3.86,3.8733,3.855,3.8733,2779,2022-04-29 14:04:00,OTLY
3.875,3.875,3.8508,3.8508,9469,2022-04-29 14:05:00,OTLY
3.855,3.855,3.84,3.84,5915,2022-04-29 14:06:00,OTLY
3.83,3.83,3.815,3.82,18557,2022-04-29 14:07:00,OTLY
3.81,3.82,3.8,3.81,14263,2022-04-29 14:08:00,OTLY
3.8007,3.815,3.8007,3.815,8431,2022-04-29 14:09:00,OTLY
3.81,3.815,3.79,3.79,6211,2022-04-29 14:10:00,OTLY
3.79,3.7999,3.79,3.79,2200,2022-04-29 14:11:00,OTLY
3.795,3.7988,3.795,3.7988,600,2022-04-29 14:12:00,OTLY
3.795,3.795,3.78,3.78,10482,2022-04-29 14:13:00,OTLY
3.7885,3.7885,3.7703,3.7703,5263,2022-04-29 14:14:00,OTLY
3.775,3.795,3.775,3.775,24863,2022-04-29 14:15:00,OTLY
3.78,3.78,3.7509,3.755,3650,2022-04-29 14:16:00,OTLY
3.7599,3.76,3.7546,3.755,2644,2022-04-29 14:17:00,OTLY
3.755,3.76,3.75,3.75,1600,2022-04-29 14:18:00,OTLY
3.755,3.76,3.75,3.76,7808,2022-04-29 14:19:00,OTLY
3.76,3.76,3.7511,3.7511,3149,2022-04-29 14:20:00,OTLY
3.75,3.77,3.75,3.76,29036,2022-04-29 14:21:00,OTLY
3.765,3.77,3.76,3.765,8857,2022-04-29 14:22:00,OTLY
3.765,3.765,3.765,3.765,2100,2022-04-29 14:23:00,OTLY
3.765,3.765,3.765,3.765,3856,2022-04-29 14:24:00,OTLY
3.765,3.765,3.76,3.76,16831,2022-04-29 14:25:00,OTLY
3.77,3.78,3.77,3.78,4181,2022-04-29 14:26:00,OTLY
3.775,3.775,3.77,3.775,6075,2022-04-29 14:27:00,OTLY
3.775,3.775,3.77,3.775,14746,2022-04-29 14:28:00,OTLY
3.775,3.78,3.77,3.775,5338,2022-04-29 14:29:00,OTLY
3.775,3.7784,3.775,3.775,39100,2022-04-29 14:30:00,OTLY
3.775,3.775,3.76,3.765,31245,2022-04-29 14:31:00,OTLY
3.76,3.775,3.76,3.775,7026,2022-04-29 14:32:00,OTLY
3.775,3.775,3.77,3.775,2878,2022-04-29 14:33:00,OTLY
3.77,3.78,3.77,3.775,18952,2022-04-29 14:34:00,OTLY
3.78,3.8,3.78,3.795,71628,2022-04-29 14:35:00,OTLY
3.795,3.795,3.79,3.795,52861,2022-04-29 14:36:00,OTLY
3.795,3.8,3.7912,3.795,3638,2022-04-29 14:37:00,OTLY
3.8,3.805,3.8,3.805,10306,2022-04-29 14:38:00,OTLY
3.81,3.81,3.805,3.805,560,2022-04-29 14:39:00,OTLY
3.805,3.8096,3.805,3.805,10739,2022-04-29 14:40:00,OTLY
3.805,3.808,3.805,3.805,850,2022-04-29 14:41:00,OTLY
3.805,3.81,3.8,3.808,7944,2022-04-29 14:42:00,OTLY
3.8007,3.805,3.8007,3.805,3324,2022-04-29 14:43:00,OTLY
3.805,3.8093,3.8,3.805,13337,2022-04-29 14:44:00,OTLY
3.805,3.805,3.805,3.805,11570,2022-04-29 14:45:00,OTLY
3.805,3.805,3.795,3.795,28557,2022-04-29 14:46:00,OTLY
3.795,3.8,3.795,3.795,2831,2022-04-29 14:47:00,OTLY
3.795,3.7979,3.795,3.7979,3044,2022-04-29 14:48:00,OTLY
3.795,3.8,3.795,3.795,8171,2022-04-29 14:49:00,OTLY
3.795,3.7985,3.795,3.795,3967,2022-04-29 14:50:00,OTLY
3.795,3.8,3.79,3.795,4891,2022-04-29 14:51:00,OTLY
3.795,3.8,3.795,3.795,14111,2022-04-29 14:52:00,OTLY
3.8,3.8,3.785,3.785,32645,2022-04-29 14:53:00,OTLY
3.785,3.79,3.785,3.785,2214,2022-04-29 14:54:00,OTLY
3.785,3.795,3.785,3.795,23301,2022-04-29 14:55:00,OTLY
3.795,3.795,3.77,3.77,32415,2022-04-29 14:56:00,OTLY
3.77,3.78,3.77,3.775,3700,2022-04-29 14:57:00,OTLY
3.77,3.775,3.77,3.775,570,2022-04-29 14:58:00,OTLY
3.775,3.775,3.775,3.775,200,2022-04-29 14:59:00,OTLY
3.7755,3.7755,3.77,3.77,2700,2022-04-29 15:00:00,OTLY
3.77,3.77,3.76,3.76,10956,2022-04-29 15:01:00,OTLY
3.76,3.767,3.76,3.76,1300,2022-04-29 15:02:00,OTLY
3.765,3.77,3.76,3.7606,4642,2022-04-29 15:03:00,OTLY
3.765,3.7685,3.75,3.7685,22601,2022-04-29 15:04:00,OTLY
3.765,3.785,3.765,3.785,27788,2022-04-29 15:05:00,OTLY
3.78,3.78,3.765,3.765,22281,2022-04-29 15:06:00,OTLY
3.765,3.765,3.765,3.765,400,2022-04-29 15:07:00,OTLY
3.76,3.76,3.76,3.76,500,2022-04-29 15:08:00,OTLY
3.76,3.76,3.75,3.755,7604,2022-04-29 15:09:00,OTLY
3.76,3.76,3.755,3.755,4400,2022-04-29 15:10:00,OTLY
3.755,3.755,3.75,3.75,1722,2022-04-29 15:11:00,OTLY
3.75,3.75,3.74,3.74,3532,2022-04-29 15:12:00,OTLY
3.74,3.74,3.73,3.73,6436,2022-04-29 15:13:00,OTLY
3.735,3.74,3.7307,3.7307,7300,2022-04-29 15:14:00,OTLY
3.74,3.74,3.735,3.735,3039,2022-04-29 15:15:00,OTLY
3.735,3.74,3.73,3.74,4980,2022-04-29 15:16:00,OTLY
3.745,3.7499,3.74,3.74,988,2022-04-29 15:17:00,OTLY
3.74,3.74,3.73,3.735,4483,2022-04-29 15:18:00,OTLY
3.73,3.74,3.73,3.74,3917,2022-04-29 15:19:00,OTLY
3.7337,3.7337,3.72,3.72,4473,2022-04-29 15:20:00,OTLY
3.725,3.73,3.725,3.725,7300,2022-04-29 15:21:00,OTLY
3.73,3.73,3.72,3.73,6271,2022-04-29 15:22:00,OTLY
3.735,3.745,3.735,3.745,10196,2022-04-29 15:23:00,OTLY
3.745,3.745,3.74,3.745,1300,2022-04-29 15:24:00,OTLY
3.745,3.745,3.74,3.745,1200,2022-04-29 15:25:00,OTLY
3.745,3.745,3.7312,3.735,5912,2022-04-29 15:26:00,OTLY
3.735,3.735,3.735,3.735,1200,2022-04-29 15:27:00,OTLY
3.735,3.74,3.735,3.7399,1400,2022-04-29 15:28:00,OTLY
3.74,3.745,3.74,3.745,6300,2022-04-29 15:29:00,OTLY
3.745,3.7499,3.745,3.7497,8650,2022-04-29 15:30:00,OTLY
3.7499,3.75,3.745,3.745,2677,2022-04-29 15:31:00,OTLY
3.75,3.75,3.74,3.745,900,2022-04-29 15:32:00,OTLY
3.75,3.75,3.75,3.75,199,2022-04-29 15:33:00,OTLY
3.745,3.7492,3.74,3.74,6567,2022-04-29 15:34:00,OTLY
3.735,3.735,3.735,3.735,300,2022-04-29 15:35:00,OTLY
3.73,3.7399,3.725,3.725,18615,2022-04-29 15:36:00,OTLY
3.725,3.7399,3.725,3.735,61790,2022-04-29 15:37:00,OTLY
3.735,3.735,3.725,3.73,82580,2022-04-29 15:38:00,OTLY
3.73,3.73,3.72,3.725,4275,2022-04-29 15:39:00,OTLY
3.73,3.73,3.725,3.7275,558,2022-04-29 15:40:00,OTLY
3.725,3.725,3.725,3.725,1300,2022-04-29 15:41:00,OTLY
3.726,3.726,3.726,3.726,250,2022-04-29 15:42:00,OTLY
3.73,3.73,3.725,3.725,4054,2022-04-29 15:43:00,OTLY
3.725,3.725,3.725,3.725,400,2022-04-29 15:44:00,OTLY
3.725,3.735,3.725,3.73,10013,2022-04-29 15:45:00,OTLY
3.735,3.735,3.735,3.735,1100,2022-04-29 15:46:00,OTLY
3.73,3.73,3.71,3.71,7867,2022-04-29 15:47:00,OTLY
3.715,3.715,3.7112,3.715,600,2022-04-29 15:48:00,OTLY
3.7191,3.7191,3.715,3.7188,2813,2022-04-29 15:49:00,OTLY
3.715,3.72,3.7105,3.715,10356,2022-04-29 15:50:00,OTLY
3.715,3.725,3.715,3.725,10076,2022-04-29 15:51:00,OTLY
3.725,3.725,3.725,3.725,100,2022-04-29 15:52:00,OTLY
3.72,3.72,3.715,3.72,48461,2022-04-29 15:53:00,OTLY
3.725,3.725,3.725,3.725,700,2022-04-29 15:54:00,OTLY
3.72,3.725,3.72,3.72,800,2022-04-29 15:55:00,OTLY
3.72,3.725,3.72,3.72,5006,2022-04-29 15:56:00,OTLY
3.725,3.725,3.71,3.715,3425,2022-04-29 15:57:00,OTLY
3.715,3.715,3.715,3.715,450,2022-04-29 15:58:00,OTLY
3.71,3.71,3.71,3.71,400,2022-04-29 15:59:00,OTLY
3.71,3.71,3.7,3.705,3700,2022-04-29 16:00:00,OTLY
3.7088,3.7088,3.7,3.705,2105,2022-04-29 16:01:00,OTLY
3.7,3.71,3.69,3.69,17984,2022-04-29 16:02:00,OTLY
3.69,3.6999,3.68,3.685,7000,2022-04-29 16:03:00,OTLY
3.68,3.68,3.68,3.68,500,2022-04-29 16:04:00,OTLY
3.68,3.68,3.68,3.68,1500,2022-04-29 16:05:00,OTLY
3.685,3.6871,3.68,3.68,3192,2022-04-29 16:06:00,OTLY
3.68,3.685,3.68,3.68,2666,2022-04-29 16:07:00,OTLY
3.68,3.685,3.68,3.685,3150,2022-04-29 16:08:00,OTLY
3.6839,3.6839,3.68,3.68,1200,2022-04-29 16:09:00,OTLY
3.6843,3.69,3.6843,3.685,5579,2022-04-29 16:10:00,OTLY
3.69,3.69,3.685,3.685,1800,2022-04-29 16:11:00,OTLY
3.685,3.695,3.685,3.695,8183,2022-04-29 16:12:00,OTLY
3.695,3.695,3.695,3.695,600,2022-04-29 16:13:00,OTLY
3.69,3.695,3.69,3.695,1400,2022-04-29 16:14:00,OTLY
3.69,3.69,3.685,3.685,6842,2022-04-29 16:15:00,OTLY
3.685,3.685,3.685,3.685,584,2022-04-29 16:16:00,OTLY
3.685,3.685,3.685,3.685,200,2022-04-29 16:17:00,OTLY
3.68,3.68,3.68,3.68,250,2022-04-29 16:18:00,OTLY
3.681,3.681,3.68,3.68,700,2022-04-29 16:19:00,OTLY
3.68,3.68,3.675,3.675,8578,2022-04-29 16:20:00,OTLY
3.68,3.685,3.68,3.685,4450,2022-04-29 16:21:00,OTLY
3.685,3.685,3.685,3.685,1446,2022-04-29 16:22:00,OTLY
3.685,3.6899,3.685,3.685,3617,2022-04-29 16:23:00,OTLY
3.685,3.685,3.685,3.685,480,2022-04-29 16:24:00,OTLY
3.685,3.69,3.685,3.69,3100,2022-04-29 16:25:00,OTLY
3.69,3.69,3.685,3.685,4421,2022-04-29 16:26:00,OTLY
3.69,3.695,3.69,3.695,5098,2022-04-29 16:27:00,OTLY
3.695,3.7,3.695,3.695,2673,2022-04-29 16:28:00,OTLY
3.695,3.695,3.695,3.695,1374,2022-04-29 16:29:00,OTLY
3.69,3.69,3.68,3.685,7754,2022-04-29 16:30:00,OTLY
3.685,3.6891,3.685,3.685,1876,2022-04-29 16:31:00,OTLY
3.685,3.685,3.6812,3.685,911,2022-04-29 16:32:00,OTLY
3.69,3.69,3.68,3.68,2439,2022-04-29 16:33:00,OTLY
3.685,3.685,3.68,3.685,1300,2022-04-29 16:34:00,OTLY
3.685,3.685,3.6815,3.685,4267,2022-04-29 16:35:00,OTLY
3.685,3.685,3.68,3.685,600,2022-04-29 16:36:00,OTLY
3.685,3.685,3.685,3.685,1700,2022-04-29 16:37:00,OTLY
3.685,3.685,3.68,3.685,500,2022-04-29 16:38:00,OTLY
3.685,3.695,3.68,3.695,12455,2022-04-29 16:39:00,OTLY
3.69,3.69,3.685,3.685,7908,2022-04-29 16:40:00,OTLY
3.68,3.685,3.67,3.6762,9346,2022-04-29 16:41:00,OTLY
3.675,3.68,3.67,3.67,2403,2022-04-29 16:42:00,OTLY
3.67,3.675,3.67,3.675,1400,2022-04-29 16:43:00,OTLY
3.675,3.675,3.67,3.6731,15283,2022-04-29 16:44:00,OTLY
3.67,3.67,3.665,3.67,6885,2022-04-29 16:45:00,OTLY
3.665,3.675,3.665,3.675,5418,2022-04-29 16:46:00,OTLY
3.6798,3.6799,3.675,3.675,5096,2022-04-29 16:47:00,OTLY
3.675,3.675,3.67,3.67,1100,2022-04-29 16:48:00,OTLY
3.67,3.67,3.67,3.67,1250,2022-04-29 16:49:00,OTLY
3.67,3.67,3.67,3.67,1892,2022-04-29 16:50:00,OTLY
3.67,3.675,3.67,3.67,4696,2022-04-29 16:51:00,OTLY
3.67,3.675,3.67,3.67,386,2022-04-29 16:52:00,OTLY
3.67,3.67,3.66,3.66,4296,2022-04-29 16:53:00,OTLY
3.66,3.6688,3.66,3.66,1000,2022-04-29 16:54:00,OTLY
3.66,3.665,3.66,3.665,4408,2022-04-29 16:55:00,OTLY
3.6606,3.665,3.6606,3.665,2800,2022-04-29 16:56:00,OTLY
3.665,3.68,3.665,3.675,8314,2022-04-29 16:57:00,OTLY
3.67,3.675,3.67,3.675,2600,2022-04-29 16:58:00,OTLY
3.67,3.67,3.66,3.66,3468,2022-04-29 16:59:00,OTLY
3.665,3.665,3.665,3.665,3701,2022-04-29 17:00:00,OTLY
3.665,3.675,3.665,3.675,7676,2022-04-29 17:01:00,OTLY
3.675,3.7,3.675,3.695,99080,2022-04-29 17:02:00,OTLY
3.695,3.71,3.6903,3.7,27975,2022-04-29 17:03:00,OTLY
3.705,3.71,3.705,3.705,2480,2022-04-29 17:04:00,OTLY
3.71,3.71,3.695,3.695,7424,2022-04-29 17:05:00,OTLY
3.695,3.7,3.69,3.7,2004,2022-04-29 17:06:00,OTLY
3.695,3.695,3.69,3.695,1180,2022-04-29 17:07:00,OTLY
3.69,3.7,3.69,3.695,5135,2022-04-29 17:08:00,OTLY
3.69,3.6901,3.69,3.6901,3737,2022-04-29 17:09:00,OTLY
3.69,3.69,3.675,3.675,15436,2022-04-29 17:10:00,OTLY
3.68,3.685,3.675,3.685,5700,2022-04-29 17:11:00,OTLY
3.68,3.68,3.68,3.68,4614,2022-04-29 17:12:00,OTLY
3.675,3.68,3.675,3.68,7500,2022-04-29 17:13:00,OTLY
3.68,3.68,3.675,3.675,4314,2022-04-29 17:14:00,OTLY
3.675,3.675,3.6701,3.675,1300,2022-04-29 17:15:00,OTLY
3.67,3.675,3.67,3.675,2113,2022-04-29 17:16:00,OTLY
3.675,3.6792,3.675,3.6792,517,2022-04-29 17:17:00,OTLY
3.675,3.675,3.675,3.675,200,2022-04-29 17:18:00,OTLY
3.675,3.675,3.675,3.675,200,2022-04-29 17:19:00,OTLY
3.675,3.675,3.675,3.675,132,2022-04-29 17:20:00,OTLY
3.6785,3.69,3.675,3.69,12936,2022-04-29 17:21:00,OTLY
3.685,3.685,3.67,3.675,4753,2022-04-29 17:22:00,OTLY
3.67,3.675,3.67,3.675,1600,2022-04-29 17:23:00,OTLY
3.68,3.68,3.675,3.675,424,2022-04-29 17:24:00,OTLY
3.675,3.69,3.675,3.69,8989,2022-04-29 17:25:00,OTLY
3.685,3.685,3.68,3.685,1565,2022-04-29 17:26:00,OTLY
3.68,3.685,3.68,3.685,7507,2022-04-29 17:27:00,OTLY
3.6801,3.6801,3.674,3.675,2100,2022-04-29 17:28:00,OTLY
3.675,3.675,3.67,3.67,2100,2022-04-29 17:29:00,OTLY
3.675,3.675,3.675,3.675,2665,2022-04-29 17:30:00,OTLY
3.675,3.69,3.675,3.68,6728,2022-04-29 17:31:00,OTLY
3.68,3.685,3.67,3.67,5456,2022-04-29 17:32:00,OTLY
3.68,3.68,3.68,3.68,500,2022-04-29 17:33:00,OTLY
3.685,3.685,3.685,3.685,200,2022-04-29 17:34:00,OTLY
3.685,3.685,3.685,3.685,2100,2022-04-29 17:35:00,OTLY
3.685,3.685,3.685,3.685,900,2022-04-29 17:36:00,OTLY
3.685,3.685,3.685,3.685,1400,2022-04-29 17:37:00,OTLY
3.685,3.685,3.675,3.675,4516,2022-04-29 17:38:00,OTLY
3.675,3.675,3.67,3.675,2830,2022-04-29 17:39:00,OTLY
3.675,3.6791,3.675,3.675,1367,2022-04-29 17:40:00,OTLY
3.675,3.6793,3.675,3.675,729,2022-04-29 17:41:00,OTLY
3.675,3.675,3.675,3.675,100,2022-04-29 17:42:00,OTLY
3.67,3.67,3.665,3.665,2900,2022-04-29 17:43:00,OTLY
3.665,3.669,3.66,3.669,4376,2022-04-29 17:44:00,OTLY
3.665,3.67,3.665,3.665,7600,2022-04-29 17:45:00,OTLY
3.665,3.665,3.66,3.665,600,2022-04-29 17:46:00,OTLY
3.6682,3.6682,3.65,3.655,18497,2022-04-29 17:47:00,OTLY
3.65,3.655,3.64,3.65,23800,2022-04-29 17:48:00,OTLY
3.645,3.645,3.6405,3.645,6800,2022-04-29 17:49:00,OTLY
3.645,3.645,3.645,3.645,300,2022-04-29 17:50:00,OTLY
3.645,3.65,3.645,3.65,2100,2022-04-29 17:51:00,OTLY
3.645,3.6491,3.6404,3.645,8400,2022-04-29 17:52:00,OTLY
3.64,3.64,3.64,3.64,711,2022-04-29 17:53:00,OTLY
3.64,3.64,3.64,3.64,570,2022-04-29 17:54:00,OTLY
3.64,3.64,3.63,3.63,2152,2022-04-29 17:55:00,OTLY
3.635,3.635,3.635,3.635,200,2022-04-29 17:56:00,OTLY
3.63,3.635,3.63,3.635,2636,2022-04-29 17:57:00,OTLY
3.635,3.635,3.6301,3.635,5321,2022-04-29 17:58:00,OTLY
3.635,3.64,3.6301,3.635,11768,2022-04-29 17:59:00,OTLY
3.6308,3.635,3.63,3.63,8080,2022-04-29 18:00:00,OTLY
3.63,3.64,3.625,3.64,20800,2022-04-29 18:01:00,OTLY
3.6301,3.64,3.6301,3.635,8100,2022-04-29 18:02:00,OTLY
3.635,3.635,3.635,3.635,800,2022-04-29 18:03:00,OTLY
3.635,3.635,3.635,3.635,400,2022-04-29 18:04:00,OTLY
3.635,3.6399,3.635,3.635,10800,2022-04-29 18:05:00,OTLY
3.635,3.64,3.635,3.635,2800,2022-04-29 18:06:00,OTLY
3.635,3.635,3.635,3.635,1533,2022-04-29 18:07:00,OTLY
3.635,3.635,3.635,3.635,1100,2022-04-29 18:08:00,OTLY
3.635,3.635,3.635,3.635,600,2022-04-29 18:09:00,OTLY
3.63,3.63,3.63,3.63,198,2022-04-29 18:10:00,OTLY
3.635,3.64,3.63,3.63,1000,2022-04-29 18:11:00,OTLY
3.63,3.6392,3.63,3.635,1200,2022-04-29 18:12:00,OTLY
3.635,3.64,3.635,3.6399,900,2022-04-29 18:13:00,OTLY
3.64,3.64,3.635,3.635,17100,2022-04-29 18:14:00,OTLY
3.64,3.67,3.635,3.66,36169,2022-04-29 18:15:00,OTLY
3.665,3.68,3.665,3.675,8827,2022-04-29 18:16:00,OTLY
3.67,3.675,3.645,3.645,23167,2022-04-29 18:17:00,OTLY
3.64,3.6498,3.64,3.64,4705,2022-04-29 18:18:00,OTLY
3.64,3.645,3.64,3.645,7845,2022-04-29 18:19:00,OTLY
3.645,3.645,3.63,3.635,9132,2022-04-29 18:20:00,OTLY
3.635,3.635,3.63,3.635,1300,2022-04-29 18:21:00,OTLY
3.63,3.64,3.63,3.63,2398,2022-04-29 18:22:00,OTLY
3.63,3.635,3.63,3.635,4794,2022-04-29 18:23:00,OTLY
3.63,3.635,3.63,3.635,9268,2022-04-29 18:24:00,OTLY
3.635,3.6357,3.63,3.63,4289,2022-04-29 18:25:00,OTLY
3.63,3.63,3.63,3.63,1800,2022-04-29 18:26:00,OTLY
3.63,3.63,3.62,3.625,4740,2022-04-29 18:27:00,OTLY
3.6299,3.6299,3.62,3.62,750,2022-04-29 18:28:00,OTLY
3.62,3.625,3.62,3.62,2300,2022-04-29 18:29:00,OTLY
3.62,3.625,3.62,3.62,1500,2022-04-29 18:30:00,OTLY
3.62,3.625,3.62,3.62,1000,2022-04-29 18:31:00,OTLY
3.62,3.635,3.62,3.635,15242,2022-04-29 18:32:00,OTLY
3.64,3.64,3.635,3.6399,4736,2022-04-29 18:33:00,OTLY
3.635,3.64,3.635,3.64,1332,2022-04-29 18:34:00,OTLY
3.635,3.635,3.635,3.635,1166,2022-04-29 18:35:00,OTLY
3.63,3.635,3.63,3.635,900,2022-04-29 18:36:00,OTLY
3.635,3.6375,3.63,3.635,2224,2022-04-29 18:37:00,OTLY
3.63,3.63,3.62,3.625,5000,2022-04-29 18:38:00,OTLY
3.62,3.625,3.62,3.62,1300,2022-04-29 18:39:00,OTLY
3.62,3.6291,3.62,3.62,3790,2022-04-29 18:40:00,OTLY
3.62,3.625,3.62,3.62,1400,2022-04-29 18:41:00,OTLY
3.62,3.625,3.61,3.615,5730,2022-04-29 18:42:00,OTLY
3.615,3.6257,3.61,3.625,5889,2022-04-29 18:43:00,OTLY
3.625,3.6295,3.6225,3.625,1025,2022-04-29 18:44:00,OTLY
3.63,3.64,3.625,3.64,4698,2022-04-29 18:45:00,OTLY
3.635,3.635,3.63,3.63,4834,2022-04-29 18:46:00,OTLY
3.63,3.63,3.62,3.625,14991,2022-04-29 18:47:00,OTLY
3.62,3.6299,3.62,3.62,2000,2022-04-29 18:48:00,OTLY
3.62,3.63,3.62,3.62,1758,2022-04-29 18:49:00,OTLY
3.62,3.62,3.615,3.615,3544,2022-04-29 18:50:00,OTLY
3.615,3.625,3.615,3.625,12872,2022-04-29 18:51:00,OTLY
3.625,3.625,3.625,3.625,1709,2022-04-29 18:52:00,OTLY
3.62,3.625,3.61,3.615,2718,2022-04-29 18:53:00,OTLY
3.61,3.6188,3.61,3.615,1100,2022-04-29 18:54:00,OTLY
3.61,3.615,3.605,3.61,7421,2022-04-29 18:55:00,OTLY
3.61,3.615,3.605,3.615,11978,2022-04-29 18:56:00,OTLY
3.615,3.62,3.615,3.62,8036,2022-04-29 18:57:00,OTLY
3.615,3.62,3.615,3.615,3107,2022-04-29 18:58:00,OTLY
3.62,3.6288,3.62,3.625,2432,2022-04-29 18:59:00,OTLY
3.629,3.629,3.62,3.625,29863,2022-04-29 19:00:00,OTLY
3.625,3.63,3.62,3.625,2158,2022-04-29 19:01:00,OTLY
3.625,3.625,3.62,3.625,1900,2022-04-29 19:02:00,OTLY
3.625,3.625,3.62,3.625,1000,2022-04-29 19:03:00,OTLY
3.6206,3.625,3.62,3.62,5766,2022-04-29 19:04:00,OTLY
3.62,3.6269,3.62,3.62,2972,2022-04-29 19:05:00,OTLY
3.62,3.625,3.61,3.61,4055,2022-04-29 19:06:00,OTLY
3.61,3.62,3.61,3.62,1056,2022-04-29 19:07:00,OTLY
3.615,3.615,3.615,3.615,600,2022-04-29 19:08:00,OTLY
3.615,3.6199,3.615,3.6199,2100,2022-04-29 19:09:00,OTLY
3.61,3.62,3.61,3.615,36830,2022-04-29 19:10:00,OTLY
3.615,3.62,3.615,3.615,3097,2022-04-29 19:11:00,OTLY
3.62,3.62,3.615,3.615,4112,2022-04-29 19:12:00,OTLY
3.62,3.62,3.61,3.615,3022,2022-04-29 19:13:00,OTLY
3.615,3.62,3.61,3.615,2550,2022-04-29 19:14:00,OTLY
3.6105,3.615,3.61,3.615,9100,2022-04-29 19:15:00,OTLY
3.61,3.61,3.6,3.605,12982,2022-04-29 19:16:00,OTLY
3.605,3.61,3.605,3.605,8247,2022-04-29 19:17:00,OTLY
3.61,3.63,3.61,3.625,47066,2022-04-29 19:18:00,OTLY
3.625,3.64,3.625,3.64,19824,2022-04-29 19:19:00,OTLY
3.635,3.6389,3.6345,3.635,3331,2022-04-29 19:20:00,OTLY
3.635,3.635,3.63,3.635,2800,2022-04-29 19:21:00,OTLY
3.635,3.635,3.61,3.615,40722,2022-04-29 19:22:00,OTLY
3.615,3.62,3.6106,3.62,8141,2022-04-29 19:23:00,OTLY
3.615,3.625,3.615,3.625,21099,2022-04-29 19:24:00,OTLY
3.625,3.635,3.625,3.635,4021,2022-04-29 19:25:00,OTLY
3.635,3.635,3.62,3.625,19072,2022-04-29 19:26:00,OTLY
3.625,3.63,3.625,3.625,6500,2022-04-29 19:27:00,OTLY
3.625,3.625,3.6201,3.625,1600,2022-04-29 19:28:00,OTLY
3.625,3.6288,3.625,3.6288,605,2022-04-29 19:29:00,OTLY
3.62,3.62,3.61,3.61,23243,2022-04-29 19:30:00,OTLY
3.61,3.6193,3.605,3.605,16190,2022-04-29 19:31:00,OTLY
3.605,3.615,3.6009,3.615,18176,2022-04-29 19:32:00,OTLY
3.615,3.62,3.61,3.615,8501,2022-04-29 19:33:00,OTLY
3.615,3.615,3.615,3.615,8800,2022-04-29 19:34:00,OTLY
3.615,3.62,3.615,3.615,2900,2022-04-29 19:35:00,OTLY
3.615,3.62,3.61,3.615,6656,2022-04-29 19:36:00,OTLY
3.62,3.63,3.61,3.625,75354,2022-04-29 19:37:00,OTLY
3.63,3.63,3.61,3.62,23548,2022-04-29 19:38:00,OTLY
3.615,3.6192,3.6,3.6,23246,2022-04-29 19:39:00,OTLY
3.6,3.6087,3.58,3.59,138032,2022-04-29 19:40:00,OTLY
3.59,3.595,3.58,3.585,75235,2022-04-29 19:41:00,OTLY
3.585,3.5861,3.585,3.5861,1000,2022-04-29 19:42:00,OTLY
3.585,3.585,3.58,3.585,3873,2022-04-29 19:43:00,OTLY
3.58,3.58,3.58,3.58,1855,2022-04-29 19:44:00,OTLY
3.58,3.5888,3.565,3.58,85517,2022-04-29 19:45:00,OTLY
3.575,3.58,3.57,3.57,22985,2022-04-29 19:46:00,OTLY
3.57,3.5754,3.56,3.565,37621,2022-04-29 19:47:00,OTLY
3.565,3.575,3.56,3.57,35833,2022-04-29 19:48:00,OTLY
3.57,3.57,3.565,3.565,40192,2022-04-29 19:49:00,OTLY
3.565,3.565,3.55,3.55,17641,2022-04-29 19:50:00,OTLY
3.55,3.575,3.54,3.575,111164,2022-04-29 19:51:00,OTLY
3.575,3.575,3.56,3.565,26242,2022-04-29 19:52:00,OTLY
3.56,3.5697,3.56,3.56,21626,2022-04-29 19:53:00,OTLY
3.56,3.565,3.555,3.56,41916,2022-04-29 19:54:00,OTLY
3.555,3.57,3.55,3.565,87607,2022-04-29 19:55:00,OTLY
3.56,3.565,3.55,3.55,64339,2022-04-29 19:56:00,OTLY
3.55,3.575,3.55,3.57,109876,2022-04-29 19:57:00,OTLY
3.57,3.57,3.56,3.56,77486,2022-04-29 19:58:00,OTLY
3.56,3.58,3.55,3.575,158840,2022-04-29 19:59:00,OTLY
3.56,3.56,3.56,3.56,104860,2022-04-29 20:00:00,OTLY
3.7,3.7,3.65,3.65,300,2022-04-29 20:08:00,OTLY
3.65,3.65,3.65,3.65,150,2022-04-29 20:26:00,OTLY
3.63,3.63,3.63,3.63,101,2022-04-29 20:29:00,OTLY
3.6,3.6,3.6,3.6,500,2022-04-29 21:39:00,OTLY
3.71,3.71,3.71,3.71,100,2022-04-29 22:15:00,OTLY
3.65,3.65,3.6,3.6,286,2022-04-29 23:37:00,OTLY
