open,high,low,close,volume,datetime,symbol
0.4819,0.4826,0.4819,0.4826,1000,2022-04-01 11:02:00,TANH
0.4827,0.4827,0.4827,0.4827,170,2022-04-01 11:07:00,TANH
0.483,0.483,0.483,0.483,1900,2022-04-01 11:19:00,TANH
0.47,0.47,0.47,0.47,365,2022-04-01 11:30:00,TANH
0.4732,0.4732,0.47,0.47,10000,2022-04-01 11:35:00,TANH
0.477,0.477,0.477,0.477,1560,2022-04-01 11:57:00,TANH
0.482,0.482,0.482,0.482,1000,2022-04-01 12:06:00,TANH
0.482,0.4829,0.482,0.4829,900,2022-04-01 12:22:00,TANH
0.4829,0.4829,0.4829,0.4829,300,2022-04-01 12:25:00,TANH
0.479,0.479,0.479,0.479,100,2022-04-01 12:26:00,TANH
0.4721,0.4721,0.4721,0.4721,400,2022-04-01 12:32:00,TANH
0.479,0.479,0.479,0.479,21888,2022-04-01 12:34:00,TANH
0.479,0.479,0.479,0.479,200,2022-04-01 12:36:00,TANH
0.4789,0.479,0.4789,0.479,1000,2022-04-01 12:38:00,TANH
0.479,0.479,0.479,0.479,2800,2022-04-01 12:39:00,TANH
0.48,0.48,0.48,0.48,1000,2022-04-01 12:40:00,TANH
0.4829,0.4829,0.4829,0.4829,1000,2022-04-01 12:43:00,TANH
0.48,0.48,0.48,0.48,500,2022-04-01 12:45:00,TANH
0.4829,0.4829,0.48,0.48,1000,2022-04-01 12:46:00,TANH
0.4829,0.4829,0.4829,0.4829,190,2022-04-01 12:48:00,TANH
0.49,0.492,0.49,0.492,6390,2022-04-01 12:49:00,TANH
0.49,0.4926,0.49,0.4926,1469,2022-04-01 12:50:00,TANH
0.49,0.49,0.49,0.49,100,2022-04-01 12:53:00,TANH
0.49,0.49,0.49,0.49,1500,2022-04-01 12:54:00,TANH
0.49,0.49,0.49,0.49,2979,2022-04-01 12:55:00,TANH
0.49,0.49,0.49,0.49,2521,2022-04-01 12:57:00,TANH
0.49,0.49,0.49,0.49,12479,2022-04-01 12:58:00,TANH
0.49,0.49,0.49,0.49,15000,2022-04-01 13:00:00,TANH
0.4815,0.4855,0.4815,0.4855,800,2022-04-01 13:02:00,TANH
0.488,0.488,0.488,0.488,15000,2022-04-01 13:04:00,TANH
0.487,0.487,0.487,0.487,100,2022-04-01 13:09:00,TANH
0.4815,0.4815,0.48,0.48,700,2022-04-01 13:10:00,TANH
0.4876,0.49,0.4876,0.49,1075,2022-04-01 13:15:00,TANH
0.48,0.49,0.48,0.49,18773,2022-04-01 13:16:00,TANH
0.49,0.49,0.49,0.49,10000,2022-04-01 13:17:00,TANH
0.49,0.49,0.49,0.49,400,2022-04-01 13:25:00,TANH
0.48,0.4853,0.48,0.4853,5848,2022-04-01 13:30:00,TANH
0.481201,0.481201,0.481201,0.481201,1000,2022-04-01 13:32:00,TANH
0.4812,0.4893,0.4812,0.4893,1200,2022-04-01 13:33:00,TANH
0.4813,0.4893,0.48,0.4893,14906,2022-04-01 13:34:00,TANH
0.48,0.48,0.478,0.478,21400,2022-04-01 13:36:00,TANH
0.4761,0.4761,0.476,0.476,7638,2022-04-01 13:37:00,TANH
0.476,0.4761,0.476,0.4761,9960,2022-04-01 13:38:00,TANH
0.4755,0.4789,0.4755,0.4789,2722,2022-04-01 13:39:00,TANH
0.478,0.4789,0.478,0.4789,8398,2022-04-01 13:40:00,TANH
0.476,0.476,0.476,0.476,200,2022-04-01 13:41:00,TANH
0.4789,0.479,0.4788,0.479,12600,2022-04-01 13:42:00,TANH
0.4899,0.4899,0.4899,0.4899,580,2022-04-01 13:43:00,TANH
0.4801,0.4864,0.478,0.4864,51100,2022-04-01 13:44:00,TANH
0.489999,0.489999,0.4781,0.4781,51496,2022-04-01 13:45:00,TANH
0.4898,0.4899,0.489799,0.489799,12941,2022-04-01 13:46:00,TANH
0.4815,0.489599,0.4815,0.489399,11400,2022-04-01 13:47:00,TANH
0.4892,0.4892,0.489199,0.489199,800,2022-04-01 13:48:00,TANH
0.4799,0.4799,0.4799,0.4799,100,2022-04-01 13:50:00,TANH
0.4799,0.4799,0.4799,0.4799,100,2022-04-01 13:52:00,TANH
0.4751,0.4751,0.4751,0.4751,4048,2022-04-01 13:55:00,TANH
0.479799,0.479799,0.473,0.473,20901,2022-04-01 13:56:00,TANH
0.4758,0.4758,0.4758,0.4758,600,2022-04-01 13:57:00,TANH
0.477899,0.477899,0.477899,0.477899,1000,2022-04-01 13:58:00,TANH
0.478,0.478,0.478,0.478,400,2022-04-01 13:59:00,TANH
0.4779,0.4779,0.4758,0.4758,3092,2022-04-01 14:00:00,TANH
0.475,0.475,0.475,0.475,266,2022-04-01 14:03:00,TANH
0.4736,0.4736,0.4736,0.4736,941,2022-04-01 14:04:00,TANH
0.4758,0.4758,0.4758,0.4758,996,2022-04-01 14:07:00,TANH
0.4779,0.4779,0.4759,0.4759,300,2022-04-01 14:08:00,TANH
0.476,0.476,0.4759,0.4759,1776,2022-04-01 14:09:00,TANH
0.4759,0.476,0.4759,0.476,750,2022-04-01 14:12:00,TANH
0.474,0.476,0.474,0.4748,5158,2022-04-01 14:13:00,TANH
0.475899,0.475899,0.475899,0.475899,300,2022-04-01 14:14:00,TANH
0.4737,0.4737,0.4736,0.4737,3300,2022-04-01 14:16:00,TANH
0.4736,0.4737,0.4736,0.473698,2500,2022-04-01 14:17:00,TANH
0.4736,0.4736,0.4736,0.4736,3800,2022-04-01 14:18:00,TANH
0.4737,0.478,0.4737,0.478,3400,2022-04-01 14:20:00,TANH
0.488799,0.488799,0.48,0.48,4000,2022-04-01 14:22:00,TANH
0.4886,0.4886,0.4886,0.4886,250,2022-04-01 14:23:00,TANH
0.4809,0.4809,0.4809,0.4809,100,2022-04-01 14:25:00,TANH
0.4802,0.4802,0.4802,0.4802,10000,2022-04-01 14:26:00,TANH
0.4887,0.4887,0.4887,0.4887,2000,2022-04-01 14:27:00,TANH
0.4844,0.4844,0.4844,0.4844,100,2022-04-01 14:28:00,TANH
0.4844,0.4844,0.4844,0.4844,256,2022-04-01 14:29:00,TANH
0.48405,0.4879,0.48405,0.4879,401,2022-04-01 14:33:00,TANH
0.4803,0.4803,0.4803,0.4803,262,2022-04-01 14:34:00,TANH
0.4802,0.4802,0.4802,0.4802,150,2022-04-01 14:35:00,TANH
0.4879,0.4879,0.4879,0.4879,100,2022-04-01 14:36:00,TANH
0.48405,0.4892,0.4803,0.4892,50296,2022-04-01 14:39:00,TANH
0.489799,0.489799,0.489799,0.489799,500,2022-04-01 14:40:00,TANH
0.4899,0.4899,0.4899,0.4899,100,2022-04-01 14:41:00,TANH
0.4897,0.4897,0.4897,0.4897,400,2022-04-01 14:44:00,TANH
0.484999,0.48505,0.484999,0.48505,400,2022-04-01 14:49:00,TANH
0.485,0.485,0.485,0.485,759,2022-04-01 14:50:00,TANH
0.481139,0.481139,0.481139,0.481139,950,2022-04-01 14:52:00,TANH
0.4811,0.4811,0.4811,0.4811,13298,2022-04-01 14:53:00,TANH
0.485,0.485,0.484,0.485,7530,2022-04-01 14:55:00,TANH
0.49,0.49,0.49,0.49,250,2022-04-01 14:56:00,TANH
0.4811,0.4811,0.4811,0.4811,1000,2022-04-01 14:58:00,TANH
0.4899,0.4899,0.481201,0.481201,550,2022-04-01 15:00:00,TANH
0.4887,0.4887,0.4887,0.4887,100,2022-04-01 15:02:00,TANH
0.4824,0.4824,0.4824,0.4824,1500,2022-04-01 15:03:00,TANH
0.487368,0.487368,0.4812,0.4813,12118,2022-04-01 15:05:00,TANH
0.481301,0.48485,0.481301,0.48485,2600,2022-04-01 15:07:00,TANH
0.4812,0.4825,0.4812,0.4813,1900,2022-04-01 15:09:00,TANH
0.4813,0.4849,0.4813,0.4849,2700,2022-04-01 15:10:00,TANH
0.48305,0.4849,0.48305,0.4849,2500,2022-04-01 15:11:00,TANH
0.48121,0.48121,0.4812,0.4812,990,2022-04-01 15:12:00,TANH
0.4812,0.4812,0.4812,0.4812,805,2022-04-01 15:13:00,TANH
0.480501,0.480501,0.480501,0.480501,1000,2022-04-01 15:21:00,TANH
0.4804,0.4812,0.4804,0.4805,7809,2022-04-01 15:22:00,TANH
0.4809,0.4885,0.4809,0.4885,988,2022-04-01 15:23:00,TANH
0.4885,0.4885,0.4885,0.4885,2000,2022-04-01 15:25:00,TANH
0.488,0.488,0.488,0.488,20000,2022-04-01 15:27:00,TANH
0.486899,0.486899,0.486899,0.486899,1000,2022-04-01 15:28:00,TANH
0.487,0.4899,0.4851,0.4899,21213,2022-04-01 15:30:00,TANH
0.4884,0.4884,0.4884,0.4884,400,2022-04-01 15:31:00,TANH
0.4832,0.4832,0.4832,0.4832,200,2022-04-01 15:36:00,TANH
0.4885,0.4892,0.4885,0.4891,11604,2022-04-01 15:37:00,TANH
0.4849,0.4864,0.4849,0.4864,700,2022-04-01 15:38:00,TANH
0.4894,0.4894,0.4894,0.4894,1000,2022-04-01 15:42:00,TANH
0.4865,0.4895,0.4864,0.4879,75572,2022-04-01 15:43:00,TANH
0.486621,0.4895,0.486621,0.4895,2510,2022-04-01 15:48:00,TANH
0.489399,0.489399,0.489399,0.489399,5500,2022-04-01 15:49:00,TANH
0.4864,0.4864,0.4864,0.4864,10000,2022-04-01 15:54:00,TANH
0.4864,0.487901,0.4864,0.4879,6523,2022-04-01 15:57:00,TANH
0.4864,0.4864,0.4835,0.4835,10823,2022-04-01 15:58:00,TANH
0.4865,0.4865,0.4865,0.4865,100,2022-04-01 16:01:00,TANH
0.486201,0.486201,0.486201,0.486201,500,2022-04-01 16:08:00,TANH
0.4835,0.4835,0.4835,0.4835,950,2022-04-01 16:09:00,TANH
0.4823,0.485127,0.4823,0.4843,3350,2022-04-01 16:10:00,TANH
0.4864,0.4865,0.4864,0.4864,36412,2022-04-01 16:11:00,TANH
0.4883,0.489,0.4868,0.489,24101,2022-04-01 16:12:00,TANH
0.4865,0.4865,0.4865,0.4865,1600,2022-04-01 16:14:00,TANH
0.4866,0.4899,0.4844,0.4899,49996,2022-04-01 16:16:00,TANH
0.4823,0.4898,0.4823,0.4898,1124,2022-04-01 16:21:00,TANH
0.4822,0.4822,0.4822,0.4822,100,2022-04-01 16:23:00,TANH
0.4885,0.489,0.4856,0.489,4547,2022-04-01 16:25:00,TANH
0.4898,0.49,0.4822,0.49,72442,2022-04-01 16:26:00,TANH
0.4898,0.4898,0.4861,0.4861,2650,2022-04-01 16:28:00,TANH
0.48415,0.48415,0.48415,0.48415,229,2022-04-01 16:32:00,TANH
0.4839,0.4839,0.4823,0.4823,900,2022-04-01 16:40:00,TANH
0.4824,0.4824,0.4824,0.4824,4465,2022-04-01 16:41:00,TANH
0.4824,0.4898,0.4824,0.4898,9203,2022-04-01 16:45:00,TANH
0.4824,0.4824,0.4824,0.4824,996,2022-04-01 16:47:00,TANH
0.4823,0.4823,0.4823,0.4823,700,2022-04-01 16:50:00,TANH
0.48585,0.48585,0.48585,0.48585,2000,2022-04-01 16:51:00,TANH
0.4824,0.4824,0.4824,0.4824,100,2022-04-01 16:54:00,TANH
0.4893,0.4893,0.4893,0.4893,100,2022-04-01 16:55:00,TANH
0.4823,0.4823,0.4823,0.4823,3958,2022-04-01 16:56:00,TANH
0.489399,0.489399,0.489399,0.489399,5000,2022-04-01 16:57:00,TANH
0.4823,0.48585,0.4823,0.48585,2600,2022-04-01 16:58:00,TANH
0.486,0.486,0.486,0.486,120,2022-04-01 17:02:00,TANH
0.486,0.486,0.486,0.486,200,2022-04-01 17:03:00,TANH
0.4877,0.4893,0.4877,0.4893,1120,2022-04-01 17:04:00,TANH
0.486901,0.487699,0.4868,0.487699,7940,2022-04-01 17:06:00,TANH
0.48264,0.48264,0.48264,0.48264,1650,2022-04-01 17:08:00,TANH
0.4876,0.4877,0.4876,0.4876,2424,2022-04-01 17:10:00,TANH
0.4877,0.4877,0.4877,0.4877,240,2022-04-01 17:11:00,TANH
0.4877,0.4877,0.4877,0.4877,4632,2022-04-01 17:14:00,TANH
0.4823,0.4823,0.4823,0.4823,10000,2022-04-01 17:18:00,TANH
0.488,0.4893,0.4879,0.4893,8159,2022-04-01 17:22:00,TANH
0.4823,0.4823,0.4823,0.4823,1900,2022-04-01 17:26:00,TANH
0.4823,0.4823,0.4823,0.4823,999,2022-04-01 17:28:00,TANH
0.4824,0.4824,0.4824,0.4824,4000,2022-04-01 17:30:00,TANH
0.4823,0.4892,0.4823,0.4892,875,2022-04-01 17:31:00,TANH
0.486599,0.486599,0.4803,0.4803,3723,2022-04-01 17:35:00,TANH
0.4893,0.4893,0.4893,0.4893,175,2022-04-01 17:37:00,TANH
0.4812,0.4812,0.4812,0.4812,350,2022-04-01 17:40:00,TANH
0.489199,0.489199,0.489199,0.489199,400,2022-04-01 17:41:00,TANH
0.4893,0.4894,0.4893,0.4893,25205,2022-04-01 17:42:00,TANH
0.4812,0.4812,0.4812,0.4812,100,2022-04-01 17:44:00,TANH
0.488,0.488,0.488,0.488,983,2022-04-01 17:47:00,TANH
0.4887,0.4887,0.488699,0.488699,1500,2022-04-01 17:48:00,TANH
0.485,0.485,0.485,0.485,1030,2022-04-01 17:51:00,TANH
0.4831,0.4831,0.4831,0.4831,162,2022-04-01 17:52:00,TANH
0.4887,0.4887,0.4887,0.4887,130,2022-04-01 17:55:00,TANH
0.4859,0.4859,0.4859,0.4859,5601,2022-04-01 17:57:00,TANH
0.488699,0.488699,0.488699,0.488699,400,2022-04-01 17:58:00,TANH
0.488699,0.488699,0.488699,0.488699,400,2022-04-01 17:59:00,TANH
0.4887,0.4887,0.4887,0.4887,400,2022-04-01 18:00:00,TANH
0.485949,0.485949,0.485949,0.485949,100,2022-04-01 18:01:00,TANH
0.486,0.486,0.486,0.486,600,2022-04-01 18:02:00,TANH
0.486,0.486,0.486,0.486,100,2022-04-01 18:04:00,TANH
0.4888,0.4899,0.4888,0.4899,41573,2022-04-01 18:09:00,TANH
0.4899,0.4899,0.4899,0.4899,480,2022-04-01 18:10:00,TANH
0.4881,0.4881,0.4881,0.4881,700,2022-04-01 18:21:00,TANH
0.4882,0.4882,0.4882,0.4882,500,2022-04-01 18:22:00,TANH
0.4882,0.4898,0.4882,0.4898,2250,2022-04-01 18:26:00,TANH
0.4882,0.4899,0.4882,0.4899,4763,2022-04-01 18:28:00,TANH
0.4897,0.4897,0.489,0.489,5150,2022-04-01 18:30:00,TANH
0.4886,0.4886,0.4886,0.4886,950,2022-04-01 18:33:00,TANH
0.4898,0.4898,0.4898,0.4898,400,2022-04-01 18:35:00,TANH
0.48895,0.48895,0.4883,0.4883,3550,2022-04-01 18:37:00,TANH
0.4883,0.4885,0.4883,0.4883,400,2022-04-01 18:39:00,TANH
0.4881,0.4881,0.4881,0.4881,21888,2022-04-01 18:40:00,TANH
0.489,0.489,0.4881,0.4881,1100,2022-04-01 18:41:00,TANH
0.4898,0.4898,0.4897,0.4897,200,2022-04-01 18:43:00,TANH
0.489,0.489,0.489,0.489,150,2022-04-01 18:45:00,TANH
0.4898,0.4898,0.4898,0.4898,100,2022-04-01 18:48:00,TANH
0.4897,0.4897,0.4897,0.4897,750,2022-04-01 18:49:00,TANH
0.4898,0.4898,0.4881,0.489,1651,2022-04-01 18:55:00,TANH
0.489,0.489,0.489,0.489,200,2022-04-01 18:57:00,TANH
0.4894,0.4894,0.4893,0.4893,1100,2022-04-01 19:02:00,TANH
0.4893,0.4894,0.4892,0.4892,1460,2022-04-01 19:03:00,TANH
0.489,0.489,0.4889,0.4889,1200,2022-04-01 19:04:00,TANH
0.4889,0.4894,0.4889,0.4894,1670,2022-04-01 19:05:00,TANH
0.4894,0.4894,0.4894,0.4894,2249,2022-04-01 19:09:00,TANH
0.4833,0.4833,0.4833,0.4833,2500,2022-04-01 19:10:00,TANH
0.4832,0.4832,0.4832,0.4832,500,2022-04-01 19:12:00,TANH
0.4832,0.4832,0.4832,0.4832,600,2022-04-01 19:14:00,TANH
0.4899,0.4899,0.4899,0.4899,250,2022-04-01 19:15:00,TANH
0.4875,0.4875,0.4875,0.4875,143,2022-04-01 19:18:00,TANH
0.485,0.485,0.485,0.485,100,2022-04-01 19:19:00,TANH
0.4875,0.4875,0.4874,0.4874,1147,2022-04-01 19:20:00,TANH
0.4874,0.4898,0.4874,0.4898,1400,2022-04-01 19:22:00,TANH
0.4888,0.49,0.4888,0.4899,21454,2022-04-01 19:24:00,TANH
0.4863,0.4863,0.4863,0.4863,222,2022-04-01 19:25:00,TANH
0.489699,0.489699,0.489699,0.489699,2000,2022-04-01 19:27:00,TANH
0.4896,0.4896,0.4896,0.4896,1000,2022-04-01 19:28:00,TANH
0.4864,0.4864,0.4864,0.4864,3200,2022-04-01 19:31:00,TANH
0.488051,0.488051,0.488051,0.488051,1000,2022-04-01 19:33:00,TANH
0.4865,0.4865,0.4865,0.4865,1000,2022-04-01 19:34:00,TANH
0.488,0.488051,0.488,0.488051,1150,2022-04-01 19:35:00,TANH
0.4865,0.486501,0.4865,0.486501,2000,2022-04-01 19:36:00,TANH
0.4865,0.4865,0.4864,0.4864,3800,2022-04-01 19:37:00,TANH
0.488051,0.4897,0.488051,0.4897,310,2022-04-01 19:38:00,TANH
0.486601,0.486601,0.486601,0.486601,500,2022-04-01 19:42:00,TANH
0.4865,0.4868,0.4865,0.4866,19500,2022-04-01 19:43:00,TANH
0.4895,0.4895,0.4895,0.4895,408,2022-04-01 19:44:00,TANH
0.4868,0.4868,0.4868,0.4868,1000,2022-04-01 19:46:00,TANH
0.486901,0.486901,0.4868,0.4868,9100,2022-04-01 19:47:00,TANH
0.487,0.487,0.487,0.487,300,2022-04-01 19:49:00,TANH
0.4871,0.4871,0.4871,0.4871,1000,2022-04-01 19:50:00,TANH
0.4871,0.4871,0.4871,0.4871,1000,2022-04-01 19:51:00,TANH
0.4869,0.4869,0.4869,0.4869,500,2022-04-01 19:52:00,TANH
0.4869,0.4869,0.4869,0.4869,1000,2022-04-01 19:53:00,TANH
0.488101,0.488101,0.4866,0.4866,1800,2022-04-01 19:55:00,TANH
0.4863,0.4864,0.4863,0.4864,1200,2022-04-01 19:56:00,TANH
0.4864,0.4896,0.4864,0.4896,1672,2022-04-01 19:57:00,TANH
0.4864,0.4896,0.4864,0.4896,6909,2022-04-01 19:58:00,TANH
0.4864,0.4896,0.4864,0.4896,2620,2022-04-01 19:59:00,TANH
0.4897,0.4897,0.4897,0.4897,1781,2022-04-01 20:00:00,TANH
0.49,0.49,0.49,0.49,1500,2022-04-01 20:05:00,TANH
0.49,0.49,0.49,0.49,200,2022-04-01 20:07:00,TANH
0.4813,0.4813,0.4813,0.4813,10000,2022-04-01 20:33:00,TANH
0.49,0.49,0.49,0.49,100,2022-04-01 20:39:00,TANH
0.49,0.49,0.49,0.49,100,2022-04-01 20:40:00,TANH
0.4825,0.4825,0.4825,0.4825,300,2022-04-01 20:41:00,TANH
0.4817,0.4817,0.4817,0.4817,800,2022-04-01 21:17:00,TANH
0.4995,0.4995,0.4995,0.4995,5000,2022-04-04 08:16:00,TANH
0.4995,0.4995,0.4995,0.4995,2000,2022-04-04 08:32:00,TANH
0.493,0.493,0.493,0.493,300,2022-04-04 08:38:00,TANH
0.4985,0.5001,0.4985,0.5001,10113,2022-04-04 08:53:00,TANH
0.5049,0.51,0.5049,0.51,3261,2022-04-04 09:31:00,TANH
0.5099,0.5099,0.5099,0.5099,2739,2022-04-04 09:32:00,TANH
0.5,0.5,0.5,0.5,100,2022-04-04 09:38:00,TANH
0.505,0.505,0.505,0.505,200,2022-04-04 10:00:00,TANH
0.5051,0.5051,0.505,0.505,600,2022-04-04 10:07:00,TANH
0.505,0.505,0.505,0.505,189,2022-04-04 10:08:00,TANH
0.5015,0.5015,0.5,0.5,442,2022-04-04 10:43:00,TANH
0.5045,0.5045,0.5045,0.5045,200,2022-04-04 11:01:00,TANH
0.5007,0.5007,0.5,0.5,961,2022-04-04 11:06:00,TANH
0.5001,0.5001,0.5,0.5,500,2022-04-04 11:17:00,TANH
0.502,0.502,0.502,0.502,500,2022-04-04 11:26:00,TANH
0.5001,0.5001,0.5,0.5,481,2022-04-04 11:28:00,TANH
0.5,0.5,0.5,0.5,500,2022-04-04 11:33:00,TANH
0.502,0.5047,0.502,0.5047,1000,2022-04-04 11:38:00,TANH
0.5015,0.5018,0.5015,0.5018,1000,2022-04-04 11:43:00,TANH
0.5018,0.505,0.5018,0.505,4355,2022-04-04 11:49:00,TANH
0.5087,0.5087,0.5087,0.5087,645,2022-04-04 11:51:00,TANH
0.5087,0.5087,0.5087,0.5087,5000,2022-04-04 11:53:00,TANH
0.5087,0.5087,0.5087,0.5087,2100,2022-04-04 12:07:00,TANH
0.5079,0.5093,0.5079,0.5093,3400,2022-04-04 12:11:00,TANH
0.5088,0.5088,0.5088,0.5088,500,2022-04-04 12:16:00,TANH
0.5082,0.5082,0.5082,0.5082,200,2022-04-04 12:21:00,TANH
0.496,0.496,0.496,0.496,1000,2022-04-04 12:26:00,TANH
0.508,0.508,0.508,0.508,500,2022-04-04 12:53:00,TANH
0.5077,0.508,0.5077,0.508,700,2022-04-04 12:54:00,TANH
0.508,0.508,0.5001,0.508,7000,2022-04-04 12:58:00,TANH
0.5077,0.5077,0.5077,0.5077,1000,2022-04-04 13:00:00,TANH
0.5075,0.5075,0.5075,0.5075,100,2022-04-04 13:03:00,TANH
0.5075,0.5075,0.5075,0.5075,100,2022-04-04 13:04:00,TANH
0.5075,0.5075,0.5075,0.5075,100,2022-04-04 13:05:00,TANH
0.505,0.505,0.505,0.505,250,2022-04-04 13:09:00,TANH
0.5001,0.5001,0.5001,0.5001,130,2022-04-04 13:12:00,TANH
0.5001,0.5001,0.5001,0.5001,5318,2022-04-04 13:13:00,TANH
0.5066,0.5066,0.5066,0.5066,250,2022-04-04 13:14:00,TANH
0.5063,0.5063,0.5063,0.5063,5500,2022-04-04 13:22:00,TANH
0.5066,0.5066,0.5066,0.5066,3000,2022-04-04 13:26:00,TANH
0.506,0.506,0.506,0.506,500,2022-04-04 13:29:00,TANH
0.5057,0.5076,0.5054,0.5054,9043,2022-04-04 13:30:00,TANH
0.5054,0.5054,0.5054,0.5054,10596,2022-04-04 13:31:00,TANH
0.5053,0.5054,0.5001,0.5028,12408,2022-04-04 13:32:00,TANH
0.5005,0.5031,0.5005,0.5031,5119,2022-04-04 13:33:00,TANH
0.502,0.502,0.5011,0.5011,23722,2022-04-04 13:34:00,TANH
0.502,0.503,0.5001,0.5029,2700,2022-04-04 13:35:00,TANH
0.502999,0.502999,0.5002,0.5016,2200,2022-04-04 13:36:00,TANH
0.5029,0.5029,0.5025,0.5025,1100,2022-04-04 13:37:00,TANH
0.503,0.506,0.503,0.5039,7678,2022-04-04 13:38:00,TANH
0.5045,0.5046,0.5031,0.5039,13876,2022-04-04 13:39:00,TANH
0.5039,0.504,0.5039,0.504,1846,2022-04-04 13:40:00,TANH
0.5046,0.5046,0.5043,0.5046,3255,2022-04-04 13:41:00,TANH
0.5059,0.5075,0.5057,0.5075,21186,2022-04-04 13:42:00,TANH
0.5063,0.5063,0.5057,0.5057,2100,2022-04-04 13:43:00,TANH
0.505,0.5057,0.5001,0.5002,57151,2022-04-04 13:44:00,TANH
0.5063,0.5063,0.5002,0.5063,6400,2022-04-04 13:45:00,TANH
0.5051,0.5085,0.5001,0.5003,61287,2022-04-04 13:46:00,TANH
0.5054,0.5054,0.5002,0.5002,20374,2022-04-04 13:47:00,TANH
0.5002,0.506,0.5001,0.5002,13292,2022-04-04 13:48:00,TANH
0.502,0.50375,0.502,0.50375,1535,2022-04-04 13:50:00,TANH
0.502,0.502,0.502,0.502,400,2022-04-04 13:51:00,TANH
0.5055,0.5055,0.502,0.502,3800,2022-04-04 13:52:00,TANH
0.5038,0.5054,0.502,0.502,2661,2022-04-04 13:53:00,TANH
0.5055,0.5055,0.502,0.502,13369,2022-04-04 13:55:00,TANH
0.505,0.505,0.5049,0.5049,390,2022-04-04 13:57:00,TANH
0.502,0.502,0.502,0.502,1000,2022-04-04 13:58:00,TANH
0.5049,0.5049,0.502,0.5035,4300,2022-04-04 13:59:00,TANH
0.504899,0.505,0.502,0.502,10300,2022-04-04 14:00:00,TANH
0.504399,0.504399,0.5001,0.5001,6246,2022-04-04 14:02:00,TANH
0.5003,0.5003,0.5003,0.5003,100,2022-04-04 14:03:00,TANH
0.5002,0.5002,0.5002,0.5002,2292,2022-04-04 14:06:00,TANH
0.5002,0.5002,0.5002,0.5002,358,2022-04-04 14:07:00,TANH
0.502599,0.502599,0.5002,0.5002,1300,2022-04-04 14:11:00,TANH
0.5002,0.5037,0.5002,0.5003,5579,2022-04-04 14:13:00,TANH
0.5002,0.5026,0.5002,0.5026,3200,2022-04-04 14:14:00,TANH
0.5048,0.504899,0.5002,0.5002,6800,2022-04-04 14:15:00,TANH
0.502599,0.5026,0.502599,0.5026,396,2022-04-04 14:18:00,TANH
0.5002,0.5002,0.5002,0.5002,1000,2022-04-04 14:19:00,TANH
0.5048,0.5048,0.5001,0.5047,4288,2022-04-04 14:23:00,TANH
0.503959,0.503959,0.5002,0.5002,1600,2022-04-04 14:24:00,TANH
0.5035,0.5048,0.5002,0.5045,2978,2022-04-04 14:25:00,TANH
0.5005,0.5005,0.5005,0.5005,100,2022-04-04 14:28:00,TANH
0.504,0.5049,0.5006,0.5006,32036,2022-04-04 14:29:00,TANH
0.5028,0.5028,0.5028,0.5028,200,2022-04-04 14:30:00,TANH
0.503,0.503,0.503,0.503,188,2022-04-04 14:31:00,TANH
0.5049,0.5049,0.5049,0.5049,30000,2022-04-04 14:32:00,TANH
0.501,0.503,0.501,0.503,16000,2022-04-04 14:33:00,TANH
0.501,0.501,0.501,0.501,50400,2022-04-04 14:35:00,TANH
0.5048,0.5048,0.501,0.501,1019,2022-04-04 14:37:00,TANH
0.501,0.501001,0.501,0.501,3700,2022-04-04 14:38:00,TANH
0.501,0.501,0.501,0.501,100,2022-04-04 14:39:00,TANH
0.501,0.501,0.501,0.501,200,2022-04-04 14:40:00,TANH
0.5029,0.5029,0.5029,0.5029,500,2022-04-04 14:41:00,TANH
0.501,0.5048,0.501,0.5048,1075,2022-04-04 14:42:00,TANH
0.504,0.504,0.501,0.50295,1122,2022-04-04 14:43:00,TANH
0.503999,0.503999,0.503999,0.503999,141,2022-04-04 14:45:00,TANH
0.503899,0.503899,0.5026,0.5026,6400,2022-04-04 14:48:00,TANH
0.5039,0.5039,0.5026,0.5033,6100,2022-04-04 14:49:00,TANH
0.5026,0.5033,0.5025,0.5033,11800,2022-04-04 14:51:00,TANH
0.504,0.5049,0.5026,0.5026,9700,2022-04-04 14:53:00,TANH
0.5037,0.5048,0.5025,0.5026,12164,2022-04-04 14:56:00,TANH
0.50375,0.50375,0.50375,0.50375,400,2022-04-04 14:58:00,TANH
0.5034,0.5034,0.5034,0.5034,200,2022-04-04 15:02:00,TANH
0.504,0.5049,0.5038,0.504,9894,2022-04-04 15:03:00,TANH
0.5038,0.5038,0.50315,0.50315,700,2022-04-04 15:04:00,TANH
0.5035,0.5035,0.5035,0.5035,200,2022-04-04 15:06:00,TANH
0.5038,0.5038,0.5037,0.5037,6200,2022-04-04 15:07:00,TANH
0.5037,0.5037,0.5025,0.5037,3900,2022-04-04 15:08:00,TANH
0.5038,0.5038,0.5037,0.5037,7381,2022-04-04 15:09:00,TANH
0.5037,0.5037,0.5036,0.5036,13450,2022-04-04 15:10:00,TANH
0.5037,0.5037,0.5037,0.5037,3383,2022-04-04 15:12:00,TANH
0.5036,0.5036,0.5036,0.5036,2100,2022-04-04 15:14:00,TANH
0.5036,0.5036,0.5036,0.5036,688,2022-04-04 15:15:00,TANH
0.503049,0.503049,0.503049,0.503049,400,2022-04-04 15:16:00,TANH
0.5036,0.5036,0.50305,0.5036,852,2022-04-04 15:17:00,TANH
0.503499,0.503499,0.503499,0.503499,5000,2022-04-04 15:18:00,TANH
0.503499,0.503499,0.5031,0.5031,807,2022-04-04 15:19:00,TANH
0.5035,0.5035,0.5035,0.5035,1793,2022-04-04 15:20:00,TANH
0.5029,0.5034,0.5029,0.5034,15539,2022-04-04 15:21:00,TANH
0.5025,0.5025,0.5025,0.5025,200,2022-04-04 15:23:00,TANH
0.5029,0.5029,0.5029,0.5029,340,2022-04-04 15:24:00,TANH
0.5034,0.5036,0.5025,0.5031,2300,2022-04-04 15:25:00,TANH
0.5031,0.5031,0.5031,0.5031,1150,2022-04-04 15:27:00,TANH
0.502501,0.503699,0.502501,0.503699,2525,2022-04-04 15:28:00,TANH
0.5031,0.5031,0.5025,0.5025,702,2022-04-04 15:29:00,TANH
0.5021,0.5036,0.5021,0.5036,2815,2022-04-04 15:31:00,TANH
0.5025,0.503,0.5025,0.503,2350,2022-04-04 15:32:00,TANH
0.502749,0.502749,0.502749,0.502749,100,2022-04-04 15:33:00,TANH
0.5027,0.5027,0.5025,0.5025,500,2022-04-04 15:35:00,TANH
0.5026,0.5026,0.5025,0.5025,4276,2022-04-04 15:36:00,TANH
0.5025,0.502506,0.5025,0.502506,1000,2022-04-04 15:37:00,TANH
0.5027,0.5027,0.5027,0.5027,1100,2022-04-04 15:40:00,TANH
0.5027,0.5029,0.5026,0.5026,13231,2022-04-04 15:44:00,TANH
0.5026,0.5027,0.5026,0.5027,1000,2022-04-04 15:48:00,TANH
0.5028,0.502801,0.5028,0.502801,1100,2022-04-04 15:53:00,TANH
0.5029,0.5029,0.5029,0.5029,100,2022-04-04 15:56:00,TANH
0.5028,0.5028,0.5028,0.5028,1471,2022-04-04 15:57:00,TANH
0.502,0.5027,0.502,0.5027,2752,2022-04-04 16:04:00,TANH
0.5024,0.5025,0.5024,0.5025,950,2022-04-04 16:05:00,TANH
0.5024,0.5024,0.5024,0.5024,442,2022-04-04 16:07:00,TANH
0.5024,0.5024,0.501,0.501,21624,2022-04-04 16:09:00,TANH
0.5011,0.5019,0.5011,0.5019,2000,2022-04-04 16:10:00,TANH
0.5019,0.5019,0.501,0.5019,5800,2022-04-04 16:11:00,TANH
0.502,0.502,0.5019,0.501906,2100,2022-04-04 16:13:00,TANH
0.5019,0.501906,0.5019,0.5019,5559,2022-04-04 16:18:00,TANH
0.5019,0.50199,0.5019,0.50199,400,2022-04-04 16:19:00,TANH
0.502,0.502,0.502,0.502,1900,2022-04-04 16:21:00,TANH
0.5019,0.5019,0.5019,0.5019,200,2022-04-04 16:26:00,TANH
0.5019,0.5019,0.5019,0.5019,500,2022-04-04 16:30:00,TANH
0.5019,0.502,0.5019,0.5019,11100,2022-04-04 16:33:00,TANH
0.5019,0.5019,0.5019,0.5019,10700,2022-04-04 16:34:00,TANH
0.502,0.502,0.502,0.502,2674,2022-04-04 16:36:00,TANH
0.5024,0.5024,0.5024,0.5024,1500,2022-04-04 16:37:00,TANH
0.5022,0.5022,0.5022,0.5022,1600,2022-04-04 16:42:00,TANH
0.5023,0.5023,0.5021,0.5021,4200,2022-04-04 16:43:00,TANH
0.5021,0.5021,0.5021,0.5021,500,2022-04-04 16:44:00,TANH
0.50219,0.50219,0.5021,0.5021,300,2022-04-04 16:46:00,TANH
0.50219,0.50219,0.50219,0.50219,190,2022-04-04 16:47:00,TANH
0.5021,0.5021,0.501,0.501,32300,2022-04-04 16:50:00,TANH
0.5015,0.5015,0.501,0.501,21856,2022-04-04 16:51:00,TANH
0.50199,0.50199,0.501001,0.501001,200,2022-04-04 16:54:00,TANH
0.501,0.502,0.501,0.502,670,2022-04-04 16:55:00,TANH
0.501,0.502,0.501,0.502,7562,2022-04-04 16:56:00,TANH
0.501,0.502,0.501,0.502,2553,2022-04-04 16:57:00,TANH
0.501,0.5022,0.501,0.5022,10657,2022-04-04 17:02:00,TANH
0.501,0.5021,0.501,0.5021,1300,2022-04-04 17:03:00,TANH
0.5022,0.504799,0.5019,0.5019,7100,2022-04-04 17:06:00,TANH
0.5034,0.5034,0.5034,0.5034,300,2022-04-04 17:07:00,TANH
0.5035,0.5035,0.5035,0.5035,100,2022-04-04 17:09:00,TANH
0.5037,0.5039,0.5025,0.5025,500,2022-04-04 17:10:00,TANH
0.5022,0.5022,0.5022,0.5022,45800,2022-04-04 17:12:00,TANH
0.5022,0.5022,0.5022,0.5022,925,2022-04-04 17:14:00,TANH
0.504,0.504,0.504,0.504,1500,2022-04-04 17:20:00,TANH
0.5031,0.5031,0.5021,0.5022,16500,2022-04-04 17:21:00,TANH
0.5022,0.5023,0.5,0.5,42697,2022-04-04 17:22:00,TANH
0.5001,0.5049,0.498,0.5049,46450,2022-04-04 17:24:00,TANH
0.5049,0.5049,0.5049,0.5049,200,2022-04-04 17:25:00,TANH
0.5036,0.5045,0.5011,0.5045,1700,2022-04-04 17:26:00,TANH
0.4985,0.4993,0.495,0.4951,22900,2022-04-04 17:27:00,TANH
0.495,0.495,0.49,0.49,59518,2022-04-04 17:28:00,TANH
0.49,0.491,0.49,0.4901,2500,2022-04-04 17:29:00,TANH
0.499899,0.499899,0.499899,0.499899,2000,2022-04-04 17:32:00,TANH
0.49555,0.49555,0.49555,0.49555,500,2022-04-04 17:35:00,TANH
0.498212,0.498212,0.498212,0.498212,500,2022-04-04 17:41:00,TANH
0.4901,0.4901,0.4901,0.4901,7143,2022-04-04 17:42:00,TANH
0.4901,0.4968,0.49,0.4941,8700,2022-04-04 17:43:00,TANH
0.495,0.4954,0.4941,0.4954,700,2022-04-04 17:44:00,TANH
0.494099,0.494099,0.494099,0.494099,1000,2022-04-04 17:45:00,TANH
0.4902,0.4902,0.4902,0.4902,10800,2022-04-04 17:46:00,TANH
0.4902,0.498,0.4902,0.4951,13800,2022-04-04 17:47:00,TANH
0.4902,0.4902,0.4902,0.4902,150,2022-04-04 17:48:00,TANH
0.4928,0.4928,0.4928,0.4928,103,2022-04-04 17:51:00,TANH
0.49285,0.49285,0.49285,0.49285,2000,2022-04-04 17:53:00,TANH
0.4905,0.490891,0.4901,0.4901,23350,2022-04-04 17:54:00,TANH
0.4951,0.4951,0.4951,0.4951,384,2022-04-04 17:55:00,TANH
0.4952,0.4952,0.4952,0.4952,1900,2022-04-04 17:56:00,TANH
0.4903,0.4903,0.4903,0.4903,10810,2022-04-04 18:02:00,TANH
0.4903,0.4927,0.4902,0.4927,5710,2022-04-04 18:03:00,TANH
0.494,0.494,0.4903,0.4903,5300,2022-04-04 18:04:00,TANH
0.4921,0.4921,0.490415,0.490415,513,2022-04-04 18:05:00,TANH
0.4903,0.4903,0.4903,0.4903,5700,2022-04-04 18:06:00,TANH
0.494,0.5,0.4903,0.4922,24744,2022-04-04 18:07:00,TANH
0.494,0.494,0.494,0.494,4100,2022-04-04 18:09:00,TANH
0.4967,0.4967,0.4967,0.4967,270,2022-04-04 18:10:00,TANH
0.498,0.4989,0.498,0.4985,22600,2022-04-04 18:12:00,TANH
0.4985,0.499,0.4947,0.4975,52521,2022-04-04 18:13:00,TANH
0.4933,0.4933,0.4933,0.4933,100,2022-04-04 18:20:00,TANH
0.494599,0.494599,0.494599,0.494599,500,2022-04-04 18:21:00,TANH
0.4947,0.4947,0.4947,0.4947,303,2022-04-04 18:22:00,TANH
0.499899,0.499899,0.499899,0.499899,500,2022-04-04 18:29:00,TANH
0.5,0.5,0.5,0.5,5000,2022-04-04 18:30:00,TANH
0.4947,0.4952,0.4904,0.4952,21800,2022-04-04 18:31:00,TANH
0.5,0.5,0.5,0.5,520,2022-04-04 18:32:00,TANH
0.5,0.5,0.5,0.5,2100,2022-04-04 18:33:00,TANH
0.5,0.5,0.5,0.5,300,2022-04-04 18:36:00,TANH
0.5,0.5,0.5,0.5,1800,2022-04-04 18:37:00,TANH
0.5,0.5,0.4904,0.4904,57300,2022-04-04 18:38:00,TANH
0.4904,0.5,0.4904,0.5,52706,2022-04-04 18:39:00,TANH
0.4952,0.4952,0.4952,0.4952,400,2022-04-04 18:40:00,TANH
0.4998,0.4998,0.4998,0.4998,500,2022-04-04 18:44:00,TANH
0.4952,0.4952,0.4904,0.4952,59415,2022-04-04 18:45:00,TANH
0.4976,0.4976,0.4976,0.4976,6000,2022-04-04 18:53:00,TANH
0.4952,0.4958,0.4952,0.4958,11159,2022-04-04 18:56:00,TANH
0.4958,0.5,0.4958,0.498199,59997,2022-04-04 18:57:00,TANH
0.4982,0.5047,0.4976,0.5047,40277,2022-04-04 18:58:00,TANH
0.5047,0.5047,0.499899,0.499899,20803,2022-04-04 18:59:00,TANH
0.4976,0.5049,0.4976,0.5013,18794,2022-04-04 19:00:00,TANH
0.50295,0.5058,0.50295,0.5053,175720,2022-04-04 19:01:00,TANH
0.505399,0.505499,0.502649,0.502699,39096,2022-04-04 19:02:00,TANH
0.5026,0.506,0.4995,0.5028,31238,2022-04-04 19:03:00,TANH
0.4999,0.506,0.499,0.503,52301,2022-04-04 19:04:00,TANH
0.506,0.506,0.5,0.5045,53976,2022-04-04 19:05:00,TANH
0.5036,0.507,0.503101,0.5059,60262,2022-04-04 19:06:00,TANH
0.506,0.506,0.505,0.505,9629,2022-04-04 19:07:00,TANH
0.505499,0.506,0.5051,0.5055,16800,2022-04-04 19:08:00,TANH
0.505101,0.5059,0.505,0.5059,11100,2022-04-04 19:09:00,TANH
0.5055,0.5055,0.505,0.505,21325,2022-04-04 19:10:00,TANH
0.505,0.5058,0.505,0.505,6500,2022-04-04 19:11:00,TANH
0.506,0.506,0.5047,0.5047,1500,2022-04-04 19:12:00,TANH
0.506,0.5095,0.506,0.507,30925,2022-04-04 19:13:00,TANH
0.507,0.51,0.507,0.507,18900,2022-04-04 19:14:00,TANH
0.509,0.509,0.509,0.509,4400,2022-04-04 19:15:00,TANH
0.5095,0.51,0.509,0.509,148701,2022-04-04 19:16:00,TANH
0.50975,0.51,0.509,0.509,22539,2022-04-04 19:17:00,TANH
0.508,0.509,0.506499,0.5071,11016,2022-04-04 19:18:00,TANH
0.51,0.51,0.5021,0.504,7700,2022-04-04 19:19:00,TANH
0.5038,0.5073,0.5002,0.5039,45859,2022-04-04 19:20:00,TANH
0.5037,0.5037,0.5035,0.5035,10423,2022-04-04 19:22:00,TANH
0.5036,0.5072,0.5036,0.5072,4455,2022-04-04 19:23:00,TANH
0.5062,0.511,0.5062,0.5093,37314,2022-04-04 19:24:00,TANH
0.5076,0.5077,0.5076,0.5077,883,2022-04-04 19:25:00,TANH
0.5076,0.5179,0.5076,0.51,21204,2022-04-04 19:26:00,TANH
0.51,0.5102,0.5086,0.5086,7905,2022-04-04 19:27:00,TANH
0.5081,0.5082,0.5081,0.5082,8301,2022-04-04 19:28:00,TANH
0.5082,0.509,0.5081,0.509,10282,2022-04-04 19:29:00,TANH
0.5085,0.51,0.5083,0.51,8800,2022-04-04 19:30:00,TANH
0.51,0.5117,0.5099,0.5117,5100,2022-04-04 19:31:00,TANH
0.5089,0.51,0.5081,0.5098,1615,2022-04-04 19:32:00,TANH
0.5099,0.5104,0.5098,0.5101,5850,2022-04-04 19:33:00,TANH
0.5101,0.510799,0.5083,0.5083,2456,2022-04-04 19:34:00,TANH
0.5078,0.5092,0.5075,0.5075,7100,2022-04-04 19:35:00,TANH
0.5053,0.511,0.5032,0.50555,38305,2022-04-04 19:36:00,TANH
0.5042,0.5049,0.5041,0.5049,700,2022-04-04 19:37:00,TANH
0.506,0.5061,0.5056,0.5056,4500,2022-04-04 19:38:00,TANH
0.5043,0.5054,0.5043,0.5054,400,2022-04-04 19:39:00,TANH
0.5057,0.5057,0.505001,0.50565,6192,2022-04-04 19:40:00,TANH
0.5053,0.51,0.5051,0.51,4999,2022-04-04 19:41:00,TANH
0.506,0.506,0.506,0.506,800,2022-04-04 19:42:00,TANH
0.5063,0.5063,0.5063,0.5063,100,2022-04-04 19:43:00,TANH
0.5061,0.5063,0.506,0.506,3244,2022-04-04 19:44:00,TANH
0.5063,0.51,0.5063,0.51,1000,2022-04-04 19:45:00,TANH
0.509,0.5092,0.509,0.5091,1500,2022-04-04 19:46:00,TANH
0.5075,0.5117,0.5075,0.5088,27700,2022-04-04 19:47:00,TANH
0.5089,0.5117,0.5078,0.5099,12798,2022-04-04 19:48:00,TANH
0.5099,0.5101,0.5071,0.508,4600,2022-04-04 19:49:00,TANH
0.5074,0.5075,0.5072,0.5072,573,2022-04-04 19:50:00,TANH
0.5073,0.5073,0.5073,0.5073,429,2022-04-04 19:52:00,TANH
0.5074,0.5074,0.5074,0.5074,1218,2022-04-04 19:53:00,TANH
0.5083,0.5083,0.507,0.507,22112,2022-04-04 19:54:00,TANH
0.5072,0.5074,0.5071,0.5072,9606,2022-04-04 19:55:00,TANH
0.5073,0.5091,0.5073,0.507499,15859,2022-04-04 19:56:00,TANH
0.5071,0.5072,0.507,0.5071,16518,2022-04-04 19:57:00,TANH
0.5071,0.5071,0.5071,0.5071,150,2022-04-04 19:58:00,TANH
0.5071,0.5071,0.507,0.507,9325,2022-04-04 19:59:00,TANH
0.507,0.507,0.507,0.507,922,2022-04-04 20:00:00,TANH
0.51,0.51,0.51,0.51,1000,2022-04-04 20:06:00,TANH
0.51,0.51,0.51,0.51,100,2022-04-04 20:07:00,TANH
0.51,0.51,0.51,0.51,5500,2022-04-04 20:12:00,TANH
0.51,0.51,0.51,0.51,2000,2022-04-04 20:17:00,TANH
0.51,0.51,0.51,0.51,200,2022-04-04 20:18:00,TANH
0.51,0.51,0.51,0.51,2500,2022-04-04 20:20:00,TANH
0.5085,0.5085,0.5,0.5,17352,2022-04-04 20:21:00,TANH
0.51,0.51,0.51,0.51,3557,2022-04-04 20:28:00,TANH
0.5149,0.5149,0.5149,0.5149,1292,2022-04-04 20:29:00,TANH
0.51,0.51,0.51,0.51,1000,2022-04-04 20:43:00,TANH
0.51,0.51,0.51,0.51,1500,2022-04-04 20:51:00,TANH
0.51,0.51,0.5002,0.5002,350,2022-04-04 20:53:00,TANH
0.51,0.51,0.51,0.51,450,2022-04-04 20:55:00,TANH
0.512,0.512,0.512,0.512,114,2022-04-04 20:57:00,TANH
0.512,0.512,0.512,0.512,500,2022-04-04 21:00:00,TANH
0.512,0.512,0.512,0.512,200,2022-04-04 21:03:00,TANH
0.5065,0.5065,0.5065,0.5065,332,2022-04-04 21:18:00,TANH
0.5065,0.5065,0.5065,0.5065,200,2022-04-04 21:21:00,TANH
0.5065,0.5065,0.5065,0.5065,800,2022-04-04 21:22:00,TANH
0.5021,0.5021,0.5021,0.5021,950,2022-04-04 21:34:00,TANH
0.5065,0.5065,0.5065,0.5065,250,2022-04-04 21:53:00,TANH
0.5065,0.5065,0.5065,0.5065,150,2022-04-04 21:56:00,TANH
0.5065,0.5065,0.5065,0.5065,1400,2022-04-04 21:59:00,TANH
0.5099,0.5099,0.5099,0.5099,101,2022-04-04 22:00:00,TANH
0.5021,0.5021,0.5021,0.5021,950,2022-04-04 22:18:00,TANH
0.5021,0.5021,0.5021,0.5021,151,2022-04-04 22:30:00,TANH
0.5021,0.5021,0.5021,0.5021,100,2022-04-04 22:39:00,TANH
0.5069,0.5069,0.5069,0.5069,500,2022-04-04 22:46:00,TANH
0.5069,0.5069,0.5069,0.5069,120,2022-04-04 22:50:00,TANH
0.5069,0.5069,0.5069,0.5069,500,2022-04-04 22:58:00,TANH
0.5069,0.5069,0.505,0.505,893,2022-04-04 23:02:00,TANH
0.51,0.51,0.51,0.51,200,2022-04-04 23:29:00,TANH
0.51,0.51,0.51,0.51,100,2022-04-04 23:31:00,TANH
0.51,0.51,0.51,0.51,100,2022-04-04 23:33:00,TANH
0.51,0.51,0.51,0.51,1000,2022-04-04 23:36:00,TANH
0.51,0.51,0.51,0.51,1000,2022-04-04 23:37:00,TANH
0.51,0.51,0.51,0.51,4882,2022-04-04 23:40:00,TANH
0.51,0.51,0.51,0.51,118,2022-04-04 23:43:00,TANH
0.512,0.512,0.512,0.512,1000,2022-04-04 23:48:00,TANH
0.512,0.512,0.512,0.512,1200,2022-04-04 23:50:00,TANH
0.512,0.512,0.512,0.512,2000,2022-04-04 23:53:00,TANH
0.512,0.512,0.51,0.51,775,2022-04-04 23:54:00,TANH
0.5114,0.5114,0.5114,0.5114,725,2022-04-04 23:58:00,TANH
0.515,0.515,0.515,0.515,200,2022-04-04 23:59:00,TANH
0.51,0.515,0.51,0.515,1480,2022-04-05 08:00:00,TANH
0.51,0.51,0.51,0.51,300,2022-04-05 08:05:00,TANH
0.5096,0.51,0.5096,0.51,1060,2022-04-05 08:08:00,TANH
0.51,0.51,0.51,0.51,250,2022-04-05 08:10:00,TANH
0.51,0.51,0.51,0.51,440,2022-04-05 08:12:00,TANH
0.5125,0.5125,0.5103,0.5103,906,2022-04-05 08:37:00,TANH
0.5103,0.515,0.5103,0.515,687,2022-04-05 08:42:00,TANH
0.5108,0.515,0.5108,0.515,1000,2022-04-05 08:44:00,TANH
0.5113,0.515,0.5113,0.515,725,2022-04-05 08:45:00,TANH
0.515,0.515,0.515,0.515,1124,2022-04-05 08:46:00,TANH
0.512,0.5148,0.512,0.5148,459,2022-04-05 08:47:00,TANH
0.5149,0.515,0.5149,0.515,500,2022-04-05 08:51:00,TANH
0.51,0.51,0.51,0.51,100,2022-04-05 08:55:00,TANH
0.5146,0.5146,0.5146,0.5146,1000,2022-04-05 09:02:00,TANH
0.5146,0.5146,0.5146,0.5146,500,2022-04-05 09:04:00,TANH
0.5146,0.5146,0.5146,0.5146,377,2022-04-05 09:29:00,TANH
0.512,0.512,0.512,0.512,500,2022-04-05 09:32:00,TANH
0.512,0.512,0.512,0.512,100,2022-04-05 09:43:00,TANH
0.512,0.512,0.512,0.512,100,2022-04-05 09:53:00,TANH
0.5131,0.5146,0.512,0.512,3200,2022-04-05 09:55:00,TANH
0.512,0.512,0.512,0.512,2215,2022-04-05 10:00:00,TANH
0.5083,0.51,0.5083,0.51,200,2022-04-05 10:05:00,TANH
0.512,0.512,0.512,0.512,1000,2022-04-05 10:09:00,TANH
0.5117,0.5117,0.51,0.51,1700,2022-04-05 10:16:00,TANH
0.512,0.512,0.512,0.512,486,2022-04-05 10:20:00,TANH
0.51,0.51,0.51,0.51,1000,2022-04-05 10:36:00,TANH
0.51,0.51,0.51,0.51,2000,2022-04-05 10:45:00,TANH
0.51,0.5106,0.5095,0.5106,1175,2022-04-05 10:47:00,TANH
0.5117,0.5144,0.5117,0.5144,5570,2022-04-05 11:00:00,TANH
0.5123,0.52,0.5123,0.52,11815,2022-04-05 11:03:00,TANH
0.5239,0.525,0.521,0.521,6301,2022-04-05 11:04:00,TANH
0.525,0.5484,0.525,0.5484,24509,2022-04-05 11:05:00,TANH
0.5484,0.5484,0.53,0.53,5417,2022-04-05 11:06:00,TANH
0.53,0.53,0.53,0.53,1100,2022-04-05 11:07:00,TANH
0.53,0.53,0.5228,0.5228,1226,2022-04-05 11:08:00,TANH
0.5298,0.5388,0.5298,0.5388,6374,2022-04-05 11:09:00,TANH
0.534,0.534,0.5311,0.532,300,2022-04-05 11:10:00,TANH
0.534,0.5451,0.534,0.545,12586,2022-04-05 11:11:00,TANH
0.5451,0.5701,0.5451,0.5701,41686,2022-04-05 11:12:00,TANH
0.571,0.5716,0.555,0.555,16552,2022-04-05 11:13:00,TANH
0.56,0.56,0.558,0.558,4706,2022-04-05 11:14:00,TANH
0.557,0.5587,0.55,0.551,23004,2022-04-05 11:15:00,TANH
0.5512,0.5575,0.5508,0.555,15617,2022-04-05 11:16:00,TANH
0.5512,0.558,0.5505,0.5507,24204,2022-04-05 11:17:00,TANH
0.5541,0.56,0.549,0.549,145629,2022-04-05 11:18:00,TANH
0.5475,0.5485,0.5475,0.5477,1000,2022-04-05 11:19:00,TANH
0.5445,0.545,0.5421,0.543,888,2022-04-05 11:21:00,TANH
0.5421,0.5421,0.5391,0.54,12310,2022-04-05 11:22:00,TANH
0.5371,0.5389,0.5325,0.535,8081,2022-04-05 11:23:00,TANH
0.5326,0.5326,0.5313,0.532,2847,2022-04-05 11:24:00,TANH
0.5367,0.5395,0.5367,0.5395,2643,2022-04-05 11:26:00,TANH
0.5397,0.5397,0.5397,0.5397,1000,2022-04-05 11:27:00,TANH
0.5392,0.54,0.5392,0.54,3119,2022-04-05 11:28:00,TANH
0.54,0.54,0.54,0.54,100,2022-04-05 11:29:00,TANH
0.54,0.54,0.54,0.54,1500,2022-04-05 11:30:00,TANH
0.54,0.54,0.5386,0.5386,5747,2022-04-05 11:31:00,TANH
0.5386,0.5386,0.5385,0.5385,1500,2022-04-05 11:33:00,TANH
0.538,0.5383,0.5376,0.5383,6614,2022-04-05 11:35:00,TANH
0.5357,0.5385,0.5322,0.5385,9300,2022-04-05 11:37:00,TANH
0.5359,0.5385,0.5355,0.5355,6859,2022-04-05 11:38:00,TANH
0.5355,0.54,0.5355,0.54,9980,2022-04-05 11:39:00,TANH
0.538,0.538,0.538,0.538,901,2022-04-05 11:41:00,TANH
0.538,0.54,0.538,0.54,10895,2022-04-05 11:43:00,TANH
0.5386,0.5444,0.5386,0.5444,6594,2022-04-05 11:46:00,TANH
0.5444,0.5444,0.5444,0.5444,11597,2022-04-05 11:47:00,TANH
0.5444,0.5444,0.5444,0.5444,3800,2022-04-05 11:48:00,TANH
0.5444,0.5446,0.5444,0.5446,900,2022-04-05 11:51:00,TANH
0.5444,0.5444,0.54,0.54,3469,2022-04-05 11:52:00,TANH
0.5417,0.5449,0.5417,0.5418,5018,2022-04-05 11:53:00,TANH
0.54175,0.55,0.54175,0.5449,10684,2022-04-05 11:55:00,TANH
0.54,0.54,0.54,0.54,990,2022-04-05 11:56:00,TANH
0.545,0.5451,0.545,0.5451,1974,2022-04-05 11:58:00,TANH
0.5421,0.5498,0.54,0.5497,7292,2022-04-05 12:00:00,TANH
0.5499,0.5499,0.5499,0.5499,150,2022-04-05 12:01:00,TANH
0.5405,0.5405,0.535,0.5386,4000,2022-04-05 12:03:00,TANH
0.5498,0.5498,0.5401,0.5447,3393,2022-04-05 12:04:00,TANH
0.5438,0.5438,0.5386,0.5386,3300,2022-04-05 12:05:00,TANH
0.549,0.549,0.54,0.545,12844,2022-04-05 12:06:00,TANH
0.5387,0.5387,0.5386,0.5386,14844,2022-04-05 12:07:00,TANH
0.5435,0.5435,0.538,0.539,5700,2022-04-05 12:08:00,TANH
0.538,0.539,0.538,0.539,1500,2022-04-05 12:09:00,TANH
0.539,0.539,0.539,0.539,500,2022-04-05 12:10:00,TANH
0.539,0.539,0.5389,0.5389,700,2022-04-05 12:11:00,TANH
0.5389,0.5389,0.5383,0.5383,5075,2022-04-05 12:15:00,TANH
0.5389,0.549,0.5383,0.549,55594,2022-04-05 12:16:00,TANH
0.549,0.549,0.549,0.549,918,2022-04-05 12:17:00,TANH
0.5419,0.549,0.54,0.549,1600,2022-04-05 12:18:00,TANH
0.545,0.545,0.54015,0.54015,1000,2022-04-05 12:20:00,TANH
0.54,0.54,0.54,0.54,2293,2022-04-05 12:21:00,TANH
0.542,0.542,0.54015,0.541,3300,2022-04-05 12:22:00,TANH
0.541,0.5415,0.541,0.541,1202,2022-04-05 12:24:00,TANH
0.5414,0.548,0.5414,0.542,3330,2022-04-05 12:25:00,TANH
0.5421,0.543,0.542,0.543,3500,2022-04-05 12:26:00,TANH
0.5447,0.54525,0.543,0.545,2807,2022-04-05 12:27:00,TANH
0.545,0.5465,0.545,0.545,4679,2022-04-05 12:28:00,TANH
0.5465,0.548,0.5415,0.548,3294,2022-04-05 12:29:00,TANH
0.548,0.5499,0.5435,0.5455,16392,2022-04-05 12:30:00,TANH
0.5455,0.5455,0.5455,0.5455,500,2022-04-05 12:31:00,TANH
0.546,0.5499,0.5455,0.548,10387,2022-04-05 12:32:00,TANH
0.548,0.548,0.5463,0.5463,3264,2022-04-05 12:33:00,TANH
0.55,0.55,0.5463,0.55,7154,2022-04-05 12:34:00,TANH
0.549,0.55,0.5395,0.54,27894,2022-04-05 12:35:00,TANH
0.5387,0.5387,0.53,0.5371,25088,2022-04-05 12:36:00,TANH
0.5379,0.54,0.5375,0.54,4476,2022-04-05 12:37:00,TANH
0.54,0.54,0.54,0.54,550,2022-04-05 12:38:00,TANH
0.54,0.54,0.54,0.54,8750,2022-04-05 12:39:00,TANH
0.54,0.549,0.54,0.5423,8404,2022-04-05 12:40:00,TANH
0.5489,0.549,0.5445,0.548,6154,2022-04-05 12:41:00,TANH
0.5443,0.5443,0.5437,0.5437,16755,2022-04-05 12:42:00,TANH
0.5437,0.549,0.5437,0.549,10198,2022-04-05 12:43:00,TANH
0.5445,0.549,0.5445,0.5456,4415,2022-04-05 12:44:00,TANH
0.546,0.549,0.546,0.549,6436,2022-04-05 12:45:00,TANH
0.547,0.55,0.547,0.5478,15003,2022-04-05 12:46:00,TANH
0.5478,0.5548,0.5478,0.5538,106532,2022-04-05 12:47:00,TANH
0.5538,0.5548,0.55,0.5548,20409,2022-04-05 12:48:00,TANH
0.5513,0.5533,0.55,0.5506,14618,2022-04-05 12:49:00,TANH
0.5534,0.5534,0.55,0.55,6598,2022-04-05 12:50:00,TANH
0.5534,0.5688,0.55,0.56,63616,2022-04-05 12:51:00,TANH
0.56,0.57,0.5536,0.56,100150,2022-04-05 12:52:00,TANH
0.56,0.5612,0.56,0.5612,28858,2022-04-05 12:53:00,TANH
0.5612,0.57,0.5604,0.5604,23583,2022-04-05 12:54:00,TANH
0.561,0.5635,0.561,0.561,31607,2022-04-05 12:55:00,TANH
0.56245,0.5639,0.56175,0.5639,14625,2022-04-05 12:56:00,TANH
0.5639,0.5639,0.56,0.56,18143,2022-04-05 12:57:00,TANH
0.56,0.56,0.5534,0.559,59252,2022-04-05 12:58:00,TANH
0.559,0.5611,0.559,0.5606,34900,2022-04-05 12:59:00,TANH
0.5606,0.563,0.558,0.558,115572,2022-04-05 13:00:00,TANH
0.559,0.563,0.556,0.563,38320,2022-04-05 13:01:00,TANH
0.5602,0.563,0.556,0.556,28700,2022-04-05 13:02:00,TANH
0.5585,0.5689,0.5585,0.565,39641,2022-04-05 13:03:00,TANH
0.563,0.569,0.56,0.567,48216,2022-04-05 13:04:00,TANH
0.565,0.57,0.565,0.57,21859,2022-04-05 13:05:00,TANH
0.57,0.571,0.565,0.566,48249,2022-04-05 13:06:00,TANH
0.566,0.575,0.565,0.567,32594,2022-04-05 13:07:00,TANH
0.567,0.567,0.558,0.5599,66879,2022-04-05 13:08:00,TANH
0.5581,0.56,0.5561,0.5579,5694,2022-04-05 13:09:00,TANH
0.5579,0.56,0.5575,0.56,31464,2022-04-05 13:10:00,TANH
0.56,0.5642,0.56,0.561,5621,2022-04-05 13:11:00,TANH
0.565,0.565,0.561,0.565,51723,2022-04-05 13:12:00,TANH
0.5683,0.5685,0.565,0.565,8955,2022-04-05 13:13:00,TANH
0.5678,0.5688,0.565,0.568,16299,2022-04-05 13:14:00,TANH
0.568,0.569,0.568,0.5685,12249,2022-04-05 13:15:00,TANH
0.569,0.5748,0.569,0.57,25958,2022-04-05 13:16:00,TANH
0.5748,0.5748,0.5678,0.57,6864,2022-04-05 13:17:00,TANH
0.57,0.57,0.5658,0.57,43645,2022-04-05 13:18:00,TANH
0.5681,0.5699,0.5681,0.5699,7400,2022-04-05 13:19:00,TANH
0.5699,0.572,0.5698,0.57,51885,2022-04-05 13:20:00,TANH
0.57,0.57,0.5651,0.57,40257,2022-04-05 13:21:00,TANH
0.5691,0.57,0.565,0.565,5300,2022-04-05 13:22:00,TANH
0.566,0.5677,0.555,0.556,26852,2022-04-05 13:23:00,TANH
0.5613,0.57,0.56,0.568,14608,2022-04-05 13:24:00,TANH
0.568,0.568,0.56,0.565,47627,2022-04-05 13:25:00,TANH
0.5667,0.5698,0.5619,0.562,5585,2022-04-05 13:26:00,TANH
0.5692,0.5698,0.5673,0.5673,5500,2022-04-05 13:27:00,TANH
0.5673,0.5698,0.562,0.5698,54017,2022-04-05 13:28:00,TANH
0.5698,0.57,0.562,0.5671,8570,2022-04-05 13:29:00,TANH
0.5647,0.57,0.56,0.56447,229387,2022-04-05 13:30:00,TANH
0.560001,0.567,0.552,0.5669,319241,2022-04-05 13:31:00,TANH
0.5571,0.565,0.552,0.555,211618,2022-04-05 13:32:00,TANH
0.5589,0.565,0.555,0.5599,96607,2022-04-05 13:33:00,TANH
0.5575,0.567,0.555,0.56225,70717,2022-04-05 13:34:00,TANH
0.56,0.5795,0.56,0.5769,595840,2022-04-05 13:35:00,TANH
0.5794,0.59,0.569101,0.5715,570015,2022-04-05 13:36:00,TANH
0.57,0.5895,0.57,0.585151,621007,2022-04-05 13:37:00,TANH
0.582,0.5878,0.5755,0.5799,250673,2022-04-05 13:38:00,TANH
0.5778,0.5895,0.5778,0.5851,204357,2022-04-05 13:39:00,TANH
0.582101,0.5895,0.582,0.585,302442,2022-04-05 13:40:00,TANH
0.588799,0.5947,0.585,0.589,416211,2022-04-05 13:41:00,TANH
0.59,0.594199,0.5835,0.584,479797,2022-04-05 13:42:00,TANH
0.5841,0.59,0.5841,0.5857,254255,2022-04-05 13:43:00,TANH
0.587099,0.5888,0.5857,0.5859,71600,2022-04-05 13:44:00,TANH
0.5859,0.5886,0.575,0.579999,355887,2022-04-05 13:45:00,TANH
0.58,0.587,0.5755,0.58,54014,2022-04-05 13:46:00,TANH
0.5807,0.5825,0.58,0.5801,93950,2022-04-05 13:47:00,TANH
0.5822,0.587,0.5807,0.581,109918,2022-04-05 13:48:00,TANH
0.585,0.585,0.5755,0.5796,179874,2022-04-05 13:49:00,TANH
0.5755,0.5796,0.575,0.5772,124826,2022-04-05 13:50:00,TANH
0.5771,0.579,0.57,0.5773,130674,2022-04-05 13:51:00,TANH
0.5772,0.58,0.573,0.5775,43553,2022-04-05 13:52:00,TANH
0.575761,0.584,0.575761,0.5801,93893,2022-04-05 13:53:00,TANH
0.5816,0.5925,0.5802,0.587,226747,2022-04-05 13:54:00,TANH
0.589899,0.5946,0.5801,0.5906,385510,2022-04-05 13:55:00,TANH
0.5922,0.605,0.591,0.6013,514268,2022-04-05 13:56:00,TANH
0.6017,0.6099,0.595,0.6015,374588,2022-04-05 13:57:00,TANH
0.6013,0.6096,0.596,0.6028,342557,2022-04-05 13:58:00,TANH
0.6031,0.6031,0.595,0.6,228737,2022-04-05 13:59:00,TANH
0.5978,0.604,0.5951,0.6019,169040,2022-04-05 14:00:00,TANH
0.602,0.602,0.594101,0.5972,164268,2022-04-05 14:01:00,TANH
0.5973,0.612,0.595,0.61,264684,2022-04-05 14:02:00,TANH
0.6101,0.629,0.6088,0.6247,589513,2022-04-05 14:03:00,TANH
0.6279,0.6281,0.6166,0.621499,254275,2022-04-05 14:04:00,TANH
0.6201,0.6229,0.6106,0.6153,209859,2022-04-05 14:05:00,TANH
0.6106,0.6153,0.61,0.611399,193887,2022-04-05 14:06:00,TANH
0.61,0.6115,0.6023,0.6055,166200,2022-04-05 14:07:00,TANH
0.6023,0.6078,0.6023,0.6051,189218,2022-04-05 14:08:00,TANH
0.6051,0.6051,0.5974,0.5974,236554,2022-04-05 14:09:00,TANH
0.5961,0.5974,0.59,0.592,301521,2022-04-05 14:10:00,TANH
0.592906,0.5999,0.592001,0.5971,214523,2022-04-05 14:11:00,TANH
0.5962,0.609,0.5962,0.6047,182562,2022-04-05 14:12:00,TANH
0.601101,0.605,0.6,0.6029,120585,2022-04-05 14:13:00,TANH
0.6005,0.6005,0.592,0.5951,103281,2022-04-05 14:14:00,TANH
0.5957,0.6004,0.5953,0.5999,144297,2022-04-05 14:15:00,TANH
0.6022,0.61,0.6,0.6099,186141,2022-04-05 14:16:00,TANH
0.6066,0.619,0.6002,0.6031,343688,2022-04-05 14:17:00,TANH
0.6089,0.609,0.603,0.6042,65727,2022-04-05 14:18:00,TANH
0.605,0.62,0.596301,0.62,416358,2022-04-05 14:19:00,TANH
0.597613,0.619,0.5968,0.604349,68198,2022-04-05 14:20:00,TANH
0.6084,0.6084,0.6007,0.6011,87880,2022-04-05 14:21:00,TANH
0.6067,0.6078,0.6041,0.6069,72944,2022-04-05 14:22:00,TANH
0.6078,0.614,0.604,0.6139,176809,2022-04-05 14:23:00,TANH
0.6113,0.615,0.6088,0.61,277006,2022-04-05 14:24:00,TANH
0.611,0.616,0.61,0.615599,265983,2022-04-05 14:25:00,TANH
0.614,0.614,0.6123,0.6126,36324,2022-04-05 14:26:00,TANH
0.6126,0.6126,0.605,0.609759,192519,2022-04-05 14:27:00,TANH
0.61,0.625,0.6035,0.62,373264,2022-04-05 14:28:00,TANH
0.62,0.6348,0.6183,0.6348,622435,2022-04-05 14:29:00,TANH
0.6321,0.635,0.625,0.625101,570370,2022-04-05 14:30:00,TANH
0.6299,0.63,0.625,0.627,173580,2022-04-05 14:31:00,TANH
0.6269,0.635,0.6269,0.6349,381746,2022-04-05 14:32:00,TANH
0.6346,0.65,0.6319,0.648,818699,2022-04-05 14:33:00,TANH
0.648,0.658,0.645,0.645002,868626,2022-04-05 14:34:00,TANH
0.645,0.658,0.645,0.6549,684157,2022-04-05 14:35:00,TANH
0.6576,0.6576,0.6491,0.6507,531865,2022-04-05 14:36:00,TANH
0.6508,0.6529,0.649,0.6513,285684,2022-04-05 14:37:00,TANH
0.6516,0.667,0.6513,0.6561,314014,2022-04-05 14:38:00,TANH
0.6559,0.6568,0.65,0.6527,204259,2022-04-05 14:39:00,TANH
0.6524,0.6527,0.6275,0.6453,333466,2022-04-05 14:40:00,TANH
0.6434,0.6594,0.6434,0.6523,237291,2022-04-05 14:41:00,TANH
0.6523,0.656,0.6504,0.6518,159198,2022-04-05 14:42:00,TANH
0.6524,0.655,0.6504,0.6539,150653,2022-04-05 14:43:00,TANH
0.6539,0.6649,0.65,0.6504,685712,2022-04-05 14:44:00,TANH
0.653,0.653,0.6422,0.6472,596322,2022-04-05 14:45:00,TANH
0.6473,0.6599,0.646,0.6523,127604,2022-04-05 14:46:00,TANH
0.655,0.6599,0.652,0.6568,121620,2022-04-05 14:47:00,TANH
0.6569,0.66,0.6503,0.655,179133,2022-04-05 14:48:00,TANH
0.657,0.6715,0.6521,0.67,393958,2022-04-05 14:49:00,TANH
0.67,0.6769,0.664,0.676,436560,2022-04-05 14:50:00,TANH
0.6769,0.689,0.676,0.681,1152819,2022-04-05 14:51:00,TANH
0.68,0.7,0.68,0.6926,727227,2022-04-05 14:52:00,TANH
0.6911,0.6941,0.6902,0.6941,425630,2022-04-05 14:53:00,TANH
0.694,0.703,0.694,0.7,1176132,2022-04-05 14:54:00,TANH
0.7007,0.705,0.69,0.6969,719820,2022-04-05 14:55:00,TANH
0.6946,0.6969,0.681,0.6889,452730,2022-04-05 14:56:00,TANH
0.6889,0.69,0.686,0.69,252167,2022-04-05 14:57:00,TANH
0.6896,0.6999,0.681,0.6826,637758,2022-04-05 14:58:00,TANH
0.6826,0.69,0.681,0.6875,140965,2022-04-05 14:59:00,TANH
0.6864,0.695,0.686,0.69,168697,2022-04-05 15:00:00,TANH
0.69,0.693099,0.69,0.69,283098,2022-04-05 15:01:00,TANH
0.69,0.7,0.686,0.7,217585,2022-04-05 15:02:00,TANH
0.7,0.7,0.6875,0.6975,410861,2022-04-05 15:03:00,TANH
0.695,0.699,0.6912,0.695,156198,2022-04-05 15:04:00,TANH
0.6924,0.694,0.6874,0.6882,173184,2022-04-05 15:05:00,TANH
0.6871,0.6871,0.6812,0.6812,195685,2022-04-05 15:06:00,TANH
0.6826,0.6826,0.656,0.6613,813766,2022-04-05 15:07:00,TANH
0.6625,0.6654,0.66,0.662,174189,2022-04-05 15:08:00,TANH
0.6602,0.6627,0.6551,0.6551,311148,2022-04-05 15:09:00,TANH
0.6562,0.6598,0.64,0.64,409392,2022-04-05 15:10:00,TANH
0.64,0.647,0.6353,0.6461,534750,2022-04-05 15:11:00,TANH
0.642,0.6488,0.642,0.6485,278169,2022-04-05 15:12:00,TANH
0.6461,0.6493,0.6428,0.645,221520,2022-04-05 15:13:00,TANH
0.644,0.6498,0.6428,0.645,165716,2022-04-05 15:14:00,TANH
0.645,0.649299,0.645,0.6462,76197,2022-04-05 15:15:00,TANH
0.6462,0.6462,0.625,0.6395,510657,2022-04-05 15:16:00,TANH
0.6328,0.6391,0.6215,0.63,318958,2022-04-05 15:17:00,TANH
0.6343,0.6343,0.615,0.6226,354705,2022-04-05 15:18:00,TANH
0.6255,0.6287,0.6111,0.625,372281,2022-04-05 15:19:00,TANH
0.6259,0.629,0.621,0.629,172653,2022-04-05 15:20:00,TANH
0.6271,0.6299,0.625,0.6289,337564,2022-04-05 15:21:00,TANH
0.629699,0.6395,0.626,0.638,306433,2022-04-05 15:22:00,TANH
0.6331,0.638,0.631,0.637534,166291,2022-04-05 15:23:00,TANH
0.6365,0.6379,0.6322,0.6344,135882,2022-04-05 15:24:00,TANH
0.63489,0.63489,0.625,0.626,316079,2022-04-05 15:25:00,TANH
0.6259,0.6259,0.62,0.62,218701,2022-04-05 15:26:00,TANH
0.620089,0.6224,0.62,0.62,133171,2022-04-05 15:27:00,TANH
0.625,0.63439,0.621,0.621401,79853,2022-04-05 15:28:00,TANH
0.627,0.63,0.6215,0.6271,31796,2022-04-05 15:29:00,TANH
0.63,0.63,0.627,0.629,30337,2022-04-05 15:30:00,TANH
0.629,0.6291,0.6269,0.6287,49152,2022-04-05 15:31:00,TANH
0.6287,0.628799,0.627,0.6284,51676,2022-04-05 15:32:00,TANH
0.628,0.6284,0.625,0.625,114392,2022-04-05 15:33:00,TANH
0.627,0.627,0.62,0.620451,129361,2022-04-05 15:34:00,TANH
0.6202,0.6205,0.6135,0.614,105038,2022-04-05 15:35:00,TANH
0.614,0.616,0.6125,0.613,153650,2022-04-05 15:36:00,TANH
0.6131,0.616,0.6038,0.6076,373895,2022-04-05 15:37:00,TANH
0.6103,0.612,0.6075,0.6109,130790,2022-04-05 15:38:00,TANH
0.6124,0.6124,0.61,0.6101,106299,2022-04-05 15:39:00,TANH
0.6101,0.614,0.61,0.613,40363,2022-04-05 15:40:00,TANH
0.613,0.6272,0.613,0.6132,97626,2022-04-05 15:41:00,TANH
0.6137,0.616599,0.613,0.6149,45673,2022-04-05 15:42:00,TANH
0.6132,0.613899,0.6131,0.6132,10392,2022-04-05 15:43:00,TANH
0.6132,0.6154,0.612,0.612,55547,2022-04-05 15:44:00,TANH
0.612,0.618,0.6101,0.6107,48046,2022-04-05 15:45:00,TANH
0.6103,0.6105,0.6006,0.6006,195271,2022-04-05 15:46:00,TANH
0.6006,0.6008,0.595,0.5974,488721,2022-04-05 15:47:00,TANH
0.5974,0.608,0.5974,0.6059,158600,2022-04-05 15:48:00,TANH
0.6059,0.61,0.604,0.6091,61899,2022-04-05 15:49:00,TANH
0.6094,0.613,0.607,0.61,136201,2022-04-05 15:50:00,TANH
0.6085,0.6086,0.605,0.6077,29340,2022-04-05 15:51:00,TANH
0.6071,0.6071,0.6,0.6061,59659,2022-04-05 15:52:00,TANH
0.606,0.6152,0.6052,0.6143,66377,2022-04-05 15:53:00,TANH
0.615099,0.626,0.6148,0.6197,140687,2022-04-05 15:54:00,TANH
0.6197,0.6246,0.619,0.623,99324,2022-04-05 15:55:00,TANH
0.620749,0.623,0.619,0.621,186178,2022-04-05 15:56:00,TANH
0.6205,0.624,0.6204,0.621,43701,2022-04-05 15:57:00,TANH
0.6226,0.6227,0.621,0.621,26709,2022-04-05 15:58:00,TANH
0.621,0.6285,0.621,0.627,127022,2022-04-05 15:59:00,TANH
0.6249,0.6273,0.622101,0.6271,58634,2022-04-05 16:00:00,TANH
0.625199,0.6285,0.623301,0.6272,53473,2022-04-05 16:01:00,TANH
0.6272,0.6298,0.6238,0.6278,103570,2022-04-05 16:02:00,TANH
0.6279,0.63,0.6255,0.628,115267,2022-04-05 16:03:00,TANH
0.628,0.635,0.628,0.635,172788,2022-04-05 16:04:00,TANH
0.635,0.6377,0.633,0.636,236074,2022-04-05 16:05:00,TANH
0.63485,0.6364,0.63,0.6303,90889,2022-04-05 16:06:00,TANH
0.6336,0.6336,0.62,0.62,98255,2022-04-05 16:07:00,TANH
0.6204,0.6248,0.62,0.6242,89923,2022-04-05 16:08:00,TANH
0.623301,0.6259,0.622,0.6246,32834,2022-04-05 16:09:00,TANH
0.6246,0.6298,0.6221,0.6267,60558,2022-04-05 16:10:00,TANH
0.625,0.6293,0.625,0.6288,17264,2022-04-05 16:11:00,TANH
0.6287,0.6288,0.625,0.6279,35020,2022-04-05 16:12:00,TANH
0.6288,0.6288,0.619899,0.619899,83739,2022-04-05 16:13:00,TANH
0.615,0.6199,0.615,0.6199,30378,2022-04-05 16:14:00,TANH
0.6178,0.6249,0.6158,0.6249,24097,2022-04-05 16:15:00,TANH
0.62,0.6249,0.618,0.618,31352,2022-04-05 16:16:00,TANH
0.618,0.619,0.616,0.616,3913,2022-04-05 16:17:00,TANH
0.619,0.619,0.616,0.6188,57790,2022-04-05 16:18:00,TANH
0.619,0.6199,0.6188,0.619507,33681,2022-04-05 16:19:00,TANH
0.6195,0.6199,0.6195,0.6196,20735,2022-04-05 16:20:00,TANH
0.619799,0.619799,0.6154,0.617499,135325,2022-04-05 16:21:00,TANH
0.617499,0.6195,0.6154,0.6156,14495,2022-04-05 16:22:00,TANH
0.6155,0.6159,0.6154,0.6154,35974,2022-04-05 16:23:00,TANH
0.6154,0.6157,0.61,0.611999,82777,2022-04-05 16:24:00,TANH
0.6139,0.614,0.605,0.605,64022,2022-04-05 16:25:00,TANH
0.605,0.6077,0.6034,0.6076,38824,2022-04-05 16:26:00,TANH
0.6051,0.6087,0.605,0.6071,4750,2022-04-05 16:27:00,TANH
0.6087,0.6158,0.6055,0.6158,24232,2022-04-05 16:28:00,TANH
0.611247,0.6159,0.6103,0.6112,18250,2022-04-05 16:29:00,TANH
0.6158,0.6164,0.6158,0.6164,8000,2022-04-05 16:30:00,TANH
0.6164,0.618999,0.6164,0.617799,19833,2022-04-05 16:31:00,TANH
0.6179,0.6179,0.6142,0.6142,19108,2022-04-05 16:32:00,TANH
0.617,0.619,0.6114,0.6117,53446,2022-04-05 16:33:00,TANH
0.61535,0.6185,0.6119,0.618399,114030,2022-04-05 16:34:00,TANH
0.618499,0.618499,0.613,0.6183,7200,2022-04-05 16:35:00,TANH
0.6184,0.6184,0.613,0.61347,13095,2022-04-05 16:36:00,TANH
0.613,0.619,0.613,0.6165,32742,2022-04-05 16:37:00,TANH
0.619,0.624,0.617,0.6239,80875,2022-04-05 16:38:00,TANH
0.6249,0.63,0.624,0.627,88691,2022-04-05 16:39:00,TANH
0.627,0.6348,0.6268,0.6348,53430,2022-04-05 16:40:00,TANH
0.6323,0.6344,0.6275,0.6299,51987,2022-04-05 16:41:00,TANH
0.63,0.6305,0.6275,0.6284,35245,2022-04-05 16:42:00,TANH
0.6275,0.6285,0.6207,0.6208,43270,2022-04-05 16:43:00,TANH
0.6225,0.6249,0.6201,0.6249,10549,2022-04-05 16:44:00,TANH
0.6248,0.6249,0.62,0.623,20431,2022-04-05 16:45:00,TANH
0.6201,0.6285,0.6201,0.628399,77650,2022-04-05 16:46:00,TANH
0.6284,0.6284,0.6204,0.6204,3800,2022-04-05 16:47:00,TANH
0.623426,0.623426,0.6205,0.620601,35784,2022-04-05 16:48:00,TANH
0.6205,0.627799,0.6204,0.627799,11715,2022-04-05 16:49:00,TANH
0.6204,0.6279,0.6204,0.6205,27180,2022-04-05 16:50:00,TANH
0.6277,0.6277,0.6204,0.6204,8931,2022-04-05 16:51:00,TANH
0.624,0.6276,0.6205,0.627499,17635,2022-04-05 16:52:00,TANH
0.6276,0.6276,0.625,0.6276,25555,2022-04-05 16:53:00,TANH
0.6276,0.6276,0.6243,0.625,23081,2022-04-05 16:54:00,TANH
0.625,0.6275,0.624,0.6246,79663,2022-04-05 16:55:00,TANH
0.6269,0.6269,0.6245,0.6256,11337,2022-04-05 16:56:00,TANH
0.6256,0.6256,0.6182,0.619,89390,2022-04-05 16:57:00,TANH
0.6183,0.619,0.612,0.6185,92051,2022-04-05 16:58:00,TANH
0.6189,0.6189,0.6121,0.618399,10394,2022-04-05 16:59:00,TANH
0.6184,0.6246,0.6184,0.6246,37017,2022-04-05 17:00:00,TANH
0.6246,0.6246,0.6211,0.6246,18333,2022-04-05 17:01:00,TANH
0.623943,0.6349,0.623943,0.6329,121093,2022-04-05 17:02:00,TANH
0.6313,0.64,0.6235,0.6235,190899,2022-04-05 17:03:00,TANH
0.633,0.6388,0.63,0.638262,99866,2022-04-05 17:04:00,TANH
0.6341,0.6387,0.63,0.6334,21147,2022-04-05 17:05:00,TANH
0.631101,0.6344,0.631,0.63325,35982,2022-04-05 17:06:00,TANH
0.6321,0.6377,0.6321,0.6377,47400,2022-04-05 17:07:00,TANH
0.6376,0.6439,0.635101,0.641201,138612,2022-04-05 17:08:00,TANH
0.642,0.65,0.6385,0.6411,173189,2022-04-05 17:09:00,TANH
0.641,0.6442,0.6374,0.6442,146084,2022-04-05 17:10:00,TANH
0.6448,0.6448,0.6276,0.6431,170092,2022-04-05 17:11:00,TANH
0.6362,0.6417,0.6276,0.639699,44493,2022-04-05 17:12:00,TANH
0.6397,0.6397,0.6337,0.638,29796,2022-04-05 17:13:00,TANH
0.638,0.6497,0.6361,0.6497,163061,2022-04-05 17:14:00,TANH
0.65,0.66,0.6451,0.6537,287220,2022-04-05 17:15:00,TANH
0.6524,0.6597,0.6524,0.6554,108818,2022-04-05 17:16:00,TANH
0.6574,0.668,0.6559,0.663001,368640,2022-04-05 17:17:00,TANH
0.661,0.667,0.661,0.666499,229284,2022-04-05 17:18:00,TANH
0.667,0.667,0.657,0.66,240781,2022-04-05 17:19:00,TANH
0.66,0.66,0.6425,0.654899,119115,2022-04-05 17:20:00,TANH
0.6523,0.655,0.65,0.653999,82929,2022-04-05 17:21:00,TANH
0.6503,0.654,0.648,0.6515,64900,2022-04-05 17:22:00,TANH
0.6509,0.654,0.65,0.6511,192407,2022-04-05 17:23:00,TANH
0.6515,0.656999,0.65,0.656,48280,2022-04-05 17:24:00,TANH
0.6561,0.667,0.656,0.6637,269476,2022-04-05 17:25:00,TANH
0.667,0.6699,0.6635,0.6664,196738,2022-04-05 17:26:00,TANH
0.6663,0.669,0.6566,0.657,172540,2022-04-05 17:27:00,TANH
0.669,0.669,0.657,0.6649,80974,2022-04-05 17:28:00,TANH
0.66,0.6675,0.656,0.6653,90390,2022-04-05 17:29:00,TANH
0.6664,0.678,0.6653,0.6742,279167,2022-04-05 17:30:00,TANH
0.67545,0.677,0.67,0.6731,92840,2022-04-05 17:31:00,TANH
0.6735,0.674,0.6638,0.673,137737,2022-04-05 17:32:00,TANH
0.6712,0.6712,0.6638,0.6679,129914,2022-04-05 17:33:00,TANH
0.666,0.67,0.661,0.6694,86118,2022-04-05 17:34:00,TANH
0.6655,0.6693,0.6652,0.6674,49496,2022-04-05 17:35:00,TANH
0.6682,0.6699,0.665,0.6662,197980,2022-04-05 17:36:00,TANH
0.665,0.6698,0.66,0.6682,145403,2022-04-05 17:37:00,TANH
0.6688,0.6775,0.6676,0.6767,328812,2022-04-05 17:38:00,TANH
0.6763,0.677,0.6703,0.676001,157685,2022-04-05 17:39:00,TANH
0.6768,0.677,0.6729,0.6729,146131,2022-04-05 17:40:00,TANH
0.674599,0.6747,0.663,0.6669,61741,2022-04-05 17:41:00,TANH
0.6689,0.678,0.6688,0.6729,128499,2022-04-05 17:42:00,TANH
0.673,0.678,0.6726,0.677999,69068,2022-04-05 17:43:00,TANH
0.6738,0.69,0.6738,0.6886,432407,2022-04-05 17:44:00,TANH
0.6876,0.6886,0.6701,0.6799,256512,2022-04-05 17:45:00,TANH
0.677,0.682,0.677,0.6818,104323,2022-04-05 17:46:00,TANH
0.6818,0.6855,0.68,0.6849,40654,2022-04-05 17:47:00,TANH
0.6833,0.6886,0.6815,0.6875,226646,2022-04-05 17:48:00,TANH
0.688,0.6895,0.673,0.68,249661,2022-04-05 17:49:00,TANH
0.68,0.6861,0.6751,0.682,93590,2022-04-05 17:50:00,TANH
0.6815,0.682,0.674,0.674,37593,2022-04-05 17:51:00,TANH
0.672301,0.6799,0.6721,0.678,71137,2022-04-05 17:52:00,TANH
0.678,0.678,0.675,0.675,73335,2022-04-05 17:53:00,TANH
0.6759,0.6762,0.67,0.671,169273,2022-04-05 17:54:00,TANH
0.67,0.672,0.6622,0.6622,260409,2022-04-05 17:55:00,TANH
0.662301,0.6675,0.6622,0.6637,98972,2022-04-05 17:56:00,TANH
0.6635,0.6635,0.6552,0.6561,365749,2022-04-05 17:57:00,TANH
0.6553,0.6553,0.65,0.6504,484900,2022-04-05 17:58:00,TANH
0.6503,0.66,0.6501,0.652,139566,2022-04-05 17:59:00,TANH
0.6537,0.668,0.652,0.6663,97279,2022-04-05 18:00:00,TANH
0.66,0.6679,0.6551,0.6659,67750,2022-04-05 18:01:00,TANH
0.6658,0.6658,0.66,0.6649,93873,2022-04-05 18:02:00,TANH
0.664999,0.665,0.6625,0.6625,24034,2022-04-05 18:03:00,TANH
0.6625,0.664,0.655,0.655,86693,2022-04-05 18:04:00,TANH
0.65685,0.65685,0.6501,0.6548,45311,2022-04-05 18:05:00,TANH
0.6537,0.659,0.6525,0.659,45451,2022-04-05 18:06:00,TANH
0.6558,0.6589,0.65,0.65,169294,2022-04-05 18:07:00,TANH
0.65,0.6539,0.65,0.6538,44263,2022-04-05 18:08:00,TANH
0.6534,0.6589,0.6501,0.657699,58086,2022-04-05 18:09:00,TANH
0.654,0.654,0.6521,0.6521,8033,2022-04-05 18:10:00,TANH
0.652201,0.655,0.6521,0.6539,40558,2022-04-05 18:11:00,TANH
0.6539,0.655,0.6539,0.6541,7829,2022-04-05 18:12:00,TANH
0.654549,0.655,0.6541,0.6541,39362,2022-04-05 18:13:00,TANH
0.655,0.655,0.6435,0.6467,92323,2022-04-05 18:14:00,TANH
0.6435,0.64675,0.6426,0.6429,72780,2022-04-05 18:15:00,TANH
0.6428,0.653,0.6428,0.645,53367,2022-04-05 18:16:00,TANH
0.6484,0.678,0.645,0.652,100627,2022-04-05 18:17:00,TANH
0.6524,0.655,0.6484,0.6484,137969,2022-04-05 18:18:00,TANH
0.648,0.6484,0.645,0.6484,75148,2022-04-05 18:19:00,TANH
0.646,0.6484,0.646,0.6461,31255,2022-04-05 18:20:00,TANH
0.6462,0.6467,0.6351,0.635201,122514,2022-04-05 18:21:00,TANH
0.6356,0.6484,0.6356,0.648,141839,2022-04-05 18:22:00,TANH
0.6403,0.6469,0.6403,0.646,12820,2022-04-05 18:23:00,TANH
0.645,0.646,0.6429,0.646,26073,2022-04-05 18:24:00,TANH
0.6459,0.655,0.6459,0.6548,66028,2022-04-05 18:25:00,TANH
0.6515,0.6541,0.6514,0.6514,27577,2022-04-05 18:26:00,TANH
0.6541,0.6597,0.6521,0.659099,24277,2022-04-05 18:27:00,TANH
0.6554,0.6585,0.6503,0.6581,11815,2022-04-05 18:28:00,TANH
0.6504,0.657,0.6504,0.6569,10950,2022-04-05 18:29:00,TANH
0.6568,0.6581,0.6533,0.6535,55200,2022-04-05 18:30:00,TANH
0.6535,0.6589,0.6535,0.6569,4506,2022-04-05 18:31:00,TANH
0.6535,0.6591,0.6535,0.6536,20076,2022-04-05 18:32:00,TANH
0.6536,0.6589,0.6536,0.6536,5837,2022-04-05 18:33:00,TANH
0.655749,0.6579,0.6535,0.6558,19921,2022-04-05 18:34:00,TANH
0.6558,0.6589,0.6558,0.6589,42971,2022-04-05 18:35:00,TANH
0.6588,0.663967,0.6587,0.663899,124956,2022-04-05 18:36:00,TANH
0.664,0.668,0.66,0.667,170008,2022-04-05 18:37:00,TANH
0.668,0.6748,0.668,0.6694,157071,2022-04-05 18:38:00,TANH
0.6685,0.6699,0.667,0.669,69041,2022-04-05 18:39:00,TANH
0.6691,0.67,0.668,0.67,165177,2022-04-05 18:40:00,TANH
0.67,0.67,0.6655,0.6655,155941,2022-04-05 18:41:00,TANH
0.6588,0.665,0.656,0.6614,70571,2022-04-05 18:42:00,TANH
0.655,0.6597,0.65,0.6515,25755,2022-04-05 18:43:00,TANH
0.6514,0.6689,0.6514,0.6526,38146,2022-04-05 18:44:00,TANH
0.6585,0.6649,0.6585,0.6649,24576,2022-04-05 18:45:00,TANH
0.6603,0.6649,0.6603,0.664601,17352,2022-04-05 18:46:00,TANH
0.664,0.668,0.664,0.6649,20311,2022-04-05 18:47:00,TANH
0.6649,0.6679,0.6649,0.6679,45610,2022-04-05 18:48:00,TANH
0.6678,0.6679,0.667101,0.6672,27486,2022-04-05 18:49:00,TANH
0.6671,0.6688,0.667,0.6687,21453,2022-04-05 18:50:00,TANH
0.6688,0.674,0.6665,0.6665,316845,2022-04-05 18:51:00,TANH
0.6649,0.666,0.655,0.655,170428,2022-04-05 18:52:00,TANH
0.655,0.6578,0.655,0.6556,21587,2022-04-05 18:53:00,TANH
0.6555,0.665,0.6555,0.658749,25759,2022-04-05 18:54:00,TANH
0.6619,0.662,0.6555,0.6557,12590,2022-04-05 18:55:00,TANH
0.6556,0.6598,0.6556,0.6577,9146,2022-04-05 18:56:00,TANH
0.656,0.656,0.644,0.645,91564,2022-04-05 18:57:00,TANH
0.6462,0.6495,0.6449,0.648299,43425,2022-04-05 18:58:00,TANH
0.6483,0.65,0.645,0.6451,26488,2022-04-05 18:59:00,TANH
0.6459,0.6463,0.6451,0.6451,5520,2022-04-05 19:00:00,TANH
0.6468,0.6489,0.6451,0.6489,2190,2022-04-05 19:01:00,TANH
0.646,0.6489,0.6402,0.6426,143232,2022-04-05 19:02:00,TANH
0.6426,0.6438,0.641,0.6418,51995,2022-04-05 19:03:00,TANH
0.640601,0.652,0.64,0.649,112954,2022-04-05 19:04:00,TANH
0.6428,0.649,0.641,0.6448,26616,2022-04-05 19:05:00,TANH
0.645,0.649,0.643,0.6461,24659,2022-04-05 19:06:00,TANH
0.649549,0.651899,0.649549,0.651899,31350,2022-04-05 19:07:00,TANH
0.652,0.655,0.652,0.6535,63308,2022-04-05 19:08:00,TANH
0.655,0.655999,0.652,0.655,22523,2022-04-05 19:09:00,TANH
0.6549,0.657,0.654,0.6565,168735,2022-04-05 19:10:00,TANH
0.655,0.665,0.655,0.664899,19553,2022-04-05 19:11:00,TANH
0.6649,0.6649,0.6601,0.6648,58461,2022-04-05 19:12:00,TANH
0.6649,0.6649,0.6551,0.6648,96182,2022-04-05 19:13:00,TANH
0.6649,0.667,0.6552,0.66,225352,2022-04-05 19:14:00,TANH
0.66,0.6627,0.655801,0.6599,33767,2022-04-05 19:15:00,TANH
0.66,0.66,0.6571,0.6571,7720,2022-04-05 19:16:00,TANH
0.6586,0.6586,0.657,0.6578,8609,2022-04-05 19:17:00,TANH
0.657,0.6584,0.657,0.6584,7995,2022-04-05 19:18:00,TANH
0.657,0.66,0.657,0.66,35397,2022-04-05 19:19:00,TANH
0.66,0.67,0.66,0.663,260797,2022-04-05 19:20:00,TANH
0.669799,0.675,0.666449,0.6706,297516,2022-04-05 19:21:00,TANH
0.6749,0.6765,0.661,0.661,175709,2022-04-05 19:22:00,TANH
0.669899,0.6749,0.669899,0.670001,101987,2022-04-05 19:23:00,TANH
0.6725,0.6749,0.67,0.67399,36725,2022-04-05 19:24:00,TANH
0.6738,0.674,0.6612,0.6675,60927,2022-04-05 19:25:00,TANH
0.6738,0.6739,0.6639,0.67,29570,2022-04-05 19:26:00,TANH
0.672,0.6745,0.67,0.67,71256,2022-04-05 19:27:00,TANH
0.67,0.6745,0.67,0.6744,23826,2022-04-05 19:28:00,TANH
0.67225,0.6745,0.67225,0.673,63108,2022-04-05 19:29:00,TANH
0.673,0.6737,0.673,0.673,14885,2022-04-05 19:30:00,TANH
0.673,0.67399,0.6701,0.6731,63977,2022-04-05 19:31:00,TANH
0.6735,0.69,0.673,0.6875,796369,2022-04-05 19:32:00,TANH
0.6887,0.7,0.6887,0.6999,766657,2022-04-05 19:33:00,TANH
0.6998,0.7,0.69,0.699,571418,2022-04-05 19:34:00,TANH
0.69875,0.7104,0.6975,0.7073,809443,2022-04-05 19:35:00,TANH
0.706,0.71,0.6969,0.70315,341966,2022-04-05 19:36:00,TANH
0.7045,0.7048,0.68,0.6885,448899,2022-04-05 19:37:00,TANH
0.6811,0.694899,0.6811,0.6922,178600,2022-04-05 19:38:00,TANH
0.691,0.6922,0.675,0.67685,180076,2022-04-05 19:39:00,TANH
0.6774,0.6855,0.6762,0.6792,244922,2022-04-05 19:40:00,TANH
0.679099,0.698,0.678,0.684899,297371,2022-04-05 19:41:00,TANH
0.6892,0.6905,0.6815,0.6816,162057,2022-04-05 19:42:00,TANH
0.6817,0.6817,0.66,0.6673,526253,2022-04-05 19:43:00,TANH
0.6652,0.675,0.6601,0.675,148760,2022-04-05 19:44:00,TANH
0.6649,0.665,0.662,0.6645,76858,2022-04-05 19:45:00,TANH
0.6645,0.67545,0.6645,0.665,89951,2022-04-05 19:46:00,TANH
0.66609,0.6749,0.6653,0.6701,82410,2022-04-05 19:47:00,TANH
0.6713,0.675,0.6671,0.6679,90651,2022-04-05 19:48:00,TANH
0.6679,0.6748,0.6662,0.6695,30604,2022-04-05 19:49:00,TANH
0.6713,0.675,0.6704,0.6705,26196,2022-04-05 19:50:00,TANH
0.6707,0.675,0.6704,0.674,41506,2022-04-05 19:51:00,TANH
0.6735,0.675,0.6719,0.6729,126810,2022-04-05 19:52:00,TANH
0.6725,0.68,0.6704,0.68,120717,2022-04-05 19:53:00,TANH
0.6752,0.68,0.6752,0.6799,69523,2022-04-05 19:54:00,TANH
0.68,0.68,0.6762,0.6785,92690,2022-04-05 19:55:00,TANH
0.6792,0.68,0.6775,0.6775,61955,2022-04-05 19:56:00,TANH
0.678,0.68,0.6752,0.68,206077,2022-04-05 19:57:00,TANH
0.68,0.68,0.662,0.6651,168727,2022-04-05 19:58:00,TANH
0.6681,0.6795,0.6621,0.665601,152954,2022-04-05 19:59:00,TANH
0.6655,0.68,0.665,0.68,16848,2022-04-05 20:00:00,TANH
0.665,0.6784,0.6623,0.6623,11584,2022-04-05 20:01:00,TANH
0.67,0.6799,0.67,0.6775,6232,2022-04-05 20:02:00,TANH
0.67,0.67,0.6631,0.67,1757,2022-04-05 20:03:00,TANH
0.6733,0.677,0.6733,0.677,4545,2022-04-05 20:04:00,TANH
0.677,0.69,0.677,0.688,46655,2022-04-05 20:05:00,TANH
0.688,0.705,0.685,0.7,43000,2022-04-05 20:06:00,TANH
0.7001,0.705,0.6915,0.7,55174,2022-04-05 20:07:00,TANH
0.6918,0.6985,0.6915,0.698,6375,2022-04-05 20:08:00,TANH
0.698,0.698,0.69,0.69,17643,2022-04-05 20:09:00,TANH
0.692,0.6975,0.69,0.691,32520,2022-04-05 20:10:00,TANH
0.691,0.691,0.6755,0.69,34527,2022-04-05 20:11:00,TANH
0.6844,0.689,0.6844,0.689,6216,2022-04-05 20:12:00,TANH
0.689,0.69,0.6804,0.6804,11500,2022-04-05 20:13:00,TANH
0.688,0.688,0.688,0.688,1000,2022-04-05 20:14:00,TANH
0.688,0.699,0.685,0.69,119301,2022-04-05 20:15:00,TANH
0.6901,0.6901,0.6901,0.6901,41992,2022-04-05 20:16:00,TANH
0.6901,0.6901,0.69,0.69,9157,2022-04-05 20:17:00,TANH
0.69,0.69,0.6827,0.685,8623,2022-04-05 20:18:00,TANH
0.683,0.683,0.6806,0.6806,8413,2022-04-05 20:19:00,TANH
0.6806,0.685,0.6806,0.685,6185,2022-04-05 20:21:00,TANH
0.685,0.685,0.6832,0.685,2105,2022-04-05 20:22:00,TANH
0.6855,0.689,0.683,0.689,9900,2022-04-05 20:23:00,TANH
0.6855,0.6855,0.6855,0.6855,400,2022-04-05 20:24:00,TANH
0.6899,0.6899,0.683,0.6832,13350,2022-04-05 20:25:00,TANH
0.685,0.6876,0.684,0.6851,1927,2022-04-05 20:26:00,TANH
0.684,0.6852,0.684,0.6852,7091,2022-04-05 20:27:00,TANH
0.6853,0.688,0.6852,0.6852,15914,2022-04-05 20:28:00,TANH
0.688,0.688,0.6852,0.6855,13364,2022-04-05 20:29:00,TANH
0.6855,0.688,0.6855,0.6855,5360,2022-04-05 20:30:00,TANH
0.688,0.69,0.6855,0.69,8861,2022-04-05 20:31:00,TANH
0.69,0.698,0.6855,0.6901,28202,2022-04-05 20:32:00,TANH
0.6906,0.698,0.6903,0.6908,8300,2022-04-05 20:33:00,TANH
0.6975,0.699,0.691,0.6914,15050,2022-04-05 20:34:00,TANH
0.699,0.7,0.6927,0.7,3700,2022-04-05 20:35:00,TANH
0.7,0.7,0.6881,0.6998,12969,2022-04-05 20:36:00,TANH
0.7,0.7,0.6932,0.6973,10097,2022-04-05 20:37:00,TANH
0.6973,0.71,0.6906,0.7,100057,2022-04-05 20:38:00,TANH
0.692,0.692,0.6901,0.6901,5649,2022-04-05 20:39:00,TANH
0.6958,0.6958,0.6899,0.6958,1572,2022-04-05 20:40:00,TANH
0.6958,0.6958,0.6958,0.6958,915,2022-04-05 20:41:00,TANH
0.6958,0.7,0.6899,0.691,7863,2022-04-05 20:42:00,TANH
0.6958,0.6958,0.69,0.6946,2014,2022-04-05 20:43:00,TANH
0.69,0.69,0.685,0.6853,31767,2022-04-05 20:44:00,TANH
0.6853,0.6853,0.6734,0.68,30412,2022-04-05 20:45:00,TANH
0.68,0.688,0.68,0.685,15000,2022-04-05 20:46:00,TANH
0.688,0.689,0.688,0.689,4804,2022-04-05 20:47:00,TANH
0.689,0.689,0.689,0.689,5350,2022-04-05 20:48:00,TANH
0.6827,0.689,0.6827,0.685,12214,2022-04-05 20:49:00,TANH
0.6821,0.6889,0.6821,0.685,900,2022-04-05 20:50:00,TANH
0.6889,0.689,0.685,0.689,539,2022-04-05 20:51:00,TANH
0.689,0.689,0.685,0.685,2555,2022-04-05 20:52:00,TANH
0.6852,0.6852,0.6852,0.6852,1000,2022-04-05 20:53:00,TANH
0.6888,0.6888,0.685,0.685,564,2022-04-05 20:54:00,TANH
0.6888,0.689,0.6888,0.689,1000,2022-04-05 20:55:00,TANH
0.6853,0.6856,0.6853,0.6856,668,2022-04-05 20:56:00,TANH
0.686,0.686,0.685,0.685,4494,2022-04-05 20:57:00,TANH
0.685,0.685,0.685,0.685,1200,2022-04-05 20:58:00,TANH
0.685,0.685,0.685,0.685,14800,2022-04-05 20:59:00,TANH
0.685,0.685,0.68,0.68,49235,2022-04-05 21:00:00,TANH
0.683,0.683,0.68,0.68,8270,2022-04-05 21:01:00,TANH
0.683,0.683,0.6733,0.6733,19131,2022-04-05 21:02:00,TANH
0.6733,0.683,0.6733,0.6733,12496,2022-04-05 21:03:00,TANH
0.683,0.683,0.68,0.68,3350,2022-04-05 21:04:00,TANH
0.683,0.683,0.68,0.68,11083,2022-04-05 21:06:00,TANH
0.68,0.68,0.67,0.67,11650,2022-04-05 21:07:00,TANH
0.67,0.678,0.67,0.672,2248,2022-04-05 21:08:00,TANH
0.672,0.672,0.672,0.672,1000,2022-04-05 21:09:00,TANH
0.674,0.6741,0.674,0.674,2700,2022-04-05 21:10:00,TANH
0.678,0.678,0.678,0.678,1000,2022-04-05 21:11:00,TANH
0.678,0.678,0.674,0.674,2000,2022-04-05 21:12:00,TANH
0.678,0.678,0.673,0.673,18806,2022-04-05 21:15:00,TANH
0.6721,0.6721,0.6622,0.6632,18816,2022-04-05 21:16:00,TANH
0.6632,0.67,0.6632,0.6699,6510,2022-04-05 21:17:00,TANH
0.6655,0.667,0.6655,0.667,2542,2022-04-05 21:18:00,TANH
0.6655,0.6694,0.6655,0.667,3550,2022-04-05 21:19:00,TANH
0.6695,0.6695,0.665,0.665,24570,2022-04-05 21:20:00,TANH
0.668,0.668,0.665,0.665,6243,2022-04-05 21:21:00,TANH
0.6679,0.6679,0.6655,0.6655,278,2022-04-05 21:22:00,TANH
0.6661,0.6661,0.665,0.665,7450,2022-04-05 21:23:00,TANH
0.6679,0.668,0.6655,0.668,7400,2022-04-05 21:24:00,TANH
0.667,0.667,0.666,0.667,8700,2022-04-05 21:25:00,TANH
0.667,0.668,0.667,0.668,900,2022-04-05 21:26:00,TANH
0.666,0.666,0.666,0.666,108,2022-04-05 21:27:00,TANH
0.666,0.666,0.666,0.666,100,2022-04-05 21:28:00,TANH
0.6661,0.668,0.6661,0.668,600,2022-04-05 21:31:00,TANH
0.6668,0.6668,0.6668,0.6668,11430,2022-04-05 21:32:00,TANH
0.677,0.677,0.677,0.677,200,2022-04-05 21:33:00,TANH
0.677,0.677,0.671,0.671,6048,2022-04-05 21:34:00,TANH
0.675,0.675,0.675,0.675,2700,2022-04-05 21:35:00,TANH
0.675,0.675,0.675,0.675,200,2022-04-05 21:36:00,TANH
0.675,0.675,0.6711,0.6711,5500,2022-04-05 21:37:00,TANH
0.6711,0.6711,0.6711,0.6711,415,2022-04-05 21:39:00,TANH
0.674,0.674,0.674,0.674,870,2022-04-05 21:42:00,TANH
0.6748,0.6748,0.674,0.674,1800,2022-04-05 21:43:00,TANH
0.672,0.674,0.672,0.674,6930,2022-04-05 21:45:00,TANH
0.674,0.674,0.672,0.672,350,2022-04-05 21:46:00,TANH
0.672,0.6747,0.672,0.6747,2502,2022-04-05 21:47:00,TANH
0.6723,0.6747,0.672,0.6747,1455,2022-04-05 21:48:00,TANH
0.6721,0.6721,0.67,0.67,10582,2022-04-05 21:49:00,TANH
0.6748,0.6748,0.6701,0.6745,1128,2022-04-05 21:50:00,TANH
0.6701,0.6701,0.6701,0.6701,14000,2022-04-05 21:51:00,TANH
0.6745,0.6748,0.6655,0.6655,27298,2022-04-05 21:52:00,TANH
0.6655,0.674,0.6655,0.674,12686,2022-04-05 21:53:00,TANH
0.673,0.674,0.673,0.674,5832,2022-04-05 21:54:00,TANH
0.6748,0.678,0.6748,0.678,959,2022-04-05 21:55:00,TANH
0.678,0.678,0.678,0.678,300,2022-04-05 21:56:00,TANH
0.671,0.671,0.669,0.669,2300,2022-04-05 21:57:00,TANH
0.6714,0.6714,0.6714,0.6714,4000,2022-04-05 21:58:00,TANH
0.6715,0.6715,0.6715,0.6715,5300,2022-04-05 21:59:00,TANH
0.6715,0.6715,0.6715,0.6715,300,2022-04-05 22:00:00,TANH
0.669,0.6714,0.669,0.67,1093,2022-04-05 22:03:00,TANH
0.671,0.671,0.6699,0.6699,1458,2022-04-05 22:04:00,TANH
0.6695,0.6695,0.6655,0.6655,3181,2022-04-05 22:07:00,TANH
0.6655,0.6656,0.6655,0.6655,6838,2022-04-05 22:08:00,TANH
0.6631,0.6632,0.65,0.65,55832,2022-04-05 22:09:00,TANH
0.6501,0.665,0.6501,0.659,5276,2022-04-05 22:10:00,TANH
0.66,0.66,0.652,0.6537,14800,2022-04-05 22:11:00,TANH
0.6522,0.6522,0.6501,0.6501,7128,2022-04-05 22:12:00,TANH
0.659,0.659,0.659,0.659,500,2022-04-05 22:13:00,TANH
0.653,0.653,0.6525,0.6525,1988,2022-04-05 22:18:00,TANH
0.6574,0.6574,0.6574,0.6574,1000,2022-04-05 22:19:00,TANH
0.6572,0.6572,0.6572,0.6572,300,2022-04-05 22:20:00,TANH
0.657,0.657,0.654,0.654,9103,2022-04-05 22:21:00,TANH
0.655,0.655,0.654,0.654,5500,2022-04-05 22:22:00,TANH
0.657,0.657,0.657,0.657,100,2022-04-05 22:23:00,TANH
0.657,0.657,0.657,0.657,300,2022-04-05 22:24:00,TANH
0.655,0.655,0.65,0.6501,19586,2022-04-05 22:25:00,TANH
0.6501,0.6501,0.633,0.64,21710,2022-04-05 22:26:00,TANH
0.6331,0.64,0.6331,0.6334,3800,2022-04-05 22:27:00,TANH
0.64,0.64,0.6383,0.6383,2700,2022-04-05 22:28:00,TANH
0.6355,0.6355,0.6336,0.6355,8100,2022-04-05 22:30:00,TANH
0.635,0.635,0.6334,0.6334,9404,2022-04-05 22:31:00,TANH
0.6383,0.6383,0.6383,0.6383,900,2022-04-05 22:32:00,TANH
0.64,0.64,0.64,0.64,1600,2022-04-05 22:33:00,TANH
0.6399,0.64,0.6399,0.64,5306,2022-04-05 22:35:00,TANH
0.6571,0.6571,0.6571,0.6571,500,2022-04-05 22:36:00,TANH
0.655,0.655,0.655,0.655,498,2022-04-05 22:37:00,TANH
0.657,0.657,0.657,0.657,2705,2022-04-05 22:39:00,TANH
0.657,0.66,0.657,0.66,2850,2022-04-05 22:40:00,TANH
0.66,0.66,0.66,0.66,2066,2022-04-05 22:41:00,TANH
0.657,0.657,0.657,0.657,1000,2022-04-05 22:42:00,TANH
0.657,0.657,0.657,0.657,500,2022-04-05 22:43:00,TANH
0.657,0.657,0.657,0.657,1500,2022-04-05 22:50:00,TANH
0.657,0.657,0.657,0.657,500,2022-04-05 22:51:00,TANH
0.6599,0.6599,0.6599,0.6599,1000,2022-04-05 22:52:00,TANH
0.657,0.657,0.657,0.657,3300,2022-04-05 22:56:00,TANH
0.657,0.657,0.657,0.657,20000,2022-04-05 22:57:00,TANH
0.657,0.657,0.657,0.657,2963,2022-04-05 23:01:00,TANH
0.657,0.657,0.657,0.657,165,2022-04-05 23:02:00,TANH
0.6589,0.6589,0.6589,0.6589,296,2022-04-05 23:03:00,TANH
0.657,0.6571,0.657,0.6571,10590,2022-04-05 23:06:00,TANH
0.6548,0.6548,0.6548,0.6548,30000,2022-04-05 23:09:00,TANH
0.6412,0.6412,0.6412,0.6412,2500,2022-04-05 23:10:00,TANH
0.6499,0.6499,0.6499,0.6499,300,2022-04-05 23:11:00,TANH
0.65,0.65,0.6413,0.6413,7052,2022-04-05 23:12:00,TANH
0.6413,0.6413,0.6413,0.6413,5000,2022-04-05 23:15:00,TANH
0.65,0.657,0.65,0.657,317,2022-04-05 23:16:00,TANH
0.6423,0.643,0.64,0.64,25181,2022-04-05 23:18:00,TANH
0.64,0.64,0.6383,0.6383,2650,2022-04-05 23:19:00,TANH
0.6341,0.6342,0.6341,0.6342,300,2022-04-05 23:20:00,TANH
0.6343,0.6343,0.625,0.625,26232,2022-04-05 23:22:00,TANH
0.6498,0.6498,0.6498,0.6498,1000,2022-04-05 23:23:00,TANH
0.6488,0.6488,0.63,0.63,10300,2022-04-05 23:24:00,TANH
0.6262,0.629,0.6262,0.629,1200,2022-04-05 23:25:00,TANH
0.6262,0.6262,0.625,0.625,20000,2022-04-05 23:26:00,TANH
0.622,0.625,0.622,0.625,2700,2022-04-05 23:27:00,TANH
0.6399,0.6399,0.6399,0.6399,100,2022-04-05 23:29:00,TANH
0.6399,0.6399,0.6399,0.6399,11050,2022-04-05 23:30:00,TANH
0.6349,0.6349,0.6349,0.6349,1000,2022-04-05 23:31:00,TANH
0.63,0.63,0.63,0.63,300,2022-04-05 23:34:00,TANH
0.63,0.63,0.63,0.63,4665,2022-04-05 23:35:00,TANH
0.6345,0.6345,0.6345,0.6345,1000,2022-04-05 23:36:00,TANH
0.6301,0.6301,0.6301,0.6301,100,2022-04-05 23:37:00,TANH
0.6311,0.6311,0.6311,0.6311,300,2022-04-05 23:39:00,TANH
0.6309,0.6309,0.6308,0.6308,7100,2022-04-05 23:40:00,TANH
0.631,0.6312,0.63,0.63,6520,2022-04-05 23:41:00,TANH
0.6255,0.6255,0.6252,0.6254,36000,2022-04-05 23:42:00,TANH
0.6252,0.6252,0.6251,0.6251,11000,2022-04-05 23:43:00,TANH
0.6312,0.648,0.6312,0.648,10000,2022-04-05 23:44:00,TANH
0.64,0.64,0.64,0.64,537,2022-04-05 23:46:00,TANH
0.6401,0.6401,0.626,0.626,23093,2022-04-05 23:47:00,TANH
0.631,0.631,0.63,0.63,1096,2022-04-05 23:48:00,TANH
0.63,0.63,0.63,0.63,1520,2022-04-05 23:49:00,TANH
0.63,0.6399,0.63,0.6399,5598,2022-04-05 23:50:00,TANH
0.6399,0.6399,0.6313,0.6313,5317,2022-04-05 23:51:00,TANH
0.639,0.66,0.639,0.64,9837,2022-04-05 23:52:00,TANH
0.6568,0.6568,0.6568,0.6568,100,2022-04-05 23:53:00,TANH
0.6401,0.6488,0.6401,0.6488,6998,2022-04-05 23:54:00,TANH
0.6474,0.6488,0.6474,0.6488,1955,2022-04-05 23:55:00,TANH
0.6488,0.65,0.6488,0.65,1545,2022-04-05 23:56:00,TANH
0.64,0.6485,0.64,0.6485,372,2022-04-05 23:58:00,TANH
0.64,0.65,0.64,0.6479,14815,2022-04-05 23:59:00,TANH
0.6479,0.65,0.6479,0.65,1237,2022-04-06 08:00:00,TANH
0.648,0.648,0.648,0.648,394,2022-04-06 08:01:00,TANH
0.648,0.648,0.6231,0.6231,4981,2022-04-06 08:02:00,TANH
0.6234,0.63,0.6234,0.63,1500,2022-04-06 08:04:00,TANH
0.6237,0.6237,0.623,0.623,376,2022-04-06 08:06:00,TANH
0.628,0.628,0.628,0.628,3400,2022-04-06 08:08:00,TANH
0.63,0.63,0.63,0.63,700,2022-04-06 08:09:00,TANH
0.63,0.63,0.63,0.63,1097,2022-04-06 08:10:00,TANH
0.64,0.64,0.63,0.63,5500,2022-04-06 08:11:00,TANH
0.63,0.63,0.63,0.63,3309,2022-04-06 08:12:00,TANH
0.63,0.63,0.63,0.63,2000,2022-04-06 08:14:00,TANH
0.63,0.63,0.63,0.63,1500,2022-04-06 08:15:00,TANH
0.6301,0.6301,0.63,0.63,850,2022-04-06 08:16:00,TANH
0.63,0.63,0.63,0.63,200,2022-04-06 08:17:00,TANH
0.6232,0.6298,0.623,0.6298,1381,2022-04-06 08:18:00,TANH
0.6234,0.6234,0.623,0.623,4538,2022-04-06 08:19:00,TANH
0.622,0.622,0.622,0.622,4500,2022-04-06 08:20:00,TANH
0.622,0.622,0.622,0.622,1000,2022-04-06 08:22:00,TANH
0.6209,0.6209,0.62,0.62,401,2022-04-06 08:24:00,TANH
0.6199,0.6199,0.6199,0.6199,1902,2022-04-06 08:27:00,TANH
0.6199,0.6219,0.6199,0.6219,833,2022-04-06 08:29:00,TANH
0.6219,0.6219,0.62,0.62,1002,2022-04-06 08:31:00,TANH
0.6161,0.6161,0.615,0.615,1269,2022-04-06 08:33:00,TANH
0.612,0.612,0.6119,0.6119,1939,2022-04-06 08:35:00,TANH
0.6119,0.6119,0.61,0.61,13725,2022-04-06 08:36:00,TANH
0.6103,0.6104,0.61,0.61,6300,2022-04-06 08:37:00,TANH
0.6104,0.6104,0.6104,0.6104,1000,2022-04-06 08:38:00,TANH
0.6105,0.6105,0.606,0.606,27403,2022-04-06 08:39:00,TANH
0.6051,0.606,0.6019,0.6019,15700,2022-04-06 08:40:00,TANH
0.6002,0.6002,0.58,0.5842,38835,2022-04-06 08:41:00,TANH
0.584,0.6,0.5633,0.5825,22639,2022-04-06 08:42:00,TANH
0.5825,0.59,0.5736,0.5743,2753,2022-04-06 08:43:00,TANH
0.5847,0.59,0.5847,0.59,3100,2022-04-06 08:46:00,TANH
0.596,0.596,0.596,0.596,253,2022-04-06 08:47:00,TANH
0.5901,0.591,0.5901,0.591,535,2022-04-06 08:48:00,TANH
0.591,0.5959,0.591,0.5959,1702,2022-04-06 08:49:00,TANH
0.5952,0.5959,0.5952,0.5959,1571,2022-04-06 08:50:00,TANH
0.594,0.594,0.594,0.594,650,2022-04-06 08:53:00,TANH
0.5939,0.5939,0.5939,0.5939,777,2022-04-06 08:54:00,TANH
0.5938,0.594,0.5938,0.594,2331,2022-04-06 08:55:00,TANH
0.594,0.594,0.594,0.594,533,2022-04-06 08:58:00,TANH
0.595,0.595,0.595,0.595,1000,2022-04-06 08:59:00,TANH
0.595,0.595,0.5923,0.5923,2934,2022-04-06 09:00:00,TANH
0.5939,0.5939,0.5939,0.5939,100,2022-04-06 09:01:00,TANH
0.5945,0.5945,0.594,0.594,200,2022-04-06 09:04:00,TANH
0.5944,0.5944,0.5944,0.5944,800,2022-04-06 09:09:00,TANH
0.594,0.598,0.594,0.598,6817,2022-04-06 09:10:00,TANH
0.5989,0.5999,0.5979,0.5999,1100,2022-04-06 09:11:00,TANH
0.606,0.606,0.606,0.606,100,2022-04-06 09:12:00,TANH
0.605,0.605,0.605,0.605,902,2022-04-06 09:13:00,TANH
0.601,0.601,0.601,0.601,100,2022-04-06 09:14:00,TANH
0.607,0.607,0.607,0.607,100,2022-04-06 09:15:00,TANH
0.6069,0.6069,0.6059,0.606,1945,2022-04-06 09:16:00,TANH
0.606,0.606,0.6056,0.6059,5000,2022-04-06 09:17:00,TANH
0.6042,0.6042,0.6042,0.6042,1043,2022-04-06 09:19:00,TANH
0.6039,0.6039,0.6039,0.6039,100,2022-04-06 09:23:00,TANH
0.6,0.6,0.599,0.599,1399,2022-04-06 09:29:00,TANH
0.6,0.6,0.5999,0.6,2540,2022-04-06 09:30:00,TANH
0.6039,0.6039,0.6039,0.6039,1000,2022-04-06 09:32:00,TANH
0.6,0.6,0.6,0.6,600,2022-04-06 09:40:00,TANH
0.6,0.6,0.6,0.6,500,2022-04-06 09:41:00,TANH
0.6,0.6,0.5999,0.5999,300,2022-04-06 09:42:00,TANH
0.5995,0.5997,0.5995,0.5997,300,2022-04-06 09:44:00,TANH
0.596,0.5997,0.596,0.5997,863,2022-04-06 09:45:00,TANH
0.5962,0.5962,0.5962,0.5962,1900,2022-04-06 09:47:00,TANH
0.596,0.596,0.5951,0.5951,837,2022-04-06 09:49:00,TANH
0.5951,0.5959,0.595,0.5959,1161,2022-04-06 09:51:00,TANH
0.595,0.595,0.594,0.594,717,2022-04-06 09:52:00,TANH
0.5983,0.5994,0.5979,0.5979,816,2022-04-06 09:53:00,TANH
0.5995,0.5995,0.594,0.595,3784,2022-04-06 09:57:00,TANH
0.595,0.595,0.595,0.595,690,2022-04-06 09:58:00,TANH
0.595,0.595,0.595,0.595,339,2022-04-06 10:00:00,TANH
0.5951,0.5951,0.5951,0.5951,300,2022-04-06 10:02:00,TANH
0.6,0.6,0.6,0.6,199,2022-04-06 10:03:00,TANH
0.5995,0.5999,0.5995,0.5999,311,2022-04-06 10:04:00,TANH
0.596,0.596,0.595,0.595,5723,2022-04-06 10:05:00,TANH
0.595,0.595,0.595,0.595,600,2022-04-06 10:09:00,TANH
0.5951,0.5951,0.595,0.595,6637,2022-04-06 10:12:00,TANH
0.5951,0.5951,0.5951,0.5951,200,2022-04-06 10:16:00,TANH
0.5974,0.5974,0.5974,0.5974,200,2022-04-06 10:18:00,TANH
0.5974,0.5975,0.5974,0.5975,557,2022-04-06 10:20:00,TANH
0.5989,0.6,0.5989,0.5999,5000,2022-04-06 10:22:00,TANH
0.5999,0.6,0.595,0.5999,12054,2022-04-06 10:23:00,TANH
0.5999,0.5999,0.5999,0.5999,1936,2022-04-06 10:27:00,TANH
0.5999,0.5999,0.5999,0.5999,100,2022-04-06 10:29:00,TANH
0.5999,0.6,0.5999,0.6,2985,2022-04-06 10:31:00,TANH
0.6,0.6,0.6,0.6,137,2022-04-06 10:33:00,TANH
0.602,0.602,0.602,0.602,1000,2022-04-06 10:34:00,TANH
0.6019,0.6019,0.6019,0.6019,142,2022-04-06 10:39:00,TANH
0.6,0.61,0.6,0.6094,15691,2022-04-06 10:41:00,TANH
0.6095,0.6095,0.6095,0.6095,100,2022-04-06 10:44:00,TANH
0.61,0.61,0.61,0.61,800,2022-04-06 10:46:00,TANH
0.6099,0.6099,0.6099,0.6099,500,2022-04-06 10:48:00,TANH
0.6053,0.6053,0.605,0.605,400,2022-04-06 10:57:00,TANH
0.6091,0.6189,0.6,0.6,63168,2022-04-06 11:00:00,TANH
0.6003,0.6003,0.6,0.6,3401,2022-04-06 11:02:00,TANH
0.6097,0.6097,0.609,0.609,310,2022-04-06 11:04:00,TANH
0.6097,0.6097,0.6,0.6031,1965,2022-04-06 11:05:00,TANH
0.6097,0.6097,0.6087,0.6087,1570,2022-04-06 11:06:00,TANH
0.6087,0.6103,0.6087,0.6103,9095,2022-04-06 11:07:00,TANH
0.6099,0.61,0.5999,0.6097,22016,2022-04-06 11:08:00,TANH
0.6087,0.6095,0.6087,0.609,1406,2022-04-06 11:10:00,TANH
0.6068,0.6068,0.6068,0.6068,490,2022-04-06 11:12:00,TANH
0.6068,0.6071,0.6068,0.6071,1700,2022-04-06 11:13:00,TANH
0.6071,0.609,0.607,0.609,793,2022-04-06 11:14:00,TANH
0.6071,0.6071,0.6042,0.6042,1600,2022-04-06 11:15:00,TANH
0.609,0.609,0.609,0.609,1000,2022-04-06 11:16:00,TANH
0.609,0.609,0.609,0.609,200,2022-04-06 11:17:00,TANH
0.609,0.609,0.6089,0.609,4200,2022-04-06 11:20:00,TANH
0.6089,0.6089,0.6087,0.6087,200,2022-04-06 11:21:00,TANH
0.6089,0.6089,0.6089,0.6089,100,2022-04-06 11:22:00,TANH
0.6089,0.6089,0.6089,0.6089,397,2022-04-06 11:24:00,TANH
0.609,0.609,0.609,0.609,1000,2022-04-06 11:25:00,TANH
0.609,0.6099,0.6019,0.6019,5261,2022-04-06 11:27:00,TANH
0.6085,0.6085,0.6085,0.6085,200,2022-04-06 11:28:00,TANH
0.6091,0.6098,0.6021,0.6021,3679,2022-04-06 11:29:00,TANH
0.6091,0.6091,0.6091,0.6091,100,2022-04-06 11:30:00,TANH
0.6043,0.6043,0.6043,0.6043,100,2022-04-06 11:31:00,TANH
0.6059,0.609,0.6017,0.609,2945,2022-04-06 11:32:00,TANH
0.609,0.6099,0.609,0.6097,12840,2022-04-06 11:34:00,TANH
0.608,0.6099,0.608,0.6099,625,2022-04-06 11:36:00,TANH
0.6097,0.6097,0.605,0.6075,5050,2022-04-06 11:38:00,TANH
0.605,0.605,0.605,0.605,300,2022-04-06 11:39:00,TANH
0.6091,0.6096,0.6091,0.6096,200,2022-04-06 11:43:00,TANH
0.605,0.605,0.605,0.605,1408,2022-04-06 11:44:00,TANH
0.605,0.605,0.605,0.605,208,2022-04-06 11:45:00,TANH
0.6083,0.6083,0.6082,0.6082,200,2022-04-06 11:46:00,TANH
0.6081,0.6099,0.6081,0.6099,10496,2022-04-06 11:47:00,TANH
0.6083,0.61,0.6075,0.6099,4842,2022-04-06 11:48:00,TANH
0.6061,0.6065,0.6052,0.6052,560,2022-04-06 11:52:00,TANH
0.6057,0.6057,0.605,0.605,1089,2022-04-06 11:54:00,TANH
0.605,0.605,0.6021,0.6023,748,2022-04-06 11:57:00,TANH
0.602,0.602,0.6011,0.6011,1858,2022-04-06 11:58:00,TANH
0.605,0.605,0.605,0.605,300,2022-04-06 12:01:00,TANH
0.6075,0.6083,0.605,0.605,5225,2022-04-06 12:02:00,TANH
0.6053,0.6053,0.6051,0.6051,9011,2022-04-06 12:04:00,TANH
0.6051,0.6051,0.6051,0.6051,500,2022-04-06 12:05:00,TANH
0.605,0.6075,0.605,0.6075,500,2022-04-06 12:06:00,TANH
0.6052,0.6072,0.605,0.6072,837,2022-04-06 12:07:00,TANH
0.605,0.605,0.6,0.605,2919,2022-04-06 12:08:00,TANH
0.6012,0.6012,0.595,0.595,5238,2022-04-06 12:09:00,TANH
0.5975,0.5975,0.595,0.595,4580,2022-04-06 12:10:00,TANH
0.595,0.595,0.595,0.595,2357,2022-04-06 12:11:00,TANH
0.6084,0.6084,0.6084,0.6084,500,2022-04-06 12:12:00,TANH
0.6,0.6005,0.6,0.6,2039,2022-04-06 12:13:00,TANH
0.6,0.605,0.6,0.6049,38132,2022-04-06 12:14:00,TANH
0.6047,0.6197,0.6047,0.61,25558,2022-04-06 12:15:00,TANH
0.615,0.62,0.61,0.62,17760,2022-04-06 12:16:00,TANH
0.6141,0.6141,0.6141,0.6141,200,2022-04-06 12:17:00,TANH
0.614,0.614,0.614,0.614,100,2022-04-06 12:18:00,TANH
0.6141,0.6141,0.614,0.614,860,2022-04-06 12:19:00,TANH
0.61,0.61,0.6,0.6059,28728,2022-04-06 12:20:00,TANH
0.6033,0.6141,0.6,0.6,10516,2022-04-06 12:21:00,TANH
0.6095,0.6095,0.6095,0.6095,100,2022-04-06 12:22:00,TANH
0.6095,0.614,0.6095,0.614,3648,2022-04-06 12:23:00,TANH
0.6139,0.614,0.6139,0.614,2496,2022-04-06 12:25:00,TANH
0.614,0.614,0.61,0.614,1010,2022-04-06 12:26:00,TANH
0.61,0.6138,0.6019,0.61,1059,2022-04-06 12:27:00,TANH
0.6065,0.6065,0.6015,0.6015,1298,2022-04-06 12:28:00,TANH
0.6022,0.6022,0.6022,0.6022,900,2022-04-06 12:30:00,TANH
0.6022,0.6086,0.6015,0.6086,1132,2022-04-06 12:31:00,TANH
0.6018,0.6018,0.6018,0.6018,5000,2022-04-06 12:33:00,TANH
0.6017,0.6017,0.6017,0.6017,600,2022-04-06 12:35:00,TANH
0.6078,0.6085,0.6078,0.6085,500,2022-04-06 12:36:00,TANH
0.6021,0.6021,0.6021,0.6021,100,2022-04-06 12:38:00,TANH
0.6027,0.6027,0.6027,0.6027,164,2022-04-06 12:40:00,TANH
0.605,0.608,0.6025,0.6025,2330,2022-04-06 12:41:00,TANH
0.605,0.605,0.605,0.605,6000,2022-04-06 12:44:00,TANH
0.6055,0.61,0.6055,0.6084,7343,2022-04-06 12:45:00,TANH
0.61,0.6141,0.61,0.6141,1967,2022-04-06 12:46:00,TANH
0.61,0.614,0.61,0.614,5934,2022-04-06 12:47:00,TANH
0.6101,0.6101,0.61,0.61,3503,2022-04-06 12:50:00,TANH
0.61,0.61,0.61,0.61,572,2022-04-06 12:51:00,TANH
0.61,0.61,0.6099,0.61,10112,2022-04-06 12:52:00,TANH
0.6107,0.6199,0.6099,0.613,5225,2022-04-06 12:53:00,TANH
0.61,0.61,0.61,0.61,1147,2022-04-06 12:54:00,TANH
0.61,0.6105,0.61,0.61,6335,2022-04-06 12:55:00,TANH
0.6129,0.613,0.6129,0.613,10100,2022-04-06 12:56:00,TANH
0.613,0.613,0.61,0.61,5212,2022-04-06 12:58:00,TANH
0.61,0.6121,0.6011,0.6025,35375,2022-04-06 13:00:00,TANH
0.6025,0.613,0.6011,0.6011,3508,2022-04-06 13:01:00,TANH
0.602,0.602,0.6012,0.6015,8298,2022-04-06 13:02:00,TANH
0.6012,0.6022,0.6012,0.6019,22552,2022-04-06 13:03:00,TANH
0.602,0.602,0.6012,0.6012,2788,2022-04-06 13:04:00,TANH
0.602,0.602,0.6012,0.6012,800,2022-04-06 13:05:00,TANH
0.602,0.602,0.602,0.602,200,2022-04-06 13:06:00,TANH
0.602,0.602,0.6012,0.6012,17666,2022-04-06 13:07:00,TANH
0.6012,0.6012,0.6,0.6,35434,2022-04-06 13:08:00,TANH
0.5961,0.5961,0.5961,0.5961,3555,2022-04-06 13:09:00,TANH
0.5961,0.602,0.5961,0.602,4000,2022-04-06 13:10:00,TANH
0.6003,0.6003,0.5961,0.5973,400,2022-04-06 13:11:00,TANH
0.6,0.6,0.6,0.6,500,2022-04-06 13:12:00,TANH
0.5966,0.5994,0.5966,0.5994,2200,2022-04-06 13:14:00,TANH
0.6,0.6,0.6,0.6,212,2022-04-06 13:15:00,TANH
0.6,0.6,0.5962,0.5962,1250,2022-04-06 13:16:00,TANH
0.5962,0.6,0.5962,0.5962,6255,2022-04-06 13:17:00,TANH
0.5963,0.5963,0.5962,0.5962,10411,2022-04-06 13:18:00,TANH
0.5962,0.5962,0.5962,0.5962,5484,2022-04-06 13:19:00,TANH
0.5962,0.601,0.5949,0.5973,33310,2022-04-06 13:20:00,TANH
0.5998,0.5998,0.5998,0.5998,190,2022-04-06 13:21:00,TANH
0.601,0.601,0.5998,0.6,37020,2022-04-06 13:22:00,TANH
0.5999,0.6,0.5949,0.5972,2842,2022-04-06 13:23:00,TANH
0.5949,0.599,0.5949,0.5951,8451,2022-04-06 13:24:00,TANH
0.596,0.5998,0.596,0.5998,2787,2022-04-06 13:25:00,TANH
0.5986,0.5986,0.597,0.5986,1604,2022-04-06 13:26:00,TANH
0.597,0.597,0.5855,0.5855,68872,2022-04-06 13:27:00,TANH
0.59,0.59,0.584,0.5854,4601,2022-04-06 13:28:00,TANH
0.5854,0.5854,0.584,0.584,4561,2022-04-06 13:29:00,TANH
0.5854,0.5987,0.584,0.5899,187720,2022-04-06 13:30:00,TANH
0.586,0.59,0.5652,0.5688,237289,2022-04-06 13:31:00,TANH
0.567,0.57,0.5612,0.5665,180439,2022-04-06 13:32:00,TANH
0.5651,0.5679,0.5426,0.555,351940,2022-04-06 13:33:00,TANH
0.5515,0.5641,0.5515,0.5627,135918,2022-04-06 13:34:00,TANH
0.5626,0.5695,0.5532,0.5669,102335,2022-04-06 13:35:00,TANH
0.569399,0.5695,0.5525,0.56,164564,2022-04-06 13:36:00,TANH
0.56,0.5601,0.55,0.5516,69679,2022-04-06 13:37:00,TANH
0.5516,0.564,0.551501,0.5585,87243,2022-04-06 13:38:00,TANH
0.554,0.5599,0.546,0.5499,213352,2022-04-06 13:39:00,TANH
0.55,0.559,0.546,0.55,75161,2022-04-06 13:40:00,TANH
0.5502,0.5569,0.55,0.553,50613,2022-04-06 13:41:00,TANH
0.5531,0.5588,0.55,0.553,100268,2022-04-06 13:42:00,TANH
0.556501,0.56,0.553,0.555,73518,2022-04-06 13:43:00,TANH
0.5549,0.5575,0.5401,0.5491,143513,2022-04-06 13:44:00,TANH
0.5575,0.5575,0.54,0.5489,151909,2022-04-06 13:45:00,TANH
0.549,0.554,0.547,0.5539,32382,2022-04-06 13:46:00,TANH
0.553899,0.553899,0.547,0.547,38086,2022-04-06 13:47:00,TANH
0.547,0.5555,0.547,0.555,86303,2022-04-06 13:48:00,TANH
0.5555,0.5582,0.5515,0.554799,57053,2022-04-06 13:49:00,TANH
0.5543,0.5577,0.554,0.5564,44145,2022-04-06 13:50:00,TANH
0.5551,0.5551,0.55,0.551101,71298,2022-04-06 13:51:00,TANH
0.5519,0.557,0.551,0.5521,39916,2022-04-06 13:52:00,TANH
0.557,0.557,0.552,0.553,39985,2022-04-06 13:53:00,TANH
0.553,0.553,0.5506,0.5506,45051,2022-04-06 13:54:00,TANH
0.551,0.553,0.544,0.549899,69812,2022-04-06 13:55:00,TANH
0.544,0.55,0.5403,0.5424,90378,2022-04-06 13:56:00,TANH
0.5427,0.5466,0.5386,0.542,184270,2022-04-06 13:57:00,TANH
0.542,0.542,0.5401,0.5403,103243,2022-04-06 13:58:00,TANH
0.5403,0.5403,0.5385,0.5385,81137,2022-04-06 13:59:00,TANH
0.5385,0.54,0.5385,0.5399,14783,2022-04-06 14:00:00,TANH
0.5385,0.5399,0.5301,0.5324,84352,2022-04-06 14:01:00,TANH
0.5327,0.548499,0.5327,0.5465,96640,2022-04-06 14:02:00,TANH
0.5464,0.5485,0.5427,0.5467,47000,2022-04-06 14:03:00,TANH
0.5485,0.5485,0.54,0.5464,60723,2022-04-06 14:04:00,TANH
0.546,0.546,0.545,0.5453,5994,2022-04-06 14:05:00,TANH
0.5456,0.5485,0.545,0.5474,17263,2022-04-06 14:06:00,TANH
0.548399,0.56,0.5472,0.555101,118653,2022-04-06 14:07:00,TANH
0.5557,0.56,0.5557,0.5573,84353,2022-04-06 14:08:00,TANH
0.5586,0.5599,0.5571,0.559,125523,2022-04-06 14:09:00,TANH
0.559,0.5625,0.5576,0.5624,52838,2022-04-06 14:10:00,TANH
0.5613,0.565,0.5613,0.5624,59332,2022-04-06 14:11:00,TANH
0.5613,0.565,0.560101,0.5635,32044,2022-04-06 14:12:00,TANH
0.564,0.564,0.562614,0.5631,18576,2022-04-06 14:13:00,TANH
0.5631,0.5631,0.55,0.5516,132124,2022-04-06 14:14:00,TANH
0.5508,0.5508,0.543549,0.543549,48635,2022-04-06 14:15:00,TANH
0.544,0.5453,0.5408,0.5433,97506,2022-04-06 14:16:00,TANH
0.5433,0.5497,0.5431,0.5468,53682,2022-04-06 14:17:00,TANH
0.5454,0.5499,0.545,0.5451,49788,2022-04-06 14:18:00,TANH
0.54565,0.565,0.545,0.565,62968,2022-04-06 14:19:00,TANH
0.5593,0.5646,0.5451,0.5501,81824,2022-04-06 14:20:00,TANH
0.555,0.5565,0.5503,0.5541,28842,2022-04-06 14:21:00,TANH
0.5522,0.5537,0.55,0.5504,30732,2022-04-06 14:22:00,TANH
0.5504,0.5537,0.55,0.553699,42652,2022-04-06 14:23:00,TANH
0.55275,0.5533,0.550101,0.5528,14700,2022-04-06 14:24:00,TANH
0.550201,0.565,0.55,0.560601,42117,2022-04-06 14:25:00,TANH
0.5647,0.5679,0.5606,0.566,61662,2022-04-06 14:26:00,TANH
0.5651,0.5679,0.565,0.567,65980,2022-04-06 14:27:00,TANH
0.567,0.567,0.56,0.564,48471,2022-04-06 14:28:00,TANH
0.564,0.565,0.5625,0.5638,16932,2022-04-06 14:29:00,TANH
0.565,0.565,0.5626,0.5639,2308,2022-04-06 14:30:00,TANH
0.565,0.565,0.56425,0.56425,625,2022-04-06 14:31:00,TANH
0.563,0.563,0.5599,0.5599,12045,2022-04-06 14:32:00,TANH
0.5575,0.56,0.555,0.555001,2764,2022-04-06 14:33:00,TANH
0.555101,0.56,0.555001,0.555001,1906,2022-04-06 14:34:00,TANH
0.5553,0.5597,0.5553,0.557449,3650,2022-04-06 14:35:00,TANH
0.5573,0.5573,0.5538,0.5549,18525,2022-04-06 14:36:00,TANH
0.5533,0.555,0.5498,0.55,104587,2022-04-06 14:37:00,TANH
0.5546,0.5548,0.55,0.550101,44955,2022-04-06 14:38:00,TANH
0.551,0.56,0.551,0.5599,23766,2022-04-06 14:39:00,TANH
0.5598,0.56,0.555,0.56,36378,2022-04-06 14:40:00,TANH
0.556401,0.563,0.556401,0.563,28544,2022-04-06 14:41:00,TANH
0.5615,0.57,0.5615,0.565201,19470,2022-04-06 14:42:00,TANH
0.5685,0.57,0.5671,0.5696,32091,2022-04-06 14:43:00,TANH
0.5681,0.577,0.5681,0.577,39300,2022-04-06 14:44:00,TANH
0.5757,0.5899,0.572001,0.5878,231428,2022-04-06 14:45:00,TANH
0.583451,0.5899,0.58,0.5899,57118,2022-04-06 14:46:00,TANH
0.5888,0.5888,0.57,0.57,87661,2022-04-06 14:47:00,TANH
0.576499,0.5799,0.57,0.5799,18771,2022-04-06 14:48:00,TANH
0.5797,0.5797,0.5749,0.5777,21549,2022-04-06 14:49:00,TANH
0.575,0.5799,0.575,0.5799,26541,2022-04-06 14:50:00,TANH
0.5799,0.5869,0.579,0.5868,40702,2022-04-06 14:51:00,TANH
0.586799,0.586799,0.5815,0.584499,17625,2022-04-06 14:52:00,TANH
0.5841,0.5888,0.584,0.5872,41020,2022-04-06 14:53:00,TANH
0.5862,0.5951,0.5862,0.5951,153913,2022-04-06 14:54:00,TANH
0.5951,0.605,0.594,0.605,123047,2022-04-06 14:55:00,TANH
0.605,0.61,0.6049,0.6061,230381,2022-04-06 14:56:00,TANH
0.6061,0.6149,0.60605,0.6141,126313,2022-04-06 14:57:00,TANH
0.614201,0.6248,0.61,0.6199,251239,2022-04-06 14:58:00,TANH
0.6172,0.62,0.61,0.6149,130602,2022-04-06 14:59:00,TANH
0.615,0.624899,0.61,0.6201,140819,2022-04-06 15:00:00,TANH
0.6205,0.625,0.62,0.6205,44321,2022-04-06 15:01:00,TANH
0.6204,0.6204,0.6124,0.6162,103410,2022-04-06 15:02:00,TANH
0.62,0.62,0.61,0.6123,23308,2022-04-06 15:03:00,TANH
0.61,0.6123,0.6,0.605449,109469,2022-04-06 15:04:00,TANH
0.6096,0.6097,0.6012,0.607799,21234,2022-04-06 15:05:00,TANH
0.6061,0.6098,0.6061,0.609699,32263,2022-04-06 15:06:00,TANH
0.606,0.6124,0.606,0.609,111044,2022-04-06 15:07:00,TANH
0.6124,0.6228,0.6091,0.6199,29265,2022-04-06 15:08:00,TANH
0.6125,0.6125,0.609,0.6103,13315,2022-04-06 15:09:00,TANH
0.6175,0.6175,0.615,0.6151,34690,2022-04-06 15:10:00,TANH
0.615,0.6151,0.609,0.609,115310,2022-04-06 15:11:00,TANH
0.6099,0.61,0.609,0.6097,9075,2022-04-06 15:12:00,TANH
0.61,0.61,0.609,0.6099,28005,2022-04-06 15:13:00,TANH
0.61,0.61,0.609,0.61,21763,2022-04-06 15:14:00,TANH
0.610101,0.62,0.61,0.62,37473,2022-04-06 15:15:00,TANH
0.6173,0.6173,0.6116,0.617,4500,2022-04-06 15:16:00,TANH
0.61715,0.62,0.61715,0.6197,16224,2022-04-06 15:17:00,TANH
0.61801,0.6198,0.61801,0.6191,8069,2022-04-06 15:18:00,TANH
0.6191,0.6191,0.61871,0.6189,11310,2022-04-06 15:19:00,TANH
0.6187,0.6189,0.61525,0.6187,2840,2022-04-06 15:20:00,TANH
0.6153,0.6163,0.6145,0.6145,9106,2022-04-06 15:21:00,TANH
0.6163,0.623,0.6163,0.62,119941,2022-04-06 15:22:00,TANH
0.622,0.6398,0.62,0.630101,88154,2022-04-06 15:23:00,TANH
0.63,0.632849,0.62,0.6206,238099,2022-04-06 15:24:00,TANH
0.629899,0.629999,0.6201,0.6289,25607,2022-04-06 15:25:00,TANH
0.6251,0.6301,0.6204,0.6214,14531,2022-04-06 15:26:00,TANH
0.629799,0.6299,0.6213,0.6299,18785,2022-04-06 15:27:00,TANH
0.6299,0.63,0.622701,0.6231,18772,2022-04-06 15:28:00,TANH
0.6253,0.6295,0.6227,0.6241,35671,2022-04-06 15:29:00,TANH
0.6228,0.6295,0.6228,0.6288,23726,2022-04-06 15:30:00,TANH
0.6287,0.6288,0.623201,0.623201,3404,2022-04-06 15:31:00,TANH
0.628,0.628,0.6232,0.6232,10056,2022-04-06 15:32:00,TANH
0.6232,0.6295,0.623,0.6265,22135,2022-04-06 15:33:00,TANH
0.6299,0.63,0.623001,0.623001,47561,2022-04-06 15:34:00,TANH
0.629362,0.63,0.623,0.623,11984,2022-04-06 15:35:00,TANH
0.623,0.63,0.614,0.6284,74326,2022-04-06 15:36:00,TANH
0.628,0.6284,0.62,0.6227,2450,2022-04-06 15:37:00,TANH
0.6227,0.6284,0.6227,0.6283,11359,2022-04-06 15:38:00,TANH
0.6224,0.6284,0.6224,0.624,6450,2022-04-06 15:39:00,TANH
0.623,0.624,0.623,0.624,22512,2022-04-06 15:40:00,TANH
0.624,0.6264,0.623,0.624,14265,2022-04-06 15:41:00,TANH
0.624,0.6259,0.623,0.623,14819,2022-04-06 15:42:00,TANH
0.62345,0.62345,0.6099,0.6099,28733,2022-04-06 15:43:00,TANH
0.609,0.609,0.59,0.5913,179937,2022-04-06 15:44:00,TANH
0.5915,0.6098,0.5915,0.6098,97376,2022-04-06 15:45:00,TANH
0.6015,0.6098,0.593,0.6098,32758,2022-04-06 15:46:00,TANH
0.602,0.6098,0.60152,0.607,46501,2022-04-06 15:47:00,TANH
0.607,0.6098,0.602,0.606999,16572,2022-04-06 15:48:00,TANH
0.6059,0.6059,0.6,0.6,30843,2022-04-06 15:49:00,TANH
0.6,0.601,0.594,0.601,17708,2022-04-06 15:50:00,TANH
0.594101,0.602,0.594101,0.602,50346,2022-04-06 15:51:00,TANH
0.6,0.6,0.5941,0.5951,15602,2022-04-06 15:52:00,TANH
0.5957,0.6,0.5943,0.5943,25186,2022-04-06 15:53:00,TANH
0.5934,0.5934,0.593,0.5932,40039,2022-04-06 15:54:00,TANH
0.5932,0.5933,0.5903,0.5904,8244,2022-04-06 15:55:00,TANH
0.5904,0.593,0.5896,0.5896,35338,2022-04-06 15:56:00,TANH
0.5899,0.5899,0.58,0.58,20549,2022-04-06 15:57:00,TANH
0.5804,0.5898,0.5803,0.5898,20789,2022-04-06 15:58:00,TANH
0.589,0.589,0.5822,0.5856,9269,2022-04-06 15:59:00,TANH
0.589,0.589,0.5856,0.5889,13369,2022-04-06 16:00:00,TANH
0.5859,0.5859,0.583,0.5859,2150,2022-04-06 16:01:00,TANH
0.5831,0.586,0.5831,0.5857,29190,2022-04-06 16:02:00,TANH
0.586,0.589,0.585,0.586,15718,2022-04-06 16:03:00,TANH
0.586,0.589,0.585,0.5853,17464,2022-04-06 16:04:00,TANH
0.5889,0.589,0.5883,0.589,4240,2022-04-06 16:05:00,TANH
0.5889,0.59,0.5867,0.5899,32081,2022-04-06 16:06:00,TANH
0.59,0.59,0.5899,0.5899,42946,2022-04-06 16:07:00,TANH
0.5899,0.5934,0.5899,0.5934,43246,2022-04-06 16:08:00,TANH
0.5933,0.596801,0.5933,0.596801,138402,2022-04-06 16:09:00,TANH
0.6,0.6075,0.6,0.603281,60762,2022-04-06 16:10:00,TANH
0.607499,0.6075,0.603951,0.603951,3882,2022-04-06 16:11:00,TANH
0.6048,0.6075,0.601,0.602101,26192,2022-04-06 16:12:00,TANH
0.6075,0.6075,0.603101,0.6075,11050,2022-04-06 16:13:00,TANH
0.6072,0.6073,0.604,0.604,3628,2022-04-06 16:14:00,TANH
0.603,0.603,0.591,0.594,16963,2022-04-06 16:15:00,TANH
0.5911,0.597,0.5911,0.597,3787,2022-04-06 16:16:00,TANH
0.5911,0.6028,0.5911,0.6028,1490,2022-04-06 16:17:00,TANH
0.6028,0.6072,0.6003,0.6058,7353,2022-04-06 16:18:00,TANH
0.6075,0.6075,0.6041,0.6075,63090,2022-04-06 16:19:00,TANH
0.6075,0.619899,0.6075,0.615,18642,2022-04-06 16:20:00,TANH
0.6125,0.617,0.6063,0.61,70395,2022-04-06 16:21:00,TANH
0.6169,0.6169,0.61,0.6104,35468,2022-04-06 16:22:00,TANH
0.6101,0.6101,0.61,0.61,35456,2022-04-06 16:23:00,TANH
0.6101,0.6101,0.61,0.61,4640,2022-04-06 16:24:00,TANH
0.61005,0.6101,0.61,0.61,3630,2022-04-06 16:25:00,TANH
0.61,0.6101,0.61,0.6101,2900,2022-04-06 16:26:00,TANH
0.61,0.6103,0.61,0.6103,8506,2022-04-06 16:27:00,TANH
0.6136,0.6138,0.6136,0.6138,7600,2022-04-06 16:28:00,TANH
0.6167,0.6167,0.6111,0.6166,579,2022-04-06 16:29:00,TANH
0.6165,0.6165,0.6165,0.6165,100,2022-04-06 16:30:00,TANH
0.6164,0.6164,0.6164,0.6164,1700,2022-04-06 16:31:00,TANH
0.611461,0.616,0.6103,0.6103,4413,2022-04-06 16:32:00,TANH
0.6105,0.6105,0.6104,0.6104,5958,2022-04-06 16:33:00,TANH
0.6105,0.6125,0.6105,0.6125,1200,2022-04-06 16:34:00,TANH
0.6147,0.6147,0.6147,0.6147,100,2022-04-06 16:35:00,TANH
0.6148,0.616,0.6147,0.6147,2351,2022-04-06 16:36:00,TANH
0.6148,0.6148,0.6147,0.6147,1252,2022-04-06 16:37:00,TANH
0.612,0.6121,0.6111,0.612,4698,2022-04-06 16:38:00,TANH
0.612,0.612,0.6104,0.6104,16000,2022-04-06 16:39:00,TANH
0.61,0.6101,0.595,0.5951,15847,2022-04-06 16:40:00,TANH
0.595,0.6,0.595,0.5961,17754,2022-04-06 16:41:00,TANH
0.5999,0.6,0.5999,0.5999,8450,2022-04-06 16:42:00,TANH
0.596,0.596,0.596,0.596,2561,2022-04-06 16:43:00,TANH
0.5999,0.615,0.5999,0.608099,11300,2022-04-06 16:44:00,TANH
0.601339,0.6149,0.6012,0.6048,2600,2022-04-06 16:45:00,TANH
0.6099,0.61,0.6091,0.6091,1450,2022-04-06 16:46:00,TANH
0.6014,0.6032,0.6014,0.6032,500,2022-04-06 16:47:00,TANH
0.6013,0.616,0.6007,0.616,26182,2022-04-06 16:48:00,TANH
0.616,0.616,0.600101,0.600101,14626,2022-04-06 16:49:00,TANH
0.6063,0.6063,0.60444,0.6053,1154,2022-04-06 16:50:00,TANH
0.6047,0.6159,0.6044,0.6159,46977,2022-04-06 16:51:00,TANH
0.6159,0.6159,0.6106,0.6106,5870,2022-04-06 16:52:00,TANH
0.6102,0.6133,0.61,0.6101,6600,2022-04-06 16:53:00,TANH
0.6102,0.6102,0.6102,0.6102,3000,2022-04-06 16:54:00,TANH
0.6134,0.6134,0.6099,0.6107,1819,2022-04-06 16:55:00,TANH
0.61,0.61,0.609999,0.609999,2100,2022-04-06 16:56:00,TANH
0.6075,0.61,0.6,0.6051,7676,2022-04-06 16:57:00,TANH
0.60511,0.61,0.6051,0.6075,1108,2022-04-06 16:58:00,TANH
0.61,0.61,0.597,0.597,55572,2022-04-06 16:59:00,TANH
0.597,0.605,0.597,0.6001,2762,2022-04-06 17:00:00,TANH
0.6025,0.605,0.597,0.597,4900,2022-04-06 17:01:00,TANH
0.597,0.5993,0.585,0.585,48547,2022-04-06 17:02:00,TANH
0.59,0.59,0.5897,0.5899,36562,2022-04-06 17:03:00,TANH
0.59,0.61,0.59,0.61,27283,2022-04-06 17:04:00,TANH
0.5916,0.6064,0.5916,0.6064,2600,2022-04-06 17:05:00,TANH
0.602,0.602,0.5943,0.6,3200,2022-04-06 17:06:00,TANH
0.59431,0.6,0.59431,0.5975,3125,2022-04-06 17:07:00,TANH
0.5975,0.5999,0.5975,0.5999,849,2022-04-06 17:08:00,TANH
0.5965,0.597501,0.5965,0.597501,700,2022-04-06 17:09:00,TANH
0.595101,0.6,0.595101,0.6,6100,2022-04-06 17:10:00,TANH
0.6,0.605,0.6,0.605,5022,2022-04-06 17:11:00,TANH
0.605,0.61,0.605,0.6051,17532,2022-04-06 17:12:00,TANH
0.6079,0.608,0.605,0.605,21800,2022-04-06 17:13:00,TANH
0.6079,0.61,0.6073,0.6079,9836,2022-04-06 17:14:00,TANH
0.6079,0.608,0.6051,0.6051,7756,2022-04-06 17:15:00,TANH
0.6051,0.6051,0.6051,0.6051,2150,2022-04-06 17:16:00,TANH
0.6051,0.6051,0.6051,0.6051,200,2022-04-06 17:17:00,TANH
0.6051,0.6051,0.605,0.605,7844,2022-04-06 17:19:00,TANH
0.6051,0.6051,0.605,0.6051,1580,2022-04-06 17:20:00,TANH
0.605,0.6051,0.605,0.6051,3242,2022-04-06 17:22:00,TANH
0.6051,0.6051,0.6051,0.6051,1957,2022-04-06 17:24:00,TANH
0.6051,0.6051,0.6051,0.6051,2249,2022-04-06 17:25:00,TANH
0.6051,0.608,0.6051,0.6079,5990,2022-04-06 17:26:00,TANH
0.608,0.608,0.6079,0.6079,400,2022-04-06 17:27:00,TANH
0.608,0.608,0.608,0.608,656,2022-04-06 17:28:00,TANH
0.608,0.608,0.607,0.607,5500,2022-04-06 17:29:00,TANH
0.608,0.608,0.6079,0.6079,4434,2022-04-06 17:30:00,TANH
0.608,0.6215,0.608,0.61,97893,2022-04-06 17:31:00,TANH
0.6099,0.6099,0.5802,0.5952,117872,2022-04-06 17:33:00,TANH
0.5951,0.6095,0.5951,0.6095,15010,2022-04-06 17:34:00,TANH
0.61,0.61,0.61,0.61,564,2022-04-06 17:35:00,TANH
0.6,0.6,0.5833,0.6,24788,2022-04-06 17:36:00,TANH
0.6048,0.6048,0.5846,0.5926,21041,2022-04-06 17:37:00,TANH
0.594,0.5999,0.594,0.5999,600,2022-04-06 17:38:00,TANH
0.5999,0.6,0.5999,0.6,453,2022-04-06 17:39:00,TANH
0.5931,0.5945,0.5899,0.5899,13022,2022-04-06 17:40:00,TANH
0.59,0.6,0.589916,0.6,27463,2022-04-06 17:41:00,TANH
0.591466,0.6,0.589901,0.6,5349,2022-04-06 17:42:00,TANH
0.590246,0.595,0.58,0.580301,92730,2022-04-06 17:43:00,TANH
0.5803,0.59,0.5803,0.59,11071,2022-04-06 17:44:00,TANH
0.5925,0.595,0.59,0.595,23530,2022-04-06 17:45:00,TANH
0.595,0.6,0.59,0.5951,22889,2022-04-06 17:46:00,TANH
0.597399,0.5975,0.595,0.5975,9119,2022-04-06 17:47:00,TANH
0.597399,0.5975,0.5964,0.5974,5300,2022-04-06 17:48:00,TANH
0.5975,0.5998,0.5975,0.5998,30600,2022-04-06 17:49:00,TANH
0.5998,0.5998,0.5997,0.5997,500,2022-04-06 17:50:00,TANH
0.5998,0.5998,0.5998,0.5998,600,2022-04-06 17:51:00,TANH
0.5998,0.5998,0.5803,0.5998,27138,2022-04-06 17:52:00,TANH
0.5851,0.5851,0.5851,0.5851,1450,2022-04-06 17:53:00,TANH
0.585101,0.5915,0.585101,0.5915,10500,2022-04-06 17:54:00,TANH
0.585101,0.585101,0.585101,0.585101,100,2022-04-06 17:55:00,TANH
0.59,0.59,0.586001,0.586001,1000,2022-04-06 17:56:00,TANH
0.59,0.59,0.588,0.588,2200,2022-04-06 17:58:00,TANH
0.588,0.5898,0.586,0.586,8399,2022-04-06 17:59:00,TANH
0.586,0.5915,0.586,0.5915,11257,2022-04-06 18:00:00,TANH
0.5862,0.5862,0.5862,0.5862,5700,2022-04-06 18:01:00,TANH
0.598,0.598,0.595,0.595,1789,2022-04-06 18:02:00,TANH
0.5998,0.5998,0.598,0.5981,21933,2022-04-06 18:03:00,TANH
0.5981,0.5981,0.59,0.5901,13867,2022-04-06 18:04:00,TANH
0.595379,0.5958,0.59,0.5958,3607,2022-04-06 18:05:00,TANH
0.59,0.5958,0.59,0.5958,11781,2022-04-06 18:07:00,TANH
0.595699,0.5958,0.595699,0.5958,50150,2022-04-06 18:08:00,TANH
0.5958,0.5958,0.59,0.5955,5674,2022-04-06 18:09:00,TANH
0.5955,0.5955,0.5955,0.5955,100,2022-04-06 18:11:00,TANH
0.590201,0.5958,0.5902,0.5958,9254,2022-04-06 18:12:00,TANH
0.5929,0.5957,0.5929,0.5957,1200,2022-04-06 18:13:00,TANH
0.5957,0.5957,0.5902,0.5902,2128,2022-04-06 18:14:00,TANH
0.5903,0.59305,0.5903,0.59305,50300,2022-04-06 18:15:00,TANH
0.59305,0.59305,0.5902,0.5903,900,2022-04-06 18:16:00,TANH
0.5902,0.5902,0.59,0.59,10072,2022-04-06 18:17:00,TANH
0.59,0.59,0.59,0.59,9349,2022-04-06 18:18:00,TANH
0.59001,0.5901,0.585,0.585,18550,2022-04-06 18:19:00,TANH
0.5827,0.5827,0.5801,0.580101,102500,2022-04-06 18:20:00,TANH
0.5803,0.5803,0.5802,0.5802,878,2022-04-06 18:21:00,TANH
0.59,0.5901,0.5802,0.590099,60350,2022-04-06 18:22:00,TANH
0.5901,0.5901,0.5802,0.5901,1773,2022-04-06 18:23:00,TANH
0.5803,0.5803,0.5803,0.5803,490,2022-04-06 18:24:00,TANH
0.5871,0.5901,0.5871,0.5901,200,2022-04-06 18:25:00,TANH
0.589999,0.5901,0.589999,0.5901,1100,2022-04-06 18:26:00,TANH
0.5851,0.5901,0.5851,0.5901,10750,2022-04-06 18:27:00,TANH
0.5901,0.5901,0.5851,0.5851,14300,2022-04-06 18:28:00,TANH
0.5899,0.5899,0.5839,0.5839,5170,2022-04-06 18:29:00,TANH
0.58525,0.58525,0.5806,0.585,500,2022-04-06 18:31:00,TANH
0.5805,0.585,0.5805,0.5805,90563,2022-04-06 18:32:00,TANH
0.581,0.5977,0.5805,0.5977,40698,2022-04-06 18:33:00,TANH
0.5808,0.5902,0.5808,0.5902,9200,2022-04-06 18:34:00,TANH
0.5903,0.5977,0.59,0.5901,7650,2022-04-06 18:35:00,TANH
0.5955,0.5977,0.5917,0.5974,3500,2022-04-06 18:36:00,TANH
0.5903,0.5903,0.5903,0.5903,100,2022-04-06 18:37:00,TANH
0.5977,0.5977,0.5917,0.595074,2241,2022-04-06 18:39:00,TANH
0.5926,0.5951,0.5905,0.5951,700,2022-04-06 18:40:00,TANH
0.5918,0.5951,0.5918,0.5922,10500,2022-04-06 18:41:00,TANH
0.5937,0.5951,0.5937,0.5951,1400,2022-04-06 18:42:00,TANH
0.5951,0.5951,0.5951,0.5951,600,2022-04-06 18:43:00,TANH
0.5951,0.5951,0.5951,0.5951,5100,2022-04-06 18:44:00,TANH
0.5951,0.5976,0.5951,0.5976,2300,2022-04-06 18:46:00,TANH
0.5962,0.5968,0.5916,0.5916,7349,2022-04-06 18:47:00,TANH
0.5959,0.5977,0.5916,0.5921,11755,2022-04-06 18:48:00,TANH
0.5977,0.6063,0.5968,0.606,25815,2022-04-06 18:49:00,TANH
0.6083,0.61,0.6083,0.609899,36683,2022-04-06 18:50:00,TANH
0.6099,0.61,0.6097,0.6098,21817,2022-04-06 18:51:00,TANH
0.6099,0.6131,0.6098,0.6098,63483,2022-04-06 18:52:00,TANH
0.6115,0.615,0.6112,0.615,9580,2022-04-06 18:53:00,TANH
0.6148,0.6149,0.6138,0.6144,13149,2022-04-06 18:54:00,TANH
0.6138,0.6139,0.6138,0.6139,17811,2022-04-06 18:55:00,TANH
0.6139,0.6139,0.6138,0.6138,4800,2022-04-06 18:56:00,TANH
0.6139,0.6139,0.6138,0.6138,1650,2022-04-06 18:57:00,TANH
0.6138,0.6139,0.6138,0.6139,1802,2022-04-06 18:58:00,TANH
0.6147,0.615,0.6147,0.615,2100,2022-04-06 18:59:00,TANH
0.615,0.615,0.6149,0.615,1350,2022-04-06 19:00:00,TANH
0.6149,0.615,0.6149,0.615,5329,2022-04-06 19:01:00,TANH
0.615,0.615,0.6149,0.615,2306,2022-04-06 19:02:00,TANH
0.6149,0.6175,0.6149,0.6175,29203,2022-04-06 19:03:00,TANH
0.61751,0.619899,0.6175,0.6194,37755,2022-04-06 19:04:00,TANH
0.6194,0.6198,0.6171,0.6198,5100,2022-04-06 19:05:00,TANH
0.6198,0.6198,0.6187,0.6195,16517,2022-04-06 19:06:00,TANH
0.6194,0.6194,0.614,0.6186,1327,2022-04-06 19:07:00,TANH
0.614,0.618,0.6138,0.6138,14184,2022-04-06 19:08:00,TANH
0.6138,0.6138,0.6098,0.6098,35000,2022-04-06 19:09:00,TANH
0.6098,0.6098,0.6095,0.6096,3500,2022-04-06 19:10:00,TANH
0.6012,0.6012,0.5932,0.5932,24943,2022-04-06 19:11:00,TANH
0.6,0.6,0.6,0.6,100,2022-04-06 19:12:00,TANH
0.6079,0.6079,0.6079,0.6079,150,2022-04-06 19:13:00,TANH
0.60405,0.6041,0.591,0.603999,8783,2022-04-06 19:14:00,TANH
0.591,0.591,0.59,0.590101,10145,2022-04-06 19:15:00,TANH
0.6041,0.6041,0.604,0.604,1964,2022-04-06 19:17:00,TANH
0.6005,0.6005,0.5911,0.5911,1300,2022-04-06 19:18:00,TANH
0.595551,0.5999,0.595551,0.5998,22900,2022-04-06 19:20:00,TANH
0.5999,0.5999,0.5916,0.5916,21052,2022-04-06 19:21:00,TANH
0.5917,0.5917,0.5917,0.5917,2139,2022-04-06 19:22:00,TANH
0.5999,0.5999,0.5918,0.5918,19943,2022-04-06 19:23:00,TANH
0.6,0.6002,0.5919,0.6002,59300,2022-04-06 19:24:00,TANH
0.605,0.609,0.6033,0.6051,19350,2022-04-06 19:25:00,TANH
0.609,0.61,0.6087,0.609968,41216,2022-04-06 19:26:00,TANH
0.61,0.62,0.6099,0.6199,101697,2022-04-06 19:27:00,TANH
0.6199,0.62,0.61,0.610251,15272,2022-04-06 19:28:00,TANH
0.607221,0.609899,0.5946,0.5946,14263,2022-04-06 19:29:00,TANH
0.5931,0.6099,0.5931,0.6099,200,2022-04-06 19:30:00,TANH
0.6039,0.6099,0.5931,0.5931,16400,2022-04-06 19:31:00,TANH
0.595,0.6045,0.593,0.5931,1238,2022-04-06 19:32:00,TANH
0.6024,0.6024,0.6024,0.6024,1500,2022-04-06 19:33:00,TANH
0.5966,0.608499,0.5946,0.6,7800,2022-04-06 19:34:00,TANH
0.6,0.6,0.5997,0.6,22150,2022-04-06 19:35:00,TANH
0.6,0.6,0.5933,0.59995,51525,2022-04-06 19:36:00,TANH
0.6,0.6,0.5999,0.6,19116,2022-04-06 19:37:00,TANH
0.6,0.6,0.5999,0.6,27174,2022-04-06 19:38:00,TANH
0.5999,0.6,0.5999,0.59995,22261,2022-04-06 19:39:00,TANH
0.5999,0.6,0.5999,0.6,2228,2022-04-06 19:40:00,TANH
0.6,0.6,0.6,0.6,523,2022-04-06 19:41:00,TANH
0.5999,0.5999,0.5931,0.5984,36387,2022-04-06 19:42:00,TANH
0.5999,0.6,0.5999,0.6,9195,2022-04-06 19:43:00,TANH
0.6,0.6,0.6,0.6,17046,2022-04-06 19:44:00,TANH
0.6,0.6,0.5987,0.6,2708,2022-04-06 19:45:00,TANH
0.6,0.6,0.59321,0.59321,3296,2022-04-06 19:46:00,TANH
0.597,0.599,0.597,0.5988,2185,2022-04-06 19:47:00,TANH
0.5971,0.6,0.597,0.5988,1302,2022-04-06 19:48:00,TANH
0.5988,0.599,0.5988,0.599,4145,2022-04-06 19:49:00,TANH
0.599,0.599,0.59745,0.597601,12546,2022-04-06 19:50:00,TANH
0.5978,0.5978,0.59,0.5932,6397,2022-04-06 19:51:00,TANH
0.5934,0.6,0.5934,0.6,70280,2022-04-06 19:52:00,TANH
0.6097,0.6097,0.6001,0.604401,8125,2022-04-06 19:53:00,TANH
0.6037,0.6037,0.6037,0.6037,100,2022-04-06 19:54:00,TANH
0.605,0.605,0.6,0.604899,34033,2022-04-06 19:55:00,TANH
0.6001,0.604599,0.60001,0.601499,17430,2022-04-06 19:56:00,TANH
0.6028,0.6047,0.6001,0.6047,48181,2022-04-06 19:57:00,TANH
0.6083,0.6095,0.6069,0.609,13939,2022-04-06 19:58:00,TANH
0.61,0.62,0.6091,0.6148,41049,2022-04-06 19:59:00,TANH
0.6081,0.6081,0.608,0.608,4262,2022-04-06 20:00:00,TANH
0.608,0.608,0.608,0.608,3500,2022-04-06 20:01:00,TANH
0.608,0.608,0.608,0.608,1300,2022-04-06 20:02:00,TANH
0.61,0.61,0.6,0.6,1800,2022-04-06 20:03:00,TANH
0.618,0.618,0.618,0.618,100,2022-04-06 20:05:00,TANH
0.6,0.6215,0.5999,0.6215,10262,2022-04-06 20:07:00,TANH
0.6,0.6,0.6,0.6,1000,2022-04-06 20:08:00,TANH
0.6,0.6,0.6,0.6,865,2022-04-06 20:09:00,TANH
0.601,0.601,0.5926,0.5926,3882,2022-04-06 20:10:00,TANH
0.5997,0.6,0.5997,0.5998,700,2022-04-06 20:14:00,TANH
0.6,0.6,0.5999,0.6,12302,2022-04-06 20:15:00,TANH
0.6,0.6,0.6,0.6,900,2022-04-06 20:18:00,TANH
0.5956,0.5956,0.5956,0.5956,100,2022-04-06 20:22:00,TANH
0.607,0.607,0.607,0.607,100,2022-04-06 20:24:00,TANH
0.605,0.605,0.605,0.605,160,2022-04-06 20:28:00,TANH
0.5956,0.5956,0.5956,0.5956,602,2022-04-06 20:29:00,TANH
0.6049,0.61,0.575,0.575,63890,2022-04-06 20:30:00,TANH
0.5795,0.599,0.5795,0.599,1604,2022-04-06 20:31:00,TANH
0.5987,0.5987,0.5987,0.5987,1000,2022-04-06 20:32:00,TANH
0.6038,0.6038,0.6038,0.6038,1100,2022-04-06 20:33:00,TANH
0.6082,0.6082,0.6082,0.6082,304,2022-04-06 20:35:00,TANH
0.6079,0.6099,0.6079,0.6099,1628,2022-04-06 20:39:00,TANH
0.5901,0.5901,0.5901,0.5901,1466,2022-04-06 20:46:00,TANH
0.5904,0.6099,0.5904,0.6099,2029,2022-04-06 20:50:00,TANH
0.6063,0.6063,0.6063,0.6063,114,2022-04-06 20:51:00,TANH
0.5911,0.5911,0.5911,0.5911,500,2022-04-06 20:53:00,TANH
0.5916,0.5916,0.5795,0.5795,3000,2022-04-06 20:58:00,TANH
0.5766,0.5766,0.5766,0.5766,800,2022-04-06 20:59:00,TANH
0.5985,0.599,0.5985,0.599,2910,2022-04-06 21:03:00,TANH
0.5795,0.5795,0.5795,0.5795,1107,2022-04-06 21:04:00,TANH
0.6,0.6,0.6,0.6,100,2022-04-06 21:13:00,TANH
0.5999,0.5999,0.5999,0.5999,200,2022-04-06 21:17:00,TANH
0.598,0.598,0.598,0.598,1000,2022-04-06 21:24:00,TANH
0.5999,0.5999,0.5999,0.5999,520,2022-04-06 21:28:00,TANH
0.6,0.6045,0.6,0.6045,3000,2022-04-06 21:30:00,TANH
0.5999,0.5999,0.5999,0.5999,305,2022-04-06 21:31:00,TANH
0.591,0.5999,0.586,0.586,1654,2022-04-06 21:33:00,TANH
0.59,0.59,0.59,0.59,699,2022-04-06 21:34:00,TANH
0.5989,0.599,0.5989,0.599,200,2022-04-06 21:35:00,TANH
0.5975,0.5975,0.5975,0.5975,100,2022-04-06 21:37:00,TANH
0.597,0.597,0.597,0.597,160,2022-04-06 21:41:00,TANH
0.5901,0.5901,0.5825,0.5825,1991,2022-04-06 21:43:00,TANH
0.5813,0.5825,0.5813,0.5825,6740,2022-04-06 21:44:00,TANH
0.5812,0.5812,0.5812,0.5812,27700,2022-04-06 21:46:00,TANH
0.5812,0.5812,0.5812,0.5812,500,2022-04-06 21:47:00,TANH
0.5812,0.5812,0.5812,0.5812,1816,2022-04-06 21:48:00,TANH
0.5812,0.5812,0.5812,0.5812,200,2022-04-06 21:50:00,TANH
0.5826,0.5826,0.5826,0.5826,2000,2022-04-06 21:51:00,TANH
0.583,0.583,0.583,0.583,104,2022-04-06 21:53:00,TANH
0.5812,0.5812,0.5812,0.5812,2000,2022-04-06 21:55:00,TANH
0.5812,0.5812,0.5812,0.5812,841,2022-04-06 21:58:00,TANH
0.5875,0.5875,0.5875,0.5875,5000,2022-04-06 22:11:00,TANH
0.5875,0.5875,0.5874,0.5874,17982,2022-04-06 22:13:00,TANH
0.5875,0.597,0.5875,0.597,396,2022-04-06 22:15:00,TANH
0.597,0.5975,0.597,0.5975,3000,2022-04-06 22:17:00,TANH
0.6,0.6,0.6,0.6,1000,2022-04-06 22:18:00,TANH
0.59,0.5905,0.59,0.5905,2900,2022-04-06 22:23:00,TANH
0.5901,0.5906,0.59,0.59,5071,2022-04-06 22:25:00,TANH
0.5875,0.5875,0.5875,0.5875,1448,2022-04-06 22:26:00,TANH
0.5875,0.5875,0.5875,0.5875,1113,2022-04-06 22:28:00,TANH
0.5875,0.5875,0.5875,0.5875,5039,2022-04-06 22:29:00,TANH
0.5875,0.5875,0.5875,0.5875,1235,2022-04-06 22:34:00,TANH
0.5875,0.5875,0.5875,0.5875,2500,2022-04-06 22:36:00,TANH
0.5876,0.5876,0.5876,0.5876,1000,2022-04-06 22:43:00,TANH
0.59,0.59,0.5875,0.5875,1000,2022-04-06 22:57:00,TANH
0.5875,0.5875,0.5875,0.5875,200,2022-04-06 22:59:00,TANH
0.5875,0.5875,0.5875,0.5875,300,2022-04-06 23:02:00,TANH
0.5875,0.5875,0.5875,0.5875,187,2022-04-06 23:03:00,TANH
0.5875,0.5875,0.5821,0.5821,650,2022-04-06 23:07:00,TANH
0.5816,0.5816,0.5816,0.5816,147,2022-04-06 23:24:00,TANH
0.5893,0.5893,0.5893,0.5893,200,2022-04-06 23:37:00,TANH
0.5999,0.5999,0.5999,0.5999,100,2022-04-06 23:38:00,TANH
0.5999,0.5999,0.5999,0.5999,300,2022-04-06 23:39:00,TANH
0.5999,0.5999,0.5999,0.5999,200,2022-04-06 23:40:00,TANH
0.594,0.594,0.594,0.594,171,2022-04-06 23:51:00,TANH
0.5898,0.5898,0.5898,0.5898,510,2022-04-06 23:57:00,TANH
0.6,0.6,0.6,0.6,100,2022-04-07 08:00:00,TANH
0.6,0.6,0.6,0.6,323,2022-04-07 08:01:00,TANH
0.58,0.58,0.57,0.57,239,2022-04-07 08:06:00,TANH
0.5705,0.5705,0.562,0.562,2000,2022-04-07 08:09:00,TANH
0.584,0.5845,0.584,0.5845,612,2022-04-07 08:10:00,TANH
0.5636,0.5636,0.5621,0.5621,9650,2022-04-07 08:12:00,TANH
0.5636,0.5636,0.5625,0.5625,2250,2022-04-07 08:15:00,TANH
0.5631,0.5631,0.5625,0.5625,10243,2022-04-07 08:19:00,TANH
0.57,0.57,0.565,0.565,1172,2022-04-07 08:27:00,TANH
0.571,0.571,0.5705,0.5705,1100,2022-04-07 08:48:00,TANH
0.5702,0.5702,0.5702,0.5702,290,2022-04-07 08:54:00,TANH
0.575,0.575,0.575,0.575,100,2022-04-07 09:34:00,TANH
0.575,0.575,0.575,0.575,790,2022-04-07 09:35:00,TANH
0.575,0.575,0.575,0.575,100,2022-04-07 09:36:00,TANH
0.5761,0.5839,0.5761,0.5839,914,2022-04-07 09:37:00,TANH
0.5838,0.5866,0.5782,0.5782,3100,2022-04-07 09:38:00,TANH
0.585,0.585,0.5848,0.5848,219,2022-04-07 09:39:00,TANH
0.584,0.5872,0.584,0.5872,5000,2022-04-07 09:40:00,TANH
0.586,0.589,0.586,0.589,5024,2022-04-07 09:42:00,TANH
0.5873,0.5873,0.5873,0.5873,100,2022-04-07 09:44:00,TANH
0.585,0.585,0.585,0.585,100,2022-04-07 09:45:00,TANH
0.585,0.585,0.58,0.58,2000,2022-04-07 09:46:00,TANH
0.5865,0.5865,0.5865,0.5865,100,2022-04-07 09:47:00,TANH
0.5865,0.589,0.5865,0.589,4956,2022-04-07 09:51:00,TANH
0.58,0.58,0.58,0.58,269,2022-04-07 09:54:00,TANH
0.5848,0.5848,0.5848,0.5848,100,2022-04-07 10:00:00,TANH
0.585,0.585,0.58,0.58,633,2022-04-07 10:07:00,TANH
0.5861,0.5888,0.5851,0.5888,469,2022-04-07 10:10:00,TANH
0.5873,0.5873,0.5869,0.5873,300,2022-04-07 10:11:00,TANH
0.5888,0.5895,0.5888,0.5895,555,2022-04-07 10:12:00,TANH
0.5903,0.5903,0.5903,0.5903,145,2022-04-07 10:13:00,TANH
0.595,0.5988,0.595,0.5988,5237,2022-04-07 10:21:00,TANH
0.5913,0.5913,0.5913,0.5913,100,2022-04-07 10:23:00,TANH
0.581,0.581,0.581,0.581,200,2022-04-07 10:24:00,TANH
0.583,0.583,0.581,0.581,533,2022-04-07 10:35:00,TANH
0.589,0.589,0.589,0.589,300,2022-04-07 10:37:00,TANH
0.59,0.59,0.59,0.59,787,2022-04-07 10:39:00,TANH
0.592,0.5988,0.592,0.5925,1770,2022-04-07 10:40:00,TANH
0.6,0.6,0.6,0.6,130,2022-04-07 10:41:00,TANH
0.5933,0.6,0.5933,0.6,1004,2022-04-07 10:47:00,TANH
0.6,0.6,0.6,0.6,110,2022-04-07 10:48:00,TANH
0.6,0.6,0.6,0.6,440,2022-04-07 10:49:00,TANH
0.6016,0.6016,0.6016,0.6016,350,2022-04-07 10:51:00,TANH
0.59,0.59,0.59,0.59,8900,2022-04-07 11:13:00,TANH
0.5827,0.5827,0.57,0.57,25190,2022-04-07 11:14:00,TANH
0.5811,0.5811,0.5811,0.5811,100,2022-04-07 11:15:00,TANH
0.5809,0.5809,0.5805,0.5805,400,2022-04-07 11:16:00,TANH
0.5789,0.5789,0.5725,0.5725,4180,2022-04-07 11:21:00,TANH
0.58,0.58,0.58,0.58,100,2022-04-07 11:29:00,TANH
0.584,0.584,0.584,0.584,100,2022-04-07 11:31:00,TANH
0.5803,0.585,0.5803,0.585,208,2022-04-07 11:34:00,TANH
0.5882,0.5882,0.585,0.585,250,2022-04-07 11:36:00,TANH
0.585,0.585,0.585,0.585,1450,2022-04-07 11:37:00,TANH
0.586,0.586,0.586,0.586,4398,2022-04-07 11:38:00,TANH
0.586,0.586,0.586,0.586,1400,2022-04-07 11:40:00,TANH
0.586,0.586,0.586,0.586,2580,2022-04-07 11:41:00,TANH
0.586,0.586,0.5803,0.5803,3386,2022-04-07 11:44:00,TANH
0.58,0.58,0.58,0.58,100,2022-04-07 11:46:00,TANH
0.5882,0.5882,0.5882,0.5882,100,2022-04-07 11:51:00,TANH
0.588,0.5882,0.5858,0.5858,428,2022-04-07 11:56:00,TANH
0.573,0.573,0.5725,0.5725,680,2022-04-07 11:58:00,TANH
0.575,0.575,0.575,0.575,104,2022-04-07 12:01:00,TANH
0.5726,0.5726,0.5726,0.5726,3218,2022-04-07 12:02:00,TANH
0.5725,0.5725,0.5725,0.5725,545,2022-04-07 12:05:00,TANH
0.5725,0.5731,0.5725,0.5725,2408,2022-04-07 12:06:00,TANH
0.5799,0.5799,0.5712,0.5712,389,2022-04-07 12:11:00,TANH
0.5712,0.5725,0.57,0.5725,1300,2022-04-07 12:13:00,TANH
0.572,0.572,0.57,0.57,1423,2022-04-07 12:14:00,TANH
0.57,0.5725,0.5689,0.5689,6515,2022-04-07 12:15:00,TANH
0.569,0.5725,0.569,0.5725,1300,2022-04-07 12:16:00,TANH
0.57,0.57,0.57,0.57,1350,2022-04-07 12:17:00,TANH
0.57,0.57,0.57,0.57,1395,2022-04-07 12:21:00,TANH
0.569,0.569,0.5674,0.5674,1700,2022-04-07 12:22:00,TANH
0.5674,0.5674,0.5674,0.5674,425,2022-04-07 12:23:00,TANH
0.5675,0.5675,0.5675,0.5675,272,2022-04-07 12:24:00,TANH
0.5675,0.5675,0.5675,0.5675,100,2022-04-07 12:26:00,TANH
0.5675,0.57,0.5674,0.57,699,2022-04-07 12:30:00,TANH
0.5655,0.5655,0.5655,0.5655,924,2022-04-07 12:31:00,TANH
0.5687,0.5687,0.5687,0.5687,193,2022-04-07 12:33:00,TANH
0.5708,0.5708,0.5674,0.5674,2007,2022-04-07 12:35:00,TANH
0.5674,0.5674,0.5674,0.5674,2419,2022-04-07 12:38:00,TANH
0.57,0.57,0.57,0.57,100,2022-04-07 12:45:00,TANH
0.578,0.5794,0.578,0.5794,750,2022-04-07 12:47:00,TANH
0.57,0.5708,0.57,0.57,7916,2022-04-07 12:50:00,TANH
0.5655,0.5655,0.5655,0.5655,100,2022-04-07 12:53:00,TANH
0.5654,0.5655,0.565,0.565,5375,2022-04-07 12:54:00,TANH
0.5651,0.5655,0.5651,0.5655,815,2022-04-07 12:56:00,TANH
0.5691,0.57,0.5691,0.57,650,2022-04-07 12:57:00,TANH
0.57,0.57,0.57,0.57,400,2022-04-07 12:59:00,TANH
0.566,0.566,0.56,0.56,13618,2022-04-07 13:00:00,TANH
0.56,0.5622,0.5512,0.56,12127,2022-04-07 13:01:00,TANH
0.56,0.56,0.56,0.56,461,2022-04-07 13:02:00,TANH
0.56,0.56,0.5552,0.5553,4124,2022-04-07 13:03:00,TANH
0.56,0.56,0.5552,0.5552,5600,2022-04-07 13:04:00,TANH
0.5552,0.5552,0.5552,0.5552,2750,2022-04-07 13:05:00,TANH
0.56,0.56,0.5552,0.5552,8500,2022-04-07 13:06:00,TANH
0.56,0.56,0.5505,0.56,26278,2022-04-07 13:07:00,TANH
0.563,0.5631,0.563,0.5631,700,2022-04-07 13:10:00,TANH
0.5631,0.5631,0.5631,0.5631,175,2022-04-07 13:12:00,TANH
0.5652,0.5652,0.565,0.565,2553,2022-04-07 13:13:00,TANH
0.565,0.565,0.5631,0.5631,4877,2022-04-07 13:14:00,TANH
0.5667,0.5668,0.5667,0.5668,500,2022-04-07 13:15:00,TANH
0.5651,0.5651,0.563,0.563,2100,2022-04-07 13:16:00,TANH
0.563,0.563,0.563,0.563,350,2022-04-07 13:17:00,TANH
0.563,0.565,0.563,0.565,2664,2022-04-07 13:20:00,TANH
0.567,0.5679,0.5668,0.5668,4400,2022-04-07 13:22:00,TANH
0.565,0.57,0.565,0.565,1678,2022-04-07 13:23:00,TANH
0.5699,0.5699,0.5699,0.5699,150,2022-04-07 13:25:00,TANH
0.5668,0.5668,0.5668,0.5668,192,2022-04-07 13:26:00,TANH
0.565,0.565,0.565,0.565,12710,2022-04-07 13:27:00,TANH
0.5651,0.578,0.565,0.565101,47955,2022-04-07 13:30:00,TANH
0.57,0.57,0.5675,0.57,59462,2022-04-07 13:31:00,TANH
0.5694,0.593299,0.5688,0.5688,19883,2022-04-07 13:32:00,TANH
0.5689,0.593199,0.561,0.589999,257252,2022-04-07 13:33:00,TANH
0.5865,0.5865,0.5751,0.576001,48730,2022-04-07 13:34:00,TANH
0.5849,0.5849,0.5651,0.579799,47497,2022-04-07 13:35:00,TANH
0.5651,0.5796,0.55,0.5518,193030,2022-04-07 13:36:00,TANH
0.55,0.557,0.55,0.5542,51729,2022-04-07 13:37:00,TANH
0.5543,0.56,0.55,0.552548,91673,2022-04-07 13:38:00,TANH
0.5596,0.5597,0.5525,0.5597,31780,2022-04-07 13:39:00,TANH
0.5597,0.5665,0.5597,0.56,17849,2022-04-07 13:40:00,TANH
0.56,0.5664,0.56,0.5664,2070,2022-04-07 13:41:00,TANH
0.5601,0.5665,0.557,0.5571,18860,2022-04-07 13:42:00,TANH
0.557,0.5633,0.54,0.5472,132010,2022-04-07 13:43:00,TANH
0.54017,0.5543,0.5401,0.5457,222918,2022-04-07 13:44:00,TANH
0.5457,0.5599,0.5457,0.55,36122,2022-04-07 13:45:00,TANH
0.55,0.559999,0.5451,0.5476,76356,2022-04-07 13:46:00,TANH
0.56,0.56,0.55,0.555,4932,2022-04-07 13:47:00,TANH
0.554899,0.554899,0.5476,0.5476,24273,2022-04-07 13:48:00,TANH
0.5459,0.55,0.5452,0.5499,23861,2022-04-07 13:49:00,TANH
0.5499,0.5595,0.5452,0.559399,14448,2022-04-07 13:50:00,TANH
0.555149,0.5594,0.54,0.5594,31768,2022-04-07 13:51:00,TANH
0.5595,0.5595,0.55,0.5595,4167,2022-04-07 13:52:00,TANH
0.5595,0.5595,0.5595,0.5595,1000,2022-04-07 13:53:00,TANH
0.551,0.5595,0.5509,0.5595,25790,2022-04-07 13:54:00,TANH
0.5551,0.57,0.5548,0.57,80817,2022-04-07 13:56:00,TANH
0.5722,0.58,0.558215,0.5798,22211,2022-04-07 13:57:00,TANH
0.5697,0.5697,0.560001,0.560001,1634,2022-04-07 13:58:00,TANH
0.565,0.567,0.5601,0.567,15774,2022-04-07 13:59:00,TANH
0.566,0.5798,0.566,0.5797,4445,2022-04-07 14:00:00,TANH
0.5699,0.57,0.5699,0.57,700,2022-04-07 14:01:00,TANH
0.56,0.56,0.56,0.56,250,2022-04-07 14:02:00,TANH
0.56,0.57,0.5521,0.569,31965,2022-04-07 14:03:00,TANH
0.5599,0.56,0.553301,0.553301,650,2022-04-07 14:04:00,TANH
0.556601,0.5622,0.5566,0.5622,8986,2022-04-07 14:05:00,TANH
0.5622,0.5622,0.5601,0.5601,1237,2022-04-07 14:06:00,TANH
0.5622,0.5622,0.5622,0.5622,4100,2022-04-07 14:07:00,TANH
0.5601,0.5644,0.5601,0.5602,8200,2022-04-07 14:08:00,TANH
0.5643,0.5644,0.5522,0.5522,16984,2022-04-07 14:09:00,TANH
0.552201,0.5644,0.552201,0.5616,5078,2022-04-07 14:10:00,TANH
0.5639,0.564,0.5525,0.56,27412,2022-04-07 14:11:00,TANH
0.5561,0.5597,0.5561,0.5566,8351,2022-04-07 14:12:00,TANH
0.558,0.558,0.55,0.55,72963,2022-04-07 14:13:00,TANH
0.55,0.55,0.54601,0.54601,10073,2022-04-07 14:14:00,TANH
0.5491,0.55,0.5491,0.549901,10989,2022-04-07 14:15:00,TANH
0.5499,0.55,0.5475,0.5477,15450,2022-04-07 14:16:00,TANH
0.5489,0.55,0.54771,0.55,1200,2022-04-07 14:17:00,TANH
0.5477,0.55,0.5477,0.55,27413,2022-04-07 14:18:00,TANH
0.55,0.5501,0.5488,0.5489,16200,2022-04-07 14:19:00,TANH
0.5501,0.5585,0.55,0.5585,24755,2022-04-07 14:20:00,TANH
0.5585,0.5585,0.5545,0.5555,25297,2022-04-07 14:21:00,TANH
0.552999,0.5554,0.552999,0.5554,1732,2022-04-07 14:22:00,TANH
0.555,0.5555,0.553,0.5555,2895,2022-04-07 14:23:00,TANH
0.555,0.555,0.5505,0.5505,27711,2022-04-07 14:24:00,TANH
0.5505,0.5555,0.5505,0.553001,20842,2022-04-07 14:25:00,TANH
0.5555,0.5555,0.5551,0.5555,12600,2022-04-07 14:26:00,TANH
0.5508,0.5555,0.55,0.5555,34050,2022-04-07 14:27:00,TANH
0.5555,0.5555,0.555,0.5555,8093,2022-04-07 14:28:00,TANH
0.5503,0.5549,0.5503,0.5549,4426,2022-04-07 14:29:00,TANH
0.5503,0.5503,0.5503,0.5503,1000,2022-04-07 14:30:00,TANH
0.5503,0.5549,0.5503,0.5549,200,2022-04-07 14:31:00,TANH
0.5548,0.5549,0.5503,0.5503,24264,2022-04-07 14:32:00,TANH
0.5503,0.5503,0.55,0.5501,25352,2022-04-07 14:33:00,TANH
0.5501,0.5501,0.55,0.5501,20601,2022-04-07 14:34:00,TANH
0.5501,0.555,0.5501,0.555,10445,2022-04-07 14:35:00,TANH
0.550101,0.5515,0.550101,0.5515,24967,2022-04-07 14:36:00,TANH
0.5555,0.5585,0.5554,0.5585,3579,2022-04-07 14:37:00,TANH
0.5597,0.5597,0.559599,0.559599,15720,2022-04-07 14:38:00,TANH
0.556101,0.5597,0.556,0.5561,17900,2022-04-07 14:39:00,TANH
0.5597,0.5597,0.5525,0.5561,22495,2022-04-07 14:40:00,TANH
0.555101,0.559,0.555,0.559,18000,2022-04-07 14:41:00,TANH
0.5589,0.559,0.5519,0.5588,5726,2022-04-07 14:42:00,TANH
0.5519,0.5519,0.5519,0.5519,400,2022-04-07 14:43:00,TANH
0.551801,0.558399,0.551801,0.558399,4000,2022-04-07 14:44:00,TANH
0.558499,0.5585,0.5517,0.5517,13703,2022-04-07 14:45:00,TANH
0.558499,0.558499,0.556119,0.556119,370,2022-04-07 14:46:00,TANH
0.5519,0.5559,0.5519,0.552,5902,2022-04-07 14:47:00,TANH
0.5555,0.5555,0.5517,0.5517,5212,2022-04-07 14:48:00,TANH
0.5518,0.5518,0.5508,0.5512,32564,2022-04-07 14:49:00,TANH
0.5509,0.5585,0.55,0.556,70283,2022-04-07 14:50:00,TANH
0.556,0.556,0.5501,0.554,1213,2022-04-07 14:51:00,TANH
0.5539,0.5539,0.5538,0.5538,5171,2022-04-07 14:52:00,TANH
0.5538,0.553899,0.5503,0.550766,3065,2022-04-07 14:53:00,TANH
0.5508,0.5515,0.55,0.55,73363,2022-04-07 14:54:00,TANH
0.5501,0.5502,0.5477,0.5477,18290,2022-04-07 14:55:00,TANH
0.5481,0.5481,0.5477,0.5477,2500,2022-04-07 14:56:00,TANH
0.5469,0.5469,0.546,0.54605,3365,2022-04-07 14:57:00,TANH
0.5461,0.5461,0.546,0.5461,2929,2022-04-07 14:58:00,TANH
0.5461,0.5461,0.546,0.546,3745,2022-04-07 14:59:00,TANH
0.5461,0.5461,0.54,0.54,26467,2022-04-07 15:00:00,TANH
0.5402,0.5424,0.54,0.54,77061,2022-04-07 15:01:00,TANH
0.5401,0.5401,0.5336,0.53465,106695,2022-04-07 15:02:00,TANH
0.5344,0.535,0.5339,0.534,36048,2022-04-07 15:03:00,TANH
0.534,0.535,0.5339,0.534601,24588,2022-04-07 15:04:00,TANH
0.5346,0.5353,0.5222,0.5321,181368,2022-04-07 15:05:00,TANH
0.5302,0.532,0.524,0.524,52444,2022-04-07 15:06:00,TANH
0.5239,0.53,0.5215,0.5263,89152,2022-04-07 15:07:00,TANH
0.53,0.53,0.525,0.5285,38744,2022-04-07 15:08:00,TANH
0.5285,0.535199,0.5285,0.5301,32911,2022-04-07 15:09:00,TANH
0.5301,0.530499,0.527,0.5286,20509,2022-04-07 15:10:00,TANH
0.5286,0.5286,0.5283,0.5286,6578,2022-04-07 15:11:00,TANH
0.5282,0.5285,0.528,0.528,3199,2022-04-07 15:12:00,TANH
0.5296,0.53,0.528,0.5281,21080,2022-04-07 15:13:00,TANH
0.5281,0.5287,0.5265,0.5265,43414,2022-04-07 15:14:00,TANH
0.5253,0.5261,0.524,0.5241,56855,2022-04-07 15:15:00,TANH
0.5241,0.5241,0.5226,0.5226,49702,2022-04-07 15:16:00,TANH
0.5227,0.5227,0.52,0.52,162353,2022-04-07 15:17:00,TANH
0.5181,0.519899,0.5101,0.513,96972,2022-04-07 15:18:00,TANH
0.512,0.521,0.5109,0.52,75792,2022-04-07 15:19:00,TANH
0.5218,0.5287,0.5182,0.5229,49026,2022-04-07 15:20:00,TANH
0.52,0.5289,0.5182,0.5289,32709,2022-04-07 15:21:00,TANH
0.5288,0.5288,0.523899,0.523899,15342,2022-04-07 15:22:00,TANH
0.5248,0.5248,0.5209,0.524799,7839,2022-04-07 15:23:00,TANH
0.523799,0.5288,0.521,0.5251,31787,2022-04-07 15:24:00,TANH
0.5231,0.5287,0.521101,0.5284,26278,2022-04-07 15:25:00,TANH
0.5263,0.5287,0.522,0.5287,17279,2022-04-07 15:26:00,TANH
0.527,0.5273,0.5252,0.5261,30276,2022-04-07 15:27:00,TANH
0.5255,0.5289,0.5241,0.5289,14916,2022-04-07 15:28:00,TANH
0.528799,0.5289,0.521,0.5224,42548,2022-04-07 15:29:00,TANH
0.5217,0.5239,0.5217,0.5239,4369,2022-04-07 15:30:00,TANH
0.5231,0.525,0.522399,0.522399,7406,2022-04-07 15:31:00,TANH
0.522,0.5221,0.522,0.522,12958,2022-04-07 15:32:00,TANH
0.522,0.522,0.521439,0.521439,3600,2022-04-07 15:33:00,TANH
0.5211,0.5215,0.52,0.5209,50591,2022-04-07 15:34:00,TANH
0.52,0.52076,0.518,0.518,37571,2022-04-07 15:35:00,TANH
0.5166,0.519899,0.5166,0.5174,19798,2022-04-07 15:36:00,TANH
0.5169,0.525,0.5166,0.525,38126,2022-04-07 15:37:00,TANH
0.5226,0.5275,0.5218,0.52475,3637,2022-04-07 15:38:00,TANH
0.5275,0.5275,0.5248,0.5249,3409,2022-04-07 15:39:00,TANH
0.525093,0.5275,0.5249,0.5274,11177,2022-04-07 15:40:00,TANH
0.5262,0.5262,0.525,0.525,21020,2022-04-07 15:41:00,TANH
0.5251,0.5252,0.5251,0.5251,8000,2022-04-07 15:42:00,TANH
0.525,0.525,0.523,0.5231,16036,2022-04-07 15:43:00,TANH
0.524,0.5275,0.524,0.5267,980,2022-04-07 15:44:00,TANH
0.524,0.524,0.5231,0.5233,6067,2022-04-07 15:45:00,TANH
0.5233,0.5233,0.5213,0.5213,18231,2022-04-07 15:46:00,TANH
0.5213,0.5213,0.52,0.52,12064,2022-04-07 15:47:00,TANH
0.52,0.5202,0.516,0.519,108818,2022-04-07 15:48:00,TANH
0.5199,0.521,0.5185,0.5201,17955,2022-04-07 15:49:00,TANH
0.5201,0.5275,0.52,0.5275,18282,2022-04-07 15:50:00,TANH
0.5239,0.5275,0.5239,0.5275,520,2022-04-07 15:51:00,TANH
0.5275,0.529,0.5265,0.5287,14568,2022-04-07 15:52:00,TANH
0.529,0.529,0.5251,0.5251,13900,2022-04-07 15:53:00,TANH
0.5254,0.5289,0.5254,0.5282,3100,2022-04-07 15:54:00,TANH
0.5275,0.529,0.5275,0.529,4027,2022-04-07 15:55:00,TANH
0.529699,0.529699,0.525,0.525,33823,2022-04-07 15:56:00,TANH
0.5247,0.5247,0.52,0.5203,4453,2022-04-07 15:57:00,TANH
0.5203,0.5272,0.5202,0.5222,14440,2022-04-07 15:58:00,TANH
0.5251,0.5272,0.5203,0.5203,9239,2022-04-07 15:59:00,TANH
0.525,0.525,0.525,0.525,3000,2022-04-07 16:00:00,TANH
0.5272,0.5272,0.5251,0.5251,37000,2022-04-07 16:01:00,TANH
0.5261,0.528,0.5261,0.528,28261,2022-04-07 16:02:00,TANH
0.527899,0.528,0.527899,0.528,4100,2022-04-07 16:03:00,TANH
0.5279,0.5294,0.5277,0.5286,9079,2022-04-07 16:04:00,TANH
0.52801,0.5325,0.52801,0.5324,23442,2022-04-07 16:05:00,TANH
0.53,0.5325,0.529,0.5291,55683,2022-04-07 16:06:00,TANH
0.5291,0.5353,0.5291,0.5317,32633,2022-04-07 16:07:00,TANH
0.531,0.5337,0.531,0.531,5500,2022-04-07 16:08:00,TANH
0.5311,0.532,0.5298,0.5298,6256,2022-04-07 16:09:00,TANH
0.5295,0.532,0.5295,0.532,4100,2022-04-07 16:10:00,TANH
0.5319,0.5319,0.5319,0.5319,26300,2022-04-07 16:11:00,TANH
0.532,0.54,0.532,0.532999,60350,2022-04-07 16:12:00,TANH
0.533,0.54,0.533,0.533001,32681,2022-04-07 16:13:00,TANH
0.5388,0.5398,0.533101,0.5398,28329,2022-04-07 16:14:00,TANH
0.5397,0.54,0.539,0.539,32849,2022-04-07 16:15:00,TANH
0.5391,0.5405,0.539,0.539,90738,2022-04-07 16:16:00,TANH
0.537,0.537,0.535,0.5352,5559,2022-04-07 16:17:00,TANH
0.5352,0.5352,0.5351,0.5351,6300,2022-04-07 16:18:00,TANH
0.5351,0.5351,0.5351,0.5351,600,2022-04-07 16:19:00,TANH
0.535201,0.54,0.535201,0.5399,64600,2022-04-07 16:20:00,TANH
0.5399,0.5399,0.5351,0.5351,7291,2022-04-07 16:21:00,TANH
0.5359,0.5398,0.5359,0.5398,6058,2022-04-07 16:22:00,TANH
0.5355,0.5398,0.5351,0.5364,12149,2022-04-07 16:23:00,TANH
0.5397,0.5398,0.5374,0.5375,14707,2022-04-07 16:24:00,TANH
0.5375,0.5397,0.533,0.5397,19929,2022-04-07 16:25:00,TANH
0.5377,0.538499,0.5377,0.53789,5500,2022-04-07 16:26:00,TANH
0.5378,0.5378,0.5378,0.5378,1956,2022-04-07 16:27:00,TANH
0.5378,0.5378,0.5376,0.5376,15929,2022-04-07 16:30:00,TANH
0.5376,0.53769,0.5376,0.5376,1681,2022-04-07 16:31:00,TANH
0.5376,0.5376,0.5376,0.5376,3100,2022-04-07 16:32:00,TANH
0.5377,0.5377,0.5376,0.5376,996,2022-04-07 16:33:00,TANH
0.5376,0.5376,0.535,0.5358,17028,2022-04-07 16:35:00,TANH
0.5351,0.5351,0.5212,0.5322,31913,2022-04-07 16:36:00,TANH
0.5306,0.5306,0.53019,0.5302,2730,2022-04-07 16:37:00,TANH
0.5302,0.5302,0.530198,0.530198,21308,2022-04-07 16:38:00,TANH
0.5302,0.5339,0.530198,0.5339,5450,2022-04-07 16:39:00,TANH
0.5377,0.5377,0.5302,0.5302,20300,2022-04-07 16:40:00,TANH
0.537699,0.537699,0.537281,0.537281,2796,2022-04-07 16:41:00,TANH
0.5311,0.5311,0.53,0.5306,9674,2022-04-07 16:42:00,TANH
0.5359,0.5359,0.53,0.5308,28950,2022-04-07 16:44:00,TANH
0.531001,0.531001,0.531001,0.531001,9278,2022-04-07 16:47:00,TANH
0.534,0.534,0.5335,0.5335,480,2022-04-07 16:48:00,TANH
0.533,0.5359,0.53,0.5359,23400,2022-04-07 16:49:00,TANH
0.530301,0.533151,0.530301,0.533151,1105,2022-04-07 16:50:00,TANH
0.5332,0.5359,0.5302,0.5359,8178,2022-04-07 16:51:00,TANH
0.5359,0.5359,0.5323,0.5359,16350,2022-04-07 16:52:00,TANH
0.5359,0.5359,0.5358,0.5358,3442,2022-04-07 16:53:00,TANH
0.5359,0.5359,0.5358,0.5359,2510,2022-04-07 16:54:00,TANH
0.5358,0.5358,0.53,0.530201,18642,2022-04-07 16:55:00,TANH
0.5301,0.530101,0.5301,0.530101,400,2022-04-07 16:56:00,TANH
0.5377,0.5377,0.5305,0.5305,2200,2022-04-07 16:57:00,TANH
0.531,0.531,0.531,0.531,3856,2022-04-07 16:58:00,TANH
0.5306,0.5306,0.5306,0.5306,1000,2022-04-07 16:59:00,TANH
0.5301,0.5302,0.5301,0.5302,1100,2022-04-07 17:00:00,TANH
0.5306,0.5306,0.53,0.53,2600,2022-04-07 17:01:00,TANH
0.5301,0.5301,0.5301,0.5301,1000,2022-04-07 17:02:00,TANH
0.5301,0.5301,0.53,0.5301,6400,2022-04-07 17:03:00,TANH
0.5301,0.5301,0.53001,0.53001,13200,2022-04-07 17:04:00,TANH
0.53,0.5301,0.526999,0.526999,11097,2022-04-07 17:05:00,TANH
0.5265,0.528049,0.5262,0.526498,11808,2022-04-07 17:06:00,TANH
0.529499,0.529499,0.529,0.529098,7685,2022-04-07 17:07:00,TANH
0.53,0.53,0.5294,0.5294,1020,2022-04-07 17:08:00,TANH
0.5292,0.529899,0.5291,0.5291,6390,2022-04-07 17:09:00,TANH
0.529,0.529,0.529,0.529,200,2022-04-07 17:10:00,TANH
0.5291,0.5311,0.5291,0.5311,11136,2022-04-07 17:11:00,TANH
0.5311,0.5377,0.5311,0.534,3915,2022-04-07 17:12:00,TANH
0.531,0.531,0.53,0.5305,23735,2022-04-07 17:13:00,TANH
0.5301,0.5302,0.53,0.5301,2280,2022-04-07 17:14:00,TANH
0.5301,0.5301,0.5301,0.5301,350,2022-04-07 17:15:00,TANH
0.53,0.5301,0.53,0.53005,4860,2022-04-07 17:16:00,TANH
0.53,0.5301,0.53,0.5301,1175,2022-04-07 17:17:00,TANH
0.53,0.5301,0.5215,0.5215,89163,2022-04-07 17:18:00,TANH
0.5225,0.5235,0.5224,0.5235,7897,2022-04-07 17:19:00,TANH
0.5255,0.5255,0.5254,0.5254,6000,2022-04-07 17:20:00,TANH
0.5254,0.5255,0.525399,0.525399,8400,2022-04-07 17:22:00,TANH
0.5255,0.5316,0.5255,0.5256,5043,2022-04-07 17:23:00,TANH
0.5257,0.5316,0.5257,0.5301,20300,2022-04-07 17:24:00,TANH
0.53,0.5302,0.53,0.53,15910,2022-04-07 17:25:00,TANH
0.53,0.5301,0.53,0.5301,2635,2022-04-07 17:26:00,TANH
0.53,0.5301,0.53,0.5301,2552,2022-04-07 17:27:00,TANH
0.5301,0.5301,0.5258,0.5273,4787,2022-04-07 17:29:00,TANH
0.5254,0.5258,0.525,0.5252,9093,2022-04-07 17:30:00,TANH
0.5251,0.54,0.5251,0.54,61989,2022-04-07 17:31:00,TANH
0.54,0.54,0.54,0.54,280,2022-04-07 17:32:00,TANH
0.5301,0.5301,0.53,0.53,400,2022-04-07 17:33:00,TANH
0.5314,0.5314,0.5314,0.5314,3000,2022-04-07 17:34:00,TANH
0.538315,0.538315,0.5383,0.5383,2200,2022-04-07 17:35:00,TANH
0.5342,0.5342,0.5342,0.5342,797,2022-04-07 17:36:00,TANH
0.537029,0.537029,0.5351,0.5351,300,2022-04-07 17:37:00,TANH
0.5383,0.5383,0.536,0.536,14921,2022-04-07 17:38:00,TANH
0.530101,0.530101,0.5301,0.5301,7781,2022-04-07 17:39:00,TANH
0.53,0.5301,0.53,0.5301,3600,2022-04-07 17:40:00,TANH
0.533001,0.533001,0.532,0.532,1500,2022-04-07 17:41:00,TANH
0.5317,0.5317,0.531499,0.531499,900,2022-04-07 17:42:00,TANH
0.5315,0.533,0.53,0.533,2900,2022-04-07 17:43:00,TANH
0.53,0.53,0.53,0.53,240,2022-04-07 17:44:00,TANH
0.5306,0.5306,0.5305,0.5305,8929,2022-04-07 17:45:00,TANH
0.530501,0.535494,0.53,0.53,18423,2022-04-07 17:46:00,TANH
0.532899,0.532899,0.53,0.53,17866,2022-04-07 17:47:00,TANH
0.525,0.5255,0.525,0.525,11316,2022-04-07 17:48:00,TANH
0.525,0.5263,0.525,0.5251,9800,2022-04-07 17:49:00,TANH
0.5256,0.5302,0.525,0.5302,3655,2022-04-07 17:50:00,TANH
0.531,0.531,0.527,0.527,4200,2022-04-07 17:51:00,TANH
0.5283,0.5283,0.5283,0.5283,420,2022-04-07 17:52:00,TANH
0.5279,0.5279,0.5279,0.5279,1250,2022-04-07 17:53:00,TANH
0.5279,0.5279,0.526949,0.526949,4300,2022-04-07 17:54:00,TANH
0.5261,0.527605,0.526,0.527605,2650,2022-04-07 17:55:00,TANH
0.5261,0.5261,0.5261,0.5261,2350,2022-04-07 17:57:00,TANH
0.5261,0.5261,0.5261,0.5261,600,2022-04-07 17:58:00,TANH
0.5261,0.5261,0.5261,0.5261,1039,2022-04-07 17:59:00,TANH
0.5261,0.5261,0.5255,0.5255,2751,2022-04-07 18:00:00,TANH
0.5256,0.528,0.5253,0.5258,33586,2022-04-07 18:01:00,TANH
0.5259,0.5259,0.5251,0.5251,3056,2022-04-07 18:02:00,TANH
0.525,0.5261,0.5237,0.524,5538,2022-04-07 18:03:00,TANH
0.524,0.5264,0.5225,0.5264,45371,2022-04-07 18:04:00,TANH
0.5252,0.5252,0.525,0.525,1317,2022-04-07 18:05:00,TANH
0.5251,0.5271,0.5251,0.5251,19813,2022-04-07 18:06:00,TANH
0.5251,0.5251,0.524,0.525,22434,2022-04-07 18:07:00,TANH
0.529,0.529,0.526,0.526,17233,2022-04-07 18:08:00,TANH
0.535,0.54,0.5323,0.536,15130,2022-04-07 18:09:00,TANH
0.5335,0.539,0.5289,0.538699,5820,2022-04-07 18:10:00,TANH
0.5289,0.5289,0.5289,0.5289,102,2022-04-07 18:11:00,TANH
0.5301,0.5301,0.53,0.53,15200,2022-04-07 18:12:00,TANH
0.530101,0.532001,0.53,0.532001,8000,2022-04-07 18:13:00,TANH
0.534,0.534,0.534,0.534,15300,2022-04-07 18:14:00,TANH
0.534,0.534,0.53,0.53,20530,2022-04-07 18:15:00,TANH
0.53,0.53,0.5287,0.5287,400,2022-04-07 18:16:00,TANH
0.5276,0.531,0.5276,0.5277,21584,2022-04-07 18:17:00,TANH
0.5277,0.53,0.5277,0.53,1200,2022-04-07 18:18:00,TANH
0.53,0.53,0.5277,0.5288,4996,2022-04-07 18:19:00,TANH
0.53325,0.53325,0.53325,0.53325,102,2022-04-07 18:20:00,TANH
0.5318,0.5318,0.5318,0.5318,716,2022-04-07 18:24:00,TANH
0.5301,0.5301,0.5299,0.53,6778,2022-04-07 18:25:00,TANH
0.5291,0.5292,0.5291,0.5292,1200,2022-04-07 18:26:00,TANH
0.5293,0.5293,0.5293,0.5293,150,2022-04-07 18:27:00,TANH
0.5293,0.5293,0.529,0.529,300,2022-04-07 18:28:00,TANH
0.52915,0.52915,0.52915,0.52915,109,2022-04-07 18:29:00,TANH
0.5291,0.529499,0.5291,0.5292,3496,2022-04-07 18:30:00,TANH
0.529,0.5291,0.5263,0.5271,1364,2022-04-07 18:31:00,TANH
0.5287,0.529,0.524,0.524,18044,2022-04-07 18:33:00,TANH
0.5241,0.5241,0.524,0.5241,9379,2022-04-07 18:34:00,TANH
0.5241,0.5255,0.5241,0.5255,3487,2022-04-07 18:35:00,TANH
0.5299,0.53,0.524101,0.53,4727,2022-04-07 18:36:00,TANH
0.5282,0.5299,0.5211,0.5218,7071,2022-04-07 18:37:00,TANH
0.5247,0.5247,0.5247,0.5247,2529,2022-04-07 18:38:00,TANH
0.5205,0.5249,0.5205,0.5249,3317,2022-04-07 18:41:00,TANH
0.525,0.525,0.525,0.525,700,2022-04-07 18:42:00,TANH
0.5299,0.535,0.523,0.5285,150931,2022-04-07 18:43:00,TANH
0.5257,0.5257,0.523,0.523,983,2022-04-07 18:44:00,TANH
0.528501,0.53,0.528501,0.53,3301,2022-04-07 18:45:00,TANH
0.526499,0.526499,0.526499,0.526499,100,2022-04-07 18:46:00,TANH
0.523,0.53,0.523,0.53,14452,2022-04-07 18:47:00,TANH
0.523,0.523,0.523,0.523,1030,2022-04-07 18:48:00,TANH
0.528,0.528,0.523,0.525,14315,2022-04-07 18:49:00,TANH
0.523,0.525,0.522,0.525,29851,2022-04-07 18:50:00,TANH
0.525,0.525,0.524899,0.524899,1600,2022-04-07 18:51:00,TANH
0.525,0.525,0.5231,0.5234,6048,2022-04-07 18:52:00,TANH
0.5235,0.5235,0.522,0.522,20083,2022-04-07 18:53:00,TANH
0.5221,0.523,0.522096,0.5225,3700,2022-04-07 18:54:00,TANH
0.522,0.5224,0.5215,0.5224,5053,2022-04-07 18:55:00,TANH
0.5222,0.5231,0.5222,0.5231,22575,2022-04-07 18:56:00,TANH
0.534,0.534,0.5242,0.5242,1140,2022-04-07 18:57:00,TANH
0.524,0.524,0.5231,0.5231,15988,2022-04-07 18:58:00,TANH
0.525,0.534,0.525,0.534,21500,2022-04-07 18:59:00,TANH
0.5251,0.528,0.5251,0.527899,16500,2022-04-07 19:00:00,TANH
0.528,0.528,0.525749,0.525749,496,2022-04-07 19:01:00,TANH
0.523601,0.523601,0.523601,0.523601,1000,2022-04-07 19:02:00,TANH
0.5242,0.5242,0.524,0.524,899,2022-04-07 19:03:00,TANH
0.5237,0.5239,0.5235,0.5239,8083,2022-04-07 19:04:00,TANH
0.5237,0.5339,0.5236,0.5251,27108,2022-04-07 19:05:00,TANH
0.5243,0.5249,0.5223,0.5223,24798,2022-04-07 19:06:00,TANH
0.5226,0.5226,0.5221,0.5221,27788,2022-04-07 19:07:00,TANH
0.5221,0.527,0.5215,0.524049,86295,2022-04-07 19:08:00,TANH
0.5239,0.5267,0.5221,0.5228,56796,2022-04-07 19:09:00,TANH
0.5225,0.522599,0.5221,0.5224,28798,2022-04-07 19:10:00,TANH
0.5248,0.5248,0.5224,0.5248,117230,2022-04-07 19:11:00,TANH
0.523,0.5248,0.5229,0.5232,71480,2022-04-07 19:12:00,TANH
0.523,0.5232,0.523,0.5231,6702,2022-04-07 19:13:00,TANH
0.523,0.5248,0.522701,0.5229,26919,2022-04-07 19:14:00,TANH
0.522501,0.523,0.5208,0.523,42264,2022-04-07 19:15:00,TANH
0.5218,0.5246,0.5206,0.5209,9059,2022-04-07 19:16:00,TANH
0.5213,0.5213,0.5213,0.5213,100,2022-04-07 19:17:00,TANH
0.520901,0.520901,0.520901,0.520901,1720,2022-04-07 19:18:00,TANH
0.522,0.5236,0.522,0.522,4200,2022-04-07 19:19:00,TANH
0.5221,0.5243,0.5221,0.5228,4814,2022-04-07 19:20:00,TANH
0.5243,0.5243,0.5243,0.5243,100,2022-04-07 19:21:00,TANH
0.5224,0.523,0.5224,0.523,6160,2022-04-07 19:22:00,TANH
0.5229,0.5229,0.513,0.522699,290677,2022-04-07 19:23:00,TANH
0.515,0.5194,0.515,0.5194,6298,2022-04-07 19:24:00,TANH
0.5187,0.5195,0.518001,0.5188,21011,2022-04-07 19:25:00,TANH
0.51915,0.5195,0.5188,0.5188,2431,2022-04-07 19:26:00,TANH
0.5189,0.5189,0.513,0.5131,19771,2022-04-07 19:27:00,TANH
0.513,0.5189,0.513,0.5189,31340,2022-04-07 19:28:00,TANH
0.513,0.519,0.513,0.517,7458,2022-04-07 19:29:00,TANH
0.515,0.519,0.5111,0.5129,21053,2022-04-07 19:30:00,TANH
0.513,0.517,0.5129,0.517,5428,2022-04-07 19:31:00,TANH
0.517,0.517,0.513201,0.5149,8960,2022-04-07 19:32:00,TANH
0.515,0.5151,0.514099,0.514099,6999,2022-04-07 19:33:00,TANH
0.513831,0.5149,0.513,0.5142,33003,2022-04-07 19:34:00,TANH
0.515,0.515,0.5133,0.5142,49909,2022-04-07 19:35:00,TANH
0.514101,0.5149,0.514,0.514098,53050,2022-04-07 19:36:00,TANH
0.5141,0.517,0.514,0.5154,4630,2022-04-07 19:37:00,TANH
0.51411,0.5195,0.513,0.5131,33953,2022-04-07 19:38:00,TANH
0.5133,0.5133,0.51315,0.51315,599,2022-04-07 19:39:00,TANH
0.5132,0.5139,0.5125,0.5126,34813,2022-04-07 19:40:00,TANH
0.5126,0.514,0.5036,0.5036,221628,2022-04-07 19:41:00,TANH
0.5043,0.5043,0.5,0.5007,178922,2022-04-07 19:42:00,TANH
0.5011,0.5128,0.5011,0.5069,30097,2022-04-07 19:43:00,TANH
0.5069,0.511,0.5056,0.5074,29554,2022-04-07 19:44:00,TANH
0.5061,0.507299,0.503,0.504,48234,2022-04-07 19:45:00,TANH
0.50495,0.5063,0.503,0.5062,45574,2022-04-07 19:46:00,TANH
0.5051,0.5085,0.5051,0.5071,56000,2022-04-07 19:47:00,TANH
0.5076,0.509369,0.5064,0.5079,12250,2022-04-07 19:48:00,TANH
0.5077,0.5099,0.5077,0.5091,10600,2022-04-07 19:49:00,TANH
0.5099,0.5099,0.508,0.5085,30256,2022-04-07 19:50:00,TANH
0.5117,0.5117,0.5085,0.5085,12953,2022-04-07 19:51:00,TANH
0.5084,0.5085,0.508,0.5081,39578,2022-04-07 19:52:00,TANH
0.508,0.51,0.5055,0.51,31957,2022-04-07 19:53:00,TANH
0.5101,0.515,0.51,0.515,26565,2022-04-07 19:54:00,TANH
0.518699,0.518699,0.514,0.515899,43753,2022-04-07 19:55:00,TANH
0.515,0.527,0.514799,0.527,124080,2022-04-07 19:56:00,TANH
0.5179,0.5242,0.5178,0.5199,21397,2022-04-07 19:57:00,TANH
0.5198,0.5198,0.51,0.5195,125003,2022-04-07 19:58:00,TANH
0.5151,0.5179,0.51101,0.5179,23539,2022-04-07 19:59:00,TANH
0.518,0.518,0.515,0.515,10352,2022-04-07 20:00:00,TANH
0.515,0.515,0.5147,0.5147,2200,2022-04-07 20:01:00,TANH
0.515,0.515,0.515,0.515,200,2022-04-07 20:03:00,TANH
0.5147,0.517,0.511,0.511,13485,2022-04-07 20:04:00,TANH
0.511,0.517,0.511,0.517,7397,2022-04-07 20:05:00,TANH
0.5179,0.5179,0.5179,0.5179,1000,2022-04-07 20:07:00,TANH
0.518,0.518,0.511,0.511,15800,2022-04-07 20:08:00,TANH
0.511,0.511,0.511,0.511,233,2022-04-07 20:10:00,TANH
0.5111,0.5111,0.5111,0.5111,307,2022-04-07 20:13:00,TANH
0.5117,0.5117,0.5111,0.5111,3000,2022-04-07 20:15:00,TANH
0.5179,0.5179,0.5179,0.5179,1800,2022-04-07 20:21:00,TANH
0.517,0.5179,0.517,0.5179,1287,2022-04-07 20:22:00,TANH
0.515,0.5179,0.515,0.5179,11700,2022-04-07 20:24:00,TANH
0.5179,0.5179,0.5179,0.5179,4909,2022-04-07 20:26:00,TANH
0.5112,0.5112,0.5112,0.5112,400,2022-04-07 20:28:00,TANH
0.518,0.5195,0.518,0.5195,3000,2022-04-07 20:29:00,TANH
0.5195,0.5195,0.5195,0.5195,500,2022-04-07 20:30:00,TANH
0.515,0.515,0.515,0.515,599,2022-04-07 20:31:00,TANH
0.5195,0.5195,0.5195,0.5195,5000,2022-04-07 20:32:00,TANH
0.5195,0.5195,0.5195,0.5195,250,2022-04-07 20:33:00,TANH
0.52,0.52,0.5114,0.5114,28326,2022-04-07 20:38:00,TANH
0.5114,0.5225,0.5114,0.5114,1630,2022-04-07 20:39:00,TANH
0.52,0.52,0.52,0.52,1100,2022-04-07 20:40:00,TANH
0.5195,0.5196,0.5114,0.517,10649,2022-04-07 20:41:00,TANH
0.517,0.517,0.517,0.517,100,2022-04-07 20:42:00,TANH
0.5169,0.5169,0.5169,0.5169,5000,2022-04-07 20:45:00,TANH
0.5169,0.5169,0.5169,0.5169,1600,2022-04-07 20:46:00,TANH
0.516,0.5161,0.511,0.511,4900,2022-04-07 20:49:00,TANH
0.51,0.511,0.51,0.511,4220,2022-04-07 20:50:00,TANH
0.511,0.511,0.5101,0.511,8090,2022-04-07 20:51:00,TANH
0.5101,0.5101,0.5101,0.5101,200,2022-04-07 20:52:00,TANH
0.512,0.512,0.512,0.512,8500,2022-04-07 20:53:00,TANH
0.512,0.5183,0.512,0.5183,2429,2022-04-07 20:56:00,TANH
0.5101,0.5101,0.5053,0.5053,2721,2022-04-07 20:58:00,TANH
0.5061,0.5061,0.5061,0.5061,4750,2022-04-07 20:59:00,TANH
0.5119,0.512,0.5119,0.512,1100,2022-04-07 21:04:00,TANH
0.512,0.512,0.508,0.508,5150,2022-04-07 21:05:00,TANH
0.512,0.512,0.512,0.512,200,2022-04-07 21:07:00,TANH
0.512,0.512,0.5075,0.5075,7937,2022-04-07 21:12:00,TANH
0.512,0.512,0.512,0.512,100,2022-04-07 21:17:00,TANH
0.512,0.512,0.512,0.512,300,2022-04-07 21:24:00,TANH
0.512,0.512,0.512,0.512,100,2022-04-07 21:25:00,TANH
0.512,0.512,0.512,0.512,108,2022-04-07 21:26:00,TANH
0.512,0.512,0.512,0.512,3000,2022-04-07 21:27:00,TANH
0.512,0.512,0.512,0.512,195,2022-04-07 21:28:00,TANH
0.512,0.512,0.512,0.512,2468,2022-04-07 21:30:00,TANH
0.512,0.512,0.512,0.512,786,2022-04-07 21:31:00,TANH
0.512,0.512,0.512,0.512,170,2022-04-07 21:33:00,TANH
0.512,0.512,0.512,0.512,2700,2022-04-07 21:34:00,TANH
0.5103,0.5103,0.5103,0.5103,235,2022-04-07 21:35:00,TANH
0.512,0.512,0.512,0.512,2000,2022-04-07 21:36:00,TANH
0.512,0.512,0.512,0.512,1000,2022-04-07 21:37:00,TANH
0.512,0.512,0.512,0.512,2054,2022-04-07 21:38:00,TANH
0.5103,0.512,0.5103,0.512,2000,2022-04-07 21:39:00,TANH
0.5103,0.512,0.5103,0.512,10095,2022-04-07 21:40:00,TANH
0.515,0.515,0.515,0.515,250,2022-04-07 21:44:00,TANH
0.5194,0.5194,0.5194,0.5194,1000,2022-04-07 21:47:00,TANH
0.512,0.5121,0.51,0.5101,47030,2022-04-07 21:52:00,TANH
0.511,0.511,0.51,0.51,13910,2022-04-07 21:53:00,TANH
0.5194,0.5194,0.51,0.51,3200,2022-04-07 21:54:00,TANH
0.5101,0.5102,0.5101,0.5102,200,2022-04-07 22:00:00,TANH
0.5178,0.5178,0.5178,0.5178,1000,2022-04-07 22:07:00,TANH
0.517,0.517,0.517,0.517,250,2022-04-07 22:11:00,TANH
0.517,0.517,0.517,0.517,250,2022-04-07 22:13:00,TANH
0.5169,0.5169,0.5169,0.5169,100,2022-04-07 22:23:00,TANH
0.5169,0.5169,0.5169,0.5169,300,2022-04-07 22:24:00,TANH
0.5169,0.5169,0.5169,0.5169,609,2022-04-07 22:29:00,TANH
0.5169,0.5169,0.5169,0.5169,1000,2022-04-07 22:41:00,TANH
0.5169,0.5169,0.5169,0.5169,101,2022-04-07 22:46:00,TANH
0.5169,0.5169,0.5169,0.5169,101,2022-04-07 22:47:00,TANH
0.5169,0.5169,0.5104,0.5104,11295,2022-04-07 22:48:00,TANH
0.5104,0.5104,0.5104,0.5104,100,2022-04-07 22:54:00,TANH
0.5169,0.5169,0.5169,0.5169,101,2022-04-07 23:06:00,TANH
0.5169,0.5169,0.5169,0.5169,101,2022-04-07 23:09:00,TANH
0.5169,0.5169,0.5169,0.5169,4000,2022-04-07 23:12:00,TANH
0.515,0.515,0.515,0.515,169,2022-04-07 23:17:00,TANH
0.5104,0.5104,0.5104,0.5104,966,2022-04-07 23:20:00,TANH
0.5104,0.5104,0.5104,0.5104,1000,2022-04-07 23:25:00,TANH
0.5104,0.5104,0.5104,0.5104,1400,2022-04-07 23:26:00,TANH
0.5102,0.5102,0.5102,0.5102,900,2022-04-07 23:30:00,TANH
0.514,0.514,0.514,0.514,101,2022-04-07 23:34:00,TANH
0.511,0.511,0.511,0.511,1500,2022-04-07 23:40:00,TANH
0.511,0.5138,0.511,0.5138,2145,2022-04-07 23:46:00,TANH
0.5108,0.5108,0.5102,0.5102,1500,2022-04-07 23:50:00,TANH
0.5102,0.5102,0.5102,0.5102,100,2022-04-07 23:58:00,TANH
0.5134,0.5135,0.5129,0.5129,5497,2022-04-08 08:05:00,TANH
0.5137,0.5178,0.5137,0.5178,5500,2022-04-08 08:12:00,TANH
0.5135,0.5135,0.5135,0.5135,926,2022-04-08 08:19:00,TANH
0.511,0.511,0.5,0.5,21232,2022-04-08 08:25:00,TANH
0.5011,0.5011,0.5,0.5,7898,2022-04-08 08:26:00,TANH
0.4976,0.4976,0.4974,0.4974,2900,2022-04-08 08:27:00,TANH
0.501,0.501,0.501,0.501,466,2022-04-08 08:30:00,TANH
0.5059,0.5059,0.5018,0.505,1080,2022-04-08 08:40:00,TANH
0.505,0.505,0.5,0.5,6700,2022-04-08 08:43:00,TANH
0.509,0.509,0.509,0.509,1000,2022-04-08 08:48:00,TANH
0.509,0.509,0.509,0.509,100,2022-04-08 08:49:00,TANH
0.508,0.508,0.508,0.508,392,2022-04-08 08:56:00,TANH
0.5008,0.5008,0.5,0.5,4899,2022-04-08 09:00:00,TANH
0.5008,0.5008,0.5004,0.5004,1000,2022-04-08 09:06:00,TANH
0.5,0.5,0.5,0.5,3000,2022-04-08 09:11:00,TANH
0.4975,0.4975,0.4975,0.4975,2100,2022-04-08 09:15:00,TANH
0.4974,0.4974,0.4974,0.4974,713,2022-04-08 09:16:00,TANH
0.4975,0.4975,0.4974,0.4974,356,2022-04-08 09:18:00,TANH
0.4974,0.4974,0.4974,0.4974,200,2022-04-08 09:21:00,TANH
0.498,0.515,0.498,0.515,3039,2022-04-08 09:27:00,TANH
0.4983,0.4983,0.4983,0.4983,100,2022-04-08 09:45:00,TANH
0.4983,0.4983,0.498,0.498,4387,2022-04-08 09:46:00,TANH
0.498,0.498,0.498,0.498,527,2022-04-08 09:50:00,TANH
0.5078,0.5078,0.5078,0.5078,150,2022-04-08 09:51:00,TANH
0.498,0.498,0.4967,0.497,25367,2022-04-08 10:01:00,TANH
0.4923,0.4923,0.492,0.492,1000,2022-04-08 10:05:00,TANH
0.492,0.492,0.49,0.49,10000,2022-04-08 10:06:00,TANH
0.49,0.49,0.49,0.49,200,2022-04-08 10:09:00,TANH
0.4918,0.4918,0.4901,0.4901,1000,2022-04-08 10:12:00,TANH
0.492,0.492,0.492,0.492,600,2022-04-08 10:15:00,TANH
0.4901,0.4901,0.49,0.49,3600,2022-04-08 10:16:00,TANH
0.49,0.4901,0.49,0.4901,714,2022-04-08 10:17:00,TANH
0.4966,0.497,0.4966,0.497,2586,2022-04-08 10:18:00,TANH
0.4915,0.4915,0.4915,0.4915,461,2022-04-08 10:20:00,TANH
0.4972,0.4973,0.4972,0.4973,1228,2022-04-08 10:35:00,TANH
0.4973,0.4973,0.4973,0.4973,1600,2022-04-08 10:49:00,TANH
0.4973,0.4973,0.4973,0.4973,600,2022-04-08 10:51:00,TANH
0.4973,0.4973,0.4973,0.4973,100,2022-04-08 10:52:00,TANH
0.4973,0.4973,0.4973,0.4973,1000,2022-04-08 10:54:00,TANH
0.507,0.507,0.507,0.507,100,2022-04-08 10:55:00,TANH
0.507,0.507,0.507,0.507,100,2022-04-08 10:56:00,TANH
0.5001,0.5001,0.5001,0.5001,1000,2022-04-08 11:04:00,TANH
0.5001,0.5001,0.4973,0.4973,1600,2022-04-08 11:10:00,TANH
0.4973,0.4973,0.4973,0.4973,256,2022-04-08 11:11:00,TANH
0.5001,0.5001,0.5001,0.5001,100,2022-04-08 11:16:00,TANH
0.5,0.5,0.5,0.5,900,2022-04-08 11:17:00,TANH
0.5087,0.5087,0.5048,0.5068,5950,2022-04-08 11:19:00,TANH
0.5068,0.507,0.5068,0.507,8190,2022-04-08 11:21:00,TANH
0.5085,0.5085,0.5085,0.5085,600,2022-04-08 11:22:00,TANH
0.5085,0.5085,0.5085,0.5085,600,2022-04-08 11:24:00,TANH
0.5086,0.5086,0.5086,0.5086,400,2022-04-08 11:26:00,TANH
0.5085,0.5085,0.5085,0.5085,1000,2022-04-08 11:29:00,TANH
0.5087,0.5087,0.5087,0.5087,100,2022-04-08 11:30:00,TANH
0.5087,0.5088,0.5087,0.5088,4266,2022-04-08 11:33:00,TANH
0.5088,0.51,0.5088,0.51,1686,2022-04-08 11:34:00,TANH
0.5199,0.5199,0.5199,0.5199,100,2022-04-08 11:39:00,TANH
0.509,0.509,0.509,0.509,100,2022-04-08 11:43:00,TANH
0.5086,0.5086,0.5085,0.5085,2100,2022-04-08 11:44:00,TANH
0.508,0.508,0.508,0.508,100,2022-04-08 11:45:00,TANH
0.508,0.508,0.508,0.508,400,2022-04-08 11:46:00,TANH
0.5084,0.5085,0.5084,0.5085,200,2022-04-08 11:50:00,TANH
0.51,0.51,0.51,0.51,1000,2022-04-08 11:53:00,TANH
0.51,0.51,0.51,0.51,200,2022-04-08 11:54:00,TANH
0.5102,0.5102,0.5102,0.5102,100,2022-04-08 11:59:00,TANH
0.5102,0.5102,0.5102,0.5102,100,2022-04-08 12:01:00,TANH
0.5102,0.5102,0.51,0.51,2561,2022-04-08 12:04:00,TANH
0.51,0.51,0.51,0.51,500,2022-04-08 12:05:00,TANH
0.51,0.51,0.51,0.51,7100,2022-04-08 12:06:00,TANH
0.51,0.51,0.51,0.51,103,2022-04-08 12:08:00,TANH
0.51,0.51,0.51,0.51,5303,2022-04-08 12:09:00,TANH
0.51,0.51,0.51,0.51,187,2022-04-08 12:12:00,TANH
0.51,0.51,0.51,0.51,176,2022-04-08 12:15:00,TANH
0.5098,0.5098,0.5098,0.5098,1000,2022-04-08 12:23:00,TANH
0.5098,0.5098,0.5098,0.5098,2000,2022-04-08 12:24:00,TANH
0.5014,0.5014,0.501,0.501,313,2022-04-08 12:25:00,TANH
0.5099,0.5099,0.5099,0.5099,100,2022-04-08 12:28:00,TANH
0.5098,0.5098,0.5098,0.5098,100,2022-04-08 12:36:00,TANH
0.5005,0.5005,0.5005,0.5005,200,2022-04-08 12:38:00,TANH
0.5014,0.5014,0.5014,0.5014,110,2022-04-08 12:39:00,TANH
0.5014,0.5014,0.5008,0.5008,2132,2022-04-08 12:40:00,TANH
0.5005,0.5005,0.5005,0.5005,999,2022-04-08 12:41:00,TANH
0.5006,0.5006,0.5,0.5,25500,2022-04-08 12:44:00,TANH
0.5005,0.5005,0.5005,0.5005,1750,2022-04-08 12:46:00,TANH
0.5096,0.5096,0.5096,0.5096,600,2022-04-08 12:49:00,TANH
0.5005,0.508,0.5005,0.501,3315,2022-04-08 12:50:00,TANH
0.501,0.501,0.5,0.5,5500,2022-04-08 12:51:00,TANH
0.5,0.5,0.5,0.5,2400,2022-04-08 12:52:00,TANH
0.5,0.5,0.5,0.5,49976,2022-04-08 12:54:00,TANH
0.5,0.5096,0.5,0.5096,10660,2022-04-08 12:58:00,TANH
0.5096,0.5097,0.5096,0.5096,12909,2022-04-08 12:59:00,TANH
0.5,0.5,0.5,0.5,250,2022-04-08 13:00:00,TANH
0.501,0.501,0.5006,0.5006,300,2022-04-08 13:01:00,TANH
0.5,0.5,0.5,0.5,1866,2022-04-08 13:02:00,TANH
0.5,0.5096,0.5,0.5096,6426,2022-04-08 13:03:00,TANH
0.501,0.501,0.5,0.5,1300,2022-04-08 13:04:00,TANH
0.5097,0.5097,0.5001,0.5001,700,2022-04-08 13:05:00,TANH
0.501,0.501,0.501,0.501,2000,2022-04-08 13:06:00,TANH
0.5012,0.5012,0.5012,0.5012,300,2022-04-08 13:07:00,TANH
0.5053,0.5053,0.5005,0.5019,5751,2022-04-08 13:10:00,TANH
0.5005,0.5005,0.5005,0.5005,2180,2022-04-08 13:11:00,TANH
0.5005,0.5005,0.5005,0.5005,1002,2022-04-08 13:12:00,TANH
0.5005,0.5005,0.5005,0.5005,200,2022-04-08 13:13:00,TANH
0.5009,0.5009,0.5009,0.5009,24720,2022-04-08 13:14:00,TANH
0.5009,0.5009,0.5,0.5,17400,2022-04-08 13:16:00,TANH
0.5,0.5,0.5,0.5,6000,2022-04-08 13:18:00,TANH
0.5,0.5084,0.5,0.5084,710,2022-04-08 13:19:00,TANH
0.5001,0.5001,0.5001,0.5001,3355,2022-04-08 13:21:00,TANH
0.5001,0.5001,0.5001,0.5001,4657,2022-04-08 13:24:00,TANH
0.5001,0.5001,0.5001,0.5001,236,2022-04-08 13:25:00,TANH
0.507,0.5084,0.4916,0.4916,10130,2022-04-08 13:27:00,TANH
0.492,0.5094,0.492,0.492,7687,2022-04-08 13:28:00,TANH
0.498,0.5,0.498,0.5,350,2022-04-08 13:29:00,TANH
0.5,0.5088,0.5,0.500101,26568,2022-04-08 13:30:00,TANH
0.5,0.5069,0.48,0.4897,168238,2022-04-08 13:31:00,TANH
0.4815,0.497,0.4814,0.493,71031,2022-04-08 13:32:00,TANH
0.4917,0.5,0.49,0.4979,71775,2022-04-08 13:33:00,TANH
0.4979,0.498,0.4901,0.495,17627,2022-04-08 13:34:00,TANH
0.49,0.5,0.4822,0.49,153752,2022-04-08 13:35:00,TANH
0.4999,0.4999,0.49,0.499,2887,2022-04-08 13:36:00,TANH
0.499,0.499,0.4901,0.4989,4400,2022-04-08 13:37:00,TANH
0.4944,0.4989,0.487,0.498,93535,2022-04-08 13:38:00,TANH
0.4923,0.498,0.49,0.498,20427,2022-04-08 13:39:00,TANH
0.495999,0.498,0.49,0.4979,16960,2022-04-08 13:40:00,TANH
0.492,0.4979,0.492,0.4977,17946,2022-04-08 13:41:00,TANH
0.4975,0.4976,0.49,0.4976,23032,2022-04-08 13:42:00,TANH
0.4938,0.4976,0.4901,0.4963,14700,2022-04-08 13:43:00,TANH
0.4903,0.498,0.4903,0.498,1620,2022-04-08 13:44:00,TANH
0.495,0.498,0.4901,0.495,83165,2022-04-08 13:45:00,TANH
0.4949,0.495,0.4948,0.495,6700,2022-04-08 13:46:00,TANH
0.495,0.498,0.4901,0.49365,20489,2022-04-08 13:47:00,TANH
0.4937,0.498,0.4903,0.498,26317,2022-04-08 13:48:00,TANH
0.497,0.5001,0.4951,0.5001,24427,2022-04-08 13:49:00,TANH
0.5,0.507,0.5,0.5,51397,2022-04-08 13:50:00,TANH
0.506,0.506,0.505,0.505,5188,2022-04-08 13:51:00,TANH
0.500001,0.505,0.500001,0.5001,25900,2022-04-08 13:52:00,TANH
0.502399,0.502399,0.5001,0.5013,26688,2022-04-08 13:53:00,TANH
0.5024,0.5025,0.5013,0.5025,1158,2022-04-08 13:54:00,TANH
0.5025,0.5288,0.5025,0.5288,32044,2022-04-08 13:55:00,TANH
0.5261,0.5261,0.5063,0.5147,28600,2022-04-08 13:56:00,TANH
0.52,0.52,0.515,0.5199,5325,2022-04-08 13:57:00,TANH
0.5171,0.519,0.5101,0.5188,11039,2022-04-08 13:58:00,TANH
0.5137,0.5199,0.5101,0.5199,16654,2022-04-08 13:59:00,TANH
0.5197,0.5197,0.518,0.518,11200,2022-04-08 14:00:00,TANH
0.515,0.515,0.510001,0.5149,3140,2022-04-08 14:01:00,TANH
0.5149,0.515,0.512499,0.512499,3944,2022-04-08 14:02:00,TANH
0.515,0.515,0.515,0.515,5000,2022-04-08 14:03:00,TANH
0.5101,0.515,0.51,0.51,19998,2022-04-08 14:04:00,TANH
0.5101,0.5101,0.5101,0.5101,400,2022-04-08 14:05:00,TANH
0.51,0.5149,0.51,0.5149,7557,2022-04-08 14:06:00,TANH
0.515,0.515,0.5101,0.5101,5298,2022-04-08 14:07:00,TANH
0.5101,0.5125,0.5101,0.5125,1050,2022-04-08 14:08:00,TANH
0.51,0.5125,0.51,0.5125,11782,2022-04-08 14:09:00,TANH
0.5125,0.515,0.512499,0.5149,4370,2022-04-08 14:10:00,TANH
0.515,0.515,0.51,0.515,10933,2022-04-08 14:11:00,TANH
0.515,0.515,0.515,0.515,100,2022-04-08 14:12:00,TANH
0.51,0.510101,0.51,0.510101,2500,2022-04-08 14:13:00,TANH
0.51,0.5101,0.51,0.51,8263,2022-04-08 14:14:00,TANH
0.5101,0.5101,0.51,0.51,1250,2022-04-08 14:15:00,TANH
0.51,0.51,0.506,0.506,27889,2022-04-08 14:16:00,TANH
0.5056,0.5056,0.505,0.5053,3105,2022-04-08 14:17:00,TANH
0.505,0.5051,0.505,0.5051,1500,2022-04-08 14:18:00,TANH
0.5051,0.515,0.5051,0.5125,25578,2022-04-08 14:19:00,TANH
0.5149,0.515,0.5149,0.515,16101,2022-04-08 14:20:00,TANH
0.5075,0.51,0.5075,0.51,46700,2022-04-08 14:21:00,TANH
0.51,0.5225,0.51,0.5187,42418,2022-04-08 14:23:00,TANH
0.515001,0.515001,0.515001,0.515001,100,2022-04-08 14:24:00,TANH
0.5063,0.5063,0.5063,0.5063,1275,2022-04-08 14:25:00,TANH
0.52,0.52,0.52,0.52,800,2022-04-08 14:26:00,TANH
0.5148,0.52,0.5051,0.51745,27393,2022-04-08 14:27:00,TANH
0.5199,0.5199,0.505,0.505,1600,2022-04-08 14:28:00,TANH
0.519799,0.519799,0.519799,0.519799,1100,2022-04-08 14:29:00,TANH
0.5198,0.5198,0.505,0.5124,13238,2022-04-08 14:30:00,TANH
0.519699,0.519699,0.51,0.51,5250,2022-04-08 14:31:00,TANH
0.515,0.515,0.515,0.515,363,2022-04-08 14:32:00,TANH
0.515001,0.515199,0.5103,0.5105,7187,2022-04-08 14:33:00,TANH
0.5125,0.5125,0.5101,0.5101,2539,2022-04-08 14:34:00,TANH
0.5119,0.5119,0.5119,0.5119,2061,2022-04-08 14:35:00,TANH
0.5119,0.5119,0.5119,0.5119,160,2022-04-08 14:37:00,TANH
0.5119,0.512,0.5119,0.512,4031,2022-04-08 14:38:00,TANH
0.512,0.5198,0.512,0.5198,1400,2022-04-08 14:40:00,TANH
0.5119,0.5159,0.5119,0.5159,413,2022-04-08 14:41:00,TANH
0.5198,0.5198,0.5132,0.5158,1800,2022-04-08 14:42:00,TANH
0.5196,0.5196,0.5196,0.5196,500,2022-04-08 14:43:00,TANH
0.5147,0.515,0.5146,0.5148,500,2022-04-08 14:44:00,TANH
0.5151,0.5151,0.5147,0.5147,4450,2022-04-08 14:45:00,TANH
0.5113,0.5113,0.51,0.5101,9975,2022-04-08 14:46:00,TANH
0.510518,0.5199,0.502,0.502,36757,2022-04-08 14:47:00,TANH
0.5199,0.5199,0.5054,0.5198,15939,2022-04-08 14:48:00,TANH
0.5054,0.5054,0.5054,0.5054,8000,2022-04-08 14:49:00,TANH
0.5101,0.5101,0.51,0.51,2932,2022-04-08 14:50:00,TANH
0.5178,0.5179,0.5178,0.5179,2639,2022-04-08 14:51:00,TANH
0.5169,0.5169,0.5056,0.5159,10153,2022-04-08 14:52:00,TANH
0.5159,0.5159,0.5159,0.5159,1000,2022-04-08 14:53:00,TANH
0.506,0.506,0.506,0.506,17545,2022-04-08 14:54:00,TANH
0.507,0.5158,0.507,0.5114,2617,2022-04-08 14:55:00,TANH
0.5124,0.5124,0.5071,0.51,5483,2022-04-08 14:56:00,TANH
0.5101,0.5101,0.51,0.5101,1824,2022-04-08 14:57:00,TANH
0.5157,0.5157,0.5157,0.5157,2554,2022-04-08 14:58:00,TANH
0.51005,0.5101,0.51005,0.5101,4600,2022-04-08 14:59:00,TANH
0.51,0.51,0.5076,0.5076,300,2022-04-08 15:00:00,TANH
0.507,0.5089,0.506,0.507,7700,2022-04-08 15:01:00,TANH
0.5071,0.509,0.5056,0.5057,29600,2022-04-08 15:02:00,TANH
0.5056,0.507,0.5056,0.5063,6850,2022-04-08 15:03:00,TANH
0.5063,0.507,0.5062,0.507,12600,2022-04-08 15:04:00,TANH
0.5065,0.517,0.5065,0.5065,11606,2022-04-08 15:05:00,TANH
0.5066,0.5093,0.5066,0.5081,4700,2022-04-08 15:06:00,TANH
0.511394,0.5169,0.511394,0.5169,1800,2022-04-08 15:07:00,TANH
0.51,0.510101,0.51,0.510101,757,2022-04-08 15:08:00,TANH
0.5124,0.5124,0.5124,0.5124,1000,2022-04-08 15:11:00,TANH
0.5125,0.5125,0.5125,0.5125,100,2022-04-08 15:12:00,TANH
0.51,0.51,0.51,0.51,694,2022-04-08 15:14:00,TANH
0.508149,0.508149,0.507999,0.507999,600,2022-04-08 15:15:00,TANH
0.5072,0.5085,0.5068,0.5085,6425,2022-04-08 15:16:00,TANH
0.5085,0.5085,0.5085,0.5085,160,2022-04-08 15:17:00,TANH
0.5079,0.5079,0.5079,0.5079,100,2022-04-08 15:18:00,TANH
0.5072,0.5076,0.5072,0.5076,7640,2022-04-08 15:19:00,TANH
0.507502,0.5076,0.5073,0.5073,15566,2022-04-08 15:20:00,TANH
0.5073,0.5073,0.5072,0.5072,2200,2022-04-08 15:21:00,TANH
0.5073,0.5073,0.507278,0.507278,1000,2022-04-08 15:22:00,TANH
0.5121,0.5121,0.5121,0.5121,368,2022-04-08 15:23:00,TANH
0.51,0.51,0.51,0.51,6600,2022-04-08 15:25:00,TANH
0.5082,0.5082,0.5072,0.5072,7379,2022-04-08 15:26:00,TANH
0.5072,0.5072,0.5072,0.5072,1046,2022-04-08 15:27:00,TANH
0.5086,0.5086,0.5072,0.5073,5285,2022-04-08 15:28:00,TANH
0.5072,0.5074,0.5072,0.5074,36301,2022-04-08 15:29:00,TANH
0.5072,0.5072,0.501,0.5012,38186,2022-04-08 15:30:00,TANH
0.5015,0.5015,0.501,0.5014,34930,2022-04-08 15:31:00,TANH
0.5012,0.5012,0.5004,0.500471,28917,2022-04-08 15:32:00,TANH
0.5004,0.5135,0.500386,0.5135,2834,2022-04-08 15:33:00,TANH
0.5036,0.5036,0.5036,0.5036,100,2022-04-08 15:34:00,TANH
0.5042,0.5042,0.4968,0.4968,52457,2022-04-08 15:35:00,TANH
0.5018,0.5018,0.497,0.4994,20145,2022-04-08 15:36:00,TANH
0.4982,0.5016,0.497,0.4994,19500,2022-04-08 15:37:00,TANH
0.499299,0.4994,0.497,0.497,11965,2022-04-08 15:38:00,TANH
0.4994,0.5,0.4982,0.4995,105831,2022-04-08 15:39:00,TANH
0.497,0.517,0.4957,0.517,35652,2022-04-08 15:40:00,TANH
0.495,0.506,0.495,0.5003,31079,2022-04-08 15:41:00,TANH
0.5009,0.5169,0.5009,0.509199,11177,2022-04-08 15:42:00,TANH
0.5092,0.5092,0.5035,0.5092,24441,2022-04-08 15:43:00,TANH
0.5091,0.5092,0.5003,0.5092,53003,2022-04-08 15:44:00,TANH
0.5092,0.5092,0.5001,0.5001,27600,2022-04-08 15:45:00,TANH
0.5011,0.5091,0.5011,0.505,10639,2022-04-08 15:46:00,TANH
0.509099,0.5092,0.5001,0.5001,1029,2022-04-08 15:47:00,TANH
0.5087,0.5088,0.5087,0.5088,3245,2022-04-08 15:48:00,TANH
0.509,0.509,0.5088,0.5089,14400,2022-04-08 15:49:00,TANH
0.5088,0.5088,0.5002,0.5032,33097,2022-04-08 15:50:00,TANH
0.5033,0.5033,0.5,0.500699,14990,2022-04-08 15:51:00,TANH
0.5004,0.502801,0.5002,0.501001,1200,2022-04-08 15:52:00,TANH
0.5,0.5,0.5,0.5,1445,2022-04-08 15:53:00,TANH
0.5001,0.5001,0.5001,0.5001,2230,2022-04-08 15:54:00,TANH
0.50005,0.5001,0.5,0.5,10422,2022-04-08 15:55:00,TANH
0.5001,0.5001,0.5001,0.5001,5256,2022-04-08 15:56:00,TANH
0.5003,0.5003,0.495,0.4961,37932,2022-04-08 15:57:00,TANH
0.4961,0.4962,0.49,0.4941,31918,2022-04-08 15:58:00,TANH
0.4941,0.4974,0.494,0.4974,19370,2022-04-08 15:59:00,TANH
0.500001,0.500001,0.500001,0.500001,3000,2022-04-08 16:00:00,TANH
0.50919,0.50919,0.50919,0.50919,150,2022-04-08 16:01:00,TANH
0.509109,0.509109,0.5046,0.5046,1995,2022-04-08 16:03:00,TANH
0.504101,0.5091,0.501884,0.501884,2463,2022-04-08 16:05:00,TANH
0.502,0.502,0.502,0.502,122,2022-04-08 16:06:00,TANH
0.5032,0.5056,0.5022,0.5031,5689,2022-04-08 16:10:00,TANH
0.503,0.5031,0.5021,0.5021,406,2022-04-08 16:11:00,TANH
0.5031,0.5091,0.5031,0.5061,1312,2022-04-08 16:12:00,TANH
0.503,0.503,0.5005,0.5005,19986,2022-04-08 16:13:00,TANH
0.5086,0.5165,0.5006,0.5092,10800,2022-04-08 16:14:00,TANH
0.5068,0.5092,0.5051,0.5051,13800,2022-04-08 16:15:00,TANH
0.509,0.509,0.509,0.509,4539,2022-04-08 16:18:00,TANH
0.5068,0.5068,0.5068,0.5068,518,2022-04-08 16:19:00,TANH
0.501,0.5011,0.5,0.5,72501,2022-04-08 16:20:00,TANH
0.5069,0.5069,0.4981,0.498484,6644,2022-04-08 16:21:00,TANH
0.4985,0.506899,0.4985,0.506899,3363,2022-04-08 16:22:00,TANH
0.502951,0.5069,0.5,0.5,1679,2022-04-08 16:23:00,TANH
0.5027,0.5027,0.4985,0.5,2807,2022-04-08 16:24:00,TANH
0.5069,0.5069,0.5069,0.5069,800,2022-04-08 16:25:00,TANH
0.503451,0.503451,0.500001,0.500001,1676,2022-04-08 16:26:00,TANH
0.5,0.5,0.5,0.5,350,2022-04-08 16:27:00,TANH
0.5,0.5069,0.5,0.5069,13885,2022-04-08 16:28:00,TANH
0.503451,0.503451,0.503451,0.503451,1372,2022-04-08 16:29:00,TANH
0.5068,0.5068,0.503449,0.503449,2000,2022-04-08 16:30:00,TANH
0.5017,0.5017,0.5001,0.5001,635,2022-04-08 16:31:00,TANH
0.5001,0.5001,0.5,0.5,4824,2022-04-08 16:32:00,TANH
0.5001,0.5001,0.5,0.5001,620,2022-04-08 16:33:00,TANH
0.5001,0.5036,0.5,0.5002,19419,2022-04-08 16:34:00,TANH
0.5002,0.5002,0.500196,0.500196,1780,2022-04-08 16:35:00,TANH
0.5001,0.5001,0.4962,0.4962,36180,2022-04-08 16:36:00,TANH
0.4962,0.4962,0.4962,0.4962,5600,2022-04-08 16:37:00,TANH
0.4963,0.4963,0.4912,0.4956,3910,2022-04-08 16:38:00,TANH
0.4955,0.4956,0.4928,0.4956,1400,2022-04-08 16:39:00,TANH
0.4956,0.4956,0.4956,0.4956,9674,2022-04-08 16:40:00,TANH
0.4956,0.4956,0.4912,0.4912,340,2022-04-08 16:41:00,TANH
0.4955,0.4955,0.4955,0.4955,100,2022-04-08 16:42:00,TANH
0.4928,0.4955,0.4928,0.4955,951,2022-04-08 16:43:00,TANH
0.4952,0.4955,0.4952,0.4955,450,2022-04-08 16:44:00,TANH
0.4954,0.4955,0.4954,0.4955,2424,2022-04-08 16:45:00,TANH
0.4953,0.4954,0.4925,0.4949,13050,2022-04-08 16:46:00,TANH
0.4949,0.4954,0.491,0.4954,27121,2022-04-08 16:47:00,TANH
0.4954,0.4954,0.491,0.4951,83238,2022-04-08 16:48:00,TANH
0.4948,0.4951,0.493099,0.493099,5400,2022-04-08 16:49:00,TANH
0.495,0.495,0.4916,0.4916,10222,2022-04-08 16:50:00,TANH
0.4913,0.4913,0.491199,0.4912,12528,2022-04-08 16:51:00,TANH
0.4912,0.495,0.4912,0.495,8500,2022-04-08 16:52:00,TANH
0.494099,0.494099,0.491385,0.4918,3600,2022-04-08 16:53:00,TANH
0.4949,0.4949,0.4949,0.4949,200,2022-04-08 16:54:00,TANH
0.4947,0.4947,0.4911,0.4912,16458,2022-04-08 16:55:00,TANH
0.49115,0.4912,0.4911,0.4911,59912,2022-04-08 16:56:00,TANH
0.4911,0.4912,0.4911,0.4912,2016,2022-04-08 16:57:00,TANH
0.491116,0.491116,0.4911,0.4911,10132,2022-04-08 16:58:00,TANH
0.4912,0.4912,0.4912,0.4912,2000,2022-04-08 16:59:00,TANH
0.4912,0.4912,0.4908,0.4908,45353,2022-04-08 17:00:00,TANH
0.4908,0.4908,0.4908,0.4908,350,2022-04-08 17:01:00,TANH
0.4908,0.4908,0.4908,0.4908,1100,2022-04-08 17:02:00,TANH
0.4908,0.4908,0.49075,0.4908,850,2022-04-08 17:03:00,TANH
0.4908,0.4908,0.4908,0.4908,2100,2022-04-08 17:04:00,TANH
0.4908,0.5149,0.4908,0.5001,34129,2022-04-08 17:05:00,TANH
0.5013,0.509899,0.5,0.5001,33546,2022-04-08 17:06:00,TANH
0.5031,0.5051,0.5031,0.5051,1479,2022-04-08 17:07:00,TANH
0.5,0.5,0.4977,0.4977,2404,2022-04-08 17:09:00,TANH
0.5,0.5,0.491,0.491,54250,2022-04-08 17:10:00,TANH
0.4997,0.4997,0.4997,0.4997,1906,2022-04-08 17:11:00,TANH
0.4997,0.4997,0.4997,0.4997,1900,2022-04-08 17:16:00,TANH
0.495001,0.495001,0.495001,0.495001,637,2022-04-08 17:17:00,TANH
0.4996,0.4997,0.494899,0.4949,2372,2022-04-08 17:18:00,TANH
0.4931,0.496,0.493,0.493,39715,2022-04-08 17:19:00,TANH
0.4921,0.4929,0.4908,0.4916,93395,2022-04-08 17:20:00,TANH
0.4913,0.503,0.4907,0.503,86655,2022-04-08 17:21:00,TANH
0.4968,0.4968,0.4918,0.4926,2750,2022-04-08 17:22:00,TANH
0.4915,0.4915,0.4915,0.4915,1999,2022-04-08 17:23:00,TANH
0.4918,0.4999,0.4918,0.4999,750,2022-04-08 17:24:00,TANH
0.5,0.5,0.495001,0.495001,1400,2022-04-08 17:25:00,TANH
0.5,0.5,0.5,0.5,100,2022-04-08 17:26:00,TANH
0.499899,0.499899,0.499899,0.499899,700,2022-04-08 17:27:00,TANH
0.5,0.5,0.495,0.5,845,2022-04-08 17:28:00,TANH
0.4987,0.4987,0.4987,0.4987,3000,2022-04-08 17:31:00,TANH
0.4975,0.4999,0.4975,0.4999,763,2022-04-08 17:32:00,TANH
0.495,0.495,0.495,0.495,1998,2022-04-08 17:33:00,TANH
0.4951,0.4951,0.495,0.495,4493,2022-04-08 17:34:00,TANH
0.495,0.495,0.495,0.495,2900,2022-04-08 17:35:00,TANH
0.49501,0.49501,0.49501,0.49501,100,2022-04-08 17:36:00,TANH
0.498,0.498,0.495,0.495,27466,2022-04-08 17:37:00,TANH
0.4926,0.495,0.4926,0.4927,8270,2022-04-08 17:38:00,TANH
0.4926,0.4939,0.4915,0.4915,4833,2022-04-08 17:39:00,TANH
0.49375,0.49375,0.4915,0.4915,12060,2022-04-08 17:40:00,TANH
0.496,0.496,0.496,0.496,2000,2022-04-08 17:41:00,TANH
0.496,0.496,0.493999,0.493999,330,2022-04-08 17:42:00,TANH
0.4958,0.4958,0.4936,0.4936,900,2022-04-08 17:43:00,TANH
0.4959,0.4959,0.4938,0.4938,1020,2022-04-08 17:45:00,TANH
0.4947,0.4959,0.4938,0.4938,1326,2022-04-08 17:46:00,TANH
0.4916,0.4938,0.4916,0.4938,42000,2022-04-08 17:47:00,TANH
0.4938,0.4938,0.491,0.4915,53479,2022-04-08 17:48:00,TANH
0.492,0.492,0.491,0.4911,2539,2022-04-08 17:49:00,TANH
0.4911,0.4911,0.4911,0.4911,100,2022-04-08 17:50:00,TANH
0.4938,0.4938,0.4938,0.4938,755,2022-04-08 17:51:00,TANH
0.493251,0.493251,0.493251,0.493251,1084,2022-04-08 17:52:00,TANH
0.4911,0.493,0.491,0.493,1749,2022-04-08 17:53:00,TANH
0.492999,0.492999,0.492999,0.492999,1000,2022-04-08 17:54:00,TANH
0.4912,0.4912,0.4912,0.4912,5000,2022-04-08 17:55:00,TANH
0.4915,0.4915,0.4907,0.491,6400,2022-04-08 17:58:00,TANH
0.491,0.491,0.49,0.4906,36380,2022-04-08 17:59:00,TANH
0.4905,0.4906,0.49,0.4906,3200,2022-04-08 18:00:00,TANH
0.49,0.4906,0.49,0.4906,4661,2022-04-08 18:02:00,TANH
0.4906,0.4906,0.4903,0.4903,5391,2022-04-08 18:03:00,TANH
0.4903,0.4906,0.49,0.4906,1350,2022-04-08 18:05:00,TANH
0.490499,0.490499,0.490499,0.490499,200,2022-04-08 18:06:00,TANH
0.4905,0.4906,0.49,0.4906,27378,2022-04-08 18:07:00,TANH
0.4903,0.4903,0.49,0.4903,544,2022-04-08 18:08:00,TANH
0.49,0.4906,0.49,0.4904,9400,2022-04-08 18:09:00,TANH
0.4903,0.49035,0.4903,0.4903,400,2022-04-08 18:10:00,TANH
0.49,0.4911,0.4899,0.4911,9748,2022-04-08 18:11:00,TANH
0.4915,0.4915,0.4915,0.4915,1855,2022-04-08 18:12:00,TANH
0.4915,0.495,0.489128,0.489128,2400,2022-04-08 18:13:00,TANH
0.49,0.49,0.488,0.49,1500,2022-04-08 18:14:00,TANH
0.489101,0.49,0.489101,0.49,11614,2022-04-08 18:15:00,TANH
0.49,0.49,0.49,0.49,2700,2022-04-08 18:16:00,TANH
0.4911,0.495,0.49,0.495,6601,2022-04-08 18:19:00,TANH
0.495,0.495,0.4915,0.4915,864,2022-04-08 18:20:00,TANH
0.4917,0.4947,0.4915,0.4947,12742,2022-04-08 18:21:00,TANH
0.4929,0.4929,0.49283,0.49283,280,2022-04-08 18:24:00,TANH
0.4915,0.4915,0.4915,0.4915,200,2022-04-08 18:25:00,TANH
0.4915,0.4921,0.4915,0.4915,185073,2022-04-08 18:26:00,TANH
0.4915,0.4918,0.4915,0.4918,300,2022-04-08 18:27:00,TANH
0.4915,0.4915,0.49,0.4906,20309,2022-04-08 18:29:00,TANH
0.492,0.492,0.492,0.492,1000,2022-04-08 18:30:00,TANH
0.4919,0.491999,0.4897,0.4911,1500,2022-04-08 18:31:00,TANH
0.4911,0.4911,0.49,0.49,3000,2022-04-08 18:33:00,TANH
0.4911,0.4911,0.4901,0.4911,5727,2022-04-08 18:34:00,TANH
0.4911,0.4921,0.4911,0.492,3012,2022-04-08 18:36:00,TANH
0.493,0.493,0.4921,0.493,49990,2022-04-08 18:37:00,TANH
0.4928,0.4928,0.4901,0.4907,8369,2022-04-08 18:38:00,TANH
0.4911,0.493,0.4911,0.491549,2082,2022-04-08 18:39:00,TANH
0.4902,0.4911,0.4902,0.4911,4595,2022-04-08 18:41:00,TANH
0.490201,0.4911,0.490201,0.4911,2790,2022-04-08 18:43:00,TANH
0.4911,0.4911,0.4906,0.4911,4700,2022-04-08 18:44:00,TANH
0.490999,0.490999,0.4901,0.4906,5000,2022-04-08 18:46:00,TANH
0.4911,0.4911,0.4911,0.4911,100,2022-04-08 18:47:00,TANH
0.4906,0.497899,0.4906,0.497899,7088,2022-04-08 18:49:00,TANH
0.491101,0.491101,0.491101,0.491101,1000,2022-04-08 18:52:00,TANH
0.4943,0.497,0.4943,0.4957,10475,2022-04-08 18:53:00,TANH
0.491,0.497,0.491,0.497,3000,2022-04-08 18:56:00,TANH
0.496,0.496999,0.496,0.496999,1000,2022-04-08 18:57:00,TANH
0.497,0.497,0.495,0.4951,4600,2022-04-08 18:59:00,TANH
0.4931,0.4969,0.4931,0.4969,2591,2022-04-08 19:03:00,TANH
0.496,0.496,0.4921,0.493199,4409,2022-04-08 19:04:00,TANH
0.4926,0.4932,0.492,0.4932,10382,2022-04-08 19:05:00,TANH
0.4959,0.4979,0.4959,0.4979,10000,2022-04-08 19:06:00,TANH
0.4948,0.4949,0.4948,0.4949,2400,2022-04-08 19:07:00,TANH
0.4949,0.495,0.494799,0.494799,2300,2022-04-08 19:08:00,TANH
0.492,0.492,0.492,0.492,4900,2022-04-08 19:09:00,TANH
0.4917,0.4917,0.4897,0.4897,9576,2022-04-08 19:10:00,TANH
0.4896,0.4896,0.4884,0.4884,2000,2022-04-08 19:11:00,TANH
0.4888,0.4949,0.4888,0.4949,700,2022-04-08 19:12:00,TANH
0.49,0.490999,0.49,0.49,6132,2022-04-08 19:14:00,TANH
0.490999,0.4911,0.490999,0.491,1100,2022-04-08 19:15:00,TANH
0.4911,0.4914,0.4911,0.4914,4786,2022-04-08 19:17:00,TANH
0.4922,0.4922,0.4922,0.4922,3300,2022-04-08 19:19:00,TANH
0.4922,0.4922,0.4922,0.4922,600,2022-04-08 19:20:00,TANH
0.4922,0.4922,0.491,0.4915,2400,2022-04-08 19:21:00,TANH
0.4914,0.4914,0.4909,0.4909,400,2022-04-08 19:22:00,TANH
0.4948,0.4948,0.49355,0.49355,5849,2022-04-08 19:23:00,TANH
0.4949,0.4949,0.4929,0.4932,2825,2022-04-08 19:24:00,TANH
0.4939,0.4939,0.4939,0.4939,100,2022-04-08 19:25:00,TANH
0.4923,0.494899,0.4923,0.494899,3825,2022-04-08 19:26:00,TANH
0.4928,0.4928,0.4915,0.4915,1720,2022-04-08 19:27:00,TANH
0.4911,0.4928,0.49,0.4902,12750,2022-04-08 19:28:00,TANH
0.49,0.4949,0.49,0.4924,1853,2022-04-08 19:29:00,TANH
0.4949,0.4949,0.4949,0.4949,5000,2022-04-08 19:30:00,TANH
0.4933,0.4933,0.4933,0.4933,100,2022-04-08 19:31:00,TANH
0.493,0.493,0.49,0.490101,39764,2022-04-08 19:32:00,TANH
0.490101,0.490101,0.490101,0.490101,3000,2022-04-08 19:33:00,TANH
0.4901,0.4911,0.49,0.49,8099,2022-04-08 19:34:00,TANH
0.49,0.49,0.4888,0.4888,2600,2022-04-08 19:35:00,TANH
0.4888,0.4888,0.4888,0.4888,8457,2022-04-08 19:36:00,TANH
0.4888,0.4888,0.4888,0.4888,677,2022-04-08 19:37:00,TANH
0.4887,0.4887,0.4825,0.4865,34813,2022-04-08 19:38:00,TANH
0.485899,0.49,0.483,0.49,5413,2022-04-08 19:39:00,TANH
0.4908,0.4908,0.484,0.484,16029,2022-04-08 19:40:00,TANH
0.485,0.485,0.483,0.485,8900,2022-04-08 19:41:00,TANH
0.485,0.485,0.464,0.479,193350,2022-04-08 19:42:00,TANH
0.478,0.48,0.470377,0.48,24762,2022-04-08 19:43:00,TANH
0.48,0.49,0.4751,0.49,6199,2022-04-08 19:44:00,TANH
0.49,0.49,0.4799,0.4799,6125,2022-04-08 19:45:00,TANH
0.4799,0.4799,0.4779,0.4779,9701,2022-04-08 19:46:00,TANH
0.4765,0.4779,0.4765,0.4779,31795,2022-04-08 19:47:00,TANH
0.4779,0.4779,0.465,0.4724,122163,2022-04-08 19:48:00,TANH
0.47,0.475,0.4599,0.4739,371942,2022-04-08 19:49:00,TANH
0.4707,0.4739,0.468,0.4689,18657,2022-04-08 19:50:00,TANH
0.4689,0.4689,0.460201,0.467,57525,2022-04-08 19:51:00,TANH
0.4688,0.47,0.46,0.4652,116251,2022-04-08 19:52:00,TANH
0.465,0.474,0.4647,0.472,142341,2022-04-08 19:53:00,TANH
0.472,0.474,0.4699,0.47,77627,2022-04-08 19:54:00,TANH
0.47,0.47,0.46,0.462,212159,2022-04-08 19:55:00,TANH
0.461,0.4681,0.46,0.4659,90768,2022-04-08 19:56:00,TANH
0.4644,0.4659,0.46,0.462,31224,2022-04-08 19:57:00,TANH
0.462,0.463,0.4605,0.463,56910,2022-04-08 19:58:00,TANH
0.4627,0.4682,0.4627,0.4681,67794,2022-04-08 19:59:00,TANH
0.4681,0.475,0.4681,0.474,4281,2022-04-08 20:00:00,TANH
0.475,0.475,0.474,0.474,2674,2022-04-08 20:02:00,TANH
0.47,0.47,0.47,0.47,9905,2022-04-08 20:03:00,TANH
0.47,0.47,0.4616,0.4616,1850,2022-04-08 20:04:00,TANH
0.4616,0.4616,0.4616,0.4616,195,2022-04-08 20:05:00,TANH
0.47,0.47,0.4697,0.4697,1100,2022-04-08 20:06:00,TANH
0.47,0.47,0.4697,0.4697,4168,2022-04-08 20:07:00,TANH
0.4697,0.47,0.4697,0.47,3500,2022-04-08 20:09:00,TANH
0.4699,0.47,0.4699,0.47,2029,2022-04-08 20:10:00,TANH
0.47,0.47,0.4641,0.4641,1571,2022-04-08 20:11:00,TANH
0.4644,0.47,0.4644,0.47,2200,2022-04-08 20:14:00,TANH
0.47,0.47,0.47,0.47,3200,2022-04-08 20:15:00,TANH
0.47,0.47,0.47,0.47,1000,2022-04-08 20:17:00,TANH
0.465,0.4676,0.461,0.461,19068,2022-04-08 20:18:00,TANH
0.461,0.461,0.46,0.46,4520,2022-04-08 20:19:00,TANH
0.459,0.4599,0.4565,0.4565,8216,2022-04-08 20:20:00,TANH
0.4571,0.46,0.4571,0.4575,20885,2022-04-08 20:21:00,TANH
0.458,0.458,0.4572,0.4572,2465,2022-04-08 20:23:00,TANH
0.4583,0.4583,0.4583,0.4583,2192,2022-04-08 20:24:00,TANH
0.4572,0.4572,0.4404,0.4499,53946,2022-04-08 20:25:00,TANH
0.4501,0.4688,0.4501,0.4688,1200,2022-04-08 20:26:00,TANH
0.468,0.468,0.468,0.468,1000,2022-04-08 20:27:00,TANH
0.46,0.4647,0.46,0.4647,200,2022-04-08 20:34:00,TANH
0.4515,0.4637,0.4515,0.46,2506,2022-04-08 20:35:00,TANH
0.4599,0.46,0.4599,0.46,2000,2022-04-08 20:36:00,TANH
0.46,0.46,0.46,0.46,2000,2022-04-08 20:37:00,TANH
0.46,0.464,0.46,0.464,352,2022-04-08 20:38:00,TANH
0.4518,0.4518,0.4518,0.4518,630,2022-04-08 20:39:00,TANH
0.4518,0.4518,0.4518,0.4518,600,2022-04-08 20:40:00,TANH
0.4595,0.4595,0.4595,0.4595,250,2022-04-08 20:41:00,TANH
0.4595,0.4595,0.4595,0.4595,946,2022-04-08 20:47:00,TANH
0.4597,0.4597,0.4597,0.4597,100,2022-04-08 20:48:00,TANH
0.4575,0.4575,0.4575,0.4575,500,2022-04-08 20:50:00,TANH
0.457,0.4575,0.4515,0.4515,5451,2022-04-08 20:52:00,TANH
0.4652,0.4652,0.4652,0.4652,666,2022-04-08 20:54:00,TANH
0.4652,0.4658,0.4652,0.4658,211,2022-04-08 20:55:00,TANH
0.453,0.4652,0.453,0.4652,5500,2022-04-08 20:56:00,TANH
0.4658,0.4658,0.4658,0.4658,363,2022-04-08 20:57:00,TANH
0.4658,0.4658,0.4599,0.4599,500,2022-04-08 21:01:00,TANH
0.4658,0.4658,0.4658,0.4658,5356,2022-04-08 21:02:00,TANH
0.4658,0.4658,0.4658,0.4658,200,2022-04-08 21:03:00,TANH
0.4657,0.4657,0.4654,0.4654,1812,2022-04-08 21:04:00,TANH
0.46,0.4657,0.46,0.4657,3075,2022-04-08 21:05:00,TANH
0.4658,0.467,0.4658,0.467,5390,2022-04-08 21:07:00,TANH
0.465,0.467,0.465,0.465,6743,2022-04-08 21:08:00,TANH
0.465,0.465,0.465,0.465,2998,2022-04-08 21:15:00,TANH
0.465,0.465,0.465,0.465,300,2022-04-08 21:17:00,TANH
0.467,0.467,0.467,0.467,1200,2022-04-08 21:20:00,TANH
0.468,0.468,0.468,0.468,560,2022-04-08 21:21:00,TANH
0.467,0.467,0.467,0.467,498,2022-04-08 21:22:00,TANH
0.467,0.467,0.467,0.467,300,2022-04-08 21:23:00,TANH
0.467,0.467,0.467,0.467,2412,2022-04-08 21:24:00,TANH
0.467,0.467,0.467,0.467,200,2022-04-08 21:25:00,TANH
0.466,0.466,0.465,0.465,23601,2022-04-08 21:26:00,TANH
0.465,0.466,0.465,0.466,5592,2022-04-08 21:27:00,TANH
0.467,0.467,0.466,0.467,13608,2022-04-08 21:28:00,TANH
0.467,0.467,0.465,0.465,7960,2022-04-08 21:29:00,TANH
0.465,0.465,0.465,0.465,3965,2022-04-08 21:30:00,TANH
0.467,0.467,0.467,0.467,238,2022-04-08 21:33:00,TANH
0.4605,0.4605,0.46,0.46,1620,2022-04-08 21:38:00,TANH
0.46,0.46,0.46,0.46,250,2022-04-08 21:39:00,TANH
0.46,0.46,0.46,0.46,100,2022-04-08 21:40:00,TANH
0.46,0.46,0.453,0.46,12650,2022-04-08 21:41:00,TANH
0.46,0.46,0.46,0.46,1000,2022-04-08 21:42:00,TANH
0.46,0.46,0.46,0.46,400,2022-04-08 21:43:00,TANH
0.46,0.46,0.46,0.46,7000,2022-04-08 21:44:00,TANH
0.46,0.46,0.46,0.46,4388,2022-04-08 21:45:00,TANH
0.46,0.46,0.46,0.46,6995,2022-04-08 21:46:00,TANH
0.46,0.46,0.46,0.46,1667,2022-04-08 21:47:00,TANH
0.465,0.465,0.465,0.465,2000,2022-04-08 21:52:00,TANH
0.46,0.4658,0.46,0.4658,10200,2022-04-08 21:53:00,TANH
0.4658,0.4658,0.4658,0.4658,200,2022-04-08 21:54:00,TANH
0.4658,0.4658,0.4658,0.4658,100,2022-04-08 21:55:00,TANH
0.4658,0.4658,0.4658,0.4658,100,2022-04-08 21:56:00,TANH
0.4658,0.4658,0.4658,0.4658,100,2022-04-08 22:02:00,TANH
0.4658,0.4658,0.4658,0.4658,8800,2022-04-08 22:05:00,TANH
0.4657,0.4657,0.4657,0.4657,3900,2022-04-08 22:12:00,TANH
0.465,0.4657,0.465,0.4657,2550,2022-04-08 22:20:00,TANH
0.4657,0.467,0.4657,0.467,1900,2022-04-08 22:21:00,TANH
0.468,0.468,0.468,0.468,121,2022-04-08 22:26:00,TANH
0.467,0.467,0.467,0.467,736,2022-04-08 22:28:00,TANH
0.467,0.467,0.467,0.467,300,2022-04-08 22:30:00,TANH
0.4687,0.4687,0.4687,0.4687,300,2022-04-08 22:33:00,TANH
0.47,0.47,0.47,0.47,1000,2022-04-08 22:34:00,TANH
0.4687,0.4687,0.4687,0.4687,400,2022-04-08 22:36:00,TANH
0.4687,0.4687,0.4687,0.4687,1100,2022-04-08 22:37:00,TANH
0.4687,0.47,0.466,0.466,3033,2022-04-08 22:39:00,TANH
0.466,0.466,0.466,0.466,400,2022-04-08 22:42:00,TANH
0.465,0.465,0.4621,0.4621,1310,2022-04-08 22:43:00,TANH
0.47,0.47,0.47,0.47,2175,2022-04-08 22:48:00,TANH
0.4651,0.4651,0.4651,0.4651,276,2022-04-08 22:54:00,TANH
0.4687,0.4687,0.465,0.465,400,2022-04-08 22:57:00,TANH
0.4687,0.4687,0.4687,0.4687,100,2022-04-08 22:58:00,TANH
0.468,0.468,0.468,0.468,1000,2022-04-08 23:03:00,TANH
0.47,0.47,0.47,0.47,101,2022-04-08 23:10:00,TANH
0.47,0.47,0.47,0.47,3000,2022-04-08 23:11:00,TANH
0.47,0.47,0.47,0.47,101,2022-04-08 23:12:00,TANH
0.47,0.47,0.47,0.47,200,2022-04-08 23:14:00,TANH
0.4699,0.4699,0.4687,0.4687,1100,2022-04-08 23:16:00,TANH
0.47,0.47,0.47,0.47,5000,2022-04-08 23:18:00,TANH
0.4687,0.47,0.4687,0.47,768,2022-04-08 23:19:00,TANH
0.465,0.465,0.465,0.465,400,2022-04-08 23:21:00,TANH
0.47,0.47,0.47,0.47,5000,2022-04-08 23:24:00,TANH
0.4699,0.4699,0.4699,0.4699,1450,2022-04-08 23:25:00,TANH
0.467,0.467,0.465,0.465,16600,2022-04-08 23:30:00,TANH
0.465,0.465,0.465,0.465,1600,2022-04-08 23:31:00,TANH
0.467,0.467,0.467,0.467,108,2022-04-08 23:35:00,TANH
0.467,0.467,0.467,0.467,1000,2022-04-08 23:36:00,TANH
0.4668,0.4668,0.4668,0.4668,1000,2022-04-08 23:39:00,TANH
0.4621,0.4621,0.4621,0.4621,4100,2022-04-08 23:40:00,TANH
0.4621,0.4621,0.4621,0.4621,621,2022-04-08 23:41:00,TANH
0.4602,0.4602,0.4602,0.4602,100,2022-04-08 23:42:00,TANH
0.46,0.46,0.46,0.46,12454,2022-04-08 23:43:00,TANH
0.4601,0.4601,0.4601,0.4601,4900,2022-04-08 23:47:00,TANH
0.4603,0.4603,0.4603,0.4603,500,2022-04-08 23:49:00,TANH
0.4668,0.4668,0.4601,0.4668,1452,2022-04-08 23:50:00,TANH
0.4666,0.4668,0.4666,0.4668,2623,2022-04-08 23:55:00,TANH
0.467,0.467,0.467,0.467,445,2022-04-08 23:56:00,TANH
0.467,0.467,0.465,0.465,3847,2022-04-08 23:57:00,TANH
0.462,0.462,0.462,0.462,871,2022-04-08 23:58:00,TANH
0.485,0.485,0.485,0.485,100,2022-04-11 08:11:00,TANH
0.4681,0.4681,0.4681,0.4681,200,2022-04-11 08:23:00,TANH
0.4681,0.4681,0.4681,0.4681,130,2022-04-11 08:26:00,TANH
0.46,0.462,0.46,0.462,1108,2022-04-11 08:31:00,TANH
0.467,0.467,0.467,0.467,326,2022-04-11 08:33:00,TANH
0.467,0.467,0.467,0.467,152,2022-04-11 08:35:00,TANH
0.467,0.467,0.467,0.467,223,2022-04-11 08:39:00,TANH
0.461,0.461,0.4581,0.4581,500,2022-04-11 08:58:00,TANH
0.4665,0.4665,0.4581,0.4581,600,2022-04-11 08:59:00,TANH
0.46,0.46,0.4581,0.4581,500,2022-04-11 09:01:00,TANH
0.4581,0.4581,0.4581,0.4581,1350,2022-04-11 09:02:00,TANH
0.4581,0.4581,0.4581,0.4581,3500,2022-04-11 09:03:00,TANH
0.4581,0.4581,0.4581,0.4581,1000,2022-04-11 09:06:00,TANH
0.4691,0.4691,0.4691,0.4691,100,2022-04-11 09:12:00,TANH
0.46,0.46,0.4581,0.4581,519,2022-04-11 09:16:00,TANH
0.4631,0.4679,0.4631,0.4679,969,2022-04-11 09:33:00,TANH
0.46,0.46,0.46,0.46,100,2022-04-11 09:39:00,TANH
0.46,0.46,0.46,0.46,2890,2022-04-11 09:40:00,TANH
0.464,0.464,0.464,0.464,100,2022-04-11 09:43:00,TANH
0.4679,0.47,0.4679,0.47,941,2022-04-11 09:44:00,TANH
0.47,0.47,0.47,0.47,1000,2022-04-11 09:45:00,TANH
0.4605,0.464,0.4605,0.4605,1262,2022-04-11 09:47:00,TANH
0.4605,0.4605,0.46,0.46,964,2022-04-11 09:48:00,TANH
0.4605,0.4605,0.4605,0.4605,896,2022-04-11 09:50:00,TANH
0.4605,0.4605,0.46,0.46,7514,2022-04-11 09:51:00,TANH
0.46,0.46,0.46,0.46,858,2022-04-11 09:59:00,TANH
0.47,0.47,0.47,0.47,100,2022-04-11 10:07:00,TANH
0.4649,0.4698,0.4649,0.4698,418,2022-04-11 10:32:00,TANH
0.4601,0.4601,0.4601,0.4601,250,2022-04-11 10:33:00,TANH
0.46,0.46,0.46,0.46,1889,2022-04-11 10:36:00,TANH
0.4581,0.4581,0.4581,0.4581,147,2022-04-11 10:37:00,TANH
0.458,0.458,0.4575,0.4575,12900,2022-04-11 11:00:00,TANH
0.4649,0.4649,0.46,0.46,1200,2022-04-11 11:01:00,TANH
0.4684,0.4684,0.4684,0.4684,929,2022-04-11 11:02:00,TANH
0.4665,0.47,0.4665,0.4675,3008,2022-04-11 11:12:00,TANH
0.46,0.46,0.46,0.46,9889,2022-04-11 11:13:00,TANH
0.46,0.46,0.46,0.46,500,2022-04-11 11:19:00,TANH
0.46,0.46,0.46,0.46,10500,2022-04-11 11:20:00,TANH
0.46,0.46,0.46,0.46,3635,2022-04-11 11:22:00,TANH
0.4535,0.4535,0.4535,0.4535,112,2022-04-11 11:35:00,TANH
0.45,0.4532,0.44,0.45,3463,2022-04-11 11:36:00,TANH
0.4505,0.4505,0.45,0.45,750,2022-04-11 11:37:00,TANH
0.45,0.45,0.45,0.45,100,2022-04-11 11:41:00,TANH
0.45,0.45,0.45,0.45,5000,2022-04-11 11:42:00,TANH
0.45,0.45,0.45,0.45,1000,2022-04-11 11:45:00,TANH
0.45,0.45,0.45,0.45,1000,2022-04-11 11:46:00,TANH
0.4424,0.4424,0.442,0.442,7158,2022-04-11 11:47:00,TANH
0.445,0.445,0.4424,0.4424,387,2022-04-11 11:49:00,TANH
0.4489,0.45,0.4489,0.45,2000,2022-04-11 11:50:00,TANH
0.45,0.45,0.4428,0.45,12974,2022-04-11 12:04:00,TANH
0.45,0.45,0.45,0.45,5452,2022-04-11 12:05:00,TANH
0.4425,0.4425,0.442,0.442,4568,2022-04-11 12:06:00,TANH
0.442,0.442,0.442,0.442,1972,2022-04-11 12:07:00,TANH
0.442,0.442,0.442,0.442,300,2022-04-11 12:11:00,TANH
0.443,0.443,0.443,0.443,1000,2022-04-11 12:13:00,TANH
0.443,0.443,0.443,0.443,1099,2022-04-11 12:16:00,TANH
0.4459,0.4495,0.443,0.4495,2967,2022-04-11 12:17:00,TANH
0.45,0.45,0.45,0.45,100,2022-04-11 12:19:00,TANH
0.4479,0.45,0.4424,0.4426,4874,2022-04-11 12:23:00,TANH
0.4457,0.4457,0.442,0.442,7044,2022-04-11 12:25:00,TANH
0.4412,0.4412,0.44,0.44,8592,2022-04-11 12:26:00,TANH
0.44,0.45,0.44,0.45,34600,2022-04-11 12:27:00,TANH
0.45,0.45,0.45,0.45,2000,2022-04-11 12:29:00,TANH
0.445,0.445,0.445,0.445,287,2022-04-11 12:37:00,TANH
0.45,0.45,0.45,0.45,2221,2022-04-11 12:39:00,TANH
0.446,0.446,0.446,0.446,1000,2022-04-11 12:45:00,TANH
0.446,0.446,0.446,0.446,3253,2022-04-11 12:46:00,TANH
0.445,0.445,0.445,0.445,1872,2022-04-11 12:51:00,TANH
0.4492,0.4492,0.4492,0.4492,160,2022-04-11 12:52:00,TANH
0.4495,0.45,0.446,0.446,8307,2022-04-11 12:54:00,TANH
0.4699,0.4699,0.4699,0.4699,100,2022-04-11 12:55:00,TANH
0.45,0.45,0.445,0.445,1100,2022-04-11 12:56:00,TANH
0.4563,0.4623,0.4563,0.4608,1035,2022-04-11 12:58:00,TANH
0.4623,0.4623,0.4623,0.4623,2774,2022-04-11 13:00:00,TANH
0.4623,0.468,0.4623,0.468,3217,2022-04-11 13:01:00,TANH
0.4624,0.4624,0.4605,0.4605,5400,2022-04-11 13:02:00,TANH
0.4641,0.4641,0.4641,0.4641,100,2022-04-11 13:03:00,TANH
0.4523,0.4532,0.45,0.45,8200,2022-04-11 13:06:00,TANH
0.45,0.45,0.45,0.45,148,2022-04-11 13:07:00,TANH
0.45,0.4506,0.45,0.4505,3398,2022-04-11 13:12:00,TANH
0.4505,0.4505,0.4505,0.4505,657,2022-04-11 13:13:00,TANH
0.4505,0.4505,0.4505,0.4505,6828,2022-04-11 13:14:00,TANH
0.4505,0.4505,0.4505,0.4505,20250,2022-04-11 13:15:00,TANH
0.4549,0.4549,0.4505,0.4505,307,2022-04-11 13:17:00,TANH
0.4505,0.4505,0.4505,0.4505,100,2022-04-11 13:19:00,TANH
0.4507,0.4507,0.4507,0.4507,100,2022-04-11 13:20:00,TANH
0.4507,0.4549,0.4507,0.4547,2200,2022-04-11 13:21:00,TANH
0.4597,0.4597,0.455,0.4587,10000,2022-04-11 13:24:00,TANH
0.4505,0.4573,0.4505,0.4573,2620,2022-04-11 13:25:00,TANH
0.4508,0.4508,0.4505,0.4505,10000,2022-04-11 13:28:00,TANH
0.455,0.455,0.455,0.455,100,2022-04-11 13:29:00,TANH
0.4681,0.4777,0.456,0.4622,39271,2022-04-11 13:30:00,TANH
0.4623,0.4684,0.4561,0.4588,5195,2022-04-11 13:31:00,TANH
0.457,0.46,0.4505,0.4599,11150,2022-04-11 13:32:00,TANH
0.455,0.459,0.451,0.459,15605,2022-04-11 13:33:00,TANH
0.46,0.46,0.453,0.455906,43533,2022-04-11 13:34:00,TANH
0.4575,0.4575,0.4542,0.4542,21275,2022-04-11 13:35:00,TANH
0.453,0.4559,0.45,0.4559,29482,2022-04-11 13:36:00,TANH
0.4511,0.46,0.4511,0.46,6219,2022-04-11 13:37:00,TANH
0.459999,0.46,0.455,0.455,9946,2022-04-11 13:38:00,TANH
0.4549,0.4549,0.4511,0.4511,21193,2022-04-11 13:39:00,TANH
0.4549,0.4549,0.45,0.45,65100,2022-04-11 13:40:00,TANH
0.4517,0.4517,0.45,0.45,16168,2022-04-11 13:41:00,TANH
0.4517,0.4517,0.45,0.4501,14495,2022-04-11 13:42:00,TANH
0.4501,0.451699,0.4412,0.4516,43507,2022-04-11 13:43:00,TANH
0.4516,0.4516,0.4471,0.450599,79915,2022-04-11 13:44:00,TANH
0.4506,0.4506,0.4505,0.4505,4500,2022-04-11 13:45:00,TANH
0.4506,0.4506,0.4416,0.450499,2191,2022-04-11 13:46:00,TANH
0.446,0.4504,0.4428,0.448951,11540,2022-04-11 13:47:00,TANH
0.448101,0.4516,0.448101,0.45,11712,2022-04-11 13:48:00,TANH
0.4509,0.455,0.450101,0.451101,19088,2022-04-11 13:49:00,TANH
0.451101,0.4774,0.45,0.4774,94066,2022-04-11 13:50:00,TANH
0.4529,0.4529,0.4529,0.4529,2000,2022-04-11 13:51:00,TANH
0.4645,0.4738,0.460101,0.4736,12079,2022-04-11 13:52:00,TANH
0.47,0.4736,0.465,0.47,14647,2022-04-11 13:53:00,TANH
0.466,0.4675,0.465,0.465,10800,2022-04-11 13:54:00,TANH
0.465,0.4675,0.462,0.4675,27850,2022-04-11 13:55:00,TANH
0.463,0.467,0.462,0.4667,13702,2022-04-11 13:57:00,TANH
0.4668,0.4668,0.4634,0.4668,12000,2022-04-11 13:58:00,TANH
0.4668,0.4668,0.4668,0.4668,165,2022-04-11 13:59:00,TANH
0.4642,0.4743,0.4639,0.4719,87274,2022-04-11 14:01:00,TANH
0.4744,0.4744,0.473199,0.4744,13282,2022-04-11 14:02:00,TANH
0.4741,0.4744,0.474,0.4744,7409,2022-04-11 14:03:00,TANH
0.4744,0.4744,0.4722,0.4722,4723,2022-04-11 14:04:00,TANH
0.4741,0.4744,0.4739,0.4739,17634,2022-04-11 14:05:00,TANH
0.473899,0.4739,0.47,0.471949,4235,2022-04-11 14:06:00,TANH
0.4738,0.4739,0.4718,0.4718,5823,2022-04-11 14:07:00,TANH
0.4714,0.4718,0.47,0.470901,32191,2022-04-11 14:08:00,TANH
0.4708,0.474,0.46,0.474,43191,2022-04-11 14:09:00,TANH
0.4656,0.4656,0.4656,0.4656,7500,2022-04-11 14:10:00,TANH
0.4695,0.4739,0.4695,0.4739,2418,2022-04-11 14:11:00,TANH
0.4738,0.4739,0.4677,0.4739,1600,2022-04-11 14:12:00,TANH
0.4738,0.4738,0.4698,0.4698,2100,2022-04-11 14:13:00,TANH
0.461,0.47,0.4555,0.4555,24702,2022-04-11 14:14:00,TANH
0.4555,0.4699,0.4555,0.4698,12593,2022-04-11 14:15:00,TANH
0.4627,0.4627,0.462599,0.462599,1242,2022-04-11 14:16:00,TANH
0.4626,0.4627,0.4555,0.4555,17781,2022-04-11 14:17:00,TANH
0.4626,0.465,0.4626,0.465,750,2022-04-11 14:18:00,TANH
0.46,0.46,0.46,0.46,1100,2022-04-11 14:19:00,TANH
0.4557,0.4557,0.4557,0.4557,419,2022-04-11 14:21:00,TANH
0.459,0.459,0.4555,0.4555,1132,2022-04-11 14:22:00,TANH
0.4629,0.463,0.459251,0.459251,58423,2022-04-11 14:23:00,TANH
0.4625,0.463,0.4599,0.4599,4000,2022-04-11 14:24:00,TANH
0.45775,0.46,0.45775,0.459,7097,2022-04-11 14:25:00,TANH
0.4625,0.4699,0.4619,0.4699,12920,2022-04-11 14:26:00,TANH
0.465,0.4699,0.465,0.4699,1105,2022-04-11 14:27:00,TANH
0.4699,0.4699,0.4627,0.4698,4380,2022-04-11 14:29:00,TANH
0.4698,0.4698,0.465101,0.465101,7866,2022-04-11 14:30:00,TANH
0.465,0.4699,0.465,0.4699,1847,2022-04-11 14:31:00,TANH
0.4675,0.4675,0.46,0.4652,11495,2022-04-11 14:32:00,TANH
0.4698,0.4698,0.4557,0.4697,2085,2022-04-11 14:33:00,TANH
0.4642,0.4697,0.4642,0.4656,1100,2022-04-11 14:34:00,TANH
0.469,0.469,0.4689,0.4689,2649,2022-04-11 14:35:00,TANH
0.469,0.469,0.4656,0.4656,3049,2022-04-11 14:36:00,TANH
0.4622,0.465,0.4622,0.465,1230,2022-04-11 14:37:00,TANH
0.4556,0.468999,0.4556,0.468199,8800,2022-04-11 14:38:00,TANH
0.465,0.465,0.460101,0.460101,2500,2022-04-11 14:39:00,TANH
0.462501,0.465,0.46,0.465,13076,2022-04-11 14:40:00,TANH
0.4671,0.469,0.467,0.469,39374,2022-04-11 14:41:00,TANH
0.4689,0.469,0.4671,0.469,14050,2022-04-11 14:42:00,TANH
0.469,0.4739,0.4689,0.4738,102387,2022-04-11 14:43:00,TANH
0.4719,0.4723,0.4719,0.4723,2070,2022-04-11 14:44:00,TANH
0.4722,0.4722,0.4701,0.4722,14304,2022-04-11 14:45:00,TANH
0.4723,0.4723,0.4687,0.4687,45482,2022-04-11 14:46:00,TANH
0.47,0.47,0.469,0.4699,104050,2022-04-11 14:47:00,TANH
0.4699,0.4699,0.4652,0.4652,3200,2022-04-11 14:48:00,TANH
0.4699,0.47,0.4699,0.47,350,2022-04-11 14:49:00,TANH
0.47,0.47,0.464,0.464,7028,2022-04-11 14:50:00,TANH
0.464101,0.4644,0.4641,0.4641,2000,2022-04-11 14:51:00,TANH
0.464,0.4641,0.461,0.4611,5819,2022-04-11 14:52:00,TANH
0.460401,0.4641,0.460401,0.4641,6032,2022-04-11 14:53:00,TANH
0.4641,0.4641,0.4604,0.4623,1206,2022-04-11 14:54:00,TANH
0.4622,0.4622,0.4622,0.4622,150,2022-04-11 14:55:00,TANH
0.4623,0.4699,0.4603,0.4603,17945,2022-04-11 14:56:00,TANH
0.4651,0.47,0.4651,0.4698,33081,2022-04-11 14:57:00,TANH
0.4653,0.47,0.46,0.47,18491,2022-04-11 14:58:00,TANH
0.4628,0.469999,0.4628,0.4699,1900,2022-04-11 14:59:00,TANH
0.46,0.47,0.46,0.47,850,2022-04-11 15:00:00,TANH
0.4628,0.4628,0.4628,0.4628,3000,2022-04-11 15:01:00,TANH
0.4699,0.4699,0.4663,0.4663,300,2022-04-11 15:02:00,TANH
0.4698,0.4698,0.4698,0.4698,1500,2022-04-11 15:03:00,TANH
0.4693,0.4693,0.4693,0.4693,500,2022-04-11 15:04:00,TANH
0.4688,0.4688,0.4688,0.4688,1400,2022-04-11 15:05:00,TANH
0.4629,0.468,0.4629,0.468,2900,2022-04-11 15:07:00,TANH
0.4628,0.4628,0.4555,0.4555,900,2022-04-11 15:08:00,TANH
0.4617,0.4617,0.4617,0.4617,317,2022-04-11 15:09:00,TANH
0.468,0.468,0.462,0.468,15350,2022-04-11 15:10:00,TANH
0.465001,0.465001,0.465001,0.465001,300,2022-04-11 15:11:00,TANH
0.462999,0.4674,0.462,0.4674,4580,2022-04-11 15:13:00,TANH
0.462,0.462,0.4617,0.4617,1862,2022-04-11 15:14:00,TANH
0.4599,0.4599,0.4556,0.4599,3061,2022-04-11 15:15:00,TANH
0.4597,0.4597,0.458,0.458,1147,2022-04-11 15:16:00,TANH
0.4556,0.457,0.4556,0.457,2389,2022-04-11 15:17:00,TANH
0.4556,0.457,0.4556,0.457,5100,2022-04-11 15:18:00,TANH
0.4562,0.4562,0.4562,0.4562,3800,2022-04-11 15:19:00,TANH
0.4555,0.4584,0.455,0.4584,58000,2022-04-11 15:20:00,TANH
0.4598,0.4598,0.4598,0.4598,1025,2022-04-11 15:21:00,TANH
0.4598,0.4598,0.455,0.4598,21200,2022-04-11 15:22:00,TANH
0.4574,0.4574,0.455,0.455,38950,2022-04-11 15:23:00,TANH
0.4574,0.4574,0.455,0.455,5252,2022-04-11 15:24:00,TANH
0.4598,0.4598,0.4501,0.4597,9753,2022-04-11 15:25:00,TANH
0.450201,0.454899,0.450201,0.454899,8100,2022-04-11 15:26:00,TANH
0.4549,0.4549,0.4502,0.4502,4986,2022-04-11 15:27:00,TANH
0.4544,0.4544,0.4501,0.4529,4800,2022-04-11 15:28:00,TANH
0.4529,0.4529,0.4502,0.4529,15117,2022-04-11 15:29:00,TANH
0.4501,0.4529,0.4501,0.4515,7027,2022-04-11 15:30:00,TANH
0.4528,0.4529,0.4515,0.4528,8700,2022-04-11 15:31:00,TANH
0.452001,0.4528,0.452001,0.4524,4400,2022-04-11 15:32:00,TANH
0.4528,0.4596,0.4526,0.4596,8433,2022-04-11 15:33:00,TANH
0.4563,0.4563,0.4501,0.4501,10054,2022-04-11 15:34:00,TANH
0.4548,0.4548,0.4548,0.4548,5000,2022-04-11 15:35:00,TANH
0.4548,0.4596,0.4548,0.4596,1385,2022-04-11 15:36:00,TANH
0.4501,0.4596,0.4501,0.4596,2001,2022-04-11 15:38:00,TANH
0.4596,0.4596,0.4573,0.4591,2693,2022-04-11 15:39:00,TANH
0.459499,0.459499,0.455101,0.455101,1750,2022-04-11 15:40:00,TANH
0.455751,0.455751,0.452501,0.452501,3140,2022-04-11 15:42:00,TANH
0.452501,0.459,0.452501,0.4589,10100,2022-04-11 15:43:00,TANH
0.4567,0.4589,0.4567,0.4589,4450,2022-04-11 15:44:00,TANH
0.4595,0.4596,0.4595,0.4596,8700,2022-04-11 15:45:00,TANH
0.4591,0.4591,0.4526,0.4526,5978,2022-04-11 15:46:00,TANH
0.455,0.459599,0.455,0.459599,300,2022-04-11 15:48:00,TANH
0.4596,0.4596,0.4596,0.4596,250,2022-04-11 15:49:00,TANH
0.459,0.459,0.454,0.454,1100,2022-04-11 15:51:00,TANH
0.4529,0.4529,0.4503,0.4525,10060,2022-04-11 15:52:00,TANH
0.4518,0.4518,0.4518,0.4518,2448,2022-04-11 15:53:00,TANH
0.4511,0.4511,0.45,0.4505,28294,2022-04-11 15:54:00,TANH
0.4514,0.4514,0.442,0.442,49560,2022-04-11 15:55:00,TANH
0.4421,0.4584,0.4416,0.4584,34301,2022-04-11 15:56:00,TANH
0.4419,0.447,0.441,0.447,68055,2022-04-11 15:57:00,TANH
0.4501,0.4501,0.45,0.45,2202,2022-04-11 15:58:00,TANH
0.4499,0.4499,0.449799,0.4499,3500,2022-04-11 15:59:00,TANH
0.4498,0.4499,0.4498,0.4499,15237,2022-04-11 16:00:00,TANH
0.4498,0.4498,0.4472,0.44915,81100,2022-04-11 16:01:00,TANH
0.4493,0.4495,0.4493,0.4495,2000,2022-04-11 16:02:00,TANH
0.4496,0.45405,0.4496,0.45405,14251,2022-04-11 16:03:00,TANH
0.4503,0.4507,0.4502,0.4502,11150,2022-04-11 16:04:00,TANH
0.4509,0.4579,0.45,0.4579,7570,2022-04-11 16:05:00,TANH
0.4579,0.4579,0.452,0.4579,3055,2022-04-11 16:06:00,TANH
0.4503,0.4503,0.4492,0.4492,20153,2022-04-11 16:07:00,TANH
0.4461,0.4461,0.4461,0.4461,1580,2022-04-11 16:08:00,TANH
0.448,0.448,0.4443,0.446,7940,2022-04-11 16:09:00,TANH
0.445899,0.445899,0.4424,0.445,23048,2022-04-11 16:10:00,TANH
0.44495,0.4481,0.44495,0.448,10204,2022-04-11 16:11:00,TANH
0.4485,0.4485,0.4485,0.4485,1000,2022-04-11 16:12:00,TANH
0.4472,0.448,0.4424,0.4424,35172,2022-04-11 16:13:00,TANH
0.4466,0.4466,0.4466,0.4466,100,2022-04-11 16:14:00,TANH
0.445,0.4499,0.441,0.4499,64981,2022-04-11 16:15:00,TANH
0.4457,0.4457,0.4456,0.4456,600,2022-04-11 16:16:00,TANH
0.4499,0.4499,0.4456,0.4456,2634,2022-04-11 16:17:00,TANH
0.4499,0.4499,0.446601,0.446601,23532,2022-04-11 16:18:00,TANH
0.4466,0.4466,0.4464,0.4465,3110,2022-04-11 16:19:00,TANH
0.4466,0.4493,0.4465,0.4465,2726,2022-04-11 16:20:00,TANH
0.4464,0.449899,0.4456,0.449899,1600,2022-04-11 16:21:00,TANH
0.4499,0.4499,0.4499,0.4499,100,2022-04-11 16:23:00,TANH
0.4499,0.4499,0.4461,0.4461,325,2022-04-11 16:24:00,TANH
0.4498,0.4498,0.4498,0.4498,100,2022-04-11 16:25:00,TANH
0.449762,0.4498,0.449762,0.4498,3626,2022-04-11 16:26:00,TANH
0.4498,0.4498,0.4498,0.4498,812,2022-04-11 16:27:00,TANH
0.449699,0.449799,0.449699,0.449799,3551,2022-04-11 16:28:00,TANH
0.4496,0.4496,0.4496,0.4496,500,2022-04-11 16:29:00,TANH
0.449,0.449,0.449,0.449,500,2022-04-11 16:30:00,TANH
0.449,0.4498,0.447,0.4498,7795,2022-04-11 16:31:00,TANH
0.4498,0.4498,0.4497,0.4497,3200,2022-04-11 16:32:00,TANH
0.4497,0.4499,0.448901,0.4497,18883,2022-04-11 16:35:00,TANH
0.4498,0.4498,0.4489,0.4494,5022,2022-04-11 16:36:00,TANH
0.4484,0.4499,0.447129,0.4499,16857,2022-04-11 16:38:00,TANH
0.4495,0.4497,0.4495,0.4497,300,2022-04-11 16:39:00,TANH
0.4498,0.4498,0.4497,0.4497,1700,2022-04-11 16:40:00,TANH
0.4498,0.4498,0.4498,0.4498,1300,2022-04-11 16:41:00,TANH
0.4498,0.4498,0.447,0.447,6777,2022-04-11 16:42:00,TANH
0.4484,0.4498,0.4455,0.4498,55613,2022-04-11 16:43:00,TANH
0.4455,0.4498,0.4455,0.4498,29100,2022-04-11 16:44:00,TANH
0.4497,0.4497,0.4497,0.4497,2550,2022-04-11 16:45:00,TANH
0.4483,0.449799,0.4483,0.4483,700,2022-04-11 16:46:00,TANH
0.4455,0.449799,0.4455,0.4455,5566,2022-04-11 16:48:00,TANH
0.4455,0.4498,0.4455,0.4498,715,2022-04-11 16:50:00,TANH
0.44765,0.4498,0.44765,0.4498,270,2022-04-11 16:51:00,TANH
0.4498,0.4498,0.4498,0.4498,635,2022-04-11 16:52:00,TANH
0.4483,0.449699,0.4483,0.449699,300,2022-04-11 16:55:00,TANH
0.4497,0.4498,0.44765,0.44765,5850,2022-04-11 16:57:00,TANH
0.449699,0.449699,0.4455,0.449133,10188,2022-04-11 16:58:00,TANH
0.4459,0.448799,0.4456,0.448,800,2022-04-11 16:59:00,TANH
0.4479,0.4489,0.4457,0.4467,21400,2022-04-11 17:00:00,TANH
0.4455,0.4455,0.444,0.444,2437,2022-04-11 17:01:00,TANH
0.4412,0.4449,0.441,0.4449,48463,2022-04-11 17:02:00,TANH
0.443,0.4449,0.443,0.4434,41960,2022-04-11 17:03:00,TANH
0.4488,0.4488,0.4436,0.4454,4561,2022-04-11 17:04:00,TANH
0.44365,0.4454,0.44365,0.4454,10100,2022-04-11 17:05:00,TANH
0.4442,0.4454,0.4442,0.4453,55525,2022-04-11 17:06:00,TANH
0.4453,0.4454,0.4453,0.4454,26104,2022-04-11 17:07:00,TANH
0.4454,0.4455,0.4454,0.4454,18850,2022-04-11 17:08:00,TANH
0.445,0.445,0.441,0.4449,44644,2022-04-11 17:09:00,TANH
0.445,0.4457,0.4449,0.4457,6914,2022-04-11 17:10:00,TANH
0.4463,0.4463,0.4434,0.4434,1900,2022-04-11 17:11:00,TANH
0.4466,0.4466,0.4466,0.4466,300,2022-04-11 17:12:00,TANH
0.4466,0.4466,0.4466,0.4466,2600,2022-04-11 17:13:00,TANH
0.4466,0.4466,0.4466,0.4466,249,2022-04-11 17:14:00,TANH
0.446,0.446,0.4449,0.4449,517,2022-04-11 17:15:00,TANH
0.444549,0.4446,0.4441,0.4441,13700,2022-04-11 17:16:00,TANH
0.445,0.445,0.445,0.445,1284,2022-04-11 17:20:00,TANH
0.4449,0.4449,0.4449,0.4449,3300,2022-04-11 17:21:00,TANH
0.445,0.445,0.4449,0.445,5200,2022-04-11 17:22:00,TANH
0.4451,0.4451,0.4451,0.4451,2500,2022-04-11 17:23:00,TANH
0.4451,0.4451,0.4451,0.4451,1010,2022-04-11 17:24:00,TANH
0.4451,0.4451,0.4441,0.4441,4000,2022-04-11 17:25:00,TANH
0.4449,0.4449,0.4449,0.4449,100,2022-04-11 17:26:00,TANH
0.445,0.445,0.4449,0.4449,3376,2022-04-11 17:27:00,TANH
0.445,0.445,0.445,0.445,1000,2022-04-11 17:28:00,TANH
0.445,0.445,0.444999,0.445,2867,2022-04-11 17:29:00,TANH
0.445,0.4451,0.445,0.445,1700,2022-04-11 17:31:00,TANH
0.4441,0.4441,0.4441,0.4441,490,2022-04-11 17:32:00,TANH
0.445,0.445,0.4411,0.4411,29433,2022-04-11 17:34:00,TANH
0.441,0.441,0.441,0.441,11870,2022-04-11 17:35:00,TANH
0.4412,0.4412,0.4402,0.4402,4811,2022-04-11 17:36:00,TANH
0.440201,0.440201,0.440201,0.440201,400,2022-04-11 17:37:00,TANH
0.443,0.445,0.443,0.445,40100,2022-04-11 17:38:00,TANH
0.4451,0.4451,0.4451,0.4451,752,2022-04-11 17:39:00,TANH
0.4451,0.4451,0.4451,0.4451,5000,2022-04-11 17:40:00,TANH
0.445,0.4455,0.445,0.4455,7480,2022-04-11 17:41:00,TANH
0.4466,0.4466,0.4466,0.4466,2000,2022-04-11 17:42:00,TANH
0.4466,0.4466,0.4466,0.4466,500,2022-04-11 17:43:00,TANH
0.4466,0.4466,0.4466,0.4466,290,2022-04-11 17:44:00,TANH
0.44601,0.4466,0.44601,0.4466,27154,2022-04-11 17:45:00,TANH
0.446,0.446,0.446,0.446,373,2022-04-11 17:49:00,TANH
0.445899,0.4459,0.4453,0.4453,6000,2022-04-11 17:53:00,TANH
0.4458,0.4458,0.445,0.445,9079,2022-04-11 17:54:00,TANH
0.4456,0.4472,0.4456,0.4472,9990,2022-04-11 17:56:00,TANH
0.4456,0.4456,0.4456,0.4456,200,2022-04-11 17:58:00,TANH
0.4451,0.4456,0.445,0.4455,13902,2022-04-11 17:59:00,TANH
0.4451,0.4456,0.445,0.445599,18335,2022-04-11 18:03:00,TANH
0.4456,0.4456,0.4456,0.4456,4951,2022-04-11 18:04:00,TANH
0.4456,0.4456,0.4456,0.4456,300,2022-04-11 18:05:00,TANH
0.445599,0.445599,0.445599,0.445599,215,2022-04-11 18:12:00,TANH
0.4456,0.446,0.4456,0.446,2505,2022-04-11 18:14:00,TANH
0.4477,0.4477,0.4477,0.4477,15649,2022-04-11 18:15:00,TANH
0.4488,0.4488,0.4488,0.4488,10000,2022-04-11 18:16:00,TANH
0.4488,0.4488,0.4487,0.4487,300,2022-04-11 18:17:00,TANH
0.4488,0.4488,0.4488,0.4488,10216,2022-04-11 18:18:00,TANH
0.44825,0.44825,0.44825,0.44825,1000,2022-04-11 18:19:00,TANH
0.4477,0.4477,0.4477,0.4477,4701,2022-04-11 18:20:00,TANH
0.4487,0.4487,0.4487,0.4487,100,2022-04-11 18:21:00,TANH
0.448699,0.448699,0.448699,0.448699,1800,2022-04-11 18:25:00,TANH
0.4451,0.4451,0.4451,0.4451,200,2022-04-11 18:27:00,TANH
0.445844,0.445844,0.445844,0.445844,236,2022-04-11 18:28:00,TANH
0.4457,0.4459,0.4457,0.4459,3720,2022-04-11 18:29:00,TANH
0.4458,0.4458,0.445699,0.445699,10660,2022-04-11 18:30:00,TANH
0.445,0.4452,0.445,0.4451,11975,2022-04-11 18:31:00,TANH
0.4451,0.4451,0.4451,0.4451,1240,2022-04-11 18:32:00,TANH
0.4451,0.4451,0.4451,0.4451,217,2022-04-11 18:33:00,TANH
0.4451,0.4451,0.444,0.445,12707,2022-04-11 18:34:00,TANH
0.4451,0.4451,0.4451,0.4451,1136,2022-04-11 18:35:00,TANH
0.4451,0.4451,0.4451,0.4451,120,2022-04-11 18:36:00,TANH
0.4451,0.4451,0.445,0.4451,4400,2022-04-11 18:41:00,TANH
0.4453,0.4453,0.445201,0.445201,661,2022-04-11 18:42:00,TANH
0.448699,0.448699,0.448699,0.448699,100,2022-04-11 18:44:00,TANH
0.445401,0.445401,0.445401,0.445401,200,2022-04-11 18:46:00,TANH
0.4454,0.4454,0.4454,0.4454,100,2022-04-11 18:47:00,TANH
0.4454,0.4487,0.4454,0.4487,2800,2022-04-11 18:50:00,TANH
0.4487,0.4487,0.4487,0.4487,8000,2022-04-11 18:53:00,TANH
0.44705,0.44705,0.44705,0.44705,290,2022-04-11 18:54:00,TANH
0.4454,0.44705,0.4454,0.44705,700,2022-04-11 18:56:00,TANH
0.4455,0.4455,0.4455,0.4455,200,2022-04-11 18:57:00,TANH
0.4456,0.4456,0.4456,0.4456,900,2022-04-11 18:58:00,TANH
0.4487,0.4487,0.448699,0.448699,1802,2022-04-11 18:59:00,TANH
0.4487,0.4487,0.4455,0.4487,81700,2022-04-11 19:00:00,TANH
0.4487,0.4487,0.4487,0.4487,2150,2022-04-11 19:01:00,TANH
0.4487,0.4487,0.4487,0.4487,1000,2022-04-11 19:02:00,TANH
0.4463,0.4463,0.4411,0.4411,20692,2022-04-11 19:04:00,TANH
0.4414,0.4414,0.437,0.4384,49201,2022-04-11 19:05:00,TANH
0.4383,0.4384,0.4355,0.4361,24233,2022-04-11 19:06:00,TANH
0.4355,0.4362,0.4353,0.4353,37657,2022-04-11 19:07:00,TANH
0.4356,0.4356,0.4356,0.4356,5655,2022-04-11 19:08:00,TANH
0.4362,0.4362,0.4362,0.4362,2696,2022-04-11 19:09:00,TANH
0.4362,0.4362,0.4362,0.4362,650,2022-04-11 19:10:00,TANH
0.4362,0.4362,0.4361,0.4362,13299,2022-04-11 19:11:00,TANH
0.4362,0.4363,0.436196,0.4362,7043,2022-04-11 19:12:00,TANH
0.4362,0.4363,0.4362,0.4362,11700,2022-04-11 19:13:00,TANH
0.4363,0.4363,0.4362,0.4363,4222,2022-04-11 19:14:00,TANH
0.4363,0.4363,0.4362,0.4363,3556,2022-04-11 19:15:00,TANH
0.4363,0.4363,0.4305,0.433801,34378,2022-04-11 19:16:00,TANH
0.4349,0.4349,0.4299,0.4299,49506,2022-04-11 19:17:00,TANH
0.425,0.425,0.4224,0.4224,262617,2022-04-11 19:18:00,TANH
0.4244,0.43,0.4244,0.4271,20358,2022-04-11 19:19:00,TANH
0.4271,0.4271,0.4224,0.423,73224,2022-04-11 19:20:00,TANH
0.423,0.423,0.4229,0.423,10195,2022-04-11 19:21:00,TANH
0.4229,0.4229,0.411,0.4123,238540,2022-04-11 19:22:00,TANH
0.4136,0.4136,0.411,0.4117,123932,2022-04-11 19:23:00,TANH
0.4121,0.415,0.4111,0.4119,23600,2022-04-11 19:24:00,TANH
0.4194,0.4194,0.4153,0.4172,48689,2022-04-11 19:25:00,TANH
0.41655,0.41655,0.4151,0.4151,42491,2022-04-11 19:26:00,TANH
0.4151,0.4151,0.415098,0.4151,20350,2022-04-11 19:27:00,TANH
0.4151,0.4193,0.415017,0.4193,109901,2022-04-11 19:28:00,TANH
0.4172,0.4172,0.412299,0.412299,34711,2022-04-11 19:29:00,TANH
0.4185,0.4193,0.412,0.4124,26103,2022-04-11 19:30:00,TANH
0.4124,0.4124,0.4123,0.4124,16030,2022-04-11 19:31:00,TANH
0.4124,0.4124,0.4124,0.4124,1000,2022-04-11 19:32:00,TANH
0.4123,0.4124,0.4123,0.4124,40600,2022-04-11 19:33:00,TANH
0.4131,0.419,0.4125,0.413,12000,2022-04-11 19:34:00,TANH
0.414199,0.414199,0.4126,0.4126,33243,2022-04-11 19:35:00,TANH
0.4127,0.4137,0.4125,0.4135,67551,2022-04-11 19:36:00,TANH
0.4135,0.4135,0.4126,0.4129,10038,2022-04-11 19:37:00,TANH
0.4128,0.413,0.4128,0.413,3000,2022-04-11 19:38:00,TANH
0.4184,0.4185,0.416,0.4185,9200,2022-04-11 19:39:00,TANH
0.416,0.416,0.4126,0.4132,128226,2022-04-11 19:40:00,TANH
0.4133,0.4134,0.4126,0.4128,20617,2022-04-11 19:41:00,TANH
0.4128,0.4128,0.4127,0.4128,37021,2022-04-11 19:42:00,TANH
0.4182,0.4182,0.4127,0.4127,1850,2022-04-11 19:43:00,TANH
0.4127,0.4127,0.4126,0.4126,17150,2022-04-11 19:44:00,TANH
0.4127,0.4127,0.4126,0.4127,22162,2022-04-11 19:45:00,TANH
0.4127,0.4127,0.412601,0.412601,3184,2022-04-11 19:46:00,TANH
0.4127,0.4138,0.4127,0.4127,12875,2022-04-11 19:47:00,TANH
0.4127,0.4127,0.412698,0.4127,33325,2022-04-11 19:48:00,TANH
0.4127,0.4127,0.4127,0.4127,1400,2022-04-11 19:49:00,TANH
0.4127,0.4127,0.4127,0.4127,20583,2022-04-11 19:50:00,TANH
0.4132,0.4132,0.4127,0.4128,30648,2022-04-11 19:51:00,TANH
0.4128,0.4128,0.4127,0.4127,22200,2022-04-11 19:52:00,TANH
0.4127,0.4127,0.41261,0.41261,3200,2022-04-11 19:53:00,TANH
0.4126,0.4126,0.41,0.4109,152859,2022-04-11 19:54:00,TANH
0.410065,0.4104,0.41,0.41,24210,2022-04-11 19:55:00,TANH
0.4101,0.4101,0.41,0.41,38500,2022-04-11 19:56:00,TANH
0.4086,0.41,0.4081,0.41,67691,2022-04-11 19:57:00,TANH
0.41,0.4125,0.409,0.4103,47525,2022-04-11 19:58:00,TANH
0.4127,0.4127,0.4116,0.4127,8650,2022-04-11 19:59:00,TANH
0.4127,0.4127,0.4127,0.4127,1833,2022-04-11 20:00:00,TANH
0.412,0.4127,0.412,0.4127,500,2022-04-11 20:01:00,TANH
0.4083,0.4127,0.4083,0.4083,4528,2022-04-11 20:03:00,TANH
0.4127,0.4127,0.4127,0.4127,480,2022-04-11 20:05:00,TANH
0.4083,0.4083,0.4083,0.4083,3900,2022-04-11 20:07:00,TANH
0.4127,0.4127,0.41,0.41,11000,2022-04-11 20:08:00,TANH
0.4127,0.4127,0.4127,0.4127,100,2022-04-11 20:11:00,TANH
0.41,0.41,0.41,0.41,105,2022-04-11 20:12:00,TANH
0.41,0.41,0.4083,0.4083,417,2022-04-11 20:13:00,TANH
0.4127,0.4127,0.4127,0.4127,8000,2022-04-11 20:17:00,TANH
0.4127,0.4127,0.4127,0.4127,500,2022-04-11 20:18:00,TANH
0.4127,0.4127,0.4127,0.4127,2300,2022-04-11 20:20:00,TANH
0.4127,0.4127,0.4127,0.4127,2000,2022-04-11 20:23:00,TANH
0.412,0.412,0.412,0.412,100,2022-04-11 20:26:00,TANH
0.4117,0.4117,0.4117,0.4117,1000,2022-04-11 20:29:00,TANH
0.41,0.41,0.41,0.41,1280,2022-04-11 20:35:00,TANH
0.4083,0.41,0.4083,0.41,1880,2022-04-11 20:36:00,TANH
0.41,0.41,0.41,0.41,500,2022-04-11 20:39:00,TANH
0.4118,0.4118,0.4118,0.4118,990,2022-04-11 20:43:00,TANH
0.4118,0.4118,0.4118,0.4118,350,2022-04-11 20:44:00,TANH
0.4118,0.4118,0.4118,0.4118,500,2022-04-11 20:49:00,TANH
0.4127,0.4127,0.4118,0.4118,9000,2022-04-11 20:50:00,TANH
0.4118,0.4118,0.4118,0.4118,250,2022-04-11 20:52:00,TANH
0.4118,0.4118,0.4118,0.4118,7000,2022-04-11 20:54:00,TANH
0.4118,0.4118,0.41,0.41,3442,2022-04-11 20:57:00,TANH
0.41,0.41,0.41,0.41,641,2022-04-11 21:04:00,TANH
0.41,0.41,0.41,0.41,319,2022-04-11 21:05:00,TANH
0.41,0.41,0.41,0.41,500,2022-04-11 21:08:00,TANH
0.41,0.41,0.41,0.41,1223,2022-04-11 21:10:00,TANH
0.41,0.41,0.41,0.41,2000,2022-04-11 21:11:00,TANH
0.41,0.41,0.41,0.41,909,2022-04-11 21:12:00,TANH
0.4083,0.4083,0.4083,0.4083,550,2022-04-11 21:13:00,TANH
0.4083,0.4084,0.4083,0.4083,9120,2022-04-11 21:16:00,TANH
0.409,0.41,0.409,0.41,15600,2022-04-11 21:25:00,TANH
0.409,0.409,0.409,0.409,300,2022-04-11 21:27:00,TANH
0.41,0.41,0.41,0.41,1000,2022-04-11 21:29:00,TANH
0.409,0.409,0.4083,0.4083,10000,2022-04-11 21:30:00,TANH
0.409,0.409,0.409,0.409,4994,2022-04-11 21:32:00,TANH
0.41,0.41,0.4084,0.4084,1615,2022-04-11 21:33:00,TANH
0.4084,0.4084,0.4084,0.4084,100,2022-04-11 21:35:00,TANH
0.4118,0.4118,0.4118,0.4118,300,2022-04-11 21:36:00,TANH
0.41,0.41,0.41,0.41,300,2022-04-11 21:39:00,TANH
0.411,0.411,0.411,0.411,200,2022-04-11 21:48:00,TANH
0.4115,0.4115,0.4115,0.4115,200,2022-04-11 21:51:00,TANH
0.41,0.41,0.41,0.41,1000,2022-04-11 21:54:00,TANH
0.4087,0.4087,0.4086,0.4086,3000,2022-04-11 21:56:00,TANH
0.4118,0.4118,0.4118,0.4118,45000,2022-04-11 21:59:00,TANH
0.4086,0.4127,0.4086,0.4127,45000,2022-04-11 22:07:00,TANH
0.4127,0.4127,0.4127,0.4127,2000,2022-04-11 22:14:00,TANH
0.4127,0.4127,0.4127,0.4127,100,2022-04-11 22:16:00,TANH
0.4126,0.4126,0.4126,0.4126,1000,2022-04-11 22:21:00,TANH
0.4126,0.4126,0.4126,0.4126,400,2022-04-11 22:22:00,TANH
0.4126,0.4126,0.4126,0.4126,850,2022-04-11 22:26:00,TANH
0.4126,0.4126,0.4126,0.4126,100,2022-04-11 22:28:00,TANH
0.4087,0.4087,0.4087,0.4087,1600,2022-04-11 22:30:00,TANH
0.4126,0.4126,0.4126,0.4126,10100,2022-04-11 22:31:00,TANH
0.4126,0.4127,0.4126,0.4127,10000,2022-04-11 22:32:00,TANH
0.4087,0.4087,0.4087,0.4087,2000,2022-04-11 22:33:00,TANH
0.4102,0.4127,0.4102,0.4126,37000,2022-04-11 22:34:00,TANH
0.4127,0.4127,0.4127,0.4127,1000,2022-04-11 22:36:00,TANH
0.4127,0.4127,0.4127,0.4127,100,2022-04-11 22:38:00,TANH
0.4127,0.4127,0.4127,0.4127,3701,2022-04-11 22:39:00,TANH
0.4089,0.4089,0.4089,0.4089,1100,2022-04-11 22:41:00,TANH
0.4126,0.4126,0.4126,0.4126,5000,2022-04-11 22:45:00,TANH
0.4126,0.4126,0.4126,0.4126,100,2022-04-11 22:46:00,TANH
0.4126,0.4126,0.4126,0.4126,14500,2022-04-11 22:48:00,TANH
0.4126,0.4126,0.4126,0.4126,11500,2022-04-11 22:49:00,TANH
0.4126,0.4126,0.4126,0.4126,1000,2022-04-11 22:52:00,TANH
0.41,0.41,0.4089,0.4089,12700,2022-04-11 23:05:00,TANH
0.4127,0.4127,0.4127,0.4127,100,2022-04-11 23:07:00,TANH
0.4127,0.4127,0.4127,0.4127,100,2022-04-11 23:14:00,TANH
0.4127,0.4127,0.4127,0.4127,2000,2022-04-11 23:16:00,TANH
0.4127,0.4127,0.4127,0.4127,29500,2022-04-11 23:18:00,TANH
0.4127,0.4127,0.4127,0.4127,4177,2022-04-11 23:21:00,TANH
0.4127,0.4127,0.4127,0.4127,4587,2022-04-11 23:23:00,TANH
0.4126,0.4126,0.4126,0.4126,4000,2022-04-11 23:27:00,TANH
0.4127,0.4127,0.4127,0.4127,250,2022-04-11 23:29:00,TANH
0.4127,0.4127,0.4127,0.4127,1000,2022-04-11 23:31:00,TANH
0.4127,0.4127,0.4127,0.4127,1200,2022-04-11 23:35:00,TANH
0.4126,0.4126,0.4126,0.4126,200,2022-04-11 23:39:00,TANH
0.4127,0.4127,0.4127,0.4127,1200,2022-04-11 23:43:00,TANH
0.4127,0.4127,0.4127,0.4127,100,2022-04-11 23:46:00,TANH
0.4127,0.4187,0.4127,0.4187,5984,2022-04-11 23:49:00,TANH
0.418,0.418,0.418,0.418,250,2022-04-11 23:54:00,TANH
0.4151,0.416,0.4151,0.416,9184,2022-04-11 23:59:00,TANH
0.4084,0.4084,0.4084,0.4084,200,2022-04-12 08:02:00,TANH
0.41,0.41,0.401,0.401,9395,2022-04-12 08:08:00,TANH
0.41,0.41,0.41,0.41,1000,2022-04-12 08:09:00,TANH
0.41,0.41,0.41,0.41,1750,2022-04-12 08:10:00,TANH
0.4003,0.4003,0.4001,0.4001,1200,2022-04-12 08:11:00,TANH
0.41,0.41,0.41,0.41,4060,2022-04-12 08:12:00,TANH
0.4101,0.4101,0.4101,0.4101,100,2022-04-12 08:16:00,TANH
0.4101,0.4109,0.41,0.41,1177,2022-04-12 08:19:00,TANH
0.4101,0.4101,0.4101,0.4101,300,2022-04-12 08:20:00,TANH
0.4101,0.4101,0.4101,0.4101,154,2022-04-12 08:31:00,TANH
0.41,0.41,0.41,0.41,200,2022-04-12 08:41:00,TANH
0.4144,0.4144,0.4144,0.4144,609,2022-04-12 09:02:00,TANH
0.4156,0.4188,0.4144,0.4188,4499,2022-04-12 09:03:00,TANH
0.4188,0.425,0.4188,0.425,5589,2022-04-12 09:04:00,TANH
0.425,0.425,0.425,0.425,100,2022-04-12 09:05:00,TANH
0.425,0.4325,0.425,0.4325,840,2022-04-12 09:06:00,TANH
0.43,0.43,0.43,0.43,100,2022-04-12 09:07:00,TANH
0.43,0.43,0.43,0.43,200,2022-04-12 09:08:00,TANH
0.43,0.43,0.43,0.43,4985,2022-04-12 09:09:00,TANH
0.4275,0.4275,0.426,0.426,7500,2022-04-12 09:10:00,TANH
0.426,0.426,0.426,0.426,700,2022-04-12 09:11:00,TANH
0.426,0.426,0.426,0.426,504,2022-04-12 09:18:00,TANH
0.4125,0.4125,0.4125,0.4125,157,2022-04-12 10:07:00,TANH
0.422,0.4227,0.422,0.4227,2000,2022-04-12 10:22:00,TANH
0.4217,0.4217,0.4132,0.4132,200,2022-04-12 10:33:00,TANH
0.4125,0.4125,0.4112,0.4112,8300,2022-04-12 10:38:00,TANH
0.4119,0.4119,0.4119,0.4119,100,2022-04-12 10:48:00,TANH
0.4119,0.4119,0.4119,0.4119,2132,2022-04-12 11:06:00,TANH
0.4166,0.4166,0.4166,0.4166,100,2022-04-12 11:07:00,TANH
0.4166,0.419,0.4166,0.419,599,2022-04-12 11:09:00,TANH
0.4119,0.4119,0.4105,0.4105,7000,2022-04-12 11:13:00,TANH
0.4166,0.4166,0.4166,0.4166,100,2022-04-12 11:15:00,TANH
0.413,0.413,0.413,0.413,100,2022-04-12 11:38:00,TANH
0.4113,0.4113,0.4106,0.4106,1038,2022-04-12 11:46:00,TANH
0.412,0.412,0.412,0.412,125,2022-04-12 11:50:00,TANH
0.4166,0.4166,0.4166,0.4166,100,2022-04-12 11:55:00,TANH
0.415,0.415,0.415,0.415,700,2022-04-12 11:57:00,TANH
0.4162,0.418,0.4162,0.418,862,2022-04-12 11:58:00,TANH
0.415,0.415,0.415,0.415,11000,2022-04-12 12:02:00,TANH
0.4165,0.4178,0.4165,0.4178,1925,2022-04-12 12:04:00,TANH
0.417,0.4176,0.417,0.4176,1300,2022-04-12 12:06:00,TANH
0.4165,0.417,0.4165,0.417,350,2022-04-12 12:07:00,TANH
0.4165,0.4165,0.4165,0.4165,155,2022-04-12 12:08:00,TANH
0.417,0.417,0.417,0.417,100,2022-04-12 12:11:00,TANH
0.415,0.415,0.415,0.415,200,2022-04-12 12:12:00,TANH
0.4146,0.415,0.4146,0.4146,300,2022-04-12 12:13:00,TANH
0.4117,0.415,0.41,0.415,5251,2022-04-12 12:14:00,TANH
0.4127,0.415,0.4127,0.415,200,2022-04-12 12:15:00,TANH
0.415,0.415,0.415,0.415,100,2022-04-12 12:16:00,TANH
0.4105,0.4105,0.4105,0.4105,4000,2022-04-12 12:23:00,TANH
0.4128,0.4149,0.4128,0.4137,3800,2022-04-12 12:26:00,TANH
0.4128,0.4128,0.4128,0.4128,100,2022-04-12 12:28:00,TANH
0.415,0.415,0.415,0.415,1000,2022-04-12 12:32:00,TANH
0.4142,0.4142,0.4142,0.4142,100,2022-04-12 12:34:00,TANH
0.415,0.415,0.4125,0.4125,1400,2022-04-12 12:36:00,TANH
0.4125,0.4125,0.4125,0.4125,5000,2022-04-12 12:37:00,TANH
0.4125,0.4125,0.4125,0.4125,200,2022-04-12 12:38:00,TANH
0.411,0.4142,0.411,0.414,400,2022-04-12 12:39:00,TANH
0.414,0.417,0.414,0.417,18233,2022-04-12 12:46:00,TANH
0.418,0.418,0.418,0.418,1563,2022-04-12 12:48:00,TANH
0.418,0.4185,0.418,0.4185,2100,2022-04-12 12:51:00,TANH
0.418,0.42,0.4179,0.418,2200,2022-04-12 12:52:00,TANH
0.4173,0.4173,0.417,0.417,500,2022-04-12 12:53:00,TANH
0.417,0.417,0.417,0.417,1000,2022-04-12 12:55:00,TANH
0.417,0.43,0.417,0.4184,6000,2022-04-12 12:57:00,TANH
0.4185,0.4185,0.4185,0.4185,1900,2022-04-12 12:58:00,TANH
0.4192,0.4192,0.4192,0.4192,100,2022-04-12 12:59:00,TANH
0.4185,0.4185,0.4155,0.4183,5623,2022-04-12 13:00:00,TANH
0.4173,0.4173,0.41,0.4105,18479,2022-04-12 13:02:00,TANH
0.4105,0.417,0.4105,0.4105,2887,2022-04-12 13:03:00,TANH
0.4165,0.4165,0.4165,0.4165,471,2022-04-12 13:07:00,TANH
0.413,0.4188,0.413,0.4188,8699,2022-04-12 13:10:00,TANH
0.4188,0.4188,0.417,0.417,835,2022-04-12 13:11:00,TANH
0.42,0.42,0.417,0.417,3400,2022-04-12 13:12:00,TANH
0.417,0.417,0.417,0.417,1000,2022-04-12 13:13:00,TANH
0.415,0.415,0.415,0.415,100,2022-04-12 13:14:00,TANH
0.416,0.417,0.415,0.415,470,2022-04-12 13:15:00,TANH
0.415,0.416,0.413,0.413,14251,2022-04-12 13:16:00,TANH
0.4105,0.4105,0.41,0.41,11909,2022-04-12 13:17:00,TANH
0.4105,0.4115,0.4105,0.4115,2050,2022-04-12 13:18:00,TANH
0.4115,0.4115,0.41,0.41,7226,2022-04-12 13:19:00,TANH
0.41,0.41,0.41,0.41,2283,2022-04-12 13:20:00,TANH
0.41,0.41,0.41,0.41,1160,2022-04-12 13:21:00,TANH
0.41,0.41,0.41,0.41,3307,2022-04-12 13:22:00,TANH
0.405,0.4095,0.403,0.4095,3204,2022-04-12 13:23:00,TANH
0.4036,0.4095,0.4036,0.4095,663,2022-04-12 13:24:00,TANH
0.4115,0.4115,0.4115,0.4115,153,2022-04-12 13:25:00,TANH
0.4052,0.4052,0.4052,0.4052,300,2022-04-12 13:26:00,TANH
0.417,0.417,0.4118,0.4124,1695,2022-04-12 13:27:00,TANH
0.4119,0.4119,0.4119,0.4119,100,2022-04-12 13:28:00,TANH
0.4105,0.4168,0.41,0.4168,9545,2022-04-12 13:30:00,TANH
0.4115,0.4168,0.4105,0.415001,44687,2022-04-12 13:31:00,TANH
0.416899,0.417,0.4159,0.416,2300,2022-04-12 13:32:00,TANH
0.4151,0.4161,0.4151,0.4151,13100,2022-04-12 13:33:00,TANH
0.4165,0.417,0.415101,0.416001,12855,2022-04-12 13:34:00,TANH
0.416101,0.417,0.416101,0.4168,2478,2022-04-12 13:35:00,TANH
0.4169,0.4169,0.416,0.4169,12111,2022-04-12 13:36:00,TANH
0.4168,0.4217,0.416,0.4217,20235,2022-04-12 13:37:00,TANH
0.417,0.4217,0.417,0.419349,19758,2022-04-12 13:38:00,TANH
0.4216,0.4216,0.4216,0.4216,446,2022-04-12 13:39:00,TANH
0.417001,0.418,0.417001,0.418,4500,2022-04-12 13:40:00,TANH
0.419,0.419,0.4161,0.4186,33396,2022-04-12 13:41:00,TANH
0.4172,0.4174,0.416201,0.4174,6922,2022-04-12 13:42:00,TANH
0.4185,0.4185,0.416101,0.416101,5000,2022-04-12 13:43:00,TANH
0.4161,0.4161,0.4161,0.4161,850,2022-04-12 13:44:00,TANH
0.4185,0.4185,0.41611,0.4162,17667,2022-04-12 13:45:00,TANH
0.4162,0.4162,0.4161,0.4162,3045,2022-04-12 13:46:00,TANH
0.4161,0.4162,0.4161,0.4162,18025,2022-04-12 13:47:00,TANH
0.4162,0.4163,0.4161,0.4163,16300,2022-04-12 13:48:00,TANH
0.4179,0.4181,0.4172,0.4181,6745,2022-04-12 13:49:00,TANH
0.418899,0.4189,0.4181,0.4185,5826,2022-04-12 13:50:00,TANH
0.4189,0.419,0.418,0.419,9361,2022-04-12 13:51:00,TANH
0.419,0.419,0.41895,0.419,3884,2022-04-12 13:52:00,TANH
0.4191,0.4191,0.41905,0.41905,2486,2022-04-12 13:53:00,TANH
0.4191,0.4217,0.419098,0.4216,13200,2022-04-12 13:54:00,TANH
0.4216,0.4217,0.4216,0.4217,12400,2022-04-12 13:55:00,TANH
0.4216,0.4216,0.4216,0.4216,9500,2022-04-12 13:56:00,TANH
0.424,0.4299,0.424,0.4299,27111,2022-04-12 13:57:00,TANH
0.4298,0.439,0.4267,0.438899,42299,2022-04-12 13:58:00,TANH
0.4302,0.4398,0.4302,0.434,25330,2022-04-12 13:59:00,TANH
0.4346,0.4387,0.4346,0.4387,35309,2022-04-12 14:00:00,TANH
0.4359,0.4387,0.4349,0.4387,65408,2022-04-12 14:01:00,TANH
0.4376,0.4386,0.4349,0.4384,34844,2022-04-12 14:02:00,TANH
0.438199,0.4382,0.4364,0.4364,2725,2022-04-12 14:03:00,TANH
0.4349,0.4378,0.4349,0.43635,29000,2022-04-12 14:04:00,TANH
0.4356,0.4401,0.4309,0.4401,83225,2022-04-12 14:05:00,TANH
0.44355,0.446799,0.4403,0.445,32763,2022-04-12 14:06:00,TANH
0.445,0.45,0.4395,0.443,124014,2022-04-12 14:07:00,TANH
0.4401,0.444999,0.4354,0.439899,62363,2022-04-12 14:08:00,TANH
0.438,0.438,0.4354,0.438,9377,2022-04-12 14:09:00,TANH
0.4379,0.45,0.4379,0.4427,49668,2022-04-12 14:10:00,TANH
0.4439,0.4519,0.4439,0.45,147860,2022-04-12 14:11:00,TANH
0.454999,0.454999,0.4501,0.4525,23950,2022-04-12 14:12:00,TANH
0.4452,0.45,0.4452,0.45,5586,2022-04-12 14:13:00,TANH
0.4488,0.45,0.446,0.45,30302,2022-04-12 14:14:00,TANH
0.45,0.45,0.446,0.446,29035,2022-04-12 14:15:00,TANH
0.4451,0.4459,0.445,0.445,7183,2022-04-12 14:16:00,TANH
0.4455,0.4455,0.4307,0.4307,28494,2022-04-12 14:17:00,TANH
0.439799,0.439799,0.430501,0.4348,10132,2022-04-12 14:18:00,TANH
0.4306,0.432449,0.4305,0.432449,1200,2022-04-12 14:19:00,TANH
0.4341,0.4343,0.430601,0.4343,6600,2022-04-12 14:20:00,TANH
0.430801,0.4343,0.430801,0.4343,5911,2022-04-12 14:21:00,TANH
0.434299,0.434299,0.434299,0.434299,1000,2022-04-12 14:22:00,TANH
0.4343,0.4343,0.4324,0.4324,10100,2022-04-12 14:23:00,TANH
0.4324,0.4324,0.4305,0.4305,1240,2022-04-12 14:24:00,TANH
0.4342,0.4343,0.4315,0.4315,13624,2022-04-12 14:25:00,TANH
0.4324,0.4339,0.4305,0.4305,4149,2022-04-12 14:26:00,TANH
0.4338,0.4338,0.4323,0.4338,3000,2022-04-12 14:27:00,TANH
0.4338,0.4338,0.4306,0.4312,5449,2022-04-12 14:28:00,TANH
0.433799,0.4338,0.4312,0.4338,10175,2022-04-12 14:29:00,TANH
0.4324,0.4324,0.4315,0.4315,1150,2022-04-12 14:30:00,TANH
0.4312,0.4312,0.4312,0.4312,2169,2022-04-12 14:31:00,TANH
0.4323,0.4343,0.4318,0.4343,18545,2022-04-12 14:32:00,TANH
0.4333,0.4333,0.4333,0.4333,500,2022-04-12 14:33:00,TANH
0.4399,0.4399,0.4399,0.4399,553,2022-04-12 14:34:00,TANH
0.4335,0.4399,0.4333,0.4366,16844,2022-04-12 14:35:00,TANH
0.4385,0.4385,0.4385,0.4385,100,2022-04-12 14:36:00,TANH
0.4383,0.4383,0.4334,0.4334,372,2022-04-12 14:37:00,TANH
0.4344,0.435101,0.4344,0.435101,5076,2022-04-12 14:38:00,TANH
0.4384,0.4384,0.435,0.435,10200,2022-04-12 14:41:00,TANH
0.435,0.435,0.435,0.435,2550,2022-04-12 14:42:00,TANH
0.4367,0.4367,0.4367,0.4367,6000,2022-04-12 14:43:00,TANH
0.4384,0.4384,0.4384,0.4384,1000,2022-04-12 14:45:00,TANH
0.436599,0.436599,0.435,0.435,15109,2022-04-12 14:46:00,TANH
0.433401,0.433401,0.4334,0.4334,5100,2022-04-12 14:47:00,TANH
0.433433,0.433433,0.4305,0.4305,16100,2022-04-12 14:49:00,TANH
0.4319,0.4319,0.43,0.430399,7517,2022-04-12 14:50:00,TANH
0.4282,0.4282,0.4263,0.4263,4259,2022-04-12 14:51:00,TANH
0.4274,0.4274,0.4263,0.4263,4403,2022-04-12 14:52:00,TANH
0.4274,0.4275,0.4263,0.4275,9211,2022-04-12 14:53:00,TANH
0.4269,0.4275,0.4264,0.4264,11300,2022-04-12 14:54:00,TANH
0.4269,0.4274,0.4264,0.4264,6444,2022-04-12 14:56:00,TANH
0.4263,0.4274,0.4263,0.4274,2622,2022-04-12 14:58:00,TANH
0.4274,0.4274,0.4273,0.4273,4056,2022-04-12 14:59:00,TANH
0.4263,0.4263,0.4263,0.4263,25000,2022-04-12 15:00:00,TANH
0.4268,0.4268,0.4268,0.4268,1600,2022-04-12 15:01:00,TANH
0.4273,0.4274,0.4271,0.4274,3420,2022-04-12 15:02:00,TANH
0.427,0.432,0.427,0.432,933,2022-04-12 15:03:00,TANH
0.432,0.432,0.428449,0.429871,4700,2022-04-12 15:04:00,TANH
0.4284,0.4284,0.4284,0.4284,1200,2022-04-12 15:07:00,TANH
0.4284,0.4284,0.4284,0.4284,283,2022-04-12 15:11:00,TANH
0.4274,0.4274,0.4259,0.4259,2100,2022-04-12 15:13:00,TANH
0.4278,0.4278,0.425,0.425,5864,2022-04-12 15:14:00,TANH
0.425,0.425,0.4207,0.4213,2188,2022-04-12 15:15:00,TANH
0.4208,0.4248,0.4208,0.4231,4800,2022-04-12 15:16:00,TANH
0.4241,0.4249,0.4241,0.4248,1400,2022-04-12 15:17:00,TANH
0.424899,0.424899,0.42141,0.42141,1752,2022-04-12 15:18:00,TANH
0.4248,0.4249,0.4215,0.4249,2027,2022-04-12 15:19:00,TANH
0.4241,0.4241,0.4214,0.4219,4612,2022-04-12 15:20:00,TANH
0.4218,0.422,0.4218,0.422,200,2022-04-12 15:21:00,TANH
0.4217,0.4237,0.4217,0.4237,16040,2022-04-12 15:22:00,TANH
0.4227,0.4238,0.4215,0.4215,48986,2022-04-12 15:23:00,TANH
0.4237,0.4239,0.42151,0.423,1700,2022-04-12 15:24:00,TANH
0.4215,0.4251,0.4215,0.4251,17435,2022-04-12 15:25:00,TANH
0.4222,0.4232,0.4215,0.4232,33166,2022-04-12 15:27:00,TANH
0.422899,0.422899,0.4216,0.4217,950,2022-04-12 15:29:00,TANH
0.4218,0.422799,0.4218,0.422799,5098,2022-04-12 15:30:00,TANH
0.422799,0.422799,0.422799,0.422799,120,2022-04-12 15:32:00,TANH
0.4228,0.4229,0.4217,0.4217,4600,2022-04-12 15:33:00,TANH
0.4229,0.4229,0.422749,0.422749,300,2022-04-12 15:35:00,TANH
0.4225,0.4225,0.4216,0.4216,1100,2022-04-12 15:36:00,TANH
0.4223,0.4228,0.4216,0.4222,4095,2022-04-12 15:37:00,TANH
0.4215,0.4228,0.4215,0.4228,500,2022-04-12 15:38:00,TANH
0.4215,0.421618,0.4215,0.421618,3950,2022-04-12 15:39:00,TANH
0.4228,0.4228,0.4228,0.4228,1100,2022-04-12 15:40:00,TANH
0.4227,0.4227,0.4227,0.4227,1828,2022-04-12 15:41:00,TANH
0.4228,0.4229,0.422,0.4229,21500,2022-04-12 15:42:00,TANH
0.4221,0.422101,0.4221,0.422101,7800,2022-04-12 15:43:00,TANH
0.4229,0.4235,0.4229,0.423,2600,2022-04-12 15:44:00,TANH
0.4222,0.4301,0.4222,0.4301,11712,2022-04-12 15:45:00,TANH
0.43,0.4346,0.43,0.4345,2100,2022-04-12 15:46:00,TANH
0.42985,0.42985,0.428,0.428,1438,2022-04-12 15:47:00,TANH
0.43,0.43,0.43,0.43,400,2022-04-12 15:48:00,TANH
0.43,0.4301,0.4296,0.43,21400,2022-04-12 15:50:00,TANH
0.43,0.43,0.43,0.43,15324,2022-04-12 15:53:00,TANH
0.4367,0.4367,0.43,0.43,2106,2022-04-12 15:54:00,TANH
0.429899,0.429899,0.4237,0.4275,2700,2022-04-12 15:55:00,TANH
0.428,0.4297,0.428,0.4297,1844,2022-04-12 15:56:00,TANH
0.4279,0.4298,0.4279,0.4298,11885,2022-04-12 15:57:00,TANH
0.4297,0.4298,0.42595,0.4298,4934,2022-04-12 15:59:00,TANH
0.4298,0.4298,0.4222,0.4222,5083,2022-04-12 16:00:00,TANH
0.425,0.425,0.425,0.425,4000,2022-04-12 16:01:00,TANH
0.425,0.425,0.425,0.425,600,2022-04-12 16:04:00,TANH
0.4256,0.4256,0.4256,0.4256,1564,2022-04-12 16:05:00,TANH
0.4226,0.4226,0.4226,0.4226,400,2022-04-12 16:08:00,TANH
0.426699,0.426699,0.424649,0.424649,3700,2022-04-12 16:09:00,TANH
0.424649,0.4267,0.424649,0.4267,6000,2022-04-12 16:10:00,TANH
0.4267,0.4267,0.4267,0.4267,1000,2022-04-12 16:11:00,TANH
0.4267,0.4267,0.426599,0.426599,1200,2022-04-12 16:13:00,TANH
0.424901,0.4265,0.424901,0.4265,3600,2022-04-12 16:14:00,TANH
0.4265,0.4267,0.4257,0.425801,2524,2022-04-12 16:15:00,TANH
0.4288,0.4288,0.4288,0.4288,200,2022-04-12 16:16:00,TANH
0.429,0.4298,0.4289,0.4298,10700,2022-04-12 16:17:00,TANH
0.4298,0.4298,0.4249,0.4249,380,2022-04-12 16:18:00,TANH
0.4266,0.4298,0.4266,0.4298,2790,2022-04-12 16:19:00,TANH
0.4296,0.4296,0.4296,0.4296,1000,2022-04-12 16:21:00,TANH
0.4282,0.4297,0.4282,0.4297,3700,2022-04-12 16:23:00,TANH
0.4297,0.4297,0.4297,0.4297,120,2022-04-12 16:24:00,TANH
0.4297,0.4297,0.4297,0.4297,710,2022-04-12 16:25:00,TANH
0.4293,0.4293,0.4289,0.4289,200,2022-04-12 16:26:00,TANH
0.4289,0.4295,0.4281,0.4293,17560,2022-04-12 16:27:00,TANH
0.4281,0.4295,0.4281,0.4295,10660,2022-04-12 16:28:00,TANH
0.4282,0.4288,0.4268,0.4282,10300,2022-04-12 16:29:00,TANH
0.4282,0.4282,0.4268,0.4268,2100,2022-04-12 16:30:00,TANH
0.4268,0.4268,0.4235,0.4235,46970,2022-04-12 16:35:00,TANH
0.423501,0.4263,0.423501,0.4263,2200,2022-04-12 16:36:00,TANH
0.4259,0.4263,0.4259,0.4259,500,2022-04-12 16:37:00,TANH
0.4267,0.4359,0.4251,0.4359,66980,2022-04-12 16:38:00,TANH
0.4369,0.4369,0.431101,0.431101,10300,2022-04-12 16:39:00,TANH
0.436,0.436,0.431101,0.4331,4664,2022-04-12 16:40:00,TANH
0.4331,0.4347,0.4331,0.4347,4095,2022-04-12 16:41:00,TANH
0.4331,0.4331,0.4331,0.4331,1000,2022-04-12 16:42:00,TANH
0.4331,0.4345,0.4311,0.4311,3700,2022-04-12 16:44:00,TANH
0.4313,0.4315,0.4311,0.4311,1000,2022-04-12 16:45:00,TANH
0.4311,0.4311,0.4311,0.4311,100,2022-04-12 16:46:00,TANH
0.4319,0.4319,0.4319,0.4319,887,2022-04-12 16:48:00,TANH
0.4311,0.4311,0.4311,0.4311,2900,2022-04-12 16:49:00,TANH
0.4311,0.4311,0.4311,0.4311,700,2022-04-12 16:51:00,TANH
0.4305,0.4305,0.4305,0.4305,500,2022-04-12 16:53:00,TANH
0.43,0.4311,0.43,0.4301,10999,2022-04-12 16:54:00,TANH
0.4306,0.4306,0.4306,0.4306,7260,2022-04-12 16:56:00,TANH
0.4302,0.4302,0.4302,0.4302,1910,2022-04-12 16:57:00,TANH
0.4302,0.4302,0.4302,0.4302,250,2022-04-12 16:58:00,TANH
0.430899,0.430899,0.4302,0.4302,5646,2022-04-12 16:59:00,TANH
0.431,0.431,0.431,0.431,1000,2022-04-12 17:00:00,TANH
0.430999,0.4311,0.4302,0.4311,3900,2022-04-12 17:01:00,TANH
0.4301,0.4301,0.43,0.43,474,2022-04-12 17:02:00,TANH
0.43,0.431,0.43,0.4309,39106,2022-04-12 17:03:00,TANH
0.430599,0.430599,0.430499,0.430499,5100,2022-04-12 17:04:00,TANH
0.4301,0.4301,0.43,0.4301,21531,2022-04-12 17:05:00,TANH
0.4301,0.4301,0.43,0.4301,3848,2022-04-12 17:06:00,TANH
0.43,0.43,0.43,0.43,2175,2022-04-12 17:07:00,TANH
0.43,0.4301,0.43,0.4301,14139,2022-04-12 17:09:00,TANH
0.43,0.4301,0.43,0.4301,9921,2022-04-12 17:10:00,TANH
0.4301,0.4307,0.43,0.4301,6350,2022-04-12 17:11:00,TANH
0.4301,0.4301,0.4301,0.4301,111,2022-04-12 17:12:00,TANH
0.4301,0.4301,0.4301,0.4301,2500,2022-04-12 17:13:00,TANH
0.43,0.43,0.43,0.43,12767,2022-04-12 17:14:00,TANH
0.4301,0.4301,0.4301,0.4301,25074,2022-04-12 17:15:00,TANH
0.431,0.431,0.431,0.431,3900,2022-04-12 17:16:00,TANH
0.4301,0.4301,0.43,0.43,20435,2022-04-12 17:17:00,TANH
0.4301,0.4301,0.43,0.43,15604,2022-04-12 17:19:00,TANH
0.43,0.43,0.4275,0.4275,7786,2022-04-12 17:20:00,TANH
0.4251,0.4251,0.4226,0.4229,14945,2022-04-12 17:21:00,TANH
0.4238,0.4241,0.4232,0.4241,9557,2022-04-12 17:23:00,TANH
0.4228,0.4249,0.4228,0.4249,2100,2022-04-12 17:25:00,TANH
0.425,0.425,0.4249,0.4249,2000,2022-04-12 17:26:00,TANH
0.4227,0.423899,0.4227,0.4235,9001,2022-04-12 17:28:00,TANH
0.4228,0.4228,0.4228,0.4228,1100,2022-04-12 17:29:00,TANH
0.4228,0.4283,0.4226,0.4283,54066,2022-04-12 17:30:00,TANH
0.4283,0.4283,0.4283,0.4283,250,2022-04-12 17:31:00,TANH
0.424,0.424,0.4224,0.4225,42266,2022-04-12 17:32:00,TANH
0.4225,0.4225,0.4224,0.4224,1075,2022-04-12 17:33:00,TANH
0.4225,0.4225,0.4224,0.4224,3300,2022-04-12 17:34:00,TANH
0.4224,0.4224,0.4224,0.4224,800,2022-04-12 17:35:00,TANH
0.4225,0.4225,0.4225,0.4225,7000,2022-04-12 17:36:00,TANH
0.4225,0.4225,0.4225,0.4225,2000,2022-04-12 17:37:00,TANH
0.4224,0.4224,0.4224,0.4224,100,2022-04-12 17:38:00,TANH
0.4225,0.4225,0.4225,0.4225,20000,2022-04-12 17:39:00,TANH
0.4224,0.4224,0.4224,0.4224,3423,2022-04-12 17:41:00,TANH
0.4224,0.4225,0.4224,0.4225,6120,2022-04-12 17:42:00,TANH
0.4225,0.4225,0.4225,0.4225,100,2022-04-12 17:43:00,TANH
0.4224,0.4224,0.4224,0.4224,5000,2022-04-12 17:44:00,TANH
0.4225,0.4226,0.4224,0.4225,58608,2022-04-12 17:46:00,TANH
0.4279,0.428,0.4251,0.4253,3325,2022-04-12 17:48:00,TANH
0.428,0.428,0.428,0.428,5000,2022-04-12 17:49:00,TANH
0.4251,0.4261,0.4221,0.4221,9212,2022-04-12 17:51:00,TANH
0.4224,0.4224,0.4198,0.4198,28148,2022-04-12 17:52:00,TANH
0.419799,0.419799,0.416,0.416,12139,2022-04-12 17:53:00,TANH
0.4163,0.4179,0.416297,0.4179,12065,2022-04-12 17:54:00,TANH
0.4165,0.4167,0.415,0.4159,33168,2022-04-12 17:55:00,TANH
0.4158,0.4165,0.415,0.415,227098,2022-04-12 17:56:00,TANH
0.4148,0.4283,0.4148,0.421801,73130,2022-04-12 17:57:00,TANH
0.4279,0.4279,0.4218,0.4218,41500,2022-04-12 17:58:00,TANH
0.4217,0.4217,0.4,0.41,237187,2022-04-12 17:59:00,TANH
0.41,0.418,0.41,0.415,28250,2022-04-12 18:00:00,TANH
0.4135,0.4135,0.4112,0.4112,1300,2022-04-12 18:01:00,TANH
0.415,0.415,0.415,0.415,1000,2022-04-12 18:02:00,TANH
0.417,0.4177,0.4143,0.4177,20600,2022-04-12 18:03:00,TANH
0.4155,0.4178,0.4149,0.4178,14100,2022-04-12 18:05:00,TANH
0.4177,0.4246,0.417,0.4222,21172,2022-04-12 18:06:00,TANH
0.4245,0.4245,0.419409,0.419409,300,2022-04-12 18:07:00,TANH
0.4263,0.4263,0.4201,0.4201,2000,2022-04-12 18:10:00,TANH
0.4201,0.4201,0.4189,0.4199,11500,2022-04-12 18:11:00,TANH
0.419899,0.4199,0.419899,0.4199,2000,2022-04-12 18:12:00,TANH
0.42,0.42,0.42,0.42,25000,2022-04-12 18:13:00,TANH
0.417,0.42,0.417,0.4197,16525,2022-04-12 18:14:00,TANH
0.42,0.42,0.42,0.42,3000,2022-04-12 18:15:00,TANH
0.4189,0.419399,0.4153,0.419399,5300,2022-04-12 18:16:00,TANH
0.4194,0.4201,0.4194,0.4194,26078,2022-04-12 18:17:00,TANH
0.4258,0.4258,0.4195,0.4227,6100,2022-04-12 18:18:00,TANH
0.423,0.423,0.423,0.423,1664,2022-04-12 18:19:00,TANH
0.425899,0.425899,0.4229,0.4229,1100,2022-04-12 18:20:00,TANH
0.42589,0.42589,0.4244,0.4244,1800,2022-04-12 18:21:00,TANH
0.4231,0.4238,0.4231,0.4238,852,2022-04-12 18:23:00,TANH
0.4238,0.4238,0.4201,0.4203,9742,2022-04-12 18:25:00,TANH
0.4201,0.4202,0.420085,0.420085,10325,2022-04-12 18:26:00,TANH
0.4201,0.4201,0.4201,0.4201,12500,2022-04-12 18:27:00,TANH
0.42,0.42,0.42,0.42,11700,2022-04-12 18:28:00,TANH
0.42,0.42,0.42,0.42,1750,2022-04-12 18:29:00,TANH
0.42,0.4259,0.42,0.4201,13686,2022-04-12 18:30:00,TANH
0.4201,0.423,0.4201,0.4201,3048,2022-04-12 18:32:00,TANH
0.421,0.4234,0.421,0.4222,19605,2022-04-12 18:34:00,TANH
0.4222,0.4227,0.4203,0.4203,4220,2022-04-12 18:35:00,TANH
0.4197,0.4197,0.4197,0.4197,1500,2022-04-12 18:36:00,TANH
0.4197,0.419899,0.4194,0.4197,2861,2022-04-12 18:37:00,TANH
0.42,0.42,0.42,0.42,1000,2022-04-12 18:38:00,TANH
0.4197,0.4197,0.4197,0.4197,500,2022-04-12 18:39:00,TANH
0.4197,0.4197,0.415,0.415,4689,2022-04-12 18:40:00,TANH
0.4192,0.4192,0.4192,0.4192,550,2022-04-12 18:41:00,TANH
0.419299,0.4193,0.419299,0.4193,11197,2022-04-12 18:42:00,TANH
0.417149,0.4193,0.417149,0.4193,9098,2022-04-12 18:43:00,TANH
0.4171,0.4193,0.4171,0.4193,1500,2022-04-12 18:44:00,TANH
0.418,0.4193,0.418,0.4193,3300,2022-04-12 18:45:00,TANH
0.419199,0.4193,0.4152,0.4193,6331,2022-04-12 18:47:00,TANH
0.4192,0.4193,0.4192,0.4193,10125,2022-04-12 18:48:00,TANH
0.4193,0.4193,0.4192,0.4192,2050,2022-04-12 18:49:00,TANH
0.419,0.4193,0.419,0.4193,13200,2022-04-12 18:50:00,TANH
0.4193,0.4193,0.4193,0.4193,220000,2022-04-12 18:51:00,TANH
0.419101,0.419101,0.418,0.418,6700,2022-04-12 18:52:00,TANH
0.4159,0.4194,0.4159,0.4194,5100,2022-04-12 18:53:00,TANH
0.4193,0.4194,0.4151,0.4165,2248,2022-04-12 18:54:00,TANH
0.4179,0.4179,0.4179,0.4179,3000,2022-04-12 18:55:00,TANH
0.4157,0.4157,0.415,0.415,3410,2022-04-12 18:56:00,TANH
0.413,0.4131,0.413,0.4131,3405,2022-04-12 18:57:00,TANH
0.4131,0.4135,0.4131,0.4135,9180,2022-04-12 18:58:00,TANH
0.4131,0.4131,0.4099,0.41,17990,2022-04-12 18:59:00,TANH
0.4099,0.41,0.4099,0.409955,2000,2022-04-12 19:00:00,TANH
0.4131,0.4131,0.4118,0.4118,3941,2022-04-12 19:02:00,TANH
0.4131,0.4131,0.4131,0.4131,100,2022-04-12 19:03:00,TANH
0.413,0.413,0.4126,0.4129,1500,2022-04-12 19:05:00,TANH
0.412999,0.412999,0.4126,0.4128,3200,2022-04-12 19:06:00,TANH
0.4126,0.413,0.41,0.413,10504,2022-04-12 19:07:00,TANH
0.40914,0.4131,0.40914,0.4131,3132,2022-04-12 19:09:00,TANH
0.4093,0.4093,0.4093,0.4093,4350,2022-04-12 19:10:00,TANH
0.4119,0.413,0.4093,0.4093,700,2022-04-12 19:11:00,TANH
0.4091,0.4091,0.4091,0.4091,2690,2022-04-12 19:13:00,TANH
0.413099,0.413099,0.411551,0.411551,850,2022-04-12 19:15:00,TANH
0.41,0.41,0.41,0.41,2361,2022-04-12 19:16:00,TANH
0.41,0.41,0.4081,0.4099,2147,2022-04-12 19:17:00,TANH
0.4099,0.4099,0.4099,0.4099,6625,2022-04-12 19:18:00,TANH
0.4081,0.4081,0.4005,0.4005,3630,2022-04-12 19:19:00,TANH
0.401,0.4049,0.401,0.404249,12041,2022-04-12 19:20:00,TANH
0.4048,0.409799,0.4008,0.4075,41125,2022-04-12 19:21:00,TANH
0.4098,0.4098,0.4075,0.4088,5444,2022-04-12 19:22:00,TANH
0.4071,0.41,0.4071,0.41,31700,2022-04-12 19:23:00,TANH
0.4103,0.4198,0.4103,0.4111,238945,2022-04-12 19:25:00,TANH
0.4196,0.4196,0.4153,0.41545,21400,2022-04-12 19:26:00,TANH
0.419499,0.419499,0.419399,0.419399,2370,2022-04-12 19:27:00,TANH
0.415299,0.415299,0.415299,0.415299,1500,2022-04-12 19:28:00,TANH
0.4193,0.4193,0.4182,0.4192,5315,2022-04-12 19:29:00,TANH
0.4192,0.4192,0.4192,0.4192,2500,2022-04-12 19:30:00,TANH
0.412901,0.412901,0.412901,0.412901,194,2022-04-12 19:34:00,TANH
0.4128,0.4187,0.4128,0.4129,7797,2022-04-12 19:37:00,TANH
0.418,0.42,0.415,0.415,22052,2022-04-12 19:38:00,TANH
0.422084,0.422084,0.422084,0.422084,200,2022-04-12 19:39:00,TANH
0.4221,0.4221,0.4221,0.4221,150,2022-04-12 19:40:00,TANH
0.4248,0.4248,0.4231,0.424534,1165,2022-04-12 19:41:00,TANH
0.4243,0.425,0.4231,0.425,700,2022-04-12 19:42:00,TANH
0.417,0.4172,0.4161,0.4168,1675,2022-04-12 19:44:00,TANH
0.416699,0.416699,0.416699,0.416699,7926,2022-04-12 19:45:00,TANH
0.4166,0.4166,0.415,0.415,4095,2022-04-12 19:46:00,TANH
0.4164,0.42,0.4159,0.42,4780,2022-04-12 19:47:00,TANH
0.417999,0.4199,0.417999,0.4199,1633,2022-04-12 19:49:00,TANH
0.418,0.418,0.415,0.4175,17900,2022-04-12 19:50:00,TANH
0.4151,0.419899,0.4151,0.419899,8000,2022-04-12 19:51:00,TANH
0.4197,0.4197,0.41785,0.41785,6600,2022-04-12 19:52:00,TANH
0.4157,0.4157,0.4124,0.4124,6750,2022-04-12 19:53:00,TANH
0.419899,0.42,0.419899,0.42,10300,2022-04-12 19:54:00,TANH
0.4191,0.4193,0.4191,0.4193,22200,2022-04-12 19:55:00,TANH
0.4132,0.4179,0.4121,0.414,2200,2022-04-12 19:56:00,TANH
0.4159,0.416,0.415899,0.415899,15909,2022-04-12 19:57:00,TANH
0.4121,0.4194,0.4121,0.417001,14599,2022-04-12 19:58:00,TANH
0.4183,0.4258,0.4179,0.4258,61006,2022-04-12 19:59:00,TANH
0.4121,0.422,0.4121,0.422,5131,2022-04-12 20:00:00,TANH
0.422,0.422,0.422,0.422,100,2022-04-12 20:01:00,TANH
0.422,0.422,0.422,0.422,2900,2022-04-12 20:02:00,TANH
0.422,0.422,0.422,0.422,475,2022-04-12 20:12:00,TANH
0.4205,0.4205,0.4205,0.4205,1828,2022-04-12 20:14:00,TANH
0.4121,0.4121,0.4121,0.4121,38918,2022-04-12 20:16:00,TANH
0.422,0.422,0.422,0.422,600,2022-04-12 20:18:00,TANH
0.422,0.422,0.422,0.422,150,2022-04-12 20:19:00,TANH
0.4125,0.4125,0.4125,0.4125,147,2022-04-12 20:46:00,TANH
0.4126,0.4126,0.4126,0.4126,154,2022-04-12 20:51:00,TANH
0.4126,0.4126,0.4126,0.4126,300,2022-04-12 21:01:00,TANH
0.413,0.413,0.413,0.413,1235,2022-04-12 21:10:00,TANH
0.4132,0.4132,0.4132,0.4132,400,2022-04-12 21:20:00,TANH
0.4155,0.4155,0.4132,0.4132,1000,2022-04-12 21:37:00,TANH
0.4159,0.4159,0.4159,0.4159,1300,2022-04-12 21:40:00,TANH
0.415,0.415,0.415,0.415,398,2022-04-12 21:59:00,TANH
0.4159,0.4159,0.4159,0.4159,1102,2022-04-12 22:00:00,TANH
0.4159,0.4159,0.4159,0.4159,500,2022-04-12 22:33:00,TANH
0.4128,0.4128,0.4124,0.4124,1100,2022-04-12 22:52:00,TANH
0.4158,0.416,0.4158,0.416,4729,2022-04-12 23:06:00,TANH
0.4195,0.42,0.4195,0.42,850,2022-04-12 23:15:00,TANH
0.4249,0.4249,0.4249,0.4249,3070,2022-04-12 23:26:00,TANH
0.4299,0.4299,0.4299,0.4299,3000,2022-04-12 23:28:00,TANH
0.432,0.4321,0.432,0.4321,1706,2022-04-12 23:29:00,TANH
0.4125,0.4125,0.4125,0.4125,100,2022-04-13 08:09:00,TANH
0.4132,0.4132,0.4125,0.4125,1000,2022-04-13 08:27:00,TANH
0.4125,0.4125,0.4125,0.4125,100,2022-04-13 09:14:00,TANH
0.4125,0.4125,0.4125,0.4125,275,2022-04-13 09:20:00,TANH
0.4125,0.4125,0.4125,0.4125,400,2022-04-13 09:40:00,TANH
0.4172,0.42,0.4172,0.42,598,2022-04-13 09:58:00,TANH
0.4291,0.4291,0.4291,0.4291,900,2022-04-13 10:13:00,TANH
0.4292,0.4292,0.4292,0.4292,1000,2022-04-13 10:14:00,TANH
0.4292,0.4292,0.4292,0.4292,4744,2022-04-13 10:15:00,TANH
0.4203,0.4291,0.4203,0.4291,856,2022-04-13 10:16:00,TANH
0.4216,0.4291,0.4216,0.4291,856,2022-04-13 10:17:00,TANH
0.4291,0.4291,0.4291,0.4291,100,2022-04-13 10:18:00,TANH
0.4291,0.4297,0.4291,0.4297,264,2022-04-13 10:19:00,TANH
0.4304,0.433,0.4304,0.4327,2225,2022-04-13 10:20:00,TANH
0.4382,0.4382,0.433,0.433,594,2022-04-13 10:21:00,TANH
0.4335,0.4335,0.433,0.433,1550,2022-04-13 10:22:00,TANH
0.433,0.44,0.4315,0.44,5128,2022-04-13 10:23:00,TANH
0.435,0.4408,0.4341,0.4408,7800,2022-04-13 10:24:00,TANH
0.4406,0.4408,0.4406,0.4406,20000,2022-04-13 10:25:00,TANH
0.43,0.43,0.43,0.43,2000,2022-04-13 10:31:00,TANH
0.43,0.4305,0.43,0.4305,5000,2022-04-13 10:32:00,TANH
0.4297,0.43,0.4297,0.43,1766,2022-04-13 10:44:00,TANH
0.43,0.43,0.43,0.43,800,2022-04-13 10:46:00,TANH
0.4316,0.4316,0.4316,0.4316,994,2022-04-13 11:00:00,TANH
0.4323,0.4324,0.4318,0.4318,300,2022-04-13 11:05:00,TANH
0.4316,0.4316,0.4316,0.4316,100,2022-04-13 11:13:00,TANH
0.4316,0.4316,0.4316,0.4316,1100,2022-04-13 11:16:00,TANH
0.4351,0.4398,0.4351,0.4398,5430,2022-04-13 11:18:00,TANH
0.4338,0.4341,0.4321,0.4321,823,2022-04-13 11:19:00,TANH
0.433,0.433,0.433,0.433,1500,2022-04-13 11:25:00,TANH
0.433,0.433,0.433,0.433,500,2022-04-13 11:26:00,TANH
0.4316,0.4316,0.4316,0.4316,1000,2022-04-13 11:34:00,TANH
0.4316,0.4316,0.4299,0.4299,1500,2022-04-13 11:35:00,TANH
0.433,0.433,0.433,0.433,1000,2022-04-13 11:42:00,TANH
0.4317,0.4325,0.4299,0.4299,5200,2022-04-13 11:49:00,TANH
0.43,0.43,0.43,0.43,818,2022-04-13 11:56:00,TANH
0.43,0.43,0.43,0.43,250,2022-04-13 11:58:00,TANH
0.4335,0.4335,0.4335,0.4335,1000,2022-04-13 12:00:00,TANH
0.4325,0.4335,0.4325,0.4335,800,2022-04-13 12:02:00,TANH
0.4335,0.4335,0.4335,0.4335,1400,2022-04-13 12:04:00,TANH
0.4299,0.4299,0.4299,0.4299,2000,2022-04-13 12:05:00,TANH
0.4323,0.4325,0.4323,0.4325,313,2022-04-13 12:07:00,TANH
0.4335,0.4335,0.4335,0.4335,100,2022-04-13 12:11:00,TANH
0.4201,0.4201,0.4201,0.4201,3000,2022-04-13 12:15:00,TANH
0.4225,0.4225,0.4201,0.4201,1050,2022-04-13 12:22:00,TANH
0.4201,0.4201,0.4201,0.4201,145,2022-04-13 12:24:00,TANH
0.4201,0.4201,0.4201,0.4201,234,2022-04-13 12:27:00,TANH
0.4251,0.4251,0.4251,0.4251,5000,2022-04-13 12:35:00,TANH
0.4335,0.4335,0.4335,0.4335,400,2022-04-13 12:45:00,TANH
0.4335,0.4335,0.4335,0.4335,2062,2022-04-13 12:46:00,TANH
0.4268,0.4268,0.4268,0.4268,262,2022-04-13 12:52:00,TANH
0.4254,0.4299,0.4211,0.4211,7300,2022-04-13 12:53:00,TANH
0.4203,0.4203,0.4203,0.4203,300,2022-04-13 12:54:00,TANH
0.4203,0.4203,0.4203,0.4203,208,2022-04-13 12:57:00,TANH
0.424,0.424,0.424,0.424,1836,2022-04-13 12:58:00,TANH
0.4251,0.4251,0.425,0.425,450,2022-04-13 13:01:00,TANH
0.4203,0.422,0.4203,0.422,2000,2022-04-13 13:02:00,TANH
0.4203,0.4203,0.4203,0.4203,3200,2022-04-13 13:03:00,TANH
0.4203,0.4203,0.4173,0.4173,4384,2022-04-13 13:05:00,TANH
0.415,0.4161,0.415,0.4161,1950,2022-04-13 13:06:00,TANH
0.4171,0.4171,0.4105,0.4105,9797,2022-04-13 13:12:00,TANH
0.4155,0.4155,0.415,0.415,1600,2022-04-13 13:13:00,TANH
0.42,0.42,0.4105,0.4105,8900,2022-04-13 13:14:00,TANH
0.4197,0.4225,0.419,0.4225,3505,2022-04-13 13:21:00,TANH
0.415,0.415,0.415,0.415,16912,2022-04-13 13:24:00,TANH
0.4217,0.422,0.4217,0.422,5495,2022-04-13 13:25:00,TANH
0.42,0.42,0.42,0.42,500,2022-04-13 13:26:00,TANH
0.4203,0.4203,0.4203,0.4203,100,2022-04-13 13:29:00,TANH
0.4252,0.4298,0.4225,0.4298,39534,2022-04-13 13:30:00,TANH
0.4324,0.44,0.430201,0.4388,41166,2022-04-13 13:31:00,TANH
0.4388,0.4388,0.4302,0.4302,50200,2022-04-13 13:32:00,TANH
0.4387,0.4388,0.430201,0.430201,5600,2022-04-13 13:33:00,TANH
0.4373,0.4373,0.4112,0.43,6900,2022-04-13 13:34:00,TANH
0.43,0.43,0.4232,0.43,4648,2022-04-13 13:35:00,TANH
0.4222,0.4222,0.4222,0.4222,1000,2022-04-13 13:36:00,TANH
0.4379,0.4379,0.437799,0.437799,2255,2022-04-13 13:37:00,TANH
0.430199,0.4378,0.430199,0.4378,460,2022-04-13 13:38:00,TANH
0.4378,0.4378,0.4378,0.4378,1234,2022-04-13 13:40:00,TANH
0.437799,0.437799,0.437799,0.437799,2175,2022-04-13 13:41:00,TANH
0.4378,0.4378,0.4377,0.4377,1308,2022-04-13 13:42:00,TANH
0.429,0.429,0.429,0.429,500,2022-04-13 13:43:00,TANH
0.429,0.43,0.429,0.43,500,2022-04-13 13:44:00,TANH
0.4206,0.43,0.4206,0.43,1949,2022-04-13 13:45:00,TANH
0.4295,0.4299,0.4295,0.4299,7120,2022-04-13 13:46:00,TANH
0.43,0.4376,0.429,0.429,4669,2022-04-13 13:47:00,TANH
0.4376,0.4376,0.43,0.43,16700,2022-04-13 13:48:00,TANH
0.4375,0.4381,0.4358,0.437399,61054,2022-04-13 13:50:00,TANH
0.437399,0.4375,0.437399,0.4375,2600,2022-04-13 13:51:00,TANH
0.4375,0.4375,0.4375,0.4375,900,2022-04-13 13:52:00,TANH
0.4375,0.438,0.4375,0.4379,51555,2022-04-13 13:53:00,TANH
0.433949,0.4378,0.433949,0.4378,1328,2022-04-13 13:55:00,TANH
0.4378,0.4378,0.4378,0.4378,6300,2022-04-13 13:56:00,TANH
0.4377,0.4377,0.4377,0.4377,1000,2022-04-13 13:57:00,TANH
0.437,0.4377,0.437,0.4377,2111,2022-04-13 13:58:00,TANH
0.4378,0.4378,0.4371,0.4377,2500,2022-04-13 13:59:00,TANH
0.4351,0.4359,0.4301,0.4359,11559,2022-04-13 14:00:00,TANH
0.434899,0.435,0.43,0.435,8109,2022-04-13 14:01:00,TANH
0.434799,0.4349,0.432451,0.432451,12586,2022-04-13 14:02:00,TANH
0.4348,0.4349,0.4301,0.4348,4844,2022-04-13 14:03:00,TANH
0.4319,0.432,0.4319,0.432,1478,2022-04-13 14:04:00,TANH
0.4348,0.4348,0.432399,0.4324,2412,2022-04-13 14:05:00,TANH
0.433399,0.4348,0.433399,0.4348,1239,2022-04-13 14:06:00,TANH
0.432,0.432,0.431685,0.432,10550,2022-04-13 14:07:00,TANH
0.430999,0.430999,0.430999,0.430999,100,2022-04-13 14:08:00,TANH
0.430101,0.4315,0.43,0.43,9291,2022-04-13 14:10:00,TANH
0.420601,0.425,0.420601,0.425,2107,2022-04-13 14:11:00,TANH
0.4206,0.4239,0.418,0.4194,46030,2022-04-13 14:12:00,TANH
0.4183,0.4249,0.4123,0.4249,73908,2022-04-13 14:13:00,TANH
0.425,0.425,0.424,0.425,400,2022-04-13 14:14:00,TANH
0.422499,0.4299,0.4202,0.4202,4387,2022-04-13 14:15:00,TANH
0.4298,0.4298,0.4212,0.4298,7370,2022-04-13 14:16:00,TANH
0.4212,0.4299,0.4212,0.4299,758,2022-04-13 14:17:00,TANH
0.4299,0.4299,0.4299,0.4299,100,2022-04-13 14:18:00,TANH
0.4213,0.4213,0.4213,0.4213,1276,2022-04-13 14:19:00,TANH
0.4212,0.4299,0.4212,0.429,7245,2022-04-13 14:20:00,TANH
0.4212,0.4226,0.4212,0.4226,2000,2022-04-13 14:21:00,TANH
0.4212,0.42555,0.4212,0.4212,7238,2022-04-13 14:23:00,TANH
0.4212,0.4212,0.4212,0.4212,12827,2022-04-13 14:26:00,TANH
0.4298,0.429899,0.4202,0.429899,11980,2022-04-13 14:27:00,TANH
0.4298,0.4298,0.425,0.425,1449,2022-04-13 14:28:00,TANH
0.4213,0.4213,0.4213,0.4213,2221,2022-04-13 14:29:00,TANH
0.4202,0.425,0.4202,0.425,2475,2022-04-13 14:30:00,TANH
0.425,0.4251,0.4201,0.4201,2179,2022-04-13 14:31:00,TANH
0.4298,0.4299,0.4275,0.4298,1700,2022-04-13 14:32:00,TANH
0.4206,0.4298,0.4206,0.4298,695,2022-04-13 14:33:00,TANH
0.4297,0.4298,0.4206,0.4298,19838,2022-04-13 14:34:00,TANH
0.429699,0.4298,0.429699,0.4298,2629,2022-04-13 14:35:00,TANH
0.4206,0.4206,0.4206,0.4206,138,2022-04-13 14:36:00,TANH
0.4298,0.4298,0.4207,0.4207,2721,2022-04-13 14:37:00,TANH
0.4251,0.4251,0.4251,0.4251,1000,2022-04-13 14:38:00,TANH
0.426,0.426,0.425,0.425,2200,2022-04-13 14:39:00,TANH
0.4297,0.4297,0.4297,0.4297,110,2022-04-13 14:40:00,TANH
0.4218,0.4252,0.4206,0.4252,52064,2022-04-13 14:41:00,TANH
0.4287,0.429799,0.4287,0.429799,1250,2022-04-13 14:42:00,TANH
0.4253,0.4253,0.4253,0.4253,1000,2022-04-13 14:43:00,TANH
0.4298,0.4298,0.425401,0.4297,7802,2022-04-13 14:44:00,TANH
0.4298,0.4298,0.4253,0.4253,3807,2022-04-13 14:45:00,TANH
0.4297,0.4297,0.4297,0.4297,500,2022-04-13 14:47:00,TANH
0.4295,0.4295,0.4295,0.4295,100,2022-04-13 14:48:00,TANH
0.429399,0.429399,0.429399,0.429399,1000,2022-04-13 14:49:00,TANH
0.4209,0.4294,0.4209,0.425,5121,2022-04-13 14:50:00,TANH
0.4251,0.4251,0.4251,0.4251,1110,2022-04-13 14:55:00,TANH
0.4219,0.4219,0.4219,0.4219,1000,2022-04-13 14:56:00,TANH
0.425,0.4292,0.425,0.4292,1000,2022-04-13 14:58:00,TANH
0.4278,0.4278,0.4278,0.4278,300,2022-04-13 15:02:00,TANH
0.4241,0.4241,0.4241,0.4241,700,2022-04-13 15:03:00,TANH
0.423,0.423,0.423,0.423,6200,2022-04-13 15:06:00,TANH
0.42255,0.4226,0.4208,0.4217,8231,2022-04-13 15:07:00,TANH
0.4208,0.4208,0.415,0.4151,16917,2022-04-13 15:09:00,TANH
0.4152,0.425,0.415,0.425,5203,2022-04-13 15:10:00,TANH
0.420249,0.425,0.420249,0.425,1100,2022-04-13 15:11:00,TANH
0.42495,0.42495,0.424899,0.424899,1200,2022-04-13 15:12:00,TANH
0.42,0.42,0.419583,0.419899,3500,2022-04-13 15:14:00,TANH
0.419899,0.419899,0.4162,0.4162,10150,2022-04-13 15:15:00,TANH
0.42,0.42,0.4199,0.42,500,2022-04-13 15:17:00,TANH
0.4199,0.4199,0.4199,0.4199,400,2022-04-13 15:18:00,TANH
0.41995,0.42,0.4187,0.42,36050,2022-04-13 15:19:00,TANH
0.4177,0.4177,0.4177,0.4177,5000,2022-04-13 15:20:00,TANH
0.4176,0.4292,0.4176,0.4292,38100,2022-04-13 15:21:00,TANH
0.4249,0.425,0.4213,0.424899,2802,2022-04-13 15:22:00,TANH
0.4213,0.4213,0.4213,0.4213,200,2022-04-13 15:23:00,TANH
0.418,0.418,0.418,0.418,1000,2022-04-13 15:25:00,TANH
0.4181,0.425,0.4181,0.425,10225,2022-04-13 15:26:00,TANH
0.4289,0.4289,0.4289,0.4289,1640,2022-04-13 15:27:00,TANH
0.4269,0.4269,0.4269,0.4269,500,2022-04-13 15:28:00,TANH
0.4269,0.4269,0.4269,0.4269,500,2022-04-13 15:29:00,TANH
0.4269,0.4277,0.4269,0.4277,816,2022-04-13 15:30:00,TANH
0.425,0.4251,0.425,0.4251,200,2022-04-13 15:31:00,TANH
0.425,0.425,0.4205,0.4205,2300,2022-04-13 15:32:00,TANH
0.423,0.423,0.4229,0.4229,6550,2022-04-13 15:33:00,TANH
0.420001,0.420001,0.420001,0.420001,1000,2022-04-13 15:34:00,TANH
0.4251,0.43,0.4251,0.4293,17086,2022-04-13 15:36:00,TANH
0.4265,0.427465,0.4265,0.427465,3000,2022-04-13 15:37:00,TANH
0.4274,0.4274,0.418,0.4274,15630,2022-04-13 15:38:00,TANH
0.4274,0.4274,0.4249,0.4249,13800,2022-04-13 15:39:00,TANH
0.424,0.424,0.424,0.424,100,2022-04-13 15:40:00,TANH
0.422,0.423899,0.422,0.4229,6650,2022-04-13 15:41:00,TANH
0.423,0.423,0.423,0.423,14145,2022-04-13 15:42:00,TANH
0.4234,0.4234,0.4234,0.4234,237,2022-04-13 15:45:00,TANH
0.423899,0.4239,0.423899,0.4239,2185,2022-04-13 15:46:00,TANH
0.4233,0.4233,0.4233,0.4233,100,2022-04-13 15:47:00,TANH
0.4228,0.4238,0.4228,0.4234,5321,2022-04-13 15:48:00,TANH
0.4236,0.4236,0.418,0.418,29454,2022-04-13 15:49:00,TANH
0.4249,0.4249,0.4249,0.4249,450,2022-04-13 15:50:00,TANH
0.4248,0.4248,0.4248,0.4248,4800,2022-04-13 15:51:00,TANH
0.422,0.422,0.422,0.422,1000,2022-04-13 15:52:00,TANH
0.422,0.422,0.419,0.419,1847,2022-04-13 15:53:00,TANH
0.425,0.425,0.425,0.425,3000,2022-04-13 15:54:00,TANH
0.425,0.425,0.425,0.425,700,2022-04-13 15:55:00,TANH
0.4229,0.4247,0.420001,0.420001,5971,2022-04-13 15:58:00,TANH
0.4207,0.4207,0.419899,0.4199,1691,2022-04-13 15:59:00,TANH
0.419,0.425,0.418,0.425,4500,2022-04-13 16:00:00,TANH
0.421,0.425,0.418,0.425,1651,2022-04-13 16:01:00,TANH
0.4249,0.4249,0.4249,0.4249,425,2022-04-13 16:02:00,TANH
0.4249,0.4249,0.4249,0.4249,1000,2022-04-13 16:05:00,TANH
0.42,0.42,0.42,0.42,178,2022-04-13 16:07:00,TANH
0.422451,0.4225,0.42,0.4225,11222,2022-04-13 16:08:00,TANH
0.4225,0.4243,0.4225,0.4243,2000,2022-04-13 16:09:00,TANH
0.4226,0.4237,0.4226,0.4237,5800,2022-04-13 16:11:00,TANH
0.4248,0.4248,0.4237,0.4237,600,2022-04-13 16:14:00,TANH
0.4225,0.42262,0.4193,0.42262,2000,2022-04-13 16:15:00,TANH
0.42,0.42,0.42,0.42,100,2022-04-13 16:16:00,TANH
0.419,0.4249,0.419,0.4225,2800,2022-04-13 16:19:00,TANH
0.424799,0.424799,0.424799,0.424799,100,2022-04-13 16:20:00,TANH
0.4203,0.4203,0.4181,0.4181,13163,2022-04-13 16:24:00,TANH
0.4182,0.4182,0.4182,0.4182,26837,2022-04-13 16:25:00,TANH
0.4193,0.4193,0.4193,0.4193,247,2022-04-13 16:26:00,TANH
0.424799,0.424799,0.424799,0.424799,1000,2022-04-13 16:27:00,TANH
0.424799,0.424799,0.4182,0.4182,4750,2022-04-13 16:28:00,TANH
0.424799,0.424799,0.424799,0.424799,181,2022-04-13 16:29:00,TANH
0.42,0.42,0.4182,0.4182,7000,2022-04-13 16:30:00,TANH
0.4183,0.4183,0.4183,0.4183,200,2022-04-13 16:32:00,TANH
0.4248,0.4248,0.4248,0.4248,550,2022-04-13 16:39:00,TANH
0.4249,0.4249,0.4231,0.4248,22419,2022-04-13 16:40:00,TANH
0.4248,0.4248,0.4248,0.4248,1200,2022-04-13 16:41:00,TANH
0.4206,0.425,0.4203,0.425,20754,2022-04-13 16:42:00,TANH
0.4226,0.423152,0.4201,0.4211,2600,2022-04-13 16:44:00,TANH
0.4222,0.4222,0.4222,0.4222,250,2022-04-13 16:46:00,TANH
0.4215,0.4215,0.42,0.4201,9005,2022-04-13 16:47:00,TANH
0.4201,0.4201,0.42,0.42,4578,2022-04-13 16:48:00,TANH
0.4187,0.4187,0.4186,0.4187,1200,2022-04-13 16:49:00,TANH
0.4186,0.4189,0.4186,0.4189,15500,2022-04-13 16:50:00,TANH
0.42,0.4213,0.4193,0.4207,6210,2022-04-13 16:51:00,TANH
0.4217,0.4249,0.4217,0.4248,6388,2022-04-13 16:52:00,TANH
0.4229,0.4229,0.4229,0.4229,100,2022-04-13 16:53:00,TANH
0.421001,0.4238,0.421001,0.4238,400,2022-04-13 16:54:00,TANH
0.421,0.421,0.421,0.421,3000,2022-04-13 16:55:00,TANH
0.4239,0.4239,0.4195,0.4195,20100,2022-04-13 16:56:00,TANH
0.4197,0.4197,0.419,0.419,1508,2022-04-13 16:57:00,TANH
0.424899,0.424899,0.424899,0.424899,1000,2022-04-13 16:58:00,TANH
0.4249,0.4249,0.4195,0.4195,4100,2022-04-13 16:59:00,TANH
0.422451,0.422451,0.422451,0.422451,500,2022-04-13 17:01:00,TANH
0.4225,0.4225,0.4225,0.4225,5000,2022-04-13 17:04:00,TANH
0.424899,0.424899,0.4173,0.4173,23534,2022-04-13 17:08:00,TANH
0.4249,0.4249,0.4249,0.4249,100,2022-04-13 17:11:00,TANH
0.42,0.42,0.42,0.42,500,2022-04-13 17:13:00,TANH
0.42,0.4249,0.4199,0.4249,51000,2022-04-13 17:14:00,TANH
0.4249,0.425,0.4217,0.425,81250,2022-04-13 17:15:00,TANH
0.427,0.427,0.427,0.427,1220,2022-04-13 17:16:00,TANH
0.427,0.427,0.427,0.427,1500,2022-04-13 17:17:00,TANH
0.4269,0.426999,0.422,0.426999,3010,2022-04-13 17:18:00,TANH
0.427,0.4285,0.427,0.4285,1953,2022-04-13 17:19:00,TANH
0.422,0.4295,0.422,0.428601,39952,2022-04-13 17:20:00,TANH
0.4293,0.43,0.4293,0.43,90080,2022-04-13 17:21:00,TANH
0.43,0.44,0.4271,0.435599,326696,2022-04-13 17:22:00,TANH
0.437,0.437,0.4301,0.4319,54758,2022-04-13 17:23:00,TANH
0.4336,0.4396,0.4333,0.439,60050,2022-04-13 17:24:00,TANH
0.4383,0.4396,0.43,0.439599,28723,2022-04-13 17:25:00,TANH
0.4348,0.4397,0.4348,0.4378,104719,2022-04-13 17:26:00,TANH
0.4377,0.4379,0.4376,0.4376,3000,2022-04-13 17:27:00,TANH
0.4381,0.439499,0.4364,0.439499,55824,2022-04-13 17:28:00,TANH
0.438,0.4396,0.4363,0.4388,17929,2022-04-13 17:29:00,TANH
0.4389,0.439599,0.4367,0.439599,41051,2022-04-13 17:30:00,TANH
0.4394,0.4394,0.4311,0.4393,92170,2022-04-13 17:31:00,TANH
0.436,0.4388,0.4359,0.4388,51730,2022-04-13 17:32:00,TANH
0.4361,0.4388,0.4361,0.43735,4600,2022-04-13 17:33:00,TANH
0.436,0.4387,0.436,0.4381,16812,2022-04-13 17:34:00,TANH
0.4353,0.438,0.435,0.4351,23400,2022-04-13 17:35:00,TANH
0.435,0.4365,0.435,0.4357,25968,2022-04-13 17:36:00,TANH
0.4351,0.4354,0.4332,0.4354,19100,2022-04-13 17:37:00,TANH
0.4354,0.4354,0.434401,0.4346,19549,2022-04-13 17:38:00,TANH
0.433201,0.4367,0.433201,0.4356,27200,2022-04-13 17:39:00,TANH
0.4361,0.4361,0.435,0.435,17576,2022-04-13 17:40:00,TANH
0.435,0.4368,0.4346,0.4353,19200,2022-04-13 17:41:00,TANH
0.4354,0.4355,0.4354,0.4355,6100,2022-04-13 17:42:00,TANH
0.4354,0.4355,0.433201,0.435399,10386,2022-04-13 17:44:00,TANH
0.435499,0.4355,0.4332,0.433201,19642,2022-04-13 17:45:00,TANH
0.433301,0.433301,0.433301,0.433301,4946,2022-04-13 17:47:00,TANH
0.4333,0.4337,0.433,0.4333,11595,2022-04-13 17:48:00,TANH
0.4321,0.4321,0.4312,0.4312,7400,2022-04-13 17:49:00,TANH
0.4317,0.4318,0.4313,0.4318,15200,2022-04-13 17:50:00,TANH
0.432,0.432,0.432,0.432,10000,2022-04-13 17:51:00,TANH
0.4318,0.43199,0.4318,0.43199,200,2022-04-13 17:52:00,TANH
0.4385,0.4385,0.4359,0.438,19400,2022-04-13 17:53:00,TANH
0.4384,0.4384,0.432201,0.432201,20900,2022-04-13 17:54:00,TANH
0.4384,0.4384,0.4384,0.4384,18000,2022-04-13 17:58:00,TANH
0.4384,0.4384,0.4383,0.4383,5500,2022-04-13 17:59:00,TANH
0.4384,0.4384,0.435,0.4379,34654,2022-04-13 18:00:00,TANH
0.4351,0.437799,0.4351,0.437799,408,2022-04-13 18:02:00,TANH
0.4378,0.4378,0.436399,0.436399,14550,2022-04-13 18:03:00,TANH
0.435,0.4377,0.435,0.4376,4273,2022-04-13 18:04:00,TANH
0.435101,0.435101,0.435101,0.435101,5000,2022-04-13 18:05:00,TANH
0.435,0.4351,0.435,0.4351,2000,2022-04-13 18:06:00,TANH
0.4362,0.437399,0.435,0.4363,49564,2022-04-13 18:07:00,TANH
0.4362,0.4362,0.435101,0.435101,581,2022-04-13 18:08:00,TANH
0.435,0.4363,0.435,0.4363,56000,2022-04-13 18:09:00,TANH
0.4362,0.4374,0.435,0.436,16236,2022-04-13 18:12:00,TANH
0.435,0.435,0.4322,0.4322,829,2022-04-13 18:13:00,TANH
0.4324,0.4324,0.4324,0.4324,1000,2022-04-13 18:14:00,TANH
0.4322,0.4368,0.4322,0.4368,1500,2022-04-13 18:15:00,TANH
0.4368,0.4369,0.4345,0.4366,25200,2022-04-13 18:16:00,TANH
0.434701,0.4358,0.434701,0.4358,800,2022-04-13 18:17:00,TANH
0.4358,0.4368,0.4358,0.4368,1710,2022-04-13 18:19:00,TANH
0.4368,0.4368,0.4368,0.4368,3725,2022-04-13 18:20:00,TANH
0.434699,0.434699,0.434699,0.434699,1090,2022-04-13 18:23:00,TANH
0.4347,0.4368,0.4347,0.4368,752,2022-04-13 18:24:00,TANH
0.434951,0.434951,0.434951,0.434951,100,2022-04-13 18:25:00,TANH
0.435,0.4351,0.433,0.433,8200,2022-04-13 18:29:00,TANH
0.4349,0.4349,0.4349,0.4349,109,2022-04-13 18:30:00,TANH
0.435,0.437,0.435,0.437,10580,2022-04-13 18:32:00,TANH
0.437,0.437,0.4369,0.4369,3961,2022-04-13 18:33:00,TANH
0.4337,0.436,0.433,0.436,40932,2022-04-13 18:37:00,TANH
0.436,0.436,0.436,0.436,3500,2022-04-13 18:38:00,TANH
0.433,0.4331,0.433,0.4331,1380,2022-04-13 18:39:00,TANH
0.436,0.436,0.436,0.436,200,2022-04-13 18:40:00,TANH
0.4359,0.4359,0.4359,0.4359,1000,2022-04-13 18:41:00,TANH
0.436,0.436,0.436,0.436,10000,2022-04-13 18:42:00,TANH
0.4358,0.436,0.4358,0.436,1270,2022-04-13 18:43:00,TANH
0.4348,0.4348,0.4348,0.4348,111,2022-04-13 18:46:00,TANH
0.4344,0.4344,0.4343,0.4343,2100,2022-04-13 18:48:00,TANH
0.4344,0.4344,0.4343,0.4344,2670,2022-04-13 18:49:00,TANH
0.4337,0.4337,0.433,0.433001,2970,2022-04-13 18:50:00,TANH
0.433701,0.433701,0.433,0.433,6850,2022-04-13 18:51:00,TANH
0.433,0.433,0.4325,0.4325,9295,2022-04-13 18:52:00,TANH
0.4326,0.4326,0.4326,0.4326,1000,2022-04-13 18:54:00,TANH
0.4325,0.4325,0.4312,0.4312,500,2022-04-13 18:55:00,TANH
0.4325,0.4325,0.4325,0.4325,500,2022-04-13 18:56:00,TANH
0.4317,0.4317,0.4312,0.4312,24955,2022-04-13 18:58:00,TANH
0.4311,0.4326,0.431,0.4326,12592,2022-04-13 19:00:00,TANH
0.4326,0.4326,0.4326,0.4326,2500,2022-04-13 19:01:00,TANH
0.431101,0.431101,0.431101,0.431101,540,2022-04-13 19:02:00,TANH
0.4326,0.4326,0.4326,0.4326,100,2022-04-13 19:03:00,TANH
0.4326,0.4326,0.4312,0.4312,1400,2022-04-13 19:04:00,TANH
0.4311,0.4311,0.4311,0.4311,100,2022-04-13 19:05:00,TANH
0.4327,0.4327,0.4326,0.4326,2100,2022-04-13 19:06:00,TANH
0.4319,0.4319,0.4315,0.4315,1500,2022-04-13 19:07:00,TANH
0.4328,0.4329,0.431,0.4329,15100,2022-04-13 19:08:00,TANH
0.4327,0.4327,0.4327,0.4327,100,2022-04-13 19:09:00,TANH
0.433,0.433,0.4328,0.4328,4800,2022-04-13 19:10:00,TANH
0.431,0.431,0.431,0.431,10000,2022-04-13 19:11:00,TANH
0.4329,0.435,0.4329,0.4349,11750,2022-04-13 19:13:00,TANH
0.4349,0.4369,0.4349,0.4367,35121,2022-04-13 19:14:00,TANH
0.4351,0.4369,0.4351,0.4369,4100,2022-04-13 19:15:00,TANH
0.4368,0.4368,0.435,0.435,62650,2022-04-13 19:16:00,TANH
0.4322,0.4322,0.431,0.431,35850,2022-04-13 19:17:00,TANH
0.435,0.435,0.4338,0.4338,5450,2022-04-13 19:18:00,TANH
0.4321,0.434799,0.4321,0.434704,1300,2022-04-13 19:19:00,TANH
0.434,0.434,0.434,0.434,152,2022-04-13 19:20:00,TANH
0.4347,0.4369,0.4347,0.4369,17416,2022-04-13 19:21:00,TANH
0.4367,0.437,0.4367,0.437,25496,2022-04-13 19:22:00,TANH
0.4369,0.4388,0.4369,0.4388,60425,2022-04-13 19:23:00,TANH
0.4383,0.4405,0.4383,0.4399,31788,2022-04-13 19:24:00,TANH
0.44,0.4406,0.4372,0.44,28047,2022-04-13 19:25:00,TANH
0.4398,0.4404,0.4398,0.4404,350,2022-04-13 19:26:00,TANH
0.4398,0.445,0.4384,0.444899,58209,2022-04-13 19:27:00,TANH
0.445,0.445,0.442451,0.4444,41964,2022-04-13 19:28:00,TANH
0.4444,0.445,0.4432,0.4432,12100,2022-04-13 19:29:00,TANH
0.442501,0.442501,0.44,0.44,40100,2022-04-13 19:30:00,TANH
0.4447,0.447199,0.4447,0.445,16717,2022-04-13 19:31:00,TANH
0.4472,0.4472,0.445,0.445101,41550,2022-04-13 19:32:00,TANH
0.445,0.445,0.4425,0.4426,3882,2022-04-13 19:33:00,TANH
0.447199,0.447199,0.445,0.4469,2569,2022-04-13 19:34:00,TANH
0.4455,0.4472,0.4455,0.4455,20731,2022-04-13 19:35:00,TANH
0.446,0.4482,0.4426,0.4426,39978,2022-04-13 19:36:00,TANH
0.4472,0.449,0.4455,0.4464,40551,2022-04-13 19:37:00,TANH
0.4455,0.4473,0.4455,0.445518,14100,2022-04-13 19:38:00,TANH
0.4455,0.4456,0.4455,0.4456,1150,2022-04-13 19:39:00,TANH
0.4473,0.4473,0.4473,0.4473,311,2022-04-13 19:40:00,TANH
0.445801,0.447,0.445801,0.4463,1096,2022-04-13 19:41:00,TANH
0.445601,0.4457,0.4427,0.4455,23618,2022-04-13 19:42:00,TANH
0.446,0.446,0.4429,0.444153,11023,2022-04-13 19:43:00,TANH
0.4439,0.4439,0.4426,0.4439,40100,2022-04-13 19:44:00,TANH
0.4437,0.4437,0.4429,0.443,4811,2022-04-13 19:45:00,TANH
0.4428,0.443,0.4428,0.443,3538,2022-04-13 19:46:00,TANH
0.4429,0.443,0.4429,0.4429,6405,2022-04-13 19:47:00,TANH
0.442701,0.443,0.442701,0.4429,4425,2022-04-13 19:48:00,TANH
0.4429,0.443,0.4429,0.443,6310,2022-04-13 19:49:00,TANH
0.443,0.443,0.443,0.443,100,2022-04-13 19:50:00,TANH
0.443,0.443,0.4403,0.4403,29657,2022-04-13 19:51:00,TANH
0.4426,0.4426,0.4425,0.4426,1000,2022-04-13 19:52:00,TANH
0.4414,0.4414,0.4402,0.4402,37682,2022-04-13 19:53:00,TANH
0.4403,0.4426,0.4403,0.4426,12500,2022-04-13 19:54:00,TANH
0.445899,0.4459,0.4406,0.4406,15402,2022-04-13 19:55:00,TANH
0.4442,0.4442,0.4442,0.4442,350,2022-04-13 19:56:00,TANH
0.4442,0.4442,0.4422,0.4442,12623,2022-04-13 19:57:00,TANH
0.440401,0.440401,0.440401,0.440401,2000,2022-04-13 19:58:00,TANH
0.4441,0.4442,0.444,0.444,1686,2022-04-13 19:59:00,TANH
0.4301,0.4301,0.4301,0.4301,22746,2022-04-13 20:00:00,TANH
0.4305,0.4305,0.4305,0.4305,12882,2022-04-13 20:01:00,TANH
0.435,0.435,0.435,0.435,2000,2022-04-13 20:09:00,TANH
0.434,0.434,0.434,0.434,128,2022-04-13 20:10:00,TANH
0.434,0.434,0.434,0.434,1973,2022-04-13 20:11:00,TANH
0.44,0.4418,0.44,0.4418,3000,2022-04-13 20:20:00,TANH
0.44,0.44,0.44,0.44,6000,2022-04-13 20:26:00,TANH
0.44,0.44,0.431,0.431,5200,2022-04-13 20:27:00,TANH
0.4399,0.4399,0.4399,0.4399,1000,2022-04-13 20:28:00,TANH
0.44,0.44,0.44,0.44,992,2022-04-13 20:43:00,TANH
0.44,0.44,0.44,0.44,1000,2022-04-13 20:49:00,TANH
0.4418,0.4442,0.4418,0.4442,1500,2022-04-13 20:54:00,TANH
0.44,0.44,0.44,0.44,1500,2022-04-13 21:01:00,TANH
0.44,0.44,0.44,0.44,1000,2022-04-13 21:02:00,TANH
0.44,0.44,0.44,0.44,400,2022-04-13 21:03:00,TANH
0.4439,0.444,0.4439,0.444,1300,2022-04-13 21:04:00,TANH
0.4439,0.4439,0.4439,0.4439,160,2022-04-13 21:33:00,TANH
0.44,0.44,0.44,0.44,1656,2022-04-13 21:36:00,TANH
0.4401,0.4439,0.4401,0.4439,1569,2022-04-13 21:40:00,TANH
0.4439,0.4439,0.4439,0.4439,200,2022-04-13 21:47:00,TANH
0.44,0.44,0.4325,0.4325,3913,2022-04-13 21:50:00,TANH
0.4314,0.4314,0.431,0.431,13440,2022-04-13 21:51:00,TANH
0.4301,0.4301,0.4289,0.4289,2950,2022-04-13 21:52:00,TANH
0.4248,0.4248,0.4231,0.4231,53169,2022-04-13 21:53:00,TANH
0.4379,0.4379,0.4379,0.4379,149,2022-04-13 21:54:00,TANH
0.43,0.43,0.43,0.43,1500,2022-04-13 21:57:00,TANH
0.4374,0.4374,0.4374,0.4374,100,2022-04-13 22:04:00,TANH
0.43,0.43,0.43,0.43,4225,2022-04-13 22:06:00,TANH
0.43,0.43,0.43,0.43,2500,2022-04-13 22:07:00,TANH
0.43,0.43,0.43,0.43,2000,2022-04-13 22:08:00,TANH
0.43,0.43,0.43,0.43,100,2022-04-13 22:14:00,TANH
0.43,0.43,0.43,0.43,400,2022-04-13 22:22:00,TANH
0.43,0.43,0.43,0.43,6000,2022-04-13 22:24:00,TANH
0.43,0.43,0.43,0.43,75000,2022-04-13 22:27:00,TANH
0.43,0.43,0.4298,0.4298,30960,2022-04-13 22:29:00,TANH
0.435,0.435,0.435,0.435,100,2022-04-13 22:59:00,TANH
0.435,0.4439,0.435,0.4439,70000,2022-04-13 23:01:00,TANH
0.4439,0.4439,0.4439,0.4439,1200,2022-04-13 23:02:00,TANH
0.44,0.44,0.44,0.44,2400,2022-04-13 23:04:00,TANH
0.44,0.44,0.44,0.44,1250,2022-04-13 23:05:00,TANH
0.44,0.44,0.44,0.44,600,2022-04-13 23:06:00,TANH
0.4439,0.4439,0.4439,0.4439,200,2022-04-13 23:07:00,TANH
0.44,0.44,0.44,0.44,5000,2022-04-13 23:12:00,TANH
0.44,0.44,0.44,0.44,400,2022-04-13 23:21:00,TANH
0.4399,0.4399,0.4399,0.4399,371,2022-04-13 23:25:00,TANH
0.4399,0.4399,0.4399,0.4399,2500,2022-04-13 23:27:00,TANH
0.4399,0.4399,0.4399,0.4399,680,2022-04-13 23:35:00,TANH
0.435,0.435,0.435,0.435,500,2022-04-13 23:59:00,TANH
0.445,0.445,0.445,0.445,200,2022-04-14 08:00:00,TANH
0.45,0.45,0.4439,0.4439,293,2022-04-14 08:19:00,TANH
0.445,0.445,0.445,0.445,2000,2022-04-14 08:31:00,TANH
0.45,0.45,0.45,0.45,1000,2022-04-14 08:33:00,TANH
0.4649,0.465,0.4649,0.465,2000,2022-04-14 08:34:00,TANH
0.4649,0.4649,0.4649,0.4649,200,2022-04-14 08:37:00,TANH
0.4648,0.4648,0.4648,0.4648,933,2022-04-14 08:38:00,TANH
0.45,0.45,0.45,0.45,1067,2022-04-14 08:40:00,TANH
0.455,0.455,0.455,0.455,933,2022-04-14 08:48:00,TANH
0.455,0.455,0.455,0.455,1100,2022-04-14 08:49:00,TANH
0.455,0.455,0.455,0.455,2000,2022-04-14 08:50:00,TANH
0.455,0.455,0.455,0.455,967,2022-04-14 08:51:00,TANH
0.455,0.455,0.455,0.455,600,2022-04-14 09:00:00,TANH
0.4649,0.4649,0.4649,0.4649,777,2022-04-14 09:16:00,TANH
0.4551,0.4551,0.4551,0.4551,2400,2022-04-14 09:19:00,TANH
0.46,0.46,0.46,0.46,200,2022-04-14 09:23:00,TANH
0.46,0.46,0.46,0.46,200,2022-04-14 09:29:00,TANH
0.46,0.46,0.46,0.46,4000,2022-04-14 09:39:00,TANH
0.4638,0.4639,0.4638,0.4639,1486,2022-04-14 09:48:00,TANH
0.4639,0.4639,0.4639,0.4639,256,2022-04-14 09:49:00,TANH
0.4635,0.4635,0.4635,0.4635,200,2022-04-14 09:52:00,TANH
0.4625,0.4635,0.4625,0.4635,1953,2022-04-14 09:56:00,TANH
0.4635,0.4639,0.4635,0.4639,7000,2022-04-14 10:13:00,TANH
0.4638,0.4638,0.4638,0.4638,258,2022-04-14 10:14:00,TANH
0.4639,0.4639,0.4638,0.4638,1723,2022-04-14 10:18:00,TANH
0.4638,0.4639,0.4638,0.4639,2800,2022-04-14 10:19:00,TANH
0.46,0.4639,0.46,0.4639,2020,2022-04-14 10:36:00,TANH
0.4532,0.4532,0.4532,0.4532,100,2022-04-14 10:53:00,TANH
0.456,0.456,0.455,0.455,14961,2022-04-14 10:54:00,TANH
0.4562,0.4562,0.4562,0.4562,140,2022-04-14 11:01:00,TANH
0.4539,0.454,0.45,0.45,821,2022-04-14 11:02:00,TANH
0.4479,0.4479,0.4479,0.4479,100,2022-04-14 11:10:00,TANH
0.4474,0.4474,0.4474,0.4474,100,2022-04-14 11:11:00,TANH
0.4404,0.4404,0.44,0.44,2742,2022-04-14 11:12:00,TANH
0.4551,0.4551,0.4551,0.4551,100,2022-04-14 11:28:00,TANH
0.4471,0.4471,0.4471,0.4471,100,2022-04-14 11:37:00,TANH
0.4405,0.4405,0.44,0.44,1500,2022-04-14 11:40:00,TANH
0.4417,0.4417,0.4407,0.4407,200,2022-04-14 11:57:00,TANH
0.4471,0.4471,0.4471,0.4471,133,2022-04-14 12:04:00,TANH
0.4471,0.4471,0.4471,0.4471,149,2022-04-14 12:07:00,TANH
0.4401,0.4401,0.4401,0.4401,100,2022-04-14 12:27:00,TANH
0.4403,0.4403,0.4403,0.4403,300,2022-04-14 12:33:00,TANH
0.4471,0.4471,0.4471,0.4471,701,2022-04-14 12:37:00,TANH
0.4484,0.4484,0.4484,0.4484,140,2022-04-14 12:41:00,TANH
0.45,0.4539,0.45,0.4539,958,2022-04-14 12:44:00,TANH
0.454,0.454,0.454,0.454,500,2022-04-14 12:45:00,TANH
0.454,0.454,0.454,0.454,14860,2022-04-14 12:47:00,TANH
0.4495,0.4495,0.4495,0.4495,100,2022-04-14 12:48:00,TANH
0.4537,0.4539,0.4537,0.4539,1200,2022-04-14 12:50:00,TANH
0.4529,0.4529,0.4529,0.4529,100,2022-04-14 12:53:00,TANH
0.4529,0.4529,0.4529,0.4529,100,2022-04-14 12:54:00,TANH
0.4529,0.4529,0.4529,0.4529,100,2022-04-14 12:56:00,TANH
0.45,0.45,0.45,0.45,287,2022-04-14 13:00:00,TANH
0.45,0.45,0.45,0.45,3460,2022-04-14 13:01:00,TANH
0.4471,0.45,0.4471,0.45,1250,2022-04-14 13:02:00,TANH
0.45,0.45,0.45,0.45,300,2022-04-14 13:05:00,TANH
0.45,0.45,0.4275,0.4275,13215,2022-04-14 13:10:00,TANH
0.4431,0.4431,0.435,0.435,958,2022-04-14 13:11:00,TANH
0.4428,0.4428,0.4428,0.4428,880,2022-04-14 13:17:00,TANH
0.4428,0.4428,0.4428,0.4428,2000,2022-04-14 13:20:00,TANH
0.4428,0.4428,0.4428,0.4428,440,2022-04-14 13:21:00,TANH
0.45,0.45,0.45,0.45,300,2022-04-14 13:22:00,TANH
0.44,0.44,0.44,0.44,945,2022-04-14 13:28:00,TANH
0.4451,0.449899,0.4451,0.449,24595,2022-04-14 13:30:00,TANH
0.4483,0.45,0.447201,0.449899,36682,2022-04-14 13:31:00,TANH
0.4491,0.464,0.4487,0.4556,55620,2022-04-14 13:32:00,TANH
0.4639,0.464,0.4561,0.457701,2289,2022-04-14 13:33:00,TANH
0.462999,0.464,0.4593,0.464,18823,2022-04-14 13:34:00,TANH
0.464,0.465,0.4598,0.4598,47770,2022-04-14 13:35:00,TANH
0.46,0.464,0.45,0.4628,33676,2022-04-14 13:36:00,TANH
0.4575,0.4619,0.451,0.4619,17898,2022-04-14 13:37:00,TANH
0.456,0.456,0.454,0.454,580,2022-04-14 13:38:00,TANH
0.454,0.454,0.4501,0.4501,5100,2022-04-14 13:39:00,TANH
0.453899,0.4539,0.450301,0.4539,6075,2022-04-14 13:41:00,TANH
0.454,0.464,0.4502,0.457249,15702,2022-04-14 13:42:00,TANH
0.463999,0.49,0.4575,0.4899,138203,2022-04-14 13:43:00,TANH
0.4868,0.499,0.48,0.497,286149,2022-04-14 13:44:00,TANH
0.497,0.497,0.48,0.4802,77554,2022-04-14 13:45:00,TANH
0.486607,0.486607,0.4635,0.472301,318526,2022-04-14 13:46:00,TANH
0.475,0.479,0.470101,0.470101,17788,2022-04-14 13:47:00,TANH
0.47,0.4778,0.47,0.473,13871,2022-04-14 13:48:00,TANH
0.474999,0.475,0.4705,0.474699,21490,2022-04-14 13:49:00,TANH
0.4705,0.4748,0.466,0.4675,41842,2022-04-14 13:50:00,TANH
0.47,0.47,0.4653,0.4653,9285,2022-04-14 13:51:00,TANH
0.4687,0.4687,0.466999,0.4687,16136,2022-04-14 13:52:00,TANH
0.4687,0.4687,0.4686,0.4687,11500,2022-04-14 13:53:00,TANH
0.4687,0.4687,0.468599,0.468599,3368,2022-04-14 13:54:00,TANH
0.46785,0.4687,0.4635,0.4635,21952,2022-04-14 13:55:00,TANH
0.4632,0.4632,0.4632,0.4632,5250,2022-04-14 13:56:00,TANH
0.4632,0.4633,0.4606,0.4633,27555,2022-04-14 13:57:00,TANH
0.4633,0.4669,0.4619,0.4633,59686,2022-04-14 13:58:00,TANH
0.4634,0.4634,0.4634,0.4634,3700,2022-04-14 13:59:00,TANH
0.4634,0.465,0.4634,0.463751,16293,2022-04-14 14:00:00,TANH
0.4637,0.4637,0.4633,0.4637,16081,2022-04-14 14:01:00,TANH
0.4634,0.4634,0.4633,0.4633,2345,2022-04-14 14:02:00,TANH
0.463199,0.463199,0.4606,0.4606,6800,2022-04-14 14:03:00,TANH
0.461986,0.461986,0.4606,0.4606,11330,2022-04-14 14:04:00,TANH
0.4618,0.4618,0.460701,0.460701,6118,2022-04-14 14:05:00,TANH
0.4618,0.4619,0.4605,0.4605,4116,2022-04-14 14:06:00,TANH
0.461,0.461,0.4605,0.460899,3899,2022-04-14 14:07:00,TANH
0.4608,0.4609,0.4606,0.4609,2500,2022-04-14 14:08:00,TANH
0.4609,0.4609,0.4605,0.4608,4880,2022-04-14 14:09:00,TANH
0.4609,0.4609,0.4608,0.4608,3400,2022-04-14 14:10:00,TANH
0.4609,0.4609,0.460867,0.4609,2100,2022-04-14 14:11:00,TANH
0.460501,0.4609,0.4521,0.460799,17251,2022-04-14 14:12:00,TANH
0.4599,0.46,0.456099,0.4577,3800,2022-04-14 14:13:00,TANH
0.4577,0.46,0.4575,0.4595,599,2022-04-14 14:14:00,TANH
0.46,0.46,0.456101,0.46,9756,2022-04-14 14:15:00,TANH
0.46,0.46,0.46,0.46,800,2022-04-14 14:16:00,TANH
0.4573,0.4596,0.455,0.4595,1183,2022-04-14 14:17:00,TANH
0.455,0.4565,0.4523,0.45295,13567,2022-04-14 14:18:00,TANH
0.4529,0.4529,0.445,0.445,14396,2022-04-14 14:19:00,TANH
0.4499,0.4499,0.448499,0.448499,1722,2022-04-14 14:20:00,TANH
0.443,0.4531,0.44,0.4531,72626,2022-04-14 14:21:00,TANH
0.4595,0.4595,0.455749,0.4594,6437,2022-04-14 14:22:00,TANH
0.455749,0.4594,0.455749,0.4583,1200,2022-04-14 14:23:00,TANH
0.459499,0.4595,0.4594,0.4594,11200,2022-04-14 14:24:00,TANH
0.4594,0.4594,0.4594,0.4594,10000,2022-04-14 14:25:00,TANH
0.4593,0.4593,0.456437,0.456437,2018,2022-04-14 14:26:00,TANH
0.4588,0.4588,0.4588,0.4588,250,2022-04-14 14:27:00,TANH
0.4587,0.4587,0.452001,0.452001,8275,2022-04-14 14:29:00,TANH
0.458,0.458,0.451,0.451,9729,2022-04-14 14:31:00,TANH
0.45,0.45,0.45,0.45,138250,2022-04-14 14:32:00,TANH
0.45,0.45,0.45,0.45,22250,2022-04-14 14:33:00,TANH
0.454899,0.454899,0.45,0.451,16800,2022-04-14 14:34:00,TANH
0.452,0.459,0.4519,0.4554,101639,2022-04-14 14:35:00,TANH
0.4554,0.4587,0.4554,0.4587,5640,2022-04-14 14:36:00,TANH
0.4554,0.46,0.4554,0.459,27895,2022-04-14 14:38:00,TANH
0.4599,0.46,0.4559,0.4559,2410,2022-04-14 14:40:00,TANH
0.4559,0.459699,0.4559,0.459699,1500,2022-04-14 14:41:00,TANH
0.454,0.4548,0.4501,0.4501,32496,2022-04-14 14:42:00,TANH
0.4559,0.4597,0.4557,0.4597,4630,2022-04-14 14:43:00,TANH
0.4598,0.462,0.4571,0.462,19413,2022-04-14 14:44:00,TANH
0.461,0.463,0.461,0.463,11196,2022-04-14 14:45:00,TANH
0.4659,0.4659,0.4622,0.4659,1750,2022-04-14 14:46:00,TANH
0.4612,0.4699,0.4612,0.46545,52440,2022-04-14 14:47:00,TANH
0.4655,0.47,0.4655,0.47,10681,2022-04-14 14:48:00,TANH
0.47,0.47,0.4698,0.4698,3200,2022-04-14 14:49:00,TANH
0.4643,0.4643,0.4643,0.4643,100,2022-04-14 14:50:00,TANH
0.465,0.465,0.465,0.465,3100,2022-04-14 14:51:00,TANH
0.4638,0.465,0.4638,0.465,1115,2022-04-14 14:52:00,TANH
0.4647,0.465,0.4647,0.465,200,2022-04-14 14:53:00,TANH
0.462999,0.463,0.462999,0.463,2567,2022-04-14 14:56:00,TANH
0.4617,0.4617,0.461,0.461,6700,2022-04-14 14:58:00,TANH
0.461,0.461,0.4605,0.461,2700,2022-04-14 15:00:00,TANH
0.4614,0.4614,0.4614,0.4614,700,2022-04-14 15:01:00,TANH
0.46,0.461,0.46,0.46,13025,2022-04-14 15:02:00,TANH
0.4628,0.4628,0.4628,0.4628,110,2022-04-14 15:04:00,TANH
0.461,0.461091,0.4501,0.455,11866,2022-04-14 15:05:00,TANH
0.4623,0.4623,0.455,0.455,350,2022-04-14 15:06:00,TANH
0.461,0.461,0.452,0.452,3299,2022-04-14 15:07:00,TANH
0.4574,0.4619,0.4574,0.46,7408,2022-04-14 15:08:00,TANH
0.46,0.463,0.46,0.463,15806,2022-04-14 15:09:00,TANH
0.4604,0.4604,0.4604,0.4604,100,2022-04-14 15:11:00,TANH
0.462,0.462,0.462,0.462,100,2022-04-14 15:12:00,TANH
0.46,0.462,0.46,0.4617,21700,2022-04-14 15:13:00,TANH
0.46,0.46,0.46,0.46,44632,2022-04-14 15:14:00,TANH
0.46,0.46,0.4553,0.4553,230,2022-04-14 15:15:00,TANH
0.4609,0.4609,0.4553,0.4609,14921,2022-04-14 15:18:00,TANH
0.4555,0.4555,0.4555,0.4555,100,2022-04-14 15:19:00,TANH
0.458,0.461,0.45405,0.4598,14145,2022-04-14 15:20:00,TANH
0.4599,0.4599,0.4599,0.4599,12500,2022-04-14 15:21:00,TANH
0.4598,0.4599,0.4526,0.4526,1450,2022-04-14 15:22:00,TANH
0.4533,0.4533,0.4533,0.4533,100,2022-04-14 15:23:00,TANH
0.4599,0.4599,0.4599,0.4599,2400,2022-04-14 15:25:00,TANH
0.4599,0.4599,0.4545,0.4545,526,2022-04-14 15:26:00,TANH
0.4598,0.4598,0.4598,0.4598,1525,2022-04-14 15:27:00,TANH
0.454001,0.454001,0.454001,0.454001,2345,2022-04-14 15:28:00,TANH
0.455,0.455,0.455,0.455,200,2022-04-14 15:30:00,TANH
0.4598,0.4598,0.455,0.455,3546,2022-04-14 15:31:00,TANH
0.4598,0.4598,0.454,0.454,1900,2022-04-14 15:32:00,TANH
0.4598,0.4598,0.4583,0.4583,2200,2022-04-14 15:33:00,TANH
0.4595,0.4595,0.455,0.455,350,2022-04-14 15:34:00,TANH
0.455,0.4594,0.455,0.4594,3900,2022-04-14 15:35:00,TANH
0.4595,0.4595,0.454,0.4594,9957,2022-04-14 15:36:00,TANH
0.4594,0.4594,0.454,0.454,8100,2022-04-14 15:37:00,TANH
0.4542,0.4542,0.4542,0.4542,100,2022-04-14 15:39:00,TANH
0.456799,0.4568,0.456799,0.4568,832,2022-04-14 15:40:00,TANH
0.4594,0.4594,0.4594,0.4594,100,2022-04-14 15:41:00,TANH
0.456799,0.456799,0.456799,0.456799,633,2022-04-14 15:44:00,TANH
0.456799,0.456799,0.4541,0.4541,825,2022-04-14 15:45:00,TANH
0.4595,0.4595,0.4595,0.4595,2189,2022-04-14 15:46:00,TANH
0.4595,0.4595,0.4595,0.4595,150,2022-04-14 15:47:00,TANH
0.4541,0.4594,0.4541,0.4541,33700,2022-04-14 15:48:00,TANH
0.4594,0.4594,0.4526,0.459399,26020,2022-04-14 15:49:00,TANH
0.4594,0.4595,0.454,0.4594,17556,2022-04-14 15:50:00,TANH
0.4594,0.46,0.458,0.4599,80500,2022-04-14 15:51:00,TANH
0.46,0.464899,0.4595,0.464899,36600,2022-04-14 15:52:00,TANH
0.465,0.465,0.46,0.4648,1700,2022-04-14 15:53:00,TANH
0.4648,0.4649,0.46,0.46,400,2022-04-14 15:54:00,TANH
0.4649,0.4649,0.4649,0.4649,5900,2022-04-14 15:56:00,TANH
0.464,0.464799,0.464,0.464799,327,2022-04-14 15:57:00,TANH
0.4647,0.4648,0.4613,0.4613,5450,2022-04-14 15:58:00,TANH
0.4648,0.4648,0.462101,0.462101,9600,2022-04-14 15:59:00,TANH
0.4621,0.464399,0.462,0.464399,63237,2022-04-14 16:00:00,TANH
0.4645,0.4645,0.4644,0.4645,6400,2022-04-14 16:02:00,TANH
0.4645,0.4645,0.4641,0.4641,13394,2022-04-14 16:03:00,TANH
0.4644,0.4644,0.4638,0.4638,6100,2022-04-14 16:04:00,TANH
0.462301,0.462301,0.462301,0.462301,450,2022-04-14 16:05:00,TANH
0.4625,0.4644,0.4625,0.4644,3000,2022-04-14 16:06:00,TANH
0.46,0.4644,0.46,0.4622,2700,2022-04-14 16:07:00,TANH
0.4642,0.4643,0.46,0.46,9900,2022-04-14 16:08:00,TANH
0.4643,0.4644,0.4627,0.4644,3300,2022-04-14 16:09:00,TANH
0.461,0.4611,0.461,0.4611,2200,2022-04-14 16:10:00,TANH
0.4627,0.4643,0.461,0.4643,2110,2022-04-14 16:11:00,TANH
0.4644,0.4688,0.464399,0.4688,31669,2022-04-14 16:12:00,TANH
0.4676,0.47,0.4675,0.4675,28708,2022-04-14 16:13:00,TANH
0.4701,0.4701,0.4688,0.4699,13646,2022-04-14 16:14:00,TANH
0.4701,0.4702,0.4701,0.4701,2700,2022-04-14 16:15:00,TANH
0.4688,0.47,0.4688,0.47,263,2022-04-14 16:16:00,TANH
0.4601,0.4688,0.4601,0.4688,3841,2022-04-14 16:17:00,TANH
0.4645,0.465312,0.4645,0.465312,3401,2022-04-14 16:18:00,TANH
0.4667,0.48,0.4667,0.48,17415,2022-04-14 16:19:00,TANH
0.4676,0.475,0.4676,0.4725,3677,2022-04-14 16:20:00,TANH
0.475,0.475,0.47,0.4719,25300,2022-04-14 16:21:00,TANH
0.4738,0.4738,0.472,0.4736,16753,2022-04-14 16:22:00,TANH
0.4736,0.4794,0.472,0.4788,21136,2022-04-14 16:23:00,TANH
0.472,0.4789,0.472,0.4789,77124,2022-04-14 16:24:00,TANH
0.4789,0.4789,0.475,0.4779,79845,2022-04-14 16:25:00,TANH
0.4779,0.478,0.475,0.478,93575,2022-04-14 16:26:00,TANH
0.4779,0.495,0.4779,0.4908,116226,2022-04-14 16:27:00,TANH
0.49185,0.4989,0.49185,0.4989,146741,2022-04-14 16:28:00,TANH
0.4988,0.5055,0.4988,0.5001,255442,2022-04-14 16:29:00,TANH
0.503,0.506,0.4922,0.4924,176422,2022-04-14 16:30:00,TANH
0.4922,0.4923,0.4891,0.4901,67258,2022-04-14 16:31:00,TANH
0.4901,0.4949,0.4888,0.4934,76970,2022-04-14 16:32:00,TANH
0.493,0.50125,0.493,0.50125,107941,2022-04-14 16:33:00,TANH
0.5012,0.515,0.5012,0.512399,135926,2022-04-14 16:34:00,TANH
0.51,0.514,0.5012,0.5012,84639,2022-04-14 16:35:00,TANH
0.505601,0.513499,0.505,0.51,38727,2022-04-14 16:36:00,TANH
0.5109,0.5109,0.505,0.5057,29730,2022-04-14 16:37:00,TANH
0.5056,0.515,0.5012,0.510101,149573,2022-04-14 16:38:00,TANH
0.51,0.5145,0.5075,0.509756,51288,2022-04-14 16:39:00,TANH
0.5075,0.51,0.5012,0.501301,34481,2022-04-14 16:40:00,TANH
0.5012,0.5051,0.5012,0.503201,15037,2022-04-14 16:41:00,TANH
0.5051,0.51,0.5032,0.5041,54079,2022-04-14 16:42:00,TANH
0.5059,0.514,0.5041,0.51,63874,2022-04-14 16:43:00,TANH
0.51,0.52,0.51,0.515,93261,2022-04-14 16:44:00,TANH
0.515,0.5249,0.515,0.522601,73758,2022-04-14 16:45:00,TANH
0.5225,0.5331,0.5225,0.53,371132,2022-04-14 16:46:00,TANH
0.53159,0.53159,0.522,0.525,135836,2022-04-14 16:47:00,TANH
0.523,0.524,0.522,0.522,86101,2022-04-14 16:48:00,TANH
0.522,0.525,0.511,0.524,217057,2022-04-14 16:49:00,TANH
0.5249,0.5281,0.517,0.5201,193853,2022-04-14 16:50:00,TANH
0.522499,0.53,0.5205,0.525,51944,2022-04-14 16:51:00,TANH
0.5233,0.5305,0.5233,0.527,105184,2022-04-14 16:52:00,TANH
0.5271,0.53,0.525,0.5255,76427,2022-04-14 16:53:00,TANH
0.5255,0.535,0.5255,0.535,96525,2022-04-14 16:54:00,TANH
0.5329,0.5389,0.5329,0.534,97728,2022-04-14 16:55:00,TANH
0.5365,0.54,0.5309,0.54,212570,2022-04-14 16:56:00,TANH
0.54,0.54,0.5328,0.54,138874,2022-04-14 16:57:00,TANH
0.54,0.55,0.5396,0.545,316711,2022-04-14 16:58:00,TANH
0.545,0.55,0.5409,0.5489,190212,2022-04-14 16:59:00,TANH
0.5489,0.55,0.5428,0.549251,181302,2022-04-14 17:00:00,TANH
0.55,0.559,0.5477,0.5575,342370,2022-04-14 17:01:00,TANH
0.5564,0.5599,0.55,0.559,289844,2022-04-14 17:02:00,TANH
0.559,0.595,0.5585,0.5723,469141,2022-04-14 17:03:00,TANH
0.572,0.5946,0.5325,0.566,610357,2022-04-14 17:04:00,TANH
0.5533,0.5619,0.5437,0.55,369298,2022-04-14 17:05:00,TANH
0.55,0.552,0.5335,0.5381,252725,2022-04-14 17:06:00,TANH
0.535,0.55,0.5336,0.5412,246717,2022-04-14 17:07:00,TANH
0.5453,0.5484,0.5405,0.547899,144651,2022-04-14 17:08:00,TANH
0.5415,0.5479,0.54,0.5412,194159,2022-04-14 17:09:00,TANH
0.5411,0.5434,0.5362,0.5362,137397,2022-04-14 17:10:00,TANH
0.538051,0.5398,0.522,0.5303,217973,2022-04-14 17:11:00,TANH
0.5305,0.535,0.523,0.53,69702,2022-04-14 17:12:00,TANH
0.53,0.53,0.5253,0.5256,93811,2022-04-14 17:13:00,TANH
0.526551,0.528,0.522,0.5235,111120,2022-04-14 17:14:00,TANH
0.5222,0.5222,0.513,0.52,137026,2022-04-14 17:15:00,TANH
0.5199,0.529199,0.5141,0.5141,500613,2022-04-14 17:16:00,TANH
0.5225,0.5255,0.52,0.5214,157730,2022-04-14 17:17:00,TANH
0.5215,0.5215,0.51,0.51,169530,2022-04-14 17:18:00,TANH
0.51,0.5165,0.51,0.513001,37350,2022-04-14 17:19:00,TANH
0.513,0.5198,0.5103,0.515711,40526,2022-04-14 17:20:00,TANH
0.5158,0.516,0.514,0.5151,60540,2022-04-14 17:21:00,TANH
0.515,0.515099,0.507,0.507,187802,2022-04-14 17:22:00,TANH
0.5069,0.5077,0.5034,0.5055,141308,2022-04-14 17:23:00,TANH
0.5048,0.515,0.504,0.5149,116804,2022-04-14 17:24:00,TANH
0.5127,0.5199,0.5067,0.5124,144702,2022-04-14 17:25:00,TANH
0.5098,0.5098,0.508,0.5089,17719,2022-04-14 17:26:00,TANH
0.5198,0.5198,0.5125,0.515,10125,2022-04-14 17:27:00,TANH
0.5151,0.518,0.5112,0.5112,55386,2022-04-14 17:28:00,TANH
0.51,0.5112,0.5088,0.5095,38687,2022-04-14 17:29:00,TANH
0.510601,0.518,0.5106,0.511,12003,2022-04-14 17:30:00,TANH
0.5137,0.5137,0.5137,0.5137,800,2022-04-14 17:31:00,TANH
0.5101,0.517999,0.5101,0.5122,44023,2022-04-14 17:32:00,TANH
0.5121,0.5122,0.5101,0.5101,15100,2022-04-14 17:33:00,TANH
0.511981,0.515,0.5103,0.5118,8741,2022-04-14 17:34:00,TANH
0.515,0.518,0.514699,0.5178,25950,2022-04-14 17:35:00,TANH
0.517999,0.5199,0.515,0.518287,34551,2022-04-14 17:36:00,TANH
0.5182,0.52,0.517,0.5191,76390,2022-04-14 17:37:00,TANH
0.5193,0.535,0.5193,0.5215,54187,2022-04-14 17:38:00,TANH
0.5227,0.53,0.5227,0.5282,186157,2022-04-14 17:39:00,TANH
0.5276,0.5276,0.52,0.5224,50076,2022-04-14 17:40:00,TANH
0.5232,0.5241,0.5224,0.5241,10801,2022-04-14 17:41:00,TANH
0.5242,0.5242,0.5226,0.5226,700,2022-04-14 17:42:00,TANH
0.5224,0.5226,0.512,0.512,94366,2022-04-14 17:43:00,TANH
0.5123,0.52,0.5123,0.52,30333,2022-04-14 17:44:00,TANH
0.517,0.52,0.5122,0.5129,5676,2022-04-14 17:45:00,TANH
0.515,0.516,0.5122,0.5122,18260,2022-04-14 17:46:00,TANH
0.5123,0.5129,0.5123,0.5129,24000,2022-04-14 17:47:00,TANH
0.5122,0.5148,0.5122,0.5135,9700,2022-04-14 17:48:00,TANH
0.5148,0.5341,0.5148,0.5297,64600,2022-04-14 17:49:00,TANH
0.522553,0.525,0.515,0.52485,30052,2022-04-14 17:50:00,TANH
0.5217,0.5217,0.5217,0.5217,700,2022-04-14 17:51:00,TANH
0.5289,0.5289,0.52,0.52,3645,2022-04-14 17:52:00,TANH
0.5249,0.5249,0.5236,0.5249,11100,2022-04-14 17:53:00,TANH
0.525,0.529,0.5225,0.5263,26799,2022-04-14 17:54:00,TANH
0.5289,0.529,0.5251,0.5251,6145,2022-04-14 17:55:00,TANH
0.529,0.529,0.525201,0.525201,6233,2022-04-14 17:56:00,TANH
0.527,0.527,0.517,0.517,112101,2022-04-14 17:57:00,TANH
0.5151,0.5151,0.5129,0.5151,5848,2022-04-14 17:58:00,TANH
0.5151,0.5151,0.5122,0.515,13042,2022-04-14 17:59:00,TANH
0.5151,0.52,0.514477,0.5199,9800,2022-04-14 18:00:00,TANH
0.519399,0.5195,0.519399,0.5195,1560,2022-04-14 18:01:00,TANH
0.518,0.518,0.5153,0.5153,22200,2022-04-14 18:02:00,TANH
0.5141,0.5141,0.5101,0.5101,118788,2022-04-14 18:03:00,TANH
0.512,0.512,0.5101,0.5103,12500,2022-04-14 18:04:00,TANH
0.5151,0.529,0.5151,0.529,127063,2022-04-14 18:05:00,TANH
0.527999,0.527999,0.51805,0.51805,6361,2022-04-14 18:06:00,TANH
0.5181,0.522,0.5181,0.5201,26500,2022-04-14 18:07:00,TANH
0.521999,0.5239,0.52,0.5239,22004,2022-04-14 18:08:00,TANH
0.521949,0.522,0.5201,0.522,4900,2022-04-14 18:09:00,TANH
0.5201,0.521,0.5201,0.5202,22273,2022-04-14 18:10:00,TANH
0.5202,0.5202,0.5201,0.5201,26573,2022-04-14 18:11:00,TANH
0.5202,0.5202,0.5201,0.52011,11412,2022-04-14 18:12:00,TANH
0.5201,0.528,0.513,0.5215,187050,2022-04-14 18:13:00,TANH
0.5203,0.528,0.5182,0.525,9650,2022-04-14 18:14:00,TANH
0.528,0.528,0.525,0.525,27772,2022-04-14 18:15:00,TANH
0.528,0.528,0.5203,0.5203,18034,2022-04-14 18:16:00,TANH
0.5217,0.5217,0.5202,0.5203,8784,2022-04-14 18:17:00,TANH
0.5203,0.523,0.511,0.521,58352,2022-04-14 18:18:00,TANH
0.521,0.521,0.5189,0.52005,3444,2022-04-14 18:19:00,TANH
0.521,0.521,0.5135,0.5168,22610,2022-04-14 18:20:00,TANH
0.5168,0.5199,0.5135,0.5135,21140,2022-04-14 18:21:00,TANH
0.5189,0.5199,0.5136,0.513701,10400,2022-04-14 18:22:00,TANH
0.5146,0.5198,0.5146,0.5198,12420,2022-04-14 18:23:00,TANH
0.5147,0.5198,0.5146,0.515101,15900,2022-04-14 18:24:00,TANH
0.5185,0.5198,0.518399,0.5197,69175,2022-04-14 18:25:00,TANH
0.5197,0.5202,0.5195,0.5202,10429,2022-04-14 18:26:00,TANH
0.523,0.523,0.52,0.5229,13215,2022-04-14 18:27:00,TANH
0.522899,0.532,0.522899,0.5247,64394,2022-04-14 18:28:00,TANH
0.5246,0.5261,0.523,0.523,20944,2022-04-14 18:29:00,TANH
0.5251,0.5313,0.5251,0.5313,2633,2022-04-14 18:30:00,TANH
0.5312,0.5312,0.5253,0.5255,61850,2022-04-14 18:31:00,TANH
0.531,0.531,0.527,0.528,26922,2022-04-14 18:32:00,TANH
0.5282,0.531,0.5254,0.5254,4494,2022-04-14 18:33:00,TANH
0.530899,0.530899,0.5254,0.5254,7158,2022-04-14 18:34:00,TANH
0.53099,0.531,0.5254,0.5257,7600,2022-04-14 18:35:00,TANH
0.5255,0.526399,0.5254,0.5255,12514,2022-04-14 18:36:00,TANH
0.5255,0.5255,0.513,0.5153,67718,2022-04-14 18:37:00,TANH
0.515,0.5153,0.514,0.515,13140,2022-04-14 18:38:00,TANH
0.5142,0.525,0.513,0.513,42407,2022-04-14 18:39:00,TANH
0.513,0.525,0.513,0.513,12518,2022-04-14 18:40:00,TANH
0.5157,0.519,0.513584,0.513584,1474,2022-04-14 18:41:00,TANH
0.514845,0.514845,0.5115,0.5115,4560,2022-04-14 18:42:00,TANH
0.513,0.513001,0.513,0.513001,4600,2022-04-14 18:43:00,TANH
0.513,0.5199,0.513,0.516501,15207,2022-04-14 18:44:00,TANH
0.513,0.52,0.513,0.52,21791,2022-04-14 18:45:00,TANH
0.516501,0.516501,0.513,0.513311,8989,2022-04-14 18:46:00,TANH
0.513,0.513,0.5,0.5011,194834,2022-04-14 18:47:00,TANH
0.5012,0.5022,0.5007,0.5012,22397,2022-04-14 18:48:00,TANH
0.501301,0.51,0.5003,0.5013,16200,2022-04-14 18:49:00,TANH
0.5003,0.51,0.5003,0.51,390,2022-04-14 18:50:00,TANH
0.5003,0.509799,0.5003,0.5035,20723,2022-04-14 18:51:00,TANH
0.5014,0.5099,0.4975,0.5099,41998,2022-04-14 18:52:00,TANH
0.5003,0.504999,0.5,0.504999,15894,2022-04-14 18:53:00,TANH
0.5003,0.5003,0.5003,0.5003,1000,2022-04-14 18:54:00,TANH
0.5098,0.5098,0.5,0.5,90974,2022-04-14 18:55:00,TANH
0.4995,0.5,0.4907,0.49085,114254,2022-04-14 18:56:00,TANH
0.4909,0.5,0.4908,0.5,51492,2022-04-14 18:57:00,TANH
0.5,0.5,0.4948,0.4948,4555,2022-04-14 18:58:00,TANH
0.493,0.493101,0.491,0.491,25898,2022-04-14 18:59:00,TANH
0.4909,0.4909,0.4907,0.4908,30158,2022-04-14 19:00:00,TANH
0.4908,0.4929,0.4888,0.4889,64463,2022-04-14 19:01:00,TANH
0.4889,0.49,0.4888,0.489001,20278,2022-04-14 19:02:00,TANH
0.49,0.5,0.4895,0.4999,9869,2022-04-14 19:03:00,TANH
0.4999,0.5098,0.4902,0.4902,40772,2022-04-14 19:04:00,TANH
0.5,0.504799,0.5,0.5,22467,2022-04-14 19:05:00,TANH
0.4995,0.5,0.4995,0.5,400,2022-04-14 19:06:00,TANH
0.491,0.4999,0.491,0.4988,11108,2022-04-14 19:07:00,TANH
0.4913,0.4988,0.4913,0.4913,27220,2022-04-14 19:08:00,TANH
0.4915,0.4987,0.4912,0.4987,5200,2022-04-14 19:09:00,TANH
0.495,0.496,0.485,0.4888,42612,2022-04-14 19:10:00,TANH
0.488901,0.496,0.4888,0.4959,26500,2022-04-14 19:11:00,TANH
0.489,0.492,0.489,0.492,650,2022-04-14 19:12:00,TANH
0.493,0.4988,0.485,0.4988,18310,2022-04-14 19:13:00,TANH
0.4988,0.4988,0.490451,0.4988,3210,2022-04-14 19:14:00,TANH
0.4987,0.4988,0.4905,0.498,13160,2022-04-14 19:15:00,TANH
0.4978,0.4978,0.4976,0.4976,7600,2022-04-14 19:16:00,TANH
0.4977,0.4978,0.4942,0.4942,2890,2022-04-14 19:17:00,TANH
0.4915,0.493799,0.49,0.49,9288,2022-04-14 19:18:00,TANH
0.49,0.49,0.4891,0.4891,3980,2022-04-14 19:19:00,TANH
0.4871,0.498,0.4853,0.4935,25403,2022-04-14 19:20:00,TANH
0.4931,0.494,0.4853,0.4855,18844,2022-04-14 19:21:00,TANH
0.4855,0.4949,0.4854,0.4947,2100,2022-04-14 19:22:00,TANH
0.494,0.494,0.4862,0.4862,6889,2022-04-14 19:23:00,TANH
0.494,0.494,0.4901,0.4939,14450,2022-04-14 19:24:00,TANH
0.4863,0.4988,0.4863,0.4988,21894,2022-04-14 19:25:00,TANH
0.4988,0.4988,0.498,0.498,42370,2022-04-14 19:26:00,TANH
0.49,0.498,0.49,0.490101,20517,2022-04-14 19:27:00,TANH
0.4902,0.4946,0.49,0.49,18116,2022-04-14 19:28:00,TANH
0.49,0.495,0.49,0.495,4210,2022-04-14 19:29:00,TANH
0.498899,0.498899,0.493999,0.493999,15092,2022-04-14 19:30:00,TANH
0.490101,0.490101,0.490101,0.490101,5000,2022-04-14 19:31:00,TANH
0.498,0.498,0.494,0.494,5800,2022-04-14 19:32:00,TANH
0.4979,0.498,0.4901,0.4901,31068,2022-04-14 19:33:00,TANH
0.4901,0.4901,0.4901,0.4901,1450,2022-04-14 19:35:00,TANH
0.4901,0.4901,0.4901,0.4901,3045,2022-04-14 19:36:00,TANH
0.4901,0.4941,0.4901,0.4941,2180,2022-04-14 19:37:00,TANH
0.4931,0.4931,0.4931,0.4931,150,2022-04-14 19:38:00,TANH
0.498,0.498,0.4941,0.4942,2600,2022-04-14 19:39:00,TANH
0.4941,0.4941,0.4903,0.4903,600,2022-04-14 19:40:00,TANH
0.490301,0.498,0.490301,0.498,4250,2022-04-14 19:41:00,TANH
0.4941,0.4941,0.4903,0.4903,200,2022-04-14 19:42:00,TANH
0.49415,0.49415,0.4903,0.4903,8400,2022-04-14 19:43:00,TANH
0.49415,0.49515,0.4901,0.495,17944,2022-04-14 19:44:00,TANH
0.498,0.498,0.495,0.495,10974,2022-04-14 19:45:00,TANH
0.495,0.4951,0.495,0.4951,10774,2022-04-14 19:46:00,TANH
0.495,0.495,0.4915,0.4945,9000,2022-04-14 19:47:00,TANH
0.498,0.498,0.498,0.498,962,2022-04-14 19:48:00,TANH
0.497899,0.497899,0.49,0.4911,24282,2022-04-14 19:49:00,TANH
0.4911,0.493,0.4811,0.4811,46906,2022-04-14 19:50:00,TANH
0.4895,0.498,0.4812,0.4838,17258,2022-04-14 19:51:00,TANH
0.4894,0.4894,0.4816,0.4816,9525,2022-04-14 19:52:00,TANH
0.4845,0.4864,0.4816,0.4845,18788,2022-04-14 19:53:00,TANH
0.4989,0.499,0.490201,0.490201,1722,2022-04-14 19:54:00,TANH
0.4987,0.4987,0.4902,0.4985,9649,2022-04-14 19:55:00,TANH
0.4982,0.4982,0.4952,0.4952,8147,2022-04-14 19:56:00,TANH
0.4979,0.4979,0.49,0.4914,24100,2022-04-14 19:57:00,TANH
0.4895,0.499,0.4818,0.4898,123141,2022-04-14 19:58:00,TANH
0.4979,0.5,0.4896,0.49,65757,2022-04-14 19:59:00,TANH
0.5,0.5,0.5,0.5,3704,2022-04-14 20:00:00,TANH
0.49,0.49,0.49,0.49,712,2022-04-14 20:03:00,TANH
0.49,0.49,0.4822,0.4822,493,2022-04-14 20:06:00,TANH
0.49,0.5098,0.49,0.5098,5058,2022-04-14 20:07:00,TANH
0.5145,0.5145,0.5145,0.5145,30917,2022-04-14 20:08:00,TANH
0.51,0.51,0.51,0.51,551,2022-04-14 20:11:00,TANH
0.5095,0.5145,0.492,0.492,18371,2022-04-14 20:13:00,TANH
0.52,0.52,0.52,0.52,5000,2022-04-14 20:14:00,TANH
0.5188,0.5188,0.5188,0.5188,5000,2022-04-14 20:15:00,TANH
0.5188,0.5188,0.5,0.5,5400,2022-04-14 20:16:00,TANH
0.5048,0.5048,0.5048,0.5048,100,2022-04-14 20:28:00,TANH
0.5048,0.5048,0.5048,0.5048,222,2022-04-14 20:29:00,TANH
0.5,0.5,0.5,0.5,146,2022-04-14 20:37:00,TANH
0.5,0.5,0.5,0.5,500,2022-04-14 20:40:00,TANH
0.4925,0.4925,0.4925,0.4925,500,2022-04-14 20:48:00,TANH
0.5,0.5,0.5,0.5,1001,2022-04-14 20:51:00,TANH
0.4925,0.4925,0.4925,0.4925,560,2022-04-14 20:54:00,TANH
0.4835,0.4835,0.4835,0.4835,6000,2022-04-14 20:55:00,TANH
0.4835,0.4835,0.4835,0.4835,650,2022-04-14 20:56:00,TANH
0.5,0.5,0.5,0.5,2000,2022-04-14 20:57:00,TANH
0.4925,0.4925,0.4925,0.4925,200,2022-04-14 20:59:00,TANH
0.4835,0.4835,0.4835,0.4835,5696,2022-04-14 21:03:00,TANH
0.499,0.5,0.499,0.5,2675,2022-04-14 21:04:00,TANH
0.4842,0.4842,0.484,0.484,600,2022-04-14 21:12:00,TANH
0.485,0.485,0.485,0.485,100,2022-04-14 21:18:00,TANH
0.5,0.5,0.5,0.5,500,2022-04-14 21:19:00,TANH
0.489,0.489,0.489,0.489,468,2022-04-14 21:22:00,TANH
0.5,0.5,0.5,0.5,10000,2022-04-14 21:23:00,TANH
0.5,0.5,0.5,0.5,100,2022-04-14 21:26:00,TANH
0.5,0.5,0.5,0.5,2127,2022-04-14 21:27:00,TANH
0.4856,0.4856,0.4856,0.4856,400,2022-04-14 21:29:00,TANH
0.49,0.49,0.49,0.49,4592,2022-04-14 21:35:00,TANH
0.4999,0.4999,0.4999,0.4999,500,2022-04-14 21:44:00,TANH
0.4999,0.4999,0.4999,0.4999,100,2022-04-14 21:50:00,TANH
0.4901,0.5,0.4901,0.5,1239,2022-04-14 21:52:00,TANH
0.4901,0.4901,0.49,0.49,1000,2022-04-14 21:54:00,TANH
0.4903,0.4903,0.4901,0.4901,3482,2022-04-14 21:57:00,TANH
0.4901,0.4901,0.49,0.49,7261,2022-04-14 21:58:00,TANH
0.49,0.49,0.49,0.49,638,2022-04-14 21:59:00,TANH
0.49,0.49,0.49,0.49,390,2022-04-14 22:03:00,TANH
0.5,0.5,0.5,0.5,500,2022-04-14 22:10:00,TANH
0.4987,0.4987,0.4987,0.4987,160,2022-04-14 22:16:00,TANH
0.4987,0.4987,0.4987,0.4987,500,2022-04-14 22:24:00,TANH
0.4987,0.4987,0.4987,0.4987,427,2022-04-14 22:28:00,TANH
0.49,0.49,0.49,0.49,1000,2022-04-14 22:30:00,TANH
0.49,0.49,0.49,0.49,9254,2022-04-14 22:41:00,TANH
0.4987,0.4987,0.4987,0.4987,200,2022-04-14 22:47:00,TANH
0.49,0.49,0.49,0.49,1000,2022-04-14 22:48:00,TANH
0.49,0.49,0.49,0.49,200,2022-04-14 22:58:00,TANH
0.49,0.49,0.49,0.49,2897,2022-04-14 23:08:00,TANH
0.4986,0.4986,0.4986,0.4986,700,2022-04-14 23:11:00,TANH
0.49,0.49,0.49,0.49,520,2022-04-14 23:17:00,TANH
0.49,0.49,0.49,0.49,331,2022-04-14 23:57:00,TANH
0.49,0.49,0.4817,0.4817,2912,2022-04-18 08:01:00,TANH
0.4817,0.4817,0.4817,0.4817,103,2022-04-18 08:02:00,TANH
0.4816,0.4821,0.4816,0.4821,861,2022-04-18 08:09:00,TANH
0.4821,0.4821,0.48,0.48,4400,2022-04-18 08:11:00,TANH
0.4911,0.4911,0.48,0.4801,1254,2022-04-18 08:12:00,TANH
0.4803,0.4803,0.4707,0.4707,2366,2022-04-18 08:22:00,TANH
0.472,0.472,0.472,0.472,300,2022-04-18 08:25:00,TANH
0.4849,0.4849,0.4849,0.4849,785,2022-04-18 08:33:00,TANH
0.4849,0.4849,0.4849,0.4849,250,2022-04-18 08:34:00,TANH
0.4849,0.4849,0.4849,0.4849,1100,2022-04-18 08:36:00,TANH
0.4849,0.4849,0.4849,0.4849,1000,2022-04-18 08:39:00,TANH
0.4815,0.4815,0.4815,0.4815,200,2022-04-18 08:41:00,TANH
0.4849,0.4849,0.4849,0.4849,600,2022-04-18 08:42:00,TANH
0.4847,0.4849,0.4847,0.4849,1000,2022-04-18 08:43:00,TANH
0.4849,0.4849,0.4849,0.4849,350,2022-04-18 08:44:00,TANH
0.4849,0.4849,0.4849,0.4849,250,2022-04-18 08:47:00,TANH
0.4847,0.4847,0.4847,0.4847,690,2022-04-18 08:54:00,TANH
0.4847,0.4847,0.48,0.48,1000,2022-04-18 08:55:00,TANH
0.4801,0.4801,0.48,0.48,2334,2022-04-18 08:57:00,TANH
0.48,0.48,0.48,0.48,1000,2022-04-18 09:01:00,TANH
0.48,0.48,0.48,0.48,5000,2022-04-18 09:02:00,TANH
0.48,0.48,0.48,0.48,1061,2022-04-18 09:05:00,TANH
0.48,0.48,0.48,0.48,500,2022-04-18 09:07:00,TANH
0.4801,0.4801,0.48,0.48,4767,2022-04-18 09:13:00,TANH
0.4802,0.4802,0.4802,0.4802,5000,2022-04-18 09:20:00,TANH
0.4802,0.4802,0.4802,0.4802,2600,2022-04-18 09:22:00,TANH
0.4802,0.4802,0.4802,0.4802,722,2022-04-18 09:24:00,TANH
0.4802,0.4802,0.4802,0.4802,132,2022-04-18 09:30:00,TANH
0.4812,0.4812,0.4812,0.4812,479,2022-04-18 09:36:00,TANH
0.4802,0.4802,0.4802,0.4802,1000,2022-04-18 09:38:00,TANH
0.4825,0.4825,0.4825,0.4825,230,2022-04-18 09:58:00,TANH
0.483,0.483,0.4818,0.4818,500,2022-04-18 10:03:00,TANH
0.482,0.482,0.482,0.482,230,2022-04-18 10:05:00,TANH
0.482,0.482,0.482,0.482,100,2022-04-18 10:13:00,TANH
0.483,0.483,0.483,0.483,155,2022-04-18 10:28:00,TANH
0.485,0.485,0.485,0.485,500,2022-04-18 10:39:00,TANH
0.4841,0.4841,0.4802,0.4802,12409,2022-04-18 10:41:00,TANH
0.4826,0.4826,0.4826,0.4826,800,2022-04-18 10:55:00,TANH
0.4826,0.4826,0.4826,0.4826,1019,2022-04-18 10:58:00,TANH
0.489,0.489,0.4826,0.4826,3700,2022-04-18 11:00:00,TANH
0.4847,0.485,0.4826,0.485,12500,2022-04-18 11:02:00,TANH
0.485,0.485,0.485,0.485,228,2022-04-18 11:03:00,TANH
0.4897,0.4897,0.4897,0.4897,2000,2022-04-18 11:04:00,TANH
0.49,0.4999,0.49,0.4999,1940,2022-04-18 11:05:00,TANH
0.4999,0.5,0.4999,0.5,1000,2022-04-18 11:06:00,TANH
0.5,0.5,0.5,0.5,878,2022-04-18 11:12:00,TANH
0.499,0.499,0.499,0.499,100,2022-04-18 11:32:00,TANH
0.4949,0.5,0.4949,0.5,2801,2022-04-18 11:40:00,TANH
0.5,0.5,0.5,0.5,200,2022-04-18 11:42:00,TANH
0.4855,0.486,0.485,0.4851,3800,2022-04-18 12:10:00,TANH
0.485,0.485,0.485,0.485,15200,2022-04-18 12:12:00,TANH
0.4859,0.4859,0.485,0.485,1000,2022-04-18 12:15:00,TANH
0.4889,0.4889,0.4889,0.4889,100,2022-04-18 12:17:00,TANH
0.5,0.51,0.5,0.51,3357,2022-04-18 12:18:00,TANH
0.505,0.5166,0.505,0.5166,8333,2022-04-18 12:19:00,TANH
0.495,0.495,0.486,0.486,7946,2022-04-18 12:24:00,TANH
0.486,0.486,0.486,0.486,800,2022-04-18 12:28:00,TANH
0.486,0.486,0.48,0.48,4500,2022-04-18 12:35:00,TANH
0.48,0.48,0.48,0.48,2000,2022-04-18 12:38:00,TANH
0.486,0.486,0.486,0.486,2436,2022-04-18 12:46:00,TANH
0.5,0.5,0.5,0.5,10000,2022-04-18 12:55:00,TANH
0.4992,0.4992,0.486,0.49,2645,2022-04-18 13:00:00,TANH
0.49,0.49,0.49,0.49,5000,2022-04-18 13:03:00,TANH
0.49,0.49,0.49,0.49,500,2022-04-18 13:06:00,TANH
0.4975,0.4975,0.4975,0.4975,1000,2022-04-18 13:07:00,TANH
0.49,0.49,0.49,0.49,1089,2022-04-18 13:09:00,TANH
0.486,0.4899,0.486,0.4899,200,2022-04-18 13:11:00,TANH
0.4899,0.4899,0.4899,0.4899,100,2022-04-18 13:12:00,TANH
0.4899,0.4899,0.4899,0.4899,400,2022-04-18 13:13:00,TANH
0.486,0.486,0.486,0.486,1900,2022-04-18 13:15:00,TANH
0.4899,0.4899,0.4899,0.4899,500,2022-04-18 13:17:00,TANH
0.486,0.486,0.486,0.486,220,2022-04-18 13:21:00,TANH
0.4975,0.4975,0.4975,0.4975,1675,2022-04-18 13:22:00,TANH
0.486,0.486,0.486,0.486,492,2022-04-18 13:24:00,TANH
0.486,0.486,0.486,0.486,410,2022-04-18 13:25:00,TANH
0.4899,0.5,0.486,0.5,1835,2022-04-18 13:26:00,TANH
0.4999,0.4999,0.4999,0.4999,100,2022-04-18 13:28:00,TANH
0.4917,0.5166,0.4917,0.5164,113901,2022-04-18 13:30:00,TANH
0.5165,0.5165,0.5,0.51,112090,2022-04-18 13:31:00,TANH
0.509899,0.51,0.4988,0.5001,13353,2022-04-18 13:32:00,TANH
0.5,0.5,0.49,0.49,21409,2022-04-18 13:33:00,TANH
0.49,0.4999,0.49,0.4999,40110,2022-04-18 13:34:00,TANH
0.493,0.498899,0.486,0.49,3594,2022-04-18 13:35:00,TANH
0.49,0.499,0.49,0.499,7580,2022-04-18 13:36:00,TANH
0.49,0.494999,0.4851,0.49,13423,2022-04-18 13:37:00,TANH
0.4925,0.495,0.485,0.485,4736,2022-04-18 13:38:00,TANH
0.49,0.495,0.48,0.48,35354,2022-04-18 13:39:00,TANH
0.494899,0.494899,0.48,0.487449,3011,2022-04-18 13:40:00,TANH
0.4838,0.4838,0.48,0.48,18906,2022-04-18 13:41:00,TANH
0.48,0.48,0.475322,0.475322,14961,2022-04-18 13:42:00,TANH
0.4754,0.4754,0.472,0.4752,15024,2022-04-18 13:43:00,TANH
0.4721,0.4775,0.472,0.475,43948,2022-04-18 13:44:00,TANH
0.475,0.475,0.4742,0.4743,7885,2022-04-18 13:45:00,TANH
0.474,0.475,0.461,0.475,163043,2022-04-18 13:46:00,TANH
0.475,0.4774,0.475,0.4768,15969,2022-04-18 13:47:00,TANH
0.4773,0.49,0.4761,0.49,24381,2022-04-18 13:48:00,TANH
0.4948,0.4948,0.4837,0.4899,10344,2022-04-18 13:49:00,TANH
0.4898,0.4899,0.47611,0.489699,14896,2022-04-18 13:50:00,TANH
0.4761,0.4897,0.475,0.475,26749,2022-04-18 13:51:00,TANH
0.48,0.489702,0.4799,0.489699,15098,2022-04-18 13:52:00,TANH
0.4897,0.4897,0.480001,0.4801,7100,2022-04-18 13:53:00,TANH
0.48,0.48,0.475,0.475,34449,2022-04-18 13:54:00,TANH
0.475,0.4754,0.475,0.475101,7840,2022-04-18 13:55:00,TANH
0.4753,0.4753,0.475,0.4752,1700,2022-04-18 13:56:00,TANH
0.4753,0.4753,0.475,0.4752,4663,2022-04-18 13:57:00,TANH
0.4753,0.4753,0.4636,0.4636,72256,2022-04-18 13:58:00,TANH
0.47,0.47,0.46,0.46,56461,2022-04-18 13:59:00,TANH
0.46,0.4649,0.455,0.4602,58365,2022-04-18 14:00:00,TANH
0.4623,0.4699,0.46,0.4665,11051,2022-04-18 14:01:00,TANH
0.467,0.4698,0.4601,0.46485,7106,2022-04-18 14:02:00,TANH
0.46,0.4696,0.46,0.4616,29975,2022-04-18 14:03:00,TANH
0.4616,0.4616,0.4616,0.4616,400,2022-04-18 14:04:00,TANH
0.4697,0.4697,0.4608,0.4608,4286,2022-04-18 14:05:00,TANH
0.4696,0.4697,0.4601,0.4649,1917,2022-04-18 14:06:00,TANH
0.4697,0.4697,0.465,0.4697,11431,2022-04-18 14:07:00,TANH
0.4698,0.4753,0.4697,0.4729,6939,2022-04-18 14:08:00,TANH
0.470001,0.470001,0.47,0.47,700,2022-04-18 14:09:00,TANH
0.471,0.471,0.465,0.465,4500,2022-04-18 14:10:00,TANH
0.4753,0.479999,0.47,0.47,28281,2022-04-18 14:11:00,TANH
0.4702,0.48,0.466201,0.47,23190,2022-04-18 14:12:00,TANH
0.475,0.4799,0.47,0.479899,5575,2022-04-18 14:13:00,TANH
0.4799,0.48,0.47,0.48,11200,2022-04-18 14:14:00,TANH
0.475,0.48,0.4661,0.479799,9993,2022-04-18 14:15:00,TANH
0.4725,0.4798,0.47,0.47485,13318,2022-04-18 14:16:00,TANH
0.4796,0.4797,0.4652,0.479699,12075,2022-04-18 14:17:00,TANH
0.4729,0.4797,0.4728,0.4796,4510,2022-04-18 14:18:00,TANH
0.478899,0.479,0.466,0.466,16130,2022-04-18 14:19:00,TANH
0.4725,0.4726,0.4725,0.4725,700,2022-04-18 14:20:00,TANH
0.4725,0.479,0.466,0.466,9943,2022-04-18 14:21:00,TANH
0.4699,0.4699,0.4699,0.4699,200,2022-04-18 14:22:00,TANH
0.4725,0.4725,0.4725,0.4725,200,2022-04-18 14:23:00,TANH
0.475,0.475,0.466001,0.4749,3765,2022-04-18 14:24:00,TANH
0.4738,0.479,0.4725,0.479,2470,2022-04-18 14:25:00,TANH
0.4745,0.479,0.4745,0.479,900,2022-04-18 14:26:00,TANH
0.475,0.4789,0.466,0.4789,2023,2022-04-18 14:27:00,TANH
0.4785,0.4785,0.4701,0.4701,400,2022-04-18 14:28:00,TANH
0.4701,0.479,0.4701,0.478899,7100,2022-04-18 14:29:00,TANH
0.479,0.479,0.4701,0.479,7605,2022-04-18 14:30:00,TANH
0.479,0.479,0.479,0.479,200,2022-04-18 14:31:00,TANH
0.479,0.479,0.479,0.479,110,2022-04-18 14:32:00,TANH
0.478899,0.4789,0.47,0.4789,15799,2022-04-18 14:33:00,TANH
0.474499,0.479,0.474499,0.478899,9200,2022-04-18 14:34:00,TANH
0.4789,0.479,0.4745,0.478899,17000,2022-04-18 14:35:00,TANH
0.4789,0.47891,0.4731,0.4731,11200,2022-04-18 14:36:00,TANH
0.478899,0.479,0.476,0.4787,11000,2022-04-18 14:37:00,TANH
0.478699,0.4787,0.4735,0.4787,10700,2022-04-18 14:38:00,TANH
0.473,0.4787,0.473,0.4787,22100,2022-04-18 14:39:00,TANH
0.4781,0.4788,0.4742,0.4788,5501,2022-04-18 14:40:00,TANH
0.473,0.4788,0.473,0.473,2651,2022-04-18 14:41:00,TANH
0.4731,0.4731,0.473,0.473,2260,2022-04-18 14:42:00,TANH
0.473,0.4736,0.473,0.473,300,2022-04-18 14:43:00,TANH
0.4736,0.4736,0.4736,0.4736,400,2022-04-18 14:44:00,TANH
0.473,0.473101,0.473,0.473101,2899,2022-04-18 14:45:00,TANH
0.478699,0.4788,0.478699,0.4788,400,2022-04-18 14:47:00,TANH
0.4788,0.4788,0.4756,0.4756,10100,2022-04-18 14:48:00,TANH
0.4771,0.477151,0.4756,0.4756,8500,2022-04-18 14:49:00,TANH
0.4788,0.4788,0.478,0.478,200,2022-04-18 14:50:00,TANH
0.478,0.478,0.4752,0.4752,10300,2022-04-18 14:51:00,TANH
0.4766,0.4766,0.4766,0.4766,800,2022-04-18 14:52:00,TANH
0.4779,0.4779,0.4767,0.4767,3113,2022-04-18 14:53:00,TANH
0.4765,0.4765,0.4765,0.4765,7000,2022-04-18 14:54:00,TANH
0.4766,0.4766,0.4765,0.476506,6693,2022-04-18 14:55:00,TANH
0.4765,0.4765,0.4732,0.4732,15330,2022-04-18 14:56:00,TANH
0.4764,0.4764,0.47,0.47,12853,2022-04-18 14:57:00,TANH
0.47,0.47,0.47,0.47,200,2022-04-18 14:58:00,TANH
0.470101,0.473301,0.47,0.47,2000,2022-04-18 14:59:00,TANH
0.4739,0.4739,0.47,0.47,9240,2022-04-18 15:00:00,TANH
0.4734,0.4734,0.4734,0.4734,129,2022-04-18 15:02:00,TANH
0.47,0.47,0.466,0.466,25635,2022-04-18 15:03:00,TANH
0.466,0.4734,0.466,0.4697,8359,2022-04-18 15:04:00,TANH
0.473299,0.473299,0.469899,0.4699,4000,2022-04-18 15:05:00,TANH
0.46996,0.46996,0.466,0.4692,7114,2022-04-18 15:06:00,TANH
0.466,0.4661,0.4652,0.4652,20530,2022-04-18 15:07:00,TANH
0.4652,0.4652,0.4606,0.465,7200,2022-04-18 15:08:00,TANH
0.465,0.465,0.4649,0.4649,10636,2022-04-18 15:09:00,TANH
0.4629,0.4629,0.4609,0.4629,6000,2022-04-18 15:10:00,TANH
0.4629,0.465,0.4608,0.4649,21389,2022-04-18 15:11:00,TANH
0.4649,0.4733,0.4609,0.4733,7396,2022-04-18 15:12:00,TANH
0.4734,0.4734,0.4734,0.4734,105,2022-04-18 15:13:00,TANH
0.467099,0.4734,0.4608,0.4608,2812,2022-04-18 15:15:00,TANH
0.461,0.4611,0.4609,0.4609,500,2022-04-18 15:16:00,TANH
0.465,0.465,0.465,0.465,300,2022-04-18 15:17:00,TANH
0.461,0.467149,0.461,0.4655,4903,2022-04-18 15:19:00,TANH
0.4612,0.4672,0.4612,0.4672,1400,2022-04-18 15:20:00,TANH
0.461,0.465,0.461,0.465,600,2022-04-18 15:21:00,TANH
0.4612,0.4655,0.4612,0.4655,502,2022-04-18 15:22:00,TANH
0.4608,0.4675,0.4608,0.465,1700,2022-04-18 15:23:00,TANH
0.465,0.465,0.465,0.465,200,2022-04-18 15:24:00,TANH
0.465,0.4654,0.4608,0.4612,1500,2022-04-18 15:25:00,TANH
0.4699,0.47,0.4607,0.4657,10800,2022-04-18 15:26:00,TANH
0.4608,0.4635,0.4608,0.462849,8950,2022-04-18 15:27:00,TANH
0.4607,0.465,0.4607,0.4649,10033,2022-04-18 15:28:00,TANH
0.4613,0.4615,0.46046,0.46046,10455,2022-04-18 15:29:00,TANH
0.4649,0.465,0.4626,0.462649,18100,2022-04-18 15:30:00,TANH
0.4649,0.465,0.460301,0.460301,19700,2022-04-18 15:31:00,TANH
0.4649,0.46515,0.4603,0.4603,25657,2022-04-18 15:32:00,TANH
0.4603,0.4606,0.4603,0.4603,6016,2022-04-18 15:33:00,TANH
0.4607,0.465,0.455,0.46,51203,2022-04-18 15:34:00,TANH
0.4576,0.4603,0.4515,0.46,10398,2022-04-18 15:35:00,TANH
0.46,0.46,0.4515,0.46,31140,2022-04-18 15:36:00,TANH
0.4529,0.455,0.45,0.455,20401,2022-04-18 15:37:00,TANH
0.4715,0.4715,0.4625,0.4625,500,2022-04-18 15:39:00,TANH
0.4607,0.4607,0.455,0.455,9000,2022-04-18 15:40:00,TANH
0.456,0.4608,0.45,0.45,38219,2022-04-18 15:41:00,TANH
0.4501,0.450101,0.4501,0.4501,5925,2022-04-18 15:42:00,TANH
0.455051,0.455051,0.4501,0.4501,5100,2022-04-18 15:43:00,TANH
0.459899,0.4599,0.459018,0.459799,7235,2022-04-18 15:44:00,TANH
0.4598,0.4599,0.451,0.451,22495,2022-04-18 15:45:00,TANH
0.4513,0.45555,0.4512,0.4512,500,2022-04-18 15:46:00,TANH
0.4512,0.4559,0.451,0.4511,4190,2022-04-18 15:47:00,TANH
0.4607,0.4607,0.45585,0.45585,2233,2022-04-18 15:48:00,TANH
0.46,0.46,0.46,0.46,12800,2022-04-18 15:49:00,TANH
0.4555,0.4555,0.451001,0.451101,5614,2022-04-18 15:51:00,TANH
0.451,0.46,0.451,0.46,17145,2022-04-18 15:52:00,TANH
0.4558,0.4558,0.4558,0.4558,250,2022-04-18 15:53:00,TANH
0.456,0.4561,0.451,0.451,2450,2022-04-18 15:54:00,TANH
0.4606,0.4606,0.4558,0.458199,5500,2022-04-18 15:55:00,TANH
0.455901,0.460599,0.455901,0.460599,5541,2022-04-18 15:56:00,TANH
0.4606,0.4606,0.4606,0.4606,2526,2022-04-18 15:57:00,TANH
0.4582,0.4582,0.4501,0.4501,75023,2022-04-18 15:58:00,TANH
0.455,0.4605,0.455,0.4605,20652,2022-04-18 15:59:00,TANH
0.4501,0.4606,0.4501,0.4606,17500,2022-04-18 16:00:00,TANH
0.4573,0.459999,0.4506,0.459999,1414,2022-04-18 16:02:00,TANH
0.4506,0.455,0.4506,0.455,2370,2022-04-18 16:03:00,TANH
0.450701,0.450701,0.450701,0.450701,2178,2022-04-18 16:04:00,TANH
0.4553,0.4553,0.4553,0.4553,200,2022-04-18 16:05:00,TANH
0.458,0.458,0.458,0.458,100,2022-04-18 16:06:00,TANH
0.459,0.459,0.458,0.458,1100,2022-04-18 16:07:00,TANH
0.459999,0.46,0.459999,0.46,416,2022-04-18 16:08:00,TANH
0.4599,0.4599,0.459,0.4593,907,2022-04-18 16:09:00,TANH
0.4593,0.459799,0.458,0.458,6006,2022-04-18 16:10:00,TANH
0.4598,0.4598,0.458,0.458,2364,2022-04-18 16:11:00,TANH
0.4581,0.4598,0.4581,0.4581,6090,2022-04-18 16:12:00,TANH
0.458,0.458,0.4553,0.458,6462,2022-04-18 16:13:00,TANH
0.452,0.455,0.452,0.455,10560,2022-04-18 16:15:00,TANH
0.455,0.4551,0.455,0.4551,2280,2022-04-18 16:16:00,TANH
0.4521,0.4579,0.4521,0.4579,1569,2022-04-18 16:18:00,TANH
0.4565,0.4565,0.4565,0.4565,149,2022-04-18 16:21:00,TANH
0.4579,0.4579,0.4579,0.4579,279,2022-04-18 16:22:00,TANH
0.458,0.458,0.4506,0.4506,10435,2022-04-18 16:23:00,TANH
0.4506,0.4506,0.4506,0.4506,300,2022-04-18 16:24:00,TANH
0.450701,0.450701,0.450701,0.450701,2000,2022-04-18 16:25:00,TANH
0.4506,0.457999,0.4501,0.457999,2020,2022-04-18 16:26:00,TANH
0.4541,0.4541,0.4541,0.4541,100,2022-04-18 16:27:00,TANH
0.4502,0.4502,0.4501,0.4501,600,2022-04-18 16:28:00,TANH
0.4501,0.454049,0.4501,0.454049,300,2022-04-18 16:29:00,TANH
0.4501,0.4501,0.445,0.445,33609,2022-04-18 16:30:00,TANH
0.444,0.444,0.4407,0.4408,30450,2022-04-18 16:31:00,TANH
0.4407,0.4408,0.435,0.4358,132028,2022-04-18 16:32:00,TANH
0.4357,0.4532,0.4311,0.4486,86028,2022-04-18 16:33:00,TANH
0.4443,0.4443,0.44,0.44,58965,2022-04-18 16:34:00,TANH
0.4481,0.4481,0.4402,0.4481,6310,2022-04-18 16:35:00,TANH
0.448199,0.4482,0.4476,0.448099,8800,2022-04-18 16:36:00,TANH
0.448199,0.448199,0.4451,0.4451,1630,2022-04-18 16:37:00,TANH
0.4451,0.4482,0.4451,0.4482,506,2022-04-18 16:38:00,TANH
0.4482,0.4482,0.442,0.4445,5199,2022-04-18 16:39:00,TANH
0.442,0.4471,0.4402,0.4471,9900,2022-04-18 16:40:00,TANH
0.4402,0.447099,0.4402,0.447099,2000,2022-04-18 16:41:00,TANH
0.442,0.442,0.44,0.44,5244,2022-04-18 16:42:00,TANH
0.443001,0.4459,0.443001,0.4459,4169,2022-04-18 16:43:00,TANH
0.44,0.445,0.44,0.445,1140,2022-04-18 16:44:00,TANH
0.4425,0.4436,0.4409,0.4435,5700,2022-04-18 16:45:00,TANH
0.4435,0.4435,0.44,0.4424,43099,2022-04-18 16:46:00,TANH
0.4435,0.4435,0.443399,0.4434,10900,2022-04-18 16:47:00,TANH
0.4417,0.4434,0.44,0.4402,1000,2022-04-18 16:48:00,TANH
0.438,0.44,0.435,0.44,35063,2022-04-18 16:49:00,TANH
0.4433,0.449999,0.44,0.449999,1356,2022-04-18 16:50:00,TANH
0.4401,0.445,0.44,0.445,2130,2022-04-18 16:51:00,TANH
0.449999,0.449999,0.449999,0.449999,200,2022-04-18 16:52:00,TANH
0.447499,0.447499,0.444999,0.444999,4543,2022-04-18 16:53:00,TANH
0.44,0.44,0.4302,0.4302,30948,2022-04-18 16:54:00,TANH
0.438,0.44,0.4356,0.4399,11958,2022-04-18 16:55:00,TANH
0.44,0.44,0.44,0.44,200,2022-04-18 16:56:00,TANH
0.44,0.44,0.4313,0.44,2460,2022-04-18 16:57:00,TANH
0.4375,0.44,0.4335,0.44,15417,2022-04-18 16:58:00,TANH
0.44,0.44,0.4351,0.44,29910,2022-04-18 16:59:00,TANH
0.44,0.449899,0.4399,0.449899,4300,2022-04-18 17:00:00,TANH
0.4499,0.45,0.4475,0.449899,11686,2022-04-18 17:01:00,TANH
0.449899,0.45,0.449899,0.4499,13172,2022-04-18 17:02:00,TANH
0.449899,0.45,0.4489,0.4489,12320,2022-04-18 17:03:00,TANH
0.448899,0.4489,0.447799,0.447799,9000,2022-04-18 17:04:00,TANH
0.4477,0.4477,0.4399,0.44395,49049,2022-04-18 17:05:00,TANH
0.4469,0.4478,0.4469,0.447699,4700,2022-04-18 17:06:00,TANH
0.447699,0.447799,0.4449,0.447699,7500,2022-04-18 17:07:00,TANH
0.4477,0.4477,0.4476,0.4476,3850,2022-04-18 17:08:00,TANH
0.44485,0.447699,0.436,0.436,8597,2022-04-18 17:09:00,TANH
0.4399,0.4438,0.436,0.44,3290,2022-04-18 17:10:00,TANH
0.4418,0.447,0.4348,0.4348,7632,2022-04-18 17:11:00,TANH
0.437001,0.44,0.437,0.44,1761,2022-04-18 17:12:00,TANH
0.44,0.44,0.435,0.44,384,2022-04-18 17:13:00,TANH
0.44,0.44,0.435,0.44,400,2022-04-18 17:14:00,TANH
0.44,0.44385,0.44,0.44,873,2022-04-18 17:15:00,TANH
0.44,0.4476,0.44,0.44,8500,2022-04-18 17:16:00,TANH
0.44,0.4476,0.44,0.44,3400,2022-04-18 17:17:00,TANH
0.4476,0.4477,0.44,0.44,45200,2022-04-18 17:18:00,TANH
0.4476,0.4477,0.44,0.44,13500,2022-04-18 17:19:00,TANH
0.44,0.44,0.44,0.44,500,2022-04-18 17:20:00,TANH
0.445,0.445101,0.445,0.445,884,2022-04-18 17:21:00,TANH
0.445,0.4463,0.445,0.445,3400,2022-04-18 17:22:00,TANH
0.445,0.4477,0.445,0.4451,7214,2022-04-18 17:23:00,TANH
0.4451,0.4451,0.4451,0.4451,600,2022-04-18 17:24:00,TANH
0.4451,0.4451,0.445,0.445,500,2022-04-18 17:25:00,TANH
0.445,0.445,0.445,0.445,600,2022-04-18 17:26:00,TANH
0.445,0.4451,0.445,0.445,950,2022-04-18 17:27:00,TANH
0.445,0.4476,0.445,0.445,850,2022-04-18 17:28:00,TANH
0.445,0.445,0.445,0.445,600,2022-04-18 17:29:00,TANH
0.445,0.4477,0.445,0.445,8000,2022-04-18 17:30:00,TANH
0.4451,0.4451,0.445,0.445,1200,2022-04-18 17:31:00,TANH
0.4451,0.4451,0.445,0.445,8459,2022-04-18 17:32:00,TANH
0.4451,0.4476,0.4451,0.4476,2201,2022-04-18 17:33:00,TANH
0.4476,0.4476,0.4476,0.4476,240,2022-04-18 17:34:00,TANH
0.4477,0.4477,0.4477,0.4477,300,2022-04-18 17:35:00,TANH
0.4463,0.4463,0.445,0.445,2850,2022-04-18 17:36:00,TANH
0.4451,0.4451,0.4451,0.4451,9636,2022-04-18 17:37:00,TANH
0.445,0.445,0.445,0.445,2100,2022-04-18 17:38:00,TANH
0.4451,0.4451,0.4451,0.4451,850,2022-04-18 17:39:00,TANH
0.4451,0.4451,0.4451,0.4451,1000,2022-04-18 17:40:00,TANH
0.445,0.44505,0.4406,0.4425,6700,2022-04-18 17:41:00,TANH
0.4406,0.4406,0.44,0.4401,3200,2022-04-18 17:42:00,TANH
0.4401,0.4401,0.4401,0.4401,200,2022-04-18 17:43:00,TANH
0.4401,0.4401,0.4401,0.4401,16889,2022-04-18 17:44:00,TANH
0.4401,0.4451,0.4401,0.4412,8800,2022-04-18 17:45:00,TANH
0.4451,0.4451,0.4451,0.4451,800,2022-04-18 17:46:00,TANH
0.4428,0.4451,0.4428,0.4451,800,2022-04-18 17:47:00,TANH
0.445,0.445,0.445,0.445,100,2022-04-18 17:48:00,TANH
0.4409,0.4409,0.4409,0.4409,100,2022-04-18 17:49:00,TANH
0.4405,0.4405,0.4405,0.4405,100,2022-04-18 17:50:00,TANH
0.4405,0.4405,0.4405,0.4405,400,2022-04-18 17:51:00,TANH
0.4405,0.4405,0.4405,0.4405,300,2022-04-18 17:52:00,TANH
0.4405,0.4405,0.4405,0.4405,200,2022-04-18 17:53:00,TANH
0.4405,0.4405,0.4405,0.4405,200,2022-04-18 17:54:00,TANH
0.4405,0.4451,0.4405,0.4405,300,2022-04-18 17:55:00,TANH
0.4425,0.4425,0.4425,0.4425,300,2022-04-18 17:56:00,TANH
0.444999,0.444999,0.4425,0.4425,427,2022-04-18 17:57:00,TANH
0.4425,0.4425,0.4425,0.4425,100,2022-04-18 17:58:00,TANH
0.4425,0.445,0.4425,0.4425,406,2022-04-18 17:59:00,TANH
0.4425,0.4425,0.4425,0.4425,100,2022-04-18 18:00:00,TANH
0.4451,0.4451,0.445,0.445,3587,2022-04-18 18:02:00,TANH
0.4425,0.445,0.4425,0.4425,1200,2022-04-18 18:03:00,TANH
0.4425,0.4425,0.4425,0.4425,100,2022-04-18 18:04:00,TANH
0.4425,0.445,0.4425,0.4438,70282,2022-04-18 18:05:00,TANH
0.4425,0.4478,0.4425,0.4477,59550,2022-04-18 18:06:00,TANH
0.447699,0.4495,0.444899,0.4459,107560,2022-04-18 18:07:00,TANH
0.4457,0.454,0.4456,0.454,113986,2022-04-18 18:08:00,TANH
0.4497,0.4513,0.4485,0.4496,80084,2022-04-18 18:09:00,TANH
0.4496,0.4496,0.448,0.448,22464,2022-04-18 18:10:00,TANH
0.4481,0.4481,0.4457,0.4459,14232,2022-04-18 18:11:00,TANH
0.4461,0.4461,0.4459,0.4461,2000,2022-04-18 18:12:00,TANH
0.4464,0.449899,0.4464,0.448,3068,2022-04-18 18:13:00,TANH
0.448,0.45,0.4465,0.4469,14990,2022-04-18 18:14:00,TANH
0.45,0.45,0.4465,0.4467,6800,2022-04-18 18:15:00,TANH
0.4466,0.45,0.4461,0.4462,17989,2022-04-18 18:16:00,TANH
0.44611,0.4463,0.4461,0.4462,7492,2022-04-18 18:17:00,TANH
0.4462,0.4462,0.4462,0.4462,1500,2022-04-18 18:18:00,TANH
0.4461,0.4462,0.4461,0.4461,3630,2022-04-18 18:19:00,TANH
0.4462,0.4462,0.4462,0.4462,2102,2022-04-18 18:21:00,TANH
0.4462,0.4462,0.4462,0.4462,11000,2022-04-18 18:22:00,TANH
0.4461,0.4462,0.4461,0.4461,4050,2022-04-18 18:23:00,TANH
0.4461,0.4462,0.4461,0.4462,12050,2022-04-18 18:24:00,TANH
0.4462,0.4462,0.4462,0.4462,4568,2022-04-18 18:25:00,TANH
0.4461,0.4462,0.4461,0.4462,5787,2022-04-18 18:26:00,TANH
0.4462,0.4462,0.4462,0.4462,19383,2022-04-18 18:27:00,TANH
0.4462,0.4462,0.4462,0.4462,227,2022-04-18 18:28:00,TANH
0.4462,0.4462,0.4462,0.4462,5742,2022-04-18 18:29:00,TANH
0.4462,0.4462,0.446101,0.446101,2075,2022-04-18 18:30:00,TANH
0.4462,0.4462,0.4462,0.4462,2500,2022-04-18 18:32:00,TANH
0.4462,0.4462,0.4462,0.4462,3700,2022-04-18 18:33:00,TANH
0.4462,0.4462,0.446196,0.446196,660,2022-04-18 18:34:00,TANH
0.4462,0.4462,0.4462,0.4462,300,2022-04-18 18:35:00,TANH
0.4462,0.4462,0.4462,0.4462,1740,2022-04-18 18:37:00,TANH
0.44615,0.4462,0.446,0.446,20287,2022-04-18 18:38:00,TANH
0.446,0.446,0.4451,0.4451,7158,2022-04-18 18:39:00,TANH
0.4462,0.4462,0.4462,0.4462,1000,2022-04-18 18:40:00,TANH
0.446099,0.446099,0.446099,0.446099,300,2022-04-18 18:43:00,TANH
0.4462,0.4462,0.4461,0.4461,479,2022-04-18 18:44:00,TANH
0.4462,0.4462,0.446099,0.446099,3150,2022-04-18 18:45:00,TANH
0.4461,0.4461,0.4461,0.4461,100,2022-04-18 18:46:00,TANH
0.44619,0.44619,0.44619,0.44619,500,2022-04-18 18:47:00,TANH
0.4462,0.4462,0.4462,0.4462,300,2022-04-18 18:48:00,TANH
0.446152,0.446152,0.446152,0.446152,1000,2022-04-18 18:49:00,TANH
0.4457,0.4457,0.4457,0.4457,100,2022-04-18 18:53:00,TANH
0.4462,0.4462,0.4452,0.4452,2065,2022-04-18 18:54:00,TANH
0.4461,0.4461,0.4451,0.4461,3610,2022-04-18 18:55:00,TANH
0.445999,0.445999,0.443,0.443,13453,2022-04-18 18:57:00,TANH
0.4425,0.445,0.4425,0.4425,3244,2022-04-18 18:58:00,TANH
0.4425,0.4425,0.4425,0.4425,1100,2022-04-18 18:59:00,TANH
0.4441,0.445,0.4426,0.445,420,2022-04-18 19:00:00,TANH
0.443799,0.445,0.4426,0.445,2450,2022-04-18 19:01:00,TANH
0.444499,0.444499,0.4441,0.4441,1013,2022-04-18 19:04:00,TANH
0.445,0.445,0.445,0.445,850,2022-04-18 19:05:00,TANH
0.4449,0.445,0.444501,0.445,9867,2022-04-18 19:06:00,TANH
0.4449,0.445,0.4432,0.444899,9580,2022-04-18 19:07:00,TANH
0.44291,0.4449,0.44291,0.4449,10123,2022-04-18 19:08:00,TANH
0.4438,0.4449,0.4438,0.4449,4062,2022-04-18 19:09:00,TANH
0.4451,0.4451,0.4451,0.4451,100,2022-04-18 19:10:00,TANH
0.4451,0.4451,0.4451,0.4451,2100,2022-04-18 19:12:00,TANH
0.4498,0.4498,0.4498,0.4498,2000,2022-04-18 19:13:00,TANH
0.449799,0.449799,0.449799,0.449799,660,2022-04-18 19:15:00,TANH
0.4499,0.4499,0.4499,0.4499,100,2022-04-18 19:16:00,TANH
0.442871,0.442871,0.442871,0.442871,5000,2022-04-18 19:17:00,TANH
0.4498,0.4498,0.4498,0.4498,100,2022-04-18 19:19:00,TANH
0.4498,0.4498,0.4498,0.4498,325,2022-04-18 19:21:00,TANH
0.4464,0.4464,0.4464,0.4464,420,2022-04-18 19:22:00,TANH
0.4429,0.4429,0.4429,0.4429,1250,2022-04-18 19:23:00,TANH
0.4429,0.4429,0.4429,0.4429,13303,2022-04-18 19:27:00,TANH
0.4431,0.4431,0.4431,0.4431,6000,2022-04-18 19:31:00,TANH
0.4439,0.4439,0.4426,0.4426,19908,2022-04-18 19:32:00,TANH
0.4426,0.4426,0.4425,0.4425,1156,2022-04-18 19:33:00,TANH
0.441801,0.441801,0.441801,0.441801,100,2022-04-18 19:34:00,TANH
0.4411,0.4425,0.44,0.4425,9300,2022-04-18 19:35:00,TANH
0.4415,0.4415,0.4405,0.44148,5969,2022-04-18 19:36:00,TANH
0.4412,0.4412,0.4406,0.4406,2200,2022-04-18 19:37:00,TANH
0.4406,0.4407,0.4405,0.4407,7664,2022-04-18 19:38:00,TANH
0.4407,0.4407,0.44,0.4401,35183,2022-04-18 19:39:00,TANH
0.4401,0.4405,0.4401,0.4405,3200,2022-04-18 19:40:00,TANH
0.4413,0.4413,0.4413,0.4413,200,2022-04-18 19:41:00,TANH
0.4425,0.4425,0.44,0.4425,22140,2022-04-18 19:42:00,TANH
0.4425,0.4425,0.4425,0.4425,1300,2022-04-18 19:43:00,TANH
0.44,0.44,0.44,0.44,4196,2022-04-18 19:44:00,TANH
0.4413,0.4413,0.4399,0.4399,14161,2022-04-18 19:45:00,TANH
0.4399,0.4399,0.438,0.4381,4584,2022-04-18 19:46:00,TANH
0.4381,0.4399,0.4381,0.4399,8200,2022-04-18 19:47:00,TANH
0.4398,0.4399,0.4398,0.4399,600,2022-04-18 19:48:00,TANH
0.43966,0.43966,0.438799,0.4388,730,2022-04-18 19:49:00,TANH
0.4399,0.4399,0.4377,0.439799,10295,2022-04-18 19:50:00,TANH
0.4394,0.4399,0.438001,0.4399,3000,2022-04-18 19:51:00,TANH
0.4399,0.4399,0.4399,0.4399,100,2022-04-18 19:52:00,TANH
0.4398,0.4399,0.4398,0.4399,1800,2022-04-18 19:53:00,TANH
0.4398,0.4399,0.438001,0.4399,2150,2022-04-18 19:54:00,TANH
0.438,0.4399,0.436101,0.4399,52647,2022-04-18 19:55:00,TANH
0.4399,0.44,0.4377,0.4399,34449,2022-04-18 19:56:00,TANH
0.438,0.4399,0.4361,0.4388,57090,2022-04-18 19:57:00,TANH
0.4381,0.44,0.4381,0.439,18552,2022-04-18 19:58:00,TANH
0.4388,0.4388,0.435,0.4363,15390,2022-04-18 19:59:00,TANH
0.4348,0.4348,0.4347,0.4347,8200,2022-04-18 20:00:00,TANH
0.4347,0.4347,0.4301,0.4301,9000,2022-04-18 20:01:00,TANH
0.4302,0.4302,0.4302,0.4302,200,2022-04-18 20:02:00,TANH
0.4302,0.4302,0.4302,0.4302,500,2022-04-18 20:03:00,TANH
0.4388,0.4388,0.4388,0.4388,1000,2022-04-18 20:05:00,TANH
0.435,0.4388,0.435,0.4388,23450,2022-04-18 20:07:00,TANH
0.4388,0.4388,0.4388,0.4388,2000,2022-04-18 20:12:00,TANH
0.4388,0.4388,0.4388,0.4388,450,2022-04-18 20:14:00,TANH
0.4389,0.4389,0.4389,0.4389,3500,2022-04-18 20:18:00,TANH
0.4388,0.4388,0.4388,0.4388,300,2022-04-18 20:19:00,TANH
0.445,0.445,0.445,0.445,1266,2022-04-18 20:57:00,TANH
0.4485,0.4485,0.4485,0.4485,200,2022-04-18 21:00:00,TANH
0.445,0.445,0.445,0.445,1800,2022-04-18 21:15:00,TANH
0.4485,0.4485,0.4485,0.4485,300,2022-04-18 21:16:00,TANH
0.445,0.445,0.445,0.445,621,2022-04-18 21:25:00,TANH
0.445,0.445,0.445,0.445,100,2022-04-18 21:28:00,TANH
0.445,0.445,0.445,0.445,1000,2022-04-18 21:52:00,TANH
0.445,0.445,0.445,0.445,8863,2022-04-18 21:55:00,TANH
0.44,0.44,0.44,0.44,500,2022-04-18 22:22:00,TANH
0.445,0.445,0.445,0.445,100,2022-04-18 22:58:00,TANH
0.436,0.436,0.436,0.436,158,2022-04-19 08:13:00,TANH
0.436,0.436,0.436,0.436,612,2022-04-19 08:21:00,TANH
0.44,0.44,0.44,0.44,770,2022-04-19 08:26:00,TANH
0.44,0.44,0.44,0.44,400,2022-04-19 08:27:00,TANH
0.44,0.44,0.44,0.44,593,2022-04-19 08:30:00,TANH
0.4398,0.44,0.4398,0.44,2000,2022-04-19 08:34:00,TANH
0.436,0.436,0.436,0.436,1000,2022-04-19 08:40:00,TANH
0.44,0.44,0.4399,0.4399,382,2022-04-19 09:03:00,TANH
0.44,0.44,0.44,0.44,2000,2022-04-19 09:08:00,TANH
0.44,0.44,0.44,0.44,200,2022-04-19 09:09:00,TANH
0.44,0.44,0.44,0.44,160,2022-04-19 09:18:00,TANH
0.44,0.44,0.44,0.44,255,2022-04-19 09:19:00,TANH
0.4362,0.4362,0.436,0.436,200,2022-04-19 10:05:00,TANH
0.44,0.44,0.44,0.44,9899,2022-04-19 10:36:00,TANH
0.44,0.44,0.44,0.44,3436,2022-04-19 10:56:00,TANH
0.45,0.45,0.45,0.45,200,2022-04-19 10:58:00,TANH
0.45,0.45,0.45,0.45,1402,2022-04-19 11:00:00,TANH
0.45,0.45,0.45,0.45,6598,2022-04-19 11:01:00,TANH
0.4454,0.4465,0.4454,0.4465,200,2022-04-19 11:16:00,TANH
0.445,0.445,0.445,0.445,110,2022-04-19 11:24:00,TANH
0.4468,0.4468,0.4468,0.4468,100,2022-04-19 11:55:00,TANH
0.445,0.445,0.445,0.445,741,2022-04-19 12:00:00,TANH
0.4428,0.4437,0.4428,0.4437,1500,2022-04-19 12:05:00,TANH
0.445,0.445,0.445,0.445,450,2022-04-19 12:06:00,TANH
0.44,0.44,0.44,0.44,350,2022-04-19 12:12:00,TANH
0.4425,0.4439,0.4425,0.4437,1500,2022-04-19 12:13:00,TANH
0.44,0.445,0.44,0.445,2700,2022-04-19 12:14:00,TANH
0.44,0.44,0.44,0.44,939,2022-04-19 12:20:00,TANH
0.44,0.44,0.44,0.44,6069,2022-04-19 12:24:00,TANH
0.44,0.44,0.44,0.44,913,2022-04-19 12:32:00,TANH
0.436,0.436,0.436,0.436,100,2022-04-19 12:34:00,TANH
0.436,0.436,0.436,0.436,1000,2022-04-19 12:37:00,TANH
0.4364,0.4364,0.4364,0.4364,1000,2022-04-19 12:41:00,TANH
0.4365,0.4365,0.4365,0.4365,1100,2022-04-19 12:42:00,TANH
0.4361,0.4361,0.436,0.436,1154,2022-04-19 12:45:00,TANH
0.4361,0.4361,0.4361,0.4361,1000,2022-04-19 12:51:00,TANH
0.4361,0.4361,0.4361,0.4361,250,2022-04-19 12:52:00,TANH
0.4361,0.4361,0.4361,0.4361,500,2022-04-19 12:53:00,TANH
0.436,0.436,0.436,0.436,1300,2022-04-19 12:55:00,TANH
0.4365,0.4365,0.4365,0.4365,594,2022-04-19 12:56:00,TANH
0.4361,0.4361,0.4361,0.4361,100,2022-04-19 12:58:00,TANH
0.4365,0.4365,0.4365,0.4365,400,2022-04-19 12:59:00,TANH
0.4365,0.4365,0.4365,0.4365,100,2022-04-19 13:01:00,TANH
0.4361,0.4361,0.4361,0.4361,480,2022-04-19 13:02:00,TANH
0.436,0.436,0.436,0.436,500,2022-04-19 13:06:00,TANH
0.436,0.436,0.436,0.436,102,2022-04-19 13:07:00,TANH
0.4361,0.4413,0.4361,0.4401,7915,2022-04-19 13:11:00,TANH
0.4419,0.4419,0.4419,0.4419,500,2022-04-19 13:12:00,TANH
0.4419,0.4419,0.4419,0.4419,200,2022-04-19 13:15:00,TANH
0.4401,0.4401,0.4401,0.4401,100,2022-04-19 13:16:00,TANH
0.4332,0.436,0.426,0.4299,22283,2022-04-19 13:17:00,TANH
0.4299,0.4299,0.4205,0.4274,19300,2022-04-19 13:18:00,TANH
0.4205,0.4299,0.4205,0.4211,461,2022-04-19 13:19:00,TANH
0.43,0.43,0.43,0.43,768,2022-04-19 13:23:00,TANH
0.43,0.43,0.4271,0.4271,433,2022-04-19 13:24:00,TANH
0.4287,0.43,0.4201,0.4201,15100,2022-04-19 13:29:00,TANH
0.43,0.433,0.42,0.4255,49150,2022-04-19 13:30:00,TANH
0.428139,0.4299,0.4213,0.4284,5800,2022-04-19 13:31:00,TANH
0.4299,0.4299,0.4226,0.4299,12614,2022-04-19 13:32:00,TANH
0.427,0.4299,0.4206,0.4298,106498,2022-04-19 13:33:00,TANH
0.4297,0.4297,0.4206,0.4295,29130,2022-04-19 13:34:00,TANH
0.4294,0.4294,0.4207,0.4287,1370,2022-04-19 13:35:00,TANH
0.4217,0.4287,0.4207,0.4287,11421,2022-04-19 13:36:00,TANH
0.4218,0.4287,0.4218,0.4287,37989,2022-04-19 13:37:00,TANH
0.4287,0.4287,0.4287,0.4287,2016,2022-04-19 13:38:00,TANH
0.4287,0.4287,0.426,0.4287,12065,2022-04-19 13:39:00,TANH
0.4287,0.4287,0.4261,0.4287,15137,2022-04-19 13:40:00,TANH
0.4287,0.4287,0.4261,0.4287,5350,2022-04-19 13:41:00,TANH
0.4287,0.4287,0.426851,0.4287,10732,2022-04-19 13:42:00,TANH
0.4349,0.4349,0.428,0.4349,39798,2022-04-19 13:43:00,TANH
0.4349,0.4349,0.4349,0.4349,1200,2022-04-19 13:44:00,TANH
0.4349,0.4349,0.43,0.4349,69300,2022-04-19 13:45:00,TANH
0.4349,0.4349,0.434523,0.4346,2248,2022-04-19 13:46:00,TANH
0.4323,0.4346,0.4321,0.4329,9471,2022-04-19 13:47:00,TANH
0.4319,0.432,0.4301,0.4308,10243,2022-04-19 13:48:00,TANH
0.43,0.435,0.43,0.4344,76048,2022-04-19 13:49:00,TANH
0.43,0.4338,0.43,0.433751,36200,2022-04-19 13:50:00,TANH
0.434,0.434,0.434,0.434,200,2022-04-19 13:51:00,TANH
0.4341,0.4397,0.4341,0.4397,6948,2022-04-19 13:53:00,TANH
0.4396,0.4396,0.4396,0.4396,1000,2022-04-19 13:54:00,TANH
0.4398,0.4398,0.4325,0.4325,13100,2022-04-19 13:55:00,TANH
0.4397,0.4397,0.432,0.432,1200,2022-04-19 13:56:00,TANH
0.4398,0.4398,0.4398,0.4398,530,2022-04-19 13:57:00,TANH
0.4349,0.4349,0.430226,0.4303,8420,2022-04-19 13:58:00,TANH
0.4303,0.4303,0.4299,0.4299,9010,2022-04-19 14:00:00,TANH
0.425,0.43,0.425,0.425,43927,2022-04-19 14:01:00,TANH
0.4296,0.4299,0.425,0.425,11140,2022-04-19 14:02:00,TANH
0.4251,0.43,0.4251,0.43,2100,2022-04-19 14:04:00,TANH
0.435,0.435,0.432,0.432,1527,2022-04-19 14:05:00,TANH
0.429799,0.429799,0.4251,0.4251,14227,2022-04-19 14:06:00,TANH
0.4251,0.4293,0.425,0.4251,29196,2022-04-19 14:07:00,TANH
0.4251,0.4251,0.425,0.425098,5299,2022-04-19 14:08:00,TANH
0.43,0.43,0.4261,0.4274,3827,2022-04-19 14:10:00,TANH
0.4299,0.4299,0.4299,0.4299,2055,2022-04-19 14:11:00,TANH
0.4325,0.4325,0.4325,0.4325,700,2022-04-19 14:12:00,TANH
0.4325,0.4325,0.4324,0.4324,7576,2022-04-19 14:13:00,TANH
0.4325,0.4325,0.4324,0.4324,4993,2022-04-19 14:14:00,TANH
0.4325,0.4325,0.43,0.43,1299,2022-04-19 14:15:00,TANH
0.425,0.4324,0.4209,0.4209,1000,2022-04-19 14:16:00,TANH
0.4209,0.4251,0.4209,0.4251,975,2022-04-19 14:17:00,TANH
0.425,0.4299,0.421,0.4262,43230,2022-04-19 14:18:00,TANH
0.423,0.423,0.423,0.423,100,2022-04-19 14:19:00,TANH
0.423101,0.43,0.423101,0.4299,10643,2022-04-19 14:20:00,TANH
0.4298,0.4299,0.423,0.4299,11417,2022-04-19 14:21:00,TANH
0.4259,0.4259,0.4248,0.4248,200,2022-04-19 14:22:00,TANH
0.4299,0.43,0.429,0.43,3800,2022-04-19 14:23:00,TANH
0.43,0.43,0.43,0.43,3877,2022-04-19 14:24:00,TANH
0.4301,0.4301,0.43,0.43,3031,2022-04-19 14:25:00,TANH
0.429699,0.4297,0.429699,0.4297,3100,2022-04-19 14:26:00,TANH
0.4298,0.4315,0.4298,0.4315,11719,2022-04-19 14:27:00,TANH
0.4299,0.4299,0.4262,0.4262,9965,2022-04-19 14:28:00,TANH
0.426,0.4299,0.426,0.428451,13472,2022-04-19 14:29:00,TANH
0.430101,0.434899,0.43,0.4301,9200,2022-04-19 14:30:00,TANH
0.43,0.435,0.43,0.435,3420,2022-04-19 14:32:00,TANH
0.430101,0.430101,0.43,0.43,35298,2022-04-19 14:33:00,TANH
0.4312,0.4312,0.43,0.4303,2001,2022-04-19 14:34:00,TANH
0.43,0.4301,0.43,0.4301,700,2022-04-19 14:35:00,TANH
0.4301,0.4301,0.4301,0.4301,1225,2022-04-19 14:36:00,TANH
0.4301,0.4301,0.43005,0.4301,3526,2022-04-19 14:37:00,TANH
0.4301,0.4301,0.4301,0.4301,2800,2022-04-19 14:38:00,TANH
0.4349,0.4349,0.4349,0.4349,2000,2022-04-19 14:39:00,TANH
0.4325,0.435,0.4325,0.435,12197,2022-04-19 14:40:00,TANH
0.4359,0.439,0.4359,0.439,16835,2022-04-19 14:42:00,TANH
0.4389,0.4389,0.4327,0.4327,300,2022-04-19 14:43:00,TANH
0.4327,0.4331,0.43,0.433,1921,2022-04-19 14:44:00,TANH
0.43,0.43,0.427,0.427849,41922,2022-04-19 14:45:00,TANH
0.427,0.4287,0.427,0.427,3044,2022-04-19 14:46:00,TANH
0.427,0.427,0.4212,0.422799,56635,2022-04-19 14:47:00,TANH
0.4229,0.425,0.4211,0.4229,22602,2022-04-19 14:48:00,TANH
0.424999,0.425,0.4249,0.4249,30447,2022-04-19 14:49:00,TANH
0.425,0.425,0.4211,0.4211,13276,2022-04-19 14:50:00,TANH
0.425,0.4287,0.4211,0.4287,64804,2022-04-19 14:51:00,TANH
0.4287,0.4287,0.4251,0.4251,5100,2022-04-19 14:52:00,TANH
0.4251,0.4252,0.4234,0.4239,21028,2022-04-19 14:53:00,TANH
0.4232,0.4234,0.423101,0.423101,17577,2022-04-19 14:54:00,TANH
0.4237,0.424299,0.423,0.424299,4750,2022-04-19 14:55:00,TANH
0.423,0.423,0.4206,0.4208,72358,2022-04-19 14:56:00,TANH
0.4208,0.4286,0.42,0.4286,65222,2022-04-19 14:57:00,TANH
0.4253,0.4283,0.4206,0.4207,3297,2022-04-19 14:58:00,TANH
0.4207,0.428399,0.4207,0.423,3350,2022-04-19 14:59:00,TANH
0.428399,0.428399,0.428399,0.428399,100,2022-04-19 15:00:00,TANH
0.4275,0.428399,0.4215,0.428399,23049,2022-04-19 15:01:00,TANH
0.4285,0.4285,0.4285,0.4285,5000,2022-04-19 15:02:00,TANH
0.42819,0.4285,0.42819,0.4285,11350,2022-04-19 15:03:00,TANH
0.4253,0.4257,0.425,0.425,4862,2022-04-19 15:06:00,TANH
0.425,0.425,0.4208,0.4215,9739,2022-04-19 15:07:00,TANH
0.4214,0.4214,0.4208,0.4208,14880,2022-04-19 15:08:00,TANH
0.4208,0.4208,0.4207,0.4207,2834,2022-04-19 15:09:00,TANH
0.4207,0.4207,0.4206,0.4206,10818,2022-04-19 15:10:00,TANH
0.4202,0.4203,0.4202,0.4202,4291,2022-04-19 15:11:00,TANH
0.4249,0.4249,0.4226,0.4226,2200,2022-04-19 15:12:00,TANH
0.425,0.425,0.425,0.425,12100,2022-04-19 15:13:00,TANH
0.425,0.425,0.4249,0.4249,2000,2022-04-19 15:14:00,TANH
0.423,0.423,0.4226,0.422799,6098,2022-04-19 15:15:00,TANH
0.4228,0.4228,0.4228,0.4228,1400,2022-04-19 15:16:00,TANH
0.4229,0.4229,0.4226,0.4226,1550,2022-04-19 15:17:00,TANH
0.422,0.422,0.422,0.422,540,2022-04-19 15:18:00,TANH
0.4223,0.4223,0.4223,0.4223,2905,2022-04-19 15:19:00,TANH
0.4227,0.4227,0.4223,0.4223,5600,2022-04-19 15:20:00,TANH
0.4226,0.4226,0.4222,0.4225,3152,2022-04-19 15:21:00,TANH
0.4221,0.4221,0.422,0.422,16475,2022-04-19 15:22:00,TANH
0.4221,0.4221,0.4221,0.4221,1301,2022-04-19 15:24:00,TANH
0.4221,0.4221,0.4221,0.4221,3392,2022-04-19 15:26:00,TANH
0.4221,0.4221,0.4221,0.4221,1133,2022-04-19 15:27:00,TANH
0.4221,0.4221,0.4215,0.422,3836,2022-04-19 15:28:00,TANH
0.422,0.4221,0.421849,0.4221,1575,2022-04-19 15:29:00,TANH
0.4221,0.4221,0.4221,0.4221,6800,2022-04-19 15:30:00,TANH
0.4222,0.4222,0.4222,0.4222,1600,2022-04-19 15:31:00,TANH
0.4222,0.4222,0.4222,0.4222,400,2022-04-19 15:33:00,TANH
0.4222,0.4222,0.4221,0.4221,5000,2022-04-19 15:34:00,TANH
0.4222,0.4222,0.4222,0.4222,159,2022-04-19 15:35:00,TANH
0.4222,0.4222,0.4222,0.4222,8000,2022-04-19 15:36:00,TANH
0.42215,0.42215,0.42215,0.42215,344,2022-04-19 15:37:00,TANH
0.4221,0.4221,0.4219,0.4219,2237,2022-04-19 15:38:00,TANH
0.4217,0.4218,0.4215,0.4215,2888,2022-04-19 15:39:00,TANH
0.421699,0.4217,0.421699,0.4217,3900,2022-04-19 15:40:00,TANH
0.4217,0.4218,0.4217,0.4218,2150,2022-04-19 15:41:00,TANH
0.4218,0.4218,0.4218,0.4218,1582,2022-04-19 15:42:00,TANH
0.4218,0.4218,0.4203,0.420899,15183,2022-04-19 15:43:00,TANH
0.420101,0.420101,0.420101,0.420101,3400,2022-04-19 15:44:00,TANH
0.4209,0.4218,0.42,0.4218,95568,2022-04-19 15:45:00,TANH
0.4286,0.4286,0.4286,0.4286,200,2022-04-19 15:46:00,TANH
0.428499,0.428499,0.428499,0.428499,1000,2022-04-19 15:47:00,TANH
0.428599,0.428599,0.428599,0.428599,400,2022-04-19 15:48:00,TANH
0.421,0.421,0.421,0.421,100,2022-04-19 15:49:00,TANH
0.4211,0.4237,0.4211,0.4211,2026,2022-04-19 15:50:00,TANH
0.4237,0.4237,0.4211,0.421101,573,2022-04-19 15:51:00,TANH
0.4268,0.4268,0.4268,0.4268,3500,2022-04-19 15:52:00,TANH
0.425,0.4251,0.4211,0.4215,6400,2022-04-19 15:54:00,TANH
0.4249,0.4249,0.423299,0.423299,5590,2022-04-19 15:55:00,TANH
0.4249,0.4249,0.4249,0.4249,1174,2022-04-19 15:57:00,TANH
0.425,0.425,0.4217,0.4217,1230,2022-04-19 15:59:00,TANH
0.4286,0.4286,0.4286,0.4286,100,2022-04-19 16:00:00,TANH
0.4279,0.4279,0.4248,0.4248,1500,2022-04-19 16:01:00,TANH
0.428,0.428,0.4279,0.4279,3168,2022-04-19 16:03:00,TANH
0.4263,0.428,0.425,0.425,7766,2022-04-19 16:04:00,TANH
0.428,0.428,0.428,0.428,2700,2022-04-19 16:06:00,TANH
0.428599,0.43,0.4283,0.43,3500,2022-04-19 16:07:00,TANH
0.4284,0.4284,0.4284,0.4284,1500,2022-04-19 16:08:00,TANH
0.4278,0.4278,0.426449,0.426449,3522,2022-04-19 16:09:00,TANH
0.4271,0.4386,0.4267,0.4386,912,2022-04-19 16:11:00,TANH
0.439,0.439,0.4386,0.4389,4600,2022-04-19 16:12:00,TANH
0.438699,0.438699,0.438699,0.438699,100,2022-04-19 16:13:00,TANH
0.4291,0.4291,0.4291,0.4291,189,2022-04-19 16:14:00,TANH
0.4299,0.4299,0.429899,0.429899,2000,2022-04-19 16:15:00,TANH
0.4299,0.4299,0.4299,0.4299,2214,2022-04-19 16:16:00,TANH
0.4292,0.4292,0.4291,0.4291,15409,2022-04-19 16:17:00,TANH
0.429,0.429,0.429,0.429,100,2022-04-19 16:18:00,TANH
0.4272,0.4272,0.4269,0.4269,1115,2022-04-19 16:19:00,TANH
0.4267,0.4267,0.4265,0.4265,2907,2022-04-19 16:20:00,TANH
0.4266,0.4266,0.4266,0.4266,9600,2022-04-19 16:21:00,TANH
0.4266,0.4266,0.4254,0.4254,11383,2022-04-19 16:22:00,TANH
0.425201,0.425201,0.4252,0.4252,957,2022-04-19 16:23:00,TANH
0.4254,0.439,0.425301,0.439,4100,2022-04-19 16:24:00,TANH
0.4252,0.4254,0.4252,0.4254,354,2022-04-19 16:25:00,TANH
0.435,0.435,0.4349,0.4349,450,2022-04-19 16:26:00,TANH
0.434,0.434,0.434,0.434,148,2022-04-19 16:27:00,TANH
0.4291,0.43,0.4265,0.4299,2839,2022-04-19 16:29:00,TANH
0.4299,0.4299,0.4265,0.4265,420,2022-04-19 16:30:00,TANH
0.4289,0.4289,0.4279,0.4279,10100,2022-04-19 16:32:00,TANH
0.4279,0.4279,0.4272,0.4273,2200,2022-04-19 16:33:00,TANH
0.4283,0.4283,0.4283,0.4283,100,2022-04-19 16:36:00,TANH
0.4296,0.43198,0.4296,0.43198,3100,2022-04-19 16:37:00,TANH
0.43,0.43,0.427201,0.427201,2000,2022-04-19 16:38:00,TANH
0.4274,0.45,0.4273,0.45,76918,2022-04-19 16:42:00,TANH
0.439,0.439,0.439,0.439,4200,2022-04-19 16:45:00,TANH
0.434101,0.434101,0.434101,0.434101,1048,2022-04-19 16:46:00,TANH
0.439,0.439,0.439,0.439,2500,2022-04-19 16:47:00,TANH
0.4351,0.439,0.4291,0.4389,4550,2022-04-19 16:49:00,TANH
0.4291,0.4291,0.4291,0.4291,200,2022-04-19 16:51:00,TANH
0.4386,0.4386,0.437799,0.437799,3000,2022-04-19 16:52:00,TANH
0.4363,0.4367,0.435,0.4367,15500,2022-04-19 16:53:00,TANH
0.4367,0.4367,0.4367,0.4367,2000,2022-04-19 16:55:00,TANH
0.436599,0.4367,0.436599,0.4367,8100,2022-04-19 16:57:00,TANH
0.4367,0.4367,0.4345,0.4345,7500,2022-04-19 17:06:00,TANH
0.4337,0.4337,0.4335,0.4335,3622,2022-04-19 17:07:00,TANH
0.4336,0.4336,0.43351,0.43351,9897,2022-04-19 17:08:00,TANH
0.4336,0.4336,0.4336,0.4336,2080,2022-04-19 17:09:00,TANH
0.4499,0.4499,0.4499,0.4499,3975,2022-04-19 17:10:00,TANH
0.4472,0.4472,0.4472,0.4472,8900,2022-04-19 17:12:00,TANH
0.44,0.4423,0.44,0.4423,2500,2022-04-19 17:14:00,TANH
0.440931,0.440931,0.4376,0.4376,1150,2022-04-19 17:17:00,TANH
0.434201,0.434201,0.4341,0.4341,5900,2022-04-19 17:18:00,TANH
0.4341,0.4341,0.4341,0.4341,1225,2022-04-19 17:19:00,TANH
0.437549,0.437549,0.4342,0.4342,1900,2022-04-19 17:20:00,TANH
0.4389,0.4389,0.4389,0.4389,150,2022-04-19 17:21:00,TANH
0.4341,0.4366,0.4341,0.4366,5300,2022-04-19 17:25:00,TANH
0.4388,0.4388,0.4343,0.4343,1202,2022-04-19 17:26:00,TANH
0.4342,0.4342,0.4341,0.4341,14430,2022-04-19 17:30:00,TANH
0.4341,0.4341,0.4335,0.4335,1306,2022-04-19 17:31:00,TANH
0.4336,0.4336,0.4336,0.4336,4200,2022-04-19 17:34:00,TANH
0.4336,0.4336,0.4336,0.4336,700,2022-04-19 17:35:00,TANH
0.4336,0.4336,0.4335,0.4336,1900,2022-04-19 17:36:00,TANH
0.4336,0.4336,0.4336,0.4336,200,2022-04-19 17:37:00,TANH
0.4336,0.4336,0.4336,0.4336,700,2022-04-19 17:38:00,TANH
0.43355,0.4336,0.43355,0.4336,848,2022-04-19 17:39:00,TANH
0.4336,0.4336,0.4336,0.4336,9700,2022-04-19 17:42:00,TANH
0.4336,0.4336,0.4336,0.4336,3147,2022-04-19 17:43:00,TANH
0.4336,0.4336,0.4336,0.4336,1100,2022-04-19 17:45:00,TANH
0.4336,0.4336,0.4301,0.4301,7225,2022-04-19 17:49:00,TANH
0.431599,0.431599,0.431599,0.431599,1800,2022-04-19 17:50:00,TANH
0.4311,0.4311,0.4311,0.4311,200,2022-04-19 17:51:00,TANH
0.4316,0.4335,0.4308,0.4335,5600,2022-04-19 17:52:00,TANH
0.4471,0.4471,0.4471,0.4471,2000,2022-04-19 17:54:00,TANH
0.44,0.44,0.44,0.44,1800,2022-04-19 17:56:00,TANH
0.4311,0.44,0.4311,0.44,2300,2022-04-19 17:58:00,TANH
0.4302,0.4302,0.4302,0.4302,100,2022-04-19 18:00:00,TANH
0.4302,0.447,0.4302,0.447,950,2022-04-19 18:01:00,TANH
0.4311,0.4386,0.4303,0.4386,1040,2022-04-19 18:02:00,TANH
0.445999,0.445999,0.4311,0.4311,600,2022-04-19 18:06:00,TANH
0.445899,0.4459,0.445899,0.4459,2700,2022-04-19 18:07:00,TANH
0.4311,0.4311,0.4311,0.4311,300,2022-04-19 18:08:00,TANH
0.438,0.438,0.438,0.438,1435,2022-04-19 18:09:00,TANH
0.431,0.445,0.431,0.445,3100,2022-04-19 18:11:00,TANH
0.433001,0.4399,0.433001,0.4399,725,2022-04-19 18:14:00,TANH
0.44,0.44,0.437501,0.437501,950,2022-04-19 18:15:00,TANH
0.4377,0.4377,0.4303,0.4303,3412,2022-04-19 18:17:00,TANH
0.4399,0.4399,0.4399,0.4399,4000,2022-04-19 18:18:00,TANH
0.4303,0.4303,0.4303,0.4303,5500,2022-04-19 18:20:00,TANH
0.4351,0.4351,0.4351,0.4351,400,2022-04-19 18:21:00,TANH
0.435,0.435,0.435,0.435,31231,2022-04-19 18:22:00,TANH
0.4303,0.435,0.4302,0.435,16200,2022-04-19 18:25:00,TANH
0.4349,0.4367,0.4349,0.435,25385,2022-04-19 18:27:00,TANH
0.435,0.43585,0.435,0.43585,700,2022-04-19 18:28:00,TANH
0.43585,0.43585,0.43585,0.43585,200,2022-04-19 18:30:00,TANH
0.4354,0.4399,0.4354,0.4399,4515,2022-04-19 18:31:00,TANH
0.436,0.436,0.436,0.436,2853,2022-04-19 18:32:00,TANH
0.439899,0.439899,0.439899,0.439899,100,2022-04-19 18:34:00,TANH
0.44,0.44,0.4384,0.4384,2200,2022-04-19 18:35:00,TANH
0.438,0.438,0.438,0.438,12510,2022-04-19 18:36:00,TANH
0.43795,0.438,0.43,0.4308,15950,2022-04-19 18:40:00,TANH
0.433499,0.433499,0.43,0.43,1234,2022-04-19 18:41:00,TANH
0.432211,0.432211,0.432211,0.432211,196,2022-04-19 18:43:00,TANH
0.4317,0.4317,0.4317,0.4317,492,2022-04-19 18:44:00,TANH
0.43,0.43,0.43,0.43,840,2022-04-19 18:45:00,TANH
0.4335,0.4335,0.4301,0.4334,3158,2022-04-19 18:46:00,TANH
0.4335,0.4335,0.4335,0.4335,1000,2022-04-19 18:47:00,TANH
0.434,0.4446,0.434,0.4446,10500,2022-04-19 18:49:00,TANH
0.4446,0.447,0.440201,0.440201,56756,2022-04-19 18:50:00,TANH
0.447,0.447,0.4402,0.447,27769,2022-04-19 18:52:00,TANH
0.440201,0.440201,0.440201,0.440201,101,2022-04-19 18:53:00,TANH
0.440201,0.440201,0.440201,0.440201,1000,2022-04-19 18:54:00,TANH
0.4341,0.447,0.4341,0.447,9657,2022-04-19 18:55:00,TANH
0.4451,0.447,0.445,0.447,9990,2022-04-19 18:56:00,TANH
0.445,0.4451,0.445,0.4451,10500,2022-04-19 18:57:00,TANH
0.4451,0.4451,0.4451,0.4451,1900,2022-04-19 18:58:00,TANH
0.4452,0.4452,0.4452,0.4452,100,2022-04-19 19:00:00,TANH
0.4451,0.4452,0.4451,0.4451,2100,2022-04-19 19:01:00,TANH
0.4462,0.4462,0.4454,0.4457,10511,2022-04-19 19:02:00,TANH
0.4461,0.4461,0.4461,0.4461,1400,2022-04-19 19:03:00,TANH
0.4461,0.4461,0.446,0.446,6000,2022-04-19 19:04:00,TANH
0.4461,0.4461,0.446,0.4461,108514,2022-04-19 19:06:00,TANH
0.4461,0.4461,0.4461,0.4461,4270,2022-04-19 19:07:00,TANH
0.4461,0.4461,0.446,0.4461,5700,2022-04-19 19:08:00,TANH
0.4461,0.4461,0.4461,0.4461,11000,2022-04-19 19:09:00,TANH
0.4461,0.4461,0.44,0.44,1100,2022-04-19 19:11:00,TANH
0.437,0.437,0.437,0.437,500,2022-04-19 19:12:00,TANH
0.44,0.44,0.44,0.44,6680,2022-04-19 19:13:00,TANH
0.437,0.437,0.437,0.437,123,2022-04-19 19:14:00,TANH
0.4399,0.4399,0.4399,0.4399,1000,2022-04-19 19:16:00,TANH
0.446099,0.446099,0.446099,0.446099,750,2022-04-19 19:18:00,TANH
0.446,0.45,0.446,0.449899,28522,2022-04-19 19:19:00,TANH
0.45,0.45,0.449899,0.449899,8596,2022-04-19 19:20:00,TANH
0.4499,0.4499,0.443449,0.4499,800,2022-04-19 19:21:00,TANH
0.4499,0.4499,0.443449,0.4499,525,2022-04-19 19:22:00,TANH
0.443449,0.4474,0.443449,0.4474,807,2022-04-19 19:23:00,TANH
0.4474,0.4496,0.44735,0.4494,3400,2022-04-19 19:24:00,TANH
0.4495,0.4495,0.4451,0.4488,2155,2022-04-19 19:25:00,TANH
0.445,0.445,0.445,0.445,2000,2022-04-19 19:26:00,TANH
0.442701,0.442701,0.441,0.4416,2522,2022-04-19 19:27:00,TANH
0.441,0.441,0.441,0.441,500,2022-04-19 19:30:00,TANH
0.441,0.441,0.441,0.441,600,2022-04-19 19:31:00,TANH
0.448,0.4558,0.448,0.4558,27367,2022-04-19 19:32:00,TANH
0.4557,0.4558,0.4556,0.4558,27960,2022-04-19 19:33:00,TANH
0.4556,0.4557,0.4556,0.4557,3624,2022-04-19 19:34:00,TANH
0.4499,0.4499,0.441,0.441,36395,2022-04-19 19:35:00,TANH
0.441,0.441,0.441,0.441,300,2022-04-19 19:36:00,TANH
0.441,0.4455,0.441,0.4455,488,2022-04-19 19:37:00,TANH
0.441,0.441,0.441,0.441,2600,2022-04-19 19:38:00,TANH
0.4496,0.4496,0.4496,0.4496,250,2022-04-19 19:39:00,TANH
0.4485,0.4485,0.44585,0.44585,225,2022-04-19 19:40:00,TANH
0.4496,0.4496,0.4463,0.448,4267,2022-04-19 19:41:00,TANH
0.4539,0.4539,0.4539,0.4539,8000,2022-04-19 19:43:00,TANH
0.449,0.4515,0.449,0.4515,7200,2022-04-19 19:44:00,TANH
0.449,0.4517,0.4411,0.4517,8632,2022-04-19 19:45:00,TANH
0.45,0.4521,0.45,0.4521,37723,2022-04-19 19:47:00,TANH
0.4529,0.4529,0.4529,0.4529,300,2022-04-19 19:48:00,TANH
0.452799,0.4529,0.452799,0.4529,1200,2022-04-19 19:49:00,TANH
0.4528,0.4528,0.45,0.4507,1200,2022-04-19 19:50:00,TANH
0.4501,0.4501,0.4501,0.4501,5000,2022-04-19 19:51:00,TANH
0.4501,0.4501,0.45,0.45,3400,2022-04-19 19:52:00,TANH
0.4498,0.4498,0.4498,0.4498,100,2022-04-19 19:53:00,TANH
0.4486,0.4486,0.4473,0.4473,9488,2022-04-19 19:54:00,TANH
0.4499,0.4499,0.4473,0.4473,9223,2022-04-19 19:55:00,TANH
0.4497,0.4497,0.4497,0.4497,900,2022-04-19 19:56:00,TANH
0.4474,0.4496,0.4473,0.4496,19307,2022-04-19 19:57:00,TANH
0.4474,0.4496,0.4474,0.4474,1010,2022-04-19 19:58:00,TANH
0.4496,0.4496,0.4473,0.4486,6671,2022-04-19 19:59:00,TANH
0.449,0.45,0.449,0.45,1072,2022-04-19 20:00:00,TANH
0.45,0.45,0.45,0.45,200,2022-04-19 20:02:00,TANH
0.4499,0.45,0.4499,0.45,1415,2022-04-19 20:05:00,TANH
0.4474,0.4474,0.4474,0.4474,100,2022-04-19 20:13:00,TANH
0.4473,0.4473,0.44,0.44,4487,2022-04-19 20:18:00,TANH
0.44,0.44,0.4275,0.4275,43176,2022-04-19 20:19:00,TANH
0.425,0.425,0.42,0.42,15963,2022-04-19 20:20:00,TANH
0.4212,0.4212,0.4212,0.4212,50000,2022-04-19 20:22:00,TANH
0.4422,0.4422,0.4422,0.4422,5500,2022-04-19 20:23:00,TANH
0.4422,0.4422,0.4422,0.4422,3057,2022-04-19 20:24:00,TANH
0.4422,0.4423,0.4312,0.4312,50219,2022-04-19 20:31:00,TANH
0.4312,0.4312,0.4252,0.4252,5000,2022-04-19 20:32:00,TANH
0.4499,0.4499,0.4499,0.4499,500,2022-04-19 20:50:00,TANH
0.4499,0.4499,0.4499,0.4499,400,2022-04-19 21:01:00,TANH
0.435,0.435,0.43,0.43,4524,2022-04-19 21:09:00,TANH
0.4261,0.4261,0.4261,0.4261,3000,2022-04-19 21:11:00,TANH
0.4474,0.4474,0.4474,0.4474,2460,2022-04-19 21:12:00,TANH
0.4474,0.4474,0.4474,0.4474,100,2022-04-19 21:15:00,TANH
0.4474,0.4474,0.4474,0.4474,393,2022-04-19 21:24:00,TANH
0.43,0.43,0.43,0.43,200,2022-04-19 21:26:00,TANH
0.43,0.43,0.43,0.43,400,2022-04-19 21:28:00,TANH
0.427,0.427,0.4269,0.4269,4541,2022-04-19 21:30:00,TANH
0.4269,0.4269,0.4269,0.4269,719,2022-04-19 21:31:00,TANH
0.4273,0.4273,0.4273,0.4273,400,2022-04-19 21:44:00,TANH
0.44,0.44,0.44,0.44,500,2022-04-19 22:02:00,TANH
0.43,0.43,0.43,0.43,630,2022-04-19 22:24:00,TANH
0.435,0.435,0.435,0.435,12388,2022-04-19 22:49:00,TANH
0.435,0.435,0.435,0.435,1198,2022-04-19 22:52:00,TANH
0.435,0.435,0.435,0.435,100,2022-04-19 22:59:00,TANH
0.435,0.435,0.435,0.435,500,2022-04-19 23:00:00,TANH
0.4302,0.4302,0.4302,0.4302,1000,2022-04-19 23:01:00,TANH
0.435,0.435,0.435,0.435,500,2022-04-19 23:02:00,TANH
0.435,0.435,0.435,0.435,512,2022-04-19 23:05:00,TANH
0.435,0.435,0.43,0.43,4475,2022-04-19 23:06:00,TANH
0.4305,0.4305,0.4305,0.4305,1625,2022-04-19 23:09:00,TANH
0.43,0.43,0.43,0.43,107,2022-04-19 23:17:00,TANH
0.4398,0.4398,0.4398,0.4398,3500,2022-04-19 23:30:00,TANH
0.4395,0.4399,0.4395,0.4399,3279,2022-04-19 23:43:00,TANH
0.44,0.44,0.44,0.44,1000,2022-04-19 23:48:00,TANH
0.445,0.445,0.445,0.445,1734,2022-04-19 23:51:00,TANH
0.445,0.445,0.445,0.445,6766,2022-04-19 23:52:00,TANH
0.4416,0.4416,0.4416,0.4416,1000,2022-04-20 08:12:00,TANH
0.4416,0.4416,0.4416,0.4416,100,2022-04-20 08:53:00,TANH
0.445,0.445,0.44,0.44,1920,2022-04-20 09:21:00,TANH
0.43,0.43,0.43,0.43,2625,2022-04-20 10:04:00,TANH
0.4478,0.4478,0.4478,0.4478,100,2022-04-20 10:14:00,TANH
0.43,0.43,0.43,0.43,2000,2022-04-20 10:15:00,TANH
0.43,0.43,0.43,0.43,3000,2022-04-20 10:21:00,TANH
0.4261,0.427,0.425,0.425,4130,2022-04-20 10:23:00,TANH
0.4313,0.4313,0.4261,0.4261,297,2022-04-20 10:38:00,TANH
0.4365,0.4365,0.4365,0.4365,100,2022-04-20 11:22:00,TANH
0.4365,0.4439,0.4365,0.438,809,2022-04-20 11:32:00,TANH
0.4305,0.4321,0.421,0.421,43089,2022-04-20 11:44:00,TANH
0.43,0.43,0.43,0.43,250,2022-04-20 11:48:00,TANH
0.4346,0.4346,0.429,0.4346,400,2022-04-20 11:58:00,TANH
0.43,0.43,0.43,0.43,1722,2022-04-20 12:00:00,TANH
0.43,0.43,0.43,0.43,700,2022-04-20 12:01:00,TANH
0.43,0.43,0.426,0.426,3576,2022-04-20 12:07:00,TANH
0.427,0.427,0.427,0.427,113,2022-04-20 12:12:00,TANH
0.427,0.427,0.427,0.427,100,2022-04-20 12:13:00,TANH
0.427,0.4352,0.427,0.4352,390,2022-04-20 12:14:00,TANH
0.427,0.427,0.427,0.427,100,2022-04-20 12:15:00,TANH
0.435,0.4352,0.435,0.4352,1600,2022-04-20 12:18:00,TANH
0.4399,0.4399,0.4399,0.4399,2500,2022-04-20 12:29:00,TANH
0.4399,0.4399,0.4399,0.4399,7500,2022-04-20 12:30:00,TANH
0.433,0.433,0.43,0.43,2600,2022-04-20 12:38:00,TANH
0.4347,0.435,0.4342,0.435,21497,2022-04-20 12:40:00,TANH
0.43,0.43,0.43,0.43,100,2022-04-20 12:41:00,TANH
0.43,0.43,0.43,0.43,100,2022-04-20 12:46:00,TANH
0.4299,0.43,0.4299,0.43,7688,2022-04-20 12:48:00,TANH
0.4399,0.4399,0.434,0.434,1500,2022-04-20 12:49:00,TANH
0.4366,0.4366,0.434,0.434,660,2022-04-20 12:51:00,TANH
0.431,0.431,0.431,0.431,100,2022-04-20 12:53:00,TANH
0.43,0.43,0.43,0.43,383,2022-04-20 12:55:00,TANH
0.4301,0.4301,0.4301,0.4301,1000,2022-04-20 13:00:00,TANH
0.4335,0.4335,0.4335,0.4335,100,2022-04-20 13:01:00,TANH
0.4301,0.4301,0.4301,0.4301,900,2022-04-20 13:02:00,TANH
0.4311,0.4311,0.4311,0.4311,221,2022-04-20 13:16:00,TANH
0.4311,0.4311,0.43,0.43,12995,2022-04-20 13:22:00,TANH
0.43,0.43,0.43,0.43,1700,2022-04-20 13:26:00,TANH
0.4229,0.4389,0.4229,0.438899,33416,2022-04-20 13:30:00,TANH
0.42701,0.438899,0.42701,0.435101,8260,2022-04-20 13:31:00,TANH
0.4388,0.440101,0.436999,0.44,55442,2022-04-20 13:32:00,TANH
0.446,0.4468,0.43,0.4468,23100,2022-04-20 13:33:00,TANH
0.4399,0.4399,0.4399,0.4399,16740,2022-04-20 13:34:00,TANH
0.437214,0.446599,0.437214,0.446599,8750,2022-04-20 13:35:00,TANH
0.437089,0.437089,0.437089,0.437089,2490,2022-04-20 13:36:00,TANH
0.437,0.44,0.437,0.44,52158,2022-04-20 13:37:00,TANH
0.4459,0.4459,0.4371,0.4458,22100,2022-04-20 13:38:00,TANH
0.4457,0.4457,0.439,0.4448,17700,2022-04-20 13:39:00,TANH
0.4445,0.4457,0.44,0.44,50198,2022-04-20 13:40:00,TANH
0.4401,0.443,0.44,0.4401,52753,2022-04-20 13:41:00,TANH
0.4401,0.445,0.4401,0.440801,38749,2022-04-20 13:42:00,TANH
0.445,0.445,0.441,0.4449,11325,2022-04-20 13:43:00,TANH
0.443,0.445,0.442001,0.4429,42644,2022-04-20 13:44:00,TANH
0.442,0.4458,0.442,0.445,24806,2022-04-20 13:45:00,TANH
0.442,0.445,0.4411,0.4411,610,2022-04-20 13:46:00,TANH
0.445,0.445,0.443,0.443,5368,2022-04-20 13:47:00,TANH
0.444,0.4449,0.441,0.441,9304,2022-04-20 13:48:00,TANH
0.441,0.443,0.441,0.443,3969,2022-04-20 13:49:00,TANH
0.443,0.445,0.442,0.444899,7680,2022-04-20 13:51:00,TANH
0.441,0.441,0.441,0.441,36095,2022-04-20 13:52:00,TANH
0.442951,0.442951,0.442951,0.442951,375,2022-04-20 13:53:00,TANH
0.441,0.4412,0.441,0.4412,9927,2022-04-20 13:55:00,TANH
0.4409,0.4448,0.439,0.439,14600,2022-04-20 13:56:00,TANH
0.439101,0.443,0.439101,0.44,7100,2022-04-20 13:57:00,TANH
0.44,0.442,0.4391,0.442,1152,2022-04-20 13:58:00,TANH
0.44,0.44,0.437,0.437,7670,2022-04-20 13:59:00,TANH
0.437,0.4388,0.435,0.435,14965,2022-04-20 14:00:00,TANH
0.43949,0.43949,0.43949,0.43949,1311,2022-04-20 14:01:00,TANH
0.435,0.4394,0.435,0.4387,358,2022-04-20 14:02:00,TANH
0.4443,0.4443,0.4443,0.4443,20593,2022-04-20 14:03:00,TANH
0.4311,0.4311,0.4311,0.4311,500,2022-04-20 14:04:00,TANH
0.4443,0.4443,0.4443,0.4443,150,2022-04-20 14:05:00,TANH
0.4321,0.4321,0.4321,0.4321,875,2022-04-20 14:06:00,TANH
0.4321,0.4321,0.4321,0.4321,2702,2022-04-20 14:07:00,TANH
0.4351,0.44,0.4351,0.44,922,2022-04-20 14:08:00,TANH
0.4311,0.4311,0.4311,0.4311,678,2022-04-20 14:09:00,TANH
0.435501,0.435501,0.435,0.435,295,2022-04-20 14:10:00,TANH
0.435,0.439899,0.435,0.435,3000,2022-04-20 14:11:00,TANH
0.435,0.4351,0.435,0.4351,1400,2022-04-20 14:12:00,TANH
0.43745,0.437451,0.435101,0.437451,900,2022-04-20 14:13:00,TANH
0.4398,0.4398,0.4351,0.4351,400,2022-04-20 14:16:00,TANH
0.438,0.4398,0.438,0.4383,2100,2022-04-20 14:18:00,TANH
0.438,0.438,0.437,0.438,600,2022-04-20 14:19:00,TANH
0.436,0.4361,0.436,0.4361,1000,2022-04-20 14:20:00,TANH
0.4361,0.4362,0.4351,0.4351,6641,2022-04-20 14:21:00,TANH
0.4353,0.4356,0.4352,0.4353,1940,2022-04-20 14:22:00,TANH
0.4421,0.4421,0.439,0.439,590,2022-04-20 14:23:00,TANH
0.438899,0.439,0.4351,0.4351,6000,2022-04-20 14:25:00,TANH
0.4351,0.4351,0.4301,0.4301,16710,2022-04-20 14:27:00,TANH
0.431,0.431,0.4301,0.4301,28610,2022-04-20 14:28:00,TANH
0.4301,0.4301,0.4301,0.4301,20600,2022-04-20 14:29:00,TANH
0.43,0.4305,0.43,0.4301,9420,2022-04-20 14:30:00,TANH
0.4386,0.4387,0.4386,0.4387,2150,2022-04-20 14:35:00,TANH
0.4387,0.4387,0.4387,0.4387,2000,2022-04-20 14:38:00,TANH
0.4386,0.4386,0.4386,0.4386,108,2022-04-20 14:39:00,TANH
0.431,0.431,0.431,0.431,19500,2022-04-20 14:40:00,TANH
0.4369,0.4386,0.435,0.435,4155,2022-04-20 14:42:00,TANH
0.4319,0.4319,0.431,0.431,400,2022-04-20 14:43:00,TANH
0.4307,0.431,0.4307,0.4308,1638,2022-04-20 14:44:00,TANH
0.4307,0.4308,0.4307,0.4308,3200,2022-04-20 14:45:00,TANH
0.4307,0.4307,0.4307,0.4307,10350,2022-04-20 14:46:00,TANH
0.4307,0.4307,0.4307,0.4307,600,2022-04-20 14:47:00,TANH
0.4307,0.4308,0.4307,0.4308,208,2022-04-20 14:48:00,TANH
0.4308,0.4308,0.4308,0.4308,217,2022-04-20 14:49:00,TANH
0.4308,0.4308,0.4307,0.4307,2123,2022-04-20 14:50:00,TANH
0.4308,0.4308,0.4308,0.4308,2200,2022-04-20 14:51:00,TANH
0.4308,0.4308,0.4307,0.4307,900,2022-04-20 14:53:00,TANH
0.4307,0.4307,0.4307,0.4307,1000,2022-04-20 14:55:00,TANH
0.4307,0.4307,0.4307,0.4307,1000,2022-04-20 14:56:00,TANH
0.430701,0.430701,0.430701,0.430701,4654,2022-04-20 14:57:00,TANH
0.4308,0.4308,0.4307,0.4307,1000,2022-04-20 14:58:00,TANH
0.4307,0.4307,0.4307,0.4307,5296,2022-04-20 14:59:00,TANH
0.4308,0.4308,0.430798,0.430798,15911,2022-04-20 15:01:00,TANH
0.4343,0.4343,0.4343,0.4343,100,2022-04-20 15:02:00,TANH
0.43485,0.43485,0.43485,0.43485,300,2022-04-20 15:06:00,TANH
0.4349,0.4349,0.4349,0.4349,1000,2022-04-20 15:07:00,TANH
0.4324,0.4324,0.4324,0.4324,411,2022-04-20 15:09:00,TANH
0.4363,0.4363,0.4363,0.4363,100,2022-04-20 15:10:00,TANH
0.4313,0.438299,0.4313,0.438299,2600,2022-04-20 15:11:00,TANH
0.4377,0.4377,0.4313,0.4313,1191,2022-04-20 15:14:00,TANH
0.437555,0.437555,0.437555,0.437555,2000,2022-04-20 15:19:00,TANH
0.4321,0.4378,0.4321,0.4374,4999,2022-04-20 15:20:00,TANH
0.4326,0.434091,0.4325,0.4325,11700,2022-04-20 15:21:00,TANH
0.435101,0.435101,0.435,0.435,9500,2022-04-20 15:22:00,TANH
0.4328,0.4328,0.432,0.432,1405,2022-04-20 15:23:00,TANH
0.432,0.432,0.4313,0.4313,1662,2022-04-20 15:24:00,TANH
0.4312,0.4312,0.4311,0.4312,2800,2022-04-20 15:25:00,TANH
0.4311,0.4311,0.431,0.431,10000,2022-04-20 15:27:00,TANH
0.431,0.431,0.4309,0.4309,6100,2022-04-20 15:28:00,TANH
0.4309,0.4309,0.4309,0.4309,1000,2022-04-20 15:29:00,TANH
0.4309,0.4309,0.430801,0.4309,5200,2022-04-20 15:30:00,TANH
0.4308,0.430803,0.43,0.43,33450,2022-04-20 15:31:00,TANH
0.43,0.43,0.4299,0.43,15587,2022-04-20 15:32:00,TANH
0.4274,0.4277,0.425,0.427599,14356,2022-04-20 15:33:00,TANH
0.4276,0.4276,0.4256,0.4256,6903,2022-04-20 15:34:00,TANH
0.431,0.432,0.426,0.426,14151,2022-04-20 15:37:00,TANH
0.4315,0.4348,0.4315,0.4348,2080,2022-04-20 15:38:00,TANH
0.4281,0.4281,0.428,0.428,3200,2022-04-20 15:41:00,TANH
0.4313,0.4313,0.428,0.428,253,2022-04-20 15:42:00,TANH
0.431401,0.431401,0.431401,0.431401,2000,2022-04-20 15:43:00,TANH
0.428,0.428,0.428,0.428,250,2022-04-20 15:46:00,TANH
0.4285,0.4285,0.4285,0.4285,16200,2022-04-20 15:49:00,TANH
0.4285,0.4287,0.4285,0.4285,1300,2022-04-20 15:50:00,TANH
0.4314,0.4314,0.4314,0.4314,100,2022-04-20 15:51:00,TANH
0.43,0.43,0.43,0.43,250,2022-04-20 15:52:00,TANH
0.4285,0.43155,0.4285,0.43155,700,2022-04-20 15:53:00,TANH
0.4283,0.4347,0.4283,0.4347,200,2022-04-20 15:54:00,TANH
0.428,0.428,0.426,0.426,1200,2022-04-20 15:55:00,TANH
0.4265,0.4265,0.4261,0.4261,400,2022-04-20 15:56:00,TANH
0.426,0.426,0.4225,0.4229,18350,2022-04-20 15:57:00,TANH
0.423,0.423,0.4221,0.4221,6530,2022-04-20 15:58:00,TANH
0.4221,0.4221,0.42,0.4206,92675,2022-04-20 15:59:00,TANH
0.42,0.4206,0.42,0.42,31784,2022-04-20 16:00:00,TANH
0.4201,0.4274,0.42,0.4222,8500,2022-04-20 16:01:00,TANH
0.43,0.4301,0.43,0.43,2909,2022-04-20 16:05:00,TANH
0.4261,0.428,0.425,0.425,4388,2022-04-20 16:06:00,TANH
0.425,0.425,0.425,0.425,2700,2022-04-20 16:07:00,TANH
0.425,0.4251,0.425,0.4251,5244,2022-04-20 16:08:00,TANH
0.4251,0.4251,0.4251,0.4251,2500,2022-04-20 16:09:00,TANH
0.423,0.4299,0.4202,0.4299,11376,2022-04-20 16:10:00,TANH
0.423,0.4278,0.423,0.4273,3106,2022-04-20 16:15:00,TANH
0.4278,0.4279,0.4231,0.4279,24200,2022-04-20 16:16:00,TANH
0.4278,0.429,0.426,0.429,26800,2022-04-20 16:17:00,TANH
0.426001,0.429,0.426001,0.429,1100,2022-04-20 16:19:00,TANH
0.425,0.4289,0.425,0.425,978,2022-04-20 16:21:00,TANH
0.429,0.429,0.429,0.429,111,2022-04-20 16:22:00,TANH
0.427,0.4271,0.427,0.4271,1200,2022-04-20 16:24:00,TANH
0.427,0.427,0.423,0.4249,15750,2022-04-20 16:25:00,TANH
0.4235,0.424,0.4231,0.4231,5510,2022-04-20 16:26:00,TANH
0.4222,0.4222,0.4203,0.4212,5668,2022-04-20 16:27:00,TANH
0.4212,0.429,0.4212,0.4217,8350,2022-04-20 16:28:00,TANH
0.4217,0.429,0.4217,0.4287,1000,2022-04-20 16:29:00,TANH
0.4287,0.4287,0.4285,0.4285,3567,2022-04-20 16:30:00,TANH
0.4251,0.4251,0.425,0.425,2250,2022-04-20 16:33:00,TANH
0.4267,0.4285,0.425,0.4265,2150,2022-04-20 16:35:00,TANH
0.421,0.421,0.421,0.421,500,2022-04-20 16:37:00,TANH
0.4297,0.4298,0.425,0.425,3525,2022-04-20 16:39:00,TANH
0.426963,0.426963,0.426001,0.426001,4773,2022-04-20 16:41:00,TANH
0.4251,0.4252,0.425096,0.425096,2000,2022-04-20 16:44:00,TANH
0.4251,0.4251,0.425,0.425,46913,2022-04-20 16:45:00,TANH
0.425,0.425091,0.425,0.425091,1169,2022-04-20 16:46:00,TANH
0.4251,0.4251,0.4251,0.4251,100,2022-04-20 16:47:00,TANH
0.425,0.425,0.425,0.425,1000,2022-04-20 16:49:00,TANH
0.4251,0.4251,0.4251,0.4251,1000,2022-04-20 16:50:00,TANH
0.4251,0.4251,0.4251,0.4251,19400,2022-04-20 16:52:00,TANH
0.4251,0.4301,0.4251,0.43,17159,2022-04-20 16:53:00,TANH
0.425799,0.4268,0.4253,0.4253,1890,2022-04-20 16:54:00,TANH
0.4252,0.427501,0.4252,0.427501,1200,2022-04-20 16:55:00,TANH
0.4257,0.4257,0.425,0.425,3985,2022-04-20 16:57:00,TANH
0.4253,0.43,0.4253,0.43,200,2022-04-20 17:00:00,TANH
0.4287,0.43,0.4253,0.429899,14400,2022-04-20 17:02:00,TANH
0.4254,0.4254,0.4254,0.4254,1000,2022-04-20 17:03:00,TANH
0.4256,0.4275,0.4256,0.4275,886,2022-04-20 17:04:00,TANH
0.4287,0.4287,0.4287,0.4287,150,2022-04-20 17:07:00,TANH
0.4286,0.4286,0.4275,0.4275,1700,2022-04-20 17:08:00,TANH
0.42805,0.42805,0.42805,0.42805,140,2022-04-20 17:09:00,TANH
0.4275,0.4275,0.4275,0.4275,600,2022-04-20 17:10:00,TANH
0.4276,0.4276,0.4275,0.4275,5100,2022-04-20 17:12:00,TANH
0.4276,0.4276,0.427598,0.427598,1000,2022-04-20 17:13:00,TANH
0.4276,0.4276,0.4276,0.4276,2400,2022-04-20 17:14:00,TANH
0.429899,0.43,0.428599,0.4286,3600,2022-04-20 17:15:00,TANH
0.4275,0.4275,0.425,0.425,2900,2022-04-20 17:17:00,TANH
0.425299,0.425299,0.425,0.425,800,2022-04-20 17:18:00,TANH
0.4251,0.4251,0.425,0.425,801,2022-04-20 17:19:00,TANH
0.425,0.425,0.425,0.425,100,2022-04-20 17:22:00,TANH
0.4271,0.4271,0.4271,0.4271,3500,2022-04-20 17:24:00,TANH
0.4291,0.4291,0.4291,0.4291,100,2022-04-20 17:27:00,TANH
0.426,0.4299,0.426,0.4299,678,2022-04-20 17:31:00,TANH
0.4291,0.4291,0.42,0.4249,153261,2022-04-20 17:35:00,TANH
0.4249,0.4299,0.42,0.4247,7626,2022-04-20 17:36:00,TANH
0.426,0.4261,0.426,0.4261,5300,2022-04-20 17:37:00,TANH
0.4295,0.4295,0.4295,0.4295,100,2022-04-20 17:39:00,TANH
0.426,0.426,0.426,0.426,3600,2022-04-20 17:40:00,TANH
0.426,0.4261,0.4217,0.4253,5400,2022-04-20 17:41:00,TANH
0.4347,0.4347,0.4347,0.4347,100,2022-04-20 17:43:00,TANH
0.434699,0.434699,0.434699,0.434699,100,2022-04-20 17:45:00,TANH
0.426001,0.426001,0.426001,0.426001,1250,2022-04-20 17:47:00,TANH
0.4339,0.4339,0.4339,0.4339,2415,2022-04-20 17:49:00,TANH
0.43,0.43,0.43,0.43,114,2022-04-20 17:50:00,TANH
0.426,0.426,0.426,0.426,300,2022-04-20 17:52:00,TANH
0.426,0.426,0.426,0.426,200,2022-04-20 17:53:00,TANH
0.426,0.4271,0.426,0.426,1200,2022-04-20 17:54:00,TANH
0.426,0.426,0.426,0.426,200,2022-04-20 17:55:00,TANH
0.426,0.4337,0.422,0.425,7606,2022-04-20 17:56:00,TANH
0.4231,0.4231,0.4231,0.4231,5000,2022-04-20 17:59:00,TANH
0.426,0.4261,0.426,0.426,1802,2022-04-20 18:01:00,TANH
0.4326,0.4337,0.426,0.426,1500,2022-04-20 18:02:00,TANH
0.426,0.426,0.426,0.426,200,2022-04-20 18:03:00,TANH
0.426,0.426,0.426,0.426,100,2022-04-20 18:04:00,TANH
0.426,0.426,0.4235,0.4235,2200,2022-04-20 18:05:00,TANH
0.426,0.426,0.426,0.426,100,2022-04-20 18:06:00,TANH
0.426,0.426,0.426,0.426,200,2022-04-20 18:07:00,TANH
0.426,0.426,0.426,0.426,200,2022-04-20 18:08:00,TANH
0.426,0.426,0.4235,0.4235,700,2022-04-20 18:09:00,TANH
0.4235,0.4235,0.4235,0.4235,100,2022-04-20 18:10:00,TANH
0.4247,0.426,0.4235,0.426,1500,2022-04-20 18:11:00,TANH
0.4242,0.4242,0.4236,0.4236,600,2022-04-20 18:12:00,TANH
0.4239,0.4248,0.4237,0.4248,3564,2022-04-20 18:13:00,TANH
0.4248,0.4259,0.4239,0.4239,1700,2022-04-20 18:14:00,TANH
0.4239,0.426,0.4239,0.426,700,2022-04-20 18:15:00,TANH
0.4261,0.428901,0.4261,0.428901,5305,2022-04-20 18:16:00,TANH
0.4318,0.4318,0.426,0.426,620,2022-04-20 18:19:00,TANH
0.4316,0.4316,0.4236,0.4287,21000,2022-04-20 18:20:00,TANH
0.4261,0.4261,0.4261,0.4261,3358,2022-04-20 18:21:00,TANH
0.426,0.426,0.426,0.426,100,2022-04-20 18:24:00,TANH
0.4261,0.4278,0.4261,0.4261,5600,2022-04-20 18:25:00,TANH
0.4261,0.4261,0.4261,0.4261,2500,2022-04-20 18:28:00,TANH
0.4288,0.4288,0.426,0.426,258,2022-04-20 18:29:00,TANH
0.426,0.426,0.426,0.426,9000,2022-04-20 18:30:00,TANH
0.426,0.426,0.4237,0.4237,23553,2022-04-20 18:31:00,TANH
0.4248,0.4248,0.4236,0.4237,7900,2022-04-20 18:34:00,TANH
0.4236,0.4236,0.4236,0.4236,1721,2022-04-20 18:35:00,TANH
0.4235,0.4287,0.4235,0.4235,14291,2022-04-20 18:36:00,TANH
0.423499,0.4235,0.4212,0.4212,2177,2022-04-20 18:37:00,TANH
0.4213,0.4268,0.4213,0.4268,6000,2022-04-20 18:39:00,TANH
0.4268,0.4268,0.4268,0.4268,2500,2022-04-20 18:40:00,TANH
0.4221,0.4221,0.4221,0.4221,5000,2022-04-20 18:41:00,TANH
0.4222,0.4222,0.4222,0.4222,500,2022-04-20 18:42:00,TANH
0.426,0.426,0.426,0.426,500,2022-04-20 18:43:00,TANH
0.426049,0.426049,0.426049,0.426049,100,2022-04-20 18:44:00,TANH
0.427,0.43,0.426,0.426,2500,2022-04-20 18:45:00,TANH
0.426,0.43,0.4222,0.4261,6962,2022-04-20 18:46:00,TANH
0.42705,0.42705,0.42705,0.42705,2380,2022-04-20 18:48:00,TANH
0.426,0.4261,0.4211,0.426,26671,2022-04-20 18:49:00,TANH
0.426,0.4319,0.4206,0.4319,2436,2022-04-20 18:50:00,TANH
0.429,0.429,0.429,0.429,1227,2022-04-20 18:51:00,TANH
0.426,0.432,0.426,0.426,8014,2022-04-20 18:52:00,TANH
0.426,0.426,0.426,0.426,830,2022-04-20 18:54:00,TANH
0.426,0.426,0.426,0.426,1062,2022-04-20 18:55:00,TANH
0.426,0.428999,0.426,0.428999,740,2022-04-20 18:56:00,TANH
0.426,0.426,0.426,0.426,100,2022-04-20 18:57:00,TANH
0.426,0.426,0.426,0.426,1289,2022-04-20 18:58:00,TANH
0.426,0.426,0.426,0.426,820,2022-04-20 18:59:00,TANH
0.426,0.432,0.426,0.432,10200,2022-04-20 19:00:00,TANH
0.43,0.43,0.43,0.43,2275,2022-04-20 19:03:00,TANH
0.43,0.43,0.43,0.43,387,2022-04-20 19:04:00,TANH
0.4299,0.4299,0.4299,0.4299,100,2022-04-20 19:05:00,TANH
0.4299,0.4299,0.4299,0.4299,1000,2022-04-20 19:07:00,TANH
0.426,0.426,0.426,0.426,1000,2022-04-20 19:09:00,TANH
0.4282,0.43,0.4271,0.4271,4410,2022-04-20 19:12:00,TANH
0.4283,0.4283,0.4283,0.4283,200,2022-04-20 19:13:00,TANH
0.4282,0.4282,0.4282,0.4282,106,2022-04-20 19:14:00,TANH
0.4283,0.4283,0.4283,0.4283,300,2022-04-20 19:15:00,TANH
0.429299,0.429299,0.429299,0.429299,300,2022-04-20 19:17:00,TANH
0.43,0.43,0.428781,0.428781,317,2022-04-20 19:21:00,TANH
0.429582,0.429582,0.429582,0.429582,167,2022-04-20 19:23:00,TANH
0.4299,0.4299,0.4299,0.4299,200,2022-04-20 19:25:00,TANH
0.4298,0.4298,0.4298,0.4298,170,2022-04-20 19:26:00,TANH
0.43,0.43,0.43,0.43,3700,2022-04-20 19:27:00,TANH
0.432,0.432,0.432,0.432,3461,2022-04-20 19:28:00,TANH
0.43,0.43,0.43,0.43,1540,2022-04-20 19:29:00,TANH
0.43,0.43,0.4273,0.4273,1656,2022-04-20 19:31:00,TANH
0.43,0.43,0.43,0.43,200,2022-04-20 19:32:00,TANH
0.4265,0.42825,0.4265,0.4265,7000,2022-04-20 19:34:00,TANH
0.426,0.428,0.426,0.428,11202,2022-04-20 19:35:00,TANH
0.428,0.428,0.428,0.428,200,2022-04-20 19:38:00,TANH
0.428,0.428,0.428,0.428,200,2022-04-20 19:39:00,TANH
0.428,0.4285,0.428,0.4285,433,2022-04-20 19:41:00,TANH
0.428,0.428,0.428,0.428,200,2022-04-20 19:43:00,TANH
0.4299,0.4299,0.429799,0.429799,700,2022-04-20 19:45:00,TANH
0.4281,0.4299,0.4281,0.4299,3138,2022-04-20 19:47:00,TANH
0.4281,0.4281,0.4281,0.4281,200,2022-04-20 19:48:00,TANH
0.4287,0.4298,0.4287,0.429,2600,2022-04-20 19:49:00,TANH
0.4297,0.4297,0.428608,0.428608,1100,2022-04-20 19:50:00,TANH
0.429,0.429,0.4262,0.4262,600,2022-04-20 19:51:00,TANH
0.4299,0.4299,0.4262,0.4262,12600,2022-04-20 19:52:00,TANH
0.428999,0.429,0.4283,0.429,5740,2022-04-20 19:53:00,TANH
0.429,0.429,0.428011,0.428011,400,2022-04-20 19:54:00,TANH
0.4271,0.4279,0.4262,0.4279,1774,2022-04-20 19:55:00,TANH
0.42705,0.4278,0.42705,0.4278,1600,2022-04-20 19:56:00,TANH
0.4277,0.4279,0.4277,0.4278,3273,2022-04-20 19:57:00,TANH
0.4271,0.4279,0.4252,0.4252,18983,2022-04-20 19:58:00,TANH
0.426164,0.4269,0.426164,0.4269,300,2022-04-20 19:59:00,TANH
0.428,0.428,0.428,0.428,667,2022-04-20 20:00:00,TANH
0.428,0.428,0.428,0.428,200,2022-04-20 20:04:00,TANH
0.4297,0.4297,0.4297,0.4297,3300,2022-04-20 20:05:00,TANH
0.4203,0.4203,0.4203,0.4203,495,2022-04-20 20:28:00,TANH
0.4212,0.4212,0.4212,0.4212,200,2022-04-20 20:51:00,TANH
0.4216,0.4216,0.4215,0.4215,29300,2022-04-20 21:14:00,TANH
0.4216,0.4216,0.4216,0.4216,100,2022-04-20 21:22:00,TANH
0.4216,0.4216,0.4216,0.4216,593,2022-04-20 21:39:00,TANH
0.4216,0.4216,0.4216,0.4216,142,2022-04-20 21:45:00,TANH
0.426,0.426,0.426,0.426,500,2022-04-20 21:53:00,TANH
0.4223,0.4277,0.4223,0.4277,5996,2022-04-20 21:54:00,TANH
0.4277,0.4277,0.4277,0.4277,984,2022-04-20 22:08:00,TANH
0.4277,0.4277,0.4277,0.4277,3000,2022-04-20 22:18:00,TANH
0.4277,0.4277,0.4277,0.4277,418,2022-04-20 22:32:00,TANH
0.4235,0.4235,0.4235,0.4235,174,2022-04-20 22:42:00,TANH
0.423,0.423,0.423,0.423,1000,2022-04-20 22:49:00,TANH
0.4276,0.4276,0.4276,0.4276,100,2022-04-20 22:51:00,TANH
0.4277,0.4277,0.4277,0.4277,2000,2022-04-20 22:52:00,TANH
0.428,0.428,0.428,0.428,1000,2022-04-20 22:55:00,TANH
0.4299,0.4299,0.4299,0.4299,1000,2022-04-20 23:00:00,TANH
0.4223,0.4223,0.4216,0.4216,7500,2022-04-20 23:11:00,TANH
0.4299,0.4299,0.4299,0.4299,504,2022-04-20 23:20:00,TANH
0.4213,0.4213,0.4213,0.4213,100,2022-04-20 23:27:00,TANH
0.4299,0.4315,0.4299,0.4315,1477,2022-04-20 23:34:00,TANH
0.432,0.432,0.432,0.432,100,2022-04-20 23:35:00,TANH
0.43,0.43,0.43,0.43,16520,2022-04-20 23:43:00,TANH
0.432,0.432,0.4315,0.432,7969,2022-04-20 23:46:00,TANH
0.432,0.432,0.428,0.428,1911,2022-04-20 23:47:00,TANH
0.4299,0.4299,0.4299,0.4299,4349,2022-04-20 23:52:00,TANH
0.4299,0.4299,0.4299,0.4299,5000,2022-04-20 23:54:00,TANH
0.428,0.428,0.428,0.428,1000,2022-04-20 23:59:00,TANH
0.4299,0.4299,0.4299,0.4299,100,2022-04-21 08:00:00,TANH
0.4299,0.4299,0.4299,0.4299,100,2022-04-21 08:04:00,TANH
0.4299,0.4299,0.4299,0.4299,100,2022-04-21 08:12:00,TANH
0.4124,0.4124,0.4113,0.4113,12160,2022-04-21 08:30:00,TANH
0.428,0.428,0.428,0.428,202,2022-04-21 08:37:00,TANH
0.4272,0.43,0.4272,0.43,6091,2022-04-21 08:48:00,TANH
0.4204,0.4204,0.42,0.42,932,2022-04-21 08:49:00,TANH
0.4179,0.42,0.4179,0.42,4812,2022-04-21 08:50:00,TANH
0.4249,0.4249,0.415,0.415,419,2022-04-21 09:01:00,TANH
0.4179,0.4179,0.4179,0.4179,1000,2022-04-21 09:24:00,TANH
0.4179,0.4179,0.4179,0.4179,1756,2022-04-21 09:26:00,TANH
0.4174,0.4174,0.4173,0.4173,200,2022-04-21 09:27:00,TANH
0.4173,0.4173,0.4173,0.4173,200,2022-04-21 09:38:00,TANH
0.415,0.415,0.415,0.415,100,2022-04-21 09:42:00,TANH
0.415,0.4179,0.415,0.4179,24340,2022-04-21 09:46:00,TANH
0.4299,0.4333,0.4299,0.4333,500,2022-04-21 09:48:00,TANH
0.43,0.43,0.4299,0.43,400,2022-04-21 09:49:00,TANH
0.43,0.43,0.43,0.43,200,2022-04-21 09:50:00,TANH
0.4333,0.4445,0.4333,0.44,3942,2022-04-21 09:58:00,TANH
0.4385,0.4385,0.435,0.435,200,2022-04-21 09:59:00,TANH
0.4397,0.4397,0.4397,0.4397,100,2022-04-21 10:01:00,TANH
0.44,0.44,0.44,0.44,100,2022-04-21 10:02:00,TANH
0.435,0.435,0.43,0.43,400,2022-04-21 10:03:00,TANH
0.43,0.43,0.43,0.43,200,2022-04-21 10:17:00,TANH
0.43,0.43,0.43,0.43,100,2022-04-21 10:18:00,TANH
0.43,0.43,0.43,0.43,459,2022-04-21 10:45:00,TANH
0.43,0.43,0.43,0.43,500,2022-04-21 10:46:00,TANH
0.43,0.43,0.4125,0.4125,11661,2022-04-21 11:00:00,TANH
0.42,0.42,0.4128,0.4128,264,2022-04-21 11:03:00,TANH
0.4243,0.4243,0.4243,0.4243,100,2022-04-21 11:04:00,TANH
0.425,0.425,0.425,0.425,100,2022-04-21 11:11:00,TANH
0.423,0.423,0.4212,0.4212,300,2022-04-21 11:13:00,TANH
0.423,0.423,0.423,0.423,300,2022-04-21 11:14:00,TANH
0.423,0.423,0.42,0.42,500,2022-04-21 11:17:00,TANH
0.423,0.423,0.42,0.42,2000,2022-04-21 11:22:00,TANH
0.428,0.428,0.4275,0.4275,800,2022-04-21 11:37:00,TANH
0.4272,0.4272,0.4265,0.4265,200,2022-04-21 11:43:00,TANH
0.425,0.425,0.425,0.425,200,2022-04-21 11:47:00,TANH
0.425,0.425,0.425,0.425,100,2022-04-21 11:48:00,TANH
0.4275,0.4298,0.4275,0.4275,5700,2022-04-21 12:02:00,TANH
0.4275,0.4299,0.4275,0.4299,41213,2022-04-21 12:03:00,TANH
0.4294,0.4294,0.4294,0.4294,200,2022-04-21 12:04:00,TANH
0.4298,0.4298,0.4298,0.4298,300,2022-04-21 12:05:00,TANH
0.4299,0.4299,0.4298,0.4298,720,2022-04-21 12:06:00,TANH
0.4298,0.4298,0.4298,0.4298,2000,2022-04-21 12:07:00,TANH
0.4299,0.4299,0.4298,0.4298,200,2022-04-21 12:08:00,TANH
0.4298,0.43,0.4298,0.43,11806,2022-04-21 12:11:00,TANH
0.44,0.445,0.435,0.44,5189,2022-04-21 12:12:00,TANH
0.44,0.4401,0.433,0.433,700,2022-04-21 12:13:00,TANH
0.4387,0.4387,0.4387,0.4387,100,2022-04-21 12:14:00,TANH
0.4353,0.4353,0.43,0.43,2268,2022-04-21 12:19:00,TANH
0.43,0.43,0.43,0.43,200,2022-04-21 12:20:00,TANH
0.4375,0.4375,0.425,0.425,5854,2022-04-21 12:21:00,TANH
0.4375,0.4376,0.4375,0.4376,1999,2022-04-21 12:22:00,TANH
0.437,0.437,0.437,0.437,1604,2022-04-21 12:23:00,TANH
0.437,0.437,0.437,0.437,1300,2022-04-21 12:24:00,TANH
0.435,0.435,0.435,0.435,400,2022-04-21 12:27:00,TANH
0.435,0.435,0.435,0.435,100,2022-04-21 12:28:00,TANH
0.435,0.435,0.435,0.435,200,2022-04-21 12:30:00,TANH
0.435,0.435,0.435,0.435,400,2022-04-21 12:31:00,TANH
0.435,0.435,0.435,0.435,200,2022-04-21 12:32:00,TANH
0.435,0.4364,0.435,0.4364,1100,2022-04-21 12:34:00,TANH
0.4376,0.4395,0.4376,0.4376,300,2022-04-21 12:35:00,TANH
0.437,0.437,0.437,0.437,100,2022-04-21 12:36:00,TANH
0.437,0.4385,0.435,0.435,6600,2022-04-21 12:37:00,TANH
0.43,0.43,0.43,0.43,3475,2022-04-21 12:40:00,TANH
0.435,0.435,0.435,0.435,200,2022-04-21 12:50:00,TANH
0.4391,0.44,0.4391,0.44,4000,2022-04-21 12:55:00,TANH
0.44,0.44,0.44,0.44,150,2022-04-21 12:57:00,TANH
0.4425,0.4425,0.436,0.436,3034,2022-04-21 13:01:00,TANH
0.4375,0.44,0.4363,0.44,3755,2022-04-21 13:05:00,TANH
0.44,0.44,0.44,0.44,23359,2022-04-21 13:06:00,TANH
0.435,0.435,0.4277,0.4277,1922,2022-04-21 13:07:00,TANH
0.4327,0.435,0.4327,0.435,300,2022-04-21 13:08:00,TANH
0.4338,0.4348,0.4338,0.4342,2097,2022-04-21 13:09:00,TANH
0.4328,0.4351,0.4328,0.4351,1452,2022-04-21 13:12:00,TANH
0.4334,0.4334,0.43,0.43,5000,2022-04-21 13:13:00,TANH
0.4313,0.4313,0.43,0.43,5100,2022-04-21 13:15:00,TANH
0.4351,0.4398,0.4351,0.4398,1954,2022-04-21 13:16:00,TANH
0.4355,0.4398,0.4355,0.4398,1975,2022-04-21 13:17:00,TANH
0.431,0.431,0.43,0.43,49742,2022-04-21 13:22:00,TANH
0.431,0.439,0.431,0.435,29908,2022-04-21 13:23:00,TANH
0.4352,0.4352,0.435,0.435,2000,2022-04-21 13:25:00,TANH
0.43,0.43,0.43,0.43,631,2022-04-21 13:26:00,TANH
0.435,0.4352,0.43,0.43,16401,2022-04-21 13:27:00,TANH
0.4299,0.4299,0.4299,0.4299,100,2022-04-21 13:28:00,TANH
0.4352,0.4423,0.4352,0.4423,10908,2022-04-21 13:29:00,TANH
0.423,0.433101,0.423,0.433101,41513,2022-04-21 13:30:00,TANH
0.4331,0.4331,0.4277,0.4277,44434,2022-04-21 13:31:00,TANH
0.4329,0.4329,0.421,0.4327,18009,2022-04-21 13:32:00,TANH
0.432499,0.44,0.4316,0.44,209539,2022-04-21 13:33:00,TANH
0.44,0.44,0.4346,0.4351,49072,2022-04-21 13:34:00,TANH
0.439899,0.441,0.4351,0.435201,44130,2022-04-21 13:35:00,TANH
0.439499,0.45,0.439499,0.4464,167971,2022-04-21 13:36:00,TANH
0.447599,0.45,0.4452,0.4452,40349,2022-04-21 13:37:00,TANH
0.4499,0.45,0.4452,0.45,49087,2022-04-21 13:38:00,TANH
0.4499,0.45,0.4439,0.4455,13671,2022-04-21 13:39:00,TANH
0.4463,0.4463,0.442,0.4435,25353,2022-04-21 13:40:00,TANH
0.442101,0.45,0.4421,0.4499,13400,2022-04-21 13:41:00,TANH
0.444,0.45,0.444,0.45,43800,2022-04-21 13:42:00,TANH
0.45,0.4597,0.448,0.4597,54169,2022-04-21 13:43:00,TANH
0.4503,0.4597,0.4503,0.453999,7000,2022-04-21 13:44:00,TANH
0.4503,0.4597,0.4503,0.457999,29166,2022-04-21 13:45:00,TANH
0.4579,0.4579,0.4504,0.455,3100,2022-04-21 13:46:00,TANH
0.451501,0.455,0.45,0.455,18598,2022-04-21 13:47:00,TANH
0.4443,0.452899,0.4443,0.451501,25250,2022-04-21 13:48:00,TANH
0.45,0.455,0.4442,0.4512,14737,2022-04-21 13:49:00,TANH
0.454,0.458,0.4535,0.45645,61760,2022-04-21 13:50:00,TANH
0.458,0.46,0.4551,0.46,12852,2022-04-21 13:51:00,TANH
0.46,0.46,0.4561,0.4581,70782,2022-04-21 13:52:00,TANH
0.4599,0.465,0.456201,0.465,37551,2022-04-21 13:53:00,TANH
0.464899,0.47,0.464899,0.47,50059,2022-04-21 13:54:00,TANH
0.4679,0.4699,0.4611,0.4615,27405,2022-04-21 13:55:00,TANH
0.4615,0.4655,0.4611,0.4635,16843,2022-04-21 13:56:00,TANH
0.4668,0.467,0.46,0.46,54389,2022-04-21 13:57:00,TANH
0.4611,0.465,0.46,0.46,162150,2022-04-21 13:58:00,TANH
0.46,0.46,0.455,0.455201,69880,2022-04-21 13:59:00,TANH
0.4599,0.4599,0.455,0.455,10552,2022-04-21 14:00:00,TANH
0.455,0.4551,0.45,0.455,7087,2022-04-21 14:01:00,TANH
0.449,0.455,0.449,0.45255,7000,2022-04-21 14:02:00,TANH
0.455,0.4598,0.453599,0.457,5231,2022-04-21 14:03:00,TANH
0.455101,0.459999,0.455,0.4581,15481,2022-04-21 14:04:00,TANH
0.4581,0.4603,0.4521,0.4603,21103,2022-04-21 14:05:00,TANH
0.4599,0.459999,0.4521,0.458,4851,2022-04-21 14:06:00,TANH
0.456,0.456,0.456,0.456,470,2022-04-21 14:07:00,TANH
0.4575,0.46,0.4565,0.458,10300,2022-04-21 14:08:00,TANH
0.4501,0.4531,0.4501,0.4511,6223,2022-04-21 14:09:00,TANH
0.455,0.46,0.4501,0.4501,53547,2022-04-21 14:10:00,TANH
0.4543,0.455,0.45,0.4503,55600,2022-04-21 14:11:00,TANH
0.4503,0.455,0.45,0.4519,7200,2022-04-21 14:12:00,TANH
0.452,0.452,0.4501,0.4513,14000,2022-04-21 14:13:00,TANH
0.45978,0.45978,0.4501,0.4501,16069,2022-04-21 14:14:00,TANH
0.4597,0.4597,0.45495,0.45495,896,2022-04-21 14:15:00,TANH
0.451,0.452,0.451,0.451,5900,2022-04-21 14:16:00,TANH
0.4511,0.4511,0.451,0.451,10023,2022-04-21 14:17:00,TANH
0.451099,0.451099,0.4427,0.4428,48807,2022-04-21 14:18:00,TANH
0.4465,0.4503,0.4428,0.4467,26323,2022-04-21 14:19:00,TANH
0.4539,0.4539,0.4539,0.4539,1000,2022-04-21 14:21:00,TANH
0.4537,0.4578,0.45,0.4578,25867,2022-04-21 14:22:00,TANH
0.457699,0.457699,0.4501,0.450101,8600,2022-04-21 14:23:00,TANH
0.450201,0.455,0.450201,0.453,11753,2022-04-21 14:24:00,TANH
0.4501,0.456,0.4501,0.456,2217,2022-04-21 14:25:00,TANH
0.454,0.455,0.4513,0.4513,3500,2022-04-21 14:26:00,TANH
0.4501,0.456,0.4501,0.456,500,2022-04-21 14:27:00,TANH
0.453,0.453,0.45,0.45,4945,2022-04-21 14:28:00,TANH
0.4505,0.4505,0.4425,0.4425,19777,2022-04-21 14:29:00,TANH
0.446251,0.45,0.446251,0.45,8142,2022-04-21 14:30:00,TANH
0.45,0.45,0.4425,0.4425,6200,2022-04-21 14:31:00,TANH
0.4425,0.4597,0.4425,0.4597,15600,2022-04-21 14:32:00,TANH
0.449,0.4559,0.449,0.4547,2375,2022-04-21 14:33:00,TANH
0.4539,0.4547,0.4539,0.4547,300,2022-04-21 14:34:00,TANH
0.452099,0.452099,0.4501,0.4501,17100,2022-04-21 14:36:00,TANH
0.45,0.4501,0.45,0.45,54025,2022-04-21 14:37:00,TANH
0.4539,0.4539,0.4531,0.4532,1500,2022-04-21 14:38:00,TANH
0.4532,0.4532,0.4532,0.4532,500,2022-04-21 14:39:00,TANH
0.4451,0.4451,0.4451,0.4451,5000,2022-04-21 14:40:00,TANH
0.449501,0.449501,0.449501,0.449501,500,2022-04-21 14:41:00,TANH
0.45,0.45,0.4451,0.45,2800,2022-04-21 14:42:00,TANH
0.449899,0.449899,0.4451,0.4451,2600,2022-04-21 14:44:00,TANH
0.4451,0.4451,0.4451,0.4451,200,2022-04-21 14:45:00,TANH
0.4451,0.445341,0.4451,0.445341,1112,2022-04-21 14:46:00,TANH
0.446,0.4461,0.446,0.4461,27300,2022-04-21 14:47:00,TANH
0.4499,0.4499,0.4499,0.4499,11000,2022-04-21 14:48:00,TANH
0.447951,0.447951,0.447951,0.447951,500,2022-04-21 14:49:00,TANH
0.4461,0.4461,0.446,0.446,34200,2022-04-21 14:50:00,TANH
0.4461,0.4499,0.446,0.4498,6100,2022-04-21 14:51:00,TANH
0.446101,0.447701,0.446,0.447701,28050,2022-04-21 14:53:00,TANH
0.446,0.4494,0.446,0.446,62543,2022-04-21 14:54:00,TANH
0.446,0.446101,0.446,0.446,6728,2022-04-21 14:55:00,TANH
0.446,0.4461,0.446,0.446,6895,2022-04-21 14:56:00,TANH
0.446,0.446,0.44,0.44,42032,2022-04-21 14:57:00,TANH
0.4407,0.4424,0.4402,0.4402,3500,2022-04-21 14:58:00,TANH
0.440201,0.4498,0.440201,0.4489,2100,2022-04-21 14:59:00,TANH
0.444551,0.444551,0.4401,0.4401,10300,2022-04-21 15:00:00,TANH
0.4401,0.4401,0.44,0.44,400,2022-04-21 15:01:00,TANH
0.44,0.44,0.44,0.44,400,2022-04-21 15:02:00,TANH
0.448999,0.448999,0.4401,0.4463,14600,2022-04-21 15:04:00,TANH
0.4402,0.449,0.44,0.449,21100,2022-04-21 15:05:00,TANH
0.4489,0.4489,0.4401,0.448899,12685,2022-04-21 15:06:00,TANH
0.4489,0.449,0.448899,0.4489,4100,2022-04-21 15:07:00,TANH
0.4489,0.4489,0.4488,0.4488,1100,2022-04-21 15:08:00,TANH
0.445,0.4485,0.445,0.4485,11718,2022-04-21 15:09:00,TANH
0.445,0.445,0.445,0.445,200,2022-04-21 15:10:00,TANH
0.445,0.445,0.445,0.445,1000,2022-04-21 15:11:00,TANH
0.445,0.445,0.445,0.445,300,2022-04-21 15:12:00,TANH
0.445,0.445,0.4412,0.4412,4626,2022-04-21 15:14:00,TANH
0.4401,0.448299,0.44,0.448299,18000,2022-04-21 15:15:00,TANH
0.4483,0.4484,0.4442,0.4484,6060,2022-04-21 15:16:00,TANH
0.44,0.447,0.44,0.44,2100,2022-04-21 15:17:00,TANH
0.4481,0.4481,0.4451,0.4451,941,2022-04-21 15:18:00,TANH
0.4481,0.4481,0.4481,0.4481,1130,2022-04-21 15:19:00,TANH
0.446,0.446,0.446,0.446,600,2022-04-21 15:20:00,TANH
0.446,0.446,0.4433,0.4433,4540,2022-04-21 15:21:00,TANH
0.4425,0.4425,0.4425,0.4425,800,2022-04-21 15:22:00,TANH
0.4425,0.4425,0.4425,0.4425,3000,2022-04-21 15:24:00,TANH
0.4425,0.4425,0.4425,0.4425,1000,2022-04-21 15:25:00,TANH
0.4425,0.4453,0.4425,0.4453,2500,2022-04-21 15:27:00,TANH
0.4453,0.4453,0.4453,0.4453,111,2022-04-21 15:28:00,TANH
0.4481,0.4481,0.4481,0.4481,25000,2022-04-21 15:30:00,TANH
0.448,0.448,0.448,0.448,2000,2022-04-21 15:32:00,TANH
0.44625,0.4481,0.44625,0.4481,1570,2022-04-21 15:36:00,TANH
0.444501,0.444501,0.444501,0.444501,200,2022-04-21 15:37:00,TANH
0.4445,0.4445,0.4445,0.4445,800,2022-04-21 15:42:00,TANH
0.4444,0.4444,0.44,0.4425,19123,2022-04-21 15:43:00,TANH
0.4425,0.4426,0.4425,0.4426,3000,2022-04-21 15:44:00,TANH
0.4426,0.4426,0.442501,0.442501,5000,2022-04-21 15:46:00,TANH
0.4426,0.4426,0.4426,0.4426,9000,2022-04-21 15:47:00,TANH
0.4425,0.4425,0.4413,0.4413,11376,2022-04-21 15:48:00,TANH
0.44005,0.44005,0.44005,0.44005,600,2022-04-21 15:50:00,TANH
0.44,0.44,0.44,0.44,8075,2022-04-21 15:51:00,TANH
0.44,0.4401,0.44,0.4401,24361,2022-04-21 15:53:00,TANH
0.4401,0.4401,0.4401,0.4401,6113,2022-04-21 15:54:00,TANH
0.44,0.4401,0.44,0.44,10912,2022-04-21 15:55:00,TANH
0.4401,0.4401,0.4401,0.4401,1000,2022-04-21 15:56:00,TANH
0.44,0.44,0.44,0.44,25300,2022-04-21 15:57:00,TANH
0.44,0.4401,0.44,0.4401,3400,2022-04-21 15:58:00,TANH
0.44,0.44,0.44,0.44,400,2022-04-21 15:59:00,TANH
0.44,0.440015,0.44,0.44,2400,2022-04-21 16:00:00,TANH
0.4401,0.4401,0.44,0.44,2800,2022-04-21 16:01:00,TANH
0.4401,0.4401,0.44,0.44,5520,2022-04-21 16:02:00,TANH
0.44,0.44,0.435,0.435,16048,2022-04-21 16:03:00,TANH
0.4362,0.4375,0.4356,0.4362,4050,2022-04-21 16:04:00,TANH
0.4401,0.458,0.44,0.458,20240,2022-04-21 16:06:00,TANH
0.458,0.458,0.4553,0.4553,1050,2022-04-21 16:07:00,TANH
0.4499,0.4499,0.4401,0.4401,14433,2022-04-21 16:08:00,TANH
0.4423,0.449,0.4402,0.4402,3900,2022-04-21 16:09:00,TANH
0.4421,0.445,0.4402,0.4402,2500,2022-04-21 16:10:00,TANH
0.4408,0.4428,0.4408,0.4428,200,2022-04-21 16:11:00,TANH
0.4428,0.4428,0.438949,0.438949,1344,2022-04-21 16:12:00,TANH
0.439,0.439101,0.439,0.439101,1100,2022-04-21 16:14:00,TANH
0.4414,0.4428,0.4411,0.4411,3666,2022-04-21 16:17:00,TANH
0.4418,0.4423,0.439,0.44,10000,2022-04-21 16:18:00,TANH
0.4428,0.4428,0.442799,0.442799,735,2022-04-21 16:19:00,TANH
0.4409,0.4409,0.4409,0.4409,150,2022-04-21 16:20:00,TANH
0.4427,0.4427,0.4427,0.4427,350,2022-04-21 16:21:00,TANH
0.43901,0.43901,0.43901,0.43901,417,2022-04-21 16:24:00,TANH
0.4426,0.4426,0.4426,0.4426,100,2022-04-21 16:26:00,TANH
0.439,0.439,0.4385,0.4389,9858,2022-04-21 16:27:00,TANH
0.439,0.4427,0.4385,0.4427,15230,2022-04-21 16:29:00,TANH
0.4427,0.4427,0.4427,0.4427,100,2022-04-21 16:30:00,TANH
0.4427,0.4427,0.4427,0.4427,500,2022-04-21 16:31:00,TANH
0.4427,0.4427,0.4427,0.4427,10065,2022-04-21 16:32:00,TANH
0.4427,0.4427,0.4427,0.4427,15177,2022-04-21 16:33:00,TANH
0.4427,0.4427,0.4426,0.4426,11700,2022-04-21 16:34:00,TANH
0.4426,0.4426,0.4426,0.4426,1000,2022-04-21 16:36:00,TANH
0.4427,0.4499,0.4426,0.4427,12515,2022-04-21 16:37:00,TANH
0.4427,0.4427,0.4427,0.4427,3200,2022-04-21 16:38:00,TANH
0.4427,0.4427,0.4427,0.4427,400,2022-04-21 16:39:00,TANH
0.4426,0.4426,0.4426,0.4426,8800,2022-04-21 16:40:00,TANH
0.4402,0.4402,0.4401,0.4401,2050,2022-04-21 16:41:00,TANH
0.440001,0.4401,0.440001,0.4401,5400,2022-04-21 16:44:00,TANH
0.4401,0.4401,0.4401,0.4401,2515,2022-04-21 16:45:00,TANH
0.44,0.4401,0.44,0.44,2415,2022-04-21 16:46:00,TANH
0.4401,0.4496,0.4401,0.4496,5000,2022-04-21 16:51:00,TANH
0.4401,0.449499,0.4401,0.449499,500,2022-04-21 16:52:00,TANH
0.4481,0.4481,0.440101,0.440101,1300,2022-04-21 16:55:00,TANH
0.4488,0.4488,0.4488,0.4488,100,2022-04-21 16:56:00,TANH
0.4451,0.4451,0.4451,0.4451,1465,2022-04-21 16:57:00,TANH
0.4489,0.4489,0.4489,0.4489,500,2022-04-21 16:58:00,TANH
0.4451,0.4451,0.4451,0.4451,200,2022-04-21 16:59:00,TANH
0.4469,0.4469,0.4469,0.4469,500,2022-04-21 17:00:00,TANH
0.4469,0.4469,0.4469,0.4469,116,2022-04-21 17:01:00,TANH
0.4489,0.4489,0.4489,0.4489,500,2022-04-21 17:02:00,TANH
0.4451,0.4451,0.4451,0.4451,4000,2022-04-21 17:04:00,TANH
0.4481,0.4489,0.4481,0.4489,5105,2022-04-21 17:07:00,TANH
0.4489,0.4489,0.4488,0.4488,7499,2022-04-21 17:08:00,TANH
0.445,0.448,0.445,0.445,5744,2022-04-21 17:11:00,TANH
0.4479,0.448,0.4479,0.448,3200,2022-04-21 17:12:00,TANH
0.448,0.448,0.448,0.448,200,2022-04-21 17:13:00,TANH
0.447899,0.448,0.44,0.448,1500,2022-04-21 17:14:00,TANH
0.4469,0.4469,0.4469,0.4469,200,2022-04-21 17:15:00,TANH
0.443999,0.443999,0.443999,0.443999,200,2022-04-21 17:16:00,TANH
0.447999,0.447999,0.447999,0.447999,250,2022-04-21 17:18:00,TANH
0.448,0.4488,0.4479,0.4488,15900,2022-04-21 17:24:00,TANH
0.448,0.448,0.448,0.448,100,2022-04-21 17:25:00,TANH
0.440101,0.4488,0.440101,0.4488,5099,2022-04-21 17:27:00,TANH
0.445,0.445,0.445,0.445,600,2022-04-21 17:28:00,TANH
0.448699,0.448699,0.448699,0.448699,2000,2022-04-21 17:29:00,TANH
0.4487,0.4487,0.4487,0.4487,5000,2022-04-21 17:31:00,TANH
0.445,0.4455,0.445,0.4455,400,2022-04-21 17:32:00,TANH
0.4449,0.4449,0.4449,0.4449,4999,2022-04-21 17:33:00,TANH
0.4449,0.4449,0.4449,0.4449,2000,2022-04-21 17:34:00,TANH
0.4437,0.4437,0.4437,0.4437,100,2022-04-21 17:37:00,TANH
0.4435,0.4435,0.4427,0.4427,200,2022-04-21 17:38:00,TANH
0.4403,0.4403,0.44,0.4403,12899,2022-04-21 17:43:00,TANH
0.444799,0.444799,0.444799,0.444799,100,2022-04-21 17:44:00,TANH
0.4403,0.4414,0.4403,0.4414,13765,2022-04-21 17:47:00,TANH
0.4403,0.4403,0.44,0.44,3300,2022-04-21 17:49:00,TANH
0.4375,0.438,0.4351,0.4377,17574,2022-04-21 17:50:00,TANH
0.4351,0.4403,0.4351,0.4403,5100,2022-04-21 17:52:00,TANH
0.4377,0.4377,0.4377,0.4377,200,2022-04-21 17:53:00,TANH
0.437701,0.437701,0.437701,0.437701,1844,2022-04-21 17:55:00,TANH
0.4403,0.4403,0.436,0.436,1400,2022-04-21 17:56:00,TANH
0.438,0.4406,0.4368,0.4406,3700,2022-04-21 17:57:00,TANH
0.442,0.4423,0.442,0.4423,4000,2022-04-21 17:58:00,TANH
0.4368,0.4368,0.4368,0.4368,810,2022-04-21 18:00:00,TANH
0.4449,0.4449,0.4449,0.4449,100,2022-04-21 18:05:00,TANH
0.4449,0.455,0.438,0.442,21462,2022-04-21 18:06:00,TANH
0.4399,0.4399,0.4385,0.4389,6600,2022-04-21 18:07:00,TANH
0.4389,0.4389,0.4389,0.4389,6000,2022-04-21 18:08:00,TANH
0.437601,0.44,0.437601,0.44,2400,2022-04-21 18:09:00,TANH
0.444,0.445,0.444,0.444,4529,2022-04-21 18:11:00,TANH
0.45,0.45,0.44,0.44,10636,2022-04-21 18:12:00,TANH
0.44,0.44,0.44,0.44,300,2022-04-21 18:13:00,TANH
0.444,0.444,0.444,0.444,200,2022-04-21 18:14:00,TANH
0.444,0.4462,0.444,0.4462,1385,2022-04-21 18:16:00,TANH
0.4462,0.4462,0.4462,0.4462,200,2022-04-21 18:17:00,TANH
0.442,0.446,0.442,0.4421,504,2022-04-21 18:19:00,TANH
0.445,0.45,0.445,0.45,6300,2022-04-21 18:20:00,TANH
0.447,0.447,0.4415,0.4415,5000,2022-04-21 18:21:00,TANH
0.4401,0.4401,0.44001,0.44001,200,2022-04-21 18:22:00,TANH
0.44,0.4401,0.44,0.4401,10248,2022-04-21 18:23:00,TANH
0.44,0.44,0.4375,0.4381,16480,2022-04-21 18:29:00,TANH
0.4433,0.4433,0.4433,0.4433,162,2022-04-21 18:30:00,TANH
0.4375,0.4375,0.4375,0.4375,630,2022-04-21 18:31:00,TANH
0.4488,0.4488,0.4488,0.4488,100,2022-04-21 18:32:00,TANH
0.438,0.438,0.438,0.438,200,2022-04-21 18:34:00,TANH
0.438,0.4382,0.438,0.438,1575,2022-04-21 18:35:00,TANH
0.4382,0.4382,0.4382,0.4382,200,2022-04-21 18:36:00,TANH
0.4382,0.4382,0.438,0.438,12855,2022-04-21 18:37:00,TANH
0.44,0.44165,0.4383,0.4383,1219,2022-04-21 18:38:00,TANH
0.43801,0.43801,0.438,0.438,8556,2022-04-21 18:39:00,TANH
0.438,0.438,0.438,0.438,100,2022-04-21 18:40:00,TANH
0.438,0.438,0.438,0.438,200,2022-04-21 18:41:00,TANH
0.438,0.4415,0.438,0.438,415,2022-04-21 18:42:00,TANH
0.4368,0.4369,0.4368,0.4368,4461,2022-04-21 18:43:00,TANH
0.4449,0.4449,0.44,0.44,300,2022-04-21 18:44:00,TANH
0.44,0.44,0.4368,0.4368,200,2022-04-21 18:45:00,TANH
0.4368,0.445,0.4368,0.4368,2200,2022-04-21 18:46:00,TANH
0.4368,0.4368,0.4368,0.4368,200,2022-04-21 18:47:00,TANH
0.4368,0.4369,0.4368,0.4368,900,2022-04-21 18:48:00,TANH
0.4368,0.4368,0.4351,0.4351,2308,2022-04-21 18:49:00,TANH
0.4351,0.4351,0.4351,0.4351,100,2022-04-21 18:50:00,TANH
0.4351,0.4352,0.4351,0.4351,8690,2022-04-21 18:51:00,TANH
0.4351,0.4351,0.435,0.4351,500,2022-04-21 18:52:00,TANH
0.4351,0.4351,0.4351,0.4351,2500,2022-04-21 18:54:00,TANH
0.4351,0.4351,0.4351,0.4351,3467,2022-04-21 18:55:00,TANH
0.4351,0.436,0.4295,0.4299,50996,2022-04-21 18:56:00,TANH
0.427,0.43,0.4251,0.43,84825,2022-04-21 18:57:00,TANH
0.43,0.43,0.43,0.43,700,2022-04-21 18:58:00,TANH
0.43,0.43,0.43,0.43,12800,2022-04-21 18:59:00,TANH
0.4299,0.43,0.4299,0.43,16154,2022-04-21 19:00:00,TANH
0.4299,0.43,0.4299,0.43,1712,2022-04-21 19:01:00,TANH
0.4299,0.4299,0.426,0.4272,27050,2022-04-21 19:03:00,TANH
0.4271,0.4272,0.4251,0.4251,10577,2022-04-21 19:04:00,TANH
0.4261,0.43,0.426,0.429,6700,2022-04-21 19:05:00,TANH
0.4281,0.4281,0.428,0.428,2252,2022-04-21 19:06:00,TANH
0.43,0.43,0.43,0.43,4000,2022-04-21 19:07:00,TANH
0.43,0.43,0.43,0.43,300,2022-04-21 19:08:00,TANH
0.428,0.428001,0.426,0.426,25230,2022-04-21 19:09:00,TANH
0.426,0.426,0.4251,0.4251,9821,2022-04-21 19:10:00,TANH
0.426,0.429999,0.426,0.429999,350,2022-04-21 19:11:00,TANH
0.428,0.428,0.426,0.426,4338,2022-04-21 19:12:00,TANH
0.426,0.4261,0.426,0.426,1300,2022-04-21 19:13:00,TANH
0.4261,0.4261,0.4261,0.4261,200,2022-04-21 19:15:00,TANH
0.426201,0.426201,0.426201,0.426201,250,2022-04-21 19:16:00,TANH
0.429799,0.429799,0.429799,0.429799,223,2022-04-21 19:17:00,TANH
0.4298,0.4298,0.4298,0.4298,1000,2022-04-21 19:18:00,TANH
0.4289,0.4289,0.4289,0.4289,532,2022-04-21 19:20:00,TANH
0.428,0.428,0.426,0.4262,5734,2022-04-21 19:22:00,TANH
0.42795,0.429799,0.4251,0.4251,17650,2022-04-21 19:24:00,TANH
0.4299,0.4299,0.4299,0.4299,400,2022-04-21 19:29:00,TANH
0.429799,0.429799,0.429799,0.429799,5000,2022-04-21 19:30:00,TANH
0.4298,0.4298,0.4298,0.4298,840,2022-04-21 19:31:00,TANH
0.4299,0.4299,0.4299,0.4299,1700,2022-04-21 19:33:00,TANH
0.4299,0.4299,0.4299,0.4299,9400,2022-04-21 19:34:00,TANH
0.4299,0.4299,0.4299,0.4299,3400,2022-04-21 19:35:00,TANH
0.4298,0.4299,0.4298,0.4299,5600,2022-04-21 19:36:00,TANH
0.4299,0.4299,0.4298,0.4298,5000,2022-04-21 19:37:00,TANH
0.4298,0.4299,0.4298,0.4298,8300,2022-04-21 19:38:00,TANH
0.4298,0.4299,0.4298,0.429898,7100,2022-04-21 19:39:00,TANH
0.4299,0.4299,0.4298,0.4298,4196,2022-04-21 19:40:00,TANH
0.4298,0.4299,0.4298,0.4299,1100,2022-04-21 19:41:00,TANH
0.4298,0.4298,0.4262,0.4262,1100,2022-04-21 19:42:00,TANH
0.4297,0.4299,0.4297,0.4299,400,2022-04-21 19:43:00,TANH
0.4298,0.43,0.4298,0.43,3300,2022-04-21 19:44:00,TANH
0.43,0.43,0.4297,0.4297,1658,2022-04-21 19:45:00,TANH
0.4275,0.4275,0.4265,0.4275,1300,2022-04-21 19:46:00,TANH
0.4298,0.43,0.427201,0.4279,26023,2022-04-21 19:47:00,TANH
0.4279,0.4279,0.4271,0.4271,1500,2022-04-21 19:48:00,TANH
0.4279,0.4279,0.4279,0.4279,200,2022-04-21 19:49:00,TANH
0.4262,0.4279,0.4259,0.426,18136,2022-04-21 19:50:00,TANH
0.426,0.426,0.426,0.426,6500,2022-04-21 19:51:00,TANH
0.426,0.426,0.4259,0.426,8650,2022-04-21 19:52:00,TANH
0.426,0.43,0.426,0.429,5562,2022-04-21 19:53:00,TANH
0.429,0.429,0.4281,0.4281,1003,2022-04-21 19:54:00,TANH
0.4297,0.4297,0.429,0.429,314,2022-04-21 19:55:00,TANH
0.4298,0.4298,0.42801,0.4297,5879,2022-04-21 19:57:00,TANH
0.42895,0.4296,0.428,0.4296,3200,2022-04-21 19:58:00,TANH
0.429,0.429,0.426,0.426,15425,2022-04-21 19:59:00,TANH
0.426,0.426,0.426,0.426,3323,2022-04-21 20:00:00,TANH
0.4251,0.4251,0.4235,0.4235,4438,2022-04-21 20:07:00,TANH
0.43,0.43,0.43,0.43,100,2022-04-21 20:08:00,TANH
0.43,0.43,0.43,0.43,100,2022-04-21 20:11:00,TANH
0.43,0.43,0.43,0.43,1000,2022-04-21 20:14:00,TANH
0.43,0.43,0.43,0.43,100,2022-04-21 20:22:00,TANH
0.424,0.424,0.424,0.424,100,2022-04-21 20:23:00,TANH
0.43,0.43,0.43,0.43,150,2022-04-21 20:25:00,TANH
0.43,0.43,0.43,0.43,6000,2022-04-21 20:37:00,TANH
0.43,0.43,0.43,0.43,4000,2022-04-21 20:52:00,TANH
0.4235,0.4235,0.4235,0.4235,112,2022-04-21 21:28:00,TANH
0.425,0.425,0.425,0.425,1300,2022-04-21 21:53:00,TANH
0.426,0.426,0.426,0.426,1000,2022-04-21 21:56:00,TANH
0.43,0.43,0.43,0.43,15900,2022-04-21 21:59:00,TANH
0.428,0.428,0.428,0.428,1000,2022-04-21 23:01:00,TANH
0.428,0.428,0.428,0.428,100,2022-04-21 23:05:00,TANH
0.428,0.428,0.428,0.428,10000,2022-04-21 23:12:00,TANH
0.428,0.428,0.428,0.428,10000,2022-04-21 23:13:00,TANH
0.428,0.428,0.428,0.428,1000,2022-04-21 23:22:00,TANH
0.428,0.428,0.428,0.428,124,2022-04-21 23:23:00,TANH
0.43,0.43,0.43,0.43,449,2022-04-21 23:27:00,TANH
0.426,0.426,0.426,0.426,1100,2022-04-21 23:37:00,TANH
0.426,0.426,0.425,0.425,1431,2022-04-21 23:43:00,TANH
0.428,0.428,0.428,0.428,1256,2022-04-21 23:53:00,TANH
0.428,0.428,0.424,0.424,3801,2022-04-21 23:59:00,TANH
0.4572,0.4572,0.4572,0.4572,396,2022-04-22 08:11:00,TANH
0.4278,0.4278,0.4278,0.4278,200,2022-04-22 09:22:00,TANH
0.4278,0.4278,0.4278,0.4278,600,2022-04-22 09:39:00,TANH
0.4272,0.4272,0.425,0.425,900,2022-04-22 09:41:00,TANH
0.4399,0.44,0.4399,0.44,356,2022-04-22 12:02:00,TANH
0.43,0.43,0.43,0.43,500,2022-04-22 12:31:00,TANH
0.43,0.43,0.43,0.43,100,2022-04-22 12:42:00,TANH
0.4243,0.4243,0.4243,0.4243,1250,2022-04-22 12:45:00,TANH
0.4243,0.4243,0.424,0.424,5725,2022-04-22 12:52:00,TANH
0.424,0.424,0.4235,0.4235,2907,2022-04-22 13:15:00,TANH
0.44,0.44,0.44,0.44,5000,2022-04-22 13:22:00,TANH
0.4385,0.4385,0.4385,0.4385,440,2022-04-22 13:24:00,TANH
0.44,0.44,0.44,0.44,120,2022-04-22 13:26:00,TANH
0.426,0.43,0.426,0.43,4463,2022-04-22 13:30:00,TANH
0.43,0.43,0.426,0.426,2087,2022-04-22 13:31:00,TANH
0.426,0.4299,0.4251,0.4299,8147,2022-04-22 13:32:00,TANH
0.4252,0.4299,0.4252,0.4299,6300,2022-04-22 13:33:00,TANH
0.4299,0.4299,0.4261,0.4261,19500,2022-04-22 13:34:00,TANH
0.4251,0.429799,0.425,0.425,18100,2022-04-22 13:35:00,TANH
0.4252,0.4252,0.4252,0.4252,1620,2022-04-22 13:36:00,TANH
0.429,0.429,0.427,0.427,3112,2022-04-22 13:40:00,TANH
0.4269,0.4269,0.426001,0.426001,1200,2022-04-22 13:41:00,TANH
0.427,0.427,0.426,0.427,15325,2022-04-22 13:42:00,TANH
0.427,0.427,0.425,0.4264,18530,2022-04-22 13:43:00,TANH
0.4265,0.4265,0.426,0.426,3715,2022-04-22 13:44:00,TANH
0.4265,0.4269,0.4265,0.4269,3000,2022-04-22 13:46:00,TANH
0.4269,0.427,0.426501,0.427,5748,2022-04-22 13:47:00,TANH
0.427,0.427,0.427,0.427,2341,2022-04-22 13:48:00,TANH
0.426899,0.427,0.426899,0.427,5700,2022-04-22 13:50:00,TANH
0.4261,0.4299,0.425,0.425,5762,2022-04-22 13:51:00,TANH
0.426,0.4261,0.426,0.426,2555,2022-04-22 13:53:00,TANH
0.426,0.4261,0.426,0.426,1878,2022-04-22 13:54:00,TANH
0.4261,0.4261,0.4261,0.4261,400,2022-04-22 13:55:00,TANH
0.426,0.426,0.4235,0.42351,13888,2022-04-22 13:56:00,TANH
0.4235,0.4239,0.4205,0.420601,16969,2022-04-22 13:57:00,TANH
0.4208,0.424,0.4208,0.424,4010,2022-04-22 13:58:00,TANH
0.420501,0.424,0.420501,0.4223,5699,2022-04-22 13:59:00,TANH
0.4239,0.4239,0.4206,0.4206,18552,2022-04-22 14:00:00,TANH
0.4207,0.422,0.4207,0.422,1033,2022-04-22 14:01:00,TANH
0.423,0.423,0.422,0.423,1702,2022-04-22 14:02:00,TANH
0.424,0.424,0.424,0.424,100,2022-04-22 14:04:00,TANH
0.4234,0.4234,0.4234,0.4234,201,2022-04-22 14:05:00,TANH
0.424,0.424,0.424,0.424,400,2022-04-22 14:06:00,TANH
0.423,0.43,0.422,0.426,68210,2022-04-22 14:07:00,TANH
0.428,0.4299,0.426,0.428,1658,2022-04-22 14:09:00,TANH
0.426,0.4294,0.426,0.426,2931,2022-04-22 14:11:00,TANH
0.427949,0.427949,0.427949,0.427949,500,2022-04-22 14:13:00,TANH
0.4279,0.4279,0.4279,0.4279,124,2022-04-22 14:14:00,TANH
0.4279,0.4279,0.427799,0.427799,1500,2022-04-22 14:16:00,TANH
0.426,0.426,0.426,0.426,575,2022-04-22 14:17:00,TANH
0.426,0.426,0.424,0.424,2437,2022-04-22 14:18:00,TANH
0.426,0.426,0.425,0.426,1388,2022-04-22 14:20:00,TANH
0.426,0.426,0.426,0.426,992,2022-04-22 14:21:00,TANH
0.425,0.425,0.4249,0.4249,11612,2022-04-22 14:22:00,TANH
0.425,0.425,0.4249,0.4249,13288,2022-04-22 14:23:00,TANH
0.4241,0.4241,0.4241,0.4241,400,2022-04-22 14:26:00,TANH
0.429256,0.429256,0.429256,0.429256,371,2022-04-22 14:27:00,TANH
0.425,0.425,0.425,0.425,533,2022-04-22 14:28:00,TANH
0.4259,0.4299,0.4259,0.4299,5200,2022-04-22 14:31:00,TANH
0.4299,0.4299,0.4299,0.4299,150,2022-04-22 14:33:00,TANH
0.4299,0.43,0.4299,0.43,121063,2022-04-22 14:34:00,TANH
0.433501,0.436899,0.43,0.4325,6700,2022-04-22 14:35:00,TANH
0.432501,0.432501,0.4301,0.4301,750,2022-04-22 14:37:00,TANH
0.43,0.43,0.426,0.426,6629,2022-04-22 14:40:00,TANH
0.426,0.426,0.426,0.426,190,2022-04-22 14:45:00,TANH
0.4298,0.42986,0.4298,0.4298,5979,2022-04-22 14:46:00,TANH
0.4279,0.4279,0.426,0.426,374,2022-04-22 14:50:00,TANH
0.426071,0.426071,0.426071,0.426071,3852,2022-04-22 14:51:00,TANH
0.426,0.4261,0.426,0.4261,7500,2022-04-22 14:52:00,TANH
0.426,0.426,0.426,0.426,865,2022-04-22 14:53:00,TANH
0.426899,0.426899,0.426,0.426,3500,2022-04-22 14:54:00,TANH
0.427,0.427,0.427,0.427,100,2022-04-22 14:55:00,TANH
0.4262,0.4263,0.4262,0.4263,4090,2022-04-22 14:56:00,TANH
0.4262,0.4262,0.4262,0.4262,5908,2022-04-22 14:57:00,TANH
0.4263,0.4263,0.4263,0.4263,100,2022-04-22 14:59:00,TANH
0.4262,0.4262,0.4222,0.426,127288,2022-04-22 15:01:00,TANH
0.426,0.426,0.426,0.426,400,2022-04-22 15:02:00,TANH
0.4246,0.4246,0.4225,0.4225,5100,2022-04-22 15:03:00,TANH
0.429949,0.429949,0.429949,0.429949,250,2022-04-22 15:04:00,TANH
0.426,0.426,0.4226,0.4226,400,2022-04-22 15:05:00,TANH
0.426,0.429,0.426,0.4289,210798,2022-04-22 15:08:00,TANH
0.4289,0.4289,0.4231,0.4288,4100,2022-04-22 15:09:00,TANH
0.428,0.4349,0.428,0.4349,33184,2022-04-22 15:10:00,TANH
0.433301,0.4349,0.433301,0.4349,2684,2022-04-22 15:12:00,TANH
0.4349,0.4349,0.4349,0.4349,3300,2022-04-22 15:13:00,TANH
0.4332,0.4332,0.43,0.43,29481,2022-04-22 15:15:00,TANH
0.4301,0.4301,0.4301,0.4301,15000,2022-04-22 15:21:00,TANH
0.4301,0.4301,0.4261,0.4261,101949,2022-04-22 15:22:00,TANH
0.4261,0.429999,0.4261,0.429101,10322,2022-04-22 15:23:00,TANH
0.4291,0.4349,0.4291,0.4325,15694,2022-04-22 15:24:00,TANH
0.4347,0.4367,0.4347,0.4348,20816,2022-04-22 15:25:00,TANH
0.430101,0.430101,0.430101,0.430101,2119,2022-04-22 15:27:00,TANH
0.4307,0.4374,0.4307,0.4307,67435,2022-04-22 15:29:00,TANH
0.4307,0.437399,0.430101,0.437399,2750,2022-04-22 15:30:00,TANH
0.4372,0.4372,0.4372,0.4372,999,2022-04-22 15:33:00,TANH
0.437299,0.437299,0.43,0.43,2694,2022-04-22 15:34:00,TANH
0.4374,0.4374,0.43,0.43,2400,2022-04-22 15:35:00,TANH
0.4372,0.4372,0.4371,0.4371,10290,2022-04-22 15:36:00,TANH
0.43,0.4372,0.43,0.4372,21193,2022-04-22 15:37:00,TANH
0.4311,0.4311,0.4311,0.4311,1200,2022-04-22 15:38:00,TANH
0.43,0.43,0.43,0.43,14633,2022-04-22 15:39:00,TANH
0.4305,0.4305,0.4305,0.4305,4250,2022-04-22 15:40:00,TANH
0.430201,0.430201,0.430201,0.430201,7785,2022-04-22 15:41:00,TANH
0.430301,0.430301,0.430301,0.430301,849,2022-04-22 15:43:00,TANH
0.434,0.434,0.434,0.434,640,2022-04-22 15:44:00,TANH
0.434,0.434,0.430301,0.430301,9350,2022-04-22 15:48:00,TANH
0.434,0.434,0.434,0.434,200,2022-04-22 15:50:00,TANH
0.431899,0.431899,0.431899,0.431899,4000,2022-04-22 15:51:00,TANH
0.432,0.432,0.432,0.432,486,2022-04-22 15:52:00,TANH
0.432,0.432,0.4319,0.432,5178,2022-04-22 15:53:00,TANH
0.432,0.432,0.43199,0.43199,300,2022-04-22 15:54:00,TANH
0.432,0.437,0.432,0.437,2978,2022-04-22 15:55:00,TANH
0.4365,0.4366,0.4365,0.4366,5100,2022-04-22 15:56:00,TANH
0.43395,0.43395,0.432,0.432,4100,2022-04-22 15:58:00,TANH
0.4358,0.4358,0.4358,0.4358,100,2022-04-22 16:00:00,TANH
0.4339,0.4339,0.4339,0.4339,2500,2022-04-22 16:07:00,TANH
0.4339,0.4339,0.43,0.43,16500,2022-04-22 16:10:00,TANH
0.43,0.43,0.43,0.43,534,2022-04-22 16:12:00,TANH
0.43,0.4339,0.43,0.4339,9328,2022-04-22 16:13:00,TANH
0.4337,0.4337,0.4337,0.4337,439,2022-04-22 16:16:00,TANH
0.4338,0.4338,0.4338,0.4338,100,2022-04-22 16:17:00,TANH
0.433,0.433,0.433,0.433,1000,2022-04-22 16:19:00,TANH
0.4318,0.4318,0.4318,0.4318,100,2022-04-22 16:20:00,TANH
0.4318,0.4318,0.4318,0.4318,600,2022-04-22 16:21:00,TANH
0.4318,0.4318,0.4318,0.4318,600,2022-04-22 16:22:00,TANH
0.4317,0.4317,0.4317,0.4317,459,2022-04-22 16:24:00,TANH
0.43,0.4318,0.43,0.4318,7200,2022-04-22 16:25:00,TANH
0.43,0.43,0.43,0.43,32029,2022-04-22 16:28:00,TANH
0.430001,0.430001,0.430001,0.430001,5000,2022-04-22 16:30:00,TANH
0.43,0.4318,0.43,0.4318,22910,2022-04-22 16:32:00,TANH
0.43,0.4309,0.43,0.43,33406,2022-04-22 16:33:00,TANH
0.43,0.4317,0.43,0.4317,400,2022-04-22 16:34:00,TANH
0.4315,0.4317,0.426601,0.4317,21357,2022-04-22 16:35:00,TANH
0.4291,0.4291,0.4291,0.4291,7500,2022-04-22 16:37:00,TANH
0.4318,0.4318,0.4297,0.4297,1788,2022-04-22 16:40:00,TANH
0.4317,0.4317,0.430001,0.430001,5113,2022-04-22 16:43:00,TANH
0.43,0.43,0.43,0.43,15000,2022-04-22 16:44:00,TANH
0.43,0.4318,0.43,0.4318,40128,2022-04-22 16:46:00,TANH
0.4309,0.4309,0.4309,0.4309,14400,2022-04-22 16:47:00,TANH
0.43,0.43,0.43,0.43,14610,2022-04-22 16:48:00,TANH
0.43,0.4318,0.43,0.4301,24630,2022-04-22 16:51:00,TANH
0.43,0.43,0.43,0.43,30032,2022-04-22 16:52:00,TANH
0.428501,0.43,0.428501,0.43,8270,2022-04-22 16:53:00,TANH
0.427101,0.427101,0.427101,0.427101,148,2022-04-22 16:54:00,TANH
0.428501,0.428501,0.428501,0.428501,100,2022-04-22 16:55:00,TANH
0.427,0.427,0.427,0.427,112,2022-04-22 16:59:00,TANH
0.427,0.427,0.427,0.427,2308,2022-04-22 17:00:00,TANH
0.43,0.43,0.43,0.43,400,2022-04-22 17:06:00,TANH
0.4285,0.4298,0.4285,0.4298,4250,2022-04-22 17:07:00,TANH
0.4299,0.4299,0.4299,0.4299,100,2022-04-22 17:08:00,TANH
0.4298,0.4298,0.4298,0.4298,300,2022-04-22 17:09:00,TANH
0.4298,0.4298,0.4298,0.4298,200,2022-04-22 17:10:00,TANH
0.4285,0.42856,0.4285,0.42856,2350,2022-04-22 17:12:00,TANH
0.4285,0.4297,0.4285,0.4297,5200,2022-04-22 17:13:00,TANH
0.4285,0.4285,0.427,0.427,7567,2022-04-22 17:14:00,TANH
0.427,0.4285,0.427,0.428,49362,2022-04-22 17:15:00,TANH
0.4279,0.4279,0.427001,0.427001,15050,2022-04-22 17:16:00,TANH
0.4299,0.43,0.4299,0.43,11487,2022-04-22 17:17:00,TANH
0.43,0.43,0.43,0.43,5000,2022-04-22 17:18:00,TANH
0.42701,0.42701,0.42701,0.42701,127,2022-04-22 17:23:00,TANH
0.43,0.43,0.43,0.43,100,2022-04-22 17:27:00,TANH
0.43,0.43,0.43,0.43,132,2022-04-22 17:30:00,TANH
0.43,0.43,0.43,0.43,1000,2022-04-22 17:31:00,TANH
0.4299,0.4299,0.4299,0.4299,500,2022-04-22 17:32:00,TANH
0.427,0.427,0.427,0.427,10152,2022-04-22 17:33:00,TANH
0.427,0.427,0.426,0.427,1825,2022-04-22 17:34:00,TANH
0.4268,0.4268,0.425,0.425,5100,2022-04-22 17:35:00,TANH
0.4265,0.427,0.424,0.427,2768,2022-04-22 17:36:00,TANH
0.427,0.427,0.427,0.427,100,2022-04-22 17:38:00,TANH
0.427,0.4309,0.427,0.4309,16300,2022-04-22 17:41:00,TANH
0.4301,0.4301,0.4301,0.4301,730,2022-04-22 17:45:00,TANH
0.4316,0.4317,0.4316,0.4317,200,2022-04-22 17:46:00,TANH
0.4318,0.4318,0.4318,0.4318,700,2022-04-22 17:47:00,TANH
0.4316,0.4316,0.4309,0.4309,5200,2022-04-22 17:50:00,TANH
0.43,0.4309,0.427,0.427,15864,2022-04-22 17:51:00,TANH
0.427,0.4382,0.427,0.4382,101431,2022-04-22 17:54:00,TANH
0.4393,0.4393,0.432,0.4329,5885,2022-04-22 17:55:00,TANH
0.432,0.4345,0.432,0.4345,1750,2022-04-22 17:56:00,TANH
0.429,0.431,0.429,0.431,2300,2022-04-22 17:57:00,TANH
0.432,0.438,0.431,0.4378,102749,2022-04-22 17:58:00,TANH
0.432,0.436,0.432,0.436,1200,2022-04-22 17:59:00,TANH
0.4359,0.4359,0.4359,0.4359,1000,2022-04-22 18:00:00,TANH
0.4342,0.4369,0.4342,0.4369,2258,2022-04-22 18:01:00,TANH
0.4369,0.4369,0.434,0.434,800,2022-04-22 18:02:00,TANH
0.435,0.435,0.434,0.434,2700,2022-04-22 18:03:00,TANH
0.432,0.432,0.432,0.432,200,2022-04-22 18:04:00,TANH
0.4305,0.4325,0.43,0.43,22569,2022-04-22 18:05:00,TANH
0.4359,0.437,0.4359,0.437,550,2022-04-22 18:06:00,TANH
0.4348,0.4348,0.4347,0.4348,1800,2022-04-22 18:07:00,TANH
0.4348,0.4348,0.432803,0.432803,2100,2022-04-22 18:08:00,TANH
0.433,0.435,0.433,0.435,6037,2022-04-22 18:10:00,TANH
0.435101,0.4366,0.435101,0.4366,1200,2022-04-22 18:13:00,TANH
0.4366,0.4367,0.4366,0.4367,7395,2022-04-22 18:14:00,TANH
0.4367,0.4371,0.4367,0.4371,5798,2022-04-22 18:15:00,TANH
0.437,0.437,0.437,0.437,100,2022-04-22 18:16:00,TANH
0.436,0.438,0.436,0.438,3900,2022-04-22 18:18:00,TANH
0.438,0.438,0.438,0.438,3575,2022-04-22 18:19:00,TANH
0.438,0.438,0.438,0.438,2604,2022-04-22 18:20:00,TANH
0.4379,0.438,0.4379,0.438,5225,2022-04-22 18:21:00,TANH
0.438,0.4458,0.438,0.4458,4503,2022-04-22 18:22:00,TANH
0.448,0.4482,0.448,0.4482,7767,2022-04-22 18:24:00,TANH
0.4481,0.4481,0.4481,0.4481,19345,2022-04-22 18:25:00,TANH
0.443,0.4499,0.443,0.4464,4825,2022-04-22 18:26:00,TANH
0.4464,0.449,0.4464,0.449,1944,2022-04-22 18:28:00,TANH
0.449,0.449799,0.4401,0.4401,3273,2022-04-22 18:29:00,TANH
0.449,0.449,0.4401,0.4401,1300,2022-04-22 18:30:00,TANH
0.4401,0.4489,0.4401,0.4401,800,2022-04-22 18:31:00,TANH
0.4402,0.4469,0.4402,0.4469,1600,2022-04-22 18:33:00,TANH
0.4466,0.4466,0.4466,0.4466,1000,2022-04-22 18:35:00,TANH
0.4435,0.4435,0.4435,0.4435,4500,2022-04-22 18:37:00,TANH
0.4435,0.4435,0.4435,0.4435,239,2022-04-22 18:40:00,TANH
0.4434,0.4434,0.4434,0.4434,963,2022-04-22 18:43:00,TANH
0.441,0.4435,0.4403,0.4409,16636,2022-04-22 18:44:00,TANH
0.4403,0.4403,0.4403,0.4403,110,2022-04-22 18:45:00,TANH
0.4435,0.4435,0.4435,0.4435,150,2022-04-22 18:48:00,TANH
0.4404,0.4404,0.4404,0.4404,150,2022-04-22 18:50:00,TANH
0.44455,0.44455,0.44455,0.44455,3020,2022-04-22 18:51:00,TANH
0.4424,0.4424,0.4424,0.4424,14200,2022-04-22 18:52:00,TANH
0.4424,0.4424,0.4305,0.439799,28054,2022-04-22 18:53:00,TANH
0.435199,0.4401,0.435199,0.4401,2100,2022-04-22 18:54:00,TANH
0.44,0.44,0.44,0.44,244,2022-04-22 18:55:00,TANH
0.4321,0.4321,0.4321,0.4321,212,2022-04-22 18:56:00,TANH
0.4325,0.447,0.4325,0.446,5899,2022-04-22 18:57:00,TANH
0.44,0.447,0.438,0.438,5765,2022-04-22 19:00:00,TANH
0.44,0.4401,0.44,0.4401,11046,2022-04-22 19:02:00,TANH
0.4469,0.4469,0.4469,0.4469,155,2022-04-22 19:04:00,TANH
0.4425,0.4425,0.4425,0.4425,500,2022-04-22 19:15:00,TANH
0.4425,0.4425,0.4425,0.4425,352,2022-04-22 19:16:00,TANH
0.444,0.444,0.444,0.444,403,2022-04-22 19:18:00,TANH
0.4437,0.4446,0.4425,0.4446,8153,2022-04-22 19:19:00,TANH
0.446699,0.446699,0.4463,0.4463,5600,2022-04-22 19:20:00,TANH
0.4462,0.4462,0.4462,0.4462,4000,2022-04-22 19:21:00,TANH
0.4425,0.4425,0.4425,0.4425,1100,2022-04-22 19:22:00,TANH
0.4449,0.4449,0.4449,0.4449,200,2022-04-22 19:24:00,TANH
0.442601,0.442601,0.442601,0.442601,300,2022-04-22 19:25:00,TANH
0.4446,0.4447,0.4446,0.4447,1000,2022-04-22 19:28:00,TANH
0.4421,0.4435,0.4421,0.4435,710,2022-04-22 19:35:00,TANH
0.442,0.442,0.442,0.442,800,2022-04-22 19:38:00,TANH
0.4405,0.4405,0.4405,0.4405,100,2022-04-22 19:41:00,TANH
0.4445,0.4445,0.4445,0.4445,1000,2022-04-22 19:42:00,TANH
0.444,0.444,0.4404,0.443899,14337,2022-04-22 19:43:00,TANH
0.444,0.444,0.4439,0.444,715,2022-04-22 19:44:00,TANH
0.4405,0.4405,0.4405,0.4405,200,2022-04-22 19:46:00,TANH
0.443,0.443,0.440601,0.440601,1370,2022-04-22 19:48:00,TANH
0.4418,0.443,0.4418,0.443,1600,2022-04-22 19:49:00,TANH
0.4418,0.4418,0.4404,0.4404,4213,2022-04-22 19:50:00,TANH
0.44,0.4408,0.44,0.44,8480,2022-04-22 19:51:00,TANH
0.4332,0.4399,0.4332,0.4391,4600,2022-04-22 19:52:00,TANH
0.4382,0.4382,0.4331,0.4331,200,2022-04-22 19:53:00,TANH
0.4335,0.4335,0.4335,0.4335,1635,2022-04-22 19:54:00,TANH
0.433601,0.4377,0.433601,0.4377,8031,2022-04-22 19:55:00,TANH
0.4338,0.4396,0.4338,0.4396,1275,2022-04-22 19:56:00,TANH
0.4373,0.4373,0.434,0.434,2710,2022-04-22 19:57:00,TANH
0.436,0.4397,0.435,0.4396,3250,2022-04-22 19:59:00,TANH
0.4391,0.4397,0.4391,0.4397,786,2022-04-22 20:00:00,TANH
0.4397,0.4397,0.4397,0.4397,1000,2022-04-22 20:01:00,TANH
0.4397,0.4397,0.4397,0.4397,100,2022-04-22 20:03:00,TANH
0.4397,0.4397,0.4397,0.4397,1000,2022-04-22 20:11:00,TANH
0.4397,0.4397,0.4397,0.4397,1800,2022-04-22 20:57:00,TANH
0.4351,0.4351,0.4351,0.4351,100,2022-04-22 21:05:00,TANH
0.4352,0.4352,0.4352,0.4352,1499,2022-04-22 21:19:00,TANH
0.4352,0.4352,0.4352,0.4352,2000,2022-04-22 21:27:00,TANH
0.4352,0.4352,0.4352,0.4352,1500,2022-04-22 21:31:00,TANH
0.4397,0.4397,0.4397,0.4397,11500,2022-04-22 21:48:00,TANH
0.4352,0.4352,0.4352,0.4352,21043,2022-04-22 21:52:00,TANH
0.4397,0.4397,0.436,0.436,272,2022-04-22 22:19:00,TANH
0.44,0.44,0.44,0.44,5931,2022-04-22 22:23:00,TANH
0.4365,0.4365,0.4365,0.4365,200,2022-04-22 22:24:00,TANH
0.44,0.44,0.44,0.44,1000,2022-04-22 22:33:00,TANH
0.4365,0.4365,0.4365,0.4365,100,2022-04-22 23:52:00,TANH
0.4366,0.4366,0.4366,0.4366,271,2022-04-25 08:00:00,TANH
0.4365,0.4365,0.4365,0.4365,200,2022-04-25 08:01:00,TANH
0.4352,0.4352,0.4352,0.4352,500,2022-04-25 08:02:00,TANH
0.4352,0.4352,0.43,0.43,5000,2022-04-25 08:16:00,TANH
0.42,0.42,0.41,0.4105,5000,2022-04-25 08:18:00,TANH
0.4117,0.4117,0.4115,0.4115,500,2022-04-25 09:07:00,TANH
0.4115,0.4115,0.4115,0.4115,550,2022-04-25 09:16:00,TANH
0.413,0.413,0.413,0.413,2000,2022-04-25 10:29:00,TANH
0.43,0.43,0.43,0.43,100,2022-04-25 10:38:00,TANH
0.427,0.431,0.427,0.431,4478,2022-04-25 10:41:00,TANH
0.431,0.431,0.431,0.431,750,2022-04-25 10:42:00,TANH
0.431,0.431,0.431,0.431,2570,2022-04-25 11:08:00,TANH
0.431,0.431,0.431,0.431,124,2022-04-25 11:09:00,TANH
0.428,0.428,0.4201,0.4201,5000,2022-04-25 11:22:00,TANH
0.4257,0.435,0.4257,0.435,6900,2022-04-25 11:26:00,TANH
0.4235,0.4235,0.42,0.42,5348,2022-04-25 11:35:00,TANH
0.431,0.431,0.431,0.431,600,2022-04-25 12:03:00,TANH
0.432,0.432,0.432,0.432,3876,2022-04-25 12:09:00,TANH
0.432,0.432,0.4205,0.4205,10750,2022-04-25 12:12:00,TANH
0.425,0.425,0.425,0.425,2470,2022-04-25 12:20:00,TANH
0.425,0.425,0.4209,0.425,16710,2022-04-25 12:22:00,TANH
0.425,0.425,0.425,0.425,1500,2022-04-25 12:23:00,TANH
0.425,0.425,0.425,0.425,2090,2022-04-25 12:24:00,TANH
0.4359,0.4359,0.4359,0.4359,400,2022-04-25 12:27:00,TANH
0.4253,0.4253,0.4253,0.4253,400,2022-04-25 12:35:00,TANH
0.425,0.425,0.425,0.425,100,2022-04-25 12:46:00,TANH
0.43,0.43,0.43,0.43,150,2022-04-25 12:56:00,TANH
0.43,0.43,0.43,0.43,250,2022-04-25 13:06:00,TANH
0.4205,0.4258,0.4205,0.4258,50312,2022-04-25 13:30:00,TANH
0.4273,0.428,0.4273,0.4275,4050,2022-04-25 13:31:00,TANH
0.430501,0.430501,0.430501,0.430501,1500,2022-04-25 13:32:00,TANH
0.4349,0.4349,0.4261,0.43,2679,2022-04-25 13:33:00,TANH
0.43,0.43,0.43,0.43,603,2022-04-25 13:34:00,TANH
0.4301,0.435,0.4155,0.426,68858,2022-04-25 13:35:00,TANH
0.426,0.426,0.42,0.42,19000,2022-04-25 13:36:00,TANH
0.426,0.426,0.42,0.422001,1910,2022-04-25 13:37:00,TANH
0.422,0.425899,0.422,0.425899,1500,2022-04-25 13:38:00,TANH
0.4258,0.435,0.4258,0.435,17636,2022-04-25 13:39:00,TANH
0.4301,0.4304,0.43,0.43,25257,2022-04-25 13:42:00,TANH
0.4352,0.4352,0.43,0.43,6867,2022-04-25 13:43:00,TANH
0.43,0.43,0.43,0.43,15100,2022-04-25 13:45:00,TANH
0.4315,0.4315,0.43,0.43,3109,2022-04-25 13:46:00,TANH
0.43,0.43,0.43,0.43,11050,2022-04-25 13:47:00,TANH
0.430526,0.430526,0.430526,0.430526,194,2022-04-25 13:48:00,TANH
0.4301,0.4326,0.43,0.43,6885,2022-04-25 13:49:00,TANH
0.4352,0.4352,0.43,0.43,2450,2022-04-25 13:50:00,TANH
0.43001,0.43001,0.43001,0.43001,488,2022-04-25 13:52:00,TANH
0.4301,0.432,0.43,0.4315,34064,2022-04-25 13:53:00,TANH
0.4315,0.4315,0.43,0.43,10210,2022-04-25 13:54:00,TANH
0.4301,0.4301,0.43,0.43,978,2022-04-25 13:55:00,TANH
0.431501,0.431501,0.430101,0.430101,4900,2022-04-25 13:56:00,TANH
0.4321,0.4321,0.4321,0.4321,250,2022-04-25 13:57:00,TANH
0.432888,0.432888,0.4303,0.4303,700,2022-04-25 13:58:00,TANH
0.4329,0.4329,0.4329,0.4329,2500,2022-04-25 13:59:00,TANH
0.4311,0.4329,0.43,0.4329,5767,2022-04-25 14:00:00,TANH
0.4331,0.4331,0.4331,0.4331,3000,2022-04-25 14:01:00,TANH
0.4331,0.4331,0.4331,0.4331,129,2022-04-25 14:03:00,TANH
0.4301,0.4301,0.43,0.43,1500,2022-04-25 14:04:00,TANH
0.43,0.43,0.43,0.43,1500,2022-04-25 14:05:00,TANH
0.431,0.43155,0.431,0.43155,2000,2022-04-25 14:08:00,TANH
0.43,0.4301,0.43,0.43,1824,2022-04-25 14:09:00,TANH
0.43,0.43,0.426,0.427,50430,2022-04-25 14:10:00,TANH
0.426,0.426,0.425,0.4253,8820,2022-04-25 14:11:00,TANH
0.4251,0.4252,0.4251,0.4251,2500,2022-04-25 14:12:00,TANH
0.4251,0.4251,0.4251,0.4251,100,2022-04-25 14:14:00,TANH
0.4251,0.4251,0.4251,0.4251,1600,2022-04-25 14:15:00,TANH
0.4251,0.4251,0.425096,0.4251,4000,2022-04-25 14:16:00,TANH
0.425,0.4251,0.4229,0.4229,5949,2022-04-25 14:17:00,TANH
0.4226,0.4264,0.422,0.4264,4251,2022-04-25 14:18:00,TANH
0.4255,0.427,0.4253,0.4253,1600,2022-04-25 14:19:00,TANH
0.424299,0.424299,0.424299,0.424299,1000,2022-04-25 14:20:00,TANH
0.4243,0.4243,0.4243,0.4243,500,2022-04-25 14:21:00,TANH
0.4217,0.4217,0.4217,0.4217,4008,2022-04-25 14:22:00,TANH
0.423,0.423,0.4229,0.423,2000,2022-04-25 14:23:00,TANH
0.423,0.4261,0.423,0.4261,750,2022-04-25 14:24:00,TANH
0.428499,0.43,0.427,0.427,2930,2022-04-25 14:25:00,TANH
0.4299,0.4299,0.4299,0.4299,200,2022-04-25 14:26:00,TANH
0.426,0.4279,0.426,0.4279,1259,2022-04-25 14:27:00,TANH
0.427799,0.4279,0.426,0.426,3842,2022-04-25 14:30:00,TANH
0.4278,0.4299,0.4263,0.4263,1348,2022-04-25 14:31:00,TANH
0.426,0.4261,0.422,0.425951,22622,2022-04-25 14:32:00,TANH
0.427,0.427,0.427,0.427,1000,2022-04-25 14:33:00,TANH
0.426,0.426,0.426,0.426,100,2022-04-25 14:34:00,TANH
0.4265,0.4265,0.4265,0.4265,1141,2022-04-25 14:36:00,TANH
0.426,0.426,0.426,0.426,200,2022-04-25 14:37:00,TANH
0.426,0.426,0.425,0.425,500,2022-04-25 14:38:00,TANH
0.425,0.4261,0.423,0.4261,10963,2022-04-25 14:39:00,TANH
0.426,0.426,0.422,0.422,1978,2022-04-25 14:40:00,TANH
0.422001,0.422001,0.4215,0.4215,30000,2022-04-25 14:41:00,TANH
0.422,0.422,0.422,0.422,600,2022-04-25 14:43:00,TANH
0.421399,0.421399,0.420001,0.420001,684,2022-04-25 14:44:00,TANH
0.4215,0.4215,0.42,0.42,2557,2022-04-25 14:45:00,TANH
0.420491,0.420491,0.420491,0.420491,400,2022-04-25 14:46:00,TANH
0.42,0.4208,0.42,0.4208,1600,2022-04-25 14:47:00,TANH
0.4203,0.4203,0.4203,0.4203,191,2022-04-25 14:48:00,TANH
0.42,0.4216,0.42,0.4216,1325,2022-04-25 14:49:00,TANH
0.4211,0.421101,0.4211,0.421101,3000,2022-04-25 14:50:00,TANH
0.4211,0.4217,0.4211,0.4217,2850,2022-04-25 14:51:00,TANH
0.4217,0.4217,0.4211,0.4212,8200,2022-04-25 14:52:00,TANH
0.4217,0.4217,0.4213,0.4213,4700,2022-04-25 14:53:00,TANH
0.4214,0.4214,0.421353,0.4214,3173,2022-04-25 14:54:00,TANH
0.4213,0.4214,0.4212,0.4212,4900,2022-04-25 14:55:00,TANH
0.4214,0.4217,0.4214,0.4214,300,2022-04-25 14:56:00,TANH
0.4214,0.4214,0.4211,0.4212,7000,2022-04-25 14:57:00,TANH
0.4212,0.4212,0.4212,0.4212,1100,2022-04-25 14:58:00,TANH
0.4211,0.42117,0.4201,0.4201,7960,2022-04-25 14:59:00,TANH
0.4201,0.4202,0.4201,0.4202,18518,2022-04-25 15:00:00,TANH
0.4202,0.4202,0.4201,0.4201,1100,2022-04-25 15:02:00,TANH
0.4201,0.4205,0.4201,0.4201,4000,2022-04-25 15:04:00,TANH
0.4201,0.4201,0.4201,0.4201,1016,2022-04-25 15:05:00,TANH
0.4201,0.4201,0.42,0.42,2934,2022-04-25 15:06:00,TANH
0.42,0.4201,0.42,0.4201,1100,2022-04-25 15:07:00,TANH
0.4201,0.4201,0.4201,0.4201,2550,2022-04-25 15:08:00,TANH
0.4201,0.4201,0.4201,0.4201,3411,2022-04-25 15:09:00,TANH
0.4201,0.4201,0.4155,0.4155,33277,2022-04-25 15:10:00,TANH
0.4171,0.4171,0.4155,0.4155,23300,2022-04-25 15:11:00,TANH
0.4155,0.415505,0.410501,0.4117,75123,2022-04-25 15:12:00,TANH
0.4188,0.4188,0.4107,0.412,60048,2022-04-25 15:13:00,TANH
0.41285,0.4151,0.41285,0.4151,5656,2022-04-25 15:14:00,TANH
0.4148,0.4148,0.4132,0.4132,1100,2022-04-25 15:15:00,TANH
0.415899,0.4188,0.415899,0.4188,1525,2022-04-25 15:16:00,TANH
0.4188,0.4188,0.4155,0.4155,8647,2022-04-25 15:18:00,TANH
0.416,0.4188,0.416,0.4188,2438,2022-04-25 15:19:00,TANH
0.4161,0.4187,0.4161,0.4187,3200,2022-04-25 15:20:00,TANH
0.4178,0.4181,0.4178,0.4181,400,2022-04-25 15:21:00,TANH
0.4181,0.4181,0.4181,0.4181,200,2022-04-25 15:22:00,TANH
0.4175,0.4175,0.4107,0.4107,15240,2022-04-25 15:23:00,TANH
0.4105,0.4106,0.41,0.41035,9739,2022-04-25 15:24:00,TANH
0.4105,0.4105,0.4085,0.4086,61274,2022-04-25 15:25:00,TANH
0.4081,0.4081,0.408099,0.4081,6171,2022-04-25 15:26:00,TANH
0.4081,0.41,0.4081,0.409,44629,2022-04-25 15:27:00,TANH
0.4085,0.4086,0.4085,0.4085,10826,2022-04-25 15:28:00,TANH
0.4085,0.4086,0.4085,0.4086,3475,2022-04-25 15:29:00,TANH
0.4086,0.4092,0.4085,0.4092,4600,2022-04-25 15:30:00,TANH
0.4092,0.41,0.4086,0.4086,24620,2022-04-25 15:31:00,TANH
0.4086,0.4089,0.4086,0.4089,7465,2022-04-25 15:32:00,TANH
0.4088,0.4089,0.4088,0.4088,999,2022-04-25 15:33:00,TANH
0.4089,0.4089,0.408898,0.408898,12047,2022-04-25 15:34:00,TANH
0.4089,0.4089,0.4087,0.4087,1700,2022-04-25 15:35:00,TANH
0.4087,0.4088,0.4,0.4,133557,2022-04-25 15:36:00,TANH
0.4,0.41,0.4,0.41,19235,2022-04-25 15:37:00,TANH
0.404899,0.4069,0.4015,0.4069,4900,2022-04-25 15:38:00,TANH
0.4071,0.4096,0.4069,0.407,17226,2022-04-25 15:39:00,TANH
0.4068,0.407,0.4068,0.407,8800,2022-04-25 15:40:00,TANH
0.4068,0.4068,0.4068,0.4068,1000,2022-04-25 15:41:00,TANH
0.4069,0.407,0.4069,0.4069,3109,2022-04-25 15:42:00,TANH
0.40681,0.40681,0.40681,0.40681,700,2022-04-25 15:43:00,TANH
0.4065,0.4069,0.4065,0.40673,2000,2022-04-25 15:44:00,TANH
0.4067,0.4069,0.4067,0.4069,400,2022-04-25 15:45:00,TANH
0.4067,0.4069,0.4067,0.4069,5600,2022-04-25 15:47:00,TANH
0.40659,0.40659,0.4065,0.4065,810,2022-04-25 15:48:00,TANH
0.4065,0.4065,0.402,0.4021,22028,2022-04-25 15:49:00,TANH
0.4021,0.4021,0.3834,0.3875,115168,2022-04-25 15:50:00,TANH
0.387499,0.395,0.3855,0.395,24902,2022-04-25 15:51:00,TANH
0.392,0.4,0.392,0.3936,85966,2022-04-25 15:52:00,TANH
0.398,0.398,0.397,0.3975,10778,2022-04-25 15:53:00,TANH
0.3974,0.3974,0.3932,0.3932,38620,2022-04-25 15:54:00,TANH
0.3925,0.396,0.3918,0.396,45160,2022-04-25 15:55:00,TANH
0.395,0.397499,0.395,0.397499,73626,2022-04-25 15:56:00,TANH
0.3975,0.3975,0.3962,0.3965,3012,2022-04-25 15:57:00,TANH
0.397,0.398,0.3951,0.3965,9200,2022-04-25 15:58:00,TANH
0.399,0.399,0.3981,0.3981,6963,2022-04-25 15:59:00,TANH
0.3981,0.3981,0.3981,0.3981,29357,2022-04-25 16:00:00,TANH
0.3981,0.3981,0.3971,0.3971,3750,2022-04-25 16:01:00,TANH
0.397,0.397,0.3902,0.3923,22588,2022-04-25 16:02:00,TANH
0.39605,0.39605,0.3951,0.396,37100,2022-04-25 16:03:00,TANH
0.395,0.3952,0.3923,0.3952,4300,2022-04-25 16:04:00,TANH
0.3954,0.3955,0.3953,0.3953,2733,2022-04-25 16:05:00,TANH
0.3959,0.3959,0.3959,0.3959,1000,2022-04-25 16:06:00,TANH
0.3959,0.3985,0.3958,0.3977,9600,2022-04-25 16:07:00,TANH
0.397,0.3973,0.3963,0.3963,43864,2022-04-25 16:08:00,TANH
0.3963,0.3963,0.3963,0.3963,161,2022-04-25 16:09:00,TANH
0.3962,0.3962,0.396,0.396,946,2022-04-25 16:10:00,TANH
0.3963,0.3963,0.396,0.396,7800,2022-04-25 16:11:00,TANH
0.396,0.3961,0.396,0.3961,2729,2022-04-25 16:13:00,TANH
0.396,0.3961,0.396,0.3961,2280,2022-04-25 16:14:00,TANH
0.396,0.396,0.395,0.3951,2804,2022-04-25 16:15:00,TANH
0.397,0.397,0.395899,0.395899,5400,2022-04-25 16:16:00,TANH
0.3951,0.3951,0.395,0.395,650,2022-04-25 16:17:00,TANH
0.3953,0.3953,0.3953,0.3953,2500,2022-04-25 16:18:00,TANH
0.3951,0.3951,0.395,0.395,7153,2022-04-25 16:19:00,TANH
0.395,0.3951,0.395,0.3951,12400,2022-04-25 16:20:00,TANH
0.395,0.3951,0.3923,0.3923,3298,2022-04-25 16:21:00,TANH
0.3914,0.395,0.3907,0.395,4772,2022-04-25 16:22:00,TANH
0.395,0.395,0.391849,0.3929,2800,2022-04-25 16:23:00,TANH
0.395,0.395,0.390801,0.390801,1347,2022-04-25 16:24:00,TANH
0.3929,0.392901,0.3908,0.3929,2600,2022-04-25 16:25:00,TANH
0.3935,0.3949,0.3935,0.3943,10040,2022-04-25 16:26:00,TANH
0.394,0.3943,0.394,0.394,2500,2022-04-25 16:27:00,TANH
0.394,0.3943,0.394,0.3941,1027,2022-04-25 16:28:00,TANH
0.3941,0.395,0.3941,0.395,5789,2022-04-25 16:29:00,TANH
0.3947,0.398,0.3947,0.398,3974,2022-04-25 16:30:00,TANH
0.3991,0.3998,0.3991,0.3998,1492,2022-04-25 16:31:00,TANH
0.3998,0.3998,0.3991,0.3992,1950,2022-04-25 16:32:00,TANH
0.3992,0.3995,0.399,0.3991,22523,2022-04-25 16:33:00,TANH
0.3991,0.3991,0.39905,0.3991,1900,2022-04-25 16:34:00,TANH
0.3991,0.3991,0.399,0.399,16076,2022-04-25 16:35:00,TANH
0.3991,0.3991,0.399,0.3991,4000,2022-04-25 16:36:00,TANH
0.399,0.3991,0.399,0.399,1492,2022-04-25 16:37:00,TANH
0.3991,0.4025,0.399,0.3996,12100,2022-04-25 16:38:00,TANH
0.4027,0.4099,0.4027,0.4099,12600,2022-04-25 16:39:00,TANH
0.4098,0.4098,0.4051,0.4051,600,2022-04-25 16:40:00,TANH
0.4065,0.4065,0.4065,0.4065,200,2022-04-25 16:41:00,TANH
0.403,0.4047,0.403,0.4047,1100,2022-04-25 16:42:00,TANH
0.4047,0.4047,0.4047,0.4047,700,2022-04-25 16:44:00,TANH
0.4047,0.4063,0.4045,0.4047,600,2022-04-25 16:45:00,TANH
0.4047,0.4063,0.4047,0.4056,3536,2022-04-25 16:46:00,TANH
0.4051,0.4051,0.4047,0.4047,1500,2022-04-25 16:47:00,TANH
0.4048,0.414,0.399,0.414,36841,2022-04-25 16:48:00,TANH
0.4099,0.4099,0.405,0.405,4201,2022-04-25 16:49:00,TANH
0.4062,0.41,0.4062,0.41,23765,2022-04-25 16:50:00,TANH
0.41,0.415499,0.41,0.415499,29000,2022-04-25 16:51:00,TANH
0.4102,0.4111,0.41,0.41,25546,2022-04-25 16:52:00,TANH
0.4001,0.4001,0.4001,0.4001,3000,2022-04-25 16:53:00,TANH
0.40505,0.41,0.40505,0.41,10200,2022-04-25 16:54:00,TANH
0.4007,0.4007,0.4007,0.4007,100,2022-04-25 16:55:00,TANH
0.4099,0.4099,0.4021,0.4021,1650,2022-04-25 16:56:00,TANH
0.4098,0.4099,0.4093,0.4099,2861,2022-04-25 16:57:00,TANH
0.4059,0.4059,0.4059,0.4059,100,2022-04-25 16:58:00,TANH
0.4099,0.4099,0.4099,0.4099,500,2022-04-25 16:59:00,TANH
0.4099,0.4099,0.40595,0.40595,241,2022-04-25 17:00:00,TANH
0.4096,0.4096,0.4022,0.4022,300,2022-04-25 17:01:00,TANH
0.4022,0.4097,0.4022,0.4036,600,2022-04-25 17:02:00,TANH
0.4022,0.403,0.4021,0.4021,981,2022-04-25 17:03:00,TANH
0.4021,0.403,0.4021,0.4021,600,2022-04-25 17:04:00,TANH
0.40305,0.40305,0.4021,0.4021,600,2022-04-25 17:05:00,TANH
0.40255,0.40255,0.4021,0.4021,1300,2022-04-25 17:06:00,TANH
0.4021,0.4021,0.40205,0.4021,500,2022-04-25 17:07:00,TANH
0.4021,0.4021,0.4021,0.4021,400,2022-04-25 17:08:00,TANH
0.402,0.4021,0.4004,0.4012,3300,2022-04-25 17:09:00,TANH
0.4055,0.4055,0.4055,0.4055,100,2022-04-25 17:11:00,TANH
0.4055,0.4055,0.40545,0.40545,400,2022-04-25 17:12:00,TANH
0.4055,0.4071,0.4013,0.4014,600,2022-04-25 17:13:00,TANH
0.4014,0.4095,0.4014,0.4014,830,2022-04-25 17:14:00,TANH
0.4014,0.4094,0.4014,0.4094,500,2022-04-25 17:15:00,TANH
0.4016,0.407,0.4016,0.407,500,2022-04-25 17:16:00,TANH
0.405,0.4051,0.405,0.405,600,2022-04-25 17:17:00,TANH
0.4051,0.4076,0.4051,0.4076,500,2022-04-25 17:18:00,TANH
0.4076,0.4086,0.4076,0.4076,600,2022-04-25 17:19:00,TANH
0.4086,0.4086,0.4076,0.4086,500,2022-04-25 17:20:00,TANH
0.4076,0.4086,0.4076,0.4076,500,2022-04-25 17:21:00,TANH
0.4076,0.4086,0.4053,0.4053,5198,2022-04-25 17:22:00,TANH
0.405,0.405,0.4002,0.4002,700,2022-04-25 17:23:00,TANH
0.4021,0.4059,0.4001,0.4059,3650,2022-04-25 17:24:00,TANH
0.4021,0.4021,0.4021,0.4021,400,2022-04-25 17:25:00,TANH
0.4023,0.4059,0.4021,0.4021,500,2022-04-25 17:26:00,TANH
0.4021,0.4098,0.4021,0.4095,4292,2022-04-25 17:27:00,TANH
0.4023,0.4095,0.4023,0.4095,200,2022-04-25 17:28:00,TANH
0.4098,0.4098,0.4041,0.4041,325,2022-04-25 17:29:00,TANH
0.4041,0.4098,0.4023,0.4023,2828,2022-04-25 17:30:00,TANH
0.403,0.4059,0.4023,0.403,1350,2022-04-25 17:31:00,TANH
0.4051,0.4098,0.4051,0.4052,700,2022-04-25 17:32:00,TANH
0.4051,0.4074,0.4051,0.4074,400,2022-04-25 17:33:00,TANH
0.4051,0.4097,0.4051,0.4051,1315,2022-04-25 17:34:00,TANH
0.4074,0.4074,0.4051,0.4051,500,2022-04-25 17:35:00,TANH
0.4074,0.4074,0.4051,0.4051,600,2022-04-25 17:36:00,TANH
0.4074,0.4074,0.4051,0.4051,500,2022-04-25 17:37:00,TANH
0.4051,0.4074,0.4051,0.4051,600,2022-04-25 17:38:00,TANH
0.4074,0.4074,0.4051,0.4051,500,2022-04-25 17:39:00,TANH
0.4051,0.4074,0.4051,0.4051,500,2022-04-25 17:40:00,TANH
0.4051,0.4074,0.4051,0.4051,600,2022-04-25 17:41:00,TANH
0.4051,0.4074,0.4051,0.4051,500,2022-04-25 17:42:00,TANH
0.4051,0.4074,0.4051,0.4051,500,2022-04-25 17:43:00,TANH
0.4051,0.4074,0.4051,0.4051,500,2022-04-25 17:44:00,TANH
0.4051,0.4074,0.4051,0.4051,600,2022-04-25 17:45:00,TANH
0.4074,0.4074,0.4051,0.4051,685,2022-04-25 17:46:00,TANH
0.4051,0.4074,0.4051,0.4051,600,2022-04-25 17:47:00,TANH
0.4051,0.4074,0.4051,0.4051,500,2022-04-25 17:48:00,TANH
0.4051,0.4088,0.4051,0.4051,1800,2022-04-25 17:49:00,TANH
0.4051,0.4074,0.4051,0.4051,600,2022-04-25 17:50:00,TANH
0.4051,0.4074,0.4051,0.4051,500,2022-04-25 17:51:00,TANH
0.4051,0.4074,0.4051,0.4074,500,2022-04-25 17:52:00,TANH
0.4051,0.4056,0.4051,0.4056,500,2022-04-25 17:53:00,TANH
0.4076,0.4098,0.4056,0.4098,1700,2022-04-25 17:54:00,TANH
0.4076,0.4076,0.4056,0.4056,500,2022-04-25 17:55:00,TANH
0.4056,0.4076,0.4056,0.4056,720,2022-04-25 17:56:00,TANH
0.4076,0.4076,0.4056,0.4056,500,2022-04-25 17:57:00,TANH
0.4056,0.4076,0.4056,0.4056,500,2022-04-25 17:58:00,TANH
0.4055,0.4055,0.4025,0.4025,16000,2022-04-25 17:59:00,TANH
0.4026,0.4026,0.4026,0.4026,500,2022-04-25 18:00:00,TANH
0.4026,0.4026,0.4025,0.4025,1652,2022-04-25 18:01:00,TANH
0.4025,0.4031,0.4021,0.4021,2626,2022-04-25 18:02:00,TANH
0.4021,0.4021,0.4021,0.4021,400,2022-04-25 18:03:00,TANH
0.4021,0.4023,0.4021,0.4022,4335,2022-04-25 18:04:00,TANH
0.4022,0.4022,0.40215,0.40215,400,2022-04-25 18:05:00,TANH
0.4021,0.4021,0.4021,0.4021,400,2022-04-25 18:06:00,TANH
0.4021,0.4021,0.4021,0.4021,500,2022-04-25 18:07:00,TANH
0.4021,0.4022,0.4,0.4006,4929,2022-04-25 18:08:00,TANH
0.4002,0.4013,0.4002,0.4007,800,2022-04-25 18:09:00,TANH
0.4007,0.4013,0.4,0.4013,2600,2022-04-25 18:10:00,TANH
0.4006,0.40145,0.4006,0.4006,3470,2022-04-25 18:11:00,TANH
0.4014,0.4014,0.4,0.4,351,2022-04-25 18:12:00,TANH
0.4006,0.4006,0.400101,0.4006,5900,2022-04-25 18:13:00,TANH
0.4006,0.4008,0.4006,0.4008,1450,2022-04-25 18:14:00,TANH
0.4008,0.4008,0.400798,0.4008,23800,2022-04-25 18:15:00,TANH
0.4055,0.4074,0.4055,0.4074,4500,2022-04-25 18:16:00,TANH
0.4075,0.4075,0.3902,0.3902,54880,2022-04-25 18:17:00,TANH
0.3901,0.395,0.3851,0.39,46126,2022-04-25 18:18:00,TANH
0.399,0.4,0.399,0.3996,11901,2022-04-25 18:19:00,TANH
0.4052,0.4052,0.3971,0.3995,3004,2022-04-25 18:20:00,TANH
0.4001,0.405,0.4,0.4,4135,2022-04-25 18:21:00,TANH
0.4001,0.4001,0.4001,0.4001,3000,2022-04-25 18:22:00,TANH
0.4001,0.4001,0.4001,0.4001,20000,2022-04-25 18:23:00,TANH
0.4001,0.4001,0.4,0.4,3699,2022-04-25 18:24:00,TANH
0.4001,0.4001,0.4001,0.4001,12787,2022-04-25 18:25:00,TANH
0.4001,0.4001,0.4,0.4001,20100,2022-04-25 18:26:00,TANH
0.4067,0.4067,0.4067,0.4067,100,2022-04-25 18:27:00,TANH
0.4079,0.4079,0.400201,0.400201,340,2022-04-25 18:28:00,TANH
0.4049,0.4049,0.4049,0.4049,100,2022-04-25 18:29:00,TANH
0.4026,0.405,0.4026,0.4026,600,2022-04-25 18:30:00,TANH
0.404899,0.405,0.4004,0.4004,8595,2022-04-25 18:31:00,TANH
0.4046,0.405,0.4046,0.405,1919,2022-04-25 18:32:00,TANH
0.4049,0.405,0.4049,0.405,1526,2022-04-25 18:33:00,TANH
0.4026,0.405,0.4026,0.4026,3500,2022-04-25 18:34:00,TANH
0.404999,0.404999,0.4015,0.4026,601,2022-04-25 18:35:00,TANH
0.4026,0.4043,0.4026,0.4026,700,2022-04-25 18:36:00,TANH
0.4026,0.4026,0.4026,0.4026,500,2022-04-25 18:37:00,TANH
0.4026,0.4027,0.4026,0.4027,600,2022-04-25 18:38:00,TANH
0.4027,0.4027,0.4026,0.4027,1600,2022-04-25 18:39:00,TANH
0.4027,0.4028,0.4004,0.4028,2000,2022-04-25 18:40:00,TANH
0.4028,0.403,0.4028,0.403,600,2022-04-25 18:41:00,TANH
0.4026,0.4026,0.401,0.401,600,2022-04-25 18:42:00,TANH
0.4015,0.4015,0.401,0.4011,400,2022-04-25 18:43:00,TANH
0.401,0.402,0.401,0.402,2500,2022-04-25 18:44:00,TANH
0.402,0.402,0.402,0.402,100,2022-04-25 18:45:00,TANH
0.4021,0.4021,0.402,0.402,200,2022-04-25 18:46:00,TANH
0.4021,0.4021,0.4014,0.4021,700,2022-04-25 18:47:00,TANH
0.402,0.4021,0.4014,0.4014,5400,2022-04-25 18:48:00,TANH
0.4013,0.4013,0.4,0.4,29617,2022-04-25 18:49:00,TANH
0.4,0.4,0.4,0.4,2990,2022-04-25 18:50:00,TANH
0.4001,0.4001,0.4,0.40001,2472,2022-04-25 18:51:00,TANH
0.4,0.4001,0.4,0.4001,3600,2022-04-25 18:52:00,TANH
0.4,0.4001,0.4,0.4001,2850,2022-04-25 18:53:00,TANH
0.4,0.4,0.3919,0.3919,2106,2022-04-25 18:54:00,TANH
0.3915,0.398,0.3914,0.3979,20959,2022-04-25 18:55:00,TANH
0.3986,0.4029,0.3986,0.399501,6400,2022-04-25 18:56:00,TANH
0.399501,0.399501,0.399501,0.399501,2000,2022-04-25 18:57:00,TANH
0.3997,0.3997,0.3995,0.3995,3600,2022-04-25 18:58:00,TANH
0.3994,0.3995,0.3994,0.3995,2100,2022-04-25 18:59:00,TANH
0.4026,0.4026,0.4021,0.4021,656,2022-04-25 19:00:00,TANH
0.4028,0.4028,0.3996,0.3996,2327,2022-04-25 19:01:00,TANH
0.3996,0.4012,0.3996,0.3996,943,2022-04-25 19:02:00,TANH
0.4012,0.4012,0.3995,0.3995,600,2022-04-25 19:03:00,TANH
0.3995,0.4,0.3994,0.4,6080,2022-04-25 19:04:00,TANH
0.39975,0.3999,0.3995,0.39955,13100,2022-04-25 19:05:00,TANH
0.3996,0.3996,0.3995,0.3995,3894,2022-04-25 19:06:00,TANH
0.3995,0.3995,0.3995,0.3995,500,2022-04-25 19:07:00,TANH
0.3995,0.3995,0.3995,0.3995,600,2022-04-25 19:08:00,TANH
0.3995,0.3996,0.3995,0.3995,14900,2022-04-25 19:09:00,TANH
0.3995,0.3995,0.3995,0.3995,600,2022-04-25 19:10:00,TANH
0.3995,0.3995,0.3952,0.3962,8284,2022-04-25 19:11:00,TANH
0.3962,0.3991,0.3962,0.399,800,2022-04-25 19:12:00,TANH
0.4009,0.4009,0.4009,0.4009,500,2022-04-25 19:13:00,TANH
0.4009,0.4009,0.4009,0.4009,600,2022-04-25 19:14:00,TANH
0.4009,0.4009,0.3991,0.3991,600,2022-04-25 19:15:00,TANH
0.3991,0.4009,0.399,0.3991,3151,2022-04-25 19:16:00,TANH
0.3991,0.3994,0.399,0.399,1239,2022-04-25 19:17:00,TANH
0.3991,0.3991,0.399,0.399,5942,2022-04-25 19:18:00,TANH
0.3991,0.3991,0.399,0.399,6500,2022-04-25 19:19:00,TANH
0.399,0.399,0.399,0.399,300,2022-04-25 19:20:00,TANH
0.399,0.399,0.3952,0.3952,13226,2022-04-25 19:21:00,TANH
0.395,0.3952,0.395,0.3952,4648,2022-04-25 19:22:00,TANH
0.3952,0.4008,0.3951,0.4008,8000,2022-04-25 19:23:00,TANH
0.3977,0.3977,0.3975,0.3976,10100,2022-04-25 19:24:00,TANH
0.3976,0.401,0.397564,0.4001,9179,2022-04-25 19:25:00,TANH
0.3984,0.3984,0.3984,0.3984,200,2022-04-25 19:26:00,TANH
0.3986,0.3986,0.3976,0.3976,4606,2022-04-25 19:27:00,TANH
0.3976,0.3977,0.3976,0.3976,5600,2022-04-25 19:28:00,TANH
0.3975,0.3975,0.3975,0.3975,600,2022-04-25 19:29:00,TANH
0.3975,0.3976,0.3975,0.397596,3300,2022-04-25 19:30:00,TANH
0.3975,0.3975,0.396,0.396,1758,2022-04-25 19:31:00,TANH
0.3961,0.3976,0.3961,0.3976,13613,2022-04-25 19:32:00,TANH
0.3965,0.3966,0.3965,0.3965,754,2022-04-25 19:33:00,TANH
0.3965,0.3966,0.3965,0.3966,10600,2022-04-25 19:34:00,TANH
0.3966,0.3966,0.3966,0.3966,800,2022-04-25 19:35:00,TANH
0.3965,0.3977,0.3965,0.3967,21000,2022-04-25 19:36:00,TANH
0.3971,0.3987,0.3967,0.3987,4700,2022-04-25 19:37:00,TANH
0.397,0.3999,0.397,0.3987,3800,2022-04-25 19:38:00,TANH
0.3987,0.4,0.3987,0.3987,2100,2022-04-25 19:39:00,TANH
0.3987,0.399899,0.3987,0.3987,1250,2022-04-25 19:40:00,TANH
0.3987,0.3987,0.3987,0.3987,900,2022-04-25 19:41:00,TANH
0.3987,0.3987,0.3982,0.3987,3000,2022-04-25 19:42:00,TANH
0.3987,0.3987,0.3973,0.3987,1700,2022-04-25 19:43:00,TANH
0.3987,0.3987,0.3973,0.3987,5900,2022-04-25 19:44:00,TANH
0.3987,0.4,0.3973,0.3987,2384,2022-04-25 19:45:00,TANH
0.3987,0.4029,0.3987,0.4029,9618,2022-04-25 19:46:00,TANH
0.40085,0.4029,0.40085,0.4009,27546,2022-04-25 19:47:00,TANH
0.404899,0.404899,0.4021,0.4021,1600,2022-04-25 19:48:00,TANH
0.4021,0.405,0.4009,0.403,11558,2022-04-25 19:49:00,TANH
0.4011,0.4049,0.401,0.4025,9050,2022-04-25 19:50:00,TANH
0.4038,0.405,0.3989,0.4,16760,2022-04-25 19:51:00,TANH
0.4001,0.4001,0.4,0.4,3000,2022-04-25 19:52:00,TANH
0.4,0.4,0.3988,0.3988,1868,2022-04-25 19:53:00,TANH
0.3989,0.3989,0.3988,0.3988,8121,2022-04-25 19:54:00,TANH
0.3988,0.4019,0.3974,0.3974,4100,2022-04-25 19:55:00,TANH
0.3974,0.405,0.3974,0.4021,5600,2022-04-25 19:56:00,TANH
0.402,0.405,0.402,0.402,6991,2022-04-25 19:57:00,TANH
0.4035,0.4036,0.3991,0.4,6492,2022-04-25 19:58:00,TANH
0.4,0.4048,0.4,0.4,11788,2022-04-25 19:59:00,TANH
0.4048,0.4048,0.4047,0.4047,10285,2022-04-25 20:00:00,TANH
0.4003,0.4003,0.4003,0.4003,320,2022-04-25 20:01:00,TANH
0.4003,0.4003,0.398,0.398,9563,2022-04-25 20:02:00,TANH
0.4038,0.4038,0.4038,0.4038,1183,2022-04-25 20:14:00,TANH
0.4038,0.4038,0.4038,0.4038,2000,2022-04-25 20:24:00,TANH
0.4038,0.4038,0.4038,0.4038,1000,2022-04-25 20:25:00,TANH
0.4038,0.4038,0.4038,0.4038,3463,2022-04-25 20:40:00,TANH
0.4038,0.4038,0.4038,0.4038,1393,2022-04-25 20:41:00,TANH
0.4038,0.4239,0.4038,0.4239,6125,2022-04-25 20:48:00,TANH
0.4239,0.4239,0.4239,0.4239,2000,2022-04-25 20:50:00,TANH
0.41,0.41,0.41,0.41,11888,2022-04-25 20:58:00,TANH
0.4125,0.4125,0.41,0.41,7372,2022-04-25 21:01:00,TANH
0.4125,0.4125,0.4125,0.4125,2500,2022-04-25 21:02:00,TANH
0.402,0.402,0.4008,0.4008,5228,2022-04-25 21:13:00,TANH
0.4013,0.4013,0.4013,0.4013,200,2022-04-25 21:32:00,TANH
0.409,0.409,0.409,0.409,250,2022-04-25 21:35:00,TANH
0.41,0.41,0.41,0.41,120,2022-04-25 21:38:00,TANH
0.4016,0.4016,0.4016,0.4016,100,2022-04-25 22:00:00,TANH
0.4015,0.4015,0.4015,0.4015,111,2022-04-25 22:03:00,TANH
0.41,0.41,0.41,0.41,2720,2022-04-25 23:20:00,TANH
0.41,0.41,0.41,0.41,500,2022-04-25 23:27:00,TANH
0.41,0.41,0.41,0.41,200,2022-04-25 23:37:00,TANH
0.41,0.41,0.41,0.41,295,2022-04-26 08:26:00,TANH
0.412,0.412,0.412,0.412,850,2022-04-26 09:19:00,TANH
0.412,0.412,0.412,0.412,2000,2022-04-26 09:25:00,TANH
0.412,0.412,0.412,0.412,600,2022-04-26 09:26:00,TANH
0.412,0.412,0.412,0.412,1000,2022-04-26 09:27:00,TANH
0.4337,0.448,0.4337,0.448,5300,2022-04-26 10:21:00,TANH
0.4149,0.4149,0.4051,0.4051,2386,2022-04-26 11:01:00,TANH
0.4051,0.4051,0.4051,0.4051,1000,2022-04-26 11:02:00,TANH
0.413,0.413,0.41,0.41,720,2022-04-26 11:11:00,TANH
0.4148,0.4299,0.4148,0.4299,4800,2022-04-26 11:46:00,TANH
0.4227,0.43,0.4226,0.43,3875,2022-04-26 11:51:00,TANH
0.4295,0.4295,0.4295,0.4295,200,2022-04-26 11:55:00,TANH
0.4288,0.4288,0.4288,0.4288,102,2022-04-26 11:59:00,TANH
0.42,0.42,0.42,0.42,205,2022-04-26 12:04:00,TANH
0.4149,0.4149,0.4149,0.4149,200,2022-04-26 12:11:00,TANH
0.428,0.428,0.428,0.428,15000,2022-04-26 12:12:00,TANH
0.428,0.428,0.42,0.42,10740,2022-04-26 12:13:00,TANH
0.4187,0.42,0.4187,0.42,1000,2022-04-26 12:17:00,TANH
0.42,0.42,0.4195,0.4195,1093,2022-04-26 12:31:00,TANH
0.4194,0.4194,0.4194,0.4194,3220,2022-04-26 12:43:00,TANH
0.4125,0.4125,0.4103,0.4103,4399,2022-04-26 13:01:00,TANH
0.4103,0.4103,0.4101,0.4101,4161,2022-04-26 13:02:00,TANH
0.4101,0.4101,0.41,0.41,50000,2022-04-26 13:09:00,TANH
0.4163,0.4185,0.4163,0.4185,333,2022-04-26 13:11:00,TANH
0.4101,0.4101,0.41,0.41,400,2022-04-26 13:15:00,TANH
0.41,0.41,0.41,0.41,200,2022-04-26 13:16:00,TANH
0.41,0.41,0.41,0.41,300,2022-04-26 13:18:00,TANH
0.41,0.41,0.41,0.41,10000,2022-04-26 13:23:00,TANH
0.41,0.41,0.41,0.41,200,2022-04-26 13:25:00,TANH
0.41,0.41,0.41,0.41,22600,2022-04-26 13:28:00,TANH
0.413,0.413,0.37,0.3721,221074,2022-04-26 13:30:00,TANH
0.3839,0.3899,0.3839,0.3896,16288,2022-04-26 13:31:00,TANH
0.3899,0.3996,0.3899,0.3995,64010,2022-04-26 13:32:00,TANH
0.395,0.3995,0.395,0.3973,7680,2022-04-26 13:33:00,TANH
0.3961,0.3961,0.396,0.3961,7049,2022-04-26 13:34:00,TANH
0.397349,0.397349,0.395,0.395,2900,2022-04-26 13:35:00,TANH
0.3937,0.3937,0.3937,0.3937,1000,2022-04-26 13:36:00,TANH
0.3902,0.3963,0.3901,0.3901,9600,2022-04-26 13:37:00,TANH
0.3973,0.3973,0.3901,0.3903,2400,2022-04-26 13:38:00,TANH
0.3914,0.3972,0.3914,0.3925,3400,2022-04-26 13:39:00,TANH
0.3945,0.3973,0.3945,0.3973,3725,2022-04-26 13:40:00,TANH
0.3972,0.3972,0.3972,0.3972,625,2022-04-26 13:41:00,TANH
0.3972,0.3972,0.3972,0.3972,100,2022-04-26 13:42:00,TANH
0.3972,0.3972,0.3972,0.3972,102,2022-04-26 13:43:00,TANH
0.395,0.3973,0.395,0.3972,4683,2022-04-26 13:45:00,TANH
0.3973,0.3973,0.3973,0.3973,1375,2022-04-26 13:46:00,TANH
0.3972,0.3972,0.3972,0.3972,150,2022-04-26 13:47:00,TANH
0.396899,0.3969,0.393101,0.393101,4920,2022-04-26 13:48:00,TANH
0.395,0.3967,0.3935,0.3935,10850,2022-04-26 13:49:00,TANH
0.3944,0.3944,0.3905,0.3906,6342,2022-04-26 13:51:00,TANH
0.3926,0.3942,0.3925,0.3925,2803,2022-04-26 13:52:00,TANH
0.3925,0.3959,0.3905,0.390701,43700,2022-04-26 13:53:00,TANH
0.39325,0.395899,0.3925,0.3925,20332,2022-04-26 13:54:00,TANH
0.3925,0.39325,0.39,0.39,12083,2022-04-26 13:55:00,TANH
0.3899,0.3899,0.385501,0.385501,625,2022-04-26 13:56:00,TANH
0.3899,0.392999,0.3899,0.392999,6665,2022-04-26 13:57:00,TANH
0.3969,0.3969,0.3855,0.3855,8277,2022-04-26 13:58:00,TANH
0.3856,0.3889,0.3856,0.385634,11000,2022-04-26 13:59:00,TANH
0.3889,0.39,0.3889,0.39,26173,2022-04-26 14:00:00,TANH
0.39,0.39,0.3899,0.39,1159,2022-04-26 14:01:00,TANH
0.39,0.39,0.39,0.39,2500,2022-04-26 14:02:00,TANH
0.39,0.39,0.3899,0.3899,972,2022-04-26 14:03:00,TANH
0.39,0.39,0.3857,0.3857,3134,2022-04-26 14:04:00,TANH
0.3898,0.3898,0.3851,0.3851,4600,2022-04-26 14:05:00,TANH
0.385599,0.386,0.385599,0.386,2600,2022-04-26 14:06:00,TANH
0.3858,0.3858,0.3853,0.3853,5300,2022-04-26 14:07:00,TANH
0.3861,0.3861,0.3861,0.3861,1500,2022-04-26 14:08:00,TANH
0.39,0.394,0.39,0.3915,4600,2022-04-26 14:09:00,TANH
0.3915,0.393,0.3915,0.393,6100,2022-04-26 14:10:00,TANH
0.3921,0.3921,0.391,0.391,200,2022-04-26 14:11:00,TANH
0.39,0.3918,0.3863,0.3899,14800,2022-04-26 14:12:00,TANH
0.3927,0.397,0.3876,0.3876,4800,2022-04-26 14:13:00,TANH
0.3996,0.3996,0.3897,0.3897,5069,2022-04-26 14:15:00,TANH
0.3943,0.3943,0.39,0.3943,8600,2022-04-26 14:16:00,TANH
0.3897,0.3897,0.3838,0.3838,39937,2022-04-26 14:17:00,TANH
0.3841,0.3841,0.3841,0.3841,5000,2022-04-26 14:18:00,TANH
0.3914,0.3914,0.3841,0.3841,7200,2022-04-26 14:19:00,TANH
0.3935,0.394,0.3891,0.3891,2200,2022-04-26 14:21:00,TANH
0.3892,0.3892,0.3892,0.3892,1000,2022-04-26 14:22:00,TANH
0.3892,0.3901,0.3892,0.3901,1100,2022-04-26 14:23:00,TANH
0.39,0.39,0.39,0.39,448,2022-04-26 14:25:00,TANH
0.3911,0.3911,0.391049,0.391049,1147,2022-04-26 14:27:00,TANH
0.391,0.391,0.3901,0.3901,1500,2022-04-26 14:30:00,TANH
0.3902,0.3902,0.39015,0.3902,8064,2022-04-26 14:31:00,TANH
0.3902,0.3902,0.3902,0.3902,15441,2022-04-26 14:32:00,TANH
0.3902,0.3902,0.3902,0.3902,800,2022-04-26 14:33:00,TANH
0.3901,0.3901,0.3806,0.3806,32226,2022-04-26 14:34:00,TANH
0.383,0.392,0.383,0.3919,1719,2022-04-26 14:35:00,TANH
0.384,0.384,0.37,0.372501,66438,2022-04-26 14:38:00,TANH
0.374,0.38,0.3703,0.38,28423,2022-04-26 14:39:00,TANH
0.3799,0.38,0.378999,0.378999,5700,2022-04-26 14:40:00,TANH
0.379001,0.3829,0.379001,0.38,7600,2022-04-26 14:41:00,TANH
0.38,0.3824,0.38,0.3824,5282,2022-04-26 14:42:00,TANH
0.3824,0.3829,0.379101,0.3829,5499,2022-04-26 14:43:00,TANH
0.375201,0.3796,0.375201,0.3762,5552,2022-04-26 14:44:00,TANH
0.3829,0.3829,0.3829,0.3829,250,2022-04-26 14:45:00,TANH
0.381,0.381,0.381,0.381,100,2022-04-26 14:46:00,TANH
0.3762,0.383,0.3762,0.383,12888,2022-04-26 14:47:00,TANH
0.3798,0.3799,0.3798,0.3799,25400,2022-04-26 14:48:00,TANH
0.3799,0.3799,0.3762,0.379,7100,2022-04-26 14:49:00,TANH
0.37805,0.38,0.371,0.3711,111350,2022-04-26 14:50:00,TANH
0.3729,0.3729,0.3712,0.3712,400,2022-04-26 14:51:00,TANH
0.378299,0.378299,0.378299,0.378299,1500,2022-04-26 14:52:00,TANH
0.3782,0.3782,0.375649,0.375649,1122,2022-04-26 14:53:00,TANH
0.3781,0.3783,0.3711,0.378199,28800,2022-04-26 14:54:00,TANH
0.378199,0.3783,0.3715,0.3783,30691,2022-04-26 14:55:00,TANH
0.377,0.377,0.3743,0.377,13226,2022-04-26 14:56:00,TANH
0.377,0.3785,0.377,0.377749,18800,2022-04-26 14:57:00,TANH
0.3785,0.3785,0.3771,0.3785,9274,2022-04-26 14:58:00,TANH
0.378,0.378,0.378,0.378,100,2022-04-26 15:00:00,TANH
0.3774,0.3774,0.3772,0.3772,5400,2022-04-26 15:01:00,TANH
0.3772,0.3773,0.3771,0.3771,21746,2022-04-26 15:02:00,TANH
0.3771,0.3771,0.377086,0.3771,4200,2022-04-26 15:03:00,TANH
0.3771,0.3771,0.377,0.3771,8200,2022-04-26 15:04:00,TANH
0.3771,0.3799,0.3771,0.3799,5723,2022-04-26 15:05:00,TANH
0.3785,0.3799,0.378,0.378,1301,2022-04-26 15:06:00,TANH
0.3799,0.38,0.3785,0.38,14617,2022-04-26 15:07:00,TANH
0.3785,0.38,0.3785,0.3799,16300,2022-04-26 15:08:00,TANH
0.3799,0.3799,0.3799,0.3799,4000,2022-04-26 15:09:00,TANH
0.3792,0.3792,0.3791,0.3792,28350,2022-04-26 15:10:00,TANH
0.3791,0.3791,0.379,0.3791,12446,2022-04-26 15:11:00,TANH
0.3791,0.38,0.3791,0.38,33053,2022-04-26 15:12:00,TANH
0.3795,0.38,0.3795,0.3799,13019,2022-04-26 15:13:00,TANH
0.3799,0.3845,0.3799,0.3845,183748,2022-04-26 15:14:00,TANH
0.3844,0.3899,0.3844,0.3899,357,2022-04-26 15:15:00,TANH
0.3898,0.3898,0.3803,0.3803,5300,2022-04-26 15:16:00,TANH
0.385,0.3851,0.385,0.3851,20650,2022-04-26 15:18:00,TANH
0.389799,0.389799,0.385,0.38545,2828,2022-04-26 15:19:00,TANH
0.385,0.385,0.383199,0.383199,1185,2022-04-26 15:20:00,TANH
0.3832,0.3947,0.3811,0.3811,31862,2022-04-26 15:21:00,TANH
0.3825,0.3825,0.3825,0.3825,260,2022-04-26 15:27:00,TANH
0.3816,0.3816,0.3815,0.3815,8400,2022-04-26 15:28:00,TANH
0.3815,0.3815,0.3815,0.3815,100,2022-04-26 15:29:00,TANH
0.3816,0.3843,0.3816,0.3843,17200,2022-04-26 15:33:00,TANH
0.3899,0.3899,0.3823,0.3823,2050,2022-04-26 15:34:00,TANH
0.3888,0.3888,0.3825,0.3825,3500,2022-04-26 15:35:00,TANH
0.3816,0.3825,0.3816,0.3825,3173,2022-04-26 15:36:00,TANH
0.3816,0.3816,0.3816,0.3816,5202,2022-04-26 15:37:00,TANH
0.3815,0.3852,0.3815,0.3852,33500,2022-04-26 15:38:00,TANH
0.381701,0.3826,0.381701,0.3826,374,2022-04-26 15:40:00,TANH
0.381701,0.3888,0.381701,0.3888,689,2022-04-26 15:43:00,TANH
0.38525,0.3888,0.38525,0.3888,2500,2022-04-26 15:44:00,TANH
0.3853,0.3853,0.38525,0.38525,3000,2022-04-26 15:45:00,TANH
0.3833,0.384799,0.3833,0.384799,800,2022-04-26 15:47:00,TANH
0.38285,0.38285,0.38285,0.38285,100,2022-04-26 15:48:00,TANH
0.3818,0.3827,0.3815,0.3819,31284,2022-04-26 15:49:00,TANH
0.3816,0.3816,0.3816,0.3816,400,2022-04-26 15:51:00,TANH
0.3816,0.3816,0.3816,0.3816,2500,2022-04-26 15:55:00,TANH
0.3815,0.3815,0.3783,0.3783,5583,2022-04-26 15:56:00,TANH
0.3783,0.3783,0.3783,0.3783,3822,2022-04-26 15:58:00,TANH
0.3783,0.3783,0.378,0.378,4410,2022-04-26 15:59:00,TANH
0.3781,0.3781,0.3781,0.3781,7650,2022-04-26 16:00:00,TANH
0.378,0.3781,0.378,0.3781,1843,2022-04-26 16:01:00,TANH
0.3781,0.3781,0.3781,0.3781,3100,2022-04-26 16:02:00,TANH
0.3781,0.3781,0.3781,0.3781,3820,2022-04-26 16:03:00,TANH
0.3781,0.3781,0.3781,0.3781,2000,2022-04-26 16:04:00,TANH
0.378,0.3781,0.378,0.3781,1369,2022-04-26 16:05:00,TANH
0.3781,0.3781,0.3781,0.3781,967,2022-04-26 16:06:00,TANH
0.378,0.378,0.378,0.378,500,2022-04-26 16:07:00,TANH
0.378,0.378,0.377,0.377,16438,2022-04-26 16:08:00,TANH
0.377,0.3771,0.3751,0.3751,20384,2022-04-26 16:09:00,TANH
0.3751,0.3752,0.3751,0.3752,8300,2022-04-26 16:10:00,TANH
0.3752,0.3764,0.3752,0.3752,8969,2022-04-26 16:11:00,TANH
0.3758,0.3758,0.3753,0.3757,4668,2022-04-26 16:12:00,TANH
0.3758,0.3758,0.3751,0.3751,2664,2022-04-26 16:13:00,TANH
0.3754,0.3758,0.3752,0.3754,2128,2022-04-26 16:14:00,TANH
0.3758,0.3758,0.3754,0.3757,11332,2022-04-26 16:15:00,TANH
0.3757,0.379,0.3751,0.3789,9515,2022-04-26 16:16:00,TANH
0.3765,0.377,0.3762,0.3762,11031,2022-04-26 16:17:00,TANH
0.3779,0.3779,0.3779,0.3779,100,2022-04-26 16:21:00,TANH
0.377101,0.377101,0.377101,0.377101,2000,2022-04-26 16:22:00,TANH
0.3771,0.3771,0.3771,0.3771,400,2022-04-26 16:23:00,TANH
0.3771,0.3771,0.3771,0.3771,2500,2022-04-26 16:24:00,TANH
0.3771,0.3844,0.3751,0.3751,25575,2022-04-26 16:25:00,TANH
0.3771,0.3771,0.377,0.377,1884,2022-04-26 16:27:00,TANH
0.3771,0.3771,0.377096,0.3771,1500,2022-04-26 16:28:00,TANH
0.3771,0.3771,0.377,0.377,400,2022-04-26 16:29:00,TANH
0.376999,0.376999,0.376999,0.376999,1000,2022-04-26 16:32:00,TANH
0.377,0.377,0.377,0.377,100,2022-04-26 16:34:00,TANH
0.3771,0.3771,0.3771,0.3771,300,2022-04-26 16:35:00,TANH
0.3771,0.3786,0.3761,0.3761,5646,2022-04-26 16:36:00,TANH
0.3771,0.3771,0.3771,0.3771,1700,2022-04-26 16:37:00,TANH
0.3771,0.3771,0.3771,0.3771,500,2022-04-26 16:38:00,TANH
0.3771,0.3771,0.377,0.377,11266,2022-04-26 16:39:00,TANH
0.3771,0.3771,0.377096,0.3771,1200,2022-04-26 16:40:00,TANH
0.3771,0.3771,0.3771,0.3771,7602,2022-04-26 16:41:00,TANH
0.378,0.378,0.378,0.378,100,2022-04-26 16:42:00,TANH
0.3811,0.3843,0.3811,0.384004,6247,2022-04-26 16:44:00,TANH
0.384,0.3841,0.384,0.3841,13600,2022-04-26 16:46:00,TANH
0.384,0.3841,0.384,0.3841,6231,2022-04-26 16:47:00,TANH
0.384,0.384,0.384,0.384,5000,2022-04-26 16:48:00,TANH
0.3841,0.3845,0.384098,0.3845,30656,2022-04-26 16:49:00,TANH
0.3851,0.389899,0.3851,0.389899,1100,2022-04-26 16:50:00,TANH
0.389,0.39,0.389,0.39,8903,2022-04-26 16:52:00,TANH
0.390101,0.393465,0.390101,0.392,2771,2022-04-26 16:54:00,TANH
0.3925,0.3939,0.3925,0.39335,1444,2022-04-26 16:55:00,TANH
0.393899,0.394,0.393899,0.393899,6939,2022-04-26 16:56:00,TANH
0.394,0.394,0.394,0.394,884,2022-04-26 16:57:00,TANH
0.3935,0.394,0.3935,0.394,4040,2022-04-26 16:58:00,TANH
0.3945,0.3945,0.3945,0.3945,46400,2022-04-26 16:59:00,TANH
0.394,0.394,0.394,0.394,12500,2022-04-26 17:00:00,TANH
0.394,0.3941,0.3931,0.3931,2745,2022-04-26 17:01:00,TANH
0.3945,0.3945,0.393001,0.393001,3104,2022-04-26 17:02:00,TANH
0.3933,0.3933,0.3931,0.3931,300,2022-04-26 17:03:00,TANH
0.3946,0.3946,0.39,0.390101,6509,2022-04-26 17:04:00,TANH
0.39235,0.39235,0.39235,0.39235,5000,2022-04-26 17:05:00,TANH
0.393,0.3946,0.393,0.3946,927,2022-04-26 17:06:00,TANH
0.39,0.39,0.39,0.39,15000,2022-04-26 17:07:00,TANH
0.390101,0.390101,0.390101,0.390101,1000,2022-04-26 17:08:00,TANH
0.392,0.394,0.392,0.394,12600,2022-04-26 17:12:00,TANH
0.3947,0.3947,0.39,0.39,5336,2022-04-26 17:14:00,TANH
0.3902,0.3902,0.3901,0.3901,5450,2022-04-26 17:15:00,TANH
0.3901,0.3901,0.3901,0.3901,200,2022-04-26 17:16:00,TANH
0.3947,0.3947,0.39235,0.3929,3134,2022-04-26 17:17:00,TANH
0.3913,0.3913,0.3913,0.3913,100,2022-04-26 17:20:00,TANH
0.39235,0.39235,0.39235,0.39235,400,2022-04-26 17:24:00,TANH
0.39235,0.39235,0.39235,0.39235,1002,2022-04-26 17:30:00,TANH
0.3901,0.3907,0.3901,0.3905,400,2022-04-26 17:31:00,TANH
0.394599,0.3946,0.390001,0.390001,12000,2022-04-26 17:33:00,TANH
0.394599,0.3946,0.394599,0.3946,8000,2022-04-26 17:34:00,TANH
0.3946,0.3946,0.394599,0.394599,9000,2022-04-26 17:35:00,TANH
0.394599,0.3946,0.394599,0.394599,10000,2022-04-26 17:36:00,TANH
0.3946,0.3946,0.3901,0.3946,11500,2022-04-26 17:37:00,TANH
0.394599,0.3946,0.394599,0.3946,9000,2022-04-26 17:38:00,TANH
0.3946,0.3946,0.3946,0.3946,2000,2022-04-26 17:40:00,TANH
0.39235,0.3947,0.39,0.3947,24266,2022-04-26 17:41:00,TANH
0.3947,0.3975,0.390001,0.3975,110303,2022-04-26 17:42:00,TANH
0.3975,0.4099,0.3959,0.4098,76896,2022-04-26 17:43:00,TANH
0.4098,0.4099,0.409,0.4099,67572,2022-04-26 17:44:00,TANH
0.4099,0.4189,0.4099,0.4189,10165,2022-04-26 17:45:00,TANH
0.4099,0.410001,0.3999,0.3999,26838,2022-04-26 17:46:00,TANH
0.402,0.4099,0.4019,0.404,17264,2022-04-26 17:47:00,TANH
0.409899,0.409899,0.405899,0.405899,4000,2022-04-26 17:48:00,TANH
0.406,0.406,0.4059,0.4059,2100,2022-04-26 17:49:00,TANH
0.406,0.4099,0.4041,0.406899,20400,2022-04-26 17:50:00,TANH
0.406899,0.407,0.4041,0.4047,13608,2022-04-26 17:51:00,TANH
0.404,0.404,0.3999,0.401,28492,2022-04-26 17:52:00,TANH
0.401,0.4011,0.401,0.4011,1250,2022-04-26 17:53:00,TANH
0.4005,0.4027,0.4005,0.4026,1000,2022-04-26 17:54:00,TANH
0.4027,0.4027,0.4026,0.4026,7199,2022-04-26 17:55:00,TANH
0.4027,0.4097,0.4026,0.4097,8300,2022-04-26 17:56:00,TANH
0.409699,0.409699,0.409699,0.409699,1000,2022-04-26 17:57:00,TANH
0.4001,0.4095,0.4001,0.4095,2250,2022-04-26 17:58:00,TANH
0.409499,0.4095,0.409499,0.4095,3000,2022-04-26 17:59:00,TANH
0.4002,0.400201,0.4002,0.400201,3471,2022-04-26 18:01:00,TANH
0.4011,0.4019,0.4011,0.4018,1400,2022-04-26 18:06:00,TANH
0.4003,0.4003,0.4003,0.4003,2500,2022-04-26 18:07:00,TANH
0.4002,0.401,0.4,0.4,4729,2022-04-26 18:08:00,TANH
0.4,0.400101,0.4,0.4001,13596,2022-04-26 18:09:00,TANH
0.4001,0.4001,0.4001,0.4001,2000,2022-04-26 18:10:00,TANH
0.4001,0.4001,0.40005,0.4001,11900,2022-04-26 18:11:00,TANH
0.4001,0.4001,0.40009,0.40009,18624,2022-04-26 18:12:00,TANH
0.4001,0.4001,0.400099,0.400099,11000,2022-04-26 18:13:00,TANH
0.4001,0.4001,0.4001,0.4001,43100,2022-04-26 18:14:00,TANH
0.4001,0.41,0.4001,0.4071,16430,2022-04-26 18:15:00,TANH
0.4147,0.4147,0.410899,0.413699,5265,2022-04-26 18:17:00,TANH
0.410399,0.410399,0.407,0.407,8100,2022-04-26 18:18:00,TANH
0.4087,0.4104,0.407,0.4103,17727,2022-04-26 18:19:00,TANH
0.4087,0.4104,0.407101,0.407101,3495,2022-04-26 18:20:00,TANH
0.407,0.407,0.407,0.407,11888,2022-04-26 18:21:00,TANH
0.4104,0.4104,0.407,0.407,1184,2022-04-26 18:22:00,TANH
0.407,0.407,0.4069,0.4069,782,2022-04-26 18:25:00,TANH
0.407,0.407,0.40695,0.407,13620,2022-04-26 18:26:00,TANH
0.407,0.407,0.407,0.407,12900,2022-04-26 18:27:00,TANH
0.4104,0.4104,0.4104,0.4104,513,2022-04-26 18:28:00,TANH
0.412,0.4137,0.412,0.4137,5883,2022-04-26 18:29:00,TANH
0.4136,0.415,0.4136,0.415,7300,2022-04-26 18:30:00,TANH
0.414899,0.4149,0.4077,0.4085,14500,2022-04-26 18:31:00,TANH
0.4099,0.414399,0.4084,0.414399,6200,2022-04-26 18:32:00,TANH
0.414399,0.414399,0.414399,0.414399,400,2022-04-26 18:33:00,TANH
0.4145,0.4145,0.4145,0.4145,13000,2022-04-26 18:34:00,TANH
0.415,0.4169,0.4149,0.4149,11441,2022-04-26 18:35:00,TANH
0.4181,0.42,0.4179,0.4195,16900,2022-04-26 18:36:00,TANH
0.4199,0.4199,0.414701,0.4152,21300,2022-04-26 18:37:00,TANH
0.4149,0.4164,0.4146,0.4164,6460,2022-04-26 18:38:00,TANH
0.4182,0.4216,0.4182,0.4216,31324,2022-04-26 18:39:00,TANH
0.4186,0.4187,0.4183,0.4183,4400,2022-04-26 18:40:00,TANH
0.4183,0.4191,0.4183,0.4191,3731,2022-04-26 18:41:00,TANH
0.4187,0.4192,0.4187,0.4192,1200,2022-04-26 18:42:00,TANH
0.419201,0.42,0.4183,0.418375,40183,2022-04-26 18:43:00,TANH
0.4183,0.4184,0.4183,0.4184,11300,2022-04-26 18:44:00,TANH
0.4184,0.4184,0.4183,0.4183,2200,2022-04-26 18:45:00,TANH
0.4183,0.4183,0.4183,0.4183,2200,2022-04-26 18:46:00,TANH
0.4184,0.4184,0.4184,0.4184,19000,2022-04-26 18:47:00,TANH
0.4184,0.4184,0.4183,0.4183,8965,2022-04-26 18:49:00,TANH
0.4184,0.4184,0.4183,0.4183,2000,2022-04-26 18:51:00,TANH
0.4183,0.4184,0.4085,0.4122,24017,2022-04-26 18:52:00,TANH
0.414,0.414,0.414,0.414,848,2022-04-26 18:53:00,TANH
0.414,0.4183,0.414,0.4183,11400,2022-04-26 18:55:00,TANH
0.417,0.418,0.417,0.418,400,2022-04-26 18:56:00,TANH
0.4183,0.4183,0.4171,0.4183,1700,2022-04-26 18:57:00,TANH
0.4183,0.4183,0.4183,0.4183,1000,2022-04-26 18:58:00,TANH
0.416149,0.416149,0.416149,0.416149,5000,2022-04-26 19:00:00,TANH
0.4145,0.416,0.414,0.416,3700,2022-04-26 19:02:00,TANH
0.416,0.416,0.416,0.416,1000,2022-04-26 19:03:00,TANH
0.416,0.416,0.4151,0.4151,6765,2022-04-26 19:05:00,TANH
0.415,0.415,0.415,0.415,100,2022-04-26 19:06:00,TANH
0.4155,0.4155,0.4155,0.4155,245,2022-04-26 19:08:00,TANH
0.4155,0.4155,0.4155,0.4155,144,2022-04-26 19:09:00,TANH
0.415101,0.415101,0.415101,0.415101,100,2022-04-26 19:10:00,TANH
0.415101,0.4159,0.415,0.4159,1600,2022-04-26 19:11:00,TANH
0.416,0.416,0.4159,0.4159,400,2022-04-26 19:13:00,TANH
0.416,0.4161,0.416,0.4161,3800,2022-04-26 19:15:00,TANH
0.4161,0.4161,0.4161,0.4161,279,2022-04-26 19:16:00,TANH
0.4161,0.417,0.416096,0.416101,2186,2022-04-26 19:17:00,TANH
0.416,0.4161,0.414,0.4141,20749,2022-04-26 19:18:00,TANH
0.4087,0.4113,0.4087,0.4095,8734,2022-04-26 19:20:00,TANH
0.4099,0.4139,0.4099,0.4123,800,2022-04-26 19:21:00,TANH
0.4121,0.4121,0.412,0.412,3500,2022-04-26 19:22:00,TANH
0.412,0.412,0.412,0.412,2045,2022-04-26 19:24:00,TANH
0.412201,0.412201,0.412201,0.412201,3000,2022-04-26 19:26:00,TANH
0.4121,0.4121,0.4121,0.4121,500,2022-04-26 19:27:00,TANH
0.4159,0.417,0.4157,0.417,1000,2022-04-26 19:28:00,TANH
0.4151,0.4151,0.4151,0.4151,1000,2022-04-26 19:29:00,TANH
0.415101,0.415101,0.415101,0.415101,1000,2022-04-26 19:32:00,TANH
0.415,0.415,0.415,0.415,200,2022-04-26 19:35:00,TANH
0.41211,0.4199,0.4121,0.4147,10500,2022-04-26 19:36:00,TANH
0.4122,0.415,0.4122,0.4122,10000,2022-04-26 19:37:00,TANH
0.4129,0.4129,0.4129,0.4129,100,2022-04-26 19:38:00,TANH
0.4103,0.42,0.4103,0.4197,11570,2022-04-26 19:40:00,TANH
0.4161,0.4161,0.4161,0.4161,100,2022-04-26 19:41:00,TANH
0.4131,0.4133,0.4121,0.4121,500,2022-04-26 19:42:00,TANH
0.413,0.418,0.413,0.418,708,2022-04-26 19:43:00,TANH
0.4151,0.4151,0.4151,0.4151,1500,2022-04-26 19:45:00,TANH
0.4136,0.4136,0.4136,0.4136,2000,2022-04-26 19:47:00,TANH
0.4131,0.4136,0.4121,0.4136,6895,2022-04-26 19:48:00,TANH
0.41,0.41,0.41,0.41,35140,2022-04-26 19:50:00,TANH
0.41,0.41,0.41,0.41,100,2022-04-26 19:51:00,TANH
0.4086,0.4092,0.4086,0.4086,5850,2022-04-26 19:52:00,TANH
0.4086,0.4129,0.4086,0.4101,3100,2022-04-26 19:53:00,TANH
0.4107,0.4107,0.41,0.41,500,2022-04-26 19:54:00,TANH
0.4125,0.4126,0.4125,0.4126,200,2022-04-26 19:55:00,TANH
0.412,0.412,0.410201,0.4107,2100,2022-04-26 19:56:00,TANH
0.4114,0.4114,0.4104,0.4114,300,2022-04-26 19:57:00,TANH
0.4104,0.4115,0.409,0.409,12328,2022-04-26 19:58:00,TANH
0.4088,0.4088,0.4085,0.4087,4325,2022-04-26 19:59:00,TANH
0.4113,0.4113,0.4113,0.4113,2000,2022-04-26 20:00:00,TANH
0.413,0.413,0.413,0.413,500,2022-04-26 20:12:00,TANH
0.413,0.413,0.413,0.413,172,2022-04-26 20:23:00,TANH
0.41,0.41,0.41,0.41,120,2022-04-26 20:36:00,TANH
0.4,0.4,0.3895,0.3895,11447,2022-04-26 20:39:00,TANH
0.3895,0.3895,0.3895,0.3895,8553,2022-04-26 20:43:00,TANH
0.3997,0.3997,0.3997,0.3997,3000,2022-04-26 20:44:00,TANH
0.4098,0.4098,0.4098,0.4098,1500,2022-04-26 20:51:00,TANH
0.4,0.4,0.4,0.4,200,2022-04-26 20:55:00,TANH
0.4055,0.4055,0.4055,0.4055,1000,2022-04-26 20:56:00,TANH
0.4054,0.4054,0.4054,0.4054,1000,2022-04-26 20:57:00,TANH
0.4055,0.4055,0.4055,0.4055,1000,2022-04-26 20:58:00,TANH
0.405,0.405,0.405,0.405,1000,2022-04-26 21:14:00,TANH
0.405,0.405,0.405,0.405,100,2022-04-26 21:22:00,TANH
0.4003,0.4003,0.4001,0.4001,4000,2022-04-26 21:24:00,TANH
0.405,0.405,0.4048,0.405,27100,2022-04-26 21:33:00,TANH
0.405,0.405,0.405,0.405,101,2022-04-26 21:34:00,TANH
0.405,0.405,0.405,0.405,101,2022-04-26 21:35:00,TANH
0.405,0.405,0.405,0.405,202,2022-04-26 21:37:00,TANH
0.4001,0.4001,0.4001,0.4001,300,2022-04-26 21:40:00,TANH
0.4002,0.4002,0.4,0.4,21306,2022-04-26 21:48:00,TANH
0.4,0.4,0.4,0.4,5000,2022-04-26 21:49:00,TANH
0.4,0.4,0.4,0.4,5449,2022-04-26 21:53:00,TANH
0.4049,0.4065,0.4049,0.4065,4469,2022-04-26 22:15:00,TANH
0.413,0.413,0.413,0.413,14422,2022-04-26 22:31:00,TANH
0.413,0.413,0.413,0.413,122,2022-04-26 22:32:00,TANH
0.41,0.41,0.41,0.41,200,2022-04-26 22:44:00,TANH
0.41,0.41,0.41,0.41,300,2022-04-26 22:45:00,TANH
0.41,0.41,0.41,0.41,11888,2022-04-26 22:52:00,TANH
0.413,0.413,0.413,0.413,750,2022-04-26 22:54:00,TANH
0.413,0.413,0.413,0.413,1975,2022-04-26 23:08:00,TANH
0.41,0.41,0.41,0.41,348,2022-04-26 23:17:00,TANH
0.41,0.41,0.41,0.41,200,2022-04-26 23:21:00,TANH
0.41,0.41,0.41,0.41,2500,2022-04-26 23:44:00,TANH
0.413,0.413,0.413,0.413,2800,2022-04-26 23:50:00,TANH
0.4002,0.4002,0.4002,0.4002,100,2022-04-26 23:55:00,TANH
0.4151,0.4151,0.4151,0.4151,100,2022-04-27 09:02:00,TANH
0.411,0.411,0.411,0.411,400,2022-04-27 11:01:00,TANH
0.41,0.41,0.41,0.41,132,2022-04-27 11:03:00,TANH
0.41,0.41,0.41,0.41,433,2022-04-27 11:39:00,TANH
0.41,0.41,0.41,0.41,200,2022-04-27 11:41:00,TANH
0.4,0.4,0.4,0.4,200,2022-04-27 12:01:00,TANH
0.4,0.4,0.4,0.4,500,2022-04-27 12:03:00,TANH
0.3942,0.3942,0.3942,0.3942,1000,2022-04-27 12:09:00,TANH
0.3913,0.3913,0.39,0.39,4000,2022-04-27 12:11:00,TANH
0.4,0.4,0.4,0.4,9034,2022-04-27 12:14:00,TANH
0.4,0.4,0.4,0.4,16584,2022-04-27 12:15:00,TANH
0.4,0.4,0.4,0.4,100,2022-04-27 12:23:00,TANH
0.4,0.4,0.4,0.4,5476,2022-04-27 12:25:00,TANH
0.4,0.4,0.4,0.4,154,2022-04-27 12:49:00,TANH
0.39,0.39,0.39,0.39,894,2022-04-27 12:59:00,TANH
0.39,0.39,0.3828,0.3828,3400,2022-04-27 13:00:00,TANH
0.3828,0.3828,0.3816,0.3816,21200,2022-04-27 13:01:00,TANH
0.3969,0.3999,0.3969,0.3999,5793,2022-04-27 13:03:00,TANH
0.3901,0.3901,0.3833,0.3833,500,2022-04-27 13:05:00,TANH
0.3979,0.3979,0.3979,0.3979,100,2022-04-27 13:07:00,TANH
0.39,0.39,0.39,0.39,180,2022-04-27 13:12:00,TANH
0.3979,0.3993,0.3979,0.3993,500,2022-04-27 13:16:00,TANH
0.39,0.39,0.39,0.39,124,2022-04-27 13:25:00,TANH
0.3924,0.394999,0.39,0.394,12502,2022-04-27 13:30:00,TANH
0.3881,0.398,0.3881,0.398,9752,2022-04-27 13:31:00,TANH
0.397,0.398,0.3951,0.3977,10795,2022-04-27 13:32:00,TANH
0.398,0.4,0.397876,0.397876,13758,2022-04-27 13:33:00,TANH
0.4001,0.40555,0.4001,0.40555,1200,2022-04-27 13:34:00,TANH
0.40555,0.411,0.40555,0.411,500,2022-04-27 13:35:00,TANH
0.40555,0.40555,0.4,0.4,1441,2022-04-27 13:37:00,TANH
0.410899,0.410899,0.410899,0.410899,750,2022-04-27 13:38:00,TANH
0.4055,0.4055,0.4,0.4,25100,2022-04-27 13:39:00,TANH
0.4,0.4,0.4,0.4,25000,2022-04-27 13:40:00,TANH
0.4055,0.4055,0.4055,0.4055,4850,2022-04-27 13:41:00,TANH
0.411,0.411,0.411,0.411,2723,2022-04-27 13:43:00,TANH
0.4109,0.4109,0.4109,0.4109,129,2022-04-27 13:44:00,TANH
0.4003,0.4003,0.4003,0.4003,2464,2022-04-27 13:49:00,TANH
0.4001,0.4001,0.4001,0.4001,100,2022-04-27 13:50:00,TANH
0.4001,0.4001,0.4001,0.4001,1500,2022-04-27 13:52:00,TANH
0.404999,0.404999,0.404999,0.404999,1000,2022-04-27 13:53:00,TANH
0.4003,0.405,0.4003,0.405,6660,2022-04-27 13:54:00,TANH
0.4002,0.405,0.4001,0.405,17004,2022-04-27 13:55:00,TANH
0.4026,0.4026,0.4026,0.4026,1000,2022-04-27 13:56:00,TANH
0.4001,0.405,0.4001,0.405,25300,2022-04-27 13:57:00,TANH
0.4001,0.404999,0.4001,0.404999,2460,2022-04-27 13:59:00,TANH
0.4001,0.405,0.4001,0.405,7100,2022-04-27 14:01:00,TANH
0.4001,0.4001,0.4001,0.4001,500,2022-04-27 14:02:00,TANH
0.4012,0.4012,0.4012,0.4012,4200,2022-04-27 14:03:00,TANH
0.4012,0.4012,0.4012,0.4012,500,2022-04-27 14:08:00,TANH
0.401,0.401,0.401,0.401,300,2022-04-27 14:09:00,TANH
0.4,0.4,0.4,0.4,114,2022-04-27 14:11:00,TANH
0.4,0.4004,0.4,0.4004,2000,2022-04-27 14:12:00,TANH
0.3911,0.3911,0.3911,0.3911,1500,2022-04-27 14:13:00,TANH
0.4081,0.4081,0.4081,0.4081,1000,2022-04-27 14:14:00,TANH
0.404899,0.404899,0.404899,0.404899,352,2022-04-27 14:17:00,TANH
0.395,0.399999,0.395,0.399999,6010,2022-04-27 14:20:00,TANH
0.3951,0.395478,0.3951,0.395478,358,2022-04-27 14:22:00,TANH
0.395,0.395,0.395,0.395,100,2022-04-27 14:23:00,TANH
0.395,0.395,0.3945,0.395,2960,2022-04-27 14:24:00,TANH
0.3945,0.3945,0.3945,0.3945,2000,2022-04-27 14:25:00,TANH
0.3945,0.3945,0.3836,0.3865,10996,2022-04-27 14:26:00,TANH
0.3899,0.4,0.3899,0.4,11156,2022-04-27 14:27:00,TANH
0.3975,0.3975,0.3975,0.3975,1000,2022-04-27 14:28:00,TANH
0.397551,0.397551,0.397551,0.397551,218,2022-04-27 14:29:00,TANH
0.3901,0.3901,0.3901,0.3901,1580,2022-04-27 14:31:00,TANH
0.404899,0.404899,0.395,0.395,1300,2022-04-27 14:32:00,TANH
0.3953,0.3953,0.3901,0.3901,4000,2022-04-27 14:34:00,TANH
0.39495,0.39495,0.39495,0.39495,555,2022-04-27 14:35:00,TANH
0.3998,0.3998,0.3998,0.3998,100,2022-04-27 14:36:00,TANH
0.3998,0.3998,0.3998,0.3998,3480,2022-04-27 14:38:00,TANH
0.395,0.395,0.3902,0.3902,2250,2022-04-27 14:39:00,TANH
0.395,0.395,0.395,0.395,100,2022-04-27 14:40:00,TANH
0.3902,0.3902,0.3902,0.3902,1000,2022-04-27 14:41:00,TANH
0.390301,0.390301,0.390301,0.390301,100,2022-04-27 14:42:00,TANH
0.3988,0.3988,0.3988,0.3988,100,2022-04-27 14:43:00,TANH
0.3956,0.3956,0.3901,0.3901,20128,2022-04-27 14:44:00,TANH
0.3998,0.3998,0.3998,0.3998,150,2022-04-27 14:46:00,TANH
0.3997,0.3997,0.3997,0.3997,5700,2022-04-27 14:48:00,TANH
0.390692,0.390692,0.390692,0.390692,1000,2022-04-27 14:49:00,TANH
0.3997,0.3997,0.3952,0.3952,504,2022-04-27 14:50:00,TANH
0.399799,0.399799,0.395,0.395,25150,2022-04-27 14:54:00,TANH
0.3907,0.3965,0.3907,0.3965,600,2022-04-27 14:55:00,TANH
0.3933,0.396,0.3933,0.395,7488,2022-04-27 14:56:00,TANH
0.395,0.396,0.395,0.396,4700,2022-04-27 14:57:00,TANH
0.3906,0.3906,0.3906,0.3906,200,2022-04-27 14:58:00,TANH
0.3998,0.4097,0.3998,0.4097,200,2022-04-27 14:59:00,TANH
0.4099,0.4099,0.4099,0.4099,300,2022-04-27 15:00:00,TANH
0.3935,0.3935,0.3935,0.3935,1550,2022-04-27 15:02:00,TANH
0.4099,0.4099,0.4001,0.4099,1877,2022-04-27 15:06:00,TANH
0.401,0.401,0.401,0.401,2500,2022-04-27 15:07:00,TANH
0.400783,0.400783,0.400783,0.400783,3781,2022-04-27 15:08:00,TANH
0.4003,0.4003,0.3985,0.4,3000,2022-04-27 15:09:00,TANH
0.4099,0.4099,0.4099,0.4099,25000,2022-04-27 15:13:00,TANH
0.4098,0.4098,0.4098,0.4098,181,2022-04-27 15:16:00,TANH
0.4089,0.4089,0.4089,0.4089,250,2022-04-27 15:20:00,TANH
0.4056,0.4056,0.4056,0.4056,2000,2022-04-27 15:28:00,TANH
0.396,0.396,0.396,0.396,100,2022-04-27 15:31:00,TANH
0.3951,0.3951,0.3951,0.3951,540,2022-04-27 15:32:00,TANH
0.3972,0.3972,0.3972,0.3972,5000,2022-04-27 15:34:00,TANH
0.4,0.4,0.3971,0.3971,1000,2022-04-27 15:37:00,TANH
0.3971,0.3971,0.3971,0.3971,150,2022-04-27 15:38:00,TANH
0.3981,0.3981,0.3981,0.3981,100,2022-04-27 15:41:00,TANH
0.409,0.4095,0.401,0.402,34850,2022-04-27 15:42:00,TANH
0.402,0.41,0.402,0.41,2300,2022-04-27 15:43:00,TANH
0.407,0.41,0.407,0.407,2400,2022-04-27 15:45:00,TANH
0.407,0.41,0.407,0.41,6100,2022-04-27 15:47:00,TANH
0.408,0.41,0.4007,0.4007,21500,2022-04-27 15:48:00,TANH
0.40535,0.40535,0.40535,0.40535,2500,2022-04-27 15:51:00,TANH
0.4012,0.4012,0.4012,0.4012,1172,2022-04-27 15:57:00,TANH
0.4006,0.4006,0.3971,0.4,15980,2022-04-27 16:01:00,TANH
0.4015,0.4015,0.4015,0.4015,1200,2022-04-27 16:04:00,TANH
0.3926,0.4,0.3926,0.4,250,2022-04-27 16:09:00,TANH
0.3926,0.3926,0.3926,0.3926,700,2022-04-27 16:11:00,TANH
0.3981,0.3981,0.398,0.398,3566,2022-04-27 16:13:00,TANH
0.398,0.404,0.398,0.404,3300,2022-04-27 16:14:00,TANH
0.398,0.3982,0.398,0.3982,306,2022-04-27 16:15:00,TANH
0.3982,0.398596,0.3982,0.398596,900,2022-04-27 16:16:00,TANH
0.398101,0.398101,0.398101,0.398101,500,2022-04-27 16:17:00,TANH
0.404,0.404,0.404,0.404,405,2022-04-27 16:24:00,TANH
0.4041,0.4041,0.404,0.404,200,2022-04-27 16:25:00,TANH
0.408,0.408,0.408,0.408,50000,2022-04-27 16:33:00,TANH
0.404,0.404,0.4,0.4,8963,2022-04-27 16:34:00,TANH
0.399,0.4041,0.399,0.4041,19495,2022-04-27 16:35:00,TANH
0.399001,0.399001,0.399001,0.399001,115,2022-04-27 16:38:00,TANH
0.4015,0.4015,0.4015,0.4015,533,2022-04-27 16:40:00,TANH
0.404,0.404,0.403899,0.403899,10424,2022-04-27 16:41:00,TANH
0.4039,0.4039,0.4001,0.4001,5400,2022-04-27 16:42:00,TANH
0.4029,0.4029,0.4029,0.4029,911,2022-04-27 16:43:00,TANH
0.4015,0.4015,0.4015,0.4015,374,2022-04-27 16:44:00,TANH
0.401501,0.401501,0.401501,0.401501,900,2022-04-27 16:46:00,TANH
0.3995,0.3995,0.3995,0.3995,300,2022-04-27 16:48:00,TANH
0.4015,0.4015,0.4015,0.4015,100,2022-04-27 16:52:00,TANH
0.404,0.404,0.404,0.404,100,2022-04-27 16:53:00,TANH
0.401499,0.401499,0.401499,0.401499,100,2022-04-27 16:54:00,TANH
0.4015,0.4015,0.4015,0.4015,1900,2022-04-27 16:56:00,TANH
0.3999,0.3999,0.3999,0.3999,10600,2022-04-27 16:57:00,TANH
0.403899,0.403899,0.403899,0.403899,1000,2022-04-27 16:58:00,TANH
0.399,0.399,0.399,0.399,200,2022-04-27 17:01:00,TANH
0.399,0.404,0.399,0.404,1050,2022-04-27 17:02:00,TANH
0.399,0.39905,0.3926,0.3926,14200,2022-04-27 17:07:00,TANH
0.398299,0.404,0.398299,0.404,200,2022-04-27 17:15:00,TANH
0.3955,0.3955,0.3955,0.3955,300,2022-04-27 17:28:00,TANH
0.3955,0.3955,0.3955,0.3955,15975,2022-04-27 17:35:00,TANH
0.396,0.396,0.3955,0.3955,17136,2022-04-27 17:36:00,TANH
0.3975,0.3975,0.3962,0.3962,3100,2022-04-27 17:37:00,TANH
0.395,0.3995,0.395,0.3995,2320,2022-04-27 17:38:00,TANH
0.403899,0.403899,0.403899,0.403899,100,2022-04-27 17:46:00,TANH
0.404,0.404,0.404,0.404,200,2022-04-27 17:50:00,TANH
0.3961,0.3961,0.3961,0.3961,20000,2022-04-27 17:53:00,TANH
0.3952,0.3983,0.395,0.3983,12200,2022-04-27 17:56:00,TANH
0.3926,0.3926,0.3926,0.3926,6398,2022-04-27 17:59:00,TANH
0.4,0.4,0.4,0.4,2700,2022-04-27 18:00:00,TANH
0.399,0.4,0.399,0.399,1240,2022-04-27 18:01:00,TANH
0.39993,0.39993,0.39993,0.39993,500,2022-04-27 18:02:00,TANH
0.3965,0.3965,0.3965,0.3965,1050,2022-04-27 18:06:00,TANH
0.3964,0.3964,0.3964,0.3964,1000,2022-04-27 18:11:00,TANH
0.3965,0.3965,0.3965,0.3965,400,2022-04-27 18:12:00,TANH
0.399899,0.399899,0.399899,0.399899,1000,2022-04-27 18:13:00,TANH
0.399899,0.399899,0.399899,0.399899,393,2022-04-27 18:14:00,TANH
0.4,0.4012,0.4,0.4012,1848,2022-04-27 18:20:00,TANH
0.4012,0.40185,0.3997,0.3998,6715,2022-04-27 18:21:00,TANH
0.397,0.397,0.397,0.397,10800,2022-04-27 18:31:00,TANH
0.404,0.404,0.404,0.404,2570,2022-04-27 18:36:00,TANH
0.3995,0.3995,0.397,0.397,13200,2022-04-27 18:38:00,TANH
0.3943,0.3943,0.3943,0.3943,2295,2022-04-27 18:41:00,TANH
0.3959,0.396,0.3959,0.3959,3000,2022-04-27 18:42:00,TANH
0.396,0.396,0.3959,0.396,2000,2022-04-27 18:43:00,TANH
0.395899,0.395899,0.395899,0.395899,1000,2022-04-27 18:44:00,TANH
0.3959,0.3959,0.3959,0.3959,2000,2022-04-27 18:45:00,TANH
0.396,0.396,0.396,0.396,31350,2022-04-27 18:47:00,TANH
0.402,0.402,0.402,0.402,3300,2022-04-27 18:48:00,TANH
0.396,0.399,0.3959,0.3959,13803,2022-04-27 18:51:00,TANH
0.3959,0.3959,0.3959,0.3959,129,2022-04-27 18:52:00,TANH
0.393,0.393,0.3926,0.3926,3930,2022-04-27 18:53:00,TANH
0.3925,0.393,0.3925,0.393,2359,2022-04-27 18:55:00,TANH
0.393,0.393,0.393,0.393,4400,2022-04-27 18:58:00,TANH
0.3926,0.3926,0.3925,0.3926,827,2022-04-27 18:59:00,TANH
0.3925,0.393,0.3925,0.393,9551,2022-04-27 19:00:00,TANH
0.393,0.393,0.393,0.393,2683,2022-04-27 19:01:00,TANH
0.393,0.393,0.392,0.393,3274,2022-04-27 19:02:00,TANH
0.393,0.393,0.393,0.393,793,2022-04-27 19:03:00,TANH
0.4,0.4,0.395,0.395,800,2022-04-27 19:04:00,TANH
0.399899,0.4,0.3935,0.4,2280,2022-04-27 19:05:00,TANH
0.398,0.398,0.398,0.398,450,2022-04-27 19:07:00,TANH
0.396,0.396,0.396,0.396,219,2022-04-27 19:12:00,TANH
0.395999,0.395999,0.395999,0.395999,2284,2022-04-27 19:14:00,TANH
0.3955,0.3955,0.3955,0.3955,250,2022-04-27 19:15:00,TANH
0.39,0.39,0.39,0.39,120,2022-04-27 19:17:00,TANH
0.395899,0.396,0.395899,0.396,210,2022-04-27 19:18:00,TANH
0.392,0.392,0.39,0.39,17257,2022-04-27 19:20:00,TANH
0.388,0.39,0.385201,0.39,3422,2022-04-27 19:21:00,TANH
0.391999,0.391999,0.3851,0.3851,23000,2022-04-27 19:22:00,TANH
0.392,0.392,0.392,0.392,1000,2022-04-27 19:23:00,TANH
0.3851,0.3851,0.3851,0.3851,1000,2022-04-27 19:24:00,TANH
0.385,0.385,0.382,0.382,14755,2022-04-27 19:25:00,TANH
0.3822,0.3855,0.3822,0.3855,2305,2022-04-27 19:26:00,TANH
0.3899,0.3899,0.3895,0.3899,1500,2022-04-27 19:27:00,TANH
0.399999,0.399999,0.399999,0.399999,150,2022-04-27 19:29:00,TANH
0.3856,0.3856,0.3856,0.3856,1000,2022-04-27 19:30:00,TANH
0.3999,0.3999,0.393,0.393,1845,2022-04-27 19:31:00,TANH
0.39,0.39,0.39,0.39,312,2022-04-27 19:34:00,TANH
0.399,0.4,0.399,0.4,700,2022-04-27 19:36:00,TANH
0.3998,0.3998,0.3998,0.3998,5000,2022-04-27 19:37:00,TANH
0.3926,0.3926,0.3926,0.3926,2020,2022-04-27 19:38:00,TANH
0.3922,0.3922,0.3922,0.3922,300,2022-04-27 19:41:00,TANH
0.386,0.3983,0.386,0.392,5941,2022-04-27 19:42:00,TANH
0.3901,0.3901,0.3901,0.3901,2575,2022-04-27 19:43:00,TANH
0.39,0.39,0.39,0.39,2571,2022-04-27 19:44:00,TANH
0.3977,0.3977,0.3977,0.3977,100,2022-04-27 19:48:00,TANH
0.3967,0.3967,0.3967,0.3967,112,2022-04-27 19:49:00,TANH
0.397599,0.397599,0.397599,0.397599,500,2022-04-27 19:51:00,TANH
0.3912,0.3912,0.3912,0.3912,100,2022-04-27 19:52:00,TANH
0.3912,0.3912,0.3912,0.3912,2000,2022-04-27 19:54:00,TANH
0.397599,0.397599,0.3912,0.3912,1938,2022-04-27 19:56:00,TANH
0.3912,0.3912,0.3912,0.3912,1100,2022-04-27 19:57:00,TANH
0.3913,0.3913,0.3912,0.3912,608,2022-04-27 19:58:00,TANH
0.3967,0.3977,0.3912,0.3977,850,2022-04-27 19:59:00,TANH
0.3912,0.398,0.3912,0.398,468,2022-04-27 20:00:00,TANH
0.398,0.398,0.398,0.398,102,2022-04-27 20:01:00,TANH
0.39,0.39,0.39,0.39,200,2022-04-27 20:03:00,TANH
0.39,0.39,0.39,0.39,600,2022-04-27 20:05:00,TANH
0.39,0.39,0.39,0.39,586,2022-04-27 20:19:00,TANH
0.39,0.39,0.39,0.39,331,2022-04-27 20:46:00,TANH
0.3887,0.3887,0.3887,0.3887,500,2022-04-27 20:47:00,TANH
0.39,0.39,0.39,0.39,150,2022-04-27 20:48:00,TANH
0.39,0.39,0.39,0.39,2500,2022-04-27 20:53:00,TANH
0.39,0.39,0.39,0.39,900,2022-04-27 20:57:00,TANH
0.3887,0.3887,0.385,0.385,2000,2022-04-27 21:03:00,TANH
0.3851,0.3851,0.385,0.385,4118,2022-04-27 21:08:00,TANH
0.383,0.383,0.377,0.377,10837,2022-04-27 21:09:00,TANH
0.3958,0.3958,0.3958,0.3958,3217,2022-04-27 21:10:00,TANH
0.3812,0.3812,0.3806,0.3806,5263,2022-04-27 21:14:00,TANH
0.39,0.39,0.39,0.39,100,2022-04-27 21:32:00,TANH
0.3805,0.3805,0.3805,0.3805,200,2022-04-27 21:39:00,TANH
0.3982,0.3982,0.3982,0.3982,100,2022-04-27 21:40:00,TANH
0.3982,0.3982,0.3982,0.3982,200,2022-04-27 21:42:00,TANH
0.389,0.389,0.389,0.389,525,2022-04-27 21:48:00,TANH
0.389,0.389,0.389,0.389,950,2022-04-27 22:20:00,TANH
0.3982,0.3982,0.3982,0.3982,239,2022-04-27 22:21:00,TANH
0.389,0.389,0.389,0.389,1000,2022-04-27 22:50:00,TANH
0.389,0.3983,0.389,0.3983,10509,2022-04-27 22:51:00,TANH
0.3989,0.3989,0.3989,0.3989,1300,2022-04-27 22:56:00,TANH
0.386,0.386,0.384,0.384,4668,2022-04-27 23:07:00,TANH
0.3814,0.3814,0.3814,0.3814,1231,2022-04-27 23:09:00,TANH
0.3826,0.3826,0.382,0.382,3000,2022-04-27 23:11:00,TANH
0.389,0.39,0.389,0.39,1000,2022-04-27 23:13:00,TANH
0.3852,0.3852,0.3852,0.3852,2000,2022-04-27 23:15:00,TANH
0.3852,0.3852,0.3852,0.3852,2000,2022-04-27 23:22:00,TANH
0.3851,0.3851,0.3851,0.3851,1000,2022-04-27 23:25:00,TANH
0.3851,0.3852,0.3851,0.3852,5000,2022-04-27 23:27:00,TANH
0.39,0.39,0.39,0.39,1000,2022-04-27 23:29:00,TANH
0.3997,0.3997,0.3898,0.3898,2100,2022-04-27 23:41:00,TANH
0.3898,0.397,0.3898,0.397,1300,2022-04-27 23:42:00,TANH
0.397,0.3998,0.397,0.3998,3600,2022-04-27 23:48:00,TANH
0.3918,0.3918,0.3918,0.3918,150,2022-04-28 09:24:00,TANH
0.3998,0.3998,0.3998,0.3998,638,2022-04-28 09:39:00,TANH
0.3998,0.4,0.3998,0.4,888,2022-04-28 09:46:00,TANH
0.392,0.392,0.392,0.392,8504,2022-04-28 11:19:00,TANH
0.392,0.392,0.392,0.392,300,2022-04-28 11:39:00,TANH
0.392,0.392,0.392,0.392,250,2022-04-28 12:03:00,TANH
0.3921,0.3921,0.3921,0.3921,100,2022-04-28 12:11:00,TANH
0.3921,0.3921,0.3921,0.3921,3000,2022-04-28 12:12:00,TANH
0.392,0.392,0.392,0.392,11606,2022-04-28 12:13:00,TANH
0.3918,0.3919,0.3918,0.3919,393,2022-04-28 12:14:00,TANH
0.3919,0.3919,0.3919,0.3919,1476,2022-04-28 12:17:00,TANH
0.396,0.4,0.396,0.4,887,2022-04-28 12:26:00,TANH
0.3919,0.3919,0.3801,0.3801,5000,2022-04-28 12:27:00,TANH
0.3999,0.3999,0.3999,0.3999,400,2022-04-28 12:36:00,TANH
0.385,0.385,0.385,0.385,220,2022-04-28 12:45:00,TANH
0.3999,0.3999,0.385,0.385,1475,2022-04-28 12:46:00,TANH
0.385,0.385,0.385,0.385,600,2022-04-28 12:55:00,TANH
0.385,0.385,0.382,0.382,400,2022-04-28 12:56:00,TANH
0.395,0.395,0.395,0.395,100,2022-04-28 12:57:00,TANH
0.3812,0.3812,0.3812,0.3812,463,2022-04-28 13:18:00,TANH
0.39,0.39,0.39,0.39,470,2022-04-28 13:26:00,TANH
0.3941,0.3941,0.3902,0.3902,736,2022-04-28 13:30:00,TANH
0.387,0.387,0.3813,0.3813,1520,2022-04-28 13:31:00,TANH
0.391,0.391,0.3909,0.3909,11860,2022-04-28 13:32:00,TANH
0.3821,0.38615,0.3821,0.38615,2296,2022-04-28 13:33:00,TANH
0.3901,0.3901,0.389585,0.3901,788,2022-04-28 13:34:00,TANH
0.3901,0.3901,0.3901,0.3901,100,2022-04-28 13:35:00,TANH
0.3836,0.385,0.3836,0.3836,4236,2022-04-28 13:36:00,TANH
0.3838,0.389,0.3838,0.389,5000,2022-04-28 13:37:00,TANH
0.3861,0.3879,0.3861,0.3879,800,2022-04-28 13:39:00,TANH
0.38655,0.387,0.3861,0.387,1751,2022-04-28 13:40:00,TANH
0.3861,0.3861,0.3837,0.386,15169,2022-04-28 13:41:00,TANH
0.386,0.386,0.386,0.386,850,2022-04-28 13:42:00,TANH
0.387,0.387,0.387,0.387,140,2022-04-28 13:43:00,TANH
0.3847,0.3847,0.3847,0.3847,183,2022-04-28 13:44:00,TANH
0.3837,0.3849,0.3836,0.3848,8300,2022-04-28 13:46:00,TANH
0.3849,0.3849,0.3849,0.3849,1000,2022-04-28 13:47:00,TANH
0.3849,0.3849,0.3838,0.3838,2605,2022-04-28 13:48:00,TANH
0.384001,0.384001,0.383,0.3832,10000,2022-04-28 13:49:00,TANH
0.385,0.385,0.3826,0.3827,2873,2022-04-28 13:50:00,TANH
0.3828,0.3828,0.3813,0.3826,15465,2022-04-28 13:51:00,TANH
0.3827,0.3827,0.382698,0.3827,1800,2022-04-28 13:52:00,TANH
0.3827,0.3859,0.3827,0.3859,3400,2022-04-28 13:53:00,TANH
0.3859,0.386,0.383,0.383,21800,2022-04-28 13:54:00,TANH
0.386,0.386,0.383101,0.383101,7409,2022-04-28 13:55:00,TANH
0.386,0.386,0.385851,0.385851,950,2022-04-28 13:56:00,TANH
0.386,0.386,0.385348,0.386,3258,2022-04-28 13:57:00,TANH
0.3859,0.391,0.3859,0.391,5916,2022-04-28 13:58:00,TANH
0.3885,0.3885,0.3885,0.3885,500,2022-04-28 14:00:00,TANH
0.3842,0.3842,0.3842,0.3842,9000,2022-04-28 14:02:00,TANH
0.3832,0.3832,0.3832,0.3832,51783,2022-04-28 14:03:00,TANH
0.3938,0.3938,0.3938,0.3938,100,2022-04-28 14:05:00,TANH
0.3832,0.3938,0.3832,0.392899,11025,2022-04-28 14:06:00,TANH
0.391899,0.3919,0.391899,0.3919,500,2022-04-28 14:07:00,TANH
0.3885,0.3885,0.3885,0.3885,2400,2022-04-28 14:09:00,TANH
0.3919,0.3919,0.3919,0.3919,180,2022-04-28 14:10:00,TANH
0.392,0.392,0.392,0.392,125,2022-04-28 14:11:00,TANH
0.385,0.385101,0.385,0.385101,699,2022-04-28 14:14:00,TANH
0.385,0.385,0.384,0.384,5534,2022-04-28 14:15:00,TANH
0.3831,0.3849,0.3831,0.3849,400,2022-04-28 14:16:00,TANH
0.3832,0.3832,0.3831,0.3831,2275,2022-04-28 14:17:00,TANH
0.3831,0.3832,0.3831,0.3831,19966,2022-04-28 14:18:00,TANH
0.3832,0.3832,0.3831,0.3831,500,2022-04-28 14:19:00,TANH
0.3831,0.39,0.3831,0.39,21200,2022-04-28 14:20:00,TANH
0.3864,0.3865,0.3864,0.3865,1000,2022-04-28 14:21:00,TANH
0.392,0.392,0.3919,0.3919,1900,2022-04-28 14:22:00,TANH
0.3919,0.3919,0.391699,0.391699,2650,2022-04-28 14:23:00,TANH
0.38915,0.38915,0.38915,0.38915,1000,2022-04-28 14:24:00,TANH
0.38915,0.3893,0.38915,0.3893,4248,2022-04-28 14:26:00,TANH
0.391747,0.391747,0.391747,0.391747,4500,2022-04-28 14:27:00,TANH
0.386501,0.38915,0.386501,0.38915,315,2022-04-28 14:28:00,TANH
0.3892,0.3892,0.3892,0.3892,1190,2022-04-28 14:29:00,TANH
0.3898,0.3898,0.3898,0.3898,1000,2022-04-28 14:32:00,TANH
0.38985,0.38985,0.3865,0.3865,1638,2022-04-28 14:33:00,TANH
0.3865,0.3865,0.3865,0.3865,200,2022-04-28 14:34:00,TANH
0.3832,0.3832,0.3831,0.3832,700,2022-04-28 14:35:00,TANH
0.389899,0.389899,0.389899,0.389899,150,2022-04-28 14:37:00,TANH
0.386,0.386,0.386,0.386,500,2022-04-28 14:40:00,TANH
0.387,0.387,0.3851,0.3858,7599,2022-04-28 14:41:00,TANH
0.385901,0.385901,0.385901,0.385901,100,2022-04-28 14:43:00,TANH
0.3858,0.389799,0.3858,0.389799,1784,2022-04-28 14:45:00,TANH
0.3833,0.3833,0.376,0.3805,131181,2022-04-28 14:46:00,TANH
0.385,0.3898,0.385,0.3898,16900,2022-04-28 14:47:00,TANH
0.3899,0.3899,0.3896,0.3896,10000,2022-04-28 14:48:00,TANH
0.392,0.392,0.389,0.39,30000,2022-04-28 14:49:00,TANH
0.39,0.39,0.389899,0.389899,12500,2022-04-28 14:50:00,TANH
0.389,0.392,0.389,0.392,300,2022-04-28 14:51:00,TANH
0.3899,0.3899,0.3899,0.3899,1000,2022-04-28 14:52:00,TANH
0.3909,0.3909,0.3909,0.3909,5000,2022-04-28 14:54:00,TANH
0.3919,0.3919,0.3919,0.3919,1000,2022-04-28 14:55:00,TANH
0.3899,0.3899,0.3899,0.3899,9900,2022-04-28 14:56:00,TANH
0.3919,0.3919,0.3919,0.3919,1800,2022-04-28 14:57:00,TANH
0.392,0.392,0.392,0.392,100,2022-04-28 14:59:00,TANH
0.3852,0.3852,0.3852,0.3852,100,2022-04-28 15:00:00,TANH
0.3881,0.388101,0.3881,0.388101,1000,2022-04-28 15:03:00,TANH
0.3852,0.3852,0.3852,0.3852,5163,2022-04-28 15:04:00,TANH
0.391,0.391,0.391,0.391,300,2022-04-28 15:06:00,TANH
0.391,0.391,0.3852,0.3852,400,2022-04-28 15:07:00,TANH
0.3881,0.3909,0.3852,0.3909,1286,2022-04-28 15:08:00,TANH
0.391,0.391,0.391,0.391,100,2022-04-28 15:10:00,TANH
0.3893,0.3893,0.3893,0.3893,100,2022-04-28 15:11:00,TANH
0.389,0.389,0.389,0.389,4936,2022-04-28 15:20:00,TANH
0.3851,0.3851,0.3851,0.3851,500,2022-04-28 15:24:00,TANH
0.3884,0.3884,0.3884,0.3884,198,2022-04-28 15:25:00,TANH
0.387,0.387,0.387,0.387,100,2022-04-28 15:27:00,TANH
0.3899,0.3899,0.3889,0.3889,4500,2022-04-28 15:28:00,TANH
0.3899,0.3899,0.3898,0.3898,2600,2022-04-28 15:29:00,TANH
0.3898,0.3898,0.3898,0.3898,5000,2022-04-28 15:30:00,TANH
0.3898,0.3899,0.3898,0.3899,3000,2022-04-28 15:31:00,TANH
0.3897,0.3897,0.385,0.385,7214,2022-04-28 15:32:00,TANH
0.388,0.388,0.388,0.388,100,2022-04-28 15:33:00,TANH
0.3824,0.3897,0.3824,0.3897,5250,2022-04-28 15:35:00,TANH
0.382101,0.382101,0.382101,0.382101,1000,2022-04-28 15:36:00,TANH
0.3885,0.3885,0.3885,0.3885,100,2022-04-28 15:37:00,TANH
0.3899,0.3899,0.3899,0.3899,100,2022-04-28 15:40:00,TANH
0.387449,0.387449,0.387449,0.387449,500,2022-04-28 15:41:00,TANH
0.38745,0.38745,0.385,0.385,800,2022-04-28 15:43:00,TANH
0.3874,0.3874,0.3874,0.3874,200,2022-04-28 15:44:00,TANH
0.3898,0.3898,0.3898,0.3898,100,2022-04-28 15:46:00,TANH
0.3899,0.3899,0.3899,0.3899,100,2022-04-28 15:47:00,TANH
0.3899,0.3899,0.3899,0.3899,100,2022-04-28 15:48:00,TANH
0.3851,0.3851,0.3851,0.3851,200,2022-04-28 15:49:00,TANH
0.3889,0.3889,0.3889,0.3889,100,2022-04-28 15:50:00,TANH
0.3889,0.3889,0.3889,0.3889,200,2022-04-28 15:52:00,TANH
0.3889,0.39,0.3851,0.3899,10318,2022-04-28 15:53:00,TANH
0.3852,0.3852,0.3852,0.3852,2500,2022-04-28 15:54:00,TANH
0.3852,0.3852,0.3851,0.3851,2200,2022-04-28 15:57:00,TANH
0.39,0.39,0.39,0.39,2500,2022-04-28 15:58:00,TANH
0.3856,0.3856,0.3856,0.3856,100,2022-04-28 16:02:00,TANH
0.39,0.39,0.39,0.39,500,2022-04-28 16:04:00,TANH
0.3878,0.3878,0.3878,0.3878,337,2022-04-28 16:06:00,TANH
0.389797,0.389797,0.389797,0.389797,5000,2022-04-28 16:07:00,TANH
0.3899,0.392,0.3899,0.392,4356,2022-04-28 16:10:00,TANH
0.392899,0.392899,0.392899,0.392899,300,2022-04-28 16:11:00,TANH
0.392801,0.392801,0.392801,0.392801,300,2022-04-28 16:12:00,TANH
0.393,0.3998,0.393,0.3956,5300,2022-04-28 16:13:00,TANH
0.3999,0.3999,0.3928,0.3999,20800,2022-04-28 16:14:00,TANH
0.3949,0.3949,0.3949,0.3949,2852,2022-04-28 16:21:00,TANH
0.3998,0.3998,0.3998,0.3998,10000,2022-04-28 16:22:00,TANH
0.3901,0.394,0.3901,0.394,400,2022-04-28 16:23:00,TANH
0.394,0.394,0.394,0.394,2964,2022-04-28 16:24:00,TANH
0.394,0.394,0.394,0.394,2000,2022-04-28 16:26:00,TANH
0.3857,0.394,0.3857,0.394,10678,2022-04-28 16:28:00,TANH
0.394,0.3999,0.394,0.3998,13858,2022-04-28 16:29:00,TANH
0.399899,0.399899,0.395,0.395,9277,2022-04-28 16:30:00,TANH
0.3985,0.3985,0.3985,0.3985,3800,2022-04-28 16:31:00,TANH
0.399,0.399,0.399,0.399,2700,2022-04-28 16:33:00,TANH
0.395,0.395,0.395,0.395,270,2022-04-28 16:34:00,TANH
0.395,0.395,0.3915,0.3915,4702,2022-04-28 16:35:00,TANH
0.3999,0.3999,0.3957,0.3957,9238,2022-04-28 16:36:00,TANH
0.3995,0.4,0.3995,0.4,9847,2022-04-28 16:37:00,TANH
0.4,0.4,0.399899,0.399899,6712,2022-04-28 16:38:00,TANH
0.3976,0.3976,0.3976,0.3976,905,2022-04-28 16:39:00,TANH
0.4,0.41,0.4,0.41,29700,2022-04-28 16:41:00,TANH
0.41,0.4178,0.41,0.4101,17626,2022-04-28 16:42:00,TANH
0.41,0.41,0.41,0.41,500,2022-04-28 16:43:00,TANH
0.405899,0.405899,0.392,0.399801,4096,2022-04-28 16:47:00,TANH
0.4,0.4,0.4,0.4,4781,2022-04-28 16:48:00,TANH
0.4082,0.4082,0.4082,0.4082,300,2022-04-28 16:53:00,TANH
0.407,0.407,0.407,0.407,6500,2022-04-28 16:54:00,TANH
0.409799,0.4099,0.409799,0.4099,4325,2022-04-28 16:58:00,TANH
0.4098,0.4098,0.4098,0.4098,5000,2022-04-28 17:00:00,TANH
0.409899,0.409899,0.409899,0.409899,224,2022-04-28 17:02:00,TANH
0.4098,0.4098,0.4098,0.4098,100,2022-04-28 17:03:00,TANH
0.4012,0.4012,0.4012,0.4012,957,2022-04-28 17:10:00,TANH
0.4084,0.4084,0.4016,0.4016,4090,2022-04-28 17:12:00,TANH
0.40161,0.40161,0.40161,0.40161,465,2022-04-28 17:13:00,TANH
0.4099,0.4099,0.4099,0.4099,100,2022-04-28 17:16:00,TANH
0.4016,0.4016,0.4016,0.4016,200,2022-04-28 17:20:00,TANH
0.4098,0.4098,0.4098,0.4098,500,2022-04-28 17:22:00,TANH
0.4016,0.4016,0.4016,0.4016,700,2022-04-28 17:28:00,TANH
0.4016,0.4016,0.4016,0.4016,200,2022-04-28 17:33:00,TANH
0.4018,0.4018,0.4018,0.4018,2500,2022-04-28 17:36:00,TANH
0.409,0.409,0.4089,0.4089,1100,2022-04-28 17:37:00,TANH
0.4089,0.4089,0.4089,0.4089,1000,2022-04-28 17:38:00,TANH
0.4016,0.4016,0.4016,0.4016,100,2022-04-28 17:40:00,TANH
0.4088,0.4088,0.4016,0.4016,4500,2022-04-28 17:41:00,TANH
0.4016,0.4016,0.4016,0.4016,1100,2022-04-28 17:43:00,TANH
0.4088,0.4088,0.4088,0.4088,3600,2022-04-28 17:44:00,TANH
0.4016,0.4016,0.4016,0.4016,200,2022-04-28 17:46:00,TANH
0.4017,0.4017,0.4016,0.4016,6900,2022-04-28 17:52:00,TANH
0.4016,0.4016,0.4016,0.4016,16100,2022-04-28 17:54:00,TANH
0.4054,0.4054,0.4054,0.4054,100,2022-04-28 17:56:00,TANH
0.4037,0.4037,0.4037,0.4037,3000,2022-04-28 17:59:00,TANH
0.4084,0.4084,0.4084,0.4084,100,2022-04-28 18:01:00,TANH
0.3928,0.3928,0.3928,0.3928,2100,2022-04-28 18:09:00,TANH
0.392901,0.392901,0.392901,0.392901,1000,2022-04-28 18:14:00,TANH
0.3971,0.3971,0.3971,0.3971,3000,2022-04-28 18:15:00,TANH
0.3928,0.3928,0.3928,0.3928,200,2022-04-28 18:20:00,TANH
0.3999,0.3999,0.392901,0.392901,3200,2022-04-28 18:21:00,TANH
0.3966,0.3966,0.3966,0.3966,1000,2022-04-28 18:24:00,TANH
0.4,0.4,0.3999,0.3999,1823,2022-04-28 18:25:00,TANH
0.3999,0.4,0.3971,0.4,2133,2022-04-28 18:30:00,TANH
0.3942,0.4,0.3942,0.4,2388,2022-04-28 18:39:00,TANH
0.3942,0.3971,0.3942,0.3942,16441,2022-04-28 18:41:00,TANH
0.4,0.4,0.3942,0.4,9763,2022-04-28 18:42:00,TANH
0.3942,0.3942,0.3942,0.3942,200,2022-04-28 18:43:00,TANH
0.4,0.4,0.4,0.4,4938,2022-04-28 18:44:00,TANH
0.394201,0.394201,0.3942,0.3942,2300,2022-04-28 18:46:00,TANH
0.3983,0.4012,0.3983,0.4012,200,2022-04-28 18:48:00,TANH
0.3975,0.398,0.3975,0.398,7200,2022-04-28 18:52:00,TANH
0.3979,0.398,0.3978,0.398,3600,2022-04-28 18:53:00,TANH
0.4008,0.4008,0.4008,0.4008,400,2022-04-28 18:54:00,TANH
0.4012,0.4012,0.4011,0.4011,11100,2022-04-28 18:56:00,TANH
0.4011,0.4078,0.4011,0.4078,3718,2022-04-28 18:57:00,TANH
0.405649,0.405649,0.405649,0.405649,500,2022-04-28 19:01:00,TANH
0.4099,0.4099,0.4099,0.4099,274,2022-04-28 19:03:00,TANH
0.4099,0.4099,0.4099,0.4099,450,2022-04-28 19:06:00,TANH
0.4099,0.4099,0.4099,0.4099,1000,2022-04-28 19:09:00,TANH
0.4099,0.4099,0.4099,0.4099,100,2022-04-28 19:13:00,TANH
0.409799,0.409799,0.409799,0.409799,100,2022-04-28 19:14:00,TANH
0.404,0.404,0.404,0.404,400,2022-04-28 19:16:00,TANH
0.404,0.4041,0.404,0.4041,7048,2022-04-28 19:17:00,TANH
0.404,0.404,0.404,0.404,600,2022-04-28 19:19:00,TANH
0.4098,0.4098,0.404,0.404,1100,2022-04-28 19:24:00,TANH
0.404,0.404,0.404,0.404,200,2022-04-28 19:26:00,TANH
0.404,0.404,0.404,0.404,1000,2022-04-28 19:28:00,TANH
0.404,0.404,0.404,0.404,900,2022-04-28 19:29:00,TANH
0.404,0.404,0.404,0.404,10200,2022-04-28 19:30:00,TANH
0.404,0.404,0.4014,0.4014,2829,2022-04-28 19:36:00,TANH
0.4014,0.4014,0.4014,0.4014,390,2022-04-28 19:38:00,TANH
0.4,0.4,0.4,0.4,189,2022-04-28 19:39:00,TANH
0.404799,0.404799,0.4,0.4,6200,2022-04-28 19:43:00,TANH
0.4,0.4,0.4,0.4,5900,2022-04-28 19:44:00,TANH
0.4,0.4049,0.4,0.4049,4800,2022-04-28 19:46:00,TANH
0.4016,0.4016,0.4016,0.4016,376,2022-04-28 19:48:00,TANH
0.402,0.402,0.4,0.4,5194,2022-04-28 19:49:00,TANH
0.4,0.4001,0.4,0.4001,800,2022-04-28 19:54:00,TANH
0.4001,0.4001,0.4001,0.4001,9345,2022-04-28 19:55:00,TANH
0.402,0.402,0.402,0.402,404,2022-04-28 19:56:00,TANH
0.4001,0.4001,0.4,0.4001,3400,2022-04-28 19:57:00,TANH
0.401,0.402,0.4,0.4,1766,2022-04-28 19:58:00,TANH
0.4,0.401899,0.4,0.401899,283,2022-04-28 19:59:00,TANH
0.4,0.4022,0.4,0.4,50000,2022-04-28 20:02:00,TANH
0.4099,0.4099,0.4099,0.4099,100,2022-04-28 20:05:00,TANH
0.39,0.39,0.39,0.39,155,2022-04-28 20:07:00,TANH
0.4099,0.42,0.4099,0.42,2374,2022-04-28 20:17:00,TANH
0.43,0.43,0.43,0.43,109,2022-04-28 20:23:00,TANH
0.42,0.42,0.42,0.42,2255,2022-04-28 20:26:00,TANH
0.42,0.42,0.42,0.42,595,2022-04-28 20:27:00,TANH
0.4,0.4,0.4,0.4,750,2022-04-28 20:28:00,TANH
0.4,0.4139,0.4,0.4139,2220,2022-04-28 21:39:00,TANH
0.4,0.4,0.4,0.4,2468,2022-04-28 21:41:00,TANH
0.3827,0.3827,0.3813,0.3813,600,2022-04-28 21:46:00,TANH
0.3826,0.3826,0.3826,0.3826,135,2022-04-28 22:04:00,TANH
0.4,0.4,0.4,0.4,101,2022-04-28 22:43:00,TANH
0.3853,0.3853,0.3853,0.3853,2000,2022-04-28 23:18:00,TANH
0.4,0.4,0.4,0.4,500,2022-04-28 23:55:00,TANH
0.4019,0.4019,0.4019,0.4019,400,2022-04-29 08:22:00,TANH
0.4019,0.4019,0.4019,0.4019,350,2022-04-29 08:43:00,TANH
0.4168,0.4168,0.4168,0.4168,435,2022-04-29 08:51:00,TANH
0.4168,0.4168,0.4168,0.4168,565,2022-04-29 09:00:00,TANH
0.4167,0.4295,0.402,0.4295,5808,2022-04-29 10:06:00,TANH
0.42,0.42,0.42,0.42,949,2022-04-29 11:00:00,TANH
0.4029,0.4029,0.4,0.4,3258,2022-04-29 11:11:00,TANH
0.4,0.4,0.4,0.4,145,2022-04-29 11:12:00,TANH
0.4,0.4,0.4,0.4,1697,2022-04-29 11:16:00,TANH
0.4162,0.418,0.4162,0.418,1056,2022-04-29 12:04:00,TANH
0.418,0.418,0.41,0.41,52100,2022-04-29 12:07:00,TANH
0.41,0.41,0.41,0.41,1000,2022-04-29 12:08:00,TANH
0.402,0.402,0.402,0.402,200,2022-04-29 12:24:00,TANH
0.41,0.41,0.41,0.41,500,2022-04-29 12:39:00,TANH
0.3831,0.3831,0.383,0.383,540,2022-04-29 12:49:00,TANH
0.41,0.41,0.41,0.41,3500,2022-04-29 12:54:00,TANH
0.4022,0.4022,0.4022,0.4022,1000,2022-04-29 13:00:00,TANH
0.4022,0.4022,0.3832,0.3832,1000,2022-04-29 13:02:00,TANH
0.3832,0.3832,0.3832,0.3832,2342,2022-04-29 13:03:00,TANH
0.3836,0.3836,0.3835,0.3835,982,2022-04-29 13:15:00,TANH
0.4003,0.41,0.3988,0.41,4500,2022-04-29 13:20:00,TANH
0.3941,0.41,0.3842,0.41,5740,2022-04-29 13:30:00,TANH
0.409899,0.409899,0.4049,0.4049,1100,2022-04-29 13:31:00,TANH
0.409,0.409,0.4086,0.4086,2275,2022-04-29 13:33:00,TANH
0.3945,0.3955,0.39,0.3945,11400,2022-04-29 13:36:00,TANH
0.4,0.4,0.4,0.4,600,2022-04-29 13:37:00,TANH
0.3903,0.3903,0.3903,0.3903,595,2022-04-29 13:40:00,TANH
0.405,0.41,0.3903,0.3955,4700,2022-04-29 13:41:00,TANH
0.4002,0.4002,0.4002,0.4002,140,2022-04-29 13:42:00,TANH
0.4001,0.400591,0.4001,0.4001,3891,2022-04-29 13:43:00,TANH
0.396,0.396,0.396,0.396,196,2022-04-29 13:44:00,TANH
0.405,0.405,0.4001,0.4001,5200,2022-04-29 13:47:00,TANH
0.409799,0.409799,0.409799,0.409799,100,2022-04-29 13:48:00,TANH
0.4002,0.4002,0.4002,0.4002,3000,2022-04-29 13:50:00,TANH
0.4038,0.4075,0.4038,0.4075,4100,2022-04-29 13:52:00,TANH
0.405,0.405,0.405,0.405,100,2022-04-29 13:53:00,TANH
0.4028,0.4071,0.4028,0.4071,7659,2022-04-29 13:54:00,TANH
0.4075,0.4075,0.4075,0.4075,100,2022-04-29 13:55:00,TANH
0.4038,0.4075,0.4038,0.4075,6211,2022-04-29 13:56:00,TANH
0.4098,0.414,0.4098,0.412,3696,2022-04-29 13:58:00,TANH
0.4129,0.4129,0.4129,0.4129,2500,2022-04-29 14:00:00,TANH
0.4103,0.4103,0.4,0.4,13300,2022-04-29 14:01:00,TANH
0.4138,0.4138,0.4138,0.4138,680,2022-04-29 14:02:00,TANH
0.4138,0.4138,0.4138,0.4138,11000,2022-04-29 14:08:00,TANH
0.4006,0.4114,0.4006,0.4114,1300,2022-04-29 14:10:00,TANH
0.4005,0.4005,0.4005,0.4005,17000,2022-04-29 14:12:00,TANH
0.4006,0.41,0.4006,0.41,20100,2022-04-29 14:13:00,TANH
0.4099,0.4099,0.4099,0.4099,4500,2022-04-29 14:16:00,TANH
0.405101,0.405101,0.405101,0.405101,149,2022-04-29 14:21:00,TANH
0.4051,0.4051,0.405,0.405,378,2022-04-29 14:26:00,TANH
0.40505,0.4051,0.405,0.405,3200,2022-04-29 14:27:00,TANH
0.405,0.405,0.405,0.405,975,2022-04-29 14:28:00,TANH
0.405,0.405,0.405,0.405,800,2022-04-29 14:29:00,TANH
0.4051,0.4051,0.4051,0.4051,8400,2022-04-29 14:30:00,TANH
0.4051,0.4051,0.4051,0.4051,8400,2022-04-29 14:31:00,TANH
0.4051,0.4051,0.4051,0.4051,8400,2022-04-29 14:32:00,TANH
0.4051,0.4051,0.4051,0.4051,8400,2022-04-29 14:33:00,TANH
0.4006,0.402851,0.4006,0.402851,6822,2022-04-29 14:34:00,TANH
0.405099,0.405099,0.405099,0.405099,525,2022-04-29 14:35:00,TANH
0.41,0.41,0.41,0.41,200,2022-04-29 14:37:00,TANH
0.41,0.41,0.4053,0.4053,7950,2022-04-29 14:38:00,TANH
0.4099,0.4099,0.4099,0.4099,4500,2022-04-29 14:40:00,TANH
0.41,0.41,0.41,0.41,2300,2022-04-29 14:41:00,TANH
0.40545,0.40545,0.40545,0.40545,465,2022-04-29 14:42:00,TANH
0.4033,0.4033,0.4008,0.4008,18112,2022-04-29 14:47:00,TANH
0.41,0.41,0.4005,0.4005,15268,2022-04-29 14:48:00,TANH
0.4007,0.4007,0.4006,0.4006,9347,2022-04-29 14:49:00,TANH
0.4006,0.4006,0.4006,0.4006,110,2022-04-29 14:50:00,TANH
0.4052,0.4052,0.4052,0.4052,2000,2022-04-29 14:52:00,TANH
0.4005,0.4065,0.3989,0.4065,7879,2022-04-29 14:53:00,TANH
0.4005,0.4005,0.4005,0.4005,1575,2022-04-29 14:58:00,TANH
0.3985,0.3985,0.3985,0.3985,200,2022-04-29 15:00:00,TANH
0.4042,0.4042,0.4042,0.4042,3200,2022-04-29 15:01:00,TANH
0.4042,0.4042,0.3985,0.3985,2500,2022-04-29 15:03:00,TANH
0.399,0.399,0.399,0.399,100,2022-04-29 15:05:00,TANH
0.3985,0.4,0.3985,0.4,2800,2022-04-29 15:09:00,TANH
0.4,0.4,0.3984,0.4,2151,2022-04-29 15:10:00,TANH
0.399,0.4039,0.3984,0.4039,2020,2022-04-29 15:11:00,TANH
0.3985,0.3985,0.3985,0.3985,500,2022-04-29 15:12:00,TANH
0.399,0.399,0.399,0.399,200,2022-04-29 15:13:00,TANH
0.4,0.4,0.4,0.4,740,2022-04-29 15:20:00,TANH
0.4,0.4,0.395,0.395,7488,2022-04-29 15:21:00,TANH
0.395,0.395,0.3917,0.3917,3609,2022-04-29 15:22:00,TANH
0.3956,0.3956,0.3956,0.3956,2655,2022-04-29 15:23:00,TANH
0.3995,0.3995,0.3995,0.3995,100,2022-04-29 15:24:00,TANH
0.409799,0.409799,0.409799,0.409799,100,2022-04-29 15:25:00,TANH
0.3955,0.3975,0.3955,0.3975,2442,2022-04-29 15:30:00,TANH
0.4094,0.4094,0.3976,0.3976,488,2022-04-29 15:31:00,TANH
0.4,0.4,0.4,0.4,100,2022-04-29 15:32:00,TANH
0.4,0.4008,0.3901,0.3901,17300,2022-04-29 15:33:00,TANH
0.396,0.396,0.396,0.396,400,2022-04-29 15:34:00,TANH
0.4,0.4,0.396,0.3975,4761,2022-04-29 15:35:00,TANH
0.3999,0.3999,0.3999,0.3999,100,2022-04-29 15:38:00,TANH
0.396,0.3999,0.396,0.3999,200,2022-04-29 15:40:00,TANH
0.4,0.4001,0.4,0.4001,200,2022-04-29 15:41:00,TANH
0.4001,0.4001,0.396,0.396,694,2022-04-29 15:42:00,TANH
0.3962,0.3962,0.3962,0.3962,35000,2022-04-29 15:43:00,TANH
0.3991,0.3997,0.3991,0.399349,2400,2022-04-29 15:51:00,TANH
0.4,0.40005,0.4,0.4,4100,2022-04-29 15:52:00,TANH
0.397,0.3986,0.397,0.3986,1400,2022-04-29 15:53:00,TANH
0.3998,0.3998,0.3879,0.389299,45898,2022-04-29 15:54:00,TANH
0.3879,0.3879,0.325,0.357,458768,2022-04-29 15:55:00,TANH
0.357,0.3773,0.3567,0.3649,53326,2022-04-29 15:56:00,TANH
0.3649,0.3697,0.3575,0.36,116530,2022-04-29 15:57:00,TANH
0.3599,0.369,0.3599,0.368,55786,2022-04-29 15:58:00,TANH
0.3689,0.3696,0.36565,0.3696,27823,2022-04-29 15:59:00,TANH
0.3755,0.3922,0.3755,0.3774,25500,2022-04-29 16:00:00,TANH
0.3706,0.3761,0.3702,0.375,10676,2022-04-29 16:01:00,TANH
0.3772,0.385,0.3772,0.385,9180,2022-04-29 16:02:00,TANH
0.3848,0.3848,0.3778,0.3835,4800,2022-04-29 16:03:00,TANH
0.384799,0.384799,0.384799,0.384799,8804,2022-04-29 16:04:00,TANH
0.3819,0.3819,0.3819,0.3819,100,2022-04-29 16:05:00,TANH
0.38,0.3824,0.38,0.3821,2877,2022-04-29 16:07:00,TANH
0.382,0.382,0.382,0.382,7000,2022-04-29 16:09:00,TANH
0.382,0.382,0.382,0.382,11618,2022-04-29 16:10:00,TANH
0.381899,0.381899,0.381899,0.381899,200,2022-04-29 16:11:00,TANH
0.378,0.381,0.376949,0.376949,1140,2022-04-29 16:13:00,TANH
0.3769,0.3769,0.3769,0.3769,500,2022-04-29 16:15:00,TANH
0.379799,0.379799,0.37685,0.37685,757,2022-04-29 16:17:00,TANH
0.3768,0.382,0.3768,0.381899,33992,2022-04-29 16:21:00,TANH
0.382,0.382,0.382,0.382,3611,2022-04-29 16:22:00,TANH
0.380119,0.382,0.380119,0.382,11184,2022-04-29 16:23:00,TANH
0.382,0.3848,0.382,0.3848,3728,2022-04-29 16:26:00,TANH
0.3801,0.3848,0.3801,0.3848,23100,2022-04-29 16:27:00,TANH
0.3848,0.386999,0.3848,0.386999,200,2022-04-29 16:28:00,TANH
0.3848,0.3922,0.3848,0.3921,37235,2022-04-29 16:29:00,TANH
0.3841,0.3841,0.3841,0.3841,3184,2022-04-29 16:30:00,TANH
0.3886,0.3886,0.3851,0.3852,14725,2022-04-29 16:31:00,TANH
0.385601,0.385601,0.3855,0.3855,30840,2022-04-29 16:32:00,TANH
0.3839,0.384,0.3839,0.384,200,2022-04-29 16:34:00,TANH
0.380101,0.380101,0.380101,0.380101,2000,2022-04-29 16:35:00,TANH
0.3801,0.3801,0.3739,0.3799,5050,2022-04-29 16:38:00,TANH
0.3775,0.3775,0.3775,0.3775,100,2022-04-29 16:41:00,TANH
0.3771,0.3771,0.375208,0.3771,6214,2022-04-29 16:42:00,TANH
0.375,0.38,0.3739,0.38,26183,2022-04-29 16:43:00,TANH
0.38,0.4,0.38,0.4,56636,2022-04-29 16:44:00,TANH
0.4001,0.4001,0.3899,0.3899,56994,2022-04-29 16:45:00,TANH
0.3954,0.3954,0.3913,0.3913,1800,2022-04-29 16:46:00,TANH
0.3908,0.3908,0.3899,0.39,3102,2022-04-29 16:47:00,TANH
0.388,0.388,0.388,0.388,500,2022-04-29 16:49:00,TANH
0.381599,0.3816,0.3799,0.3803,7522,2022-04-29 16:55:00,TANH
0.39,0.39,0.39,0.39,100,2022-04-29 16:56:00,TANH
0.3898,0.39,0.3898,0.39,350,2022-04-29 16:57:00,TANH
0.39,0.39,0.39,0.39,350,2022-04-29 16:58:00,TANH
0.39,0.39,0.39,0.39,250,2022-04-29 16:59:00,TANH
0.3894,0.39,0.3894,0.39,3600,2022-04-29 17:01:00,TANH
0.385,0.385,0.38,0.38,3474,2022-04-29 17:03:00,TANH
0.3801,0.3801,0.3801,0.3801,898,2022-04-29 17:05:00,TANH
0.387449,0.387449,0.387449,0.387449,100,2022-04-29 17:06:00,TANH
0.3898,0.3898,0.3898,0.3898,150,2022-04-29 17:07:00,TANH
0.3875,0.3875,0.3875,0.3875,100,2022-04-29 17:11:00,TANH
0.385,0.3851,0.38,0.38,3400,2022-04-29 17:14:00,TANH
0.3799,0.3799,0.374,0.374,27762,2022-04-29 17:15:00,TANH
0.38,0.392301,0.379905,0.392301,3700,2022-04-29 17:16:00,TANH
0.3923,0.3923,0.3923,0.3923,200,2022-04-29 17:17:00,TANH
0.3851,0.3851,0.385,0.385,200,2022-04-29 17:18:00,TANH
0.3825,0.3825,0.3825,0.3825,100,2022-04-29 17:19:00,TANH
0.3845,0.3845,0.3845,0.3845,100,2022-04-29 17:20:00,TANH
0.3845,0.3845,0.3801,0.3801,14800,2022-04-29 17:21:00,TANH
0.384799,0.384799,0.383449,0.383449,1100,2022-04-29 17:23:00,TANH
0.384799,0.384799,0.384799,0.384799,100,2022-04-29 17:24:00,TANH
0.3834,0.3849,0.3834,0.3849,10149,2022-04-29 17:25:00,TANH
0.389799,0.389799,0.389799,0.389799,100,2022-04-29 17:28:00,TANH
0.385,0.385,0.385,0.385,346,2022-04-29 17:31:00,TANH
0.3849,0.3849,0.378,0.378,3500,2022-04-29 17:35:00,TANH
0.378,0.378,0.378,0.378,1250,2022-04-29 17:36:00,TANH
0.3799,0.3799,0.378866,0.378866,200,2022-04-29 17:37:00,TANH
0.379671,0.3799,0.379671,0.3799,200,2022-04-29 17:38:00,TANH
0.376,0.376,0.376,0.376,100,2022-04-29 17:40:00,TANH
0.3799,0.3799,0.3799,0.3799,999,2022-04-29 17:43:00,TANH
0.3798,0.3799,0.3798,0.3799,200,2022-04-29 17:44:00,TANH
0.3799,0.3799,0.379706,0.3799,300,2022-04-29 17:47:00,TANH
0.3761,0.3761,0.376,0.376,3700,2022-04-29 17:50:00,TANH
0.379899,0.379899,0.3753,0.379799,2840,2022-04-29 17:51:00,TANH
0.3799,0.3799,0.379671,0.379671,15000,2022-04-29 17:52:00,TANH
0.3753,0.3754,0.3753,0.3753,16000,2022-04-29 17:53:00,TANH
0.3799,0.3799,0.3797,0.3799,2300,2022-04-29 17:54:00,TANH
0.3798,0.3798,0.3795,0.3795,1600,2022-04-29 17:55:00,TANH
0.3765,0.3765,0.3765,0.3765,400,2022-04-29 17:56:00,TANH
0.389799,0.389799,0.389799,0.389799,100,2022-04-29 18:00:00,TANH
0.38,0.38,0.379,0.379,643,2022-04-29 18:08:00,TANH
0.378,0.378,0.3753,0.378,12369,2022-04-29 18:09:00,TANH
0.3779,0.3779,0.3736,0.3736,6593,2022-04-29 18:11:00,TANH
0.3736,0.3736,0.3705,0.3705,17403,2022-04-29 18:12:00,TANH
0.370101,0.370101,0.3688,0.3699,27255,2022-04-29 18:13:00,TANH
0.3699,0.3699,0.369581,0.3698,1300,2022-04-29 18:14:00,TANH
0.3698,0.4,0.3698,0.4,38424,2022-04-29 18:15:00,TANH
0.3826,0.3826,0.379999,0.379999,3151,2022-04-29 18:16:00,TANH
0.4,0.4,0.4,0.4,300,2022-04-29 18:17:00,TANH
0.399,0.399,0.3701,0.3701,342,2022-04-29 18:18:00,TANH
0.399,0.399,0.3986,0.3986,600,2022-04-29 18:19:00,TANH
0.3986,0.399,0.374,0.374,700,2022-04-29 18:20:00,TANH
0.3927,0.3927,0.3927,0.3927,1317,2022-04-29 18:22:00,TANH
0.375,0.3883,0.3699,0.3883,12099,2022-04-29 18:23:00,TANH
0.3883,0.3883,0.3883,0.3883,500,2022-04-29 18:24:00,TANH
0.3701,0.3701,0.3701,0.3701,5000,2022-04-29 18:25:00,TANH
0.37,0.3702,0.3699,0.3702,10000,2022-04-29 18:26:00,TANH
0.394899,0.394899,0.3824,0.3824,400,2022-04-29 18:27:00,TANH
0.3699,0.3699,0.3699,0.3699,1750,2022-04-29 18:28:00,TANH
0.394999,0.394999,0.394999,0.394999,100,2022-04-29 18:29:00,TANH
0.394899,0.394899,0.394,0.394,600,2022-04-29 18:32:00,TANH
0.37,0.37,0.37,0.37,2000,2022-04-29 18:38:00,TANH
0.379799,0.379799,0.3715,0.3715,1100,2022-04-29 18:39:00,TANH
0.371601,0.371601,0.371601,0.371601,5000,2022-04-29 18:40:00,TANH
0.373,0.376199,0.373,0.376199,200,2022-04-29 18:45:00,TANH
0.379899,0.379899,0.379899,0.379899,5000,2022-04-29 18:48:00,TANH
0.3799,0.3799,0.3726,0.3726,250,2022-04-29 18:53:00,TANH
0.3799,0.3799,0.3799,0.3799,250,2022-04-29 18:56:00,TANH
0.3765,0.3765,0.3765,0.3765,100,2022-04-29 18:58:00,TANH
0.3726,0.3726,0.3726,0.3726,100,2022-04-29 19:01:00,TANH
0.3799,0.3799,0.3799,0.3799,100,2022-04-29 19:04:00,TANH
0.3799,0.3799,0.3799,0.3799,100,2022-04-29 19:05:00,TANH
0.3775,0.3775,0.3751,0.3751,2700,2022-04-29 19:06:00,TANH
0.377,0.377,0.377,0.377,750,2022-04-29 19:07:00,TANH
0.377,0.377,0.377,0.377,250,2022-04-29 19:08:00,TANH
0.377,0.377,0.377,0.377,1100,2022-04-29 19:09:00,TANH
0.377,0.377,0.3701,0.3701,21600,2022-04-29 19:10:00,TANH
0.3702,0.3702,0.3702,0.3702,1000,2022-04-29 19:11:00,TANH
0.3702,0.3702,0.3701,0.3701,3900,2022-04-29 19:12:00,TANH
0.3702,0.394899,0.37,0.394899,8962,2022-04-29 19:13:00,TANH
0.3702,0.3702,0.3702,0.3702,3162,2022-04-29 19:14:00,TANH
0.3887,0.394,0.3601,0.3604,17776,2022-04-29 19:15:00,TANH
0.394899,0.394899,0.394899,0.394899,100,2022-04-29 19:16:00,TANH
0.371,0.386699,0.3604,0.386699,3214,2022-04-29 19:18:00,TANH
0.394899,0.394899,0.394899,0.394899,100,2022-04-29 19:19:00,TANH
0.381899,0.381899,0.381899,0.381899,100,2022-04-29 19:20:00,TANH
0.3805,0.3819,0.3715,0.378899,3491,2022-04-29 19:21:00,TANH
0.3744,0.3789,0.3744,0.37445,10087,2022-04-29 19:24:00,TANH
0.37725,0.37725,0.3755,0.3755,2400,2022-04-29 19:25:00,TANH
0.379,0.381899,0.379,0.381899,200,2022-04-29 19:27:00,TANH
0.380899,0.380899,0.380899,0.380899,100,2022-04-29 19:28:00,TANH
0.380899,0.380899,0.3755,0.3808,7500,2022-04-29 19:30:00,TANH
0.378,0.3808,0.378,0.3808,200,2022-04-29 19:31:00,TANH
0.3777,0.3777,0.3777,0.3777,125,2022-04-29 19:33:00,TANH
0.376,0.376,0.3754,0.3754,800,2022-04-29 19:35:00,TANH
0.3754,0.376,0.3754,0.376,1100,2022-04-29 19:36:00,TANH
0.378,0.379399,0.378,0.379399,350,2022-04-29 19:39:00,TANH
0.3783,0.3783,0.378,0.378,438,2022-04-29 19:43:00,TANH
0.378,0.378,0.378,0.378,700,2022-04-29 19:44:00,TANH
0.378,0.3781,0.378,0.378,4103,2022-04-29 19:45:00,TANH
0.3754,0.378,0.3754,0.378,10903,2022-04-29 19:46:00,TANH
0.3711,0.3711,0.3711,0.3711,100,2022-04-29 19:48:00,TANH
0.371201,0.371201,0.3711,0.3711,7863,2022-04-29 19:50:00,TANH
0.371101,0.371101,0.371101,0.371101,163,2022-04-29 19:51:00,TANH
0.371,0.371,0.371,0.371,800,2022-04-29 19:55:00,TANH
0.377899,0.377899,0.37,0.37,10445,2022-04-29 19:56:00,TANH
0.37,0.37,0.37,0.37,1300,2022-04-29 19:57:00,TANH
0.37,0.393,0.37,0.3885,13940,2022-04-29 19:59:00,TANH
0.37,0.37,0.37,0.37,8831,2022-04-29 20:00:00,TANH
0.39,0.39,0.39,0.39,100,2022-04-29 20:03:00,TANH
0.361,0.365,0.361,0.365,771,2022-04-29 20:16:00,TANH
0.3896,0.3896,0.3896,0.3896,150,2022-04-29 20:17:00,TANH
0.39,0.39,0.39,0.39,100,2022-04-29 20:18:00,TANH
0.38,0.38,0.38,0.38,256,2022-04-29 20:20:00,TANH
0.38,0.38,0.37,0.37,3991,2022-04-29 20:22:00,TANH
0.37,0.37,0.37,0.37,2597,2022-04-29 20:23:00,TANH
0.3885,0.3885,0.3885,0.3885,100,2022-04-29 20:25:00,TANH
0.3899,0.3899,0.3899,0.3899,100,2022-04-29 21:02:00,TANH
0.3885,0.3885,0.3885,0.3885,1000,2022-04-29 21:03:00,TANH
0.3726,0.3726,0.372,0.372,5000,2022-04-29 21:25:00,TANH
0.385,0.385,0.385,0.385,300,2022-04-29 21:33:00,TANH
0.372,0.372,0.371,0.371,205,2022-04-29 21:35:00,TANH
0.37,0.37,0.37,0.37,6000,2022-04-29 21:41:00,TANH
0.3698,0.37,0.3698,0.37,4000,2022-04-29 21:42:00,TANH
0.37,0.388,0.37,0.388,437,2022-04-29 21:44:00,TANH
0.385,0.385,0.385,0.385,100,2022-04-29 21:51:00,TANH
0.385,0.385,0.385,0.385,100,2022-04-29 22:00:00,TANH
0.385,0.385,0.385,0.385,100,2022-04-29 22:01:00,TANH
0.385,0.385,0.385,0.385,100,2022-04-29 22:03:00,TANH
0.3848,0.3848,0.3848,0.3848,100,2022-04-29 22:06:00,TANH
0.3829,0.3829,0.3829,0.3829,150,2022-04-29 23:35:00,TANH
0.375,0.375,0.375,0.375,500,2022-04-29 23:44:00,TANH
0.3829,0.3829,0.3829,0.3829,1500,2022-04-29 23:58:00,TANH
0.3829,0.3829,0.3829,0.3829,1400,2022-04-29 23:59:00,TANH
