open,high,low,close,volume,datetime,symbol
2.71,2.71,2.71,2.71,100,2021-10-11 11:10:00,INFI
2.72,2.72,2.72,2.72,100,2021-10-11 12:35:00,INFI
2.72,2.72,2.72,2.72,100,2021-10-11 13:05:00,INFI
2.7199,2.7199,2.7199,2.7199,2700,2021-10-11 13:15:00,INFI
2.7,2.73,2.62,2.7,163184,2021-10-11 13:30:00,INFI
2.71,2.72,2.695,2.71,5800,2021-10-11 13:35:00,INFI
2.7125,2.73,2.71,2.725,15531,2021-10-11 13:40:00,INFI
2.73,2.7481,2.73,2.74,4864,2021-10-11 13:45:00,INFI
2.7499,2.7499,2.73,2.73,17432,2021-10-11 13:50:00,INFI
2.73,2.735,2.73,2.73,2376,2021-10-11 13:55:00,INFI
2.74,2.74,2.73,2.738,13452,2021-10-11 14:00:00,INFI
2.74,2.7401,2.7301,2.7401,11776,2021-10-11 14:05:00,INFI
2.7499,2.755,2.7401,2.755,12600,2021-10-11 14:10:00,INFI
2.75,2.76,2.75,2.7501,3322,2021-10-11 14:15:00,INFI
2.7584,2.7588,2.75,2.7519,9115,2021-10-11 14:20:00,INFI
2.7521,2.7573,2.74,2.745,8529,2021-10-11 14:25:00,INFI
2.7401,2.755,2.74,2.75,5236,2021-10-11 14:30:00,INFI
2.753,2.77,2.753,2.77,9531,2021-10-11 14:35:00,INFI
2.76,2.77,2.7526,2.755,3643,2021-10-11 14:40:00,INFI
2.755,2.76,2.745,2.745,12756,2021-10-11 14:45:00,INFI
2.75,2.77,2.75,2.77,13198,2021-10-11 14:50:00,INFI
2.78,2.79,2.78,2.78,2981,2021-10-11 14:55:00,INFI
2.78,2.79,2.77,2.775,32539,2021-10-11 15:00:00,INFI
2.7701,2.7778,2.76,2.77,8813,2021-10-11 15:05:00,INFI
2.7766,2.78,2.7726,2.775,3405,2021-10-11 15:10:00,INFI
2.77,2.7709,2.77,2.7709,2244,2021-10-11 15:15:00,INFI
2.7701,2.7793,2.7601,2.7601,20153,2021-10-11 15:20:00,INFI
2.7625,2.79,2.76,2.7801,8778,2021-10-11 15:25:00,INFI
2.78,2.78,2.78,2.78,200,2021-10-11 15:30:00,INFI
2.78,2.785,2.78,2.782,997,2021-10-11 15:35:00,INFI
2.7801,2.789,2.78,2.7823,8126,2021-10-11 15:40:00,INFI
2.785,2.785,2.775,2.78,5767,2021-10-11 15:45:00,INFI
2.785,2.795,2.78,2.7901,11435,2021-10-11 15:50:00,INFI
2.795,2.8,2.79,2.7919,12234,2021-10-11 15:55:00,INFI
2.79,2.7974,2.785,2.79,5912,2021-10-11 16:00:00,INFI
2.7936,2.7999,2.79,2.795,5800,2021-10-11 16:05:00,INFI
2.7999,2.8,2.785,2.795,6401,2021-10-11 16:10:00,INFI
2.79,2.82,2.79,2.8107,21880,2021-10-11 16:15:00,INFI
2.82,2.825,2.8101,2.825,9813,2021-10-11 16:20:00,INFI
2.8293,2.835,2.8226,2.835,5678,2021-10-11 16:25:00,INFI
2.835,2.8384,2.83,2.835,2877,2021-10-11 16:30:00,INFI
2.835,2.845,2.83,2.845,9955,2021-10-11 16:35:00,INFI
2.845,2.85,2.8414,2.8414,6399,2021-10-11 16:40:00,INFI
2.85,2.85,2.84,2.8487,1850,2021-10-11 16:45:00,INFI
2.845,2.845,2.82,2.825,13788,2021-10-11 16:50:00,INFI
2.82,2.8205,2.8026,2.805,14146,2021-10-11 16:55:00,INFI
2.8,2.8094,2.8,2.8,6586,2021-10-11 17:00:00,INFI
2.79,2.82,2.79,2.815,111135,2021-10-11 17:05:00,INFI
2.815,2.85,2.815,2.85,36075,2021-10-11 17:10:00,INFI
2.85,2.86,2.845,2.855,12982,2021-10-11 17:15:00,INFI
2.855,2.86,2.8322,2.835,9465,2021-10-11 17:20:00,INFI
2.83,2.84,2.83,2.83,3819,2021-10-11 17:25:00,INFI
2.83,2.84,2.821,2.84,13638,2021-10-11 17:30:00,INFI
2.8386,2.84,2.835,2.835,1005,2021-10-11 17:35:00,INFI
2.835,2.85,2.835,2.85,11419,2021-10-11 17:40:00,INFI
2.845,2.845,2.84,2.845,1006,2021-10-11 17:45:00,INFI
2.8422,2.87,2.8422,2.87,7932,2021-10-11 17:50:00,INFI
2.8728,2.88,2.87,2.878,13500,2021-10-11 17:55:00,INFI
2.875,2.875,2.865,2.865,2653,2021-10-11 18:00:00,INFI
2.86,2.8601,2.86,2.8601,200,2021-10-11 18:05:00,INFI
2.86,2.865,2.86,2.865,1297,2021-10-11 18:10:00,INFI
2.865,2.8652,2.86,2.865,6800,2021-10-11 18:15:00,INFI
2.865,2.865,2.855,2.855,3564,2021-10-11 18:20:00,INFI
2.855,2.87,2.855,2.865,4780,2021-10-11 18:25:00,INFI
2.865,2.865,2.8625,2.8625,340,2021-10-11 18:30:00,INFI
2.86,2.865,2.86,2.865,1000,2021-10-11 18:35:00,INFI
2.86,2.88,2.86,2.8701,18071,2021-10-11 18:40:00,INFI
2.875,2.88,2.87,2.88,3700,2021-10-11 18:45:00,INFI
2.88,2.89,2.88,2.885,22100,2021-10-11 18:50:00,INFI
2.89,2.89,2.88,2.885,9446,2021-10-11 18:55:00,INFI
2.8801,2.91,2.88,2.905,46538,2021-10-11 19:00:00,INFI
2.905,2.915,2.885,2.888,26355,2021-10-11 19:05:00,INFI
2.8882,2.8882,2.885,2.885,983,2021-10-11 19:10:00,INFI
2.88,2.89,2.88,2.88,5807,2021-10-11 19:15:00,INFI
2.88,2.885,2.865,2.87,20562,2021-10-11 19:20:00,INFI
2.875,2.88,2.87,2.875,56607,2021-10-11 19:25:00,INFI
2.875,2.88,2.86,2.875,25389,2021-10-11 19:30:00,INFI
2.8723,2.875,2.86,2.86,9169,2021-10-11 19:35:00,INFI
2.86,2.8641,2.85,2.8516,14702,2021-10-11 19:40:00,INFI
2.8501,2.855,2.85,2.8522,1257,2021-10-11 19:45:00,INFI
2.8501,2.86,2.85,2.855,3941,2021-10-11 19:50:00,INFI
2.85,2.86,2.84,2.85,31414,2021-10-11 19:55:00,INFI
2.85,2.85,2.85,2.85,19601,2021-10-11 20:00:00,INFI
2.8,2.8,2.8,2.8,150,2021-10-11 20:25:00,INFI
2.8,2.8,2.8,2.8,3000,2021-10-11 23:30:00,INFI
2.8388,2.8388,2.83,2.83,300,2021-10-12 13:10:00,INFI
2.8373,2.8373,2.83,2.83,380,2021-10-12 13:20:00,INFI
2.88,2.88,2.84,2.87,7857,2021-10-12 13:30:00,INFI
2.86,2.88,2.86,2.88,6800,2021-10-12 13:35:00,INFI
2.89,2.89,2.86,2.865,19370,2021-10-12 13:40:00,INFI
2.86,2.89,2.86,2.89,17612,2021-10-12 13:45:00,INFI
2.881,2.9,2.881,2.8999,9690,2021-10-12 13:50:00,INFI
2.8985,2.8985,2.8875,2.89,6209,2021-10-12 13:55:00,INFI
2.89,2.9,2.88,2.881,10647,2021-10-12 14:00:00,INFI
2.88,2.88,2.8501,2.8501,4871,2021-10-12 14:05:00,INFI
2.8509,2.86,2.85,2.8517,14817,2021-10-12 14:10:00,INFI
2.855,2.86,2.815,2.825,29088,2021-10-12 14:15:00,INFI
2.825,2.83,2.82,2.82,4300,2021-10-12 14:20:00,INFI
2.82,2.84,2.82,2.8332,16800,2021-10-12 14:25:00,INFI
2.835,2.835,2.83,2.83,12084,2021-10-12 14:30:00,INFI
2.825,2.83,2.82,2.83,5737,2021-10-12 14:35:00,INFI
2.825,2.825,2.82,2.82,1400,2021-10-12 14:40:00,INFI
2.82,2.83,2.82,2.825,10300,2021-10-12 14:45:00,INFI
2.825,2.835,2.82,2.82,9566,2021-10-12 14:50:00,INFI
2.82,2.82,2.82,2.82,2900,2021-10-12 14:55:00,INFI
2.82,2.83,2.81,2.81,6343,2021-10-12 15:00:00,INFI
2.815,2.815,2.8,2.8,10779,2021-10-12 15:05:00,INFI
2.805,2.8073,2.8,2.8,800,2021-10-12 15:10:00,INFI
2.805,2.8074,2.79,2.8,15105,2021-10-12 15:15:00,INFI
2.8088,2.81,2.79,2.79,8232,2021-10-12 15:20:00,INFI
2.79,2.79,2.7632,2.77,27277,2021-10-12 15:25:00,INFI
2.77,2.7779,2.76,2.775,15975,2021-10-12 15:30:00,INFI
2.775,2.7783,2.77,2.7728,6568,2021-10-12 15:35:00,INFI
2.78,2.78,2.77,2.7799,1391,2021-10-12 15:40:00,INFI
2.775,2.78,2.77,2.775,15975,2021-10-12 15:45:00,INFI
2.775,2.785,2.775,2.785,6138,2021-10-12 15:50:00,INFI
2.7821,2.8,2.78,2.795,17770,2021-10-12 15:55:00,INFI
2.8,2.8,2.79,2.795,12300,2021-10-12 16:00:00,INFI
2.79,2.79,2.78,2.79,37633,2021-10-12 16:05:00,INFI
2.79,2.79,2.7816,2.7816,1465,2021-10-12 16:10:00,INFI
2.785,2.785,2.785,2.785,500,2021-10-12 16:15:00,INFI
2.7804,2.7804,2.78,2.78,2200,2021-10-12 16:20:00,INFI
2.78,2.78,2.775,2.7775,6367,2021-10-12 16:25:00,INFI
2.79,2.79,2.78,2.78,3400,2021-10-12 16:30:00,INFI
2.785,2.785,2.77,2.77,8378,2021-10-12 16:35:00,INFI
2.77,2.775,2.77,2.772,10679,2021-10-12 16:40:00,INFI
2.775,2.7756,2.775,2.775,2295,2021-10-12 16:45:00,INFI
2.77,2.775,2.77,2.77,300,2021-10-12 16:50:00,INFI
2.7788,2.7788,2.76,2.76,8634,2021-10-12 16:55:00,INFI
2.76,2.765,2.76,2.76,5548,2021-10-12 17:00:00,INFI
2.76,2.77,2.76,2.765,50367,2021-10-12 17:05:00,INFI
2.77,2.77,2.76,2.765,4150,2021-10-12 17:10:00,INFI
2.765,2.765,2.76,2.765,900,2021-10-12 17:15:00,INFI
2.76,2.7699,2.755,2.76,12937,2021-10-12 17:20:00,INFI
2.76,2.764,2.76,2.76,900,2021-10-12 17:25:00,INFI
2.76,2.7795,2.76,2.77,18554,2021-10-12 17:30:00,INFI
2.77,2.77,2.77,2.77,300,2021-10-12 17:35:00,INFI
2.77,2.77,2.77,2.77,3000,2021-10-12 17:40:00,INFI
2.78,2.78,2.77,2.77,3949,2021-10-12 17:45:00,INFI
2.775,2.7753,2.77,2.77,17726,2021-10-12 17:50:00,INFI
2.7784,2.785,2.775,2.785,7469,2021-10-12 17:55:00,INFI
2.785,2.785,2.77,2.77,55887,2021-10-12 18:00:00,INFI
2.77,2.775,2.77,2.77,1337,2021-10-12 18:05:00,INFI
2.77,2.78,2.77,2.78,12656,2021-10-12 18:10:00,INFI
2.775,2.7875,2.775,2.7819,4361,2021-10-12 18:15:00,INFI
2.7874,2.795,2.78,2.795,31950,2021-10-12 18:20:00,INFI
2.798,2.8,2.79,2.79,1443,2021-10-12 18:25:00,INFI
2.79,2.7999,2.79,2.79,2500,2021-10-12 18:30:00,INFI
2.7901,2.805,2.79,2.805,8361,2021-10-12 18:35:00,INFI
2.805,2.805,2.8,2.8,1601,2021-10-12 18:40:00,INFI
2.805,2.805,2.805,2.805,550,2021-10-12 18:45:00,INFI
2.81,2.815,2.81,2.81,3596,2021-10-12 18:50:00,INFI
2.82,2.82,2.8,2.8,11912,2021-10-12 18:55:00,INFI
2.8,2.8,2.79,2.795,4600,2021-10-12 19:05:00,INFI
2.795,2.795,2.79,2.79,4965,2021-10-12 19:10:00,INFI
2.795,2.795,2.78,2.79,31491,2021-10-12 19:15:00,INFI
2.79,2.7901,2.79,2.79,6298,2021-10-12 19:20:00,INFI
2.79,2.79,2.7775,2.78,25591,2021-10-12 19:25:00,INFI
2.78,2.7896,2.77,2.7826,24643,2021-10-12 19:30:00,INFI
2.79,2.79,2.78,2.785,1240,2021-10-12 19:35:00,INFI
2.785,2.7999,2.775,2.775,16198,2021-10-12 19:40:00,INFI
2.7799,2.78,2.755,2.76,31939,2021-10-12 19:45:00,INFI
2.76,2.77,2.76,2.76,24133,2021-10-12 19:50:00,INFI
2.765,2.77,2.74,2.75,170252,2021-10-12 19:55:00,INFI
2.76,2.76,2.76,2.76,31668,2021-10-12 20:00:00,INFI
2.76,2.76,2.76,2.76,100,2021-10-12 20:10:00,INFI
2.7602,2.7602,2.76,2.76,250,2021-10-12 20:25:00,INFI
2.7603,2.7603,2.76,2.76,210,2021-10-12 21:15:00,INFI
2.79,2.79,2.79,2.79,3571,2021-10-12 22:10:00,INFI
2.7508,2.7508,2.7508,2.7508,500,2021-10-13 13:10:00,INFI
2.78,2.79,2.77,2.78,11352,2021-10-13 13:30:00,INFI
2.7808,2.7808,2.75,2.75,67809,2021-10-13 13:35:00,INFI
2.755,2.76,2.72,2.735,93182,2021-10-13 13:40:00,INFI
2.735,2.74,2.69,2.71,50873,2021-10-13 13:45:00,INFI
2.715,2.715,2.685,2.685,27501,2021-10-13 13:50:00,INFI
2.685,2.69,2.66,2.685,59205,2021-10-13 13:55:00,INFI
2.682,2.685,2.6643,2.665,17550,2021-10-13 14:00:00,INFI
2.665,2.6779,2.6627,2.6779,5878,2021-10-13 14:05:00,INFI
2.675,2.69,2.665,2.69,11502,2021-10-13 14:10:00,INFI
2.68,2.695,2.67,2.695,13263,2021-10-13 14:15:00,INFI
2.69,2.7,2.68,2.68,27580,2021-10-13 14:20:00,INFI
2.69,2.7,2.67,2.68,56088,2021-10-13 14:25:00,INFI
2.675,2.69,2.675,2.69,19701,2021-10-13 14:30:00,INFI
2.69,2.7,2.685,2.6873,3840,2021-10-13 14:35:00,INFI
2.685,2.7,2.685,2.69,6817,2021-10-13 14:40:00,INFI
2.695,2.695,2.69,2.69,500,2021-10-13 14:45:00,INFI
2.6945,2.6979,2.69,2.6977,3368,2021-10-13 14:50:00,INFI
2.695,2.7,2.69,2.69,26492,2021-10-13 14:55:00,INFI
2.69,2.7,2.69,2.695,3100,2021-10-13 15:00:00,INFI
2.6917,2.72,2.6917,2.7125,24623,2021-10-13 15:05:00,INFI
2.715,2.715,2.7146,2.7146,1100,2021-10-13 15:10:00,INFI
2.715,2.7189,2.69,2.6901,50768,2021-10-13 15:15:00,INFI
2.69,2.6901,2.675,2.675,6544,2021-10-13 15:20:00,INFI
2.675,2.69,2.675,2.675,13240,2021-10-13 15:25:00,INFI
2.67,2.67,2.66,2.6628,3049,2021-10-13 15:30:00,INFI
2.66,2.6668,2.66,2.6612,3027,2021-10-13 15:35:00,INFI
2.665,2.6782,2.66,2.6782,9562,2021-10-13 15:40:00,INFI
2.68,2.689,2.68,2.6865,4879,2021-10-13 15:45:00,INFI
2.6828,2.685,2.68,2.68,3660,2021-10-13 15:50:00,INFI
2.675,2.69,2.67,2.69,14034,2021-10-13 15:55:00,INFI
2.6978,2.6978,2.69,2.69,5300,2021-10-13 16:00:00,INFI
2.69,2.69,2.67,2.68,12900,2021-10-13 16:05:00,INFI
2.68,2.68,2.6716,2.6716,2580,2021-10-13 16:10:00,INFI
2.6799,2.68,2.67,2.6701,6286,2021-10-13 16:15:00,INFI
2.675,2.6778,2.66,2.67,8766,2021-10-13 16:20:00,INFI
2.67,2.68,2.6619,2.68,20583,2021-10-13 16:25:00,INFI
2.676,2.676,2.66,2.66,15250,2021-10-13 16:30:00,INFI
2.65,2.66,2.65,2.66,28798,2021-10-13 16:35:00,INFI
2.665,2.67,2.66,2.6617,1302,2021-10-13 16:40:00,INFI
2.665,2.68,2.655,2.68,22791,2021-10-13 16:45:00,INFI
2.675,2.6755,2.67,2.6701,10400,2021-10-13 16:50:00,INFI
2.6711,2.68,2.67,2.68,3310,2021-10-13 16:55:00,INFI
2.67,2.67,2.67,2.67,200,2021-10-13 17:00:00,INFI
2.6722,2.69,2.67,2.687,22499,2021-10-13 17:05:00,INFI
2.6817,2.6817,2.6817,2.6817,750,2021-10-13 17:10:00,INFI
2.68,2.68,2.68,2.68,1950,2021-10-13 17:15:00,INFI
2.68,2.685,2.68,2.685,3700,2021-10-13 17:20:00,INFI
2.6801,2.69,2.68,2.685,6450,2021-10-13 17:25:00,INFI
2.681,2.685,2.68,2.685,5252,2021-10-13 17:30:00,INFI
2.682,2.69,2.68,2.68,687,2021-10-13 17:35:00,INFI
2.6801,2.69,2.665,2.685,42320,2021-10-13 17:40:00,INFI
2.685,2.69,2.6816,2.69,8773,2021-10-13 17:45:00,INFI
2.69,2.695,2.69,2.695,2480,2021-10-13 17:50:00,INFI
2.6917,2.7,2.6916,2.7,5634,2021-10-13 17:55:00,INFI
2.7,2.71,2.69,2.69,2794,2021-10-13 18:00:00,INFI
2.6986,2.6986,2.69,2.695,16354,2021-10-13 18:05:00,INFI
2.6914,2.71,2.6914,2.705,19383,2021-10-13 18:10:00,INFI
2.705,2.705,2.6906,2.7,5100,2021-10-13 18:15:00,INFI
2.695,2.72,2.695,2.715,72787,2021-10-13 18:20:00,INFI
2.7124,2.7124,2.7124,2.7124,1500,2021-10-13 18:25:00,INFI
2.715,2.73,2.71,2.72,18362,2021-10-13 18:30:00,INFI
2.73,2.7373,2.725,2.7373,8322,2021-10-13 18:35:00,INFI
2.735,2.735,2.7223,2.7223,4738,2021-10-13 18:40:00,INFI
2.73,2.73,2.72,2.72,5647,2021-10-13 18:45:00,INFI
2.73,2.73,2.72,2.725,1174,2021-10-13 18:50:00,INFI
2.7283,2.74,2.72,2.735,10115,2021-10-13 18:55:00,INFI
2.74,2.74,2.73,2.735,30051,2021-10-13 19:00:00,INFI
2.74,2.74,2.735,2.74,4321,2021-10-13 19:05:00,INFI
2.74,2.74,2.735,2.735,2400,2021-10-13 19:10:00,INFI
2.735,2.735,2.7313,2.735,2116,2021-10-13 19:15:00,INFI
2.74,2.74,2.74,2.74,100,2021-10-13 19:20:00,INFI
2.73,2.74,2.71,2.71,3172,2021-10-13 19:25:00,INFI
2.7199,2.727,2.715,2.715,27748,2021-10-13 19:30:00,INFI
2.715,2.735,2.715,2.735,25109,2021-10-13 19:35:00,INFI
2.735,2.74,2.735,2.735,900,2021-10-13 19:40:00,INFI
2.735,2.75,2.735,2.745,6445,2021-10-13 19:45:00,INFI
2.7427,2.75,2.74,2.745,31318,2021-10-13 19:50:00,INFI
2.745,2.75,2.73,2.73,87153,2021-10-13 19:55:00,INFI
2.73,2.73,2.73,2.73,27730,2021-10-13 20:00:00,INFI
2.7775,2.7775,2.7775,2.7775,400,2021-10-14 12:25:00,INFI
2.79,2.79,2.79,2.79,500,2021-10-14 12:35:00,INFI
2.73,2.73,2.72,2.72,518,2021-10-14 13:25:00,INFI
2.7434,2.7434,2.705,2.73,39398,2021-10-14 13:30:00,INFI
2.725,2.73,2.715,2.73,18185,2021-10-14 13:35:00,INFI
2.725,2.76,2.725,2.76,11945,2021-10-14 13:40:00,INFI
2.755,2.7687,2.74,2.75,11434,2021-10-14 13:45:00,INFI
2.755,2.7601,2.7531,2.7574,4294,2021-10-14 13:50:00,INFI
2.755,2.78,2.755,2.77,9315,2021-10-14 13:55:00,INFI
2.77,2.7774,2.765,2.775,9850,2021-10-14 14:00:00,INFI
2.77,2.79,2.77,2.79,14241,2021-10-14 14:05:00,INFI
2.79,2.79,2.78,2.78,5268,2021-10-14 14:10:00,INFI
2.775,2.78,2.77,2.7775,2138,2021-10-14 14:15:00,INFI
2.7785,2.7785,2.76,2.77,14293,2021-10-14 14:20:00,INFI
2.772,2.78,2.755,2.77,49805,2021-10-14 14:25:00,INFI
2.78,2.81,2.78,2.81,23623,2021-10-14 14:30:00,INFI
2.81,2.815,2.79,2.81,16656,2021-10-14 14:35:00,INFI
2.805,2.81,2.8,2.81,6243,2021-10-14 14:40:00,INFI
2.8111,2.815,2.8,2.8,9487,2021-10-14 14:45:00,INFI
2.798,2.798,2.785,2.79,6079,2021-10-14 14:50:00,INFI
2.79,2.81,2.79,2.81,22695,2021-10-14 14:55:00,INFI
2.805,2.805,2.78,2.78,15447,2021-10-14 15:00:00,INFI
2.781,2.781,2.7783,2.78,5460,2021-10-14 15:05:00,INFI
2.77,2.79,2.77,2.785,11034,2021-10-14 15:10:00,INFI
2.7818,2.7818,2.78,2.7814,644,2021-10-14 15:15:00,INFI
2.785,2.79,2.775,2.775,3966,2021-10-14 15:20:00,INFI
2.7726,2.78,2.7726,2.78,4015,2021-10-14 15:25:00,INFI
2.785,2.79,2.785,2.7894,7700,2021-10-14 15:30:00,INFI
2.7826,2.785,2.78,2.785,945,2021-10-14 15:35:00,INFI
2.79,2.79,2.78,2.785,5557,2021-10-14 15:40:00,INFI
2.785,2.79,2.785,2.79,7595,2021-10-14 15:45:00,INFI
2.785,2.785,2.76,2.765,107233,2021-10-14 15:50:00,INFI
2.7699,2.77,2.76,2.76,5950,2021-10-14 15:55:00,INFI
2.7621,2.765,2.75,2.7574,2968,2021-10-14 16:00:00,INFI
2.75,2.755,2.74,2.74,8638,2021-10-14 16:05:00,INFI
2.75,2.75,2.74,2.7476,3120,2021-10-14 16:10:00,INFI
2.74,2.74,2.74,2.74,223,2021-10-14 16:15:00,INFI
2.743,2.7473,2.74,2.74,4337,2021-10-14 16:25:00,INFI
2.74,2.745,2.74,2.745,350,2021-10-14 16:30:00,INFI
2.74,2.74,2.74,2.74,100,2021-10-14 16:35:00,INFI
2.7489,2.755,2.7489,2.75,16635,2021-10-14 16:40:00,INFI
2.75,2.755,2.75,2.755,8929,2021-10-14 16:45:00,INFI
2.755,2.755,2.75,2.7501,3350,2021-10-14 16:50:00,INFI
2.755,2.755,2.75,2.755,3100,2021-10-14 16:55:00,INFI
2.75,2.75,2.74,2.7499,16349,2021-10-14 17:00:00,INFI
2.745,2.745,2.73,2.735,11358,2021-10-14 17:05:00,INFI
2.735,2.735,2.725,2.725,12377,2021-10-14 17:10:00,INFI
2.725,2.73,2.725,2.73,300,2021-10-14 17:15:00,INFI
2.728,2.7299,2.7206,2.7227,831,2021-10-14 17:20:00,INFI
2.7293,2.7299,2.72,2.725,11152,2021-10-14 17:25:00,INFI
2.73,2.735,2.72,2.72,12758,2021-10-14 17:30:00,INFI
2.72,2.72,2.715,2.72,1300,2021-10-14 17:35:00,INFI
2.72,2.7288,2.715,2.725,10957,2021-10-14 17:40:00,INFI
2.7216,2.7216,2.7216,2.7216,1105,2021-10-14 17:45:00,INFI
2.72,2.7288,2.72,2.72,6500,2021-10-14 17:50:00,INFI
2.7225,2.7226,2.7225,2.7226,200,2021-10-14 17:55:00,INFI
2.7299,2.73,2.715,2.73,16325,2021-10-14 18:00:00,INFI
2.7274,2.7274,2.7226,2.7226,283,2021-10-14 18:05:00,INFI
2.73,2.74,2.73,2.7368,5000,2021-10-14 18:10:00,INFI
2.74,2.74,2.735,2.735,1500,2021-10-14 18:15:00,INFI
2.735,2.7399,2.73,2.73,3284,2021-10-14 18:20:00,INFI
2.74,2.745,2.74,2.745,4849,2021-10-14 18:25:00,INFI
2.7415,2.745,2.7415,2.745,733,2021-10-14 18:30:00,INFI
2.7481,2.7481,2.74,2.745,700,2021-10-14 18:35:00,INFI
2.745,2.745,2.732,2.735,9367,2021-10-14 18:40:00,INFI
2.735,2.735,2.735,2.735,200,2021-10-14 18:45:00,INFI
2.73,2.73,2.72,2.725,6712,2021-10-14 18:50:00,INFI
2.725,2.7275,2.7221,2.7275,804,2021-10-14 18:55:00,INFI
2.725,2.73,2.71,2.7174,7780,2021-10-14 19:00:00,INFI
2.715,2.7186,2.71,2.71,7721,2021-10-14 19:05:00,INFI
2.71,2.71,2.7,2.705,17009,2021-10-14 19:10:00,INFI
2.71,2.715,2.6801,2.6801,35442,2021-10-14 19:15:00,INFI
2.685,2.69,2.67,2.69,19935,2021-10-14 19:20:00,INFI
2.69,2.7,2.681,2.69,17002,2021-10-14 19:25:00,INFI
2.69,2.7,2.685,2.7,58358,2021-10-14 19:30:00,INFI
2.695,2.695,2.68,2.69,12048,2021-10-14 19:35:00,INFI
2.69,2.69,2.68,2.68,8178,2021-10-14 19:40:00,INFI
2.685,2.699,2.68,2.695,17376,2021-10-14 19:45:00,INFI
2.6983,2.7,2.68,2.685,27164,2021-10-14 19:50:00,INFI
2.685,2.7,2.68,2.7,84041,2021-10-14 19:55:00,INFI
2.69,2.69,2.69,2.69,46271,2021-10-14 20:00:00,INFI
2.74,2.74,2.74,2.74,400,2021-10-14 21:30:00,INFI
2.67,2.67,2.67,2.67,7000,2021-10-14 23:55:00,INFI
2.7,2.7,2.7,2.7,200,2021-10-15 12:05:00,INFI
2.7199,2.7199,2.7198,2.7199,1000,2021-10-15 12:30:00,INFI
2.7199,2.7199,2.7199,2.7199,200,2021-10-15 12:35:00,INFI
2.75,2.75,2.71,2.71,38010,2021-10-15 13:30:00,INFI
2.7,2.7,2.68,2.685,12562,2021-10-15 13:35:00,INFI
2.6801,2.72,2.6801,2.7199,57691,2021-10-15 13:40:00,INFI
2.7181,2.735,2.71,2.71,21812,2021-10-15 13:45:00,INFI
2.71,2.73,2.7,2.72,96868,2021-10-15 13:50:00,INFI
2.71,2.72,2.7091,2.72,30811,2021-10-15 13:55:00,INFI
2.71,2.71,2.68,2.695,25058,2021-10-15 14:00:00,INFI
2.6928,2.7,2.685,2.6925,13711,2021-10-15 14:05:00,INFI
2.695,2.705,2.68,2.6805,18693,2021-10-15 14:10:00,INFI
2.685,2.7,2.685,2.69,23645,2021-10-15 14:15:00,INFI
2.6999,2.6999,2.675,2.68,36421,2021-10-15 14:20:00,INFI
2.6799,2.69,2.6799,2.685,5282,2021-10-15 14:25:00,INFI
2.68,2.68,2.67,2.68,6792,2021-10-15 14:30:00,INFI
2.67,2.68,2.665,2.665,55321,2021-10-15 14:35:00,INFI
2.67,2.675,2.6501,2.66,113402,2021-10-15 14:40:00,INFI
2.66,2.66,2.63,2.6494,87431,2021-10-15 14:45:00,INFI
2.645,2.67,2.645,2.665,14568,2021-10-15 14:50:00,INFI
2.67,2.675,2.67,2.67,7784,2021-10-15 14:55:00,INFI
2.67,2.67,2.63,2.64,69148,2021-10-15 15:00:00,INFI
2.64,2.645,2.63,2.64,19785,2021-10-15 15:05:00,INFI
2.635,2.66,2.635,2.655,45249,2021-10-15 15:10:00,INFI
2.655,2.655,2.65,2.655,8900,2021-10-15 15:15:00,INFI
2.655,2.6599,2.655,2.655,2730,2021-10-15 15:20:00,INFI
2.6548,2.655,2.65,2.655,6100,2021-10-15 15:25:00,INFI
2.655,2.6585,2.65,2.655,3747,2021-10-15 15:30:00,INFI
2.651,2.655,2.651,2.655,4700,2021-10-15 15:35:00,INFI
2.653,2.655,2.65,2.65,1147,2021-10-15 15:40:00,INFI
2.65,2.66,2.645,2.6586,12892,2021-10-15 15:45:00,INFI
2.6526,2.66,2.6526,2.66,559,2021-10-15 15:50:00,INFI
2.655,2.6599,2.65,2.65,8725,2021-10-15 15:55:00,INFI
2.65,2.653,2.65,2.652,1490,2021-10-15 16:00:00,INFI
2.651,2.6591,2.651,2.6575,4626,2021-10-15 16:05:00,INFI
2.655,2.6554,2.65,2.65,670,2021-10-15 16:10:00,INFI
2.655,2.66,2.655,2.66,200,2021-10-15 16:15:00,INFI
2.655,2.655,2.6501,2.655,2471,2021-10-15 16:20:00,INFI
2.655,2.66,2.64,2.655,28609,2021-10-15 16:25:00,INFI
2.6555,2.66,2.65,2.655,8292,2021-10-15 16:30:00,INFI
2.655,2.656,2.65,2.655,8650,2021-10-15 16:35:00,INFI
2.655,2.6595,2.645,2.651,10342,2021-10-15 16:40:00,INFI
2.65,2.65,2.64,2.64,5600,2021-10-15 16:45:00,INFI
2.6448,2.65,2.6448,2.645,10149,2021-10-15 16:50:00,INFI
2.64,2.65,2.64,2.65,3600,2021-10-15 16:55:00,INFI
2.641,2.645,2.64,2.64,9156,2021-10-15 17:00:00,INFI
2.64,2.6409,2.64,2.64,3042,2021-10-15 17:05:00,INFI
2.645,2.65,2.64,2.64,515,2021-10-15 17:10:00,INFI
2.645,2.6478,2.63,2.6339,49367,2021-10-15 17:15:00,INFI
2.635,2.6374,2.63,2.63,5864,2021-10-15 17:20:00,INFI
2.63,2.6315,2.62,2.62,21930,2021-10-15 17:25:00,INFI
2.6291,2.635,2.62,2.635,14986,2021-10-15 17:30:00,INFI
2.63,2.6345,2.63,2.6345,400,2021-10-15 17:35:00,INFI
2.6307,2.645,2.63,2.645,9244,2021-10-15 17:40:00,INFI
2.645,2.645,2.64,2.64,550,2021-10-15 17:45:00,INFI
2.645,2.645,2.645,2.645,100,2021-10-15 17:50:00,INFI
2.6401,2.645,2.635,2.645,8879,2021-10-15 17:55:00,INFI
2.64,2.648,2.64,2.648,550,2021-10-15 18:00:00,INFI
2.65,2.65,2.64,2.64,2650,2021-10-15 18:05:00,INFI
2.645,2.6482,2.645,2.6482,1550,2021-10-15 18:10:00,INFI
2.645,2.655,2.645,2.655,18488,2021-10-15 18:15:00,INFI
2.655,2.66,2.655,2.66,500,2021-10-15 18:20:00,INFI
2.66,2.66,2.655,2.655,6638,2021-10-15 18:25:00,INFI
2.65,2.655,2.645,2.655,15999,2021-10-15 18:30:00,INFI
2.655,2.66,2.65,2.6521,1780,2021-10-15 18:35:00,INFI
2.66,2.66,2.6512,2.655,2300,2021-10-15 18:40:00,INFI
2.655,2.655,2.645,2.645,3000,2021-10-15 18:45:00,INFI
2.65,2.65,2.63,2.63,17826,2021-10-15 18:50:00,INFI
2.635,2.635,2.635,2.635,2136,2021-10-15 18:55:00,INFI
2.635,2.635,2.625,2.625,2089,2021-10-15 19:00:00,INFI
2.625,2.625,2.61,2.61,9797,2021-10-15 19:05:00,INFI
2.61,2.6174,2.6,2.6174,22455,2021-10-15 19:10:00,INFI
2.62,2.6279,2.61,2.625,9715,2021-10-15 19:15:00,INFI
2.625,2.63,2.62,2.63,3698,2021-10-15 19:20:00,INFI
2.63,2.64,2.62,2.635,8211,2021-10-15 19:25:00,INFI
2.635,2.64,2.63,2.6375,10679,2021-10-15 19:30:00,INFI
2.635,2.64,2.63,2.64,4298,2021-10-15 19:35:00,INFI
2.635,2.64,2.635,2.635,1300,2021-10-15 19:40:00,INFI
2.64,2.645,2.63,2.645,10737,2021-10-15 19:45:00,INFI
2.65,2.65,2.64,2.645,21289,2021-10-15 19:50:00,INFI
2.645,2.65,2.64,2.64,41255,2021-10-15 19:55:00,INFI
2.64,2.64,2.64,2.64,48357,2021-10-15 20:00:00,INFI
2.6303,2.6303,2.6303,2.6303,1000,2021-10-15 20:45:00,INFI
2.62,2.62,2.62,2.62,500,2021-10-15 20:50:00,INFI
2.6303,2.6303,2.6303,2.6303,1000,2021-10-15 21:30:00,INFI
2.6322,2.6322,2.6322,2.6322,139,2021-10-15 21:35:00,INFI
2.68,2.68,2.68,2.68,500,2021-10-15 21:55:00,INFI
2.67,2.67,2.67,2.67,198,2021-10-15 22:05:00,INFI
2.88,3.1,2.86,3.1,712,2021-10-18 10:40:00,INFI
3.1,3.1,2.97,2.97,1431,2021-10-18 10:45:00,INFI
2.98,2.99,2.98,2.99,646,2021-10-18 10:50:00,INFI
2.98,2.99,2.9,2.91,5853,2021-10-18 10:55:00,INFI
2.98,2.99,2.86,2.92,4921,2021-10-18 11:00:00,INFI
2.91,2.92,2.91,2.92,5523,2021-10-18 11:05:00,INFI
2.9,2.9,2.83,2.84,9981,2021-10-18 11:10:00,INFI
2.8,2.8,2.8,2.8,1800,2021-10-18 11:20:00,INFI
2.8,2.8,2.8,2.8,100,2021-10-18 11:25:00,INFI
2.8,2.8,2.78,2.78,796,2021-10-18 11:30:00,INFI
2.78,2.79,2.78,2.79,341,2021-10-18 11:35:00,INFI
2.8,2.81,2.8,2.81,230,2021-10-18 11:45:00,INFI
2.81,2.83,2.81,2.81,12600,2021-10-18 12:00:00,INFI
2.81,2.8297,2.79,2.79,4700,2021-10-18 12:05:00,INFI
2.79,2.8,2.79,2.8,9018,2021-10-18 12:10:00,INFI
2.8098,2.8098,2.8098,2.8098,1000,2021-10-18 12:15:00,INFI
2.81,2.81,2.81,2.81,100,2021-10-18 12:20:00,INFI
2.79,2.79,2.79,2.79,250,2021-10-18 12:25:00,INFI
2.7999,2.7999,2.7999,2.7999,100,2021-10-18 12:30:00,INFI
2.79,2.7999,2.78,2.7999,3202,2021-10-18 12:40:00,INFI
2.79,2.8,2.79,2.8,1038,2021-10-18 12:45:00,INFI
2.79,2.8,2.79,2.8,400,2021-10-18 12:50:00,INFI
2.8,2.8,2.78,2.78,5480,2021-10-18 12:55:00,INFI
2.8,2.8,2.8,2.8,1800,2021-10-18 13:00:00,INFI
2.8,2.8,2.799,2.8,1200,2021-10-18 13:05:00,INFI
2.78,2.79,2.78,2.79,6512,2021-10-18 13:10:00,INFI
2.79,2.79,2.79,2.79,1100,2021-10-18 13:20:00,INFI
2.79,2.83,2.79,2.83,9251,2021-10-18 13:25:00,INFI
2.82,2.8292,2.755,2.8199,145371,2021-10-18 13:30:00,INFI
2.82,2.82,2.8,2.81,88874,2021-10-18 13:35:00,INFI
2.81,2.86,2.795,2.8599,107888,2021-10-18 13:40:00,INFI
2.86,2.89,2.85,2.89,146196,2021-10-18 13:45:00,INFI
2.9,2.95,2.9,2.91,263507,2021-10-18 13:50:00,INFI
2.9173,2.93,2.88,2.908,56691,2021-10-18 13:55:00,INFI
2.9,2.925,2.9,2.925,59380,2021-10-18 14:00:00,INFI
2.9298,2.94,2.92,2.94,108951,2021-10-18 14:05:00,INFI
2.9478,2.9899,2.94,2.98,43426,2021-10-18 14:10:00,INFI
2.98,3.025,2.98,3.02,144183,2021-10-18 14:15:00,INFI
3.02,3.025,2.98,2.9946,97758,2021-10-18 14:20:00,INFI
2.99,3.04,2.99,3.04,136399,2021-10-18 14:25:00,INFI
3.04,3.07,3.03,3.04,266117,2021-10-18 14:30:00,INFI
3.04,3.045,2.98,2.98,123775,2021-10-18 14:35:00,INFI
2.9822,3.0,2.94,2.95,150663,2021-10-18 14:40:00,INFI
2.95,2.9588,2.94,2.95,27663,2021-10-18 14:45:00,INFI
2.9425,2.9575,2.94,2.94,19499,2021-10-18 14:50:00,INFI
2.94,2.95,2.93,2.93,27754,2021-10-18 14:55:00,INFI
2.93,2.93,2.92,2.9275,14835,2021-10-18 15:00:00,INFI
2.93,2.93,2.882,2.885,68596,2021-10-18 15:05:00,INFI
2.8874,2.8874,2.85,2.865,179067,2021-10-18 15:10:00,INFI
2.86,2.8699,2.86,2.865,4164,2021-10-18 15:15:00,INFI
2.8674,2.8674,2.85,2.85,4645,2021-10-18 15:20:00,INFI
2.85,2.85,2.8318,2.8318,19599,2021-10-18 15:25:00,INFI
2.8399,2.845,2.83,2.83,23346,2021-10-18 15:30:00,INFI
2.83,2.84,2.82,2.84,27628,2021-10-18 15:35:00,INFI
2.84,2.84,2.83,2.835,46061,2021-10-18 15:40:00,INFI
2.83,2.84,2.83,2.84,13508,2021-10-18 15:45:00,INFI
2.83,2.83,2.82,2.82,28925,2021-10-18 15:50:00,INFI
2.8206,2.8206,2.81,2.81,17893,2021-10-18 15:55:00,INFI
2.81,2.81,2.79,2.795,29707,2021-10-18 16:00:00,INFI
2.79,2.82,2.78,2.8144,86360,2021-10-18 16:05:00,INFI
2.82,2.82,2.81,2.81,13970,2021-10-18 16:10:00,INFI
2.81,2.81,2.8,2.8,4871,2021-10-18 16:15:00,INFI
2.8081,2.8086,2.8,2.8,3675,2021-10-18 16:20:00,INFI
2.81,2.81,2.8,2.8,3180,2021-10-18 16:25:00,INFI
2.8,2.8017,2.79,2.79,23844,2021-10-18 16:30:00,INFI
2.79,2.7999,2.79,2.79,6701,2021-10-18 16:35:00,INFI
2.793,2.7999,2.78,2.785,26691,2021-10-18 16:40:00,INFI
2.7899,2.79,2.78,2.79,7232,2021-10-18 16:45:00,INFI
2.78,2.8,2.78,2.8,42169,2021-10-18 16:50:00,INFI
2.8,2.8099,2.8,2.8,10261,2021-10-18 16:55:00,INFI
2.8,2.805,2.79,2.8,30632,2021-10-18 17:00:00,INFI
2.8,2.825,2.8,2.82,36940,2021-10-18 17:05:00,INFI
2.82,2.83,2.82,2.8227,5887,2021-10-18 17:10:00,INFI
2.83,2.83,2.82,2.825,8506,2021-10-18 17:15:00,INFI
2.825,2.825,2.8,2.8073,33715,2021-10-18 17:20:00,INFI
2.8014,2.81,2.8,2.8073,23422,2021-10-18 17:25:00,INFI
2.8099,2.8099,2.8,2.8,6794,2021-10-18 17:30:00,INFI
2.8,2.8,2.79,2.795,11592,2021-10-18 17:35:00,INFI
2.795,2.7966,2.795,2.7966,1771,2021-10-18 17:40:00,INFI
2.795,2.8,2.78,2.795,47101,2021-10-18 17:45:00,INFI
2.79,2.795,2.79,2.795,3450,2021-10-18 17:50:00,INFI
2.79,2.7975,2.785,2.7885,11065,2021-10-18 17:55:00,INFI
2.79,2.79,2.78,2.78,1259,2021-10-18 18:00:00,INFI
2.782,2.7872,2.78,2.785,8270,2021-10-18 18:05:00,INFI
2.79,2.79,2.785,2.789,3514,2021-10-18 18:10:00,INFI
2.78,2.788,2.78,2.7823,6348,2021-10-18 18:15:00,INFI
2.7811,2.79,2.7811,2.7848,4524,2021-10-18 18:20:00,INFI
2.7873,2.7888,2.77,2.77,26666,2021-10-18 18:25:00,INFI
2.775,2.79,2.77,2.775,27008,2021-10-18 18:30:00,INFI
2.775,2.777,2.77,2.775,5585,2021-10-18 18:35:00,INFI
2.775,2.775,2.775,2.775,200,2021-10-18 18:40:00,INFI
2.78,2.78,2.775,2.775,200,2021-10-18 18:45:00,INFI
2.779,2.79,2.775,2.785,28141,2021-10-18 18:50:00,INFI
2.78,2.8,2.78,2.7979,40862,2021-10-18 18:55:00,INFI
2.7978,2.8,2.79,2.795,5842,2021-10-18 19:00:00,INFI
2.795,2.8,2.79,2.8,1192,2021-10-18 19:05:00,INFI
2.795,2.8,2.79,2.79,4662,2021-10-18 19:10:00,INFI
2.795,2.8,2.795,2.795,17184,2021-10-18 19:15:00,INFI
2.795,2.8,2.795,2.795,4902,2021-10-18 19:20:00,INFI
2.795,2.8,2.76,2.765,38142,2021-10-18 19:25:00,INFI
2.765,2.77,2.765,2.765,4800,2021-10-18 19:30:00,INFI
2.77,2.78,2.76,2.76,24768,2021-10-18 19:35:00,INFI
2.76,2.77,2.755,2.76,22480,2021-10-18 19:40:00,INFI
2.755,2.76,2.7516,2.76,5366,2021-10-18 19:45:00,INFI
2.755,2.755,2.74,2.745,84514,2021-10-18 19:50:00,INFI
2.745,2.75,2.73,2.74,131432,2021-10-18 19:55:00,INFI
2.74,2.74,2.74,2.74,48368,2021-10-18 20:00:00,INFI
2.74,2.74,2.74,2.74,186,2021-10-18 20:20:00,INFI
2.77,2.77,2.77,2.77,445,2021-10-18 20:45:00,INFI
2.76,2.76,2.76,2.76,100,2021-10-18 20:50:00,INFI
2.76,2.76,2.76,2.76,145,2021-10-18 21:00:00,INFI
2.77,2.77,2.77,2.77,100,2021-10-18 21:35:00,INFI
2.77,2.77,2.76,2.76,3572,2021-10-18 21:55:00,INFI
2.77,2.77,2.77,2.77,1000,2021-10-18 23:25:00,INFI
2.79,2.79,2.78,2.79,3350,2021-10-19 12:35:00,INFI
2.76,2.76,2.76,2.76,6798,2021-10-19 13:00:00,INFI
2.77,2.77,2.76,2.76,5450,2021-10-19 13:10:00,INFI
2.75,2.77,2.75,2.77,400,2021-10-19 13:15:00,INFI
2.7317,2.7317,2.7317,2.7317,2000,2021-10-19 13:20:00,INFI
2.7422,2.7422,2.7,2.71,33810,2021-10-19 13:30:00,INFI
2.7101,2.715,2.69,2.69,20193,2021-10-19 13:35:00,INFI
2.7,2.7145,2.69,2.69,20344,2021-10-19 13:40:00,INFI
2.69,2.72,2.68,2.7052,40703,2021-10-19 13:45:00,INFI
2.705,2.7399,2.7,2.7399,35316,2021-10-19 13:50:00,INFI
2.73,2.7393,2.72,2.735,14889,2021-10-19 13:55:00,INFI
2.73,2.73,2.7,2.725,52274,2021-10-19 14:00:00,INFI
2.725,2.74,2.725,2.73,129252,2021-10-19 14:05:00,INFI
2.73,2.735,2.7,2.7,117793,2021-10-19 14:10:00,INFI
2.705,2.715,2.69,2.7018,53526,2021-10-19 14:15:00,INFI
2.7099,2.7099,2.67,2.67,101859,2021-10-19 14:20:00,INFI
2.67,2.685,2.665,2.685,30040,2021-10-19 14:25:00,INFI
2.685,2.69,2.68,2.69,22111,2021-10-19 14:30:00,INFI
2.69,2.6983,2.69,2.69,6774,2021-10-19 14:35:00,INFI
2.69,2.695,2.68,2.6843,55118,2021-10-19 14:40:00,INFI
2.685,2.71,2.68,2.705,21084,2021-10-19 14:45:00,INFI
2.7,2.7166,2.7,2.71,5904,2021-10-19 14:50:00,INFI
2.7101,2.72,2.71,2.71,4680,2021-10-19 14:55:00,INFI
2.71,2.73,2.71,2.73,23123,2021-10-19 15:00:00,INFI
2.73,2.735,2.72,2.72,16157,2021-10-19 15:05:00,INFI
2.72,2.725,2.72,2.72,600,2021-10-19 15:10:00,INFI
2.7299,2.74,2.725,2.735,24330,2021-10-19 15:15:00,INFI
2.7304,2.735,2.725,2.725,5871,2021-10-19 15:20:00,INFI
2.72,2.72,2.72,2.72,1500,2021-10-19 15:25:00,INFI
2.72,2.74,2.72,2.735,7408,2021-10-19 15:30:00,INFI
2.735,2.759,2.735,2.755,11832,2021-10-19 15:35:00,INFI
2.75,2.7684,2.75,2.7684,9771,2021-10-19 15:40:00,INFI
2.765,2.775,2.76,2.773,19642,2021-10-19 15:45:00,INFI
2.775,2.775,2.76,2.76,3398,2021-10-19 15:50:00,INFI
2.765,2.78,2.7607,2.775,15728,2021-10-19 15:55:00,INFI
2.775,2.78,2.7716,2.775,3243,2021-10-19 16:00:00,INFI
2.775,2.775,2.76,2.76,17607,2021-10-19 16:05:00,INFI
2.76,2.775,2.76,2.775,10048,2021-10-19 16:10:00,INFI
2.775,2.775,2.77,2.77,816,2021-10-19 16:15:00,INFI
2.77,2.77,2.765,2.77,7914,2021-10-19 16:20:00,INFI
2.765,2.785,2.765,2.785,19023,2021-10-19 16:25:00,INFI
2.78,2.7813,2.77,2.77,2408,2021-10-19 16:30:00,INFI
2.78,2.78,2.775,2.775,4000,2021-10-19 16:35:00,INFI
2.78,2.785,2.78,2.785,1800,2021-10-19 16:40:00,INFI
2.7889,2.79,2.785,2.7873,2550,2021-10-19 16:45:00,INFI
2.79,2.795,2.7875,2.79,4541,2021-10-19 16:50:00,INFI
2.7901,2.795,2.79,2.79,5414,2021-10-19 16:55:00,INFI
2.795,2.7991,2.79,2.79,4680,2021-10-19 17:00:00,INFI
2.7907,2.7907,2.77,2.78,26910,2021-10-19 17:05:00,INFI
2.78,2.7869,2.77,2.77,3060,2021-10-19 17:10:00,INFI
2.77,2.7766,2.77,2.77,1235,2021-10-19 17:15:00,INFI
2.77,2.78,2.77,2.775,4700,2021-10-19 17:20:00,INFI
2.775,2.78,2.77,2.7701,4064,2021-10-19 17:25:00,INFI
2.77,2.77,2.77,2.77,600,2021-10-19 17:30:00,INFI
2.775,2.775,2.77,2.77,1025,2021-10-19 17:35:00,INFI
2.77,2.77,2.76,2.76,11435,2021-10-19 17:40:00,INFI
2.76,2.76,2.76,2.76,1199,2021-10-19 17:45:00,INFI
2.76,2.765,2.76,2.76,3075,2021-10-19 17:50:00,INFI
2.76,2.765,2.76,2.76,1100,2021-10-19 17:55:00,INFI
2.76,2.765,2.76,2.76,3900,2021-10-19 18:00:00,INFI
2.76,2.765,2.76,2.76,3600,2021-10-19 18:05:00,INFI
2.76,2.765,2.76,2.765,1800,2021-10-19 18:10:00,INFI
2.765,2.765,2.755,2.765,25162,2021-10-19 18:15:00,INFI
2.765,2.765,2.765,2.765,2200,2021-10-19 18:20:00,INFI
2.765,2.7689,2.75,2.75,7134,2021-10-19 18:25:00,INFI
2.75,2.755,2.745,2.755,11179,2021-10-19 18:30:00,INFI
2.75,2.755,2.75,2.75,4460,2021-10-19 18:35:00,INFI
2.7599,2.7599,2.73,2.745,19693,2021-10-19 18:40:00,INFI
2.7499,2.765,2.74,2.765,23984,2021-10-19 18:45:00,INFI
2.76,2.77,2.76,2.765,5700,2021-10-19 18:50:00,INFI
2.765,2.78,2.765,2.77,9724,2021-10-19 18:55:00,INFI
2.77,2.78,2.77,2.775,10800,2021-10-19 19:00:00,INFI
2.775,2.777,2.77,2.77,3301,2021-10-19 19:05:00,INFI
2.77,2.77,2.755,2.76,12832,2021-10-19 19:10:00,INFI
2.76,2.785,2.76,2.785,20446,2021-10-19 19:15:00,INFI
2.785,2.785,2.78,2.785,3265,2021-10-19 19:20:00,INFI
2.7801,2.785,2.78,2.78,8262,2021-10-19 19:25:00,INFI
2.7801,2.785,2.77,2.77,10152,2021-10-19 19:30:00,INFI
2.7777,2.7886,2.775,2.78,21243,2021-10-19 19:35:00,INFI
2.78,2.78,2.77,2.77,6200,2021-10-19 19:40:00,INFI
2.77,2.7701,2.755,2.765,17828,2021-10-19 19:45:00,INFI
2.765,2.78,2.765,2.77,25532,2021-10-19 19:50:00,INFI
2.77,2.775,2.76,2.77,46191,2021-10-19 19:55:00,INFI
2.77,2.77,2.77,2.77,35412,2021-10-19 20:00:00,INFI
2.79,2.79,2.79,2.79,1000,2021-10-19 20:05:00,INFI
2.72,2.72,2.72,2.72,275,2021-10-19 20:10:00,INFI
2.7799,2.7799,2.7799,2.7799,100,2021-10-19 20:20:00,INFI
2.78,2.78,2.77,2.77,300,2021-10-19 20:25:00,INFI
2.77,2.77,2.77,2.77,100,2021-10-19 21:45:00,INFI
2.7,2.7,2.7,2.7,390,2021-10-19 21:55:00,INFI
2.77,2.77,2.77,2.77,134,2021-10-19 22:50:00,INFI
2.77,2.77,2.77,2.77,499,2021-10-19 23:25:00,INFI
2.77,2.77,2.77,2.77,307,2021-10-19 23:45:00,INFI
2.77,2.77,2.77,2.77,200,2021-10-20 12:00:00,INFI
2.76,2.76,2.76,2.76,1000,2021-10-20 12:10:00,INFI
2.77,2.77,2.77,2.77,3743,2021-10-20 12:35:00,INFI
2.79,2.8,2.79,2.8,2266,2021-10-20 12:45:00,INFI
2.8,2.8,2.8,2.8,100,2021-10-20 13:20:00,INFI
2.77,2.78,2.71,2.725,98295,2021-10-20 13:30:00,INFI
2.725,2.74,2.7,2.7099,24340,2021-10-20 13:35:00,INFI
2.7,2.7222,2.7,2.7222,10282,2021-10-20 13:40:00,INFI
2.7298,2.7298,2.7,2.709,13123,2021-10-20 13:45:00,INFI
2.705,2.71,2.69,2.7084,15588,2021-10-20 13:50:00,INFI
2.71,2.73,2.71,2.72,10446,2021-10-20 13:55:00,INFI
2.72,2.725,2.71,2.72,26964,2021-10-20 14:00:00,INFI
2.7199,2.72,2.71,2.72,15516,2021-10-20 14:05:00,INFI
2.712,2.72,2.71,2.715,2668,2021-10-20 14:10:00,INFI
2.7187,2.73,2.71,2.73,12337,2021-10-20 14:15:00,INFI
2.72,2.73,2.7,2.705,16682,2021-10-20 14:20:00,INFI
2.7017,2.71,2.7,2.7077,10314,2021-10-20 14:25:00,INFI
2.71,2.725,2.71,2.725,16965,2021-10-20 14:30:00,INFI
2.72,2.7299,2.72,2.725,27098,2021-10-20 14:35:00,INFI
2.72,2.73,2.71,2.71,11191,2021-10-20 14:40:00,INFI
2.71,2.72,2.71,2.7122,1968,2021-10-20 14:45:00,INFI
2.71,2.72,2.7,2.71,14311,2021-10-20 14:50:00,INFI
2.7,2.715,2.7,2.7104,5600,2021-10-20 14:55:00,INFI
2.71,2.71,2.68,2.68,43490,2021-10-20 15:00:00,INFI
2.69,2.7,2.68,2.7,23792,2021-10-20 15:05:00,INFI
2.7,2.71,2.685,2.69,18667,2021-10-20 15:10:00,INFI
2.7,2.7,2.69,2.69,1927,2021-10-20 15:15:00,INFI
2.7,2.7,2.67,2.6815,42810,2021-10-20 15:20:00,INFI
2.68,2.68,2.67,2.67,59108,2021-10-20 15:25:00,INFI
2.68,2.6899,2.66,2.68,20095,2021-10-20 15:30:00,INFI
2.6799,2.6899,2.675,2.685,13900,2021-10-20 15:35:00,INFI
2.68,2.69,2.67,2.68,10928,2021-10-20 15:40:00,INFI
2.6784,2.6991,2.675,2.69,23037,2021-10-20 15:45:00,INFI
2.6905,2.7,2.6885,2.6885,9659,2021-10-20 15:50:00,INFI
2.68,2.685,2.67,2.685,15698,2021-10-20 15:55:00,INFI
2.6881,2.6899,2.68,2.68,14216,2021-10-20 16:00:00,INFI
2.685,2.6892,2.68,2.685,9951,2021-10-20 16:05:00,INFI
2.6869,2.69,2.6869,2.69,600,2021-10-20 16:10:00,INFI
2.6885,2.6885,2.6726,2.675,13398,2021-10-20 16:15:00,INFI
2.675,2.7,2.675,2.7,26557,2021-10-20 16:20:00,INFI
2.695,2.7,2.69,2.695,15227,2021-10-20 16:25:00,INFI
2.7,2.71,2.7,2.71,2650,2021-10-20 16:30:00,INFI
2.7,2.7,2.695,2.6982,3800,2021-10-20 16:35:00,INFI
2.6918,2.695,2.69,2.69,1252,2021-10-20 16:40:00,INFI
2.6974,2.6974,2.68,2.69,22575,2021-10-20 16:45:00,INFI
2.689,2.689,2.67,2.67,11734,2021-10-20 16:50:00,INFI
2.6726,2.68,2.67,2.68,3389,2021-10-20 16:55:00,INFI
2.67,2.6765,2.67,2.675,2557,2021-10-20 17:00:00,INFI
2.67,2.67,2.66,2.66,17192,2021-10-20 17:05:00,INFI
2.665,2.67,2.65,2.65,14844,2021-10-20 17:10:00,INFI
2.66,2.665,2.65,2.6614,9657,2021-10-20 17:15:00,INFI
2.6651,2.6651,2.655,2.655,4650,2021-10-20 17:20:00,INFI
2.66,2.665,2.64,2.64,27324,2021-10-20 17:25:00,INFI
2.645,2.6489,2.63,2.6489,39472,2021-10-20 17:30:00,INFI
2.645,2.6582,2.645,2.65,13174,2021-10-20 17:35:00,INFI
2.65,2.655,2.65,2.655,7400,2021-10-20 17:40:00,INFI
2.6558,2.6589,2.65,2.655,6300,2021-10-20 17:45:00,INFI
2.655,2.66,2.655,2.655,14759,2021-10-20 17:50:00,INFI
2.65,2.66,2.65,2.655,3921,2021-10-20 17:55:00,INFI
2.655,2.66,2.6466,2.66,20592,2021-10-20 18:00:00,INFI
2.6583,2.66,2.655,2.655,2488,2021-10-20 18:05:00,INFI
2.655,2.66,2.65,2.655,20100,2021-10-20 18:10:00,INFI
2.655,2.66,2.6507,2.66,22035,2021-10-20 18:15:00,INFI
2.655,2.66,2.65,2.655,3954,2021-10-20 18:20:00,INFI
2.66,2.66,2.655,2.655,1300,2021-10-20 18:25:00,INFI
2.655,2.66,2.65,2.66,4036,2021-10-20 18:30:00,INFI
2.66,2.665,2.655,2.655,7289,2021-10-20 18:35:00,INFI
2.655,2.6599,2.655,2.655,3200,2021-10-20 18:40:00,INFI
2.655,2.655,2.65,2.65,500,2021-10-20 18:45:00,INFI
2.65,2.655,2.65,2.655,2000,2021-10-20 18:50:00,INFI
2.6514,2.66,2.6514,2.655,5382,2021-10-20 18:55:00,INFI
2.66,2.66,2.65,2.655,10632,2021-10-20 19:00:00,INFI
2.655,2.66,2.65,2.655,2480,2021-10-20 19:05:00,INFI
2.66,2.66,2.65,2.655,5207,2021-10-20 19:10:00,INFI
2.66,2.66,2.65,2.6516,1750,2021-10-20 19:15:00,INFI
2.65,2.655,2.63,2.655,75353,2021-10-20 19:20:00,INFI
2.655,2.6599,2.65,2.655,12585,2021-10-20 19:25:00,INFI
2.6573,2.6591,2.65,2.655,4440,2021-10-20 19:30:00,INFI
2.655,2.67,2.655,2.665,13664,2021-10-20 19:35:00,INFI
2.665,2.67,2.66,2.665,2454,2021-10-20 19:40:00,INFI
2.665,2.67,2.655,2.655,6435,2021-10-20 19:45:00,INFI
2.655,2.665,2.65,2.65,21033,2021-10-20 19:50:00,INFI
2.655,2.67,2.65,2.66,45384,2021-10-20 19:55:00,INFI
2.66,2.6699,2.66,2.6699,15640,2021-10-20 20:00:00,INFI
2.66,2.66,2.66,2.66,2000,2021-10-20 20:10:00,INFI
2.66,2.66,2.66,2.66,1100,2021-10-20 20:25:00,INFI
2.66,2.66,2.66,2.66,100,2021-10-20 20:45:00,INFI
2.66,2.66,2.66,2.66,100,2021-10-20 20:50:00,INFI
2.66,2.66,2.66,2.66,100,2021-10-20 21:05:00,INFI
2.6501,2.66,2.6501,2.66,611,2021-10-20 21:15:00,INFI
2.67,2.67,2.67,2.67,1500,2021-10-20 21:30:00,INFI
2.67,2.67,2.67,2.67,1000,2021-10-20 21:45:00,INFI
2.67,2.67,2.67,2.67,683,2021-10-20 22:00:00,INFI
2.67,2.67,2.67,2.67,125,2021-10-20 22:20:00,INFI
2.68,2.68,2.68,2.68,100,2021-10-20 23:00:00,INFI
2.68,2.68,2.68,2.68,500,2021-10-20 23:10:00,INFI
2.68,2.68,2.68,2.68,464,2021-10-20 23:35:00,INFI
2.69,2.69,2.69,2.69,200,2021-10-20 23:50:00,INFI
2.69,2.69,2.69,2.69,1336,2021-10-20 23:55:00,INFI
2.66,2.69,2.66,2.69,269,2021-10-21 11:00:00,INFI
2.7,2.7,2.68,2.68,1400,2021-10-21 12:00:00,INFI
2.7,2.7,2.7,2.7,465,2021-10-21 12:10:00,INFI
2.71,2.71,2.7,2.71,1100,2021-10-21 12:15:00,INFI
2.68,2.68,2.6699,2.67,4250,2021-10-21 12:30:00,INFI
2.66,2.66,2.66,2.66,250,2021-10-21 12:40:00,INFI
2.66,2.66,2.66,2.66,133,2021-10-21 13:00:00,INFI
2.66,2.66,2.66,2.66,300,2021-10-21 13:05:00,INFI
2.66,2.66,2.66,2.66,700,2021-10-21 13:10:00,INFI
2.662,2.6799,2.66,2.67,23330,2021-10-21 13:30:00,INFI
2.67,2.678,2.66,2.67,14704,2021-10-21 13:35:00,INFI
2.6776,2.6999,2.6776,2.6907,16080,2021-10-21 13:40:00,INFI
2.694,2.694,2.67,2.67,14010,2021-10-21 13:45:00,INFI
2.675,2.7,2.675,2.7,19785,2021-10-21 13:50:00,INFI
2.6983,2.7199,2.69,2.6922,66881,2021-10-21 13:55:00,INFI
2.695,2.7,2.69,2.695,10691,2021-10-21 14:00:00,INFI
2.695,2.7001,2.6922,2.7001,6619,2021-10-21 14:05:00,INFI
2.7,2.72,2.7,2.705,27848,2021-10-21 14:10:00,INFI
2.7,2.7074,2.7,2.7,8621,2021-10-21 14:15:00,INFI
2.6925,2.6983,2.69,2.695,8154,2021-10-21 14:20:00,INFI
2.69,2.69,2.68,2.685,11850,2021-10-21 14:25:00,INFI
2.6801,2.69,2.68,2.68,4767,2021-10-21 14:30:00,INFI
2.69,2.71,2.69,2.71,23613,2021-10-21 14:35:00,INFI
2.71,2.7178,2.71,2.71,18553,2021-10-21 14:40:00,INFI
2.715,2.7199,2.71,2.71,9258,2021-10-21 14:45:00,INFI
2.7005,2.705,2.67,2.6791,46741,2021-10-21 14:50:00,INFI
2.68,2.68,2.67,2.67,8516,2021-10-21 14:55:00,INFI
2.675,2.68,2.66,2.665,14935,2021-10-21 15:00:00,INFI
2.66,2.665,2.66,2.66,14826,2021-10-21 15:05:00,INFI
2.65,2.675,2.65,2.675,9764,2021-10-21 15:10:00,INFI
2.67,2.675,2.66,2.66,4200,2021-10-21 15:15:00,INFI
2.66,2.67,2.66,2.67,5216,2021-10-21 15:20:00,INFI
2.665,2.665,2.64,2.64,89729,2021-10-21 15:25:00,INFI
2.6481,2.6573,2.64,2.645,97459,2021-10-21 15:30:00,INFI
2.6418,2.6583,2.6418,2.655,8466,2021-10-21 15:35:00,INFI
2.66,2.66,2.655,2.655,3027,2021-10-21 15:40:00,INFI
2.65,2.6574,2.65,2.65,2000,2021-10-21 15:45:00,INFI
2.655,2.66,2.65,2.655,3500,2021-10-21 15:50:00,INFI
2.65,2.6588,2.65,2.655,4283,2021-10-21 15:55:00,INFI
2.655,2.655,2.65,2.655,6877,2021-10-21 16:00:00,INFI
2.6515,2.655,2.65,2.65,5338,2021-10-21 16:05:00,INFI
2.655,2.655,2.65,2.65,1237,2021-10-21 16:10:00,INFI
2.65,2.67,2.65,2.655,29474,2021-10-21 16:15:00,INFI
2.655,2.6599,2.65,2.65,1465,2021-10-21 16:20:00,INFI
2.6589,2.67,2.655,2.665,18145,2021-10-21 16:25:00,INFI
2.665,2.68,2.665,2.675,39925,2021-10-21 16:30:00,INFI
2.675,2.675,2.67,2.675,3892,2021-10-21 16:35:00,INFI
2.6701,2.6772,2.67,2.675,2275,2021-10-21 16:40:00,INFI
2.67,2.68,2.67,2.675,109347,2021-10-21 16:45:00,INFI
2.6791,2.68,2.67,2.67,33250,2021-10-21 16:50:00,INFI
2.675,2.68,2.67,2.68,50406,2021-10-21 16:55:00,INFI
2.68,2.68,2.66,2.66,39277,2021-10-21 17:00:00,INFI
2.6692,2.67,2.665,2.665,6315,2021-10-21 17:05:00,INFI
2.66,2.67,2.66,2.66,18402,2021-10-21 17:10:00,INFI
2.65,2.655,2.64,2.64,8227,2021-10-21 17:15:00,INFI
2.64,2.65,2.6332,2.65,54803,2021-10-21 17:20:00,INFI
2.65,2.66,2.65,2.655,15100,2021-10-21 17:25:00,INFI
2.655,2.655,2.645,2.645,3856,2021-10-21 17:30:00,INFI
2.64,2.6499,2.64,2.645,7372,2021-10-21 17:35:00,INFI
2.645,2.645,2.63,2.63,27527,2021-10-21 17:40:00,INFI
2.635,2.635,2.63,2.6301,27954,2021-10-21 17:45:00,INFI
2.63,2.635,2.6106,2.6146,86037,2021-10-21 17:50:00,INFI
2.6196,2.62,2.61,2.615,4179,2021-10-21 17:55:00,INFI
2.615,2.63,2.615,2.62,12843,2021-10-21 18:00:00,INFI
2.63,2.63,2.62,2.625,10445,2021-10-21 18:05:00,INFI
2.625,2.63,2.62,2.625,4400,2021-10-21 18:10:00,INFI
2.63,2.635,2.62,2.625,15676,2021-10-21 18:15:00,INFI
2.625,2.625,2.615,2.62,33192,2021-10-21 18:20:00,INFI
2.6278,2.64,2.6278,2.64,8148,2021-10-21 18:25:00,INFI
2.635,2.6384,2.63,2.6374,5506,2021-10-21 18:30:00,INFI
2.63,2.6379,2.625,2.635,9636,2021-10-21 18:35:00,INFI
2.63,2.64,2.63,2.64,5340,2021-10-21 18:40:00,INFI
2.64,2.65,2.625,2.6422,18507,2021-10-21 18:45:00,INFI
2.645,2.645,2.635,2.635,7792,2021-10-21 18:50:00,INFI
2.635,2.635,2.63,2.63,1165,2021-10-21 18:55:00,INFI
2.63,2.655,2.63,2.655,10296,2021-10-21 19:00:00,INFI
2.65,2.655,2.65,2.65,14101,2021-10-21 19:05:00,INFI
2.65,2.65,2.64,2.64,5110,2021-10-21 19:10:00,INFI
2.64,2.65,2.63,2.64,23048,2021-10-21 19:15:00,INFI
2.64,2.6499,2.64,2.64,2528,2021-10-21 19:20:00,INFI
2.645,2.645,2.64,2.64,1945,2021-10-21 19:25:00,INFI
2.64,2.645,2.64,2.645,1670,2021-10-21 19:30:00,INFI
2.645,2.65,2.64,2.65,8197,2021-10-21 19:35:00,INFI
2.645,2.65,2.645,2.645,2750,2021-10-21 19:40:00,INFI
2.645,2.645,2.64,2.64,3300,2021-10-21 19:45:00,INFI
2.64,2.64,2.62,2.63,58042,2021-10-21 19:50:00,INFI
2.625,2.66,2.62,2.65,103267,2021-10-21 19:55:00,INFI
2.65,2.65,2.65,2.65,45385,2021-10-21 20:00:00,INFI
2.61,2.61,2.61,2.61,100,2021-10-21 21:40:00,INFI
2.62,2.62,2.62,2.62,492,2021-10-21 22:20:00,INFI
2.62,2.62,2.62,2.62,200,2021-10-21 22:50:00,INFI
2.63,2.63,2.62,2.62,5000,2021-10-21 23:20:00,INFI
2.73,2.73,2.73,2.73,197,2021-10-22 09:00:00,INFI
2.62,2.62,2.62,2.62,100,2021-10-22 12:05:00,INFI
2.62,2.62,2.62,2.62,2750,2021-10-22 12:45:00,INFI
2.62,2.62,2.62,2.62,300,2021-10-22 13:00:00,INFI
2.62,2.62,2.62,2.62,1500,2021-10-22 13:05:00,INFI
2.62,2.62,2.62,2.62,100,2021-10-22 13:15:00,INFI
2.62,2.62,2.62,2.62,300,2021-10-22 13:25:00,INFI
2.6,2.64,2.58,2.6014,58362,2021-10-22 13:30:00,INFI
2.6,2.6,2.56,2.56,87088,2021-10-22 13:35:00,INFI
2.5699,2.57,2.5301,2.56,102766,2021-10-22 13:40:00,INFI
2.5599,2.57,2.5425,2.5501,30874,2021-10-22 13:45:00,INFI
2.5562,2.565,2.545,2.565,17724,2021-10-22 13:50:00,INFI
2.57,2.575,2.56,2.5742,16036,2021-10-22 13:55:00,INFI
2.575,2.58,2.5599,2.565,11107,2021-10-22 14:00:00,INFI
2.565,2.57,2.56,2.57,31909,2021-10-22 14:05:00,INFI
2.565,2.57,2.56,2.5689,7811,2021-10-22 14:10:00,INFI
2.56,2.59,2.56,2.56,26036,2021-10-22 14:15:00,INFI
2.57,2.575,2.565,2.575,5678,2021-10-22 14:20:00,INFI
2.5718,2.58,2.5718,2.58,7100,2021-10-22 14:25:00,INFI
2.58,2.58,2.57,2.5718,9410,2021-10-22 14:30:00,INFI
2.58,2.59,2.575,2.59,6642,2021-10-22 14:35:00,INFI
2.5861,2.59,2.58,2.59,8840,2021-10-22 14:40:00,INFI
2.59,2.59,2.58,2.58,15479,2021-10-22 14:45:00,INFI
2.58,2.58,2.56,2.57,7659,2021-10-22 14:50:00,INFI
2.56,2.57,2.56,2.57,21307,2021-10-22 14:55:00,INFI
2.57,2.57,2.565,2.57,2460,2021-10-22 15:00:00,INFI
2.563,2.57,2.5601,2.57,5044,2021-10-22 15:05:00,INFI
2.565,2.57,2.555,2.56,20356,2021-10-22 15:10:00,INFI
2.56,2.57,2.54,2.54,36380,2021-10-22 15:15:00,INFI
2.535,2.5356,2.53,2.5356,4322,2021-10-22 15:20:00,INFI
2.535,2.5394,2.535,2.5394,11100,2021-10-22 15:25:00,INFI
2.535,2.54,2.53,2.53,5919,2021-10-22 15:30:00,INFI
2.54,2.54,2.53,2.535,14295,2021-10-22 15:35:00,INFI
2.535,2.55,2.535,2.545,9476,2021-10-22 15:40:00,INFI
2.5412,2.55,2.54,2.5429,8193,2021-10-22 15:45:00,INFI
2.55,2.56,2.54,2.56,5926,2021-10-22 15:50:00,INFI
2.555,2.57,2.555,2.565,18582,2021-10-22 15:55:00,INFI
2.565,2.565,2.5527,2.56,10921,2021-10-22 16:00:00,INFI
2.5586,2.56,2.55,2.555,2796,2021-10-22 16:05:00,INFI
2.555,2.56,2.5501,2.5501,1500,2021-10-22 16:10:00,INFI
2.555,2.56,2.545,2.545,12284,2021-10-22 16:15:00,INFI
2.55,2.55,2.545,2.545,3674,2021-10-22 16:20:00,INFI
2.545,2.55,2.545,2.5499,1528,2021-10-22 16:25:00,INFI
2.545,2.545,2.54,2.545,8097,2021-10-22 16:30:00,INFI
2.545,2.55,2.545,2.545,3455,2021-10-22 16:35:00,INFI
2.54,2.545,2.54,2.545,650,2021-10-22 16:40:00,INFI
2.5499,2.5499,2.535,2.535,7866,2021-10-22 16:45:00,INFI
2.5399,2.55,2.5318,2.55,14632,2021-10-22 16:50:00,INFI
2.545,2.545,2.535,2.535,4022,2021-10-22 16:55:00,INFI
2.535,2.535,2.52,2.525,24492,2021-10-22 17:00:00,INFI
2.5219,2.54,2.5201,2.535,18117,2021-10-22 17:05:00,INFI
2.535,2.5379,2.535,2.5379,2300,2021-10-22 17:10:00,INFI
2.53,2.53,2.52,2.525,6449,2021-10-22 17:15:00,INFI
2.52,2.525,2.51,2.515,29883,2021-10-22 17:20:00,INFI
2.52,2.52,2.515,2.515,4938,2021-10-22 17:25:00,INFI
2.515,2.52,2.5121,2.52,2668,2021-10-22 17:30:00,INFI
2.52,2.545,2.52,2.5368,40798,2021-10-22 17:35:00,INFI
2.5315,2.547,2.5315,2.545,8000,2021-10-22 17:40:00,INFI
2.54,2.545,2.53,2.5436,7450,2021-10-22 17:45:00,INFI
2.545,2.555,2.5401,2.555,10886,2021-10-22 17:50:00,INFI
2.56,2.56,2.55,2.555,9929,2021-10-22 17:55:00,INFI
2.55,2.555,2.549,2.5501,32186,2021-10-22 18:00:00,INFI
2.5591,2.5591,2.555,2.555,300,2021-10-22 18:05:00,INFI
2.555,2.57,2.555,2.565,9249,2021-10-22 18:10:00,INFI
2.565,2.565,2.5626,2.5626,520,2021-10-22 18:15:00,INFI
2.565,2.565,2.5626,2.5633,3050,2021-10-22 18:20:00,INFI
2.57,2.57,2.5697,2.5697,976,2021-10-22 18:25:00,INFI
2.57,2.58,2.5658,2.575,5418,2021-10-22 18:30:00,INFI
2.573,2.575,2.57,2.575,6096,2021-10-22 18:35:00,INFI
2.5733,2.5783,2.5733,2.575,1455,2021-10-22 18:40:00,INFI
2.5723,2.575,2.5723,2.575,6353,2021-10-22 18:45:00,INFI
2.575,2.575,2.575,2.575,1100,2021-10-22 18:50:00,INFI
2.575,2.5778,2.575,2.575,5321,2021-10-22 18:55:00,INFI
2.57,2.575,2.57,2.575,4440,2021-10-22 19:00:00,INFI
2.575,2.575,2.5724,2.575,4347,2021-10-22 19:05:00,INFI
2.57,2.575,2.57,2.575,1577,2021-10-22 19:10:00,INFI
2.57,2.57,2.56,2.56,3756,2021-10-22 19:15:00,INFI
2.56,2.57,2.55,2.565,27765,2021-10-22 19:20:00,INFI
2.565,2.57,2.565,2.57,2154,2021-10-22 19:25:00,INFI
2.57,2.57,2.565,2.57,1900,2021-10-22 19:30:00,INFI
2.565,2.565,2.56,2.5609,1880,2021-10-22 19:35:00,INFI
2.57,2.578,2.5699,2.575,8824,2021-10-22 19:40:00,INFI
2.575,2.58,2.575,2.575,3679,2021-10-22 19:45:00,INFI
2.58,2.59,2.575,2.5899,8123,2021-10-22 19:50:00,INFI
2.5803,2.6,2.58,2.6,33957,2021-10-22 19:55:00,INFI
2.59,2.59,2.59,2.59,29476,2021-10-22 20:00:00,INFI
2.52,2.52,2.52,2.52,271,2021-10-22 20:05:00,INFI
2.57,2.57,2.57,2.57,400,2021-10-22 20:15:00,INFI
2.55,2.55,2.55,2.55,150,2021-10-22 20:35:00,INFI
2.55,2.55,2.55,2.55,1000,2021-10-22 21:25:00,INFI
2.55,2.55,2.55,2.55,1280,2021-10-22 21:55:00,INFI
2.55,2.55,2.55,2.55,200,2021-10-22 22:55:00,INFI
2.59,2.59,2.59,2.59,100,2021-10-22 23:30:00,INFI
2.59,2.59,2.59,2.59,100,2021-10-22 23:55:00,INFI
