open,high,low,close,volume,datetime,symbol
69.56,69.56,69.56,69.56,100,2022-05-02 13:40:00,CFO
69.43,69.43,69.42,69.42,1301,2022-05-02 13:50:00,CFO
69.3601,69.43,69.3601,69.42,454,2022-05-02 14:00:00,CFO
69.165,69.165,69.165,69.165,206,2022-05-02 14:05:00,CFO
69.1946,69.1946,69.1946,69.1946,388,2022-05-02 14:10:00,CFO
69.65,69.65,69.65,69.65,200,2022-05-02 14:25:00,CFO
69.85,69.85,69.85,69.85,174,2022-05-02 14:30:00,CFO
69.7318,69.7318,69.7318,69.7318,275,2022-05-02 14:35:00,CFO
69.7215,69.7215,69.66,69.7,1610,2022-05-02 14:45:00,CFO
69.64,69.64,69.64,69.64,325,2022-05-02 14:50:00,CFO
69.435,69.435,69.435,69.435,224,2022-05-02 15:00:00,CFO
69.2831,69.2831,69.2831,69.2831,291,2022-05-02 15:10:00,CFO
69.1633,69.1633,69.1633,69.1633,600,2022-05-02 15:25:00,CFO
69.15,69.15,69.15,69.15,485,2022-05-02 15:30:00,CFO
69.1056,69.1056,69.1056,69.1056,217,2022-05-02 15:45:00,CFO
69.279,69.279,69.279,69.279,100,2022-05-02 15:55:00,CFO
68.9985,68.9985,68.9985,68.9985,250,2022-05-02 16:00:00,CFO
69.0941,69.0941,69.0941,69.0941,688,2022-05-02 16:10:00,CFO
69.29,69.29,69.2784,69.2784,740,2022-05-02 16:20:00,CFO
69.125,69.125,69.125,69.125,200,2022-05-02 16:35:00,CFO
68.915,68.915,68.915,68.915,250,2022-05-02 16:55:00,CFO
68.6566,68.6566,68.6566,68.6566,130,2022-05-02 17:40:00,CFO
68.52,68.52,68.52,68.52,189,2022-05-02 17:45:00,CFO
68.52,68.52,68.52,68.52,250,2022-05-02 17:55:00,CFO
68.5899,68.5899,68.5501,68.5501,2050,2022-05-02 18:00:00,CFO
68.68,68.68,68.65,68.65,213,2022-05-02 18:05:00,CFO
68.5083,68.5083,68.2769,68.2769,1546,2022-05-02 18:10:00,CFO
68.2,68.2,68.19,68.19,315,2022-05-02 18:15:00,CFO
68.29,68.29,68.29,68.29,300,2022-05-02 18:25:00,CFO
68.2564,68.2564,68.2564,68.2564,851,2022-05-02 18:35:00,CFO
68.23,68.2301,68.22,68.22,1300,2022-05-02 18:40:00,CFO
68.232,68.232,68.232,68.232,154,2022-05-02 18:55:00,CFO
68.3063,68.3063,68.3063,68.3063,1060,2022-05-02 19:00:00,CFO
68.685,68.82,68.685,68.7981,1440,2022-05-02 19:10:00,CFO
69.015,69.015,69.015,69.015,360,2022-05-02 19:20:00,CFO
69.2404,69.395,69.2404,69.395,1248,2022-05-02 19:50:00,CFO
69.39,69.44,69.39,69.4,1395,2022-05-02 19:55:00,CFO
69.41,69.41,69.41,69.41,263,2022-05-03 13:30:00,CFO
69.49,69.49,69.49,69.49,100,2022-05-03 13:35:00,CFO
69.49,69.49,69.48,69.48,400,2022-05-03 13:45:00,CFO
69.48,69.49,69.48,69.49,200,2022-05-03 13:50:00,CFO
69.51,69.51,69.51,69.51,100,2022-05-03 14:05:00,CFO
69.46,69.46,69.46,69.46,100,2022-05-03 14:10:00,CFO
69.5191,69.5191,69.5191,69.5191,543,2022-05-03 14:20:00,CFO
69.5689,69.595,69.5689,69.595,3735,2022-05-03 15:05:00,CFO
69.59,69.59,69.58,69.59,700,2022-05-03 15:10:00,CFO
69.6,69.6053,69.6,69.6053,425,2022-05-03 15:15:00,CFO
69.64,69.64,69.64,69.64,350,2022-05-03 15:20:00,CFO
69.62,69.62,69.62,69.62,171,2022-05-03 15:50:00,CFO
69.6194,69.6194,69.6194,69.6194,105,2022-05-03 15:55:00,CFO
69.62,69.62,69.62,69.62,200,2022-05-03 16:00:00,CFO
69.62,69.62,69.61,69.61,600,2022-05-03 16:05:00,CFO
69.565,69.565,69.56,69.56,584,2022-05-03 16:10:00,CFO
69.585,69.585,69.585,69.585,150,2022-05-03 16:15:00,CFO
69.61,69.63,69.605,69.6199,4272,2022-05-03 16:20:00,CFO
69.605,69.6098,69.603,69.6098,359,2022-05-03 16:25:00,CFO
69.5701,69.58,69.5701,69.58,500,2022-05-03 16:35:00,CFO
69.58,69.58,69.58,69.58,100,2022-05-03 16:40:00,CFO
69.5936,69.5936,69.58,69.58,1440,2022-05-03 16:45:00,CFO
69.5801,69.5867,69.58,69.58,4076,2022-05-03 16:50:00,CFO
69.59,69.59,69.58,69.58,1058,2022-05-03 18:00:00,CFO
69.5548,69.5548,69.54,69.54,1545,2022-05-03 18:05:00,CFO
69.53,69.5307,69.53,69.5307,899,2022-05-03 18:10:00,CFO
69.5,69.5,69.5,69.5,157,2022-05-03 18:25:00,CFO
69.5,69.5,69.5,69.5,100,2022-05-03 18:35:00,CFO
69.47,69.47,69.47,69.47,100,2022-05-03 18:40:00,CFO
69.501,69.5051,69.501,69.5041,727,2022-05-03 18:45:00,CFO
69.609,69.609,69.609,69.609,215,2022-05-03 19:10:00,CFO
69.55,69.55,69.55,69.55,100,2022-05-03 19:25:00,CFO
69.58,69.58,69.58,69.58,299,2022-05-03 19:35:00,CFO
69.52,69.52,69.52,69.52,100,2022-05-03 19:40:00,CFO
69.51,69.56,69.51,69.56,633,2022-05-03 19:50:00,CFO
69.56,69.56,69.545,69.545,584,2022-05-03 19:55:00,CFO
69.48,69.48,69.48,69.48,1004,2022-05-04 13:30:00,CFO
69.525,69.525,69.525,69.525,550,2022-05-04 13:35:00,CFO
69.5812,69.5812,69.5812,69.5812,100,2022-05-04 13:50:00,CFO
69.51,69.51,69.51,69.51,300,2022-05-04 14:10:00,CFO
69.5084,69.5084,69.5084,69.5084,100,2022-05-04 14:25:00,CFO
69.48,69.48,69.48,69.48,423,2022-05-04 14:30:00,CFO
69.501,69.525,69.48,69.48,5950,2022-05-04 15:00:00,CFO
69.5,69.5,69.5,69.5,110,2022-05-04 15:10:00,CFO
69.484,69.4848,69.4801,69.484,1987,2022-05-04 15:15:00,CFO
69.505,69.505,69.505,69.505,116,2022-05-04 15:20:00,CFO
69.4753,69.4753,69.4753,69.4753,100,2022-05-04 15:35:00,CFO
69.5,69.5,69.5,69.5,112,2022-05-04 15:45:00,CFO
69.53,69.53,69.53,69.53,224,2022-05-04 16:00:00,CFO
69.5501,69.5501,69.5501,69.5501,303,2022-05-04 16:20:00,CFO
69.6,69.6,69.6,69.6,100,2022-05-04 16:35:00,CFO
69.61,69.61,69.57,69.58,1267,2022-05-04 17:00:00,CFO
69.5924,69.5924,69.55,69.5544,527,2022-05-04 17:05:00,CFO
69.57,69.57,69.57,69.57,100,2022-05-04 17:25:00,CFO
69.5995,69.6,69.58,69.6,4563,2022-05-04 17:55:00,CFO
69.62,69.62,69.57,69.61,1004,2022-05-04 18:00:00,CFO
69.5554,69.5554,69.5554,69.5554,225,2022-05-04 18:10:00,CFO
69.5,69.51,69.5,69.51,300,2022-05-04 18:35:00,CFO
69.62,69.62,69.62,69.62,400,2022-05-04 18:40:00,CFO
69.7746,69.7746,69.7746,69.7746,628,2022-05-04 18:50:00,CFO
69.8392,69.8392,69.8062,69.8062,461,2022-05-04 19:00:00,CFO
69.8011,69.81,69.8011,69.81,331,2022-05-04 19:10:00,CFO
69.8601,69.8601,69.8601,69.8601,145,2022-05-04 19:20:00,CFO
69.895,69.915,69.895,69.915,385,2022-05-04 19:25:00,CFO
69.96,69.96,69.9591,69.9591,1129,2022-05-04 19:30:00,CFO
69.9401,69.9519,69.9401,69.9519,2115,2022-05-04 19:35:00,CFO
69.96,69.9936,69.94,69.94,500,2022-05-04 19:40:00,CFO
69.96,69.99,69.96,69.98,900,2022-05-04 19:45:00,CFO
69.98,69.99,69.98,69.98,400,2022-05-04 19:50:00,CFO
70.0,70.02,69.97,69.97,900,2022-05-04 19:55:00,CFO
69.9,69.9,69.9,69.9,528,2022-05-05 13:30:00,CFO
69.7741,69.7741,69.7741,69.7741,215,2022-05-05 13:50:00,CFO
69.75,69.75,69.75,69.75,195,2022-05-05 14:00:00,CFO
69.68,69.68,69.67,69.68,300,2022-05-05 14:10:00,CFO
69.69,69.69,69.66,69.66,300,2022-05-05 14:30:00,CFO
69.68,69.68,69.68,69.68,100,2022-05-05 14:35:00,CFO
69.63,69.63,69.63,69.63,100,2022-05-05 14:40:00,CFO
69.6154,69.6154,69.58,69.58,2622,2022-05-05 14:45:00,CFO
69.57,69.58,69.57,69.58,1700,2022-05-05 14:50:00,CFO
69.6026,69.6026,69.6026,69.6026,450,2022-05-05 15:00:00,CFO
69.55,69.55,69.535,69.535,400,2022-05-05 15:05:00,CFO
69.5745,69.5745,69.5745,69.5745,114,2022-05-05 15:40:00,CFO
69.526,69.526,69.526,69.526,140,2022-05-05 15:45:00,CFO
69.46,69.46,69.46,69.46,173,2022-05-05 15:50:00,CFO
69.45,69.45,69.45,69.45,370,2022-05-05 15:55:00,CFO
69.4039,69.46,69.4039,69.44,785,2022-05-05 16:05:00,CFO
69.4619,69.4619,69.4619,69.4619,150,2022-05-05 16:15:00,CFO
69.4501,69.4501,69.4501,69.4501,256,2022-05-05 16:20:00,CFO
69.495,69.495,69.495,69.495,259,2022-05-05 16:25:00,CFO
69.4884,69.4884,69.47,69.47,803,2022-05-05 16:35:00,CFO
69.445,69.445,69.445,69.445,491,2022-05-05 16:45:00,CFO
69.48,69.48,69.48,69.48,300,2022-05-05 16:50:00,CFO
69.5181,69.5181,69.5181,69.5181,137,2022-05-05 16:55:00,CFO
69.56,69.56,69.56,69.56,100,2022-05-05 17:05:00,CFO
69.53,69.53,69.53,69.53,128,2022-05-05 17:20:00,CFO
69.4757,69.4757,69.4757,69.4757,190,2022-05-05 17:50:00,CFO
69.4852,69.4852,69.4852,69.4852,386,2022-05-05 17:55:00,CFO
69.4819,69.4819,69.4819,69.4819,320,2022-05-05 18:10:00,CFO
69.5089,69.53,69.5089,69.53,717,2022-05-05 18:15:00,CFO
69.53,69.54,69.53,69.54,1343,2022-05-05 18:20:00,CFO
69.47,69.47,69.44,69.44,241,2022-05-05 18:25:00,CFO
69.449,69.449,69.449,69.449,360,2022-05-05 18:30:00,CFO
69.4592,69.4592,69.4592,69.4592,115,2022-05-05 18:40:00,CFO
69.47,69.47,69.47,69.47,144,2022-05-05 18:50:00,CFO
69.44,69.4492,69.44,69.4492,2645,2022-05-05 18:55:00,CFO
69.3879,69.3879,69.38,69.38,318,2022-05-05 19:15:00,CFO
69.3608,69.3608,69.3608,69.3608,378,2022-05-05 19:20:00,CFO
69.35,69.35,69.35,69.35,700,2022-05-05 19:30:00,CFO
69.44,69.44,69.4395,69.4395,373,2022-05-05 19:40:00,CFO
69.44,69.44,69.44,69.44,700,2022-05-05 19:45:00,CFO
69.48,69.48,69.48,69.48,360,2022-05-05 19:50:00,CFO
69.4599,69.47,69.456,69.47,2400,2022-05-05 19:55:00,CFO
69.34,69.385,69.34,69.3536,970,2022-05-06 13:30:00,CFO
69.1714,69.1714,69.1714,69.1714,142,2022-05-06 13:50:00,CFO
69.17,69.176,69.17,69.176,422,2022-05-06 14:05:00,CFO
69.269,69.269,69.269,69.269,300,2022-05-06 14:20:00,CFO
69.2616,69.2616,69.2616,69.2616,150,2022-05-06 14:25:00,CFO
69.27,69.31,69.27,69.31,500,2022-05-06 14:45:00,CFO
69.2901,69.296,69.2901,69.2901,1668,2022-05-06 14:50:00,CFO
69.355,69.3821,69.3501,69.3821,1360,2022-05-06 14:55:00,CFO
69.35,69.379,69.33,69.33,1562,2022-05-06 15:00:00,CFO
69.3396,69.3396,69.339,69.339,1673,2022-05-06 15:10:00,CFO
69.42,69.42,69.38,69.38,400,2022-05-06 15:15:00,CFO
69.4083,69.4083,69.35,69.35,375,2022-05-06 15:30:00,CFO
69.2417,69.2417,69.2417,69.2417,360,2022-05-06 16:00:00,CFO
69.3,69.3,69.3,69.3,500,2022-05-06 16:15:00,CFO
69.34,69.34,69.34,69.34,895,2022-05-06 16:20:00,CFO
69.36,69.36,69.36,69.36,100,2022-05-06 16:25:00,CFO
69.32,69.32,69.3141,69.3141,458,2022-05-06 16:30:00,CFO
69.3117,69.3117,69.3117,69.3117,259,2022-05-06 16:35:00,CFO
69.3593,69.36,69.355,69.355,2083,2022-05-06 16:45:00,CFO
69.3133,69.3133,69.3133,69.3133,232,2022-05-06 16:50:00,CFO
69.43,69.43,69.43,69.43,417,2022-05-06 16:55:00,CFO
69.42,69.43,69.42,69.43,5095,2022-05-06 17:00:00,CFO
69.3816,69.3816,69.3816,69.3816,147,2022-05-06 17:05:00,CFO
69.3926,69.3926,69.3926,69.3926,107,2022-05-06 17:10:00,CFO
69.365,69.365,69.365,69.365,265,2022-05-06 17:15:00,CFO
69.3699,69.3699,69.3699,69.3699,142,2022-05-06 17:20:00,CFO
69.33,69.33,69.33,69.33,100,2022-05-06 17:35:00,CFO
69.32,69.3402,69.32,69.3402,689,2022-05-06 17:40:00,CFO
69.305,69.305,69.305,69.305,174,2022-05-06 17:50:00,CFO
69.27,69.28,69.27,69.28,700,2022-05-06 18:10:00,CFO
69.28,69.285,69.2605,69.2605,1191,2022-05-06 18:15:00,CFO
69.2517,69.2517,69.245,69.245,669,2022-05-06 18:20:00,CFO
69.22,69.23,69.22,69.23,500,2022-05-06 18:25:00,CFO
69.2192,69.2192,69.2192,69.2192,150,2022-05-06 18:35:00,CFO
69.3,69.31,69.29,69.295,2017,2022-05-06 18:50:00,CFO
69.3,69.3,69.3,69.3,100,2022-05-06 18:55:00,CFO
69.24,69.24,69.22,69.22,600,2022-05-06 19:00:00,CFO
69.22,69.23,69.22,69.22,800,2022-05-06 19:15:00,CFO
69.2,69.21,69.2,69.21,700,2022-05-06 19:20:00,CFO
69.254,69.254,69.254,69.254,651,2022-05-06 19:25:00,CFO
69.29,69.3,69.27,69.27,2200,2022-05-06 19:30:00,CFO
69.2901,69.36,69.2901,69.36,538,2022-05-06 19:35:00,CFO
69.35,69.36,69.35,69.35,2189,2022-05-06 19:40:00,CFO
69.35,69.4,69.35,69.4,600,2022-05-06 19:45:00,CFO
69.39,69.39,69.36,69.36,2124,2022-05-06 19:50:00,CFO
69.335,69.335,69.335,69.335,100,2022-05-06 19:55:00,CFO
69.09,69.14,69.09,69.14,1105,2022-05-09 13:30:00,CFO
69.1117,69.14,69.1,69.14,471,2022-05-09 13:35:00,CFO
69.114,69.114,69.114,69.114,200,2022-05-09 13:40:00,CFO
69.1,69.1,69.1,69.1,118,2022-05-09 13:45:00,CFO
69.165,69.165,69.1233,69.1233,474,2022-05-09 14:00:00,CFO
69.1239,69.1239,69.115,69.115,320,2022-05-09 14:15:00,CFO
69.07,69.08,69.06,69.065,3004,2022-05-09 14:30:00,CFO
69.0681,69.0681,69.06,69.06,1140,2022-05-09 14:40:00,CFO
69.06,69.06,69.05,69.05,525,2022-05-09 14:45:00,CFO
69.08,69.08,69.06,69.06,988,2022-05-09 14:50:00,CFO
68.9902,69.02,68.9902,69.02,1057,2022-05-09 15:00:00,CFO
68.99,69.01,68.99,69.0,622,2022-05-09 15:05:00,CFO
69.011,69.011,69.011,69.011,424,2022-05-09 15:15:00,CFO
68.96,68.98,68.96,68.98,385,2022-05-09 15:25:00,CFO
68.9467,68.9467,68.9467,68.9467,223,2022-05-09 15:30:00,CFO
68.9879,68.9879,68.9879,68.9879,105,2022-05-09 15:35:00,CFO
69.02,69.0598,69.02,69.0598,1012,2022-05-09 15:50:00,CFO
69.04,69.04,69.03,69.03,412,2022-05-09 15:55:00,CFO
69.01,69.01,69.01,69.01,145,2022-05-09 16:00:00,CFO
69.09,69.09,69.09,69.09,150,2022-05-09 16:10:00,CFO
69.1098,69.1098,69.1098,69.1098,725,2022-05-09 16:15:00,CFO
69.09,69.09,69.09,69.09,1450,2022-05-09 16:20:00,CFO
69.0641,69.08,69.0601,69.067,2593,2022-05-09 16:25:00,CFO
69.071,69.08,69.07,69.08,2103,2022-05-09 16:30:00,CFO
69.08,69.09,69.04,69.05,22373,2022-05-09 16:35:00,CFO
69.0241,69.0241,69.0121,69.0121,4211,2022-05-09 16:40:00,CFO
68.995,68.995,68.995,68.995,198,2022-05-09 16:45:00,CFO
68.96,68.98,68.96,68.97,4214,2022-05-09 16:50:00,CFO
68.97,68.98,68.963,68.963,5752,2022-05-09 16:55:00,CFO
68.97,68.97,68.97,68.97,200,2022-05-09 17:00:00,CFO
68.955,68.9597,68.955,68.9597,261,2022-05-09 17:05:00,CFO
68.97,68.98,68.97,68.98,293,2022-05-09 17:30:00,CFO
68.94,68.94,68.94,68.94,187,2022-05-09 17:50:00,CFO
68.99,68.99,68.99,68.99,109,2022-05-09 17:55:00,CFO
69.0095,69.0095,69.0095,69.0095,193,2022-05-09 18:00:00,CFO
69.0099,69.01,69.0014,69.0014,2076,2022-05-09 18:05:00,CFO
69.01,69.01,69.01,69.01,141,2022-05-09 18:15:00,CFO
68.99,68.99,68.99,68.99,100,2022-05-09 18:20:00,CFO
68.999,69.02,68.99,69.02,1506,2022-05-09 18:45:00,CFO
69.0184,69.06,69.0184,69.02,3102,2022-05-09 19:00:00,CFO
69.05,69.05,69.05,69.05,13838,2022-05-09 19:05:00,CFO
69.03,69.08,69.03,69.0783,2279,2022-05-09 19:10:00,CFO
69.04,69.04,69.04,69.04,100,2022-05-09 19:15:00,CFO
69.02,69.02,69.02,69.02,163,2022-05-09 19:20:00,CFO
68.9599,68.9599,68.9599,68.9599,199,2022-05-09 19:25:00,CFO
68.969,68.969,68.9328,68.9328,823,2022-05-09 19:30:00,CFO
68.95,68.95,68.945,68.945,1039,2022-05-09 19:40:00,CFO
68.9,68.9,68.88,68.88,746,2022-05-09 19:45:00,CFO
68.87,68.87,68.87,68.87,199,2022-05-09 19:50:00,CFO
68.92,68.92,68.91,68.91,419,2022-05-09 19:55:00,CFO
69.15,69.15,69.15,69.15,1641,2022-05-10 13:30:00,CFO
68.98,68.98,68.98,68.98,100,2022-05-10 13:45:00,CFO
69.0282,69.0282,69.0282,69.0282,637,2022-05-10 14:10:00,CFO
68.9798,68.9798,68.9798,68.9798,126,2022-05-10 14:20:00,CFO
68.975,68.975,68.975,68.975,150,2022-05-10 14:25:00,CFO
68.88,68.88,68.88,68.88,100,2022-05-10 14:40:00,CFO
68.8,68.87,68.8,68.87,694,2022-05-10 14:50:00,CFO
68.79,68.79,68.79,68.79,400,2022-05-10 15:05:00,CFO
68.79,68.79,68.79,68.79,100,2022-05-10 15:10:00,CFO
68.78,68.78,68.78,68.78,100,2022-05-10 15:15:00,CFO
68.77,68.8,68.77,68.8,3300,2022-05-10 15:20:00,CFO
68.755,68.755,68.755,68.755,251,2022-05-10 15:25:00,CFO
68.76,68.78,68.74,68.74,2510,2022-05-10 15:30:00,CFO
68.76,68.78,68.76,68.77,2293,2022-05-10 15:35:00,CFO
68.8085,68.82,68.7693,68.7693,1498,2022-05-10 15:40:00,CFO
68.7685,68.7685,68.726,68.73,2705,2022-05-10 15:45:00,CFO
68.72,68.74,68.72,68.74,1472,2022-05-10 15:50:00,CFO
68.7041,68.75,68.7,68.75,2127,2022-05-10 15:55:00,CFO
68.77,68.77,68.7421,68.7421,1060,2022-05-10 16:00:00,CFO
68.7681,68.77,68.7681,68.77,957,2022-05-10 16:05:00,CFO
68.7083,68.7083,68.7083,68.7083,170,2022-05-10 16:10:00,CFO
68.7027,68.7267,68.7027,68.7137,1468,2022-05-10 16:15:00,CFO
68.72,68.72,68.72,68.72,100,2022-05-10 16:20:00,CFO
68.66,68.66,68.66,68.66,100,2022-05-10 16:30:00,CFO
68.7013,68.7013,68.7013,68.7013,150,2022-05-10 16:45:00,CFO
68.72,68.72,68.72,68.72,100,2022-05-10 17:00:00,CFO
68.75,68.75,68.75,68.75,200,2022-05-10 17:05:00,CFO
68.74,68.74,68.74,68.74,500,2022-05-10 17:10:00,CFO
68.78,68.78,68.78,68.78,100,2022-05-10 17:25:00,CFO
68.8,68.83,68.7955,68.83,956,2022-05-10 17:30:00,CFO
68.84,68.88,68.84,68.86,2574,2022-05-10 17:35:00,CFO
68.8785,68.93,68.8785,68.92,1233,2022-05-10 17:40:00,CFO
68.94,68.946,68.94,68.946,1409,2022-05-10 17:45:00,CFO
68.9157,68.9157,68.9157,68.9157,255,2022-05-10 17:50:00,CFO
68.96,68.96,68.96,68.96,100,2022-05-10 17:55:00,CFO
68.9789,68.9789,68.9457,68.9457,520,2022-05-10 18:00:00,CFO
68.965,68.965,68.932,68.932,329,2022-05-10 18:05:00,CFO
68.9257,68.94,68.9257,68.935,758,2022-05-10 18:10:00,CFO
68.9677,68.9677,68.89,68.89,519,2022-05-10 18:15:00,CFO
68.9469,68.96,68.9469,68.96,741,2022-05-10 18:20:00,CFO
68.899,68.899,68.88,68.8899,762,2022-05-10 18:25:00,CFO
68.89,68.89,68.88,68.88,1167,2022-05-10 18:30:00,CFO
68.8757,68.88,68.8757,68.88,388,2022-05-10 18:35:00,CFO
68.9405,68.9493,68.9405,68.9493,1812,2022-05-10 18:40:00,CFO
68.9,68.9,68.9,68.9,166,2022-05-10 18:45:00,CFO
68.92,68.92,68.92,68.92,100,2022-05-10 18:50:00,CFO
68.91,68.93,68.89,68.93,700,2022-05-10 19:00:00,CFO
68.93,68.95,68.92,68.95,1044,2022-05-10 19:10:00,CFO
68.8493,68.8493,68.8493,68.8493,1452,2022-05-10 19:25:00,CFO
68.819,68.819,68.819,68.819,217,2022-05-10 19:35:00,CFO
68.82,68.8219,68.81,68.8219,1009,2022-05-10 19:40:00,CFO
68.84,68.85,68.84,68.85,519,2022-05-10 19:45:00,CFO
68.82,68.85,68.8175,68.85,302,2022-05-10 19:50:00,CFO
68.86,68.86,68.85,68.855,300,2022-05-10 19:55:00,CFO
68.85,68.85,68.85,68.85,995,2022-05-11 13:30:00,CFO
68.7801,68.7801,68.7801,68.7801,200,2022-05-11 13:35:00,CFO
68.98,68.9891,68.98,68.9891,679,2022-05-11 13:55:00,CFO
68.9845,68.9845,68.9845,68.9845,2058,2022-05-11 14:15:00,CFO
69.05,69.05,69.05,69.05,241,2022-05-11 14:20:00,CFO
69.09,69.09,69.07,69.07,704,2022-05-11 14:40:00,CFO
68.95,68.95,68.95,68.95,173,2022-05-11 15:15:00,CFO
68.96,68.995,68.96,68.9901,920,2022-05-11 15:20:00,CFO
68.9965,68.9965,68.9965,68.9965,290,2022-05-11 15:25:00,CFO
69.04,69.05,69.04,69.05,285,2022-05-11 15:30:00,CFO
69.0705,69.0706,69.0705,69.0706,271,2022-05-11 15:40:00,CFO
68.9673,68.98,68.9673,68.9701,1587,2022-05-11 16:10:00,CFO
68.9099,68.9099,68.9099,68.9099,202,2022-05-11 16:25:00,CFO
68.88,68.88,68.88,68.88,100,2022-05-11 16:30:00,CFO
68.8801,68.8801,68.8801,68.8801,157,2022-05-11 16:50:00,CFO
68.8596,68.8596,68.84,68.8478,443,2022-05-11 16:55:00,CFO
68.8157,68.8157,68.8157,68.8157,173,2022-05-11 17:00:00,CFO
68.81,68.82,68.799,68.82,1983,2022-05-11 17:05:00,CFO
68.8184,68.8184,68.8184,68.8184,349,2022-05-11 17:10:00,CFO
68.7988,68.7988,68.7988,68.7988,145,2022-05-11 17:35:00,CFO
68.75,68.75,68.75,68.75,897,2022-05-11 17:40:00,CFO
68.7501,68.7501,68.7501,68.7501,380,2022-05-11 18:05:00,CFO
68.7686,68.779,68.7686,68.779,466,2022-05-11 18:10:00,CFO
68.79,68.79,68.79,68.79,162,2022-05-11 18:30:00,CFO
68.86,68.8699,68.86,68.8699,798,2022-05-11 18:35:00,CFO
68.9,68.9,68.9,68.9,152,2022-05-11 18:40:00,CFO
68.8457,68.8457,68.8457,68.8457,119,2022-05-11 18:45:00,CFO
68.8157,68.8198,68.8157,68.8198,348,2022-05-11 18:50:00,CFO
68.82,68.82,68.8,68.8,1094,2022-05-11 18:55:00,CFO
68.799,68.82,68.7795,68.7795,722,2022-05-11 19:10:00,CFO
68.7647,68.8077,68.7647,68.8077,571,2022-05-11 19:15:00,CFO
68.7554,68.76,68.7554,68.76,544,2022-05-11 19:20:00,CFO
68.8,68.8,68.76,68.76,2064,2022-05-11 19:25:00,CFO
68.7899,68.7899,68.7821,68.7821,1024,2022-05-11 19:30:00,CFO
68.665,68.665,68.65,68.6599,1065,2022-05-11 19:50:00,CFO
68.6571,68.66,68.6571,68.66,300,2022-05-11 19:55:00,CFO
68.52,68.52,68.52,68.52,566,2022-05-12 13:30:00,CFO
68.6385,68.6951,68.6385,68.6951,1234,2022-05-12 14:05:00,CFO
68.73,68.74,68.73,68.7381,682,2022-05-12 14:10:00,CFO
68.715,68.715,68.7,68.7,2155,2022-05-12 14:15:00,CFO
68.68,68.68,68.68,68.68,100,2022-05-12 14:30:00,CFO
68.6897,68.6897,68.6897,68.6897,229,2022-05-12 14:35:00,CFO
68.66,68.66,68.66,68.66,200,2022-05-12 14:40:00,CFO
68.7003,68.7003,68.7003,68.7003,253,2022-05-12 14:45:00,CFO
68.711,68.7382,68.711,68.7382,941,2022-05-12 14:50:00,CFO
68.73,68.73,68.73,68.73,395,2022-05-12 14:55:00,CFO
68.81,68.81,68.81,68.81,197,2022-05-12 15:05:00,CFO
68.83,68.83,68.789,68.789,1358,2022-05-12 15:10:00,CFO
68.769,68.769,68.73,68.73,283,2022-05-12 15:15:00,CFO
68.7457,68.7457,68.725,68.725,476,2022-05-12 15:20:00,CFO
68.729,68.729,68.729,68.729,202,2022-05-12 15:25:00,CFO
68.699,68.699,68.699,68.699,278,2022-05-12 15:35:00,CFO
68.6985,68.6985,68.6757,68.6757,442,2022-05-12 15:40:00,CFO
68.5965,68.5965,68.5965,68.5965,413,2022-05-12 15:50:00,CFO
68.6,68.6,68.5757,68.5757,651,2022-05-12 15:55:00,CFO
68.5757,68.5757,68.5757,68.5757,187,2022-05-12 16:00:00,CFO
68.59,68.6,68.58,68.6,316,2022-05-12 16:05:00,CFO
68.5954,68.5954,68.5954,68.5954,216,2022-05-12 16:10:00,CFO
68.6,68.6,68.6,68.6,200,2022-05-12 16:15:00,CFO
68.64,68.64,68.6205,68.6205,320,2022-05-12 16:20:00,CFO
68.6407,68.6407,68.6407,68.6407,100,2022-05-12 16:25:00,CFO
68.68,68.7,68.68,68.7,700,2022-05-12 16:30:00,CFO
68.67,68.6965,68.6517,68.6901,823,2022-05-12 16:40:00,CFO
68.6408,68.6408,68.6408,68.6408,1151,2022-05-12 17:10:00,CFO
68.6191,68.6191,68.601,68.601,280,2022-05-12 17:30:00,CFO
68.6004,68.6004,68.6004,68.6004,404,2022-05-12 17:35:00,CFO
68.53,68.53,68.52,68.52,4235,2022-05-12 17:50:00,CFO
68.53,68.5533,68.53,68.55,1814,2022-05-12 17:55:00,CFO
68.55,68.57,68.53,68.5367,2872,2022-05-12 18:05:00,CFO
68.5101,68.5101,68.5101,68.5101,449,2022-05-12 18:10:00,CFO
68.51,68.52,68.51,68.515,319,2022-05-12 18:15:00,CFO
68.53,68.5308,68.53,68.5308,435,2022-05-12 18:20:00,CFO
68.52,68.52,68.52,68.52,100,2022-05-12 18:25:00,CFO
68.48,68.48,68.45,68.46,2329,2022-05-12 18:40:00,CFO
68.48,68.48,68.48,68.48,100,2022-05-12 18:45:00,CFO
68.4701,68.4701,68.4701,68.4701,931,2022-05-12 18:55:00,CFO
68.49,68.5,68.485,68.5,9896,2022-05-12 19:00:00,CFO
68.47,68.498,68.47,68.498,256,2022-05-12 19:10:00,CFO
68.52,68.52,68.5191,68.52,350,2022-05-12 19:15:00,CFO
68.63,68.63,68.62,68.62,400,2022-05-12 19:20:00,CFO
68.63,68.64,68.62,68.64,600,2022-05-12 19:25:00,CFO
68.59,68.62,68.59,68.62,1218,2022-05-12 19:30:00,CFO
68.64,68.67,68.63,68.63,1168,2022-05-12 19:40:00,CFO
68.65,68.7,68.65,68.6588,1671,2022-05-12 19:50:00,CFO
68.67,68.7,68.67,68.7,400,2022-05-12 19:55:00,CFO
68.92,68.92,68.92,68.92,498,2022-05-13 13:30:00,CFO
68.965,68.965,68.965,68.965,195,2022-05-13 13:50:00,CFO
69.01,69.01,69.01,69.01,587,2022-05-13 14:00:00,CFO
69.04,69.04,69.04,69.04,100,2022-05-13 14:10:00,CFO
69.0349,69.0349,69.0349,69.0349,175,2022-05-13 14:15:00,CFO
69.0541,69.0541,69.0541,69.0541,130,2022-05-13 14:40:00,CFO
69.0541,69.0541,69.0541,69.0541,176,2022-05-13 14:55:00,CFO
69.06,69.06,69.06,69.06,110,2022-05-13 15:00:00,CFO
69.062,69.062,69.062,69.062,253,2022-05-13 15:15:00,CFO
69.0649,69.07,69.06,69.0603,1682,2022-05-13 15:30:00,CFO
69.08,69.08,69.08,69.08,100,2022-05-13 15:50:00,CFO
69.1,69.1,69.1,69.1,138,2022-05-13 16:05:00,CFO
69.14,69.14,69.11,69.11,11622,2022-05-13 16:10:00,CFO
69.12,69.12,69.12,69.12,400,2022-05-13 16:15:00,CFO
69.11,69.1119,69.09,69.1082,2731,2022-05-13 16:20:00,CFO
69.1,69.1,69.1,69.1,466,2022-05-13 16:25:00,CFO
69.1,69.1033,69.09,69.1033,1980,2022-05-13 16:35:00,CFO
69.08,69.08,69.08,69.08,100,2022-05-13 16:45:00,CFO
69.07,69.07,69.07,69.07,100,2022-05-13 16:55:00,CFO
69.0981,69.0981,69.08,69.08,397,2022-05-13 17:00:00,CFO
69.07,69.07,69.06,69.06,352,2022-05-13 17:10:00,CFO
69.05,69.05,69.05,69.05,225,2022-05-13 17:20:00,CFO
69.055,69.055,69.04,69.04,209,2022-05-13 17:25:00,CFO
69.0401,69.0401,69.0401,69.0401,152,2022-05-13 17:30:00,CFO
68.93,68.95,68.93,68.95,439,2022-05-13 18:05:00,CFO
68.9407,68.9407,68.9203,68.9203,396,2022-05-13 18:10:00,CFO
68.9399,68.9399,68.9399,68.9399,297,2022-05-13 18:25:00,CFO
68.9446,68.9446,68.9446,68.9446,166,2022-05-13 18:35:00,CFO
68.97,68.97,68.97,68.97,115,2022-05-13 18:40:00,CFO
68.9932,68.9932,68.9932,68.9932,118,2022-05-13 18:50:00,CFO
69.03,69.035,69.02,69.035,1290,2022-05-13 19:00:00,CFO
69.04,69.04,69.04,69.04,158,2022-05-13 19:05:00,CFO
69.0501,69.0501,69.0501,69.0501,125,2022-05-13 19:15:00,CFO
69.075,69.075,69.075,69.075,415,2022-05-13 19:20:00,CFO
69.04,69.04,69.04,69.04,300,2022-05-13 19:30:00,CFO
69.07,69.07,69.045,69.045,215,2022-05-13 19:45:00,CFO
69.04,69.04,69.04,69.04,100,2022-05-13 19:50:00,CFO
69.049,69.055,69.049,69.055,748,2022-05-13 19:55:00,CFO
69.05,69.05,69.04,69.04,418,2022-05-16 13:30:00,CFO
69.0399,69.0399,69.0399,69.0399,124,2022-05-16 13:35:00,CFO
68.9785,68.9785,68.93,68.93,210,2022-05-16 13:45:00,CFO
69.0,69.0283,69.0,69.0283,525,2022-05-16 14:10:00,CFO
69.0595,69.0595,69.0595,69.0595,150,2022-05-16 14:20:00,CFO
69.05,69.05,69.0261,69.0261,389,2022-05-16 14:30:00,CFO
69.0,69.0,69.0,69.0,100,2022-05-16 15:15:00,CFO
68.97,68.97,68.97,68.97,290,2022-05-16 15:20:00,CFO
68.9787,68.9787,68.9786,68.9786,495,2022-05-16 15:25:00,CFO
68.9886,68.9886,68.9886,68.9886,300,2022-05-16 15:30:00,CFO
69.0382,69.0382,69.0215,69.0215,985,2022-05-16 15:45:00,CFO
69.0694,69.0694,69.0694,69.0694,300,2022-05-16 16:00:00,CFO
69.04,69.04,69.04,69.04,100,2022-05-16 16:15:00,CFO
68.995,68.995,68.995,68.995,150,2022-05-16 16:45:00,CFO
69.02,69.02,69.01,69.01,1100,2022-05-16 16:50:00,CFO
69.04,69.04,69.04,69.04,417,2022-05-16 17:15:00,CFO
69.08,69.08,69.08,69.08,105,2022-05-16 17:20:00,CFO
69.1015,69.12,69.1015,69.12,46624,2022-05-16 17:30:00,CFO
69.0745,69.0967,69.0745,69.0967,468,2022-05-16 17:45:00,CFO
69.098,69.1,69.098,69.1,7486,2022-05-16 17:50:00,CFO
69.0801,69.0801,69.0801,69.0801,395,2022-05-16 17:55:00,CFO
69.0783,69.1,69.0741,69.092,879,2022-05-16 18:00:00,CFO
69.09,69.09,69.09,69.09,132,2022-05-16 18:10:00,CFO
69.122,69.122,69.122,69.122,113,2022-05-16 18:25:00,CFO
69.12,69.12,69.12,69.12,1917,2022-05-16 18:35:00,CFO
69.13,69.15,69.13,69.15,11680,2022-05-16 18:40:00,CFO
69.13,69.13,69.12,69.12,900,2022-05-16 18:45:00,CFO
69.12,69.1209,69.11,69.1209,11100,2022-05-16 18:50:00,CFO
69.12,69.13,69.1,69.13,2841,2022-05-16 18:55:00,CFO
69.14,69.14,69.13,69.14,5031,2022-05-16 19:00:00,CFO
69.135,69.14,69.135,69.14,2300,2022-05-16 19:05:00,CFO
69.11,69.11,69.11,69.11,1000,2022-05-16 19:10:00,CFO
69.07,69.07,69.07,69.07,7234,2022-05-16 19:20:00,CFO
69.07,69.07,69.07,69.07,500,2022-05-16 19:30:00,CFO
69.05,69.05,69.05,69.05,900,2022-05-16 19:35:00,CFO
69.04,69.04,69.04,69.04,700,2022-05-16 19:40:00,CFO
69.03,69.03,69.03,69.03,600,2022-05-16 19:45:00,CFO
69.04,69.06,69.04,69.04,439,2022-05-16 19:50:00,CFO
69.0401,69.0401,69.0162,69.03,3204,2022-05-16 19:55:00,CFO
69.32,69.32,69.29,69.29,407,2022-05-17 13:30:00,CFO
69.2,69.2,69.19,69.19,1200,2022-05-17 13:40:00,CFO
69.19,69.19,69.19,69.19,300,2022-05-17 13:45:00,CFO
69.2139,69.2139,69.2139,69.2139,126,2022-05-17 14:00:00,CFO
69.2099,69.2099,69.2099,69.2099,168,2022-05-17 14:10:00,CFO
69.18,69.18,69.18,69.18,200,2022-05-17 14:25:00,CFO
69.16,69.16,69.16,69.16,174,2022-05-17 14:40:00,CFO
69.2199,69.2199,69.2199,69.2199,144,2022-05-17 15:10:00,CFO
69.22,69.22,69.22,69.22,161,2022-05-17 15:20:00,CFO
69.23,69.23,69.23,69.23,100,2022-05-17 15:25:00,CFO
69.2373,69.2373,69.2333,69.2333,560,2022-05-17 15:50:00,CFO
69.23,69.23,69.23,69.23,100,2022-05-17 16:00:00,CFO
69.259,69.259,69.259,69.259,144,2022-05-17 16:15:00,CFO
69.3,69.31,69.3,69.3,600,2022-05-17 16:45:00,CFO
69.3017,69.315,69.3017,69.315,515,2022-05-17 17:10:00,CFO
69.31,69.31,69.31,69.31,173,2022-05-17 17:25:00,CFO
69.3,69.31,69.29,69.2902,4581,2022-05-17 17:30:00,CFO
69.3007,69.3007,69.3007,69.3007,482,2022-05-17 17:40:00,CFO
69.2923,69.2923,69.29,69.29,820,2022-05-17 17:45:00,CFO
69.29,69.2999,69.29,69.2999,620,2022-05-17 17:55:00,CFO
69.3,69.3,69.262,69.262,2763,2022-05-17 18:00:00,CFO
69.31,69.31,69.31,69.31,1200,2022-05-17 18:05:00,CFO
69.28,69.28,69.23,69.26,1748,2022-05-17 18:10:00,CFO
69.26,69.26,69.25,69.25,1600,2022-05-17 18:15:00,CFO
69.24,69.26,69.24,69.26,493,2022-05-17 18:25:00,CFO
69.27,69.27,69.27,69.27,900,2022-05-17 18:40:00,CFO
69.3,69.3,69.3,69.3,109,2022-05-17 18:45:00,CFO
69.33,69.33,69.33,69.33,1000,2022-05-17 18:50:00,CFO
69.32,69.32,69.32,69.32,315,2022-05-17 18:55:00,CFO
69.35,69.35,69.35,69.35,300,2022-05-17 19:05:00,CFO
69.33,69.33,69.32,69.32,438,2022-05-17 19:15:00,CFO
69.35,69.35,69.35,69.35,207,2022-05-17 19:20:00,CFO
69.31,69.31,69.31,69.31,324,2022-05-17 19:50:00,CFO
69.345,69.345,69.345,69.345,100,2022-05-17 19:55:00,CFO
69.075,69.075,69.075,69.075,349,2022-05-18 14:20:00,CFO
69.0386,69.0386,69.0386,69.0386,369,2022-05-18 14:30:00,CFO
69.0294,69.0294,69.0294,69.0294,154,2022-05-18 14:35:00,CFO
69.04,69.04,69.0389,69.0397,1800,2022-05-18 14:50:00,CFO
69.005,69.005,69.005,69.005,400,2022-05-18 15:05:00,CFO
69.0,69.0,68.99,68.99,466,2022-05-18 15:10:00,CFO
68.915,68.915,68.915,68.915,201,2022-05-18 15:30:00,CFO
68.9257,68.9257,68.9257,68.9257,500,2022-05-18 15:45:00,CFO
68.88,68.88,68.88,68.88,100,2022-05-18 16:45:00,CFO
68.89,68.89,68.88,68.88,1088,2022-05-18 17:00:00,CFO
68.7927,68.7927,68.7927,68.7927,325,2022-05-18 17:25:00,CFO
68.79,68.79,68.79,68.79,200,2022-05-18 17:40:00,CFO
68.776,68.776,68.776,68.776,280,2022-05-18 17:45:00,CFO
68.7401,68.7401,68.7401,68.7401,175,2022-05-18 18:05:00,CFO
68.76,68.76,68.76,68.76,145,2022-05-18 18:20:00,CFO
68.7745,68.7745,68.7745,68.7745,730,2022-05-18 18:25:00,CFO
68.75,68.75,68.74,68.74,426,2022-05-18 18:50:00,CFO
68.7282,68.7282,68.6901,68.6901,7301,2022-05-18 18:55:00,CFO
68.71,68.71,68.71,68.71,499,2022-05-18 19:00:00,CFO
68.74,68.74,68.74,68.74,100,2022-05-18 19:05:00,CFO
68.7207,68.7207,68.7207,68.7207,100,2022-05-18 19:10:00,CFO
68.711,68.711,68.711,68.711,440,2022-05-18 19:15:00,CFO
68.6645,68.6645,68.6645,68.6645,596,2022-05-18 19:25:00,CFO
68.67,68.68,68.67,68.68,2100,2022-05-18 19:30:00,CFO
68.66,68.7405,68.66,68.7405,1469,2022-05-18 19:35:00,CFO
68.73,68.74,68.73,68.74,654,2022-05-18 19:40:00,CFO
68.695,68.695,68.66,68.66,331,2022-05-18 19:50:00,CFO
68.52,68.52,68.52,68.52,583,2022-05-19 13:30:00,CFO
68.67,68.67,68.67,68.67,100,2022-05-19 13:35:00,CFO
68.59,68.59,68.55,68.55,552,2022-05-19 13:40:00,CFO
68.49,68.49,68.49,68.49,500,2022-05-19 13:45:00,CFO
68.58,68.62,68.57,68.62,3364,2022-05-19 14:10:00,CFO
68.6011,68.6011,68.6011,68.6011,281,2022-05-19 14:25:00,CFO
68.5601,68.5701,68.5401,68.5501,2284,2022-05-19 14:40:00,CFO
68.5502,68.5502,68.5201,68.5201,579,2022-05-19 14:45:00,CFO
68.54,68.55,68.5129,68.54,2570,2022-05-19 14:50:00,CFO
68.55,68.56,68.54,68.54,2486,2022-05-19 14:55:00,CFO
68.53,68.53,68.52,68.52,228,2022-05-19 15:05:00,CFO
68.53,68.53,68.53,68.53,100,2022-05-19 15:10:00,CFO
68.75,68.75,68.75,68.75,437,2022-05-19 15:45:00,CFO
68.63,68.63,68.63,68.63,292,2022-05-19 16:50:00,CFO
68.6312,68.6341,68.6312,68.6341,472,2022-05-19 17:05:00,CFO
68.7,68.7073,68.7,68.7073,486,2022-05-19 18:05:00,CFO
68.72,68.72,68.72,68.72,19795,2022-05-19 18:10:00,CFO
68.7298,68.7298,68.7298,68.7298,150,2022-05-19 18:20:00,CFO
68.7,68.7,68.7,68.7,100,2022-05-19 18:40:00,CFO
68.76,68.76,68.76,68.76,135,2022-05-19 18:45:00,CFO
68.74,68.74,68.74,68.74,131,2022-05-19 18:55:00,CFO
68.6698,68.6886,68.66,68.6886,979,2022-05-19 19:40:00,CFO
68.68,68.7,68.68,68.68,4983,2022-05-19 19:45:00,CFO
68.6533,68.6533,68.6533,68.6533,322,2022-05-19 19:50:00,CFO
68.6763,68.6763,68.6763,68.6763,263,2022-05-19 19:55:00,CFO
68.83,68.83,68.83,68.83,313,2022-05-20 13:30:00,CFO
68.7503,68.7776,68.7503,68.7776,985,2022-05-20 13:35:00,CFO
68.7505,68.76,68.7505,68.76,534,2022-05-20 13:40:00,CFO
68.7208,68.7208,68.7208,68.7208,490,2022-05-20 13:45:00,CFO
68.7108,68.7108,68.7108,68.7108,511,2022-05-20 14:00:00,CFO
68.6401,68.6401,68.6401,68.6401,136,2022-05-20 14:30:00,CFO
68.63,68.63,68.63,68.63,108,2022-05-20 14:40:00,CFO
68.65,68.65,68.6289,68.6289,780,2022-05-20 14:45:00,CFO
68.62,68.62,68.62,68.62,200,2022-05-20 14:50:00,CFO
68.57,68.57,68.55,68.55,700,2022-05-20 14:55:00,CFO
68.54,68.54,68.54,68.54,1933,2022-05-20 15:00:00,CFO
68.47,68.4708,68.47,68.4708,408,2022-05-20 15:20:00,CFO
68.505,68.505,68.505,68.505,100,2022-05-20 15:25:00,CFO
68.5002,68.5002,68.5002,68.5002,132,2022-05-20 15:35:00,CFO
68.5052,68.5052,68.5003,68.5003,408,2022-05-20 15:40:00,CFO
68.5001,68.5001,68.5001,68.5001,141,2022-05-20 15:45:00,CFO
68.5001,68.5001,68.5001,68.5001,393,2022-05-20 15:50:00,CFO
68.4903,68.4903,68.4903,68.4903,114,2022-05-20 15:55:00,CFO
68.495,68.495,68.495,68.495,100,2022-05-20 16:00:00,CFO
68.46,68.46,68.44,68.45,1300,2022-05-20 16:05:00,CFO
68.4,68.4,68.4,68.4,1100,2022-05-20 16:10:00,CFO
68.435,68.435,68.435,68.435,1167,2022-05-20 16:20:00,CFO
68.375,68.375,68.375,68.375,134,2022-05-20 16:45:00,CFO
68.41,68.41,68.41,68.41,700,2022-05-20 16:55:00,CFO
68.3655,68.3655,68.35,68.35,257,2022-05-20 17:10:00,CFO
68.33,68.33,68.33,68.33,1000,2022-05-20 17:20:00,CFO
68.33,68.33,68.31,68.31,554,2022-05-20 17:25:00,CFO
68.34,68.34,68.34,68.34,190,2022-05-20 17:30:00,CFO
68.42,68.43,68.42,68.43,255,2022-05-20 18:00:00,CFO
68.3757,68.42,68.3757,68.42,39055,2022-05-20 18:05:00,CFO
68.386,68.386,68.38,68.38,397,2022-05-20 18:25:00,CFO
68.3798,68.3798,68.3798,68.3798,119,2022-05-20 18:30:00,CFO
68.385,68.385,68.385,68.385,150,2022-05-20 18:35:00,CFO
68.485,68.5,68.485,68.5,26171,2022-05-20 18:50:00,CFO
68.5,68.5,68.5,68.5,13615,2022-05-20 18:55:00,CFO
68.4655,68.4655,68.4655,68.4655,3631,2022-05-20 19:00:00,CFO
68.41,68.41,68.41,68.41,126,2022-05-20 19:10:00,CFO
68.44,68.45,68.43,68.45,713,2022-05-20 19:15:00,CFO
68.46,68.46,68.46,68.46,675,2022-05-20 19:25:00,CFO
68.49,68.54,68.49,68.54,1100,2022-05-20 19:30:00,CFO
68.54,68.5937,68.54,68.5937,1050,2022-05-20 19:35:00,CFO
68.63,68.63,68.63,68.63,100,2022-05-20 19:40:00,CFO
68.626,68.626,68.626,68.626,128,2022-05-20 19:45:00,CFO
68.66,68.66,68.6141,68.625,4797,2022-05-20 19:50:00,CFO
68.66,68.665,68.6,68.65,32436,2022-05-20 19:55:00,CFO
68.87,68.87,68.79,68.79,200,2022-05-23 13:30:00,CFO
68.78,68.78,68.78,68.78,100,2022-05-23 13:40:00,CFO
68.78,68.78,68.78,68.78,100,2022-05-23 13:45:00,CFO
68.81,68.81,68.805,68.805,2578,2022-05-23 14:30:00,CFO
68.8041,68.8041,68.8041,68.8041,100,2022-05-23 14:55:00,CFO
68.805,68.805,68.805,68.805,435,2022-05-23 15:00:00,CFO
68.8586,68.8586,68.8586,68.8586,229,2022-05-23 15:10:00,CFO
68.9,68.9,68.9,68.9,190,2022-05-23 15:15:00,CFO
68.919,68.9193,68.9,68.9193,1937,2022-05-23 15:30:00,CFO
68.93,68.94,68.93,68.9335,2852,2022-05-23 15:35:00,CFO
68.9,68.9,68.9,68.9,150,2022-05-23 15:45:00,CFO
68.92,68.92,68.92,68.92,100,2022-05-23 16:15:00,CFO
68.915,68.915,68.91,68.91,300,2022-05-23 16:30:00,CFO
68.89,68.9,68.89,68.9,219,2022-05-23 16:35:00,CFO
68.866,68.869,68.8501,68.869,926,2022-05-23 16:50:00,CFO
68.865,68.865,68.865,68.865,155,2022-05-23 16:55:00,CFO
68.885,68.885,68.885,68.885,1175,2022-05-23 17:05:00,CFO
68.88,68.88,68.8282,68.8282,317,2022-05-23 17:15:00,CFO
68.8229,68.8229,68.8229,68.8229,579,2022-05-23 17:20:00,CFO
68.905,68.909,68.905,68.909,538,2022-05-23 17:50:00,CFO
68.92,68.92,68.92,68.92,414,2022-05-23 17:55:00,CFO
68.926,68.93,68.91,68.91,1589,2022-05-23 18:00:00,CFO
68.92,68.92,68.9101,68.92,2304,2022-05-23 18:05:00,CFO
68.94,68.94,68.93,68.93,462,2022-05-23 18:10:00,CFO
68.945,68.945,68.92,68.92,400,2022-05-23 18:45:00,CFO
68.91,68.91,68.9099,68.9099,362,2022-05-23 18:50:00,CFO
68.925,68.925,68.925,68.925,235,2022-05-23 19:05:00,CFO
68.93,68.93,68.8909,68.9,941,2022-05-23 19:10:00,CFO
68.905,68.905,68.905,68.905,354,2022-05-23 19:15:00,CFO
68.91,68.91,68.91,68.91,100,2022-05-23 19:20:00,CFO
68.91,68.91,68.91,68.91,300,2022-05-23 19:30:00,CFO
68.8401,68.8401,68.8401,68.8401,332,2022-05-23 19:45:00,CFO
68.87,68.885,68.87,68.885,2034,2022-05-23 19:50:00,CFO
68.87,68.87,68.87,68.87,923,2022-05-23 19:55:00,CFO
68.86,68.86,68.86,68.86,828,2022-05-24 13:30:00,CFO
68.736,68.736,68.736,68.736,461,2022-05-24 13:55:00,CFO
68.7101,68.7101,68.7101,68.7101,2170,2022-05-24 14:00:00,CFO
68.63,68.63,68.63,68.63,110,2022-05-24 14:30:00,CFO
68.62,68.62,68.62,68.62,125,2022-05-24 14:40:00,CFO
68.6036,68.6036,68.6011,68.6011,1278,2022-05-24 15:10:00,CFO
68.62,68.62,68.62,68.62,500,2022-05-24 15:15:00,CFO
68.57,68.5997,68.57,68.5997,2460,2022-05-24 15:20:00,CFO
68.6283,68.6283,68.6283,68.6283,129,2022-05-24 15:35:00,CFO
68.67,68.67,68.67,68.67,100,2022-05-24 15:40:00,CFO
68.71,68.71,68.71,68.71,250,2022-05-24 15:50:00,CFO
68.69,68.69,68.69,68.69,400,2022-05-24 15:55:00,CFO
68.72,68.72,68.72,68.72,656,2022-05-24 16:20:00,CFO
68.72,68.72,68.72,68.72,100,2022-05-24 16:25:00,CFO
68.69,68.69,68.69,68.69,100,2022-05-24 16:45:00,CFO
68.685,68.69,68.6718,68.6718,861,2022-05-24 16:50:00,CFO
68.719,68.719,68.719,68.719,144,2022-05-24 16:55:00,CFO
68.66,68.66,68.66,68.66,453,2022-05-24 17:00:00,CFO
68.68,68.68,68.68,68.68,114,2022-05-24 17:15:00,CFO
68.6723,68.7,68.65,68.7,11220,2022-05-24 17:35:00,CFO
68.7256,68.73,68.7256,68.73,281,2022-05-24 17:40:00,CFO
68.74,68.74,68.74,68.74,100,2022-05-24 17:45:00,CFO
68.7314,68.733,68.7314,68.733,1151,2022-05-24 17:50:00,CFO
68.7301,68.7301,68.72,68.7273,1230,2022-05-24 18:00:00,CFO
68.79,68.79,68.79,68.79,100,2022-05-24 18:10:00,CFO
68.7618,68.7618,68.7618,68.7618,246,2022-05-24 18:20:00,CFO
68.76,68.76,68.76,68.76,12140,2022-05-24 18:25:00,CFO
68.755,68.76,68.755,68.76,239,2022-05-24 18:30:00,CFO
68.78,68.78,68.77,68.77,800,2022-05-24 18:35:00,CFO
68.72,68.72,68.72,68.72,125,2022-05-24 18:45:00,CFO
68.72,68.767,68.72,68.767,1808,2022-05-24 19:00:00,CFO
68.77,68.7779,68.76,68.76,471,2022-05-24 19:05:00,CFO
68.77,68.77,68.77,68.77,400,2022-05-24 19:10:00,CFO
68.77,68.77,68.76,68.76,400,2022-05-24 19:15:00,CFO
68.8,68.8,68.8,68.8,700,2022-05-24 19:30:00,CFO
68.81,68.87,68.81,68.87,649,2022-05-24 19:35:00,CFO
68.86,68.8683,68.86,68.86,431,2022-05-24 19:45:00,CFO
68.85,68.85,68.81,68.81,1220,2022-05-24 19:50:00,CFO
68.8,68.82,68.8,68.82,1500,2022-05-24 19:55:00,CFO
68.77,68.77,68.77,68.77,162,2022-05-25 13:30:00,CFO
68.87,68.87,68.8518,68.8518,2335,2022-05-25 13:35:00,CFO
68.87,68.87,68.87,68.87,300,2022-05-25 13:50:00,CFO
68.87,68.87,68.86,68.86,60334,2022-05-25 13:55:00,CFO
68.88,68.88,68.88,68.88,600,2022-05-25 14:00:00,CFO
68.9,68.92,68.9,68.92,1900,2022-05-25 14:15:00,CFO
68.9321,68.9321,68.9128,68.9128,223,2022-05-25 14:20:00,CFO
68.95,68.95,68.95,68.95,215,2022-05-25 14:40:00,CFO
68.96,68.96,68.96,68.96,100,2022-05-25 14:45:00,CFO
68.96,68.9699,68.96,68.9699,234,2022-05-25 14:50:00,CFO
68.96,68.96,68.955,68.955,222,2022-05-25 15:00:00,CFO
68.9599,68.96,68.9539,68.9539,414,2022-05-25 15:05:00,CFO
68.9599,68.9599,68.95,68.95,4405,2022-05-25 15:10:00,CFO
68.95,68.958,68.95,68.958,512,2022-05-25 15:20:00,CFO
68.935,68.935,68.935,68.935,118,2022-05-25 15:30:00,CFO
68.869,68.869,68.869,68.869,129,2022-05-25 15:35:00,CFO
68.9,68.92,68.9,68.91,4010,2022-05-25 15:45:00,CFO
68.9019,68.9019,68.89,68.89,1502,2022-05-25 15:50:00,CFO
68.89,68.89,68.89,68.89,3584,2022-05-25 15:55:00,CFO
68.9,68.91,68.9,68.91,400,2022-05-25 16:00:00,CFO
68.91,68.91,68.89,68.89,1400,2022-05-25 16:05:00,CFO
68.89,68.89,68.88,68.88,900,2022-05-25 16:10:00,CFO
68.88,68.88,68.88,68.88,300,2022-05-25 16:15:00,CFO
68.87,68.87,68.85,68.85,600,2022-05-25 16:20:00,CFO
68.84,68.84,68.82,68.82,1200,2022-05-25 16:25:00,CFO
68.8428,68.8428,68.84,68.84,872,2022-05-25 16:30:00,CFO
68.85,68.86,68.85,68.86,700,2022-05-25 16:45:00,CFO
68.8485,68.855,68.84,68.855,1070,2022-05-25 16:55:00,CFO
68.855,68.855,68.855,68.855,652,2022-05-25 17:00:00,CFO
68.85,68.86,68.8476,68.8476,436,2022-05-25 17:05:00,CFO
68.84,68.84,68.84,68.84,200,2022-05-25 17:10:00,CFO
68.85,68.85,68.85,68.85,100,2022-05-25 17:15:00,CFO
68.85,68.87,68.85,68.87,1200,2022-05-25 17:25:00,CFO
68.87,68.89,68.87,68.89,1700,2022-05-25 17:35:00,CFO
68.87,68.87,68.87,68.87,900,2022-05-25 17:40:00,CFO
68.87,68.875,68.87,68.875,1135,2022-05-25 17:45:00,CFO
68.87,68.87,68.84,68.84,1308,2022-05-25 17:50:00,CFO
68.85,68.86,68.85,68.86,700,2022-05-25 17:55:00,CFO
68.86,68.9043,68.86,68.9043,305,2022-05-25 18:00:00,CFO
68.828,68.828,68.81,68.81,245,2022-05-25 18:05:00,CFO
68.84,68.8759,68.84,68.8759,211,2022-05-25 18:10:00,CFO
68.88,68.92,68.88,68.92,400,2022-05-25 18:15:00,CFO
68.89,68.9,68.89,68.9,200,2022-05-25 18:20:00,CFO
68.92,68.92,68.92,68.92,500,2022-05-25 18:25:00,CFO
68.94,68.94,68.94,68.94,200,2022-05-25 18:30:00,CFO
68.94,68.94,68.94,68.94,100,2022-05-25 18:40:00,CFO
68.94,68.94,68.94,68.94,100,2022-05-25 18:45:00,CFO
68.94,68.94,68.94,68.94,200,2022-05-25 18:50:00,CFO
68.97,69.02,68.97,69.02,300,2022-05-25 19:00:00,CFO
69.02,69.02,69.02,69.02,100,2022-05-25 19:05:00,CFO
69.04,69.04,69.035,69.035,326,2022-05-25 19:10:00,CFO
69.03,69.03,69.03,69.03,400,2022-05-25 19:15:00,CFO
69.02,69.02,69.0189,69.0189,325,2022-05-25 19:20:00,CFO
69.02,69.02,69.02,69.02,100,2022-05-25 19:25:00,CFO
69.02,69.02,69.02,69.02,200,2022-05-25 19:30:00,CFO
68.99,68.99,68.99,68.99,900,2022-05-25 19:35:00,CFO
68.99,69.005,68.99,69.005,1100,2022-05-25 19:40:00,CFO
68.99,68.99,68.99,68.99,200,2022-05-25 19:45:00,CFO
68.95,68.97,68.95,68.97,2400,2022-05-25 19:50:00,CFO
68.99,68.99,68.97,68.97,2099,2022-05-25 19:55:00,CFO
69.13,69.13,69.13,69.13,100,2022-05-26 13:30:00,CFO
69.19,69.19,69.19,69.19,124,2022-05-26 13:40:00,CFO
69.16,69.16,69.16,69.16,100,2022-05-26 13:45:00,CFO
69.23,69.23,69.23,69.23,100,2022-05-26 14:00:00,CFO
69.23,69.24,69.23,69.24,533,2022-05-26 14:05:00,CFO
69.2285,69.24,69.2285,69.24,1222,2022-05-26 14:10:00,CFO
69.25,69.25,69.25,69.25,408,2022-05-26 14:15:00,CFO
69.25,69.26,69.25,69.255,645,2022-05-26 14:20:00,CFO
69.25,69.25,69.25,69.25,100,2022-05-26 14:25:00,CFO
69.2592,69.2592,69.25,69.25,554,2022-05-26 14:30:00,CFO
69.25,69.26,69.25,69.26,400,2022-05-26 14:35:00,CFO
69.26,69.26,69.255,69.26,573,2022-05-26 14:40:00,CFO
69.25,69.25,69.2201,69.24,4509,2022-05-26 14:45:00,CFO
69.24,69.25,69.24,69.25,300,2022-05-26 14:50:00,CFO
69.24,69.2599,69.24,69.2599,1044,2022-05-26 14:55:00,CFO
69.25,69.27,69.25,69.27,1300,2022-05-26 15:00:00,CFO
69.26,69.2683,69.26,69.2683,652,2022-05-26 15:05:00,CFO
69.2618,69.27,69.2618,69.27,761,2022-05-26 15:10:00,CFO
69.28,69.28,69.28,69.28,100,2022-05-26 15:15:00,CFO
69.28,69.28,69.27,69.27,200,2022-05-26 15:20:00,CFO
69.26,69.26,69.26,69.26,300,2022-05-26 15:25:00,CFO
69.27,69.28,69.27,69.28,700,2022-05-26 15:30:00,CFO
69.26,69.26,69.26,69.26,500,2022-05-26 15:35:00,CFO
69.26,69.26,69.26,69.26,100,2022-05-26 15:40:00,CFO
69.2485,69.2485,69.2485,69.2485,300,2022-05-26 15:45:00,CFO
69.25,69.25,69.24,69.25,300,2022-05-26 15:50:00,CFO
69.2559,69.26,69.25,69.26,8839,2022-05-26 15:55:00,CFO
69.28,69.28,69.28,69.28,900,2022-05-26 16:00:00,CFO
69.28,69.28,69.28,69.28,300,2022-05-26 16:05:00,CFO
69.28,69.29,69.28,69.29,300,2022-05-26 16:10:00,CFO
69.27,69.28,69.27,69.28,300,2022-05-26 16:15:00,CFO
69.28,69.29,69.28,69.29,445,2022-05-26 16:20:00,CFO
69.3,69.3,69.3,69.3,100,2022-05-26 16:25:00,CFO
69.3,69.31,69.3,69.305,800,2022-05-26 16:30:00,CFO
69.31,69.31,69.31,69.31,200,2022-05-26 16:35:00,CFO
69.31,69.31,69.31,69.31,200,2022-05-26 16:45:00,CFO
69.31,69.32,69.3,69.31,9802,2022-05-26 16:50:00,CFO
69.34,69.36,69.34,69.36,427,2022-05-26 17:05:00,CFO
69.36,69.36,69.36,69.36,100,2022-05-26 17:10:00,CFO
69.34,69.34,69.34,69.34,100,2022-05-26 17:15:00,CFO
69.34,69.34,69.317,69.317,399,2022-05-26 17:20:00,CFO
69.32,69.32,69.32,69.32,100,2022-05-26 17:25:00,CFO
69.32,69.33,69.32,69.33,200,2022-05-26 17:30:00,CFO
69.3211,69.33,69.3101,69.32,3218,2022-05-26 17:35:00,CFO
69.33,69.33,69.33,69.33,200,2022-05-26 17:40:00,CFO
69.33,69.33,69.33,69.33,100,2022-05-26 17:45:00,CFO
69.32,69.34,69.32,69.34,459,2022-05-26 17:55:00,CFO
69.335,69.34,69.335,69.34,200,2022-05-26 18:00:00,CFO
69.34,69.34,69.34,69.34,100,2022-05-26 18:05:00,CFO
69.34,69.34,69.34,69.34,100,2022-05-26 18:10:00,CFO
69.34,69.34,69.33,69.33,200,2022-05-26 18:15:00,CFO
69.34,69.34,69.34,69.34,200,2022-05-26 18:20:00,CFO
69.35,69.35,69.3307,69.3307,467,2022-05-26 18:25:00,CFO
69.32,69.32,69.32,69.32,200,2022-05-26 18:35:00,CFO
69.31,69.32,69.31,69.32,200,2022-05-26 18:40:00,CFO
69.33,69.33,69.33,69.33,200,2022-05-26 18:45:00,CFO
69.33,69.33,69.33,69.33,100,2022-05-26 18:50:00,CFO
69.34,69.34,69.33,69.33,200,2022-05-26 18:55:00,CFO
69.325,69.325,69.325,69.325,150,2022-05-26 19:05:00,CFO
69.32,69.32,69.32,69.32,400,2022-05-26 19:10:00,CFO
69.32,69.32,69.28,69.28,2030,2022-05-26 19:15:00,CFO
69.285,69.285,69.285,69.285,158,2022-05-26 19:20:00,CFO
69.3,69.3,69.3,69.3,200,2022-05-26 19:30:00,CFO
69.31,69.33,69.31,69.33,995,2022-05-26 19:35:00,CFO
69.3384,69.3384,69.3384,69.3384,400,2022-05-26 19:50:00,CFO
69.31,69.31,69.3084,69.3084,500,2022-05-26 19:55:00,CFO
69.45,69.46,69.45,69.46,464,2022-05-27 13:30:00,CFO
69.48,69.48,69.48,69.48,300,2022-05-27 13:35:00,CFO
69.4899,69.4899,69.4899,69.4899,202,2022-05-27 13:40:00,CFO
69.498,69.498,69.498,69.498,143,2022-05-27 13:50:00,CFO
69.52,69.52,69.52,69.52,950,2022-05-27 14:10:00,CFO
69.5439,69.5439,69.5439,69.5439,148,2022-05-27 14:30:00,CFO
69.529,69.529,69.51,69.51,809,2022-05-27 14:40:00,CFO
69.5022,69.5022,69.5022,69.5022,104,2022-05-27 15:00:00,CFO
69.55,69.55,69.55,69.55,101,2022-05-27 15:15:00,CFO
69.5482,69.5482,69.5295,69.54,1160,2022-05-27 15:25:00,CFO
69.54,69.54,69.54,69.54,330,2022-05-27 15:35:00,CFO
69.55,69.56,69.55,69.56,291,2022-05-27 15:40:00,CFO
69.57,69.574,69.562,69.568,1892,2022-05-27 15:50:00,CFO
69.57,69.57,69.5679,69.5679,472,2022-05-27 15:55:00,CFO
69.58,69.58,69.58,69.58,100,2022-05-27 16:00:00,CFO
69.57,69.57,69.57,69.57,140,2022-05-27 16:05:00,CFO
69.5683,69.57,69.55,69.55,3872,2022-05-27 16:30:00,CFO
69.5518,69.5639,69.5501,69.5519,2316,2022-05-27 17:25:00,CFO
69.5563,69.5563,69.5563,69.5563,539,2022-05-27 17:35:00,CFO
69.55,69.55,69.55,69.55,100,2022-05-27 17:40:00,CFO
69.5518,69.56,69.5518,69.56,511,2022-05-27 17:55:00,CFO
69.5792,69.5792,69.5792,69.5792,700,2022-05-27 18:20:00,CFO
69.575,69.5797,69.5698,69.5699,1038,2022-05-27 18:25:00,CFO
69.5799,69.5799,69.5799,69.5799,917,2022-05-27 18:30:00,CFO
69.5781,69.5781,69.5781,69.5781,248,2022-05-27 18:35:00,CFO
69.58,69.58,69.58,69.58,400,2022-05-27 18:40:00,CFO
69.58,69.58,69.57,69.575,400,2022-05-27 18:50:00,CFO
69.5892,69.5892,69.5892,69.5892,350,2022-05-27 18:55:00,CFO
69.61,69.61,69.61,69.61,100,2022-05-27 19:05:00,CFO
69.6368,69.6368,69.6368,69.6368,200,2022-05-27 19:45:00,CFO
69.6295,69.65,69.6295,69.65,281,2022-05-27 19:50:00,CFO
69.66,69.675,69.66,69.675,1300,2022-05-27 19:55:00,CFO
