open,high,low,close,volume,datetime,symbol
63.29,63.67,63.29,63.54,8885,2020-09-14 13:30:00,TXRH
63.6,63.77,63.36,63.75,2405,2020-09-14 13:35:00,TXRH
64.0,64.36,64.0,64.125,2840,2020-09-14 13:40:00,TXRH
64.285,64.41,64.2,64.355,1231,2020-09-14 13:45:00,TXRH
64.38,64.59,64.36,64.47,1760,2020-09-14 13:50:00,TXRH
64.495,64.6,64.39,64.395,2426,2020-09-14 13:55:00,TXRH
64.34,64.59,64.31,64.59,2846,2020-09-14 14:00:00,TXRH
64.59,64.68,64.43,64.54,7495,2020-09-14 14:05:00,TXRH
64.62,64.63,64.36,64.46,2662,2020-09-14 14:10:00,TXRH
64.535,64.61,64.4001,64.55,2217,2020-09-14 14:15:00,TXRH
64.48,64.49,64.34,64.4,1700,2020-09-14 14:20:00,TXRH
64.38,64.4,64.36,64.395,725,2020-09-14 14:25:00,TXRH
64.37,64.53,64.37,64.505,2507,2020-09-14 14:30:00,TXRH
64.57,64.63,64.515,64.52,2408,2020-09-14 14:35:00,TXRH
64.55,64.72,64.55,64.69,16100,2020-09-14 14:40:00,TXRH
64.72,64.8,64.59,64.75,4697,2020-09-14 14:45:00,TXRH
64.78,64.87,64.72,64.82,2254,2020-09-14 14:50:00,TXRH
64.81,64.81,64.66,64.685,1500,2020-09-14 14:55:00,TXRH
64.7,64.75,64.68,64.73,4288,2020-09-14 15:00:00,TXRH
64.79,64.79,64.71,64.79,3901,2020-09-14 15:05:00,TXRH
64.79,64.79,64.55,64.6375,3027,2020-09-14 15:10:00,TXRH
64.805,64.81,64.682,64.71,1835,2020-09-14 15:15:00,TXRH
64.64,64.6925,64.51,64.655,2443,2020-09-14 15:20:00,TXRH
64.76,64.87,64.66,64.8,3800,2020-09-14 15:25:00,TXRH
64.755,64.86,64.72,64.81,5899,2020-09-14 15:30:00,TXRH
64.8,64.87,64.74,64.81,2242,2020-09-14 15:35:00,TXRH
64.85,64.9,64.8,64.82,1600,2020-09-14 15:40:00,TXRH
64.78,64.85,64.76,64.78,2800,2020-09-14 15:45:00,TXRH
64.81,64.83,64.73,64.77,1746,2020-09-14 15:50:00,TXRH
64.75,64.8,64.7198,64.72,1755,2020-09-14 15:55:00,TXRH
64.66,64.72,64.65,64.71,830,2020-09-14 16:00:00,TXRH
64.7,64.75,64.65,64.7001,1300,2020-09-14 16:05:00,TXRH
64.73,64.735,64.62,64.67,1500,2020-09-14 16:10:00,TXRH
64.67,64.71,64.44,64.46,2615,2020-09-14 16:15:00,TXRH
64.41,64.5,64.38,64.49,3200,2020-09-14 16:20:00,TXRH
64.57,64.58,64.5,64.58,700,2020-09-14 16:25:00,TXRH
64.51,64.61,64.51,64.51,1677,2020-09-14 16:30:00,TXRH
64.49,64.53,64.445,64.445,2099,2020-09-14 16:35:00,TXRH
64.48,64.65,64.44,64.63,2392,2020-09-14 16:40:00,TXRH
64.66,64.7,64.62,64.6307,2410,2020-09-14 16:45:00,TXRH
64.69,64.78,64.66,64.78,900,2020-09-14 16:50:00,TXRH
64.7276,64.8,64.7276,64.78,989,2020-09-14 16:55:00,TXRH
64.85,64.95,64.83,64.95,2296,2020-09-14 17:00:00,TXRH
64.915,64.915,64.73,64.74,1910,2020-09-14 17:05:00,TXRH
64.72,64.725,64.645,64.725,1514,2020-09-14 17:10:00,TXRH
64.68,64.71,64.6,64.62,3117,2020-09-14 17:15:00,TXRH
64.67,64.67,64.47,64.53,3600,2020-09-14 17:20:00,TXRH
64.53,64.68,64.53,64.66,2389,2020-09-14 17:25:00,TXRH
64.68,64.7,64.55,64.57,3535,2020-09-14 17:30:00,TXRH
64.57,64.61,64.55,64.61,600,2020-09-14 17:35:00,TXRH
64.6,64.64,64.6,64.625,1200,2020-09-14 17:40:00,TXRH
64.71,64.85,64.71,64.84,1000,2020-09-14 17:45:00,TXRH
64.865,64.87,64.8,64.87,1900,2020-09-14 17:50:00,TXRH
64.84,64.86,64.835,64.835,733,2020-09-14 17:55:00,TXRH
64.81,64.855,64.81,64.82,1400,2020-09-14 18:00:00,TXRH
64.89,65.06,64.88,64.98,4614,2020-09-14 18:05:00,TXRH
64.97,65.0,64.93,64.98,2545,2020-09-14 18:10:00,TXRH
64.99,65.05,64.94,65.03,1531,2020-09-14 18:15:00,TXRH
65.08,65.11,65.03,65.09,2565,2020-09-14 18:20:00,TXRH
65.04,65.04,64.92,64.925,1703,2020-09-14 18:25:00,TXRH
64.95,65.06,64.95,65.035,1444,2020-09-14 18:30:00,TXRH
65.03,65.03,64.975,64.975,2147,2020-09-14 18:35:00,TXRH
65.0,65.03,64.96,64.99,1809,2020-09-14 18:40:00,TXRH
64.98,65.01,64.965,64.98,1325,2020-09-14 18:45:00,TXRH
64.98,65.06,64.965,65.01,1950,2020-09-14 18:50:00,TXRH
64.97,65.01,64.47,64.73,65427,2020-09-14 18:55:00,TXRH
64.75,64.8,64.7,64.72,3229,2020-09-14 19:00:00,TXRH
64.72,64.87,64.7,64.87,2900,2020-09-14 19:05:00,TXRH
64.86,64.9,64.82,64.885,12519,2020-09-14 19:10:00,TXRH
64.87,64.87,64.73,64.83,9605,2020-09-14 19:15:00,TXRH
64.815,64.815,64.55,64.64,11167,2020-09-14 19:20:00,TXRH
64.65,64.715,64.6,64.705,4093,2020-09-14 19:25:00,TXRH
64.72,64.755,64.635,64.71,5620,2020-09-14 19:30:00,TXRH
64.71,64.82,64.67,64.79,4855,2020-09-14 19:35:00,TXRH
64.8,64.94,64.775,64.91,4900,2020-09-14 19:40:00,TXRH
64.895,65.14,64.895,65.14,4898,2020-09-14 19:45:00,TXRH
65.12,65.15,65.04,65.06,13290,2020-09-14 19:50:00,TXRH
65.06,65.07,64.79,64.8,49546,2020-09-14 19:55:00,TXRH
64.8,64.8,64.8,64.8,59170,2020-09-14 20:00:00,TXRH
65.22,65.22,64.32,64.53,9244,2020-09-15 13:30:00,TXRH
64.54,64.75,64.54,64.615,3747,2020-09-15 13:35:00,TXRH
64.5947,64.89,64.5947,64.66,4561,2020-09-15 13:40:00,TXRH
64.65,64.73,64.36,64.62,16794,2020-09-15 13:45:00,TXRH
64.64,64.93,64.625,64.89,4143,2020-09-15 13:50:00,TXRH
64.96,65.1,64.84,64.86,3489,2020-09-15 13:55:00,TXRH
64.855,64.89,64.61,64.71,9703,2020-09-15 14:00:00,TXRH
64.66,64.93,64.63,64.88,3354,2020-09-15 14:05:00,TXRH
64.87,65.0,64.86,64.93,4954,2020-09-15 14:10:00,TXRH
64.935,65.14,64.92,65.14,4287,2020-09-15 14:15:00,TXRH
65.17,65.35,65.15,65.31,3200,2020-09-15 14:20:00,TXRH
65.31,65.73,65.31,65.6,8709,2020-09-15 14:25:00,TXRH
65.63,65.65,65.51,65.59,9824,2020-09-15 14:30:00,TXRH
65.61,65.64,65.39,65.4,3300,2020-09-15 14:35:00,TXRH
65.405,65.405,65.24,65.24,700,2020-09-15 14:40:00,TXRH
65.33,65.685,65.31,65.685,4132,2020-09-15 14:45:00,TXRH
65.73,65.95,65.705,65.95,3422,2020-09-15 14:50:00,TXRH
65.95,66.16,65.85,66.14,8183,2020-09-15 14:55:00,TXRH
66.11,66.12,65.9,65.91,9059,2020-09-15 15:00:00,TXRH
65.865,65.99,65.78,65.81,6996,2020-09-15 15:05:00,TXRH
65.89,65.975,65.8707,65.97,4761,2020-09-15 15:10:00,TXRH
65.96,66.0,65.865,65.925,2224,2020-09-15 15:15:00,TXRH
65.9125,65.99,65.78,65.78,2496,2020-09-15 15:20:00,TXRH
65.77,65.92,65.77,65.9,2650,2020-09-15 15:25:00,TXRH
65.89,65.91,65.73,65.73,2443,2020-09-15 15:30:00,TXRH
65.74,65.83,65.71,65.83,1100,2020-09-15 15:35:00,TXRH
65.87,65.96,65.82,65.91,2286,2020-09-15 15:40:00,TXRH
65.9,65.975,65.8401,65.975,3598,2020-09-15 15:45:00,TXRH
65.91,65.91,65.7805,65.79,1300,2020-09-15 15:50:00,TXRH
65.87,65.875,65.7475,65.7475,800,2020-09-15 15:55:00,TXRH
65.74,65.76,65.66,65.68,2700,2020-09-15 16:00:00,TXRH
65.66,65.68,65.66,65.67,959,2020-09-15 16:05:00,TXRH
65.64,65.745,65.64,65.73,2701,2020-09-15 16:10:00,TXRH
65.69,65.73,65.66,65.715,1800,2020-09-15 16:15:00,TXRH
65.6892,65.76,65.68,65.76,1500,2020-09-15 16:20:00,TXRH
65.77,65.78,65.74,65.76,1600,2020-09-15 16:25:00,TXRH
65.75,65.85,65.7,65.8,2800,2020-09-15 16:30:00,TXRH
65.83,65.88,65.82,65.845,2202,2020-09-15 16:35:00,TXRH
65.85,65.89,65.82,65.89,1500,2020-09-15 16:40:00,TXRH
65.93,65.975,65.92,65.95,1715,2020-09-15 16:45:00,TXRH
65.96,66.0,65.92,65.99,4895,2020-09-15 16:50:00,TXRH
65.98,65.98,65.91,65.96,1240,2020-09-15 16:55:00,TXRH
65.96,66.03,65.93,65.97,6231,2020-09-15 17:00:00,TXRH
65.94,66.08,65.94,66.04,3843,2020-09-15 17:05:00,TXRH
66.02,66.035,65.985,66.03,2521,2020-09-15 17:10:00,TXRH
66.095,66.1125,66.06,66.09,1494,2020-09-15 17:15:00,TXRH
66.05,66.09,65.98,66.07,2013,2020-09-15 17:20:00,TXRH
66.01,66.03,65.98,66.005,1101,2020-09-15 17:25:00,TXRH
65.995,66.02,65.92,65.95,2400,2020-09-15 17:30:00,TXRH
65.94,65.98,65.92,65.98,1300,2020-09-15 17:35:00,TXRH
65.94,66.015,65.87,66.015,2600,2020-09-15 17:40:00,TXRH
65.99,66.01,65.93,65.93,900,2020-09-15 17:45:00,TXRH
65.92,66.01,65.91,66.01,820,2020-09-15 17:50:00,TXRH
66.0,66.03,65.935,65.935,1709,2020-09-15 17:55:00,TXRH
65.95,65.95,65.86,65.865,2306,2020-09-15 18:00:00,TXRH
65.87,65.97,65.87,65.895,2736,2020-09-15 18:05:00,TXRH
65.91,66.01,65.9,66.01,1611,2020-09-15 18:10:00,TXRH
66.03,66.14,65.97,66.14,2955,2020-09-15 18:15:00,TXRH
66.1582,66.29,66.12,66.28,2302,2020-09-15 18:20:00,TXRH
66.285,66.33,66.24,66.31,2487,2020-09-15 18:25:00,TXRH
66.3233,66.3325,66.2,66.23,3543,2020-09-15 18:30:00,TXRH
66.24,66.35,66.24,66.35,2951,2020-09-15 18:35:00,TXRH
66.35,66.47,66.35,66.47,4165,2020-09-15 18:40:00,TXRH
66.47,66.47,66.37,66.44,4372,2020-09-15 18:45:00,TXRH
66.43,66.57,66.43,66.57,3157,2020-09-15 18:50:00,TXRH
66.555,66.57,66.45,66.48,5402,2020-09-15 18:55:00,TXRH
66.475,66.48,66.345,66.3501,6050,2020-09-15 19:00:00,TXRH
66.32,66.32,66.05,66.075,6396,2020-09-15 19:05:00,TXRH
66.075,66.13,66.03,66.085,5541,2020-09-15 19:10:00,TXRH
66.07,66.155,66.05,66.1,6803,2020-09-15 19:15:00,TXRH
66.1,66.185,66.03,66.13,6489,2020-09-15 19:20:00,TXRH
66.11,66.14,66.08,66.14,4490,2020-09-15 19:25:00,TXRH
66.13,66.16,65.9,65.93,7925,2020-09-15 19:30:00,TXRH
65.93,65.935,65.85,65.87,5837,2020-09-15 19:35:00,TXRH
65.87,65.98,65.83,65.96,10104,2020-09-15 19:40:00,TXRH
65.93,66.05,65.9,65.995,18032,2020-09-15 19:45:00,TXRH
65.94,65.99,65.895,65.95,17324,2020-09-15 19:50:00,TXRH
65.94,65.95,65.86,65.9,36057,2020-09-15 19:55:00,TXRH
65.94,65.94,65.94,65.94,56004,2020-09-15 20:00:00,TXRH
65.94,65.94,65.94,65.94,7683,2020-09-15 20:30:00,TXRH
65.79,65.92,64.65,64.88,18479,2020-09-16 13:30:00,TXRH
65.0,65.29,65.0,65.11,4209,2020-09-16 13:35:00,TXRH
65.23,65.29,64.98,65.28,1847,2020-09-16 13:40:00,TXRH
65.31,65.46,65.3,65.32,2550,2020-09-16 13:45:00,TXRH
65.43,65.62,65.43,65.58,3335,2020-09-16 13:50:00,TXRH
65.54,65.55,65.47,65.54,1322,2020-09-16 13:55:00,TXRH
65.54,65.54,65.18,65.18,5719,2020-09-16 14:00:00,TXRH
65.09,65.3,65.07,65.3,3450,2020-09-16 14:05:00,TXRH
65.36,65.42,65.29,65.32,2600,2020-09-16 14:10:00,TXRH
65.36,65.39,65.33,65.37,6300,2020-09-16 14:15:00,TXRH
65.45,65.56,65.45,65.56,2053,2020-09-16 14:20:00,TXRH
65.55,65.58,65.475,65.48,5657,2020-09-16 14:25:00,TXRH
65.45,65.46,65.25,65.25,4016,2020-09-16 14:30:00,TXRH
65.26,65.26,64.68,64.68,13120,2020-09-16 14:35:00,TXRH
64.66,64.7516,64.53,64.53,2473,2020-09-16 14:40:00,TXRH
64.55,64.59,64.43,64.55,2000,2020-09-16 14:45:00,TXRH
64.525,64.735,64.525,64.64,9471,2020-09-16 14:50:00,TXRH
64.62,64.81,64.62,64.75,4200,2020-09-16 14:55:00,TXRH
64.74,64.98,64.67,64.98,2202,2020-09-16 15:00:00,TXRH
64.97,65.21,64.97,65.08,2701,2020-09-16 15:05:00,TXRH
65.06,65.08,64.95,65.05,4400,2020-09-16 15:10:00,TXRH
65.19,65.325,65.17,65.2456,6196,2020-09-16 15:15:00,TXRH
65.23,65.23,65.06,65.13,6297,2020-09-16 15:20:00,TXRH
65.06,65.12,64.89,64.92,4480,2020-09-16 15:25:00,TXRH
64.88,64.88,64.6,64.6,7581,2020-09-16 15:30:00,TXRH
64.58,64.64,64.52,64.615,3104,2020-09-16 15:35:00,TXRH
64.575,64.64,64.55,64.56,2350,2020-09-16 15:40:00,TXRH
64.65,64.73,64.58,64.67,2400,2020-09-16 15:45:00,TXRH
64.675,64.79,64.67,64.79,3053,2020-09-16 15:50:00,TXRH
64.76,64.84,64.71,64.77,5806,2020-09-16 15:55:00,TXRH
64.7,64.7,64.56,64.66,4379,2020-09-16 16:00:00,TXRH
64.66,64.685,64.56,64.6,2609,2020-09-16 16:05:00,TXRH
64.66,64.73,64.49,64.57,6421,2020-09-16 16:10:00,TXRH
64.52,64.7,64.52,64.7,1200,2020-09-16 16:15:00,TXRH
64.65,64.745,64.53,64.54,3232,2020-09-16 16:20:00,TXRH
64.54,64.61,64.48,64.52,2500,2020-09-16 16:25:00,TXRH
64.5,64.5,64.39,64.405,3383,2020-09-16 16:30:00,TXRH
64.38,64.38,64.24,64.335,5380,2020-09-16 16:35:00,TXRH
64.25,64.32,64.2,64.32,3156,2020-09-16 16:40:00,TXRH
64.32,64.36,64.235,64.25,5446,2020-09-16 16:45:00,TXRH
64.28,64.28,64.15,64.19,5098,2020-09-16 16:50:00,TXRH
64.25,64.29,64.2,64.21,3288,2020-09-16 16:55:00,TXRH
64.22,64.2556,64.1,64.18,13878,2020-09-16 17:00:00,TXRH
64.2,64.305,64.11,64.18,4509,2020-09-16 17:05:00,TXRH
64.18,64.18,64.0,64.13,3890,2020-09-16 17:10:00,TXRH
64.11,64.15,64.02,64.04,5200,2020-09-16 17:15:00,TXRH
64.0,64.07,63.96,64.01,3616,2020-09-16 17:20:00,TXRH
64.01,64.12,64.01,64.05,4299,2020-09-16 17:25:00,TXRH
64.075,64.075,63.96,63.99,5200,2020-09-16 17:30:00,TXRH
64.02,64.02,63.9,63.9,3200,2020-09-16 17:35:00,TXRH
63.89,64.07,63.84,63.98,7454,2020-09-16 17:40:00,TXRH
63.99,64.09,63.99,64.02,3500,2020-09-16 17:45:00,TXRH
64.015,64.055,63.98,64.015,3723,2020-09-16 17:50:00,TXRH
63.99,64.18,63.96,64.155,3000,2020-09-16 17:55:00,TXRH
64.15,64.26,64.09,64.22,5400,2020-09-16 18:00:00,TXRH
64.2,64.23,64.12,64.12,4600,2020-09-16 18:05:00,TXRH
64.17,64.295,64.12,64.24,6900,2020-09-16 18:10:00,TXRH
64.25,64.45,64.25,64.32,4180,2020-09-16 18:15:00,TXRH
64.37,64.4125,64.35,64.4125,1900,2020-09-16 18:20:00,TXRH
64.4,64.48,64.4,64.42,1570,2020-09-16 18:25:00,TXRH
64.45,64.51,64.42,64.47,6200,2020-09-16 18:30:00,TXRH
64.45,64.61,64.45,64.61,7413,2020-09-16 18:35:00,TXRH
64.65,64.76,64.65,64.71,8160,2020-09-16 18:40:00,TXRH
64.72,64.725,64.53,64.725,8505,2020-09-16 18:45:00,TXRH
64.69,64.71,64.38,64.38,4224,2020-09-16 18:50:00,TXRH
64.405,64.48,64.34,64.43,2742,2020-09-16 18:55:00,TXRH
64.36,64.53,64.36,64.47,3173,2020-09-16 19:00:00,TXRH
64.46,64.46,64.2,64.2,3100,2020-09-16 19:05:00,TXRH
64.17,64.2,64.04,64.135,6467,2020-09-16 19:10:00,TXRH
64.125,64.21,63.99,64.18,3710,2020-09-16 19:15:00,TXRH
64.22,64.22,64.01,64.03,4434,2020-09-16 19:20:00,TXRH
64.0,64.08,64.0,64.08,2927,2020-09-16 19:25:00,TXRH
64.05,64.11,63.86,64.11,8549,2020-09-16 19:30:00,TXRH
64.17,64.32,64.17,64.2,12528,2020-09-16 19:35:00,TXRH
64.2,64.43,64.135,64.42,10016,2020-09-16 19:40:00,TXRH
64.42,64.65,64.39,64.53,17642,2020-09-16 19:45:00,TXRH
64.57,64.64,64.38,64.57,25934,2020-09-16 19:50:00,TXRH
64.57,64.57,64.33,64.4,40402,2020-09-16 19:55:00,TXRH
64.41,64.41,64.41,64.41,116099,2020-09-16 20:00:00,TXRH
64.41,64.41,64.41,64.41,383,2020-09-16 20:35:00,TXRH
62.65,63.88,62.65,63.2684,9389,2020-09-17 13:30:00,TXRH
63.14,63.555,63.14,63.555,2464,2020-09-17 13:35:00,TXRH
63.42,63.51,63.17,63.265,3577,2020-09-17 13:40:00,TXRH
63.265,63.45,63.2175,63.32,2640,2020-09-17 13:45:00,TXRH
63.41,63.7,63.36,63.7,1746,2020-09-17 13:50:00,TXRH
63.63,63.73,63.595,63.62,900,2020-09-17 13:55:00,TXRH
63.805,64.14,63.805,64.04,3400,2020-09-17 14:00:00,TXRH
63.98,64.175,63.98,64.105,1400,2020-09-17 14:05:00,TXRH
64.17,64.17,64.17,64.17,100,2020-09-17 14:10:00,TXRH
64.07,64.28,64.03,64.28,5213,2020-09-17 14:15:00,TXRH
64.3,64.53,64.22,64.22,5135,2020-09-17 14:20:00,TXRH
64.2119,64.38,64.155,64.37,1350,2020-09-17 14:25:00,TXRH
64.36,64.36,64.13,64.22,2875,2020-09-17 14:30:00,TXRH
64.34,64.34,64.17,64.23,1400,2020-09-17 14:35:00,TXRH
64.23,64.28,64.17,64.18,1400,2020-09-17 14:40:00,TXRH
64.15,64.46,64.15,64.32,8312,2020-09-17 14:45:00,TXRH
64.39,64.47,64.32,64.47,2732,2020-09-17 14:50:00,TXRH
64.43,64.45,64.22,64.22,3855,2020-09-17 14:55:00,TXRH
64.28,64.48,64.28,64.435,2737,2020-09-17 15:00:00,TXRH
64.435,64.47,64.32,64.335,5699,2020-09-17 15:05:00,TXRH
64.32,64.42,64.08,64.15,12202,2020-09-17 15:10:00,TXRH
64.17,64.195,64.03,64.09,3793,2020-09-17 15:15:00,TXRH
64.14,64.14,63.99,63.99,2302,2020-09-17 15:20:00,TXRH
63.95,63.975,63.76,63.79,4049,2020-09-17 15:25:00,TXRH
63.82,63.83,63.68,63.77,5143,2020-09-17 15:30:00,TXRH
63.73,63.75,63.61,63.62,1700,2020-09-17 15:35:00,TXRH
63.655,63.66,63.41,63.52,2896,2020-09-17 15:40:00,TXRH
63.46,63.46,63.31,63.34,4035,2020-09-17 15:45:00,TXRH
63.34,63.39,63.26,63.28,3234,2020-09-17 15:50:00,TXRH
63.24,63.32,63.21,63.21,1910,2020-09-17 15:55:00,TXRH
63.28,63.32,63.22,63.28,2840,2020-09-17 16:00:00,TXRH
63.32,63.34,63.21,63.25,2700,2020-09-17 16:05:00,TXRH
63.26,63.26,63.04,63.1,3682,2020-09-17 16:10:00,TXRH
63.11,63.11,62.89,62.98,3510,2020-09-17 16:15:00,TXRH
63.03,63.06,62.84,62.9025,7301,2020-09-17 16:20:00,TXRH
62.81,62.9258,62.71,62.86,3612,2020-09-17 16:25:00,TXRH
62.85,62.97,62.8,62.87,3800,2020-09-17 16:30:00,TXRH
62.925,63.0,62.82,62.93,3294,2020-09-17 16:35:00,TXRH
62.9,62.93,62.76,62.785,2200,2020-09-17 16:40:00,TXRH
62.8,62.88,62.76,62.81,4199,2020-09-17 16:45:00,TXRH
62.8,62.96,62.8,62.92,3481,2020-09-17 16:50:00,TXRH
62.92,63.25,62.92,63.22,12306,2020-09-17 16:55:00,TXRH
63.24,63.4,63.24,63.27,3201,2020-09-17 17:00:00,TXRH
63.24,63.31,63.24,63.3,1558,2020-09-17 17:05:00,TXRH
63.195,63.2,63.15,63.19,2131,2020-09-17 17:10:00,TXRH
63.19,63.22,62.99,63.0,3981,2020-09-17 17:15:00,TXRH
62.985,63.14,62.98,63.03,3162,2020-09-17 17:20:00,TXRH
63.03,63.07,63.01,63.05,2807,2020-09-17 17:25:00,TXRH
63.02,63.13,62.98,63.09,3703,2020-09-17 17:30:00,TXRH
63.08,63.08,62.9,62.9,13836,2020-09-17 17:35:00,TXRH
62.95,63.06,62.85,63.0,8639,2020-09-17 17:40:00,TXRH
63.01,63.12,62.94,63.1,2800,2020-09-17 17:45:00,TXRH
63.13,63.2,63.04,63.06,2754,2020-09-17 17:50:00,TXRH
63.07,63.1,63.01,63.08,900,2020-09-17 17:55:00,TXRH
63.03,63.13,63.01,63.12,1600,2020-09-17 18:00:00,TXRH
63.11,63.12,63.08,63.08,1000,2020-09-17 18:05:00,TXRH
63.105,63.16,63.05,63.13,2953,2020-09-17 18:10:00,TXRH
63.12,63.12,63.02,63.035,2991,2020-09-17 18:15:00,TXRH
63.01,63.04,62.95,62.95,3209,2020-09-17 18:20:00,TXRH
62.98,63.02,62.81,62.84,11831,2020-09-17 18:25:00,TXRH
62.81,62.82,62.68,62.75,4315,2020-09-17 18:30:00,TXRH
62.75,62.78,62.655,62.67,2600,2020-09-17 18:35:00,TXRH
62.68,62.69,62.6,62.67,4325,2020-09-17 18:40:00,TXRH
62.67,62.75,62.64,62.66,4740,2020-09-17 18:45:00,TXRH
62.69,62.82,62.615,62.81,5940,2020-09-17 18:50:00,TXRH
62.8,62.82,62.715,62.715,3600,2020-09-17 18:55:00,TXRH
62.7,62.79,62.5,62.53,5540,2020-09-17 19:00:00,TXRH
62.475,62.6,62.465,62.6,2825,2020-09-17 19:05:00,TXRH
62.6,62.86,62.6,62.86,4850,2020-09-17 19:10:00,TXRH
62.84,62.86,62.71,62.74,2380,2020-09-17 19:15:00,TXRH
62.71,62.78,62.53,62.54,4600,2020-09-17 19:20:00,TXRH
62.5,62.5,62.37,62.43,6339,2020-09-17 19:25:00,TXRH
62.39,62.742,62.37,62.615,7691,2020-09-17 19:30:00,TXRH
62.64,62.92,62.64,62.91,11681,2020-09-17 19:35:00,TXRH
62.93,63.03,62.83,62.8999,20766,2020-09-17 19:40:00,TXRH
62.9,63.06,62.84,62.99,15103,2020-09-17 19:45:00,TXRH
62.96,63.06,62.89,62.91,20965,2020-09-17 19:50:00,TXRH
62.92,63.0,62.82,62.86,32729,2020-09-17 19:55:00,TXRH
62.89,62.89,62.89,62.89,54660,2020-09-17 20:00:00,TXRH
62.89,62.89,62.89,62.89,1936,2020-09-17 20:30:00,TXRH
63.6,64.34,63.26,63.93,148076,2020-09-18 13:30:00,TXRH
63.9,64.15,63.86,64.06,12687,2020-09-18 13:35:00,TXRH
64.14,64.14,64.08,64.09,1230,2020-09-18 13:40:00,TXRH
64.32,64.39,63.99,64.31,9804,2020-09-18 13:45:00,TXRH
64.19,64.235,63.89,63.89,2197,2020-09-18 13:50:00,TXRH
63.75,63.995,63.7,63.71,2785,2020-09-18 13:55:00,TXRH
63.82,64.03,63.76,64.03,3549,2020-09-18 14:00:00,TXRH
64.09,64.34,64.08,64.16,10060,2020-09-18 14:05:00,TXRH
63.96,64.175,63.86,64.175,1888,2020-09-18 14:10:00,TXRH
64.15,64.25,64.03,64.1,2450,2020-09-18 14:15:00,TXRH
64.1,64.11,63.9,64.01,910,2020-09-18 14:20:00,TXRH
64.02,64.05,63.92,63.95,3252,2020-09-18 14:25:00,TXRH
63.92,64.01,63.89,63.94,12894,2020-09-18 14:30:00,TXRH
63.93,63.93,63.71,63.81,3903,2020-09-18 14:35:00,TXRH
63.77,63.79,63.67,63.78,1900,2020-09-18 14:40:00,TXRH
63.73,63.73,63.45,63.52,1900,2020-09-18 14:45:00,TXRH
63.57,63.58,63.23,63.23,1400,2020-09-18 14:50:00,TXRH
63.34,63.52,63.34,63.52,3280,2020-09-18 14:55:00,TXRH
63.56,63.83,63.47,63.75,6002,2020-09-18 15:00:00,TXRH
63.79,63.79,63.7,63.705,3678,2020-09-18 15:05:00,TXRH
63.705,63.84,63.66,63.66,4549,2020-09-18 15:10:00,TXRH
63.68,63.73,63.505,63.535,2364,2020-09-18 15:15:00,TXRH
63.54,63.7,63.52,63.545,3499,2020-09-18 15:20:00,TXRH
63.58,63.625,63.48,63.48,3500,2020-09-18 15:25:00,TXRH
63.45,63.46,63.22,63.22,1900,2020-09-18 15:30:00,TXRH
63.18,63.26,63.01,63.14,5200,2020-09-18 15:35:00,TXRH
63.14,63.37,63.08,63.09,7500,2020-09-18 15:40:00,TXRH
63.12,63.25,63.12,63.25,2709,2020-09-18 15:45:00,TXRH
63.25,63.25,63.05,63.13,2482,2020-09-18 15:50:00,TXRH
63.17,63.26,63.11,63.15,3699,2020-09-18 15:55:00,TXRH
63.125,63.165,62.96,62.96,1800,2020-09-18 16:00:00,TXRH
62.92,63.01,62.92,62.96,1600,2020-09-18 16:05:00,TXRH
62.97,63.06,62.88,62.88,4250,2020-09-18 16:10:00,TXRH
62.82,62.89,62.64,62.64,6499,2020-09-18 16:15:00,TXRH
62.68,62.72,62.45,62.49,5694,2020-09-18 16:20:00,TXRH
62.46,62.58,62.14,62.47,9828,2020-09-18 16:25:00,TXRH
62.4,62.41,62.22,62.26,5052,2020-09-18 16:30:00,TXRH
62.35,62.42,62.21,62.23,3876,2020-09-18 16:35:00,TXRH
62.2,62.23,62.05,62.075,2520,2020-09-18 16:40:00,TXRH
62.09,62.3,62.08,62.1,4300,2020-09-18 16:45:00,TXRH
62.09,62.12,62.0,62.0,2338,2020-09-18 16:50:00,TXRH
62.03,62.18,61.95,62.125,4023,2020-09-18 16:55:00,TXRH
62.17,62.4,62.1475,62.4,3203,2020-09-18 17:00:00,TXRH
62.33,62.41,62.3,62.39,12200,2020-09-18 17:05:00,TXRH
62.41,62.69,62.38,62.69,8800,2020-09-18 17:10:00,TXRH
62.62,62.62,62.44,62.5,3420,2020-09-18 17:15:00,TXRH
62.52,62.55,62.46,62.55,2909,2020-09-18 17:20:00,TXRH
62.52,62.57,62.31,62.37,5193,2020-09-18 17:25:00,TXRH
62.37,62.49,62.23,62.46,4800,2020-09-18 17:30:00,TXRH
62.42,62.46,62.27,62.37,3500,2020-09-18 17:35:00,TXRH
62.395,62.48,62.34,62.44,4142,2020-09-18 17:40:00,TXRH
62.41,62.6,62.37,62.51,3300,2020-09-18 17:45:00,TXRH
62.53,62.57,62.48,62.49,2100,2020-09-18 17:50:00,TXRH
62.55,62.55,62.43,62.49,2300,2020-09-18 17:55:00,TXRH
62.465,62.465,62.355,62.39,2803,2020-09-18 18:00:00,TXRH
62.43,62.45,62.36,62.38,1900,2020-09-18 18:05:00,TXRH
62.39,62.44,62.355,62.355,3900,2020-09-18 18:10:00,TXRH
62.35,62.44,62.25,62.25,4100,2020-09-18 18:15:00,TXRH
62.29,62.45,62.29,62.45,4200,2020-09-18 18:20:00,TXRH
62.48,62.57,62.465,62.48,2500,2020-09-18 18:25:00,TXRH
62.45,62.51,62.42,62.51,2875,2020-09-18 18:30:00,TXRH
62.48,62.56,62.455,62.48,4903,2020-09-18 18:35:00,TXRH
62.55,62.55,62.41,62.435,3800,2020-09-18 18:40:00,TXRH
62.47,62.495,62.41,62.43,4927,2020-09-18 18:45:00,TXRH
62.41,62.435,62.37,62.42,3900,2020-09-18 18:50:00,TXRH
62.41,62.41,62.3,62.38,5950,2020-09-18 18:55:00,TXRH
62.39,62.51,62.39,62.5,4017,2020-09-18 19:00:00,TXRH
62.54,62.59,62.49,62.59,5904,2020-09-18 19:05:00,TXRH
62.58,62.62,62.41,62.41,3200,2020-09-18 19:10:00,TXRH
62.445,62.47,62.405,62.44,6112,2020-09-18 19:15:00,TXRH
62.435,62.45,62.29,62.34,4132,2020-09-18 19:20:00,TXRH
62.32,62.38,62.275,62.38,8800,2020-09-18 19:25:00,TXRH
62.395,62.41,62.29,62.37,9502,2020-09-18 19:30:00,TXRH
62.37,62.53,62.33,62.33,9452,2020-09-18 19:35:00,TXRH
62.31,62.47,62.27,62.4,12751,2020-09-18 19:40:00,TXRH
62.37,62.49,62.3,62.32,10805,2020-09-18 19:45:00,TXRH
62.31,62.31,61.95,62.115,32732,2020-09-18 19:50:00,TXRH
62.08,62.35,62.08,62.32,43326,2020-09-18 19:55:00,TXRH
62.32,62.32,62.32,62.32,402103,2020-09-18 20:00:00,TXRH
62.3217,62.3217,62.3217,62.3217,559,2020-09-18 20:25:00,TXRH
62.32,62.32,62.32,62.32,628,2020-09-18 20:30:00,TXRH
62.51,62.51,62.51,62.51,100,2020-09-18 21:15:00,TXRH
62.55,62.55,62.55,62.55,100,2020-09-18 21:30:00,TXRH
62.62,62.62,62.62,62.62,100,2020-09-18 21:50:00,TXRH
62.5,62.5,62.5,62.5,500,2020-09-21 12:30:00,TXRH
60.76,60.88,60.16,60.16,13849,2020-09-21 13:30:00,TXRH
60.38,60.38,59.64,60.0,2909,2020-09-21 13:35:00,TXRH
59.92,60.195,59.92,60.1475,1600,2020-09-21 13:40:00,TXRH
60.05,60.28,60.04,60.1,27793,2020-09-21 13:45:00,TXRH
60.12,60.12,59.85,59.88,12554,2020-09-21 13:50:00,TXRH
59.99,60.27,59.86,60.27,5701,2020-09-21 13:55:00,TXRH
60.15,60.15,59.79,59.93,4825,2020-09-21 14:00:00,TXRH
59.905,59.95,59.67,59.91,4252,2020-09-21 14:05:00,TXRH
59.87,60.0537,59.87,59.93,7035,2020-09-21 14:10:00,TXRH
59.9,60.075,59.88,59.99,2400,2020-09-21 14:15:00,TXRH
60.05,60.06,59.93,60.02,1350,2020-09-21 14:20:00,TXRH
59.975,60.0,59.68,59.81,4358,2020-09-21 14:25:00,TXRH
59.71,59.75,59.45,59.55,23039,2020-09-21 14:30:00,TXRH
59.55,59.73,59.52,59.69,4520,2020-09-21 14:35:00,TXRH
59.62,59.92,59.57,59.92,3500,2020-09-21 14:40:00,TXRH
59.93,60.0333,59.89,59.98,3520,2020-09-21 14:45:00,TXRH
59.95,60.17,59.95,60.16,5740,2020-09-21 14:50:00,TXRH
60.12,60.155,60.0,60.11,5654,2020-09-21 14:55:00,TXRH
60.08,60.22,59.945,60.18,7175,2020-09-21 15:00:00,TXRH
60.215,60.67,60.215,60.67,10130,2020-09-21 15:05:00,TXRH
60.66,60.735,60.325,60.325,5500,2020-09-21 15:10:00,TXRH
60.35,60.35,60.09,60.2,3513,2020-09-21 15:15:00,TXRH
60.24,60.24,60.12,60.13,3690,2020-09-21 15:20:00,TXRH
60.14,60.335,60.06,60.25,4020,2020-09-21 15:25:00,TXRH
60.27,60.53,60.19,60.23,2922,2020-09-21 15:30:00,TXRH
60.17,60.44,60.155,60.39,3026,2020-09-21 15:35:00,TXRH
60.375,60.47,60.3,60.375,2448,2020-09-21 15:40:00,TXRH
60.385,60.51,60.385,60.51,1800,2020-09-21 15:45:00,TXRH
60.43,60.76,60.41,60.76,2756,2020-09-21 15:50:00,TXRH
60.72,60.88,60.72,60.75,6452,2020-09-21 15:55:00,TXRH
60.81,61.01,60.75,61.0,4800,2020-09-21 16:00:00,TXRH
61.005,61.025,60.873,60.97,4988,2020-09-21 16:05:00,TXRH
60.94,60.98,60.8707,60.905,2982,2020-09-21 16:10:00,TXRH
60.92,60.94,60.78,60.94,5076,2020-09-21 16:15:00,TXRH
60.975,60.975,60.86,60.86,2100,2020-09-21 16:20:00,TXRH
60.88,61.05,60.88,60.9666,3430,2020-09-21 16:25:00,TXRH
60.935,60.97,60.79,60.79,2598,2020-09-21 16:30:00,TXRH
60.8,61.15,60.78,61.15,2412,2020-09-21 16:35:00,TXRH
61.1,61.21,61.06,61.09,3144,2020-09-21 16:40:00,TXRH
61.04,61.05,60.88,60.93,2600,2020-09-21 16:45:00,TXRH
60.88,60.88,60.78,60.78,2500,2020-09-21 16:50:00,TXRH
60.78,60.855,60.66,60.855,2387,2020-09-21 16:55:00,TXRH
60.89,60.89,60.68,60.8,3177,2020-09-21 17:00:00,TXRH
60.78,60.895,60.78,60.84,1400,2020-09-21 17:05:00,TXRH
60.82,60.995,60.82,60.97,1915,2020-09-21 17:10:00,TXRH
61.1,61.16,61.07,61.1,2614,2020-09-21 17:15:00,TXRH
61.14,61.31,61.14,61.28,2223,2020-09-21 17:20:00,TXRH
61.31,61.31,61.17,61.22,2003,2020-09-21 17:25:00,TXRH
61.26,61.39,61.23,61.27,2878,2020-09-21 17:30:00,TXRH
61.25,61.27,61.2,61.27,1900,2020-09-21 17:35:00,TXRH
61.26,61.265,61.1901,61.235,2431,2020-09-21 17:40:00,TXRH
61.23,61.29,61.11,61.16,4038,2020-09-21 17:45:00,TXRH
61.2,61.295,61.09,61.11,2000,2020-09-21 17:50:00,TXRH
61.095,61.105,60.98,60.99,3608,2020-09-21 17:55:00,TXRH
60.9686,61.0,60.86,61.0,4612,2020-09-21 18:00:00,TXRH
60.98,60.98,60.91,60.96,1268,2020-09-21 18:05:00,TXRH
60.99,61.0,60.93,60.97,1400,2020-09-21 18:10:00,TXRH
61.0,61.04,60.93,60.94,2102,2020-09-21 18:15:00,TXRH
60.9799,61.12,60.9799,61.1,2900,2020-09-21 18:20:00,TXRH
61.11,61.15,61.03,61.05,1900,2020-09-21 18:25:00,TXRH
61.02,61.02,60.91,61.01,2727,2020-09-21 18:30:00,TXRH
60.94,60.94,60.93,60.93,500,2020-09-21 18:35:00,TXRH
61.0,61.0,60.83,60.83,1518,2020-09-21 18:40:00,TXRH
60.81,60.8299,60.76,60.79,2000,2020-09-21 18:45:00,TXRH
60.78,60.96,60.78,60.95,2921,2020-09-21 18:50:00,TXRH
60.94,61.07,60.93,61.03,3118,2020-09-21 18:55:00,TXRH
61.06,61.1,60.96,60.97,3780,2020-09-21 19:00:00,TXRH
61.0,61.01,60.86,60.95,4818,2020-09-21 19:05:00,TXRH
60.95,61.01,60.84,60.84,3800,2020-09-21 19:10:00,TXRH
60.85,60.93,60.835,60.855,3204,2020-09-21 19:15:00,TXRH
60.865,61.04,60.82,61.02,2317,2020-09-21 19:20:00,TXRH
61.02,61.02,60.87,60.93,4386,2020-09-21 19:25:00,TXRH
60.94,61.02,60.78,60.95,5172,2020-09-21 19:30:00,TXRH
60.92,61.03,60.91,60.965,6406,2020-09-21 19:35:00,TXRH
60.95,60.95,60.86,60.92,5958,2020-09-21 19:40:00,TXRH
60.96,61.01,60.94,60.96,4769,2020-09-21 19:45:00,TXRH
60.96,61.05,60.86,60.96,19674,2020-09-21 19:50:00,TXRH
60.96,61.12,60.93,61.12,36988,2020-09-21 19:55:00,TXRH
61.07,61.07,61.07,61.07,107205,2020-09-21 20:00:00,TXRH
61.07,61.07,61.07,61.07,33235,2020-09-21 20:30:00,TXRH
61.51,61.8,61.145,61.57,8636,2020-09-22 13:30:00,TXRH
61.62,61.71,61.41,61.46,2988,2020-09-22 13:35:00,TXRH
61.43,61.46,60.94,61.0,4004,2020-09-22 13:40:00,TXRH
61.0,61.03,60.35,60.5,5526,2020-09-22 13:45:00,TXRH
60.53,60.745,60.47,60.57,4404,2020-09-22 13:50:00,TXRH
60.5,60.66,60.35,60.45,6579,2020-09-22 13:55:00,TXRH
60.395,60.49,60.22,60.2945,9178,2020-09-22 14:00:00,TXRH
60.26,60.41,60.05,60.41,9117,2020-09-22 14:05:00,TXRH
60.37,60.5,60.32,60.48,2600,2020-09-22 14:10:00,TXRH
60.46,60.85,60.46,60.85,3500,2020-09-22 14:15:00,TXRH
60.81,60.98,60.775,60.85,4798,2020-09-22 14:20:00,TXRH
60.95,60.97,60.85,60.965,4027,2020-09-22 14:25:00,TXRH
60.965,60.98,60.86,60.9,5625,2020-09-22 14:30:00,TXRH
60.9,60.99,60.84,60.84,5209,2020-09-22 14:35:00,TXRH
60.79,60.845,60.6,60.6,2200,2020-09-22 14:40:00,TXRH
60.51,60.54,60.47,60.49,4445,2020-09-22 14:45:00,TXRH
60.49,60.8,60.46,60.75,7460,2020-09-22 14:50:00,TXRH
60.73,60.73,60.5,60.52,7243,2020-09-22 14:55:00,TXRH
60.56,60.74,60.56,60.74,5927,2020-09-22 15:00:00,TXRH
60.7,61.05,60.7,60.98,8312,2020-09-22 15:05:00,TXRH
60.99,61.14,60.94,61.08,12300,2020-09-22 15:10:00,TXRH
61.08,61.48,61.06,61.44,7900,2020-09-22 15:15:00,TXRH
61.4,61.71,61.4,61.71,5776,2020-09-22 15:20:00,TXRH
61.675,61.675,61.28,61.37,11083,2020-09-22 15:25:00,TXRH
61.37,61.59,61.28,61.3,19064,2020-09-22 15:30:00,TXRH
61.3,61.53,61.3,61.47,7777,2020-09-22 15:35:00,TXRH
61.51,61.61,61.475,61.565,6197,2020-09-22 15:40:00,TXRH
61.6,61.69,61.48,61.49,6556,2020-09-22 15:45:00,TXRH
61.5,61.5,61.36,61.38,4895,2020-09-22 15:50:00,TXRH
61.38,61.635,61.36,61.635,4900,2020-09-22 15:55:00,TXRH
61.64,61.74,61.58,61.63,6197,2020-09-22 16:00:00,TXRH
61.66,61.93,61.66,61.85,2634,2020-09-22 16:05:00,TXRH
61.86,61.94,61.81,61.86,5039,2020-09-22 16:10:00,TXRH
61.8,61.815,61.68,61.69,4387,2020-09-22 16:15:00,TXRH
61.69,61.72,61.61,61.645,5929,2020-09-22 16:20:00,TXRH
61.66,61.9,61.655,61.87,4949,2020-09-22 16:25:00,TXRH
61.915,61.985,61.91,61.96,5246,2020-09-22 16:30:00,TXRH
61.96,62.03,61.93,61.94,4865,2020-09-22 16:35:00,TXRH
61.94,61.99,61.93,61.95,4266,2020-09-22 16:40:00,TXRH
61.93,61.93,61.78,61.88,3319,2020-09-22 16:45:00,TXRH
61.87,62.02,61.87,62.0,3909,2020-09-22 16:50:00,TXRH
62.0,62.0,61.86,61.95,2425,2020-09-22 16:55:00,TXRH
61.99,62.05,61.97,61.97,6184,2020-09-22 17:00:00,TXRH
61.98,61.98,61.86,61.89,2390,2020-09-22 17:05:00,TXRH
61.92,61.95,61.88,61.88,2400,2020-09-22 17:10:00,TXRH
61.905,61.91,61.76,61.805,4078,2020-09-22 17:15:00,TXRH
61.7801,61.84,61.7801,61.83,2200,2020-09-22 17:20:00,TXRH
61.84,61.92,61.83,61.92,1500,2020-09-22 17:25:00,TXRH
61.92,62.02,61.92,61.96,4995,2020-09-22 17:30:00,TXRH
61.99,62.09,61.95,62.09,2573,2020-09-22 17:35:00,TXRH
62.03,62.07,62.01,62.04,3502,2020-09-22 17:40:00,TXRH
62.03,62.29,62.03,62.29,2100,2020-09-22 17:45:00,TXRH
62.29,62.29,62.115,62.21,3300,2020-09-22 17:50:00,TXRH
62.15,62.23,62.15,62.23,1700,2020-09-22 17:55:00,TXRH
62.26,62.47,62.26,62.39,4336,2020-09-22 18:00:00,TXRH
62.38,62.47,62.38,62.435,1800,2020-09-22 18:05:00,TXRH
62.45,62.51,62.42,62.47,5896,2020-09-22 18:10:00,TXRH
62.42,62.54,62.4,62.53,3900,2020-09-22 18:15:00,TXRH
62.52,62.52,62.37,62.48,6825,2020-09-22 18:20:00,TXRH
62.505,62.625,62.505,62.625,2910,2020-09-22 18:25:00,TXRH
62.67,62.7,62.57,62.65,4007,2020-09-22 18:30:00,TXRH
62.62,62.78,62.59,62.755,5200,2020-09-22 18:35:00,TXRH
62.74,62.83,62.73,62.745,2500,2020-09-22 18:40:00,TXRH
62.745,62.97,62.71,62.925,11210,2020-09-22 18:45:00,TXRH
62.91,63.0,62.77,62.795,7873,2020-09-22 18:50:00,TXRH
62.79,62.95,62.79,62.91,4753,2020-09-22 18:55:00,TXRH
62.99,62.99,62.87,62.92,8239,2020-09-22 19:00:00,TXRH
62.9,63.01,62.885,62.925,3670,2020-09-22 19:05:00,TXRH
62.94,62.94,62.81,62.82,4383,2020-09-22 19:10:00,TXRH
62.81,62.93,62.76,62.9,6619,2020-09-22 19:15:00,TXRH
62.87,62.95,62.82,62.92,3598,2020-09-22 19:20:00,TXRH
62.95,63.01,62.94,62.955,8047,2020-09-22 19:25:00,TXRH
62.97,62.97,62.78,62.925,10569,2020-09-22 19:30:00,TXRH
62.94,63.12,62.94,63.04,11507,2020-09-22 19:35:00,TXRH
63.04,63.24,63.035,63.22,13939,2020-09-22 19:40:00,TXRH
63.24,63.44,63.235,63.33,15179,2020-09-22 19:45:00,TXRH
63.28,63.42,63.125,63.3,34721,2020-09-22 19:50:00,TXRH
63.3,63.45,63.24,63.37,59759,2020-09-22 19:55:00,TXRH
63.35,63.35,63.35,63.35,125881,2020-09-22 20:00:00,TXRH
63.35,63.35,63.35,63.35,1886,2020-09-22 20:35:00,TXRH
63.35,63.35,63.35,63.35,171,2020-09-22 21:05:00,TXRH
63.334,63.334,63.334,63.334,178,2020-09-23 13:00:00,TXRH
63.44,63.49,63.21,63.3,25851,2020-09-23 13:30:00,TXRH
63.385,63.385,62.87,62.955,4900,2020-09-23 13:35:00,TXRH
63.02,63.39,63.01,63.375,5120,2020-09-23 13:40:00,TXRH
63.32,63.4,62.91,62.965,18514,2020-09-23 13:45:00,TXRH
62.93,63.02,62.84,62.84,8000,2020-09-23 13:50:00,TXRH
62.87,62.88,62.63,62.65,2926,2020-09-23 13:55:00,TXRH
62.655,62.85,62.54,62.74,4268,2020-09-23 14:00:00,TXRH
62.79,62.79,62.39,62.47,11779,2020-09-23 14:05:00,TXRH
62.47,62.55,62.14,62.28,10581,2020-09-23 14:10:00,TXRH
62.29,62.29,62.05,62.17,7851,2020-09-23 14:15:00,TXRH
62.165,62.42,62.165,62.4,8947,2020-09-23 14:20:00,TXRH
62.43,62.46,62.24,62.285,6041,2020-09-23 14:25:00,TXRH
62.225,62.38,62.16,62.18,7563,2020-09-23 14:30:00,TXRH
62.15,62.185,61.95,62.18,6244,2020-09-23 14:35:00,TXRH
62.2,62.845,62.2,62.845,12676,2020-09-23 14:40:00,TXRH
62.855,63.0,62.83,62.905,19878,2020-09-23 14:45:00,TXRH
62.88,63.38,62.88,63.335,13484,2020-09-23 14:50:00,TXRH
63.405,63.43,63.23,63.25,47008,2020-09-23 14:55:00,TXRH
63.25,63.31,63.04,63.07,5096,2020-09-23 15:00:00,TXRH
63.15,63.16,62.87,62.95,8367,2020-09-23 15:05:00,TXRH
62.9,62.915,62.82,62.82,2510,2020-09-23 15:10:00,TXRH
62.815,63.005,62.79,62.95,43938,2020-09-23 15:15:00,TXRH
62.88,63.0,62.825,63.0,11154,2020-09-23 15:20:00,TXRH
63.0,63.03,62.89,62.975,3737,2020-09-23 15:25:00,TXRH
62.96,62.97,62.82,62.9,32645,2020-09-23 15:30:00,TXRH
62.9,62.92,62.82,62.86,14002,2020-09-23 15:35:00,TXRH
62.9,62.91,62.83,62.86,7937,2020-09-23 15:40:00,TXRH
62.85,62.85,62.43,62.56,17588,2020-09-23 15:45:00,TXRH
62.55,62.55,62.42,62.51,8244,2020-09-23 15:50:00,TXRH
62.5,62.53,62.4,62.46,3521,2020-09-23 15:55:00,TXRH
62.42,62.57,62.42,62.52,3095,2020-09-23 16:00:00,TXRH
62.57,62.72,62.57,62.72,6287,2020-09-23 16:05:00,TXRH
62.7,62.86,62.7,62.86,8865,2020-09-23 16:10:00,TXRH
62.875,63.16,62.875,63.16,37308,2020-09-23 16:15:00,TXRH
63.145,63.24,62.965,62.97,4300,2020-09-23 16:20:00,TXRH
63.04,63.05,62.9,62.98,5584,2020-09-23 16:25:00,TXRH
63.01,63.06,62.87,62.99,26548,2020-09-23 16:30:00,TXRH
62.985,63.085,62.985,63.025,1300,2020-09-23 16:35:00,TXRH
63.06,63.09,62.975,62.975,2491,2020-09-23 16:40:00,TXRH
62.95,62.97,62.89,62.97,4747,2020-09-23 16:45:00,TXRH
62.965,62.99,62.9,62.9,3561,2020-09-23 16:50:00,TXRH
62.92,63.08,62.87,63.01,3307,2020-09-23 16:55:00,TXRH
63.06,63.08,62.9,62.94,2800,2020-09-23 17:00:00,TXRH
62.96,63.06,62.92,63.06,3939,2020-09-23 17:05:00,TXRH
63.09,63.22,63.04,63.22,4471,2020-09-23 17:10:00,TXRH
63.23,63.305,63.18,63.25,5039,2020-09-23 17:15:00,TXRH
63.23,63.23,63.11,63.17,15592,2020-09-23 17:20:00,TXRH
63.195,63.29,63.05,63.07,4520,2020-09-23 17:25:00,TXRH
63.0,63.11,62.95,62.97,10684,2020-09-23 17:30:00,TXRH
63.01,63.01,62.945,62.945,4866,2020-09-23 17:35:00,TXRH
62.95,63.04,62.94,62.95,5054,2020-09-23 17:40:00,TXRH
62.94,62.97,62.88,62.9018,4015,2020-09-23 17:45:00,TXRH
62.87,62.95,62.82,62.82,9668,2020-09-23 17:50:00,TXRH
62.87,62.87,62.78,62.8,4122,2020-09-23 17:55:00,TXRH
62.82,62.82,62.71,62.77,6473,2020-09-23 18:00:00,TXRH
62.805,62.905,62.76,62.76,3476,2020-09-23 18:05:00,TXRH
62.75,62.75,62.635,62.66,4081,2020-09-23 18:10:00,TXRH
62.62,62.62,62.41,62.41,6440,2020-09-23 18:15:00,TXRH
62.47,62.49,62.29,62.32,4204,2020-09-23 18:20:00,TXRH
62.325,62.44,62.31,62.34,5842,2020-09-23 18:25:00,TXRH
62.35,62.435,62.12,62.4,11804,2020-09-23 18:30:00,TXRH
62.4,62.54,62.32,62.54,2721,2020-09-23 18:35:00,TXRH
62.52,62.52,62.39,62.39,4593,2020-09-23 18:40:00,TXRH
62.42,62.42,62.15,62.27,3725,2020-09-23 18:45:00,TXRH
62.27,62.37,62.24,62.25,4905,2020-09-23 18:50:00,TXRH
62.23,62.31,62.07,62.14,8073,2020-09-23 18:55:00,TXRH
62.14,62.18,61.65,61.71,10971,2020-09-23 19:00:00,TXRH
61.68,61.69,61.42,61.47,10869,2020-09-23 19:05:00,TXRH
61.5,61.82,61.5,61.72,9575,2020-09-23 19:10:00,TXRH
61.66,61.66,61.415,61.5,9969,2020-09-23 19:15:00,TXRH
61.47,61.56,61.37,61.37,8143,2020-09-23 19:20:00,TXRH
61.41,61.41,61.18,61.34,18129,2020-09-23 19:25:00,TXRH
61.32,61.41,61.25,61.395,14546,2020-09-23 19:30:00,TXRH
61.38,61.66,61.36,61.49,19015,2020-09-23 19:35:00,TXRH
61.56,61.73,61.515,61.6,19111,2020-09-23 19:40:00,TXRH
61.6,61.62,61.42,61.44,23742,2020-09-23 19:45:00,TXRH
61.43,61.43,61.09,61.12,41678,2020-09-23 19:50:00,TXRH
61.14,61.27,60.98,60.98,95992,2020-09-23 19:55:00,TXRH
60.985,60.985,60.985,60.985,74985,2020-09-23 20:00:00,TXRH
60.985,60.985,60.985,60.985,10158,2020-09-23 20:25:00,TXRH
60.985,60.985,60.985,60.985,306,2020-09-23 20:30:00,TXRH
60.25,60.37,60.13,60.13,800,2020-09-23 21:25:00,TXRH
60.985,60.985,60.985,60.985,36429,2020-09-23 21:55:00,TXRH
60.01,60.01,60.01,60.01,100,2020-09-24 12:45:00,TXRH
61.1,61.1,60.21,60.52,18814,2020-09-24 13:30:00,TXRH
60.64,60.94,60.57,60.8569,4969,2020-09-24 13:35:00,TXRH
60.96,60.96,60.6325,60.7575,4278,2020-09-24 13:40:00,TXRH
60.7,61.88,60.67,61.88,18264,2020-09-24 13:45:00,TXRH
62.06,62.24,61.96,62.11,17936,2020-09-24 13:50:00,TXRH
62.08,62.16,61.59,61.79,30898,2020-09-24 13:55:00,TXRH
61.76,62.09,61.62,61.62,22050,2020-09-24 14:00:00,TXRH
61.8,62.25,61.78,62.15,6900,2020-09-24 14:05:00,TXRH
62.12,62.27,62.01,62.01,3510,2020-09-24 14:10:00,TXRH
62.16,62.375,61.88,62.35,17340,2020-09-24 14:15:00,TXRH
62.22,62.23,62.0,62.0,1600,2020-09-24 14:20:00,TXRH
61.96,61.99,61.74,61.9,4228,2020-09-24 14:25:00,TXRH
61.93,61.93,61.3311,61.3311,11199,2020-09-24 14:30:00,TXRH
61.43,61.5,61.21,61.2325,7000,2020-09-24 14:35:00,TXRH
61.24,61.42,61.08,61.08,10866,2020-09-24 14:40:00,TXRH
61.16,61.59,61.15,61.585,2600,2020-09-24 14:45:00,TXRH
61.55,61.94,61.53,61.9,6246,2020-09-24 14:50:00,TXRH
61.89,61.955,61.79,61.92,3769,2020-09-24 14:55:00,TXRH
61.92,62.03,61.8,61.8,8050,2020-09-24 15:00:00,TXRH
61.84,61.85,61.6,61.7,6261,2020-09-24 15:05:00,TXRH
61.715,61.88,61.67,61.88,11062,2020-09-24 15:10:00,TXRH
61.895,61.895,61.78,61.78,1548,2020-09-24 15:15:00,TXRH
61.8,62.36,61.8,62.32,5610,2020-09-24 15:20:00,TXRH
62.32,62.35,62.18,62.18,2700,2020-09-24 15:25:00,TXRH
62.18,62.25,62.03,62.12,4973,2020-09-24 15:30:00,TXRH
62.15,62.25,62.0544,62.22,1633,2020-09-24 15:35:00,TXRH
62.225,62.4,62.225,62.28,2726,2020-09-24 15:40:00,TXRH
62.285,62.29,61.89,61.95,7002,2020-09-24 15:45:00,TXRH
61.95,62.0,61.815,61.88,5656,2020-09-24 15:50:00,TXRH
61.905,62.085,61.87,62.08,4531,2020-09-24 15:55:00,TXRH
62.11,62.35,62.09,62.32,4046,2020-09-24 16:00:00,TXRH
62.365,62.505,62.35,62.4,2926,2020-09-24 16:05:00,TXRH
62.4,62.4,62.26,62.29,3075,2020-09-24 16:10:00,TXRH
62.34,62.49,62.2,62.24,4108,2020-09-24 16:15:00,TXRH
62.27,62.335,62.15,62.18,4661,2020-09-24 16:20:00,TXRH
62.2,62.33,62.15,62.16,3091,2020-09-24 16:25:00,TXRH
62.07,62.075,61.78,61.885,3200,2020-09-24 16:30:00,TXRH
61.91,61.95,61.7,61.7,6333,2020-09-24 16:35:00,TXRH
61.66,61.675,61.53,61.66,5000,2020-09-24 16:40:00,TXRH
61.63,61.72,61.53,61.7,7412,2020-09-24 16:45:00,TXRH
61.73,62.0,61.73,61.96,8615,2020-09-24 16:50:00,TXRH
61.98,62.11,61.89,62.07,9775,2020-09-24 16:55:00,TXRH
62.05,62.105,62.01,62.105,7070,2020-09-24 17:00:00,TXRH
62.08,62.13,62.02,62.11,8827,2020-09-24 17:05:00,TXRH
62.13,62.23,62.11,62.21,8686,2020-09-24 17:10:00,TXRH
62.23,62.32,62.19,62.19,6897,2020-09-24 17:15:00,TXRH
62.18,62.34,62.16,62.25,2671,2020-09-24 17:20:00,TXRH
62.27,62.5073,62.27,62.45,16114,2020-09-24 17:25:00,TXRH
62.42,62.56,62.39,62.51,8087,2020-09-24 17:30:00,TXRH
62.5,62.5,62.3,62.43,4480,2020-09-24 17:35:00,TXRH
62.51,62.61,62.48,62.55,6149,2020-09-24 17:40:00,TXRH
62.55,62.6,62.4,62.4,2200,2020-09-24 17:45:00,TXRH
62.45,62.49,62.37,62.41,4346,2020-09-24 17:50:00,TXRH
62.35,62.46,62.32,62.35,14217,2020-09-24 17:55:00,TXRH
62.35,62.455,62.32,62.455,9289,2020-09-24 18:00:00,TXRH
62.49,62.49,62.411,62.44,1839,2020-09-24 18:05:00,TXRH
62.44,62.47,62.35,62.45,2800,2020-09-24 18:10:00,TXRH
62.455,62.5,62.18,62.2,18541,2020-09-24 18:15:00,TXRH
62.18,62.19,61.77,61.89,9418,2020-09-24 18:20:00,TXRH
61.93,62.1,61.89,62.1,3001,2020-09-24 18:25:00,TXRH
62.095,62.19,62.095,62.14,3745,2020-09-24 18:30:00,TXRH
62.06,62.08,61.87,61.98,4600,2020-09-24 18:35:00,TXRH
62.01,62.1,61.98,62.03,6076,2020-09-24 18:40:00,TXRH
62.04,62.06,61.75,61.75,7806,2020-09-24 18:45:00,TXRH
61.75,61.83,61.55,61.645,5641,2020-09-24 18:50:00,TXRH
61.62,61.66,61.345,61.345,8458,2020-09-24 18:55:00,TXRH
61.38,61.515,61.37,61.395,9079,2020-09-24 19:00:00,TXRH
61.38,61.52,61.38,61.48,7502,2020-09-24 19:05:00,TXRH
61.47,61.54,61.375,61.54,11549,2020-09-24 19:10:00,TXRH
61.51,61.54,61.33,61.34,6922,2020-09-24 19:15:00,TXRH
61.23,61.29,61.05,61.12,10431,2020-09-24 19:20:00,TXRH
61.09,61.13,60.94,61.095,13036,2020-09-24 19:25:00,TXRH
61.08,61.11,60.9,61.05,12698,2020-09-24 19:30:00,TXRH
61.07,61.15,60.83,61.13,11258,2020-09-24 19:35:00,TXRH
61.11,61.16,60.95,60.95,19637,2020-09-24 19:40:00,TXRH
60.91,61.15,60.81,60.81,25033,2020-09-24 19:45:00,TXRH
60.87,60.96,60.72,60.89,50033,2020-09-24 19:50:00,TXRH
60.91,61.04,60.9,60.98,42282,2020-09-24 19:55:00,TXRH
60.97,60.97,60.97,60.97,326803,2020-09-24 20:00:00,TXRH
60.97,60.97,60.97,60.97,17646,2020-09-24 20:35:00,TXRH
60.93,61.7885,60.66,61.095,10091,2020-09-25 13:30:00,TXRH
61.03,61.12,60.57,60.72,3700,2020-09-25 13:35:00,TXRH
60.835,60.835,60.26,60.34,4680,2020-09-25 13:40:00,TXRH
60.41,60.69,60.24,60.69,3065,2020-09-25 13:45:00,TXRH
60.56,60.66,60.4,60.66,2000,2020-09-25 13:50:00,TXRH
60.66,60.67,60.47,60.62,2612,2020-09-25 13:55:00,TXRH
60.61,60.92,60.6,60.75,7427,2020-09-25 14:00:00,TXRH
60.82,60.82,60.5,60.62,7044,2020-09-25 14:05:00,TXRH
60.59,60.62,60.4001,60.56,2000,2020-09-25 14:10:00,TXRH
60.64,61.0,60.64,60.935,20149,2020-09-25 14:15:00,TXRH
60.935,60.99,60.83,60.84,9822,2020-09-25 14:20:00,TXRH
60.83,60.935,60.82,60.9,2611,2020-09-25 14:25:00,TXRH
60.93,60.94,60.78,60.86,4723,2020-09-25 14:30:00,TXRH
60.8,60.93,60.72,60.88,7401,2020-09-25 14:35:00,TXRH
60.91,60.925,60.755,60.83,7779,2020-09-25 14:40:00,TXRH
60.85,60.98,60.76,60.875,4200,2020-09-25 14:45:00,TXRH
60.86,60.95,60.82,60.93,5408,2020-09-25 14:50:00,TXRH
60.92,60.92,60.81,60.895,1500,2020-09-25 14:55:00,TXRH
60.89,60.96,60.5,60.54,3264,2020-09-25 15:00:00,TXRH
60.53,60.75,60.53,60.75,3889,2020-09-25 15:05:00,TXRH
60.695,60.92,60.695,60.87,2604,2020-09-25 15:10:00,TXRH
60.87,60.925,60.83,60.925,7234,2020-09-25 15:15:00,TXRH
60.93,60.9325,60.86,60.87,2122,2020-09-25 15:20:00,TXRH
60.84,60.905,60.8,60.81,3424,2020-09-25 15:25:00,TXRH
60.8,60.835,60.785,60.82,1500,2020-09-25 15:30:00,TXRH
60.68,60.7,60.66,60.69,2095,2020-09-25 15:35:00,TXRH
60.7,60.705,60.53,60.53,2160,2020-09-25 15:40:00,TXRH
60.51,60.525,60.36,60.38,3383,2020-09-25 15:45:00,TXRH
60.35,60.36,60.17,60.17,3817,2020-09-25 15:50:00,TXRH
60.17,60.19,60.1,60.17,4341,2020-09-25 15:55:00,TXRH
60.16,60.26,60.15,60.26,2783,2020-09-25 16:00:00,TXRH
60.2396,60.25,60.15,60.24,1697,2020-09-25 16:05:00,TXRH
60.23,60.23,60.13,60.17,1852,2020-09-25 16:10:00,TXRH
60.12,60.165,60.08,60.11,1506,2020-09-25 16:15:00,TXRH
60.05,60.17,60.02,60.12,3043,2020-09-25 16:20:00,TXRH
60.18,60.2,60.09,60.19,1825,2020-09-25 16:25:00,TXRH
60.19,60.245,60.03,60.11,5328,2020-09-25 16:30:00,TXRH
60.1,60.215,60.03,60.215,1599,2020-09-25 16:35:00,TXRH
60.28,60.28,60.22,60.23,1128,2020-09-25 16:40:00,TXRH
60.185,60.23,60.14,60.16,1047,2020-09-25 16:45:00,TXRH
60.16,60.16,60.1,60.13,735,2020-09-25 16:50:00,TXRH
60.19,60.29,60.19,60.29,2093,2020-09-25 16:55:00,TXRH
60.27,60.32,60.13,60.13,4892,2020-09-25 17:00:00,TXRH
60.12,60.17,60.11,60.12,1300,2020-09-25 17:05:00,TXRH
60.05,60.18,60.04,60.155,2646,2020-09-25 17:10:00,TXRH
60.14,60.17,60.14,60.16,728,2020-09-25 17:15:00,TXRH
60.25,60.31,60.11,60.11,3037,2020-09-25 17:20:00,TXRH
60.14,60.14,60.07,60.11,900,2020-09-25 17:25:00,TXRH
60.145,60.17,60.05,60.07,1853,2020-09-25 17:30:00,TXRH
60.06,60.1,60.055,60.1,962,2020-09-25 17:35:00,TXRH
60.065,60.11,60.0,60.09,8573,2020-09-25 17:40:00,TXRH
60.071,60.22,60.071,60.13,4030,2020-09-25 17:45:00,TXRH
60.14,60.3,60.13,60.3,4340,2020-09-25 17:50:00,TXRH
60.3,60.31,60.26,60.31,1897,2020-09-25 17:55:00,TXRH
60.37,60.47,60.37,60.47,1429,2020-09-25 18:00:00,TXRH
60.49,60.49,60.33,60.37,2507,2020-09-25 18:05:00,TXRH
60.38,60.4,60.32,60.32,2861,2020-09-25 18:10:00,TXRH
60.295,60.42,60.295,60.32,4348,2020-09-25 18:15:00,TXRH
60.31,60.31,60.19,60.28,2686,2020-09-25 18:20:00,TXRH
60.24,60.3,60.15,60.28,6497,2020-09-25 18:25:00,TXRH
60.28,60.31,60.1,60.18,8322,2020-09-25 18:30:00,TXRH
60.2,60.26,60.14,60.26,3099,2020-09-25 18:35:00,TXRH
60.22,60.25,60.07,60.145,5628,2020-09-25 18:40:00,TXRH
60.14,60.21,60.13,60.15,5895,2020-09-25 18:45:00,TXRH
60.14,60.23,60.13,60.21,7774,2020-09-25 18:50:00,TXRH
60.21,60.22,60.11,60.12,7840,2020-09-25 18:55:00,TXRH
60.13,60.19,60.1,60.17,12323,2020-09-25 19:00:00,TXRH
60.17,60.18,60.05,60.09,7689,2020-09-25 19:05:00,TXRH
60.09,60.18,60.02,60.02,10098,2020-09-25 19:10:00,TXRH
60.02,60.23,60.02,60.215,11059,2020-09-25 19:15:00,TXRH
60.235,60.285,60.2,60.2,11813,2020-09-25 19:20:00,TXRH
60.19,60.19,60.09,60.15,15454,2020-09-25 19:25:00,TXRH
60.145,60.19,59.92,59.96,19504,2020-09-25 19:30:00,TXRH
59.97,60.03,59.84,59.84,16612,2020-09-25 19:35:00,TXRH
59.84,59.89,59.81,59.84,21905,2020-09-25 19:40:00,TXRH
59.83,59.945,59.8,59.94,25424,2020-09-25 19:45:00,TXRH
59.92,59.92,59.7,59.85,44676,2020-09-25 19:50:00,TXRH
59.83,60.02,59.78,60.0,60699,2020-09-25 19:55:00,TXRH
60.0,60.0,60.0,60.0,51621,2020-09-25 20:00:00,TXRH
60.0,60.0,60.0,60.0,852,2020-09-25 21:35:00,TXRH
61.12,61.21,60.73,60.81,11797,2020-09-28 13:30:00,TXRH
60.8,60.92,60.62,60.72,6420,2020-09-28 13:35:00,TXRH
60.75,60.855,60.63,60.63,500,2020-09-28 13:40:00,TXRH
60.46,60.61,60.46,60.52,1300,2020-09-28 13:45:00,TXRH
60.44,60.49,60.24,60.24,2600,2020-09-28 13:50:00,TXRH
60.32,60.32,60.175,60.225,2245,2020-09-28 13:55:00,TXRH
60.28,60.44,60.26,60.42,4004,2020-09-28 14:00:00,TXRH
60.53,60.71,60.47,60.61,2800,2020-09-28 14:05:00,TXRH
60.545,60.545,60.39,60.49,2644,2020-09-28 14:10:00,TXRH
60.45,60.62,60.443,60.6,4293,2020-09-28 14:15:00,TXRH
60.64,60.88,60.62,60.87,10257,2020-09-28 14:20:00,TXRH
60.87,60.88,60.7,60.7,7370,2020-09-28 14:25:00,TXRH
60.7,60.83,60.64,60.79,5254,2020-09-28 14:30:00,TXRH
60.83,60.83,60.7,60.73,3301,2020-09-28 14:35:00,TXRH
60.71,60.765,60.63,60.675,4000,2020-09-28 14:40:00,TXRH
60.675,60.97,60.54,60.93,4780,2020-09-28 14:45:00,TXRH
61.03,61.03,60.78,60.78,900,2020-09-28 14:50:00,TXRH
60.835,60.84,60.76,60.84,7778,2020-09-28 14:55:00,TXRH
60.84,61.14,60.83,60.96,5758,2020-09-28 15:00:00,TXRH
60.96,61.15,60.96,61.15,3617,2020-09-28 15:05:00,TXRH
61.13,61.145,61.04,61.11,2765,2020-09-28 15:10:00,TXRH
61.1,61.24,61.0628,61.14,7413,2020-09-28 15:15:00,TXRH
61.1,61.19,61.1,61.19,3500,2020-09-28 15:20:00,TXRH
61.19,61.26,61.14,61.24,2600,2020-09-28 15:25:00,TXRH
61.25,61.31,61.2075,61.31,2245,2020-09-28 15:30:00,TXRH
61.26,61.465,61.26,61.465,3366,2020-09-28 15:35:00,TXRH
61.465,61.465,61.32,61.44,7746,2020-09-28 15:40:00,TXRH
61.44,61.44,61.37,61.38,2600,2020-09-28 15:45:00,TXRH
61.34,61.5,61.3297,61.5,1655,2020-09-28 15:50:00,TXRH
61.54,61.56,61.49,61.49,2072,2020-09-28 15:55:00,TXRH
61.54,61.54,61.36,61.44,4507,2020-09-28 16:00:00,TXRH
61.42,61.595,61.33,61.595,2300,2020-09-28 16:05:00,TXRH
61.6,61.63,61.53,61.63,4228,2020-09-28 16:10:00,TXRH
61.62,61.63,61.37,61.385,3259,2020-09-28 16:15:00,TXRH
61.43,61.52,61.43,61.49,3137,2020-09-28 16:20:00,TXRH
61.5,61.66,61.5,61.535,3541,2020-09-28 16:25:00,TXRH
61.64,61.65,61.59,61.59,750,2020-09-28 16:30:00,TXRH
61.61,61.66,61.61,61.66,905,2020-09-28 16:35:00,TXRH
61.67,61.73,61.635,61.66,2038,2020-09-28 16:40:00,TXRH
61.65,61.67,61.62,61.625,718,2020-09-28 16:45:00,TXRH
61.61,61.7,61.61,61.67,2106,2020-09-28 16:50:00,TXRH
61.68,61.74,61.68,61.7,1415,2020-09-28 16:55:00,TXRH
61.73,61.73,61.5,61.56,2033,2020-09-28 17:00:00,TXRH
61.55,61.62,61.52,61.62,1900,2020-09-28 17:05:00,TXRH
61.65,61.68,61.6,61.62,2756,2020-09-28 17:10:00,TXRH
61.65,61.73,61.64,61.65,2360,2020-09-28 17:15:00,TXRH
61.71,61.73,61.68,61.73,1223,2020-09-28 17:20:00,TXRH
61.705,61.71,61.67,61.71,2402,2020-09-28 17:25:00,TXRH
61.7,61.815,61.65,61.72,2624,2020-09-28 17:30:00,TXRH
61.74,61.74,61.63,61.64,1800,2020-09-28 17:35:00,TXRH
61.66,61.69,61.55,61.55,3066,2020-09-28 17:40:00,TXRH
61.53,61.545,61.45,61.5441,2494,2020-09-28 17:45:00,TXRH
61.55,61.56,61.44,61.44,1860,2020-09-28 17:50:00,TXRH
61.52,61.555,61.5,61.54,1600,2020-09-28 17:55:00,TXRH
61.51,61.51,61.44,61.46,2734,2020-09-28 18:00:00,TXRH
61.52,61.57,61.515,61.53,3106,2020-09-28 18:05:00,TXRH
61.54,61.64,61.51,61.64,2502,2020-09-28 18:10:00,TXRH
61.71,61.81,61.66,61.76,3818,2020-09-28 18:15:00,TXRH
61.7957,61.7957,61.52,61.52,2850,2020-09-28 18:20:00,TXRH
61.52,61.62,61.51,61.58,2825,2020-09-28 18:25:00,TXRH
61.58,61.745,61.58,61.745,2613,2020-09-28 18:30:00,TXRH
61.71,61.76,61.64,61.75,2513,2020-09-28 18:35:00,TXRH
61.76,61.81,61.72,61.78,4951,2020-09-28 18:40:00,TXRH
61.79,61.91,61.79,61.89,4869,2020-09-28 18:45:00,TXRH
61.89,61.9,61.84,61.85,3087,2020-09-28 18:50:00,TXRH
61.88,61.9,61.805,61.84,5300,2020-09-28 18:55:00,TXRH
61.8302,61.86,61.76,61.84,3121,2020-09-28 19:00:00,TXRH
61.84,61.93,61.82,61.83,4966,2020-09-28 19:05:00,TXRH
61.82,61.83,61.78,61.81,3072,2020-09-28 19:10:00,TXRH
61.81,61.89,61.78,61.87,4530,2020-09-28 19:15:00,TXRH
61.87,61.93,61.85,61.85,4138,2020-09-28 19:20:00,TXRH
61.88,62.01,61.88,61.96,4024,2020-09-28 19:25:00,TXRH
61.96,61.96,61.77,61.82,8650,2020-09-28 19:30:00,TXRH
61.815,61.915,61.79,61.87,5945,2020-09-28 19:35:00,TXRH
61.85,62.01,61.85,62.005,7434,2020-09-28 19:40:00,TXRH
62.01,62.03,61.89,61.92,11680,2020-09-28 19:45:00,TXRH
61.87,62.01,61.84,61.89,27201,2020-09-28 19:50:00,TXRH
61.9,62.01,61.86,61.93,42365,2020-09-28 19:55:00,TXRH
62.01,62.01,62.01,62.01,87970,2020-09-28 20:00:00,TXRH
62.02,62.02,61.27,61.79,4272,2020-09-29 13:30:00,TXRH
61.79,62.03,61.76,61.94,600,2020-09-29 13:35:00,TXRH
61.8,61.8,61.13,61.13,2124,2020-09-29 13:40:00,TXRH
61.14,61.32,61.03,61.04,2500,2020-09-29 13:45:00,TXRH
61.15,61.15,60.78,60.8,2700,2020-09-29 13:50:00,TXRH
60.935,61.05,60.77,60.92,2480,2020-09-29 13:55:00,TXRH
60.99,61.11,60.9,61.11,2349,2020-09-29 14:00:00,TXRH
61.17,61.33,61.06,61.1,4145,2020-09-29 14:05:00,TXRH
61.07,61.18,60.99,61.02,5127,2020-09-29 14:10:00,TXRH
61.07,61.13,61.0,61.07,6100,2020-09-29 14:15:00,TXRH
61.09,61.23,61.09,61.125,5600,2020-09-29 14:20:00,TXRH
61.125,61.17,60.885,60.885,6013,2020-09-29 14:25:00,TXRH
60.91,60.97,60.65,60.655,6800,2020-09-29 14:30:00,TXRH
60.68,60.75,60.45,60.45,34606,2020-09-29 14:35:00,TXRH
60.51,60.58,60.4,60.4,6425,2020-09-29 14:40:00,TXRH
60.43,60.47,60.24,60.39,6499,2020-09-29 14:45:00,TXRH
60.39,60.395,60.15,60.205,3605,2020-09-29 14:50:00,TXRH
60.205,60.23,59.92,59.92,10534,2020-09-29 14:55:00,TXRH
59.95,59.98,59.86,59.97,6250,2020-09-29 15:00:00,TXRH
60.03,60.12,60.01,60.02,5250,2020-09-29 15:05:00,TXRH
60.06,60.1,60.01,60.1,4309,2020-09-29 15:10:00,TXRH
60.08,60.32,60.08,60.31,20411,2020-09-29 15:15:00,TXRH
60.33,60.44,60.32,60.37,3394,2020-09-29 15:20:00,TXRH
60.36,60.36,60.17,60.19,2200,2020-09-29 15:25:00,TXRH
60.16,60.17,60.08,60.13,3732,2020-09-29 15:30:00,TXRH
60.14,60.19,60.13,60.17,3304,2020-09-29 15:35:00,TXRH
60.15,60.165,59.94,59.9665,4835,2020-09-29 15:40:00,TXRH
59.94,59.99,59.71,59.7314,2551,2020-09-29 15:45:00,TXRH
59.79,59.88,59.6,59.88,8644,2020-09-29 15:50:00,TXRH
59.85,60.0,59.85,59.9508,2861,2020-09-29 15:55:00,TXRH
59.99,60.05,59.97,59.97,3137,2020-09-29 16:00:00,TXRH
60.0,60.09,59.93,60.09,2613,2020-09-29 16:05:00,TXRH
60.07,60.18,60.07,60.17,1760,2020-09-29 16:10:00,TXRH
60.16,60.23,60.08,60.19,3049,2020-09-29 16:15:00,TXRH
60.21,60.26,60.085,60.1,2200,2020-09-29 16:20:00,TXRH
60.12,60.23,60.1,60.135,3773,2020-09-29 16:25:00,TXRH
60.15,60.19,60.11,60.12,3421,2020-09-29 16:30:00,TXRH
60.12,60.215,60.1,60.19,3418,2020-09-29 16:35:00,TXRH
60.17,60.19,60.12,60.13,4091,2020-09-29 16:40:00,TXRH
60.125,60.17,60.05,60.17,4690,2020-09-29 16:45:00,TXRH
60.205,60.35,60.2,60.26,2498,2020-09-29 16:50:00,TXRH
60.28,60.28,60.19,60.265,3572,2020-09-29 16:55:00,TXRH
60.29,60.295,60.17,60.175,2200,2020-09-29 17:00:00,TXRH
60.15,60.17,60.0,60.0,7032,2020-09-29 17:05:00,TXRH
60.025,60.025,59.92,59.95,1480,2020-09-29 17:10:00,TXRH
59.93,60.09,59.93,60.07,3057,2020-09-29 17:15:00,TXRH
60.1,60.14,60.05,60.13,1720,2020-09-29 17:20:00,TXRH
60.14,60.1967,60.1,60.19,2140,2020-09-29 17:25:00,TXRH
60.17,60.1875,60.11,60.1875,1900,2020-09-29 17:30:00,TXRH
60.21,60.36,60.21,60.23,2392,2020-09-29 17:35:00,TXRH
60.23,60.26,60.21,60.22,1008,2020-09-29 17:40:00,TXRH
60.235,60.235,60.17,60.2,2111,2020-09-29 17:45:00,TXRH
60.22,60.39,60.22,60.39,1942,2020-09-29 17:50:00,TXRH
60.395,60.395,60.31,60.31,3292,2020-09-29 17:55:00,TXRH
60.32,60.355,60.27,60.355,2900,2020-09-29 18:00:00,TXRH
60.33,60.34,60.3,60.3,1200,2020-09-29 18:05:00,TXRH
60.31,60.34,60.17,60.17,3473,2020-09-29 18:10:00,TXRH
60.18,60.335,60.18,60.335,2807,2020-09-29 18:15:00,TXRH
60.325,60.42,60.32,60.42,862,2020-09-29 18:20:00,TXRH
60.52,60.59,60.49,60.55,2793,2020-09-29 18:25:00,TXRH
60.56,60.6,60.56,60.57,1899,2020-09-29 18:30:00,TXRH
60.54,60.59,60.54,60.56,812,2020-09-29 18:35:00,TXRH
60.54,60.54,60.47,60.52,1800,2020-09-29 18:40:00,TXRH
60.53,60.54,60.51,60.52,2300,2020-09-29 18:45:00,TXRH
60.5,60.58,60.48,60.48,3527,2020-09-29 18:50:00,TXRH
60.5,60.5,60.44,60.44,1800,2020-09-29 18:55:00,TXRH
60.46,60.52,60.4,60.49,2184,2020-09-29 19:00:00,TXRH
60.46,60.495,60.42,60.47,3265,2020-09-29 19:05:00,TXRH
60.48,60.52,60.435,60.47,6436,2020-09-29 19:10:00,TXRH
60.47,60.63,60.46,60.6,3749,2020-09-29 19:15:00,TXRH
60.59,60.59,60.42,60.49,2979,2020-09-29 19:20:00,TXRH
60.49,60.5,60.41,60.44,2983,2020-09-29 19:25:00,TXRH
60.435,60.47,60.42,60.42,6916,2020-09-29 19:30:00,TXRH
60.43,60.475,60.305,60.33,5639,2020-09-29 19:35:00,TXRH
60.31,60.36,60.31,60.34,4291,2020-09-29 19:40:00,TXRH
60.33,60.455,60.33,60.39,7100,2020-09-29 19:45:00,TXRH
60.37,60.43,60.305,60.36,12508,2020-09-29 19:50:00,TXRH
60.375,60.38,60.29,60.3,22161,2020-09-29 19:55:00,TXRH
60.32,60.32,60.32,60.32,31342,2020-09-29 20:00:00,TXRH
60.66,61.02,60.66,61.02,7005,2020-09-30 13:30:00,TXRH
61.02,61.31,60.89,61.19,5800,2020-09-30 13:35:00,TXRH
61.22,61.24,61.08,61.15,3965,2020-09-30 13:40:00,TXRH
61.065,61.36,60.7801,61.33,8016,2020-09-30 13:45:00,TXRH
61.37,61.61,61.36,61.425,8264,2020-09-30 13:50:00,TXRH
61.42,61.55,61.375,61.375,4706,2020-09-30 13:55:00,TXRH
61.35,61.65,61.29,61.57,5610,2020-09-30 14:00:00,TXRH
61.545,61.545,61.34,61.48,15682,2020-09-30 14:05:00,TXRH
61.54,61.68,61.47,61.47,4495,2020-09-30 14:10:00,TXRH
61.46,61.58,61.39,61.435,6369,2020-09-30 14:15:00,TXRH
61.46,61.5,61.35,61.44,4630,2020-09-30 14:20:00,TXRH
61.45,61.665,61.38,61.66,4800,2020-09-30 14:25:00,TXRH
61.7,61.855,61.65,61.8375,5290,2020-09-30 14:30:00,TXRH
61.83,61.91,61.8,61.85,5783,2020-09-30 14:35:00,TXRH
61.9,62.26,61.87,62.25,9326,2020-09-30 14:40:00,TXRH
62.22,62.22,61.83,61.83,5856,2020-09-30 14:45:00,TXRH
61.82,62.0,61.82,62.0,10108,2020-09-30 14:50:00,TXRH
62.07,62.075,61.83,61.83,4979,2020-09-30 14:55:00,TXRH
61.79,61.79,61.41,61.46,4715,2020-09-30 15:00:00,TXRH
61.425,61.6023,61.425,61.435,15423,2020-09-30 15:05:00,TXRH
61.42,61.545,61.42,61.44,3724,2020-09-30 15:10:00,TXRH
61.41,61.53,61.34,61.52,6961,2020-09-30 15:15:00,TXRH
61.52,61.52,61.325,61.41,3873,2020-09-30 15:20:00,TXRH
61.42,61.71,61.42,61.65,5600,2020-09-30 15:25:00,TXRH
61.68,61.73,61.57,61.58,4500,2020-09-30 15:30:00,TXRH
61.55,61.64,61.5,61.5,3016,2020-09-30 15:35:00,TXRH
61.54,61.54,61.37,61.37,2800,2020-09-30 15:40:00,TXRH
61.42,61.49,61.41,61.49,2485,2020-09-30 15:45:00,TXRH
61.48,61.5453,61.37,61.37,4443,2020-09-30 15:50:00,TXRH
61.375,61.375,61.3,61.305,2195,2020-09-30 15:55:00,TXRH
61.295,61.45,61.295,61.44,2950,2020-09-30 16:00:00,TXRH
61.44,61.47,61.35,61.35,3775,2020-09-30 16:05:00,TXRH
61.37,61.49,61.36,61.47,2848,2020-09-30 16:10:00,TXRH
61.46,61.69,61.46,61.64,2979,2020-09-30 16:15:00,TXRH
61.64,61.77,61.64,61.7,2573,2020-09-30 16:20:00,TXRH
61.7,61.73,61.61,61.61,7786,2020-09-30 16:25:00,TXRH
61.54,61.67,61.53,61.53,2386,2020-09-30 16:30:00,TXRH
61.53,61.53,61.36,61.41,4430,2020-09-30 16:35:00,TXRH
61.4,61.424,61.34,61.37,1974,2020-09-30 16:40:00,TXRH
61.37,61.57,61.365,61.51,6083,2020-09-30 16:45:00,TXRH
61.525,61.585,61.5,61.5,2453,2020-09-30 16:50:00,TXRH
61.52,61.607,61.46,61.607,2000,2020-09-30 16:55:00,TXRH
61.56,61.58,61.36,61.365,4600,2020-09-30 17:00:00,TXRH
61.36,61.38,61.245,61.25,3857,2020-09-30 17:05:00,TXRH
61.28,61.42,61.28,61.38,4796,2020-09-30 17:10:00,TXRH
61.39,61.52,61.345,61.5,3909,2020-09-30 17:15:00,TXRH
61.53,61.56,61.42,61.46,2800,2020-09-30 17:20:00,TXRH
61.48,61.52,61.455,61.52,2600,2020-09-30 17:25:00,TXRH
61.54,61.55,61.48,61.545,1570,2020-09-30 17:30:00,TXRH
61.58,61.58,61.51,61.51,2700,2020-09-30 17:35:00,TXRH
61.495,61.5211,61.46,61.48,2734,2020-09-30 17:40:00,TXRH
61.43,61.49,61.41,61.49,2784,2020-09-30 17:45:00,TXRH
61.49,61.54,61.49,61.51,2403,2020-09-30 17:50:00,TXRH
61.5,61.51,61.42,61.42,1608,2020-09-30 17:55:00,TXRH
61.44,61.565,61.4325,61.51,4193,2020-09-30 18:00:00,TXRH
61.49,61.67,61.45,61.67,2968,2020-09-30 18:05:00,TXRH
61.67,61.67,61.53,61.54,1900,2020-09-30 18:10:00,TXRH
61.53,61.53,61.46,61.48,2503,2020-09-30 18:15:00,TXRH
61.5,61.57,61.325,61.33,7143,2020-09-30 18:20:00,TXRH
61.31,61.38,61.19,61.33,8914,2020-09-30 18:25:00,TXRH
61.32,61.44,61.29,61.36,11281,2020-09-30 18:30:00,TXRH
61.345,61.42,61.33,61.37,9667,2020-09-30 18:35:00,TXRH
61.36,61.4,61.21,61.33,25293,2020-09-30 18:40:00,TXRH
61.26,61.29,60.77,60.77,5205,2020-09-30 18:45:00,TXRH
60.79,60.82,60.69,60.73,5287,2020-09-30 18:50:00,TXRH
60.735,61.05,60.72,61.035,5644,2020-09-30 18:55:00,TXRH
61.03,61.16,60.84,60.86,5922,2020-09-30 19:00:00,TXRH
60.89,61.015,60.84,61.015,3948,2020-09-30 19:05:00,TXRH
61.05,61.05,60.75,60.76,9630,2020-09-30 19:10:00,TXRH
60.67,60.765,60.58,60.605,6913,2020-09-30 19:15:00,TXRH
60.55,60.61,60.465,60.58,7628,2020-09-30 19:20:00,TXRH
60.55,60.76,60.47,60.74,6828,2020-09-30 19:25:00,TXRH
60.71,60.71,60.5,60.6075,12432,2020-09-30 19:30:00,TXRH
60.6,60.63,60.5,60.53,9651,2020-09-30 19:35:00,TXRH
60.51,60.74,60.48,60.715,11266,2020-09-30 19:40:00,TXRH
60.69,61.01,60.68,60.96,20607,2020-09-30 19:45:00,TXRH
60.97,61.03,60.86,60.99,40268,2020-09-30 19:50:00,TXRH
60.98,61.01,60.78,60.8,67025,2020-09-30 19:55:00,TXRH
60.79,60.79,60.79,60.79,187585,2020-09-30 20:00:00,TXRH
61.39,61.89,61.11,61.83,12117,2020-10-01 13:30:00,TXRH
61.68,62.13,61.61,62.1,8695,2020-10-01 13:35:00,TXRH
62.15,62.52,62.0776,62.49,11618,2020-10-01 13:40:00,TXRH
62.53,62.58,62.22,62.22,6426,2020-10-01 13:45:00,TXRH
62.24,62.45,62.22,62.34,11135,2020-10-01 13:50:00,TXRH
62.4,62.55,62.02,62.245,10000,2020-10-01 13:55:00,TXRH
62.21,62.55,62.09,62.52,8340,2020-10-01 14:00:00,TXRH
62.42,62.48,62.2424,62.41,11900,2020-10-01 14:05:00,TXRH
62.345,62.66,62.34,62.54,10065,2020-10-01 14:10:00,TXRH
62.56,62.64,62.43,62.45,8385,2020-10-01 14:15:00,TXRH
62.4,62.66,62.4,62.61,6000,2020-10-01 14:20:00,TXRH
62.55,62.63,62.4,62.63,5407,2020-10-01 14:25:00,TXRH
62.61,62.795,62.55,62.795,11127,2020-10-01 14:30:00,TXRH
62.78,62.87,62.64,62.64,8641,2020-10-01 14:35:00,TXRH
62.67,62.84,62.66,62.82,12556,2020-10-01 14:40:00,TXRH
62.79,62.84,62.7,62.72,4400,2020-10-01 14:45:00,TXRH
62.74,62.83,62.68,62.8,8675,2020-10-01 14:50:00,TXRH
62.78,62.79,62.64,62.79,3983,2020-10-01 14:55:00,TXRH
62.85,62.94,62.72,62.92,11851,2020-10-01 15:00:00,TXRH
62.9,62.9,62.67,62.68,5671,2020-10-01 15:05:00,TXRH
62.63,62.705,62.52,62.66,5409,2020-10-01 15:10:00,TXRH
62.69,62.82,62.65,62.74,6340,2020-10-01 15:15:00,TXRH
62.75,62.83,62.69,62.8,4218,2020-10-01 15:20:00,TXRH
62.83,62.83,62.7,62.785,5138,2020-10-01 15:25:00,TXRH
62.8,63.08,62.78,63.08,15253,2020-10-01 15:30:00,TXRH
63.05,63.06,62.89,62.93,5251,2020-10-01 15:35:00,TXRH
62.9,62.93,62.85,62.91,2200,2020-10-01 15:40:00,TXRH
62.86,62.9,62.72,62.73,4233,2020-10-01 15:45:00,TXRH
62.67,62.71,62.585,62.7,6000,2020-10-01 15:50:00,TXRH
62.69,62.89,62.69,62.885,3300,2020-10-01 15:55:00,TXRH
62.9,62.92,62.755,62.85,4734,2020-10-01 16:00:00,TXRH
62.83,62.89,62.69,62.69,4600,2020-10-01 16:05:00,TXRH
62.61,62.69,62.6,62.6,300,2020-10-01 16:10:00,TXRH
62.67,62.85,62.59,62.79,7600,2020-10-01 16:15:00,TXRH
62.82,63.02,62.82,63.02,6503,2020-10-01 16:20:00,TXRH
63.0,63.06,62.94,63.01,4590,2020-10-01 16:25:00,TXRH
63.05,63.12,63.03,63.035,3372,2020-10-01 16:30:00,TXRH
63.02,63.05,62.96,63.04,2340,2020-10-01 16:35:00,TXRH
63.01,63.2,62.99,63.18,7250,2020-10-01 16:40:00,TXRH
63.22,63.28,63.16,63.28,5461,2020-10-01 16:45:00,TXRH
63.3,63.37,63.27,63.32,4031,2020-10-01 16:50:00,TXRH
63.355,63.355,63.175,63.18,3100,2020-10-01 16:55:00,TXRH
63.295,63.36,63.24,63.36,2500,2020-10-01 17:00:00,TXRH
63.36,63.5,63.355,63.47,2451,2020-10-01 17:05:00,TXRH
63.5,63.51,63.36,63.36,6474,2020-10-01 17:10:00,TXRH
63.34,63.345,63.19,63.225,2344,2020-10-01 17:15:00,TXRH
63.26,63.4,63.26,63.365,4874,2020-10-01 17:20:00,TXRH
63.39,63.4,63.27,63.375,6025,2020-10-01 17:25:00,TXRH
63.4,63.49,63.34,63.46,4601,2020-10-01 17:30:00,TXRH
63.5,63.56,63.32,63.34,7630,2020-10-01 17:35:00,TXRH
63.39,63.45,63.35,63.43,4099,2020-10-01 17:40:00,TXRH
63.43,63.45,63.37,63.4,5820,2020-10-01 17:45:00,TXRH
63.37,63.45,63.29,63.45,2700,2020-10-01 17:50:00,TXRH
63.42,63.52,63.29,63.41,8123,2020-10-01 17:55:00,TXRH
63.43,63.48,63.015,63.25,7560,2020-10-01 18:00:00,TXRH
63.27,63.3,62.96,62.96,6531,2020-10-01 18:05:00,TXRH
63.04,63.14,62.94,63.07,4527,2020-10-01 18:10:00,TXRH
63.07,63.2,62.9924,63.2,10527,2020-10-01 18:15:00,TXRH
63.19,63.42,63.18,63.38,14941,2020-10-01 18:20:00,TXRH
63.44,63.6,63.44,63.535,4911,2020-10-01 18:25:00,TXRH
63.535,63.79,63.535,63.71,6292,2020-10-01 18:30:00,TXRH
63.71,63.81,63.7,63.77,6072,2020-10-01 18:35:00,TXRH
63.79,63.8,63.71,63.73,6910,2020-10-01 18:40:00,TXRH
63.69,63.77,63.59,63.72,6800,2020-10-01 18:45:00,TXRH
63.72,63.86,63.7,63.745,4638,2020-10-01 18:50:00,TXRH
63.78,63.84,63.75,63.8115,4000,2020-10-01 18:55:00,TXRH
63.82,63.9,63.78,63.83,9900,2020-10-01 19:00:00,TXRH
63.82,63.83,63.73,63.83,3774,2020-10-01 19:05:00,TXRH
63.83,64.03,63.79,63.79,9800,2020-10-01 19:10:00,TXRH
63.83,63.86,63.73,63.78,5715,2020-10-01 19:15:00,TXRH
63.78,63.8,63.63,63.68,8497,2020-10-01 19:20:00,TXRH
63.675,63.8,63.61,63.76,10788,2020-10-01 19:25:00,TXRH
63.76,63.98,63.76,63.88,17418,2020-10-01 19:30:00,TXRH
63.94,63.99,63.83,63.94,12296,2020-10-01 19:35:00,TXRH
63.92,63.96,63.73,63.745,11254,2020-10-01 19:40:00,TXRH
63.74,63.76,63.62,63.69,14561,2020-10-01 19:45:00,TXRH
63.72,63.745,63.56,63.72,22065,2020-10-01 19:50:00,TXRH
63.72,64.01,63.66,64.01,69954,2020-10-01 19:55:00,TXRH
64.0,64.0,63.99,63.99,73013,2020-10-01 20:00:00,TXRH
62.45,63.0,61.96,62.83,30898,2020-10-02 13:30:00,TXRH
62.835,63.81,62.77,63.81,34365,2020-10-02 13:35:00,TXRH
63.72,63.72,63.28,63.51,4733,2020-10-02 13:40:00,TXRH
63.45,63.61,63.03,63.03,6600,2020-10-02 13:45:00,TXRH
63.02,63.43,62.93,63.205,6410,2020-10-02 13:50:00,TXRH
63.195,63.37,63.13,63.21,3000,2020-10-02 13:55:00,TXRH
63.37,63.95,63.22,63.95,12527,2020-10-02 14:00:00,TXRH
63.855,64.12,63.855,64.07,6760,2020-10-02 14:05:00,TXRH
64.07,64.325,63.95,63.95,10430,2020-10-02 14:10:00,TXRH
63.96,64.08,63.85,63.97,3000,2020-10-02 14:15:00,TXRH
64.0,64.04,63.82,63.93,2924,2020-10-02 14:20:00,TXRH
63.905,63.93,63.74,63.81,2301,2020-10-02 14:25:00,TXRH
63.875,63.875,63.66,63.66,10816,2020-10-02 14:30:00,TXRH
63.68,63.68,63.45,63.6,2600,2020-10-02 14:35:00,TXRH
63.515,63.515,63.37,63.395,1999,2020-10-02 14:40:00,TXRH
63.36,63.705,63.31,63.64,2849,2020-10-02 14:45:00,TXRH
63.6103,63.6776,63.495,63.495,14423,2020-10-02 14:50:00,TXRH
63.455,63.83,63.455,63.79,38107,2020-10-02 14:55:00,TXRH
63.75,64.08,63.71,64.03,5573,2020-10-02 15:00:00,TXRH
64.015,64.46,63.99,64.46,4855,2020-10-02 15:05:00,TXRH
64.45,64.51,64.38,64.4,9427,2020-10-02 15:10:00,TXRH
64.4,64.66,64.38,64.56,19965,2020-10-02 15:15:00,TXRH
64.6,64.77,64.6,64.74,2800,2020-10-02 15:20:00,TXRH
64.74,64.74,64.41,64.64,4696,2020-10-02 15:25:00,TXRH
64.57,64.6,64.45,64.45,2400,2020-10-02 15:30:00,TXRH
64.435,64.61,64.38,64.38,2696,2020-10-02 15:35:00,TXRH
64.34,64.4,64.21,64.33,2519,2020-10-02 15:40:00,TXRH
64.28,64.47,64.27,64.47,5660,2020-10-02 15:45:00,TXRH
64.5,64.52,64.17,64.22,5035,2020-10-02 15:50:00,TXRH
64.13,64.13,63.88,63.88,1947,2020-10-02 15:55:00,TXRH
63.98,64.03,63.9,63.96,1846,2020-10-02 16:00:00,TXRH
63.87,64.29,63.82,64.25,3789,2020-10-02 16:05:00,TXRH
64.27,64.54,64.2,64.36,4798,2020-10-02 16:10:00,TXRH
64.46,64.6,64.415,64.45,13751,2020-10-02 16:15:00,TXRH
64.45,64.64,64.435,64.63,5788,2020-10-02 16:20:00,TXRH
64.635,64.76,64.635,64.64,6926,2020-10-02 16:25:00,TXRH
64.69,64.69,64.48,64.575,2598,2020-10-02 16:30:00,TXRH
64.545,64.74,64.5313,64.69,2321,2020-10-02 16:35:00,TXRH
64.68,64.68,64.41,64.535,2616,2020-10-02 16:40:00,TXRH
64.535,64.58,64.42,64.44,6036,2020-10-02 16:45:00,TXRH
64.43,64.62,64.43,64.62,3035,2020-10-02 16:50:00,TXRH
64.58,64.58,64.32,64.32,2800,2020-10-02 16:55:00,TXRH
64.42,64.535,64.42,64.535,2510,2020-10-02 17:00:00,TXRH
64.44,64.51,64.36,64.38,5800,2020-10-02 17:05:00,TXRH
64.4,64.45,64.11,64.25,5995,2020-10-02 17:10:00,TXRH
64.25,64.34,64.25,64.31,2220,2020-10-02 17:15:00,TXRH
64.315,64.325,64.25,64.25,6317,2020-10-02 17:20:00,TXRH
64.24,64.29,64.19,64.22,5337,2020-10-02 17:25:00,TXRH
64.27,64.28,64.06,64.06,2255,2020-10-02 17:30:00,TXRH
64.0,64.09,64.0,64.09,700,2020-10-02 17:35:00,TXRH
64.12,64.12,63.94,64.02,6727,2020-10-02 17:40:00,TXRH
63.97,64.07,63.925,63.98,4600,2020-10-02 17:45:00,TXRH
63.98,64.0,63.93,63.93,4672,2020-10-02 17:50:00,TXRH
63.97,64.16,63.97,64.07,2430,2020-10-02 17:55:00,TXRH
64.11,64.19,64.02,64.19,1500,2020-10-02 18:00:00,TXRH
64.19,64.21,64.17,64.21,1457,2020-10-02 18:05:00,TXRH
64.23,64.24,64.06,64.16,3527,2020-10-02 18:10:00,TXRH
64.16,64.18,64.1,64.15,4848,2020-10-02 18:15:00,TXRH
64.15,64.16,64.11,64.16,7375,2020-10-02 18:20:00,TXRH
64.16,64.16,64.09,64.09,6112,2020-10-02 18:25:00,TXRH
64.09,64.15,63.99,64.15,5988,2020-10-02 18:30:00,TXRH
64.09,64.18,64.05,64.05,2630,2020-10-02 18:35:00,TXRH
64.07,64.15,64.06,64.12,2181,2020-10-02 18:40:00,TXRH
64.14,64.17,64.07,64.1032,6186,2020-10-02 18:45:00,TXRH
64.04,64.05,63.97,64.01,4039,2020-10-02 18:50:00,TXRH
64.03,64.15,64.02,64.09,3217,2020-10-02 18:55:00,TXRH
64.08,64.11,63.96,64.08,4102,2020-10-02 19:00:00,TXRH
64.1,64.15,64.095,64.11,3000,2020-10-02 19:05:00,TXRH
64.15,64.24,63.94,64.105,20322,2020-10-02 19:10:00,TXRH
64.02,64.18,64.0,64.1525,4400,2020-10-02 19:15:00,TXRH
64.155,64.18,64.09,64.14,3595,2020-10-02 19:20:00,TXRH
64.12,64.34,64.12,64.34,4934,2020-10-02 19:25:00,TXRH
64.34,64.58,64.32,64.53,8137,2020-10-02 19:30:00,TXRH
64.51,64.52,64.41,64.44,5449,2020-10-02 19:35:00,TXRH
64.45,64.47,64.36,64.47,8632,2020-10-02 19:40:00,TXRH
64.47,64.49,64.38,64.46,9000,2020-10-02 19:45:00,TXRH
64.46,64.46,64.3,64.39,24228,2020-10-02 19:50:00,TXRH
64.38,64.405,64.18,64.22,42058,2020-10-02 19:55:00,TXRH
64.22,64.22,64.22,64.22,82329,2020-10-02 20:00:00,TXRH
64.68,64.8499,64.5,64.61,5208,2020-10-05 13:30:00,TXRH
64.605,64.605,64.605,64.605,100,2020-10-05 13:35:00,TXRH
64.44,64.625,64.44,64.625,1500,2020-10-05 13:40:00,TXRH
64.5,64.63,64.42,64.6,3996,2020-10-05 13:45:00,TXRH
64.58,64.67,64.53,64.575,12806,2020-10-05 13:50:00,TXRH
64.575,64.61,64.47,64.525,5382,2020-10-05 13:55:00,TXRH
64.65,64.85,64.59,64.685,8006,2020-10-05 14:00:00,TXRH
64.6,64.6,64.0,64.12,9049,2020-10-05 14:05:00,TXRH
64.12,64.23,64.1078,64.23,1195,2020-10-05 14:10:00,TXRH
64.17,64.26,64.11,64.18,4418,2020-10-05 14:15:00,TXRH
64.24,64.375,64.24,64.29,2901,2020-10-05 14:20:00,TXRH
64.26,64.34,64.2,64.285,700,2020-10-05 14:25:00,TXRH
64.24,64.28,64.08,64.18,7527,2020-10-05 14:30:00,TXRH
64.22,64.31,64.1,64.115,5163,2020-10-05 14:35:00,TXRH
64.14,64.14,63.92,64.09,7994,2020-10-05 14:40:00,TXRH
64.04,64.13,63.95,64.05,8813,2020-10-05 14:45:00,TXRH
64.05,64.14,64.01,64.05,13787,2020-10-05 14:50:00,TXRH
64.01,64.08,63.95,63.95,3683,2020-10-05 14:55:00,TXRH
63.98,64.08,63.98,64.04,2341,2020-10-05 15:00:00,TXRH
64.04,64.04,63.9,63.96,4231,2020-10-05 15:05:00,TXRH
63.91,63.975,63.82,63.82,2400,2020-10-05 15:10:00,TXRH
63.9,64.17,63.88,64.17,1656,2020-10-05 15:15:00,TXRH
64.2,64.355,64.13,64.355,2457,2020-10-05 15:20:00,TXRH
64.34,64.45,64.3,64.33,5999,2020-10-05 15:25:00,TXRH
64.26,64.3,64.185,64.185,1885,2020-10-05 15:30:00,TXRH
64.2,64.3,64.17,64.17,4613,2020-10-05 15:35:00,TXRH
64.17,64.41,64.17,64.4,2400,2020-10-05 15:40:00,TXRH
64.38,64.45,64.36,64.43,3125,2020-10-05 15:45:00,TXRH
64.41,64.64,64.4,64.64,5139,2020-10-05 15:50:00,TXRH
64.64,64.64,64.59,64.59,1600,2020-10-05 15:55:00,TXRH
64.62,64.78,64.55,64.74,4015,2020-10-05 16:00:00,TXRH
64.72,64.82,64.7,64.78,4648,2020-10-05 16:05:00,TXRH
64.83,64.94,64.83,64.9,4411,2020-10-05 16:10:00,TXRH
64.9,64.99,64.88,64.97,4700,2020-10-05 16:15:00,TXRH
64.93,64.93,64.82,64.82,3419,2020-10-05 16:20:00,TXRH
64.92,65.13,64.92,65.04,4336,2020-10-05 16:25:00,TXRH
65.07,65.07,64.96,64.96,1824,2020-10-05 16:30:00,TXRH
64.93,65.25,64.93,65.25,5330,2020-10-05 16:35:00,TXRH
65.25,65.46,65.25,65.42,13764,2020-10-05 16:40:00,TXRH
65.35,65.5,65.33,65.45,12645,2020-10-05 16:45:00,TXRH
65.47,65.57,65.425,65.44,5832,2020-10-05 16:50:00,TXRH
65.44,65.49,65.34,65.405,6503,2020-10-05 16:55:00,TXRH
65.43,65.46,65.33,65.39,3804,2020-10-05 17:00:00,TXRH
65.34,65.34,65.17,65.26,3587,2020-10-05 17:05:00,TXRH
65.24,65.24,65.12,65.17,1761,2020-10-05 17:10:00,TXRH
65.14,65.14,64.88,64.88,2350,2020-10-05 17:15:00,TXRH
64.83,64.97,64.81,64.97,2306,2020-10-05 17:20:00,TXRH
64.97,65.13,64.97,65.13,6466,2020-10-05 17:25:00,TXRH
65.19,65.35,65.16,65.255,24441,2020-10-05 17:30:00,TXRH
65.23,65.35,65.07,65.32,22391,2020-10-05 17:35:00,TXRH
65.32,65.71,65.305,65.595,12473,2020-10-05 17:40:00,TXRH
65.57,65.62,65.42,65.59,5722,2020-10-05 17:45:00,TXRH
65.49,65.7,65.41,65.6,10977,2020-10-05 17:50:00,TXRH
65.61,65.61,65.49,65.56,4513,2020-10-05 17:55:00,TXRH
65.5,65.59,65.3,65.48,9745,2020-10-05 18:00:00,TXRH
65.49,65.56,65.31,65.56,6444,2020-10-05 18:05:00,TXRH
65.52,65.75,65.49,65.75,7410,2020-10-05 18:10:00,TXRH
65.705,65.74,65.645,65.68,5643,2020-10-05 18:15:00,TXRH
65.65,65.85,65.62,65.85,7331,2020-10-05 18:20:00,TXRH
65.77,65.835,65.71,65.775,7208,2020-10-05 18:25:00,TXRH
65.755,65.92,65.755,65.92,7702,2020-10-05 18:30:00,TXRH
65.95,65.99,65.79,65.97,9445,2020-10-05 18:35:00,TXRH
65.92,65.99,65.79,65.81,4821,2020-10-05 18:40:00,TXRH
65.82,65.94,65.82,65.8771,7048,2020-10-05 18:45:00,TXRH
65.9,66.03,65.9,65.96,8782,2020-10-05 18:50:00,TXRH
65.95,66.16,65.925,66.15,11673,2020-10-05 18:55:00,TXRH
66.13,66.19,66.09,66.16,5870,2020-10-05 19:00:00,TXRH
66.125,66.16,66.08,66.16,4701,2020-10-05 19:05:00,TXRH
66.175,66.175,66.08,66.14,4917,2020-10-05 19:10:00,TXRH
66.125,66.125,65.82,65.82,4461,2020-10-05 19:15:00,TXRH
65.81,65.9,65.69,65.76,6098,2020-10-05 19:20:00,TXRH
65.735,65.77,65.7,65.77,3918,2020-10-05 19:25:00,TXRH
65.745,65.745,65.6,65.62,6300,2020-10-05 19:30:00,TXRH
65.64,65.66,65.59,65.59,3754,2020-10-05 19:35:00,TXRH
65.61,65.66,65.57,65.66,7600,2020-10-05 19:40:00,TXRH
65.655,65.76,65.65,65.75,9052,2020-10-05 19:45:00,TXRH
65.75,65.925,65.74,65.83,15358,2020-10-05 19:50:00,TXRH
65.83,65.84,65.67,65.81,40547,2020-10-05 19:55:00,TXRH
65.8,65.8,65.8,65.8,56052,2020-10-05 20:00:00,TXRH
65.54,65.54,65.54,65.54,100,2020-10-06 12:10:00,TXRH
66.48,66.98,65.63,66.71,17386,2020-10-06 13:30:00,TXRH
66.555,67.04,66.55,66.85,12248,2020-10-06 13:35:00,TXRH
66.665,66.93,66.595,66.93,3426,2020-10-06 13:40:00,TXRH
67.01,67.15,66.94,67.0,4621,2020-10-06 13:45:00,TXRH
66.94,66.94,66.5383,66.72,33339,2020-10-06 13:50:00,TXRH
66.645,67.01,66.525,66.895,6692,2020-10-06 13:55:00,TXRH
66.895,67.43,66.895,67.42,6492,2020-10-06 14:00:00,TXRH
67.36,67.62,67.24,67.3,13235,2020-10-06 14:05:00,TXRH
67.36,67.965,67.36,67.58,6556,2020-10-06 14:10:00,TXRH
67.56,67.56,67.29,67.29,1931,2020-10-06 14:15:00,TXRH
67.37,67.52,67.36,67.48,6265,2020-10-06 14:20:00,TXRH
67.6,67.745,67.59,67.745,4324,2020-10-06 14:25:00,TXRH
67.8,68.0,67.64,67.8,33632,2020-10-06 14:30:00,TXRH
67.8,67.93,67.48,67.92,4677,2020-10-06 14:35:00,TXRH
67.785,67.81,67.39,67.39,7242,2020-10-06 14:40:00,TXRH
67.44,67.61,67.38,67.38,2145,2020-10-06 14:45:00,TXRH
67.39,67.595,67.2,67.2189,4135,2020-10-06 14:50:00,TXRH
67.22,67.38,67.22,67.35,1800,2020-10-06 14:55:00,TXRH
67.3,67.375,67.2,67.315,6999,2020-10-06 15:00:00,TXRH
67.38,67.45,67.22,67.22,4728,2020-10-06 15:05:00,TXRH
67.267,67.267,67.095,67.145,3443,2020-10-06 15:10:00,TXRH
67.17,67.21,67.04,67.21,4059,2020-10-06 15:15:00,TXRH
67.18,67.33,67.16,67.19,3745,2020-10-06 15:20:00,TXRH
67.16,67.18,67.04,67.04,1851,2020-10-06 15:25:00,TXRH
67.03,67.08,66.98,67.0575,1932,2020-10-06 15:30:00,TXRH
67.075,67.265,67.075,67.25,3453,2020-10-06 15:35:00,TXRH
67.265,67.345,67.23,67.27,18200,2020-10-06 15:40:00,TXRH
67.32,67.42,67.32,67.39,3515,2020-10-06 15:45:00,TXRH
67.29,67.29,67.16,67.19,2411,2020-10-06 15:50:00,TXRH
67.19,67.34,67.19,67.315,3461,2020-10-06 15:55:00,TXRH
67.35,67.53,67.35,67.49,4443,2020-10-06 16:00:00,TXRH
67.43,67.84,67.43,67.66,8390,2020-10-06 16:05:00,TXRH
67.62,67.67,67.58,67.61,6108,2020-10-06 16:10:00,TXRH
67.61,67.82,67.55,67.65,12730,2020-10-06 16:15:00,TXRH
67.605,67.66,67.585,67.585,3470,2020-10-06 16:20:00,TXRH
67.57,67.79,67.57,67.78,7522,2020-10-06 16:25:00,TXRH
67.785,67.785,67.565,67.67,6558,2020-10-06 16:30:00,TXRH
67.66,67.67,67.55,67.58,5119,2020-10-06 16:35:00,TXRH
67.58,67.68,67.58,67.61,7335,2020-10-06 16:40:00,TXRH
67.585,67.74,67.56,67.74,7099,2020-10-06 16:45:00,TXRH
67.7,67.73,67.63,67.64,4473,2020-10-06 16:50:00,TXRH
67.64,67.72,67.6,67.675,6200,2020-10-06 16:55:00,TXRH
67.71,67.96,67.71,67.96,6056,2020-10-06 17:00:00,TXRH
67.96,68.14,67.89,68.02,5503,2020-10-06 17:05:00,TXRH
68.04,68.555,68.035,68.555,53481,2020-10-06 17:10:00,TXRH
68.4,68.465,68.3,68.32,6642,2020-10-06 17:15:00,TXRH
68.31,68.34,68.2,68.2,5803,2020-10-06 17:20:00,TXRH
68.205,68.28,68.085,68.195,3780,2020-10-06 17:25:00,TXRH
68.1,68.29,68.03,68.24,7932,2020-10-06 17:30:00,TXRH
68.22,68.29,68.18,68.26,11854,2020-10-06 17:35:00,TXRH
68.23,68.26,68.14,68.25,10268,2020-10-06 17:40:00,TXRH
68.18,68.18,67.97,68.015,2627,2020-10-06 17:45:00,TXRH
68.04,68.285,67.96,68.27,8544,2020-10-06 17:50:00,TXRH
68.26,68.4,68.2,68.23,7076,2020-10-06 17:55:00,TXRH
68.2,68.21,67.9,68.165,7485,2020-10-06 18:00:00,TXRH
68.175,68.31,68.175,68.25,2840,2020-10-06 18:05:00,TXRH
68.21,68.37,68.17,68.325,9351,2020-10-06 18:10:00,TXRH
68.29,68.59,68.2505,68.525,11262,2020-10-06 18:15:00,TXRH
68.525,68.65,68.42,68.555,11239,2020-10-06 18:20:00,TXRH
68.53,68.78,68.48,68.74,19693,2020-10-06 18:25:00,TXRH
68.725,68.77,68.585,68.76,20591,2020-10-06 18:30:00,TXRH
68.745,68.9,68.65,68.82,7744,2020-10-06 18:35:00,TXRH
68.805,68.895,68.77,68.895,6570,2020-10-06 18:40:00,TXRH
68.89,68.89,68.59,68.63,28405,2020-10-06 18:45:00,TXRH
68.45,68.56,68.1,68.14,53170,2020-10-06 18:50:00,TXRH
68.13,68.59,67.79,68.28,24757,2020-10-06 18:55:00,TXRH
68.31,68.35,67.77,67.85,19195,2020-10-06 19:00:00,TXRH
67.73,67.87,67.01,67.36,22318,2020-10-06 19:05:00,TXRH
67.3725,67.485,67.085,67.47,7443,2020-10-06 19:10:00,TXRH
67.49,67.84,67.34,67.48,16564,2020-10-06 19:15:00,TXRH
67.55,67.66,67.435,67.53,11036,2020-10-06 19:20:00,TXRH
67.53,67.86,67.51,67.77,16934,2020-10-06 19:25:00,TXRH
67.775,67.93,67.63,67.82,17864,2020-10-06 19:30:00,TXRH
67.82,67.885,67.66,67.66,16055,2020-10-06 19:35:00,TXRH
67.67,67.86,67.35,67.4701,46497,2020-10-06 19:40:00,TXRH
67.47,67.48,67.05,67.15,19684,2020-10-06 19:45:00,TXRH
67.11,67.11,66.22,66.48,76076,2020-10-06 19:50:00,TXRH
66.51,66.54,66.36,66.43,68865,2020-10-06 19:55:00,TXRH
66.44,66.44,66.44,66.44,111158,2020-10-06 20:00:00,TXRH
66.44,66.44,66.44,66.44,100,2020-10-06 20:40:00,TXRH
67.51,67.74,66.93,67.49,9958,2020-10-07 13:30:00,TXRH
67.56,67.93,67.04,67.1508,25305,2020-10-07 13:35:00,TXRH
67.23,67.61,67.0,67.61,4964,2020-10-07 13:40:00,TXRH
67.47,67.92,67.47,67.77,3011,2020-10-07 13:45:00,TXRH
67.78,67.92,67.41,67.68,8568,2020-10-07 13:50:00,TXRH
67.79,67.815,67.32,67.44,4872,2020-10-07 13:55:00,TXRH
67.58,67.58,66.95,67.13,6182,2020-10-07 14:00:00,TXRH
67.03,67.12,66.81,66.97,3779,2020-10-07 14:05:00,TXRH
66.92,66.98,66.8,66.95,5431,2020-10-07 14:10:00,TXRH
66.97,67.07,66.91,67.07,2794,2020-10-07 14:15:00,TXRH
67.02,67.31,67.02,67.31,4521,2020-10-07 14:20:00,TXRH
67.35,67.57,67.34,67.57,1300,2020-10-07 14:25:00,TXRH
67.51,67.64,67.29,67.42,20869,2020-10-07 14:30:00,TXRH
67.25,67.31,67.18,67.26,2922,2020-10-07 14:35:00,TXRH
67.26,67.29,67.09,67.16,6669,2020-10-07 14:40:00,TXRH
67.23,67.25,66.94,67.08,3158,2020-10-07 14:45:00,TXRH
67.08,67.25,66.96,67.25,3873,2020-10-07 14:50:00,TXRH
67.26,67.42,67.26,67.35,3310,2020-10-07 14:55:00,TXRH
67.355,67.55,67.355,67.495,3277,2020-10-07 15:00:00,TXRH
67.54,67.94,67.54,67.9,10135,2020-10-07 15:05:00,TXRH
67.92,68.12,67.88,68.08,24408,2020-10-07 15:10:00,TXRH
68.04,68.09,67.89,67.97,3000,2020-10-07 15:15:00,TXRH
67.89,67.89,67.68,67.68,4408,2020-10-07 15:20:00,TXRH
67.79,67.82,67.75,67.76,3994,2020-10-07 15:25:00,TXRH
67.79,68.2,67.79,68.12,13989,2020-10-07 15:30:00,TXRH
68.12,68.15,68.0,68.0,8407,2020-10-07 15:35:00,TXRH
68.04,68.33,68.04,68.17,34186,2020-10-07 15:40:00,TXRH
68.18,68.31,68.18,68.215,37591,2020-10-07 15:45:00,TXRH
68.25,68.34,68.18,68.21,6600,2020-10-07 15:50:00,TXRH
68.28,68.28,68.075,68.165,7629,2020-10-07 15:55:00,TXRH
68.14,68.2999,68.115,68.2999,5300,2020-10-07 16:00:00,TXRH
68.215,68.26,68.1,68.1,3120,2020-10-07 16:05:00,TXRH
68.15,68.25,68.15,68.225,2900,2020-10-07 16:10:00,TXRH
68.2,68.23,68.1,68.1,4436,2020-10-07 16:15:00,TXRH
68.14,68.145,68.03,68.03,2100,2020-10-07 16:20:00,TXRH
68.01,68.04,67.65,67.71,5987,2020-10-07 16:25:00,TXRH
67.71,67.78,67.56,67.745,7089,2020-10-07 16:30:00,TXRH
67.75,67.75,67.69,67.69,1200,2020-10-07 16:35:00,TXRH
67.6,67.64,67.58,67.64,4484,2020-10-07 16:40:00,TXRH
67.6,67.6,67.46,67.47,2384,2020-10-07 16:45:00,TXRH
67.46,67.53,67.37,67.53,4661,2020-10-07 16:50:00,TXRH
67.53,67.7,67.5,67.69,4629,2020-10-07 16:55:00,TXRH
67.69,67.83,67.65,67.8,3244,2020-10-07 17:00:00,TXRH
67.76,67.78,67.6,67.6,2657,2020-10-07 17:05:00,TXRH
67.59,67.62,67.435,67.435,2864,2020-10-07 17:10:00,TXRH
67.43,67.57,67.43,67.5,4901,2020-10-07 17:15:00,TXRH
67.474,67.68,67.474,67.61,3195,2020-10-07 17:20:00,TXRH
67.68,67.68,67.58,67.58,1448,2020-10-07 17:25:00,TXRH
67.6,67.61,67.54,67.57,900,2020-10-07 17:30:00,TXRH
67.585,67.62,67.55,67.62,2570,2020-10-07 17:35:00,TXRH
67.65,67.85,67.63,67.835,7323,2020-10-07 17:40:00,TXRH
67.795,67.91,67.76,67.91,4139,2020-10-07 17:45:00,TXRH
67.9,68.055,67.9,68.055,6052,2020-10-07 17:50:00,TXRH
68.11,68.165,67.93,67.93,5554,2020-10-07 17:55:00,TXRH
67.94,68.01,67.91,67.92,1933,2020-10-07 18:00:00,TXRH
67.94,67.97,67.875,67.9,2661,2020-10-07 18:05:00,TXRH
67.94,67.97,67.81,67.81,3100,2020-10-07 18:10:00,TXRH
67.81,67.945,67.79,67.945,3007,2020-10-07 18:15:00,TXRH
67.94,68.13,67.89,68.04,5400,2020-10-07 18:20:00,TXRH
68.09,68.12,67.99,68.04,8577,2020-10-07 18:25:00,TXRH
68.09,68.23,68.0477,68.195,4756,2020-10-07 18:30:00,TXRH
68.205,68.33,68.205,68.25,4341,2020-10-07 18:35:00,TXRH
68.2,68.22,68.1,68.1,2902,2020-10-07 18:40:00,TXRH
68.115,68.18,68.1,68.15,2338,2020-10-07 18:45:00,TXRH
68.19,68.22,68.15,68.22,3876,2020-10-07 18:50:00,TXRH
68.195,68.23,68.1778,68.23,2852,2020-10-07 18:55:00,TXRH
68.225,68.41,68.225,68.41,6810,2020-10-07 19:00:00,TXRH
68.48,68.49,68.365,68.49,4301,2020-10-07 19:05:00,TXRH
68.5,68.56,68.5,68.5599,7790,2020-10-07 19:10:00,TXRH
68.58,68.62,68.525,68.54,6600,2020-10-07 19:15:00,TXRH
68.55,68.59,68.385,68.41,6549,2020-10-07 19:20:00,TXRH
68.41,68.56,68.4,68.56,5938,2020-10-07 19:25:00,TXRH
68.525,68.53,68.39,68.39,6739,2020-10-07 19:30:00,TXRH
68.355,68.355,68.21,68.23,8116,2020-10-07 19:35:00,TXRH
68.27,68.36,68.27,68.27,7709,2020-10-07 19:40:00,TXRH
68.31,68.47,68.3,68.46,17509,2020-10-07 19:45:00,TXRH
68.53,68.76,68.485,68.76,29616,2020-10-07 19:50:00,TXRH
68.71,68.71,68.52,68.65,60522,2020-10-07 19:55:00,TXRH
68.65,68.65,68.65,68.65,123087,2020-10-07 20:00:00,TXRH
69.0,69.29,68.845,68.845,8195,2020-10-08 13:30:00,TXRH
68.72,69.08,68.7,68.98,4420,2020-10-08 13:35:00,TXRH
69.03,69.27,68.99,69.12,8350,2020-10-08 13:40:00,TXRH
68.94,68.95,68.56,68.7,4239,2020-10-08 13:45:00,TXRH
68.74,68.88,68.74,68.8,5021,2020-10-08 13:50:00,TXRH
68.85,68.985,68.805,68.96,2500,2020-10-08 13:55:00,TXRH
68.97,69.04,68.7,68.855,5334,2020-10-08 14:00:00,TXRH
68.85,68.85,68.73,68.785,3600,2020-10-08 14:05:00,TXRH
68.78,68.81,68.66,68.8,4200,2020-10-08 14:10:00,TXRH
68.68,68.82,68.68,68.82,2870,2020-10-08 14:15:00,TXRH
68.82,68.84,68.75,68.77,1653,2020-10-08 14:20:00,TXRH
68.79,69.055,68.75,69.02,5822,2020-10-08 14:25:00,TXRH
68.98,69.31,68.9556,69.12,7096,2020-10-08 14:30:00,TXRH
69.1,69.33,69.1,69.33,3117,2020-10-08 14:35:00,TXRH
69.3076,69.35,69.29,69.3,2242,2020-10-08 14:40:00,TXRH
69.31,69.5,69.31,69.41,5904,2020-10-08 14:45:00,TXRH
69.45,69.555,69.41,69.47,5229,2020-10-08 14:50:00,TXRH
69.5,69.84,69.5,69.81,12887,2020-10-08 14:55:00,TXRH
69.84,69.86,69.72,69.72,6376,2020-10-08 15:00:00,TXRH
69.7292,69.81,69.7,69.73,3417,2020-10-08 15:05:00,TXRH
69.6883,69.75,69.64,69.69,1756,2020-10-08 15:10:00,TXRH
69.7789,69.88,69.75,69.88,3486,2020-10-08 15:15:00,TXRH
69.9,69.95,69.72,69.95,3378,2020-10-08 15:20:00,TXRH
69.915,69.99,69.87,69.94,7449,2020-10-08 15:25:00,TXRH
69.93,69.98,69.65,69.73,6186,2020-10-08 15:30:00,TXRH
69.78,70.05,69.78,70.01,10010,2020-10-08 15:35:00,TXRH
69.99,70.05,69.98,70.02,2430,2020-10-08 15:40:00,TXRH
70.035,70.09,70.0,70.01,7424,2020-10-08 15:45:00,TXRH
70.035,70.055,69.88,69.93,11505,2020-10-08 15:50:00,TXRH
69.85,69.89,69.77,69.8,14952,2020-10-08 15:55:00,TXRH
69.83,69.89,69.83,69.84,4400,2020-10-08 16:00:00,TXRH
69.84,70.0,69.84,69.995,6823,2020-10-08 16:05:00,TXRH
69.995,70.01,69.96,70.01,2522,2020-10-08 16:10:00,TXRH
70.0,70.02,69.9,69.95,13417,2020-10-08 16:15:00,TXRH
69.92,70.0,69.88,69.96,20867,2020-10-08 16:20:00,TXRH
69.9366,69.96,69.79,69.885,6044,2020-10-08 16:25:00,TXRH
69.88,69.9,69.8073,69.8073,3119,2020-10-08 16:30:00,TXRH
69.86,69.955,69.86,69.955,1932,2020-10-08 16:35:00,TXRH
69.98,69.995,69.93,69.965,3117,2020-10-08 16:40:00,TXRH
69.99,70.04,69.99,70.015,3840,2020-10-08 16:45:00,TXRH
70.0,70.015,69.88,69.91,3056,2020-10-08 16:50:00,TXRH
69.91,69.92,69.87,69.89,4369,2020-10-08 16:55:00,TXRH
69.89,69.89,69.67,69.67,3554,2020-10-08 17:00:00,TXRH
69.65,69.77,69.65,69.77,1282,2020-10-08 17:05:00,TXRH
69.74,69.76,69.74,69.75,798,2020-10-08 17:10:00,TXRH
69.73,69.78,69.7,69.78,2514,2020-10-08 17:15:00,TXRH
69.79,69.79,69.725,69.725,3357,2020-10-08 17:20:00,TXRH
69.74,69.84,69.71,69.765,8488,2020-10-08 17:25:00,TXRH
69.74,69.82,69.73,69.74,5267,2020-10-08 17:30:00,TXRH
69.765,69.89,69.765,69.8675,4026,2020-10-08 17:35:00,TXRH
69.865,69.94,69.865,69.94,4300,2020-10-08 17:40:00,TXRH
69.915,69.92,69.86,69.86,3188,2020-10-08 17:45:00,TXRH
69.9,69.97,69.9,69.93,14622,2020-10-08 17:50:00,TXRH
69.91,69.94,69.83,69.865,7992,2020-10-08 17:55:00,TXRH
69.84,69.97,69.84,69.97,2039,2020-10-08 18:00:00,TXRH
69.935,70.03,69.9,69.92,7222,2020-10-08 18:05:00,TXRH
69.94,69.985,69.86,69.89,7485,2020-10-08 18:10:00,TXRH
69.85,69.88,69.83,69.88,3514,2020-10-08 18:15:00,TXRH
69.86,69.865,69.72,69.725,10638,2020-10-08 18:20:00,TXRH
69.71,69.72,69.63,69.665,14869,2020-10-08 18:25:00,TXRH
69.66,69.665,69.47,69.5,5127,2020-10-08 18:30:00,TXRH
69.48,69.53,69.41,69.52,2799,2020-10-08 18:35:00,TXRH
69.52,69.64,69.515,69.6,4776,2020-10-08 18:40:00,TXRH
69.61,69.63,69.58,69.62,1810,2020-10-08 18:45:00,TXRH
69.62,69.65,69.555,69.56,6003,2020-10-08 18:50:00,TXRH
69.58,69.66,69.56,69.6,4843,2020-10-08 18:55:00,TXRH
69.565,69.605,69.35,69.39,25350,2020-10-08 19:00:00,TXRH
69.36,69.4,69.17,69.2,15217,2020-10-08 19:05:00,TXRH
69.205,69.42,69.19,69.405,14160,2020-10-08 19:10:00,TXRH
69.38,69.38,69.2,69.29,4748,2020-10-08 19:15:00,TXRH
69.27,69.405,69.27,69.405,5593,2020-10-08 19:20:00,TXRH
69.44,69.57,69.42,69.54,6605,2020-10-08 19:25:00,TXRH
69.54,69.65,69.535,69.61,6061,2020-10-08 19:30:00,TXRH
69.615,69.75,69.59,69.685,10602,2020-10-08 19:35:00,TXRH
69.68,69.75,69.65,69.7,9971,2020-10-08 19:40:00,TXRH
69.68,69.74,69.65,69.67,11057,2020-10-08 19:45:00,TXRH
69.65,69.775,69.59,69.68,27753,2020-10-08 19:50:00,TXRH
69.69,69.8,69.68,69.77,45275,2020-10-08 19:55:00,TXRH
69.76,69.76,69.76,69.76,42492,2020-10-08 20:00:00,TXRH
69.76,69.76,69.76,69.76,796,2020-10-08 20:05:00,TXRH
70.17,70.3,69.92,70.14,9602,2020-10-09 13:30:00,TXRH
70.28,70.43,70.07,70.26,2429,2020-10-09 13:35:00,TXRH
70.21,70.48,70.08,70.48,6710,2020-10-09 13:40:00,TXRH
70.35,70.644,70.33,70.48,5672,2020-10-09 13:45:00,TXRH
70.465,70.47,70.14,70.15,4607,2020-10-09 13:50:00,TXRH
70.1364,70.22,70.0419,70.125,1200,2020-10-09 13:55:00,TXRH
70.05,70.39,69.8832,70.39,2428,2020-10-09 14:00:00,TXRH
70.345,70.4,70.195,70.3,2623,2020-10-09 14:05:00,TXRH
70.26,70.26,70.05,70.06,2000,2020-10-09 14:10:00,TXRH
70.01,70.16,69.98,70.16,7637,2020-10-09 14:15:00,TXRH
70.07,70.13,69.97,69.97,2417,2020-10-09 14:20:00,TXRH
70.015,70.03,69.76,69.81,5045,2020-10-09 14:25:00,TXRH
69.78,69.94,69.78,69.865,15615,2020-10-09 14:30:00,TXRH
69.91,69.94,69.82,69.82,7074,2020-10-09 14:35:00,TXRH
69.84,69.85,69.62,69.62,11708,2020-10-09 14:40:00,TXRH
69.68,69.81,69.64,69.66,7492,2020-10-09 14:45:00,TXRH
69.64,69.64,69.4,69.435,10527,2020-10-09 14:50:00,TXRH
69.43,69.67,69.43,69.65,7442,2020-10-09 14:55:00,TXRH
69.72,69.835,69.705,69.74,7479,2020-10-09 15:00:00,TXRH
69.7,69.76,69.62,69.62,9772,2020-10-09 15:05:00,TXRH
69.64,69.64,69.51,69.62,1900,2020-10-09 15:10:00,TXRH
69.61,69.71,69.6,69.67,3635,2020-10-09 15:15:00,TXRH
69.69,69.69,69.47,69.47,2600,2020-10-09 15:20:00,TXRH
69.52,69.62,69.5,69.58,3921,2020-10-09 15:25:00,TXRH
69.585,69.665,69.49,69.52,5915,2020-10-09 15:30:00,TXRH
69.5125,69.585,69.47,69.585,2566,2020-10-09 15:35:00,TXRH
69.56,69.56,69.36,69.49,7733,2020-10-09 15:40:00,TXRH
69.5099,69.79,69.46,69.66,7748,2020-10-09 15:45:00,TXRH
69.65,69.73,69.51,69.73,6392,2020-10-09 15:50:00,TXRH
69.69,69.735,69.6,69.64,3756,2020-10-09 15:55:00,TXRH
69.63,69.795,69.61,69.72,2920,2020-10-09 16:00:00,TXRH
69.68,69.82,69.66,69.805,2560,2020-10-09 16:05:00,TXRH
69.79,69.84,69.74,69.74,2926,2020-10-09 16:10:00,TXRH
69.8,69.85,69.745,69.85,4260,2020-10-09 16:15:00,TXRH
69.8,69.925,69.8,69.92,4689,2020-10-09 16:20:00,TXRH
69.88,69.94,69.74,69.786,5086,2020-10-09 16:25:00,TXRH
69.8,69.941,69.78,69.92,2216,2020-10-09 16:30:00,TXRH
69.96,70.07,69.95,70.065,4345,2020-10-09 16:35:00,TXRH
70.02,70.07,69.95,70.049,2004,2020-10-09 16:40:00,TXRH
69.96,70.153,69.95,70.125,4610,2020-10-09 16:45:00,TXRH
70.135,70.171,70.04,70.075,2670,2020-10-09 16:50:00,TXRH
70.07,70.19,70.03,70.19,6561,2020-10-09 16:55:00,TXRH
70.19,70.22,70.15,70.15,5002,2020-10-09 17:00:00,TXRH
70.15,70.1747,70.1,70.1,2466,2020-10-09 17:05:00,TXRH
70.135,70.135,70.05,70.05,2600,2020-10-09 17:10:00,TXRH
70.01,70.03,69.91,69.975,1100,2020-10-09 17:15:00,TXRH
69.93,70.07,69.93,70.065,4027,2020-10-09 17:20:00,TXRH
70.085,70.125,69.99,70.125,4417,2020-10-09 17:25:00,TXRH
70.11,70.155,70.09,70.1525,14632,2020-10-09 17:30:00,TXRH
70.125,70.18,69.99,70.025,14124,2020-10-09 17:35:00,TXRH
70.06,70.08,69.91,69.98,6106,2020-10-09 17:40:00,TXRH
69.9322,69.965,69.895,69.945,1800,2020-10-09 17:45:00,TXRH
69.89,69.965,69.88,69.93,3735,2020-10-09 17:50:00,TXRH
69.935,69.98,69.87,69.96,5655,2020-10-09 17:55:00,TXRH
69.925,69.98,69.92,69.975,1652,2020-10-09 18:00:00,TXRH
69.95,69.99,69.94,69.99,621,2020-10-09 18:05:00,TXRH
69.94,69.96,69.89,69.96,3730,2020-10-09 18:10:00,TXRH
69.955,70.025,69.955,70.025,2740,2020-10-09 18:15:00,TXRH
70.03,70.112,69.99,70.05,6459,2020-10-09 18:20:00,TXRH
70.07,70.08,70.02,70.03,1526,2020-10-09 18:25:00,TXRH
70.06,70.113,70.05,70.06,2452,2020-10-09 18:30:00,TXRH
70.11,70.135,69.97,70.04,6630,2020-10-09 18:35:00,TXRH
70.025,70.11,69.99,70.075,5159,2020-10-09 18:40:00,TXRH
70.07,70.075,70.005,70.005,3359,2020-10-09 18:45:00,TXRH
70.05,70.06,70.0039,70.0039,3362,2020-10-09 18:50:00,TXRH
70.045,70.19,70.04,70.19,8775,2020-10-09 18:55:00,TXRH
70.17,70.224,70.14,70.2,5378,2020-10-09 19:00:00,TXRH
70.195,70.206,70.12,70.13,6150,2020-10-09 19:05:00,TXRH
70.13,70.19,70.07,70.19,6424,2020-10-09 19:10:00,TXRH
70.22,70.273,70.22,70.265,6356,2020-10-09 19:15:00,TXRH
70.245,70.27,70.17,70.22,5769,2020-10-09 19:20:00,TXRH
70.19,70.255,70.09,70.14,9064,2020-10-09 19:25:00,TXRH
70.14,70.23,70.14,70.185,8784,2020-10-09 19:30:00,TXRH
70.21,70.25,70.18,70.225,6390,2020-10-09 19:35:00,TXRH
70.21,70.24,70.17,70.22,12216,2020-10-09 19:40:00,TXRH
70.22,70.32,70.2,70.24,13500,2020-10-09 19:45:00,TXRH
70.24,70.365,70.19,70.35,19893,2020-10-09 19:50:00,TXRH
70.33,70.37,70.26,70.35,35566,2020-10-09 19:55:00,TXRH
70.34,70.34,70.34,70.34,47876,2020-10-09 20:00:00,TXRH
70.34,70.34,70.34,70.34,431,2020-10-09 20:05:00,TXRH
70.48,70.48,69.7,70.44,3280,2020-10-09 22:30:00,TXRH
70.75,70.75,70.75,70.75,600,2020-10-12 12:10:00,TXRH
70.58,71.35,70.52,70.98,37706,2020-10-12 13:30:00,TXRH
70.81,72.24,70.81,72.23,32733,2020-10-12 13:35:00,TXRH
72.11,72.35,71.75,72.3,63575,2020-10-12 13:40:00,TXRH
72.33,72.75,72.03,72.59,38331,2020-10-12 13:45:00,TXRH
72.61,72.65,71.81,72.105,34946,2020-10-12 13:50:00,TXRH
72.0,72.4,71.8,72.4,22335,2020-10-12 13:55:00,TXRH
72.36,72.695,72.35,72.645,11963,2020-10-12 14:00:00,TXRH
72.69,73.09,72.6,72.96,15607,2020-10-12 14:05:00,TXRH
72.925,72.95,72.685,72.9225,21461,2020-10-12 14:10:00,TXRH
72.91,73.1,72.91,73.06,17330,2020-10-12 14:15:00,TXRH
73.15,73.16,72.565,72.78,24289,2020-10-12 14:20:00,TXRH
72.7501,73.0999,72.64,73.0885,13904,2020-10-12 14:25:00,TXRH
73.1,73.1,72.82,72.93,42360,2020-10-12 14:30:00,TXRH
72.93,73.0,72.66,72.69,18322,2020-10-12 14:35:00,TXRH
72.68,72.74,72.33,72.69,28328,2020-10-12 14:40:00,TXRH
72.68,72.72,72.595,72.68,15467,2020-10-12 14:45:00,TXRH
72.69,72.79,72.63,72.705,12189,2020-10-12 14:50:00,TXRH
72.68,72.68,72.43,72.44,28680,2020-10-12 14:55:00,TXRH
72.48,72.69,72.46,72.53,10438,2020-10-12 15:00:00,TXRH
72.57,72.78,72.57,72.74,5504,2020-10-12 15:05:00,TXRH
72.74,72.74,72.52,72.64,10327,2020-10-12 15:10:00,TXRH
72.63,72.64,72.45,72.5,5160,2020-10-12 15:15:00,TXRH
72.4849,72.51,72.32,72.35,3631,2020-10-12 15:20:00,TXRH
72.34,72.41,72.13,72.19,6991,2020-10-12 15:25:00,TXRH
72.16,72.16,72.02,72.02,2400,2020-10-12 15:30:00,TXRH
72.02,72.06,71.96,72.06,7341,2020-10-12 15:35:00,TXRH
72.0725,72.23,72.0725,72.13,7053,2020-10-12 15:40:00,TXRH
72.11,72.15,72.08,72.135,1700,2020-10-12 15:45:00,TXRH
72.18,72.18,72.0,72.08,3877,2020-10-12 15:50:00,TXRH
72.035,72.2,72.02,72.165,2884,2020-10-12 15:55:00,TXRH
72.165,72.17,71.9925,72.0075,5052,2020-10-12 16:00:00,TXRH
71.98,72.0,71.9,71.9,2995,2020-10-12 16:05:00,TXRH
71.88,71.88,71.7401,71.87,5781,2020-10-12 16:10:00,TXRH
71.88,71.9,71.82,71.82,3255,2020-10-12 16:15:00,TXRH
71.86,71.97,71.79,71.97,7538,2020-10-12 16:20:00,TXRH
71.94,71.94,71.82,71.84,9669,2020-10-12 16:25:00,TXRH
71.81,71.8525,71.51,71.515,10885,2020-10-12 16:30:00,TXRH
71.5375,71.79,71.53,71.79,6423,2020-10-12 16:35:00,TXRH
71.7925,71.84,71.68,71.685,5234,2020-10-12 16:40:00,TXRH
71.685,71.72,71.58,71.61,11587,2020-10-12 16:45:00,TXRH
71.65,71.65,71.31,71.38,18783,2020-10-12 16:50:00,TXRH
71.36,71.5525,71.29,71.47,16572,2020-10-12 16:55:00,TXRH
71.47,71.54,71.43,71.475,3730,2020-10-12 17:00:00,TXRH
71.45,71.54,71.37,71.515,8690,2020-10-12 17:05:00,TXRH
71.515,71.56,71.4,71.41,13219,2020-10-12 17:10:00,TXRH
71.39,71.58,71.39,71.47,7037,2020-10-12 17:15:00,TXRH
71.48,71.51,71.45,71.47,3987,2020-10-12 17:20:00,TXRH
71.49,71.54,71.35,71.35,49761,2020-10-12 17:25:00,TXRH
71.31,71.33,71.08,71.08,5700,2020-10-12 17:30:00,TXRH
71.07,71.1,70.83,70.86,9720,2020-10-12 17:35:00,TXRH
70.88,70.95,70.81,70.86,4791,2020-10-12 17:40:00,TXRH
70.85,70.9,70.82,70.9,4761,2020-10-12 17:45:00,TXRH
70.865,70.95,70.81,70.88,2600,2020-10-12 17:50:00,TXRH
70.86,70.91,70.82,70.82,3914,2020-10-12 17:55:00,TXRH
70.855,70.99,70.83,70.965,5169,2020-10-12 18:00:00,TXRH
70.98,71.025,70.93,71.02,3500,2020-10-12 18:05:00,TXRH
71.015,71.02,70.87,70.91,3963,2020-10-12 18:10:00,TXRH
70.9,70.91,70.85,70.87,2408,2020-10-12 18:15:00,TXRH
70.865,70.93,70.81,70.93,5464,2020-10-12 18:20:00,TXRH
70.95,71.07,70.92,71.07,6621,2020-10-12 18:25:00,TXRH
71.09,71.26,71.08,71.19,4384,2020-10-12 18:30:00,TXRH
71.205,71.205,71.11,71.12,2022,2020-10-12 18:35:00,TXRH
71.13,71.2,71.075,71.19,6789,2020-10-12 18:40:00,TXRH
71.23,71.245,71.16,71.2075,5968,2020-10-12 18:45:00,TXRH
71.19,71.33,71.14,71.33,7171,2020-10-12 18:50:00,TXRH
71.3,71.32,71.215,71.275,4100,2020-10-12 18:55:00,TXRH
71.275,71.32,71.17,71.19,8441,2020-10-12 19:00:00,TXRH
71.2,71.34,71.19,71.33,14402,2020-10-12 19:05:00,TXRH
71.3175,71.51,71.315,71.412,9919,2020-10-12 19:10:00,TXRH
71.43,71.46,71.325,71.35,16916,2020-10-12 19:15:00,TXRH
71.38,71.46,71.32,71.355,13219,2020-10-12 19:20:00,TXRH
71.38,71.38,71.25,71.33,8368,2020-10-12 19:25:00,TXRH
71.35,71.35,71.175,71.285,17515,2020-10-12 19:30:00,TXRH
71.285,71.31,71.24,71.255,10199,2020-10-12 19:35:00,TXRH
71.24,71.32,71.21,71.24,12877,2020-10-12 19:40:00,TXRH
71.235,71.29,71.2,71.22,19899,2020-10-12 19:45:00,TXRH
71.2,71.225,71.11,71.17,23701,2020-10-12 19:50:00,TXRH
71.18,71.33,71.17,71.32,49037,2020-10-12 19:55:00,TXRH
71.3,71.3,71.3,71.3,66666,2020-10-12 20:00:00,TXRH
71.22,71.22,70.78,70.78,12267,2020-10-13 13:30:00,TXRH
70.945,70.945,70.415,70.415,3375,2020-10-13 13:35:00,TXRH
70.42,70.53,70.29,70.41,3057,2020-10-13 13:40:00,TXRH
70.26,70.315,70.07,70.1,3739,2020-10-13 13:45:00,TXRH
70.215,70.215,69.7,69.89,3600,2020-10-13 13:50:00,TXRH
69.94,70.44,69.94,70.4155,5059,2020-10-13 13:55:00,TXRH
70.48,70.88,70.34,70.88,32566,2020-10-13 14:00:00,TXRH
70.83,70.91,70.6,70.79,6846,2020-10-13 14:05:00,TXRH
70.88,70.99,70.72,70.99,4220,2020-10-13 14:10:00,TXRH
70.99,71.12,70.9,70.995,3278,2020-10-13 14:15:00,TXRH
71.0,71.23,70.94,71.23,43389,2020-10-13 14:20:00,TXRH
71.15,71.21,70.87,71.03,21166,2020-10-13 14:25:00,TXRH
71.0,71.31,70.9104,71.31,22889,2020-10-13 14:30:00,TXRH
71.31,71.53,71.29,71.53,4049,2020-10-13 14:35:00,TXRH
71.56,71.565,71.4387,71.47,8130,2020-10-13 14:40:00,TXRH
71.43,71.49,71.31,71.355,13020,2020-10-13 14:45:00,TXRH
71.37,71.49,71.36,71.45,3469,2020-10-13 14:50:00,TXRH
71.48,71.74,71.48,71.515,6556,2020-10-13 14:55:00,TXRH
71.5,71.57,71.3,71.3,3766,2020-10-13 15:00:00,TXRH
71.375,71.45,71.31,71.31,1000,2020-10-13 15:05:00,TXRH
71.375,71.48,71.345,71.365,2964,2020-10-13 15:10:00,TXRH
71.41,71.51,71.395,71.47,4058,2020-10-13 15:15:00,TXRH
71.52,71.55,71.38,71.55,4100,2020-10-13 15:20:00,TXRH
71.43,71.57,71.43,71.57,3978,2020-10-13 15:25:00,TXRH
71.64,71.88,71.64,71.85,9809,2020-10-13 15:30:00,TXRH
71.87,71.87,71.67,71.77,1505,2020-10-13 15:35:00,TXRH
71.725,71.78,71.54,71.66,2277,2020-10-13 15:40:00,TXRH
71.625,71.75,71.625,71.675,5066,2020-10-13 15:45:00,TXRH
71.71,71.82,71.71,71.8,3800,2020-10-13 15:50:00,TXRH
71.78,71.96,71.78,71.915,3700,2020-10-13 15:55:00,TXRH
71.93,71.93,71.78,71.84,3524,2020-10-13 16:00:00,TXRH
71.84,71.85,71.79,71.805,10661,2020-10-13 16:05:00,TXRH
71.8,71.8,71.676,71.676,4118,2020-10-13 16:10:00,TXRH
71.76,71.8,71.5,71.53,5523,2020-10-13 16:15:00,TXRH
71.535,71.59,71.51,71.54,11716,2020-10-13 16:20:00,TXRH
71.58,71.79,71.58,71.725,5047,2020-10-13 16:25:00,TXRH
71.69,71.72,71.57,71.57,2422,2020-10-13 16:30:00,TXRH
71.605,71.605,71.5,71.53,1100,2020-10-13 16:35:00,TXRH
71.48,71.57,71.45,71.57,2000,2020-10-13 16:40:00,TXRH
71.57,71.7,71.54,71.68,5148,2020-10-13 16:45:00,TXRH
71.65,71.85,71.37,71.39,14519,2020-10-13 16:50:00,TXRH
71.31,71.42,71.26,71.265,2174,2020-10-13 16:55:00,TXRH
71.26,71.35,71.22,71.24,2951,2020-10-13 17:00:00,TXRH
71.18,71.18,70.93,70.97,2500,2020-10-13 17:05:00,TXRH
70.96,71.12,70.96,71.07,5330,2020-10-13 17:10:00,TXRH
71.125,71.21,71.09,71.16,7239,2020-10-13 17:15:00,TXRH
71.17,71.2,70.9925,71.03,2300,2020-10-13 17:20:00,TXRH
71.0,71.115,70.99,71.1,1754,2020-10-13 17:25:00,TXRH
71.12,71.35,71.12,71.32,5385,2020-10-13 17:30:00,TXRH
71.355,71.38,71.31,71.31,2296,2020-10-13 17:35:00,TXRH
71.3,71.39,71.275,71.32,4036,2020-10-13 17:40:00,TXRH
71.29,71.34,71.26,71.34,3500,2020-10-13 17:45:00,TXRH
71.38,71.41,71.33,71.36,1551,2020-10-13 17:50:00,TXRH
71.36,71.36,71.215,71.215,5072,2020-10-13 17:55:00,TXRH
71.175,71.32,71.14,71.3,5894,2020-10-13 18:00:00,TXRH
71.27,71.29,71.115,71.29,4918,2020-10-13 18:05:00,TXRH
71.29,71.37,71.29,71.35,3750,2020-10-13 18:10:00,TXRH
71.39,71.49,71.39,71.45,1309,2020-10-13 18:15:00,TXRH
71.47,71.53,71.4,71.48,6315,2020-10-13 18:20:00,TXRH
71.44,71.44,71.215,71.215,3763,2020-10-13 18:25:00,TXRH
71.21,71.28,71.11,71.28,3600,2020-10-13 18:30:00,TXRH
71.25,71.26,71.07,71.22,3372,2020-10-13 18:35:00,TXRH
71.19,71.22,71.14,71.185,2000,2020-10-13 18:40:00,TXRH
71.16,71.2725,71.105,71.1125,5728,2020-10-13 18:45:00,TXRH
71.15,71.155,71.0,71.1,3600,2020-10-13 18:50:00,TXRH
71.075,71.27,71.075,71.2,3440,2020-10-13 18:55:00,TXRH
71.19,71.26,71.17,71.24,1969,2020-10-13 19:00:00,TXRH
71.22,71.31,71.21,71.285,3300,2020-10-13 19:05:00,TXRH
71.2667,71.43,71.2667,71.37,4325,2020-10-13 19:10:00,TXRH
71.335,71.37,71.3,71.335,2309,2020-10-13 19:15:00,TXRH
71.34,71.45,71.29,71.4,7357,2020-10-13 19:20:00,TXRH
71.42,71.42,71.29,71.32,3336,2020-10-13 19:25:00,TXRH
71.32,71.32,71.21,71.25,5839,2020-10-13 19:30:00,TXRH
71.24,71.25,71.165,71.21,9286,2020-10-13 19:35:00,TXRH
71.23,71.295,71.18,71.21,11072,2020-10-13 19:40:00,TXRH
71.21,71.26,70.99,71.0175,13665,2020-10-13 19:45:00,TXRH
71.09,71.47,70.8,70.87,29033,2020-10-13 19:50:00,TXRH
70.84,71.0625,70.75,70.75,69817,2020-10-13 19:55:00,TXRH
70.75,70.75,70.75,70.75,83301,2020-10-13 20:00:00,TXRH
70.75,70.75,70.75,70.75,1000,2020-10-13 22:45:00,TXRH
71.3,71.71,71.045,71.49,20988,2020-10-14 13:30:00,TXRH
71.49,71.49,71.04,71.28,31966,2020-10-14 13:35:00,TXRH
70.975,71.5,70.975,71.4,3800,2020-10-14 13:40:00,TXRH
71.5,71.51,71.23,71.51,4443,2020-10-14 13:45:00,TXRH
71.51,71.61,71.32,71.415,3750,2020-10-14 13:50:00,TXRH
71.415,71.54,71.34,71.34,6572,2020-10-14 13:55:00,TXRH
71.4307,71.4307,70.88,70.97,5100,2020-10-14 14:00:00,TXRH
71.035,71.145,70.9,70.91,54747,2020-10-14 14:05:00,TXRH
70.93,71.2,70.87,71.1275,37803,2020-10-14 14:10:00,TXRH
71.19,71.19,71.01,71.01,1762,2020-10-14 14:15:00,TXRH
71.17,71.41,71.11,71.41,2610,2020-10-14 14:20:00,TXRH
71.4,71.4,71.2,71.34,1675,2020-10-14 14:25:00,TXRH
71.4,71.42,71.305,71.42,1867,2020-10-14 14:30:00,TXRH
71.35,71.53,71.34,71.53,1000,2020-10-14 14:35:00,TXRH
71.52,71.52,71.41,71.44,800,2020-10-14 14:40:00,TXRH
71.425,71.52,71.21,71.21,4246,2020-10-14 14:45:00,TXRH
71.27,71.485,71.14,71.42,5175,2020-10-14 14:50:00,TXRH
71.425,71.54,71.425,71.54,3136,2020-10-14 14:55:00,TXRH
71.57,71.66,71.47,71.66,4507,2020-10-14 15:00:00,TXRH
71.66,71.75,71.56,71.59,4900,2020-10-14 15:05:00,TXRH
71.71,71.76,71.64,71.67,3634,2020-10-14 15:10:00,TXRH
71.7235,71.79,71.71,71.78,3200,2020-10-14 15:15:00,TXRH
71.81,71.86,71.73,71.79,3997,2020-10-14 15:20:00,TXRH
71.835,72.03,71.835,72.03,29426,2020-10-14 15:25:00,TXRH
72.0,72.0,71.85,71.89,6564,2020-10-14 15:30:00,TXRH
71.94,72.25,71.94,72.25,18028,2020-10-14 15:35:00,TXRH
72.22,72.49,72.18,72.42,7300,2020-10-14 15:40:00,TXRH
72.38,72.42,71.83,72.015,5661,2020-10-14 15:45:00,TXRH
72.05,72.05,71.73,71.75,3101,2020-10-14 15:50:00,TXRH
71.79,71.81,71.645,71.66,1500,2020-10-14 15:55:00,TXRH
71.66,71.835,71.66,71.8002,4578,2020-10-14 16:00:00,TXRH
71.87,71.935,71.83,71.935,2038,2020-10-14 16:05:00,TXRH
71.935,71.935,71.79,71.83,3720,2020-10-14 16:10:00,TXRH
71.905,71.93,71.82,71.84,3800,2020-10-14 16:15:00,TXRH
71.84,71.9,71.71,71.72,5416,2020-10-14 16:20:00,TXRH
71.72,71.87,71.72,71.87,2454,2020-10-14 16:25:00,TXRH
71.88,71.99,71.85,71.9525,1235,2020-10-14 16:30:00,TXRH
72.01,72.11,71.98,72.0,3925,2020-10-14 16:35:00,TXRH
71.99,72.05,71.99,72.03,500,2020-10-14 16:40:00,TXRH
71.995,72.14,71.995,72.135,4328,2020-10-14 16:45:00,TXRH
72.13,72.15,72.02,72.02,3897,2020-10-14 16:50:00,TXRH
72.03,72.15,71.91,71.965,6752,2020-10-14 16:55:00,TXRH
71.955,72.0,71.93,71.93,7193,2020-10-14 17:00:00,TXRH
71.93,71.99,71.88,71.98,4706,2020-10-14 17:05:00,TXRH
71.985,72.0,71.94,71.97,2377,2020-10-14 17:10:00,TXRH
71.955,72.07,71.875,72.055,4875,2020-10-14 17:15:00,TXRH
72.055,72.08,72.01,72.025,3560,2020-10-14 17:20:00,TXRH
72.01,72.01,71.9,71.9,4720,2020-10-14 17:25:00,TXRH
71.87,71.96,71.83,71.95,3400,2020-10-14 17:30:00,TXRH
71.96,71.9767,71.88,71.95,1544,2020-10-14 17:35:00,TXRH
71.92,71.96,71.87,71.87,4635,2020-10-14 17:40:00,TXRH
71.84,71.905,71.84,71.88,3218,2020-10-14 17:45:00,TXRH
71.915,71.93,71.82,71.89,23200,2020-10-14 17:50:00,TXRH
71.875,71.885,71.805,71.805,2328,2020-10-14 17:55:00,TXRH
71.83,71.85,71.78,71.85,3387,2020-10-14 18:00:00,TXRH
71.87,71.94,71.82,71.83,3802,2020-10-14 18:05:00,TXRH
71.85,71.9,71.82,71.9,5300,2020-10-14 18:10:00,TXRH
71.85,71.94,71.77,71.92,17099,2020-10-14 18:15:00,TXRH
71.95,72.07,71.92,72.06,18518,2020-10-14 18:20:00,TXRH
72.035,72.035,71.89,71.93,9171,2020-10-14 18:25:00,TXRH
71.925,71.945,71.63,71.68,5867,2020-10-14 18:30:00,TXRH
71.71,71.8578,71.62,71.7,4996,2020-10-14 18:35:00,TXRH
71.72,71.84,71.6927,71.77,5585,2020-10-14 18:40:00,TXRH
71.73,71.88,71.68,71.865,4809,2020-10-14 18:45:00,TXRH
71.865,71.9,71.81,71.9,5701,2020-10-14 18:50:00,TXRH
71.8486,71.91,71.8486,71.855,3461,2020-10-14 18:55:00,TXRH
71.87,71.98,71.85,71.95,9539,2020-10-14 19:00:00,TXRH
71.95,72.08,71.95,72.01,5055,2020-10-14 19:05:00,TXRH
72.0,72.09,71.98,72.02,4300,2020-10-14 19:10:00,TXRH
72.015,72.17,72.015,72.17,6504,2020-10-14 19:15:00,TXRH
72.17,72.32,72.13,72.29,12610,2020-10-14 19:20:00,TXRH
72.27,72.29,72.06,72.1,9428,2020-10-14 19:25:00,TXRH
72.08,72.315,72.08,72.31,9374,2020-10-14 19:30:00,TXRH
72.295,72.295,72.15,72.2,9829,2020-10-14 19:35:00,TXRH
72.2,72.46,72.2,72.38,13260,2020-10-14 19:40:00,TXRH
72.37,72.42,72.275,72.32,16213,2020-10-14 19:45:00,TXRH
72.31,72.5,72.25,72.44,31526,2020-10-14 19:50:00,TXRH
72.42,72.45,72.23,72.33,53296,2020-10-14 19:55:00,TXRH
72.32,72.32,72.32,72.32,40151,2020-10-14 20:00:00,TXRH
71.43,71.7,70.9,71.7,14917,2020-10-15 13:30:00,TXRH
71.8,72.2063,71.8,72.01,8226,2020-10-15 13:35:00,TXRH
72.1,72.35,72.1,72.105,1277,2020-10-15 13:40:00,TXRH
72.09,72.1525,71.93,71.9975,44354,2020-10-15 13:45:00,TXRH
71.85,72.02,71.84,71.85,5435,2020-10-15 13:50:00,TXRH
71.86,72.095,71.85,72.065,8008,2020-10-15 13:55:00,TXRH
71.99,72.065,71.92,72.0,4311,2020-10-15 14:00:00,TXRH
72.005,72.06,71.51,71.79,18014,2020-10-15 14:05:00,TXRH
71.71,72.12,71.71,71.885,19397,2020-10-15 14:10:00,TXRH
71.81,71.92,71.67,71.92,3009,2020-10-15 14:15:00,TXRH
71.895,72.085,71.825,72.085,15096,2020-10-15 14:20:00,TXRH
72.13,72.24,72.04,72.24,8297,2020-10-15 14:25:00,TXRH
72.26,72.54,72.25,72.35,19359,2020-10-15 14:30:00,TXRH
72.35,72.58,72.35,72.56,3349,2020-10-15 14:35:00,TXRH
72.66,72.87,72.64,72.74,9262,2020-10-15 14:40:00,TXRH
72.68,72.81,72.58,72.7,12644,2020-10-15 14:45:00,TXRH
72.7,72.7,72.58,72.59,6236,2020-10-15 14:50:00,TXRH
72.615,72.9,72.615,72.89,6378,2020-10-15 14:55:00,TXRH
72.86,72.94,72.805,72.84,4304,2020-10-15 15:00:00,TXRH
72.85,72.99,72.8,72.84,8121,2020-10-15 15:05:00,TXRH
72.7666,72.83,72.67,72.7,3867,2020-10-15 15:10:00,TXRH
72.7,73.1,72.69,73.04,5493,2020-10-15 15:15:00,TXRH
73.02,73.18,73.0,73.1,7626,2020-10-15 15:20:00,TXRH
73.07,73.13,72.9701,73.12,3091,2020-10-15 15:25:00,TXRH
73.12,73.26,73.05,73.17,4574,2020-10-15 15:30:00,TXRH
73.24,73.38,73.19,73.35,9641,2020-10-15 15:35:00,TXRH
73.315,73.315,73.16,73.16,4790,2020-10-15 15:40:00,TXRH
73.16,73.195,73.0802,73.16,8015,2020-10-15 15:45:00,TXRH
73.16,73.28,73.07,73.24,7661,2020-10-15 15:50:00,TXRH
73.24,73.34,73.13,73.135,5696,2020-10-15 15:55:00,TXRH
73.0,73.09,72.8,73.0,4883,2020-10-15 16:00:00,TXRH
72.97,73.03,72.89,72.91,3595,2020-10-15 16:05:00,TXRH
72.88,72.99,72.88,72.955,4662,2020-10-15 16:10:00,TXRH
72.91,73.01,72.91,72.91,4708,2020-10-15 16:15:00,TXRH
72.94,73.0,72.92,72.92,5374,2020-10-15 16:20:00,TXRH
72.95,73.0,72.93,72.95,2600,2020-10-15 16:25:00,TXRH
72.985,73.02,72.95,72.96,2984,2020-10-15 16:30:00,TXRH
72.95,72.98,72.86,72.88,5850,2020-10-15 16:35:00,TXRH
72.9,72.91,72.78,72.78,6171,2020-10-15 16:40:00,TXRH
72.77,72.88,72.76,72.84,3159,2020-10-15 16:45:00,TXRH
72.89,73.25,72.89,73.05,5600,2020-10-15 16:50:00,TXRH
73.01,73.09,73.01,73.06,3520,2020-10-15 16:55:00,TXRH
73.06,73.09,72.97,72.99,4134,2020-10-15 17:00:00,TXRH
73.05,73.05,72.84,72.84,4846,2020-10-15 17:05:00,TXRH
72.77,73.0,72.77,72.97,3100,2020-10-15 17:10:00,TXRH
72.97,73.16,72.95,73.085,7884,2020-10-15 17:15:00,TXRH
73.11,73.19,73.1,73.1,3133,2020-10-15 17:20:00,TXRH
73.09,73.19,73.085,73.15,4147,2020-10-15 17:25:00,TXRH
73.16,73.16,72.91,72.965,3469,2020-10-15 17:30:00,TXRH
73.06,73.07,72.92,73.01,4300,2020-10-15 17:35:00,TXRH
73.02,73.15,73.0001,73.09,3830,2020-10-15 17:40:00,TXRH
73.13,73.205,73.085,73.13,3742,2020-10-15 17:45:00,TXRH
73.095,73.095,73.0,73.01,2144,2020-10-15 17:50:00,TXRH
72.97,73.12,72.94,73.035,3200,2020-10-15 17:55:00,TXRH
73.05,73.15,73.05,73.09,4370,2020-10-15 18:00:00,TXRH
73.09,73.12,72.96,73.085,9379,2020-10-15 18:05:00,TXRH
73.08,73.1,73.0,73.095,4100,2020-10-15 18:10:00,TXRH
73.12,73.21,73.07,73.21,4500,2020-10-15 18:15:00,TXRH
73.19,73.3,73.18,73.265,2550,2020-10-15 18:20:00,TXRH
73.29,73.4,73.28,73.4,4385,2020-10-15 18:25:00,TXRH
73.41,73.49,73.41,73.48,3620,2020-10-15 18:30:00,TXRH
73.5,73.5,73.36,73.44,5718,2020-10-15 18:35:00,TXRH
73.425,73.535,73.33,73.34,4829,2020-10-15 18:40:00,TXRH
73.31,73.45,73.3,73.42,9416,2020-10-15 18:45:00,TXRH
73.42,73.48,73.33,73.415,6140,2020-10-15 18:50:00,TXRH
73.45,73.52,73.41,73.46,6812,2020-10-15 18:55:00,TXRH
73.42,73.5,73.39,73.4,8599,2020-10-15 19:00:00,TXRH
73.38,73.505,73.27,73.37,6795,2020-10-15 19:05:00,TXRH
73.4,73.48,73.34,73.475,6485,2020-10-15 19:10:00,TXRH
73.47,73.57,73.45,73.57,15088,2020-10-15 19:15:00,TXRH
73.58,73.68,73.55,73.555,12339,2020-10-15 19:20:00,TXRH
73.56,73.64,73.56,73.59,11577,2020-10-15 19:25:00,TXRH
73.6075,73.66,73.495,73.495,15183,2020-10-15 19:30:00,TXRH
73.47,73.67,73.47,73.62,15904,2020-10-15 19:35:00,TXRH
73.62,73.83,73.62,73.71,15309,2020-10-15 19:40:00,TXRH
73.715,73.79,73.56,73.57,18335,2020-10-15 19:45:00,TXRH
73.59,73.88,73.59,73.7,32768,2020-10-15 19:50:00,TXRH
73.73,73.8,73.685,73.76,48835,2020-10-15 19:55:00,TXRH
73.75,73.75,73.75,73.75,65895,2020-10-15 20:00:00,TXRH
74.0,74.0,73.75,73.75,25730,2020-10-16 12:35:00,TXRH
73.85,73.85,73.81,73.81,700,2020-10-16 13:25:00,TXRH
73.58,74.15,73.58,74.11,21305,2020-10-16 13:30:00,TXRH
74.18,74.18,73.9075,73.9075,4050,2020-10-16 13:35:00,TXRH
73.98,74.08,73.98,74.065,4447,2020-10-16 13:40:00,TXRH
74.01,74.03,73.89,73.93,6906,2020-10-16 13:45:00,TXRH
73.92,74.1,73.88,74.02,6865,2020-10-16 13:50:00,TXRH
74.07,74.14,73.875,73.875,8867,2020-10-16 13:55:00,TXRH
73.99,74.15,73.965,74.12,2300,2020-10-16 14:00:00,TXRH
74.13,74.13,73.83,73.88,9038,2020-10-16 14:05:00,TXRH
73.93,73.97,73.585,73.585,29951,2020-10-16 14:10:00,TXRH
73.6,73.67,73.41,73.41,10326,2020-10-16 14:15:00,TXRH
73.39,73.63,73.35,73.5,3855,2020-10-16 14:20:00,TXRH
73.545,73.63,73.51,73.55,1027,2020-10-16 14:25:00,TXRH
73.57,73.57,73.24,73.36,4983,2020-10-16 14:30:00,TXRH
73.41,73.435,73.35,73.4,3238,2020-10-16 14:35:00,TXRH
73.44,73.6,73.44,73.55,5984,2020-10-16 14:40:00,TXRH
73.6,73.68,73.49,73.54,3293,2020-10-16 14:45:00,TXRH
73.5,73.81,73.495,73.81,4900,2020-10-16 14:50:00,TXRH
73.8,73.8,73.58,73.69,5219,2020-10-16 14:55:00,TXRH
73.73,73.84,73.73,73.84,2800,2020-10-16 15:00:00,TXRH
73.79,73.79,73.68,73.6875,3277,2020-10-16 15:05:00,TXRH
73.73,73.73,73.395,73.395,4581,2020-10-16 15:10:00,TXRH
73.34,73.39,73.08,73.165,1416,2020-10-16 15:15:00,TXRH
73.165,73.32,73.05,73.08,3335,2020-10-16 15:20:00,TXRH
73.01,73.11,72.98,73.11,5020,2020-10-16 15:25:00,TXRH
73.09,73.2,73.06,73.06,6505,2020-10-16 15:30:00,TXRH
73.08,73.31,73.0,73.3,51777,2020-10-16 15:35:00,TXRH
73.3,73.44,73.3,73.44,7225,2020-10-16 15:40:00,TXRH
73.45,73.66,73.41,73.5775,5437,2020-10-16 15:45:00,TXRH
73.64,73.96,73.6,73.93,10847,2020-10-16 15:50:00,TXRH
73.93,73.97,73.82,73.87,4966,2020-10-16 15:55:00,TXRH
73.85,73.85,73.7,73.755,3200,2020-10-16 16:00:00,TXRH
73.78,73.84,73.64,73.64,1543,2020-10-16 16:05:00,TXRH
73.635,73.73,73.635,73.705,3300,2020-10-16 16:10:00,TXRH
73.7,73.86,73.7,73.77,2601,2020-10-16 16:15:00,TXRH
73.74,73.8,73.74,73.765,500,2020-10-16 16:20:00,TXRH
73.75,73.86,73.75,73.86,1063,2020-10-16 16:25:00,TXRH
73.825,73.825,73.58,73.61,2969,2020-10-16 16:30:00,TXRH
73.61,73.68,73.5707,73.6,2627,2020-10-16 16:35:00,TXRH
73.58,73.58,73.46,73.465,1255,2020-10-16 16:40:00,TXRH
73.475,73.51,73.4,73.4,956,2020-10-16 16:45:00,TXRH
73.34,73.41,73.26,73.41,3639,2020-10-16 16:50:00,TXRH
73.51,73.64,73.48,73.63,1000,2020-10-16 16:55:00,TXRH
73.55,73.78,73.54,73.78,4200,2020-10-16 17:00:00,TXRH
73.78,73.78,73.78,73.78,100,2020-10-16 17:05:00,TXRH
73.86,73.86,73.73,73.76,2351,2020-10-16 17:10:00,TXRH
73.79,73.86,73.79,73.86,500,2020-10-16 17:15:00,TXRH
73.84,73.84,73.73,73.73,1563,2020-10-16 17:20:00,TXRH
73.63,73.7,73.63,73.66,1319,2020-10-16 17:25:00,TXRH
73.6,73.68,73.6,73.67,900,2020-10-16 17:30:00,TXRH
73.63,73.77,73.63,73.77,1615,2020-10-16 17:35:00,TXRH
73.6801,73.85,73.6801,73.85,957,2020-10-16 17:40:00,TXRH
73.84,73.84,73.77,73.775,1539,2020-10-16 17:45:00,TXRH
73.82,73.93,73.82,73.93,2417,2020-10-16 17:50:00,TXRH
73.895,73.9,73.895,73.9,200,2020-10-16 17:55:00,TXRH
73.93,74.075,73.92,73.98,4980,2020-10-16 18:00:00,TXRH
73.965,74.055,73.965,74.0305,2600,2020-10-16 18:05:00,TXRH
74.06,74.11,74.01,74.02,2001,2020-10-16 18:10:00,TXRH
74.02,74.08,73.99,74.015,2146,2020-10-16 18:15:00,TXRH
74.0126,74.09,74.0126,74.07,812,2020-10-16 18:20:00,TXRH
74.1,74.15,74.06,74.115,4407,2020-10-16 18:25:00,TXRH
74.115,74.17,74.11,74.17,1552,2020-10-16 18:30:00,TXRH
74.16,74.2,74.15,74.175,3320,2020-10-16 18:35:00,TXRH
74.15,74.15,74.085,74.11,2643,2020-10-16 18:40:00,TXRH
74.15,74.17,74.1,74.17,2211,2020-10-16 18:45:00,TXRH
74.2,74.28,74.2,74.23,4725,2020-10-16 18:50:00,TXRH
74.22,74.35,74.21,74.265,11294,2020-10-16 18:55:00,TXRH
74.265,74.27,74.21,74.23,8012,2020-10-16 19:00:00,TXRH
74.23,74.31,74.21,74.26,5655,2020-10-16 19:05:00,TXRH
74.25,74.31,74.21,74.21,6324,2020-10-16 19:10:00,TXRH
74.21,74.28,74.19,74.27,3802,2020-10-16 19:15:00,TXRH
74.24,74.3,74.23,74.3,3387,2020-10-16 19:20:00,TXRH
74.31,74.31,74.16,74.16,3610,2020-10-16 19:25:00,TXRH
74.21,74.24,74.14,74.16,6498,2020-10-16 19:30:00,TXRH
74.12,74.12,74.02,74.055,6032,2020-10-16 19:35:00,TXRH
74.03,74.04,73.92,74.04,7999,2020-10-16 19:40:00,TXRH
74.05,74.07,73.96,74.06,5172,2020-10-16 19:45:00,TXRH
74.08,74.09,73.82,73.96,15716,2020-10-16 19:50:00,TXRH
73.94,73.97,73.87,73.87,34497,2020-10-16 19:55:00,TXRH
73.87,73.87,73.87,73.87,66957,2020-10-16 20:00:00,TXRH
74.18,74.54,73.67,74.13,14111,2020-10-19 13:30:00,TXRH
74.06,74.215,73.88,73.885,1400,2020-10-19 13:35:00,TXRH
73.97,74.13,73.93,74.045,2525,2020-10-19 13:40:00,TXRH
73.97,74.71,73.97,74.335,16561,2020-10-19 13:45:00,TXRH
74.4,74.63,74.19,74.575,4854,2020-10-19 13:50:00,TXRH
74.545,74.545,74.34,74.38,2100,2020-10-19 13:55:00,TXRH
74.33,74.44,74.22,74.44,2400,2020-10-19 14:00:00,TXRH
74.42,74.44,74.185,74.185,3147,2020-10-19 14:05:00,TXRH
74.18,74.18,73.99,74.01,7691,2020-10-19 14:10:00,TXRH
73.97,74.21,73.93,74.21,9707,2020-10-19 14:15:00,TXRH
74.21,74.76,74.21,74.7125,9137,2020-10-19 14:20:00,TXRH
74.62,74.73,74.55,74.73,1700,2020-10-19 14:25:00,TXRH
74.73,74.7367,74.46,74.55,2703,2020-10-19 14:30:00,TXRH
74.54,74.59,74.07,74.1,5645,2020-10-19 14:35:00,TXRH
74.24,74.29,74.06,74.06,3248,2020-10-19 14:40:00,TXRH
74.09,74.26,73.91,74.16,5800,2020-10-19 14:45:00,TXRH
74.235,74.31,74.2,74.2,3754,2020-10-19 14:50:00,TXRH
74.2,74.27,74.13,74.17,7547,2020-10-19 14:55:00,TXRH
74.15,74.22,74.13,74.145,3031,2020-10-19 15:00:00,TXRH
74.11,74.24,74.11,74.24,5688,2020-10-19 15:05:00,TXRH
74.19,74.26,74.11,74.21,7961,2020-10-19 15:10:00,TXRH
74.305,74.395,74.17,74.3,3794,2020-10-19 15:15:00,TXRH
74.275,74.3,73.99,74.01,3840,2020-10-19 15:20:00,TXRH
74.015,74.13,73.9538,74.13,4248,2020-10-19 15:25:00,TXRH
74.07,74.15,74.02,74.065,3384,2020-10-19 15:30:00,TXRH
74.07,74.21,74.07,74.11,9005,2020-10-19 15:35:00,TXRH
74.07,74.32,74.07,74.2,12005,2020-10-19 15:40:00,TXRH
74.21,74.21,74.1,74.165,3073,2020-10-19 15:45:00,TXRH
74.14,74.36,74.14,74.27,2000,2020-10-19 15:50:00,TXRH
74.26,74.39,74.16,74.36,4000,2020-10-19 15:55:00,TXRH
74.26,74.34,74.14,74.31,4524,2020-10-19 16:00:00,TXRH
74.265,74.3,74.09,74.2175,5208,2020-10-19 16:05:00,TXRH
74.29,74.32,74.13,74.18,3683,2020-10-19 16:10:00,TXRH
74.18,74.23,74.09,74.215,4795,2020-10-19 16:15:00,TXRH
74.215,74.215,74.01,74.01,3213,2020-10-19 16:20:00,TXRH
74.02,74.16,73.96,74.11,3001,2020-10-19 16:25:00,TXRH
74.1,74.155,74.06,74.08,2742,2020-10-19 16:30:00,TXRH
74.01,74.23,74.01,74.14,1800,2020-10-19 16:35:00,TXRH
74.085,74.23,74.085,74.17,2800,2020-10-19 16:40:00,TXRH
74.16,74.16,74.03,74.03,1790,2020-10-19 16:45:00,TXRH
74.03,74.09,73.96,74.09,2108,2020-10-19 16:50:00,TXRH
74.07,74.14,74.07,74.14,3500,2020-10-19 16:55:00,TXRH
74.13,74.33,74.1,74.1,4716,2020-10-19 17:00:00,TXRH
74.08,74.09,74.0,74.0,7100,2020-10-19 17:05:00,TXRH
74.0,74.24,74.0,74.23,9552,2020-10-19 17:10:00,TXRH
74.15,74.155,74.0,74.03,4407,2020-10-19 17:15:00,TXRH
74.06,74.105,74.01,74.08,6889,2020-10-19 17:20:00,TXRH
74.09,74.14,74.01,74.13,10193,2020-10-19 17:25:00,TXRH
74.145,74.23,74.05,74.05,6426,2020-10-19 17:30:00,TXRH
74.05,74.2,74.05,74.19,3633,2020-10-19 17:35:00,TXRH
74.215,74.3,74.21,74.225,3809,2020-10-19 17:40:00,TXRH
74.2,74.2,74.01,74.16,4400,2020-10-19 17:45:00,TXRH
74.17,74.17,73.94,73.9489,3299,2020-10-19 17:50:00,TXRH
74.01,74.07,73.94,74.015,4183,2020-10-19 17:55:00,TXRH
73.99,73.99,73.63,73.63,7463,2020-10-19 18:00:00,TXRH
73.59,73.66,73.53,73.55,9519,2020-10-19 18:05:00,TXRH
73.54,73.82,73.51,73.82,3579,2020-10-19 18:10:00,TXRH
73.84,73.915,73.825,73.865,3756,2020-10-19 18:15:00,TXRH
73.89,73.895,73.86,73.88,800,2020-10-19 18:20:00,TXRH
73.93,73.93,73.83,73.855,1600,2020-10-19 18:25:00,TXRH
73.82,73.83,73.53,73.53,5671,2020-10-19 18:30:00,TXRH
73.45,73.52,73.44,73.44,4300,2020-10-19 18:35:00,TXRH
73.39,73.48,73.36,73.36,2300,2020-10-19 18:40:00,TXRH
73.34,73.4,73.13,73.21,4545,2020-10-19 18:45:00,TXRH
73.2,73.26,73.12,73.26,4969,2020-10-19 18:50:00,TXRH
73.23,73.35,73.04,73.04,2679,2020-10-19 18:55:00,TXRH
73.13,73.16,72.8,72.805,6005,2020-10-19 19:00:00,TXRH
72.7559,72.885,72.7559,72.81,7502,2020-10-19 19:05:00,TXRH
72.85,73.05,72.81,73.01,6620,2020-10-19 19:10:00,TXRH
72.905,72.92,72.78,72.82,6156,2020-10-19 19:15:00,TXRH
72.84,72.935,72.74,72.75,5944,2020-10-19 19:20:00,TXRH
72.72,72.9122,72.72,72.9122,9479,2020-10-19 19:25:00,TXRH
72.89,73.0,72.86,72.89,18291,2020-10-19 19:30:00,TXRH
72.88,73.04,72.88,72.95,13406,2020-10-19 19:35:00,TXRH
72.93,72.94,72.68,72.69,12400,2020-10-19 19:40:00,TXRH
72.695,72.79,72.62,72.67,27535,2020-10-19 19:45:00,TXRH
72.64,72.66,72.44,72.44,33009,2020-10-19 19:50:00,TXRH
72.43,72.61,72.43,72.59,61557,2020-10-19 19:55:00,TXRH
72.6,72.6,72.6,72.6,46627,2020-10-19 20:00:00,TXRH
73.44,73.69,73.36,73.445,10588,2020-10-20 13:30:00,TXRH
73.495,73.61,73.42,73.61,10702,2020-10-20 13:35:00,TXRH
73.63,73.63,73.408,73.51,1614,2020-10-20 13:40:00,TXRH
73.5401,73.7,73.48,73.7,1300,2020-10-20 13:45:00,TXRH
73.7,73.7,73.515,73.54,925,2020-10-20 13:50:00,TXRH
73.535,73.705,73.395,73.705,4621,2020-10-20 13:55:00,TXRH
73.705,73.745,73.425,73.47,2672,2020-10-20 14:00:00,TXRH
73.475,73.475,73.06,73.065,1100,2020-10-20 14:05:00,TXRH
73.015,73.31,72.89,72.89,3130,2020-10-20 14:10:00,TXRH
72.81,72.97,72.74,72.89,2100,2020-10-20 14:15:00,TXRH
72.89,73.01,72.73,72.83,4193,2020-10-20 14:20:00,TXRH
72.905,73.14,72.89,73.065,2400,2020-10-20 14:25:00,TXRH
73.16,73.22,73.07,73.13,2500,2020-10-20 14:30:00,TXRH
73.2,73.3,73.09,73.29,4219,2020-10-20 14:35:00,TXRH
73.295,73.305,73.0,73.15,5460,2020-10-20 14:40:00,TXRH
73.15,73.22,72.94,73.1,2207,2020-10-20 14:45:00,TXRH
73.19,73.45,73.19,73.45,1600,2020-10-20 14:50:00,TXRH
73.37,73.64,73.28,73.44,77095,2020-10-20 14:55:00,TXRH
73.38,73.38,73.16,73.215,3703,2020-10-20 15:00:00,TXRH
73.15,73.445,73.15,73.445,6755,2020-10-20 15:05:00,TXRH
73.445,73.565,73.445,73.565,3346,2020-10-20 15:10:00,TXRH
73.6,73.81,73.6,73.81,1580,2020-10-20 15:15:00,TXRH
73.745,74.14,73.745,74.085,4365,2020-10-20 15:20:00,TXRH
74.13,74.35,74.1,74.35,9125,2020-10-20 15:25:00,TXRH
74.315,74.415,74.255,74.3,10116,2020-10-20 15:30:00,TXRH
74.28,74.36,74.275,74.36,1600,2020-10-20 15:35:00,TXRH
74.36,74.45,74.3,74.42,8390,2020-10-20 15:40:00,TXRH
74.425,74.48,74.33,74.395,4166,2020-10-20 15:45:00,TXRH
74.38,74.42,74.33,74.42,4400,2020-10-20 15:50:00,TXRH
74.42,74.52,74.385,74.52,5377,2020-10-20 15:55:00,TXRH
74.51,74.65,74.48,74.55,7585,2020-10-20 16:00:00,TXRH
74.575,74.6,74.555,74.575,1400,2020-10-20 16:05:00,TXRH
74.575,74.71,74.575,74.6742,7253,2020-10-20 16:10:00,TXRH
74.7,74.78,74.69,74.73,11248,2020-10-20 16:15:00,TXRH
74.725,74.78,74.68,74.705,4780,2020-10-20 16:20:00,TXRH
74.705,74.77,74.705,74.74,3549,2020-10-20 16:25:00,TXRH
74.74,75.15,74.74,75.15,7609,2020-10-20 16:30:00,TXRH
75.16,75.29,74.92,74.97,10796,2020-10-20 16:35:00,TXRH
75.09,75.21,75.02,75.145,5561,2020-10-20 16:40:00,TXRH
75.145,75.19,75.07,75.09,9169,2020-10-20 16:45:00,TXRH
75.07,75.14,74.96,74.97,10958,2020-10-20 16:50:00,TXRH
74.945,75.17,74.94,75.1,3638,2020-10-20 16:55:00,TXRH
75.115,75.18,75.085,75.13,4391,2020-10-20 17:00:00,TXRH
75.12,75.25,75.11,75.1105,4371,2020-10-20 17:05:00,TXRH
75.15,75.42,75.075,75.3301,4892,2020-10-20 17:10:00,TXRH
75.365,75.365,75.185,75.185,3100,2020-10-20 17:15:00,TXRH
75.19,75.319,75.17,75.23,3036,2020-10-20 17:20:00,TXRH
75.205,75.26,75.04,75.04,6425,2020-10-20 17:25:00,TXRH
75.0,75.07,74.9299,74.98,5140,2020-10-20 17:30:00,TXRH
74.95,75.01,74.73,74.79,3551,2020-10-20 17:35:00,TXRH
74.79,74.81,74.62,74.645,2100,2020-10-20 17:40:00,TXRH
74.62,74.78,74.62,74.77,1660,2020-10-20 17:45:00,TXRH
74.77,74.78,74.71,74.72,3047,2020-10-20 17:50:00,TXRH
74.705,74.705,74.43,74.57,5500,2020-10-20 17:55:00,TXRH
74.52,74.66,74.52,74.62,5527,2020-10-20 18:00:00,TXRH
74.62,74.68,74.52,74.555,7219,2020-10-20 18:05:00,TXRH
74.56,74.98,74.53,74.97,8062,2020-10-20 18:10:00,TXRH
74.9,74.915,74.745,74.745,6789,2020-10-20 18:15:00,TXRH
74.78,74.78,74.69,74.75,3600,2020-10-20 18:20:00,TXRH
74.71,74.75,74.55,74.555,4077,2020-10-20 18:25:00,TXRH
74.55,74.59,74.51,74.51,1300,2020-10-20 18:30:00,TXRH
74.51,74.51,74.43,74.435,4354,2020-10-20 18:35:00,TXRH
74.45,74.48,74.27,74.28,4233,2020-10-20 18:40:00,TXRH
74.26,74.29,74.24,74.29,3411,2020-10-20 18:45:00,TXRH
74.29,74.4,74.26,74.37,2900,2020-10-20 18:50:00,TXRH
74.41,74.505,74.37,74.395,4129,2020-10-20 18:55:00,TXRH
74.415,74.415,74.28,74.28,2438,2020-10-20 19:00:00,TXRH
74.3,74.3,74.09,74.17,11218,2020-10-20 19:05:00,TXRH
74.15,74.19,74.0,74.175,9092,2020-10-20 19:10:00,TXRH
74.14,74.21,74.04,74.09,4502,2020-10-20 19:15:00,TXRH
74.08,74.32,74.05,74.31,5400,2020-10-20 19:20:00,TXRH
74.31,74.46,74.31,74.46,5933,2020-10-20 19:25:00,TXRH
74.44,74.48,74.27,74.3,7875,2020-10-20 19:30:00,TXRH
74.295,74.305,74.21,74.28,5950,2020-10-20 19:35:00,TXRH
74.29,74.56,74.29,74.49,8104,2020-10-20 19:40:00,TXRH
74.485,74.485,74.28,74.28,15622,2020-10-20 19:45:00,TXRH
74.35,74.44,74.21,74.33,15338,2020-10-20 19:50:00,TXRH
74.3,74.315,74.12,74.2,35259,2020-10-20 19:55:00,TXRH
74.16,74.16,74.16,74.16,166642,2020-10-20 20:00:00,TXRH
74.16,74.16,74.16,74.16,74666,2020-10-21 12:30:00,TXRH
74.34,74.64,74.18,74.445,7938,2020-10-21 13:30:00,TXRH
74.35,74.35,73.9772,73.9772,954,2020-10-21 13:35:00,TXRH
73.86,74.11,73.8,73.904,11300,2020-10-21 13:40:00,TXRH
73.825,74.13,73.79,74.035,1800,2020-10-21 13:45:00,TXRH
73.94,74.15,73.9,74.045,2789,2020-10-21 13:50:00,TXRH
74.1255,74.25,73.95,74.25,2863,2020-10-21 13:55:00,TXRH
74.21,74.24,73.92,74.21,1558,2020-10-21 14:00:00,TXRH
74.29,74.46,74.27,74.42,1300,2020-10-21 14:05:00,TXRH
74.29,74.42,74.265,74.35,1682,2020-10-21 14:10:00,TXRH
74.385,74.385,74.27,74.38,1511,2020-10-21 14:15:00,TXRH
74.4,74.51,74.36,74.51,1310,2020-10-21 14:20:00,TXRH
74.45,74.47,74.31,74.31,1512,2020-10-21 14:25:00,TXRH
74.38,74.49,74.3,74.42,2884,2020-10-21 14:30:00,TXRH
74.37,74.42,74.25,74.42,3100,2020-10-21 14:35:00,TXRH
74.36,74.39,74.34,74.39,661,2020-10-21 14:40:00,TXRH
74.3,74.35,74.15,74.15,1697,2020-10-21 14:45:00,TXRH
74.09,74.09,73.79,73.89,3361,2020-10-21 14:50:00,TXRH
73.92,73.92,73.67,73.67,2500,2020-10-21 14:55:00,TXRH
73.74,73.835,73.6,73.6,3559,2020-10-21 15:00:00,TXRH
73.65,73.71,73.6,73.675,24450,2020-10-21 15:05:00,TXRH
74.105,74.25,74.08,74.14,36850,2020-10-21 15:30:00,TXRH
74.2,74.2,74.08,74.11,10086,2020-10-21 15:35:00,TXRH
74.11,74.21,74.11,74.12,5026,2020-10-21 15:40:00,TXRH
74.12,74.19,74.02,74.16,6012,2020-10-21 15:45:00,TXRH
74.17,74.17,73.95,73.95,2098,2020-10-21 15:50:00,TXRH
73.95,73.99,73.69,73.735,2274,2020-10-21 15:55:00,TXRH
73.735,73.83,73.67,73.73,2600,2020-10-21 16:00:00,TXRH
73.87,73.99,73.87,73.99,2000,2020-10-21 16:05:00,TXRH
73.94,73.94,73.63,73.66,8086,2020-10-21 16:10:00,TXRH
73.58,73.58,73.45,73.48,800,2020-10-21 16:15:00,TXRH
73.49,73.96,73.48,73.87,17746,2020-10-21 16:20:00,TXRH
73.84,73.865,73.73,73.84,4112,2020-10-21 16:25:00,TXRH
73.74,73.795,73.56,73.56,2400,2020-10-21 16:30:00,TXRH
73.58,73.615,73.51,73.58,3700,2020-10-21 16:35:00,TXRH
73.59,73.64,73.545,73.56,8998,2020-10-21 16:40:00,TXRH
73.54,73.635,73.44,73.475,2000,2020-10-21 16:45:00,TXRH
73.485,73.55,73.435,73.435,1728,2020-10-21 16:50:00,TXRH
73.47,73.56,73.31,73.36,10716,2020-10-21 16:55:00,TXRH
73.45,73.5299,73.31,73.45,12068,2020-10-21 17:00:00,TXRH
73.455,73.455,73.39,73.39,600,2020-10-21 17:05:00,TXRH
73.37,73.545,73.37,73.545,5394,2020-10-21 17:10:00,TXRH
73.615,73.65,73.51,73.51,13848,2020-10-21 17:15:00,TXRH
73.49,73.49,73.37,73.37,10012,2020-10-21 17:20:00,TXRH
73.415,73.42,73.32,73.42,5912,2020-10-21 17:25:00,TXRH
73.395,73.57,73.32,73.415,41826,2020-10-21 17:30:00,TXRH
73.415,73.47,73.39,73.4,3600,2020-10-21 17:35:00,TXRH
73.4,73.43,73.24,73.35,5094,2020-10-21 17:40:00,TXRH
73.35,73.43,73.35,73.41,5650,2020-10-21 17:45:00,TXRH
73.53,73.545,73.445,73.445,3678,2020-10-21 17:50:00,TXRH
73.42,73.42,73.375,73.405,5770,2020-10-21 17:55:00,TXRH
73.39,73.46,73.32,73.34,17030,2020-10-21 18:00:00,TXRH
73.32,73.45,73.32,73.42,31064,2020-10-21 18:05:00,TXRH
73.405,73.555,73.405,73.555,8210,2020-10-21 18:10:00,TXRH
73.5,73.745,73.46,73.745,3480,2020-10-21 18:15:00,TXRH
73.74,73.95,73.7375,73.95,7504,2020-10-21 18:20:00,TXRH
73.97,74.275,73.94,74.25,5808,2020-10-21 18:25:00,TXRH
74.25,74.25,74.095,74.175,21388,2020-10-21 18:30:00,TXRH
74.2,74.28,74.11,74.11,8680,2020-10-21 18:35:00,TXRH
74.09,74.1,74.03,74.09,5634,2020-10-21 18:40:00,TXRH
74.1,74.2,73.95,74.01,11418,2020-10-21 18:45:00,TXRH
73.99,74.1,73.94,74.1,5660,2020-10-21 18:50:00,TXRH
74.065,74.12,74.065,74.11,4352,2020-10-21 18:55:00,TXRH
74.11,74.18,74.06,74.085,14164,2020-10-21 19:00:00,TXRH
74.11,74.15,73.86,73.86,9000,2020-10-21 19:05:00,TXRH
73.8,73.96,73.8,73.8,12062,2020-10-21 19:10:00,TXRH
73.79,73.81,73.57,73.685,13460,2020-10-21 19:15:00,TXRH
73.7,73.87,73.68,73.87,20340,2020-10-21 19:20:00,TXRH
73.845,74.135,73.845,74.135,18186,2020-10-21 19:25:00,TXRH
74.135,74.17,73.8,73.85,27142,2020-10-21 19:30:00,TXRH
73.9,74.065,73.9,74.0,20360,2020-10-21 19:35:00,TXRH
73.97,73.97,73.78,73.87,15810,2020-10-21 19:40:00,TXRH
73.84,73.91,73.65,73.89,28756,2020-10-21 19:45:00,TXRH
73.93,74.32,73.84,74.1,84238,2020-10-21 19:50:00,TXRH
74.1,74.17,73.86,73.89,95702,2020-10-21 19:55:00,TXRH
73.88,73.88,73.88,73.88,438634,2020-10-21 20:00:00,TXRH
73.88,73.88,73.88,73.88,16649,2020-10-22 12:45:00,TXRH
74.18,74.75,73.66,74.475,14446,2020-10-22 13:30:00,TXRH
74.69,74.71,74.31,74.35,4473,2020-10-22 13:35:00,TXRH
74.48,75.15,74.48,75.15,21371,2020-10-22 13:40:00,TXRH
75.02,75.21,74.66,74.735,11712,2020-10-22 13:45:00,TXRH
74.735,74.995,74.735,74.99,4183,2020-10-22 13:50:00,TXRH
74.9,74.91,74.78,74.83,6882,2020-10-22 13:55:00,TXRH
74.8,74.85,74.685,74.75,13293,2020-10-22 14:00:00,TXRH
74.73,74.9,74.695,74.78,4342,2020-10-22 14:05:00,TXRH
74.78,74.96,74.73,74.92,11839,2020-10-22 14:10:00,TXRH
74.925,75.29,74.88,75.145,7838,2020-10-22 14:15:00,TXRH
75.19,75.19,75.0,75.08,7412,2020-10-22 14:20:00,TXRH
75.135,75.22,75.02,75.22,16376,2020-10-22 14:25:00,TXRH
75.23,75.41,75.03,75.04,13507,2020-10-22 14:30:00,TXRH
75.13,75.365,75.09,75.25,7657,2020-10-22 14:35:00,TXRH
75.22,75.22,74.95,74.96,6400,2020-10-22 14:40:00,TXRH
74.985,75.1,74.67,74.74,4626,2020-10-22 14:45:00,TXRH
74.85,75.25,74.63,75.23,2511,2020-10-22 14:50:00,TXRH
75.17,75.53,75.095,75.53,4940,2020-10-22 14:55:00,TXRH
75.49,75.67,75.49,75.615,7165,2020-10-22 15:00:00,TXRH
75.65,75.755,75.45,75.6553,11397,2020-10-22 15:05:00,TXRH
75.665,76.06,75.58,76.06,10741,2020-10-22 15:10:00,TXRH
76.045,76.21,76.01,76.11,7049,2020-10-22 15:15:00,TXRH
76.14,76.2,76.0,76.09,33976,2020-10-22 15:20:00,TXRH
76.09,76.09,75.885,75.975,7710,2020-10-22 15:25:00,TXRH
75.99,76.18,75.82,75.99,26830,2020-10-22 15:30:00,TXRH
76.04,76.17,75.91,75.94,6500,2020-10-22 15:35:00,TXRH
75.97,75.97,75.69,75.69,8371,2020-10-22 15:40:00,TXRH
75.69,75.785,75.65,75.695,6232,2020-10-22 15:45:00,TXRH
75.775,75.87,75.77,75.77,3772,2020-10-22 15:50:00,TXRH
75.765,75.87,75.41,75.4119,6967,2020-10-22 15:55:00,TXRH
75.4336,75.47,75.12,75.14,9511,2020-10-22 16:00:00,TXRH
75.19,75.495,75.19,75.45,5318,2020-10-22 16:05:00,TXRH
75.51,75.515,75.38,75.46,13343,2020-10-22 16:10:00,TXRH
75.54,75.72,75.46,75.46,6816,2020-10-22 16:15:00,TXRH
75.455,75.48,75.27,75.27,4100,2020-10-22 16:20:00,TXRH
75.25,75.3457,75.23,75.26,5945,2020-10-22 16:25:00,TXRH
75.31,75.31,75.09,75.14,6114,2020-10-22 16:30:00,TXRH
75.14,75.15,74.91,74.9275,14738,2020-10-22 16:35:00,TXRH
74.92,75.03,74.84,74.96,12397,2020-10-22 16:40:00,TXRH
75.06,75.06,74.87,74.87,7732,2020-10-22 16:45:00,TXRH
74.925,75.02,74.88,74.96,6305,2020-10-22 16:50:00,TXRH
74.93,75.0,74.92,74.9325,3180,2020-10-22 16:55:00,TXRH
74.94,74.97,74.87,74.87,5847,2020-10-22 17:00:00,TXRH
74.92,75.0,74.82,74.95,6140,2020-10-22 17:05:00,TXRH
74.99,74.99,74.84,74.86,4168,2020-10-22 17:10:00,TXRH
74.89,74.91,74.79,74.8,5320,2020-10-22 17:15:00,TXRH
74.77,74.825,74.75,74.785,5300,2020-10-22 17:20:00,TXRH
74.79,74.82,74.72,74.77,4270,2020-10-22 17:25:00,TXRH
74.79,74.825,74.68,74.825,8272,2020-10-22 17:30:00,TXRH
74.845,74.8887,74.71,74.71,6422,2020-10-22 17:35:00,TXRH
74.74,74.78,74.66,74.75,6902,2020-10-22 17:40:00,TXRH
74.8,74.8,74.66,74.66,4154,2020-10-22 17:45:00,TXRH
74.69,74.875,74.69,74.76,7257,2020-10-22 17:50:00,TXRH
74.755,74.8,74.67,74.68,4789,2020-10-22 17:55:00,TXRH
74.695,74.74,74.65,74.66,6597,2020-10-22 18:00:00,TXRH
74.66,74.74,74.6,74.68,6491,2020-10-22 18:05:00,TXRH
74.68,74.68,74.53,74.54,5870,2020-10-22 18:10:00,TXRH
74.59,74.8,74.51,74.6183,6400,2020-10-22 18:15:00,TXRH
74.655,74.87,74.64,74.87,3600,2020-10-22 18:20:00,TXRH
74.8,74.8696,74.71,74.74,4800,2020-10-22 18:25:00,TXRH
74.76,75.11,74.76,75.07,4799,2020-10-22 18:30:00,TXRH
75.08,75.18,75.05,75.13,7134,2020-10-22 18:35:00,TXRH
75.11,75.13,75.0,75.01,4500,2020-10-22 18:40:00,TXRH
75.05,75.07,74.94,75.045,3800,2020-10-22 18:45:00,TXRH
75.017,75.1,74.92,74.92,6405,2020-10-22 18:50:00,TXRH
74.96,74.98,74.91,74.91,4600,2020-10-22 18:55:00,TXRH
74.96,75.005,74.89,74.89,6562,2020-10-22 19:00:00,TXRH
74.9,75.14,74.9,75.135,13845,2020-10-22 19:05:00,TXRH
75.135,75.36,75.135,75.29,6322,2020-10-22 19:10:00,TXRH
75.29,75.42,75.23,75.28,12280,2020-10-22 19:15:00,TXRH
75.23,75.4,75.23,75.39,6600,2020-10-22 19:20:00,TXRH
75.34,75.58,75.34,75.5618,11298,2020-10-22 19:25:00,TXRH
75.54,75.56,75.42,75.45,14504,2020-10-22 19:30:00,TXRH
75.47,75.55,75.415,75.46,12114,2020-10-22 19:35:00,TXRH
75.5,75.62,75.5,75.6,12475,2020-10-22 19:40:00,TXRH
75.6,75.66,75.56,75.61,15325,2020-10-22 19:45:00,TXRH
75.64,75.74,75.545,75.59,21964,2020-10-22 19:50:00,TXRH
75.62,75.73,75.47,75.49,61780,2020-10-22 19:55:00,TXRH
75.5,75.5,75.5,75.5,89537,2020-10-22 20:00:00,TXRH
75.5,75.5,75.5,75.5,31522,2020-10-22 20:15:00,TXRH
75.49,75.49,74.75,75.02,5171,2020-10-23 13:30:00,TXRH
75.03,75.03,73.53,73.6,68017,2020-10-23 13:35:00,TXRH
73.75,73.92,73.57,73.775,3525,2020-10-23 13:40:00,TXRH
73.65,73.65,72.81,72.905,22039,2020-10-23 13:45:00,TXRH
72.9621,73.43,72.89,73.42,17312,2020-10-23 13:50:00,TXRH
73.46,73.76,73.365,73.76,5370,2020-10-23 13:55:00,TXRH
73.765,73.83,73.5,73.7,9765,2020-10-23 14:00:00,TXRH
73.655,73.97,73.645,73.96,43177,2020-10-23 14:05:00,TXRH
74.03,74.15,73.74,73.955,15292,2020-10-23 14:10:00,TXRH
73.96,74.22,73.79,73.92,12147,2020-10-23 14:15:00,TXRH
73.88,73.88,73.64,73.64,2600,2020-10-23 14:20:00,TXRH
73.635,74.07,73.635,73.8925,10936,2020-10-23 14:25:00,TXRH
73.945,73.945,73.69,73.88,6159,2020-10-23 14:30:00,TXRH
73.845,74.02,73.8,73.95,12378,2020-10-23 14:35:00,TXRH
74.01,74.12,73.89,73.95,12259,2020-10-23 14:40:00,TXRH
74.01,74.12,73.905,73.96,18129,2020-10-23 14:45:00,TXRH
73.91,74.02,73.76,73.81,9385,2020-10-23 14:50:00,TXRH
73.76,73.76,73.4,73.4,11296,2020-10-23 14:55:00,TXRH
73.4,73.515,73.32,73.39,5701,2020-10-23 15:00:00,TXRH
73.4,73.45,73.1827,73.34,7097,2020-10-23 15:05:00,TXRH
73.34,73.4,73.18,73.275,6274,2020-10-23 15:10:00,TXRH
73.33,73.34,73.14,73.25,7467,2020-10-23 15:15:00,TXRH
73.23,73.23,72.9804,73.09,10374,2020-10-23 15:20:00,TXRH
73.09,73.17,72.97,73.02,3580,2020-10-23 15:25:00,TXRH
73.02,73.02,72.67,72.88,7260,2020-10-23 15:30:00,TXRH
72.84,72.84,72.58,72.58,1707,2020-10-23 15:35:00,TXRH
72.53,72.62,72.35,72.41,8598,2020-10-23 15:40:00,TXRH
72.405,72.605,72.36,72.4,22923,2020-10-23 15:45:00,TXRH
72.42,72.67,72.37,72.38,6944,2020-10-23 15:50:00,TXRH
72.42,72.83,72.42,72.66,10778,2020-10-23 15:55:00,TXRH
72.66,72.66,72.44,72.64,5160,2020-10-23 16:00:00,TXRH
72.58,72.625,72.52,72.5496,1869,2020-10-23 16:05:00,TXRH
72.555,72.715,72.54,72.66,2000,2020-10-23 16:10:00,TXRH
72.69,72.69,72.25,72.25,11160,2020-10-23 16:15:00,TXRH
72.2,72.3,72.09,72.19,5795,2020-10-23 16:20:00,TXRH
72.23,72.3,72.17,72.205,6975,2020-10-23 16:25:00,TXRH
72.1,72.28,72.08,72.235,4110,2020-10-23 16:30:00,TXRH
72.28,72.28,72.2,72.2,4713,2020-10-23 16:35:00,TXRH
72.22,72.34,72.19,72.325,10144,2020-10-23 16:40:00,TXRH
72.34,72.39,72.315,72.32,2627,2020-10-23 16:45:00,TXRH
72.345,72.48,72.32,72.4,3649,2020-10-23 16:50:00,TXRH
72.44,72.44,72.18,72.185,4052,2020-10-23 16:55:00,TXRH
72.19,72.42,72.19,72.395,3000,2020-10-23 17:00:00,TXRH
72.55,72.55,72.46,72.46,2100,2020-10-23 17:05:00,TXRH
72.425,72.519,72.365,72.41,1900,2020-10-23 17:10:00,TXRH
72.51,72.59,72.43,72.48,2679,2020-10-23 17:15:00,TXRH
72.53,72.59,72.495,72.56,2500,2020-10-23 17:20:00,TXRH
72.54,72.67,72.54,72.605,2100,2020-10-23 17:25:00,TXRH
72.6159,72.75,72.55,72.67,1683,2020-10-23 17:30:00,TXRH
72.72,72.82,72.72,72.79,1400,2020-10-23 17:35:00,TXRH
72.76,72.85,72.74,72.8,1307,2020-10-23 17:40:00,TXRH
72.83,72.86,72.77,72.82,1000,2020-10-23 17:45:00,TXRH
72.85,73.0,72.8,72.8,2605,2020-10-23 17:50:00,TXRH
72.835,73.04,72.8,72.93,1700,2020-10-23 17:55:00,TXRH
73.077,73.077,72.89,72.98,7180,2020-10-23 18:00:00,TXRH
73.06,73.24,73.06,73.095,5429,2020-10-23 18:05:00,TXRH
73.09,73.11,73.02,73.02,6165,2020-10-23 18:10:00,TXRH
73.06,73.1,73.01,73.01,1200,2020-10-23 18:15:00,TXRH
73.01,73.02,72.91,73.02,3700,2020-10-23 18:20:00,TXRH
73.05,73.09,72.915,72.99,6441,2020-10-23 18:25:00,TXRH
73.1,73.1,72.91,72.98,2955,2020-10-23 18:30:00,TXRH
72.94,72.95,72.85,72.85,4347,2020-10-23 18:35:00,TXRH
72.84,72.87,72.78,72.78,5012,2020-10-23 18:40:00,TXRH
72.75,72.78,72.67,72.67,6513,2020-10-23 18:45:00,TXRH
72.7,72.7,72.59,72.67,5423,2020-10-23 18:50:00,TXRH
72.67,72.83,72.605,72.61,4958,2020-10-23 18:55:00,TXRH
72.66,72.7,72.61,72.7,3718,2020-10-23 19:00:00,TXRH
72.7,72.74,72.64,72.645,9096,2020-10-23 19:05:00,TXRH
72.63,72.77,72.62,72.68,3741,2020-10-23 19:10:00,TXRH
72.68,72.73,72.65,72.65,3184,2020-10-23 19:15:00,TXRH
72.72,72.72,72.56,72.56,10562,2020-10-23 19:20:00,TXRH
72.55,72.565,72.37,72.37,9743,2020-10-23 19:25:00,TXRH
72.385,72.5,72.22,72.36,13457,2020-10-23 19:30:00,TXRH
72.4,72.515,72.28,72.29,9373,2020-10-23 19:35:00,TXRH
72.31,72.43,72.3,72.36,12652,2020-10-23 19:40:00,TXRH
72.3936,72.42,72.33,72.385,15760,2020-10-23 19:45:00,TXRH
72.35,72.37,72.2,72.32,26059,2020-10-23 19:50:00,TXRH
72.325,72.45,72.26,72.39,47589,2020-10-23 19:55:00,TXRH
72.35,72.35,72.35,72.35,58192,2020-10-23 20:00:00,TXRH
71.4,71.4,71.4,71.4,100,2020-10-26 13:25:00,TXRH
71.19,71.53,70.905,71.0,19556,2020-10-26 13:30:00,TXRH
70.95,71.06,70.47,70.62,6875,2020-10-26 13:35:00,TXRH
70.59,71.12,70.59,71.12,2545,2020-10-26 13:40:00,TXRH
71.1,71.46,71.09,71.37,5897,2020-10-26 13:45:00,TXRH
71.36,71.62,71.2,71.53,4850,2020-10-26 13:50:00,TXRH
71.51,71.965,71.49,71.965,9732,2020-10-26 13:55:00,TXRH
72.03,72.07,71.435,71.61,8361,2020-10-26 14:00:00,TXRH
71.74,71.89,71.5,71.53,12751,2020-10-26 14:05:00,TXRH
71.47,71.6,71.28,71.41,12163,2020-10-26 14:10:00,TXRH
71.345,71.44,71.125,71.21,8497,2020-10-26 14:15:00,TXRH
71.12,71.4,71.12,71.4,5724,2020-10-26 14:20:00,TXRH
71.4,71.43,71.005,71.05,9151,2020-10-26 14:25:00,TXRH
71.05,71.11,70.91,71.0,10557,2020-10-26 14:30:00,TXRH
70.97,71.38,70.9,71.325,14652,2020-10-26 14:35:00,TXRH
71.37,71.39,71.21,71.375,17095,2020-10-26 14:40:00,TXRH
71.31,71.38,71.04,71.22,23660,2020-10-26 14:45:00,TXRH
71.215,71.215,70.98,71.12,21412,2020-10-26 14:50:00,TXRH
71.15,71.18,71.01,71.095,13675,2020-10-26 14:55:00,TXRH
71.095,71.1599,70.67,70.73,9571,2020-10-26 15:00:00,TXRH
70.76,70.76,70.38,70.655,14038,2020-10-26 15:05:00,TXRH
70.64,70.7,70.33,70.33,16304,2020-10-26 15:10:00,TXRH
70.33,70.365,70.13,70.15,20124,2020-10-26 15:15:00,TXRH
70.15,70.565,70.08,70.565,17949,2020-10-26 15:20:00,TXRH
70.565,70.715,70.41,70.42,7767,2020-10-26 15:25:00,TXRH
70.44,70.785,70.33,70.66,21763,2020-10-26 15:30:00,TXRH
70.66,70.875,70.66,70.76,8802,2020-10-26 15:35:00,TXRH
70.74,70.75,70.5,70.59,5900,2020-10-26 15:40:00,TXRH
70.58,70.67,70.449,70.53,8236,2020-10-26 15:45:00,TXRH
70.5,70.655,70.43,70.655,5820,2020-10-26 15:50:00,TXRH
70.66,70.73,70.51,70.51,5806,2020-10-26 15:55:00,TXRH
70.53,70.53,70.36,70.43,18813,2020-10-26 16:00:00,TXRH
70.45,70.6,70.35,70.575,7165,2020-10-26 16:05:00,TXRH
70.56,70.66,70.47,70.47,6854,2020-10-26 16:10:00,TXRH
70.5,70.6,70.49,70.54,6108,2020-10-26 16:15:00,TXRH
70.61,70.61,70.47,70.53,9449,2020-10-26 16:20:00,TXRH
70.58,70.64,70.365,70.38,10342,2020-10-26 16:25:00,TXRH
70.36,70.38,70.06,70.06,11335,2020-10-26 16:30:00,TXRH
70.06,70.07,69.86,70.06,11409,2020-10-26 16:35:00,TXRH
70.15,70.15,69.91,69.96,6476,2020-10-26 16:40:00,TXRH
69.93,69.96,69.83,69.89,2454,2020-10-26 16:45:00,TXRH
69.83,70.02,69.8,69.855,3559,2020-10-26 16:50:00,TXRH
69.855,69.97,69.73,69.945,11717,2020-10-26 16:55:00,TXRH
69.94,70.04,69.81,69.845,6622,2020-10-26 17:00:00,TXRH
69.85,69.92,69.73,69.835,3733,2020-10-26 17:05:00,TXRH
69.8,69.89,69.63,69.64,6794,2020-10-26 17:10:00,TXRH
69.64,69.64,69.31,69.4,12083,2020-10-26 17:15:00,TXRH
69.375,69.51,69.32,69.355,9768,2020-10-26 17:20:00,TXRH
69.38,69.43,69.19,69.28,19891,2020-10-26 17:25:00,TXRH
69.2975,69.515,69.18,69.36,31882,2020-10-26 17:30:00,TXRH
69.36,69.46,69.26,69.41,13494,2020-10-26 17:35:00,TXRH
69.435,69.86,69.435,69.675,13767,2020-10-26 17:40:00,TXRH
69.675,69.8287,69.67,69.74,10473,2020-10-26 17:45:00,TXRH
69.74,69.81,69.63,69.8,4790,2020-10-26 17:50:00,TXRH
69.825,70.09,69.73,70.09,5091,2020-10-26 17:55:00,TXRH
70.07,70.15,69.99,70.05,13948,2020-10-26 18:00:00,TXRH
70.06,70.405,70.06,70.215,18486,2020-10-26 18:05:00,TXRH
70.22,70.27,69.95,69.95,4787,2020-10-26 18:10:00,TXRH
69.96,70.06,69.93,70.06,4411,2020-10-26 18:15:00,TXRH
70.03,70.09,69.93,70.01,6140,2020-10-26 18:20:00,TXRH
69.99,70.255,69.93,70.18,5258,2020-10-26 18:25:00,TXRH
70.23,70.42,70.18,70.35,8837,2020-10-26 18:30:00,TXRH
70.34,70.34,70.17,70.23,4661,2020-10-26 18:35:00,TXRH
70.245,70.46,70.245,70.35,5717,2020-10-26 18:40:00,TXRH
70.36,70.38,70.13,70.2,5100,2020-10-26 18:45:00,TXRH
70.24,70.27,70.1,70.21,5629,2020-10-26 18:50:00,TXRH
70.25,70.28,70.16,70.19,8465,2020-10-26 18:55:00,TXRH
70.19,70.4,70.19,70.21,8540,2020-10-26 19:00:00,TXRH
70.225,70.28,70.16,70.23,6225,2020-10-26 19:05:00,TXRH
70.235,70.25,70.1,70.16,12182,2020-10-26 19:10:00,TXRH
70.235,70.27,70.16,70.2,8619,2020-10-26 19:15:00,TXRH
70.22,70.315,70.14,70.14,10775,2020-10-26 19:20:00,TXRH
70.185,70.28,70.1,70.21,7732,2020-10-26 19:25:00,TXRH
70.25,70.36,70.15,70.325,20261,2020-10-26 19:30:00,TXRH
70.35,70.385,70.27,70.32,17133,2020-10-26 19:35:00,TXRH
70.32,70.4,70.14,70.21,21704,2020-10-26 19:40:00,TXRH
70.215,70.325,70.1,70.2,23248,2020-10-26 19:45:00,TXRH
70.2,70.34,70.14,70.32,37642,2020-10-26 19:50:00,TXRH
70.32,70.6,70.32,70.54,53083,2020-10-26 19:55:00,TXRH
70.55,70.55,70.55,70.55,69430,2020-10-26 20:00:00,TXRH
70.25,70.25,70.25,70.25,600,2020-10-26 20:15:00,TXRH
70.55,70.55,70.55,70.55,2723,2020-10-26 20:40:00,TXRH
72.0,72.0,72.0,72.0,2840,2020-10-26 22:35:00,TXRH
70.42,70.86,70.39,70.39,5943,2020-10-27 13:30:00,TXRH
70.01,70.245,70.01,70.07,1000,2020-10-27 13:35:00,TXRH
70.09,70.16,70.0,70.16,1700,2020-10-27 13:40:00,TXRH
70.13,70.49,70.13,70.49,800,2020-10-27 13:45:00,TXRH
70.47,70.71,70.47,70.57,2400,2020-10-27 13:50:00,TXRH
70.58,70.8,70.51,70.8,2200,2020-10-27 13:55:00,TXRH
70.97,71.17,70.73,71.17,3420,2020-10-27 14:00:00,TXRH
71.045,71.29,71.045,71.23,5439,2020-10-27 14:05:00,TXRH
71.15,71.24,70.88,70.88,4550,2020-10-27 14:10:00,TXRH
70.88,70.95,70.79,70.92,1500,2020-10-27 14:15:00,TXRH
70.85,70.85,70.59,70.67,3058,2020-10-27 14:20:00,TXRH
70.64,70.65,70.33,70.33,7549,2020-10-27 14:25:00,TXRH
70.42,70.53,70.34,70.44,11950,2020-10-27 14:30:00,TXRH
70.485,70.49,70.24,70.24,3927,2020-10-27 14:35:00,TXRH
70.25,70.41,70.2,70.35,6503,2020-10-27 14:40:00,TXRH
70.39,70.63,70.385,70.46,6454,2020-10-27 14:45:00,TXRH
70.48,70.68,70.48,70.515,18282,2020-10-27 14:50:00,TXRH
70.51,70.72,70.51,70.63,3800,2020-10-27 14:55:00,TXRH
70.63,70.69,70.57,70.615,1300,2020-10-27 15:00:00,TXRH
70.645,70.655,70.375,70.375,2700,2020-10-27 15:05:00,TXRH
70.37,70.61,70.355,70.525,11533,2020-10-27 15:10:00,TXRH
70.56,70.63,70.49,70.59,4302,2020-10-27 15:15:00,TXRH
70.56,70.56,70.345,70.4,8614,2020-10-27 15:20:00,TXRH
70.38,70.45,70.3,70.335,7301,2020-10-27 15:25:00,TXRH
70.33,70.36,70.0,70.16,7125,2020-10-27 15:30:00,TXRH
70.2,70.56,70.2,70.51,12789,2020-10-27 15:35:00,TXRH
70.51,70.625,70.35,70.6,21142,2020-10-27 15:40:00,TXRH
70.6,70.64,70.45,70.45,8037,2020-10-27 15:45:00,TXRH
70.46,70.5,70.37,70.445,3463,2020-10-27 15:50:00,TXRH
70.5,70.635,70.49,70.55,3089,2020-10-27 15:55:00,TXRH
70.5525,70.5525,70.445,70.45,4213,2020-10-27 16:00:00,TXRH
70.45,70.45,70.21,70.225,3105,2020-10-27 16:05:00,TXRH
70.19,70.235,70.1,70.12,3758,2020-10-27 16:10:00,TXRH
70.09,70.29,70.05,70.26,3310,2020-10-27 16:15:00,TXRH
70.29,70.39,70.285,70.335,3210,2020-10-27 16:20:00,TXRH
70.34,70.34,70.17,70.19,2138,2020-10-27 16:25:00,TXRH
70.19,70.26,70.0901,70.11,3123,2020-10-27 16:30:00,TXRH
70.12,70.325,70.1,70.325,5475,2020-10-27 16:35:00,TXRH
70.33,70.38,70.1,70.105,2000,2020-10-27 16:40:00,TXRH
70.13,70.16,70.06,70.125,2900,2020-10-27 16:45:00,TXRH
70.105,70.29,70.08,70.205,2827,2020-10-27 16:50:00,TXRH
70.245,70.25,70.08,70.19,7586,2020-10-27 16:55:00,TXRH
70.12,70.17,70.06,70.135,2300,2020-10-27 17:00:00,TXRH
70.215,70.215,69.995,69.995,2947,2020-10-27 17:05:00,TXRH
70.01,70.01,69.84,69.8475,7156,2020-10-27 17:10:00,TXRH
69.92,69.93,69.69,69.72,5352,2020-10-27 17:15:00,TXRH
69.71,69.77,69.63,69.68,7644,2020-10-27 17:20:00,TXRH
69.7,69.765,69.5966,69.765,4142,2020-10-27 17:25:00,TXRH
69.775,69.8,69.72,69.72,5216,2020-10-27 17:30:00,TXRH
69.68,69.68,69.6,69.635,2922,2020-10-27 17:35:00,TXRH
69.6,69.6,69.51,69.51,3046,2020-10-27 17:40:00,TXRH
69.53,69.53,69.41,69.485,3500,2020-10-27 17:45:00,TXRH
69.5225,69.62,69.42,69.59,8449,2020-10-27 17:50:00,TXRH
69.57,69.57,69.36,69.39,6013,2020-10-27 17:55:00,TXRH
69.41,69.435,69.34,69.345,1800,2020-10-27 18:00:00,TXRH
69.38,69.48,69.36,69.4,3220,2020-10-27 18:05:00,TXRH
69.385,69.5,69.32,69.46,3389,2020-10-27 18:10:00,TXRH
69.48,69.48,69.25,69.395,4993,2020-10-27 18:15:00,TXRH
69.39,69.42,69.2175,69.225,6001,2020-10-27 18:20:00,TXRH
69.2,69.23,69.13,69.18,5100,2020-10-27 18:25:00,TXRH
69.17,69.23,69.1205,69.1205,9456,2020-10-27 18:30:00,TXRH
69.15,69.2,69.07,69.07,10461,2020-10-27 18:35:00,TXRH
69.0934,69.12,68.94,68.96,6314,2020-10-27 18:40:00,TXRH
68.96,69.0,68.88,68.89,14411,2020-10-27 18:45:00,TXRH
68.86,68.97,68.84,68.95,8323,2020-10-27 18:50:00,TXRH
68.92,68.96,68.85,68.87,4298,2020-10-27 18:55:00,TXRH
68.87,68.96,68.84,68.85,10098,2020-10-27 19:00:00,TXRH
68.85,68.87,68.7,68.715,5627,2020-10-27 19:05:00,TXRH
68.715,68.75,68.63,68.7,15424,2020-10-27 19:10:00,TXRH
68.695,68.73,68.67,68.68,11610,2020-10-27 19:15:00,TXRH
68.68,68.85,68.64,68.715,12152,2020-10-27 19:20:00,TXRH
68.7,68.86,68.67,68.76,12560,2020-10-27 19:25:00,TXRH
68.76,69.05,68.745,68.97,37506,2020-10-27 19:30:00,TXRH
69.04,69.32,69.015,69.28,10816,2020-10-27 19:35:00,TXRH
69.32,69.62,69.31,69.53,19134,2020-10-27 19:40:00,TXRH
69.55,69.61,69.4,69.545,16317,2020-10-27 19:45:00,TXRH
69.53,69.53,69.34,69.515,23742,2020-10-27 19:50:00,TXRH
69.515,69.56,69.44,69.53,38598,2020-10-27 19:55:00,TXRH
69.5,69.5,69.5,69.5,56490,2020-10-27 20:00:00,TXRH
69.49,69.49,69.49,69.49,200,2020-10-27 23:10:00,TXRH
67.79,67.9,67.21,67.21,14709,2020-10-28 13:30:00,TXRH
67.18,67.88,67.18,67.75,9735,2020-10-28 13:35:00,TXRH
67.555,68.89,67.53,68.89,6954,2020-10-28 13:40:00,TXRH
68.89,69.3,68.77,69.28,13527,2020-10-28 13:45:00,TXRH
69.33,69.55,69.21,69.34,28466,2020-10-28 13:50:00,TXRH
69.2,69.55,69.17,69.38,9622,2020-10-28 13:55:00,TXRH
69.2,69.38,68.74,68.845,13095,2020-10-28 14:00:00,TXRH
68.83,69.535,68.76,69.325,10445,2020-10-28 14:05:00,TXRH
69.25,69.615,69.2,69.53,7265,2020-10-28 14:10:00,TXRH
69.65,69.88,69.5801,69.88,48693,2020-10-28 14:15:00,TXRH
69.88,69.99,69.05,69.05,12168,2020-10-28 14:20:00,TXRH
69.135,69.6,69.02,69.02,24090,2020-10-28 14:25:00,TXRH
69.15,69.54,69.03,69.54,5391,2020-10-28 14:30:00,TXRH
69.465,69.71,69.42,69.46,13664,2020-10-28 14:35:00,TXRH
69.45,69.6,69.31,69.42,7653,2020-10-28 14:40:00,TXRH
69.3644,69.53,69.3,69.425,64027,2020-10-28 14:45:00,TXRH
69.42,69.52,69.24,69.5001,87678,2020-10-28 14:50:00,TXRH
69.57,69.96,69.5,69.9,6455,2020-10-28 14:55:00,TXRH
69.89,70.02,69.77,70.02,6262,2020-10-28 15:00:00,TXRH
70.05,70.32,70.02,70.19,6552,2020-10-28 15:05:00,TXRH
70.185,70.515,70.07,70.32,8884,2020-10-28 15:10:00,TXRH
70.42,70.495,70.08,70.1999,5676,2020-10-28 15:15:00,TXRH
70.24,70.255,70.1,70.23,4241,2020-10-28 15:20:00,TXRH
70.23,70.24,70.06,70.235,3104,2020-10-28 15:25:00,TXRH
70.2457,70.29,70.13,70.225,8054,2020-10-28 15:30:00,TXRH
70.26,70.36,70.24,70.32,2120,2020-10-28 15:35:00,TXRH
70.28,70.29,70.04,70.04,8650,2020-10-28 15:40:00,TXRH
70.095,70.15,69.74,69.74,6587,2020-10-28 15:45:00,TXRH
69.78,70.07,69.67,69.86,22396,2020-10-28 15:50:00,TXRH
69.82,69.86,69.57,69.66,8371,2020-10-28 15:55:00,TXRH
69.75,69.94,69.75,69.87,22029,2020-10-28 16:00:00,TXRH
69.92,70.27,69.895,70.215,8529,2020-10-28 16:05:00,TXRH
70.17,70.17,69.97,70.04,6884,2020-10-28 16:10:00,TXRH
70.02,70.18,70.02,70.05,4896,2020-10-28 16:15:00,TXRH
70.095,70.155,69.8,69.8,9456,2020-10-28 16:20:00,TXRH
69.8,69.815,69.59,69.6,4694,2020-10-28 16:25:00,TXRH
69.65,69.67,69.46,69.57,5700,2020-10-28 16:30:00,TXRH
69.57,69.63,69.46,69.62,22666,2020-10-28 16:35:00,TXRH
69.55,69.82,69.41,69.695,50917,2020-10-28 16:40:00,TXRH
69.69,69.69,69.48,69.55,10709,2020-10-28 16:45:00,TXRH
69.52,69.65,69.425,69.475,60371,2020-10-28 16:50:00,TXRH
69.455,69.61,69.45,69.53,7074,2020-10-28 16:55:00,TXRH
69.48,69.56,69.18,69.34,7893,2020-10-28 17:00:00,TXRH
69.38,69.53,69.33,69.355,6141,2020-10-28 17:05:00,TXRH
69.39,69.39,69.1,69.215,7608,2020-10-28 17:10:00,TXRH
69.25,69.3,69.14,69.275,9197,2020-10-28 17:15:00,TXRH
69.22,69.33,69.155,69.309,9589,2020-10-28 17:20:00,TXRH
69.33,69.4,69.14,69.36,12162,2020-10-28 17:25:00,TXRH
69.36,69.45,69.31,69.45,2903,2020-10-28 17:30:00,TXRH
69.49,69.5,69.37,69.425,4208,2020-10-28 17:35:00,TXRH
69.45,69.51,69.39,69.415,3307,2020-10-28 17:40:00,TXRH
69.41,69.79,69.38,69.665,3500,2020-10-28 17:45:00,TXRH
69.62,69.62,69.38,69.395,17256,2020-10-28 17:50:00,TXRH
69.395,69.74,69.34,69.74,4251,2020-10-28 17:55:00,TXRH
69.74,69.74,69.47,69.62,6331,2020-10-28 18:00:00,TXRH
69.625,69.805,69.59,69.69,3705,2020-10-28 18:05:00,TXRH
69.69,69.69,69.5,69.5,2988,2020-10-28 18:10:00,TXRH
69.5,69.51,69.33,69.46,4612,2020-10-28 18:15:00,TXRH
69.52,69.6,69.47,69.6,4594,2020-10-28 18:20:00,TXRH
69.585,69.585,69.49,69.535,6055,2020-10-28 18:25:00,TXRH
69.535,69.765,69.535,69.765,4300,2020-10-28 18:30:00,TXRH
69.78,69.8319,69.56,69.615,7387,2020-10-28 18:35:00,TXRH
69.61,69.89,69.595,69.8,4500,2020-10-28 18:40:00,TXRH
69.8,69.88,69.67,69.67,8412,2020-10-28 18:45:00,TXRH
69.67,69.78,69.45,69.49,6759,2020-10-28 18:50:00,TXRH
69.505,69.71,69.445,69.55,6680,2020-10-28 18:55:00,TXRH
69.585,69.585,69.295,69.295,5483,2020-10-28 19:00:00,TXRH
69.31,69.5,69.29,69.42,14821,2020-10-28 19:05:00,TXRH
69.43,69.43,69.13,69.2,12545,2020-10-28 19:10:00,TXRH
69.19,69.44,69.17,69.37,10971,2020-10-28 19:15:00,TXRH
69.36,69.65,69.3,69.57,14854,2020-10-28 19:20:00,TXRH
69.59,69.65,69.3,69.52,21800,2020-10-28 19:25:00,TXRH
69.52,69.59,69.38,69.55,25631,2020-10-28 19:30:00,TXRH
69.55,69.55,69.44,69.44,42550,2020-10-28 19:35:00,TXRH
69.44,69.51,69.155,69.2,19246,2020-10-28 19:40:00,TXRH
69.24,69.3,68.85,69.01,17150,2020-10-28 19:45:00,TXRH
69.01,69.01,68.71,68.92,28632,2020-10-28 19:50:00,TXRH
68.93,69.08,68.73,68.79,59660,2020-10-28 19:55:00,TXRH
68.82,68.82,68.82,68.82,136247,2020-10-28 20:00:00,TXRH
71.0,71.01,71.0,71.01,594,2020-10-28 20:10:00,TXRH
70.9998,70.9998,70.9998,70.9998,485,2020-10-28 20:15:00,TXRH
70.25,70.63,70.0,70.0,4214,2020-10-28 20:20:00,TXRH
70.0,70.0,70.0,70.0,500,2020-10-28 20:25:00,TXRH
69.5,69.5,69.5,69.5,100,2020-10-28 20:40:00,TXRH
69.66,69.7,69.66,69.7,910,2020-10-28 20:45:00,TXRH
69.6999,69.6999,69.6999,69.6999,500,2020-10-28 21:05:00,TXRH
69.68,69.68,69.68,69.68,100,2020-10-28 21:35:00,TXRH
69.7,69.7,69.7,69.7,2000,2020-10-28 22:25:00,TXRH
69.7,69.7,69.7,69.7,2500,2020-10-28 23:50:00,TXRH
69.7,69.7,69.7,69.7,100,2020-10-28 23:55:00,TXRH
72.72,72.72,69.2,69.21,79163,2020-10-29 13:30:00,TXRH
68.83,71.09,67.55,69.88,63509,2020-10-29 13:35:00,TXRH
69.77,70.66,69.15,70.66,29208,2020-10-29 13:40:00,TXRH
70.54,71.24,70.05,70.23,46452,2020-10-29 13:45:00,TXRH
70.32,70.9,70.0,70.035,28914,2020-10-29 13:50:00,TXRH
70.105,71.78,70.045,71.0,34131,2020-10-29 13:55:00,TXRH
70.99,71.0387,70.59,70.845,15983,2020-10-29 14:00:00,TXRH
70.845,70.845,69.85,70.16,11579,2020-10-29 14:05:00,TXRH
70.155,70.175,69.12,70.0,16382,2020-10-29 14:10:00,TXRH
69.96,71.07,69.84,70.79,15301,2020-10-29 14:15:00,TXRH
70.8,71.04,70.25,70.9,17591,2020-10-29 14:20:00,TXRH
70.9,71.12,70.81,71.12,4521,2020-10-29 14:25:00,TXRH
71.09,71.33,70.8,70.8,16215,2020-10-29 14:30:00,TXRH
70.85,71.34,70.83,71.22,7446,2020-10-29 14:35:00,TXRH
71.22,71.34,70.93,71.31,17491,2020-10-29 14:40:00,TXRH
71.27,71.49,71.13,71.49,7373,2020-10-29 14:45:00,TXRH
71.5,72.26,71.46,71.5,26701,2020-10-29 14:50:00,TXRH
71.5,71.77,71.37,71.77,9328,2020-10-29 14:55:00,TXRH
71.67,71.73,71.405,71.49,10114,2020-10-29 15:00:00,TXRH
71.59,71.86,71.28,71.38,14871,2020-10-29 15:05:00,TXRH
71.5,71.69,71.4,71.52,13181,2020-10-29 15:10:00,TXRH
71.47,71.47,70.91,71.01,12040,2020-10-29 15:15:00,TXRH
71.04,71.31,70.89,71.26,9650,2020-10-29 15:20:00,TXRH
71.28,71.5,71.04,71.32,17708,2020-10-29 15:25:00,TXRH
71.3375,71.62,71.18,71.25,19379,2020-10-29 15:30:00,TXRH
71.12,71.24,70.75,71.07,12527,2020-10-29 15:35:00,TXRH
71.14,71.3,70.88,71.0,7010,2020-10-29 15:40:00,TXRH
70.86,71.09,70.86,71.03,5187,2020-10-29 15:45:00,TXRH
71.02,71.21,70.9501,71.08,7171,2020-10-29 15:50:00,TXRH
71.09,71.24,70.52,70.52,14478,2020-10-29 15:55:00,TXRH
70.54,70.6,69.92,69.97,14173,2020-10-29 16:00:00,TXRH
69.85,69.98,69.71,69.71,8641,2020-10-29 16:05:00,TXRH
69.78,69.85,69.66,69.79,8523,2020-10-29 16:10:00,TXRH
69.88,70.21,69.77,70.15,10721,2020-10-29 16:15:00,TXRH
70.15,70.45,70.01,70.25,19756,2020-10-29 16:20:00,TXRH
70.25,70.53,70.14,70.43,7727,2020-10-29 16:25:00,TXRH
70.44,71.18,70.29,71.04,30222,2020-10-29 16:30:00,TXRH
70.89,71.36,70.755,70.78,33784,2020-10-29 16:35:00,TXRH
70.78,71.44,70.76,71.355,14908,2020-10-29 16:40:00,TXRH
71.32,71.32,71.0,71.22,15610,2020-10-29 16:45:00,TXRH
71.22,71.25,70.82,70.82,15918,2020-10-29 16:50:00,TXRH
70.92,71.08,70.87,70.96,6572,2020-10-29 16:55:00,TXRH
70.965,71.07,70.89,71.07,7838,2020-10-29 17:00:00,TXRH
71.13,71.18,70.86,70.93,10865,2020-10-29 17:05:00,TXRH
70.94,71.17,70.94,70.97,15665,2020-10-29 17:10:00,TXRH
70.95,70.95,70.75,70.77,6191,2020-10-29 17:15:00,TXRH
70.84,70.9,70.79,70.86,6001,2020-10-29 17:20:00,TXRH
70.85,71.0924,70.82,71.0924,6407,2020-10-29 17:25:00,TXRH
71.07,71.24,70.93,71.14,10080,2020-10-29 17:30:00,TXRH
71.09,71.12,70.98,71.12,7168,2020-10-29 17:35:00,TXRH
71.13,71.14,70.9759,71.055,12218,2020-10-29 17:40:00,TXRH
71.07,71.095,70.9458,71.04,8614,2020-10-29 17:45:00,TXRH
71.02,71.08,70.9,71.055,8786,2020-10-29 17:50:00,TXRH
71.045,71.075,70.94,70.965,7978,2020-10-29 17:55:00,TXRH
70.98,71.33,70.98,71.16,7906,2020-10-29 18:00:00,TXRH
71.175,71.64,71.16,71.51,9214,2020-10-29 18:05:00,TXRH
71.515,71.7341,71.515,71.65,6714,2020-10-29 18:10:00,TXRH
71.69,71.85,71.65,71.785,6950,2020-10-29 18:15:00,TXRH
71.74,71.74,71.56,71.66,9286,2020-10-29 18:20:00,TXRH
71.64,71.695,71.55,71.635,6000,2020-10-29 18:25:00,TXRH
71.7,72.2,71.6,72.135,16039,2020-10-29 18:30:00,TXRH
72.135,72.23,71.97,72.015,15050,2020-10-29 18:35:00,TXRH
72.08,72.41,72.04,72.28,11640,2020-10-29 18:40:00,TXRH
72.28,72.28,71.78,71.78,10900,2020-10-29 18:45:00,TXRH
71.8,72.0571,71.795,72.005,8651,2020-10-29 18:50:00,TXRH
71.96,72.01,71.83,71.87,7041,2020-10-29 18:55:00,TXRH
71.95,72.22,71.91,72.11,9885,2020-10-29 19:00:00,TXRH
72.1,72.1,71.66,71.71,12199,2020-10-29 19:05:00,TXRH
71.72,71.76,71.59,71.72,19562,2020-10-29 19:10:00,TXRH
71.67,71.67,71.31,71.44,16839,2020-10-29 19:15:00,TXRH
71.36,71.5,71.28,71.35,14121,2020-10-29 19:20:00,TXRH
71.395,71.395,71.26,71.29,10624,2020-10-29 19:25:00,TXRH
71.345,71.44,71.14,71.265,18632,2020-10-29 19:30:00,TXRH
71.265,71.68,71.26,71.68,93445,2020-10-29 19:35:00,TXRH
71.63,71.95,71.6,71.895,18095,2020-10-29 19:40:00,TXRH
71.94,72.17,71.79,71.835,34183,2020-10-29 19:45:00,TXRH
71.87,71.99,71.77,71.825,42486,2020-10-29 19:50:00,TXRH
71.8,71.95,71.65,71.66,78671,2020-10-29 19:55:00,TXRH
71.71,71.71,71.71,71.71,80430,2020-10-29 20:00:00,TXRH
71.07,71.74,70.9,71.28,11261,2020-10-30 13:30:00,TXRH
71.4,71.4,71.11,71.11,2000,2020-10-30 13:35:00,TXRH
70.9,70.9,70.12,70.66,1350,2020-10-30 13:40:00,TXRH
70.63,70.63,70.09,70.22,1700,2020-10-30 13:45:00,TXRH
70.36,70.7,70.22,70.7,5025,2020-10-30 13:50:00,TXRH
70.85,71.07,70.77,70.85,2354,2020-10-30 13:55:00,TXRH
70.74,70.8,70.47,70.56,4102,2020-10-30 14:00:00,TXRH
70.62,71.4,70.62,71.265,4740,2020-10-30 14:05:00,TXRH
71.26,71.27,70.56,70.57,5284,2020-10-30 14:10:00,TXRH
70.38,70.45,70.23,70.39,4474,2020-10-30 14:15:00,TXRH
70.38,70.6,70.08,70.08,10565,2020-10-30 14:20:00,TXRH
70.165,70.165,69.52,69.56,4308,2020-10-30 14:25:00,TXRH
69.63,69.725,69.33,69.39,37715,2020-10-30 14:30:00,TXRH
69.27,69.51,69.27,69.42,5600,2020-10-30 14:35:00,TXRH
69.47,69.5,69.21,69.21,6835,2020-10-30 14:40:00,TXRH
69.255,69.255,68.665,68.73,8552,2020-10-30 14:45:00,TXRH
68.74,69.39,68.73,69.39,14419,2020-10-30 14:50:00,TXRH
69.31,69.33,68.97,68.99,16859,2020-10-30 14:55:00,TXRH
68.88,69.5,68.88,69.36,27601,2020-10-30 15:00:00,TXRH
69.34,69.34,68.68,68.95,6787,2020-10-30 15:05:00,TXRH
68.95,69.15,68.92,69.01,5475,2020-10-30 15:10:00,TXRH
68.99,69.08,68.92,68.995,13363,2020-10-30 15:15:00,TXRH
68.995,69.13,68.9,68.99,10384,2020-10-30 15:20:00,TXRH
68.99,69.085,68.77,69.085,23588,2020-10-30 15:25:00,TXRH
69.085,69.32,69.08,69.17,4738,2020-10-30 15:30:00,TXRH
69.175,69.305,68.99,69.025,3348,2020-10-30 15:35:00,TXRH
69.02,69.08,68.92,69.04,9550,2020-10-30 15:40:00,TXRH
69.04,69.215,68.935,69.13,8399,2020-10-30 15:45:00,TXRH
69.125,69.15,68.95,69.15,7250,2020-10-30 15:50:00,TXRH
69.15,69.15,68.95,69.0125,5132,2020-10-30 15:55:00,TXRH
69.1,69.205,69.07,69.08,4498,2020-10-30 16:00:00,TXRH
69.05,69.15,68.98,69.0,3841,2020-10-30 16:05:00,TXRH
68.98,69.15,68.93,69.13,8317,2020-10-30 16:10:00,TXRH
69.13,69.26,69.13,69.16,9766,2020-10-30 16:15:00,TXRH
69.16,69.16,68.97,69.05,4500,2020-10-30 16:20:00,TXRH
69.05,69.46,69.04,69.39,9795,2020-10-30 16:25:00,TXRH
69.34,69.43,69.16,69.2,5852,2020-10-30 16:30:00,TXRH
69.18,69.18,68.9,69.01,5549,2020-10-30 16:35:00,TXRH
69.0,69.13,69.0,69.05,2690,2020-10-30 16:40:00,TXRH
69.02,69.08,68.985,69.03,4442,2020-10-30 16:45:00,TXRH
69.0,69.04,68.82,68.93,9491,2020-10-30 16:50:00,TXRH
68.8,68.82,68.6,68.64,4823,2020-10-30 16:55:00,TXRH
68.6863,68.71,68.53,68.64,4534,2020-10-30 17:00:00,TXRH
68.56,68.865,68.52,68.8,6809,2020-10-30 17:05:00,TXRH
68.85,69.19,68.85,69.19,12683,2020-10-30 17:10:00,TXRH
69.15,69.19,68.88,68.89,5710,2020-10-30 17:15:00,TXRH
68.955,69.0,68.85,68.96,5109,2020-10-30 17:20:00,TXRH
68.91,69.05,68.83,69.05,4876,2020-10-30 17:25:00,TXRH
69.03,69.08,68.99,68.99,3187,2020-10-30 17:30:00,TXRH
68.985,69.03,68.74,68.96,23128,2020-10-30 17:35:00,TXRH
68.96,68.98,68.85,68.85,11313,2020-10-30 17:40:00,TXRH
68.73,69.18,68.73,69.12,10842,2020-10-30 17:45:00,TXRH
69.1,69.1,68.855,68.98,5374,2020-10-30 17:50:00,TXRH
68.99,69.175,68.99,69.14,2345,2020-10-30 17:55:00,TXRH
69.09,69.13,68.99,69.07,2912,2020-10-30 18:00:00,TXRH
69.07,69.29,69.07,69.145,6852,2020-10-30 18:05:00,TXRH
69.16,69.19,68.83,68.83,5765,2020-10-30 18:10:00,TXRH
68.88,69.09,68.82,69.04,6685,2020-10-30 18:15:00,TXRH
69.02,69.49,68.95,68.95,24955,2020-10-30 18:20:00,TXRH
68.9,68.905,68.68,68.9,6186,2020-10-30 18:25:00,TXRH
68.865,68.87,68.62,68.72,4012,2020-10-30 18:30:00,TXRH
68.74,68.9,68.67,68.805,6202,2020-10-30 18:35:00,TXRH
68.76,68.93,68.69,68.79,12347,2020-10-30 18:40:00,TXRH
68.78,68.86,68.68,68.85,5113,2020-10-30 18:45:00,TXRH
68.81,68.83,68.6,68.64,6688,2020-10-30 18:50:00,TXRH
68.65,68.685,68.47,68.47,6038,2020-10-30 18:55:00,TXRH
68.47,68.61,68.37,68.42,6528,2020-10-30 19:00:00,TXRH
68.37,68.395,68.26,68.325,5880,2020-10-30 19:05:00,TXRH
68.29,68.435,68.25,68.41,7222,2020-10-30 19:10:00,TXRH
68.395,69.01,68.33,68.95,67813,2020-10-30 19:15:00,TXRH
68.93,69.01,68.86,68.955,15570,2020-10-30 19:20:00,TXRH
68.9,69.8094,68.87,69.61,68830,2020-10-30 19:25:00,TXRH
69.645,69.78,69.61,69.75,19403,2020-10-30 19:30:00,TXRH
69.7,69.86,69.61,69.765,40193,2020-10-30 19:35:00,TXRH
69.8,70.1,69.73,69.995,45834,2020-10-30 19:40:00,TXRH
70.0,70.05,69.46,69.46,18705,2020-10-30 19:45:00,TXRH
69.46,69.82,69.3,69.75,80847,2020-10-30 19:50:00,TXRH
69.72,70.14,69.72,70.13,112935,2020-10-30 19:55:00,TXRH
70.03,70.03,70.03,70.03,114600,2020-10-30 20:00:00,TXRH
69.96,69.96,69.96,69.96,500,2020-10-30 20:05:00,TXRH
70.03,70.03,70.03,70.03,43691,2020-11-02 13:00:00,TXRH
70.62,70.69,70.03,70.29,27633,2020-11-02 14:30:00,TXRH
70.42,70.54,70.21,70.21,7496,2020-11-02 14:35:00,TXRH
70.33,70.57,69.97,70.21,12149,2020-11-02 14:40:00,TXRH
70.0,70.14,69.9,70.08,5100,2020-11-02 14:45:00,TXRH
70.005,70.56,70.0,70.56,13046,2020-11-02 14:50:00,TXRH
70.49,70.49,70.05,70.26,6341,2020-11-02 14:55:00,TXRH
70.51,70.55,70.16,70.34,3206,2020-11-02 15:00:00,TXRH
70.21,70.33,70.05,70.33,4000,2020-11-02 15:05:00,TXRH
70.385,70.66,70.215,70.66,5974,2020-11-02 15:10:00,TXRH
70.53,70.75,70.275,70.75,3900,2020-11-02 15:15:00,TXRH
70.74,70.93,70.64,70.775,18239,2020-11-02 15:20:00,TXRH
70.785,70.84,70.4,70.52,3806,2020-11-02 15:25:00,TXRH
70.46,70.46,70.02,70.12,9750,2020-11-02 15:30:00,TXRH
70.12,70.19,69.88,69.92,9387,2020-11-02 15:35:00,TXRH
69.89,69.9,69.58,69.58,6400,2020-11-02 15:40:00,TXRH
69.63,69.7198,69.43,69.64,8229,2020-11-02 15:45:00,TXRH
69.65,69.75,69.4,69.44,8173,2020-11-02 15:50:00,TXRH
69.44,69.49,69.33,69.41,12845,2020-11-02 15:55:00,TXRH
69.38,69.38,68.92,69.14,14919,2020-11-02 16:00:00,TXRH
69.145,69.44,69.12,69.38,7128,2020-11-02 16:05:00,TXRH
69.41,69.41,69.27,69.39,7493,2020-11-02 16:10:00,TXRH
69.35,69.4275,69.33,69.4,6133,2020-11-02 16:15:00,TXRH
69.435,69.46,69.31,69.395,9108,2020-11-02 16:20:00,TXRH
69.395,69.61,69.395,69.535,7181,2020-11-02 16:25:00,TXRH
69.54,69.63,69.54,69.57,5835,2020-11-02 16:30:00,TXRH
69.59,69.705,69.53,69.59,8234,2020-11-02 16:35:00,TXRH
69.63,69.87,69.63,69.85,3817,2020-11-02 16:40:00,TXRH
69.905,69.97,69.87,69.895,6383,2020-11-02 16:45:00,TXRH
69.88,70.0,69.85,69.91,10149,2020-11-02 16:50:00,TXRH
69.92,69.96,69.87,69.925,6963,2020-11-02 16:55:00,TXRH
69.96,70.02,69.86,69.93,9872,2020-11-02 17:00:00,TXRH
69.955,70.18,69.95,70.18,4643,2020-11-02 17:05:00,TXRH
70.22,70.22,70.01,70.11,7990,2020-11-02 17:10:00,TXRH
70.11,70.19,70.06,70.17,4396,2020-11-02 17:15:00,TXRH
70.16,70.2,69.93,69.94,13433,2020-11-02 17:20:00,TXRH
69.94,70.03,69.94,70.005,6843,2020-11-02 17:25:00,TXRH
69.98,70.06,69.89,69.89,5474,2020-11-02 17:30:00,TXRH
69.92,69.97,69.74,69.785,9337,2020-11-02 17:35:00,TXRH
69.81,69.84,69.71,69.71,10180,2020-11-02 17:40:00,TXRH
69.69,69.73,69.5998,69.65,6409,2020-11-02 17:45:00,TXRH
69.645,69.67,69.45,69.54,8728,2020-11-02 17:50:00,TXRH
69.54,69.64,69.54,69.585,8665,2020-11-02 17:55:00,TXRH
69.585,69.6,69.45,69.53,8273,2020-11-02 18:00:00,TXRH
69.49,69.515,69.32,69.36,6452,2020-11-02 18:05:00,TXRH
69.38,69.38,69.21,69.26,5764,2020-11-02 18:10:00,TXRH
69.23,69.23,69.01,69.01,6397,2020-11-02 18:15:00,TXRH
69.05,69.09,68.935,69.03,8915,2020-11-02 18:20:00,TXRH
69.03,69.09,68.93,69.09,9793,2020-11-02 18:25:00,TXRH
69.09,69.25,69.09,69.245,6602,2020-11-02 18:30:00,TXRH
69.245,69.245,69.1,69.11,11801,2020-11-02 18:35:00,TXRH
69.06,69.14,68.99,68.99,4815,2020-11-02 18:40:00,TXRH
69.03,69.07,68.96,68.98,8319,2020-11-02 18:45:00,TXRH
68.985,69.001,68.68,68.71,14144,2020-11-02 18:50:00,TXRH
68.745,68.82,68.65,68.7,10209,2020-11-02 18:55:00,TXRH
68.73,68.895,68.69,68.71,5243,2020-11-02 19:00:00,TXRH
68.745,68.86,68.57,68.57,7669,2020-11-02 19:05:00,TXRH
68.62,68.76,68.56,68.645,8449,2020-11-02 19:10:00,TXRH
68.6,68.6265,68.45,68.53,7092,2020-11-02 19:15:00,TXRH
68.5,68.68,68.5,68.645,8432,2020-11-02 19:20:00,TXRH
68.67,68.7,68.57,68.63,6362,2020-11-02 19:25:00,TXRH
68.655,68.715,68.52,68.62,5458,2020-11-02 19:30:00,TXRH
68.62,68.71,68.555,68.64,6699,2020-11-02 19:35:00,TXRH
68.63,68.64,68.48,68.49,8438,2020-11-02 19:40:00,TXRH
68.5,68.66,68.49,68.58,8611,2020-11-02 19:45:00,TXRH
68.595,68.65,68.57,68.6,5363,2020-11-02 19:50:00,TXRH
68.62,69.82,68.615,69.515,104719,2020-11-02 19:55:00,TXRH
69.47,69.79,69.09,69.25,28799,2020-11-02 20:00:00,TXRH
69.3,69.44,68.9,69.01,52138,2020-11-02 20:05:00,TXRH
69.03,69.215,69.03,69.08,8865,2020-11-02 20:10:00,TXRH
69.11,69.56,69.1,69.36,64982,2020-11-02 20:15:00,TXRH
69.385,69.525,69.16,69.23,25532,2020-11-02 20:20:00,TXRH
69.23,69.23,69.035,69.17,9938,2020-11-02 20:25:00,TXRH
69.2,69.325,69.15,69.2,23305,2020-11-02 20:30:00,TXRH
69.195,69.54,69.17,69.46,24276,2020-11-02 20:35:00,TXRH
69.48,69.58,69.465,69.5,32823,2020-11-02 20:40:00,TXRH
69.5,69.52,69.25,69.41,27241,2020-11-02 20:45:00,TXRH
69.42,69.47,69.27,69.46,38736,2020-11-02 20:50:00,TXRH
69.46,69.59,69.28,69.47,92631,2020-11-02 20:55:00,TXRH
69.47,69.47,69.47,69.47,80442,2020-11-02 21:00:00,TXRH
70.3,70.9,70.0,70.55,14941,2020-11-03 14:30:00,TXRH
70.3,70.715,70.05,70.4,7900,2020-11-03 14:35:00,TXRH
70.29,70.705,70.24,70.36,4681,2020-11-03 14:40:00,TXRH
70.64,70.75,70.29,70.615,5800,2020-11-03 14:45:00,TXRH
70.62,70.89,70.57,70.865,7471,2020-11-03 14:50:00,TXRH
70.625,70.84,70.54,70.84,4224,2020-11-03 14:55:00,TXRH
70.77,70.77,70.47,70.47,6937,2020-11-03 15:00:00,TXRH
70.29,70.55,70.25,70.36,6430,2020-11-03 15:05:00,TXRH
70.46,70.46,69.86,69.86,7769,2020-11-03 15:10:00,TXRH
69.81,70.04,69.69,69.69,7501,2020-11-03 15:15:00,TXRH
69.62,70.0,69.56,69.99,7500,2020-11-03 15:20:00,TXRH
69.99,70.07,69.87,69.87,3800,2020-11-03 15:25:00,TXRH
69.88,69.98,69.69,69.7,13165,2020-11-03 15:30:00,TXRH
69.74,69.76,69.56,69.66,7880,2020-11-03 15:35:00,TXRH
69.7,69.7,69.51,69.51,9411,2020-11-03 15:40:00,TXRH
69.51,69.665,69.43,69.53,4809,2020-11-03 15:45:00,TXRH
69.57,69.605,69.33,69.41,4200,2020-11-03 15:50:00,TXRH
69.36,69.515,69.3,69.515,6135,2020-11-03 15:55:00,TXRH
69.53,69.61,69.49,69.61,3844,2020-11-03 16:00:00,TXRH
69.57,69.69,69.52,69.63,4842,2020-11-03 16:05:00,TXRH
69.57,69.57,69.45,69.47,2200,2020-11-03 16:10:00,TXRH
69.47,69.51,69.34,69.395,4050,2020-11-03 16:15:00,TXRH
69.34,69.41,69.25,69.25,1700,2020-11-03 16:20:00,TXRH
69.26,69.38,69.26,69.28,3000,2020-11-03 16:25:00,TXRH
69.23,69.69,69.22,69.59,13387,2020-11-03 16:30:00,TXRH
69.6,69.67,69.49,69.67,6492,2020-11-03 16:35:00,TXRH
69.67,69.72,69.58,69.6,3900,2020-11-03 16:40:00,TXRH
69.625,69.7,69.58,69.63,4005,2020-11-03 16:45:00,TXRH
69.63,69.78,69.6,69.65,3875,2020-11-03 16:50:00,TXRH
69.635,69.69,69.54,69.6,5510,2020-11-03 16:55:00,TXRH
69.63,69.66,69.42,69.47,5931,2020-11-03 17:00:00,TXRH
69.46,69.59,69.32,69.32,4400,2020-11-03 17:05:00,TXRH
69.31,69.43,69.3,69.31,3875,2020-11-03 17:10:00,TXRH
69.32,69.35,69.28,69.325,1000,2020-11-03 17:15:00,TXRH
69.35,69.46,69.335,69.38,7639,2020-11-03 17:20:00,TXRH
69.43,69.58,69.41,69.485,6884,2020-11-03 17:25:00,TXRH
69.485,69.49,69.43,69.49,1600,2020-11-03 17:30:00,TXRH
69.46,69.47,69.39,69.435,2820,2020-11-03 17:35:00,TXRH
69.45,69.5,69.405,69.445,4940,2020-11-03 17:40:00,TXRH
69.5,69.6,69.43,69.57,12570,2020-11-03 17:45:00,TXRH
69.565,69.63,69.52,69.53,5666,2020-11-03 17:50:00,TXRH
69.525,69.555,69.43,69.55,7715,2020-11-03 17:55:00,TXRH
69.595,69.645,69.57,69.62,500,2020-11-03 18:00:00,TXRH
69.7,69.86,69.7,69.85,4234,2020-11-03 18:05:00,TXRH
69.85,70.04,69.77,69.93,16138,2020-11-03 18:10:00,TXRH
69.98,70.105,69.92,70.0,6727,2020-11-03 18:15:00,TXRH
70.01,70.07,69.94,70.03,4899,2020-11-03 18:20:00,TXRH
70.13,70.13,69.97,70.12,11626,2020-11-03 18:25:00,TXRH
70.095,70.2199,69.91,69.92,17328,2020-11-03 18:30:00,TXRH
69.99,70.005,69.78,69.84,4930,2020-11-03 18:35:00,TXRH
69.87,69.87,69.74,69.82,12600,2020-11-03 18:40:00,TXRH
69.86,70.01,69.79,69.945,5210,2020-11-03 18:45:00,TXRH
69.98,70.01,69.9,69.9,4939,2020-11-03 18:50:00,TXRH
69.92,70.025,69.88,69.98,5800,2020-11-03 18:55:00,TXRH
69.995,70.14,69.95,70.07,11421,2020-11-03 19:00:00,TXRH
70.1,70.28,70.08,70.25,6222,2020-11-03 19:05:00,TXRH
70.25,70.57,70.25,70.54,8938,2020-11-03 19:10:00,TXRH
70.61,70.61,70.47,70.48,4728,2020-11-03 19:15:00,TXRH
70.515,70.71,70.515,70.7,11575,2020-11-03 19:20:00,TXRH
70.685,70.71,70.56,70.6,6243,2020-11-03 19:25:00,TXRH
70.635,70.85,70.635,70.73,6874,2020-11-03 19:30:00,TXRH
70.77,70.78,70.67,70.71,4925,2020-11-03 19:35:00,TXRH
70.74,70.87,70.73,70.8,7095,2020-11-03 19:40:00,TXRH
70.77,70.81,70.73,70.805,5235,2020-11-03 19:45:00,TXRH
70.805,70.805,70.7,70.76,16117,2020-11-03 19:50:00,TXRH
70.77,70.81,70.5,70.5,18825,2020-11-03 19:55:00,TXRH
70.5,70.51,70.24,70.35,10635,2020-11-03 20:00:00,TXRH
70.375,70.375,70.14,70.2,8027,2020-11-03 20:05:00,TXRH
70.215,70.265,70.12,70.14,8697,2020-11-03 20:10:00,TXRH
70.13,70.27,70.06,70.12,10129,2020-11-03 20:15:00,TXRH
70.16,70.19,70.0,70.01,11905,2020-11-03 20:20:00,TXRH
70.06,70.18,70.04,70.12,12402,2020-11-03 20:25:00,TXRH
70.145,70.24,69.88,69.965,32012,2020-11-03 20:30:00,TXRH
69.965,70.17,69.93,70.01,18987,2020-11-03 20:35:00,TXRH
70.01,70.145,69.98,70.0,17972,2020-11-03 20:40:00,TXRH
70.0,70.16,70.0,70.13,15982,2020-11-03 20:45:00,TXRH
70.14,70.73,70.14,70.65,35654,2020-11-03 20:50:00,TXRH
70.675,70.675,70.16,70.21,66150,2020-11-03 20:55:00,TXRH
70.25,70.25,70.25,70.25,94275,2020-11-03 21:00:00,TXRH
70.25,70.25,70.25,70.25,355,2020-11-03 21:50:00,TXRH
70.25,70.25,70.25,70.25,400,2020-11-03 23:10:00,TXRH
71.2,71.2,71.2,71.2,200,2020-11-04 14:25:00,TXRH
70.5,70.5,69.69,70.07,11765,2020-11-04 14:30:00,TXRH
69.95,70.05,69.59,69.79,4432,2020-11-04 14:35:00,TXRH
69.74,69.74,69.37,69.625,8023,2020-11-04 14:40:00,TXRH
69.53,70.22,69.33,70.19,16189,2020-11-04 14:45:00,TXRH
70.19,70.82,70.19,70.74,4769,2020-11-04 14:50:00,TXRH
70.82,70.95,70.53,70.78,3700,2020-11-04 14:55:00,TXRH
70.93,71.21,70.84,71.21,6557,2020-11-04 15:00:00,TXRH
71.24,71.71,71.24,71.56,7333,2020-11-04 15:05:00,TXRH
71.71,71.71,71.44,71.5,7859,2020-11-04 15:10:00,TXRH
71.4,71.77,71.37,71.56,2663,2020-11-04 15:15:00,TXRH
71.615,71.99,71.57,71.58,3350,2020-11-04 15:20:00,TXRH
71.56,71.56,71.14,71.14,2250,2020-11-04 15:25:00,TXRH
71.255,71.255,70.65,70.65,3550,2020-11-04 15:30:00,TXRH
70.51,70.54,70.24,70.27,5300,2020-11-04 15:35:00,TXRH
70.19,70.635,70.19,70.4914,5507,2020-11-04 15:40:00,TXRH
70.39,70.615,70.19,70.41,15125,2020-11-04 15:45:00,TXRH
70.445,70.7,70.35,70.65,6549,2020-11-04 15:50:00,TXRH
70.62,70.89,70.6,70.8,12939,2020-11-04 15:55:00,TXRH
70.795,70.8,70.66,70.8,7111,2020-11-04 16:00:00,TXRH
70.79,70.79,70.66,70.75,2112,2020-11-04 16:05:00,TXRH
70.67,70.99,70.67,70.98,2307,2020-11-04 16:10:00,TXRH
70.99,71.02,70.92,70.965,2857,2020-11-04 16:15:00,TXRH
71.06,71.12,71.01,71.04,1400,2020-11-04 16:20:00,TXRH
71.04,71.21,71.03,71.15,4692,2020-11-04 16:25:00,TXRH
71.28,71.3,71.08,71.08,7654,2020-11-04 16:30:00,TXRH
71.14,71.27,71.09,71.09,2500,2020-11-04 16:35:00,TXRH
71.155,71.38,71.14,71.38,4351,2020-11-04 16:40:00,TXRH
71.38,71.39,71.335,71.335,1400,2020-11-04 16:45:00,TXRH
71.39,71.51,71.31,71.33,2900,2020-11-04 16:50:00,TXRH
71.42,71.65,71.37,71.53,2400,2020-11-04 16:55:00,TXRH
71.495,71.495,71.495,71.495,200,2020-11-04 17:00:00,TXRH
71.605,71.67,71.45,71.66,1600,2020-11-04 17:05:00,TXRH
71.65,71.725,71.61,71.725,1699,2020-11-04 17:10:00,TXRH
71.725,71.745,71.55,71.715,7200,2020-11-04 17:15:00,TXRH
71.715,72.24,71.64,72.175,16639,2020-11-04 17:20:00,TXRH
72.15,72.15,71.735,71.88,7964,2020-11-04 17:25:00,TXRH
71.76,71.79,71.59,71.67,2400,2020-11-04 17:30:00,TXRH
71.65,71.7421,71.6001,71.675,1637,2020-11-04 17:35:00,TXRH
71.68,71.99,71.68,71.99,1505,2020-11-04 17:40:00,TXRH
71.87,71.96,71.775,71.9,4175,2020-11-04 17:45:00,TXRH
72.01,72.08,71.77,71.77,3500,2020-11-04 17:50:00,TXRH
71.81,71.84,71.72,71.72,2760,2020-11-04 17:55:00,TXRH
71.6848,71.735,71.49,71.555,5347,2020-11-04 18:00:00,TXRH
71.555,71.64,71.46,71.61,5541,2020-11-04 18:05:00,TXRH
71.53,71.64,71.43,71.615,5600,2020-11-04 18:10:00,TXRH
71.615,71.615,71.33,71.43,3900,2020-11-04 18:15:00,TXRH
71.385,71.42,71.32,71.395,5254,2020-11-04 18:20:00,TXRH
71.35,71.48,71.25,71.48,34714,2020-11-04 18:25:00,TXRH
71.425,71.76,71.36,71.76,4550,2020-11-04 18:30:00,TXRH
71.76,72.14,71.76,72.12,8133,2020-11-04 18:35:00,TXRH
71.97,72.125,71.805,71.995,11617,2020-11-04 18:40:00,TXRH
71.995,72.23,71.995,72.185,4660,2020-11-04 18:45:00,TXRH
72.2,72.5,72.145,72.5,3960,2020-11-04 18:50:00,TXRH
72.495,72.72,72.43,72.59,7794,2020-11-04 18:55:00,TXRH
72.59,72.66,72.445,72.525,6723,2020-11-04 19:00:00,TXRH
72.45,72.615,72.41,72.485,3464,2020-11-04 19:05:00,TXRH
72.57,72.57,72.205,72.205,10224,2020-11-04 19:10:00,TXRH
72.2,72.39,72.11,72.235,2692,2020-11-04 19:15:00,TXRH
72.235,72.5,72.09,72.5,12132,2020-11-04 19:20:00,TXRH
72.5,72.5,72.23,72.285,3955,2020-11-04 19:25:00,TXRH
72.28,72.35,72.135,72.135,4300,2020-11-04 19:30:00,TXRH
72.135,72.3525,72.135,72.29,2061,2020-11-04 19:35:00,TXRH
72.23,72.2425,72.1,72.11,5838,2020-11-04 19:40:00,TXRH
72.04,72.22,71.98,72.22,2200,2020-11-04 19:45:00,TXRH
72.22,72.28,72.16,72.16,2354,2020-11-04 19:50:00,TXRH
72.21,72.31,72.16,72.19,6552,2020-11-04 19:55:00,TXRH
72.18,72.23,71.91,71.91,5800,2020-11-04 20:00:00,TXRH
71.91,71.93,71.76,71.82,8784,2020-11-04 20:05:00,TXRH
71.79,71.81,71.63,71.63,4616,2020-11-04 20:10:00,TXRH
71.63,71.9,71.61,71.78,10522,2020-11-04 20:15:00,TXRH
71.755,71.775,71.66,71.73,6490,2020-11-04 20:20:00,TXRH
71.8,71.85,71.55,71.58,9130,2020-11-04 20:25:00,TXRH
71.58,71.74,71.56,71.67,8838,2020-11-04 20:30:00,TXRH
71.675,71.8,71.63,71.64,7918,2020-11-04 20:35:00,TXRH
71.665,71.705,71.6,71.68,7265,2020-11-04 20:40:00,TXRH
71.67,71.775,71.405,71.445,18111,2020-11-04 20:45:00,TXRH
71.445,71.92,71.445,71.9,37868,2020-11-04 20:50:00,TXRH
71.82,71.83,71.68,71.69,56634,2020-11-04 20:55:00,TXRH
71.77,71.77,71.77,71.77,59095,2020-11-04 21:00:00,TXRH
72.09,72.62,72.09,72.39,7198,2020-11-05 14:30:00,TXRH
72.38,72.38,72.19,72.2,1900,2020-11-05 14:35:00,TXRH
72.2,73.08,72.19,73.08,5115,2020-11-05 14:40:00,TXRH
73.09,73.52,73.01,73.4825,12200,2020-11-05 14:45:00,TXRH
73.23,73.27,72.99,73.14,2100,2020-11-05 14:50:00,TXRH
73.24,73.24,72.62,72.62,1900,2020-11-05 14:55:00,TXRH
72.85,73.145,72.85,73.1,1700,2020-11-05 15:00:00,TXRH
73.095,73.095,72.76,73.04,1900,2020-11-05 15:05:00,TXRH
73.04,73.19,73.04,73.15,2300,2020-11-05 15:10:00,TXRH
73.15,73.52,73.15,73.52,4249,2020-11-05 15:15:00,TXRH
73.51,73.59,73.23,73.23,4025,2020-11-05 15:20:00,TXRH
73.17,73.18,72.98,73.09,4600,2020-11-05 15:25:00,TXRH
73.1,73.24,73.015,73.13,4046,2020-11-05 15:30:00,TXRH
73.17,73.17,72.86,72.9523,3121,2020-11-05 15:35:00,TXRH
72.86,73.0,72.86,72.9,2400,2020-11-05 15:40:00,TXRH
72.89,73.19,72.89,73.19,14859,2020-11-05 15:45:00,TXRH
73.18,73.25,73.01,73.095,4291,2020-11-05 15:50:00,TXRH
72.99,73.04,72.77,73.03,3500,2020-11-05 15:55:00,TXRH
72.965,73.02,72.86,73.01,7000,2020-11-05 16:00:00,TXRH
73.05,73.1,72.98,73.0,3882,2020-11-05 16:05:00,TXRH
73.07,73.18,73.05,73.18,2153,2020-11-05 16:10:00,TXRH
73.15,73.3,73.15,73.3,2809,2020-11-05 16:15:00,TXRH
73.32,73.37,73.27,73.3,2984,2020-11-05 16:20:00,TXRH
73.35,73.43,73.29,73.36,2355,2020-11-05 16:25:00,TXRH
73.34,73.37,73.065,73.21,5057,2020-11-05 16:30:00,TXRH
73.16,73.22,73.1,73.2,21802,2020-11-05 16:35:00,TXRH
73.16,73.17,72.92,72.975,12042,2020-11-05 16:40:00,TXRH
73.04,73.21,73.04,73.04,3170,2020-11-05 16:45:00,TXRH
73.05,73.1895,73.0,73.0,4616,2020-11-05 16:50:00,TXRH
73.035,73.035,72.88,72.88,1981,2020-11-05 16:55:00,TXRH
72.996,73.02,72.77,72.77,4102,2020-11-05 17:00:00,TXRH
72.915,72.915,72.81,72.9,600,2020-11-05 17:05:00,TXRH
72.91,72.91,72.65,72.7,4620,2020-11-05 17:10:00,TXRH
72.725,72.73,72.54,72.54,2232,2020-11-05 17:15:00,TXRH
72.5,72.5,72.1,72.11,4390,2020-11-05 17:20:00,TXRH
72.185,72.35,72.1,72.215,5800,2020-11-05 17:25:00,TXRH
72.21,72.2389,72.06,72.18,4458,2020-11-05 17:30:00,TXRH
72.23,72.31,72.14,72.27,4110,2020-11-05 17:35:00,TXRH
72.27,72.3,72.19,72.29,4302,2020-11-05 17:40:00,TXRH
72.39,72.44,72.35,72.35,5006,2020-11-05 17:45:00,TXRH
72.39,72.39,72.24,72.305,6022,2020-11-05 17:50:00,TXRH
72.32,72.35,72.26,72.29,4548,2020-11-05 17:55:00,TXRH
72.3,72.53,72.29,72.41,3650,2020-11-05 18:00:00,TXRH
72.43,72.47,72.31,72.44,6130,2020-11-05 18:05:00,TXRH
72.44,72.51,72.35,72.415,5026,2020-11-05 18:10:00,TXRH
72.42,72.48,72.4,72.4,4348,2020-11-05 18:15:00,TXRH
72.425,72.47,72.415,72.42,4209,2020-11-05 18:20:00,TXRH
72.51,72.54,72.42,72.51,2715,2020-11-05 18:25:00,TXRH
72.48,72.5,72.35,72.35,5188,2020-11-05 18:30:00,TXRH
72.32,72.35,72.23,72.28,4955,2020-11-05 18:35:00,TXRH
72.285,72.44,72.21,72.44,3944,2020-11-05 18:40:00,TXRH
72.59,72.59,72.27,72.27,7220,2020-11-05 18:45:00,TXRH
72.34,72.55,72.33,72.55,5100,2020-11-05 18:50:00,TXRH
72.52,72.73,72.495,72.64,4681,2020-11-05 18:55:00,TXRH
72.625,72.68,72.49,72.49,7266,2020-11-05 19:00:00,TXRH
72.45,72.61,72.32,72.53,9191,2020-11-05 19:05:00,TXRH
72.49,72.49,72.33,72.38,4612,2020-11-05 19:10:00,TXRH
72.365,72.535,72.365,72.535,5050,2020-11-05 19:15:00,TXRH
72.47,72.58,72.43,72.46,3665,2020-11-05 19:20:00,TXRH
72.5,72.52,72.38,72.45,3900,2020-11-05 19:25:00,TXRH
72.46,72.46,72.3,72.355,3900,2020-11-05 19:30:00,TXRH
72.31,72.355,72.18,72.28,5171,2020-11-05 19:35:00,TXRH
72.21,72.29,72.21,72.27,4640,2020-11-05 19:40:00,TXRH
72.24,72.42,72.23,72.31,5467,2020-11-05 19:45:00,TXRH
72.315,72.315,72.22,72.3,5140,2020-11-05 19:50:00,TXRH
72.21,72.33,72.18,72.33,3699,2020-11-05 19:55:00,TXRH
72.33,72.52,72.32,72.41,4263,2020-11-05 20:00:00,TXRH
72.4,72.44,72.16,72.18,7929,2020-11-05 20:05:00,TXRH
72.21,72.32,72.2,72.25,5023,2020-11-05 20:10:00,TXRH
72.24,72.36,72.22,72.295,7712,2020-11-05 20:15:00,TXRH
72.32,72.465,72.32,72.34,8037,2020-11-05 20:20:00,TXRH
72.33,72.35,72.15,72.23,7629,2020-11-05 20:25:00,TXRH
72.29,72.31,72.13,72.16,8758,2020-11-05 20:30:00,TXRH
72.15,72.18,71.96,72.07,8456,2020-11-05 20:35:00,TXRH
72.075,72.13,72.0,72.01,13343,2020-11-05 20:40:00,TXRH
72.01,72.19,72.01,72.16,14200,2020-11-05 20:45:00,TXRH
72.15,72.23,72.115,72.22,29863,2020-11-05 20:50:00,TXRH
72.18,72.45,72.18,72.4,49066,2020-11-05 20:55:00,TXRH
72.36,72.36,72.36,72.36,42130,2020-11-05 21:00:00,TXRH
71.85,72.36,71.37,71.595,15308,2020-11-06 14:30:00,TXRH
71.59,71.6,70.855,70.855,16057,2020-11-06 14:35:00,TXRH
70.9,71.19,70.8,71.01,6997,2020-11-06 14:40:00,TXRH
71.1,71.62,71.09,71.21,10860,2020-11-06 14:45:00,TXRH
71.28,71.55,71.22,71.485,8509,2020-11-06 14:50:00,TXRH
71.49,71.99,71.27,71.98,15078,2020-11-06 14:55:00,TXRH
71.96,72.225,71.86,72.19,11093,2020-11-06 15:00:00,TXRH
72.33,72.445,72.22,72.39,5870,2020-11-06 15:05:00,TXRH
72.45,72.91,72.4,72.555,10253,2020-11-06 15:10:00,TXRH
72.61,72.73,72.428,72.62,5400,2020-11-06 15:15:00,TXRH
72.575,72.7,72.27,72.27,16272,2020-11-06 15:20:00,TXRH
72.29,72.495,72.23,72.43,9382,2020-11-06 15:25:00,TXRH
72.43,72.43,72.34,72.35,1400,2020-11-06 15:30:00,TXRH
72.39,72.59,72.39,72.58,6520,2020-11-06 15:35:00,TXRH
72.51,72.525,72.46,72.465,800,2020-11-06 15:40:00,TXRH
72.535,72.62,72.535,72.615,1276,2020-11-06 15:45:00,TXRH
72.55,72.58,72.41,72.58,5094,2020-11-06 15:50:00,TXRH
72.53,72.53,71.925,71.925,8298,2020-11-06 15:55:00,TXRH
71.82,72.085,71.81,72.0625,4653,2020-11-06 16:00:00,TXRH
72.0,72.04,71.92,72.04,3200,2020-11-06 16:05:00,TXRH
71.96,71.96,71.5,71.63,16337,2020-11-06 16:10:00,TXRH
71.63,71.78,71.5865,71.78,3236,2020-11-06 16:15:00,TXRH
71.68,71.68,71.51,71.55,1623,2020-11-06 16:20:00,TXRH
71.605,71.82,71.55,71.61,3955,2020-11-06 16:25:00,TXRH
71.62,71.725,71.61,71.6333,1810,2020-11-06 16:30:00,TXRH
71.72,71.7944,71.72,71.79,810,2020-11-06 16:35:00,TXRH
71.82,71.95,71.82,71.95,3867,2020-11-06 16:40:00,TXRH
71.95,72.27,71.87,72.27,11052,2020-11-06 16:45:00,TXRH
72.27,72.39,72.22,72.375,2500,2020-11-06 16:50:00,TXRH
72.37,72.37,72.04,72.06,2686,2020-11-06 16:55:00,TXRH
72.02,72.1,71.99,72.02,2398,2020-11-06 17:00:00,TXRH
72.03,72.06,71.96,72.02,2883,2020-11-06 17:05:00,TXRH
72.09,72.23,72.07,72.07,2200,2020-11-06 17:10:00,TXRH
72.14,72.2,72.07,72.18,2000,2020-11-06 17:15:00,TXRH
72.17,72.24,72.08,72.08,2400,2020-11-06 17:20:00,TXRH
72.105,72.11,72.0,72.02,3091,2020-11-06 17:25:00,TXRH
71.99,72.11,71.95,72.06,3300,2020-11-06 17:30:00,TXRH
72.02,72.07,71.92,72.04,3858,2020-11-06 17:35:00,TXRH
72.07,72.11,71.99,71.995,2100,2020-11-06 17:40:00,TXRH
71.99,72.02,71.8,71.91,6264,2020-11-06 17:45:00,TXRH
71.89,71.95,71.87,71.915,2000,2020-11-06 17:50:00,TXRH
71.88,71.9223,71.8,71.87,4998,2020-11-06 17:55:00,TXRH
71.82,72.09,71.82,72.09,5945,2020-11-06 18:00:00,TXRH
72.07,72.08,71.95,72.025,5122,2020-11-06 18:05:00,TXRH
71.98,72.115,71.96,72.06,4861,2020-11-06 18:10:00,TXRH
72.1,72.14,72.06,72.1,3615,2020-11-06 18:15:00,TXRH
72.1,72.15,71.96,72.09,11200,2020-11-06 18:20:00,TXRH
72.055,72.305,72.055,72.195,3617,2020-11-06 18:25:00,TXRH
72.22,72.28,72.11,72.11,3650,2020-11-06 18:30:00,TXRH
72.11,72.21,72.11,72.21,2300,2020-11-06 18:35:00,TXRH
72.23,72.31,72.18,72.28,6245,2020-11-06 18:40:00,TXRH
72.28,72.35,72.25,72.34,2400,2020-11-06 18:45:00,TXRH
72.36,72.38,72.25,72.27,2600,2020-11-06 18:50:00,TXRH
72.32,72.33,72.17,72.25,4061,2020-11-06 18:55:00,TXRH
72.27,72.34,72.2,72.285,4243,2020-11-06 19:00:00,TXRH
72.28,72.29,72.13,72.19,3891,2020-11-06 19:05:00,TXRH
72.2,72.25,72.14,72.225,7286,2020-11-06 19:10:00,TXRH
72.28,72.3,72.14,72.26,3570,2020-11-06 19:15:00,TXRH
72.19,72.285,72.17,72.28,2300,2020-11-06 19:20:00,TXRH
72.25,72.34,72.21,72.33,4658,2020-11-06 19:25:00,TXRH
72.34,72.365,72.29,72.355,892,2020-11-06 19:30:00,TXRH
72.335,72.38,72.155,72.32,14643,2020-11-06 19:35:00,TXRH
72.28,72.295,72.2,72.22,3126,2020-11-06 19:40:00,TXRH
72.22,72.25,72.13,72.18,6578,2020-11-06 19:45:00,TXRH
72.185,72.26,71.94,72.11,6941,2020-11-06 19:50:00,TXRH
72.13,72.3,72.13,72.29,2719,2020-11-06 19:55:00,TXRH
72.29,72.32,72.2,72.21,5299,2020-11-06 20:00:00,TXRH
72.25,72.28,72.15,72.15,3814,2020-11-06 20:05:00,TXRH
72.21,72.26,72.16,72.22,4527,2020-11-06 20:10:00,TXRH
72.24,72.24,71.83,71.86,17523,2020-11-06 20:15:00,TXRH
71.87,71.97,71.79,71.85,7053,2020-11-06 20:20:00,TXRH
71.86,71.94,71.82,71.91,6673,2020-11-06 20:25:00,TXRH
71.88,72.0,71.84,71.91,10274,2020-11-06 20:30:00,TXRH
71.91,71.95,71.8,71.92,12071,2020-11-06 20:35:00,TXRH
71.915,71.92,71.84,71.84,9180,2020-11-06 20:40:00,TXRH
71.855,71.87,71.77,71.815,17204,2020-11-06 20:45:00,TXRH
71.81,71.99,71.64,71.99,31510,2020-11-06 20:50:00,TXRH
71.975,72.15,71.95,72.11,57171,2020-11-06 20:55:00,TXRH
72.11,72.11,72.11,72.11,60423,2020-11-06 21:00:00,TXRH
76.23,78.0,76.23,78.0,783,2020-11-09 12:25:00,TXRH
79.0,79.0,79.0,79.0,100,2020-11-09 13:00:00,TXRH
79.7,80.37,79.7,80.37,1551,2020-11-09 13:25:00,TXRH
80.0,80.0,80.0,80.0,300,2020-11-09 13:50:00,TXRH
79.75,80.0,79.75,80.0,930,2020-11-09 14:20:00,TXRH
80.05,80.44,79.99,80.44,2666,2020-11-09 14:25:00,TXRH
80.24,82.9,79.01,82.88,108229,2020-11-09 14:30:00,TXRH
82.84,83.59,82.47,82.635,55610,2020-11-09 14:35:00,TXRH
82.995,84.05,82.55,84.04,28179,2020-11-09 14:40:00,TXRH
83.92,84.27,83.07,83.4824,66798,2020-11-09 14:45:00,TXRH
83.59,83.82,82.77,83.57,28244,2020-11-09 14:50:00,TXRH
83.52,83.58,82.27,82.285,36031,2020-11-09 14:55:00,TXRH
82.36,82.58,81.93,82.32,48022,2020-11-09 15:00:00,TXRH
82.33,82.7838,82.18,82.7838,38343,2020-11-09 15:05:00,TXRH
82.78,83.63,82.78,83.02,28634,2020-11-09 15:10:00,TXRH
82.98,83.75,82.955,83.66,30269,2020-11-09 15:15:00,TXRH
83.6551,83.88,83.0,83.19,19555,2020-11-09 15:20:00,TXRH
83.165,83.46,82.8,82.8,11207,2020-11-09 15:25:00,TXRH
82.75,83.71,82.75,83.71,17415,2020-11-09 15:30:00,TXRH
83.53,83.815,83.01,83.26,24790,2020-11-09 15:35:00,TXRH
83.06,83.95,83.06,83.91,67066,2020-11-09 15:40:00,TXRH
83.85,83.99,83.52,83.52,33155,2020-11-09 15:45:00,TXRH
83.48,83.74,83.37,83.74,12537,2020-11-09 15:50:00,TXRH
83.71,83.835,83.39,83.46,16895,2020-11-09 15:55:00,TXRH
83.425,83.73,82.69,82.845,25776,2020-11-09 16:00:00,TXRH
82.84,82.9,82.185,82.855,25210,2020-11-09 16:05:00,TXRH
82.855,82.855,82.47,82.715,12104,2020-11-09 16:10:00,TXRH
82.685,82.85,82.24,82.45,27095,2020-11-09 16:15:00,TXRH
82.455,82.455,82.11,82.195,8807,2020-11-09 16:20:00,TXRH
82.2,82.2,81.48,81.79,16035,2020-11-09 16:25:00,TXRH
81.915,82.23,81.45,82.09,26922,2020-11-09 16:30:00,TXRH
82.205,82.21,81.95,81.99,15356,2020-11-09 16:35:00,TXRH
81.99,82.06,81.655,81.97,13613,2020-11-09 16:40:00,TXRH
82.1,82.1025,81.53,81.57,10066,2020-11-09 16:45:00,TXRH
81.45,81.5,81.2,81.2,9238,2020-11-09 16:50:00,TXRH
81.27,81.67,81.16,81.56,11109,2020-11-09 16:55:00,TXRH
81.71,82.0413,81.5,82.0,12763,2020-11-09 17:00:00,TXRH
81.945,82.57,81.91,82.17,20129,2020-11-09 17:05:00,TXRH
82.06,82.06,81.445,81.565,30735,2020-11-09 17:10:00,TXRH
81.565,81.59,81.41,81.49,29629,2020-11-09 17:15:00,TXRH
81.49,81.62,81.38,81.485,29500,2020-11-09 17:20:00,TXRH
81.5,81.595,81.36,81.37,29189,2020-11-09 17:25:00,TXRH
81.38,81.54,81.38,81.535,7170,2020-11-09 17:30:00,TXRH
81.535,81.6123,81.4,81.48,24072,2020-11-09 17:35:00,TXRH
81.475,81.54,81.38,81.5,7279,2020-11-09 17:40:00,TXRH
81.54,81.55,81.45,81.48,26835,2020-11-09 17:45:00,TXRH
81.49,82.39,81.49,82.265,20966,2020-11-09 17:50:00,TXRH
82.275,82.77,82.235,82.65,20475,2020-11-09 17:55:00,TXRH
82.75,82.95,82.75,82.89,11791,2020-11-09 18:00:00,TXRH
82.95,83.55,82.82,83.26,23154,2020-11-09 18:05:00,TXRH
83.35,83.52,83.205,83.305,10960,2020-11-09 18:10:00,TXRH
83.305,83.305,83.04,83.25,9296,2020-11-09 18:15:00,TXRH
83.25,83.48,83.18,83.395,9278,2020-11-09 18:20:00,TXRH
83.42,83.6,83.26,83.315,15040,2020-11-09 18:25:00,TXRH
83.35,83.63,83.31,83.55,11498,2020-11-09 18:30:00,TXRH
83.55,83.88,83.51,83.65,14685,2020-11-09 18:35:00,TXRH
83.66,83.76,83.4,83.7,12775,2020-11-09 18:40:00,TXRH
83.69,83.72,83.34,83.48,14881,2020-11-09 18:45:00,TXRH
83.42,83.71,83.38,83.45,21552,2020-11-09 18:50:00,TXRH
83.4,83.4,83.165,83.195,6091,2020-11-09 18:55:00,TXRH
83.24,83.25,83.06,83.16,16342,2020-11-09 19:00:00,TXRH
83.135,83.26,83.09,83.1933,13176,2020-11-09 19:05:00,TXRH
83.2,83.29,83.15,83.15,15601,2020-11-09 19:10:00,TXRH
83.15,83.18,83.03,83.11,12411,2020-11-09 19:15:00,TXRH
83.14,83.16,82.8,82.813,15942,2020-11-09 19:20:00,TXRH
82.85,82.85,82.655,82.7,15559,2020-11-09 19:25:00,TXRH
82.715,82.715,82.38,82.38,14526,2020-11-09 19:30:00,TXRH
82.425,82.655,82.41,82.54,7905,2020-11-09 19:35:00,TXRH
82.54,82.7,82.11,82.145,19619,2020-11-09 19:40:00,TXRH
82.1,82.11,81.69,81.69,15235,2020-11-09 19:45:00,TXRH
81.665,81.99,81.62,81.89,21224,2020-11-09 19:50:00,TXRH
81.96,81.98,81.01,81.21,38472,2020-11-09 19:55:00,TXRH
81.21,81.64,81.13,81.64,33597,2020-11-09 20:00:00,TXRH
81.55,81.63,81.28,81.385,37011,2020-11-09 20:05:00,TXRH
81.385,81.44,81.33,81.385,21392,2020-11-09 20:10:00,TXRH
81.385,81.64,81.33,81.33,26739,2020-11-09 20:15:00,TXRH
81.37,81.43,81.12,81.32,26130,2020-11-09 20:20:00,TXRH
81.32,81.32,80.7,80.795,21920,2020-11-09 20:25:00,TXRH
80.795,81.08,80.6501,80.67,38066,2020-11-09 20:30:00,TXRH
80.67,80.94,80.55,80.87,39017,2020-11-09 20:35:00,TXRH
80.87,80.89,80.67,80.81,38996,2020-11-09 20:40:00,TXRH
80.82,81.01,80.61,80.7,46041,2020-11-09 20:45:00,TXRH
80.7,80.7,79.84,79.84,87944,2020-11-09 20:50:00,TXRH
79.83,79.99,79.44,79.93,187013,2020-11-09 20:55:00,TXRH
79.82,79.82,79.82,79.82,86640,2020-11-09 21:00:00,TXRH
80.35,80.96,79.26,79.43,19209,2020-11-10 14:30:00,TXRH
79.595,79.7,79.05,79.05,4781,2020-11-10 14:35:00,TXRH
79.07,79.235,78.5,78.5,8572,2020-11-10 14:40:00,TXRH
78.44,78.86,78.09,78.86,8283,2020-11-10 14:45:00,TXRH
78.75,79.36,78.35,78.35,12468,2020-11-10 14:50:00,TXRH
78.4,78.66,77.22,77.24,26434,2020-11-10 14:55:00,TXRH
77.24,77.75,76.75,77.21,15934,2020-11-10 15:00:00,TXRH
77.2,77.2,76.58,76.76,9765,2020-11-10 15:05:00,TXRH
77.0,77.0,76.26,76.26,5488,2020-11-10 15:10:00,TXRH
76.18,76.4713,75.74,76.4713,9202,2020-11-10 15:15:00,TXRH
76.46,76.55,76.14,76.55,105053,2020-11-10 15:20:00,TXRH
76.53,76.67,76.1,76.1,5857,2020-11-10 15:25:00,TXRH
76.08,76.68,75.93,76.505,10057,2020-11-10 15:30:00,TXRH
76.54,76.56,75.97,76.08,38131,2020-11-10 15:35:00,TXRH
76.19,76.51,75.89,76.47,5489,2020-11-10 15:40:00,TXRH
76.49,76.64,76.48,76.63,2160,2020-11-10 15:45:00,TXRH
76.55,76.78,76.55,76.78,3365,2020-11-10 15:50:00,TXRH
76.84,76.87,76.7,76.72,7910,2020-11-10 15:55:00,TXRH
76.73,76.81,76.54,76.76,16428,2020-11-10 16:00:00,TXRH
76.6601,76.6601,76.27,76.27,8800,2020-11-10 16:05:00,TXRH
76.26,76.39,76.15,76.33,36456,2020-11-10 16:10:00,TXRH
76.39,76.42,76.11,76.125,11013,2020-11-10 16:15:00,TXRH
76.115,76.7,76.115,76.7,13146,2020-11-10 16:20:00,TXRH
76.595,76.72,76.47,76.5,31431,2020-11-10 16:25:00,TXRH
76.57,77.47,76.56,77.47,20931,2020-11-10 16:30:00,TXRH
77.45,77.61,77.29,77.43,17908,2020-11-10 16:35:00,TXRH
77.39,77.77,77.33,77.66,50556,2020-11-10 16:40:00,TXRH
77.64,77.9,77.59,77.9,4293,2020-11-10 16:45:00,TXRH
77.825,78.05,77.75,77.855,6580,2020-11-10 16:50:00,TXRH
77.89,77.9,77.65,77.705,15240,2020-11-10 16:55:00,TXRH
77.64,78.02,77.56,78.02,5889,2020-11-10 17:00:00,TXRH
78.01,78.23,77.9,78.125,13544,2020-11-10 17:05:00,TXRH
78.12,78.2,78.08,78.125,6464,2020-11-10 17:10:00,TXRH
78.125,78.21,78.0,78.13,8803,2020-11-10 17:15:00,TXRH
78.145,78.21,78.08,78.095,6926,2020-11-10 17:20:00,TXRH
78.06,78.11,77.9039,77.92,4837,2020-11-10 17:25:00,TXRH
77.93,77.97,77.79,77.79,6679,2020-11-10 17:30:00,TXRH
77.8,77.81,77.51,77.51,5343,2020-11-10 17:35:00,TXRH
77.515,77.64,77.45,77.64,3917,2020-11-10 17:40:00,TXRH
77.51,77.57,77.48,77.48,2002,2020-11-10 17:45:00,TXRH
77.46,77.46,77.23,77.26,5255,2020-11-10 17:50:00,TXRH
77.26,77.46,77.17,77.3922,6200,2020-11-10 17:55:00,TXRH
77.4,77.64,77.33,77.34,3700,2020-11-10 18:00:00,TXRH
77.29,77.345,76.85,76.885,3843,2020-11-10 18:05:00,TXRH
76.92,76.94,76.375,76.4,96602,2020-11-10 18:10:00,TXRH
76.4,76.795,76.385,76.68,23877,2020-11-10 18:15:00,TXRH
76.76,76.81,76.47,76.47,2305,2020-11-10 18:20:00,TXRH
76.44,76.57,76.305,76.38,6682,2020-11-10 18:25:00,TXRH
76.38,76.38,76.19,76.37,7492,2020-11-10 18:30:00,TXRH
76.37,76.55,76.28,76.31,9267,2020-11-10 18:35:00,TXRH
76.35,76.48,76.16,76.48,6372,2020-11-10 18:40:00,TXRH
76.54,76.56,76.41,76.42,2900,2020-11-10 18:45:00,TXRH
76.53,76.55,76.44,76.53,4060,2020-11-10 18:50:00,TXRH
76.53,76.85,76.45,76.7541,6991,2020-11-10 18:55:00,TXRH
76.73,77.04,76.73,76.93,7463,2020-11-10 19:00:00,TXRH
76.95,76.95,76.705,76.76,4142,2020-11-10 19:05:00,TXRH
76.73,76.73,76.6,76.68,4629,2020-11-10 19:10:00,TXRH
76.67,76.745,76.56,76.73,7098,2020-11-10 19:15:00,TXRH
76.735,76.76,76.52,76.65,6068,2020-11-10 19:20:00,TXRH
76.68,76.68,76.36,76.56,7977,2020-11-10 19:25:00,TXRH
76.62,76.65,76.49,76.535,2289,2020-11-10 19:30:00,TXRH
76.49,76.65,76.3,76.56,7099,2020-11-10 19:35:00,TXRH
76.55,76.59,76.4,76.47,5076,2020-11-10 19:40:00,TXRH
76.53,76.65,76.49,76.49,5141,2020-11-10 19:45:00,TXRH
76.53,76.89,76.525,76.7,10793,2020-11-10 19:50:00,TXRH
76.72,77.02,76.72,76.93,8969,2020-11-10 19:55:00,TXRH
76.9,77.15,76.86,77.05,27157,2020-11-10 20:00:00,TXRH
77.1,77.135,76.96,77.0,4801,2020-11-10 20:05:00,TXRH
76.985,77.04,76.79,76.865,5302,2020-11-10 20:10:00,TXRH
76.865,77.14,76.79,77.08,41866,2020-11-10 20:15:00,TXRH
77.08,77.31,77.07,77.22,4689,2020-11-10 20:20:00,TXRH
77.18,77.24,77.13,77.175,2900,2020-11-10 20:25:00,TXRH
77.175,77.2,77.03,77.13,19306,2020-11-10 20:30:00,TXRH
77.11,77.15,76.71,76.71,9143,2020-11-10 20:35:00,TXRH
76.68,76.915,76.65,76.81,8350,2020-11-10 20:40:00,TXRH
76.855,76.88,76.735,76.785,9970,2020-11-10 20:45:00,TXRH
76.8,76.89,76.66,76.76,22147,2020-11-10 20:50:00,TXRH
76.755,76.87,76.56,76.82,35514,2020-11-10 20:55:00,TXRH
76.82,76.82,76.82,76.82,60910,2020-11-10 21:00:00,TXRH
76.82,76.82,76.82,76.82,200,2020-11-10 21:05:00,TXRH
76.7,77.27,76.02,76.02,7320,2020-11-11 14:30:00,TXRH
75.77,76.06,75.625,75.75,1900,2020-11-11 14:35:00,TXRH
75.68,75.99,75.43,75.71,4414,2020-11-11 14:40:00,TXRH
75.6,76.0,75.56,75.915,8734,2020-11-11 14:45:00,TXRH
75.79,76.27,75.79,76.135,3279,2020-11-11 14:50:00,TXRH
76.27,76.27,75.6,75.61,3610,2020-11-11 14:55:00,TXRH
75.39,75.56,75.3,75.43,1976,2020-11-11 15:00:00,TXRH
75.3,75.3,74.8113,75.1,10877,2020-11-11 15:05:00,TXRH
75.04,75.04,74.675,74.88,20758,2020-11-11 15:10:00,TXRH
75.025,75.12,74.77,74.77,11475,2020-11-11 15:15:00,TXRH
74.93,74.935,74.31,74.31,10586,2020-11-11 15:20:00,TXRH
74.3,74.59,74.3,74.525,11187,2020-11-11 15:25:00,TXRH
74.515,74.61,74.27,74.285,16615,2020-11-11 15:30:00,TXRH
74.285,74.6,74.2,74.6,10556,2020-11-11 15:35:00,TXRH
74.57,74.63,74.38,74.42,1920,2020-11-11 15:40:00,TXRH
74.48,74.745,74.47,74.745,3168,2020-11-11 15:45:00,TXRH
74.82,74.82,74.66,74.72,1200,2020-11-11 15:50:00,TXRH
74.78,74.85,74.7,74.705,5158,2020-11-11 15:55:00,TXRH
74.675,74.8,74.62,74.68,5910,2020-11-11 16:00:00,TXRH
74.62,74.62,74.455,74.455,1500,2020-11-11 16:05:00,TXRH
74.39,74.44,74.365,74.43,2552,2020-11-11 16:10:00,TXRH
74.4,74.5,74.4,74.5,1420,2020-11-11 16:15:00,TXRH
74.5,74.64,74.35,74.35,3600,2020-11-11 16:20:00,TXRH
74.41,74.66,74.34,74.66,4158,2020-11-11 16:25:00,TXRH
74.575,74.73,74.575,74.73,3663,2020-11-11 16:30:00,TXRH
74.73,74.805,74.62,74.675,2592,2020-11-11 16:35:00,TXRH
74.62,74.72,74.58,74.72,3014,2020-11-11 16:40:00,TXRH
74.67,74.67,74.56,74.66,1100,2020-11-11 16:45:00,TXRH
74.66,74.75,74.52,74.54,8832,2020-11-11 16:50:00,TXRH
74.63,74.74,74.59,74.67,2281,2020-11-11 16:55:00,TXRH
74.6499,74.81,74.548,74.548,7918,2020-11-11 17:00:00,TXRH
74.575,74.63,74.48,74.62,3400,2020-11-11 17:05:00,TXRH
74.615,74.615,74.51,74.51,1763,2020-11-11 17:10:00,TXRH
74.4939,74.5,74.1,74.16,5806,2020-11-11 17:15:00,TXRH
74.165,74.17,74.09,74.125,3365,2020-11-11 17:20:00,TXRH
74.125,74.16,74.07,74.16,3597,2020-11-11 17:25:00,TXRH
74.17,74.17,73.93,73.9397,5220,2020-11-11 17:30:00,TXRH
73.975,73.975,73.89,73.955,2619,2020-11-11 17:35:00,TXRH
73.955,73.99,73.865,73.97,3062,2020-11-11 17:40:00,TXRH
74.01,74.38,73.985,74.33,42683,2020-11-11 17:45:00,TXRH
74.36,74.46,74.29,74.41,2000,2020-11-11 17:50:00,TXRH
74.405,74.47,74.405,74.42,1364,2020-11-11 17:55:00,TXRH
74.42,74.78,74.42,74.61,4659,2020-11-11 18:00:00,TXRH
74.68,74.77,74.64,74.75,3205,2020-11-11 18:05:00,TXRH
74.75,74.76,74.49,74.49,9160,2020-11-11 18:10:00,TXRH
74.49,74.64,74.49,74.63,3077,2020-11-11 18:15:00,TXRH
74.64,74.795,74.64,74.74,2000,2020-11-11 18:20:00,TXRH
74.73,74.8,74.73,74.775,800,2020-11-11 18:25:00,TXRH
74.8,74.81,74.625,74.68,3100,2020-11-11 18:30:00,TXRH
74.65,74.73,74.645,74.715,4001,2020-11-11 18:35:00,TXRH
74.69,74.69,74.64,74.68,1819,2020-11-11 18:40:00,TXRH
74.59,74.6,74.47,74.485,2491,2020-11-11 18:45:00,TXRH
74.47,74.54,74.44,74.54,1200,2020-11-11 18:50:00,TXRH
74.54,74.56,74.375,74.41,4257,2020-11-11 18:55:00,TXRH
74.41,74.415,74.32,74.36,4968,2020-11-11 19:00:00,TXRH
74.345,74.46,74.325,74.42,4137,2020-11-11 19:05:00,TXRH
74.35,74.4,74.34,74.365,1601,2020-11-11 19:10:00,TXRH
74.365,74.37,74.22,74.22,5647,2020-11-11 19:15:00,TXRH
74.205,74.31,74.09,74.09,4101,2020-11-11 19:20:00,TXRH
74.1265,74.155,73.85,73.91,8500,2020-11-11 19:25:00,TXRH
73.95,74.01,73.93,73.95,5720,2020-11-11 19:30:00,TXRH
73.955,74.03,73.955,73.995,2900,2020-11-11 19:35:00,TXRH
73.96,74.05,73.93,73.98,9415,2020-11-11 19:40:00,TXRH
73.97,74.05,73.86,73.87,6781,2020-11-11 19:45:00,TXRH
73.89,73.92,73.79,73.79,5200,2020-11-11 19:50:00,TXRH
73.78,73.965,73.75,73.87,5257,2020-11-11 19:55:00,TXRH
73.895,73.96,73.79,73.79,4894,2020-11-11 20:00:00,TXRH
73.79,73.84,73.73,73.795,11342,2020-11-11 20:05:00,TXRH
73.795,73.895,73.71,73.895,11068,2020-11-11 20:10:00,TXRH
73.88,73.95,73.79,73.91,5211,2020-11-11 20:15:00,TXRH
73.91,73.91,73.74,73.78,9713,2020-11-11 20:20:00,TXRH
73.775,73.78,73.509,73.509,9954,2020-11-11 20:25:00,TXRH
73.545,73.61,73.48,73.6,11556,2020-11-11 20:30:00,TXRH
73.6036,73.7,73.55,73.67,11483,2020-11-11 20:35:00,TXRH
73.6778,73.8099,73.66,73.66,15816,2020-11-11 20:40:00,TXRH
73.66,73.73,73.62,73.62,71935,2020-11-11 20:45:00,TXRH
73.61,74.02,73.61,73.9425,33272,2020-11-11 20:50:00,TXRH
73.935,73.975,73.78,73.81,66411,2020-11-11 20:55:00,TXRH
73.89,73.89,73.89,73.89,73950,2020-11-11 21:00:00,TXRH
73.45,73.45,73.45,73.45,100,2020-11-12 14:25:00,TXRH
73.24,73.34,72.95,73.34,10488,2020-11-12 14:30:00,TXRH
73.27,73.38,72.97,73.38,2644,2020-11-12 14:35:00,TXRH
73.2,73.32,73.11,73.29,7854,2020-11-12 14:40:00,TXRH
73.2875,73.42,72.89,73.11,16230,2020-11-12 14:45:00,TXRH
72.95,73.15,72.65,73.0,15815,2020-11-12 14:50:00,TXRH
73.24,73.24,72.85,72.895,18404,2020-11-12 14:55:00,TXRH
72.93,73.13,72.915,72.965,5000,2020-11-12 15:00:00,TXRH
72.965,73.22,72.93,73.19,14618,2020-11-12 15:05:00,TXRH
73.29,73.78,73.2575,73.78,18855,2020-11-12 15:10:00,TXRH
73.8,73.8,73.45,73.47,12640,2020-11-12 15:15:00,TXRH
73.545,73.61,73.36,73.36,3202,2020-11-12 15:20:00,TXRH
73.44,73.5169,73.03,73.2455,7132,2020-11-12 15:25:00,TXRH
73.25,73.25,72.98,73.2,8011,2020-11-12 15:30:00,TXRH
73.2,73.2,73.0,73.1,15739,2020-11-12 15:35:00,TXRH
73.1,73.2716,73.06,73.105,13487,2020-11-12 15:40:00,TXRH
73.11,73.14,73.0,73.08,14076,2020-11-12 15:45:00,TXRH
73.09,73.14,72.92,72.96,9675,2020-11-12 15:50:00,TXRH
72.92,72.98,72.765,72.765,13511,2020-11-12 15:55:00,TXRH
72.735,72.77,72.47,72.58,10512,2020-11-12 16:00:00,TXRH
72.61,73.12,72.58,73.12,24806,2020-11-12 16:05:00,TXRH
73.1,73.16,72.97,73.02,4892,2020-11-12 16:10:00,TXRH
73.07,73.42,73.04,73.42,6551,2020-11-12 16:15:00,TXRH
73.57,73.81,73.47,73.63,4393,2020-11-12 16:20:00,TXRH
73.705,73.705,73.53,73.69,3192,2020-11-12 16:25:00,TXRH
73.615,73.865,73.615,73.81,48313,2020-11-12 16:30:00,TXRH
73.92,73.94,73.76,73.76,1300,2020-11-12 16:35:00,TXRH
73.79,73.83,73.655,73.665,14600,2020-11-12 16:40:00,TXRH
73.665,73.73,73.61,73.73,3321,2020-11-12 16:45:00,TXRH
73.715,73.83,73.57,73.655,9081,2020-11-12 16:50:00,TXRH
73.64,73.69,73.53,73.625,2220,2020-11-12 16:55:00,TXRH
73.615,73.615,73.33,73.51,8471,2020-11-12 17:00:00,TXRH
73.51,73.545,73.465,73.505,7349,2020-11-12 17:05:00,TXRH
73.505,73.54,73.385,73.435,8903,2020-11-12 17:10:00,TXRH
73.435,73.475,73.25,73.29,3287,2020-11-12 17:15:00,TXRH
73.28,73.47,73.28,73.41,2880,2020-11-12 17:20:00,TXRH
73.425,73.425,73.145,73.145,2740,2020-11-12 17:25:00,TXRH
73.145,73.21,73.04,73.055,2300,2020-11-12 17:30:00,TXRH
73.04,73.125,72.975,72.975,3975,2020-11-12 17:35:00,TXRH
72.88,72.89,72.755,72.755,6122,2020-11-12 17:40:00,TXRH
72.76,72.8299,72.3,72.3,6705,2020-11-12 17:45:00,TXRH
72.315,72.55,72.21,72.42,15676,2020-11-12 17:50:00,TXRH
72.39,72.4,72.1,72.22,9343,2020-11-12 17:55:00,TXRH
72.2,72.29,72.15,72.16,3439,2020-11-12 18:00:00,TXRH
72.16,72.27,71.95,72.01,8748,2020-11-12 18:05:00,TXRH
72.0,72.12,71.78,71.985,9620,2020-11-12 18:10:00,TXRH
71.995,71.995,71.6,71.743,8414,2020-11-12 18:15:00,TXRH
71.71,71.95,71.65,71.84,6769,2020-11-12 18:20:00,TXRH
71.755,71.81,71.67,71.69,6002,2020-11-12 18:25:00,TXRH
71.705,72.3,71.705,71.87,42483,2020-11-12 18:30:00,TXRH
71.94,72.17,71.8501,72.06,12459,2020-11-12 18:35:00,TXRH
72.12,72.27,71.98,72.27,18791,2020-11-12 18:40:00,TXRH
72.235,72.31,71.925,72.02,56171,2020-11-12 18:45:00,TXRH
72.01,72.57,72.01,72.34,10294,2020-11-12 18:50:00,TXRH
72.34,72.49,72.25,72.46,10392,2020-11-12 18:55:00,TXRH
72.43,72.61,72.4,72.61,3700,2020-11-12 19:00:00,TXRH
72.59,72.76,72.43,72.51,9448,2020-11-12 19:05:00,TXRH
72.47,72.51,72.365,72.4,7331,2020-11-12 19:10:00,TXRH
72.36,72.36,72.17,72.2,2258,2020-11-12 19:15:00,TXRH
72.14,72.29,72.14,72.175,4077,2020-11-12 19:20:00,TXRH
72.18,72.27,71.87,71.87,8115,2020-11-12 19:25:00,TXRH
71.935,72.17,71.72,72.06,3788,2020-11-12 19:30:00,TXRH
72.07,72.12,71.98,71.98,2800,2020-11-12 19:35:00,TXRH
71.96,71.96,71.83,71.835,2800,2020-11-12 19:40:00,TXRH
71.75,71.92,71.75,71.8425,7864,2020-11-12 19:45:00,TXRH
71.81,71.905,71.76,71.9,5788,2020-11-12 19:50:00,TXRH
71.9,71.97,71.83,71.9,2445,2020-11-12 19:55:00,TXRH
71.9,71.91,71.65,71.67,2957,2020-11-12 20:00:00,TXRH
71.675,71.761,71.64,71.705,4214,2020-11-12 20:05:00,TXRH
71.74,71.88,71.74,71.803,2400,2020-11-12 20:10:00,TXRH
71.81,72.2675,71.81,72.225,5796,2020-11-12 20:15:00,TXRH
72.225,72.29,72.15,72.255,3771,2020-11-12 20:20:00,TXRH
72.28,72.33,72.17,72.17,10773,2020-11-12 20:25:00,TXRH
72.19,72.2,72.1,72.1,11758,2020-11-12 20:30:00,TXRH
72.07,72.16,72.04,72.14,12572,2020-11-12 20:35:00,TXRH
72.16,72.16,72.045,72.06,13155,2020-11-12 20:40:00,TXRH
72.03,72.1,71.87,72.1,14592,2020-11-12 20:45:00,TXRH
72.05,72.24,72.03,72.16,23582,2020-11-12 20:50:00,TXRH
72.125,72.51,72.12,72.46,61071,2020-11-12 20:55:00,TXRH
72.42,72.42,72.42,72.42,246754,2020-11-12 21:00:00,TXRH
72.9712,72.9712,72.9712,72.9712,363,2020-11-12 21:10:00,TXRH
72.9875,72.9875,72.9875,72.9875,363,2020-11-12 21:20:00,TXRH
73.41,73.41,72.53,72.69,12027,2020-11-13 14:30:00,TXRH
72.68,72.94,72.59,72.9224,6700,2020-11-13 14:35:00,TXRH
72.72,72.72,72.32,72.48,5754,2020-11-13 14:40:00,TXRH
72.48,72.48,72.04,72.18,5029,2020-11-13 14:45:00,TXRH
72.175,72.41,72.13,72.27,7413,2020-11-13 14:50:00,TXRH
72.25,72.26,72.04,72.22,12752,2020-11-13 14:55:00,TXRH
72.25,72.6,72.24,72.48,20768,2020-11-13 15:00:00,TXRH
72.555,72.79,72.31,72.605,13508,2020-11-13 15:05:00,TXRH
72.565,72.63,72.46,72.595,9395,2020-11-13 15:10:00,TXRH
72.595,72.82,72.425,72.76,20197,2020-11-13 15:15:00,TXRH
72.75,73.05,72.59,73.05,13316,2020-11-13 15:20:00,TXRH
72.91,73.23,72.78,73.23,7166,2020-11-13 15:25:00,TXRH
73.34,73.41,73.115,73.39,2993,2020-11-13 15:30:00,TXRH
73.36,73.39,73.06,73.15,5553,2020-11-13 15:35:00,TXRH
73.21,73.27,73.07,73.27,900,2020-11-13 15:40:00,TXRH
73.205,73.46,73.205,73.41,3189,2020-11-13 15:45:00,TXRH
73.3472,73.52,73.305,73.46,3610,2020-11-13 15:50:00,TXRH
73.48,73.48,73.14,73.24,4527,2020-11-13 15:55:00,TXRH
73.25,73.43,73.245,73.43,1870,2020-11-13 16:00:00,TXRH
73.41,73.52,73.27,73.33,3589,2020-11-13 16:05:00,TXRH
73.33,73.3406,73.05,73.25,4790,2020-11-13 16:10:00,TXRH
73.25,73.29,73.19,73.2,3031,2020-11-13 16:15:00,TXRH
73.19,73.28,73.12,73.25,4709,2020-11-13 16:20:00,TXRH
73.14,73.14,72.94,72.94,6235,2020-11-13 16:25:00,TXRH
72.995,73.07,72.93,73.02,2500,2020-11-13 16:30:00,TXRH
72.96,73.2,72.96,73.14,2882,2020-11-13 16:35:00,TXRH
73.14,73.2,73.06,73.12,4936,2020-11-13 16:40:00,TXRH
73.115,73.18,73.03,73.14,6965,2020-11-13 16:45:00,TXRH
73.135,73.14,72.76,72.76,5909,2020-11-13 16:50:00,TXRH
72.78,72.93,72.66,72.76,6917,2020-11-13 16:55:00,TXRH
72.75,72.8,72.65,72.65,8979,2020-11-13 17:00:00,TXRH
72.685,72.8,72.62,72.77,35394,2020-11-13 17:05:00,TXRH
72.775,72.825,72.63,72.67,12558,2020-11-13 17:10:00,TXRH
72.66,72.82,72.58,72.78,14751,2020-11-13 17:15:00,TXRH
72.77,72.82,72.62,72.66,19750,2020-11-13 17:20:00,TXRH
72.71,72.78,72.62,72.75,24541,2020-11-13 17:25:00,TXRH
72.74,72.825,72.74,72.77,3638,2020-11-13 17:30:00,TXRH
72.8,72.82,72.68,72.79,7477,2020-11-13 17:35:00,TXRH
72.76,73.01,72.75,73.0,13768,2020-11-13 17:40:00,TXRH
73.02,73.025,72.88,73.025,5737,2020-11-13 17:45:00,TXRH
73.06,73.13,72.98,73.035,5140,2020-11-13 17:50:00,TXRH
73.0,73.005,72.92,72.93,3632,2020-11-13 17:55:00,TXRH
72.9552,72.9552,72.75,72.84,11763,2020-11-13 18:00:00,TXRH
72.84,72.97,72.84,72.85,2442,2020-11-13 18:05:00,TXRH
72.845,72.845,72.68,72.75,9431,2020-11-13 18:10:00,TXRH
72.715,72.93,72.715,72.87,3450,2020-11-13 18:15:00,TXRH
72.87,72.93,72.87,72.93,1467,2020-11-13 18:20:00,TXRH
72.9,72.99,72.855,72.93,3426,2020-11-13 18:25:00,TXRH
72.965,73.07,72.965,73.04,5091,2020-11-13 18:30:00,TXRH
73.05,73.33,73.05,73.3,5200,2020-11-13 18:35:00,TXRH
73.27,73.375,73.2301,73.37,7000,2020-11-13 18:40:00,TXRH
73.32,73.32,73.18,73.205,4663,2020-11-13 18:45:00,TXRH
73.205,73.25,73.03,73.04,4409,2020-11-13 18:50:00,TXRH
73.025,73.34,72.99,73.215,7350,2020-11-13 18:55:00,TXRH
73.225,73.28,73.225,73.235,2900,2020-11-13 19:00:00,TXRH
73.18,73.3,73.18,73.235,1500,2020-11-13 19:05:00,TXRH
73.235,73.39,73.235,73.33,5429,2020-11-13 19:10:00,TXRH
73.325,73.46,73.28,73.41,3100,2020-11-13 19:15:00,TXRH
73.46,73.515,73.39,73.4238,43477,2020-11-13 19:20:00,TXRH
73.46,73.49,73.28,73.295,6199,2020-11-13 19:25:00,TXRH
73.2872,73.33,73.26,73.33,5478,2020-11-13 19:30:00,TXRH
73.33,73.6,73.33,73.56,4392,2020-11-13 19:35:00,TXRH
73.545,73.58,73.535,73.56,5000,2020-11-13 19:40:00,TXRH
73.58,73.63,73.465,73.465,3400,2020-11-13 19:45:00,TXRH
73.465,73.64,73.465,73.6,5200,2020-11-13 19:50:00,TXRH
73.575,73.7,73.575,73.61,7731,2020-11-13 19:55:00,TXRH
73.56,73.68,73.52,73.52,5786,2020-11-13 20:00:00,TXRH
73.54,73.56,73.495,73.5,4850,2020-11-13 20:05:00,TXRH
73.505,73.505,73.298,73.39,23997,2020-11-13 20:10:00,TXRH
73.39,73.44,73.27,73.365,7168,2020-11-13 20:15:00,TXRH
73.35,73.35,73.13,73.175,12957,2020-11-13 20:20:00,TXRH
73.175,73.22,73.02,73.14,11080,2020-11-13 20:25:00,TXRH
73.105,73.105,72.88,72.89,15302,2020-11-13 20:30:00,TXRH
72.89,72.91,72.64,72.64,15543,2020-11-13 20:35:00,TXRH
72.64,73.04,72.64,72.89,18490,2020-11-13 20:40:00,TXRH
73.0,73.11,72.89,73.065,27302,2020-11-13 20:45:00,TXRH
73.03,73.09,72.88,72.92,47489,2020-11-13 20:50:00,TXRH
72.92,73.03,72.88,72.94,52765,2020-11-13 20:55:00,TXRH
72.94,72.94,72.94,72.94,53500,2020-11-13 21:00:00,TXRH
72.94,72.94,72.94,72.94,163,2020-11-13 22:40:00,TXRH
75.4,75.4,75.4,75.4,300,2020-11-16 12:25:00,TXRH
75.37,75.37,75.37,75.37,100,2020-11-16 13:35:00,TXRH
75.39,75.4,75.39,75.4,500,2020-11-16 13:40:00,TXRH
75.41,75.41,75.41,75.41,100,2020-11-16 14:20:00,TXRH
76.06,77.205,75.43,75.67,23721,2020-11-16 14:30:00,TXRH
75.86,75.86,75.22,75.22,16781,2020-11-16 14:35:00,TXRH
75.14,75.52,75.0,75.05,3397,2020-11-16 14:40:00,TXRH
74.83,75.31,74.75,74.78,7382,2020-11-16 14:45:00,TXRH
74.92,75.02,74.61,74.61,15288,2020-11-16 14:50:00,TXRH
74.6524,74.695,74.245,74.505,2271,2020-11-16 14:55:00,TXRH
74.38,74.5793,74.28,74.445,2304,2020-11-16 15:00:00,TXRH
74.435,74.47,74.24,74.27,1700,2020-11-16 15:05:00,TXRH
74.22,74.22,73.75,73.94,9547,2020-11-16 15:10:00,TXRH
74.0,74.2,73.93,73.93,8322,2020-11-16 15:15:00,TXRH
73.83,73.99,73.74,73.895,4954,2020-11-16 15:20:00,TXRH
73.87,73.97,73.835,73.93,3703,2020-11-16 15:25:00,TXRH
74.0,74.225,73.93,74.16,5190,2020-11-16 15:30:00,TXRH
74.2,74.26,74.115,74.205,7016,2020-11-16 15:35:00,TXRH
74.2,74.44,74.2,74.37,6353,2020-11-16 15:40:00,TXRH
74.345,74.44,74.325,74.44,13464,2020-11-16 15:45:00,TXRH
74.44,74.44,74.14,74.14,7318,2020-11-16 15:50:00,TXRH
74.1,74.255,73.93,74.24,7872,2020-11-16 15:55:00,TXRH
74.225,74.49,74.225,74.44,30056,2020-11-16 16:00:00,TXRH
74.415,74.66,74.4,74.43,11964,2020-11-16 16:05:00,TXRH
74.5,74.91,74.48,74.91,6116,2020-11-16 16:10:00,TXRH
74.92,74.92,74.5924,74.6,7331,2020-11-16 16:15:00,TXRH
74.55,74.65,74.5,74.545,7615,2020-11-16 16:20:00,TXRH
74.56,74.58,74.28,74.405,4504,2020-11-16 16:25:00,TXRH
74.385,74.42,74.365,74.42,1425,2020-11-16 16:30:00,TXRH
74.49,74.5,74.43,74.46,1700,2020-11-16 16:35:00,TXRH
74.6,74.6,74.49,74.53,1000,2020-11-16 16:40:00,TXRH
74.54,74.7,74.54,74.68,2513,2020-11-16 16:45:00,TXRH
74.6323,74.68,74.49,74.52,3361,2020-11-16 16:50:00,TXRH
74.55,74.63,74.5,74.555,2212,2020-11-16 16:55:00,TXRH
74.6,74.62,74.38,74.38,2951,2020-11-16 17:00:00,TXRH
74.405,74.5,74.4,74.475,2293,2020-11-16 17:05:00,TXRH
74.47,74.52,74.36,74.45,2124,2020-11-16 17:10:00,TXRH
74.39,74.49,74.39,74.44,901,2020-11-16 17:15:00,TXRH
74.46,74.46,74.36,74.39,2498,2020-11-16 17:20:00,TXRH
74.425,74.47,74.38,74.47,1201,2020-11-16 17:25:00,TXRH
74.41,74.575,74.39,74.54,8487,2020-11-16 17:30:00,TXRH
74.54,74.54,74.33,74.34,7912,2020-11-16 17:35:00,TXRH
74.37,74.38,74.28,74.32,1401,2020-11-16 17:40:00,TXRH
74.36,74.39,74.29,74.29,2063,2020-11-16 17:45:00,TXRH
74.315,74.315,74.19,74.25,1700,2020-11-16 17:50:00,TXRH
74.1975,74.245,74.1195,74.18,4841,2020-11-16 17:55:00,TXRH
74.15,74.15,74.01,74.01,4702,2020-11-16 18:00:00,TXRH
74.0,74.04,73.92,74.035,5236,2020-11-16 18:05:00,TXRH
74.015,74.18,73.99,74.1,2600,2020-11-16 18:10:00,TXRH
74.155,74.28,74.11,74.125,3195,2020-11-16 18:15:00,TXRH
74.13,74.13,73.91,74.055,3157,2020-11-16 18:20:00,TXRH
73.97,73.97,73.76,73.78,4103,2020-11-16 18:25:00,TXRH
73.78,73.925,73.69,73.925,1350,2020-11-16 18:30:00,TXRH
73.96,73.975,73.86,73.915,3089,2020-11-16 18:35:00,TXRH
73.86,73.86,73.67,73.695,3131,2020-11-16 18:40:00,TXRH
73.6903,73.77,73.45,73.49,4617,2020-11-16 18:45:00,TXRH
73.52,73.56,73.5,73.52,1564,2020-11-16 18:50:00,TXRH
73.5316,73.54,73.45,73.45,5250,2020-11-16 18:55:00,TXRH
73.45,73.45,73.29,73.3,3688,2020-11-16 19:00:00,TXRH
73.31,73.58,73.29,73.58,3542,2020-11-16 19:05:00,TXRH
73.565,73.6,73.49,73.56,3145,2020-11-16 19:10:00,TXRH
73.55,73.665,73.45,73.45,8478,2020-11-16 19:15:00,TXRH
73.46,73.46,73.37,73.45,4596,2020-11-16 19:20:00,TXRH
73.45,73.58,73.4,73.58,2221,2020-11-16 19:25:00,TXRH
73.59,73.6,73.35,73.4,4625,2020-11-16 19:30:00,TXRH
73.36,73.38,73.27,73.38,4922,2020-11-16 19:35:00,TXRH
73.37,73.54,73.37,73.47,2574,2020-11-16 19:40:00,TXRH
73.53,73.575,73.43,73.44,5365,2020-11-16 19:45:00,TXRH
73.42,73.465,73.33,73.33,4560,2020-11-16 19:50:00,TXRH
73.365,73.51,73.34,73.47,5992,2020-11-16 19:55:00,TXRH
73.46,73.49,73.32,73.47,10638,2020-11-16 20:00:00,TXRH
73.45,73.45,73.34,73.34,5238,2020-11-16 20:05:00,TXRH
73.39,73.41,73.23,73.23,7423,2020-11-16 20:10:00,TXRH
73.26,73.29,73.24,73.24,8461,2020-11-16 20:15:00,TXRH
73.24,73.39,73.24,73.37,6100,2020-11-16 20:20:00,TXRH
73.37,73.39,73.145,73.21,12598,2020-11-16 20:25:00,TXRH
73.215,73.27,73.21,73.21,15382,2020-11-16 20:30:00,TXRH
73.2,73.21,73.03,73.045,13790,2020-11-16 20:35:00,TXRH
73.06,73.21,73.04,73.13,18135,2020-11-16 20:40:00,TXRH
73.14,73.15,72.96,72.98,20072,2020-11-16 20:45:00,TXRH
72.99,73.25,72.99,73.08,38446,2020-11-16 20:50:00,TXRH
73.08,73.11,72.955,73.11,97425,2020-11-16 20:55:00,TXRH
73.105,73.105,73.105,73.105,132005,2020-11-16 21:00:00,TXRH
73.1,73.1,73.1,73.1,360,2020-11-16 21:10:00,TXRH
73.105,73.105,73.105,73.105,754,2020-11-16 21:40:00,TXRH
72.18,73.35,72.18,72.8626,14924,2020-11-17 14:30:00,TXRH
72.7,72.955,72.59,72.955,4156,2020-11-17 14:35:00,TXRH
72.96,72.96,72.6072,72.72,2879,2020-11-17 14:40:00,TXRH
72.85,73.05,72.635,72.9775,4373,2020-11-17 14:45:00,TXRH
73.06,73.06,72.53,72.72,4173,2020-11-17 14:50:00,TXRH
72.625,72.915,72.18,72.18,4533,2020-11-17 14:55:00,TXRH
72.34,72.53,72.285,72.445,4852,2020-11-17 15:00:00,TXRH
72.37,72.375,72.24,72.375,2523,2020-11-17 15:05:00,TXRH
72.4175,72.53,72.38,72.53,2768,2020-11-17 15:10:00,TXRH
72.515,72.64,72.36,72.495,5376,2020-11-17 15:15:00,TXRH
72.4894,72.6325,72.35,72.43,8760,2020-11-17 15:20:00,TXRH
72.585,72.63,72.41,72.44,7216,2020-11-17 15:25:00,TXRH
72.58,72.82,72.46,72.6,6051,2020-11-17 15:30:00,TXRH
72.71,72.74,72.56,72.665,2199,2020-11-17 15:35:00,TXRH
72.665,72.665,72.57,72.59,2500,2020-11-17 15:40:00,TXRH
72.53,72.685,72.51,72.6,2400,2020-11-17 15:45:00,TXRH
72.625,72.74,72.625,72.65,1601,2020-11-17 15:50:00,TXRH
72.65,72.76,72.64,72.66,6609,2020-11-17 15:55:00,TXRH
72.625,72.68,72.4275,72.495,3166,2020-11-17 16:00:00,TXRH
72.54,72.54,72.45,72.485,2194,2020-11-17 16:05:00,TXRH
72.5,72.5,72.24,72.36,1660,2020-11-17 16:10:00,TXRH
72.37,72.46,72.3,72.46,4014,2020-11-17 16:15:00,TXRH
72.455,72.48,72.33,72.33,3463,2020-11-17 16:20:00,TXRH
72.35,72.35,72.265,72.345,6364,2020-11-17 16:25:00,TXRH
72.35,72.61,72.32,72.3938,2869,2020-11-17 16:30:00,TXRH
72.43,72.7,72.4,72.525,8111,2020-11-17 16:35:00,TXRH
72.525,72.59,72.44,72.5,1795,2020-11-17 16:40:00,TXRH
72.51,72.715,72.51,72.56,4765,2020-11-17 16:45:00,TXRH
72.595,72.65,72.54,72.6,1500,2020-11-17 16:50:00,TXRH
72.61,72.66,72.4817,72.6,3001,2020-11-17 16:55:00,TXRH
72.62,72.62,72.485,72.49,2490,2020-11-17 17:00:00,TXRH
72.49,72.58,72.49,72.58,2200,2020-11-17 17:05:00,TXRH
72.555,72.67,72.52,72.66,2699,2020-11-17 17:10:00,TXRH
72.71,73.015,72.71,72.96,2628,2020-11-17 17:15:00,TXRH
72.93,73.0075,72.86,72.96,1782,2020-11-17 17:20:00,TXRH
72.98,73.11,72.89,73.11,1702,2020-11-17 17:25:00,TXRH
73.11,73.16,73.06,73.08,4256,2020-11-17 17:30:00,TXRH
73.105,73.31,73.105,73.31,2505,2020-11-17 17:35:00,TXRH
73.27,73.39,73.27,73.315,2605,2020-11-17 17:40:00,TXRH
73.28,73.28,73.115,73.115,16125,2020-11-17 17:45:00,TXRH
73.085,73.13,73.01,73.13,1269,2020-11-17 17:50:00,TXRH
73.105,73.105,73.01,73.02,1493,2020-11-17 17:55:00,TXRH
72.99,73.175,72.98,73.06,5213,2020-11-17 18:00:00,TXRH
72.99,73.1034,72.99,73.1034,550,2020-11-17 18:05:00,TXRH
73.05,73.205,73.0,73.06,4209,2020-11-17 18:10:00,TXRH
73.065,73.21,73.01,73.21,8803,2020-11-17 18:15:00,TXRH
73.24,73.24,73.1401,73.205,1174,2020-11-17 18:20:00,TXRH
73.195,73.42,73.195,73.42,1723,2020-11-17 18:25:00,TXRH
73.39,73.39,73.24,73.27,2912,2020-11-17 18:30:00,TXRH
73.33,73.395,73.27,73.31,2460,2020-11-17 18:35:00,TXRH
73.345,73.39,73.26,73.29,4595,2020-11-17 18:40:00,TXRH
73.28,73.46,73.27,73.43,2000,2020-11-17 18:45:00,TXRH
73.32,73.41,73.32,73.41,700,2020-11-17 18:50:00,TXRH
73.39,73.39,73.25,73.32,4324,2020-11-17 18:55:00,TXRH
73.36,73.43,73.34,73.4,1883,2020-11-17 19:00:00,TXRH
73.365,73.56,73.365,73.43,19392,2020-11-17 19:05:00,TXRH
73.42,73.48,73.37,73.44,4611,2020-11-17 19:10:00,TXRH
73.4,73.51,73.39,73.48,9035,2020-11-17 19:15:00,TXRH
73.45,73.59,73.42,73.42,9030,2020-11-17 19:20:00,TXRH
73.37,73.415,73.345,73.41,1240,2020-11-17 19:25:00,TXRH
73.41,73.6,73.41,73.47,3853,2020-11-17 19:30:00,TXRH
73.49,73.49,73.4,73.44,2600,2020-11-17 19:35:00,TXRH
73.4,73.48,73.33,73.475,3096,2020-11-17 19:40:00,TXRH
73.445,73.48,73.35,73.38,1900,2020-11-17 19:45:00,TXRH
73.3512,73.5,73.3309,73.5,3104,2020-11-17 19:50:00,TXRH
73.49,73.69,73.49,73.58,3240,2020-11-17 19:55:00,TXRH
73.54,73.56,73.41,73.48,3496,2020-11-17 20:00:00,TXRH
73.49,73.52,73.32,73.32,3200,2020-11-17 20:05:00,TXRH
73.295,73.32,73.205,73.28,2515,2020-11-17 20:10:00,TXRH
73.26,73.42,73.24,73.395,5618,2020-11-17 20:15:00,TXRH
73.36,73.44,73.32,73.355,4173,2020-11-17 20:20:00,TXRH
73.35,73.475,73.295,73.31,4660,2020-11-17 20:25:00,TXRH
73.3,73.32,73.08,73.3,11615,2020-11-17 20:30:00,TXRH
73.29,73.33,73.13,73.28,6202,2020-11-17 20:35:00,TXRH
73.26,73.315,73.22,73.315,3854,2020-11-17 20:40:00,TXRH
73.29,73.35,73.145,73.22,8804,2020-11-17 20:45:00,TXRH
73.19,73.29,73.16,73.21,14048,2020-11-17 20:50:00,TXRH
73.23,73.36,73.065,73.36,23480,2020-11-17 20:55:00,TXRH
73.26,73.26,73.26,73.26,235249,2020-11-17 21:00:00,TXRH
74.0,74.0,74.0,74.0,200,2020-11-18 14:25:00,TXRH
73.27,74.65,73.1571,73.59,8772,2020-11-18 14:30:00,TXRH
73.85,73.85,73.05,73.05,1847,2020-11-18 14:35:00,TXRH
73.18,73.18,72.96,72.96,650,2020-11-18 14:40:00,TXRH
72.945,73.09,72.83,72.83,2059,2020-11-18 14:45:00,TXRH
73.0042,73.0042,72.4885,72.62,1096,2020-11-18 14:50:00,TXRH
72.62,72.62,72.33,72.54,3085,2020-11-18 14:55:00,TXRH
72.465,72.67,72.465,72.61,1600,2020-11-18 15:00:00,TXRH
72.86,72.86,72.38,72.38,1298,2020-11-18 15:05:00,TXRH
72.51,72.71,72.46,72.615,4886,2020-11-18 15:10:00,TXRH
72.615,72.615,72.43,72.43,3396,2020-11-18 15:15:00,TXRH
72.425,72.64,72.425,72.64,1804,2020-11-18 15:20:00,TXRH
72.57,72.57,72.41,72.45,1848,2020-11-18 15:25:00,TXRH
72.38,72.38,72.27,72.27,1900,2020-11-18 15:30:00,TXRH
72.29,72.56,72.29,72.51,6416,2020-11-18 15:35:00,TXRH
72.53,72.64,72.42,72.42,4276,2020-11-18 15:40:00,TXRH
72.5,72.53,72.39,72.39,5321,2020-11-18 15:45:00,TXRH
72.36,72.45,72.32,72.32,3577,2020-11-18 15:50:00,TXRH
72.34,72.41,72.31,72.41,4813,2020-11-18 15:55:00,TXRH
72.41,72.41,72.32,72.37,1550,2020-11-18 16:00:00,TXRH
72.41,72.535,72.36,72.535,10543,2020-11-18 16:05:00,TXRH
72.53,72.59,72.5,72.56,3667,2020-11-18 16:10:00,TXRH
72.49,72.5,72.26,72.37,3059,2020-11-18 16:15:00,TXRH
72.29,72.417,72.27,72.345,3983,2020-11-18 16:20:00,TXRH
72.34,72.45,72.315,72.39,3037,2020-11-18 16:25:00,TXRH
72.38,72.43,72.27,72.41,8509,2020-11-18 16:30:00,TXRH
72.47,72.48,72.34,72.355,7379,2020-11-18 16:35:00,TXRH
72.37,72.44,72.325,72.4,5646,2020-11-18 16:40:00,TXRH
72.42,72.485,72.41,72.415,4371,2020-11-18 16:45:00,TXRH
72.42,72.51,72.405,72.48,3014,2020-11-18 16:50:00,TXRH
72.49,72.62,72.48,72.5,7900,2020-11-18 16:55:00,TXRH
72.54,73.04,72.54,72.98,29308,2020-11-18 17:00:00,TXRH
72.92,73.06,72.88,72.995,1517,2020-11-18 17:05:00,TXRH
72.94,73.01,72.79,72.85,2200,2020-11-18 17:10:00,TXRH
72.88,72.88,72.8,72.845,1898,2020-11-18 17:15:00,TXRH
72.89,72.955,72.86,72.925,2491,2020-11-18 17:20:00,TXRH
72.915,72.915,72.74,72.78,2610,2020-11-18 17:25:00,TXRH
72.77,72.81,72.74,72.8,2616,2020-11-18 17:30:00,TXRH
72.83,72.98,72.8,72.96,4941,2020-11-18 17:35:00,TXRH
73.04,73.05,72.95,72.97,3166,2020-11-18 17:40:00,TXRH
72.96,73.005,72.9,73.0,4071,2020-11-18 17:45:00,TXRH
72.9927,73.0,72.94,72.975,1007,2020-11-18 17:50:00,TXRH
73.0,73.02,72.87,72.91,8717,2020-11-18 17:55:00,TXRH
72.87,72.89,72.81,72.89,1300,2020-11-18 18:00:00,TXRH
72.8999,72.995,72.8999,72.96,2190,2020-11-18 18:05:00,TXRH
72.98,73.04,72.98,73.02,1200,2020-11-18 18:10:00,TXRH
72.98,73.01,72.84,72.84,5060,2020-11-18 18:15:00,TXRH
72.87,72.92,72.86,72.92,1921,2020-11-18 18:20:00,TXRH
72.89,73.07,72.83,73.07,5200,2020-11-18 18:25:00,TXRH
73.03,73.03,72.98,73.0,3900,2020-11-18 18:30:00,TXRH
73.02,73.21,73.015,73.135,3150,2020-11-18 18:35:00,TXRH
73.09,73.09,72.97,73.015,3336,2020-11-18 18:40:00,TXRH
72.995,73.07,72.97,73.0,4511,2020-11-18 18:45:00,TXRH
73.01,73.06,72.97,73.0,5605,2020-11-18 18:50:00,TXRH
73.0,73.1,73.0,73.1,2000,2020-11-18 18:55:00,TXRH
73.055,73.31,73.055,73.28,4100,2020-11-18 19:00:00,TXRH
73.28,73.295,73.17,73.17,3034,2020-11-18 19:05:00,TXRH
73.195,73.22,72.97,73.0,2620,2020-11-18 19:10:00,TXRH
73.045,73.07,72.97,73.02,6020,2020-11-18 19:15:00,TXRH
73.02,73.03,72.83,72.8675,6302,2020-11-18 19:20:00,TXRH
72.82,72.82,72.67,72.73,3444,2020-11-18 19:25:00,TXRH
72.75,72.82,72.68,72.8,1610,2020-11-18 19:30:00,TXRH
72.84,72.84,72.7,72.77,2300,2020-11-18 19:35:00,TXRH
72.77,72.85,72.74,72.74,4632,2020-11-18 19:40:00,TXRH
72.755,72.78,72.62,72.69,6210,2020-11-18 19:45:00,TXRH
72.72,72.91,72.7,72.735,12188,2020-11-18 19:50:00,TXRH
72.72,72.755,72.5,72.5,1760,2020-11-18 19:55:00,TXRH
72.53,72.54,72.23,72.2725,8328,2020-11-18 20:00:00,TXRH
72.25,72.46,72.21,72.45,6236,2020-11-18 20:05:00,TXRH
72.45,72.6,72.415,72.545,7335,2020-11-18 20:10:00,TXRH
72.54,72.54,72.43,72.43,7050,2020-11-18 20:15:00,TXRH
72.405,72.65,72.405,72.62,5259,2020-11-18 20:20:00,TXRH
72.6,72.605,72.395,72.42,4590,2020-11-18 20:25:00,TXRH
72.38,72.495,72.21,72.495,12968,2020-11-18 20:30:00,TXRH
72.5,72.56,72.26,72.31,12012,2020-11-18 20:35:00,TXRH
72.24,72.61,72.24,72.61,37617,2020-11-18 20:40:00,TXRH
72.5985,72.77,72.57,72.76,24218,2020-11-18 20:45:00,TXRH
72.73,72.83,72.58,72.58,55447,2020-11-18 20:50:00,TXRH
72.59,72.635,72.41,72.49,54436,2020-11-18 20:55:00,TXRH
72.49,72.49,72.49,72.49,100723,2020-11-18 21:00:00,TXRH
72.22,72.56,71.8,72.23,5358,2020-11-19 14:30:00,TXRH
72.4,72.7,72.38,72.7,576,2020-11-19 14:35:00,TXRH
72.69,72.99,72.69,72.99,1235,2020-11-19 14:40:00,TXRH
72.93,73.285,72.885,73.285,2964,2020-11-19 14:50:00,TXRH
73.175,73.175,72.71,72.8,2244,2020-11-19 14:55:00,TXRH
72.9,72.9,72.35,72.37,2619,2020-11-19 15:00:00,TXRH
72.41,72.8,72.35,72.66,1600,2020-11-19 15:05:00,TXRH
72.89,73.05,72.76,72.76,1500,2020-11-19 15:10:00,TXRH
72.735,73.06,72.7,73.05,2073,2020-11-19 15:15:00,TXRH
73.02,73.02,72.86,72.86,400,2020-11-19 15:20:00,TXRH
72.785,72.84,72.57,72.685,2962,2020-11-19 15:25:00,TXRH
72.9,72.91,72.58,72.68,12167,2020-11-19 15:30:00,TXRH
72.73,72.87,72.65,72.87,4301,2020-11-19 15:35:00,TXRH
72.98,73.2069,72.98,73.2069,3438,2020-11-19 15:40:00,TXRH
73.26,73.54,73.09,73.205,7889,2020-11-19 15:45:00,TXRH
73.29,73.35,73.065,73.065,1500,2020-11-19 15:50:00,TXRH
73.065,73.17,73.06,73.09,1179,2020-11-19 15:55:00,TXRH
72.99,73.09,72.88,73.015,3569,2020-11-19 16:00:00,TXRH
73.03,73.1,72.96,73.0705,4655,2020-11-19 16:05:00,TXRH
73.0,73.055,72.81,72.9,13834,2020-11-19 16:10:00,TXRH
72.9,73.04,72.85,73.03,3871,2020-11-19 16:15:00,TXRH
73.05,73.1,73.0,73.1,1083,2020-11-19 16:20:00,TXRH
73.0,73.02,73.0,73.02,200,2020-11-19 16:25:00,TXRH
73.08,73.11,72.96,73.065,6453,2020-11-19 16:30:00,TXRH
73.09,73.11,73.01,73.05,2828,2020-11-19 16:35:00,TXRH
73.1,73.38,73.1,73.38,2842,2020-11-19 16:40:00,TXRH
73.38,73.39,73.2,73.325,12942,2020-11-19 16:45:00,TXRH
73.29,73.37,73.15,73.37,3974,2020-11-19 16:50:00,TXRH
73.38,73.38,73.38,73.38,195,2020-11-19 16:55:00,TXRH
73.37,73.5,73.365,73.365,1381,2020-11-19 17:00:00,TXRH
73.4,73.45,73.365,73.415,1662,2020-11-19 17:05:00,TXRH
73.48,73.5,73.38,73.41,3452,2020-11-19 17:10:00,TXRH
73.455,73.455,73.26,73.26,1200,2020-11-19 17:15:00,TXRH
73.37,73.38,73.23,73.34,3476,2020-11-19 17:20:00,TXRH
73.29,73.32,73.27,73.28,800,2020-11-19 17:25:00,TXRH
73.33,73.33,73.25,73.27,3064,2020-11-19 17:30:00,TXRH
73.22,73.31,73.22,73.3,2391,2020-11-19 17:35:00,TXRH
73.295,73.33,73.065,73.21,4437,2020-11-19 17:40:00,TXRH
73.16,73.18,73.08,73.0825,9911,2020-11-19 17:45:00,TXRH
73.11,73.16,73.09,73.16,769,2020-11-19 17:50:00,TXRH
73.18,73.2,73.1,73.17,12668,2020-11-19 17:55:00,TXRH
73.195,73.45,73.195,73.45,900,2020-11-19 18:00:00,TXRH
73.47,73.47,73.375,73.375,2930,2020-11-19 18:05:00,TXRH
73.385,73.53,73.375,73.49,4900,2020-11-19 18:10:00,TXRH
73.54,73.62,73.5158,73.57,2832,2020-11-19 18:15:00,TXRH
73.69,73.72,73.65,73.71,1732,2020-11-19 18:20:00,TXRH
73.77,74.01,73.77,73.955,8336,2020-11-19 18:25:00,TXRH
73.955,74.0074,73.76,73.77,4194,2020-11-19 18:30:00,TXRH
73.76,73.76,73.6,73.6,1600,2020-11-19 18:35:00,TXRH
73.55,73.74,73.55,73.71,3336,2020-11-19 18:40:00,TXRH
73.77,73.83,73.7,73.825,2511,2020-11-19 18:45:00,TXRH
73.86,73.86,73.76,73.76,906,2020-11-19 18:50:00,TXRH
73.78,73.78,73.735,73.77,833,2020-11-19 18:55:00,TXRH
73.76,73.7889,73.57,73.6,3843,2020-11-19 19:00:00,TXRH
73.6,73.69,73.59,73.6249,2168,2020-11-19 19:05:00,TXRH
73.64,73.65,73.59,73.65,2243,2020-11-19 19:10:00,TXRH
73.62,73.66,73.505,73.66,1418,2020-11-19 19:15:00,TXRH
73.645,73.77,73.62,73.65,2214,2020-11-19 19:20:00,TXRH
73.67,73.71,73.64,73.665,1227,2020-11-19 19:25:00,TXRH
73.69,73.77,73.64,73.77,2673,2020-11-19 19:30:00,TXRH
73.81,74.02,73.81,73.935,2290,2020-11-19 19:35:00,TXRH
73.98,74.02,73.95,73.96,2335,2020-11-19 19:40:00,TXRH
73.96,74.05,73.935,74.05,3617,2020-11-19 19:45:00,TXRH
74.02,74.09,73.99,74.01,3021,2020-11-19 19:50:00,TXRH
74.07,74.11,74.005,74.01,2269,2020-11-19 19:55:00,TXRH
73.98,73.98,73.82,73.82,1813,2020-11-19 20:00:00,TXRH
73.77,73.9,73.77,73.82,1799,2020-11-19 20:05:00,TXRH
73.8406,73.95,73.84,73.92,3022,2020-11-19 20:10:00,TXRH
73.9,73.9,73.83,73.885,1710,2020-11-19 20:15:00,TXRH
73.8,73.81,73.745,73.745,549,2020-11-19 20:20:00,TXRH
73.77,73.77,73.655,73.69,3224,2020-11-19 20:25:00,TXRH
73.73,73.85,73.65,73.85,4756,2020-11-19 20:30:00,TXRH
73.87,73.9032,73.705,73.85,5190,2020-11-19 20:35:00,TXRH
73.82,73.98,73.82,73.945,4870,2020-11-19 20:40:00,TXRH
73.945,74.06,73.79,73.87,14666,2020-11-19 20:45:00,TXRH
73.8,73.98,73.785,73.96,13937,2020-11-19 20:50:00,TXRH
73.97,74.06,73.86,73.94,39979,2020-11-19 20:55:00,TXRH
73.94,73.94,73.94,73.94,49171,2020-11-19 21:00:00,TXRH
73.94,73.94,73.94,73.94,1009,2020-11-19 21:45:00,TXRH
73.34,73.34,73.34,73.34,200,2020-11-20 14:25:00,TXRH
73.29,73.87,72.84,72.995,27006,2020-11-20 14:30:00,TXRH
72.965,73.35,72.595,73.25,4162,2020-11-20 14:35:00,TXRH
73.32,73.54,73.32,73.475,1190,2020-11-20 14:40:00,TXRH
73.48,73.93,73.33,73.54,13081,2020-11-20 14:45:00,TXRH
73.625,73.8,73.23,73.61,26609,2020-11-20 14:50:00,TXRH
73.42,73.49,73.11,73.49,1059,2020-11-20 14:55:00,TXRH
73.42,73.74,73.42,73.695,2325,2020-11-20 15:00:00,TXRH
73.78,73.805,73.41,73.43,6804,2020-11-20 15:05:00,TXRH
73.435,73.5,73.07,73.5,13929,2020-11-20 15:10:00,TXRH
73.38,73.47,73.26,73.26,2000,2020-11-20 15:15:00,TXRH
73.19,73.54,73.15,73.505,2130,2020-11-20 15:20:00,TXRH
73.57,73.74,73.52,73.67,2093,2020-11-20 15:25:00,TXRH
73.62,73.71,73.545,73.67,3493,2020-11-20 15:30:00,TXRH
73.68,73.75,73.64,73.75,3550,2020-11-20 15:35:00,TXRH
73.685,73.73,73.62,73.68,2400,2020-11-20 15:40:00,TXRH
73.69,73.76,73.56,73.61,2282,2020-11-20 15:45:00,TXRH
73.7,73.75,73.5,73.59,10361,2020-11-20 15:50:00,TXRH
73.59,73.6,73.44,73.6,4186,2020-11-20 15:55:00,TXRH
73.61,73.83,73.555,73.56,9259,2020-11-20 16:00:00,TXRH
73.5,73.5,73.345,73.345,700,2020-11-20 16:05:00,TXRH
73.44,73.56,73.355,73.42,1400,2020-11-20 16:10:00,TXRH
73.46,73.46,73.27,73.345,780,2020-11-20 16:15:00,TXRH
73.37,73.46,73.33,73.385,2300,2020-11-20 16:20:00,TXRH
73.45,73.54,73.41,73.43,3818,2020-11-20 16:25:00,TXRH
73.43,73.54,73.41,73.54,6169,2020-11-20 16:30:00,TXRH
73.52,73.6,73.52,73.56,2700,2020-11-20 16:35:00,TXRH
73.56,73.8,73.545,73.765,4946,2020-11-20 16:40:00,TXRH
73.8,73.8,73.61,73.61,1785,2020-11-20 16:45:00,TXRH
73.67,73.7,73.63,73.68,1100,2020-11-20 16:50:00,TXRH
73.7,73.7,73.59,73.66,1100,2020-11-20 16:55:00,TXRH
73.68,73.68,73.51,73.55,8082,2020-11-20 17:00:00,TXRH
73.6,73.67,73.57,73.59,4403,2020-11-20 17:05:00,TXRH
73.59,73.74,73.46,73.74,8840,2020-11-20 17:10:00,TXRH
73.74,73.75,73.64,73.66,3444,2020-11-20 17:15:00,TXRH
73.6775,73.68,73.58,73.61,800,2020-11-20 17:20:00,TXRH
73.61,73.77,73.57,73.7,3492,2020-11-20 17:25:00,TXRH
73.76,73.83,73.61,73.75,3462,2020-11-20 17:30:00,TXRH
73.745,73.745,73.64,73.665,1200,2020-11-20 17:35:00,TXRH
73.69,73.8,73.69,73.8,700,2020-11-20 17:40:00,TXRH
73.8,73.8,73.63,73.67,1811,2020-11-20 17:45:00,TXRH
73.67,73.69,73.56,73.65,1204,2020-11-20 17:50:00,TXRH
73.59,73.67,73.48,73.67,1200,2020-11-20 17:55:00,TXRH
73.56,73.62,73.48,73.62,1030,2020-11-20 18:00:00,TXRH
73.54,73.54,73.29,73.34,14530,2020-11-20 18:05:00,TXRH
73.34,73.37,73.25,73.315,2590,2020-11-20 18:10:00,TXRH
73.34,73.345,73.2,73.31,2960,2020-11-20 18:15:00,TXRH
73.245,73.34,73.245,73.34,1800,2020-11-20 18:20:00,TXRH
73.35,73.35,73.315,73.315,700,2020-11-20 18:25:00,TXRH
73.29,73.29,73.12,73.15,2870,2020-11-20 18:30:00,TXRH
73.18,73.26,73.16,73.19,1748,2020-11-20 18:35:00,TXRH
73.19,73.26,73.1589,73.2,2200,2020-11-20 18:40:00,TXRH
73.225,73.31,73.155,73.31,2701,2020-11-20 18:45:00,TXRH
73.31,73.41,73.2441,73.41,1000,2020-11-20 18:50:00,TXRH
73.36,73.39,73.3,73.33,1900,2020-11-20 18:55:00,TXRH
73.335,73.38,73.3,73.37,3400,2020-11-20 19:00:00,TXRH
73.32,73.51,73.32,73.48,1700,2020-11-20 19:05:00,TXRH
73.48,73.55,73.43,73.51,6700,2020-11-20 19:10:00,TXRH
73.51,73.52,73.385,73.52,3357,2020-11-20 19:15:00,TXRH
73.52,73.62,73.48,73.62,10385,2020-11-20 19:20:00,TXRH
73.54,73.59,73.52,73.57,1509,2020-11-20 19:25:00,TXRH
73.57,73.655,73.51,73.655,3164,2020-11-20 19:30:00,TXRH
73.68,73.81,73.68,73.74,2700,2020-11-20 19:35:00,TXRH
73.69,73.785,73.65,73.69,2019,2020-11-20 19:40:00,TXRH
73.69,73.71,73.65,73.65,700,2020-11-20 19:45:00,TXRH
73.78,73.86,73.75,73.775,6293,2020-11-20 19:50:00,TXRH
73.745,73.81,73.68,73.81,2000,2020-11-20 19:55:00,TXRH
73.79,73.84,73.62,73.68,6558,2020-11-20 20:00:00,TXRH
73.67,73.83,73.64,73.755,3900,2020-11-20 20:05:00,TXRH
73.73,73.74,73.6,73.7,2232,2020-11-20 20:10:00,TXRH
73.7,73.7,73.59,73.68,5162,2020-11-20 20:15:00,TXRH
73.71,73.85,73.71,73.77,1800,2020-11-20 20:20:00,TXRH
73.77,73.87,73.75,73.85,18768,2020-11-20 20:25:00,TXRH
73.85,73.89,73.81,73.87,6600,2020-11-20 20:30:00,TXRH
73.87,74.1,73.87,74.02,16651,2020-11-20 20:35:00,TXRH
74.0,74.26,74.0,74.26,9540,2020-11-20 20:40:00,TXRH
74.26,74.53,74.24,74.53,14629,2020-11-20 20:45:00,TXRH
74.495,74.5,74.0,74.0,36532,2020-11-20 20:50:00,TXRH
74.0,74.06,73.85,73.92,54724,2020-11-20 20:55:00,TXRH
73.91,73.91,73.91,73.91,149854,2020-11-20 21:00:00,TXRH
75.69,75.94,75.02,75.02,12502,2020-11-23 14:30:00,TXRH
75.01,75.25,74.815,74.815,2020,2020-11-23 14:35:00,TXRH
74.6777,74.825,74.64,74.785,500,2020-11-23 14:40:00,TXRH
74.99,75.01,74.62,74.62,2200,2020-11-23 14:45:00,TXRH
74.72,74.85,74.69,74.69,2300,2020-11-23 14:50:00,TXRH
74.66,74.82,74.35,74.36,5890,2020-11-23 14:55:00,TXRH
74.415,74.44,74.31,74.365,2300,2020-11-23 15:00:00,TXRH
74.29,74.49,74.29,74.49,2100,2020-11-23 15:05:00,TXRH
74.31,74.57,74.25,74.51,15245,2020-11-23 15:10:00,TXRH
74.53,74.53,74.32,74.32,4739,2020-11-23 15:15:00,TXRH
74.355,74.4,74.2,74.255,24441,2020-11-23 15:20:00,TXRH
74.21,74.225,74.04,74.04,13655,2020-11-23 15:25:00,TXRH
74.04,74.3999,74.0,74.23,8107,2020-11-23 15:30:00,TXRH
74.23,74.43,74.23,74.32,2500,2020-11-23 15:35:00,TXRH
74.41,74.47,74.3,74.34,14333,2020-11-23 15:40:00,TXRH
74.32,74.32,74.21,74.29,6233,2020-11-23 15:45:00,TXRH
74.3,74.43,74.19,74.19,7571,2020-11-23 15:50:00,TXRH
74.27,74.35,74.18,74.21,3851,2020-11-23 15:55:00,TXRH
74.225,74.6,74.225,74.55,8454,2020-11-23 16:00:00,TXRH
74.42,74.74,74.4,74.58,8950,2020-11-23 16:05:00,TXRH
74.41,74.46,74.26,74.26,3424,2020-11-23 16:10:00,TXRH
74.255,74.32,74.2489,74.28,4047,2020-11-23 16:15:00,TXRH
74.25,74.41,74.25,74.35,900,2020-11-23 16:20:00,TXRH
74.385,74.52,74.35,74.445,1875,2020-11-23 16:25:00,TXRH
74.4,74.48,74.31,74.39,2148,2020-11-23 16:30:00,TXRH
74.29,74.6,74.29,74.6,6965,2020-11-23 16:35:00,TXRH
74.605,74.605,74.4781,74.5,1563,2020-11-23 16:40:00,TXRH
74.485,74.57,74.44,74.57,7259,2020-11-23 16:45:00,TXRH
74.53,74.695,74.47,74.69,10478,2020-11-23 16:50:00,TXRH
74.71,74.82,74.71,74.77,2896,2020-11-23 16:55:00,TXRH
74.7,74.71,74.575,74.65,3368,2020-11-23 17:00:00,TXRH
74.605,74.71,74.605,74.71,2800,2020-11-23 17:05:00,TXRH
74.7,74.795,74.7,74.785,2000,2020-11-23 17:10:00,TXRH
74.78,74.88,74.72,74.858,1400,2020-11-23 17:15:00,TXRH
74.8032,75.44,74.8032,75.23,9856,2020-11-23 17:20:00,TXRH
75.19,75.63,75.18,75.5899,15769,2020-11-23 17:25:00,TXRH
75.58,75.704,75.43,75.704,6797,2020-11-23 17:30:00,TXRH
75.64,75.67,75.36,75.36,4155,2020-11-23 17:35:00,TXRH
75.34,75.535,75.34,75.535,3201,2020-11-23 17:40:00,TXRH
75.5874,75.5878,75.47,75.49,1375,2020-11-23 17:45:00,TXRH
75.578,75.59,75.49,75.5,4453,2020-11-23 17:50:00,TXRH
75.5,75.57,75.48,75.52,900,2020-11-23 17:55:00,TXRH
75.44,75.4775,75.31,75.39,2700,2020-11-23 18:00:00,TXRH
75.39,75.48,75.36,75.36,1498,2020-11-23 18:05:00,TXRH
75.3,75.37,75.25,75.26,2000,2020-11-23 18:10:00,TXRH
75.3,75.32,75.2419,75.28,2499,2020-11-23 18:15:00,TXRH
75.28,75.3,75.22,75.3,3000,2020-11-23 18:20:00,TXRH
75.3002,75.3002,75.21,75.245,1127,2020-11-23 18:25:00,TXRH
75.28,75.4343,75.27,75.4343,3819,2020-11-23 18:30:00,TXRH
75.33,75.495,75.33,75.38,2345,2020-11-23 18:35:00,TXRH
75.31,75.355,75.22,75.22,1300,2020-11-23 18:40:00,TXRH
75.21,75.32,75.21,75.32,1600,2020-11-23 18:45:00,TXRH
75.23,75.31,75.22,75.2862,1738,2020-11-23 18:50:00,TXRH
75.29,75.385,75.19,75.275,1240,2020-11-23 18:55:00,TXRH
75.18,75.28,75.16,75.2,2208,2020-11-23 19:00:00,TXRH
75.24,75.24,75.12,75.1416,2832,2020-11-23 19:05:00,TXRH
75.185,75.4,75.185,75.38,4228,2020-11-23 19:10:00,TXRH
75.46,75.5,75.4,75.435,2524,2020-11-23 19:15:00,TXRH
75.46,75.645,75.43,75.465,2334,2020-11-23 19:20:00,TXRH
75.48,75.59,75.44,75.54,2400,2020-11-23 19:25:00,TXRH
75.5,75.55,75.46,75.46,1400,2020-11-23 19:30:00,TXRH
75.495,75.68,75.495,75.68,2200,2020-11-23 19:35:00,TXRH
75.615,75.65,75.615,75.65,600,2020-11-23 19:40:00,TXRH
75.62,75.71,75.575,75.6,4395,2020-11-23 19:45:00,TXRH
75.62,75.72,75.6,75.7,8012,2020-11-23 19:50:00,TXRH
75.69,75.75,75.62,75.63,8364,2020-11-23 19:55:00,TXRH
75.6,75.68,75.51,75.65,4523,2020-11-23 20:00:00,TXRH
75.685,75.77,75.66,75.71,2114,2020-11-23 20:05:00,TXRH
75.66,75.69,75.6,75.62,4027,2020-11-23 20:10:00,TXRH
75.635,75.635,75.51,75.55,14931,2020-11-23 20:15:00,TXRH
75.53,75.565,75.46,75.495,5816,2020-11-23 20:20:00,TXRH
75.51,75.57,75.49,75.535,6420,2020-11-23 20:25:00,TXRH
75.53,75.585,75.49,75.53,7000,2020-11-23 20:30:00,TXRH
75.52,75.55,75.45,75.51,8049,2020-11-23 20:35:00,TXRH
75.5,75.58,75.5,75.55,4902,2020-11-23 20:40:00,TXRH
75.55,75.66,75.52,75.59,8463,2020-11-23 20:45:00,TXRH
75.63,75.77,75.61,75.66,11867,2020-11-23 20:50:00,TXRH
75.645,75.68,75.53,75.6,19913,2020-11-23 20:55:00,TXRH
75.63,75.63,75.63,75.63,120135,2020-11-23 21:00:00,TXRH
75.63,75.63,75.63,75.63,26818,2020-11-23 21:10:00,TXRH
75.63,75.63,75.63,75.63,200883,2020-11-23 22:00:00,TXRH
75.7,75.7,75.7,75.7,250,2020-11-23 23:05:00,TXRH
76.38,76.65,76.22,76.375,14514,2020-11-24 14:30:00,TXRH
76.53,76.59,75.88,76.59,12883,2020-11-24 14:35:00,TXRH
76.735,77.06,76.69,77.06,15096,2020-11-24 14:40:00,TXRH
76.95,77.104,76.45,76.525,7520,2020-11-24 14:45:00,TXRH
76.64,76.98,76.585,76.9,5900,2020-11-24 14:50:00,TXRH
76.91,77.01,76.78,76.88,12699,2020-11-24 14:55:00,TXRH
76.785,76.9,76.62,76.79,7731,2020-11-24 15:00:00,TXRH
76.87,77.09,76.83,77.065,9803,2020-11-24 15:05:00,TXRH
77.0725,77.23,76.985,77.04,34395,2020-11-24 15:10:00,TXRH
77.02,77.225,76.97,77.2175,9951,2020-11-24 15:15:00,TXRH
77.23,77.23,77.06,77.12,4850,2020-11-24 15:20:00,TXRH
77.08,77.23,77.05,77.185,9753,2020-11-24 15:25:00,TXRH
77.185,77.23,77.07,77.1,6010,2020-11-24 15:30:00,TXRH
77.1,77.55,77.1,77.55,7400,2020-11-24 15:35:00,TXRH
77.505,77.53,77.4,77.53,4630,2020-11-24 15:40:00,TXRH
77.6,77.87,77.495,77.87,5262,2020-11-24 15:45:00,TXRH
77.83,77.9,77.645,77.8,9139,2020-11-24 15:50:00,TXRH
77.87,77.95,77.75,77.85,2762,2020-11-24 15:55:00,TXRH
77.7925,78.18,77.7925,78.135,20591,2020-11-24 16:00:00,TXRH
78.1,78.14,77.71,77.86,8816,2020-11-24 16:05:00,TXRH
77.86,77.96,77.83,77.96,2187,2020-11-24 16:10:00,TXRH
77.99,78.15,77.93,78.075,30607,2020-11-24 16:15:00,TXRH
78.13,78.22,78.015,78.015,15893,2020-11-24 16:20:00,TXRH
78.055,78.07,77.77,77.82,3074,2020-11-24 16:25:00,TXRH
77.79,78.09,77.68,78.09,6132,2020-11-24 16:30:00,TXRH
78.1,78.15,77.985,78.15,6300,2020-11-24 16:35:00,TXRH
78.115,78.515,78.1,78.35,12763,2020-11-24 16:40:00,TXRH
78.26,78.26,77.975,78.16,2125,2020-11-24 16:45:00,TXRH
78.2141,78.27,78.06,78.27,2100,2020-11-24 16:50:00,TXRH
78.21,78.233,77.7,77.85,2728,2020-11-24 16:55:00,TXRH
77.86,77.875,77.7,77.875,7982,2020-11-24 17:00:00,TXRH
77.88,77.92,77.79,77.85,1360,2020-11-24 17:05:00,TXRH
77.81,78.02,77.79,77.9775,4382,2020-11-24 17:10:00,TXRH
77.98,77.98,77.75,77.88,6247,2020-11-24 17:15:00,TXRH
77.89,78.04,77.89,78.04,20566,2020-11-24 17:20:00,TXRH
78.05,78.16,78.0,78.11,6043,2020-11-24 17:25:00,TXRH
78.13,78.16,78.0804,78.15,2755,2020-11-24 17:30:00,TXRH
78.08,78.22,77.94,77.97,6680,2020-11-24 17:35:00,TXRH
78.01,78.16,78.01,78.01,9258,2020-11-24 17:40:00,TXRH
78.03,78.07,77.93,77.9737,37374,2020-11-24 17:45:00,TXRH
78.04,78.25,78.04,78.15,2466,2020-11-24 17:50:00,TXRH
78.135,78.27,78.135,78.235,5028,2020-11-24 17:55:00,TXRH
78.235,78.39,78.235,78.38,1400,2020-11-24 18:00:00,TXRH
78.31,78.32,78.23,78.27,3849,2020-11-24 18:05:00,TXRH
78.26,78.43,78.195,78.27,6616,2020-11-24 18:10:00,TXRH
78.255,78.29,78.155,78.155,1842,2020-11-24 18:15:00,TXRH
78.14,78.3229,78.075,78.29,3300,2020-11-24 18:20:00,TXRH
78.27,78.35,78.21,78.35,4415,2020-11-24 18:25:00,TXRH
78.35,78.4,78.28,78.28,4328,2020-11-24 18:30:00,TXRH
78.285,78.35,78.26,78.294,3194,2020-11-24 18:35:00,TXRH
78.295,78.41,78.21,78.27,6070,2020-11-24 18:40:00,TXRH
78.27,78.3,78.24,78.3,6725,2020-11-24 18:45:00,TXRH
78.28,78.28,78.0,78.0325,21529,2020-11-24 18:50:00,TXRH
78.055,78.32,78.055,78.315,26972,2020-11-24 18:55:00,TXRH
78.31,78.35,78.05,78.11,7237,2020-11-24 19:00:00,TXRH
78.06,78.06,77.68,77.84,5599,2020-11-24 19:05:00,TXRH
77.845,77.89,77.72,77.72,3000,2020-11-24 19:10:00,TXRH
77.76,77.81,77.58,77.64,10529,2020-11-24 19:15:00,TXRH
77.63,77.7925,77.63,77.75,8482,2020-11-24 19:20:00,TXRH
77.75,77.75,77.675,77.73,6931,2020-11-24 19:25:00,TXRH
77.715,77.78,77.6,77.6,5326,2020-11-24 19:30:00,TXRH
77.605,77.71,77.605,77.64,2869,2020-11-24 19:35:00,TXRH
77.67,77.78,77.655,77.68,5022,2020-11-24 19:40:00,TXRH
77.72,77.72,77.55,77.575,5530,2020-11-24 19:45:00,TXRH
77.55,77.595,77.5,77.59,4148,2020-11-24 19:50:00,TXRH
77.58,77.71,77.58,77.7,2600,2020-11-24 19:55:00,TXRH
77.71,77.75,77.64,77.75,5489,2020-11-24 20:00:00,TXRH
77.79,77.79,77.695,77.76,3616,2020-11-24 20:05:00,TXRH
77.77,77.9,77.77,77.8,3577,2020-11-24 20:10:00,TXRH
77.805,77.86,77.74,77.79,5531,2020-11-24 20:15:00,TXRH
77.79,77.81,77.63,77.77,5800,2020-11-24 20:20:00,TXRH
77.755,77.79,77.69,77.72,3325,2020-11-24 20:25:00,TXRH
77.69,77.9,77.64,77.865,10877,2020-11-24 20:30:00,TXRH
77.865,77.91,77.59,77.6,6611,2020-11-24 20:35:00,TXRH
77.62,77.68,77.57,77.57,11049,2020-11-24 20:40:00,TXRH
77.565,77.67,77.46,77.635,28949,2020-11-24 20:45:00,TXRH
77.62,77.62,77.38,77.43,25768,2020-11-24 20:50:00,TXRH
77.5,77.76,77.5,77.75,48091,2020-11-24 20:55:00,TXRH
77.66,77.66,77.66,77.66,91021,2020-11-24 21:00:00,TXRH
77.66,77.66,77.66,77.66,211005,2020-11-24 21:55:00,TXRH
77.75,77.75,77.75,77.75,129,2020-11-25 12:45:00,TXRH
77.69,77.69,76.33,77.0,15024,2020-11-25 14:30:00,TXRH
76.7855,77.0,76.16,76.16,5955,2020-11-25 14:35:00,TXRH
76.2128,76.2575,76.01,76.08,2100,2020-11-25 14:40:00,TXRH
76.28,76.34,75.87,76.025,10209,2020-11-25 14:45:00,TXRH
75.85,76.035,75.52,76.035,4302,2020-11-25 14:50:00,TXRH
75.995,76.05,75.815,75.815,797,2020-11-25 14:55:00,TXRH
75.81,75.93,75.66,75.93,5688,2020-11-25 15:00:00,TXRH
76.12,76.24,75.99,76.24,1000,2020-11-25 15:05:00,TXRH
76.12,76.365,75.98,76.365,6405,2020-11-25 15:10:00,TXRH
76.365,76.595,76.2,76.48,9557,2020-11-25 15:15:00,TXRH
76.54,76.59,76.38,76.485,7451,2020-11-25 15:20:00,TXRH
76.62,76.71,76.49,76.54,10393,2020-11-25 15:25:00,TXRH
76.55,76.675,76.47,76.48,10342,2020-11-25 15:30:00,TXRH
76.46,76.47,76.23,76.27,3801,2020-11-25 15:35:00,TXRH
76.27,76.42,76.24,76.24,7054,2020-11-25 15:40:00,TXRH
76.245,76.32,76.06,76.14,3910,2020-11-25 15:45:00,TXRH
76.185,76.28,76.18,76.2,8131,2020-11-25 15:50:00,TXRH
76.18,76.185,76.07,76.1,5450,2020-11-25 15:55:00,TXRH
76.1,76.11,75.87,75.93,23099,2020-11-25 16:00:00,TXRH
75.885,75.9,75.7,75.7,17888,2020-11-25 16:05:00,TXRH
75.81,75.8174,75.56,75.67,19403,2020-11-25 16:10:00,TXRH
75.65,75.72,75.45,75.6716,6471,2020-11-25 16:15:00,TXRH
75.675,75.78,75.59,75.64,6028,2020-11-25 16:20:00,TXRH
75.6,75.735,75.43,75.71,26067,2020-11-25 16:25:00,TXRH
75.68,75.75,75.61,75.61,4611,2020-11-25 16:30:00,TXRH
75.62,75.62,75.39,75.42,6734,2020-11-25 16:35:00,TXRH
75.38,75.51,75.26,75.29,9398,2020-11-25 16:40:00,TXRH
75.37,75.51,75.36,75.36,8865,2020-11-25 16:45:00,TXRH
75.45,75.475,75.31,75.475,9054,2020-11-25 16:50:00,TXRH
75.48,75.68,75.48,75.54,5495,2020-11-25 16:55:00,TXRH
75.61,75.61,75.39,75.39,2789,2020-11-25 17:00:00,TXRH
75.3901,75.55,75.38,75.415,8873,2020-11-25 17:05:00,TXRH
75.4,75.45,75.39,75.45,1000,2020-11-25 17:10:00,TXRH
75.46,75.47,75.02,75.03,25500,2020-11-25 17:15:00,TXRH
75.03,75.23,75.03,75.125,1812,2020-11-25 17:20:00,TXRH
75.0523,75.205,74.74,74.86,18088,2020-11-25 17:25:00,TXRH
74.86,74.91,74.81,74.91,11366,2020-11-25 17:30:00,TXRH
74.93,74.97,74.59,74.6176,22019,2020-11-25 17:35:00,TXRH
74.67,74.8,74.65,74.725,22321,2020-11-25 17:40:00,TXRH
74.725,74.865,74.725,74.84,5335,2020-11-25 17:45:00,TXRH
74.78,74.98,74.78,74.96,6150,2020-11-25 17:50:00,TXRH
74.93,75.0,74.86,75.0,4746,2020-11-25 17:55:00,TXRH
75.1,75.54,75.08,75.47,13280,2020-11-25 18:00:00,TXRH
75.52,75.61,75.47,75.55,2898,2020-11-25 18:05:00,TXRH
75.5,75.66,75.5,75.66,4727,2020-11-25 18:10:00,TXRH
75.67,76.08,75.67,76.06,21946,2020-11-25 18:15:00,TXRH
75.98,76.02,75.85,75.94,5443,2020-11-25 18:20:00,TXRH
75.775,75.81,75.775,75.81,300,2020-11-25 18:25:00,TXRH
75.76,75.905,75.74,75.905,4609,2020-11-25 18:30:00,TXRH
75.905,76.01,75.83,75.995,7213,2020-11-25 18:35:00,TXRH
75.995,76.04,75.9201,76.005,2400,2020-11-25 18:40:00,TXRH
76.005,76.25,76.005,76.12,12441,2020-11-25 18:45:00,TXRH
76.06,76.305,76.06,76.27,2515,2020-11-25 18:50:00,TXRH
76.31,76.32,76.17,76.17,4100,2020-11-25 18:55:00,TXRH
76.26,76.26,76.08,76.08,2778,2020-11-25 19:00:00,TXRH
76.08,76.285,76.08,76.13,15491,2020-11-25 19:05:00,TXRH
76.095,76.235,76.02,76.19,15780,2020-11-25 19:10:00,TXRH
76.19,76.25,76.12,76.25,1354,2020-11-25 19:15:00,TXRH
76.235,76.27,76.065,76.21,7201,2020-11-25 19:20:00,TXRH
76.13,76.25,76.13,76.15,2040,2020-11-25 19:25:00,TXRH
76.17,76.2,76.13,76.13,1700,2020-11-25 19:30:00,TXRH
76.16,76.22,76.03,76.15,13422,2020-11-25 19:35:00,TXRH
76.23,76.4,76.23,76.33,3783,2020-11-25 19:40:00,TXRH
76.33,76.39,76.33,76.36,5306,2020-11-25 19:45:00,TXRH
76.33,76.44,76.29,76.44,3222,2020-11-25 19:50:00,TXRH
76.44,76.5,76.328,76.5,6541,2020-11-25 19:55:00,TXRH
76.5,76.5,76.37,76.37,4750,2020-11-25 20:00:00,TXRH
76.39,76.43,76.215,76.24,9805,2020-11-25 20:05:00,TXRH
76.31,76.4,76.285,76.4,4499,2020-11-25 20:10:00,TXRH
76.355,76.39,76.15,76.18,4271,2020-11-25 20:15:00,TXRH
76.185,76.225,76.07,76.1,4562,2020-11-25 20:20:00,TXRH
76.07,76.14,76.02,76.1,8199,2020-11-25 20:25:00,TXRH
76.08,76.11,76.04,76.09,7541,2020-11-25 20:30:00,TXRH
76.09,76.09,75.86,75.86,12812,2020-11-25 20:35:00,TXRH
75.86,75.89,75.69,75.73,8007,2020-11-25 20:40:00,TXRH
75.75,75.84,75.69,75.835,18440,2020-11-25 20:45:00,TXRH
75.85,75.89,75.65,75.72,30176,2020-11-25 20:50:00,TXRH
75.755,75.81,75.66,75.76,41243,2020-11-25 20:55:00,TXRH
75.75,75.75,75.75,75.75,48297,2020-11-25 21:00:00,TXRH
75.75,75.75,75.75,75.75,28319,2020-11-25 21:55:00,TXRH
75.61,76.25,75.4332,76.25,5475,2020-11-27 14:30:00,TXRH
76.28,76.46,76.05,76.46,2500,2020-11-27 14:35:00,TXRH
76.25,76.25,75.96,76.12,2200,2020-11-27 14:40:00,TXRH
76.165,76.165,75.74,75.865,2600,2020-11-27 14:45:00,TXRH
75.89,75.89,75.655,75.82,2429,2020-11-27 14:50:00,TXRH
75.755,76.1175,75.755,75.97,3745,2020-11-27 14:55:00,TXRH
75.955,76.02,75.94,76.005,700,2020-11-27 15:00:00,TXRH
75.86,76.14,75.785,75.83,3651,2020-11-27 15:05:00,TXRH
75.815,76.18,75.74,76.18,1700,2020-11-27 15:10:00,TXRH
76.2,76.2,76.02,76.06,756,2020-11-27 15:15:00,TXRH
75.9,75.9,75.505,75.555,6922,2020-11-27 15:20:00,TXRH
75.555,75.66,75.54,75.59,2675,2020-11-27 15:25:00,TXRH
75.65,75.65,75.41,75.465,1836,2020-11-27 15:30:00,TXRH
75.38,75.44,75.27,75.365,2336,2020-11-27 15:35:00,TXRH
75.44,75.62,75.4,75.62,2036,2020-11-27 15:40:00,TXRH
75.62,75.67,75.34,75.4,4623,2020-11-27 15:45:00,TXRH
75.36,75.655,75.29,75.6299,2500,2020-11-27 15:50:00,TXRH
75.595,75.67,75.57,75.67,2000,2020-11-27 15:55:00,TXRH
75.7,75.8,75.66,75.8,1700,2020-11-27 16:00:00,TXRH
75.78,75.84,75.6501,75.7485,2549,2020-11-27 16:05:00,TXRH
75.82,75.87,75.67,75.79,2454,2020-11-27 16:10:00,TXRH
75.8,75.8,75.6801,75.7,1895,2020-11-27 16:15:00,TXRH
75.77,75.77,75.65,75.66,1800,2020-11-27 16:20:00,TXRH
75.695,75.73,75.55,75.55,3664,2020-11-27 16:25:00,TXRH
75.59,75.73,75.48,75.73,3105,2020-11-27 16:30:00,TXRH
75.74,75.74,75.59,75.665,2911,2020-11-27 16:35:00,TXRH
75.61,75.7,75.59,75.59,2118,2020-11-27 16:40:00,TXRH
75.58,75.6,75.49,75.6,2406,2020-11-27 16:45:00,TXRH
75.555,75.61,75.46,75.575,5354,2020-11-27 16:50:00,TXRH
75.57,75.65,75.52,75.61,4561,2020-11-27 16:55:00,TXRH
75.61,75.65,75.22,75.43,6351,2020-11-27 17:00:00,TXRH
75.37,75.43,75.21,75.3952,4314,2020-11-27 17:05:00,TXRH
75.43,75.53,75.36,75.41,2200,2020-11-27 17:10:00,TXRH
75.31,75.51,75.27,75.51,1400,2020-11-27 17:15:00,TXRH
75.505,75.53,75.37,75.5,3157,2020-11-27 17:20:00,TXRH
75.505,75.505,75.38,75.38,2150,2020-11-27 17:25:00,TXRH
75.415,75.445,75.3,75.445,2800,2020-11-27 17:30:00,TXRH
75.39,75.41,75.25,75.27,2745,2020-11-27 17:35:00,TXRH
75.245,75.28,75.15,75.16,3394,2020-11-27 17:40:00,TXRH
75.15,75.38,75.15,75.3,4872,2020-11-27 17:45:00,TXRH
75.32,75.32,75.1,75.17,4801,2020-11-27 17:50:00,TXRH
75.13,75.42,75.13,75.39,14842,2020-11-27 17:55:00,TXRH
75.28,75.28,75.28,75.28,26120,2020-11-27 18:00:00,TXRH
75.28,75.28,75.28,75.28,26818,2020-11-27 20:05:00,TXRH
75.13,75.15,74.515,74.73,6570,2020-11-30 14:30:00,TXRH
74.73,74.74,74.56,74.59,3419,2020-11-30 14:35:00,TXRH
74.605,74.605,73.88,73.89,3401,2020-11-30 14:40:00,TXRH
74.05,74.3646,73.99,74.27,1200,2020-11-30 14:45:00,TXRH
74.305,74.465,74.13,74.185,7246,2020-11-30 14:50:00,TXRH
74.19,74.39,74.16,74.2234,18402,2020-11-30 14:55:00,TXRH
74.11,74.1417,73.99,74.03,2997,2020-11-30 15:00:00,TXRH
74.03,74.12,73.99,74.11,1144,2020-11-30 15:05:00,TXRH
74.14,74.31,74.14,74.31,27295,2020-11-30 15:10:00,TXRH
74.26,74.26,74.1124,74.12,3467,2020-11-30 15:15:00,TXRH
74.2,74.24,74.155,74.155,1841,2020-11-30 15:20:00,TXRH
74.15,74.29,74.01,74.0228,8929,2020-11-30 15:25:00,TXRH
73.9987,74.165,73.98,73.98,3346,2020-11-30 15:30:00,TXRH
74.0,74.0,73.73,73.73,4179,2020-11-30 15:35:00,TXRH
73.71,73.75,73.56,73.6,10763,2020-11-30 15:40:00,TXRH
73.55,74.01,73.48,73.9748,6908,2020-11-30 15:45:00,TXRH
74.0,74.31,73.97,74.31,3857,2020-11-30 15:50:00,TXRH
74.315,74.425,74.25,74.27,7044,2020-11-30 15:55:00,TXRH
74.35,74.5,74.29,74.5,2763,2020-11-30 16:00:00,TXRH
74.47,74.47,74.465,74.465,2035,2020-11-30 16:05:00,TXRH
74.47,74.64,74.47,74.6,4300,2020-11-30 16:10:00,TXRH
74.58,74.58,74.395,74.395,5604,2020-11-30 16:15:00,TXRH
74.4,74.42,74.32,74.365,1592,2020-11-30 16:20:00,TXRH
74.3,74.35,74.23,74.23,3039,2020-11-30 16:25:00,TXRH
74.275,74.28,74.05,74.05,2004,2020-11-30 16:30:00,TXRH
74.12,74.41,74.11,74.28,6410,2020-11-30 16:35:00,TXRH
74.31,74.53,74.31,74.53,2617,2020-11-30 16:40:00,TXRH
74.48,74.53,74.45,74.46,2314,2020-11-30 16:45:00,TXRH
74.49,74.505,74.385,74.4887,3708,2020-11-30 16:50:00,TXRH
74.51,74.72,74.51,74.62,2334,2020-11-30 16:55:00,TXRH
74.65,74.68,74.545,74.63,2722,2020-11-30 17:00:00,TXRH
74.54,74.69,74.51,74.69,2102,2020-11-30 17:05:00,TXRH
74.645,74.65,74.44,74.51,1802,2020-11-30 17:10:00,TXRH
74.6,74.605,74.48,74.48,3174,2020-11-30 17:15:00,TXRH
74.4275,74.55,74.42,74.495,5511,2020-11-30 17:20:00,TXRH
74.53,74.55,74.49,74.52,1793,2020-11-30 17:25:00,TXRH
74.57,74.615,74.51,74.535,2694,2020-11-30 17:30:00,TXRH
74.5,74.5,74.29,74.35,3052,2020-11-30 17:35:00,TXRH
74.375,74.375,74.16,74.315,2574,2020-11-30 17:40:00,TXRH
74.27,74.32,74.201,74.32,1674,2020-11-30 17:45:00,TXRH
74.34,74.47,74.34,74.34,4723,2020-11-30 17:50:00,TXRH
74.335,74.5,74.33,74.475,4795,2020-11-30 17:55:00,TXRH
74.465,74.66,74.45,74.56,9249,2020-11-30 18:00:00,TXRH
74.55,74.59,74.55,74.55,2691,2020-11-30 18:05:00,TXRH
74.53,74.6,74.5,74.555,6348,2020-11-30 18:10:00,TXRH
74.68,74.81,74.64,74.74,2225,2020-11-30 18:15:00,TXRH
74.74,74.81,74.69,74.78,3363,2020-11-30 18:20:00,TXRH
74.75,74.87,74.73,74.855,3498,2020-11-30 18:25:00,TXRH
74.86,74.95,74.81,74.85,4435,2020-11-30 18:30:00,TXRH
74.84,74.88,74.81,74.87,3229,2020-11-30 18:35:00,TXRH
74.87,75.15,74.87,75.15,6109,2020-11-30 18:40:00,TXRH
75.09,75.16,74.97,75.09,4961,2020-11-30 18:45:00,TXRH
75.09,75.16,75.07,75.141,5856,2020-11-30 18:50:00,TXRH
75.12,75.23,75.1,75.205,15760,2020-11-30 18:55:00,TXRH
75.18,75.29,75.155,75.25,14391,2020-11-30 19:00:00,TXRH
75.22,75.4,75.205,75.34,4471,2020-11-30 19:05:00,TXRH
75.33,75.43,75.27,75.32,9033,2020-11-30 19:10:00,TXRH
75.33,75.4,75.28,75.35,3236,2020-11-30 19:15:00,TXRH
75.35,75.59,75.3301,75.551,7646,2020-11-30 19:20:00,TXRH
75.5673,75.76,75.52,75.52,17595,2020-11-30 19:25:00,TXRH
75.52,75.59,75.43,75.46,7019,2020-11-30 19:30:00,TXRH
75.47,75.74,75.38,75.72,18162,2020-11-30 19:35:00,TXRH
75.72,75.82,75.43,75.43,13218,2020-11-30 19:40:00,TXRH
75.37,75.565,75.37,75.525,8822,2020-11-30 19:45:00,TXRH
75.55,75.69,75.48,75.56,7943,2020-11-30 19:50:00,TXRH
75.49,75.92,75.49,75.8572,18908,2020-11-30 19:55:00,TXRH
75.81,76.13,75.79,75.92,17984,2020-11-30 20:00:00,TXRH
75.95,76.22,75.86,75.905,12081,2020-11-30 20:05:00,TXRH
75.965,75.98,75.66,75.9,7436,2020-11-30 20:10:00,TXRH
75.85,76.125,75.83,76.125,16244,2020-11-30 20:15:00,TXRH
76.125,76.3,75.96,75.96,17548,2020-11-30 20:20:00,TXRH
76.04,76.06,75.68,75.68,6154,2020-11-30 20:25:00,TXRH
75.65,75.83,75.61,75.79,10382,2020-11-30 20:30:00,TXRH
75.83,75.94,75.65,75.875,14962,2020-11-30 20:35:00,TXRH
75.83,75.83,75.63,75.71,8068,2020-11-30 20:40:00,TXRH
75.74,75.98,75.74,75.75,15436,2020-11-30 20:45:00,TXRH
75.82,76.01,75.74,75.84,32026,2020-11-30 20:50:00,TXRH
75.81,75.87,75.72,75.84,45372,2020-11-30 20:55:00,TXRH
75.8,75.8,75.8,75.8,83326,2020-11-30 21:00:00,TXRH
75.8,75.8,75.8,75.8,576,2020-11-30 21:10:00,TXRH
75.75,75.75,75.75,75.75,100,2020-11-30 21:50:00,TXRH
75.76,75.76,75.76,75.76,100,2020-11-30 21:55:00,TXRH
75.75,75.75,75.75,75.75,1600,2020-11-30 22:20:00,TXRH
75.75,75.75,75.75,75.75,2500,2020-11-30 22:35:00,TXRH
76.39,76.39,74.56,76.0,4791,2020-12-01 14:30:00,TXRH
75.82,76.085,75.68,75.68,1809,2020-12-01 14:35:00,TXRH
75.87,76.0,75.73,76.0,2800,2020-12-01 14:40:00,TXRH
76.13,76.13,75.99,75.99,1100,2020-12-01 14:45:00,TXRH
76.1,76.19,76.0,76.01,1233,2020-12-01 14:50:00,TXRH
75.91,75.92,75.69,75.76,2500,2020-12-01 14:55:00,TXRH
75.795,76.05,75.63,76.05,12223,2020-12-01 15:00:00,TXRH
76.072,76.13,75.84,75.9,3107,2020-12-01 15:05:00,TXRH
75.93,75.94,75.67,75.77,3059,2020-12-01 15:10:00,TXRH
75.7295,75.81,75.7295,75.75,1691,2020-12-01 15:15:00,TXRH
75.75,75.98,75.73,75.98,9796,2020-12-01 15:20:00,TXRH
76.0089,76.17,75.91,76.17,4290,2020-12-01 15:25:00,TXRH
76.24,76.38,75.985,76.04,8620,2020-12-01 15:30:00,TXRH
75.92,75.92,75.48,75.59,2139,2020-12-01 15:35:00,TXRH
75.6,75.62,75.3,75.3,2625,2020-12-01 15:40:00,TXRH
75.365,75.5,75.21,75.415,7758,2020-12-01 15:45:00,TXRH
75.465,75.53,75.36,75.49,1884,2020-12-01 15:50:00,TXRH
75.44,75.46,75.215,75.32,11948,2020-12-01 15:55:00,TXRH
75.365,75.545,75.32,75.54,2700,2020-12-01 16:00:00,TXRH
75.51,75.59,75.41,75.59,3452,2020-12-01 16:05:00,TXRH
75.55,75.745,75.5,75.69,15609,2020-12-01 16:10:00,TXRH
75.65,75.75,75.62,75.735,2557,2020-12-01 16:15:00,TXRH
75.77,75.98,75.735,75.955,2524,2020-12-01 16:20:00,TXRH
75.9,76.29,75.8875,76.24,7353,2020-12-01 16:25:00,TXRH
76.245,76.27,76.0,76.08,2391,2020-12-01 16:30:00,TXRH
76.1174,76.16,75.78,75.94,4600,2020-12-01 16:35:00,TXRH
76.01,76.21,75.97,76.11,14900,2020-12-01 16:40:00,TXRH
76.15,76.17,76.06,76.135,2703,2020-12-01 16:45:00,TXRH
76.13,76.22,76.09,76.09,1200,2020-12-01 16:50:00,TXRH
76.11,76.11,75.9,75.98,4855,2020-12-01 16:55:00,TXRH
75.95,75.975,75.85,75.87,4900,2020-12-01 17:00:00,TXRH
75.91,76.23,75.88,76.17,4765,2020-12-01 17:05:00,TXRH
76.19,76.19,76.11,76.14,2090,2020-12-01 17:10:00,TXRH
76.14,76.29,76.09,76.205,16667,2020-12-01 17:15:00,TXRH
76.205,76.39,76.205,76.33,4282,2020-12-01 17:20:00,TXRH
76.3201,76.64,76.275,76.6,24796,2020-12-01 17:25:00,TXRH
76.6,76.89,76.58,76.79,10564,2020-12-01 17:30:00,TXRH
76.715,76.85,76.64,76.72,4850,2020-12-01 17:35:00,TXRH
76.725,76.91,76.52,76.91,6936,2020-12-01 17:40:00,TXRH
76.82,76.96,76.8,76.875,5746,2020-12-01 17:45:00,TXRH
76.91,77.0,76.82,76.87,10330,2020-12-01 17:50:00,TXRH
76.87,76.91,76.765,76.83,3865,2020-12-01 17:55:00,TXRH
76.815,76.815,76.6,76.6,3390,2020-12-01 18:00:00,TXRH
76.625,76.72,76.625,76.695,2600,2020-12-01 18:05:00,TXRH
76.78,76.87,76.64,76.87,4190,2020-12-01 18:10:00,TXRH
76.79,76.9,76.79,76.88,5391,2020-12-01 18:15:00,TXRH
76.84,76.99,76.79,76.96,4636,2020-12-01 18:20:00,TXRH
77.05,77.05,76.915,77.0,4008,2020-12-01 18:25:00,TXRH
77.01,77.0308,76.91,77.0308,3351,2020-12-01 18:30:00,TXRH
77.03,77.03,76.92,76.92,3331,2020-12-01 18:35:00,TXRH
76.965,77.22,76.92,77.21,10898,2020-12-01 18:40:00,TXRH
77.265,77.3,77.17,77.24,4050,2020-12-01 18:45:00,TXRH
77.22,77.59,77.173,77.5,17529,2020-12-01 18:50:00,TXRH
77.46,77.46,77.22,77.275,1224,2020-12-01 18:55:00,TXRH
77.27,77.28,77.17,77.27,2200,2020-12-01 19:00:00,TXRH
77.21,77.28,77.17,77.25,3286,2020-12-01 19:05:00,TXRH
77.22,77.28,77.14,77.28,5313,2020-12-01 19:10:00,TXRH
77.1749,77.21,77.16,77.16,1330,2020-12-01 19:15:00,TXRH
77.16,77.26,77.14,77.16,5969,2020-12-01 19:20:00,TXRH
77.13,77.15,77.0964,77.0964,3474,2020-12-01 19:25:00,TXRH
77.09,77.1,76.85,76.895,4173,2020-12-01 19:30:00,TXRH
76.9,77.07,76.9,77.04,3149,2020-12-01 19:35:00,TXRH
77.07,77.41,77.04,77.41,3524,2020-12-01 19:40:00,TXRH
77.34,77.38,77.25,77.35,5783,2020-12-01 19:45:00,TXRH
77.26,77.3,77.1629,77.1629,3791,2020-12-01 19:50:00,TXRH
77.17,77.24,77.14,77.18,2903,2020-12-01 19:55:00,TXRH
77.18,77.25,77.07,77.07,4787,2020-12-01 20:00:00,TXRH
77.07,77.07,76.83,76.95,7637,2020-12-01 20:05:00,TXRH
76.94,77.35,76.94,77.3,7207,2020-12-01 20:10:00,TXRH
77.28,77.43,77.105,77.3,9012,2020-12-01 20:15:00,TXRH
77.27,77.37,77.15,77.245,9629,2020-12-01 20:20:00,TXRH
77.21,77.34,77.09,77.25,19605,2020-12-01 20:25:00,TXRH
77.295,77.295,76.89,76.89,14321,2020-12-01 20:30:00,TXRH
76.94,77.02,76.85,76.96,9712,2020-12-01 20:35:00,TXRH
76.96,77.01,76.92,77.005,13183,2020-12-01 20:40:00,TXRH
77.0,77.1,76.94,77.05,16066,2020-12-01 20:45:00,TXRH
77.05,77.08,76.77,76.79,27366,2020-12-01 20:50:00,TXRH
76.77,77.02,76.75,76.9,97654,2020-12-01 20:55:00,TXRH
76.9,76.9,76.9,76.9,118043,2020-12-01 21:00:00,TXRH
76.8669,76.8669,76.8669,76.8669,400,2020-12-02 14:20:00,TXRH
76.58,76.61,75.465,75.79,4004,2020-12-02 14:30:00,TXRH
75.86,76.13,75.68,75.844,2500,2020-12-02 14:35:00,TXRH
75.79,75.84,75.4,75.4,1608,2020-12-02 14:40:00,TXRH
75.57,75.73,75.51,75.73,700,2020-12-02 14:45:00,TXRH
75.75,75.898,75.66,75.898,1600,2020-12-02 14:50:00,TXRH
75.97,76.13,75.97,76.05,1100,2020-12-02 14:55:00,TXRH
76.177,76.177,75.92,76.1356,1314,2020-12-02 15:00:00,TXRH
75.91,75.91,75.68,75.79,1700,2020-12-02 15:05:00,TXRH
75.8,75.8432,75.765,75.765,400,2020-12-02 15:10:00,TXRH
75.75,76.21,75.67,76.02,4712,2020-12-02 15:15:00,TXRH
76.11,76.1899,75.945,76.035,2729,2020-12-02 15:20:00,TXRH
76.04,76.6,76.04,76.52,4124,2020-12-02 15:25:00,TXRH
76.42,76.47,76.15,76.46,5998,2020-12-02 15:30:00,TXRH
76.31,76.385,76.24,76.24,4568,2020-12-02 15:35:00,TXRH
76.25,76.3,76.13,76.25,3853,2020-12-02 15:40:00,TXRH
76.24,76.24,75.74,75.86,2659,2020-12-02 15:45:00,TXRH
75.65,75.85,75.58,75.64,4777,2020-12-02 15:50:00,TXRH
75.69,75.71,75.56,75.57,1074,2020-12-02 15:55:00,TXRH
75.72,75.79,75.6719,75.72,1900,2020-12-02 16:00:00,TXRH
75.76,75.885,75.755,75.755,5595,2020-12-02 16:05:00,TXRH
75.6,75.6,75.6,75.6,200,2020-12-02 16:10:00,TXRH
75.5,75.67,75.415,75.67,1800,2020-12-02 16:15:00,TXRH
75.615,75.615,75.46,75.46,4574,2020-12-02 16:20:00,TXRH
75.47,75.47,75.15,75.15,3168,2020-12-02 16:25:00,TXRH
75.11,75.54,75.02,75.35,6912,2020-12-02 16:30:00,TXRH
75.35,75.35,75.07,75.15,1577,2020-12-02 16:35:00,TXRH
75.105,75.47,75.04,75.47,4543,2020-12-02 16:40:00,TXRH
75.405,75.405,75.31,75.31,220,2020-12-02 16:45:00,TXRH
75.35,75.35,75.23,75.23,4216,2020-12-02 16:50:00,TXRH
75.1,75.23,75.0,75.185,3787,2020-12-02 16:55:00,TXRH
75.12,75.21,75.11,75.11,500,2020-12-02 17:00:00,TXRH
75.1593,75.35,75.13,75.35,3200,2020-12-02 17:05:00,TXRH
75.44,75.44,75.28,75.42,6121,2020-12-02 17:10:00,TXRH
75.32,75.42,75.32,75.38,1900,2020-12-02 17:15:00,TXRH
75.37,75.42,75.23,75.23,12821,2020-12-02 17:20:00,TXRH
75.25,75.255,75.2,75.255,1278,2020-12-02 17:25:00,TXRH
75.19,75.33,75.19,75.31,6542,2020-12-02 17:30:00,TXRH
75.27,75.4,75.21,75.345,14202,2020-12-02 17:35:00,TXRH
75.32,75.32,75.13,75.13,5335,2020-12-02 17:40:00,TXRH
75.15,75.44,75.095,75.44,7860,2020-12-02 17:45:00,TXRH
75.46,75.72,75.46,75.6,11399,2020-12-02 17:50:00,TXRH
75.64,75.64,75.405,75.405,1062,2020-12-02 17:55:00,TXRH
75.32,75.43,75.18,75.41,2438,2020-12-02 18:00:00,TXRH
75.46,75.55,75.33,75.38,3800,2020-12-02 18:05:00,TXRH
75.37,75.52,75.34,75.355,1200,2020-12-02 18:10:00,TXRH
75.355,75.44,75.28,75.28,1058,2020-12-02 18:15:00,TXRH
75.28,75.31,75.17,75.17,12611,2020-12-02 18:20:00,TXRH
75.17,75.17,74.95,74.96,1769,2020-12-02 18:25:00,TXRH
75.045,75.21,75.04,75.1,2271,2020-12-02 18:30:00,TXRH
75.26,75.305,75.16,75.215,1918,2020-12-02 18:35:00,TXRH
75.22,75.22,75.22,75.22,200,2020-12-02 18:40:00,TXRH
75.09,75.14,74.98,75.04,929,2020-12-02 18:45:00,TXRH
75.055,75.18,75.055,75.18,3002,2020-12-02 18:50:00,TXRH
75.18,75.195,75.1,75.1,2652,2020-12-02 18:55:00,TXRH
75.04,75.16,75.04,75.155,400,2020-12-02 19:00:00,TXRH
75.1,75.1,74.96,74.99,1560,2020-12-02 19:05:00,TXRH
75.04,75.04,74.9,74.93,1200,2020-12-02 19:10:00,TXRH
74.93,75.15,74.93,75.15,2900,2020-12-02 19:15:00,TXRH
75.23,75.3099,75.23,75.3,700,2020-12-02 19:20:00,TXRH
75.295,75.45,75.23,75.41,2500,2020-12-02 19:25:00,TXRH
75.445,75.57,75.38,75.57,1400,2020-12-02 19:30:00,TXRH
75.58,75.6341,75.41,75.455,3892,2020-12-02 19:35:00,TXRH
75.43,75.57,75.42,75.57,2000,2020-12-02 19:40:00,TXRH
75.5144,75.61,75.48,75.48,1476,2020-12-02 19:45:00,TXRH
75.5,75.51,75.43,75.46,800,2020-12-02 19:50:00,TXRH
75.46,75.475,75.46,75.475,500,2020-12-02 19:55:00,TXRH
75.475,75.52,75.43,75.52,1700,2020-12-02 20:00:00,TXRH
75.46,75.52,75.44,75.51,2160,2020-12-02 20:05:00,TXRH
75.49,75.68,75.49,75.68,3474,2020-12-02 20:10:00,TXRH
75.72,75.9,75.72,75.9,1677,2020-12-02 20:15:00,TXRH
75.89,75.9,75.77,75.77,6992,2020-12-02 20:20:00,TXRH
75.83,75.89,75.78,75.86,7524,2020-12-02 20:25:00,TXRH
75.825,76.05,75.82,75.98,11214,2020-12-02 20:30:00,TXRH
76.01,76.15,76.01,76.07,5603,2020-12-02 20:35:00,TXRH
76.08,76.2,75.99,75.99,13163,2020-12-02 20:40:00,TXRH
76.02,76.1,75.99,76.0,5794,2020-12-02 20:45:00,TXRH
75.95,76.055,75.85,75.96,21463,2020-12-02 20:50:00,TXRH
75.99,76.05,75.88,76.01,52814,2020-12-02 20:55:00,TXRH
75.99,75.99,75.99,75.99,155675,2020-12-02 21:00:00,TXRH
75.99,75.99,70.18,75.28,700,2020-12-03 13:20:00,TXRH
75.97,76.38,75.86,76.36,6271,2020-12-03 14:30:00,TXRH
76.4,76.74,76.355,76.66,1664,2020-12-03 14:35:00,TXRH
76.28,76.445,76.28,76.445,400,2020-12-03 14:40:00,TXRH
76.59,76.89,76.56,76.8101,1200,2020-12-03 14:45:00,TXRH
76.87,77.22,76.72,76.83,14002,2020-12-03 14:50:00,TXRH
76.835,76.875,76.32,76.535,5304,2020-12-03 14:55:00,TXRH
76.55,76.88,76.39,76.7201,5073,2020-12-03 15:00:00,TXRH
76.78,77.0,76.58,76.6225,14519,2020-12-03 15:05:00,TXRH
76.51,76.8,76.0,76.67,11300,2020-12-03 15:10:00,TXRH
76.525,76.69,76.48,76.665,2700,2020-12-03 15:15:00,TXRH
76.73,76.88,76.72,76.8,1969,2020-12-03 15:20:00,TXRH
76.705,76.79,76.58,76.58,700,2020-12-03 15:25:00,TXRH
76.705,76.715,76.56,76.625,3200,2020-12-03 15:30:00,TXRH
76.4,76.77,76.4,76.75,2570,2020-12-03 15:35:00,TXRH
76.71,76.98,76.71,76.955,2556,2020-12-03 15:40:00,TXRH
76.87,76.945,76.8,76.945,1500,2020-12-03 15:45:00,TXRH
76.76,77.39,76.76,77.39,5533,2020-12-03 15:50:00,TXRH
77.4,77.4,77.25,77.33,900,2020-12-03 15:55:00,TXRH
77.4,77.67,77.33,77.55,7230,2020-12-03 16:00:00,TXRH
77.35,77.56,77.25,77.56,2623,2020-12-03 16:05:00,TXRH
77.43,77.56,77.4,77.48,4528,2020-12-03 16:10:00,TXRH
77.5,77.77,77.5,77.77,2500,2020-12-03 16:15:00,TXRH
77.65,77.99,77.65,77.9,3700,2020-12-03 16:20:00,TXRH
77.96,78.28,77.85,78.26,15455,2020-12-03 16:25:00,TXRH
78.315,78.37,78.13,78.22,6321,2020-12-03 16:30:00,TXRH
78.22,78.3,78.05,78.21,8794,2020-12-03 16:35:00,TXRH
78.27,78.635,78.27,78.62,4327,2020-12-03 16:40:00,TXRH
78.51,79.02,78.48,78.68,56963,2020-12-03 16:45:00,TXRH
78.68,78.68,78.58,78.6174,4484,2020-12-03 16:50:00,TXRH
78.68,78.98,78.68,78.9,3400,2020-12-03 16:55:00,TXRH
78.895,79.0,78.88,78.945,9525,2020-12-03 17:00:00,TXRH
78.89,78.96,78.79,78.88,6833,2020-12-03 17:05:00,TXRH
78.95,79.0,78.8,78.895,3563,2020-12-03 17:10:00,TXRH
78.895,79.64,78.895,79.62,54374,2020-12-03 17:15:00,TXRH
79.415,79.6,78.983,79.05,8911,2020-12-03 17:20:00,TXRH
78.98,79.11,78.85,79.04,3237,2020-12-03 17:25:00,TXRH
78.95,79.01,78.8,79.01,5397,2020-12-03 17:30:00,TXRH
79.0,79.04,78.855,78.87,3425,2020-12-03 17:35:00,TXRH
78.945,78.945,78.715,78.81,5561,2020-12-03 17:40:00,TXRH
78.88,79.02,78.68,79.02,3062,2020-12-03 17:45:00,TXRH
78.87,79.33,78.87,79.05,11324,2020-12-03 17:50:00,TXRH
79.24,79.65,79.08,79.33,7539,2020-12-03 17:55:00,TXRH
79.325,79.56,79.3,79.3,6613,2020-12-03 18:00:00,TXRH
79.31,79.63,79.3,79.5,13449,2020-12-03 18:05:00,TXRH
79.52,79.86,79.34,79.78,13786,2020-12-03 18:10:00,TXRH
79.76,80.0,79.72,79.76,44727,2020-12-03 18:15:00,TXRH
79.75,79.915,79.49,79.91,33253,2020-12-03 18:20:00,TXRH
79.9126,79.98,79.76,79.925,8516,2020-12-03 18:25:00,TXRH
79.95,80.225,79.85,79.85,12174,2020-12-03 18:30:00,TXRH
79.95,79.95,79.69,79.69,105118,2020-12-03 18:35:00,TXRH
79.64,79.85,79.41,79.84,19480,2020-12-03 18:40:00,TXRH
79.83,80.06,79.48,79.5297,30475,2020-12-03 18:45:00,TXRH
79.28,79.59,79.27,79.56,13489,2020-12-03 18:50:00,TXRH
79.495,79.54,79.0,79.24,12379,2020-12-03 18:55:00,TXRH
79.25,79.5799,79.15,79.2016,15142,2020-12-03 19:00:00,TXRH
79.15,79.36,79.15,79.195,3935,2020-12-03 19:05:00,TXRH
79.195,79.35,79.15,79.255,15500,2020-12-03 19:10:00,TXRH
79.27,79.32,79.19,79.305,4025,2020-12-03 19:15:00,TXRH
79.31,79.33,79.15,79.1699,5668,2020-12-03 19:20:00,TXRH
79.15,79.31,79.02,79.22,11850,2020-12-03 19:25:00,TXRH
79.2,79.57,79.17,79.39,36326,2020-12-03 19:30:00,TXRH
79.365,79.48,79.175,79.37,49286,2020-12-03 19:35:00,TXRH
79.33,79.74,79.09,79.21,59015,2020-12-03 19:40:00,TXRH
79.241,79.3285,78.9,79.0728,27285,2020-12-03 19:45:00,TXRH
79.19,79.19,78.94,78.94,61644,2020-12-03 19:50:00,TXRH
78.815,78.97,78.75,78.795,4600,2020-12-03 19:55:00,TXRH
78.78,78.97,78.77,78.855,6931,2020-12-03 20:00:00,TXRH
78.835,78.88,78.75,78.76,4454,2020-12-03 20:05:00,TXRH
78.79,78.9,78.71,78.86,13152,2020-12-03 20:10:00,TXRH
78.86,78.98,78.8,78.85,16081,2020-12-03 20:15:00,TXRH
78.85,78.9367,78.79,78.82,9573,2020-12-03 20:20:00,TXRH
78.84,78.9,78.81,78.865,7901,2020-12-03 20:25:00,TXRH
78.89,79.08,78.79,79.05,13757,2020-12-03 20:30:00,TXRH
79.05,79.13,79.0,79.02,35015,2020-12-03 20:35:00,TXRH
79.0,79.02,78.33,78.36,12488,2020-12-03 20:40:00,TXRH
78.39,78.69,77.98,78.69,23305,2020-12-03 20:45:00,TXRH
78.69,78.69,78.31,78.35,21342,2020-12-03 20:50:00,TXRH
78.34,78.73,78.3,78.66,70156,2020-12-03 20:55:00,TXRH
78.66,78.66,78.66,78.66,48493,2020-12-03 21:00:00,TXRH
78.86,79.11,78.145,78.21,8637,2020-12-04 14:30:00,TXRH
78.21,78.65,77.91,78.65,4902,2020-12-04 14:35:00,TXRH
78.21,78.29,77.92,78.0,3109,2020-12-04 14:40:00,TXRH
78.27,78.4871,78.07,78.4871,828,2020-12-04 14:45:00,TXRH
78.5142,78.87,78.39,78.77,6587,2020-12-04 14:50:00,TXRH
78.86,78.98,78.77,78.87,1042,2020-12-04 14:55:00,TXRH
78.76,78.76,78.57,78.68,4115,2020-12-04 15:00:00,TXRH
78.665,78.98,78.66,78.98,1600,2020-12-04 15:05:00,TXRH
78.89,78.89,78.67,78.815,4193,2020-12-04 15:10:00,TXRH
78.74,78.87,78.69,78.73,6250,2020-12-04 15:15:00,TXRH
78.73,78.89,78.59,78.605,11000,2020-12-04 15:20:00,TXRH
78.65,78.65,78.36,78.48,56819,2020-12-04 15:25:00,TXRH
78.55,78.71,78.539,78.71,900,2020-12-04 15:30:00,TXRH
78.64,78.81,78.54,78.63,4922,2020-12-04 15:35:00,TXRH
78.78,78.79,78.43,78.43,2352,2020-12-04 15:40:00,TXRH
78.35,78.455,78.02,78.2,36067,2020-12-04 15:45:00,TXRH
78.3,78.35,78.2,78.35,600,2020-12-04 15:50:00,TXRH
78.275,78.42,78.275,78.42,900,2020-12-04 15:55:00,TXRH
78.41,78.57,78.36,78.36,791,2020-12-04 16:00:00,TXRH
78.47,78.8,78.47,78.8,2987,2020-12-04 16:05:00,TXRH
78.74,79.06,78.73,79.06,13514,2020-12-04 16:10:00,TXRH
79.06,79.45,79.01,79.41,2630,2020-12-04 16:15:00,TXRH
79.44,79.45,79.18,79.31,3073,2020-12-04 16:20:00,TXRH
79.255,79.4,79.255,79.4,300,2020-12-04 16:25:00,TXRH
79.355,79.4798,79.23,79.4798,2588,2020-12-04 16:30:00,TXRH
79.46,79.49,79.33,79.33,1700,2020-12-04 16:35:00,TXRH
79.5,79.5,79.2,79.395,2900,2020-12-04 16:40:00,TXRH
79.4,79.52,79.36,79.36,500,2020-12-04 16:45:00,TXRH
79.45,79.46,79.34,79.43,1000,2020-12-04 16:50:00,TXRH
79.32,79.53,79.32,79.5,1500,2020-12-04 16:55:00,TXRH
79.65,79.66,79.55,79.55,1300,2020-12-04 17:00:00,TXRH
79.595,79.63,79.43,79.43,1800,2020-12-04 17:05:00,TXRH
79.51,79.53,79.42,79.53,1900,2020-12-04 17:10:00,TXRH
79.53,79.6,79.44,79.6,1800,2020-12-04 17:15:00,TXRH
79.53,79.62,79.51,79.56,1769,2020-12-04 17:20:00,TXRH
79.625,79.75,79.565,79.69,2000,2020-12-04 17:25:00,TXRH
79.68,79.8,79.66,79.67,1800,2020-12-04 17:30:00,TXRH
79.63,79.63,79.49,79.5,2000,2020-12-04 17:35:00,TXRH
79.49,79.69,79.475,79.62,3000,2020-12-04 17:40:00,TXRH
79.65,79.72,79.62,79.62,800,2020-12-04 17:45:00,TXRH
79.63,79.64,79.59,79.6,1200,2020-12-04 17:50:00,TXRH
79.64,79.64,79.55,79.5831,1000,2020-12-04 17:55:00,TXRH
79.52,79.52,79.37,79.45,2351,2020-12-04 18:05:00,TXRH
79.43,79.53,79.41,79.41,1200,2020-12-04 18:10:00,TXRH
79.3301,79.41,79.33,79.34,2018,2020-12-04 18:15:00,TXRH
79.32,79.32,79.26,79.31,1400,2020-12-04 18:20:00,TXRH
79.31,79.36,79.25,79.25,2215,2020-12-04 18:25:00,TXRH
79.27,79.435,79.27,79.37,1700,2020-12-04 18:30:00,TXRH
79.41,79.43,79.32,79.32,900,2020-12-04 18:35:00,TXRH
79.24,79.255,79.1603,79.21,900,2020-12-04 18:40:00,TXRH
79.08,79.17,79.08,79.17,438,2020-12-04 18:45:00,TXRH
79.21,79.28,79.16,79.245,1090,2020-12-04 18:50:00,TXRH
79.23,79.4,79.23,79.4,3600,2020-12-04 18:55:00,TXRH
79.33,79.4,79.33,79.4,600,2020-12-04 19:00:00,TXRH
79.36,79.43,79.33,79.39,3628,2020-12-04 19:05:00,TXRH
79.42,79.49,79.39,79.43,1700,2020-12-04 19:10:00,TXRH
79.42,79.51,79.4,79.44,800,2020-12-04 19:15:00,TXRH
79.5,79.53,79.45,79.53,4584,2020-12-04 19:20:00,TXRH
79.48,79.54,79.37,79.44,7312,2020-12-04 19:25:00,TXRH
79.47,79.635,79.454,79.6275,2091,2020-12-04 19:30:00,TXRH
79.62,79.635,79.49,79.49,3901,2020-12-04 19:35:00,TXRH
79.545,79.635,79.46,79.62,2509,2020-12-04 19:40:00,TXRH
79.69,79.735,79.64,79.72,1700,2020-12-04 19:45:00,TXRH
79.73,79.76,79.69,79.745,7555,2020-12-04 19:50:00,TXRH
79.75,79.89,79.75,79.84,7399,2020-12-04 19:55:00,TXRH
79.9,79.95,79.79,79.84,6116,2020-12-04 20:00:00,TXRH
79.815,79.94,79.815,79.94,5270,2020-12-04 20:05:00,TXRH
79.88,79.88,79.66,79.71,4220,2020-12-04 20:10:00,TXRH
79.77,79.85,79.755,79.85,1008,2020-12-04 20:15:00,TXRH
79.935,79.94,79.75,79.79,3025,2020-12-04 20:20:00,TXRH
79.81,79.82,79.72,79.82,5263,2020-12-04 20:25:00,TXRH
79.84,79.84,79.76,79.77,3029,2020-12-04 20:30:00,TXRH
79.77,79.82,79.695,79.695,4173,2020-12-04 20:35:00,TXRH
79.59,79.8,79.59,79.79,4198,2020-12-04 20:40:00,TXRH
79.72,79.81,79.7,79.78,7945,2020-12-04 20:45:00,TXRH
79.78,79.86,79.78,79.8,15418,2020-12-04 20:50:00,TXRH
79.77,79.9,79.72,79.9,27487,2020-12-04 20:55:00,TXRH
79.87,79.87,79.87,79.87,49810,2020-12-04 21:00:00,TXRH
79.87,79.87,79.87,79.87,200,2020-12-04 21:15:00,TXRH
79.87,79.87,79.87,79.87,88901,2020-12-04 22:10:00,TXRH
79.99,79.99,79.76,79.76,4794,2020-12-07 14:30:00,TXRH
79.4,79.4,78.92,78.92,25739,2020-12-07 14:35:00,TXRH
78.73,79.05,78.62,78.76,1210,2020-12-07 14:40:00,TXRH
78.65,78.89,78.49,78.5,1600,2020-12-07 14:45:00,TXRH
78.34,78.5605,78.3,78.46,11126,2020-12-07 14:50:00,TXRH
78.35,78.66,78.27,78.6,3088,2020-12-07 14:55:00,TXRH
78.69,78.69,78.27,78.39,3778,2020-12-07 15:00:00,TXRH
78.56,78.96,78.56,78.89,1333,2020-12-07 15:05:00,TXRH
78.945,79.075,78.92,78.935,1232,2020-12-07 15:10:00,TXRH
78.89,78.89,78.79,78.79,700,2020-12-07 15:15:00,TXRH
78.9482,78.9482,78.755,78.8,2200,2020-12-07 15:20:00,TXRH
78.745,78.99,78.6273,78.6273,10878,2020-12-07 15:25:00,TXRH
78.74,79.01,78.7,79.01,15159,2020-12-07 15:30:00,TXRH
78.98,79.51,78.98,79.415,1300,2020-12-07 15:35:00,TXRH
79.42,79.79,79.42,79.5501,15000,2020-12-07 15:40:00,TXRH
79.71,79.71,79.5,79.63,10342,2020-12-07 15:45:00,TXRH
79.61,79.61,79.5,79.57,8397,2020-12-07 15:50:00,TXRH
79.61,79.78,79.57,79.57,4608,2020-12-07 15:55:00,TXRH
79.64,79.7,79.59,79.7,1399,2020-12-07 16:00:00,TXRH
79.7,79.76,79.58,79.6,5864,2020-12-07 16:05:00,TXRH
79.52,79.52,79.26,79.42,3078,2020-12-07 16:10:00,TXRH
79.37,79.39,79.1,79.1,2909,2020-12-07 16:15:00,TXRH
79.08,79.23,78.945,79.23,4589,2020-12-07 16:20:00,TXRH
79.14,79.27,79.11,79.2,2145,2020-12-07 16:25:00,TXRH
79.1,79.145,79.0089,79.09,5827,2020-12-07 16:30:00,TXRH
79.045,79.21,79.045,79.11,10700,2020-12-07 16:35:00,TXRH
79.18,79.29,79.17,79.235,2000,2020-12-07 16:40:00,TXRH
79.27,79.32,79.19,79.19,4500,2020-12-07 16:45:00,TXRH
79.19,79.26,79.07,79.24,5737,2020-12-07 16:50:00,TXRH
79.21,79.39,79.16,79.39,8199,2020-12-07 16:55:00,TXRH
79.355,79.5,79.34,79.415,2580,2020-12-07 17:00:00,TXRH
79.44,79.505,79.42,79.4382,1132,2020-12-07 17:05:00,TXRH
79.5,79.58,79.43,79.535,4677,2020-12-07 17:10:00,TXRH
79.46,79.48,79.45,79.46,600,2020-12-07 17:15:00,TXRH
79.4139,79.45,79.26,79.26,4385,2020-12-07 17:20:00,TXRH
79.29,79.32,79.19,79.32,2700,2020-12-07 17:25:00,TXRH
79.36,79.66,79.345,79.66,5628,2020-12-07 17:30:00,TXRH
79.66,79.67,79.53,79.67,3880,2020-12-07 17:35:00,TXRH
79.61,79.62,79.61,79.62,621,2020-12-07 17:40:00,TXRH
79.63,79.63,79.47,79.47,1200,2020-12-07 17:45:00,TXRH
79.51,79.58,79.39,79.45,6236,2020-12-07 17:50:00,TXRH
79.57,79.57,79.475,79.5,663,2020-12-07 17:55:00,TXRH
79.39,79.51,79.39,79.48,3420,2020-12-07 18:00:00,TXRH
79.565,79.565,79.565,79.565,300,2020-12-07 18:05:00,TXRH
79.48,79.52,79.37,79.45,6706,2020-12-07 18:10:00,TXRH
79.52,79.5907,79.465,79.555,1639,2020-12-07 18:15:00,TXRH
79.555,79.63,79.39,79.63,28047,2020-12-07 18:20:00,TXRH
79.57,79.655,79.565,79.58,3800,2020-12-07 18:25:00,TXRH
79.53,79.63,79.47,79.5,7176,2020-12-07 18:30:00,TXRH
79.51,79.58,79.45,79.58,4769,2020-12-07 18:35:00,TXRH
79.59,79.63,79.2,79.225,12121,2020-12-07 18:40:00,TXRH
79.22,79.29,79.17,79.24,932,2020-12-07 18:45:00,TXRH
79.26,79.38,79.26,79.38,2164,2020-12-07 18:50:00,TXRH
79.385,79.49,79.365,79.375,9027,2020-12-07 18:55:00,TXRH
79.34,79.37,79.27,79.37,2264,2020-12-07 19:00:00,TXRH
79.37,79.47,79.351,79.47,6670,2020-12-07 19:05:00,TXRH
79.51,79.57,79.42,79.46,1320,2020-12-07 19:10:00,TXRH
79.465,79.54,79.45,79.5,14724,2020-12-07 19:15:00,TXRH
79.475,79.53,79.44,79.5,3743,2020-12-07 19:20:00,TXRH
79.49,79.505,79.45,79.45,1519,2020-12-07 19:25:00,TXRH
79.5,79.53,79.45,79.45,2500,2020-12-07 19:30:00,TXRH
79.45,79.51,79.39,79.51,5985,2020-12-07 19:35:00,TXRH
79.49,79.49,79.48,79.48,300,2020-12-07 19:40:00,TXRH
79.49,79.67,79.49,79.665,6552,2020-12-07 19:45:00,TXRH
79.67,79.67,79.565,79.665,1900,2020-12-07 19:50:00,TXRH
79.66,79.7,79.62,79.69,3194,2020-12-07 19:55:00,TXRH
79.665,79.77,79.62,79.74,6245,2020-12-07 20:00:00,TXRH
79.74,79.77,79.66,79.77,5943,2020-12-07 20:05:00,TXRH
79.77,79.77,79.64,79.64,5304,2020-12-07 20:10:00,TXRH
79.66,79.89,79.66,79.845,6522,2020-12-07 20:15:00,TXRH
79.84,79.91,79.8,79.83,5714,2020-12-07 20:20:00,TXRH
79.81,79.87,79.75,79.84,8411,2020-12-07 20:25:00,TXRH
79.84,79.86,79.69,79.75,8355,2020-12-07 20:30:00,TXRH
79.75,79.78,79.69,79.735,14299,2020-12-07 20:35:00,TXRH
79.76,79.77,79.55,79.59,5792,2020-12-07 20:40:00,TXRH
79.5738,79.64,79.54,79.59,8606,2020-12-07 20:45:00,TXRH
79.56,79.69,79.54,79.58,20445,2020-12-07 20:50:00,TXRH
79.59,79.7,79.57,79.65,25468,2020-12-07 20:55:00,TXRH
79.66,79.66,79.66,79.66,46263,2020-12-07 21:00:00,TXRH
77.98,77.98,77.97,77.97,403,2020-12-08 14:25:00,TXRH
77.89,79.205,77.55,78.93,12217,2020-12-08 14:30:00,TXRH
78.87,79.215,78.64,78.965,3871,2020-12-08 14:35:00,TXRH
78.775,78.775,77.815,78.24,6752,2020-12-08 14:40:00,TXRH
77.97,79.23,77.94,78.63,31187,2020-12-08 14:45:00,TXRH
78.575,78.58,78.0,78.57,8288,2020-12-08 14:50:00,TXRH
78.26,78.47,77.83,77.8939,11839,2020-12-08 14:55:00,TXRH
77.995,77.995,77.12,77.125,20501,2020-12-08 15:00:00,TXRH
77.125,77.46,77.02,77.37,11639,2020-12-08 15:05:00,TXRH
77.44,77.58,77.02,77.2,9672,2020-12-08 15:10:00,TXRH
77.205,77.21,76.98,76.98,4500,2020-12-08 15:15:00,TXRH
76.94,77.27,76.94,77.21,16167,2020-12-08 15:20:00,TXRH
77.19,77.24,77.0,77.065,27800,2020-12-08 15:25:00,TXRH
77.08,77.16,76.95,76.95,18871,2020-12-08 15:30:00,TXRH
76.98,77.08,76.91,76.98,28127,2020-12-08 15:35:00,TXRH
77.02,77.1,76.95,77.1,5041,2020-12-08 15:40:00,TXRH
77.105,77.14,77.02,77.03,2600,2020-12-08 15:45:00,TXRH
77.02,77.12,76.91,77.12,4664,2020-12-08 15:50:00,TXRH
77.09,77.2,77.06,77.18,5065,2020-12-08 15:55:00,TXRH
77.13,77.26,76.97,77.14,5936,2020-12-08 16:00:00,TXRH
77.12,77.155,76.96,77.01,4413,2020-12-08 16:05:00,TXRH
77.01,77.09,76.96,77.04,18022,2020-12-08 16:10:00,TXRH
77.04,77.145,77.04,77.14,8062,2020-12-08 16:15:00,TXRH
77.14,77.15,77.01,77.03,7563,2020-12-08 16:20:00,TXRH
77.03,77.18,77.02,77.15,6961,2020-12-08 16:25:00,TXRH
77.15,77.205,77.07,77.205,4638,2020-12-08 16:30:00,TXRH
77.205,77.36,77.2,77.36,8755,2020-12-08 16:35:00,TXRH
77.335,77.46,77.31,77.46,8019,2020-12-08 16:40:00,TXRH
77.5,77.67,77.5,77.53,6259,2020-12-08 16:45:00,TXRH
77.485,77.51,77.3,77.45,4274,2020-12-08 16:50:00,TXRH
77.44,77.53,77.44,77.45,3221,2020-12-08 16:55:00,TXRH
77.45,77.5,77.3303,77.41,4600,2020-12-08 17:00:00,TXRH
77.48,77.52,77.41,77.515,4200,2020-12-08 17:05:00,TXRH
77.53,77.7,77.53,77.69,2823,2020-12-08 17:10:00,TXRH
77.69,77.74,77.595,77.6,4221,2020-12-08 17:15:00,TXRH
77.53,77.73,77.45,77.73,5503,2020-12-08 17:20:00,TXRH
77.75,77.89,77.73,77.83,1700,2020-12-08 17:25:00,TXRH
77.85,77.895,77.69,77.78,2928,2020-12-08 17:30:00,TXRH
77.7608,77.7608,77.64,77.64,705,2020-12-08 17:35:00,TXRH
77.7,77.81,77.7,77.81,2336,2020-12-08 17:40:00,TXRH
77.74,77.74,77.55,77.61,1500,2020-12-08 17:45:00,TXRH
77.57,77.73,77.57,77.73,4450,2020-12-08 17:50:00,TXRH
77.74,77.8,77.73,77.8,1600,2020-12-08 17:55:00,TXRH
77.8,78.08,77.78,78.08,8135,2020-12-08 18:00:00,TXRH
78.1,78.175,78.01,78.0254,3682,2020-12-08 18:05:00,TXRH
77.98,78.06,77.9517,78.06,1436,2020-12-08 18:10:00,TXRH
78.0899,78.12,78.04,78.045,3054,2020-12-08 18:15:00,TXRH
78.06,78.1,78.03,78.08,1100,2020-12-08 18:20:00,TXRH
78.09,78.13,78.01,78.01,4564,2020-12-08 18:25:00,TXRH
78.06,78.07,77.97,78.0,1392,2020-12-08 18:30:00,TXRH
78.035,78.035,77.83,77.97,6965,2020-12-08 18:35:00,TXRH
77.93,78.075,77.845,78.05,4563,2020-12-08 18:40:00,TXRH
78.01,78.11,77.99,78.11,5690,2020-12-08 18:45:00,TXRH
78.08,78.1,77.97,77.98,3600,2020-12-08 18:50:00,TXRH
77.985,78.07,77.955,77.955,1600,2020-12-08 18:55:00,TXRH
78.0,78.01,77.96,77.99,1589,2020-12-08 19:00:00,TXRH
78.02,78.06,77.99,78.025,1700,2020-12-08 19:05:00,TXRH
78.03,78.04,77.96,77.96,2498,2020-12-08 19:10:00,TXRH
77.99,78.05,77.985,78.05,3171,2020-12-08 19:15:00,TXRH
78.05,78.135,78.05,78.06,4010,2020-12-08 19:20:00,TXRH
78.06,78.13,78.045,78.045,3795,2020-12-08 19:25:00,TXRH
78.045,78.045,77.88,77.8956,20401,2020-12-08 19:30:00,TXRH
77.895,77.95,77.895,77.9,2700,2020-12-08 19:35:00,TXRH
77.9,77.9,77.5,77.5,2365,2020-12-08 19:40:00,TXRH
77.46,77.53,77.26,77.325,2900,2020-12-08 19:45:00,TXRH
77.275,77.3,77.25,77.29,11614,2020-12-08 19:50:00,TXRH
77.31,77.31,77.095,77.095,4462,2020-12-08 19:55:00,TXRH
77.12,77.19,76.96,76.96,8838,2020-12-08 20:00:00,TXRH
76.995,77.0,76.79,76.9,9249,2020-12-08 20:05:00,TXRH
76.92,77.05,76.915,77.035,5500,2020-12-08 20:10:00,TXRH
77.01,77.07,76.96,77.07,10700,2020-12-08 20:15:00,TXRH
77.08,77.11,76.96,77.08,9223,2020-12-08 20:20:00,TXRH
77.04,77.09,76.97,77.03,9877,2020-12-08 20:25:00,TXRH
77.025,77.12,77.01,77.1,10221,2020-12-08 20:30:00,TXRH
77.13,77.17,77.1,77.13,16867,2020-12-08 20:35:00,TXRH
77.12,77.235,77.11,77.23,18987,2020-12-08 20:40:00,TXRH
77.21,77.49,77.21,77.385,26758,2020-12-08 20:45:00,TXRH
77.42,77.63,77.39,77.59,35939,2020-12-08 20:50:00,TXRH
77.59,77.68,77.45,77.53,56119,2020-12-08 20:55:00,TXRH
77.54,77.54,77.54,77.54,74237,2020-12-08 21:00:00,TXRH
77.54,77.54,77.54,77.54,20514,2020-12-08 22:30:00,TXRH
77.46,77.89,77.46,77.64,5505,2020-12-09 14:30:00,TXRH
77.62,77.73,77.255,77.46,6716,2020-12-09 14:35:00,TXRH
77.495,77.58,77.34,77.505,18793,2020-12-09 14:40:00,TXRH
77.535,77.57,77.26,77.26,3930,2020-12-09 14:45:00,TXRH
77.29,77.48,77.29,77.47,2756,2020-12-09 14:50:00,TXRH
77.44,77.57,77.38,77.38,5745,2020-12-09 14:55:00,TXRH
77.35,77.35,77.105,77.105,3400,2020-12-09 15:00:00,TXRH
77.2,77.22,76.9901,76.9901,3538,2020-12-09 15:05:00,TXRH
77.06,77.06,76.815,76.835,2200,2020-12-09 15:10:00,TXRH
76.835,77.44,76.72,77.355,4754,2020-12-09 15:15:00,TXRH
77.3849,77.42,77.27,77.385,2659,2020-12-09 15:20:00,TXRH
77.39,77.62,77.39,77.55,10361,2020-12-09 15:25:00,TXRH
77.48,77.59,77.4,77.51,3147,2020-12-09 15:30:00,TXRH
77.43,77.48,77.305,77.305,886,2020-12-09 15:35:00,TXRH
77.315,77.45,77.315,77.34,6845,2020-12-09 15:40:00,TXRH
77.37,77.39,77.26,77.39,2144,2020-12-09 15:45:00,TXRH
77.37,77.43,77.349,77.35,1691,2020-12-09 15:50:00,TXRH
77.36,77.36,77.24,77.24,1000,2020-12-09 15:55:00,TXRH
77.26,77.27,77.15,77.215,2897,2020-12-09 16:00:00,TXRH
77.22,77.585,77.22,77.53,3000,2020-12-09 16:05:00,TXRH
77.545,77.545,77.5078,77.54,571,2020-12-09 16:10:00,TXRH
77.52,77.52,77.39,77.39,1000,2020-12-09 16:15:00,TXRH
77.45,77.56,77.38,77.52,2407,2020-12-09 16:20:00,TXRH
77.57,77.63,77.51,77.52,1981,2020-12-09 16:25:00,TXRH
77.535,77.6,77.45,77.505,5744,2020-12-09 16:30:00,TXRH
77.505,77.555,77.45,77.47,3323,2020-12-09 16:35:00,TXRH
77.49,77.49,77.33,77.36,3190,2020-12-09 16:40:00,TXRH
77.33,77.58,77.33,77.58,7850,2020-12-09 16:45:00,TXRH
77.58,77.59,77.53,77.53,2471,2020-12-09 16:50:00,TXRH
77.55,77.685,77.55,77.67,4150,2020-12-09 16:55:00,TXRH
77.675,77.72,77.63,77.67,5540,2020-12-09 17:00:00,TXRH
77.67,77.675,77.6,77.6,4135,2020-12-09 17:05:00,TXRH
77.64,77.64,77.61,77.635,2144,2020-12-09 17:10:00,TXRH
77.61,77.63,77.51,77.51,6100,2020-12-09 17:15:00,TXRH
77.51,77.52,77.375,77.375,1550,2020-12-09 17:20:00,TXRH
77.375,77.49,77.33,77.46,5562,2020-12-09 17:25:00,TXRH
77.43,77.46,77.38,77.44,7310,2020-12-09 17:30:00,TXRH
77.41,77.42,77.24,77.24,2508,2020-12-09 17:35:00,TXRH
77.22,77.26,77.18,77.21,3796,2020-12-09 17:40:00,TXRH
77.21,77.25,77.03,77.05,3107,2020-12-09 17:45:00,TXRH
77.01,77.15,76.99,77.125,4450,2020-12-09 17:50:00,TXRH
77.1,77.245,77.1,77.217,2330,2020-12-09 17:55:00,TXRH
77.21,77.31,77.17,77.23,15664,2020-12-09 18:00:00,TXRH
77.19,77.495,77.19,77.495,3550,2020-12-09 18:05:00,TXRH
77.5541,77.65,77.545,77.65,5982,2020-12-09 18:10:00,TXRH
77.69,77.91,77.69,77.84,3300,2020-12-09 18:15:00,TXRH
77.88,77.96,77.88,77.89,2331,2020-12-09 18:20:00,TXRH
77.94,77.94,77.625,77.63,3400,2020-12-09 18:25:00,TXRH
77.56,77.56,77.25,77.25,2272,2020-12-09 18:30:00,TXRH
77.23,77.4792,77.23,77.4792,1600,2020-12-09 18:35:00,TXRH
77.5,77.64,77.37,77.57,5208,2020-12-09 18:40:00,TXRH
77.57,77.63,77.47,77.54,9250,2020-12-09 18:45:00,TXRH
77.505,77.505,77.23,77.23,1243,2020-12-09 18:50:00,TXRH
77.23,77.23,76.89,76.89,2233,2020-12-09 18:55:00,TXRH
76.94,77.03,76.88,76.97,6572,2020-12-09 19:00:00,TXRH
76.91,76.99,76.86,76.86,1114,2020-12-09 19:05:00,TXRH
76.915,77.04,76.83,77.04,3010,2020-12-09 19:10:00,TXRH
77.13,77.2,76.99,77.19,4423,2020-12-09 19:15:00,TXRH
77.2414,77.41,77.2414,77.41,900,2020-12-09 19:20:00,TXRH
77.37,77.49,77.36,77.48,7565,2020-12-09 19:25:00,TXRH
77.45,77.515,77.38,77.38,11685,2020-12-09 19:30:00,TXRH
77.35,77.46,77.27,77.305,7377,2020-12-09 19:35:00,TXRH
77.32,77.34,77.15,77.225,1600,2020-12-09 19:40:00,TXRH
77.19,77.6,77.18,77.56,4753,2020-12-09 19:45:00,TXRH
77.51,77.64,77.51,77.57,3050,2020-12-09 19:50:00,TXRH
77.57,77.66,77.55,77.66,4743,2020-12-09 19:55:00,TXRH
77.595,77.595,77.465,77.51,3752,2020-12-09 20:00:00,TXRH
77.545,77.78,77.545,77.7,2500,2020-12-09 20:05:00,TXRH
77.69,77.8,77.69,77.8,3438,2020-12-09 20:10:00,TXRH
77.84,77.91,77.775,77.775,6400,2020-12-09 20:15:00,TXRH
77.8,77.83,77.75,77.82,11321,2020-12-09 20:20:00,TXRH
77.84,77.91,77.66,77.705,8046,2020-12-09 20:25:00,TXRH
77.66,77.76,77.58,77.76,6536,2020-12-09 20:30:00,TXRH
77.77,77.92,77.72,77.84,7889,2020-12-09 20:35:00,TXRH
77.8628,77.95,77.82,77.935,8418,2020-12-09 20:40:00,TXRH
77.92,77.96,77.71,77.71,8553,2020-12-09 20:45:00,TXRH
77.75,77.825,77.58,77.58,44082,2020-12-09 20:50:00,TXRH
77.68,77.69,77.5,77.53,34022,2020-12-09 20:55:00,TXRH
77.64,77.64,77.64,77.64,84176,2020-12-09 21:00:00,TXRH
77.64,77.64,77.64,77.64,65660,2020-12-09 22:05:00,TXRH
77.5,77.5,77.5,77.5,200,2020-12-09 22:40:00,TXRH
76.98,77.61,76.7,76.7,4431,2020-12-10 14:30:00,TXRH
76.545,77.04,76.51,77.04,5400,2020-12-10 14:35:00,TXRH
77.05,77.17,76.91,76.985,1900,2020-12-10 14:40:00,TXRH
76.985,77.07,76.91,77.07,3441,2020-12-10 14:45:00,TXRH
77.19,77.685,77.19,77.685,2800,2020-12-10 14:50:00,TXRH
77.685,77.8,77.52,77.77,1200,2020-12-10 14:55:00,TXRH
77.705,77.82,77.42,77.705,3001,2020-12-10 15:00:00,TXRH
77.565,77.83,77.565,77.78,2585,2020-12-10 15:05:00,TXRH
77.83,78.2,77.83,78.19,2800,2020-12-10 15:10:00,TXRH
78.105,78.315,78.08,78.315,1200,2020-12-10 15:15:00,TXRH
78.34,78.46,78.23,78.4,1900,2020-12-10 15:20:00,TXRH
78.26,78.52,78.26,78.49,3361,2020-12-10 15:25:00,TXRH
78.48,78.49,78.12,78.26,4410,2020-12-10 15:30:00,TXRH
78.255,78.48,78.255,78.445,5957,2020-12-10 15:35:00,TXRH
78.47,78.49,78.34,78.34,24600,2020-12-10 15:40:00,TXRH
78.365,78.365,78.245,78.265,16400,2020-12-10 15:45:00,TXRH
78.24,78.41,78.24,78.32,2143,2020-12-10 15:50:00,TXRH
78.38,78.46,78.38,78.44,2392,2020-12-10 15:55:00,TXRH
78.53,78.54,78.425,78.425,2787,2020-12-10 16:00:00,TXRH
78.455,78.46,78.25,78.355,3949,2020-12-10 16:05:00,TXRH
78.355,78.385,77.89,78.0515,3650,2020-12-10 16:10:00,TXRH
77.97,78.15,77.94,78.15,2824,2020-12-10 16:15:00,TXRH
78.14,78.195,77.93,77.93,3950,2020-12-10 16:20:00,TXRH
77.955,77.955,77.77,77.86,1000,2020-12-10 16:25:00,TXRH
77.805,77.82,77.63,77.63,1237,2020-12-10 16:30:00,TXRH
77.58,77.69,77.5206,77.59,2189,2020-12-10 16:35:00,TXRH
77.59,77.59,77.23,77.46,7234,2020-12-10 16:40:00,TXRH
77.47,77.55,77.41,77.45,900,2020-12-10 16:45:00,TXRH
77.4,77.4,77.25,77.2775,2569,2020-12-10 16:50:00,TXRH
77.26,77.38,77.23,77.315,4495,2020-12-10 16:55:00,TXRH
77.29,77.395,77.29,77.33,21506,2020-12-10 17:00:00,TXRH
77.34,77.485,77.2,77.485,2100,2020-12-10 17:05:00,TXRH
77.5,77.5,77.22,77.22,5700,2020-12-10 17:10:00,TXRH
77.28,77.31,77.225,77.23,14664,2020-12-10 17:15:00,TXRH
77.245,77.35,77.21,77.31,1800,2020-12-10 17:20:00,TXRH
77.3,77.35,77.22,77.3,1982,2020-12-10 17:25:00,TXRH
77.33,77.53,77.3,77.53,1400,2020-12-10 17:30:00,TXRH
77.5175,77.54,77.45,77.45,2400,2020-12-10 17:35:00,TXRH
77.48,77.48,77.37,77.47,1500,2020-12-10 17:40:00,TXRH
77.5,77.5,77.395,77.4,1664,2020-12-10 17:45:00,TXRH
77.39,77.415,77.37,77.37,1000,2020-12-10 17:50:00,TXRH
77.39,77.475,77.38,77.475,1308,2020-12-10 17:55:00,TXRH
77.475,77.535,77.41,77.535,2044,2020-12-10 18:00:00,TXRH
77.535,77.85,77.535,77.85,15715,2020-12-10 18:05:00,TXRH
77.82,78.06,77.78,78.06,3000,2020-12-10 18:10:00,TXRH
78.0,78.2,77.95,78.165,2459,2020-12-10 18:15:00,TXRH
78.2,78.34,78.18,78.24,3400,2020-12-10 18:20:00,TXRH
78.275,78.645,78.275,78.47,9379,2020-12-10 18:25:00,TXRH
78.41,78.41,78.21,78.22,1700,2020-12-10 18:30:00,TXRH
78.22,78.22,77.91,78.125,3454,2020-12-10 18:35:00,TXRH
78.14,78.14,78.02,78.135,1200,2020-12-10 18:40:00,TXRH
78.2,78.2,78.05,78.08,2600,2020-12-10 18:45:00,TXRH
78.1,78.33,78.1,78.29,1300,2020-12-10 18:50:00,TXRH
78.25,78.25,78.24,78.24,1000,2020-12-10 18:55:00,TXRH
78.3,78.31,78.1,78.17,2200,2020-12-10 19:00:00,TXRH
78.18,78.22,78.15,78.22,800,2020-12-10 19:05:00,TXRH
78.24,78.29,78.2,78.2,1190,2020-12-10 19:10:00,TXRH
78.295,78.32,78.18,78.21,2600,2020-12-10 19:15:00,TXRH
78.17,78.215,78.15,78.2,15361,2020-12-10 19:20:00,TXRH
78.2,78.21,78.1559,78.18,728,2020-12-10 19:25:00,TXRH
78.14,78.31,78.14,78.26,2000,2020-12-10 19:30:00,TXRH
78.27,78.44,78.24,78.42,1300,2020-12-10 19:35:00,TXRH
78.39,78.44,78.365,78.41,1974,2020-12-10 19:40:00,TXRH
78.39,78.47,78.36,78.47,2000,2020-12-10 19:45:00,TXRH
78.47,78.56,78.47,78.525,3700,2020-12-10 19:50:00,TXRH
78.53,78.64,78.49,78.53,3835,2020-12-10 19:55:00,TXRH
78.57,78.735,78.57,78.7,2787,2020-12-10 20:00:00,TXRH
78.7,78.75,78.6,78.6,3441,2020-12-10 20:05:00,TXRH
78.66,78.72,78.65,78.72,900,2020-12-10 20:10:00,TXRH
78.73,78.87,78.71,78.72,8350,2020-12-10 20:15:00,TXRH
78.72,79.0,78.72,78.99,4646,2020-12-10 20:20:00,TXRH
78.98,79.01,78.845,78.895,3831,2020-12-10 20:25:00,TXRH
78.91,79.0,78.82,78.83,4600,2020-12-10 20:30:00,TXRH
78.82,78.88,78.8,78.855,3110,2020-12-10 20:35:00,TXRH
78.85,78.87,78.68,78.74,5000,2020-12-10 20:40:00,TXRH
78.74,78.83,78.69,78.72,3987,2020-12-10 20:45:00,TXRH
78.74,78.9,78.72,78.865,15406,2020-12-10 20:50:00,TXRH
78.88,78.9,78.77,78.81,18143,2020-12-10 20:55:00,TXRH
78.81,78.81,78.81,78.81,64970,2020-12-10 21:00:00,TXRH
78.81,78.81,78.81,78.81,68498,2020-12-10 22:40:00,TXRH
78.57,78.57,78.335,78.46,5449,2020-12-11 14:30:00,TXRH
78.58,78.77,78.58,78.62,847,2020-12-11 14:35:00,TXRH
78.81,78.81,78.02,78.02,1415,2020-12-11 14:40:00,TXRH
78.01,78.28,78.01,78.26,400,2020-12-11 14:45:00,TXRH
78.19,78.25,78.19,78.19,600,2020-12-11 14:50:00,TXRH
78.33,78.65,78.28,78.62,1304,2020-12-11 14:55:00,TXRH
78.4,78.75,78.4,78.65,75159,2020-12-11 15:00:00,TXRH
78.64,79.14,78.64,78.96,2400,2020-12-11 15:05:00,TXRH
78.985,78.985,78.61,78.85,1334,2020-12-11 15:10:00,TXRH
78.85,78.87,78.85,78.87,300,2020-12-11 15:15:00,TXRH
78.74,78.745,78.53,78.53,400,2020-12-11 15:20:00,TXRH
78.6,78.6,78.34,78.56,600,2020-12-11 15:25:00,TXRH
78.498,78.53,78.32,78.485,2617,2020-12-11 15:30:00,TXRH
78.63,78.63,78.155,78.155,700,2020-12-11 15:35:00,TXRH
78.185,78.29,78.08,78.29,1714,2020-12-11 15:40:00,TXRH
78.165,78.35,78.08,78.34,19860,2020-12-11 15:45:00,TXRH
78.26,78.29,78.03,78.09,16569,2020-12-11 15:50:00,TXRH
78.02,78.12,77.97,78.105,1500,2020-12-11 15:55:00,TXRH
78.17,78.25,78.11,78.25,800,2020-12-11 16:00:00,TXRH
78.325,78.325,78.15,78.17,1000,2020-12-11 16:05:00,TXRH
78.115,78.33,78.115,78.33,600,2020-12-11 16:10:00,TXRH
78.27,78.34,78.22,78.22,612,2020-12-11 16:15:00,TXRH
78.21,78.21,78.075,78.105,6068,2020-12-11 16:20:00,TXRH
78.14,78.26,78.09,78.18,14010,2020-12-11 16:25:00,TXRH
78.16,78.16,77.94,78.04,8750,2020-12-11 16:30:00,TXRH
78.06,78.11,77.965,78.07,10621,2020-12-11 16:35:00,TXRH
78.065,78.14,78.06,78.1296,8206,2020-12-11 16:40:00,TXRH
78.13,78.165,78.07,78.165,1060,2020-12-11 16:45:00,TXRH
78.12,78.15,78.1,78.12,1000,2020-12-11 16:50:00,TXRH
78.08,78.155,78.08,78.15,2606,2020-12-11 16:55:00,TXRH
78.24,78.24,78.145,78.17,800,2020-12-11 17:00:00,TXRH
78.08,78.1,77.895,77.895,4605,2020-12-11 17:05:00,TXRH
77.765,77.77,77.57,77.64,9525,2020-12-11 17:10:00,TXRH
77.67,77.73,77.52,77.52,7950,2020-12-11 17:15:00,TXRH
77.61,77.655,77.34,77.58,9387,2020-12-11 17:20:00,TXRH
77.45,77.5894,77.45,77.54,5017,2020-12-11 17:25:00,TXRH
77.48,77.53,77.17,77.17,6749,2020-12-11 17:30:00,TXRH
77.225,77.225,77.0,77.15,1800,2020-12-11 17:35:00,TXRH
77.24,77.26,77.06,77.06,1358,2020-12-11 17:40:00,TXRH
77.12,77.2,77.1,77.18,2260,2020-12-11 17:45:00,TXRH
77.21,77.29,77.21,77.29,2101,2020-12-11 17:50:00,TXRH
77.31,77.38,77.195,77.38,5040,2020-12-11 17:55:00,TXRH
77.37,77.37,77.245,77.265,2000,2020-12-11 18:00:00,TXRH
77.265,77.36,77.18,77.36,1754,2020-12-11 18:05:00,TXRH
77.39,77.56,77.39,77.5,2102,2020-12-11 18:10:00,TXRH
77.4446,77.49,77.39,77.41,2094,2020-12-11 18:15:00,TXRH
77.42,77.575,77.42,77.575,2509,2020-12-11 18:20:00,TXRH
77.64,77.73,77.58,77.73,900,2020-12-11 18:25:00,TXRH
77.735,77.8,77.7,77.72,700,2020-12-11 18:30:00,TXRH
77.72,77.8,77.71,77.78,1900,2020-12-11 18:35:00,TXRH
77.755,77.86,77.73,77.79,2800,2020-12-11 18:40:00,TXRH
77.79,77.81,77.71,77.81,1700,2020-12-11 18:45:00,TXRH
77.79,77.95,77.77,77.95,2000,2020-12-11 18:50:00,TXRH
77.975,77.975,77.89,77.89,1000,2020-12-11 18:55:00,TXRH
77.88,77.99,77.86,77.92,4524,2020-12-11 19:00:00,TXRH
77.93,78.03,77.88,77.92,1905,2020-12-11 19:05:00,TXRH
77.93,77.97,77.88,77.96,758,2020-12-11 19:10:00,TXRH
77.915,78.085,77.915,78.015,2100,2020-12-11 19:15:00,TXRH
78.01,78.13,77.97,78.13,1200,2020-12-11 19:20:00,TXRH
78.1,78.1,77.89,77.96,3099,2020-12-11 19:25:00,TXRH
77.94,78.03,77.935,77.99,1375,2020-12-11 19:30:00,TXRH
78.0,78.01,77.93,78.0,1800,2020-12-11 19:35:00,TXRH
78.06,78.1,78.06,78.1,900,2020-12-11 19:40:00,TXRH
78.14,78.14,78.05,78.05,379,2020-12-11 19:45:00,TXRH
78.09,78.09,77.95,77.96,3199,2020-12-11 19:50:00,TXRH
77.935,77.99,77.89,77.94,2700,2020-12-11 19:55:00,TXRH
77.95,77.95,77.835,77.84,2174,2020-12-11 20:00:00,TXRH
77.86,78.04,77.86,77.96,4000,2020-12-11 20:05:00,TXRH
77.97,78.08,77.97,78.06,1700,2020-12-11 20:10:00,TXRH
78.06,78.115,78.02,78.115,1598,2020-12-11 20:15:00,TXRH
78.14,78.24,78.11,78.24,4613,2020-12-11 20:20:00,TXRH
78.23,78.3,78.23,78.23,2800,2020-12-11 20:25:00,TXRH
78.23,78.24,78.13,78.21,3901,2020-12-11 20:30:00,TXRH
78.175,78.275,78.175,78.18,4041,2020-12-11 20:35:00,TXRH
78.19,78.24,78.04,78.04,3827,2020-12-11 20:40:00,TXRH
78.1,78.11,78.02,78.04,4800,2020-12-11 20:45:00,TXRH
78.09,78.21,78.04,78.1,9796,2020-12-11 20:50:00,TXRH
78.08,78.17,78.05,78.09,29328,2020-12-11 20:55:00,TXRH
78.17,78.17,78.17,78.17,35038,2020-12-11 21:00:00,TXRH
78.17,78.17,78.17,78.17,271,2020-12-11 22:00:00,TXRH
79.27,79.54,79.14,79.285,7278,2020-12-14 14:30:00,TXRH
79.16,79.38,78.79,79.05,2200,2020-12-14 14:35:00,TXRH
78.88,79.04,78.66,78.66,1629,2020-12-14 14:40:00,TXRH
78.58,78.74,78.48,78.74,2016,2020-12-14 14:45:00,TXRH
78.86,78.98,78.46,78.46,2000,2020-12-14 14:50:00,TXRH
78.43,78.625,78.35,78.42,1500,2020-12-14 14:55:00,TXRH
78.39,78.76,78.39,78.56,1000,2020-12-14 15:00:00,TXRH
78.56,78.87,78.23,78.75,5435,2020-12-14 15:05:00,TXRH
78.78,78.86,78.66,78.86,1996,2020-12-14 15:10:00,TXRH
78.88,78.95,78.86,78.93,1526,2020-12-14 15:15:00,TXRH
78.795,78.99,78.79,78.92,2698,2020-12-14 15:20:00,TXRH
78.885,78.99,78.86,78.98,22497,2020-12-14 15:25:00,TXRH
78.92,78.92,78.72,78.795,2649,2020-12-14 15:30:00,TXRH
78.815,79.15,78.7725,79.095,7967,2020-12-14 15:35:00,TXRH
79.095,79.19,79.06,79.19,1400,2020-12-14 15:40:00,TXRH
79.155,79.155,78.745,78.745,4743,2020-12-14 15:45:00,TXRH
78.795,78.925,78.665,78.865,6147,2020-12-14 15:50:00,TXRH
78.865,78.96,78.635,78.635,7498,2020-12-14 15:55:00,TXRH
78.42,78.49,78.29,78.305,1500,2020-12-14 16:00:00,TXRH
78.29,78.365,78.236,78.26,2268,2020-12-14 16:05:00,TXRH
78.17,78.3,78.17,78.3,884,2020-12-14 16:10:00,TXRH
78.2633,78.455,78.2633,78.365,1404,2020-12-14 16:15:00,TXRH
78.46,78.62,78.37,78.62,1891,2020-12-14 16:20:00,TXRH
78.56,78.56,78.44,78.495,900,2020-12-14 16:25:00,TXRH
78.54,78.55,78.49,78.55,812,2020-12-14 16:30:00,TXRH
78.57,78.58,78.46,78.56,4820,2020-12-14 16:35:00,TXRH
78.62,78.72,78.6,78.72,1743,2020-12-14 16:40:00,TXRH
78.69,78.79,78.69,78.71,421,2020-12-14 16:45:00,TXRH
78.65,78.85,78.615,78.85,1627,2020-12-14 16:50:00,TXRH
78.75,78.87,78.74,78.79,1714,2020-12-14 16:55:00,TXRH
78.81,78.85,78.735,78.85,1585,2020-12-14 17:00:00,TXRH
78.9,78.995,78.9,78.995,359,2020-12-14 17:05:00,TXRH
78.965,79.01,78.95,78.95,1526,2020-12-14 17:10:00,TXRH
78.91,78.925,78.81,78.81,1100,2020-12-14 17:15:00,TXRH
78.87,78.87,78.75,78.7846,680,2020-12-14 17:20:00,TXRH
78.825,78.87,78.8,78.8,1400,2020-12-14 17:25:00,TXRH
78.83,78.9,78.82,78.9,3008,2020-12-14 17:30:00,TXRH
78.865,78.9001,78.78,78.78,1250,2020-12-14 17:35:00,TXRH
78.75,78.77,78.61,78.665,1894,2020-12-14 17:40:00,TXRH
78.65,78.75,78.63,78.63,1250,2020-12-14 17:45:00,TXRH
78.65,78.65,78.65,78.65,100,2020-12-14 17:55:00,TXRH
78.66,78.7,78.475,78.475,2058,2020-12-14 18:00:00,TXRH
78.39,78.39,78.2617,78.2617,777,2020-12-14 18:05:00,TXRH
78.28,78.305,78.25,78.29,1610,2020-12-14 18:10:00,TXRH
78.275,78.35,78.275,78.32,1233,2020-12-14 18:15:00,TXRH
78.31,78.35,78.29,78.29,1200,2020-12-14 18:20:00,TXRH
78.34,78.37,78.32,78.35,1353,2020-12-14 18:25:00,TXRH
78.335,78.42,78.3081,78.42,1536,2020-12-14 18:30:00,TXRH
78.44,78.53,78.44,78.53,1253,2020-12-14 18:35:00,TXRH
78.56,78.67,78.54,78.59,1700,2020-12-14 18:40:00,TXRH
78.52,78.52,78.5,78.5,200,2020-12-14 18:45:00,TXRH
78.51,78.58,78.47,78.547,11849,2020-12-14 18:50:00,TXRH
78.58,78.58,78.4,78.4,500,2020-12-14 18:55:00,TXRH
78.52,78.55,78.42,78.42,2618,2020-12-14 19:00:00,TXRH
78.42,78.47,78.42,78.47,200,2020-12-14 19:05:00,TXRH
78.505,78.505,78.505,78.505,100,2020-12-14 19:10:00,TXRH
78.45,78.51,78.4,78.43,1740,2020-12-14 19:15:00,TXRH
78.48,78.5,78.43,78.45,800,2020-12-14 19:20:00,TXRH
78.39,78.39,78.305,78.38,1139,2020-12-14 19:25:00,TXRH
78.335,78.415,78.335,78.36,1600,2020-12-14 19:30:00,TXRH
78.37,78.42,78.29,78.3,2100,2020-12-14 19:35:00,TXRH
78.335,78.47,78.33,78.47,2911,2020-12-14 19:40:00,TXRH
78.46,78.7,78.43,78.7,3749,2020-12-14 19:45:00,TXRH
78.64,78.78,78.6,78.76,2040,2020-12-14 19:50:00,TXRH
78.73,78.785,78.72,78.77,1309,2020-12-14 19:55:00,TXRH
78.72,78.77,78.6555,78.765,4139,2020-12-14 20:00:00,TXRH
78.76,78.79,78.68,78.73,2203,2020-12-14 20:05:00,TXRH
78.73,78.77,78.7,78.7,1887,2020-12-14 20:10:00,TXRH
78.7,78.73,78.64,78.64,1718,2020-12-14 20:15:00,TXRH
78.645,78.66,78.61,78.635,700,2020-12-14 20:20:00,TXRH
78.635,78.71,78.635,78.67,5100,2020-12-14 20:25:00,TXRH
78.65,78.65,78.37,78.37,4047,2020-12-14 20:30:00,TXRH
78.37,78.4,78.27,78.29,3337,2020-12-14 20:35:00,TXRH
78.285,78.33,78.215,78.25,6117,2020-12-14 20:40:00,TXRH
78.235,78.49,78.235,78.43,9098,2020-12-14 20:45:00,TXRH
78.44,78.44,78.27,78.34,16210,2020-12-14 20:50:00,TXRH
78.38,78.39,78.2,78.26,27748,2020-12-14 20:55:00,TXRH
78.27,78.27,78.27,78.27,48265,2020-12-14 21:00:00,TXRH
78.27,78.27,78.27,78.27,1548,2020-12-14 22:50:00,TXRH
78.81,79.05,78.65,78.695,3580,2020-12-15 14:30:00,TXRH
78.5,78.877,78.5,78.877,400,2020-12-15 14:35:00,TXRH
78.84,78.84,78.54,78.58,1230,2020-12-15 14:40:00,TXRH
78.52,78.52,78.5,78.5,663,2020-12-15 14:45:00,TXRH
78.36,78.43,78.22,78.43,300,2020-12-15 14:50:00,TXRH
78.38,78.58,78.37,78.49,700,2020-12-15 14:55:00,TXRH
78.49,78.6,78.39,78.48,2000,2020-12-15 15:00:00,TXRH
78.54,78.6,78.44,78.44,6420,2020-12-15 15:05:00,TXRH
78.41,78.535,78.355,78.355,1300,2020-12-15 15:10:00,TXRH
78.4,78.55,78.4,78.5175,2971,2020-12-15 15:15:00,TXRH
78.5175,78.56,78.49,78.53,2400,2020-12-15 15:20:00,TXRH
78.53,78.53,78.32,78.4,2943,2020-12-15 15:25:00,TXRH
78.4,78.44,78.33,78.4,2552,2020-12-15 15:30:00,TXRH
78.38,78.45,78.27,78.35,3492,2020-12-15 15:35:00,TXRH
78.35,78.46,78.18,78.23,6687,2020-12-15 15:40:00,TXRH
78.2,78.6,78.2,78.6,27029,2020-12-15 15:45:00,TXRH
78.6,78.825,78.5918,78.825,3344,2020-12-15 15:50:00,TXRH
78.98,79.165,78.98,79.13,1636,2020-12-15 15:55:00,TXRH
79.2,79.28,79.17,79.17,1300,2020-12-15 16:00:00,TXRH
79.03,79.39,78.99,79.39,3055,2020-12-15 16:05:00,TXRH
79.455,79.55,79.34,79.55,1400,2020-12-15 16:10:00,TXRH
79.54,79.63,79.54,79.595,882,2020-12-15 16:15:00,TXRH
79.62,79.62,79.4475,79.55,1074,2020-12-15 16:20:00,TXRH
79.46,79.53,79.46,79.53,400,2020-12-15 16:25:00,TXRH
79.59,79.68,79.58,79.63,1224,2020-12-15 16:30:00,TXRH
79.63,79.69,79.56,79.59,10427,2020-12-15 16:35:00,TXRH
79.58,79.78,79.58,79.72,6469,2020-12-15 16:40:00,TXRH
79.625,79.625,79.56,79.625,300,2020-12-15 16:45:00,TXRH
79.645,79.645,79.63,79.63,300,2020-12-15 16:50:00,TXRH
79.55,79.65,79.47,79.59,1606,2020-12-15 16:55:00,TXRH
79.635,79.7,79.63,79.675,948,2020-12-15 17:00:00,TXRH
79.655,79.655,79.555,79.585,1500,2020-12-15 17:05:00,TXRH
79.61,79.62,79.41,79.465,2800,2020-12-15 17:10:00,TXRH
79.41,79.58,79.38,79.57,1700,2020-12-15 17:15:00,TXRH
79.57,79.57,79.45,79.47,1400,2020-12-15 17:20:00,TXRH
79.485,79.485,79.34,79.34,2098,2020-12-15 17:25:00,TXRH
79.35,79.52,79.35,79.51,2362,2020-12-15 17:30:00,TXRH
79.43,79.64,79.41,79.59,2105,2020-12-15 17:35:00,TXRH
79.54,79.5727,79.5,79.5,1252,2020-12-15 17:40:00,TXRH
79.46,79.63,79.44,79.58,2400,2020-12-15 17:45:00,TXRH
79.6,79.79,79.53,79.73,2500,2020-12-15 17:50:00,TXRH
79.7,79.74,79.685,79.74,1982,2020-12-15 17:55:00,TXRH
79.73,79.73,79.5,79.5,1985,2020-12-15 18:00:00,TXRH
79.5,79.57,79.46,79.515,3674,2020-12-15 18:05:00,TXRH
79.455,79.51,79.39,79.51,1347,2020-12-15 18:10:00,TXRH
79.53,79.62,79.5,79.505,2500,2020-12-15 18:15:00,TXRH
79.52,79.53,79.47,79.5,3650,2020-12-15 18:20:00,TXRH
79.49,79.63,79.47,79.63,5754,2020-12-15 18:25:00,TXRH
79.59,79.65,79.58,79.59,1748,2020-12-15 18:30:00,TXRH
79.63,79.63,79.47,79.57,2955,2020-12-15 18:35:00,TXRH
79.6,79.63,79.52,79.56,2000,2020-12-15 18:40:00,TXRH
79.535,79.61,79.535,79.59,2266,2020-12-15 18:45:00,TXRH
79.59,79.59,79.47,79.47,600,2020-12-15 18:50:00,TXRH
79.44,79.5,79.41,79.41,4244,2020-12-15 18:55:00,TXRH
79.39,79.45,79.31,79.45,3848,2020-12-15 19:00:00,TXRH
79.405,79.43,79.33,79.375,4140,2020-12-15 19:05:00,TXRH
79.335,79.39,79.33,79.38,2100,2020-12-15 19:10:00,TXRH
79.4,79.4,79.32,79.335,2600,2020-12-15 19:15:00,TXRH
79.33,79.33,79.29,79.305,1850,2020-12-15 19:20:00,TXRH
79.32,79.34,79.25,79.25,3400,2020-12-15 19:25:00,TXRH
79.27,79.29,79.235,79.235,1400,2020-12-15 19:30:00,TXRH
79.285,79.32,79.2,79.255,2681,2020-12-15 19:35:00,TXRH
79.24,79.24,79.135,79.15,2366,2020-12-15 19:40:00,TXRH
79.11,79.145,79.04,79.04,1900,2020-12-15 19:45:00,TXRH
79.1075,79.12,79.0,79.005,2999,2020-12-15 19:50:00,TXRH
79.02,79.02,78.89,78.94,2741,2020-12-15 19:55:00,TXRH
78.94,79.15,78.94,79.11,2746,2020-12-15 20:00:00,TXRH
79.13,79.14,79.02,79.11,3716,2020-12-15 20:05:00,TXRH
79.09,79.13,79.03,79.0875,3261,2020-12-15 20:10:00,TXRH
79.11,79.15,79.03,79.03,3620,2020-12-15 20:15:00,TXRH
79.03,79.11,78.98,79.04,4000,2020-12-15 20:20:00,TXRH
79.02,79.05,78.93,78.94,2282,2020-12-15 20:25:00,TXRH
78.95,79.015,78.76,78.96,16862,2020-12-15 20:30:00,TXRH
78.96,79.16,78.96,79.075,9400,2020-12-15 20:35:00,TXRH
79.05,79.11,79.01,79.05,4221,2020-12-15 20:40:00,TXRH
79.06,79.1,79.035,79.09,8519,2020-12-15 20:45:00,TXRH
79.12,79.15,79.0,79.12,12931,2020-12-15 20:50:00,TXRH
79.13,79.33,79.0944,79.31,24718,2020-12-15 20:55:00,TXRH
79.29,79.29,79.29,79.29,104437,2020-12-15 21:00:00,TXRH
79.2,79.2,79.2,79.2,400,2020-12-16 11:55:00,TXRH
78.5,78.5,78.5,78.5,2200,2020-12-16 12:30:00,TXRH
78.51,78.51,78.5,78.5,227,2020-12-16 12:40:00,TXRH
78.4,78.4,78.4,78.4,110,2020-12-16 13:20:00,TXRH
78.39,79.06,77.89,79.06,13991,2020-12-16 14:30:00,TXRH
79.0,79.16,78.81,79.065,6960,2020-12-16 14:35:00,TXRH
79.07,79.73,79.07,79.6767,1900,2020-12-16 14:40:00,TXRH
79.85,79.85,79.63,79.67,624,2020-12-16 14:45:00,TXRH
79.82,79.94,79.82,79.825,500,2020-12-16 14:50:00,TXRH
79.98,79.98,79.74,79.74,1331,2020-12-16 14:55:00,TXRH
79.84,79.85,79.175,79.39,5769,2020-12-16 15:00:00,TXRH
79.325,79.325,79.17,79.275,1000,2020-12-16 15:05:00,TXRH
79.27,79.28,79.07,79.12,2603,2020-12-16 15:10:00,TXRH
79.05,79.15,79.01,79.02,5713,2020-12-16 15:15:00,TXRH
78.92,79.06,78.73,79.06,5403,2020-12-16 15:20:00,TXRH
79.13,79.55,79.13,79.48,2300,2020-12-16 15:25:00,TXRH
79.34,79.45,79.31,79.39,3700,2020-12-16 15:30:00,TXRH
79.43,79.43,79.33,79.43,5316,2020-12-16 15:35:00,TXRH
79.38,79.63,79.26,79.63,6580,2020-12-16 15:40:00,TXRH
79.67,79.84,79.54,79.84,2700,2020-12-16 15:45:00,TXRH
79.86,79.865,79.78,79.81,1940,2020-12-16 15:50:00,TXRH
79.8,79.87,79.75,79.8048,3225,2020-12-16 15:55:00,TXRH
79.88,79.88,79.46,79.65,2600,2020-12-16 16:00:00,TXRH
79.63,79.65,79.53,79.535,2010,2020-12-16 16:05:00,TXRH
79.46,79.56,79.35,79.56,2600,2020-12-16 16:10:00,TXRH
79.61,79.61,79.52,79.57,1234,2020-12-16 16:15:00,TXRH
79.49,79.52,79.42,79.52,1876,2020-12-16 16:20:00,TXRH
79.54,79.59,79.4,79.42,3138,2020-12-16 16:25:00,TXRH
79.45,79.48,79.265,79.3,14273,2020-12-16 16:30:00,TXRH
79.36,79.38,79.14,79.14,1669,2020-12-16 16:35:00,TXRH
79.13,79.21,79.06,79.175,2700,2020-12-16 16:40:00,TXRH
79.13,79.25,79.13,79.25,1000,2020-12-16 16:45:00,TXRH
79.26,79.28,79.09,79.15,1700,2020-12-16 16:50:00,TXRH
79.17,79.23,79.07,79.17,1935,2020-12-16 16:55:00,TXRH
79.24,79.24,79.12,79.12,1398,2020-12-16 17:00:00,TXRH
79.08,79.08,78.9288,78.9288,859,2020-12-16 17:05:00,TXRH
78.89,78.89,78.78,78.78,1800,2020-12-16 17:10:00,TXRH
78.77,79.04,78.77,78.92,12696,2020-12-16 17:15:00,TXRH
78.96,79.17,78.7,79.17,6349,2020-12-16 17:20:00,TXRH
79.17,79.18,79.17,79.18,200,2020-12-16 17:25:00,TXRH
79.185,79.4,79.185,79.4,1592,2020-12-16 17:30:00,TXRH
79.47,79.49,79.405,79.405,1600,2020-12-16 17:35:00,TXRH
79.38,79.38,79.26,79.26,715,2020-12-16 17:40:00,TXRH
79.32,79.5,79.32,79.44,2496,2020-12-16 17:45:00,TXRH
79.37,79.41,79.37,79.41,400,2020-12-16 17:50:00,TXRH
79.43,79.59,79.43,79.52,3202,2020-12-16 17:55:00,TXRH
79.57,79.62,79.44,79.49,2200,2020-12-16 18:00:00,TXRH
79.39,79.43,79.15,79.19,1100,2020-12-16 18:05:00,TXRH
79.31,79.31,79.24,79.24,438,2020-12-16 18:10:00,TXRH
79.31,79.41,79.22,79.41,2876,2020-12-16 18:15:00,TXRH
79.39,79.4,79.33,79.38,1800,2020-12-16 18:20:00,TXRH
79.42,79.42,79.3,79.3,700,2020-12-16 18:25:00,TXRH
79.3,79.36,79.28,79.36,1400,2020-12-16 18:30:00,TXRH
79.3747,79.455,79.37,79.4,2501,2020-12-16 18:35:00,TXRH
79.4414,79.4414,79.25,79.33,13081,2020-12-16 18:40:00,TXRH
79.4,79.41,79.36,79.39,1400,2020-12-16 18:45:00,TXRH
79.455,79.58,79.455,79.58,1700,2020-12-16 18:50:00,TXRH
79.6,79.65,79.29,79.44,6699,2020-12-16 18:55:00,TXRH
79.47,79.515,79.39,79.515,1000,2020-12-16 19:00:00,TXRH
79.42,79.49,79.32,79.49,1391,2020-12-16 19:05:00,TXRH
79.39,79.44,79.33,79.385,1100,2020-12-16 19:10:00,TXRH
79.415,79.48,79.28,79.407,1613,2020-12-16 19:15:00,TXRH
79.4,79.61,79.4,79.575,1014,2020-12-16 19:20:00,TXRH
79.62,79.62,79.49,79.5,1300,2020-12-16 19:25:00,TXRH
79.56,79.5914,79.505,79.505,1625,2020-12-16 19:30:00,TXRH
79.68,79.84,79.68,79.84,1800,2020-12-16 19:35:00,TXRH
79.82,79.98,79.79,79.96,3098,2020-12-16 19:40:00,TXRH
80.0,80.27,80.0,80.25,7954,2020-12-16 19:45:00,TXRH
80.18,80.19,79.93,80.06,5293,2020-12-16 19:50:00,TXRH
80.01,80.16,80.01,80.04,3143,2020-12-16 19:55:00,TXRH
80.04,80.04,79.935,79.935,3845,2020-12-16 20:00:00,TXRH
79.945,80.0,79.9,80.0,4909,2020-12-16 20:05:00,TXRH
80.0,80.02,79.92,79.94,2600,2020-12-16 20:10:00,TXRH
79.94,79.97,79.79,79.872,7256,2020-12-16 20:15:00,TXRH
79.97,80.15,79.97,80.1,3302,2020-12-16 20:20:00,TXRH
80.15,80.18,80.03,80.1,2813,2020-12-16 20:25:00,TXRH
80.15,80.24,80.11,80.15,3105,2020-12-16 20:30:00,TXRH
80.145,80.145,79.98,80.06,8186,2020-12-16 20:35:00,TXRH
80.07,80.08,79.945,79.99,6470,2020-12-16 20:40:00,TXRH
79.965,80.04,79.925,79.98,7264,2020-12-16 20:45:00,TXRH
79.97,79.97,79.76,79.76,14296,2020-12-16 20:50:00,TXRH
79.82,79.95,79.685,79.87,50313,2020-12-16 20:55:00,TXRH
79.78,80.0,79.78,80.0,62062,2020-12-16 21:00:00,TXRH
80.0,80.0,80.0,80.0,480,2020-12-16 21:05:00,TXRH
79.54,80.38,79.54,79.54,6525,2020-12-17 14:30:00,TXRH
79.82,79.95,79.4,79.43,4388,2020-12-17 14:35:00,TXRH
79.5,79.87,79.46,79.77,2519,2020-12-17 14:40:00,TXRH
79.65,79.75,79.65,79.75,1075,2020-12-17 14:45:00,TXRH
79.75,79.75,79.75,79.75,200,2020-12-17 14:50:00,TXRH
79.81,79.9522,79.8,79.8,4768,2020-12-17 14:55:00,TXRH
79.8,80.34,79.8,80.34,13596,2020-12-17 15:00:00,TXRH
80.29,80.37,79.97,80.09,2825,2020-12-17 15:05:00,TXRH
80.195,80.21,79.87,80.0,7032,2020-12-17 15:10:00,TXRH
80.0,80.125,79.67,79.67,2657,2020-12-17 15:15:00,TXRH
79.81,79.81,79.55,79.55,2817,2020-12-17 15:20:00,TXRH
79.57,79.83,79.55,79.83,3820,2020-12-17 15:25:00,TXRH
79.74,79.84,79.67,79.7375,4292,2020-12-17 15:30:00,TXRH
79.61,79.62,79.485,79.6175,3321,2020-12-17 15:35:00,TXRH
79.615,79.62,79.42,79.5,5519,2020-12-17 15:40:00,TXRH
79.55,79.9,79.55,79.9,2022,2020-12-17 15:45:00,TXRH
79.96,79.99,79.785,79.99,3997,2020-12-17 15:50:00,TXRH
79.92,80.08,79.92,80.08,2889,2020-12-17 15:55:00,TXRH
80.09,80.2,79.93,79.94,3397,2020-12-17 16:00:00,TXRH
79.93,80.3,79.93,80.3,9070,2020-12-17 16:05:00,TXRH
80.3,80.52,80.3,80.36,4774,2020-12-17 16:10:00,TXRH
80.4,80.46,80.34,80.39,2087,2020-12-17 16:15:00,TXRH
80.37,80.57,80.36,80.57,3935,2020-12-17 16:20:00,TXRH
80.57,80.87,80.55,80.78,4440,2020-12-17 16:25:00,TXRH
80.745,80.82,80.705,80.7934,5521,2020-12-17 16:30:00,TXRH
80.77,80.78,80.48,80.49,5618,2020-12-17 16:35:00,TXRH
80.47,80.53,80.405,80.47,3651,2020-12-17 16:40:00,TXRH
80.47,80.61,80.42,80.42,2600,2020-12-17 16:45:00,TXRH
80.3796,80.3796,80.19,80.19,2221,2020-12-17 16:50:00,TXRH
80.22,80.37,80.22,80.36,3152,2020-12-17 16:55:00,TXRH
80.29,80.41,80.15,80.31,3264,2020-12-17 17:00:00,TXRH
80.31,80.64,80.295,80.395,30550,2020-12-17 17:05:00,TXRH
80.42,80.5,80.325,80.37,4619,2020-12-17 17:10:00,TXRH
80.38,80.41,80.18,80.27,3200,2020-12-17 17:15:00,TXRH
80.28,80.38,80.28,80.35,4914,2020-12-17 17:20:00,TXRH
80.3275,80.4,80.315,80.39,2300,2020-12-17 17:25:00,TXRH
80.39,80.39,80.28,80.35,6634,2020-12-17 17:30:00,TXRH
80.35,80.38,80.31,80.36,2465,2020-12-17 17:35:00,TXRH
80.38,80.53,80.38,80.53,2141,2020-12-17 17:40:00,TXRH
80.57,80.7,80.55,80.68,3907,2020-12-17 17:45:00,TXRH
80.655,80.81,80.63,80.76,5902,2020-12-17 17:50:00,TXRH
80.73,80.9,80.73,80.9,2200,2020-12-17 17:55:00,TXRH
80.9,80.92,80.8,80.8,3198,2020-12-17 18:00:00,TXRH
80.79,80.79,80.66,80.67,1500,2020-12-17 18:05:00,TXRH
80.69,80.79,80.65,80.78,3695,2020-12-17 18:10:00,TXRH
80.76,80.76,80.56,80.65,3539,2020-12-17 18:15:00,TXRH
80.62,80.77,80.57,80.72,6701,2020-12-17 18:20:00,TXRH
80.73,80.85,80.73,80.78,8200,2020-12-17 18:25:00,TXRH
80.805,80.85,80.775,80.85,8116,2020-12-17 18:30:00,TXRH
80.85,80.95,80.84,80.9,6200,2020-12-17 18:35:00,TXRH
80.9,80.93,80.84,80.9,3292,2020-12-17 18:40:00,TXRH
80.85,80.87,80.81,80.8661,4118,2020-12-17 18:45:00,TXRH
80.89,80.91,80.82,80.85,6800,2020-12-17 18:50:00,TXRH
80.85,80.92,80.75,80.92,4911,2020-12-17 18:55:00,TXRH
80.93,80.93,80.74,80.8234,10188,2020-12-17 19:00:00,TXRH
80.86,81.0,80.85,80.96,3517,2020-12-17 19:05:00,TXRH
80.98,80.99,80.925,80.99,6653,2020-12-17 19:10:00,TXRH
80.985,81.07,80.9825,81.04,3878,2020-12-17 19:15:00,TXRH
81.04,81.14,81.04,81.08,19628,2020-12-17 19:20:00,TXRH
81.055,81.08,81.0,81.06,5334,2020-12-17 19:25:00,TXRH
81.04,81.12,81.04,81.12,4306,2020-12-17 19:30:00,TXRH
81.13,81.26,81.115,81.24,5341,2020-12-17 19:35:00,TXRH
81.245,81.27,81.15,81.27,5487,2020-12-17 19:40:00,TXRH
81.28,81.44,81.28,81.44,20563,2020-12-17 19:45:00,TXRH
81.44,81.54,81.375,81.43,6200,2020-12-17 19:50:00,TXRH
81.43,81.46,81.4,81.45,4200,2020-12-17 19:55:00,TXRH
81.45,81.52,81.42,81.52,9000,2020-12-17 20:00:00,TXRH
81.4886,81.51,81.42,81.45,7888,2020-12-17 20:05:00,TXRH
81.48,81.54,81.395,81.52,5500,2020-12-17 20:10:00,TXRH
81.53,81.75,81.515,81.73,5249,2020-12-17 20:15:00,TXRH
81.755,81.86,81.7,81.78,12486,2020-12-17 20:20:00,TXRH
81.775,81.79,81.67,81.77,9155,2020-12-17 20:25:00,TXRH
81.74,81.78,81.67,81.735,12495,2020-12-17 20:30:00,TXRH
81.76,81.78,81.67,81.71,10748,2020-12-17 20:35:00,TXRH
81.67,81.74,81.625,81.625,13653,2020-12-17 20:40:00,TXRH
81.63,81.69,81.54,81.66,21698,2020-12-17 20:45:00,TXRH
81.68,81.78,81.66,81.78,43723,2020-12-17 20:50:00,TXRH
81.8,81.96,81.78,81.91,72432,2020-12-17 20:55:00,TXRH
81.91,81.91,81.91,81.91,105866,2020-12-17 21:00:00,TXRH
81.36,81.36,81.19,81.22,1307,2020-12-17 21:05:00,TXRH
80.52,80.52,80.5,80.5,200,2020-12-17 21:10:00,TXRH
79.55,80.4,78.0002,80.4,786,2020-12-17 21:15:00,TXRH
80.33,80.33,80.26,80.26,200,2020-12-17 21:30:00,TXRH
81.93,83.25,81.74,82.67,187557,2020-12-18 14:30:00,TXRH
82.61,82.73,82.04,82.07,3500,2020-12-18 14:35:00,TXRH
81.93,82.25,81.81,82.09,1237,2020-12-18 14:40:00,TXRH
81.78,82.1205,81.76,82.1205,2764,2020-12-18 14:45:00,TXRH
82.37,82.37,81.98,82.25,1924,2020-12-18 14:50:00,TXRH
82.35,82.79,82.29,82.79,3610,2020-12-18 14:55:00,TXRH
82.72,83.49,82.66,83.21,11700,2020-12-18 15:00:00,TXRH
83.205,83.38,83.0046,83.13,5188,2020-12-18 15:05:00,TXRH
83.045,83.14,82.6303,82.9,2221,2020-12-18 15:10:00,TXRH
83.0,83.18,83.0,83.15,600,2020-12-18 15:15:00,TXRH
83.08,83.08,82.8,82.944,2718,2020-12-18 15:20:00,TXRH
83.0,83.0,82.77,82.95,2500,2020-12-18 15:25:00,TXRH
82.95,82.95,82.76,82.76,2328,2020-12-18 15:30:00,TXRH
82.75,82.85,82.6431,82.6431,2950,2020-12-18 15:35:00,TXRH
82.73,82.77,82.64,82.6615,4516,2020-12-18 15:40:00,TXRH
82.77,82.77,82.55,82.66,2633,2020-12-18 15:45:00,TXRH
82.595,82.67,82.46,82.54,3400,2020-12-18 15:50:00,TXRH
82.57,82.61,82.3,82.35,6700,2020-12-18 15:55:00,TXRH
82.35,82.3762,82.13,82.13,1900,2020-12-18 16:00:00,TXRH
82.195,82.32,82.04,82.04,2892,2020-12-18 16:05:00,TXRH
82.07,82.07,81.71,81.71,3298,2020-12-18 16:10:00,TXRH
81.71,81.83,81.58,81.765,1300,2020-12-18 16:15:00,TXRH
81.765,81.94,81.69,81.85,3838,2020-12-18 16:20:00,TXRH
81.815,81.91,81.69,81.71,3671,2020-12-18 16:25:00,TXRH
81.775,81.85,81.7,81.78,3410,2020-12-18 16:30:00,TXRH
81.69,81.74,81.54,81.64,3716,2020-12-18 16:35:00,TXRH
81.58,81.58,81.4401,81.4925,1170,2020-12-18 16:40:00,TXRH
81.48,81.48,81.35,81.38,1500,2020-12-18 16:45:00,TXRH
81.335,81.45,81.29,81.41,1768,2020-12-18 16:50:00,TXRH
81.41,81.49,81.41,81.42,600,2020-12-18 16:55:00,TXRH
81.42,81.42,81.28,81.4,2429,2020-12-18 17:00:00,TXRH
81.41,81.41,81.27,81.27,2130,2020-12-18 17:05:00,TXRH
81.21,81.3,81.2,81.22,1400,2020-12-18 17:10:00,TXRH
81.29,81.39,81.29,81.35,900,2020-12-18 17:15:00,TXRH
81.4,81.54,81.3817,81.41,4888,2020-12-18 17:20:00,TXRH
81.35,81.35,81.32,81.32,1000,2020-12-18 17:25:00,TXRH
81.3,81.48,81.295,81.44,2100,2020-12-18 17:30:00,TXRH
81.47,81.48,81.47,81.48,1100,2020-12-18 17:35:00,TXRH
81.485,81.58,81.485,81.51,1300,2020-12-18 17:40:00,TXRH
81.51,81.51,81.37,81.48,4555,2020-12-18 17:45:00,TXRH
81.55,81.55,81.45,81.45,660,2020-12-18 17:50:00,TXRH
81.4,81.4,81.285,81.4,1300,2020-12-18 17:55:00,TXRH
81.32,81.38,81.27,81.27,1325,2020-12-18 18:00:00,TXRH
81.26,81.325,81.21,81.26,700,2020-12-18 18:05:00,TXRH
81.26,81.26,81.23,81.23,200,2020-12-18 18:10:00,TXRH
81.255,81.255,81.16,81.16,2432,2020-12-18 18:15:00,TXRH
81.25,81.25,81.08,81.08,4496,2020-12-18 18:20:00,TXRH
81.115,81.115,80.82,80.83,7833,2020-12-18 18:25:00,TXRH
80.97,80.97,80.74,80.76,1137,2020-12-18 18:30:00,TXRH
80.85,80.93,80.79,80.79,2635,2020-12-18 18:35:00,TXRH
80.71,80.765,80.67,80.67,1388,2020-12-18 18:40:00,TXRH
80.71,80.83,80.71,80.83,1720,2020-12-18 18:45:00,TXRH
80.86,80.86,80.755,80.85,2180,2020-12-18 18:50:00,TXRH
80.865,80.875,80.8,80.83,3674,2020-12-18 18:55:00,TXRH
80.83,80.86,80.49,80.49,1925,2020-12-18 19:00:00,TXRH
80.4861,80.66,80.4861,80.62,1851,2020-12-18 19:05:00,TXRH
80.6,80.6,80.48,80.55,683,2020-12-18 19:10:00,TXRH
80.47,80.64,80.29,80.615,4057,2020-12-18 19:15:00,TXRH
80.58,80.61,80.52,80.575,1400,2020-12-18 19:20:00,TXRH
80.61,80.65,80.51,80.57,1822,2020-12-18 19:25:00,TXRH
80.5401,80.66,80.52,80.52,3346,2020-12-18 19:30:00,TXRH
80.5,80.61,80.5,80.59,2701,2020-12-18 19:35:00,TXRH
80.55,80.56,80.36,80.36,1900,2020-12-18 19:40:00,TXRH
80.34,80.53,80.34,80.49,3585,2020-12-18 19:45:00,TXRH
80.46,80.55,80.46,80.55,5268,2020-12-18 19:50:00,TXRH
80.54,80.54,80.43,80.52,2955,2020-12-18 19:55:00,TXRH
80.59,80.59,80.33,80.33,1700,2020-12-18 20:00:00,TXRH
80.47,80.49,80.33,80.33,2101,2020-12-18 20:05:00,TXRH
80.27,80.27,80.03,80.24,2946,2020-12-18 20:10:00,TXRH
80.24,80.3,80.16,80.185,2700,2020-12-18 20:15:00,TXRH
80.11,80.11,79.84,79.86,3833,2020-12-18 20:20:00,TXRH
79.9,79.94,79.71,79.71,1500,2020-12-18 20:25:00,TXRH
79.765,80.02,79.765,79.97,5028,2020-12-18 20:30:00,TXRH
79.98,79.98,79.69,79.83,7050,2020-12-18 20:35:00,TXRH
79.81,80.05,79.75,79.9801,4950,2020-12-18 20:40:00,TXRH
79.9973,80.135,79.91,79.95,15909,2020-12-18 20:45:00,TXRH
79.89,80.03,79.7401,79.7401,15640,2020-12-18 20:50:00,TXRH
79.7401,79.98,79.72,79.86,37726,2020-12-18 20:55:00,TXRH
79.93,79.93,79.93,79.93,342663,2020-12-18 21:00:00,TXRH
79.93,79.93,79.93,79.93,11254,2020-12-18 21:15:00,TXRH
80.0,80.0,80.0,80.0,100,2020-12-18 21:45:00,TXRH
78.01,78.01,78.01,78.01,115,2020-12-21 13:05:00,TXRH
79.93,79.93,79.93,79.93,200,2020-12-21 13:55:00,TXRH
78.16,78.51,77.7,78.51,11033,2020-12-21 14:30:00,TXRH
78.74,79.02,78.63,79.02,1700,2020-12-21 14:35:00,TXRH
78.95,79.0,78.76,78.94,2100,2020-12-21 14:40:00,TXRH
78.81,78.925,78.53,78.64,2279,2020-12-21 14:45:00,TXRH
78.75,78.82,78.18,78.24,7749,2020-12-21 14:50:00,TXRH
78.29,78.56,78.29,78.505,4950,2020-12-21 14:55:00,TXRH
78.49,78.545,78.265,78.42,4202,2020-12-21 15:00:00,TXRH
78.47,78.49,77.61,77.81,7661,2020-12-21 15:05:00,TXRH
77.815,78.22,77.56,77.75,11792,2020-12-21 15:10:00,TXRH
77.92,78.01,77.65,77.67,2000,2020-12-21 15:15:00,TXRH
77.76,78.09,77.76,78.075,2138,2020-12-21 15:20:00,TXRH
77.98,78.1,77.78,78.0055,1728,2020-12-21 15:25:00,TXRH
78.13,78.425,77.91,78.3,1700,2020-12-21 15:30:00,TXRH
78.3,78.355,78.27,78.355,1700,2020-12-21 15:35:00,TXRH
78.355,78.385,78.27,78.28,1201,2020-12-21 15:40:00,TXRH
78.25,78.25,77.97,77.97,3350,2020-12-21 15:45:00,TXRH
78.16,78.2,78.09,78.2,1100,2020-12-21 15:50:00,TXRH
78.24,78.35,78.04,78.09,1806,2020-12-21 15:55:00,TXRH
78.09,78.27,78.09,78.27,1000,2020-12-21 16:00:00,TXRH
78.265,78.35,78.23,78.23,300,2020-12-21 16:05:00,TXRH
78.245,78.34,78.245,78.34,312,2020-12-21 16:10:00,TXRH
78.34,78.34,78.25,78.25,500,2020-12-21 16:15:00,TXRH
78.32,78.54,78.25,78.48,6700,2020-12-21 16:20:00,TXRH
78.51,78.535,78.31,78.31,2287,2020-12-21 16:25:00,TXRH
78.42,78.58,78.42,78.56,3598,2020-12-21 16:30:00,TXRH
78.56,78.72,78.55,78.705,9983,2020-12-21 16:35:00,TXRH
78.7025,79.23,78.7025,79.23,6854,2020-12-21 16:40:00,TXRH
79.13,79.34,79.005,79.34,1566,2020-12-21 16:45:00,TXRH
79.24,79.25,79.01,79.1173,1406,2020-12-21 16:50:00,TXRH
78.985,78.985,78.82,78.9,2304,2020-12-21 16:55:00,TXRH
78.92,78.96,78.9,78.95,710,2020-12-21 17:00:00,TXRH
78.94,78.9417,78.87,78.87,1100,2020-12-21 17:05:00,TXRH
78.89,78.91,78.8,78.86,1400,2020-12-21 17:10:00,TXRH
78.78,78.78,78.76,78.76,200,2020-12-21 17:15:00,TXRH
78.8,79.02,78.8,79.02,2200,2020-12-21 17:20:00,TXRH
78.98,79.22,78.86,79.22,1600,2020-12-21 17:25:00,TXRH
79.18,79.26,79.13,79.195,2052,2020-12-21 17:30:00,TXRH
79.31,79.35,79.1512,79.35,1500,2020-12-21 17:35:00,TXRH
79.25,79.39,79.24,79.295,2122,2020-12-21 17:40:00,TXRH
79.32,79.5,79.32,79.48,1300,2020-12-21 17:45:00,TXRH
79.39,79.54,79.39,79.51,2255,2020-12-21 17:50:00,TXRH
79.46,79.74,79.43,79.74,2462,2020-12-21 17:55:00,TXRH
79.76,79.89,79.76,79.84,4884,2020-12-21 18:00:00,TXRH
79.84,80.06,79.8,80.06,3300,2020-12-21 18:05:00,TXRH
80.12,80.14,80.045,80.13,4100,2020-12-21 18:10:00,TXRH
80.125,80.21,80.03,80.185,5111,2020-12-21 18:15:00,TXRH
80.18,80.18,80.05,80.14,3928,2020-12-21 18:20:00,TXRH
80.08,80.13,80.02,80.055,2727,2020-12-21 18:25:00,TXRH
80.08,80.29,80.07,80.26,1600,2020-12-21 18:30:00,TXRH
80.31,80.33,80.22,80.22,2394,2020-12-21 18:35:00,TXRH
80.32,80.39,80.1,80.11,2328,2020-12-21 18:40:00,TXRH
80.14,80.27,80.075,80.11,2357,2020-12-21 18:45:00,TXRH
80.08,80.22,80.08,80.21,1001,2020-12-21 18:50:00,TXRH
80.235,80.74,80.235,80.61,7257,2020-12-21 18:55:00,TXRH
80.655,80.79,80.51,80.51,6822,2020-12-21 19:00:00,TXRH
80.425,80.425,80.26,80.29,1098,2020-12-21 19:05:00,TXRH
80.3,80.583,80.3,80.535,2274,2020-12-21 19:10:00,TXRH
80.55,80.55,80.44,80.53,1911,2020-12-21 19:15:00,TXRH
80.52,80.64,80.49,80.62,5773,2020-12-21 19:20:00,TXRH
80.61,80.63,80.49,80.535,4658,2020-12-21 19:25:00,TXRH
80.535,80.61,80.535,80.59,1306,2020-12-21 19:30:00,TXRH
80.65,80.725,80.575,80.59,2344,2020-12-21 19:35:00,TXRH
80.55,80.5515,80.445,80.55,3154,2020-12-21 19:40:00,TXRH
80.62,80.66,80.44,80.45,4427,2020-12-21 19:45:00,TXRH
80.48,80.495,80.4,80.41,3173,2020-12-21 19:50:00,TXRH
80.485,80.68,80.485,80.51,1900,2020-12-21 19:55:00,TXRH
80.54,80.58,80.46,80.46,800,2020-12-21 20:00:00,TXRH
80.47,80.47,80.31,80.35,4944,2020-12-21 20:05:00,TXRH
80.32,80.44,80.28,80.405,3049,2020-12-21 20:10:00,TXRH
80.37,80.45,80.27,80.28,2701,2020-12-21 20:15:00,TXRH
80.27,80.305,80.22,80.275,2215,2020-12-21 20:20:00,TXRH
80.23,80.29,80.21,80.25,1800,2020-12-21 20:25:00,TXRH
80.24,80.2425,80.14,80.15,7689,2020-12-21 20:30:00,TXRH
80.11,80.215,80.11,80.215,3509,2020-12-21 20:35:00,TXRH
80.215,80.245,80.1501,80.21,3029,2020-12-21 20:40:00,TXRH
80.17,80.235,80.17,80.2,7939,2020-12-21 20:45:00,TXRH
80.17,80.37,79.96,80.3175,24275,2020-12-21 20:50:00,TXRH
80.3,80.475,80.15,80.34,67505,2020-12-21 20:55:00,TXRH
80.34,80.34,80.34,80.34,217078,2020-12-21 21:00:00,TXRH
80.34,80.34,80.34,80.34,75803,2020-12-21 22:00:00,TXRH
80.47,80.47,80.105,80.22,3841,2020-12-22 14:30:00,TXRH
80.145,80.145,79.55,79.55,1500,2020-12-22 14:35:00,TXRH
79.53,79.53,79.53,79.53,100,2020-12-22 14:40:00,TXRH
79.82,79.9,79.675,79.675,752,2020-12-22 14:45:00,TXRH
79.595,79.6,79.59,79.59,300,2020-12-22 14:50:00,TXRH
79.72,79.73,79.59,79.59,1324,2020-12-22 14:55:00,TXRH
79.655,79.655,79.6,79.608,1053,2020-12-22 15:00:00,TXRH
79.785,79.93,79.785,79.93,300,2020-12-22 15:05:00,TXRH
80.08,80.08,79.64,79.64,1300,2020-12-22 15:10:00,TXRH
79.73,79.74,79.73,79.73,300,2020-12-22 15:15:00,TXRH
79.81,79.88,79.81,79.88,500,2020-12-22 15:20:00,TXRH
80.06,80.25,79.89,80.25,5118,2020-12-22 15:25:00,TXRH
80.14,80.46,80.12,80.2,2625,2020-12-22 15:30:00,TXRH
80.285,80.41,80.25,80.4,2900,2020-12-22 15:35:00,TXRH
80.425,80.6,80.42,80.42,2429,2020-12-22 15:40:00,TXRH
80.4,80.415,80.26,80.26,700,2020-12-22 15:45:00,TXRH
80.245,80.245,79.95,80.07,500,2020-12-22 15:50:00,TXRH
80.12,80.12,80.05,80.06,400,2020-12-22 15:55:00,TXRH
80.14,80.2,80.12,80.15,2200,2020-12-22 16:00:00,TXRH
80.4,80.47,80.375,80.42,1857,2020-12-22 16:05:00,TXRH
80.48,80.57,80.48,80.57,1200,2020-12-22 16:10:00,TXRH
80.6,80.72,80.6,80.63,1900,2020-12-22 16:15:00,TXRH
80.56,80.58,80.46,80.49,1900,2020-12-22 16:20:00,TXRH
80.46,80.515,80.4,80.49,700,2020-12-22 16:25:00,TXRH
80.5,80.5,80.29,80.34,1900,2020-12-22 16:30:00,TXRH
80.2,80.25,80.13,80.212,1003,2020-12-22 16:35:00,TXRH
80.29,80.355,80.22,80.22,1702,2020-12-22 16:40:00,TXRH
80.23,80.24,80.23,80.24,300,2020-12-22 16:45:00,TXRH
80.34,80.42,80.27,80.42,1800,2020-12-22 16:50:00,TXRH
80.45,80.52,80.44,80.51,1897,2020-12-22 16:55:00,TXRH
80.42,80.47,80.375,80.375,1800,2020-12-22 17:00:00,TXRH
80.29,80.49,80.29,80.475,1401,2020-12-22 17:10:00,TXRH
80.475,80.5,80.22,80.22,5164,2020-12-22 17:15:00,TXRH
80.24,80.25,80.08,80.12,4341,2020-12-22 17:20:00,TXRH
80.13,80.13,80.13,80.13,100,2020-12-22 17:25:00,TXRH
80.25,80.37,80.19,80.26,2571,2020-12-22 17:30:00,TXRH
80.33,80.36,80.29,80.32,7300,2020-12-22 17:35:00,TXRH
80.31,80.34,80.05,80.22,17380,2020-12-22 17:40:00,TXRH
80.27,80.34,80.14,80.2,10172,2020-12-22 17:45:00,TXRH
80.2,80.25,80.08,80.24,22270,2020-12-22 17:50:00,TXRH
80.22,80.225,80.05,80.05,16522,2020-12-22 17:55:00,TXRH
80.105,80.105,79.85,79.85,3702,2020-12-22 18:00:00,TXRH
79.92,79.95,79.87,79.95,3755,2020-12-22 18:05:00,TXRH
79.96,79.97,79.78,79.85,5628,2020-12-22 18:10:00,TXRH
79.89,80.05,79.88,79.96,10459,2020-12-22 18:15:00,TXRH
79.985,80.07,79.82,80.07,10982,2020-12-22 18:20:00,TXRH
80.08,80.34,79.91,80.3075,16358,2020-12-22 18:25:00,TXRH
80.32,80.32,80.3,80.32,1100,2020-12-22 18:30:00,TXRH
80.3,80.42,80.2,80.42,2217,2020-12-22 18:35:00,TXRH
80.34,80.37,80.18,80.335,2700,2020-12-22 18:40:00,TXRH
80.32,80.33,80.14,80.295,3378,2020-12-22 18:45:00,TXRH
80.295,80.295,80.18,80.18,1400,2020-12-22 18:50:00,TXRH
80.145,80.2245,80.1401,80.15,2562,2020-12-22 18:55:00,TXRH
80.235,80.24,80.04,80.235,6711,2020-12-22 19:00:00,TXRH
80.21,80.23,80.13,80.13,852,2020-12-22 19:05:00,TXRH
80.19,80.19,79.98,80.185,4457,2020-12-22 19:10:00,TXRH
80.175,80.38,80.175,80.38,1700,2020-12-22 19:15:00,TXRH
80.42,80.42,80.31,80.34,774,2020-12-22 19:20:00,TXRH
80.4,80.5099,80.36,80.4443,4562,2020-12-22 19:25:00,TXRH
80.44,80.54,80.415,80.5,1520,2020-12-22 19:30:00,TXRH
80.53,80.53,80.38,80.385,860,2020-12-22 19:35:00,TXRH
80.43,80.43,80.3,80.34,1002,2020-12-22 19:40:00,TXRH
80.26,80.37,80.2,80.37,2200,2020-12-22 19:45:00,TXRH
80.36,80.45,80.34,80.34,3100,2020-12-22 19:50:00,TXRH
80.47,80.56,80.43,80.56,1969,2020-12-22 19:55:00,TXRH
80.51,80.67,80.5,80.67,3487,2020-12-22 20:00:00,TXRH
80.64,80.68,80.59,80.66,2546,2020-12-22 20:05:00,TXRH
80.6,80.6,80.51,80.52,1772,2020-12-22 20:10:00,TXRH
80.57,80.59,80.52,80.52,800,2020-12-22 20:15:00,TXRH
80.51,80.62,80.48,80.62,2000,2020-12-22 20:20:00,TXRH
80.61,80.68,80.49,80.52,3071,2020-12-22 20:25:00,TXRH
80.44,80.6,80.43,80.55,2449,2020-12-22 20:30:00,TXRH
80.57,80.6,80.44,80.445,2500,2020-12-22 20:35:00,TXRH
80.37,80.55,80.34,80.55,4905,2020-12-22 20:40:00,TXRH
80.48,80.5,80.36,80.36,3566,2020-12-22 20:45:00,TXRH
80.3,80.39,80.3,80.39,5626,2020-12-22 20:50:00,TXRH
80.42,80.525,80.38,80.38,13685,2020-12-22 20:55:00,TXRH
80.44,80.44,80.44,80.44,49890,2020-12-22 21:00:00,TXRH
80.44,80.44,80.44,80.44,1939,2020-12-22 22:35:00,TXRH
80.44,80.44,80.44,80.44,1939,2020-12-22 23:00:00,TXRH
81.61,81.9165,80.525,80.525,9982,2020-12-23 14:30:00,TXRH
81.21,81.21,80.6,80.6,1318,2020-12-23 14:35:00,TXRH
80.65,80.83,80.51,80.83,500,2020-12-23 14:40:00,TXRH
80.665,80.665,80.3,80.37,2545,2020-12-23 14:45:00,TXRH
80.5,80.5,80.13,80.29,2266,2020-12-23 14:50:00,TXRH
80.23,80.265,80.1,80.25,1013,2020-12-23 14:55:00,TXRH
80.255,80.44,80.1565,80.1565,2664,2020-12-23 15:00:00,TXRH
80.265,80.285,79.86,80.1,2000,2020-12-23 15:05:00,TXRH
80.045,80.11,79.961,80.07,2610,2020-12-23 15:10:00,TXRH
80.02,80.07,79.64,79.89,2442,2020-12-23 15:15:00,TXRH
79.815,80.03,79.79,79.82,1750,2020-12-23 15:20:00,TXRH
79.73,79.82,79.68,79.7,1500,2020-12-23 15:25:00,TXRH
79.65,79.8,79.52,79.8,3815,2020-12-23 15:30:00,TXRH
79.835,79.99,79.81,79.965,3629,2020-12-23 15:35:00,TXRH
79.955,80.03,79.62,79.62,4024,2020-12-23 15:40:00,TXRH
79.66,79.91,79.5,79.91,4320,2020-12-23 15:45:00,TXRH
79.935,80.01,79.85,80.01,1645,2020-12-23 15:50:00,TXRH
79.97,80.15,79.88,80.12,3136,2020-12-23 15:55:00,TXRH
80.06,80.17,79.99,80.16,1600,2020-12-23 16:00:00,TXRH
80.19,80.19,80.1,80.16,900,2020-12-23 16:05:00,TXRH
80.16,80.37,80.155,80.26,1850,2020-12-23 16:10:00,TXRH
80.27,80.39,80.18,80.18,1942,2020-12-23 16:15:00,TXRH
80.26,80.32,79.99,80.06,29352,2020-12-23 16:20:00,TXRH
80.11,80.2,80.03,80.03,7546,2020-12-23 16:25:00,TXRH
80.03,80.03,79.79,79.83,10274,2020-12-23 16:30:00,TXRH
79.88,79.94,79.72,79.72,8667,2020-12-23 16:35:00,TXRH
79.79,79.97,79.755,79.97,4324,2020-12-23 16:40:00,TXRH
79.95,80.0,79.8104,80.0,5943,2020-12-23 16:45:00,TXRH
79.955,80.0,79.955,79.955,5113,2020-12-23 16:50:00,TXRH
79.99,79.99,79.8,79.87,4693,2020-12-23 16:55:00,TXRH
79.88,79.94,79.6443,79.67,6394,2020-12-23 17:00:00,TXRH
79.63,79.66,79.56,79.61,4169,2020-12-23 17:05:00,TXRH
79.615,79.63,79.59,79.61,2113,2020-12-23 17:10:00,TXRH
79.66,79.66,79.285,79.285,9079,2020-12-23 17:15:00,TXRH
79.27,79.54,79.25,79.485,5003,2020-12-23 17:20:00,TXRH
79.42,79.45,79.3,79.335,3749,2020-12-23 17:25:00,TXRH
79.33,79.38,79.225,79.37,5975,2020-12-23 17:30:00,TXRH
79.345,79.38,79.16,79.175,4667,2020-12-23 17:35:00,TXRH
79.175,79.23,79.095,79.095,1941,2020-12-23 17:40:00,TXRH
79.13,79.15,78.975,78.975,6336,2020-12-23 17:45:00,TXRH
79.0,79.0,78.77,78.77,3900,2020-12-23 17:50:00,TXRH
78.81,78.97,78.75,78.97,4923,2020-12-23 17:55:00,TXRH
78.925,78.98,78.88,78.93,2748,2020-12-23 18:00:00,TXRH
78.9,79.02,78.9,78.995,4893,2020-12-23 18:05:00,TXRH
79.02,79.29,79.01,79.245,4784,2020-12-23 18:10:00,TXRH
79.245,79.28,79.1,79.12,5600,2020-12-23 18:15:00,TXRH
79.1,79.13,79.04,79.1,3339,2020-12-23 18:20:00,TXRH
79.1,79.16,79.06,79.15,3401,2020-12-23 18:25:00,TXRH
79.15,79.24,79.13,79.19,3050,2020-12-23 18:30:00,TXRH
79.18,79.33,79.18,79.28,3346,2020-12-23 18:35:00,TXRH
79.27,79.34,79.23,79.23,3329,2020-12-23 18:40:00,TXRH
79.26,79.52,79.26,79.47,4846,2020-12-23 18:45:00,TXRH
79.52,79.6,79.32,79.38,3511,2020-12-23 18:50:00,TXRH
79.37,79.4,79.31,79.36,700,2020-12-23 18:55:00,TXRH
79.32,79.42,79.32,79.385,1508,2020-12-23 19:00:00,TXRH
79.41,79.43,79.37,79.425,2100,2020-12-23 19:05:00,TXRH
79.43,79.48,79.32,79.36,3033,2020-12-23 19:10:00,TXRH
79.37,79.37,79.1,79.165,6543,2020-12-23 19:15:00,TXRH
79.155,79.155,79.145,79.145,800,2020-12-23 19:20:00,TXRH
79.145,79.25,79.09,79.25,23234,2020-12-23 19:25:00,TXRH
79.28,79.56,79.28,79.56,3739,2020-12-23 19:30:00,TXRH
79.56,79.605,79.505,79.58,5920,2020-12-23 19:35:00,TXRH
79.62,79.79,79.55,79.79,2881,2020-12-23 19:40:00,TXRH
79.79,79.79,79.61,79.68,3568,2020-12-23 19:45:00,TXRH
79.64,79.67,79.58,79.6,7176,2020-12-23 19:50:00,TXRH
79.59,79.68,79.575,79.63,4800,2020-12-23 19:55:00,TXRH
79.58,79.64,79.55,79.555,4023,2020-12-23 20:00:00,TXRH
79.52,79.66,79.52,79.66,1900,2020-12-23 20:05:00,TXRH
79.7,79.87,79.67,79.84,3392,2020-12-23 20:10:00,TXRH
79.87,79.87,79.7201,79.74,4788,2020-12-23 20:15:00,TXRH
79.765,79.765,79.7,79.72,2839,2020-12-23 20:20:00,TXRH
79.72,79.72,79.59,79.65,5964,2020-12-23 20:25:00,TXRH
79.65,79.77,79.63,79.745,5126,2020-12-23 20:30:00,TXRH
79.745,79.87,79.73,79.835,6475,2020-12-23 20:35:00,TXRH
79.91,80.16,79.85,80.16,4823,2020-12-23 20:40:00,TXRH
80.16,80.22,80.015,80.05,25093,2020-12-23 20:45:00,TXRH
80.0,80.02,79.86,80.0,13519,2020-12-23 20:50:00,TXRH
79.97,80.07,79.83,79.9,27702,2020-12-23 20:55:00,TXRH
79.88,79.88,79.88,79.88,51705,2020-12-23 21:00:00,TXRH
79.88,79.88,79.88,79.88,3514,2020-12-23 22:15:00,TXRH
80.34,80.605,79.55,79.55,5226,2020-12-24 14:30:00,TXRH
79.79,79.865,79.56,79.78,2636,2020-12-24 14:35:00,TXRH
80.0,80.0,80.0,80.0,200,2020-12-24 14:40:00,TXRH
79.85,80.1157,79.625,80.01,3009,2020-12-24 14:45:00,TXRH
79.95,79.95,79.95,79.95,100,2020-12-24 14:50:00,TXRH
79.89,80.22,79.89,80.06,4211,2020-12-24 14:55:00,TXRH
80.1,80.2,80.0,80.02,1520,2020-12-24 15:00:00,TXRH
79.99,80.41,79.99,80.4048,2700,2020-12-24 15:05:00,TXRH
80.32,80.39,80.16,80.36,8875,2020-12-24 15:10:00,TXRH
80.26,80.36,80.2,80.36,900,2020-12-24 15:15:00,TXRH
80.26,80.26,79.8601,79.8601,523,2020-12-24 15:20:00,TXRH
79.88,80.2,79.88,80.035,1572,2020-12-24 15:25:00,TXRH
80.19,80.2639,79.9334,80.2639,900,2020-12-24 15:30:00,TXRH
80.15,80.15,79.93,79.94,1103,2020-12-24 15:35:00,TXRH
79.94,80.22,79.94,80.15,3058,2020-12-24 15:40:00,TXRH
80.19,80.31,80.19,80.2,1117,2020-12-24 15:45:00,TXRH
80.33,80.49,80.33,80.45,1300,2020-12-24 15:50:00,TXRH
80.39,80.39,80.21,80.23,1000,2020-12-24 15:55:00,TXRH
80.235,80.33,80.235,80.33,417,2020-12-24 16:00:00,TXRH
80.2,80.2,80.18,80.18,800,2020-12-24 16:05:00,TXRH
80.15,80.35,80.08,80.295,4744,2020-12-24 16:10:00,TXRH
80.25,80.25,80.07,80.07,900,2020-12-24 16:15:00,TXRH
80.055,80.055,80.055,80.055,500,2020-12-24 16:20:00,TXRH
79.9,79.96,79.88,79.89,1600,2020-12-24 16:25:00,TXRH
79.895,80.11,79.895,80.105,3807,2020-12-24 16:30:00,TXRH
80.085,80.11,80.01,80.01,2110,2020-12-24 16:35:00,TXRH
79.8,79.81,79.8,79.81,300,2020-12-24 16:40:00,TXRH
79.895,79.895,79.62,79.66,900,2020-12-24 16:45:00,TXRH
79.8,79.95,79.77,79.895,2300,2020-12-24 16:50:00,TXRH
79.82,79.885,79.75,79.75,1800,2020-12-24 16:55:00,TXRH
79.795,79.795,79.705,79.705,900,2020-12-24 17:00:00,TXRH
79.64,79.75,79.64,79.74,3283,2020-12-24 17:05:00,TXRH
79.71,79.76,79.67,79.67,1898,2020-12-24 17:10:00,TXRH
79.67,79.67,79.55,79.56,1126,2020-12-24 17:15:00,TXRH
79.59,79.69,79.54,79.64,2600,2020-12-24 17:20:00,TXRH
79.74,79.76,79.7,79.73,1200,2020-12-24 17:25:00,TXRH
79.76,79.79,79.68,79.69,1919,2020-12-24 17:30:00,TXRH
79.63,79.78,79.63,79.78,1658,2020-12-24 17:35:00,TXRH
79.75,79.75,79.66,79.67,1800,2020-12-24 17:40:00,TXRH
79.685,79.85,79.68,79.85,2907,2020-12-24 17:45:00,TXRH
79.88,79.96,79.8,79.96,5408,2020-12-24 17:50:00,TXRH
80.0,80.03,79.83,79.94,7053,2020-12-24 17:55:00,TXRH
79.96,79.96,79.96,79.96,17354,2020-12-24 18:00:00,TXRH
81.16,81.16,80.36,80.36,3593,2020-12-28 14:30:00,TXRH
80.6159,80.6159,79.81,79.81,2041,2020-12-28 14:35:00,TXRH
79.9,79.91,79.71,79.71,1185,2020-12-28 14:40:00,TXRH
79.815,79.87,79.38,79.87,1650,2020-12-28 14:45:00,TXRH
79.7684,79.96,79.58,79.7737,2327,2020-12-28 14:50:00,TXRH
79.71,80.29,79.71,80.16,1900,2020-12-28 14:55:00,TXRH
79.88,80.4,79.88,79.905,1500,2020-12-28 15:00:00,TXRH
79.69,79.69,79.69,79.69,100,2020-12-28 15:05:00,TXRH
79.76,80.04,79.76,79.97,1637,2020-12-28 15:10:00,TXRH
79.88,79.88,79.65,79.75,2262,2020-12-28 15:15:00,TXRH
79.74,80.07,79.74,79.95,1400,2020-12-28 15:20:00,TXRH
80.2758,80.31,79.86,79.9,1350,2020-12-28 15:25:00,TXRH
80.09,80.15,80.01,80.04,1037,2020-12-28 15:30:00,TXRH
80.04,80.18,80.04,80.17,900,2020-12-28 15:35:00,TXRH
80.23,80.23,80.23,80.23,500,2020-12-28 15:40:00,TXRH
80.4,80.47,80.13,80.47,900,2020-12-28 15:45:00,TXRH
80.51,80.51,80.44,80.44,325,2020-12-28 15:50:00,TXRH
80.47,80.5,80.25,80.5,600,2020-12-28 15:55:00,TXRH
80.37,80.5,80.22,80.2973,10049,2020-12-28 16:00:00,TXRH
80.38,80.73,80.38,80.73,1816,2020-12-28 16:05:00,TXRH
80.58,80.58,80.58,80.58,200,2020-12-28 16:10:00,TXRH
80.4723,80.4723,80.37,80.37,900,2020-12-28 16:15:00,TXRH
80.33,80.33,80.31,80.31,300,2020-12-28 16:25:00,TXRH
80.17,80.4,80.17,80.2246,1200,2020-12-28 16:30:00,TXRH
80.18,80.42,80.18,80.42,1100,2020-12-28 16:35:00,TXRH
80.4015,80.4015,79.965,80.135,5157,2020-12-28 16:40:00,TXRH
80.235,80.235,80.155,80.155,200,2020-12-28 16:45:00,TXRH
80.07,80.07,80.07,80.07,244,2020-12-28 16:50:00,TXRH
80.07,80.07,79.61,79.78,1000,2020-12-28 16:55:00,TXRH
79.55,79.77,79.55,79.77,606,2020-12-28 17:00:00,TXRH
79.74,79.82,79.685,79.82,1300,2020-12-28 17:05:00,TXRH
79.85,80.01,79.85,80.01,1439,2020-12-28 17:10:00,TXRH
80.035,80.035,79.845,79.845,710,2020-12-28 17:15:00,TXRH
79.86,80.24,79.85,80.24,2639,2020-12-28 17:20:00,TXRH
80.145,80.29,80.13,80.16,1000,2020-12-28 17:25:00,TXRH
80.2,80.3,80.2,80.3,1055,2020-12-28 17:30:00,TXRH
80.32,80.42,80.32,80.42,600,2020-12-28 17:35:00,TXRH
80.31,80.31,80.18,80.28,1200,2020-12-28 17:40:00,TXRH
80.29,80.36,80.29,80.32,600,2020-12-28 17:45:00,TXRH
80.27,80.2764,80.1,80.1,1324,2020-12-28 17:50:00,TXRH
80.22,80.31,80.12,80.31,1707,2020-12-28 17:55:00,TXRH
80.33,80.35,80.31,80.32,1000,2020-12-28 18:00:00,TXRH
80.335,80.41,80.33,80.34,1300,2020-12-28 18:05:00,TXRH
80.35,80.37,80.31,80.31,300,2020-12-28 18:10:00,TXRH
80.25,80.32,80.25,80.32,400,2020-12-28 18:15:00,TXRH
80.35,80.4,80.35,80.37,1000,2020-12-28 18:20:00,TXRH
80.35,80.48,80.345,80.345,2300,2020-12-28 18:25:00,TXRH
80.24,80.265,80.18,80.18,601,2020-12-28 18:30:00,TXRH
80.29,80.37,80.22,80.37,614,2020-12-28 18:35:00,TXRH
80.19,80.24,80.1621,80.1621,1041,2020-12-28 18:40:00,TXRH
80.13,80.27,80.13,80.27,1100,2020-12-28 18:45:00,TXRH
80.36,80.36,80.21,80.21,400,2020-12-28 18:50:00,TXRH
80.15,80.3,80.15,80.185,1507,2020-12-28 18:55:00,TXRH
80.12,80.34,80.12,80.34,1100,2020-12-28 19:00:00,TXRH
80.33,80.33,80.2,80.2,400,2020-12-28 19:05:00,TXRH
80.29,80.45,80.29,80.39,700,2020-12-28 19:10:00,TXRH
80.46,80.5,80.445,80.5,730,2020-12-28 19:15:00,TXRH
80.51,80.595,80.485,80.54,615,2020-12-28 19:20:00,TXRH
80.56,80.59,80.49,80.495,1500,2020-12-28 19:25:00,TXRH
80.54,80.57,80.45,80.57,10159,2020-12-28 19:30:00,TXRH
80.56,80.64,80.53,80.62,2320,2020-12-28 19:35:00,TXRH
80.67,80.73,80.62,80.685,4715,2020-12-28 19:40:00,TXRH
80.7,80.72,80.6,80.64,3330,2020-12-28 19:45:00,TXRH
80.625,80.625,80.42,80.42,2091,2020-12-28 19:50:00,TXRH
80.45,80.495,80.38,80.48,2626,2020-12-28 19:55:00,TXRH
80.53,80.55,80.47,80.55,3112,2020-12-28 20:00:00,TXRH
80.5,80.5,80.38,80.46,3498,2020-12-28 20:05:00,TXRH
80.45,80.57,80.41,80.52,2498,2020-12-28 20:10:00,TXRH
80.515,80.57,80.42,80.465,1700,2020-12-28 20:15:00,TXRH
80.45,80.52,80.44,80.52,2230,2020-12-28 20:20:00,TXRH
80.49,80.52,80.26,80.2721,5400,2020-12-28 20:25:00,TXRH
80.26,80.26,80.06,80.08,5592,2020-12-28 20:30:00,TXRH
80.115,80.15,79.9,80.025,4700,2020-12-28 20:35:00,TXRH
80.0,80.17,79.94,80.16,5760,2020-12-28 20:40:00,TXRH
80.13,80.16,80.06,80.08,5763,2020-12-28 20:45:00,TXRH
80.06,80.06,79.89,79.935,15989,2020-12-28 20:50:00,TXRH
79.935,80.15,79.88,80.03,31375,2020-12-28 20:55:00,TXRH
80.0,80.0,80.0,80.0,51503,2020-12-28 21:00:00,TXRH
80.0,80.0,80.0,80.0,3704,2020-12-28 22:10:00,TXRH
80.52,80.81,80.2,80.2,3907,2020-12-29 14:30:00,TXRH
79.8,79.81,79.28,79.5,1526,2020-12-29 14:35:00,TXRH
79.29,79.94,79.28,79.93,1799,2020-12-29 14:40:00,TXRH
79.94,80.115,79.82,80.02,1500,2020-12-29 14:45:00,TXRH
79.88,80.02,79.51,79.51,1200,2020-12-29 14:50:00,TXRH
79.52,79.54,79.18,79.23,1900,2020-12-29 14:55:00,TXRH
79.29,79.59,79.12,79.38,3873,2020-12-29 15:00:00,TXRH
79.392,79.52,79.02,79.5,5222,2020-12-29 15:05:00,TXRH
79.35,79.63,79.3,79.45,5159,2020-12-29 15:10:00,TXRH
79.41,79.41,79.21,79.25,2071,2020-12-29 15:15:00,TXRH
79.17,79.32,78.75,79.03,6276,2020-12-29 15:20:00,TXRH
79.15,79.43,78.99,79.41,8067,2020-12-29 15:25:00,TXRH
79.44,79.5,79.35,79.36,2663,2020-12-29 15:30:00,TXRH
79.425,79.425,79.25,79.31,2985,2020-12-29 15:35:00,TXRH
79.34,79.63,79.26,79.55,1937,2020-12-29 15:40:00,TXRH
79.42,79.59,79.4,79.58,1182,2020-12-29 15:45:00,TXRH
79.43,79.4854,79.24,79.25,3521,2020-12-29 15:50:00,TXRH
79.34,79.85,79.34,79.7475,7224,2020-12-29 15:55:00,TXRH
79.78,79.8284,79.38,79.4,4418,2020-12-29 16:00:00,TXRH
79.39,79.49,79.25,79.4,1611,2020-12-29 16:05:00,TXRH
79.3155,79.4,79.22,79.3542,3270,2020-12-29 16:10:00,TXRH
79.34,79.38,79.27,79.36,1008,2020-12-29 16:15:00,TXRH
79.34,79.37,79.29,79.29,1858,2020-12-29 16:20:00,TXRH
79.27,79.46,79.22,79.22,3068,2020-12-29 16:25:00,TXRH
79.2,79.2,78.99,79.1,800,2020-12-29 16:30:00,TXRH
78.95,79.1,78.95,79.04,900,2020-12-29 16:35:00,TXRH
79.03,79.06,78.83,78.97,3503,2020-12-29 16:40:00,TXRH
78.95,79.03,78.8548,78.91,1671,2020-12-29 16:45:00,TXRH
78.99,79.08,78.978,79.08,3411,2020-12-29 16:50:00,TXRH
79.1,79.2,79.06,79.14,2100,2020-12-29 16:55:00,TXRH
79.11,79.17,78.98,79.17,2538,2020-12-29 17:00:00,TXRH
79.1,79.18,79.04,79.18,600,2020-12-29 17:05:00,TXRH
79.18,79.18,78.91,78.91,1600,2020-12-29 17:10:00,TXRH
78.91,79.04,78.91,79.0,500,2020-12-29 17:15:00,TXRH
78.85,78.96,78.83,78.83,1036,2020-12-29 17:20:00,TXRH
78.75,79.0,78.61,78.88,2647,2020-12-29 17:25:00,TXRH
78.79,78.79,78.74,78.74,400,2020-12-29 17:30:00,TXRH
78.8,78.8,78.52,78.52,944,2020-12-29 17:35:00,TXRH
78.47,78.8,78.47,78.8,1803,2020-12-29 17:40:00,TXRH
78.68,78.68,78.575,78.575,750,2020-12-29 17:45:00,TXRH
78.46,78.5,78.35,78.35,1437,2020-12-29 17:50:00,TXRH
78.375,78.69,78.37,78.68,4343,2020-12-29 17:55:00,TXRH
78.69,78.76,78.65,78.67,1100,2020-12-29 18:00:00,TXRH
78.65,78.71,78.49,78.49,500,2020-12-29 18:05:00,TXRH
78.48,78.645,78.44,78.645,1317,2020-12-29 18:10:00,TXRH
78.63,78.76,78.63,78.76,500,2020-12-29 18:15:00,TXRH
78.65,78.66,78.65,78.66,300,2020-12-29 18:20:00,TXRH
78.77,78.85,78.7,78.75,600,2020-12-29 18:25:00,TXRH
78.8634,78.8634,78.74,78.75,677,2020-12-29 18:30:00,TXRH
78.75,78.79,78.69,78.765,1938,2020-12-29 18:35:00,TXRH
78.78,78.78,78.71,78.71,1469,2020-12-29 18:40:00,TXRH
78.75,78.84,78.75,78.81,900,2020-12-29 18:45:00,TXRH
78.85,79.0,78.835,79.0,2747,2020-12-29 18:50:00,TXRH
78.99,79.05,78.965,79.04,4090,2020-12-29 18:55:00,TXRH
78.98,78.98,78.63,78.78,2283,2020-12-29 19:00:00,TXRH
78.8,78.8,78.54,78.6,1600,2020-12-29 19:05:00,TXRH
78.59,78.595,78.45,78.45,1599,2020-12-29 19:10:00,TXRH
78.515,78.565,78.41,78.47,1300,2020-12-29 19:15:00,TXRH
78.535,78.535,78.415,78.47,1165,2020-12-29 19:20:00,TXRH
78.43,78.66,78.43,78.66,3072,2020-12-29 19:25:00,TXRH
78.54,78.71,78.5,78.71,1806,2020-12-29 19:30:00,TXRH
78.7,78.7,78.55,78.5501,1960,2020-12-29 19:35:00,TXRH
78.61,78.65,78.55,78.62,1725,2020-12-29 19:40:00,TXRH
78.67,78.68,78.56,78.65,819,2020-12-29 19:45:00,TXRH
78.68,78.7,78.55,78.6,1500,2020-12-29 19:50:00,TXRH
78.6,78.6,78.5,78.5,650,2020-12-29 19:55:00,TXRH
78.495,78.64,78.495,78.62,3341,2020-12-29 20:00:00,TXRH
78.57,78.72,78.55,78.64,4516,2020-12-29 20:05:00,TXRH
78.69,78.76,78.69,78.76,1700,2020-12-29 20:10:00,TXRH
78.825,78.85,78.67,78.75,2085,2020-12-29 20:15:00,TXRH
78.76,78.98,78.75,78.91,2000,2020-12-29 20:20:00,TXRH
78.88,78.9418,78.7,78.93,1868,2020-12-29 20:25:00,TXRH
78.87,79.01,78.87,78.94,1100,2020-12-29 20:30:00,TXRH
78.94,79.05,78.9,79.03,7275,2020-12-29 20:35:00,TXRH
79.03,79.07,78.9,78.9,7025,2020-12-29 20:40:00,TXRH
78.945,79.045,78.85,79.0,4464,2020-12-29 20:45:00,TXRH
79.0,79.0,78.855,78.995,12574,2020-12-29 20:50:00,TXRH
79.0217,79.0217,78.82,78.99,27990,2020-12-29 20:55:00,TXRH
78.96,78.96,78.96,78.96,44105,2020-12-29 21:00:00,TXRH
79.03,79.63,79.03,79.33,3139,2020-12-30 14:30:00,TXRH
79.45,79.96,79.45,79.87,2127,2020-12-30 14:35:00,TXRH
79.86,79.93,79.54,79.54,2675,2020-12-30 14:40:00,TXRH
79.95,79.95,79.65,79.65,1000,2020-12-30 14:45:00,TXRH
79.76,79.76,79.3,79.42,2610,2020-12-30 14:50:00,TXRH
79.4417,79.6,79.115,79.51,2250,2020-12-30 14:55:00,TXRH
79.31,79.89,79.31,79.61,12612,2020-12-30 15:00:00,TXRH
79.6,79.805,79.54,79.54,4700,2020-12-30 15:05:00,TXRH
79.56,79.57,79.48,79.48,600,2020-12-30 15:10:00,TXRH
79.57,79.57,79.27,79.27,1900,2020-12-30 15:15:00,TXRH
79.39,79.4,79.19,79.31,2165,2020-12-30 15:20:00,TXRH
79.21,79.22,79.12,79.15,1200,2020-12-30 15:25:00,TXRH
79.235,79.45,79.15,79.45,3703,2020-12-30 15:30:00,TXRH
79.37,79.37,78.88,78.88,3912,2020-12-30 15:35:00,TXRH
78.74,78.74,78.4,78.4,2917,2020-12-30 15:40:00,TXRH
78.37,78.64,78.37,78.64,14240,2020-12-30 15:45:00,TXRH
78.645,78.645,78.22,78.22,6300,2020-12-30 15:50:00,TXRH
78.21,78.21,78.0,78.03,3300,2020-12-30 15:55:00,TXRH
78.17,78.3,78.05,78.18,15402,2020-12-30 16:00:00,TXRH
78.185,78.36,78.11,78.23,25615,2020-12-30 16:05:00,TXRH
78.17,78.2065,77.92,77.92,25948,2020-12-30 16:10:00,TXRH
77.92,78.0,77.91,77.995,4127,2020-12-30 16:15:00,TXRH
77.98,78.002,77.77,77.81,3195,2020-12-30 16:20:00,TXRH
77.79,77.89,77.69,77.71,4495,2020-12-30 16:25:00,TXRH
77.7,77.7,77.45,77.53,3519,2020-12-30 16:30:00,TXRH
77.6,77.98,77.59,77.765,3940,2020-12-30 16:35:00,TXRH
77.61,77.91,77.56,77.9,2370,2020-12-30 16:40:00,TXRH
77.88,77.99,77.75,77.75,5775,2020-12-30 16:45:00,TXRH
77.7,77.75,77.57,77.57,3523,2020-12-30 16:50:00,TXRH
77.57,77.63,77.48,77.63,3700,2020-12-30 16:55:00,TXRH
77.54,77.69,77.42,77.59,5975,2020-12-30 17:00:00,TXRH
77.7,77.82,77.695,77.7878,1712,2020-12-30 17:05:00,TXRH
77.63,77.79,77.56,77.77,7425,2020-12-30 17:10:00,TXRH
77.79,78.03,77.79,78.03,2700,2020-12-30 17:15:00,TXRH
78.03,78.18,77.985,78.0,3300,2020-12-30 17:20:00,TXRH
77.93,78.08,77.77,77.77,2311,2020-12-30 17:25:00,TXRH
77.78,77.84,77.6,77.7,3833,2020-12-30 17:30:00,TXRH
77.82,77.9,77.81,77.9,1000,2020-12-30 17:35:00,TXRH
78.04,78.1,78.04,78.08,600,2020-12-30 17:40:00,TXRH
77.96,78.0,77.83,77.83,1003,2020-12-30 17:45:00,TXRH
77.83,78.02,77.72,78.02,7929,2020-12-30 17:50:00,TXRH
78.02,78.03,77.975,78.03,600,2020-12-30 17:55:00,TXRH
78.03,78.17,78.03,78.14,4422,2020-12-30 18:00:00,TXRH
78.09,78.09,77.93,77.9578,1240,2020-12-30 18:05:00,TXRH
77.89,77.935,77.8,77.92,1900,2020-12-30 18:10:00,TXRH
77.9,77.92,77.88,77.88,1400,2020-12-30 18:15:00,TXRH
77.94,78.0,77.86,78.0,6991,2020-12-30 18:20:00,TXRH
78.06,78.06,77.92,77.92,800,2020-12-30 18:25:00,TXRH
77.98,78.0,77.98,77.99,600,2020-12-30 18:30:00,TXRH
78.05,78.07,77.97,77.97,2000,2020-12-30 18:35:00,TXRH
77.99,78.14,77.99,78.14,2500,2020-12-30 18:40:00,TXRH
78.18,78.21,78.18,78.21,200,2020-12-30 18:45:00,TXRH
78.2,78.21,78.1,78.1,2495,2020-12-30 18:50:00,TXRH
77.99,78.09,77.92,78.01,3656,2020-12-30 18:55:00,TXRH
77.91,77.93,77.86,77.925,1782,2020-12-30 19:00:00,TXRH
77.92,77.95,77.85,77.92,3468,2020-12-30 19:05:00,TXRH
77.895,78.03,77.83,78.03,4513,2020-12-30 19:10:00,TXRH
78.0,78.0,77.98,77.99,572,2020-12-30 19:15:00,TXRH
77.93,78.01,77.92,78.01,2500,2020-12-30 19:20:00,TXRH
77.98,78.05,77.93,77.95,5024,2020-12-30 19:25:00,TXRH
77.945,77.97,77.81,77.81,2924,2020-12-30 19:30:00,TXRH
77.78,77.79,77.78,77.78,400,2020-12-30 19:35:00,TXRH
77.78,77.9,77.66,77.84,13363,2020-12-30 19:40:00,TXRH
77.82,77.87,77.82,77.86,1300,2020-12-30 19:45:00,TXRH
77.86,77.86,77.64,77.64,1279,2020-12-30 19:50:00,TXRH
77.64,77.735,77.64,77.73,2989,2020-12-30 19:55:00,TXRH
77.7,77.7,77.65,77.65,1500,2020-12-30 20:00:00,TXRH
77.65,77.71,77.595,77.71,3609,2020-12-30 20:05:00,TXRH
77.74,77.86,77.74,77.845,2000,2020-12-30 20:10:00,TXRH
77.81,77.84,77.77,77.82,1988,2020-12-30 20:15:00,TXRH
77.82,77.87,77.78,77.78,1400,2020-12-30 20:20:00,TXRH
77.88,77.9,77.79,77.815,3481,2020-12-30 20:25:00,TXRH
77.825,78.07,77.81,78.025,10293,2020-12-30 20:30:00,TXRH
78.035,78.18,78.02,78.07,4234,2020-12-30 20:35:00,TXRH
78.07,78.07,77.86,77.86,2400,2020-12-30 20:40:00,TXRH
77.82,77.91,77.66,77.71,5519,2020-12-30 20:45:00,TXRH
77.755,77.86,77.755,77.82,9300,2020-12-30 20:50:00,TXRH
77.795,77.795,77.62,77.64,22102,2020-12-30 20:55:00,TXRH
77.64,77.64,77.64,77.64,72418,2020-12-30 21:00:00,TXRH
77.64,77.64,77.64,77.64,8862,2020-12-30 22:15:00,TXRH
77.2,77.2,76.345,76.47,11653,2020-12-31 14:30:00,TXRH
76.66,76.97,76.55,76.81,1775,2020-12-31 14:35:00,TXRH
76.8067,77.0,76.6201,76.78,4968,2020-12-31 14:40:00,TXRH
76.94,76.99,76.81,76.925,4100,2020-12-31 14:45:00,TXRH
76.85,77.04,76.58,77.04,3800,2020-12-31 14:50:00,TXRH
76.99,77.23,76.95,77.015,10713,2020-12-31 14:55:00,TXRH
76.97,77.15,76.97,77.15,2333,2020-12-31 15:00:00,TXRH
77.15,77.25,76.91,77.072,8600,2020-12-31 15:05:00,TXRH
76.94,77.2262,76.92,77.2262,2100,2020-12-31 15:10:00,TXRH
77.22,77.5,77.22,77.5,1000,2020-12-31 15:15:00,TXRH
77.645,77.645,77.37,77.4395,1452,2020-12-31 15:20:00,TXRH
77.29,77.41,77.2,77.345,2439,2020-12-31 15:25:00,TXRH
77.345,77.47,77.26,77.37,2100,2020-12-31 15:30:00,TXRH
77.47,77.58,77.47,77.51,3400,2020-12-31 15:35:00,TXRH
77.46,77.57,77.4,77.535,7300,2020-12-31 15:40:00,TXRH
77.57,77.79,77.57,77.735,1724,2020-12-31 15:45:00,TXRH
77.735,77.92,77.68,77.83,4011,2020-12-31 15:50:00,TXRH
77.865,77.865,77.6767,77.71,4193,2020-12-31 15:55:00,TXRH
77.71,77.8,77.64,77.79,2000,2020-12-31 16:00:00,TXRH
77.85,77.86,77.73,77.73,5452,2020-12-31 16:05:00,TXRH
77.675,77.69,77.675,77.69,200,2020-12-31 16:10:00,TXRH
77.75,77.76,77.66,77.66,4587,2020-12-31 16:15:00,TXRH
77.66,77.66,77.32,77.32,4329,2020-12-31 16:20:00,TXRH
77.325,77.325,77.14,77.14,1800,2020-12-31 16:25:00,TXRH
77.115,77.31,77.115,77.25,4033,2020-12-31 16:30:00,TXRH
77.1925,77.38,77.17,77.35,4058,2020-12-31 16:35:00,TXRH
77.375,77.44,77.375,77.43,2075,2020-12-31 16:40:00,TXRH
77.39,77.39,77.27,77.2854,5821,2020-12-31 16:45:00,TXRH
77.31,77.31,77.205,77.25,4779,2020-12-31 16:50:00,TXRH
77.32,77.38,77.3,77.35,3944,2020-12-31 16:55:00,TXRH
77.45,77.5,77.45,77.465,1553,2020-12-31 17:00:00,TXRH
77.465,77.52,77.41,77.475,972,2020-12-31 17:05:00,TXRH
77.52,77.815,77.52,77.815,2433,2020-12-31 17:10:00,TXRH
77.815,77.9,77.74,77.79,5484,2020-12-31 17:15:00,TXRH
77.75,77.79,77.67,77.75,17335,2020-12-31 17:20:00,TXRH
77.745,77.81,77.68,77.705,26206,2020-12-31 17:25:00,TXRH
77.73,77.75,77.65,77.68,7779,2020-12-31 17:30:00,TXRH
77.71,77.71,77.5,77.54,5149,2020-12-31 17:35:00,TXRH
77.555,77.59,77.47,77.49,7598,2020-12-31 17:40:00,TXRH
77.52,77.72,77.49,77.63,38627,2020-12-31 17:45:00,TXRH
77.65,77.72,77.59,77.665,24171,2020-12-31 17:50:00,TXRH
77.63,78.1395,77.63,78.13,14816,2020-12-31 17:55:00,TXRH
78.17,78.48,78.135,78.48,4340,2020-12-31 18:00:00,TXRH
78.41,78.41,78.215,78.215,3293,2020-12-31 18:05:00,TXRH
78.215,78.44,78.17,78.37,3223,2020-12-31 18:10:00,TXRH
78.37,78.5,78.34,78.35,3191,2020-12-31 18:15:00,TXRH
78.35,78.35,78.0,78.065,2900,2020-12-31 18:20:00,TXRH
78.04,78.12,78.02,78.075,1600,2020-12-31 18:25:00,TXRH
78.095,78.23,78.06,78.23,1165,2020-12-31 18:30:00,TXRH
78.16,78.3318,78.12,78.3318,2304,2020-12-31 18:35:00,TXRH
78.33,78.33,78.13,78.19,3000,2020-12-31 18:40:00,TXRH
78.2,78.2,78.15,78.2,300,2020-12-31 18:45:00,TXRH
78.2,78.255,78.09,78.25,3200,2020-12-31 18:50:00,TXRH
78.28,78.405,78.225,78.225,2781,2020-12-31 18:55:00,TXRH
78.205,78.25,78.17,78.25,800,2020-12-31 19:00:00,TXRH
78.25,78.29,78.12,78.19,3878,2020-12-31 19:05:00,TXRH
78.26,78.39,78.24,78.3271,687,2020-12-31 19:10:00,TXRH
78.4,78.42,78.39,78.39,911,2020-12-31 19:15:00,TXRH
78.36,78.37,78.34,78.37,1596,2020-12-31 19:20:00,TXRH
78.4,78.47,78.32,78.34,3563,2020-12-31 19:25:00,TXRH
78.34,78.62,78.34,78.61,1400,2020-12-31 19:30:00,TXRH
78.57,78.57,78.47,78.51,2300,2020-12-31 19:35:00,TXRH
78.55,78.64,78.53,78.6,600,2020-12-31 19:40:00,TXRH
78.59,78.71,78.53,78.71,3055,2020-12-31 19:45:00,TXRH
78.655,78.6787,78.54,78.575,2085,2020-12-31 19:50:00,TXRH
78.57,78.57,78.5,78.515,2000,2020-12-31 19:55:00,TXRH
78.515,78.57,78.51,78.555,1506,2020-12-31 20:00:00,TXRH
78.55,78.73,78.55,78.655,1100,2020-12-31 20:05:00,TXRH
78.655,78.72,78.65,78.72,1000,2020-12-31 20:10:00,TXRH
78.69,78.72,78.64,78.7,6347,2020-12-31 20:15:00,TXRH
78.7,78.72,78.6672,78.685,2023,2020-12-31 20:20:00,TXRH
78.685,78.76,78.5,78.5,6875,2020-12-31 20:25:00,TXRH
78.515,78.57,78.48,78.555,2708,2020-12-31 20:30:00,TXRH
78.57,78.67,78.56,78.65,4000,2020-12-31 20:35:00,TXRH
78.63,78.79,78.54,78.735,9453,2020-12-31 20:40:00,TXRH
78.715,78.715,78.58,78.62,4974,2020-12-31 20:45:00,TXRH
78.55,78.67,78.23,78.31,21672,2020-12-31 20:50:00,TXRH
78.285,78.33,78.12,78.16,43608,2020-12-31 20:55:00,TXRH
78.16,78.16,78.16,78.16,90249,2020-12-31 21:00:00,TXRH
78.16,78.16,78.16,78.16,89315,2020-12-31 21:45:00,TXRH
78.16,78.16,78.16,78.16,1767,2020-12-31 21:55:00,TXRH
78.48,78.48,77.66,77.66,6257,2021-01-04 14:30:00,TXRH
77.21,77.28,76.97,77.09,3377,2021-01-04 14:35:00,TXRH
76.93,77.09,76.75,76.81,6503,2021-01-04 14:40:00,TXRH
77.0575,77.0575,76.17,76.295,4454,2021-01-04 14:45:00,TXRH
76.18,76.25,75.9,75.9,19338,2021-01-04 14:50:00,TXRH
75.96,76.34,75.9,75.9,26364,2021-01-04 14:55:00,TXRH
76.0,76.1,75.4,75.41,20986,2021-01-04 15:00:00,TXRH
75.54,75.64,74.8494,74.96,25385,2021-01-04 15:05:00,TXRH
74.97,75.34,74.97,75.07,7191,2021-01-04 15:10:00,TXRH
75.01,75.2,74.85,74.85,9751,2021-01-04 15:15:00,TXRH
74.85,75.26,74.79,74.98,12871,2021-01-04 15:20:00,TXRH
74.995,74.995,74.63,74.73,4150,2021-01-04 15:25:00,TXRH
74.8,74.8,74.34,74.43,11155,2021-01-04 15:30:00,TXRH
74.4367,74.53,74.37,74.42,6036,2021-01-04 15:35:00,TXRH
74.56,74.77,74.4,74.655,14200,2021-01-04 15:40:00,TXRH
74.6,74.6,74.22,74.305,9255,2021-01-04 15:45:00,TXRH
74.25,74.305,73.6,73.64,22551,2021-01-04 15:50:00,TXRH
73.675,73.71,73.48,73.7,17188,2021-01-04 15:55:00,TXRH
73.715,73.715,73.26,73.45,8897,2021-01-04 16:00:00,TXRH
73.49,73.54,73.24,73.5,5891,2021-01-04 16:05:00,TXRH
73.4,73.565,73.4,73.42,12838,2021-01-04 16:10:00,TXRH
73.44,73.8599,73.4101,73.64,10880,2021-01-04 16:15:00,TXRH
73.68,73.7519,73.59,73.6,5173,2021-01-04 16:20:00,TXRH
73.62,74.04,73.62,74.04,9435,2021-01-04 16:25:00,TXRH
74.06,74.135,73.885,74.135,6885,2021-01-04 16:30:00,TXRH
74.135,74.51,74.0,74.47,6852,2021-01-04 16:35:00,TXRH
74.46,74.465,74.29,74.41,5636,2021-01-04 16:40:00,TXRH
74.385,74.63,74.32,74.63,9600,2021-01-04 16:45:00,TXRH
74.72,74.83,74.55,74.585,5850,2021-01-04 16:50:00,TXRH
74.58,74.67,74.49,74.54,3751,2021-01-04 16:55:00,TXRH
74.615,74.615,74.47,74.52,3630,2021-01-04 17:00:00,TXRH
74.58,74.625,74.29,74.29,3810,2021-01-04 17:05:00,TXRH
74.23,74.285,73.9,73.9,4574,2021-01-04 17:10:00,TXRH
73.78,74.38,73.78,74.27,5062,2021-01-04 17:15:00,TXRH
74.24,74.24,74.02,74.03,2406,2021-01-04 17:20:00,TXRH
74.02,74.06,73.94,74.04,3344,2021-01-04 17:25:00,TXRH
74.03,74.22,73.95,74.16,5335,2021-01-04 17:30:00,TXRH
74.16,74.16,74.02,74.13,4930,2021-01-04 17:35:00,TXRH
74.02,74.02,73.895,74.0,3200,2021-01-04 17:40:00,TXRH
73.97,73.975,73.84,73.96,5632,2021-01-04 17:45:00,TXRH
73.94,74.37,73.925,74.31,3930,2021-01-04 17:50:00,TXRH
74.36,74.47,74.35,74.41,3544,2021-01-04 17:55:00,TXRH
74.41,74.44,74.2,74.36,3958,2021-01-04 18:00:00,TXRH
74.375,74.51,74.32,74.51,988,2021-01-04 18:05:00,TXRH
74.505,74.61,74.505,74.52,12398,2021-01-04 18:10:00,TXRH
74.56,74.705,74.54,74.705,9746,2021-01-04 18:15:00,TXRH
74.69,74.69,74.57,74.59,17852,2021-01-04 18:20:00,TXRH
74.64,74.89,74.64,74.68,6115,2021-01-04 18:25:00,TXRH
74.64,74.64,74.485,74.5,4986,2021-01-04 18:30:00,TXRH
74.48,74.78,74.45,74.78,17982,2021-01-04 18:35:00,TXRH
74.715,74.84,74.64,74.7,6660,2021-01-04 18:40:00,TXRH
74.72,74.765,74.67,74.71,2997,2021-01-04 18:45:00,TXRH
74.71,74.855,74.71,74.855,4240,2021-01-04 18:50:00,TXRH
74.845,74.845,74.73,74.75,3603,2021-01-04 18:55:00,TXRH
74.78,74.785,74.55,74.6,2912,2021-01-04 19:00:00,TXRH
74.7119,74.7119,74.39,74.39,3200,2021-01-04 19:05:00,TXRH
74.39,74.45,74.36,74.45,4126,2021-01-04 19:10:00,TXRH
74.485,74.53,74.4375,74.44,7935,2021-01-04 19:15:00,TXRH
74.47,74.54,74.45,74.54,19137,2021-01-04 19:20:00,TXRH
74.5,74.5,74.31,74.36,4715,2021-01-04 19:25:00,TXRH
74.3,74.3,73.9,73.9,5750,2021-01-04 19:30:00,TXRH
73.84,73.96,73.685,73.7,13127,2021-01-04 19:35:00,TXRH
73.725,73.85,73.705,73.815,5375,2021-01-04 19:40:00,TXRH
73.83,74.37,73.8,74.12,29601,2021-01-04 19:45:00,TXRH
74.09,74.21,74.0675,74.1,5089,2021-01-04 19:50:00,TXRH
74.07,74.37,74.07,74.27,4070,2021-01-04 19:55:00,TXRH
74.26,74.31,74.05,74.06,4800,2021-01-04 20:00:00,TXRH
74.075,74.32,74.075,74.1,5718,2021-01-04 20:05:00,TXRH
74.125,74.16,74.02,74.055,5562,2021-01-04 20:10:00,TXRH
74.01,74.1,73.96,74.01,10392,2021-01-04 20:15:00,TXRH
74.04,74.14,74.0,74.05,4997,2021-01-04 20:20:00,TXRH
74.02,74.125,74.0,74.06,4611,2021-01-04 20:25:00,TXRH
74.05,74.11,73.94,74.105,8816,2021-01-04 20:30:00,TXRH
74.09,74.34,74.08,74.18,8450,2021-01-04 20:35:00,TXRH
74.185,74.19,74.09,74.14,8294,2021-01-04 20:40:00,TXRH
74.14,74.29,74.08,74.285,12402,2021-01-04 20:45:00,TXRH
74.24,74.53,74.04,74.42,32431,2021-01-04 20:50:00,TXRH
74.42,74.46,74.09,74.27,50619,2021-01-04 20:55:00,TXRH
74.26,74.26,74.26,74.26,92340,2021-01-04 21:00:00,TXRH
74.26,74.26,74.26,74.26,609,2021-01-04 21:40:00,TXRH
74.36,75.0827,74.36,75.0827,7069,2021-01-05 14:30:00,TXRH
75.02,75.39,74.91,75.39,1424,2021-01-05 14:35:00,TXRH
75.48,75.5538,75.02,75.02,4172,2021-01-05 14:40:00,TXRH
74.895,75.14,74.865,75.14,2200,2021-01-05 14:45:00,TXRH
75.2807,75.2807,74.99,74.99,4121,2021-01-05 14:50:00,TXRH
75.01,75.3,75.01,75.3,1700,2021-01-05 14:55:00,TXRH
75.3,75.5,75.17,75.37,4442,2021-01-05 15:00:00,TXRH
75.27,75.27,75.04,75.22,600,2021-01-05 15:05:00,TXRH
75.0,75.095,74.74,74.97,3093,2021-01-05 15:10:00,TXRH
74.96,75.09,74.83,74.83,2800,2021-01-05 15:15:00,TXRH
74.95,75.15,74.9,75.11,8735,2021-01-05 15:20:00,TXRH
75.13,75.16,74.84,74.84,6876,2021-01-05 15:25:00,TXRH
75.06,75.15,74.8,74.8,3400,2021-01-05 15:30:00,TXRH
74.92,75.18,74.8,75.18,5561,2021-01-05 15:35:00,TXRH
75.25,75.35,75.2,75.23,3950,2021-01-05 15:40:00,TXRH
75.27,75.54,75.14,75.47,6232,2021-01-05 15:45:00,TXRH
75.5,75.51,75.43,75.5,5240,2021-01-05 15:50:00,TXRH
75.46,75.46,75.18,75.18,1300,2021-01-05 15:55:00,TXRH
75.23,75.42,75.23,75.42,3367,2021-01-05 16:00:00,TXRH
75.53,75.58,75.38,75.46,4199,2021-01-05 16:05:00,TXRH
75.48,75.58,75.44,75.44,4771,2021-01-05 16:10:00,TXRH
75.455,75.53,75.34,75.495,3700,2021-01-05 16:15:00,TXRH
75.53,75.59,75.47,75.51,3538,2021-01-05 16:20:00,TXRH
75.51,75.73,75.51,75.69,9592,2021-01-05 16:25:00,TXRH
75.7,75.7,75.59,75.67,2926,2021-01-05 16:30:00,TXRH
75.64,75.68,75.57,75.57,1800,2021-01-05 16:35:00,TXRH
75.68,75.83,75.68,75.83,1596,2021-01-05 16:40:00,TXRH
75.87,75.91,75.73,75.73,3405,2021-01-05 16:45:00,TXRH
75.6516,75.6516,75.46,75.52,1700,2021-01-05 16:50:00,TXRH
75.45,75.463,75.45,75.46,1202,2021-01-05 16:55:00,TXRH
75.444,75.469,75.36,75.41,2900,2021-01-05 17:00:00,TXRH
75.46,75.71,75.435,75.71,1600,2021-01-05 17:05:00,TXRH
75.81,75.81,75.53,75.64,2214,2021-01-05 17:10:00,TXRH
75.57,75.62,75.53,75.53,700,2021-01-05 17:15:00,TXRH
75.55,75.55,75.55,75.55,200,2021-01-05 17:20:00,TXRH
75.63,75.7,75.56,75.6,2100,2021-01-05 17:25:00,TXRH
75.6302,75.76,75.6302,75.76,1500,2021-01-05 17:30:00,TXRH
75.74,75.74,75.64,75.715,2869,2021-01-05 17:35:00,TXRH
75.74,75.78,75.71,75.73,1800,2021-01-05 17:40:00,TXRH
75.73,75.73,75.5755,75.5755,3364,2021-01-05 17:45:00,TXRH
75.69,75.7299,75.67,75.7299,2200,2021-01-05 17:50:00,TXRH
75.695,75.82,75.695,75.82,1300,2021-01-05 17:55:00,TXRH
75.885,75.99,75.85,75.92,2900,2021-01-05 18:00:00,TXRH
75.93,75.93,75.82,75.84,1199,2021-01-05 18:05:00,TXRH
75.84,75.9,75.81,75.81,2700,2021-01-05 18:10:00,TXRH
75.815,75.815,75.77,75.78,900,2021-01-05 18:15:00,TXRH
75.81,75.81,75.73,75.73,1000,2021-01-05 18:20:00,TXRH
75.74,75.74,75.64,75.65,700,2021-01-05 18:25:00,TXRH
75.67,75.67,75.63,75.63,500,2021-01-05 18:30:00,TXRH
75.62,75.62,75.57,75.575,5440,2021-01-05 18:35:00,TXRH
75.61,75.69,75.565,75.69,2112,2021-01-05 18:40:00,TXRH
75.68,75.74,75.68,75.68,700,2021-01-05 18:45:00,TXRH
75.76,75.835,75.76,75.815,1300,2021-01-05 18:50:00,TXRH
75.89,76.05,75.89,76.05,2114,2021-01-05 18:55:00,TXRH
75.955,76.17,75.955,76.17,1624,2021-01-05 19:00:00,TXRH
76.1065,76.16,76.01,76.0199,4116,2021-01-05 19:05:00,TXRH
75.98,76.0,75.92,75.94,1100,2021-01-05 19:10:00,TXRH
75.96,76.01,75.94,75.94,2500,2021-01-05 19:15:00,TXRH
75.93,75.94,75.93,75.93,1172,2021-01-05 19:20:00,TXRH
75.96,76.01,75.9,75.92,3000,2021-01-05 19:25:00,TXRH
75.94,76.0,75.73,75.75,5700,2021-01-05 19:30:00,TXRH
75.73,75.76,75.72,75.72,1400,2021-01-05 19:35:00,TXRH
75.7187,75.91,75.7187,75.91,1523,2021-01-05 19:40:00,TXRH
75.85,75.85,75.8,75.8,300,2021-01-05 19:45:00,TXRH
75.81,75.82,75.58,75.63,5300,2021-01-05 19:50:00,TXRH
75.61,75.61,75.5,75.52,6790,2021-01-05 19:55:00,TXRH
75.52,75.55,75.4,75.4,24069,2021-01-05 20:00:00,TXRH
75.41,75.6,75.39,75.59,29550,2021-01-05 20:05:00,TXRH
75.54,75.6,75.49,75.49,800,2021-01-05 20:10:00,TXRH
75.49,75.49,75.35,75.35,7495,2021-01-05 20:15:00,TXRH
75.33,75.465,75.27,75.4,4901,2021-01-05 20:20:00,TXRH
75.41,75.41,75.28,75.345,1950,2021-01-05 20:25:00,TXRH
75.4,75.47,75.33,75.47,9845,2021-01-05 20:30:00,TXRH
75.45,75.55,75.4,75.4511,3734,2021-01-05 20:35:00,TXRH
75.525,75.75,75.525,75.75,3314,2021-01-05 20:40:00,TXRH
75.725,75.725,75.625,75.68,8395,2021-01-05 20:45:00,TXRH
75.74,75.74,75.55,75.66,15494,2021-01-05 20:50:00,TXRH
75.65,75.65,75.4,75.6,22837,2021-01-05 20:55:00,TXRH
75.58,75.58,75.58,75.58,83874,2021-01-05 21:00:00,TXRH
75.4,75.4,75.4,75.4,626,2021-01-05 21:05:00,TXRH
75.0,75.0,74.8,74.8,534,2021-01-05 21:20:00,TXRH
75.58,75.58,75.58,75.58,2605,2021-01-05 22:10:00,TXRH
75.62,76.51,75.62,76.14,8408,2021-01-06 14:30:00,TXRH
76.07,76.22,75.76,75.93,6454,2021-01-06 14:35:00,TXRH
75.815,76.42,75.815,76.42,800,2021-01-06 14:45:00,TXRH
76.2,76.2,75.84,76.16,1600,2021-01-06 14:50:00,TXRH
76.01,76.1,75.82,76.1,3210,2021-01-06 14:55:00,TXRH
76.11,76.17,75.67,75.815,5530,2021-01-06 15:00:00,TXRH
75.815,75.82,75.47,75.49,3241,2021-01-06 15:05:00,TXRH
75.635,75.66,75.38,75.49,2375,2021-01-06 15:10:00,TXRH
75.5,75.735,75.28,75.575,7062,2021-01-06 15:15:00,TXRH
75.565,75.76,75.525,75.575,8274,2021-01-06 15:20:00,TXRH
75.575,76.0525,75.53,76.0525,3694,2021-01-06 15:25:00,TXRH
76.08,76.275,76.05,76.225,3128,2021-01-06 15:30:00,TXRH
76.21,76.28,75.985,76.195,2300,2021-01-06 15:35:00,TXRH
76.14,76.19,75.965,76.065,4431,2021-01-06 15:40:00,TXRH
76.09,76.32,76.09,76.32,3588,2021-01-06 15:45:00,TXRH
76.22,76.52,76.22,76.48,8312,2021-01-06 15:50:00,TXRH
76.46,76.63,76.43,76.46,2617,2021-01-06 15:55:00,TXRH
76.45,76.98,76.45,76.9,4045,2021-01-06 16:00:00,TXRH
76.78,76.86,76.57,76.57,3223,2021-01-06 16:05:00,TXRH
76.48,76.61,76.29,76.56,2609,2021-01-06 16:10:00,TXRH
76.49,76.71,76.38,76.71,3042,2021-01-06 16:15:00,TXRH
76.72,76.84,76.51,76.84,3500,2021-01-06 16:20:00,TXRH
76.795,76.91,76.78,76.91,4700,2021-01-06 16:25:00,TXRH
76.9,77.13,76.9,77.1,16630,2021-01-06 16:30:00,TXRH
77.1,77.13,76.62,76.73,10105,2021-01-06 16:35:00,TXRH
76.83,76.98,76.68,76.98,4421,2021-01-06 16:40:00,TXRH
76.99,77.255,76.93,77.07,3150,2021-01-06 16:45:00,TXRH
77.1127,77.24,77.08,77.13,2282,2021-01-06 16:50:00,TXRH
77.17,77.45,77.15,77.36,3550,2021-01-06 16:55:00,TXRH
77.36,77.375,77.26,77.32,4823,2021-01-06 17:00:00,TXRH
77.38,77.48,77.2401,77.4699,1740,2021-01-06 17:05:00,TXRH
77.46,77.59,77.35,77.45,8098,2021-01-06 17:10:00,TXRH
77.47,77.6301,77.44,77.6301,9764,2021-01-06 17:15:00,TXRH
77.56,77.57,77.32,77.39,12243,2021-01-06 17:20:00,TXRH
77.44,77.65,77.42,77.56,2340,2021-01-06 17:25:00,TXRH
77.59,77.625,77.47,77.47,4473,2021-01-06 17:30:00,TXRH
77.46,77.53,77.44,77.45,1413,2021-01-06 17:35:00,TXRH
77.5,77.6699,77.48,77.58,2765,2021-01-06 17:40:00,TXRH
77.53,77.54,77.39,77.39,1875,2021-01-06 17:45:00,TXRH
77.48,77.7,77.48,77.7,1800,2021-01-06 17:50:00,TXRH
77.72,77.74,77.51,77.68,2500,2021-01-06 17:55:00,TXRH
77.67,77.67,77.58,77.605,2411,2021-01-06 18:00:00,TXRH
77.55,77.72,77.55,77.72,1700,2021-01-06 18:05:00,TXRH
77.72,77.725,77.67,77.71,3800,2021-01-06 18:10:00,TXRH
77.71,77.74,77.58,77.59,1700,2021-01-06 18:15:00,TXRH
77.6,77.765,77.6,77.72,4334,2021-01-06 18:20:00,TXRH
77.75,77.85,77.72,77.78,4000,2021-01-06 18:25:00,TXRH
77.77,77.8901,77.58,77.58,5114,2021-01-06 18:30:00,TXRH
77.58,77.7,77.49,77.7,5187,2021-01-06 18:35:00,TXRH
77.78,77.91,77.77,77.8801,9321,2021-01-06 18:40:00,TXRH
77.94,77.94,77.875,77.875,1328,2021-01-06 18:45:00,TXRH
77.92,77.94,77.85,77.875,9204,2021-01-06 18:50:00,TXRH
77.91,77.93,77.58,77.655,3801,2021-01-06 18:55:00,TXRH
77.68,77.74,77.63,77.63,2100,2021-01-06 19:00:00,TXRH
77.7,77.865,77.68,77.82,5977,2021-01-06 19:05:00,TXRH
77.805,77.86,77.79,77.83,2496,2021-01-06 19:10:00,TXRH
77.85,77.85,77.44,77.44,5099,2021-01-06 19:15:00,TXRH
77.435,77.58,77.41,77.41,11864,2021-01-06 19:20:00,TXRH
77.44,77.44,77.2,77.28,3037,2021-01-06 19:25:00,TXRH
77.28,77.52,77.275,77.275,3824,2021-01-06 19:30:00,TXRH
77.27,77.325,76.8267,76.8267,4511,2021-01-06 19:35:00,TXRH
76.79,76.86,76.56,76.83,4929,2021-01-06 19:40:00,TXRH
76.76,76.81,76.28,76.415,2808,2021-01-06 19:45:00,TXRH
76.4364,76.7,76.39,76.665,5008,2021-01-06 19:50:00,TXRH
76.83,77.06,76.83,76.96,3847,2021-01-06 19:55:00,TXRH
77.0,77.0,76.65,76.685,2600,2021-01-06 20:00:00,TXRH
76.73,76.81,76.55,76.625,9460,2021-01-06 20:05:00,TXRH
76.63,76.95,76.595,76.83,5991,2021-01-06 20:10:00,TXRH
76.85,76.92,76.74,76.92,2223,2021-01-06 20:15:00,TXRH
76.96,76.97,76.7,76.7,3685,2021-01-06 20:20:00,TXRH
76.69,76.855,76.59,76.78,5192,2021-01-06 20:25:00,TXRH
76.795,76.98,76.65,76.98,8624,2021-01-06 20:30:00,TXRH
76.975,76.98,76.79,76.83,6611,2021-01-06 20:35:00,TXRH
76.8,77.04,76.75,77.02,7580,2021-01-06 20:40:00,TXRH
77.05,77.07,76.8,76.99,9406,2021-01-06 20:45:00,TXRH
76.96,77.03,76.79,76.995,28445,2021-01-06 20:50:00,TXRH
76.96,77.09,76.81,77.08,65699,2021-01-06 20:55:00,TXRH
77.05,77.05,77.03,77.05,112879,2021-01-06 21:00:00,TXRH
77.05,77.05,77.05,77.05,52580,2021-01-06 22:00:00,TXRH
77.2,77.8054,77.2,77.8054,5107,2021-01-07 14:30:00,TXRH
77.5367,78.0,77.5367,77.58,3918,2021-01-07 14:35:00,TXRH
77.73,77.73,77.45,77.51,4618,2021-01-07 14:40:00,TXRH
77.46,77.48,77.08,77.285,2115,2021-01-07 14:45:00,TXRH
77.29,77.29,76.87,76.87,950,2021-01-07 14:50:00,TXRH
77.045,77.49,77.045,77.49,900,2021-01-07 14:55:00,TXRH
77.46,77.67,77.33,77.36,27558,2021-01-07 15:00:00,TXRH
77.37,77.5,77.3,77.335,5180,2021-01-07 15:05:00,TXRH
77.23,77.23,76.84,77.005,1200,2021-01-07 15:10:00,TXRH
76.985,77.11,76.92,77.01,33315,2021-01-07 15:15:00,TXRH
77.01,77.14,76.88,76.92,13925,2021-01-07 15:20:00,TXRH
76.98,77.4,76.97,77.315,8746,2021-01-07 15:25:00,TXRH
77.31,77.72,77.19,77.72,28089,2021-01-07 15:30:00,TXRH
77.745,77.8,77.55,77.55,9149,2021-01-07 15:35:00,TXRH
77.55,77.6,77.2,77.2,7265,2021-01-07 15:40:00,TXRH
77.265,77.265,77.0,77.21,3458,2021-01-07 15:45:00,TXRH
77.23,77.4,77.23,77.39,9420,2021-01-07 15:50:00,TXRH
77.325,77.325,76.905,76.92,4897,2021-01-07 15:55:00,TXRH
77.01,77.07,76.92,76.92,6714,2021-01-07 16:00:00,TXRH
76.99,77.0549,76.88,76.88,2500,2021-01-07 16:05:00,TXRH
76.85,76.87,76.67,76.675,3600,2021-01-07 16:10:00,TXRH
76.62,76.7,76.53,76.56,4731,2021-01-07 16:15:00,TXRH
76.45,76.567,76.44,76.53,8401,2021-01-07 16:20:00,TXRH
76.54,76.57,76.37,76.44,19772,2021-01-07 16:25:00,TXRH
76.51,76.97,76.47,76.76,7954,2021-01-07 16:30:00,TXRH
76.73,76.73,76.49,76.575,1700,2021-01-07 16:35:00,TXRH
76.53,76.78,76.52,76.695,2800,2021-01-07 16:40:00,TXRH
76.67,76.98,76.67,76.9,3000,2021-01-07 16:45:00,TXRH
76.9,76.97,76.67,76.71,9455,2021-01-07 16:50:00,TXRH
76.71,76.76,76.43,76.62,14693,2021-01-07 16:55:00,TXRH
76.67,77.02,76.61,77.02,3950,2021-01-07 17:00:00,TXRH
76.95,77.02,76.79,76.88,3397,2021-01-07 17:05:00,TXRH
76.93,77.03,76.89,76.96,5700,2021-01-07 17:10:00,TXRH
76.96,77.06,76.83,76.93,5609,2021-01-07 17:15:00,TXRH
76.84,76.9,76.84,76.9,500,2021-01-07 17:20:00,TXRH
76.96,77.01,76.87,76.87,6491,2021-01-07 17:25:00,TXRH
76.91,76.955,76.87,76.93,2400,2021-01-07 17:30:00,TXRH
76.9672,76.98,76.88,76.93,3000,2021-01-07 17:35:00,TXRH
76.98,77.025,76.89,77.025,2784,2021-01-07 17:40:00,TXRH
77.025,77.19,76.97,77.07,8515,2021-01-07 17:45:00,TXRH
77.19,77.36,77.07,77.36,5969,2021-01-07 17:50:00,TXRH
77.25,77.25,77.06,77.185,5931,2021-01-07 17:55:00,TXRH
77.11,77.14,77.09,77.14,1100,2021-01-07 18:00:00,TXRH
77.09,77.14,76.99,77.015,2801,2021-01-07 18:05:00,TXRH
77.015,77.02,76.875,76.9,6524,2021-01-07 18:10:00,TXRH
76.925,76.995,76.925,76.995,1554,2021-01-07 18:15:00,TXRH
76.995,77.045,76.93,76.945,5155,2021-01-07 18:20:00,TXRH
76.945,76.97,76.89,76.95,3998,2021-01-07 18:25:00,TXRH
76.94,76.99,76.88,76.88,3054,2021-01-07 18:30:00,TXRH
76.93,76.98,76.9,76.92,2292,2021-01-07 18:35:00,TXRH
76.95,76.95,76.75,76.79,8247,2021-01-07 18:40:00,TXRH
76.795,76.795,76.75,76.795,800,2021-01-07 18:45:00,TXRH
76.85,76.99,76.82,76.91,8750,2021-01-07 18:50:00,TXRH
76.99,77.25,76.98,77.23,3000,2021-01-07 18:55:00,TXRH
77.25,77.33,77.09,77.19,9200,2021-01-07 19:00:00,TXRH
77.175,77.21,77.11,77.21,5340,2021-01-07 19:05:00,TXRH
77.23,77.23,77.08,77.17,1500,2021-01-07 19:10:00,TXRH
77.125,77.19,77.02,77.055,6712,2021-01-07 19:15:00,TXRH
77.02,77.13,77.02,77.095,2800,2021-01-07 19:20:00,TXRH
77.095,77.23,77.095,77.23,1900,2021-01-07 19:25:00,TXRH
77.33,77.7,77.33,77.695,4043,2021-01-07 19:30:00,TXRH
77.68,78.04,77.65,77.995,10151,2021-01-07 19:35:00,TXRH
77.995,78.27,77.97,78.27,3832,2021-01-07 19:40:00,TXRH
78.215,78.4,78.13,78.4,12066,2021-01-07 19:45:00,TXRH
78.4,78.52,78.34,78.47,6768,2021-01-07 19:50:00,TXRH
78.5,78.5,78.27,78.45,11324,2021-01-07 19:55:00,TXRH
78.445,78.79,78.42,78.77,4846,2021-01-07 20:00:00,TXRH
78.7773,78.95,78.68,78.95,40808,2021-01-07 20:05:00,TXRH
78.855,79.0,78.76,78.875,10757,2021-01-07 20:10:00,TXRH
78.91,78.98,78.67,78.805,8780,2021-01-07 20:15:00,TXRH
78.845,78.89,78.68,78.83,7741,2021-01-07 20:20:00,TXRH
78.825,79.1419,78.78,79.12,5292,2021-01-07 20:25:00,TXRH
79.055,79.16,78.81,78.97,17867,2021-01-07 20:30:00,TXRH
78.935,79.09,78.93,79.06,9813,2021-01-07 20:35:00,TXRH
79.08,79.13,78.98,79.01,14602,2021-01-07 20:40:00,TXRH
79.035,79.2,78.935,79.16,21368,2021-01-07 20:45:00,TXRH
79.19,79.67,79.09,79.62,59278,2021-01-07 20:50:00,TXRH
79.53,79.62,79.13,79.18,66921,2021-01-07 20:55:00,TXRH
79.22,79.22,79.22,79.22,114680,2021-01-07 21:00:00,TXRH
79.22,79.22,79.22,79.22,89890,2021-01-07 22:15:00,TXRH
80.19,80.84,80.19,80.84,458,2021-01-08 12:15:00,TXRH
78.9,78.99,78.36,78.36,599,2021-01-08 14:05:00,TXRH
78.46,78.46,78.23,78.23,597,2021-01-08 14:25:00,TXRH
79.33,79.645,78.53,79.605,6668,2021-01-08 14:30:00,TXRH
79.55,79.7,79.3569,79.69,10710,2021-01-08 14:35:00,TXRH
79.83,80.2,79.81,80.2,5298,2021-01-08 14:40:00,TXRH
80.2,80.28,79.75,80.11,11115,2021-01-08 14:45:00,TXRH
80.015,80.25,80.015,80.1423,3099,2021-01-08 14:50:00,TXRH
80.155,80.25,80.05,80.15,11138,2021-01-08 14:55:00,TXRH
80.15,80.325,80.13,80.24,3121,2021-01-08 15:00:00,TXRH
80.315,80.49,80.25,80.43,6962,2021-01-08 15:05:00,TXRH
80.53,80.64,80.46,80.55,3050,2021-01-08 15:10:00,TXRH
80.46,80.49,80.3,80.45,6260,2021-01-08 15:15:00,TXRH
80.4,80.4,80.16,80.21,5135,2021-01-08 15:20:00,TXRH
80.12,80.12,79.47,79.685,11605,2021-01-08 15:25:00,TXRH
79.695,80.045,79.695,80.045,3859,2021-01-08 15:30:00,TXRH
80.11,80.47,80.11,80.43,4665,2021-01-08 15:35:00,TXRH
80.42,80.52,80.24,80.37,7010,2021-01-08 15:40:00,TXRH
80.45,80.58,80.41,80.5,7204,2021-01-08 15:45:00,TXRH
80.47,80.54,80.4,80.4,7975,2021-01-08 15:50:00,TXRH
80.37,80.37,80.3,80.365,2386,2021-01-08 15:55:00,TXRH
80.35,80.54,80.35,80.415,6620,2021-01-08 16:00:00,TXRH
80.39,80.49,80.37,80.45,3290,2021-01-08 16:05:00,TXRH
80.5,80.57,80.34,80.34,3898,2021-01-08 16:10:00,TXRH
80.31,80.325,80.09,80.125,8694,2021-01-08 16:15:00,TXRH
80.075,80.12,80.0,80.0,5306,2021-01-08 16:20:00,TXRH
80.04,80.23,79.96,80.23,4319,2021-01-08 16:25:00,TXRH
80.27,80.285,80.0475,80.0475,6219,2021-01-08 16:30:00,TXRH
80.03,80.25,79.98,80.19,7519,2021-01-08 16:35:00,TXRH
80.19,80.32,80.14,80.32,12342,2021-01-08 16:40:00,TXRH
80.45,80.52,80.32,80.34,6150,2021-01-08 16:45:00,TXRH
80.35,80.43,80.25,80.43,4850,2021-01-08 16:50:00,TXRH
80.34,80.5,80.14,80.2,14018,2021-01-08 16:55:00,TXRH
80.19,80.305,80.09,80.09,3734,2021-01-08 17:00:00,TXRH
80.0113,80.25,80.0113,80.22,1956,2021-01-08 17:05:00,TXRH
80.26,80.56,80.26,80.56,2050,2021-01-08 17:10:00,TXRH
80.53,80.62,80.42,80.54,3450,2021-01-08 17:15:00,TXRH
80.54,80.74,80.53,80.74,1900,2021-01-08 17:20:00,TXRH
80.74,80.85,80.61,80.69,5691,2021-01-08 17:25:00,TXRH
80.72,80.815,80.66,80.79,1259,2021-01-08 17:30:00,TXRH
80.81,80.86,80.77,80.86,2396,2021-01-08 17:35:00,TXRH
80.86,80.8813,80.765,80.88,9842,2021-01-08 17:40:00,TXRH
80.835,80.835,80.64,80.76,3800,2021-01-08 17:45:00,TXRH
80.76,80.89,80.57,80.57,7841,2021-01-08 17:50:00,TXRH
80.62,80.77,80.39,80.39,4621,2021-01-08 17:55:00,TXRH
80.47,80.495,80.215,80.3116,2482,2021-01-08 18:00:00,TXRH
80.37,80.37,79.9,79.9,58887,2021-01-08 18:05:00,TXRH
79.96,80.0425,79.6138,79.6138,3410,2021-01-08 18:10:00,TXRH
79.69,79.69,79.37,79.37,5199,2021-01-08 18:15:00,TXRH
79.33,79.42,79.03,79.12,3800,2021-01-08 18:20:00,TXRH
79.26,79.51,79.26,79.47,900,2021-01-08 18:25:00,TXRH
79.77,79.77,79.26,79.26,4379,2021-01-08 18:30:00,TXRH
79.33,79.33,78.99,79.09,4000,2021-01-08 18:35:00,TXRH
79.07,79.14,78.87,79.0,3422,2021-01-08 18:40:00,TXRH
78.965,79.075,78.94,79.055,3200,2021-01-08 18:45:00,TXRH
79.19,79.47,79.145,79.47,3206,2021-01-08 18:50:00,TXRH
79.365,79.48,79.18,79.18,2900,2021-01-08 18:55:00,TXRH
79.12,79.345,79.11,79.345,1064,2021-01-08 19:00:00,TXRH
79.35,79.42,79.35,79.405,2300,2021-01-08 19:05:00,TXRH
79.41,79.66,79.4,79.5,2640,2021-01-08 19:10:00,TXRH
79.47,79.585,79.46,79.585,3195,2021-01-08 19:15:00,TXRH
79.52,79.71,79.52,79.71,2665,2021-01-08 19:20:00,TXRH
79.71,79.845,79.55,79.845,6702,2021-01-08 19:25:00,TXRH
79.76,79.84,79.74,79.74,3812,2021-01-08 19:30:00,TXRH
79.76,79.76,79.5,79.645,12188,2021-01-08 19:35:00,TXRH
79.59,79.66,79.47,79.47,5834,2021-01-08 19:40:00,TXRH
79.465,79.54,79.41,79.48,7990,2021-01-08 19:45:00,TXRH
79.48,79.54,79.43,79.43,6110,2021-01-08 19:50:00,TXRH
79.4,79.53,79.37,79.465,4138,2021-01-08 19:55:00,TXRH
79.465,79.64,79.44,79.6,10260,2021-01-08 20:00:00,TXRH
79.63,79.77,79.58,79.74,12917,2021-01-08 20:05:00,TXRH
79.71,79.86,79.67,79.82,10238,2021-01-08 20:10:00,TXRH
79.775,79.815,79.57,79.64,3660,2021-01-08 20:15:00,TXRH
79.61,79.75,79.475,79.75,3042,2021-01-08 20:20:00,TXRH
79.71,79.78,79.695,79.74,4960,2021-01-08 20:25:00,TXRH
79.73,79.87,79.67,79.87,6260,2021-01-08 20:30:00,TXRH
79.795,79.92,79.75,79.82,5400,2021-01-08 20:35:00,TXRH
79.84,79.915,79.8,79.8,9797,2021-01-08 20:40:00,TXRH
79.78,79.89,79.77,79.84,11169,2021-01-08 20:45:00,TXRH
79.87,80.3,79.86,80.26,28113,2021-01-08 20:50:00,TXRH
80.23,80.27,80.06,80.24,79571,2021-01-08 20:55:00,TXRH
80.25,80.25,80.25,80.25,56045,2021-01-08 21:00:00,TXRH
79.26,79.26,79.26,79.26,100,2021-01-11 13:55:00,TXRH
78.75,80.09,78.75,79.74,11134,2021-01-11 14:30:00,TXRH
79.65,79.65,79.07,79.12,3460,2021-01-11 14:35:00,TXRH
79.08,79.32,78.92,79.295,3707,2021-01-11 14:40:00,TXRH
78.88,79.09,78.88,78.95,600,2021-01-11 14:45:00,TXRH
78.91,79.58,78.91,79.41,3018,2021-01-11 14:50:00,TXRH
79.3911,79.72,79.3911,79.57,1325,2021-01-11 14:55:00,TXRH
79.55,80.32,79.54,80.16,13865,2021-01-11 15:00:00,TXRH
80.39,80.39,79.85,80.165,2001,2021-01-11 15:05:00,TXRH
80.03,80.28,79.9232,80.19,2069,2021-01-11 15:10:00,TXRH
80.02,80.28,80.02,80.28,1608,2021-01-11 15:15:00,TXRH
80.28,80.375,80.11,80.33,1402,2021-01-11 15:20:00,TXRH
80.335,80.92,80.335,80.92,10025,2021-01-11 15:25:00,TXRH
80.825,80.83,80.69,80.83,1900,2021-01-11 15:30:00,TXRH
80.83,81.19,80.83,80.98,2200,2021-01-11 15:35:00,TXRH
81.11,81.11,80.78,80.92,3790,2021-01-11 15:40:00,TXRH
80.8,80.855,80.74,80.85,986,2021-01-11 15:45:00,TXRH
80.66,80.815,80.655,80.8,700,2021-01-11 15:50:00,TXRH
80.7,81.05,80.63,80.98,6066,2021-01-11 15:55:00,TXRH
80.93,81.1,80.89,81.1,4220,2021-01-11 16:00:00,TXRH
81.21,81.22,80.9,80.9,2710,2021-01-11 16:05:00,TXRH
80.79,80.985,80.67,80.95,2924,2021-01-11 16:10:00,TXRH
80.95,80.95,80.85,80.86,465,2021-01-11 16:15:00,TXRH
80.86,81.06,80.86,81.025,948,2021-01-11 16:20:00,TXRH
81.04,81.14,80.985,81.102,2691,2021-01-11 16:25:00,TXRH
81.01,81.13,80.89,80.89,1525,2021-01-11 16:30:00,TXRH
80.93,81.06,80.88,81.01,1323,2021-01-11 16:35:00,TXRH
81.075,81.14,81.04,81.13,2601,2021-01-11 16:40:00,TXRH
81.13,81.33,81.06,81.2,9965,2021-01-11 16:45:00,TXRH
81.21,81.22,81.14,81.15,5365,2021-01-11 16:50:00,TXRH
81.1601,81.2,81.1478,81.2,1486,2021-01-11 16:55:00,TXRH
81.175,81.54,81.16,81.39,13287,2021-01-11 17:00:00,TXRH
81.275,81.345,81.14,81.31,1917,2021-01-11 17:05:00,TXRH
81.325,81.425,81.115,81.115,1657,2021-01-11 17:10:00,TXRH
81.16,81.19,80.92,80.985,1969,2021-01-11 17:15:00,TXRH
81.05,81.22,81.05,81.22,3059,2021-01-11 17:20:00,TXRH
81.165,81.22,81.13,81.21,1600,2021-01-11 17:25:00,TXRH
81.2,81.345,81.14,81.25,3418,2021-01-11 17:30:00,TXRH
81.22,81.25,81.08,81.16,2700,2021-01-11 17:35:00,TXRH
81.185,81.21,81.16,81.18,500,2021-01-11 17:40:00,TXRH
81.15,81.27,81.15,81.27,2841,2021-01-11 17:45:00,TXRH
81.335,81.5,81.335,81.5,4006,2021-01-11 17:50:00,TXRH
81.51,81.63,81.48,81.615,3937,2021-01-11 17:55:00,TXRH
81.57,81.69,81.57,81.64,1925,2021-01-11 18:00:00,TXRH
81.64,81.64,81.52,81.53,1840,2021-01-11 18:05:00,TXRH
81.6,81.73,81.565,81.71,9005,2021-01-11 18:10:00,TXRH
81.75,81.79,81.67,81.69,3076,2021-01-11 18:15:00,TXRH
81.67,81.805,81.63,81.735,1919,2021-01-11 18:20:00,TXRH
81.67,81.67,81.49,81.49,2900,2021-01-11 18:25:00,TXRH
81.49,81.7,81.49,81.61,1100,2021-01-11 18:30:00,TXRH
81.61,81.61,81.455,81.495,1450,2021-01-11 18:35:00,TXRH
81.45,81.45,81.23,81.28,1600,2021-01-11 18:40:00,TXRH
81.28,81.29,81.17,81.18,3035,2021-01-11 18:45:00,TXRH
81.17,81.26,81.17,81.23,1281,2021-01-11 18:50:00,TXRH
81.23,81.4,81.2,81.4,3419,2021-01-11 18:55:00,TXRH
81.36,81.4,81.32,81.4,1537,2021-01-11 19:00:00,TXRH
81.44,81.46,81.33,81.38,1139,2021-01-11 19:05:00,TXRH
81.46,81.53,81.4,81.53,2300,2021-01-11 19:10:00,TXRH
81.47,81.57,81.44,81.44,3450,2021-01-11 19:15:00,TXRH
81.485,81.52,81.345,81.46,2900,2021-01-11 19:20:00,TXRH
81.45,81.45,81.35,81.41,500,2021-01-11 19:25:00,TXRH
81.46,81.69,81.46,81.615,7538,2021-01-11 19:30:00,TXRH
81.67,81.7,81.605,81.635,2832,2021-01-11 19:35:00,TXRH
81.63,81.63,81.5101,81.5101,2500,2021-01-11 19:40:00,TXRH
81.6,81.61,81.33,81.4,6764,2021-01-11 19:45:00,TXRH
81.31,81.34,81.15,81.27,1600,2021-01-11 19:50:00,TXRH
81.33,81.39,81.285,81.36,1988,2021-01-11 19:55:00,TXRH
81.355,81.45,81.32,81.45,2603,2021-01-11 20:00:00,TXRH
81.45,81.46,81.265,81.32,2700,2021-01-11 20:05:00,TXRH
81.31,81.31,81.175,81.21,1648,2021-01-11 20:10:00,TXRH
81.21,81.24,81.17,81.175,4466,2021-01-11 20:15:00,TXRH
81.15,81.15,81.01,81.07,4511,2021-01-11 20:20:00,TXRH
81.0491,81.13,80.99,81.045,4186,2021-01-11 20:25:00,TXRH
81.01,81.18,80.99,81.105,8738,2021-01-11 20:30:00,TXRH
81.08,81.08,80.78,80.78,5297,2021-01-11 20:35:00,TXRH
80.78,80.92,80.75,80.82,7231,2021-01-11 20:40:00,TXRH
80.81,81.22,80.81,81.21,10832,2021-01-11 20:45:00,TXRH
81.16,81.28,81.08,81.155,22338,2021-01-11 20:50:00,TXRH
81.16,81.18,80.98,81.07,47242,2021-01-11 20:55:00,TXRH
81.06,81.06,81.06,81.06,113987,2021-01-11 21:00:00,TXRH
81.46,81.7975,81.46,81.56,2920,2021-01-12 14:30:00,TXRH
81.505,81.75,81.505,81.57,613,2021-01-12 14:35:00,TXRH
81.63,81.75,81.3,81.3,6234,2021-01-12 14:40:00,TXRH
81.53,81.53,81.53,81.53,100,2021-01-12 14:50:00,TXRH
81.31,81.31,80.94,80.94,900,2021-01-12 14:55:00,TXRH
80.99,81.07,80.78,80.885,1700,2021-01-12 15:00:00,TXRH
80.79,81.03,80.67,81.03,1702,2021-01-12 15:05:00,TXRH
80.94,81.132,80.905,81.07,2754,2021-01-12 15:10:00,TXRH
81.11,81.49,81.11,81.43,1130,2021-01-12 15:15:00,TXRH
81.3,81.5,81.29,81.32,1900,2021-01-12 15:20:00,TXRH
81.4,81.4,81.18,81.22,1400,2021-01-12 15:25:00,TXRH
81.12,81.12,81.045,81.09,300,2021-01-12 15:30:00,TXRH
81.0,81.005,80.94,80.95,1500,2021-01-12 15:35:00,TXRH
81.07,81.15,81.07,81.11,1690,2021-01-12 15:40:00,TXRH
81.05,81.105,81.05,81.105,612,2021-01-12 15:45:00,TXRH
81.04,81.11,80.95,81.05,1823,2021-01-12 15:50:00,TXRH
81.045,81.045,80.9288,80.97,1271,2021-01-12 15:55:00,TXRH
81.01,81.01,80.92,80.95,700,2021-01-12 16:00:00,TXRH
81.01,81.02,80.98,81.02,643,2021-01-12 16:05:00,TXRH
81.07,81.09,81.02,81.02,615,2021-01-12 16:10:00,TXRH
81.03,81.03,80.94,80.94,1100,2021-01-12 16:15:00,TXRH
81.11,81.26,81.105,81.26,1338,2021-01-12 16:20:00,TXRH
81.28,81.28,81.05,81.05,900,2021-01-12 16:25:00,TXRH
81.18,81.19,81.1,81.16,816,2021-01-12 16:30:00,TXRH
81.2,81.24,81.13,81.13,1338,2021-01-12 16:35:00,TXRH
81.215,81.32,81.215,81.32,541,2021-01-12 16:40:00,TXRH
81.245,81.255,81.17,81.18,1300,2021-01-12 16:45:00,TXRH
81.18,81.18,80.935,80.935,1834,2021-01-12 16:50:00,TXRH
80.95,81.125,80.949999,81.045,3200,2021-01-12 16:55:00,TXRH
81.05,81.18,81.05,81.17,1200,2021-01-12 17:00:00,TXRH
81.11,81.11,80.93,80.975,2200,2021-01-12 17:05:00,TXRH
80.94,80.99,80.77,80.87,37181,2021-01-12 17:10:00,TXRH
80.85,81.31,80.85,81.24,6439,2021-01-12 17:15:00,TXRH
81.355,81.51,81.27,81.51,4747,2021-01-12 17:20:00,TXRH
81.525,81.74,81.525,81.615,3399,2021-01-12 17:25:00,TXRH
81.554,81.69,81.42,81.69,800,2021-01-12 17:30:00,TXRH
81.69,81.69,81.435,81.445,1200,2021-01-12 17:35:00,TXRH
81.43,81.6,81.4,81.6,900,2021-01-12 17:40:00,TXRH
81.505,81.69,81.5,81.615,1700,2021-01-12 17:45:00,TXRH
81.53,81.63,81.5144,81.63,600,2021-01-12 17:50:00,TXRH
81.635,81.67,81.5,81.595,2400,2021-01-12 17:55:00,TXRH
81.595,81.69,81.585,81.595,800,2021-01-12 18:00:00,TXRH
81.595,81.69,81.595,81.595,1100,2021-01-12 18:05:00,TXRH
81.6,81.65,81.6,81.645,1400,2021-01-12 18:10:00,TXRH
81.6,81.67,81.55,81.67,1015,2021-01-12 18:15:00,TXRH
81.64,81.64,81.56,81.59,1267,2021-01-12 18:20:00,TXRH
81.61,81.62,81.57,81.62,1100,2021-01-12 18:25:00,TXRH
81.69,81.85,81.67,81.8085,1600,2021-01-12 18:30:00,TXRH
81.805,81.98,81.805,81.91,2100,2021-01-12 18:35:00,TXRH
81.94,81.94,81.79,81.82,1600,2021-01-12 18:40:00,TXRH
81.85,81.885,81.825,81.825,1213,2021-01-12 18:45:00,TXRH
81.84,81.85,81.7,81.72,2300,2021-01-12 18:50:00,TXRH
81.71,81.79,81.69,81.69,1300,2021-01-12 18:55:00,TXRH
81.69,81.84,81.69,81.79,1459,2021-01-12 19:00:00,TXRH
81.77,81.77,81.655,81.655,800,2021-01-12 19:05:00,TXRH
81.66,81.7,81.6,81.7,2700,2021-01-12 19:10:00,TXRH
81.64,81.69,81.49,81.49,1000,2021-01-12 19:15:00,TXRH
81.48,81.49,81.37,81.37,700,2021-01-12 19:20:00,TXRH
81.45,81.52,81.45,81.46,700,2021-01-12 19:25:00,TXRH
81.51,81.62,81.51,81.56,2784,2021-01-12 19:30:00,TXRH
81.51,81.575,81.47,81.57,2138,2021-01-12 19:35:00,TXRH
81.61,81.61,81.49,81.49,700,2021-01-12 19:40:00,TXRH
81.43,81.51,81.4002,81.47,1748,2021-01-12 19:45:00,TXRH
81.425,81.45,81.385,81.385,600,2021-01-12 19:50:00,TXRH
81.4,81.56,81.4,81.55,1410,2021-01-12 19:55:00,TXRH
81.5281,81.77,81.5281,81.705,3997,2021-01-12 20:00:00,TXRH
81.72,81.72,81.53,81.58,2799,2021-01-12 20:05:00,TXRH
81.62,81.72,81.59,81.59,1900,2021-01-12 20:10:00,TXRH
81.65,81.65,81.62,81.65,770,2021-01-12 20:15:00,TXRH
81.69,81.78,81.68,81.68,12548,2021-01-12 20:20:00,TXRH
81.64,81.64,81.4,81.4,1400,2021-01-12 20:25:00,TXRH
81.46,81.69,81.45,81.53,6442,2021-01-12 20:30:00,TXRH
81.525,81.54,81.42,81.54,2334,2021-01-12 20:35:00,TXRH
81.515,81.65,81.47,81.63,3984,2021-01-12 20:40:00,TXRH
81.63,81.75,81.63,81.74,7306,2021-01-12 20:45:00,TXRH
81.755,81.885,81.71,81.86,15210,2021-01-12 20:50:00,TXRH
81.835,81.87,81.66,81.78,22507,2021-01-12 20:55:00,TXRH
81.78,81.78,81.62,81.78,52936,2021-01-12 21:00:00,TXRH
81.78,81.78,81.78,81.78,210,2021-01-12 21:35:00,TXRH
81.35,81.97,81.35,81.63,6540,2021-01-13 14:30:00,TXRH
81.86,81.86,81.57,81.71,600,2021-01-13 14:35:00,TXRH
81.495,81.54,81.35,81.365,1229,2021-01-13 14:40:00,TXRH
81.22,81.22,81.16,81.16,538,2021-01-13 14:45:00,TXRH
81.06,81.06,80.77,80.87,2599,2021-01-13 14:50:00,TXRH
80.95,81.1,80.92,80.94,800,2021-01-13 14:55:00,TXRH
80.74,80.74,80.46,80.54,4078,2021-01-13 15:00:00,TXRH
80.34,80.62,80.34,80.55,1939,2021-01-13 15:05:00,TXRH
80.64,80.84,80.56,80.63,5608,2021-01-13 15:10:00,TXRH
80.615,80.615,80.56,80.56,300,2021-01-13 15:15:00,TXRH
80.5653,80.8,80.55,80.75,1951,2021-01-13 15:20:00,TXRH
80.7,80.74,80.645,80.74,800,2021-01-13 15:25:00,TXRH
80.83,80.905,80.5,80.61,3333,2021-01-13 15:30:00,TXRH
80.535,80.54,80.345,80.39,3150,2021-01-13 15:35:00,TXRH
80.33,80.52,80.33,80.52,2157,2021-01-13 15:40:00,TXRH
80.39,80.46,80.33,80.33,1208,2021-01-13 15:45:00,TXRH
80.36,80.49,80.355,80.43,700,2021-01-13 15:50:00,TXRH
80.43,80.52,80.34,80.52,3356,2021-01-13 15:55:00,TXRH
80.44,80.52,80.44,80.52,626,2021-01-13 16:00:00,TXRH
80.44,80.52,80.335,80.36,1100,2021-01-13 16:05:00,TXRH
80.28,80.37,80.21,80.24,3957,2021-01-13 16:10:00,TXRH
80.295,80.32,80.145,80.22,2858,2021-01-13 16:15:00,TXRH
80.27,80.465,80.27,80.42,1517,2021-01-13 16:20:00,TXRH
80.37,80.56,80.28,80.56,19750,2021-01-13 16:25:00,TXRH
80.545,80.7,80.5,80.7,1541,2021-01-13 16:30:00,TXRH
80.6225,80.88,80.6225,80.84,2364,2021-01-13 16:35:00,TXRH
80.91,80.95,80.8135,80.8135,542,2021-01-13 16:40:00,TXRH
80.9,80.94,80.74,80.8,1200,2021-01-13 16:45:00,TXRH
80.77,80.77,80.46,80.46,600,2021-01-13 16:50:00,TXRH
80.545,80.7,80.545,80.66,627,2021-01-13 16:55:00,TXRH
80.71,80.8,80.71,80.77,1348,2021-01-13 17:00:00,TXRH
80.725,80.77,80.7,80.7,935,2021-01-13 17:05:00,TXRH
80.74,80.76,80.71,80.73,1536,2021-01-13 17:10:00,TXRH
80.71,80.82,80.71,80.82,1742,2021-01-13 17:15:00,TXRH
80.78,80.808,80.77,80.8,744,2021-01-13 17:20:00,TXRH
80.78,80.81,80.78,80.78,300,2021-01-13 17:25:00,TXRH
80.85,81.0099,80.81,80.91,2674,2021-01-13 17:30:00,TXRH
80.89,80.89,80.7655,80.795,600,2021-01-13 17:35:00,TXRH
80.83,80.86,80.82,80.835,1610,2021-01-13 17:40:00,TXRH
80.84,81.0,80.83,81.0,2209,2021-01-13 17:45:00,TXRH
81.0,81.29,81.0,81.29,3027,2021-01-13 17:50:00,TXRH
81.28,81.35,81.215,81.215,900,2021-01-13 17:55:00,TXRH
81.19,81.19,81.08,81.1,1794,2021-01-13 18:00:00,TXRH
81.1,81.12,81.04,81.12,800,2021-01-13 18:05:00,TXRH
81.14,81.225,81.14,81.225,1050,2021-01-13 18:10:00,TXRH
81.19,81.43,81.17,81.43,5400,2021-01-13 18:15:00,TXRH
81.37,81.5,81.37,81.44,1000,2021-01-13 18:20:00,TXRH
81.445,81.48,81.39,81.41,500,2021-01-13 18:25:00,TXRH
81.37,81.45,81.37,81.4,837,2021-01-13 18:30:00,TXRH
81.35,81.35,81.3,81.305,900,2021-01-13 18:35:00,TXRH
81.26,81.34,81.23,81.32,1900,2021-01-13 18:40:00,TXRH
81.27,81.27,81.21,81.21,600,2021-01-13 18:45:00,TXRH
81.24,81.32,81.24,81.32,1100,2021-01-13 18:50:00,TXRH
81.23,81.24,81.175,81.2,1600,2021-01-13 18:55:00,TXRH
81.25,81.32,81.16,81.16,1100,2021-01-13 19:00:00,TXRH
81.24,81.29,81.22,81.29,4300,2021-01-13 19:05:00,TXRH
81.28,81.35,81.28,81.35,1900,2021-01-13 19:10:00,TXRH
81.34,81.34,81.26,81.26,2021,2021-01-13 19:15:00,TXRH
81.23,81.25,81.22,81.23,760,2021-01-13 19:20:00,TXRH
81.2,81.22,81.08,81.16,1800,2021-01-13 19:25:00,TXRH
81.1384,81.1384,81.04,81.08,1650,2021-01-13 19:30:00,TXRH
81.05,81.16,81.04,81.15,2074,2021-01-13 19:35:00,TXRH
81.2,81.2,81.05,81.07,2300,2021-01-13 19:40:00,TXRH
81.07,81.11,80.93,80.9425,2500,2021-01-13 19:45:00,TXRH
80.95,80.99,80.87,80.87,2200,2021-01-13 19:50:00,TXRH
80.75,80.77,80.66,80.74,4432,2021-01-13 19:55:00,TXRH
80.7,80.7,80.61,80.61,2200,2021-01-13 20:00:00,TXRH
80.67,80.69,80.41,80.425,4200,2021-01-13 20:05:00,TXRH
80.5,80.54,80.46,80.515,2000,2021-01-13 20:10:00,TXRH
80.55,80.58,80.52,80.52,8682,2021-01-13 20:15:00,TXRH
80.53,80.57,80.46,80.55,3981,2021-01-13 20:20:00,TXRH
80.55,80.55,80.4,80.405,1900,2021-01-13 20:25:00,TXRH
80.395,80.43,80.285,80.43,5245,2021-01-13 20:30:00,TXRH
80.47,80.47,80.38,80.38,1400,2021-01-13 20:35:00,TXRH
80.4,80.55,80.39,80.55,4804,2021-01-13 20:40:00,TXRH
80.56,80.62,80.495,80.54,3904,2021-01-13 20:45:00,TXRH
80.54,80.82,80.54,80.695,11292,2021-01-13 20:50:00,TXRH
80.675,80.83,80.675,80.71,24860,2021-01-13 20:55:00,TXRH
80.74,80.74,80.74,80.74,53965,2021-01-13 21:00:00,TXRH
80.74,80.74,80.74,80.74,4111,2021-01-13 21:25:00,TXRH
81.4,82.19,81.06,82.19,6564,2021-01-14 14:30:00,TXRH
81.8,82.64,81.655,82.31,8683,2021-01-14 14:35:00,TXRH
82.6,82.91,82.51,82.84,3580,2021-01-14 14:40:00,TXRH
82.71,82.93,82.58,82.725,2857,2021-01-14 14:45:00,TXRH
82.61,82.81,82.36,82.69,3499,2021-01-14 14:50:00,TXRH
82.735,82.735,82.735,82.735,300,2021-01-14 14:55:00,TXRH
82.7,82.9,82.64,82.81,5612,2021-01-14 15:00:00,TXRH
83.07,83.2,82.78,83.2,6715,2021-01-14 15:05:00,TXRH
83.175,83.27,83.01,83.05,3796,2021-01-14 15:10:00,TXRH
83.05,83.105,82.9,82.965,2625,2021-01-14 15:15:00,TXRH
82.92,83.15,82.84,82.9,8422,2021-01-14 15:20:00,TXRH
82.96,83.02,82.83,82.89,3425,2021-01-14 15:25:00,TXRH
82.85,82.99,82.83,82.925,2600,2021-01-14 15:30:00,TXRH
82.91,82.925,82.36,82.4,7958,2021-01-14 15:35:00,TXRH
82.41,82.41,82.3006,82.39,3443,2021-01-14 15:40:00,TXRH
82.3,82.33,82.14,82.14,2397,2021-01-14 15:45:00,TXRH
82.09,82.09,81.64,81.755,11947,2021-01-14 15:50:00,TXRH
81.8,81.8,81.64,81.715,3738,2021-01-14 15:55:00,TXRH
81.65,81.67,81.2,81.2,7838,2021-01-14 16:00:00,TXRH
81.3,81.75,81.3,81.55,49367,2021-01-14 16:05:00,TXRH
81.57,81.9,81.57,81.9,17964,2021-01-14 16:10:00,TXRH
81.9,82.305,81.9,82.26,11685,2021-01-14 16:15:00,TXRH
82.19,82.19,82.01,82.09,1600,2021-01-14 16:20:00,TXRH
82.13,82.17,82.06,82.09,1744,2021-01-14 16:25:00,TXRH
82.115,82.165,82.07,82.13,2576,2021-01-14 16:30:00,TXRH
82.11,82.17,82.06,82.17,2210,2021-01-14 16:35:00,TXRH
82.195,82.22,82.11,82.11,1177,2021-01-14 16:40:00,TXRH
82.15,82.15,82.025,82.05,1755,2021-01-14 16:45:00,TXRH
82.09,82.225,82.05,82.14,1500,2021-01-14 16:50:00,TXRH
82.27,82.36,82.24,82.34,3047,2021-01-14 16:55:00,TXRH
82.3,82.33,82.17,82.2,2308,2021-01-14 17:00:00,TXRH
82.15,82.27,82.15,82.15,1300,2021-01-14 17:05:00,TXRH
82.11,82.24,82.11,82.21,1818,2021-01-14 17:10:00,TXRH
82.21,82.21,82.13,82.15,1329,2021-01-14 17:15:00,TXRH
82.2,82.2,82.16,82.16,300,2021-01-14 17:20:00,TXRH
82.18,82.25,82.12,82.2,2200,2021-01-14 17:25:00,TXRH
82.17,82.2,82.1593,82.18,1300,2021-01-14 17:30:00,TXRH
82.19,82.195,82.07,82.07,2306,2021-01-14 17:35:00,TXRH
82.06,82.06,81.93,81.95,3751,2021-01-14 17:40:00,TXRH
81.88,81.99,81.88,81.95,2122,2021-01-14 17:45:00,TXRH
82.05,82.07,82.01,82.05,1600,2021-01-14 17:50:00,TXRH
82.06,82.13,81.93,81.93,3834,2021-01-14 17:55:00,TXRH
81.97,82.05,81.94,82.03,4909,2021-01-14 18:00:00,TXRH
82.03,82.13,81.99,82.06,4967,2021-01-14 18:05:00,TXRH
82.06,82.18,82.02,82.16,3400,2021-01-14 18:10:00,TXRH
82.16,82.21,82.16,82.17,4045,2021-01-14 18:15:00,TXRH
82.17,82.255,82.145,82.19,3176,2021-01-14 18:20:00,TXRH
82.19,82.19,82.08,82.08,4739,2021-01-14 18:25:00,TXRH
82.07,82.07,81.78,81.78,2999,2021-01-14 18:30:00,TXRH
81.78,81.81,81.65,81.6827,1057,2021-01-14 18:35:00,TXRH
81.66,81.7,81.43,81.43,5559,2021-01-14 18:40:00,TXRH
81.55,81.55,81.49,81.49,700,2021-01-14 18:45:00,TXRH
81.49,81.56,81.43,81.515,1600,2021-01-14 18:50:00,TXRH
81.5,81.5,81.36,81.36,2517,2021-01-14 18:55:00,TXRH
81.335,81.335,81.17,81.17,1701,2021-01-14 19:00:00,TXRH
81.12,81.14,81.09,81.125,2813,2021-01-14 19:05:00,TXRH
81.09,81.245,81.09,81.19,4229,2021-01-14 19:10:00,TXRH
81.15,81.21,81.15,81.19,2487,2021-01-14 19:15:00,TXRH
81.15,81.175,81.14,81.175,1400,2021-01-14 19:20:00,TXRH
81.15,81.15,80.89,80.93,6081,2021-01-14 19:25:00,TXRH
80.965,81.08,80.89,81.08,5539,2021-01-14 19:30:00,TXRH
81.09,81.18,81.07,81.15,2799,2021-01-14 19:35:00,TXRH
81.13,81.17,80.98,80.98,4965,2021-01-14 19:40:00,TXRH
80.98,80.98,80.85,80.86,2800,2021-01-14 19:45:00,TXRH
80.885,80.89,80.84,80.84,1300,2021-01-14 19:50:00,TXRH
80.89,81.105,80.84,81.075,4658,2021-01-14 19:55:00,TXRH
81.075,81.095,81.03,81.06,1623,2021-01-14 20:00:00,TXRH
81.02,81.13,81.01,81.09,7500,2021-01-14 20:05:00,TXRH
81.06,81.09,80.84,80.84,3903,2021-01-14 20:10:00,TXRH
80.88,80.9,80.63,80.63,4800,2021-01-14 20:15:00,TXRH
80.61,80.74,80.56,80.665,10625,2021-01-14 20:20:00,TXRH
80.65,80.66,80.57,80.61,7009,2021-01-14 20:25:00,TXRH
80.64,80.73,80.59,80.7175,13431,2021-01-14 20:30:00,TXRH
80.755,80.78,80.69,80.75,8814,2021-01-14 20:35:00,TXRH
80.75,80.75,80.6,80.6,12815,2021-01-14 20:40:00,TXRH
80.635,80.76,80.635,80.68,10908,2021-01-14 20:45:00,TXRH
80.65,80.8,80.42,80.46,35032,2021-01-14 20:50:00,TXRH
80.45,80.52,80.34,80.35,51011,2021-01-14 20:55:00,TXRH
80.38,80.38,80.38,80.38,56679,2021-01-14 21:00:00,TXRH
79.5,79.5,79.47,79.5,1200,2021-01-14 22:35:00,TXRH
79.5,79.5,79.0,79.0,200,2021-01-14 22:45:00,TXRH
79.3,80.34,79.3,79.5,36678,2021-01-15 14:30:00,TXRH
79.4833,79.4833,78.76,79.05,8408,2021-01-15 14:35:00,TXRH
79.05,79.79,78.87,79.5,4800,2021-01-15 14:40:00,TXRH
79.5,79.83,79.5,79.59,3099,2021-01-15 14:45:00,TXRH
79.77,79.77,79.44,79.46,7668,2021-01-15 14:50:00,TXRH
79.37,79.44,79.12,79.27,5900,2021-01-15 14:55:00,TXRH
79.265,79.36,79.265,79.36,1354,2021-01-15 15:00:00,TXRH
79.21,79.21,78.688,78.75,3859,2021-01-15 15:05:00,TXRH
78.65,79.12,78.65,79.0,1600,2021-01-15 15:10:00,TXRH
79.02,79.02,78.65,78.74,5996,2021-01-15 15:15:00,TXRH
78.74,78.74,78.42,78.4744,3337,2021-01-15 15:20:00,TXRH
78.555,78.99,78.555,78.88,3334,2021-01-15 15:25:00,TXRH
78.74,78.9,78.74,78.9,800,2021-01-15 15:30:00,TXRH
79.08,79.175,78.99,79.175,725,2021-01-15 15:35:00,TXRH
79.24,79.25,79.03,79.16,8469,2021-01-15 15:40:00,TXRH
79.05,79.06,78.87,78.94,3094,2021-01-15 15:45:00,TXRH
78.86,78.86,78.52,78.57,4400,2021-01-15 15:50:00,TXRH
78.56,78.61,78.5,78.53,2237,2021-01-15 15:55:00,TXRH
78.5,78.595,78.31,78.31,1444,2021-01-15 16:00:00,TXRH
78.385,78.385,77.88,77.88,5649,2021-01-15 16:05:00,TXRH
77.97,78.43,77.84,78.43,9707,2021-01-15 16:10:00,TXRH
78.4,78.82,78.23,78.745,6400,2021-01-15 16:15:00,TXRH
78.67,78.8,78.62,78.75,3904,2021-01-15 16:20:00,TXRH
78.7804,79.28,78.78,79.28,2369,2021-01-15 16:25:00,TXRH
79.31,79.31,79.01,79.01,1300,2021-01-15 16:30:00,TXRH
79.07,79.07,78.985,79.06,300,2021-01-15 16:35:00,TXRH
78.99,78.99,78.91,78.91,400,2021-01-15 16:40:00,TXRH
78.88,78.89,78.72,78.72,2100,2021-01-15 16:45:00,TXRH
78.6579,78.77,78.45,78.69,27149,2021-01-15 16:50:00,TXRH
78.78,79.1,78.635,79.1,6050,2021-01-15 16:55:00,TXRH
79.0051,79.19,78.99,79.19,720,2021-01-15 17:00:00,TXRH
79.26,79.26,79.06,79.06,1300,2021-01-15 17:05:00,TXRH
79.11,79.15,79.08,79.11,1600,2021-01-15 17:10:00,TXRH
79.15,79.25,79.15,79.2372,7284,2021-01-15 17:15:00,TXRH
79.2,79.2,79.13,79.175,1300,2021-01-15 17:20:00,TXRH
79.175,79.26,79.175,79.25,26579,2021-01-15 17:25:00,TXRH
79.21,79.41,79.21,79.41,1121,2021-01-15 17:30:00,TXRH
79.43,79.58,79.3941,79.58,788,2021-01-15 17:35:00,TXRH
79.75,79.77,79.72,79.72,1480,2021-01-15 17:40:00,TXRH
79.69,79.82,79.69,79.82,800,2021-01-15 17:45:00,TXRH
79.81,79.97,79.81,79.97,1758,2021-01-15 17:50:00,TXRH
79.94,80.11,79.94,80.07,26000,2021-01-15 17:55:00,TXRH
80.075,80.075,79.8,79.955,2000,2021-01-15 18:00:00,TXRH
79.92,79.99,79.81,79.88,1000,2021-01-15 18:05:00,TXRH
79.835,80.005,79.835,79.96,3000,2021-01-15 18:10:00,TXRH
80.05,80.22,80.035,80.22,1500,2021-01-15 18:15:00,TXRH
80.205,80.32,80.205,80.31,6100,2021-01-15 18:20:00,TXRH
80.33,80.35,80.22,80.235,3200,2021-01-15 18:25:00,TXRH
80.22,80.49,80.22,80.44,4678,2021-01-15 18:30:00,TXRH
80.39,80.4,80.29,80.34,3169,2021-01-15 18:35:00,TXRH
80.35,80.5799,80.35,80.445,2940,2021-01-15 18:40:00,TXRH
80.445,80.5,80.38,80.45,2200,2021-01-15 18:45:00,TXRH
80.365,80.445,80.34,80.395,1040,2021-01-15 18:50:00,TXRH
80.34,80.585,80.34,80.585,3752,2021-01-15 18:55:00,TXRH
80.61,80.72,80.595,80.68,1200,2021-01-15 19:00:00,TXRH
80.7,80.7,80.565,80.6,2200,2021-01-15 19:05:00,TXRH
80.6,80.7,80.49,80.65,5504,2021-01-15 19:10:00,TXRH
80.665,80.7,80.57,80.595,2599,2021-01-15 19:15:00,TXRH
80.59,80.67,80.565,80.64,2740,2021-01-15 19:20:00,TXRH
80.62,80.67,80.6,80.63,2107,2021-01-15 19:25:00,TXRH
80.63,80.815,80.63,80.815,3900,2021-01-15 19:30:00,TXRH
80.85,80.9,80.7,80.705,5918,2021-01-15 19:35:00,TXRH
80.65,80.84,80.59,80.83,4500,2021-01-15 19:40:00,TXRH
80.79,80.82,80.74,80.82,700,2021-01-15 19:45:00,TXRH
80.75,80.82,80.7,80.82,3900,2021-01-15 19:50:00,TXRH
80.76,80.86,80.745,80.81,1600,2021-01-15 19:55:00,TXRH
80.81,80.88,80.8,80.83,3494,2021-01-15 20:00:00,TXRH
80.81,80.85,80.59,80.64,8149,2021-01-15 20:05:00,TXRH
80.49,80.77,80.49,80.7,1728,2021-01-15 20:10:00,TXRH
80.71,80.78,80.65,80.745,4199,2021-01-15 20:15:00,TXRH
80.76,80.79,80.62,80.62,6100,2021-01-15 20:20:00,TXRH
80.62,80.77,80.58,80.73,3300,2021-01-15 20:25:00,TXRH
80.78,80.78,80.59,80.635,6400,2021-01-15 20:30:00,TXRH
80.635,80.71,80.63,80.71,7229,2021-01-15 20:35:00,TXRH
80.685,80.73,80.44,80.475,7900,2021-01-15 20:40:00,TXRH
80.37,80.53,80.37,80.465,8018,2021-01-15 20:45:00,TXRH
80.51,80.57,80.38,80.56,26557,2021-01-15 20:50:00,TXRH
80.52,80.7,80.48,80.66,41011,2021-01-15 20:55:00,TXRH
80.62,80.62,80.62,80.62,43616,2021-01-15 21:00:00,TXRH
80.62,80.62,80.62,80.62,141,2021-01-15 21:40:00,TXRH
80.59,81.44,80.54,81.23,10051,2021-01-19 14:30:00,TXRH
81.28,81.625,81.05,81.33,4492,2021-01-19 14:35:00,TXRH
81.325,81.4674,80.92,81.08,15866,2021-01-19 14:40:00,TXRH
81.11,81.2,80.93,81.1973,1739,2021-01-19 14:45:00,TXRH
81.05,81.2,80.78,81.17,1300,2021-01-19 14:50:00,TXRH
81.08,81.26,80.36,80.4,16214,2021-01-19 14:55:00,TXRH
80.57,80.75,80.49,80.75,19451,2021-01-19 15:00:00,TXRH
80.75,80.75,80.58,80.61,3313,2021-01-19 15:05:00,TXRH
80.74,80.74,80.44,80.45,6966,2021-01-19 15:10:00,TXRH
80.51,80.56,79.8,79.8,5400,2021-01-19 15:15:00,TXRH
80.01,80.13,80.005,80.13,1065,2021-01-19 15:20:00,TXRH
80.125,80.29,80.0752,80.19,16900,2021-01-19 15:25:00,TXRH
80.21,80.32,80.21,80.235,1900,2021-01-19 15:30:00,TXRH
80.19,80.44,80.18,80.44,3300,2021-01-19 15:35:00,TXRH
80.44,80.51,80.33,80.41,3800,2021-01-19 15:40:00,TXRH
80.42,80.54,80.42,80.54,1500,2021-01-19 15:45:00,TXRH
80.46,80.5525,80.24,80.24,7429,2021-01-19 15:50:00,TXRH
80.25,80.28,80.135,80.135,2521,2021-01-19 15:55:00,TXRH
80.21,80.32,80.12,80.25,1851,2021-01-19 16:00:00,TXRH
80.26,80.42,80.11,80.11,3149,2021-01-19 16:05:00,TXRH
80.2,80.38,80.04,80.04,8165,2021-01-19 16:10:00,TXRH
80.03,80.1,79.93,79.94,17600,2021-01-19 16:15:00,TXRH
80.02,80.05,79.89,79.93,4477,2021-01-19 16:20:00,TXRH
79.93,80.18,79.93,80.05,5630,2021-01-19 16:25:00,TXRH
80.055,80.17,79.88,79.925,6200,2021-01-19 16:30:00,TXRH
80.0,80.01,79.82,79.92,19860,2021-01-19 16:35:00,TXRH
79.88,79.93,79.83,79.88,9361,2021-01-19 16:40:00,TXRH
79.86,79.93,79.85,79.93,4011,2021-01-19 16:45:00,TXRH
80.04,80.58,80.04,80.57,2743,2021-01-19 16:50:00,TXRH
80.595,80.69,80.2889,80.33,30163,2021-01-19 16:55:00,TXRH
80.41,80.8,80.41,80.675,3419,2021-01-19 17:00:00,TXRH
80.615,80.69,80.39,80.58,7330,2021-01-19 17:05:00,TXRH
80.455,80.65,80.34,80.5,3515,2021-01-19 17:10:00,TXRH
80.5,80.52,80.47,80.49,7739,2021-01-19 17:15:00,TXRH
80.47,80.53,80.41,80.48,6297,2021-01-19 17:20:00,TXRH
80.48,80.515,80.46,80.48,15401,2021-01-19 17:25:00,TXRH
80.46,80.505,80.45,80.505,1800,2021-01-19 17:30:00,TXRH
80.5,80.87,80.47,80.87,3100,2021-01-19 17:35:00,TXRH
80.88,80.96,80.8601,80.925,2630,2021-01-19 17:40:00,TXRH
80.88,80.925,80.61,80.65,7712,2021-01-19 17:45:00,TXRH
80.64,80.75,80.63,80.74,1301,2021-01-19 17:50:00,TXRH
80.835,80.93,80.795,80.93,1300,2021-01-19 17:55:00,TXRH
80.94,80.94,80.84,80.865,2700,2021-01-19 18:00:00,TXRH
80.94,80.94,80.87,80.91,400,2021-01-19 18:05:00,TXRH
80.94,80.94,80.71,80.725,3200,2021-01-19 18:10:00,TXRH
80.65,80.66,80.51,80.58,1700,2021-01-19 18:15:00,TXRH
80.4414,80.635,80.4414,80.635,2000,2021-01-19 18:20:00,TXRH
80.635,80.68,80.55,80.61,2000,2021-01-19 18:25:00,TXRH
80.58,80.62,80.56,80.59,1487,2021-01-19 18:30:00,TXRH
80.69,80.79,80.67,80.67,3071,2021-01-19 18:35:00,TXRH
80.66,80.78,80.66,80.725,2904,2021-01-19 18:40:00,TXRH
80.725,80.79,80.725,80.74,2570,2021-01-19 18:45:00,TXRH
80.74,80.79,80.67,80.695,1598,2021-01-19 18:50:00,TXRH
80.68,80.96,80.65,80.93,5307,2021-01-19 18:55:00,TXRH
80.96,81.02,80.9,80.98,3793,2021-01-19 19:00:00,TXRH
80.97,80.97,80.73,80.73,10659,2021-01-19 19:05:00,TXRH
80.75,80.8,80.75,80.8,7752,2021-01-19 19:10:00,TXRH
80.77,80.805,80.73,80.74,6651,2021-01-19 19:15:00,TXRH
80.74,80.7875,80.72,80.77,2968,2021-01-19 19:20:00,TXRH
80.78,80.8,80.67,80.67,3700,2021-01-19 19:25:00,TXRH
80.64,80.64,80.62,80.62,700,2021-01-19 19:30:00,TXRH
80.68,80.71,80.62,80.7,5875,2021-01-19 19:35:00,TXRH
80.66,80.66,80.4,80.42,6100,2021-01-19 19:40:00,TXRH
80.36,80.46,80.2942,80.46,1620,2021-01-19 19:45:00,TXRH
80.45,80.51,80.4,80.42,2400,2021-01-19 19:50:00,TXRH
80.43,80.44,80.39,80.44,2300,2021-01-19 19:55:00,TXRH
80.41,80.415,80.29,80.29,19250,2021-01-19 20:00:00,TXRH
80.35,80.35,80.28,80.34,1200,2021-01-19 20:05:00,TXRH
80.35,80.35,80.32,80.325,2800,2021-01-19 20:10:00,TXRH
80.35,80.39,80.09,80.39,12218,2021-01-19 20:15:00,TXRH
80.43,80.56,80.43,80.56,3534,2021-01-19 20:20:00,TXRH
80.68,80.68,80.54,80.59,4794,2021-01-19 20:25:00,TXRH
80.57,80.64,80.5,80.63,4101,2021-01-19 20:30:00,TXRH
80.6,80.6,80.54,80.58,4090,2021-01-19 20:35:00,TXRH
80.58,80.59,80.5,80.55,7338,2021-01-19 20:40:00,TXRH
80.55,80.555,80.35,80.43,11566,2021-01-19 20:45:00,TXRH
80.41,80.425,80.175,80.19,19651,2021-01-19 20:50:00,TXRH
80.28,80.37,80.06,80.1,49872,2021-01-19 20:55:00,TXRH
80.08,80.08,80.08,80.08,61888,2021-01-19 21:00:00,TXRH
80.08,80.08,80.08,80.08,584,2021-01-19 22:20:00,TXRH
80.08,80.08,80.08,80.08,3082,2021-01-19 22:25:00,TXRH
80.19,80.6,80.08,80.56,20814,2021-01-20 14:30:00,TXRH
80.57,80.62,80.4,80.54,3700,2021-01-20 14:35:00,TXRH
80.53,80.53,80.23,80.3438,2524,2021-01-20 14:40:00,TXRH
80.28,80.45,80.05,80.05,3419,2021-01-20 14:45:00,TXRH
80.05,80.14,79.98,80.07,4088,2021-01-20 14:50:00,TXRH
80.08,80.22,80.08,80.21,2300,2021-01-20 14:55:00,TXRH
80.13,80.13,79.98,80.03,4010,2021-01-20 15:00:00,TXRH
80.03,80.03,79.68,79.68,4080,2021-01-20 15:05:00,TXRH
79.56,79.6299,79.36,79.46,5551,2021-01-20 15:10:00,TXRH
79.39,79.47,79.38,79.41,4674,2021-01-20 15:15:00,TXRH
79.46,79.575,79.38,79.47,4300,2021-01-20 15:20:00,TXRH
79.51,79.51,79.29,79.2901,1571,2021-01-20 15:25:00,TXRH
79.42,79.46,79.16,79.3,5141,2021-01-20 15:30:00,TXRH
79.33,79.33,79.21,79.255,2800,2021-01-20 15:35:00,TXRH
79.24,79.24,79.02,79.08,1744,2021-01-20 15:40:00,TXRH
79.01,79.01,78.73,78.87,1936,2021-01-20 15:45:00,TXRH
78.855,78.93,78.74,78.77,1000,2021-01-20 15:50:00,TXRH
78.76,78.97,78.76,78.875,9051,2021-01-20 15:55:00,TXRH
78.81,78.86,78.58,78.61,6861,2021-01-20 16:00:00,TXRH
78.53,78.6,78.45,78.535,2900,2021-01-20 16:05:00,TXRH
78.535,78.7498,78.51,78.73,3640,2021-01-20 16:10:00,TXRH
78.745,78.7675,78.69,78.74,1350,2021-01-20 16:15:00,TXRH
78.69,78.69,78.5,78.52,10776,2021-01-20 16:20:00,TXRH
78.5,78.51,78.41,78.41,23674,2021-01-20 16:25:00,TXRH
78.48,78.565,78.48,78.55,18232,2021-01-20 16:30:00,TXRH
78.54,78.77,78.505,78.76,18171,2021-01-20 16:35:00,TXRH
78.76,78.84,78.72,78.78,12536,2021-01-20 16:40:00,TXRH
78.765,78.85,78.67,78.745,4218,2021-01-20 16:45:00,TXRH
78.745,78.755,78.745,78.755,1402,2021-01-20 16:50:00,TXRH
78.69,78.725,78.69,78.72,1559,2021-01-20 16:55:00,TXRH
78.73,78.75,78.73,78.745,600,2021-01-20 17:00:00,TXRH
78.745,78.79,78.62,78.62,9190,2021-01-20 17:05:00,TXRH
78.595,78.6444,78.535,78.6444,713,2021-01-20 17:10:00,TXRH
78.65,78.66,78.48,78.48,3507,2021-01-20 17:15:00,TXRH
78.53,78.57,78.48,78.49,2947,2021-01-20 17:20:00,TXRH
78.54,78.54,78.525,78.525,300,2021-01-20 17:25:00,TXRH
78.47,78.495,78.33,78.41,3370,2021-01-20 17:30:00,TXRH
78.435,78.45,78.25,78.32,2700,2021-01-20 17:35:00,TXRH
78.32,78.44,78.25,78.39,2063,2021-01-20 17:40:00,TXRH
78.415,78.575,78.4,78.535,3228,2021-01-20 17:45:00,TXRH
78.535,78.705,78.5,78.705,1220,2021-01-20 17:50:00,TXRH
78.68,78.68,78.62,78.66,2400,2021-01-20 17:55:00,TXRH
78.66,78.7484,78.62,78.74,800,2021-01-20 18:00:00,TXRH
78.74,78.74,78.595,78.605,3944,2021-01-20 18:05:00,TXRH
78.62,78.69,78.62,78.69,1000,2021-01-20 18:10:00,TXRH
78.64,78.69,78.52,78.56,6953,2021-01-20 18:15:00,TXRH
78.56,78.56,78.47,78.505,2000,2021-01-20 18:20:00,TXRH
78.52,78.57,78.45,78.45,4716,2021-01-20 18:25:00,TXRH
78.46,78.57,78.46,78.56,5232,2021-01-20 18:30:00,TXRH
78.57,78.8,78.57,78.785,1800,2021-01-20 18:35:00,TXRH
78.785,78.81,78.705,78.77,3282,2021-01-20 18:40:00,TXRH
78.79,78.84,78.635,78.7,36929,2021-01-20 18:45:00,TXRH
78.7,78.85,78.7,78.83,3079,2021-01-20 18:50:00,TXRH
78.83,78.86,78.75,78.79,8600,2021-01-20 18:55:00,TXRH
78.79,78.79,78.68,78.685,3563,2021-01-20 19:00:00,TXRH
78.74,78.82,78.68,78.785,2689,2021-01-20 19:05:00,TXRH
78.785,78.93,78.76,78.845,12646,2021-01-20 19:10:00,TXRH
78.85,79.0,78.82,78.9775,10306,2021-01-20 19:15:00,TXRH
78.94,79.02,78.94,79.02,1538,2021-01-20 19:20:00,TXRH
79.015,79.08,78.92,78.975,8983,2021-01-20 19:25:00,TXRH
78.97,78.98,78.87,78.97,3100,2021-01-20 19:30:00,TXRH
78.95,78.95,78.91,78.94,1528,2021-01-20 19:35:00,TXRH
78.94,78.94,78.81,78.845,4720,2021-01-20 19:40:00,TXRH
78.845,78.85,78.76,78.76,7834,2021-01-20 19:45:00,TXRH
78.77,78.78,78.68,78.74,5474,2021-01-20 19:50:00,TXRH
78.725,78.765,78.71,78.745,4200,2021-01-20 19:55:00,TXRH
78.745,78.81,78.71,78.81,4997,2021-01-20 20:00:00,TXRH
78.805,78.825,78.77,78.77,3667,2021-01-20 20:05:00,TXRH
78.78,78.82,78.72,78.76,2600,2021-01-20 20:10:00,TXRH
78.73,78.81,78.72,78.7471,7284,2021-01-20 20:15:00,TXRH
78.72,78.74,78.665,78.725,6794,2021-01-20 20:20:00,TXRH
78.725,78.845,78.7,78.845,7367,2021-01-20 20:25:00,TXRH
78.815,78.8175,78.681,78.681,7795,2021-01-20 20:30:00,TXRH
78.74,78.79,78.65,78.67,8279,2021-01-20 20:35:00,TXRH
78.665,78.75,78.62,78.62,9377,2021-01-20 20:40:00,TXRH
78.62,78.76,78.62,78.655,29190,2021-01-20 20:45:00,TXRH
78.62,79.06,78.6,79.06,30392,2021-01-20 20:50:00,TXRH
79.04,79.3,79.02,79.08,71238,2021-01-20 20:55:00,TXRH
79.09,79.09,79.09,79.09,78414,2021-01-20 21:00:00,TXRH
79.09,79.09,79.09,79.09,1029,2021-01-20 21:40:00,TXRH
79.17,79.34,78.87,78.87,10744,2021-01-21 14:30:00,TXRH
78.96,79.1,78.85,78.85,2495,2021-01-21 14:35:00,TXRH
79.0,79.36,78.89,78.89,15968,2021-01-21 14:40:00,TXRH
78.78,79.0818,78.78,78.97,583,2021-01-21 14:45:00,TXRH
78.9629,78.9629,78.83,78.86,1962,2021-01-21 14:50:00,TXRH
78.93,78.93,78.42,78.5,10728,2021-01-21 14:55:00,TXRH
78.515,78.58,78.31,78.5,11469,2021-01-21 15:00:00,TXRH
78.5,78.585,78.38,78.546,7488,2021-01-21 15:05:00,TXRH
78.56,78.88,78.49,78.88,3524,2021-01-21 15:10:00,TXRH
78.79,79.09,78.79,78.975,8250,2021-01-21 15:15:00,TXRH
78.9,78.98,78.62,78.98,3833,2021-01-21 15:20:00,TXRH
78.8483,78.93,78.74,78.82,9350,2021-01-21 15:25:00,TXRH
78.825,78.91,78.74,78.78,7800,2021-01-21 15:30:00,TXRH
78.805,78.9,78.68,78.9,1608,2021-01-21 15:35:00,TXRH
78.84,79.02,78.8,78.85,5154,2021-01-21 15:40:00,TXRH
78.8,78.8,78.61,78.65,34166,2021-01-21 15:45:00,TXRH
78.65,78.65,78.48,78.48,6228,2021-01-21 15:50:00,TXRH
78.48,78.485,78.45,78.45,1049,2021-01-21 15:55:00,TXRH
78.43,78.52,78.31,78.31,4154,2021-01-21 16:00:00,TXRH
78.22,78.22,78.0,78.025,3499,2021-01-21 16:05:00,TXRH
78.02,78.12,77.885,77.9307,27839,2021-01-21 16:10:00,TXRH
78.08,78.36,78.0,78.34,6356,2021-01-21 16:15:00,TXRH
78.23,78.46,78.23,78.3898,19728,2021-01-21 16:20:00,TXRH
78.4555,78.46,78.375,78.46,615,2021-01-21 16:25:00,TXRH
78.445,78.45,78.27,78.27,4200,2021-01-21 16:30:00,TXRH
78.14,78.35,78.09,78.35,2971,2021-01-21 16:35:00,TXRH
78.26,78.55,78.23,78.55,15700,2021-01-21 16:40:00,TXRH
78.64,78.64,78.41,78.44,4434,2021-01-21 16:45:00,TXRH
78.44,78.46,78.38,78.45,1203,2021-01-21 16:50:00,TXRH
78.49,78.51,78.41,78.41,2600,2021-01-21 16:55:00,TXRH
78.415,78.4995,78.41,78.47,4596,2021-01-21 17:00:00,TXRH
78.37,78.37,78.23,78.23,1700,2021-01-21 17:05:00,TXRH
78.22,78.22,78.05,78.05,5500,2021-01-21 17:10:00,TXRH
78.1103,78.1103,77.965,77.99,3922,2021-01-21 17:15:00,TXRH
78.02,78.21,77.95,78.21,3604,2021-01-21 17:20:00,TXRH
78.27,78.56,78.245,78.56,1417,2021-01-21 17:25:00,TXRH
78.7,78.7,78.245,78.375,14985,2021-01-21 17:30:00,TXRH
78.41,78.42,78.21,78.26,5015,2021-01-21 17:35:00,TXRH
78.25,78.55,78.17,78.55,4245,2021-01-21 17:40:00,TXRH
78.52,78.65,78.5,78.65,2900,2021-01-21 17:45:00,TXRH
78.63,78.71,78.59,78.65,4937,2021-01-21 17:50:00,TXRH
78.61,78.72,78.56,78.67,3149,2021-01-21 17:55:00,TXRH
78.66,78.73,78.61,78.73,2895,2021-01-21 18:00:00,TXRH
78.74,78.8399,78.71,78.71,3300,2021-01-21 18:05:00,TXRH
78.71,78.82,78.69,78.77,1297,2021-01-21 18:10:00,TXRH
78.76,78.77,78.6,78.64,4398,2021-01-21 18:15:00,TXRH
78.65,78.86,78.65,78.86,1200,2021-01-21 18:20:00,TXRH
78.92,78.92,78.74,78.74,3600,2021-01-21 18:25:00,TXRH
78.76,78.76,78.735,78.75,2857,2021-01-21 18:30:00,TXRH
78.77,78.82,78.77,78.82,300,2021-01-21 18:35:00,TXRH
78.9,78.9,78.71,78.87,4400,2021-01-21 18:40:00,TXRH
78.76,78.785,78.75,78.75,900,2021-01-21 18:45:00,TXRH
78.81,78.82,78.79,78.79,2829,2021-01-21 18:50:00,TXRH
78.82,78.82,78.71,78.71,3850,2021-01-21 18:55:00,TXRH
78.7,78.7,78.61,78.65,3575,2021-01-21 19:00:00,TXRH
78.63,78.81,78.62,78.81,2000,2021-01-21 19:05:00,TXRH
78.8,78.9,78.76,78.88,18255,2021-01-21 19:10:00,TXRH
78.9,79.065,78.9,79.065,1800,2021-01-21 19:15:00,TXRH
79.07,79.07,78.98,79.0,4229,2021-01-21 19:20:00,TXRH
79.01,79.1,79.01,79.06,6529,2021-01-21 19:25:00,TXRH
79.06,79.06,78.96,78.96,4294,2021-01-21 19:30:00,TXRH
78.96,78.96,78.76,78.835,6841,2021-01-21 19:35:00,TXRH
78.84,78.88,78.83,78.86,3500,2021-01-21 19:40:00,TXRH
78.85,78.85,78.79,78.815,4268,2021-01-21 19:45:00,TXRH
78.8,78.85,78.755,78.765,5301,2021-01-21 19:50:00,TXRH
78.74,78.88,78.74,78.85,1100,2021-01-21 19:55:00,TXRH
78.85,78.875,78.72,78.76,11286,2021-01-21 20:00:00,TXRH
78.78,78.8,78.73,78.73,5500,2021-01-21 20:05:00,TXRH
78.71,78.71,78.59,78.59,2800,2021-01-21 20:10:00,TXRH
78.6,78.62,78.39,78.43,4741,2021-01-21 20:15:00,TXRH
78.41,78.59,78.4,78.54,6254,2021-01-21 20:20:00,TXRH
78.53,78.59,78.48,78.58,6690,2021-01-21 20:25:00,TXRH
78.56,78.56,78.46,78.48,6519,2021-01-21 20:30:00,TXRH
78.47,78.63,78.47,78.5,6808,2021-01-21 20:35:00,TXRH
78.5,78.69,78.49,78.68,5658,2021-01-21 20:40:00,TXRH
78.6,78.67,78.56,78.565,12019,2021-01-21 20:45:00,TXRH
78.56,78.67,78.52,78.58,29010,2021-01-21 20:50:00,TXRH
78.59,78.59,78.34,78.35,34613,2021-01-21 20:55:00,TXRH
78.35,78.35,78.35,78.35,70328,2021-01-21 21:00:00,TXRH
78.35,78.35,78.35,78.35,31776,2021-01-21 22:05:00,TXRH
78.01,78.2384,77.95,77.95,5951,2021-01-22 14:30:00,TXRH
77.95,78.35,77.675,77.6845,18939,2021-01-22 14:35:00,TXRH
77.665,78.08,77.65,78.04,7814,2021-01-22 14:40:00,TXRH
78.09,78.29,77.9,78.07,11039,2021-01-22 14:45:00,TXRH
78.07,78.1075,77.95,78.03,9200,2021-01-22 14:50:00,TXRH
78.02,78.08,77.63,77.865,45500,2021-01-22 14:55:00,TXRH
77.86,78.42,77.86,78.1306,15003,2021-01-22 15:00:00,TXRH
78.09,78.5,78.04,78.295,12107,2021-01-22 15:05:00,TXRH
78.34,78.34,78.02,78.23,2600,2021-01-22 15:10:00,TXRH
78.28,78.37,78.125,78.37,3900,2021-01-22 15:15:00,TXRH
78.39,78.39,78.09,78.195,1900,2021-01-22 15:20:00,TXRH
78.315,78.39,78.23,78.37,2801,2021-01-22 15:25:00,TXRH
78.3495,78.45,78.3495,78.415,5500,2021-01-22 15:30:00,TXRH
78.38,78.47,78.285,78.38,2900,2021-01-22 15:35:00,TXRH
78.45,78.59,78.45,78.55,2100,2021-01-22 15:40:00,TXRH
78.54,78.605,78.51,78.605,1200,2021-01-22 15:45:00,TXRH
78.6988,78.6988,78.5,78.555,3011,2021-01-22 15:50:00,TXRH
78.6,78.6,78.46,78.54,2500,2021-01-22 15:55:00,TXRH
78.535,78.72,78.5,78.57,8142,2021-01-22 16:00:00,TXRH
78.585,78.75,78.52,78.59,16443,2021-01-22 16:05:00,TXRH
78.59,78.72,78.58,78.69,26223,2021-01-22 16:10:00,TXRH
78.72,78.78,78.62,78.69,6797,2021-01-22 16:15:00,TXRH
78.74,78.92,78.59,78.91,2804,2021-01-22 16:20:00,TXRH
78.842,79.02,78.842,78.98,4100,2021-01-22 16:25:00,TXRH
78.915,79.2,78.915,79.15,1401,2021-01-22 16:30:00,TXRH
79.21,79.69,79.21,79.54,3200,2021-01-22 16:35:00,TXRH
79.59,79.68,79.5896,79.655,800,2021-01-22 16:40:00,TXRH
79.655,79.655,79.5,79.565,2266,2021-01-22 16:45:00,TXRH
79.57,79.835,79.57,79.6633,2851,2021-01-22 16:50:00,TXRH
79.6582,79.87,79.6582,79.82,4900,2021-01-22 16:55:00,TXRH
79.77,79.81,79.68,79.68,2502,2021-01-22 17:00:00,TXRH
79.625,79.73,79.58,79.655,2100,2021-01-22 17:05:00,TXRH
79.75,79.82,79.65,79.6707,2425,2021-01-22 17:10:00,TXRH
79.69,79.75,79.31,79.415,11429,2021-01-22 17:15:00,TXRH
79.37,79.42,79.15,79.27,4000,2021-01-22 17:20:00,TXRH
79.265,79.27,79.1,79.1,2600,2021-01-22 17:25:00,TXRH
79.165,79.2,79.04,79.04,2152,2021-01-22 17:30:00,TXRH
78.95,78.96,78.625,78.78,2300,2021-01-22 17:35:00,TXRH
78.84,78.91,78.84,78.89,1000,2021-01-22 17:40:00,TXRH
78.92,79.02,78.84,78.905,6800,2021-01-22 17:45:00,TXRH
78.83,79.22,78.83,79.22,1539,2021-01-22 17:50:00,TXRH
79.19,79.3,79.09,79.09,2425,2021-01-22 17:55:00,TXRH
79.1,79.1053,78.88,78.97,1419,2021-01-22 18:00:00,TXRH
78.89,79.04,78.68,78.89,2300,2021-01-22 18:05:00,TXRH
78.78,78.86,78.765,78.765,1000,2021-01-22 18:10:00,TXRH
78.76,78.85,78.69,78.7,3714,2021-01-22 18:15:00,TXRH
78.7,78.7,78.55,78.59,2200,2021-01-22 18:20:00,TXRH
78.615,78.69,78.57,78.57,2170,2021-01-22 18:25:00,TXRH
78.58,78.58,78.41,78.41,2466,2021-01-22 18:30:00,TXRH
78.425,78.47,78.425,78.465,1250,2021-01-22 18:35:00,TXRH
78.49,78.51,78.425,78.505,1747,2021-01-22 18:40:00,TXRH
78.5,78.54,78.29,78.45,22610,2021-01-22 18:45:00,TXRH
78.385,78.495,78.37,78.48,2800,2021-01-22 18:50:00,TXRH
78.53,78.605,78.38,78.38,7072,2021-01-22 18:55:00,TXRH
78.34,78.355,78.23,78.355,4200,2021-01-22 19:00:00,TXRH
78.26,78.56,78.26,78.47,4700,2021-01-22 19:05:00,TXRH
78.45,78.525,78.45,78.525,1900,2021-01-22 19:10:00,TXRH
78.56,78.56,78.5,78.51,1000,2021-01-22 19:15:00,TXRH
78.54,78.72,78.52,78.695,2391,2021-01-22 19:20:00,TXRH
78.67,78.72,78.55,78.55,4210,2021-01-22 19:25:00,TXRH
78.56,78.735,78.56,78.615,2600,2021-01-22 19:30:00,TXRH
78.68,78.69,78.625,78.69,1500,2021-01-22 19:35:00,TXRH
78.71,78.77,78.7,78.74,2800,2021-01-22 19:40:00,TXRH
78.81,78.93,78.81,78.89,2297,2021-01-22 19:45:00,TXRH
78.94,78.96,78.89,78.925,2300,2021-01-22 19:50:00,TXRH
78.89,78.94,78.83,78.875,5258,2021-01-22 19:55:00,TXRH
78.91,78.91,78.84,78.865,1700,2021-01-22 20:00:00,TXRH
78.875,79.035,78.875,79.01,3500,2021-01-22 20:05:00,TXRH
78.99,79.095,78.99,79.09,2800,2021-01-22 20:10:00,TXRH
79.05,79.17,79.01,79.135,4847,2021-01-22 20:15:00,TXRH
79.155,79.31,79.14,79.31,3400,2021-01-22 20:20:00,TXRH
79.26,79.34,79.205,79.34,2900,2021-01-22 20:25:00,TXRH
79.34,79.37,79.25,79.335,5900,2021-01-22 20:30:00,TXRH
79.31,79.43,79.29,79.29,6825,2021-01-22 20:35:00,TXRH
79.31,79.45,79.26,79.44,4800,2021-01-22 20:40:00,TXRH
79.45,79.47,79.355,79.38,10268,2021-01-22 20:45:00,TXRH
79.4,79.64,79.38,79.58,25101,2021-01-22 20:50:00,TXRH
79.61,79.7,79.41,79.7,57524,2021-01-22 20:55:00,TXRH
79.71,79.71,79.71,79.71,108734,2021-01-22 21:00:00,TXRH
78.52,78.52,78.52,78.52,300,2021-01-25 10:25:00,TXRH
78.9,78.9,78.9,78.9,494,2021-01-25 12:25:00,TXRH
77.84,78.85,77.84,78.48,13052,2021-01-25 14:30:00,TXRH
78.59,78.89,78.34,78.34,3621,2021-01-25 14:35:00,TXRH
78.73,79.01,78.62,78.89,3021,2021-01-25 14:40:00,TXRH
78.87,78.89,78.405,78.405,6747,2021-01-25 14:45:00,TXRH
78.41,78.41,77.93,77.93,3665,2021-01-25 14:50:00,TXRH
77.985,78.17,77.5,77.5,20092,2021-01-25 14:55:00,TXRH
77.46,77.8,77.095,77.72,11783,2021-01-25 15:00:00,TXRH
77.74,77.86,77.59,77.72,12653,2021-01-25 15:05:00,TXRH
77.72,77.72,77.145,77.22,9899,2021-01-25 15:10:00,TXRH
77.3029,77.6,77.3029,77.47,5445,2021-01-25 15:15:00,TXRH
77.4,77.61,77.36,77.45,5979,2021-01-25 15:20:00,TXRH
77.6,77.64,77.34,77.54,8668,2021-01-25 15:25:00,TXRH
77.51,77.62,77.33,77.445,3700,2021-01-25 15:30:00,TXRH
77.445,77.485,77.3,77.37,4100,2021-01-25 15:35:00,TXRH
77.405,77.51,77.21,77.21,4865,2021-01-25 15:40:00,TXRH
77.225,77.25,76.53,76.53,9728,2021-01-25 15:45:00,TXRH
76.54,76.68,76.18,76.68,12591,2021-01-25 15:50:00,TXRH
76.77,76.8984,76.4,76.41,9167,2021-01-25 15:55:00,TXRH
76.33,76.62,76.3,76.32,6996,2021-01-25 16:00:00,TXRH
76.18,76.265,75.73,75.88,5950,2021-01-25 16:05:00,TXRH
75.85,76.48,75.73,76.38,6063,2021-01-25 16:10:00,TXRH
76.36,76.56,75.91,76.455,17006,2021-01-25 16:15:00,TXRH
76.41,76.56,76.18,76.51,6822,2021-01-25 16:20:00,TXRH
76.52,76.52,76.05,76.21,4727,2021-01-25 16:25:00,TXRH
76.21,76.46,76.21,76.375,3710,2021-01-25 16:30:00,TXRH
76.36,76.4596,76.16,76.29,21537,2021-01-25 16:35:00,TXRH
76.34,76.7,76.34,76.64,7604,2021-01-25 16:40:00,TXRH
76.63,77.14,76.63,77.09,14890,2021-01-25 16:45:00,TXRH
77.045,77.27,77.045,77.27,4197,2021-01-25 16:50:00,TXRH
77.23,77.85,77.23,77.76,11147,2021-01-25 16:55:00,TXRH
77.81,78.14,77.7509,77.965,10843,2021-01-25 17:00:00,TXRH
77.93,77.99,77.53,77.54,3600,2021-01-25 17:05:00,TXRH
77.55,77.7,77.43,77.495,3779,2021-01-25 17:10:00,TXRH
77.495,77.58,77.08,77.15,2600,2021-01-25 17:15:00,TXRH
77.22,77.62,77.22,77.37,9396,2021-01-25 17:20:00,TXRH
77.41,77.78,77.41,77.7,2425,2021-01-25 17:25:00,TXRH
77.6,77.92,77.57,77.92,3802,2021-01-25 17:30:00,TXRH
77.97,77.97,77.79,77.79,1033,2021-01-25 17:35:00,TXRH
77.85,78.27,77.85,78.18,1400,2021-01-25 17:40:00,TXRH
78.16,78.26,78.07,78.23,3348,2021-01-25 17:45:00,TXRH
78.25,78.2984,78.01,78.27,3000,2021-01-25 17:50:00,TXRH
78.2,78.21,78.03,78.1,2300,2021-01-25 17:55:00,TXRH
78.03,78.19,78.03,78.19,900,2021-01-25 18:00:00,TXRH
78.17,78.19,77.89,78.06,1100,2021-01-25 18:05:00,TXRH
78.1,78.43,78.1,78.43,1934,2021-01-25 18:10:00,TXRH
78.3815,78.48,78.33,78.4,2200,2021-01-25 18:15:00,TXRH
78.37,78.59,78.35,78.535,1535,2021-01-25 18:20:00,TXRH
78.415,78.42,78.29,78.4,2600,2021-01-25 18:25:00,TXRH
78.39,78.49,78.26,78.33,2806,2021-01-25 18:30:00,TXRH
78.19,78.38,78.09,78.14,3687,2021-01-25 18:35:00,TXRH
78.21,78.22,78.21,78.22,600,2021-01-25 18:40:00,TXRH
78.19,78.39,78.14,78.39,3526,2021-01-25 18:45:00,TXRH
78.39,78.48,78.36,78.48,1045,2021-01-25 18:50:00,TXRH
78.35,78.58,78.25,78.34,5300,2021-01-25 18:55:00,TXRH
78.22,78.4,78.19,78.275,3400,2021-01-25 19:00:00,TXRH
78.35,78.45,78.35,78.395,1800,2021-01-25 19:05:00,TXRH
78.34,78.43,78.2,78.31,7384,2021-01-25 19:10:00,TXRH
78.31,78.33,78.16,78.19,3500,2021-01-25 19:15:00,TXRH
78.25,78.29,78.12,78.18,2800,2021-01-25 19:20:00,TXRH
78.16,78.26,78.12,78.26,2086,2021-01-25 19:25:00,TXRH
78.26,78.29,78.19,78.29,2153,2021-01-25 19:30:00,TXRH
78.21,78.21,78.02,78.02,4291,2021-01-25 19:35:00,TXRH
78.02,78.16,78.02,78.12,3303,2021-01-25 19:40:00,TXRH
78.12,78.41,78.12,78.3,5605,2021-01-25 19:45:00,TXRH
78.335,78.41,78.21,78.25,3300,2021-01-25 19:50:00,TXRH
78.25,78.32,78.18,78.32,2885,2021-01-25 19:55:00,TXRH
78.32,78.6,78.32,78.6,7200,2021-01-25 20:00:00,TXRH
78.6,78.65,78.42,78.515,4424,2021-01-25 20:05:00,TXRH
78.515,78.55,78.43,78.48,7739,2021-01-25 20:10:00,TXRH
78.56,78.66,78.48,78.595,8191,2021-01-25 20:15:00,TXRH
78.64,78.65,78.285,78.505,9740,2021-01-25 20:20:00,TXRH
78.4925,78.61,78.48,78.49,4100,2021-01-25 20:25:00,TXRH
78.51,78.7,78.51,78.65,8912,2021-01-25 20:30:00,TXRH
78.675,78.7,78.52,78.58,11328,2021-01-25 20:35:00,TXRH
78.575,78.575,78.37,78.425,8485,2021-01-25 20:40:00,TXRH
78.43,78.57,78.39,78.57,24311,2021-01-25 20:45:00,TXRH
78.56,79.03,78.55,78.93,26236,2021-01-25 20:50:00,TXRH
78.88,78.96,78.63,78.74,39218,2021-01-25 20:55:00,TXRH
78.74,78.74,78.74,78.74,54630,2021-01-25 21:00:00,TXRH
78.74,78.74,78.74,78.74,86420,2021-01-25 22:40:00,TXRH
79.2,79.2,78.325,79.02,13253,2021-01-26 14:30:00,TXRH
78.87,78.87,78.49,78.75,1600,2021-01-26 14:35:00,TXRH
78.49,78.49,78.25,78.25,1300,2021-01-26 14:40:00,TXRH
78.47,78.9,78.34,78.9,3600,2021-01-26 14:45:00,TXRH
78.465,78.82,78.43,78.465,1181,2021-01-26 14:50:00,TXRH
78.66,78.66,78.63,78.63,1000,2021-01-26 14:55:00,TXRH
78.64,79.06,78.475,79.04,6150,2021-01-26 15:00:00,TXRH
78.98,79.09,78.97,79.035,600,2021-01-26 15:05:00,TXRH
79.03,79.05,78.66,78.77,4557,2021-01-26 15:10:00,TXRH
78.64,78.75,78.51,78.75,4179,2021-01-26 15:15:00,TXRH
78.75,79.2,78.75,79.2,1677,2021-01-26 15:20:00,TXRH
78.99,79.2,78.86,79.04,4288,2021-01-26 15:25:00,TXRH
79.05,79.16,78.85,79.15,2835,2021-01-26 15:30:00,TXRH
79.13,79.3,79.13,79.25,2845,2021-01-26 15:35:00,TXRH
79.29,79.29,79.04,79.04,3925,2021-01-26 15:40:00,TXRH
79.02,79.21,79.02,79.16,1530,2021-01-26 15:45:00,TXRH
79.19,79.21,78.86,79.01,5042,2021-01-26 15:50:00,TXRH
79.05,79.2,78.88,79.06,3002,2021-01-26 15:55:00,TXRH
79.07,79.26,78.92,79.2,4388,2021-01-26 16:00:00,TXRH
79.26,79.3,78.99,79.05,5730,2021-01-26 16:05:00,TXRH
79.19,79.35,79.11,79.25,8358,2021-01-26 16:10:00,TXRH
79.195,79.37,79.11,79.11,3722,2021-01-26 16:15:00,TXRH
79.11,79.32,79.1,79.32,400,2021-01-26 16:20:00,TXRH
79.195,79.3,79.1,79.1,3314,2021-01-26 16:25:00,TXRH
79.12,79.19,78.88,78.905,4912,2021-01-26 16:30:00,TXRH
78.9,78.9,78.52,78.59,5075,2021-01-26 16:35:00,TXRH
78.57,78.63,78.23,78.28,4087,2021-01-26 16:40:00,TXRH
78.23,78.29,78.15,78.205,2209,2021-01-26 16:45:00,TXRH
78.25,78.37,78.15,78.225,3000,2021-01-26 16:50:00,TXRH
78.35,78.36,78.26,78.36,300,2021-01-26 16:55:00,TXRH
78.295,78.64,78.295,78.5,8916,2021-01-26 17:00:00,TXRH
78.5,78.65,78.49,78.62,8356,2021-01-26 17:05:00,TXRH
78.68,78.73,78.61,78.61,2670,2021-01-26 17:10:00,TXRH
78.59,78.59,78.44,78.44,3953,2021-01-26 17:15:00,TXRH
78.45,78.67,78.45,78.615,2100,2021-01-26 17:20:00,TXRH
78.63,78.87,78.63,78.775,2400,2021-01-26 17:25:00,TXRH
78.78,78.96,78.75,78.94,2513,2021-01-26 17:30:00,TXRH
78.87,79.02,78.77,78.77,3600,2021-01-26 17:35:00,TXRH
78.79,78.79,78.45,78.45,4000,2021-01-26 17:40:00,TXRH
78.41,78.59,78.32,78.585,3129,2021-01-26 17:45:00,TXRH
78.585,78.65,78.53,78.59,5425,2021-01-26 17:50:00,TXRH
78.54,78.56,78.37,78.39,2756,2021-01-26 17:55:00,TXRH
78.32,78.49,78.28,78.28,2200,2021-01-26 18:00:00,TXRH
78.4,78.4,78.3,78.34,1200,2021-01-26 18:05:00,TXRH
78.39,78.52,78.39,78.5,2100,2021-01-26 18:10:00,TXRH
78.5,78.65,78.47,78.63,2400,2021-01-26 18:15:00,TXRH
78.49,78.53,78.43,78.53,2200,2021-01-26 18:20:00,TXRH
78.5,78.54,78.41,78.41,1200,2021-01-26 18:25:00,TXRH
78.43,78.47,78.37,78.47,1700,2021-01-26 18:30:00,TXRH
78.49,78.56,78.46,78.51,2430,2021-01-26 18:35:00,TXRH
78.56,78.56,78.445,78.45,2571,2021-01-26 18:40:00,TXRH
78.47,78.4995,78.337,78.36,3485,2021-01-26 18:45:00,TXRH
78.27,78.35,78.19,78.255,6038,2021-01-26 18:50:00,TXRH
78.2,78.26,78.14,78.26,5924,2021-01-26 18:55:00,TXRH
78.205,78.4,78.205,78.375,9487,2021-01-26 19:00:00,TXRH
78.34,78.36,78.315,78.36,1200,2021-01-26 19:05:00,TXRH
78.3,78.42,78.3,78.41,2656,2021-01-26 19:10:00,TXRH
78.38,78.4,78.29,78.35,2200,2021-01-26 19:15:00,TXRH
78.36,78.36,78.27,78.31,9800,2021-01-26 19:20:00,TXRH
78.28,78.35,78.18,78.2,16315,2021-01-26 19:25:00,TXRH
78.23,78.33,78.08,78.105,12183,2021-01-26 19:30:00,TXRH
78.03,78.23,77.955,78.15,17883,2021-01-26 19:35:00,TXRH
78.21,78.24,78.09,78.2,5083,2021-01-26 19:40:00,TXRH
78.12,78.3,78.11,78.3,7353,2021-01-26 19:45:00,TXRH
78.255,78.37,78.155,78.2,26893,2021-01-26 19:50:00,TXRH
78.24,78.245,78.0,78.045,6357,2021-01-26 19:55:00,TXRH
78.02,78.23,78.02,78.14,14109,2021-01-26 20:00:00,TXRH
78.14,78.19,77.96,78.01,20323,2021-01-26 20:05:00,TXRH
78.0,78.04,77.9,77.91,17084,2021-01-26 20:10:00,TXRH
77.92,77.96,77.81,77.835,11283,2021-01-26 20:15:00,TXRH
77.835,77.835,77.51,77.61,19911,2021-01-26 20:20:00,TXRH
77.67,77.98,77.665,77.88,14600,2021-01-26 20:25:00,TXRH
77.895,77.99,77.7,77.72,21886,2021-01-26 20:30:00,TXRH
77.7,77.74,77.54,77.615,23580,2021-01-26 20:35:00,TXRH
77.61,77.75,77.61,77.69,24131,2021-01-26 20:40:00,TXRH
77.69,77.71,77.55,77.55,22025,2021-01-26 20:45:00,TXRH
77.55,77.82,77.525,77.8,28358,2021-01-26 20:50:00,TXRH
77.8,77.84,77.51,77.59,48101,2021-01-26 20:55:00,TXRH
77.6,77.6,77.6,77.6,48426,2021-01-26 21:00:00,TXRH
77.6,77.6,77.6,77.6,42214,2021-01-26 22:10:00,TXRH
77.5,77.5,77.5,77.5,100,2021-01-26 23:00:00,TXRH
76.43,76.43,76.2,76.2,400,2021-01-27 14:25:00,TXRH
76.16,76.75,74.17,74.44,35314,2021-01-27 14:30:00,TXRH
74.48,74.52,73.51,73.7953,21577,2021-01-27 14:35:00,TXRH
73.53,73.89,73.38,73.685,17060,2021-01-27 14:40:00,TXRH
73.76,74.0,73.38,73.47,17303,2021-01-27 14:45:00,TXRH
73.595,73.85,73.2,73.75,17469,2021-01-27 14:50:00,TXRH
73.68,74.3,73.68,74.01,12800,2021-01-27 14:55:00,TXRH
74.19,74.24,73.97,74.07,14688,2021-01-27 15:00:00,TXRH
74.07,74.17,73.35,73.44,24741,2021-01-27 15:05:00,TXRH
73.44,73.81,73.35,73.545,12989,2021-01-27 15:10:00,TXRH
73.43,74.5,73.41,74.49,72058,2021-01-27 15:15:00,TXRH
74.5,75.0,74.5,74.9,13991,2021-01-27 15:20:00,TXRH
74.91,75.87,74.9,75.87,83683,2021-01-27 15:25:00,TXRH
75.94,76.3,75.75,76.28,28273,2021-01-27 15:30:00,TXRH
76.32,76.75,76.18,76.435,9191,2021-01-27 15:35:00,TXRH
76.49,76.94,76.45,76.53,9286,2021-01-27 15:40:00,TXRH
76.59,76.71,76.57,76.65,6856,2021-01-27 15:45:00,TXRH
76.585,76.8,76.43,76.43,9283,2021-01-27 15:50:00,TXRH
76.53,76.738,76.38,76.4284,4189,2021-01-27 15:55:00,TXRH
76.55,76.55,76.15,76.19,4726,2021-01-27 16:00:00,TXRH
76.04,76.38,76.02,76.155,4736,2021-01-27 16:05:00,TXRH
76.21,76.21,76.05,76.1,3330,2021-01-27 16:10:00,TXRH
76.06,76.1,75.68,75.885,20780,2021-01-27 16:15:00,TXRH
75.745,75.745,75.5,75.7,3349,2021-01-27 16:20:00,TXRH
75.75,75.93,75.62,75.62,4340,2021-01-27 16:25:00,TXRH
75.71,75.74,75.44,75.65,4024,2021-01-27 16:30:00,TXRH
75.65,75.85,75.54,75.7,2901,2021-01-27 16:35:00,TXRH
75.73,75.84,75.56,75.56,5508,2021-01-27 16:40:00,TXRH
75.61,75.9,75.545,75.66,3498,2021-01-27 16:45:00,TXRH
75.72,75.72,75.51,75.57,2221,2021-01-27 16:50:00,TXRH
75.45,75.47,75.33,75.33,2324,2021-01-27 16:55:00,TXRH
75.185,75.405,75.12,75.125,3700,2021-01-27 17:00:00,TXRH
75.22,75.27,75.185,75.19,800,2021-01-27 17:05:00,TXRH
75.27,75.35,75.185,75.195,2625,2021-01-27 17:10:00,TXRH
75.195,75.195,74.77,74.79,2100,2021-01-27 17:15:00,TXRH
74.88,74.88,74.463,74.64,5497,2021-01-27 17:20:00,TXRH
74.57,74.57,74.28,74.41,1900,2021-01-27 17:25:00,TXRH
74.37,74.74,74.37,74.645,4517,2021-01-27 17:30:00,TXRH
74.615,74.7473,74.39,74.715,5509,2021-01-27 17:35:00,TXRH
74.78,74.88,74.745,74.745,3350,2021-01-27 17:40:00,TXRH
74.76,75.17,74.76,75.095,2647,2021-01-27 17:45:00,TXRH
75.17,75.22,75.07,75.09,6574,2021-01-27 17:50:00,TXRH
75.095,75.16,75.095,75.15,1590,2021-01-27 17:55:00,TXRH
75.15,75.18,74.99,74.99,3098,2021-01-27 18:00:00,TXRH
74.94,75.0,74.82,74.91,4192,2021-01-27 18:05:00,TXRH
74.91,74.97,74.83,74.97,4405,2021-01-27 18:10:00,TXRH
75.06,75.84,75.06,75.64,8452,2021-01-27 18:15:00,TXRH
75.81,75.9,75.2,75.605,18716,2021-01-27 18:20:00,TXRH
75.605,76.14,75.605,75.78,13871,2021-01-27 18:25:00,TXRH
75.645,76.08,75.645,75.995,2008,2021-01-27 18:30:00,TXRH
76.06,76.16,75.87,75.91,3620,2021-01-27 18:35:00,TXRH
75.86,76.13,75.77,75.965,4589,2021-01-27 18:40:00,TXRH
75.9,75.9,75.73,75.86,1700,2021-01-27 18:45:00,TXRH
75.905,76.08,75.84,75.84,3295,2021-01-27 18:50:00,TXRH
75.7833,75.86,75.62,75.755,5816,2021-01-27 18:55:00,TXRH
75.79,75.82,75.56,75.82,1600,2021-01-27 19:00:00,TXRH
75.755,75.86,75.5,75.83,7690,2021-01-27 19:05:00,TXRH
75.83,75.9,75.74,75.82,5114,2021-01-27 19:10:00,TXRH
75.805,75.805,75.42,75.505,4375,2021-01-27 19:15:00,TXRH
75.56,75.62,75.435,75.62,3100,2021-01-27 19:20:00,TXRH
75.66,75.67,75.42,75.425,4513,2021-01-27 19:25:00,TXRH
75.34,75.34,75.0,75.0,3450,2021-01-27 19:30:00,TXRH
74.9,75.17,74.74,75.14,11559,2021-01-27 19:35:00,TXRH
75.07,75.35,75.01,75.095,4960,2021-01-27 19:40:00,TXRH
75.17,75.17,74.44,74.51,6080,2021-01-27 19:45:00,TXRH
74.62,74.69,74.09,74.405,8100,2021-01-27 19:50:00,TXRH
74.355,74.45,74.09,74.1,7307,2021-01-27 19:55:00,TXRH
74.2,74.265,74.0,74.138,10647,2021-01-27 20:00:00,TXRH
74.13,74.48,74.07,74.21,7377,2021-01-27 20:05:00,TXRH
74.28,74.46,74.13,74.235,14024,2021-01-27 20:10:00,TXRH
74.215,74.29,73.985,74.0,17222,2021-01-27 20:15:00,TXRH
74.04,74.05,73.51,73.6,15353,2021-01-27 20:20:00,TXRH
73.73,73.81,73.36,73.54,11722,2021-01-27 20:25:00,TXRH
73.54,73.83,73.51,73.83,10018,2021-01-27 20:30:00,TXRH
73.775,73.83,73.3,73.44,17947,2021-01-27 20:35:00,TXRH
73.41,73.92,73.25,73.85,13952,2021-01-27 20:40:00,TXRH
73.85,74.13,73.62,73.96,24510,2021-01-27 20:45:00,TXRH
74.04,74.335,73.91,73.91,26134,2021-01-27 20:50:00,TXRH
73.91,74.22,73.81,74.0,47651,2021-01-27 20:55:00,TXRH
74.01,74.01,74.01,74.01,109592,2021-01-27 21:00:00,TXRH
74.98,74.98,74.01,74.705,7344,2021-01-28 14:30:00,TXRH
74.96,74.99,74.72,74.855,3023,2021-01-28 14:35:00,TXRH
74.95,75.085,74.47,75.085,37120,2021-01-28 14:40:00,TXRH
75.08,75.67,74.9,75.23,28148,2021-01-28 14:45:00,TXRH
75.465,75.97,75.23,75.88,3576,2021-01-28 14:50:00,TXRH
75.765,76.54,75.59,76.27,10428,2021-01-28 14:55:00,TXRH
76.45,76.74,76.12,76.74,11644,2021-01-28 15:00:00,TXRH
76.74,77.38,76.7,77.165,16590,2021-01-28 15:05:00,TXRH
77.03,77.03,76.775,76.84,4160,2021-01-28 15:10:00,TXRH
76.87,76.91,76.635,76.795,5967,2021-01-28 15:15:00,TXRH
76.71,77.01,76.65,76.91,3321,2021-01-28 15:20:00,TXRH
77.01,77.2,76.91,77.18,5736,2021-01-28 15:25:00,TXRH
77.18,77.4,76.85,77.04,6986,2021-01-28 15:30:00,TXRH
77.19,77.21,76.83,77.05,11274,2021-01-28 15:35:00,TXRH
77.12,77.28,76.68,76.915,30740,2021-01-28 15:40:00,TXRH
76.895,77.19,76.885,77.07,7046,2021-01-28 15:45:00,TXRH
77.03,77.05,76.88,76.98,5260,2021-01-28 15:50:00,TXRH
77.08,77.28,76.74,76.74,4295,2021-01-28 15:55:00,TXRH
76.76,76.76,76.26,76.28,8599,2021-01-28 16:00:00,TXRH
76.22,76.35,76.0,76.16,7184,2021-01-28 16:05:00,TXRH
76.22,76.49,75.84,75.865,8844,2021-01-28 16:10:00,TXRH
75.98,76.0,75.67,75.68,4623,2021-01-28 16:15:00,TXRH
75.685,75.74,75.49,75.695,5951,2021-01-28 16:20:00,TXRH
75.75,76.025,75.61,75.91,11355,2021-01-28 16:25:00,TXRH
75.99,76.29,75.985,76.13,9979,2021-01-28 16:30:00,TXRH
76.08,76.23,76.08,76.1,5340,2021-01-28 16:35:00,TXRH
76.1,76.59,76.06,76.505,11497,2021-01-28 16:40:00,TXRH
76.6,76.69,76.215,76.645,11300,2021-01-28 16:45:00,TXRH
76.69,77.06,76.6,76.89,12173,2021-01-28 16:50:00,TXRH
76.99,77.12,76.945,77.06,3900,2021-01-28 16:55:00,TXRH
77.08,77.105,76.92,77.1,3034,2021-01-28 17:00:00,TXRH
77.1,77.25,77.02,77.25,4004,2021-01-28 17:05:00,TXRH
77.17,77.24,76.84,77.18,22087,2021-01-28 17:10:00,TXRH
77.21,77.52,77.15,77.28,10118,2021-01-28 17:15:00,TXRH
77.305,77.51,77.305,77.425,3795,2021-01-28 17:20:00,TXRH
77.425,77.88,77.36,77.86,5825,2021-01-28 17:25:00,TXRH
77.77,77.8699,77.66,77.84,9259,2021-01-28 17:30:00,TXRH
77.9,77.91,77.57,77.69,2490,2021-01-28 17:35:00,TXRH
77.635,78.01,77.53,78.01,6644,2021-01-28 17:40:00,TXRH
77.93,78.02,77.69,77.745,4787,2021-01-28 17:45:00,TXRH
77.69,77.81,77.41,77.47,5540,2021-01-28 17:50:00,TXRH
77.45,77.59,77.3,77.55,4733,2021-01-28 17:55:00,TXRH
77.58,77.77,77.52,77.77,1483,2021-01-28 18:00:00,TXRH
77.7,77.7,77.365,77.37,10862,2021-01-28 18:05:00,TXRH
77.31,77.36,77.18,77.36,3791,2021-01-28 18:10:00,TXRH
77.29,77.55,77.29,77.48,3990,2021-01-28 18:15:00,TXRH
77.49,77.65,77.49,77.65,2900,2021-01-28 18:20:00,TXRH
77.64,77.88,77.51,77.71,4269,2021-01-28 18:25:00,TXRH
77.67,77.72,77.55,77.69,7732,2021-01-28 18:30:00,TXRH
77.69,77.99,77.69,77.9,2976,2021-01-28 18:35:00,TXRH
77.82,77.94,77.82,77.94,3028,2021-01-28 18:40:00,TXRH
77.92,77.92,77.74,77.8,4926,2021-01-28 18:45:00,TXRH
77.7999,78.14,77.751,78.12,11063,2021-01-28 18:50:00,TXRH
78.061,78.09,77.92,78.025,5223,2021-01-28 18:55:00,TXRH
78.15,78.18,77.95,78.09,5620,2021-01-28 19:00:00,TXRH
78.0,78.05,77.79,77.79,4393,2021-01-28 19:05:00,TXRH
77.805,77.86,77.7,77.86,5240,2021-01-28 19:10:00,TXRH
77.79,77.88,77.71,77.88,4587,2021-01-28 19:15:00,TXRH
77.88,77.99,77.82,77.845,5754,2021-01-28 19:20:00,TXRH
77.85,78.09,77.85,78.09,3966,2021-01-28 19:25:00,TXRH
78.125,78.2,78.07,78.2,3760,2021-01-28 19:30:00,TXRH
78.12,78.47,78.08,78.47,8873,2021-01-28 19:35:00,TXRH
78.445,78.52,78.3,78.375,6134,2021-01-28 19:40:00,TXRH
78.375,78.58,78.33,78.58,8633,2021-01-28 19:45:00,TXRH
78.57,78.69,78.38,78.48,6740,2021-01-28 19:50:00,TXRH
78.46,78.72,78.31,78.69,7747,2021-01-28 19:55:00,TXRH
78.67,78.67,78.37,78.505,12418,2021-01-28 20:00:00,TXRH
78.49,78.78,78.46,78.78,9754,2021-01-28 20:05:00,TXRH
78.75,78.88,78.73,78.84,10631,2021-01-28 20:10:00,TXRH
78.8,78.82,78.38,78.565,13161,2021-01-28 20:15:00,TXRH
78.65,78.65,78.43,78.5,6160,2021-01-28 20:20:00,TXRH
78.54,78.59,78.16,78.16,11376,2021-01-28 20:25:00,TXRH
78.1,78.43,78.1,78.23,11995,2021-01-28 20:30:00,TXRH
78.23,78.23,77.795,77.85,17451,2021-01-28 20:35:00,TXRH
77.85,77.93,77.79,77.93,13539,2021-01-28 20:40:00,TXRH
77.93,78.24,77.93,78.18,12860,2021-01-28 20:45:00,TXRH
78.19,78.37,78.19,78.22,29116,2021-01-28 20:50:00,TXRH
78.23,78.23,77.54,77.58,50503,2021-01-28 20:55:00,TXRH
77.66,77.66,77.66,77.66,53024,2021-01-28 21:00:00,TXRH
76.99,76.99,76.99,76.99,965,2021-01-29 13:40:00,TXRH
76.31,76.31,75.68,75.68,912,2021-01-29 14:15:00,TXRH
77.0,77.29,76.5,76.57,9162,2021-01-29 14:30:00,TXRH
76.53,76.76,76.01,76.1,3976,2021-01-29 14:35:00,TXRH
76.07,76.07,75.5,76.04,3957,2021-01-29 14:40:00,TXRH
76.33,77.03,76.33,76.61,5035,2021-01-29 14:45:00,TXRH
76.6,77.04,76.42,76.43,12625,2021-01-29 14:50:00,TXRH
76.64,77.16,76.36,77.16,10409,2021-01-29 14:55:00,TXRH
77.26,77.32,76.93,77.18,6100,2021-01-29 15:00:00,TXRH
77.16,77.78,76.83,77.78,6228,2021-01-29 15:05:00,TXRH
77.44,77.44,77.42,77.42,300,2021-01-29 15:10:00,TXRH
77.41,77.52,77.27,77.515,5033,2021-01-29 15:15:00,TXRH
77.51,77.5695,77.37,77.455,3143,2021-01-29 15:20:00,TXRH
77.5,77.52,77.13,77.33,8262,2021-01-29 15:25:00,TXRH
77.27,77.75,77.27,77.74,3800,2021-01-29 15:30:00,TXRH
77.74,78.19,77.74,78.09,8815,2021-01-29 15:35:00,TXRH
78.09,78.26,77.98,77.9925,5315,2021-01-29 15:40:00,TXRH
78.01,78.1,77.8,78.1,7932,2021-01-29 15:45:00,TXRH
78.04,78.53,77.94,78.53,5944,2021-01-29 15:50:00,TXRH
78.445,78.54,78.31,78.53,5684,2021-01-29 15:55:00,TXRH
78.53,78.66,78.145,78.145,4284,2021-01-29 16:00:00,TXRH
78.1,78.19,77.77,77.84,7758,2021-01-29 16:05:00,TXRH
77.93,77.93,77.6,77.65,14956,2021-01-29 16:10:00,TXRH
77.62,77.8,77.61,77.74,5037,2021-01-29 16:15:00,TXRH
77.73,77.76,77.34,77.34,5457,2021-01-29 16:20:00,TXRH
77.38,77.47,77.05,77.05,4870,2021-01-29 16:25:00,TXRH
76.91,77.24,76.71,76.71,6138,2021-01-29 16:30:00,TXRH
76.71,76.76,76.58,76.76,4273,2021-01-29 16:35:00,TXRH
76.83,77.19,76.83,77.19,2500,2021-01-29 16:40:00,TXRH
77.06,77.14,77.04,77.09,3735,2021-01-29 16:45:00,TXRH
77.105,77.28,77.0117,77.25,6488,2021-01-29 16:50:00,TXRH
77.35,77.41,77.23,77.41,3260,2021-01-29 16:55:00,TXRH
77.47,77.55,77.35,77.43,5300,2021-01-29 17:00:00,TXRH
77.45,77.64,77.45,77.515,2340,2021-01-29 17:05:00,TXRH
77.54,77.6,77.22,77.22,4204,2021-01-29 17:10:00,TXRH
77.17,77.17,76.68,76.735,3800,2021-01-29 17:15:00,TXRH
76.64,76.68,76.45,76.54,5580,2021-01-29 17:20:00,TXRH
76.53,76.63,76.45,76.57,3200,2021-01-29 17:25:00,TXRH
76.61,76.61,76.19,76.21,3858,2021-01-29 17:30:00,TXRH
76.2,76.46,76.19,76.235,4680,2021-01-29 17:35:00,TXRH
76.25,76.32,75.7,75.785,9220,2021-01-29 17:40:00,TXRH
75.78,76.07,75.77,76.06,5220,2021-01-29 17:45:00,TXRH
75.97,76.68,75.97,76.68,3800,2021-01-29 17:50:00,TXRH
76.69,76.69,76.22,76.31,4100,2021-01-29 17:55:00,TXRH
76.22,76.43,76.08,76.42,2900,2021-01-29 18:00:00,TXRH
76.34,76.34,76.13,76.22,3500,2021-01-29 18:05:00,TXRH
76.13,76.19,75.99,76.14,3065,2021-01-29 18:10:00,TXRH
76.14,76.14,75.82,75.88,6270,2021-01-29 18:15:00,TXRH
75.915,76.32,75.865,76.3,4018,2021-01-29 18:20:00,TXRH
76.33,76.53,76.27,76.405,7700,2021-01-29 18:25:00,TXRH
76.33,76.34,75.85,76.02,4681,2021-01-29 18:30:00,TXRH
75.98,76.28,75.98,76.06,13850,2021-01-29 18:35:00,TXRH
75.94,76.295,75.94,76.295,9664,2021-01-29 18:40:00,TXRH
76.19,76.28,75.8,75.89,3150,2021-01-29 18:45:00,TXRH
75.955,76.05,75.75,76.05,2600,2021-01-29 18:50:00,TXRH
76.06,76.06,75.8,75.96,3028,2021-01-29 18:55:00,TXRH
75.96,76.49,75.96,76.34,4802,2021-01-29 19:00:00,TXRH
76.27,76.34,76.195,76.34,3800,2021-01-29 19:05:00,TXRH
76.345,76.37,76.21,76.325,3500,2021-01-29 19:10:00,TXRH
76.34,76.39,76.23,76.39,2601,2021-01-29 19:15:00,TXRH
76.39,76.52,76.16,76.23,4357,2021-01-29 19:20:00,TXRH
76.24,76.24,75.72,75.97,6300,2021-01-29 19:25:00,TXRH
75.98,76.0,75.71,75.99,3900,2021-01-29 19:30:00,TXRH
76.01,76.23,75.815,76.1,11986,2021-01-29 19:35:00,TXRH
75.98,76.34,75.84,76.065,4426,2021-01-29 19:40:00,TXRH
76.07,76.36,76.07,76.18,6216,2021-01-29 19:45:00,TXRH
76.29,76.29,76.13,76.13,2943,2021-01-29 19:50:00,TXRH
76.14,76.34,76.14,76.19,7054,2021-01-29 19:55:00,TXRH
76.17,76.66,76.09,76.61,9746,2021-01-29 20:00:00,TXRH
76.68,76.7,76.5,76.64,9013,2021-01-29 20:05:00,TXRH
76.61,76.74,76.57,76.64,5150,2021-01-29 20:10:00,TXRH
76.61,76.68,76.51,76.64,8866,2021-01-29 20:15:00,TXRH
76.64,76.99,76.64,76.99,17477,2021-01-29 20:20:00,TXRH
76.99,77.16,76.89,77.15,9439,2021-01-29 20:25:00,TXRH
77.1,77.45,77.1,77.33,18859,2021-01-29 20:30:00,TXRH
77.295,77.3125,76.76,76.8,12704,2021-01-29 20:35:00,TXRH
76.8,76.8,76.52,76.52,7662,2021-01-29 20:40:00,TXRH
76.58,76.62,76.21,76.54,14510,2021-01-29 20:45:00,TXRH
76.66,76.75,76.4,76.4,22049,2021-01-29 20:50:00,TXRH
76.45,76.71,76.21,76.22,37378,2021-01-29 20:55:00,TXRH
76.21,76.21,76.21,76.21,118951,2021-01-29 21:00:00,TXRH
76.21,76.21,76.21,76.21,13228,2021-01-29 21:45:00,TXRH
76.46,76.55,75.58,76.035,8760,2021-02-01 14:30:00,TXRH
76.21,76.43,75.61,75.71,15758,2021-02-01 14:35:00,TXRH
75.58,76.22,75.58,75.91,9400,2021-02-01 14:40:00,TXRH
75.89,76.39,75.89,76.1,4593,2021-02-01 14:45:00,TXRH
76.26,76.26,75.865,76.01,2900,2021-02-01 14:50:00,TXRH
76.07,76.16,75.77,75.91,6211,2021-02-01 14:55:00,TXRH
75.835,75.9099,75.53,75.645,1969,2021-02-01 15:00:00,TXRH
75.77,75.97,75.76,75.81,1300,2021-02-01 15:05:00,TXRH
75.875,76.08,75.77,76.07,11968,2021-02-01 15:10:00,TXRH
75.935,76.08,75.85,76.05,2011,2021-02-01 15:15:00,TXRH
75.92,75.93,75.61,75.6975,3227,2021-02-01 15:20:00,TXRH
75.86,75.86,75.17,75.23,22814,2021-02-01 15:25:00,TXRH
75.2,75.56,75.1,75.56,1377,2021-02-01 15:30:00,TXRH
75.65,75.66,75.17,75.2048,5308,2021-02-01 15:35:00,TXRH
75.15,75.24,75.11,75.205,3518,2021-02-01 15:40:00,TXRH
75.11,75.49,75.11,75.49,4997,2021-02-01 15:45:00,TXRH
75.55,75.76,75.36,75.36,7063,2021-02-01 15:50:00,TXRH
75.47,75.5,75.3,75.46,53000,2021-02-01 15:55:00,TXRH
75.4,75.43,75.01,75.165,5251,2021-02-01 16:00:00,TXRH
75.165,75.285,75.165,75.25,5079,2021-02-01 16:05:00,TXRH
75.25,75.44,75.2,75.42,6124,2021-02-01 16:10:00,TXRH
75.38,75.65,75.38,75.62,6760,2021-02-01 16:15:00,TXRH
75.63,75.74,75.58,75.71,10593,2021-02-01 16:20:00,TXRH
75.81,75.94,75.75,75.94,7180,2021-02-01 16:25:00,TXRH
75.88,76.22,75.87,76.14,7353,2021-02-01 16:30:00,TXRH
76.09,76.18,75.96,76.17,4100,2021-02-01 16:35:00,TXRH
76.22,76.57,76.2,76.54,16691,2021-02-01 16:40:00,TXRH
76.57,76.68,76.5,76.59,6477,2021-02-01 16:45:00,TXRH
76.58,76.62,76.41,76.47,5102,2021-02-01 16:50:00,TXRH
76.4,76.51,76.31,76.36,4825,2021-02-01 16:55:00,TXRH
76.405,76.54,76.39,76.39,3729,2021-02-01 17:00:00,TXRH
76.39,76.48,76.33,76.33,2433,2021-02-01 17:05:00,TXRH
76.31,76.34,76.22,76.31,2914,2021-02-01 17:10:00,TXRH
76.31,76.465,76.295,76.465,8554,2021-02-01 17:15:00,TXRH
76.4,76.445,76.23,76.25,7364,2021-02-01 17:20:00,TXRH
76.24,76.27,76.17,76.22,9171,2021-02-01 17:25:00,TXRH
76.22,76.24,76.01,76.09,6578,2021-02-01 17:30:00,TXRH
76.12,76.46,75.98,76.43,18832,2021-02-01 17:35:00,TXRH
76.42,76.73,76.21,76.73,17186,2021-02-01 17:40:00,TXRH
76.73,77.01,76.6901,77.005,3775,2021-02-01 17:45:00,TXRH
77.1,77.12,76.86,76.86,4271,2021-02-01 17:50:00,TXRH
76.86,76.98,76.81,76.98,1948,2021-02-01 17:55:00,TXRH
76.98,76.98,76.85,76.94,700,2021-02-01 18:00:00,TXRH
76.95,76.95,76.8,76.8,13094,2021-02-01 18:05:00,TXRH
76.75,76.88,76.68,76.88,3362,2021-02-01 18:10:00,TXRH
76.85,76.97,76.83,76.87,8012,2021-02-01 18:15:00,TXRH
76.97,77.16,76.97,77.15,2686,2021-02-01 18:20:00,TXRH
77.21,77.49,77.14,77.395,3345,2021-02-01 18:25:00,TXRH
77.48,77.59,77.27,77.55,3109,2021-02-01 18:30:00,TXRH
77.58,77.58,77.3,77.33,4442,2021-02-01 18:35:00,TXRH
77.275,77.31,77.22,77.31,1700,2021-02-01 18:40:00,TXRH
77.265,77.27,77.18,77.1813,2530,2021-02-01 18:45:00,TXRH
77.18,77.225,77.1,77.175,2500,2021-02-01 18:50:00,TXRH
77.18,77.29,77.15,77.29,3148,2021-02-01 18:55:00,TXRH
77.28,77.54,77.25,77.54,3273,2021-02-01 19:00:00,TXRH
77.54,77.81,77.43,77.8,11161,2021-02-01 19:05:00,TXRH
77.8,77.835,77.675,77.73,4298,2021-02-01 19:10:00,TXRH
77.76,78.19,77.76,77.88,11865,2021-02-01 19:15:00,TXRH
77.84,78.04,77.74,78.04,3800,2021-02-01 19:20:00,TXRH
78.0,78.23,77.9,77.92,4900,2021-02-01 19:25:00,TXRH
77.935,78.03,77.78,77.92,21901,2021-02-01 19:30:00,TXRH
77.92,78.0,77.83,77.83,2918,2021-02-01 19:35:00,TXRH
77.86,77.955,77.84,77.875,6039,2021-02-01 19:40:00,TXRH
77.91,77.985,77.86,77.975,3100,2021-02-01 19:45:00,TXRH
77.93,77.93,77.83,77.885,3100,2021-02-01 19:50:00,TXRH
77.9,77.91,77.79,77.885,4635,2021-02-01 19:55:00,TXRH
77.885,78.2,77.885,78.17,2887,2021-02-01 20:00:00,TXRH
78.21,78.21,78.04,78.05,9135,2021-02-01 20:05:00,TXRH
78.05,78.15,78.05,78.15,2127,2021-02-01 20:10:00,TXRH
78.185,78.36,78.09,78.13,9923,2021-02-01 20:15:00,TXRH
78.16,78.21,78.02,78.045,5644,2021-02-01 20:20:00,TXRH
78.07,78.07,77.84,78.0,4702,2021-02-01 20:25:00,TXRH
77.92,78.03,77.87,77.98,3899,2021-02-01 20:30:00,TXRH
78.005,78.13,77.9925,78.015,13429,2021-02-01 20:35:00,TXRH
78.0,78.03,77.92,78.02,10756,2021-02-01 20:40:00,TXRH
77.99,78.24,77.99,78.21,15196,2021-02-01 20:45:00,TXRH
78.215,78.5,78.12,78.41,24967,2021-02-01 20:50:00,TXRH
78.43,78.48,78.13,78.25,37062,2021-02-01 20:55:00,TXRH
78.13,78.13,78.13,78.13,43475,2021-02-01 21:00:00,TXRH
79.23,79.48,78.77,79.25,10311,2021-02-02 14:30:00,TXRH
78.87,79.28,78.37,79.27,9328,2021-02-02 14:35:00,TXRH
79.36,79.76,79.36,79.75,3100,2021-02-02 14:40:00,TXRH
79.515,80.36,79.34,80.29,9215,2021-02-02 14:45:00,TXRH
80.075,80.255,79.62,79.75,1520,2021-02-02 14:50:00,TXRH
79.4535,79.4535,78.99,79.29,4114,2021-02-02 14:55:00,TXRH
79.45,79.69,79.28,79.565,6581,2021-02-02 15:00:00,TXRH
79.52,79.52,79.18,79.25,1757,2021-02-02 15:05:00,TXRH
79.33,79.37,79.19,79.26,4856,2021-02-02 15:10:00,TXRH
79.26,79.63,79.17,79.565,2800,2021-02-02 15:15:00,TXRH
79.51,79.66,79.25,79.25,2353,2021-02-02 15:20:00,TXRH
79.36,79.64,79.265,79.63,13600,2021-02-02 15:25:00,TXRH
79.435,79.525,79.155,79.2,7125,2021-02-02 15:30:00,TXRH
79.14,79.53,79.1,79.21,10400,2021-02-02 15:35:00,TXRH
79.1,79.5,79.1,79.45,2698,2021-02-02 15:40:00,TXRH
79.23,79.48,79.05,79.47,13021,2021-02-02 15:45:00,TXRH
79.33,79.33,79.11,79.26,4154,2021-02-02 15:50:00,TXRH
79.1,79.36,79.09,79.18,6423,2021-02-02 15:55:00,TXRH
79.09,79.32,79.09,79.155,3348,2021-02-02 16:00:00,TXRH
79.21,79.68,79.18,79.68,2534,2021-02-02 16:05:00,TXRH
79.7,79.8,79.55,79.74,5435,2021-02-02 16:10:00,TXRH
79.65,79.92,79.645,79.92,4703,2021-02-02 16:15:00,TXRH
79.96,79.96,79.75,79.905,6747,2021-02-02 16:20:00,TXRH
79.84,79.895,79.75,79.795,8700,2021-02-02 16:25:00,TXRH
79.795,79.93,79.75,79.905,6844,2021-02-02 16:30:00,TXRH
79.92,80.11,79.885,79.915,5631,2021-02-02 16:35:00,TXRH
79.995,80.05,79.87,79.99,5263,2021-02-02 16:40:00,TXRH
80.015,80.04,79.78,79.81,3200,2021-02-02 16:45:00,TXRH
79.785,80.03,79.7,80.03,28400,2021-02-02 16:50:00,TXRH
79.99,80.15,79.84,79.87,3224,2021-02-02 16:55:00,TXRH
79.87,79.875,79.76,79.85,4438,2021-02-02 17:00:00,TXRH
79.84,80.05,79.835,80.04,3459,2021-02-02 17:05:00,TXRH
80.05,80.05,79.785,79.785,4351,2021-02-02 17:10:00,TXRH
79.83,79.96,79.7962,79.94,2928,2021-02-02 17:15:00,TXRH
79.94,80.0,79.88,79.92,3839,2021-02-02 17:20:00,TXRH
79.91,79.94,79.905,79.905,600,2021-02-02 17:25:00,TXRH
79.905,80.01,79.855,80.01,3799,2021-02-02 17:30:00,TXRH
80.02,80.09,79.995,79.995,3836,2021-02-02 17:35:00,TXRH
79.96,80.045,79.945,79.965,2600,2021-02-02 17:40:00,TXRH
79.965,80.01,79.82,80.01,3672,2021-02-02 17:45:00,TXRH
80.01,80.12,79.86,79.89,3590,2021-02-02 17:50:00,TXRH
79.87,80.06,79.85,79.99,2350,2021-02-02 17:55:00,TXRH
80.0,80.06,79.88,79.88,2006,2021-02-02 18:00:00,TXRH
79.88,80.1,79.88,80.08,6615,2021-02-02 18:05:00,TXRH
80.105,80.38,80.06,80.31,5491,2021-02-02 18:10:00,TXRH
80.34,80.34,80.19,80.19,3300,2021-02-02 18:15:00,TXRH
80.1,80.13,79.98,79.98,1900,2021-02-02 18:20:00,TXRH
80.005,80.165,79.995,80.16,3800,2021-02-02 18:25:00,TXRH
80.15,80.18,80.12,80.125,2200,2021-02-02 18:30:00,TXRH
80.13,80.43,80.1,80.43,6912,2021-02-02 18:35:00,TXRH
80.385,80.47,80.31,80.33,1790,2021-02-02 18:40:00,TXRH
80.31,80.33,80.12,80.12,5173,2021-02-02 18:45:00,TXRH
80.19,80.24,80.155,80.23,3347,2021-02-02 18:50:00,TXRH
80.25,80.3,80.23,80.24,2998,2021-02-02 18:55:00,TXRH
80.23,80.25,80.13,80.21,5493,2021-02-02 19:00:00,TXRH
80.21,80.46,80.195,80.36,3509,2021-02-02 19:05:00,TXRH
80.32,80.365,80.25,80.365,2400,2021-02-02 19:10:00,TXRH
80.37,80.41,80.32,80.41,2304,2021-02-02 19:15:00,TXRH
80.45,80.45,80.29,80.36,6389,2021-02-02 19:20:00,TXRH
80.32,80.38,80.24,80.38,4114,2021-02-02 19:25:00,TXRH
80.41,80.6,80.37,80.54,5798,2021-02-02 19:30:00,TXRH
80.545,80.545,80.395,80.49,3432,2021-02-02 19:35:00,TXRH
80.5,80.575,80.46,80.555,4309,2021-02-02 19:40:00,TXRH
80.5,80.63,80.5,80.6,2900,2021-02-02 19:45:00,TXRH
80.64,80.65,80.49,80.63,6686,2021-02-02 19:50:00,TXRH
80.63,80.895,80.63,80.895,4125,2021-02-02 19:55:00,TXRH
80.88,80.895,80.735,80.83,5009,2021-02-02 20:00:00,TXRH
80.815,80.815,80.665,80.77,3017,2021-02-02 20:05:00,TXRH
80.775,80.79,80.64,80.68,6500,2021-02-02 20:10:00,TXRH
80.59,80.67,80.59,80.66,3750,2021-02-02 20:15:00,TXRH
80.69,80.69,80.38,80.405,3306,2021-02-02 20:20:00,TXRH
80.43,80.515,80.3,80.3,6721,2021-02-02 20:25:00,TXRH
80.35,80.51,80.32,80.475,4639,2021-02-02 20:30:00,TXRH
80.475,80.52,80.47,80.52,4429,2021-02-02 20:35:00,TXRH
80.52,80.53,80.24,80.24,12268,2021-02-02 20:40:00,TXRH
80.18,80.56,80.18,80.53,8839,2021-02-02 20:45:00,TXRH
80.68,80.8,80.56,80.68,23363,2021-02-02 20:50:00,TXRH
80.72,80.76,80.44,80.4613,36767,2021-02-02 20:55:00,TXRH
80.52,80.52,80.52,80.52,58597,2021-02-02 21:00:00,TXRH
80.2,80.94,80.06,80.7,10652,2021-02-03 14:30:00,TXRH
80.725,80.725,80.41,80.72,1700,2021-02-03 14:35:00,TXRH
80.8,81.5,80.8,81.33,7090,2021-02-03 14:40:00,TXRH
81.29,81.31,80.76,80.76,1991,2021-02-03 14:45:00,TXRH
80.49,80.72,80.01,80.495,10149,2021-02-03 14:50:00,TXRH
80.61,80.97,80.41,80.41,10065,2021-02-03 14:55:00,TXRH
80.43,80.67,80.43,80.635,1702,2021-02-03 15:00:00,TXRH
80.69,80.88,80.6401,80.88,5460,2021-02-03 15:05:00,TXRH
80.91,81.21,80.81,81.05,4022,2021-02-03 15:10:00,TXRH
81.25,81.29,81.19,81.22,1000,2021-02-03 15:15:00,TXRH
81.185,81.19,80.835,81.1,4598,2021-02-03 15:20:00,TXRH
81.21,81.32,80.99,81.0,7426,2021-02-03 15:25:00,TXRH
81.0,81.32,81.0,81.28,4021,2021-02-03 15:30:00,TXRH
81.3,81.74,81.3,81.59,15377,2021-02-03 15:35:00,TXRH
81.51,81.9,81.44,81.88,9175,2021-02-03 15:40:00,TXRH
81.82,82.1,81.71,82.055,12945,2021-02-03 15:45:00,TXRH
82.055,82.15,81.88,82.14,12400,2021-02-03 15:50:00,TXRH
82.16,82.32,82.12,82.215,17985,2021-02-03 15:55:00,TXRH
82.22,82.22,81.955,82.1,11806,2021-02-03 16:00:00,TXRH
82.06,82.17,82.02,82.09,9199,2021-02-03 16:05:00,TXRH
82.07,82.29,82.045,82.29,4356,2021-02-03 16:10:00,TXRH
82.33,82.44,82.28,82.39,19956,2021-02-03 16:15:00,TXRH
82.385,82.67,82.385,82.48,12911,2021-02-03 16:20:00,TXRH
82.48,82.63,82.45,82.5975,5270,2021-02-03 16:25:00,TXRH
82.65,82.67,82.36,82.43,6073,2021-02-03 16:30:00,TXRH
82.41,82.53,82.4,82.53,1400,2021-02-03 16:35:00,TXRH
82.46,82.66,82.35,82.66,7620,2021-02-03 16:40:00,TXRH
82.74,82.88,82.6919,82.8,11090,2021-02-03 16:45:00,TXRH
82.795,82.95,82.795,82.95,2125,2021-02-03 16:50:00,TXRH
82.895,83.01,82.83,83.01,11704,2021-02-03 16:55:00,TXRH
82.99,83.05,82.88,82.975,8429,2021-02-03 17:00:00,TXRH
82.95,82.95,82.7458,82.92,3397,2021-02-03 17:05:00,TXRH
82.89,83.03,82.89,82.975,5808,2021-02-03 17:10:00,TXRH
82.96,83.21,82.87,82.965,10941,2021-02-03 17:15:00,TXRH
82.945,83.06,82.945,82.98,5104,2021-02-03 17:20:00,TXRH
82.94,83.06,82.9,83.01,3007,2021-02-03 17:25:00,TXRH
82.97,83.04,82.625,82.685,6545,2021-02-03 17:30:00,TXRH
82.67,82.86,82.67,82.86,1812,2021-02-03 17:35:00,TXRH
82.91,82.97,82.86,82.905,5094,2021-02-03 17:40:00,TXRH
82.905,83.13,82.905,83.13,5255,2021-02-03 17:45:00,TXRH
83.14,83.14,82.75,82.755,9301,2021-02-03 17:50:00,TXRH
82.685,82.75,82.62,82.74,3742,2021-02-03 17:55:00,TXRH
82.77,82.79,82.67,82.79,3320,2021-02-03 18:00:00,TXRH
82.79,82.83,82.48,82.56,4475,2021-02-03 18:05:00,TXRH
82.59,82.6,82.54,82.57,5941,2021-02-03 18:10:00,TXRH
82.6,82.84,82.58,82.84,7714,2021-02-03 18:15:00,TXRH
82.7861,82.7861,82.52,82.6,6887,2021-02-03 18:20:00,TXRH
82.58,82.585,82.52,82.52,2300,2021-02-03 18:25:00,TXRH
82.49,82.57,82.48,82.57,3000,2021-02-03 18:30:00,TXRH
82.57,82.81,82.57,82.81,2200,2021-02-03 18:35:00,TXRH
82.797,83.15,82.745,83.13,8643,2021-02-03 18:40:00,TXRH
83.14,83.23,82.96,83.19,3163,2021-02-03 18:45:00,TXRH
83.26,83.36,83.18,83.36,5842,2021-02-03 18:50:00,TXRH
83.37,83.555,83.27,83.27,15342,2021-02-03 18:55:00,TXRH
83.33,83.4,83.01,83.01,10430,2021-02-03 19:00:00,TXRH
82.985,83.24,82.89,83.185,10780,2021-02-03 19:05:00,TXRH
83.24,83.42,83.11,83.14,7763,2021-02-03 19:10:00,TXRH
83.1425,83.24,83.02,83.08,7444,2021-02-03 19:15:00,TXRH
83.03,83.08,82.88,82.9,9011,2021-02-03 19:20:00,TXRH
82.88,82.8912,82.63,82.75,8105,2021-02-03 19:25:00,TXRH
82.725,82.725,82.66,82.66,2871,2021-02-03 19:30:00,TXRH
82.66,82.87,82.66,82.84,6034,2021-02-03 19:35:00,TXRH
82.84,83.005,82.84,83.0,8711,2021-02-03 19:40:00,TXRH
82.97,83.05,82.93,83.02,5019,2021-02-03 19:45:00,TXRH
82.93,83.31,82.93,83.25,10443,2021-02-03 19:50:00,TXRH
83.255,83.4,83.18,83.3025,7990,2021-02-03 19:55:00,TXRH
83.33,83.48,83.27,83.48,25364,2021-02-03 20:00:00,TXRH
83.48,83.48,82.75,82.75,10866,2021-02-03 20:05:00,TXRH
82.76,82.76,82.32,82.32,9844,2021-02-03 20:10:00,TXRH
82.22,82.44,82.22,82.25,7210,2021-02-03 20:15:00,TXRH
82.25,82.5,82.25,82.47,10087,2021-02-03 20:20:00,TXRH
82.45,82.56,82.31,82.31,6545,2021-02-03 20:25:00,TXRH
82.34,82.6,82.26,82.6,8109,2021-02-03 20:30:00,TXRH
82.52,82.59,82.4,82.46,10808,2021-02-03 20:35:00,TXRH
82.43,82.58,82.27,82.31,12749,2021-02-03 20:40:00,TXRH
82.32,82.35,82.13,82.13,15251,2021-02-03 20:45:00,TXRH
82.13,82.32,81.73,82.17,27845,2021-02-03 20:50:00,TXRH
82.16,82.5,82.16,82.4,77988,2021-02-03 20:55:00,TXRH
82.34,82.34,82.33,82.33,61301,2021-02-03 21:00:00,TXRH
82.77,83.545,82.395,83.305,8800,2021-02-04 14:30:00,TXRH
83.24,83.57,83.18,83.565,1712,2021-02-04 14:35:00,TXRH
83.61,83.78,83.38,83.6825,4639,2021-02-04 14:40:00,TXRH
83.78,84.25,83.58,84.25,8878,2021-02-04 14:45:00,TXRH
84.18,84.43,84.0875,84.19,3571,2021-02-04 14:50:00,TXRH
84.27,84.65,84.25,84.65,1950,2021-02-04 14:55:00,TXRH
84.79,85.31,84.56,84.59,29226,2021-02-04 15:00:00,TXRH
84.7,84.82,84.45,84.6,7967,2021-02-04 15:05:00,TXRH
84.66,84.82,84.64,84.82,1197,2021-02-04 15:10:00,TXRH
84.7,85.07,84.7,84.965,3000,2021-02-04 15:15:00,TXRH
85.105,85.15,84.89,85.04,8372,2021-02-04 15:20:00,TXRH
85.07,85.4,85.04,85.35,7493,2021-02-04 15:25:00,TXRH
85.345,85.75,85.27,85.59,8996,2021-02-04 15:30:00,TXRH
85.59,85.86,85.57,85.69,3869,2021-02-04 15:35:00,TXRH
85.79,86.15,85.79,85.94,21713,2021-02-04 15:40:00,TXRH
85.9,86.01,85.78,86.01,2900,2021-02-04 15:45:00,TXRH
86.01,86.32,86.01,86.235,6340,2021-02-04 15:50:00,TXRH
86.235,86.4,86.17,86.195,4850,2021-02-04 15:55:00,TXRH
86.24,86.46,86.18,86.21,5147,2021-02-04 16:00:00,TXRH
86.26,86.51,86.205,86.51,6100,2021-02-04 16:05:00,TXRH
86.52,86.6,85.98,86.0,7842,2021-02-04 16:10:00,TXRH
86.0,86.3,85.94,86.28,5652,2021-02-04 16:15:00,TXRH
86.27,86.53,86.2,86.21,8251,2021-02-04 16:20:00,TXRH
86.265,86.27,85.95,86.1,4809,2021-02-04 16:25:00,TXRH
86.13,86.32,86.12,86.31,22949,2021-02-04 16:30:00,TXRH
86.32,86.38,86.28,86.28,5200,2021-02-04 16:35:00,TXRH
86.29,86.33,86.07,86.07,4659,2021-02-04 16:40:00,TXRH
86.05,86.29,86.05,86.25,4233,2021-02-04 16:45:00,TXRH
86.195,86.195,85.91,86.09,17912,2021-02-04 16:50:00,TXRH
85.96,86.19,85.95,86.18,65740,2021-02-04 16:55:00,TXRH
86.12,86.28,85.94,86.02,9598,2021-02-04 17:00:00,TXRH
86.05,86.25,85.97,86.16,4621,2021-02-04 17:05:00,TXRH
86.2,86.28,86.17,86.21,2480,2021-02-04 17:10:00,TXRH
86.21,86.295,86.02,86.02,5557,2021-02-04 17:15:00,TXRH
86.05,86.11,85.98,85.98,2380,2021-02-04 17:20:00,TXRH
86.02,86.11,85.96,85.97,4913,2021-02-04 17:25:00,TXRH
85.97,85.975,85.545,85.545,6184,2021-02-04 17:30:00,TXRH
85.56,85.79,85.56,85.7394,3643,2021-02-04 17:35:00,TXRH
85.7,85.7,85.51,85.565,1400,2021-02-04 17:40:00,TXRH
85.53,85.53,85.44,85.51,700,2021-02-04 17:45:00,TXRH
85.54,85.71,85.52,85.52,2850,2021-02-04 17:50:00,TXRH
85.6,85.6,85.2749,85.32,1600,2021-02-04 17:55:00,TXRH
85.23,85.23,85.11,85.1999,3622,2021-02-04 18:00:00,TXRH
85.11,85.15,84.92,85.025,3357,2021-02-04 18:05:00,TXRH
85.05,85.11,84.99,84.99,2000,2021-02-04 18:10:00,TXRH
84.98,85.17,84.94,85.14,3150,2021-02-04 18:15:00,TXRH
85.25,85.335,85.24,85.335,900,2021-02-04 18:20:00,TXRH
85.4,85.51,85.35,85.51,2166,2021-02-04 18:25:00,TXRH
85.45,85.59,85.4,85.51,2794,2021-02-04 18:30:00,TXRH
85.51,85.55,85.46,85.46,3300,2021-02-04 18:35:00,TXRH
85.5,85.55,85.48,85.48,1250,2021-02-04 18:40:00,TXRH
85.495,85.82,85.43,85.75,6070,2021-02-04 18:45:00,TXRH
85.78,85.79,85.69,85.73,1300,2021-02-04 18:50:00,TXRH
85.77,85.79,85.72,85.775,2000,2021-02-04 18:55:00,TXRH
85.76,85.84,85.7,85.75,2541,2021-02-04 19:00:00,TXRH
85.7,85.725,85.55,85.55,1600,2021-02-04 19:05:00,TXRH
85.52,85.56,85.38,85.42,3301,2021-02-04 19:10:00,TXRH
85.405,85.56,85.36,85.56,1600,2021-02-04 19:15:00,TXRH
85.59,85.74,85.59,85.672,1800,2021-02-04 19:20:00,TXRH
85.75,85.83,85.66,85.705,8149,2021-02-04 19:25:00,TXRH
85.705,85.74,85.5,85.5,5511,2021-02-04 19:30:00,TXRH
85.545,85.675,85.48,85.665,8150,2021-02-04 19:35:00,TXRH
85.71,85.79,85.668,85.675,3200,2021-02-04 19:40:00,TXRH
85.64,85.69,85.63,85.69,1900,2021-02-04 19:45:00,TXRH
85.69,85.79,85.58,85.635,5024,2021-02-04 19:50:00,TXRH
85.6,85.73,85.56,85.56,1520,2021-02-04 19:55:00,TXRH
85.51,85.64,85.49,85.64,2900,2021-02-04 20:00:00,TXRH
85.62,85.78,85.62,85.71,10441,2021-02-04 20:05:00,TXRH
85.66,85.7,85.33,85.34,36802,2021-02-04 20:10:00,TXRH
85.34,85.34,85.17,85.22,8042,2021-02-04 20:15:00,TXRH
85.14,85.175,85.0,85.09,5100,2021-02-04 20:20:00,TXRH
85.0,85.23,85.0,85.105,7299,2021-02-04 20:25:00,TXRH
85.09,85.1,84.9,84.9,11922,2021-02-04 20:30:00,TXRH
84.92,84.935,84.81,84.875,5507,2021-02-04 20:35:00,TXRH
84.84,84.91,84.73,84.75,4933,2021-02-04 20:40:00,TXRH
84.71,84.83,84.69,84.78,9848,2021-02-04 20:45:00,TXRH
84.75,84.84,84.75,84.78,24626,2021-02-04 20:50:00,TXRH
84.8,85.09,84.76,85.08,37921,2021-02-04 20:55:00,TXRH
85.08,85.08,85.08,85.08,77278,2021-02-04 21:00:00,TXRH
85.71,86.39,85.5,86.23,22264,2021-02-05 14:30:00,TXRH
86.205,86.21,85.74,85.74,2400,2021-02-05 14:35:00,TXRH
86.0,86.22,86.0,86.22,1700,2021-02-05 14:40:00,TXRH
86.22,86.565,86.22,86.38,14779,2021-02-05 14:45:00,TXRH
86.32,86.435,85.88,85.88,26328,2021-02-05 14:50:00,TXRH
85.655,86.09,85.39,86.06,8284,2021-02-05 14:55:00,TXRH
85.995,86.15,85.89,86.09,5056,2021-02-05 15:00:00,TXRH
86.0,86.38,86.0,86.29,35295,2021-02-05 15:05:00,TXRH
86.31,86.5,86.26,86.5,5045,2021-02-05 15:10:00,TXRH
86.58,86.81,86.5,86.58,6539,2021-02-05 15:15:00,TXRH
86.49,86.95,86.49,86.95,4868,2021-02-05 15:20:00,TXRH
86.93,87.29,86.92,86.98,35277,2021-02-05 15:25:00,TXRH
86.935,87.075,86.86,87.02,4010,2021-02-05 15:30:00,TXRH
87.02,87.53,86.87,87.455,13757,2021-02-05 15:35:00,TXRH
87.45,87.67,87.35,87.54,10164,2021-02-05 15:40:00,TXRH
87.6,87.925,87.6,87.88,6794,2021-02-05 15:45:00,TXRH
87.87,87.975,87.795,87.96,6426,2021-02-05 15:50:00,TXRH
87.97,88.08,87.67,87.685,7584,2021-02-05 15:55:00,TXRH
87.695,87.79,87.62,87.63,2800,2021-02-05 16:00:00,TXRH
87.63,87.6799,87.25,87.34,5850,2021-02-05 16:05:00,TXRH
87.26,87.51,87.2487,87.425,22703,2021-02-05 16:10:00,TXRH
87.38,87.515,87.33,87.485,5000,2021-02-05 16:15:00,TXRH
87.54,87.6,87.25,87.52,8937,2021-02-05 16:20:00,TXRH
87.4018,87.59,87.37,87.5,5300,2021-02-05 16:25:00,TXRH
87.52,87.725,87.51,87.59,5596,2021-02-05 16:30:00,TXRH
87.58,87.635,87.51,87.53,8784,2021-02-05 16:35:00,TXRH
87.53,87.775,87.53,87.775,8089,2021-02-05 16:40:00,TXRH
87.78,87.81,87.55,87.55,3300,2021-02-05 16:45:00,TXRH
87.55,87.83,87.55,87.625,5000,2021-02-05 16:50:00,TXRH
87.56,87.56,87.24,87.25,3900,2021-02-05 16:55:00,TXRH
87.22,87.63,87.22,87.585,3400,2021-02-05 17:00:00,TXRH
87.62,87.73,87.57,87.72,3303,2021-02-05 17:05:00,TXRH
87.67,87.95,87.66,87.89,5361,2021-02-05 17:10:00,TXRH
87.92,88.17,87.92,88.14,7728,2021-02-05 17:15:00,TXRH
88.13,88.14,87.925,88.095,6829,2021-02-05 17:20:00,TXRH
88.095,88.15,87.99,88.13,4700,2021-02-05 17:25:00,TXRH
88.115,88.24,88.08,88.22,4024,2021-02-05 17:30:00,TXRH
88.2,88.2,88.0294,88.08,3133,2021-02-05 17:35:00,TXRH
88.05,88.075,87.995,88.02,4698,2021-02-05 17:40:00,TXRH
88.025,88.06,87.98,88.01,5418,2021-02-05 17:45:00,TXRH
87.98,88.09,87.88,88.06,7300,2021-02-05 17:50:00,TXRH
88.06,88.37,88.06,88.37,5544,2021-02-05 17:55:00,TXRH
88.315,88.37,87.95,87.99,10902,2021-02-05 18:00:00,TXRH
87.99,88.11,87.975,88.1,6180,2021-02-05 18:05:00,TXRH
88.125,88.2,87.99,88.02,4377,2021-02-05 18:10:00,TXRH
88.025,88.2,88.0,88.1981,6689,2021-02-05 18:15:00,TXRH
88.19,88.27,88.06,88.17,10569,2021-02-05 18:20:00,TXRH
88.24,88.62,88.24,88.62,7969,2021-02-05 18:25:00,TXRH
88.565,88.58,88.47,88.545,6070,2021-02-05 18:30:00,TXRH
88.57,88.57,88.43,88.45,4583,2021-02-05 18:35:00,TXRH
88.415,88.46,88.32,88.38,4900,2021-02-05 18:40:00,TXRH
88.37,88.59,88.37,88.38,105531,2021-02-05 18:45:00,TXRH
88.33,88.36,88.23,88.26,3414,2021-02-05 18:50:00,TXRH
88.23,88.23,88.08,88.15,4084,2021-02-05 18:55:00,TXRH
88.15,88.44,88.07,88.3,247800,2021-02-05 19:00:00,TXRH
88.34,88.37,87.89,87.89,6021,2021-02-05 19:05:00,TXRH
87.85,87.97,87.85,87.945,2418,2021-02-05 19:10:00,TXRH
87.94,88.11,87.94,87.95,32221,2021-02-05 19:15:00,TXRH
87.94,88.09,87.94,87.9711,4025,2021-02-05 19:20:00,TXRH
88.02,88.41,87.9992,88.41,4291,2021-02-05 19:25:00,TXRH
88.385,88.57,88.26,88.33,10096,2021-02-05 19:30:00,TXRH
88.33,88.71,88.3,88.71,30665,2021-02-05 19:35:00,TXRH
88.72,88.87,88.42,88.47,9051,2021-02-05 19:40:00,TXRH
88.445,88.46,88.27,88.31,1846,2021-02-05 19:45:00,TXRH
88.24,88.27,88.02,88.02,5365,2021-02-05 19:50:00,TXRH
88.04,88.57,88.03,88.505,5608,2021-02-05 19:55:00,TXRH
88.51,88.61,88.46,88.49,6661,2021-02-05 20:00:00,TXRH
88.46,88.48,88.245,88.245,6208,2021-02-05 20:05:00,TXRH
88.28,88.32,88.15,88.16,3638,2021-02-05 20:10:00,TXRH
88.16,88.21,87.99,88.1,7063,2021-02-05 20:15:00,TXRH
88.15,88.29,88.15,88.245,4361,2021-02-05 20:20:00,TXRH
88.28,88.28,88.04,88.16,6763,2021-02-05 20:25:00,TXRH
88.16,88.44,88.16,88.415,6793,2021-02-05 20:30:00,TXRH
88.43,88.53,88.37,88.41,10091,2021-02-05 20:35:00,TXRH
88.43,88.53,88.39,88.505,8917,2021-02-05 20:40:00,TXRH
88.47,88.65,88.47,88.605,16227,2021-02-05 20:45:00,TXRH
88.585,88.62,88.35,88.57,33184,2021-02-05 20:50:00,TXRH
88.57,88.63,88.41,88.6,51895,2021-02-05 20:55:00,TXRH
88.6,88.6,88.6,88.6,67032,2021-02-05 21:00:00,TXRH
88.58,88.58,88.58,88.58,100,2021-02-06 00:55:00,TXRH
89.02,89.02,88.22,88.22,8965,2021-02-08 14:30:00,TXRH
88.185,88.8,88.07,88.23,7982,2021-02-08 14:35:00,TXRH
88.4896,88.66,88.23,88.58,5460,2021-02-08 14:40:00,TXRH
88.415,88.72,88.23,88.23,8573,2021-02-08 14:45:00,TXRH
88.41,88.41,87.73,88.14,54550,2021-02-08 14:50:00,TXRH
88.24,88.66,88.15,88.29,3500,2021-02-08 14:55:00,TXRH
88.26,88.39,88.11,88.205,2600,2021-02-08 15:00:00,TXRH
88.195,88.69,88.15,88.68,4301,2021-02-08 15:05:00,TXRH
88.82,89.41,88.82,89.41,4843,2021-02-08 15:10:00,TXRH
89.49,89.62,89.3,89.47,6813,2021-02-08 15:15:00,TXRH
89.56,89.64,89.36,89.43,10402,2021-02-08 15:20:00,TXRH
89.4,89.52,89.21,89.49,40253,2021-02-08 15:25:00,TXRH
89.61,89.61,89.23,89.45,19974,2021-02-08 15:30:00,TXRH
89.36,89.47,89.23,89.41,5200,2021-02-08 15:35:00,TXRH
89.46,89.505,89.3,89.505,3501,2021-02-08 15:40:00,TXRH
89.54,89.58,89.275,89.275,5361,2021-02-08 15:45:00,TXRH
89.28,89.28,88.955,88.975,7261,2021-02-08 15:50:00,TXRH
89.035,89.11,89.0,89.11,5431,2021-02-08 15:55:00,TXRH
89.16,89.35,89.16,89.28,11169,2021-02-08 16:00:00,TXRH
89.31,89.61,89.28,89.41,5481,2021-02-08 16:05:00,TXRH
89.5,89.52,89.16,89.25,5600,2021-02-08 16:10:00,TXRH
89.25,89.25,89.07,89.07,3000,2021-02-08 16:15:00,TXRH
89.06,89.23,89.02,89.175,19196,2021-02-08 16:20:00,TXRH
89.17,89.21,89.01,89.01,54900,2021-02-08 16:25:00,TXRH
89.05,89.05,88.51,88.65,7237,2021-02-08 16:30:00,TXRH
88.65,88.97,88.65,88.82,25143,2021-02-08 16:35:00,TXRH
88.83,88.88,88.79,88.87,4425,2021-02-08 16:40:00,TXRH
88.88,89.22,88.79,89.195,41044,2021-02-08 16:45:00,TXRH
89.195,89.39,89.04,89.04,7708,2021-02-08 16:50:00,TXRH
89.1,89.24,89.0,89.16,16472,2021-02-08 16:55:00,TXRH
89.13,89.23,89.0,89.07,42594,2021-02-08 17:00:00,TXRH
89.02,89.28,89.01,89.225,11245,2021-02-08 17:05:00,TXRH
89.225,89.3,89.18,89.19,5600,2021-02-08 17:10:00,TXRH
89.23,89.4,89.15,89.31,12173,2021-02-08 17:15:00,TXRH
89.31,89.54,89.3,89.435,12617,2021-02-08 17:20:00,TXRH
89.43,89.5,89.43,89.43,11330,2021-02-08 17:25:00,TXRH
89.48,89.76,89.43,89.675,6804,2021-02-08 17:30:00,TXRH
89.64,89.88,89.64,89.685,6661,2021-02-08 17:35:00,TXRH
89.69,89.76,89.37,89.37,28795,2021-02-08 17:40:00,TXRH
89.4,89.59,89.33,89.525,5202,2021-02-08 17:45:00,TXRH
89.485,89.5,89.2406,89.29,4800,2021-02-08 17:50:00,TXRH
89.24,89.34,89.18,89.24,3200,2021-02-08 17:55:00,TXRH
89.24,89.27,89.225,89.235,600,2021-02-08 18:00:00,TXRH
89.18,89.19,88.97,88.97,3700,2021-02-08 18:05:00,TXRH
88.975,89.35,88.975,89.35,52341,2021-02-08 18:10:00,TXRH
89.29,89.35,89.19,89.3,1949,2021-02-08 18:15:00,TXRH
89.25,89.28,89.05,89.065,3315,2021-02-08 18:20:00,TXRH
89.04,89.07,88.72,88.72,2957,2021-02-08 18:25:00,TXRH
88.67,88.72,88.5,88.58,4486,2021-02-08 18:30:00,TXRH
88.61,88.64,88.47,88.53,2254,2021-02-08 18:35:00,TXRH
88.45,88.525,88.28,88.38,2100,2021-02-08 18:40:00,TXRH
88.32,88.47,88.23,88.38,3600,2021-02-08 18:45:00,TXRH
88.425,88.54,88.36,88.36,2700,2021-02-08 18:50:00,TXRH
88.3405,88.575,88.34,88.495,5590,2021-02-08 18:55:00,TXRH
88.58,88.79,88.58,88.65,2300,2021-02-08 19:00:00,TXRH
88.72,88.79,88.66,88.77,2564,2021-02-08 19:05:00,TXRH
88.71,88.76,88.58,88.6,2000,2021-02-08 19:10:00,TXRH
88.67,88.78,88.625,88.78,2689,2021-02-08 19:15:00,TXRH
88.685,88.805,88.67,88.795,2805,2021-02-08 19:20:00,TXRH
88.78,88.885,88.77,88.885,3300,2021-02-08 19:25:00,TXRH
88.91,89.11,88.89,89.03,3100,2021-02-08 19:30:00,TXRH
89.0,89.11,88.89,89.11,3200,2021-02-08 19:35:00,TXRH
89.035,89.11,88.95,89.04,3200,2021-02-08 19:40:00,TXRH
89.06,89.13,89.03,89.1,4321,2021-02-08 19:45:00,TXRH
89.12,89.12,88.93,88.93,3550,2021-02-08 19:50:00,TXRH
88.97,89.0,88.88,88.95,3700,2021-02-08 19:55:00,TXRH
89.0,89.28,88.99,89.24,5673,2021-02-08 20:00:00,TXRH
89.23,89.27,89.12,89.12,6300,2021-02-08 20:05:00,TXRH
89.15,89.15,88.93,88.97,2897,2021-02-08 20:10:00,TXRH
88.98,89.08,88.96,89.06,6401,2021-02-08 20:15:00,TXRH
89.09,89.28,89.09,89.27,4100,2021-02-08 20:20:00,TXRH
89.26,89.42,89.215,89.33,10229,2021-02-08 20:25:00,TXRH
89.32,89.46,89.23,89.23,7344,2021-02-08 20:30:00,TXRH
89.26,89.28,89.15,89.24,6010,2021-02-08 20:35:00,TXRH
89.265,89.39,89.22,89.25,6791,2021-02-08 20:40:00,TXRH
89.28,89.3,89.21,89.28,8200,2021-02-08 20:45:00,TXRH
89.27,89.41,89.23,89.37,22140,2021-02-08 20:50:00,TXRH
89.37,89.54,89.33,89.51,44119,2021-02-08 20:55:00,TXRH
89.51,89.51,89.51,89.51,47656,2021-02-08 21:00:00,TXRH
89.3,89.3,89.3,89.3,100,2021-02-08 21:05:00,TXRH
89.46,89.46,88.76,88.76,4563,2021-02-09 14:30:00,TXRH
89.09,89.27,88.8904,89.2651,2176,2021-02-09 14:35:00,TXRH
88.84,89.015,88.675,89.015,1222,2021-02-09 14:40:00,TXRH
89.37,89.59,89.2,89.55,1158,2021-02-09 14:45:00,TXRH
89.41,89.55,89.36,89.55,1300,2021-02-09 14:50:00,TXRH
89.555,89.74,89.33,89.33,400,2021-02-09 14:55:00,TXRH
89.32,89.5061,89.0,89.155,2949,2021-02-09 15:00:00,TXRH
89.12,89.12,88.91,88.91,1100,2021-02-09 15:05:00,TXRH
89.12,89.12,88.8832,88.8832,2600,2021-02-09 15:10:00,TXRH
88.88,88.94,88.72,88.81,800,2021-02-09 15:15:00,TXRH
88.81,88.81,88.51,88.51,700,2021-02-09 15:20:00,TXRH
88.51,88.62,88.44,88.61,4970,2021-02-09 15:25:00,TXRH
88.61,88.61,88.545,88.545,400,2021-02-09 15:30:00,TXRH
88.59,88.65,88.5,88.54,6440,2021-02-09 15:35:00,TXRH
88.58,89.0,88.55,88.995,13682,2021-02-09 15:40:00,TXRH
88.96,88.96,88.74,88.79,3012,2021-02-09 15:45:00,TXRH
88.72,88.73,88.63,88.715,2896,2021-02-09 15:50:00,TXRH
88.71,88.75,88.55,88.64,15800,2021-02-09 15:55:00,TXRH
88.64,88.65,88.6,88.625,1905,2021-02-09 16:00:00,TXRH
88.56,88.72,88.56,88.7074,4901,2021-02-09 16:05:00,TXRH
88.655,88.655,88.55,88.6261,2775,2021-02-09 16:10:00,TXRH
88.57,88.745,88.5067,88.71,4000,2021-02-09 16:15:00,TXRH
88.83,88.83,88.66,88.67,2083,2021-02-09 16:20:00,TXRH
88.71,88.75,88.6,88.71,13189,2021-02-09 16:25:00,TXRH
88.67,88.77,88.67,88.71,2800,2021-02-09 16:30:00,TXRH
88.77,89.145,88.73,89.145,6374,2021-02-09 16:35:00,TXRH
89.15,89.25,89.08,89.115,6239,2021-02-09 16:40:00,TXRH
89.11,89.2,89.03,89.13,16717,2021-02-09 16:45:00,TXRH
89.1,89.31,89.1,89.23,24298,2021-02-09 16:50:00,TXRH
89.205,89.31,89.205,89.26,5884,2021-02-09 16:55:00,TXRH
89.23,89.67,89.23,89.48,8304,2021-02-09 17:00:00,TXRH
89.445,89.755,89.405,89.535,14121,2021-02-09 17:05:00,TXRH
89.535,89.74,89.535,89.74,2200,2021-02-09 17:10:00,TXRH
89.76,89.855,89.62,89.66,2300,2021-02-09 17:15:00,TXRH
89.705,89.705,89.62,89.66,1100,2021-02-09 17:20:00,TXRH
89.62,89.72,89.6,89.72,2000,2021-02-09 17:25:00,TXRH
89.64,89.79,89.64,89.73,2316,2021-02-09 17:30:00,TXRH
89.79,89.945,89.79,89.89,2547,2021-02-09 17:35:00,TXRH
89.965,90.0,89.9,89.92,3668,2021-02-09 17:40:00,TXRH
89.9,89.95,89.85,89.85,1588,2021-02-09 17:45:00,TXRH
89.86,89.91,89.86,89.87,1400,2021-02-09 17:50:00,TXRH
89.885,89.885,89.7,89.76,1900,2021-02-09 17:55:00,TXRH
89.73,89.73,89.48,89.49,3423,2021-02-09 18:00:00,TXRH
89.56,89.56,89.42,89.43,1400,2021-02-09 18:05:00,TXRH
89.47,89.47,89.35,89.35,1000,2021-02-09 18:10:00,TXRH
89.39,89.4,89.34,89.34,900,2021-02-09 18:15:00,TXRH
89.19,89.25,89.18,89.18,1100,2021-02-09 18:20:00,TXRH
89.205,89.205,89.14,89.14,500,2021-02-09 18:25:00,TXRH
89.11,89.14,89.095,89.14,1900,2021-02-09 18:30:00,TXRH
89.0975,89.0975,88.96,88.96,12400,2021-02-09 18:35:00,TXRH
88.96,88.99,88.91,88.96,7200,2021-02-09 18:40:00,TXRH
89.04,89.08,88.96,88.96,1100,2021-02-09 18:45:00,TXRH
88.96,88.99,88.93,88.96,750,2021-02-09 18:50:00,TXRH
88.99,89.09,88.99,89.02,2179,2021-02-09 18:55:00,TXRH
88.98,89.07,88.97,89.0,13355,2021-02-09 19:00:00,TXRH
89.01,89.08,88.9686,89.08,3100,2021-02-09 19:05:00,TXRH
89.06,89.08,88.88,88.88,2900,2021-02-09 19:10:00,TXRH
88.77,88.92,88.77,88.92,1800,2021-02-09 19:15:00,TXRH
88.99,88.99,88.91,88.91,2370,2021-02-09 19:20:00,TXRH
88.86,88.86,88.61,88.66,2100,2021-02-09 19:25:00,TXRH
88.69,88.7,88.44,88.44,2823,2021-02-09 19:30:00,TXRH
88.42,88.48,88.36,88.47,3200,2021-02-09 19:35:00,TXRH
88.46,88.47,88.33,88.33,1968,2021-02-09 19:40:00,TXRH
88.32,88.7,88.31,88.7,10605,2021-02-09 19:45:00,TXRH
88.77,88.77,88.535,88.615,3203,2021-02-09 19:50:00,TXRH
88.525,88.745,88.48,88.7,2390,2021-02-09 19:55:00,TXRH
88.695,88.695,88.5,88.58,1900,2021-02-09 20:00:00,TXRH
88.6399,88.6399,88.39,88.39,3100,2021-02-09 20:05:00,TXRH
88.31,88.42,88.24,88.42,1300,2021-02-09 20:10:00,TXRH
88.385,88.43,88.32,88.43,2300,2021-02-09 20:15:00,TXRH
88.42,88.42,88.29,88.305,2192,2021-02-09 20:20:00,TXRH
88.27,88.34,88.24,88.24,2180,2021-02-09 20:25:00,TXRH
88.29,88.55,88.29,88.515,8398,2021-02-09 20:30:00,TXRH
88.58,88.85,88.525,88.69,16566,2021-02-09 20:35:00,TXRH
88.67,88.67,88.54,88.58,2745,2021-02-09 20:40:00,TXRH
88.62,88.77,88.55,88.6539,9785,2021-02-09 20:45:00,TXRH
88.6,88.84,88.59,88.785,35832,2021-02-09 20:50:00,TXRH
88.82,88.82,88.5,88.81,91682,2021-02-09 20:55:00,TXRH
88.78,88.78,88.78,88.78,35768,2021-02-09 21:00:00,TXRH
89.38,89.38,88.555,88.57,6243,2021-02-10 14:30:00,TXRH
88.59,89.39,88.57,88.82,4518,2021-02-10 14:35:00,TXRH
88.84,89.2,88.84,89.0,1500,2021-02-10 14:40:00,TXRH
89.0,89.2,88.88,89.2,3003,2021-02-10 14:45:00,TXRH
88.967,89.28,88.91,88.92,1265,2021-02-10 14:50:00,TXRH
89.1,89.3,89.01,89.16,2000,2021-02-10 14:55:00,TXRH
89.155,89.42,89.045,89.215,700,2021-02-10 15:00:00,TXRH
89.04,89.57,89.04,89.41,3202,2021-02-10 15:05:00,TXRH
89.39,89.42,88.97,89.09,3200,2021-02-10 15:10:00,TXRH
89.09,89.09,88.45,88.51,3712,2021-02-10 15:15:00,TXRH
88.61,88.61,87.88,87.9592,4600,2021-02-10 15:20:00,TXRH
88.075,88.26,87.83,87.83,4352,2021-02-10 15:25:00,TXRH
87.85,87.95,87.58,87.58,9006,2021-02-10 15:30:00,TXRH
87.92,87.97,87.65,87.73,15880,2021-02-10 15:35:00,TXRH
87.74,88.12,87.65,87.65,6700,2021-02-10 15:40:00,TXRH
87.805,87.84,87.51,87.51,1286,2021-02-10 15:45:00,TXRH
87.52,87.87,87.37,87.87,4050,2021-02-10 15:50:00,TXRH
87.76,88.17,87.76,88.17,1300,2021-02-10 15:55:00,TXRH
88.1,88.385,88.1,88.31,3200,2021-02-10 16:00:00,TXRH
88.4,88.46,88.315,88.375,1850,2021-02-10 16:05:00,TXRH
88.6,88.675,88.505,88.6,1200,2021-02-10 16:10:00,TXRH
88.6,88.85,88.6,88.8,2900,2021-02-10 16:15:00,TXRH
88.78,88.97,88.63,88.72,3600,2021-02-10 16:20:00,TXRH
88.58,88.635,88.01,88.03,2600,2021-02-10 16:25:00,TXRH
87.96,88.1,87.73,88.09,3576,2021-02-10 16:30:00,TXRH
88.17,88.25,88.09,88.09,700,2021-02-10 16:35:00,TXRH
88.09,88.22,87.94,88.02,2800,2021-02-10 16:40:00,TXRH
88.02,88.02,87.8,87.995,2920,2021-02-10 16:45:00,TXRH
88.06,88.06,87.89,87.89,3200,2021-02-10 16:50:00,TXRH
87.91,88.11,87.87,87.935,3459,2021-02-10 16:55:00,TXRH
87.93,87.93,87.69,87.79,4760,2021-02-10 17:00:00,TXRH
87.67,87.67,87.53,87.585,2000,2021-02-10 17:05:00,TXRH
87.53,87.59,87.49,87.59,1000,2021-02-10 17:10:00,TXRH
87.63,87.65,87.38,87.52,4400,2021-02-10 17:15:00,TXRH
87.495,87.495,87.18,87.18,1200,2021-02-10 17:20:00,TXRH
87.25,87.52,87.25,87.52,1900,2021-02-10 17:25:00,TXRH
87.44,87.48,87.35,87.36,3400,2021-02-10 17:30:00,TXRH
87.415,87.48,87.22,87.22,3104,2021-02-10 17:35:00,TXRH
87.31,87.58,87.31,87.57,2189,2021-02-10 17:40:00,TXRH
87.485,87.74,87.485,87.74,1900,2021-02-10 17:45:00,TXRH
87.765,88.0,87.7,87.7,5683,2021-02-10 17:50:00,TXRH
87.74,87.885,87.71,87.77,2100,2021-02-10 17:55:00,TXRH
87.76,87.765,87.59,87.71,1400,2021-02-10 18:00:00,TXRH
87.73,87.73,87.58,87.67,3850,2021-02-10 18:05:00,TXRH
87.74,87.78,87.74,87.78,1702,2021-02-10 18:10:00,TXRH
87.69,87.79,87.64,87.73,3834,2021-02-10 18:15:00,TXRH
87.73,87.83,87.69,87.69,1900,2021-02-10 18:20:00,TXRH
87.76,87.84,87.63,87.765,2000,2021-02-10 18:25:00,TXRH
87.76,87.81,87.7,87.81,2100,2021-02-10 18:30:00,TXRH
87.83,87.86,87.83,87.83,600,2021-02-10 18:35:00,TXRH
87.84,87.84,87.5893,87.59,5006,2021-02-10 18:40:00,TXRH
87.59,87.71,87.35,87.35,3913,2021-02-10 18:45:00,TXRH
87.415,87.47,87.3,87.3,4117,2021-02-10 18:50:00,TXRH
87.37,87.4099,87.1,87.1,2630,2021-02-10 18:55:00,TXRH
87.0342,87.2212,86.88,86.93,4435,2021-02-10 19:00:00,TXRH
86.92,87.11,86.91,86.955,3880,2021-02-10 19:05:00,TXRH
86.9585,87.0,86.85,87.0,4287,2021-02-10 19:10:00,TXRH
86.98,87.0,86.91,86.96,1934,2021-02-10 19:15:00,TXRH
87.0,87.23,87.0,87.16,1300,2021-02-10 19:20:00,TXRH
87.1,87.32,87.08,87.32,2610,2021-02-10 19:25:00,TXRH
87.4,87.555,87.32,87.555,1110,2021-02-10 19:30:00,TXRH
87.5,87.51,87.44,87.445,1480,2021-02-10 19:35:00,TXRH
87.46,87.67,87.46,87.67,1100,2021-02-10 19:40:00,TXRH
87.69,87.79,87.65,87.7,2949,2021-02-10 19:45:00,TXRH
87.66,87.705,87.57,87.57,3150,2021-02-10 19:50:00,TXRH
87.58,87.67,87.54,87.625,2540,2021-02-10 19:55:00,TXRH
87.625,87.625,87.55,87.55,909,2021-02-10 20:00:00,TXRH
87.57,87.57,87.39,87.39,4227,2021-02-10 20:05:00,TXRH
87.38,87.38,87.23,87.23,1100,2021-02-10 20:10:00,TXRH
87.25,87.34,87.15,87.27,3000,2021-02-10 20:15:00,TXRH
87.23,87.275,87.18,87.26,958,2021-02-10 20:20:00,TXRH
87.215,87.27,87.1773,87.26,1916,2021-02-10 20:25:00,TXRH
87.28,87.355,87.06,87.06,4625,2021-02-10 20:30:00,TXRH
87.11,87.16,86.92,86.92,5919,2021-02-10 20:35:00,TXRH
86.845,86.99,86.84,86.84,3125,2021-02-10 20:40:00,TXRH
86.82,86.94,86.8,86.81,6600,2021-02-10 20:45:00,TXRH
86.8,86.92,86.71,86.82,11074,2021-02-10 20:50:00,TXRH
86.82,87.51,86.755,87.29,90377,2021-02-10 20:55:00,TXRH
87.24,87.24,87.24,87.24,42056,2021-02-10 21:00:00,TXRH
87.24,87.24,87.24,87.24,42157,2021-02-10 22:45:00,TXRH
87.5,87.8,87.35,87.7,5508,2021-02-11 14:30:00,TXRH
87.7,87.7,87.7,87.7,100,2021-02-11 14:35:00,TXRH
87.7,87.7,87.55,87.55,300,2021-02-11 14:40:00,TXRH
87.0236,87.0236,87.0236,87.0236,300,2021-02-11 14:50:00,TXRH
86.9,86.9,86.9,86.9,171,2021-02-11 14:55:00,TXRH
86.74,86.9,86.73,86.73,2088,2021-02-11 15:00:00,TXRH
86.78,86.99,86.71,86.99,11400,2021-02-11 15:05:00,TXRH
86.82,87.305,86.61,87.05,17083,2021-02-11 15:10:00,TXRH
87.165,87.165,87.165,87.165,100,2021-02-11 15:15:00,TXRH
87.06,87.06,86.91,86.99,500,2021-02-11 15:20:00,TXRH
86.91,87.2,86.91,87.2,300,2021-02-11 15:25:00,TXRH
86.91,86.955,86.91,86.955,600,2021-02-11 15:30:00,TXRH
87.03,87.03,86.87,86.88,2170,2021-02-11 15:35:00,TXRH
86.93,87.24,86.93,87.2,12900,2021-02-11 15:40:00,TXRH
87.2,87.2,87.11,87.11,200,2021-02-11 15:45:00,TXRH
87.25,87.27,87.11,87.235,2200,2021-02-11 15:50:00,TXRH
87.31,87.61,87.19,87.29,6011,2021-02-11 15:55:00,TXRH
87.285,87.43,87.19,87.43,1689,2021-02-11 16:00:00,TXRH
87.39,87.46,87.25,87.27,3265,2021-02-11 16:05:00,TXRH
87.22,87.22,86.91,86.91,2950,2021-02-11 16:10:00,TXRH
86.95,86.995,86.95,86.975,1298,2021-02-11 16:15:00,TXRH
86.985,86.985,86.8,86.85,4450,2021-02-11 16:20:00,TXRH
86.93,87.37,86.89,87.37,3891,2021-02-11 16:25:00,TXRH
87.42,87.48,87.27,87.4,2485,2021-02-11 16:30:00,TXRH
87.48,87.51,87.4,87.41,2827,2021-02-11 16:35:00,TXRH
87.41,87.41,87.4,87.4,200,2021-02-11 16:40:00,TXRH
87.34,87.34,87.16,87.24,2418,2021-02-11 16:45:00,TXRH
87.25,87.29,87.11,87.11,1775,2021-02-11 16:50:00,TXRH
87.06,87.11,87.0,87.045,2548,2021-02-11 16:55:00,TXRH
86.98,86.98,86.835,86.87,5033,2021-02-11 17:00:00,TXRH
86.82,86.84,86.6,86.6,4991,2021-02-11 17:05:00,TXRH
86.56,86.6,86.5,86.55,4412,2021-02-11 17:10:00,TXRH
86.56,86.69,86.2,86.2,2582,2021-02-11 17:15:00,TXRH
86.26,86.34,86.25,86.27,1831,2021-02-11 17:20:00,TXRH
86.21,86.26,85.94,86.04,5858,2021-02-11 17:25:00,TXRH
86.11,86.33,86.09,86.25,1696,2021-02-11 17:30:00,TXRH
86.34,86.4,86.34,86.35,2157,2021-02-11 17:35:00,TXRH
86.3,86.33,85.98,85.98,1700,2021-02-11 17:40:00,TXRH
85.92,86.22,85.82,86.22,3851,2021-02-11 17:45:00,TXRH
86.26,86.31,86.02,86.11,3152,2021-02-11 17:50:00,TXRH
86.14,86.35,86.14,86.33,2180,2021-02-11 17:55:00,TXRH
86.38,86.47,86.295,86.33,3601,2021-02-11 18:00:00,TXRH
86.3,86.37,86.08,86.08,1825,2021-02-11 18:05:00,TXRH
86.05,86.32,86.03,86.32,3760,2021-02-11 18:10:00,TXRH
86.35,86.53,86.35,86.505,3284,2021-02-11 18:15:00,TXRH
86.5,86.73,86.5,86.63,1100,2021-02-11 18:20:00,TXRH
86.62,86.72,86.61,86.72,1414,2021-02-11 18:25:00,TXRH
86.57,86.67,86.55,86.66,1800,2021-02-11 18:30:00,TXRH
86.68,86.74,86.545,86.685,3672,2021-02-11 18:35:00,TXRH
86.71,86.71,86.5675,86.635,1378,2021-02-11 18:40:00,TXRH
86.56,86.56,86.3,86.35,3138,2021-02-11 18:45:00,TXRH
86.47,86.52,86.42,86.5,3331,2021-02-11 18:50:00,TXRH
86.5,86.63,86.5,86.51,4761,2021-02-11 18:55:00,TXRH
86.505,86.505,86.24,86.28,2600,2021-02-11 19:00:00,TXRH
86.28,86.34,86.26,86.31,2514,2021-02-11 19:05:00,TXRH
86.255,86.305,86.115,86.21,3888,2021-02-11 19:10:00,TXRH
86.27,86.33,86.235,86.285,2200,2021-02-11 19:15:00,TXRH
86.35,86.37,86.2025,86.37,2802,2021-02-11 19:20:00,TXRH
86.34,86.48,86.28,86.48,4445,2021-02-11 19:25:00,TXRH
86.53,86.55,86.48,86.48,1700,2021-02-11 19:30:00,TXRH
86.49,86.52,86.3,86.51,11946,2021-02-11 19:35:00,TXRH
86.37,86.4,86.315,86.395,1288,2021-02-11 19:40:00,TXRH
86.35,86.35,86.29,86.35,400,2021-02-11 19:45:00,TXRH
86.37,86.565,86.36,86.53,6116,2021-02-11 19:50:00,TXRH
86.6,86.92,86.6,86.92,3409,2021-02-11 19:55:00,TXRH
86.94,86.94,86.685,86.78,4189,2021-02-11 20:00:00,TXRH
86.81,86.96,86.78,86.88,2810,2021-02-11 20:05:00,TXRH
86.88,86.985,86.88,86.95,3907,2021-02-11 20:10:00,TXRH
87.01,87.04,86.93,86.93,4312,2021-02-11 20:15:00,TXRH
86.94,87.09,86.94,87.01,1700,2021-02-11 20:20:00,TXRH
86.98,87.14,86.98,87.02,5254,2021-02-11 20:25:00,TXRH
87.02,87.1801,87.01,87.17,9786,2021-02-11 20:30:00,TXRH
87.15,87.17,86.97,86.98,5717,2021-02-11 20:35:00,TXRH
87.0,87.105,86.92,86.92,5964,2021-02-11 20:40:00,TXRH
86.92,87.06,86.87,86.98,6720,2021-02-11 20:45:00,TXRH
86.96,87.16,86.8,87.085,16590,2021-02-11 20:50:00,TXRH
87.12,87.43,87.095,87.35,37978,2021-02-11 20:55:00,TXRH
87.34,87.34,87.34,87.34,86295,2021-02-11 21:00:00,TXRH
87.41,87.41,86.51,86.835,5945,2021-02-12 14:30:00,TXRH
86.69,86.69,86.69,86.69,100,2021-02-12 14:35:00,TXRH
86.71,86.88,86.02,86.02,3972,2021-02-12 14:40:00,TXRH
86.17,86.67,86.17,86.67,2022,2021-02-12 14:45:00,TXRH
86.56,86.685,86.545,86.555,1250,2021-02-12 14:50:00,TXRH
86.42,86.455,86.29,86.455,2861,2021-02-12 14:55:00,TXRH
86.43,86.52,86.34,86.42,1143,2021-02-12 15:00:00,TXRH
86.34,86.34,86.01,86.3,4555,2021-02-12 15:05:00,TXRH
86.23,86.29,86.13,86.215,2071,2021-02-12 15:10:00,TXRH
86.26,86.295,85.965,86.08,1999,2021-02-12 15:15:00,TXRH
86.045,86.22,86.04,86.22,1003,2021-02-12 15:20:00,TXRH
86.16,86.26,85.97,86.11,1911,2021-02-12 15:25:00,TXRH
86.11,86.23,86.01,86.225,4715,2021-02-12 15:30:00,TXRH
86.265,86.43,86.26,86.38,1900,2021-02-12 15:35:00,TXRH
86.43,86.49,86.37,86.45,2619,2021-02-12 15:40:00,TXRH
86.45,86.45,86.102,86.102,2169,2021-02-12 15:45:00,TXRH
86.2,86.35,86.2,86.24,1759,2021-02-12 15:50:00,TXRH
86.31,86.5,86.31,86.455,2801,2021-02-12 15:55:00,TXRH
86.4,86.75,86.34,86.71,24682,2021-02-12 16:00:00,TXRH
86.69,86.74,86.61,86.62,9294,2021-02-12 16:05:00,TXRH
86.715,87.1,86.7,86.905,5114,2021-02-12 16:10:00,TXRH
86.96,86.96,86.83,86.84,2700,2021-02-12 16:15:00,TXRH
86.85,86.92,86.7857,86.8,4435,2021-02-12 16:20:00,TXRH
86.8,87.005,86.75,86.88,16847,2021-02-12 16:25:00,TXRH
86.88,86.94,86.79,86.82,3631,2021-02-12 16:30:00,TXRH
86.835,86.9,86.795,86.805,1900,2021-02-12 16:35:00,TXRH
86.8,86.855,86.8,86.85,1200,2021-02-12 16:40:00,TXRH
86.83,86.99,86.83,86.87,2309,2021-02-12 16:45:00,TXRH
86.86,86.86,86.8,86.85,1496,2021-02-12 16:50:00,TXRH
86.81,86.86,86.77,86.84,32300,2021-02-12 16:55:00,TXRH
86.8,86.85,86.71,86.71,2100,2021-02-12 17:00:00,TXRH
86.66,86.66,86.56,86.6,3368,2021-02-12 17:05:00,TXRH
86.57,86.57,86.3,86.33,3500,2021-02-12 17:10:00,TXRH
86.22,86.25,86.14,86.14,2641,2021-02-12 17:15:00,TXRH
86.13,86.19,86.06,86.175,2700,2021-02-12 17:20:00,TXRH
86.175,86.175,86.05,86.16,2130,2021-02-12 17:25:00,TXRH
86.17,86.24,86.12,86.18,3012,2021-02-12 17:30:00,TXRH
86.18,86.18,86.07,86.13,1750,2021-02-12 17:35:00,TXRH
86.165,86.2,86.13,86.14,1700,2021-02-12 17:40:00,TXRH
86.12,86.2,86.06,86.11,3470,2021-02-12 17:45:00,TXRH
86.04,86.09,86.0,86.06,2770,2021-02-12 17:50:00,TXRH
86.06,86.26,86.06,86.26,2170,2021-02-12 17:55:00,TXRH
86.185,86.3,86.13,86.255,2736,2021-02-12 18:00:00,TXRH
86.17,86.25,86.04,86.155,1948,2021-02-12 18:05:00,TXRH
86.15,86.2,86.11,86.17,1200,2021-02-12 18:10:00,TXRH
86.135,86.2,86.08,86.095,2309,2021-02-12 18:15:00,TXRH
86.04,86.07,85.86,85.86,2031,2021-02-12 18:20:00,TXRH
85.885,85.89,85.8,85.84,1528,2021-02-12 18:25:00,TXRH
85.91,85.92,85.79,85.88,1800,2021-02-12 18:30:00,TXRH
85.83,85.925,85.83,85.91,917,2021-02-12 18:35:00,TXRH
85.96,86.0,85.89,85.98,1689,2021-02-12 18:40:00,TXRH
85.85,85.98,85.85,85.88,2996,2021-02-12 18:45:00,TXRH
85.99,86.06,85.92,86.06,3000,2021-02-12 18:50:00,TXRH
86.0,86.02,85.87,85.955,1400,2021-02-12 18:55:00,TXRH
85.955,85.955,85.77,85.77,1100,2021-02-12 19:00:00,TXRH
85.795,85.795,85.6181,85.72,2064,2021-02-12 19:05:00,TXRH
85.685,86.0,85.65,86.0,3004,2021-02-12 19:10:00,TXRH
86.0,86.18,85.92,86.05,3012,2021-02-12 19:15:00,TXRH
86.0,86.1,85.96,86.03,3026,2021-02-12 19:20:00,TXRH
86.045,86.13,85.99,86.095,2155,2021-02-12 19:25:00,TXRH
86.19,86.24,86.14,86.18,1234,2021-02-12 19:30:00,TXRH
86.19,86.29,86.14,86.28,2300,2021-02-12 19:35:00,TXRH
86.23,86.3,86.14,86.3,1900,2021-02-12 19:40:00,TXRH
86.24,86.32,86.19,86.205,1950,2021-02-12 19:45:00,TXRH
86.215,86.34,86.215,86.23,3300,2021-02-12 19:50:00,TXRH
86.22,86.295,86.18,86.28,1700,2021-02-12 19:55:00,TXRH
86.29,86.34,86.19,86.23,3436,2021-02-12 20:00:00,TXRH
86.28,86.31,86.22,86.22,3906,2021-02-12 20:05:00,TXRH
86.2,86.25,86.2,86.25,700,2021-02-12 20:10:00,TXRH
86.21,86.21,86.07,86.07,2431,2021-02-12 20:15:00,TXRH
86.13,86.25,86.1,86.18,4327,2021-02-12 20:20:00,TXRH
86.13,86.285,86.08,86.1875,8215,2021-02-12 20:25:00,TXRH
86.16,86.3,86.16,86.17,5193,2021-02-12 20:30:00,TXRH
86.14,86.43,86.14,86.3,8007,2021-02-12 20:35:00,TXRH
86.325,86.365,86.27,86.3,6595,2021-02-12 20:40:00,TXRH
86.29,86.29,86.2,86.28,5845,2021-02-12 20:45:00,TXRH
86.29,86.61,86.1776,86.45,15412,2021-02-12 20:50:00,TXRH
86.43,86.52,86.36,86.36,19450,2021-02-12 20:55:00,TXRH
86.44,86.44,86.44,86.44,42097,2021-02-12 21:00:00,TXRH
86.44,86.44,86.44,86.44,22800,2021-02-12 22:10:00,TXRH
85.5,85.5,85.5,85.5,958,2021-02-16 11:20:00,TXRH
85.5,85.5,85.5,85.5,219,2021-02-16 11:40:00,TXRH
85.5,85.5,85.5,85.5,100,2021-02-16 11:50:00,TXRH
85.5,85.5,85.5,85.5,116,2021-02-16 11:55:00,TXRH
85.5,85.5,85.5,85.5,200,2021-02-16 12:15:00,TXRH
85.5,85.5,85.5,85.5,100,2021-02-16 12:30:00,TXRH
85.5,85.5,85.5,85.5,653,2021-02-16 12:40:00,TXRH
86.19,86.19,86.19,86.19,100,2021-02-16 14:10:00,TXRH
87.1,87.255,85.69,85.87,21714,2021-02-16 14:30:00,TXRH
85.94,86.34,85.62,85.8704,8839,2021-02-16 14:35:00,TXRH
86.08,86.2259,85.75,86.2259,2714,2021-02-16 14:40:00,TXRH
86.3499,86.5,86.265,86.4143,3978,2021-02-16 14:45:00,TXRH
86.48,86.5,85.84,85.985,5400,2021-02-16 14:50:00,TXRH
85.985,86.48,85.86,86.15,6323,2021-02-16 14:55:00,TXRH
86.14,86.44,86.14,86.35,2201,2021-02-16 15:00:00,TXRH
86.43,86.44,86.25,86.32,4255,2021-02-16 15:05:00,TXRH
86.3,86.34,85.58,85.61,37752,2021-02-16 15:10:00,TXRH
85.705,86.005,85.46,86.005,6889,2021-02-16 15:15:00,TXRH
86.01,86.19,85.925,85.995,28808,2021-02-16 15:20:00,TXRH
86.02,86.16,85.95,86.15,8142,2021-02-16 15:25:00,TXRH
86.13,86.74,86.13,86.53,104288,2021-02-16 15:30:00,TXRH
86.53,86.56,86.21,86.28,4625,2021-02-16 15:35:00,TXRH
86.32,86.32,85.78,85.78,6774,2021-02-16 15:40:00,TXRH
85.775,85.775,85.24,85.245,6847,2021-02-16 15:45:00,TXRH
85.23,85.63,85.18,85.35,9283,2021-02-16 15:50:00,TXRH
85.405,85.58,85.33,85.33,2780,2021-02-16 15:55:00,TXRH
85.33,85.84,85.32,85.84,8018,2021-02-16 16:00:00,TXRH
85.8099,85.8099,85.58,85.58,2870,2021-02-16 16:05:00,TXRH
85.62,85.775,85.62,85.675,2200,2021-02-16 16:10:00,TXRH
85.59,85.75,85.55,85.68,3100,2021-02-16 16:15:00,TXRH
85.67,86.02,85.67,85.75,5681,2021-02-16 16:20:00,TXRH
85.77,85.99,85.75,85.87,4642,2021-02-16 16:25:00,TXRH
85.93,85.93,85.31,85.31,6502,2021-02-16 16:30:00,TXRH
85.31,85.75,85.31,85.7,4814,2021-02-16 16:35:00,TXRH
85.68,85.855,85.64,85.7475,6696,2021-02-16 16:40:00,TXRH
85.7,85.74,85.14,85.17,6871,2021-02-16 16:45:00,TXRH
85.1,85.1,84.81,84.92,7521,2021-02-16 16:50:00,TXRH
84.915,84.98,84.83,84.84,3100,2021-02-16 16:55:00,TXRH
84.84,84.92,84.8,84.84,6511,2021-02-16 17:00:00,TXRH
84.79,84.79,84.33,84.33,3364,2021-02-16 17:05:00,TXRH
84.25,84.69,84.25,84.64,4540,2021-02-16 17:10:00,TXRH
84.81,85.41,84.81,85.19,6026,2021-02-16 17:15:00,TXRH
85.27,85.34,85.15,85.215,3107,2021-02-16 17:20:00,TXRH
85.27,85.49,85.27,85.49,4209,2021-02-16 17:25:00,TXRH
85.52,85.795,85.5,85.575,7914,2021-02-16 17:30:00,TXRH
85.51,85.58,85.3,85.3,2200,2021-02-16 17:35:00,TXRH
85.25,85.73,85.25,85.64,7991,2021-02-16 17:40:00,TXRH
85.64,85.84,85.64,85.71,10787,2021-02-16 17:45:00,TXRH
85.71,85.76,85.37,85.675,12914,2021-02-16 17:50:00,TXRH
85.67,85.67,85.14,85.53,7058,2021-02-16 17:55:00,TXRH
85.57,85.8,85.53,85.705,7750,2021-02-16 18:00:00,TXRH
85.7905,85.7905,85.5,85.79,6521,2021-02-16 18:05:00,TXRH
85.82,86.0,85.82,86.0,1735,2021-02-16 18:10:00,TXRH
85.92,85.94,85.63,85.63,3738,2021-02-16 18:15:00,TXRH
85.56,85.71,85.48,85.515,4566,2021-02-16 18:20:00,TXRH
85.61,85.61,85.39,85.485,3100,2021-02-16 18:25:00,TXRH
85.485,85.5,85.38,85.45,2450,2021-02-16 18:30:00,TXRH
85.45,85.9,85.28,85.895,49028,2021-02-16 18:35:00,TXRH
85.89,85.9299,85.68,85.8,42273,2021-02-16 18:40:00,TXRH
85.805,85.805,85.67,85.69,3000,2021-02-16 18:45:00,TXRH
85.69,85.69,85.5,85.68,8277,2021-02-16 18:50:00,TXRH
85.72,85.91,85.67,85.82,2700,2021-02-16 18:55:00,TXRH
85.82,85.86,85.65,85.675,3417,2021-02-16 19:00:00,TXRH
85.72,85.75,85.67,85.67,947,2021-02-16 19:05:00,TXRH
85.735,85.8,85.66,85.68,2273,2021-02-16 19:10:00,TXRH
85.835,85.9,85.68,85.9,1800,2021-02-16 19:15:00,TXRH
85.93,85.95,85.83,85.83,1300,2021-02-16 19:20:00,TXRH
85.94,85.94,85.79,85.865,2200,2021-02-16 19:25:00,TXRH
85.835,85.88,85.77,85.88,2269,2021-02-16 19:30:00,TXRH
85.85,85.86,85.78,85.86,2087,2021-02-16 19:35:00,TXRH
85.84,85.88,85.84,85.845,1019,2021-02-16 19:40:00,TXRH
85.81,85.81,85.65,85.68,3177,2021-02-16 19:45:00,TXRH
85.62,85.66,85.56,85.65,3800,2021-02-16 19:50:00,TXRH
85.64,85.8,85.64,85.73,1700,2021-02-16 19:55:00,TXRH
85.74,86.28,85.705,85.9981,13778,2021-02-16 20:00:00,TXRH
86.045,86.05,85.97,86.0,2300,2021-02-16 20:05:00,TXRH
85.97,85.97,85.85,85.89,3993,2021-02-16 20:10:00,TXRH
85.885,86.05,85.75,85.81,4550,2021-02-16 20:15:00,TXRH
85.75,85.855,85.7,85.855,4578,2021-02-16 20:20:00,TXRH
85.82,85.92,85.81,85.91,1833,2021-02-16 20:25:00,TXRH
85.925,85.93,85.82,85.93,5117,2021-02-16 20:30:00,TXRH
85.91,85.92,85.75,85.755,6350,2021-02-16 20:35:00,TXRH
85.78,85.815,85.7,85.76,7180,2021-02-16 20:40:00,TXRH
85.75,85.83,85.69,85.735,58372,2021-02-16 20:45:00,TXRH
85.72,85.735,85.43,85.685,35589,2021-02-16 20:50:00,TXRH
85.7,85.9,85.55,85.78,45632,2021-02-16 20:55:00,TXRH
85.78,85.78,85.78,85.78,46724,2021-02-16 21:00:00,TXRH
85.78,85.78,85.78,85.78,35082,2021-02-16 21:45:00,TXRH
84.82,85.6,84.25,84.25,5852,2021-02-17 14:30:00,TXRH
84.36,84.36,84.36,84.36,100,2021-02-17 14:35:00,TXRH
84.43,84.665,84.12,84.315,4275,2021-02-17 14:40:00,TXRH
84.315,84.595,84.315,84.5,4983,2021-02-17 14:45:00,TXRH
84.5,84.99,84.5,84.92,9737,2021-02-17 14:50:00,TXRH
84.8,84.925,84.59,84.725,1762,2021-02-17 14:55:00,TXRH
84.63,85.24,84.6,84.97,5862,2021-02-17 15:00:00,TXRH
84.9324,85.5,84.82,85.5,6205,2021-02-17 15:05:00,TXRH
85.6,85.77,85.38,85.525,4070,2021-02-17 15:10:00,TXRH
85.53,85.63,85.42,85.535,5348,2021-02-17 15:15:00,TXRH
85.425,85.53,85.25,85.5,5404,2021-02-17 15:20:00,TXRH
85.49,85.595,85.435,85.525,3100,2021-02-17 15:25:00,TXRH
85.435,85.54,85.4,85.47,12776,2021-02-17 15:30:00,TXRH
85.53,85.83,85.515,85.79,8707,2021-02-17 15:35:00,TXRH
85.86,86.35,85.775,86.03,6262,2021-02-17 15:40:00,TXRH
86.025,86.025,85.785,85.855,1745,2021-02-17 15:45:00,TXRH
85.855,85.96,85.75,85.77,1900,2021-02-17 15:50:00,TXRH
85.74,85.74,85.49,85.63,2100,2021-02-17 15:55:00,TXRH
85.43,85.47,85.19,85.43,9614,2021-02-17 16:00:00,TXRH
85.43,85.7,85.3,85.3,18081,2021-02-17 16:05:00,TXRH
85.36,85.36,84.975,84.975,1200,2021-02-17 16:10:00,TXRH
84.81,84.83,84.5,84.5,4617,2021-02-17 16:15:00,TXRH
84.4,84.49,84.16,84.18,6557,2021-02-17 16:20:00,TXRH
84.23,84.76,84.22,84.69,4564,2021-02-17 16:25:00,TXRH
84.67,84.685,84.36,84.4,3669,2021-02-17 16:30:00,TXRH
84.42,84.52,83.76,83.8,6804,2021-02-17 16:35:00,TXRH
83.77,83.92,83.67,83.76,10850,2021-02-17 16:40:00,TXRH
83.805,84.91,83.77,84.8,16390,2021-02-17 16:45:00,TXRH
84.9,85.14,84.74,85.14,10709,2021-02-17 16:50:00,TXRH
85.05,85.25,84.9814,85.21,4454,2021-02-17 16:55:00,TXRH
85.115,85.15,85.0,85.15,3999,2021-02-17 17:00:00,TXRH
85.17,85.65,85.17,85.58,11777,2021-02-17 17:05:00,TXRH
85.58,85.885,85.475,85.48,27316,2021-02-17 17:10:00,TXRH
85.57,85.78,85.4421,85.72,13203,2021-02-17 17:15:00,TXRH
85.625,85.8,85.385,85.445,13982,2021-02-17 17:20:00,TXRH
85.48,85.73,85.4,85.48,24597,2021-02-17 17:25:00,TXRH
85.44,85.55,85.2435,85.2435,2097,2021-02-17 17:30:00,TXRH
85.11,85.15,84.98,85.1,3100,2021-02-17 17:35:00,TXRH
85.17,85.22,84.99,85.0,7560,2021-02-17 17:40:00,TXRH
84.995,85.015,84.92,84.99,1300,2021-02-17 17:45:00,TXRH
84.93,85.02,84.91,84.94,1000,2021-02-17 17:50:00,TXRH
84.81,85.0,84.77,85.0,4987,2021-02-17 17:55:00,TXRH
84.955,85.2,84.955,85.2,1900,2021-02-17 18:00:00,TXRH
85.05,85.1,85.0385,85.06,1199,2021-02-17 18:05:00,TXRH
85.11,85.17,85.04,85.05,2900,2021-02-17 18:10:00,TXRH
85.03,85.08,84.83,84.84,3158,2021-02-17 18:15:00,TXRH
84.85,84.95,84.74,84.74,2400,2021-02-17 18:20:00,TXRH
84.71,84.93,84.53,84.93,2772,2021-02-17 18:25:00,TXRH
84.915,84.915,84.68,84.74,2100,2021-02-17 18:30:00,TXRH
84.67,84.76,84.6425,84.7,2400,2021-02-17 18:35:00,TXRH
84.71,84.75,84.65,84.72,1351,2021-02-17 18:40:00,TXRH
84.61,84.635,84.545,84.545,680,2021-02-17 18:45:00,TXRH
84.54,84.66,84.54,84.61,4610,2021-02-17 18:50:00,TXRH
84.61,84.735,84.57,84.57,4447,2021-02-17 18:55:00,TXRH
84.545,84.66,84.545,84.59,2300,2021-02-17 19:00:00,TXRH
84.6,84.61,84.475,84.55,4014,2021-02-17 19:05:00,TXRH
84.54,84.5964,84.46,84.56,1480,2021-02-17 19:10:00,TXRH
84.57,84.64,84.44,84.44,2800,2021-02-17 19:15:00,TXRH
84.4,84.4,84.07,84.09,3452,2021-02-17 19:20:00,TXRH
84.1,84.1,83.75,83.99,6798,2021-02-17 19:25:00,TXRH
83.98,84.03,83.855,83.89,3300,2021-02-17 19:30:00,TXRH
83.895,84.04,83.855,83.86,3296,2021-02-17 19:35:00,TXRH
83.86,83.975,83.83,83.975,3866,2021-02-17 19:40:00,TXRH
84.02,84.31,84.0,84.07,5052,2021-02-17 19:45:00,TXRH
84.14,84.265,84.13,84.15,2051,2021-02-17 19:50:00,TXRH
84.18,84.28,84.09,84.09,4700,2021-02-17 19:55:00,TXRH
84.06,84.2,84.06,84.17,4306,2021-02-17 20:00:00,TXRH
84.22,84.34,84.21,84.34,3200,2021-02-17 20:05:00,TXRH
84.24,84.45,84.23,84.38,21877,2021-02-17 20:10:00,TXRH
84.31,84.58,84.3,84.57,9651,2021-02-17 20:15:00,TXRH
84.63,84.63,84.5,84.58,4283,2021-02-17 20:20:00,TXRH
84.55,84.59,84.485,84.5,11996,2021-02-17 20:25:00,TXRH
84.525,84.62,84.49,84.62,9505,2021-02-17 20:30:00,TXRH
84.62,84.96,84.62,84.85,12718,2021-02-17 20:35:00,TXRH
84.83,84.96,84.8,84.9,24632,2021-02-17 20:40:00,TXRH
84.91,84.97,84.64,84.86,14453,2021-02-17 20:45:00,TXRH
84.9,85.05,84.7116,85.02,57715,2021-02-17 20:50:00,TXRH
85.04,85.34,84.99,85.19,49258,2021-02-17 20:55:00,TXRH
85.11,85.11,85.11,85.11,92005,2021-02-17 21:00:00,TXRH
85.11,85.11,85.11,85.11,12355,2021-02-17 22:25:00,TXRH
85.1,85.1,85.1,85.1,286,2021-02-18 12:00:00,TXRH
85.2,86.01,84.895,86.01,25772,2021-02-18 14:30:00,TXRH
86.03,86.03,85.585,85.785,2100,2021-02-18 14:35:00,TXRH
85.765,86.21,85.5482,86.21,5272,2021-02-18 14:40:00,TXRH
86.06,86.32,85.83,86.32,5326,2021-02-18 14:45:00,TXRH
86.1961,86.318,86.045,86.05,3928,2021-02-18 14:50:00,TXRH
86.3,86.65,86.3,86.65,3901,2021-02-18 14:55:00,TXRH
86.67,86.74,86.3809,86.63,2161,2021-02-18 15:00:00,TXRH
86.5,86.65,86.28,86.595,8392,2021-02-18 15:05:00,TXRH
86.56,86.825,86.46,86.8,6114,2021-02-18 15:10:00,TXRH
86.84,86.89,86.45,86.625,6928,2021-02-18 15:15:00,TXRH
86.63,86.63,85.43,85.63,13111,2021-02-18 15:20:00,TXRH
85.625,85.625,84.81,85.26,12070,2021-02-18 15:25:00,TXRH
85.415,85.68,85.17,85.59,6290,2021-02-18 15:30:00,TXRH
85.5,85.93,85.5,85.59,5082,2021-02-18 15:35:00,TXRH
85.52,85.59,85.47,85.485,2200,2021-02-18 15:40:00,TXRH
85.485,85.485,85.23,85.29,1272,2021-02-18 15:45:00,TXRH
85.26,85.48,85.26,85.28,2076,2021-02-18 15:50:00,TXRH
85.455,85.69,85.28,85.585,8724,2021-02-18 15:55:00,TXRH
85.61,85.68,85.47,85.61,6038,2021-02-18 16:00:00,TXRH
85.68,85.77,85.675,85.71,1713,2021-02-18 16:05:00,TXRH
85.74,85.91,85.66,85.83,4634,2021-02-18 16:10:00,TXRH
85.85,86.24,85.82,86.09,6141,2021-02-18 16:15:00,TXRH
85.99,86.01,85.8,85.93,4869,2021-02-18 16:20:00,TXRH
85.93,86.055,85.79,85.805,8067,2021-02-18 16:25:00,TXRH
85.8,85.86,85.7,85.84,3800,2021-02-18 16:30:00,TXRH
85.795,85.95,85.795,85.82,2102,2021-02-18 16:35:00,TXRH
85.855,85.89,85.37,85.5,7380,2021-02-18 16:40:00,TXRH
85.47,85.57,85.185,85.185,7344,2021-02-18 16:45:00,TXRH
85.25,85.31,85.15,85.205,2100,2021-02-18 16:50:00,TXRH
85.205,85.235,85.19,85.235,1800,2021-02-18 16:55:00,TXRH
85.26,85.37,85.21,85.29,2906,2021-02-18 17:00:00,TXRH
85.29,85.29,85.04,85.19,4708,2021-02-18 17:05:00,TXRH
85.19,85.49,85.19,85.36,2550,2021-02-18 17:10:00,TXRH
85.43,85.51,85.35,85.46,2700,2021-02-18 17:15:00,TXRH
85.46,85.51,85.405,85.46,2725,2021-02-18 17:20:00,TXRH
85.5,85.57,85.35,85.455,5844,2021-02-18 17:25:00,TXRH
85.49,85.5059,85.28,85.415,3990,2021-02-18 17:30:00,TXRH
85.4,85.47,85.37,85.455,2500,2021-02-18 17:35:00,TXRH
85.51,85.66,85.45,85.45,3500,2021-02-18 17:40:00,TXRH
85.46,85.56,85.425,85.52,3000,2021-02-18 17:45:00,TXRH
85.51,85.51,85.33,85.335,1996,2021-02-18 17:50:00,TXRH
85.355,85.48,85.28,85.315,3633,2021-02-18 17:55:00,TXRH
85.39,85.46,85.33,85.33,4256,2021-02-18 18:00:00,TXRH
85.37,85.62,85.365,85.45,14985,2021-02-18 18:05:00,TXRH
85.53,85.635,85.495,85.58,3427,2021-02-18 18:10:00,TXRH
85.56,85.92,85.56,85.815,5528,2021-02-18 18:15:00,TXRH
85.82,86.11,85.79,86.11,2460,2021-02-18 18:20:00,TXRH
86.07,86.315,86.01,86.275,5770,2021-02-18 18:25:00,TXRH
86.37,86.49,86.205,86.48,6715,2021-02-18 18:30:00,TXRH
86.425,86.53,86.23,86.29,3915,2021-02-18 18:35:00,TXRH
86.3,86.3,86.17,86.27,2395,2021-02-18 18:40:00,TXRH
86.27,86.39,86.1601,86.265,2495,2021-02-18 18:45:00,TXRH
86.265,86.77,86.265,86.75,6404,2021-02-18 18:50:00,TXRH
86.76,87.06,86.75,86.94,6299,2021-02-18 18:55:00,TXRH
86.94,86.95,86.7,86.88,4360,2021-02-18 19:00:00,TXRH
86.835,86.92,86.77,86.85,4526,2021-02-18 19:05:00,TXRH
86.835,87.3,86.83,87.3,9166,2021-02-18 19:10:00,TXRH
87.295,87.39,86.96,86.99,6158,2021-02-18 19:15:00,TXRH
87.04,87.11,86.91,87.05,3643,2021-02-18 19:20:00,TXRH
87.005,87.35,87.005,87.16,4700,2021-02-18 19:25:00,TXRH
87.265,87.335,87.14,87.14,3618,2021-02-18 19:30:00,TXRH
87.17,87.55,87.15,87.44,10659,2021-02-18 19:35:00,TXRH
87.44,87.445,87.295,87.295,12603,2021-02-18 19:40:00,TXRH
87.365,87.42,87.07,87.07,4957,2021-02-18 19:45:00,TXRH
87.105,87.19,87.0,87.16,4902,2021-02-18 19:50:00,TXRH
87.135,87.53,87.135,87.53,7212,2021-02-18 19:55:00,TXRH
87.4775,87.53,87.285,87.375,8358,2021-02-18 20:00:00,TXRH
87.36,87.53,87.12,87.295,5815,2021-02-18 20:05:00,TXRH
87.25,87.35,87.205,87.35,4301,2021-02-18 20:10:00,TXRH
87.3,87.35,87.25,87.35,6409,2021-02-18 20:15:00,TXRH
87.35,87.39,87.14,87.2,11330,2021-02-18 20:20:00,TXRH
87.21,87.38,87.2,87.345,6934,2021-02-18 20:25:00,TXRH
87.345,87.53,87.345,87.445,13050,2021-02-18 20:30:00,TXRH
87.48,87.49,87.06,87.1,15124,2021-02-18 20:35:00,TXRH
87.115,87.19,86.9,87.1,10375,2021-02-18 20:40:00,TXRH
87.11,87.34,87.05,87.16,15910,2021-02-18 20:45:00,TXRH
87.15,87.25,86.97,87.16,37347,2021-02-18 20:50:00,TXRH
87.194,87.2,87.07,87.09,31518,2021-02-18 20:55:00,TXRH
87.06,87.06,83.6,87.06,64579,2021-02-18 21:00:00,TXRH
87.0,87.0,87.0,87.0,5730,2021-02-18 21:05:00,TXRH
84.0,84.0,84.0,84.0,100,2021-02-18 21:35:00,TXRH
84.21,84.21,84.21,84.21,100,2021-02-18 21:40:00,TXRH
84.5,84.5,84.5,84.5,100,2021-02-18 21:55:00,TXRH
84.5,84.5,84.01,84.01,1272,2021-02-18 22:00:00,TXRH
87.06,87.06,87.06,87.06,20960,2021-02-18 22:10:00,TXRH
84.0,84.0,83.5,83.5,300,2021-02-19 12:45:00,TXRH
83.48,84.0,83.48,84.0,5199,2021-02-19 13:50:00,TXRH
84.0,84.0,84.0,84.0,100,2021-02-19 14:05:00,TXRH
83.8,83.8,83.5,83.5,1159,2021-02-19 14:15:00,TXRH
83.72,83.85,83.66,83.85,1200,2021-02-19 14:25:00,TXRH
83.75,86.89,83.75,84.125,158793,2021-02-19 14:30:00,TXRH
84.12,84.99,83.77,84.71,15495,2021-02-19 14:35:00,TXRH
84.65,86.07,84.64,86.0,36851,2021-02-19 14:40:00,TXRH
85.92,88.05,85.69,88.05,47212,2021-02-19 14:45:00,TXRH
88.0,88.02,86.76,86.77,51893,2021-02-19 14:50:00,TXRH
86.92,87.39,86.51,86.67,35734,2021-02-19 14:55:00,TXRH
86.51,87.78,86.12,86.21,59869,2021-02-19 15:00:00,TXRH
86.14,86.2075,85.9,85.96,39883,2021-02-19 15:05:00,TXRH
85.96,86.77,85.96,86.61,12053,2021-02-19 15:10:00,TXRH
86.585,86.72,86.48,86.545,11609,2021-02-19 15:15:00,TXRH
86.575,87.17,86.49,87.05,29463,2021-02-19 15:20:00,TXRH
87.095,87.3,86.78,87.15,12272,2021-02-19 15:25:00,TXRH
87.15,87.215,86.42,86.59,18421,2021-02-19 15:30:00,TXRH
86.68,86.81,86.42,86.71,10865,2021-02-19 15:35:00,TXRH
86.77,86.86,86.625,86.85,13540,2021-02-19 15:40:00,TXRH
86.775,87.13,86.66,87.085,10817,2021-02-19 15:45:00,TXRH
87.04,87.205,86.9,87.205,16346,2021-02-19 15:50:00,TXRH
87.27,87.47,87.0,87.44,11628,2021-02-19 15:55:00,TXRH
87.46,88.31,87.46,88.16,11383,2021-02-19 16:00:00,TXRH
88.16,89.2,88.1,89.07,25384,2021-02-19 16:05:00,TXRH
89.075,89.18,88.8,89.07,5530,2021-02-19 16:10:00,TXRH
89.075,89.92,89.02,89.92,10340,2021-02-19 16:15:00,TXRH
89.83,89.89,89.0201,89.09,18214,2021-02-19 16:20:00,TXRH
89.1,89.49,89.1,89.38,9056,2021-02-19 16:25:00,TXRH
89.385,89.44,88.94,88.94,7844,2021-02-19 16:30:00,TXRH
88.93,89.08,88.61,88.61,8614,2021-02-19 16:35:00,TXRH
88.63,89.48,88.58,89.42,9584,2021-02-19 16:40:00,TXRH
89.49,89.7,89.35,89.7,18172,2021-02-19 16:45:00,TXRH
89.66,89.71,89.59,89.65,6850,2021-02-19 16:50:00,TXRH
89.61,89.65,89.42,89.6,13742,2021-02-19 16:55:00,TXRH
89.6,89.71,89.52,89.7,14327,2021-02-19 17:00:00,TXRH
89.67,89.85,89.57,89.795,11607,2021-02-19 17:05:00,TXRH
89.775,89.92,89.74,89.75,9936,2021-02-19 17:10:00,TXRH
89.78,89.81,89.42,89.69,12405,2021-02-19 17:15:00,TXRH
89.6275,89.78,89.59,89.73,7903,2021-02-19 17:20:00,TXRH
89.73,89.83,89.68,89.775,34163,2021-02-19 17:25:00,TXRH
89.77,89.8,89.69,89.745,9741,2021-02-19 17:30:00,TXRH
89.73,89.87,89.7,89.7,11697,2021-02-19 17:35:00,TXRH
89.67,89.75,89.58,89.69,8975,2021-02-19 17:40:00,TXRH
89.69,89.9,89.5875,89.89,10654,2021-02-19 17:45:00,TXRH
89.9,89.92,89.74,89.88,14098,2021-02-19 17:50:00,TXRH
89.78,89.9,89.77,89.77,4322,2021-02-19 17:55:00,TXRH
89.76,89.795,89.56,89.62,23866,2021-02-19 18:00:00,TXRH
89.7,89.7,89.4275,89.45,13621,2021-02-19 18:05:00,TXRH
89.41,89.445,88.5,88.5,15515,2021-02-19 18:10:00,TXRH
88.3,88.63,88.15,88.19,8383,2021-02-19 18:15:00,TXRH
88.27,88.44,88.06,88.44,13075,2021-02-19 18:20:00,TXRH
88.33,88.5,88.215,88.38,7000,2021-02-19 18:25:00,TXRH
88.435,88.82,88.435,88.82,4327,2021-02-19 18:30:00,TXRH
88.83,89.05,88.625,89.05,8550,2021-02-19 18:35:00,TXRH
89.045,89.045,88.57,88.68,8655,2021-02-19 18:40:00,TXRH
88.73,88.82,88.25,88.25,7700,2021-02-19 18:45:00,TXRH
88.25,88.38,88.25,88.27,2600,2021-02-19 18:50:00,TXRH
88.325,88.52,88.23,88.47,8340,2021-02-19 18:55:00,TXRH
88.475,88.475,88.32,88.365,6445,2021-02-19 19:00:00,TXRH
88.4,88.64,88.385,88.545,8519,2021-02-19 19:05:00,TXRH
88.53,88.53,88.18,88.21,10877,2021-02-19 19:10:00,TXRH
88.18,88.37,88.11,88.23,12464,2021-02-19 19:15:00,TXRH
88.225,88.26,88.0,88.055,8709,2021-02-19 19:20:00,TXRH
88.01,88.065,87.72,87.78,8351,2021-02-19 19:25:00,TXRH
87.73,87.955,87.72,87.955,4500,2021-02-19 19:30:00,TXRH
87.975,87.975,87.74,87.83,6209,2021-02-19 19:35:00,TXRH
87.79,87.79,87.68,87.77,6674,2021-02-19 19:40:00,TXRH
87.73,87.73,87.45,87.54,11676,2021-02-19 19:45:00,TXRH
87.53,87.56,87.17,87.26,10020,2021-02-19 19:50:00,TXRH
87.22,87.37,87.16,87.3,7312,2021-02-19 19:55:00,TXRH
87.26,87.35,87.15,87.24,7997,2021-02-19 20:00:00,TXRH
87.18,87.365,87.13,87.2,8221,2021-02-19 20:05:00,TXRH
87.18,87.455,87.175,87.41,8100,2021-02-19 20:10:00,TXRH
87.395,87.695,87.35,87.565,27710,2021-02-19 20:15:00,TXRH
87.565,87.64,87.42,87.44,7784,2021-02-19 20:20:00,TXRH
87.38,87.615,87.29,87.43,8498,2021-02-19 20:25:00,TXRH
87.48,87.9192,87.435,87.89,10293,2021-02-19 20:30:00,TXRH
87.86,88.115,87.77,88.115,14133,2021-02-19 20:35:00,TXRH
88.11,88.1685,87.93,88.0099,17787,2021-02-19 20:40:00,TXRH
87.97,88.06,87.72,87.965,27418,2021-02-19 20:45:00,TXRH
87.91,88.025,87.73,87.86,61303,2021-02-19 20:50:00,TXRH
87.85,87.98,87.75,87.95,97766,2021-02-19 20:55:00,TXRH
87.91,87.91,87.91,87.91,101144,2021-02-19 21:00:00,TXRH
87.58,88.05,87.3,87.82,13082,2021-02-22 14:30:00,TXRH
87.87,88.72,87.87,88.37,8364,2021-02-22 14:35:00,TXRH
88.36,88.71,88.185,88.71,2028,2021-02-22 14:40:00,TXRH
88.75,89.15,88.62,89.13,4780,2021-02-22 14:45:00,TXRH
88.995,89.47,88.995,89.23,7134,2021-02-22 14:50:00,TXRH
89.33,89.55,89.28,89.5,6608,2021-02-22 14:55:00,TXRH
89.48,89.87,89.2675,89.72,5180,2021-02-22 15:00:00,TXRH
89.71,89.9475,89.6,89.69,2950,2021-02-22 15:05:00,TXRH
89.82,90.09,89.76,90.005,14631,2021-02-22 15:10:00,TXRH
90.005,90.005,89.64,89.83,4980,2021-02-22 15:15:00,TXRH
89.805,89.96,89.665,89.77,19617,2021-02-22 15:20:00,TXRH
89.75,90.06,89.75,89.805,3533,2021-02-22 15:25:00,TXRH
89.96,89.96,89.71,89.89,4670,2021-02-22 15:30:00,TXRH
89.94,89.98,89.76,89.87,4451,2021-02-22 15:35:00,TXRH
89.78,90.1,89.78,90.1,2573,2021-02-22 15:40:00,TXRH
90.28,90.46,90.21,90.46,4781,2021-02-22 15:45:00,TXRH
90.35,90.57,90.28,90.38,34642,2021-02-22 15:50:00,TXRH
90.345,90.345,89.73,89.88,9820,2021-02-22 15:55:00,TXRH
89.739,89.96,89.66,89.68,14565,2021-02-22 16:00:00,TXRH
89.75,89.75,89.48,89.5,3316,2021-02-22 16:05:00,TXRH
89.52,89.83,89.395,89.67,13277,2021-02-22 16:10:00,TXRH
89.67,89.8125,89.62,89.72,6011,2021-02-22 16:15:00,TXRH
89.795,89.8288,89.68,89.755,5681,2021-02-22 16:20:00,TXRH
89.69,89.74,89.49,89.515,3584,2021-02-22 16:25:00,TXRH
89.48,89.87,89.48,89.79,5629,2021-02-22 16:30:00,TXRH
89.765,89.765,89.61,89.68,4112,2021-02-22 16:35:00,TXRH
89.7,89.81,89.7,89.81,2000,2021-02-22 16:40:00,TXRH
89.8,89.82,89.529,89.62,2302,2021-02-22 16:45:00,TXRH
89.59,89.68,89.49,89.67,5066,2021-02-22 16:50:00,TXRH
89.72,89.99,89.72,89.99,4099,2021-02-22 16:55:00,TXRH
90.06,90.62,90.06,90.62,6854,2021-02-22 17:00:00,TXRH
90.48,90.96,90.48,90.88,3501,2021-02-22 17:05:00,TXRH
90.93,90.94,90.72,90.86,9399,2021-02-22 17:10:00,TXRH
90.83,90.83,90.75,90.805,800,2021-02-22 17:15:00,TXRH
90.77,91.04,90.77,90.88,5204,2021-02-22 17:20:00,TXRH
90.855,91.03,90.855,90.93,9000,2021-02-22 17:25:00,TXRH
90.96,90.96,90.65,90.81,7510,2021-02-22 17:30:00,TXRH
90.795,90.925,90.75,90.845,5400,2021-02-22 17:35:00,TXRH
90.855,90.87,90.8,90.815,2212,2021-02-22 17:40:00,TXRH
90.85,91.115,90.79,91.115,8171,2021-02-22 17:45:00,TXRH
91.13,91.25,91.06,91.19,4521,2021-02-22 17:50:00,TXRH
91.1916,91.44,91.1916,91.41,5522,2021-02-22 17:55:00,TXRH
91.32,91.37,91.22,91.34,4709,2021-02-22 18:00:00,TXRH
91.295,91.48,91.295,91.48,2112,2021-02-22 18:05:00,TXRH
91.44,91.47,91.34,91.35,6941,2021-02-22 18:10:00,TXRH
91.325,91.39,91.305,91.305,1312,2021-02-22 18:15:00,TXRH
91.31,91.425,91.26,91.295,5056,2021-02-22 18:20:00,TXRH
91.2725,91.43,91.24,91.35,2382,2021-02-22 18:25:00,TXRH
91.4099,91.4099,91.251,91.251,4928,2021-02-22 18:30:00,TXRH
91.32,91.41,91.11,91.18,14749,2021-02-22 18:35:00,TXRH
91.22,91.26,91.065,91.09,3100,2021-02-22 18:40:00,TXRH
91.08,91.42,91.08,91.42,2800,2021-02-22 18:45:00,TXRH
91.39,91.63,91.36,91.58,6810,2021-02-22 18:50:00,TXRH
91.58,91.75,91.49,91.66,3972,2021-02-22 18:55:00,TXRH
91.69,91.795,91.66,91.7,3744,2021-02-22 19:00:00,TXRH
91.74,91.77,91.53,91.53,2100,2021-02-22 19:05:00,TXRH
91.51,91.51,91.23,91.265,3000,2021-02-22 19:10:00,TXRH
91.27,91.48,91.27,91.48,4300,2021-02-22 19:15:00,TXRH
91.52,91.56,91.42,91.46,1500,2021-02-22 19:20:00,TXRH
91.51,91.76,91.51,91.585,2801,2021-02-22 19:25:00,TXRH
91.58,91.85,91.58,91.71,4944,2021-02-22 19:30:00,TXRH
91.67,91.87,91.63,91.865,7644,2021-02-22 19:35:00,TXRH
91.85,92.05,91.8,92.05,13703,2021-02-22 19:40:00,TXRH
92.1,92.11,91.69,91.83,8741,2021-02-22 19:45:00,TXRH
91.83,91.91,91.75,91.755,3190,2021-02-22 19:50:00,TXRH
91.75,91.775,91.67,91.73,11661,2021-02-22 19:55:00,TXRH
91.74,91.78,91.66,91.69,5000,2021-02-22 20:00:00,TXRH
91.67,91.72,91.34,91.44,9164,2021-02-22 20:05:00,TXRH
91.5,91.5,91.345,91.35,5183,2021-02-22 20:10:00,TXRH
91.4,91.51,91.305,91.445,32897,2021-02-22 20:15:00,TXRH
91.39,91.44,90.85,90.85,19905,2021-02-22 20:20:00,TXRH
90.91,91.06,90.52,90.53,6654,2021-02-22 20:25:00,TXRH
90.44,91.075,90.435,90.83,9932,2021-02-22 20:30:00,TXRH
90.84,91.03,90.75,90.77,8812,2021-02-22 20:35:00,TXRH
90.77,90.83,90.59,90.74,12748,2021-02-22 20:40:00,TXRH
90.75,90.97,90.71,90.71,17267,2021-02-22 20:45:00,TXRH
90.69,90.83,90.58,90.59,28485,2021-02-22 20:50:00,TXRH
90.57,90.72,90.46,90.48,46056,2021-02-22 20:55:00,TXRH
90.48,90.48,90.48,90.48,68608,2021-02-22 21:00:00,TXRH
90.48,90.48,90.48,90.48,200,2021-02-22 21:45:00,TXRH
90.48,90.48,90.48,90.48,255368,2021-02-22 22:00:00,TXRH
90.05,90.05,90.05,90.05,200,2021-02-23 11:35:00,TXRH
90.15,90.15,89.5487,90.13,12476,2021-02-23 14:30:00,TXRH
89.63,90.55,89.55,90.3,15523,2021-02-23 14:35:00,TXRH
90.44,90.44,89.87,90.02,18698,2021-02-23 14:40:00,TXRH
90.06,90.59,89.6001,89.9,15973,2021-02-23 14:45:00,TXRH
89.9,90.28,89.5,89.99,17458,2021-02-23 14:50:00,TXRH
90.065,90.48,89.48,89.93,13850,2021-02-23 14:55:00,TXRH
89.73,90.09,89.55,90.07,6403,2021-02-23 15:00:00,TXRH
90.105,90.24,89.89,90.165,5800,2021-02-23 15:05:00,TXRH
89.91,90.23,89.82,89.82,21173,2021-02-23 15:10:00,TXRH
89.79,90.28,89.75,90.0,26831,2021-02-23 15:15:00,TXRH
89.875,90.11,89.66,89.87,21828,2021-02-23 15:20:00,TXRH
89.9,90.03,89.75,89.83,11338,2021-02-23 15:25:00,TXRH
89.83,89.9,89.54,89.8099,12442,2021-02-23 15:30:00,TXRH
89.56,89.86,89.5,89.77,5238,2021-02-23 15:35:00,TXRH
89.77,90.07,89.68,89.96,5860,2021-02-23 15:40:00,TXRH
89.89,90.12,89.89,90.01,23482,2021-02-23 15:45:00,TXRH
90.08,90.17,89.95,90.135,11722,2021-02-23 15:50:00,TXRH
90.115,90.21,89.83,90.06,9300,2021-02-23 15:55:00,TXRH
90.03,90.06,89.58,90.06,5819,2021-02-23 16:00:00,TXRH
89.92,89.99,89.66,89.83,4000,2021-02-23 16:05:00,TXRH
89.83,90.08,89.56,90.08,11166,2021-02-23 16:10:00,TXRH
89.995,90.11,89.82,89.82,1538,2021-02-23 16:15:00,TXRH
89.86,89.86,89.56,89.65,9006,2021-02-23 16:20:00,TXRH
89.52,89.73,89.5,89.6475,14637,2021-02-23 16:25:00,TXRH
89.66,89.71,89.28,89.34,17786,2021-02-23 16:30:00,TXRH
89.5485,89.64,89.46,89.55,5900,2021-02-23 16:35:00,TXRH
89.55,89.62,89.4,89.49,6850,2021-02-23 16:40:00,TXRH
89.49,89.56,89.2,89.39,5999,2021-02-23 16:45:00,TXRH
89.38,89.655,89.38,89.585,5900,2021-02-23 16:50:00,TXRH
89.63,89.705,89.605,89.645,2395,2021-02-23 16:55:00,TXRH
89.65,89.84,89.59,89.84,30143,2021-02-23 17:00:00,TXRH
89.9,89.9,89.67,89.82,2600,2021-02-23 17:05:00,TXRH
89.72,89.83,89.695,89.74,3400,2021-02-23 17:10:00,TXRH
89.68,90.07,89.68,89.97,5783,2021-02-23 17:15:00,TXRH
90.02,90.07,89.7784,90.01,2375,2021-02-23 17:20:00,TXRH
89.9,90.08,89.9,90.01,2211,2021-02-23 17:25:00,TXRH
90.04,90.16,90.0,90.04,3000,2021-02-23 17:30:00,TXRH
90.0,90.06,89.72,89.77,5700,2021-02-23 17:35:00,TXRH
89.83,89.99,89.71,89.86,3675,2021-02-23 17:40:00,TXRH
89.89,89.91,89.62,89.62,1100,2021-02-23 17:45:00,TXRH
89.765,90.0,89.66,90.0,6023,2021-02-23 17:50:00,TXRH
90.03,90.15,89.8,89.9,2518,2021-02-23 17:55:00,TXRH
89.94,90.22,89.93,90.11,3345,2021-02-23 18:00:00,TXRH
90.155,90.155,89.97,90.03,5109,2021-02-23 18:05:00,TXRH
90.03,90.15,89.96,90.04,7318,2021-02-23 18:10:00,TXRH
89.99,90.22,89.99,90.1,6396,2021-02-23 18:15:00,TXRH
90.1,90.28,90.09,90.28,3039,2021-02-23 18:20:00,TXRH
90.22,90.7,90.2,90.35,17900,2021-02-23 18:25:00,TXRH
90.49,90.72,90.45,90.72,5725,2021-02-23 18:30:00,TXRH
90.58,90.5886,90.34,90.405,3105,2021-02-23 18:35:00,TXRH
90.45,90.52,90.13,90.43,3800,2021-02-23 18:40:00,TXRH
90.22,90.26,90.11,90.22,3717,2021-02-23 18:45:00,TXRH
90.2,90.34,90.11,90.14,3491,2021-02-23 18:50:00,TXRH
90.24,90.48,90.14,90.45,3150,2021-02-23 18:55:00,TXRH
90.34,90.54,90.33,90.485,7555,2021-02-23 19:00:00,TXRH
90.46,90.51,90.19,90.33,5553,2021-02-23 19:05:00,TXRH
90.29,90.33,90.08,90.3,3468,2021-02-23 19:10:00,TXRH
90.29,90.38,90.23,90.38,1900,2021-02-23 19:15:00,TXRH
90.34,90.34,90.12,90.27,3186,2021-02-23 19:20:00,TXRH
90.17,90.29,90.16,90.29,3388,2021-02-23 19:25:00,TXRH
90.19,90.32,90.0,90.0,4566,2021-02-23 19:30:00,TXRH
90.09,90.13,90.0,90.1,1190,2021-02-23 19:35:00,TXRH
90.09,90.215,90.0,90.12,4925,2021-02-23 19:40:00,TXRH
90.13,90.22,90.02,90.02,3770,2021-02-23 19:45:00,TXRH
90.13,90.22,90.05,90.14,2700,2021-02-23 19:50:00,TXRH
90.2,90.44,90.17,90.38,5241,2021-02-23 19:55:00,TXRH
90.375,90.46,90.29,90.46,4011,2021-02-23 20:00:00,TXRH
90.5,90.75,90.47,90.6,3980,2021-02-23 20:05:00,TXRH
90.69,91.0,90.65,90.94,7466,2021-02-23 20:10:00,TXRH
90.93,91.1,90.9,91.03,3200,2021-02-23 20:15:00,TXRH
91.04,91.115,90.9,91.06,5687,2021-02-23 20:20:00,TXRH
91.04,91.3,91.03,91.18,5940,2021-02-23 20:25:00,TXRH
91.265,91.27,91.01,91.01,5133,2021-02-23 20:30:00,TXRH
91.055,91.2,91.04,91.04,8390,2021-02-23 20:35:00,TXRH
91.03,91.12,90.76,90.83,11825,2021-02-23 20:40:00,TXRH
90.81,90.965,90.72,90.73,14805,2021-02-23 20:45:00,TXRH
90.58,90.72,90.14,90.18,23997,2021-02-23 20:50:00,TXRH
90.07,90.42,90.06,90.3,37173,2021-02-23 20:55:00,TXRH
90.27,90.27,90.27,90.27,55358,2021-02-23 21:00:00,TXRH
89.71,89.71,89.71,89.71,154,2021-02-24 12:35:00,TXRH
90.62,90.93,90.01,90.34,8504,2021-02-24 14:30:00,TXRH
90.66,90.77,89.92,90.44,5800,2021-02-24 14:35:00,TXRH
90.78,90.95,90.69,90.95,700,2021-02-24 14:40:00,TXRH
90.95,91.21,90.892,91.21,2514,2021-02-24 14:45:00,TXRH
90.965,92.06,90.87,91.83,15572,2021-02-24 14:50:00,TXRH
91.92,92.275,91.69,92.07,8643,2021-02-24 14:55:00,TXRH
92.005,92.5,91.89,91.94,7970,2021-02-24 15:00:00,TXRH
91.72,92.19,91.72,92.15,11881,2021-02-24 15:05:00,TXRH
92.047,92.29,92.0343,92.21,3982,2021-02-24 15:10:00,TXRH
92.37,92.55,92.37,92.55,1154,2021-02-24 15:15:00,TXRH
92.515,92.635,92.41,92.635,27977,2021-02-24 15:20:00,TXRH
92.72,92.85,92.57,92.75,2000,2021-02-24 15:25:00,TXRH
92.8997,92.98,92.62,92.675,8134,2021-02-24 15:30:00,TXRH
92.79,92.96,92.76,92.845,7300,2021-02-24 15:35:00,TXRH
92.97,93.145,92.8595,93.1,9117,2021-02-24 15:40:00,TXRH
93.0,93.18,92.99,93.075,5432,2021-02-24 15:45:00,TXRH
93.02,93.12,92.975,93.05,6730,2021-02-24 15:50:00,TXRH
93.25,93.45,93.25,93.415,4059,2021-02-24 15:55:00,TXRH
93.44,93.74,93.44,93.73,6853,2021-02-24 16:00:00,TXRH
93.85,93.92,93.73,93.92,1200,2021-02-24 16:05:00,TXRH
93.93,93.94,93.76,93.9399,14461,2021-02-24 16:10:00,TXRH
93.94,94.185,93.94,94.05,4049,2021-02-24 16:15:00,TXRH
93.96,94.17,93.96,94.17,2700,2021-02-24 16:20:00,TXRH
94.24,94.41,94.24,94.27,2144,2021-02-24 16:25:00,TXRH
94.36,94.5,94.23,94.45,5296,2021-02-24 16:30:00,TXRH
94.445,94.64,94.445,94.58,4070,2021-02-24 16:35:00,TXRH
94.65,94.65,94.37,94.48,4346,2021-02-24 16:40:00,TXRH
94.55,94.986,94.535,94.74,19052,2021-02-24 16:45:00,TXRH
94.73,94.76,94.59,94.6985,4799,2021-02-24 16:50:00,TXRH
94.75,94.84,94.63,94.78,2176,2021-02-24 16:55:00,TXRH
94.78,95.18,94.77,95.1,3519,2021-02-24 17:00:00,TXRH
95.055,95.26,95.055,95.19,4356,2021-02-24 17:05:00,TXRH
95.14,95.2,95.08,95.08,2411,2021-02-24 17:10:00,TXRH
95.2,95.2,94.39,94.39,13153,2021-02-24 17:15:00,TXRH
94.42,94.6,94.39,94.49,5310,2021-02-24 17:20:00,TXRH
94.51,94.99,94.51,94.91,3975,2021-02-24 17:25:00,TXRH
94.9109,95.18,94.7682,95.18,4025,2021-02-24 17:30:00,TXRH
95.07,95.07,94.87,95.01,1865,2021-02-24 17:35:00,TXRH
94.93,94.99,94.74,94.88,4269,2021-02-24 17:40:00,TXRH
94.8,94.85,94.49,94.49,5869,2021-02-24 17:45:00,TXRH
94.47,94.69,94.47,94.595,4525,2021-02-24 17:50:00,TXRH
94.53,94.59,94.45,94.45,3349,2021-02-24 17:55:00,TXRH
94.46,94.59,94.45,94.4875,5679,2021-02-24 18:00:00,TXRH
94.53,94.805,94.525,94.57,4387,2021-02-24 18:05:00,TXRH
94.6,94.7,94.46,94.46,3255,2021-02-24 18:10:00,TXRH
94.55,94.69,94.52,94.6,9137,2021-02-24 18:15:00,TXRH
94.72,94.74,94.56,94.6,4150,2021-02-24 18:20:00,TXRH
94.72,94.815,94.63,94.815,3300,2021-02-24 18:25:00,TXRH
94.79,95.28,94.79,95.28,2576,2021-02-24 18:30:00,TXRH
95.23,95.4,95.23,95.25,2811,2021-02-24 18:35:00,TXRH
95.33,95.42,95.21,95.32,3947,2021-02-24 18:40:00,TXRH
95.33,95.335,95.1201,95.18,4432,2021-02-24 18:45:00,TXRH
95.165,95.28,95.13,95.18,5035,2021-02-24 18:50:00,TXRH
95.23,95.41,95.22,95.275,7923,2021-02-24 18:55:00,TXRH
95.34,95.3999,95.24,95.31,8130,2021-02-24 19:00:00,TXRH
95.2775,95.43,95.255,95.43,11291,2021-02-24 19:05:00,TXRH
95.43,95.52,95.125,95.125,8363,2021-02-24 19:10:00,TXRH
95.14,95.42,95.13,95.28,12029,2021-02-24 19:15:00,TXRH
95.32,95.46,95.19,95.335,4947,2021-02-24 19:20:00,TXRH
95.36,95.52,95.28,95.49,10638,2021-02-24 19:25:00,TXRH
95.47,95.74,95.47,95.74,4859,2021-02-24 19:30:00,TXRH
95.695,95.7599,95.65,95.7,7468,2021-02-24 19:35:00,TXRH
95.75,95.87,95.66,95.7,5064,2021-02-24 19:40:00,TXRH
95.7,95.75,95.66,95.69,4224,2021-02-24 19:45:00,TXRH
95.7,95.73,95.63,95.73,9592,2021-02-24 19:50:00,TXRH
95.75,95.86,95.72,95.79,6054,2021-02-24 19:55:00,TXRH
95.81,95.93,95.76,95.76,51873,2021-02-24 20:00:00,TXRH
95.87,95.87,95.77,95.815,5429,2021-02-24 20:05:00,TXRH
95.79,95.84,95.68,95.79,18552,2021-02-24 20:10:00,TXRH
95.835,95.855,95.65,95.81,23790,2021-02-24 20:15:00,TXRH
95.805,95.805,95.52,95.52,11462,2021-02-24 20:20:00,TXRH
95.49,95.55,95.44,95.51,5094,2021-02-24 20:25:00,TXRH
95.54,95.64,95.45,95.55,8833,2021-02-24 20:30:00,TXRH
95.55,95.64,95.45,95.45,5473,2021-02-24 20:35:00,TXRH
95.45,95.48,94.98,95.1,10083,2021-02-24 20:40:00,TXRH
95.125,95.43,95.06,95.28,9381,2021-02-24 20:45:00,TXRH
95.25,95.37,95.06,95.11,14171,2021-02-24 20:50:00,TXRH
95.09,95.12,94.9,95.02,55620,2021-02-24 20:55:00,TXRH
95.03,95.03,95.03,95.03,50162,2021-02-24 21:00:00,TXRH
94.43,94.43,94.43,94.43,100,2021-02-25 14:25:00,TXRH
94.43,95.57,94.36,95.51,61880,2021-02-25 14:30:00,TXRH
95.51,95.53,94.45,95.11,72515,2021-02-25 14:35:00,TXRH
94.99,95.1,94.35,94.51,46000,2021-02-25 14:40:00,TXRH
94.56,94.8,93.8,94.1371,265573,2021-02-25 14:45:00,TXRH
93.99,94.27,93.62,93.99,12399,2021-02-25 14:50:00,TXRH
94.025,94.31,93.97,94.3,3340,2021-02-25 14:55:00,TXRH
94.13,94.3,93.63,93.64,3396,2021-02-25 15:00:00,TXRH
93.8,93.8775,92.62,92.78,12064,2021-02-25 15:05:00,TXRH
92.9,93.19,92.895,93.07,11660,2021-02-25 15:10:00,TXRH
92.93,92.96,92.55,92.61,1700,2021-02-25 15:15:00,TXRH
92.66,92.87,92.55,92.65,3600,2021-02-25 15:20:00,TXRH
92.26,92.38,91.925,92.16,5465,2021-02-25 15:25:00,TXRH
92.1924,92.21,90.93,91.06,76664,2021-02-25 15:30:00,TXRH
91.0,91.35,90.87,91.3,6570,2021-02-25 15:35:00,TXRH
91.23,91.9,91.2,91.69,7757,2021-02-25 15:40:00,TXRH
91.7,92.25,91.565,91.9,10261,2021-02-25 15:45:00,TXRH
91.9106,92.43,91.43,91.43,59023,2021-02-25 15:50:00,TXRH
91.42,91.59,91.4,91.4,7069,2021-02-25 15:55:00,TXRH
91.4,91.87,91.4,91.84,3727,2021-02-25 16:00:00,TXRH
92.0,92.185,91.79,92.185,2408,2021-02-25 16:05:00,TXRH
92.2,92.2,91.65,91.65,2400,2021-02-25 16:10:00,TXRH
91.63,92.1,91.63,91.995,4028,2021-02-25 16:15:00,TXRH
92.09,92.71,91.98,92.185,3640,2021-02-25 16:20:00,TXRH
92.195,92.44,92.025,92.37,5007,2021-02-25 16:25:00,TXRH
92.24,92.32,92.14,92.24,2336,2021-02-25 16:30:00,TXRH
92.15,92.36,92.04,92.245,2800,2021-02-25 16:35:00,TXRH
92.245,92.55,92.17,92.365,9105,2021-02-25 16:40:00,TXRH
92.3,92.38,92.18,92.18,10130,2021-02-25 16:45:00,TXRH
92.25,92.46,92.095,92.385,5400,2021-02-25 16:50:00,TXRH
92.35,92.4,92.08,92.235,7425,2021-02-25 16:55:00,TXRH
92.2659,92.43,91.52,91.88,38428,2021-02-25 17:00:00,TXRH
91.87,91.87,91.55,91.65,2741,2021-02-25 17:05:00,TXRH
91.56,91.91,91.4183,91.77,8753,2021-02-25 17:10:00,TXRH
91.75,91.98,91.56,91.635,8078,2021-02-25 17:15:00,TXRH
91.6,91.87,91.505,91.81,5900,2021-02-25 17:20:00,TXRH
91.75,91.755,91.29,91.39,5661,2021-02-25 17:25:00,TXRH
91.37,91.375,90.87,90.91,7579,2021-02-25 17:30:00,TXRH
90.94,91.15,90.775,91.15,5743,2021-02-25 17:35:00,TXRH
91.17,91.32,91.12,91.277,7035,2021-02-25 17:40:00,TXRH
91.235,91.68,91.0,91.595,3690,2021-02-25 17:45:00,TXRH
91.64,91.64,91.0,91.0,6672,2021-02-25 17:50:00,TXRH
91.0,91.15,90.71,90.89,5021,2021-02-25 17:55:00,TXRH
90.93,91.05,90.655,90.89,4898,2021-02-25 18:00:00,TXRH
90.84,91.4,90.82,91.4,5200,2021-02-25 18:05:00,TXRH
91.35,91.76,91.18,91.76,5279,2021-02-25 18:10:00,TXRH
91.56,91.81,91.235,91.81,5945,2021-02-25 18:15:00,TXRH
91.705,91.89,91.35,91.45,6113,2021-02-25 18:20:00,TXRH
91.53,91.738,91.38,91.705,8451,2021-02-25 18:25:00,TXRH
91.71,91.81,91.47,91.66,5900,2021-02-25 18:30:00,TXRH
91.65,91.65,91.4,91.61,7089,2021-02-25 18:35:00,TXRH
91.71,92.04,91.5,91.965,5919,2021-02-25 18:40:00,TXRH
91.94,92.15,91.855,92.15,5607,2021-02-25 18:45:00,TXRH
92.03,92.03,91.49,91.575,6730,2021-02-25 18:50:00,TXRH
91.49,91.86,91.35,91.8,4706,2021-02-25 18:55:00,TXRH
91.8,92.03,91.63,92.02,7190,2021-02-25 19:00:00,TXRH
92.03,92.14,91.955,92.085,3756,2021-02-25 19:05:00,TXRH
92.04,92.28,91.97,91.97,5631,2021-02-25 19:10:00,TXRH
91.97,92.225,91.97,92.145,8564,2021-02-25 19:15:00,TXRH
92.22,92.5,92.155,92.37,3710,2021-02-25 19:20:00,TXRH
92.29,92.62,92.2,92.62,4408,2021-02-25 19:25:00,TXRH
92.565,92.67,92.08,92.08,6600,2021-02-25 19:30:00,TXRH
92.08,92.08,91.68,91.88,4740,2021-02-25 19:35:00,TXRH
91.82,92.25,91.805,92.21,3000,2021-02-25 19:40:00,TXRH
92.24,92.31,91.93,92.08,5210,2021-02-25 19:45:00,TXRH
92.165,92.37,91.9,91.9,4300,2021-02-25 19:50:00,TXRH
92.015,92.14,91.965,92.03,3600,2021-02-25 19:55:00,TXRH
92.01,92.1,91.78,91.8,4350,2021-02-25 20:00:00,TXRH
91.74,91.76,91.39,91.47,7644,2021-02-25 20:05:00,TXRH
91.4,91.64,91.4,91.61,3948,2021-02-25 20:10:00,TXRH
91.59,91.64,91.44,91.5,6179,2021-02-25 20:15:00,TXRH
91.515,91.64,91.41,91.525,5651,2021-02-25 20:20:00,TXRH
91.51,91.81,91.435,91.485,6420,2021-02-25 20:25:00,TXRH
91.495,91.64,91.27,91.27,6705,2021-02-25 20:30:00,TXRH
91.15,91.4,90.85,91.39,8031,2021-02-25 20:35:00,TXRH
91.34,91.59,91.04,91.37,18498,2021-02-25 20:40:00,TXRH
91.36,91.51,91.28,91.3,26749,2021-02-25 20:45:00,TXRH
91.325,91.37,90.74,90.835,59924,2021-02-25 20:50:00,TXRH
90.79,91.17,90.59,90.91,67469,2021-02-25 20:55:00,TXRH
90.89,90.89,90.89,90.89,65471,2021-02-25 21:00:00,TXRH
91.06,91.81,90.06,91.1966,19904,2021-02-26 14:30:00,TXRH
91.2,91.6699,91.2,91.475,1019,2021-02-26 14:35:00,TXRH
91.33,91.47,91.23,91.335,1800,2021-02-26 14:40:00,TXRH
91.165,91.73,91.13,91.17,5279,2021-02-26 14:45:00,TXRH
90.91,91.31,90.565,90.89,7137,2021-02-26 14:50:00,TXRH
90.4,90.81,90.28,90.54,2600,2021-02-26 14:55:00,TXRH
90.29,90.32,89.6,90.16,9464,2021-02-26 15:00:00,TXRH
89.88,89.88,89.29,89.76,2300,2021-02-26 15:05:00,TXRH
89.43,89.46,89.3178,89.3178,500,2021-02-26 15:10:00,TXRH
89.2,89.39,88.88,89.075,7494,2021-02-26 15:15:00,TXRH
89.08,89.245,88.61,89.015,7274,2021-02-26 15:20:00,TXRH
88.995,89.14,88.3,88.31,4922,2021-02-26 15:25:00,TXRH
88.35,88.93,88.35,88.88,14572,2021-02-26 15:30:00,TXRH
88.885,90.39,88.82,90.39,15923,2021-02-26 15:35:00,TXRH
90.08,90.355,89.92,90.2425,4433,2021-02-26 15:40:00,TXRH
90.25,90.38,90.17,90.37,1000,2021-02-26 15:45:00,TXRH
90.36,90.36,90.015,90.33,7291,2021-02-26 15:50:00,TXRH
90.255,90.53,90.0,90.27,14025,2021-02-26 15:55:00,TXRH
90.3,90.89,90.125,90.735,6710,2021-02-26 16:00:00,TXRH
90.785,90.94,90.61,90.75,707,2021-02-26 16:05:00,TXRH
90.74,90.74,90.5,90.52,6139,2021-02-26 16:10:00,TXRH
90.53,90.63,90.32,90.32,7355,2021-02-26 16:15:00,TXRH
90.19,90.47,90.03,90.44,5453,2021-02-26 16:20:00,TXRH
90.45,90.58,90.15,90.5263,5221,2021-02-26 16:25:00,TXRH
90.385,90.795,90.385,90.71,4609,2021-02-26 16:30:00,TXRH
90.71,90.78,90.61,90.745,6781,2021-02-26 16:35:00,TXRH
90.785,90.895,90.52,90.52,7749,2021-02-26 16:40:00,TXRH
90.61,90.61,90.4,90.59,4020,2021-02-26 16:45:00,TXRH
90.57,90.59,90.22,90.52,4316,2021-02-26 16:50:00,TXRH
90.44,90.75,90.32,90.75,5525,2021-02-26 16:55:00,TXRH
90.67,90.9672,90.6,90.9672,10898,2021-02-26 17:00:00,TXRH
90.82,91.05,90.615,91.0,9481,2021-02-26 17:05:00,TXRH
91.08,91.2,90.94,91.07,6190,2021-02-26 17:10:00,TXRH
91.01,91.2,90.88,90.985,8309,2021-02-26 17:15:00,TXRH
91.08,91.33,91.02,91.33,8367,2021-02-26 17:20:00,TXRH
91.31,91.47,91.22,91.23,4517,2021-02-26 17:25:00,TXRH
91.29,91.64,91.29,91.54,2708,2021-02-26 17:30:00,TXRH
91.51,91.725,91.49,91.69,3922,2021-02-26 17:35:00,TXRH
91.53,91.7,91.43,91.7,1200,2021-02-26 17:40:00,TXRH
91.7,91.99,91.6,91.825,4170,2021-02-26 17:45:00,TXRH
91.8,92.26,91.75,92.085,3529,2021-02-26 17:50:00,TXRH
92.01,92.07,91.76,91.86,1900,2021-02-26 17:55:00,TXRH
91.88,91.99,91.35,91.46,2100,2021-02-26 18:00:00,TXRH
91.475,91.61,91.37,91.61,2547,2021-02-26 18:05:00,TXRH
91.64,91.78,91.555,91.75,1512,2021-02-26 18:10:00,TXRH
91.66,91.88,91.66,91.84,3238,2021-02-26 18:15:00,TXRH
91.8,91.91,91.72,91.72,2100,2021-02-26 18:20:00,TXRH
91.78,91.94,91.78,91.94,1700,2021-02-26 18:25:00,TXRH
91.85,91.85,91.3,91.61,8304,2021-02-26 18:30:00,TXRH
91.57,91.63,91.38,91.62,5343,2021-02-26 18:35:00,TXRH
91.74,91.8,91.685,91.78,2217,2021-02-26 18:40:00,TXRH
91.87,91.88,91.21,91.3,4190,2021-02-26 18:45:00,TXRH
91.45,91.5,91.23,91.5,2738,2021-02-26 18:50:00,TXRH
91.55,91.88,91.55,91.63,3413,2021-02-26 18:55:00,TXRH
91.71,91.87,91.55,91.61,3000,2021-02-26 19:00:00,TXRH
91.6,91.9,91.53,91.8,5963,2021-02-26 19:05:00,TXRH
91.8,91.87,91.6353,91.71,1690,2021-02-26 19:10:00,TXRH
91.84,92.1,91.465,91.48,7698,2021-02-26 19:15:00,TXRH
91.315,91.715,91.25,91.45,3566,2021-02-26 19:20:00,TXRH
91.57,91.67,91.5,91.57,2912,2021-02-26 19:25:00,TXRH
91.465,91.71,91.335,91.66,5175,2021-02-26 19:30:00,TXRH
91.53,91.72,91.48,91.64,2070,2021-02-26 19:35:00,TXRH
91.55,91.58,91.285,91.39,4069,2021-02-26 19:40:00,TXRH
91.45,91.85,91.42,91.85,4332,2021-02-26 19:45:00,TXRH
91.89,91.99,91.8,91.93,3091,2021-02-26 19:50:00,TXRH
92.01,92.08,91.83,91.955,1742,2021-02-26 19:55:00,TXRH
91.95,92.11,91.94,92.11,3200,2021-02-26 20:00:00,TXRH
92.135,92.44,92.135,92.44,3728,2021-02-26 20:05:00,TXRH
92.5,92.58,92.17,92.17,6585,2021-02-26 20:10:00,TXRH
92.195,92.22,91.9,91.9,5255,2021-02-26 20:15:00,TXRH
91.88,91.88,91.465,91.465,6844,2021-02-26 20:20:00,TXRH
91.37,91.46,91.25,91.345,5821,2021-02-26 20:25:00,TXRH
91.27,91.62,91.27,91.5,7743,2021-02-26 20:30:00,TXRH
91.58,91.62,91.48,91.565,6130,2021-02-26 20:35:00,TXRH
91.53,91.9,91.47,91.74,13182,2021-02-26 20:40:00,TXRH
91.74,92.0,91.72,91.88,16452,2021-02-26 20:45:00,TXRH
91.79,91.79,91.14,91.14,24336,2021-02-26 20:50:00,TXRH
91.17,91.26,90.87,90.87,44086,2021-02-26 20:55:00,TXRH
90.88,90.88,90.88,90.88,120846,2021-02-26 21:00:00,TXRH
90.88,90.88,90.88,90.88,6583,2021-02-26 21:10:00,TXRH
90.88,90.88,90.88,90.88,41628,2021-02-26 21:35:00,TXRH
91.91,92.315,91.54,92.3,13602,2021-03-01 14:30:00,TXRH
91.88,91.88,91.46,91.561,4529,2021-03-01 14:35:00,TXRH
91.66,92.29,91.51,91.91,6421,2021-03-01 14:40:00,TXRH
91.91,92.08,91.62,91.76,13110,2021-03-01 14:45:00,TXRH
92.01,92.01,91.52,91.52,2100,2021-03-01 14:50:00,TXRH
91.55,91.8,91.44,91.63,3500,2021-03-01 14:55:00,TXRH
91.69,92.47,91.62,92.28,15885,2021-03-01 15:00:00,TXRH
92.265,92.265,92.205,92.235,600,2021-03-01 15:05:00,TXRH
92.35,92.79,92.35,92.77,4605,2021-03-01 15:10:00,TXRH
92.83,93.06,92.71,92.97,5322,2021-03-01 15:15:00,TXRH
92.99,93.08,92.735,92.735,52552,2021-03-01 15:20:00,TXRH
92.72,92.92,92.49,92.83,5127,2021-03-01 15:25:00,TXRH
92.93,93.25,92.93,93.14,2267,2021-03-01 15:30:00,TXRH
93.39,93.72,93.26,93.66,66503,2021-03-01 15:35:00,TXRH
93.8,93.87,93.66,93.66,3900,2021-03-01 15:40:00,TXRH
93.7,93.85,93.23,93.32,98790,2021-03-01 15:45:00,TXRH
93.415,94.25,93.415,94.14,17565,2021-03-01 15:50:00,TXRH
94.02,94.06,93.51,93.51,24126,2021-03-01 15:55:00,TXRH
93.49,93.49,92.73,92.73,6988,2021-03-01 16:00:00,TXRH
92.75,93.48,92.71,92.995,16490,2021-03-01 16:05:00,TXRH
93.075,93.075,92.71,92.805,3296,2021-03-01 16:10:00,TXRH
92.815,93.16,92.56,92.64,3228,2021-03-01 16:15:00,TXRH
92.7,92.7,92.39,92.445,7874,2021-03-01 16:20:00,TXRH
92.445,92.51,92.26,92.26,6516,2021-03-01 16:25:00,TXRH
92.35,92.5,92.33,92.455,7368,2021-03-01 16:30:00,TXRH
92.425,92.5,92.08,92.17,12819,2021-03-01 16:35:00,TXRH
92.04,92.37,91.91,92.26,18204,2021-03-01 16:40:00,TXRH
92.17,92.44,92.01,92.44,3500,2021-03-01 16:45:00,TXRH
92.425,92.72,92.31,92.64,3141,2021-03-01 16:50:00,TXRH
92.64,92.94,92.64,92.645,7136,2021-03-01 16:55:00,TXRH
92.75,92.835,92.6,92.6289,2825,2021-03-01 17:00:00,TXRH
92.6,92.64,92.47,92.47,4330,2021-03-01 17:05:00,TXRH
92.51,92.53,92.32,92.32,2470,2021-03-01 17:10:00,TXRH
92.3,92.32,91.87,91.91,5172,2021-03-01 17:15:00,TXRH
91.93,92.1,91.93,91.97,3339,2021-03-01 17:20:00,TXRH
92.035,92.16,91.9,92.08,7453,2021-03-01 17:25:00,TXRH
92.13,92.38,92.075,92.28,1500,2021-03-01 17:30:00,TXRH
92.35,92.36,92.22,92.23,6874,2021-03-01 17:35:00,TXRH
92.24,92.25,91.99,92.065,3720,2021-03-01 17:40:00,TXRH
92.075,92.47,92.075,92.47,5554,2021-03-01 17:45:00,TXRH
92.58,92.69,92.37,92.43,7486,2021-03-01 17:50:00,TXRH
92.38,92.42,92.21,92.215,1973,2021-03-01 17:55:00,TXRH
92.29,92.49,92.29,92.49,7845,2021-03-01 18:00:00,TXRH
92.55,92.73,92.5,92.5,3410,2021-03-01 18:05:00,TXRH
92.19,92.42,92.19,92.42,2100,2021-03-01 18:10:00,TXRH
92.42,92.42,92.25,92.25,3817,2021-03-01 18:15:00,TXRH
92.3,92.47,92.3,92.39,2869,2021-03-01 18:20:00,TXRH
92.44,92.77,92.39,92.75,4200,2021-03-01 18:25:00,TXRH
92.65,92.81,92.64,92.74,3461,2021-03-01 18:30:00,TXRH
92.8,92.94,92.76,92.92,2121,2021-03-01 18:35:00,TXRH
92.94,93.01,92.92,92.99,10536,2021-03-01 18:40:00,TXRH
92.995,92.995,92.78,92.94,4824,2021-03-01 18:45:00,TXRH
92.91,92.93,92.73,92.885,4600,2021-03-01 18:50:00,TXRH
92.975,93.15,92.85,92.94,2800,2021-03-01 18:55:00,TXRH
92.955,93.15,92.955,92.9825,3429,2021-03-01 19:00:00,TXRH
92.985,93.04,92.78,92.8,6608,2021-03-01 19:05:00,TXRH
92.825,92.895,92.825,92.895,1300,2021-03-01 19:10:00,TXRH
92.9,93.14,92.85,93.14,3978,2021-03-01 19:15:00,TXRH
93.07,93.14,93.0,93.08,1000,2021-03-01 19:20:00,TXRH
93.02,93.08,92.77,92.79,5571,2021-03-01 19:25:00,TXRH
92.87,92.96,92.73,92.94,3007,2021-03-01 19:30:00,TXRH
92.94,93.0,92.68,92.68,2905,2021-03-01 19:35:00,TXRH
92.68,92.88,92.67,92.79,2600,2021-03-01 19:40:00,TXRH
92.745,92.885,92.64,92.885,1840,2021-03-01 19:45:00,TXRH
92.9,93.005,92.87,92.92,2915,2021-03-01 19:50:00,TXRH
92.88,92.97,92.76,92.855,3372,2021-03-01 19:55:00,TXRH
92.8,92.88,92.72,92.73,2700,2021-03-01 20:00:00,TXRH
92.74,92.86,92.73,92.75,17814,2021-03-01 20:05:00,TXRH
92.78,92.79,92.37,92.37,3300,2021-03-01 20:10:00,TXRH
92.35,92.6,92.35,92.53,7033,2021-03-01 20:15:00,TXRH
92.53,92.54,92.34,92.36,7800,2021-03-01 20:20:00,TXRH
92.34,92.46,92.3,92.42,15529,2021-03-01 20:25:00,TXRH
92.41,92.43,92.02,92.045,10979,2021-03-01 20:30:00,TXRH
92.08,92.22,92.005,92.04,11873,2021-03-01 20:35:00,TXRH
92.08,92.17,92.05,92.17,10584,2021-03-01 20:40:00,TXRH
92.15,92.18,91.8525,91.8525,75806,2021-03-01 20:45:00,TXRH
91.9,91.96,91.66,91.87,33176,2021-03-01 20:50:00,TXRH
91.93,92.0,91.57,91.76,76967,2021-03-01 20:55:00,TXRH
91.8,92.0,91.8,91.8,51585,2021-03-01 21:00:00,TXRH
91.49,91.815,91.49,91.57,8709,2021-03-02 14:30:00,TXRH
91.775,91.775,91.19,91.41,5406,2021-03-02 14:35:00,TXRH
91.425,91.425,91.0,91.09,5663,2021-03-02 14:40:00,TXRH
91.2,91.77,91.2,91.41,4453,2021-03-02 14:45:00,TXRH
91.51,92.05,91.51,92.04,4419,2021-03-02 14:50:00,TXRH
92.18,92.21,91.77,91.77,10908,2021-03-02 14:55:00,TXRH
91.78,91.83,91.52,91.75,5447,2021-03-02 15:00:00,TXRH
91.75,91.855,91.53,91.63,4815,2021-03-02 15:05:00,TXRH
91.62,91.62,90.9,90.965,4931,2021-03-02 15:10:00,TXRH
90.94,91.13,90.93,91.0,4855,2021-03-02 15:15:00,TXRH
90.86,91.08,90.59,90.7,3424,2021-03-02 15:20:00,TXRH
90.6,90.66,90.23,90.23,6604,2021-03-02 15:25:00,TXRH
90.12,90.75,90.07,90.38,5699,2021-03-02 15:30:00,TXRH
90.39,90.55,89.86,89.86,3648,2021-03-02 15:35:00,TXRH
89.85,90.08,89.68,90.08,4833,2021-03-02 15:40:00,TXRH
90.035,90.57,89.84,90.57,8010,2021-03-02 15:45:00,TXRH
90.635,90.635,90.43,90.6,2844,2021-03-02 15:50:00,TXRH
90.6,90.71,90.54,90.54,2308,2021-03-02 15:55:00,TXRH
90.57,90.575,90.23,90.485,5315,2021-03-02 16:00:00,TXRH
90.62,91.0,90.62,90.75,2360,2021-03-02 16:05:00,TXRH
90.74,90.99,90.68,90.87,3879,2021-03-02 16:10:00,TXRH
90.75,90.76,90.545,90.65,4395,2021-03-02 16:15:00,TXRH
90.695,90.695,90.27,90.27,3873,2021-03-02 16:20:00,TXRH
90.28,90.42,90.24,90.4,5500,2021-03-02 16:25:00,TXRH
90.46,90.46,90.28,90.35,2300,2021-03-02 16:30:00,TXRH
90.31,90.31,90.09,90.25,2345,2021-03-02 16:35:00,TXRH
90.15,90.17,90.08,90.17,2200,2021-03-02 16:40:00,TXRH
90.205,90.425,90.2,90.24,4101,2021-03-02 16:45:00,TXRH
90.26,90.35,90.13,90.28,1900,2021-03-02 16:50:00,TXRH
90.61,90.61,90.42,90.42,970,2021-03-02 16:55:00,TXRH
90.39,90.47,90.33,90.46,3720,2021-03-02 17:00:00,TXRH
90.62,90.62,90.46,90.46,1919,2021-03-02 17:05:00,TXRH
90.535,90.74,90.39,90.73,3511,2021-03-02 17:10:00,TXRH
90.705,90.845,90.705,90.845,508,2021-03-02 17:15:00,TXRH
90.88,90.94,90.88,90.905,400,2021-03-02 17:20:00,TXRH
90.98,90.98,90.88,90.92,1600,2021-03-02 17:25:00,TXRH
90.87,90.9,90.81,90.87,2985,2021-03-02 17:30:00,TXRH
90.92,91.2,90.9,91.11,4609,2021-03-02 17:35:00,TXRH
91.3,91.35,91.12,91.35,700,2021-03-02 17:40:00,TXRH
91.28,91.28,90.92,90.92,2142,2021-03-02 17:45:00,TXRH
91.005,91.005,90.88,90.95,2093,2021-03-02 17:50:00,TXRH
90.88,90.88,90.655,90.72,3347,2021-03-02 17:55:00,TXRH
90.72,90.9,90.71,90.88,1534,2021-03-02 18:00:00,TXRH
90.92,90.98,90.905,90.905,500,2021-03-02 18:05:00,TXRH
90.94,90.98,90.85,90.98,2541,2021-03-02 18:10:00,TXRH
91.015,91.06,90.86,90.87,3452,2021-03-02 18:15:00,TXRH
90.75,90.91,90.73,90.88,1556,2021-03-02 18:20:00,TXRH
90.77,90.78,90.5575,90.77,4724,2021-03-02 18:25:00,TXRH
90.685,90.87,90.64,90.82,600,2021-03-02 18:30:00,TXRH
90.87,90.88,90.78,90.82,2569,2021-03-02 18:35:00,TXRH
90.8,91.03,90.75,90.96,4354,2021-03-02 18:40:00,TXRH
90.97,91.2,90.97,91.2,2020,2021-03-02 18:45:00,TXRH
91.23,91.3,91.19,91.19,1813,2021-03-02 18:50:00,TXRH
91.21,91.26,91.15,91.26,1295,2021-03-02 18:55:00,TXRH
91.21,91.27,91.055,91.075,2524,2021-03-02 19:00:00,TXRH
91.05,91.09,90.63,90.63,2413,2021-03-02 19:05:00,TXRH
90.66,91.0,90.59,91.0,98393,2021-03-02 19:10:00,TXRH
91.02,91.04,90.645,90.645,2634,2021-03-02 19:15:00,TXRH
90.71,90.94,90.71,90.94,2300,2021-03-02 19:20:00,TXRH
90.94,90.97,90.78,90.82,2834,2021-03-02 19:25:00,TXRH
90.86,91.02,90.86,91.02,1489,2021-03-02 19:30:00,TXRH
91.0,91.23,90.97,91.19,3194,2021-03-02 19:35:00,TXRH
91.24,91.41,91.21,91.39,6688,2021-03-02 19:40:00,TXRH
91.345,91.6,91.345,91.59,2625,2021-03-02 19:45:00,TXRH
91.585,92.13,91.55,91.96,6450,2021-03-02 19:50:00,TXRH
91.95,92.56,91.95,92.465,19445,2021-03-02 19:55:00,TXRH
92.47,93.04,92.47,92.815,12613,2021-03-02 20:00:00,TXRH
92.77,92.95,92.755,92.89,6106,2021-03-02 20:05:00,TXRH
92.94,93.03,92.8007,92.95,10845,2021-03-02 20:10:00,TXRH
93.0099,93.0099,92.575,92.575,7985,2021-03-02 20:15:00,TXRH
92.52,92.54,92.3978,92.4,5723,2021-03-02 20:20:00,TXRH
92.41,92.41,92.28,92.34,14723,2021-03-02 20:25:00,TXRH
92.3,92.87,92.26,92.69,15404,2021-03-02 20:30:00,TXRH
92.66,92.66,92.23,92.26,7857,2021-03-02 20:35:00,TXRH
92.27,92.32,91.99,92.04,16989,2021-03-02 20:40:00,TXRH
92.07,92.14,91.845,91.845,16638,2021-03-02 20:45:00,TXRH
91.79,92.03,91.53,92.03,39527,2021-03-02 20:50:00,TXRH
92.03,92.03,91.7,91.84,49274,2021-03-02 20:55:00,TXRH
91.78,91.78,91.78,91.78,493191,2021-03-02 21:00:00,TXRH
91.78,91.78,91.78,91.78,181,2021-03-02 21:30:00,TXRH
91.78,91.78,91.78,91.78,52242,2021-03-02 22:40:00,TXRH
92.75,93.645,92.63,93.43,9948,2021-03-03 14:30:00,TXRH
93.46,93.66,92.69,92.69,2853,2021-03-03 14:35:00,TXRH
93.0742,93.44,92.71,93.4,4605,2021-03-03 14:40:00,TXRH
93.64,93.64,93.0,93.07,10605,2021-03-03 14:45:00,TXRH
93.245,93.245,92.795,92.9,800,2021-03-03 14:50:00,TXRH
92.73,93.08,92.64,92.64,16555,2021-03-03 14:55:00,TXRH
92.75,92.92,92.7,92.92,3517,2021-03-03 15:00:00,TXRH
92.74,93.1,92.51,92.97,6366,2021-03-03 15:05:00,TXRH
92.81,92.81,92.44,92.665,30292,2021-03-03 15:10:00,TXRH
92.67,92.73,91.945,91.945,11034,2021-03-03 15:15:00,TXRH
92.155,92.9,92.14,92.755,3150,2021-03-03 15:20:00,TXRH
92.75,93.39,92.68,93.39,14608,2021-03-03 15:25:00,TXRH
93.38,93.38,92.58,93.33,7158,2021-03-03 15:30:00,TXRH
93.14,93.99,93.14,93.99,5600,2021-03-03 15:35:00,TXRH
93.75,94.34,93.75,94.095,6889,2021-03-03 15:40:00,TXRH
94.09,94.73,94.09,94.26,8946,2021-03-03 15:45:00,TXRH
94.32,94.44,94.06,94.15,4417,2021-03-03 15:50:00,TXRH
94.04,94.1588,93.86,93.9,7440,2021-03-03 15:55:00,TXRH
93.94,93.98,93.56,93.65,4900,2021-03-03 16:00:00,TXRH
93.7,93.77,93.66,93.77,4459,2021-03-03 16:05:00,TXRH
93.67,93.9373,93.67,93.9373,2112,2021-03-03 16:10:00,TXRH
93.71,93.85,93.58,93.845,1000,2021-03-03 16:15:00,TXRH
93.79,93.93,93.74,93.82,3900,2021-03-03 16:20:00,TXRH
93.92,93.92,93.805,93.855,1770,2021-03-03 16:25:00,TXRH
93.77,93.84,93.58,93.84,3539,2021-03-03 16:30:00,TXRH
93.78,93.83,93.57,93.575,2465,2021-03-03 16:35:00,TXRH
93.58,93.6,93.45,93.5079,3268,2021-03-03 16:40:00,TXRH
93.35,93.57,93.35,93.57,6589,2021-03-03 16:45:00,TXRH
93.65,93.71,93.55,93.58,2200,2021-03-03 16:50:00,TXRH
93.58,93.77,93.58,93.62,1912,2021-03-03 16:55:00,TXRH
93.51,93.68,93.42,93.58,2000,2021-03-03 17:00:00,TXRH
93.7,93.75,93.53,93.6,1000,2021-03-03 17:05:00,TXRH
93.6,93.875,93.58,93.875,6077,2021-03-03 17:10:00,TXRH
93.83,93.83,93.6,93.665,5346,2021-03-03 17:15:00,TXRH
93.72,93.77,93.535,93.77,16027,2021-03-03 17:20:00,TXRH
93.88,94.145,93.69,94.145,8331,2021-03-03 17:25:00,TXRH
94.04,94.47,94.04,94.37,9377,2021-03-03 17:30:00,TXRH
94.335,94.44,94.23,94.44,8182,2021-03-03 17:35:00,TXRH
94.4,94.59,94.22,94.5,10861,2021-03-03 17:40:00,TXRH
94.5192,94.64,94.32,94.61,6435,2021-03-03 17:45:00,TXRH
94.76,94.84,94.62,94.63,10447,2021-03-03 17:50:00,TXRH
94.58,94.67,94.45,94.58,3000,2021-03-03 17:55:00,TXRH
94.58,94.74,94.5,94.54,9116,2021-03-03 18:00:00,TXRH
94.58,94.7,94.52,94.54,7566,2021-03-03 18:05:00,TXRH
94.61,95.0,94.61,94.93,16148,2021-03-03 18:10:00,TXRH
94.74,95.0,94.74,95.0,2100,2021-03-03 18:15:00,TXRH
95.0,95.12,94.84,94.84,13605,2021-03-03 18:20:00,TXRH
94.81,94.9304,94.59,94.79,2041,2021-03-03 18:25:00,TXRH
94.8,94.8,94.64,94.8,8187,2021-03-03 18:30:00,TXRH
94.75,94.91,94.68,94.76,2920,2021-03-03 18:35:00,TXRH
94.7,95.01,94.7,94.71,11041,2021-03-03 18:40:00,TXRH
94.77,94.77,94.65,94.66,13527,2021-03-03 18:45:00,TXRH
94.725,94.98,94.7,94.7,3606,2021-03-03 18:50:00,TXRH
94.74,94.76,94.37,94.46,8935,2021-03-03 18:55:00,TXRH
94.59,94.69,94.425,94.425,2735,2021-03-03 19:00:00,TXRH
94.35,94.555,94.3,94.555,24244,2021-03-03 19:05:00,TXRH
94.56,94.68,94.3,94.47,63231,2021-03-03 19:10:00,TXRH
94.42,94.48,94.31,94.48,2700,2021-03-03 19:15:00,TXRH
94.57,94.7075,94.29,94.38,4726,2021-03-03 19:20:00,TXRH
94.27,94.465,94.24,94.31,8329,2021-03-03 19:25:00,TXRH
94.335,94.48,94.25,94.405,19574,2021-03-03 19:30:00,TXRH
94.47,94.94,94.46,94.86,4279,2021-03-03 19:35:00,TXRH
94.99,95.17,94.87,94.9,6790,2021-03-03 19:40:00,TXRH
94.9,94.93,94.51,94.73,6675,2021-03-03 19:45:00,TXRH
94.87,95.15,94.87,95.11,1548,2021-03-03 19:50:00,TXRH
95.095,95.25,94.93,95.1,12844,2021-03-03 19:55:00,TXRH
95.13,95.2,94.93,95.05,13375,2021-03-03 20:00:00,TXRH
95.05,95.13,94.96,95.03,9184,2021-03-03 20:05:00,TXRH
95.07,95.25,94.91,94.91,4449,2021-03-03 20:10:00,TXRH
94.92,94.92,94.73,94.85,11275,2021-03-03 20:15:00,TXRH
94.82,94.82,94.52,94.57,4782,2021-03-03 20:20:00,TXRH
94.52,94.61,94.44,94.501,19362,2021-03-03 20:25:00,TXRH
94.57,94.58,94.43,94.55,13943,2021-03-03 20:30:00,TXRH
94.52,94.58,94.45,94.505,7290,2021-03-03 20:35:00,TXRH
94.53,94.53,94.32,94.35,205723,2021-03-03 20:40:00,TXRH
94.38,94.43,94.16,94.1912,15270,2021-03-03 20:45:00,TXRH
94.19,94.22,93.47,93.6,30559,2021-03-03 20:50:00,TXRH
93.57,93.89,93.48,93.71,101046,2021-03-03 20:55:00,TXRH
93.71,93.71,93.71,93.71,55931,2021-03-03 21:00:00,TXRH
94.25,94.25,94.25,94.25,106,2021-03-03 22:25:00,TXRH
94.25,94.25,94.25,94.25,100,2021-03-03 22:35:00,TXRH
92.85,92.85,92.85,92.85,300,2021-03-04 13:15:00,TXRH
93.53,94.1,93.12,94.0,6237,2021-03-04 14:30:00,TXRH
94.01,94.25,93.91,94.25,2300,2021-03-04 14:35:00,TXRH
94.6002,94.6002,94.11,94.33,7208,2021-03-04 14:40:00,TXRH
94.3,94.44,93.6515,93.855,5600,2021-03-04 14:45:00,TXRH
93.8044,93.9,93.21,93.88,15150,2021-03-04 14:50:00,TXRH
93.39,94.0199,93.39,93.8978,6200,2021-03-04 14:55:00,TXRH
93.97,94.16,93.43,93.43,3200,2021-03-04 15:00:00,TXRH
93.2156,93.86,93.2065,93.84,6509,2021-03-04 15:05:00,TXRH
93.55,93.65,92.7,93.3,18819,2021-03-04 15:10:00,TXRH
93.16,93.2,92.5,92.707,14933,2021-03-04 15:15:00,TXRH
92.76,93.4,92.69,93.0,16874,2021-03-04 15:20:00,TXRH
93.08,93.94,92.73,93.8,7033,2021-03-04 15:25:00,TXRH
93.53,93.75,93.28,93.57,5511,2021-03-04 15:30:00,TXRH
93.83,93.94,93.63,93.94,6851,2021-03-04 15:35:00,TXRH
93.67,94.01,93.67,93.8415,900,2021-03-04 15:40:00,TXRH
93.86,94.28,93.855,94.15,7772,2021-03-04 15:45:00,TXRH
94.04,94.04,93.56,93.58,5811,2021-03-04 15:50:00,TXRH
93.735,94.35,93.59,93.91,7905,2021-03-04 15:55:00,TXRH
94.1,94.48,94.095,94.165,12500,2021-03-04 16:00:00,TXRH
94.26,94.36,94.0,94.0,9800,2021-03-04 16:05:00,TXRH
94.12,94.24,93.6823,93.6823,5100,2021-03-04 16:10:00,TXRH
93.64,93.95,93.4907,93.95,4014,2021-03-04 16:15:00,TXRH
93.7,94.0,93.7,93.99,6980,2021-03-04 16:20:00,TXRH
93.99,93.99,93.38,93.455,5000,2021-03-04 16:25:00,TXRH
93.42,93.77,93.09,93.24,5533,2021-03-04 16:30:00,TXRH
93.32,93.91,93.15,93.25,3700,2021-03-04 16:35:00,TXRH
93.22,93.66,93.22,93.28,2324,2021-03-04 16:40:00,TXRH
93.51,93.58,93.4,93.42,2118,2021-03-04 16:45:00,TXRH
93.27,93.38,93.1,93.37,3900,2021-03-04 16:50:00,TXRH
93.3,93.3,92.84,93.04,1900,2021-03-04 16:55:00,TXRH
93.08,93.19,92.93,93.04,2000,2021-03-04 17:00:00,TXRH
93.06,93.34,92.945,93.34,5215,2021-03-04 17:05:00,TXRH
93.16,93.33,92.87,93.13,5189,2021-03-04 17:10:00,TXRH
93.085,93.745,93.085,93.475,8107,2021-03-04 17:15:00,TXRH
93.56,93.7,93.09,93.21,4149,2021-03-04 17:20:00,TXRH
93.16,93.21,92.78,93.155,5900,2021-03-04 17:25:00,TXRH
93.09,93.1,92.79,92.79,1140,2021-03-04 17:30:00,TXRH
92.75,92.92,92.75,92.79,4240,2021-03-04 17:35:00,TXRH
92.91,92.91,92.64,92.64,2300,2021-03-04 17:40:00,TXRH
92.56,92.56,92.325,92.48,9982,2021-03-04 17:45:00,TXRH
92.37,92.57,92.135,92.135,4400,2021-03-04 17:50:00,TXRH
92.135,92.17,91.86,92.06,7067,2021-03-04 17:55:00,TXRH
92.15,92.47,92.15,92.315,2164,2021-03-04 18:00:00,TXRH
92.23,92.23,91.72,91.755,3300,2021-03-04 18:05:00,TXRH
91.65,91.73,91.37,91.48,3455,2021-03-04 18:10:00,TXRH
91.61,91.97,91.56,91.97,6250,2021-03-04 18:15:00,TXRH
91.85,91.85,91.42,91.76,1914,2021-03-04 18:20:00,TXRH
91.7,92.09,91.44,92.09,3533,2021-03-04 18:25:00,TXRH
92.12,92.12,91.84,91.925,1200,2021-03-04 18:30:00,TXRH
92.01,92.19,91.81,92.13,6267,2021-03-04 18:35:00,TXRH
91.86,91.86,91.68,91.8,1200,2021-03-04 18:40:00,TXRH
91.63,91.74,90.9,90.91,17734,2021-03-04 18:45:00,TXRH
90.78,91.07,90.26,90.41,7502,2021-03-04 18:50:00,TXRH
90.25,90.41,89.88,89.99,11299,2021-03-04 18:55:00,TXRH
89.83,90.225,89.62,89.62,7012,2021-03-04 19:00:00,TXRH
89.92,90.4462,89.92,90.41,6305,2021-03-04 19:05:00,TXRH
90.27,90.31,89.9,89.9,7933,2021-03-04 19:10:00,TXRH
89.86,90.34,89.64,90.24,5400,2021-03-04 19:15:00,TXRH
90.24,90.48,90.24,90.48,4057,2021-03-04 19:20:00,TXRH
90.5,91.065,90.5,91.01,9835,2021-03-04 19:25:00,TXRH
90.94,91.05,90.545,90.62,5599,2021-03-04 19:30:00,TXRH
90.74,90.77,90.37,90.54,4101,2021-03-04 19:35:00,TXRH
90.58,90.95,90.3401,90.95,10008,2021-03-04 19:40:00,TXRH
90.82,91.44,90.81,91.0,6994,2021-03-04 19:45:00,TXRH
91.23,91.81,91.07,91.81,4435,2021-03-04 19:50:00,TXRH
91.61,91.91,91.49,91.74,2700,2021-03-04 19:55:00,TXRH
91.745,91.97,91.57,91.63,8134,2021-03-04 20:00:00,TXRH
91.64,92.03,91.52,91.52,13359,2021-03-04 20:05:00,TXRH
91.56,91.645,91.18,91.42,6169,2021-03-04 20:10:00,TXRH
91.415,91.52,91.1501,91.2,6212,2021-03-04 20:15:00,TXRH
91.23,91.31,91.13,91.23,5471,2021-03-04 20:20:00,TXRH
91.26,91.5,91.0,91.445,8411,2021-03-04 20:25:00,TXRH
91.34,91.79,91.275,91.6,12868,2021-03-04 20:30:00,TXRH
91.63,91.65,91.37,91.52,6719,2021-03-04 20:35:00,TXRH
91.47,92.07,91.47,92.07,8004,2021-03-04 20:40:00,TXRH
91.94,92.06,91.59,91.92,8371,2021-03-04 20:45:00,TXRH
91.78,92.2,91.57,91.57,21937,2021-03-04 20:50:00,TXRH
91.72,92.04,91.56,91.82,33789,2021-03-04 20:55:00,TXRH
91.71,91.71,91.71,91.71,48182,2021-03-04 21:00:00,TXRH
91.71,91.71,91.71,91.71,13227,2021-03-04 22:35:00,TXRH
91.5,91.5,91.5,91.5,100,2021-03-05 00:10:00,TXRH
92.75,92.9899,91.53,91.53,10007,2021-03-05 14:30:00,TXRH
92.31,92.31,91.56,91.77,1200,2021-03-05 14:35:00,TXRH
91.78,92.13,91.32,92.13,6294,2021-03-05 14:40:00,TXRH
92.13,92.13,91.76,92.12,19780,2021-03-05 14:45:00,TXRH
91.99,92.12,91.18,91.18,5688,2021-03-05 14:50:00,TXRH
91.47,92.11,91.2313,91.93,5537,2021-03-05 14:55:00,TXRH
92.11,92.31,92.04,92.09,800,2021-03-05 15:00:00,TXRH
92.32,92.48,92.19,92.19,5384,2021-03-05 15:05:00,TXRH
92.345,92.37,91.46,91.6,7100,2021-03-05 15:10:00,TXRH
91.61,91.84,91.55,91.55,2800,2021-03-05 15:15:00,TXRH
91.69,91.86,91.21,91.21,2500,2021-03-05 15:20:00,TXRH
91.22,91.69,90.795,90.795,5911,2021-03-05 15:25:00,TXRH
91.04,91.365,90.715,91.16,6610,2021-03-05 15:30:00,TXRH
91.25,91.42,90.99,91.11,2800,2021-03-05 15:35:00,TXRH
91.33,91.64,91.28,91.39,4224,2021-03-05 15:40:00,TXRH
91.46,91.74,91.46,91.74,3389,2021-03-05 15:45:00,TXRH
91.66,92.07,91.66,91.95,3615,2021-03-05 15:50:00,TXRH
91.89,91.975,91.3,91.33,1966,2021-03-05 15:55:00,TXRH
91.49,91.49,91.03,91.15,4130,2021-03-05 16:00:00,TXRH
91.18,91.18,90.55,90.685,2124,2021-03-05 16:05:00,TXRH
90.66,90.75,90.47,90.5,3900,2021-03-05 16:10:00,TXRH
90.46,90.48,90.13,90.325,4535,2021-03-05 16:15:00,TXRH
90.31,90.31,89.83,89.83,6585,2021-03-05 16:20:00,TXRH
89.79,89.91,89.49,89.8,9080,2021-03-05 16:25:00,TXRH
89.88,90.2,89.83,89.9,6609,2021-03-05 16:30:00,TXRH
89.865,90.4,89.865,90.275,7693,2021-03-05 16:35:00,TXRH
90.15,90.38,89.86,90.26,6887,2021-03-05 16:40:00,TXRH
90.38,90.67,90.085,90.23,10150,2021-03-05 16:45:00,TXRH
90.07,90.35,89.8,89.99,7337,2021-03-05 16:50:00,TXRH
89.89,90.55,89.89,90.25,13300,2021-03-05 16:55:00,TXRH
90.25,90.87,90.04,90.77,7509,2021-03-05 17:00:00,TXRH
90.69,90.69,90.38,90.42,15824,2021-03-05 17:05:00,TXRH
90.47,90.49,89.98,90.28,7590,2021-03-05 17:10:00,TXRH
90.28,90.6,90.25,90.6,6917,2021-03-05 17:15:00,TXRH
90.57,91.09,90.57,91.05,3700,2021-03-05 17:20:00,TXRH
91.15,91.39,91.11,91.255,5547,2021-03-05 17:25:00,TXRH
91.25,91.5,91.24,91.28,5300,2021-03-05 17:30:00,TXRH
91.16,91.38,91.06,91.12,7778,2021-03-05 17:35:00,TXRH
91.23,91.4,91.085,91.4,8758,2021-03-05 17:40:00,TXRH
91.45,91.58,91.2,91.51,4056,2021-03-05 17:45:00,TXRH
91.44,91.49,91.08,91.24,7623,2021-03-05 17:50:00,TXRH
91.3,91.31,91.08,91.26,1700,2021-03-05 17:55:00,TXRH
91.26,91.37,90.86,91.0,6370,2021-03-05 18:00:00,TXRH
90.99,91.12,90.95,90.98,3060,2021-03-05 18:05:00,TXRH
91.08,91.26,90.91,91.08,5700,2021-03-05 18:10:00,TXRH
91.15,91.44,91.14,91.35,11092,2021-03-05 18:15:00,TXRH
91.39,91.54,91.1,91.49,3100,2021-03-05 18:20:00,TXRH
91.57,91.67,91.28,91.55,5100,2021-03-05 18:25:00,TXRH
91.46,91.56,91.29,91.45,4800,2021-03-05 18:30:00,TXRH
91.43,91.81,91.31,91.6,6586,2021-03-05 18:35:00,TXRH
91.61,91.94,91.61,91.75,7189,2021-03-05 18:40:00,TXRH
91.68,91.92,91.6,91.86,5626,2021-03-05 18:45:00,TXRH
91.92,92.13,91.58,91.66,4882,2021-03-05 18:50:00,TXRH
91.72,91.86,91.71,91.86,2681,2021-03-05 18:55:00,TXRH
92.11,92.13,91.67,91.71,4449,2021-03-05 19:00:00,TXRH
91.64,91.75,91.54,91.74,5585,2021-03-05 19:05:00,TXRH
91.73,91.84,91.555,91.84,5780,2021-03-05 19:10:00,TXRH
91.97,91.99,91.55,91.66,3514,2021-03-05 19:15:00,TXRH
91.61,92.14,91.61,92.14,4075,2021-03-05 19:20:00,TXRH
92.14,92.46,92.14,92.29,5280,2021-03-05 19:25:00,TXRH
92.34,92.61,92.3,92.45,3200,2021-03-05 19:30:00,TXRH
92.58,92.69,92.36,92.36,4500,2021-03-05 19:35:00,TXRH
92.4,92.49,91.9,92.03,3400,2021-03-05 19:40:00,TXRH
92.09,92.21,92.0,92.0,4060,2021-03-05 19:45:00,TXRH
92.2,92.39,92.13,92.35,3425,2021-03-05 19:50:00,TXRH
92.37,92.65,92.37,92.65,4587,2021-03-05 19:55:00,TXRH
92.67,92.84,92.64,92.84,3667,2021-03-05 20:00:00,TXRH
92.79,92.925,92.6,92.6,4506,2021-03-05 20:05:00,TXRH
92.63,92.675,92.31,92.6,7770,2021-03-05 20:10:00,TXRH
92.61,92.8,92.34,92.5,5116,2021-03-05 20:15:00,TXRH
92.54,92.74,92.48,92.74,8409,2021-03-05 20:20:00,TXRH
92.77,92.955,92.705,92.76,4786,2021-03-05 20:25:00,TXRH
92.77,92.81,92.605,92.75,6662,2021-03-05 20:30:00,TXRH
92.78,92.96,92.78,92.9,5705,2021-03-05 20:35:00,TXRH
92.91,92.95,92.69,92.87,6730,2021-03-05 20:40:00,TXRH
92.87,93.13,92.74,92.995,7444,2021-03-05 20:45:00,TXRH
93.03,93.69,93.03,93.58,21315,2021-03-05 20:50:00,TXRH
93.59,93.64,93.32,93.44,40457,2021-03-05 20:55:00,TXRH
93.4,93.4,93.4,93.4,64246,2021-03-05 21:00:00,TXRH
93.4,93.4,93.4,93.4,78225,2021-03-05 22:05:00,TXRH
94.25,94.5,93.88,94.19,12509,2021-03-08 14:30:00,TXRH
94.06,95.69,93.95,95.69,19618,2021-03-08 14:35:00,TXRH
95.62,96.41,95.54,96.06,14137,2021-03-08 14:40:00,TXRH
96.3,96.4,95.77,95.8,11700,2021-03-08 14:45:00,TXRH
95.69,95.74,94.87,95.51,5050,2021-03-08 14:50:00,TXRH
95.72,95.89,95.02,95.18,1700,2021-03-08 14:55:00,TXRH
95.39,95.4,94.92,95.11,3649,2021-03-08 15:00:00,TXRH
95.13,95.4799,95.1,95.32,7182,2021-03-08 15:05:00,TXRH
95.43,95.575,95.06,95.26,9465,2021-03-08 15:10:00,TXRH
95.38,95.845,95.35,95.72,4107,2021-03-08 15:15:00,TXRH
95.805,96.24,95.805,96.0,35875,2021-03-08 15:20:00,TXRH
96.0,96.39,95.6,96.05,12846,2021-03-08 15:25:00,TXRH
96.03,96.07,95.865,96.03,2805,2021-03-08 15:30:00,TXRH
96.13,96.16,95.85,96.0165,7600,2021-03-08 15:35:00,TXRH
95.97,96.38,95.97,96.0778,3690,2021-03-08 15:40:00,TXRH
96.165,96.295,95.87,95.91,6752,2021-03-08 15:45:00,TXRH
96.01,96.04,95.495,95.61,3783,2021-03-08 15:50:00,TXRH
95.68,95.92,95.64,95.66,3100,2021-03-08 15:55:00,TXRH
95.735,96.23,95.735,96.02,6119,2021-03-08 16:00:00,TXRH
96.1881,96.35,96.03,96.35,3233,2021-03-08 16:05:00,TXRH
96.16,96.17,95.87,96.1,6400,2021-03-08 16:10:00,TXRH
96.03,96.195,95.995,96.14,8400,2021-03-08 16:15:00,TXRH
96.15,96.22,96.0,96.18,5397,2021-03-08 16:20:00,TXRH
96.16,96.22,95.91,96.13,5939,2021-03-08 16:25:00,TXRH
96.08,96.09,95.64,95.91,8283,2021-03-08 16:30:00,TXRH
95.79,95.89,95.67,95.85,5305,2021-03-08 16:35:00,TXRH
95.88,95.94,95.69,95.73,4242,2021-03-08 16:40:00,TXRH
95.75,96.1329,95.72,96.1329,6072,2021-03-08 16:45:00,TXRH
96.0,96.07,95.73,95.93,3660,2021-03-08 16:50:00,TXRH
95.9526,96.06,95.74,95.81,1950,2021-03-08 16:55:00,TXRH
95.82,96.05,95.82,95.85,2146,2021-03-08 17:00:00,TXRH
95.78,95.9,95.735,95.88,3197,2021-03-08 17:05:00,TXRH
95.89,96.05,95.78,95.89,3728,2021-03-08 17:10:00,TXRH
95.83,96.04,95.71,95.87,1656,2021-03-08 17:15:00,TXRH
95.9,96.25,95.8224,96.25,4429,2021-03-08 17:20:00,TXRH
96.3608,96.37,96.15,96.21,1976,2021-03-08 17:25:00,TXRH
96.17,96.51,96.17,96.4,4026,2021-03-08 17:30:00,TXRH
96.42,96.65,96.35,96.35,2300,2021-03-08 17:35:00,TXRH
96.425,96.51,96.415,96.42,1419,2021-03-08 17:40:00,TXRH
96.44,96.49,96.25,96.25,1801,2021-03-08 17:45:00,TXRH
96.28,96.31,96.05,96.05,1835,2021-03-08 17:50:00,TXRH
95.85,95.875,95.455,95.6,3704,2021-03-08 17:55:00,TXRH
95.66,95.68,95.48,95.52,4078,2021-03-08 18:00:00,TXRH
95.54,95.5695,95.45,95.51,1325,2021-03-08 18:05:00,TXRH
95.44,95.575,95.26,95.575,3900,2021-03-08 18:10:00,TXRH
95.615,95.64,95.39,95.54,7135,2021-03-08 18:15:00,TXRH
95.645,95.68,95.645,95.66,300,2021-03-08 18:20:00,TXRH
95.7387,95.81,95.675,95.775,5800,2021-03-08 18:25:00,TXRH
95.68,95.68,95.44,95.47,4100,2021-03-08 18:30:00,TXRH
95.43,95.48,95.23,95.33,3610,2021-03-08 18:35:00,TXRH
95.32,95.32,94.95,94.95,2400,2021-03-08 18:40:00,TXRH
94.875,94.955,94.54,94.54,2677,2021-03-08 18:45:00,TXRH
94.65,94.67,94.3737,94.53,8147,2021-03-08 18:50:00,TXRH
94.52,94.57,94.42,94.54,5244,2021-03-08 18:55:00,TXRH
94.47,94.65,94.39,94.54,5099,2021-03-08 19:00:00,TXRH
94.54,94.97,94.42,94.79,4550,2021-03-08 19:05:00,TXRH
94.785,94.99,94.69,94.855,5515,2021-03-08 19:10:00,TXRH
94.95,95.19,94.81,94.955,5243,2021-03-08 19:15:00,TXRH
95.05,95.3,94.93,95.3,5700,2021-03-08 19:20:00,TXRH
95.38,95.71,95.37,95.46,4594,2021-03-08 19:25:00,TXRH
95.55,95.67,95.485,95.485,2500,2021-03-08 19:30:00,TXRH
95.5559,95.61,95.41,95.41,3789,2021-03-08 19:35:00,TXRH
95.33,95.4,94.99,95.07,4055,2021-03-08 19:40:00,TXRH
95.1,95.31,95.07,95.15,6686,2021-03-08 19:45:00,TXRH
95.24,95.57,95.24,95.57,3873,2021-03-08 19:50:00,TXRH
95.59,95.89,95.49,95.89,3362,2021-03-08 19:55:00,TXRH
95.74,95.74,95.47,95.68,4570,2021-03-08 20:00:00,TXRH
95.53,95.76,95.45,95.706,4626,2021-03-08 20:05:00,TXRH
95.682,95.875,95.56,95.875,4807,2021-03-08 20:10:00,TXRH
95.88,95.95,95.56,95.59,8162,2021-03-08 20:15:00,TXRH
95.65,95.9,95.63,95.86,6334,2021-03-08 20:20:00,TXRH
95.78,96.24,95.78,96.01,8652,2021-03-08 20:25:00,TXRH
96.02,96.71,96.02,96.46,10465,2021-03-08 20:30:00,TXRH
96.48,96.83,96.48,96.69,7056,2021-03-08 20:35:00,TXRH
96.63,96.95,96.61,96.7,10779,2021-03-08 20:40:00,TXRH
96.7,96.78,95.8911,96.02,19386,2021-03-08 20:45:00,TXRH
96.05,96.24,95.74,95.77,42054,2021-03-08 20:50:00,TXRH
95.76,95.76,95.23,95.25,74505,2021-03-08 20:55:00,TXRH
95.24,95.24,95.24,95.24,78524,2021-03-08 21:00:00,TXRH
95.24,95.24,95.24,95.24,20394,2021-03-08 22:50:00,TXRH
96.31,96.59,95.595,95.9,10934,2021-03-09 14:30:00,TXRH
96.005,96.005,95.26,95.26,3460,2021-03-09 14:35:00,TXRH
95.16,95.6,95.01,95.365,5200,2021-03-09 14:40:00,TXRH
95.345,95.545,95.3,95.47,3616,2021-03-09 14:45:00,TXRH
95.45,95.85,95.45,95.65,2200,2021-03-09 14:50:00,TXRH
95.7889,95.83,95.4,95.655,4147,2021-03-09 14:55:00,TXRH
95.48,95.64,95.11,95.34,5280,2021-03-09 15:00:00,TXRH
95.43,95.64,95.04,95.33,5000,2021-03-09 15:05:00,TXRH
95.04,95.1,94.47,94.47,3000,2021-03-09 15:10:00,TXRH
94.48,94.77,94.48,94.76,3897,2021-03-09 15:15:00,TXRH
94.68,94.79,94.31,94.31,5493,2021-03-09 15:20:00,TXRH
94.39,94.54,94.27,94.44,5009,2021-03-09 15:25:00,TXRH
94.33,94.44,94.12,94.44,10266,2021-03-09 15:30:00,TXRH
94.3,94.71,94.3,94.61,7683,2021-03-09 15:35:00,TXRH
94.69,94.94,94.67,94.72,4205,2021-03-09 15:40:00,TXRH
94.72,95.0,94.72,95.0,2054,2021-03-09 15:45:00,TXRH
94.55,94.76,94.46,94.47,1752,2021-03-09 15:50:00,TXRH
94.37,94.64,94.14,94.52,5547,2021-03-09 15:55:00,TXRH
94.57,94.7831,94.45,94.73,2200,2021-03-09 16:00:00,TXRH
94.91,95.22,94.86,95.22,2250,2021-03-09 16:05:00,TXRH
94.92,94.94,94.64,94.71,2649,2021-03-09 16:10:00,TXRH
94.72,94.72,94.41,94.52,2107,2021-03-09 16:15:00,TXRH
94.57,94.6,94.4,94.4,1300,2021-03-09 16:20:00,TXRH
94.46,94.54,94.23,94.23,2350,2021-03-09 16:25:00,TXRH
94.1999,94.3539,94.1999,94.23,3829,2021-03-09 16:30:00,TXRH
94.18,94.24,93.98,93.98,2245,2021-03-09 16:35:00,TXRH
94.11,94.2875,94.07,94.09,2433,2021-03-09 16:40:00,TXRH
94.0068,94.0068,93.98,93.98,200,2021-03-09 16:45:00,TXRH
94.045,94.265,93.96,93.96,2358,2021-03-09 16:50:00,TXRH
93.96,93.99,93.77,93.85,1315,2021-03-09 16:55:00,TXRH
93.9,94.04,93.86,93.86,1764,2021-03-09 17:00:00,TXRH
93.91,94.04,93.8,94.04,3340,2021-03-09 17:05:00,TXRH
94.0,94.085,93.99,94.085,1459,2021-03-09 17:10:00,TXRH
94.02,94.31,93.91,93.96,3450,2021-03-09 17:15:00,TXRH
93.975,94.06,93.96,93.96,2061,2021-03-09 17:20:00,TXRH
93.96,94.03,93.83,93.83,3160,2021-03-09 17:25:00,TXRH
93.89,94.0,93.84,93.94,2157,2021-03-09 17:30:00,TXRH
93.95,93.975,93.67,93.67,5300,2021-03-09 17:35:00,TXRH
93.6,93.7,93.47,93.63,6076,2021-03-09 17:40:00,TXRH
93.755,93.83,93.755,93.77,800,2021-03-09 17:45:00,TXRH
93.71,93.77,93.65,93.77,2190,2021-03-09 17:50:00,TXRH
93.66,93.66,93.3875,93.3875,1294,2021-03-09 17:55:00,TXRH
93.38,93.745,93.3,93.64,2095,2021-03-09 18:00:00,TXRH
93.6,93.66,93.48,93.48,922,2021-03-09 18:05:00,TXRH
93.48,93.5,93.43,93.44,1200,2021-03-09 18:10:00,TXRH
93.49,93.49,93.17,93.29,3658,2021-03-09 18:15:00,TXRH
93.37,93.37,93.165,93.25,1700,2021-03-09 18:20:00,TXRH
93.28,93.38,93.1586,93.38,2017,2021-03-09 18:25:00,TXRH
93.24,93.49,93.24,93.37,1600,2021-03-09 18:30:00,TXRH
93.28,93.37,93.28,93.34,708,2021-03-09 18:35:00,TXRH
93.38,93.39,93.235,93.26,1750,2021-03-09 18:40:00,TXRH
93.315,93.45,93.315,93.45,2635,2021-03-09 18:45:00,TXRH
93.5,93.51,93.39,93.39,1707,2021-03-09 18:50:00,TXRH
93.38,93.48,93.38,93.48,1450,2021-03-09 18:55:00,TXRH
93.55,93.57,93.44,93.57,1373,2021-03-09 19:00:00,TXRH
93.63,93.66,93.49,93.56,2550,2021-03-09 19:05:00,TXRH
93.54,93.61,93.53,93.59,2028,2021-03-09 19:10:00,TXRH
93.49,93.55,93.38,93.38,1100,2021-03-09 19:15:00,TXRH
93.4,93.4,93.18,93.18,800,2021-03-09 19:20:00,TXRH
93.0511,93.14,92.86,93.07,3137,2021-03-09 19:25:00,TXRH
93.045,93.18,92.99,93.04,4963,2021-03-09 19:30:00,TXRH
93.13,93.13,92.94,92.98,600,2021-03-09 19:35:00,TXRH
92.99,93.02,92.87,92.88,2646,2021-03-09 19:40:00,TXRH
92.87,93.01,92.55,92.55,4450,2021-03-09 19:45:00,TXRH
92.53,92.66,92.5,92.5,2336,2021-03-09 19:50:00,TXRH
92.56,92.81,92.56,92.81,2200,2021-03-09 19:55:00,TXRH
92.81,92.9022,92.71,92.86,3198,2021-03-09 20:00:00,TXRH
92.86,92.94,92.86,92.87,1300,2021-03-09 20:05:00,TXRH
92.85,93.02,92.85,92.95,3580,2021-03-09 20:10:00,TXRH
93.02,93.02,92.85,92.95,3879,2021-03-09 20:15:00,TXRH
92.85,92.94,92.79,92.87,4351,2021-03-09 20:20:00,TXRH
92.96,93.0,92.79,92.84,6115,2021-03-09 20:25:00,TXRH
92.83,93.03,92.79,92.915,6042,2021-03-09 20:30:00,TXRH
92.9,92.9,92.67,92.885,7643,2021-03-09 20:35:00,TXRH
92.92,92.92,92.59,92.62,6455,2021-03-09 20:40:00,TXRH
92.56,93.02,92.56,92.87,9832,2021-03-09 20:45:00,TXRH
92.82,92.87,92.47,92.63,21611,2021-03-09 20:50:00,TXRH
92.54,92.58,92.24,92.24,39636,2021-03-09 20:55:00,TXRH
92.23,92.23,92.23,92.23,54887,2021-03-09 21:00:00,TXRH
92.76,93.52,92.35,93.23,14606,2021-03-10 14:30:00,TXRH
93.04,94.0544,93.03,93.79,4892,2021-03-10 14:35:00,TXRH
93.98,94.37,93.87,94.21,4199,2021-03-10 14:40:00,TXRH
94.24,94.42,93.44,93.92,11604,2021-03-10 14:45:00,TXRH
93.81,93.96,93.5632,93.5632,521,2021-03-10 14:50:00,TXRH
93.91,94.1,93.815,93.965,3760,2021-03-10 14:55:00,TXRH
93.945,94.31,93.88,94.22,1891,2021-03-10 15:00:00,TXRH
94.2217,94.52,94.2217,94.47,3388,2021-03-10 15:05:00,TXRH
94.5,94.73,94.02,94.06,4479,2021-03-10 15:10:00,TXRH
94.35,94.35,94.35,94.35,100,2021-03-10 15:15:00,TXRH
94.37,94.37,94.0,94.0,1743,2021-03-10 15:20:00,TXRH
94.12,94.14,93.59,93.61,2700,2021-03-10 15:25:00,TXRH
93.69,94.16,93.65,94.16,1400,2021-03-10 15:30:00,TXRH
94.175,94.24,93.57,93.57,3200,2021-03-10 15:35:00,TXRH
93.34,93.54,93.17,93.49,3445,2021-03-10 15:40:00,TXRH
93.58,93.74,93.54,93.72,1719,2021-03-10 15:45:00,TXRH
93.55,93.69,93.51,93.51,2900,2021-03-10 15:50:00,TXRH
93.63,93.7,93.45,93.5455,2425,2021-03-10 15:55:00,TXRH
93.62,94.01,93.62,94.01,1645,2021-03-10 16:00:00,TXRH
93.96,94.1,93.95,93.95,1100,2021-03-10 16:05:00,TXRH
93.85,94.63,93.85,94.63,3160,2021-03-10 16:10:00,TXRH
94.48,94.92,94.46,94.54,10555,2021-03-10 16:15:00,TXRH
94.44,94.63,94.11,94.36,40802,2021-03-10 16:20:00,TXRH
94.48,95.0,94.25,94.91,32529,2021-03-10 16:25:00,TXRH
94.88,94.91,94.53,94.74,5665,2021-03-10 16:30:00,TXRH
94.785,94.825,94.64,94.71,2000,2021-03-10 16:35:00,TXRH
94.7,94.795,94.5952,94.5952,1100,2021-03-10 16:40:00,TXRH
94.77,94.79,94.74,94.775,1744,2021-03-10 16:45:00,TXRH
94.82,94.95,94.82,94.89,2283,2021-03-10 16:50:00,TXRH
94.92,95.035,94.78,94.805,1483,2021-03-10 16:55:00,TXRH
94.9,95.03,94.9,94.95,1601,2021-03-10 17:00:00,TXRH
95.015,95.08,95.015,95.02,512,2021-03-10 17:10:00,TXRH
95.045,95.12,94.96,94.96,1100,2021-03-10 17:15:00,TXRH
94.91,94.91,94.73,94.79,3291,2021-03-10 17:20:00,TXRH
94.7348,94.81,94.57,94.8,11934,2021-03-10 17:25:00,TXRH
94.8,94.8,94.59,94.72,3389,2021-03-10 17:30:00,TXRH
94.68,94.8,94.49,94.49,2219,2021-03-10 17:35:00,TXRH
94.52,94.73,94.52,94.73,2150,2021-03-10 17:40:00,TXRH
94.88,95.07,94.88,94.96,1591,2021-03-10 17:45:00,TXRH
94.95,95.08,94.94,94.97,1021,2021-03-10 17:50:00,TXRH
95.02,95.15,94.989,95.06,1498,2021-03-10 17:55:00,TXRH
95.07,95.2,94.75,95.2,8929,2021-03-10 18:00:00,TXRH
95.08,95.24,95.04,95.24,1100,2021-03-10 18:05:00,TXRH
95.26,95.3,95.165,95.205,1201,2021-03-10 18:10:00,TXRH
95.07,95.11,94.9319,94.9319,2174,2021-03-10 18:15:00,TXRH
95.02,95.03,94.82,95.01,2100,2021-03-10 18:20:00,TXRH
95.08,95.12,94.99,95.08,1500,2021-03-10 18:25:00,TXRH
95.13,95.13,95.0,95.04,1200,2021-03-10 18:30:00,TXRH
95.19,95.19,94.99,95.08,3631,2021-03-10 18:35:00,TXRH
95.06,95.14,95.01,95.14,3150,2021-03-10 18:40:00,TXRH
95.07,95.14,94.985,95.07,2825,2021-03-10 18:45:00,TXRH
95.06,95.14,95.0225,95.14,405,2021-03-10 18:50:00,TXRH
95.21,95.23,95.15,95.15,500,2021-03-10 18:55:00,TXRH
95.08,95.21,95.0241,95.0241,1722,2021-03-10 19:00:00,TXRH
95.16,95.19,95.13,95.15,1100,2021-03-10 19:05:00,TXRH
95.15,95.22,95.1399,95.21,1404,2021-03-10 19:10:00,TXRH
95.185,95.82,95.11,95.665,11476,2021-03-10 19:15:00,TXRH
95.675,95.78,95.51,95.5449,4110,2021-03-10 19:20:00,TXRH
95.58,95.79,95.57,95.59,1400,2021-03-10 19:25:00,TXRH
95.625,95.73,95.625,95.6879,850,2021-03-10 19:30:00,TXRH
95.68,95.92,95.68,95.92,6358,2021-03-10 19:35:00,TXRH
95.82,95.93,95.82,95.85,1000,2021-03-10 19:40:00,TXRH
95.855,95.98,95.82,95.975,2314,2021-03-10 19:45:00,TXRH
95.96,95.99,95.53,95.55,7122,2021-03-10 19:50:00,TXRH
95.62,95.76,95.55,95.55,3210,2021-03-10 19:55:00,TXRH
95.53,95.63,95.34,95.36,2090,2021-03-10 20:00:00,TXRH
95.385,95.385,95.21,95.26,1432,2021-03-10 20:05:00,TXRH
95.21,95.31,95.15,95.31,2169,2021-03-10 20:10:00,TXRH
95.3,95.345,95.18,95.24,4196,2021-03-10 20:15:00,TXRH
95.24,95.27,95.18,95.25,3144,2021-03-10 20:20:00,TXRH
95.225,95.225,94.94,94.94,4150,2021-03-10 20:25:00,TXRH
94.91,94.93,94.59,94.82,15749,2021-03-10 20:30:00,TXRH
94.89,95.09,94.89,95.01,6505,2021-03-10 20:35:00,TXRH
95.04,95.04,94.89,94.925,5583,2021-03-10 20:40:00,TXRH
94.92,95.29,94.86,95.29,11285,2021-03-10 20:45:00,TXRH
95.17,95.28,95.01,95.04,12777,2021-03-10 20:50:00,TXRH
95.05,95.16,94.99,95.04,26227,2021-03-10 20:55:00,TXRH
95.15,95.15,95.15,95.15,51621,2021-03-10 21:00:00,TXRH
95.15,95.15,95.15,95.15,528,2021-03-10 22:30:00,TXRH
94.34,96.13,94.01,96.13,13338,2021-03-11 14:30:00,TXRH
96.03,96.18,95.7,95.71,2220,2021-03-11 14:35:00,TXRH
96.0,96.46,95.79,96.0061,1244,2021-03-11 14:40:00,TXRH
95.85,95.95,95.71,95.71,1300,2021-03-11 14:45:00,TXRH
95.69,95.69,95.32,95.53,1586,2021-03-11 14:50:00,TXRH
95.82,96.18,95.82,96.01,1633,2021-03-11 14:55:00,TXRH
95.9,96.0,95.49,95.92,3646,2021-03-11 15:00:00,TXRH
95.71,95.925,95.41,95.78,17904,2021-03-11 15:05:00,TXRH
95.695,95.83,95.515,95.66,31501,2021-03-11 15:10:00,TXRH
95.7,95.7,95.03,95.06,4885,2021-03-11 15:15:00,TXRH
95.32,95.61,95.16,95.44,7197,2021-03-11 15:20:00,TXRH
95.4,95.7,95.03,95.7,177613,2021-03-11 15:25:00,TXRH
95.7,95.8,95.43,95.43,8886,2021-03-11 15:30:00,TXRH
95.57,95.7,95.27,95.3,5100,2021-03-11 15:35:00,TXRH
95.31,95.45,95.18,95.33,3457,2021-03-11 15:40:00,TXRH
95.38,95.61,95.0,95.39,24063,2021-03-11 15:45:00,TXRH
95.52,95.6,95.36,95.5,12104,2021-03-11 15:50:00,TXRH
95.455,95.46,95.045,95.17,3300,2021-03-11 15:55:00,TXRH
95.15,95.17,95.06,95.12,1237,2021-03-11 16:00:00,TXRH
95.17,95.17,94.785,94.785,3400,2021-03-11 16:05:00,TXRH
94.84,95.18,94.84,95.18,700,2021-03-11 16:10:00,TXRH
95.04,95.35,95.035,95.26,1700,2021-03-11 16:15:00,TXRH
95.27,95.46,95.25,95.31,16288,2021-03-11 16:20:00,TXRH
95.33,95.5,95.135,95.21,58229,2021-03-11 16:25:00,TXRH
95.26,95.38,95.08,95.38,34463,2021-03-11 16:30:00,TXRH
95.38,95.955,95.33,95.91,2500,2021-03-11 16:35:00,TXRH
96.0,96.1,95.4,95.48,7135,2021-03-11 16:40:00,TXRH
95.48,95.56,95.3,95.5,800,2021-03-11 16:45:00,TXRH
95.59,95.64,95.16,95.55,6700,2021-03-11 16:50:00,TXRH
95.55,95.6,95.425,95.425,1384,2021-03-11 16:55:00,TXRH
95.4717,95.61,95.33,95.38,3200,2021-03-11 17:00:00,TXRH
95.43,95.49,95.41,95.41,1200,2021-03-11 17:05:00,TXRH
95.5,95.62,95.48,95.56,4818,2021-03-11 17:10:00,TXRH
95.57,95.76,95.52,95.72,8333,2021-03-11 17:15:00,TXRH
95.7,95.72,95.45,95.52,15000,2021-03-11 17:20:00,TXRH
95.565,95.7559,95.56,95.7559,5155,2021-03-11 17:25:00,TXRH
95.76,95.89,95.76,95.78,4880,2021-03-11 17:30:00,TXRH
95.73,95.78,95.63,95.72,1000,2021-03-11 17:35:00,TXRH
95.66,95.87,95.66,95.87,4600,2021-03-11 17:40:00,TXRH
95.82,95.82,95.77,95.77,800,2021-03-11 17:45:00,TXRH
95.785,95.89,95.75,95.825,13954,2021-03-11 17:50:00,TXRH
95.86,95.94,95.8401,95.85,2997,2021-03-11 17:55:00,TXRH
95.95,96.26,95.95,96.16,18169,2021-03-11 18:00:00,TXRH
96.1,96.105,95.86,95.955,2500,2021-03-11 18:05:00,TXRH
95.935,96.11,95.89,96.085,6079,2021-03-11 18:10:00,TXRH
95.96,96.0,95.82,95.82,550,2021-03-11 18:15:00,TXRH
95.865,95.945,95.77,95.79,901,2021-03-11 18:20:00,TXRH
95.77,96.02,95.7,95.915,33508,2021-03-11 18:25:00,TXRH
96.0,96.21,96.0,96.07,1404,2021-03-11 18:30:00,TXRH
95.975,96.145,95.975,96.145,1000,2021-03-11 18:35:00,TXRH
96.19,96.29,96.05,96.05,900,2021-03-11 18:40:00,TXRH
96.18,96.28,96.14,96.195,3657,2021-03-11 18:45:00,TXRH
96.18,96.3,96.15,96.23,2795,2021-03-11 18:50:00,TXRH
96.23,96.28,96.145,96.28,7453,2021-03-11 18:55:00,TXRH
96.24,96.39,96.24,96.39,2000,2021-03-11 19:00:00,TXRH
96.42,96.42,96.18,96.24,2648,2021-03-11 19:05:00,TXRH
96.175,96.24,96.11,96.11,2000,2021-03-11 19:10:00,TXRH
96.115,96.19,96.04,96.07,1900,2021-03-11 19:15:00,TXRH
96.09,96.2,96.025,96.17,4103,2021-03-11 19:20:00,TXRH
96.0317,96.12,96.015,96.015,1344,2021-03-11 19:25:00,TXRH
95.96,96.05,95.8,95.835,2656,2021-03-11 19:30:00,TXRH
95.81,95.89,95.67,95.78,3230,2021-03-11 19:35:00,TXRH
95.79,96.03,95.79,95.98,2800,2021-03-11 19:40:00,TXRH
95.995,96.07,95.73,95.78,3305,2021-03-11 19:45:00,TXRH
95.7,95.88,95.695,95.78,3673,2021-03-11 19:50:00,TXRH
95.7,95.79,95.58,95.79,9062,2021-03-11 19:55:00,TXRH
95.76,95.77,95.665,95.75,2420,2021-03-11 20:00:00,TXRH
95.74,95.74,95.36,95.475,1400,2021-03-11 20:05:00,TXRH
95.46,95.46,95.28,95.28,1594,2021-03-11 20:10:00,TXRH
95.26,95.26,95.06,95.25,2756,2021-03-11 20:15:00,TXRH
95.25,95.3,95.2,95.2,1800,2021-03-11 20:20:00,TXRH
95.21,95.48,95.21,95.435,3999,2021-03-11 20:25:00,TXRH
95.36,95.41,95.27,95.32,2889,2021-03-11 20:30:00,TXRH
95.295,95.36,95.27,95.305,2480,2021-03-11 20:35:00,TXRH
95.27,95.3,95.165,95.21,5003,2021-03-11 20:40:00,TXRH
95.18,95.23,95.04,95.15,8709,2021-03-11 20:45:00,TXRH
95.05,95.99,95.0,95.84,20691,2021-03-11 20:50:00,TXRH
95.85,95.99,95.51,95.7,48971,2021-03-11 20:55:00,TXRH
95.75,95.75,95.75,95.75,63025,2021-03-11 21:00:00,TXRH
95.75,95.75,95.75,95.75,23413,2021-03-11 21:55:00,TXRH
95.75,95.75,95.75,95.75,200,2021-03-12 12:30:00,TXRH
95.76,95.76,95.75,95.75,211,2021-03-12 14:10:00,TXRH
96.23,96.66,96.09,96.25,11483,2021-03-12 14:30:00,TXRH
96.35,97.49,96.28,97.29,3370,2021-03-12 14:35:00,TXRH
97.35,97.74,97.27,97.27,3262,2021-03-12 14:40:00,TXRH
97.4,97.52,96.81,97.08,2099,2021-03-12 14:45:00,TXRH
97.275,97.34,97.275,97.34,200,2021-03-12 14:50:00,TXRH
97.09,97.22,96.71,97.14,17802,2021-03-12 14:55:00,TXRH
96.91,97.175,96.58,97.11,5963,2021-03-12 15:00:00,TXRH
97.275,97.275,96.875,96.88,1829,2021-03-12 15:05:00,TXRH
96.54,97.075,96.52,96.79,6564,2021-03-12 15:10:00,TXRH
96.85,96.85,96.5,96.52,2100,2021-03-12 15:15:00,TXRH
96.25,96.56,96.25,96.365,1900,2021-03-12 15:20:00,TXRH
96.23,96.3499,96.0,96.31,4800,2021-03-12 15:25:00,TXRH
96.165,96.71,96.165,96.655,3309,2021-03-12 15:30:00,TXRH
96.59,96.805,96.56,96.805,2000,2021-03-12 15:35:00,TXRH
96.67,96.91,96.67,96.91,1700,2021-03-12 15:40:00,TXRH
96.9,96.9,96.68,96.68,900,2021-03-12 15:45:00,TXRH
96.84,96.84,96.27,96.63,5799,2021-03-12 15:50:00,TXRH
96.55,96.635,96.36,96.36,1300,2021-03-12 15:55:00,TXRH
96.46,96.65,96.16,96.305,3382,2021-03-12 16:00:00,TXRH
96.18,96.48,96.18,96.45,1203,2021-03-12 16:05:00,TXRH
96.49,96.52,96.32,96.45,1600,2021-03-12 16:10:00,TXRH
96.57,96.63,96.43,96.54,2653,2021-03-12 16:15:00,TXRH
96.54,96.705,96.5,96.61,2469,2021-03-12 16:20:00,TXRH
96.63,96.63,96.42,96.47,3700,2021-03-12 16:25:00,TXRH
96.525,96.96,96.525,96.72,27861,2021-03-12 16:30:00,TXRH
96.77,96.865,96.495,96.79,8975,2021-03-12 16:35:00,TXRH
96.865,97.075,96.85,96.955,3862,2021-03-12 16:40:00,TXRH
97.0,97.055,96.77,96.89,3148,2021-03-12 16:45:00,TXRH
96.895,96.895,96.75,96.75,1000,2021-03-12 16:50:00,TXRH
96.64,96.685,96.33,96.455,2900,2021-03-12 16:55:00,TXRH
96.46,96.46,96.17,96.285,1500,2021-03-12 17:00:00,TXRH
96.22,96.26,96.0,96.0,835,2021-03-12 17:05:00,TXRH
96.105,96.17,95.79,96.02,10885,2021-03-12 17:10:00,TXRH
95.82,96.235,95.81,96.205,3332,2021-03-12 17:15:00,TXRH
96.18,96.265,95.84,95.84,1458,2021-03-12 17:20:00,TXRH
95.94,96.1,95.94,96.1,900,2021-03-12 17:25:00,TXRH
96.16,96.26,96.05,96.05,2400,2021-03-12 17:30:00,TXRH
96.13,96.315,96.13,96.31,1204,2021-03-12 17:35:00,TXRH
96.32,96.345,96.03,96.14,3300,2021-03-12 17:40:00,TXRH
96.21,96.32,96.17,96.24,1600,2021-03-12 17:45:00,TXRH
96.22,96.36,95.93,96.35,15460,2021-03-12 17:50:00,TXRH
96.28,96.38,96.12,96.245,2500,2021-03-12 17:55:00,TXRH
96.44,96.6,96.44,96.49,2158,2021-03-12 18:00:00,TXRH
96.38,96.61,96.38,96.61,800,2021-03-12 18:05:00,TXRH
96.61,96.61,96.48,96.48,400,2021-03-12 18:10:00,TXRH
96.54,96.785,96.54,96.74,2200,2021-03-12 18:15:00,TXRH
96.77,96.9,96.73,96.73,1300,2021-03-12 18:20:00,TXRH
96.725,96.77,96.67,96.77,1500,2021-03-12 18:25:00,TXRH
96.81,96.93,96.74,96.74,3149,2021-03-12 18:30:00,TXRH
96.715,96.74,96.53,96.53,1300,2021-03-12 18:35:00,TXRH
96.59,96.67,96.54,96.67,1546,2021-03-12 18:40:00,TXRH
96.66,96.66,96.35,96.51,2132,2021-03-12 18:45:00,TXRH
96.49,96.69,96.49,96.65,600,2021-03-12 18:50:00,TXRH
96.635,96.635,96.36,96.58,3300,2021-03-12 18:55:00,TXRH
96.575,96.695,96.55,96.62,3849,2021-03-12 19:00:00,TXRH
96.615,96.615,96.36,96.52,3500,2021-03-12 19:05:00,TXRH
96.52,96.64,96.46,96.64,6300,2021-03-12 19:10:00,TXRH
96.59,96.89,96.59,96.89,9059,2021-03-12 19:15:00,TXRH
96.81,97.07,96.81,97.02,4506,2021-03-12 19:20:00,TXRH
97.02,97.09,96.94,97.005,2857,2021-03-12 19:25:00,TXRH
96.92,97.04,96.92,97.025,1800,2021-03-12 19:30:00,TXRH
97.05,97.08,96.89,96.89,1700,2021-03-12 19:35:00,TXRH
96.96,97.09,96.96,96.9601,4451,2021-03-12 19:40:00,TXRH
97.065,97.1,96.97,97.02,2200,2021-03-12 19:45:00,TXRH
97.01,97.02,96.82,96.94,9985,2021-03-12 19:50:00,TXRH
96.885,97.015,96.83,96.8925,7600,2021-03-12 19:55:00,TXRH
96.82,96.835,96.73,96.785,4000,2021-03-12 20:00:00,TXRH
96.81,96.935,96.77,96.88,3800,2021-03-12 20:05:00,TXRH
96.85,96.9,96.76,96.78,4134,2021-03-12 20:10:00,TXRH
96.85,97.045,96.84,96.96,7687,2021-03-12 20:15:00,TXRH
96.955,97.14,96.94,97.03,13118,2021-03-12 20:20:00,TXRH
97.01,97.1,96.96,97.07,4800,2021-03-12 20:25:00,TXRH
97.1,97.23,97.055,97.2099,9144,2021-03-12 20:30:00,TXRH
97.195,97.61,97.15,97.61,13742,2021-03-12 20:35:00,TXRH
97.65,97.75,97.51,97.725,18163,2021-03-12 20:40:00,TXRH
97.725,97.91,97.665,97.665,20027,2021-03-12 20:45:00,TXRH
97.665,97.77,97.64,97.71,25709,2021-03-12 20:50:00,TXRH
97.72,97.88,97.69,97.87,34244,2021-03-12 20:55:00,TXRH
97.76,97.76,97.76,97.76,56793,2021-03-12 21:00:00,TXRH
97.76,97.76,97.76,97.76,39878,2021-03-12 22:05:00,TXRH
97.76,97.76,97.26,97.26,13790,2021-03-15 12:35:00,TXRH
98.0,99.27,97.87,99.2,18698,2021-03-15 13:30:00,TXRH
99.005,99.16,98.435,98.55,3844,2021-03-15 13:35:00,TXRH
98.44,98.44,97.75,97.75,4350,2021-03-15 13:40:00,TXRH
97.54,97.85,97.35,97.85,10192,2021-03-15 13:45:00,TXRH
97.92,97.92,97.2,97.63,5908,2021-03-15 13:50:00,TXRH
97.68,97.95,97.3,97.62,13900,2021-03-15 13:55:00,TXRH
97.64,97.87,97.52,97.52,1179,2021-03-15 14:00:00,TXRH
97.3912,97.6,97.23,97.6,2204,2021-03-15 14:05:00,TXRH
97.61,97.8,97.6,97.705,3700,2021-03-15 14:10:00,TXRH
97.61,97.635,97.59,97.615,1600,2021-03-15 14:15:00,TXRH
97.59,97.76,97.51,97.6,4632,2021-03-15 14:20:00,TXRH
97.77,98.02,97.77,98.02,1500,2021-03-15 14:25:00,TXRH
98.065,98.55,98.065,98.55,5699,2021-03-15 14:30:00,TXRH
98.59,99.03,98.59,98.705,4697,2021-03-15 14:35:00,TXRH
98.67,99.12,98.67,99.04,8598,2021-03-15 14:40:00,TXRH
99.06,99.06,98.865,99.0,2594,2021-03-15 14:45:00,TXRH
98.9,99.29,98.9,99.21,9741,2021-03-15 14:50:00,TXRH
99.18,99.35,99.13,99.275,4440,2021-03-15 14:55:00,TXRH
99.295,99.31,98.77,99.0,8057,2021-03-15 15:00:00,TXRH
98.9174,98.9174,98.9174,98.9174,200,2021-03-15 15:05:00,TXRH
98.8984,99.01,98.76,98.8,3653,2021-03-15 15:10:00,TXRH
98.745,98.96,98.72,98.84,1006,2021-03-15 15:15:00,TXRH
98.94,99.1,98.59,98.81,14092,2021-03-15 15:20:00,TXRH
98.88,99.06,98.435,98.435,3322,2021-03-15 15:25:00,TXRH
98.43,98.6,98.3,98.3,9437,2021-03-15 15:30:00,TXRH
98.23,98.33,98.13,98.17,1003,2021-03-15 15:35:00,TXRH
98.245,98.54,98.245,98.475,1200,2021-03-15 15:40:00,TXRH
98.495,98.605,98.43,98.605,400,2021-03-15 15:45:00,TXRH
98.5,98.73,98.5,98.665,3379,2021-03-15 15:50:00,TXRH
98.665,98.665,98.58,98.58,637,2021-03-15 15:55:00,TXRH
98.75,98.85,98.67,98.68,1000,2021-03-15 16:00:00,TXRH
98.86,98.94,98.76,98.855,1100,2021-03-15 16:05:00,TXRH
98.8673,99.125,98.8673,99.125,2200,2021-03-15 16:10:00,TXRH
99.12,99.31,99.0,99.31,6131,2021-03-15 16:15:00,TXRH
99.36,99.36,98.92,98.99,9018,2021-03-15 16:20:00,TXRH
98.96,98.96,98.83,98.83,1700,2021-03-15 16:25:00,TXRH
98.96,99.07,98.71,98.85,5479,2021-03-15 16:30:00,TXRH
98.82,98.82,98.54,98.54,2797,2021-03-15 16:35:00,TXRH
98.72,98.84,98.72,98.78,797,2021-03-15 16:40:00,TXRH
98.71,98.78,98.63,98.72,2500,2021-03-15 16:45:00,TXRH
98.67,98.71,98.6,98.68,4026,2021-03-15 16:50:00,TXRH
98.71,98.71,98.59,98.69,4100,2021-03-15 16:55:00,TXRH
98.675,98.675,98.565,98.61,766,2021-03-15 17:00:00,TXRH
98.6,98.68,98.54,98.65,1970,2021-03-15 17:05:00,TXRH
98.62,98.95,98.57,98.87,10465,2021-03-15 17:10:00,TXRH
98.88,99.42,98.83,99.335,9047,2021-03-15 17:15:00,TXRH
99.4,99.64,99.37,99.4499,16537,2021-03-15 17:20:00,TXRH
99.4499,99.57,99.38,99.55,13954,2021-03-15 17:25:00,TXRH
99.38,99.405,98.95,98.955,4219,2021-03-15 17:30:00,TXRH
98.93,99.0956,98.93,98.97,3560,2021-03-15 17:35:00,TXRH
98.97,99.25,98.97,99.25,8213,2021-03-15 17:40:00,TXRH
99.22,99.22,99.0,99.0,6950,2021-03-15 17:45:00,TXRH
98.97,98.97,98.82,98.94,2392,2021-03-15 17:50:00,TXRH
98.94,99.09,98.9,99.01,7171,2021-03-15 17:55:00,TXRH
98.995,99.18,98.995,99.12,5522,2021-03-15 18:00:00,TXRH
99.12,99.12,98.99,99.0,1950,2021-03-15 18:05:00,TXRH
99.01,99.1087,98.885,99.1087,4255,2021-03-15 18:10:00,TXRH
99.025,99.025,98.79,98.85,2685,2021-03-15 18:15:00,TXRH
98.89,98.96,98.82,98.865,6200,2021-03-15 18:20:00,TXRH
98.73,98.74,98.58,98.74,2648,2021-03-15 18:25:00,TXRH
98.6601,98.8,98.64,98.8,6181,2021-03-15 18:30:00,TXRH
98.78,98.84,98.62,98.62,1700,2021-03-15 18:35:00,TXRH
98.68,98.69,98.47,98.47,3776,2021-03-15 18:40:00,TXRH
98.44,98.49,98.24,98.335,3794,2021-03-15 18:45:00,TXRH
98.345,98.455,98.25,98.45,6825,2021-03-15 18:50:00,TXRH
98.32,98.4,98.22,98.25,3529,2021-03-15 18:55:00,TXRH
98.26,98.3,97.95,97.98,3845,2021-03-15 19:00:00,TXRH
97.99,97.99,97.89,97.98,3384,2021-03-15 19:05:00,TXRH
98.01,98.135,98.01,98.03,6115,2021-03-15 19:10:00,TXRH
98.08,98.14,97.845,97.845,4347,2021-03-15 19:15:00,TXRH
97.845,97.95,97.8,97.89,2640,2021-03-15 19:20:00,TXRH
97.97,98.08,97.93,97.93,3598,2021-03-15 19:25:00,TXRH
97.91,98.155,97.8,98.155,7705,2021-03-15 19:30:00,TXRH
98.15,98.28,98.08,98.13,7181,2021-03-15 19:35:00,TXRH
98.17,98.24,98.08,98.24,10501,2021-03-15 19:40:00,TXRH
98.29,98.39,98.08,98.155,14352,2021-03-15 19:45:00,TXRH
98.23,98.37,98.07,98.29,28535,2021-03-15 19:50:00,TXRH
98.32,98.37,98.13,98.23,43725,2021-03-15 19:55:00,TXRH
98.26,98.26,98.26,98.26,45364,2021-03-15 20:00:00,TXRH
98.14,98.14,97.01,97.28,10033,2021-03-16 13:30:00,TXRH
97.29,97.93,97.25,97.92,1700,2021-03-16 13:35:00,TXRH
98.13,98.13,97.69,97.69,1457,2021-03-16 13:40:00,TXRH
97.81,98.09,97.75,97.75,2543,2021-03-16 13:45:00,TXRH
97.81,97.81,97.15,97.34,1996,2021-03-16 13:50:00,TXRH
97.34,97.52,97.171,97.245,3121,2021-03-16 13:55:00,TXRH
97.22,97.42,97.06,97.22,6855,2021-03-16 14:00:00,TXRH
97.215,97.33,97.035,97.09,1963,2021-03-16 14:05:00,TXRH
97.13,97.33,97.13,97.24,1552,2021-03-16 14:10:00,TXRH
97.235,97.44,97.13,97.13,3355,2021-03-16 14:15:00,TXRH
97.045,97.1979,96.61,96.72,1641,2021-03-16 14:20:00,TXRH
96.725,96.725,96.39,96.62,6254,2021-03-16 14:25:00,TXRH
96.58,97.02,96.58,97.005,17285,2021-03-16 14:30:00,TXRH
97.13,97.2665,96.87,97.205,10824,2021-03-16 14:35:00,TXRH
97.265,97.73,97.265,97.31,12812,2021-03-16 14:40:00,TXRH
97.31,97.41,97.185,97.32,1588,2021-03-16 14:45:00,TXRH
97.35,97.59,97.25,97.39,6502,2021-03-16 14:50:00,TXRH
97.36,97.41,97.215,97.24,2181,2021-03-16 14:55:00,TXRH
97.32,97.41,96.92,96.92,4330,2021-03-16 15:00:00,TXRH
96.96,97.05,96.91,97.025,3204,2021-03-16 15:05:00,TXRH
96.98,97.03,96.77,96.85,4575,2021-03-16 15:10:00,TXRH
96.88,97.05,96.88,97.05,1469,2021-03-16 15:15:00,TXRH
97.08,97.11,96.92,97.03,2344,2021-03-16 15:20:00,TXRH
97.11,97.13,97.03,97.06,3129,2021-03-16 15:25:00,TXRH
97.045,97.055,96.83,96.83,2905,2021-03-16 15:30:00,TXRH
96.87,97.03,96.8,96.8,4475,2021-03-16 15:35:00,TXRH
96.815,96.83,96.75,96.76,5484,2021-03-16 15:40:00,TXRH
96.7501,96.82,96.25,96.51,18406,2021-03-16 15:45:00,TXRH
96.54,96.742,96.54,96.742,2349,2021-03-16 15:50:00,TXRH
96.835,97.11,96.835,97.055,2093,2021-03-16 15:55:00,TXRH
97.055,97.055,96.85,96.89,2251,2021-03-16 16:00:00,TXRH
96.96,97.13,96.94,96.94,2204,2021-03-16 16:05:00,TXRH
97.01,97.03,96.86,96.86,2253,2021-03-16 16:10:00,TXRH
96.71,96.71,96.51,96.525,3283,2021-03-16 16:15:00,TXRH
96.535,96.535,96.32,96.32,3423,2021-03-16 16:20:00,TXRH
96.29,96.4,96.29,96.4,2492,2021-03-16 16:25:00,TXRH
96.33,96.59,96.32,96.59,2713,2021-03-16 16:30:00,TXRH
96.53,96.62,96.43,96.62,2265,2021-03-16 16:35:00,TXRH
96.7,96.78,96.62,96.62,1664,2021-03-16 16:40:00,TXRH
96.6,96.93,96.6,96.93,4990,2021-03-16 16:45:00,TXRH
96.95,96.95,96.685,96.685,900,2021-03-16 16:50:00,TXRH
96.57,96.705,96.51,96.56,4430,2021-03-16 16:55:00,TXRH
96.59,96.815,96.59,96.795,2000,2021-03-16 17:00:00,TXRH
96.83,96.85,96.77,96.85,1088,2021-03-16 17:05:00,TXRH
96.84,96.97,96.815,96.9,3089,2021-03-16 17:10:00,TXRH
96.79,96.85,96.74,96.83,1006,2021-03-16 17:15:00,TXRH
96.86,96.95,96.75,96.75,2262,2021-03-16 17:20:00,TXRH
96.78,96.87,96.72,96.77,1397,2021-03-16 17:25:00,TXRH
96.67,96.67,96.54,96.57,1500,2021-03-16 17:30:00,TXRH
96.56,96.56,96.41,96.41,940,2021-03-16 17:35:00,TXRH
96.38,96.6,96.38,96.57,2848,2021-03-16 17:40:00,TXRH
96.56,96.64,96.45,96.49,2748,2021-03-16 17:45:00,TXRH
96.5,96.52,96.41,96.45,2502,2021-03-16 17:50:00,TXRH
96.39,96.39,96.24,96.24,3700,2021-03-16 17:55:00,TXRH
96.195,96.28,96.06,96.28,4648,2021-03-16 18:00:00,TXRH
96.24,96.24,96.0,96.0,6678,2021-03-16 18:05:00,TXRH
96.03,96.03,95.785,95.85,1600,2021-03-16 18:10:00,TXRH
95.8,96.09,95.8,95.97,2301,2021-03-16 18:15:00,TXRH
95.965,96.07,95.75,95.86,8556,2021-03-16 18:20:00,TXRH
95.84,95.88,95.59,95.83,5530,2021-03-16 18:25:00,TXRH
95.77,95.95,95.685,95.75,4008,2021-03-16 18:30:00,TXRH
95.65,95.65,95.5,95.53,4793,2021-03-16 18:35:00,TXRH
95.54,95.55,95.27,95.46,11122,2021-03-16 18:40:00,TXRH
95.49,95.69,95.49,95.65,1402,2021-03-16 18:45:00,TXRH
95.64,95.84,95.61,95.77,2000,2021-03-16 18:50:00,TXRH
95.76,95.895,95.76,95.84,2397,2021-03-16 18:55:00,TXRH
95.81,95.87,95.53,95.72,11839,2021-03-16 19:00:00,TXRH
95.67,95.69,94.94,95.06,72779,2021-03-16 19:05:00,TXRH
95.12,95.48,95.06,95.46,16586,2021-03-16 19:10:00,TXRH
95.47,95.49,94.98,95.01,14788,2021-03-16 19:15:00,TXRH
94.92,95.17,94.92,95.13,9846,2021-03-16 19:20:00,TXRH
95.105,95.19,94.75,94.82,9524,2021-03-16 19:25:00,TXRH
94.86,95.161,94.79,95.11,16744,2021-03-16 19:30:00,TXRH
95.08,95.11,94.97,95.02,10559,2021-03-16 19:35:00,TXRH
95.043,95.085,94.875,94.95,18286,2021-03-16 19:40:00,TXRH
94.95,95.13,94.72,94.72,14831,2021-03-16 19:45:00,TXRH
94.75,94.89,94.63,94.82,17442,2021-03-16 19:50:00,TXRH
94.825,94.91,94.69,94.82,31080,2021-03-16 19:55:00,TXRH
94.77,94.77,94.77,94.77,47799,2021-03-16 20:00:00,TXRH
94.77,94.77,94.77,94.77,300,2021-03-16 20:20:00,TXRH
94.77,94.77,94.77,94.77,9136,2021-03-16 21:15:00,TXRH
94.9,94.9,94.88,94.88,1012,2021-03-17 12:25:00,TXRH
94.8126,94.8126,94.8126,94.8126,788,2021-03-17 13:20:00,TXRH
94.6,95.11,94.05,94.465,23121,2021-03-17 13:30:00,TXRH
94.435,94.92,94.38,94.88,6114,2021-03-17 13:35:00,TXRH
94.86,95.95,94.86,95.95,4170,2021-03-17 13:40:00,TXRH
95.765,95.88,95.53,95.6,4222,2021-03-17 13:45:00,TXRH
95.36,95.36,95.015,95.02,1100,2021-03-17 13:50:00,TXRH
94.995,95.63,94.87,95.52,3348,2021-03-17 13:55:00,TXRH
95.51,95.58,95.195,95.55,5922,2021-03-17 14:00:00,TXRH
95.32,95.51,95.13,95.43,5990,2021-03-17 14:05:00,TXRH
95.45,95.63,95.415,95.62,2141,2021-03-17 14:10:00,TXRH
95.81,95.93,95.6,95.72,1803,2021-03-17 14:15:00,TXRH
95.6001,95.6001,95.235,95.42,4563,2021-03-17 14:20:00,TXRH
95.54,95.575,95.44,95.57,2443,2021-03-17 14:25:00,TXRH
95.43,95.48,95.23,95.41,22699,2021-03-17 14:30:00,TXRH
95.415,95.415,94.97,94.99,3636,2021-03-17 14:35:00,TXRH
94.92,95.0,94.375,94.4557,2367,2021-03-17 14:40:00,TXRH
94.35,94.74,94.18,94.62,8707,2021-03-17 14:45:00,TXRH
94.565,94.93,94.565,94.93,5799,2021-03-17 14:50:00,TXRH
94.86,95.0,94.77,94.96,2881,2021-03-17 14:55:00,TXRH
94.97,95.1,94.725,95.1,8134,2021-03-17 15:00:00,TXRH
95.11,95.305,94.985,95.15,2678,2021-03-17 15:05:00,TXRH
95.255,95.405,95.25,95.28,3338,2021-03-17 15:10:00,TXRH
95.26,95.48,95.205,95.39,3160,2021-03-17 15:15:00,TXRH
95.43,95.59,95.41,95.48,5766,2021-03-17 15:20:00,TXRH
95.49,95.77,95.48,95.76,6238,2021-03-17 15:25:00,TXRH
95.63,95.71,95.555,95.71,7236,2021-03-17 15:30:00,TXRH
95.75,95.93,95.75,95.79,4641,2021-03-17 15:35:00,TXRH
95.78,95.98,95.78,95.89,4033,2021-03-17 15:40:00,TXRH
95.94,95.95,95.735,95.94,5432,2021-03-17 15:45:00,TXRH
96.0,96.01,95.665,95.665,3055,2021-03-17 15:50:00,TXRH
95.73,96.16,95.73,96.05,11888,2021-03-17 15:55:00,TXRH
95.96,96.03,95.885,95.99,2210,2021-03-17 16:00:00,TXRH
96.065,96.13,95.97,96.13,4162,2021-03-17 16:05:00,TXRH
96.03,96.13,95.875,95.89,2700,2021-03-17 16:10:00,TXRH
95.87,95.92,95.83,95.83,2388,2021-03-17 16:15:00,TXRH
95.82,95.87,95.77,95.77,2616,2021-03-17 16:20:00,TXRH
95.74,95.99,95.675,95.99,3267,2021-03-17 16:25:00,TXRH
95.88,95.95,95.765,95.93,1500,2021-03-17 16:30:00,TXRH
95.98,96.01,95.765,95.87,7326,2021-03-17 16:35:00,TXRH
95.87,95.93,95.75,95.75,3274,2021-03-17 16:40:00,TXRH
95.79,95.79,95.68,95.68,11218,2021-03-17 16:45:00,TXRH
95.71,95.95,95.6,95.87,7501,2021-03-17 16:50:00,TXRH
95.8381,96.02,95.8381,95.95,6509,2021-03-17 16:55:00,TXRH
95.96,96.04,95.84,95.98,7188,2021-03-17 17:00:00,TXRH
95.96,95.96,95.75,95.935,15376,2021-03-17 17:05:00,TXRH
95.88,95.97,95.84,95.89,4613,2021-03-17 17:10:00,TXRH
95.89,95.93,95.78,95.88,4854,2021-03-17 17:15:00,TXRH
95.92,96.1,95.92,96.1,3524,2021-03-17 17:20:00,TXRH
96.07,96.18,96.03,96.1796,2007,2021-03-17 17:25:00,TXRH
96.155,96.2664,96.1209,96.23,6564,2021-03-17 17:30:00,TXRH
96.3,96.39,96.18,96.22,6551,2021-03-17 17:35:00,TXRH
96.215,96.3,96.17,96.235,4784,2021-03-17 17:40:00,TXRH
96.245,96.33,96.2,96.295,6166,2021-03-17 17:45:00,TXRH
96.25,96.27,95.9215,95.96,9597,2021-03-17 17:50:00,TXRH
95.935,95.935,95.51,95.55,3213,2021-03-17 17:55:00,TXRH
95.69,96.23,95.69,96.16,5525,2021-03-17 18:00:00,TXRH
96.21,96.34,96.13,96.26,2147,2021-03-17 18:05:00,TXRH
96.34,96.62,96.33,96.53,5466,2021-03-17 18:10:00,TXRH
96.55,96.795,96.55,96.64,7593,2021-03-17 18:15:00,TXRH
96.74,97.03,96.74,96.915,8178,2021-03-17 18:20:00,TXRH
96.96,97.08,96.71,96.9,13459,2021-03-17 18:25:00,TXRH
96.855,97.01,96.7,96.95,23825,2021-03-17 18:30:00,TXRH
96.96,97.21,96.96,97.195,5183,2021-03-17 18:35:00,TXRH
97.18,97.59,97.09,97.52,4712,2021-03-17 18:40:00,TXRH
97.54,97.72,97.37,97.59,2530,2021-03-17 18:45:00,TXRH
97.52,97.66,97.42,97.59,3503,2021-03-17 18:50:00,TXRH
97.555,97.7549,97.29,97.29,2807,2021-03-17 18:55:00,TXRH
97.36,97.41,97.205,97.39,4027,2021-03-17 19:00:00,TXRH
97.52,97.53,97.34,97.39,6477,2021-03-17 19:05:00,TXRH
97.33,97.33,97.1,97.165,3409,2021-03-17 19:10:00,TXRH
97.22,97.3,97.005,97.04,6724,2021-03-17 19:15:00,TXRH
97.025,97.23,97.025,97.04,2751,2021-03-17 19:20:00,TXRH
97.14,97.35,97.115,97.35,5747,2021-03-17 19:25:00,TXRH
97.43,97.46,97.27,97.295,6098,2021-03-17 19:30:00,TXRH
97.3,97.36,97.2,97.225,8005,2021-03-17 19:35:00,TXRH
97.225,97.34,96.94,97.01,11413,2021-03-17 19:40:00,TXRH
96.99,97.21,96.98,97.19,16932,2021-03-17 19:45:00,TXRH
97.16,97.16,96.6,97.07,21661,2021-03-17 19:50:00,TXRH
97.06,97.27,96.81,97.27,44104,2021-03-17 19:55:00,TXRH
97.21,97.21,96.97,97.21,61087,2021-03-17 20:00:00,TXRH
97.21,97.21,97.21,97.21,69717,2021-03-17 21:50:00,TXRH
96.99,97.05,96.03,96.1,3664,2021-03-18 13:30:00,TXRH
96.95,97.18,96.62,96.63,2349,2021-03-18 13:35:00,TXRH
96.89,96.89,96.41,96.42,1699,2021-03-18 13:40:00,TXRH
96.42,97.11,96.24,96.74,8868,2021-03-18 13:45:00,TXRH
96.64,97.05,96.42,97.05,1900,2021-03-18 13:50:00,TXRH
96.6247,97.17,96.6247,96.96,4814,2021-03-18 13:55:00,TXRH
97.0,97.0,96.565,96.64,7587,2021-03-18 14:00:00,TXRH
96.615,96.86,96.51,96.86,8990,2021-03-18 14:05:00,TXRH
96.97,97.04,96.75,97.04,4441,2021-03-18 14:10:00,TXRH
97.08,97.12,96.69,96.95,14926,2021-03-18 14:15:00,TXRH
96.95,97.01,96.59,97.01,5913,2021-03-18 14:20:00,TXRH
96.91,97.03,96.82,96.96,5440,2021-03-18 14:25:00,TXRH
97.005,97.48,97.005,97.48,3000,2021-03-18 14:30:00,TXRH
97.37,97.62,97.34,97.36,4556,2021-03-18 14:35:00,TXRH
97.2,97.35,97.15,97.28,897,2021-03-18 14:40:00,TXRH
97.34,97.4,97.28,97.4,2600,2021-03-18 14:45:00,TXRH
97.43,97.49,97.09,97.29,2900,2021-03-18 14:50:00,TXRH
97.3,97.48,97.25,97.48,2903,2021-03-18 14:55:00,TXRH
97.545,97.79,97.545,97.66,1804,2021-03-18 15:00:00,TXRH
97.67,97.795,97.67,97.785,1000,2021-03-18 15:05:00,TXRH
97.845,98.0,97.76,97.76,3686,2021-03-18 15:10:00,TXRH
97.66,97.85,97.66,97.78,900,2021-03-18 15:15:00,TXRH
97.81,97.89,97.8,97.82,2400,2021-03-18 15:20:00,TXRH
97.78,98.08,97.78,98.0,2531,2021-03-18 15:25:00,TXRH
98.075,98.13,97.91,98.13,2000,2021-03-18 15:30:00,TXRH
97.96,97.98,97.87,97.98,1541,2021-03-18 15:35:00,TXRH
97.73,97.73,97.73,97.73,100,2021-03-18 15:40:00,TXRH
97.87,97.93,97.7312,97.84,2100,2021-03-18 15:45:00,TXRH
97.85,98.02,97.85,97.92,3036,2021-03-18 15:50:00,TXRH
97.85,98.18,97.85,98.18,4200,2021-03-18 15:55:00,TXRH
98.25,98.35,98.185,98.35,2542,2021-03-18 16:00:00,TXRH
98.345,98.53,98.27,98.42,2234,2021-03-18 16:05:00,TXRH
98.5199,98.99,98.45,98.99,25641,2021-03-18 16:10:00,TXRH
98.94,99.01,98.38,98.38,8111,2021-03-18 16:15:00,TXRH
98.435,98.525,98.28,98.35,2200,2021-03-18 16:20:00,TXRH
98.31,98.33,98.155,98.33,1900,2021-03-18 16:25:00,TXRH
98.4,98.42,98.14,98.325,2038,2021-03-18 16:30:00,TXRH
98.14,98.305,98.09,98.11,500,2021-03-18 16:35:00,TXRH
98.21,98.25,98.18,98.25,1526,2021-03-18 16:40:00,TXRH
98.27,98.335,98.055,98.09,1100,2021-03-18 16:45:00,TXRH
98.06,98.14,97.99,98.09,2778,2021-03-18 16:50:00,TXRH
98.09,98.09,97.86,97.915,610,2021-03-18 16:55:00,TXRH
97.86,97.96,97.7,97.96,2344,2021-03-18 17:00:00,TXRH
97.89,97.89,97.8,97.89,1738,2021-03-18 17:05:00,TXRH
97.85,97.89,97.71,97.815,2200,2021-03-18 17:10:00,TXRH
97.81,97.86,97.72,97.8,1132,2021-03-18 17:15:00,TXRH
97.88,97.88,97.75,97.75,1278,2021-03-18 17:20:00,TXRH
97.67,97.905,97.67,97.82,2700,2021-03-18 17:25:00,TXRH
97.68,97.83,97.67,97.785,2581,2021-03-18 17:30:00,TXRH
97.83,97.9,97.68,97.715,2608,2021-03-18 17:35:00,TXRH
97.78,97.79,97.57,97.79,1000,2021-03-18 17:40:00,TXRH
97.65,97.745,97.5711,97.71,1521,2021-03-18 17:45:00,TXRH
97.6606,97.7,97.65,97.67,1126,2021-03-18 17:50:00,TXRH
97.73,97.77,97.62,97.75,2100,2021-03-18 17:55:00,TXRH
97.7,97.735,97.51,97.58,1800,2021-03-18 18:00:00,TXRH
97.57,97.6,97.51,97.57,1404,2021-03-18 18:05:00,TXRH
97.51,97.53,97.36,97.465,3580,2021-03-18 18:10:00,TXRH
97.44,97.5,97.23,97.27,4881,2021-03-18 18:15:00,TXRH
97.45,97.45,97.225,97.38,1700,2021-03-18 18:20:00,TXRH
97.37,97.47,97.26,97.43,4241,2021-03-18 18:25:00,TXRH
97.385,97.7,97.385,97.63,10924,2021-03-18 18:30:00,TXRH
97.5,97.7,97.38,97.68,11157,2021-03-18 18:35:00,TXRH
97.6,97.615,97.36,97.475,6875,2021-03-18 18:40:00,TXRH
97.5,97.81,97.45,97.81,11071,2021-03-18 18:45:00,TXRH
97.755,97.82,97.64,97.685,6665,2021-03-18 18:50:00,TXRH
97.66,97.74,97.52,97.72,3457,2021-03-18 18:55:00,TXRH
97.61,97.8,97.515,97.6,17855,2021-03-18 19:00:00,TXRH
97.47,97.47,97.15,97.4,3600,2021-03-18 19:05:00,TXRH
97.39,97.76,97.345,97.4,13838,2021-03-18 19:10:00,TXRH
97.39,97.5,97.22,97.22,7318,2021-03-18 19:15:00,TXRH
97.215,97.49,97.095,97.095,10303,2021-03-18 19:20:00,TXRH
97.05,97.17,96.85,97.17,3165,2021-03-18 19:25:00,TXRH
97.26,97.32,96.69,96.75,6605,2021-03-18 19:30:00,TXRH
96.685,97.03,96.685,96.945,11223,2021-03-18 19:35:00,TXRH
96.94,97.04,96.54,96.62,15985,2021-03-18 19:40:00,TXRH
96.735,96.735,96.25,96.35,35071,2021-03-18 19:45:00,TXRH
96.28,96.44,96.15,96.2,23002,2021-03-18 19:50:00,TXRH
96.2,96.32,96.115,96.25,40661,2021-03-18 19:55:00,TXRH
96.17,96.17,96.17,96.17,62945,2021-03-18 20:00:00,TXRH
97.319709,97.319709,97.319709,97.319709,32545,2021-03-18 20:05:00,TXRH
96.17,96.17,96.17,96.17,117242,2021-03-18 20:55:00,TXRH
96.0,96.0,96.0,96.0,600,2021-03-18 23:25:00,TXRH
93.0,93.0,93.0,93.0,100,2021-03-18 23:35:00,TXRH
94.71,94.71,94.7,94.7,932,2021-03-19 09:20:00,TXRH
93.3008,93.3008,93.3008,93.3008,179,2021-03-19 12:35:00,TXRH
93.68,93.68,93.63,93.63,566,2021-03-19 13:05:00,TXRH
94.76,96.15,94.01,95.71,274835,2021-03-19 13:30:00,TXRH
95.665,95.665,94.85,94.99,6252,2021-03-19 13:35:00,TXRH
94.6761,95.24,94.25,94.755,17707,2021-03-19 13:40:00,TXRH
94.66,95.175,94.4802,94.875,12304,2021-03-19 13:45:00,TXRH
95.08,95.22,94.84,94.8821,14190,2021-03-19 13:50:00,TXRH
95.15,95.23,94.82,95.105,4973,2021-03-19 13:55:00,TXRH
95.07,95.22,94.85,94.965,21653,2021-03-19 14:00:00,TXRH
95.05,95.12,94.745,94.795,14777,2021-03-19 14:05:00,TXRH
94.935,95.41,94.84,95.41,8161,2021-03-19 14:10:00,TXRH
95.37,95.37,95.0,95.16,9713,2021-03-19 14:15:00,TXRH
95.25,95.525,95.115,95.33,7807,2021-03-19 14:20:00,TXRH
95.325,95.38,95.11,95.135,4889,2021-03-19 14:25:00,TXRH
95.18,95.48,95.0,95.093,11085,2021-03-19 14:30:00,TXRH
95.08,95.47,95.03,95.315,9411,2021-03-19 14:35:00,TXRH
95.34,95.99,95.32,95.99,8237,2021-03-19 14:40:00,TXRH
95.85,95.88,95.49,95.6,8023,2021-03-19 14:45:00,TXRH
95.61,96.02,95.6,95.925,5601,2021-03-19 14:50:00,TXRH
96.0,96.0,95.56,95.695,25305,2021-03-19 14:55:00,TXRH
95.64,95.745,95.51,95.6225,9620,2021-03-19 15:00:00,TXRH
95.675,95.72,95.45,95.56,14242,2021-03-19 15:05:00,TXRH
95.53,95.83,95.47,95.83,4103,2021-03-19 15:10:00,TXRH
95.71,96.62,95.71,96.315,7441,2021-03-19 15:15:00,TXRH
96.14,96.28,96.02,96.155,1658,2021-03-19 15:20:00,TXRH
96.09,96.35,95.97,96.35,1625,2021-03-19 15:25:00,TXRH
96.44,96.8,96.355,96.8,4746,2021-03-19 15:30:00,TXRH
96.8,97.3,96.72,97.29,9105,2021-03-19 15:35:00,TXRH
97.25,97.465,97.11,97.465,4879,2021-03-19 15:40:00,TXRH
97.41,97.41,97.17,97.345,2800,2021-03-19 15:45:00,TXRH
97.26,97.4,97.12,97.3,1900,2021-03-19 15:50:00,TXRH
97.51,97.58,97.29,97.29,3563,2021-03-19 15:55:00,TXRH
97.22,97.32,97.06,97.19,2410,2021-03-19 16:00:00,TXRH
97.19,97.32,96.99,96.99,1747,2021-03-19 16:05:00,TXRH
97.1,97.1,96.19,96.47,4811,2021-03-19 16:10:00,TXRH
96.39,96.56,96.23,96.48,11528,2021-03-19 16:15:00,TXRH
96.54,96.76,96.48,96.76,2100,2021-03-19 16:20:00,TXRH
96.69,96.75,96.52,96.52,3213,2021-03-19 16:25:00,TXRH
96.57,96.93,96.57,96.825,4907,2021-03-19 16:30:00,TXRH
96.93,96.93,96.74,96.785,1300,2021-03-19 16:35:00,TXRH
96.79,96.99,96.79,96.94,4150,2021-03-19 16:40:00,TXRH
96.9,96.93,96.775,96.805,5748,2021-03-19 16:45:00,TXRH
96.83,96.9,96.78,96.895,2639,2021-03-19 16:50:00,TXRH
96.915,96.93,96.69,96.735,3989,2021-03-19 16:55:00,TXRH
96.735,96.735,96.55,96.55,1572,2021-03-19 17:00:00,TXRH
96.535,96.57,96.44,96.515,3073,2021-03-19 17:05:00,TXRH
96.44,96.44,96.082,96.21,4113,2021-03-19 17:10:00,TXRH
96.28,96.34,96.16,96.3,5448,2021-03-19 17:15:00,TXRH
96.25,96.3,96.24,96.25,2021,2021-03-19 17:20:00,TXRH
96.3,96.3,96.09,96.17,11925,2021-03-19 17:25:00,TXRH
96.13,96.2,95.74,95.835,6302,2021-03-19 17:30:00,TXRH
95.78,95.78,95.47,95.65,19896,2021-03-19 17:35:00,TXRH
95.64,95.71,95.47,95.61,11731,2021-03-19 17:40:00,TXRH
95.61,95.71,95.61,95.71,3300,2021-03-19 17:45:00,TXRH
95.75,95.78,95.44,95.5,5655,2021-03-19 17:50:00,TXRH
95.485,95.485,95.35,95.48,1820,2021-03-19 17:55:00,TXRH
95.54,95.675,95.49,95.59,6020,2021-03-19 18:00:00,TXRH
95.56,95.56,95.24,95.24,2534,2021-03-19 18:05:00,TXRH
95.215,95.34,95.215,95.335,2251,2021-03-19 18:10:00,TXRH
95.335,95.335,95.01,95.07,4304,2021-03-19 18:15:00,TXRH
95.075,95.075,94.9,95.05,2196,2021-03-19 18:20:00,TXRH
95.02,95.435,95.015,95.22,4363,2021-03-19 18:25:00,TXRH
95.33,96.26,95.3,96.19,76760,2021-03-19 18:30:00,TXRH
96.08,96.14,95.87,95.88,5489,2021-03-19 18:35:00,TXRH
95.71,95.825,95.5,95.72,3877,2021-03-19 18:40:00,TXRH
95.6,95.63,95.41,95.47,2769,2021-03-19 18:45:00,TXRH
95.465,95.465,95.215,95.32,3635,2021-03-19 18:50:00,TXRH
95.36,95.515,95.36,95.515,3518,2021-03-19 18:55:00,TXRH
95.515,95.57,95.4,95.4,2929,2021-03-19 19:00:00,TXRH
95.45,95.72,95.45,95.72,3004,2021-03-19 19:05:00,TXRH
95.7,96.08,95.66,95.96,5500,2021-03-19 19:10:00,TXRH
95.95,95.99,95.785,95.785,7221,2021-03-19 19:15:00,TXRH
95.84,95.88,95.63,95.665,4066,2021-03-19 19:20:00,TXRH
95.73,95.84,95.69,95.76,5074,2021-03-19 19:25:00,TXRH
95.765,95.86,95.76,95.86,8231,2021-03-19 19:30:00,TXRH
95.96,96.13,95.92,95.945,7331,2021-03-19 19:35:00,TXRH
95.97,96.11,95.97,96.11,8482,2021-03-19 19:40:00,TXRH
96.06,96.28,95.97,96.065,9016,2021-03-19 19:45:00,TXRH
96.12,96.67,96.11,96.67,35682,2021-03-19 19:50:00,TXRH
96.6,96.6,95.67,95.71,52603,2021-03-19 19:55:00,TXRH
95.68,95.71,95.68,95.71,295960,2021-03-19 20:00:00,TXRH
95.71,95.71,95.71,95.71,7915,2021-03-19 20:05:00,TXRH
94.99,94.99,94.99,94.99,277,2021-03-22 08:30:00,TXRH
95.0004,95.0004,95.0004,95.0004,100,2021-03-22 12:00:00,TXRH
95.01,95.01,95.01,95.01,260,2021-03-22 12:25:00,TXRH
95.71,95.71,95.71,95.71,52376,2021-03-22 12:30:00,TXRH
95.5001,95.5001,95.5001,95.5001,110,2021-03-22 12:55:00,TXRH
97.17,97.17,96.1,96.11,14624,2021-03-22 13:30:00,TXRH
96.51,96.96,96.11,96.605,1804,2021-03-22 13:35:00,TXRH
96.89,96.89,96.49,96.49,2100,2021-03-22 13:40:00,TXRH
96.5,96.515,96.49,96.515,501,2021-03-22 13:45:00,TXRH
96.74,96.74,96.47,96.47,600,2021-03-22 13:50:00,TXRH
96.58,96.58,96.03,96.08,1500,2021-03-22 13:55:00,TXRH
96.3,96.34,95.925,95.925,3220,2021-03-22 14:00:00,TXRH
96.17,96.17,95.62,95.68,3500,2021-03-22 14:05:00,TXRH
95.68,95.93,95.65,95.79,1500,2021-03-22 14:10:00,TXRH
95.72,96.045,95.53,96.045,5544,2021-03-22 14:15:00,TXRH
96.11,96.11,95.71,95.71,1600,2021-03-22 14:20:00,TXRH
95.88,95.99,95.74,95.74,4303,2021-03-22 14:25:00,TXRH
95.67,95.85,95.63,95.63,3400,2021-03-22 14:30:00,TXRH
95.52,95.55,95.35,95.395,3600,2021-03-22 14:35:00,TXRH
95.39,95.44,95.11,95.44,4775,2021-03-22 14:40:00,TXRH
95.42,95.44,95.17,95.17,1660,2021-03-22 14:45:00,TXRH
95.25,95.37,94.74,94.74,3989,2021-03-22 14:50:00,TXRH
94.65,95.0,94.36,94.36,5057,2021-03-22 14:55:00,TXRH
94.36,94.43,94.17,94.39,3800,2021-03-22 15:00:00,TXRH
94.305,94.48,93.97,94.13,5126,2021-03-22 15:05:00,TXRH
94.17,94.4,94.1,94.14,5882,2021-03-22 15:10:00,TXRH
94.08,94.2,93.91,93.91,3006,2021-03-22 15:15:00,TXRH
94.05,94.42,94.01,94.34,3978,2021-03-22 15:20:00,TXRH
94.28,94.33,94.1,94.19,6170,2021-03-22 15:25:00,TXRH
94.235,94.44,94.12,94.42,3700,2021-03-22 15:30:00,TXRH
94.54,94.7,94.49,94.54,3350,2021-03-22 15:35:00,TXRH
94.7,94.7,94.43,94.48,2900,2021-03-22 15:40:00,TXRH
94.44,94.46,94.2,94.39,3357,2021-03-22 15:45:00,TXRH
94.45,94.5,93.84,93.975,30344,2021-03-22 15:50:00,TXRH
93.89,94.08,93.68,93.68,9191,2021-03-22 15:55:00,TXRH
93.755,93.9,93.67,93.79,3628,2021-03-22 16:00:00,TXRH
93.73,93.73,93.38,93.4,3088,2021-03-22 16:05:00,TXRH
93.43,93.54,93.24,93.36,2810,2021-03-22 16:10:00,TXRH
93.45,93.68,93.45,93.522,3369,2021-03-22 16:15:00,TXRH
93.55,94.23,93.44,94.07,15050,2021-03-22 16:20:00,TXRH
94.1,94.23,94.04,94.11,2998,2021-03-22 16:25:00,TXRH
94.04,94.13,93.96,94.04,2748,2021-03-22 16:30:00,TXRH
94.04,94.14,94.01,94.015,1650,2021-03-22 16:35:00,TXRH
94.02,94.02,93.84,93.96,4348,2021-03-22 16:40:00,TXRH
93.985,94.18,93.985,94.18,1800,2021-03-22 16:45:00,TXRH
94.17,94.36,94.07,94.36,7479,2021-03-22 16:50:00,TXRH
94.39,94.48,94.3,94.355,8000,2021-03-22 16:55:00,TXRH
94.3,94.36,94.19,94.24,5400,2021-03-22 17:00:00,TXRH
94.28,94.35,94.06,94.06,5770,2021-03-22 17:05:00,TXRH
94.13,94.24,94.11,94.235,1052,2021-03-22 17:10:00,TXRH
94.23,94.33,94.21,94.27,1200,2021-03-22 17:15:00,TXRH
94.235,94.41,94.235,94.28,3001,2021-03-22 17:20:00,TXRH
94.28,94.28,94.03,94.22,4598,2021-03-22 17:25:00,TXRH
94.19,94.21,94.16,94.21,800,2021-03-22 17:30:00,TXRH
94.26,94.295,94.15,94.15,2376,2021-03-22 17:35:00,TXRH
94.09,94.23,94.09,94.2,1858,2021-03-22 17:40:00,TXRH
94.17,94.26,94.16,94.26,1232,2021-03-22 17:45:00,TXRH
94.29,94.3,94.245,94.26,1600,2021-03-22 17:50:00,TXRH
94.25,94.35,94.25,94.35,1731,2021-03-22 17:55:00,TXRH
94.27,94.38,94.25,94.285,1800,2021-03-22 18:00:00,TXRH
94.255,94.39,94.255,94.37,1824,2021-03-22 18:05:00,TXRH
94.37,94.4,94.31,94.35,2046,2021-03-22 18:10:00,TXRH
94.31,94.42,94.28,94.39,2300,2021-03-22 18:15:00,TXRH
94.335,94.43,94.305,94.43,3000,2021-03-22 18:20:00,TXRH
94.49,94.73,94.49,94.685,2775,2021-03-22 18:25:00,TXRH
94.76,94.79,94.665,94.69,2585,2021-03-22 18:30:00,TXRH
94.66,94.72,94.605,94.62,1500,2021-03-22 18:35:00,TXRH
94.56,94.62,94.4,94.4,1729,2021-03-22 18:40:00,TXRH
94.455,94.455,94.38,94.38,1016,2021-03-22 18:45:00,TXRH
94.345,94.47,94.3,94.36,5184,2021-03-22 18:50:00,TXRH
94.44,94.44,94.34,94.34,1200,2021-03-22 18:55:00,TXRH
94.42,94.59,94.42,94.59,6200,2021-03-22 19:00:00,TXRH
94.51,94.67,94.5,94.67,4311,2021-03-22 19:05:00,TXRH
94.65,94.65,94.335,94.335,2700,2021-03-22 19:10:00,TXRH
94.35,94.35,94.01,94.1,4684,2021-03-22 19:15:00,TXRH
94.18,94.355,94.18,94.33,4100,2021-03-22 19:20:00,TXRH
94.39,94.4,94.21,94.29,3780,2021-03-22 19:25:00,TXRH
94.2,94.32,94.12,94.14,5000,2021-03-22 19:30:00,TXRH
94.105,94.17,93.93,93.96,5874,2021-03-22 19:35:00,TXRH
93.93,93.93,93.58,93.85,15034,2021-03-22 19:40:00,TXRH
93.8456,93.94,93.75,93.75,5957,2021-03-22 19:45:00,TXRH
93.82,94.01,93.82,94.01,10027,2021-03-22 19:50:00,TXRH
94.005,94.03,93.74,93.84,22267,2021-03-22 19:55:00,TXRH
93.83,93.83,93.83,93.83,67238,2021-03-22 20:00:00,TXRH
93.83,93.83,93.83,93.83,1456,2021-03-22 22:00:00,TXRH
93.83,93.83,93.83,93.83,44547,2021-03-23 12:30:00,TXRH
93.07,93.95,91.62,93.04,15260,2021-03-23 13:30:00,TXRH
93.36,93.99,93.23,93.99,5604,2021-03-23 13:35:00,TXRH
93.86,94.1,93.55,93.96,5015,2021-03-23 13:40:00,TXRH
93.98,94.0829,93.78,93.89,1706,2021-03-23 13:45:00,TXRH
93.885,93.885,93.15,93.25,7944,2021-03-23 13:50:00,TXRH
93.27,93.7,93.215,93.7,2641,2021-03-23 13:55:00,TXRH
93.78,93.78,93.22,93.22,3300,2021-03-23 14:00:00,TXRH
93.24,93.24,92.809,92.99,7433,2021-03-23 14:05:00,TXRH
92.92,93.17,92.92,93.06,4500,2021-03-23 14:10:00,TXRH
93.23,93.36,93.084,93.27,5854,2021-03-23 14:15:00,TXRH
93.32,93.4,92.965,93.29,6000,2021-03-23 14:20:00,TXRH
93.18,93.28,92.77,92.87,8489,2021-03-23 14:25:00,TXRH
92.78,93.15,92.56,92.675,14200,2021-03-23 14:30:00,TXRH
92.75,92.75,92.26,92.5,7999,2021-03-23 14:35:00,TXRH
92.43,92.93,92.4,92.848,11559,2021-03-23 14:40:00,TXRH
93.02,93.14,92.69,93.075,8220,2021-03-23 14:45:00,TXRH
93.01,93.36,93.0,93.0,11117,2021-03-23 14:50:00,TXRH
93.055,93.06,92.72,92.97,6810,2021-03-23 14:55:00,TXRH
92.96,92.96,92.49,92.495,3231,2021-03-23 15:00:00,TXRH
92.41,92.57,92.36,92.4,3700,2021-03-23 15:05:00,TXRH
92.53,92.84,92.52,92.84,3600,2021-03-23 15:10:00,TXRH
92.84,93.06,92.77,92.97,1300,2021-03-23 15:15:00,TXRH
92.74,92.91,92.68,92.91,2800,2021-03-23 15:20:00,TXRH
92.82,93.0,92.81,92.94,2900,2021-03-23 15:25:00,TXRH
92.98,93.05,92.85,92.93,5024,2021-03-23 15:30:00,TXRH
93.0,93.01,92.725,92.725,700,2021-03-23 15:35:00,TXRH
92.67,92.92,92.67,92.785,2228,2021-03-23 15:40:00,TXRH
92.79,92.97,92.79,92.86,3200,2021-03-23 15:45:00,TXRH
92.79,92.89,92.6,92.6,2900,2021-03-23 15:50:00,TXRH
92.58,92.66,92.51,92.54,700,2021-03-23 15:55:00,TXRH
92.5159,92.63,92.43,92.54,3107,2021-03-23 16:00:00,TXRH
92.48,92.54,92.39,92.43,2238,2021-03-23 16:05:00,TXRH
92.425,92.44,92.32,92.36,1815,2021-03-23 16:10:00,TXRH
92.32,92.44,92.245,92.415,2000,2021-03-23 16:15:00,TXRH
92.39,92.415,92.29,92.29,4120,2021-03-23 16:20:00,TXRH
92.34,92.6,92.19,92.6,2245,2021-03-23 16:25:00,TXRH
92.69,92.84,92.65,92.77,2800,2021-03-23 16:30:00,TXRH
92.76,92.8158,92.67,92.67,1557,2021-03-23 16:35:00,TXRH
92.61,92.65,92.55,92.645,1500,2021-03-23 16:40:00,TXRH
92.6,92.94,92.59,92.87,4808,2021-03-23 16:45:00,TXRH
92.885,92.885,92.67,92.775,5313,2021-03-23 16:50:00,TXRH
92.73,92.79,92.43,92.515,2698,2021-03-23 16:55:00,TXRH
92.51,92.675,92.5,92.51,2624,2021-03-23 17:00:00,TXRH
92.51,92.55,92.37,92.37,2820,2021-03-23 17:05:00,TXRH
92.41,92.46,92.2701,92.36,1539,2021-03-23 17:10:00,TXRH
92.37,92.5,92.34,92.47,5310,2021-03-23 17:15:00,TXRH
92.455,92.51,92.37,92.39,1653,2021-03-23 17:20:00,TXRH
92.37,92.43,92.28,92.43,3000,2021-03-23 17:25:00,TXRH
92.44,92.44,92.23,92.23,900,2021-03-23 17:30:00,TXRH
92.26,92.34,92.21,92.21,1300,2021-03-23 17:35:00,TXRH
92.11,92.28,91.98,92.02,1612,2021-03-23 17:40:00,TXRH
92.06,92.06,91.78,91.95,5562,2021-03-23 17:45:00,TXRH
91.94,91.95,91.7,91.82,2660,2021-03-23 17:50:00,TXRH
91.845,91.94,91.73,91.8729,3044,2021-03-23 17:55:00,TXRH
91.815,91.98,91.76,91.895,2200,2021-03-23 18:00:00,TXRH
91.845,92.64,91.845,92.6,16145,2021-03-23 18:05:00,TXRH
92.64,93.01,92.615,93.01,9640,2021-03-23 18:10:00,TXRH
92.96,93.07,92.78,92.93,17230,2021-03-23 18:15:00,TXRH
92.93,92.935,92.72,92.935,8483,2021-03-23 18:20:00,TXRH
92.96,92.965,92.65,92.815,11066,2021-03-23 18:25:00,TXRH
92.88,92.88,92.42,92.495,5091,2021-03-23 18:30:00,TXRH
92.39,92.39,92.14,92.3,4098,2021-03-23 18:35:00,TXRH
92.28,92.33,92.155,92.33,3310,2021-03-23 18:40:00,TXRH
92.27,92.53,92.25,92.53,3835,2021-03-23 18:45:00,TXRH
92.475,92.475,92.29,92.29,1047,2021-03-23 18:50:00,TXRH
92.27,92.34,92.0,92.0,3752,2021-03-23 18:55:00,TXRH
92.06,92.22,91.95,92.2,2000,2021-03-23 19:00:00,TXRH
92.33,92.33,92.08,92.08,1797,2021-03-23 19:05:00,TXRH
92.06,92.1,92.0,92.03,3947,2021-03-23 19:10:00,TXRH
91.95,92.21,91.81,92.08,4127,2021-03-23 19:15:00,TXRH
91.96,91.96,91.68,91.81,3900,2021-03-23 19:20:00,TXRH
91.74,92.0725,91.72,92.01,4500,2021-03-23 19:25:00,TXRH
92.0,92.0,91.65,91.77,6056,2021-03-23 19:30:00,TXRH
91.72,91.95,91.6,91.76,7533,2021-03-23 19:35:00,TXRH
91.78,91.96,91.72,91.92,6936,2021-03-23 19:40:00,TXRH
91.83,92.07,91.66,91.95,7410,2021-03-23 19:45:00,TXRH
91.92,92.2099,91.82,92.17,14232,2021-03-23 19:50:00,TXRH
92.22,92.41,91.95,92.01,26826,2021-03-23 19:55:00,TXRH
92.05,92.05,92.05,92.05,60867,2021-03-23 20:00:00,TXRH
92.6,92.6,92.6,92.6,100,2021-03-24 13:00:00,TXRH
93.71,94.35,93.67,93.85,11733,2021-03-24 13:30:00,TXRH
94.13,94.26,94.0,94.21,5782,2021-03-24 13:35:00,TXRH
94.32,94.32,93.77,93.78,4047,2021-03-24 13:40:00,TXRH
93.71,94.39,93.55,93.68,8170,2021-03-24 13:45:00,TXRH
93.85,93.85,93.16,93.18,1700,2021-03-24 13:50:00,TXRH
93.155,93.46,93.03,93.13,3100,2021-03-24 13:55:00,TXRH
93.22,93.53,92.93,93.53,1100,2021-03-24 14:00:00,TXRH
93.5,93.64,93.12,93.17,4400,2021-03-24 14:05:00,TXRH
93.16,93.575,93.16,93.57,6228,2021-03-24 14:10:00,TXRH
93.35,93.42,92.92,93.03,2800,2021-03-24 14:15:00,TXRH
92.88,93.02,92.61,92.63,1500,2021-03-24 14:20:00,TXRH
92.695,93.03,92.695,93.03,3928,2021-03-24 14:25:00,TXRH
93.08,93.08,92.87,92.92,2790,2021-03-24 14:30:00,TXRH
93.03,93.57,93.03,93.48,2528,2021-03-24 14:35:00,TXRH
93.42,93.51,93.35,93.35,1179,2021-03-24 14:40:00,TXRH
93.39,93.76,93.39,93.56,3291,2021-03-24 14:45:00,TXRH
93.65,94.02,93.65,93.88,3225,2021-03-24 14:50:00,TXRH
93.93,93.96,93.7,93.76,2937,2021-03-24 14:55:00,TXRH
93.91,93.91,93.58,93.77,2700,2021-03-24 15:00:00,TXRH
93.6,93.6,93.45,93.51,1300,2021-03-24 15:05:00,TXRH
93.61,93.66,93.25,93.285,3000,2021-03-24 15:10:00,TXRH
93.26,93.29,92.94,92.98,3000,2021-03-24 15:15:00,TXRH
92.92,92.92,92.66,92.9,3600,2021-03-24 15:20:00,TXRH
93.15,93.19,93.06,93.185,3996,2021-03-24 15:25:00,TXRH
93.21,93.21,93.07,93.16,1300,2021-03-24 15:30:00,TXRH
92.975,92.98,92.73,92.78,1500,2021-03-24 15:35:00,TXRH
92.655,92.81,92.54,92.78,2150,2021-03-24 15:40:00,TXRH
92.73,92.92,92.62,92.8,2000,2021-03-24 15:45:00,TXRH
92.72,92.72,92.32,92.32,2400,2021-03-24 15:50:00,TXRH
92.35,92.53,92.35,92.45,900,2021-03-24 15:55:00,TXRH
92.49,92.505,92.31,92.34,5049,2021-03-24 16:00:00,TXRH
92.42,92.73,92.31,92.73,3610,2021-03-24 16:05:00,TXRH
92.68,92.84,92.68,92.84,2270,2021-03-24 16:10:00,TXRH
92.84,92.97,92.6797,92.78,2475,2021-03-24 16:15:00,TXRH
92.85,93.065,92.85,93.06,4500,2021-03-24 16:20:00,TXRH
93.1,93.1,92.95,92.975,900,2021-03-24 16:25:00,TXRH
93.115,93.1316,92.82,92.82,6685,2021-03-24 16:30:00,TXRH
92.84,92.97,92.78,92.97,3600,2021-03-24 16:35:00,TXRH
92.98,93.12,92.93,93.09,1703,2021-03-24 16:40:00,TXRH
93.07,93.11,92.83,92.83,5008,2021-03-24 16:45:00,TXRH
92.79,92.8,92.79,92.8,200,2021-03-24 16:50:00,TXRH
92.72,92.96,92.72,92.82,1000,2021-03-24 16:55:00,TXRH
92.68,92.68,92.56,92.62,2351,2021-03-24 17:00:00,TXRH
92.52,92.6369,92.5,92.5,1100,2021-03-24 17:05:00,TXRH
92.67,92.69,92.45,92.47,2600,2021-03-24 17:10:00,TXRH
92.45,92.48,92.25,92.31,2358,2021-03-24 17:15:00,TXRH
92.4184,92.56,92.35,92.56,2749,2021-03-24 17:20:00,TXRH
92.56,92.81,92.51,92.59,2432,2021-03-24 17:25:00,TXRH
92.74,93.0,92.74,92.85,1143,2021-03-24 17:30:00,TXRH
92.8,93.06,92.79,92.85,4569,2021-03-24 17:35:00,TXRH
92.94,93.0,92.72,92.73,3452,2021-03-24 17:40:00,TXRH
92.66,92.92,92.66,92.92,400,2021-03-24 17:45:00,TXRH
93.04,93.24,93.04,93.09,1017,2021-03-24 17:50:00,TXRH
93.05,93.12,93.02,93.0475,2244,2021-03-24 17:55:00,TXRH
93.15,93.15,92.98,93.13,6094,2021-03-24 18:00:00,TXRH
93.045,93.21,93.04,93.09,3250,2021-03-24 18:05:00,TXRH
93.13,93.2,92.85,92.92,1889,2021-03-24 18:10:00,TXRH
92.64,92.71,92.52,92.54,1718,2021-03-24 18:15:00,TXRH
92.71,92.8,92.71,92.75,1400,2021-03-24 18:20:00,TXRH
92.57,92.615,92.46,92.57,1299,2021-03-24 18:25:00,TXRH
92.33,92.39,92.0,92.23,6141,2021-03-24 18:30:00,TXRH
92.24,92.24,92.05,92.14,1300,2021-03-24 18:35:00,TXRH
91.96,92.105,91.83,91.83,1400,2021-03-24 18:40:00,TXRH
91.85,92.41,91.74,92.285,4149,2021-03-24 18:45:00,TXRH
92.28,92.38,92.05,92.11,1800,2021-03-24 18:50:00,TXRH
92.03,92.24,92.0,92.09,4469,2021-03-24 18:55:00,TXRH
92.08,92.24,91.82,91.82,2354,2021-03-24 19:00:00,TXRH
91.86,92.13,91.86,92.02,2610,2021-03-24 19:05:00,TXRH
91.95,92.0,91.77,91.84,3530,2021-03-24 19:10:00,TXRH
91.81,92.13,91.81,92.04,3500,2021-03-24 19:15:00,TXRH
92.04,92.05,91.8,91.8,2000,2021-03-24 19:20:00,TXRH
91.71,91.91,91.63,91.84,4929,2021-03-24 19:25:00,TXRH
91.88,91.92,91.55,91.58,5870,2021-03-24 19:30:00,TXRH
91.57,91.655,91.41,91.41,5150,2021-03-24 19:35:00,TXRH
91.395,91.49,91.25,91.39,5137,2021-03-24 19:40:00,TXRH
91.3255,91.51,91.25,91.41,10270,2021-03-24 19:45:00,TXRH
91.31,91.46,91.16,91.19,19111,2021-03-24 19:50:00,TXRH
91.155,91.2199,90.92,90.92,23378,2021-03-24 19:55:00,TXRH
90.92,90.92,90.92,90.92,47633,2021-03-24 20:00:00,TXRH
90.92,90.92,90.92,90.92,1256,2021-03-24 21:05:00,TXRH
91.5,91.5,91.5,91.5,100,2021-03-24 21:15:00,TXRH
90.84,91.04,89.59,89.726,16108,2021-03-25 13:30:00,TXRH
89.72,90.55,89.72,90.1164,10209,2021-03-25 13:35:00,TXRH
90.26,92.0,90.255,91.56,12555,2021-03-25 13:40:00,TXRH
92.01,92.07,91.48,91.55,10609,2021-03-25 13:45:00,TXRH
91.5,92.15,91.45,91.5,23206,2021-03-25 13:50:00,TXRH
91.5,92.06,91.45,91.75,7994,2021-03-25 13:55:00,TXRH
91.5,92.56,91.49,92.345,11198,2021-03-25 14:00:00,TXRH
92.35,92.5867,92.28,92.47,2865,2021-03-25 14:05:00,TXRH
92.47,92.6,92.125,92.26,5624,2021-03-25 14:10:00,TXRH
92.17,92.25,91.8,91.84,6000,2021-03-25 14:15:00,TXRH
91.93,92.31,91.92,92.04,2300,2021-03-25 14:20:00,TXRH
92.09,92.61,92.09,92.41,5961,2021-03-25 14:25:00,TXRH
92.46,92.99,92.36,92.73,10909,2021-03-25 14:30:00,TXRH
92.73,92.75,92.46,92.63,5365,2021-03-25 14:35:00,TXRH
92.64,92.66,92.25,92.25,8021,2021-03-25 14:40:00,TXRH
92.345,92.56,92.19,92.2,2717,2021-03-25 14:45:00,TXRH
92.06,92.065,91.73,91.81,5013,2021-03-25 14:50:00,TXRH
91.67,92.29,91.66,92.195,8151,2021-03-25 14:55:00,TXRH
92.01,92.01,91.75,91.935,4400,2021-03-25 15:00:00,TXRH
91.93,92.1,91.73,92.04,3620,2021-03-25 15:05:00,TXRH
92.2,92.87,92.2,92.58,3500,2021-03-25 15:10:00,TXRH
92.58,92.91,92.58,92.765,2529,2021-03-25 15:15:00,TXRH
92.9,92.97,92.7,92.8,7191,2021-03-25 15:20:00,TXRH
92.7,93.1,92.66,92.9,6853,2021-03-25 15:25:00,TXRH
92.93,93.58,92.93,93.52,8899,2021-03-25 15:30:00,TXRH
93.41,93.47,93.09,93.09,2934,2021-03-25 15:35:00,TXRH
93.19,93.26,92.97,93.07,3807,2021-03-25 15:40:00,TXRH
92.99,93.075,92.75,93.055,4418,2021-03-25 15:45:00,TXRH
92.87,93.15,92.75,93.03,1395,2021-03-25 15:50:00,TXRH
93.2,93.77,93.155,93.77,4379,2021-03-25 15:55:00,TXRH
93.74,94.74,93.74,94.59,17916,2021-03-25 16:00:00,TXRH
94.435,94.435,93.83,93.98,4500,2021-03-25 16:05:00,TXRH
93.85,93.94,93.4909,93.545,3932,2021-03-25 16:10:00,TXRH
93.62,94.13,93.62,94.06,2200,2021-03-25 16:15:00,TXRH
94.08,94.32,94.01,94.32,3495,2021-03-25 16:20:00,TXRH
94.275,94.47,94.09,94.26,4537,2021-03-25 16:25:00,TXRH
94.27,94.37,94.18,94.3,1350,2021-03-25 16:30:00,TXRH
94.37,94.455,94.16,94.16,4004,2021-03-25 16:35:00,TXRH
94.29,94.52,94.23,94.4875,2560,2021-03-25 16:40:00,TXRH
94.6,94.98,94.51,94.64,11677,2021-03-25 16:45:00,TXRH
94.88,94.88,94.48,94.48,2918,2021-03-25 16:50:00,TXRH
94.385,94.56,94.315,94.49,2900,2021-03-25 16:55:00,TXRH
94.32,94.49,94.06,94.135,2488,2021-03-25 17:00:00,TXRH
94.2,94.66,94.2,94.43,3500,2021-03-25 17:05:00,TXRH
94.6,94.7,94.51,94.7,1004,2021-03-25 17:10:00,TXRH
94.68,94.78,94.605,94.695,6351,2021-03-25 17:15:00,TXRH
94.67,94.7,94.5,94.65,19456,2021-03-25 17:20:00,TXRH
94.605,94.7,94.41,94.43,4250,2021-03-25 17:25:00,TXRH
94.46,94.46,94.261,94.28,3482,2021-03-25 17:30:00,TXRH
94.225,94.43,94.2,94.4,3075,2021-03-25 17:35:00,TXRH
94.44,94.71,94.41,94.65,3900,2021-03-25 17:40:00,TXRH
94.72,95.15,94.57,94.57,15344,2021-03-25 17:45:00,TXRH
94.57,94.605,94.375,94.5,1710,2021-03-25 17:50:00,TXRH
94.57,94.6,94.27,94.27,2620,2021-03-25 17:55:00,TXRH
94.3,94.37,94.19,94.29,4868,2021-03-25 18:00:00,TXRH
94.27,94.43,94.16,94.22,3690,2021-03-25 18:05:00,TXRH
94.18,94.42,94.15,94.4,5364,2021-03-25 18:10:00,TXRH
94.55,94.75,94.44,94.75,2099,2021-03-25 18:15:00,TXRH
94.75,94.805,94.65,94.73,3200,2021-03-25 18:20:00,TXRH
94.81,94.9,94.37,94.37,4390,2021-03-25 18:25:00,TXRH
94.38,94.465,94.2,94.28,3553,2021-03-25 18:30:00,TXRH
94.28,94.9,94.24,94.89,4574,2021-03-25 18:35:00,TXRH
94.98,95.09,94.91,95.0,5420,2021-03-25 18:40:00,TXRH
95.04,95.19,95.04,95.13,2714,2021-03-25 18:45:00,TXRH
95.13,95.5,95.07,95.4,4668,2021-03-25 18:50:00,TXRH
95.395,95.49,95.19,95.48,9332,2021-03-25 18:55:00,TXRH
95.415,95.535,95.33,95.47,5715,2021-03-25 19:00:00,TXRH
95.475,95.69,95.475,95.675,7768,2021-03-25 19:05:00,TXRH
95.61,96.0,95.59,95.945,8310,2021-03-25 19:10:00,TXRH
96.0,96.14,95.95,96.1,10407,2021-03-25 19:15:00,TXRH
96.19,96.39,96.1,96.3,7340,2021-03-25 19:20:00,TXRH
96.38,96.53,96.28,96.45,8776,2021-03-25 19:25:00,TXRH
96.42,96.53,96.3971,96.425,8410,2021-03-25 19:30:00,TXRH
96.425,96.9199,96.425,96.9199,16663,2021-03-25 19:35:00,TXRH
96.885,97.0599,96.78,96.93,14113,2021-03-25 19:40:00,TXRH
96.89,97.27,96.89,97.14,11290,2021-03-25 19:45:00,TXRH
97.17,97.225,96.79,96.83,23443,2021-03-25 19:50:00,TXRH
96.79,96.8,96.46,96.48,72627,2021-03-25 19:55:00,TXRH
96.48,96.48,96.47,96.47,90523,2021-03-25 20:00:00,TXRH
96.5,96.61,96.5,96.61,300,2021-03-25 20:15:00,TXRH
96.47,96.47,96.47,96.47,23635,2021-03-26 12:10:00,TXRH
96.42,96.42,96.42,96.42,264,2021-03-26 13:15:00,TXRH
96.78,97.54,96.1,96.2,9096,2021-03-26 13:30:00,TXRH
96.24,96.485,95.57,96.0,3383,2021-03-26 13:35:00,TXRH
96.25,96.61,96.25,96.51,900,2021-03-26 13:40:00,TXRH
96.595,96.8,96.29,96.39,3767,2021-03-26 13:45:00,TXRH
96.46,96.9611,96.015,96.05,8155,2021-03-26 13:50:00,TXRH
96.26,96.31,95.96,96.22,2146,2021-03-26 13:55:00,TXRH
96.24,96.75,96.24,96.53,4050,2021-03-26 14:00:00,TXRH
96.69,96.76,96.49,96.615,8611,2021-03-26 14:05:00,TXRH
96.615,96.77,96.53,96.65,4890,2021-03-26 14:10:00,TXRH
96.63,96.7799,96.41,96.555,5508,2021-03-26 14:15:00,TXRH
96.47,96.65,96.44,96.52,5600,2021-03-26 14:20:00,TXRH
96.59,96.695,96.36,96.37,4228,2021-03-26 14:25:00,TXRH
96.4204,96.6,96.33,96.45,8171,2021-03-26 14:30:00,TXRH
96.52,96.625,96.43,96.43,4300,2021-03-26 14:35:00,TXRH
96.42,96.42,96.165,96.4,4623,2021-03-26 14:40:00,TXRH
96.41,96.41,96.18,96.33,3374,2021-03-26 14:45:00,TXRH
96.27,96.42,96.23,96.35,3720,2021-03-26 14:50:00,TXRH
96.305,96.305,96.125,96.17,1300,2021-03-26 14:55:00,TXRH
96.11,96.125,95.93,95.97,3361,2021-03-26 15:00:00,TXRH
95.89,95.915,95.65,95.695,2800,2021-03-26 15:05:00,TXRH
95.67,95.74,95.59,95.74,1400,2021-03-26 15:10:00,TXRH
95.74,95.8,95.64,95.64,1000,2021-03-26 15:15:00,TXRH
95.73,95.85,95.7,95.83,2200,2021-03-26 15:20:00,TXRH
95.82,95.95,95.75,95.75,2800,2021-03-26 15:25:00,TXRH
95.91,96.26,95.91,96.26,1907,2021-03-26 15:30:00,TXRH
96.42,96.42,96.26,96.39,2217,2021-03-26 15:35:00,TXRH
96.39,96.55,96.31,96.44,11870,2021-03-26 15:40:00,TXRH
96.405,96.45,96.33,96.34,1015,2021-03-26 15:45:00,TXRH
96.35,96.43,96.33,96.375,2087,2021-03-26 15:50:00,TXRH
96.385,96.55,96.35,96.54,1200,2021-03-26 15:55:00,TXRH
96.525,96.66,96.51,96.58,1500,2021-03-26 16:00:00,TXRH
96.57,96.7,96.56,96.7,1600,2021-03-26 16:05:00,TXRH
96.595,96.966,96.595,96.94,1699,2021-03-26 16:10:00,TXRH
96.98,97.1213,96.9,97.115,2070,2021-03-26 16:15:00,TXRH
97.12,97.16,97.02,97.06,1480,2021-03-26 16:20:00,TXRH
97.09,97.2,97.09,97.09,1079,2021-03-26 16:25:00,TXRH
97.09,97.09,96.95,96.96,2736,2021-03-26 16:30:00,TXRH
96.99,97.01,96.64,96.735,2637,2021-03-26 16:35:00,TXRH
96.73,96.78,96.67,96.73,1470,2021-03-26 16:40:00,TXRH
96.68,96.68,96.52,96.53,700,2021-03-26 16:45:00,TXRH
96.615,96.76,96.615,96.74,1716,2021-03-26 16:50:00,TXRH
96.685,96.74,96.61,96.74,1900,2021-03-26 16:55:00,TXRH
96.74,96.82,96.74,96.82,1609,2021-03-26 17:00:00,TXRH
96.8,96.92,96.8,96.87,2020,2021-03-26 17:05:00,TXRH
96.94,96.94,96.81,96.94,4013,2021-03-26 17:10:00,TXRH
96.96,96.97,96.8,96.83,1609,2021-03-26 17:15:00,TXRH
96.82,96.99,96.82,96.97,2647,2021-03-26 17:20:00,TXRH
97.0,97.1,97.0,97.065,1751,2021-03-26 17:25:00,TXRH
97.11,97.21,97.095,97.17,1100,2021-03-26 17:30:00,TXRH
97.165,97.165,96.6101,96.63,1560,2021-03-26 17:35:00,TXRH
96.645,96.75,96.57,96.57,2012,2021-03-26 17:40:00,TXRH
96.47,96.47,96.09,96.1,2400,2021-03-26 17:45:00,TXRH
96.07,96.51,96.07,96.51,5308,2021-03-26 17:50:00,TXRH
96.6,96.83,96.56,96.8,2016,2021-03-26 17:55:00,TXRH
96.85,96.85,96.57,96.705,2200,2021-03-26 18:00:00,TXRH
96.67,96.67,96.345,96.36,1620,2021-03-26 18:05:00,TXRH
96.31,96.33,96.15,96.33,1719,2021-03-26 18:10:00,TXRH
96.33,96.34,96.21,96.26,1608,2021-03-26 18:15:00,TXRH
96.22,96.665,96.16,96.665,3100,2021-03-26 18:20:00,TXRH
96.57,96.805,96.55,96.69,2500,2021-03-26 18:25:00,TXRH
96.77,96.77,96.575,96.65,3453,2021-03-26 18:30:00,TXRH
96.67,96.76,96.46,96.46,7857,2021-03-26 18:35:00,TXRH
96.5,96.66,96.38,96.475,9342,2021-03-26 18:40:00,TXRH
96.4,96.4,96.15,96.15,4500,2021-03-26 18:45:00,TXRH
96.05,96.77,96.01,96.77,19600,2021-03-26 18:50:00,TXRH
96.665,97.08,96.665,97.015,9715,2021-03-26 18:55:00,TXRH
96.9,96.9,96.73,96.74,1924,2021-03-26 19:00:00,TXRH
96.61,96.75,96.24,96.24,3956,2021-03-26 19:05:00,TXRH
96.3,96.49,96.2325,96.42,8080,2021-03-26 19:10:00,TXRH
96.45,96.7,96.37,96.38,5105,2021-03-26 19:15:00,TXRH
96.46,96.52,96.22,96.26,2996,2021-03-26 19:20:00,TXRH
96.25,96.555,96.23,96.555,1613,2021-03-26 19:25:00,TXRH
96.72,96.84,96.64,96.79,6791,2021-03-26 19:30:00,TXRH
96.91,97.17,96.8462,97.17,3903,2021-03-26 19:35:00,TXRH
97.2,97.21,96.94,97.07,5625,2021-03-26 19:40:00,TXRH
97.0123,97.32,97.0,97.32,7202,2021-03-26 19:45:00,TXRH
97.32,97.57,97.31,97.4,10124,2021-03-26 19:50:00,TXRH
97.43,97.82,97.43,97.7,23236,2021-03-26 19:55:00,TXRH
97.77,97.77,97.77,97.77,39529,2021-03-26 20:00:00,TXRH
97.77,97.77,97.77,97.77,4037,2021-03-26 21:20:00,TXRH
97.79,97.79,97.79,97.79,150,2021-03-29 12:15:00,TXRH
97.22,97.68,97.01,97.68,8001,2021-03-29 13:30:00,TXRH
97.74,98.32,97.66,98.08,2108,2021-03-29 13:35:00,TXRH
98.19,98.29,96.72,96.9,12350,2021-03-29 13:40:00,TXRH
96.92,97.53,96.92,97.37,3753,2021-03-29 13:45:00,TXRH
97.36,97.75,97.245,97.28,9253,2021-03-29 13:50:00,TXRH
97.08,97.19,96.77,96.805,2600,2021-03-29 13:55:00,TXRH
96.76,97.18,96.48,97.075,3785,2021-03-29 14:00:00,TXRH
97.065,97.065,96.37,96.37,2607,2021-03-29 14:05:00,TXRH
96.5,96.5,96.0109,96.3953,4500,2021-03-29 14:10:00,TXRH
96.23,96.32,96.085,96.24,2218,2021-03-29 14:15:00,TXRH
96.15,96.18,95.94,96.025,4463,2021-03-29 14:20:00,TXRH
95.91,96.1,95.87,95.89,2173,2021-03-29 14:25:00,TXRH
96.08,96.08,95.76,95.76,2200,2021-03-29 14:30:00,TXRH
95.67,96.18,95.6,96.06,3329,2021-03-29 14:35:00,TXRH
96.14,96.14,95.92,95.95,500,2021-03-29 14:40:00,TXRH
95.82,95.99,95.75,95.8,11149,2021-03-29 14:45:00,TXRH
95.795,95.805,95.5,95.5,3292,2021-03-29 14:50:00,TXRH
95.5,95.7366,95.5,95.7366,1735,2021-03-29 14:55:00,TXRH
95.6,95.6,95.46,95.46,1855,2021-03-29 15:00:00,TXRH
95.475,95.475,95.05,95.17,1823,2021-03-29 15:05:00,TXRH
95.39,95.41,94.96,95.075,2099,2021-03-29 15:10:00,TXRH
94.97,95.0,94.63,94.71,800,2021-03-29 15:15:00,TXRH
94.75,94.93,94.74,94.87,1101,2021-03-29 15:20:00,TXRH
94.98,95.08,94.87,95.03,2300,2021-03-29 15:25:00,TXRH
94.95,95.31,94.95,95.31,2800,2021-03-29 15:30:00,TXRH
95.31,95.49,95.18,95.4096,5510,2021-03-29 15:35:00,TXRH
95.365,95.65,95.33,95.65,5116,2021-03-29 15:40:00,TXRH
95.58,95.65,95.09,95.09,4490,2021-03-29 15:45:00,TXRH
95.07,95.46,94.95,95.46,2004,2021-03-29 15:50:00,TXRH
95.59,95.61,95.375,95.375,2008,2021-03-29 15:55:00,TXRH
95.4232,95.55,95.25,95.25,1297,2021-03-29 16:00:00,TXRH
95.2,95.2,94.99,94.995,2700,2021-03-29 16:05:00,TXRH
95.0,95.0,94.83,94.89,2515,2021-03-29 16:10:00,TXRH
94.88,94.99,94.88,94.885,1600,2021-03-29 16:15:00,TXRH
94.79,95.03,94.785,95.03,1234,2021-03-29 16:20:00,TXRH
95.01,95.06,95.01,95.06,500,2021-03-29 16:25:00,TXRH
95.34,95.37,95.18,95.18,2000,2021-03-29 16:30:00,TXRH
95.21,95.44,95.18,95.34,1097,2021-03-29 16:35:00,TXRH
95.31,95.46,95.245,95.35,2111,2021-03-29 16:40:00,TXRH
95.325,95.325,95.17,95.17,600,2021-03-29 16:45:00,TXRH
95.09,95.35,95.05,95.35,1543,2021-03-29 16:50:00,TXRH
95.42,95.48,95.38,95.38,1321,2021-03-29 16:55:00,TXRH
95.33,95.74,95.33,95.72,2184,2021-03-29 17:00:00,TXRH
95.73,95.88,95.73,95.88,1889,2021-03-29 17:05:00,TXRH
95.89,95.89,95.76,95.76,1329,2021-03-29 17:10:00,TXRH
95.73,95.9,95.71,95.78,1700,2021-03-29 17:15:00,TXRH
95.8,95.81,95.7,95.7,500,2021-03-29 17:20:00,TXRH
95.77,95.77,95.62,95.62,1076,2021-03-29 17:25:00,TXRH
95.59,95.885,95.47,95.885,2794,2021-03-29 17:30:00,TXRH
95.92,95.92,95.68,95.76,2313,2021-03-29 17:35:00,TXRH
95.64,95.64,95.47,95.475,800,2021-03-29 17:40:00,TXRH
95.38,95.64,95.3,95.54,1500,2021-03-29 17:45:00,TXRH
95.53,95.67,95.46,95.48,2097,2021-03-29 17:50:00,TXRH
95.485,95.51,95.265,95.27,2200,2021-03-29 17:55:00,TXRH
95.31,95.43,95.21,95.39,2704,2021-03-29 18:00:00,TXRH
95.4,95.49,95.35,95.41,2219,2021-03-29 18:05:00,TXRH
95.365,95.48,95.335,95.48,2264,2021-03-29 18:10:00,TXRH
95.46,95.47,95.28,95.32,1808,2021-03-29 18:15:00,TXRH
95.356,95.43,95.25,95.34,1100,2021-03-29 18:20:00,TXRH
95.42,95.545,95.42,95.545,732,2021-03-29 18:25:00,TXRH
95.55,95.765,95.3725,95.425,3128,2021-03-29 18:30:00,TXRH
95.38,95.6,95.36,95.45,1629,2021-03-29 18:35:00,TXRH
95.4,95.52,95.4,95.41,1500,2021-03-29 18:40:00,TXRH
95.47,95.81,95.46,95.81,2600,2021-03-29 18:45:00,TXRH
95.66,95.69,95.59,95.675,2214,2021-03-29 18:50:00,TXRH
95.72,95.72,95.55,95.65,2116,2021-03-29 18:55:00,TXRH
95.81,96.025,95.81,95.91,6154,2021-03-29 19:00:00,TXRH
96.0,96.01,95.87,95.92,6743,2021-03-29 19:05:00,TXRH
95.98,96.0,95.87,95.91,4744,2021-03-29 19:10:00,TXRH
95.86,96.0,95.83,95.85,5553,2021-03-29 19:15:00,TXRH
95.88,95.98,95.87,95.98,900,2021-03-29 19:20:00,TXRH
95.98,96.01,95.77,95.96,4575,2021-03-29 19:25:00,TXRH
95.9,95.97,95.64,95.69,2010,2021-03-29 19:30:00,TXRH
95.61,95.76,95.59,95.698,3402,2021-03-29 19:35:00,TXRH
95.67,95.85,95.46,95.46,4600,2021-03-29 19:40:00,TXRH
95.4908,95.65,95.48,95.61,4278,2021-03-29 19:45:00,TXRH
95.59,95.67,95.15,95.205,11834,2021-03-29 19:50:00,TXRH
95.15,95.32,94.97,95.06,22336,2021-03-29 19:55:00,TXRH
95.07,95.07,95.07,95.07,85460,2021-03-29 20:00:00,TXRH
94.71,95.55,94.71,95.55,10942,2021-03-30 13:30:00,TXRH
95.21,95.8,95.21,95.53,2014,2021-03-30 13:35:00,TXRH
95.54,95.7408,95.25,95.57,2145,2021-03-30 13:40:00,TXRH
95.49,95.52,95.31,95.425,700,2021-03-30 13:45:00,TXRH
95.455,95.605,95.205,95.605,2318,2021-03-30 13:50:00,TXRH
95.755,95.755,95.31,95.55,3000,2021-03-30 13:55:00,TXRH
95.61,95.84,95.435,95.75,4847,2021-03-30 14:00:00,TXRH
95.93,96.16,95.88,95.945,1365,2021-03-30 14:05:00,TXRH
95.9,96.33,95.845,96.0,1600,2021-03-30 14:10:00,TXRH
95.82,96.05,95.54,95.54,8600,2021-03-30 14:15:00,TXRH
95.53,95.59,95.24,95.495,2427,2021-03-30 14:20:00,TXRH
95.59,95.79,95.48,95.76,3800,2021-03-30 14:25:00,TXRH
95.76,95.87,95.76,95.8,3624,2021-03-30 14:30:00,TXRH
95.835,95.9,95.645,95.76,10911,2021-03-30 14:35:00,TXRH
95.78,95.84,95.67,95.77,4216,2021-03-30 14:40:00,TXRH
95.76,95.8,95.725,95.76,3350,2021-03-30 14:45:00,TXRH
95.75,95.85,95.66,95.722,3900,2021-03-30 14:50:00,TXRH
95.8,95.9,95.72,95.845,5600,2021-03-30 14:55:00,TXRH
95.83,96.01,95.75,95.85,6260,2021-03-30 15:00:00,TXRH
95.82,96.06,95.81,95.895,5242,2021-03-30 15:05:00,TXRH
95.86,96.06,95.78,95.93,7405,2021-03-30 15:10:00,TXRH
95.89,96.05,95.7819,95.89,3697,2021-03-30 15:15:00,TXRH
95.83,95.84,95.72,95.78,1400,2021-03-30 15:20:00,TXRH
95.685,95.81,95.668,95.81,2621,2021-03-30 15:25:00,TXRH
95.74,95.87,95.74,95.87,504,2021-03-30 15:30:00,TXRH
95.83,95.88,95.75,95.82,2712,2021-03-30 15:35:00,TXRH
95.87,96.04,95.82,96.04,3908,2021-03-30 15:40:00,TXRH
95.97,95.98,95.735,95.735,1000,2021-03-30 15:45:00,TXRH
95.67,95.76,95.57,95.6,1501,2021-03-30 15:50:00,TXRH
95.58,95.71,95.48,95.61,2200,2021-03-30 15:55:00,TXRH
95.67,95.76,95.63,95.665,2476,2021-03-30 16:00:00,TXRH
95.61,96.01,95.61,95.95,1600,2021-03-30 16:05:00,TXRH
95.91,95.91,95.66,95.66,1400,2021-03-30 16:10:00,TXRH
95.7,95.83,95.59,95.59,1904,2021-03-30 16:15:00,TXRH
95.55,95.55,95.39,95.5,1316,2021-03-30 16:20:00,TXRH
95.43,95.68,95.43,95.6,1110,2021-03-30 16:25:00,TXRH
95.65,95.72,95.48,95.48,1236,2021-03-30 16:30:00,TXRH
95.59,95.77,95.49,95.49,3066,2021-03-30 16:35:00,TXRH
95.53,95.59,95.4,95.4,1100,2021-03-30 16:40:00,TXRH
95.36,95.53,95.36,95.53,1012,2021-03-30 16:45:00,TXRH
95.57,95.57,95.46,95.48,1000,2021-03-30 16:50:00,TXRH
95.49,95.59,95.44,95.47,1820,2021-03-30 16:55:00,TXRH
95.49,95.505,95.35,95.49,1550,2021-03-30 17:00:00,TXRH
95.46,95.46,95.28,95.3,1109,2021-03-30 17:05:00,TXRH
95.33,95.37,95.29,95.33,1200,2021-03-30 17:10:00,TXRH
95.37,95.46,95.35,95.38,500,2021-03-30 17:15:00,TXRH
95.4,95.535,95.4,95.535,700,2021-03-30 17:20:00,TXRH
95.5,95.6,95.48,95.53,1722,2021-03-30 17:25:00,TXRH
95.57,95.57,95.4,95.41,900,2021-03-30 17:30:00,TXRH
95.29,95.42,95.24,95.37,2810,2021-03-30 17:35:00,TXRH
95.46,95.46,95.35,95.35,409,2021-03-30 17:40:00,TXRH
95.36,95.38,95.36,95.36,619,2021-03-30 17:45:00,TXRH
95.37,95.41,95.37,95.38,904,2021-03-30 17:50:00,TXRH
95.36,95.46,95.34,95.46,2100,2021-03-30 17:55:00,TXRH
95.36,95.45,95.3,95.43,1000,2021-03-30 18:00:00,TXRH
95.32,95.58,95.32,95.58,2345,2021-03-30 18:05:00,TXRH
95.54,95.705,95.53,95.705,1105,2021-03-30 18:10:00,TXRH
95.74,95.9,95.74,95.9,916,2021-03-30 18:15:00,TXRH
95.93,95.95,95.81,95.84,1718,2021-03-30 18:20:00,TXRH
95.87,95.96,95.87,95.96,1000,2021-03-30 18:25:00,TXRH
96.0,96.05,95.72,95.84,5500,2021-03-30 18:30:00,TXRH
95.8,95.85,95.8,95.83,900,2021-03-30 18:35:00,TXRH
95.81,95.852,95.77,95.795,1108,2021-03-30 18:40:00,TXRH
95.89,95.94,95.845,95.93,1881,2021-03-30 18:45:00,TXRH
95.96,96.03,95.96,95.96,7797,2021-03-30 18:50:00,TXRH
95.935,96.02,95.9,95.975,6948,2021-03-30 18:55:00,TXRH
95.97,96.14,95.945,96.06,7392,2021-03-30 19:00:00,TXRH
96.04,96.07,95.96,96.01,3536,2021-03-30 19:05:00,TXRH
95.98,96.0,95.91,95.955,2400,2021-03-30 19:10:00,TXRH
95.97,96.01,95.91,96.01,2362,2021-03-30 19:15:00,TXRH
96.0,96.0,95.88,95.97,1760,2021-03-30 19:20:00,TXRH
95.95,96.05,95.92,95.99,4925,2021-03-30 19:25:00,TXRH
96.01,96.17,96.01,96.14,6757,2021-03-30 19:30:00,TXRH
96.14,96.17,95.96,96.04,3905,2021-03-30 19:35:00,TXRH
96.04,96.16,96.04,96.14,2537,2021-03-30 19:40:00,TXRH
96.12,96.34,96.09,96.34,6370,2021-03-30 19:45:00,TXRH
96.26,96.4,96.06,96.35,11865,2021-03-30 19:50:00,TXRH
96.3,96.43,96.09,96.43,25708,2021-03-30 19:55:00,TXRH
96.43,96.43,96.43,96.43,35735,2021-03-30 20:00:00,TXRH
96.21,96.74,96.21,96.66,5434,2021-03-31 13:30:00,TXRH
96.79,97.0,96.67,96.99,2490,2021-03-31 13:35:00,TXRH
97.19,97.3028,97.03,97.05,600,2021-03-31 13:40:00,TXRH
97.25,97.4,97.165,97.38,1858,2021-03-31 13:45:00,TXRH
97.1,97.19,96.74,97.1,2603,2021-03-31 13:50:00,TXRH
97.15,97.33,96.79,96.86,3500,2021-03-31 13:55:00,TXRH
96.89,97.03,96.805,97.01,4159,2021-03-31 14:00:00,TXRH
97.0,97.07,96.95,96.95,1606,2021-03-31 14:05:00,TXRH
96.97,97.24,96.85,97.14,2928,2021-03-31 14:10:00,TXRH
97.08,97.75,97.04,97.64,13623,2021-03-31 14:15:00,TXRH
97.57,97.58,97.25,97.41,13900,2021-03-31 14:20:00,TXRH
97.37,97.37,97.05,97.1,4105,2021-03-31 14:25:00,TXRH
97.08,97.3,96.92,97.2,4602,2021-03-31 14:30:00,TXRH
97.15,97.15,96.96,97.12,2205,2021-03-31 14:35:00,TXRH
97.18,97.45,97.15,97.41,2700,2021-03-31 14:40:00,TXRH
97.39,97.39,96.97,96.99,2100,2021-03-31 14:45:00,TXRH
97.09,97.17,97.02,97.02,7200,2021-03-31 14:50:00,TXRH
97.07,97.24,96.89,96.945,9746,2021-03-31 14:55:00,TXRH
96.87,96.92,96.7,96.7,4340,2021-03-31 15:00:00,TXRH
96.785,96.86,96.785,96.86,1208,2021-03-31 15:05:00,TXRH
96.81,96.96,96.81,96.95,1708,2021-03-31 15:10:00,TXRH
96.93,96.94,96.76,96.76,3507,2021-03-31 15:15:00,TXRH
96.86,96.88,96.71,96.77,1765,2021-03-31 15:20:00,TXRH
96.66,96.66,96.44,96.44,2917,2021-03-31 15:25:00,TXRH
96.41,96.41,96.24,96.24,1700,2021-03-31 15:30:00,TXRH
96.21,96.29,96.18,96.29,1542,2021-03-31 15:35:00,TXRH
96.31,96.45,96.18,96.45,1783,2021-03-31 15:40:00,TXRH
96.44,96.67,96.44,96.67,1100,2021-03-31 15:45:00,TXRH
96.64,96.7,96.39,96.44,2600,2021-03-31 15:50:00,TXRH
96.4,96.47,96.3,96.31,2844,2021-03-31 15:55:00,TXRH
96.375,96.38,96.26,96.33,1616,2021-03-31 16:00:00,TXRH
96.33,96.425,96.3,96.425,1000,2021-03-31 16:05:00,TXRH
96.37,96.43,96.27,96.4,3345,2021-03-31 16:10:00,TXRH
96.385,96.385,96.22,96.3,2800,2021-03-31 16:15:00,TXRH
96.34,96.4,96.27,96.305,2213,2021-03-31 16:20:00,TXRH
96.3,96.31,96.23,96.23,4550,2021-03-31 16:25:00,TXRH
96.26,96.26,96.14,96.17,6280,2021-03-31 16:30:00,TXRH
96.205,96.46,96.15,96.38,6001,2021-03-31 16:35:00,TXRH
96.37,96.41,96.32,96.38,2410,2021-03-31 16:40:00,TXRH
96.26,96.45,96.26,96.3,3200,2021-03-31 16:45:00,TXRH
96.31,96.35,96.31,96.31,600,2021-03-31 16:50:00,TXRH
96.35,96.37,96.21,96.26,2456,2021-03-31 16:55:00,TXRH
96.35,96.35,96.24,96.27,1200,2021-03-31 17:00:00,TXRH
96.345,96.42,96.31,96.4,3380,2021-03-31 17:05:00,TXRH
96.43,96.43,96.285,96.37,6041,2021-03-31 17:10:00,TXRH
96.39,96.565,96.335,96.38,4905,2021-03-31 17:15:00,TXRH
96.38,96.45,96.33,96.33,4042,2021-03-31 17:20:00,TXRH
96.35,96.45,96.34,96.42,1200,2021-03-31 17:25:00,TXRH
96.38,96.705,96.38,96.66,3235,2021-03-31 17:30:00,TXRH
96.66,96.67,96.555,96.625,1500,2021-03-31 17:35:00,TXRH
96.65,96.66,96.54,96.62,1600,2021-03-31 17:40:00,TXRH
96.57,96.585,96.4,96.46,2328,2021-03-31 17:45:00,TXRH
96.53,96.55,96.39,96.39,1950,2021-03-31 17:50:00,TXRH
96.46,96.52,96.42,96.47,1671,2021-03-31 17:55:00,TXRH
96.47,96.54,96.32,96.32,2622,2021-03-31 18:00:00,TXRH
96.29,96.29,96.01,96.01,1800,2021-03-31 18:05:00,TXRH
96.03,96.06,95.85,96.06,3228,2021-03-31 18:10:00,TXRH
96.09,96.28,96.065,96.24,1844,2021-03-31 18:15:00,TXRH
96.19,96.37,96.16,96.37,1500,2021-03-31 18:20:00,TXRH
96.41,96.41,96.21,96.34,1500,2021-03-31 18:25:00,TXRH
96.375,96.64,96.35,96.64,15700,2021-03-31 18:30:00,TXRH
96.68,96.68,96.53,96.53,2320,2021-03-31 18:35:00,TXRH
96.49,96.8,96.47,96.79,2700,2021-03-31 18:40:00,TXRH
96.85,96.94,96.74,96.79,2321,2021-03-31 18:45:00,TXRH
96.83,96.92,96.67,96.74,2151,2021-03-31 18:50:00,TXRH
96.8,96.8,96.72,96.72,1000,2021-03-31 18:55:00,TXRH
96.65,96.715,96.58,96.715,1408,2021-03-31 19:00:00,TXRH
96.72,96.81,96.715,96.73,1800,2021-03-31 19:05:00,TXRH
96.77,96.81,96.67,96.67,3005,2021-03-31 19:10:00,TXRH
96.8,96.865,96.76,96.85,4340,2021-03-31 19:15:00,TXRH
96.895,96.985,96.855,96.855,3636,2021-03-31 19:20:00,TXRH
96.895,96.915,96.64,96.64,2476,2021-03-31 19:25:00,TXRH
96.61,96.62,96.34,96.38,3020,2021-03-31 19:30:00,TXRH
96.385,96.415,96.21,96.24,4487,2021-03-31 19:35:00,TXRH
96.26,96.47,96.2,96.45,6850,2021-03-31 19:40:00,TXRH
96.45,96.45,96.24,96.45,11134,2021-03-31 19:45:00,TXRH
96.48,96.66,96.29,96.32,19465,2021-03-31 19:50:00,TXRH
96.23,96.26,95.84,95.98,33001,2021-03-31 19:55:00,TXRH
95.94,95.94,95.94,95.94,96000,2021-03-31 20:00:00,TXRH
95.94,95.94,95.94,95.94,15696,2021-03-31 20:40:00,TXRH
96.18,96.61,96.18,96.47,6017,2021-04-01 13:30:00,TXRH
96.6225,96.77,96.45,96.57,2450,2021-04-01 13:35:00,TXRH
96.43,96.52,95.995,96.25,8218,2021-04-01 13:40:00,TXRH
96.1,96.195,95.7,95.7,1300,2021-04-01 13:45:00,TXRH
95.68,95.69,95.295,95.55,2200,2021-04-01 13:50:00,TXRH
95.5,95.5999,95.34,95.5999,2200,2021-04-01 13:55:00,TXRH
95.515,96.0,95.3798,96.0,4803,2021-04-01 14:00:00,TXRH
96.05,96.14,95.94,96.055,3050,2021-04-01 14:05:00,TXRH
96.075,96.16,95.99,96.16,1500,2021-04-01 14:10:00,TXRH
96.215,96.325,96.215,96.25,2700,2021-04-01 14:15:00,TXRH
96.26,96.26,96.03,96.03,2661,2021-04-01 14:20:00,TXRH
96.18,96.18,96.15,96.165,900,2021-04-01 14:25:00,TXRH
96.295,96.295,95.92,95.965,1421,2021-04-01 14:30:00,TXRH
96.03,96.23,96.005,96.23,1324,2021-04-01 14:35:00,TXRH
96.17,96.4,96.17,96.4,1100,2021-04-01 14:40:00,TXRH
96.42,96.42,96.28,96.345,2893,2021-04-01 14:45:00,TXRH
96.33,96.48,96.02,96.06,8148,2021-04-01 14:50:00,TXRH
96.065,96.23,96.03,96.04,1908,2021-04-01 14:55:00,TXRH
96.1,96.33,96.065,96.325,3100,2021-04-01 15:00:00,TXRH
96.29,96.29,95.66,95.71,13429,2021-04-01 15:05:00,TXRH
95.63,95.81,95.46,95.62,3154,2021-04-01 15:10:00,TXRH
95.7,95.76,95.61,95.66,3100,2021-04-01 15:15:00,TXRH
95.665,95.73,95.52,95.52,2464,2021-04-01 15:20:00,TXRH
95.54,95.705,95.5,95.585,3567,2021-04-01 15:25:00,TXRH
95.59,95.95,95.56,95.925,3732,2021-04-01 15:30:00,TXRH
95.97,96.12,95.9406,96.115,5484,2021-04-01 15:35:00,TXRH
96.155,96.155,95.89,95.955,2786,2021-04-01 15:40:00,TXRH
95.94,95.94,95.7,95.72,2313,2021-04-01 15:45:00,TXRH
95.77,95.85,95.72,95.76,3310,2021-04-01 15:50:00,TXRH
95.8,95.86,95.73,95.735,5033,2021-04-01 15:55:00,TXRH
95.78,95.83,95.74,95.805,2104,2021-04-01 16:00:00,TXRH
95.8,95.85,95.69,95.705,4702,2021-04-01 16:05:00,TXRH
95.705,95.815,95.705,95.77,2801,2021-04-01 16:10:00,TXRH
95.735,95.795,95.7,95.77,8359,2021-04-01 16:15:00,TXRH
95.8,95.87,95.75,95.81,2692,2021-04-01 16:20:00,TXRH
95.895,95.895,95.75,95.75,2400,2021-04-01 16:25:00,TXRH
95.775,95.81,95.765,95.805,2900,2021-04-01 16:30:00,TXRH
95.77,95.77,95.45,95.49,6585,2021-04-01 16:35:00,TXRH
95.49,95.49,95.33,95.445,4060,2021-04-01 16:40:00,TXRH
95.435,95.58,95.34,95.455,6322,2021-04-01 16:45:00,TXRH
95.42,95.52,95.4,95.475,6816,2021-04-01 16:50:00,TXRH
95.475,95.53,95.35,95.44,5619,2021-04-01 16:55:00,TXRH
95.45,95.54,95.42,95.47,7174,2021-04-01 17:00:00,TXRH
95.47,95.75,95.45,95.735,8099,2021-04-01 17:05:00,TXRH
95.765,95.765,95.465,95.51,8961,2021-04-01 17:10:00,TXRH
95.475,95.59,95.35,95.43,7254,2021-04-01 17:15:00,TXRH
95.49,95.58,95.42,95.53,5031,2021-04-01 17:20:00,TXRH
95.57,95.57,95.3,95.435,57095,2021-04-01 17:25:00,TXRH
95.45,95.54,95.445,95.52,4778,2021-04-01 17:30:00,TXRH
95.485,95.58,95.46,95.48,2733,2021-04-01 17:35:00,TXRH
95.485,95.58,95.465,95.51,4144,2021-04-01 17:40:00,TXRH
95.44,95.505,95.33,95.43,6076,2021-04-01 17:45:00,TXRH
95.42,95.47,95.37,95.39,1941,2021-04-01 17:50:00,TXRH
95.405,95.46,95.38,95.46,1480,2021-04-01 17:55:00,TXRH
95.49,95.74,95.48,95.74,2413,2021-04-01 18:00:00,TXRH
95.71,95.82,95.69,95.765,2703,2021-04-01 18:05:00,TXRH
95.8,95.88,95.78,95.845,2500,2021-04-01 18:10:00,TXRH
95.86,96.025,95.86,96.025,2017,2021-04-01 18:15:00,TXRH
96.03,96.17,95.97,96.17,2601,2021-04-01 18:20:00,TXRH
96.175,96.175,96.09,96.16,2802,2021-04-01 18:25:00,TXRH
96.17,96.225,96.14,96.2,1812,2021-04-01 18:30:00,TXRH
96.195,96.3529,96.195,96.235,4755,2021-04-01 18:35:00,TXRH
96.235,96.32,96.09,96.09,3300,2021-04-01 18:40:00,TXRH
96.09,96.22,96.08,96.19,2000,2021-04-01 18:45:00,TXRH
96.185,96.185,96.01,96.01,3300,2021-04-01 18:50:00,TXRH
95.96,96.16,95.95,96.15,2100,2021-04-01 18:55:00,TXRH
96.13,96.16,95.91,96.025,3600,2021-04-01 19:00:00,TXRH
96.035,96.065,95.91,96.065,2464,2021-04-01 19:05:00,TXRH
96.09,96.12,95.96,95.96,2700,2021-04-01 19:10:00,TXRH
95.94,96.05,95.94,96.01,5035,2021-04-01 19:15:00,TXRH
96.04,96.08,95.91,95.92,4900,2021-04-01 19:20:00,TXRH
95.98,96.12,95.95,96.08,2223,2021-04-01 19:25:00,TXRH
96.14,96.17,96.07,96.12,5429,2021-04-01 19:30:00,TXRH
96.08,96.19,96.06,96.11,7068,2021-04-01 19:35:00,TXRH
96.1,96.16,96.0,96.125,4700,2021-04-01 19:40:00,TXRH
96.135,96.18,96.05,96.08,9258,2021-04-01 19:45:00,TXRH
96.075,96.17,95.99,96.015,23158,2021-04-01 19:50:00,TXRH
95.99,96.34,95.93,96.17,35807,2021-04-01 19:55:00,TXRH
96.28,96.28,96.28,96.28,46049,2021-04-01 20:00:00,TXRH
96.28,96.28,96.28,96.28,12460,2021-04-01 21:05:00,TXRH
97.5,97.5,96.6,97.27,7684,2021-04-05 13:30:00,TXRH
97.37,97.44,96.85,96.87,1410,2021-04-05 13:35:00,TXRH
96.88,97.1,96.75,96.97,3981,2021-04-05 13:40:00,TXRH
97.095,97.29,96.79,96.895,5867,2021-04-05 13:45:00,TXRH
96.97,97.13,96.85,96.85,1250,2021-04-05 13:50:00,TXRH
96.72,96.75,96.44,96.47,3007,2021-04-05 13:55:00,TXRH
96.55,96.56,96.156,96.29,2300,2021-04-05 14:00:00,TXRH
96.24,96.25,95.86,95.95,8000,2021-04-05 14:05:00,TXRH
95.89,96.04,95.83,96.03,5321,2021-04-05 14:10:00,TXRH
96.02,96.51,95.97,96.145,4130,2021-04-05 14:15:00,TXRH
96.21,96.72,96.21,96.61,3300,2021-04-05 14:20:00,TXRH
96.61,96.92,96.53,96.92,1921,2021-04-05 14:25:00,TXRH
96.92,97.03,96.74,96.79,2300,2021-04-05 14:30:00,TXRH
96.83,96.95,96.76,96.84,4700,2021-04-05 14:35:00,TXRH
96.76,96.99,96.76,96.99,2000,2021-04-05 14:40:00,TXRH
96.92,96.92,96.7849,96.7849,3326,2021-04-05 14:45:00,TXRH
96.88,96.95,96.51,96.51,6168,2021-04-05 14:50:00,TXRH
96.59,96.82,96.39,96.39,4429,2021-04-05 14:55:00,TXRH
96.3,96.42,96.08,96.31,2921,2021-04-05 15:00:00,TXRH
96.41,96.55,96.35,96.41,3081,2021-04-05 15:05:00,TXRH
96.51,96.57,96.49,96.57,600,2021-04-05 15:10:00,TXRH
96.5311,96.8,96.5311,96.65,1180,2021-04-05 15:15:00,TXRH
96.8,96.86,96.72,96.79,1100,2021-04-05 15:20:00,TXRH
96.7,96.79,96.61,96.7,1500,2021-04-05 15:25:00,TXRH
96.77,96.9,96.71,96.79,1875,2021-04-05 15:30:00,TXRH
96.77,96.83,96.77,96.77,755,2021-04-05 15:35:00,TXRH
96.73,96.77,96.645,96.645,1501,2021-04-05 15:40:00,TXRH
96.59,96.65,96.51,96.585,2000,2021-04-05 15:45:00,TXRH
96.5,96.54,96.37,96.39,3500,2021-04-05 15:50:00,TXRH
96.45,96.49,96.4175,96.46,2400,2021-04-05 15:55:00,TXRH
96.42,96.42,96.285,96.36,2456,2021-04-05 16:00:00,TXRH
96.335,96.39,96.25,96.27,2529,2021-04-05 16:05:00,TXRH
96.32,96.32,96.06,96.06,3300,2021-04-05 16:10:00,TXRH
95.87,95.9,95.55,95.65,3901,2021-04-05 16:15:00,TXRH
95.65,95.77,95.62,95.76,1213,2021-04-05 16:20:00,TXRH
95.745,95.83,95.7,95.77,900,2021-04-05 16:25:00,TXRH
95.82,95.86,95.79,95.86,1200,2021-04-05 16:30:00,TXRH
95.9,95.92,95.85,95.86,1600,2021-04-05 16:35:00,TXRH
95.735,95.83,95.73,95.83,2000,2021-04-05 16:40:00,TXRH
95.89,96.12,95.89,96.05,1812,2021-04-05 16:45:00,TXRH
96.05,96.1,96.05,96.09,700,2021-04-05 16:50:00,TXRH
96.095,96.18,96.09,96.12,1900,2021-04-05 16:55:00,TXRH
96.09,96.14,95.92,96.08,27048,2021-04-05 17:00:00,TXRH
96.13,96.13,95.95,95.985,1100,2021-04-05 17:05:00,TXRH
96.04,96.08,95.91,95.91,1500,2021-04-05 17:10:00,TXRH
95.93,96.03,95.83,96.03,2720,2021-04-05 17:15:00,TXRH
96.01,96.17,96.0,96.17,1545,2021-04-05 17:20:00,TXRH
96.19,96.28,96.155,96.28,1000,2021-04-05 17:25:00,TXRH
96.21,96.31,96.17,96.31,2230,2021-04-05 17:30:00,TXRH
96.32,96.335,96.27,96.29,800,2021-04-05 17:35:00,TXRH
96.255,96.255,96.125,96.24,800,2021-04-05 17:40:00,TXRH
96.31,96.45,96.2773,96.45,3591,2021-04-05 17:45:00,TXRH
96.435,96.435,96.33,96.33,9400,2021-04-05 17:50:00,TXRH
96.225,96.29,96.19,96.27,2100,2021-04-05 17:55:00,TXRH
96.31,96.42,96.2539,96.28,2664,2021-04-05 18:00:00,TXRH
96.34,96.42,96.31,96.33,6184,2021-04-05 18:05:00,TXRH
96.38,96.48,96.35,96.465,2200,2021-04-05 18:10:00,TXRH
96.44,96.44,96.26,96.3,4600,2021-04-05 18:15:00,TXRH
96.31,96.345,96.2,96.21,4100,2021-04-05 18:20:00,TXRH
96.15,96.27,96.15,96.27,1208,2021-04-05 18:25:00,TXRH
96.27,96.3,96.13,96.2,2468,2021-04-05 18:30:00,TXRH
96.2,96.27,96.2,96.23,3319,2021-04-05 18:35:00,TXRH
96.25,96.32,96.22,96.22,2930,2021-04-05 18:40:00,TXRH
96.16,96.32,96.16,96.32,1400,2021-04-05 18:45:00,TXRH
96.35,96.47,96.3,96.47,3100,2021-04-05 18:50:00,TXRH
96.46,96.53,96.43,96.43,2100,2021-04-05 18:55:00,TXRH
96.4,96.46,96.37,96.37,1959,2021-04-05 19:00:00,TXRH
96.41,96.61,96.365,96.61,3883,2021-04-05 19:05:00,TXRH
96.63,96.68,96.61,96.64,18413,2021-04-05 19:10:00,TXRH
96.64,96.72,96.6,96.68,3262,2021-04-05 19:15:00,TXRH
96.7,96.71,96.57,96.68,1842,2021-04-05 19:20:00,TXRH
96.66,96.7,96.56,96.62,1700,2021-04-05 19:25:00,TXRH
96.58,96.73,96.54,96.59,4008,2021-04-05 19:30:00,TXRH
96.63,96.71,96.61,96.62,2503,2021-04-05 19:35:00,TXRH
96.6,96.63,96.55,96.58,5726,2021-04-05 19:40:00,TXRH
96.6,96.96,96.4761,96.79,16281,2021-04-05 19:45:00,TXRH
96.76,97.04,96.76,97.0,28990,2021-04-05 19:50:00,TXRH
97.05,97.14,96.89,96.96,47564,2021-04-05 19:55:00,TXRH
96.9,96.9,96.9,96.9,41093,2021-04-05 20:00:00,TXRH
96.9,96.9,96.9,96.9,4139,2021-04-05 21:05:00,TXRH
97.8,100.37,97.55,99.76,27574,2021-04-06 13:30:00,TXRH
99.91,99.92,99.4,99.52,2690,2021-04-06 13:35:00,TXRH
99.22,99.3675,98.99,99.0,6493,2021-04-06 13:40:00,TXRH
98.87,99.39,98.7,99.28,3400,2021-04-06 13:45:00,TXRH
99.37,99.76,99.34,99.665,15817,2021-04-06 13:50:00,TXRH
99.645,99.68,99.26,99.51,10915,2021-04-06 13:55:00,TXRH
99.57,99.6,99.39,99.55,3736,2021-04-06 14:00:00,TXRH
99.6,99.65,99.33,99.55,11804,2021-04-06 14:05:00,TXRH
99.52,99.99,99.5,99.99,11364,2021-04-06 14:10:00,TXRH
99.9,100.24,99.83,100.16,11146,2021-04-06 14:15:00,TXRH
100.15,100.15,99.8,99.94,8911,2021-04-06 14:20:00,TXRH
99.945,100.7699,99.925,100.61,14473,2021-04-06 14:25:00,TXRH
100.51,100.51,100.275,100.275,3132,2021-04-06 14:30:00,TXRH
100.4,100.43,100.06,100.1,4296,2021-04-06 14:35:00,TXRH
100.23,100.23,99.98,100.02,2991,2021-04-06 14:40:00,TXRH
99.94,99.94,99.59,99.59,4662,2021-04-06 14:45:00,TXRH
99.55,99.55,99.21,99.27,7372,2021-04-06 14:50:00,TXRH
99.26,99.41,99.18,99.28,2400,2021-04-06 14:55:00,TXRH
99.29,99.29,98.87,98.87,2900,2021-04-06 15:00:00,TXRH
98.85,99.0,98.81,98.94,4872,2021-04-06 15:05:00,TXRH
98.925,99.15,98.88,99.08,2158,2021-04-06 15:10:00,TXRH
99.03,99.35,98.98,99.265,3100,2021-04-06 15:15:00,TXRH
99.245,99.245,99.105,99.18,2400,2021-04-06 15:20:00,TXRH
99.24,99.37,99.22,99.26,3900,2021-04-06 15:25:00,TXRH
99.29,99.38,99.16,99.33,3300,2021-04-06 15:30:00,TXRH
99.34,99.34,99.08,99.11,1600,2021-04-06 15:35:00,TXRH
99.17,99.18,99.05,99.08,2001,2021-04-06 15:40:00,TXRH
99.0,99.15,99.0,99.15,2560,2021-04-06 15:45:00,TXRH
99.22,99.22,98.96,99.03,1915,2021-04-06 15:50:00,TXRH
99.06,99.12,98.67,98.67,2899,2021-04-06 15:55:00,TXRH
98.71,98.78,98.64,98.64,1800,2021-04-06 16:00:00,TXRH
98.66,98.66,98.51,98.51,3702,2021-04-06 16:05:00,TXRH
98.47,98.58,98.43,98.43,1800,2021-04-06 16:10:00,TXRH
98.34,98.37,98.13,98.19,5000,2021-04-06 16:15:00,TXRH
98.15,98.24,98.06,98.205,16715,2021-04-06 16:20:00,TXRH
98.205,98.38,98.205,98.29,5500,2021-04-06 16:25:00,TXRH
98.28,98.3,98.12,98.15,2424,2021-04-06 16:30:00,TXRH
98.14,98.14,98.04,98.14,5018,2021-04-06 16:35:00,TXRH
98.14,98.34,98.1,98.265,4745,2021-04-06 16:40:00,TXRH
98.24,98.29,98.205,98.285,4881,2021-04-06 16:45:00,TXRH
98.295,98.56,98.295,98.47,3604,2021-04-06 16:50:00,TXRH
98.43,98.62,98.4,98.5,3020,2021-04-06 16:55:00,TXRH
98.55,98.71,98.41,98.71,2300,2021-04-06 17:00:00,TXRH
98.73,98.775,98.54,98.71,2000,2021-04-06 17:05:00,TXRH
98.59,98.63,98.45,98.63,1881,2021-04-06 17:10:00,TXRH
98.61,98.65,98.53,98.53,9705,2021-04-06 17:15:00,TXRH
98.5,98.58,98.315,98.39,26950,2021-04-06 17:20:00,TXRH
98.23,98.29,98.175,98.22,4500,2021-04-06 17:25:00,TXRH
98.18,98.64,98.08,98.5,15361,2021-04-06 17:30:00,TXRH
98.5,98.75,98.43,98.66,9840,2021-04-06 17:35:00,TXRH
98.79,98.97,98.72,98.91,2100,2021-04-06 17:40:00,TXRH
98.92,98.92,98.62,98.62,4200,2021-04-06 17:45:00,TXRH
98.57,98.72,98.55,98.62,4631,2021-04-06 17:50:00,TXRH
98.66,98.75,98.53,98.67,5514,2021-04-06 17:55:00,TXRH
98.64,98.9,98.64,98.9,3100,2021-04-06 18:00:00,TXRH
98.82,98.95,98.78,98.83,3500,2021-04-06 18:05:00,TXRH
98.85,98.94,98.815,98.91,3036,2021-04-06 18:10:00,TXRH
98.95,99.18,98.94,99.08,3854,2021-04-06 18:15:00,TXRH
99.07,99.095,98.95,98.95,2870,2021-04-06 18:20:00,TXRH
98.97,99.0,98.91,98.945,3300,2021-04-06 18:25:00,TXRH
98.97,99.04,98.88,98.945,4500,2021-04-06 18:30:00,TXRH
98.82,98.95,98.81,98.86,4400,2021-04-06 18:35:00,TXRH
98.86,99.0,98.79,98.795,3616,2021-04-06 18:40:00,TXRH
98.69,98.97,98.68,98.81,3900,2021-04-06 18:45:00,TXRH
98.81,98.99,98.81,98.87,3626,2021-04-06 18:50:00,TXRH
98.84,98.96,98.82,98.895,5450,2021-04-06 18:55:00,TXRH
98.83,98.88,98.575,98.65,5111,2021-04-06 19:00:00,TXRH
98.71,98.85,98.64,98.67,5820,2021-04-06 19:05:00,TXRH
98.68,98.97,98.68,98.92,4830,2021-04-06 19:10:00,TXRH
98.905,99.05,98.82,98.92,6981,2021-04-06 19:15:00,TXRH
98.92,99.0,98.81,98.935,4130,2021-04-06 19:20:00,TXRH
98.91,99.05,98.87,98.97,5544,2021-04-06 19:25:00,TXRH
98.98,99.06,98.88,99.0,8510,2021-04-06 19:30:00,TXRH
98.96,99.08,98.87,98.91,7946,2021-04-06 19:35:00,TXRH
98.94,99.06,98.92,99.0,7931,2021-04-06 19:40:00,TXRH
99.06,99.06,98.865,98.88,12357,2021-04-06 19:45:00,TXRH
98.84,98.84,98.5,98.77,19514,2021-04-06 19:50:00,TXRH
98.72,98.82,98.66,98.72,44514,2021-04-06 19:55:00,TXRH
98.73,98.73,98.73,98.73,40440,2021-04-06 20:00:00,TXRH
98.73,98.73,98.73,98.73,100,2021-04-07 12:20:00,TXRH
98.73,98.73,98.73,98.73,17044,2021-04-07 13:00:00,TXRH
98.22,98.29,98.22,98.29,300,2021-04-07 13:25:00,TXRH
98.19,98.4517,98.19,98.415,8483,2021-04-07 13:30:00,TXRH
98.03,98.22,98.0,98.035,4339,2021-04-07 13:35:00,TXRH
98.04,98.32,97.89,97.89,1179,2021-04-07 13:40:00,TXRH
97.71,97.87,97.71,97.81,3113,2021-04-07 13:45:00,TXRH
97.93,97.93,97.43,97.46,2701,2021-04-07 13:50:00,TXRH
97.515,97.76,97.515,97.76,539,2021-04-07 13:55:00,TXRH
97.835,97.835,97.68,97.68,500,2021-04-07 14:00:00,TXRH
97.83,97.99,97.8,97.905,1624,2021-04-07 14:05:00,TXRH
97.82,98.02,97.59,97.96,2220,2021-04-07 14:10:00,TXRH
97.98,98.37,97.98,98.37,1100,2021-04-07 14:15:00,TXRH
98.3,98.82,98.26,98.73,5700,2021-04-07 14:20:00,TXRH
98.775,98.99,98.63,98.63,8952,2021-04-07 14:25:00,TXRH
98.64,98.7,98.27,98.27,5911,2021-04-07 14:30:00,TXRH
98.25,98.53,98.25,98.42,9019,2021-04-07 14:35:00,TXRH
98.41,98.53,98.41,98.41,3055,2021-04-07 14:40:00,TXRH
98.51,98.51,98.28,98.31,1400,2021-04-07 14:45:00,TXRH
98.37,98.4,98.29,98.4,800,2021-04-07 14:50:00,TXRH
98.29,98.41,98.26,98.375,1000,2021-04-07 14:55:00,TXRH
98.26,98.43,98.14,98.43,9432,2021-04-07 15:00:00,TXRH
98.43,98.43,98.26,98.43,13300,2021-04-07 15:05:00,TXRH
98.47,98.58,98.47,98.56,8068,2021-04-07 15:10:00,TXRH
98.53,98.55,98.41,98.5,2400,2021-04-07 15:15:00,TXRH
98.49,98.76,98.45,98.76,1300,2021-04-07 15:20:00,TXRH
98.65,98.665,98.42,98.48,3526,2021-04-07 15:25:00,TXRH
98.47,98.47,98.28,98.32,1900,2021-04-07 15:30:00,TXRH
98.295,98.44,98.23,98.41,5064,2021-04-07 15:35:00,TXRH
98.455,98.62,98.3201,98.54,7309,2021-04-07 15:40:00,TXRH
98.555,98.67,98.51,98.51,12115,2021-04-07 15:45:00,TXRH
98.45,98.45,98.35,98.395,700,2021-04-07 15:50:00,TXRH
98.32,98.5,98.27,98.5,2800,2021-04-07 15:55:00,TXRH
98.41,98.43,98.4,98.41,1500,2021-04-07 16:00:00,TXRH
98.44,98.44,98.39,98.43,500,2021-04-07 16:05:00,TXRH
98.39,98.44,98.245,98.44,2000,2021-04-07 16:10:00,TXRH
98.36,98.43,98.27,98.3,2538,2021-04-07 16:15:00,TXRH
98.27,98.47,98.24,98.4,2100,2021-04-07 16:20:00,TXRH
98.51,98.51,98.42,98.42,800,2021-04-07 16:25:00,TXRH
98.5,98.82,98.5,98.82,800,2021-04-07 16:30:00,TXRH
98.805,98.88,98.805,98.87,800,2021-04-07 16:35:00,TXRH
98.95,99.24,98.9,99.24,3804,2021-04-07 16:40:00,TXRH
99.28,99.28,99.13,99.14,1600,2021-04-07 16:45:00,TXRH
99.205,99.3199,99.19,99.24,3161,2021-04-07 16:50:00,TXRH
99.26,99.26,99.09,99.09,1100,2021-04-07 16:55:00,TXRH
99.1199,99.14,99.05,99.12,1000,2021-04-07 17:00:00,TXRH
99.1,99.1,98.96,98.96,600,2021-04-07 17:05:00,TXRH
98.89,99.03,98.89,99.03,600,2021-04-07 17:10:00,TXRH
99.0335,99.16,99.0,99.12,4106,2021-04-07 17:15:00,TXRH
99.09,99.21,98.96,98.96,5341,2021-04-07 17:20:00,TXRH
99.11,99.29,99.11,99.15,2696,2021-04-07 17:25:00,TXRH
99.18,99.28,99.15,99.2,2600,2021-04-07 17:30:00,TXRH
99.215,99.29,99.215,99.24,1000,2021-04-07 17:35:00,TXRH
99.22,99.495,99.22,99.47,5300,2021-04-07 17:40:00,TXRH
99.49,99.74,99.49,99.62,7976,2021-04-07 17:45:00,TXRH
99.64,99.7,99.4596,99.58,3259,2021-04-07 17:50:00,TXRH
99.52,99.54,99.395,99.395,800,2021-04-07 17:55:00,TXRH
99.43,99.53,99.19,99.4925,15400,2021-04-07 18:00:00,TXRH
99.47,99.54,99.44,99.47,1100,2021-04-07 18:05:00,TXRH
99.54,99.65,99.49,99.49,1920,2021-04-07 18:10:00,TXRH
99.52,99.63,99.45,99.5,8429,2021-04-07 18:15:00,TXRH
99.47,99.66,99.39,99.515,13150,2021-04-07 18:20:00,TXRH
99.45,99.51,99.29,99.455,5132,2021-04-07 18:25:00,TXRH
99.43,99.76,99.42,99.67,17085,2021-04-07 18:30:00,TXRH
99.66,99.79,99.53,99.69,24468,2021-04-07 18:35:00,TXRH
99.68,99.68,99.28,99.29,8214,2021-04-07 18:40:00,TXRH
99.35,99.54,99.175,99.47,4358,2021-04-07 18:45:00,TXRH
99.53,99.63,99.44,99.44,7524,2021-04-07 18:50:00,TXRH
99.46,99.47,99.33,99.385,2100,2021-04-07 18:55:00,TXRH
99.35,99.73,99.35,99.51,2700,2021-04-07 19:00:00,TXRH
99.425,99.53,99.31,99.38,7610,2021-04-07 19:05:00,TXRH
99.34,99.4,99.21,99.25,3803,2021-04-07 19:10:00,TXRH
99.2,99.25,99.085,99.25,1601,2021-04-07 19:15:00,TXRH
99.16,99.16,98.89,99.03,3257,2021-04-07 19:20:00,TXRH
99.015,99.015,98.58,98.79,3300,2021-04-07 19:25:00,TXRH
98.75,98.78,98.62,98.65,5056,2021-04-07 19:30:00,TXRH
98.61,98.83,98.55,98.685,5506,2021-04-07 19:35:00,TXRH
98.69,98.89,98.66,98.84,6417,2021-04-07 19:40:00,TXRH
98.88,98.88,98.6,98.64,16683,2021-04-07 19:45:00,TXRH
98.62,98.62,98.44,98.53,24800,2021-04-07 19:50:00,TXRH
98.49,98.64,98.45,98.53,44972,2021-04-07 19:55:00,TXRH
98.55,98.55,98.55,98.55,64062,2021-04-07 20:00:00,TXRH
99.74,99.74,98.95,99.34,8312,2021-04-08 13:30:00,TXRH
99.24,99.555,99.24,99.54,3009,2021-04-08 13:35:00,TXRH
99.475,99.75,99.475,99.75,8409,2021-04-08 13:40:00,TXRH
99.615,99.615,98.94,98.94,439,2021-04-08 13:45:00,TXRH
99.04,99.3,99.04,99.12,700,2021-04-08 13:50:00,TXRH
98.93,99.19,98.92,99.09,1200,2021-04-08 13:55:00,TXRH
98.93,99.03,98.18,98.18,82345,2021-04-08 14:00:00,TXRH
98.19,98.29,98.17,98.17,1300,2021-04-08 14:05:00,TXRH
98.17,98.23,98.06,98.23,1301,2021-04-08 14:10:00,TXRH
98.3,98.43,98.28,98.34,1591,2021-04-08 14:15:00,TXRH
98.45,98.66,98.45,98.61,1725,2021-04-08 14:20:00,TXRH
98.74,98.865,98.7,98.86,4742,2021-04-08 14:25:00,TXRH
98.8,98.86,98.73,98.75,1062,2021-04-08 14:30:00,TXRH
98.67,98.805,98.67,98.79,1500,2021-04-08 14:35:00,TXRH
98.85,98.85,98.71,98.79,1900,2021-04-08 14:40:00,TXRH
98.735,98.91,98.68,98.84,13809,2021-04-08 14:45:00,TXRH
98.81,98.81,98.55,98.6011,1212,2021-04-08 14:50:00,TXRH
98.555,98.735,98.42,98.45,3686,2021-04-08 14:55:00,TXRH
98.39,98.555,98.35,98.41,6371,2021-04-08 15:00:00,TXRH
98.44,98.73,98.43,98.625,2288,2021-04-08 15:05:00,TXRH
98.635,98.65,98.36,98.48,8130,2021-04-08 15:10:00,TXRH
98.47,98.47,98.07,98.13,8651,2021-04-08 15:15:00,TXRH
98.2,98.2,97.81,97.97,4483,2021-04-08 15:20:00,TXRH
97.94,98.1099,97.88,98.05,7346,2021-04-08 15:25:00,TXRH
98.07,98.19,97.81,98.19,34164,2021-04-08 15:30:00,TXRH
98.165,98.25,98.08,98.08,1726,2021-04-08 15:35:00,TXRH
98.0965,98.18,98.08,98.09,3066,2021-04-08 15:40:00,TXRH
98.09,98.215,98.055,98.09,2930,2021-04-08 15:45:00,TXRH
98.09,98.29,97.97,98.055,9114,2021-04-08 15:50:00,TXRH
98.15,98.24,98.145,98.22,2113,2021-04-08 15:55:00,TXRH
98.23,98.27,98.05,98.05,4002,2021-04-08 16:00:00,TXRH
98.12,98.19,98.12,98.19,735,2021-04-08 16:05:00,TXRH
98.19,98.23,98.13,98.195,53786,2021-04-08 16:10:00,TXRH
98.21,98.505,98.21,98.43,4550,2021-04-08 16:15:00,TXRH
98.4,98.45,98.225,98.225,5897,2021-04-08 16:20:00,TXRH
98.225,98.52,98.225,98.52,865,2021-04-08 16:25:00,TXRH
98.52,98.73,98.52,98.7,1939,2021-04-08 16:30:00,TXRH
98.83,99.0,98.83,98.855,1601,2021-04-08 16:35:00,TXRH
98.91,98.91,98.67,98.76,2144,2021-04-08 16:40:00,TXRH
98.735,98.85,98.6,98.62,16651,2021-04-08 16:45:00,TXRH
98.7,98.71,98.51,98.51,12550,2021-04-08 16:50:00,TXRH
98.5,98.54,98.48,98.51,2680,2021-04-08 16:55:00,TXRH
98.515,98.67,98.42,98.525,5387,2021-04-08 17:00:00,TXRH
98.48,98.52,98.36,98.43,1300,2021-04-08 17:05:00,TXRH
98.52,98.53,98.49,98.49,300,2021-04-08 17:10:00,TXRH
98.72,98.77,98.6571,98.695,1675,2021-04-08 17:15:00,TXRH
98.75,98.75,98.57,98.59,3831,2021-04-08 17:20:00,TXRH
98.59,98.59,98.535,98.535,200,2021-04-08 17:25:00,TXRH
98.63,98.7,98.47,98.47,1316,2021-04-08 17:30:00,TXRH
98.42,98.47,98.35,98.35,300,2021-04-08 17:35:00,TXRH
98.2761,98.47,98.2761,98.47,800,2021-04-08 17:40:00,TXRH
98.39,98.41,98.31,98.33,900,2021-04-08 17:45:00,TXRH
98.32,98.32,98.26,98.26,400,2021-04-08 17:50:00,TXRH
98.35,98.4,98.22,98.22,1400,2021-04-08 17:55:00,TXRH
98.27,98.44,98.24,98.41,1800,2021-04-08 18:00:00,TXRH
98.45,98.53,98.45,98.5,1300,2021-04-08 18:05:00,TXRH
98.45,98.52,98.45,98.47,1633,2021-04-08 18:10:00,TXRH
98.41,98.41,98.35,98.39,1100,2021-04-08 18:15:00,TXRH
98.44,98.45,98.33,98.33,1500,2021-04-08 18:20:00,TXRH
98.31,98.425,98.31,98.425,900,2021-04-08 18:25:00,TXRH
98.38,98.4523,98.34,98.34,3293,2021-04-08 18:30:00,TXRH
98.4,98.48,98.35,98.41,1235,2021-04-08 18:35:00,TXRH
98.42,98.48,98.41,98.48,1720,2021-04-08 18:40:00,TXRH
98.46,98.49,98.41,98.41,1000,2021-04-08 18:45:00,TXRH
98.39,98.52,98.39,98.48,1500,2021-04-08 18:50:00,TXRH
98.49,98.75,98.49,98.59,5277,2021-04-08 18:55:00,TXRH
98.62,98.74,98.59,98.67,2774,2021-04-08 19:00:00,TXRH
98.74,98.74,98.59,98.68,2496,2021-04-08 19:05:00,TXRH
98.68,98.82,98.5,98.54,5273,2021-04-08 19:10:00,TXRH
98.6,98.96,98.6,98.83,2530,2021-04-08 19:15:00,TXRH
98.9,98.98,98.89,98.96,2700,2021-04-08 19:20:00,TXRH
98.98,99.19,98.98,99.19,1500,2021-04-08 19:25:00,TXRH
99.18,99.34,99.0,99.0125,10011,2021-04-08 19:30:00,TXRH
99.05,99.09,98.89,99.06,21300,2021-04-08 19:35:00,TXRH
99.075,99.075,98.83,98.87,5392,2021-04-08 19:40:00,TXRH
98.75,99.035,98.75,99.035,4300,2021-04-08 19:45:00,TXRH
99.04,99.26,98.77,98.99,22161,2021-04-08 19:50:00,TXRH
98.95,98.98,98.765,98.82,31112,2021-04-08 19:55:00,TXRH
98.87,98.87,98.87,98.87,38668,2021-04-08 20:00:00,TXRH
98.62,98.77,98.41,98.41,3614,2021-04-09 13:30:00,TXRH
98.67,98.67,98.67,98.67,100,2021-04-09 13:35:00,TXRH
98.625,98.625,97.665,97.665,3631,2021-04-09 13:40:00,TXRH
97.83,98.005,97.33,97.39,1200,2021-04-09 13:45:00,TXRH
97.405,97.75,97.38,97.6649,1800,2021-04-09 13:50:00,TXRH
97.68,97.935,97.6,97.935,15233,2021-04-09 13:55:00,TXRH
97.95,98.06,97.84,98.06,2254,2021-04-09 14:00:00,TXRH
98.03,98.08,97.91,98.02,1457,2021-04-09 14:05:00,TXRH
98.03,98.58,98.03,98.57,4000,2021-04-09 14:10:00,TXRH
98.5,98.57,98.42,98.43,1866,2021-04-09 14:15:00,TXRH
98.41,98.62,98.3,98.3,2179,2021-04-09 14:20:00,TXRH
98.27,98.38,98.15,98.38,1000,2021-04-09 14:25:00,TXRH
98.24,98.335,98.175,98.275,1330,2021-04-09 14:30:00,TXRH
98.35,98.43,98.3484,98.3484,853,2021-04-09 14:35:00,TXRH
98.365,98.38,98.3,98.36,1730,2021-04-09 14:40:00,TXRH
98.36,98.72,98.33,98.72,5022,2021-04-09 14:45:00,TXRH
98.65,98.91,98.65,98.81,1400,2021-04-09 14:50:00,TXRH
98.8,98.8,98.54,98.767,1150,2021-04-09 14:55:00,TXRH
98.71,98.81,98.69,98.69,1340,2021-04-09 15:00:00,TXRH
98.71,98.773,98.61,98.61,1050,2021-04-09 15:05:00,TXRH
98.73,98.73,98.515,98.59,900,2021-04-09 15:10:00,TXRH
98.65,98.65,98.32,98.32,1800,2021-04-09 15:15:00,TXRH
98.31,98.44,98.18,98.18,1200,2021-04-09 15:20:00,TXRH
98.19,98.37,98.18,98.18,2150,2021-04-09 15:25:00,TXRH
98.26,98.53,98.26,98.53,950,2021-04-09 15:30:00,TXRH
98.405,98.53,98.37,98.43,5088,2021-04-09 15:35:00,TXRH
98.32,98.4,98.18,98.18,1100,2021-04-09 15:40:00,TXRH
98.37,98.435,98.37,98.435,1301,2021-04-09 15:45:00,TXRH
98.495,98.61,98.495,98.61,313,2021-04-09 15:50:00,TXRH
98.59,98.59,98.335,98.34,4385,2021-04-09 15:55:00,TXRH
98.44,98.44,98.37,98.37,1074,2021-04-09 16:00:00,TXRH
98.375,98.375,98.13,98.14,1953,2021-04-09 16:05:00,TXRH
98.14,98.14,98.05,98.05,400,2021-04-09 16:10:00,TXRH
98.18,98.18,98.11,98.115,900,2021-04-09 16:15:00,TXRH
98.24,98.32,98.16,98.315,4100,2021-04-09 16:20:00,TXRH
98.25,98.36,98.19,98.36,2450,2021-04-09 16:25:00,TXRH
98.385,98.415,98.385,98.415,831,2021-04-09 16:30:00,TXRH
98.53,98.61,98.47,98.47,2935,2021-04-09 16:35:00,TXRH
98.515,98.65,98.515,98.65,738,2021-04-09 16:40:00,TXRH
98.57,98.57,98.295,98.295,2074,2021-04-09 16:45:00,TXRH
98.28,98.3,98.18,98.25,941,2021-04-09 16:50:00,TXRH
98.25,98.35,98.25,98.35,936,2021-04-09 16:55:00,TXRH
98.355,98.355,98.28,98.28,848,2021-04-09 17:00:00,TXRH
98.3,98.45,98.26,98.35,1640,2021-04-09 17:05:00,TXRH
98.385,98.385,98.375,98.375,650,2021-04-09 17:10:00,TXRH
98.36,98.36,98.31,98.31,593,2021-04-09 17:15:00,TXRH
98.3,98.8,98.3,98.705,5433,2021-04-09 17:20:00,TXRH
98.72,98.92,98.72,98.76,2005,2021-04-09 17:25:00,TXRH
98.74,98.83,98.64,98.83,900,2021-04-09 17:30:00,TXRH
98.76,98.86,98.72,98.86,1000,2021-04-09 17:35:00,TXRH
98.795,98.87,98.78,98.87,1160,2021-04-09 17:40:00,TXRH
98.81,99.07,98.81,98.995,2240,2021-04-09 17:45:00,TXRH
99.04,99.05,98.89,98.96,2270,2021-04-09 17:50:00,TXRH
98.95,98.975,98.89,98.935,1200,2021-04-09 17:55:00,TXRH
98.955,99.12,98.955,99.05,1847,2021-04-09 18:00:00,TXRH
99.02,99.02,98.88,98.88,2309,2021-04-09 18:05:00,TXRH
98.94,99.0146,98.8701,99.0146,1987,2021-04-09 18:10:00,TXRH
98.975,99.21,98.975,99.18,1603,2021-04-09 18:15:00,TXRH
99.19,99.19,99.04,99.08,1025,2021-04-09 18:20:00,TXRH
99.0305,99.11,98.94,98.94,1137,2021-04-09 18:25:00,TXRH
98.9,98.925,98.89,98.91,642,2021-04-09 18:30:00,TXRH
98.95,99.015,98.935,98.94,1964,2021-04-09 18:35:00,TXRH
99.03,99.06,99.01,99.03,1701,2021-04-09 18:40:00,TXRH
99.02,99.07,98.96,99.05,1400,2021-04-09 18:45:00,TXRH
99.0,99.09,98.99,99.07,1546,2021-04-09 18:50:00,TXRH
99.045,99.08,98.93,98.99,2201,2021-04-09 18:55:00,TXRH
98.99,98.99,98.9,98.96,840,2021-04-09 19:00:00,TXRH
98.85,98.875,98.725,98.725,502,2021-04-09 19:05:00,TXRH
98.74,98.83,98.74,98.77,1650,2021-04-09 19:10:00,TXRH
98.81,98.915,98.81,98.915,1600,2021-04-09 19:15:00,TXRH
98.95,99.09,98.945,99.02,2839,2021-04-09 19:20:00,TXRH
99.05,99.23,99.05,99.13,1955,2021-04-09 19:25:00,TXRH
99.18,99.33,99.13,99.32,5254,2021-04-09 19:30:00,TXRH
99.28,99.44,99.28,99.33,3400,2021-04-09 19:35:00,TXRH
99.35,99.36,99.2,99.2,3950,2021-04-09 19:40:00,TXRH
99.2,99.33,99.16,99.19,5673,2021-04-09 19:45:00,TXRH
99.16,99.44,99.02,99.44,24484,2021-04-09 19:50:00,TXRH
99.5,99.56,99.33,99.44,19646,2021-04-09 19:55:00,TXRH
99.46,99.46,99.46,99.46,96752,2021-04-09 20:00:00,TXRH
99.46,99.46,99.46,99.46,23437,2021-04-12 12:45:00,TXRH
100.45,100.45,99.54,99.72,14809,2021-04-12 13:30:00,TXRH
99.9243,100.15,99.8,99.83,1350,2021-04-12 13:35:00,TXRH
99.87,99.975,99.39,99.39,3560,2021-04-12 13:40:00,TXRH
99.12,99.3,98.51,98.51,1304,2021-04-12 13:45:00,TXRH
98.5,98.6291,98.4,98.51,6704,2021-04-12 13:50:00,TXRH
98.35,98.43,98.21,98.43,2623,2021-04-12 13:55:00,TXRH
98.52,98.6,98.39,98.49,5803,2021-04-12 14:00:00,TXRH
98.47,98.58,98.36,98.49,9557,2021-04-12 14:05:00,TXRH
98.43,98.485,98.055,98.32,1879,2021-04-12 14:10:00,TXRH
98.365,98.5,98.225,98.41,13567,2021-04-12 14:15:00,TXRH
98.38,98.52,98.1,98.3,41836,2021-04-12 14:20:00,TXRH
98.16,98.27,98.025,98.15,3902,2021-04-12 14:25:00,TXRH
98.12,98.13,97.76,97.97,4603,2021-04-12 14:30:00,TXRH
97.97,97.99,97.79,97.79,3212,2021-04-12 14:35:00,TXRH
97.8,98.12,97.75,98.04,79153,2021-04-12 14:40:00,TXRH
98.03,98.2,97.92,98.05,48124,2021-04-12 14:45:00,TXRH
98.11,98.15,97.81,97.86,20290,2021-04-12 14:50:00,TXRH
97.89,97.94,97.61,97.66,11256,2021-04-12 14:55:00,TXRH
97.71,97.71,97.29,97.34,7259,2021-04-12 15:00:00,TXRH
97.39,97.39,97.2,97.255,4234,2021-04-12 15:05:00,TXRH
97.3,97.415,97.23,97.23,2797,2021-04-12 15:10:00,TXRH
97.25,97.43,97.25,97.35,5520,2021-04-12 15:15:00,TXRH
97.42,97.62,97.375,97.46,24167,2021-04-12 15:20:00,TXRH
97.53,97.64,97.38,97.64,15873,2021-04-12 15:25:00,TXRH
97.7,97.7,97.6,97.6,700,2021-04-12 15:30:00,TXRH
97.62,97.63,97.42,97.61,1800,2021-04-12 15:35:00,TXRH
97.68,97.865,97.64,97.76,1751,2021-04-12 15:40:00,TXRH
97.825,97.93,97.78,97.9,1800,2021-04-12 15:45:00,TXRH
97.95,98.1,97.95,98.1,500,2021-04-12 15:50:00,TXRH
98.09,98.2,98.065,98.2,11400,2021-04-12 15:55:00,TXRH
98.12,98.12,97.86,98.02,3300,2021-04-12 16:00:00,TXRH
98.0,98.03,97.87,97.87,1812,2021-04-12 16:05:00,TXRH
97.975,97.975,97.69,97.73,2012,2021-04-12 16:10:00,TXRH
97.77,97.87,97.69,97.795,11700,2021-04-12 16:15:00,TXRH
97.86,97.87,97.85,97.86,700,2021-04-12 16:20:00,TXRH
97.83,97.91,97.78,97.79,2414,2021-04-12 16:25:00,TXRH
97.83,97.97,97.815,97.97,1570,2021-04-12 16:30:00,TXRH
97.95,98.035,97.94,97.97,1652,2021-04-12 16:35:00,TXRH
97.94,97.96,97.86,97.9,2200,2021-04-12 16:40:00,TXRH
97.85,97.965,97.76,97.82,3000,2021-04-12 16:45:00,TXRH
97.74,97.74,97.59,97.66,1350,2021-04-12 16:50:00,TXRH
97.6797,97.74,97.63,97.74,1700,2021-04-12 16:55:00,TXRH
97.75,97.75,97.615,97.695,2562,2021-04-12 17:00:00,TXRH
97.68,97.68,97.5,97.5,2510,2021-04-12 17:05:00,TXRH
97.5,97.53,97.44,97.44,1816,2021-04-12 17:10:00,TXRH
97.435,97.52,97.43,97.48,2700,2021-04-12 17:15:00,TXRH
97.48,97.48,97.43,97.47,1900,2021-04-12 17:20:00,TXRH
97.46,97.46,97.28,97.34,5018,2021-04-12 17:25:00,TXRH
97.39,97.39,97.25,97.37,3973,2021-04-12 17:30:00,TXRH
97.365,97.38,97.3,97.38,1517,2021-04-12 17:35:00,TXRH
97.4,97.49,97.25,97.48,6923,2021-04-12 17:40:00,TXRH
97.47,97.75,97.41,97.66,8918,2021-04-12 17:45:00,TXRH
97.66,97.71,97.595,97.595,1700,2021-04-12 17:50:00,TXRH
97.57,97.59,97.44,97.44,16695,2021-04-12 17:55:00,TXRH
97.41,97.51,97.25,97.34,5474,2021-04-12 18:00:00,TXRH
97.37,97.41,97.25,97.39,4982,2021-04-12 18:05:00,TXRH
97.395,97.4,97.345,97.38,760,2021-04-12 18:10:00,TXRH
97.4,97.46,97.35,97.42,2335,2021-04-12 18:15:00,TXRH
97.38,97.44,97.36,97.44,1100,2021-04-12 18:20:00,TXRH
97.39,97.44,97.36,97.39,1800,2021-04-12 18:25:00,TXRH
97.4,97.56,97.4,97.47,1555,2021-04-12 18:30:00,TXRH
97.49,97.61,97.467,97.61,2185,2021-04-12 18:35:00,TXRH
97.59,97.71,97.57,97.71,1858,2021-04-12 18:40:00,TXRH
97.65,97.75,97.65,97.65,2108,2021-04-12 18:45:00,TXRH
97.64,97.71,97.61,97.71,1700,2021-04-12 18:50:00,TXRH
97.73,97.76,97.585,97.595,5189,2021-04-12 18:55:00,TXRH
97.695,97.695,97.45,97.51,2353,2021-04-12 19:00:00,TXRH
97.59,97.61,97.48,97.52,1200,2021-04-12 19:05:00,TXRH
97.51,97.65,97.49,97.65,1470,2021-04-12 19:10:00,TXRH
97.57,97.57,97.43,97.48,1300,2021-04-12 19:15:00,TXRH
97.55,97.78,97.55,97.78,1671,2021-04-12 19:20:00,TXRH
97.87,97.96,97.87,97.96,1200,2021-04-12 19:25:00,TXRH
97.9,97.9,97.73,97.795,4737,2021-04-12 19:30:00,TXRH
97.71,97.88,97.665,97.845,7760,2021-04-12 19:35:00,TXRH
97.835,97.9,97.78,97.89,5801,2021-04-12 19:40:00,TXRH
97.89,97.89,97.67,97.67,5851,2021-04-12 19:45:00,TXRH
97.57,97.71,97.49,97.6,23137,2021-04-12 19:50:00,TXRH
97.6,97.61,97.38,97.52,30533,2021-04-12 19:55:00,TXRH
97.56,97.56,97.56,97.56,40052,2021-04-12 20:00:00,TXRH
97.56,97.56,97.56,97.56,34367,2021-04-13 13:10:00,TXRH
97.96,98.55,97.55,97.57,15485,2021-04-13 13:30:00,TXRH
97.565,97.685,97.17,97.18,3544,2021-04-13 13:35:00,TXRH
97.2,97.38,96.95,97.16,5450,2021-04-13 13:40:00,TXRH
96.95,96.95,96.52,96.61,5274,2021-04-13 13:45:00,TXRH
96.65,96.905,96.65,96.78,8800,2021-04-13 13:50:00,TXRH
96.78,96.885,96.58,96.6,6416,2021-04-13 13:55:00,TXRH
96.67,96.71,96.43,96.63,9965,2021-04-13 14:00:00,TXRH
96.56,96.725,96.45,96.62,4237,2021-04-13 14:05:00,TXRH
96.72,96.85,96.62,96.76,2708,2021-04-13 14:10:00,TXRH
96.94,97.19,96.94,97.18,4534,2021-04-13 14:15:00,TXRH
97.25,97.425,97.22,97.27,4651,2021-04-13 14:20:00,TXRH
97.355,97.655,97.355,97.655,1802,2021-04-13 14:25:00,TXRH
97.53,97.57,97.4,97.4,4747,2021-04-13 14:30:00,TXRH
97.41,97.5,97.02,97.08,5016,2021-04-13 14:35:00,TXRH
97.085,97.49,97.085,97.49,2638,2021-04-13 14:40:00,TXRH
97.49,97.49,97.31,97.36,5257,2021-04-13 14:45:00,TXRH
97.32,97.35,97.04,97.19,3717,2021-04-13 14:50:00,TXRH
97.27,97.27,97.03,97.155,5562,2021-04-13 14:55:00,TXRH
97.155,97.245,97.14,97.235,3730,2021-04-13 15:00:00,TXRH
97.225,97.225,97.0,97.0,2600,2021-04-13 15:05:00,TXRH
96.97,97.03,96.87,96.87,3763,2021-04-13 15:10:00,TXRH
96.9,96.9,96.68,96.79,8010,2021-04-13 15:15:00,TXRH
96.73,96.79,96.58,96.58,5738,2021-04-13 15:20:00,TXRH
96.61,96.73,96.6,96.68,3800,2021-04-13 15:25:00,TXRH
96.69,96.77,96.69,96.69,4462,2021-04-13 15:30:00,TXRH
96.65,96.65,96.09,96.14,4404,2021-04-13 15:35:00,TXRH
96.14,96.21,96.125,96.125,3931,2021-04-13 15:40:00,TXRH
96.18,96.2,96.0692,96.165,4073,2021-04-13 15:45:00,TXRH
96.15,96.47,96.15,96.44,3030,2021-04-13 15:50:00,TXRH
96.5,96.55,96.33,96.33,1115,2021-04-13 15:55:00,TXRH
96.37,96.55,96.33,96.54,2812,2021-04-13 16:00:00,TXRH
96.52,96.53,96.43,96.43,3358,2021-04-13 16:05:00,TXRH
96.43,96.44,96.255,96.36,2100,2021-04-13 16:10:00,TXRH
96.36,96.48,96.349,96.4,7617,2021-04-13 16:15:00,TXRH
96.4,96.5,96.36,96.455,1446,2021-04-13 16:20:00,TXRH
96.41,96.41,96.06,96.07,2048,2021-04-13 16:25:00,TXRH
96.04,96.17,95.92,96.16,4473,2021-04-13 16:30:00,TXRH
96.16,96.45,96.15,96.31,1835,2021-04-13 16:35:00,TXRH
96.2334,96.38,96.2334,96.25,1900,2021-04-13 16:40:00,TXRH
96.22,96.3,96.07,96.09,1501,2021-04-13 16:45:00,TXRH
96.1729,96.29,96.1729,96.25,905,2021-04-13 16:50:00,TXRH
96.235,96.31,96.16,96.23,2559,2021-04-13 16:55:00,TXRH
96.19,96.24,96.14,96.22,2728,2021-04-13 17:00:00,TXRH
96.22,96.28,96.21,96.25,2801,2021-04-13 17:05:00,TXRH
96.27,96.43,96.27,96.43,1400,2021-04-13 17:10:00,TXRH
96.42,96.52,96.42,96.4401,2751,2021-04-13 17:15:00,TXRH
96.49,96.575,96.47,96.49,2131,2021-04-13 17:20:00,TXRH
96.48,96.525,96.29,96.35,6299,2021-04-13 17:25:00,TXRH
96.36,96.56,96.32,96.52,4565,2021-04-13 17:30:00,TXRH
96.61,96.75,96.595,96.75,1901,2021-04-13 17:35:00,TXRH
96.695,96.79,96.55,96.735,12061,2021-04-13 17:40:00,TXRH
96.715,96.74,96.53,96.55,4265,2021-04-13 17:45:00,TXRH
96.535,96.55,96.45,96.49,2232,2021-04-13 17:50:00,TXRH
96.57,96.57,96.49,96.53,4199,2021-04-13 17:55:00,TXRH
96.6,96.66,96.565,96.66,4663,2021-04-13 18:00:00,TXRH
96.6,96.65,96.48,96.485,2400,2021-04-13 18:05:00,TXRH
96.49,96.56,96.445,96.56,5211,2021-04-13 18:10:00,TXRH
96.55,96.55,96.46,96.515,5583,2021-04-13 18:15:00,TXRH
96.47,96.565,96.46,96.565,4080,2021-04-13 18:20:00,TXRH
96.56,96.59,96.495,96.54,2607,2021-04-13 18:25:00,TXRH
96.5,96.6,96.4,96.58,54370,2021-04-13 18:30:00,TXRH
96.65,96.93,96.56,96.84,9085,2021-04-13 18:35:00,TXRH
96.8,96.85,96.66,96.79,6927,2021-04-13 18:40:00,TXRH
96.75,96.8,96.65,96.65,3032,2021-04-13 18:45:00,TXRH
96.71,96.78,96.6,96.6,2912,2021-04-13 18:50:00,TXRH
96.625,96.73,96.615,96.67,5256,2021-04-13 18:55:00,TXRH
96.71,96.78,96.63,96.65,5686,2021-04-13 19:00:00,TXRH
96.62,96.63,96.45,96.495,10147,2021-04-13 19:05:00,TXRH
96.505,96.55,96.43,96.44,57457,2021-04-13 19:10:00,TXRH
96.45,96.46,96.27,96.27,7267,2021-04-13 19:15:00,TXRH
96.27,96.33,96.25,96.33,9252,2021-04-13 19:20:00,TXRH
96.37,96.41,96.11,96.11,6202,2021-04-13 19:25:00,TXRH
96.125,96.27,95.965,96.22,9979,2021-04-13 19:30:00,TXRH
96.27,96.36,96.25,96.25,12261,2021-04-13 19:35:00,TXRH
96.23,96.26,96.19,96.26,21759,2021-04-13 19:40:00,TXRH
96.23,96.27,96.02,96.04,14924,2021-04-13 19:45:00,TXRH
96.05,96.05,95.95,95.97,35711,2021-04-13 19:50:00,TXRH
95.98,96.04,95.83,95.92,45167,2021-04-13 19:55:00,TXRH
95.89,95.89,95.89,95.89,44395,2021-04-13 20:00:00,TXRH
95.93,97.2,95.93,97.2,8627,2021-04-14 13:30:00,TXRH
96.91,97.19,96.87,97.01,3517,2021-04-14 13:35:00,TXRH
97.01,97.28,96.75,97.28,2500,2021-04-14 13:40:00,TXRH
97.36,97.37,96.89,97.03,5178,2021-04-14 13:45:00,TXRH
97.15,97.25,96.88,97.115,32053,2021-04-14 13:50:00,TXRH
97.29,97.53,97.02,97.47,40751,2021-04-14 13:55:00,TXRH
97.42,97.56,97.19,97.34,33515,2021-04-14 14:00:00,TXRH
97.33,97.43,97.01,97.09,12508,2021-04-14 14:05:00,TXRH
97.14,97.2,96.96,97.155,8966,2021-04-14 14:10:00,TXRH
97.075,97.15,96.9,97.05,4060,2021-04-14 14:15:00,TXRH
97.065,97.07,96.91,97.0,6638,2021-04-14 14:20:00,TXRH
97.0,97.04,96.91,97.0,2200,2021-04-14 14:25:00,TXRH
97.03,97.12,96.97,97.01,5375,2021-04-14 14:30:00,TXRH
97.04,97.07,96.94,96.94,5096,2021-04-14 14:35:00,TXRH
97.015,97.15,96.95,97.105,18872,2021-04-14 14:40:00,TXRH
97.06,97.18,96.98,97.15,18243,2021-04-14 14:45:00,TXRH
97.15,97.57,96.81,97.2,131867,2021-04-14 14:50:00,TXRH
97.2,97.78,97.01,97.665,21938,2021-04-14 14:55:00,TXRH
97.66,98.04,97.55,98.0,10787,2021-04-14 15:00:00,TXRH
98.3,98.44,98.12,98.28,3937,2021-04-14 15:05:00,TXRH
98.36,98.36,98.15,98.29,1200,2021-04-14 15:10:00,TXRH
98.27,98.36,98.12,98.18,1509,2021-04-14 15:15:00,TXRH
98.01,98.08,97.905,98.02,3182,2021-04-14 15:20:00,TXRH
97.93,98.04,97.805,97.99,1500,2021-04-14 15:25:00,TXRH
97.96,97.96,97.73,97.73,2572,2021-04-14 15:30:00,TXRH
97.89,97.9,97.82,97.89,1200,2021-04-14 15:35:00,TXRH
97.8,97.96,97.79,97.85,2764,2021-04-14 15:40:00,TXRH
97.8999,98.08,97.88,98.01,4499,2021-04-14 15:45:00,TXRH
98.015,98.02,97.8,97.89,2217,2021-04-14 15:50:00,TXRH
97.895,98.03,97.87,97.895,4404,2021-04-14 15:55:00,TXRH
97.87,97.89,97.67,97.67,3794,2021-04-14 16:00:00,TXRH
97.64,97.665,97.44,97.595,2451,2021-04-14 16:05:00,TXRH
97.6,97.68,97.6,97.66,1100,2021-04-14 16:10:00,TXRH
97.59,97.7,97.505,97.7,1840,2021-04-14 16:15:00,TXRH
97.76,97.8,97.675,97.72,8302,2021-04-14 16:20:00,TXRH
97.71,97.78,97.54,97.54,3502,2021-04-14 16:25:00,TXRH
97.53,97.62,97.51,97.51,1500,2021-04-14 16:30:00,TXRH
97.505,97.505,97.3,97.32,3700,2021-04-14 16:35:00,TXRH
97.34,97.46,97.29,97.39,1516,2021-04-14 16:40:00,TXRH
97.58,97.59,97.45,97.53,1100,2021-04-14 16:45:00,TXRH
97.39,97.51,97.39,97.39,1100,2021-04-14 16:50:00,TXRH
97.34,97.47,97.32,97.47,1800,2021-04-14 16:55:00,TXRH
97.48,97.5,97.39,97.39,1700,2021-04-14 17:00:00,TXRH
97.39,97.54,97.38,97.515,2100,2021-04-14 17:05:00,TXRH
97.52,97.55,97.43,97.51,3054,2021-04-14 17:10:00,TXRH
97.53,97.8,97.53,97.8,2700,2021-04-14 17:15:00,TXRH
97.74,97.89,97.64,97.89,6591,2021-04-14 17:20:00,TXRH
97.9,97.94,97.66,97.66,3352,2021-04-14 17:25:00,TXRH
97.65,97.66,97.42,97.425,4034,2021-04-14 17:30:00,TXRH
97.295,97.31,97.16,97.25,3610,2021-04-14 17:35:00,TXRH
97.225,97.32,97.22,97.25,1200,2021-04-14 17:40:00,TXRH
97.31,97.62,97.31,97.49,2074,2021-04-14 17:45:00,TXRH
97.555,97.56,97.41,97.45,2076,2021-04-14 17:50:00,TXRH
97.41,97.45,97.0,97.0,2916,2021-04-14 17:55:00,TXRH
97.09,97.1,96.93,97.05,2500,2021-04-14 18:00:00,TXRH
97.11,97.11,96.76,96.8,2572,2021-04-14 18:05:00,TXRH
96.79,97.2,96.79,97.07,3400,2021-04-14 18:10:00,TXRH
97.07,97.08,96.7951,97.08,5800,2021-04-14 18:15:00,TXRH
97.06,97.32,97.02,97.32,2300,2021-04-14 18:20:00,TXRH
97.265,97.37,97.225,97.225,1445,2021-04-14 18:25:00,TXRH
97.29,97.35,97.09,97.18,2480,2021-04-14 18:30:00,TXRH
97.13,97.27,97.1,97.26,4329,2021-04-14 18:35:00,TXRH
97.25,97.47,97.25,97.43,2100,2021-04-14 18:40:00,TXRH
97.33,97.39,97.21,97.24,3338,2021-04-14 18:45:00,TXRH
97.15,97.16,97.0,97.06,5449,2021-04-14 18:50:00,TXRH
97.01,97.04,96.61,96.62,6174,2021-04-14 18:55:00,TXRH
96.705,96.78,96.61,96.68,3503,2021-04-14 19:00:00,TXRH
96.58,96.73,96.54,96.65,1400,2021-04-14 19:05:00,TXRH
96.7,96.79,96.48,96.76,3300,2021-04-14 19:10:00,TXRH
96.76,97.045,96.59,96.83,4200,2021-04-14 19:15:00,TXRH
96.91,97.08,96.83,97.08,2600,2021-04-14 19:20:00,TXRH
97.02,97.23,97.01,97.22,2100,2021-04-14 19:25:00,TXRH
97.16,97.16,96.84,97.04,17654,2021-04-14 19:30:00,TXRH
97.05,97.05,96.645,96.76,4857,2021-04-14 19:35:00,TXRH
96.75,96.83,96.59,96.7,5331,2021-04-14 19:40:00,TXRH
96.69,96.88,96.54,96.785,7970,2021-04-14 19:45:00,TXRH
96.795,96.95,96.68,96.705,15509,2021-04-14 19:50:00,TXRH
96.72,96.81,96.485,96.6,39609,2021-04-14 19:55:00,TXRH
96.59,96.81,96.59,96.81,38800,2021-04-14 20:00:00,TXRH
97.19,97.19,97.19,97.19,426,2021-04-14 20:05:00,TXRH
96.59,96.59,96.59,96.59,11960,2021-04-15 12:40:00,TXRH
97.32,97.32,96.74,96.815,8148,2021-04-15 13:30:00,TXRH
96.835,96.835,96.46,96.46,400,2021-04-15 13:35:00,TXRH
96.48,96.57,96.05,96.05,1511,2021-04-15 13:40:00,TXRH
96.03,96.07,95.82,95.86,8340,2021-04-15 13:45:00,TXRH
95.7,95.73,95.54,95.54,800,2021-04-15 13:50:00,TXRH
95.5,95.715,95.32,95.715,3052,2021-04-15 13:55:00,TXRH
95.6,96.41,95.6,96.41,4900,2021-04-15 14:00:00,TXRH
96.21,96.54,96.13,96.13,2642,2021-04-15 14:05:00,TXRH
96.29,96.48,96.03,96.06,4137,2021-04-15 14:10:00,TXRH
96.05,96.18,96.05,96.07,700,2021-04-15 14:15:00,TXRH
96.13,96.235,96.04,96.235,3317,2021-04-15 14:20:00,TXRH
96.13,96.23,95.94,96.23,1900,2021-04-15 14:25:00,TXRH
96.23,96.33,95.99,96.08,2998,2021-04-15 14:30:00,TXRH
96.2,96.39,96.18,96.315,3100,2021-04-15 14:35:00,TXRH
96.27,96.35,96.06,96.07,14100,2021-04-15 14:40:00,TXRH
96.15,96.3,95.96,96.3,40579,2021-04-15 14:45:00,TXRH
96.3,96.45,96.19,96.22,2434,2021-04-15 14:50:00,TXRH
96.1,96.26,96.08,96.21,1400,2021-04-15 14:55:00,TXRH
96.23,96.29,96.14,96.19,2200,2021-04-15 15:00:00,TXRH
96.25,96.29,96.19,96.19,2169,2021-04-15 15:05:00,TXRH
96.2,96.29,96.17,96.265,3350,2021-04-15 15:10:00,TXRH
96.26,96.27,96.1,96.22,2575,2021-04-15 15:15:00,TXRH
96.135,96.23,96.055,96.075,4006,2021-04-15 15:20:00,TXRH
96.085,96.2,96.075,96.14,2090,2021-04-15 15:25:00,TXRH
96.2,96.35,96.2,96.35,2511,2021-04-15 15:30:00,TXRH
96.345,96.5,96.345,96.5,1500,2021-04-15 15:35:00,TXRH
96.41,96.52,96.37,96.48,4315,2021-04-15 15:40:00,TXRH
96.48,96.55,96.48,96.545,1000,2021-04-15 15:45:00,TXRH
96.61,96.69,96.57,96.69,1719,2021-04-15 15:50:00,TXRH
96.71,96.845,96.71,96.79,2493,2021-04-15 15:55:00,TXRH
96.79,96.79,96.7,96.73,2660,2021-04-15 16:00:00,TXRH
96.78,96.905,96.74,96.84,1350,2021-04-15 16:05:00,TXRH
96.79,96.81,96.64,96.73,2101,2021-04-15 16:10:00,TXRH
96.73,96.845,96.68,96.79,1800,2021-04-15 16:15:00,TXRH
96.66,96.825,96.63,96.79,1000,2021-04-15 16:20:00,TXRH
96.75,96.82,96.66,96.66,1400,2021-04-15 16:25:00,TXRH
96.76,96.775,96.64,96.65,1400,2021-04-15 16:30:00,TXRH
96.66,96.66,96.62,96.63,500,2021-04-15 16:35:00,TXRH
96.57,96.58,96.49,96.53,5495,2021-04-15 16:40:00,TXRH
96.57,96.72,96.51,96.72,1674,2021-04-15 16:45:00,TXRH
96.73,96.84,96.72,96.73,2330,2021-04-15 16:50:00,TXRH
96.79,96.92,96.78,96.9,3580,2021-04-15 16:55:00,TXRH
96.95,97.23,96.95,97.23,5832,2021-04-15 17:00:00,TXRH
97.26,97.3,97.17,97.205,3467,2021-04-15 17:05:00,TXRH
97.2,97.2,97.04,97.05,1556,2021-04-15 17:10:00,TXRH
97.01,97.15,97.01,97.1,1812,2021-04-15 17:15:00,TXRH
97.1459,97.205,97.08,97.2,3300,2021-04-15 17:20:00,TXRH
97.15,97.245,97.11,97.135,2088,2021-04-15 17:25:00,TXRH
97.09,97.27,97.09,97.185,1300,2021-04-15 17:30:00,TXRH
97.19,97.29,97.13,97.15,1800,2021-04-15 17:35:00,TXRH
97.22,97.26,97.11,97.12,3100,2021-04-15 17:40:00,TXRH
97.155,97.2,96.91,96.94,2598,2021-04-15 17:45:00,TXRH
96.88,97.02,96.86,97.02,5900,2021-04-15 17:50:00,TXRH
97.005,97.16,96.97,97.03,2900,2021-04-15 17:55:00,TXRH
97.07,97.15,96.98,96.98,3278,2021-04-15 18:00:00,TXRH
97.135,97.2,97.1,97.115,700,2021-04-15 18:05:00,TXRH
97.15,97.165,96.73,96.73,9350,2021-04-15 18:10:00,TXRH
96.745,96.85,96.66,96.76,1800,2021-04-15 18:15:00,TXRH
96.715,96.82,96.68,96.68,1900,2021-04-15 18:20:00,TXRH
96.73,96.745,96.64,96.73,1523,2021-04-15 18:25:00,TXRH
96.79,96.85,96.74,96.8,1200,2021-04-15 18:30:00,TXRH
96.76,96.805,96.73,96.75,1587,2021-04-15 18:35:00,TXRH
96.765,96.83,96.66,96.665,4390,2021-04-15 18:40:00,TXRH
96.67,96.68,96.52,96.58,11078,2021-04-15 18:45:00,TXRH
96.63,96.63,96.48,96.49,2348,2021-04-15 18:50:00,TXRH
96.5,96.67,96.455,96.58,10186,2021-04-15 18:55:00,TXRH
96.66,96.69,96.59,96.69,2345,2021-04-15 19:00:00,TXRH
96.705,96.78,96.68,96.68,723,2021-04-15 19:05:00,TXRH
96.67,96.67,96.555,96.6363,3300,2021-04-15 19:10:00,TXRH
96.604,96.68,96.5,96.63,5638,2021-04-15 19:15:00,TXRH
96.62,96.7,96.5494,96.63,3884,2021-04-15 19:20:00,TXRH
96.55,96.62,96.45,96.45,2596,2021-04-15 19:25:00,TXRH
96.56,96.65,96.5,96.65,5127,2021-04-15 19:30:00,TXRH
96.59,96.64,96.49,96.59,3356,2021-04-15 19:35:00,TXRH
96.59,96.62,96.5,96.535,6394,2021-04-15 19:40:00,TXRH
96.52,96.55,96.465,96.53,5751,2021-04-15 19:45:00,TXRH
96.5,96.81,96.49,96.76,23990,2021-04-15 19:50:00,TXRH
96.77,96.9,96.63,96.89,25002,2021-04-15 19:55:00,TXRH
96.88,96.88,96.88,96.88,41762,2021-04-15 20:00:00,TXRH
97.909,97.909,97.909,97.909,100,2021-04-16 13:00:00,TXRH
97.28,98.01,97.28,98.01,16694,2021-04-16 13:30:00,TXRH
97.85,97.85,97.35,97.6,1953,2021-04-16 13:35:00,TXRH
97.39,97.63,97.39,97.63,905,2021-04-16 13:40:00,TXRH
97.95,98.04,97.915,97.99,1274,2021-04-16 13:45:00,TXRH
97.68,97.73,97.5,97.73,1330,2021-04-16 13:50:00,TXRH
97.64,97.89,97.63,97.84,1600,2021-04-16 13:55:00,TXRH
97.7,97.775,97.5,97.53,1000,2021-04-16 14:00:00,TXRH
97.465,97.5,97.3,97.455,2475,2021-04-16 14:05:00,TXRH
97.58,97.68,97.48,97.48,2645,2021-04-16 14:10:00,TXRH
97.54,97.62,97.33,97.62,2200,2021-04-16 14:15:00,TXRH
97.62,97.62,97.54,97.57,2908,2021-04-16 14:20:00,TXRH
97.63,97.8,97.63,97.63,3341,2021-04-16 14:25:00,TXRH
97.595,97.76,97.445,97.6,5398,2021-04-16 14:30:00,TXRH
97.54,97.73,97.35,97.73,1200,2021-04-16 14:35:00,TXRH
97.84,97.92,97.81,97.835,5155,2021-04-16 14:40:00,TXRH
97.8,97.86,97.8,97.8,1708,2021-04-16 14:45:00,TXRH
97.8,97.8,97.6,97.65,1500,2021-04-16 14:50:00,TXRH
97.63,97.74,97.61,97.61,2001,2021-04-16 14:55:00,TXRH
97.43,97.65,97.43,97.57,2200,2021-04-16 15:00:00,TXRH
97.63,97.74,97.57,97.6,2206,2021-04-16 15:05:00,TXRH
97.65,97.65,97.45,97.525,2311,2021-04-16 15:10:00,TXRH
97.52,97.59,97.42,97.58,3290,2021-04-16 15:15:00,TXRH
97.56,97.645,97.56,97.63,1700,2021-04-16 15:20:00,TXRH
97.63,97.74,97.61,97.695,1657,2021-04-16 15:25:00,TXRH
97.63,98.06,97.62,98.05,7751,2021-04-16 15:30:00,TXRH
98.05,98.06,97.845,97.97,3816,2021-04-16 15:35:00,TXRH
98.01,98.01,97.88,97.95,1116,2021-04-16 15:40:00,TXRH
98.03,98.07,97.965,98.05,2075,2021-04-16 15:45:00,TXRH
98.06,98.14,98.05,98.125,3200,2021-04-16 15:50:00,TXRH
98.19,98.265,98.06,98.13,4202,2021-04-16 15:55:00,TXRH
98.205,98.205,97.89,98.095,6600,2021-04-16 16:00:00,TXRH
98.03,98.04,97.86,98.0,6657,2021-04-16 16:05:00,TXRH
97.94,98.2,97.93,98.13,14562,2021-04-16 16:10:00,TXRH
98.135,98.24,97.9,97.995,7625,2021-04-16 16:15:00,TXRH
98.06,98.322,98.005,98.09,15206,2021-04-16 16:20:00,TXRH
98.09,98.17,97.98,98.01,3006,2021-04-16 16:25:00,TXRH
98.035,98.035,97.93,98.03,30005,2021-04-16 16:30:00,TXRH
98.095,98.13,97.955,97.955,2000,2021-04-16 16:35:00,TXRH
97.9,98.02,97.89,98.02,1641,2021-04-16 16:40:00,TXRH
98.01,98.11,97.99,98.085,6763,2021-04-16 16:45:00,TXRH
98.085,98.19,98.08,98.15,6271,2021-04-16 16:50:00,TXRH
98.14,98.31,98.14,98.31,2756,2021-04-16 16:55:00,TXRH
98.32,98.415,98.27,98.27,2730,2021-04-16 17:00:00,TXRH
98.25,98.25,97.98,97.995,5423,2021-04-16 17:05:00,TXRH
98.04,98.16,98.04,98.1,700,2021-04-16 17:10:00,TXRH
98.135,98.32,98.135,98.28,1430,2021-04-16 17:15:00,TXRH
98.3,98.37,98.26,98.37,2290,2021-04-16 17:20:00,TXRH
98.3451,98.51,98.3451,98.48,4812,2021-04-16 17:25:00,TXRH
98.465,98.6,98.41,98.56,11652,2021-04-16 17:30:00,TXRH
98.58,98.795,98.58,98.765,10933,2021-04-16 17:35:00,TXRH
98.745,98.79,98.64,98.79,6333,2021-04-16 17:40:00,TXRH
98.77,98.815,98.65,98.78,4005,2021-04-16 17:45:00,TXRH
98.72,98.87,98.72,98.87,1401,2021-04-16 17:50:00,TXRH
98.865,98.865,98.72,98.85,2458,2021-04-16 17:55:00,TXRH
98.85,98.92,98.85,98.87,887,2021-04-16 18:00:00,TXRH
98.91,98.93,98.87,98.89,853,2021-04-16 18:05:00,TXRH
98.8901,98.93,98.81,98.91,1375,2021-04-16 18:10:00,TXRH
98.86,98.86,98.765,98.81,1161,2021-04-16 18:15:00,TXRH
98.84,98.84,98.68,98.815,1649,2021-04-16 18:20:00,TXRH
98.77,98.82,98.71,98.82,2972,2021-04-16 18:25:00,TXRH
98.78,98.8448,98.78,98.82,759,2021-04-16 18:30:00,TXRH
98.8,98.875,98.8,98.81,2355,2021-04-16 18:35:00,TXRH
98.83,98.83,98.685,98.8,2000,2021-04-16 18:40:00,TXRH
98.9,98.91,98.83,98.86,1100,2021-04-16 18:45:00,TXRH
98.87,98.96,98.84,98.9,1348,2021-04-16 18:50:00,TXRH
98.92,99.08,98.92,99.08,1715,2021-04-16 18:55:00,TXRH
99.05,99.07,98.975,99.0,1823,2021-04-16 19:00:00,TXRH
99.025,99.06,98.99,98.99,1253,2021-04-16 19:05:00,TXRH
98.99,99.1,98.97,99.0902,2600,2021-04-16 19:10:00,TXRH
99.04,99.06,98.98,98.98,1332,2021-04-16 19:15:00,TXRH
99.02,99.04,98.9,98.9,5418,2021-04-16 19:20:00,TXRH
98.91,99.0,98.91,99.0,300,2021-04-16 19:25:00,TXRH
98.96,99.01,98.88,98.92,2714,2021-04-16 19:30:00,TXRH
98.97,99.03,98.965,98.985,4770,2021-04-16 19:35:00,TXRH
99.0,99.0,98.845,99.0,6080,2021-04-16 19:40:00,TXRH
98.99,99.16,98.97,99.11,8752,2021-04-16 19:45:00,TXRH
99.17,99.18,99.0,99.03,21278,2021-04-16 19:50:00,TXRH
99.07,99.09,98.91,99.01,22335,2021-04-16 19:55:00,TXRH
98.93,98.93,98.93,98.93,47457,2021-04-16 20:00:00,TXRH
98.93,98.93,98.93,98.93,1991,2021-04-16 20:55:00,TXRH
98.93,98.93,98.93,98.93,25390,2021-04-19 12:35:00,TXRH
99.13,99.13,98.845,99.065,5544,2021-04-19 13:30:00,TXRH
98.1725,98.96,98.1,98.96,1140,2021-04-19 13:35:00,TXRH
98.48,99.45,98.48,99.45,4400,2021-04-19 13:40:00,TXRH
99.39,99.45,99.2,99.31,2701,2021-04-19 13:45:00,TXRH
99.03,99.03,98.75,98.75,600,2021-04-19 13:50:00,TXRH
98.53,98.67,98.39,98.54,17343,2021-04-19 13:55:00,TXRH
98.54,98.66,98.2,98.36,15563,2021-04-19 14:00:00,TXRH
98.36,98.36,97.9597,98.29,3651,2021-04-19 14:05:00,TXRH
98.28,98.2803,98.09,98.2803,825,2021-04-19 14:10:00,TXRH
98.5667,98.87,98.54,98.755,3175,2021-04-19 14:15:00,TXRH
98.815,98.815,98.815,98.815,200,2021-04-19 14:20:00,TXRH
98.97,98.99,98.84,98.87,467,2021-04-19 14:25:00,TXRH
98.82,98.82,98.69,98.71,1965,2021-04-19 14:30:00,TXRH
98.71,98.815,98.71,98.815,600,2021-04-19 14:35:00,TXRH
98.56,98.56,98.19,98.19,1280,2021-04-19 14:40:00,TXRH
98.21,98.21,97.91,98.06,2231,2021-04-19 14:45:00,TXRH
98.02,98.315,97.99,98.31,1700,2021-04-19 14:50:00,TXRH
98.32,98.32,98.03,98.03,9161,2021-04-19 14:55:00,TXRH
98.31,98.41,98.14,98.18,1400,2021-04-19 15:00:00,TXRH
98.06,98.085,98.03,98.035,1086,2021-04-19 15:05:00,TXRH
98.06,98.38,98.06,98.34,2450,2021-04-19 15:10:00,TXRH
98.435,98.675,98.435,98.645,8083,2021-04-19 15:15:00,TXRH
98.54,98.54,98.38,98.4,700,2021-04-19 15:20:00,TXRH
98.38,98.5,98.34,98.34,1900,2021-04-19 15:25:00,TXRH
98.4,98.48,98.355,98.42,1400,2021-04-19 15:30:00,TXRH
98.38,98.44,98.28,98.33,1400,2021-04-19 15:35:00,TXRH
98.27,98.27,98.155,98.155,700,2021-04-19 15:40:00,TXRH
98.06,98.21,98.06,98.21,312,2021-04-19 15:45:00,TXRH
98.4,98.64,98.4,98.565,800,2021-04-19 15:50:00,TXRH
98.47,98.51,98.385,98.45,1000,2021-04-19 15:55:00,TXRH
98.45,98.52,98.24,98.2692,1454,2021-04-19 16:00:00,TXRH
98.24,98.38,98.17,98.31,14400,2021-04-19 16:05:00,TXRH
98.28,98.28,97.92,97.92,14569,2021-04-19 16:10:00,TXRH
98.01,98.12,97.95,98.06,1905,2021-04-19 16:15:00,TXRH
98.12,98.45,98.02,98.37,2200,2021-04-19 16:20:00,TXRH
98.45,98.45,98.2,98.225,1499,2021-04-19 16:25:00,TXRH
98.165,98.23,98.1,98.16,1566,2021-04-19 16:30:00,TXRH
98.15,98.15,98.15,98.15,200,2021-04-19 16:35:00,TXRH
98.09,98.09,97.96,98.045,1900,2021-04-19 16:40:00,TXRH
98.04,98.05,97.77,97.77,3122,2021-04-19 16:45:00,TXRH
97.89,97.91,97.74,97.74,1100,2021-04-19 16:50:00,TXRH
97.84,97.84,97.7,97.7935,1000,2021-04-19 16:55:00,TXRH
97.77,97.95,97.72,97.91,3754,2021-04-19 17:00:00,TXRH
97.94,98.1,97.92,97.98,4891,2021-04-19 17:05:00,TXRH
98.015,98.26,98.015,98.23,4754,2021-04-19 17:10:00,TXRH
98.33,98.4,98.22,98.295,2724,2021-04-19 17:15:00,TXRH
98.3,98.32,98.25,98.25,926,2021-04-19 17:20:00,TXRH
98.185,98.25,98.14,98.18,700,2021-04-19 17:25:00,TXRH
98.12,98.12,98.02,98.085,1950,2021-04-19 17:30:00,TXRH
98.09,98.35,98.09,98.21,8243,2021-04-19 17:35:00,TXRH
98.14,98.15,98.005,98.13,2000,2021-04-19 17:40:00,TXRH
98.06,98.1982,98.06,98.09,974,2021-04-19 17:45:00,TXRH
98.15,98.15,98.08,98.085,300,2021-04-19 17:50:00,TXRH
98.12,98.25,98.05,98.18,2400,2021-04-19 17:55:00,TXRH
98.15,98.15,98.095,98.135,600,2021-04-19 18:00:00,TXRH
98.16,98.16,97.92,97.975,2079,2021-04-19 18:05:00,TXRH
98.0,98.14,97.975,98.04,2371,2021-04-19 18:10:00,TXRH
98.09,98.14,97.95,97.95,3908,2021-04-19 18:15:00,TXRH
97.94,98.0,97.915,97.98,1400,2021-04-19 18:20:00,TXRH
98.02,98.06,97.96,98.06,1416,2021-04-19 18:25:00,TXRH
98.035,98.07,97.91,98.07,2400,2021-04-19 18:30:00,TXRH
98.01,98.02,97.87,97.95,1000,2021-04-19 18:35:00,TXRH
97.97,98.01,97.96,97.96,800,2021-04-19 18:40:00,TXRH
97.86,98.0,97.86,97.98,700,2021-04-19 18:45:00,TXRH
97.95,98.03,97.94,97.94,1010,2021-04-19 18:50:00,TXRH
98.02,98.07,98.01,98.05,1000,2021-04-19 18:55:00,TXRH
98.015,98.09,97.925,98.07,2301,2021-04-19 19:00:00,TXRH
98.01,98.1,98.01,98.09,701,2021-04-19 19:05:00,TXRH
98.06,98.14,98.05,98.08,1001,2021-04-19 19:10:00,TXRH
98.03,98.08,97.98,98.08,1400,2021-04-19 19:15:00,TXRH
98.01,98.01,97.83,97.95,1187,2021-04-19 19:20:00,TXRH
97.95,97.99,97.64,97.64,2552,2021-04-19 19:25:00,TXRH
97.64,97.7,97.57,97.7,2400,2021-04-19 19:30:00,TXRH
97.66,97.77,97.66,97.76,3124,2021-04-19 19:35:00,TXRH
97.76,97.89,97.76,97.805,2100,2021-04-19 19:40:00,TXRH
97.805,97.85,97.61,97.67,2907,2021-04-19 19:45:00,TXRH
97.6,97.8,97.5,97.8,19375,2021-04-19 19:50:00,TXRH
97.81,97.925,97.75,97.84,31227,2021-04-19 19:55:00,TXRH
97.83,97.83,97.83,97.83,66714,2021-04-19 20:00:00,TXRH
97.83,97.83,97.83,97.83,647,2021-04-20 12:20:00,TXRH
97.54,97.76,97.53,97.54,4880,2021-04-20 13:30:00,TXRH
97.86,98.03,97.31,97.31,3180,2021-04-20 13:35:00,TXRH
97.49,97.63,97.44,97.63,1000,2021-04-20 13:40:00,TXRH
97.3859,97.42,97.16,97.24,5172,2021-04-20 13:45:00,TXRH
97.01,97.01,96.595,96.8,1627,2021-04-20 13:55:00,TXRH
96.62,96.97,96.57,96.77,4600,2021-04-20 14:00:00,TXRH
96.865,96.98,96.75,96.755,500,2021-04-20 14:05:00,TXRH
96.755,96.86,96.57,96.61,3819,2021-04-20 14:10:00,TXRH
96.5,96.63,96.4,96.405,2996,2021-04-20 14:15:00,TXRH
96.42,96.53,96.36,96.36,700,2021-04-20 14:20:00,TXRH
96.52,96.52,96.08,96.08,1500,2021-04-20 14:25:00,TXRH
96.0,96.05,95.82,95.82,4245,2021-04-20 14:30:00,TXRH
95.75,95.75,95.27,95.28,25646,2021-04-20 14:35:00,TXRH
95.3,95.36,94.88,95.055,9666,2021-04-20 14:40:00,TXRH
95.06,95.15,95.0,95.03,5531,2021-04-20 14:45:00,TXRH
95.01,95.1,94.74,94.77,9483,2021-04-20 14:50:00,TXRH
94.7,95.0,94.7,94.98,8507,2021-04-20 14:55:00,TXRH
94.91,95.02,94.815,95.015,2300,2021-04-20 15:00:00,TXRH
95.08,95.1,94.94,94.99,6074,2021-04-20 15:05:00,TXRH
95.14,95.3,95.13,95.3,2916,2021-04-20 15:10:00,TXRH
95.29,95.33,95.02,95.05,2200,2021-04-20 15:15:00,TXRH
95.13,95.21,94.985,95.03,5015,2021-04-20 15:20:00,TXRH
95.08,95.33,95.07,95.33,2636,2021-04-20 15:25:00,TXRH
95.28,95.29,95.17,95.17,1500,2021-04-20 15:30:00,TXRH
95.04,95.08,94.66,94.75,2949,2021-04-20 15:35:00,TXRH
94.86,94.96,94.755,94.89,7091,2021-04-20 15:40:00,TXRH
94.89,94.99,94.86,94.965,4719,2021-04-20 15:45:00,TXRH
94.98,95.13,94.86,95.04,4728,2021-04-20 15:50:00,TXRH
95.17,95.36,95.16,95.32,2800,2021-04-20 15:55:00,TXRH
95.34,95.345,95.05,95.165,4548,2021-04-20 16:00:00,TXRH
95.18,95.435,95.18,95.41,4174,2021-04-20 16:05:00,TXRH
95.53,95.7,95.5,95.5847,11269,2021-04-20 16:10:00,TXRH
95.62,95.66,95.54,95.54,5900,2021-04-20 16:15:00,TXRH
95.53,95.67,95.52,95.6,3302,2021-04-20 16:20:00,TXRH
95.62,95.705,95.62,95.665,3100,2021-04-20 16:25:00,TXRH
95.7,95.775,95.61,95.61,3503,2021-04-20 16:30:00,TXRH
95.6,95.62,95.48,95.62,2800,2021-04-20 16:35:00,TXRH
95.655,95.655,95.4,95.4,2400,2021-04-20 16:40:00,TXRH
95.44,95.545,95.385,95.5,3649,2021-04-20 16:45:00,TXRH
95.5,95.66,95.3,95.3,5008,2021-04-20 16:50:00,TXRH
95.39,95.64,95.39,95.635,1705,2021-04-20 16:55:00,TXRH
95.635,95.635,95.49,95.55,3287,2021-04-20 17:00:00,TXRH
95.5,95.58,95.48,95.58,2100,2021-04-20 17:05:00,TXRH
95.6,95.64,95.51,95.61,3148,2021-04-20 17:10:00,TXRH
95.57,95.6575,95.52,95.635,2638,2021-04-20 17:15:00,TXRH
95.635,95.635,95.44,95.44,7828,2021-04-20 17:20:00,TXRH
95.51,95.52,95.43,95.52,1200,2021-04-20 17:25:00,TXRH
95.54,95.54,95.42,95.43,2343,2021-04-20 17:30:00,TXRH
95.47,95.53,95.43,95.51,2505,2021-04-20 17:35:00,TXRH
95.44,95.49,95.32,95.32,2600,2021-04-20 17:40:00,TXRH
95.28,95.415,95.26,95.415,6200,2021-04-20 17:45:00,TXRH
95.415,95.42,95.35,95.37,2622,2021-04-20 17:50:00,TXRH
95.38,95.58,95.365,95.54,4241,2021-04-20 17:55:00,TXRH
95.53,95.58,95.5,95.53,1500,2021-04-20 18:00:00,TXRH
95.54,95.67,95.49,95.67,4347,2021-04-20 18:05:00,TXRH
95.69,95.715,95.58,95.71,22854,2021-04-20 18:10:00,TXRH
95.7,96.06,95.7,95.96,8178,2021-04-20 18:15:00,TXRH
95.95,95.99,95.85,95.87,1900,2021-04-20 18:20:00,TXRH
95.78,95.82,95.76,95.8,2082,2021-04-20 18:25:00,TXRH
95.8,95.8401,95.77,95.83,4312,2021-04-20 18:30:00,TXRH
95.855,95.855,95.74,95.83,2700,2021-04-20 18:35:00,TXRH
95.84,95.84,95.73,95.795,3400,2021-04-20 18:40:00,TXRH
95.83,96.06,95.83,96.03,5500,2021-04-20 18:45:00,TXRH
96.01,96.11,95.8,95.9,9701,2021-04-20 18:50:00,TXRH
95.88,95.99,95.77,95.85,6226,2021-04-20 18:55:00,TXRH
95.97,96.45,95.97,96.34,21500,2021-04-20 19:00:00,TXRH
96.34,96.58,96.28,96.57,8473,2021-04-20 19:05:00,TXRH
96.56,96.575,96.49,96.56,3100,2021-04-20 19:10:00,TXRH
96.525,96.61,96.415,96.46,5314,2021-04-20 19:15:00,TXRH
96.525,96.525,96.35,96.42,2185,2021-04-20 19:20:00,TXRH
96.445,96.72,96.44,96.68,3499,2021-04-20 19:25:00,TXRH
96.68,96.82,96.56,96.82,4000,2021-04-20 19:30:00,TXRH
96.82,96.94,96.72,96.92,7916,2021-04-20 19:35:00,TXRH
96.93,97.26,96.93,97.26,12450,2021-04-20 19:40:00,TXRH
97.24,97.29,96.86,97.16,13518,2021-04-20 19:45:00,TXRH
97.085,97.33,97.085,97.305,15200,2021-04-20 19:50:00,TXRH
97.29,97.29,97.02,97.02,20298,2021-04-20 19:55:00,TXRH
97.15,97.15,97.15,97.15,53252,2021-04-20 20:00:00,TXRH
97.15,97.15,97.15,97.15,6234,2021-04-21 12:50:00,TXRH
97.05,97.165,96.27,96.61,4757,2021-04-21 13:30:00,TXRH
96.76,97.08,96.76,96.78,714,2021-04-21 13:35:00,TXRH
97.49,97.85,97.4,97.85,2610,2021-04-21 13:40:00,TXRH
97.47,97.47,97.28,97.295,900,2021-04-21 13:45:00,TXRH
97.43,97.43,97.25,97.39,300,2021-04-21 13:50:00,TXRH
97.055,97.35,97.055,97.35,900,2021-04-21 13:55:00,TXRH
97.44,97.69,97.44,97.525,1200,2021-04-21 14:00:00,TXRH
97.68,97.765,97.37,97.68,2000,2021-04-21 14:05:00,TXRH
97.56,97.69,97.56,97.68,400,2021-04-21 14:10:00,TXRH
97.46,97.59,97.46,97.59,500,2021-04-21 14:15:00,TXRH
97.59,97.89,97.59,97.73,2000,2021-04-21 14:20:00,TXRH
97.87,97.96,97.72,97.95,4840,2021-04-21 14:25:00,TXRH
97.98,98.15,97.852,97.98,7347,2021-04-21 14:30:00,TXRH
98.22,98.27,98.22,98.22,1000,2021-04-21 14:35:00,TXRH
98.38,98.655,98.38,98.59,3074,2021-04-21 14:40:00,TXRH
98.55,98.69,98.48,98.48,6460,2021-04-21 14:45:00,TXRH
98.55,98.6,98.46,98.54,5388,2021-04-21 14:50:00,TXRH
98.555,98.615,98.395,98.48,4720,2021-04-21 14:55:00,TXRH
98.48,98.48,98.33,98.455,2200,2021-04-21 15:00:00,TXRH
98.62,98.645,98.23,98.23,5600,2021-04-21 15:05:00,TXRH
98.31,98.37,98.18,98.37,2424,2021-04-21 15:10:00,TXRH
98.34,98.47,98.29,98.29,3890,2021-04-21 15:15:00,TXRH
98.29,98.45,97.9,97.9,6261,2021-04-21 15:20:00,TXRH
97.9,98.04,97.88,97.91,4200,2021-04-21 15:25:00,TXRH
97.88,98.03,97.81,97.95,4442,2021-04-21 15:30:00,TXRH
98.0,98.04,97.85,98.015,2900,2021-04-21 15:35:00,TXRH
98.02,98.21,98.01,98.21,4864,2021-04-21 15:40:00,TXRH
98.2,98.23,98.12,98.17,5216,2021-04-21 15:45:00,TXRH
98.13,98.22,98.12,98.2,1767,2021-04-21 15:50:00,TXRH
98.22,98.32,98.22,98.31,4659,2021-04-21 15:55:00,TXRH
98.31,98.315,98.15,98.17,4740,2021-04-21 16:00:00,TXRH
98.1,98.1,97.97,97.97,900,2021-04-21 16:05:00,TXRH
97.95,98.12,97.95,98.025,2521,2021-04-21 16:10:00,TXRH
98.04,98.06,97.98,98.005,3116,2021-04-21 16:15:00,TXRH
97.925,98.05,97.92,97.97,1950,2021-04-21 16:20:00,TXRH
97.96,97.96,97.81,97.81,2700,2021-04-21 16:25:00,TXRH
97.82,97.87,97.75,97.82,2274,2021-04-21 16:30:00,TXRH
97.82,98.05,97.82,98.05,1100,2021-04-21 16:35:00,TXRH
98.02,98.14,98.02,98.14,1700,2021-04-21 16:40:00,TXRH
98.11,98.25,98.09,98.17,3702,2021-04-21 16:45:00,TXRH
98.18,98.2,98.11,98.12,2000,2021-04-21 16:50:00,TXRH
98.1,98.1,98.09,98.09,500,2021-04-21 16:55:00,TXRH
98.02,98.05,97.985,97.985,2200,2021-04-21 17:00:00,TXRH
97.97,98.17,97.97,98.17,816,2021-04-21 17:05:00,TXRH
98.18,98.27,98.18,98.22,2943,2021-04-21 17:10:00,TXRH
98.22,98.4,98.15,98.4,2805,2021-04-21 17:15:00,TXRH
98.38,98.39,98.31,98.36,2000,2021-04-21 17:20:00,TXRH
98.315,98.315,98.25,98.25,1500,2021-04-21 17:25:00,TXRH
98.24,98.2758,98.24,98.2758,1474,2021-04-21 17:30:00,TXRH
98.235,98.44,98.235,98.43,1600,2021-04-21 17:35:00,TXRH
98.48,98.69,98.48,98.53,5300,2021-04-21 17:40:00,TXRH
98.53,98.7,98.5,98.7,1400,2021-04-21 17:45:00,TXRH
98.66,98.86,98.66,98.82,2000,2021-04-21 17:50:00,TXRH
98.79,98.83,98.63,98.65,3744,2021-04-21 17:55:00,TXRH
98.71,98.74,98.58,98.61,1788,2021-04-21 18:00:00,TXRH
98.63,98.63,98.51,98.56,1500,2021-04-21 18:05:00,TXRH
98.525,98.55,98.46,98.46,2700,2021-04-21 18:10:00,TXRH
98.46,98.52,98.46,98.52,2000,2021-04-21 18:15:00,TXRH
98.53,98.59,98.47,98.5,2700,2021-04-21 18:20:00,TXRH
98.56,98.65,98.56,98.6,2400,2021-04-21 18:25:00,TXRH
98.65,98.65,98.57,98.635,3590,2021-04-21 18:30:00,TXRH
98.61,98.75,98.61,98.67,4100,2021-04-21 18:35:00,TXRH
98.67,98.68,98.6,98.68,3500,2021-04-21 18:40:00,TXRH
98.62,98.69,98.52,98.52,3700,2021-04-21 18:45:00,TXRH
98.505,98.56,98.4,98.56,3000,2021-04-21 18:50:00,TXRH
98.54,98.605,98.54,98.6,800,2021-04-21 18:55:00,TXRH
98.66,98.67,98.64,98.65,1000,2021-04-21 19:00:00,TXRH
98.65,98.71,98.61,98.71,4600,2021-04-21 19:05:00,TXRH
98.69,98.76,98.67,98.7,3937,2021-04-21 19:10:00,TXRH
98.72,98.78,98.66,98.78,2862,2021-04-21 19:15:00,TXRH
98.71,98.75,98.69,98.7,3477,2021-04-21 19:20:00,TXRH
98.68,98.77,98.58,98.58,5100,2021-04-21 19:25:00,TXRH
98.67,98.98,98.67,98.98,8958,2021-04-21 19:30:00,TXRH
98.92,98.98,98.78,98.78,5700,2021-04-21 19:35:00,TXRH
98.745,98.75,98.64,98.675,4400,2021-04-21 19:40:00,TXRH
98.658,98.91,98.658,98.9,5402,2021-04-21 19:45:00,TXRH
98.86,98.9,98.66,98.8,16300,2021-04-21 19:50:00,TXRH
98.68,98.76,98.44,98.73,32030,2021-04-21 19:55:00,TXRH
98.69,98.69,98.69,98.69,76808,2021-04-21 20:00:00,TXRH
98.45,99.2499,98.28,99.2499,3577,2021-04-22 13:30:00,TXRH
99.18,99.18,99.18,99.18,200,2021-04-22 13:35:00,TXRH
98.93,99.45,98.92,99.1,11675,2021-04-22 13:40:00,TXRH
99.34,99.34,99.34,99.34,100,2021-04-22 13:45:00,TXRH
99.28,99.28,98.51,98.5755,625,2021-04-22 13:50:00,TXRH
98.55,99.18,98.55,99.05,2754,2021-04-22 13:55:00,TXRH
98.9,98.9,98.74,98.78,800,2021-04-22 14:00:00,TXRH
98.95,99.14,98.95,99.14,400,2021-04-22 14:05:00,TXRH
99.05,99.45,99.05,99.25,2004,2021-04-22 14:10:00,TXRH
99.435,99.45,99.1,99.195,4255,2021-04-22 14:15:00,TXRH
99.195,99.32,99.105,99.28,1414,2021-04-22 14:20:00,TXRH
99.15,99.32,99.03,99.25,4028,2021-04-22 14:25:00,TXRH
99.39,99.6,99.385,99.6,1400,2021-04-22 14:30:00,TXRH
99.54,99.67,99.39,99.41,2300,2021-04-22 14:35:00,TXRH
99.37,99.69,99.37,99.69,500,2021-04-22 14:40:00,TXRH
99.45,99.55,99.39,99.55,5529,2021-04-22 14:45:00,TXRH
99.535,99.575,99.48,99.512,1865,2021-04-22 14:50:00,TXRH
99.4,99.5,99.36,99.5,1875,2021-04-22 14:55:00,TXRH
99.5,99.69,99.465,99.465,1800,2021-04-22 15:00:00,TXRH
99.41,99.53,99.39,99.47,2600,2021-04-22 15:05:00,TXRH
99.445,99.68,99.445,99.68,1145,2021-04-22 15:10:00,TXRH
99.74,99.86,99.74,99.86,900,2021-04-22 15:15:00,TXRH
99.85,99.915,99.82,99.864,2642,2021-04-22 15:20:00,TXRH
99.91,99.94,99.73,99.73,4932,2021-04-22 15:25:00,TXRH
99.77,100.15,99.77,100.15,4414,2021-04-22 15:30:00,TXRH
100.07,100.08,100.0279,100.0755,700,2021-04-22 15:35:00,TXRH
100.09,100.12,100.0,100.12,1264,2021-04-22 15:40:00,TXRH
100.1001,100.21,100.0,100.01,1600,2021-04-22 15:45:00,TXRH
99.93,100.03,99.93,100.01,1300,2021-04-22 15:50:00,TXRH
100.01,100.09,99.98,100.085,500,2021-04-22 15:55:00,TXRH
99.99,100.02,99.87,99.87,3000,2021-04-22 16:00:00,TXRH
99.9,99.905,99.81,99.82,1700,2021-04-22 16:05:00,TXRH
99.8,99.98,99.63,99.82,4450,2021-04-22 16:10:00,TXRH
99.82,100.09,99.82,100.09,2508,2021-04-22 16:15:00,TXRH
100.05,100.15,100.05,100.08,2960,2021-04-22 16:20:00,TXRH
100.1,100.29,100.1,100.2,3155,2021-04-22 16:25:00,TXRH
100.15,100.37,100.15,100.37,1200,2021-04-22 16:30:00,TXRH
100.32,100.33,100.23,100.23,1450,2021-04-22 16:35:00,TXRH
100.14,100.25,100.14,100.24,1300,2021-04-22 16:40:00,TXRH
100.21,100.32,100.21,100.32,709,2021-04-22 16:45:00,TXRH
100.43,100.55,100.43,100.45,2812,2021-04-22 16:50:00,TXRH
100.43,100.5,100.41,100.431,2300,2021-04-22 16:55:00,TXRH
100.44,100.56,100.42,100.54,2122,2021-04-22 17:00:00,TXRH
100.58,100.65,99.93,100.05,5773,2021-04-22 17:05:00,TXRH
99.915,99.98,99.56,99.93,2600,2021-04-22 17:10:00,TXRH
99.97,100.25,99.82,99.82,23642,2021-04-22 17:15:00,TXRH
99.83,100.64,99.83,100.44,3184,2021-04-22 17:20:00,TXRH
100.45,100.99,100.43,100.99,2700,2021-04-22 17:25:00,TXRH
100.86,101.2463,100.77,101.2463,5263,2021-04-22 17:30:00,TXRH
101.085,101.11,100.66,100.86,8101,2021-04-22 17:35:00,TXRH
100.61,100.72,100.49,100.49,3686,2021-04-22 17:40:00,TXRH
100.59,100.79,100.3,100.33,8906,2021-04-22 17:45:00,TXRH
100.27,100.42,100.2084,100.22,3034,2021-04-22 17:50:00,TXRH
100.25,100.37,100.18,100.33,3396,2021-04-22 17:55:00,TXRH
100.16,100.16,99.845,99.95,3037,2021-04-22 18:00:00,TXRH
99.86,100.53,99.79,100.53,4271,2021-04-22 18:05:00,TXRH
100.25,100.67,100.24,100.55,3569,2021-04-22 18:10:00,TXRH
100.52,100.74,100.47,100.74,4456,2021-04-22 18:15:00,TXRH
100.79,100.84,100.65,100.79,1400,2021-04-22 18:20:00,TXRH
100.76,101.0,100.65,101.0,1766,2021-04-22 18:25:00,TXRH
101.04,101.08,100.925,100.98,4170,2021-04-22 18:30:00,TXRH
100.9,100.97,100.865,100.97,2120,2021-04-22 18:35:00,TXRH
101.1,101.15,100.945,100.945,4328,2021-04-22 18:40:00,TXRH
101.02,101.04,100.82,100.84,4891,2021-04-22 18:45:00,TXRH
100.83,101.0,100.74,101.0,3175,2021-04-22 18:50:00,TXRH
101.03,101.18,100.9,101.08,3954,2021-04-22 18:55:00,TXRH
101.07,101.3,101.07,101.15,4605,2021-04-22 19:00:00,TXRH
101.08,101.1,100.54,100.7,4886,2021-04-22 19:05:00,TXRH
100.635,100.77,100.635,100.77,3916,2021-04-22 19:10:00,TXRH
100.73,100.73,100.57,100.6425,4597,2021-04-22 19:15:00,TXRH
100.63,100.73,100.54,100.61,3800,2021-04-22 19:20:00,TXRH
100.6,100.94,100.6,100.94,5917,2021-04-22 19:25:00,TXRH
100.895,101.18,100.895,101.0,5617,2021-04-22 19:30:00,TXRH
100.98,101.06,100.94,100.97,10142,2021-04-22 19:35:00,TXRH
100.975,101.19,100.975,101.06,12037,2021-04-22 19:40:00,TXRH
101.11,101.39,101.01,101.12,10804,2021-04-22 19:45:00,TXRH
101.07,101.3199,100.96,101.01,19886,2021-04-22 19:50:00,TXRH
101.015,101.21,100.87,100.89,36423,2021-04-22 19:55:00,TXRH
100.89,100.89,100.89,100.89,62721,2021-04-22 20:00:00,TXRH
101.9,101.9,100.18,100.26,7164,2021-04-23 13:30:00,TXRH
99.94,100.645,99.94,100.44,3254,2021-04-23 13:35:00,TXRH
100.02,100.34,99.92,100.27,1400,2021-04-23 13:40:00,TXRH
100.19,100.21,100.07,100.08,952,2021-04-23 13:45:00,TXRH
100.02,100.125,100.02,100.125,400,2021-04-23 13:50:00,TXRH
100.0,100.28,99.83,99.89,3893,2021-04-23 13:55:00,TXRH
100.02,100.02,99.62,99.715,4561,2021-04-23 14:00:00,TXRH
99.7,99.76,99.49,99.57,5301,2021-04-23 14:05:00,TXRH
99.533,99.745,99.48,99.605,3248,2021-04-23 14:10:00,TXRH
99.46,99.6,99.1,99.185,2685,2021-04-23 14:15:00,TXRH
99.14,99.25,98.75,99.01,25009,2021-04-23 14:20:00,TXRH
98.985,99.01,98.69,98.84,6276,2021-04-23 14:25:00,TXRH
98.83,98.93,98.74,98.83,14618,2021-04-23 14:30:00,TXRH
98.89,99.23,98.81,99.1199,20501,2021-04-23 14:35:00,TXRH
99.02,99.1,98.85,98.86,7367,2021-04-23 14:40:00,TXRH
98.9,99.41,98.9,98.98,155038,2021-04-23 14:45:00,TXRH
98.95,98.95,98.47,98.71,23178,2021-04-23 14:50:00,TXRH
98.7,99.47,98.7,99.47,4143,2021-04-23 14:55:00,TXRH
99.47,100.1,99.47,100.09,2477,2021-04-23 15:00:00,TXRH
100.08,100.08,99.71,99.74,800,2021-04-23 15:05:00,TXRH
99.74,100.01,99.64,99.73,2500,2021-04-23 15:10:00,TXRH
99.76,99.95,99.725,99.85,3274,2021-04-23 15:15:00,TXRH
100.01,100.06,99.85,99.85,4534,2021-04-23 15:20:00,TXRH
99.8725,99.96,99.65,99.705,18794,2021-04-23 15:25:00,TXRH
99.64,99.79,99.51,99.79,3100,2021-04-23 15:30:00,TXRH
99.84,99.84,99.755,99.81,517,2021-04-23 15:35:00,TXRH
99.81,99.94,99.76,99.9,1800,2021-04-23 15:40:00,TXRH
99.99,100.09,99.99,100.085,701,2021-04-23 15:45:00,TXRH
100.04,100.04,99.98,100.01,901,2021-04-23 15:50:00,TXRH
100.07,100.07,100.01,100.02,1400,2021-04-23 15:55:00,TXRH
100.03,100.03,99.9,99.94,1003,2021-04-23 16:00:00,TXRH
100.05,100.25,100.05,100.14,800,2021-04-23 16:05:00,TXRH
100.11,100.22,100.08,100.11,1395,2021-04-23 16:10:00,TXRH
100.09,100.34,100.09,100.34,1325,2021-04-23 16:15:00,TXRH
100.39,100.46,100.29,100.3,1664,2021-04-23 16:20:00,TXRH
100.28,100.28,100.11,100.11,700,2021-04-23 16:25:00,TXRH
100.2,100.27,100.13,100.15,1821,2021-04-23 16:30:00,TXRH
100.075,100.075,99.935,100.06,1300,2021-04-23 16:35:00,TXRH
100.06,100.17,100.06,100.17,1100,2021-04-23 16:40:00,TXRH
100.16,100.185,99.98,100.11,1327,2021-04-23 16:45:00,TXRH
100.165,100.165,100.05,100.08,604,2021-04-23 16:50:00,TXRH
99.99,100.12,99.96,99.96,1400,2021-04-23 16:55:00,TXRH
100.1,100.12,100.03,100.03,1305,2021-04-23 17:00:00,TXRH
100.065,100.21,100.065,100.21,600,2021-04-23 17:05:00,TXRH
100.21,100.29,100.21,100.23,906,2021-04-23 17:10:00,TXRH
100.155,100.27,100.155,100.25,1337,2021-04-23 17:15:00,TXRH
100.27,100.4,100.27,100.35,1600,2021-04-23 17:20:00,TXRH
100.39,100.47,100.385,100.47,1008,2021-04-23 17:25:00,TXRH
100.53,100.59,100.53,100.54,600,2021-04-23 17:30:00,TXRH
100.51,100.58,100.5,100.56,1000,2021-04-23 17:35:00,TXRH
100.58,100.58,100.51,100.51,847,2021-04-23 17:40:00,TXRH
100.52,100.52,100.46,100.48,700,2021-04-23 17:45:00,TXRH
100.47,100.47,100.32,100.42,3842,2021-04-23 17:50:00,TXRH
100.4,100.53,100.4,100.53,703,2021-04-23 17:55:00,TXRH
100.52,100.68,100.52,100.56,1650,2021-04-23 18:00:00,TXRH
100.63,100.77,100.61,100.77,757,2021-04-23 18:05:00,TXRH
100.73,100.77,100.69,100.72,1450,2021-04-23 18:10:00,TXRH
100.69,100.69,100.49,100.52,1000,2021-04-23 18:15:00,TXRH
100.63,100.76,100.6,100.71,2041,2021-04-23 18:20:00,TXRH
100.65,100.76,100.65,100.71,700,2021-04-23 18:25:00,TXRH
100.75,100.75,100.63,100.72,2150,2021-04-23 18:30:00,TXRH
100.78,100.78,100.68,100.68,2200,2021-04-23 18:35:00,TXRH
100.71,100.71,100.61,100.61,302,2021-04-23 18:40:00,TXRH
100.69,100.79,100.69,100.79,400,2021-04-23 18:45:00,TXRH
100.85,100.85,100.66,100.71,853,2021-04-23 18:50:00,TXRH
100.7,100.76,100.69,100.76,600,2021-04-23 18:55:00,TXRH
100.79,100.81,100.58,100.6,1715,2021-04-23 19:00:00,TXRH
100.61,100.69,100.61,100.665,1827,2021-04-23 19:05:00,TXRH
100.69,100.71,100.63,100.665,1555,2021-04-23 19:10:00,TXRH
100.67,100.83,100.67,100.765,1450,2021-04-23 19:15:00,TXRH
100.79,100.86,100.79,100.85,1900,2021-04-23 19:20:00,TXRH
100.83,100.93,100.8,100.85,4256,2021-04-23 19:25:00,TXRH
100.865,100.885,100.785,100.79,3010,2021-04-23 19:30:00,TXRH
100.81,100.83,100.75,100.75,2900,2021-04-23 19:35:00,TXRH
100.73,100.73,100.586,100.64,5375,2021-04-23 19:40:00,TXRH
100.615,100.74,100.58,100.67,7313,2021-04-23 19:45:00,TXRH
100.7,100.795,100.595,100.69,21619,2021-04-23 19:50:00,TXRH
100.68,100.68,100.31,100.36,36869,2021-04-23 19:55:00,TXRH
100.4,100.4,100.36,100.36,56331,2021-04-23 20:00:00,TXRH
100.36,100.36,100.36,100.36,43817,2021-04-26 12:30:00,TXRH
101.19,101.3,100.865,101.3,6112,2021-04-26 13:30:00,TXRH
101.44,101.7094,101.41,101.7094,1081,2021-04-26 13:35:00,TXRH
101.67,101.73,101.23,101.365,3300,2021-04-26 13:40:00,TXRH
101.61,101.74,101.47,101.55,2300,2021-04-26 13:45:00,TXRH
101.46,101.48,100.53,100.81,2740,2021-04-26 13:50:00,TXRH
101.125,101.31,101.125,101.31,200,2021-04-26 13:55:00,TXRH
101.1,101.42,100.98,101.42,1100,2021-04-26 14:00:00,TXRH
101.4699,101.4699,101.4699,101.4699,500,2021-04-26 14:05:00,TXRH
101.34,101.385,101.1,101.125,3000,2021-04-26 14:10:00,TXRH
101.12,101.12,100.46,100.46,2650,2021-04-26 14:15:00,TXRH
100.52,100.88,100.29,100.88,4187,2021-04-26 14:20:00,TXRH
100.88,101.13,100.88,101.035,2673,2021-04-26 14:25:00,TXRH
101.03,101.11,100.82,100.93,3120,2021-04-26 14:30:00,TXRH
100.95,101.02,100.78,100.85,7068,2021-04-26 14:35:00,TXRH
100.66,100.795,100.555,100.61,3619,2021-04-26 14:40:00,TXRH
100.61,100.83,100.61,100.83,2199,2021-04-26 14:45:00,TXRH
100.86,100.87,100.67,100.84,1900,2021-04-26 14:50:00,TXRH
100.8,100.89,100.75,100.89,2017,2021-04-26 14:55:00,TXRH
100.97,100.97,100.79,100.855,6608,2021-04-26 15:00:00,TXRH
100.81,100.87,100.72,100.72,2600,2021-04-26 15:05:00,TXRH
100.73,100.78,100.63,100.78,2000,2021-04-26 15:10:00,TXRH
100.72,100.72,100.48,100.5,2317,2021-04-26 15:15:00,TXRH
100.4601,100.57,100.245,100.3,2800,2021-04-26 15:20:00,TXRH
100.31,100.42,100.29,100.38,4560,2021-04-26 15:25:00,TXRH
100.38,100.385,100.11,100.11,5260,2021-04-26 15:30:00,TXRH
100.22,100.275,100.18,100.21,3405,2021-04-26 15:35:00,TXRH
100.22,100.28,100.185,100.185,3800,2021-04-26 15:40:00,TXRH
100.185,100.19,100.06,100.105,3597,2021-04-26 15:45:00,TXRH
100.095,100.35,100.095,100.35,2945,2021-04-26 15:50:00,TXRH
100.36,100.55,100.28,100.52,1500,2021-04-26 15:55:00,TXRH
100.415,100.51,100.335,100.51,700,2021-04-26 16:00:00,TXRH
100.51,100.51,100.26,100.28,2200,2021-04-26 16:05:00,TXRH
100.16,100.16,100.04,100.08,3110,2021-04-26 16:10:00,TXRH
100.08,100.21,99.99,100.21,4300,2021-04-26 16:15:00,TXRH
100.23,100.31,100.21,100.28,1400,2021-04-26 16:20:00,TXRH
100.295,100.45,100.295,100.36,1708,2021-04-26 16:25:00,TXRH
100.45,100.45,100.285,100.3,2147,2021-04-26 16:30:00,TXRH
100.28,100.35,100.275,100.35,1300,2021-04-26 16:35:00,TXRH
100.38,100.43,100.31,100.375,1637,2021-04-26 16:40:00,TXRH
100.41,100.43,100.24,100.255,2625,2021-04-26 16:45:00,TXRH
100.34,100.38,100.33,100.38,1023,2021-04-26 16:50:00,TXRH
100.32,100.415,100.27,100.415,1100,2021-04-26 16:55:00,TXRH
100.38,100.48,100.35,100.375,8637,2021-04-26 17:00:00,TXRH
100.42,100.73,100.42,100.635,1310,2021-04-26 17:05:00,TXRH
100.63,100.77,100.63,100.77,9100,2021-04-26 17:10:00,TXRH
100.78,100.87,100.7,100.805,2400,2021-04-26 17:15:00,TXRH
100.76,100.85,100.75,100.8,2383,2021-04-26 17:20:00,TXRH
100.85,100.95,100.83,100.925,3041,2021-04-26 17:25:00,TXRH
100.88,100.91,100.82,100.89,930,2021-04-26 17:30:00,TXRH
100.87,100.9,100.84,100.84,920,2021-04-26 17:35:00,TXRH
100.82,100.97,100.78,100.97,2705,2021-04-26 17:40:00,TXRH
100.85,100.9,100.73,100.73,1314,2021-04-26 17:45:00,TXRH
100.8,100.82,100.78,100.81,682,2021-04-26 17:50:00,TXRH
100.86,100.89,100.73,100.73,1239,2021-04-26 17:55:00,TXRH
100.8,100.84,100.76,100.84,1000,2021-04-26 18:00:00,TXRH
100.81,100.81,100.64,100.665,2001,2021-04-26 18:05:00,TXRH
100.68,100.69,100.54,100.55,600,2021-04-26 18:10:00,TXRH
100.43,100.43,99.9,100.24,75513,2021-04-26 18:15:00,TXRH
100.24,100.3,100.195,100.2,4700,2021-04-26 18:20:00,TXRH
100.25,100.25,99.99,100.16,8986,2021-04-26 18:25:00,TXRH
100.23,100.24,100.09,100.135,4082,2021-04-26 18:30:00,TXRH
100.14,100.15,99.815,99.91,14811,2021-04-26 18:35:00,TXRH
99.95,100.2,99.815,100.1,12338,2021-04-26 18:40:00,TXRH
100.13,100.19,100.06,100.155,2400,2021-04-26 18:45:00,TXRH
100.11,100.14,100.01,100.03,5848,2021-04-26 18:50:00,TXRH
100.03,100.15,99.98,100.13,13303,2021-04-26 18:55:00,TXRH
100.13,100.15,100.01,100.05,7746,2021-04-26 19:00:00,TXRH
100.03,100.1,99.98,100.0,6219,2021-04-26 19:05:00,TXRH
100.03,100.14,100.03,100.08,5912,2021-04-26 19:10:00,TXRH
100.11,100.11,99.99,100.04,7634,2021-04-26 19:15:00,TXRH
100.09,100.19,99.98,100.07,13536,2021-04-26 19:20:00,TXRH
100.025,100.09,99.5,99.555,15000,2021-04-26 19:25:00,TXRH
99.49,99.81,99.41,99.8,7564,2021-04-26 19:30:00,TXRH
99.765,100.025,99.73,99.855,8420,2021-04-26 19:35:00,TXRH
99.86,100.0,99.85,99.93,9864,2021-04-26 19:40:00,TXRH
99.915,100.1,99.88,99.99,16144,2021-04-26 19:45:00,TXRH
99.93,100.05,99.81,99.99,26376,2021-04-26 19:50:00,TXRH
99.99,100.09,99.77,99.79,31429,2021-04-26 19:55:00,TXRH
99.84,99.84,99.84,99.84,37207,2021-04-26 20:00:00,TXRH
98.25,98.25,98.25,98.25,100,2021-04-27 11:50:00,TXRH
98.96,99.53,98.53,99.01,66071,2021-04-27 13:30:00,TXRH
99.02,99.18,98.8,98.85,28526,2021-04-27 13:35:00,TXRH
99.06,99.12,98.73,99.0,18513,2021-04-27 13:40:00,TXRH
99.01,99.27,98.85,99.27,23186,2021-04-27 13:45:00,TXRH
99.27,100.24,99.25,100.24,27765,2021-04-27 13:50:00,TXRH
100.07,100.13,99.67,99.76,11007,2021-04-27 13:55:00,TXRH
99.87,100.75,99.82,100.31,13010,2021-04-27 14:00:00,TXRH
100.3,100.48,100.05,100.19,6206,2021-04-27 14:05:00,TXRH
100.09,100.26,99.89,100.26,8310,2021-04-27 14:10:00,TXRH
100.14,100.15,99.97,100.02,3227,2021-04-27 14:15:00,TXRH
99.98,100.33,99.98,100.27,3884,2021-04-27 14:20:00,TXRH
100.27,100.35,99.965,100.06,5564,2021-04-27 14:25:00,TXRH
100.15,100.37,100.1,100.27,6193,2021-04-27 14:30:00,TXRH
100.285,100.285,100.025,100.08,3600,2021-04-27 14:35:00,TXRH
100.31,100.61,100.255,100.61,5300,2021-04-27 14:40:00,TXRH
100.51,100.81,100.47,100.71,5818,2021-04-27 14:45:00,TXRH
100.735,100.79,100.53,100.54,4200,2021-04-27 14:50:00,TXRH
100.58,100.6,100.27,100.305,4999,2021-04-27 14:55:00,TXRH
100.33,100.62,100.33,100.58,5650,2021-04-27 15:00:00,TXRH
100.68,100.68,100.28,100.3,5754,2021-04-27 15:05:00,TXRH
100.32,100.4975,100.32,100.475,4000,2021-04-27 15:10:00,TXRH
100.5,100.75,100.45,100.67,3600,2021-04-27 15:15:00,TXRH
100.67,101.08,100.67,101.045,7894,2021-04-27 15:20:00,TXRH
100.98,101.02,100.775,100.805,4818,2021-04-27 15:25:00,TXRH
100.815,100.82,100.54,100.62,7327,2021-04-27 15:30:00,TXRH
100.58,100.58,100.46,100.51,1795,2021-04-27 15:35:00,TXRH
100.48,100.48,100.31,100.37,5777,2021-04-27 15:40:00,TXRH
100.34,100.49,100.3025,100.35,1784,2021-04-27 15:45:00,TXRH
100.325,100.325,100.17,100.31,1804,2021-04-27 15:50:00,TXRH
100.305,100.51,100.29,100.485,4515,2021-04-27 15:55:00,TXRH
100.55,100.61,100.43,100.45,5032,2021-04-27 16:00:00,TXRH
100.405,100.505,100.405,100.505,1800,2021-04-27 16:05:00,TXRH
100.46,100.49,100.39,100.41,3005,2021-04-27 16:10:00,TXRH
100.43,100.54,100.43,100.49,3500,2021-04-27 16:15:00,TXRH
100.5,100.7,100.5,100.69,3700,2021-04-27 16:20:00,TXRH
100.735,100.77,100.65,100.77,2400,2021-04-27 16:25:00,TXRH
100.73,100.73,100.53,100.6,4155,2021-04-27 16:30:00,TXRH
100.52,100.61,100.51,100.545,3104,2021-04-27 16:35:00,TXRH
100.49,100.555,100.32,100.44,4786,2021-04-27 16:40:00,TXRH
100.38,100.42,100.26,100.34,3658,2021-04-27 16:45:00,TXRH
100.31,100.31,99.97,99.99,2757,2021-04-27 16:50:00,TXRH
100.01,100.17,100.01,100.05,4100,2021-04-27 16:55:00,TXRH
99.95,100.22,99.92,100.16,4141,2021-04-27 17:00:00,TXRH
100.2,100.36,100.2,100.305,3000,2021-04-27 17:05:00,TXRH
100.31,100.36,100.18,100.23,3114,2021-04-27 17:10:00,TXRH
100.2,100.38,100.19,100.38,3700,2021-04-27 17:15:00,TXRH
100.39,100.57,100.385,100.41,3941,2021-04-27 17:20:00,TXRH
100.36,100.46,100.33,100.46,2965,2021-04-27 17:25:00,TXRH
100.46,100.53,100.41,100.47,2648,2021-04-27 17:30:00,TXRH
100.47,100.61,100.47,100.56,2600,2021-04-27 17:35:00,TXRH
100.57,100.72,100.57,100.67,3894,2021-04-27 17:40:00,TXRH
100.67,100.69,100.55,100.69,3855,2021-04-27 17:45:00,TXRH
100.69,100.74,100.59,100.73,3027,2021-04-27 17:50:00,TXRH
100.71,100.84,100.66,100.75,4884,2021-04-27 17:55:00,TXRH
100.75,100.75,100.6,100.6,5922,2021-04-27 18:00:00,TXRH
100.63,100.69,100.53,100.53,4064,2021-04-27 18:05:00,TXRH
100.52,100.63,100.5,100.63,3671,2021-04-27 18:10:00,TXRH
100.63,100.66,100.51,100.54,3629,2021-04-27 18:15:00,TXRH
100.55,100.67,100.51,100.64,3654,2021-04-27 18:20:00,TXRH
100.61,100.78,100.58,100.78,4000,2021-04-27 18:25:00,TXRH
100.79,100.86,100.77,100.86,2862,2021-04-27 18:30:00,TXRH
100.82,100.83,100.74,100.8,1800,2021-04-27 18:35:00,TXRH
100.77,100.81,100.64,100.64,3540,2021-04-27 18:40:00,TXRH
100.655,100.74,100.655,100.66,3753,2021-04-27 18:45:00,TXRH
100.66,100.68,100.565,100.64,3058,2021-04-27 18:50:00,TXRH
100.615,100.7,100.56,100.65,4156,2021-04-27 18:55:00,TXRH
100.61,100.82,100.61,100.72,2060,2021-04-27 19:00:00,TXRH
100.78,100.78,100.43,100.53,6258,2021-04-27 19:05:00,TXRH
100.55,100.68,100.53,100.58,5050,2021-04-27 19:10:00,TXRH
100.61,100.66,100.56,100.59,8634,2021-04-27 19:15:00,TXRH
100.6,100.64,100.57,100.6,8100,2021-04-27 19:20:00,TXRH
100.61,100.62,100.53,100.56,4745,2021-04-27 19:25:00,TXRH
100.54,100.56,100.4,100.52,6430,2021-04-27 19:30:00,TXRH
100.52,100.61,100.45,100.57,8282,2021-04-27 19:35:00,TXRH
100.6,100.6,100.49,100.51,5255,2021-04-27 19:40:00,TXRH
100.52,100.54,100.43,100.49,7173,2021-04-27 19:45:00,TXRH
100.5,100.57,100.44,100.455,26722,2021-04-27 19:50:00,TXRH
100.44,100.54,100.34,100.45,30114,2021-04-27 19:55:00,TXRH
100.36,100.36,100.36,100.36,46334,2021-04-27 20:00:00,TXRH
100.12,100.12,100.12,100.12,100,2021-04-27 20:10:00,TXRH
99.94,100.345,99.66,99.92,8416,2021-04-28 13:30:00,TXRH
99.96,100.08,99.0,99.19,5208,2021-04-28 13:35:00,TXRH
99.2,99.44,99.01,99.29,5249,2021-04-28 13:40:00,TXRH
99.525,99.53,99.43,99.43,500,2021-04-28 13:50:00,TXRH
99.84,99.99,99.58,99.99,3908,2021-04-28 13:55:00,TXRH
99.89,100.13,99.71,99.945,3031,2021-04-28 14:00:00,TXRH
99.91,99.91,99.8,99.91,300,2021-04-28 14:05:00,TXRH
99.885,100.04,99.885,99.94,1004,2021-04-28 14:10:00,TXRH
100.005,100.005,99.72,99.72,5000,2021-04-28 14:15:00,TXRH
100.04,100.05,99.885,99.97,900,2021-04-28 14:20:00,TXRH
99.885,99.97,99.81,99.81,1316,2021-04-28 14:25:00,TXRH
99.82,100.11,99.82,99.99,3833,2021-04-28 14:30:00,TXRH
100.1,100.27,100.1,100.26,1728,2021-04-28 14:35:00,TXRH
100.195,100.35,100.195,100.32,800,2021-04-28 14:40:00,TXRH
100.25,100.46,100.25,100.4,3769,2021-04-28 14:45:00,TXRH
100.35,100.43,100.255,100.26,2411,2021-04-28 14:50:00,TXRH
100.21,100.55,100.21,100.55,2572,2021-04-28 14:55:00,TXRH
100.5,100.78,100.465,100.59,2910,2021-04-28 15:00:00,TXRH
100.6,100.7,100.6,100.605,1420,2021-04-28 15:05:00,TXRH
100.4,100.44,100.27,100.27,3800,2021-04-28 15:10:00,TXRH
100.2,100.22,100.04,100.21,2188,2021-04-28 15:15:00,TXRH
100.15,100.25,100.13,100.19,800,2021-04-28 15:20:00,TXRH
100.12,100.35,100.12,100.26,3692,2021-04-28 15:25:00,TXRH
100.35,100.44,100.3,100.37,4465,2021-04-28 15:30:00,TXRH
100.31,100.35,100.275,100.28,1500,2021-04-28 15:35:00,TXRH
100.29,100.32,100.045,100.045,2627,2021-04-28 15:40:00,TXRH
100.09,100.09,99.69,99.745,2948,2021-04-28 15:45:00,TXRH
99.78,99.86,99.745,99.85,2833,2021-04-28 15:50:00,TXRH
99.84,99.92,99.81,99.92,3073,2021-04-28 15:55:00,TXRH
99.9081,100.1,99.81,100.095,1824,2021-04-28 16:00:00,TXRH
100.06,100.16,99.95,100.16,1806,2021-04-28 16:05:00,TXRH
100.1,100.2,100.09,100.2,1906,2021-04-28 16:10:00,TXRH
100.155,100.23,100.155,100.23,2419,2021-04-28 16:15:00,TXRH
100.23,100.3,100.15,100.29,1902,2021-04-28 16:20:00,TXRH
100.3,100.31,100.25,100.275,1048,2021-04-28 16:25:00,TXRH
100.29,100.35,100.25,100.345,3161,2021-04-28 16:30:00,TXRH
100.28,100.38,100.2,100.38,2840,2021-04-28 16:35:00,TXRH
100.44,100.53,100.44,100.46,1309,2021-04-28 16:40:00,TXRH
100.41,100.42,100.31,100.375,2500,2021-04-28 16:45:00,TXRH
100.41,100.41,100.34,100.41,900,2021-04-28 16:50:00,TXRH
100.45,100.55,100.45,100.485,1810,2021-04-28 16:55:00,TXRH
100.5017,100.55,100.28,100.31,4813,2021-04-28 17:00:00,TXRH
100.31,100.4,100.31,100.4,1901,2021-04-28 17:05:00,TXRH
100.38,100.41,100.38,100.38,700,2021-04-28 17:10:00,TXRH
100.385,100.42,100.25,100.31,4599,2021-04-28 17:15:00,TXRH
100.33,100.41,100.275,100.3999,2507,2021-04-28 17:20:00,TXRH
100.37,100.42,100.34,100.415,8526,2021-04-28 17:25:00,TXRH
100.415,100.415,100.295,100.36,5097,2021-04-28 17:30:00,TXRH
100.39,100.43,100.38,100.38,3364,2021-04-28 17:35:00,TXRH
100.33,100.34,100.22,100.255,1180,2021-04-28 17:40:00,TXRH
100.255,100.3,100.215,100.3,2103,2021-04-28 17:45:00,TXRH
100.3,100.55,100.29,100.55,17145,2021-04-28 17:50:00,TXRH
100.5,100.61,100.46,100.515,5731,2021-04-28 17:55:00,TXRH
100.515,100.84,100.445,100.725,12242,2021-04-28 18:00:00,TXRH
100.54,100.72,100.535,100.72,4026,2021-04-28 18:05:00,TXRH
100.65,100.86,100.58,100.8525,16480,2021-04-28 18:10:00,TXRH
100.92,101.06,100.9,100.99,4461,2021-04-28 18:15:00,TXRH
100.92,101.04,100.885,100.935,5653,2021-04-28 18:20:00,TXRH
101.01,101.09,100.9,100.975,2627,2021-04-28 18:25:00,TXRH
100.975,101.03,100.82,100.95,65402,2021-04-28 18:30:00,TXRH
101.0,101.1,100.68,100.68,11809,2021-04-28 18:35:00,TXRH
100.66,100.72,100.64,100.68,5517,2021-04-28 18:40:00,TXRH
100.68,100.73,100.465,100.465,6502,2021-04-28 18:45:00,TXRH
100.47,100.6,100.47,100.59,3268,2021-04-28 18:50:00,TXRH
100.65,100.73,100.58,100.66,2764,2021-04-28 18:55:00,TXRH
100.645,100.925,100.645,100.92,4806,2021-04-28 19:00:00,TXRH
100.85,100.9,100.71,100.735,2438,2021-04-28 19:05:00,TXRH
100.735,100.89,100.555,100.875,11613,2021-04-28 19:10:00,TXRH
100.96,100.96,100.76,100.9,8604,2021-04-28 19:15:00,TXRH
100.83,100.92,100.83,100.92,3952,2021-04-28 19:20:00,TXRH
100.875,101.0,100.875,101.0,6370,2021-04-28 19:25:00,TXRH
101.0,101.0,100.8,100.85,21534,2021-04-28 19:30:00,TXRH
100.88,100.97,100.83,100.87,11386,2021-04-28 19:35:00,TXRH
100.875,100.98,100.77,100.77,14063,2021-04-28 19:40:00,TXRH
100.79,100.86,100.73,100.805,23926,2021-04-28 19:45:00,TXRH
100.8,100.8,100.63,100.665,50650,2021-04-28 19:50:00,TXRH
100.65,100.77,100.615,100.69,52281,2021-04-28 19:55:00,TXRH
100.78,100.78,100.78,100.78,49427,2021-04-28 20:00:00,TXRH
100.59,100.59,100.59,100.59,100,2021-04-28 20:15:00,TXRH
100.59,100.59,100.59,100.59,100,2021-04-28 20:30:00,TXRH
100.58,100.58,100.58,100.58,190,2021-04-28 21:00:00,TXRH
102.11,102.61,101.62,102.43,13568,2021-04-29 13:30:00,TXRH
102.6,103.69,102.6,103.63,15828,2021-04-29 13:35:00,TXRH
103.85,104.9,103.68,104.83,22377,2021-04-29 13:40:00,TXRH
104.83,104.94,103.84,103.85,21477,2021-04-29 13:45:00,TXRH
103.91,103.91,103.41,103.745,21770,2021-04-29 13:50:00,TXRH
103.86,103.91,103.59,103.63,10776,2021-04-29 13:55:00,TXRH
103.65,103.685,103.22,103.46,3521,2021-04-29 14:00:00,TXRH
103.46,103.72,103.46,103.655,3300,2021-04-29 14:05:00,TXRH
103.655,104.31,103.5101,104.05,12468,2021-04-29 14:10:00,TXRH
104.05,104.175,103.96,104.07,5801,2021-04-29 14:15:00,TXRH
104.13,104.13,103.78,103.975,6581,2021-04-29 14:20:00,TXRH
104.04,104.04,103.22,103.35,3013,2021-04-29 14:25:00,TXRH
103.17,103.385,103.02,103.3,5150,2021-04-29 14:30:00,TXRH
103.21,103.21,103.01,103.08,2200,2021-04-29 14:35:00,TXRH
103.16,103.3,103.0,103.1149,7327,2021-04-29 14:40:00,TXRH
103.18,103.26,102.88,102.89,5960,2021-04-29 14:45:00,TXRH
102.86,103.1,102.86,102.96,2325,2021-04-29 14:50:00,TXRH
102.915,102.965,102.72,102.87,4681,2021-04-29 14:55:00,TXRH
102.9,103.09,102.9,103.01,2700,2021-04-29 15:00:00,TXRH
103.01,103.33,103.01,103.265,3653,2021-04-29 15:05:00,TXRH
103.265,104.02,103.265,103.75,5573,2021-04-29 15:10:00,TXRH
103.65,103.77,103.55,103.55,1700,2021-04-29 15:15:00,TXRH
103.645,103.74,103.48,103.635,2307,2021-04-29 15:20:00,TXRH
103.57,103.67,103.4,103.545,3456,2021-04-29 15:25:00,TXRH
103.545,103.545,103.4,103.41,2095,2021-04-29 15:30:00,TXRH
103.4,103.61,103.33,103.61,2109,2021-04-29 15:35:00,TXRH
103.675,103.97,103.61,103.77,1808,2021-04-29 15:40:00,TXRH
103.71,103.74,103.6,103.6,1915,2021-04-29 15:45:00,TXRH
103.585,103.585,103.35,103.35,3362,2021-04-29 15:50:00,TXRH
103.29,103.32,103.08,103.08,1000,2021-04-29 15:55:00,TXRH
103.06,103.06,102.63,102.63,1155,2021-04-29 16:00:00,TXRH
102.74,102.78,102.5,102.565,1858,2021-04-29 16:05:00,TXRH
102.54,102.67,102.515,102.67,3050,2021-04-29 16:10:00,TXRH
102.63,102.63,102.52,102.595,1512,2021-04-29 16:15:00,TXRH
102.67,102.6897,102.265,102.265,4052,2021-04-29 16:20:00,TXRH
102.21,102.27,101.6984,102.01,8478,2021-04-29 16:25:00,TXRH
102.005,102.04,101.95,102.01,5389,2021-04-29 16:30:00,TXRH
102.01,102.125,101.97,101.98,11703,2021-04-29 16:35:00,TXRH
101.98,102.01,101.9,101.95,1433,2021-04-29 16:40:00,TXRH
101.92,102.175,101.855,102.175,4287,2021-04-29 16:45:00,TXRH
102.18,102.2,102.05,102.085,4929,2021-04-29 16:50:00,TXRH
102.09,102.11,101.78,101.95,7133,2021-04-29 16:55:00,TXRH
102.045,102.045,101.845,101.94,2414,2021-04-29 17:00:00,TXRH
101.905,102.17,101.905,102.125,1873,2021-04-29 17:05:00,TXRH
102.125,102.135,101.96,102.0,3320,2021-04-29 17:10:00,TXRH
101.97,102.01,101.945,101.99,6431,2021-04-29 17:15:00,TXRH
101.955,101.97,101.84,101.91,6246,2021-04-29 17:20:00,TXRH
101.925,102.005,101.89,101.98,5161,2021-04-29 17:25:00,TXRH
102.0,102.02,101.89,101.97,3736,2021-04-29 17:30:00,TXRH
102.0,102.06,101.7,101.7,4188,2021-04-29 17:35:00,TXRH
101.74,101.85,101.62,101.845,4741,2021-04-29 17:40:00,TXRH
102.0,102.2,102.0,102.02,2518,2021-04-29 17:45:00,TXRH
102.06,102.14,101.99,102.14,2624,2021-04-29 17:50:00,TXRH
102.06,102.1,101.965,101.985,2320,2021-04-29 17:55:00,TXRH
101.985,102.24,101.96,102.205,3098,2021-04-29 18:00:00,TXRH
102.205,102.58,102.205,102.43,3549,2021-04-29 18:05:00,TXRH
102.46,102.62,102.455,102.455,3321,2021-04-29 18:10:00,TXRH
102.48,102.56,102.31,102.56,3417,2021-04-29 18:15:00,TXRH
102.53,102.8,102.52,102.775,2719,2021-04-29 18:20:00,TXRH
102.775,102.84,102.57,102.615,6397,2021-04-29 18:25:00,TXRH
102.75,103.08,102.75,102.995,4487,2021-04-29 18:30:00,TXRH
103.015,103.015,102.895,102.895,1206,2021-04-29 18:35:00,TXRH
102.96,102.96,102.8,102.96,2605,2021-04-29 18:40:00,TXRH
102.9,103.0,102.64,102.8,3843,2021-04-29 18:45:00,TXRH
102.725,102.83,102.63,102.83,1521,2021-04-29 18:50:00,TXRH
102.89,102.945,102.82,102.93,3300,2021-04-29 18:55:00,TXRH
103.01,103.01,102.89,102.9,2101,2021-04-29 19:00:00,TXRH
102.96,103.02,102.82,102.82,4269,2021-04-29 19:05:00,TXRH
102.91,103.04,102.71,102.71,6085,2021-04-29 19:10:00,TXRH
102.79,102.86,102.63,102.63,2626,2021-04-29 19:15:00,TXRH
102.73,102.78,102.58,102.58,5121,2021-04-29 19:20:00,TXRH
102.62,102.63,102.4419,102.48,4155,2021-04-29 19:25:00,TXRH
102.52,102.925,102.46,102.9,8480,2021-04-29 19:30:00,TXRH
102.95,103.62,102.92,103.47,17491,2021-04-29 19:35:00,TXRH
103.41,103.65,103.18,103.595,31252,2021-04-29 19:40:00,TXRH
103.585,103.77,103.46,103.64,34842,2021-04-29 19:45:00,TXRH
103.62,103.67,103.41,103.56,43330,2021-04-29 19:50:00,TXRH
103.595,103.76,103.44,103.51,41433,2021-04-29 19:55:00,TXRH
103.71,103.71,103.71,103.71,50682,2021-04-29 20:00:00,TXRH
110.0,110.0,108.84,108.84,1431,2021-04-29 20:05:00,TXRH
109.2,110.0,109.2,110.0,766,2021-04-29 20:15:00,TXRH
109.2,109.2,109.2,109.2,319,2021-04-29 20:20:00,TXRH
108.84,109.76,108.84,109.76,200,2021-04-29 20:25:00,TXRH
107.0,107.0,107.0,107.0,100,2021-04-29 20:35:00,TXRH
110.0,110.0,110.0,110.0,100,2021-04-29 20:45:00,TXRH
110.0,110.0,110.0,110.0,1300,2021-04-29 21:00:00,TXRH
110.0,110.0,110.0,110.0,800,2021-04-29 21:10:00,TXRH
110.0,110.0,110.0,110.0,100,2021-04-29 21:15:00,TXRH
110.0,110.0,110.0,110.0,1400,2021-04-29 21:20:00,TXRH
110.0,110.0,110.0,110.0,600,2021-04-29 21:25:00,TXRH
106.8,106.8,106.8,106.8,169,2021-04-30 08:25:00,TXRH
107.0,107.0,107.0,107.0,170,2021-04-30 12:10:00,TXRH
107.88,107.88,107.88,107.88,100,2021-04-30 12:15:00,TXRH
106.0,106.0,106.0,106.0,176,2021-04-30 12:25:00,TXRH
106.0,106.0,106.0,106.0,300,2021-04-30 12:55:00,TXRH
107.0,107.0,107.0,107.0,172,2021-04-30 13:05:00,TXRH
106.5,106.5,106.5,106.5,500,2021-04-30 13:15:00,TXRH
105.5,110.75,105.45,108.24,48925,2021-04-30 13:30:00,TXRH
108.735,108.98,107.1805,107.695,11372,2021-04-30 13:35:00,TXRH
108.09,108.88,107.31,107.69,14173,2021-04-30 13:40:00,TXRH
108.63,108.85,106.85,107.06,12866,2021-04-30 13:45:00,TXRH
107.44,107.7,106.42,106.715,10970,2021-04-30 13:50:00,TXRH
106.7005,107.75,106.3943,107.73,26162,2021-04-30 13:55:00,TXRH
107.6,108.18,106.39,106.63,51457,2021-04-30 14:00:00,TXRH
106.48,106.68,105.55,106.06,29299,2021-04-30 14:05:00,TXRH
106.53,107.02,105.78,106.26,18760,2021-04-30 14:10:00,TXRH
105.78,106.42,105.29,106.42,7413,2021-04-30 14:15:00,TXRH
106.48,106.8399,106.15,106.67,10118,2021-04-30 14:20:00,TXRH
106.59,107.0,106.46,106.72,30985,2021-04-30 14:25:00,TXRH
106.725,107.15,106.11,106.27,15269,2021-04-30 14:30:00,TXRH
106.1,106.1,105.375,105.54,9179,2021-04-30 14:35:00,TXRH
105.49,105.49,105.0,105.33,6879,2021-04-30 14:40:00,TXRH
105.33,105.52,104.9,105.43,10738,2021-04-30 14:45:00,TXRH
105.425,105.7,105.205,105.665,9825,2021-04-30 14:50:00,TXRH
105.61,105.85,105.57,105.71,18131,2021-04-30 14:55:00,TXRH
105.635,105.765,105.51,105.765,18693,2021-04-30 15:00:00,TXRH
105.76,105.8,105.515,105.68,13512,2021-04-30 15:05:00,TXRH
105.605,105.605,105.23,105.31,10415,2021-04-30 15:10:00,TXRH
105.45,105.45,105.095,105.15,5468,2021-04-30 15:15:00,TXRH
105.13,105.3,104.98,104.98,9222,2021-04-30 15:20:00,TXRH
104.97,105.92,104.8,105.86,16247,2021-04-30 15:25:00,TXRH
105.8,105.92,105.28,105.28,17200,2021-04-30 15:30:00,TXRH
105.39,105.71,105.39,105.53,4986,2021-04-30 15:35:00,TXRH
105.435,105.99,105.435,105.93,5273,2021-04-30 15:40:00,TXRH
105.9,105.91,105.67,105.845,6475,2021-04-30 15:45:00,TXRH
105.78,105.89,105.47,105.8494,18510,2021-04-30 15:50:00,TXRH
105.865,105.91,105.72,105.835,16682,2021-04-30 15:55:00,TXRH
105.88,105.88,105.69,105.735,8862,2021-04-30 16:00:00,TXRH
105.83,105.99,105.57,105.57,12632,2021-04-30 16:05:00,TXRH
105.58,105.73,105.56,105.715,9675,2021-04-30 16:10:00,TXRH
105.7,105.72,105.47,105.47,5493,2021-04-30 16:15:00,TXRH
105.45,105.71,105.43,105.59,4004,2021-04-30 16:20:00,TXRH
105.59,105.66,105.43,105.5,14493,2021-04-30 16:25:00,TXRH
105.49,105.57,105.41,105.52,9523,2021-04-30 16:30:00,TXRH
105.58,105.64,105.3,105.35,3969,2021-04-30 16:35:00,TXRH
105.35,105.41,105.29,105.41,13777,2021-04-30 16:40:00,TXRH
105.54,105.71,105.45,105.605,12278,2021-04-30 16:45:00,TXRH
105.63,105.67,105.45,105.45,3430,2021-04-30 16:50:00,TXRH
105.48,106.02,105.365,105.83,58535,2021-04-30 16:55:00,TXRH
105.83,106.05,105.78,105.81,4715,2021-04-30 17:00:00,TXRH
105.81,105.82,105.54,105.805,4414,2021-04-30 17:05:00,TXRH
105.805,105.81,105.41,105.48,5200,2021-04-30 17:10:00,TXRH
105.43,105.46,105.27,105.385,3600,2021-04-30 17:15:00,TXRH
105.39,105.4128,105.27,105.34,6500,2021-04-30 17:20:00,TXRH
105.34,105.43,105.11,105.3825,7377,2021-04-30 17:25:00,TXRH
105.34,105.46,105.15,105.25,9751,2021-04-30 17:30:00,TXRH
105.325,105.7,105.31,105.46,15932,2021-04-30 17:35:00,TXRH
105.47,105.55,105.26,105.33,3768,2021-04-30 17:40:00,TXRH
105.34,105.43,105.21,105.345,5062,2021-04-30 17:45:00,TXRH
105.39,105.41,105.11,105.235,4200,2021-04-30 17:50:00,TXRH
105.15,105.23,104.9,105.11,4889,2021-04-30 17:55:00,TXRH
105.07,105.19,104.96,105.145,7312,2021-04-30 18:00:00,TXRH
105.25,105.375,105.1,105.35,15655,2021-04-30 18:05:00,TXRH
105.315,105.51,105.23,105.5025,8689,2021-04-30 18:10:00,TXRH
105.515,105.61,105.42,105.48,6245,2021-04-30 18:15:00,TXRH
105.46,105.8,105.46,105.605,6265,2021-04-30 18:20:00,TXRH
105.7114,105.78,105.6,105.6925,4583,2021-04-30 18:25:00,TXRH
105.68,105.8,105.63,105.695,9495,2021-04-30 18:30:00,TXRH
105.71,106.005,105.585,105.87,28800,2021-04-30 18:35:00,TXRH
105.825,106.0,105.78,105.96,18689,2021-04-30 18:40:00,TXRH
105.96,106.215,105.82,105.94,27727,2021-04-30 18:45:00,TXRH
105.97,106.17,105.83,106.15,12485,2021-04-30 18:50:00,TXRH
106.22,106.345,105.985,106.02,21609,2021-04-30 18:55:00,TXRH
106.025,106.14,105.89,105.9,10108,2021-04-30 19:00:00,TXRH
105.93,106.13,105.86,106.03,21061,2021-04-30 19:05:00,TXRH
106.06,106.24,105.94,106.04,8719,2021-04-30 19:10:00,TXRH
106.025,106.1,105.84,105.91,9122,2021-04-30 19:15:00,TXRH
105.93,106.25,105.89,106.25,5680,2021-04-30 19:20:00,TXRH
106.29,106.42,106.14,106.265,5814,2021-04-30 19:25:00,TXRH
106.28,106.43,106.16,106.39,13152,2021-04-30 19:30:00,TXRH
106.39,106.58,106.12,106.29,14329,2021-04-30 19:35:00,TXRH
106.22,106.62,106.15,106.53,40974,2021-04-30 19:40:00,TXRH
106.44,106.83,106.44,106.75,33853,2021-04-30 19:45:00,TXRH
106.75,107.18,106.71,107.14,56350,2021-04-30 19:50:00,TXRH
107.14,107.51,106.94,106.98,119699,2021-04-30 19:55:00,TXRH
107.02,107.02,107.02,107.02,126344,2021-04-30 20:00:00,TXRH
107.93,107.93,107.93,107.93,100,2021-04-30 20:10:00,TXRH
108.11,109.41,108.11,108.9275,22593,2021-05-03 13:30:00,TXRH
108.88,109.14,108.31,108.34,4856,2021-05-03 13:35:00,TXRH
108.465,108.9234,108.04,108.04,5037,2021-05-03 13:40:00,TXRH
107.98,108.21,107.68,107.69,8521,2021-05-03 13:45:00,TXRH
107.82,108.04,107.09,107.09,9613,2021-05-03 13:50:00,TXRH
107.21,107.4804,107.03,107.4804,7901,2021-05-03 13:55:00,TXRH
107.54,107.54,106.75,106.89,8879,2021-05-03 14:00:00,TXRH
106.79,106.91,106.64,106.91,3548,2021-05-03 14:05:00,TXRH
106.87,107.135,106.78,106.88,7125,2021-05-03 14:10:00,TXRH
106.9,106.92,106.61,106.697,8246,2021-05-03 14:15:00,TXRH
106.75,106.97,106.72,106.905,4016,2021-05-03 14:20:00,TXRH
106.85,106.92,106.42,106.5,7050,2021-05-03 14:25:00,TXRH
106.55,106.74,106.55,106.56,5520,2021-05-03 14:30:00,TXRH
106.64,106.65,106.24,106.33,3389,2021-05-03 14:35:00,TXRH
106.23,106.8,106.21,106.72,7101,2021-05-03 14:40:00,TXRH
106.79,107.16,106.79,107.09,6880,2021-05-03 14:45:00,TXRH
107.075,107.2,106.83,107.01,4384,2021-05-03 14:50:00,TXRH
106.94,107.0,106.84,107.0,2338,2021-05-03 14:55:00,TXRH
107.0334,107.12,106.9,107.06,6128,2021-05-03 15:00:00,TXRH
107.06,107.17,106.98,107.08,3650,2021-05-03 15:05:00,TXRH
107.07,107.16,107.0,107.0,2456,2021-05-03 15:10:00,TXRH
107.1,107.365,106.94,107.25,5804,2021-05-03 15:15:00,TXRH
107.25,107.58,107.24,107.58,2452,2021-05-03 15:20:00,TXRH
107.5697,107.64,107.45,107.49,3487,2021-05-03 15:25:00,TXRH
107.545,107.86,107.51,107.59,4752,2021-05-03 15:30:00,TXRH
107.56,107.56,107.34,107.52,3041,2021-05-03 15:35:00,TXRH
107.49,107.49,107.32,107.42,2131,2021-05-03 15:40:00,TXRH
107.43,107.43,107.27,107.41,3100,2021-05-03 15:45:00,TXRH
107.44,107.51,107.22,107.23,3497,2021-05-03 15:50:00,TXRH
107.19,107.49,107.14,107.48,4302,2021-05-03 15:55:00,TXRH
107.575,107.65,107.325,107.325,5417,2021-05-03 16:00:00,TXRH
107.35,107.35,107.19,107.22,2532,2021-05-03 16:05:00,TXRH
107.23,107.37,107.23,107.3,3065,2021-05-03 16:10:00,TXRH
107.31,107.43,107.25,107.31,4861,2021-05-03 16:15:00,TXRH
107.3,107.47,107.26,107.47,2739,2021-05-03 16:20:00,TXRH
107.54,107.66,107.51,107.63,2060,2021-05-03 16:25:00,TXRH
107.68,107.7,107.49,107.52,4062,2021-05-03 16:30:00,TXRH
107.46,107.655,107.43,107.61,3303,2021-05-03 16:35:00,TXRH
107.63,107.76,107.63,107.695,3370,2021-05-03 16:40:00,TXRH
107.71,107.78,107.67,107.72,1300,2021-05-03 16:45:00,TXRH
107.66,107.89,107.625,107.89,6292,2021-05-03 16:50:00,TXRH
107.93,107.97,107.885,107.93,3312,2021-05-03 16:55:00,TXRH
107.94,108.0,107.68,107.71,2538,2021-05-03 17:00:00,TXRH
107.77,107.83,107.61,107.83,2605,2021-05-03 17:05:00,TXRH
107.81,107.94,107.775,107.82,1929,2021-05-03 17:10:00,TXRH
107.8,107.8,107.6,107.73,2810,2021-05-03 17:15:00,TXRH
107.76,107.88,107.75,107.86,4541,2021-05-03 17:20:00,TXRH
107.85,108.045,107.81,108.0,1429,2021-05-03 17:25:00,TXRH
108.0,108.03,107.9,107.92,4511,2021-05-03 17:30:00,TXRH
107.9,108.0,107.88,108.0,3306,2021-05-03 17:35:00,TXRH
108.0,108.06,107.78,107.78,3477,2021-05-03 17:40:00,TXRH
107.82,107.845,107.65,107.66,4344,2021-05-03 17:45:00,TXRH
107.75,107.765,107.7,107.765,1105,2021-05-03 17:50:00,TXRH
107.74,107.8,107.7,107.75,2283,2021-05-03 17:55:00,TXRH
107.8,107.8,107.67,107.765,4406,2021-05-03 18:00:00,TXRH
107.765,107.765,107.67,107.73,1812,2021-05-03 18:05:00,TXRH
107.7,107.74,107.65,107.69,3459,2021-05-03 18:10:00,TXRH
107.6739,107.675,107.51,107.51,4743,2021-05-03 18:15:00,TXRH
107.55,107.55,107.33,107.33,1755,2021-05-03 18:20:00,TXRH
107.4,107.53,107.33,107.49,4390,2021-05-03 18:25:00,TXRH
107.495,107.63,107.495,107.54,2653,2021-05-03 18:30:00,TXRH
107.52,107.55,107.42,107.49,1500,2021-05-03 18:35:00,TXRH
107.51,107.7,107.47,107.68,2713,2021-05-03 18:40:00,TXRH
107.675,107.77,107.64,107.7,3906,2021-05-03 18:45:00,TXRH
107.72,107.835,107.72,107.78,3461,2021-05-03 18:50:00,TXRH
107.71,107.83,107.69,107.83,3403,2021-05-03 18:55:00,TXRH
107.76,107.81,107.42,107.42,6530,2021-05-03 19:00:00,TXRH
107.41,107.42,107.24,107.36,3423,2021-05-03 19:05:00,TXRH
107.38,107.45,107.29,107.29,6806,2021-05-03 19:10:00,TXRH
107.31,107.44,107.31,107.44,4504,2021-05-03 19:15:00,TXRH
107.44,107.53,107.37,107.48,7457,2021-05-03 19:20:00,TXRH
107.49,107.67,107.49,107.67,6319,2021-05-03 19:25:00,TXRH
107.645,107.93,107.58,107.865,14744,2021-05-03 19:30:00,TXRH
107.86,107.9,107.6,107.705,7816,2021-05-03 19:35:00,TXRH
107.65,107.6534,107.57,107.6,9824,2021-05-03 19:40:00,TXRH
107.59,107.59,107.4,107.49,12817,2021-05-03 19:45:00,TXRH
107.45,107.515,107.28,107.33,26538,2021-05-03 19:50:00,TXRH
107.31,107.435,107.23,107.41,34605,2021-05-03 19:55:00,TXRH
107.41,107.41,107.41,107.41,104405,2021-05-03 20:00:00,TXRH
107.21,107.29,106.72,107.14,10245,2021-05-04 13:30:00,TXRH
107.265,107.32,106.77,107.0952,1200,2021-05-04 13:35:00,TXRH
107.13,107.31,105.99,106.145,11504,2021-05-04 13:40:00,TXRH
106.25,106.25,105.59,105.78,18194,2021-05-04 13:45:00,TXRH
105.9125,106.7,105.9125,106.41,3887,2021-05-04 13:50:00,TXRH
106.615,106.82,106.48,106.56,4600,2021-05-04 13:55:00,TXRH
106.55,106.56,106.21,106.365,16684,2021-05-04 14:00:00,TXRH
106.365,106.945,106.345,106.85,14460,2021-05-04 14:05:00,TXRH
106.915,107.63,106.8,107.46,10699,2021-05-04 14:10:00,TXRH
107.4,107.68,107.09,107.68,4355,2021-05-04 14:15:00,TXRH
107.63,107.98,107.54,107.95,8088,2021-05-04 14:20:00,TXRH
107.95,107.95,107.6,107.79,2045,2021-05-04 14:25:00,TXRH
107.86,108.2,107.83,107.985,9319,2021-05-04 14:30:00,TXRH
108.02,108.45,107.95,108.39,4600,2021-05-04 14:35:00,TXRH
108.45,108.91,108.45,108.89,10800,2021-05-04 14:40:00,TXRH
108.83,109.0,107.995,108.125,20060,2021-05-04 14:45:00,TXRH
108.125,108.15,107.9,108.15,4066,2021-05-04 14:50:00,TXRH
108.13,108.27,107.76,107.76,5834,2021-05-04 14:55:00,TXRH
107.685,107.81,107.315,107.78,5737,2021-05-04 15:00:00,TXRH
107.73,107.73,107.34,107.5,5679,2021-05-04 15:05:00,TXRH
107.44,107.44,107.03,107.065,5198,2021-05-04 15:10:00,TXRH
106.96,106.96,106.78,106.84,6876,2021-05-04 15:15:00,TXRH
106.79,106.815,106.54,106.58,9620,2021-05-04 15:20:00,TXRH
106.57,106.87,106.42,106.77,2765,2021-05-04 15:25:00,TXRH
106.835,106.94,106.77,106.805,4092,2021-05-04 15:30:00,TXRH
106.79,106.95,106.745,106.82,6103,2021-05-04 15:35:00,TXRH
106.82,106.82,106.57,106.71,1800,2021-05-04 15:40:00,TXRH
106.62,106.75,106.53,106.61,4120,2021-05-04 15:45:00,TXRH
106.6,106.6,106.355,106.365,2036,2021-05-04 15:50:00,TXRH
106.47,106.47,106.27,106.44,1565,2021-05-04 15:55:00,TXRH
106.44,106.76,106.43,106.7,5973,2021-05-04 16:00:00,TXRH
106.64,106.67,106.475,106.67,5498,2021-05-04 16:05:00,TXRH
106.77,107.01,106.77,106.995,1646,2021-05-04 16:10:00,TXRH
106.95,107.03,106.91,106.96,2931,2021-05-04 16:15:00,TXRH
106.97,107.035,106.86,106.895,1940,2021-05-04 16:20:00,TXRH
106.89,107.035,106.89,106.97,4627,2021-05-04 16:25:00,TXRH
106.97,107.01,106.695,106.705,4203,2021-05-04 16:30:00,TXRH
106.75,107.05,106.73,106.885,6493,2021-05-04 16:35:00,TXRH
106.86,107.0,106.8,106.975,4239,2021-05-04 16:40:00,TXRH
106.94,107.0,106.74,107.0,6814,2021-05-04 16:45:00,TXRH
106.965,107.09,106.82,106.85,4896,2021-05-04 16:50:00,TXRH
106.85,106.94,106.79,106.905,3387,2021-05-04 16:55:00,TXRH
106.83,106.99,106.78,106.99,5199,2021-05-04 17:00:00,TXRH
106.91,106.93,106.75,106.91,4154,2021-05-04 17:05:00,TXRH
106.86,107.12,106.82,107.12,3886,2021-05-04 17:10:00,TXRH
107.17,107.18,106.795,106.805,3751,2021-05-04 17:15:00,TXRH
106.79,107.09,106.72,107.09,6413,2021-05-04 17:20:00,TXRH
107.1,107.23,107.1,107.16,2300,2021-05-04 17:25:00,TXRH
107.1,107.14,107.04,107.095,3390,2021-05-04 17:30:00,TXRH
107.12,107.16,106.94,107.06,4861,2021-05-04 17:35:00,TXRH
107.05,107.06,106.96,107.02,2449,2021-05-04 17:40:00,TXRH
107.06,107.105,107.0,107.065,4144,2021-05-04 17:45:00,TXRH
107.005,107.005,106.775,106.83,3553,2021-05-04 17:50:00,TXRH
106.86,107.02,106.81,107.02,4245,2021-05-04 17:55:00,TXRH
106.93,106.94,106.62,106.62,3721,2021-05-04 18:00:00,TXRH
106.71,106.77,106.595,106.72,3868,2021-05-04 18:05:00,TXRH
106.7,106.9,106.53,106.9,5550,2021-05-04 18:10:00,TXRH
106.96,107.0,106.87,106.87,2735,2021-05-04 18:15:00,TXRH
106.85,106.86,106.555,106.58,3314,2021-05-04 18:20:00,TXRH
106.62,106.62,106.44,106.5799,4445,2021-05-04 18:25:00,TXRH
106.505,106.84,106.5,106.84,6236,2021-05-04 18:30:00,TXRH
106.855,106.94,106.61,106.61,3600,2021-05-04 18:35:00,TXRH
106.61,106.92,106.61,106.775,4557,2021-05-04 18:40:00,TXRH
106.74,106.94,106.695,106.8,5337,2021-05-04 18:45:00,TXRH
106.8,106.895,106.78,106.845,2874,2021-05-04 18:50:00,TXRH
106.89,106.96,106.83,106.83,3526,2021-05-04 18:55:00,TXRH
106.85,107.025,106.72,107.025,12808,2021-05-04 19:00:00,TXRH
106.99,107.23,106.95,107.15,12001,2021-05-04 19:05:00,TXRH
107.19,107.385,106.89,106.94,28032,2021-05-04 19:10:00,TXRH
106.88,107.165,106.88,107.035,6800,2021-05-04 19:15:00,TXRH
107.0103,107.13,106.97,107.04,5840,2021-05-04 19:20:00,TXRH
107.015,107.23,107.015,107.175,11763,2021-05-04 19:25:00,TXRH
107.19,107.19,106.85,106.94,11977,2021-05-04 19:30:00,TXRH
107.01,107.055,106.72,107.055,17047,2021-05-04 19:35:00,TXRH
106.98,107.01,106.685,106.81,16565,2021-05-04 19:40:00,TXRH
106.835,106.87,106.745,106.848,14489,2021-05-04 19:45:00,TXRH
106.83,107.04,106.83,106.84,35665,2021-05-04 19:50:00,TXRH
106.83,107.05,106.67,107.04,78594,2021-05-04 19:55:00,TXRH
106.96,106.96,106.96,106.96,70248,2021-05-04 20:00:00,TXRH
107.19,107.19,106.33,106.53,5512,2021-05-05 13:30:00,TXRH
106.22,106.33,106.02,106.195,1708,2021-05-05 13:35:00,TXRH
106.0429,106.34,105.88,105.94,2850,2021-05-05 13:40:00,TXRH
106.03,106.06,105.7,105.86,1400,2021-05-05 13:45:00,TXRH
105.68,105.94,105.67,105.77,2800,2021-05-05 13:50:00,TXRH
105.76,105.76,105.57,105.57,400,2021-05-05 13:55:00,TXRH
105.62,105.62,105.22,105.29,1500,2021-05-05 14:00:00,TXRH
105.01,105.01,104.71,104.71,3141,2021-05-05 14:05:00,TXRH
104.63,104.66,104.435,104.435,3073,2021-05-05 14:10:00,TXRH
104.5,104.52,104.27,104.375,8169,2021-05-05 14:15:00,TXRH
104.26,104.26,103.87,103.87,1400,2021-05-05 14:20:00,TXRH
103.9,104.11,103.77,104.11,3344,2021-05-05 14:25:00,TXRH
103.96,103.96,103.54,103.56,3000,2021-05-05 14:30:00,TXRH
103.67,104.48,103.64,104.41,8103,2021-05-05 14:35:00,TXRH
104.41,104.85,104.41,104.61,3474,2021-05-05 14:40:00,TXRH
104.73,105.485,104.73,105.28,10211,2021-05-05 14:45:00,TXRH
105.2,105.21,104.795,104.8,4992,2021-05-05 14:50:00,TXRH
104.76,104.815,104.61,104.62,3184,2021-05-05 14:55:00,TXRH
104.65,104.69,104.6,104.68,2401,2021-05-05 15:00:00,TXRH
104.72,104.95,104.695,104.93,3018,2021-05-05 15:05:00,TXRH
104.95,104.95,104.84,104.95,2614,2021-05-05 15:10:00,TXRH
104.99,105.1,104.99,105.1,1218,2021-05-05 15:15:00,TXRH
105.09,105.18,104.99,105.115,4610,2021-05-05 15:20:00,TXRH
105.095,105.11,104.96,104.98,2400,2021-05-05 15:25:00,TXRH
104.97,105.46,104.97,105.425,4447,2021-05-05 15:30:00,TXRH
105.58,105.75,105.53,105.75,5060,2021-05-05 15:35:00,TXRH
105.65,105.65,105.39,105.595,4646,2021-05-05 15:40:00,TXRH
105.64,105.72,105.51,105.67,4030,2021-05-05 15:45:00,TXRH
105.73,105.93,105.64,105.93,1100,2021-05-05 15:50:00,TXRH
105.84,105.85,105.82,105.82,900,2021-05-05 15:55:00,TXRH
105.76,105.79,105.58,105.645,4945,2021-05-05 16:00:00,TXRH
105.645,105.87,105.645,105.86,5209,2021-05-05 16:05:00,TXRH
105.925,105.945,105.7,105.7,2500,2021-05-05 16:10:00,TXRH
105.64,105.71,105.54,105.54,2435,2021-05-05 16:15:00,TXRH
105.5,105.5,105.41,105.41,2333,2021-05-05 16:20:00,TXRH
105.42,105.91,105.42,105.91,3939,2021-05-05 16:25:00,TXRH
105.88,105.94,105.735,105.735,5043,2021-05-05 16:30:00,TXRH
105.72,105.75,105.67,105.685,2154,2021-05-05 16:35:00,TXRH
105.66,105.66,105.37,105.395,1808,2021-05-05 16:40:00,TXRH
105.395,105.62,105.395,105.575,1915,2021-05-05 16:45:00,TXRH
105.52,105.54,105.43,105.54,2284,2021-05-05 16:50:00,TXRH
105.59,105.6454,105.49,105.49,1489,2021-05-05 16:55:00,TXRH
105.53,105.6,105.42,105.51,1851,2021-05-05 17:00:00,TXRH
105.57,105.6,105.565,105.58,1252,2021-05-05 17:05:00,TXRH
105.54,105.54,105.49,105.495,1000,2021-05-05 17:10:00,TXRH
105.43,105.51,105.36,105.39,2429,2021-05-05 17:15:00,TXRH
105.35,105.5375,105.3201,105.42,4019,2021-05-05 17:20:00,TXRH
105.42,105.42,105.31,105.35,1800,2021-05-05 17:25:00,TXRH
105.405,105.5,105.35,105.35,2581,2021-05-05 17:30:00,TXRH
105.385,105.39,105.3,105.33,1909,2021-05-05 17:35:00,TXRH
105.325,105.3599,105.21,105.225,2305,2021-05-05 17:40:00,TXRH
105.25,105.43,105.235,105.36,4428,2021-05-05 17:45:00,TXRH
105.33,105.33,105.2,105.27,2143,2021-05-05 17:50:00,TXRH
105.23,105.23,105.0,105.06,3076,2021-05-05 17:55:00,TXRH
105.1,105.275,105.1,105.23,3853,2021-05-05 18:00:00,TXRH
105.25,105.345,105.14,105.18,3653,2021-05-05 18:05:00,TXRH
105.135,105.475,105.135,105.475,3295,2021-05-05 18:10:00,TXRH
105.46,105.48,105.37,105.425,3391,2021-05-05 18:15:00,TXRH
105.39,105.47,105.33,105.47,3029,2021-05-05 18:20:00,TXRH
105.46,105.575,105.44,105.545,9270,2021-05-05 18:25:00,TXRH
105.565,105.73,105.53,105.6,9520,2021-05-05 18:30:00,TXRH
105.6,105.85,105.55,105.7,8801,2021-05-05 18:35:00,TXRH
105.645,105.645,105.46,105.475,2717,2021-05-05 18:40:00,TXRH
105.47,105.615,105.41,105.56,2635,2021-05-05 18:45:00,TXRH
105.56,105.6,105.49,105.51,2020,2021-05-05 18:50:00,TXRH
105.505,105.6,105.505,105.51,3117,2021-05-05 18:55:00,TXRH
105.52,105.58,105.185,105.215,6450,2021-05-05 19:00:00,TXRH
105.2,105.48,105.11,105.13,9098,2021-05-05 19:05:00,TXRH
105.15,105.35,105.115,105.135,6850,2021-05-05 19:10:00,TXRH
105.135,105.135,104.9,104.9,6410,2021-05-05 19:15:00,TXRH
104.95,104.97,104.815,104.84,6137,2021-05-05 19:20:00,TXRH
104.79,105.01,104.73,104.945,7693,2021-05-05 19:25:00,TXRH
104.98,104.99,104.79,104.79,7541,2021-05-05 19:30:00,TXRH
104.86,105.01,104.855,104.99,13370,2021-05-05 19:35:00,TXRH
104.96,104.98,104.81,104.95,16701,2021-05-05 19:40:00,TXRH
104.94,105.02,104.8,104.83,15817,2021-05-05 19:45:00,TXRH
104.8,104.805,104.58,104.69,45646,2021-05-05 19:50:00,TXRH
104.65,104.8031,104.52,104.77,68671,2021-05-05 19:55:00,TXRH
104.765,104.765,104.765,104.765,60034,2021-05-05 20:00:00,TXRH
104.94,104.94,104.94,104.94,183,2021-05-05 20:15:00,TXRH
104.96,105.22,104.485,105.02,5584,2021-05-06 13:30:00,TXRH
105.39,105.832,105.39,105.832,855,2021-05-06 13:35:00,TXRH
105.4,105.4,104.54,105.0,1100,2021-05-06 13:40:00,TXRH
104.51,104.86,104.47,104.47,1500,2021-05-06 13:45:00,TXRH
104.59,104.88,104.57,104.8,2412,2021-05-06 13:50:00,TXRH
104.6859,104.6859,104.4,104.56,2332,2021-05-06 13:55:00,TXRH
104.555,104.71,104.17,104.34,5141,2021-05-06 14:00:00,TXRH
104.335,104.37,104.14,104.14,1300,2021-05-06 14:05:00,TXRH
104.12,104.42,104.045,104.35,4927,2021-05-06 14:10:00,TXRH
104.27,104.35,103.96,104.11,6365,2021-05-06 14:15:00,TXRH
104.02,104.25,103.92,104.18,6026,2021-05-06 14:20:00,TXRH
104.145,104.145,103.86,103.86,4107,2021-05-06 14:25:00,TXRH
103.99,104.11,103.78,103.89,9308,2021-05-06 14:30:00,TXRH
103.97,104.095,103.87,103.91,8385,2021-05-06 14:35:00,TXRH
103.9,103.95,103.725,103.8,5813,2021-05-06 14:40:00,TXRH
103.8,104.03,103.8,103.86,4175,2021-05-06 14:45:00,TXRH
103.87,104.07,103.845,103.845,4690,2021-05-06 14:50:00,TXRH
103.9,103.94,103.64,103.77,3980,2021-05-06 14:55:00,TXRH
103.7853,103.85,103.67,103.68,5073,2021-05-06 15:00:00,TXRH
103.61,103.61,103.3,103.38,5011,2021-05-06 15:05:00,TXRH
103.3,103.38,103.26,103.31,4837,2021-05-06 15:10:00,TXRH
103.24,103.34,103.14,103.27,2933,2021-05-06 15:15:00,TXRH
103.14,103.23,103.01,103.13,4700,2021-05-06 15:20:00,TXRH
103.18,103.42,103.08,103.42,9503,2021-05-06 15:25:00,TXRH
103.31,103.31,103.01,103.125,3905,2021-05-06 15:30:00,TXRH
103.18,103.2,102.92,103.04,3600,2021-05-06 15:35:00,TXRH
103.13,103.16,103.0,103.0,1200,2021-05-06 15:40:00,TXRH
103.065,103.1,102.93,103.1,4716,2021-05-06 15:45:00,TXRH
103.21,103.22,102.95,102.95,2000,2021-05-06 15:50:00,TXRH
102.93,102.96,102.7,102.78,4717,2021-05-06 15:55:00,TXRH
102.78,102.82,102.58,102.74,1700,2021-05-06 16:00:00,TXRH
102.73,102.77,102.61,102.61,1300,2021-05-06 16:05:00,TXRH
102.66,102.89,102.655,102.84,4000,2021-05-06 16:10:00,TXRH
102.88,102.88,102.69,102.69,4907,2021-05-06 16:15:00,TXRH
102.59,102.7,102.58,102.62,3389,2021-05-06 16:20:00,TXRH
102.61,102.88,102.61,102.88,6673,2021-05-06 16:25:00,TXRH
102.89,102.895,102.455,102.47,3987,2021-05-06 16:30:00,TXRH
102.535,102.6,102.14,102.19,3645,2021-05-06 16:35:00,TXRH
102.17,102.69,102.15,102.54,4211,2021-05-06 16:40:00,TXRH
102.56,102.57,102.13,102.24,16615,2021-05-06 16:45:00,TXRH
102.23,102.38,102.23,102.24,3400,2021-05-06 16:50:00,TXRH
102.17,102.22,102.005,102.005,3853,2021-05-06 16:55:00,TXRH
102.06,102.34,102.06,102.34,3030,2021-05-06 17:00:00,TXRH
102.34,102.6,102.25,102.6,12526,2021-05-06 17:05:00,TXRH
102.58,102.72,102.58,102.65,1700,2021-05-06 17:10:00,TXRH
102.73,102.755,102.4,102.44,3626,2021-05-06 17:15:00,TXRH
102.43,102.49,102.37,102.39,1500,2021-05-06 17:20:00,TXRH
102.37,102.61,102.37,102.57,2722,2021-05-06 17:25:00,TXRH
102.63,102.74,102.63,102.735,1814,2021-05-06 17:30:00,TXRH
102.76,102.94,102.68,102.71,4495,2021-05-06 17:35:00,TXRH
102.72,102.8,102.495,102.8,5349,2021-05-06 17:40:00,TXRH
102.89,102.93,102.7,102.71,2700,2021-05-06 17:45:00,TXRH
102.72,102.72,102.56,102.56,2771,2021-05-06 17:50:00,TXRH
102.62,102.66,102.26,102.3,6705,2021-05-06 17:55:00,TXRH
102.26,102.415,102.175,102.3808,5305,2021-05-06 18:00:00,TXRH
102.42,102.63,102.42,102.6,2830,2021-05-06 18:05:00,TXRH
102.63,102.64,102.185,102.37,7517,2021-05-06 18:10:00,TXRH
102.38,102.42,102.14,102.23,3936,2021-05-06 18:15:00,TXRH
102.26,102.26,101.97,102.045,5406,2021-05-06 18:20:00,TXRH
102.01,102.1,101.64,101.695,16236,2021-05-06 18:25:00,TXRH
101.72,101.82,101.51,101.53,3300,2021-05-06 18:30:00,TXRH
101.55,101.69,101.36,101.6,6616,2021-05-06 18:35:00,TXRH
101.55,101.63,101.38,101.42,5000,2021-05-06 18:40:00,TXRH
101.47,101.905,101.425,101.8,8942,2021-05-06 18:45:00,TXRH
101.87,101.915,101.67,101.81,7200,2021-05-06 18:50:00,TXRH
101.81,101.85,101.55,101.685,8931,2021-05-06 18:55:00,TXRH
101.685,101.69,101.29,101.39,19625,2021-05-06 19:00:00,TXRH
101.415,101.49,101.06,101.21,15826,2021-05-06 19:05:00,TXRH
101.21,101.54,101.18,101.495,6684,2021-05-06 19:10:00,TXRH
101.525,102.11,101.505,102.08,21413,2021-05-06 19:15:00,TXRH
102.02,102.12,101.95,102.12,6532,2021-05-06 19:20:00,TXRH
102.12,102.4,102.08,102.32,10739,2021-05-06 19:25:00,TXRH
102.36,102.565,102.27,102.51,15540,2021-05-06 19:30:00,TXRH
102.52,103.01,102.45,102.88,15950,2021-05-06 19:35:00,TXRH
102.92,103.29,102.87,102.87,41256,2021-05-06 19:40:00,TXRH
102.86,103.13,102.86,102.99,25526,2021-05-06 19:45:00,TXRH
103.0,103.17,102.84,103.0,65921,2021-05-06 19:50:00,TXRH
103.0,103.35,102.83,103.35,72798,2021-05-06 19:55:00,TXRH
103.32,103.32,103.32,103.32,128377,2021-05-06 20:00:00,TXRH
103.32,103.32,103.32,103.32,59000,2021-05-06 21:10:00,TXRH
103.75,103.75,103.75,103.75,490,2021-05-07 12:55:00,TXRH
103.42,103.54,102.56,103.02,7727,2021-05-07 13:30:00,TXRH
103.54,103.84,103.54,103.84,200,2021-05-07 13:35:00,TXRH
104.11,104.38,104.11,104.38,2866,2021-05-07 13:40:00,TXRH
104.5,105.09,104.14,105.05,10714,2021-05-07 13:45:00,TXRH
105.0,105.23,104.71,104.71,4819,2021-05-07 13:50:00,TXRH
104.66,104.71,104.535,104.7029,531,2021-05-07 13:55:00,TXRH
104.76,104.955,104.76,104.95,400,2021-05-07 14:00:00,TXRH
104.965,105.05,104.925,104.925,1128,2021-05-07 14:05:00,TXRH
104.96,105.43,104.96,105.23,3934,2021-05-07 14:10:00,TXRH
105.224,105.224,105.224,105.224,225,2021-05-07 14:15:00,TXRH
105.19,105.19,104.61,104.61,2480,2021-05-07 14:20:00,TXRH
104.61,104.75,104.61,104.75,300,2021-05-07 14:25:00,TXRH
104.6,104.89,104.6,104.89,3721,2021-05-07 14:30:00,TXRH
104.83,104.83,104.55,104.625,1646,2021-05-07 14:35:00,TXRH
104.67,104.85,104.65,104.76,2006,2021-05-07 14:40:00,TXRH
104.76,104.94,104.76,104.925,1848,2021-05-07 14:45:00,TXRH
104.96,105.1,104.96,105.07,1800,2021-05-07 14:50:00,TXRH
105.11,105.1519,104.99,104.99,2948,2021-05-07 14:55:00,TXRH
105.13,105.16,105.09,105.15,1300,2021-05-07 15:00:00,TXRH
105.185,105.25,105.0,105.0,3469,2021-05-07 15:05:00,TXRH
105.03,105.075,104.91,105.02,2878,2021-05-07 15:10:00,TXRH
105.08,105.15,104.89,104.89,7879,2021-05-07 15:15:00,TXRH
104.77,104.77,104.59,104.73,2678,2021-05-07 15:20:00,TXRH
104.86,104.86,104.29,104.32,7137,2021-05-07 15:25:00,TXRH
104.33,104.61,104.33,104.57,2541,2021-05-07 15:30:00,TXRH
104.57,104.64,104.37,104.44,2300,2021-05-07 15:35:00,TXRH
104.5,104.57,104.39,104.48,2600,2021-05-07 15:40:00,TXRH
104.5,104.5,104.29,104.29,1587,2021-05-07 15:45:00,TXRH
104.39,104.49,104.26,104.26,3137,2021-05-07 15:50:00,TXRH
104.365,104.37,104.15,104.2,2885,2021-05-07 15:55:00,TXRH
104.165,104.345,104.085,104.345,3146,2021-05-07 16:00:00,TXRH
104.35,104.48,104.35,104.47,2537,2021-05-07 16:05:00,TXRH
104.46,104.46,104.415,104.45,1200,2021-05-07 16:10:00,TXRH
104.45,104.49,104.41,104.41,2718,2021-05-07 16:15:00,TXRH
104.52,104.78,104.49,104.735,11699,2021-05-07 16:20:00,TXRH
104.785,104.785,104.64,104.64,2239,2021-05-07 16:25:00,TXRH
104.63,104.63,104.5,104.55,2416,2021-05-07 16:30:00,TXRH
104.61,104.65,104.61,104.62,716,2021-05-07 16:35:00,TXRH
104.57,104.67,104.57,104.59,1043,2021-05-07 16:40:00,TXRH
104.56,104.62,104.4,104.4,1700,2021-05-07 16:45:00,TXRH
104.3531,104.47,104.34,104.46,1726,2021-05-07 16:50:00,TXRH
104.515,104.54,104.49,104.49,762,2021-05-07 16:55:00,TXRH
104.5215,104.71,104.5215,104.71,1788,2021-05-07 17:00:00,TXRH
104.69,104.69,104.53,104.53,1100,2021-05-07 17:05:00,TXRH
104.51,104.56,104.51,104.55,700,2021-05-07 17:10:00,TXRH
104.52,104.52,104.45,104.45,500,2021-05-07 17:15:00,TXRH
104.34,104.52,104.33,104.52,1539,2021-05-07 17:20:00,TXRH
104.51,104.53,104.38,104.38,1400,2021-05-07 17:25:00,TXRH
104.38,104.51,104.35,104.46,1343,2021-05-07 17:30:00,TXRH
104.42,104.42,104.33,104.41,1737,2021-05-07 17:35:00,TXRH
104.43,104.45,104.36,104.45,913,2021-05-07 17:40:00,TXRH
104.46,104.47,104.36,104.36,1100,2021-05-07 17:45:00,TXRH
104.47,104.54,104.44,104.44,1100,2021-05-07 17:50:00,TXRH
104.5,104.5,104.4,104.45,12330,2021-05-07 17:55:00,TXRH
104.39,104.44,104.16,104.42,1294,2021-05-07 18:00:00,TXRH
104.46,104.46,104.43,104.44,645,2021-05-07 18:05:00,TXRH
104.39,104.42,104.355,104.4,900,2021-05-07 18:10:00,TXRH
104.39,104.49,104.345,104.49,2204,2021-05-07 18:15:00,TXRH
104.35,104.35,104.31,104.35,603,2021-05-07 18:20:00,TXRH
104.38,104.53,104.38,104.47,2194,2021-05-07 18:25:00,TXRH
104.53,104.64,104.53,104.57,3015,2021-05-07 18:30:00,TXRH
104.56,104.56,104.37,104.4,1000,2021-05-07 18:35:00,TXRH
104.24,104.25,104.085,104.17,2947,2021-05-07 18:40:00,TXRH
104.23,104.33,104.21,104.27,2725,2021-05-07 18:45:00,TXRH
104.34,104.39,104.31,104.36,5715,2021-05-07 18:50:00,TXRH
104.39,104.55,104.39,104.48,2685,2021-05-07 18:55:00,TXRH
104.41,104.49,104.36,104.46,2778,2021-05-07 19:00:00,TXRH
104.465,104.52,104.32,104.32,3553,2021-05-07 19:05:00,TXRH
104.33,104.4,104.28,104.38,3670,2021-05-07 19:10:00,TXRH
104.41,104.54,104.345,104.39,2437,2021-05-07 19:15:00,TXRH
104.41,104.49,104.4,104.48,2602,2021-05-07 19:20:00,TXRH
104.445,104.62,104.42,104.62,8347,2021-05-07 19:25:00,TXRH
104.66,104.71,104.48,104.48,7890,2021-05-07 19:30:00,TXRH
104.475,104.52,104.42,104.49,4230,2021-05-07 19:35:00,TXRH
104.49,104.5,104.37,104.39,16843,2021-05-07 19:40:00,TXRH
104.375,104.4,104.24,104.34,9536,2021-05-07 19:45:00,TXRH
104.395,104.49,104.325,104.49,19671,2021-05-07 19:50:00,TXRH
104.51,104.7,104.485,104.69,38824,2021-05-07 19:55:00,TXRH
104.63,104.63,104.63,104.63,45617,2021-05-07 20:00:00,TXRH
104.35,104.35,103.91,103.91,10468,2021-05-10 13:30:00,TXRH
103.92,103.92,103.09,103.09,4757,2021-05-10 13:35:00,TXRH
103.07,103.6319,103.07,103.49,6423,2021-05-10 13:40:00,TXRH
103.37,103.77,103.225,103.6,4950,2021-05-10 13:45:00,TXRH
103.53,103.78,103.5,103.64,3887,2021-05-10 13:50:00,TXRH
103.63,103.76,103.34,103.645,2800,2021-05-10 13:55:00,TXRH
103.6425,104.09,103.6425,104.09,3353,2021-05-10 14:00:00,TXRH
104.16,104.32,104.13,104.32,1778,2021-05-10 14:05:00,TXRH
104.26,104.5,104.13,104.195,3990,2021-05-10 14:10:00,TXRH
104.25,104.53,104.25,104.385,2700,2021-05-10 14:15:00,TXRH
104.35,104.35,104.04,104.15,3378,2021-05-10 14:20:00,TXRH
104.12,104.21,103.85,103.95,3259,2021-05-10 14:25:00,TXRH
103.89,104.03,103.76,103.83,2833,2021-05-10 14:30:00,TXRH
103.78,103.99,103.78,103.99,4804,2021-05-10 14:35:00,TXRH
104.1,104.14,103.91,104.09,2900,2021-05-10 14:40:00,TXRH
104.09,104.09,103.73,103.8,6151,2021-05-10 14:45:00,TXRH
103.775,104.0,103.775,104.0,2700,2021-05-10 14:50:00,TXRH
104.0,104.12,103.91,104.07,2820,2021-05-10 14:55:00,TXRH
104.03,104.31,104.03,104.27,2965,2021-05-10 15:00:00,TXRH
104.275,104.31,104.1201,104.1201,3760,2021-05-10 15:05:00,TXRH
104.15,104.16,104.01,104.05,1737,2021-05-10 15:10:00,TXRH
104.0,104.14,103.78,104.08,2801,2021-05-10 15:15:00,TXRH
104.135,104.155,104.07,104.07,2667,2021-05-10 15:20:00,TXRH
104.07,104.18,103.94,103.94,3956,2021-05-10 15:25:00,TXRH
103.98,103.98,103.9,103.92,1600,2021-05-10 15:30:00,TXRH
103.95,104.01,103.69,103.82,3463,2021-05-10 15:35:00,TXRH
103.78,103.9,103.68,103.7,4392,2021-05-10 15:40:00,TXRH
103.7,103.72,103.49,103.51,2600,2021-05-10 15:45:00,TXRH
103.505,103.64,103.3861,103.64,2939,2021-05-10 15:50:00,TXRH
103.64,103.7075,103.5,103.5,1600,2021-05-10 15:55:00,TXRH
103.51,103.65,103.3413,103.51,5648,2021-05-10 16:00:00,TXRH
103.56,103.595,103.38,103.445,2600,2021-05-10 16:05:00,TXRH
103.39,103.64,103.39,103.51,3885,2021-05-10 16:10:00,TXRH
103.52,103.58,103.47,103.525,1918,2021-05-10 16:15:00,TXRH
103.51,103.65,103.41,103.51,4000,2021-05-10 16:20:00,TXRH
103.57,103.72,103.5,103.55,4624,2021-05-10 16:25:00,TXRH
103.565,103.6,103.41,103.41,1100,2021-05-10 16:30:00,TXRH
103.44,103.58,103.37,103.37,2165,2021-05-10 16:35:00,TXRH
103.3,103.46,103.04,103.04,1900,2021-05-10 16:40:00,TXRH
103.12,103.22,102.91,102.91,3679,2021-05-10 16:45:00,TXRH
102.94,102.94,102.66,102.685,6500,2021-05-10 16:50:00,TXRH
102.67,102.88,102.55,102.605,7819,2021-05-10 16:55:00,TXRH
102.57,102.71,102.495,102.635,4120,2021-05-10 17:00:00,TXRH
102.68,102.72,102.4201,102.545,8754,2021-05-10 17:05:00,TXRH
102.52,102.63,102.48,102.63,2970,2021-05-10 17:10:00,TXRH
102.595,102.595,102.36,102.38,4730,2021-05-10 17:15:00,TXRH
102.41,102.53,102.37,102.52,3371,2021-05-10 17:20:00,TXRH
102.52,102.52,102.35,102.37,2632,2021-05-10 17:25:00,TXRH
102.33,102.33,102.16,102.25,5813,2021-05-10 17:30:00,TXRH
102.265,102.31,102.08,102.08,3000,2021-05-10 17:35:00,TXRH
102.16,102.7,102.09,102.7,22696,2021-05-10 17:40:00,TXRH
102.64,102.68,102.435,102.48,4555,2021-05-10 17:45:00,TXRH
102.49,102.5,102.18,102.18,3174,2021-05-10 17:50:00,TXRH
102.18,102.338,102.07,102.28,5735,2021-05-10 17:55:00,TXRH
102.2,102.39,102.06,102.29,4477,2021-05-10 18:00:00,TXRH
102.41,102.41,102.11,102.12,4230,2021-05-10 18:05:00,TXRH
102.165,102.265,101.97,102.255,11915,2021-05-10 18:10:00,TXRH
102.34,102.34,102.13,102.17,17879,2021-05-10 18:15:00,TXRH
102.28,102.51,102.12,102.51,21514,2021-05-10 18:20:00,TXRH
102.53,102.57,102.27,102.27,14000,2021-05-10 18:25:00,TXRH
102.27,102.27,101.97,102.14,5724,2021-05-10 18:30:00,TXRH
102.29,102.39,102.14,102.28,5551,2021-05-10 18:35:00,TXRH
102.24,102.25,101.93,101.93,5614,2021-05-10 18:40:00,TXRH
101.915,101.97,101.83,101.89,3019,2021-05-10 18:45:00,TXRH
101.84,101.84,101.67,101.75,4230,2021-05-10 18:50:00,TXRH
101.76,102.125,101.715,102.125,4148,2021-05-10 18:55:00,TXRH
102.13,102.17,101.98,102.1,6463,2021-05-10 19:00:00,TXRH
102.16,102.18,101.95,102.18,4024,2021-05-10 19:05:00,TXRH
102.185,102.26,102.1,102.1,5600,2021-05-10 19:10:00,TXRH
102.075,102.15,101.76,101.82,17339,2021-05-10 19:15:00,TXRH
101.94,102.09,101.64,102.08,8923,2021-05-10 19:20:00,TXRH
102.035,102.21,101.99,101.99,9756,2021-05-10 19:25:00,TXRH
102.04,102.11,101.89,102.11,8466,2021-05-10 19:30:00,TXRH
102.03,102.14,101.8,102.07,18520,2021-05-10 19:35:00,TXRH
102.035,102.07,101.84,101.91,12915,2021-05-10 19:40:00,TXRH
101.95,101.9675,101.65,101.8,12766,2021-05-10 19:45:00,TXRH
101.8,101.86,101.68,101.68,26428,2021-05-10 19:50:00,TXRH
101.69,101.73,101.46,101.47,44681,2021-05-10 19:55:00,TXRH
101.47,101.5,101.47,101.5,53299,2021-05-10 20:00:00,TXRH
102.5,102.5,102.5,102.5,190,2021-05-10 20:20:00,TXRH
101.62,101.62,101.62,101.62,245,2021-05-10 20:35:00,TXRH
101.62,101.62,101.62,101.62,200,2021-05-10 20:40:00,TXRH
101.62,101.62,101.62,101.62,300,2021-05-10 20:50:00,TXRH
100.5,100.5,100.5,100.5,100,2021-05-11 13:25:00,TXRH
100.09,100.93,99.51,99.92,16547,2021-05-11 13:30:00,TXRH
100.0,100.375,99.57,99.87,6586,2021-05-11 13:35:00,TXRH
100.17,100.17,99.9,99.9,1500,2021-05-11 13:40:00,TXRH
100.0,100.02,99.76,99.76,2742,2021-05-11 13:45:00,TXRH
99.73,100.055,99.7,99.94,6573,2021-05-11 13:50:00,TXRH
99.85,100.31,99.82,100.21,7670,2021-05-11 13:55:00,TXRH
100.36,100.72,100.34,100.54,2489,2021-05-11 14:00:00,TXRH
100.615,100.615,99.83,100.0,4958,2021-05-11 14:05:00,TXRH
99.91,100.05,99.75,99.77,3297,2021-05-11 14:10:00,TXRH
99.45,100.033,99.42,99.59,7613,2021-05-11 14:15:00,TXRH
99.695,99.92,99.6,99.77,4333,2021-05-11 14:20:00,TXRH
99.59,99.59,98.96,98.97,9429,2021-05-11 14:25:00,TXRH
99.025,99.18,98.9,99.16,6006,2021-05-11 14:30:00,TXRH
99.07,99.18,98.96,99.085,6094,2021-05-11 14:35:00,TXRH
98.97,99.32,98.97,99.17,6757,2021-05-11 14:40:00,TXRH
99.155,99.44,98.815,99.32,6811,2021-05-11 14:45:00,TXRH
99.51,99.93,99.47,99.8,4280,2021-05-11 14:50:00,TXRH
99.77,100.1828,99.77,99.865,5315,2021-05-11 14:55:00,TXRH
99.85,99.85,99.41,99.41,5250,2021-05-11 15:00:00,TXRH
99.485,99.675,99.485,99.58,3780,2021-05-11 15:05:00,TXRH
99.55,99.95,99.55,99.86,3740,2021-05-11 15:10:00,TXRH
99.89,100.36,99.85,100.36,9033,2021-05-11 15:15:00,TXRH
100.325,100.335,100.28,100.32,1600,2021-05-11 15:20:00,TXRH
100.34,100.4,100.27,100.38,2933,2021-05-11 15:25:00,TXRH
100.39,100.4,100.14,100.15,34588,2021-05-11 15:30:00,TXRH
100.15,100.2,99.72,99.77,41275,2021-05-11 15:35:00,TXRH
99.78,99.78,99.3,99.31,14449,2021-05-11 15:40:00,TXRH
99.3,99.66,99.21,99.635,25528,2021-05-11 15:45:00,TXRH
99.76,99.91,99.65,99.83,11911,2021-05-11 15:50:00,TXRH
99.86,99.98,99.53,99.53,2546,2021-05-11 15:55:00,TXRH
99.49,99.51,99.37,99.385,3900,2021-05-11 16:00:00,TXRH
99.38,99.38,99.18,99.18,3316,2021-05-11 16:05:00,TXRH
99.09,99.19,99.09,99.16,500,2021-05-11 16:10:00,TXRH
99.18,99.29,98.8,98.8751,5532,2021-05-11 16:15:00,TXRH
98.87,98.9,98.67,98.72,1400,2021-05-11 16:20:00,TXRH
98.63,98.66,98.33,98.535,7023,2021-05-11 16:25:00,TXRH
98.465,98.515,98.23,98.32,1200,2021-05-11 16:30:00,TXRH
98.33,98.565,98.33,98.51,1200,2021-05-11 16:35:00,TXRH
98.66,98.66,98.33,98.42,10174,2021-05-11 16:40:00,TXRH
98.5,98.5,98.23,98.35,3325,2021-05-11 16:45:00,TXRH
98.255,98.255,97.78,97.84,6051,2021-05-11 16:50:00,TXRH
97.865,97.93,97.7,97.9,1300,2021-05-11 16:55:00,TXRH
97.81,98.49,97.81,98.485,13269,2021-05-11 17:00:00,TXRH
98.48,99.01,98.42,98.99,56708,2021-05-11 17:05:00,TXRH
99.025,99.095,98.83,98.97,10281,2021-05-11 17:10:00,TXRH
98.97,99.045,98.88,99.03,2705,2021-05-11 17:15:00,TXRH
99.17,99.17,98.98,99.08,5043,2021-05-11 17:20:00,TXRH
99.05,99.75,99.03,99.71,14681,2021-05-11 17:25:00,TXRH
99.7,99.76,99.59,99.71,8241,2021-05-11 17:30:00,TXRH
99.68,99.83,99.68,99.73,4357,2021-05-11 17:35:00,TXRH
99.72,100.05,99.71,99.825,8079,2021-05-11 17:40:00,TXRH
99.75,100.03,99.73,99.94,6413,2021-05-11 17:45:00,TXRH
99.945,100.01,99.86,99.93,8119,2021-05-11 17:50:00,TXRH
99.98,100.17,99.9101,99.945,6400,2021-05-11 17:55:00,TXRH
100.0,100.41,100.0,100.225,5447,2021-05-11 18:00:00,TXRH
100.2,100.2,99.905,100.03,6003,2021-05-11 18:05:00,TXRH
100.0,100.03,99.88,100.0,3700,2021-05-11 18:10:00,TXRH
99.975,100.05,99.88,100.02,3723,2021-05-11 18:15:00,TXRH
100.02,100.17,100.0,100.16,4466,2021-05-11 18:20:00,TXRH
100.16,100.285,100.03,100.285,5417,2021-05-11 18:25:00,TXRH
100.24,100.24,99.81,100.0,4700,2021-05-11 18:30:00,TXRH
99.94,100.08,99.64,99.76,6443,2021-05-11 18:35:00,TXRH
99.765,99.765,99.4,99.7,4887,2021-05-11 18:40:00,TXRH
99.64,99.97,99.63,99.97,2208,2021-05-11 18:45:00,TXRH
99.89,99.93,99.67,99.89,3500,2021-05-11 18:50:00,TXRH
99.83,99.99,99.57,99.57,5461,2021-05-11 18:55:00,TXRH
99.65,99.98,99.65,99.75,4220,2021-05-11 19:00:00,TXRH
99.75,99.82,99.5,99.57,4095,2021-05-11 19:05:00,TXRH
99.62,99.72,99.43,99.53,3654,2021-05-11 19:10:00,TXRH
99.47,99.85,99.47,99.745,3914,2021-05-11 19:15:00,TXRH
99.81,99.89,99.75,99.89,3445,2021-05-11 19:20:00,TXRH
99.95,100.09,99.95,100.05,4304,2021-05-11 19:25:00,TXRH
100.03,100.11,99.84,100.05,54519,2021-05-11 19:30:00,TXRH
100.07,100.08,99.66,99.76,16276,2021-05-11 19:35:00,TXRH
99.73,100.01,99.73,99.9939,8598,2021-05-11 19:40:00,TXRH
99.965,100.24,99.86,100.24,8722,2021-05-11 19:45:00,TXRH
100.27,100.27,99.92,100.08,22478,2021-05-11 19:50:00,TXRH
100.07,100.165,99.99,100.05,49761,2021-05-11 19:55:00,TXRH
100.04,100.04,100.04,100.04,54959,2021-05-11 20:00:00,TXRH
100.0933,100.0933,100.0933,100.0933,246,2021-05-12 12:55:00,TXRH
99.48,99.99,99.03,99.24,12823,2021-05-12 13:30:00,TXRH
99.24,99.63,98.53,98.74,8311,2021-05-12 13:35:00,TXRH
98.59,98.655,98.0,98.19,1595,2021-05-12 13:40:00,TXRH
98.45,98.57,97.83,98.125,5088,2021-05-12 13:45:00,TXRH
97.98,98.16,97.65,97.95,1800,2021-05-12 13:50:00,TXRH
97.72,97.93,97.38,97.383,2800,2021-05-12 13:55:00,TXRH
97.485,97.905,97.12,97.61,6846,2021-05-12 14:00:00,TXRH
97.735,98.12,97.71,97.96,7676,2021-05-12 14:05:00,TXRH
98.17,98.31,98.04,98.04,2185,2021-05-12 14:10:00,TXRH
98.03,98.11,97.92,98.01,3053,2021-05-12 14:15:00,TXRH
98.015,98.11,97.8,97.8,2287,2021-05-12 14:20:00,TXRH
97.765,97.79,97.37,97.48,3203,2021-05-12 14:25:00,TXRH
97.34,97.435,97.12,97.215,5942,2021-05-12 14:30:00,TXRH
97.24,97.615,97.24,97.31,4711,2021-05-12 14:35:00,TXRH
97.26,97.3,96.89,97.18,5527,2021-05-12 14:40:00,TXRH
97.06,97.15,96.55,96.67,4245,2021-05-12 14:45:00,TXRH
96.82,97.03,96.605,96.605,7888,2021-05-12 14:50:00,TXRH
96.5,97.11,96.42,97.02,13995,2021-05-12 14:55:00,TXRH
97.09,97.48,97.05,97.48,3603,2021-05-12 15:00:00,TXRH
97.44,97.51,97.19,97.51,4600,2021-05-12 15:05:00,TXRH
97.45,97.55,97.45,97.53,1835,2021-05-12 15:10:00,TXRH
97.5,97.5,97.275,97.36,5703,2021-05-12 15:15:00,TXRH
97.31,97.32,97.15,97.17,5000,2021-05-12 15:20:00,TXRH
97.1,97.14,96.98,97.12,4142,2021-05-12 15:25:00,TXRH
96.96,97.1,96.77,96.78,6935,2021-05-12 15:30:00,TXRH
96.75,96.895,96.685,96.83,7472,2021-05-12 15:35:00,TXRH
96.85,97.18,96.85,97.11,4380,2021-05-12 15:40:00,TXRH
97.12,97.14,96.905,96.91,4067,2021-05-12 15:45:00,TXRH
96.85,96.85,96.44,96.44,2853,2021-05-12 15:50:00,TXRH
96.41,96.44,96.21,96.31,2438,2021-05-12 15:55:00,TXRH
96.21,96.29,96.07,96.18,5204,2021-05-12 16:00:00,TXRH
96.3,96.32,96.06,96.06,4297,2021-05-12 16:05:00,TXRH
96.05,96.08,95.93,95.945,4511,2021-05-12 16:10:00,TXRH
95.87,95.95,95.74,95.9489,15132,2021-05-12 16:15:00,TXRH
95.84,96.035,95.78,95.99,4700,2021-05-12 16:20:00,TXRH
95.955,96.06,95.91,95.91,5871,2021-05-12 16:25:00,TXRH
95.89,96.16,95.805,96.075,3033,2021-05-12 16:30:00,TXRH
96.02,96.0799,95.85,95.86,4185,2021-05-12 16:35:00,TXRH
95.82,95.84,95.57,95.665,8956,2021-05-12 16:40:00,TXRH
95.64,95.92,95.64,95.87,2046,2021-05-12 16:45:00,TXRH
95.8804,96.37,95.8804,96.37,5045,2021-05-12 16:50:00,TXRH
96.21,96.2899,95.97,96.03,3517,2021-05-12 16:55:00,TXRH
95.99,96.2,95.955,96.2,4013,2021-05-12 17:00:00,TXRH
96.27,96.53,96.27,96.29,2474,2021-05-12 17:05:00,TXRH
96.18,96.6,96.18,96.52,2014,2021-05-12 17:10:00,TXRH
96.5,96.51,96.13,96.13,4374,2021-05-12 17:15:00,TXRH
96.13,96.13,96.05,96.05,1069,2021-05-12 17:20:00,TXRH
96.19,96.22,96.07,96.22,3746,2021-05-12 17:25:00,TXRH
96.2826,96.33,96.195,96.27,1232,2021-05-12 17:30:00,TXRH
96.275,96.52,96.21,96.48,6328,2021-05-12 17:35:00,TXRH
96.47,96.47,96.34,96.38,1522,2021-05-12 17:40:00,TXRH
96.34,96.38,96.2,96.22,2425,2021-05-12 17:45:00,TXRH
96.19,96.32,96.18,96.31,1932,2021-05-12 17:50:00,TXRH
96.27,96.545,96.27,96.48,2835,2021-05-12 17:55:00,TXRH
96.43,96.79,96.38,96.46,3660,2021-05-12 18:00:00,TXRH
96.48,96.645,96.48,96.625,1826,2021-05-12 18:05:00,TXRH
96.625,96.625,96.31,96.46,3765,2021-05-12 18:10:00,TXRH
96.41,96.46,96.2,96.26,2601,2021-05-12 18:15:00,TXRH
96.37,96.38,96.22,96.3,3165,2021-05-12 18:20:00,TXRH
96.27,96.38,96.27,96.38,2214,2021-05-12 18:25:00,TXRH
96.31,96.6,96.17,96.57,5689,2021-05-12 18:30:00,TXRH
96.51,96.56,96.35,96.48,2853,2021-05-12 18:35:00,TXRH
96.33,96.53,96.33,96.455,2477,2021-05-12 18:40:00,TXRH
96.48,96.615,96.31,96.56,4461,2021-05-12 18:45:00,TXRH
96.69,96.79,96.51,96.58,2879,2021-05-12 18:50:00,TXRH
96.45,96.475,96.1,96.24,8196,2021-05-12 18:55:00,TXRH
96.2,96.2,95.96,96.02,2880,2021-05-12 19:00:00,TXRH
95.96,96.03,95.84,95.93,5665,2021-05-12 19:05:00,TXRH
95.8897,95.8897,95.65,95.81,5956,2021-05-12 19:10:00,TXRH
95.78,95.84,95.57,95.57,6317,2021-05-12 19:15:00,TXRH
95.6151,95.669,95.22,95.22,7861,2021-05-12 19:20:00,TXRH
95.25,95.46,95.19,95.375,10175,2021-05-12 19:25:00,TXRH
95.31,95.56,95.03,95.44,7882,2021-05-12 19:30:00,TXRH
95.41,95.51,95.26,95.36,8138,2021-05-12 19:35:00,TXRH
95.35,95.47,95.26,95.44,8657,2021-05-12 19:40:00,TXRH
95.42,95.59,95.4,95.5,12018,2021-05-12 19:45:00,TXRH
95.45,95.52,95.19,95.19,21937,2021-05-12 19:50:00,TXRH
95.25,95.52,95.22,95.29,50871,2021-05-12 19:55:00,TXRH
95.29,95.3,95.29,95.29,65733,2021-05-12 20:00:00,TXRH
95.58,96.53,95.58,96.27,5142,2021-05-13 13:30:00,TXRH
96.75,96.8171,96.66,96.77,1019,2021-05-13 13:35:00,TXRH
97.0,97.0,96.31,96.31,4000,2021-05-13 13:40:00,TXRH
96.21,96.21,96.21,96.21,100,2021-05-13 13:45:00,TXRH
96.38,97.5,96.38,97.35,8664,2021-05-13 13:50:00,TXRH
97.34,97.34,96.93,96.96,8614,2021-05-13 13:55:00,TXRH
96.975,97.55,96.95,97.225,9013,2021-05-13 14:00:00,TXRH
97.31,97.49,97.03,97.03,3474,2021-05-13 14:05:00,TXRH
97.04,97.19,96.91,97.05,3594,2021-05-13 14:10:00,TXRH
97.09,97.2,97.06,97.06,1672,2021-05-13 14:15:00,TXRH
96.88,97.42,96.88,97.42,1100,2021-05-13 14:20:00,TXRH
97.33,97.42,97.17,97.34,8250,2021-05-13 14:25:00,TXRH
97.41,97.41,97.24,97.24,1314,2021-05-13 14:30:00,TXRH
97.23,97.23,97.05,97.16,2237,2021-05-13 14:35:00,TXRH
97.23,97.26,96.78,96.81,4285,2021-05-13 14:40:00,TXRH
96.75,96.825,96.45,96.45,4227,2021-05-13 14:45:00,TXRH
96.45,96.66,96.34,96.66,2560,2021-05-13 14:50:00,TXRH
96.93,96.93,96.66,96.93,4148,2021-05-13 14:55:00,TXRH
96.94,96.99,96.75,96.855,3986,2021-05-13 15:00:00,TXRH
96.88,96.91,96.635,96.635,10551,2021-05-13 15:05:00,TXRH
96.64,96.64,96.46,96.525,3940,2021-05-13 15:10:00,TXRH
96.48,96.71,96.48,96.57,2801,2021-05-13 15:15:00,TXRH
96.91,96.95,96.81,96.8543,2874,2021-05-13 15:20:00,TXRH
96.92,96.94,96.51,96.58,3419,2021-05-13 15:25:00,TXRH
96.52,96.6,96.39,96.43,11094,2021-05-13 15:30:00,TXRH
96.44,96.76,96.39,96.76,4780,2021-05-13 15:35:00,TXRH
96.82,96.82,96.22,96.22,3300,2021-05-13 15:40:00,TXRH
96.385,96.385,96.295,96.295,246,2021-05-13 15:45:00,TXRH
96.385,96.425,96.145,96.145,3100,2021-05-13 15:50:00,TXRH
96.25,96.32,95.81,95.855,3900,2021-05-13 15:55:00,TXRH
95.88,96.11,95.855,96.07,1500,2021-05-13 16:00:00,TXRH
96.03,96.25,96.03,96.25,200,2021-05-13 16:05:00,TXRH
96.3,96.3,96.14,96.14,2588,2021-05-13 16:10:00,TXRH
96.1,96.14,95.96,95.96,2799,2021-05-13 16:15:00,TXRH
95.97,95.98,95.83,95.865,2404,2021-05-13 16:20:00,TXRH
95.82,96.17,95.82,96.17,1300,2021-05-13 16:25:00,TXRH
96.17,96.35,96.14,96.15,3484,2021-05-13 16:30:00,TXRH
96.23,96.23,95.92,95.92,2300,2021-05-13 16:35:00,TXRH
95.91,95.91,95.685,95.75,1402,2021-05-13 16:40:00,TXRH
95.65,95.74,95.56,95.64,1400,2021-05-13 16:45:00,TXRH
95.61,95.71,95.43,95.45,2037,2021-05-13 16:50:00,TXRH
95.44,95.44,95.11,95.19,2399,2021-05-13 16:55:00,TXRH
95.18,95.29,95.04,95.275,2884,2021-05-13 17:00:00,TXRH
95.22,95.35,95.135,95.35,1521,2021-05-13 17:05:00,TXRH
95.31,95.6,95.31,95.59,2164,2021-05-13 17:10:00,TXRH
95.7,95.78,95.45,95.48,4127,2021-05-13 17:15:00,TXRH
95.51,95.51,95.13,95.13,2429,2021-05-13 17:20:00,TXRH
95.12,95.41,95.08,95.41,1402,2021-05-13 17:25:00,TXRH
95.37,95.42,95.0,95.15,3650,2021-05-13 17:30:00,TXRH
95.2,95.2,95.04,95.12,2613,2021-05-13 17:35:00,TXRH
95.0756,95.19,95.07,95.17,2219,2021-05-13 17:40:00,TXRH
95.14,95.18,94.9,94.99,2100,2021-05-13 17:45:00,TXRH
95.01,95.46,94.94,95.46,21356,2021-05-13 17:50:00,TXRH
95.44,95.45,95.25,95.25,3300,2021-05-13 17:55:00,TXRH
95.36,95.79,95.36,95.69,3074,2021-05-13 18:00:00,TXRH
95.71,96.12,95.58,95.935,6075,2021-05-13 18:05:00,TXRH
95.99,96.26,95.91,96.04,5484,2021-05-13 18:10:00,TXRH
96.0,96.08,95.81,95.81,4059,2021-05-13 18:15:00,TXRH
95.85,96.07,95.79,96.04,6321,2021-05-13 18:20:00,TXRH
96.035,96.25,95.98,96.25,3095,2021-05-13 18:25:00,TXRH
96.15,96.245,96.1,96.19,2967,2021-05-13 18:30:00,TXRH
96.275,96.41,96.23,96.34,3537,2021-05-13 18:35:00,TXRH
96.26,96.54,96.25,96.335,7463,2021-05-13 18:40:00,TXRH
96.34,96.37,96.15,96.37,4403,2021-05-13 18:45:00,TXRH
96.27,96.44,96.18,96.37,2232,2021-05-13 18:50:00,TXRH
96.38,96.38,95.99,95.99,3701,2021-05-13 18:55:00,TXRH
95.975,96.395,95.975,96.245,3459,2021-05-13 19:00:00,TXRH
96.27,96.62,96.27,96.51,2904,2021-05-13 19:05:00,TXRH
96.49,96.49,96.2,96.245,2883,2021-05-13 19:10:00,TXRH
96.33,96.4,96.27,96.27,1796,2021-05-13 19:15:00,TXRH
96.26,96.41,96.2,96.41,3021,2021-05-13 19:20:00,TXRH
96.435,96.89,96.435,96.83,8403,2021-05-13 19:25:00,TXRH
96.92,97.06,96.84,97.03,6887,2021-05-13 19:30:00,TXRH
97.07,97.255,96.97,97.2,3385,2021-05-13 19:35:00,TXRH
97.18,97.32,97.06,97.32,8654,2021-05-13 19:40:00,TXRH
97.31,97.32,97.11,97.155,16536,2021-05-13 19:45:00,TXRH
97.13,97.13,96.67,96.805,20990,2021-05-13 19:50:00,TXRH
96.81,96.87,96.555,96.8,32987,2021-05-13 19:55:00,TXRH
96.8,96.8,96.8,96.8,99246,2021-05-13 20:00:00,TXRH
97.12,97.12,97.12,97.12,100,2021-05-14 13:25:00,TXRH
97.07,97.97,97.0,97.3,6601,2021-05-14 13:30:00,TXRH
97.3,97.415,97.01,97.01,2100,2021-05-14 13:35:00,TXRH
97.11,98.06,97.11,97.81,2900,2021-05-14 13:40:00,TXRH
97.825,98.09,97.825,97.945,4000,2021-05-14 13:45:00,TXRH
97.96,98.05,97.91,98.02,1040,2021-05-14 13:50:00,TXRH
98.015,98.2,98.015,98.13,2300,2021-05-14 13:55:00,TXRH
98.1196,98.205,98.1196,98.205,2619,2021-05-14 14:00:00,TXRH
98.205,98.245,97.71,97.91,6063,2021-05-14 14:05:00,TXRH
97.8,98.1045,97.8,98.03,2859,2021-05-14 14:10:00,TXRH
98.03,98.16,97.97,98.0731,8998,2021-05-14 14:15:00,TXRH
98.32,98.405,98.19,98.19,2735,2021-05-14 14:20:00,TXRH
98.21,98.27,98.03,98.03,4023,2021-05-14 14:25:00,TXRH
98.12,98.24,98.06,98.24,7900,2021-05-14 14:30:00,TXRH
98.16,98.16,97.97,98.06,2300,2021-05-14 14:35:00,TXRH
98.06,98.295,97.9935,98.11,19172,2021-05-14 14:40:00,TXRH
98.02,98.305,98.0,98.255,4000,2021-05-14 14:45:00,TXRH
98.255,98.27,98.11,98.25,3674,2021-05-14 14:50:00,TXRH
98.18,98.31,98.01,98.085,2987,2021-05-14 14:55:00,TXRH
98.145,98.145,97.91,98.06,3201,2021-05-14 15:00:00,TXRH
98.08,98.2,97.86,97.86,3000,2021-05-14 15:05:00,TXRH
97.93,98.11,97.93,98.01,2100,2021-05-14 15:10:00,TXRH
98.04,98.16,98.03,98.035,3473,2021-05-14 15:15:00,TXRH
98.07,98.17,98.0,98.17,4329,2021-05-14 15:20:00,TXRH
98.22,98.22,97.98,97.98,5500,2021-05-14 15:25:00,TXRH
98.005,98.15,98.005,98.15,3400,2021-05-14 15:30:00,TXRH
98.15,98.28,98.1,98.22,3958,2021-05-14 15:35:00,TXRH
98.28,98.46,98.16,98.38,5238,2021-05-14 15:40:00,TXRH
98.38,98.46,98.35,98.43,3802,2021-05-14 15:45:00,TXRH
98.435,98.62,98.43,98.59,6588,2021-05-14 15:50:00,TXRH
98.58,98.6,98.39,98.43,7286,2021-05-14 15:55:00,TXRH
98.45,98.51,98.43,98.48,5700,2021-05-14 16:00:00,TXRH
98.62,98.7,98.62,98.685,1343,2021-05-14 16:05:00,TXRH
98.675,99.08,98.675,99.03,6509,2021-05-14 16:10:00,TXRH
99.1,99.1,98.69,98.69,4635,2021-05-14 16:15:00,TXRH
98.68,98.72,98.44,98.495,2857,2021-05-14 16:20:00,TXRH
98.53,98.55,98.45,98.55,2100,2021-05-14 16:25:00,TXRH
98.68,98.87,98.68,98.79,1379,2021-05-14 16:30:00,TXRH
98.78,98.84,98.72,98.73,4006,2021-05-14 16:35:00,TXRH
98.78,98.82,98.59,98.595,3240,2021-05-14 16:40:00,TXRH
98.53,98.7,98.53,98.67,2800,2021-05-14 16:45:00,TXRH
98.71,98.9,98.65,98.81,3500,2021-05-14 16:50:00,TXRH
98.96,99.09,98.85,98.91,4500,2021-05-14 16:55:00,TXRH
98.88,98.88,98.695,98.695,3500,2021-05-14 17:00:00,TXRH
98.7,98.84,98.61,98.615,3509,2021-05-14 17:05:00,TXRH
98.57,98.58,98.37,98.425,6040,2021-05-14 17:10:00,TXRH
98.42,98.45,98.25,98.375,1500,2021-05-14 17:15:00,TXRH
98.38,98.5,98.38,98.455,4023,2021-05-14 17:20:00,TXRH
98.42,98.465,98.41,98.41,1700,2021-05-14 17:25:00,TXRH
98.44,98.54,98.37,98.47,3300,2021-05-14 17:30:00,TXRH
98.48,98.49,98.22,98.22,7987,2021-05-14 17:35:00,TXRH
98.22,98.27,98.22,98.27,900,2021-05-14 17:40:00,TXRH
98.24,98.2783,98.07,98.255,3280,2021-05-14 17:45:00,TXRH
98.29,98.355,98.28,98.355,2200,2021-05-14 17:50:00,TXRH
98.345,98.375,98.26,98.305,4008,2021-05-14 17:55:00,TXRH
98.31,98.52,98.21,98.52,34004,2021-05-14 18:00:00,TXRH
98.52,98.52,98.305,98.32,11468,2021-05-14 18:05:00,TXRH
98.32,98.46,98.25,98.265,42973,2021-05-14 18:10:00,TXRH
98.275,98.29,98.19,98.19,11483,2021-05-14 18:15:00,TXRH
98.24,98.3144,98.2216,98.26,4272,2021-05-14 18:20:00,TXRH
98.26,98.85,98.24,98.72,5631,2021-05-14 18:25:00,TXRH
98.81,98.87,98.675,98.675,13092,2021-05-14 18:30:00,TXRH
98.675,98.705,98.59,98.59,7308,2021-05-14 18:35:00,TXRH
98.61,98.65,98.545,98.65,4300,2021-05-14 18:40:00,TXRH
98.66,98.68,98.62,98.64,3674,2021-05-14 18:45:00,TXRH
98.645,98.655,98.59,98.655,1721,2021-05-14 18:50:00,TXRH
98.65,98.6764,98.6,98.67,3469,2021-05-14 18:55:00,TXRH
98.645,98.645,98.33,98.36,8434,2021-05-14 19:00:00,TXRH
98.4,98.51,98.4,98.46,10396,2021-05-14 19:05:00,TXRH
98.46,98.7,98.46,98.65,6400,2021-05-14 19:10:00,TXRH
98.7,98.82,98.63,98.63,5683,2021-05-14 19:15:00,TXRH
98.64,98.75,98.59,98.59,4000,2021-05-14 19:20:00,TXRH
98.57,98.61,98.47,98.61,4139,2021-05-14 19:25:00,TXRH
98.705,98.705,98.3,98.35,11230,2021-05-14 19:30:00,TXRH
98.31,98.39,98.296,98.38,4034,2021-05-14 19:35:00,TXRH
98.42,98.53,98.39,98.47,17061,2021-05-14 19:40:00,TXRH
98.45,98.49,98.36,98.38,17380,2021-05-14 19:45:00,TXRH
98.4,98.7,98.35,98.7,24465,2021-05-14 19:50:00,TXRH
98.76,98.86,98.53,98.55,93728,2021-05-14 19:55:00,TXRH
98.55,98.55,98.55,98.55,112069,2021-05-14 20:00:00,TXRH
99.52,99.52,99.52,99.52,100,2021-05-17 08:10:00,TXRH
99.85,99.85,99.85,99.85,100,2021-05-17 08:15:00,TXRH
99.05,99.87,99.05,99.52,900,2021-05-17 09:15:00,TXRH
99.89,99.95,99.89,99.95,353,2021-05-17 10:50:00,TXRH
100.55,100.55,100.55,100.55,101,2021-05-17 12:10:00,TXRH
101.16,101.47,101.16,101.36,447,2021-05-17 13:00:00,TXRH
101.5,102.44,101.5,102.44,1005,2021-05-17 13:10:00,TXRH
102.32,102.32,102.32,102.32,200,2021-05-17 13:15:00,TXRH
101.63,101.63,101.63,101.63,100,2021-05-17 13:20:00,TXRH
101.62,101.62,101.62,101.62,237,2021-05-17 13:25:00,TXRH
101.25,101.67,99.5,99.98,42533,2021-05-17 13:30:00,TXRH
100.0785,100.17,98.99,99.14,8230,2021-05-17 13:35:00,TXRH
99.12,99.3,98.66,98.7,7942,2021-05-17 13:40:00,TXRH
98.64,98.775,98.1,98.1,5683,2021-05-17 13:45:00,TXRH
98.0,98.12,97.83,97.8601,2664,2021-05-17 13:50:00,TXRH
97.92,98.34,97.54,98.065,4115,2021-05-17 13:55:00,TXRH
98.075,98.795,98.075,98.75,5402,2021-05-17 14:00:00,TXRH
98.8,99.11,98.7077,99.06,2084,2021-05-17 14:05:00,TXRH
99.03,99.25,99.0,99.08,6884,2021-05-17 14:10:00,TXRH
99.06,99.3674,98.8801,99.31,6303,2021-05-17 14:15:00,TXRH
99.3,99.31,99.0523,99.0523,4412,2021-05-17 14:20:00,TXRH
99.155,99.21,98.5,98.5,8033,2021-05-17 14:25:00,TXRH
98.46,98.56,98.17,98.2,6599,2021-05-17 14:30:00,TXRH
98.25,98.975,98.245,98.91,3495,2021-05-17 14:35:00,TXRH
99.225,99.48,99.09,99.17,6673,2021-05-17 14:40:00,TXRH
99.22,99.42,99.15,99.32,11828,2021-05-17 14:45:00,TXRH
99.27,99.44,99.21,99.28,2880,2021-05-17 14:50:00,TXRH
99.27,99.445,98.93,98.93,4200,2021-05-17 14:55:00,TXRH
98.93,98.932,98.48,98.81,4780,2021-05-17 15:00:00,TXRH
98.83,99.095,98.83,98.91,2117,2021-05-17 15:05:00,TXRH
98.69,98.8,98.6,98.77,957,2021-05-17 15:10:00,TXRH
98.76,98.95,98.67,98.81,2050,2021-05-17 15:15:00,TXRH
98.86,99.025,98.8,98.8,1751,2021-05-17 15:20:00,TXRH
98.87,99.21,98.87,98.96,13139,2021-05-17 15:25:00,TXRH
98.99,99.13,98.83,98.84,4259,2021-05-17 15:30:00,TXRH
98.89,99.15,98.89,99.01,2440,2021-05-17 15:35:00,TXRH
98.97,99.1,98.91,98.91,3780,2021-05-17 15:40:00,TXRH
98.925,99.01,98.88,98.88,1000,2021-05-17 15:45:00,TXRH
98.92,98.92,98.61,98.61,3236,2021-05-17 15:50:00,TXRH
98.655,98.77,98.655,98.77,1000,2021-05-17 15:55:00,TXRH
98.66,98.93,98.61,98.93,1500,2021-05-17 16:00:00,TXRH
98.86,99.02,98.86,98.92,1100,2021-05-17 16:05:00,TXRH
98.925,99.12,98.925,98.95,2309,2021-05-17 16:10:00,TXRH
98.89,99.22,98.89,99.21,2447,2021-05-17 16:15:00,TXRH
99.22,99.2617,99.15,99.15,760,2021-05-17 16:20:00,TXRH
99.22,99.39,99.195,99.39,1555,2021-05-17 16:25:00,TXRH
99.3,99.35,99.1,99.16,2613,2021-05-17 16:30:00,TXRH
99.25,99.4,99.2,99.4,3400,2021-05-17 16:35:00,TXRH
99.34,99.44,99.2,99.2,1805,2021-05-17 16:40:00,TXRH
99.31,99.34,99.17,99.34,27100,2021-05-17 16:45:00,TXRH
99.29,99.32,99.05,99.05,3814,2021-05-17 16:50:00,TXRH
99.01,99.01,98.8,98.95,3136,2021-05-17 16:55:00,TXRH
98.98,99.01,98.91,98.94,1310,2021-05-17 17:00:00,TXRH
98.925,98.95,98.82,98.925,3753,2021-05-17 17:05:00,TXRH
98.87,98.915,98.81,98.82,1663,2021-05-17 17:10:00,TXRH
98.85,98.92,98.65,98.75,4186,2021-05-17 17:15:00,TXRH
98.69,98.795,98.61,98.795,3050,2021-05-17 17:20:00,TXRH
98.74,98.905,98.74,98.8,1772,2021-05-17 17:25:00,TXRH
98.85,98.9599,98.71,98.72,4894,2021-05-17 17:30:00,TXRH
98.84,98.995,98.84,98.91,1270,2021-05-17 17:35:00,TXRH
98.95,98.95,98.67,98.77,3976,2021-05-17 17:40:00,TXRH
98.74,98.97,98.74,98.97,1200,2021-05-17 17:45:00,TXRH
98.91,99.11,98.91,99.055,3858,2021-05-17 17:50:00,TXRH
99.055,99.26,98.93,98.93,6202,2021-05-17 17:55:00,TXRH
99.03,99.035,98.7906,98.89,4452,2021-05-17 18:00:00,TXRH
98.915,99.04,98.915,98.945,2133,2021-05-17 18:05:00,TXRH
99.0,99.08,98.93,99.02,3577,2021-05-17 18:10:00,TXRH
99.06,99.15,98.98,99.095,3828,2021-05-17 18:15:00,TXRH
99.08,99.27,99.08,99.27,1800,2021-05-17 18:20:00,TXRH
99.215,99.24,99.14,99.1601,2550,2021-05-17 18:25:00,TXRH
99.23,99.43,99.23,99.28,10739,2021-05-17 18:30:00,TXRH
99.25,99.335,99.005,99.005,7187,2021-05-17 18:35:00,TXRH
98.94,99.1,98.925,99.08,2266,2021-05-17 18:40:00,TXRH
99.115,99.18,99.08,99.175,1961,2021-05-17 18:45:00,TXRH
99.19,99.42,99.16,99.37,3526,2021-05-17 18:50:00,TXRH
99.4,99.44,99.11,99.17,34900,2021-05-17 18:55:00,TXRH
99.12,99.29,99.12,99.29,6488,2021-05-17 19:00:00,TXRH
99.35,99.425,99.3,99.33,1800,2021-05-17 19:05:00,TXRH
99.31,99.31,99.19,99.19,2569,2021-05-17 19:10:00,TXRH
99.2,99.325,99.2,99.325,2630,2021-05-17 19:15:00,TXRH
99.315,99.315,99.19,99.21,1825,2021-05-17 19:20:00,TXRH
99.19,99.36,99.165,99.34,3873,2021-05-17 19:25:00,TXRH
99.36,99.39,99.245,99.3,4087,2021-05-17 19:30:00,TXRH
99.27,99.27,99.05,99.19,4726,2021-05-17 19:35:00,TXRH
99.21,99.5,99.21,99.41,8843,2021-05-17 19:40:00,TXRH
99.41,99.5899,99.4,99.45,9845,2021-05-17 19:45:00,TXRH
99.44,99.73,99.415,99.67,14969,2021-05-17 19:50:00,TXRH
99.68,99.88,99.63,99.67,34074,2021-05-17 19:55:00,TXRH
99.67,99.67,99.67,99.67,178828,2021-05-17 20:00:00,TXRH
99.67,99.67,99.67,99.67,100,2021-05-17 23:40:00,TXRH
99.8,99.8,98.67,98.67,10625,2021-05-18 13:30:00,TXRH
98.82,99.16,98.6692,98.88,2334,2021-05-18 13:35:00,TXRH
98.88,99.32,98.88,99.32,818,2021-05-18 13:40:00,TXRH
99.48,99.48,99.14,99.385,2500,2021-05-18 13:45:00,TXRH
99.47,99.55,99.37,99.37,1576,2021-05-18 13:50:00,TXRH
99.46,99.69,99.2,99.35,4600,2021-05-18 13:55:00,TXRH
99.22,99.22,98.77,99.055,3998,2021-05-18 14:00:00,TXRH
99.095,99.16,98.9,99.04,3094,2021-05-18 14:05:00,TXRH
99.06,99.24,99.01,99.01,2899,2021-05-18 14:10:00,TXRH
99.15,99.21,98.84,98.84,4615,2021-05-18 14:15:00,TXRH
98.82,99.1136,98.74,99.07,4117,2021-05-18 14:20:00,TXRH
99.04,99.07,98.88,99.0,1600,2021-05-18 14:25:00,TXRH
98.92,98.945,98.58,98.72,3714,2021-05-18 14:30:00,TXRH
98.79,99.04,98.79,98.955,4470,2021-05-18 14:35:00,TXRH
98.97,98.99,98.55,98.55,3278,2021-05-18 14:40:00,TXRH
98.56,99.31,98.56,99.25,12914,2021-05-18 14:45:00,TXRH
99.3,99.31,98.945,98.96,4083,2021-05-18 14:50:00,TXRH
98.88,99.01,98.74,99.0,46668,2021-05-18 14:55:00,TXRH
98.99,98.99,98.59,98.59,2296,2021-05-18 15:00:00,TXRH
98.54,98.61,98.37,98.61,2467,2021-05-18 15:05:00,TXRH
98.72,98.83,98.7,98.83,2300,2021-05-18 15:10:00,TXRH
98.87,99.08,98.87,99.035,2448,2021-05-18 15:15:00,TXRH
99.03,99.29,99.03,99.285,8270,2021-05-18 15:20:00,TXRH
99.37,99.439,99.25,99.35,3394,2021-05-18 15:25:00,TXRH
99.29,99.29,98.95,99.02,6002,2021-05-18 15:30:00,TXRH
99.05,99.08,98.91,98.935,4194,2021-05-18 15:35:00,TXRH
98.95,98.99,98.79,98.98,2275,2021-05-18 15:40:00,TXRH
98.98,99.07,98.91,99.02,2510,2021-05-18 15:45:00,TXRH
99.0,99.0,98.78,98.78,625,2021-05-18 15:50:00,TXRH
98.83,98.84,98.7501,98.7633,1168,2021-05-18 15:55:00,TXRH
98.75,98.89,98.65,98.765,2539,2021-05-18 16:00:00,TXRH
98.7,98.795,98.67,98.795,1570,2021-05-18 16:05:00,TXRH
98.86,98.89,98.815,98.815,1110,2021-05-18 16:10:00,TXRH
98.78,98.78,98.62,98.64,4605,2021-05-18 16:15:00,TXRH
98.66,98.72,98.63,98.66,2400,2021-05-18 16:20:00,TXRH
98.68,98.69,98.59,98.59,3100,2021-05-18 16:25:00,TXRH
98.63,98.66,98.61,98.64,4280,2021-05-18 16:30:00,TXRH
98.65,98.65,98.58,98.62,2820,2021-05-18 16:35:00,TXRH
98.6381,98.6381,98.58,98.58,729,2021-05-18 16:40:00,TXRH
98.6,98.91,98.53,98.91,4672,2021-05-18 16:45:00,TXRH
98.81,98.91,98.79,98.91,1400,2021-05-18 16:50:00,TXRH
98.95,98.95,98.81,98.81,2225,2021-05-18 16:55:00,TXRH
98.79,98.84,98.77,98.78,2124,2021-05-18 17:00:00,TXRH
98.71,98.84,98.7,98.84,1863,2021-05-18 17:05:00,TXRH
98.87,98.99,98.85,98.99,1457,2021-05-18 17:10:00,TXRH
98.93,98.93,98.8,98.82,4849,2021-05-18 17:15:00,TXRH
98.81,98.87,98.8,98.83,2400,2021-05-18 17:20:00,TXRH
98.87,98.98,98.87,98.98,1328,2021-05-18 17:25:00,TXRH
98.99,98.9988,98.94,98.9522,1000,2021-05-18 17:30:00,TXRH
98.95,98.95,98.84,98.905,2246,2021-05-18 17:35:00,TXRH
98.85,98.9,98.73,98.81,8846,2021-05-18 17:40:00,TXRH
98.78,98.81,98.61,98.61,1232,2021-05-18 17:45:00,TXRH
98.63,98.805,98.63,98.6975,1200,2021-05-18 17:50:00,TXRH
98.7,98.7,98.48,98.48,2630,2021-05-18 17:55:00,TXRH
98.55,98.555,98.425,98.425,1856,2021-05-18 18:00:00,TXRH
98.32,98.63,98.32,98.52,3980,2021-05-18 18:05:00,TXRH
98.525,98.525,98.35,98.37,3363,2021-05-18 18:10:00,TXRH
98.36,98.45,98.29,98.42,3000,2021-05-18 18:15:00,TXRH
98.32,98.4,98.32,98.35,5498,2021-05-18 18:20:00,TXRH
98.28,98.29,98.108,98.13,868,2021-05-18 18:25:00,TXRH
98.16,98.2,98.04,98.04,2432,2021-05-18 18:30:00,TXRH
98.1,98.12,97.95,97.985,1880,2021-05-18 18:35:00,TXRH
97.94,98.01,97.7,97.7399,12145,2021-05-18 18:40:00,TXRH
97.71,97.87,97.57,97.63,15280,2021-05-18 18:45:00,TXRH
97.76,97.865,97.72,97.835,4903,2021-05-18 18:50:00,TXRH
97.8,97.91,97.71,97.84,5906,2021-05-18 18:55:00,TXRH
97.88,98.19,97.81,98.18,11689,2021-05-18 19:00:00,TXRH
98.2,98.53,98.2,98.53,2161,2021-05-18 19:05:00,TXRH
98.53,98.66,98.44,98.4833,4487,2021-05-18 19:10:00,TXRH
98.54,98.69,98.52,98.61,1738,2021-05-18 19:15:00,TXRH
98.61,98.7,98.55,98.64,3991,2021-05-18 19:20:00,TXRH
98.64,98.66,98.56,98.58,4289,2021-05-18 19:25:00,TXRH
98.54,98.62,98.54,98.57,2009,2021-05-18 19:30:00,TXRH
98.52,98.541,98.39,98.46,7017,2021-05-18 19:35:00,TXRH
98.53,98.67,98.485,98.53,4193,2021-05-18 19:40:00,TXRH
98.565,98.59,98.21,98.215,5599,2021-05-18 19:45:00,TXRH
98.18,98.18,97.94,98.05,21791,2021-05-18 19:50:00,TXRH
98.02,98.11,97.81,98.09,75580,2021-05-18 19:55:00,TXRH
98.1,98.1,98.1,98.1,220918,2021-05-18 20:00:00,TXRH
98.1,98.1,98.1,98.1,100,2021-05-18 20:10:00,TXRH
96.84,96.84,95.95,96.23,7124,2021-05-19 13:30:00,TXRH
95.59,95.72,95.47,95.65,1900,2021-05-19 13:35:00,TXRH
95.74,95.91,95.37,95.91,1300,2021-05-19 13:40:00,TXRH
95.89,96.27,95.67,96.12,3380,2021-05-19 13:45:00,TXRH
96.11,96.33,95.82,96.09,5517,2021-05-19 13:50:00,TXRH
95.98,96.25,95.83,96.02,15518,2021-05-19 13:55:00,TXRH
96.01,96.19,95.5581,95.59,4389,2021-05-19 14:00:00,TXRH
95.6,95.88,95.55,95.6,5604,2021-05-19 14:05:00,TXRH
95.58,95.72,95.25,95.59,4296,2021-05-19 14:10:00,TXRH
95.44,95.82,95.42,95.74,7368,2021-05-19 14:15:00,TXRH
95.61,95.86,95.49,95.65,2617,2021-05-19 14:20:00,TXRH
95.675,96.04,95.55,95.89,5544,2021-05-19 14:25:00,TXRH
95.71,95.92,95.59,95.92,7954,2021-05-19 14:30:00,TXRH
95.92,96.22,95.75,95.98,8307,2021-05-19 14:35:00,TXRH
95.96,95.96,95.69,95.76,3307,2021-05-19 14:40:00,TXRH
95.87,95.99,95.65,95.78,9269,2021-05-19 14:45:00,TXRH
95.83,96.19,95.78,96.185,5285,2021-05-19 14:50:00,TXRH
96.24,96.48,96.24,96.45,4416,2021-05-19 14:55:00,TXRH
96.39,96.39,95.83,95.84,4096,2021-05-19 15:00:00,TXRH
95.88,96.28,95.855,96.21,1119,2021-05-19 15:05:00,TXRH
96.2,96.43,96.17,96.18,7543,2021-05-19 15:10:00,TXRH
96.33,96.49,96.23,96.23,908,2021-05-19 15:15:00,TXRH
96.23,96.64,96.23,96.6,2229,2021-05-19 15:20:00,TXRH
96.5,96.65,96.45,96.65,1315,2021-05-19 15:25:00,TXRH
96.69,96.69,96.38,96.51,2632,2021-05-19 15:30:00,TXRH
96.6049,96.7799,96.6,96.7079,2377,2021-05-19 15:35:00,TXRH
96.86,96.905,96.73,96.73,2008,2021-05-19 15:40:00,TXRH
96.73,96.965,96.69,96.92,1406,2021-05-19 15:45:00,TXRH
96.99,97.17,96.8,97.17,2669,2021-05-19 15:50:00,TXRH
97.23,97.37,97.23,97.37,2040,2021-05-19 15:55:00,TXRH
97.29,97.5,97.2,97.2,6690,2021-05-19 16:00:00,TXRH
97.28,97.34,97.13,97.34,1930,2021-05-19 16:05:00,TXRH
97.39,97.58,97.355,97.56,1473,2021-05-19 16:10:00,TXRH
97.55,97.95,97.465,97.93,7005,2021-05-19 16:15:00,TXRH
97.94,97.99,97.68,97.68,5947,2021-05-19 16:20:00,TXRH
97.74,97.77,97.62,97.675,5500,2021-05-19 16:25:00,TXRH
97.68,97.82,97.62,97.7,9423,2021-05-19 16:30:00,TXRH
97.7,97.7,97.435,97.57,8044,2021-05-19 16:35:00,TXRH
97.52,97.67,97.47,97.535,4424,2021-05-19 16:40:00,TXRH
97.56,97.635,97.46,97.6,2530,2021-05-19 16:45:00,TXRH
97.6,97.81,97.55,97.8,2643,2021-05-19 16:50:00,TXRH
97.8,97.85,97.67,97.7,1745,2021-05-19 16:55:00,TXRH
97.72,97.72,97.595,97.6,1400,2021-05-19 17:00:00,TXRH
97.58,97.9,97.58,97.89,1220,2021-05-19 17:05:00,TXRH
97.855,97.92,97.81,97.92,700,2021-05-19 17:10:00,TXRH
97.92,97.93,97.71,97.825,13478,2021-05-19 17:15:00,TXRH
97.825,97.825,97.54,97.54,1801,2021-05-19 17:20:00,TXRH
97.53,97.57,97.13,97.35,13102,2021-05-19 17:25:00,TXRH
97.4,97.44,97.27,97.27,1000,2021-05-19 17:30:00,TXRH
97.27,97.45,97.14,97.34,8323,2021-05-19 17:35:00,TXRH
97.39,97.42,97.29,97.35,2326,2021-05-19 17:40:00,TXRH
97.43,97.59,97.37,97.535,1000,2021-05-19 17:45:00,TXRH
97.6,97.6,97.26,97.53,2004,2021-05-19 17:50:00,TXRH
97.63,97.63,97.41,97.41,700,2021-05-19 17:55:00,TXRH
97.42,97.84,97.4,97.4,3233,2021-05-19 18:00:00,TXRH
97.16,97.39,97.0,97.39,8254,2021-05-19 18:05:00,TXRH
97.42,97.46,97.225,97.33,3062,2021-05-19 18:10:00,TXRH
97.26,97.26,96.98,97.01,3908,2021-05-19 18:15:00,TXRH
97.07,98.06,97.07,98.02,5800,2021-05-19 18:20:00,TXRH
97.89,98.11,97.82,98.05,2717,2021-05-19 18:25:00,TXRH
98.04,98.21,97.74,97.87,4090,2021-05-19 18:30:00,TXRH
97.77,98.025,97.49,97.65,11653,2021-05-19 18:35:00,TXRH
97.65,97.72,97.57,97.67,3831,2021-05-19 18:40:00,TXRH
97.75,97.78,97.6,97.66,7203,2021-05-19 18:45:00,TXRH
97.66,97.71,97.58,97.65,3651,2021-05-19 18:50:00,TXRH
97.71,97.92,97.55,97.72,3341,2021-05-19 18:55:00,TXRH
97.69,97.72,97.52,97.65,4485,2021-05-19 19:00:00,TXRH
97.7,97.89,97.57,97.89,2315,2021-05-19 19:05:00,TXRH
97.86,98.1,97.86,97.97,3035,2021-05-19 19:10:00,TXRH
97.9,98.12,97.89,98.09,3486,2021-05-19 19:15:00,TXRH
98.1,98.29,98.05,98.24,4632,2021-05-19 19:20:00,TXRH
98.25,98.28,98.05,98.15,4085,2021-05-19 19:25:00,TXRH
98.15,98.17,97.87,97.96,3958,2021-05-19 19:30:00,TXRH
97.89,97.93,97.68,97.85,6402,2021-05-19 19:35:00,TXRH
97.9083,97.92,97.75,97.75,5859,2021-05-19 19:40:00,TXRH
97.73,97.83,97.55,97.83,6983,2021-05-19 19:45:00,TXRH
97.88,98.1621,97.87,98.14,10674,2021-05-19 19:50:00,TXRH
98.17,98.43,98.17,98.4,34584,2021-05-19 19:55:00,TXRH
98.4,98.4,98.4,98.4,38597,2021-05-19 20:00:00,TXRH
96.01,96.01,96.01,96.01,100,2021-05-19 20:45:00,TXRH
97.97,98.97,97.59,98.0,29773,2021-05-20 13:30:00,TXRH
98.09,98.09,97.515,97.85,1646,2021-05-20 13:35:00,TXRH
97.84,98.44,97.74,98.44,2100,2021-05-20 13:40:00,TXRH
98.12,98.12,98.06,98.06,200,2021-05-20 13:45:00,TXRH
97.82,98.06,97.79,98.06,1200,2021-05-20 13:50:00,TXRH
98.0,98.26,98.0,98.185,2090,2021-05-20 13:55:00,TXRH
97.96,98.4,97.84,98.4,1945,2021-05-20 14:00:00,TXRH
98.32,98.485,98.18,98.18,2018,2021-05-20 14:05:00,TXRH
98.22,98.305,98.22,98.305,300,2021-05-20 14:10:00,TXRH
98.23,98.37,98.1,98.37,2245,2021-05-20 14:15:00,TXRH
98.35,98.49,97.95,98.37,4547,2021-05-20 14:20:00,TXRH
98.27,98.28,98.13,98.23,1754,2021-05-20 14:25:00,TXRH
98.19,98.31,98.0,98.14,4335,2021-05-20 14:30:00,TXRH
98.14,98.21,98.065,98.095,2738,2021-05-20 14:35:00,TXRH
98.14,98.18,98.01,98.07,3351,2021-05-20 14:40:00,TXRH
98.07,98.1,98.02,98.025,2315,2021-05-20 14:45:00,TXRH
97.95,97.96,97.77,97.835,5094,2021-05-20 14:50:00,TXRH
97.835,97.975,97.805,97.975,5421,2021-05-20 14:55:00,TXRH
98.04,98.0499,97.975,98.005,500,2021-05-20 15:00:00,TXRH
98.025,98.26,97.92,98.26,8682,2021-05-20 15:05:00,TXRH
98.18,98.49,98.18,98.41,6846,2021-05-20 15:10:00,TXRH
98.46,98.47,98.28,98.31,1500,2021-05-20 15:15:00,TXRH
98.41,98.45,98.24,98.26,5579,2021-05-20 15:20:00,TXRH
98.21,98.3,98.08,98.21,3053,2021-05-20 15:25:00,TXRH
98.16,98.37,98.16,98.31,2274,2021-05-20 15:30:00,TXRH
98.39,98.43,98.28,98.33,4091,2021-05-20 15:35:00,TXRH
98.33,98.42,98.2,98.3,4100,2021-05-20 15:40:00,TXRH
98.32,98.43,98.23,98.24,2500,2021-05-20 15:45:00,TXRH
98.34,98.44,98.31,98.38,1803,2021-05-20 15:50:00,TXRH
98.26,98.46,98.26,98.38,3011,2021-05-20 15:55:00,TXRH
98.32,98.325,98.08,98.09,2716,2021-05-20 16:00:00,TXRH
98.125,98.16,98.02,98.14,3210,2021-05-20 16:05:00,TXRH
98.145,98.145,97.895,97.895,5040,2021-05-20 16:10:00,TXRH
97.91,97.95,97.81,97.82,1900,2021-05-20 16:15:00,TXRH
97.8,97.95,97.8,97.825,3324,2021-05-20 16:20:00,TXRH
97.87,97.89,97.76,97.86,2815,2021-05-20 16:25:00,TXRH
97.83,97.91,97.75,97.75,2950,2021-05-20 16:30:00,TXRH
97.74,97.74,97.54,97.66,3200,2021-05-20 16:35:00,TXRH
97.58,97.77,97.52,97.52,2000,2021-05-20 16:40:00,TXRH
97.53,97.75,97.52,97.55,3876,2021-05-20 16:45:00,TXRH
97.55,97.65,97.51,97.51,600,2021-05-20 16:50:00,TXRH
97.54,97.6,97.54,97.6,1100,2021-05-20 16:55:00,TXRH
97.56,97.74,97.52,97.6,3815,2021-05-20 17:00:00,TXRH
97.635,97.775,97.635,97.67,3032,2021-05-20 17:05:00,TXRH
97.75,97.75,97.63,97.63,4101,2021-05-20 17:10:00,TXRH
97.63,97.64,97.47,97.47,3575,2021-05-20 17:15:00,TXRH
97.52,97.56,97.48,97.54,1100,2021-05-20 17:20:00,TXRH
97.54,97.64,97.54,97.55,1959,2021-05-20 17:25:00,TXRH
97.55,97.55,97.46,97.47,4598,2021-05-20 17:30:00,TXRH
97.46,97.56,97.43,97.47,6642,2021-05-20 17:35:00,TXRH
97.42,97.46,97.38,97.38,900,2021-05-20 17:40:00,TXRH
97.36,97.41,97.29,97.33,2112,2021-05-20 17:45:00,TXRH
97.36,97.39,97.19,97.33,2100,2021-05-20 17:50:00,TXRH
97.33,97.43,97.33,97.36,2098,2021-05-20 17:55:00,TXRH
97.36,97.44,97.32,97.44,1000,2021-05-20 18:00:00,TXRH
97.5,97.5,97.39,97.47,2920,2021-05-20 18:05:00,TXRH
97.47,97.51,97.4,97.44,2725,2021-05-20 18:10:00,TXRH
97.46,97.5,97.42,97.5,2600,2021-05-20 18:15:00,TXRH
97.505,97.52,97.29,97.29,2294,2021-05-20 18:20:00,TXRH
97.32,97.43,97.29,97.4,1600,2021-05-20 18:25:00,TXRH
97.43,97.43,97.27,97.32,3115,2021-05-20 18:30:00,TXRH
97.35,97.4074,97.275,97.35,3959,2021-05-20 18:35:00,TXRH
97.35,97.405,97.25,97.27,2800,2021-05-20 18:40:00,TXRH
97.27,97.32,97.22,97.27,2152,2021-05-20 18:45:00,TXRH
97.27,97.36,97.23,97.3,2220,2021-05-20 18:50:00,TXRH
97.35,97.4,97.26,97.4,3100,2021-05-20 18:55:00,TXRH
97.33,97.5,97.32,97.47,9662,2021-05-20 19:00:00,TXRH
97.48,97.5,97.38,97.41,4819,2021-05-20 19:05:00,TXRH
97.43,97.46,97.41,97.41,7008,2021-05-20 19:10:00,TXRH
97.45,97.46,97.32,97.32,11498,2021-05-20 19:15:00,TXRH
97.3,97.38,97.29,97.37,3266,2021-05-20 19:20:00,TXRH
97.38,97.48,97.21,97.245,39271,2021-05-20 19:25:00,TXRH
97.22,97.3,97.05,97.27,165565,2021-05-20 19:30:00,TXRH
97.21,97.53,97.18,97.5,11182,2021-05-20 19:35:00,TXRH
97.46,97.49,97.15,97.23,21438,2021-05-20 19:40:00,TXRH
97.23,97.25,97.02,97.02,17464,2021-05-20 19:45:00,TXRH
97.01,97.06,96.75,96.95,29448,2021-05-20 19:50:00,TXRH
96.985,97.1,96.92,96.98,40925,2021-05-20 19:55:00,TXRH
97.06,97.06,97.06,97.06,57872,2021-05-20 20:00:00,TXRH
96.53,96.53,96.53,96.53,100,2021-05-20 20:30:00,TXRH
97.0,97.0,97.0,97.0,100,2021-05-21 11:50:00,TXRH
97.47,98.1212,97.25,98.1212,15587,2021-05-21 13:30:00,TXRH
97.81,98.23,97.76,98.23,2145,2021-05-21 13:35:00,TXRH
98.27,98.56,98.19,98.45,3917,2021-05-21 13:40:00,TXRH
98.52,99.01,98.45,98.56,11325,2021-05-21 13:45:00,TXRH
98.76,98.76,98.25,98.515,2786,2021-05-21 13:50:00,TXRH
98.34,98.54,98.31,98.33,1900,2021-05-21 13:55:00,TXRH
98.29,98.315,98.07,98.16,1606,2021-05-21 14:00:00,TXRH
98.18,98.3,97.93,98.3,2322,2021-05-21 14:05:00,TXRH
98.32,98.42,98.15,98.15,4188,2021-05-21 14:10:00,TXRH
98.02,98.05,97.59,97.59,13410,2021-05-21 14:15:00,TXRH
97.75,97.75,97.25,97.255,12218,2021-05-21 14:20:00,TXRH
97.28,97.78,97.25,97.53,35030,2021-05-21 14:25:00,TXRH
97.5,97.63,97.5,97.57,2614,2021-05-21 14:30:00,TXRH
97.625,97.625,97.34,97.49,5607,2021-05-21 14:35:00,TXRH
97.48,97.48,97.41,97.46,615,2021-05-21 14:40:00,TXRH
97.67,97.75,97.5,97.75,2390,2021-05-21 14:45:00,TXRH
97.75,97.75,97.64,97.75,8919,2021-05-21 14:50:00,TXRH
97.75,97.78,97.66,97.75,3351,2021-05-21 14:55:00,TXRH
97.84,97.84,97.7,97.7,1085,2021-05-21 15:00:00,TXRH
97.775,97.79,97.645,97.79,1428,2021-05-21 15:05:00,TXRH
97.795,97.9,97.795,97.8,18503,2021-05-21 15:10:00,TXRH
97.76,97.8,97.48,97.5,5711,2021-05-21 15:15:00,TXRH
97.49,97.59,97.3,97.3,6882,2021-05-21 15:20:00,TXRH
97.38,97.38,96.93,96.96,9568,2021-05-21 15:25:00,TXRH
96.945,97.23,96.79,97.23,71606,2021-05-21 15:30:00,TXRH
97.21,97.32,97.2,97.32,2133,2021-05-21 15:35:00,TXRH
97.21,97.25,96.94,97.01,21691,2021-05-21 15:40:00,TXRH
97.0,97.12,96.95,97.065,1932,2021-05-21 15:45:00,TXRH
97.02,97.03,96.98,97.03,1200,2021-05-21 15:50:00,TXRH
97.04,97.04,96.89,96.99,1827,2021-05-21 15:55:00,TXRH
96.945,96.945,96.81,96.86,1749,2021-05-21 16:00:00,TXRH
96.88,96.93,96.55,96.57,1610,2021-05-21 16:05:00,TXRH
96.55,96.64,96.5,96.575,1994,2021-05-21 16:10:00,TXRH
96.55,96.69,96.55,96.665,1000,2021-05-21 16:15:00,TXRH
96.66,96.695,96.62,96.635,1717,2021-05-21 16:20:00,TXRH
96.7,96.77,96.64,96.73,1726,2021-05-21 16:25:00,TXRH
96.725,96.9,96.725,96.9,1902,2021-05-21 16:30:00,TXRH
96.87,96.87,96.74,96.82,2152,2021-05-21 16:35:00,TXRH
96.86,96.9,96.86,96.9,600,2021-05-21 16:40:00,TXRH
96.89,96.89,96.715,96.81,2281,2021-05-21 16:45:00,TXRH
96.82,96.96,96.79,96.96,5372,2021-05-21 16:50:00,TXRH
96.92,97.06,96.72,96.91,2100,2021-05-21 16:55:00,TXRH
96.97,96.97,96.84,96.91,1328,2021-05-21 17:00:00,TXRH
96.99,97.14,96.97,97.02,1299,2021-05-21 17:05:00,TXRH
97.0,97.08,96.99,97.08,1904,2021-05-21 17:10:00,TXRH
97.06,97.1,97.02,97.1,1000,2021-05-21 17:15:00,TXRH
97.11,97.31,97.075,97.23,2926,2021-05-21 17:20:00,TXRH
97.28,97.33,97.21,97.3,1607,2021-05-21 17:25:00,TXRH
97.26,97.45,97.26,97.38,2600,2021-05-21 17:30:00,TXRH
97.28,97.28,97.02,97.02,6900,2021-05-21 17:35:00,TXRH
97.045,97.08,96.98,97.03,1118,2021-05-21 17:40:00,TXRH
97.18,97.22,97.04,97.15,1200,2021-05-21 17:45:00,TXRH
97.15,97.17,97.01,97.01,1300,2021-05-21 17:50:00,TXRH
97.09,97.09,96.94,96.99,8520,2021-05-21 17:55:00,TXRH
96.955,96.955,96.63,96.72,9245,2021-05-21 18:00:00,TXRH
96.77,96.93,96.77,96.91,2323,2021-05-21 18:05:00,TXRH
96.8887,96.93,96.805,96.85,3259,2021-05-21 18:10:00,TXRH
96.88,96.96,96.7,96.87,7544,2021-05-21 18:15:00,TXRH
96.815,96.84,96.71,96.84,1300,2021-05-21 18:20:00,TXRH
96.77,96.82,96.42,96.45,7893,2021-05-21 18:25:00,TXRH
96.45,96.6,96.25,96.48,11717,2021-05-21 18:30:00,TXRH
96.47,96.68,96.26,96.67,95638,2021-05-21 18:35:00,TXRH
96.68,96.7,96.28,96.515,11692,2021-05-21 18:40:00,TXRH
96.45,96.84,96.45,96.84,8273,2021-05-21 18:45:00,TXRH
96.84,96.89,96.81,96.89,1600,2021-05-21 18:50:00,TXRH
96.92,97.05,96.6501,97.03,18885,2021-05-21 18:55:00,TXRH
96.94,97.07,96.805,96.86,2223,2021-05-21 19:00:00,TXRH
96.94,96.94,96.71,96.85,2410,2021-05-21 19:05:00,TXRH
96.84,96.99,96.83,96.83,1859,2021-05-21 19:10:00,TXRH
96.9,97.01,96.78,96.78,3682,2021-05-21 19:15:00,TXRH
96.84,96.93,96.72,96.72,3835,2021-05-21 19:20:00,TXRH
96.795,96.93,96.53,96.92,54844,2021-05-21 19:25:00,TXRH
96.94,96.97,96.79,96.815,4500,2021-05-21 19:30:00,TXRH
96.825,96.95,96.59,96.62,29963,2021-05-21 19:35:00,TXRH
96.65,96.855,96.57,96.6,6628,2021-05-21 19:40:00,TXRH
96.57,96.75,96.53,96.72,7861,2021-05-21 19:45:00,TXRH
96.75,96.84,96.63,96.71,16339,2021-05-21 19:50:00,TXRH
96.665,96.74,96.55,96.57,30475,2021-05-21 19:55:00,TXRH
96.57,96.62,96.57,96.62,39058,2021-05-21 20:00:00,TXRH
97.88,97.96,96.96,97.03,9437,2021-05-24 13:30:00,TXRH
97.11,97.49,97.11,97.49,1488,2021-05-24 13:35:00,TXRH
97.4,97.9,97.27,97.66,12310,2021-05-24 13:40:00,TXRH
97.45,97.72,97.38,97.53,6500,2021-05-24 13:45:00,TXRH
97.56,97.79,97.5,97.7,3425,2021-05-24 13:50:00,TXRH
97.82,98.0,97.44,97.45,9573,2021-05-24 13:55:00,TXRH
97.54,98.1,97.54,98.02,14169,2021-05-24 14:00:00,TXRH
98.11,98.25,97.985,98.05,5961,2021-05-24 14:05:00,TXRH
98.11,98.16,97.925,98.16,2080,2021-05-24 14:10:00,TXRH
98.225,98.36,98.15,98.16,2000,2021-05-24 14:15:00,TXRH
98.24,98.56,98.24,98.33,7468,2021-05-24 14:20:00,TXRH
98.36,98.54,98.33,98.33,4101,2021-05-24 14:25:00,TXRH
98.43,99.11,98.41,99.002,18557,2021-05-24 14:30:00,TXRH
98.91,99.12,98.89,99.105,2974,2021-05-24 14:35:00,TXRH
99.14,99.39,99.13,99.24,8025,2021-05-24 14:40:00,TXRH
99.15,99.23,98.52,98.52,5756,2021-05-24 14:45:00,TXRH
98.635,99.21,98.59,99.05,37079,2021-05-24 14:50:00,TXRH
99.05,99.05,98.79,98.85,3309,2021-05-24 14:55:00,TXRH
98.89,99.08,98.85,98.96,3400,2021-05-24 15:00:00,TXRH
99.0,99.05,98.84,98.86,6588,2021-05-24 15:05:00,TXRH
98.895,98.97,98.73,98.87,3115,2021-05-24 15:10:00,TXRH
98.98,99.1,98.8978,98.945,5488,2021-05-24 15:15:00,TXRH
98.93,98.97,98.845,98.92,1600,2021-05-24 15:20:00,TXRH
98.97,99.0,98.885,99.0,3302,2021-05-24 15:25:00,TXRH
98.97,98.99,98.79,98.795,8196,2021-05-24 15:30:00,TXRH
98.79,98.8,98.62,98.72,7699,2021-05-24 15:35:00,TXRH
98.71,98.82,98.56,98.67,17718,2021-05-24 15:40:00,TXRH
98.66,98.84,98.65,98.84,22989,2021-05-24 15:45:00,TXRH
98.84,98.915,98.64,98.64,8281,2021-05-24 15:50:00,TXRH
98.61,98.68,98.55,98.55,2300,2021-05-24 15:55:00,TXRH
98.53,98.53,98.42,98.49,3107,2021-05-24 16:00:00,TXRH
98.48,98.535,98.47,98.5,600,2021-05-24 16:05:00,TXRH
98.57,98.7,98.52,98.67,1300,2021-05-24 16:10:00,TXRH
98.75,98.85,98.72,98.72,2007,2021-05-24 16:15:00,TXRH
98.69,98.74,98.66,98.67,1713,2021-05-24 16:20:00,TXRH
98.69,98.81,98.59,98.68,1717,2021-05-24 16:25:00,TXRH
98.72,98.79,98.69,98.71,973,2021-05-24 16:30:00,TXRH
98.7,98.71,98.595,98.63,1622,2021-05-24 16:35:00,TXRH
98.6,98.62,98.55,98.585,2391,2021-05-24 16:40:00,TXRH
98.57,98.58,98.47,98.51,1000,2021-05-24 16:45:00,TXRH
98.53,98.55,98.41,98.41,2000,2021-05-24 16:50:00,TXRH
98.4,98.42,98.355,98.415,2523,2021-05-24 16:55:00,TXRH
98.415,98.62,98.415,98.62,1417,2021-05-24 17:00:00,TXRH
98.62,98.62,98.51,98.515,1022,2021-05-24 17:05:00,TXRH
98.485,98.7,98.485,98.69,3591,2021-05-24 17:10:00,TXRH
98.7,98.87,98.66,98.8,6076,2021-05-24 17:15:00,TXRH
98.81,98.81,98.675,98.78,4452,2021-05-24 17:20:00,TXRH
98.74,98.76,98.67,98.75,6245,2021-05-24 17:25:00,TXRH
98.9,98.95,98.85,98.94,2157,2021-05-24 17:30:00,TXRH
98.9,99.0,98.87,99.0,4453,2021-05-24 17:35:00,TXRH
98.97,99.0,98.86,98.98,6955,2021-05-24 17:40:00,TXRH
99.0,99.015,98.86,98.96,6957,2021-05-24 17:45:00,TXRH
99.0,99.0,98.89,98.915,2566,2021-05-24 17:50:00,TXRH
98.94,99.0,98.94,98.9748,4050,2021-05-24 17:55:00,TXRH
99.0,99.025,98.91,98.98,7800,2021-05-24 18:00:00,TXRH
99.0,99.09,99.0,99.09,4341,2021-05-24 18:05:00,TXRH
99.11,99.24,99.06,99.155,11590,2021-05-24 18:10:00,TXRH
99.18,99.21,99.13,99.15,6306,2021-05-24 18:15:00,TXRH
99.17,99.34,99.17,99.27,5260,2021-05-24 18:20:00,TXRH
99.275,99.33,99.26,99.3,4486,2021-05-24 18:25:00,TXRH
99.295,99.39,99.19,99.32,13685,2021-05-24 18:30:00,TXRH
99.39,99.39,99.23,99.27,3356,2021-05-24 18:35:00,TXRH
99.2775,99.2775,99.15,99.15,4300,2021-05-24 18:40:00,TXRH
99.165,99.25,99.09,99.195,8649,2021-05-24 18:45:00,TXRH
99.21,99.245,99.14,99.21,2800,2021-05-24 18:50:00,TXRH
99.16,99.49,99.16,99.38,5287,2021-05-24 18:55:00,TXRH
99.4,99.46,99.34,99.385,9762,2021-05-24 19:00:00,TXRH
99.41,99.5,99.37,99.37,3101,2021-05-24 19:05:00,TXRH
99.48,99.515,99.37,99.4,7073,2021-05-24 19:10:00,TXRH
99.46,99.515,99.38,99.42,10229,2021-05-24 19:15:00,TXRH
99.42,99.49,99.28,99.28,6086,2021-05-24 19:20:00,TXRH
99.29,99.37,99.28,99.345,5864,2021-05-24 19:25:00,TXRH
99.37,99.38,99.18,99.21,9718,2021-05-24 19:30:00,TXRH
99.25,99.27,99.17,99.2,7802,2021-05-24 19:35:00,TXRH
99.2099,99.395,99.2,99.38,15361,2021-05-24 19:40:00,TXRH
99.39,99.6,99.39,99.39,14256,2021-05-24 19:45:00,TXRH
99.32,99.32,99.12,99.135,24228,2021-05-24 19:50:00,TXRH
99.12,99.13,98.99,99.09,50501,2021-05-24 19:55:00,TXRH
99.06,99.06,99.06,99.06,53152,2021-05-24 20:00:00,TXRH
99.06,99.06,99.06,99.06,300,2021-05-24 23:30:00,TXRH
99.06,99.06,99.06,99.06,229,2021-05-25 12:25:00,TXRH
99.2,99.97,99.14,99.66,22480,2021-05-25 13:30:00,TXRH
99.74,99.79,99.65,99.65,3638,2021-05-25 13:35:00,TXRH
99.775,99.775,99.57,99.58,1789,2021-05-25 13:40:00,TXRH
99.705,99.705,99.17,99.19,800,2021-05-25 13:45:00,TXRH
99.245,99.325,98.805,98.89,2203,2021-05-25 13:50:00,TXRH
99.06,99.26,99.06,99.14,3299,2021-05-25 13:55:00,TXRH
99.09,99.26,98.98,99.135,2029,2021-05-25 14:00:00,TXRH
98.99,99.175,98.93,99.165,2200,2021-05-25 14:05:00,TXRH
99.13,99.31,99.1,99.1,3300,2021-05-25 14:10:00,TXRH
99.34,99.36,99.14,99.23,2760,2021-05-25 14:15:00,TXRH
99.255,99.27,98.91,99.06,2400,2021-05-25 14:20:00,TXRH
99.01,99.01,98.81,98.81,2478,2021-05-25 14:25:00,TXRH
98.79,98.8,98.41,98.435,1700,2021-05-25 14:30:00,TXRH
98.38,98.7,98.37,98.58,2100,2021-05-25 14:35:00,TXRH
98.68,98.72,98.49,98.71,3544,2021-05-25 14:40:00,TXRH
98.68,98.705,98.47,98.5,2800,2021-05-25 14:45:00,TXRH
98.545,98.5659,98.45,98.5659,2115,2021-05-25 14:50:00,TXRH
98.565,99.08,98.51,98.955,24775,2021-05-25 14:55:00,TXRH
98.89,98.89,98.28,98.335,3901,2021-05-25 15:00:00,TXRH
98.25,98.35,98.19,98.3,2100,2021-05-25 15:05:00,TXRH
98.28,98.53,98.28,98.53,5602,2021-05-25 15:10:00,TXRH
98.43,98.43,98.17,98.25,2150,2021-05-25 15:15:00,TXRH
98.26,98.38,98.17,98.22,1800,2021-05-25 15:20:00,TXRH
98.22,98.28,98.05,98.06,2131,2021-05-25 15:25:00,TXRH
98.16,98.16,97.85,98.04,2071,2021-05-25 15:30:00,TXRH
98.02,98.245,98.0,98.245,2592,2021-05-25 15:35:00,TXRH
98.29,98.3,98.16,98.2,3200,2021-05-25 15:40:00,TXRH
98.25,98.35,98.21,98.21,2300,2021-05-25 15:45:00,TXRH
98.27,98.27,98.1,98.15,9993,2021-05-25 15:50:00,TXRH
98.24,98.33,98.2,98.33,800,2021-05-25 15:55:00,TXRH
98.42,98.495,98.21,98.21,1961,2021-05-25 16:00:00,TXRH
98.26,98.35,98.2,98.35,1411,2021-05-25 16:05:00,TXRH
98.32,98.44,98.26,98.26,1618,2021-05-25 16:10:00,TXRH
98.31,98.4,98.27,98.39,3500,2021-05-25 16:15:00,TXRH
98.53,98.645,98.38,98.38,2700,2021-05-25 16:20:00,TXRH
98.37,98.59,98.37,98.53,2300,2021-05-25 16:25:00,TXRH
98.49,98.56,98.45,98.5,3001,2021-05-25 16:30:00,TXRH
98.58,98.58,98.5,98.51,600,2021-05-25 16:35:00,TXRH
98.57,98.595,98.52,98.59,2000,2021-05-25 16:40:00,TXRH
98.65,98.75,98.625,98.75,1904,2021-05-25 16:45:00,TXRH
98.72,98.75,98.61,98.74,4032,2021-05-25 16:50:00,TXRH
98.75,98.77,98.72,98.77,700,2021-05-25 16:55:00,TXRH
98.76,98.76,98.5,98.5,1900,2021-05-25 17:00:00,TXRH
98.54,98.54,98.2,98.5,3000,2021-05-25 17:05:00,TXRH
98.615,98.615,98.5,98.515,1200,2021-05-25 17:10:00,TXRH
98.515,98.57,98.43,98.57,1635,2021-05-25 17:15:00,TXRH
98.57,98.575,98.49,98.53,2310,2021-05-25 17:20:00,TXRH
98.49,98.51,98.34,98.51,2950,2021-05-25 17:25:00,TXRH
98.5,98.52,98.385,98.41,3078,2021-05-25 17:30:00,TXRH
98.365,98.425,98.27,98.27,1900,2021-05-25 17:35:00,TXRH
98.22,98.245,98.09,98.16,4400,2021-05-25 17:40:00,TXRH
98.22,98.38,98.22,98.33,1300,2021-05-25 17:45:00,TXRH
98.29,98.34,98.18,98.18,3719,2021-05-25 17:50:00,TXRH
98.29,98.34,98.23,98.27,2100,2021-05-25 17:55:00,TXRH
98.25,98.28,98.0,98.05,3640,2021-05-25 18:00:00,TXRH
98.09,98.15,98.02,98.11,2300,2021-05-25 18:05:00,TXRH
98.08,98.22,98.08,98.15,3211,2021-05-25 18:10:00,TXRH
98.11,98.24,98.03,98.13,2300,2021-05-25 18:15:00,TXRH
98.14,98.14,98.015,98.015,2258,2021-05-25 18:20:00,TXRH
98.04,98.07,97.98,98.06,2600,2021-05-25 18:25:00,TXRH
98.075,98.23,98.055,98.055,3400,2021-05-25 18:30:00,TXRH
98.05,98.18,98.05,98.18,2865,2021-05-25 18:35:00,TXRH
98.18,98.19,98.04,98.04,1900,2021-05-25 18:40:00,TXRH
98.0,98.0,97.85,97.87,2800,2021-05-25 18:45:00,TXRH
97.87,97.89,97.64,97.64,4063,2021-05-25 18:50:00,TXRH
97.72,97.74,97.63,97.74,2700,2021-05-25 18:55:00,TXRH
97.69,97.69,97.41,97.41,2600,2021-05-25 19:00:00,TXRH
97.47,97.55,97.4,97.42,3322,2021-05-25 19:05:00,TXRH
97.46,97.5,97.41,97.47,1600,2021-05-25 19:10:00,TXRH
97.4,97.67,97.36,97.64,3700,2021-05-25 19:15:00,TXRH
97.57,97.64,97.57,97.59,1200,2021-05-25 19:20:00,TXRH
97.62,97.63,97.5,97.53,3436,2021-05-25 19:25:00,TXRH
97.51,97.56,97.41,97.45,4976,2021-05-25 19:30:00,TXRH
97.42,97.53,97.39,97.53,5100,2021-05-25 19:35:00,TXRH
97.53,97.53,97.37,97.42,5923,2021-05-25 19:40:00,TXRH
97.41,97.45,97.24,97.24,7800,2021-05-25 19:45:00,TXRH
97.22,97.26,97.04,97.23,20576,2021-05-25 19:50:00,TXRH
97.18,97.38,97.12,97.24,34233,2021-05-25 19:55:00,TXRH
97.24,97.24,97.24,97.24,49366,2021-05-25 20:00:00,TXRH
98.01,98.01,98.01,98.01,100,2021-05-25 20:05:00,TXRH
96.9186,96.9186,96.9186,96.9186,500,2021-05-26 12:55:00,TXRH
97.8,98.61,97.45,98.29,4491,2021-05-26 13:30:00,TXRH
98.36,98.6,98.23,98.6,2400,2021-05-26 13:35:00,TXRH
99.0,99.07,98.675,98.675,3364,2021-05-26 13:40:00,TXRH
98.76,99.08,98.76,98.85,1809,2021-05-26 13:45:00,TXRH
98.75,99.15,98.75,98.94,1700,2021-05-26 13:50:00,TXRH
98.8,99.03,98.64,98.64,2969,2021-05-26 13:55:00,TXRH
98.58,98.65,98.38,98.47,1300,2021-05-26 14:00:00,TXRH
98.45,98.66,98.45,98.59,2098,2021-05-26 14:05:00,TXRH
98.58,98.7,98.515,98.695,2700,2021-05-26 14:10:00,TXRH
98.49,98.79,98.49,98.65,1817,2021-05-26 14:15:00,TXRH
98.65,98.91,98.6,98.88,2100,2021-05-26 14:20:00,TXRH
98.87,98.91,98.72,98.825,2199,2021-05-26 14:25:00,TXRH
98.75,98.79,98.565,98.565,2000,2021-05-26 14:30:00,TXRH
98.62,98.73,98.62,98.68,1771,2021-05-26 14:35:00,TXRH
98.79,98.83,98.48,98.57,1511,2021-05-26 14:40:00,TXRH
98.68,98.68,98.61,98.64,900,2021-05-26 14:45:00,TXRH
98.55,98.66,98.55,98.62,900,2021-05-26 14:50:00,TXRH
98.565,98.61,98.565,98.6,400,2021-05-26 14:55:00,TXRH
98.71,98.71,98.56,98.66,2549,2021-05-26 15:00:00,TXRH
98.64,98.8,98.62,98.67,3450,2021-05-26 15:05:00,TXRH
98.61,98.69,98.58,98.59,1827,2021-05-26 15:10:00,TXRH
98.59,98.63,98.57,98.57,1673,2021-05-26 15:15:00,TXRH
98.59,98.685,98.48,98.48,5400,2021-05-26 15:20:00,TXRH
98.46,98.53,98.34,98.52,2400,2021-05-26 15:25:00,TXRH
98.53,98.555,98.47,98.47,1005,2021-05-26 15:30:00,TXRH
98.5,98.585,98.44,98.57,1343,2021-05-26 15:35:00,TXRH
98.52,98.53,98.44,98.4498,800,2021-05-26 15:40:00,TXRH
98.62,98.64,98.49,98.54,2100,2021-05-26 15:45:00,TXRH
98.54,98.69,98.54,98.6851,924,2021-05-26 15:50:00,TXRH
98.64,98.75,98.64,98.74,600,2021-05-26 15:55:00,TXRH
98.8,98.87,98.78,98.87,1100,2021-05-26 16:00:00,TXRH
98.87,99.01,98.79,99.01,2100,2021-05-26 16:05:00,TXRH
98.88,98.88,98.78,98.78,1069,2021-05-26 16:10:00,TXRH
98.79,98.795,98.65,98.69,3502,2021-05-26 16:15:00,TXRH
98.665,98.85,98.645,98.85,32900,2021-05-26 16:20:00,TXRH
98.9,98.905,98.86,98.905,800,2021-05-26 16:25:00,TXRH
98.81,99.0,98.735,98.96,19229,2021-05-26 16:30:00,TXRH
98.92,99.05,98.9,98.97,13300,2021-05-26 16:35:00,TXRH
99.01,99.01,98.8,98.8,6073,2021-05-26 16:40:00,TXRH
98.76,99.11,98.76,99.11,7918,2021-05-26 16:45:00,TXRH
99.07,99.07,98.96,98.97,800,2021-05-26 16:50:00,TXRH
99.0,99.02,98.95,99.0,1834,2021-05-26 16:55:00,TXRH
99.01,99.11,99.0,99.11,3116,2021-05-26 17:00:00,TXRH
99.15,99.175,98.94,99.01,2900,2021-05-26 17:05:00,TXRH
99.01,99.09,99.01,99.09,1235,2021-05-26 17:10:00,TXRH
99.12,99.12,98.97,99.06,2317,2021-05-26 17:15:00,TXRH
99.08,99.13,99.08,99.13,1100,2021-05-26 17:20:00,TXRH
99.12,99.15,99.08,99.1,2274,2021-05-26 17:25:00,TXRH
99.07,99.11,99.03,99.07,2332,2021-05-26 17:30:00,TXRH
99.06,99.06,98.94,99.04,2654,2021-05-26 17:35:00,TXRH
99.07,99.16,99.07,99.13,6948,2021-05-26 17:40:00,TXRH
99.11,99.21,99.09,99.15,2797,2021-05-26 17:45:00,TXRH
99.12,99.13,99.08,99.12,3955,2021-05-26 17:50:00,TXRH
99.155,99.26,99.155,99.22,2755,2021-05-26 17:55:00,TXRH
99.18,99.29,99.18,99.255,2728,2021-05-26 18:00:00,TXRH
99.27,99.37,99.27,99.37,3041,2021-05-26 18:05:00,TXRH
99.36,99.39,99.34,99.39,2510,2021-05-26 18:10:00,TXRH
99.37,99.38,99.22,99.355,4025,2021-05-26 18:15:00,TXRH
99.35,99.42,99.32,99.42,1570,2021-05-26 18:20:00,TXRH
99.38,99.405,99.33,99.4,3915,2021-05-26 18:25:00,TXRH
99.395,99.45,99.37,99.45,4199,2021-05-26 18:30:00,TXRH
99.44,99.62,99.34,99.53,5849,2021-05-26 18:35:00,TXRH
99.55,99.57,99.48,99.53,2384,2021-05-26 18:40:00,TXRH
99.49,99.54,99.49,99.51,3895,2021-05-26 18:45:00,TXRH
99.54,99.6,99.51,99.555,4618,2021-05-26 18:50:00,TXRH
99.51,99.61,99.51,99.61,1366,2021-05-26 18:55:00,TXRH
99.575,99.68,99.575,99.65,3662,2021-05-26 19:00:00,TXRH
99.66,99.76,99.66,99.73,6658,2021-05-26 19:05:00,TXRH
99.75,99.83,99.705,99.82,4323,2021-05-26 19:10:00,TXRH
99.8,99.87,99.755,99.8,3226,2021-05-26 19:15:00,TXRH
99.82,99.84,99.735,99.74,2473,2021-05-26 19:20:00,TXRH
99.78,99.83,99.72,99.83,4857,2021-05-26 19:25:00,TXRH
99.77,99.84,99.76,99.81,6859,2021-05-26 19:30:00,TXRH
99.79,99.95,99.72,99.89,15025,2021-05-26 19:35:00,TXRH
99.91,100.13,99.85,100.06,16382,2021-05-26 19:40:00,TXRH
100.13,100.13,99.86,99.89,7877,2021-05-26 19:45:00,TXRH
99.87,100.13,99.86,99.925,26868,2021-05-26 19:50:00,TXRH
99.89,99.975,99.76,99.9,32779,2021-05-26 19:55:00,TXRH
99.86,99.86,99.86,99.86,45708,2021-05-26 20:00:00,TXRH
100.58,100.58,100.25,100.25,4318,2021-05-27 13:30:00,TXRH
100.06,100.295,99.76,99.76,2300,2021-05-27 13:35:00,TXRH
99.96,100.3,99.8,99.895,3341,2021-05-27 13:40:00,TXRH
99.78,99.91,99.72,99.775,800,2021-05-27 13:45:00,TXRH
99.82,100.15,99.82,100.08,1279,2021-05-27 13:50:00,TXRH
100.2,100.28,100.2,100.25,400,2021-05-27 13:55:00,TXRH
100.14,100.14,99.83,100.09,4200,2021-05-27 14:00:00,TXRH
99.98,99.98,99.59,99.67,2104,2021-05-27 14:05:00,TXRH
99.47,99.47,99.33,99.33,1100,2021-05-27 14:10:00,TXRH
99.21,99.38,99.21,99.27,3272,2021-05-27 14:15:00,TXRH
99.14,99.2,99.05,99.2,2500,2021-05-27 14:20:00,TXRH
99.21,99.32,99.145,99.23,3575,2021-05-27 14:25:00,TXRH
99.31,99.31,99.13,99.13,701,2021-05-27 14:30:00,TXRH
99.17,99.35,99.145,99.145,1500,2021-05-27 14:35:00,TXRH
99.105,99.18,98.97,99.18,3905,2021-05-27 14:40:00,TXRH
99.12,99.23,99.09,99.23,1267,2021-05-27 14:45:00,TXRH
99.18,99.18,98.9,98.95,2719,2021-05-27 14:50:00,TXRH
99.045,99.06,98.95,99.02,3275,2021-05-27 14:55:00,TXRH
99.0,99.09,98.99,99.05,2300,2021-05-27 15:00:00,TXRH
99.12,99.15,99.03,99.03,4110,2021-05-27 15:05:00,TXRH
99.0,99.0,98.85,98.86,1500,2021-05-27 15:10:00,TXRH
98.845,98.87,98.67,98.8685,1999,2021-05-27 15:15:00,TXRH
98.84,98.85,98.75,98.83,2600,2021-05-27 15:20:00,TXRH
98.91,99.01,98.72,98.77,14816,2021-05-27 15:25:00,TXRH
98.75,98.97,98.56,98.97,4593,2021-05-27 15:30:00,TXRH
98.93,98.975,98.68,98.795,44313,2021-05-27 15:35:00,TXRH
98.86,98.97,98.84,98.91,3800,2021-05-27 15:40:00,TXRH
98.86,99.05,98.86,99.05,800,2021-05-27 15:45:00,TXRH
99.005,99.09,98.86,98.86,2900,2021-05-27 15:50:00,TXRH
98.9,98.98,98.895,98.91,2400,2021-05-27 15:55:00,TXRH
98.925,99.44,98.91,99.185,123253,2021-05-27 16:00:00,TXRH
99.185,99.22,99.05,99.1,15917,2021-05-27 16:05:00,TXRH
99.13,99.27,99.095,99.195,10695,2021-05-27 16:10:00,TXRH
99.215,99.27,99.04,99.065,6839,2021-05-27 16:15:00,TXRH
99.06,99.2,99.05,99.145,6048,2021-05-27 16:20:00,TXRH
99.145,99.1699,99.045,99.045,9141,2021-05-27 16:25:00,TXRH
99.0461,99.09,98.935,99.035,14376,2021-05-27 16:30:00,TXRH
99.0496,99.09,98.97,99.08,10981,2021-05-27 16:35:00,TXRH
99.0665,99.1,98.945,98.98,9213,2021-05-27 16:40:00,TXRH
98.99,99.035,98.93,98.97,4100,2021-05-27 16:45:00,TXRH
98.98,98.99,98.935,98.97,2349,2021-05-27 16:50:00,TXRH
98.97,99.07,98.92,98.935,46187,2021-05-27 16:55:00,TXRH
98.94,98.99,98.81,98.81,15527,2021-05-27 17:00:00,TXRH
98.82,98.92,98.82,98.905,5783,2021-05-27 17:05:00,TXRH
98.91,99.04,98.81,98.89,13064,2021-05-27 17:10:00,TXRH
98.885,98.985,98.76,98.82,19536,2021-05-27 17:15:00,TXRH
98.82,98.83,98.68,98.735,3186,2021-05-27 17:20:00,TXRH
98.75,99.25,98.75,99.25,21879,2021-05-27 17:25:00,TXRH
99.16,99.41,99.16,99.26,46833,2021-05-27 17:30:00,TXRH
99.265,99.28,99.0,99.04,5209,2021-05-27 17:35:00,TXRH
99.14,99.25,98.98,99.09,55722,2021-05-27 17:40:00,TXRH
99.03,99.16,99.0,99.035,2500,2021-05-27 17:45:00,TXRH
99.07,99.11,99.04,99.11,1100,2021-05-27 17:50:00,TXRH
99.07,99.12,99.0,99.03,2400,2021-05-27 17:55:00,TXRH
99.01,99.01,98.75,98.84,2932,2021-05-27 18:00:00,TXRH
98.84,98.84,98.55,98.55,7789,2021-05-27 18:05:00,TXRH
98.59,98.78,98.555,98.78,2000,2021-05-27 18:10:00,TXRH
98.81,98.89,98.74,98.8,1558,2021-05-27 18:15:00,TXRH
98.88,98.91,98.83,98.83,2142,2021-05-27 18:20:00,TXRH
98.85,99.03,98.85,99.01,2000,2021-05-27 18:25:00,TXRH
98.94,99.01,98.91,98.94,4522,2021-05-27 18:30:00,TXRH
98.91,98.91,98.79,98.82,2122,2021-05-27 18:35:00,TXRH
98.83,98.87,98.81,98.83,1617,2021-05-27 18:40:00,TXRH
98.82,98.83,98.73,98.73,2693,2021-05-27 18:45:00,TXRH
98.75,98.84,98.75,98.81,1400,2021-05-27 18:50:00,TXRH
98.835,98.99,98.835,98.88,3337,2021-05-27 18:55:00,TXRH
98.82,99.02,98.76,98.94,2800,2021-05-27 19:00:00,TXRH
98.92,98.93,98.77,98.79,4200,2021-05-27 19:05:00,TXRH
98.75,98.8,98.75,98.76,3400,2021-05-27 19:10:00,TXRH
98.78,98.86,98.76,98.86,8519,2021-05-27 19:15:00,TXRH
98.86,98.92,98.815,98.815,2700,2021-05-27 19:20:00,TXRH
98.83,99.0,98.83,99.0,6880,2021-05-27 19:25:00,TXRH
99.01,99.02,98.91,98.945,8235,2021-05-27 19:30:00,TXRH
98.94,99.06,98.94,98.9686,2850,2021-05-27 19:35:00,TXRH
98.96,98.98,98.865,98.94,11550,2021-05-27 19:40:00,TXRH
98.935,98.98,98.83,98.85,13637,2021-05-27 19:45:00,TXRH
98.87,99.01,98.81,98.92,14999,2021-05-27 19:50:00,TXRH
98.93,99.36,98.89,99.06,150813,2021-05-27 19:55:00,TXRH
99.06,99.06,99.06,99.06,78553,2021-05-27 20:00:00,TXRH
99.3899,99.3899,99.3899,99.3899,100,2021-05-27 21:20:00,TXRH
99.96,99.96,99.96,99.96,101,2021-05-28 12:25:00,TXRH
99.43,99.8977,99.03,99.11,13469,2021-05-28 13:30:00,TXRH
99.0,99.0,98.56,98.73,2117,2021-05-28 13:35:00,TXRH
98.8,99.025,98.71,99.025,3323,2021-05-28 13:40:00,TXRH
98.91,99.1,98.76,99.08,2180,2021-05-28 13:45:00,TXRH
99.09,99.21,99.09,99.115,1897,2021-05-28 13:50:00,TXRH
99.12,99.1599,98.82,99.05,2726,2021-05-28 13:55:00,TXRH
99.01,99.025,98.78,98.885,3361,2021-05-28 14:00:00,TXRH
98.94,99.015,98.81,98.995,3957,2021-05-28 14:05:00,TXRH
99.05,99.05,98.02,98.105,12260,2021-05-28 14:10:00,TXRH
98.18,98.36,98.11,98.28,3126,2021-05-28 14:15:00,TXRH
98.28,98.6,98.28,98.6,1100,2021-05-28 14:20:00,TXRH
98.62,98.92,98.5,98.82,4511,2021-05-28 14:25:00,TXRH
98.8,99.06,98.77,99.06,3550,2021-05-28 14:30:00,TXRH
99.01,99.1,98.88,99.035,6857,2021-05-28 14:35:00,TXRH
99.06,99.125,98.95,99.065,4466,2021-05-28 14:40:00,TXRH
99.04,99.07,99.0,99.035,3428,2021-05-28 14:45:00,TXRH
99.035,99.1,98.96,99.06,10702,2021-05-28 14:50:00,TXRH
99.02,99.26,99.02,99.17,5207,2021-05-28 14:55:00,TXRH
99.195,99.39,99.195,99.265,7731,2021-05-28 15:00:00,TXRH
99.24,99.375,99.23,99.325,10627,2021-05-28 15:05:00,TXRH
99.3,99.3,99.2,99.22,5182,2021-05-28 15:10:00,TXRH
99.225,99.4,99.225,99.35,10417,2021-05-28 15:15:00,TXRH
99.37,99.42,99.29,99.29,7574,2021-05-28 15:20:00,TXRH
99.23,99.23,99.08,99.14,13107,2021-05-28 15:25:00,TXRH
99.12,99.23,99.12,99.13,35457,2021-05-28 15:30:00,TXRH
99.165,99.22,99.04,99.11,19584,2021-05-28 15:35:00,TXRH
99.09,99.17,99.02,99.13,87072,2021-05-28 15:40:00,TXRH
99.125,99.405,99.09,99.33,72981,2021-05-28 15:45:00,TXRH
99.33,99.55,99.295,99.54,46478,2021-05-28 15:50:00,TXRH
99.59,99.69,99.525,99.55,4745,2021-05-28 15:55:00,TXRH
99.51,99.655,99.5,99.63,3939,2021-05-28 16:00:00,TXRH
99.66,99.795,99.6,99.65,9346,2021-05-28 16:05:00,TXRH
99.655,99.74,99.55,99.55,3526,2021-05-28 16:10:00,TXRH
99.525,99.56,99.48,99.48,5573,2021-05-28 16:15:00,TXRH
99.54,99.56,99.5,99.515,4599,2021-05-28 16:20:00,TXRH
99.52,99.56,99.49,99.51,7337,2021-05-28 16:25:00,TXRH
99.51,99.575,99.48,99.515,5313,2021-05-28 16:30:00,TXRH
99.5,99.64,99.5,99.605,2183,2021-05-28 16:35:00,TXRH
99.63,99.66,99.56,99.595,7039,2021-05-28 16:40:00,TXRH
99.59,99.65,99.54,99.6,19249,2021-05-28 16:45:00,TXRH
99.6,99.65,99.55,99.62,12173,2021-05-28 16:50:00,TXRH
99.62,99.655,99.565,99.57,5877,2021-05-28 16:55:00,TXRH
99.585,99.76,99.56,99.685,15656,2021-05-28 17:00:00,TXRH
99.67,99.72,99.6,99.67,19877,2021-05-28 17:05:00,TXRH
99.66,99.77,99.66,99.725,14609,2021-05-28 17:10:00,TXRH
99.74,99.74,99.65,99.72,6313,2021-05-28 17:15:00,TXRH
99.7,99.76,99.63,99.76,9596,2021-05-28 17:20:00,TXRH
99.76,99.815,99.69,99.755,16752,2021-05-28 17:25:00,TXRH
99.745,99.79,99.65,99.65,8944,2021-05-28 17:30:00,TXRH
99.65,99.68,99.625,99.64,9258,2021-05-28 17:35:00,TXRH
99.59,99.7,99.59,99.7,6348,2021-05-28 17:40:00,TXRH
99.67,99.67,99.52,99.58,14186,2021-05-28 17:45:00,TXRH
99.58,99.63,99.525,99.545,14581,2021-05-28 17:50:00,TXRH
99.54,99.59,99.5,99.535,10158,2021-05-28 17:55:00,TXRH
99.57,99.605,99.51,99.515,19975,2021-05-28 18:00:00,TXRH
99.515,99.56,99.42,99.515,4030,2021-05-28 18:05:00,TXRH
99.5,99.57,99.49,99.545,5476,2021-05-28 18:10:00,TXRH
99.52,99.57,99.52,99.53,5597,2021-05-28 18:15:00,TXRH
99.56,99.59,99.51,99.56,6689,2021-05-28 18:20:00,TXRH
99.545,99.56,99.51,99.535,7971,2021-05-28 18:25:00,TXRH
99.51,99.56,99.47,99.525,8362,2021-05-28 18:30:00,TXRH
99.5337,99.56,99.495,99.54,6248,2021-05-28 18:35:00,TXRH
99.535,100.21,99.5,100.07,74177,2021-05-28 18:40:00,TXRH
100.2,100.54,100.081,100.54,6933,2021-05-28 18:45:00,TXRH
100.51,100.9,100.51,100.9,14703,2021-05-28 18:50:00,TXRH
100.9,100.97,100.79,100.87,7248,2021-05-28 18:55:00,TXRH
100.81,100.93,100.72,100.76,12560,2021-05-28 19:00:00,TXRH
100.71,100.86,100.65,100.86,12574,2021-05-28 19:05:00,TXRH
100.92,101.08,100.92,101.0,4050,2021-05-28 19:10:00,TXRH
100.99,101.22,100.9177,101.22,6006,2021-05-28 19:15:00,TXRH
101.19,101.28,101.19,101.24,4727,2021-05-28 19:20:00,TXRH
101.2,101.28,101.12,101.12,6496,2021-05-28 19:25:00,TXRH
101.08,101.08,100.95,100.95,7002,2021-05-28 19:30:00,TXRH
100.93,100.93,100.76,100.89,5609,2021-05-28 19:35:00,TXRH
100.9199,100.93,100.8,100.84,5039,2021-05-28 19:40:00,TXRH
100.78,100.98,100.74,100.92,13315,2021-05-28 19:45:00,TXRH
100.92,100.94,100.69,100.74,20901,2021-05-28 19:50:00,TXRH
100.73,100.76,100.48,100.66,73882,2021-05-28 19:55:00,TXRH
100.71,100.71,100.71,100.71,75978,2021-05-28 20:00:00,TXRH
