open,high,low,close,volume,datetime,symbol
26.77,26.77,26.77,26.77,476,2020-10-01 13:30:00,BHFAP
26.78,26.97,26.78,26.97,1000,2020-10-01 13:35:00,BHFAP
26.9001,26.9001,26.9001,26.9001,415,2020-10-01 14:25:00,BHFAP
26.9,26.9,26.9,26.9,180,2020-10-01 14:50:00,BHFAP
26.9831,26.9831,26.9831,26.9831,890,2020-10-01 15:10:00,BHFAP
26.7478,26.7478,26.7478,26.7478,1003,2020-10-01 15:30:00,BHFAP
26.87,27.0,26.87,27.0,1800,2020-10-01 15:45:00,BHFAP
27.0,27.0,27.0,27.0,387,2020-10-01 15:50:00,BHFAP
27.05,27.05,27.05,27.05,100,2020-10-01 16:00:00,BHFAP
27.1,27.1,27.08,27.08,977,2020-10-01 16:05:00,BHFAP
27.02,27.02,26.9707,26.9707,5753,2020-10-01 16:15:00,BHFAP
27.07,27.07,27.07,27.07,300,2020-10-01 16:25:00,BHFAP
27.07,27.07,27.07,27.07,402,2020-10-01 16:30:00,BHFAP
27.06,27.06,27.06,27.06,600,2020-10-01 16:35:00,BHFAP
27.09,27.09,27.09,27.09,100,2020-10-01 16:40:00,BHFAP
27.095,27.095,27.095,27.095,123,2020-10-01 16:50:00,BHFAP
27.12,27.12,27.12,27.12,400,2020-10-01 17:05:00,BHFAP
27.165,27.17,27.165,27.17,700,2020-10-01 17:15:00,BHFAP
27.19,27.2,27.18,27.18,1100,2020-10-01 17:20:00,BHFAP
27.2689,27.27,27.2689,27.27,700,2020-10-01 17:30:00,BHFAP
27.26,27.27,27.23,27.27,1052,2020-10-01 17:35:00,BHFAP
27.2321,27.2321,27.2321,27.2321,200,2020-10-01 17:40:00,BHFAP
27.25,27.29,27.25,27.29,500,2020-10-01 18:25:00,BHFAP
27.14,27.14,27.14,27.14,100,2020-10-01 18:30:00,BHFAP
27.1,27.1,27.1,27.1,100,2020-10-01 18:55:00,BHFAP
27.2,27.2,27.2,27.2,100,2020-10-01 19:00:00,BHFAP
27.14,27.14,27.14,27.14,100,2020-10-01 19:05:00,BHFAP
27.17,27.17,27.17,27.17,100,2020-10-01 19:10:00,BHFAP
27.2,27.2,27.2,27.2,100,2020-10-01 19:20:00,BHFAP
27.24,27.265,27.2,27.2001,1793,2020-10-01 19:25:00,BHFAP
27.28,27.28,27.28,27.28,100,2020-10-01 19:30:00,BHFAP
27.265,27.29,27.265,27.29,600,2020-10-01 19:35:00,BHFAP
27.29,27.29,27.26,27.26,200,2020-10-01 19:40:00,BHFAP
27.28,27.3,27.28,27.3,483,2020-10-01 19:45:00,BHFAP
27.38,27.38,27.38,27.38,360,2020-10-01 19:50:00,BHFAP
27.28,27.28,27.28,27.28,281,2020-10-02 13:30:00,BHFAP
26.9458,26.9458,26.9458,26.9458,382,2020-10-02 14:05:00,BHFAP
26.95,26.95,26.95,26.95,221,2020-10-02 15:35:00,BHFAP
27.0,27.0,27.0,27.0,181,2020-10-02 15:50:00,BHFAP
27.0,27.0,27.0,27.0,1600,2020-10-02 16:25:00,BHFAP
27.06,27.06,27.06,27.06,100,2020-10-02 16:35:00,BHFAP
27.1,27.2,27.1,27.13,1200,2020-10-02 16:40:00,BHFAP
27.17,27.17,27.17,27.17,192,2020-10-02 16:55:00,BHFAP
27.17,27.17,27.17,27.17,263,2020-10-02 17:00:00,BHFAP
27.38,27.4,27.38,27.4,2289,2020-10-02 19:25:00,BHFAP
27.4,27.4,27.395,27.4,900,2020-10-02 19:30:00,BHFAP
27.445,27.47,27.445,27.47,1290,2020-10-02 19:45:00,BHFAP
27.47,27.47,27.47,27.47,100,2020-10-02 19:50:00,BHFAP
27.46,27.48,27.46,27.48,1050,2020-10-02 19:55:00,BHFAP
27.5,27.5,27.5,27.5,352,2020-10-02 20:00:00,BHFAP
27.39,27.39,27.39,27.39,200,2020-10-05 13:30:00,BHFAP
27.5,27.5,27.5,27.5,100,2020-10-05 13:35:00,BHFAP
27.3168,27.3168,27.3168,27.3168,800,2020-10-05 13:40:00,BHFAP
27.52,27.52,27.52,27.52,200,2020-10-05 14:05:00,BHFAP
27.53,27.53,27.53,27.53,100,2020-10-05 14:15:00,BHFAP
27.535,27.577,27.53,27.56,2800,2020-10-05 15:25:00,BHFAP
27.515,27.515,27.515,27.515,100,2020-10-05 15:30:00,BHFAP
27.56,27.56,27.56,27.56,300,2020-10-05 15:45:00,BHFAP
27.5428,27.5428,27.5428,27.5428,100,2020-10-05 16:00:00,BHFAP
27.5428,27.5428,27.5428,27.5428,100,2020-10-05 16:20:00,BHFAP
27.58,27.5905,27.58,27.58,700,2020-10-05 16:35:00,BHFAP
27.6588,27.6588,27.62,27.63,1490,2020-10-05 16:45:00,BHFAP
27.63,27.63,27.63,27.63,100,2020-10-05 16:55:00,BHFAP
27.62,27.62,27.62,27.62,100,2020-10-05 17:00:00,BHFAP
27.65,27.685,27.65,27.685,1420,2020-10-05 17:10:00,BHFAP
27.66,27.66,27.66,27.66,100,2020-10-05 17:15:00,BHFAP
27.66,27.66,27.65,27.65,300,2020-10-05 17:20:00,BHFAP
27.66,27.66,27.66,27.66,100,2020-10-05 17:25:00,BHFAP
27.65,27.65,27.43,27.43,1919,2020-10-05 17:35:00,BHFAP
27.34,27.34,27.26,27.26,602,2020-10-05 18:00:00,BHFAP
27.27,27.34,27.27,27.34,1108,2020-10-05 18:05:00,BHFAP
27.24,27.24,27.24,27.24,419,2020-10-05 18:35:00,BHFAP
27.225,27.225,27.225,27.225,200,2020-10-05 18:40:00,BHFAP
27.25,27.25,27.14,27.14,1150,2020-10-05 18:45:00,BHFAP
27.18,27.18,27.18,27.18,753,2020-10-05 19:10:00,BHFAP
27.165,27.165,27.165,27.165,200,2020-10-05 19:15:00,BHFAP
27.15,27.15,27.15,27.15,100,2020-10-05 19:20:00,BHFAP
27.12,27.12,27.12,27.12,400,2020-10-05 19:55:00,BHFAP
27.07,27.07,27.07,27.07,128,2020-10-05 20:00:00,BHFAP
27.31,27.31,27.31,27.31,121,2020-10-06 13:30:00,BHFAP
27.83,27.83,27.83,27.83,117,2020-10-06 14:05:00,BHFAP
27.11,27.11,27.11,27.11,200,2020-10-06 14:45:00,BHFAP
27.4045,27.4045,27.12,27.27,1170,2020-10-06 14:55:00,BHFAP
27.345,27.35,27.3,27.3,700,2020-10-06 15:00:00,BHFAP
27.3,27.3,27.3,27.3,400,2020-10-06 15:10:00,BHFAP
27.37,27.37,27.34,27.34,200,2020-10-06 15:15:00,BHFAP
27.375,27.375,27.375,27.375,100,2020-10-06 15:40:00,BHFAP
27.39,27.39,27.375,27.375,1000,2020-10-06 15:45:00,BHFAP
27.3893,27.395,27.38,27.38,2000,2020-10-06 16:05:00,BHFAP
27.4,27.4,27.4,27.4,200,2020-10-06 16:10:00,BHFAP
27.36,27.36,27.33,27.36,900,2020-10-06 16:25:00,BHFAP
27.52,27.65,27.52,27.65,900,2020-10-06 16:30:00,BHFAP
27.3,27.3,27.17,27.17,976,2020-10-06 16:35:00,BHFAP
27.19,27.32,27.19,27.32,1200,2020-10-06 17:10:00,BHFAP
27.574,27.574,27.37,27.37,1100,2020-10-06 17:35:00,BHFAP
27.59,27.59,27.59,27.59,500,2020-10-06 18:00:00,BHFAP
27.5,27.5,27.49,27.49,1000,2020-10-06 18:05:00,BHFAP
27.4801,27.595,27.48,27.557,780,2020-10-06 18:10:00,BHFAP
27.465,27.5,27.465,27.47,402,2020-10-06 18:20:00,BHFAP
27.5,27.5,27.5,27.5,100,2020-10-06 18:30:00,BHFAP
27.4801,27.4801,27.48,27.48,460,2020-10-06 18:45:00,BHFAP
27.4253,27.4253,27.4253,27.4253,190,2020-10-06 19:00:00,BHFAP
27.5,27.5,27.48,27.48,1400,2020-10-06 19:20:00,BHFAP
27.49,27.5,27.49,27.5,977,2020-10-06 19:30:00,BHFAP
27.58,27.58,27.58,27.58,100,2020-10-06 19:35:00,BHFAP
27.79,27.79,27.58,27.58,1700,2020-10-06 19:40:00,BHFAP
27.675,27.77,27.53,27.53,5173,2020-10-06 19:45:00,BHFAP
27.54,27.54,27.54,27.54,225,2020-10-06 20:00:00,BHFAP
27.64,27.64,27.64,27.64,201,2020-10-07 13:30:00,BHFAP
27.625,27.625,27.625,27.625,175,2020-10-07 13:45:00,BHFAP
27.74,27.74,27.74,27.74,200,2020-10-07 13:55:00,BHFAP
27.73,27.74,27.73,27.74,300,2020-10-07 14:00:00,BHFAP
27.7149,27.7149,27.7149,27.7149,600,2020-10-07 14:10:00,BHFAP
27.7429,27.78,27.7429,27.78,800,2020-10-07 14:15:00,BHFAP
27.78,27.78,27.78,27.78,500,2020-10-07 14:25:00,BHFAP
27.78,27.81,27.68,27.68,4712,2020-10-07 14:30:00,BHFAP
27.67,27.68,27.67,27.67,1600,2020-10-07 14:40:00,BHFAP
27.6187,27.6187,27.6187,27.6187,1000,2020-10-07 14:45:00,BHFAP
27.68,27.68,27.68,27.68,100,2020-10-07 14:50:00,BHFAP
27.585,27.65,27.585,27.65,500,2020-10-07 14:55:00,BHFAP
27.6,27.6,27.6,27.6,100,2020-10-07 15:00:00,BHFAP
27.64,27.64,27.55,27.55,960,2020-10-07 15:15:00,BHFAP
27.55,27.55,27.55,27.55,890,2020-10-07 15:30:00,BHFAP
27.5,27.5,27.5,27.5,899,2020-10-07 15:45:00,BHFAP
27.465,27.5,27.465,27.5,900,2020-10-07 16:00:00,BHFAP
27.5,27.5,27.49,27.5,500,2020-10-07 16:05:00,BHFAP
27.49,27.49,27.49,27.49,100,2020-10-07 16:25:00,BHFAP
27.4,27.4,27.4,27.4,1000,2020-10-07 16:45:00,BHFAP
27.4,27.4,27.4,27.4,200,2020-10-07 17:00:00,BHFAP
27.38,27.5,27.34,27.5,2199,2020-10-07 17:05:00,BHFAP
27.5,27.5,27.5,27.5,100,2020-10-07 17:25:00,BHFAP
27.515,27.515,27.515,27.515,180,2020-10-07 17:35:00,BHFAP
27.515,27.515,27.515,27.515,125,2020-10-07 17:40:00,BHFAP
27.4985,27.4985,27.4985,27.4985,600,2020-10-07 17:55:00,BHFAP
27.4516,27.4516,27.34,27.39,800,2020-10-07 18:05:00,BHFAP
27.366,27.38,27.323,27.38,1600,2020-10-07 18:10:00,BHFAP
27.37,27.37,27.293,27.293,500,2020-10-07 18:25:00,BHFAP
27.3,27.32,27.3,27.32,500,2020-10-07 18:30:00,BHFAP
27.4,27.4,27.3999,27.3999,900,2020-10-07 18:40:00,BHFAP
27.255,27.255,27.255,27.255,100,2020-10-07 18:45:00,BHFAP
27.38,27.48,27.35,27.4,3350,2020-10-07 19:00:00,BHFAP
27.4,27.4,27.4,27.4,100,2020-10-07 19:05:00,BHFAP
27.31,27.35,27.31,27.31,600,2020-10-07 19:10:00,BHFAP
27.41,27.41,27.41,27.41,100,2020-10-07 19:15:00,BHFAP
27.4,27.4,27.36,27.4,400,2020-10-07 19:30:00,BHFAP
27.3061,27.37,27.3061,27.37,200,2020-10-07 19:35:00,BHFAP
27.29,27.55,27.29,27.55,1500,2020-10-07 19:40:00,BHFAP
27.54,27.6,27.54,27.54,1650,2020-10-07 19:45:00,BHFAP
27.66,27.66,27.55,27.63,900,2020-10-07 19:50:00,BHFAP
27.66,27.74,27.64,27.74,2750,2020-10-07 19:55:00,BHFAP
27.69,27.69,27.69,27.69,291,2020-10-08 13:30:00,BHFAP
27.42,27.42,27.38,27.38,400,2020-10-08 13:50:00,BHFAP
27.325,27.325,27.325,27.325,662,2020-10-08 14:00:00,BHFAP
27.42,27.5,27.38,27.5,1100,2020-10-08 14:10:00,BHFAP
27.5,27.5,27.5,27.5,600,2020-10-08 14:30:00,BHFAP
27.5,27.51,27.5,27.5,1400,2020-10-08 14:45:00,BHFAP
27.46,27.5,27.46,27.48,2600,2020-10-08 14:55:00,BHFAP
27.49,27.49,27.49,27.49,108,2020-10-08 15:15:00,BHFAP
27.49,27.5,27.49,27.5,439,2020-10-08 15:25:00,BHFAP
27.5,27.5,27.5,27.5,400,2020-10-08 15:40:00,BHFAP
27.53,27.53,27.53,27.53,300,2020-10-08 15:45:00,BHFAP
27.48,27.48,27.48,27.48,500,2020-10-08 15:50:00,BHFAP
27.5602,27.5602,27.5602,27.5602,400,2020-10-08 16:10:00,BHFAP
27.6,27.6,27.6,27.6,200,2020-10-08 16:35:00,BHFAP
27.6,27.6,27.6,27.6,2508,2020-10-08 16:40:00,BHFAP
27.6,27.6,27.6,27.6,100,2020-10-08 16:50:00,BHFAP
27.6,27.6,27.6,27.6,100,2020-10-08 16:55:00,BHFAP
27.6,27.6,27.6,27.6,200,2020-10-08 17:00:00,BHFAP
27.6,27.6,27.6,27.6,100,2020-10-08 17:05:00,BHFAP
27.6,27.6,27.6,27.6,100,2020-10-08 17:10:00,BHFAP
27.6,27.6,27.6,27.6,100,2020-10-08 17:15:00,BHFAP
27.5951,27.6,27.59,27.6,1400,2020-10-08 17:25:00,BHFAP
27.6,27.6,27.6,27.6,200,2020-10-08 17:30:00,BHFAP
27.6,27.6,27.6,27.6,200,2020-10-08 17:35:00,BHFAP
27.6,27.6,27.6,27.6,558,2020-10-08 17:40:00,BHFAP
27.6,27.6,27.6,27.6,802,2020-10-08 17:45:00,BHFAP
27.64,27.64,27.64,27.64,100,2020-10-08 17:50:00,BHFAP
27.66,27.74,27.66,27.74,200,2020-10-08 18:10:00,BHFAP
27.73,27.73,27.73,27.73,100,2020-10-08 18:15:00,BHFAP
27.72,27.72,27.72,27.72,100,2020-10-08 18:25:00,BHFAP
27.72,27.72,27.72,27.72,100,2020-10-08 18:30:00,BHFAP
27.74,27.74,27.69,27.73,765,2020-10-08 18:35:00,BHFAP
27.71,27.71,27.71,27.71,100,2020-10-08 18:40:00,BHFAP
27.67,27.72,27.67,27.72,300,2020-10-08 18:45:00,BHFAP
27.75,27.75,27.75,27.75,440,2020-10-08 19:00:00,BHFAP
27.75,27.75,27.75,27.75,400,2020-10-08 19:05:00,BHFAP
27.75,27.75,27.75,27.75,3130,2020-10-08 19:10:00,BHFAP
27.75,27.75,27.75,27.75,1183,2020-10-08 19:15:00,BHFAP
27.75,27.75,27.74,27.74,1609,2020-10-08 19:20:00,BHFAP
27.745,27.745,27.7,27.7,700,2020-10-08 19:25:00,BHFAP
27.7,27.7,27.7,27.7,100,2020-10-08 19:30:00,BHFAP
27.7,27.7,27.7,27.7,100,2020-10-08 19:35:00,BHFAP
27.6621,27.6621,27.57,27.57,700,2020-10-08 19:40:00,BHFAP
27.57,27.68,27.56,27.68,809,2020-10-08 19:50:00,BHFAP
27.69,27.7,27.69,27.7,470,2020-10-08 19:55:00,BHFAP
27.5,27.5,27.5,27.5,2000,2020-10-08 20:00:00,BHFAP
27.97,27.97,27.97,27.97,2214,2020-10-09 13:30:00,BHFAP
27.56,27.59,27.56,27.59,200,2020-10-09 14:45:00,BHFAP
27.485,27.485,27.42,27.485,2730,2020-10-09 14:55:00,BHFAP
27.29,27.29,27.29,27.29,100,2020-10-09 15:25:00,BHFAP
27.2954,27.2954,27.2954,27.2954,1000,2020-10-09 16:35:00,BHFAP
27.39,27.4,27.39,27.4,1200,2020-10-09 18:05:00,BHFAP
27.3571,27.3571,27.3571,27.3571,1000,2020-10-09 18:20:00,BHFAP
27.4,27.4,27.35,27.3501,1412,2020-10-09 18:35:00,BHFAP
27.4,27.4,27.384,27.4,2100,2020-10-09 18:55:00,BHFAP
27.3254,27.33,27.25,27.25,750,2020-10-09 19:10:00,BHFAP
27.13,27.13,27.13,27.13,305,2020-10-09 19:20:00,BHFAP
27.048,27.048,27.048,27.048,100,2020-10-09 19:35:00,BHFAP
27.32,27.32,27.32,27.32,300,2020-10-09 19:50:00,BHFAP
27.35,27.41,27.32,27.41,989,2020-10-09 19:55:00,BHFAP
27.54,27.54,27.54,27.54,271,2020-10-09 20:00:00,BHFAP
27.74,27.74,27.74,27.74,627,2020-10-12 13:30:00,BHFAP
27.2131,27.2131,26.96,26.96,1900,2020-10-12 14:00:00,BHFAP
26.9701,26.9701,26.9701,26.9701,100,2020-10-12 14:30:00,BHFAP
27.39,27.39,27.39,27.39,100,2020-10-12 15:00:00,BHFAP
27.2,27.2,27.17,27.17,200,2020-10-12 15:05:00,BHFAP
27.2,27.2,27.1,27.2,2258,2020-10-12 15:15:00,BHFAP
27.2,27.2944,27.07,27.2944,1400,2020-10-12 15:30:00,BHFAP
27.4038,27.4038,27.4038,27.4038,300,2020-10-12 15:40:00,BHFAP
27.4,27.42,27.4,27.41,468,2020-10-12 16:00:00,BHFAP
27.38,27.38,27.38,27.38,400,2020-10-12 16:10:00,BHFAP
27.39,27.39,27.39,27.39,512,2020-10-12 16:15:00,BHFAP
27.3501,27.3501,27.3501,27.3501,500,2020-10-12 17:00:00,BHFAP
27.275,27.275,27.275,27.275,300,2020-10-12 17:30:00,BHFAP
27.315,27.315,27.305,27.305,300,2020-10-12 17:50:00,BHFAP
27.32,27.32,27.32,27.32,123,2020-10-12 18:00:00,BHFAP
27.34,27.34,27.31,27.32,467,2020-10-12 18:15:00,BHFAP
27.3754,27.3754,27.3754,27.3754,200,2020-10-12 18:25:00,BHFAP
27.385,27.39,27.385,27.39,300,2020-10-12 18:50:00,BHFAP
27.36,27.3601,27.36,27.36,944,2020-10-12 19:00:00,BHFAP
27.36,27.3601,27.32,27.32,930,2020-10-12 19:05:00,BHFAP
27.36,27.36,27.31,27.355,1288,2020-10-12 19:35:00,BHFAP
27.4,27.4,27.4,27.4,100,2020-10-12 19:55:00,BHFAP
27.5,27.5,27.5,27.5,100,2020-10-13 13:35:00,BHFAP
27.54,27.54,27.54,27.54,300,2020-10-13 14:00:00,BHFAP
27.53,27.53,27.53,27.53,100,2020-10-13 14:15:00,BHFAP
27.6,27.6,27.54,27.54,1021,2020-10-13 14:40:00,BHFAP
27.53,27.53,27.53,27.53,400,2020-10-13 14:45:00,BHFAP
27.51,27.51,27.51,27.51,400,2020-10-13 15:10:00,BHFAP
27.58,27.58,27.51,27.51,200,2020-10-13 15:15:00,BHFAP
27.53,27.53,27.51,27.51,400,2020-10-13 15:40:00,BHFAP
27.53,27.53,27.48,27.485,1298,2020-10-13 15:50:00,BHFAP
27.4998,27.4998,27.4998,27.4998,100,2020-10-13 16:25:00,BHFAP
27.5,27.5,27.4957,27.4957,1426,2020-10-13 16:30:00,BHFAP
27.54,27.54,27.53,27.53,300,2020-10-13 16:35:00,BHFAP
27.52,27.52,27.49,27.49,874,2020-10-13 16:40:00,BHFAP
27.48,27.49,27.3909,27.4,3190,2020-10-13 17:00:00,BHFAP
27.5,27.5,27.5,27.5,900,2020-10-13 17:10:00,BHFAP
27.5,27.5499,27.5,27.5499,1100,2020-10-13 17:15:00,BHFAP
27.49,27.4901,27.45,27.45,1600,2020-10-13 17:55:00,BHFAP
27.415,27.415,27.415,27.415,1000,2020-10-13 18:10:00,BHFAP
27.4549,27.4549,27.4549,27.4549,1500,2020-10-13 18:40:00,BHFAP
27.43,27.455,27.38,27.4,5941,2020-10-13 18:50:00,BHFAP
27.41,27.42,27.4,27.42,1300,2020-10-13 18:55:00,BHFAP
27.4279,27.43,27.4279,27.43,500,2020-10-13 19:00:00,BHFAP
27.42,27.42,27.41,27.42,1317,2020-10-13 19:05:00,BHFAP
27.42,27.42,27.42,27.42,900,2020-10-13 19:15:00,BHFAP
27.42,27.42,27.42,27.42,300,2020-10-13 19:20:00,BHFAP
27.5,27.5,27.5,27.5,600,2020-10-13 19:25:00,BHFAP
27.5,27.56,27.5,27.5,651,2020-10-13 19:30:00,BHFAP
27.5,27.5,27.5,27.5,100,2020-10-13 19:35:00,BHFAP
27.5,27.5,27.49,27.5,630,2020-10-13 19:45:00,BHFAP
27.58,27.58,27.52,27.58,1300,2020-10-13 19:55:00,BHFAP
27.6,27.6,27.6,27.6,185,2020-10-13 20:00:00,BHFAP
27.395,27.395,27.395,27.395,1000,2020-10-14 13:35:00,BHFAP
27.63,27.72,27.63,27.72,300,2020-10-14 13:50:00,BHFAP
27.415,27.415,27.2895,27.2895,2800,2020-10-14 14:30:00,BHFAP
27.15,27.15,27.1,27.1381,1800,2020-10-14 15:10:00,BHFAP
27.276,27.276,27.07,27.23,4633,2020-10-14 15:15:00,BHFAP
27.12,27.12,27.07,27.07,800,2020-10-14 15:35:00,BHFAP
27.1,27.1,27.1,27.1,1240,2020-10-14 15:40:00,BHFAP
27.02,27.02,26.87,26.98,4200,2020-10-14 16:25:00,BHFAP
26.98,27.0,26.98,27.0,1000,2020-10-14 16:30:00,BHFAP
27.0558,27.0558,27.0558,27.0558,125,2020-10-14 16:35:00,BHFAP
26.92,26.9578,26.91,26.91,870,2020-10-14 18:10:00,BHFAP
26.94,27.06,26.93,26.96,1502,2020-10-14 18:15:00,BHFAP
26.93,26.93,26.88,26.88,700,2020-10-14 18:40:00,BHFAP
26.89,26.89,26.87,26.87,1400,2020-10-14 18:45:00,BHFAP
26.86,26.92,26.81,26.87,2900,2020-10-14 18:50:00,BHFAP
26.88,26.88,26.88,26.88,100,2020-10-14 18:55:00,BHFAP
26.87,26.87,26.85,26.85,1000,2020-10-14 19:05:00,BHFAP
26.9,26.9,26.83,26.85,2400,2020-10-14 19:10:00,BHFAP
26.8598,26.8598,26.83,26.83,1000,2020-10-14 19:15:00,BHFAP
26.87,26.91,26.864,26.91,900,2020-10-14 19:50:00,BHFAP
26.92,26.96,26.89,26.89,5957,2020-10-14 19:55:00,BHFAP
26.84,26.84,26.84,26.84,301,2020-10-15 13:30:00,BHFAP
26.925,26.925,26.925,26.925,100,2020-10-15 13:55:00,BHFAP
27.08,27.08,26.95,26.98,1300,2020-10-15 14:55:00,BHFAP
26.93,26.93,26.91,26.91,400,2020-10-15 15:00:00,BHFAP
26.88,26.88,26.84,26.84,800,2020-10-15 15:05:00,BHFAP
26.84,26.84,26.84,26.84,100,2020-10-15 15:10:00,BHFAP
26.82,26.88,26.77,26.869,3000,2020-10-15 15:15:00,BHFAP
26.795,26.795,26.795,26.795,100,2020-10-15 15:25:00,BHFAP
26.795,26.8,26.795,26.8,400,2020-10-15 15:30:00,BHFAP
26.8,26.8,26.8,26.8,100,2020-10-15 15:40:00,BHFAP
26.85,26.86,26.85,26.85,700,2020-10-15 15:45:00,BHFAP
26.92,26.92,26.92,26.92,300,2020-10-15 16:30:00,BHFAP
26.86,26.87,26.84,26.84,400,2020-10-15 16:40:00,BHFAP
26.84,26.85,26.83,26.84,2300,2020-10-15 16:45:00,BHFAP
26.85,26.85,26.81,26.81,400,2020-10-15 16:55:00,BHFAP
26.85,26.88,26.85,26.88,600,2020-10-15 17:05:00,BHFAP
26.9,26.9,26.88,26.88,1700,2020-10-15 17:25:00,BHFAP
26.9684,26.9684,26.9684,26.9684,229,2020-10-15 17:35:00,BHFAP
26.969,26.969,26.969,26.969,110,2020-10-15 17:40:00,BHFAP
26.92,27.01,26.86,26.93,7510,2020-10-15 17:55:00,BHFAP
27.05,27.07,27.05,27.07,1347,2020-10-15 18:05:00,BHFAP
27.1719,27.1719,27.15,27.15,450,2020-10-15 18:40:00,BHFAP
27.16,27.16,27.09,27.09,600,2020-10-15 18:45:00,BHFAP
27.04,27.04,27.02,27.02,3775,2020-10-15 18:55:00,BHFAP
27.09,27.11,27.09,27.11,1820,2020-10-15 19:20:00,BHFAP
27.11,27.11,27.11,27.11,600,2020-10-15 19:25:00,BHFAP
27.11,27.11,27.1,27.1,700,2020-10-15 19:30:00,BHFAP
27.13,27.13,27.09,27.09,892,2020-10-15 19:55:00,BHFAP
27.16,27.16,27.16,27.16,100,2020-10-15 20:00:00,BHFAP
27.22,27.22,27.22,27.22,374,2020-10-16 13:30:00,BHFAP
27.09,27.172,27.08,27.172,5350,2020-10-16 14:25:00,BHFAP
27.268,27.268,27.268,27.268,100,2020-10-16 14:30:00,BHFAP
27.1326,27.1326,27.12,27.12,400,2020-10-16 14:45:00,BHFAP
27.165,27.165,27.08,27.08,7301,2020-10-16 14:50:00,BHFAP
26.988,26.988,26.988,26.988,131,2020-10-16 15:20:00,BHFAP
26.84,26.93,26.81,26.93,3934,2020-10-16 15:25:00,BHFAP
26.93,26.9553,26.91,26.91,650,2020-10-16 15:30:00,BHFAP
27.009,27.009,27.009,27.009,900,2020-10-16 15:55:00,BHFAP
26.94,26.94,26.94,26.94,200,2020-10-16 16:05:00,BHFAP
26.91,26.91,26.866,26.87,1400,2020-10-16 16:15:00,BHFAP
26.9,26.9,26.88,26.88,400,2020-10-16 16:20:00,BHFAP
26.95,26.95,26.95,26.95,100,2020-10-16 16:25:00,BHFAP
26.86,26.86,26.8,26.8,3096,2020-10-16 17:05:00,BHFAP
26.82,26.85,26.79,26.79,3194,2020-10-16 17:10:00,BHFAP
26.79,26.81,26.79,26.81,824,2020-10-16 17:15:00,BHFAP
26.8,26.8,26.8,26.8,100,2020-10-16 17:30:00,BHFAP
26.81,26.81,26.81,26.81,330,2020-10-16 17:35:00,BHFAP
26.8,26.8,26.77,26.78,2600,2020-10-16 18:00:00,BHFAP
26.76,26.78,26.76,26.78,1600,2020-10-16 18:10:00,BHFAP
26.81,26.81,26.81,26.81,400,2020-10-16 18:15:00,BHFAP
26.81,26.81,26.803,26.803,596,2020-10-16 18:20:00,BHFAP
26.78,26.79,26.78,26.78,300,2020-10-16 18:30:00,BHFAP
26.76,26.76,26.7,26.71,1600,2020-10-16 18:35:00,BHFAP
26.72,26.74,26.72,26.74,4293,2020-10-16 18:40:00,BHFAP
26.73,26.73,26.73,26.73,100,2020-10-16 18:45:00,BHFAP
26.7046,26.71,26.7046,26.71,387,2020-10-16 18:50:00,BHFAP
26.68,26.69,26.68,26.68,1101,2020-10-16 18:55:00,BHFAP
26.68,26.68,26.68,26.68,400,2020-10-16 19:00:00,BHFAP
26.73,26.74,26.68,26.68,400,2020-10-16 19:05:00,BHFAP
26.68,26.68,26.68,26.68,600,2020-10-16 19:10:00,BHFAP
26.68,26.69,26.68,26.69,400,2020-10-16 19:15:00,BHFAP
26.69,26.69,26.69,26.69,600,2020-10-16 19:20:00,BHFAP
26.69,26.69,26.69,26.69,700,2020-10-16 19:25:00,BHFAP
26.69,26.825,26.69,26.7,2000,2020-10-16 19:30:00,BHFAP
26.7,26.71,26.7,26.7,700,2020-10-16 19:35:00,BHFAP
26.7,26.7,26.69,26.69,500,2020-10-16 19:40:00,BHFAP
26.69,26.7479,26.65,26.65,9700,2020-10-16 19:45:00,BHFAP
26.65,26.65,26.55,26.6,11391,2020-10-16 19:50:00,BHFAP
26.78,26.79,26.62,26.69,2027,2020-10-16 19:55:00,BHFAP
26.64,26.64,26.64,26.64,35541,2020-10-16 20:00:00,BHFAP
26.77,26.77,26.77,26.77,100,2020-10-19 13:30:00,BHFAP
26.79,26.821,26.79,26.821,200,2020-10-19 13:40:00,BHFAP
26.69,26.69,26.55,26.55,1904,2020-10-19 13:45:00,BHFAP
26.57,26.57,26.57,26.57,800,2020-10-19 14:05:00,BHFAP
26.56,26.56,26.492,26.492,2560,2020-10-19 14:10:00,BHFAP
26.61,26.63,26.6099,26.6099,750,2020-10-19 14:25:00,BHFAP
26.54,26.54,26.54,26.54,100,2020-10-19 14:30:00,BHFAP
26.52,26.52,26.5,26.5,1282,2020-10-19 14:35:00,BHFAP
26.48,26.5675,26.48,26.5675,665,2020-10-19 14:40:00,BHFAP
26.46,26.46,26.37,26.37,3004,2020-10-19 15:20:00,BHFAP
26.45,26.45,26.43,26.43,2000,2020-10-19 15:40:00,BHFAP
26.453,26.453,26.38,26.38,300,2020-10-19 15:50:00,BHFAP
26.39,26.39,26.36,26.38,700,2020-10-19 16:00:00,BHFAP
26.4,26.4,26.38,26.4,300,2020-10-19 16:40:00,BHFAP
26.45,26.45,26.448,26.45,2600,2020-10-19 16:45:00,BHFAP
26.46,26.46,26.46,26.46,100,2020-10-19 16:50:00,BHFAP
26.38,26.38,26.38,26.38,300,2020-10-19 16:55:00,BHFAP
26.46,26.46,26.45,26.45,200,2020-10-19 17:00:00,BHFAP
26.56,26.56,26.56,26.56,700,2020-10-19 17:10:00,BHFAP
26.4977,26.56,26.4977,26.56,670,2020-10-19 17:55:00,BHFAP
26.5,26.55,26.5,26.55,1478,2020-10-19 18:25:00,BHFAP
26.55,26.55,26.54,26.55,1081,2020-10-19 18:30:00,BHFAP
26.52,26.53,26.4947,26.53,2100,2020-10-19 18:40:00,BHFAP
26.55,26.55,26.55,26.55,3234,2020-10-19 18:50:00,BHFAP
26.44,26.44,26.38,26.38,2000,2020-10-19 19:05:00,BHFAP
26.55,26.55,26.51,26.52,500,2020-10-19 19:15:00,BHFAP
26.52,26.55,26.52,26.54,500,2020-10-19 19:20:00,BHFAP
26.54,26.54,26.52,26.53,500,2020-10-19 19:25:00,BHFAP
26.54,26.58,26.54,26.55,1500,2020-10-19 19:30:00,BHFAP
26.57,26.58,26.57,26.58,500,2020-10-19 19:35:00,BHFAP
26.58,26.58,26.5296,26.54,1000,2020-10-19 19:40:00,BHFAP
26.56,26.58,26.55,26.57,868,2020-10-19 19:45:00,BHFAP
26.57,26.57,26.54,26.54,800,2020-10-19 19:50:00,BHFAP
26.56,26.56,26.54,26.56,1165,2020-10-19 19:55:00,BHFAP
26.58,26.58,26.58,26.58,2868,2020-10-19 20:00:00,BHFAP
26.61,26.61,26.61,26.61,100,2020-10-20 13:30:00,BHFAP
26.52,26.52,26.49,26.49,700,2020-10-20 13:35:00,BHFAP
26.6,26.62,26.6,26.62,600,2020-10-20 13:55:00,BHFAP
26.67,26.67,26.62,26.62,200,2020-10-20 14:00:00,BHFAP
26.66,26.66,26.66,26.66,200,2020-10-20 14:15:00,BHFAP
26.66,26.77,26.66,26.74,4000,2020-10-20 14:20:00,BHFAP
26.83,26.83,26.58,26.58,1800,2020-10-20 14:25:00,BHFAP
26.7,26.7,26.66,26.66,850,2020-10-20 14:40:00,BHFAP
26.66,26.66,26.66,26.66,100,2020-10-20 15:00:00,BHFAP
26.88,26.88,26.88,26.88,600,2020-10-20 15:25:00,BHFAP
26.688,26.688,26.688,26.688,1000,2020-10-20 15:55:00,BHFAP
26.73,26.73,26.61,26.6182,1700,2020-10-20 16:35:00,BHFAP
26.74,26.74,26.74,26.74,100,2020-10-20 17:20:00,BHFAP
26.64,26.64,26.64,26.64,100,2020-10-20 17:25:00,BHFAP
26.6979,26.6979,26.6979,26.6979,300,2020-10-20 17:50:00,BHFAP
26.78,26.78,26.77,26.78,2000,2020-10-20 19:10:00,BHFAP
26.69,26.71,26.6,26.6,708,2020-10-20 19:55:00,BHFAP
26.68,26.68,26.68,26.68,100,2020-10-21 13:30:00,BHFAP
26.64,26.64,26.64,26.64,100,2020-10-21 13:45:00,BHFAP
26.5716,26.5716,26.5716,26.5716,250,2020-10-21 14:05:00,BHFAP
26.57,26.57,26.55,26.55,600,2020-10-21 14:15:00,BHFAP
26.62,26.62,26.53,26.55,300,2020-10-21 14:20:00,BHFAP
26.6132,26.65,26.6132,26.65,400,2020-10-21 14:25:00,BHFAP
26.51,26.51,26.51,26.51,200,2020-10-21 14:30:00,BHFAP
26.6,26.6,26.6,26.6,100,2020-10-21 14:55:00,BHFAP
26.6,26.61,26.6,26.61,200,2020-10-21 15:00:00,BHFAP
26.52,26.52,26.52,26.52,300,2020-10-21 16:05:00,BHFAP
26.3504,26.3504,26.3504,26.3504,200,2020-10-21 16:25:00,BHFAP
26.44,26.44,26.44,26.44,400,2020-10-21 17:15:00,BHFAP
26.47,26.47,26.46,26.46,2200,2020-10-21 17:40:00,BHFAP
26.46,26.46,26.46,26.46,400,2020-10-21 17:45:00,BHFAP
26.39,26.39,26.37,26.37,3000,2020-10-21 17:50:00,BHFAP
26.4452,26.4452,26.4452,26.4452,800,2020-10-21 17:55:00,BHFAP
26.415,26.415,26.415,26.415,400,2020-10-21 18:05:00,BHFAP
26.4,26.4,26.4,26.4,400,2020-10-21 18:15:00,BHFAP
26.38,26.39,26.38,26.39,2890,2020-10-21 18:20:00,BHFAP
26.4,26.42,26.4,26.4,884,2020-10-21 18:25:00,BHFAP
26.42,26.42,26.42,26.42,400,2020-10-21 18:30:00,BHFAP
26.46,26.47,26.46,26.47,400,2020-10-21 18:35:00,BHFAP
26.45,26.4584,26.3877,26.3877,1732,2020-10-21 18:40:00,BHFAP
26.46,26.46,26.46,26.46,200,2020-10-21 18:45:00,BHFAP
26.43,26.43,26.43,26.43,400,2020-10-21 18:50:00,BHFAP
26.46,26.46,26.46,26.46,1200,2020-10-21 18:55:00,BHFAP
26.46,26.46,26.46,26.46,200,2020-10-21 19:00:00,BHFAP
26.46,26.46,26.43,26.43,400,2020-10-21 19:15:00,BHFAP
26.423,26.423,26.423,26.423,1600,2020-10-21 19:25:00,BHFAP
26.44,26.44,26.43,26.44,600,2020-10-21 19:30:00,BHFAP
26.4,26.4,26.4,26.4,400,2020-10-21 19:35:00,BHFAP
26.36,26.36,26.35,26.35,4316,2020-10-21 19:40:00,BHFAP
26.35,26.41,26.35,26.41,1000,2020-10-21 19:45:00,BHFAP
26.42,26.42,26.42,26.42,200,2020-10-21 19:50:00,BHFAP
26.4,26.42,26.4,26.42,670,2020-10-21 19:55:00,BHFAP
26.41,26.41,26.41,26.41,234,2020-10-21 20:00:00,BHFAP
26.47,26.47,26.47,26.47,100,2020-10-22 13:30:00,BHFAP
26.52,26.52,26.52,26.52,100,2020-10-22 13:40:00,BHFAP
26.56,26.56,26.56,26.56,100,2020-10-22 13:45:00,BHFAP
26.55,26.57,26.55,26.56,623,2020-10-22 13:50:00,BHFAP
26.3201,26.3201,26.3201,26.3201,600,2020-10-22 14:05:00,BHFAP
26.476,26.476,26.476,26.476,300,2020-10-22 14:25:00,BHFAP
26.45,26.46,26.45,26.46,400,2020-10-22 14:50:00,BHFAP
26.3845,26.47,26.3845,26.47,350,2020-10-22 14:55:00,BHFAP
26.47,26.48,26.46,26.48,701,2020-10-22 15:00:00,BHFAP
26.48,26.48,26.48,26.48,100,2020-10-22 15:05:00,BHFAP
26.48,26.48,26.48,26.48,100,2020-10-22 15:10:00,BHFAP
26.3601,26.3601,26.3601,26.3601,110,2020-10-22 15:15:00,BHFAP
26.426,26.426,26.426,26.426,900,2020-10-22 15:25:00,BHFAP
26.36,26.36,26.36,26.36,100,2020-10-22 15:55:00,BHFAP
26.43,26.43,26.43,26.43,275,2020-10-22 16:05:00,BHFAP
26.44,26.44,26.44,26.44,1000,2020-10-22 16:10:00,BHFAP
26.44,26.44,26.44,26.44,457,2020-10-22 16:15:00,BHFAP
26.42,26.42,26.42,26.42,200,2020-10-22 16:45:00,BHFAP
26.39,26.39,26.39,26.39,100,2020-10-22 17:00:00,BHFAP
26.45,26.45,26.45,26.45,300,2020-10-22 17:05:00,BHFAP
26.42,26.42,26.42,26.42,100,2020-10-22 17:25:00,BHFAP
26.42,26.42,26.42,26.42,100,2020-10-22 17:50:00,BHFAP
26.46,26.46,26.46,26.46,100,2020-10-22 18:00:00,BHFAP
26.47,26.47,26.47,26.47,1976,2020-10-22 18:05:00,BHFAP
26.47,26.47,26.47,26.47,1800,2020-10-22 18:10:00,BHFAP
26.47,26.47,26.47,26.47,589,2020-10-22 18:15:00,BHFAP
26.5158,26.5158,26.5158,26.5158,480,2020-10-22 18:20:00,BHFAP
26.48,26.525,26.48,26.525,365,2020-10-22 18:25:00,BHFAP
26.4786,26.4786,26.4786,26.4786,1725,2020-10-22 18:50:00,BHFAP
26.53,26.53,26.53,26.53,200,2020-10-22 19:20:00,BHFAP
26.55,26.55,26.55,26.55,900,2020-10-22 19:25:00,BHFAP
26.56,26.56,26.51,26.51,1007,2020-10-22 19:30:00,BHFAP
26.56,26.56,26.56,26.56,100,2020-10-22 19:35:00,BHFAP
26.5488,26.5488,26.5488,26.5488,300,2020-10-22 19:40:00,BHFAP
26.55,26.57,26.55,26.57,2300,2020-10-22 19:45:00,BHFAP
26.57,26.57,26.57,26.57,200,2020-10-22 19:50:00,BHFAP
26.51,26.6,26.51,26.59,300,2020-10-22 19:55:00,BHFAP
26.59,26.59,26.59,26.59,229,2020-10-22 20:00:00,BHFAP
26.67,26.67,26.6,26.6,1022,2020-10-23 13:30:00,BHFAP
26.59,26.59,26.59,26.59,207,2020-10-23 13:35:00,BHFAP
26.67,26.67,26.67,26.67,100,2020-10-23 14:05:00,BHFAP
26.63,26.68,26.63,26.68,400,2020-10-23 15:05:00,BHFAP
26.67,26.67,26.67,26.67,2688,2020-10-23 15:10:00,BHFAP
26.68,26.68,26.68,26.68,100,2020-10-23 15:20:00,BHFAP
26.72,26.75,26.72,26.75,700,2020-10-23 15:25:00,BHFAP
26.78,26.8534,26.74,26.8534,8588,2020-10-23 15:40:00,BHFAP
26.77,26.77,26.72,26.72,600,2020-10-23 15:50:00,BHFAP
26.72,26.72,26.72,26.72,520,2020-10-23 15:55:00,BHFAP
26.69,26.69,26.67,26.67,2000,2020-10-23 16:00:00,BHFAP
26.71,26.71,26.69,26.69,1200,2020-10-23 16:10:00,BHFAP
26.71,26.72,26.7,26.72,474,2020-10-23 16:55:00,BHFAP
26.74,26.74,26.74,26.74,200,2020-10-23 17:00:00,BHFAP
26.74,26.74,26.73,26.73,200,2020-10-23 17:50:00,BHFAP
26.74,26.79,26.74,26.79,700,2020-10-23 17:55:00,BHFAP
26.74,26.8,26.74,26.8,6039,2020-10-23 18:05:00,BHFAP
26.87,26.9009,26.87,26.9009,400,2020-10-23 18:35:00,BHFAP
26.9,26.9,26.9,26.9,700,2020-10-23 18:45:00,BHFAP
26.85,26.86,26.85,26.86,200,2020-10-23 18:50:00,BHFAP
26.87,26.87,26.87,26.87,200,2020-10-23 18:55:00,BHFAP
26.89,26.89,26.89,26.89,400,2020-10-23 19:00:00,BHFAP
26.9,26.9326,26.89,26.9326,3269,2020-10-23 19:30:00,BHFAP
26.94,26.94,26.94,26.94,400,2020-10-23 19:35:00,BHFAP
26.9,26.9,26.88,26.88,1000,2020-10-23 19:45:00,BHFAP
26.92,26.93,26.91,26.91,1270,2020-10-23 19:55:00,BHFAP
26.91,26.91,26.91,26.91,342,2020-10-23 20:00:00,BHFAP
26.9,26.9,26.9,26.9,1770,2020-10-26 13:30:00,BHFAP
26.71,26.825,26.68,26.71,1993,2020-10-26 13:45:00,BHFAP
26.93,26.93,26.93,26.93,100,2020-10-26 13:55:00,BHFAP
26.775,26.78,26.775,26.78,1000,2020-10-26 14:00:00,BHFAP
26.92,26.92,26.92,26.92,100,2020-10-26 14:15:00,BHFAP
26.86,26.87,26.86,26.87,200,2020-10-26 14:25:00,BHFAP
26.76,26.77,26.76,26.76,600,2020-10-26 14:30:00,BHFAP
26.8131,26.8131,26.8131,26.8131,400,2020-10-26 14:40:00,BHFAP
26.755,26.755,26.755,26.755,425,2020-10-26 14:50:00,BHFAP
26.7171,26.7171,26.7171,26.7171,254,2020-10-26 15:20:00,BHFAP
26.785,26.785,26.785,26.785,180,2020-10-26 15:40:00,BHFAP
26.84,26.84,26.84,26.84,300,2020-10-26 15:50:00,BHFAP
26.8,26.8,26.8,26.8,100,2020-10-26 15:55:00,BHFAP
26.79,26.79,26.79,26.79,362,2020-10-26 16:00:00,BHFAP
26.79,26.79,26.79,26.79,200,2020-10-26 16:05:00,BHFAP
26.7998,26.7998,26.7998,26.7998,300,2020-10-26 16:10:00,BHFAP
26.7613,26.7613,26.67,26.67,600,2020-10-26 16:15:00,BHFAP
26.73,26.73,26.67,26.67,250,2020-10-26 16:30:00,BHFAP
26.81,26.81,26.81,26.81,100,2020-10-26 16:40:00,BHFAP
26.7,26.7,26.59,26.59,5439,2020-10-26 16:45:00,BHFAP
26.59,26.59,26.545,26.545,1154,2020-10-26 16:50:00,BHFAP
26.59,26.6,26.545,26.545,400,2020-10-26 16:55:00,BHFAP
26.54,26.55,26.51,26.55,756,2020-10-26 17:15:00,BHFAP
26.52,26.52,26.36,26.36,4330,2020-10-26 17:50:00,BHFAP
26.6,26.6,26.6,26.6,111,2020-10-26 18:20:00,BHFAP
26.5903,26.5903,26.5903,26.5903,1000,2020-10-26 18:30:00,BHFAP
26.6125,26.6125,26.6125,26.6125,400,2020-10-26 18:40:00,BHFAP
26.5897,26.5897,26.5897,26.5897,200,2020-10-26 18:45:00,BHFAP
26.54,26.54,26.54,26.54,200,2020-10-26 19:10:00,BHFAP
26.67,26.68,26.67,26.68,625,2020-10-26 19:35:00,BHFAP
26.55,26.56,26.53,26.54,1356,2020-10-26 19:45:00,BHFAP
26.54,26.55,26.54,26.55,939,2020-10-26 19:50:00,BHFAP
26.55,26.55,26.55,26.55,523,2020-10-26 20:00:00,BHFAP
26.59,26.59,26.54,26.54,1400,2020-10-27 12:55:00,BHFAP
26.59,26.59,26.59,26.59,100,2020-10-27 13:30:00,BHFAP
26.58,26.58,26.58,26.58,100,2020-10-27 13:40:00,BHFAP
26.59,26.59,26.59,26.59,200,2020-10-27 13:55:00,BHFAP
26.71,26.71,26.71,26.71,100,2020-10-27 14:00:00,BHFAP
26.69,26.69,26.69,26.69,100,2020-10-27 14:25:00,BHFAP
26.55,26.55,26.5,26.5,700,2020-10-27 14:45:00,BHFAP
26.52,26.52,26.46,26.49,500,2020-10-27 14:50:00,BHFAP
26.52,26.57,26.52,26.57,200,2020-10-27 14:55:00,BHFAP
26.57,26.57,26.57,26.57,100,2020-10-27 15:00:00,BHFAP
26.5,26.5,26.5,26.5,100,2020-10-27 15:25:00,BHFAP
26.55,26.55,26.55,26.55,100,2020-10-27 15:50:00,BHFAP
26.455,26.5774,26.455,26.5774,1600,2020-10-27 16:05:00,BHFAP
26.48,26.48,26.48,26.48,100,2020-10-27 16:15:00,BHFAP
26.43,26.43,26.42,26.42,500,2020-10-27 16:25:00,BHFAP
26.43,26.43,26.43,26.43,183,2020-10-27 16:45:00,BHFAP
26.42,26.42,26.42,26.42,200,2020-10-27 17:15:00,BHFAP
26.42,26.42,26.385,26.385,2924,2020-10-27 17:25:00,BHFAP
26.36,26.42,26.36,26.42,401,2020-10-27 18:05:00,BHFAP
26.381,26.381,26.381,26.381,450,2020-10-27 18:15:00,BHFAP
26.38,26.42,26.37,26.42,1572,2020-10-27 18:25:00,BHFAP
26.4,26.4104,26.38,26.4104,1896,2020-10-27 18:45:00,BHFAP
26.36,26.41,26.36,26.41,200,2020-10-27 19:15:00,BHFAP
26.36,26.36,26.36,26.36,100,2020-10-27 19:25:00,BHFAP
26.43,26.43,26.43,26.43,248,2020-10-27 19:30:00,BHFAP
26.42,26.42,26.42,26.42,100,2020-10-27 19:45:00,BHFAP
26.37,26.41,26.37,26.41,211,2020-10-27 19:50:00,BHFAP
26.41,26.41,26.41,26.41,129,2020-10-27 19:55:00,BHFAP
26.42,26.42,26.42,26.42,228,2020-10-27 20:00:00,BHFAP
26.3,26.3,26.19,26.19,500,2020-10-28 13:30:00,BHFAP
26.29,26.29,26.15,26.15,1400,2020-10-28 13:35:00,BHFAP
26.18,26.18,26.18,26.18,213,2020-10-28 13:40:00,BHFAP
26.15,26.22,26.15,26.22,793,2020-10-28 13:45:00,BHFAP
26.22,26.5658,26.15,26.15,3950,2020-10-28 13:50:00,BHFAP
26.15,26.15,26.15,26.15,829,2020-10-28 13:55:00,BHFAP
26.11,26.11,26.1,26.1,800,2020-10-28 14:00:00,BHFAP
26.15,26.15,26.15,26.15,311,2020-10-28 14:05:00,BHFAP
26.1,26.1001,26.05,26.05,1900,2020-10-28 14:10:00,BHFAP
25.92,25.95,25.92,25.95,400,2020-10-28 14:15:00,BHFAP
25.93,25.93,25.88,25.9,500,2020-10-28 14:20:00,BHFAP
25.93,25.99,25.855,25.855,1764,2020-10-28 14:25:00,BHFAP
25.86,25.86,25.85,25.85,500,2020-10-28 14:30:00,BHFAP
25.925,25.925,25.87,25.87,1000,2020-10-28 14:35:00,BHFAP
25.8879,25.8881,25.85,25.85,3100,2020-10-28 14:40:00,BHFAP
25.85,25.85,25.85,25.85,400,2020-10-28 14:45:00,BHFAP
25.78,25.89,25.78,25.89,200,2020-10-28 14:50:00,BHFAP
25.79,25.8,25.78,25.78,2100,2020-10-28 14:55:00,BHFAP
25.88,25.88,25.77,25.84,700,2020-10-28 15:00:00,BHFAP
25.82,25.82,25.765,25.78,700,2020-10-28 15:05:00,BHFAP
25.81,25.83,25.81,25.83,674,2020-10-28 15:10:00,BHFAP
25.84,25.84,25.78,25.84,2400,2020-10-28 15:15:00,BHFAP
25.86,25.86,25.78,25.78,1790,2020-10-28 15:20:00,BHFAP
25.78,25.81,25.78,25.7801,4800,2020-10-28 15:25:00,BHFAP
25.81,25.81,25.79,25.79,400,2020-10-28 15:30:00,BHFAP
25.79,25.79,25.79,25.79,100,2020-10-28 15:35:00,BHFAP
25.8,25.8,25.77,25.8,1450,2020-10-28 15:40:00,BHFAP
25.85,25.98,25.85,25.87,2776,2020-10-28 15:45:00,BHFAP
25.87,25.98,25.86,25.98,300,2020-10-28 15:50:00,BHFAP
25.97,25.99,25.97,25.98,2644,2020-10-28 16:00:00,BHFAP
25.91,25.95,25.91,25.95,900,2020-10-28 16:15:00,BHFAP
25.91,25.91,25.9,25.9,1979,2020-10-28 16:25:00,BHFAP
25.83,25.83,25.83,25.83,100,2020-10-28 16:45:00,BHFAP
25.89,25.9,25.89,25.9,900,2020-10-28 17:10:00,BHFAP
25.88,25.88,25.88,25.88,308,2020-10-28 17:15:00,BHFAP
25.8915,25.8915,25.8915,25.8915,200,2020-10-28 17:20:00,BHFAP
25.92,25.93,25.9,25.93,700,2020-10-28 17:25:00,BHFAP
25.84,25.9094,25.83,25.9094,1050,2020-10-28 17:45:00,BHFAP
25.875,25.93,25.875,25.92,750,2020-10-28 17:55:00,BHFAP
25.91,25.92,25.91,25.92,300,2020-10-28 18:10:00,BHFAP
25.93,25.98,25.93,25.96,1798,2020-10-28 18:15:00,BHFAP
25.98,26.01,25.97,25.97,2390,2020-10-28 18:25:00,BHFAP
25.985,25.985,25.985,25.985,100,2020-10-28 19:00:00,BHFAP
25.975,25.98,25.975,25.98,1400,2020-10-28 19:05:00,BHFAP
25.97,26.05,25.97,26.05,3756,2020-10-28 19:10:00,BHFAP
26.05,26.05,26.05,26.05,1000,2020-10-28 19:15:00,BHFAP
26.05,26.05,26.05,26.05,100,2020-10-28 19:20:00,BHFAP
26.05,26.1149,26.05,26.1149,674,2020-10-28 19:25:00,BHFAP
26.09,26.09,26.05,26.05,2063,2020-10-28 19:35:00,BHFAP
26.05,26.05,26.05,26.05,3160,2020-10-28 19:40:00,BHFAP
26.05,26.05,26.05,26.05,100,2020-10-28 19:45:00,BHFAP
26.05,26.05,26.05,26.05,3807,2020-10-28 19:50:00,BHFAP
26.05,26.06,26.02,26.05,6440,2020-10-28 19:55:00,BHFAP
26.05,26.05,26.05,26.05,324,2020-10-28 20:00:00,BHFAP
26.04,26.04,26.04,26.04,11775,2020-10-28 21:05:00,BHFAP
26.14,26.14,26.08,26.08,200,2020-10-29 13:30:00,BHFAP
26.2454,26.31,26.23,26.31,400,2020-10-29 13:55:00,BHFAP
26.28,26.28,26.28,26.28,200,2020-10-29 14:00:00,BHFAP
26.3,26.4495,26.3,26.4495,756,2020-10-29 14:10:00,BHFAP
26.28,26.28,26.28,26.28,100,2020-10-29 14:15:00,BHFAP
26.41,26.41,26.41,26.41,275,2020-10-29 14:20:00,BHFAP
26.37,26.43,26.37,26.43,900,2020-10-29 14:35:00,BHFAP
26.37,26.41,26.37,26.41,1323,2020-10-29 14:40:00,BHFAP
26.375,26.375,26.375,26.375,100,2020-10-29 14:45:00,BHFAP
26.43,26.46,26.43,26.46,1900,2020-10-29 14:55:00,BHFAP
26.45,26.45,26.45,26.45,300,2020-10-29 15:00:00,BHFAP
26.45,26.45,26.45,26.45,200,2020-10-29 15:05:00,BHFAP
26.45,26.47,26.45,26.45,2313,2020-10-29 15:40:00,BHFAP
26.3,26.3,26.3,26.3,100,2020-10-29 15:50:00,BHFAP
26.4,26.4,26.4,26.4,400,2020-10-29 16:00:00,BHFAP
26.4,26.425,26.4,26.425,200,2020-10-29 16:05:00,BHFAP
26.4,26.4,26.4,26.4,700,2020-10-29 16:10:00,BHFAP
26.3769,26.3769,26.3769,26.3769,950,2020-10-29 16:25:00,BHFAP
26.44,26.45,26.3704,26.3704,2000,2020-10-29 16:30:00,BHFAP
26.37,26.37,26.33,26.33,400,2020-10-29 16:35:00,BHFAP
26.31,26.32,26.31,26.32,400,2020-10-29 17:05:00,BHFAP
26.34,26.35,26.34,26.35,225,2020-10-29 17:10:00,BHFAP
26.3128,26.3128,26.31,26.31,400,2020-10-29 17:15:00,BHFAP
26.32,26.32,26.3198,26.3198,1000,2020-10-29 17:30:00,BHFAP
26.34,26.35,26.34,26.3499,1400,2020-10-29 17:35:00,BHFAP
26.305,26.4094,26.305,26.3956,1450,2020-10-29 17:55:00,BHFAP
26.47,26.48,26.47,26.47,1600,2020-10-29 18:00:00,BHFAP
26.365,26.365,26.365,26.365,100,2020-10-29 18:20:00,BHFAP
26.43,26.4474,26.43,26.4474,800,2020-10-29 18:30:00,BHFAP
26.32,26.4,26.32,26.4,400,2020-10-29 19:10:00,BHFAP
26.33,26.33,26.33,26.33,100,2020-10-29 19:45:00,BHFAP
26.33,26.34,26.33,26.34,200,2020-10-29 19:50:00,BHFAP
26.35,26.35,26.32,26.32,200,2020-10-29 19:55:00,BHFAP
26.3,26.3,26.3,26.3,1350,2020-10-29 20:00:00,BHFAP
26.42,26.42,26.4079,26.4079,500,2020-10-30 13:30:00,BHFAP
26.34,26.34,26.3,26.3,965,2020-10-30 14:05:00,BHFAP
26.46,26.46,26.46,26.46,100,2020-10-30 14:10:00,BHFAP
26.4139,26.4139,26.4139,26.4139,115,2020-10-30 14:20:00,BHFAP
26.42,26.42,26.4,26.4,300,2020-10-30 14:30:00,BHFAP
26.31,26.31,26.3,26.3,200,2020-10-30 14:40:00,BHFAP
26.3,26.315,26.3,26.3,1700,2020-10-30 14:45:00,BHFAP
26.2,26.2,26.2,26.2,120,2020-10-30 15:00:00,BHFAP
26.3,26.3,26.3,26.3,366,2020-10-30 15:25:00,BHFAP
26.3,26.35,26.3,26.35,1584,2020-10-30 15:30:00,BHFAP
26.38,26.38,26.38,26.38,100,2020-10-30 15:35:00,BHFAP
26.3535,26.36,26.35,26.35,1400,2020-10-30 16:10:00,BHFAP
26.35,26.35,26.35,26.35,100,2020-10-30 16:15:00,BHFAP
26.39,26.4,26.39,26.4,500,2020-10-30 16:25:00,BHFAP
26.35,26.37,26.35,26.35,3900,2020-10-30 16:40:00,BHFAP
26.355,26.36,26.355,26.3599,300,2020-10-30 17:05:00,BHFAP
26.35,26.355,26.35,26.355,1300,2020-10-30 17:10:00,BHFAP
26.36,26.36,26.35,26.35,500,2020-10-30 17:20:00,BHFAP
26.36,26.36,26.36,26.36,700,2020-10-30 17:25:00,BHFAP
26.39,26.425,26.39,26.425,300,2020-10-30 17:30:00,BHFAP
26.44,26.46,26.4198,26.4198,700,2020-10-30 17:40:00,BHFAP
26.4,26.425,26.35,26.35,900,2020-10-30 17:50:00,BHFAP
26.415,26.415,26.415,26.415,300,2020-10-30 18:00:00,BHFAP
26.415,26.415,26.35,26.35,800,2020-10-30 18:20:00,BHFAP
26.42,26.43,26.42,26.43,400,2020-10-30 18:30:00,BHFAP
26.43,26.43,26.43,26.43,200,2020-10-30 18:35:00,BHFAP
26.44,26.5,26.37,26.37,1800,2020-10-30 18:40:00,BHFAP
26.43,26.45,26.43,26.45,400,2020-10-30 19:25:00,BHFAP
26.44,26.46,26.309,26.44,1144,2020-10-30 19:30:00,BHFAP
26.47,26.47,26.4525,26.47,500,2020-10-30 19:35:00,BHFAP
26.3486,26.3486,26.3486,26.3486,200,2020-10-30 19:40:00,BHFAP
26.3426,26.3426,26.3426,26.3426,1500,2020-10-30 19:45:00,BHFAP
26.3541,26.3541,26.3541,26.3541,125,2020-10-30 19:50:00,BHFAP
26.31,26.46,26.31,26.38,574,2020-10-30 19:55:00,BHFAP
26.51,26.51,26.51,26.51,26587,2020-10-30 20:00:00,BHFAP
