open,high,low,close,volume,datetime,symbol
12.54,12.8854,12.54,12.69,5804,2020-10-01 13:30:00,GOSS
12.56,12.6036,12.55,12.55,1117,2020-10-01 13:35:00,GOSS
12.52,12.52,12.445,12.445,1175,2020-10-01 13:40:00,GOSS
12.435,12.49,12.435,12.49,300,2020-10-01 13:45:00,GOSS
12.505,12.505,12.47,12.48,1600,2020-10-01 13:50:00,GOSS
12.47,12.54,12.47,12.5,3549,2020-10-01 13:55:00,GOSS
12.53,12.53,12.52,12.52,620,2020-10-01 14:00:00,GOSS
12.52,12.53,12.49,12.49,600,2020-10-01 14:05:00,GOSS
12.44,12.44,12.28,12.4,2573,2020-10-01 14:10:00,GOSS
12.39,12.435,12.38,12.4,2364,2020-10-01 14:15:00,GOSS
12.4,12.4,12.32,12.33,2882,2020-10-01 14:20:00,GOSS
12.295,12.3,12.25,12.265,2600,2020-10-01 14:25:00,GOSS
12.25,12.27,12.25,12.27,1042,2020-10-01 14:30:00,GOSS
12.285,12.35,12.17,12.18,26166,2020-10-01 14:35:00,GOSS
12.19,12.19,12.11,12.11,1957,2020-10-01 14:40:00,GOSS
12.14,12.18,12.14,12.16,1400,2020-10-01 14:45:00,GOSS
12.17,12.21,12.17,12.21,1400,2020-10-01 14:50:00,GOSS
12.22,12.24,12.19,12.23,1600,2020-10-01 14:55:00,GOSS
12.25,12.25,12.2,12.21,800,2020-10-01 15:00:00,GOSS
12.19,12.2,12.14,12.2,600,2020-10-01 15:05:00,GOSS
12.16,12.16,12.12,12.13,1300,2020-10-01 15:10:00,GOSS
12.12,12.12,11.95,11.965,6297,2020-10-01 15:15:00,GOSS
11.96,11.99,11.95,11.99,2900,2020-10-01 15:20:00,GOSS
11.995,12.01,11.99,12.01,658,2020-10-01 15:25:00,GOSS
11.99,11.9963,11.965,11.98,1800,2020-10-01 15:30:00,GOSS
12.0,12.0,11.915,11.915,2572,2020-10-01 15:35:00,GOSS
11.9,11.96,11.85,11.93,15087,2020-10-01 15:40:00,GOSS
11.93,11.93,11.89,11.92,2900,2020-10-01 15:45:00,GOSS
11.88,11.93,11.88,11.93,1250,2020-10-01 15:50:00,GOSS
11.92,11.949,11.9,11.93,1800,2020-10-01 15:55:00,GOSS
11.94,11.94,11.92,11.92,500,2020-10-01 16:00:00,GOSS
11.92,11.995,11.92,11.995,2339,2020-10-01 16:05:00,GOSS
12.005,12.07,12.005,12.07,600,2020-10-01 16:10:00,GOSS
12.06,12.06,12.01,12.025,2700,2020-10-01 16:15:00,GOSS
12.03,12.06,12.02,12.06,800,2020-10-01 16:20:00,GOSS
12.05,12.05,12.02,12.03,1300,2020-10-01 16:25:00,GOSS
12.01,12.0199,11.99,12.0,1700,2020-10-01 16:30:00,GOSS
11.99,12.0,11.97,11.995,1475,2020-10-01 16:35:00,GOSS
12.02,12.025,12.005,12.01,1300,2020-10-01 16:40:00,GOSS
12.0,12.0,11.93,11.93,4042,2020-10-01 16:45:00,GOSS
11.93,11.96,11.93,11.93,2200,2020-10-01 16:50:00,GOSS
11.95,11.99,11.94,11.97,3763,2020-10-01 16:55:00,GOSS
11.95,11.96,11.93,11.96,1000,2020-10-01 17:05:00,GOSS
11.954,11.999,11.95,11.999,2455,2020-10-01 17:10:00,GOSS
12.01,12.01,11.99,11.99,1500,2020-10-01 17:15:00,GOSS
11.98,12.04,11.98,12.02,1000,2020-10-01 17:20:00,GOSS
12.04,12.0557,12.02,12.02,1657,2020-10-01 17:25:00,GOSS
12.0153,12.025,12.0,12.0,1515,2020-10-01 17:30:00,GOSS
11.99,12.01,11.98,11.99,3162,2020-10-01 17:35:00,GOSS
12.01,12.06,12.01,12.06,3668,2020-10-01 17:40:00,GOSS
12.06,12.1,12.05,12.07,1561,2020-10-01 17:45:00,GOSS
12.07,12.17,12.07,12.16,10600,2020-10-01 17:50:00,GOSS
12.17,12.19,12.115,12.115,8853,2020-10-01 17:55:00,GOSS
12.14,12.15,12.05,12.07,4472,2020-10-01 18:00:00,GOSS
12.11,12.11,12.08,12.08,1200,2020-10-01 18:05:00,GOSS
12.06,12.065,12.01,12.025,1800,2020-10-01 18:10:00,GOSS
12.03,12.045,12.01,12.01,2500,2020-10-01 18:15:00,GOSS
12.03,12.03,12.01,12.01,2200,2020-10-01 18:20:00,GOSS
12.05,12.06,12.03,12.03,2500,2020-10-01 18:25:00,GOSS
12.03,12.06,12.02,12.02,1330,2020-10-01 18:30:00,GOSS
12.01,12.03,12.0,12.02,2967,2020-10-01 18:35:00,GOSS
12.03,12.04,12.025,12.04,400,2020-10-01 18:40:00,GOSS
12.02,12.02,11.89,11.99,10155,2020-10-01 18:45:00,GOSS
12.03,12.04,11.93,11.93,2800,2020-10-01 18:50:00,GOSS
11.94,11.96,11.92,11.94,1300,2020-10-01 18:55:00,GOSS
11.94,11.97,11.92,11.97,2729,2020-10-01 19:00:00,GOSS
11.99,12.02,11.99,12.0,600,2020-10-01 19:05:00,GOSS
11.99,12.02,11.99,12.02,800,2020-10-01 19:10:00,GOSS
12.02,12.02,11.94,11.945,3500,2020-10-01 19:15:00,GOSS
11.94,11.94,11.9,11.905,2500,2020-10-01 19:20:00,GOSS
11.92,11.94,11.91,11.91,1100,2020-10-01 19:25:00,GOSS
11.9,11.91,11.875,11.9,2778,2020-10-01 19:30:00,GOSS
11.905,11.92,11.9,11.915,2015,2020-10-01 19:35:00,GOSS
11.9,11.91,11.88,11.88,4300,2020-10-01 19:40:00,GOSS
11.88,11.92,11.86,11.88,3700,2020-10-01 19:45:00,GOSS
11.9,11.9,11.82,11.88,7776,2020-10-01 19:50:00,GOSS
11.8757,11.95,11.86,11.95,22025,2020-10-01 19:55:00,GOSS
11.95,11.95,11.95,11.95,39380,2020-10-01 20:00:00,GOSS
11.64,11.66,11.64,11.66,5412,2020-10-02 13:30:00,GOSS
11.9,11.9,11.78,11.78,400,2020-10-02 13:35:00,GOSS
11.81,11.89,11.81,11.89,1400,2020-10-02 13:40:00,GOSS
11.875,11.875,11.875,11.875,200,2020-10-02 13:45:00,GOSS
11.875,11.89,11.8485,11.8485,1048,2020-10-02 13:50:00,GOSS
11.865,11.865,11.865,11.865,100,2020-10-02 13:55:00,GOSS
11.89,11.9399,11.865,11.9399,900,2020-10-02 14:00:00,GOSS
11.88,11.9064,11.8701,11.88,1300,2020-10-02 14:05:00,GOSS
11.87,11.87,11.82,11.82,900,2020-10-02 14:10:00,GOSS
11.8726,11.8726,11.81,11.81,231,2020-10-02 14:15:00,GOSS
11.81,11.81,11.7,11.7,2674,2020-10-02 14:25:00,GOSS
11.68,11.68,11.63,11.63,3435,2020-10-02 14:30:00,GOSS
11.7,11.7,11.61,11.62,1745,2020-10-02 14:40:00,GOSS
11.65,11.71,11.63,11.68,1200,2020-10-02 14:45:00,GOSS
11.66,11.66,11.62,11.62,1500,2020-10-02 14:50:00,GOSS
11.65,11.7,11.65,11.696,1250,2020-10-02 14:55:00,GOSS
11.72,11.7287,11.65,11.67,1502,2020-10-02 15:00:00,GOSS
11.66,11.69,11.605,11.65,3039,2020-10-02 15:05:00,GOSS
11.678,11.678,11.678,11.678,100,2020-10-02 15:10:00,GOSS
11.64,11.64,11.6,11.6,1300,2020-10-02 15:15:00,GOSS
11.625,11.6275,11.625,11.6275,400,2020-10-02 15:20:00,GOSS
11.65,11.69,11.64,11.6829,5828,2020-10-02 15:25:00,GOSS
11.63,11.64,11.57,11.57,4001,2020-10-02 15:30:00,GOSS
11.58,11.6,11.57,11.57,900,2020-10-02 15:35:00,GOSS
11.58,11.6,11.58,11.58,900,2020-10-02 15:40:00,GOSS
11.59,11.63,11.58,11.58,1700,2020-10-02 15:45:00,GOSS
11.58,11.6,11.56,11.6,2152,2020-10-02 15:50:00,GOSS
11.63,11.63,11.57,11.6203,800,2020-10-02 15:55:00,GOSS
11.58,11.605,11.52,11.57,9661,2020-10-02 16:00:00,GOSS
11.58,11.58,11.52,11.575,3043,2020-10-02 16:05:00,GOSS
11.55,11.565,11.54,11.565,800,2020-10-02 16:10:00,GOSS
11.565,11.5662,11.53,11.5662,1800,2020-10-02 16:15:00,GOSS
11.57,11.6,11.52,11.53,14493,2020-10-02 16:20:00,GOSS
11.54,11.55,11.52,11.52,1103,2020-10-02 16:25:00,GOSS
11.5473,11.5473,11.5473,11.5473,200,2020-10-02 16:30:00,GOSS
11.52,11.58,11.52,11.58,1985,2020-10-02 16:35:00,GOSS
11.57,11.62,11.55,11.57,2410,2020-10-02 16:40:00,GOSS
11.58,11.6253,11.565,11.6,2971,2020-10-02 16:50:00,GOSS
11.63,11.66,11.58,11.66,1300,2020-10-02 16:55:00,GOSS
11.62,11.645,11.6,11.6,11003,2020-10-02 17:00:00,GOSS
11.57,11.5988,11.57,11.595,868,2020-10-02 17:05:00,GOSS
11.62,11.62,11.58,11.595,500,2020-10-02 17:10:00,GOSS
11.6,11.6,11.5851,11.5851,1020,2020-10-02 17:15:00,GOSS
11.6048,11.62,11.6048,11.62,500,2020-10-02 17:20:00,GOSS
11.64,11.66,11.58,11.58,2900,2020-10-02 17:25:00,GOSS
11.615,11.615,11.55,11.55,2107,2020-10-02 17:30:00,GOSS
11.565,11.565,11.565,11.565,300,2020-10-02 17:35:00,GOSS
11.59,11.59,11.565,11.5735,600,2020-10-02 17:40:00,GOSS
11.565,11.565,11.46,11.48,8581,2020-10-02 17:45:00,GOSS
11.475,11.475,11.44,11.44,1202,2020-10-02 17:50:00,GOSS
11.47,11.53,11.47,11.5,2410,2020-10-02 17:55:00,GOSS
11.53,11.53,11.495,11.505,2744,2020-10-02 18:00:00,GOSS
11.4959,11.54,11.49,11.54,4000,2020-10-02 18:05:00,GOSS
11.53,11.54,11.5,11.5,1427,2020-10-02 18:10:00,GOSS
11.55,11.55,11.525,11.525,301,2020-10-02 18:15:00,GOSS
11.5,11.53,11.49,11.5,3024,2020-10-02 18:20:00,GOSS
11.5,11.51,11.48,11.505,2729,2020-10-02 18:25:00,GOSS
11.505,11.5145,11.47,11.49,1300,2020-10-02 18:30:00,GOSS
11.48,11.48,11.46,11.46,700,2020-10-02 18:35:00,GOSS
11.48,11.48,11.48,11.48,100,2020-10-02 18:40:00,GOSS
11.48,11.48,11.46,11.46,1000,2020-10-02 18:45:00,GOSS
11.45,11.46,11.44,11.45,1617,2020-10-02 18:50:00,GOSS
11.51,11.51,11.45,11.45,6603,2020-10-02 18:55:00,GOSS
11.47,11.49,11.47,11.49,500,2020-10-02 19:00:00,GOSS
11.49,11.49,11.47,11.47,487,2020-10-02 19:05:00,GOSS
11.4968,11.5,11.42,11.44,2580,2020-10-02 19:10:00,GOSS
11.43,11.4499,11.41,11.41,11900,2020-10-02 19:15:00,GOSS
11.43,11.43,11.39,11.39,15839,2020-10-02 19:20:00,GOSS
11.405,11.44,11.405,11.44,7402,2020-10-02 19:25:00,GOSS
11.41,11.41,11.33,11.36,6661,2020-10-02 19:30:00,GOSS
11.36,11.4199,11.36,11.4,1400,2020-10-02 19:35:00,GOSS
11.4,11.4199,11.38,11.39,5638,2020-10-02 19:40:00,GOSS
11.38,11.39,11.37,11.37,2500,2020-10-02 19:45:00,GOSS
11.39,11.405,11.34,11.405,7868,2020-10-02 19:50:00,GOSS
11.39,11.4,11.32,11.34,14917,2020-10-02 19:55:00,GOSS
11.35,11.35,11.35,11.35,39483,2020-10-02 20:00:00,GOSS
11.45,11.45,11.45,11.45,100,2020-10-02 21:35:00,GOSS
11.469,11.8799,11.4,11.8799,4281,2020-10-05 13:30:00,GOSS
11.62,11.6377,11.62,11.6377,250,2020-10-05 13:35:00,GOSS
11.58,11.65,11.58,11.58,1458,2020-10-05 13:40:00,GOSS
11.62,11.62,11.525,11.5275,1500,2020-10-05 13:45:00,GOSS
11.525,11.525,11.495,11.5096,1258,2020-10-05 13:50:00,GOSS
11.5,11.53,11.43,11.44,2531,2020-10-05 13:55:00,GOSS
11.44,11.53,11.44,11.51,2950,2020-10-05 14:00:00,GOSS
11.5,11.55,11.5,11.53,2000,2020-10-05 14:05:00,GOSS
11.51,11.525,11.45,11.51,2190,2020-10-05 14:10:00,GOSS
11.475,11.52,11.475,11.52,630,2020-10-05 14:15:00,GOSS
11.52,11.62,11.52,11.62,3910,2020-10-05 14:20:00,GOSS
11.62,11.68,11.61,11.66,10840,2020-10-05 14:25:00,GOSS
11.62,11.72,11.62,11.72,3124,2020-10-05 14:30:00,GOSS
11.66,11.69,11.45,11.49,38629,2020-10-05 14:35:00,GOSS
11.43,11.49,11.43,11.46,2522,2020-10-05 14:40:00,GOSS
11.42,11.5153,11.42,11.5153,1000,2020-10-05 14:45:00,GOSS
11.465,11.5,11.4,11.485,5629,2020-10-05 14:50:00,GOSS
11.4946,11.62,11.47,11.62,2201,2020-10-05 14:55:00,GOSS
11.59,11.6006,11.59,11.59,2000,2020-10-05 15:00:00,GOSS
11.63,11.63,11.55,11.62,2464,2020-10-05 15:05:00,GOSS
11.59,11.635,11.58,11.635,1800,2020-10-05 15:15:00,GOSS
11.65,11.65,11.62,11.65,3312,2020-10-05 15:20:00,GOSS
11.6648,11.6652,11.64,11.6652,1101,2020-10-05 15:25:00,GOSS
11.61,11.6616,11.61,11.6616,730,2020-10-05 15:30:00,GOSS
11.61,11.61,11.61,11.61,649,2020-10-05 15:35:00,GOSS
11.62,11.64,11.61,11.61,2400,2020-10-05 15:40:00,GOSS
11.62,11.63,11.595,11.62,7890,2020-10-05 15:50:00,GOSS
11.62,11.64,11.56,11.56,3200,2020-10-05 15:55:00,GOSS
11.58,11.62,11.56,11.62,4100,2020-10-05 16:00:00,GOSS
11.63,11.63,11.63,11.63,100,2020-10-05 16:05:00,GOSS
11.63,11.635,11.63,11.635,700,2020-10-05 16:10:00,GOSS
11.62,11.62,11.6134,11.6134,1400,2020-10-05 16:15:00,GOSS
11.62,11.6339,11.62,11.6339,1400,2020-10-05 16:20:00,GOSS
11.62,11.635,11.62,11.62,500,2020-10-05 16:25:00,GOSS
11.6,11.6,11.6,11.6,400,2020-10-05 16:30:00,GOSS
11.6,11.62,11.59,11.59,1200,2020-10-05 16:35:00,GOSS
11.593,11.61,11.59,11.61,1958,2020-10-05 16:40:00,GOSS
11.61,11.61,11.59,11.6,1644,2020-10-05 16:50:00,GOSS
11.6,11.6,11.5,11.51,19856,2020-10-05 16:55:00,GOSS
11.51,11.535,11.49,11.535,5529,2020-10-05 17:00:00,GOSS
11.62,11.62,11.585,11.5875,300,2020-10-05 17:05:00,GOSS
11.5524,11.57,11.5524,11.57,635,2020-10-05 17:10:00,GOSS
11.57,11.57,11.57,11.57,200,2020-10-05 17:15:00,GOSS
11.565,11.635,11.56,11.6,43707,2020-10-05 17:25:00,GOSS
11.63,11.68,11.63,11.66,700,2020-10-05 17:30:00,GOSS
11.7,11.775,11.64,11.73,69974,2020-10-05 17:35:00,GOSS
11.73,11.77,11.73,11.75,5100,2020-10-05 17:40:00,GOSS
11.71,11.73,11.71,11.73,200,2020-10-05 17:45:00,GOSS
11.75,11.76,11.735,11.755,2465,2020-10-05 17:50:00,GOSS
11.75,11.75,11.735,11.75,800,2020-10-05 17:55:00,GOSS
11.75,11.75,11.71,11.71,2190,2020-10-05 18:00:00,GOSS
11.7,11.715,11.69,11.715,3277,2020-10-05 18:05:00,GOSS
11.72,11.73,11.69,11.69,2628,2020-10-05 18:10:00,GOSS
11.68,11.68,11.6541,11.6541,1055,2020-10-05 18:15:00,GOSS
11.66,11.695,11.66,11.695,2660,2020-10-05 18:20:00,GOSS
11.69,11.71,11.68,11.69,2000,2020-10-05 18:25:00,GOSS
11.69,11.72,11.69,11.69,800,2020-10-05 18:30:00,GOSS
11.69,11.71,11.69,11.71,2431,2020-10-05 18:35:00,GOSS
11.69,11.72,11.69,11.72,900,2020-10-05 18:40:00,GOSS
11.69,11.69,11.69,11.69,700,2020-10-05 18:45:00,GOSS
11.71,11.72,11.67,11.67,5230,2020-10-05 18:50:00,GOSS
11.68,11.76,11.68,11.76,2800,2020-10-05 18:55:00,GOSS
11.76,11.77,11.76,11.77,800,2020-10-05 19:00:00,GOSS
11.79,11.83,11.79,11.83,1872,2020-10-05 19:05:00,GOSS
11.83,11.83,11.8,11.82,3000,2020-10-05 19:10:00,GOSS
11.82,11.82,11.79,11.81,2042,2020-10-05 19:15:00,GOSS
11.81,11.81,11.75,11.75,3266,2020-10-05 19:20:00,GOSS
11.75,11.79,11.74,11.79,1397,2020-10-05 19:25:00,GOSS
11.79,11.84,11.785,11.84,4278,2020-10-05 19:30:00,GOSS
11.8416,11.92,11.825,11.92,4552,2020-10-05 19:35:00,GOSS
11.92,11.97,11.86,11.97,1000,2020-10-05 19:40:00,GOSS
11.97,12.06,11.94,12.035,13512,2020-10-05 19:45:00,GOSS
12.06,12.21,12.035,12.0823,20079,2020-10-05 19:50:00,GOSS
12.06,12.09,12.02,12.06,33340,2020-10-05 19:55:00,GOSS
12.07,12.07,12.07,12.07,53673,2020-10-05 20:00:00,GOSS
12.0,12.0,12.0,12.0,100,2020-10-06 13:00:00,GOSS
12.16,12.46,12.16,12.45,8233,2020-10-06 13:30:00,GOSS
12.4116,12.4116,12.2564,12.27,2069,2020-10-06 13:35:00,GOSS
12.34,12.5,12.34,12.48,6185,2020-10-06 13:40:00,GOSS
12.49,12.5,12.34,12.365,3049,2020-10-06 13:45:00,GOSS
12.25,12.285,12.25,12.25,300,2020-10-06 13:50:00,GOSS
12.3057,12.46,12.3057,12.46,3155,2020-10-06 13:55:00,GOSS
12.49,12.665,12.49,12.645,14500,2020-10-06 14:00:00,GOSS
12.59,12.59,12.53,12.53,2144,2020-10-06 14:05:00,GOSS
12.55,12.6,12.55,12.58,2100,2020-10-06 14:10:00,GOSS
12.615,12.68,12.615,12.68,1400,2020-10-06 14:15:00,GOSS
12.66,12.68,12.57,12.57,1500,2020-10-06 14:20:00,GOSS
12.57,12.57,12.52,12.52,1250,2020-10-06 14:25:00,GOSS
12.52,12.55,12.52,12.52,600,2020-10-06 14:30:00,GOSS
12.52,12.56,12.51,12.51,2040,2020-10-06 14:35:00,GOSS
12.525,12.525,12.39,12.39,2000,2020-10-06 14:40:00,GOSS
12.36,12.36,12.29,12.36,8995,2020-10-06 14:45:00,GOSS
12.4,12.4,12.39,12.39,400,2020-10-06 14:55:00,GOSS
12.41,12.43,12.41,12.43,200,2020-10-06 15:00:00,GOSS
12.445,12.445,12.4,12.4,300,2020-10-06 15:05:00,GOSS
12.41,12.43,12.4,12.41,1600,2020-10-06 15:10:00,GOSS
12.41,12.44,12.4,12.42,1000,2020-10-06 15:15:00,GOSS
12.41,12.48,12.41,12.45,1900,2020-10-06 15:20:00,GOSS
12.53,12.53,12.45,12.4501,2800,2020-10-06 15:25:00,GOSS
12.45,12.49,12.43,12.45,1150,2020-10-06 15:30:00,GOSS
12.51,12.51,12.44,12.475,1100,2020-10-06 15:35:00,GOSS
12.485,12.52,12.48,12.48,1700,2020-10-06 15:40:00,GOSS
12.44,12.44,12.41,12.415,1400,2020-10-06 15:45:00,GOSS
12.4,12.42,12.375,12.3758,1200,2020-10-06 15:50:00,GOSS
12.375,12.38,12.3302,12.3302,3492,2020-10-06 15:55:00,GOSS
12.365,12.365,12.365,12.365,200,2020-10-06 16:00:00,GOSS
12.37,12.37,12.34,12.37,500,2020-10-06 16:05:00,GOSS
12.34,12.35,12.32,12.33,6800,2020-10-06 16:10:00,GOSS
12.33,12.33,12.33,12.33,100,2020-10-06 16:15:00,GOSS
12.33,12.38,12.32,12.37,2100,2020-10-06 16:20:00,GOSS
12.38,12.38,12.38,12.38,300,2020-10-06 16:25:00,GOSS
12.38,12.38,12.38,12.38,200,2020-10-06 16:30:00,GOSS
12.36,12.385,12.35,12.385,800,2020-10-06 16:35:00,GOSS
12.36,12.415,12.36,12.4,1105,2020-10-06 16:40:00,GOSS
12.4,12.42,12.4,12.42,600,2020-10-06 16:45:00,GOSS
12.43,12.47,12.43,12.47,1175,2020-10-06 16:50:00,GOSS
12.48,12.5,12.4787,12.48,2200,2020-10-06 16:55:00,GOSS
12.45,12.48,12.45,12.48,500,2020-10-06 17:00:00,GOSS
12.48,12.55,12.48,12.53,3700,2020-10-06 17:05:00,GOSS
12.51,12.53,12.51,12.51,800,2020-10-06 17:10:00,GOSS
12.51,12.52,12.49,12.52,1450,2020-10-06 17:15:00,GOSS
12.515,12.54,12.51,12.51,1100,2020-10-06 17:20:00,GOSS
12.495,12.495,12.49,12.49,300,2020-10-06 17:25:00,GOSS
12.52,12.52,12.49,12.52,2800,2020-10-06 17:30:00,GOSS
12.54,12.56,12.54,12.56,400,2020-10-06 17:35:00,GOSS
12.56,12.6,12.56,12.6,700,2020-10-06 17:40:00,GOSS
12.575,12.6,12.54,12.56,2000,2020-10-06 17:45:00,GOSS
12.545,12.545,12.5201,12.5201,683,2020-10-06 17:50:00,GOSS
12.54,12.57,12.54,12.56,1600,2020-10-06 17:55:00,GOSS
12.59,12.6,12.59,12.6,300,2020-10-06 18:00:00,GOSS
12.6,12.72,12.6,12.7,5383,2020-10-06 18:05:00,GOSS
12.69,12.69,12.65,12.69,1300,2020-10-06 18:10:00,GOSS
12.67,12.705,12.67,12.7,5503,2020-10-06 18:15:00,GOSS
12.7,12.72,12.68,12.72,2500,2020-10-06 18:20:00,GOSS
12.7009,12.7009,12.66,12.67,3145,2020-10-06 18:25:00,GOSS
12.67,12.72,12.67,12.695,900,2020-10-06 18:30:00,GOSS
12.705,12.775,12.68,12.765,11726,2020-10-06 18:35:00,GOSS
12.765,12.765,12.72,12.74,3169,2020-10-06 18:40:00,GOSS
12.78,12.78,12.71,12.71,3343,2020-10-06 18:45:00,GOSS
12.68,12.705,12.58,12.61,4700,2020-10-06 18:50:00,GOSS
12.6,12.6499,12.5,12.605,5100,2020-10-06 18:55:00,GOSS
12.57,12.605,12.47,12.505,3741,2020-10-06 19:00:00,GOSS
12.48,12.48,12.35,12.38,4379,2020-10-06 19:05:00,GOSS
12.39,12.45,12.38,12.415,2600,2020-10-06 19:10:00,GOSS
12.45,12.45,12.35,12.35,3400,2020-10-06 19:15:00,GOSS
12.3364,12.3364,12.3364,12.3364,300,2020-10-06 19:20:00,GOSS
12.33,12.4,12.33,12.4,1100,2020-10-06 19:25:00,GOSS
12.425,12.46,12.425,12.45,600,2020-10-06 19:30:00,GOSS
12.44,12.47,12.43,12.44,1345,2020-10-06 19:35:00,GOSS
12.43,12.53,12.43,12.52,6250,2020-10-06 19:40:00,GOSS
12.53,12.53,12.47,12.47,4511,2020-10-06 19:45:00,GOSS
12.485,12.485,12.35,12.38,5602,2020-10-06 19:50:00,GOSS
12.345,12.4,12.31,12.34,26019,2020-10-06 19:55:00,GOSS
12.37,12.37,12.37,12.37,39945,2020-10-06 20:00:00,GOSS
12.56,12.62,12.4812,12.4812,3767,2020-10-07 13:30:00,GOSS
12.585,12.59,12.42,12.57,1048,2020-10-07 13:35:00,GOSS
12.517,12.63,12.517,12.62,4211,2020-10-07 13:40:00,GOSS
12.68,12.68,12.65,12.675,1747,2020-10-07 13:45:00,GOSS
12.65,12.65,12.565,12.59,1100,2020-10-07 13:50:00,GOSS
12.56,12.56,12.56,12.56,200,2020-10-07 13:55:00,GOSS
12.555,12.63,12.555,12.624,32400,2020-10-07 14:00:00,GOSS
12.64,12.75,12.64,12.75,790,2020-10-07 14:05:00,GOSS
12.7328,12.75,12.65,12.7,4061,2020-10-07 14:10:00,GOSS
12.71,12.8,12.71,12.8,1215,2020-10-07 14:15:00,GOSS
12.755,12.8,12.755,12.8,1495,2020-10-07 14:25:00,GOSS
12.845,12.87,12.78,12.8,1030,2020-10-07 14:30:00,GOSS
12.7799,12.87,12.7375,12.8495,3300,2020-10-07 14:35:00,GOSS
12.87,12.9,12.85,12.88,1270,2020-10-07 14:40:00,GOSS
12.82,12.89,12.82,12.89,200,2020-10-07 14:45:00,GOSS
12.9,12.925,12.89,12.925,900,2020-10-07 14:50:00,GOSS
12.925,12.96,12.89,12.89,1550,2020-10-07 14:55:00,GOSS
12.9,12.93,12.9,12.9039,1700,2020-10-07 15:00:00,GOSS
12.92,12.93,12.89,12.89,800,2020-10-07 15:05:00,GOSS
12.94,12.9528,12.93,12.95,1900,2020-10-07 15:10:00,GOSS
12.95,13.09,12.95,13.09,36020,2020-10-07 15:15:00,GOSS
13.065,13.15,13.065,13.12,6300,2020-10-07 15:20:00,GOSS
13.15,13.25,13.15,13.1871,10709,2020-10-07 15:25:00,GOSS
13.2,13.23,13.18,13.18,2300,2020-10-07 15:30:00,GOSS
13.1849,13.23,13.18,13.2,3712,2020-10-07 15:35:00,GOSS
13.215,13.24,13.2,13.2,7166,2020-10-07 15:40:00,GOSS
13.2,13.23,13.07,13.07,4604,2020-10-07 15:45:00,GOSS
13.06,13.13,13.0,13.05,54612,2020-10-07 15:50:00,GOSS
13.09,13.14,12.96,12.96,11745,2020-10-07 15:55:00,GOSS
12.98,12.995,12.91,12.945,51700,2020-10-07 16:00:00,GOSS
12.98,13.2,12.98,13.2,5960,2020-10-07 16:05:00,GOSS
13.1991,13.2,13.1991,13.2,1422,2020-10-07 16:10:00,GOSS
13.23,13.23,13.15,13.19,2910,2020-10-07 16:15:00,GOSS
13.185,13.21,13.13,13.18,1468,2020-10-07 16:20:00,GOSS
13.145,13.145,13.04,13.08,2310,2020-10-07 16:25:00,GOSS
13.1,13.1,13.05,13.06,2600,2020-10-07 16:30:00,GOSS
13.07,13.07,13.0,13.0,2200,2020-10-07 16:35:00,GOSS
13.02,13.02,13.01,13.02,899,2020-10-07 16:40:00,GOSS
13.02,13.05,13.015,13.03,600,2020-10-07 16:45:00,GOSS
13.04,13.04,13.02,13.04,500,2020-10-07 16:50:00,GOSS
13.06,13.06,13.02,13.035,700,2020-10-07 16:55:00,GOSS
13.05,13.05,13.03,13.05,1800,2020-10-07 17:00:00,GOSS
13.045,13.09,13.045,13.09,885,2020-10-07 17:05:00,GOSS
13.1,13.13,13.085,13.13,3059,2020-10-07 17:10:00,GOSS
13.13,13.13,13.1,13.13,419,2020-10-07 17:15:00,GOSS
13.12,13.13,13.105,13.13,1000,2020-10-07 17:20:00,GOSS
13.105,13.13,13.09,13.11,900,2020-10-07 17:25:00,GOSS
13.13,13.13,13.07,13.08,1797,2020-10-07 17:30:00,GOSS
13.03,13.06,12.98,13.0,1160,2020-10-07 17:35:00,GOSS
12.9806,12.9806,12.97,12.975,470,2020-10-07 17:40:00,GOSS
12.9725,12.9725,12.91,12.92,2500,2020-10-07 17:45:00,GOSS
12.95,12.98,12.88,12.98,2700,2020-10-07 17:50:00,GOSS
12.98,13.04,12.97,12.99,1900,2020-10-07 17:55:00,GOSS
12.97,13.04,12.96,13.01,1267,2020-10-07 18:00:00,GOSS
13.04,13.04,12.97,12.98,700,2020-10-07 18:05:00,GOSS
12.9554,13.06,12.93,13.05,12595,2020-10-07 18:10:00,GOSS
13.04,13.11,13.03,13.11,1500,2020-10-07 18:15:00,GOSS
13.14,13.15,13.065,13.15,1800,2020-10-07 18:20:00,GOSS
13.1,13.17,13.1,13.12,1400,2020-10-07 18:25:00,GOSS
13.12,13.14,13.09,13.13,900,2020-10-07 18:30:00,GOSS
13.11,13.14,13.11,13.14,700,2020-10-07 18:35:00,GOSS
13.11,13.14,13.11,13.13,1300,2020-10-07 18:40:00,GOSS
13.09,13.11,13.06,13.09,1000,2020-10-07 18:45:00,GOSS
13.06,13.095,13.06,13.09,700,2020-10-07 18:50:00,GOSS
13.07,13.09,13.05,13.06,1000,2020-10-07 18:55:00,GOSS
13.07,13.12,13.02,13.12,600,2020-10-07 19:00:00,GOSS
13.12,13.14,13.105,13.14,3150,2020-10-07 19:05:00,GOSS
13.14,13.19,13.14,13.19,1900,2020-10-07 19:10:00,GOSS
13.19,13.19,13.14,13.175,1000,2020-10-07 19:15:00,GOSS
13.17,13.24,13.14,13.17,3356,2020-10-07 19:20:00,GOSS
13.15,13.2,13.14,13.17,2850,2020-10-07 19:25:00,GOSS
13.17,13.21,13.16,13.16,2033,2020-10-07 19:30:00,GOSS
13.15,13.16,13.12,13.16,1000,2020-10-07 19:35:00,GOSS
13.17,13.19,13.15,13.15,3750,2020-10-07 19:40:00,GOSS
13.18,13.19,13.14,13.19,2600,2020-10-07 19:45:00,GOSS
13.19,13.22,13.17,13.21,5774,2020-10-07 19:50:00,GOSS
13.205,13.21,13.13,13.16,15845,2020-10-07 19:55:00,GOSS
13.16,13.16,13.16,13.16,89787,2020-10-07 20:00:00,GOSS
13.3,13.37,13.2124,13.2124,3339,2020-10-08 13:30:00,GOSS
13.36,13.36,13.17,13.196,1266,2020-10-08 13:35:00,GOSS
13.29,13.29,13.255,13.29,700,2020-10-08 13:40:00,GOSS
13.305,13.305,13.29,13.29,400,2020-10-08 13:45:00,GOSS
13.255,13.36,13.22,13.36,3101,2020-10-08 13:50:00,GOSS
13.36,13.425,13.36,13.425,1300,2020-10-08 13:55:00,GOSS
13.35,13.365,13.325,13.34,500,2020-10-08 14:00:00,GOSS
13.3079,13.4194,13.3079,13.405,4168,2020-10-08 14:05:00,GOSS
13.36,13.36,13.3112,13.3112,1800,2020-10-08 14:10:00,GOSS
13.39,13.39,13.27,13.285,700,2020-10-08 14:15:00,GOSS
13.24,13.285,13.2,13.285,700,2020-10-08 14:20:00,GOSS
13.2,13.215,13.2,13.215,500,2020-10-08 14:25:00,GOSS
13.19,13.22,13.15,13.165,3832,2020-10-08 14:30:00,GOSS
13.15,13.275,13.14,13.24,5609,2020-10-08 14:35:00,GOSS
13.24,13.28,13.24,13.28,300,2020-10-08 14:40:00,GOSS
13.21,13.28,13.21,13.24,1706,2020-10-08 14:45:00,GOSS
13.2,13.2,13.2,13.2,100,2020-10-08 14:50:00,GOSS
13.225,13.26,13.21,13.26,900,2020-10-08 14:55:00,GOSS
13.225,13.225,13.19,13.2,1100,2020-10-08 15:00:00,GOSS
13.24,13.25,13.205,13.245,2310,2020-10-08 15:10:00,GOSS
13.23,13.26,13.1415,13.155,900,2020-10-08 15:15:00,GOSS
13.1592,13.1592,13.1592,13.1592,100,2020-10-08 15:20:00,GOSS
13.14,13.15,13.075,13.11,1671,2020-10-08 15:25:00,GOSS
13.09,13.09,13.02,13.07,3600,2020-10-08 15:30:00,GOSS
13.06,13.12,13.06,13.12,3063,2020-10-08 15:35:00,GOSS
13.095,13.1,13.095,13.1,200,2020-10-08 15:40:00,GOSS
13.075,13.075,13.0,13.0,1000,2020-10-08 15:45:00,GOSS
12.95,12.98,12.95,12.9648,400,2020-10-08 15:50:00,GOSS
12.95,12.98,12.925,12.925,700,2020-10-08 15:55:00,GOSS
12.911,12.911,12.9,12.9,2100,2020-10-08 16:00:00,GOSS
12.93,13.005,12.93,13.0,900,2020-10-08 16:05:00,GOSS
13.0,13.04,13.0,13.04,467,2020-10-08 16:10:00,GOSS
13.04,13.04,12.99,12.99,600,2020-10-08 16:15:00,GOSS
12.94,12.94,12.94,12.94,100,2020-10-08 16:20:00,GOSS
12.98,13.0,12.9,12.9,1100,2020-10-08 16:25:00,GOSS
12.925,12.93,12.91,12.93,400,2020-10-08 16:30:00,GOSS
12.94,12.94,12.93,12.93,300,2020-10-08 16:35:00,GOSS
12.925,12.925,12.91,12.91,200,2020-10-08 16:40:00,GOSS
12.95,12.95,12.9,12.9,530,2020-10-08 16:45:00,GOSS
12.91,12.91,12.88,12.88,456,2020-10-08 16:50:00,GOSS
12.87,12.875,12.87,12.87,300,2020-10-08 16:55:00,GOSS
12.84,12.87,12.78,12.79,16600,2020-10-08 17:00:00,GOSS
12.81,12.86,12.81,12.82,2636,2020-10-08 17:05:00,GOSS
12.853,12.94,12.84,12.93,2771,2020-10-08 17:10:00,GOSS
12.89,12.89,12.84,12.84,300,2020-10-08 17:15:00,GOSS
12.84,12.93,12.83,12.895,2316,2020-10-08 17:20:00,GOSS
12.86,12.89,12.82,12.85,616,2020-10-08 17:25:00,GOSS
12.87,12.88,12.82,12.88,759,2020-10-08 17:35:00,GOSS
12.84,12.875,12.84,12.875,1200,2020-10-08 17:40:00,GOSS
12.8369,12.86,12.8369,12.86,800,2020-10-08 17:45:00,GOSS
12.88,12.93,12.87,12.88,1400,2020-10-08 17:50:00,GOSS
12.87,12.91,12.86,12.91,400,2020-10-08 17:55:00,GOSS
12.87,12.88,12.84,12.855,900,2020-10-08 18:00:00,GOSS
12.89,12.96,12.89,12.93,3307,2020-10-08 18:05:00,GOSS
12.96,12.975,12.96,12.975,1670,2020-10-08 18:10:00,GOSS
12.955,12.98,12.93,12.93,469,2020-10-08 18:15:00,GOSS
12.955,12.98,12.955,12.955,300,2020-10-08 18:20:00,GOSS
12.98,12.98,12.93,12.93,592,2020-10-08 18:25:00,GOSS
12.98,12.98,12.925,12.925,1400,2020-10-08 18:30:00,GOSS
12.91,12.99,12.91,12.99,1014,2020-10-08 18:35:00,GOSS
12.975,12.98,12.96,12.98,1407,2020-10-08 18:45:00,GOSS
12.96,12.96,12.95,12.95,529,2020-10-08 18:50:00,GOSS
12.93,13.0,12.93,13.0,1300,2020-10-08 18:55:00,GOSS
12.96,13.01,12.96,13.01,2810,2020-10-08 19:00:00,GOSS
13.0297,13.05,13.0297,13.045,1774,2020-10-08 19:05:00,GOSS
13.045,13.13,13.045,13.12,3157,2020-10-08 19:10:00,GOSS
13.105,13.105,13.06,13.09,1411,2020-10-08 19:15:00,GOSS
13.065,13.12,13.065,13.095,45800,2020-10-08 19:20:00,GOSS
13.07,13.1207,13.07,13.12,1800,2020-10-08 19:25:00,GOSS
13.12,13.16,13.1,13.15,3478,2020-10-08 19:30:00,GOSS
13.15,13.16,13.087,13.11,2233,2020-10-08 19:35:00,GOSS
13.11,13.12,13.07,13.07,2317,2020-10-08 19:40:00,GOSS
13.07,13.08,13.04,13.05,1271,2020-10-08 19:45:00,GOSS
13.05,13.06,12.98,13.03,7806,2020-10-08 19:50:00,GOSS
13.05,13.1,13.0,13.05,16215,2020-10-08 19:55:00,GOSS
13.05,13.05,13.05,13.05,28597,2020-10-08 20:00:00,GOSS
13.11,13.35,13.04,13.2,3208,2020-10-09 13:30:00,GOSS
13.19,13.195,13.14,13.14,600,2020-10-09 13:35:00,GOSS
13.1484,13.17,13.14,13.17,857,2020-10-09 13:40:00,GOSS
13.2,13.2,13.1363,13.19,2150,2020-10-09 13:45:00,GOSS
13.115,13.19,13.115,13.19,506,2020-10-09 13:50:00,GOSS
13.19,13.19,13.16,13.16,1600,2020-10-09 13:55:00,GOSS
13.09,13.09,13.09,13.09,100,2020-10-09 14:00:00,GOSS
13.08,13.09,13.08,13.09,200,2020-10-09 14:05:00,GOSS
13.08,13.12,13.075,13.075,1318,2020-10-09 14:10:00,GOSS
13.0799,13.17,13.0799,13.17,2916,2020-10-09 14:15:00,GOSS
13.15,13.18,13.15,13.1625,2500,2020-10-09 14:20:00,GOSS
13.18,13.23,13.165,13.23,5342,2020-10-09 14:25:00,GOSS
13.25,13.25,13.175,13.175,2062,2020-10-09 14:30:00,GOSS
13.21,13.21,13.15,13.18,2984,2020-10-09 14:35:00,GOSS
13.21,13.21,13.185,13.21,316,2020-10-09 14:40:00,GOSS
13.175,13.19,13.175,13.19,900,2020-10-09 14:45:00,GOSS
13.17,13.18,13.15,13.18,600,2020-10-09 14:50:00,GOSS
13.14,13.15,13.12,13.14,400,2020-10-09 14:55:00,GOSS
13.16,13.16,13.0501,13.0507,1722,2020-10-09 15:00:00,GOSS
13.05,13.12,13.05,13.09,1348,2020-10-09 15:05:00,GOSS
13.11,13.18,13.11,13.145,2300,2020-10-09 15:10:00,GOSS
13.1799,13.18,13.06,13.12,2589,2020-10-09 15:15:00,GOSS
13.12,13.12,13.12,13.12,200,2020-10-09 15:20:00,GOSS
13.1,13.12,13.04,13.04,1702,2020-10-09 15:25:00,GOSS
13.065,13.065,12.9601,13.02,1092,2020-10-09 15:30:00,GOSS
13.02,13.02,12.995,12.995,825,2020-10-09 15:35:00,GOSS
12.995,13.08,12.995,13.045,1100,2020-10-09 15:40:00,GOSS
13.0187,13.1,13.0187,13.07,1386,2020-10-09 15:45:00,GOSS
13.085,13.17,13.08,13.15,2022,2020-10-09 15:50:00,GOSS
13.12,13.12,13.085,13.1,1682,2020-10-09 15:55:00,GOSS
13.12,13.13,13.095,13.13,802,2020-10-09 16:00:00,GOSS
13.13,13.13,13.11,13.11,400,2020-10-09 16:05:00,GOSS
13.0964,13.13,13.0964,13.13,2053,2020-10-09 16:10:00,GOSS
13.15,13.15,13.1076,13.125,2546,2020-10-09 16:15:00,GOSS
13.13,13.15,13.1,13.11,1674,2020-10-09 16:20:00,GOSS
13.11,13.15,13.1001,13.13,1081,2020-10-09 16:25:00,GOSS
13.13,13.17,13.13,13.17,1800,2020-10-09 16:30:00,GOSS
13.17,13.17,13.17,13.17,100,2020-10-09 16:35:00,GOSS
13.2,13.21,13.1762,13.21,1244,2020-10-09 16:40:00,GOSS
13.22,13.22,13.21,13.215,300,2020-10-09 16:45:00,GOSS
13.25,13.25,13.2,13.22,1100,2020-10-09 16:50:00,GOSS
13.21,13.21,13.17,13.21,700,2020-10-09 16:55:00,GOSS
13.21,13.21,13.14,13.2,500,2020-10-09 17:00:00,GOSS
13.15,13.155,13.15,13.155,200,2020-10-09 17:05:00,GOSS
13.1267,13.18,13.12,13.12,800,2020-10-09 17:10:00,GOSS
13.0901,13.12,13.09,13.12,2024,2020-10-09 17:15:00,GOSS
13.15,13.16,13.1201,13.16,1136,2020-10-09 17:20:00,GOSS
13.16,13.16,13.12,13.12,352,2020-10-09 17:25:00,GOSS
13.1275,13.17,13.1275,13.17,264,2020-10-09 17:30:00,GOSS
13.13,13.15,13.1001,13.15,773,2020-10-09 17:35:00,GOSS
13.125,13.17,13.12,13.17,1500,2020-10-09 17:40:00,GOSS
13.15,13.15,13.15,13.15,300,2020-10-09 17:45:00,GOSS
13.12,13.16,13.12,13.16,3987,2020-10-09 17:50:00,GOSS
13.15,13.16,13.13,13.13,1400,2020-10-09 17:55:00,GOSS
13.13,13.17,13.13,13.17,1530,2020-10-09 18:00:00,GOSS
13.13,13.15,13.1167,13.15,400,2020-10-09 18:05:00,GOSS
13.15,13.15,13.12,13.15,500,2020-10-09 18:10:00,GOSS
13.13,13.13,13.1001,13.13,334,2020-10-09 18:15:00,GOSS
13.1,13.15,13.1,13.15,1888,2020-10-09 18:20:00,GOSS
13.1201,13.1201,13.1201,13.1201,127,2020-10-09 18:25:00,GOSS
13.15,13.17,13.14,13.17,700,2020-10-09 18:30:00,GOSS
13.17,13.19,13.17,13.19,1600,2020-10-09 18:35:00,GOSS
13.19,13.2,13.1711,13.2,1800,2020-10-09 18:40:00,GOSS
13.215,13.26,13.17,13.26,1500,2020-10-09 18:45:00,GOSS
13.19,13.26,13.17,13.21,2800,2020-10-09 18:50:00,GOSS
13.1925,13.22,13.18,13.21,1063,2020-10-09 18:55:00,GOSS
13.22,13.22,13.1901,13.1901,980,2020-10-09 19:00:00,GOSS
13.22,13.23,13.17,13.18,2500,2020-10-09 19:05:00,GOSS
13.17,13.23,13.17,13.23,2200,2020-10-09 19:10:00,GOSS
13.22,13.23,13.17,13.18,1125,2020-10-09 19:15:00,GOSS
13.117,13.2,13.117,13.18,3330,2020-10-09 19:20:00,GOSS
13.185,13.21,13.18,13.21,722,2020-10-09 19:25:00,GOSS
13.21,13.21,13.1601,13.1601,3511,2020-10-09 19:30:00,GOSS
13.1601,13.18,13.16,13.18,400,2020-10-09 19:35:00,GOSS
13.18,13.21,13.16,13.18,1351,2020-10-09 19:40:00,GOSS
13.21,13.21,13.14,13.145,3366,2020-10-09 19:45:00,GOSS
13.17,13.22,13.16,13.1901,990,2020-10-09 19:50:00,GOSS
13.1954,13.22,13.17,13.17,16758,2020-10-09 19:55:00,GOSS
13.2,13.2,13.2,13.2,37125,2020-10-09 20:00:00,GOSS
13.87,13.87,13.87,13.87,100,2020-10-12 13:20:00,GOSS
13.21,13.48,13.1001,13.17,6891,2020-10-12 13:30:00,GOSS
13.22,13.22,13.15,13.18,2493,2020-10-12 13:35:00,GOSS
13.14,13.19,13.045,13.13,2405,2020-10-12 13:40:00,GOSS
13.13,13.17,13.065,13.11,4299,2020-10-12 13:45:00,GOSS
13.08,13.18,13.08,13.1296,1180,2020-10-12 13:50:00,GOSS
13.16,13.16,13.08,13.11,815,2020-10-12 13:55:00,GOSS
13.14,13.19,13.03,13.11,3460,2020-10-12 14:00:00,GOSS
13.1,13.17,13.08,13.1,2008,2020-10-12 14:05:00,GOSS
13.06,13.14,13.05,13.09,2300,2020-10-12 14:10:00,GOSS
13.04,13.13,13.03,13.13,3700,2020-10-12 14:15:00,GOSS
13.1,13.13,13.06,13.07,1800,2020-10-12 14:20:00,GOSS
13.085,13.13,13.06,13.095,1600,2020-10-12 14:25:00,GOSS
13.07,13.13,13.01,13.08,3169,2020-10-12 14:30:00,GOSS
13.02,13.04,12.93,12.95,2200,2020-10-12 14:35:00,GOSS
12.92,13.0,12.9,12.97,1300,2020-10-12 14:40:00,GOSS
12.9171,12.97,12.89,12.97,2340,2020-10-12 14:45:00,GOSS
12.97,13.06,12.96,13.06,1600,2020-10-12 14:50:00,GOSS
13.05,13.13,13.05,13.1,1500,2020-10-12 14:55:00,GOSS
13.08,13.17,13.07,13.17,1100,2020-10-12 15:00:00,GOSS
13.09,13.15,13.09,13.095,500,2020-10-12 15:05:00,GOSS
13.125,13.125,13.02,13.02,1400,2020-10-12 15:10:00,GOSS
13.05,13.05,13.05,13.05,200,2020-10-12 15:15:00,GOSS
13.05,13.095,13.01,13.0245,1213,2020-10-12 15:20:00,GOSS
13.0,13.055,12.96,13.0373,1175,2020-10-12 15:25:00,GOSS
13.005,13.05,12.9722,13.05,1000,2020-10-12 15:30:00,GOSS
13.05,13.15,13.05,13.08,4000,2020-10-12 15:35:00,GOSS
13.1,13.2,13.095,13.18,600,2020-10-12 15:40:00,GOSS
13.095,13.16,13.06,13.14,1023,2020-10-12 15:45:00,GOSS
13.09,13.12,13.05,13.1,42475,2020-10-12 15:50:00,GOSS
13.03,13.18,13.02,13.18,3000,2020-10-12 15:55:00,GOSS
13.15,13.2,13.15,13.2,600,2020-10-12 16:00:00,GOSS
13.21,13.3,13.18,13.3,2886,2020-10-12 16:05:00,GOSS
13.315,13.405,13.27,13.39,1200,2020-10-12 16:10:00,GOSS
13.295,13.395,13.27,13.27,1500,2020-10-12 16:15:00,GOSS
13.28,13.33,13.17,13.21,2037,2020-10-12 16:20:00,GOSS
13.215,13.33,13.2,13.33,1367,2020-10-12 16:25:00,GOSS
13.3,13.35,13.29,13.29,600,2020-10-12 16:30:00,GOSS
13.275,13.32,13.275,13.275,300,2020-10-12 16:35:00,GOSS
13.29,13.32,13.25,13.31,53400,2020-10-12 16:40:00,GOSS
13.31,13.36,13.27,13.36,2400,2020-10-12 16:45:00,GOSS
13.43,13.44,13.36,13.4,1500,2020-10-12 16:50:00,GOSS
13.4,13.41,13.32,13.32,2826,2020-10-12 16:55:00,GOSS
13.3,13.3,13.25,13.29,994,2020-10-12 17:00:00,GOSS
13.24,13.29,13.24,13.28,1071,2020-10-12 17:05:00,GOSS
13.29,13.3,13.275,13.295,1000,2020-10-12 17:10:00,GOSS
13.37,13.385,13.36,13.385,900,2020-10-12 17:15:00,GOSS
13.38,13.4,13.35,13.4,2000,2020-10-12 17:20:00,GOSS
13.37,13.46,13.37,13.4,1295,2020-10-12 17:25:00,GOSS
13.39,13.42,13.385,13.42,500,2020-10-12 17:30:00,GOSS
13.43,13.43,13.43,13.43,100,2020-10-12 17:35:00,GOSS
13.44,13.44,13.38,13.385,2370,2020-10-12 17:40:00,GOSS
13.39,13.425,13.35,13.425,620,2020-10-12 17:45:00,GOSS
13.41,13.445,13.41,13.445,1000,2020-10-12 17:50:00,GOSS
13.43,13.45,13.4,13.45,1100,2020-10-12 17:55:00,GOSS
13.45,13.48,13.45,13.46,300,2020-10-12 18:00:00,GOSS
13.43,13.45,13.42,13.45,1891,2020-10-12 18:05:00,GOSS
13.4,13.425,13.38,13.395,2100,2020-10-12 18:10:00,GOSS
13.42,13.42,13.39,13.39,800,2020-10-12 18:15:00,GOSS
13.38,13.42,13.38,13.42,1600,2020-10-12 18:20:00,GOSS
13.42,13.49,13.42,13.49,800,2020-10-12 18:25:00,GOSS
13.49,13.58,13.47,13.58,6491,2020-10-12 18:30:00,GOSS
13.53,13.58,13.53,13.55,1100,2020-10-12 18:35:00,GOSS
13.55,13.58,13.55,13.58,1600,2020-10-12 18:40:00,GOSS
13.54,13.58,13.51,13.57,3120,2020-10-12 18:45:00,GOSS
13.57,13.65,13.55,13.65,5623,2020-10-12 18:50:00,GOSS
13.62,13.64,13.54,13.59,1961,2020-10-12 18:55:00,GOSS
13.57,13.57,13.51,13.5268,1240,2020-10-12 19:00:00,GOSS
13.51,13.535,13.47,13.474,1900,2020-10-12 19:05:00,GOSS
13.5,13.51,13.42,13.485,2287,2020-10-12 19:10:00,GOSS
13.475,13.55,13.395,13.49,2800,2020-10-12 19:15:00,GOSS
13.505,13.625,13.48,13.625,3600,2020-10-12 19:20:00,GOSS
13.58,13.63,13.54,13.615,1200,2020-10-12 19:25:00,GOSS
13.62,13.64,13.53,13.53,54170,2020-10-12 19:30:00,GOSS
13.515,13.63,13.49,13.59,10600,2020-10-12 19:35:00,GOSS
13.59,13.61,13.51,13.56,4692,2020-10-12 19:40:00,GOSS
13.55,13.63,13.54,13.61,9813,2020-10-12 19:45:00,GOSS
13.59,13.63,13.54,13.54,4900,2020-10-12 19:50:00,GOSS
13.57,13.62,13.55,13.59,20356,2020-10-12 19:55:00,GOSS
13.59,13.59,12.92,13.59,49851,2020-10-12 20:00:00,GOSS
12.89,12.89,9.82,9.82,1876,2020-10-13 11:00:00,GOSS
10.0,10.27,9.25,10.1,44511,2020-10-13 11:35:00,GOSS
10.11,10.11,9.48,9.5,20993,2020-10-13 11:40:00,GOSS
9.55,9.75,9.55,9.6,9740,2020-10-13 11:45:00,GOSS
9.71,9.77,9.61,9.61,11299,2020-10-13 11:50:00,GOSS
9.64,9.64,9.2,9.26,7501,2020-10-13 11:55:00,GOSS
9.42,9.42,9.1,9.13,6321,2020-10-13 12:00:00,GOSS
9.1,9.25,9.0,9.25,18341,2020-10-13 12:05:00,GOSS
9.24,9.25,9.11,9.11,700,2020-10-13 12:10:00,GOSS
9.24,9.47,9.24,9.4,15240,2020-10-13 12:15:00,GOSS
9.44,9.45,9.3,9.43,4205,2020-10-13 12:20:00,GOSS
9.44,9.44,9.3,9.3,1600,2020-10-13 12:25:00,GOSS
9.31,9.4,9.28,9.4,6356,2020-10-13 12:30:00,GOSS
9.39,9.44,9.3,9.4,1566,2020-10-13 12:35:00,GOSS
9.4,9.4,9.35,9.4,2800,2020-10-13 12:40:00,GOSS
9.4,9.46,9.4,9.46,3073,2020-10-13 12:45:00,GOSS
9.46,9.46,9.46,9.46,908,2020-10-13 12:50:00,GOSS
9.46,9.46,9.38,9.4,8072,2020-10-13 12:55:00,GOSS
9.4,9.4,9.26,9.26,5231,2020-10-13 13:00:00,GOSS
9.35,9.35,9.26,9.26,2226,2020-10-13 13:05:00,GOSS
9.26,9.3,9.15,9.15,6735,2020-10-13 13:10:00,GOSS
9.18,9.25,9.05,9.25,6006,2020-10-13 13:15:00,GOSS
9.16,9.4,9.16,9.3,10561,2020-10-13 13:20:00,GOSS
9.3,9.5,9.28,9.31,25209,2020-10-13 13:25:00,GOSS
9.4357,9.4357,8.7,9.15,626330,2020-10-13 13:30:00,GOSS
9.17,9.2,8.75,8.83,503757,2020-10-13 13:35:00,GOSS
8.8589,8.8699,8.22,8.53,288611,2020-10-13 13:40:00,GOSS
8.53,8.783,8.495,8.75,75943,2020-10-13 13:45:00,GOSS
8.76,8.93,8.73,8.8995,181251,2020-10-13 13:50:00,GOSS
8.8806,9.25,8.8401,9.1,131676,2020-10-13 13:55:00,GOSS
9.0851,9.2,9.0,9.135,104743,2020-10-13 14:00:00,GOSS
9.14,9.38,9.09,9.345,359458,2020-10-13 14:05:00,GOSS
9.34,9.37,9.2,9.3,128546,2020-10-13 14:10:00,GOSS
9.29,9.31,9.2172,9.28,61310,2020-10-13 14:15:00,GOSS
9.27,9.27,8.91,9.08,167032,2020-10-13 14:20:00,GOSS
9.05,9.1,8.99,9.02,43706,2020-10-13 14:25:00,GOSS
9.005,9.0848,8.9,9.0056,126239,2020-10-13 14:30:00,GOSS
9.0,9.0,8.81,8.9,76060,2020-10-13 14:35:00,GOSS
8.9,8.95,8.81,8.84,70242,2020-10-13 14:40:00,GOSS
8.83,8.93,8.8,8.93,94425,2020-10-13 14:45:00,GOSS
8.92,9.05,8.91,8.99,76314,2020-10-13 14:50:00,GOSS
8.99,8.99,8.865,8.87,45180,2020-10-13 14:55:00,GOSS
8.8662,8.96,8.85,8.885,70068,2020-10-13 15:00:00,GOSS
8.88,9.0,8.8706,8.885,69781,2020-10-13 15:05:00,GOSS
8.885,8.99,8.885,8.965,44776,2020-10-13 15:10:00,GOSS
8.97,8.98,8.9,8.9387,32478,2020-10-13 15:15:00,GOSS
8.935,8.94,8.92,8.93,26297,2020-10-13 15:20:00,GOSS
8.93,8.95,8.88,8.92,28253,2020-10-13 15:25:00,GOSS
8.9187,8.94,8.89,8.9301,31357,2020-10-13 15:30:00,GOSS
8.935,8.94,8.91,8.92,28900,2020-10-13 15:35:00,GOSS
8.92,8.94,8.81,8.8476,106574,2020-10-13 15:40:00,GOSS
8.838,8.89,8.81,8.865,39839,2020-10-13 15:45:00,GOSS
8.865,8.98,8.8201,8.98,93896,2020-10-13 15:50:00,GOSS
8.97,8.97,8.9,8.91,42534,2020-10-13 15:55:00,GOSS
8.915,9.04,8.905,8.955,118574,2020-10-13 16:00:00,GOSS
8.955,8.9953,8.9175,8.93,72715,2020-10-13 16:05:00,GOSS
8.93,8.9401,8.92,8.9243,13282,2020-10-13 16:10:00,GOSS
8.9261,8.95,8.865,8.92,53652,2020-10-13 16:15:00,GOSS
8.92,8.93,8.88,8.93,17444,2020-10-13 16:20:00,GOSS
8.925,8.96,8.925,8.9543,30723,2020-10-13 16:25:00,GOSS
8.9516,8.97,8.9101,8.96,36808,2020-10-13 16:30:00,GOSS
8.96,9.04,8.95,9.025,49672,2020-10-13 16:35:00,GOSS
9.025,9.18,9.025,9.175,74719,2020-10-13 16:40:00,GOSS
9.175,9.2028,9.11,9.18,50829,2020-10-13 16:45:00,GOSS
9.18,9.28,9.18,9.26,78532,2020-10-13 16:50:00,GOSS
9.26,9.26,9.125,9.14,59057,2020-10-13 16:55:00,GOSS
9.14,9.165,9.0801,9.135,58267,2020-10-13 17:00:00,GOSS
9.14,9.15,9.11,9.143,18306,2020-10-13 17:05:00,GOSS
9.13,9.22,9.13,9.21,180144,2020-10-13 17:10:00,GOSS
9.2,9.235,9.155,9.205,31371,2020-10-13 17:15:00,GOSS
9.21,9.21,9.14,9.16,31930,2020-10-13 17:20:00,GOSS
9.16,9.16,9.12,9.15,25874,2020-10-13 17:25:00,GOSS
9.14,9.14,9.1101,9.13,28544,2020-10-13 17:30:00,GOSS
9.14,9.22,9.14,9.215,35216,2020-10-13 17:35:00,GOSS
9.215,9.27,9.17,9.26,72196,2020-10-13 17:40:00,GOSS
9.255,9.4,9.255,9.3469,73467,2020-10-13 17:45:00,GOSS
9.3433,9.4,9.27,9.36,46386,2020-10-13 17:50:00,GOSS
9.35,9.38,9.33,9.38,34953,2020-10-13 17:55:00,GOSS
9.38,9.48,9.35,9.48,64506,2020-10-13 18:00:00,GOSS
9.48,9.61,9.48,9.5675,222519,2020-10-13 18:05:00,GOSS
9.565,9.64,9.45,9.615,394237,2020-10-13 18:10:00,GOSS
9.62,9.63,9.53,9.63,74397,2020-10-13 18:15:00,GOSS
9.63,9.65,9.49,9.5299,101514,2020-10-13 18:20:00,GOSS
9.5166,9.55,9.42,9.49,52444,2020-10-13 18:25:00,GOSS
9.47,9.487,9.3671,9.435,48746,2020-10-13 18:30:00,GOSS
9.435,9.55,9.41,9.525,58045,2020-10-13 18:35:00,GOSS
9.525,9.57,9.5,9.565,29502,2020-10-13 18:40:00,GOSS
9.56,9.58,9.51,9.55,30463,2020-10-13 18:45:00,GOSS
9.545,9.75,9.5205,9.685,352702,2020-10-13 18:50:00,GOSS
9.68,9.79,9.669,9.72,88620,2020-10-13 18:55:00,GOSS
9.7274,9.78,9.7,9.71,178982,2020-10-13 19:00:00,GOSS
9.71,9.92,9.71,9.8884,181116,2020-10-13 19:05:00,GOSS
9.885,10.4197,9.88,10.365,361509,2020-10-13 19:10:00,GOSS
10.361,10.74,10.36,10.46,460975,2020-10-13 19:15:00,GOSS
10.4,10.53,10.13,10.37,552419,2020-10-13 19:20:00,GOSS
10.37,10.39,10.15,10.1587,226416,2020-10-13 19:25:00,GOSS
10.15,10.26,10.12,10.165,118383,2020-10-13 19:30:00,GOSS
10.165,10.22,9.98,10.22,195374,2020-10-13 19:35:00,GOSS
10.2,10.2184,10.0801,10.12,89736,2020-10-13 19:40:00,GOSS
10.13,10.17,10.1,10.115,88829,2020-10-13 19:45:00,GOSS
10.12,10.12,10.0,10.0301,147959,2020-10-13 19:50:00,GOSS
10.03,10.14,9.99,10.12,265999,2020-10-13 19:55:00,GOSS
10.09,10.2,10.09,10.2,130797,2020-10-13 20:00:00,GOSS
10.3,10.37,10.3,10.3,6998,2020-10-13 20:05:00,GOSS
10.34,10.34,10.1,10.2,1189,2020-10-13 20:10:00,GOSS
10.2,10.25,10.19,10.25,2196,2020-10-13 20:15:00,GOSS
10.31,10.32,10.28,10.28,2104,2020-10-13 20:20:00,GOSS
10.3,10.45,10.3,10.43,10276,2020-10-13 20:25:00,GOSS
10.42,10.45,10.42,10.45,5825,2020-10-13 20:30:00,GOSS
10.42,10.45,10.2,10.42,1946,2020-10-13 20:35:00,GOSS
10.42,10.42,10.35,10.35,621,2020-10-13 20:40:00,GOSS
10.29,10.29,10.29,10.29,392,2020-10-13 20:50:00,GOSS
10.29,10.3,10.29,10.3,789,2020-10-13 20:55:00,GOSS
10.3,10.3,10.3,10.3,788,2020-10-13 21:00:00,GOSS
10.34,10.34,10.34,10.34,350,2020-10-13 21:05:00,GOSS
10.35,10.35,10.35,10.35,100,2020-10-13 21:10:00,GOSS
10.4,10.7,10.4,10.7,7658,2020-10-13 21:15:00,GOSS
10.45,10.5,10.45,10.5,931,2020-10-13 21:20:00,GOSS
10.6,10.6,10.5,10.51,1907,2020-10-13 21:25:00,GOSS
10.51,10.51,10.3,10.3,3348,2020-10-13 21:30:00,GOSS
10.4,10.43,10.4,10.43,200,2020-10-13 21:35:00,GOSS
10.45,10.45,10.4,10.4,1070,2020-10-13 21:40:00,GOSS
10.43,10.43,10.43,10.43,1791,2020-10-13 21:50:00,GOSS
10.44,10.44,10.43,10.43,417,2020-10-13 21:55:00,GOSS
10.25,10.25,10.25,10.25,100,2020-10-13 22:05:00,GOSS
10.4,10.4,10.4,10.4,770,2020-10-13 22:35:00,GOSS
10.5499,10.5499,10.5499,10.5499,250,2020-10-13 22:40:00,GOSS
10.55,10.55,10.55,10.55,200,2020-10-13 22:45:00,GOSS
10.37,10.37,10.22,10.22,920,2020-10-13 22:55:00,GOSS
10.22,10.22,10.22,10.22,200,2020-10-13 23:00:00,GOSS
10.5,10.5,10.5,10.5,200,2020-10-13 23:20:00,GOSS
10.09,10.09,10.09,10.09,695,2020-10-13 23:30:00,GOSS
10.0,10.0,9.9,9.9,3100,2020-10-13 23:35:00,GOSS
10.2,10.2,10.2,10.2,100,2020-10-13 23:50:00,GOSS
10.21,10.21,10.21,10.21,100,2020-10-13 23:55:00,GOSS
10.11,10.11,10.11,10.11,100,2020-10-14 08:55:00,GOSS
10.11,10.11,10.11,10.11,208,2020-10-14 09:15:00,GOSS
10.2,10.3,10.2,10.3,471,2020-10-14 11:00:00,GOSS
10.45,10.49,10.45,10.49,963,2020-10-14 11:05:00,GOSS
10.3,10.3,10.3,10.3,629,2020-10-14 11:20:00,GOSS
10.4,10.4,10.4,10.4,100,2020-10-14 11:40:00,GOSS
10.44,10.44,10.44,10.44,250,2020-10-14 11:45:00,GOSS
10.16,10.16,10.16,10.16,394,2020-10-14 11:50:00,GOSS
10.11,10.11,10.11,10.11,4899,2020-10-14 12:00:00,GOSS
10.2,10.25,10.2,10.25,433,2020-10-14 12:15:00,GOSS
10.4,10.4,10.4,10.4,219,2020-10-14 12:50:00,GOSS
10.35,10.35,10.35,10.35,245,2020-10-14 12:55:00,GOSS
10.3,10.34,10.3,10.34,1310,2020-10-14 13:00:00,GOSS
10.37,10.46,10.37,10.46,4980,2020-10-14 13:05:00,GOSS
10.46,10.46,10.45,10.45,1933,2020-10-14 13:10:00,GOSS
10.4,10.45,10.4,10.45,1005,2020-10-14 13:15:00,GOSS
10.45,10.46,10.45,10.45,2298,2020-10-14 13:20:00,GOSS
10.45,10.45,10.4,10.4,1963,2020-10-14 13:25:00,GOSS
10.31,10.55,10.01,10.1568,202564,2020-10-14 13:30:00,GOSS
10.1565,10.46,10.15,10.4,79977,2020-10-14 13:35:00,GOSS
10.41,10.48,10.4,10.425,57567,2020-10-14 13:40:00,GOSS
10.425,10.44,10.1001,10.15,96568,2020-10-14 13:45:00,GOSS
10.14,10.26,10.1029,10.11,61359,2020-10-14 13:50:00,GOSS
10.11,10.23,10.03,10.13,87292,2020-10-14 13:55:00,GOSS
10.1591,10.16,9.71,9.735,151121,2020-10-14 14:00:00,GOSS
9.735,9.8599,9.72,9.72,72373,2020-10-14 14:05:00,GOSS
9.72,9.73,9.58,9.61,88338,2020-10-14 14:10:00,GOSS
9.635,9.65,9.56,9.61,48937,2020-10-14 14:15:00,GOSS
9.615,9.63,9.5,9.55,87645,2020-10-14 14:20:00,GOSS
9.55,9.56,9.5,9.525,65037,2020-10-14 14:25:00,GOSS
9.5287,9.62,9.42,9.56,67780,2020-10-14 14:30:00,GOSS
9.56,9.59,9.5401,9.5638,37947,2020-10-14 14:35:00,GOSS
9.56,9.7,9.56,9.61,98530,2020-10-14 14:40:00,GOSS
9.61,9.84,9.61,9.6895,58344,2020-10-14 14:45:00,GOSS
9.7,9.7,9.56,9.614,31535,2020-10-14 14:50:00,GOSS
9.615,9.615,9.45,9.48,66623,2020-10-14 14:55:00,GOSS
9.5,9.5686,9.48,9.5618,38869,2020-10-14 15:00:00,GOSS
9.53,9.63,9.5213,9.6,19631,2020-10-14 15:05:00,GOSS
9.58,9.61,9.5229,9.5229,34742,2020-10-14 15:10:00,GOSS
9.525,9.55,9.5,9.5026,37058,2020-10-14 15:15:00,GOSS
9.505,9.64,9.5002,9.56,52199,2020-10-14 15:20:00,GOSS
9.56,9.6205,9.51,9.525,13607,2020-10-14 15:25:00,GOSS
9.53,9.57,9.52,9.5613,15792,2020-10-14 15:30:00,GOSS
9.565,9.64,9.565,9.625,79640,2020-10-14 15:35:00,GOSS
9.625,9.69,9.62,9.675,45914,2020-10-14 15:40:00,GOSS
9.675,9.73,9.67,9.67,32531,2020-10-14 15:45:00,GOSS
9.66,9.69,9.6048,9.68,32231,2020-10-14 15:50:00,GOSS
9.69,9.74,9.69,9.736,17206,2020-10-14 15:55:00,GOSS
9.74,9.77,9.72,9.735,31635,2020-10-14 16:00:00,GOSS
9.735,9.75,9.67,9.675,9833,2020-10-14 16:05:00,GOSS
9.68,9.68,9.64,9.64,21339,2020-10-14 16:10:00,GOSS
9.635,9.64,9.57,9.58,48879,2020-10-14 16:15:00,GOSS
9.58,9.58,9.55,9.5524,5620,2020-10-14 16:20:00,GOSS
9.54,9.55,9.5001,9.5006,24651,2020-10-14 16:25:00,GOSS
9.52,9.56,9.515,9.54,15235,2020-10-14 16:30:00,GOSS
9.53,9.53,9.5,9.52,18501,2020-10-14 16:35:00,GOSS
9.52,9.54,9.46,9.4698,22602,2020-10-14 16:40:00,GOSS
9.47,9.48,9.462,9.475,8026,2020-10-14 16:45:00,GOSS
9.475,9.48,9.45,9.47,39244,2020-10-14 16:50:00,GOSS
9.4655,9.53,9.4601,9.53,19392,2020-10-14 16:55:00,GOSS
9.54,9.55,9.485,9.485,16053,2020-10-14 17:00:00,GOSS
9.48,9.5,9.45,9.5,30669,2020-10-14 17:05:00,GOSS
9.51,9.57,9.51,9.52,24292,2020-10-14 17:10:00,GOSS
9.53,9.53,9.5113,9.52,20553,2020-10-14 17:15:00,GOSS
9.52,9.52,9.47,9.48,37404,2020-10-14 17:20:00,GOSS
9.475,9.5199,9.475,9.5,60429,2020-10-14 17:25:00,GOSS
9.5,9.5,9.2513,9.2926,76515,2020-10-14 17:30:00,GOSS
9.3074,9.36,9.2923,9.355,25295,2020-10-14 17:35:00,GOSS
9.3553,9.38,9.355,9.365,16311,2020-10-14 17:40:00,GOSS
9.36,9.365,9.285,9.32,20290,2020-10-14 17:45:00,GOSS
9.32,9.32,9.25,9.275,33638,2020-10-14 17:50:00,GOSS
9.275,9.2787,9.255,9.265,31759,2020-10-14 17:55:00,GOSS
9.265,9.34,9.26,9.325,23904,2020-10-14 18:00:00,GOSS
9.33,9.37,9.3248,9.365,15904,2020-10-14 18:05:00,GOSS
9.3657,9.37,9.35,9.355,17072,2020-10-14 18:10:00,GOSS
9.355,9.45,9.355,9.435,72609,2020-10-14 18:15:00,GOSS
9.435,9.49,9.37,9.39,59147,2020-10-14 18:20:00,GOSS
9.3828,9.42,9.37,9.41,46053,2020-10-14 18:25:00,GOSS
9.4088,9.44,9.39,9.41,56052,2020-10-14 18:30:00,GOSS
9.41,9.44,9.41,9.415,10875,2020-10-14 18:35:00,GOSS
9.41,9.43,9.32,9.43,46560,2020-10-14 18:40:00,GOSS
9.41,9.4371,9.39,9.405,8467,2020-10-14 18:45:00,GOSS
9.405,9.41,9.37,9.41,28723,2020-10-14 18:50:00,GOSS
9.41,9.58,9.405,9.53,83939,2020-10-14 18:55:00,GOSS
9.51,9.52,9.5,9.51,29922,2020-10-14 19:00:00,GOSS
9.51,9.51,9.43,9.435,18567,2020-10-14 19:05:00,GOSS
9.44,9.53,9.43,9.5,33609,2020-10-14 19:10:00,GOSS
9.5054,9.51,9.47,9.48,11644,2020-10-14 19:15:00,GOSS
9.47,9.49,9.4,9.48,40761,2020-10-14 19:20:00,GOSS
9.485,9.4851,9.47,9.48,11086,2020-10-14 19:25:00,GOSS
9.48,9.5766,9.48,9.555,37862,2020-10-14 19:30:00,GOSS
9.5531,9.56,9.465,9.49,50316,2020-10-14 19:35:00,GOSS
9.49,9.49,9.42,9.43,24199,2020-10-14 19:40:00,GOSS
9.43,9.45,9.37,9.377,24211,2020-10-14 19:45:00,GOSS
9.37,9.42,9.35,9.4,62396,2020-10-14 19:50:00,GOSS
9.395,9.4,9.32,9.325,135833,2020-10-14 19:55:00,GOSS
9.325,9.325,9.325,9.325,62666,2020-10-14 20:00:00,GOSS
9.33,9.36,9.32,9.36,800,2020-10-14 20:10:00,GOSS
9.36,9.36,9.36,9.36,449,2020-10-14 21:05:00,GOSS
9.37,9.37,9.37,9.37,196,2020-10-14 21:55:00,GOSS
9.36,9.36,9.36,9.36,200,2020-10-14 22:25:00,GOSS
9.36,9.36,9.36,9.36,200,2020-10-14 22:35:00,GOSS
9.59,9.59,9.59,9.59,500,2020-10-14 23:25:00,GOSS
9.59,9.75,9.59,9.75,4256,2020-10-14 23:30:00,GOSS
9.75,9.75,9.63,9.63,3400,2020-10-14 23:35:00,GOSS
9.75,9.75,9.75,9.75,1400,2020-10-14 23:40:00,GOSS
9.75,9.75,9.75,9.75,150,2020-10-14 23:45:00,GOSS
9.8,9.84,9.8,9.84,760,2020-10-14 23:50:00,GOSS
9.95,10.0,9.95,10.0,1500,2020-10-15 11:00:00,GOSS
9.7,9.7,9.7,9.7,195,2020-10-15 11:20:00,GOSS
9.7,9.7,9.7,9.7,136,2020-10-15 11:30:00,GOSS
9.64,9.64,9.64,9.64,131,2020-10-15 11:50:00,GOSS
9.63,9.63,9.55,9.55,914,2020-10-15 11:55:00,GOSS
9.55,9.55,9.55,9.55,193,2020-10-15 12:10:00,GOSS
9.4,9.4,9.4,9.4,100,2020-10-15 12:15:00,GOSS
9.66,9.72,9.66,9.72,1427,2020-10-15 12:25:00,GOSS
9.72,9.72,9.72,9.72,225,2020-10-15 12:30:00,GOSS
9.72,9.72,9.72,9.72,398,2020-10-15 12:35:00,GOSS
9.61,9.61,9.61,9.61,151,2020-10-15 12:40:00,GOSS
9.65,9.65,9.6,9.6,649,2020-10-15 12:55:00,GOSS
9.55,9.56,9.54,9.54,743,2020-10-15 13:10:00,GOSS
9.5,9.5,9.4,9.4,2214,2020-10-15 13:15:00,GOSS
9.4,9.52,9.39,9.39,1899,2020-10-15 13:20:00,GOSS
9.39,9.77,9.39,9.72,7867,2020-10-15 13:25:00,GOSS
9.79,10.09,9.64,9.92,143174,2020-10-15 13:30:00,GOSS
9.93,9.9683,9.5901,9.5901,36314,2020-10-15 13:35:00,GOSS
9.59,9.8355,9.59,9.8355,11425,2020-10-15 13:40:00,GOSS
9.85,9.86,9.661,9.7199,20204,2020-10-15 13:45:00,GOSS
9.72,9.78,9.715,9.725,12970,2020-10-15 13:50:00,GOSS
9.7192,9.73,9.6101,9.665,10769,2020-10-15 13:55:00,GOSS
9.665,9.665,9.53,9.5829,18624,2020-10-15 14:00:00,GOSS
9.55,9.5637,9.4,9.4,27957,2020-10-15 14:05:00,GOSS
9.38,9.4,9.26,9.32,37026,2020-10-15 14:10:00,GOSS
9.3281,9.39,9.3281,9.35,13945,2020-10-15 14:15:00,GOSS
9.35,9.37,9.25,9.26,22691,2020-10-15 14:20:00,GOSS
9.26,9.29,9.19,9.225,30691,2020-10-15 14:25:00,GOSS
9.23,9.27,9.19,9.21,36699,2020-10-15 14:30:00,GOSS
9.22,9.24,9.15,9.2,26841,2020-10-15 14:35:00,GOSS
9.2,9.205,9.17,9.205,13014,2020-10-15 14:40:00,GOSS
9.19,9.2731,9.175,9.245,16281,2020-10-15 14:45:00,GOSS
9.23,9.245,9.16,9.2,15858,2020-10-15 14:50:00,GOSS
9.2,9.26,9.2,9.22,15522,2020-10-15 14:55:00,GOSS
9.23,9.29,9.22,9.25,15857,2020-10-15 15:00:00,GOSS
9.23,9.29,9.23,9.27,5035,2020-10-15 15:05:00,GOSS
9.27,9.29,9.23,9.245,16970,2020-10-15 15:10:00,GOSS
9.255,9.255,9.22,9.23,5400,2020-10-15 15:15:00,GOSS
9.22,9.28,9.2,9.27,40674,2020-10-15 15:20:00,GOSS
9.245,9.25,9.22,9.22,11299,2020-10-15 15:25:00,GOSS
9.22,9.2299,9.17,9.174,8084,2020-10-15 15:30:00,GOSS
9.17,9.2401,9.17,9.2401,5437,2020-10-15 15:35:00,GOSS
9.2599,9.27,9.22,9.2612,3112,2020-10-15 15:40:00,GOSS
9.2501,9.3,9.23,9.23,6730,2020-10-15 15:45:00,GOSS
9.24,9.35,9.24,9.35,15485,2020-10-15 15:50:00,GOSS
9.33,9.3738,9.29,9.29,7657,2020-10-15 15:55:00,GOSS
9.3282,9.3699,9.3241,9.35,7019,2020-10-15 16:00:00,GOSS
9.35,9.38,9.31,9.36,14214,2020-10-15 16:05:00,GOSS
9.38,9.4698,9.38,9.42,6378,2020-10-15 16:10:00,GOSS
9.42,9.4499,9.34,9.36,17784,2020-10-15 16:15:00,GOSS
9.36,9.47,9.34,9.4456,10261,2020-10-15 16:20:00,GOSS
9.41,9.4474,9.3601,9.43,3700,2020-10-15 16:25:00,GOSS
9.385,9.43,9.3401,9.3781,4405,2020-10-15 16:30:00,GOSS
9.39,9.425,9.39,9.415,2221,2020-10-15 16:35:00,GOSS
9.42,9.515,9.41,9.5091,20654,2020-10-15 16:40:00,GOSS
9.51,9.51,9.42,9.48,7963,2020-10-15 16:45:00,GOSS
9.48,9.4999,9.45,9.4708,4511,2020-10-15 16:50:00,GOSS
9.48,9.495,9.465,9.4768,4301,2020-10-15 16:55:00,GOSS
9.48,9.482,9.46,9.47,1644,2020-10-15 17:00:00,GOSS
9.465,9.465,9.43,9.43,4820,2020-10-15 17:05:00,GOSS
9.41,9.4545,9.39,9.4545,6847,2020-10-15 17:10:00,GOSS
9.445,9.445,9.38,9.405,3241,2020-10-15 17:15:00,GOSS
9.37,9.43,9.37,9.4174,2539,2020-10-15 17:20:00,GOSS
9.41,9.41,9.38,9.406,2612,2020-10-15 17:25:00,GOSS
9.4,9.41,9.37,9.37,1295,2020-10-15 17:30:00,GOSS
9.39,9.4,9.375,9.3899,4621,2020-10-15 17:35:00,GOSS
9.38,9.415,9.38,9.41,8758,2020-10-15 17:40:00,GOSS
9.42,9.4334,9.415,9.4334,995,2020-10-15 17:45:00,GOSS
9.425,9.44,9.36,9.36,3453,2020-10-15 17:50:00,GOSS
9.39,9.39,9.35,9.375,5206,2020-10-15 17:55:00,GOSS
9.36,9.38,9.35,9.3669,4084,2020-10-15 18:00:00,GOSS
9.35,9.36,9.33,9.36,8009,2020-10-15 18:05:00,GOSS
9.36,9.38,9.36,9.3681,1517,2020-10-15 18:10:00,GOSS
9.37,9.38,9.35,9.35,6954,2020-10-15 18:15:00,GOSS
9.36,9.36,9.34,9.35,2633,2020-10-15 18:20:00,GOSS
9.36,9.385,9.35,9.35,4733,2020-10-15 18:25:00,GOSS
9.3674,9.4,9.352,9.3744,5700,2020-10-15 18:30:00,GOSS
9.37,9.38,9.345,9.35,7165,2020-10-15 18:35:00,GOSS
9.3461,9.3799,9.3461,9.3799,515,2020-10-15 18:40:00,GOSS
9.35,9.37,9.34,9.35,4623,2020-10-15 18:45:00,GOSS
9.355,9.37,9.35,9.36,5452,2020-10-15 18:50:00,GOSS
9.36,9.37,9.35,9.37,4495,2020-10-15 18:55:00,GOSS
9.37,9.38,9.365,9.365,5459,2020-10-15 19:00:00,GOSS
9.36,9.3668,9.3598,9.3598,2222,2020-10-15 19:05:00,GOSS
9.37,9.37,9.35,9.355,2799,2020-10-15 19:10:00,GOSS
9.36,9.385,9.36,9.37,6400,2020-10-15 19:15:00,GOSS
9.37,9.38,9.3251,9.33,4786,2020-10-15 19:20:00,GOSS
9.33,9.36,9.33,9.34,4426,2020-10-15 19:25:00,GOSS
9.35,9.35,9.33,9.34,6396,2020-10-15 19:30:00,GOSS
9.3437,9.36,9.33,9.335,5500,2020-10-15 19:35:00,GOSS
9.345,9.345,9.27,9.325,18199,2020-10-15 19:40:00,GOSS
9.32,9.33,9.3,9.31,12470,2020-10-15 19:45:00,GOSS
9.31,9.47,9.3,9.46,84648,2020-10-15 19:50:00,GOSS
9.47,9.52,9.45,9.49,156574,2020-10-15 19:55:00,GOSS
9.49,9.49,9.49,9.49,63448,2020-10-15 20:00:00,GOSS
9.37,9.4,9.37,9.4,350,2020-10-15 20:15:00,GOSS
9.4,9.4,9.4,9.4,125,2020-10-15 20:30:00,GOSS
9.49,9.49,9.49,9.49,100,2020-10-15 21:00:00,GOSS
9.48,9.48,9.48,9.48,200,2020-10-15 21:45:00,GOSS
9.4,9.4,9.4,9.4,103,2020-10-15 23:00:00,GOSS
9.54,10.0,9.54,10.0,1342,2020-10-16 09:30:00,GOSS
9.6,9.6,9.6,9.6,100,2020-10-16 09:35:00,GOSS
9.6,9.8,9.6,9.8,895,2020-10-16 11:00:00,GOSS
9.6,9.6,9.6,9.6,142,2020-10-16 11:05:00,GOSS
9.72,9.72,9.72,9.72,490,2020-10-16 11:25:00,GOSS
9.61,9.61,9.6,9.6,3338,2020-10-16 11:30:00,GOSS
9.53,9.55,9.53,9.55,700,2020-10-16 11:55:00,GOSS
9.55,9.55,9.5,9.5,1660,2020-10-16 12:00:00,GOSS
9.74,9.74,9.74,9.74,500,2020-10-16 12:30:00,GOSS
9.6,9.6,9.6,9.6,150,2020-10-16 12:45:00,GOSS
9.5062,9.5062,9.5062,9.5062,100,2020-10-16 12:50:00,GOSS
9.7397,9.74,9.7397,9.74,299,2020-10-16 12:55:00,GOSS
9.55,9.55,9.55,9.55,1890,2020-10-16 13:10:00,GOSS
9.55,9.5502,9.55,9.5502,400,2020-10-16 13:15:00,GOSS
9.5502,9.5502,9.55,9.55,265,2020-10-16 13:20:00,GOSS
9.55,9.55,9.52,9.52,1601,2020-10-16 13:25:00,GOSS
9.5,9.6492,9.47,9.58,100172,2020-10-16 13:30:00,GOSS
9.58,9.61,9.42,9.59,30708,2020-10-16 13:35:00,GOSS
9.585,9.72,9.57,9.72,13098,2020-10-16 13:40:00,GOSS
9.73,9.84,9.6938,9.725,34976,2020-10-16 13:45:00,GOSS
9.725,9.78,9.6,9.67,60295,2020-10-16 13:50:00,GOSS
9.665,9.7,9.53,9.6,91297,2020-10-16 13:55:00,GOSS
9.6,9.66,9.42,9.53,36031,2020-10-16 14:00:00,GOSS
9.53,9.57,9.5,9.5699,13710,2020-10-16 14:05:00,GOSS
9.56,9.57,9.48,9.5,10187,2020-10-16 14:10:00,GOSS
9.51,9.54,9.41,9.54,11662,2020-10-16 14:15:00,GOSS
9.54,9.55,9.48,9.53,5517,2020-10-16 14:20:00,GOSS
9.53,9.6,9.53,9.59,6013,2020-10-16 14:25:00,GOSS
9.59,9.61,9.565,9.6,6098,2020-10-16 14:30:00,GOSS
9.6,9.6,9.52,9.54,9599,2020-10-16 14:35:00,GOSS
9.54,9.6,9.5,9.5665,3784,2020-10-16 14:40:00,GOSS
9.58,9.6,9.51,9.51,4902,2020-10-16 14:45:00,GOSS
9.54,9.54,9.5,9.5,700,2020-10-16 14:50:00,GOSS
9.4969,9.5411,9.46,9.49,3899,2020-10-16 14:55:00,GOSS
9.475,9.51,9.4665,9.47,6269,2020-10-16 15:00:00,GOSS
9.49,9.49,9.43,9.4537,12869,2020-10-16 15:05:00,GOSS
9.465,9.5,9.44,9.49,8236,2020-10-16 15:10:00,GOSS
9.4835,9.53,9.4835,9.51,8601,2020-10-16 15:15:00,GOSS
9.495,9.52,9.48,9.505,6013,2020-10-16 15:20:00,GOSS
9.5025,9.52,9.4971,9.52,2770,2020-10-16 15:25:00,GOSS
9.52,9.53,9.5,9.5,6837,2020-10-16 15:30:00,GOSS
9.5254,9.59,9.515,9.5447,18615,2020-10-16 15:35:00,GOSS
9.555,9.5799,9.51,9.53,26451,2020-10-16 15:40:00,GOSS
9.5359,9.585,9.5359,9.58,4048,2020-10-16 15:45:00,GOSS
9.57,9.58,9.51,9.535,8913,2020-10-16 15:50:00,GOSS
9.535,9.535,9.51,9.51,2200,2020-10-16 15:55:00,GOSS
9.5526,9.56,9.525,9.55,10071,2020-10-16 16:00:00,GOSS
9.53,9.53,9.48,9.5,8840,2020-10-16 16:05:00,GOSS
9.5,9.54,9.5,9.53,4540,2020-10-16 16:10:00,GOSS
9.54,9.56,9.53,9.55,7597,2020-10-16 16:15:00,GOSS
9.55,9.58,9.53,9.575,7833,2020-10-16 16:20:00,GOSS
9.58,9.5957,9.56,9.56,6233,2020-10-16 16:25:00,GOSS
9.575,9.575,9.545,9.55,5540,2020-10-16 16:30:00,GOSS
9.5476,9.56,9.54,9.5543,4164,2020-10-16 16:35:00,GOSS
9.55,9.56,9.54,9.545,3133,2020-10-16 16:40:00,GOSS
9.545,9.55,9.52,9.53,7857,2020-10-16 16:45:00,GOSS
9.53,9.54,9.52,9.525,7075,2020-10-16 16:50:00,GOSS
9.525,9.54,9.5236,9.54,4827,2020-10-16 16:55:00,GOSS
9.535,9.55,9.52,9.545,5571,2020-10-16 17:00:00,GOSS
9.545,9.63,9.54,9.63,8210,2020-10-16 17:05:00,GOSS
9.61,9.68,9.61,9.63,9734,2020-10-16 17:10:00,GOSS
9.63,9.64,9.61,9.625,7518,2020-10-16 17:15:00,GOSS
9.61,9.645,9.61,9.63,6309,2020-10-16 17:20:00,GOSS
9.625,9.63,9.58,9.63,7330,2020-10-16 17:25:00,GOSS
9.63,9.63,9.59,9.63,5866,2020-10-16 17:30:00,GOSS
9.63,9.64,9.59,9.63,2267,2020-10-16 17:35:00,GOSS
9.63,9.63,9.59,9.61,7682,2020-10-16 17:40:00,GOSS
9.6,9.6,9.57,9.6,5363,2020-10-16 17:45:00,GOSS
9.6,9.63,9.6,9.62,5292,2020-10-16 17:50:00,GOSS
9.63,9.63,9.6,9.63,5703,2020-10-16 17:55:00,GOSS
9.625,9.645,9.6143,9.6392,7738,2020-10-16 18:00:00,GOSS
9.625,9.64,9.6,9.615,11140,2020-10-16 18:05:00,GOSS
9.6158,9.63,9.6,9.62,8160,2020-10-16 18:10:00,GOSS
9.61,9.64,9.61,9.63,6319,2020-10-16 18:15:00,GOSS
9.63,9.6399,9.6284,9.63,4539,2020-10-16 18:20:00,GOSS
9.62,9.75,9.62,9.73,38188,2020-10-16 18:25:00,GOSS
9.725,9.77,9.6919,9.7277,11813,2020-10-16 18:30:00,GOSS
9.74,9.85,9.74,9.82,18848,2020-10-16 18:35:00,GOSS
9.84,9.86,9.755,9.76,30186,2020-10-16 18:40:00,GOSS
9.77,9.79,9.76,9.7739,4448,2020-10-16 18:45:00,GOSS
9.79,9.85,9.74,9.83,9863,2020-10-16 18:50:00,GOSS
9.82,9.82,9.77,9.81,14909,2020-10-16 18:55:00,GOSS
9.8,9.8,9.77,9.8,22538,2020-10-16 19:00:00,GOSS
9.79,9.8,9.75,9.75,14248,2020-10-16 19:05:00,GOSS
9.75,9.77,9.7373,9.76,6400,2020-10-16 19:10:00,GOSS
9.7532,9.77,9.7166,9.75,8037,2020-10-16 19:15:00,GOSS
9.77,9.77,9.73,9.73,6481,2020-10-16 19:20:00,GOSS
9.73,9.73,9.66,9.7,17122,2020-10-16 19:25:00,GOSS
9.695,9.72,9.695,9.71,9032,2020-10-16 19:30:00,GOSS
9.705,9.705,9.67,9.69,20003,2020-10-16 19:35:00,GOSS
9.69,9.7,9.67,9.69,14153,2020-10-16 19:40:00,GOSS
9.68,9.69,9.67,9.675,8924,2020-10-16 19:45:00,GOSS
9.68,9.7,9.67,9.68,20310,2020-10-16 19:50:00,GOSS
9.67,9.69,9.67,9.68,54004,2020-10-16 19:55:00,GOSS
9.68,9.68,9.68,9.68,68251,2020-10-16 20:00:00,GOSS
9.68,9.68,9.68,9.68,203,2020-10-16 20:10:00,GOSS
9.68,9.68,9.68,9.68,947,2020-10-16 20:20:00,GOSS
9.6799,9.68,9.6799,9.68,200,2020-10-16 20:25:00,GOSS
9.7,9.7,9.7,9.7,100,2020-10-16 20:35:00,GOSS
9.67,9.69,9.67,9.68,900,2020-10-16 20:40:00,GOSS
9.67,9.67,9.67,9.67,400,2020-10-16 20:50:00,GOSS
9.64,9.64,9.64,9.64,407,2020-10-16 20:55:00,GOSS
9.63,9.64,9.63,9.64,1250,2020-10-16 21:05:00,GOSS
9.65,9.65,9.65,9.65,250,2020-10-16 21:20:00,GOSS
9.68,9.68,9.68,9.68,200,2020-10-16 21:25:00,GOSS
9.68,9.68,9.68,9.68,850,2020-10-16 22:55:00,GOSS
9.97,9.98,9.97,9.98,200,2020-10-19 11:00:00,GOSS
9.68,9.7499,9.68,9.7499,3100,2020-10-19 12:15:00,GOSS
9.7499,9.7499,9.7499,9.7499,200,2020-10-19 12:25:00,GOSS
9.7,9.7,9.7,9.7,352,2020-10-19 13:00:00,GOSS
9.7,9.7,9.7,9.7,218,2020-10-19 13:05:00,GOSS
9.7499,9.75,9.7499,9.75,5914,2020-10-19 13:10:00,GOSS
9.75,9.75,9.75,9.75,110,2020-10-19 13:25:00,GOSS
9.8,9.9377,9.76,9.9,28737,2020-10-19 13:30:00,GOSS
9.94,9.94,9.762,9.7782,19261,2020-10-19 13:35:00,GOSS
9.83,9.85,9.71,9.71,11662,2020-10-19 13:40:00,GOSS
9.74,9.83,9.7201,9.8149,7079,2020-10-19 13:45:00,GOSS
9.805,9.81,9.75,9.78,10558,2020-10-19 13:50:00,GOSS
9.77,9.83,9.77,9.8,6784,2020-10-19 13:55:00,GOSS
9.8,9.81,9.7619,9.78,7238,2020-10-19 14:00:00,GOSS
9.78,9.83,9.7373,9.8156,12643,2020-10-19 14:05:00,GOSS
9.8,9.8,9.75,9.75,7856,2020-10-19 14:10:00,GOSS
9.75,9.81,9.75,9.8,6202,2020-10-19 14:15:00,GOSS
9.8,9.8,9.72,9.76,14390,2020-10-19 14:20:00,GOSS
9.7439,9.78,9.74,9.75,7636,2020-10-19 14:25:00,GOSS
9.755,9.82,9.74,9.82,24975,2020-10-19 14:30:00,GOSS
9.82,9.855,9.81,9.82,9945,2020-10-19 14:35:00,GOSS
9.85,9.8999,9.83,9.87,10236,2020-10-19 14:40:00,GOSS
9.86,9.93,9.86,9.92,10614,2020-10-19 14:45:00,GOSS
9.92,9.92,9.85,9.88,11037,2020-10-19 14:50:00,GOSS
9.88,9.91,9.86,9.9,4339,2020-10-19 14:55:00,GOSS
9.895,9.98,9.88,9.94,11869,2020-10-19 15:00:00,GOSS
9.94,10.02,9.94,9.95,12473,2020-10-19 15:05:00,GOSS
9.95,9.97,9.93,9.97,287225,2020-10-19 15:10:00,GOSS
9.98,10.03,9.97,9.98,19725,2020-10-19 15:15:00,GOSS
9.985,10.05,9.97,10.0426,74520,2020-10-19 15:20:00,GOSS
10.05,10.14,10.0,10.05,67765,2020-10-19 15:25:00,GOSS
10.0446,10.08,10.0446,10.08,10392,2020-10-19 15:30:00,GOSS
10.08,10.1,10.04,10.08,13629,2020-10-19 15:35:00,GOSS
10.07,10.075,10.0,10.015,9945,2020-10-19 15:40:00,GOSS
10.015,10.04,9.98,9.98,11080,2020-10-19 15:45:00,GOSS
9.9801,10.02,9.945,9.95,13633,2020-10-19 15:50:00,GOSS
9.96,9.99,9.93,9.935,11034,2020-10-19 15:55:00,GOSS
9.942,9.96,9.92,9.9401,3510,2020-10-19 16:00:00,GOSS
9.9355,9.94,9.8701,9.91,3635,2020-10-19 16:05:00,GOSS
9.905,9.905,9.82,9.82,7010,2020-10-19 16:10:00,GOSS
9.835,9.86,9.73,9.84,50723,2020-10-19 16:15:00,GOSS
9.82,9.85,9.785,9.785,4949,2020-10-19 16:20:00,GOSS
9.775,9.85,9.7701,9.83,2616,2020-10-19 16:25:00,GOSS
9.8101,9.86,9.8,9.815,5384,2020-10-19 16:30:00,GOSS
9.8,9.81,9.75,9.76,5433,2020-10-19 16:35:00,GOSS
9.7599,9.8,9.73,9.742,10245,2020-10-19 16:40:00,GOSS
9.735,9.79,9.725,9.745,19482,2020-10-19 16:45:00,GOSS
9.76,9.8,9.74,9.8,5866,2020-10-19 16:50:00,GOSS
9.775,9.8099,9.75,9.75,8768,2020-10-19 16:55:00,GOSS
9.73,9.81,9.71,9.81,8230,2020-10-19 17:00:00,GOSS
9.8,9.8,9.745,9.75,2076,2020-10-19 17:05:00,GOSS
9.76,9.78,9.71,9.76,4284,2020-10-19 17:10:00,GOSS
9.74,9.8,9.74,9.76,5384,2020-10-19 17:15:00,GOSS
9.745,9.75,9.69,9.7175,56951,2020-10-19 17:20:00,GOSS
9.7,9.8,9.69,9.76,17001,2020-10-19 17:25:00,GOSS
9.755,9.755,9.73,9.73,1000,2020-10-19 17:30:00,GOSS
9.755,9.775,9.745,9.745,4911,2020-10-19 17:35:00,GOSS
9.75,9.79,9.66,9.67,13111,2020-10-19 17:40:00,GOSS
9.68,9.75,9.68,9.75,4808,2020-10-19 17:45:00,GOSS
9.745,9.76,9.7,9.75,11118,2020-10-19 17:50:00,GOSS
9.75,9.76,9.7,9.74,10266,2020-10-19 17:55:00,GOSS
9.71,9.74,9.7,9.735,9908,2020-10-19 18:00:00,GOSS
9.735,9.78,9.735,9.76,5397,2020-10-19 18:05:00,GOSS
9.74,9.8,9.7346,9.775,8200,2020-10-19 18:10:00,GOSS
9.7999,9.86,9.7999,9.84,7370,2020-10-19 18:15:00,GOSS
9.84,9.88,9.75,9.75,15941,2020-10-19 18:20:00,GOSS
9.78,9.86,9.78,9.825,2506,2020-10-19 18:25:00,GOSS
9.825,9.85,9.75,9.795,9143,2020-10-19 18:30:00,GOSS
9.795,9.795,9.76,9.76,5626,2020-10-19 18:35:00,GOSS
9.77,9.79,9.75,9.78,3656,2020-10-19 18:40:00,GOSS
9.78,9.78,9.76,9.77,6797,2020-10-19 18:45:00,GOSS
9.775,9.78,9.715,9.715,5046,2020-10-19 18:50:00,GOSS
9.73,9.78,9.7196,9.77,43552,2020-10-19 18:55:00,GOSS
9.77,9.78,9.74,9.78,3701,2020-10-19 19:00:00,GOSS
9.765,9.78,9.74,9.755,19509,2020-10-19 19:05:00,GOSS
9.78,9.78,9.7046,9.715,9793,2020-10-19 19:10:00,GOSS
9.715,9.75,9.715,9.73,2700,2020-10-19 19:15:00,GOSS
9.73,9.75,9.71,9.73,5945,2020-10-19 19:20:00,GOSS
9.73,9.76,9.71,9.75,6815,2020-10-19 19:25:00,GOSS
9.745,9.76,9.73,9.73,6272,2020-10-19 19:30:00,GOSS
9.75,9.76,9.71,9.76,9779,2020-10-19 19:35:00,GOSS
9.76,9.76,9.672,9.69,10219,2020-10-19 19:40:00,GOSS
9.7,9.77,9.69,9.7,29550,2020-10-19 19:45:00,GOSS
9.68,9.7,9.67,9.685,20094,2020-10-19 19:50:00,GOSS
9.685,9.695,9.66,9.67,34695,2020-10-19 19:55:00,GOSS
9.66,9.66,9.66,9.66,80779,2020-10-19 20:00:00,GOSS
9.67,9.67,9.67,9.67,100,2020-10-19 20:05:00,GOSS
9.67,9.67,9.67,9.67,700,2020-10-19 20:35:00,GOSS
9.67,9.68,9.67,9.68,627,2020-10-19 21:10:00,GOSS
9.66,9.66,9.66,9.66,234,2020-10-20 10:50:00,GOSS
9.66,9.66,9.66,9.66,100,2020-10-20 11:00:00,GOSS
9.66,9.66,9.66,9.66,1000,2020-10-20 13:10:00,GOSS
9.67,9.67,9.67,9.67,340,2020-10-20 13:15:00,GOSS
9.65,9.65,9.5001,9.53,25902,2020-10-20 13:30:00,GOSS
9.56,9.56,9.3691,9.483,26685,2020-10-20 13:35:00,GOSS
9.5,9.55,9.49,9.54,5570,2020-10-20 13:40:00,GOSS
9.52,9.53,9.4117,9.44,10072,2020-10-20 13:45:00,GOSS
9.41,9.41,9.3,9.32,21893,2020-10-20 13:50:00,GOSS
9.3222,9.34,9.2761,9.32,14363,2020-10-20 13:55:00,GOSS
9.31,9.33,9.28,9.29,12243,2020-10-20 14:00:00,GOSS
9.3098,9.35,9.21,9.3211,36618,2020-10-20 14:05:00,GOSS
9.35,9.35,9.23,9.23,11185,2020-10-20 14:10:00,GOSS
9.24,9.25,9.18,9.195,9659,2020-10-20 14:15:00,GOSS
9.19,9.24,9.1705,9.2,21247,2020-10-20 14:20:00,GOSS
9.2,9.23,9.1,9.13,18136,2020-10-20 14:25:00,GOSS
9.1,9.15,9.09,9.13,14266,2020-10-20 14:30:00,GOSS
9.1001,9.2299,9.1001,9.2299,21655,2020-10-20 14:35:00,GOSS
9.21,9.25,9.18,9.22,10890,2020-10-20 14:40:00,GOSS
9.21,9.27,9.19,9.26,10975,2020-10-20 14:45:00,GOSS
9.25,9.3099,9.21,9.23,23283,2020-10-20 14:50:00,GOSS
9.25,9.26,9.23,9.23,9716,2020-10-20 14:55:00,GOSS
9.235,9.25,9.14,9.145,15758,2020-10-20 15:00:00,GOSS
9.16,9.17,9.13,9.145,11188,2020-10-20 15:05:00,GOSS
9.17,9.23,9.145,9.18,10751,2020-10-20 15:10:00,GOSS
9.22,9.26,9.1869,9.235,5420,2020-10-20 15:15:00,GOSS
9.235,9.25,9.2,9.23,3071,2020-10-20 15:20:00,GOSS
9.23,9.2551,9.2,9.25,12053,2020-10-20 15:25:00,GOSS
9.2535,9.2535,9.224,9.25,9385,2020-10-20 15:30:00,GOSS
9.225,9.26,9.22,9.25,8149,2020-10-20 15:35:00,GOSS
9.24,9.25,9.2257,9.2257,2750,2020-10-20 15:40:00,GOSS
9.24,9.34,9.24,9.32,9858,2020-10-20 15:45:00,GOSS
9.29,9.31,9.27,9.28,5596,2020-10-20 15:50:00,GOSS
9.28,9.31,9.28,9.3,3913,2020-10-20 15:55:00,GOSS
9.29,9.335,9.285,9.3,5990,2020-10-20 16:00:00,GOSS
9.295,9.32,9.295,9.32,2900,2020-10-20 16:05:00,GOSS
9.28,9.32,9.26,9.2694,3192,2020-10-20 16:10:00,GOSS
9.255,9.26,9.16,9.25,29601,2020-10-20 16:15:00,GOSS
9.26,9.3,9.2407,9.27,6708,2020-10-20 16:20:00,GOSS
9.27,9.3,9.26,9.28,800,2020-10-20 16:25:00,GOSS
9.2878,9.3,9.2601,9.2943,3907,2020-10-20 16:30:00,GOSS
9.2897,9.31,9.2897,9.3,1215,2020-10-20 16:35:00,GOSS
9.31,9.32,9.29,9.32,5260,2020-10-20 16:40:00,GOSS
9.27,9.31,9.25,9.25,7492,2020-10-20 16:45:00,GOSS
9.25,9.27,9.2,9.2599,14303,2020-10-20 16:50:00,GOSS
9.21,9.26,9.21,9.22,9576,2020-10-20 16:55:00,GOSS
9.23,9.26,9.2,9.25,10641,2020-10-20 17:00:00,GOSS
9.24,9.29,9.24,9.24,5547,2020-10-20 17:05:00,GOSS
9.23,9.2675,9.2,9.2675,21451,2020-10-20 17:10:00,GOSS
9.265,9.285,9.265,9.27,7790,2020-10-20 17:15:00,GOSS
9.26,9.32,9.25,9.32,14532,2020-10-20 17:20:00,GOSS
9.33,9.3511,9.3,9.35,5925,2020-10-20 17:25:00,GOSS
9.345,9.4,9.345,9.38,14775,2020-10-20 17:30:00,GOSS
9.38,9.4,9.38,9.385,1845,2020-10-20 17:35:00,GOSS
9.37,9.3718,9.3381,9.35,4872,2020-10-20 17:40:00,GOSS
9.35,9.35,9.32,9.345,700,2020-10-20 17:45:00,GOSS
9.345,9.345,9.321,9.345,3400,2020-10-20 17:50:00,GOSS
9.345,9.3699,9.345,9.36,4741,2020-10-20 17:55:00,GOSS
9.37,9.38,9.3128,9.34,4912,2020-10-20 18:00:00,GOSS
9.3001,9.36,9.3001,9.35,3063,2020-10-20 18:05:00,GOSS
9.325,9.35,9.3,9.325,1000,2020-10-20 18:10:00,GOSS
9.31,9.33,9.3001,9.325,5128,2020-10-20 18:15:00,GOSS
9.325,9.335,9.3,9.335,4437,2020-10-20 18:20:00,GOSS
9.325,9.35,9.28,9.28,2516,2020-10-20 18:25:00,GOSS
9.32,9.35,9.281,9.34,6751,2020-10-20 18:30:00,GOSS
9.34,9.35,9.33,9.335,3659,2020-10-20 18:35:00,GOSS
9.335,9.335,9.32,9.335,800,2020-10-20 18:40:00,GOSS
9.335,9.335,9.32,9.335,517,2020-10-20 18:45:00,GOSS
9.33,9.34,9.32,9.335,3876,2020-10-20 18:50:00,GOSS
9.34,9.34,9.31,9.32,46301,2020-10-20 18:55:00,GOSS
9.32,9.39,9.32,9.37,15553,2020-10-20 19:00:00,GOSS
9.34,9.38,9.31,9.35,55699,2020-10-20 19:05:00,GOSS
9.35,9.42,9.325,9.4,20918,2020-10-20 19:10:00,GOSS
9.39,9.42,9.39,9.41,4723,2020-10-20 19:15:00,GOSS
9.41,9.41,9.3663,9.385,5310,2020-10-20 19:20:00,GOSS
9.39,9.405,9.36,9.4,56175,2020-10-20 19:25:00,GOSS
9.4,9.405,9.36,9.39,13721,2020-10-20 19:30:00,GOSS
9.4,9.41,9.35,9.355,26698,2020-10-20 19:35:00,GOSS
9.3585,9.4,9.34,9.36,24285,2020-10-20 19:40:00,GOSS
9.36,9.37,9.31,9.33,21487,2020-10-20 19:45:00,GOSS
9.315,9.37,9.3,9.34,38224,2020-10-20 19:50:00,GOSS
9.34,9.34,9.29,9.3,63662,2020-10-20 19:55:00,GOSS
9.3,9.3,9.3,9.3,55428,2020-10-20 20:00:00,GOSS
9.3,9.3,9.3,9.3,300,2020-10-20 21:05:00,GOSS
9.3,9.3,9.3,9.3,166,2020-10-21 12:55:00,GOSS
9.28,9.4199,9.28,9.33,37890,2020-10-21 13:30:00,GOSS
9.33,9.38,9.26,9.27,11505,2020-10-21 13:35:00,GOSS
9.26,9.33,9.24,9.32,23491,2020-10-21 13:40:00,GOSS
9.2901,9.45,9.2901,9.35,19234,2020-10-21 13:45:00,GOSS
9.35,9.35,9.28,9.35,10134,2020-10-21 13:50:00,GOSS
9.31,9.3311,9.27,9.31,5633,2020-10-21 13:55:00,GOSS
9.301,9.31,9.05,9.13,79600,2020-10-21 14:00:00,GOSS
9.12,9.16,9.045,9.14,22164,2020-10-21 14:05:00,GOSS
9.14,9.14,9.0501,9.1337,8283,2020-10-21 14:10:00,GOSS
9.1037,9.15,9.09,9.15,6718,2020-10-21 14:15:00,GOSS
9.15,9.1699,9.11,9.125,4369,2020-10-21 14:20:00,GOSS
9.14,9.2,9.1241,9.19,3982,2020-10-21 14:25:00,GOSS
9.19,9.19,9.16,9.18,3061,2020-10-21 14:30:00,GOSS
9.16,9.18,9.12,9.17,4762,2020-10-21 14:35:00,GOSS
9.1648,9.18,9.13,9.14,4828,2020-10-21 14:40:00,GOSS
9.13,9.18,9.09,9.1799,5883,2020-10-21 14:45:00,GOSS
9.18,9.18,9.12,9.145,2708,2020-10-21 14:50:00,GOSS
9.145,9.22,9.1201,9.2,5756,2020-10-21 14:55:00,GOSS
9.195,9.2314,9.18,9.23,6260,2020-10-21 15:00:00,GOSS
9.22,9.27,9.21,9.27,5248,2020-10-21 15:05:00,GOSS
9.24,9.265,9.225,9.245,7436,2020-10-21 15:30:00,GOSS
9.245,9.245,9.21,9.23,9262,2020-10-21 15:35:00,GOSS
9.23,9.24,9.2006,9.2006,6124,2020-10-21 15:40:00,GOSS
9.2,9.22,9.18,9.22,15380,2020-10-21 15:45:00,GOSS
9.23,9.25,9.2108,9.2108,6030,2020-10-21 15:50:00,GOSS
9.23,9.25,9.2008,9.25,6524,2020-10-21 15:55:00,GOSS
9.25,9.25,9.23,9.24,7278,2020-10-21 16:00:00,GOSS
9.2204,9.25,9.2204,9.25,5802,2020-10-21 16:05:00,GOSS
9.24,9.25,9.23,9.245,7080,2020-10-21 16:10:00,GOSS
9.2402,9.25,9.24,9.25,7758,2020-10-21 16:15:00,GOSS
9.24,9.34,9.24,9.34,15180,2020-10-21 16:20:00,GOSS
9.3008,9.34,9.3,9.325,18312,2020-10-21 16:25:00,GOSS
9.3152,9.34,9.25,9.26,9824,2020-10-21 16:30:00,GOSS
9.26,9.29,9.26,9.27,10556,2020-10-21 16:35:00,GOSS
9.27,9.28,9.2671,9.28,6188,2020-10-21 16:40:00,GOSS
9.27,9.27,9.236,9.24,4970,2020-10-21 16:45:00,GOSS
9.2425,9.27,9.23,9.27,8314,2020-10-21 16:50:00,GOSS
9.26,9.26,9.24,9.25,7892,2020-10-21 16:55:00,GOSS
9.2435,9.25,9.22,9.25,6670,2020-10-21 17:00:00,GOSS
9.2244,9.25,9.22,9.24,6824,2020-10-21 17:05:00,GOSS
9.245,9.255,9.22,9.25,11962,2020-10-21 17:10:00,GOSS
9.25,9.26,9.24,9.26,13038,2020-10-21 17:15:00,GOSS
9.25,9.4,9.23,9.3801,267688,2020-10-21 17:20:00,GOSS
9.3788,9.43,9.29,9.31,112720,2020-10-21 17:25:00,GOSS
9.3309,9.45,9.31,9.45,80722,2020-10-21 17:30:00,GOSS
9.45,9.47,9.41,9.45,12708,2020-10-21 17:35:00,GOSS
9.425,9.5,9.34,9.4425,117034,2020-10-21 17:40:00,GOSS
9.43,9.55,9.43,9.55,16914,2020-10-21 17:45:00,GOSS
9.543,9.57,9.49,9.51,26234,2020-10-21 17:50:00,GOSS
9.4512,9.505,9.45,9.47,12206,2020-10-21 17:55:00,GOSS
9.4708,9.5,9.43,9.455,31432,2020-10-21 18:00:00,GOSS
9.43,9.435,9.34,9.37,16020,2020-10-21 18:05:00,GOSS
9.37,9.41,9.37,9.39,7616,2020-10-21 18:10:00,GOSS
9.37,9.41,9.37,9.38,8930,2020-10-21 18:15:00,GOSS
9.3704,9.375,9.33,9.365,19304,2020-10-21 18:20:00,GOSS
9.365,9.365,9.3304,9.35,14146,2020-10-21 18:25:00,GOSS
9.35,9.36,9.33,9.35,14600,2020-10-21 18:30:00,GOSS
9.33,9.35,9.3,9.32,13646,2020-10-21 18:35:00,GOSS
9.33,9.35,9.28,9.29,20202,2020-10-21 18:40:00,GOSS
9.31,9.31,9.27,9.295,13306,2020-10-21 18:45:00,GOSS
9.295,9.295,9.23,9.23,10972,2020-10-21 18:50:00,GOSS
9.24,9.27,9.24,9.26,17310,2020-10-21 18:55:00,GOSS
9.25,9.28,9.23,9.25,15980,2020-10-21 19:00:00,GOSS
9.2304,9.27,9.23,9.26,14334,2020-10-21 19:05:00,GOSS
9.2504,9.27,9.24,9.25,14228,2020-10-21 19:10:00,GOSS
9.25,9.27,9.2364,9.25,8616,2020-10-21 19:15:00,GOSS
9.25,9.29,9.23,9.24,16886,2020-10-21 19:20:00,GOSS
9.23,9.25,9.23,9.25,7208,2020-10-21 19:25:00,GOSS
9.24,9.25,9.2,9.2,15760,2020-10-21 19:30:00,GOSS
9.195,9.22,9.18,9.205,34897,2020-10-21 19:35:00,GOSS
9.205,9.205,9.17,9.2,24642,2020-10-21 19:40:00,GOSS
9.185,9.2144,9.17,9.21,232920,2020-10-21 19:45:00,GOSS
9.2,9.23,9.1701,9.2,243294,2020-10-21 19:50:00,GOSS
9.2,9.28,9.18,9.2,282586,2020-10-21 19:55:00,GOSS
9.2,9.2,9.2,9.2,141170,2020-10-21 20:00:00,GOSS
9.18,9.18,9.18,9.18,598,2020-10-21 20:10:00,GOSS
9.2,9.2,9.2,9.2,14,2020-10-21 20:25:00,GOSS
9.2,9.2,9.2,9.2,202,2020-10-21 20:30:00,GOSS
9.21,9.4079,9.21,9.4079,9785,2020-10-22 13:30:00,GOSS
9.23,9.34,9.23,9.33,2967,2020-10-22 13:35:00,GOSS
9.33,9.42,9.3281,9.3766,8793,2020-10-22 13:40:00,GOSS
9.3824,9.42,9.29,9.31,13886,2020-10-22 13:45:00,GOSS
9.35,9.42,9.35,9.38,1634,2020-10-22 13:50:00,GOSS
9.4,9.44,9.39,9.395,3811,2020-10-22 13:55:00,GOSS
9.33,9.365,9.33,9.36,1900,2020-10-22 14:00:00,GOSS
9.3315,9.36,9.23,9.24,3626,2020-10-22 14:05:00,GOSS
9.23,9.34,9.22,9.33,3802,2020-10-22 14:10:00,GOSS
9.31,9.31,9.26,9.2868,1223,2020-10-22 14:15:00,GOSS
9.27,9.2904,9.2399,9.2399,725,2020-10-22 14:20:00,GOSS
9.22,9.2993,9.22,9.265,6543,2020-10-22 14:25:00,GOSS
9.26,9.27,9.22,9.25,3222,2020-10-22 14:30:00,GOSS
9.23,9.29,9.22,9.29,4481,2020-10-22 14:35:00,GOSS
9.25,9.26,9.21,9.25,8014,2020-10-22 14:40:00,GOSS
9.2222,9.29,9.2222,9.2679,12863,2020-10-22 14:45:00,GOSS
9.2691,9.34,9.26,9.34,8300,2020-10-22 14:50:00,GOSS
9.32,9.325,9.29,9.315,4795,2020-10-22 14:55:00,GOSS
9.315,9.315,9.305,9.305,882,2020-10-22 15:00:00,GOSS
9.305,9.32,9.26,9.28,7357,2020-10-22 15:05:00,GOSS
9.28,9.33,9.25,9.305,8268,2020-10-22 15:10:00,GOSS
9.3053,9.325,9.28,9.305,1870,2020-10-22 15:20:00,GOSS
9.305,9.335,9.25,9.25,7791,2020-10-22 15:25:00,GOSS
9.255,9.3,9.2358,9.2358,8531,2020-10-22 15:30:00,GOSS
9.24,9.28,9.24,9.27,9316,2020-10-22 15:35:00,GOSS
9.28,9.33,9.2726,9.2726,6725,2020-10-22 15:40:00,GOSS
9.27,9.38,9.27,9.3486,17130,2020-10-22 15:45:00,GOSS
9.3455,9.355,9.31,9.32,3878,2020-10-22 15:50:00,GOSS
9.29,9.31,9.29,9.305,416,2020-10-22 15:55:00,GOSS
9.305,9.31,9.29,9.3,10028,2020-10-22 16:00:00,GOSS
9.3,9.32,9.3,9.32,800,2020-10-22 16:05:00,GOSS
9.32,9.32,9.29,9.305,3336,2020-10-22 16:10:00,GOSS
9.3,9.3,9.285,9.3,3667,2020-10-22 16:15:00,GOSS
9.28,9.3,9.25,9.26,56372,2020-10-22 16:20:00,GOSS
9.26,9.26,9.22,9.2314,21322,2020-10-22 16:25:00,GOSS
9.24,9.26,9.24,9.25,983,2020-10-22 16:30:00,GOSS
9.2474,9.2628,9.2474,9.2599,3197,2020-10-22 16:35:00,GOSS
9.25,9.25,9.24,9.25,4711,2020-10-22 16:40:00,GOSS
9.25,9.27,9.24,9.27,4067,2020-10-22 16:45:00,GOSS
9.27,9.27,9.25,9.25,3473,2020-10-22 16:50:00,GOSS
9.25,9.25,9.23,9.25,4315,2020-10-22 16:55:00,GOSS
9.26,9.26,9.23,9.26,3351,2020-10-22 17:00:00,GOSS
9.26,9.26,9.23,9.25,834,2020-10-22 17:05:00,GOSS
9.25,9.26,9.24,9.25,3805,2020-10-22 17:10:00,GOSS
9.27,9.295,9.25,9.26,1755,2020-10-22 17:15:00,GOSS
9.26,9.3,9.24,9.3,310778,2020-10-22 17:20:00,GOSS
9.33,9.38,9.33,9.35,7474,2020-10-22 17:25:00,GOSS
9.3561,9.44,9.3561,9.42,9156,2020-10-22 17:30:00,GOSS
9.43,9.47,9.4,9.43,9092,2020-10-22 17:35:00,GOSS
9.4346,9.48,9.43,9.48,6383,2020-10-22 17:40:00,GOSS
9.49,9.49,9.41,9.49,15659,2020-10-22 17:45:00,GOSS
9.49,9.56,9.45,9.4701,33066,2020-10-22 17:50:00,GOSS
9.485,9.52,9.48,9.51,7695,2020-10-22 17:55:00,GOSS
9.5129,9.56,9.5129,9.545,9147,2020-10-22 18:00:00,GOSS
9.536,9.536,9.45,9.465,14415,2020-10-22 18:05:00,GOSS
9.4389,9.485,9.41,9.45,3800,2020-10-22 18:10:00,GOSS
9.45,9.49,9.4201,9.465,11352,2020-10-22 18:15:00,GOSS
9.45,9.53,9.4344,9.53,8200,2020-10-22 18:20:00,GOSS
9.5,9.51,9.47,9.475,4077,2020-10-22 18:25:00,GOSS
9.44,9.53,9.44,9.53,6251,2020-10-22 18:30:00,GOSS
9.51,9.515,9.48,9.51,5883,2020-10-22 18:35:00,GOSS
9.49,9.53,9.48,9.53,4097,2020-10-22 18:40:00,GOSS
9.515,9.57,9.49,9.525,5858,2020-10-22 18:45:00,GOSS
9.5,9.57,9.495,9.505,7371,2020-10-22 18:50:00,GOSS
9.53,9.53,9.47,9.53,3539,2020-10-22 18:55:00,GOSS
9.48,9.53,9.45,9.53,15377,2020-10-22 19:00:00,GOSS
9.4701,9.56,9.4701,9.48,3208,2020-10-22 19:05:00,GOSS
9.53,9.53,9.48,9.5,7045,2020-10-22 19:10:00,GOSS
9.52,9.54,9.505,9.54,8936,2020-10-22 19:15:00,GOSS
9.53,9.59,9.5247,9.56,10765,2020-10-22 19:20:00,GOSS
9.571,9.62,9.56,9.6,9739,2020-10-22 19:25:00,GOSS
9.6075,9.62,9.5977,9.605,7148,2020-10-22 19:30:00,GOSS
9.6027,9.63,9.59,9.615,7619,2020-10-22 19:35:00,GOSS
9.62,9.66,9.61,9.66,14832,2020-10-22 19:40:00,GOSS
9.65,9.67,9.62,9.64,19358,2020-10-22 19:45:00,GOSS
9.66,9.68,9.635,9.655,26087,2020-10-22 19:50:00,GOSS
9.66,9.68,9.63,9.65,43205,2020-10-22 19:55:00,GOSS
9.65,9.65,9.65,9.65,110963,2020-10-22 20:00:00,GOSS
9.65,9.65,9.65,9.65,140,2020-10-22 20:05:00,GOSS
9.43,9.7,9.43,9.6196,8371,2020-10-23 13:30:00,GOSS
9.695,9.79,9.69,9.7637,8188,2020-10-23 13:35:00,GOSS
9.727,9.79,9.62,9.6499,6406,2020-10-23 13:40:00,GOSS
9.63,9.6425,9.5,9.54,5780,2020-10-23 13:45:00,GOSS
9.54,9.57,9.5,9.57,5750,2020-10-23 13:50:00,GOSS
9.5857,9.6,9.5331,9.57,2936,2020-10-23 13:55:00,GOSS
9.575,9.575,9.51,9.56,3655,2020-10-23 14:00:00,GOSS
9.565,9.65,9.47,9.6118,27573,2020-10-23 14:05:00,GOSS
9.62,9.68,9.61,9.6679,4362,2020-10-23 14:10:00,GOSS
9.658,9.68,9.6179,9.6232,3481,2020-10-23 14:15:00,GOSS
9.62,9.62,9.58,9.6147,1651,2020-10-23 14:20:00,GOSS
9.62,9.65,9.58,9.6263,2468,2020-10-23 14:25:00,GOSS
9.65,9.7,9.65,9.66,7232,2020-10-23 14:30:00,GOSS
9.64,9.665,9.62,9.65,9205,2020-10-23 14:35:00,GOSS
9.66,9.69,9.65,9.6645,5236,2020-10-23 14:40:00,GOSS
9.67,9.7,9.66,9.7,9206,2020-10-23 14:45:00,GOSS
9.7,9.75,9.7,9.73,1784,2020-10-23 14:50:00,GOSS
9.7175,9.77,9.7175,9.77,8051,2020-10-23 14:55:00,GOSS
9.78,9.78,9.74,9.74,5390,2020-10-23 15:00:00,GOSS
9.76,9.77,9.76,9.76,1168,2020-10-23 15:05:00,GOSS
9.77,9.78,9.74,9.74,4070,2020-10-23 15:10:00,GOSS
9.7521,9.7521,9.65,9.66,7039,2020-10-23 15:15:00,GOSS
9.66,9.67,9.61,9.64,5657,2020-10-23 15:20:00,GOSS
9.65,9.7,9.65,9.655,3108,2020-10-23 15:25:00,GOSS
9.6577,9.67,9.62,9.645,2470,2020-10-23 15:30:00,GOSS
9.63,9.66,9.62,9.66,1339,2020-10-23 15:35:00,GOSS
9.64,9.67,9.64,9.67,3115,2020-10-23 15:40:00,GOSS
9.66,9.66,9.63,9.63,6151,2020-10-23 15:45:00,GOSS
9.62,9.71,9.62,9.7,9500,2020-10-23 15:50:00,GOSS
9.71,9.735,9.685,9.69,5487,2020-10-23 15:55:00,GOSS
9.7,9.705,9.67,9.69,7448,2020-10-23 16:00:00,GOSS
9.69,9.705,9.69,9.69,1499,2020-10-23 16:05:00,GOSS
9.6875,9.7,9.66,9.66,1700,2020-10-23 16:10:00,GOSS
9.665,9.665,9.61,9.65,3713,2020-10-23 16:15:00,GOSS
9.6212,9.68,9.6212,9.68,1430,2020-10-23 16:20:00,GOSS
9.67,9.68,9.65,9.68,1500,2020-10-23 16:25:00,GOSS
9.68,9.7096,9.66,9.685,2303,2020-10-23 16:30:00,GOSS
9.685,9.685,9.631,9.66,1932,2020-10-23 16:35:00,GOSS
9.66,9.68,9.66,9.67,1556,2020-10-23 16:40:00,GOSS
9.65,9.67,9.64,9.66,1958,2020-10-23 16:45:00,GOSS
9.66,9.66,9.64,9.66,3481,2020-10-23 16:50:00,GOSS
9.66,9.66,9.6199,9.6199,1528,2020-10-23 16:55:00,GOSS
9.62,9.66,9.6101,9.66,3092,2020-10-23 17:00:00,GOSS
9.66,9.66,9.62,9.63,2300,2020-10-23 17:05:00,GOSS
9.62,9.64,9.62,9.63,2355,2020-10-23 17:10:00,GOSS
9.64,9.66,9.61,9.62,2600,2020-10-23 17:15:00,GOSS
9.64,9.64,9.61,9.61,1766,2020-10-23 17:20:00,GOSS
9.61,9.615,9.59,9.615,4036,2020-10-23 17:25:00,GOSS
9.61,9.62,9.6,9.62,3021,2020-10-23 17:30:00,GOSS
9.62,9.63,9.61,9.63,1887,2020-10-23 17:35:00,GOSS
9.645,9.645,9.595,9.6,3529,2020-10-23 17:40:00,GOSS
9.6,9.62,9.6,9.6151,1589,2020-10-23 17:45:00,GOSS
9.63,9.63,9.62,9.63,1100,2020-10-23 17:50:00,GOSS
9.62,9.64,9.62,9.64,1902,2020-10-23 17:55:00,GOSS
9.64,9.64,9.63,9.64,1764,2020-10-23 18:00:00,GOSS
9.63,9.64,9.63,9.63,1200,2020-10-23 18:05:00,GOSS
9.63,9.64,9.63,9.63,1563,2020-10-23 18:10:00,GOSS
9.64,9.64,9.59,9.61,4050,2020-10-23 18:15:00,GOSS
9.59,9.63,9.58,9.63,4100,2020-10-23 18:20:00,GOSS
9.63,9.64,9.61,9.64,1700,2020-10-23 18:25:00,GOSS
9.63,9.63,9.6,9.6,3110,2020-10-23 18:30:00,GOSS
9.59,9.6,9.57,9.57,1299,2020-10-23 18:35:00,GOSS
9.57,9.57,9.55,9.55,1715,2020-10-23 18:40:00,GOSS
9.55,9.56,9.55,9.56,1515,2020-10-23 18:45:00,GOSS
9.56,9.57,9.55,9.57,1863,2020-10-23 18:50:00,GOSS
9.56,9.565,9.56,9.56,1500,2020-10-23 18:55:00,GOSS
9.57,9.57,9.53,9.56,4012,2020-10-23 19:00:00,GOSS
9.56,9.59,9.53,9.59,6896,2020-10-23 19:05:00,GOSS
9.63,9.63,9.615,9.63,1370,2020-10-23 19:10:00,GOSS
9.62,9.62,9.58,9.59,2546,2020-10-23 19:15:00,GOSS
9.59,9.6,9.58,9.6,3107,2020-10-23 19:20:00,GOSS
9.58,9.59,9.57,9.58,3435,2020-10-23 19:25:00,GOSS
9.58,9.58,9.56,9.57,3883,2020-10-23 19:30:00,GOSS
9.56,9.57,9.54,9.56,3500,2020-10-23 19:35:00,GOSS
9.55,9.56,9.53,9.54,3634,2020-10-23 19:40:00,GOSS
9.54,9.57,9.53,9.55,8095,2020-10-23 19:45:00,GOSS
9.55,9.56,9.54,9.55,9109,2020-10-23 19:50:00,GOSS
9.545,9.6,9.54,9.59,27911,2020-10-23 19:55:00,GOSS
9.58,9.58,9.58,9.58,50316,2020-10-23 20:00:00,GOSS
9.55,9.55,9.55,9.55,150,2020-10-23 21:40:00,GOSS
9.59,9.59,9.59,9.59,100,2020-10-23 23:45:00,GOSS
9.65,9.65,9.65,9.65,112,2020-10-23 23:55:00,GOSS
9.59,9.59,9.55,9.55,200,2020-10-26 11:00:00,GOSS
9.55,9.55,9.55,9.55,100,2020-10-26 12:05:00,GOSS
9.65,9.65,9.65,9.65,100,2020-10-26 12:55:00,GOSS
9.56,9.56,9.5,9.5338,9957,2020-10-26 13:30:00,GOSS
9.5603,9.63,9.5603,9.5976,1535,2020-10-26 13:35:00,GOSS
9.6001,9.6001,9.5601,9.5924,3736,2020-10-26 13:40:00,GOSS
9.61,9.69,9.61,9.69,5218,2020-10-26 13:45:00,GOSS
9.69,9.72,9.68,9.71,7209,2020-10-26 13:50:00,GOSS
9.71,9.72,9.705,9.72,2600,2020-10-26 13:55:00,GOSS
9.72,9.74,9.6501,9.74,2397,2020-10-26 14:00:00,GOSS
9.72,9.725,9.69,9.69,2099,2020-10-26 14:05:00,GOSS
9.69,9.69,9.56,9.59,7655,2020-10-26 14:10:00,GOSS
9.59,9.6,9.58,9.58,2130,2020-10-26 14:15:00,GOSS
9.6,9.65,9.6,9.64,3160,2020-10-26 14:20:00,GOSS
9.65,9.68,9.65,9.67,818,2020-10-26 14:25:00,GOSS
9.67,9.67,9.58,9.58,2407,2020-10-26 14:30:00,GOSS
9.59,9.68,9.59,9.68,3462,2020-10-26 14:35:00,GOSS
9.665,9.72,9.665,9.7,3784,2020-10-26 14:40:00,GOSS
9.68,9.69,9.6355,9.6355,851,2020-10-26 14:45:00,GOSS
9.62,9.66,9.6,9.63,11587,2020-10-26 14:50:00,GOSS
9.6,9.6,9.6,9.6,200,2020-10-26 14:55:00,GOSS
9.6,9.6056,9.5665,9.58,3400,2020-10-26 15:00:00,GOSS
9.57,9.6,9.57,9.6,4596,2020-10-26 15:05:00,GOSS
9.58,9.6,9.55,9.5565,3401,2020-10-26 15:10:00,GOSS
9.5544,9.56,9.54,9.5473,3766,2020-10-26 15:15:00,GOSS
9.56,9.59,9.56,9.59,1900,2020-10-26 15:20:00,GOSS
9.5757,9.61,9.56,9.56,2449,2020-10-26 15:25:00,GOSS
9.56,9.56,9.5382,9.5382,3719,2020-10-26 15:30:00,GOSS
9.53,9.535,9.52,9.5273,1273,2020-10-26 15:35:00,GOSS
9.53,9.58,9.52,9.5469,4114,2020-10-26 15:40:00,GOSS
9.56,9.6,9.53,9.5365,4806,2020-10-26 15:45:00,GOSS
9.57,9.58,9.57,9.58,1002,2020-10-26 15:50:00,GOSS
9.58,9.58,9.57,9.57,300,2020-10-26 15:55:00,GOSS
9.57,9.575,9.54,9.54,3870,2020-10-26 16:00:00,GOSS
9.54,9.54,9.51,9.51,4447,2020-10-26 16:05:00,GOSS
9.53,9.57,9.53,9.55,3300,2020-10-26 16:10:00,GOSS
9.54,9.57,9.54,9.57,1000,2020-10-26 16:15:00,GOSS
9.5526,9.5526,9.54,9.54,1234,2020-10-26 16:20:00,GOSS
9.54,9.55,9.54,9.55,3500,2020-10-26 16:25:00,GOSS
9.54,9.54,9.52,9.52,1000,2020-10-26 16:30:00,GOSS
9.52,9.52,9.42,9.502,13282,2020-10-26 16:35:00,GOSS
9.5148,9.53,9.4901,9.52,4006,2020-10-26 16:40:00,GOSS
9.49,9.49,9.42,9.45,3445,2020-10-26 16:45:00,GOSS
9.42,9.4519,9.42,9.4519,1500,2020-10-26 16:50:00,GOSS
9.43,9.49,9.42,9.49,4679,2020-10-26 16:55:00,GOSS
9.4648,9.49,9.44,9.49,3162,2020-10-26 17:00:00,GOSS
9.4837,9.51,9.4738,9.4738,776,2020-10-26 17:05:00,GOSS
9.51,9.53,9.48,9.48,3100,2020-10-26 17:10:00,GOSS
9.47,9.49,9.44,9.44,1600,2020-10-26 17:15:00,GOSS
9.43,9.47,9.43,9.47,2149,2020-10-26 17:20:00,GOSS
9.4596,9.4596,9.4596,9.4596,100,2020-10-26 17:25:00,GOSS
9.45,9.45,9.37,9.38,2393,2020-10-26 17:30:00,GOSS
9.39,9.42,9.37,9.42,6416,2020-10-26 17:35:00,GOSS
9.4235,9.43,9.39,9.41,2068,2020-10-26 17:40:00,GOSS
9.4,9.44,9.38,9.44,5373,2020-10-26 17:45:00,GOSS
9.44,9.48,9.43,9.46,1830,2020-10-26 17:50:00,GOSS
9.49,9.5,9.47,9.5,1200,2020-10-26 17:55:00,GOSS
9.5,9.5,9.48,9.48,1118,2020-10-26 18:00:00,GOSS
9.48,9.5,9.47,9.47,4593,2020-10-26 18:05:00,GOSS
9.47,9.49,9.43,9.43,3349,2020-10-26 18:10:00,GOSS
9.45,9.47,9.44,9.46,4232,2020-10-26 18:15:00,GOSS
9.46,9.5,9.46,9.5,3928,2020-10-26 18:20:00,GOSS
9.5,9.53,9.49,9.505,6793,2020-10-26 18:25:00,GOSS
9.49,9.5,9.46,9.5,5306,2020-10-26 18:30:00,GOSS
9.4803,9.49,9.48,9.48,1200,2020-10-26 18:35:00,GOSS
9.48,9.5,9.47,9.5,2661,2020-10-26 18:40:00,GOSS
9.485,9.485,9.43,9.43,3000,2020-10-26 18:45:00,GOSS
9.42,9.46,9.42,9.45,4717,2020-10-26 18:50:00,GOSS
9.4574,9.4574,9.43,9.435,903,2020-10-26 18:55:00,GOSS
9.435,9.46,9.43,9.46,7514,2020-10-26 19:00:00,GOSS
9.45,9.4599,9.44,9.45,2125,2020-10-26 19:05:00,GOSS
9.45,9.45,9.36,9.375,3914,2020-10-26 19:10:00,GOSS
9.37,9.38,9.35,9.3668,4957,2020-10-26 19:15:00,GOSS
9.37,9.4052,9.37,9.4052,4610,2020-10-26 19:20:00,GOSS
9.41,9.41,9.39,9.39,2200,2020-10-26 19:25:00,GOSS
9.395,9.42,9.37,9.42,8241,2020-10-26 19:30:00,GOSS
9.42,9.43,9.42,9.425,4070,2020-10-26 19:35:00,GOSS
9.425,9.435,9.41,9.425,7100,2020-10-26 19:40:00,GOSS
9.425,9.425,9.39,9.39,7600,2020-10-26 19:45:00,GOSS
9.39,9.4,9.37,9.3902,10670,2020-10-26 19:50:00,GOSS
9.395,9.44,9.3902,9.41,32661,2020-10-26 19:55:00,GOSS
9.41,9.41,9.41,9.41,47306,2020-10-26 20:00:00,GOSS
9.41,9.41,9.41,9.41,296,2020-10-27 13:25:00,GOSS
9.38,9.38,9.3,9.3621,8792,2020-10-27 13:30:00,GOSS
9.46,9.46,9.41,9.41,1500,2020-10-27 13:35:00,GOSS
9.41,9.4556,9.3954,9.41,2302,2020-10-27 13:40:00,GOSS
9.4321,9.44,9.38,9.38,3150,2020-10-27 13:45:00,GOSS
9.4042,9.4042,9.34,9.4,2688,2020-10-27 13:50:00,GOSS
9.435,9.457,9.37,9.43,1000,2020-10-27 13:55:00,GOSS
9.4391,9.4625,9.39,9.4,1868,2020-10-27 14:00:00,GOSS
9.4,9.45,9.4,9.45,1300,2020-10-27 14:05:00,GOSS
9.45,9.46,9.35,9.415,13223,2020-10-27 14:10:00,GOSS
9.415,9.415,9.34,9.375,3092,2020-10-27 14:15:00,GOSS
9.39,9.435,9.37,9.37,2489,2020-10-27 14:20:00,GOSS
9.4,9.4582,9.4,9.425,1963,2020-10-27 14:25:00,GOSS
9.425,9.46,9.39,9.39,3430,2020-10-27 14:30:00,GOSS
9.415,9.46,9.4,9.435,2244,2020-10-27 14:35:00,GOSS
9.42,9.47,9.39,9.47,6213,2020-10-27 14:40:00,GOSS
9.47,9.48,9.44,9.4667,7880,2020-10-27 14:45:00,GOSS
9.46,9.47,9.43,9.43,5911,2020-10-27 14:50:00,GOSS
9.42,9.4599,9.42,9.4599,1642,2020-10-27 14:55:00,GOSS
9.44,9.46,9.425,9.44,4350,2020-10-27 15:00:00,GOSS
9.47,9.47,9.44,9.44,2074,2020-10-27 15:05:00,GOSS
9.45,9.46,9.415,9.425,4945,2020-10-27 15:10:00,GOSS
9.43,9.43,9.41,9.43,5105,2020-10-27 15:15:00,GOSS
9.44,9.47,9.44,9.465,3400,2020-10-27 15:20:00,GOSS
9.47,9.5,9.46,9.495,2384,2020-10-27 15:25:00,GOSS
9.48,9.51,9.475,9.51,2517,2020-10-27 15:30:00,GOSS
9.505,9.538,9.485,9.535,2492,2020-10-27 15:35:00,GOSS
9.55,9.59,9.54,9.59,1602,2020-10-27 15:40:00,GOSS
9.6,9.63,9.598,9.62,2505,2020-10-27 15:45:00,GOSS
9.61,9.61,9.56,9.56,4874,2020-10-27 15:50:00,GOSS
9.58,9.62,9.58,9.59,2420,2020-10-27 15:55:00,GOSS
9.58,9.64,9.55,9.6398,10737,2020-10-27 16:00:00,GOSS
9.61,9.638,9.61,9.638,2290,2020-10-27 16:05:00,GOSS
9.6246,9.6246,9.57,9.61,3200,2020-10-27 16:10:00,GOSS
9.62,9.62,9.62,9.62,100,2020-10-27 16:15:00,GOSS
9.6063,9.64,9.605,9.61,6318,2020-10-27 16:20:00,GOSS
9.63,9.63,9.5551,9.575,5137,2020-10-27 16:25:00,GOSS
9.57,9.58,9.56,9.58,863,2020-10-27 16:30:00,GOSS
9.5675,9.605,9.5675,9.6,2068,2020-10-27 16:35:00,GOSS
9.58,9.59,9.58,9.59,1120,2020-10-27 16:40:00,GOSS
9.57,9.57,9.51,9.545,5190,2020-10-27 16:45:00,GOSS
9.54,9.54,9.53,9.5326,982,2020-10-27 16:50:00,GOSS
9.555,9.555,9.555,9.555,371,2020-10-27 16:55:00,GOSS
9.55,9.55,9.545,9.545,997,2020-10-27 17:00:00,GOSS
9.54,9.54,9.4826,9.5,3110,2020-10-27 17:05:00,GOSS
9.5,9.52,9.5,9.52,522,2020-10-27 17:10:00,GOSS
9.52,9.57,9.51,9.57,5175,2020-10-27 17:15:00,GOSS
9.55,9.55,9.55,9.55,300,2020-10-27 17:20:00,GOSS
9.55,9.605,9.55,9.58,1147,2020-10-27 17:25:00,GOSS
9.58,9.58,9.54,9.55,4633,2020-10-27 17:30:00,GOSS
9.5522,9.5522,9.5522,9.5522,165,2020-10-27 17:35:00,GOSS
9.555,9.555,9.555,9.555,100,2020-10-27 17:40:00,GOSS
9.5465,9.555,9.53,9.555,928,2020-10-27 17:45:00,GOSS
9.565,9.61,9.565,9.605,4333,2020-10-27 17:50:00,GOSS
9.59,9.63,9.58,9.595,2312,2020-10-27 17:55:00,GOSS
9.6,9.615,9.5,9.58,12807,2020-10-27 18:00:00,GOSS
9.56,9.56,9.47,9.545,13323,2020-10-27 18:05:00,GOSS
9.58,9.58,9.57,9.575,533,2020-10-27 18:10:00,GOSS
9.575,9.59,9.5,9.555,14771,2020-10-27 18:15:00,GOSS
9.53,9.53,9.5,9.5,712,2020-10-27 18:20:00,GOSS
9.5499,9.5499,9.525,9.525,350,2020-10-27 18:25:00,GOSS
9.51,9.51,9.48,9.48,957,2020-10-27 18:30:00,GOSS
9.5,9.5,9.49,9.49,234,2020-10-27 18:35:00,GOSS
9.51,9.55,9.51,9.55,604,2020-10-27 18:40:00,GOSS
9.545,9.545,9.5,9.5,2419,2020-10-27 18:45:00,GOSS
9.515,9.52,9.49,9.5086,731,2020-10-27 18:50:00,GOSS
9.49,9.55,9.49,9.54,1459,2020-10-27 18:55:00,GOSS
9.545,9.545,9.49,9.49,2400,2020-10-27 19:00:00,GOSS
9.5,9.5,9.47,9.48,1100,2020-10-27 19:05:00,GOSS
9.495,9.51,9.481,9.481,1200,2020-10-27 19:10:00,GOSS
9.495,9.495,9.48,9.4804,700,2020-10-27 19:15:00,GOSS
9.4804,9.54,9.4804,9.54,2030,2020-10-27 19:20:00,GOSS
9.545,9.545,9.52,9.54,1164,2020-10-27 19:25:00,GOSS
9.5208,9.57,9.5208,9.565,4629,2020-10-27 19:30:00,GOSS
9.56,9.56,9.51,9.51,15078,2020-10-27 19:35:00,GOSS
9.525,9.54,9.52,9.54,1200,2020-10-27 19:40:00,GOSS
9.53,9.53,9.49,9.49,2767,2020-10-27 19:45:00,GOSS
9.48,9.5399,9.475,9.53,4632,2020-10-27 19:50:00,GOSS
9.52,9.55,9.52,9.55,16446,2020-10-27 19:55:00,GOSS
9.53,9.53,9.53,9.53,35350,2020-10-27 20:00:00,GOSS
9.53,9.53,9.53,9.53,12239,2020-10-27 21:30:00,GOSS
9.35,9.35,9.35,9.35,200,2020-10-28 12:45:00,GOSS
9.35,9.35,9.35,9.35,320,2020-10-28 12:50:00,GOSS
9.4,9.4,9.4,9.4,100,2020-10-28 12:55:00,GOSS
9.32,9.32,9.1,9.215,23497,2020-10-28 13:30:00,GOSS
9.15,9.26,9.15,9.2429,801,2020-10-28 13:35:00,GOSS
9.23,9.27,9.16,9.225,3713,2020-10-28 13:40:00,GOSS
9.2299,9.265,9.2299,9.25,2917,2020-10-28 13:45:00,GOSS
9.23,9.2599,9.21,9.2235,2588,2020-10-28 13:50:00,GOSS
9.21,9.2249,9.17,9.215,1434,2020-10-28 13:55:00,GOSS
9.19,9.19,9.12,9.12,2613,2020-10-28 14:00:00,GOSS
9.11,9.15,9.07,9.0781,6919,2020-10-28 14:05:00,GOSS
9.085,9.1,9.02,9.07,8133,2020-10-28 14:10:00,GOSS
9.08,9.098,9.075,9.075,1400,2020-10-28 14:15:00,GOSS
9.05,9.0702,9.03,9.03,1790,2020-10-28 14:20:00,GOSS
9.064,9.064,8.98,8.98,22846,2020-10-28 14:25:00,GOSS
8.98,8.9999,8.82,8.97,39856,2020-10-28 14:30:00,GOSS
9.0346,9.0346,9.0346,9.0346,100,2020-10-28 14:35:00,GOSS
9.06,9.07,9.045,9.045,2500,2020-10-28 14:40:00,GOSS
9.0281,9.05,9.01,9.025,2918,2020-10-28 14:45:00,GOSS
9.03,9.065,9.02,9.065,1556,2020-10-28 14:50:00,GOSS
9.07,9.11,9.05,9.08,3845,2020-10-28 14:55:00,GOSS
9.09,9.095,9.07,9.095,1597,2020-10-28 15:00:00,GOSS
9.0857,9.1,9.08,9.1,699,2020-10-28 15:05:00,GOSS
9.0985,9.12,9.0985,9.11,4944,2020-10-28 15:10:00,GOSS
9.12,9.14,9.075,9.075,4000,2020-10-28 15:15:00,GOSS
9.085,9.13,9.0804,9.13,5853,2020-10-28 15:20:00,GOSS
9.169,9.18,9.155,9.1608,4407,2020-10-28 15:25:00,GOSS
9.14,9.14,9.08,9.12,3310,2020-10-28 15:30:00,GOSS
9.11,9.12,9.1,9.12,3187,2020-10-28 15:35:00,GOSS
9.125,9.17,9.125,9.165,5415,2020-10-28 15:40:00,GOSS
9.18,9.22,9.13,9.2,17870,2020-10-28 15:45:00,GOSS
9.205,9.26,9.16,9.25,15393,2020-10-28 15:50:00,GOSS
9.22,9.2292,9.2,9.225,3740,2020-10-28 15:55:00,GOSS
9.18,9.2331,9.18,9.2331,3263,2020-10-28 16:00:00,GOSS
9.235,9.28,9.235,9.28,2781,2020-10-28 16:05:00,GOSS
9.25,9.255,9.25,9.255,5200,2020-10-28 16:10:00,GOSS
9.24,9.25,9.24,9.25,800,2020-10-28 16:15:00,GOSS
9.26,9.27,9.22,9.22,5310,2020-10-28 16:20:00,GOSS
9.17,9.18,9.17,9.18,1369,2020-10-28 16:25:00,GOSS
9.18,9.2,9.17,9.185,11052,2020-10-28 16:30:00,GOSS
9.21,9.21,9.16,9.16,6124,2020-10-28 16:35:00,GOSS
9.15,9.16,9.1,9.11,5372,2020-10-28 16:40:00,GOSS
9.11,9.13,9.085,9.085,16136,2020-10-28 16:45:00,GOSS
9.085,9.0875,9.035,9.05,8381,2020-10-28 16:50:00,GOSS
9.05,9.06,9.02,9.06,6887,2020-10-28 16:55:00,GOSS
9.08,9.124,9.05,9.07,5358,2020-10-28 17:00:00,GOSS
9.07,9.07,9.0201,9.0201,4800,2020-10-28 17:05:00,GOSS
9.05,9.06,9.05,9.06,702,2020-10-28 17:10:00,GOSS
9.04,9.0644,9.03,9.04,800,2020-10-28 17:15:00,GOSS
9.04,9.04,9.04,9.04,100,2020-10-28 17:20:00,GOSS
9.04,9.05,9.02,9.025,1610,2020-10-28 17:25:00,GOSS
9.02,9.07,9.0,9.04,51935,2020-10-28 17:30:00,GOSS
9.0348,9.07,9.02,9.04,2937,2020-10-28 17:35:00,GOSS
9.06,9.07,9.05,9.05,1400,2020-10-28 17:40:00,GOSS
9.08,9.1,9.07,9.1,2000,2020-10-28 17:45:00,GOSS
9.1,9.1,9.09,9.1,610,2020-10-28 17:50:00,GOSS
9.09,9.11,9.06,9.09,2400,2020-10-28 17:55:00,GOSS
9.065,9.075,9.065,9.075,400,2020-10-28 18:00:00,GOSS
9.051,9.065,9.05,9.05,1000,2020-10-28 18:05:00,GOSS
9.05,9.07,9.02,9.02,3000,2020-10-28 18:10:00,GOSS
9.025,9.06,9.025,9.06,1100,2020-10-28 18:15:00,GOSS
9.05,9.08,9.05,9.08,900,2020-10-28 18:20:00,GOSS
9.08,9.1,9.08,9.09,1522,2020-10-28 18:25:00,GOSS
9.1,9.1,8.98,9.02,18651,2020-10-28 18:30:00,GOSS
8.9801,9.02,8.9801,8.9942,675,2020-10-28 18:35:00,GOSS
8.9983,9.0,8.98,9.0,1520,2020-10-28 18:40:00,GOSS
8.99,9.0,8.94,8.975,4302,2020-10-28 18:45:00,GOSS
8.98,8.998,8.91,8.98,15822,2020-10-28 18:50:00,GOSS
8.985,9.02,8.97,9.01,6969,2020-10-28 18:55:00,GOSS
8.995,9.02,8.97,8.995,1561,2020-10-28 19:00:00,GOSS
9.02,9.02,8.98,9.0,2600,2020-10-28 19:05:00,GOSS
9.0,9.01,8.97,8.98,10776,2020-10-28 19:10:00,GOSS
8.96,8.97,8.93,8.93,15533,2020-10-28 19:15:00,GOSS
8.9499,8.95,8.86,8.92,10644,2020-10-28 19:20:00,GOSS
8.92,8.96,8.92,8.96,854,2020-10-28 19:25:00,GOSS
8.95,9.0,8.94,9.0,5275,2020-10-28 19:30:00,GOSS
8.995,9.0,8.95,8.96,3672,2020-10-28 19:35:00,GOSS
8.93,8.97,8.93,8.97,5930,2020-10-28 19:40:00,GOSS
8.97,9.0,8.955,8.995,10300,2020-10-28 19:45:00,GOSS
9.0,9.01,8.96,8.96,5693,2020-10-28 19:50:00,GOSS
8.97,8.97,8.915,8.93,31513,2020-10-28 19:55:00,GOSS
8.925,8.925,8.925,8.925,73522,2020-10-28 20:00:00,GOSS
8.99,8.99,8.99,8.99,541,2020-10-28 20:55:00,GOSS
9.05,9.05,9.05,9.05,271,2020-10-29 11:00:00,GOSS
9.05,9.05,9.05,9.05,479,2020-10-29 11:40:00,GOSS
9.0,9.0,9.0,9.0,100,2020-10-29 12:05:00,GOSS
9.0001,9.0001,9.0001,9.0001,100,2020-10-29 12:45:00,GOSS
9.0,9.0,9.0,9.0,164,2020-10-29 13:25:00,GOSS
8.93,8.93,8.65,8.66,23855,2020-10-29 13:30:00,GOSS
8.65,8.7899,8.56,8.67,10801,2020-10-29 13:35:00,GOSS
8.69,8.735,8.65,8.735,10455,2020-10-29 13:40:00,GOSS
8.69,8.7042,8.6,8.6,3252,2020-10-29 13:45:00,GOSS
8.61,8.7699,8.57,8.7699,16733,2020-10-29 13:50:00,GOSS
8.75,8.93,8.736,8.881,13766,2020-10-29 13:55:00,GOSS
8.88,8.8911,8.81,8.8911,3810,2020-10-29 14:00:00,GOSS
8.9,8.9,8.76,8.79,1735,2020-10-29 14:05:00,GOSS
8.79,8.8,8.73,8.73,3123,2020-10-29 14:10:00,GOSS
8.76,8.76,8.69,8.725,6253,2020-10-29 14:15:00,GOSS
8.76,8.77,8.715,8.7175,5417,2020-10-29 14:20:00,GOSS
8.75,8.7757,8.75,8.775,550,2020-10-29 14:25:00,GOSS
8.785,8.785,8.77,8.785,1388,2020-10-29 14:30:00,GOSS
8.76,8.81,8.76,8.8082,4056,2020-10-29 14:35:00,GOSS
8.82,8.86,8.8,8.86,5597,2020-10-29 14:40:00,GOSS
8.86,8.87,8.85,8.865,1100,2020-10-29 14:45:00,GOSS
8.87,8.87,8.82,8.8422,16052,2020-10-29 14:50:00,GOSS
8.86,8.9,8.86,8.89,1848,2020-10-29 14:55:00,GOSS
8.87,8.87,8.85,8.85,1306,2020-10-29 15:00:00,GOSS
8.87,8.89,8.87,8.89,1619,2020-10-29 15:05:00,GOSS
8.91,8.97,8.91,8.95,1900,2020-10-29 15:10:00,GOSS
8.95,9.0,8.95,8.97,4755,2020-10-29 15:15:00,GOSS
8.98,8.98,8.97,8.97,674,2020-10-29 15:20:00,GOSS
8.96,8.96,8.925,8.925,2287,2020-10-29 15:25:00,GOSS
8.93,8.93,8.8606,8.8606,600,2020-10-29 15:30:00,GOSS
8.8694,8.9,8.8694,8.89,2616,2020-10-29 15:35:00,GOSS
8.9,8.92,8.86,8.86,4107,2020-10-29 15:40:00,GOSS
8.85,8.86,8.8406,8.8406,1035,2020-10-29 15:45:00,GOSS
8.84,8.86,8.8302,8.84,6100,2020-10-29 15:50:00,GOSS
8.86,8.86,8.84,8.84,1600,2020-10-29 15:55:00,GOSS
8.8008,8.82,8.8008,8.8106,600,2020-10-29 16:00:00,GOSS
8.8106,8.83,8.81,8.83,700,2020-10-29 16:05:00,GOSS
8.825,8.84,8.825,8.8273,800,2020-10-29 16:10:00,GOSS
8.845,8.86,8.845,8.86,2787,2020-10-29 16:15:00,GOSS
8.85,8.85,8.8104,8.82,800,2020-10-29 16:20:00,GOSS
8.8104,8.83,8.8,8.82,3495,2020-10-29 16:25:00,GOSS
8.8101,8.835,8.8101,8.82,2162,2020-10-29 16:30:00,GOSS
8.8,8.801,8.8,8.801,500,2020-10-29 16:35:00,GOSS
8.82,8.82,8.8,8.8006,1281,2020-10-29 16:40:00,GOSS
8.815,8.84,8.8,8.82,1665,2020-10-29 16:45:00,GOSS
8.81,8.815,8.77,8.775,3625,2020-10-29 16:50:00,GOSS
8.76,8.77,8.7308,8.7308,1734,2020-10-29 16:55:00,GOSS
8.7308,8.7315,8.7206,8.7206,1200,2020-10-29 17:00:00,GOSS
8.75,8.76,8.72,8.73,3018,2020-10-29 17:05:00,GOSS
8.75,8.75,8.74,8.74,800,2020-10-29 17:10:00,GOSS
8.73,8.76,8.725,8.76,1555,2020-10-29 17:15:00,GOSS
8.755,8.77,8.755,8.77,1100,2020-10-29 17:20:00,GOSS
8.7831,8.8,8.74,8.74,5001,2020-10-29 17:25:00,GOSS
8.7308,8.7758,8.73,8.75,1100,2020-10-29 17:30:00,GOSS
8.75,8.755,8.73,8.75,1809,2020-10-29 17:35:00,GOSS
8.75,8.77,8.73,8.735,8100,2020-10-29 17:40:00,GOSS
8.735,8.74,8.7,8.732,3691,2020-10-29 17:45:00,GOSS
8.74,8.75,8.73,8.75,2664,2020-10-29 17:50:00,GOSS
8.7375,8.7375,8.7,8.7,6854,2020-10-29 17:55:00,GOSS
8.715,8.725,8.65,8.65,5542,2020-10-29 18:00:00,GOSS
8.69,8.7,8.6706,8.6706,2200,2020-10-29 18:05:00,GOSS
8.685,8.71,8.685,8.7,3706,2020-10-29 18:10:00,GOSS
8.71,8.72,8.68,8.68,8863,2020-10-29 18:15:00,GOSS
8.68,8.71,8.68,8.7099,6643,2020-10-29 18:20:00,GOSS
8.69,8.72,8.685,8.69,9271,2020-10-29 18:25:00,GOSS
8.685,8.685,8.68,8.68,2200,2020-10-29 18:30:00,GOSS
8.68,8.68,8.66,8.665,3228,2020-10-29 18:35:00,GOSS
8.6847,8.69,8.67,8.6806,7232,2020-10-29 18:40:00,GOSS
8.67,8.67,8.62,8.66,10445,2020-10-29 18:45:00,GOSS
8.65,8.67,8.64,8.66,2855,2020-10-29 18:50:00,GOSS
8.65,8.67,8.65,8.665,1600,2020-10-29 18:55:00,GOSS
8.67,8.69,8.66,8.67,16367,2020-10-29 19:00:00,GOSS
8.685,8.7,8.6706,8.6706,6629,2020-10-29 19:05:00,GOSS
8.685,8.7,8.6706,8.7,3165,2020-10-29 19:10:00,GOSS
8.69,8.7,8.67,8.69,8064,2020-10-29 19:15:00,GOSS
8.69,8.695,8.68,8.6801,2201,2020-10-29 19:20:00,GOSS
8.695,8.7,8.66,8.66,7999,2020-10-29 19:25:00,GOSS
8.66,8.66,8.6,8.6113,20658,2020-10-29 19:30:00,GOSS
8.62,8.62,8.595,8.6,7421,2020-10-29 19:35:00,GOSS
8.6,8.605,8.595,8.605,3300,2020-10-29 19:40:00,GOSS
8.6,8.61,8.6,8.61,12524,2020-10-29 19:45:00,GOSS
8.615,8.63,8.58,8.6,34395,2020-10-29 19:50:00,GOSS
8.6,8.62,8.58,8.59,21465,2020-10-29 19:55:00,GOSS
8.6,8.61,8.6,8.6,77969,2020-10-29 20:00:00,GOSS
8.52,8.6,8.43,8.43,4049,2020-10-29 20:05:00,GOSS
8.43,8.5,8.43,8.5,6155,2020-10-29 20:10:00,GOSS
8.5,8.5,8.45,8.45,2000,2020-10-29 20:15:00,GOSS
8.48,8.48,8.35,8.4,1457,2020-10-29 20:35:00,GOSS
8.4,8.4,8.34,8.34,2400,2020-10-29 21:20:00,GOSS
8.35,8.35,8.35,8.35,300,2020-10-29 22:10:00,GOSS
8.45,8.45,8.45,8.45,100,2020-10-29 23:45:00,GOSS
8.45,8.45,8.45,8.45,300,2020-10-29 23:50:00,GOSS
8.45,8.45,8.45,8.45,100,2020-10-30 10:55:00,GOSS
8.45,8.45,8.45,8.45,100,2020-10-30 11:00:00,GOSS
8.36,8.36,8.35,8.35,842,2020-10-30 11:05:00,GOSS
8.49,8.5,8.37,8.41,15712,2020-10-30 13:30:00,GOSS
8.44,8.48,8.39,8.39,16177,2020-10-30 13:35:00,GOSS
8.41,8.41,8.12,8.15,42373,2020-10-30 13:40:00,GOSS
8.12,8.2,8.06,8.08,61349,2020-10-30 13:45:00,GOSS
8.08,8.15,8.06,8.1,26059,2020-10-30 13:50:00,GOSS
8.1,8.16,7.97,8.04,41020,2020-10-30 13:55:00,GOSS
8.03,8.06,8.02,8.05,14993,2020-10-30 14:00:00,GOSS
8.0699,8.1,8.02,8.07,22201,2020-10-30 14:05:00,GOSS
8.05,8.065,8.02,8.04,14890,2020-10-30 14:10:00,GOSS
8.03,8.11,8.03,8.1,10558,2020-10-30 14:15:00,GOSS
8.1,8.12,8.1,8.1,9173,2020-10-30 14:20:00,GOSS
8.1,8.1,7.92,7.94,48229,2020-10-30 14:25:00,GOSS
7.95,8.04,7.94,8.0,20654,2020-10-30 14:30:00,GOSS
7.9997,8.03,7.9712,7.9712,31614,2020-10-30 14:35:00,GOSS
7.98,8.03,7.9601,8.005,15581,2020-10-30 14:40:00,GOSS
8.0,8.06,7.97,8.025,10121,2020-10-30 14:45:00,GOSS
8.05,8.12,8.05,8.12,2691,2020-10-30 14:50:00,GOSS
8.07,8.17,8.07,8.17,11436,2020-10-30 14:55:00,GOSS
8.18,8.225,8.18,8.21,5674,2020-10-30 15:00:00,GOSS
8.2199,8.3,8.21,8.27,18585,2020-10-30 15:05:00,GOSS
8.28,8.31,8.26,8.31,9075,2020-10-30 15:10:00,GOSS
8.31,8.33,8.25,8.3,12739,2020-10-30 15:15:00,GOSS
8.29,8.29,8.23,8.23,9716,2020-10-30 15:20:00,GOSS
8.24,8.24,8.15,8.15,3600,2020-10-30 15:25:00,GOSS
8.15,8.2,8.07,8.16,42273,2020-10-30 15:30:00,GOSS
8.13,8.17,8.13,8.17,1834,2020-10-30 15:35:00,GOSS
8.17,8.21,8.17,8.21,5435,2020-10-30 15:40:00,GOSS
8.26,8.265,8.245,8.25,2892,2020-10-30 15:45:00,GOSS
8.25,8.26,8.24,8.26,2425,2020-10-30 15:50:00,GOSS
8.23,8.275,8.23,8.275,6240,2020-10-30 15:55:00,GOSS
8.27,8.32,8.27,8.32,2274,2020-10-30 16:00:00,GOSS
8.33,8.35,8.32,8.3249,3018,2020-10-30 16:05:00,GOSS
8.32,8.33,8.31,8.3215,5110,2020-10-30 16:10:00,GOSS
8.34,8.36,8.34,8.36,1487,2020-10-30 16:15:00,GOSS
8.34,8.34,8.33,8.34,4802,2020-10-30 16:20:00,GOSS
8.34,8.345,8.34,8.345,596,2020-10-30 16:25:00,GOSS
8.33,8.33,8.32,8.32,773,2020-10-30 16:30:00,GOSS
8.32,8.329,8.31,8.32,3510,2020-10-30 16:35:00,GOSS
8.3,8.31,8.29,8.29,6762,2020-10-30 16:40:00,GOSS
8.29,8.29,8.28,8.28,1500,2020-10-30 16:45:00,GOSS
8.28,8.29,8.26,8.26,3264,2020-10-30 16:50:00,GOSS
8.26,8.26,8.26,8.26,1000,2020-10-30 16:55:00,GOSS
8.26,8.3,8.26,8.29,4961,2020-10-30 17:00:00,GOSS
8.27,8.29,8.27,8.29,2839,2020-10-30 17:05:00,GOSS
8.29,8.29,8.29,8.29,100,2020-10-30 17:10:00,GOSS
8.29,8.3,8.28,8.28,700,2020-10-30 17:15:00,GOSS
8.28,8.29,8.26,8.26,3752,2020-10-30 17:20:00,GOSS
8.25,8.26,8.19,8.24,11024,2020-10-30 17:25:00,GOSS
8.25,8.25,8.25,8.25,500,2020-10-30 17:30:00,GOSS
8.245,8.25,8.23,8.23,2715,2020-10-30 17:35:00,GOSS
8.23,8.27,8.23,8.27,4442,2020-10-30 17:40:00,GOSS
8.27,8.28,8.25,8.28,3043,2020-10-30 17:45:00,GOSS
8.25,8.26,8.24,8.26,1200,2020-10-30 17:50:00,GOSS
8.24,8.25,8.19,8.19,3400,2020-10-30 17:55:00,GOSS
8.2034,8.23,8.17,8.23,7215,2020-10-30 18:00:00,GOSS
8.24,8.3,8.24,8.29,3544,2020-10-30 18:05:00,GOSS
8.28,8.3,8.26,8.28,2700,2020-10-30 18:10:00,GOSS
8.2799,8.3,8.2772,8.3,3743,2020-10-30 18:15:00,GOSS
8.29,8.31,8.28,8.29,6749,2020-10-30 18:20:00,GOSS
8.275,8.28,8.27,8.28,4703,2020-10-30 18:25:00,GOSS
8.27,8.275,8.26,8.26,1300,2020-10-30 18:30:00,GOSS
8.26,8.295,8.26,8.2829,9185,2020-10-30 18:35:00,GOSS
8.28,8.28,8.2339,8.24,2900,2020-10-30 18:40:00,GOSS
8.24,8.27,8.23,8.27,6100,2020-10-30 18:45:00,GOSS
8.26,8.27,8.26,8.27,2152,2020-10-30 18:50:00,GOSS
8.275,8.28,8.26,8.26,3179,2020-10-30 18:55:00,GOSS
8.25,8.26,8.24,8.26,2744,2020-10-30 19:00:00,GOSS
8.25,8.28,8.24,8.275,7204,2020-10-30 19:05:00,GOSS
8.27,8.3,8.27,8.3,5495,2020-10-30 19:10:00,GOSS
8.28,8.29,8.27,8.28,5943,2020-10-30 19:15:00,GOSS
8.29,8.34,8.28,8.28,5151,2020-10-30 19:20:00,GOSS
8.28,8.285,8.27,8.28,5500,2020-10-30 19:25:00,GOSS
8.27,8.28,8.27,8.27,1750,2020-10-30 19:30:00,GOSS
8.275,8.28,8.18,8.19,28180,2020-10-30 19:35:00,GOSS
8.19,8.275,8.19,8.26,9749,2020-10-30 19:40:00,GOSS
8.28,8.28,8.245,8.255,5181,2020-10-30 19:45:00,GOSS
8.25,8.3,8.23,8.28,32091,2020-10-30 19:50:00,GOSS
8.28,8.32,8.27,8.31,35978,2020-10-30 19:55:00,GOSS
8.3,8.3,8.3,8.3,90093,2020-10-30 20:00:00,GOSS
8.4,8.4,8.4,8.4,100,2020-10-30 21:30:00,GOSS
8.4,8.4,8.4,8.4,103,2020-10-30 21:35:00,GOSS
