open,high,low,close,volume,datetime,symbol
1.74,1.74,1.74,1.74,200,2020-10-01 13:00:00,PAVM
1.77,1.78,1.77,1.78,1113,2020-10-01 13:30:00,PAVM
1.79,1.79,1.78,1.7827,1500,2020-10-01 13:35:00,PAVM
1.783,1.783,1.78,1.78,300,2020-10-01 13:40:00,PAVM
1.78,1.797,1.78,1.78,300,2020-10-01 13:50:00,PAVM
1.7989,1.7989,1.78,1.78,1211,2020-10-01 13:55:00,PAVM
1.7898,1.7898,1.78,1.78,1978,2020-10-01 14:00:00,PAVM
1.79,1.79,1.76,1.76,986,2020-10-01 14:05:00,PAVM
1.76,1.76,1.76,1.76,300,2020-10-01 14:10:00,PAVM
1.76,1.76,1.76,1.76,100,2020-10-01 14:15:00,PAVM
1.7773,1.78,1.7671,1.78,2900,2020-10-01 14:20:00,PAVM
1.76,1.78,1.76,1.76,500,2020-10-01 14:25:00,PAVM
1.765,1.765,1.76,1.76,1351,2020-10-01 14:30:00,PAVM
1.76,1.763,1.76,1.763,450,2020-10-01 14:35:00,PAVM
1.7774,1.7774,1.7774,1.7774,309,2020-10-01 14:40:00,PAVM
1.76,1.77,1.76,1.77,1375,2020-10-01 14:45:00,PAVM
1.76,1.76,1.76,1.76,100,2020-10-01 14:50:00,PAVM
1.76,1.77,1.76,1.76,3500,2020-10-01 15:00:00,PAVM
1.7664,1.77,1.76,1.76,2300,2020-10-01 15:05:00,PAVM
1.76,1.76,1.76,1.76,3480,2020-10-01 15:10:00,PAVM
1.75,1.76,1.75,1.76,555,2020-10-01 15:15:00,PAVM
1.75,1.76,1.75,1.75,1300,2020-10-01 15:20:00,PAVM
1.75,1.76,1.75,1.7542,1500,2020-10-01 15:25:00,PAVM
1.75,1.756,1.75,1.75,1200,2020-10-01 15:30:00,PAVM
1.75,1.76,1.75,1.76,4700,2020-10-01 15:35:00,PAVM
1.76,1.77,1.76,1.76,1066,2020-10-01 15:40:00,PAVM
1.76,1.78,1.76,1.775,6350,2020-10-01 15:45:00,PAVM
1.7799,1.7799,1.7799,1.7799,200,2020-10-01 15:50:00,PAVM
1.77,1.77,1.77,1.77,400,2020-10-01 15:55:00,PAVM
1.77,1.7753,1.76,1.76,8605,2020-10-01 16:00:00,PAVM
1.76,1.76,1.76,1.76,400,2020-10-01 16:05:00,PAVM
1.76,1.78,1.76,1.7754,16624,2020-10-01 16:10:00,PAVM
1.77,1.77,1.77,1.77,400,2020-10-01 16:20:00,PAVM
1.77,1.77,1.77,1.77,834,2020-10-01 16:25:00,PAVM
1.77,1.7711,1.77,1.7711,400,2020-10-01 16:30:00,PAVM
1.77,1.777,1.76,1.76,1506,2020-10-01 16:35:00,PAVM
1.76,1.78,1.76,1.78,13900,2020-10-01 16:40:00,PAVM
1.7799,1.78,1.77,1.78,15081,2020-10-01 16:45:00,PAVM
1.7719,1.7719,1.7719,1.7719,150,2020-10-01 16:50:00,PAVM
1.77,1.77,1.76,1.77,18628,2020-10-01 16:55:00,PAVM
1.765,1.77,1.76,1.76,6803,2020-10-01 17:00:00,PAVM
1.77,1.78,1.7666,1.78,8477,2020-10-01 17:05:00,PAVM
1.7763,1.7763,1.7601,1.77,7299,2020-10-01 17:10:00,PAVM
1.77,1.77,1.7601,1.7601,386,2020-10-01 17:15:00,PAVM
1.7689,1.776,1.765,1.776,16605,2020-10-01 17:20:00,PAVM
1.775,1.81,1.775,1.81,27847,2020-10-01 17:25:00,PAVM
1.8,1.81,1.8,1.8,2480,2020-10-01 17:30:00,PAVM
1.798,1.81,1.79,1.79,5121,2020-10-01 17:35:00,PAVM
1.7911,1.7947,1.7911,1.7911,371,2020-10-01 17:45:00,PAVM
1.79,1.79,1.79,1.79,100,2020-10-01 17:50:00,PAVM
1.79,1.795,1.79,1.795,700,2020-10-01 17:55:00,PAVM
1.79,1.79,1.78,1.78,2588,2020-10-01 18:00:00,PAVM
1.78,1.8,1.78,1.795,5300,2020-10-01 18:05:00,PAVM
1.785,1.785,1.785,1.785,1000,2020-10-01 18:10:00,PAVM
1.78,1.785,1.77,1.77,10345,2020-10-01 18:15:00,PAVM
1.77,1.78,1.77,1.78,6620,2020-10-01 18:20:00,PAVM
1.78,1.78,1.78,1.78,411,2020-10-01 18:25:00,PAVM
1.79,1.79,1.77,1.77,200,2020-10-01 18:35:00,PAVM
1.79,1.79,1.77,1.79,4400,2020-10-01 18:40:00,PAVM
1.77,1.78,1.77,1.7799,2650,2020-10-01 18:45:00,PAVM
1.77,1.77,1.77,1.77,200,2020-10-01 18:55:00,PAVM
1.77,1.78,1.77,1.78,800,2020-10-01 19:00:00,PAVM
1.779,1.79,1.779,1.79,2123,2020-10-01 19:05:00,PAVM
1.7845,1.79,1.7845,1.79,2100,2020-10-01 19:10:00,PAVM
1.783,1.783,1.783,1.783,300,2020-10-01 19:15:00,PAVM
1.78,1.79,1.7701,1.79,3456,2020-10-01 19:20:00,PAVM
1.78,1.78,1.7714,1.7714,1309,2020-10-01 19:25:00,PAVM
1.77,1.775,1.77,1.77,3700,2020-10-01 19:30:00,PAVM
1.77,1.78,1.77,1.7752,8600,2020-10-01 19:35:00,PAVM
1.7695,1.77,1.76,1.765,8045,2020-10-01 19:40:00,PAVM
1.76,1.77,1.76,1.765,3000,2020-10-01 19:45:00,PAVM
1.77,1.77,1.76,1.76,7676,2020-10-01 19:50:00,PAVM
1.7663,1.77,1.76,1.77,29500,2020-10-01 19:55:00,PAVM
1.76,1.76,1.76,1.76,14103,2020-10-01 20:00:00,PAVM
1.77,1.77,1.77,1.77,100,2020-10-01 20:35:00,PAVM
1.75,1.75,1.75,1.75,1000,2020-10-02 12:00:00,PAVM
1.7501,1.7501,1.75,1.75,600,2020-10-02 12:25:00,PAVM
1.75,1.7501,1.75,1.75,3100,2020-10-02 13:00:00,PAVM
1.75,1.75,1.74,1.74,4900,2020-10-02 13:20:00,PAVM
1.76,1.77,1.76,1.76,40373,2020-10-02 13:30:00,PAVM
1.76,1.7655,1.75,1.7527,13953,2020-10-02 13:35:00,PAVM
1.7601,1.7776,1.76,1.76,783,2020-10-02 13:40:00,PAVM
1.77,1.77,1.77,1.77,200,2020-10-02 13:50:00,PAVM
1.7775,1.8,1.77,1.785,12518,2020-10-02 13:55:00,PAVM
1.8,1.8,1.785,1.785,1900,2020-10-02 14:00:00,PAVM
1.79,1.8,1.79,1.79,2577,2020-10-02 14:05:00,PAVM
1.79,1.79,1.78,1.78,967,2020-10-02 14:10:00,PAVM
1.78,1.78,1.78,1.78,100,2020-10-02 14:15:00,PAVM
1.7908,1.8,1.78,1.78,1368,2020-10-02 14:25:00,PAVM
1.7897,1.79,1.7897,1.79,2600,2020-10-02 14:30:00,PAVM
1.78,1.78,1.78,1.78,1555,2020-10-02 14:35:00,PAVM
1.7741,1.8,1.7741,1.785,2150,2020-10-02 14:40:00,PAVM
1.78,1.78,1.78,1.78,1200,2020-10-02 14:45:00,PAVM
1.79,1.79,1.79,1.79,100,2020-10-02 14:50:00,PAVM
1.7999,1.7999,1.7889,1.7891,6266,2020-10-02 14:55:00,PAVM
1.8,1.8,1.78,1.795,7035,2020-10-02 15:00:00,PAVM
1.79,1.7901,1.79,1.7901,200,2020-10-02 15:05:00,PAVM
1.7952,1.81,1.7798,1.79,11629,2020-10-02 15:10:00,PAVM
1.8,1.81,1.7951,1.8,6400,2020-10-02 15:15:00,PAVM
1.79,1.81,1.79,1.79,1500,2020-10-02 15:20:00,PAVM
1.795,1.81,1.7901,1.8,3634,2020-10-02 15:25:00,PAVM
1.79,1.81,1.79,1.81,25106,2020-10-02 15:30:00,PAVM
1.81,1.82,1.79,1.82,28643,2020-10-02 15:35:00,PAVM
1.79,1.81,1.79,1.81,1900,2020-10-02 15:45:00,PAVM
1.79,1.81,1.79,1.8,6900,2020-10-02 15:50:00,PAVM
1.79,1.79,1.79,1.79,200,2020-10-02 16:00:00,PAVM
1.795,1.795,1.795,1.795,200,2020-10-02 16:05:00,PAVM
1.7992,1.8,1.7992,1.8,1900,2020-10-02 16:10:00,PAVM
1.795,1.8,1.79,1.7911,1363,2020-10-02 16:20:00,PAVM
1.7961,1.8,1.795,1.8,400,2020-10-02 16:30:00,PAVM
1.7916,1.82,1.7916,1.82,25487,2020-10-02 16:35:00,PAVM
1.81,1.83,1.81,1.83,17039,2020-10-02 16:40:00,PAVM
1.81,1.84,1.8,1.82,13818,2020-10-02 16:50:00,PAVM
1.82,1.83,1.81,1.81,4569,2020-10-02 16:55:00,PAVM
1.815,1.815,1.815,1.815,1000,2020-10-02 17:00:00,PAVM
1.815,1.815,1.815,1.815,500,2020-10-02 17:05:00,PAVM
1.815,1.815,1.815,1.815,100,2020-10-02 17:10:00,PAVM
1.82,1.84,1.82,1.8399,44601,2020-10-02 17:15:00,PAVM
1.84,1.87,1.83,1.85,44257,2020-10-02 17:20:00,PAVM
1.85,1.87,1.85,1.87,7300,2020-10-02 17:25:00,PAVM
1.8651,1.87,1.8651,1.87,600,2020-10-02 17:35:00,PAVM
1.87,1.87,1.84,1.85,3200,2020-10-02 17:40:00,PAVM
1.8411,1.87,1.8411,1.87,1800,2020-10-02 17:45:00,PAVM
1.8435,1.87,1.8435,1.86,13954,2020-10-02 17:50:00,PAVM
1.86,1.88,1.84,1.84,18480,2020-10-02 17:55:00,PAVM
1.85,1.86,1.83,1.83,5992,2020-10-02 18:00:00,PAVM
1.82,1.82,1.82,1.82,400,2020-10-02 18:10:00,PAVM
1.8398,1.8398,1.8398,1.8398,125,2020-10-02 18:15:00,PAVM
1.8128,1.83,1.8,1.83,4500,2020-10-02 18:30:00,PAVM
1.8001,1.83,1.8001,1.83,4406,2020-10-02 18:35:00,PAVM
1.8159,1.83,1.815,1.83,425,2020-10-02 18:40:00,PAVM
1.81,1.84,1.8,1.84,9041,2020-10-02 18:45:00,PAVM
1.8159,1.84,1.8159,1.84,1600,2020-10-02 18:50:00,PAVM
1.83,1.83,1.805,1.83,1806,2020-10-02 19:05:00,PAVM
1.825,1.825,1.825,1.825,200,2020-10-02 19:10:00,PAVM
1.825,1.825,1.825,1.825,100,2020-10-02 19:15:00,PAVM
1.825,1.84,1.825,1.84,2898,2020-10-02 19:30:00,PAVM
1.84,1.86,1.84,1.86,15430,2020-10-02 19:35:00,PAVM
1.86,1.86,1.86,1.86,2400,2020-10-02 19:40:00,PAVM
1.86,1.87,1.86,1.86,5090,2020-10-02 19:45:00,PAVM
1.86,1.88,1.85,1.85,30827,2020-10-02 19:50:00,PAVM
1.87,1.87,1.85,1.85,19414,2020-10-02 19:55:00,PAVM
1.86,1.86,1.86,1.86,12921,2020-10-02 20:00:00,PAVM
1.89,1.89,1.89,1.89,1000,2020-10-02 22:40:00,PAVM
1.77,1.77,1.77,1.77,100,2020-10-05 11:00:00,PAVM
1.89,1.89,1.89,1.89,500,2020-10-05 12:35:00,PAVM
1.89,1.89,1.89,1.89,212,2020-10-05 13:00:00,PAVM
1.85,1.878,1.85,1.878,13599,2020-10-05 13:30:00,PAVM
1.8798,1.88,1.86,1.8687,2098,2020-10-05 13:35:00,PAVM
1.87,1.88,1.87,1.88,2350,2020-10-05 13:40:00,PAVM
1.8681,1.87,1.8681,1.8699,600,2020-10-05 13:45:00,PAVM
1.862,1.8799,1.862,1.875,2750,2020-10-05 13:50:00,PAVM
1.87,1.88,1.87,1.87,15922,2020-10-05 13:55:00,PAVM
1.8708,1.875,1.87,1.875,3370,2020-10-05 14:00:00,PAVM
1.8795,1.8795,1.87,1.8795,2300,2020-10-05 14:10:00,PAVM
1.8798,1.88,1.875,1.875,1100,2020-10-05 14:15:00,PAVM
1.8781,1.88,1.8781,1.88,1100,2020-10-05 14:20:00,PAVM
1.89,1.89,1.885,1.8885,600,2020-10-05 14:25:00,PAVM
1.8888,1.8898,1.88,1.885,12597,2020-10-05 14:30:00,PAVM
1.8819,1.8889,1.8819,1.885,700,2020-10-05 14:35:00,PAVM
1.89,1.89,1.89,1.89,100,2020-10-05 14:40:00,PAVM
1.885,1.885,1.885,1.885,265,2020-10-05 14:45:00,PAVM
1.8861,1.9,1.885,1.895,7029,2020-10-05 14:50:00,PAVM
1.8981,1.8981,1.895,1.895,300,2020-10-05 14:55:00,PAVM
1.8989,1.9,1.895,1.895,6410,2020-10-05 15:00:00,PAVM
1.8901,1.9,1.8901,1.895,1500,2020-10-05 15:05:00,PAVM
1.9,1.9,1.89,1.895,705,2020-10-05 15:10:00,PAVM
1.8941,1.895,1.8941,1.895,600,2020-10-05 15:15:00,PAVM
1.9,1.9,1.89,1.8989,14600,2020-10-05 15:25:00,PAVM
1.895,1.9,1.895,1.9,3200,2020-10-05 15:30:00,PAVM
1.9,1.93,1.9,1.93,25051,2020-10-05 15:35:00,PAVM
1.9228,1.9228,1.92,1.92,600,2020-10-05 15:40:00,PAVM
1.925,1.94,1.92,1.9345,7865,2020-10-05 15:45:00,PAVM
1.93,1.93,1.92,1.9274,1365,2020-10-05 15:50:00,PAVM
1.93,1.935,1.92,1.935,2650,2020-10-05 15:55:00,PAVM
1.9357,1.9392,1.91,1.92,4507,2020-10-05 16:00:00,PAVM
1.9269,1.9269,1.9,1.9,700,2020-10-05 16:05:00,PAVM
1.9144,1.9178,1.9,1.9178,2103,2020-10-05 16:10:00,PAVM
1.9187,1.9187,1.9,1.9,800,2020-10-05 16:15:00,PAVM
1.9188,1.92,1.9,1.92,700,2020-10-05 16:20:00,PAVM
1.9299,1.9299,1.9,1.9,200,2020-10-05 16:25:00,PAVM
1.9257,1.9262,1.9,1.9,1409,2020-10-05 16:30:00,PAVM
1.9,1.9,1.9,1.9,4000,2020-10-05 16:45:00,PAVM
1.9035,1.917,1.9,1.917,2000,2020-10-05 16:55:00,PAVM
1.9,1.9,1.9,1.9,100,2020-10-05 17:00:00,PAVM
1.9192,1.9192,1.9192,1.9192,1200,2020-10-05 17:15:00,PAVM
1.9199,1.9199,1.91,1.91,7035,2020-10-05 17:25:00,PAVM
1.9199,1.9199,1.91,1.91,4600,2020-10-05 17:30:00,PAVM
1.915,1.9181,1.91,1.91,800,2020-10-05 17:40:00,PAVM
1.91,1.91,1.91,1.91,600,2020-10-05 17:45:00,PAVM
1.91,1.91,1.91,1.91,100,2020-10-05 17:50:00,PAVM
1.915,1.915,1.91,1.91,200,2020-10-05 17:55:00,PAVM
1.9111,1.9111,1.9111,1.9111,200,2020-10-05 18:00:00,PAVM
1.915,1.915,1.915,1.915,100,2020-10-05 18:15:00,PAVM
1.92,1.92,1.91,1.91,439,2020-10-05 18:30:00,PAVM
1.93,1.93,1.93,1.93,2645,2020-10-05 18:40:00,PAVM
1.93,1.93,1.92,1.925,1650,2020-10-05 18:45:00,PAVM
1.925,1.925,1.925,1.925,156,2020-10-05 18:50:00,PAVM
1.925,1.927,1.92,1.92,800,2020-10-05 18:55:00,PAVM
1.92,1.92,1.92,1.92,325,2020-10-05 19:00:00,PAVM
1.9278,1.93,1.91,1.91,15932,2020-10-05 19:05:00,PAVM
1.9101,1.93,1.91,1.93,1300,2020-10-05 19:15:00,PAVM
1.93,1.93,1.91,1.91,12800,2020-10-05 19:25:00,PAVM
1.93,1.93,1.91,1.9125,1500,2020-10-05 19:30:00,PAVM
1.915,1.94,1.915,1.92,8500,2020-10-05 19:35:00,PAVM
1.92,1.94,1.92,1.94,200,2020-10-05 19:40:00,PAVM
1.93,1.94,1.92,1.93,19459,2020-10-05 19:45:00,PAVM
1.94,1.94,1.93,1.94,8524,2020-10-05 19:50:00,PAVM
1.935,1.94,1.925,1.935,17296,2020-10-05 19:55:00,PAVM
1.93,1.93,1.93,1.93,12249,2020-10-05 20:00:00,PAVM
1.88,1.88,1.88,1.88,450,2020-10-05 20:10:00,PAVM
1.93,1.93,1.93,1.93,499,2020-10-05 22:45:00,PAVM
1.93,1.93,1.93,1.93,500,2020-10-06 12:10:00,PAVM
1.93,1.93,1.9142,1.9142,3466,2020-10-06 13:30:00,PAVM
1.9139,1.93,1.91,1.913,2084,2020-10-06 13:35:00,PAVM
1.911,1.94,1.9,1.94,10094,2020-10-06 13:40:00,PAVM
1.9262,1.93,1.91,1.93,2280,2020-10-06 13:45:00,PAVM
1.92,1.92,1.92,1.92,100,2020-10-06 13:50:00,PAVM
1.92,1.92,1.92,1.92,100,2020-10-06 13:55:00,PAVM
1.9161,1.9161,1.9161,1.9161,200,2020-10-06 14:00:00,PAVM
1.91,1.915,1.91,1.91,340,2020-10-06 14:05:00,PAVM
1.92,1.94,1.92,1.93,15334,2020-10-06 14:10:00,PAVM
1.93,1.94,1.92,1.93,4900,2020-10-06 14:15:00,PAVM
1.935,1.94,1.935,1.94,200,2020-10-06 14:20:00,PAVM
1.935,1.935,1.92,1.92,890,2020-10-06 14:25:00,PAVM
1.9213,1.93,1.92,1.93,1650,2020-10-06 14:30:00,PAVM
1.93,1.93,1.92,1.92,200,2020-10-06 14:35:00,PAVM
1.9305,1.94,1.91,1.925,7438,2020-10-06 14:40:00,PAVM
1.9212,1.94,1.91,1.94,4850,2020-10-06 14:45:00,PAVM
1.93,1.94,1.93,1.935,3281,2020-10-06 14:50:00,PAVM
1.9399,1.95,1.93,1.95,7696,2020-10-06 14:55:00,PAVM
1.93,1.93,1.93,1.93,500,2020-10-06 15:00:00,PAVM
1.94,1.94,1.94,1.94,350,2020-10-06 15:05:00,PAVM
1.94,1.95,1.9103,1.92,25358,2020-10-06 15:10:00,PAVM
1.93,1.93,1.93,1.93,100,2020-10-06 15:15:00,PAVM
1.923,1.94,1.92,1.94,600,2020-10-06 15:25:00,PAVM
1.93,1.95,1.9248,1.94,5090,2020-10-06 15:30:00,PAVM
1.93,1.93,1.92,1.92,638,2020-10-06 15:35:00,PAVM
1.9216,1.94,1.91,1.91,2921,2020-10-06 15:40:00,PAVM
1.9223,1.94,1.91,1.91,2823,2020-10-06 15:45:00,PAVM
1.9104,1.94,1.91,1.91,5774,2020-10-06 15:50:00,PAVM
1.9103,1.93,1.91,1.91,500,2020-10-06 15:55:00,PAVM
1.92,1.94,1.92,1.94,5100,2020-10-06 16:00:00,PAVM
1.935,1.935,1.93,1.93,300,2020-10-06 16:05:00,PAVM
1.935,1.935,1.935,1.935,200,2020-10-06 16:10:00,PAVM
1.94,1.94,1.935,1.94,1237,2020-10-06 16:25:00,PAVM
1.94,1.94,1.935,1.935,684,2020-10-06 16:30:00,PAVM
1.935,1.94,1.93,1.93,2450,2020-10-06 16:40:00,PAVM
1.94,1.94,1.94,1.94,200,2020-10-06 16:45:00,PAVM
1.94,1.95,1.93,1.93,1600,2020-10-06 16:50:00,PAVM
1.9348,1.94,1.9348,1.935,400,2020-10-06 16:55:00,PAVM
1.93,1.94,1.93,1.94,300,2020-10-06 17:00:00,PAVM
1.94,1.94,1.93,1.94,4835,2020-10-06 17:10:00,PAVM
1.9403,1.95,1.93,1.93,1303,2020-10-06 17:15:00,PAVM
1.93,1.935,1.93,1.935,1626,2020-10-06 17:30:00,PAVM
1.9322,1.9322,1.93,1.93,600,2020-10-06 17:35:00,PAVM
1.94,1.95,1.93,1.93,9615,2020-10-06 17:40:00,PAVM
1.94,1.95,1.933,1.94,1047,2020-10-06 17:45:00,PAVM
1.95,1.95,1.93,1.93,2000,2020-10-06 17:50:00,PAVM
1.95,1.95,1.91,1.93,3695,2020-10-06 17:55:00,PAVM
1.925,1.935,1.92,1.935,1150,2020-10-06 18:00:00,PAVM
1.9301,1.95,1.92,1.95,3600,2020-10-06 18:05:00,PAVM
1.9471,1.95,1.92,1.943,1500,2020-10-06 18:10:00,PAVM
1.95,1.95,1.92,1.93,850,2020-10-06 18:15:00,PAVM
1.9311,1.95,1.92,1.95,1365,2020-10-06 18:20:00,PAVM
1.94,1.94,1.93,1.94,500,2020-10-06 18:25:00,PAVM
1.94,1.95,1.94,1.95,300,2020-10-06 18:30:00,PAVM
1.93,1.94,1.93,1.93,2395,2020-10-06 18:40:00,PAVM
1.9321,1.94,1.93,1.93,1300,2020-10-06 18:45:00,PAVM
1.93,1.94,1.91,1.91,5132,2020-10-06 18:50:00,PAVM
1.91,1.92,1.9,1.9,23375,2020-10-06 18:55:00,PAVM
1.91,1.9139,1.87,1.89,24665,2020-10-06 19:00:00,PAVM
1.9,1.92,1.9,1.903,834,2020-10-06 19:05:00,PAVM
1.94,1.94,1.9,1.9,600,2020-10-06 19:10:00,PAVM
1.9,1.93,1.9,1.91,900,2020-10-06 19:15:00,PAVM
1.9341,1.94,1.9,1.92,3851,2020-10-06 19:20:00,PAVM
1.9095,1.9333,1.9,1.91,1194,2020-10-06 19:25:00,PAVM
1.9293,1.94,1.9,1.9,3475,2020-10-06 19:30:00,PAVM
1.91,1.91,1.89,1.905,700,2020-10-06 19:35:00,PAVM
1.92,1.92,1.9,1.9,580,2020-10-06 19:40:00,PAVM
1.9,1.93,1.9,1.915,21309,2020-10-06 19:45:00,PAVM
1.915,1.915,1.91,1.91,800,2020-10-06 19:50:00,PAVM
1.92,1.92,1.91,1.915,5491,2020-10-06 19:55:00,PAVM
1.91,1.91,1.91,1.91,10489,2020-10-06 20:00:00,PAVM
1.9,1.9,1.9,1.9,4500,2020-10-06 23:40:00,PAVM
1.9,1.9,1.9,1.9,1000,2020-10-06 23:50:00,PAVM
1.91,1.92,1.91,1.9186,3704,2020-10-07 13:30:00,PAVM
1.915,1.92,1.915,1.92,2990,2020-10-07 13:40:00,PAVM
1.9149,1.93,1.9149,1.93,9098,2020-10-07 13:45:00,PAVM
1.93,1.93,1.925,1.925,300,2020-10-07 13:50:00,PAVM
1.93,1.93,1.93,1.93,100,2020-10-07 14:00:00,PAVM
1.925,1.93,1.925,1.93,400,2020-10-07 14:05:00,PAVM
1.925,1.925,1.925,1.925,100,2020-10-07 14:10:00,PAVM
1.92,1.92,1.92,1.92,100,2020-10-07 14:15:00,PAVM
1.92,1.925,1.92,1.92,1450,2020-10-07 14:20:00,PAVM
1.925,1.93,1.91,1.91,3400,2020-10-07 14:25:00,PAVM
1.92,1.93,1.9142,1.93,1000,2020-10-07 14:30:00,PAVM
1.93,1.94,1.92,1.93,16787,2020-10-07 14:35:00,PAVM
1.935,1.95,1.93,1.95,21198,2020-10-07 14:40:00,PAVM
1.9322,1.9405,1.9322,1.9405,2200,2020-10-07 14:45:00,PAVM
1.95,1.96,1.93,1.945,6598,2020-10-07 14:50:00,PAVM
1.94,1.94,1.94,1.94,100,2020-10-07 14:55:00,PAVM
1.94,1.95,1.94,1.945,5947,2020-10-07 15:00:00,PAVM
1.94,1.94,1.93,1.935,4335,2020-10-07 15:05:00,PAVM
1.94,1.94,1.935,1.935,300,2020-10-07 15:10:00,PAVM
1.935,1.94,1.93,1.94,5238,2020-10-07 15:15:00,PAVM
1.94,1.95,1.93,1.935,3691,2020-10-07 15:20:00,PAVM
1.935,1.935,1.935,1.935,100,2020-10-07 15:25:00,PAVM
1.9355,1.94,1.93,1.93,2900,2020-10-07 15:30:00,PAVM
1.93,1.935,1.93,1.935,650,2020-10-07 15:40:00,PAVM
1.9325,1.94,1.93,1.93,3440,2020-10-07 15:45:00,PAVM
1.93,1.94,1.92,1.92,14169,2020-10-07 16:00:00,PAVM
1.94,1.94,1.92,1.92,200,2020-10-07 16:10:00,PAVM
1.92,1.925,1.92,1.925,500,2020-10-07 16:20:00,PAVM
1.9222,1.925,1.92,1.925,2316,2020-10-07 16:25:00,PAVM
1.925,1.93,1.92,1.93,3931,2020-10-07 16:30:00,PAVM
1.9227,1.94,1.9227,1.94,202,2020-10-07 16:35:00,PAVM
1.94,1.94,1.92,1.93,1000,2020-10-07 16:40:00,PAVM
1.93,1.94,1.92,1.92,23400,2020-10-07 16:45:00,PAVM
1.925,1.925,1.91,1.91,207,2020-10-07 16:50:00,PAVM
1.925,1.937,1.925,1.93,507,2020-10-07 16:55:00,PAVM
1.9271,1.93,1.92,1.92,1300,2020-10-07 17:00:00,PAVM
1.93,1.94,1.92,1.92,2200,2020-10-07 17:05:00,PAVM
1.92,1.94,1.92,1.92,1831,2020-10-07 17:15:00,PAVM
1.93,1.94,1.93,1.94,215,2020-10-07 17:20:00,PAVM
1.9227,1.94,1.92,1.94,3900,2020-10-07 17:30:00,PAVM
1.9269,1.94,1.92,1.92,1200,2020-10-07 17:40:00,PAVM
1.94,1.94,1.9,1.92,5232,2020-10-07 17:45:00,PAVM
1.92,1.92,1.9,1.9,13000,2020-10-07 17:50:00,PAVM
1.91,1.92,1.91,1.9102,1441,2020-10-07 17:55:00,PAVM
1.92,1.94,1.91,1.92,2424,2020-10-07 18:10:00,PAVM
1.92,1.92,1.91,1.92,900,2020-10-07 18:15:00,PAVM
1.93,1.93,1.93,1.93,100,2020-10-07 18:20:00,PAVM
1.92,1.94,1.92,1.93,1500,2020-10-07 18:25:00,PAVM
1.92,1.92,1.91,1.91,700,2020-10-07 18:30:00,PAVM
1.91,1.9101,1.9,1.91,1299,2020-10-07 18:40:00,PAVM
1.917,1.92,1.91,1.92,1203,2020-10-07 18:50:00,PAVM
1.91,1.92,1.88,1.905,13121,2020-10-07 18:55:00,PAVM
1.8939,1.91,1.89,1.91,700,2020-10-07 19:00:00,PAVM
1.8901,1.92,1.89,1.92,1900,2020-10-07 19:05:00,PAVM
1.905,1.9199,1.905,1.905,300,2020-10-07 19:10:00,PAVM
1.8902,1.8902,1.8902,1.8902,100,2020-10-07 19:15:00,PAVM
1.92,1.92,1.905,1.905,200,2020-10-07 19:20:00,PAVM
1.91,1.91,1.9,1.9,500,2020-10-07 19:25:00,PAVM
1.905,1.92,1.89,1.9,9400,2020-10-07 19:30:00,PAVM
1.9148,1.9187,1.9,1.9178,2000,2020-10-07 19:35:00,PAVM
1.9,1.9,1.88,1.895,4625,2020-10-07 19:40:00,PAVM
1.91,1.91,1.8902,1.8902,1200,2020-10-07 19:45:00,PAVM
1.89,1.91,1.89,1.91,1996,2020-10-07 19:50:00,PAVM
1.91,1.91,1.9,1.9,4657,2020-10-07 19:55:00,PAVM
1.91,1.91,1.91,1.91,14554,2020-10-07 20:00:00,PAVM
1.88,1.88,1.88,1.88,2000,2020-10-07 20:30:00,PAVM
1.92,1.92,1.92,1.92,500,2020-10-08 13:00:00,PAVM
1.92,1.924,1.91,1.91,1299,2020-10-08 13:30:00,PAVM
1.92,1.92,1.91,1.9115,2555,2020-10-08 13:35:00,PAVM
1.92,1.92,1.9186,1.9186,765,2020-10-08 13:40:00,PAVM
1.9217,1.9217,1.91,1.91,501,2020-10-08 13:45:00,PAVM
1.9134,1.93,1.91,1.92,4850,2020-10-08 13:50:00,PAVM
1.9111,1.93,1.9111,1.93,550,2020-10-08 13:55:00,PAVM
1.9299,1.93,1.92,1.93,6604,2020-10-08 14:00:00,PAVM
1.9189,1.9189,1.9189,1.9189,100,2020-10-08 14:20:00,PAVM
1.92,1.92,1.92,1.92,700,2020-10-08 14:30:00,PAVM
1.92,1.92,1.92,1.92,215,2020-10-08 14:35:00,PAVM
1.93,1.93,1.92,1.925,3100,2020-10-08 14:50:00,PAVM
1.935,1.94,1.935,1.94,200,2020-10-08 14:55:00,PAVM
1.93,1.93,1.92,1.93,5500,2020-10-08 15:00:00,PAVM
1.93,1.93,1.925,1.93,400,2020-10-08 15:05:00,PAVM
1.925,1.925,1.925,1.925,600,2020-10-08 15:10:00,PAVM
1.93,1.93,1.925,1.925,300,2020-10-08 15:25:00,PAVM
1.925,1.93,1.925,1.93,300,2020-10-08 15:30:00,PAVM
1.9299,1.93,1.925,1.93,1800,2020-10-08 15:35:00,PAVM
1.925,1.925,1.925,1.925,200,2020-10-08 15:40:00,PAVM
1.925,1.93,1.92,1.9201,400,2020-10-08 15:45:00,PAVM
1.92,1.93,1.91,1.92,22189,2020-10-08 15:50:00,PAVM
1.91,1.91,1.91,1.91,200,2020-10-08 15:55:00,PAVM
1.91,1.9277,1.91,1.9277,200,2020-10-08 16:00:00,PAVM
1.9156,1.93,1.91,1.91,5700,2020-10-08 16:05:00,PAVM
1.91,1.93,1.91,1.92,3688,2020-10-08 16:15:00,PAVM
1.91,1.91,1.91,1.91,100,2020-10-08 16:20:00,PAVM
1.9122,1.9122,1.9122,1.9122,100,2020-10-08 16:25:00,PAVM
1.92,1.92,1.92,1.92,700,2020-10-08 16:30:00,PAVM
1.929,1.93,1.92,1.93,7254,2020-10-08 16:35:00,PAVM
1.921,1.94,1.92,1.93,14400,2020-10-08 16:45:00,PAVM
1.93,1.93,1.93,1.93,100,2020-10-08 16:50:00,PAVM
1.9282,1.9282,1.9282,1.9282,140,2020-10-08 16:55:00,PAVM
1.9264,1.93,1.92,1.92,866,2020-10-08 17:00:00,PAVM
1.94,1.94,1.92,1.92,200,2020-10-08 17:05:00,PAVM
1.925,1.93,1.925,1.93,500,2020-10-08 17:15:00,PAVM
1.92,1.93,1.92,1.92,800,2020-10-08 17:20:00,PAVM
1.925,1.93,1.92,1.93,1500,2020-10-08 17:25:00,PAVM
1.9289,1.93,1.92,1.925,2284,2020-10-08 17:30:00,PAVM
1.925,1.93,1.92,1.93,300,2020-10-08 17:35:00,PAVM
1.925,1.93,1.92,1.92,1978,2020-10-08 17:40:00,PAVM
1.94,1.94,1.92,1.92,800,2020-10-08 17:45:00,PAVM
1.94,1.94,1.94,1.94,116,2020-10-08 17:50:00,PAVM
1.9387,1.94,1.92,1.94,2931,2020-10-08 17:55:00,PAVM
1.9355,1.94,1.92,1.92,14064,2020-10-08 18:05:00,PAVM
1.92,1.92,1.92,1.92,200,2020-10-08 18:10:00,PAVM
1.93,1.93,1.93,1.93,100,2020-10-08 18:15:00,PAVM
1.92,1.92,1.92,1.92,100,2020-10-08 18:20:00,PAVM
1.94,1.94,1.92,1.94,2900,2020-10-08 18:25:00,PAVM
1.94,1.94,1.94,1.94,100,2020-10-08 18:30:00,PAVM
1.9205,1.94,1.92,1.94,3668,2020-10-08 18:35:00,PAVM
1.92,1.92,1.92,1.92,100,2020-10-08 18:40:00,PAVM
1.9303,1.94,1.92,1.92,4100,2020-10-08 18:50:00,PAVM
1.9399,1.94,1.92,1.93,6000,2020-10-08 18:55:00,PAVM
1.925,1.94,1.92,1.93,2734,2020-10-08 19:00:00,PAVM
1.92,1.94,1.92,1.93,7046,2020-10-08 19:05:00,PAVM
1.93,1.93,1.93,1.93,111,2020-10-08 19:10:00,PAVM
1.9222,1.93,1.9222,1.93,587,2020-10-08 19:20:00,PAVM
1.93,1.94,1.92,1.93,626,2020-10-08 19:25:00,PAVM
1.93,1.94,1.92,1.93,13666,2020-10-08 19:30:00,PAVM
1.92,1.92,1.92,1.92,200,2020-10-08 19:40:00,PAVM
1.93,1.94,1.92,1.925,2418,2020-10-08 19:45:00,PAVM
1.93,1.93,1.92,1.93,300,2020-10-08 19:50:00,PAVM
1.93,1.93,1.92,1.93,4552,2020-10-08 19:55:00,PAVM
1.92,1.92,1.92,1.92,8446,2020-10-08 20:00:00,PAVM
1.91,1.91,1.89,1.89,4502,2020-10-08 20:50:00,PAVM
1.94,1.96,1.94,1.96,300,2020-10-09 12:35:00,PAVM
1.94,1.94,1.94,1.94,100,2020-10-09 13:05:00,PAVM
1.94,1.94,1.94,1.94,100,2020-10-09 13:15:00,PAVM
1.92,1.92,1.92,1.92,200,2020-10-09 13:20:00,PAVM
1.95,1.95,1.95,1.95,700,2020-10-09 13:25:00,PAVM
1.93,1.93,1.9229,1.93,8130,2020-10-09 13:30:00,PAVM
1.925,1.9289,1.92,1.92,1800,2020-10-09 13:35:00,PAVM
1.92,1.93,1.91,1.93,10262,2020-10-09 13:40:00,PAVM
1.92,1.93,1.92,1.93,1571,2020-10-09 13:45:00,PAVM
1.9256,1.94,1.88,1.92,26253,2020-10-09 13:50:00,PAVM
1.92,1.92,1.92,1.92,100,2020-10-09 13:55:00,PAVM
1.9,1.93,1.9,1.93,600,2020-10-09 14:05:00,PAVM
1.91,1.94,1.91,1.94,8463,2020-10-09 14:10:00,PAVM
1.92,1.92,1.92,1.92,1000,2020-10-09 14:15:00,PAVM
1.93,1.93,1.93,1.93,100,2020-10-09 14:35:00,PAVM
1.94,1.94,1.93,1.94,500,2020-10-09 14:45:00,PAVM
1.93,1.93,1.93,1.93,100,2020-10-09 14:50:00,PAVM
1.93,1.94,1.92,1.92,1850,2020-10-09 14:55:00,PAVM
1.9314,1.94,1.92,1.94,2506,2020-10-09 15:05:00,PAVM
1.94,1.95,1.92,1.9452,19844,2020-10-09 15:20:00,PAVM
1.94,1.94,1.94,1.94,300,2020-10-09 15:25:00,PAVM
1.92,1.923,1.92,1.923,766,2020-10-09 15:30:00,PAVM
1.935,1.935,1.92,1.92,200,2020-10-09 15:35:00,PAVM
1.935,1.935,1.92,1.92,200,2020-10-09 15:40:00,PAVM
1.95,1.95,1.92,1.95,1500,2020-10-09 15:55:00,PAVM
1.92,1.925,1.92,1.925,400,2020-10-09 16:20:00,PAVM
1.92,1.95,1.92,1.935,6457,2020-10-09 16:25:00,PAVM
1.95,1.95,1.92,1.92,2900,2020-10-09 16:30:00,PAVM
1.93,1.95,1.91,1.93,21833,2020-10-09 16:35:00,PAVM
1.92,1.94,1.92,1.93,1200,2020-10-09 16:40:00,PAVM
1.94,1.94,1.94,1.94,600,2020-10-09 16:45:00,PAVM
1.94,1.94,1.92,1.93,1000,2020-10-09 16:50:00,PAVM
1.94,1.94,1.94,1.94,600,2020-10-09 16:55:00,PAVM
1.94,1.95,1.92,1.94,17621,2020-10-09 17:00:00,PAVM
1.9388,1.98,1.93,1.98,60764,2020-10-09 17:05:00,PAVM
1.98,2.02,1.9798,1.9898,54411,2020-10-09 17:10:00,PAVM
1.9876,2.0,1.98,1.98,14520,2020-10-09 17:15:00,PAVM
2.0,2.07,1.99,2.03,144348,2020-10-09 17:20:00,PAVM
2.04,2.06,2.02,2.03,29286,2020-10-09 17:25:00,PAVM
2.03,2.04,2.0,2.03,71505,2020-10-09 17:30:00,PAVM
2.03,2.06,2.03,2.03,38056,2020-10-09 17:35:00,PAVM
2.0398,2.05,2.03,2.03,7903,2020-10-09 17:40:00,PAVM
2.0437,2.0437,2.0,2.03,36706,2020-10-09 17:45:00,PAVM
2.025,2.04,2.02,2.03,15339,2020-10-09 17:50:00,PAVM
2.04,2.06,2.04,2.05,11389,2020-10-09 17:55:00,PAVM
2.05,2.06,2.01,2.0381,77995,2020-10-09 18:00:00,PAVM
2.03,2.05,2.03,2.05,17740,2020-10-09 18:05:00,PAVM
2.045,2.05,2.04,2.04,2944,2020-10-09 18:10:00,PAVM
2.05,2.05,2.01,2.02,20351,2020-10-09 18:15:00,PAVM
2.025,2.05,2.02,2.03,30152,2020-10-09 18:20:00,PAVM
2.04,2.05,2.03,2.04,1825,2020-10-09 18:25:00,PAVM
2.043,2.06,2.03,2.03,40885,2020-10-09 18:30:00,PAVM
2.03,2.04,2.02,2.02,6421,2020-10-09 18:35:00,PAVM
2.02,2.0355,2.01,2.0289,20278,2020-10-09 18:40:00,PAVM
2.025,2.05,2.01,2.02,22594,2020-10-09 18:45:00,PAVM
2.02,2.03,2.02,2.025,6700,2020-10-09 18:50:00,PAVM
2.04,2.07,2.03,2.06,17497,2020-10-09 18:55:00,PAVM
2.06,2.07,2.035,2.04,2427,2020-10-09 19:00:00,PAVM
2.045,2.07,2.03,2.03,10500,2020-10-09 19:05:00,PAVM
2.047,2.06,2.03,2.0482,15079,2020-10-09 19:10:00,PAVM
2.0301,2.08,2.0301,2.04,30593,2020-10-09 19:15:00,PAVM
2.05,2.06,2.04,2.06,9192,2020-10-09 19:20:00,PAVM
2.06,2.0695,2.04,2.06,33324,2020-10-09 19:25:00,PAVM
2.06,2.07,2.05,2.06,7986,2020-10-09 19:30:00,PAVM
2.06,2.07,2.03,2.06,27477,2020-10-09 19:35:00,PAVM
2.0571,2.0571,2.02,2.02,22243,2020-10-09 19:40:00,PAVM
2.02,2.04,2.02,2.03,16297,2020-10-09 19:45:00,PAVM
2.0289,2.03,2.0,2.01,92288,2020-10-09 19:50:00,PAVM
2.0273,2.05,2.01,2.03,14762,2020-10-09 19:55:00,PAVM
2.04,2.04,2.04,2.04,7302,2020-10-09 20:00:00,PAVM
2.06,2.06,2.06,2.06,350,2020-10-09 20:25:00,PAVM
2.04,2.0401,2.04,2.0401,5124,2020-10-09 20:30:00,PAVM
2.04,2.04,2.04,2.04,250,2020-10-09 20:55:00,PAVM
2.0627,2.0627,2.0627,2.0627,1000,2020-10-09 21:10:00,PAVM
2.04,2.04,2.04,2.04,2500,2020-10-09 21:20:00,PAVM
2.04,2.04,2.04,2.04,200,2020-10-09 21:55:00,PAVM
2.05,2.05,2.05,2.05,950,2020-10-12 12:55:00,PAVM
2.0797,2.08,2.0797,2.08,3000,2020-10-12 13:00:00,PAVM
2.0601,2.0601,2.06,2.06,542,2020-10-12 13:10:00,PAVM
2.08,2.1,2.08,2.1,901,2020-10-12 13:15:00,PAVM
2.0998,2.1,2.08,2.1,15530,2020-10-12 13:25:00,PAVM
2.09,2.12,2.072,2.1117,73290,2020-10-12 13:30:00,PAVM
2.1096,2.1399,2.1038,2.1274,53285,2020-10-12 13:35:00,PAVM
2.1251,2.13,2.1,2.11,32754,2020-10-12 13:40:00,PAVM
2.1024,2.12,2.1,2.11,10854,2020-10-12 13:45:00,PAVM
2.1178,2.12,2.09,2.1,22631,2020-10-12 13:50:00,PAVM
2.11,2.11,2.08,2.08,11259,2020-10-12 13:55:00,PAVM
2.08,2.09,2.07,2.075,9479,2020-10-12 14:00:00,PAVM
2.075,2.08,2.07,2.07,3479,2020-10-12 14:05:00,PAVM
2.07,2.095,2.07,2.095,8154,2020-10-12 14:10:00,PAVM
2.1,2.105,2.09,2.09,26250,2020-10-12 14:15:00,PAVM
2.0987,2.1,2.085,2.09,19715,2020-10-12 14:20:00,PAVM
2.095,2.095,2.07,2.07,27455,2020-10-12 14:25:00,PAVM
2.0799,2.0799,2.04,2.045,43816,2020-10-12 14:30:00,PAVM
2.05,2.06,2.04,2.05,9322,2020-10-12 14:35:00,PAVM
2.05,2.0599,2.05,2.05,550,2020-10-12 14:40:00,PAVM
2.05,2.075,2.04,2.05,24076,2020-10-12 14:45:00,PAVM
2.0645,2.0645,2.0645,2.0645,100,2020-10-12 14:50:00,PAVM
2.05,2.0699,2.05,2.05,2100,2020-10-12 14:55:00,PAVM
2.06,2.06,2.05,2.0502,2610,2020-10-12 15:00:00,PAVM
2.06,2.06,2.0524,2.055,5330,2020-10-12 15:05:00,PAVM
2.0505,2.0599,2.05,2.055,2408,2020-10-12 15:10:00,PAVM
2.05,2.06,2.05,2.055,3637,2020-10-12 15:15:00,PAVM
2.0581,2.0581,2.01,2.01,43128,2020-10-12 15:20:00,PAVM
2.01,2.05,2.01,2.02,2198,2020-10-12 15:25:00,PAVM
2.02,2.0399,2.02,2.0399,4000,2020-10-12 15:30:00,PAVM
2.0332,2.0332,2.03,2.03,725,2020-10-12 15:35:00,PAVM
2.03,2.04,2.03,2.04,448,2020-10-12 15:40:00,PAVM
2.035,2.035,2.02,2.02,2540,2020-10-12 15:45:00,PAVM
2.04,2.04,2.02,2.02,6900,2020-10-12 15:50:00,PAVM
2.0337,2.037,2.02,2.037,800,2020-10-12 15:55:00,PAVM
2.02,2.027,2.01,2.027,10725,2020-10-12 16:00:00,PAVM
2.0171,2.0282,2.0,2.01,16478,2020-10-12 16:05:00,PAVM
2.01,2.02,2.0,2.02,2300,2020-10-12 16:10:00,PAVM
2.0,2.02,1.99,1.99,27068,2020-10-12 16:15:00,PAVM
1.99,2.0,1.99,1.99,6179,2020-10-12 16:20:00,PAVM
1.99,1.99,1.96,1.96,17573,2020-10-12 16:25:00,PAVM
1.96,1.9735,1.95,1.95,7812,2020-10-12 16:30:00,PAVM
1.9752,2.01,1.96,2.0,35159,2020-10-12 16:35:00,PAVM
2.007,2.01,1.99,1.99,8580,2020-10-12 16:40:00,PAVM
2.0084,2.0084,1.99,2.0,8889,2020-10-12 16:45:00,PAVM
2.0,2.01,2.0,2.0,2600,2020-10-12 16:50:00,PAVM
2.0,2.005,2.0,2.0,2548,2020-10-12 16:55:00,PAVM
2.0088,2.01,2.005,2.01,7200,2020-10-12 17:00:00,PAVM
2.0,2.0,2.0,2.0,200,2020-10-12 17:05:00,PAVM
2.0,2.01,2.0,2.01,3535,2020-10-12 17:10:00,PAVM
2.0,2.01,2.0,2.0,1600,2020-10-12 17:15:00,PAVM
2.0,2.0077,1.99,2.0,16636,2020-10-12 17:20:00,PAVM
2.0,2.005,2.0,2.005,1948,2020-10-12 17:25:00,PAVM
2.0,2.01,2.0,2.0,8637,2020-10-12 17:30:00,PAVM
2.0,2.0,1.99,1.99,6098,2020-10-12 17:35:00,PAVM
1.99,1.99,1.98,1.98,1900,2020-10-12 17:40:00,PAVM
1.98,1.99,1.98,1.98,900,2020-10-12 17:45:00,PAVM
1.98,1.9999,1.98,1.98,748,2020-10-12 17:50:00,PAVM
1.9999,2.0,1.98,2.0,3325,2020-10-12 17:55:00,PAVM
1.991,1.995,1.99,1.9943,1698,2020-10-12 18:00:00,PAVM
1.995,1.9966,1.99,1.995,1533,2020-10-12 18:05:00,PAVM
1.9901,2.0,1.98,2.0,20327,2020-10-12 18:10:00,PAVM
1.99,1.994,1.9895,1.99,6848,2020-10-12 18:15:00,PAVM
1.99,1.995,1.99,1.99,2800,2020-10-12 18:20:00,PAVM
1.995,2.0,1.99,1.995,2750,2020-10-12 18:25:00,PAVM
1.99,2.0,1.99,1.995,2020,2020-10-12 18:30:00,PAVM
1.99,2.0,1.99,1.99,2850,2020-10-12 18:35:00,PAVM
1.9885,2.0,1.9885,2.0,260,2020-10-12 18:40:00,PAVM
1.99,1.99,1.99,1.99,200,2020-10-12 18:45:00,PAVM
1.99,2.0,1.99,1.99,12247,2020-10-12 18:50:00,PAVM
1.995,2.0,1.995,2.0,600,2020-10-12 18:55:00,PAVM
1.995,2.0,1.99,1.99,3400,2020-10-12 19:00:00,PAVM
1.99,2.0,1.99,1.99,1100,2020-10-12 19:05:00,PAVM
2.0,2.0,1.99,1.99,1643,2020-10-12 19:10:00,PAVM
1.99,1.99,1.99,1.99,500,2020-10-12 19:15:00,PAVM
1.99,1.99,1.98,1.99,1800,2020-10-12 19:20:00,PAVM
1.98,2.0,1.98,1.98,7711,2020-10-12 19:25:00,PAVM
1.99,1.99,1.98,1.98,800,2020-10-12 19:30:00,PAVM
1.9872,2.0,1.98,2.0,3368,2020-10-12 19:35:00,PAVM
1.99,2.0,1.99,1.995,2500,2020-10-12 19:40:00,PAVM
1.995,2.0,1.97,1.97,28362,2020-10-12 19:45:00,PAVM
2.0,2.0,1.97,2.0,13061,2020-10-12 19:50:00,PAVM
1.98,2.0,1.98,2.0,11999,2020-10-12 19:55:00,PAVM
2.0,2.0,2.0,2.0,10555,2020-10-12 20:00:00,PAVM
2.0,2.0,2.0,2.0,100,2020-10-12 20:15:00,PAVM
1.9999,2.0,1.9999,2.0,1156,2020-10-12 20:20:00,PAVM
2.0,2.0,2.0,2.0,101,2020-10-12 21:05:00,PAVM
1.9999,2.0,1.9999,2.0,400,2020-10-12 21:25:00,PAVM
2.0,2.0,2.0,2.0,426,2020-10-12 23:55:00,PAVM
2.05,2.05,2.05,2.05,1825,2020-10-13 12:30:00,PAVM
2.05,2.1199,2.05,2.1199,6255,2020-10-13 12:40:00,PAVM
2.12,2.12,2.1,2.1,2450,2020-10-13 12:45:00,PAVM
2.12,2.12,2.12,2.12,100,2020-10-13 12:50:00,PAVM
2.09,2.09,2.09,2.09,8880,2020-10-13 13:00:00,PAVM
2.089,2.09,2.089,2.09,4000,2020-10-13 13:05:00,PAVM
2.09,2.1,2.08,2.0902,21244,2020-10-13 13:10:00,PAVM
2.0999,2.1,2.09,2.1,900,2020-10-13 13:15:00,PAVM
2.0999,2.1,2.0999,2.0999,5350,2020-10-13 13:20:00,PAVM
2.09,2.09,2.09,2.09,100,2020-10-13 13:25:00,PAVM
2.0799,2.09,2.05,2.09,13896,2020-10-13 13:30:00,PAVM
2.1,2.1,2.06,2.075,16500,2020-10-13 13:35:00,PAVM
2.0794,2.09,2.06,2.06,15725,2020-10-13 13:40:00,PAVM
2.08,2.08,2.07,2.08,11205,2020-10-13 13:45:00,PAVM
2.08,2.11,2.0667,2.0667,44649,2020-10-13 13:50:00,PAVM
2.0604,2.0604,2.02,2.04,66106,2020-10-13 13:55:00,PAVM
2.04,2.045,2.04,2.0401,1672,2020-10-13 14:00:00,PAVM
2.04,2.0499,2.04,2.04,10091,2020-10-13 14:05:00,PAVM
2.03,2.045,2.03,2.04,1700,2020-10-13 14:10:00,PAVM
2.05,2.05,2.05,2.05,100,2020-10-13 14:15:00,PAVM
2.0499,2.0499,2.03,2.03,550,2020-10-13 14:20:00,PAVM
2.04,2.05,2.04,2.05,3030,2020-10-13 14:25:00,PAVM
2.05,2.06,2.03,2.03,29359,2020-10-13 14:30:00,PAVM
2.06,2.0799,2.03,2.03,48411,2020-10-13 14:35:00,PAVM
2.04,2.06,2.03,2.04,960,2020-10-13 14:40:00,PAVM
2.04,2.1,2.04,2.04,10600,2020-10-13 14:45:00,PAVM
2.0758,2.1,2.05,2.05,300,2020-10-13 14:50:00,PAVM
2.06,2.06,2.04,2.04,600,2020-10-13 14:55:00,PAVM
2.06,2.06,2.0401,2.0401,1351,2020-10-13 15:00:00,PAVM
2.06,2.07,2.06,2.07,3230,2020-10-13 15:10:00,PAVM
2.08,2.08,2.0467,2.05,8750,2020-10-13 15:15:00,PAVM
2.0467,2.05,2.04,2.05,5895,2020-10-13 15:20:00,PAVM
2.05,2.05,2.05,2.05,1200,2020-10-13 15:25:00,PAVM
2.06,2.06,2.05,2.05,500,2020-10-13 15:30:00,PAVM
2.06,2.06,2.06,2.06,300,2020-10-13 15:35:00,PAVM
2.055,2.07,2.04,2.04,900,2020-10-13 15:40:00,PAVM
2.055,2.06,2.05,2.055,2766,2020-10-13 15:55:00,PAVM
2.0527,2.0527,2.0527,2.0527,122,2020-10-13 16:05:00,PAVM
2.059,2.065,2.05,2.05,8290,2020-10-13 16:10:00,PAVM
2.05,2.065,2.05,2.05,2704,2020-10-13 16:15:00,PAVM
2.065,2.065,2.05,2.06,3199,2020-10-13 16:25:00,PAVM
2.05,2.06,2.04,2.05,11864,2020-10-13 16:30:00,PAVM
2.04,2.05,2.04,2.04,3300,2020-10-13 16:35:00,PAVM
2.04,2.06,2.04,2.04,11000,2020-10-13 16:40:00,PAVM
2.04,2.0588,2.04,2.04,6000,2020-10-13 16:45:00,PAVM
2.04,2.06,2.04,2.05,6851,2020-10-13 16:50:00,PAVM
2.05,2.055,2.04,2.04,19006,2020-10-13 16:55:00,PAVM
2.04,2.06,2.04,2.05,6800,2020-10-13 17:00:00,PAVM
2.05,2.05,2.04,2.04,7740,2020-10-13 17:05:00,PAVM
2.04,2.04,2.03,2.03,3089,2020-10-13 17:10:00,PAVM
2.03,2.04,2.03,2.03,4800,2020-10-13 17:15:00,PAVM
2.03,2.0437,2.03,2.03,1822,2020-10-13 17:20:00,PAVM
2.03,2.05,2.03,2.03,5100,2020-10-13 17:25:00,PAVM
2.03,2.04,2.03,2.03,858,2020-10-13 17:30:00,PAVM
2.03,2.04,2.02,2.02,14676,2020-10-13 17:35:00,PAVM
2.02,2.03,2.02,2.02,1400,2020-10-13 17:40:00,PAVM
2.02,2.05,2.02,2.0491,7061,2020-10-13 17:45:00,PAVM
2.04,2.04,2.03,2.03,1000,2020-10-13 17:55:00,PAVM
2.03,2.04,2.03,2.04,2450,2020-10-13 18:00:00,PAVM
2.0495,2.0495,2.03,2.03,5400,2020-10-13 18:10:00,PAVM
2.04,2.0407,2.04,2.04,990,2020-10-13 18:15:00,PAVM
2.05,2.05,2.03,2.04,1400,2020-10-13 18:20:00,PAVM
2.0432,2.0489,2.04,2.04,1500,2020-10-13 18:25:00,PAVM
2.04,2.04,2.04,2.04,100,2020-10-13 18:30:00,PAVM
2.04,2.04,2.04,2.04,100,2020-10-13 18:45:00,PAVM
2.0392,2.04,2.0392,2.04,1553,2020-10-13 18:50:00,PAVM
2.0434,2.05,2.04,2.045,2285,2020-10-13 18:55:00,PAVM
2.05,2.05,2.03,2.03,4349,2020-10-13 19:00:00,PAVM
2.03,2.04,2.02,2.04,6900,2020-10-13 19:05:00,PAVM
2.02,2.04,2.02,2.03,1050,2020-10-13 19:10:00,PAVM
2.03,2.0327,2.02,2.0327,10280,2020-10-13 19:15:00,PAVM
2.02,2.04,2.02,2.02,1700,2020-10-13 19:20:00,PAVM
2.02,2.04,2.02,2.0341,4663,2020-10-13 19:25:00,PAVM
2.03,2.045,2.03,2.035,976,2020-10-13 19:30:00,PAVM
2.03,2.0399,2.02,2.02,5222,2020-10-13 19:35:00,PAVM
2.02,2.025,2.01,2.02,8005,2020-10-13 19:40:00,PAVM
2.02,2.025,2.01,2.01,9549,2020-10-13 19:45:00,PAVM
2.01,2.02,2.01,2.02,15690,2020-10-13 19:50:00,PAVM
2.0117,2.04,2.01,2.04,14526,2020-10-13 19:55:00,PAVM
2.03,2.03,2.03,2.03,10672,2020-10-13 20:00:00,PAVM
2.06,2.06,2.06,2.06,100,2020-10-13 20:15:00,PAVM
2.01,2.01,2.01,2.01,6873,2020-10-13 21:45:00,PAVM
2.01,2.01,2.01,2.01,310,2020-10-13 21:50:00,PAVM
2.1,2.1,2.1,2.1,100,2020-10-13 22:25:00,PAVM
2.1,2.1,2.1,2.1,465,2020-10-13 23:05:00,PAVM
2.03,2.03,2.03,2.03,100,2020-10-14 13:05:00,PAVM
2.04,2.06,2.04,2.06,1191,2020-10-14 13:30:00,PAVM
2.0677,2.0678,2.04,2.05,4700,2020-10-14 13:35:00,PAVM
2.05,2.05,2.02,2.02,26210,2020-10-14 13:40:00,PAVM
2.0378,2.0378,2.01,2.0233,6441,2020-10-14 13:45:00,PAVM
2.02,2.02,2.01,2.01,1500,2020-10-14 13:50:00,PAVM
2.02,2.025,2.02,2.02,1700,2020-10-14 13:55:00,PAVM
2.027,2.03,2.0155,2.02,1103,2020-10-14 14:00:00,PAVM
2.0273,2.03,2.0211,2.0299,2050,2020-10-14 14:05:00,PAVM
2.0216,2.025,2.02,2.02,2500,2020-10-14 14:10:00,PAVM
2.02,2.028,2.01,2.0101,13837,2020-10-14 14:15:00,PAVM
2.0275,2.0275,2.01,2.01,550,2020-10-14 14:20:00,PAVM
2.01,2.02,2.01,2.01,3100,2020-10-14 14:25:00,PAVM
2.01,2.0101,2.01,2.0101,400,2020-10-14 14:35:00,PAVM
2.01,2.01,2.01,2.01,100,2020-10-14 14:40:00,PAVM
2.015,2.015,2.0,2.0,5473,2020-10-14 14:50:00,PAVM
2.0,2.0089,2.0,2.0089,572,2020-10-14 14:55:00,PAVM
2.005,2.005,2.0,2.005,300,2020-10-14 15:00:00,PAVM
2.01,2.01,2.0,2.0,25400,2020-10-14 15:05:00,PAVM
2.0065,2.02,2.0065,2.015,4479,2020-10-14 15:10:00,PAVM
2.01,2.01,2.0,2.0,1680,2020-10-14 15:15:00,PAVM
2.005,2.01,2.0,2.0,3200,2020-10-14 15:20:00,PAVM
2.005,2.01,2.0,2.0,12759,2020-10-14 15:25:00,PAVM
2.0,2.0,2.0,2.0,200,2020-10-14 15:30:00,PAVM
2.0,2.01,2.0,2.0,2900,2020-10-14 15:35:00,PAVM
2.0,2.01,2.0,2.0,3000,2020-10-14 15:40:00,PAVM
2.003,2.0178,2.003,2.01,1803,2020-10-14 15:45:00,PAVM
2.01,2.02,1.99,1.99,29102,2020-10-14 15:50:00,PAVM
1.9983,2.01,1.98,1.985,39345,2020-10-14 15:55:00,PAVM
1.98,1.99,1.97,1.975,18211,2020-10-14 16:00:00,PAVM
1.9701,1.975,1.96,1.971,14300,2020-10-14 16:05:00,PAVM
1.9743,1.9748,1.95,1.97,10833,2020-10-14 16:10:00,PAVM
1.97,1.97,1.96,1.96,3520,2020-10-14 16:15:00,PAVM
1.9681,1.9694,1.95,1.95,8123,2020-10-14 16:20:00,PAVM
1.95,1.96,1.95,1.955,20658,2020-10-14 16:25:00,PAVM
1.96,1.96,1.95,1.955,1550,2020-10-14 16:30:00,PAVM
1.95,1.97,1.95,1.95,34480,2020-10-14 16:35:00,PAVM
1.952,1.964,1.93,1.95,32118,2020-10-14 16:40:00,PAVM
1.95,1.95,1.93,1.945,10927,2020-10-14 16:45:00,PAVM
1.94,1.95,1.93,1.94,700,2020-10-14 16:50:00,PAVM
1.95,1.95,1.93,1.93,700,2020-10-14 16:55:00,PAVM
1.9494,1.9494,1.93,1.94,2723,2020-10-14 17:00:00,PAVM
1.947,1.947,1.92,1.93,9150,2020-10-14 17:05:00,PAVM
1.94,1.94,1.93,1.93,200,2020-10-14 17:10:00,PAVM
1.935,1.96,1.9333,1.95,3977,2020-10-14 17:15:00,PAVM
1.97,1.97,1.96,1.96,950,2020-10-14 17:20:00,PAVM
1.9689,1.9699,1.94,1.94,7455,2020-10-14 17:25:00,PAVM
1.96,1.96,1.94,1.94,600,2020-10-14 17:30:00,PAVM
1.95,1.9572,1.94,1.94,7850,2020-10-14 17:35:00,PAVM
1.9584,1.9584,1.94,1.95,4597,2020-10-14 17:40:00,PAVM
1.94,1.96,1.94,1.95,1200,2020-10-14 17:45:00,PAVM
1.9599,1.97,1.95,1.97,2600,2020-10-14 17:50:00,PAVM
1.965,1.9883,1.96,1.9883,7400,2020-10-14 17:55:00,PAVM
1.97,1.99,1.95,1.96,22931,2020-10-14 18:00:00,PAVM
1.9861,1.9861,1.96,1.96,3420,2020-10-14 18:05:00,PAVM
1.96,1.97,1.96,1.97,500,2020-10-14 18:10:00,PAVM
1.97,1.98,1.97,1.98,1000,2020-10-14 18:15:00,PAVM
1.97,1.98,1.96,1.96,3900,2020-10-14 18:20:00,PAVM
1.96,1.965,1.96,1.965,300,2020-10-14 18:25:00,PAVM
1.97,1.99,1.97,1.98,6980,2020-10-14 18:30:00,PAVM
1.99,1.99,1.98,1.98,19580,2020-10-14 18:40:00,PAVM
1.98,1.995,1.98,1.99,500,2020-10-14 18:45:00,PAVM
1.99,1.99,1.99,1.99,200,2020-10-14 18:50:00,PAVM
1.99,1.9982,1.98,1.99,1800,2020-10-14 18:55:00,PAVM
1.9953,1.9953,1.99,1.99,2877,2020-10-14 19:00:00,PAVM
1.99,1.9911,1.99,1.99,1201,2020-10-14 19:05:00,PAVM
1.9943,1.9943,1.99,1.99,1850,2020-10-14 19:15:00,PAVM
1.985,1.9993,1.98,1.98,3850,2020-10-14 19:20:00,PAVM
1.9995,1.9995,1.98,1.98,1876,2020-10-14 19:25:00,PAVM
1.98,2.01,1.98,2.01,1500,2020-10-14 19:30:00,PAVM
2.01,2.0187,2.0,2.0,2544,2020-10-14 19:45:00,PAVM
2.0011,2.0188,2.0,2.0,5500,2020-10-14 19:50:00,PAVM
2.0,2.01,1.98,1.99,8842,2020-10-14 19:55:00,PAVM
1.98,1.98,1.96,1.96,12302,2020-10-14 20:00:00,PAVM
2.0,2.0,2.0,2.0,100,2020-10-14 20:05:00,PAVM
2.02,2.02,2.02,2.02,100,2020-10-14 20:45:00,PAVM
1.98,1.98,1.98,1.98,900,2020-10-15 09:15:00,PAVM
1.9601,1.9601,1.96,1.96,250,2020-10-15 12:10:00,PAVM
2.0,2.0,2.0,2.0,185,2020-10-15 12:20:00,PAVM
1.96,1.96,1.96,1.96,769,2020-10-15 13:20:00,PAVM
1.96,1.97,1.96,1.97,5746,2020-10-15 13:30:00,PAVM
1.97,1.97,1.96,1.96,1820,2020-10-15 13:35:00,PAVM
1.96,1.9645,1.96,1.96,2241,2020-10-15 13:40:00,PAVM
1.96,1.9628,1.9566,1.9628,1300,2020-10-15 13:45:00,PAVM
1.9522,1.9764,1.95,1.96,13723,2020-10-15 13:50:00,PAVM
1.9613,1.97,1.9501,1.9637,6885,2020-10-15 13:55:00,PAVM
1.9521,1.9521,1.9521,1.9521,500,2020-10-15 14:00:00,PAVM
1.96,1.97,1.95,1.95,4580,2020-10-15 14:05:00,PAVM
1.955,1.965,1.95,1.965,3526,2020-10-15 14:10:00,PAVM
1.96,1.97,1.96,1.9697,4750,2020-10-15 14:15:00,PAVM
1.97,1.98,1.97,1.98,1700,2020-10-15 14:20:00,PAVM
1.9701,1.9716,1.97,1.97,606,2020-10-15 14:25:00,PAVM
1.9781,1.9781,1.975,1.975,221,2020-10-15 14:30:00,PAVM
1.97,1.98,1.95,1.97,4282,2020-10-15 14:35:00,PAVM
1.97,1.98,1.96,1.98,8150,2020-10-15 14:40:00,PAVM
1.98,1.98,1.9784,1.98,650,2020-10-15 14:45:00,PAVM
1.98,1.98,1.97,1.97,2100,2020-10-15 14:50:00,PAVM
1.975,1.99,1.975,1.99,3000,2020-10-15 14:55:00,PAVM
2.0,2.0,2.0,2.0,100,2020-10-15 15:00:00,PAVM
1.98,1.99,1.98,1.99,1100,2020-10-15 15:05:00,PAVM
1.9999,1.9999,1.9999,1.9999,5000,2020-10-15 15:10:00,PAVM
2.0,2.01,1.9998,2.0,3715,2020-10-15 15:15:00,PAVM
2.01,2.01,2.01,2.01,100,2020-10-15 15:20:00,PAVM
2.005,2.01,2.005,2.01,8325,2020-10-15 15:25:00,PAVM
2.01,2.04,2.01,2.04,6397,2020-10-15 15:30:00,PAVM
2.035,2.035,2.02,2.02,2800,2020-10-15 15:35:00,PAVM
2.0299,2.0299,2.0299,2.0299,8180,2020-10-15 15:40:00,PAVM
2.0199,2.0199,2.015,2.015,700,2020-10-15 15:45:00,PAVM
2.01,2.01,2.01,2.01,2500,2020-10-15 15:50:00,PAVM
2.0,2.0,2.0,2.0,100,2020-10-15 15:55:00,PAVM
2.01,2.01,2.0,2.0,1159,2020-10-15 16:00:00,PAVM
2.0001,2.01,2.0001,2.01,2900,2020-10-15 16:05:00,PAVM
2.01,2.01,2.0,2.0,2380,2020-10-15 16:10:00,PAVM
2.0027,2.0027,1.995,2.0,1700,2020-10-15 16:15:00,PAVM
2.02,2.02,2.0,2.0,300,2020-10-15 16:35:00,PAVM
2.02,2.02,2.0,2.01,1400,2020-10-15 16:40:00,PAVM
2.0199,2.02,2.015,2.015,349,2020-10-15 16:45:00,PAVM
2.02,2.04,2.02,2.04,3700,2020-10-15 16:50:00,PAVM
2.0316,2.0316,2.0316,2.0316,100,2020-10-15 16:55:00,PAVM
2.0201,2.03,2.01,2.01,15374,2020-10-15 17:00:00,PAVM
2.01,2.01,2.01,2.01,200,2020-10-15 17:05:00,PAVM
2.01,2.01,2.005,2.01,1618,2020-10-15 17:10:00,PAVM
2.01,2.01,2.0,2.0,1600,2020-10-15 17:15:00,PAVM
2.0,2.015,2.0,2.015,702,2020-10-15 17:20:00,PAVM
2.0,2.0,2.0,2.0,200,2020-10-15 17:25:00,PAVM
2.0,2.0,2.0,2.0,300,2020-10-15 17:30:00,PAVM
2.0299,2.0299,2.0299,2.0299,100,2020-10-15 17:35:00,PAVM
2.0,2.02,2.0,2.0,1600,2020-10-15 17:40:00,PAVM
2.0091,2.0091,2.0,2.0,300,2020-10-15 17:45:00,PAVM
2.0016,2.0016,2.0,2.0,1300,2020-10-15 17:50:00,PAVM
2.0,2.01,2.0,2.0,2700,2020-10-15 17:55:00,PAVM
2.005,2.01,2.0,2.0,1896,2020-10-15 18:00:00,PAVM
1.99,1.99,1.99,1.99,1100,2020-10-15 18:05:00,PAVM
2.0095,2.0095,1.97,1.98,3380,2020-10-15 18:10:00,PAVM
2.0,2.0,1.98,1.98,680,2020-10-15 18:15:00,PAVM
1.9919,1.9919,1.9919,1.9919,300,2020-10-15 18:20:00,PAVM
1.99,1.9995,1.98,1.98,2100,2020-10-15 18:25:00,PAVM
1.98,1.98,1.98,1.98,100,2020-10-15 18:30:00,PAVM
1.98,1.98,1.98,1.98,200,2020-10-15 18:35:00,PAVM
1.98,1.9908,1.98,1.98,1300,2020-10-15 18:40:00,PAVM
1.98,1.98,1.98,1.98,100,2020-10-15 18:45:00,PAVM
1.98,2.0,1.98,1.98,612,2020-10-15 18:50:00,PAVM
2.0,2.0,2.0,2.0,700,2020-10-15 18:55:00,PAVM
2.0,2.01,1.99,1.99,11743,2020-10-15 19:00:00,PAVM
1.99,2.0084,1.99,2.0084,1550,2020-10-15 19:05:00,PAVM
1.99,1.99,1.98,1.98,1000,2020-10-15 19:10:00,PAVM
1.98,1.98,1.98,1.98,800,2020-10-15 19:15:00,PAVM
1.9801,2.01,1.98,1.98,497,2020-10-15 19:20:00,PAVM
1.98,2.0,1.98,1.98,2397,2020-10-15 19:25:00,PAVM
1.99,1.99,1.98,1.98,1317,2020-10-15 19:35:00,PAVM
2.0,2.0,1.99,1.99,2511,2020-10-15 19:40:00,PAVM
1.99,1.995,1.98,1.98,1023,2020-10-15 19:45:00,PAVM
1.98,1.99,1.98,1.98,1919,2020-10-15 19:50:00,PAVM
2.0,2.0,1.98,1.99,16274,2020-10-15 19:55:00,PAVM
1.99,1.99,1.99,1.99,7356,2020-10-15 20:00:00,PAVM
2.0,2.0,2.0,2.0,100,2020-10-15 20:55:00,PAVM
1.98,1.98,1.98,1.98,300,2020-10-15 21:35:00,PAVM
1.98,1.98,1.98,1.98,7000,2020-10-15 21:45:00,PAVM
1.9899,1.9899,1.9899,1.9899,3000,2020-10-15 22:35:00,PAVM
1.9899,1.9899,1.9899,1.9899,1500,2020-10-15 23:20:00,PAVM
1.99,1.99,1.99,1.99,500,2020-10-15 23:25:00,PAVM
1.98,1.98,1.98,1.98,7238,2020-10-16 13:30:00,PAVM
1.995,1.995,1.995,1.995,4000,2020-10-16 13:35:00,PAVM
2.0,2.0,1.9968,1.9968,660,2020-10-16 13:40:00,PAVM
2.0031,2.0031,2.0031,2.0031,750,2020-10-16 13:45:00,PAVM
2.005,2.01,2.0,2.01,6500,2020-10-16 13:55:00,PAVM
2.01,2.02,2.01,2.02,3100,2020-10-16 14:00:00,PAVM
2.015,2.03,2.01,2.02,4526,2020-10-16 14:10:00,PAVM
2.03,2.03,2.0113,2.03,12063,2020-10-16 14:15:00,PAVM
2.0165,2.03,2.0139,2.02,800,2020-10-16 14:20:00,PAVM
2.02,2.02,2.02,2.02,200,2020-10-16 14:25:00,PAVM
2.0126,2.03,2.01,2.03,12583,2020-10-16 14:30:00,PAVM
2.03,2.03,2.02,2.03,4532,2020-10-16 14:35:00,PAVM
2.02,2.03,2.0122,2.0122,10842,2020-10-16 14:40:00,PAVM
2.02,2.02,2.02,2.02,100,2020-10-16 14:45:00,PAVM
2.0101,2.03,2.0101,2.03,9200,2020-10-16 14:50:00,PAVM
2.03,2.03,2.0201,2.025,4200,2020-10-16 14:55:00,PAVM
2.03,2.03,2.03,2.03,1700,2020-10-16 15:00:00,PAVM
2.02,2.03,2.015,2.015,7350,2020-10-16 15:05:00,PAVM
2.02,2.03,2.0101,2.03,4900,2020-10-16 15:10:00,PAVM
2.03,2.07,2.025,2.065,37330,2020-10-16 15:15:00,PAVM
2.06,2.07,2.05,2.0501,25726,2020-10-16 15:20:00,PAVM
2.055,2.06,2.0501,2.0501,9052,2020-10-16 15:25:00,PAVM
2.055,2.06,2.05,2.06,15895,2020-10-16 15:30:00,PAVM
2.05,2.06,2.05,2.05,300,2020-10-16 15:35:00,PAVM
2.045,2.05,2.0407,2.05,3100,2020-10-16 15:40:00,PAVM
2.04,2.06,2.04,2.05,20500,2020-10-16 15:45:00,PAVM
2.05,2.05,2.0462,2.05,850,2020-10-16 15:55:00,PAVM
2.0406,2.045,2.03,2.04,3945,2020-10-16 16:00:00,PAVM
2.04,2.04,2.035,2.04,1600,2020-10-16 16:05:00,PAVM
2.03,2.035,2.03,2.035,700,2020-10-16 16:10:00,PAVM
2.035,2.035,2.03,2.03,2237,2020-10-16 16:15:00,PAVM
2.0303,2.04,2.03,2.03,2100,2020-10-16 16:20:00,PAVM
2.02,2.03,2.02,2.03,510,2020-10-16 16:25:00,PAVM
2.03,2.03,2.03,2.03,100,2020-10-16 16:30:00,PAVM
2.04,2.04,2.03,2.03,200,2020-10-16 16:35:00,PAVM
2.03,2.03,2.03,2.03,200,2020-10-16 16:40:00,PAVM
2.04,2.04,2.02,2.02,200,2020-10-16 16:45:00,PAVM
2.03,2.03,2.02,2.03,1721,2020-10-16 16:50:00,PAVM
2.03,2.03,2.03,2.03,100,2020-10-16 17:00:00,PAVM
2.0126,2.03,2.01,2.03,1100,2020-10-16 17:05:00,PAVM
2.03,2.03,2.03,2.03,100,2020-10-16 17:10:00,PAVM
2.03,2.03,2.03,2.03,100,2020-10-16 17:15:00,PAVM
2.02,2.03,2.02,2.02,4426,2020-10-16 17:20:00,PAVM
2.02,2.02,2.02,2.02,200,2020-10-16 17:30:00,PAVM
2.02,2.02,2.015,2.015,3929,2020-10-16 17:35:00,PAVM
2.0119,2.02,2.01,2.015,1200,2020-10-16 17:40:00,PAVM
2.02,2.02,2.015,2.02,500,2020-10-16 17:45:00,PAVM
2.02,2.02,2.0024,2.02,6048,2020-10-16 17:50:00,PAVM
2.015,2.0191,2.015,2.015,1400,2020-10-16 17:55:00,PAVM
2.0191,2.02,2.0159,2.02,2300,2020-10-16 18:00:00,PAVM
2.02,2.02,2.015,2.02,1300,2020-10-16 18:05:00,PAVM
2.02,2.02,2.015,2.015,200,2020-10-16 18:10:00,PAVM
2.01,2.02,2.0,2.0,2335,2020-10-16 18:15:00,PAVM
2.0,2.02,2.0,2.02,6400,2020-10-16 18:20:00,PAVM
2.0005,2.02,2.0005,2.01,3200,2020-10-16 18:25:00,PAVM
2.02,2.02,2.02,2.02,200,2020-10-16 18:30:00,PAVM
2.02,2.02,2.0,2.02,300,2020-10-16 18:35:00,PAVM
2.02,2.02,2.0016,2.02,1070,2020-10-16 18:40:00,PAVM
2.01,2.02,2.0016,2.02,1902,2020-10-16 18:45:00,PAVM
2.02,2.03,2.0,2.02,10895,2020-10-16 18:50:00,PAVM
2.0101,2.03,2.0101,2.03,5410,2020-10-16 18:55:00,PAVM
2.02,2.02,2.01,2.02,300,2020-10-16 19:00:00,PAVM
2.03,2.03,2.0,2.01,6533,2020-10-16 19:05:00,PAVM
2.005,2.03,2.0,2.03,14609,2020-10-16 19:10:00,PAVM
2.02,2.02,2.02,2.02,300,2020-10-16 19:20:00,PAVM
2.01,2.01,2.0001,2.01,1400,2020-10-16 19:25:00,PAVM
2.01,2.01,2.0,2.01,2800,2020-10-16 19:30:00,PAVM
2.005,2.02,2.0,2.02,7450,2020-10-16 19:35:00,PAVM
2.0178,2.0178,2.0027,2.01,1250,2020-10-16 19:40:00,PAVM
2.01,2.02,2.01,2.01,8909,2020-10-16 19:45:00,PAVM
2.02,2.02,2.01,2.01,1800,2020-10-16 19:50:00,PAVM
2.02,2.02,2.0,2.01,13951,2020-10-16 19:55:00,PAVM
2.01,2.01,2.01,2.01,9530,2020-10-16 20:00:00,PAVM
2.0,2.0,2.0,2.0,200,2020-10-16 20:20:00,PAVM
1.99,1.99,1.99,1.99,500,2020-10-16 20:55:00,PAVM
2.0,2.0,2.0,2.0,1200,2020-10-16 21:05:00,PAVM
2.0882,2.09,2.0882,2.09,1150,2020-10-19 13:00:00,PAVM
2.02,2.02,2.02,2.02,1000,2020-10-19 13:10:00,PAVM
2.02,2.02,2.02,2.02,500,2020-10-19 13:25:00,PAVM
2.0,2.02,2.0,2.02,11557,2020-10-19 13:30:00,PAVM
2.015,2.015,2.015,2.015,150,2020-10-19 13:35:00,PAVM
2.028,2.028,2.028,2.028,600,2020-10-19 13:40:00,PAVM
2.005,2.005,1.99,2.0,5385,2020-10-19 13:45:00,PAVM
2.0099,2.0099,2.0,2.0,2819,2020-10-19 13:50:00,PAVM
2.0009,2.01,2.0,2.0,1600,2020-10-19 13:55:00,PAVM
2.0019,2.0019,1.99,1.99,1095,2020-10-19 14:05:00,PAVM
1.9907,2.0,1.975,1.975,19442,2020-10-19 14:10:00,PAVM
1.9765,1.98,1.97,1.98,785,2020-10-19 14:15:00,PAVM
1.9722,1.98,1.9722,1.98,700,2020-10-19 14:20:00,PAVM
1.98,1.99,1.98,1.985,7200,2020-10-19 14:30:00,PAVM
1.98,1.98,1.97,1.975,1120,2020-10-19 14:35:00,PAVM
1.98,1.98,1.97,1.98,5050,2020-10-19 14:40:00,PAVM
1.98,1.98,1.98,1.98,100,2020-10-19 14:45:00,PAVM
1.9875,1.9875,1.98,1.98,570,2020-10-19 14:50:00,PAVM
1.9897,1.9897,1.98,1.98,3500,2020-10-19 14:55:00,PAVM
1.985,1.99,1.98,1.985,2600,2020-10-19 15:00:00,PAVM
1.98,1.98,1.98,1.98,200,2020-10-19 15:05:00,PAVM
1.98,1.9822,1.98,1.98,5500,2020-10-19 15:10:00,PAVM
1.98,1.98,1.98,1.98,1095,2020-10-19 15:15:00,PAVM
1.98,1.99,1.98,1.99,1100,2020-10-19 15:20:00,PAVM
1.9899,1.9899,1.98,1.985,1129,2020-10-19 15:25:00,PAVM
1.98,1.985,1.98,1.98,700,2020-10-19 15:30:00,PAVM
1.98,1.99,1.98,1.99,450,2020-10-19 15:35:00,PAVM
1.98,1.99,1.97,1.97,15062,2020-10-19 15:40:00,PAVM
1.974,1.974,1.96,1.97,2682,2020-10-19 15:45:00,PAVM
1.96,1.97,1.96,1.96,6750,2020-10-19 15:50:00,PAVM
1.9637,1.9637,1.95,1.95,11750,2020-10-19 15:55:00,PAVM
1.95,1.9678,1.95,1.95,1500,2020-10-19 16:00:00,PAVM
1.95,1.97,1.95,1.95,3212,2020-10-19 16:05:00,PAVM
1.95,1.97,1.95,1.95,2400,2020-10-19 16:10:00,PAVM
1.95,1.97,1.95,1.96,650,2020-10-19 16:15:00,PAVM
1.9699,1.9699,1.95,1.9639,1400,2020-10-19 16:20:00,PAVM
1.9602,1.9699,1.95,1.96,5102,2020-10-19 16:25:00,PAVM
1.95,1.95,1.95,1.95,200,2020-10-19 16:30:00,PAVM
1.95,1.96,1.95,1.95,1100,2020-10-19 16:35:00,PAVM
1.95,1.9567,1.95,1.95,1000,2020-10-19 16:40:00,PAVM
1.95,1.96,1.95,1.95,600,2020-10-19 16:45:00,PAVM
1.96,1.96,1.95,1.95,596,2020-10-19 16:50:00,PAVM
1.9559,1.9559,1.9559,1.9559,250,2020-10-19 16:55:00,PAVM
1.95,1.96,1.95,1.95,300,2020-10-19 17:00:00,PAVM
1.96,1.96,1.95,1.95,6000,2020-10-19 17:05:00,PAVM
1.96,1.96,1.95,1.96,2100,2020-10-19 17:10:00,PAVM
1.96,1.97,1.96,1.97,200,2020-10-19 17:15:00,PAVM
1.96,1.96,1.96,1.96,250,2020-10-19 17:20:00,PAVM
1.96,1.96,1.95,1.95,700,2020-10-19 17:25:00,PAVM
1.9678,1.9678,1.9678,1.9678,100,2020-10-19 17:30:00,PAVM
1.96,1.96,1.96,1.96,600,2020-10-19 17:35:00,PAVM
1.96,1.96,1.96,1.96,200,2020-10-19 17:40:00,PAVM
1.96,1.97,1.95,1.95,5900,2020-10-19 17:50:00,PAVM
1.95,1.95,1.95,1.95,500,2020-10-19 17:55:00,PAVM
1.95,1.9523,1.93,1.93,14543,2020-10-19 18:00:00,PAVM
1.93,1.9409,1.93,1.93,2612,2020-10-19 18:05:00,PAVM
1.93,1.94,1.92,1.94,9465,2020-10-19 18:10:00,PAVM
1.93,1.93,1.92,1.92,15589,2020-10-19 18:15:00,PAVM
1.92,1.93,1.92,1.92,2947,2020-10-19 18:20:00,PAVM
1.92,1.93,1.91,1.91,21090,2020-10-19 18:25:00,PAVM
1.91,1.9238,1.9,1.905,8984,2020-10-19 18:30:00,PAVM
1.91,1.91,1.89,1.91,21976,2020-10-19 18:35:00,PAVM
1.9,1.91,1.9,1.9,5112,2020-10-19 18:40:00,PAVM
1.91,1.91,1.9,1.9,11994,2020-10-19 18:45:00,PAVM
1.9,1.91,1.9,1.9,2100,2020-10-19 18:50:00,PAVM
1.9,1.91,1.9,1.9,15657,2020-10-19 18:55:00,PAVM
1.91,1.91,1.9,1.9,3600,2020-10-19 19:00:00,PAVM
1.9,1.91,1.9,1.9,3662,2020-10-19 19:05:00,PAVM
1.91,1.92,1.9,1.91,9576,2020-10-19 19:10:00,PAVM
1.91,1.9142,1.91,1.91,800,2020-10-19 19:15:00,PAVM
1.91,1.91,1.91,1.91,500,2020-10-19 19:20:00,PAVM
1.9,1.92,1.9,1.91,6900,2020-10-19 19:25:00,PAVM
1.9189,1.92,1.91,1.915,6500,2020-10-19 19:30:00,PAVM
1.91,1.92,1.91,1.92,600,2020-10-19 19:35:00,PAVM
1.91,1.92,1.91,1.9194,4650,2020-10-19 19:40:00,PAVM
1.91,1.92,1.9,1.914,7499,2020-10-19 19:45:00,PAVM
1.9,1.91,1.9,1.9,10055,2020-10-19 19:50:00,PAVM
1.9,1.909,1.89,1.89,32763,2020-10-19 19:55:00,PAVM
1.9,1.9099,1.9,1.9099,16597,2020-10-19 20:00:00,PAVM
1.9,1.9,1.9,1.9,100,2020-10-19 20:15:00,PAVM
1.9,1.9,1.88,1.88,200,2020-10-19 21:00:00,PAVM
1.94,1.94,1.94,1.94,150,2020-10-19 21:05:00,PAVM
1.91,1.945,1.91,1.94,15929,2020-10-20 13:30:00,PAVM
1.95,1.975,1.91,1.91,31052,2020-10-20 13:35:00,PAVM
1.93,1.93,1.92,1.92,600,2020-10-20 13:40:00,PAVM
1.93,1.93,1.92,1.93,4263,2020-10-20 13:45:00,PAVM
1.9042,1.9042,1.9,1.9,1693,2020-10-20 13:50:00,PAVM
1.9134,1.9199,1.9,1.9,1964,2020-10-20 13:55:00,PAVM
1.927,1.9297,1.91,1.91,3194,2020-10-20 14:00:00,PAVM
1.92,1.923,1.91,1.91,1428,2020-10-20 14:05:00,PAVM
1.9389,1.9399,1.935,1.9399,1293,2020-10-20 14:10:00,PAVM
1.93,1.9301,1.92,1.92,1826,2020-10-20 14:15:00,PAVM
1.9295,1.9295,1.92,1.92,600,2020-10-20 14:20:00,PAVM
1.93,1.93,1.93,1.93,100,2020-10-20 14:30:00,PAVM
1.9299,1.9299,1.925,1.9264,1315,2020-10-20 14:35:00,PAVM
1.9299,1.9299,1.9,1.9,6330,2020-10-20 14:40:00,PAVM
1.9067,1.91,1.9,1.9,2450,2020-10-20 14:45:00,PAVM
1.92,1.92,1.9029,1.9029,504,2020-10-20 14:50:00,PAVM
1.9,1.9022,1.9,1.9022,350,2020-10-20 14:55:00,PAVM
1.9,1.9,1.9,1.9,200,2020-10-20 15:00:00,PAVM
1.91,1.91,1.89,1.89,6850,2020-10-20 15:05:00,PAVM
1.9082,1.9082,1.9,1.9,3500,2020-10-20 15:10:00,PAVM
1.91,1.91,1.9,1.91,400,2020-10-20 15:20:00,PAVM
1.9099,1.93,1.905,1.92,15614,2020-10-20 15:25:00,PAVM
1.91,1.93,1.91,1.91,6100,2020-10-20 15:30:00,PAVM
1.93,1.93,1.9,1.9,7283,2020-10-20 15:35:00,PAVM
1.9,1.92,1.9,1.9,5800,2020-10-20 15:40:00,PAVM
1.9,1.9121,1.9,1.9,9042,2020-10-20 15:45:00,PAVM
1.905,1.905,1.89,1.89,8825,2020-10-20 15:50:00,PAVM
1.89,1.9009,1.89,1.9,6500,2020-10-20 15:55:00,PAVM
1.9007,1.91,1.89,1.89,23600,2020-10-20 16:00:00,PAVM
1.89,1.9,1.88,1.88,6747,2020-10-20 16:05:00,PAVM
1.88,1.8863,1.86,1.86,31435,2020-10-20 16:10:00,PAVM
1.86,1.8737,1.84,1.8403,8837,2020-10-20 16:15:00,PAVM
1.8741,1.88,1.85,1.86,10006,2020-10-20 16:20:00,PAVM
1.86,1.8741,1.85,1.865,3406,2020-10-20 16:25:00,PAVM
1.865,1.88,1.85,1.86,500,2020-10-20 16:30:00,PAVM
1.874,1.88,1.86,1.877,7749,2020-10-20 16:35:00,PAVM
1.87,1.8753,1.86,1.86,2650,2020-10-20 16:40:00,PAVM
1.88,1.8899,1.86,1.87,1958,2020-10-20 16:45:00,PAVM
1.87,1.87,1.87,1.87,200,2020-10-20 16:50:00,PAVM
1.88,1.88,1.87,1.87,1300,2020-10-20 17:00:00,PAVM
1.88,1.88,1.86,1.86,1975,2020-10-20 17:05:00,PAVM
1.87,1.88,1.87,1.88,200,2020-10-20 17:15:00,PAVM
1.8873,1.8873,1.885,1.885,300,2020-10-20 17:20:00,PAVM
1.8878,1.8878,1.885,1.885,1100,2020-10-20 17:25:00,PAVM
1.89,1.91,1.89,1.89,9700,2020-10-20 17:30:00,PAVM
1.9,1.9099,1.89,1.89,7200,2020-10-20 17:35:00,PAVM
1.91,1.91,1.87,1.87,3900,2020-10-20 17:40:00,PAVM
1.89,1.91,1.89,1.91,6900,2020-10-20 17:45:00,PAVM
1.92,1.92,1.91,1.91,1016,2020-10-20 17:50:00,PAVM
1.91,1.91,1.91,1.91,100,2020-10-20 17:55:00,PAVM
1.9,1.9,1.9,1.9,100,2020-10-20 18:00:00,PAVM
1.9,1.9011,1.9,1.9011,1528,2020-10-20 18:05:00,PAVM
1.905,1.905,1.9,1.9,4000,2020-10-20 18:15:00,PAVM
1.91,1.91,1.9,1.905,526,2020-10-20 18:25:00,PAVM
1.9,1.9,1.89,1.9,900,2020-10-20 18:40:00,PAVM
1.9055,1.9055,1.9,1.9,300,2020-10-20 18:45:00,PAVM
1.918,1.918,1.89,1.89,1100,2020-10-20 18:50:00,PAVM
1.9,1.9,1.9,1.9,100,2020-10-20 19:10:00,PAVM
1.9251,1.9251,1.9,1.9,6561,2020-10-20 19:20:00,PAVM
1.9022,1.9062,1.9,1.9,500,2020-10-20 19:30:00,PAVM
1.9132,1.93,1.9,1.9,400,2020-10-20 19:35:00,PAVM
1.9,1.9,1.9,1.9,200,2020-10-20 19:40:00,PAVM
1.9,1.915,1.9,1.91,700,2020-10-20 19:45:00,PAVM
1.91,1.92,1.91,1.915,3955,2020-10-20 19:50:00,PAVM
1.9119,1.93,1.91,1.91,6482,2020-10-20 19:55:00,PAVM
1.92,1.92,1.9,1.9,6928,2020-10-20 20:00:00,PAVM
1.9,1.9,1.9,1.9,189,2020-10-20 20:20:00,PAVM
1.94,1.94,1.94,1.94,100,2020-10-21 12:05:00,PAVM
1.9399,1.9399,1.9399,1.9399,100,2020-10-21 12:45:00,PAVM
1.94,1.94,1.94,1.94,100,2020-10-21 12:50:00,PAVM
1.9301,1.9301,1.93,1.93,355,2020-10-21 12:55:00,PAVM
1.92,1.92,1.92,1.92,300,2020-10-21 13:00:00,PAVM
1.88,1.88,1.88,1.88,100,2020-10-21 13:05:00,PAVM
1.94,1.94,1.915,1.92,5659,2020-10-21 13:30:00,PAVM
1.9171,1.94,1.91,1.9219,3670,2020-10-21 13:35:00,PAVM
1.9378,1.9378,1.93,1.93,300,2020-10-21 13:40:00,PAVM
1.9304,1.9384,1.92,1.93,3500,2020-10-21 13:45:00,PAVM
1.937,1.937,1.93,1.93,300,2020-10-21 13:50:00,PAVM
1.92,1.92,1.91,1.91,1200,2020-10-21 13:55:00,PAVM
1.93,1.93,1.93,1.93,100,2020-10-21 14:05:00,PAVM
1.925,1.9299,1.923,1.9299,1300,2020-10-21 14:10:00,PAVM
1.9289,1.9289,1.925,1.925,280,2020-10-21 14:15:00,PAVM
1.93,1.94,1.93,1.94,5560,2020-10-21 14:20:00,PAVM
1.95,1.96,1.945,1.95,16280,2020-10-21 14:25:00,PAVM
1.96,1.967,1.95,1.95,1200,2020-10-21 14:30:00,PAVM
1.95,1.95,1.94,1.94,900,2020-10-21 14:35:00,PAVM
1.9422,1.95,1.94,1.94,2750,2020-10-21 14:40:00,PAVM
1.94,1.94,1.94,1.94,200,2020-10-21 14:45:00,PAVM
1.94,1.96,1.93,1.95,13997,2020-10-21 14:50:00,PAVM
1.95,1.95,1.93,1.93,12600,2020-10-21 14:55:00,PAVM
1.9336,1.9336,1.93,1.93,1566,2020-10-21 15:00:00,PAVM
1.93,1.93,1.93,1.93,200,2020-10-21 15:05:00,PAVM
1.91,1.91,1.91,1.91,400,2020-10-21 15:30:00,PAVM
1.92,1.92,1.91,1.91,12000,2020-10-21 15:35:00,PAVM
1.91,1.92,1.91,1.92,1464,2020-10-21 15:40:00,PAVM
1.91,1.91,1.9,1.9,5596,2020-10-21 15:45:00,PAVM
1.91,1.9199,1.91,1.91,1400,2020-10-21 15:50:00,PAVM
1.9101,1.9144,1.91,1.9144,3520,2020-10-21 16:00:00,PAVM
1.9127,1.9127,1.91,1.91,800,2020-10-21 16:05:00,PAVM
1.91,1.92,1.89,1.9,33800,2020-10-21 16:10:00,PAVM
1.9,1.9,1.9,1.9,200,2020-10-21 16:15:00,PAVM
1.9,1.9,1.9,1.9,800,2020-10-21 16:20:00,PAVM
1.9077,1.9077,1.9,1.9,990,2020-10-21 16:25:00,PAVM
1.91,1.91,1.91,1.91,1400,2020-10-21 16:30:00,PAVM
1.915,1.915,1.9,1.9,4222,2020-10-21 16:35:00,PAVM
1.9014,1.9017,1.9,1.9017,2200,2020-10-21 16:40:00,PAVM
1.9,1.9,1.9,1.9,400,2020-10-21 16:45:00,PAVM
1.91,1.91,1.91,1.91,400,2020-10-21 17:00:00,PAVM
1.9,1.91,1.9,1.91,400,2020-10-21 17:15:00,PAVM
1.9,1.9,1.9,1.9,200,2020-10-21 17:20:00,PAVM
1.9,1.9,1.9,1.9,200,2020-10-21 17:25:00,PAVM
1.9,1.92,1.9,1.92,1568,2020-10-21 17:30:00,PAVM
1.9,1.9,1.9,1.9,200,2020-10-21 17:35:00,PAVM
1.9,1.9,1.9,1.9,200,2020-10-21 17:40:00,PAVM
1.906,1.906,1.9,1.9,600,2020-10-21 17:45:00,PAVM
1.9,1.9,1.9,1.9,200,2020-10-21 17:50:00,PAVM
1.9,1.9,1.9,1.9,200,2020-10-21 17:55:00,PAVM
1.91,1.91,1.9,1.9,400,2020-10-21 18:00:00,PAVM
1.9115,1.92,1.9115,1.92,400,2020-10-21 18:05:00,PAVM
1.9,1.9,1.9,1.9,800,2020-10-21 18:10:00,PAVM
1.9,1.9,1.9,1.9,200,2020-10-21 18:15:00,PAVM
1.9,1.91,1.9,1.9,800,2020-10-21 18:20:00,PAVM
1.91,1.91,1.91,1.91,200,2020-10-21 18:25:00,PAVM
1.92,1.92,1.92,1.92,200,2020-10-21 18:30:00,PAVM
1.91,1.91,1.91,1.91,400,2020-10-21 18:35:00,PAVM
1.91,1.91,1.91,1.91,1400,2020-10-21 18:40:00,PAVM
1.91,1.91,1.91,1.91,400,2020-10-21 18:45:00,PAVM
1.91,1.91,1.9,1.91,3474,2020-10-21 18:50:00,PAVM
1.9,1.9,1.9,1.9,800,2020-10-21 19:00:00,PAVM
1.91,1.915,1.9,1.9,4386,2020-10-21 19:05:00,PAVM
1.9,1.9,1.9,1.9,200,2020-10-21 19:15:00,PAVM
1.9,1.9,1.9,1.9,600,2020-10-21 19:20:00,PAVM
1.9,1.9,1.9,1.9,200,2020-10-21 19:25:00,PAVM
1.9,1.9,1.9,1.9,400,2020-10-21 19:30:00,PAVM
1.92,1.92,1.9,1.9,2800,2020-10-21 19:35:00,PAVM
1.9,1.9,1.9,1.9,1000,2020-10-21 19:40:00,PAVM
1.92,1.92,1.9,1.9,1600,2020-10-21 19:45:00,PAVM
1.91,1.91,1.9,1.9,2800,2020-10-21 19:50:00,PAVM
1.9,1.92,1.9,1.91,19078,2020-10-21 19:55:00,PAVM
1.91,1.91,1.91,1.91,15684,2020-10-21 20:00:00,PAVM
1.92,1.92,1.92,1.92,4000,2020-10-21 20:05:00,PAVM
1.9299,1.9299,1.9299,1.9299,12120,2020-10-21 20:35:00,PAVM
1.9,1.9,1.9,1.9,200,2020-10-22 12:45:00,PAVM
1.92,1.93,1.9,1.9049,13363,2020-10-22 13:30:00,PAVM
1.91,1.915,1.9,1.9,2800,2020-10-22 13:35:00,PAVM
1.915,1.915,1.915,1.915,2000,2020-10-22 13:40:00,PAVM
1.91,1.93,1.9,1.93,3517,2020-10-22 13:45:00,PAVM
1.9198,1.97,1.9198,1.96,22603,2020-10-22 13:50:00,PAVM
1.96,1.96,1.94,1.94,13624,2020-10-22 13:55:00,PAVM
1.9435,1.945,1.94,1.94,881,2020-10-22 14:00:00,PAVM
1.9401,1.9401,1.93,1.93,798,2020-10-22 14:05:00,PAVM
1.94,1.94,1.89,1.93,21853,2020-10-22 14:10:00,PAVM
1.9095,1.94,1.9095,1.93,6900,2020-10-22 14:20:00,PAVM
1.92,1.94,1.9,1.925,13765,2020-10-22 14:25:00,PAVM
1.921,1.94,1.91,1.915,1600,2020-10-22 14:30:00,PAVM
1.92,1.92,1.92,1.92,156,2020-10-22 14:35:00,PAVM
1.915,1.92,1.89,1.9152,11387,2020-10-22 14:40:00,PAVM
1.91,1.92,1.89,1.91,6390,2020-10-22 14:45:00,PAVM
1.9,1.91,1.89,1.9,3329,2020-10-22 14:50:00,PAVM
1.9,1.91,1.9,1.9,2170,2020-10-22 14:55:00,PAVM
1.91,1.91,1.9,1.9,200,2020-10-22 15:00:00,PAVM
1.9024,1.91,1.9024,1.91,300,2020-10-22 15:05:00,PAVM
1.9001,1.91,1.9001,1.91,300,2020-10-22 15:10:00,PAVM
1.9001,1.92,1.89,1.92,4526,2020-10-22 15:15:00,PAVM
1.8958,1.92,1.89,1.92,500,2020-10-22 15:20:00,PAVM
1.91,1.91,1.91,1.91,200,2020-10-22 15:25:00,PAVM
1.9001,1.9001,1.9001,1.9001,100,2020-10-22 15:30:00,PAVM
1.91,1.92,1.89,1.91,5650,2020-10-22 15:35:00,PAVM
1.92,1.92,1.92,1.92,100,2020-10-22 15:40:00,PAVM
1.92,1.925,1.915,1.925,2500,2020-10-22 15:45:00,PAVM
1.9256,1.93,1.92,1.925,4100,2020-10-22 15:50:00,PAVM
1.93,1.93,1.9289,1.9289,250,2020-10-22 16:15:00,PAVM
1.9257,1.9257,1.9257,1.9257,100,2020-10-22 16:25:00,PAVM
1.92,1.92,1.92,1.92,100,2020-10-22 16:30:00,PAVM
1.92,1.93,1.91,1.93,2440,2020-10-22 16:35:00,PAVM
1.91,1.93,1.91,1.91,400,2020-10-22 16:40:00,PAVM
1.92,1.92,1.92,1.92,100,2020-10-22 16:45:00,PAVM
1.91,1.91,1.91,1.91,100,2020-10-22 16:55:00,PAVM
1.91,1.91,1.91,1.91,200,2020-10-22 17:00:00,PAVM
1.92,1.92,1.91,1.91,300,2020-10-22 17:05:00,PAVM
1.9101,1.9101,1.905,1.905,1800,2020-10-22 17:10:00,PAVM
1.905,1.91,1.905,1.905,300,2020-10-22 17:15:00,PAVM
1.9001,1.905,1.9,1.905,2100,2020-10-22 17:20:00,PAVM
1.9,1.91,1.89,1.9,3490,2020-10-22 17:25:00,PAVM
1.8901,1.93,1.89,1.91,18081,2020-10-22 17:35:00,PAVM
1.93,1.93,1.93,1.93,400,2020-10-22 17:40:00,PAVM
1.9,1.91,1.9,1.91,400,2020-10-22 17:45:00,PAVM
1.93,1.93,1.91,1.91,200,2020-10-22 17:50:00,PAVM
1.9101,1.92,1.9,1.91,11239,2020-10-22 17:55:00,PAVM
1.9173,1.92,1.9,1.92,6400,2020-10-22 18:00:00,PAVM
1.92,1.92,1.92,1.92,200,2020-10-22 18:05:00,PAVM
1.92,1.92,1.91,1.92,500,2020-10-22 18:10:00,PAVM
1.92,1.92,1.92,1.92,100,2020-10-22 18:15:00,PAVM
1.92,1.92,1.92,1.92,100,2020-10-22 18:20:00,PAVM
1.92,1.92,1.91,1.92,347,2020-10-22 18:25:00,PAVM
1.92,1.92,1.91,1.91,700,2020-10-22 18:30:00,PAVM
1.915,1.94,1.91,1.94,27764,2020-10-22 18:35:00,PAVM
1.94,1.95,1.93,1.94,10600,2020-10-22 18:40:00,PAVM
1.94,1.95,1.93,1.95,5350,2020-10-22 18:50:00,PAVM
1.9499,1.97,1.93,1.955,28172,2020-10-22 18:55:00,PAVM
1.9426,1.97,1.94,1.955,1782,2020-10-22 19:00:00,PAVM
1.9519,1.97,1.94,1.95,3900,2020-10-22 19:05:00,PAVM
1.96,1.97,1.95,1.96,6527,2020-10-22 19:10:00,PAVM
1.9658,1.97,1.96,1.96,1519,2020-10-22 19:15:00,PAVM
1.96,1.96,1.95,1.96,803,2020-10-22 19:20:00,PAVM
1.955,1.96,1.9397,1.95,5137,2020-10-22 19:25:00,PAVM
1.945,1.96,1.94,1.96,8724,2020-10-22 19:30:00,PAVM
1.955,1.97,1.955,1.96,2610,2020-10-22 19:35:00,PAVM
1.96,1.9601,1.94,1.95,3516,2020-10-22 19:40:00,PAVM
1.96,1.96,1.95,1.955,1826,2020-10-22 19:45:00,PAVM
1.95,1.9501,1.94,1.9413,1925,2020-10-22 19:50:00,PAVM
1.945,1.96,1.9301,1.96,6378,2020-10-22 19:55:00,PAVM
1.95,1.95,1.95,1.95,17918,2020-10-22 20:00:00,PAVM
1.93,1.93,1.93,1.93,250,2020-10-23 13:05:00,PAVM
1.95,2.0,1.93,2.0,58835,2020-10-23 13:30:00,PAVM
2.0183,2.0183,1.97,1.99,13009,2020-10-23 13:35:00,PAVM
1.975,1.98,1.975,1.98,223,2020-10-23 13:40:00,PAVM
1.97,1.98,1.96,1.96,5600,2020-10-23 13:45:00,PAVM
1.95,1.96,1.93,1.93,19000,2020-10-23 13:50:00,PAVM
1.965,1.965,1.91,1.91,11065,2020-10-23 14:00:00,PAVM
1.9296,1.945,1.92,1.92,5600,2020-10-23 14:05:00,PAVM
1.967,1.967,1.92,1.93,6900,2020-10-23 14:10:00,PAVM
1.93,1.93,1.93,1.93,4320,2020-10-23 14:15:00,PAVM
1.93,1.93,1.93,1.93,1900,2020-10-23 14:20:00,PAVM
1.93,1.93,1.93,1.93,600,2020-10-23 14:25:00,PAVM
1.94,1.941,1.92,1.92,9380,2020-10-23 14:35:00,PAVM
1.92,1.92,1.91,1.91,300,2020-10-23 14:40:00,PAVM
1.95,1.95,1.93,1.93,300,2020-10-23 14:45:00,PAVM
1.95,1.95,1.92,1.92,400,2020-10-23 14:50:00,PAVM
1.945,1.945,1.945,1.945,500,2020-10-23 15:00:00,PAVM
1.95,1.95,1.95,1.95,800,2020-10-23 15:05:00,PAVM
1.95,1.95,1.92,1.92,1410,2020-10-23 15:10:00,PAVM
1.95,1.95,1.92,1.92,24077,2020-10-23 15:40:00,PAVM
1.9449,1.9449,1.9449,1.9449,500,2020-10-23 16:20:00,PAVM
1.95,1.95,1.95,1.95,100,2020-10-23 16:50:00,PAVM
1.94,1.94,1.94,1.94,200,2020-10-23 17:00:00,PAVM
1.945,1.945,1.945,1.945,800,2020-10-23 17:10:00,PAVM
1.94,1.94,1.94,1.94,100,2020-10-23 17:20:00,PAVM
1.94,1.94,1.935,1.935,400,2020-10-23 17:30:00,PAVM
1.93,1.93,1.93,1.93,100,2020-10-23 17:40:00,PAVM
1.9399,1.94,1.93,1.93,11088,2020-10-23 17:55:00,PAVM
1.935,1.94,1.93,1.93,400,2020-10-23 18:35:00,PAVM
1.94,1.94,1.93,1.94,4597,2020-10-23 18:45:00,PAVM
1.94,1.94,1.93,1.935,3356,2020-10-23 19:05:00,PAVM
1.94,1.94,1.94,1.94,100,2020-10-23 19:10:00,PAVM
1.94,1.94,1.94,1.94,800,2020-10-23 19:15:00,PAVM
1.95,1.96,1.93,1.94,23591,2020-10-23 19:25:00,PAVM
1.9459,1.95,1.93,1.94,25397,2020-10-23 19:30:00,PAVM
1.94,1.94,1.94,1.94,820,2020-10-23 19:35:00,PAVM
1.9397,1.95,1.93,1.93,4440,2020-10-23 19:45:00,PAVM
1.93,1.94,1.93,1.93,3100,2020-10-23 19:50:00,PAVM
1.95,1.95,1.93,1.94,10206,2020-10-23 19:55:00,PAVM
1.94,1.94,1.94,1.94,10112,2020-10-23 20:00:00,PAVM
1.94,1.94,1.94,1.94,406,2020-10-23 21:30:00,PAVM
1.92,1.92,1.92,1.92,1000,2020-10-23 22:15:00,PAVM
1.96,1.96,1.92,1.95,12634,2020-10-26 13:30:00,PAVM
1.935,1.9482,1.91,1.9482,13024,2020-10-26 13:35:00,PAVM
1.9201,1.96,1.9201,1.9301,10910,2020-10-26 13:55:00,PAVM
1.96,1.96,1.93,1.96,830,2020-10-26 14:00:00,PAVM
1.9475,1.96,1.93,1.96,2261,2020-10-26 14:05:00,PAVM
1.96,1.97,1.96,1.96,500,2020-10-26 14:10:00,PAVM
1.96,1.96,1.96,1.96,100,2020-10-26 14:15:00,PAVM
1.955,1.96,1.94,1.94,2822,2020-10-26 14:20:00,PAVM
1.96,1.97,1.94,1.97,6400,2020-10-26 14:30:00,PAVM
1.97,1.97,1.97,1.97,100,2020-10-26 14:35:00,PAVM
1.97,1.97,1.97,1.97,500,2020-10-26 14:40:00,PAVM
1.97,1.97,1.95,1.97,700,2020-10-26 14:45:00,PAVM
1.97,1.97,1.93,1.96,10872,2020-10-26 14:50:00,PAVM
1.96,1.96,1.93,1.96,1528,2020-10-26 14:55:00,PAVM
1.96,1.96,1.945,1.96,1500,2020-10-26 15:00:00,PAVM
1.96,1.96,1.93,1.96,9000,2020-10-26 15:05:00,PAVM
1.96,1.96,1.96,1.96,700,2020-10-26 15:10:00,PAVM
1.96,1.96,1.93,1.94,4290,2020-10-26 15:15:00,PAVM
1.93,1.9348,1.91,1.91,13186,2020-10-26 15:20:00,PAVM
1.93,1.94,1.93,1.93,400,2020-10-26 15:25:00,PAVM
1.925,1.95,1.91,1.95,11445,2020-10-26 15:30:00,PAVM
1.95,1.95,1.92,1.95,1200,2020-10-26 15:35:00,PAVM
1.95,1.95,1.95,1.95,800,2020-10-26 15:40:00,PAVM
1.95,1.95,1.92,1.95,600,2020-10-26 15:45:00,PAVM
1.92,1.94,1.92,1.94,600,2020-10-26 15:50:00,PAVM
1.94,1.94,1.94,1.94,100,2020-10-26 15:55:00,PAVM
1.9201,1.93,1.91,1.915,5661,2020-10-26 16:00:00,PAVM
1.91,1.93,1.9,1.91,13926,2020-10-26 16:05:00,PAVM
1.92,1.92,1.89,1.89,10734,2020-10-26 16:10:00,PAVM
1.9,1.9,1.9,1.9,446,2020-10-26 16:15:00,PAVM
1.92,1.92,1.9,1.92,1450,2020-10-26 16:20:00,PAVM
1.92,1.92,1.9,1.92,500,2020-10-26 16:25:00,PAVM
1.92,1.92,1.92,1.92,100,2020-10-26 16:30:00,PAVM
1.9,1.9,1.89,1.89,6333,2020-10-26 16:35:00,PAVM
1.89,1.91,1.89,1.89,5905,2020-10-26 16:40:00,PAVM
1.89,1.8903,1.89,1.89,300,2020-10-26 16:45:00,PAVM
1.91,1.91,1.88,1.88,12535,2020-10-26 16:50:00,PAVM
1.8904,1.9,1.88,1.88,8100,2020-10-26 16:55:00,PAVM
1.9,1.9,1.88,1.9,10800,2020-10-26 17:00:00,PAVM
1.9,1.9,1.9,1.9,200,2020-10-26 17:05:00,PAVM
1.9,1.9,1.88,1.89,650,2020-10-26 17:10:00,PAVM
1.89,1.8901,1.88,1.88,1400,2020-10-26 17:20:00,PAVM
1.8878,1.89,1.885,1.885,937,2020-10-26 17:25:00,PAVM
1.88,1.89,1.85,1.85,17319,2020-10-26 17:30:00,PAVM
1.87,1.87,1.86,1.86,800,2020-10-26 17:35:00,PAVM
1.8543,1.86,1.85,1.855,9200,2020-10-26 17:40:00,PAVM
1.855,1.887,1.84,1.887,31266,2020-10-26 17:45:00,PAVM
1.8899,1.9,1.87,1.87,2901,2020-10-26 17:50:00,PAVM
1.9,1.9,1.9,1.9,100,2020-10-26 17:55:00,PAVM
1.9,1.9,1.88,1.88,200,2020-10-26 18:00:00,PAVM
1.9,1.9,1.88,1.89,2972,2020-10-26 18:05:00,PAVM
1.895,1.9,1.89,1.897,1200,2020-10-26 18:10:00,PAVM
1.9,1.9,1.88,1.88,8635,2020-10-26 18:20:00,PAVM
1.8999,1.9,1.87,1.8877,14036,2020-10-26 18:25:00,PAVM
1.8999,1.9,1.88,1.9,16300,2020-10-26 18:30:00,PAVM
1.8946,1.9,1.88,1.88,6700,2020-10-26 18:35:00,PAVM
1.8829,1.9,1.88,1.88,11100,2020-10-26 18:40:00,PAVM
1.89,1.89,1.89,1.89,600,2020-10-26 18:45:00,PAVM
1.88,1.9,1.88,1.9,1400,2020-10-26 18:55:00,PAVM
1.9,1.9,1.9,1.9,1400,2020-10-26 19:00:00,PAVM
1.9105,1.9105,1.89,1.91,1800,2020-10-26 19:05:00,PAVM
1.909,1.909,1.8902,1.8902,1100,2020-10-26 19:10:00,PAVM
1.895,1.92,1.88,1.9077,22685,2020-10-26 19:25:00,PAVM
1.9,1.9,1.88,1.88,1050,2020-10-26 19:30:00,PAVM
1.9062,1.9062,1.895,1.9,8000,2020-10-26 19:35:00,PAVM
1.9,1.9,1.89,1.89,900,2020-10-26 19:40:00,PAVM
1.88,1.89,1.88,1.89,19550,2020-10-26 19:45:00,PAVM
1.88,1.9,1.88,1.89,5311,2020-10-26 19:55:00,PAVM
1.89,1.89,1.89,1.89,6067,2020-10-26 20:00:00,PAVM
1.87,1.87,1.87,1.87,603,2020-10-26 20:25:00,PAVM
1.87,1.9074,1.87,1.9074,7316,2020-10-27 13:30:00,PAVM
1.8919,1.91,1.89,1.89,20400,2020-10-27 13:35:00,PAVM
1.8913,1.8913,1.8913,1.8913,500,2020-10-27 13:40:00,PAVM
1.89,1.8945,1.88,1.88,8200,2020-10-27 13:45:00,PAVM
1.88,1.8945,1.87,1.87,4814,2020-10-27 13:50:00,PAVM
1.9,1.9,1.9,1.9,100,2020-10-27 13:55:00,PAVM
1.9,1.9,1.88,1.8924,7668,2020-10-27 14:00:00,PAVM
1.9,1.9,1.9,1.9,200,2020-10-27 14:05:00,PAVM
1.9,1.9,1.9,1.9,200,2020-10-27 14:10:00,PAVM
1.883,1.883,1.883,1.883,150,2020-10-27 14:15:00,PAVM
1.8883,1.89,1.87,1.87,12098,2020-10-27 14:20:00,PAVM
1.88,1.88,1.88,1.88,300,2020-10-27 14:30:00,PAVM
1.8799,1.8799,1.87,1.875,1200,2020-10-27 14:35:00,PAVM
1.874,1.874,1.874,1.874,1000,2020-10-27 14:50:00,PAVM
1.88,1.88,1.875,1.88,1400,2020-10-27 14:55:00,PAVM
1.87,1.88,1.86,1.86,28498,2020-10-27 15:05:00,PAVM
1.86,1.86,1.85,1.86,1701,2020-10-27 15:10:00,PAVM
1.85,1.87,1.85,1.86,700,2020-10-27 15:15:00,PAVM
1.86,1.8661,1.86,1.8661,600,2020-10-27 15:20:00,PAVM
1.86,1.86,1.85,1.855,3506,2020-10-27 15:25:00,PAVM
1.8599,1.8599,1.85,1.85,350,2020-10-27 15:30:00,PAVM
1.855,1.87,1.85,1.87,6700,2020-10-27 15:35:00,PAVM
1.865,1.865,1.86,1.86,3700,2020-10-27 15:40:00,PAVM
1.86,1.86,1.86,1.86,100,2020-10-27 15:45:00,PAVM
1.8656,1.8656,1.86,1.865,2490,2020-10-27 15:50:00,PAVM
1.86,1.86,1.86,1.86,100,2020-10-27 15:55:00,PAVM
1.864,1.865,1.86,1.86,1300,2020-10-27 16:00:00,PAVM
1.86,1.86,1.86,1.86,100,2020-10-27 16:05:00,PAVM
1.865,1.865,1.865,1.865,200,2020-10-27 16:10:00,PAVM
1.865,1.87,1.86,1.86,7111,2020-10-27 16:15:00,PAVM
1.865,1.8658,1.86,1.86,3600,2020-10-27 16:20:00,PAVM
1.865,1.865,1.85,1.85,2039,2020-10-27 16:25:00,PAVM
1.8623,1.8623,1.85,1.86,675,2020-10-27 16:30:00,PAVM
1.86,1.86,1.86,1.86,500,2020-10-27 16:35:00,PAVM
1.86,1.87,1.85,1.85,35970,2020-10-27 16:40:00,PAVM
1.8691,1.8694,1.85,1.85,4800,2020-10-27 16:45:00,PAVM
1.85,1.87,1.85,1.85,1700,2020-10-27 16:50:00,PAVM
1.85,1.85,1.85,1.85,600,2020-10-27 16:55:00,PAVM
1.85,1.8699,1.85,1.86,5100,2020-10-27 17:00:00,PAVM
1.86,1.86,1.86,1.86,400,2020-10-27 17:05:00,PAVM
1.86,1.86,1.86,1.86,100,2020-10-27 17:10:00,PAVM
1.8699,1.87,1.86,1.87,4400,2020-10-27 17:25:00,PAVM
1.8697,1.87,1.8697,1.87,200,2020-10-27 17:30:00,PAVM
1.87,1.87,1.87,1.87,300,2020-10-27 17:35:00,PAVM
1.88,1.91,1.8751,1.9,7324,2020-10-27 17:45:00,PAVM
1.8835,1.91,1.8835,1.91,1900,2020-10-27 17:50:00,PAVM
1.92,1.93,1.89,1.89,27641,2020-10-27 17:55:00,PAVM
1.9149,1.93,1.89,1.9289,16960,2020-10-27 18:00:00,PAVM
1.925,1.95,1.91,1.92,24148,2020-10-27 18:05:00,PAVM
1.918,1.9299,1.915,1.925,8307,2020-10-27 18:10:00,PAVM
1.925,1.925,1.91,1.92,3007,2020-10-27 18:15:00,PAVM
1.92,1.925,1.9155,1.9155,4950,2020-10-27 18:20:00,PAVM
1.93,1.93,1.91,1.92,5128,2020-10-27 18:25:00,PAVM
1.91,1.93,1.91,1.93,465,2020-10-27 18:30:00,PAVM
1.91,1.9204,1.91,1.92,7300,2020-10-27 18:35:00,PAVM
1.91,1.91,1.91,1.91,100,2020-10-27 18:40:00,PAVM
1.91,1.9299,1.91,1.925,4050,2020-10-27 18:45:00,PAVM
1.92,1.925,1.9126,1.9126,1780,2020-10-27 18:50:00,PAVM
1.92,1.92,1.92,1.92,200,2020-10-27 18:55:00,PAVM
1.93,1.93,1.93,1.93,1637,2020-10-27 19:00:00,PAVM
1.932,1.94,1.93,1.93,663,2020-10-27 19:05:00,PAVM
1.94,1.9407,1.9361,1.9407,2598,2020-10-27 19:15:00,PAVM
1.94,1.95,1.9373,1.94,700,2020-10-27 19:20:00,PAVM
1.95,1.95,1.94,1.94,2150,2020-10-27 19:25:00,PAVM
1.9476,1.9476,1.93,1.93,600,2020-10-27 19:35:00,PAVM
1.95,1.95,1.932,1.94,12250,2020-10-27 19:40:00,PAVM
1.93,1.93,1.93,1.93,200,2020-10-27 19:45:00,PAVM
1.93,1.947,1.92,1.93,2802,2020-10-27 19:50:00,PAVM
1.94,1.95,1.93,1.95,3087,2020-10-27 19:55:00,PAVM
1.93,1.93,1.93,1.93,7601,2020-10-27 20:00:00,PAVM
1.9,1.9024,1.9,1.9024,765,2020-10-28 13:30:00,PAVM
1.9001,1.9112,1.9001,1.9112,303,2020-10-28 13:35:00,PAVM
1.91,1.91,1.88,1.9042,14000,2020-10-28 13:40:00,PAVM
1.8848,1.8972,1.8848,1.8972,567,2020-10-28 13:50:00,PAVM
1.9099,1.9099,1.9099,1.9099,600,2020-10-28 13:55:00,PAVM
1.905,1.905,1.89,1.89,4800,2020-10-28 14:00:00,PAVM
1.89,1.89,1.885,1.885,841,2020-10-28 14:05:00,PAVM
1.89,1.89,1.89,1.89,100,2020-10-28 14:10:00,PAVM
1.88,1.9,1.88,1.8899,12000,2020-10-28 14:15:00,PAVM
1.88,1.8894,1.88,1.88,5000,2020-10-28 14:20:00,PAVM
1.8801,1.8912,1.88,1.88,2250,2020-10-28 14:25:00,PAVM
1.8889,1.9,1.87,1.88,47290,2020-10-28 14:30:00,PAVM
1.8835,1.8835,1.8835,1.8835,540,2020-10-28 14:35:00,PAVM
1.9099,1.9099,1.89,1.89,400,2020-10-28 14:45:00,PAVM
1.91,1.92,1.89,1.89,6114,2020-10-28 14:50:00,PAVM
1.8962,1.8962,1.8962,1.8962,150,2020-10-28 15:00:00,PAVM
1.8989,1.8989,1.8989,1.8989,100,2020-10-28 15:10:00,PAVM
1.9,1.9,1.9,1.9,1500,2020-10-28 15:15:00,PAVM
1.901,1.901,1.89,1.89,1901,2020-10-28 15:20:00,PAVM
1.9,1.9,1.89,1.89,1100,2020-10-28 15:30:00,PAVM
1.89,1.899,1.89,1.89,1200,2020-10-28 15:35:00,PAVM
1.91,1.91,1.91,1.91,100,2020-10-28 15:40:00,PAVM
1.9,1.9,1.8942,1.9,5900,2020-10-28 15:45:00,PAVM
1.91,1.92,1.9,1.91,8911,2020-10-28 15:50:00,PAVM
1.91,1.91,1.91,1.91,100,2020-10-28 15:55:00,PAVM
1.91,1.91,1.91,1.91,100,2020-10-28 16:10:00,PAVM
1.9101,1.9155,1.91,1.9155,2200,2020-10-28 16:15:00,PAVM
1.9145,1.9145,1.9145,1.9145,260,2020-10-28 16:20:00,PAVM
1.92,1.92,1.9,1.9,4200,2020-10-28 16:25:00,PAVM
1.9114,1.9114,1.9098,1.9098,765,2020-10-28 16:30:00,PAVM
1.9,1.9,1.9,1.9,400,2020-10-28 16:35:00,PAVM
1.9,1.9,1.9,1.9,100,2020-10-28 16:40:00,PAVM
1.9,1.9,1.9,1.9,100,2020-10-28 16:45:00,PAVM
1.8954,1.92,1.89,1.91,15428,2020-10-28 17:00:00,PAVM
1.9111,1.9111,1.9111,1.9111,100,2020-10-28 17:05:00,PAVM
1.91,1.91,1.91,1.91,400,2020-10-28 17:10:00,PAVM
1.91,1.91,1.9,1.9,768,2020-10-28 17:15:00,PAVM
1.907,1.907,1.907,1.907,100,2020-10-28 17:35:00,PAVM
1.9,1.9,1.89,1.89,6300,2020-10-28 17:40:00,PAVM
1.9,1.91,1.89,1.9,8500,2020-10-28 17:45:00,PAVM
1.9038,1.9038,1.89,1.89,5500,2020-10-28 17:50:00,PAVM
1.9036,1.91,1.89,1.89,30200,2020-10-28 17:55:00,PAVM
1.9099,1.91,1.89,1.91,885,2020-10-28 18:00:00,PAVM
1.89,1.89,1.89,1.89,300,2020-10-28 18:05:00,PAVM
1.89,1.9,1.89,1.9,500,2020-10-28 18:10:00,PAVM
1.89,1.9,1.89,1.9,8000,2020-10-28 18:25:00,PAVM
1.89,1.91,1.89,1.89,2300,2020-10-28 18:30:00,PAVM
1.89,1.9,1.89,1.895,1000,2020-10-28 18:35:00,PAVM
1.89,1.895,1.89,1.89,435,2020-10-28 18:40:00,PAVM
1.8911,1.9,1.8911,1.9,235,2020-10-28 18:45:00,PAVM
1.8967,1.8967,1.895,1.895,2760,2020-10-28 18:50:00,PAVM
1.89,1.9,1.89,1.89,3577,2020-10-28 18:55:00,PAVM
1.91,1.91,1.89,1.9,6385,2020-10-28 19:00:00,PAVM
1.89,1.895,1.89,1.895,200,2020-10-28 19:05:00,PAVM
1.89,1.9,1.89,1.89,400,2020-10-28 19:10:00,PAVM
1.89,1.895,1.89,1.895,1200,2020-10-28 19:15:00,PAVM
1.89,1.89,1.89,1.89,300,2020-10-28 19:20:00,PAVM
1.8911,1.8911,1.8911,1.8911,100,2020-10-28 19:25:00,PAVM
1.89,1.9,1.89,1.9,12390,2020-10-28 19:30:00,PAVM
1.89,1.9,1.89,1.89,6000,2020-10-28 19:35:00,PAVM
1.89,1.9,1.89,1.89,12500,2020-10-28 19:40:00,PAVM
1.89,1.89,1.88,1.88,8507,2020-10-28 19:45:00,PAVM
1.8801,1.896,1.88,1.89,14290,2020-10-28 19:50:00,PAVM
1.88,1.885,1.87,1.88,20567,2020-10-28 19:55:00,PAVM
1.88,1.88,1.88,1.88,10917,2020-10-28 20:00:00,PAVM
1.89,1.89,1.89,1.89,100,2020-10-28 23:55:00,PAVM
1.88,1.88,1.87,1.87,1263,2020-10-29 13:30:00,PAVM
1.87,1.8767,1.84,1.85,30872,2020-10-29 13:35:00,PAVM
1.855,1.86,1.85,1.86,4760,2020-10-29 13:40:00,PAVM
1.8566,1.8566,1.82,1.82,18161,2020-10-29 13:45:00,PAVM
1.82,1.84,1.82,1.83,23527,2020-10-29 13:50:00,PAVM
1.835,1.85,1.835,1.845,8383,2020-10-29 13:55:00,PAVM
1.844,1.845,1.835,1.8385,2500,2020-10-29 14:00:00,PAVM
1.84,1.84,1.84,1.84,100,2020-10-29 14:05:00,PAVM
1.84,1.84,1.84,1.84,363,2020-10-29 14:10:00,PAVM
1.8499,1.8499,1.84,1.84,10800,2020-10-29 14:15:00,PAVM
1.8481,1.8481,1.845,1.845,452,2020-10-29 14:20:00,PAVM
1.8496,1.85,1.84,1.85,3450,2020-10-29 14:25:00,PAVM
1.845,1.85,1.84,1.845,14158,2020-10-29 14:30:00,PAVM
1.84,1.845,1.84,1.845,800,2020-10-29 14:35:00,PAVM
1.8463,1.8463,1.84,1.845,1271,2020-10-29 14:40:00,PAVM
1.84,1.8499,1.84,1.845,1314,2020-10-29 14:45:00,PAVM
1.8451,1.8451,1.84,1.84,7292,2020-10-29 14:50:00,PAVM
1.84,1.845,1.84,1.845,1600,2020-10-29 14:55:00,PAVM
1.84,1.8411,1.84,1.84,1200,2020-10-29 15:00:00,PAVM
1.84,1.8411,1.84,1.8411,400,2020-10-29 15:05:00,PAVM
1.845,1.845,1.845,1.845,181,2020-10-29 15:10:00,PAVM
1.8499,1.85,1.84,1.85,11600,2020-10-29 15:15:00,PAVM
1.845,1.845,1.84,1.845,5800,2020-10-29 15:20:00,PAVM
1.8481,1.85,1.84,1.845,1039,2020-10-29 15:25:00,PAVM
1.84,1.845,1.84,1.84,1200,2020-10-29 15:30:00,PAVM
1.84,1.84,1.84,1.84,200,2020-10-29 15:35:00,PAVM
1.84,1.84,1.84,1.84,100,2020-10-29 15:40:00,PAVM
1.84,1.8401,1.84,1.84,2300,2020-10-29 15:45:00,PAVM
1.849,1.849,1.84,1.84,2472,2020-10-29 15:50:00,PAVM
1.84,1.8401,1.83,1.83,11980,2020-10-29 15:55:00,PAVM
1.83,1.8399,1.83,1.83,4300,2020-10-29 16:00:00,PAVM
1.83,1.835,1.83,1.83,1500,2020-10-29 16:05:00,PAVM
1.83,1.835,1.83,1.835,905,2020-10-29 16:10:00,PAVM
1.838,1.838,1.83,1.83,2100,2020-10-29 16:15:00,PAVM
1.8389,1.8399,1.82,1.82,15184,2020-10-29 16:20:00,PAVM
1.825,1.83,1.82,1.82,1300,2020-10-29 16:25:00,PAVM
1.82,1.83,1.82,1.83,15983,2020-10-29 16:30:00,PAVM
1.8266,1.8288,1.82,1.8284,1700,2020-10-29 16:35:00,PAVM
1.82,1.8299,1.82,1.82,13200,2020-10-29 16:40:00,PAVM
1.82,1.8293,1.82,1.82,2000,2020-10-29 16:45:00,PAVM
1.82,1.8272,1.82,1.82,1800,2020-10-29 16:50:00,PAVM
1.825,1.83,1.82,1.82,11600,2020-10-29 16:55:00,PAVM
1.82,1.8299,1.82,1.82,2150,2020-10-29 17:00:00,PAVM
1.82,1.83,1.82,1.82,23305,2020-10-29 17:05:00,PAVM
1.82,1.82,1.82,1.82,1773,2020-10-29 17:10:00,PAVM
1.82,1.83,1.82,1.82,1904,2020-10-29 17:15:00,PAVM
1.82,1.8201,1.8,1.82,32154,2020-10-29 17:20:00,PAVM
1.8199,1.8199,1.81,1.81,2500,2020-10-29 17:25:00,PAVM
1.82,1.82,1.81,1.82,5727,2020-10-29 17:30:00,PAVM
1.82,1.825,1.82,1.82,2600,2020-10-29 17:35:00,PAVM
1.8289,1.8289,1.82,1.82,8975,2020-10-29 17:40:00,PAVM
1.82,1.8286,1.82,1.82,400,2020-10-29 17:45:00,PAVM
1.82,1.8299,1.82,1.82,1769,2020-10-29 17:50:00,PAVM
1.82,1.84,1.82,1.83,18502,2020-10-29 17:55:00,PAVM
1.84,1.84,1.82,1.84,29355,2020-10-29 18:00:00,PAVM
1.84,1.8499,1.83,1.84,6603,2020-10-29 18:05:00,PAVM
1.84,1.85,1.83,1.84,9756,2020-10-29 18:10:00,PAVM
1.8437,1.85,1.84,1.85,3600,2020-10-29 18:15:00,PAVM
1.855,1.8699,1.855,1.8699,2650,2020-10-29 18:20:00,PAVM
1.8633,1.8633,1.85,1.855,9510,2020-10-29 18:25:00,PAVM
1.86,1.86,1.855,1.855,5312,2020-10-29 18:35:00,PAVM
1.86,1.87,1.855,1.87,1176,2020-10-29 18:40:00,PAVM
1.86,1.86,1.85,1.85,5281,2020-10-29 18:45:00,PAVM
1.85,1.85,1.85,1.85,200,2020-10-29 18:50:00,PAVM
1.86,1.8699,1.855,1.865,5900,2020-10-29 18:55:00,PAVM
1.8681,1.9454,1.86,1.9112,160982,2020-10-29 19:00:00,PAVM
1.93,1.93,1.85,1.855,94253,2020-10-29 19:05:00,PAVM
1.855,1.868,1.84,1.8623,32081,2020-10-29 19:10:00,PAVM
1.855,1.8595,1.85,1.85,5929,2020-10-29 19:15:00,PAVM
1.85,1.8599,1.84,1.84,3260,2020-10-29 19:20:00,PAVM
1.84,1.86,1.84,1.84,7896,2020-10-29 19:25:00,PAVM
1.85,1.855,1.84,1.84,9494,2020-10-29 19:30:00,PAVM
1.84,1.86,1.84,1.8489,8350,2020-10-29 19:35:00,PAVM
1.845,1.87,1.845,1.845,11013,2020-10-29 19:40:00,PAVM
1.85,1.85,1.83,1.85,33508,2020-10-29 19:45:00,PAVM
1.845,1.85,1.84,1.84,6440,2020-10-29 19:50:00,PAVM
1.845,1.85,1.84,1.85,17588,2020-10-29 19:55:00,PAVM
1.85,1.85,1.85,1.85,7723,2020-10-29 20:00:00,PAVM
1.84,1.84,1.84,1.84,1990,2020-10-29 20:30:00,PAVM
1.84,1.84,1.84,1.84,200,2020-10-29 20:40:00,PAVM
1.84,1.84,1.84,1.84,1000,2020-10-29 20:55:00,PAVM
1.84,1.84,1.84,1.84,1000,2020-10-29 21:15:00,PAVM
1.84,1.84,1.84,1.84,100,2020-10-29 21:55:00,PAVM
1.84,1.84,1.84,1.84,1800,2020-10-29 22:10:00,PAVM
1.84,1.84,1.84,1.84,2467,2020-10-29 22:30:00,PAVM
1.85,1.85,1.85,1.85,100,2020-10-30 12:25:00,PAVM
1.84,1.84,1.84,1.84,4868,2020-10-30 13:05:00,PAVM
1.84,1.84,1.84,1.84,1737,2020-10-30 13:10:00,PAVM
1.86,1.865,1.82,1.85,16530,2020-10-30 13:30:00,PAVM
1.86,1.86,1.8516,1.86,3374,2020-10-30 13:35:00,PAVM
1.85,1.85,1.83,1.835,12418,2020-10-30 13:40:00,PAVM
1.82,1.8499,1.8,1.814,40936,2020-10-30 13:45:00,PAVM
1.837,1.837,1.77,1.78,58897,2020-10-30 13:50:00,PAVM
1.78,1.8278,1.78,1.8278,3211,2020-10-30 13:55:00,PAVM
1.82,1.8211,1.81,1.81,10500,2020-10-30 14:00:00,PAVM
1.83,1.83,1.81,1.81,1200,2020-10-30 14:05:00,PAVM
1.81,1.82,1.79,1.811,35874,2020-10-30 14:15:00,PAVM
1.81,1.8112,1.8,1.8,12550,2020-10-30 14:20:00,PAVM
1.8098,1.81,1.78,1.78,20886,2020-10-30 14:25:00,PAVM
1.7822,1.8,1.78,1.79,16515,2020-10-30 14:30:00,PAVM
1.78,1.7916,1.78,1.78,5110,2020-10-30 14:35:00,PAVM
1.78,1.78,1.77,1.77,16768,2020-10-30 14:40:00,PAVM
1.7755,1.79,1.77,1.78,8634,2020-10-30 14:45:00,PAVM
1.78,1.7899,1.77,1.7701,36388,2020-10-30 14:50:00,PAVM
1.77,1.78,1.75,1.75,92321,2020-10-30 14:55:00,PAVM
1.76,1.77,1.75,1.7699,27820,2020-10-30 15:00:00,PAVM
1.76,1.7611,1.75,1.76,6104,2020-10-30 15:05:00,PAVM
1.76,1.77,1.76,1.76,4974,2020-10-30 15:10:00,PAVM
1.76,1.78,1.76,1.7689,5250,2020-10-30 15:15:00,PAVM
1.77,1.77,1.77,1.77,250,2020-10-30 15:20:00,PAVM
1.765,1.765,1.75,1.758,22620,2020-10-30 15:25:00,PAVM
1.7589,1.76,1.75,1.755,700,2020-10-30 15:30:00,PAVM
1.755,1.76,1.75,1.755,9145,2020-10-30 15:35:00,PAVM
1.76,1.76,1.755,1.76,4596,2020-10-30 15:40:00,PAVM
1.765,1.77,1.765,1.7655,1765,2020-10-30 15:45:00,PAVM
1.78,1.795,1.77,1.795,6960,2020-10-30 15:50:00,PAVM
1.7901,1.7902,1.7886,1.7886,5890,2020-10-30 15:55:00,PAVM
1.79,1.79,1.79,1.79,100,2020-10-30 16:00:00,PAVM
1.79,1.8,1.79,1.8,4050,2020-10-30 16:05:00,PAVM
1.79,1.79,1.7814,1.7814,2200,2020-10-30 16:10:00,PAVM
1.78,1.797,1.78,1.797,300,2020-10-30 16:15:00,PAVM
1.78,1.7974,1.78,1.7974,600,2020-10-30 16:20:00,PAVM
1.79,1.79,1.79,1.79,473,2020-10-30 16:25:00,PAVM
1.7801,1.7801,1.7801,1.7801,165,2020-10-30 16:30:00,PAVM
1.785,1.785,1.785,1.785,106,2020-10-30 16:35:00,PAVM
1.78,1.78,1.78,1.78,2998,2020-10-30 16:45:00,PAVM
1.78,1.78,1.7747,1.7747,2100,2020-10-30 16:50:00,PAVM
1.77,1.77,1.77,1.77,100,2020-10-30 16:55:00,PAVM
1.77,1.7789,1.77,1.77,2623,2020-10-30 17:00:00,PAVM
1.76,1.76,1.76,1.76,500,2020-10-30 17:05:00,PAVM
1.76,1.77,1.76,1.76,2100,2020-10-30 17:10:00,PAVM
1.7682,1.7713,1.76,1.77,1132,2020-10-30 17:15:00,PAVM
1.7775,1.78,1.76,1.77,33160,2020-10-30 17:20:00,PAVM
1.76,1.7709,1.76,1.77,1750,2020-10-30 17:25:00,PAVM
1.7683,1.7799,1.76,1.77,6672,2020-10-30 17:30:00,PAVM
1.78,1.78,1.76,1.76,1500,2020-10-30 17:35:00,PAVM
1.76,1.77,1.76,1.77,850,2020-10-30 17:40:00,PAVM
1.77,1.77,1.7601,1.7672,7152,2020-10-30 17:45:00,PAVM
1.765,1.77,1.76,1.77,28487,2020-10-30 17:50:00,PAVM
1.76,1.77,1.76,1.76,15607,2020-10-30 17:55:00,PAVM
1.7608,1.7608,1.75,1.76,5466,2020-10-30 18:00:00,PAVM
1.76,1.76,1.76,1.76,600,2020-10-30 18:05:00,PAVM
1.76,1.765,1.76,1.7625,3400,2020-10-30 18:10:00,PAVM
1.76,1.7673,1.76,1.76,901,2020-10-30 18:15:00,PAVM
1.76,1.77,1.75,1.75,4786,2020-10-30 18:20:00,PAVM
1.76,1.7602,1.76,1.76,2900,2020-10-30 18:25:00,PAVM
1.7699,1.7699,1.75,1.76,3961,2020-10-30 18:30:00,PAVM
1.765,1.7689,1.75,1.7667,11544,2020-10-30 18:35:00,PAVM
1.7694,1.77,1.76,1.76,9900,2020-10-30 18:40:00,PAVM
1.76,1.76,1.7573,1.76,1200,2020-10-30 18:45:00,PAVM
1.75,1.75,1.75,1.75,400,2020-10-30 18:50:00,PAVM
1.76,1.765,1.7588,1.7588,5756,2020-10-30 19:00:00,PAVM
1.75,1.75,1.75,1.75,400,2020-10-30 19:05:00,PAVM
1.76,1.76,1.75,1.75,403,2020-10-30 19:10:00,PAVM
1.75,1.766,1.75,1.7538,700,2020-10-30 19:15:00,PAVM
1.75,1.76,1.75,1.76,900,2020-10-30 19:20:00,PAVM
1.75,1.77,1.75,1.76,2550,2020-10-30 19:25:00,PAVM
1.76,1.765,1.75,1.75,3609,2020-10-30 19:30:00,PAVM
1.7583,1.77,1.75,1.77,17040,2020-10-30 19:35:00,PAVM
1.77,1.8,1.765,1.7999,18106,2020-10-30 19:40:00,PAVM
1.785,1.81,1.77,1.8,12239,2020-10-30 19:45:00,PAVM
1.78,1.795,1.78,1.79,839,2020-10-30 19:50:00,PAVM
1.79,1.82,1.78,1.8,43661,2020-10-30 19:55:00,PAVM
1.79,1.86,1.79,1.86,17700,2020-10-30 20:00:00,PAVM
1.8,1.8,1.8,1.8,1000,2020-10-30 23:15:00,PAVM
