open,high,low,close,volume,datetime,symbol
7.11,7.11,7.11,7.11,377,2021-06-01 08:00:00,NNDM
7.11,7.11,7.1,7.1,1218,2021-06-01 08:05:00,NNDM
7.1,7.13,7.1,7.13,3683,2021-06-01 08:10:00,NNDM
7.15,7.25,7.15,7.2,2693,2021-06-01 08:15:00,NNDM
7.2,7.21,7.2,7.21,2257,2021-06-01 08:20:00,NNDM
7.21,7.25,7.21,7.25,1412,2021-06-01 08:25:00,NNDM
7.26,7.31,7.26,7.3,2170,2021-06-01 08:30:00,NNDM
7.25,7.25,7.21,7.24,2401,2021-06-01 08:35:00,NNDM
7.22,7.22,7.21,7.22,3815,2021-06-01 08:40:00,NNDM
7.22,7.22,7.21,7.22,1168,2021-06-01 08:45:00,NNDM
7.22,7.22,7.22,7.22,281,2021-06-01 08:50:00,NNDM
7.22,7.22,7.22,7.22,6130,2021-06-01 08:55:00,NNDM
7.24,7.27,7.24,7.27,400,2021-06-01 09:00:00,NNDM
7.28,7.28,7.27,7.28,926,2021-06-01 09:05:00,NNDM
7.25,7.3,7.25,7.3,355,2021-06-01 09:10:00,NNDM
7.31,7.31,7.3,7.3,460,2021-06-01 09:15:00,NNDM
7.3,7.3,7.3,7.3,775,2021-06-01 09:25:00,NNDM
7.31,7.32,7.31,7.32,506,2021-06-01 09:30:00,NNDM
7.32,7.32,7.32,7.32,645,2021-06-01 09:35:00,NNDM
7.32,7.33,7.32,7.32,1432,2021-06-01 09:40:00,NNDM
7.32,7.32,7.32,7.32,292,2021-06-01 09:45:00,NNDM
7.32,7.34,7.32,7.34,574,2021-06-01 09:50:00,NNDM
7.33,7.33,7.33,7.33,280,2021-06-01 10:00:00,NNDM
7.31,7.31,7.31,7.31,600,2021-06-01 10:05:00,NNDM
7.27,7.28,7.27,7.28,352,2021-06-01 10:10:00,NNDM
7.29,7.29,7.28,7.28,1350,2021-06-01 10:20:00,NNDM
7.28,7.28,7.28,7.28,200,2021-06-01 10:25:00,NNDM
7.28,7.28,7.28,7.28,189,2021-06-01 10:35:00,NNDM
7.27,7.27,7.27,7.27,1060,2021-06-01 10:45:00,NNDM
7.27,7.27,7.27,7.27,100,2021-06-01 10:50:00,NNDM
7.27,7.27,7.27,7.27,500,2021-06-01 10:55:00,NNDM
7.28,7.3,7.25,7.25,6589,2021-06-01 11:00:00,NNDM
7.23,7.23,7.22,7.22,1205,2021-06-01 11:05:00,NNDM
7.25,7.25,7.25,7.25,542,2021-06-01 11:10:00,NNDM
7.25,7.26,7.25,7.25,2016,2021-06-01 11:15:00,NNDM
7.25,7.27,7.25,7.27,3173,2021-06-01 11:20:00,NNDM
7.25,7.25,7.25,7.25,352,2021-06-01 11:25:00,NNDM
7.26,7.26,7.25,7.26,1760,2021-06-01 11:30:00,NNDM
7.25,7.26,7.25,7.26,4920,2021-06-01 11:35:00,NNDM
7.26,7.26,7.26,7.26,100,2021-06-01 11:40:00,NNDM
7.259,7.26,7.25,7.26,2085,2021-06-01 11:45:00,NNDM
7.26,7.27,7.26,7.26,502,2021-06-01 11:50:00,NNDM
7.27,7.27,7.26,7.26,794,2021-06-01 11:55:00,NNDM
7.27,7.27,7.26,7.26,5446,2021-06-01 12:00:00,NNDM
7.26,7.27,7.26,7.26,1714,2021-06-01 12:05:00,NNDM
7.2566,7.26,7.25,7.26,1273,2021-06-01 12:10:00,NNDM
7.26,7.26,7.26,7.26,1651,2021-06-01 12:15:00,NNDM
7.26,7.26,7.24,7.25,2684,2021-06-01 12:20:00,NNDM
7.26,7.29,7.25,7.26,5102,2021-06-01 12:25:00,NNDM
7.26,7.28,7.25,7.28,5000,2021-06-01 12:30:00,NNDM
7.27,7.27,7.27,7.27,1094,2021-06-01 12:35:00,NNDM
7.26,7.27,7.2546,7.27,5200,2021-06-01 12:40:00,NNDM
7.26,7.26,7.26,7.26,1544,2021-06-01 12:45:00,NNDM
7.27,7.28,7.26,7.28,6752,2021-06-01 12:50:00,NNDM
7.28,7.3,7.26,7.26,7237,2021-06-01 12:55:00,NNDM
7.27,7.28,7.26,7.26,14277,2021-06-01 13:00:00,NNDM
7.25,7.25,7.23,7.25,7726,2021-06-01 13:05:00,NNDM
7.25,7.27,7.24,7.25,24162,2021-06-01 13:10:00,NNDM
7.25,7.29,7.24,7.27,14171,2021-06-01 13:15:00,NNDM
7.27,7.28,7.23,7.23,5920,2021-06-01 13:20:00,NNDM
7.21,7.24,7.19,7.2,29394,2021-06-01 13:25:00,NNDM
7.202,7.3,7.12,7.265,406258,2021-06-01 13:30:00,NNDM
7.265,7.27,7.17,7.18,256720,2021-06-01 13:35:00,NNDM
7.19,7.25,7.19,7.23,231495,2021-06-01 13:40:00,NNDM
7.23,7.23,7.04,7.075,520633,2021-06-01 13:45:00,NNDM
7.08,7.15,7.08,7.11,197947,2021-06-01 13:50:00,NNDM
7.12,7.17,7.08,7.16,179358,2021-06-01 13:55:00,NNDM
7.155,7.2,7.12,7.17,253136,2021-06-01 14:00:00,NNDM
7.1675,7.21,7.14,7.2001,136219,2021-06-01 14:05:00,NNDM
7.21,7.22,7.1,7.1,152416,2021-06-01 14:10:00,NNDM
7.09,7.12,7.0733,7.09,211367,2021-06-01 14:15:00,NNDM
7.095,7.12,7.06,7.12,179340,2021-06-01 14:20:00,NNDM
7.119,7.14,7.1,7.1299,79973,2021-06-01 14:25:00,NNDM
7.13,7.19,7.125,7.172,60091,2021-06-01 14:30:00,NNDM
7.175,7.2,7.145,7.145,138499,2021-06-01 14:35:00,NNDM
7.1486,7.1927,7.14,7.19,65171,2021-06-01 14:40:00,NNDM
7.18,7.19,7.1229,7.13,110147,2021-06-01 14:45:00,NNDM
7.13,7.147,7.05,7.095,484045,2021-06-01 14:50:00,NNDM
7.09,7.11,7.07,7.095,103264,2021-06-01 14:55:00,NNDM
7.09,7.11,7.07,7.075,59854,2021-06-01 15:00:00,NNDM
7.084,7.095,7.07,7.0899,71107,2021-06-01 15:05:00,NNDM
7.08,7.1,7.07,7.09,63783,2021-06-01 15:10:00,NNDM
7.0891,7.14,7.08,7.1399,80404,2021-06-01 15:15:00,NNDM
7.14,7.1467,7.12,7.1288,54738,2021-06-01 15:20:00,NNDM
7.125,7.14,7.12,7.1292,42158,2021-06-01 15:25:00,NNDM
7.13,7.14,7.11,7.115,109206,2021-06-01 15:30:00,NNDM
7.115,7.15,7.11,7.125,86195,2021-06-01 15:35:00,NNDM
7.125,7.125,7.11,7.11,51409,2021-06-01 15:40:00,NNDM
7.115,7.1168,7.08,7.085,189724,2021-06-01 15:45:00,NNDM
7.08,7.09,7.08,7.08,69679,2021-06-01 15:50:00,NNDM
7.08,7.11,7.07,7.105,91504,2021-06-01 15:55:00,NNDM
7.1099,7.129,7.09,7.1185,112099,2021-06-01 16:00:00,NNDM
7.115,7.15,7.11,7.15,72299,2021-06-01 16:05:00,NNDM
7.145,7.16,7.135,7.1502,70342,2021-06-01 16:10:00,NNDM
7.155,7.18,7.155,7.17,41684,2021-06-01 16:15:00,NNDM
7.17,7.19,7.1649,7.1716,110515,2021-06-01 16:20:00,NNDM
7.175,7.2,7.1733,7.2,114807,2021-06-01 16:25:00,NNDM
7.19,7.19,7.17,7.17,46434,2021-06-01 16:30:00,NNDM
7.175,7.2,7.17,7.1934,82601,2021-06-01 16:35:00,NNDM
7.1933,7.22,7.19,7.205,112550,2021-06-01 16:40:00,NNDM
7.2,7.2002,7.165,7.165,190917,2021-06-01 16:45:00,NNDM
7.165,7.1678,7.13,7.1379,89249,2021-06-01 16:50:00,NNDM
7.13,7.145,7.11,7.145,102930,2021-06-01 16:55:00,NNDM
7.15,7.18,7.15,7.165,104837,2021-06-01 17:00:00,NNDM
7.16,7.18,7.15,7.18,52839,2021-06-01 17:05:00,NNDM
7.175,7.19,7.17,7.18,35608,2021-06-01 17:10:00,NNDM
7.1828,7.19,7.17,7.1826,54152,2021-06-01 17:15:00,NNDM
7.185,7.195,7.17,7.195,101510,2021-06-01 17:20:00,NNDM
7.1975,7.2,7.17,7.17,106583,2021-06-01 17:25:00,NNDM
7.175,7.18,7.16,7.16,89855,2021-06-01 17:30:00,NNDM
7.1674,7.1699,7.15,7.1567,35832,2021-06-01 17:35:00,NNDM
7.1567,7.18,7.15,7.175,69581,2021-06-01 17:40:00,NNDM
7.18,7.2,7.18,7.195,54206,2021-06-01 17:45:00,NNDM
7.191,7.215,7.19,7.2,151713,2021-06-01 17:50:00,NNDM
7.1969,7.2,7.1721,7.19,76677,2021-06-01 17:55:00,NNDM
7.18,7.2,7.175,7.18,43603,2021-06-01 18:00:00,NNDM
7.175,7.18,7.16,7.175,53626,2021-06-01 18:05:00,NNDM
7.17,7.2,7.17,7.2,44060,2021-06-01 18:10:00,NNDM
7.1946,7.22,7.181,7.215,119934,2021-06-01 18:15:00,NNDM
7.2199,7.25,7.2101,7.235,87962,2021-06-01 18:20:00,NNDM
7.23,7.26,7.22,7.24,134280,2021-06-01 18:25:00,NNDM
7.245,7.25,7.215,7.2283,101634,2021-06-01 18:30:00,NNDM
7.225,7.2477,7.21,7.2381,109925,2021-06-01 18:35:00,NNDM
7.2377,7.24,7.23,7.23,48348,2021-06-01 18:40:00,NNDM
7.23,7.265,7.2201,7.2542,144907,2021-06-01 18:45:00,NNDM
7.259,7.26,7.23,7.23,73606,2021-06-01 18:50:00,NNDM
7.23,7.235,7.2001,7.22,59980,2021-06-01 18:55:00,NNDM
7.225,7.2299,7.215,7.215,35445,2021-06-01 19:00:00,NNDM
7.215,7.22,7.185,7.195,90126,2021-06-01 19:05:00,NNDM
7.19,7.2,7.17,7.19,125481,2021-06-01 19:10:00,NNDM
7.195,7.205,7.19,7.195,65768,2021-06-01 19:15:00,NNDM
7.19,7.23,7.19,7.23,118640,2021-06-01 19:20:00,NNDM
7.22,7.2299,7.18,7.1827,143547,2021-06-01 19:25:00,NNDM
7.18,7.19,7.17,7.18,89408,2021-06-01 19:30:00,NNDM
7.185,7.21,7.18,7.2,113948,2021-06-01 19:35:00,NNDM
7.2,7.205,7.19,7.195,104362,2021-06-01 19:40:00,NNDM
7.195,7.21,7.19,7.205,118031,2021-06-01 19:45:00,NNDM
7.2,7.21,7.19,7.2001,245021,2021-06-01 19:50:00,NNDM
7.205,7.23,7.19,7.22,261226,2021-06-01 19:55:00,NNDM
7.22,7.22,7.21,7.22,155176,2021-06-01 20:00:00,NNDM
7.22,7.23,7.22,7.23,400,2021-06-01 20:05:00,NNDM
7.23,7.23,7.22,7.22,9638,2021-06-01 20:10:00,NNDM
7.22,7.22,7.22,7.22,12741,2021-06-01 20:15:00,NNDM
7.22,7.22,7.2,7.2,9642,2021-06-01 20:20:00,NNDM
7.2,7.22,7.2,7.2,1556,2021-06-01 20:25:00,NNDM
7.22,7.22,7.2,7.22,1632,2021-06-01 20:30:00,NNDM
7.21,7.22,7.21,7.21,4120,2021-06-01 20:35:00,NNDM
7.22,7.22,7.2,7.22,1098,2021-06-01 20:40:00,NNDM
7.22,7.22,7.22,7.22,200,2021-06-01 20:45:00,NNDM
7.2,7.22,7.2,7.2,5594,2021-06-01 20:50:00,NNDM
7.2,7.2,7.2,7.2,500,2021-06-01 20:55:00,NNDM
7.22,7.22,7.2,7.2,2311,2021-06-01 21:00:00,NNDM
7.2,7.22,7.19,7.19,3835,2021-06-01 21:05:00,NNDM
7.19,7.19,7.15,7.16,2904,2021-06-01 21:10:00,NNDM
7.19,7.23,7.19,7.22,2293,2021-06-01 21:15:00,NNDM
7.22,7.22,7.2,7.2,1500,2021-06-01 21:20:00,NNDM
7.19,7.22,7.19,7.19,3832,2021-06-01 21:25:00,NNDM
7.19,7.22,7.17,7.17,800,2021-06-01 21:30:00,NNDM
7.21,7.22,7.21,7.22,863,2021-06-01 21:35:00,NNDM
7.1801,7.1801,7.1801,7.1801,400,2021-06-01 21:40:00,NNDM
7.18,7.18,7.17,7.18,3657,2021-06-01 21:45:00,NNDM
7.22,7.22,7.18,7.18,1234,2021-06-01 21:50:00,NNDM
7.18,7.22,7.18,7.18,684,2021-06-01 21:55:00,NNDM
7.19,7.2,7.19,7.2,2300,2021-06-01 22:05:00,NNDM
7.22,7.22,7.2,7.2,1773,2021-06-01 22:10:00,NNDM
7.23,7.23,7.23,7.23,2600,2021-06-01 22:15:00,NNDM
7.24,7.25,7.24,7.24,5078,2021-06-01 22:20:00,NNDM
7.2,7.2,7.2,7.2,100,2021-06-01 22:25:00,NNDM
7.21,7.21,7.2,7.2,1320,2021-06-01 22:30:00,NNDM
7.2,7.25,7.2,7.25,3319,2021-06-01 22:35:00,NNDM
7.25,7.25,7.25,7.25,585,2021-06-01 22:40:00,NNDM
7.25,7.25,7.25,7.25,100,2021-06-01 22:50:00,NNDM
7.2,7.23,7.2,7.23,300,2021-06-01 22:55:00,NNDM
7.21,7.23,7.21,7.23,978,2021-06-01 23:00:00,NNDM
7.23,7.23,7.23,7.23,3217,2021-06-01 23:05:00,NNDM
7.22,7.22,7.22,7.22,493,2021-06-01 23:10:00,NNDM
7.2,7.2,7.19,7.2,3729,2021-06-01 23:15:00,NNDM
7.18,7.18,7.18,7.18,2186,2021-06-01 23:20:00,NNDM
7.2,7.2,7.2,7.2,100,2021-06-01 23:25:00,NNDM
7.2,7.2,7.18,7.18,507,2021-06-01 23:35:00,NNDM
7.18,7.18,7.18,7.18,200,2021-06-01 23:45:00,NNDM
7.2,7.22,7.2,7.22,1249,2021-06-01 23:50:00,NNDM
7.2,7.22,7.18,7.22,788,2021-06-01 23:55:00,NNDM
7.22,7.22,7.22,7.22,1884,2021-06-02 08:05:00,NNDM
7.2,7.2,7.19,7.19,1100,2021-06-02 08:15:00,NNDM
7.17,7.17,7.15,7.15,600,2021-06-02 08:20:00,NNDM
7.14,7.15,7.14,7.15,648,2021-06-02 08:25:00,NNDM
7.15,7.15,7.15,7.15,100,2021-06-02 08:30:00,NNDM
7.15,7.15,7.14,7.14,800,2021-06-02 08:35:00,NNDM
7.14,7.15,7.14,7.15,2032,2021-06-02 08:40:00,NNDM
7.16,7.16,7.15,7.15,1000,2021-06-02 08:45:00,NNDM
7.16,7.17,7.15,7.15,4744,2021-06-02 08:50:00,NNDM
7.16,7.16,7.15,7.15,500,2021-06-02 08:55:00,NNDM
7.15,7.15,7.15,7.15,1633,2021-06-02 09:00:00,NNDM
7.15,7.15,7.15,7.15,1280,2021-06-02 09:10:00,NNDM
7.15,7.18,7.15,7.18,600,2021-06-02 09:15:00,NNDM
7.15,7.16,7.15,7.16,500,2021-06-02 09:25:00,NNDM
7.15,7.15,7.15,7.15,101,2021-06-02 09:30:00,NNDM
7.16,7.16,7.16,7.16,808,2021-06-02 09:35:00,NNDM
7.16,7.18,7.16,7.18,397,2021-06-02 09:40:00,NNDM
7.16,7.16,7.16,7.16,124,2021-06-02 09:45:00,NNDM
7.17,7.17,7.15,7.15,1111,2021-06-02 09:50:00,NNDM
7.16,7.16,7.16,7.16,100,2021-06-02 10:05:00,NNDM
7.16,7.16,7.16,7.16,2100,2021-06-02 10:10:00,NNDM
7.16,7.16,7.15,7.15,930,2021-06-02 10:15:00,NNDM
7.16,7.16,7.15,7.16,1450,2021-06-02 10:20:00,NNDM
7.16,7.2,7.16,7.2,854,2021-06-02 10:25:00,NNDM
7.2,7.29,7.2,7.28,1964,2021-06-02 10:30:00,NNDM
7.22,7.24,7.22,7.22,600,2021-06-02 10:35:00,NNDM
7.2,7.2,7.2,7.2,100,2021-06-02 10:45:00,NNDM
7.19,7.19,7.15,7.16,465,2021-06-02 10:50:00,NNDM
7.18,7.18,7.16,7.16,1206,2021-06-02 11:00:00,NNDM
7.16,7.16,7.15,7.15,751,2021-06-02 11:05:00,NNDM
7.16,7.17,7.13,7.13,6022,2021-06-02 11:10:00,NNDM
7.14,7.19,7.14,7.19,4572,2021-06-02 11:15:00,NNDM
7.19,7.19,7.18,7.19,851,2021-06-02 11:20:00,NNDM
7.18,7.18,7.18,7.18,200,2021-06-02 11:25:00,NNDM
7.18,7.2,7.18,7.2,1682,2021-06-02 11:30:00,NNDM
7.2,7.21,7.18,7.2,3200,2021-06-02 11:35:00,NNDM
7.2,7.2,7.2,7.2,300,2021-06-02 11:45:00,NNDM
7.21,7.22,7.19,7.2,2167,2021-06-02 11:50:00,NNDM
7.22,7.22,7.21,7.22,3027,2021-06-02 12:00:00,NNDM
7.22,7.22,7.18,7.18,9968,2021-06-02 12:05:00,NNDM
7.18,7.21,7.18,7.21,353,2021-06-02 12:10:00,NNDM
7.2,7.2,7.2,7.2,245,2021-06-02 12:15:00,NNDM
7.21,7.21,7.19,7.2,2914,2021-06-02 12:20:00,NNDM
7.19,7.2,7.19,7.1999,2167,2021-06-02 12:25:00,NNDM
7.2,7.21,7.2,7.21,1309,2021-06-02 12:30:00,NNDM
7.21,7.22,7.21,7.21,7200,2021-06-02 12:35:00,NNDM
7.2,7.22,7.2,7.2,1388,2021-06-02 12:40:00,NNDM
7.2001,7.2201,7.2,7.2201,5613,2021-06-02 12:45:00,NNDM
7.22,7.22,7.22,7.22,100,2021-06-02 12:50:00,NNDM
7.22,7.23,7.22,7.23,2483,2021-06-02 12:55:00,NNDM
7.22,7.26,7.22,7.25,4763,2021-06-02 13:00:00,NNDM
7.25,7.28,7.25,7.27,21084,2021-06-02 13:05:00,NNDM
7.26,7.28,7.26,7.28,8691,2021-06-02 13:10:00,NNDM
7.28,7.28,7.27,7.27,7632,2021-06-02 13:15:00,NNDM
7.27,7.29,7.27,7.29,1808,2021-06-02 13:20:00,NNDM
7.25,7.27,7.22,7.23,11021,2021-06-02 13:25:00,NNDM
7.2443,7.3,7.16,7.28,265982,2021-06-02 13:30:00,NNDM
7.28,7.32,7.25,7.265,185567,2021-06-02 13:35:00,NNDM
7.265,7.34,7.2618,7.32,256159,2021-06-02 13:40:00,NNDM
7.3193,7.3379,7.28,7.32,114787,2021-06-02 13:45:00,NNDM
7.3218,7.41,7.31,7.41,274741,2021-06-02 13:50:00,NNDM
7.42,7.42,7.2516,7.2606,248153,2021-06-02 13:55:00,NNDM
7.27,7.28,7.23,7.2701,161353,2021-06-02 14:00:00,NNDM
7.28,7.335,7.2546,7.328,149226,2021-06-02 14:05:00,NNDM
7.3205,7.34,7.25,7.275,161529,2021-06-02 14:10:00,NNDM
7.28,7.325,7.255,7.32,130940,2021-06-02 14:15:00,NNDM
7.325,7.329,7.28,7.295,81357,2021-06-02 14:20:00,NNDM
7.29,7.32,7.27,7.2973,93103,2021-06-02 14:25:00,NNDM
7.3,7.34,7.25,7.2516,210795,2021-06-02 14:30:00,NNDM
7.255,7.28,7.2301,7.2699,134213,2021-06-02 14:35:00,NNDM
7.27,7.29,7.268,7.275,66316,2021-06-02 14:40:00,NNDM
7.273,7.2877,7.26,7.27,37772,2021-06-02 14:45:00,NNDM
7.27,7.27,7.24,7.255,112892,2021-06-02 14:50:00,NNDM
7.255,7.255,7.2099,7.225,112374,2021-06-02 14:55:00,NNDM
7.2299,7.2496,7.21,7.24,141904,2021-06-02 15:00:00,NNDM
7.2476,7.26,7.22,7.235,96686,2021-06-02 15:05:00,NNDM
7.235,7.24,7.22,7.235,77342,2021-06-02 15:10:00,NNDM
7.24,7.26,7.23,7.26,69015,2021-06-02 15:15:00,NNDM
7.26,7.28,7.24,7.2788,66972,2021-06-02 15:20:00,NNDM
7.28,7.29,7.26,7.29,54966,2021-06-02 15:25:00,NNDM
7.2871,7.3,7.28,7.285,49403,2021-06-02 15:30:00,NNDM
7.29,7.35,7.28,7.35,222129,2021-06-02 15:35:00,NNDM
7.35,7.37,7.33,7.355,152688,2021-06-02 15:40:00,NNDM
7.35,7.355,7.32,7.35,160489,2021-06-02 15:45:00,NNDM
7.345,7.39,7.34,7.3793,107589,2021-06-02 15:50:00,NNDM
7.38,7.41,7.37,7.405,249043,2021-06-02 15:55:00,NNDM
7.4,7.41,7.35,7.36,152333,2021-06-02 16:00:00,NNDM
7.36,7.4,7.36,7.3922,153993,2021-06-02 16:05:00,NNDM
7.4,7.47,7.39,7.465,273287,2021-06-02 16:10:00,NNDM
7.4678,7.4783,7.45,7.465,117268,2021-06-02 16:15:00,NNDM
7.46,7.48,7.45,7.478,122164,2021-06-02 16:20:00,NNDM
7.475,7.5799,7.47,7.57,373903,2021-06-02 16:25:00,NNDM
7.565,7.58,7.45,7.455,367092,2021-06-02 16:30:00,NNDM
7.4527,7.52,7.45,7.495,153712,2021-06-02 16:35:00,NNDM
7.495,7.52,7.485,7.51,142013,2021-06-02 16:40:00,NNDM
7.51,7.565,7.5,7.565,140955,2021-06-02 16:45:00,NNDM
7.57,7.58,7.5401,7.55,160452,2021-06-02 16:50:00,NNDM
7.56,7.58,7.55,7.5767,101959,2021-06-02 16:55:00,NNDM
7.58,7.6,7.56,7.585,166686,2021-06-02 17:00:00,NNDM
7.585,7.63,7.57,7.6229,154084,2021-06-02 17:05:00,NNDM
7.625,7.6404,7.57,7.585,174968,2021-06-02 17:10:00,NNDM
7.585,7.585,7.545,7.555,168407,2021-06-02 17:15:00,NNDM
7.55,7.56,7.46,7.485,266364,2021-06-02 17:20:00,NNDM
7.49,7.52,7.46,7.492,172368,2021-06-02 17:25:00,NNDM
7.5,7.55,7.495,7.5429,176905,2021-06-02 17:30:00,NNDM
7.5485,7.55,7.47,7.495,146832,2021-06-02 17:35:00,NNDM
7.495,7.495,7.44,7.47,150474,2021-06-02 17:40:00,NNDM
7.47,7.48,7.395,7.4,199234,2021-06-02 17:45:00,NNDM
7.405,7.47,7.4,7.455,160567,2021-06-02 17:50:00,NNDM
7.45,7.48,7.45,7.465,59971,2021-06-02 17:55:00,NNDM
7.4609,7.51,7.46,7.475,106389,2021-06-02 18:00:00,NNDM
7.475,7.51,7.46,7.495,89291,2021-06-02 18:05:00,NNDM
7.495,7.5,7.4474,7.455,110469,2021-06-02 18:10:00,NNDM
7.4501,7.5,7.45,7.469,62379,2021-06-02 18:15:00,NNDM
7.465,7.52,7.465,7.52,43487,2021-06-02 18:20:00,NNDM
7.52,7.57,7.51,7.57,156707,2021-06-02 18:25:00,NNDM
7.565,7.62,7.555,7.615,184912,2021-06-02 18:30:00,NNDM
7.615,7.615,7.57,7.595,101903,2021-06-02 18:35:00,NNDM
7.59,7.62,7.58,7.6105,115208,2021-06-02 18:40:00,NNDM
7.6146,7.63,7.59,7.62,145275,2021-06-02 18:45:00,NNDM
7.62,7.63,7.595,7.6172,100686,2021-06-02 18:50:00,NNDM
7.62,7.66,7.6001,7.6399,292260,2021-06-02 18:55:00,NNDM
7.635,7.65,7.62,7.635,132255,2021-06-02 19:00:00,NNDM
7.6399,7.65,7.62,7.64,132567,2021-06-02 19:05:00,NNDM
7.635,7.66,7.63,7.653,88807,2021-06-02 19:10:00,NNDM
7.6501,7.6699,7.65,7.6511,91069,2021-06-02 19:15:00,NNDM
7.6573,7.66,7.62,7.62,128025,2021-06-02 19:20:00,NNDM
7.625,7.64,7.61,7.615,89511,2021-06-02 19:25:00,NNDM
7.615,7.63,7.61,7.615,89583,2021-06-02 19:30:00,NNDM
7.615,7.63,7.59,7.605,127233,2021-06-02 19:35:00,NNDM
7.605,7.6099,7.58,7.6,202028,2021-06-02 19:40:00,NNDM
7.595,7.6,7.58,7.595,117794,2021-06-02 19:45:00,NNDM
7.595,7.615,7.56,7.585,246902,2021-06-02 19:50:00,NNDM
7.585,7.595,7.54,7.55,367404,2021-06-02 19:55:00,NNDM
7.55,7.6,7.53,7.55,106217,2021-06-02 20:00:00,NNDM
7.59,7.59,7.55,7.56,4798,2021-06-02 20:05:00,NNDM
7.56,7.56,7.56,7.56,850,2021-06-02 20:10:00,NNDM
7.57,7.58,7.57,7.58,1872,2021-06-02 20:15:00,NNDM
7.58,7.58,7.55,7.57,5618,2021-06-02 20:20:00,NNDM
7.57,7.58,7.55,7.55,4122,2021-06-02 20:25:00,NNDM
7.55,7.5699,7.55,7.55,3538,2021-06-02 20:30:00,NNDM
7.56,7.56,7.55,7.55,3141,2021-06-02 20:35:00,NNDM
7.56,7.57,7.56,7.57,6856,2021-06-02 20:40:00,NNDM
7.56,7.56,7.55,7.55,567,2021-06-02 20:45:00,NNDM
7.57,7.57,7.55,7.57,2396,2021-06-02 20:50:00,NNDM
7.57,7.57,7.55,7.57,2619,2021-06-02 20:55:00,NNDM
7.55,7.57,7.55,7.57,478,2021-06-02 21:00:00,NNDM
7.56,7.61,7.56,7.6,11850,2021-06-02 21:05:00,NNDM
7.6,7.61,7.6,7.6,1835,2021-06-02 21:10:00,NNDM
7.6,7.65,7.6,7.65,12025,2021-06-02 21:15:00,NNDM
7.64,7.65,7.61,7.61,7838,2021-06-02 21:20:00,NNDM
7.65,7.65,7.64,7.65,7628,2021-06-02 21:25:00,NNDM
7.61,7.65,7.57,7.65,1979,2021-06-02 21:30:00,NNDM
7.6,7.6,7.55,7.55,5225,2021-06-02 21:35:00,NNDM
7.57,7.6,7.5505,7.6,5026,2021-06-02 21:40:00,NNDM
7.5999,7.6,7.57,7.57,3301,2021-06-02 21:45:00,NNDM
7.5899,7.59,7.57,7.57,2068,2021-06-02 21:50:00,NNDM
7.59,7.59,7.57,7.57,2296,2021-06-02 21:55:00,NNDM
7.57,7.57,7.57,7.57,200,2021-06-02 22:00:00,NNDM
7.57,7.59,7.57,7.59,885,2021-06-02 22:05:00,NNDM
7.59,7.59,7.57,7.57,3742,2021-06-02 22:10:00,NNDM
7.57,7.63,7.57,7.63,4209,2021-06-02 22:15:00,NNDM
7.62,7.64,7.62,7.64,2118,2021-06-02 22:20:00,NNDM
7.64,7.65,7.62,7.62,3010,2021-06-02 22:25:00,NNDM
7.62,7.62,7.62,7.62,632,2021-06-02 22:30:00,NNDM
7.64,7.65,7.64,7.65,5082,2021-06-02 22:35:00,NNDM
7.645,7.66,7.645,7.65,4367,2021-06-02 22:40:00,NNDM
7.64,7.65,7.64,7.64,2600,2021-06-02 22:45:00,NNDM
7.65,7.65,7.64,7.64,2491,2021-06-02 22:50:00,NNDM
7.64,7.64,7.62,7.62,1080,2021-06-02 22:55:00,NNDM
7.61,7.64,7.61,7.64,2123,2021-06-02 23:05:00,NNDM
7.62,7.65,7.62,7.65,2416,2021-06-02 23:10:00,NNDM
7.64,7.65,7.62,7.62,2130,2021-06-02 23:15:00,NNDM
7.62,7.62,7.62,7.62,277,2021-06-02 23:20:00,NNDM
7.64,7.65,7.62,7.62,7109,2021-06-02 23:25:00,NNDM
7.66,7.68,7.66,7.68,7107,2021-06-02 23:30:00,NNDM
7.68,7.68,7.63,7.64,1205,2021-06-02 23:35:00,NNDM
7.65,7.68,7.65,7.65,4949,2021-06-02 23:40:00,NNDM
7.65,7.68,7.65,7.67,3458,2021-06-02 23:45:00,NNDM
7.67,7.69,7.66,7.68,9598,2021-06-02 23:50:00,NNDM
7.69,7.69,7.68,7.69,4640,2021-06-02 23:55:00,NNDM
7.56,7.56,7.56,7.56,1441,2021-06-03 08:00:00,NNDM
7.52,7.52,7.43,7.43,2108,2021-06-03 08:05:00,NNDM
7.41,7.41,7.38,7.4,3290,2021-06-03 08:10:00,NNDM
7.4,7.42,7.4,7.4,1506,2021-06-03 08:15:00,NNDM
7.4,7.43,7.38,7.38,1778,2021-06-03 08:20:00,NNDM
7.37,7.4,7.36,7.37,5788,2021-06-03 08:25:00,NNDM
7.39,7.4,7.38,7.4,1302,2021-06-03 08:30:00,NNDM
7.4,7.41,7.4,7.4,1950,2021-06-03 08:35:00,NNDM
7.39,7.39,7.38,7.38,2084,2021-06-03 08:40:00,NNDM
7.38,7.38,7.37,7.37,1688,2021-06-03 08:45:00,NNDM
7.37,7.39,7.37,7.37,764,2021-06-03 08:50:00,NNDM
7.37,7.38,7.37,7.37,4111,2021-06-03 08:55:00,NNDM
7.38,7.38,7.38,7.38,1600,2021-06-03 09:00:00,NNDM
7.39,7.39,7.39,7.39,313,2021-06-03 09:05:00,NNDM
7.39,7.39,7.39,7.39,150,2021-06-03 09:10:00,NNDM
7.38,7.38,7.37,7.37,545,2021-06-03 09:15:00,NNDM
7.38,7.4,7.38,7.4,1945,2021-06-03 09:20:00,NNDM
7.38,7.38,7.38,7.38,100,2021-06-03 09:25:00,NNDM
7.39,7.4,7.39,7.4,2430,2021-06-03 09:30:00,NNDM
7.4,7.44,7.4,7.4,400,2021-06-03 09:35:00,NNDM
7.38,7.38,7.37,7.37,2040,2021-06-03 09:40:00,NNDM
7.38,7.38,7.38,7.38,300,2021-06-03 09:45:00,NNDM
7.42,7.42,7.4,7.4,1390,2021-06-03 09:50:00,NNDM
7.38,7.38,7.37,7.37,467,2021-06-03 09:55:00,NNDM
7.38,7.38,7.38,7.38,1603,2021-06-03 10:00:00,NNDM
7.38,7.38,7.37,7.37,5427,2021-06-03 10:05:00,NNDM
7.37,7.37,7.37,7.37,200,2021-06-03 10:10:00,NNDM
7.37,7.38,7.37,7.38,776,2021-06-03 10:20:00,NNDM
7.37,7.38,7.37,7.38,1914,2021-06-03 10:25:00,NNDM
7.37,7.37,7.37,7.37,1355,2021-06-03 10:30:00,NNDM
7.37,7.38,7.37,7.38,1280,2021-06-03 10:35:00,NNDM
7.37,7.38,7.36,7.38,1592,2021-06-03 10:40:00,NNDM
7.36,7.36,7.36,7.36,100,2021-06-03 10:45:00,NNDM
7.36,7.36,7.36,7.36,1497,2021-06-03 10:50:00,NNDM
7.36,7.36,7.34,7.34,1270,2021-06-03 10:55:00,NNDM
7.38,7.48,7.35,7.47,10941,2021-06-03 11:00:00,NNDM
7.4,7.4,7.37,7.38,3114,2021-06-03 11:05:00,NNDM
7.35,7.36,7.35,7.36,600,2021-06-03 11:10:00,NNDM
7.35,7.36,7.35,7.36,2100,2021-06-03 11:15:00,NNDM
7.36,7.36,7.34,7.34,2351,2021-06-03 11:20:00,NNDM
7.34,7.37,7.34,7.36,3600,2021-06-03 11:25:00,NNDM
7.35,7.36,7.35,7.35,821,2021-06-03 11:30:00,NNDM
7.34,7.34,7.34,7.34,1434,2021-06-03 11:35:00,NNDM
7.34,7.34,7.32,7.33,2674,2021-06-03 11:40:00,NNDM
7.32,7.32,7.32,7.32,1049,2021-06-03 11:45:00,NNDM
7.33,7.34,7.32,7.33,1277,2021-06-03 11:50:00,NNDM
7.32,7.32,7.32,7.32,445,2021-06-03 11:55:00,NNDM
7.32,7.4,7.31,7.36,12588,2021-06-03 12:00:00,NNDM
7.35,7.39,7.35,7.36,6173,2021-06-03 12:05:00,NNDM
7.37,7.3799,7.36,7.3799,4090,2021-06-03 12:10:00,NNDM
7.37,7.38,7.37,7.37,16389,2021-06-03 12:15:00,NNDM
7.37,7.375,7.32,7.32,9898,2021-06-03 12:20:00,NNDM
7.32,7.35,7.32,7.33,9536,2021-06-03 12:25:00,NNDM
7.34,7.4,7.34,7.38,14359,2021-06-03 12:30:00,NNDM
7.36,7.38,7.36,7.36,14507,2021-06-03 12:35:00,NNDM
7.38,7.38,7.36,7.37,5546,2021-06-03 12:40:00,NNDM
7.38,7.43,7.38,7.43,8680,2021-06-03 12:45:00,NNDM
7.44,7.44,7.38,7.39,3000,2021-06-03 12:50:00,NNDM
7.38,7.4001,7.35,7.4,8202,2021-06-03 12:55:00,NNDM
7.4,7.4,7.35,7.37,15568,2021-06-03 13:00:00,NNDM
7.39,7.39,7.35,7.36,7657,2021-06-03 13:05:00,NNDM
7.36,7.39,7.36,7.3616,12839,2021-06-03 13:10:00,NNDM
7.36,7.41,7.36,7.39,7044,2021-06-03 13:15:00,NNDM
7.4,7.41,7.39,7.41,9607,2021-06-03 13:20:00,NNDM
7.41,7.48,7.4,7.44,37796,2021-06-03 13:25:00,NNDM
7.47,7.5906,7.44,7.59,371969,2021-06-03 13:30:00,NNDM
7.59,7.605,7.39,7.42,265684,2021-06-03 13:35:00,NNDM
7.4101,7.45,7.31,7.33,385835,2021-06-03 13:40:00,NNDM
7.33,7.38,7.27,7.27,317979,2021-06-03 13:45:00,NNDM
7.2707,7.39,7.25,7.39,321715,2021-06-03 13:50:00,NNDM
7.38,7.4068,7.35,7.3751,218713,2021-06-03 13:55:00,NNDM
7.3706,7.45,7.37,7.4456,172985,2021-06-03 14:00:00,NNDM
7.45,7.455,7.3718,7.415,138854,2021-06-03 14:05:00,NNDM
7.41,7.43,7.365,7.375,201024,2021-06-03 14:10:00,NNDM
7.37,7.3777,7.29,7.34,173051,2021-06-03 14:15:00,NNDM
7.35,7.431,7.34,7.4177,156608,2021-06-03 14:20:00,NNDM
7.415,7.4482,7.41,7.435,128979,2021-06-03 14:25:00,NNDM
7.438,7.53,7.42,7.5192,170522,2021-06-03 14:30:00,NNDM
7.52,7.5499,7.465,7.48,205453,2021-06-03 14:35:00,NNDM
7.4801,7.51,7.45,7.51,90838,2021-06-03 14:40:00,NNDM
7.5075,7.52,7.485,7.51,100830,2021-06-03 14:45:00,NNDM
7.511,7.5178,7.45,7.465,117643,2021-06-03 14:50:00,NNDM
7.465,7.49,7.44,7.49,133648,2021-06-03 14:55:00,NNDM
7.495,7.495,7.41,7.415,114413,2021-06-03 15:00:00,NNDM
7.41,7.45,7.41,7.42,84419,2021-06-03 15:05:00,NNDM
7.42,7.42,7.38,7.3809,166979,2021-06-03 15:10:00,NNDM
7.3806,7.385,7.335,7.34,150578,2021-06-03 15:15:00,NNDM
7.345,7.36,7.33,7.34,118165,2021-06-03 15:20:00,NNDM
7.335,7.37,7.32,7.35,123313,2021-06-03 15:25:00,NNDM
7.355,7.37,7.325,7.325,118927,2021-06-03 15:30:00,NNDM
7.3277,7.36,7.325,7.355,65727,2021-06-03 15:35:00,NNDM
7.355,7.37,7.33,7.3471,77953,2021-06-03 15:40:00,NNDM
7.345,7.345,7.31,7.325,191493,2021-06-03 15:45:00,NNDM
7.325,7.325,7.28,7.29,122773,2021-06-03 15:50:00,NNDM
7.295,7.35,7.29,7.345,107344,2021-06-03 15:55:00,NNDM
7.35,7.38,7.35,7.38,135336,2021-06-03 16:00:00,NNDM
7.38,7.39,7.36,7.375,76627,2021-06-03 16:05:00,NNDM
7.3716,7.38,7.35,7.3605,56584,2021-06-03 16:10:00,NNDM
7.36,7.37,7.35,7.3601,57374,2021-06-03 16:15:00,NNDM
7.36,7.36,7.335,7.3502,111144,2021-06-03 16:20:00,NNDM
7.35,7.4,7.35,7.39,56893,2021-06-03 16:25:00,NNDM
7.39,7.4,7.37,7.38,46541,2021-06-03 16:30:00,NNDM
7.385,7.4,7.38,7.395,39678,2021-06-03 16:35:00,NNDM
7.4,7.42,7.4,7.415,52416,2021-06-03 16:40:00,NNDM
7.41,7.42,7.385,7.4012,74129,2021-06-03 16:45:00,NNDM
7.41,7.41,7.38,7.385,50360,2021-06-03 16:50:00,NNDM
7.38,7.45,7.38,7.45,57471,2021-06-03 16:55:00,NNDM
7.45,7.45,7.42,7.44,83260,2021-06-03 17:00:00,NNDM
7.445,7.445,7.41,7.435,38128,2021-06-03 17:05:00,NNDM
7.439,7.4499,7.4,7.4102,54323,2021-06-03 17:10:00,NNDM
7.42,7.46,7.41,7.44,59249,2021-06-03 17:15:00,NNDM
7.435,7.45,7.43,7.444,27173,2021-06-03 17:20:00,NNDM
7.4406,7.4799,7.43,7.47,76233,2021-06-03 17:25:00,NNDM
7.47,7.47,7.4512,7.455,54299,2021-06-03 17:30:00,NNDM
7.455,7.46,7.45,7.4588,17316,2021-06-03 17:35:00,NNDM
7.4589,7.49,7.43,7.445,66123,2021-06-03 17:40:00,NNDM
7.44,7.47,7.4223,7.43,89830,2021-06-03 17:45:00,NNDM
7.43,7.445,7.42,7.42,67942,2021-06-03 17:50:00,NNDM
7.42,7.44,7.41,7.437,48896,2021-06-03 17:55:00,NNDM
7.435,7.45,7.4,7.448,76801,2021-06-03 18:00:00,NNDM
7.45,7.47,7.4313,7.44,55304,2021-06-03 18:05:00,NNDM
7.4422,7.45,7.42,7.42,82308,2021-06-03 18:10:00,NNDM
7.425,7.425,7.37,7.39,101186,2021-06-03 18:15:00,NNDM
7.39,7.405,7.35,7.3627,71936,2021-06-03 18:20:00,NNDM
7.36,7.38,7.36,7.365,58531,2021-06-03 18:25:00,NNDM
7.365,7.4,7.365,7.375,78553,2021-06-03 18:30:00,NNDM
7.375,7.3786,7.34,7.35,62712,2021-06-03 18:35:00,NNDM
7.35,7.36,7.34,7.355,45637,2021-06-03 18:40:00,NNDM
7.355,7.38,7.35,7.3799,101001,2021-06-03 18:45:00,NNDM
7.375,7.38,7.37,7.38,23204,2021-06-03 18:50:00,NNDM
7.375,7.39,7.355,7.365,37760,2021-06-03 18:55:00,NNDM
7.36,7.39,7.36,7.3716,36827,2021-06-03 19:00:00,NNDM
7.375,7.39,7.37,7.385,27335,2021-06-03 19:05:00,NNDM
7.385,7.4,7.38,7.3931,32966,2021-06-03 19:10:00,NNDM
7.395,7.395,7.36,7.3667,45996,2021-06-03 19:15:00,NNDM
7.36,7.3768,7.352,7.365,66252,2021-06-03 19:20:00,NNDM
7.365,7.37,7.34,7.37,46463,2021-06-03 19:25:00,NNDM
7.3629,7.395,7.3629,7.38,78742,2021-06-03 19:30:00,NNDM
7.375,7.38,7.36,7.367,79868,2021-06-03 19:35:00,NNDM
7.365,7.37,7.33,7.3388,105158,2021-06-03 19:40:00,NNDM
7.335,7.34,7.27,7.2744,351122,2021-06-03 19:45:00,NNDM
7.28,7.31,7.28,7.2875,289958,2021-06-03 19:50:00,NNDM
7.29,7.29,7.26,7.26,447579,2021-06-03 19:55:00,NNDM
7.27,7.32,7.27,7.2833,36032,2021-06-03 20:00:00,NNDM
7.3,7.3,7.28,7.28,1162,2021-06-03 20:05:00,NNDM
7.3,7.3,7.29,7.29,671,2021-06-03 20:10:00,NNDM
7.2801,7.3,7.27,7.29,2805,2021-06-03 20:15:00,NNDM
7.29,7.31,7.28,7.3,2179,2021-06-03 20:20:00,NNDM
7.33,7.33,7.32,7.32,1229,2021-06-03 20:25:00,NNDM
7.29,7.31,7.28,7.28,859,2021-06-03 20:30:00,NNDM
7.27,7.33,7.27,7.33,1622,2021-06-03 20:35:00,NNDM
7.3,7.31,7.3,7.31,1487,2021-06-03 20:40:00,NNDM
7.29,7.3,7.28,7.28,5737,2021-06-03 20:45:00,NNDM
7.33,7.33,7.28,7.33,3300,2021-06-03 20:50:00,NNDM
7.28,7.28,7.28,7.28,7201,2021-06-03 20:55:00,NNDM
7.3,7.3,7.3,7.3,100,2021-06-03 21:00:00,NNDM
7.3,7.31,7.3,7.31,1980,2021-06-03 21:05:00,NNDM
7.3,7.31,7.3,7.3,2876,2021-06-03 21:10:00,NNDM
7.29,7.29,7.29,7.29,200,2021-06-03 21:15:00,NNDM
7.29,7.29,7.28,7.28,500,2021-06-03 21:20:00,NNDM
7.289,7.29,7.28,7.29,2380,2021-06-03 21:25:00,NNDM
7.3001,7.32,7.3001,7.32,1400,2021-06-03 21:30:00,NNDM
7.28,7.28,7.28,7.28,500,2021-06-03 21:35:00,NNDM
7.29,7.33,7.27,7.33,45988,2021-06-03 21:40:00,NNDM
7.28,7.33,7.28,7.3,5054,2021-06-03 21:45:00,NNDM
7.3,7.33,7.3,7.33,710,2021-06-03 21:50:00,NNDM
7.31,7.33,7.31,7.33,1075,2021-06-03 21:55:00,NNDM
7.3,7.33,7.3,7.33,6307,2021-06-03 22:00:00,NNDM
7.33,7.33,7.33,7.33,1152,2021-06-03 22:05:00,NNDM
7.33,7.33,7.3,7.3,3450,2021-06-03 22:10:00,NNDM
7.33,7.33,7.33,7.33,492,2021-06-03 22:15:00,NNDM
7.33,7.34,7.31,7.34,2318,2021-06-03 22:20:00,NNDM
7.34,7.36,7.33,7.33,1767,2021-06-03 22:25:00,NNDM
7.33,7.33,7.29,7.29,2900,2021-06-03 22:30:00,NNDM
7.28,7.28,7.28,7.28,2917,2021-06-03 22:35:00,NNDM
7.3,7.3,7.3,7.3,100,2021-06-03 22:40:00,NNDM
7.28,7.3,7.28,7.28,1401,2021-06-03 22:45:00,NNDM
7.28,7.28,7.28,7.28,2000,2021-06-03 22:50:00,NNDM
7.28,7.28,7.28,7.28,2422,2021-06-03 22:55:00,NNDM
7.28,7.28,7.28,7.28,100,2021-06-03 23:00:00,NNDM
7.28,7.28,7.28,7.28,604,2021-06-03 23:05:00,NNDM
7.32,7.32,7.32,7.32,200,2021-06-03 23:10:00,NNDM
7.29,7.29,7.28,7.28,300,2021-06-03 23:25:00,NNDM
7.28,7.28,7.28,7.28,552,2021-06-03 23:30:00,NNDM
7.29,7.29,7.29,7.29,459,2021-06-03 23:35:00,NNDM
7.29,7.32,7.28,7.32,1009,2021-06-03 23:40:00,NNDM
7.32,7.32,7.31,7.31,1500,2021-06-03 23:45:00,NNDM
7.31,7.32,7.31,7.32,1438,2021-06-03 23:50:00,NNDM
7.29,7.32,7.29,7.32,1870,2021-06-03 23:55:00,NNDM
7.35,7.35,7.35,7.35,1130,2021-06-04 08:00:00,NNDM
7.32,7.32,7.29,7.29,1102,2021-06-04 08:05:00,NNDM
7.34,7.39,7.29,7.29,2399,2021-06-04 08:10:00,NNDM
7.29,7.3,7.29,7.3,662,2021-06-04 08:15:00,NNDM
7.3,7.3,7.29,7.29,596,2021-06-04 08:20:00,NNDM
7.3,7.3,7.3,7.3,1473,2021-06-04 08:25:00,NNDM
7.3,7.3,7.28,7.28,1136,2021-06-04 08:30:00,NNDM
7.26,7.26,7.25,7.26,952,2021-06-04 08:40:00,NNDM
7.3,7.3,7.3,7.3,600,2021-06-04 08:45:00,NNDM
7.3,7.3,7.3,7.3,657,2021-06-04 08:50:00,NNDM
7.3,7.3,7.3,7.3,100,2021-06-04 08:55:00,NNDM
7.3,7.3,7.28,7.29,900,2021-06-04 09:00:00,NNDM
7.29,7.29,7.29,7.29,122,2021-06-04 09:05:00,NNDM
7.3,7.3,7.3,7.3,104,2021-06-04 09:20:00,NNDM
7.29,7.3,7.29,7.3,200,2021-06-04 09:35:00,NNDM
7.3,7.3,7.3,7.3,246,2021-06-04 09:40:00,NNDM
7.29,7.29,7.29,7.29,100,2021-06-04 09:45:00,NNDM
7.27,7.27,7.27,7.27,600,2021-06-04 10:00:00,NNDM
7.29,7.29,7.29,7.29,100,2021-06-04 10:25:00,NNDM
7.27,7.27,7.27,7.27,100,2021-06-04 10:30:00,NNDM
7.26,7.26,7.26,7.26,100,2021-06-04 10:35:00,NNDM
7.27,7.27,7.27,7.27,138,2021-06-04 10:40:00,NNDM
7.27,7.27,7.27,7.27,300,2021-06-04 10:55:00,NNDM
7.28,7.29,7.27,7.28,1620,2021-06-04 11:00:00,NNDM
7.28,7.29,7.28,7.29,319,2021-06-04 11:10:00,NNDM
7.3,7.3,7.29,7.3,646,2021-06-04 11:15:00,NNDM
7.32,7.34,7.32,7.33,1748,2021-06-04 11:20:00,NNDM
7.33,7.33,7.32,7.32,266,2021-06-04 11:25:00,NNDM
7.37,7.38,7.35,7.35,1532,2021-06-04 11:35:00,NNDM
7.35,7.36,7.35,7.36,300,2021-06-04 11:40:00,NNDM
7.36,7.37,7.35,7.35,1500,2021-06-04 11:45:00,NNDM
7.33,7.34,7.33,7.34,629,2021-06-04 11:55:00,NNDM
7.35,7.36,7.33,7.35,1758,2021-06-04 12:00:00,NNDM
7.36,7.38,7.35,7.38,5093,2021-06-04 12:05:00,NNDM
7.36,7.36,7.36,7.36,200,2021-06-04 12:10:00,NNDM
7.35,7.37,7.35,7.37,350,2021-06-04 12:15:00,NNDM
7.38,7.38,7.35,7.3799,500,2021-06-04 12:20:00,NNDM
7.36,7.36,7.36,7.36,600,2021-06-04 12:25:00,NNDM
7.36,7.38,7.35,7.38,6552,2021-06-04 12:30:00,NNDM
7.38,7.46,7.38,7.42,46267,2021-06-04 12:35:00,NNDM
7.4,7.4,7.3999,7.4,5300,2021-06-04 12:40:00,NNDM
7.38,7.42,7.38,7.42,4389,2021-06-04 12:45:00,NNDM
7.38,7.42,7.37,7.37,700,2021-06-04 12:50:00,NNDM
7.3999,7.42,7.36,7.42,3300,2021-06-04 12:55:00,NNDM
7.41,7.45,7.41,7.45,9702,2021-06-04 13:00:00,NNDM
7.44,7.44,7.42,7.44,7449,2021-06-04 13:05:00,NNDM
7.44,7.44,7.42,7.42,10365,2021-06-04 13:10:00,NNDM
7.42,7.42,7.4,7.4,2905,2021-06-04 13:15:00,NNDM
7.4199,7.42,7.4,7.4,6915,2021-06-04 13:20:00,NNDM
7.4,7.45,7.35,7.35,4138,2021-06-04 13:25:00,NNDM
7.4287,7.4287,7.31,7.342,241848,2021-06-04 13:30:00,NNDM
7.345,7.38,7.29,7.37,387738,2021-06-04 13:35:00,NNDM
7.3689,7.4176,7.35,7.385,233450,2021-06-04 13:40:00,NNDM
7.3814,7.445,7.3814,7.39,179706,2021-06-04 13:45:00,NNDM
7.39,7.42,7.3404,7.355,127940,2021-06-04 13:50:00,NNDM
7.36,7.4,7.35,7.3905,105736,2021-06-04 13:55:00,NNDM
7.39,7.43,7.36,7.409,95368,2021-06-04 14:00:00,NNDM
7.4001,7.43,7.39,7.3973,92254,2021-06-04 14:05:00,NNDM
7.3905,7.41,7.33,7.3301,95177,2021-06-04 14:10:00,NNDM
7.3399,7.37,7.31,7.31,107752,2021-06-04 14:15:00,NNDM
7.31,7.3713,7.3,7.37,101221,2021-06-04 14:20:00,NNDM
7.36,7.385,7.345,7.38,162571,2021-06-04 14:25:00,NNDM
7.38,7.43,7.37,7.42,100754,2021-06-04 14:30:00,NNDM
7.4201,7.45,7.4101,7.4399,136358,2021-06-04 14:35:00,NNDM
7.43,7.45,7.42,7.4292,122616,2021-06-04 14:40:00,NNDM
7.425,7.44,7.4,7.43,130369,2021-06-04 14:45:00,NNDM
7.42,7.425,7.38,7.4,122257,2021-06-04 14:50:00,NNDM
7.4,7.4,7.36,7.37,94287,2021-06-04 14:55:00,NNDM
7.37,7.37,7.35,7.355,85373,2021-06-04 15:00:00,NNDM
7.355,7.38,7.35,7.3774,97013,2021-06-04 15:05:00,NNDM
7.3709,7.387,7.35,7.35,46107,2021-06-04 15:10:00,NNDM
7.35,7.38,7.34,7.3617,105772,2021-06-04 15:15:00,NNDM
7.3601,7.395,7.36,7.39,58720,2021-06-04 15:20:00,NNDM
7.385,7.44,7.38,7.435,136083,2021-06-04 15:25:00,NNDM
7.435,7.45,7.4214,7.4311,110086,2021-06-04 15:30:00,NNDM
7.4399,7.46,7.41,7.46,169826,2021-06-04 15:35:00,NNDM
7.46,7.75,7.46,7.73,1156235,2021-06-04 15:40:00,NNDM
7.74,7.99,7.71,7.935,1444958,2021-06-04 15:45:00,NNDM
7.9399,8.12,7.89,7.915,1717177,2021-06-04 15:50:00,NNDM
7.9162,8.0,7.88,7.91,756250,2021-06-04 15:55:00,NNDM
7.91,8.045,7.91,8.015,876962,2021-06-04 16:00:00,NNDM
8.01,8.29,8.01,8.1818,1870422,2021-06-04 16:05:00,NNDM
8.1882,8.19,8.08,8.18,735264,2021-06-04 16:10:00,NNDM
8.177,8.1801,8.04,8.065,645427,2021-06-04 16:15:00,NNDM
8.0657,8.07,8.01,8.0308,355848,2021-06-04 16:20:00,NNDM
8.0311,8.13,8.03,8.0982,402316,2021-06-04 16:25:00,NNDM
8.1,8.11,7.91,7.92,729794,2021-06-04 16:30:00,NNDM
7.93,7.98,7.9,7.98,558741,2021-06-04 16:35:00,NNDM
7.9799,8.03,7.97,7.97,329964,2021-06-04 16:40:00,NNDM
7.97,7.98,7.94,7.95,194081,2021-06-04 16:45:00,NNDM
7.945,8.0,7.945,7.99,121538,2021-06-04 16:50:00,NNDM
7.99,7.999,7.9595,7.985,158455,2021-06-04 16:55:00,NNDM
7.9892,8.0,7.96,7.995,112281,2021-06-04 17:00:00,NNDM
7.99,8.115,7.99,8.0826,391273,2021-06-04 17:05:00,NNDM
8.0819,8.1,8.05,8.07,218522,2021-06-04 17:10:00,NNDM
8.07,8.09,8.0401,8.07,192722,2021-06-04 17:15:00,NNDM
8.07,8.0799,8.05,8.0522,135066,2021-06-04 17:20:00,NNDM
8.05,8.09,8.04,8.0501,149870,2021-06-04 17:25:00,NNDM
8.058,8.065,7.98,8.0127,268310,2021-06-04 17:30:00,NNDM
8.005,8.02,7.96,7.9877,111481,2021-06-04 17:35:00,NNDM
7.9892,8.01,7.98,8.01,130203,2021-06-04 17:40:00,NNDM
8.0099,8.025,7.9901,8.025,55590,2021-06-04 17:45:00,NNDM
8.02,8.03,8.0017,8.025,107005,2021-06-04 17:50:00,NNDM
8.02,8.19,8.02,8.19,679248,2021-06-04 17:55:00,NNDM
8.195,8.2,8.07,8.0805,339407,2021-06-04 18:00:00,NNDM
8.08,8.11,8.01,8.0208,164632,2021-06-04 18:05:00,NNDM
8.02,8.03,7.91,7.955,399788,2021-06-04 18:10:00,NNDM
7.955,7.9699,7.85,7.87,396759,2021-06-04 18:15:00,NNDM
7.86,7.93,7.86,7.91,209986,2021-06-04 18:20:00,NNDM
7.9092,7.945,7.871,7.89,191303,2021-06-04 18:25:00,NNDM
7.8891,7.91,7.83,7.8603,101423,2021-06-04 18:30:00,NNDM
7.8614,7.885,7.8414,7.8617,140694,2021-06-04 18:35:00,NNDM
7.86,7.89,7.85,7.8785,143903,2021-06-04 18:40:00,NNDM
7.87,7.92,7.8623,7.875,174620,2021-06-04 18:45:00,NNDM
7.8792,7.8799,7.8401,7.8499,94733,2021-06-04 18:50:00,NNDM
7.841,7.86,7.811,7.8399,132191,2021-06-04 18:55:00,NNDM
7.8393,7.855,7.77,7.7808,274249,2021-06-04 19:00:00,NNDM
7.785,7.8,7.76,7.775,122049,2021-06-04 19:05:00,NNDM
7.7784,7.8,7.76,7.7799,127550,2021-06-04 19:10:00,NNDM
7.771,7.8,7.76,7.795,68889,2021-06-04 19:15:00,NNDM
7.795,7.83,7.79,7.83,111687,2021-06-04 19:20:00,NNDM
7.83,7.835,7.81,7.8199,75590,2021-06-04 19:25:00,NNDM
7.82,7.825,7.78,7.7822,86778,2021-06-04 19:30:00,NNDM
7.785,7.79,7.72,7.73,245988,2021-06-04 19:35:00,NNDM
7.725,7.74,7.68,7.7182,412678,2021-06-04 19:40:00,NNDM
7.715,7.725,7.66,7.695,393480,2021-06-04 19:45:00,NNDM
7.7,7.71,7.67,7.69,564268,2021-06-04 19:50:00,NNDM
7.685,7.71,7.66,7.69,695716,2021-06-04 19:55:00,NNDM
7.69,7.73,7.67,7.71,101563,2021-06-04 20:00:00,NNDM
7.72,7.78,7.72,7.76,16585,2021-06-04 20:05:00,NNDM
7.76,7.77,7.75,7.77,4181,2021-06-04 20:10:00,NNDM
7.77,7.79,7.75,7.79,6267,2021-06-04 20:15:00,NNDM
7.79,7.79,7.76,7.76,508,2021-06-04 20:20:00,NNDM
7.79,7.79,7.76,7.77,5903,2021-06-04 20:25:00,NNDM
7.76,7.8,7.76,7.76,4084,2021-06-04 20:30:00,NNDM
7.79,7.82,7.75,7.82,10837,2021-06-04 20:35:00,NNDM
7.82,7.84,7.8,7.84,9831,2021-06-04 20:40:00,NNDM
7.84,7.84,7.8,7.84,1365,2021-06-04 20:45:00,NNDM
7.84,7.84,7.8,7.8,327,2021-06-04 20:50:00,NNDM
7.8,7.84,7.8,7.83,2020,2021-06-04 20:55:00,NNDM
7.83,7.83,7.81,7.81,3479,2021-06-04 21:00:00,NNDM
7.82,7.82,7.81,7.8199,2032,2021-06-04 21:05:00,NNDM
7.81,7.81,7.8,7.81,4499,2021-06-04 21:10:00,NNDM
7.8,7.83,7.8,7.81,10534,2021-06-04 21:15:00,NNDM
7.81,7.83,7.81,7.82,1540,2021-06-04 21:20:00,NNDM
7.82,7.83,7.8,7.8,4063,2021-06-04 21:25:00,NNDM
7.82,7.84,7.82,7.82,6189,2021-06-04 21:30:00,NNDM
7.83,7.83,7.83,7.83,2352,2021-06-04 21:35:00,NNDM
7.83,7.84,7.83,7.84,2767,2021-06-04 21:40:00,NNDM
7.83,7.85,7.83,7.85,1416,2021-06-04 21:45:00,NNDM
7.85,7.85,7.81,7.81,1037,2021-06-04 21:50:00,NNDM
7.85,7.85,7.81,7.81,1475,2021-06-04 21:55:00,NNDM
7.85,7.86,7.81,7.84,2143,2021-06-04 22:00:00,NNDM
7.82,7.84,7.81,7.81,3026,2021-06-04 22:05:00,NNDM
7.82,7.84,7.81,7.84,1011,2021-06-04 22:10:00,NNDM
7.84,7.86,7.84,7.85,7498,2021-06-04 22:15:00,NNDM
7.85,7.86,7.85,7.86,2975,2021-06-04 22:20:00,NNDM
7.86,7.88,7.86,7.87,13047,2021-06-04 22:25:00,NNDM
7.87,7.88,7.79,7.79,2674,2021-06-04 22:30:00,NNDM
7.76,7.79,7.76,7.79,4304,2021-06-04 22:35:00,NNDM
7.79,7.79,7.79,7.79,360,2021-06-04 22:40:00,NNDM
7.8299,7.8299,7.8,7.82,1129,2021-06-04 22:50:00,NNDM
7.81,7.84,7.81,7.84,1174,2021-06-04 23:00:00,NNDM
7.85,7.86,7.85,7.86,265,2021-06-04 23:05:00,NNDM
7.85,7.86,7.85,7.85,1350,2021-06-04 23:10:00,NNDM
7.84,7.84,7.81,7.81,2719,2021-06-04 23:15:00,NNDM
7.83,7.86,7.83,7.86,625,2021-06-04 23:20:00,NNDM
7.86,7.86,7.83,7.83,1440,2021-06-04 23:25:00,NNDM
7.83,7.83,7.82,7.82,400,2021-06-04 23:30:00,NNDM
7.82,7.86,7.82,7.86,200,2021-06-04 23:40:00,NNDM
7.82,7.85,7.82,7.82,1155,2021-06-04 23:45:00,NNDM
7.82,7.86,7.8,7.86,6112,2021-06-04 23:50:00,NNDM
7.81,7.86,7.81,7.86,4126,2021-06-04 23:55:00,NNDM
7.86,7.86,7.73,7.74,1996,2021-06-07 08:00:00,NNDM
7.74,7.75,7.74,7.75,975,2021-06-07 08:05:00,NNDM
7.77,7.8,7.77,7.8,950,2021-06-07 08:15:00,NNDM
7.82,7.83,7.82,7.83,851,2021-06-07 08:20:00,NNDM
7.83,7.83,7.8,7.81,1323,2021-06-07 08:25:00,NNDM
7.8,7.8,7.69,7.7,2088,2021-06-07 08:30:00,NNDM
7.7,7.7,7.7,7.7,1183,2021-06-07 08:35:00,NNDM
7.76,7.76,7.76,7.76,100,2021-06-07 08:40:00,NNDM
7.76,7.76,7.69,7.69,1441,2021-06-07 08:45:00,NNDM
7.69,7.69,7.69,7.69,100,2021-06-07 08:50:00,NNDM
7.69,7.69,7.66,7.66,989,2021-06-07 08:55:00,NNDM
7.66,7.8,7.66,7.66,2880,2021-06-07 09:00:00,NNDM
7.68,7.69,7.68,7.69,250,2021-06-07 09:05:00,NNDM
7.69,7.72,7.69,7.72,1664,2021-06-07 09:10:00,NNDM
7.69,7.69,7.68,7.68,850,2021-06-07 09:15:00,NNDM
7.7,7.7,7.68,7.7,1243,2021-06-07 09:20:00,NNDM
7.69,7.69,7.69,7.69,200,2021-06-07 09:25:00,NNDM
7.69,7.69,7.69,7.69,518,2021-06-07 09:30:00,NNDM
7.69,7.75,7.69,7.75,886,2021-06-07 09:35:00,NNDM
7.75,7.75,7.75,7.75,104,2021-06-07 09:40:00,NNDM
7.79,7.8,7.79,7.8,1283,2021-06-07 09:50:00,NNDM
7.8,7.8,7.8,7.8,300,2021-06-07 09:55:00,NNDM
7.8,7.8,7.8,7.8,175,2021-06-07 10:00:00,NNDM
7.8,7.8,7.8,7.8,543,2021-06-07 10:05:00,NNDM
7.82,7.82,7.82,7.82,650,2021-06-07 10:10:00,NNDM
7.82,7.82,7.81,7.81,223,2021-06-07 10:15:00,NNDM
7.79,7.79,7.77,7.77,200,2021-06-07 10:20:00,NNDM
7.82,7.82,7.79,7.79,354,2021-06-07 10:25:00,NNDM
7.8,7.8,7.8,7.8,100,2021-06-07 10:30:00,NNDM
7.82,7.82,7.8,7.8,330,2021-06-07 10:35:00,NNDM
7.8,7.82,7.8,7.82,1187,2021-06-07 10:40:00,NNDM
7.8,7.82,7.8,7.82,404,2021-06-07 10:45:00,NNDM
7.82,7.83,7.82,7.83,1226,2021-06-07 10:50:00,NNDM
7.82,7.83,7.82,7.82,566,2021-06-07 10:55:00,NNDM
7.8,7.83,7.78,7.78,4110,2021-06-07 11:00:00,NNDM
7.78,7.78,7.78,7.78,300,2021-06-07 11:05:00,NNDM
7.81,7.83,7.81,7.82,2736,2021-06-07 11:25:00,NNDM
7.82,7.84,7.81,7.84,2900,2021-06-07 11:30:00,NNDM
7.85,7.85,7.84,7.84,1710,2021-06-07 11:35:00,NNDM
7.84,7.84,7.83,7.83,400,2021-06-07 11:40:00,NNDM
7.84,7.84,7.83,7.83,1557,2021-06-07 11:45:00,NNDM
7.83,7.83,7.82,7.82,1200,2021-06-07 11:50:00,NNDM
7.83,7.84,7.83,7.84,200,2021-06-07 11:55:00,NNDM
7.84,7.84,7.83,7.84,3428,2021-06-07 12:00:00,NNDM
7.83,7.85,7.83,7.85,3820,2021-06-07 12:05:00,NNDM
7.85,7.85,7.83,7.84,2438,2021-06-07 12:10:00,NNDM
7.84,7.88,7.84,7.87,4063,2021-06-07 12:15:00,NNDM
7.88,7.9,7.88,7.9,3214,2021-06-07 12:20:00,NNDM
7.9,7.94,7.89,7.93,11552,2021-06-07 12:25:00,NNDM
7.94,7.98,7.9,7.93,27301,2021-06-07 12:30:00,NNDM
7.93,7.96,7.92,7.96,4972,2021-06-07 12:35:00,NNDM
7.96,7.99,7.96,7.98,9004,2021-06-07 12:40:00,NNDM
7.98,7.98,7.95,7.95,3122,2021-06-07 12:45:00,NNDM
7.97,7.98,7.95,7.98,6922,2021-06-07 12:50:00,NNDM
7.98,8.0,7.95,7.98,27370,2021-06-07 12:55:00,NNDM
7.971,7.99,7.96,7.97,25209,2021-06-07 13:00:00,NNDM
7.97,7.97,7.95,7.97,10981,2021-06-07 13:05:00,NNDM
7.97,7.98,7.95,7.97,18455,2021-06-07 13:10:00,NNDM
7.97,7.97,7.93,7.94,15106,2021-06-07 13:15:00,NNDM
7.93,7.94,7.92,7.94,7685,2021-06-07 13:20:00,NNDM
7.92,7.93,7.78,7.79,31941,2021-06-07 13:25:00,NNDM
7.79,7.9584,7.68,7.69,693836,2021-06-07 13:30:00,NNDM
7.69,7.7599,7.615,7.675,527585,2021-06-07 13:35:00,NNDM
7.675,7.8,7.635,7.78,479895,2021-06-07 13:40:00,NNDM
7.78,7.9099,7.78,7.9,341845,2021-06-07 13:45:00,NNDM
7.89,7.93,7.72,7.76,424133,2021-06-07 13:50:00,NNDM
7.757,7.82,7.755,7.78,162426,2021-06-07 13:55:00,NNDM
7.785,7.785,7.71,7.7243,312610,2021-06-07 14:00:00,NNDM
7.72,7.84,7.72,7.825,178226,2021-06-07 14:05:00,NNDM
7.835,7.85,7.78,7.8006,110375,2021-06-07 14:10:00,NNDM
7.8092,7.8092,7.75,7.76,110340,2021-06-07 14:15:00,NNDM
7.7552,7.82,7.74,7.7999,180588,2021-06-07 14:20:00,NNDM
7.8,7.86,7.78,7.8585,90433,2021-06-07 14:25:00,NNDM
7.86,7.99,7.86,7.94,408438,2021-06-07 14:30:00,NNDM
7.94,8.1,7.93,8.05,469230,2021-06-07 14:35:00,NNDM
8.05,8.055,8.01,8.05,213217,2021-06-07 14:40:00,NNDM
8.0499,8.1,8.0227,8.1,225718,2021-06-07 14:45:00,NNDM
8.0922,8.17,8.09,8.1101,553437,2021-06-07 14:50:00,NNDM
8.11,8.14,8.08,8.14,266942,2021-06-07 14:55:00,NNDM
8.14,8.15,8.07,8.075,234302,2021-06-07 15:00:00,NNDM
8.075,8.16,8.06,8.1599,249014,2021-06-07 15:05:00,NNDM
8.1583,8.22,8.15,8.21,278716,2021-06-07 15:10:00,NNDM
8.2024,8.21,8.14,8.155,309911,2021-06-07 15:15:00,NNDM
8.16,8.2,8.15,8.18,169426,2021-06-07 15:20:00,NNDM
8.185,8.19,8.1,8.1,182282,2021-06-07 15:25:00,NNDM
8.092,8.16,8.0821,8.1401,137685,2021-06-07 15:30:00,NNDM
8.15,8.18,8.14,8.1689,118763,2021-06-07 15:35:00,NNDM
8.16,8.185,8.14,8.1642,147322,2021-06-07 15:40:00,NNDM
8.1615,8.18,8.13,8.14,142644,2021-06-07 15:45:00,NNDM
8.14,8.1772,8.14,8.15,77281,2021-06-07 15:50:00,NNDM
8.1524,8.18,8.15,8.16,96863,2021-06-07 15:55:00,NNDM
8.162,8.17,8.1433,8.15,100871,2021-06-07 16:00:00,NNDM
8.15,8.16,8.15,8.155,42101,2021-06-07 16:05:00,NNDM
8.1544,8.18,8.141,8.1658,112744,2021-06-07 16:10:00,NNDM
8.1699,8.2,8.16,8.185,102205,2021-06-07 16:15:00,NNDM
8.19,8.3,8.18,8.285,747452,2021-06-07 16:20:00,NNDM
8.29,8.295,8.23,8.235,538658,2021-06-07 16:25:00,NNDM
8.23,8.24,8.19,8.22,203675,2021-06-07 16:30:00,NNDM
8.2294,8.29,8.22,8.2899,181170,2021-06-07 16:35:00,NNDM
8.28,8.29,8.24,8.247,117518,2021-06-07 16:40:00,NNDM
8.245,8.2699,8.22,8.22,102531,2021-06-07 16:45:00,NNDM
8.2209,8.24,8.21,8.215,106671,2021-06-07 16:50:00,NNDM
8.215,8.23,8.19,8.1942,70773,2021-06-07 16:55:00,NNDM
8.19,8.2,8.165,8.1781,119122,2021-06-07 17:00:00,NNDM
8.17,8.17,8.1324,8.145,123070,2021-06-07 17:05:00,NNDM
8.145,8.15,8.08,8.095,379517,2021-06-07 17:10:00,NNDM
8.095,8.13,8.0901,8.12,102292,2021-06-07 17:15:00,NNDM
8.1221,8.14,8.08,8.085,120528,2021-06-07 17:20:00,NNDM
8.08,8.08,8.04,8.045,182460,2021-06-07 17:25:00,NNDM
8.045,8.0499,7.9801,7.995,263491,2021-06-07 17:30:00,NNDM
7.995,8.035,7.99,8.02,139928,2021-06-07 17:35:00,NNDM
8.02,8.08,8.015,8.065,130700,2021-06-07 17:40:00,NNDM
8.065,8.0772,8.035,8.07,72863,2021-06-07 17:45:00,NNDM
8.07,8.12,8.07,8.0944,157099,2021-06-07 17:50:00,NNDM
8.0944,8.095,8.02,8.02,124112,2021-06-07 17:55:00,NNDM
8.02,8.07,8.0192,8.065,98508,2021-06-07 18:00:00,NNDM
8.065,8.08,8.05,8.07,59384,2021-06-07 18:05:00,NNDM
8.075,8.1176,8.07,8.1176,72767,2021-06-07 18:10:00,NNDM
8.115,8.115,8.07,8.0726,63781,2021-06-07 18:15:00,NNDM
8.07,8.12,8.065,8.1187,72017,2021-06-07 18:20:00,NNDM
8.11,8.1299,8.1,8.12,33842,2021-06-07 18:25:00,NNDM
8.115,8.13,8.11,8.115,44262,2021-06-07 18:30:00,NNDM
8.12,8.1499,8.11,8.13,61605,2021-06-07 18:35:00,NNDM
8.135,8.15,8.11,8.1142,120234,2021-06-07 18:40:00,NNDM
8.11,8.12,8.07,8.0705,116361,2021-06-07 18:45:00,NNDM
8.075,8.1,8.07,8.0999,61510,2021-06-07 18:50:00,NNDM
8.095,8.1,8.06,8.0616,83943,2021-06-07 18:55:00,NNDM
8.06,8.09,8.06,8.0877,49100,2021-06-07 19:00:00,NNDM
8.0812,8.15,8.0812,8.1499,110014,2021-06-07 19:05:00,NNDM
8.145,8.16,8.1397,8.16,88426,2021-06-07 19:10:00,NNDM
8.155,8.19,8.14,8.175,121734,2021-06-07 19:15:00,NNDM
8.175,8.18,8.15,8.155,115234,2021-06-07 19:20:00,NNDM
8.16,8.165,8.1201,8.125,63905,2021-06-07 19:25:00,NNDM
8.125,8.1468,8.12,8.125,110328,2021-06-07 19:30:00,NNDM
8.125,8.13,8.11,8.11,83184,2021-06-07 19:35:00,NNDM
8.11,8.14,8.11,8.13,107866,2021-06-07 19:40:00,NNDM
8.1382,8.17,8.1325,8.155,240664,2021-06-07 19:45:00,NNDM
8.16,8.195,8.16,8.19,237713,2021-06-07 19:50:00,NNDM
8.19,8.19,8.13,8.1431,443482,2021-06-07 19:55:00,NNDM
8.15,8.15,8.12,8.12,67270,2021-06-07 20:00:00,NNDM
8.12,8.15,8.12,8.15,660,2021-06-07 20:05:00,NNDM
8.14,8.14,8.12,8.14,1734,2021-06-07 20:10:00,NNDM
8.12,8.13,8.12,8.13,4325,2021-06-07 20:15:00,NNDM
8.12,8.14,8.12,8.12,2337,2021-06-07 20:20:00,NNDM
8.1387,8.14,8.12,8.14,1712,2021-06-07 20:25:00,NNDM
8.14,8.14,8.12,8.14,7427,2021-06-07 20:30:00,NNDM
8.13,8.18,8.13,8.15,5050,2021-06-07 20:35:00,NNDM
8.14,8.18,8.14,8.15,6031,2021-06-07 20:40:00,NNDM
8.14,8.15,8.14,8.15,7226,2021-06-07 20:45:00,NNDM
8.14,8.14,8.12,8.13,4525,2021-06-07 20:50:00,NNDM
8.12,8.13,8.12,8.12,3100,2021-06-07 20:55:00,NNDM
8.1201,8.14,8.12,8.14,1638,2021-06-07 21:00:00,NNDM
8.14,8.16,8.12,8.16,2140,2021-06-07 21:05:00,NNDM
8.1302,8.1304,8.13,8.13,880,2021-06-07 21:10:00,NNDM
8.13,8.14,8.12,8.14,11475,2021-06-07 21:15:00,NNDM
8.1399,8.14,8.13,8.13,885,2021-06-07 21:20:00,NNDM
8.13,8.13,8.12,8.13,2418,2021-06-07 21:25:00,NNDM
8.13,8.13,8.12,8.12,3520,2021-06-07 21:30:00,NNDM
8.1397,8.1397,8.12,8.12,5500,2021-06-07 21:35:00,NNDM
8.12,8.14,8.12,8.12,9381,2021-06-07 21:40:00,NNDM
8.11,8.14,8.1,8.1,3664,2021-06-07 21:45:00,NNDM
8.12,8.12,8.1199,8.1199,745,2021-06-07 21:50:00,NNDM
8.12,8.14,8.11,8.11,2696,2021-06-07 21:55:00,NNDM
8.11,8.14,8.11,8.14,770,2021-06-07 22:00:00,NNDM
8.15,8.15,8.15,8.15,179,2021-06-07 22:05:00,NNDM
8.12,8.17,8.12,8.17,3438,2021-06-07 22:10:00,NNDM
8.18,8.2,8.15,8.2,6524,2021-06-07 22:15:00,NNDM
8.21,8.21,8.19,8.19,342,2021-06-07 22:20:00,NNDM
8.17,8.19,8.17,8.19,1855,2021-06-07 22:25:00,NNDM
8.19,8.19,8.19,8.19,717,2021-06-07 22:30:00,NNDM
8.17,8.19,8.15,8.15,643,2021-06-07 22:35:00,NNDM
8.15,8.15,8.15,8.15,200,2021-06-07 22:40:00,NNDM
8.15,8.15,8.13,8.13,946,2021-06-07 22:45:00,NNDM
8.1,8.15,8.1,8.11,4837,2021-06-07 22:50:00,NNDM
8.12,8.12,8.12,8.12,1600,2021-06-07 22:55:00,NNDM
8.15,8.15,8.15,8.15,500,2021-06-07 23:00:00,NNDM
8.13,8.15,8.13,8.15,547,2021-06-07 23:05:00,NNDM
8.15,8.15,8.15,8.15,1678,2021-06-07 23:10:00,NNDM
8.16,8.18,8.16,8.18,1350,2021-06-07 23:15:00,NNDM
8.18,8.2,8.18,8.2,2049,2021-06-07 23:20:00,NNDM
8.18,8.2,8.18,8.2,2144,2021-06-07 23:25:00,NNDM
8.19,8.2,8.18,8.2,11347,2021-06-07 23:30:00,NNDM
8.18,8.22,8.18,8.22,9927,2021-06-07 23:35:00,NNDM
8.19,8.23,8.19,8.19,2800,2021-06-07 23:40:00,NNDM
8.21,8.21,8.2,8.2,2640,2021-06-07 23:45:00,NNDM
8.21,8.21,8.19,8.2,5200,2021-06-07 23:50:00,NNDM
8.21,8.21,8.11,8.11,8902,2021-06-07 23:55:00,NNDM
8.13,8.15,8.13,8.15,1287,2021-06-08 08:00:00,NNDM
8.19,8.2,8.19,8.2,527,2021-06-08 08:05:00,NNDM
8.2,8.26,8.2,8.26,1194,2021-06-08 08:10:00,NNDM
8.25,8.26,8.25,8.26,300,2021-06-08 08:15:00,NNDM
8.28,8.3,8.27,8.3,3044,2021-06-08 08:20:00,NNDM
8.3,8.3,8.28,8.3,2400,2021-06-08 08:25:00,NNDM
8.28,8.29,8.28,8.29,300,2021-06-08 08:30:00,NNDM
8.28,8.29,8.28,8.28,652,2021-06-08 08:35:00,NNDM
8.28,8.28,8.28,8.28,135,2021-06-08 08:40:00,NNDM
8.29,8.29,8.28,8.28,1224,2021-06-08 08:45:00,NNDM
8.28,8.29,8.27,8.29,741,2021-06-08 08:50:00,NNDM
8.29,8.3,8.29,8.29,2187,2021-06-08 08:55:00,NNDM
8.29,8.29,8.29,8.29,300,2021-06-08 09:00:00,NNDM
8.3,8.3,8.27,8.27,541,2021-06-08 09:05:00,NNDM
8.29,8.29,8.29,8.29,498,2021-06-08 09:15:00,NNDM
8.28,8.28,8.28,8.28,166,2021-06-08 09:20:00,NNDM
8.29,8.29,8.29,8.29,100,2021-06-08 09:25:00,NNDM
8.29,8.3,8.28,8.3,1338,2021-06-08 09:30:00,NNDM
8.31,8.31,8.3,8.3,957,2021-06-08 09:35:00,NNDM
8.3,8.3,8.3,8.3,448,2021-06-08 09:40:00,NNDM
8.31,8.31,8.26,8.26,1890,2021-06-08 09:45:00,NNDM
8.26,8.3,8.26,8.3,546,2021-06-08 09:50:00,NNDM
8.29,8.31,8.29,8.31,524,2021-06-08 09:55:00,NNDM
8.3,8.3,8.3,8.3,178,2021-06-08 10:00:00,NNDM
8.32,8.34,8.32,8.34,595,2021-06-08 10:05:00,NNDM
8.34,8.34,8.34,8.34,2980,2021-06-08 10:10:00,NNDM
8.34,8.34,8.33,8.33,2105,2021-06-08 10:15:00,NNDM
8.34,8.36,8.34,8.36,2373,2021-06-08 10:20:00,NNDM
8.36,8.36,8.33,8.33,2707,2021-06-08 10:25:00,NNDM
8.35,8.35,8.33,8.33,1421,2021-06-08 10:30:00,NNDM
8.3,8.3,8.3,8.3,100,2021-06-08 10:45:00,NNDM
8.33,8.33,8.33,8.33,303,2021-06-08 10:50:00,NNDM
8.32,8.32,8.25,8.28,4509,2021-06-08 11:00:00,NNDM
8.28,8.33,8.28,8.33,1956,2021-06-08 11:05:00,NNDM
8.34,8.35,8.34,8.34,647,2021-06-08 11:10:00,NNDM
8.34,8.35,8.34,8.34,904,2021-06-08 11:15:00,NNDM
8.33,8.35,8.33,8.35,4702,2021-06-08 11:20:00,NNDM
8.36,8.36,8.35,8.35,1158,2021-06-08 11:25:00,NNDM
8.36,8.36,8.35,8.35,2752,2021-06-08 11:30:00,NNDM
8.35,8.38,8.35,8.38,22100,2021-06-08 11:35:00,NNDM
8.38,8.39,8.38,8.39,9659,2021-06-08 11:40:00,NNDM
8.38,8.39,8.38,8.39,5043,2021-06-08 11:45:00,NNDM
8.38,8.39,8.38,8.39,3501,2021-06-08 11:50:00,NNDM
8.39,8.399,8.36,8.37,9582,2021-06-08 11:55:00,NNDM
8.37,8.4,8.37,8.4,13265,2021-06-08 12:00:00,NNDM
8.4,8.47,8.4,8.46,28650,2021-06-08 12:05:00,NNDM
8.47,8.47,8.4,8.43,21747,2021-06-08 12:10:00,NNDM
8.42,8.42,8.4025,8.4025,5229,2021-06-08 12:15:00,NNDM
8.42,8.4201,8.41,8.4101,5842,2021-06-08 12:20:00,NNDM
8.41,8.42,8.41,8.42,2329,2021-06-08 12:25:00,NNDM
8.42,8.42,8.4,8.4001,8388,2021-06-08 12:30:00,NNDM
8.41,8.42,8.4,8.41,3832,2021-06-08 12:35:00,NNDM
8.41,8.42,8.4,8.42,26462,2021-06-08 12:40:00,NNDM
8.42,8.42,8.41,8.41,16264,2021-06-08 12:45:00,NNDM
8.41,8.42,8.4,8.41,15612,2021-06-08 12:50:00,NNDM
8.42,8.43,8.4,8.43,13514,2021-06-08 12:55:00,NNDM
8.44,8.44,8.43,8.44,13362,2021-06-08 13:00:00,NNDM
8.44,8.45,8.43,8.44,23266,2021-06-08 13:05:00,NNDM
8.44,8.45,8.4,8.41,17717,2021-06-08 13:10:00,NNDM
8.41,8.41,8.0,8.35,51669,2021-06-08 13:15:00,NNDM
8.35,8.41,8.33,8.37,27025,2021-06-08 13:20:00,NNDM
8.38,8.4,8.36,8.36,13186,2021-06-08 13:25:00,NNDM
8.34,8.38,8.24,8.2899,355371,2021-06-08 13:30:00,NNDM
8.29,8.39,8.24,8.35,416094,2021-06-08 13:35:00,NNDM
8.35,8.42,8.34,8.3893,352847,2021-06-08 13:40:00,NNDM
8.39,8.39,8.18,8.215,486920,2021-06-08 13:45:00,NNDM
8.229,8.23,7.94,8.0978,897218,2021-06-08 13:50:00,NNDM
8.08,8.15,8.07,8.14,294735,2021-06-08 13:55:00,NNDM
8.145,8.19,8.083,8.115,260597,2021-06-08 14:00:00,NNDM
8.11,8.13,8.08,8.0985,152656,2021-06-08 14:05:00,NNDM
8.0984,8.2084,8.09,8.2,214807,2021-06-08 14:10:00,NNDM
8.205,8.205,8.16,8.2,148753,2021-06-08 14:15:00,NNDM
8.2,8.21,8.12,8.14,203306,2021-06-08 14:20:00,NNDM
8.14,8.2,8.13,8.1887,216681,2021-06-08 14:25:00,NNDM
8.1893,8.22,8.16,8.1764,131521,2021-06-08 14:30:00,NNDM
8.17,8.1799,8.08,8.0805,205637,2021-06-08 14:35:00,NNDM
8.08,8.12,8.07,8.11,171319,2021-06-08 14:40:00,NNDM
8.11,8.19,8.11,8.1799,135846,2021-06-08 14:45:00,NNDM
8.18,8.19,8.09,8.1109,125901,2021-06-08 14:50:00,NNDM
8.11,8.11,8.06,8.08,110417,2021-06-08 14:55:00,NNDM
8.085,8.09,8.03,8.03,220150,2021-06-08 15:00:00,NNDM
8.0306,8.055,8.01,8.0525,189707,2021-06-08 15:05:00,NNDM
8.0466,8.05,7.89,7.895,500178,2021-06-08 15:10:00,NNDM
7.895,7.92,7.845,7.86,533783,2021-06-08 15:15:00,NNDM
7.85,7.89,7.78,7.885,1017614,2021-06-08 15:20:00,NNDM
7.885,7.92,7.87,7.9087,342168,2021-06-08 15:25:00,NNDM
7.91,7.97,7.9,7.9699,161944,2021-06-08 15:30:00,NNDM
7.9679,7.99,7.93,7.938,231902,2021-06-08 15:35:00,NNDM
7.93,7.96,7.89,7.95,137866,2021-06-08 15:40:00,NNDM
7.955,7.9884,7.95,7.951,94794,2021-06-08 15:45:00,NNDM
7.9503,7.96,7.9,7.95,82626,2021-06-08 15:50:00,NNDM
7.94,7.985,7.94,7.98,76321,2021-06-08 15:55:00,NNDM
7.97,8.0274,7.97,8.025,178470,2021-06-08 16:00:00,NNDM
8.02,8.02,7.99,7.99,109207,2021-06-08 16:05:00,NNDM
7.99,8.01,7.95,8.005,126004,2021-06-08 16:10:00,NNDM
8.01,8.03,8.0,8.019,106905,2021-06-08 16:15:00,NNDM
8.0192,8.02,7.95,7.96,76030,2021-06-08 16:20:00,NNDM
7.965,7.9987,7.95,7.9987,61389,2021-06-08 16:25:00,NNDM
7.995,8.0,7.98,7.9899,42455,2021-06-08 16:30:00,NNDM
7.99,8.02,7.99,8.015,100357,2021-06-08 16:35:00,NNDM
8.0173,8.04,8.01,8.0299,159611,2021-06-08 16:40:00,NNDM
8.0281,8.0488,8.025,8.04,47710,2021-06-08 16:45:00,NNDM
8.04,8.065,8.04,8.0601,134644,2021-06-08 16:50:00,NNDM
8.065,8.11,8.0617,8.1,152783,2021-06-08 16:55:00,NNDM
8.105,8.1199,8.09,8.11,84655,2021-06-08 17:00:00,NNDM
8.11,8.11,8.0801,8.0801,132218,2021-06-08 17:05:00,NNDM
8.085,8.11,8.07,8.0791,62588,2021-06-08 17:10:00,NNDM
8.075,8.085,8.025,8.075,134627,2021-06-08 17:15:00,NNDM
8.075,8.08,8.06,8.075,22189,2021-06-08 17:20:00,NNDM
8.0785,8.08,8.05,8.0501,58933,2021-06-08 17:25:00,NNDM
8.0501,8.07,8.05,8.065,38703,2021-06-08 17:30:00,NNDM
8.065,8.085,8.035,8.065,107193,2021-06-08 17:35:00,NNDM
8.065,8.095,8.06,8.07,77732,2021-06-08 17:40:00,NNDM
8.065,8.14,8.065,8.1166,189125,2021-06-08 17:45:00,NNDM
8.1166,8.15,8.09,8.11,124625,2021-06-08 17:50:00,NNDM
8.1001,8.13,8.1001,8.1295,32425,2021-06-08 17:55:00,NNDM
8.125,8.13,8.08,8.11,153479,2021-06-08 18:00:00,NNDM
8.1136,8.1581,8.11,8.125,232696,2021-06-08 18:05:00,NNDM
8.13,8.1389,8.1,8.105,49916,2021-06-08 18:10:00,NNDM
8.105,8.1382,8.1016,8.13,46320,2021-06-08 18:15:00,NNDM
8.12,8.13,8.0914,8.105,59017,2021-06-08 18:20:00,NNDM
8.105,8.12,8.095,8.115,46814,2021-06-08 18:25:00,NNDM
8.115,8.13,8.095,8.1089,46519,2021-06-08 18:30:00,NNDM
8.11,8.12,8.09,8.0999,46784,2021-06-08 18:35:00,NNDM
8.095,8.12,8.09,8.0917,29967,2021-06-08 18:40:00,NNDM
8.094,8.13,8.094,8.125,34706,2021-06-08 18:45:00,NNDM
8.12,8.14,8.1,8.1138,41211,2021-06-08 18:50:00,NNDM
8.12,8.17,8.12,8.16,72029,2021-06-08 18:55:00,NNDM
8.17,8.3,8.16,8.234,464395,2021-06-08 19:00:00,NNDM
8.2315,8.26,8.21,8.225,177983,2021-06-08 19:05:00,NNDM
8.2299,8.25,8.21,8.215,97127,2021-06-08 19:10:00,NNDM
8.21,8.23,8.2,8.2121,124847,2021-06-08 19:15:00,NNDM
8.215,8.23,8.2,8.2167,172162,2021-06-08 19:20:00,NNDM
8.21,8.245,8.2,8.245,145645,2021-06-08 19:25:00,NNDM
8.245,8.3,8.24,8.28,176638,2021-06-08 19:30:00,NNDM
8.28,8.29,8.243,8.26,152347,2021-06-08 19:35:00,NNDM
8.265,8.28,8.26,8.275,60398,2021-06-08 19:40:00,NNDM
8.275,8.28,8.25,8.2633,133786,2021-06-08 19:45:00,NNDM
8.27,8.31,8.265,8.295,329630,2021-06-08 19:50:00,NNDM
8.3,8.325,8.29,8.3,492466,2021-06-08 19:55:00,NNDM
8.3,8.3,8.24,8.26,85252,2021-06-08 20:00:00,NNDM
8.26,8.32,8.26,8.3,11382,2021-06-08 20:05:00,NNDM
8.3,8.32,8.3,8.3,2301,2021-06-08 20:10:00,NNDM
8.32,8.32,8.28,8.29,6407,2021-06-08 20:15:00,NNDM
8.28,8.29,8.26,8.27,7636,2021-06-08 20:20:00,NNDM
8.26,8.27,8.24,8.24,7858,2021-06-08 20:25:00,NNDM
8.25,8.2795,8.24,8.2795,2866,2021-06-08 20:30:00,NNDM
8.24,8.26,8.24,8.25,514,2021-06-08 20:35:00,NNDM
8.24,8.25,8.24,8.25,5874,2021-06-08 20:40:00,NNDM
8.25,8.25,8.24,8.24,2537,2021-06-08 20:45:00,NNDM
8.24,8.25,8.24,8.24,2635,2021-06-08 20:50:00,NNDM
8.24,8.25,8.24,8.25,7509,2021-06-08 20:55:00,NNDM
8.26,8.27,8.26,8.26,9560,2021-06-08 21:00:00,NNDM
8.26,8.26,8.24,8.24,1578,2021-06-08 21:05:00,NNDM
8.23,8.23,8.2,8.23,600,2021-06-08 21:10:00,NNDM
8.23,8.23,8.23,8.23,524,2021-06-08 21:15:00,NNDM
8.23,8.23,8.22,8.22,528,2021-06-08 21:25:00,NNDM
8.27,8.28,8.21,8.28,3528,2021-06-08 21:30:00,NNDM
8.28,8.28,8.2689,8.28,350,2021-06-08 21:35:00,NNDM
8.27,8.27,8.23,8.27,2078,2021-06-08 21:40:00,NNDM
8.23,8.23,8.22,8.23,2307,2021-06-08 21:50:00,NNDM
8.23,8.23,8.23,8.23,3092,2021-06-08 21:55:00,NNDM
8.28,8.28,8.28,8.28,500,2021-06-08 22:05:00,NNDM
8.28,8.28,8.28,8.28,200,2021-06-08 22:10:00,NNDM
8.28,8.28,8.2,8.2,5190,2021-06-08 22:15:00,NNDM
8.22,8.22,8.22,8.22,100,2021-06-08 22:30:00,NNDM
8.27,8.27,8.27,8.27,340,2021-06-08 22:35:00,NNDM
8.22,8.27,8.22,8.27,5400,2021-06-08 22:40:00,NNDM
8.22,8.22,8.21,8.21,397,2021-06-08 22:45:00,NNDM
8.27,8.28,8.22,8.22,8151,2021-06-08 22:50:00,NNDM
8.27,8.28,8.22,8.22,2423,2021-06-08 22:55:00,NNDM
8.22,8.22,8.22,8.22,1500,2021-06-08 23:00:00,NNDM
8.25,8.25,8.25,8.25,689,2021-06-08 23:05:00,NNDM
8.25,8.25,8.24,8.24,748,2021-06-08 23:10:00,NNDM
8.24,8.25,8.24,8.25,700,2021-06-08 23:15:00,NNDM
8.21,8.23,8.21,8.21,958,2021-06-08 23:20:00,NNDM
8.27,8.27,8.27,8.27,128,2021-06-08 23:25:00,NNDM
8.27,8.27,8.27,8.27,300,2021-06-08 23:30:00,NNDM
8.23,8.23,8.23,8.23,430,2021-06-08 23:35:00,NNDM
8.23,8.27,8.23,8.27,600,2021-06-08 23:40:00,NNDM
8.27,8.31,8.26,8.31,6900,2021-06-08 23:45:00,NNDM
8.3,8.31,8.3,8.3,5912,2021-06-08 23:50:00,NNDM
8.3,8.31,8.25,8.26,3174,2021-06-08 23:55:00,NNDM
8.37,8.37,8.11,8.11,2946,2021-06-09 08:00:00,NNDM
8.18,8.18,8.16,8.16,500,2021-06-09 08:05:00,NNDM
8.17,8.17,8.17,8.17,136,2021-06-09 08:10:00,NNDM
8.18,8.22,8.18,8.21,650,2021-06-09 08:15:00,NNDM
8.21,8.25,8.21,8.25,1414,2021-06-09 08:20:00,NNDM
8.24,8.25,8.24,8.24,1095,2021-06-09 08:25:00,NNDM
8.25,8.25,8.2,8.2,1724,2021-06-09 08:30:00,NNDM
8.17,8.2,8.17,8.2,900,2021-06-09 08:35:00,NNDM
8.19,8.19,8.19,8.19,100,2021-06-09 08:40:00,NNDM
8.17,8.17,8.17,8.17,274,2021-06-09 08:45:00,NNDM
8.19,8.19,8.19,8.19,1247,2021-06-09 08:50:00,NNDM
8.18,8.18,8.18,8.18,200,2021-06-09 08:55:00,NNDM
8.18,8.2,8.18,8.2,832,2021-06-09 09:00:00,NNDM
8.2,8.22,8.2,8.22,435,2021-06-09 09:05:00,NNDM
8.21,8.22,8.18,8.18,10306,2021-06-09 09:10:00,NNDM
8.18,8.18,8.17,8.17,700,2021-06-09 09:15:00,NNDM
8.16,8.18,8.16,8.16,668,2021-06-09 09:20:00,NNDM
8.17,8.17,8.16,8.16,665,2021-06-09 09:25:00,NNDM
8.16,8.17,8.16,8.16,551,2021-06-09 09:30:00,NNDM
8.16,8.16,8.16,8.16,167,2021-06-09 09:35:00,NNDM
8.16,8.16,8.16,8.16,258,2021-06-09 09:40:00,NNDM
8.17,8.17,8.16,8.16,1994,2021-06-09 09:45:00,NNDM
8.15,8.16,8.15,8.16,2822,2021-06-09 09:50:00,NNDM
8.16,8.16,8.15,8.16,3904,2021-06-09 09:55:00,NNDM
8.17,8.17,8.15,8.15,1100,2021-06-09 10:00:00,NNDM
8.15,8.15,8.15,8.15,200,2021-06-09 10:05:00,NNDM
8.15,8.15,8.14,8.15,1092,2021-06-09 10:10:00,NNDM
8.16,8.16,8.15,8.15,2300,2021-06-09 10:15:00,NNDM
8.14,8.17,8.14,8.15,708,2021-06-09 10:20:00,NNDM
8.17,8.18,8.17,8.17,1400,2021-06-09 10:25:00,NNDM
8.17,8.17,8.14,8.16,1329,2021-06-09 10:30:00,NNDM
8.15,8.15,8.15,8.15,304,2021-06-09 10:35:00,NNDM
8.18,8.18,8.17,8.17,1030,2021-06-09 10:40:00,NNDM
8.16,8.17,8.16,8.17,1075,2021-06-09 10:45:00,NNDM
8.17,8.18,8.17,8.18,900,2021-06-09 10:50:00,NNDM
8.18,8.18,8.18,8.18,504,2021-06-09 10:55:00,NNDM
8.2,8.2,8.19,8.2,3948,2021-06-09 11:00:00,NNDM
8.23,8.26,8.22,8.22,5356,2021-06-09 11:05:00,NNDM
8.22,8.34,8.21,8.34,16819,2021-06-09 11:10:00,NNDM
8.33,8.33,8.27,8.27,2047,2021-06-09 11:15:00,NNDM
8.29,8.31,8.26,8.26,2310,2021-06-09 11:20:00,NNDM
8.29,8.31,8.29,8.31,2250,2021-06-09 11:25:00,NNDM
8.31,8.32,8.3,8.3,1414,2021-06-09 11:30:00,NNDM
8.29,8.29,8.27,8.27,2650,2021-06-09 11:35:00,NNDM
8.26,8.28,8.25,8.26,3394,2021-06-09 11:40:00,NNDM
8.25,8.29,8.24,8.27,4800,2021-06-09 11:45:00,NNDM
8.27,8.27,8.25,8.25,3245,2021-06-09 11:50:00,NNDM
8.23,8.25,8.22,8.25,454,2021-06-09 11:55:00,NNDM
8.27,8.27,8.23,8.23,1200,2021-06-09 12:00:00,NNDM
8.23,8.23,8.2,8.21,1385,2021-06-09 12:05:00,NNDM
8.22,8.22,8.2101,8.2101,1005,2021-06-09 12:10:00,NNDM
8.21,8.27,8.21,8.27,3324,2021-06-09 12:15:00,NNDM
8.25,8.29,8.25,8.27,10674,2021-06-09 12:20:00,NNDM
8.27,8.3,8.27,8.2999,5568,2021-06-09 12:25:00,NNDM
8.2801,8.29,8.27,8.29,3199,2021-06-09 12:30:00,NNDM
8.29,8.29,8.29,8.29,350,2021-06-09 12:35:00,NNDM
8.29,8.29,8.2706,8.28,1638,2021-06-09 12:40:00,NNDM
8.27,8.27,8.25,8.26,6580,2021-06-09 12:45:00,NNDM
8.26,8.28,8.26,8.28,900,2021-06-09 12:50:00,NNDM
8.28,8.28,8.25,8.26,14262,2021-06-09 12:55:00,NNDM
8.27,8.27,8.26,8.26,6929,2021-06-09 13:00:00,NNDM
8.26,8.3,8.26,8.29,14408,2021-06-09 13:05:00,NNDM
8.29,8.3,8.28,8.28,10546,2021-06-09 13:10:00,NNDM
8.28,8.31,8.25,8.31,18659,2021-06-09 13:15:00,NNDM
8.31,8.31,8.25,8.25,7886,2021-06-09 13:20:00,NNDM
8.28,8.28,8.25,8.28,15859,2021-06-09 13:25:00,NNDM
8.29,8.38,8.25,8.3,315484,2021-06-09 13:30:00,NNDM
8.3,8.35,8.26,8.26,233573,2021-06-09 13:35:00,NNDM
8.25,8.26,8.16,8.22,291376,2021-06-09 13:40:00,NNDM
8.23,8.29,8.18,8.195,193661,2021-06-09 13:45:00,NNDM
8.2,8.21,8.1,8.12,272594,2021-06-09 13:50:00,NNDM
8.1199,8.1994,8.09,8.1493,269049,2021-06-09 13:55:00,NNDM
8.1401,8.17,8.12,8.14,142004,2021-06-09 14:00:00,NNDM
8.135,8.22,8.1211,8.22,199500,2021-06-09 14:05:00,NNDM
8.22,8.25,8.18,8.1826,147200,2021-06-09 14:10:00,NNDM
8.18,8.18,8.06,8.07,192655,2021-06-09 14:15:00,NNDM
8.075,8.15,8.061,8.147,218889,2021-06-09 14:20:00,NNDM
8.14,8.19,8.135,8.18,77329,2021-06-09 14:25:00,NNDM
8.18,8.22,8.1699,8.22,75512,2021-06-09 14:30:00,NNDM
8.22,8.23,8.2,8.22,86122,2021-06-09 14:35:00,NNDM
8.215,8.2599,8.205,8.2599,156113,2021-06-09 14:40:00,NNDM
8.26,8.28,8.16,8.18,125760,2021-06-09 14:45:00,NNDM
8.18,8.21,8.16,8.21,231295,2021-06-09 14:50:00,NNDM
8.209,8.21,8.16,8.1682,77321,2021-06-09 14:55:00,NNDM
8.1679,8.2099,8.16,8.2099,53274,2021-06-09 15:00:00,NNDM
8.205,8.22,8.17,8.1708,49963,2021-06-09 15:05:00,NNDM
8.17,8.18,8.15,8.15,54710,2021-06-09 15:10:00,NNDM
8.1401,8.16,8.1201,8.125,64688,2021-06-09 15:15:00,NNDM
8.13,8.15,8.12,8.12,54714,2021-06-09 15:20:00,NNDM
8.13,8.15,8.11,8.1285,147681,2021-06-09 15:25:00,NNDM
8.12,8.13,8.06,8.1184,155062,2021-06-09 15:30:00,NNDM
8.11,8.11,8.09,8.1007,40470,2021-06-09 15:35:00,NNDM
8.1,8.11,8.09,8.1,75383,2021-06-09 15:40:00,NNDM
8.105,8.13,8.105,8.1126,56084,2021-06-09 15:45:00,NNDM
8.1101,8.115,8.01,8.0191,172693,2021-06-09 15:50:00,NNDM
8.02,8.05,7.995,8.0429,280237,2021-06-09 15:55:00,NNDM
8.0401,8.065,8.01,8.0509,142194,2021-06-09 16:00:00,NNDM
8.0579,8.08,8.05,8.08,101413,2021-06-09 16:05:00,NNDM
8.08,8.13,8.07,8.115,176646,2021-06-09 16:10:00,NNDM
8.115,8.12,8.06,8.075,164742,2021-06-09 16:15:00,NNDM
8.07,8.111,8.06,8.092,113997,2021-06-09 16:20:00,NNDM
8.095,8.11,8.09,8.1065,31176,2021-06-09 16:25:00,NNDM
8.109,8.14,8.109,8.1399,61297,2021-06-09 16:30:00,NNDM
8.14,8.15,8.13,8.135,57067,2021-06-09 16:35:00,NNDM
8.135,8.15,8.13,8.141,62480,2021-06-09 16:40:00,NNDM
8.1412,8.15,8.1301,8.142,15823,2021-06-09 16:45:00,NNDM
8.145,8.16,8.11,8.13,85371,2021-06-09 16:50:00,NNDM
8.12,8.13,8.1,8.1199,36487,2021-06-09 16:55:00,NNDM
8.115,8.1185,8.09,8.095,46781,2021-06-09 17:00:00,NNDM
8.0987,8.1,8.075,8.0875,103998,2021-06-09 17:05:00,NNDM
8.083,8.083,8.05,8.0599,111161,2021-06-09 17:10:00,NNDM
8.055,8.07,8.03,8.035,195552,2021-06-09 17:15:00,NNDM
8.04,8.06,8.026,8.045,117673,2021-06-09 17:20:00,NNDM
8.05,8.06,8.03,8.0356,107449,2021-06-09 17:25:00,NNDM
8.04,8.04,8.0,8.035,97400,2021-06-09 17:30:00,NNDM
8.03,8.04,8.0,8.02,128351,2021-06-09 17:35:00,NNDM
8.03,8.03,7.9601,7.985,273529,2021-06-09 17:40:00,NNDM
7.985,8.0299,7.9822,8.029,67522,2021-06-09 17:45:00,NNDM
8.03,8.04,8.02,8.0305,62953,2021-06-09 17:50:00,NNDM
8.03,8.05,8.0001,8.02,97182,2021-06-09 17:55:00,NNDM
8.0187,8.02,8.01,8.02,177588,2021-06-09 18:00:00,NNDM
8.0123,8.02,8.0,8.0079,114726,2021-06-09 18:05:00,NNDM
8.0,8.02,8.0,8.0,43247,2021-06-09 18:10:00,NNDM
8.01,8.02,7.98,7.985,129164,2021-06-09 18:15:00,NNDM
7.9831,8.01,7.9801,7.995,51622,2021-06-09 18:20:00,NNDM
7.9912,8.01,7.99,8.0001,53605,2021-06-09 18:25:00,NNDM
8.0,8.0,7.96,7.99,80715,2021-06-09 18:30:00,NNDM
7.99,8.0,7.98,7.99,64226,2021-06-09 18:35:00,NNDM
7.99,8.02,7.98,8.01,85775,2021-06-09 18:40:00,NNDM
8.015,8.02,7.98,7.98,100414,2021-06-09 18:45:00,NNDM
7.98,8.01,7.98,8.005,85636,2021-06-09 18:50:00,NNDM
8.005,8.01,7.95,7.96,120865,2021-06-09 18:55:00,NNDM
7.9539,7.9702,7.94,7.94,129535,2021-06-09 19:00:00,NNDM
7.94,7.95,7.91,7.915,197319,2021-06-09 19:05:00,NNDM
7.91,7.95,7.91,7.94,124784,2021-06-09 19:10:00,NNDM
7.935,7.97,7.93,7.9415,103688,2021-06-09 19:15:00,NNDM
7.94,7.94,7.92,7.935,103013,2021-06-09 19:20:00,NNDM
7.935,7.935,7.85,7.8567,261320,2021-06-09 19:25:00,NNDM
7.8567,7.88,7.83,7.871,274350,2021-06-09 19:30:00,NNDM
7.88,7.88,7.83,7.8379,249713,2021-06-09 19:35:00,NNDM
7.835,7.8374,7.76,7.77,506521,2021-06-09 19:40:00,NNDM
7.77,7.82,7.77,7.805,332897,2021-06-09 19:45:00,NNDM
7.8,7.86,7.79,7.8466,468239,2021-06-09 19:50:00,NNDM
7.85,7.91,7.838,7.9,899097,2021-06-09 19:55:00,NNDM
7.9,7.9,7.85,7.88,82153,2021-06-09 20:00:00,NNDM
7.8899,7.9,7.87,7.87,5825,2021-06-09 20:05:00,NNDM
7.87,7.89,7.85,7.89,8185,2021-06-09 20:10:00,NNDM
7.889,7.89,7.85,7.85,4463,2021-06-09 20:15:00,NNDM
7.84,7.85,7.83,7.83,2866,2021-06-09 20:20:00,NNDM
7.83,7.83,7.8,7.8,11059,2021-06-09 20:25:00,NNDM
7.83,7.83,7.81,7.83,1761,2021-06-09 20:30:00,NNDM
7.83,7.89,7.83,7.86,2473,2021-06-09 20:35:00,NNDM
7.84,7.88,7.84,7.88,3033,2021-06-09 20:40:00,NNDM
7.8799,7.88,7.87,7.87,3194,2021-06-09 20:45:00,NNDM
7.88,7.88,7.85,7.87,4820,2021-06-09 20:50:00,NNDM
7.87,7.88,7.87,7.87,3626,2021-06-09 20:55:00,NNDM
7.86,7.87,7.85,7.86,6201,2021-06-09 21:00:00,NNDM
7.88,7.88,7.86,7.88,2224,2021-06-09 21:05:00,NNDM
7.88,7.88,7.86,7.86,2888,2021-06-09 21:10:00,NNDM
7.86,7.88,7.85,7.86,1374,2021-06-09 21:15:00,NNDM
7.85,7.87,7.85,7.86,1381,2021-06-09 21:20:00,NNDM
7.88,7.88,7.88,7.88,100,2021-06-09 21:25:00,NNDM
7.85,7.88,7.85,7.85,3098,2021-06-09 21:30:00,NNDM
7.85,7.85,7.83,7.83,2213,2021-06-09 21:35:00,NNDM
7.855,7.855,7.83,7.85,1561,2021-06-09 21:40:00,NNDM
7.85,7.85,7.83,7.83,1805,2021-06-09 21:45:00,NNDM
7.85,7.85,7.83,7.85,3113,2021-06-09 21:50:00,NNDM
7.84,7.85,7.84,7.85,1100,2021-06-09 21:55:00,NNDM
7.83,7.83,7.83,7.83,577,2021-06-09 22:00:00,NNDM
7.8401,7.85,7.84,7.85,1647,2021-06-09 22:05:00,NNDM
7.84,7.84,7.82,7.82,221,2021-06-09 22:10:00,NNDM
7.82,7.82,7.82,7.82,327,2021-06-09 22:15:00,NNDM
7.82,7.82,7.8,7.8,3389,2021-06-09 22:20:00,NNDM
7.8,7.8,7.8,7.8,200,2021-06-09 22:25:00,NNDM
7.79,7.8,7.79,7.8,2121,2021-06-09 22:30:00,NNDM
7.8,7.82,7.8,7.82,4121,2021-06-09 22:35:00,NNDM
7.82,7.82,7.8,7.82,1357,2021-06-09 22:40:00,NNDM
7.81,7.81,7.8,7.8,2100,2021-06-09 22:45:00,NNDM
7.8,7.82,7.8,7.82,1277,2021-06-09 22:50:00,NNDM
7.8,7.8,7.8,7.8,500,2021-06-09 22:55:00,NNDM
7.82,7.82,7.77,7.77,11693,2021-06-09 23:00:00,NNDM
7.77,7.77,7.77,7.77,3284,2021-06-09 23:05:00,NNDM
7.79,7.79,7.77,7.79,3606,2021-06-09 23:10:00,NNDM
7.79,7.8,7.77,7.77,5531,2021-06-09 23:15:00,NNDM
7.78,7.78,7.77,7.78,1500,2021-06-09 23:20:00,NNDM
7.77,7.8,7.77,7.78,2569,2021-06-09 23:25:00,NNDM
7.8,7.8,7.8,7.8,1362,2021-06-09 23:30:00,NNDM
7.82,7.82,7.8,7.8,700,2021-06-09 23:35:00,NNDM
7.82,7.82,7.8,7.8,2239,2021-06-09 23:40:00,NNDM
7.82,7.84,7.75,7.75,9887,2021-06-09 23:45:00,NNDM
7.75,7.82,7.73,7.79,5914,2021-06-09 23:50:00,NNDM
7.8,7.84,7.8,7.84,5271,2021-06-09 23:55:00,NNDM
7.89,7.89,7.77,7.77,1100,2021-06-10 08:00:00,NNDM
7.8,7.8,7.79,7.79,400,2021-06-10 08:05:00,NNDM
7.72,7.73,7.72,7.72,2243,2021-06-10 08:10:00,NNDM
7.71,7.72,7.71,7.72,1495,2021-06-10 08:15:00,NNDM
7.72,7.72,7.71,7.71,3750,2021-06-10 08:20:00,NNDM
7.71,7.71,7.7,7.7,3183,2021-06-10 08:25:00,NNDM
7.7,7.7,7.68,7.68,899,2021-06-10 08:30:00,NNDM
7.7,7.72,7.7,7.72,1616,2021-06-10 08:35:00,NNDM
7.73,7.73,7.73,7.73,100,2021-06-10 08:40:00,NNDM
7.73,7.73,7.71,7.72,601,2021-06-10 08:45:00,NNDM
7.72,7.73,7.7,7.73,2541,2021-06-10 08:50:00,NNDM
7.75,7.75,7.74,7.74,300,2021-06-10 08:55:00,NNDM
7.73,7.73,7.73,7.73,100,2021-06-10 09:00:00,NNDM
7.73,7.73,7.72,7.73,1680,2021-06-10 09:05:00,NNDM
7.75,7.75,7.75,7.75,100,2021-06-10 09:10:00,NNDM
7.71,7.71,7.71,7.71,250,2021-06-10 09:25:00,NNDM
7.71,7.71,7.71,7.71,100,2021-06-10 09:30:00,NNDM
7.72,7.72,7.72,7.72,146,2021-06-10 09:40:00,NNDM
7.72,7.72,7.71,7.72,2198,2021-06-10 09:45:00,NNDM
7.74,7.74,7.72,7.72,813,2021-06-10 09:50:00,NNDM
7.72,7.72,7.72,7.72,407,2021-06-10 09:55:00,NNDM
7.71,7.71,7.71,7.71,100,2021-06-10 10:00:00,NNDM
7.72,7.72,7.72,7.72,433,2021-06-10 10:05:00,NNDM
7.72,7.72,7.71,7.71,406,2021-06-10 10:10:00,NNDM
7.71,7.71,7.71,7.71,695,2021-06-10 10:15:00,NNDM
7.72,7.72,7.72,7.72,346,2021-06-10 10:20:00,NNDM
7.71,7.71,7.71,7.71,998,2021-06-10 10:30:00,NNDM
7.71,7.71,7.71,7.71,100,2021-06-10 10:35:00,NNDM
7.72,7.72,7.7,7.7,2258,2021-06-10 10:40:00,NNDM
7.71,7.71,7.71,7.71,1252,2021-06-10 10:45:00,NNDM
7.71,7.71,7.71,7.71,304,2021-06-10 10:50:00,NNDM
7.71,7.71,7.71,7.71,162,2021-06-10 10:55:00,NNDM
7.72,7.74,7.72,7.74,6950,2021-06-10 11:00:00,NNDM
7.76,7.78,7.76,7.78,2680,2021-06-10 11:05:00,NNDM
7.77,7.78,7.77,7.78,685,2021-06-10 11:10:00,NNDM
7.78,7.87,7.78,7.87,5082,2021-06-10 11:15:00,NNDM
7.88,7.89,7.86,7.89,5156,2021-06-10 11:20:00,NNDM
7.89,7.89,7.85,7.85,2544,2021-06-10 11:25:00,NNDM
7.84,7.87,7.79,7.79,3856,2021-06-10 11:30:00,NNDM
7.78,7.79,7.78,7.79,433,2021-06-10 11:35:00,NNDM
7.8,7.88,7.8,7.84,4250,2021-06-10 11:45:00,NNDM
7.84,7.86,7.83,7.84,3995,2021-06-10 11:50:00,NNDM
7.84,7.89,7.84,7.85,2399,2021-06-10 11:55:00,NNDM
7.84,7.84,7.82,7.82,1999,2021-06-10 12:00:00,NNDM
7.8001,7.8001,7.8,7.8,299,2021-06-10 12:05:00,NNDM
7.8,7.84,7.78,7.8,9163,2021-06-10 12:10:00,NNDM
7.78,7.8,7.78,7.79,1659,2021-06-10 12:15:00,NNDM
7.81,7.81,7.77,7.77,4640,2021-06-10 12:20:00,NNDM
7.77,7.78,7.76,7.78,3650,2021-06-10 12:25:00,NNDM
7.7899,7.79,7.75,7.79,4588,2021-06-10 12:30:00,NNDM
7.79,7.8,7.77,7.8,1513,2021-06-10 12:35:00,NNDM
7.79,7.8199,7.78,7.8199,8302,2021-06-10 12:40:00,NNDM
7.82,7.85,7.82,7.85,4337,2021-06-10 12:45:00,NNDM
7.86,7.88,7.84,7.8799,3578,2021-06-10 12:50:00,NNDM
7.88,7.88,7.84,7.84,11150,2021-06-10 12:55:00,NNDM
7.85,7.9,7.85,7.89,4099,2021-06-10 13:00:00,NNDM
7.89,8.0,7.89,8.0,22197,2021-06-10 13:05:00,NNDM
7.99,8.0,7.9,7.94,28136,2021-06-10 13:10:00,NNDM
7.96,8.01,7.95,8.01,35098,2021-06-10 13:15:00,NNDM
8.02,8.05,7.99,8.0,55994,2021-06-10 13:20:00,NNDM
7.99,8.02,7.83,7.89,34312,2021-06-10 13:25:00,NNDM
7.9743,8.16,7.85,8.1,600068,2021-06-10 13:30:00,NNDM
8.09,8.1505,8.05,8.05,387334,2021-06-10 13:35:00,NNDM
8.0433,8.05,7.95,7.99,240853,2021-06-10 13:40:00,NNDM
7.99,8.0578,7.9712,8.04,129565,2021-06-10 13:45:00,NNDM
8.035,8.035,7.92,7.941,204342,2021-06-10 13:50:00,NNDM
7.95,8.01,7.91,7.9125,109730,2021-06-10 13:55:00,NNDM
7.92,7.98,7.9,7.94,103514,2021-06-10 14:00:00,NNDM
7.93,8.05,7.93,7.9899,256126,2021-06-10 14:05:00,NNDM
7.9894,8.0,7.9,7.92,127563,2021-06-10 14:10:00,NNDM
7.92,7.96,7.91,7.96,131150,2021-06-10 14:15:00,NNDM
7.97,8.0,7.9414,7.95,98816,2021-06-10 14:20:00,NNDM
7.9584,7.975,7.94,7.955,52597,2021-06-10 14:25:00,NNDM
7.96,7.98,7.92,7.94,90293,2021-06-10 14:30:00,NNDM
7.9388,7.95,7.83,7.84,236950,2021-06-10 14:35:00,NNDM
7.845,7.89,7.785,7.785,235265,2021-06-10 14:40:00,NNDM
7.7801,7.7877,7.69,7.71,476140,2021-06-10 14:45:00,NNDM
7.7155,7.81,7.7,7.77,171185,2021-06-10 14:50:00,NNDM
7.7799,7.83,7.74,7.825,135453,2021-06-10 14:55:00,NNDM
7.8259,7.8378,7.79,7.83,104486,2021-06-10 15:00:00,NNDM
7.8293,7.865,7.81,7.855,64144,2021-06-10 15:05:00,NNDM
7.855,7.8593,7.829,7.829,60700,2021-06-10 15:10:00,NNDM
7.825,7.85,7.795,7.795,50240,2021-06-10 15:15:00,NNDM
7.795,7.81,7.78,7.781,38844,2021-06-10 15:20:00,NNDM
7.78,7.795,7.74,7.765,108641,2021-06-10 15:25:00,NNDM
7.7613,7.769,7.71,7.72,94260,2021-06-10 15:30:00,NNDM
7.7201,7.735,7.7012,7.715,94076,2021-06-10 15:35:00,NNDM
7.72,7.7217,7.643,7.6907,301811,2021-06-10 15:40:00,NNDM
7.7,7.72,7.68,7.705,103228,2021-06-10 15:45:00,NNDM
7.71,7.72,7.66,7.6685,99190,2021-06-10 15:50:00,NNDM
7.665,7.69,7.65,7.68,101380,2021-06-10 15:55:00,NNDM
7.6701,7.69,7.66,7.665,76355,2021-06-10 16:00:00,NNDM
7.661,7.67,7.61,7.62,134423,2021-06-10 16:05:00,NNDM
7.61,7.6499,7.61,7.645,127809,2021-06-10 16:10:00,NNDM
7.65,7.6799,7.64,7.675,135224,2021-06-10 16:15:00,NNDM
7.675,7.69,7.66,7.6873,66400,2021-06-10 16:20:00,NNDM
7.685,7.6999,7.66,7.665,62673,2021-06-10 16:25:00,NNDM
7.67,7.68,7.66,7.675,22642,2021-06-10 16:30:00,NNDM
7.68,7.715,7.67,7.7099,72519,2021-06-10 16:35:00,NNDM
7.7,7.715,7.68,7.71,72869,2021-06-10 16:40:00,NNDM
7.71,7.71,7.683,7.7,44514,2021-06-10 16:45:00,NNDM
7.7,7.74,7.7,7.728,76844,2021-06-10 16:50:00,NNDM
7.722,7.73,7.69,7.6986,46121,2021-06-10 16:55:00,NNDM
7.6977,7.71,7.67,7.71,110519,2021-06-10 17:00:00,NNDM
7.71,7.745,7.7031,7.735,99421,2021-06-10 17:05:00,NNDM
7.7388,7.77,7.73,7.73,92901,2021-06-10 17:10:00,NNDM
7.735,7.77,7.73,7.7539,57390,2021-06-10 17:15:00,NNDM
7.75,7.76,7.73,7.75,33987,2021-06-10 17:20:00,NNDM
7.745,7.75,7.71,7.7199,45787,2021-06-10 17:25:00,NNDM
7.715,7.725,7.7,7.725,65890,2021-06-10 17:30:00,NNDM
7.725,7.725,7.7,7.72,47210,2021-06-10 17:35:00,NNDM
7.72,7.73,7.71,7.71,24308,2021-06-10 17:40:00,NNDM
7.71,7.73,7.7018,7.7093,31130,2021-06-10 17:45:00,NNDM
7.71,7.73,7.71,7.73,18493,2021-06-10 17:50:00,NNDM
7.7301,7.7399,7.72,7.72,32398,2021-06-10 17:55:00,NNDM
7.72,7.7499,7.72,7.745,28057,2021-06-10 18:00:00,NNDM
7.745,7.75,7.71,7.722,64120,2021-06-10 18:05:00,NNDM
7.72,7.73,7.69,7.715,72624,2021-06-10 18:10:00,NNDM
7.715,7.734,7.71,7.73,57232,2021-06-10 18:15:00,NNDM
7.725,7.73,7.69,7.71,56603,2021-06-10 18:20:00,NNDM
7.7007,7.71,7.68,7.69,38780,2021-06-10 18:25:00,NNDM
7.685,7.7,7.685,7.69,31143,2021-06-10 18:30:00,NNDM
7.6999,7.72,7.68,7.71,37883,2021-06-10 18:35:00,NNDM
7.71,7.74,7.695,7.73,101314,2021-06-10 18:40:00,NNDM
7.7309,7.74,7.72,7.733,30513,2021-06-10 18:45:00,NNDM
7.74,7.77,7.735,7.76,30479,2021-06-10 18:50:00,NNDM
7.76,7.77,7.75,7.76,47760,2021-06-10 18:55:00,NNDM
7.76,7.77,7.72,7.725,66257,2021-06-10 19:00:00,NNDM
7.725,7.75,7.7211,7.745,29160,2021-06-10 19:05:00,NNDM
7.75,7.76,7.73,7.74,58146,2021-06-10 19:10:00,NNDM
7.74,7.755,7.73,7.74,61750,2021-06-10 19:15:00,NNDM
7.74,7.75,7.73,7.73,38910,2021-06-10 19:20:00,NNDM
7.73,7.74,7.7025,7.73,57890,2021-06-10 19:25:00,NNDM
7.725,7.7299,7.69,7.695,105087,2021-06-10 19:30:00,NNDM
7.695,7.71,7.685,7.7,50661,2021-06-10 19:35:00,NNDM
7.705,7.71,7.69,7.695,40038,2021-06-10 19:40:00,NNDM
7.695,7.705,7.68,7.6879,56791,2021-06-10 19:45:00,NNDM
7.68,7.7099,7.68,7.7,95525,2021-06-10 19:50:00,NNDM
7.695,7.715,7.67,7.68,323892,2021-06-10 19:55:00,NNDM
7.68,7.72,7.66,7.66,95424,2021-06-10 20:00:00,NNDM
7.66,7.7,7.66,7.69,3686,2021-06-10 20:05:00,NNDM
7.6999,7.7,7.6999,7.7,1600,2021-06-10 20:10:00,NNDM
7.7,7.7,7.67,7.6701,7235,2021-06-10 20:15:00,NNDM
7.7,7.7,7.7,7.7,1308,2021-06-10 20:20:00,NNDM
7.7,7.72,7.6818,7.6818,3857,2021-06-10 20:25:00,NNDM
7.72,7.72,7.7,7.71,765,2021-06-10 20:30:00,NNDM
7.716,7.716,7.7,7.7,1270,2021-06-10 20:35:00,NNDM
7.72,7.72,7.68,7.68,3597,2021-06-10 20:40:00,NNDM
7.6822,7.7082,7.68,7.7082,3500,2021-06-10 20:45:00,NNDM
7.68,7.72,7.68,7.72,1100,2021-06-10 20:50:00,NNDM
7.72,7.72,7.71,7.71,1942,2021-06-10 20:55:00,NNDM
7.71,7.71,7.7,7.7,889,2021-06-10 21:00:00,NNDM
7.68,7.68,7.68,7.68,1000,2021-06-10 21:05:00,NNDM
7.69,7.69,7.69,7.69,1995,2021-06-10 21:15:00,NNDM
7.71,7.71,7.71,7.71,100,2021-06-10 21:25:00,NNDM
7.7,7.7,7.6999,7.7,552,2021-06-10 21:30:00,NNDM
7.7,7.7,7.7,7.7,200,2021-06-10 21:35:00,NNDM
7.7,7.7,7.69,7.69,335,2021-06-10 21:40:00,NNDM
7.71,7.71,7.71,7.71,1000,2021-06-10 21:45:00,NNDM
7.71,7.71,7.71,7.71,1463,2021-06-10 21:50:00,NNDM
7.72,7.72,7.72,7.72,998,2021-06-10 21:55:00,NNDM
7.73,7.73,7.73,7.73,240,2021-06-10 22:00:00,NNDM
7.71,7.71,7.71,7.71,450,2021-06-10 22:05:00,NNDM
7.71,7.71,7.71,7.71,1996,2021-06-10 22:10:00,NNDM
7.71,7.71,7.7,7.71,1880,2021-06-10 22:15:00,NNDM
7.7,7.7,7.69,7.7,2673,2021-06-10 22:20:00,NNDM
7.71,7.71,7.71,7.71,706,2021-06-10 22:25:00,NNDM
7.72,7.72,7.72,7.72,150,2021-06-10 22:35:00,NNDM
7.72,7.75,7.72,7.75,5090,2021-06-10 22:40:00,NNDM
7.72,7.72,7.71,7.71,410,2021-06-10 22:55:00,NNDM
7.75,7.75,7.75,7.75,200,2021-06-10 23:00:00,NNDM
7.75,7.75,7.75,7.75,715,2021-06-10 23:15:00,NNDM
7.71,7.71,7.71,7.71,359,2021-06-10 23:20:00,NNDM
7.7,7.7,7.7,7.7,289,2021-06-10 23:30:00,NNDM
7.72,7.74,7.72,7.74,1100,2021-06-10 23:35:00,NNDM
7.75,7.75,7.73,7.73,300,2021-06-10 23:45:00,NNDM
7.73,7.8,7.73,7.79,2396,2021-06-10 23:50:00,NNDM
7.79,7.85,7.79,7.85,4067,2021-06-10 23:55:00,NNDM
7.88,7.88,7.81,7.81,1001,2021-06-11 08:10:00,NNDM
7.81,7.87,7.81,7.87,300,2021-06-11 08:15:00,NNDM
7.86,7.86,7.86,7.86,100,2021-06-11 08:20:00,NNDM
7.83,7.83,7.83,7.83,100,2021-06-11 08:25:00,NNDM
7.81,7.81,7.81,7.81,100,2021-06-11 08:30:00,NNDM
7.75,7.75,7.75,7.75,100,2021-06-11 08:35:00,NNDM
7.73,7.73,7.71,7.71,200,2021-06-11 08:40:00,NNDM
7.78,7.81,7.71,7.71,500,2021-06-11 08:50:00,NNDM
7.74,7.74,7.74,7.74,100,2021-06-11 08:55:00,NNDM
7.81,7.81,7.81,7.81,100,2021-06-11 09:10:00,NNDM
7.79,7.79,7.79,7.79,100,2021-06-11 09:30:00,NNDM
7.77,7.77,7.77,7.77,100,2021-06-11 09:55:00,NNDM
7.76,7.77,7.76,7.77,618,2021-06-11 10:05:00,NNDM
7.76,7.76,7.75,7.75,980,2021-06-11 10:20:00,NNDM
7.75,7.75,7.75,7.75,100,2021-06-11 10:25:00,NNDM
7.75,7.76,7.75,7.76,222,2021-06-11 10:30:00,NNDM
7.77,7.77,7.77,7.77,391,2021-06-11 10:45:00,NNDM
7.81,7.85,7.79,7.8,1595,2021-06-11 11:00:00,NNDM
7.8,7.83,7.8,7.83,1800,2021-06-11 11:05:00,NNDM
7.83,7.83,7.83,7.83,300,2021-06-11 11:10:00,NNDM
7.81,7.81,7.8,7.8,800,2021-06-11 11:20:00,NNDM
7.79,7.79,7.79,7.79,593,2021-06-11 11:25:00,NNDM
7.8,7.8,7.8,7.8,100,2021-06-11 11:30:00,NNDM
7.82,7.82,7.79,7.79,1295,2021-06-11 11:35:00,NNDM
7.8,7.81,7.8,7.8,650,2021-06-11 11:45:00,NNDM
7.8,7.8,7.8,7.8,700,2021-06-11 11:50:00,NNDM
7.81,7.81,7.81,7.81,228,2021-06-11 11:55:00,NNDM
7.8001,7.81,7.8,7.8,4379,2021-06-11 12:00:00,NNDM
7.8,7.81,7.8,7.8,1700,2021-06-11 12:05:00,NNDM
7.8197,7.82,7.81,7.81,4663,2021-06-11 12:10:00,NNDM
7.8,7.81,7.8,7.81,2420,2021-06-11 12:15:00,NNDM
7.82,7.82,7.8,7.8001,1600,2021-06-11 12:20:00,NNDM
7.8,7.82,7.8,7.82,2613,2021-06-11 12:25:00,NNDM
7.8101,7.8101,7.8101,7.8101,100,2021-06-11 12:30:00,NNDM
7.8,7.8,7.78,7.78,4438,2021-06-11 12:35:00,NNDM
7.78,7.78,7.77,7.77,1337,2021-06-11 12:40:00,NNDM
7.78,7.78,7.78,7.78,4170,2021-06-11 12:45:00,NNDM
7.78,7.81,7.78,7.79,1518,2021-06-11 12:50:00,NNDM
7.8,7.82,7.76,7.76,3175,2021-06-11 12:55:00,NNDM
7.77,7.79,7.77,7.79,950,2021-06-11 13:00:00,NNDM
7.82,7.82,7.82,7.82,500,2021-06-11 13:05:00,NNDM
7.81,7.81,7.78,7.78,4380,2021-06-11 13:10:00,NNDM
7.77,7.78,7.76,7.76,1650,2021-06-11 13:15:00,NNDM
7.78,7.82,7.78,7.8,5505,2021-06-11 13:20:00,NNDM
7.81,7.85,7.78,7.78,6557,2021-06-11 13:25:00,NNDM
7.78,7.85,7.656,7.66,223306,2021-06-11 13:30:00,NNDM
7.6682,7.72,7.655,7.69,128115,2021-06-11 13:35:00,NNDM
7.699,7.74,7.699,7.72,101878,2021-06-11 13:40:00,NNDM
7.73,7.74,7.695,7.71,92104,2021-06-11 13:45:00,NNDM
7.7,7.84,7.7,7.8301,137975,2021-06-11 13:50:00,NNDM
7.831,7.9,7.78,7.82,299576,2021-06-11 13:55:00,NNDM
7.83,7.86,7.82,7.84,108910,2021-06-11 14:00:00,NNDM
7.83,7.89,7.7992,7.85,208777,2021-06-11 14:05:00,NNDM
7.85,7.91,7.85,7.895,104643,2021-06-11 14:10:00,NNDM
7.89,7.94,7.88,7.92,165374,2021-06-11 14:15:00,NNDM
7.9199,7.93,7.9,7.9,80776,2021-06-11 14:20:00,NNDM
7.9,7.95,7.89,7.95,205226,2021-06-11 14:25:00,NNDM
7.95,8.02,7.94,8.02,484378,2021-06-11 14:30:00,NNDM
8.015,8.1,8.01,8.0522,484157,2021-06-11 14:35:00,NNDM
8.06,8.08,8.0,8.025,224864,2021-06-11 14:40:00,NNDM
8.02,8.035,7.93,7.9472,242102,2021-06-11 14:45:00,NNDM
7.95,7.965,7.93,7.94,152455,2021-06-11 14:50:00,NNDM
7.94,7.95,7.91,7.9196,70409,2021-06-11 14:55:00,NNDM
7.915,7.9275,7.84,7.845,248259,2021-06-11 15:00:00,NNDM
7.845,7.88,7.8212,7.88,144263,2021-06-11 15:05:00,NNDM
7.87,7.895,7.8597,7.88,100335,2021-06-11 15:10:00,NNDM
7.8708,7.8967,7.855,7.8719,123626,2021-06-11 15:15:00,NNDM
7.875,7.96,7.87,7.96,158467,2021-06-11 15:20:00,NNDM
7.9577,7.96,7.91,7.9103,125995,2021-06-11 15:25:00,NNDM
7.9122,7.925,7.8818,7.8916,82408,2021-06-11 15:30:00,NNDM
7.9,7.915,7.87,7.89,58463,2021-06-11 15:35:00,NNDM
7.88,7.885,7.84,7.865,90736,2021-06-11 15:40:00,NNDM
7.8692,7.8799,7.86,7.8699,46080,2021-06-11 15:45:00,NNDM
7.87,7.885,7.845,7.86,36239,2021-06-11 15:50:00,NNDM
7.857,7.87,7.85,7.85,36511,2021-06-11 15:55:00,NNDM
7.85,7.8867,7.85,7.885,89830,2021-06-11 16:00:00,NNDM
7.8886,7.89,7.8696,7.88,62436,2021-06-11 16:05:00,NNDM
7.8799,7.89,7.865,7.875,36014,2021-06-11 16:10:00,NNDM
7.88,7.88,7.84,7.845,50220,2021-06-11 16:15:00,NNDM
7.845,7.845,7.8,7.8001,96418,2021-06-11 16:20:00,NNDM
7.805,7.82,7.77,7.7777,78464,2021-06-11 16:25:00,NNDM
7.7776,7.81,7.775,7.81,72396,2021-06-11 16:30:00,NNDM
7.81,7.8384,7.806,7.8148,59578,2021-06-11 16:35:00,NNDM
7.82,7.82,7.78,7.785,48114,2021-06-11 16:40:00,NNDM
7.79,7.8,7.78,7.8,45995,2021-06-11 16:45:00,NNDM
7.7904,7.815,7.79,7.81,46899,2021-06-11 16:50:00,NNDM
7.815,7.83,7.805,7.8299,50321,2021-06-11 16:55:00,NNDM
7.82,7.835,7.78,7.795,71564,2021-06-11 17:00:00,NNDM
7.7999,7.82,7.793,7.8183,36067,2021-06-11 17:05:00,NNDM
7.82,7.86,7.8121,7.8317,59953,2021-06-11 17:10:00,NNDM
7.8379,7.85,7.82,7.83,36560,2021-06-11 17:15:00,NNDM
7.835,7.85,7.83,7.8477,23463,2021-06-11 17:20:00,NNDM
7.845,7.85,7.825,7.825,14459,2021-06-11 17:25:00,NNDM
7.82,7.85,7.82,7.82,62817,2021-06-11 17:30:00,NNDM
7.825,7.84,7.81,7.835,44499,2021-06-11 17:35:00,NNDM
7.83,7.8474,7.8109,7.84,45766,2021-06-11 17:40:00,NNDM
7.845,7.85,7.825,7.84,39292,2021-06-11 17:45:00,NNDM
7.84,7.8473,7.795,7.802,81975,2021-06-11 17:50:00,NNDM
7.805,7.83,7.8,7.8,87561,2021-06-11 17:55:00,NNDM
7.8001,7.82,7.79,7.8117,67489,2021-06-11 18:00:00,NNDM
7.82,7.83,7.7801,7.7926,85997,2021-06-11 18:05:00,NNDM
7.795,7.8199,7.7906,7.815,32958,2021-06-11 18:10:00,NNDM
7.82,7.82,7.8,7.8,30271,2021-06-11 18:15:00,NNDM
7.81,7.82,7.78,7.789,80759,2021-06-11 18:20:00,NNDM
7.79,7.8,7.785,7.7901,54960,2021-06-11 18:25:00,NNDM
7.795,7.8,7.76,7.775,44214,2021-06-11 18:30:00,NNDM
7.775,7.789,7.77,7.78,41552,2021-06-11 18:35:00,NNDM
7.7811,7.785,7.76,7.76,42497,2021-06-11 18:40:00,NNDM
7.765,7.7999,7.76,7.79,53281,2021-06-11 18:45:00,NNDM
7.795,7.81,7.79,7.795,49434,2021-06-11 18:50:00,NNDM
7.7942,7.81,7.79,7.802,44531,2021-06-11 18:55:00,NNDM
7.805,7.81,7.765,7.77,103798,2021-06-11 19:00:00,NNDM
7.77,7.7799,7.76,7.76,15363,2021-06-11 19:05:00,NNDM
7.77,7.77,7.74,7.742,59211,2021-06-11 19:10:00,NNDM
7.75,7.7775,7.74,7.77,98081,2021-06-11 19:15:00,NNDM
7.765,7.77,7.76,7.77,41759,2021-06-11 19:20:00,NNDM
7.76,7.779,7.75,7.755,53888,2021-06-11 19:25:00,NNDM
7.76,7.77,7.7523,7.76,39112,2021-06-11 19:30:00,NNDM
7.76,7.77,7.755,7.7675,33541,2021-06-11 19:35:00,NNDM
7.76,7.77,7.75,7.75,93202,2021-06-11 19:40:00,NNDM
7.755,7.7666,7.74,7.76,117034,2021-06-11 19:45:00,NNDM
7.76,7.78,7.76,7.775,158369,2021-06-11 19:50:00,NNDM
7.77,7.78,7.75,7.76,296507,2021-06-11 19:55:00,NNDM
7.76,7.78,7.76,7.78,25228,2021-06-11 20:00:00,NNDM
7.8,7.8,7.78,7.78,5845,2021-06-11 20:05:00,NNDM
7.8,7.8,7.8,7.8,250,2021-06-11 20:10:00,NNDM
7.81,7.81,7.8,7.8,1750,2021-06-11 20:15:00,NNDM
7.79,7.8,7.78,7.78,600,2021-06-11 20:20:00,NNDM
7.78,7.82,7.78,7.82,5798,2021-06-11 20:25:00,NNDM
7.7835,7.82,7.78,7.82,1303,2021-06-11 20:30:00,NNDM
7.82,7.82,7.82,7.82,252,2021-06-11 20:35:00,NNDM
7.78,7.82,7.78,7.8,900,2021-06-11 20:40:00,NNDM
7.78,7.78,7.78,7.78,100,2021-06-11 20:45:00,NNDM
7.82,7.82,7.7864,7.7864,1600,2021-06-11 20:55:00,NNDM
7.82,7.82,7.78,7.78,1130,2021-06-11 21:00:00,NNDM
7.78,7.8,7.78,7.7807,778,2021-06-11 21:05:00,NNDM
7.78,7.78,7.78,7.78,9740,2021-06-11 21:10:00,NNDM
7.8,7.8,7.78,7.78,336,2021-06-11 21:15:00,NNDM
7.78,7.78,7.78,7.78,100,2021-06-11 21:20:00,NNDM
7.8,7.8,7.8,7.8,317,2021-06-11 21:25:00,NNDM
7.8,7.8,7.78,7.78,1330,2021-06-11 21:30:00,NNDM
7.78,7.78,7.78,7.78,125,2021-06-11 21:35:00,NNDM
7.78,7.82,7.78,7.82,6126,2021-06-11 21:40:00,NNDM
7.82,7.88,7.82,7.88,3387,2021-06-11 21:45:00,NNDM
7.88,7.89,7.8,7.8,9633,2021-06-11 21:50:00,NNDM
7.8007,7.89,7.8007,7.89,1950,2021-06-11 21:55:00,NNDM
7.89,7.9,7.89,7.9,3530,2021-06-11 22:00:00,NNDM
7.93,7.93,7.88,7.88,750,2021-06-11 22:05:00,NNDM
7.88,7.88,7.88,7.88,1176,2021-06-11 22:10:00,NNDM
7.8,7.8,7.8,7.8,100,2021-06-11 22:20:00,NNDM
7.86,7.86,7.86,7.86,100,2021-06-11 22:30:00,NNDM
7.8,7.8,7.8,7.8,300,2021-06-11 22:35:00,NNDM
7.84,7.84,7.84,7.84,100,2021-06-11 22:40:00,NNDM
7.86,7.86,7.81,7.81,1158,2021-06-11 22:50:00,NNDM
7.81,7.81,7.8,7.81,513,2021-06-11 22:55:00,NNDM
7.81,7.81,7.81,7.81,100,2021-06-11 23:05:00,NNDM
7.85,7.85,7.85,7.85,420,2021-06-11 23:10:00,NNDM
7.84,7.85,7.84,7.84,1661,2021-06-11 23:25:00,NNDM
7.8,7.81,7.79,7.81,1300,2021-06-11 23:30:00,NNDM
7.81,7.85,7.81,7.85,971,2021-06-11 23:35:00,NNDM
7.85,7.85,7.85,7.85,840,2021-06-11 23:40:00,NNDM
7.86,7.86,7.86,7.86,1602,2021-06-11 23:45:00,NNDM
7.86,7.86,7.86,7.86,1854,2021-06-11 23:50:00,NNDM
7.85,7.85,7.83,7.85,1467,2021-06-11 23:55:00,NNDM
7.82,7.84,7.82,7.84,235,2021-06-14 08:00:00,NNDM
7.85,7.85,7.85,7.85,200,2021-06-14 08:05:00,NNDM
7.91,7.92,7.9,7.9,1401,2021-06-14 08:25:00,NNDM
7.9,7.9,7.88,7.88,329,2021-06-14 08:30:00,NNDM
7.86,7.87,7.86,7.87,1105,2021-06-14 08:35:00,NNDM
7.87,7.88,7.86,7.86,1600,2021-06-14 08:45:00,NNDM
7.86,7.86,7.86,7.86,200,2021-06-14 08:50:00,NNDM
7.86,7.86,7.86,7.86,378,2021-06-14 08:55:00,NNDM
7.86,7.86,7.86,7.86,100,2021-06-14 09:00:00,NNDM
7.86,7.86,7.86,7.86,100,2021-06-14 09:05:00,NNDM
7.86,7.86,7.86,7.86,531,2021-06-14 09:10:00,NNDM
7.87,7.87,7.87,7.87,607,2021-06-14 09:20:00,NNDM
7.88,7.9,7.88,7.9,1470,2021-06-14 09:25:00,NNDM
7.9,7.9,7.9,7.9,280,2021-06-14 09:30:00,NNDM
7.88,7.89,7.87,7.89,1423,2021-06-14 09:50:00,NNDM
7.86,7.86,7.85,7.85,748,2021-06-14 09:55:00,NNDM
7.85,7.85,7.85,7.85,220,2021-06-14 10:00:00,NNDM
7.85,7.85,7.85,7.85,570,2021-06-14 10:10:00,NNDM
7.84,7.84,7.82,7.82,1424,2021-06-14 10:15:00,NNDM
7.87,7.87,7.87,7.87,100,2021-06-14 10:40:00,NNDM
7.88,7.88,7.88,7.88,100,2021-06-14 10:45:00,NNDM
7.87,7.89,7.87,7.89,620,2021-06-14 10:55:00,NNDM
7.89,7.9,7.88,7.9,2367,2021-06-14 11:00:00,NNDM
7.89,7.9,7.88,7.88,2098,2021-06-14 11:05:00,NNDM
7.89,7.9,7.89,7.9,2009,2021-06-14 11:10:00,NNDM
7.9,7.9,7.9,7.9,2346,2021-06-14 11:15:00,NNDM
7.9,7.9,7.88,7.89,627,2021-06-14 11:20:00,NNDM
7.88,7.88,7.88,7.88,5199,2021-06-14 11:30:00,NNDM
7.87,7.87,7.87,7.87,280,2021-06-14 11:35:00,NNDM
7.87,7.87,7.86,7.86,560,2021-06-14 11:45:00,NNDM
7.86,7.86,7.86,7.86,100,2021-06-14 11:50:00,NNDM
7.86,7.86,7.86,7.86,100,2021-06-14 11:55:00,NNDM
7.88,7.88,7.85,7.86,1200,2021-06-14 12:00:00,NNDM
7.88,7.88,7.88,7.88,720,2021-06-14 12:05:00,NNDM
7.86,7.88,7.86,7.87,3246,2021-06-14 12:10:00,NNDM
7.88,7.88,7.88,7.88,6250,2021-06-14 12:15:00,NNDM
7.88,7.88,7.88,7.88,900,2021-06-14 12:20:00,NNDM
7.89,7.89,7.88,7.88,2195,2021-06-14 12:25:00,NNDM
7.87,7.88,7.87,7.87,975,2021-06-14 12:30:00,NNDM
7.88,7.9,7.88,7.9,1500,2021-06-14 12:35:00,NNDM
7.8702,7.9,7.87,7.9,690,2021-06-14 12:40:00,NNDM
7.87,7.8985,7.87,7.8703,750,2021-06-14 12:45:00,NNDM
7.87,7.89,7.87,7.89,600,2021-06-14 12:50:00,NNDM
7.87,7.89,7.86,7.88,7323,2021-06-14 12:55:00,NNDM
7.87,7.87,7.79,7.85,21894,2021-06-14 13:00:00,NNDM
7.85,7.87,7.8,7.87,13181,2021-06-14 13:05:00,NNDM
7.87,7.88,7.84,7.84,6508,2021-06-14 13:10:00,NNDM
7.84,7.85,7.84,7.85,44828,2021-06-14 13:15:00,NNDM
7.85,7.85,7.84,7.84,13417,2021-06-14 13:20:00,NNDM
7.85,7.9,7.84,7.9,22350,2021-06-14 13:25:00,NNDM
7.88,7.94,7.83,7.9099,232605,2021-06-14 13:30:00,NNDM
7.9,7.905,7.79,7.82,364047,2021-06-14 13:35:00,NNDM
7.82,7.82,7.7,7.7299,243786,2021-06-14 13:40:00,NNDM
7.74,7.8,7.735,7.79,175615,2021-06-14 13:45:00,NNDM
7.7917,7.815,7.67,7.72,253603,2021-06-14 13:50:00,NNDM
7.72,7.7999,7.71,7.795,186321,2021-06-14 13:55:00,NNDM
7.79,7.81,7.64,7.6671,243808,2021-06-14 14:00:00,NNDM
7.6671,7.72,7.645,7.7035,145222,2021-06-14 14:05:00,NNDM
7.71,7.768,7.7,7.75,141386,2021-06-14 14:10:00,NNDM
7.75,7.79,7.75,7.76,72663,2021-06-14 14:15:00,NNDM
7.76,7.78,7.75,7.78,71606,2021-06-14 14:20:00,NNDM
7.7753,7.8,7.75,7.765,50604,2021-06-14 14:25:00,NNDM
7.765,7.7672,7.71,7.72,68031,2021-06-14 14:30:00,NNDM
7.715,7.72,7.66,7.7074,135556,2021-06-14 14:35:00,NNDM
7.705,7.73,7.699,7.73,91490,2021-06-14 14:40:00,NNDM
7.73,7.74,7.71,7.725,87550,2021-06-14 14:45:00,NNDM
7.7276,7.75,7.72,7.748,67794,2021-06-14 14:50:00,NNDM
7.7411,7.77,7.74,7.755,123287,2021-06-14 14:55:00,NNDM
7.76,7.76,7.7,7.7,62509,2021-06-14 15:00:00,NNDM
7.7,7.7181,7.66,7.685,201317,2021-06-14 15:05:00,NNDM
7.69,7.7299,7.68,7.7186,64676,2021-06-14 15:10:00,NNDM
7.7187,7.74,7.71,7.735,69318,2021-06-14 15:15:00,NNDM
7.7399,7.7399,7.7,7.71,39627,2021-06-14 15:20:00,NNDM
7.7131,7.715,7.69,7.705,63998,2021-06-14 15:25:00,NNDM
7.703,7.72,7.6827,7.7,82889,2021-06-14 15:30:00,NNDM
7.71,7.72,7.665,7.72,85679,2021-06-14 15:35:00,NNDM
7.715,7.77,7.71,7.7684,162303,2021-06-14 15:40:00,NNDM
7.765,7.87,7.764,7.86,271064,2021-06-14 15:45:00,NNDM
7.86,7.8977,7.84,7.885,198086,2021-06-14 15:50:00,NNDM
7.89,7.93,7.8897,7.915,224809,2021-06-14 15:55:00,NNDM
7.91,7.95,7.9,7.95,111040,2021-06-14 16:00:00,NNDM
7.945,7.96,7.915,7.9319,107935,2021-06-14 16:05:00,NNDM
7.935,7.95,7.91,7.94,133989,2021-06-14 16:10:00,NNDM
7.94,7.95,7.9,7.92,230063,2021-06-14 16:15:00,NNDM
7.92,7.93,7.9001,7.915,77368,2021-06-14 16:20:00,NNDM
7.915,7.925,7.88,7.8899,60267,2021-06-14 16:25:00,NNDM
7.88,7.89,7.84,7.8814,77493,2021-06-14 16:30:00,NNDM
7.885,7.915,7.8801,7.89,52664,2021-06-14 16:35:00,NNDM
7.9,7.9,7.88,7.895,63909,2021-06-14 16:40:00,NNDM
7.89,7.8999,7.88,7.895,25717,2021-06-14 16:45:00,NNDM
7.89,7.89,7.865,7.865,68467,2021-06-14 16:50:00,NNDM
7.865,7.89,7.8601,7.87,92756,2021-06-14 16:55:00,NNDM
7.87,7.94,7.86,7.935,133735,2021-06-14 17:00:00,NNDM
7.935,7.99,7.93,7.9869,171991,2021-06-14 17:05:00,NNDM
7.9861,7.9861,7.895,7.9199,236807,2021-06-14 17:10:00,NNDM
7.91,7.93,7.89,7.89,107058,2021-06-14 17:15:00,NNDM
7.89,8.13,7.8831,8.1195,1037742,2021-06-14 17:20:00,NNDM
8.1101,8.22,8.11,8.19,1059299,2021-06-14 17:25:00,NNDM
8.19,8.25,8.185,8.2,567898,2021-06-14 17:30:00,NNDM
8.205,8.29,8.2,8.2601,521712,2021-06-14 17:35:00,NNDM
8.2675,8.41,8.25,8.29,1121831,2021-06-14 17:40:00,NNDM
8.29,8.32,8.25,8.29,445582,2021-06-14 17:45:00,NNDM
8.28,8.2818,8.15,8.17,605875,2021-06-14 17:50:00,NNDM
8.179,8.2098,8.16,8.2,158749,2021-06-14 17:55:00,NNDM
8.2,8.24,8.19,8.24,172577,2021-06-14 18:00:00,NNDM
8.2315,8.2499,8.21,8.22,157932,2021-06-14 18:05:00,NNDM
8.22,8.22,8.17,8.2008,272157,2021-06-14 18:10:00,NNDM
8.2099,8.27,8.2,8.23,331943,2021-06-14 18:15:00,NNDM
8.221,8.23,8.18,8.18,122697,2021-06-14 18:20:00,NNDM
8.18,8.19,8.15,8.1877,197173,2021-06-14 18:25:00,NNDM
8.19,8.2,8.16,8.16,95826,2021-06-14 18:30:00,NNDM
8.16,8.17,8.125,8.145,126263,2021-06-14 18:35:00,NNDM
8.13,8.1607,8.13,8.155,75213,2021-06-14 18:40:00,NNDM
8.1501,8.1699,8.12,8.1399,102627,2021-06-14 18:45:00,NNDM
8.135,8.137,8.11,8.1201,104506,2021-06-14 18:50:00,NNDM
8.125,8.13,8.1,8.1201,61327,2021-06-14 18:55:00,NNDM
8.12,8.12,8.085,8.115,90621,2021-06-14 19:00:00,NNDM
8.1139,8.1139,8.075,8.075,96295,2021-06-14 19:05:00,NNDM
8.075,8.08,8.03,8.0699,208821,2021-06-14 19:10:00,NNDM
8.06,8.07,8.04,8.065,73420,2021-06-14 19:15:00,NNDM
8.065,8.1299,8.065,8.1299,188537,2021-06-14 19:20:00,NNDM
8.1218,8.1274,8.07,8.075,85411,2021-06-14 19:25:00,NNDM
8.075,8.1,8.07,8.07,52211,2021-06-14 19:30:00,NNDM
8.07,8.08,8.05,8.06,86894,2021-06-14 19:35:00,NNDM
8.06,8.06,8.0,8.01,110893,2021-06-14 19:40:00,NNDM
8.005,8.0274,7.98,7.99,188782,2021-06-14 19:45:00,NNDM
7.99,8.02,7.98,7.99,284181,2021-06-14 19:50:00,NNDM
7.99,8.03,7.99,8.01,344635,2021-06-14 19:55:00,NNDM
8.02,8.11,8.01,8.11,72580,2021-06-14 20:00:00,NNDM
8.12,8.12,8.02,8.0341,11037,2021-06-14 20:05:00,NNDM
8.08,8.08,8.08,8.08,2138,2021-06-14 20:15:00,NNDM
8.08,8.09,8.08,8.08,700,2021-06-14 20:20:00,NNDM
8.08,8.1,8.08,8.1,2345,2021-06-14 20:25:00,NNDM
8.1,8.1,8.1,8.1,3100,2021-06-14 20:30:00,NNDM
8.1,8.1,8.1,8.1,4573,2021-06-14 20:35:00,NNDM
8.1,8.1,8.1,8.1,4800,2021-06-14 20:40:00,NNDM
8.1,8.1,8.09,8.1,3730,2021-06-14 20:45:00,NNDM
8.1,8.1,8.08,8.08,6601,2021-06-14 20:50:00,NNDM
8.05,8.1,8.05,8.1,1492,2021-06-14 20:55:00,NNDM
8.0501,8.1,8.05,8.1,1567,2021-06-14 21:00:00,NNDM
8.05,8.1,8.05,8.1,1631,2021-06-14 21:05:00,NNDM
8.09,8.09,8.05,8.05,949,2021-06-14 21:10:00,NNDM
8.05,8.05,8.05,8.05,101,2021-06-14 21:15:00,NNDM
8.05,8.05,8.05,8.05,100,2021-06-14 21:20:00,NNDM
8.08,8.13,8.08,8.1,4350,2021-06-14 21:25:00,NNDM
8.12,8.12,8.1,8.1,2980,2021-06-14 21:35:00,NNDM
8.1,8.1,8.1,8.1,100,2021-06-14 21:40:00,NNDM
8.05,8.1,8.05,8.1,337,2021-06-14 21:45:00,NNDM
8.1,8.1,8.06,8.06,1221,2021-06-14 21:50:00,NNDM
8.06,8.08,8.06,8.06,1018,2021-06-14 21:55:00,NNDM
8.06,8.1,8.06,8.1,1108,2021-06-14 22:00:00,NNDM
8.11,8.11,8.11,8.11,2489,2021-06-14 22:10:00,NNDM
8.1,8.1,8.1,8.1,100,2021-06-14 22:20:00,NNDM
8.1,8.11,8.1,8.11,361,2021-06-14 22:25:00,NNDM
8.06,8.0601,8.06,8.0601,830,2021-06-14 22:30:00,NNDM
8.09,8.09,8.09,8.09,500,2021-06-14 22:35:00,NNDM
8.09,8.1,8.09,8.1,1042,2021-06-14 22:40:00,NNDM
8.1099,8.1099,8.1099,8.1099,563,2021-06-14 22:45:00,NNDM
8.06,8.06,8.06,8.06,399,2021-06-14 23:10:00,NNDM
8.06,8.06,8.06,8.06,460,2021-06-14 23:15:00,NNDM
8.07,8.1,8.07,8.1,499,2021-06-14 23:20:00,NNDM
8.1,8.1,8.1,8.1,1000,2021-06-14 23:30:00,NNDM
8.1,8.1,8.06,8.06,1392,2021-06-14 23:35:00,NNDM
8.1,8.1,8.1,8.1,196,2021-06-14 23:40:00,NNDM
8.06,8.1,8.06,8.1,769,2021-06-14 23:45:00,NNDM
8.06,8.06,8.06,8.06,1117,2021-06-14 23:50:00,NNDM
8.06,8.1,8.06,8.1,4706,2021-06-14 23:55:00,NNDM
8.1,8.45,7.95,7.95,6702,2021-06-15 08:00:00,NNDM
8.04,8.04,8.02,8.02,820,2021-06-15 08:05:00,NNDM
8.05,8.05,8.05,8.05,300,2021-06-15 08:10:00,NNDM
8.06,8.06,8.06,8.06,165,2021-06-15 08:15:00,NNDM
8.05,8.05,8.05,8.05,100,2021-06-15 08:20:00,NNDM
8.05,8.05,8.05,8.05,908,2021-06-15 08:25:00,NNDM
8.02,8.1,8.02,8.1,1409,2021-06-15 08:30:00,NNDM
8.1,8.1,8.09,8.09,346,2021-06-15 08:40:00,NNDM
8.1,8.1,8.1,8.1,100,2021-06-15 08:45:00,NNDM
8.1,8.1,8.1,8.1,100,2021-06-15 08:50:00,NNDM
8.1,8.1,8.1,8.1,450,2021-06-15 08:55:00,NNDM
8.09,8.09,8.09,8.09,375,2021-06-15 09:00:00,NNDM
8.09,8.1,8.09,8.1,3025,2021-06-15 09:05:00,NNDM
8.15,8.15,8.15,8.15,330,2021-06-15 09:20:00,NNDM
8.12,8.12,8.12,8.12,100,2021-06-15 09:35:00,NNDM
8.12,8.13,8.12,8.13,210,2021-06-15 09:40:00,NNDM
8.14,8.14,8.14,8.14,100,2021-06-15 09:45:00,NNDM
8.14,8.14,8.14,8.14,300,2021-06-15 09:50:00,NNDM
8.14,8.14,8.14,8.14,100,2021-06-15 09:55:00,NNDM
8.14,8.14,8.14,8.14,700,2021-06-15 10:00:00,NNDM
8.12,8.12,8.12,8.12,349,2021-06-15 10:05:00,NNDM
8.11,8.11,8.11,8.11,815,2021-06-15 10:10:00,NNDM
8.1,8.1,8.1,8.1,100,2021-06-15 10:30:00,NNDM
8.08,8.08,8.08,8.08,900,2021-06-15 10:35:00,NNDM
8.06,8.09,8.06,8.09,312,2021-06-15 10:40:00,NNDM
8.09,8.09,8.09,8.09,100,2021-06-15 10:45:00,NNDM
8.06,8.06,8.06,8.06,316,2021-06-15 10:55:00,NNDM
8.06,8.08,8.06,8.06,1254,2021-06-15 11:00:00,NNDM
8.05,8.05,8.04,8.04,1401,2021-06-15 11:05:00,NNDM
8.05,8.08,8.05,8.08,898,2021-06-15 11:10:00,NNDM
8.06,8.06,8.06,8.06,100,2021-06-15 11:15:00,NNDM
8.08,8.08,8.08,8.08,200,2021-06-15 11:20:00,NNDM
8.08,8.08,8.07,8.07,511,2021-06-15 11:30:00,NNDM
8.09,8.09,8.08,8.08,1553,2021-06-15 11:55:00,NNDM
8.08,8.08,8.05,8.08,2683,2021-06-15 12:00:00,NNDM
8.05,8.06,8.04,8.04,1719,2021-06-15 12:05:00,NNDM
8.04,8.04,8.0201,8.04,1570,2021-06-15 12:10:00,NNDM
8.04,8.04,8.02,8.02,4253,2021-06-15 12:15:00,NNDM
8.01,8.04,8.01,8.04,7249,2021-06-15 12:20:00,NNDM
8.05,8.07,8.05,8.06,4910,2021-06-15 12:25:00,NNDM
8.06,8.06,8.04,8.05,2300,2021-06-15 12:30:00,NNDM
8.04,8.05,8.04,8.05,3399,2021-06-15 12:35:00,NNDM
8.05,8.06,8.0499,8.06,1226,2021-06-15 12:40:00,NNDM
8.05,8.07,8.04,8.0499,3759,2021-06-15 12:45:00,NNDM
8.0399,8.04,8.01,8.02,7732,2021-06-15 12:50:00,NNDM
8.02,8.03,7.93,7.93,34168,2021-06-15 12:55:00,NNDM
7.93,8.0201,7.93,7.99,24449,2021-06-15 13:00:00,NNDM
7.99,8.0,7.97,7.99,7000,2021-06-15 13:05:00,NNDM
8.0,8.0,7.98,8.0,6100,2021-06-15 13:10:00,NNDM
7.99,8.0,7.91,7.97,15357,2021-06-15 13:15:00,NNDM
7.95,7.97,7.85,7.93,23806,2021-06-15 13:20:00,NNDM
7.99,8.0,7.96,7.96,5987,2021-06-15 13:25:00,NNDM
7.99,8.0197,7.87,7.95,270886,2021-06-15 13:30:00,NNDM
7.96,7.96,7.85,7.895,241744,2021-06-15 13:35:00,NNDM
7.89,7.99,7.84,7.98,256747,2021-06-15 13:40:00,NNDM
7.98,8.06,7.94,8.031,243825,2021-06-15 13:45:00,NNDM
8.0399,8.0801,7.95,8.08,293223,2021-06-15 13:50:00,NNDM
8.07,8.07,7.97,7.98,173515,2021-06-15 13:55:00,NNDM
7.983,8.005,7.91,7.9176,175566,2021-06-15 14:00:00,NNDM
7.9109,7.94,7.87,7.8913,147755,2021-06-15 14:05:00,NNDM
7.89,7.89,7.82,7.835,239071,2021-06-15 14:10:00,NNDM
7.84,7.89,7.83,7.85,127191,2021-06-15 14:15:00,NNDM
7.84,7.86,7.77,7.8082,237949,2021-06-15 14:20:00,NNDM
7.805,7.81,7.66,7.6751,439216,2021-06-15 14:25:00,NNDM
7.675,7.73,7.67,7.705,295382,2021-06-15 14:30:00,NNDM
7.7,7.75,7.69,7.745,194326,2021-06-15 14:35:00,NNDM
7.7471,7.7471,7.675,7.685,142310,2021-06-15 14:40:00,NNDM
7.685,7.74,7.665,7.74,117213,2021-06-15 14:45:00,NNDM
7.74,7.7499,7.7,7.71,247803,2021-06-15 14:50:00,NNDM
7.7073,7.71,7.67,7.6999,133821,2021-06-15 14:55:00,NNDM
7.695,7.7,7.63,7.6481,181416,2021-06-15 15:00:00,NNDM
7.64,7.66,7.61,7.655,216807,2021-06-15 15:05:00,NNDM
7.655,7.66,7.6101,7.62,131672,2021-06-15 15:10:00,NNDM
7.615,7.62,7.55,7.57,462967,2021-06-15 15:15:00,NNDM
7.56,7.56,7.52,7.55,269603,2021-06-15 15:20:00,NNDM
7.545,7.55,7.45,7.475,510500,2021-06-15 15:25:00,NNDM
7.4771,7.5,7.44,7.45,253180,2021-06-15 15:30:00,NNDM
7.444,7.46,7.41,7.4205,336970,2021-06-15 15:35:00,NNDM
7.43,7.47,7.41,7.465,212650,2021-06-15 15:40:00,NNDM
7.4602,7.49,7.45,7.47,168828,2021-06-15 15:45:00,NNDM
7.47,7.5,7.42,7.4499,231921,2021-06-15 15:50:00,NNDM
7.45,7.5,7.43,7.4895,164928,2021-06-15 15:55:00,NNDM
7.49,7.52,7.47,7.504,137559,2021-06-15 16:00:00,NNDM
7.5099,7.519,7.48,7.5011,110810,2021-06-15 16:05:00,NNDM
7.5058,7.53,7.501,7.5018,107434,2021-06-15 16:10:00,NNDM
7.501,7.501,7.46,7.4899,107699,2021-06-15 16:15:00,NNDM
7.485,7.56,7.4812,7.545,169375,2021-06-15 16:20:00,NNDM
7.545,7.55,7.52,7.5233,60385,2021-06-15 16:25:00,NNDM
7.522,7.5293,7.5,7.5132,49832,2021-06-15 16:30:00,NNDM
7.5199,7.525,7.5,7.51,62422,2021-06-15 16:35:00,NNDM
7.51,7.51,7.465,7.47,148298,2021-06-15 16:40:00,NNDM
7.475,7.53,7.46,7.53,197108,2021-06-15 16:45:00,NNDM
7.53,7.55,7.515,7.53,212225,2021-06-15 16:50:00,NNDM
7.52,7.52,7.47,7.478,170834,2021-06-15 16:55:00,NNDM
7.47,7.5,7.43,7.48,404253,2021-06-15 17:00:00,NNDM
7.49,7.51,7.4119,7.4209,355600,2021-06-15 17:05:00,NNDM
7.4273,7.45,7.42,7.4499,56514,2021-06-15 17:10:00,NNDM
7.44,7.47,7.415,7.47,73634,2021-06-15 17:15:00,NNDM
7.4669,7.4867,7.455,7.48,94661,2021-06-15 17:20:00,NNDM
7.4701,7.5,7.47,7.49,83676,2021-06-15 17:25:00,NNDM
7.485,7.5,7.48,7.4857,86583,2021-06-15 17:30:00,NNDM
7.485,7.49,7.47,7.474,55836,2021-06-15 17:35:00,NNDM
7.475,7.51,7.47,7.48,47005,2021-06-15 17:40:00,NNDM
7.485,7.5,7.4701,7.495,32191,2021-06-15 17:45:00,NNDM
7.49,7.51,7.49,7.4971,50493,2021-06-15 17:50:00,NNDM
7.495,7.5,7.47,7.4895,80795,2021-06-15 17:55:00,NNDM
7.49,7.51,7.47,7.485,62159,2021-06-15 18:00:00,NNDM
7.485,7.515,7.485,7.5093,34722,2021-06-15 18:05:00,NNDM
7.5,7.505,7.47,7.47,83142,2021-06-15 18:10:00,NNDM
7.47,7.4982,7.45,7.4893,59876,2021-06-15 18:15:00,NNDM
7.4899,7.52,7.4801,7.515,62979,2021-06-15 18:20:00,NNDM
7.51,7.52,7.5,7.515,30065,2021-06-15 18:25:00,NNDM
7.515,7.52,7.49,7.49,86227,2021-06-15 18:30:00,NNDM
7.495,7.5,7.49,7.495,28362,2021-06-15 18:35:00,NNDM
7.5,7.52,7.495,7.5167,40132,2021-06-15 18:40:00,NNDM
7.51,7.52,7.5,7.505,26759,2021-06-15 18:45:00,NNDM
7.505,7.51,7.49,7.51,47600,2021-06-15 18:50:00,NNDM
7.5,7.52,7.5,7.51,51797,2021-06-15 18:55:00,NNDM
7.5033,7.51,7.47,7.4767,67841,2021-06-15 19:00:00,NNDM
7.4767,7.485,7.45,7.4501,65653,2021-06-15 19:05:00,NNDM
7.46,7.47,7.45,7.457,98446,2021-06-15 19:10:00,NNDM
7.453,7.46,7.43,7.46,99593,2021-06-15 19:15:00,NNDM
7.455,7.46,7.38,7.405,353980,2021-06-15 19:20:00,NNDM
7.409,7.41,7.38,7.385,144818,2021-06-15 19:25:00,NNDM
7.385,7.41,7.37,7.41,212647,2021-06-15 19:30:00,NNDM
7.403,7.41,7.365,7.4,160940,2021-06-15 19:35:00,NNDM
7.395,7.41,7.39,7.395,115455,2021-06-15 19:40:00,NNDM
7.4,7.42,7.37,7.42,297210,2021-06-15 19:45:00,NNDM
7.41,7.435,7.4,7.425,239710,2021-06-15 19:50:00,NNDM
7.42,7.43,7.41,7.43,247591,2021-06-15 19:55:00,NNDM
7.42,7.45,7.42,7.45,70773,2021-06-15 20:00:00,NNDM
7.44,7.44,7.42,7.44,8747,2021-06-15 20:05:00,NNDM
7.4399,7.47,7.4399,7.45,1612,2021-06-15 20:10:00,NNDM
7.43,7.46,7.43,7.46,1549,2021-06-15 20:15:00,NNDM
7.45,7.45,7.43,7.43,200,2021-06-15 20:20:00,NNDM
7.45,7.45,7.43,7.43,8935,2021-06-15 20:25:00,NNDM
7.43,7.45,7.43,7.45,1044,2021-06-15 20:30:00,NNDM
7.45,7.45,7.43,7.43,1335,2021-06-15 20:35:00,NNDM
7.45,7.46,7.44,7.46,965,2021-06-15 20:40:00,NNDM
7.46,7.46,7.44,7.44,937,2021-06-15 20:45:00,NNDM
7.46,7.46,7.45,7.46,800,2021-06-15 20:50:00,NNDM
7.45,7.46,7.45,7.46,538,2021-06-15 20:55:00,NNDM
7.46,7.46,7.44,7.44,2354,2021-06-15 21:00:00,NNDM
7.45,7.45,7.44,7.44,550,2021-06-15 21:05:00,NNDM
7.45,7.45,7.44,7.44,1365,2021-06-15 21:10:00,NNDM
7.45,7.45,7.43,7.43,1400,2021-06-15 21:15:00,NNDM
7.45,7.45,7.45,7.45,1506,2021-06-15 21:20:00,NNDM
7.45,7.46,7.43,7.46,1758,2021-06-15 21:25:00,NNDM
7.46,7.47,7.45,7.45,1610,2021-06-15 21:30:00,NNDM
7.45,7.48,7.45,7.48,1149,2021-06-15 21:35:00,NNDM
7.45,7.45,7.45,7.45,1325,2021-06-15 21:40:00,NNDM
7.43,7.48,7.43,7.48,200,2021-06-15 21:45:00,NNDM
7.48,7.48,7.48,7.48,1300,2021-06-15 21:50:00,NNDM
7.44,7.46,7.43,7.46,682,2021-06-15 21:55:00,NNDM
7.48,7.48,7.47,7.48,1762,2021-06-15 22:00:00,NNDM
7.47,7.47,7.47,7.47,900,2021-06-15 22:05:00,NNDM
7.44,7.45,7.44,7.44,2748,2021-06-15 22:15:00,NNDM
7.44,7.44,7.44,7.44,400,2021-06-15 22:20:00,NNDM
7.44,7.44,7.44,7.44,1097,2021-06-15 22:30:00,NNDM
7.47,7.48,7.47,7.48,3753,2021-06-15 22:35:00,NNDM
7.48,7.48,7.44,7.44,1600,2021-06-15 22:40:00,NNDM
7.45,7.47,7.45,7.47,1074,2021-06-15 22:50:00,NNDM
7.44,7.44,7.44,7.44,309,2021-06-15 22:55:00,NNDM
7.43,7.43,7.43,7.43,1440,2021-06-15 23:00:00,NNDM
7.43,7.46,7.43,7.46,200,2021-06-15 23:05:00,NNDM
7.47,7.47,7.47,7.47,500,2021-06-15 23:10:00,NNDM
7.44,7.44,7.43,7.43,490,2021-06-15 23:15:00,NNDM
7.43,7.43,7.43,7.43,616,2021-06-15 23:20:00,NNDM
7.43,7.43,7.43,7.43,940,2021-06-15 23:25:00,NNDM
7.43,7.43,7.42,7.42,2100,2021-06-15 23:30:00,NNDM
7.42,7.45,7.42,7.45,2545,2021-06-15 23:35:00,NNDM
7.45,7.45,7.45,7.45,1190,2021-06-15 23:40:00,NNDM
7.46,7.46,7.41,7.43,3186,2021-06-15 23:45:00,NNDM
7.42,7.43,7.42,7.43,2341,2021-06-15 23:50:00,NNDM
7.42,7.45,7.42,7.45,1990,2021-06-15 23:55:00,NNDM
7.5,7.5,7.36,7.36,1672,2021-06-16 08:00:00,NNDM
7.36,7.36,7.36,7.36,300,2021-06-16 08:05:00,NNDM
7.38,7.38,7.36,7.36,463,2021-06-16 08:20:00,NNDM
7.36,7.36,7.36,7.36,2475,2021-06-16 08:30:00,NNDM
7.36,7.36,7.35,7.36,550,2021-06-16 08:35:00,NNDM
7.39,7.39,7.39,7.39,100,2021-06-16 08:40:00,NNDM
7.38,7.38,7.36,7.36,862,2021-06-16 08:45:00,NNDM
7.36,7.39,7.36,7.39,2236,2021-06-16 08:55:00,NNDM
7.4,7.43,7.4,7.43,702,2021-06-16 09:00:00,NNDM
7.43,7.43,7.43,7.43,600,2021-06-16 09:15:00,NNDM
7.42,7.42,7.41,7.41,755,2021-06-16 09:20:00,NNDM
7.41,7.41,7.4,7.4,2457,2021-06-16 09:25:00,NNDM
7.42,7.42,7.38,7.38,9687,2021-06-16 09:30:00,NNDM
7.39,7.39,7.39,7.39,200,2021-06-16 09:50:00,NNDM
7.38,7.38,7.38,7.38,400,2021-06-16 10:00:00,NNDM
7.4,7.4,7.4,7.4,362,2021-06-16 10:05:00,NNDM
7.39,7.39,7.39,7.39,100,2021-06-16 10:15:00,NNDM
7.46,7.46,7.46,7.46,100,2021-06-16 10:50:00,NNDM
7.46,7.47,7.46,7.47,1591,2021-06-16 10:55:00,NNDM
7.46,7.47,7.46,7.46,1462,2021-06-16 11:00:00,NNDM
7.47,7.47,7.43,7.43,1550,2021-06-16 11:05:00,NNDM
7.46,7.46,7.44,7.44,999,2021-06-16 11:10:00,NNDM
7.43,7.43,7.42,7.42,500,2021-06-16 11:15:00,NNDM
7.42,7.42,7.42,7.42,140,2021-06-16 11:30:00,NNDM
7.41,7.41,7.41,7.41,247,2021-06-16 11:35:00,NNDM
7.4,7.4,7.37,7.4,4902,2021-06-16 11:40:00,NNDM
7.4,7.4,7.38,7.38,2921,2021-06-16 11:45:00,NNDM
7.38,7.38,7.38,7.38,300,2021-06-16 11:50:00,NNDM
7.4,7.4,7.38,7.38,764,2021-06-16 11:55:00,NNDM
7.39,7.39,7.3704,7.39,3285,2021-06-16 12:00:00,NNDM
7.39,7.3901,7.38,7.38,3222,2021-06-16 12:05:00,NNDM
7.3701,7.3701,7.3701,7.3701,100,2021-06-16 12:10:00,NNDM
7.38,7.4,7.38,7.4,586,2021-06-16 12:15:00,NNDM
7.3901,7.41,7.3901,7.41,1560,2021-06-16 12:20:00,NNDM
7.41,7.41,7.39,7.41,5400,2021-06-16 12:25:00,NNDM
7.4,7.41,7.4,7.4099,1010,2021-06-16 12:30:00,NNDM
7.4,7.41,7.4,7.41,5530,2021-06-16 12:35:00,NNDM
7.41,7.41,7.41,7.41,1800,2021-06-16 12:40:00,NNDM
7.4,7.41,7.4,7.41,1000,2021-06-16 12:45:00,NNDM
7.4,7.4,7.4,7.4,265,2021-06-16 12:50:00,NNDM
7.39,7.42,7.39,7.42,7201,2021-06-16 12:55:00,NNDM
7.42,7.43,7.4,7.43,10540,2021-06-16 13:00:00,NNDM
7.42,7.42,7.4,7.4,11234,2021-06-16 13:05:00,NNDM
7.4101,7.4101,7.4,7.4,3250,2021-06-16 13:10:00,NNDM
7.4,7.41,7.4,7.4001,2285,2021-06-16 13:15:00,NNDM
7.4,7.41,7.4,7.41,15430,2021-06-16 13:20:00,NNDM
7.4,7.45,7.37,7.4,14047,2021-06-16 13:25:00,NNDM
7.4168,7.5601,7.38,7.537,310514,2021-06-16 13:30:00,NNDM
7.53,7.5317,7.42,7.4704,171264,2021-06-16 13:35:00,NNDM
7.47,7.57,7.45,7.55,147579,2021-06-16 13:40:00,NNDM
7.56,7.57,7.5119,7.5119,129700,2021-06-16 13:45:00,NNDM
7.5119,7.53,7.42,7.47,155518,2021-06-16 13:50:00,NNDM
7.4601,7.468,7.38,7.43,210692,2021-06-16 13:55:00,NNDM
7.43,7.45,7.39,7.4122,116882,2021-06-16 14:00:00,NNDM
7.42,7.4599,7.416,7.4457,87636,2021-06-16 14:05:00,NNDM
7.45,7.51,7.44,7.5,114589,2021-06-16 14:10:00,NNDM
7.4923,7.55,7.48,7.53,150976,2021-06-16 14:15:00,NNDM
7.5301,7.5301,7.47,7.48,217353,2021-06-16 14:20:00,NNDM
7.475,7.5,7.45,7.465,76464,2021-06-16 14:25:00,NNDM
7.46,7.475,7.44,7.4433,35199,2021-06-16 14:30:00,NNDM
7.4458,7.49,7.44,7.49,79821,2021-06-16 14:35:00,NNDM
7.49,7.53,7.48,7.515,74177,2021-06-16 14:40:00,NNDM
7.51,7.51,7.49,7.498,116738,2021-06-16 14:45:00,NNDM
7.4988,7.53,7.495,7.5,90985,2021-06-16 14:50:00,NNDM
7.5,7.52,7.5,7.5102,52020,2021-06-16 14:55:00,NNDM
7.5172,7.54,7.5088,7.53,86920,2021-06-16 15:00:00,NNDM
7.5282,7.53,7.44,7.46,120174,2021-06-16 15:05:00,NNDM
7.4555,7.4576,7.43,7.45,98489,2021-06-16 15:10:00,NNDM
7.443,7.475,7.443,7.46,53441,2021-06-16 15:15:00,NNDM
7.454,7.48,7.45,7.4595,67522,2021-06-16 15:20:00,NNDM
7.46,7.49,7.4501,7.4717,66623,2021-06-16 15:25:00,NNDM
7.4704,7.49,7.45,7.465,58073,2021-06-16 15:30:00,NNDM
7.465,7.47,7.44,7.455,39325,2021-06-16 15:35:00,NNDM
7.455,7.51,7.455,7.5082,53173,2021-06-16 15:40:00,NNDM
7.5,7.55,7.5,7.55,100834,2021-06-16 15:45:00,NNDM
7.54,7.58,7.54,7.5675,145349,2021-06-16 15:50:00,NNDM
7.565,7.57,7.52,7.53,93974,2021-06-16 15:55:00,NNDM
7.52,7.55,7.52,7.5383,74596,2021-06-16 16:00:00,NNDM
7.535,7.5478,7.5,7.525,70505,2021-06-16 16:05:00,NNDM
7.52,7.52,7.43,7.44,128130,2021-06-16 16:10:00,NNDM
7.44,7.45,7.41,7.4294,147734,2021-06-16 16:15:00,NNDM
7.425,7.44,7.395,7.405,119910,2021-06-16 16:20:00,NNDM
7.405,7.405,7.36,7.3767,130876,2021-06-16 16:25:00,NNDM
7.38,7.4077,7.373,7.3973,94498,2021-06-16 16:30:00,NNDM
7.3999,7.4,7.33,7.35,152923,2021-06-16 16:35:00,NNDM
7.3525,7.38,7.35,7.357,50504,2021-06-16 16:40:00,NNDM
7.35,7.385,7.35,7.385,31315,2021-06-16 16:45:00,NNDM
7.385,7.39,7.37,7.375,72538,2021-06-16 16:50:00,NNDM
7.375,7.4,7.3711,7.39,47350,2021-06-16 16:55:00,NNDM
7.39,7.39,7.3609,7.375,31523,2021-06-16 17:00:00,NNDM
7.38,7.38,7.35,7.3501,58456,2021-06-16 17:05:00,NNDM
7.36,7.41,7.36,7.3917,66049,2021-06-16 17:10:00,NNDM
7.39,7.41,7.39,7.405,59501,2021-06-16 17:15:00,NNDM
7.4024,7.41,7.3819,7.4,63455,2021-06-16 17:20:00,NNDM
7.4,7.42,7.3806,7.395,55605,2021-06-16 17:25:00,NNDM
7.4,7.44,7.4,7.4309,36265,2021-06-16 17:30:00,NNDM
7.44,7.45,7.43,7.435,48269,2021-06-16 17:35:00,NNDM
7.4301,7.46,7.43,7.45,23783,2021-06-16 17:40:00,NNDM
7.455,7.46,7.4221,7.4221,64086,2021-06-16 17:45:00,NNDM
7.43,7.465,7.4291,7.465,51745,2021-06-16 17:50:00,NNDM
7.46,7.4601,7.4215,7.435,58692,2021-06-16 17:55:00,NNDM
7.43,7.43,7.27,7.3888,309358,2021-06-16 18:00:00,NNDM
7.39,7.44,7.38,7.42,89998,2021-06-16 18:05:00,NNDM
7.42,7.45,7.365,7.365,90579,2021-06-16 18:10:00,NNDM
7.365,7.37,7.24,7.2693,238720,2021-06-16 18:15:00,NNDM
7.27,7.38,7.2694,7.3784,239688,2021-06-16 18:20:00,NNDM
7.375,7.43,7.3701,7.4114,139619,2021-06-16 18:25:00,NNDM
7.41,7.44,7.36,7.4299,176733,2021-06-16 18:30:00,NNDM
7.43,7.44,7.39,7.4007,112708,2021-06-16 18:35:00,NNDM
7.4014,7.4014,7.335,7.34,84122,2021-06-16 18:40:00,NNDM
7.34,7.38,7.31,7.36,144714,2021-06-16 18:45:00,NNDM
7.36,7.38,7.34,7.36,35777,2021-06-16 18:50:00,NNDM
7.37,7.405,7.3573,7.3871,63345,2021-06-16 18:55:00,NNDM
7.38,7.4,7.365,7.38,57724,2021-06-16 19:00:00,NNDM
7.38,7.43,7.38,7.42,82927,2021-06-16 19:05:00,NNDM
7.415,7.48,7.415,7.4764,142774,2021-06-16 19:10:00,NNDM
7.475,7.53,7.4701,7.515,223107,2021-06-16 19:15:00,NNDM
7.517,7.54,7.5,7.535,201479,2021-06-16 19:20:00,NNDM
7.53,7.53,7.49,7.505,119928,2021-06-16 19:25:00,NNDM
7.51,7.52,7.47,7.51,257697,2021-06-16 19:30:00,NNDM
7.5,7.53,7.49,7.5273,84667,2021-06-16 19:35:00,NNDM
7.5299,7.58,7.5299,7.57,200378,2021-06-16 19:40:00,NNDM
7.56,7.58,7.54,7.56,114195,2021-06-16 19:45:00,NNDM
7.55,7.58,7.54,7.55,135320,2021-06-16 19:50:00,NNDM
7.555,7.57,7.54,7.56,153144,2021-06-16 19:55:00,NNDM
7.54,7.58,7.535,7.535,52345,2021-06-16 20:00:00,NNDM
7.53,7.53,7.52,7.52,15313,2021-06-16 20:05:00,NNDM
7.55,7.55,7.53,7.55,631,2021-06-16 20:10:00,NNDM
7.57,7.57,7.53,7.53,441,2021-06-16 20:15:00,NNDM
7.53,7.55,7.53,7.55,1680,2021-06-16 20:20:00,NNDM
7.55,7.55,7.55,7.55,700,2021-06-16 20:25:00,NNDM
7.53,7.53,7.53,7.53,300,2021-06-16 20:35:00,NNDM
7.54,7.55,7.53,7.53,3144,2021-06-16 20:40:00,NNDM
7.5299,7.53,7.52,7.52,4807,2021-06-16 20:45:00,NNDM
7.5,7.5,7.5,7.5,2310,2021-06-16 20:50:00,NNDM
7.52,7.52,7.43,7.43,7237,2021-06-16 20:55:00,NNDM
7.5,7.5,7.5,7.5,900,2021-06-16 21:05:00,NNDM
7.5,7.54,7.5,7.5,1200,2021-06-16 21:10:00,NNDM
7.5339,7.54,7.5339,7.54,284,2021-06-16 21:15:00,NNDM
7.48,7.5,7.48,7.5,450,2021-06-16 21:20:00,NNDM
7.48,7.48,7.48,7.48,727,2021-06-16 21:25:00,NNDM
7.5,7.54,7.48,7.54,46771,2021-06-16 21:30:00,NNDM
7.5,7.5,7.49,7.49,2016,2021-06-16 21:35:00,NNDM
7.54,7.54,7.54,7.54,130,2021-06-16 21:45:00,NNDM
7.53,7.54,7.53,7.54,1118,2021-06-16 21:50:00,NNDM
7.51,7.53,7.5,7.5,3328,2021-06-16 21:55:00,NNDM
7.54,7.54,7.54,7.54,500,2021-06-16 22:05:00,NNDM
7.54,7.54,7.54,7.54,100,2021-06-16 22:10:00,NNDM
7.5,7.5,7.5,7.5,200,2021-06-16 22:20:00,NNDM
7.5,7.52,7.5,7.52,1119,2021-06-16 22:35:00,NNDM
7.55,7.55,7.5,7.5,3264,2021-06-16 22:40:00,NNDM
7.51,7.51,7.51,7.51,1046,2021-06-16 22:45:00,NNDM
7.5,7.5,7.49,7.49,737,2021-06-16 22:55:00,NNDM
7.49,7.49,7.49,7.49,199,2021-06-16 23:00:00,NNDM
7.49,7.49,7.49,7.49,100,2021-06-16 23:10:00,NNDM
7.4801,7.49,7.48,7.48,2108,2021-06-16 23:15:00,NNDM
7.48,7.48,7.48,7.48,189,2021-06-16 23:25:00,NNDM
7.48,7.48,7.48,7.48,194,2021-06-16 23:30:00,NNDM
7.49,7.5,7.48,7.5,1497,2021-06-16 23:40:00,NNDM
7.48,7.48,7.48,7.48,2000,2021-06-16 23:45:00,NNDM
7.5,7.5,7.5,7.5,1996,2021-06-16 23:50:00,NNDM
7.52,7.54,7.5,7.52,2075,2021-06-16 23:55:00,NNDM
7.41,7.41,7.4,7.4,309,2021-06-17 08:05:00,NNDM
7.45,7.45,7.42,7.42,999,2021-06-17 08:10:00,NNDM
7.35,7.35,7.35,7.35,100,2021-06-17 08:15:00,NNDM
7.35,7.42,7.35,7.41,500,2021-06-17 08:20:00,NNDM
7.37,7.37,7.34,7.34,500,2021-06-17 08:25:00,NNDM
7.34,7.34,7.33,7.33,2261,2021-06-17 08:30:00,NNDM
7.32,7.37,7.32,7.32,1000,2021-06-17 08:35:00,NNDM
7.31,7.31,7.31,7.31,580,2021-06-17 08:40:00,NNDM
7.32,7.32,7.31,7.31,1479,2021-06-17 08:45:00,NNDM
7.31,7.32,7.3,7.3,2036,2021-06-17 08:50:00,NNDM
7.32,7.32,7.32,7.32,1500,2021-06-17 08:55:00,NNDM
7.31,7.31,7.3,7.3,2082,2021-06-17 09:00:00,NNDM
7.31,7.32,7.31,7.32,5800,2021-06-17 09:10:00,NNDM
7.32,7.32,7.31,7.31,1100,2021-06-17 09:15:00,NNDM
7.32,7.32,7.31,7.32,4941,2021-06-17 09:20:00,NNDM
7.31,7.33,7.31,7.33,300,2021-06-17 09:25:00,NNDM
7.32,7.32,7.32,7.32,1200,2021-06-17 09:30:00,NNDM
7.35,7.35,7.32,7.32,558,2021-06-17 09:35:00,NNDM
7.35,7.35,7.35,7.35,100,2021-06-17 09:40:00,NNDM
7.32,7.32,7.32,7.32,102,2021-06-17 09:50:00,NNDM
7.36,7.36,7.33,7.33,413,2021-06-17 10:00:00,NNDM
7.36,7.36,7.35,7.35,1950,2021-06-17 10:25:00,NNDM
7.36,7.36,7.36,7.36,499,2021-06-17 10:35:00,NNDM
7.36,7.36,7.36,7.36,390,2021-06-17 10:40:00,NNDM
7.36,7.36,7.36,7.36,200,2021-06-17 10:45:00,NNDM
7.36,7.36,7.36,7.36,400,2021-06-17 10:50:00,NNDM
7.36,7.36,7.36,7.36,937,2021-06-17 10:55:00,NNDM
7.36,7.44,7.36,7.4,6355,2021-06-17 11:00:00,NNDM
7.38,7.38,7.38,7.38,500,2021-06-17 11:05:00,NNDM
7.39,7.4,7.39,7.4,814,2021-06-17 11:10:00,NNDM
7.42,7.42,7.41,7.41,300,2021-06-17 11:15:00,NNDM
7.4,7.42,7.4,7.4,10127,2021-06-17 11:20:00,NNDM
7.41,7.42,7.41,7.41,4400,2021-06-17 11:25:00,NNDM
7.44,7.46,7.43,7.46,920,2021-06-17 11:30:00,NNDM
7.47,7.47,7.47,7.47,100,2021-06-17 11:35:00,NNDM
7.479,7.49,7.479,7.49,1600,2021-06-17 11:40:00,NNDM
7.48,7.5,7.48,7.5,3923,2021-06-17 11:45:00,NNDM
7.51,7.51,7.51,7.51,100,2021-06-17 11:50:00,NNDM
7.51,7.51,7.44,7.45,3489,2021-06-17 11:55:00,NNDM
7.4399,7.48,7.4,7.48,7081,2021-06-17 12:00:00,NNDM
7.48,7.49,7.44,7.44,3757,2021-06-17 12:05:00,NNDM
7.45,7.45,7.4499,7.4499,1100,2021-06-17 12:10:00,NNDM
7.43,7.44,7.42,7.44,5930,2021-06-17 12:15:00,NNDM
7.41,7.44,7.41,7.43,3359,2021-06-17 12:20:00,NNDM
7.41,7.43,7.41,7.41,2193,2021-06-17 12:25:00,NNDM
7.42,7.42,7.42,7.42,2481,2021-06-17 12:30:00,NNDM
7.41,7.41,7.41,7.41,1000,2021-06-17 12:40:00,NNDM
7.41,7.41,7.41,7.41,1440,2021-06-17 12:45:00,NNDM
7.4181,7.45,7.4181,7.44,4544,2021-06-17 12:50:00,NNDM
7.44,7.46,7.44,7.46,3104,2021-06-17 12:55:00,NNDM
7.47,7.51,7.46,7.46,7177,2021-06-17 13:00:00,NNDM
7.46,7.4601,7.42,7.42,13977,2021-06-17 13:05:00,NNDM
7.41,7.47,7.41,7.47,11120,2021-06-17 13:10:00,NNDM
7.47,7.47,7.4699,7.47,1988,2021-06-17 13:15:00,NNDM
7.4509,7.47,7.45,7.46,2327,2021-06-17 13:20:00,NNDM
7.47,7.47,7.44,7.45,4458,2021-06-17 13:25:00,NNDM
7.47,7.6,7.45,7.5802,261405,2021-06-17 13:30:00,NNDM
7.58,7.7,7.57,7.6952,283896,2021-06-17 13:35:00,NNDM
7.69,7.71,7.59,7.6099,207990,2021-06-17 13:40:00,NNDM
7.605,7.74,7.59,7.68,317211,2021-06-17 13:45:00,NNDM
7.6845,7.74,7.67,7.6807,198738,2021-06-17 13:50:00,NNDM
7.69,7.81,7.69,7.7984,350819,2021-06-17 13:55:00,NNDM
7.795,7.81,7.72,7.725,171829,2021-06-17 14:00:00,NNDM
7.725,7.83,7.71,7.75,220681,2021-06-17 14:05:00,NNDM
7.75,7.78,7.73,7.77,162675,2021-06-17 14:10:00,NNDM
7.77,7.83,7.75,7.825,121825,2021-06-17 14:15:00,NNDM
7.8201,7.88,7.78,7.88,218634,2021-06-17 14:20:00,NNDM
7.8741,7.915,7.84,7.85,345060,2021-06-17 14:25:00,NNDM
7.85,7.875,7.8,7.83,144827,2021-06-17 14:30:00,NNDM
7.835,7.9,7.83,7.885,217796,2021-06-17 14:35:00,NNDM
7.88,7.91,7.86,7.89,238464,2021-06-17 14:40:00,NNDM
7.89,7.8991,7.81,7.83,156720,2021-06-17 14:45:00,NNDM
7.8287,7.86,7.82,7.835,137371,2021-06-17 14:50:00,NNDM
7.839,7.86,7.81,7.855,112565,2021-06-17 14:55:00,NNDM
7.855,7.91,7.855,7.885,161190,2021-06-17 15:00:00,NNDM
7.89,7.96,7.885,7.96,145051,2021-06-17 15:05:00,NNDM
7.96,7.99,7.89,7.97,378447,2021-06-17 15:10:00,NNDM
7.97,8.14,7.96,8.1178,2175826,2021-06-17 15:15:00,NNDM
8.115,8.15,8.02,8.055,702563,2021-06-17 15:20:00,NNDM
8.055,8.18,8.055,8.1424,932532,2021-06-17 15:25:00,NNDM
8.15,8.1782,8.07,8.1,454090,2021-06-17 15:30:00,NNDM
8.11,8.12,8.0266,8.1133,640148,2021-06-17 15:35:00,NNDM
8.1118,8.13,8.08,8.085,201733,2021-06-17 15:40:00,NNDM
8.082,8.09,7.98,8.0633,496822,2021-06-17 15:45:00,NNDM
8.065,8.065,7.87,7.9,488177,2021-06-17 15:50:00,NNDM
7.9,7.91,7.835,7.8597,265239,2021-06-17 15:55:00,NNDM
7.859,7.9,7.85,7.88,231883,2021-06-17 16:00:00,NNDM
7.875,7.89,7.85,7.858,87116,2021-06-17 16:05:00,NNDM
7.8525,7.87,7.84,7.8699,118138,2021-06-17 16:10:00,NNDM
7.86,7.86,7.76,7.7797,284833,2021-06-17 16:15:00,NNDM
7.79,7.82,7.75,7.755,205671,2021-06-17 16:20:00,NNDM
7.76,7.79,7.74,7.78,196774,2021-06-17 16:25:00,NNDM
7.78,7.86,7.74,7.85,213261,2021-06-17 16:30:00,NNDM
7.85,7.88,7.83,7.87,153436,2021-06-17 16:35:00,NNDM
7.875,7.8772,7.82,7.825,123090,2021-06-17 16:40:00,NNDM
7.83,7.85,7.81,7.835,48969,2021-06-17 16:45:00,NNDM
7.835,7.88,7.8289,7.8698,108108,2021-06-17 16:50:00,NNDM
7.87,7.9199,7.86,7.915,86635,2021-06-17 16:55:00,NNDM
7.91,7.97,7.9,7.9693,172488,2021-06-17 17:00:00,NNDM
7.97,8.04,7.95,8.015,232115,2021-06-17 17:05:00,NNDM
8.01,8.02,7.95,7.9986,261546,2021-06-17 17:10:00,NNDM
7.9925,8.05,7.9925,8.05,196395,2021-06-17 17:15:00,NNDM
8.0417,8.07,8.02,8.03,214881,2021-06-17 17:20:00,NNDM
8.035,8.06,8.0,8.06,166071,2021-06-17 17:25:00,NNDM
8.053,8.07,8.03,8.0699,128461,2021-06-17 17:30:00,NNDM
8.062,8.065,8.0,8.01,158765,2021-06-17 17:35:00,NNDM
8.015,8.07,8.01,8.07,127296,2021-06-17 17:40:00,NNDM
8.07,8.13,8.07,8.09,417478,2021-06-17 17:45:00,NNDM
8.095,8.12,8.06,8.06,165043,2021-06-17 17:50:00,NNDM
8.07,8.08,8.04,8.065,127456,2021-06-17 17:55:00,NNDM
8.065,8.09,8.025,8.03,111157,2021-06-17 18:00:00,NNDM
8.025,8.05,7.99,8.005,218096,2021-06-17 18:05:00,NNDM
8.005,8.0401,8.0,8.025,128881,2021-06-17 18:10:00,NNDM
8.03,8.06,8.01,8.02,87080,2021-06-17 18:15:00,NNDM
8.015,8.025,8.0,8.02,109358,2021-06-17 18:20:00,NNDM
8.01,8.025,7.9733,7.98,88255,2021-06-17 18:25:00,NNDM
7.985,7.985,7.94,7.97,130178,2021-06-17 18:30:00,NNDM
7.975,7.99,7.97,7.99,70316,2021-06-17 18:35:00,NNDM
7.99,7.99,7.96,7.9687,71647,2021-06-17 18:40:00,NNDM
7.965,7.9972,7.95,7.9628,119400,2021-06-17 18:45:00,NNDM
7.9682,8.015,7.965,8.0,91757,2021-06-17 18:50:00,NNDM
8.0,8.0378,7.9882,8.02,135180,2021-06-17 18:55:00,NNDM
8.015,8.04,7.98,8.031,200432,2021-06-17 19:00:00,NNDM
8.03,8.05,8.0132,8.045,161583,2021-06-17 19:05:00,NNDM
8.05,8.1,8.0499,8.1,184717,2021-06-17 19:10:00,NNDM
8.095,8.11,8.07,8.08,217956,2021-06-17 19:15:00,NNDM
8.08,8.1,8.05,8.08,162247,2021-06-17 19:20:00,NNDM
8.0837,8.1067,8.07,8.0995,155938,2021-06-17 19:25:00,NNDM
8.1,8.17,8.09,8.11,549828,2021-06-17 19:30:00,NNDM
8.11,8.12,8.08,8.1001,199556,2021-06-17 19:35:00,NNDM
8.105,8.11,8.09,8.0999,141122,2021-06-17 19:40:00,NNDM
8.0999,8.1,8.06,8.08,236072,2021-06-17 19:45:00,NNDM
8.08,8.13,8.08,8.12,479352,2021-06-17 19:50:00,NNDM
8.125,8.17,8.11,8.13,1140974,2021-06-17 19:55:00,NNDM
8.14,8.14,8.06,8.07,922537,2021-06-17 20:00:00,NNDM
8.07,8.09,8.07,8.07,4642,2021-06-17 20:05:00,NNDM
8.0899,8.0899,8.01,8.01,11535,2021-06-17 20:10:00,NNDM
8.06,8.09,8.0599,8.07,6655,2021-06-17 20:15:00,NNDM
8.07,8.07,8.05,8.06,2986,2021-06-17 20:20:00,NNDM
8.06,8.0891,8.06,8.0882,4181,2021-06-17 20:25:00,NNDM
8.08,8.1,8.04,8.08,4707,2021-06-17 20:30:00,NNDM
8.05,8.07,8.02,8.03,4804,2021-06-17 20:35:00,NNDM
8.0399,8.04,8.02,8.04,2636,2021-06-17 20:40:00,NNDM
8.04,8.04,8.04,8.04,498,2021-06-17 20:45:00,NNDM
8.04,8.09,8.04,8.09,5008,2021-06-17 20:50:00,NNDM
8.04,8.1,8.04,8.04,8201,2021-06-17 20:55:00,NNDM
8.0888,8.09,8.0888,8.0899,500,2021-06-17 21:00:00,NNDM
8.07,8.07,8.07,8.07,1000,2021-06-17 21:05:00,NNDM
8.09,8.09,8.08,8.09,2820,2021-06-17 21:10:00,NNDM
8.08,8.09,8.08,8.08,3526,2021-06-17 21:15:00,NNDM
8.09,8.09,8.07,8.07,1600,2021-06-17 21:20:00,NNDM
8.09,8.09,8.0897,8.0897,1930,2021-06-17 21:25:00,NNDM
8.0745,8.09,8.0745,8.09,300,2021-06-17 21:30:00,NNDM
8.09,8.09,8.04,8.09,3868,2021-06-17 21:35:00,NNDM
8.04,8.04,8.04,8.04,100,2021-06-17 21:40:00,NNDM
8.05,8.05,8.05,8.05,150,2021-06-17 21:45:00,NNDM
8.05,8.08,8.04,8.08,1871,2021-06-17 21:50:00,NNDM
8.07,8.07,8.03,8.03,3531,2021-06-17 21:55:00,NNDM
8.07,8.08,8.07,8.08,1618,2021-06-17 22:00:00,NNDM
8.07,8.08,8.07,8.08,1882,2021-06-17 22:05:00,NNDM
8.09,8.1,8.09,8.1,4031,2021-06-17 22:10:00,NNDM
8.1,8.11,8.09,8.11,1498,2021-06-17 22:15:00,NNDM
8.11,8.11,8.11,8.11,390,2021-06-17 22:20:00,NNDM
8.11,8.18,8.11,8.18,12738,2021-06-17 22:25:00,NNDM
8.18,8.18,8.15,8.15,1929,2021-06-17 22:30:00,NNDM
8.13,8.13,8.13,8.13,250,2021-06-17 22:35:00,NNDM
8.14,8.14,8.1399,8.1399,449,2021-06-17 22:40:00,NNDM
8.11,8.14,8.11,8.13,2390,2021-06-17 22:45:00,NNDM
8.1599,8.16,8.11,8.16,8478,2021-06-17 22:50:00,NNDM
8.1499,8.1499,8.1499,8.1499,5000,2021-06-17 22:55:00,NNDM
8.15,8.15,8.15,8.15,1494,2021-06-17 23:00:00,NNDM
8.12,8.17,8.12,8.17,2228,2021-06-17 23:05:00,NNDM
8.17,8.18,8.16,8.16,2632,2021-06-17 23:10:00,NNDM
8.16,8.16,8.12,8.12,2190,2021-06-17 23:15:00,NNDM
8.13,8.14,8.13,8.14,507,2021-06-17 23:20:00,NNDM
8.15,8.15,8.12,8.12,1419,2021-06-17 23:25:00,NNDM
8.12,8.15,8.11,8.15,16031,2021-06-17 23:35:00,NNDM
8.14,8.15,8.13,8.14,2413,2021-06-17 23:40:00,NNDM
8.11,8.1101,8.11,8.1101,300,2021-06-17 23:45:00,NNDM
8.12,8.12,8.12,8.12,402,2021-06-17 23:50:00,NNDM
8.14,8.14,8.12,8.14,3145,2021-06-17 23:55:00,NNDM
8.14,8.14,8.14,8.14,120,2021-06-18 08:00:00,NNDM
8.15,8.15,8.15,8.15,269,2021-06-18 08:10:00,NNDM
8.15,8.15,8.15,8.15,118,2021-06-18 08:15:00,NNDM
8.16,8.16,8.16,8.16,223,2021-06-18 08:20:00,NNDM
8.15,8.15,8.15,8.15,100,2021-06-18 08:25:00,NNDM
8.16,8.16,8.16,8.16,213,2021-06-18 08:35:00,NNDM
8.16,8.16,8.16,8.16,150,2021-06-18 08:40:00,NNDM
8.16,8.16,8.16,8.16,300,2021-06-18 08:45:00,NNDM
8.17,8.17,8.17,8.17,200,2021-06-18 08:50:00,NNDM
8.18,8.18,8.18,8.18,100,2021-06-18 08:55:00,NNDM
8.18,8.18,8.17,8.18,788,2021-06-18 09:00:00,NNDM
8.18,8.18,8.15,8.15,2144,2021-06-18 09:05:00,NNDM
8.15,8.15,8.15,8.15,532,2021-06-18 09:10:00,NNDM
8.17,8.17,8.15,8.15,272,2021-06-18 09:25:00,NNDM
8.16,8.16,8.16,8.16,100,2021-06-18 09:30:00,NNDM
8.18,8.18,8.18,8.18,415,2021-06-18 09:40:00,NNDM
8.18,8.18,8.18,8.18,100,2021-06-18 09:45:00,NNDM
8.18,8.18,8.18,8.18,400,2021-06-18 09:55:00,NNDM
8.17,8.18,8.17,8.18,200,2021-06-18 10:05:00,NNDM
8.15,8.15,8.15,8.15,100,2021-06-18 10:10:00,NNDM
8.15,8.15,8.14,8.14,1308,2021-06-18 10:15:00,NNDM
8.1,8.1,8.1,8.1,200,2021-06-18 10:25:00,NNDM
8.1,8.1,8.1,8.1,657,2021-06-18 10:30:00,NNDM
8.08,8.08,8.07,8.07,652,2021-06-18 10:35:00,NNDM
8.08,8.11,8.07,8.11,3249,2021-06-18 10:40:00,NNDM
8.12,8.14,8.08,8.08,1523,2021-06-18 10:45:00,NNDM
8.11,8.13,8.11,8.13,300,2021-06-18 10:55:00,NNDM
8.13,8.19,8.13,8.18,1902,2021-06-18 11:00:00,NNDM
8.16,8.16,8.13,8.13,1463,2021-06-18 11:05:00,NNDM
8.13,8.13,8.11,8.11,900,2021-06-18 11:10:00,NNDM
8.11,8.11,8.1,8.11,460,2021-06-18 11:15:00,NNDM
8.1,8.12,8.1,8.11,1750,2021-06-18 11:20:00,NNDM
8.1,8.1,8.1,8.1,8002,2021-06-18 11:25:00,NNDM
8.08,8.08,8.01,8.01,5839,2021-06-18 11:35:00,NNDM
8.01,8.01,7.95,8.0,7266,2021-06-18 11:40:00,NNDM
8.03,8.04,8.03,8.03,1537,2021-06-18 11:45:00,NNDM
8.05,8.05,8.05,8.05,494,2021-06-18 11:50:00,NNDM
8.05,8.05,8.03,8.04,604,2021-06-18 11:55:00,NNDM
8.03,8.04,8.01,8.02,9669,2021-06-18 12:00:00,NNDM
8.04,8.04,8.01,8.01,1619,2021-06-18 12:05:00,NNDM
8.01,8.02,8.0,8.02,8332,2021-06-18 12:10:00,NNDM
8.01,8.01,8.0,8.01,1728,2021-06-18 12:15:00,NNDM
8.01,8.02,7.97,7.97,9049,2021-06-18 12:20:00,NNDM
7.97,8.01,7.97,8.01,26471,2021-06-18 12:25:00,NNDM
8.01,8.05,8.01,8.02,5866,2021-06-18 12:30:00,NNDM
8.02,8.02,7.98,7.98,4152,2021-06-18 12:35:00,NNDM
7.99,7.99,7.96,7.96,6467,2021-06-18 12:40:00,NNDM
7.9601,7.99,7.94,7.95,7606,2021-06-18 12:45:00,NNDM
7.94,7.94,7.91,7.91,14097,2021-06-18 12:50:00,NNDM
7.91,7.95,7.91,7.95,5687,2021-06-18 12:55:00,NNDM
7.9306,7.98,7.93,7.98,11649,2021-06-18 13:00:00,NNDM
7.98,7.98,7.95,7.95,12420,2021-06-18 13:05:00,NNDM
7.98,7.98,7.95,7.95,15420,2021-06-18 13:10:00,NNDM
7.95,7.97,7.931,7.96,8006,2021-06-18 13:15:00,NNDM
7.95,8.0,7.95,8.0,6531,2021-06-18 13:20:00,NNDM
7.99,8.04,7.96,8.02,24082,2021-06-18 13:25:00,NNDM
8.0,8.14,7.99,8.11,469802,2021-06-18 13:30:00,NNDM
8.1,8.2,8.045,8.14,352474,2021-06-18 13:35:00,NNDM
8.15,8.2176,8.1,8.105,350694,2021-06-18 13:40:00,NNDM
8.1095,8.135,8.06,8.065,177595,2021-06-18 13:45:00,NNDM
8.06,8.065,7.88,7.9194,719376,2021-06-18 13:50:00,NNDM
7.9193,8.0451,7.9193,7.9894,293844,2021-06-18 13:55:00,NNDM
7.9887,8.0099,7.91,7.93,185674,2021-06-18 14:00:00,NNDM
7.93,7.98,7.921,7.93,107397,2021-06-18 14:05:00,NNDM
7.94,7.94,7.83,7.849,350825,2021-06-18 14:10:00,NNDM
7.84,7.8577,7.8,7.8299,241337,2021-06-18 14:15:00,NNDM
7.8221,7.885,7.82,7.855,271718,2021-06-18 14:20:00,NNDM
7.85,7.875,7.82,7.8674,130097,2021-06-18 14:25:00,NNDM
7.8627,7.875,7.8,7.87,148792,2021-06-18 14:30:00,NNDM
7.8678,7.93,7.85,7.915,131249,2021-06-18 14:35:00,NNDM
7.9113,7.915,7.8714,7.9077,105897,2021-06-18 14:40:00,NNDM
7.91,7.965,7.91,7.965,90920,2021-06-18 14:45:00,NNDM
7.9699,7.97,7.9,7.91,98699,2021-06-18 14:50:00,NNDM
7.9115,7.9577,7.9115,7.945,83967,2021-06-18 14:55:00,NNDM
7.95,7.97,7.9322,7.95,72540,2021-06-18 15:00:00,NNDM
7.9526,7.9599,7.93,7.94,67097,2021-06-18 15:05:00,NNDM
7.94,7.9475,7.88,7.88,96760,2021-06-18 15:10:00,NNDM
7.8822,7.91,7.88,7.91,106227,2021-06-18 15:15:00,NNDM
7.9099,7.925,7.89,7.8991,64123,2021-06-18 15:20:00,NNDM
7.8982,7.8982,7.85,7.8679,86933,2021-06-18 15:25:00,NNDM
7.86,7.92,7.855,7.92,60507,2021-06-18 15:30:00,NNDM
7.92,7.95,7.91,7.9399,65007,2021-06-18 15:35:00,NNDM
7.935,7.9401,7.91,7.92,58430,2021-06-18 15:40:00,NNDM
7.92,7.93,7.9,7.9136,52672,2021-06-18 15:45:00,NNDM
7.915,7.9399,7.9,7.9172,83886,2021-06-18 15:50:00,NNDM
7.915,7.93,7.91,7.92,52387,2021-06-18 15:55:00,NNDM
7.92,7.98,7.915,7.96,172157,2021-06-18 16:00:00,NNDM
7.97,7.97,7.95,7.9527,44730,2021-06-18 16:05:00,NNDM
7.955,7.96,7.93,7.945,27757,2021-06-18 16:10:00,NNDM
7.9402,7.96,7.915,7.9201,64481,2021-06-18 16:15:00,NNDM
7.92,7.9281,7.9,7.915,78230,2021-06-18 16:20:00,NNDM
7.916,7.95,7.91,7.945,46176,2021-06-18 16:25:00,NNDM
7.95,7.95,7.89,7.9014,69443,2021-06-18 16:30:00,NNDM
7.91,7.91,7.87,7.8715,82192,2021-06-18 16:35:00,NNDM
7.8705,7.89,7.86,7.8747,76230,2021-06-18 16:40:00,NNDM
7.8701,7.88,7.84,7.8731,94628,2021-06-18 16:45:00,NNDM
7.88,7.8899,7.86,7.8874,60289,2021-06-18 16:50:00,NNDM
7.8812,7.91,7.88,7.8973,81493,2021-06-18 16:55:00,NNDM
7.8972,7.91,7.885,7.9033,23364,2021-06-18 17:00:00,NNDM
7.905,7.91,7.88,7.8871,50787,2021-06-18 17:05:00,NNDM
7.8822,7.91,7.8822,7.895,32507,2021-06-18 17:10:00,NNDM
7.8978,7.9,7.855,7.8673,57017,2021-06-18 17:15:00,NNDM
7.865,7.88,7.82,7.8258,84363,2021-06-18 17:20:00,NNDM
7.82,7.84,7.82,7.8399,39736,2021-06-18 17:25:00,NNDM
7.833,7.87,7.83,7.85,55938,2021-06-18 17:30:00,NNDM
7.855,7.86,7.835,7.845,39502,2021-06-18 17:35:00,NNDM
7.8485,7.85,7.8311,7.84,29716,2021-06-18 17:40:00,NNDM
7.848,7.848,7.82,7.8275,46399,2021-06-18 17:45:00,NNDM
7.8275,7.84,7.81,7.84,134737,2021-06-18 17:50:00,NNDM
7.837,7.837,7.76,7.7767,217810,2021-06-18 17:55:00,NNDM
7.7775,7.7955,7.76,7.77,73809,2021-06-18 18:00:00,NNDM
7.7799,7.7799,7.75,7.753,162299,2021-06-18 18:05:00,NNDM
7.755,7.79,7.75,7.7778,66149,2021-06-18 18:10:00,NNDM
7.78,7.7869,7.76,7.78,122068,2021-06-18 18:15:00,NNDM
7.7771,7.8,7.74,7.75,170100,2021-06-18 18:20:00,NNDM
7.75,7.77,7.74,7.75,31656,2021-06-18 18:25:00,NNDM
7.755,7.77,7.75,7.755,42995,2021-06-18 18:30:00,NNDM
7.7528,7.77,7.74,7.76,66325,2021-06-18 18:35:00,NNDM
7.7525,7.76,7.72,7.72,110194,2021-06-18 18:40:00,NNDM
7.7214,7.725,7.7,7.715,75933,2021-06-18 18:45:00,NNDM
7.7127,7.72,7.68,7.6899,109797,2021-06-18 18:50:00,NNDM
7.6828,7.7,7.66,7.675,94905,2021-06-18 18:55:00,NNDM
7.6707,7.69,7.64,7.66,137396,2021-06-18 19:00:00,NNDM
7.66,7.67,7.61,7.62,134732,2021-06-18 19:05:00,NNDM
7.62,7.665,7.62,7.6599,148780,2021-06-18 19:10:00,NNDM
7.65,7.69,7.65,7.6895,124674,2021-06-18 19:15:00,NNDM
7.6833,7.71,7.675,7.695,86877,2021-06-18 19:20:00,NNDM
7.695,7.7,7.67,7.69,96696,2021-06-18 19:25:00,NNDM
7.695,7.7,7.66,7.675,105407,2021-06-18 19:30:00,NNDM
7.677,7.69,7.67,7.69,89603,2021-06-18 19:35:00,NNDM
7.69,7.72,7.68,7.715,175750,2021-06-18 19:40:00,NNDM
7.71,7.73,7.695,7.6989,155501,2021-06-18 19:45:00,NNDM
7.7,7.73,7.665,7.67,369259,2021-06-18 19:50:00,NNDM
7.665,7.71,7.66,7.68,627445,2021-06-18 19:55:00,NNDM
7.68,7.76,7.66,7.7,807539,2021-06-18 20:00:00,NNDM
7.73,7.73,7.71,7.71,1565,2021-06-18 20:05:00,NNDM
7.71,7.71,7.68,7.7,14102,2021-06-18 20:10:00,NNDM
7.7,7.7389,7.7,7.7389,5772,2021-06-18 20:15:00,NNDM
7.7,7.7398,7.7,7.72,4709,2021-06-18 20:20:00,NNDM
7.73,7.74,7.7,7.7,29914,2021-06-18 20:25:00,NNDM
7.7,7.74,7.7,7.7,2930,2021-06-18 20:30:00,NNDM
7.7,7.7,7.7,7.7,2299,2021-06-18 20:35:00,NNDM
7.69,7.7,7.69,7.69,2589,2021-06-18 20:40:00,NNDM
7.7,7.7,7.7,7.7,150,2021-06-18 20:45:00,NNDM
7.69,7.7,7.69,7.7,990,2021-06-18 20:50:00,NNDM
7.7,7.75,7.69,7.75,2250,2021-06-18 20:55:00,NNDM
7.755,7.76,7.7,7.7,683,2021-06-18 21:00:00,NNDM
7.73,7.73,7.7,7.73,497,2021-06-18 21:05:00,NNDM
7.73,7.73,7.7,7.7,300,2021-06-18 21:10:00,NNDM
7.73,7.73,7.73,7.73,650,2021-06-18 21:15:00,NNDM
7.76,7.76,7.71,7.71,600,2021-06-18 21:20:00,NNDM
7.76,7.76,7.71,7.71,9852,2021-06-18 21:25:00,NNDM
7.76,7.76,7.73,7.73,435,2021-06-18 21:30:00,NNDM
7.76,7.76,7.73,7.76,6158,2021-06-18 21:35:00,NNDM
7.76,7.76,7.76,7.76,2500,2021-06-18 21:40:00,NNDM
7.76,7.76,7.73,7.73,1063,2021-06-18 21:45:00,NNDM
7.73,7.77,7.71,7.75,3281,2021-06-18 21:50:00,NNDM
7.75,7.77,7.72,7.72,1947,2021-06-18 21:55:00,NNDM
7.7201,7.75,7.7201,7.73,1325,2021-06-18 22:00:00,NNDM
7.72,7.7201,7.72,7.72,2874,2021-06-18 22:05:00,NNDM
7.75,7.75,7.75,7.75,100,2021-06-18 22:10:00,NNDM
7.76,7.76,7.76,7.76,250,2021-06-18 22:15:00,NNDM
7.76,7.76,7.71,7.71,384,2021-06-18 22:20:00,NNDM
7.72,7.75,7.72,7.75,677,2021-06-18 22:25:00,NNDM
7.75,7.75,7.75,7.75,1100,2021-06-18 22:30:00,NNDM
7.75,7.75,7.71,7.71,200,2021-06-18 22:35:00,NNDM
7.71,7.71,7.7,7.71,846,2021-06-18 22:45:00,NNDM
7.71,7.71,7.71,7.71,1292,2021-06-18 22:50:00,NNDM
7.75,7.75,7.7,7.7,485,2021-06-18 22:55:00,NNDM
7.71,7.71,7.71,7.71,275,2021-06-18 23:05:00,NNDM
7.7,7.72,7.7,7.72,1620,2021-06-18 23:10:00,NNDM
7.7101,7.72,7.71,7.72,9182,2021-06-18 23:20:00,NNDM
7.71,7.73,7.71,7.73,902,2021-06-18 23:25:00,NNDM
7.7101,7.7101,7.71,7.71,6508,2021-06-18 23:30:00,NNDM
7.7,7.7001,7.7,7.7,7979,2021-06-18 23:35:00,NNDM
7.7001,7.7001,7.7,7.7001,10828,2021-06-18 23:40:00,NNDM
7.7001,7.7001,7.69,7.7,7000,2021-06-18 23:45:00,NNDM
7.7,7.7,7.69,7.69,1731,2021-06-18 23:50:00,NNDM
7.7,7.71,7.7,7.71,851,2021-06-18 23:55:00,NNDM
