open,high,low,close,volume,datetime,symbol
3.0,3.0,3.0,3.0,1000,2021-08-23 12:05:00,MDVL
3.0,3.0,3.0,3.0,300,2021-08-23 12:30:00,MDVL
3.0,3.0,3.0,3.0,900,2021-08-23 12:35:00,MDVL
2.98,2.98,2.97,2.97,800,2021-08-23 12:40:00,MDVL
2.985,2.985,2.985,2.985,198,2021-08-23 12:45:00,MDVL
2.97,2.97,2.97,2.97,1000,2021-08-23 13:05:00,MDVL
3.0,3.03,2.98,3.01,12287,2021-08-23 13:30:00,MDVL
3.03,3.0893,3.02,3.0893,17506,2021-08-23 13:35:00,MDVL
3.0001,3.08,3.0001,3.05,7051,2021-08-23 13:40:00,MDVL
3.0158,3.0158,3.01,3.0139,1751,2021-08-23 13:45:00,MDVL
3.0345,3.05,3.0201,3.0201,2260,2021-08-23 13:50:00,MDVL
3.0499,3.0499,3.0301,3.0301,3748,2021-08-23 13:55:00,MDVL
3.0357,3.05,3.0357,3.0499,1200,2021-08-23 14:00:00,MDVL
3.04,3.05,3.0301,3.0361,2285,2021-08-23 14:05:00,MDVL
3.03,3.03,2.98,3.0299,27269,2021-08-23 14:10:00,MDVL
3.03,3.03,3.0055,3.0055,2436,2021-08-23 14:15:00,MDVL
3.006,3.05,3.006,3.0492,11738,2021-08-23 14:20:00,MDVL
3.045,3.0816,3.045,3.0816,20026,2021-08-23 14:25:00,MDVL
3.07,3.08,3.05,3.08,22673,2021-08-23 14:30:00,MDVL
3.05,3.08,3.05,3.05,3671,2021-08-23 14:35:00,MDVL
3.06,3.0988,3.03,3.07,57278,2021-08-23 14:40:00,MDVL
3.09,3.0902,3.04,3.0501,59353,2021-08-23 14:45:00,MDVL
3.05,3.0551,3.04,3.0401,12410,2021-08-23 14:50:00,MDVL
3.05,3.05,3.05,3.05,618,2021-08-23 15:00:00,MDVL
3.05,3.05,3.0401,3.0401,1732,2021-08-23 15:05:00,MDVL
3.0599,3.0599,3.05,3.05,600,2021-08-23 15:10:00,MDVL
3.05,3.06,3.05,3.0599,22508,2021-08-23 15:15:00,MDVL
3.06,3.07,3.04,3.05,8163,2021-08-23 15:20:00,MDVL
3.05,3.05,3.02,3.045,20204,2021-08-23 15:25:00,MDVL
3.045,3.045,3.03,3.0378,10179,2021-08-23 15:30:00,MDVL
3.03,3.03,3.03,3.03,600,2021-08-23 15:35:00,MDVL
3.04,3.04,3.01,3.04,8790,2021-08-23 15:40:00,MDVL
3.03,3.03,3.0001,3.01,4381,2021-08-23 15:45:00,MDVL
3.01,3.01,2.9675,2.9801,19249,2021-08-23 15:50:00,MDVL
2.9972,3.0199,2.9911,3.0199,6577,2021-08-23 15:55:00,MDVL
3.02,3.07,3.02,3.0499,5681,2021-08-23 16:00:00,MDVL
3.0301,3.0312,3.0301,3.0301,1700,2021-08-23 16:05:00,MDVL
3.0301,3.035,3.02,3.0287,6659,2021-08-23 16:10:00,MDVL
3.03,3.03,3.02,3.02,563,2021-08-23 16:15:00,MDVL
3.015,3.0298,3.015,3.0289,4625,2021-08-23 16:20:00,MDVL
3.03,3.0386,3.02,3.025,16891,2021-08-23 16:25:00,MDVL
3.03,3.0394,3.02,3.02,19390,2021-08-23 16:30:00,MDVL
3.0199,3.0199,3.0,3.0,9135,2021-08-23 16:35:00,MDVL
3.0,3.0075,2.995,3.0075,4696,2021-08-23 16:40:00,MDVL
3.01,3.0599,3.003,3.05,3543,2021-08-23 16:45:00,MDVL
3.025,3.04,2.99,2.9983,10728,2021-08-23 16:50:00,MDVL
2.98,3.0099,2.97,2.9999,15010,2021-08-23 16:55:00,MDVL
3.01,3.03,3.0048,3.0269,2232,2021-08-23 17:00:00,MDVL
3.0298,3.0298,2.99,2.9995,16390,2021-08-23 17:05:00,MDVL
3.0001,3.02,2.9901,3.0199,25570,2021-08-23 17:10:00,MDVL
3.02,3.02,3.015,3.02,961,2021-08-23 17:15:00,MDVL
3.0199,3.0199,3.0199,3.0199,400,2021-08-23 17:20:00,MDVL
3.0101,3.0173,3.0101,3.0173,1357,2021-08-23 17:25:00,MDVL
3.0126,3.015,3.0,3.005,6251,2021-08-23 17:30:00,MDVL
3.0,3.0,2.9987,2.9987,1764,2021-08-23 17:35:00,MDVL
3.0,3.0075,3.0,3.0075,900,2021-08-23 17:40:00,MDVL
3.01,3.01,2.99,2.99,3100,2021-08-23 17:45:00,MDVL
3.02,3.03,3.01,3.02,2870,2021-08-23 17:50:00,MDVL
3.04,3.06,3.03,3.03,7421,2021-08-23 17:55:00,MDVL
3.025,3.072,3.025,3.07,4491,2021-08-23 18:00:00,MDVL
3.07,3.07,3.02,3.06,17152,2021-08-23 18:05:00,MDVL
3.06,3.08,3.05,3.05,5535,2021-08-23 18:10:00,MDVL
3.06,3.06,3.045,3.045,653,2021-08-23 18:15:00,MDVL
3.06,3.06,3.06,3.06,124,2021-08-23 18:20:00,MDVL
3.045,3.045,3.045,3.045,2148,2021-08-23 18:25:00,MDVL
3.05,3.05,3.05,3.05,450,2021-08-23 18:30:00,MDVL
3.0586,3.13,3.0586,3.11,40773,2021-08-23 18:35:00,MDVL
3.11,3.11,3.0914,3.0914,5840,2021-08-23 18:40:00,MDVL
3.1,3.1,3.06,3.07,22637,2021-08-23 18:45:00,MDVL
3.0736,3.0799,3.05,3.0799,10320,2021-08-23 18:50:00,MDVL
3.065,3.065,3.065,3.065,6300,2021-08-23 18:55:00,MDVL
3.08,3.08,3.065,3.065,1357,2021-08-23 19:00:00,MDVL
3.07,3.07,3.07,3.07,989,2021-08-23 19:05:00,MDVL
3.08,3.12,3.0798,3.1,17717,2021-08-23 19:15:00,MDVL
3.1,3.11,3.0901,3.0901,2126,2021-08-23 19:20:00,MDVL
3.1011,3.11,3.1002,3.11,10252,2021-08-23 19:25:00,MDVL
3.107,3.12,3.082,3.1044,14484,2021-08-23 19:30:00,MDVL
3.1055,3.13,3.1,3.1034,16395,2021-08-23 19:35:00,MDVL
3.1,3.11,3.0906,3.109,3100,2021-08-23 19:40:00,MDVL
3.1,3.107,3.07,3.08,8802,2021-08-23 19:45:00,MDVL
3.085,3.0999,3.07,3.08,6727,2021-08-23 19:50:00,MDVL
3.07,3.1,3.07,3.07,10723,2021-08-23 19:55:00,MDVL
3.09,3.09,3.05,3.05,13575,2021-08-23 20:00:00,MDVL
3.06,3.06,3.06,3.06,1000,2021-08-23 20:05:00,MDVL
3.05,3.05,3.05,3.05,100,2021-08-23 20:15:00,MDVL
3.07,3.07,3.07,3.07,200,2021-08-23 22:00:00,MDVL
3.07,3.07,3.07,3.07,9006,2021-08-23 22:15:00,MDVL
3.07,3.07,3.07,3.07,831,2021-08-23 22:20:00,MDVL
3.07,3.07,3.07,3.07,100,2021-08-23 23:15:00,MDVL
3.14,3.14,3.14,3.14,100,2021-08-24 09:40:00,MDVL
3.14,3.14,3.14,3.14,100,2021-08-24 11:25:00,MDVL
3.14,3.14,3.14,3.14,100,2021-08-24 11:35:00,MDVL
3.1,3.1,3.1,3.1,114,2021-08-24 13:05:00,MDVL
3.08,3.09,3.0577,3.0577,3113,2021-08-24 13:30:00,MDVL
3.06,3.09,3.0501,3.09,8572,2021-08-24 13:35:00,MDVL
3.08,3.08,3.05,3.05,9350,2021-08-24 13:40:00,MDVL
3.05,3.1,3.04,3.1,21521,2021-08-24 13:45:00,MDVL
3.12,3.12,3.05,3.0501,18445,2021-08-24 13:50:00,MDVL
3.1009,3.1009,3.0601,3.0601,300,2021-08-24 13:55:00,MDVL
3.0836,3.0836,3.02,3.0476,13263,2021-08-24 14:00:00,MDVL
3.03,3.0464,3.0,3.0464,8826,2021-08-24 14:05:00,MDVL
3.04,3.04,3.0058,3.01,4372,2021-08-24 14:10:00,MDVL
3.0273,3.035,3.01,3.02,16060,2021-08-24 14:15:00,MDVL
3.0413,3.0473,3.0201,3.0201,2700,2021-08-24 14:20:00,MDVL
3.04,3.04,3.035,3.035,1200,2021-08-24 14:30:00,MDVL
3.035,3.04,3.02,3.04,4501,2021-08-24 14:35:00,MDVL
3.045,3.045,3.04,3.04,2436,2021-08-24 14:40:00,MDVL
3.04,3.04,3.04,3.04,246,2021-08-24 14:45:00,MDVL
3.04,3.0483,3.035,3.0483,625,2021-08-24 14:55:00,MDVL
3.035,3.035,3.031,3.0347,1400,2021-08-24 15:00:00,MDVL
3.0301,3.04,3.0301,3.04,600,2021-08-24 15:05:00,MDVL
3.05,3.05,3.0478,3.0478,1100,2021-08-24 15:10:00,MDVL
3.0478,3.0478,3.03,3.03,1720,2021-08-24 15:15:00,MDVL
3.0338,3.0338,3.01,3.0242,3634,2021-08-24 15:20:00,MDVL
3.01,3.0399,3.0055,3.0399,1242,2021-08-24 15:25:00,MDVL
3.0399,3.0399,3.025,3.025,5500,2021-08-24 15:30:00,MDVL
3.025,3.025,3.025,3.025,124,2021-08-24 15:35:00,MDVL
3.0399,3.04,3.02,3.04,3678,2021-08-24 15:40:00,MDVL
3.045,3.16,3.045,3.1368,62360,2021-08-24 15:45:00,MDVL
3.12,3.1377,3.09,3.1,3964,2021-08-24 15:50:00,MDVL
3.1001,3.14,3.1,3.14,6668,2021-08-24 15:55:00,MDVL
3.13,3.1327,3.125,3.125,2378,2021-08-24 16:00:00,MDVL
3.12,3.12,3.116,3.116,1250,2021-08-24 16:05:00,MDVL
3.11,3.13,3.11,3.13,4149,2021-08-24 16:10:00,MDVL
3.13,3.13,3.12,3.12,797,2021-08-24 16:15:00,MDVL
3.12,3.1228,3.11,3.11,14062,2021-08-24 16:20:00,MDVL
3.11,3.11,3.11,3.11,500,2021-08-24 16:25:00,MDVL
3.11,3.115,3.1,3.11,3597,2021-08-24 16:30:00,MDVL
3.12,3.12,3.1,3.12,1443,2021-08-24 16:35:00,MDVL
3.1,3.12,3.1,3.115,1150,2021-08-24 16:40:00,MDVL
3.11,3.11,3.11,3.11,300,2021-08-24 16:45:00,MDVL
3.11,3.11,3.11,3.11,1995,2021-08-24 16:50:00,MDVL
3.105,3.125,3.105,3.1201,4000,2021-08-24 16:55:00,MDVL
3.12,3.13,3.12,3.13,8986,2021-08-24 17:00:00,MDVL
3.14,3.18,3.14,3.1453,18170,2021-08-24 17:05:00,MDVL
3.17,3.17,3.14,3.16,3185,2021-08-24 17:10:00,MDVL
3.15,3.19,3.15,3.19,4470,2021-08-24 17:15:00,MDVL
3.17,3.175,3.16,3.16,2064,2021-08-24 17:20:00,MDVL
3.165,3.165,3.13,3.13,2180,2021-08-24 17:25:00,MDVL
3.16,3.16,3.14,3.14,300,2021-08-24 17:30:00,MDVL
3.15,3.15,3.14,3.14,6828,2021-08-24 17:35:00,MDVL
3.14,3.14,3.13,3.13,1495,2021-08-24 17:40:00,MDVL
3.12,3.14,3.12,3.1352,1460,2021-08-24 17:45:00,MDVL
3.12,3.1672,3.12,3.15,4800,2021-08-24 17:50:00,MDVL
3.15,3.17,3.15,3.16,5299,2021-08-24 17:55:00,MDVL
3.15,3.15,3.14,3.15,1500,2021-08-24 18:00:00,MDVL
3.15,3.16,3.13,3.13,2465,2021-08-24 18:05:00,MDVL
3.13,3.13,3.11,3.1218,4935,2021-08-24 18:10:00,MDVL
3.11,3.13,3.11,3.13,2397,2021-08-24 18:15:00,MDVL
3.1238,3.13,3.1224,3.13,1300,2021-08-24 18:20:00,MDVL
3.13,3.1393,3.1296,3.1393,1500,2021-08-24 18:25:00,MDVL
3.1301,3.1301,3.13,3.13,7834,2021-08-24 18:30:00,MDVL
3.12,3.12,3.1,3.1,9402,2021-08-24 18:35:00,MDVL
3.1199,3.12,3.1,3.1,3144,2021-08-24 18:40:00,MDVL
3.1,3.125,3.1,3.125,7009,2021-08-24 18:45:00,MDVL
3.125,3.13,3.125,3.13,844,2021-08-24 18:50:00,MDVL
3.12,3.12,3.11,3.1101,6470,2021-08-24 18:55:00,MDVL
3.11,3.12,3.105,3.12,1904,2021-08-24 19:00:00,MDVL
3.11,3.126,3.11,3.126,360,2021-08-24 19:05:00,MDVL
3.1222,3.13,3.11,3.11,6348,2021-08-24 19:10:00,MDVL
3.11,3.1211,3.11,3.1211,640,2021-08-24 19:15:00,MDVL
3.11,3.12,3.105,3.12,2580,2021-08-24 19:20:00,MDVL
3.11,3.14,3.11,3.13,1820,2021-08-24 19:25:00,MDVL
3.13,3.1381,3.13,3.13,3600,2021-08-24 19:30:00,MDVL
3.125,3.125,3.11,3.11,9756,2021-08-24 19:35:00,MDVL
3.125,3.1399,3.125,3.135,775,2021-08-24 19:40:00,MDVL
3.135,3.15,3.13,3.1316,3538,2021-08-24 19:45:00,MDVL
3.13,3.135,3.1,3.11,9086,2021-08-24 19:50:00,MDVL
3.1199,3.14,3.1,3.14,9903,2021-08-24 19:55:00,MDVL
3.12,3.12,3.1,3.11,5962,2021-08-24 20:00:00,MDVL
3.14,3.14,3.14,3.14,773,2021-08-24 20:20:00,MDVL
3.13,3.13,3.13,3.13,475,2021-08-24 20:40:00,MDVL
3.1,3.1,3.1,3.1,1500,2021-08-24 21:05:00,MDVL
3.1,3.1,3.1,3.1,100,2021-08-24 21:15:00,MDVL
3.11,3.11,3.11,3.11,100,2021-08-24 22:50:00,MDVL
3.1,3.1,3.1,3.1,1914,2021-08-24 22:55:00,MDVL
3.1,3.1,3.1,3.1,354,2021-08-24 23:05:00,MDVL
3.11,3.11,3.11,3.11,1001,2021-08-24 23:10:00,MDVL
3.11,3.11,3.11,3.11,300,2021-08-24 23:20:00,MDVL
3.17,3.17,3.17,3.17,100,2021-08-25 11:50:00,MDVL
3.17,3.17,3.17,3.17,1000,2021-08-25 11:55:00,MDVL
3.16,3.16,3.16,3.16,100,2021-08-25 12:10:00,MDVL
3.16,3.16,3.16,3.16,100,2021-08-25 12:15:00,MDVL
3.1695,3.17,3.1695,3.1699,1500,2021-08-25 12:20:00,MDVL
3.15,3.15,3.15,3.15,900,2021-08-25 12:25:00,MDVL
3.1699,3.17,3.14,3.14,490,2021-08-25 12:30:00,MDVL
3.12,3.12,3.12,3.12,211,2021-08-25 12:50:00,MDVL
3.12,3.12,3.12,3.12,317,2021-08-25 12:55:00,MDVL
3.15,3.1501,3.15,3.1501,5400,2021-08-25 13:00:00,MDVL
3.15,3.17,3.14,3.14,3125,2021-08-25 13:05:00,MDVL
3.15,3.15,3.15,3.15,100,2021-08-25 13:20:00,MDVL
3.15,3.28,3.1304,3.26,150547,2021-08-25 13:30:00,MDVL
3.26,3.35,3.1937,3.27,69856,2021-08-25 13:35:00,MDVL
3.28,3.32,3.26,3.2778,29205,2021-08-25 13:40:00,MDVL
3.2627,3.2767,3.2,3.2364,21856,2021-08-25 13:45:00,MDVL
3.245,3.28,3.2363,3.27,16665,2021-08-25 13:50:00,MDVL
3.27,3.32,3.27,3.32,25515,2021-08-25 13:55:00,MDVL
3.31,3.4,3.3,3.365,92070,2021-08-25 14:00:00,MDVL
3.37,3.44,3.32,3.354,87117,2021-08-25 14:05:00,MDVL
3.3799,3.3799,3.34,3.3501,12276,2021-08-25 14:10:00,MDVL
3.35,3.38,3.29,3.33,39312,2021-08-25 14:15:00,MDVL
3.34,3.36,3.28,3.28,39022,2021-08-25 14:20:00,MDVL
3.29,3.36,3.26,3.36,44110,2021-08-25 14:25:00,MDVL
3.31,3.35,3.3,3.33,8328,2021-08-25 14:30:00,MDVL
3.33,3.38,3.33,3.36,11670,2021-08-25 14:35:00,MDVL
3.35,3.37,3.32,3.37,9781,2021-08-25 14:40:00,MDVL
3.374,3.39,3.36,3.3701,19749,2021-08-25 14:45:00,MDVL
3.3701,3.4,3.37,3.37,13990,2021-08-25 14:50:00,MDVL
3.3799,3.3799,3.3201,3.3287,4571,2021-08-25 14:55:00,MDVL
3.34,3.41,3.33,3.371,24359,2021-08-25 15:00:00,MDVL
3.3884,3.42,3.35,3.42,11826,2021-08-25 15:05:00,MDVL
3.4271,3.44,3.36,3.3845,14854,2021-08-25 15:10:00,MDVL
3.3704,3.38,3.3605,3.38,8963,2021-08-25 15:15:00,MDVL
3.38,3.39,3.35,3.35,6935,2021-08-25 15:20:00,MDVL
3.37,3.38,3.36,3.38,3150,2021-08-25 15:25:00,MDVL
3.37,3.39,3.36,3.39,6270,2021-08-25 15:30:00,MDVL
3.3899,3.45,3.38,3.38,20092,2021-08-25 15:35:00,MDVL
3.39,3.44,3.38,3.42,5477,2021-08-25 15:40:00,MDVL
3.4,3.44,3.3919,3.3919,7951,2021-08-25 15:45:00,MDVL
3.39,3.39,3.3701,3.39,2465,2021-08-25 15:50:00,MDVL
3.3877,3.394,3.38,3.385,1675,2021-08-25 15:55:00,MDVL
3.3962,3.4,3.3828,3.3828,700,2021-08-25 16:00:00,MDVL
3.39,3.39,3.36,3.3712,2622,2021-08-25 16:05:00,MDVL
3.3732,3.39,3.36,3.36,1685,2021-08-25 16:10:00,MDVL
3.36,3.39,3.33,3.37,24488,2021-08-25 16:15:00,MDVL
3.39,3.39,3.34,3.34,4457,2021-08-25 16:20:00,MDVL
3.3402,3.35,3.325,3.33,11586,2021-08-25 16:25:00,MDVL
3.35,3.35,3.335,3.35,912,2021-08-25 16:30:00,MDVL
3.35,3.35,3.35,3.35,10000,2021-08-25 16:40:00,MDVL
3.32,3.3368,3.32,3.32,4200,2021-08-25 16:45:00,MDVL
3.3101,3.33,3.3101,3.32,2856,2021-08-25 16:50:00,MDVL
3.31,3.31,3.29,3.29,7646,2021-08-25 16:55:00,MDVL
3.31,3.32,3.3,3.31,4240,2021-08-25 17:00:00,MDVL
3.3052,3.33,3.3052,3.3199,2314,2021-08-25 17:05:00,MDVL
3.32,3.32,3.305,3.3117,5240,2021-08-25 17:10:00,MDVL
3.3179,3.3179,3.3,3.315,2800,2021-08-25 17:15:00,MDVL
3.305,3.31,3.3,3.3,8186,2021-08-25 17:20:00,MDVL
3.3,3.3,3.28,3.28,7413,2021-08-25 17:25:00,MDVL
3.261,3.2623,3.23,3.2399,10462,2021-08-25 17:30:00,MDVL
3.2399,3.2799,3.23,3.2799,9808,2021-08-25 17:35:00,MDVL
3.2679,3.2679,3.2679,3.2679,100,2021-08-25 17:40:00,MDVL
3.26,3.26,3.241,3.241,472,2021-08-25 17:45:00,MDVL
3.28,3.28,3.26,3.27,1783,2021-08-25 17:50:00,MDVL
3.2489,3.2669,3.2489,3.2669,605,2021-08-25 17:55:00,MDVL
3.245,3.2699,3.245,3.2619,11400,2021-08-25 18:00:00,MDVL
3.2699,3.29,3.2601,3.2601,3191,2021-08-25 18:05:00,MDVL
3.2899,3.2899,3.2722,3.2858,900,2021-08-25 18:10:00,MDVL
3.2736,3.2736,3.2736,3.2736,100,2021-08-25 18:15:00,MDVL
3.287,3.29,3.25,3.25,3200,2021-08-25 18:20:00,MDVL
3.25,3.25,3.24,3.24,10100,2021-08-25 18:25:00,MDVL
3.25,3.26,3.24,3.26,1283,2021-08-25 18:30:00,MDVL
3.25,3.26,3.25,3.255,4240,2021-08-25 18:35:00,MDVL
3.26,3.26,3.25,3.25,3922,2021-08-25 18:40:00,MDVL
3.26,3.26,3.2301,3.2473,4881,2021-08-25 18:45:00,MDVL
3.2327,3.25,3.2324,3.25,10599,2021-08-25 18:50:00,MDVL
3.23,3.23,3.23,3.23,880,2021-08-25 18:55:00,MDVL
3.22,3.22,3.2,3.2,6501,2021-08-25 19:00:00,MDVL
3.2169,3.2199,3.21,3.2151,1502,2021-08-25 19:05:00,MDVL
3.2,3.2,3.2,3.2,1708,2021-08-25 19:10:00,MDVL
3.2,3.21,3.1935,3.21,7156,2021-08-25 19:15:00,MDVL
3.2,3.2,3.195,3.2,2750,2021-08-25 19:20:00,MDVL
3.21,3.21,3.2,3.21,1800,2021-08-25 19:25:00,MDVL
3.22,3.2201,3.21,3.2169,8043,2021-08-25 19:30:00,MDVL
3.2199,3.2199,3.2025,3.2025,2564,2021-08-25 19:35:00,MDVL
3.205,3.21,3.2,3.2,4316,2021-08-25 19:40:00,MDVL
3.2,3.2088,3.19,3.19,3287,2021-08-25 19:45:00,MDVL
3.19,3.23,3.19,3.22,8492,2021-08-25 19:50:00,MDVL
3.23,3.23,3.1901,3.21,9150,2021-08-25 19:55:00,MDVL
3.22,3.22,3.22,3.22,5173,2021-08-25 20:00:00,MDVL
3.22,3.22,3.22,3.22,750,2021-08-25 20:30:00,MDVL
3.21,3.21,3.21,3.21,200,2021-08-25 20:45:00,MDVL
3.2,3.2,3.2,3.2,100,2021-08-25 20:50:00,MDVL
3.22,3.29,3.22,3.29,5659,2021-08-25 20:55:00,MDVL
3.24,3.24,3.23,3.23,3240,2021-08-25 21:05:00,MDVL
3.23,3.23,3.23,3.23,6000,2021-08-25 21:15:00,MDVL
3.24,3.24,3.24,3.24,1310,2021-08-25 21:45:00,MDVL
3.33,3.33,3.33,3.33,199,2021-08-25 22:15:00,MDVL
3.33,3.33,3.33,3.33,200,2021-08-25 23:55:00,MDVL
3.33,3.33,3.27,3.27,861,2021-08-26 08:30:00,MDVL
3.15,3.15,3.14,3.14,1385,2021-08-26 09:05:00,MDVL
3.28,3.28,3.28,3.28,100,2021-08-26 11:05:00,MDVL
3.28,3.28,3.28,3.28,100,2021-08-26 11:10:00,MDVL
3.24,3.28,3.24,3.28,410,2021-08-26 12:05:00,MDVL
3.24,3.24,3.24,3.24,100,2021-08-26 12:15:00,MDVL
3.24,3.24,3.24,3.24,464,2021-08-26 12:20:00,MDVL
3.22,3.22,3.22,3.22,100,2021-08-26 12:30:00,MDVL
3.33,3.33,3.33,3.33,240,2021-08-26 13:25:00,MDVL
3.23,3.23,3.1824,3.2,8846,2021-08-26 13:30:00,MDVL
3.18,3.2036,3.17,3.19,9420,2021-08-26 13:35:00,MDVL
3.202,3.26,3.1902,3.2531,15192,2021-08-26 13:40:00,MDVL
3.26,3.27,3.2,3.22,9890,2021-08-26 13:45:00,MDVL
3.23,3.27,3.23,3.26,15891,2021-08-26 13:50:00,MDVL
3.26,3.32,3.2595,3.26,7499,2021-08-26 13:55:00,MDVL
3.29,3.32,3.2706,3.285,10505,2021-08-26 14:00:00,MDVL
3.27,3.29,3.24,3.29,5943,2021-08-26 14:05:00,MDVL
3.2899,3.3,3.26,3.26,2979,2021-08-26 14:10:00,MDVL
3.2897,3.29,3.2583,3.27,1498,2021-08-26 14:15:00,MDVL
3.27,3.27,3.24,3.27,2942,2021-08-26 14:20:00,MDVL
3.2799,3.2799,3.19,3.2452,10372,2021-08-26 14:25:00,MDVL
3.25,3.25,3.22,3.25,1563,2021-08-26 14:30:00,MDVL
3.25,3.25,3.21,3.21,2837,2021-08-26 14:35:00,MDVL
3.2001,3.23,3.19,3.23,5582,2021-08-26 14:40:00,MDVL
3.2,3.2,3.2,3.2,270,2021-08-26 14:45:00,MDVL
3.2,3.2007,3.1601,3.181,14982,2021-08-26 14:50:00,MDVL
3.187,3.19,3.16,3.17,8611,2021-08-26 14:55:00,MDVL
3.16,3.18,3.1301,3.145,10409,2021-08-26 15:00:00,MDVL
3.1604,3.2,3.16,3.16,3400,2021-08-26 15:05:00,MDVL
3.1645,3.19,3.16,3.19,3975,2021-08-26 15:10:00,MDVL
3.19,3.19,3.16,3.16,17396,2021-08-26 15:15:00,MDVL
3.16,3.17,3.16,3.17,1000,2021-08-26 15:20:00,MDVL
3.17,3.1799,3.16,3.16,1212,2021-08-26 15:25:00,MDVL
3.16,3.17,3.16,3.1695,945,2021-08-26 15:30:00,MDVL
3.1699,3.2,3.1699,3.2,4104,2021-08-26 15:35:00,MDVL
3.215,3.25,3.17,3.2157,8534,2021-08-26 15:40:00,MDVL
3.19,3.19,3.17,3.1804,6056,2021-08-26 15:45:00,MDVL
3.1675,3.18,3.15,3.18,10144,2021-08-26 15:50:00,MDVL
3.1853,3.21,3.1853,3.2012,2500,2021-08-26 15:55:00,MDVL
3.2,3.2,3.2,3.2,100,2021-08-26 16:00:00,MDVL
3.19,3.19,3.19,3.19,100,2021-08-26 16:05:00,MDVL
3.19,3.1905,3.18,3.18,950,2021-08-26 16:10:00,MDVL
3.1899,3.1899,3.16,3.17,1558,2021-08-26 16:15:00,MDVL
3.1617,3.1617,3.16,3.16,1566,2021-08-26 16:20:00,MDVL
3.15,3.16,3.13,3.13,7047,2021-08-26 16:25:00,MDVL
3.1399,3.15,3.1399,3.145,6696,2021-08-26 16:30:00,MDVL
3.16,3.18,3.15,3.1601,10319,2021-08-26 16:35:00,MDVL
3.1873,3.1873,3.18,3.1873,300,2021-08-26 16:40:00,MDVL
3.15,3.2,3.15,3.2,570,2021-08-26 16:45:00,MDVL
3.15,3.1926,3.15,3.16,1100,2021-08-26 16:50:00,MDVL
3.16,3.16,3.14,3.14,600,2021-08-26 16:55:00,MDVL
3.16,3.16,3.14,3.14,250,2021-08-26 17:00:00,MDVL
3.145,3.18,3.145,3.18,4793,2021-08-26 17:05:00,MDVL
3.1648,3.1999,3.1648,3.1999,909,2021-08-26 17:10:00,MDVL
3.1701,3.1701,3.17,3.17,200,2021-08-26 17:15:00,MDVL
3.17,3.17,3.16,3.16,400,2021-08-26 17:20:00,MDVL
3.155,3.16,3.14,3.14,1540,2021-08-26 17:25:00,MDVL
3.1569,3.1569,3.14,3.15,500,2021-08-26 17:30:00,MDVL
3.14,3.16,3.14,3.14,2400,2021-08-26 17:35:00,MDVL
3.14,3.14,3.14,3.14,200,2021-08-26 17:40:00,MDVL
3.14,3.1488,3.14,3.1488,4077,2021-08-26 17:45:00,MDVL
3.14,3.15,3.14,3.15,559,2021-08-26 17:50:00,MDVL
3.1585,3.16,3.14,3.15,3795,2021-08-26 17:55:00,MDVL
3.14,3.1599,3.111,3.13,7232,2021-08-26 18:00:00,MDVL
3.1339,3.14,3.115,3.1287,2168,2021-08-26 18:05:00,MDVL
3.14,3.14,3.14,3.14,1000,2021-08-26 18:10:00,MDVL
3.16,3.16,3.13,3.14,4299,2021-08-26 18:20:00,MDVL
3.14,3.14,3.13,3.13,831,2021-08-26 18:25:00,MDVL
3.13,3.1301,3.13,3.1301,1300,2021-08-26 18:30:00,MDVL
3.12,3.13,3.12,3.125,1075,2021-08-26 18:35:00,MDVL
3.13,3.14,3.13,3.14,826,2021-08-26 18:40:00,MDVL
3.15,3.17,3.13,3.15,8714,2021-08-26 18:45:00,MDVL
3.15,3.15,3.14,3.14,1620,2021-08-26 18:50:00,MDVL
3.14,3.14,3.13,3.13,403,2021-08-26 18:55:00,MDVL
3.13,3.13,3.12,3.1207,6850,2021-08-26 19:00:00,MDVL
3.123,3.1299,3.11,3.12,16614,2021-08-26 19:05:00,MDVL
3.11,3.1281,3.11,3.1281,350,2021-08-26 19:10:00,MDVL
3.12,3.13,3.12,3.125,3310,2021-08-26 19:15:00,MDVL
3.1499,3.15,3.11,3.11,5498,2021-08-26 19:20:00,MDVL
3.12,3.1299,3.115,3.1299,1200,2021-08-26 19:25:00,MDVL
3.12,3.12,3.1101,3.1101,210,2021-08-26 19:30:00,MDVL
3.12,3.12,3.12,3.12,100,2021-08-26 19:35:00,MDVL
3.12,3.12,3.11,3.11,1561,2021-08-26 19:40:00,MDVL
3.1113,3.13,3.11,3.12,4345,2021-08-26 19:45:00,MDVL
3.1067,3.115,3.1,3.1027,3861,2021-08-26 19:50:00,MDVL
3.1048,3.105,3.07,3.08,44301,2021-08-26 19:55:00,MDVL
3.09,3.15,3.09,3.15,4530,2021-08-26 20:00:00,MDVL
3.1001,3.1001,3.1001,3.1001,500,2021-08-26 20:20:00,MDVL
3.1,3.1,3.1,3.1,106,2021-08-26 20:45:00,MDVL
3.1,3.1,3.1,3.1,103,2021-08-26 21:15:00,MDVL
3.12,3.12,3.12,3.12,1000,2021-08-26 21:35:00,MDVL
3.12,3.12,3.12,3.12,2500,2021-08-26 21:45:00,MDVL
3.1,3.1,3.1,3.1,100,2021-08-27 11:50:00,MDVL
3.12,3.12,3.12,3.12,1000,2021-08-27 12:20:00,MDVL
3.12,3.12,3.12,3.12,838,2021-08-27 12:35:00,MDVL
3.12,3.12,3.12,3.12,152,2021-08-27 12:40:00,MDVL
3.1,3.1,3.1,3.1,150,2021-08-27 13:00:00,MDVL
3.0702,3.1,3.0702,3.1,1590,2021-08-27 13:20:00,MDVL
3.07,3.1047,2.82,2.96,97312,2021-08-27 13:30:00,MDVL
2.97,3.0,2.93,2.965,27223,2021-08-27 13:35:00,MDVL
2.97,2.9899,2.95,2.955,8267,2021-08-27 13:40:00,MDVL
2.95,3.0,2.94,2.99,11578,2021-08-27 13:45:00,MDVL
2.9975,2.9975,2.97,2.97,22121,2021-08-27 13:50:00,MDVL
2.96,2.96,2.93,2.93,7653,2021-08-27 13:55:00,MDVL
2.9396,2.965,2.93,2.95,11420,2021-08-27 14:00:00,MDVL
2.9645,2.9799,2.9645,2.9731,1600,2021-08-27 14:05:00,MDVL
2.98,2.98,2.94,2.95,5505,2021-08-27 14:10:00,MDVL
2.96,3.05,2.95,3.05,66171,2021-08-27 14:15:00,MDVL
3.0599,3.09,3.03,3.0469,28437,2021-08-27 14:20:00,MDVL
3.05,3.06,3.0,3.0276,15795,2021-08-27 14:25:00,MDVL
3.04,3.07,3.03,3.06,15075,2021-08-27 14:30:00,MDVL
3.06,3.06,3.04,3.04,4804,2021-08-27 14:35:00,MDVL
3.05,3.05,3.01,3.01,8697,2021-08-27 14:40:00,MDVL
3.03,3.03,3.02,3.03,743,2021-08-27 14:45:00,MDVL
3.04,3.0599,3.04,3.0599,1714,2021-08-27 14:50:00,MDVL
3.06,3.06,3.03,3.045,2251,2021-08-27 14:55:00,MDVL
3.05,3.05,3.03,3.03,795,2021-08-27 15:00:00,MDVL
3.0499,3.0499,3.03,3.0388,1500,2021-08-27 15:05:00,MDVL
3.03,3.04,3.03,3.03,769,2021-08-27 15:10:00,MDVL
3.04,3.08,3.0301,3.08,7322,2021-08-27 15:15:00,MDVL
3.08,3.085,3.06,3.06,800,2021-08-27 15:20:00,MDVL
3.0476,3.05,3.0075,3.0183,15061,2021-08-27 15:25:00,MDVL
3.03,3.03,3.0,3.0249,1432,2021-08-27 15:30:00,MDVL
3.03,3.055,3.03,3.0301,2379,2021-08-27 15:35:00,MDVL
3.0473,3.05,3.0185,3.02,8289,2021-08-27 15:40:00,MDVL
3.02,3.02,3.0188,3.02,2150,2021-08-27 15:45:00,MDVL
3.02,3.0376,3.0186,3.0222,2013,2021-08-27 15:50:00,MDVL
3.03,3.04,3.03,3.03,1900,2021-08-27 15:55:00,MDVL
3.04,3.07,3.0399,3.069,5964,2021-08-27 16:00:00,MDVL
3.065,3.065,3.05,3.05,5043,2021-08-27 16:05:00,MDVL
3.04,3.04,3.03,3.03,799,2021-08-27 16:10:00,MDVL
3.05,3.05,3.03,3.03,3921,2021-08-27 16:15:00,MDVL
3.04,3.0472,3.03,3.04,2413,2021-08-27 16:20:00,MDVL
3.03,3.03,3.02,3.02,1452,2021-08-27 16:25:00,MDVL
3.01,3.031,3.005,3.031,3115,2021-08-27 16:30:00,MDVL
3.0399,3.04,3.025,3.0358,3265,2021-08-27 16:35:00,MDVL
3.01,3.04,3.01,3.01,692,2021-08-27 16:40:00,MDVL
3.04,3.04,3.01,3.01,7500,2021-08-27 16:45:00,MDVL
3.025,3.025,3.025,3.025,200,2021-08-27 16:50:00,MDVL
3.025,3.04,3.025,3.04,2882,2021-08-27 16:55:00,MDVL
3.06,3.06,3.03,3.04,13557,2021-08-27 17:00:00,MDVL
3.05,3.05,3.046,3.046,313,2021-08-27 17:05:00,MDVL
3.04,3.045,3.02,3.02,2100,2021-08-27 17:10:00,MDVL
3.011,3.02,3.0,3.012,5898,2021-08-27 17:15:00,MDVL
3.02,3.03,3.0199,3.03,2046,2021-08-27 17:20:00,MDVL
3.05,3.05,3.04,3.04,1000,2021-08-27 17:25:00,MDVL
3.05,3.05,3.03,3.03,750,2021-08-27 17:30:00,MDVL
3.03,3.03,2.98,2.98,25725,2021-08-27 17:35:00,MDVL
2.98,2.9896,2.98,2.98,1400,2021-08-27 17:40:00,MDVL
3.0,3.0,2.98,2.99,3139,2021-08-27 17:45:00,MDVL
2.99,3.03,2.99,3.0258,9666,2021-08-27 17:50:00,MDVL
3.0234,3.0234,3.01,3.015,1300,2021-08-27 17:55:00,MDVL
3.03,3.03,3.0,3.0,917,2021-08-27 18:00:00,MDVL
3.01,3.01,2.99,3.0095,2160,2021-08-27 18:05:00,MDVL
3.02,3.0499,3.02,3.0241,5086,2021-08-27 18:10:00,MDVL
3.0489,3.12,3.035,3.0843,48142,2021-08-27 18:15:00,MDVL
3.12,3.14,3.08,3.1,5674,2021-08-27 18:20:00,MDVL
3.1,3.1,3.06,3.06,3653,2021-08-27 18:25:00,MDVL
3.06,3.06,3.05,3.05,6792,2021-08-27 18:30:00,MDVL
3.05,3.08,3.05,3.06,1714,2021-08-27 18:35:00,MDVL
3.06,3.0728,3.05,3.06,1247,2021-08-27 18:40:00,MDVL
3.05,3.05,3.02,3.04,4524,2021-08-27 18:45:00,MDVL
3.04,3.0576,3.04,3.0576,3400,2021-08-27 18:50:00,MDVL
3.05,3.065,3.04,3.05,1588,2021-08-27 18:55:00,MDVL
3.04,3.0536,3.04,3.0536,500,2021-08-27 19:00:00,MDVL
3.04,3.08,3.04,3.07,20102,2021-08-27 19:05:00,MDVL
3.0757,3.08,3.07,3.08,5210,2021-08-27 19:10:00,MDVL
3.07,3.08,3.06,3.06,7035,2021-08-27 19:15:00,MDVL
3.06,3.08,3.06,3.06,700,2021-08-27 19:20:00,MDVL
3.08,3.15,3.08,3.13,8913,2021-08-27 19:25:00,MDVL
3.13,3.13,3.09,3.09,7867,2021-08-27 19:30:00,MDVL
3.1,3.11,3.1,3.1001,13197,2021-08-27 19:35:00,MDVL
3.1,3.1,3.06,3.08,10165,2021-08-27 19:40:00,MDVL
3.0801,3.11,3.0801,3.11,8547,2021-08-27 19:45:00,MDVL
3.11,3.13,3.09,3.1049,9659,2021-08-27 19:50:00,MDVL
3.08,3.13,3.08,3.1,11702,2021-08-27 19:55:00,MDVL
3.09,3.11,3.09,3.11,8909,2021-08-27 20:00:00,MDVL
3.1,3.1,3.1,3.1,441,2021-08-27 20:05:00,MDVL
3.1314,3.14,3.1314,3.14,514,2021-08-27 20:10:00,MDVL
3.1001,3.1001,3.1001,3.1001,850,2021-08-27 20:20:00,MDVL
3.13,3.13,3.09,3.09,8569,2021-08-27 20:40:00,MDVL
3.13,3.13,3.13,3.13,200,2021-08-27 21:30:00,MDVL
3.13,3.13,3.13,3.13,100,2021-08-27 22:10:00,MDVL
3.09,3.09,3.09,3.09,789,2021-08-27 22:15:00,MDVL
3.09,3.09,3.09,3.09,283,2021-08-27 22:40:00,MDVL
3.13,3.13,3.13,3.13,300,2021-08-27 23:10:00,MDVL
3.13,3.13,3.13,3.13,100,2021-08-27 23:15:00,MDVL
3.11,3.11,3.11,3.11,2000,2021-08-30 08:05:00,MDVL
3.09,3.11,3.09,3.11,1908,2021-08-30 08:40:00,MDVL
3.12,3.12,3.12,3.12,536,2021-08-30 09:00:00,MDVL
3.14,3.14,3.14,3.14,100,2021-08-30 09:20:00,MDVL
3.14,3.15,3.14,3.15,2010,2021-08-30 09:50:00,MDVL
3.15,3.17,3.15,3.17,2539,2021-08-30 10:10:00,MDVL
3.19,3.19,3.19,3.19,467,2021-08-30 10:25:00,MDVL
3.12,3.12,3.12,3.12,1395,2021-08-30 11:05:00,MDVL
3.12,3.12,3.11,3.12,2200,2021-08-30 11:10:00,MDVL
3.11,3.11,3.11,3.11,150,2021-08-30 11:15:00,MDVL
3.14,3.2,3.14,3.2,2850,2021-08-30 11:45:00,MDVL
3.2,3.5,3.2,3.36,36900,2021-08-30 11:50:00,MDVL
3.35,3.41,3.32,3.4,19474,2021-08-30 11:55:00,MDVL
3.37,3.4,3.28,3.28,19616,2021-08-30 12:00:00,MDVL
3.28,3.33,3.27,3.28,3841,2021-08-30 12:05:00,MDVL
3.29,3.29,3.28,3.28,574,2021-08-30 12:10:00,MDVL
3.28,3.28,3.25,3.25,4413,2021-08-30 12:15:00,MDVL
3.3299,3.39,3.32,3.3401,3654,2021-08-30 12:20:00,MDVL
3.34,3.34,3.28,3.3,2100,2021-08-30 12:25:00,MDVL
3.26,3.26,3.25,3.25,1003,2021-08-30 12:30:00,MDVL
3.26,3.26,3.26,3.26,2000,2021-08-30 12:35:00,MDVL
3.31,3.31,3.25,3.25,7450,2021-08-30 12:40:00,MDVL
3.25,3.25,3.2,3.2,2900,2021-08-30 12:45:00,MDVL
3.23,3.24,3.23,3.24,850,2021-08-30 12:50:00,MDVL
3.2499,3.25,3.2499,3.25,3130,2021-08-30 12:55:00,MDVL
3.25,3.25,3.25,3.25,2703,2021-08-30 13:05:00,MDVL
3.2,3.2,3.2,3.2,3698,2021-08-30 13:10:00,MDVL
3.1999,3.1999,3.18,3.18,2100,2021-08-30 13:15:00,MDVL
3.19,3.19,3.17,3.18,1850,2021-08-30 13:20:00,MDVL
3.19,3.2,3.18,3.19,8090,2021-08-30 13:25:00,MDVL
3.16,3.3,3.16,3.21,48348,2021-08-30 13:30:00,MDVL
3.21,3.2657,3.13,3.1942,23539,2021-08-30 13:35:00,MDVL
3.2,3.2,3.15,3.1601,2620,2021-08-30 13:40:00,MDVL
3.17,3.17,3.1401,3.15,12940,2021-08-30 13:45:00,MDVL
3.15,3.1571,3.08,3.08,32526,2021-08-30 13:50:00,MDVL
3.105,3.18,3.09,3.16,17209,2021-08-30 13:55:00,MDVL
3.15,3.16,3.125,3.13,3455,2021-08-30 14:00:00,MDVL
3.1524,3.1524,3.13,3.14,3702,2021-08-30 14:05:00,MDVL
3.1599,3.2003,3.13,3.2003,15798,2021-08-30 14:10:00,MDVL
3.2,3.2,3.15,3.18,20273,2021-08-30 14:15:00,MDVL
3.17,3.175,3.16,3.17,5700,2021-08-30 14:20:00,MDVL
3.17,3.17,3.12,3.12,9455,2021-08-30 14:25:00,MDVL
3.1294,3.1499,3.12,3.135,15741,2021-08-30 14:30:00,MDVL
3.16,3.19,3.15,3.17,3610,2021-08-30 14:35:00,MDVL
3.16,3.185,3.16,3.16,3000,2021-08-30 14:40:00,MDVL
3.15,3.22,3.15,3.18,11175,2021-08-30 14:45:00,MDVL
3.216,3.32,3.18,3.285,104438,2021-08-30 14:50:00,MDVL
3.296,3.34,3.27,3.328,65797,2021-08-30 14:55:00,MDVL
3.31,3.4157,3.31,3.35,101847,2021-08-30 15:00:00,MDVL
3.351,3.4,3.35,3.3599,65904,2021-08-30 15:05:00,MDVL
3.35,3.36,3.3,3.3,53887,2021-08-30 15:10:00,MDVL
3.3157,3.36,3.3,3.34,14924,2021-08-30 15:15:00,MDVL
3.35,3.35,3.3,3.32,21051,2021-08-30 15:20:00,MDVL
3.3158,3.339,3.295,3.3,6205,2021-08-30 15:25:00,MDVL
3.2977,3.3299,3.25,3.27,28221,2021-08-30 15:30:00,MDVL
3.33,3.33,3.2781,3.2781,1914,2021-08-30 15:35:00,MDVL
3.309,3.31,3.26,3.285,11301,2021-08-30 15:40:00,MDVL
3.285,3.3,3.2806,3.2868,3150,2021-08-30 15:45:00,MDVL
3.27,3.2756,3.23,3.23,5910,2021-08-30 15:50:00,MDVL
3.25,3.2673,3.231,3.26,22314,2021-08-30 15:55:00,MDVL
3.29,3.29,3.26,3.29,1700,2021-08-30 16:00:00,MDVL
3.27,3.29,3.26,3.2659,4995,2021-08-30 16:05:00,MDVL
3.24,3.2865,3.24,3.28,1991,2021-08-30 16:10:00,MDVL
3.27,3.28,3.265,3.27,9120,2021-08-30 16:15:00,MDVL
3.27,3.3,3.2465,3.2862,10738,2021-08-30 16:20:00,MDVL
3.27,3.27,3.25,3.2658,1777,2021-08-30 16:25:00,MDVL
3.264,3.264,3.25,3.25,725,2021-08-30 16:30:00,MDVL
3.2848,3.2848,3.26,3.26,1028,2021-08-30 16:35:00,MDVL
3.285,3.285,3.285,3.285,100,2021-08-30 16:40:00,MDVL
3.28,3.28,3.28,3.28,300,2021-08-30 16:45:00,MDVL
3.29,3.29,3.27,3.27,594,2021-08-30 16:50:00,MDVL
3.26,3.27,3.26,3.27,1350,2021-08-30 16:55:00,MDVL
3.277,3.277,3.277,3.277,100,2021-08-30 17:00:00,MDVL
3.27,3.2777,3.2641,3.265,2120,2021-08-30 17:05:00,MDVL
3.26,3.27,3.2171,3.2171,8875,2021-08-30 17:10:00,MDVL
3.22,3.24,3.15,3.22,18553,2021-08-30 17:15:00,MDVL
3.21,3.2399,3.1801,3.22,1050,2021-08-30 17:20:00,MDVL
3.22,3.24,3.22,3.22,5300,2021-08-30 17:25:00,MDVL
3.22,3.23,3.2,3.23,4821,2021-08-30 17:30:00,MDVL
3.21,3.24,3.2,3.2299,2600,2021-08-30 17:35:00,MDVL
3.21,3.23,3.2001,3.23,15259,2021-08-30 17:40:00,MDVL
3.229,3.235,3.22,3.235,1600,2021-08-30 17:45:00,MDVL
3.24,3.24,3.22,3.22,700,2021-08-30 17:50:00,MDVL
3.2352,3.2352,3.231,3.231,400,2021-08-30 17:55:00,MDVL
3.225,3.2285,3.2,3.2,1870,2021-08-30 18:00:00,MDVL
3.2,3.2,3.2,3.2,2450,2021-08-30 18:05:00,MDVL
3.2232,3.2232,3.205,3.205,1100,2021-08-30 18:10:00,MDVL
3.19,3.2196,3.18,3.185,6048,2021-08-30 18:15:00,MDVL
3.199,3.22,3.199,3.2,1345,2021-08-30 18:20:00,MDVL
3.212,3.212,3.19,3.2,921,2021-08-30 18:25:00,MDVL
3.195,3.195,3.195,3.195,100,2021-08-30 18:30:00,MDVL
3.1872,3.2,3.17,3.1764,2819,2021-08-30 18:35:00,MDVL
3.1929,3.2,3.1929,3.2,200,2021-08-30 18:40:00,MDVL
3.2,3.225,3.2,3.225,2800,2021-08-30 18:45:00,MDVL
3.25,3.25,3.195,3.2,7898,2021-08-30 18:50:00,MDVL
3.2,3.2,3.18,3.1814,2756,2021-08-30 18:55:00,MDVL
3.2,3.2,3.2,3.2,300,2021-08-30 19:00:00,MDVL
3.2199,3.2199,3.18,3.1916,1100,2021-08-30 19:05:00,MDVL
3.2,3.2046,3.18,3.18,2205,2021-08-30 19:10:00,MDVL
3.18,3.2,3.17,3.2,9044,2021-08-30 19:15:00,MDVL
3.17,3.17,3.17,3.17,1050,2021-08-30 19:20:00,MDVL
3.17,3.18,3.15,3.15,6641,2021-08-30 19:25:00,MDVL
3.161,3.161,3.13,3.1559,5252,2021-08-30 19:30:00,MDVL
3.14,3.17,3.14,3.16,8924,2021-08-30 19:35:00,MDVL
3.17,3.192,3.14,3.14,3108,2021-08-30 19:40:00,MDVL
3.15,3.17,3.14,3.165,4500,2021-08-30 19:45:00,MDVL
3.19,3.19,3.15,3.18,20374,2021-08-30 19:50:00,MDVL
3.1635,3.2,3.16,3.2,17111,2021-08-30 19:55:00,MDVL
3.2,3.2,3.2,3.2,15266,2021-08-30 20:00:00,MDVL
3.25,3.26,3.25,3.25,2600,2021-08-30 20:05:00,MDVL
3.2199,3.22,3.21,3.21,920,2021-08-30 20:10:00,MDVL
3.22,3.22,3.22,3.22,685,2021-08-30 20:20:00,MDVL
3.1801,3.1801,3.1801,3.1801,250,2021-08-30 20:45:00,MDVL
3.18,3.18,3.18,3.18,938,2021-08-30 20:50:00,MDVL
3.2192,3.22,3.2192,3.22,1600,2021-08-30 21:05:00,MDVL
3.2299,3.23,3.2299,3.23,1778,2021-08-30 21:20:00,MDVL
3.24,3.24,3.24,3.24,155,2021-08-30 22:40:00,MDVL
3.24,3.24,3.24,3.24,230,2021-08-30 22:45:00,MDVL
3.24,3.24,3.24,3.24,380,2021-08-30 23:40:00,MDVL
3.23,3.23,3.23,3.23,100,2021-08-30 23:50:00,MDVL
3.28,3.28,3.28,3.28,1000,2021-08-31 12:10:00,MDVL
3.24,3.24,3.24,3.24,200,2021-08-31 12:25:00,MDVL
3.25,3.25,3.25,3.25,100,2021-08-31 12:35:00,MDVL
3.22,3.22,3.22,3.22,500,2021-08-31 12:40:00,MDVL
3.23,3.23,3.23,3.23,200,2021-08-31 12:55:00,MDVL
3.24,3.24,3.22,3.22,438,2021-08-31 13:05:00,MDVL
3.23,3.23,3.23,3.23,300,2021-08-31 13:10:00,MDVL
3.2304,3.2304,3.2304,3.2304,100,2021-08-31 13:25:00,MDVL
3.23,3.2315,3.2099,3.22,4116,2021-08-31 13:30:00,MDVL
3.22,3.2299,3.21,3.21,6091,2021-08-31 13:35:00,MDVL
3.2101,3.23,3.2101,3.23,4641,2021-08-31 13:40:00,MDVL
3.245,3.2552,3.23,3.2499,8590,2021-08-31 13:45:00,MDVL
3.25,3.26,3.24,3.24,3555,2021-08-31 13:50:00,MDVL
3.24,3.243,3.2028,3.2028,6601,2021-08-31 13:55:00,MDVL
3.22,3.22,3.22,3.22,615,2021-08-31 14:00:00,MDVL
3.2242,3.236,3.22,3.236,5996,2021-08-31 14:05:00,MDVL
3.23,3.243,3.23,3.2302,4686,2021-08-31 14:10:00,MDVL
3.23,3.24,3.2201,3.235,2412,2021-08-31 14:15:00,MDVL
3.25,3.28,3.25,3.28,3446,2021-08-31 14:20:00,MDVL
3.29,3.34,3.26,3.32,55514,2021-08-31 14:25:00,MDVL
3.3126,3.34,3.3,3.31,33661,2021-08-31 14:30:00,MDVL
3.3081,3.32,3.28,3.3101,19493,2021-08-31 14:35:00,MDVL
3.32,3.3699,3.3158,3.3365,12710,2021-08-31 14:40:00,MDVL
3.34,3.4,3.33,3.33,34325,2021-08-31 14:45:00,MDVL
3.33,3.34,3.3001,3.3185,8027,2021-08-31 14:50:00,MDVL
3.32,3.3562,3.32,3.3346,5218,2021-08-31 14:55:00,MDVL
3.3381,3.43,3.3381,3.3604,67867,2021-08-31 15:00:00,MDVL
3.3855,3.4,3.3,3.3776,21514,2021-08-31 15:05:00,MDVL
3.38,3.3998,3.35,3.38,10775,2021-08-31 15:10:00,MDVL
3.39,3.39,3.3601,3.38,2650,2021-08-31 15:15:00,MDVL
3.37,3.38,3.37,3.3762,711,2021-08-31 15:20:00,MDVL
3.375,3.38,3.33,3.3511,3998,2021-08-31 15:25:00,MDVL
3.36,3.37,3.3276,3.35,5045,2021-08-31 15:30:00,MDVL
3.34,3.38,3.34,3.34,6799,2021-08-31 15:35:00,MDVL
3.33,3.37,3.33,3.33,1334,2021-08-31 15:40:00,MDVL
3.339,3.36,3.329,3.33,12044,2021-08-31 15:45:00,MDVL
3.34,3.36,3.3,3.3,10932,2021-08-31 15:50:00,MDVL
3.3399,3.35,3.3,3.34,31971,2021-08-31 15:55:00,MDVL
3.34,3.3699,3.33,3.3637,27105,2021-08-31 16:00:00,MDVL
3.34,3.36,3.34,3.36,5001,2021-08-31 16:05:00,MDVL
3.34,3.3583,3.34,3.3499,3671,2021-08-31 16:10:00,MDVL
3.3438,3.35,3.34,3.34,5400,2021-08-31 16:15:00,MDVL
3.35,3.3699,3.34,3.3454,8381,2021-08-31 16:20:00,MDVL
3.345,3.345,3.32,3.34,4600,2021-08-31 16:25:00,MDVL
3.33,3.344,3.3,3.31,1614,2021-08-31 16:30:00,MDVL
3.31,3.31,3.31,3.31,100,2021-08-31 16:35:00,MDVL
3.3365,3.34,3.31,3.32,5825,2021-08-31 16:40:00,MDVL
3.32,3.3395,3.31,3.32,18852,2021-08-31 16:45:00,MDVL
3.33,3.44,3.323,3.42,37495,2021-08-31 16:50:00,MDVL
3.43,3.47,3.38,3.398,52698,2021-08-31 16:55:00,MDVL
3.4,3.4221,3.39,3.42,27059,2021-08-31 17:00:00,MDVL
3.43,3.4331,3.41,3.43,14202,2021-08-31 17:05:00,MDVL
3.4381,3.44,3.42,3.4376,2600,2021-08-31 17:10:00,MDVL
3.43,3.48,3.43,3.46,18415,2021-08-31 17:15:00,MDVL
3.44,3.45,3.41,3.44,4598,2021-08-31 17:20:00,MDVL
3.4193,3.45,3.4,3.42,14982,2021-08-31 17:25:00,MDVL
3.42,3.4399,3.4,3.4335,1733,2021-08-31 17:30:00,MDVL
3.39,3.42,3.37,3.3837,4773,2021-08-31 17:35:00,MDVL
3.365,3.39,3.36,3.39,2950,2021-08-31 17:40:00,MDVL
3.4,3.4,3.39,3.39,200,2021-08-31 17:45:00,MDVL
3.4,3.4,3.4,3.4,1960,2021-08-31 17:50:00,MDVL
3.4,3.41,3.38,3.38,2847,2021-08-31 17:55:00,MDVL
3.395,3.41,3.38,3.4,2785,2021-08-31 18:00:00,MDVL
3.38,3.4,3.37,3.4,2128,2021-08-31 18:05:00,MDVL
3.395,3.396,3.34,3.35,14678,2021-08-31 18:10:00,MDVL
3.35,3.3556,3.3,3.35,10690,2021-08-31 18:15:00,MDVL
3.36,3.36,3.34,3.34,5300,2021-08-31 18:20:00,MDVL
3.3487,3.3487,3.3487,3.3487,300,2021-08-31 18:25:00,MDVL
3.34,3.37,3.3385,3.37,2960,2021-08-31 18:30:00,MDVL
3.3301,3.4,3.3301,3.4,3958,2021-08-31 18:35:00,MDVL
3.38,3.4,3.36,3.4,1205,2021-08-31 18:40:00,MDVL
3.3848,3.39,3.35,3.38,24841,2021-08-31 18:45:00,MDVL
3.38,3.389,3.36,3.36,2650,2021-08-31 18:50:00,MDVL
3.36,3.36,3.36,3.36,100,2021-08-31 18:55:00,MDVL
3.39,3.4,3.38,3.3801,5711,2021-08-31 19:00:00,MDVL
3.3856,3.39,3.38,3.39,2200,2021-08-31 19:05:00,MDVL
3.3856,3.39,3.36,3.39,2300,2021-08-31 19:10:00,MDVL
3.4,3.4,3.36,3.38,3101,2021-08-31 19:15:00,MDVL
3.365,3.38,3.3601,3.37,2132,2021-08-31 19:20:00,MDVL
3.375,3.38,3.36,3.3627,3400,2021-08-31 19:25:00,MDVL
3.36,3.38,3.35,3.365,3882,2021-08-31 19:30:00,MDVL
3.37,3.37,3.34,3.35,4993,2021-08-31 19:35:00,MDVL
3.3599,3.38,3.35,3.35,4250,2021-08-31 19:40:00,MDVL
3.34,3.37,3.33,3.33,12025,2021-08-31 19:45:00,MDVL
3.31,3.33,3.31,3.31,20661,2021-08-31 19:50:00,MDVL
3.32,3.36,3.32,3.34,10910,2021-08-31 19:55:00,MDVL
3.34,3.34,3.34,3.34,5832,2021-08-31 20:00:00,MDVL
3.35,3.35,3.35,3.35,140,2021-08-31 21:35:00,MDVL
3.38,3.38,3.38,3.38,200,2021-08-31 21:45:00,MDVL
3.38,3.38,3.36,3.36,350,2021-08-31 21:55:00,MDVL
3.38,3.38,3.38,3.38,200,2021-09-01 09:00:00,MDVL
3.39,3.39,3.39,3.39,275,2021-09-01 09:10:00,MDVL
3.39,3.4,3.39,3.4,1000,2021-09-01 11:00:00,MDVL
3.38,3.38,3.38,3.38,500,2021-09-01 11:40:00,MDVL
3.36,3.36,3.35,3.35,1140,2021-09-01 12:10:00,MDVL
3.35,3.35,3.35,3.35,154,2021-09-01 12:20:00,MDVL
3.35,3.35,3.35,3.35,279,2021-09-01 12:30:00,MDVL
3.35,3.35,3.35,3.35,591,2021-09-01 12:40:00,MDVL
3.3899,3.3899,3.3899,3.3899,300,2021-09-01 12:55:00,MDVL
3.35,3.35,3.35,3.35,551,2021-09-01 13:10:00,MDVL
3.35,3.35,3.35,3.35,234,2021-09-01 13:20:00,MDVL
3.4,3.4,3.31,3.369,13774,2021-09-01 13:30:00,MDVL
3.32,3.38,3.32,3.34,3331,2021-09-01 13:35:00,MDVL
3.34,3.3994,3.34,3.35,6040,2021-09-01 13:40:00,MDVL
3.34,3.37,3.32,3.32,4417,2021-09-01 13:45:00,MDVL
3.32,3.37,3.31,3.34,2246,2021-09-01 13:50:00,MDVL
3.31,3.31,3.25,3.26,26906,2021-09-01 13:55:00,MDVL
3.279,3.32,3.279,3.31,2183,2021-09-01 14:00:00,MDVL
3.291,3.31,3.291,3.3,1909,2021-09-01 14:05:00,MDVL
3.3,3.3032,3.26,3.26,7083,2021-09-01 14:10:00,MDVL
3.26,3.26,3.21,3.25,22508,2021-09-01 14:15:00,MDVL
3.26,3.3,3.26,3.29,6150,2021-09-01 14:20:00,MDVL
3.3,3.3287,3.28,3.3,3998,2021-09-01 14:25:00,MDVL
3.327,3.33,3.327,3.33,1160,2021-09-01 14:30:00,MDVL
3.3399,3.3419,3.32,3.3246,9688,2021-09-01 14:35:00,MDVL
3.35,3.35,3.32,3.33,2143,2021-09-01 14:40:00,MDVL
3.33,3.3426,3.32,3.33,4022,2021-09-01 14:45:00,MDVL
3.33,3.36,3.33,3.36,4689,2021-09-01 14:50:00,MDVL
3.35,3.35,3.33,3.33,1200,2021-09-01 14:55:00,MDVL
3.34,3.37,3.33,3.36,1215,2021-09-01 15:05:00,MDVL
3.36,3.36,3.34,3.355,2415,2021-09-01 15:10:00,MDVL
3.36,3.37,3.34,3.34,3990,2021-09-01 15:15:00,MDVL
3.34,3.36,3.34,3.36,295,2021-09-01 15:20:00,MDVL
3.3559,3.38,3.34,3.379,3731,2021-09-01 15:25:00,MDVL
3.38,3.38,3.34,3.3473,1200,2021-09-01 15:30:00,MDVL
3.3301,3.35,3.32,3.3201,4755,2021-09-01 15:35:00,MDVL
3.36,3.36,3.36,3.36,100,2021-09-01 15:40:00,MDVL
3.345,3.36,3.32,3.35,1850,2021-09-01 15:45:00,MDVL
3.3411,3.35,3.32,3.35,2378,2021-09-01 15:50:00,MDVL
3.35,3.39,3.35,3.38,5632,2021-09-01 15:55:00,MDVL
3.375,3.38,3.3484,3.356,3739,2021-09-01 16:00:00,MDVL
3.34,3.38,3.34,3.38,600,2021-09-01 16:05:00,MDVL
3.3899,3.39,3.36,3.3756,7900,2021-09-01 16:10:00,MDVL
3.3756,3.39,3.37,3.37,4720,2021-09-01 16:15:00,MDVL
3.39,3.395,3.38,3.38,1100,2021-09-01 16:20:00,MDVL
3.3758,3.3846,3.35,3.37,4009,2021-09-01 16:25:00,MDVL
3.39,3.39,3.38,3.38,973,2021-09-01 16:30:00,MDVL
3.39,3.39,3.3879,3.3879,500,2021-09-01 16:35:00,MDVL
3.3823,3.405,3.38,3.3977,11721,2021-09-01 16:40:00,MDVL
3.4,3.42,3.4,3.42,8022,2021-09-01 16:45:00,MDVL
3.4,3.41,3.37,3.41,22399,2021-09-01 16:50:00,MDVL
3.39,3.4128,3.3701,3.4128,1357,2021-09-01 16:55:00,MDVL
3.4,3.41,3.39,3.4015,3444,2021-09-01 17:00:00,MDVL
3.405,3.41,3.4,3.4073,4300,2021-09-01 17:05:00,MDVL
3.4,3.42,3.4,3.4,3762,2021-09-01 17:10:00,MDVL
3.4,3.4,3.4,3.4,4717,2021-09-01 17:15:00,MDVL
3.3999,3.4,3.395,3.4,788,2021-09-01 17:20:00,MDVL
3.4,3.4,3.3901,3.3901,750,2021-09-01 17:25:00,MDVL
3.3994,3.4,3.3938,3.4,2600,2021-09-01 17:30:00,MDVL
3.4,3.4,3.3908,3.4,46725,2021-09-01 17:35:00,MDVL
3.4,3.4693,3.4,3.4558,50577,2021-09-01 17:40:00,MDVL
3.47,3.5,3.455,3.46,30130,2021-09-01 17:45:00,MDVL
3.46,3.47,3.44,3.47,6090,2021-09-01 17:50:00,MDVL
3.47,3.48,3.465,3.48,6377,2021-09-01 17:55:00,MDVL
3.48,3.49,3.45,3.4601,7894,2021-09-01 18:00:00,MDVL
3.475,3.475,3.46,3.4736,3107,2021-09-01 18:05:00,MDVL
3.47,3.4799,3.4601,3.4631,3520,2021-09-01 18:10:00,MDVL
3.476,3.48,3.4101,3.4101,7468,2021-09-01 18:15:00,MDVL
3.44,3.44,3.4341,3.4341,1000,2021-09-01 18:20:00,MDVL
3.421,3.4475,3.421,3.44,3976,2021-09-01 18:25:00,MDVL
3.44,3.46,3.44,3.448,6250,2021-09-01 18:30:00,MDVL
3.434,3.46,3.4284,3.46,4465,2021-09-01 18:35:00,MDVL
3.43,3.45,3.43,3.44,800,2021-09-01 18:40:00,MDVL
3.44,3.44,3.42,3.42,1900,2021-09-01 18:45:00,MDVL
3.43,3.4499,3.4201,3.4385,2050,2021-09-01 18:50:00,MDVL
3.44,3.45,3.41,3.4101,15789,2021-09-01 18:55:00,MDVL
3.425,3.43,3.4201,3.43,2250,2021-09-01 19:00:00,MDVL
3.435,3.45,3.435,3.435,650,2021-09-01 19:05:00,MDVL
3.435,3.44,3.42,3.44,1615,2021-09-01 19:10:00,MDVL
3.44,3.4573,3.44,3.45,2115,2021-09-01 19:15:00,MDVL
3.445,3.46,3.44,3.46,1650,2021-09-01 19:20:00,MDVL
3.46,3.46,3.44,3.4401,7865,2021-09-01 19:25:00,MDVL
3.45,3.45,3.425,3.43,3746,2021-09-01 19:30:00,MDVL
3.44,3.48,3.43,3.47,8910,2021-09-01 19:35:00,MDVL
3.47,3.47,3.44,3.44,3744,2021-09-01 19:40:00,MDVL
3.44,3.48,3.43,3.48,24415,2021-09-01 19:45:00,MDVL
3.48,3.49,3.48,3.49,6561,2021-09-01 19:50:00,MDVL
3.49,3.5,3.48,3.48,24713,2021-09-01 19:55:00,MDVL
3.49,3.49,3.49,3.49,4111,2021-09-01 20:00:00,MDVL
3.48,3.49,3.48,3.49,600,2021-09-01 20:05:00,MDVL
3.49,3.49,3.49,3.49,100,2021-09-01 20:20:00,MDVL
3.47,3.47,3.47,3.47,300,2021-09-01 20:30:00,MDVL
3.5,3.5,3.5,3.5,242,2021-09-01 21:10:00,MDVL
3.5,3.5,3.5,3.5,126,2021-09-01 21:35:00,MDVL
3.5,3.5,3.5,3.5,1000,2021-09-01 21:55:00,MDVL
3.48,3.5,3.48,3.5,929,2021-09-01 23:15:00,MDVL
3.5,3.5,3.5,3.5,250,2021-09-01 23:50:00,MDVL
3.48,3.49,3.48,3.49,200,2021-09-02 09:45:00,MDVL
3.49,3.49,3.49,3.49,100,2021-09-02 11:20:00,MDVL
3.43,3.43,3.43,3.43,100,2021-09-02 11:30:00,MDVL
3.4,3.4,3.4,3.4,133,2021-09-02 11:40:00,MDVL
3.43,3.43,3.43,3.43,900,2021-09-02 12:05:00,MDVL
3.45,3.49,3.45,3.49,220,2021-09-02 12:10:00,MDVL
3.529,3.529,3.529,3.529,137,2021-09-02 12:15:00,MDVL
3.5,3.5,3.5,3.5,151,2021-09-02 12:55:00,MDVL
3.51,3.51,3.51,3.51,500,2021-09-02 13:00:00,MDVL
3.51,3.51,3.51,3.51,250,2021-09-02 13:20:00,MDVL
3.52,3.55,3.5,3.5,10342,2021-09-02 13:30:00,MDVL
3.49,3.5231,3.43,3.43,6737,2021-09-02 13:35:00,MDVL
3.453,3.46,3.42,3.46,10711,2021-09-02 13:40:00,MDVL
3.441,3.4527,3.4302,3.4302,4950,2021-09-02 13:45:00,MDVL
3.45,3.4899,3.45,3.481,2354,2021-09-02 13:50:00,MDVL
3.49,3.4999,3.4898,3.4984,2213,2021-09-02 13:55:00,MDVL
3.495,3.4986,3.47,3.47,3617,2021-09-02 14:00:00,MDVL
3.466,3.4778,3.46,3.4673,2335,2021-09-02 14:05:00,MDVL
3.4647,3.5,3.4647,3.4984,2350,2021-09-02 14:10:00,MDVL
3.4962,3.4962,3.48,3.48,1918,2021-09-02 14:15:00,MDVL
3.46,3.4799,3.46,3.4799,2024,2021-09-02 14:20:00,MDVL
3.4765,3.4765,3.35,3.4084,39884,2021-09-02 14:30:00,MDVL
3.41,3.4592,3.4065,3.44,2569,2021-09-02 14:35:00,MDVL
3.419,3.4362,3.419,3.4362,1600,2021-09-02 14:40:00,MDVL
3.438,3.46,3.41,3.41,11749,2021-09-02 14:45:00,MDVL
3.4001,3.4113,3.4001,3.4113,1250,2021-09-02 14:50:00,MDVL
3.41,3.41,3.37,3.4,11794,2021-09-02 14:55:00,MDVL
3.3993,3.43,3.39,3.43,13522,2021-09-02 15:00:00,MDVL
3.3901,3.415,3.3901,3.415,1600,2021-09-02 15:05:00,MDVL
3.4178,3.43,3.4,3.4254,12902,2021-09-02 15:10:00,MDVL
3.43,3.43,3.4154,3.43,43387,2021-09-02 15:15:00,MDVL
3.42,3.429,3.3953,3.41,2871,2021-09-02 15:20:00,MDVL
3.42,3.43,3.41,3.41,3113,2021-09-02 15:25:00,MDVL
3.4285,3.4285,3.42,3.42,600,2021-09-02 15:30:00,MDVL
3.4136,3.43,3.4136,3.43,300,2021-09-02 15:35:00,MDVL
3.41,3.4209,3.41,3.4209,300,2021-09-02 15:40:00,MDVL
3.41,3.42,3.41,3.413,2195,2021-09-02 15:45:00,MDVL
3.42,3.43,3.42,3.425,500,2021-09-02 15:50:00,MDVL
3.425,3.425,3.41,3.41,2660,2021-09-02 15:55:00,MDVL
3.4107,3.4113,3.4107,3.4113,2517,2021-09-02 16:00:00,MDVL
3.42,3.44,3.42,3.4201,3975,2021-09-02 16:05:00,MDVL
3.435,3.44,3.4307,3.44,2292,2021-09-02 16:10:00,MDVL
3.44,3.445,3.4301,3.445,1889,2021-09-02 16:15:00,MDVL
3.45,3.46,3.445,3.46,4401,2021-09-02 16:20:00,MDVL
3.46,3.48,3.46,3.4715,2755,2021-09-02 16:25:00,MDVL
3.4701,3.5,3.4701,3.4959,3401,2021-09-02 16:30:00,MDVL
3.5,3.5,3.49,3.5,1700,2021-09-02 16:35:00,MDVL
3.49,3.49,3.46,3.49,4177,2021-09-02 16:40:00,MDVL
3.4703,3.48,3.4703,3.48,900,2021-09-02 16:45:00,MDVL
3.48,3.485,3.4698,3.4698,4364,2021-09-02 16:50:00,MDVL
3.47,3.49,3.47,3.49,600,2021-09-02 17:00:00,MDVL
3.4888,3.49,3.48,3.49,2050,2021-09-02 17:05:00,MDVL
3.49,3.49,3.4801,3.49,8764,2021-09-02 17:10:00,MDVL
3.49,3.5428,3.4835,3.52,12241,2021-09-02 17:15:00,MDVL
3.515,3.5275,3.5023,3.5232,5165,2021-09-02 17:20:00,MDVL
3.505,3.52,3.5,3.51,3776,2021-09-02 17:25:00,MDVL
3.52,3.58,3.52,3.58,13857,2021-09-02 17:30:00,MDVL
3.577,3.59,3.5301,3.5301,6121,2021-09-02 17:35:00,MDVL
3.55,3.58,3.5301,3.56,4706,2021-09-02 17:40:00,MDVL
3.57,3.57,3.5579,3.57,4050,2021-09-02 17:45:00,MDVL
3.57,3.57,3.49,3.55,17270,2021-09-02 17:50:00,MDVL
3.5427,3.5427,3.5427,3.5427,238,2021-09-02 17:55:00,MDVL
3.56,3.62,3.55,3.62,24761,2021-09-02 18:00:00,MDVL
3.58,3.591,3.5701,3.591,3496,2021-09-02 18:05:00,MDVL
3.586,3.6,3.55,3.56,14326,2021-09-02 18:10:00,MDVL
3.58,3.58,3.5501,3.58,4000,2021-09-02 18:15:00,MDVL
3.58,3.62,3.58,3.5999,5116,2021-09-02 18:20:00,MDVL
3.59,3.6,3.56,3.5968,2630,2021-09-02 18:25:00,MDVL
3.58,3.58,3.55,3.56,2806,2021-09-02 18:30:00,MDVL
3.56,3.6,3.56,3.6,3167,2021-09-02 18:35:00,MDVL
3.58,3.58,3.55,3.58,3200,2021-09-02 18:40:00,MDVL
3.585,3.585,3.56,3.5791,2750,2021-09-02 18:45:00,MDVL
3.58,3.58,3.5673,3.5761,300,2021-09-02 18:50:00,MDVL
3.58,3.58,3.5648,3.5648,934,2021-09-02 18:55:00,MDVL
3.565,3.565,3.55,3.55,801,2021-09-02 19:00:00,MDVL
3.55,3.555,3.53,3.55,6432,2021-09-02 19:05:00,MDVL
3.55,3.55,3.55,3.55,495,2021-09-02 19:10:00,MDVL
3.54,3.58,3.54,3.58,3407,2021-09-02 19:15:00,MDVL
3.58,3.58,3.545,3.58,3853,2021-09-02 19:20:00,MDVL
3.57,3.57,3.55,3.56,700,2021-09-02 19:25:00,MDVL
3.56,3.56,3.54,3.544,6082,2021-09-02 19:30:00,MDVL
3.55,3.55,3.545,3.55,2500,2021-09-02 19:35:00,MDVL
3.5401,3.56,3.5401,3.56,33017,2021-09-02 19:40:00,MDVL
3.545,3.56,3.545,3.55,1897,2021-09-02 19:45:00,MDVL
3.5476,3.56,3.53,3.5457,2396,2021-09-02 19:50:00,MDVL
3.55,3.57,3.53,3.53,9332,2021-09-02 19:55:00,MDVL
3.53,3.53,3.53,3.53,5605,2021-09-02 20:00:00,MDVL
3.5,3.5,3.5,3.5,100,2021-09-02 21:45:00,MDVL
3.5,3.5,3.5,3.5,309,2021-09-02 22:20:00,MDVL
3.5,3.5,3.5,3.5,140,2021-09-02 23:00:00,MDVL
3.54,3.54,3.54,3.54,220,2021-09-02 23:35:00,MDVL
3.54,3.54,3.54,3.54,300,2021-09-02 23:50:00,MDVL
3.59,3.59,3.59,3.59,450,2021-09-03 11:05:00,MDVL
3.55,3.55,3.55,3.55,1759,2021-09-03 11:35:00,MDVL
3.53,3.53,3.53,3.53,100,2021-09-03 11:45:00,MDVL
3.53,3.53,3.53,3.53,270,2021-09-03 11:55:00,MDVL
3.54,3.55,3.54,3.55,1200,2021-09-03 12:25:00,MDVL
3.55,3.55,3.55,3.55,150,2021-09-03 12:40:00,MDVL
3.5498,3.55,3.5498,3.55,890,2021-09-03 13:00:00,MDVL
3.55,3.55,3.53,3.55,6076,2021-09-03 13:05:00,MDVL
3.54,3.68,3.54,3.6798,6102,2021-09-03 13:20:00,MDVL
3.6799,3.68,3.6,3.63,10670,2021-09-03 13:25:00,MDVL
3.64,3.67,3.5533,3.61,28082,2021-09-03 13:30:00,MDVL
3.6599,3.67,3.6,3.6231,17580,2021-09-03 13:35:00,MDVL
3.635,3.75,3.635,3.7137,51060,2021-09-03 13:40:00,MDVL
3.72,3.7725,3.6955,3.765,35192,2021-09-03 13:45:00,MDVL
3.764,3.79,3.73,3.77,36590,2021-09-03 13:50:00,MDVL
3.77,3.84,3.7501,3.801,22843,2021-09-03 13:55:00,MDVL
3.832,3.84,3.78,3.79,21200,2021-09-03 14:00:00,MDVL
3.79,3.7955,3.7,3.7,29698,2021-09-03 14:05:00,MDVL
3.69,3.76,3.6701,3.76,10663,2021-09-03 14:10:00,MDVL
3.7506,3.76,3.7101,3.7101,4833,2021-09-03 14:15:00,MDVL
3.72,3.7262,3.69,3.69,4945,2021-09-03 14:20:00,MDVL
3.6901,3.73,3.68,3.718,23490,2021-09-03 14:25:00,MDVL
3.7,3.74,3.6835,3.725,6235,2021-09-03 14:30:00,MDVL
3.725,3.73,3.71,3.7299,2868,2021-09-03 14:35:00,MDVL
3.71,3.72,3.68,3.72,6862,2021-09-03 14:40:00,MDVL
3.7,3.73,3.69,3.7201,7704,2021-09-03 14:45:00,MDVL
3.7399,3.76,3.73,3.76,9543,2021-09-03 14:50:00,MDVL
3.77,3.7997,3.75,3.7997,7136,2021-09-03 14:55:00,MDVL
3.8,3.82,3.7743,3.8,10559,2021-09-03 15:00:00,MDVL
3.8,3.81,3.76,3.76,3262,2021-09-03 15:05:00,MDVL
3.77,3.8,3.7501,3.77,3301,2021-09-03 15:10:00,MDVL
3.76,3.8,3.75,3.775,1450,2021-09-03 15:15:00,MDVL
3.8,3.8,3.7601,3.78,3720,2021-09-03 15:20:00,MDVL
3.76,3.775,3.75,3.77,3248,2021-09-03 15:25:00,MDVL
3.7776,3.7776,3.73,3.73,5594,2021-09-03 15:30:00,MDVL
3.74,3.77,3.74,3.77,3560,2021-09-03 15:35:00,MDVL
3.76,3.79,3.75,3.76,3150,2021-09-03 15:40:00,MDVL
3.775,3.79,3.77,3.78,2199,2021-09-03 15:45:00,MDVL
3.77,3.79,3.7435,3.765,6338,2021-09-03 15:50:00,MDVL
3.77,3.95,3.7699,3.9256,84490,2021-09-03 15:55:00,MDVL
3.93,3.94,3.85,3.8697,21271,2021-09-03 16:00:00,MDVL
3.9,3.91,3.83,3.834,12688,2021-09-03 16:05:00,MDVL
3.845,3.8999,3.8364,3.86,9145,2021-09-03 16:10:00,MDVL
3.88,3.89,3.85,3.8539,2000,2021-09-03 16:15:00,MDVL
3.9,3.99,3.87,3.9774,33765,2021-09-03 16:20:00,MDVL
3.939,3.95,3.91,3.94,3743,2021-09-03 16:25:00,MDVL
3.9474,3.9474,3.9,3.915,2850,2021-09-03 16:30:00,MDVL
3.9,3.94,3.88,3.89,11157,2021-09-03 16:35:00,MDVL
3.87,3.88,3.84,3.87,28489,2021-09-03 16:40:00,MDVL
3.86,3.89,3.84,3.87,13834,2021-09-03 16:45:00,MDVL
3.86,3.8748,3.85,3.8748,3568,2021-09-03 16:50:00,MDVL
3.85,3.8745,3.8301,3.84,4541,2021-09-03 16:55:00,MDVL
3.845,3.8493,3.8,3.813,23949,2021-09-03 17:00:00,MDVL
3.801,3.805,3.75,3.78,24928,2021-09-03 17:05:00,MDVL
3.79,3.825,3.7737,3.805,22171,2021-09-03 17:10:00,MDVL
3.81,3.85,3.79,3.8233,5748,2021-09-03 17:15:00,MDVL
3.82,3.83,3.815,3.815,1992,2021-09-03 17:20:00,MDVL
3.8252,3.83,3.8,3.83,2472,2021-09-03 17:25:00,MDVL
3.81,3.8299,3.8,3.8237,955,2021-09-03 17:30:00,MDVL
3.83,3.83,3.8,3.815,1400,2021-09-03 17:35:00,MDVL
3.8235,3.858,3.815,3.845,800,2021-09-03 17:40:00,MDVL
3.83,3.84,3.8,3.815,4905,2021-09-03 17:45:00,MDVL
3.83,3.83,3.815,3.815,2178,2021-09-03 17:50:00,MDVL
3.81,3.8399,3.81,3.825,2586,2021-09-03 17:55:00,MDVL
3.825,3.84,3.82,3.83,3422,2021-09-03 18:00:00,MDVL
3.84,3.86,3.827,3.83,3736,2021-09-03 18:05:00,MDVL
3.82,3.83,3.82,3.82,2739,2021-09-03 18:10:00,MDVL
3.82,3.83,3.81,3.83,4962,2021-09-03 18:15:00,MDVL
3.815,3.83,3.78,3.7972,3055,2021-09-03 18:20:00,MDVL
3.82,3.82,3.79,3.81,2700,2021-09-03 18:25:00,MDVL
3.8246,3.83,3.8,3.8,1456,2021-09-03 18:30:00,MDVL
3.7901,3.84,3.7901,3.815,2262,2021-09-03 18:35:00,MDVL
3.815,3.815,3.78,3.78,2791,2021-09-03 18:40:00,MDVL
3.805,3.81,3.76,3.7999,6139,2021-09-03 18:45:00,MDVL
3.775,3.83,3.775,3.8,1600,2021-09-03 18:50:00,MDVL
3.805,3.84,3.805,3.82,3650,2021-09-03 18:55:00,MDVL
3.835,3.835,3.7973,3.815,2250,2021-09-03 19:00:00,MDVL
3.815,3.88,3.8009,3.87,17630,2021-09-03 19:05:00,MDVL
3.8699,3.8938,3.84,3.8938,10208,2021-09-03 19:10:00,MDVL
3.8686,3.92,3.8686,3.88,3600,2021-09-03 19:15:00,MDVL
3.89,3.9,3.8601,3.8601,8105,2021-09-03 19:20:00,MDVL
3.878,3.88,3.869,3.869,7149,2021-09-03 19:25:00,MDVL
3.86,3.86,3.84,3.84,3386,2021-09-03 19:30:00,MDVL
3.855,3.87,3.84,3.8693,1363,2021-09-03 19:35:00,MDVL
3.8548,3.87,3.8428,3.85,5100,2021-09-03 19:40:00,MDVL
3.85,3.86,3.84,3.84,5902,2021-09-03 19:45:00,MDVL
3.85,3.92,3.835,3.92,27827,2021-09-03 19:50:00,MDVL
3.91,3.95,3.9,3.91,44468,2021-09-03 19:55:00,MDVL
3.91,3.91,3.91,3.91,20775,2021-09-03 20:00:00,MDVL
3.89,3.89,3.87,3.87,350,2021-09-03 20:15:00,MDVL
3.89,3.89,3.89,3.89,100,2021-09-03 20:25:00,MDVL
3.84,3.84,3.84,3.84,560,2021-09-03 20:40:00,MDVL
3.9,3.9,3.9,3.9,993,2021-09-03 21:00:00,MDVL
3.84,3.84,3.84,3.84,100,2021-09-03 21:25:00,MDVL
3.84,3.84,3.84,3.84,400,2021-09-03 21:30:00,MDVL
3.9099,3.9099,3.9099,3.9099,129,2021-09-03 23:40:00,MDVL
3.86,3.86,3.86,3.86,150,2021-09-03 23:45:00,MDVL
3.95,3.95,3.95,3.95,225,2021-09-07 08:20:00,MDVL
3.94,3.94,3.94,3.94,200,2021-09-07 09:00:00,MDVL
3.97,3.97,3.97,3.97,100,2021-09-07 10:10:00,MDVL
3.94,3.94,3.94,3.94,1315,2021-09-07 11:00:00,MDVL
3.97,3.9842,3.97,3.9842,600,2021-09-07 12:00:00,MDVL
3.99,3.99,3.99,3.99,1278,2021-09-07 12:20:00,MDVL
4.0,4.0,3.99,3.99,1085,2021-09-07 12:25:00,MDVL
3.93,3.93,3.93,3.93,100,2021-09-07 12:35:00,MDVL
3.91,3.91,3.91,3.91,330,2021-09-07 12:50:00,MDVL
3.96,3.96,3.96,3.96,300,2021-09-07 13:00:00,MDVL
3.95,3.98,3.95,3.96,2065,2021-09-07 13:05:00,MDVL
3.98,3.98,3.98,3.98,400,2021-09-07 13:10:00,MDVL
3.98,3.98,3.95,3.95,2350,2021-09-07 13:15:00,MDVL
3.92,3.95,3.92,3.95,1646,2021-09-07 13:20:00,MDVL
3.95,3.96,3.91,3.93,2399,2021-09-07 13:25:00,MDVL
3.9,3.99,3.85,3.8661,37487,2021-09-07 13:30:00,MDVL
3.8725,4.08,3.82,4.05,51777,2021-09-07 13:35:00,MDVL
4.025,4.0499,3.9122,4.0499,19118,2021-09-07 13:40:00,MDVL
4.0383,4.0383,3.99,3.99,12384,2021-09-07 13:45:00,MDVL
3.9761,4.0,3.95,3.95,5486,2021-09-07 13:50:00,MDVL
3.953,3.97,3.8201,3.86,75487,2021-09-07 13:55:00,MDVL
3.87,3.8739,3.84,3.8722,7042,2021-09-07 14:00:00,MDVL
3.865,3.89,3.85,3.8513,5675,2021-09-07 14:05:00,MDVL
3.85,3.85,3.8,3.82,13991,2021-09-07 14:10:00,MDVL
3.815,3.815,3.76,3.77,18155,2021-09-07 14:15:00,MDVL
3.77,3.81,3.77,3.7959,6480,2021-09-07 14:20:00,MDVL
3.8,3.8,3.765,3.78,4821,2021-09-07 14:25:00,MDVL
3.75,3.75,3.67,3.75,78805,2021-09-07 14:30:00,MDVL
3.75,3.78,3.74,3.7692,9616,2021-09-07 14:35:00,MDVL
3.76,3.78,3.71,3.72,9875,2021-09-07 14:40:00,MDVL
3.7176,3.7274,3.67,3.69,11733,2021-09-07 14:45:00,MDVL
3.683,3.7054,3.63,3.63,10786,2021-09-07 14:50:00,MDVL
3.65,3.6859,3.6307,3.6791,17672,2021-09-07 14:55:00,MDVL
3.66,3.69,3.64,3.69,15829,2021-09-07 15:00:00,MDVL
3.67,3.68,3.6613,3.67,2215,2021-09-07 15:05:00,MDVL
3.66,3.68,3.66,3.67,5700,2021-09-07 15:10:00,MDVL
3.65,3.65,3.63,3.6419,8130,2021-09-07 15:15:00,MDVL
3.63,3.64,3.63,3.63,1425,2021-09-07 15:20:00,MDVL
3.6285,3.65,3.625,3.6301,2237,2021-09-07 15:25:00,MDVL
3.635,3.64,3.56,3.57,22761,2021-09-07 15:30:00,MDVL
3.57,3.5773,3.56,3.56,4936,2021-09-07 15:35:00,MDVL
3.565,3.575,3.5519,3.5519,2333,2021-09-07 15:40:00,MDVL
3.56,3.5701,3.55,3.5701,4473,2021-09-07 15:45:00,MDVL
3.58,3.58,3.57,3.57,400,2021-09-07 15:50:00,MDVL
3.57,3.57,3.5107,3.555,25587,2021-09-07 15:55:00,MDVL
3.55,3.59,3.55,3.59,17508,2021-09-07 16:00:00,MDVL
3.5998,3.64,3.5998,3.64,11460,2021-09-07 16:05:00,MDVL
3.6334,3.75,3.6334,3.71,33324,2021-09-07 16:10:00,MDVL
3.725,3.74,3.673,3.6748,6847,2021-09-07 16:15:00,MDVL
3.6952,3.7124,3.6801,3.71,3103,2021-09-07 16:20:00,MDVL
3.71,3.71,3.7,3.705,2479,2021-09-07 16:25:00,MDVL
3.7086,3.725,3.7085,3.7085,4589,2021-09-07 16:30:00,MDVL
3.7001,3.72,3.7001,3.72,5657,2021-09-07 16:35:00,MDVL
3.715,3.715,3.6522,3.655,2595,2021-09-07 16:40:00,MDVL
3.655,3.6601,3.65,3.6601,2943,2021-09-07 16:45:00,MDVL
3.67,3.67,3.66,3.67,2000,2021-09-07 16:50:00,MDVL
3.675,3.675,3.675,3.675,625,2021-09-07 16:55:00,MDVL
3.6786,3.6786,3.65,3.6516,3089,2021-09-07 17:00:00,MDVL
3.655,3.655,3.655,3.655,100,2021-09-07 17:05:00,MDVL
3.655,3.66,3.65,3.65,3720,2021-09-07 17:10:00,MDVL
3.655,3.66,3.655,3.655,1600,2021-09-07 17:15:00,MDVL
3.655,3.6586,3.6513,3.6586,508,2021-09-07 17:20:00,MDVL
3.655,3.6599,3.65,3.655,6716,2021-09-07 17:25:00,MDVL
3.655,3.6588,3.6501,3.6501,736,2021-09-07 17:30:00,MDVL
3.655,3.6591,3.6501,3.655,1474,2021-09-07 17:35:00,MDVL
3.655,3.655,3.655,3.655,200,2021-09-07 17:40:00,MDVL
3.655,3.6597,3.65,3.6597,850,2021-09-07 17:45:00,MDVL
3.6501,3.66,3.65,3.66,1700,2021-09-07 17:50:00,MDVL
3.655,3.655,3.6101,3.6101,1129,2021-09-07 17:55:00,MDVL
3.615,3.615,3.6101,3.6101,1135,2021-09-07 18:00:00,MDVL
3.615,3.6194,3.6141,3.615,2593,2021-09-07 18:05:00,MDVL
3.615,3.615,3.615,3.615,300,2021-09-07 18:10:00,MDVL
3.61,3.6101,3.6,3.6017,2987,2021-09-07 18:15:00,MDVL
3.605,3.605,3.6,3.605,2400,2021-09-07 18:20:00,MDVL
3.6094,3.6094,3.6,3.6,1802,2021-09-07 18:25:00,MDVL
3.605,3.605,3.5527,3.5701,13873,2021-09-07 18:30:00,MDVL
3.575,3.59,3.57,3.585,3079,2021-09-07 18:35:00,MDVL
3.585,3.61,3.585,3.605,6309,2021-09-07 18:40:00,MDVL
3.605,3.61,3.605,3.61,918,2021-09-07 18:45:00,MDVL
3.605,3.605,3.605,3.605,100,2021-09-07 18:50:00,MDVL
3.605,3.605,3.605,3.605,300,2021-09-07 18:55:00,MDVL
3.605,3.605,3.605,3.605,1299,2021-09-07 19:00:00,MDVL
3.6,3.6,3.58,3.585,1741,2021-09-07 19:05:00,MDVL
3.585,3.585,3.585,3.585,400,2021-09-07 19:10:00,MDVL
3.585,3.5887,3.58,3.585,1078,2021-09-07 19:15:00,MDVL
3.5892,3.59,3.5813,3.585,2848,2021-09-07 19:20:00,MDVL
3.585,3.585,3.555,3.575,12498,2021-09-07 19:25:00,MDVL
3.575,3.575,3.5701,3.5701,600,2021-09-07 19:30:00,MDVL
3.5701,3.5799,3.5701,3.575,2596,2021-09-07 19:35:00,MDVL
3.5755,3.5755,3.575,3.575,1550,2021-09-07 19:40:00,MDVL
3.575,3.5799,3.56,3.56,5118,2021-09-07 19:45:00,MDVL
3.5696,3.5696,3.48,3.49,72920,2021-09-07 19:50:00,MDVL
3.48,3.48,3.43,3.46,45386,2021-09-07 19:55:00,MDVL
3.48,3.48,3.48,3.48,3468,2021-09-07 20:00:00,MDVL
3.51,3.51,3.51,3.51,2178,2021-09-07 20:35:00,MDVL
3.53,3.58,3.53,3.58,325,2021-09-07 21:00:00,MDVL
3.57,3.57,3.57,3.57,750,2021-09-07 21:05:00,MDVL
3.57,3.57,3.57,3.57,650,2021-09-07 21:10:00,MDVL
3.55,3.55,3.55,3.55,200,2021-09-07 21:40:00,MDVL
3.55,3.55,3.55,3.55,100,2021-09-07 23:00:00,MDVL
3.55,3.55,3.55,3.55,1278,2021-09-07 23:55:00,MDVL
3.66,3.66,3.66,3.66,500,2021-09-08 11:00:00,MDVL
3.65,3.65,3.65,3.65,602,2021-09-08 11:05:00,MDVL
3.65,3.65,3.65,3.65,100,2021-09-08 11:15:00,MDVL
3.66,3.66,3.66,3.66,100,2021-09-08 12:25:00,MDVL
3.63,3.63,3.63,3.63,209,2021-09-08 13:00:00,MDVL
3.63,3.63,3.63,3.63,260,2021-09-08 13:10:00,MDVL
3.58,3.58,3.58,3.58,300,2021-09-08 13:15:00,MDVL
3.59,3.59,3.51,3.535,10227,2021-09-08 13:30:00,MDVL
3.53,3.5318,3.4,3.43,24088,2021-09-08 13:35:00,MDVL
3.407,3.4436,3.38,3.43,7513,2021-09-08 13:40:00,MDVL
3.4,3.4262,3.4,3.41,4360,2021-09-08 13:45:00,MDVL
3.445,3.46,3.445,3.46,2292,2021-09-08 13:50:00,MDVL
3.445,3.4535,3.43,3.4368,800,2021-09-08 13:55:00,MDVL
3.415,3.42,3.36,3.3689,8319,2021-09-08 14:00:00,MDVL
3.38,3.38,3.36,3.365,1800,2021-09-08 14:05:00,MDVL
3.369,3.369,3.355,3.355,2760,2021-09-08 14:10:00,MDVL
3.3584,3.3584,3.295,3.325,23709,2021-09-08 14:15:00,MDVL
3.34,3.35,3.325,3.35,4482,2021-09-08 14:20:00,MDVL
3.3486,3.4,3.3484,3.39,6300,2021-09-08 14:25:00,MDVL
3.4062,3.4078,3.3928,3.405,2653,2021-09-08 14:30:00,MDVL
3.4,3.4,3.38,3.3899,2580,2021-09-08 14:35:00,MDVL
3.385,3.39,3.33,3.345,6448,2021-09-08 14:40:00,MDVL
3.34,3.34,3.32,3.3387,4406,2021-09-08 14:45:00,MDVL
3.3387,3.3387,3.32,3.32,1825,2021-09-08 14:50:00,MDVL
3.31,3.31,3.31,3.31,700,2021-09-08 14:55:00,MDVL
3.305,3.3197,3.305,3.3197,7322,2021-09-08 15:00:00,MDVL
3.31,3.31,3.31,3.31,261,2021-09-08 15:05:00,MDVL
3.3104,3.3462,3.3104,3.3462,4801,2021-09-08 15:10:00,MDVL
3.3486,3.35,3.345,3.345,2438,2021-09-08 15:15:00,MDVL
3.3578,3.3578,3.34,3.34,1691,2021-09-08 15:20:00,MDVL
3.3487,3.35,3.335,3.335,1297,2021-09-08 15:30:00,MDVL
3.33,3.33,3.31,3.31,200,2021-09-08 15:35:00,MDVL
3.3101,3.3122,3.3101,3.3122,572,2021-09-08 15:40:00,MDVL
3.318,3.318,3.3041,3.3041,1150,2021-09-08 15:45:00,MDVL
3.3,3.3099,3.3,3.3,7143,2021-09-08 15:50:00,MDVL
3.3051,3.31,3.305,3.305,1400,2021-09-08 15:55:00,MDVL
3.305,3.305,3.305,3.305,100,2021-09-08 16:00:00,MDVL
3.3062,3.31,3.305,3.305,2100,2021-09-08 16:05:00,MDVL
3.305,3.305,3.303,3.305,746,2021-09-08 16:10:00,MDVL
3.305,3.31,3.3008,3.31,1100,2021-09-08 16:15:00,MDVL
3.3009,3.3093,3.3,3.3093,1950,2021-09-08 16:20:00,MDVL
3.305,3.33,3.305,3.32,3547,2021-09-08 16:25:00,MDVL
3.325,3.325,3.325,3.325,422,2021-09-08 16:30:00,MDVL
3.33,3.35,3.33,3.34,8982,2021-09-08 16:35:00,MDVL
3.347,3.347,3.347,3.347,1000,2021-09-08 16:40:00,MDVL
3.36,3.3799,3.36,3.3699,900,2021-09-08 16:45:00,MDVL
3.35,3.36,3.35,3.36,403,2021-09-08 16:50:00,MDVL
3.37,3.37,3.36,3.36,945,2021-09-08 17:00:00,MDVL
3.3591,3.3591,3.3591,3.3591,500,2021-09-08 17:05:00,MDVL
3.36,3.36,3.3582,3.36,944,2021-09-08 17:10:00,MDVL
3.3684,3.3799,3.365,3.3799,3198,2021-09-08 17:15:00,MDVL
3.38,3.3965,3.38,3.3965,2196,2021-09-08 17:20:00,MDVL
3.39,3.3973,3.39,3.39,500,2021-09-08 17:25:00,MDVL
3.39,3.39,3.39,3.39,300,2021-09-08 17:30:00,MDVL
3.4,3.41,3.395,3.41,1770,2021-09-08 17:40:00,MDVL
3.4073,3.415,3.4073,3.415,300,2021-09-08 17:45:00,MDVL
3.425,3.43,3.425,3.43,1728,2021-09-08 17:50:00,MDVL
3.44,3.44,3.44,3.44,300,2021-09-08 17:55:00,MDVL
3.435,3.4374,3.43,3.4306,780,2021-09-08 18:00:00,MDVL
3.4201,3.43,3.4201,3.43,700,2021-09-08 18:05:00,MDVL
3.425,3.425,3.425,3.425,1460,2021-09-08 18:10:00,MDVL
3.425,3.43,3.42,3.42,3915,2021-09-08 18:15:00,MDVL
3.425,3.425,3.425,3.425,100,2021-09-08 18:20:00,MDVL
3.4284,3.4284,3.4284,3.4284,100,2021-09-08 18:25:00,MDVL
3.43,3.43,3.42,3.425,1075,2021-09-08 18:30:00,MDVL
3.43,3.43,3.4207,3.425,2619,2021-09-08 18:35:00,MDVL
3.42,3.43,3.42,3.43,500,2021-09-08 18:40:00,MDVL
3.43,3.43,3.425,3.43,1900,2021-09-08 18:50:00,MDVL
3.435,3.44,3.43,3.43,300,2021-09-08 18:55:00,MDVL
3.43,3.43,3.43,3.43,100,2021-09-08 19:00:00,MDVL
3.425,3.43,3.4,3.4,14549,2021-09-08 19:10:00,MDVL
3.4051,3.42,3.405,3.41,2252,2021-09-08 19:15:00,MDVL
3.415,3.42,3.415,3.42,200,2021-09-08 19:20:00,MDVL
3.41,3.41,3.4001,3.4014,1134,2021-09-08 19:25:00,MDVL
3.405,3.41,3.4,3.4099,1800,2021-09-08 19:30:00,MDVL
3.4,3.41,3.4,3.41,1993,2021-09-08 19:35:00,MDVL
3.405,3.405,3.405,3.405,300,2021-09-08 19:40:00,MDVL
3.41,3.41,3.4,3.405,3991,2021-09-08 19:45:00,MDVL
3.405,3.405,3.405,3.405,1377,2021-09-08 19:50:00,MDVL
3.405,3.4099,3.4,3.4,8187,2021-09-08 19:55:00,MDVL
3.41,3.41,3.41,3.41,3369,2021-09-08 20:00:00,MDVL
3.4,3.4,3.4,3.4,100,2021-09-08 20:50:00,MDVL
3.39,3.39,3.39,3.39,250,2021-09-08 21:20:00,MDVL
3.39,3.39,3.39,3.39,747,2021-09-09 13:15:00,MDVL
3.39,3.39,3.39,3.39,1763,2021-09-09 13:20:00,MDVL
3.39,3.41,3.13,3.31,23195,2021-09-09 13:30:00,MDVL
3.305,3.36,3.29,3.36,6740,2021-09-09 13:35:00,MDVL
3.31,3.41,3.31,3.37,7629,2021-09-09 13:40:00,MDVL
3.37,3.37,3.34,3.36,2478,2021-09-09 13:45:00,MDVL
3.35,3.35,3.33,3.34,1632,2021-09-09 13:50:00,MDVL
3.35,3.39,3.35,3.39,6097,2021-09-09 13:55:00,MDVL
3.4,3.4,3.39,3.3938,1761,2021-09-09 14:00:00,MDVL
3.38,3.38,3.38,3.38,650,2021-09-09 14:05:00,MDVL
3.39,3.39,3.3201,3.335,6273,2021-09-09 14:10:00,MDVL
3.33,3.37,3.3232,3.37,1985,2021-09-09 14:15:00,MDVL
3.3401,3.3401,3.3201,3.3201,4700,2021-09-09 14:20:00,MDVL
3.33,3.35,3.33,3.3486,4665,2021-09-09 14:25:00,MDVL
3.3499,3.3499,3.32,3.32,5219,2021-09-09 14:30:00,MDVL
3.3215,3.3215,3.32,3.32,5086,2021-09-09 14:35:00,MDVL
3.32,3.32,3.32,3.32,404,2021-09-09 14:40:00,MDVL
3.33,3.34,3.33,3.34,3059,2021-09-09 14:45:00,MDVL
3.33,3.33,3.33,3.33,998,2021-09-09 14:50:00,MDVL
3.32,3.33,3.32,3.33,1259,2021-09-09 14:55:00,MDVL
3.32,3.333,3.32,3.333,1400,2021-09-09 15:00:00,MDVL
3.3232,3.33,3.32,3.32,1636,2021-09-09 15:05:00,MDVL
3.315,3.315,3.27,3.31,8770,2021-09-09 15:10:00,MDVL
3.31,3.31,3.29,3.29,300,2021-09-09 15:15:00,MDVL
3.285,3.285,3.2799,3.28,1237,2021-09-09 15:20:00,MDVL
3.2835,3.315,3.2835,3.31,1345,2021-09-09 15:25:00,MDVL
3.31,3.32,3.31,3.32,1366,2021-09-09 15:30:00,MDVL
3.3158,3.3158,3.3158,3.3158,400,2021-09-09 15:35:00,MDVL
3.3387,3.3387,3.3387,3.3387,250,2021-09-09 15:40:00,MDVL
3.34,3.34,3.33,3.33,500,2021-09-09 15:50:00,MDVL
3.345,3.345,3.33,3.33,600,2021-09-09 15:55:00,MDVL
3.325,3.325,3.325,3.325,100,2021-09-09 16:00:00,MDVL
3.34,3.34,3.32,3.32,600,2021-09-09 16:10:00,MDVL
3.34,3.34,3.33,3.33,698,2021-09-09 16:15:00,MDVL
3.34,3.345,3.34,3.345,1900,2021-09-09 16:20:00,MDVL
3.34,3.365,3.34,3.34,6806,2021-09-09 16:25:00,MDVL
3.355,3.355,3.34,3.3401,573,2021-09-09 16:30:00,MDVL
3.36,3.369,3.35,3.369,700,2021-09-09 16:35:00,MDVL
3.36,3.37,3.36,3.36,2427,2021-09-09 16:40:00,MDVL
3.37,3.37,3.37,3.37,120,2021-09-09 16:45:00,MDVL
3.39,3.39,3.3837,3.3837,2730,2021-09-09 16:50:00,MDVL
3.39,3.39,3.39,3.39,100,2021-09-09 16:55:00,MDVL
3.39,3.395,3.38,3.38,3152,2021-09-09 17:00:00,MDVL
3.4,3.41,3.4,3.41,3167,2021-09-09 17:05:00,MDVL
3.4174,3.42,3.405,3.42,800,2021-09-09 17:10:00,MDVL
3.41,3.42,3.41,3.41,959,2021-09-09 17:15:00,MDVL
3.4,3.4,3.385,3.385,1950,2021-09-09 17:20:00,MDVL
3.3701,3.3701,3.3701,3.3701,100,2021-09-09 17:25:00,MDVL
3.375,3.38,3.375,3.38,200,2021-09-09 17:30:00,MDVL
3.36,3.37,3.36,3.37,10200,2021-09-09 17:35:00,MDVL
3.37,3.38,3.34,3.35,2074,2021-09-09 17:45:00,MDVL
3.35,3.38,3.35,3.38,1746,2021-09-09 17:50:00,MDVL
3.38,3.385,3.36,3.36,1200,2021-09-09 17:55:00,MDVL
3.38,3.38,3.3759,3.3759,852,2021-09-09 18:00:00,MDVL
3.39,3.39,3.39,3.39,100,2021-09-09 18:05:00,MDVL
3.38,3.38,3.36,3.38,1547,2021-09-09 18:15:00,MDVL
3.38,3.38,3.38,3.38,100,2021-09-09 18:20:00,MDVL
3.38,3.39,3.36,3.37,3578,2021-09-09 18:25:00,MDVL
3.38,3.38,3.36,3.36,1469,2021-09-09 18:30:00,MDVL
3.37,3.375,3.36,3.36,2950,2021-09-09 18:35:00,MDVL
3.367,3.39,3.36,3.3857,2803,2021-09-09 18:40:00,MDVL
3.39,3.39,3.38,3.3807,4354,2021-09-09 18:45:00,MDVL
3.4,3.42,3.4,3.41,2700,2021-09-09 18:50:00,MDVL
3.4,3.46,3.4,3.455,3755,2021-09-09 18:55:00,MDVL
3.47,3.52,3.455,3.49,6800,2021-09-09 19:00:00,MDVL
3.5,3.5,3.45,3.49,13383,2021-09-09 19:05:00,MDVL
3.475,3.52,3.475,3.5,6377,2021-09-09 19:10:00,MDVL
3.52,3.52,3.49,3.495,5657,2021-09-09 19:15:00,MDVL
3.495,3.51,3.49,3.51,5642,2021-09-09 19:20:00,MDVL
3.51,3.5608,3.495,3.495,14235,2021-09-09 19:25:00,MDVL
3.5,3.64,3.5,3.61,24467,2021-09-09 19:30:00,MDVL
3.61,3.61,3.55,3.575,3176,2021-09-09 19:35:00,MDVL
3.56,3.565,3.53,3.56,6187,2021-09-09 19:40:00,MDVL
3.56,3.57,3.55,3.56,4325,2021-09-09 19:45:00,MDVL
3.57,3.58,3.5424,3.555,6666,2021-09-09 19:50:00,MDVL
3.55,3.555,3.52,3.55,28529,2021-09-09 19:55:00,MDVL
3.55,3.55,3.55,3.55,15809,2021-09-09 20:00:00,MDVL
3.55,3.55,3.55,3.55,2000,2021-09-09 20:10:00,MDVL
3.54,3.55,3.54,3.55,300,2021-09-09 21:10:00,MDVL
3.55,3.55,3.55,3.55,140,2021-09-09 21:20:00,MDVL
3.55,3.55,3.55,3.55,500,2021-09-09 23:30:00,MDVL
3.5899,3.5899,3.5899,3.5899,231,2021-09-09 23:35:00,MDVL
3.6,3.6,3.6,3.6,400,2021-09-10 11:00:00,MDVL
3.56,3.611,3.55,3.58,22682,2021-09-10 13:30:00,MDVL
3.5768,3.5768,3.48,3.48,12267,2021-09-10 13:35:00,MDVL
3.48,3.53,3.48,3.5146,6996,2021-09-10 13:40:00,MDVL
3.54,3.54,3.54,3.54,100,2021-09-10 13:45:00,MDVL
3.53,3.535,3.48,3.48,6982,2021-09-10 13:50:00,MDVL
3.46,3.465,3.42,3.42,4888,2021-09-10 13:55:00,MDVL
3.47,3.47,3.43,3.43,3155,2021-09-10 14:00:00,MDVL
3.44,3.44,3.42,3.435,750,2021-09-10 14:05:00,MDVL
3.43,3.435,3.41,3.435,762,2021-09-10 14:10:00,MDVL
3.4157,3.45,3.4157,3.45,1273,2021-09-10 14:15:00,MDVL
3.4258,3.44,3.4258,3.44,897,2021-09-10 14:20:00,MDVL
3.4501,3.49,3.4501,3.49,4800,2021-09-10 14:25:00,MDVL
3.47,3.47,3.47,3.47,400,2021-09-10 14:30:00,MDVL
3.45,3.45,3.44,3.44,1200,2021-09-10 14:35:00,MDVL
3.44,3.45,3.4,3.41,26169,2021-09-10 14:40:00,MDVL
3.41,3.465,3.41,3.44,3682,2021-09-10 14:45:00,MDVL
3.45,3.455,3.45,3.45,333,2021-09-10 14:50:00,MDVL
3.446,3.455,3.42,3.43,3267,2021-09-10 14:55:00,MDVL
3.4694,3.4694,3.4247,3.4247,2948,2021-09-10 15:00:00,MDVL
3.45,3.45,3.4328,3.4473,1000,2021-09-10 15:05:00,MDVL
3.444,3.444,3.4422,3.4422,1500,2021-09-10 15:10:00,MDVL
3.44,3.45,3.43,3.43,4265,2021-09-10 15:15:00,MDVL
3.44,3.45,3.434,3.434,447,2021-09-10 15:20:00,MDVL
3.4568,3.4568,3.4568,3.4568,100,2021-09-10 15:25:00,MDVL
3.44,3.45,3.43,3.435,878,2021-09-10 15:30:00,MDVL
3.42,3.45,3.42,3.44,600,2021-09-10 15:35:00,MDVL
3.46,3.46,3.44,3.44,450,2021-09-10 15:40:00,MDVL
3.4486,3.4567,3.4486,3.4562,800,2021-09-10 15:45:00,MDVL
3.45,3.51,3.45,3.5,2371,2021-09-10 15:50:00,MDVL
3.496,3.53,3.48,3.507,15514,2021-09-10 15:55:00,MDVL
3.49,3.5,3.48,3.495,7908,2021-09-10 16:00:00,MDVL
3.4885,3.495,3.48,3.495,1000,2021-09-10 16:05:00,MDVL
3.495,3.5,3.47,3.47,3194,2021-09-10 16:10:00,MDVL
3.47,3.47,3.47,3.47,100,2021-09-10 16:15:00,MDVL
3.475,3.475,3.475,3.475,100,2021-09-10 16:25:00,MDVL
3.47,3.47,3.47,3.47,102,2021-09-10 16:30:00,MDVL
3.475,3.475,3.475,3.475,200,2021-09-10 16:35:00,MDVL
3.48,3.48,3.48,3.48,500,2021-09-10 16:45:00,MDVL
3.49,3.5,3.49,3.5,2279,2021-09-10 16:55:00,MDVL
3.51,3.52,3.51,3.52,200,2021-09-10 17:00:00,MDVL
3.52,3.525,3.52,3.52,1384,2021-09-10 17:05:00,MDVL
3.525,3.525,3.5114,3.5114,790,2021-09-10 17:10:00,MDVL
3.5164,3.5164,3.5164,3.5164,195,2021-09-10 17:15:00,MDVL
3.5074,3.5074,3.48,3.48,901,2021-09-10 17:20:00,MDVL
3.51,3.51,3.5,3.5,304,2021-09-10 17:30:00,MDVL
3.4901,3.5,3.49,3.49,1266,2021-09-10 17:35:00,MDVL
3.51,3.51,3.49,3.49,552,2021-09-10 17:40:00,MDVL
3.49,3.49,3.481,3.481,1327,2021-09-10 17:45:00,MDVL
3.47,3.47,3.47,3.47,100,2021-09-10 17:50:00,MDVL
3.47,3.47,3.45,3.47,14391,2021-09-10 18:00:00,MDVL
3.4774,3.4774,3.4774,3.4774,600,2021-09-10 18:05:00,MDVL
3.48,3.49,3.48,3.49,500,2021-09-10 18:10:00,MDVL
3.48,3.48,3.47,3.47,944,2021-09-10 18:15:00,MDVL
3.47,3.47,3.46,3.46,200,2021-09-10 18:20:00,MDVL
3.45,3.45,3.45,3.45,366,2021-09-10 18:35:00,MDVL
3.47,3.47,3.46,3.46,300,2021-09-10 18:40:00,MDVL
3.47,3.475,3.47,3.475,400,2021-09-10 18:45:00,MDVL
3.46,3.4706,3.46,3.4706,2280,2021-09-10 18:50:00,MDVL
3.47,3.47,3.47,3.47,200,2021-09-10 18:55:00,MDVL
3.4662,3.51,3.4662,3.51,4092,2021-09-10 19:00:00,MDVL
3.51,3.51,3.495,3.495,1811,2021-09-10 19:05:00,MDVL
3.49,3.5,3.49,3.49,1147,2021-09-10 19:10:00,MDVL
3.49,3.5,3.48,3.48,1741,2021-09-10 19:15:00,MDVL
3.47,3.48,3.45,3.46,3119,2021-09-10 19:20:00,MDVL
3.48,3.48,3.44,3.4583,10564,2021-09-10 19:25:00,MDVL
3.46,3.465,3.44,3.45,4100,2021-09-10 19:30:00,MDVL
3.46,3.47,3.45,3.45,1350,2021-09-10 19:35:00,MDVL
3.445,3.48,3.445,3.47,2818,2021-09-10 19:40:00,MDVL
3.46,3.46,3.41,3.41,11151,2021-09-10 19:45:00,MDVL
3.42,3.42,3.4,3.4,6607,2021-09-10 19:50:00,MDVL
3.4001,3.42,3.4,3.4,14397,2021-09-10 19:55:00,MDVL
3.4,3.4,3.4,3.4,3933,2021-09-10 20:00:00,MDVL
3.4,3.4,3.4,3.4,100,2021-09-10 20:20:00,MDVL
3.4,3.4,3.4,3.4,380,2021-09-10 20:25:00,MDVL
3.45,3.49,3.45,3.49,623,2021-09-13 13:10:00,MDVL
3.45,3.45,3.45,3.45,400,2021-09-13 13:15:00,MDVL
3.4,3.4,3.4,3.4,1100,2021-09-13 13:25:00,MDVL
3.42,3.435,3.3,3.3491,14140,2021-09-13 13:30:00,MDVL
3.29,3.34,3.2714,3.305,1800,2021-09-13 13:35:00,MDVL
3.33,3.33,3.25,3.2604,9537,2021-09-13 13:40:00,MDVL
3.2361,3.32,3.2361,3.3181,7793,2021-09-13 13:45:00,MDVL
3.28,3.31,3.28,3.31,439,2021-09-13 13:50:00,MDVL
3.3292,3.3292,3.29,3.3228,2650,2021-09-13 13:55:00,MDVL
3.305,3.32,3.3,3.3,1192,2021-09-13 14:00:00,MDVL
3.3183,3.3183,3.29,3.29,4281,2021-09-13 14:05:00,MDVL
3.29,3.2941,3.2761,3.2761,5270,2021-09-13 14:10:00,MDVL
3.2771,3.29,3.25,3.29,4608,2021-09-13 14:15:00,MDVL
3.31,3.33,3.31,3.31,2387,2021-09-13 14:20:00,MDVL
3.3,3.3163,3.3,3.3163,333,2021-09-13 14:25:00,MDVL
3.3168,3.33,3.28,3.3208,8294,2021-09-13 14:30:00,MDVL
3.33,3.34,3.31,3.34,1201,2021-09-13 14:35:00,MDVL
3.36,3.36,3.355,3.355,348,2021-09-13 14:40:00,MDVL
3.37,3.3751,3.35,3.35,900,2021-09-13 14:45:00,MDVL
3.36,3.37,3.33,3.34,2400,2021-09-13 14:50:00,MDVL
3.36,3.36,3.36,3.36,200,2021-09-13 14:55:00,MDVL
3.3735,3.3735,3.3669,3.3669,397,2021-09-13 15:00:00,MDVL
3.3536,3.36,3.35,3.35,1423,2021-09-13 15:10:00,MDVL
3.35,3.35,3.3,3.33,3700,2021-09-13 15:15:00,MDVL
3.35,3.35,3.34,3.35,1000,2021-09-13 15:20:00,MDVL
3.35,3.38,3.3444,3.38,648,2021-09-13 15:25:00,MDVL
3.37,3.37,3.35,3.35,1800,2021-09-13 15:30:00,MDVL
3.36,3.37,3.36,3.37,200,2021-09-13 15:35:00,MDVL
3.36,3.36,3.36,3.36,100,2021-09-13 15:40:00,MDVL
3.38,3.4,3.36,3.36,1175,2021-09-13 15:45:00,MDVL
3.38,3.38,3.38,3.38,200,2021-09-13 15:50:00,MDVL
3.41,3.41,3.3801,3.3801,238,2021-09-13 15:55:00,MDVL
3.39,3.4,3.39,3.39,1959,2021-09-13 16:00:00,MDVL
3.41,3.41,3.4,3.4,547,2021-09-13 16:05:00,MDVL
3.4,3.4,3.38,3.38,13958,2021-09-13 16:10:00,MDVL
3.4048,3.4048,3.4048,3.4048,295,2021-09-13 16:15:00,MDVL
3.3988,3.3988,3.3988,3.3988,100,2021-09-13 16:20:00,MDVL
3.39,3.39,3.39,3.39,325,2021-09-13 16:25:00,MDVL
3.39,3.41,3.39,3.41,2093,2021-09-13 16:30:00,MDVL
3.4,3.41,3.4,3.4,700,2021-09-13 16:35:00,MDVL
3.4,3.4,3.4,3.4,300,2021-09-13 16:40:00,MDVL
3.375,3.41,3.37,3.41,1300,2021-09-13 16:45:00,MDVL
3.41,3.41,3.41,3.41,800,2021-09-13 16:50:00,MDVL
3.41,3.41,3.3901,3.3901,359,2021-09-13 16:55:00,MDVL
3.3901,3.405,3.3901,3.405,1200,2021-09-13 17:00:00,MDVL
3.405,3.41,3.39,3.41,980,2021-09-13 17:05:00,MDVL
3.41,3.41,3.395,3.395,961,2021-09-13 17:15:00,MDVL
3.39,3.4,3.39,3.4,989,2021-09-13 17:20:00,MDVL
3.395,3.395,3.385,3.385,900,2021-09-13 17:25:00,MDVL
3.38,3.38,3.38,3.38,400,2021-09-13 17:30:00,MDVL
3.38,3.395,3.38,3.395,200,2021-09-13 17:35:00,MDVL
3.38,3.38,3.38,3.38,408,2021-09-13 17:40:00,MDVL
3.3924,3.3924,3.38,3.385,600,2021-09-13 17:45:00,MDVL
3.38,3.38,3.37,3.37,1009,2021-09-13 17:50:00,MDVL
3.37,3.37,3.34,3.34,400,2021-09-13 17:55:00,MDVL
3.37,3.38,3.37,3.38,1600,2021-09-13 18:00:00,MDVL
3.39,3.4,3.39,3.39,2492,2021-09-13 18:05:00,MDVL
3.39,3.39,3.37,3.38,800,2021-09-13 18:10:00,MDVL
3.385,3.385,3.32,3.32,5799,2021-09-13 18:15:00,MDVL
3.345,3.355,3.34,3.34,2100,2021-09-13 18:20:00,MDVL
3.355,3.38,3.355,3.36,1385,2021-09-13 18:25:00,MDVL
3.34,3.36,3.32,3.36,1050,2021-09-13 18:30:00,MDVL
3.35,3.35,3.35,3.35,400,2021-09-13 18:35:00,MDVL
3.37,3.37,3.366,3.37,4300,2021-09-13 18:40:00,MDVL
3.36,3.365,3.36,3.365,300,2021-09-13 18:45:00,MDVL
3.39,3.39,3.36,3.36,4400,2021-09-13 18:50:00,MDVL
3.38,3.39,3.37,3.37,400,2021-09-13 18:55:00,MDVL
3.39,3.39,3.38,3.38,527,2021-09-13 19:00:00,MDVL
3.36,3.365,3.36,3.36,600,2021-09-13 19:05:00,MDVL
3.37,3.38,3.36,3.37,500,2021-09-13 19:10:00,MDVL
3.37,3.37,3.37,3.37,200,2021-09-13 19:15:00,MDVL
3.37,3.37,3.36,3.36,400,2021-09-13 19:20:00,MDVL
3.37,3.37,3.37,3.37,100,2021-09-13 19:25:00,MDVL
3.37,3.38,3.37,3.37,600,2021-09-13 19:30:00,MDVL
3.37,3.38,3.37,3.375,300,2021-09-13 19:35:00,MDVL
3.36,3.37,3.36,3.37,400,2021-09-13 19:40:00,MDVL
3.36,3.375,3.35,3.36,1700,2021-09-13 19:45:00,MDVL
3.37,3.37,3.355,3.355,3508,2021-09-13 19:50:00,MDVL
3.355,3.38,3.35,3.36,4799,2021-09-13 19:55:00,MDVL
3.36,3.36,3.36,3.36,3023,2021-09-13 20:00:00,MDVL
3.37,3.37,3.37,3.37,1000,2021-09-13 21:40:00,MDVL
3.4,3.4,3.4,3.4,400,2021-09-13 21:50:00,MDVL
3.4,3.4,3.39,3.39,1255,2021-09-13 22:05:00,MDVL
3.36,3.36,3.36,3.36,330,2021-09-13 23:50:00,MDVL
3.37,3.37,3.3071,3.3071,3525,2021-09-14 13:30:00,MDVL
3.33,3.36,3.3253,3.35,2488,2021-09-14 13:35:00,MDVL
3.36,3.39,3.36,3.39,691,2021-09-14 13:40:00,MDVL
3.399,3.44,3.385,3.42,2839,2021-09-14 13:45:00,MDVL
3.43,3.43,3.41,3.41,3312,2021-09-14 13:50:00,MDVL
3.4,3.4,3.39,3.39,300,2021-09-14 13:55:00,MDVL
3.38,3.38,3.37,3.37,300,2021-09-14 14:00:00,MDVL
3.3601,3.41,3.3601,3.41,4194,2021-09-14 14:05:00,MDVL
3.41,3.41,3.37,3.37,1401,2021-09-14 14:10:00,MDVL
3.37,3.38,3.37,3.37,1100,2021-09-14 14:15:00,MDVL
3.36,3.36,3.36,3.36,300,2021-09-14 14:20:00,MDVL
3.37,3.37,3.37,3.37,100,2021-09-14 14:25:00,MDVL
3.37,3.37,3.355,3.355,200,2021-09-14 14:30:00,MDVL
3.37,3.37,3.36,3.37,508,2021-09-14 14:35:00,MDVL
3.37,3.37,3.355,3.355,1260,2021-09-14 14:40:00,MDVL
3.35,3.35,3.35,3.35,4000,2021-09-14 14:45:00,MDVL
3.3537,3.36,3.33,3.335,2750,2021-09-14 14:50:00,MDVL
3.3447,3.35,3.34,3.34,450,2021-09-14 14:55:00,MDVL
3.35,3.36,3.34,3.36,1407,2021-09-14 15:00:00,MDVL
3.37,3.37,3.37,3.37,8100,2021-09-14 15:05:00,MDVL
3.3758,3.38,3.3553,3.3553,3000,2021-09-14 15:10:00,MDVL
3.3733,3.38,3.3733,3.38,200,2021-09-14 15:15:00,MDVL
3.3733,3.39,3.3641,3.3641,1327,2021-09-14 15:20:00,MDVL
3.3601,3.39,3.3601,3.39,600,2021-09-14 15:25:00,MDVL
3.39,3.39,3.39,3.39,300,2021-09-14 15:30:00,MDVL
3.37,3.37,3.3645,3.3645,350,2021-09-14 15:35:00,MDVL
3.365,3.365,3.34,3.36,3150,2021-09-14 15:40:00,MDVL
3.38,3.38,3.37,3.38,1400,2021-09-14 15:45:00,MDVL
3.39,3.39,3.38,3.38,200,2021-09-14 15:50:00,MDVL
3.4,3.4,3.4,3.4,300,2021-09-14 15:55:00,MDVL
3.39,3.39,3.39,3.39,100,2021-09-14 16:00:00,MDVL
3.4,3.4,3.4,3.4,100,2021-09-14 16:10:00,MDVL
3.4,3.4,3.4,3.4,200,2021-09-14 16:15:00,MDVL
3.38,3.38,3.37,3.37,900,2021-09-14 16:20:00,MDVL
3.37,3.37,3.36,3.36,1234,2021-09-14 16:25:00,MDVL
3.35,3.355,3.34,3.355,10539,2021-09-14 16:30:00,MDVL
3.34,3.355,3.34,3.3466,1320,2021-09-14 16:35:00,MDVL
3.355,3.355,3.3,3.33,5594,2021-09-14 16:40:00,MDVL
3.3,3.305,3.3,3.3,3692,2021-09-14 16:45:00,MDVL
3.3027,3.305,3.2601,3.2899,15874,2021-09-14 16:50:00,MDVL
3.2776,3.29,3.2776,3.29,700,2021-09-14 16:55:00,MDVL
3.28,3.29,3.28,3.29,300,2021-09-14 17:00:00,MDVL
3.28,3.286,3.265,3.286,1392,2021-09-14 17:05:00,MDVL
3.3,3.3,3.29,3.3,599,2021-09-14 17:10:00,MDVL
3.31,3.33,3.31,3.33,200,2021-09-14 17:20:00,MDVL
3.32,3.325,3.32,3.325,300,2021-09-14 17:25:00,MDVL
3.33,3.37,3.33,3.37,300,2021-09-14 17:30:00,MDVL
3.34,3.34,3.32,3.33,1936,2021-09-14 17:35:00,MDVL
3.33,3.34,3.33,3.33,479,2021-09-14 17:45:00,MDVL
3.33,3.345,3.33,3.345,200,2021-09-14 17:50:00,MDVL
3.331,3.3315,3.3,3.33,2500,2021-09-14 17:55:00,MDVL
3.31,3.31,3.2969,3.2969,720,2021-09-14 18:00:00,MDVL
3.31,3.31,3.31,3.31,100,2021-09-14 18:05:00,MDVL
3.3,3.3,3.28,3.28,3573,2021-09-14 18:10:00,MDVL
3.29,3.32,3.29,3.29,1000,2021-09-14 18:15:00,MDVL
3.31,3.31,3.3,3.3,300,2021-09-14 18:20:00,MDVL
3.29,3.29,3.29,3.29,100,2021-09-14 18:25:00,MDVL
3.3,3.3,3.24,3.27,19144,2021-09-14 18:30:00,MDVL
3.24,3.28,3.21,3.27,8625,2021-09-14 18:35:00,MDVL
3.241,3.241,3.15,3.18,51985,2021-09-14 18:40:00,MDVL
3.19,3.19,3.164,3.1812,1983,2021-09-14 18:45:00,MDVL
3.174,3.19,3.16,3.17,9788,2021-09-14 18:50:00,MDVL
3.18,3.18,3.16,3.16,1634,2021-09-14 18:55:00,MDVL
3.16,3.17,3.1,3.1328,4538,2021-09-14 19:00:00,MDVL
3.1399,3.18,3.1399,3.17,3430,2021-09-14 19:05:00,MDVL
3.16,3.18,3.1501,3.1764,700,2021-09-14 19:10:00,MDVL
3.16,3.16,3.137,3.16,3736,2021-09-14 19:15:00,MDVL
3.1663,3.1663,3.16,3.16,527,2021-09-14 19:20:00,MDVL
3.16,3.18,3.1386,3.17,3159,2021-09-14 19:25:00,MDVL
3.1776,3.1776,3.14,3.14,2119,2021-09-14 19:30:00,MDVL
3.17,3.17,3.156,3.17,650,2021-09-14 19:35:00,MDVL
3.17,3.18,3.1601,3.18,3610,2021-09-14 19:40:00,MDVL
3.17,3.2,3.17,3.185,11128,2021-09-14 19:45:00,MDVL
3.185,3.205,3.1847,3.205,2986,2021-09-14 19:50:00,MDVL
3.2,3.21,3.17,3.2,14596,2021-09-14 19:55:00,MDVL
3.17,3.17,3.17,3.17,3296,2021-09-14 20:00:00,MDVL
3.19,3.19,3.19,3.19,100,2021-09-14 20:20:00,MDVL
3.19,3.19,3.19,3.19,100,2021-09-14 20:25:00,MDVL
3.18,3.18,3.18,3.18,250,2021-09-14 21:15:00,MDVL
3.17,3.17,3.17,3.17,217,2021-09-14 21:25:00,MDVL
3.2,3.2,3.2,3.2,100,2021-09-14 21:30:00,MDVL
3.21,3.21,3.21,3.21,150,2021-09-14 21:35:00,MDVL
3.2316,3.2316,3.2316,3.2316,100,2021-09-14 21:55:00,MDVL
3.23,3.23,3.23,3.23,100,2021-09-14 22:20:00,MDVL
3.19,3.24,3.19,3.24,5062,2021-09-14 22:45:00,MDVL
3.33,3.33,3.25,3.25,400,2021-09-14 23:45:00,MDVL
3.21,3.25,3.21,3.25,1935,2021-09-15 11:00:00,MDVL
3.25,3.25,3.25,3.25,2168,2021-09-15 11:50:00,MDVL
3.11,3.11,3.07,3.07,545,2021-09-15 12:10:00,MDVL
3.16,3.16,3.16,3.16,118,2021-09-15 12:25:00,MDVL
3.11,3.11,3.11,3.11,430,2021-09-15 12:35:00,MDVL
3.18,3.2,3.1752,3.2,2694,2021-09-15 13:30:00,MDVL
3.2,3.2,3.14,3.14,7424,2021-09-15 13:35:00,MDVL
3.15,3.15,3.14,3.14,471,2021-09-15 13:40:00,MDVL
3.1599,3.16,3.1484,3.16,2990,2021-09-15 13:45:00,MDVL
3.17,3.17,3.11,3.12,6857,2021-09-15 13:50:00,MDVL
3.11,3.16,3.08,3.14,13200,2021-09-15 13:55:00,MDVL
3.135,3.15,3.135,3.15,500,2021-09-15 14:00:00,MDVL
3.155,3.17,3.14,3.15,2255,2021-09-15 14:05:00,MDVL
3.15,3.15,3.12,3.12,300,2021-09-15 14:15:00,MDVL
3.15,3.16,3.15,3.16,700,2021-09-15 14:20:00,MDVL
3.15,3.21,3.15,3.21,5259,2021-09-15 14:25:00,MDVL
3.2,3.21,3.17,3.21,11199,2021-09-15 14:30:00,MDVL
3.21,3.26,3.21,3.24,1500,2021-09-15 14:35:00,MDVL
3.22,3.225,3.2,3.225,2461,2021-09-15 14:40:00,MDVL
3.225,3.24,3.212,3.24,1900,2021-09-15 14:45:00,MDVL
3.235,3.235,3.23,3.23,559,2021-09-15 14:50:00,MDVL
3.21,3.21,3.21,3.21,800,2021-09-15 14:55:00,MDVL
3.22,3.24,3.22,3.23,3300,2021-09-15 15:00:00,MDVL
3.24,3.245,3.2301,3.245,2944,2021-09-15 15:05:00,MDVL
3.245,3.27,3.245,3.27,9259,2021-09-15 15:10:00,MDVL
3.2613,3.27,3.2501,3.27,1818,2021-09-15 15:15:00,MDVL
3.28,3.31,3.25,3.25,1200,2021-09-15 15:20:00,MDVL
3.26,3.26,3.26,3.26,1397,2021-09-15 15:25:00,MDVL
3.26,3.26,3.26,3.26,100,2021-09-15 15:30:00,MDVL
3.26,3.26,3.21,3.21,800,2021-09-15 15:35:00,MDVL
3.225,3.24,3.225,3.24,1000,2021-09-15 15:40:00,MDVL
3.24,3.27,3.22,3.27,2168,2021-09-15 15:45:00,MDVL
3.26,3.26,3.26,3.26,400,2021-09-15 15:50:00,MDVL
3.2304,3.26,3.2304,3.26,689,2021-09-15 15:55:00,MDVL
3.27,3.28,3.24,3.24,800,2021-09-15 16:00:00,MDVL
3.25,3.25,3.25,3.25,400,2021-09-15 16:05:00,MDVL
3.245,3.26,3.21,3.21,1908,2021-09-15 16:10:00,MDVL
3.24,3.24,3.24,3.24,300,2021-09-15 16:15:00,MDVL
3.24,3.24,3.24,3.24,300,2021-09-15 16:20:00,MDVL
3.24,3.24,3.24,3.24,400,2021-09-15 16:25:00,MDVL
3.25,3.25,3.24,3.2401,3627,2021-09-15 16:30:00,MDVL
3.25,3.25,3.25,3.25,200,2021-09-15 16:35:00,MDVL
3.23,3.25,3.23,3.25,10100,2021-09-15 16:40:00,MDVL
3.25,3.25,3.25,3.25,400,2021-09-15 16:45:00,MDVL
3.2419,3.2419,3.22,3.23,2894,2021-09-15 16:50:00,MDVL
3.23,3.25,3.23,3.2409,700,2021-09-15 16:55:00,MDVL
3.25,3.25,3.23,3.23,1109,2021-09-15 17:00:00,MDVL
3.24,3.24,3.24,3.24,200,2021-09-15 17:05:00,MDVL
3.23,3.23,3.21,3.23,1600,2021-09-15 17:10:00,MDVL
3.23,3.23,3.23,3.23,200,2021-09-15 17:15:00,MDVL
3.23,3.23,3.23,3.23,300,2021-09-15 17:20:00,MDVL
3.23,3.23,3.23,3.23,500,2021-09-15 17:25:00,MDVL
3.24,3.24,3.2101,3.2101,483,2021-09-15 17:30:00,MDVL
3.23,3.2311,3.214,3.23,1528,2021-09-15 17:35:00,MDVL
3.24,3.24,3.24,3.24,700,2021-09-15 17:40:00,MDVL
3.24,3.245,3.24,3.245,200,2021-09-15 17:45:00,MDVL
3.25,3.25,3.24,3.24,500,2021-09-15 17:50:00,MDVL
3.23,3.24,3.21,3.24,600,2021-09-15 17:55:00,MDVL
3.24,3.24,3.23,3.24,400,2021-09-15 18:00:00,MDVL
3.23,3.23,3.23,3.23,300,2021-09-15 18:05:00,MDVL
3.225,3.23,3.22,3.22,300,2021-09-15 18:10:00,MDVL
3.23,3.24,3.23,3.24,700,2021-09-15 18:15:00,MDVL
3.24,3.24,3.21,3.23,2758,2021-09-15 18:20:00,MDVL
3.23,3.23,3.23,3.23,100,2021-09-15 18:25:00,MDVL
3.23,3.23,3.22,3.225,300,2021-09-15 18:30:00,MDVL
3.225,3.225,3.22,3.225,300,2021-09-15 18:35:00,MDVL
3.23,3.23,3.22,3.22,1000,2021-09-15 18:40:00,MDVL
3.22,3.22,3.22,3.22,300,2021-09-15 18:45:00,MDVL
3.23,3.23,3.2299,3.2299,500,2021-09-15 18:50:00,MDVL
3.23,3.25,3.23,3.24,2689,2021-09-15 18:55:00,MDVL
3.25,3.25,3.24,3.24,400,2021-09-15 19:00:00,MDVL
3.245,3.25,3.245,3.25,300,2021-09-15 19:05:00,MDVL
3.24,3.25,3.2301,3.25,1681,2021-09-15 19:10:00,MDVL
3.25,3.25,3.2438,3.2438,800,2021-09-15 19:15:00,MDVL
3.25,3.26,3.23,3.25,1796,2021-09-15 19:20:00,MDVL
3.25,3.25,3.25,3.25,100,2021-09-15 19:25:00,MDVL
3.24,3.25,3.2328,3.25,900,2021-09-15 19:30:00,MDVL
3.25,3.255,3.24,3.25,3126,2021-09-15 19:35:00,MDVL
3.25,3.27,3.2401,3.27,2100,2021-09-15 19:40:00,MDVL
3.26,3.27,3.255,3.255,1900,2021-09-15 19:45:00,MDVL
3.26,3.27,3.255,3.27,4000,2021-09-15 19:50:00,MDVL
3.27,3.29,3.26,3.27,10015,2021-09-15 19:55:00,MDVL
3.27,3.27,3.27,3.27,24356,2021-09-15 20:00:00,MDVL
3.33,3.5,3.33,3.4,36162,2021-09-15 20:05:00,MDVL
3.4,3.6,3.35,3.57,20573,2021-09-15 20:10:00,MDVL
3.62,4.06,3.61,3.92,296291,2021-09-15 20:15:00,MDVL
3.94,3.95,3.76,3.89,257807,2021-09-15 20:20:00,MDVL
3.88,4.03,3.79,4.01,181541,2021-09-15 20:25:00,MDVL
4.02,4.17,3.96,4.0,302324,2021-09-15 20:30:00,MDVL
4.0,4.18,3.99,4.08,161987,2021-09-15 20:35:00,MDVL
4.08,4.15,4.06,4.12,88380,2021-09-15 20:40:00,MDVL
4.11,4.15,4.03,4.05,117767,2021-09-15 20:45:00,MDVL
4.05,4.1,4.0,4.01,78070,2021-09-15 20:50:00,MDVL
4.0,4.12,4.0,4.05,83222,2021-09-15 20:55:00,MDVL
4.06,4.08,4.02,4.05,61328,2021-09-15 21:00:00,MDVL
4.05,4.06,4.0,4.04,62466,2021-09-15 21:05:00,MDVL
4.03,4.06,3.97,3.99,41605,2021-09-15 21:10:00,MDVL
4.0,4.01,3.92,3.94,58599,2021-09-15 21:15:00,MDVL
3.94,3.95,3.88,3.9,33408,2021-09-15 21:20:00,MDVL
3.89,3.97,3.88,3.94,36321,2021-09-15 21:25:00,MDVL
3.96,4.0,3.96,3.97,35478,2021-09-15 21:30:00,MDVL
3.98,4.01,3.97,4.0,9719,2021-09-15 21:35:00,MDVL
4.0,4.02,3.96,4.01,49866,2021-09-15 21:40:00,MDVL
3.98,4.0,3.93,3.95,21585,2021-09-15 21:45:00,MDVL
3.94,3.98,3.93,3.97,12848,2021-09-15 21:50:00,MDVL
3.969,3.97,3.93,3.93,17651,2021-09-15 21:55:00,MDVL
3.94,3.97,3.94,3.95,8049,2021-09-15 22:00:00,MDVL
3.95,3.97,3.95,3.97,4001,2021-09-15 22:05:00,MDVL
3.96,3.9601,3.95,3.95,8214,2021-09-15 22:10:00,MDVL
3.95,3.98,3.94,3.94,4994,2021-09-15 22:15:00,MDVL
3.93,3.95,3.91,3.92,6327,2021-09-15 22:20:00,MDVL
3.92,3.99,3.92,3.97,9925,2021-09-15 22:25:00,MDVL
3.99,3.99,3.95,3.96,3742,2021-09-15 22:30:00,MDVL
3.97,3.97,3.96,3.97,9269,2021-09-15 22:35:00,MDVL
3.94,3.97,3.91,3.94,8896,2021-09-15 22:40:00,MDVL
3.97,3.97,3.93,3.93,2065,2021-09-15 22:45:00,MDVL
3.93,3.93,3.92,3.93,2067,2021-09-15 22:50:00,MDVL
3.95,3.95,3.92,3.93,1200,2021-09-15 22:55:00,MDVL
3.93,3.94,3.93,3.94,993,2021-09-15 23:00:00,MDVL
3.95,3.95,3.88,3.92,6708,2021-09-15 23:05:00,MDVL
3.92,3.93,3.92,3.93,4380,2021-09-15 23:10:00,MDVL
3.93,3.93,3.93,3.93,2486,2021-09-15 23:15:00,MDVL
3.93,3.93,3.92,3.93,2180,2021-09-15 23:20:00,MDVL
3.94,4.0,3.94,4.0,5889,2021-09-15 23:25:00,MDVL
3.98,4.0,3.98,3.99,1040,2021-09-15 23:30:00,MDVL
3.99,3.99,3.99,3.99,2432,2021-09-15 23:35:00,MDVL
3.99,4.05,3.98,4.05,10130,2021-09-15 23:40:00,MDVL
4.05,4.05,3.97,3.97,4554,2021-09-15 23:45:00,MDVL
3.96,3.99,3.96,3.97,9989,2021-09-15 23:50:00,MDVL
3.9999,4.0,3.93,3.93,17547,2021-09-15 23:55:00,MDVL
3.88,3.93,3.81,3.84,7444,2021-09-16 08:00:00,MDVL
3.83,3.84,3.7,3.72,16503,2021-09-16 08:05:00,MDVL
3.7,3.77,3.66,3.72,13668,2021-09-16 08:10:00,MDVL
3.7,3.79,3.7,3.75,8821,2021-09-16 08:15:00,MDVL
3.74,3.74,3.72,3.72,832,2021-09-16 08:20:00,MDVL
3.72,3.74,3.71,3.74,1960,2021-09-16 08:25:00,MDVL
3.74,3.75,3.73,3.73,2081,2021-09-16 08:30:00,MDVL
3.72,3.73,3.66,3.66,6932,2021-09-16 08:35:00,MDVL
3.68,3.73,3.66,3.69,7044,2021-09-16 08:40:00,MDVL
3.7,3.82,3.7,3.76,7253,2021-09-16 08:45:00,MDVL
3.76,3.76,3.75,3.76,1778,2021-09-16 08:50:00,MDVL
3.76,3.79,3.72,3.72,2122,2021-09-16 08:55:00,MDVL
3.74,3.84,3.74,3.82,13929,2021-09-16 09:00:00,MDVL
3.8,3.8,3.72,3.72,2225,2021-09-16 09:05:00,MDVL
3.74,3.75,3.74,3.75,300,2021-09-16 09:10:00,MDVL
3.79,3.8,3.79,3.8,200,2021-09-16 09:15:00,MDVL
3.8,3.82,3.74,3.82,3611,2021-09-16 09:20:00,MDVL
3.82,3.82,3.81,3.81,2256,2021-09-16 09:25:00,MDVL
3.82,3.82,3.78,3.78,925,2021-09-16 09:30:00,MDVL
3.81,3.81,3.79,3.79,689,2021-09-16 09:40:00,MDVL
3.79,3.79,3.73,3.73,3100,2021-09-16 09:45:00,MDVL
3.73,3.73,3.71,3.72,3480,2021-09-16 09:50:00,MDVL
3.73,3.73,3.73,3.73,451,2021-09-16 09:55:00,MDVL
3.72,3.72,3.7,3.72,1580,2021-09-16 10:00:00,MDVL
3.7,3.72,3.7,3.72,1800,2021-09-16 10:05:00,MDVL
3.72,3.72,3.69,3.69,800,2021-09-16 10:10:00,MDVL
3.69,3.69,3.69,3.69,300,2021-09-16 10:15:00,MDVL
3.69,3.69,3.66,3.66,1923,2021-09-16 10:20:00,MDVL
3.66,3.66,3.65,3.65,1158,2021-09-16 10:25:00,MDVL
3.67,3.67,3.65,3.66,836,2021-09-16 10:30:00,MDVL
3.65,3.65,3.51,3.54,14347,2021-09-16 10:35:00,MDVL
3.59,3.59,3.54,3.54,1389,2021-09-16 10:40:00,MDVL
3.54,3.59,3.53,3.53,3951,2021-09-16 10:45:00,MDVL
3.6,3.62,3.6,3.62,1503,2021-09-16 10:50:00,MDVL
3.61,3.63,3.61,3.62,5702,2021-09-16 10:55:00,MDVL
3.63,3.75,3.63,3.64,29335,2021-09-16 11:00:00,MDVL
3.65,3.65,3.59,3.63,13297,2021-09-16 11:05:00,MDVL
3.63,3.65,3.62,3.65,2241,2021-09-16 11:10:00,MDVL
3.66,3.68,3.65,3.68,3409,2021-09-16 11:15:00,MDVL
3.67,3.67,3.6,3.6,7132,2021-09-16 11:20:00,MDVL
3.6,3.6,3.58,3.58,6104,2021-09-16 11:25:00,MDVL
3.58,3.58,3.57,3.57,4402,2021-09-16 11:30:00,MDVL
3.57,3.57,3.53,3.53,10079,2021-09-16 11:35:00,MDVL
3.56,3.64,3.56,3.6,15622,2021-09-16 11:40:00,MDVL
3.6,3.68,3.6,3.66,6093,2021-09-16 11:45:00,MDVL
3.67,3.68,3.6,3.6,4137,2021-09-16 11:50:00,MDVL
3.61,3.65,3.61,3.65,200,2021-09-16 11:55:00,MDVL
3.65,3.68,3.53,3.55,15828,2021-09-16 12:00:00,MDVL
3.56,3.63,3.51,3.6,14652,2021-09-16 12:05:00,MDVL
3.57,3.57,3.54,3.56,6408,2021-09-16 12:10:00,MDVL
3.54,3.57,3.54,3.56,2261,2021-09-16 12:15:00,MDVL
3.55,3.57,3.55,3.55,1453,2021-09-16 12:20:00,MDVL
3.57,3.6,3.57,3.6,14120,2021-09-16 12:25:00,MDVL
3.55,3.57,3.51,3.57,10113,2021-09-16 12:30:00,MDVL
3.56,3.6,3.56,3.56,2600,2021-09-16 12:35:00,MDVL
3.53,3.54,3.53,3.54,10631,2021-09-16 12:40:00,MDVL
3.58,3.58,3.57,3.58,1677,2021-09-16 12:45:00,MDVL
3.58,3.58,3.51,3.52,5165,2021-09-16 12:50:00,MDVL
3.52,3.52,3.52,3.52,100,2021-09-16 12:55:00,MDVL
3.52,3.57,3.52,3.52,6836,2021-09-16 13:00:00,MDVL
3.56,3.56,3.52,3.52,450,2021-09-16 13:05:00,MDVL
3.52,3.52,3.52,3.52,1387,2021-09-16 13:10:00,MDVL
3.55,3.56,3.46,3.47,21093,2021-09-16 13:15:00,MDVL
3.49,3.5,3.47,3.49,17529,2021-09-16 13:20:00,MDVL
3.54,3.54,3.43,3.43,22993,2021-09-16 13:25:00,MDVL
3.4913,3.7,3.43,3.5688,217744,2021-09-16 13:30:00,MDVL
3.57,3.74,3.56,3.7197,118444,2021-09-16 13:35:00,MDVL
3.7101,3.86,3.64,3.8,306786,2021-09-16 13:40:00,MDVL
3.79,3.82,3.6727,3.7513,243113,2021-09-16 13:45:00,MDVL
3.7599,3.88,3.72,3.7434,210296,2021-09-16 13:50:00,MDVL
3.74,3.8,3.55,3.6908,167706,2021-09-16 13:55:00,MDVL
3.685,3.6899,3.6,3.636,53645,2021-09-16 14:00:00,MDVL
3.666,3.67,3.6101,3.62,50175,2021-09-16 14:05:00,MDVL
3.62,3.6201,3.5527,3.57,51268,2021-09-16 14:10:00,MDVL
3.5725,3.64,3.57,3.62,19599,2021-09-16 14:15:00,MDVL
3.6199,3.62,3.58,3.59,29126,2021-09-16 14:20:00,MDVL
3.58,3.63,3.58,3.61,13157,2021-09-16 14:25:00,MDVL
3.6201,3.63,3.59,3.5976,19528,2021-09-16 14:30:00,MDVL
3.5995,3.6,3.51,3.52,40940,2021-09-16 14:35:00,MDVL
3.52,3.55,3.47,3.54,61790,2021-09-16 14:40:00,MDVL
3.55,3.575,3.51,3.55,15508,2021-09-16 14:45:00,MDVL
3.53,3.58,3.5101,3.56,10458,2021-09-16 14:50:00,MDVL
3.5637,3.57,3.51,3.51,26039,2021-09-16 14:55:00,MDVL
3.5268,3.5411,3.51,3.54,18756,2021-09-16 15:00:00,MDVL
3.52,3.52,3.45,3.48,23148,2021-09-16 15:05:00,MDVL
3.4701,3.49,3.46,3.4899,11652,2021-09-16 15:10:00,MDVL
3.465,3.47,3.4517,3.47,4945,2021-09-16 15:15:00,MDVL
3.4648,3.5,3.46,3.5,20465,2021-09-16 15:20:00,MDVL
3.49,3.49,3.46,3.48,17965,2021-09-16 15:25:00,MDVL
3.4685,3.49,3.4685,3.48,3547,2021-09-16 15:30:00,MDVL
3.5,3.5,3.46,3.47,8778,2021-09-16 15:35:00,MDVL
3.48,3.48,3.46,3.47,3059,2021-09-16 15:40:00,MDVL
3.46,3.47,3.43,3.43,54690,2021-09-16 15:45:00,MDVL
3.43,3.44,3.35,3.3819,74815,2021-09-16 15:50:00,MDVL
3.39,3.43,3.39,3.415,12646,2021-09-16 15:55:00,MDVL
3.4,3.4364,3.4,3.435,7764,2021-09-16 16:00:00,MDVL
3.4399,3.465,3.39,3.464,35967,2021-09-16 16:05:00,MDVL
3.465,3.49,3.46,3.465,15000,2021-09-16 16:10:00,MDVL
3.465,3.47,3.42,3.46,4500,2021-09-16 16:15:00,MDVL
3.489,3.5,3.48,3.4825,6300,2021-09-16 16:20:00,MDVL
3.47,3.47,3.46,3.47,2591,2021-09-16 16:25:00,MDVL
3.4695,3.47,3.46,3.465,4969,2021-09-16 16:30:00,MDVL
3.4683,3.47,3.4516,3.47,7605,2021-09-16 16:35:00,MDVL
3.465,3.52,3.4627,3.5112,28688,2021-09-16 16:40:00,MDVL
3.52,3.57,3.52,3.52,15192,2021-09-16 16:45:00,MDVL
3.5,3.519,3.4607,3.47,7104,2021-09-16 16:50:00,MDVL
3.48,3.51,3.47,3.51,8768,2021-09-16 16:55:00,MDVL
3.5,3.51,3.5,3.5091,2778,2021-09-16 17:00:00,MDVL
3.5,3.5,3.45,3.47,14172,2021-09-16 17:05:00,MDVL
3.4784,3.4784,3.475,3.4781,1788,2021-09-16 17:10:00,MDVL
3.4785,3.48,3.4785,3.48,1516,2021-09-16 17:15:00,MDVL
3.48,3.5,3.471,3.4801,2688,2021-09-16 17:20:00,MDVL
3.49,3.5,3.49,3.5,1136,2021-09-16 17:25:00,MDVL
3.495,3.4999,3.485,3.49,5806,2021-09-16 17:30:00,MDVL
3.4804,3.49,3.4778,3.4778,4932,2021-09-16 17:35:00,MDVL
3.4789,3.48,3.41,3.4301,16780,2021-09-16 17:40:00,MDVL
3.44,3.46,3.44,3.4578,1854,2021-09-16 17:45:00,MDVL
3.46,3.46,3.43,3.4384,4809,2021-09-16 17:50:00,MDVL
3.4323,3.44,3.4024,3.44,18785,2021-09-16 17:55:00,MDVL
3.43,3.44,3.43,3.44,3150,2021-09-16 18:00:00,MDVL
3.44,3.44,3.41,3.4191,7197,2021-09-16 18:05:00,MDVL
3.4329,3.45,3.43,3.43,2240,2021-09-16 18:10:00,MDVL
3.46,3.46,3.45,3.459,1607,2021-09-16 18:15:00,MDVL
3.46,3.47,3.46,3.465,7280,2021-09-16 18:20:00,MDVL
3.465,3.4684,3.45,3.46,5598,2021-09-16 18:25:00,MDVL
3.475,3.5,3.475,3.5,1630,2021-09-16 18:30:00,MDVL
3.5,3.5,3.47,3.47,2821,2021-09-16 18:35:00,MDVL
3.4762,3.499,3.47,3.47,4391,2021-09-16 18:40:00,MDVL
3.47,3.49,3.47,3.48,3698,2021-09-16 18:45:00,MDVL
3.49,3.54,3.48,3.53,7481,2021-09-16 18:50:00,MDVL
3.53,3.53,3.521,3.521,1976,2021-09-16 18:55:00,MDVL
3.5233,3.55,3.52,3.525,7450,2021-09-16 19:00:00,MDVL
3.53,3.59,3.53,3.59,15285,2021-09-16 19:05:00,MDVL
3.59,3.59,3.55,3.55,8618,2021-09-16 19:10:00,MDVL
3.55,3.57,3.55,3.56,2000,2021-09-16 19:15:00,MDVL
3.561,3.57,3.55,3.56,17013,2021-09-16 19:20:00,MDVL
3.55,3.56,3.54,3.5599,27361,2021-09-16 19:25:00,MDVL
3.56,3.59,3.54,3.58,37211,2021-09-16 19:30:00,MDVL
3.57,3.6,3.57,3.6,37467,2021-09-16 19:35:00,MDVL
3.6189,3.655,3.5964,3.65,26935,2021-09-16 19:40:00,MDVL
3.65,3.65,3.59,3.61,21357,2021-09-16 19:45:00,MDVL
3.62,3.665,3.6,3.65,51209,2021-09-16 19:50:00,MDVL
3.66,3.7,3.65,3.7,58230,2021-09-16 19:55:00,MDVL
3.7,3.728,3.68,3.7,43713,2021-09-16 20:00:00,MDVL
3.7,3.8,3.7,3.79,16526,2021-09-16 20:05:00,MDVL
3.75,3.79,3.75,3.79,702,2021-09-16 20:10:00,MDVL
3.74,3.74,3.74,3.74,250,2021-09-16 20:15:00,MDVL
3.71,3.71,3.71,3.71,590,2021-09-16 20:20:00,MDVL
3.71,3.71,3.7,3.7,1687,2021-09-16 20:25:00,MDVL
3.71,3.71,3.7,3.7,1250,2021-09-16 20:30:00,MDVL
3.66,3.72,3.65,3.72,7614,2021-09-16 20:35:00,MDVL
3.66,3.66,3.66,3.66,355,2021-09-16 20:40:00,MDVL
3.66,3.66,3.66,3.66,475,2021-09-16 21:05:00,MDVL
3.6951,3.6951,3.6951,3.6951,150,2021-09-16 21:10:00,MDVL
3.66,3.66,3.61,3.61,600,2021-09-16 21:15:00,MDVL
3.63,3.63,3.63,3.63,315,2021-09-16 21:35:00,MDVL
3.7,3.7,3.7,3.7,149,2021-09-16 21:40:00,MDVL
3.71,3.72,3.62,3.62,5510,2021-09-16 21:45:00,MDVL
3.62,3.62,3.6,3.6,951,2021-09-16 21:50:00,MDVL
3.55,3.55,3.55,3.55,244,2021-09-16 21:55:00,MDVL
3.55,3.55,3.55,3.55,246,2021-09-16 22:00:00,MDVL
3.6,3.6,3.51,3.51,2184,2021-09-16 22:10:00,MDVL
3.52,3.52,3.52,3.52,733,2021-09-16 22:15:00,MDVL
3.54,3.54,3.54,3.54,653,2021-09-16 23:40:00,MDVL
3.69,3.7,3.69,3.7,728,2021-09-17 08:10:00,MDVL
3.7,3.7,3.7,3.7,973,2021-09-17 08:30:00,MDVL
3.61,3.61,3.61,3.61,142,2021-09-17 08:35:00,MDVL
3.7,3.7,3.7,3.7,300,2021-09-17 08:40:00,MDVL
3.7,3.7,3.7,3.7,377,2021-09-17 08:45:00,MDVL
3.73,3.73,3.73,3.73,500,2021-09-17 09:55:00,MDVL
3.64,3.64,3.64,3.64,145,2021-09-17 11:00:00,MDVL
3.63,3.7,3.63,3.7,1995,2021-09-17 11:10:00,MDVL
3.64,3.64,3.64,3.64,1000,2021-09-17 11:30:00,MDVL
3.66,3.67,3.66,3.67,223,2021-09-17 11:45:00,MDVL
3.64,3.64,3.64,3.64,1000,2021-09-17 11:55:00,MDVL
3.63,3.64,3.63,3.63,4215,2021-09-17 12:00:00,MDVL
3.67,3.67,3.67,3.67,500,2021-09-17 12:05:00,MDVL
3.61,3.62,3.61,3.61,1992,2021-09-17 12:15:00,MDVL
3.6,3.6,3.6,3.6,250,2021-09-17 12:20:00,MDVL
3.62,3.62,3.61,3.61,200,2021-09-17 12:35:00,MDVL
3.62,3.62,3.61,3.61,300,2021-09-17 12:45:00,MDVL
3.58,3.58,3.58,3.58,1600,2021-09-17 12:50:00,MDVL
3.6,3.6,3.58,3.58,500,2021-09-17 13:00:00,MDVL
3.58,3.59,3.56,3.56,1100,2021-09-17 13:05:00,MDVL
3.55,3.58,3.55,3.58,600,2021-09-17 13:10:00,MDVL
3.56,3.5701,3.56,3.57,2130,2021-09-17 13:15:00,MDVL
3.58,3.64,3.57,3.57,2438,2021-09-17 13:25:00,MDVL
3.65,3.65,3.51,3.52,40363,2021-09-17 13:30:00,MDVL
3.52,3.57,3.51,3.5507,18799,2021-09-17 13:35:00,MDVL
3.545,3.6,3.51,3.54,7287,2021-09-17 13:40:00,MDVL
3.56,3.615,3.5401,3.571,8102,2021-09-17 13:45:00,MDVL
3.56,3.57,3.51,3.51,8141,2021-09-17 13:50:00,MDVL
3.505,3.555,3.47,3.555,7835,2021-09-17 13:55:00,MDVL
3.55,3.56,3.51,3.56,5340,2021-09-17 14:00:00,MDVL
3.565,3.57,3.53,3.57,5701,2021-09-17 14:05:00,MDVL
3.54,3.57,3.53,3.54,4043,2021-09-17 14:10:00,MDVL
3.55,3.55,3.48,3.5,5155,2021-09-17 14:15:00,MDVL
3.47,3.5115,3.47,3.5115,3607,2021-09-17 14:20:00,MDVL
3.545,3.545,3.47,3.47,5697,2021-09-17 14:25:00,MDVL
3.4632,3.505,3.46,3.495,9599,2021-09-17 14:30:00,MDVL
3.5037,3.53,3.4872,3.53,1550,2021-09-17 14:35:00,MDVL
3.5263,3.5263,3.4703,3.4703,4833,2021-09-17 14:40:00,MDVL
3.4701,3.49,3.47,3.4701,4978,2021-09-17 14:45:00,MDVL
3.4766,3.48,3.47,3.47,2518,2021-09-17 14:50:00,MDVL
3.48,3.48,3.41,3.41,14203,2021-09-17 14:55:00,MDVL
3.4101,3.47,3.4101,3.47,1163,2021-09-17 15:00:00,MDVL
3.47,3.47,3.435,3.435,2000,2021-09-17 15:05:00,MDVL
3.46,3.46,3.41,3.45,3458,2021-09-17 15:10:00,MDVL
3.44,3.4552,3.43,3.45,7570,2021-09-17 15:15:00,MDVL
3.44,3.4461,3.4101,3.43,6603,2021-09-17 15:20:00,MDVL
3.43,3.43,3.41,3.42,3169,2021-09-17 15:25:00,MDVL
3.43,3.43,3.41,3.43,3357,2021-09-17 15:30:00,MDVL
3.41,3.44,3.41,3.44,2215,2021-09-17 15:35:00,MDVL
3.4662,3.4662,3.44,3.44,1252,2021-09-17 15:40:00,MDVL
3.45,3.45,3.42,3.42,4399,2021-09-17 15:45:00,MDVL
3.43,3.43,3.42,3.42,2588,2021-09-17 15:50:00,MDVL
3.42,3.43,3.42,3.42,1000,2021-09-17 15:55:00,MDVL
3.42,3.42,3.31,3.41,50634,2021-09-17 16:00:00,MDVL
3.4199,3.43,3.41,3.43,5948,2021-09-17 16:05:00,MDVL
3.4294,3.4294,3.4101,3.4101,2600,2021-09-17 16:10:00,MDVL
3.42,3.44,3.42,3.42,4098,2021-09-17 16:15:00,MDVL
3.42,3.4444,3.42,3.4377,2361,2021-09-17 16:20:00,MDVL
3.44,3.48,3.44,3.455,5231,2021-09-17 16:25:00,MDVL
3.455,3.455,3.435,3.45,8000,2021-09-17 16:30:00,MDVL
3.45,3.5,3.45,3.5,4576,2021-09-17 16:35:00,MDVL
3.5,3.52,3.5,3.52,3807,2021-09-17 16:40:00,MDVL
3.5199,3.54,3.517,3.53,6500,2021-09-17 16:45:00,MDVL
3.54,3.54,3.48,3.5,5519,2021-09-17 16:50:00,MDVL
3.5,3.506,3.5,3.5,1405,2021-09-17 16:55:00,MDVL
3.53,3.54,3.52,3.53,707,2021-09-17 17:00:00,MDVL
3.53,3.53,3.52,3.53,608,2021-09-17 17:05:00,MDVL
3.54,3.54,3.51,3.54,3622,2021-09-17 17:10:00,MDVL
3.54,3.54,3.525,3.54,1408,2021-09-17 17:15:00,MDVL
3.54,3.54,3.5,3.51,7626,2021-09-17 17:20:00,MDVL
3.51,3.54,3.501,3.54,1595,2021-09-17 17:25:00,MDVL
3.54,3.54,3.5,3.51,1279,2021-09-17 17:30:00,MDVL
3.5008,3.51,3.47,3.4775,4817,2021-09-17 17:35:00,MDVL
3.49,3.5,3.49,3.5,400,2021-09-17 17:40:00,MDVL
3.5,3.5,3.4919,3.5,480,2021-09-17 17:45:00,MDVL
3.49,3.5,3.4857,3.5,1400,2021-09-17 17:50:00,MDVL
3.5,3.5,3.49,3.49,1409,2021-09-17 17:55:00,MDVL
3.49,3.51,3.49,3.505,2959,2021-09-17 18:00:00,MDVL
3.505,3.505,3.485,3.5,2399,2021-09-17 18:05:00,MDVL
3.49,3.49,3.4859,3.4859,780,2021-09-17 18:10:00,MDVL
3.49,3.49,3.4816,3.485,998,2021-09-17 18:15:00,MDVL
3.48,3.49,3.4739,3.49,4221,2021-09-17 18:20:00,MDVL
3.49,3.49,3.48,3.49,1000,2021-09-17 18:25:00,MDVL
3.49,3.5,3.48,3.495,4894,2021-09-17 18:30:00,MDVL
3.495,3.5,3.495,3.495,1100,2021-09-17 18:35:00,MDVL
3.5,3.51,3.5,3.505,3842,2021-09-17 18:40:00,MDVL
3.52,3.52,3.51,3.51,1100,2021-09-17 18:45:00,MDVL
3.51,3.51,3.495,3.495,1701,2021-09-17 18:50:00,MDVL
3.5025,3.51,3.49,3.49,1572,2021-09-17 18:55:00,MDVL
3.5,3.59,3.5,3.563,33070,2021-09-17 19:00:00,MDVL
3.565,3.57,3.555,3.56,4400,2021-09-17 19:05:00,MDVL
3.56,3.56,3.5401,3.55,760,2021-09-17 19:10:00,MDVL
3.56,3.57,3.55,3.56,3300,2021-09-17 19:15:00,MDVL
3.56,3.57,3.54,3.54,15928,2021-09-17 19:20:00,MDVL
3.535,3.535,3.52,3.525,10962,2021-09-17 19:25:00,MDVL
3.52,3.5299,3.52,3.52,2747,2021-09-17 19:30:00,MDVL
3.53,3.55,3.51,3.51,7994,2021-09-17 19:35:00,MDVL
3.5,3.51,3.5,3.505,7377,2021-09-17 19:40:00,MDVL
3.505,3.51,3.5013,3.51,7321,2021-09-17 19:45:00,MDVL
3.505,3.52,3.5001,3.505,12503,2021-09-17 19:50:00,MDVL
3.5,3.51,3.48,3.48,17997,2021-09-17 19:55:00,MDVL
3.41,3.41,3.41,3.41,185829,2021-09-17 20:00:00,MDVL
3.42,3.42,3.42,3.42,377,2021-09-17 20:10:00,MDVL
3.42,3.44,3.42,3.44,600,2021-09-17 20:55:00,MDVL
3.43,3.43,3.43,3.43,200,2021-09-17 21:15:00,MDVL
3.49,3.49,3.49,3.49,201,2021-09-17 21:20:00,MDVL
3.42,3.42,3.42,3.42,1323,2021-09-17 21:45:00,MDVL
3.4,3.4,3.39,3.39,1545,2021-09-17 21:55:00,MDVL
3.39,3.39,3.39,3.39,980,2021-09-17 22:05:00,MDVL
3.39,3.39,3.39,3.39,500,2021-09-17 22:15:00,MDVL
3.4501,3.4501,3.4501,3.4501,100,2021-09-17 23:20:00,MDVL
3.45,3.45,3.45,3.45,300,2021-09-17 23:50:00,MDVL
3.16,3.16,3.16,3.16,195,2021-09-20 09:15:00,MDVL
3.16,3.16,3.16,3.16,596,2021-09-20 09:40:00,MDVL
3.16,3.16,3.16,3.16,500,2021-09-20 10:00:00,MDVL
3.16,3.16,3.16,3.16,500,2021-09-20 10:25:00,MDVL
3.17,3.17,3.17,3.17,200,2021-09-20 10:30:00,MDVL
3.2,3.31,3.2,3.31,200,2021-09-20 11:00:00,MDVL
3.3,3.3,3.3,3.3,100,2021-09-20 11:10:00,MDVL
3.2,3.2,3.2,3.2,1930,2021-09-20 11:15:00,MDVL
3.23,3.23,3.23,3.23,100,2021-09-20 11:20:00,MDVL
3.25,3.25,3.25,3.25,100,2021-09-20 11:30:00,MDVL
3.24,3.29,3.24,3.29,250,2021-09-20 11:35:00,MDVL
3.24,3.24,3.2,3.2,1708,2021-09-20 11:55:00,MDVL
3.21,3.21,3.21,3.21,300,2021-09-20 12:00:00,MDVL
3.24,3.27,3.24,3.27,350,2021-09-20 12:10:00,MDVL
3.25,3.25,3.25,3.25,300,2021-09-20 12:30:00,MDVL
3.25,3.25,3.25,3.25,125,2021-09-20 12:35:00,MDVL
3.29,3.3,3.29,3.3,5078,2021-09-20 12:40:00,MDVL
3.3,3.3,3.3,3.3,500,2021-09-20 12:45:00,MDVL
3.3,3.3,3.29,3.29,1420,2021-09-20 12:50:00,MDVL
3.3,3.32,3.29,3.29,1160,2021-09-20 13:00:00,MDVL
3.29,3.3,3.29,3.29,935,2021-09-20 13:10:00,MDVL
3.3,3.3,3.3,3.3,100,2021-09-20 13:15:00,MDVL
3.29,3.29,3.29,3.29,425,2021-09-20 13:20:00,MDVL
3.35,3.355,3.3,3.355,16713,2021-09-20 13:30:00,MDVL
3.355,3.355,3.24,3.24,19535,2021-09-20 13:35:00,MDVL
3.24,3.3299,3.24,3.3299,9547,2021-09-20 13:40:00,MDVL
3.3027,3.31,3.29,3.2901,5751,2021-09-20 13:45:00,MDVL
3.2901,3.3,3.27,3.275,10008,2021-09-20 13:50:00,MDVL
3.28,3.29,3.27,3.275,1827,2021-09-20 13:55:00,MDVL
3.27,3.275,3.255,3.2584,1726,2021-09-20 14:00:00,MDVL
3.2588,3.2601,3.2588,3.2601,1850,2021-09-20 14:05:00,MDVL
3.2689,3.2689,3.2689,3.2689,200,2021-09-20 14:10:00,MDVL
3.26,3.27,3.26,3.26,2125,2021-09-20 14:15:00,MDVL
3.27,3.27,3.26,3.26,3195,2021-09-20 14:20:00,MDVL
3.25,3.25,3.22,3.2201,4758,2021-09-20 14:25:00,MDVL
3.2365,3.2434,3.22,3.22,3808,2021-09-20 14:30:00,MDVL
3.22,3.261,3.22,3.26,15068,2021-09-20 14:35:00,MDVL
3.26,3.266,3.26,3.266,1100,2021-09-20 14:40:00,MDVL
3.26,3.27,3.26,3.27,1372,2021-09-20 14:45:00,MDVL
3.27,3.28,3.27,3.28,1529,2021-09-20 14:50:00,MDVL
3.2715,3.2715,3.2715,3.2715,300,2021-09-20 14:55:00,MDVL
3.279,3.28,3.27,3.27,1513,2021-09-20 15:00:00,MDVL
3.2726,3.32,3.2726,3.32,1127,2021-09-20 15:05:00,MDVL
3.3,3.31,3.3,3.31,1500,2021-09-20 15:15:00,MDVL
3.3036,3.3036,3.29,3.29,900,2021-09-20 15:20:00,MDVL
3.285,3.29,3.285,3.29,1615,2021-09-20 15:25:00,MDVL
3.285,3.29,3.285,3.29,247,2021-09-20 15:30:00,MDVL
3.2978,3.2978,3.2978,3.2978,200,2021-09-20 15:35:00,MDVL
3.285,3.285,3.2712,3.2712,445,2021-09-20 15:45:00,MDVL
3.27,3.2799,3.27,3.27,2581,2021-09-20 15:50:00,MDVL
3.2601,3.2601,3.2601,3.2601,111,2021-09-20 16:00:00,MDVL
3.26,3.265,3.26,3.265,2479,2021-09-20 16:05:00,MDVL
3.255,3.255,3.255,3.255,100,2021-09-20 16:10:00,MDVL
3.25,3.255,3.25,3.255,300,2021-09-20 16:15:00,MDVL
3.2518,3.26,3.251,3.255,1750,2021-09-20 16:20:00,MDVL
3.255,3.255,3.235,3.235,4784,2021-09-20 16:25:00,MDVL
3.2305,3.2305,3.2305,3.2305,950,2021-09-20 16:30:00,MDVL
3.235,3.25,3.2306,3.245,6855,2021-09-20 16:35:00,MDVL
3.245,3.245,3.245,3.245,400,2021-09-20 16:40:00,MDVL
3.245,3.245,3.21,3.2399,19925,2021-09-20 16:45:00,MDVL
3.245,3.25,3.24,3.24,1887,2021-09-20 16:50:00,MDVL
3.245,3.245,3.245,3.245,700,2021-09-20 16:55:00,MDVL
3.23,3.24,3.23,3.24,868,2021-09-20 17:00:00,MDVL
3.235,3.235,3.235,3.235,100,2021-09-20 17:05:00,MDVL
3.2308,3.25,3.2308,3.25,3541,2021-09-20 17:10:00,MDVL
3.24,3.24,3.24,3.24,2500,2021-09-20 17:15:00,MDVL
3.24,3.24,3.24,3.24,1000,2021-09-20 17:20:00,MDVL
3.24,3.2573,3.24,3.2573,200,2021-09-20 17:25:00,MDVL
3.25,3.25,3.25,3.25,1070,2021-09-20 17:30:00,MDVL
3.26,3.26,3.26,3.26,916,2021-09-20 17:35:00,MDVL
3.28,3.2809,3.28,3.28,1500,2021-09-20 17:40:00,MDVL
3.2879,3.3,3.2879,3.29,1864,2021-09-20 17:45:00,MDVL
3.29,3.33,3.29,3.33,5502,2021-09-20 17:50:00,MDVL
3.32,3.32,3.3,3.3,850,2021-09-20 17:55:00,MDVL
3.29,3.29,3.27,3.27,344,2021-09-20 18:05:00,MDVL
3.265,3.265,3.265,3.265,430,2021-09-20 18:10:00,MDVL
3.2401,3.2401,3.2401,3.2401,2000,2021-09-20 18:15:00,MDVL
3.23,3.23,3.21,3.2151,2564,2021-09-20 18:30:00,MDVL
3.21,3.21,3.2001,3.2001,2010,2021-09-20 18:35:00,MDVL
3.21,3.21,3.2,3.21,2209,2021-09-20 18:40:00,MDVL
3.2096,3.21,3.2007,3.2007,1144,2021-09-20 18:45:00,MDVL
3.2001,3.2015,3.2001,3.2011,888,2021-09-20 18:50:00,MDVL
3.21,3.21,3.2,3.2099,7154,2021-09-20 18:55:00,MDVL
3.205,3.205,3.205,3.205,100,2021-09-20 19:00:00,MDVL
3.2001,3.2099,3.2001,3.2099,550,2021-09-20 19:05:00,MDVL
3.2,3.2,3.2,3.2,100,2021-09-20 19:10:00,MDVL
3.2,3.2099,3.2,3.2085,2089,2021-09-20 19:15:00,MDVL
3.2,3.21,3.1673,3.1673,6245,2021-09-20 19:20:00,MDVL
3.167,3.167,3.12,3.15,24337,2021-09-20 19:25:00,MDVL
3.155,3.2,3.155,3.18,14854,2021-09-20 19:30:00,MDVL
3.2,3.2017,3.2,3.2,1515,2021-09-20 19:35:00,MDVL
3.195,3.195,3.18,3.185,6764,2021-09-20 19:40:00,MDVL
3.19,3.19,3.185,3.19,3600,2021-09-20 19:45:00,MDVL
3.19,3.2,3.1801,3.2,6260,2021-09-20 19:50:00,MDVL
3.19,3.2,3.18,3.18,3937,2021-09-20 19:55:00,MDVL
3.19,3.19,3.16,3.16,45602,2021-09-20 20:00:00,MDVL
3.15,3.15,3.15,3.15,100,2021-09-20 20:05:00,MDVL
3.16,3.16,3.16,3.16,100,2021-09-20 20:40:00,MDVL
3.16,3.16,3.16,3.16,200,2021-09-20 20:50:00,MDVL
3.16,3.16,3.16,3.16,2714,2021-09-20 21:35:00,MDVL
3.15,3.15,3.15,3.15,507,2021-09-20 21:45:00,MDVL
3.17,3.17,3.17,3.17,2000,2021-09-20 23:50:00,MDVL
3.2,3.2,3.2,3.2,100,2021-09-21 10:50:00,MDVL
3.21,3.21,3.21,3.21,587,2021-09-21 12:55:00,MDVL
3.21,3.24,3.2,3.2,4440,2021-09-21 13:30:00,MDVL
3.24,3.2599,3.24,3.25,748,2021-09-21 13:35:00,MDVL
3.2596,3.2596,3.2573,3.2573,2000,2021-09-21 13:40:00,MDVL
3.2425,3.2425,3.22,3.225,1200,2021-09-21 13:45:00,MDVL
3.24,3.24,3.15,3.185,13829,2021-09-21 13:50:00,MDVL
3.18,3.18,3.17,3.17,4100,2021-09-21 13:55:00,MDVL
3.16,3.162,3.08,3.09,43349,2021-09-21 14:00:00,MDVL
3.1,3.13,3.09,3.12,41446,2021-09-21 14:05:00,MDVL
3.11,3.15,3.1098,3.12,9589,2021-09-21 14:10:00,MDVL
3.1214,3.13,3.08,3.0899,17884,2021-09-21 14:15:00,MDVL
3.1,3.1,3.085,3.085,2990,2021-09-21 14:20:00,MDVL
3.0851,3.09,3.07,3.09,5979,2021-09-21 14:25:00,MDVL
3.09,3.12,3.075,3.12,10340,2021-09-21 14:30:00,MDVL
3.1,3.11,3.1,3.105,2971,2021-09-21 14:35:00,MDVL
3.105,3.115,3.105,3.115,2913,2021-09-21 14:40:00,MDVL
3.1185,3.1186,3.099,3.105,5263,2021-09-21 14:45:00,MDVL
3.11,3.1184,3.1,3.11,2629,2021-09-21 14:50:00,MDVL
3.11,3.11,3.06,3.061,8130,2021-09-21 14:55:00,MDVL
3.0829,3.0869,3.0646,3.0701,1640,2021-09-21 15:00:00,MDVL
3.09,3.09,3.08,3.09,300,2021-09-21 15:05:00,MDVL
3.1,3.11,3.1,3.1,500,2021-09-21 15:10:00,MDVL
3.09,3.09,3.08,3.08,1100,2021-09-21 15:15:00,MDVL
3.08,3.08,3.08,3.08,100,2021-09-21 15:20:00,MDVL
3.0895,3.0895,3.0895,3.0895,1347,2021-09-21 15:25:00,MDVL
3.085,3.13,3.085,3.12,31380,2021-09-21 15:30:00,MDVL
3.1458,3.1458,3.1458,3.1458,1018,2021-09-21 15:35:00,MDVL
3.13,3.14,3.13,3.13,2000,2021-09-21 15:40:00,MDVL
3.13,3.1538,3.13,3.1538,1200,2021-09-21 15:45:00,MDVL
3.15,3.1514,3.11,3.1101,10177,2021-09-21 15:50:00,MDVL
3.14,3.14,3.1,3.1,3249,2021-09-21 15:55:00,MDVL
3.1159,3.1164,3.1159,3.1164,1049,2021-09-21 16:00:00,MDVL
3.135,3.14,3.1336,3.1336,400,2021-09-21 16:05:00,MDVL
3.1306,3.1306,3.13,3.13,200,2021-09-21 16:15:00,MDVL
3.1399,3.1399,3.1368,3.1368,1892,2021-09-21 16:25:00,MDVL
3.12,3.12,3.11,3.11,700,2021-09-21 16:30:00,MDVL
3.13,3.13,3.12,3.12,200,2021-09-21 16:35:00,MDVL
3.11,3.11,3.09,3.09,9049,2021-09-21 16:40:00,MDVL
3.1,3.11,3.09,3.1053,1311,2021-09-21 16:45:00,MDVL
3.1,3.1058,3.1,3.1058,200,2021-09-21 16:50:00,MDVL
3.11,3.11,3.11,3.11,200,2021-09-21 16:55:00,MDVL
3.1,3.12,3.1,3.12,200,2021-09-21 17:00:00,MDVL
3.1,3.105,3.1,3.105,522,2021-09-21 17:05:00,MDVL
3.09,3.09,3.09,3.09,100,2021-09-21 17:10:00,MDVL
3.09,3.11,3.09,3.11,335,2021-09-21 17:15:00,MDVL
3.1,3.1,3.08,3.09,6340,2021-09-21 17:20:00,MDVL
3.08,3.11,3.08,3.1,14700,2021-09-21 17:25:00,MDVL
3.09,3.09,3.09,3.09,100,2021-09-21 17:30:00,MDVL
3.09,3.09,3.09,3.09,200,2021-09-21 17:35:00,MDVL
3.09,3.1,3.0801,3.09,2296,2021-09-21 17:40:00,MDVL
3.1,3.105,3.095,3.095,1100,2021-09-21 17:50:00,MDVL
3.095,3.095,3.095,3.095,100,2021-09-21 17:55:00,MDVL
3.1,3.11,3.1,3.11,600,2021-09-21 18:00:00,MDVL
3.11,3.12,3.11,3.12,400,2021-09-21 18:05:00,MDVL
3.12,3.15,3.115,3.1278,7370,2021-09-21 18:10:00,MDVL
3.13,3.145,3.13,3.145,2793,2021-09-21 18:15:00,MDVL
3.1416,3.1478,3.1416,3.1478,1075,2021-09-21 18:20:00,MDVL
3.1301,3.15,3.1301,3.14,3100,2021-09-21 18:25:00,MDVL
3.14,3.18,3.1301,3.18,12669,2021-09-21 18:30:00,MDVL
3.1501,3.1601,3.15,3.15,3320,2021-09-21 18:35:00,MDVL
3.16,3.17,3.16,3.16,800,2021-09-21 18:40:00,MDVL
3.1644,3.1644,3.1644,3.1644,464,2021-09-21 18:45:00,MDVL
3.16,3.18,3.16,3.17,800,2021-09-21 18:50:00,MDVL
3.1618,3.1618,3.1618,3.1618,500,2021-09-21 18:55:00,MDVL
3.17,3.18,3.16,3.17,898,2021-09-21 19:05:00,MDVL
3.17,3.17,3.17,3.17,200,2021-09-21 19:10:00,MDVL
3.17,3.19,3.17,3.19,2290,2021-09-21 19:15:00,MDVL
3.18,3.19,3.18,3.185,2689,2021-09-21 19:20:00,MDVL
3.18,3.19,3.18,3.185,1305,2021-09-21 19:25:00,MDVL
3.19,3.2098,3.19,3.19,2198,2021-09-21 19:30:00,MDVL
3.2,3.21,3.2,3.2,500,2021-09-21 19:35:00,MDVL
3.2,3.23,3.2,3.22,3421,2021-09-21 19:40:00,MDVL
3.23,3.26,3.22,3.26,39538,2021-09-21 19:45:00,MDVL
3.26,3.3096,3.25,3.3096,7042,2021-09-21 19:50:00,MDVL
3.295,3.31,3.27,3.29,27004,2021-09-21 19:55:00,MDVL
3.29,3.29,3.29,3.29,33467,2021-09-21 20:00:00,MDVL
3.3,3.3,3.3,3.3,200,2021-09-21 20:20:00,MDVL
3.3,3.3,3.3,3.3,500,2021-09-21 20:25:00,MDVL
3.37,3.37,3.37,3.37,308,2021-09-21 21:00:00,MDVL
3.28,3.28,3.28,3.28,200,2021-09-21 21:15:00,MDVL
3.2,3.2,3.2,3.2,157,2021-09-21 22:40:00,MDVL
3.18,3.18,3.18,3.18,944,2021-09-21 23:10:00,MDVL
3.32,3.32,3.32,3.32,200,2021-09-22 10:50:00,MDVL
3.31,3.31,3.31,3.31,500,2021-09-22 11:30:00,MDVL
3.3,3.3,3.3,3.3,176,2021-09-22 12:15:00,MDVL
3.32,3.32,3.32,3.32,338,2021-09-22 13:25:00,MDVL
3.29,3.3,3.2531,3.265,3901,2021-09-22 13:30:00,MDVL
3.28,3.29,3.2646,3.29,614,2021-09-22 13:35:00,MDVL
3.2654,3.28,3.26,3.28,2375,2021-09-22 13:40:00,MDVL
3.26,3.2934,3.26,3.2934,1143,2021-09-22 13:45:00,MDVL
3.28,3.3099,3.28,3.29,3491,2021-09-22 13:50:00,MDVL
3.28,3.2878,3.28,3.2878,350,2021-09-22 14:00:00,MDVL
3.3193,3.3193,3.29,3.29,1613,2021-09-22 14:05:00,MDVL
3.2801,3.301,3.2801,3.301,821,2021-09-22 14:10:00,MDVL
3.3091,3.31,3.3013,3.31,563,2021-09-22 14:15:00,MDVL
3.32,3.33,3.3,3.3,2494,2021-09-22 14:20:00,MDVL
3.3,3.3027,3.29,3.29,1022,2021-09-22 14:25:00,MDVL
3.2794,3.2794,3.2794,3.2794,640,2021-09-22 14:35:00,MDVL
3.3,3.3,3.28,3.28,700,2021-09-22 14:40:00,MDVL
3.28,3.2817,3.27,3.27,2379,2021-09-22 14:45:00,MDVL
3.27,3.27,3.245,3.26,1284,2021-09-22 14:50:00,MDVL
3.2601,3.2601,3.2601,3.2601,500,2021-09-22 14:55:00,MDVL
3.27,3.2701,3.25,3.25,577,2021-09-22 15:00:00,MDVL
3.2599,3.27,3.2599,3.26,3534,2021-09-22 15:05:00,MDVL
3.27,3.27,3.27,3.27,1024,2021-09-22 15:10:00,MDVL
3.27,3.3,3.25,3.3,4714,2021-09-22 15:15:00,MDVL
3.3,3.31,3.3,3.31,200,2021-09-22 15:20:00,MDVL
3.2927,3.3,3.26,3.2676,1400,2021-09-22 15:25:00,MDVL
3.29,3.29,3.29,3.29,100,2021-09-22 15:30:00,MDVL
3.28,3.28,3.28,3.28,100,2021-09-22 15:35:00,MDVL
3.285,3.29,3.285,3.29,1073,2021-09-22 15:40:00,MDVL
3.2878,3.2878,3.28,3.28,690,2021-09-22 15:45:00,MDVL
3.28,3.288,3.28,3.288,200,2021-09-22 15:50:00,MDVL
3.28,3.2816,3.27,3.27,1961,2021-09-22 15:55:00,MDVL
3.2672,3.2672,3.25,3.265,700,2021-09-22 16:00:00,MDVL
3.26,3.26,3.26,3.26,100,2021-09-22 16:05:00,MDVL
3.2846,3.2846,3.2846,3.2846,230,2021-09-22 16:15:00,MDVL
3.2672,3.2672,3.2672,3.2672,100,2021-09-22 16:20:00,MDVL
3.27,3.275,3.27,3.275,980,2021-09-22 16:25:00,MDVL
3.27,3.2781,3.27,3.2781,1100,2021-09-22 16:30:00,MDVL
3.27,3.27,3.27,3.27,1000,2021-09-22 16:35:00,MDVL
3.26,3.26,3.26,3.26,100,2021-09-22 16:40:00,MDVL
3.26,3.2604,3.24,3.2409,5071,2021-09-22 16:45:00,MDVL
3.2654,3.2654,3.26,3.26,325,2021-09-22 17:00:00,MDVL
3.28,3.28,3.27,3.28,700,2021-09-22 17:05:00,MDVL
3.26,3.26,3.255,3.255,1200,2021-09-22 17:10:00,MDVL
3.25,3.25,3.25,3.25,100,2021-09-22 17:15:00,MDVL
3.25,3.2577,3.25,3.2577,562,2021-09-22 17:25:00,MDVL
3.2427,3.25,3.2427,3.25,1851,2021-09-22 17:30:00,MDVL
3.25,3.25,3.25,3.25,300,2021-09-22 17:40:00,MDVL
3.24,3.2476,3.23,3.23,563,2021-09-22 17:45:00,MDVL
3.235,3.235,3.23,3.23,1093,2021-09-22 17:50:00,MDVL
3.21,3.27,3.21,3.27,1487,2021-09-22 17:55:00,MDVL
3.28,3.29,3.24,3.24,500,2021-09-22 18:00:00,MDVL
3.29,3.29,3.26,3.26,500,2021-09-22 18:10:00,MDVL
3.26,3.26,3.26,3.26,100,2021-09-22 18:20:00,MDVL
3.28,3.28,3.25,3.25,1861,2021-09-22 18:25:00,MDVL
3.25,3.25,3.25,3.25,100,2021-09-22 18:30:00,MDVL
3.27,3.27,3.26,3.26,400,2021-09-22 18:35:00,MDVL
3.25,3.25,3.25,3.25,600,2021-09-22 18:40:00,MDVL
3.25,3.25,3.23,3.2301,2980,2021-09-22 18:45:00,MDVL
3.22,3.23,3.22,3.23,800,2021-09-22 18:50:00,MDVL
3.23,3.23,3.22,3.2268,1200,2021-09-22 18:55:00,MDVL
3.23,3.23,3.22,3.22,900,2021-09-22 19:00:00,MDVL
3.22,3.24,3.22,3.24,200,2021-09-22 19:10:00,MDVL
3.22,3.23,3.21,3.23,1500,2021-09-22 19:25:00,MDVL
3.23,3.2341,3.23,3.23,1950,2021-09-22 19:30:00,MDVL
3.22,3.23,3.22,3.22,2133,2021-09-22 19:35:00,MDVL
3.2192,3.22,3.205,3.21,4245,2021-09-22 19:40:00,MDVL
3.21,3.21,3.17,3.185,5571,2021-09-22 19:45:00,MDVL
3.185,3.21,3.1813,3.2,2890,2021-09-22 19:50:00,MDVL
3.2,3.2,3.175,3.19,10478,2021-09-22 19:55:00,MDVL
3.19,3.19,3.19,3.19,6662,2021-09-22 20:00:00,MDVL
3.2,3.2,3.2,3.2,150,2021-09-22 20:05:00,MDVL
3.24,3.24,3.24,3.24,300,2021-09-22 21:10:00,MDVL
3.23,3.23,3.23,3.23,591,2021-09-22 23:35:00,MDVL
3.16,3.16,3.15,3.16,1100,2021-09-23 09:10:00,MDVL
3.2,3.2,3.2,3.2,400,2021-09-23 11:45:00,MDVL
3.17,3.17,3.17,3.17,255,2021-09-23 12:20:00,MDVL
3.19,3.2999,3.19,3.2999,13599,2021-09-23 13:30:00,MDVL
3.23,3.2318,3.22,3.2318,4704,2021-09-23 13:35:00,MDVL
3.24,3.25,3.225,3.25,6999,2021-09-23 13:40:00,MDVL
3.27,3.3,3.27,3.2905,3100,2021-09-23 13:45:00,MDVL
3.2909,3.3,3.28,3.28,4529,2021-09-23 13:50:00,MDVL
3.28,3.28,3.25,3.25,10741,2021-09-23 14:00:00,MDVL
3.24,3.27,3.24,3.25,1300,2021-09-23 14:05:00,MDVL
3.2499,3.2499,3.24,3.24,8500,2021-09-23 14:10:00,MDVL
3.245,3.26,3.245,3.26,600,2021-09-23 14:15:00,MDVL
3.26,3.26,3.2,3.2,3421,2021-09-23 14:20:00,MDVL
3.2,3.23,3.2,3.21,717,2021-09-23 14:25:00,MDVL
3.21,3.21,3.21,3.21,100,2021-09-23 14:30:00,MDVL
3.23,3.24,3.22,3.22,500,2021-09-23 14:35:00,MDVL
3.23,3.23,3.2,3.2,900,2021-09-23 14:40:00,MDVL
3.21,3.21,3.21,3.21,100,2021-09-23 14:45:00,MDVL
3.21,3.21,3.21,3.21,200,2021-09-23 14:50:00,MDVL
3.21,3.225,3.2,3.225,869,2021-09-23 14:55:00,MDVL
3.24,3.24,3.23,3.23,1310,2021-09-23 15:00:00,MDVL
3.23,3.25,3.23,3.25,200,2021-09-23 15:05:00,MDVL
3.23,3.23,3.225,3.23,1000,2021-09-23 15:10:00,MDVL
3.2399,3.2399,3.2399,3.2399,200,2021-09-23 15:15:00,MDVL
3.22,3.24,3.22,3.24,400,2021-09-23 15:20:00,MDVL
3.22,3.22,3.215,3.22,15524,2021-09-23 15:25:00,MDVL
3.23,3.23,3.22,3.22,200,2021-09-23 15:30:00,MDVL
3.26,3.26,3.2514,3.26,400,2021-09-23 15:35:00,MDVL
3.28,3.28,3.26,3.28,600,2021-09-23 15:40:00,MDVL
3.28,3.28,3.25,3.27,637,2021-09-23 15:45:00,MDVL
3.27,3.28,3.27,3.28,200,2021-09-23 15:50:00,MDVL
3.27,3.29,3.27,3.275,1363,2021-09-23 15:55:00,MDVL
3.27,3.27,3.25,3.255,819,2021-09-23 16:00:00,MDVL
3.25,3.25,3.24,3.24,551,2021-09-23 16:05:00,MDVL
3.24,3.24,3.23,3.235,800,2021-09-23 16:10:00,MDVL
3.23,3.23,3.23,3.23,100,2021-09-23 16:15:00,MDVL
3.23,3.23,3.23,3.23,100,2021-09-23 16:20:00,MDVL
3.27,3.27,3.27,3.27,100,2021-09-23 16:25:00,MDVL
3.26,3.26,3.26,3.26,900,2021-09-23 16:30:00,MDVL
3.26,3.28,3.26,3.28,2549,2021-09-23 16:35:00,MDVL
3.29,3.29,3.28,3.28,793,2021-09-23 16:40:00,MDVL
3.2777,3.2777,3.2712,3.2712,495,2021-09-23 16:45:00,MDVL
3.28,3.29,3.28,3.29,932,2021-09-23 16:50:00,MDVL
3.3,3.3,3.26,3.27,1100,2021-09-23 16:55:00,MDVL
3.2736,3.2736,3.2736,3.2736,198,2021-09-23 17:05:00,MDVL
3.2818,3.2818,3.25,3.25,4766,2021-09-23 17:10:00,MDVL
3.26,3.28,3.25,3.28,1200,2021-09-23 17:15:00,MDVL
3.28,3.3,3.28,3.3,1232,2021-09-23 17:20:00,MDVL
3.299,3.41,3.299,3.35,56956,2021-09-23 17:25:00,MDVL
3.38,3.43,3.3501,3.3999,33286,2021-09-23 17:30:00,MDVL
3.39,3.46,3.39,3.43,11084,2021-09-23 17:35:00,MDVL
3.43,3.44,3.42,3.44,6839,2021-09-23 17:40:00,MDVL
3.435,3.4525,3.38,3.4,16949,2021-09-23 17:45:00,MDVL
3.395,3.395,3.38,3.3801,300,2021-09-23 17:50:00,MDVL
3.38,3.4136,3.38,3.41,2050,2021-09-23 17:55:00,MDVL
3.4,3.4,3.38,3.3801,4400,2021-09-23 18:00:00,MDVL
3.38,3.38,3.3,3.3437,20481,2021-09-23 18:05:00,MDVL
3.3499,3.3499,3.3499,3.3499,100,2021-09-23 18:10:00,MDVL
3.32,3.36,3.32,3.36,1000,2021-09-23 18:15:00,MDVL
3.35,3.41,3.35,3.38,3789,2021-09-23 18:20:00,MDVL
3.3601,3.368,3.36,3.36,9425,2021-09-23 18:25:00,MDVL
3.36,3.36,3.35,3.35,1050,2021-09-23 18:30:00,MDVL
3.35,3.35,3.34,3.34,934,2021-09-23 18:40:00,MDVL
3.3427,3.3427,3.34,3.34,800,2021-09-23 18:45:00,MDVL
3.32,3.33,3.32,3.33,600,2021-09-23 18:50:00,MDVL
3.33,3.33,3.31,3.33,1459,2021-09-23 18:55:00,MDVL
3.32,3.33,3.3101,3.33,500,2021-09-23 19:00:00,MDVL
3.32,3.36,3.32,3.34,1806,2021-09-23 19:05:00,MDVL
3.34,3.34,3.34,3.34,100,2021-09-23 19:10:00,MDVL
3.3428,3.35,3.34,3.35,1430,2021-09-23 19:15:00,MDVL
3.33,3.34,3.33,3.3305,1100,2021-09-23 19:20:00,MDVL
3.32,3.32,3.305,3.305,4123,2021-09-23 19:25:00,MDVL
3.31,3.31,3.27,3.29,5126,2021-09-23 19:30:00,MDVL
3.2975,3.35,3.2975,3.3299,7516,2021-09-23 19:35:00,MDVL
3.33,3.33,3.31,3.315,500,2021-09-23 19:40:00,MDVL
3.31,3.31,3.3,3.3027,2826,2021-09-23 19:45:00,MDVL
3.285,3.305,3.285,3.29,1950,2021-09-23 19:50:00,MDVL
3.3,3.33,3.3,3.33,7144,2021-09-23 19:55:00,MDVL
3.3,3.3,3.3,3.3,8336,2021-09-23 20:00:00,MDVL
3.35,3.35,3.35,3.35,150,2021-09-23 20:20:00,MDVL
3.31,3.31,3.31,3.31,277,2021-09-23 20:55:00,MDVL
3.3,3.3,3.3,3.3,361,2021-09-23 21:15:00,MDVL
3.27,3.27,3.27,3.27,350,2021-09-23 22:30:00,MDVL
3.21,3.21,3.21,3.21,1896,2021-09-24 08:10:00,MDVL
3.34,3.34,3.34,3.34,100,2021-09-24 11:00:00,MDVL
3.44,3.48,3.44,3.48,400,2021-09-24 12:40:00,MDVL
3.27,3.27,3.27,3.27,322,2021-09-24 13:10:00,MDVL
3.22,3.22,3.2,3.2,2865,2021-09-24 13:15:00,MDVL
3.25,3.25,3.25,3.25,3298,2021-09-24 13:30:00,MDVL
3.3053,3.3053,3.3053,3.3053,100,2021-09-24 13:35:00,MDVL
3.2683,3.2683,3.2683,3.2683,100,2021-09-24 13:40:00,MDVL
3.26,3.26,3.2189,3.23,2709,2021-09-24 13:45:00,MDVL
3.2499,3.2499,3.235,3.235,500,2021-09-24 13:50:00,MDVL
3.21,3.21,3.21,3.21,100,2021-09-24 13:55:00,MDVL
3.2101,3.2423,3.21,3.2381,2750,2021-09-24 14:00:00,MDVL
3.2201,3.2201,3.2201,3.2201,7000,2021-09-24 14:05:00,MDVL
3.23,3.23,3.2,3.2,3784,2021-09-24 14:10:00,MDVL
3.192,3.2,3.192,3.2,1372,2021-09-24 14:15:00,MDVL
3.1902,3.1986,3.14,3.16,34014,2021-09-24 14:20:00,MDVL
3.1642,3.1899,3.16,3.18,8025,2021-09-24 14:25:00,MDVL
3.19,3.19,3.1864,3.1864,300,2021-09-24 14:30:00,MDVL
3.18,3.18,3.17,3.17,475,2021-09-24 14:35:00,MDVL
3.1789,3.1899,3.1479,3.1726,5648,2021-09-24 14:40:00,MDVL
3.165,3.17,3.16,3.16,350,2021-09-24 14:45:00,MDVL
3.18,3.19,3.17,3.19,5357,2021-09-24 14:50:00,MDVL
3.21,3.21,3.21,3.21,180,2021-09-24 14:55:00,MDVL
3.17,3.17,3.17,3.17,200,2021-09-24 15:10:00,MDVL
3.1799,3.18,3.16,3.18,5191,2021-09-24 15:15:00,MDVL
3.19,3.19,3.19,3.19,300,2021-09-24 15:20:00,MDVL
3.19,3.19,3.19,3.19,168,2021-09-24 15:25:00,MDVL
3.2,3.2,3.1968,3.1968,750,2021-09-24 15:30:00,MDVL
3.19,3.19,3.19,3.19,200,2021-09-24 15:40:00,MDVL
3.1964,3.1976,3.1964,3.1976,500,2021-09-24 15:45:00,MDVL
3.19,3.19,3.19,3.19,100,2021-09-24 15:50:00,MDVL
3.198,3.198,3.198,3.198,1500,2021-09-24 15:55:00,MDVL
3.22,3.22,3.2169,3.2169,2105,2021-09-24 16:00:00,MDVL
3.215,3.22,3.21,3.21,4237,2021-09-24 16:05:00,MDVL
3.21,3.21,3.21,3.21,100,2021-09-24 16:10:00,MDVL
3.21,3.21,3.21,3.21,200,2021-09-24 16:15:00,MDVL
3.19,3.19,3.19,3.19,1050,2021-09-24 16:20:00,MDVL
3.195,3.195,3.19,3.1905,700,2021-09-24 16:25:00,MDVL
3.2,3.2,3.18,3.19,4654,2021-09-24 16:30:00,MDVL
3.2,3.2,3.1901,3.1901,500,2021-09-24 16:50:00,MDVL
3.1879,3.1879,3.1879,3.1879,155,2021-09-24 16:55:00,MDVL
3.2,3.2,3.2,3.2,200,2021-09-24 17:00:00,MDVL
3.18,3.19,3.18,3.19,500,2021-09-24 17:15:00,MDVL
3.18,3.18,3.17,3.17,10254,2021-09-24 17:30:00,MDVL
3.167,3.167,3.1634,3.1634,257,2021-09-24 17:35:00,MDVL
3.16,3.1699,3.16,3.1699,700,2021-09-24 17:40:00,MDVL
3.16,3.16,3.16,3.16,300,2021-09-24 17:50:00,MDVL
3.16,3.16,3.13,3.13,8435,2021-09-24 17:55:00,MDVL
3.135,3.1599,3.135,3.1523,8093,2021-09-24 18:00:00,MDVL
3.155,3.17,3.155,3.17,1420,2021-09-24 18:05:00,MDVL
3.176,3.22,3.176,3.19,14544,2021-09-24 18:10:00,MDVL
3.19,3.195,3.18,3.18,3568,2021-09-24 18:15:00,MDVL
3.18,3.18,3.18,3.18,2500,2021-09-24 18:20:00,MDVL
3.19,3.19,3.16,3.1683,1662,2021-09-24 18:35:00,MDVL
3.1651,3.18,3.1651,3.18,800,2021-09-24 18:50:00,MDVL
3.17,3.18,3.17,3.18,408,2021-09-24 18:55:00,MDVL
3.18,3.18,3.18,3.18,1100,2021-09-24 19:10:00,MDVL
3.1788,3.18,3.17,3.18,1308,2021-09-24 19:15:00,MDVL
3.18,3.18,3.17,3.17,700,2021-09-24 19:20:00,MDVL
3.18,3.18,3.18,3.18,329,2021-09-24 19:25:00,MDVL
3.18,3.18,3.18,3.18,300,2021-09-24 19:30:00,MDVL
3.19,3.2,3.18,3.195,8545,2021-09-24 19:35:00,MDVL
3.18,3.1905,3.18,3.19,2689,2021-09-24 19:40:00,MDVL
3.19,3.2,3.19,3.195,1000,2021-09-24 19:45:00,MDVL
3.19,3.19,3.18,3.19,9539,2021-09-24 19:50:00,MDVL
3.17,3.1806,3.16,3.175,2823,2021-09-24 19:55:00,MDVL
3.19,3.19,3.19,3.19,4843,2021-09-24 20:00:00,MDVL
3.17,3.17,3.17,3.17,2000,2021-09-24 20:20:00,MDVL
3.1899,3.1899,3.1899,3.1899,1300,2021-09-24 20:25:00,MDVL
3.1306,3.14,3.1306,3.14,1084,2021-09-24 20:35:00,MDVL
3.2336,3.2336,3.2336,3.2336,100,2021-09-24 20:40:00,MDVL
3.2,3.2,3.2,3.2,200,2021-09-24 23:15:00,MDVL
3.19,3.19,3.19,3.19,100,2021-09-27 12:00:00,MDVL
3.23,3.23,3.23,3.23,400,2021-09-27 12:55:00,MDVL
3.23,3.23,3.23,3.23,1900,2021-09-27 13:00:00,MDVL
3.23,3.25,3.23,3.23,5345,2021-09-27 13:30:00,MDVL
3.1981,3.1981,3.16,3.16,3939,2021-09-27 13:35:00,MDVL
3.19,3.19,3.165,3.1804,6304,2021-09-27 13:40:00,MDVL
3.16,3.2,3.16,3.1852,3178,2021-09-27 13:45:00,MDVL
3.1845,3.1845,3.1729,3.1729,631,2021-09-27 13:50:00,MDVL
3.175,3.22,3.175,3.22,11231,2021-09-27 13:55:00,MDVL
3.2113,3.2113,3.18,3.18,617,2021-09-27 14:00:00,MDVL
3.17,3.182,3.16,3.16,5150,2021-09-27 14:05:00,MDVL
3.17,3.19,3.165,3.17,3163,2021-09-27 14:10:00,MDVL
3.19,3.21,3.19,3.21,13750,2021-09-27 14:15:00,MDVL
3.21,3.25,3.21,3.23,3532,2021-09-27 14:20:00,MDVL
3.22,3.22,3.22,3.22,300,2021-09-27 14:25:00,MDVL
3.245,3.245,3.245,3.245,100,2021-09-27 14:35:00,MDVL
3.245,3.245,3.233,3.233,1066,2021-09-27 14:40:00,MDVL
3.2357,3.24,3.23,3.23,500,2021-09-27 14:45:00,MDVL
3.245,3.25,3.245,3.25,600,2021-09-27 14:50:00,MDVL
3.2555,3.26,3.24,3.24,500,2021-09-27 14:55:00,MDVL
3.2336,3.24,3.23,3.23,3059,2021-09-27 15:00:00,MDVL
3.2327,3.2327,3.2327,3.2327,100,2021-09-27 15:05:00,MDVL
3.25,3.28,3.25,3.2721,6162,2021-09-27 15:10:00,MDVL
3.265,3.31,3.265,3.28,11145,2021-09-27 15:15:00,MDVL
3.28,3.28,3.28,3.28,650,2021-09-27 15:20:00,MDVL
3.284,3.2867,3.27,3.27,900,2021-09-27 15:25:00,MDVL
3.28,3.28,3.265,3.265,1550,2021-09-27 15:30:00,MDVL
3.275,3.275,3.275,3.275,1600,2021-09-27 15:35:00,MDVL
3.29,3.29,3.29,3.29,200,2021-09-27 15:40:00,MDVL
3.2961,3.2961,3.2961,3.2961,298,2021-09-27 15:45:00,MDVL
3.285,3.285,3.28,3.28,2350,2021-09-27 15:50:00,MDVL
3.273,3.273,3.27,3.27,526,2021-09-27 15:55:00,MDVL
3.269,3.28,3.25,3.28,934,2021-09-27 16:00:00,MDVL
3.269,3.28,3.269,3.28,649,2021-09-27 16:20:00,MDVL
3.29,3.29,3.29,3.29,420,2021-09-27 16:40:00,MDVL
3.299,3.299,3.28,3.285,1885,2021-09-27 16:45:00,MDVL
3.28,3.2801,3.27,3.27,1000,2021-09-27 16:50:00,MDVL
3.26,3.26,3.26,3.26,200,2021-09-27 16:55:00,MDVL
3.24,3.24,3.23,3.23,2100,2021-09-27 17:00:00,MDVL
3.2402,3.2402,3.2402,3.2402,1500,2021-09-27 17:05:00,MDVL
3.24,3.24,3.23,3.23,2224,2021-09-27 17:10:00,MDVL
3.21,3.27,3.21,3.26,1332,2021-09-27 17:15:00,MDVL
3.24,3.2425,3.24,3.2425,2650,2021-09-27 17:20:00,MDVL
3.23,3.2343,3.2133,3.2343,8943,2021-09-27 18:15:00,MDVL
3.2333,3.235,3.2333,3.235,200,2021-09-27 18:30:00,MDVL
3.24,3.24,3.24,3.24,100,2021-09-27 18:35:00,MDVL
3.25,3.25,3.24,3.24,507,2021-09-27 18:40:00,MDVL
3.24,3.24,3.24,3.24,100,2021-09-27 18:45:00,MDVL
3.23,3.23,3.22,3.22,719,2021-09-27 18:50:00,MDVL
3.22,3.22,3.22,3.22,100,2021-09-27 18:55:00,MDVL
3.22,3.22,3.22,3.22,100,2021-09-27 19:00:00,MDVL
3.225,3.225,3.21,3.21,400,2021-09-27 19:15:00,MDVL
3.21,3.22,3.18,3.21,13436,2021-09-27 19:20:00,MDVL
3.23,3.24,3.22,3.23,5150,2021-09-27 19:35:00,MDVL
3.23,3.23,3.22,3.22,850,2021-09-27 19:40:00,MDVL
3.2278,3.23,3.2278,3.23,389,2021-09-27 19:45:00,MDVL
3.22,3.23,3.22,3.2251,2198,2021-09-27 19:50:00,MDVL
3.2285,3.23,3.19,3.19,14639,2021-09-27 19:55:00,MDVL
3.19,3.19,3.19,3.19,10360,2021-09-27 20:00:00,MDVL
3.2,3.2,3.2,3.2,100,2021-09-27 23:10:00,MDVL
3.19,3.19,3.19,3.19,100,2021-09-28 10:05:00,MDVL
3.17,3.2,3.17,3.17,4113,2021-09-28 13:30:00,MDVL
3.17,3.1769,3.13,3.14,5239,2021-09-28 13:35:00,MDVL
3.14,3.14,3.1,3.1162,4082,2021-09-28 13:40:00,MDVL
3.1,3.11,3.1,3.1,500,2021-09-28 13:45:00,MDVL
3.1088,3.1088,3.05,3.08,8446,2021-09-28 13:50:00,MDVL
3.08,3.1,3.07,3.1,2756,2021-09-28 13:55:00,MDVL
3.1,3.13,3.1,3.13,2328,2021-09-28 14:00:00,MDVL
3.1263,3.1263,3.08,3.08,7804,2021-09-28 14:05:00,MDVL
3.0971,3.0971,3.07,3.07,1925,2021-09-28 14:10:00,MDVL
3.0706,3.0706,3.06,3.07,2308,2021-09-28 14:15:00,MDVL
3.055,3.0599,3.05,3.05,12876,2021-09-28 14:20:00,MDVL
3.0573,3.0573,3.01,3.035,26815,2021-09-28 14:25:00,MDVL
3.04,3.05,3.0199,3.03,5941,2021-09-28 14:30:00,MDVL
3.0286,3.05,3.02,3.03,2428,2021-09-28 14:35:00,MDVL
3.04,3.06,3.04,3.04,650,2021-09-28 14:40:00,MDVL
3.07,3.07,3.05,3.05,622,2021-09-28 14:45:00,MDVL
3.0559,3.069,3.04,3.069,3277,2021-09-28 14:50:00,MDVL
3.04,3.04,3.03,3.03,1821,2021-09-28 14:55:00,MDVL
3.03,3.03,3.03,3.03,100,2021-09-28 15:00:00,MDVL
3.0286,3.0287,3.025,3.025,931,2021-09-28 15:05:00,MDVL
3.0294,3.0299,3.0294,3.0299,1700,2021-09-28 15:10:00,MDVL
3.0299,3.03,3.01,3.01,6309,2021-09-28 15:15:00,MDVL
3.01,3.03,3.01,3.02,2600,2021-09-28 15:20:00,MDVL
3.04,3.06,3.04,3.04,7672,2021-09-28 15:25:00,MDVL
3.03,3.03,3.03,3.03,486,2021-09-28 15:30:00,MDVL
3.0291,3.0291,3.01,3.01,1335,2021-09-28 15:35:00,MDVL
3.01,3.02,3.0,3.02,6129,2021-09-28 15:45:00,MDVL
3.0299,3.0299,3.0299,3.0299,100,2021-09-28 15:55:00,MDVL
3.02,3.02,3.02,3.02,200,2021-09-28 16:00:00,MDVL
3.03,3.05,3.02,3.045,1685,2021-09-28 16:05:00,MDVL
3.045,3.0559,3.0362,3.0559,1510,2021-09-28 16:10:00,MDVL
3.06,3.0657,3.06,3.0657,767,2021-09-28 16:15:00,MDVL
3.0752,3.0752,3.0752,3.0752,326,2021-09-28 16:20:00,MDVL
3.065,3.065,3.065,3.065,100,2021-09-28 16:25:00,MDVL
3.065,3.065,3.065,3.065,100,2021-09-28 16:30:00,MDVL
3.07,3.07,3.05,3.05,700,2021-09-28 16:35:00,MDVL
3.0499,3.0499,3.0495,3.0499,1375,2021-09-28 16:40:00,MDVL
3.03,3.03,3.02,3.025,700,2021-09-28 16:45:00,MDVL
3.0285,3.03,3.02,3.0264,1550,2021-09-28 16:50:00,MDVL
3.015,3.015,3.01,3.01,300,2021-09-28 16:55:00,MDVL
3.02,3.03,3.02,3.03,2303,2021-09-28 17:00:00,MDVL
3.04,3.05,3.035,3.035,2396,2021-09-28 17:05:00,MDVL
3.035,3.035,3.035,3.035,600,2021-09-28 17:10:00,MDVL
3.035,3.035,3.035,3.035,200,2021-09-28 17:15:00,MDVL
3.035,3.035,3.035,3.035,100,2021-09-28 17:20:00,MDVL
3.03,3.03,3.02,3.02,1000,2021-09-28 17:30:00,MDVL
3.0146,3.025,3.0,3.0,12638,2021-09-28 17:35:00,MDVL
3.01,3.0173,3.01,3.01,600,2021-09-28 17:40:00,MDVL
3.01,3.01,3.0,3.005,3750,2021-09-28 17:45:00,MDVL
3.0,3.0189,3.0,3.0189,7496,2021-09-28 17:50:00,MDVL
3.015,3.03,3.015,3.03,1433,2021-09-28 17:55:00,MDVL
3.03,3.03,3.01,3.015,6500,2021-09-28 18:00:00,MDVL
3.015,3.02,3.015,3.015,750,2021-09-28 18:05:00,MDVL
3.02,3.02,3.02,3.02,100,2021-09-28 18:10:00,MDVL
3.02,3.02,3.02,3.02,200,2021-09-28 18:15:00,MDVL
3.02,3.02,3.02,3.02,100,2021-09-28 18:20:00,MDVL
3.02,3.03,3.02,3.03,789,2021-09-28 18:25:00,MDVL
3.03,3.03,3.03,3.03,100,2021-09-28 18:35:00,MDVL
3.04,3.05,3.04,3.05,1999,2021-09-28 18:40:00,MDVL
3.05,3.05,3.045,3.045,300,2021-09-28 18:45:00,MDVL
3.06,3.0673,3.06,3.0673,200,2021-09-28 18:50:00,MDVL
3.06,3.06,3.05,3.05,2158,2021-09-28 18:55:00,MDVL
3.04,3.05,3.04,3.05,1066,2021-09-28 19:00:00,MDVL
3.05,3.05,3.05,3.05,100,2021-09-28 19:05:00,MDVL
3.04,3.04,3.04,3.04,500,2021-09-28 19:10:00,MDVL
3.04,3.05,3.04,3.05,300,2021-09-28 19:15:00,MDVL
3.04,3.05,3.04,3.0499,3772,2021-09-28 19:20:00,MDVL
3.04,3.04,3.03,3.035,14905,2021-09-28 19:25:00,MDVL
3.035,3.045,3.03,3.04,3393,2021-09-28 19:30:00,MDVL
3.03,3.03,3.03,3.03,850,2021-09-28 19:35:00,MDVL
3.04,3.04,3.03,3.03,300,2021-09-28 19:40:00,MDVL
3.03,3.03,3.03,3.03,1215,2021-09-28 19:45:00,MDVL
3.035,3.05,3.035,3.0389,9244,2021-09-28 19:50:00,MDVL
3.0302,3.0302,3.01,3.01,24600,2021-09-28 19:55:00,MDVL
3.02,3.02,3.02,3.02,7238,2021-09-28 20:00:00,MDVL
3.0,3.0,3.0,3.0,165,2021-09-28 20:05:00,MDVL
3.0,3.0,3.0,3.0,100,2021-09-28 20:10:00,MDVL
3.01,3.01,3.01,3.01,468,2021-09-28 20:40:00,MDVL
3.01,3.01,3.01,3.01,275,2021-09-28 21:35:00,MDVL
3.0499,3.0499,3.0499,3.0499,100,2021-09-28 23:40:00,MDVL
3.05,3.05,3.05,3.05,100,2021-09-29 12:55:00,MDVL
3.05,3.05,3.05,3.05,200,2021-09-29 13:00:00,MDVL
3.05,3.05,3.05,3.05,1288,2021-09-29 13:10:00,MDVL
3.05,3.05,3.05,3.05,3419,2021-09-29 13:30:00,MDVL
3.01,3.01,2.939,2.96,8828,2021-09-29 13:35:00,MDVL
2.96,2.96,2.91,2.9131,9946,2021-09-29 13:40:00,MDVL
2.9273,2.9527,2.9273,2.94,8550,2021-09-29 13:45:00,MDVL
2.955,3.03,2.955,2.9874,10544,2021-09-29 13:50:00,MDVL
2.99,2.99,2.9701,2.9701,10328,2021-09-29 13:55:00,MDVL
2.961,2.97,2.95,2.95,8404,2021-09-29 14:05:00,MDVL
2.9501,2.9689,2.93,2.94,20970,2021-09-29 14:10:00,MDVL
2.9433,2.9664,2.93,2.9664,10693,2021-09-29 14:15:00,MDVL
2.97,3.0,2.97,2.99,6339,2021-09-29 14:20:00,MDVL
2.95,2.98,2.93,2.98,26286,2021-09-29 14:30:00,MDVL
2.9743,2.98,2.9743,2.98,333,2021-09-29 14:35:00,MDVL
2.98,3.0,2.98,3.0,2079,2021-09-29 14:40:00,MDVL
2.982,3.01,2.98,3.0,1156,2021-09-29 14:45:00,MDVL
2.98,2.99,2.97,2.99,945,2021-09-29 14:50:00,MDVL
2.98,2.98,2.98,2.98,500,2021-09-29 14:55:00,MDVL
2.985,2.985,2.985,2.985,333,2021-09-29 15:10:00,MDVL
2.98,2.98,2.98,2.98,402,2021-09-29 15:15:00,MDVL
2.984,2.984,2.97,2.9732,1420,2021-09-29 15:20:00,MDVL
2.97,2.97,2.93,2.94,16757,2021-09-29 15:25:00,MDVL
2.93,2.93,2.91,2.91,5909,2021-09-29 15:30:00,MDVL
2.917,2.93,2.917,2.9261,2758,2021-09-29 15:35:00,MDVL
2.92,2.92,2.92,2.92,500,2021-09-29 15:40:00,MDVL
2.9249,2.93,2.91,2.93,2757,2021-09-29 15:45:00,MDVL
2.93,2.96,2.93,2.96,6824,2021-09-29 15:50:00,MDVL
2.96,2.96,2.94,2.94,9100,2021-09-29 15:55:00,MDVL
2.935,2.94,2.9126,2.9126,14975,2021-09-29 16:05:00,MDVL
2.929,2.93,2.92,2.929,1976,2021-09-29 16:10:00,MDVL
2.92,2.94,2.91,2.94,2200,2021-09-29 16:15:00,MDVL
2.92,2.9216,2.92,2.9216,1765,2021-09-29 16:20:00,MDVL
2.91,2.92,2.91,2.9155,11310,2021-09-29 16:25:00,MDVL
2.915,2.94,2.903,2.94,7419,2021-09-29 16:30:00,MDVL
2.9375,2.94,2.9375,2.94,500,2021-09-29 16:35:00,MDVL
2.94,2.94,2.93,2.93,200,2021-09-29 16:40:00,MDVL
2.9399,2.9399,2.87,2.8723,12355,2021-09-29 16:45:00,MDVL
2.89,2.93,2.89,2.92,4890,2021-09-29 16:50:00,MDVL
2.94,2.94,2.88,2.9099,20954,2021-09-29 16:55:00,MDVL
2.9,2.92,2.88,2.905,10584,2021-09-29 17:00:00,MDVL
2.905,2.92,2.905,2.92,1100,2021-09-29 17:05:00,MDVL
2.91,2.91,2.91,2.91,200,2021-09-29 17:10:00,MDVL
2.9,2.94,2.9,2.94,2531,2021-09-29 17:15:00,MDVL
2.94,2.94,2.94,2.94,100,2021-09-29 17:25:00,MDVL
2.9328,2.94,2.9295,2.94,2100,2021-09-29 17:30:00,MDVL
2.9349,2.94,2.9269,2.94,600,2021-09-29 17:40:00,MDVL
2.9229,2.9229,2.9229,2.9229,100,2021-09-29 17:50:00,MDVL
2.94,2.94,2.92,2.92,1000,2021-09-29 17:55:00,MDVL
2.9336,2.94,2.9336,2.94,200,2021-09-29 18:00:00,MDVL
2.94,2.94,2.94,2.94,800,2021-09-29 18:05:00,MDVL
2.931,2.96,2.931,2.95,2224,2021-09-29 18:10:00,MDVL
2.9599,2.96,2.9599,2.96,260,2021-09-29 18:15:00,MDVL
2.945,2.945,2.945,2.945,100,2021-09-29 18:20:00,MDVL
2.94,2.94,2.94,2.94,400,2021-09-29 18:25:00,MDVL
2.95,2.95,2.95,2.95,100,2021-09-29 18:30:00,MDVL
2.96,2.96,2.95,2.95,644,2021-09-29 18:35:00,MDVL
2.95,2.95,2.93,2.95,7500,2021-09-29 18:40:00,MDVL
2.95,2.95,2.95,2.95,100,2021-09-29 18:45:00,MDVL
2.95,2.95,2.9473,2.95,400,2021-09-29 18:50:00,MDVL
2.9374,2.95,2.93,2.95,1181,2021-09-29 18:55:00,MDVL
2.945,2.95,2.945,2.95,200,2021-09-29 19:00:00,MDVL
2.9462,2.95,2.9462,2.95,1722,2021-09-29 19:05:00,MDVL
2.95,2.95,2.94,2.95,1400,2021-09-29 19:10:00,MDVL
2.94,2.94,2.94,2.94,100,2021-09-29 19:15:00,MDVL
2.93,2.94,2.92,2.92,1096,2021-09-29 19:20:00,MDVL
2.91,2.93,2.91,2.93,5150,2021-09-29 19:25:00,MDVL
2.93,2.93,2.93,2.93,300,2021-09-29 19:30:00,MDVL
2.92,2.93,2.915,2.93,800,2021-09-29 19:40:00,MDVL
2.91,2.91,2.91,2.91,1814,2021-09-29 19:45:00,MDVL
2.9,2.9,2.895,2.8999,2644,2021-09-29 19:50:00,MDVL
2.89,2.91,2.89,2.89,6442,2021-09-29 19:55:00,MDVL
2.88,2.88,2.88,2.88,6440,2021-09-29 20:00:00,MDVL
2.93,2.93,2.93,2.93,250,2021-09-29 20:40:00,MDVL
2.93,2.93,2.93,2.93,329,2021-09-29 20:45:00,MDVL
2.93,2.93,2.93,2.93,2000,2021-09-29 21:20:00,MDVL
2.94,2.94,2.94,2.94,250,2021-09-29 21:45:00,MDVL
2.9,2.9,2.9,2.9,130,2021-09-30 08:10:00,MDVL
2.91,2.91,2.91,2.91,609,2021-09-30 09:00:00,MDVL
2.89,2.89,2.89,2.89,140,2021-09-30 11:25:00,MDVL
2.89,2.89,2.89,2.89,1047,2021-09-30 11:50:00,MDVL
2.9,2.9,2.9,2.9,1000,2021-09-30 12:55:00,MDVL
2.9,2.9,2.9,2.9,695,2021-09-30 13:00:00,MDVL
2.9,2.9,2.9,2.9,737,2021-09-30 13:05:00,MDVL
2.89,2.9126,2.88,2.8999,4164,2021-09-30 13:30:00,MDVL
2.8721,2.8721,2.8721,2.8721,137,2021-09-30 13:35:00,MDVL
2.8943,2.91,2.8757,2.89,2094,2021-09-30 13:40:00,MDVL
2.89,2.89,2.87,2.88,1571,2021-09-30 13:45:00,MDVL
2.8995,2.8995,2.8995,2.8995,400,2021-09-30 13:50:00,MDVL
2.88,2.89,2.87,2.87,2818,2021-09-30 14:00:00,MDVL
2.8899,2.8899,2.87,2.87,300,2021-09-30 14:05:00,MDVL
2.8701,2.8862,2.8701,2.8862,1600,2021-09-30 14:10:00,MDVL
2.88,2.8815,2.88,2.8815,800,2021-09-30 14:15:00,MDVL
2.89,2.89,2.89,2.89,200,2021-09-30 14:20:00,MDVL
2.89,2.9,2.8888,2.8888,780,2021-09-30 14:25:00,MDVL
2.9,2.9,2.89,2.8985,1631,2021-09-30 14:30:00,MDVL
2.8801,2.91,2.8801,2.895,831,2021-09-30 14:35:00,MDVL
2.91,2.93,2.91,2.91,1474,2021-09-30 14:40:00,MDVL
2.89,2.92,2.89,2.92,500,2021-09-30 14:45:00,MDVL
2.92,2.94,2.9075,2.94,1100,2021-09-30 14:50:00,MDVL
2.94,2.94,2.9141,2.94,808,2021-09-30 14:55:00,MDVL
2.94,2.94,2.94,2.94,100,2021-09-30 15:00:00,MDVL
2.91,2.93,2.91,2.92,1800,2021-09-30 15:05:00,MDVL
2.94,2.94,2.9354,2.94,875,2021-09-30 15:10:00,MDVL
2.96,2.9771,2.96,2.96,2600,2021-09-30 15:15:00,MDVL
2.9699,2.9699,2.94,2.94,425,2021-09-30 15:20:00,MDVL
2.95,2.97,2.95,2.97,1717,2021-09-30 15:25:00,MDVL
2.96,2.96,2.95,2.95,583,2021-09-30 15:30:00,MDVL
2.94,2.94,2.93,2.93,630,2021-09-30 15:35:00,MDVL
2.91,2.91,2.91,2.91,275,2021-09-30 15:40:00,MDVL
2.9,2.9,2.9,2.9,300,2021-09-30 15:45:00,MDVL
2.9,2.9,2.9,2.9,100,2021-09-30 15:50:00,MDVL
2.89,2.9,2.89,2.9,200,2021-09-30 15:55:00,MDVL
2.88,2.9,2.88,2.9,1662,2021-09-30 16:00:00,MDVL
2.9,2.9,2.9,2.9,100,2021-09-30 16:05:00,MDVL
2.9,2.9,2.89,2.89,1000,2021-09-30 16:10:00,MDVL
2.895,2.895,2.895,2.895,200,2021-09-30 16:15:00,MDVL
2.895,2.91,2.895,2.91,200,2021-09-30 16:20:00,MDVL
2.88,2.91,2.88,2.91,200,2021-09-30 16:25:00,MDVL
2.88,2.91,2.88,2.91,200,2021-09-30 16:30:00,MDVL
2.8854,2.91,2.8854,2.91,770,2021-09-30 16:35:00,MDVL
2.9125,2.9125,2.9125,2.9125,100,2021-09-30 16:40:00,MDVL
2.9021,2.92,2.9021,2.92,320,2021-09-30 16:45:00,MDVL
2.9058,2.9058,2.9058,2.9058,138,2021-09-30 16:55:00,MDVL
2.94,2.95,2.94,2.95,400,2021-09-30 17:00:00,MDVL
2.95,2.95,2.95,2.95,100,2021-09-30 17:10:00,MDVL
2.95,2.95,2.9346,2.9346,671,2021-09-30 17:20:00,MDVL
2.9207,2.9207,2.92,2.92,1903,2021-09-30 17:25:00,MDVL
2.9,2.93,2.9,2.93,200,2021-09-30 17:40:00,MDVL
2.92,2.92,2.92,2.92,100,2021-09-30 17:50:00,MDVL
2.93,2.94,2.93,2.94,700,2021-09-30 17:55:00,MDVL
2.94,2.94,2.94,2.94,194,2021-09-30 18:00:00,MDVL
2.97,2.97,2.97,2.97,800,2021-09-30 18:10:00,MDVL
2.95,2.96,2.9341,2.9341,635,2021-09-30 18:20:00,MDVL
2.93,2.93,2.93,2.93,300,2021-09-30 18:25:00,MDVL
2.95,2.95,2.95,2.95,400,2021-09-30 18:30:00,MDVL
2.95,2.95,2.94,2.94,500,2021-09-30 18:35:00,MDVL
2.94,2.94,2.94,2.94,100,2021-09-30 18:40:00,MDVL
2.9326,2.9326,2.9326,2.9326,100,2021-09-30 18:45:00,MDVL
2.93,2.95,2.93,2.95,600,2021-09-30 18:55:00,MDVL
2.93,2.95,2.93,2.95,200,2021-09-30 19:00:00,MDVL
2.93,2.95,2.93,2.9498,650,2021-09-30 19:05:00,MDVL
2.95,2.95,2.95,2.95,1900,2021-09-30 19:10:00,MDVL
2.9765,2.98,2.93,2.93,3870,2021-09-30 19:15:00,MDVL
2.95,2.95,2.95,2.95,100,2021-09-30 19:20:00,MDVL
2.96,2.96,2.96,2.96,100,2021-09-30 19:25:00,MDVL
2.96,2.96,2.96,2.96,100,2021-09-30 19:30:00,MDVL
2.96,2.96,2.96,2.96,300,2021-09-30 19:35:00,MDVL
2.95,2.95,2.9208,2.9208,6442,2021-09-30 19:45:00,MDVL
2.92,2.92,2.91,2.91,1285,2021-09-30 19:50:00,MDVL
2.9,2.93,2.9,2.91,3330,2021-09-30 19:55:00,MDVL
2.92,2.92,2.9001,2.9001,6996,2021-09-30 20:00:00,MDVL
2.91,2.91,2.91,2.91,500,2021-09-30 20:10:00,MDVL
2.91,2.91,2.91,2.91,100,2021-09-30 21:30:00,MDVL
2.92,2.92,2.92,2.92,430,2021-10-01 11:00:00,MDVL
2.92,2.92,2.92,2.92,1000,2021-10-01 12:45:00,MDVL
2.99,2.99,2.98,2.98,505,2021-10-01 12:55:00,MDVL
2.96,2.96,2.96,2.96,175,2021-10-01 13:00:00,MDVL
2.93,2.93,2.93,2.93,100,2021-10-01 13:20:00,MDVL
2.96,2.99,2.93,2.93,1115,2021-10-01 13:30:00,MDVL
2.94,2.94,2.94,2.94,100,2021-10-01 13:35:00,MDVL
2.935,2.95,2.925,2.935,1445,2021-10-01 13:40:00,MDVL
2.92,2.92,2.87,2.87,3500,2021-10-01 13:45:00,MDVL
2.8701,2.8999,2.87,2.8999,2890,2021-10-01 13:50:00,MDVL
2.87,2.87,2.87,2.87,200,2021-10-01 13:55:00,MDVL
2.87,2.92,2.86,2.9004,2248,2021-10-01 14:00:00,MDVL
2.895,2.895,2.895,2.895,2000,2021-10-01 14:10:00,MDVL
2.8875,2.8999,2.88,2.8999,3647,2021-10-01 14:15:00,MDVL
2.89,2.91,2.89,2.89,950,2021-10-01 14:20:00,MDVL
2.88,2.89,2.88,2.89,400,2021-10-01 14:25:00,MDVL
2.89,2.89,2.89,2.89,100,2021-10-01 14:30:00,MDVL
2.8762,2.8762,2.8762,2.8762,389,2021-10-01 14:35:00,MDVL
2.91,2.93,2.909,2.91,15467,2021-10-01 14:40:00,MDVL
2.92,2.94,2.92,2.94,218,2021-10-01 14:45:00,MDVL
2.93,2.96,2.93,2.96,400,2021-10-01 14:55:00,MDVL
2.93,2.95,2.92,2.9215,1236,2021-10-01 15:05:00,MDVL
2.92,2.93,2.92,2.93,2100,2021-10-01 15:10:00,MDVL
2.96,2.96,2.96,2.96,14000,2021-10-01 15:20:00,MDVL
2.91,2.96,2.91,2.96,5200,2021-10-01 15:25:00,MDVL
2.95,2.95,2.95,2.95,100,2021-10-01 15:40:00,MDVL
2.94,2.9599,2.94,2.9599,1050,2021-10-01 15:50:00,MDVL
2.97,2.97,2.97,2.97,200,2021-10-01 15:55:00,MDVL
2.97,2.97,2.97,2.97,100,2021-10-01 16:00:00,MDVL
2.945,2.97,2.945,2.97,500,2021-10-01 16:05:00,MDVL
2.96,2.98,2.96,2.98,1450,2021-10-01 16:10:00,MDVL
2.96,2.98,2.95,2.96,1300,2021-10-01 16:15:00,MDVL
2.9594,2.97,2.9594,2.97,824,2021-10-01 16:20:00,MDVL
2.98,2.98,2.9635,2.98,400,2021-10-01 16:25:00,MDVL
2.98,2.99,2.98,2.99,1300,2021-10-01 16:30:00,MDVL
2.9988,3.04,2.9988,3.03,9224,2021-10-01 16:35:00,MDVL
3.013,3.03,3.0,3.01,1152,2021-10-01 16:40:00,MDVL
3.01,3.01,3.01,3.01,100,2021-10-01 16:45:00,MDVL
3.01,3.01,3.01,3.01,200,2021-10-01 16:50:00,MDVL
2.99,2.99,2.99,2.99,500,2021-10-01 16:55:00,MDVL
2.99,3.01,2.97,2.97,3255,2021-10-01 17:00:00,MDVL
3.0,3.08,3.0,3.06,13243,2021-10-01 17:05:00,MDVL
3.07,3.09,3.0554,3.08,2020,2021-10-01 17:10:00,MDVL
3.09,3.17,3.09,3.13,31098,2021-10-01 17:15:00,MDVL
3.135,3.14,3.1225,3.13,1260,2021-10-01 17:20:00,MDVL
3.12,3.18,3.12,3.155,10593,2021-10-01 17:25:00,MDVL
3.17,3.2,3.16,3.18,8321,2021-10-01 17:30:00,MDVL
3.18,3.195,3.17,3.18,6539,2021-10-01 17:35:00,MDVL
3.165,3.18,3.16,3.18,5201,2021-10-01 17:40:00,MDVL
3.19,3.19,3.18,3.19,2600,2021-10-01 17:45:00,MDVL
3.2,3.26,3.2,3.2,17551,2021-10-01 17:50:00,MDVL
3.2019,3.205,3.19,3.19,1821,2021-10-01 17:55:00,MDVL
3.2018,3.22,3.18,3.181,2704,2021-10-01 18:00:00,MDVL
3.1866,3.1866,3.1866,3.1866,600,2021-10-01 18:05:00,MDVL
3.2,3.21,3.2,3.2,4203,2021-10-01 18:10:00,MDVL
3.1901,3.195,3.16,3.1645,27129,2021-10-01 18:15:00,MDVL
3.18,3.19,3.1701,3.1701,3600,2021-10-01 18:25:00,MDVL
3.1781,3.18,3.16,3.17,11516,2021-10-01 18:30:00,MDVL
3.19,3.19,3.19,3.19,200,2021-10-01 18:35:00,MDVL
3.18,3.19,3.1601,3.1601,3927,2021-10-01 18:40:00,MDVL
3.18,3.18,3.18,3.18,300,2021-10-01 18:50:00,MDVL
3.17,3.18,3.11,3.1201,46270,2021-10-01 18:55:00,MDVL
3.16,3.16,3.1599,3.16,700,2021-10-01 19:00:00,MDVL
3.15,3.15,3.14,3.14,7389,2021-10-01 19:05:00,MDVL
3.135,3.135,3.13,3.13,1300,2021-10-01 19:10:00,MDVL
3.14,3.14,3.12,3.14,4223,2021-10-01 19:15:00,MDVL
3.121,3.15,3.12,3.15,1600,2021-10-01 19:20:00,MDVL
3.1499,3.1499,3.14,3.14,311,2021-10-01 19:25:00,MDVL
3.12,3.135,3.11,3.135,2959,2021-10-01 19:30:00,MDVL
3.135,3.15,3.1254,3.15,478,2021-10-01 19:35:00,MDVL
3.12,3.14,3.12,3.14,600,2021-10-01 19:40:00,MDVL
3.115,3.12,3.09,3.12,2330,2021-10-01 19:45:00,MDVL
3.1,3.11,3.08,3.1,2834,2021-10-01 19:50:00,MDVL
3.1,3.1,3.07,3.07,4792,2021-10-01 19:55:00,MDVL
3.08,3.08,3.08,3.08,6492,2021-10-01 20:00:00,MDVL
3.08,3.08,3.08,3.08,100,2021-10-01 22:10:00,MDVL
2.94,2.94,2.91,2.91,245,2021-10-04 11:55:00,MDVL
2.94,2.94,2.9,2.9,750,2021-10-04 12:10:00,MDVL
2.94,2.94,2.94,2.94,135,2021-10-04 12:15:00,MDVL
2.94,2.94,2.94,2.94,104,2021-10-04 12:50:00,MDVL
3.05,3.05,3.02,3.02,4725,2021-10-04 13:30:00,MDVL
3.01,3.025,2.9948,2.9948,2527,2021-10-04 13:35:00,MDVL
2.98,2.98,2.98,2.98,160,2021-10-04 13:40:00,MDVL
2.9828,2.9828,2.98,2.98,500,2021-10-04 13:45:00,MDVL
2.97,2.97,2.9496,2.9496,1119,2021-10-04 13:50:00,MDVL
2.96,2.97,2.96,2.9692,994,2021-10-04 13:55:00,MDVL
2.96,2.96,2.923,2.93,2100,2021-10-04 14:00:00,MDVL
2.9227,2.9454,2.9227,2.9454,508,2021-10-04 14:05:00,MDVL
2.935,2.935,2.935,2.935,800,2021-10-04 14:10:00,MDVL
2.95,2.95,2.93,2.93,1100,2021-10-04 14:15:00,MDVL
2.93,2.93,2.93,2.93,1500,2021-10-04 14:20:00,MDVL
2.91,2.92,2.9,2.92,5201,2021-10-04 14:25:00,MDVL
2.9001,2.9001,2.87,2.8702,9758,2021-10-04 14:35:00,MDVL
2.87,2.88,2.87,2.88,3111,2021-10-04 14:40:00,MDVL
2.9,2.9,2.9,2.9,200,2021-10-04 14:45:00,MDVL
2.92,2.92,2.92,2.92,100,2021-10-04 14:50:00,MDVL
2.9177,2.9177,2.9177,2.9177,1000,2021-10-04 15:00:00,MDVL
2.9007,2.92,2.9007,2.91,2276,2021-10-04 15:05:00,MDVL
2.9261,2.93,2.9261,2.93,786,2021-10-04 15:15:00,MDVL
2.9335,2.9335,2.91,2.91,510,2021-10-04 15:20:00,MDVL
2.92,2.92,2.9,2.91,5913,2021-10-04 15:25:00,MDVL
2.91,2.91,2.91,2.91,2000,2021-10-04 15:35:00,MDVL
2.9199,2.92,2.91,2.92,2013,2021-10-04 15:40:00,MDVL
2.91,2.91,2.9,2.9,7957,2021-10-04 15:45:00,MDVL
2.91,2.91,2.89,2.89,300,2021-10-04 15:50:00,MDVL
2.8956,2.8956,2.89,2.89,700,2021-10-04 15:55:00,MDVL
2.9,2.91,2.9,2.91,3476,2021-10-04 16:00:00,MDVL
2.928,2.928,2.928,2.928,100,2021-10-04 16:05:00,MDVL
2.94,2.94,2.94,2.94,2422,2021-10-04 16:10:00,MDVL
2.9368,2.9368,2.9368,2.9368,100,2021-10-04 16:15:00,MDVL
2.93,2.93,2.93,2.93,100,2021-10-04 16:20:00,MDVL
2.93,2.93,2.93,2.93,700,2021-10-04 16:35:00,MDVL
2.92,2.92,2.92,2.92,2338,2021-10-04 16:40:00,MDVL
2.93,2.93,2.93,2.93,100,2021-10-04 16:55:00,MDVL
2.92,2.9201,2.92,2.92,5435,2021-10-04 17:00:00,MDVL
2.93,2.93,2.93,2.93,800,2021-10-04 17:05:00,MDVL
2.94,2.94,2.94,2.94,600,2021-10-04 17:15:00,MDVL
2.9499,2.9499,2.9499,2.9499,100,2021-10-04 17:20:00,MDVL
2.931,2.931,2.931,2.931,100,2021-10-04 17:25:00,MDVL
2.95,2.95,2.93,2.93,500,2021-10-04 17:35:00,MDVL
2.94,2.94,2.94,2.94,706,2021-10-04 17:45:00,MDVL
2.9402,2.9478,2.93,2.93,1200,2021-10-04 17:50:00,MDVL
2.93,2.95,2.93,2.95,6033,2021-10-04 17:55:00,MDVL
2.95,2.97,2.95,2.9537,450,2021-10-04 18:00:00,MDVL
2.96,2.96,2.96,2.96,200,2021-10-04 18:10:00,MDVL
2.955,2.955,2.9501,2.9501,284,2021-10-04 18:25:00,MDVL
2.95,2.955,2.95,2.955,1200,2021-10-04 18:30:00,MDVL
2.96,2.97,2.96,2.97,800,2021-10-04 18:40:00,MDVL
2.966,2.99,2.966,2.98,5100,2021-10-04 18:50:00,MDVL
2.98,2.98,2.97,2.9799,12969,2021-10-04 18:55:00,MDVL
2.97,2.97,2.97,2.97,121,2021-10-04 19:00:00,MDVL
2.96,2.96,2.945,2.945,200,2021-10-04 19:10:00,MDVL
2.93,2.93,2.92,2.93,13487,2021-10-04 19:25:00,MDVL
2.94,2.94,2.94,2.94,1000,2021-10-04 19:30:00,MDVL
2.93,2.93,2.92,2.92,1000,2021-10-04 19:35:00,MDVL
2.93,2.93,2.93,2.93,1873,2021-10-04 19:40:00,MDVL
2.92,2.92,2.91,2.91,604,2021-10-04 19:45:00,MDVL
2.915,2.915,2.905,2.905,2322,2021-10-04 19:50:00,MDVL
2.91,2.92,2.9003,2.92,11650,2021-10-04 19:55:00,MDVL
2.91,2.91,2.9,2.9,8912,2021-10-04 20:00:00,MDVL
2.88,2.88,2.88,2.88,2495,2021-10-04 20:45:00,MDVL
2.88,2.88,2.87,2.87,2498,2021-10-04 21:40:00,MDVL
2.87,2.87,2.87,2.87,1445,2021-10-04 22:10:00,MDVL
2.87,2.87,2.87,2.87,2520,2021-10-04 22:25:00,MDVL
2.9,2.9,2.9,2.9,100,2021-10-05 11:25:00,MDVL
2.9,2.9,2.88,2.88,492,2021-10-05 11:35:00,MDVL
3.0328,3.0328,2.89,2.93,3179,2021-10-05 13:30:00,MDVL
2.89,2.92,2.87,2.91,1947,2021-10-05 13:35:00,MDVL
2.898,2.91,2.8701,2.88,5273,2021-10-05 13:40:00,MDVL
2.9099,2.9099,2.87,2.87,1000,2021-10-05 13:45:00,MDVL
2.9099,2.9199,2.9099,2.9199,8055,2021-10-05 13:55:00,MDVL
2.9,2.9,2.9,2.9,250,2021-10-05 14:00:00,MDVL
2.92,2.94,2.92,2.94,585,2021-10-05 14:05:00,MDVL
2.9129,2.94,2.9129,2.94,2241,2021-10-05 14:10:00,MDVL
2.9388,2.9388,2.9388,2.9388,1101,2021-10-05 14:15:00,MDVL
2.93,2.93,2.93,2.93,4200,2021-10-05 14:20:00,MDVL
2.905,2.9138,2.8901,2.8901,1200,2021-10-05 14:30:00,MDVL
2.9,2.9,2.9,2.9,100,2021-10-05 14:35:00,MDVL
2.93,2.93,2.93,2.93,700,2021-10-05 15:00:00,MDVL
2.94,2.95,2.92,2.92,600,2021-10-05 15:10:00,MDVL
2.92,2.92,2.92,2.92,400,2021-10-05 15:15:00,MDVL
2.91,2.92,2.8935,2.8935,4680,2021-10-05 15:20:00,MDVL
2.9,2.9,2.89,2.89,1700,2021-10-05 15:35:00,MDVL
2.9,2.91,2.89,2.89,11386,2021-10-05 15:40:00,MDVL
2.89,2.89,2.86,2.86,12632,2021-10-05 15:45:00,MDVL
2.88,2.88,2.87,2.87,200,2021-10-05 15:50:00,MDVL
2.86,2.86,2.85,2.85,9424,2021-10-05 15:55:00,MDVL
2.85,2.86,2.85,2.855,6640,2021-10-05 16:00:00,MDVL
2.8582,2.8602,2.8512,2.86,7800,2021-10-05 16:05:00,MDVL
2.86,2.86,2.86,2.86,200,2021-10-05 16:10:00,MDVL
2.86,2.86,2.86,2.86,535,2021-10-05 16:15:00,MDVL
2.85,2.86,2.85,2.85,3400,2021-10-05 16:20:00,MDVL
2.8489,2.8489,2.8489,2.8489,565,2021-10-05 16:25:00,MDVL
2.845,2.8699,2.845,2.8699,2551,2021-10-05 16:35:00,MDVL
2.86,2.86,2.86,2.86,300,2021-10-05 16:40:00,MDVL
2.86,2.86,2.86,2.86,504,2021-10-05 16:45:00,MDVL
2.85,2.855,2.85,2.855,900,2021-10-05 16:50:00,MDVL
2.85,2.855,2.85,2.855,331,2021-10-05 16:55:00,MDVL
2.85,2.8501,2.84,2.8407,8933,2021-10-05 17:00:00,MDVL
2.85,2.86,2.85,2.8585,924,2021-10-05 17:05:00,MDVL
2.88,2.88,2.8601,2.8601,682,2021-10-05 17:15:00,MDVL
2.88,2.88,2.87,2.8755,2100,2021-10-05 17:20:00,MDVL
2.871,2.89,2.87,2.89,1600,2021-10-05 17:25:00,MDVL
2.89,2.89,2.89,2.89,420,2021-10-05 17:30:00,MDVL
2.89,2.89,2.89,2.89,100,2021-10-05 17:35:00,MDVL
2.89,2.89,2.87,2.87,200,2021-10-05 17:40:00,MDVL
2.87,2.87,2.86,2.86,600,2021-10-05 17:55:00,MDVL
2.865,2.87,2.8601,2.87,475,2021-10-05 18:00:00,MDVL
2.875,2.875,2.875,2.875,100,2021-10-05 18:05:00,MDVL
2.88,2.88,2.88,2.88,100,2021-10-05 18:10:00,MDVL
2.87,2.87,2.86,2.86,5526,2021-10-05 18:15:00,MDVL
2.86,2.87,2.85,2.87,671,2021-10-05 18:20:00,MDVL
2.868,2.87,2.8514,2.87,2800,2021-10-05 18:30:00,MDVL
2.865,2.87,2.865,2.87,200,2021-10-05 18:40:00,MDVL
2.86,2.89,2.86,2.88,4910,2021-10-05 18:45:00,MDVL
2.88,2.89,2.87,2.87,1800,2021-10-05 18:55:00,MDVL
2.89,2.9,2.88,2.9,1450,2021-10-05 19:00:00,MDVL
2.91,2.91,2.91,2.91,500,2021-10-05 19:05:00,MDVL
2.91,2.91,2.9099,2.91,850,2021-10-05 19:10:00,MDVL
2.91,2.9422,2.91,2.92,4571,2021-10-05 19:15:00,MDVL
2.92,2.92,2.9,2.9,10100,2021-10-05 19:20:00,MDVL
2.91,2.93,2.91,2.93,300,2021-10-05 19:25:00,MDVL
2.93,2.93,2.91,2.93,5693,2021-10-05 19:30:00,MDVL
2.91,2.92,2.89,2.89,2500,2021-10-05 19:35:00,MDVL
2.895,2.9,2.87,2.88,3575,2021-10-05 19:40:00,MDVL
2.88,2.91,2.87,2.88,4000,2021-10-05 19:45:00,MDVL
2.9,2.91,2.89,2.91,5600,2021-10-05 19:50:00,MDVL
2.89,2.9078,2.87,2.89,14274,2021-10-05 19:55:00,MDVL
2.89,2.89,2.89,2.89,5222,2021-10-05 20:00:00,MDVL
2.87,2.87,2.87,2.87,300,2021-10-05 20:20:00,MDVL
2.87,2.87,2.87,2.87,1000,2021-10-05 20:30:00,MDVL
2.8601,2.8601,2.8601,2.8601,976,2021-10-05 21:00:00,MDVL
2.86,2.86,2.86,2.86,1320,2021-10-05 21:25:00,MDVL
2.89,2.89,2.89,2.89,619,2021-10-05 21:40:00,MDVL
2.87,2.87,2.87,2.87,150,2021-10-05 22:20:00,MDVL
2.85,2.85,2.71,2.7533,19981,2021-10-06 13:30:00,MDVL
2.8,2.84,2.76,2.835,33636,2021-10-06 13:35:00,MDVL
2.79,2.8392,2.78,2.8,17150,2021-10-06 13:40:00,MDVL
2.83,2.84,2.809,2.84,6300,2021-10-06 13:45:00,MDVL
2.81,2.81,2.78,2.78,6566,2021-10-06 13:50:00,MDVL
2.77,2.8,2.76,2.7764,4554,2021-10-06 13:55:00,MDVL
2.78,2.7848,2.76,2.76,1650,2021-10-06 14:00:00,MDVL
2.775,2.775,2.775,2.775,300,2021-10-06 14:05:00,MDVL
2.7899,2.8,2.785,2.79,2200,2021-10-06 14:10:00,MDVL
2.77,2.785,2.77,2.785,1573,2021-10-06 14:15:00,MDVL
2.7824,2.83,2.7824,2.815,1100,2021-10-06 14:20:00,MDVL
2.82,2.83,2.81,2.81,300,2021-10-06 14:30:00,MDVL
2.83,2.83,2.81,2.81,700,2021-10-06 14:35:00,MDVL
2.81,2.81,2.81,2.81,200,2021-10-06 14:40:00,MDVL
2.81,2.81,2.8,2.805,2100,2021-10-06 14:45:00,MDVL
2.81,2.84,2.81,2.84,2211,2021-10-06 14:50:00,MDVL
2.85,2.85,2.85,2.85,600,2021-10-06 14:55:00,MDVL
2.835,2.85,2.835,2.85,450,2021-10-06 15:00:00,MDVL
2.85,2.85,2.83,2.83,606,2021-10-06 15:05:00,MDVL
2.83,2.83,2.83,2.83,500,2021-10-06 15:10:00,MDVL
2.8142,2.8142,2.8142,2.8142,600,2021-10-06 15:15:00,MDVL
2.84,2.84,2.83,2.84,600,2021-10-06 15:25:00,MDVL
2.84,2.84,2.82,2.82,400,2021-10-06 15:30:00,MDVL
2.82,2.83,2.82,2.83,200,2021-10-06 15:35:00,MDVL
2.818,2.84,2.818,2.84,200,2021-10-06 15:40:00,MDVL
2.83,2.84,2.83,2.83,400,2021-10-06 15:45:00,MDVL
2.84,2.84,2.83,2.84,600,2021-10-06 15:50:00,MDVL
2.845,2.845,2.845,2.845,200,2021-10-06 15:55:00,MDVL
2.835,2.835,2.83,2.83,500,2021-10-06 16:00:00,MDVL
2.82,2.82,2.82,2.82,100,2021-10-06 16:05:00,MDVL
2.82,2.83,2.82,2.82,500,2021-10-06 16:15:00,MDVL
2.82,2.82,2.815,2.815,200,2021-10-06 16:20:00,MDVL
2.82,2.82,2.7833,2.8076,1660,2021-10-06 16:25:00,MDVL
2.7801,2.79,2.7801,2.79,475,2021-10-06 16:30:00,MDVL
2.8,2.81,2.8,2.81,600,2021-10-06 16:35:00,MDVL
2.8,2.8,2.78,2.78,1000,2021-10-06 16:40:00,MDVL
2.7886,2.8,2.7886,2.8,650,2021-10-06 16:50:00,MDVL
2.8,2.8,2.8,2.8,700,2021-10-06 16:55:00,MDVL
2.8,2.8,2.8,2.8,100,2021-10-06 17:00:00,MDVL
2.8,2.8,2.76,2.76,3227,2021-10-06 17:05:00,MDVL
2.78,2.79,2.78,2.79,1450,2021-10-06 17:10:00,MDVL
2.785,2.785,2.76,2.77,1600,2021-10-06 17:15:00,MDVL
2.765,2.77,2.7599,2.769,5720,2021-10-06 17:20:00,MDVL
2.765,2.77,2.765,2.77,300,2021-10-06 17:25:00,MDVL
2.765,2.765,2.765,2.765,100,2021-10-06 17:30:00,MDVL
2.765,2.77,2.76,2.7699,1300,2021-10-06 17:35:00,MDVL
2.7681,2.795,2.765,2.79,3150,2021-10-06 17:40:00,MDVL
2.79,2.8,2.78,2.8,500,2021-10-06 17:50:00,MDVL
2.79,2.79,2.79,2.79,400,2021-10-06 17:55:00,MDVL
2.78,2.78,2.78,2.78,200,2021-10-06 18:00:00,MDVL
2.7708,2.7708,2.7708,2.7708,149,2021-10-06 18:05:00,MDVL
2.775,2.785,2.73,2.73,13005,2021-10-06 18:10:00,MDVL
2.7498,2.7499,2.74,2.7499,1400,2021-10-06 18:15:00,MDVL
2.75,2.75,2.74,2.74,500,2021-10-06 18:20:00,MDVL
2.74,2.74,2.7301,2.7301,500,2021-10-06 18:25:00,MDVL
2.73,2.73,2.73,2.73,100,2021-10-06 18:30:00,MDVL
2.73,2.74,2.72,2.73,2372,2021-10-06 18:35:00,MDVL
2.73,2.74,2.72,2.74,1731,2021-10-06 18:40:00,MDVL
2.7399,2.74,2.735,2.735,650,2021-10-06 18:45:00,MDVL
2.74,2.74,2.73,2.73,6656,2021-10-06 18:50:00,MDVL
2.73,2.73,2.7,2.705,3411,2021-10-06 18:55:00,MDVL
2.7099,2.7099,2.7,2.705,512,2021-10-06 19:00:00,MDVL
2.705,2.705,2.66,2.66,4960,2021-10-06 19:05:00,MDVL
2.68,2.6999,2.68,2.695,5130,2021-10-06 19:10:00,MDVL
2.695,2.7109,2.695,2.7,1508,2021-10-06 19:15:00,MDVL
2.69,2.69,2.69,2.69,100,2021-10-06 19:20:00,MDVL
2.7,2.7,2.69,2.7,1500,2021-10-06 19:25:00,MDVL
2.68,2.7,2.68,2.7,8344,2021-10-06 19:30:00,MDVL
2.7,2.7,2.69,2.7,1803,2021-10-06 19:35:00,MDVL
2.7,2.7,2.69,2.695,5544,2021-10-06 19:40:00,MDVL
2.7,2.72,2.69,2.71,6602,2021-10-06 19:45:00,MDVL
2.71,2.71,2.69,2.6992,8692,2021-10-06 19:50:00,MDVL
2.695,2.72,2.68,2.71,12904,2021-10-06 19:55:00,MDVL
2.71,2.71,2.71,2.71,4282,2021-10-06 20:00:00,MDVL
2.6801,2.6801,2.6801,2.6801,1270,2021-10-06 21:00:00,MDVL
2.76,2.76,2.76,2.76,200,2021-10-06 21:35:00,MDVL
2.73,2.73,2.73,2.73,500,2021-10-06 23:30:00,MDVL
2.73,2.79,2.68,2.7134,6079,2021-10-07 13:30:00,MDVL
2.675,2.68,2.675,2.68,700,2021-10-07 13:35:00,MDVL
2.6799,2.7,2.6799,2.6894,6705,2021-10-07 13:40:00,MDVL
2.7158,2.74,2.7158,2.74,8100,2021-10-07 13:45:00,MDVL
2.74,2.74,2.74,2.74,2000,2021-10-07 13:50:00,MDVL
2.7131,2.7262,2.7131,2.7262,200,2021-10-07 13:55:00,MDVL
2.734,2.734,2.72,2.73,9443,2021-10-07 14:00:00,MDVL
2.73,2.73,2.73,2.73,100,2021-10-07 14:05:00,MDVL
2.7286,2.73,2.7286,2.73,534,2021-10-07 14:10:00,MDVL
2.74,2.74,2.74,2.74,100,2021-10-07 14:15:00,MDVL
2.76,2.76,2.74,2.74,330,2021-10-07 14:20:00,MDVL
2.76,2.76,2.76,2.76,100,2021-10-07 14:25:00,MDVL
2.76,2.76,2.76,2.76,200,2021-10-07 14:30:00,MDVL
2.76,2.76,2.76,2.76,100,2021-10-07 14:35:00,MDVL
2.76,2.76,2.76,2.76,200,2021-10-07 14:40:00,MDVL
2.76,2.76,2.76,2.76,100,2021-10-07 14:45:00,MDVL
2.76,2.79,2.7573,2.7899,3982,2021-10-07 14:50:00,MDVL
2.8,2.8,2.8,2.8,1000,2021-10-07 14:55:00,MDVL
2.8,2.8,2.8,2.8,200,2021-10-07 15:00:00,MDVL
2.8,2.82,2.7979,2.82,2295,2021-10-07 15:05:00,MDVL
2.82,2.83,2.82,2.83,1700,2021-10-07 15:10:00,MDVL
2.83,2.83,2.82,2.82,1173,2021-10-07 15:15:00,MDVL
2.815,2.815,2.815,2.815,100,2021-10-07 15:20:00,MDVL
2.82,2.83,2.82,2.83,400,2021-10-07 15:30:00,MDVL
2.8299,2.83,2.8299,2.83,2600,2021-10-07 15:35:00,MDVL
2.83,2.83,2.8293,2.8293,1848,2021-10-07 15:40:00,MDVL
2.83,2.83,2.83,2.83,100,2021-10-07 15:45:00,MDVL
2.83,2.83,2.83,2.83,100,2021-10-07 15:50:00,MDVL
2.83,2.83,2.83,2.83,395,2021-10-07 15:55:00,MDVL
2.82,2.82,2.8,2.8,2867,2021-10-07 16:00:00,MDVL
2.83,2.83,2.83,2.83,100,2021-10-07 16:10:00,MDVL
2.83,2.83,2.83,2.83,100,2021-10-07 16:15:00,MDVL
2.8285,2.83,2.8285,2.83,1240,2021-10-07 16:20:00,MDVL
2.83,2.83,2.819,2.819,2152,2021-10-07 16:25:00,MDVL
2.82,2.82,2.82,2.82,100,2021-10-07 16:30:00,MDVL
2.8188,2.8188,2.8188,2.8188,354,2021-10-07 16:35:00,MDVL
2.815,2.815,2.8,2.8001,10204,2021-10-07 16:40:00,MDVL
2.8054,2.8054,2.8054,2.8054,500,2021-10-07 16:50:00,MDVL
2.81,2.81,2.81,2.81,100,2021-10-07 16:55:00,MDVL
2.81,2.81,2.81,2.81,100,2021-10-07 17:00:00,MDVL
2.8001,2.8099,2.8001,2.8099,600,2021-10-07 17:05:00,MDVL
2.81,2.8157,2.81,2.8157,951,2021-10-07 17:10:00,MDVL
2.82,2.83,2.82,2.83,4594,2021-10-07 17:15:00,MDVL
2.84,2.84,2.83,2.83,600,2021-10-07 17:20:00,MDVL
2.85,2.85,2.83,2.8316,1300,2021-10-07 17:30:00,MDVL
2.85,2.85,2.85,2.85,100,2021-10-07 17:35:00,MDVL
2.85,2.85,2.85,2.85,100,2021-10-07 17:40:00,MDVL
2.83,2.83,2.82,2.8299,9760,2021-10-07 17:45:00,MDVL
2.8255,2.8255,2.8255,2.8255,1000,2021-10-07 17:55:00,MDVL
2.82,2.82,2.81,2.81,600,2021-10-07 18:00:00,MDVL
2.81,2.81,2.81,2.81,268,2021-10-07 18:05:00,MDVL
2.81,2.81,2.8,2.8,2029,2021-10-07 18:20:00,MDVL
2.7999,2.7999,2.78,2.78,4100,2021-10-07 18:30:00,MDVL
2.8,2.8,2.78,2.8,300,2021-10-07 18:35:00,MDVL
2.78,2.78,2.78,2.78,1087,2021-10-07 18:40:00,MDVL
2.76,2.76,2.76,2.76,372,2021-10-07 18:50:00,MDVL
2.76,2.78,2.75,2.77,2800,2021-10-07 19:05:00,MDVL
2.779,2.779,2.779,2.779,100,2021-10-07 19:10:00,MDVL
2.77,2.77,2.77,2.77,300,2021-10-07 19:15:00,MDVL
2.76,2.77,2.75,2.77,2785,2021-10-07 19:30:00,MDVL
2.76,2.76,2.75,2.75,1002,2021-10-07 19:40:00,MDVL
2.76,2.76,2.75,2.75,600,2021-10-07 19:45:00,MDVL
2.755,2.755,2.74,2.7407,3747,2021-10-07 19:50:00,MDVL
2.745,2.75,2.72,2.73,5117,2021-10-07 19:55:00,MDVL
2.74,2.74,2.74,2.74,5466,2021-10-07 20:00:00,MDVL
2.79,2.79,2.77,2.77,300,2021-10-07 20:10:00,MDVL
2.74,2.74,2.74,2.74,200,2021-10-07 22:25:00,MDVL
2.75,2.75,2.74,2.74,200,2021-10-08 11:00:00,MDVL
2.76,2.8,2.76,2.7999,6701,2021-10-08 13:30:00,MDVL
2.76,2.76,2.71,2.71,3374,2021-10-08 13:35:00,MDVL
2.6832,2.71,2.68,2.71,4143,2021-10-08 13:40:00,MDVL
2.69,2.723,2.69,2.69,2604,2021-10-08 13:45:00,MDVL
2.69,2.7,2.69,2.7,200,2021-10-08 13:50:00,MDVL
2.7,2.73,2.68,2.73,6595,2021-10-08 13:55:00,MDVL
2.7,2.7,2.7,2.7,913,2021-10-08 14:05:00,MDVL
2.7176,2.75,2.7176,2.75,467,2021-10-08 14:15:00,MDVL
2.76,2.76,2.72,2.75,705,2021-10-08 14:20:00,MDVL
2.735,2.75,2.735,2.735,400,2021-10-08 14:25:00,MDVL
2.75,2.75,2.7,2.7,1575,2021-10-08 14:30:00,MDVL
2.72,2.72,2.72,2.72,100,2021-10-08 14:35:00,MDVL
2.72,2.72,2.7,2.7,3878,2021-10-08 14:40:00,MDVL
2.7084,2.72,2.705,2.72,962,2021-10-08 14:45:00,MDVL
2.72,2.72,2.71,2.71,950,2021-10-08 14:50:00,MDVL
2.7,2.7,2.7,2.7,100,2021-10-08 14:55:00,MDVL
2.72,2.72,2.72,2.72,400,2021-10-08 15:00:00,MDVL
2.72,2.76,2.715,2.76,5976,2021-10-08 15:05:00,MDVL
2.7599,2.76,2.7585,2.7585,1097,2021-10-08 15:10:00,MDVL
2.76,2.76,2.76,2.76,100,2021-10-08 15:15:00,MDVL
2.755,2.755,2.73,2.73,1132,2021-10-08 15:20:00,MDVL
2.74,2.74,2.725,2.725,200,2021-10-08 15:40:00,MDVL
2.7103,2.725,2.7103,2.725,383,2021-10-08 15:45:00,MDVL
2.725,2.725,2.725,2.725,200,2021-10-08 15:50:00,MDVL
2.71,2.71,2.7,2.7,400,2021-10-08 15:55:00,MDVL
2.7199,2.7199,2.705,2.705,300,2021-10-08 16:00:00,MDVL
2.705,2.705,2.705,2.705,100,2021-10-08 16:05:00,MDVL
2.705,2.705,2.69,2.69,500,2021-10-08 16:10:00,MDVL
2.69,2.69,2.69,2.69,1600,2021-10-08 16:15:00,MDVL
2.6801,2.6999,2.6801,2.6999,300,2021-10-08 16:20:00,MDVL
2.69,2.69,2.68,2.69,4100,2021-10-08 16:25:00,MDVL
2.685,2.685,2.65,2.67,18060,2021-10-08 16:30:00,MDVL
2.65,2.67,2.65,2.67,22758,2021-10-08 16:35:00,MDVL
2.68,2.69,2.68,2.69,1030,2021-10-08 16:40:00,MDVL
2.68,2.6804,2.67,2.675,4705,2021-10-08 16:45:00,MDVL
2.68,2.68,2.68,2.68,100,2021-10-08 16:50:00,MDVL
2.68,2.73,2.68,2.73,1614,2021-10-08 16:55:00,MDVL
2.7299,2.7299,2.7299,2.7299,800,2021-10-08 17:00:00,MDVL
2.73,2.74,2.73,2.74,882,2021-10-08 17:05:00,MDVL
2.7369,2.7369,2.7369,2.7369,100,2021-10-08 17:10:00,MDVL
2.73,2.73,2.73,2.73,216,2021-10-08 17:15:00,MDVL
2.715,2.715,2.715,2.715,100,2021-10-08 17:30:00,MDVL
2.72,2.72,2.7114,2.715,300,2021-10-08 17:35:00,MDVL
2.72,2.72,2.71,2.72,2506,2021-10-08 17:40:00,MDVL
2.7182,2.72,2.7101,2.72,1150,2021-10-08 17:50:00,MDVL
2.72,2.72,2.72,2.72,1000,2021-10-08 17:55:00,MDVL
2.7195,2.72,2.7195,2.72,1400,2021-10-08 18:10:00,MDVL
2.73,2.73,2.73,2.73,100,2021-10-08 18:15:00,MDVL
2.73,2.73,2.73,2.73,100,2021-10-08 18:20:00,MDVL
2.73,2.73,2.73,2.73,100,2021-10-08 18:25:00,MDVL
2.73,2.73,2.71,2.71,485,2021-10-08 18:30:00,MDVL
2.73,2.73,2.73,2.73,100,2021-10-08 18:35:00,MDVL
2.73,2.73,2.73,2.73,100,2021-10-08 18:40:00,MDVL
2.73,2.73,2.73,2.73,100,2021-10-08 18:45:00,MDVL
2.72,2.72,2.7112,2.72,400,2021-10-08 18:50:00,MDVL
2.715,2.715,2.71,2.71,1406,2021-10-08 18:55:00,MDVL
2.71,2.71,2.71,2.71,200,2021-10-08 19:15:00,MDVL
2.69,2.71,2.69,2.71,428,2021-10-08 19:20:00,MDVL
2.71,2.71,2.71,2.71,100,2021-10-08 19:25:00,MDVL
2.71,2.71,2.69,2.7,514,2021-10-08 19:30:00,MDVL
2.71,2.71,2.69,2.69,2380,2021-10-08 19:35:00,MDVL
2.69,2.69,2.68,2.69,11111,2021-10-08 19:45:00,MDVL
2.69,2.7,2.69,2.7,500,2021-10-08 19:50:00,MDVL
2.7,2.7,2.68,2.7,4346,2021-10-08 19:55:00,MDVL
2.7,2.7,2.7,2.7,2570,2021-10-08 20:00:00,MDVL
2.7,2.7,2.7,2.7,121,2021-10-08 20:20:00,MDVL
2.7,2.7,2.7,2.7,1306,2021-10-08 22:00:00,MDVL
2.71,2.71,2.71,2.71,260,2021-10-08 22:10:00,MDVL
2.72,2.72,2.72,2.72,357,2021-10-08 23:40:00,MDVL
