open,high,low,close,volume,datetime,symbol
84.86,84.86,84.86,84.86,258,2022-01-11 14:30:00,DWAS
84.8,84.89,84.8,84.89,200,2022-01-11 14:36:00,DWAS
84.78,84.78,84.78,84.78,100,2022-01-11 14:37:00,DWAS
84.24,84.24,84.06,84.06,200,2022-01-11 14:41:00,DWAS
84.2506,84.2506,84.2506,84.2506,237,2022-01-11 14:42:00,DWAS
83.87,83.87,83.87,83.87,200,2022-01-11 14:43:00,DWAS
83.95,83.95,83.95,83.95,100,2022-01-11 14:44:00,DWAS
83.95,83.95,83.95,83.95,114,2022-01-11 14:45:00,DWAS
83.89,83.89,83.89,83.89,100,2022-01-11 14:49:00,DWAS
84.01,84.01,84.01,84.01,100,2022-01-11 14:50:00,DWAS
84.2189,84.2189,84.2189,84.2189,275,2022-01-11 14:51:00,DWAS
84.61,84.61,84.61,84.61,100,2022-01-11 15:11:00,DWAS
84.69,84.695,84.69,84.695,200,2022-01-11 15:20:00,DWAS
84.59,84.59,84.59,84.59,100,2022-01-11 15:24:00,DWAS
84.75,84.75,84.75,84.75,100,2022-01-11 15:29:00,DWAS
84.52,84.535,84.52,84.52,1000,2022-01-11 15:31:00,DWAS
84.35,84.35,84.35,84.35,100,2022-01-11 15:35:00,DWAS
84.29,84.29,84.29,84.29,100,2022-01-11 15:45:00,DWAS
84.56,84.56,84.56,84.56,100,2022-01-11 16:07:00,DWAS
84.96,84.96,84.96,84.96,100,2022-01-11 16:27:00,DWAS
84.9501,84.9501,84.9501,84.9501,145,2022-01-11 16:31:00,DWAS
85.43,85.43,85.43,85.43,187,2022-01-11 16:46:00,DWAS
85.502,85.502,85.502,85.502,519,2022-01-11 17:32:00,DWAS
85.585,85.585,85.585,85.585,320,2022-01-11 17:41:00,DWAS
85.7001,85.7001,85.7001,85.7001,292,2022-01-11 17:54:00,DWAS
85.71,85.71,85.71,85.71,100,2022-01-11 18:12:00,DWAS
86.04,86.04,86.04,86.04,273,2022-01-11 18:34:00,DWAS
85.96,85.96,85.96,85.96,238,2022-01-11 18:46:00,DWAS
86.06,86.06,86.06,86.06,100,2022-01-11 18:47:00,DWAS
86.1678,86.1678,86.1678,86.1678,526,2022-01-11 18:57:00,DWAS
86.03,86.03,86.0,86.0,400,2022-01-11 19:09:00,DWAS
86.1,86.1,86.1,86.1,425,2022-01-11 19:18:00,DWAS
86.0373,86.0373,86.0373,86.0373,556,2022-01-11 19:26:00,DWAS
86.0692,86.0692,86.0692,86.0692,175,2022-01-11 19:28:00,DWAS
86.1059,86.1059,86.1059,86.1059,263,2022-01-11 19:29:00,DWAS
86.09,86.09,86.09,86.09,812,2022-01-11 19:32:00,DWAS
86.1,86.1,86.1,86.1,3541,2022-01-11 19:51:00,DWAS
86.2273,86.2273,86.15,86.15,2812,2022-01-11 20:02:00,DWAS
86.21,86.21,86.21,86.21,100,2022-01-11 20:11:00,DWAS
86.05,86.05,86.05,86.05,180,2022-01-11 20:50:00,DWAS
86.1,86.1,86.1,86.1,117,2022-01-11 20:52:00,DWAS
86.11,86.11,86.11,86.11,700,2022-01-11 20:55:00,DWAS
86.15,86.16,86.14,86.14,1096,2022-01-11 20:59:00,DWAS
86.22,86.22,86.22,86.22,184,2022-01-11 21:00:00,DWAS
87.195,87.195,87.195,87.195,250,2022-01-12 14:46:00,DWAS
87.1246,87.1246,87.1246,87.1246,113,2022-01-12 15:01:00,DWAS
87.14,87.14,87.14,87.14,100,2022-01-12 15:03:00,DWAS
87.08,87.08,87.08,87.08,100,2022-01-12 15:11:00,DWAS
86.5,86.5,86.5,86.5,804,2022-01-12 15:32:00,DWAS
86.28,86.28,86.06,86.06,400,2022-01-12 15:41:00,DWAS
85.7152,85.7152,85.7152,85.7152,129,2022-01-12 16:15:00,DWAS
85.857,85.857,85.857,85.857,198,2022-01-12 16:23:00,DWAS
85.9137,85.9137,85.9137,85.9137,100,2022-01-12 16:27:00,DWAS
86.06,86.06,86.06,86.06,100,2022-01-12 16:30:00,DWAS
86.1016,86.1016,86.1016,86.1016,4300,2022-01-12 16:50:00,DWAS
86.21,86.21,86.21,86.21,447,2022-01-12 16:51:00,DWAS
86.23,86.235,86.1705,86.1705,2797,2022-01-12 16:54:00,DWAS
86.13,86.13,86.13,86.13,345,2022-01-12 17:04:00,DWAS
86.04,86.04,86.04,86.04,100,2022-01-12 17:06:00,DWAS
86.0578,86.0578,86.0578,86.0578,120,2022-01-12 17:09:00,DWAS
86.32,86.32,86.32,86.32,300,2022-01-12 17:48:00,DWAS
86.475,86.475,86.475,86.475,120,2022-01-12 17:52:00,DWAS
86.5497,86.5497,86.5497,86.5497,300,2022-01-12 17:58:00,DWAS
86.5311,86.558,86.5311,86.558,521,2022-01-12 18:16:00,DWAS
86.5,86.5,86.5,86.5,8456,2022-01-12 18:17:00,DWAS
86.54,86.54,86.535,86.535,900,2022-01-12 18:18:00,DWAS
86.52,86.52,86.52,86.52,100,2022-01-12 18:22:00,DWAS
86.59,86.59,86.59,86.59,100,2022-01-12 18:24:00,DWAS
86.59,86.59,86.55,86.55,275,2022-01-12 18:33:00,DWAS
86.5733,86.5733,86.5733,86.5733,1086,2022-01-12 18:35:00,DWAS
86.51,86.51,86.51,86.51,11470,2022-01-12 18:37:00,DWAS
86.505,86.505,86.505,86.505,100,2022-01-12 18:58:00,DWAS
86.37,86.38,86.37,86.38,800,2022-01-12 19:01:00,DWAS
86.312,86.312,86.2259,86.2259,865,2022-01-12 19:07:00,DWAS
86.35,86.35,86.35,86.35,200,2022-01-12 19:12:00,DWAS
86.3401,86.3593,86.3401,86.3593,534,2022-01-12 19:14:00,DWAS
86.42,86.42,86.4,86.4001,2252,2022-01-12 19:18:00,DWAS
86.4216,86.4216,86.4216,86.4216,345,2022-01-12 19:19:00,DWAS
86.5101,86.5101,86.5101,86.5101,174,2022-01-12 19:25:00,DWAS
86.5301,86.5301,86.5301,86.5301,593,2022-01-12 19:29:00,DWAS
86.5201,86.5201,86.5201,86.5201,252,2022-01-12 19:30:00,DWAS
86.4401,86.4401,86.4401,86.4401,139,2022-01-12 19:32:00,DWAS
86.4282,86.4282,86.4282,86.4282,129,2022-01-12 19:35:00,DWAS
86.4749,86.4749,86.4749,86.4749,242,2022-01-12 19:39:00,DWAS
86.35,86.4187,86.35,86.4187,707,2022-01-12 19:47:00,DWAS
86.3907,86.3907,86.3907,86.3907,673,2022-01-12 19:48:00,DWAS
86.5229,86.5229,86.4486,86.4486,1281,2022-01-12 19:53:00,DWAS
86.4201,86.4201,86.4201,86.4201,145,2022-01-12 19:55:00,DWAS
86.4587,86.4587,86.4587,86.4587,403,2022-01-12 19:56:00,DWAS
86.5203,86.5203,86.4601,86.4601,880,2022-01-12 19:57:00,DWAS
86.45,86.45,86.45,86.45,100,2022-01-12 19:59:00,DWAS
86.45,86.4597,86.44,86.456,1193,2022-01-12 20:00:00,DWAS
86.3275,86.36,86.325,86.36,2400,2022-01-12 20:01:00,DWAS
86.37,86.37,86.37,86.37,100,2022-01-12 20:02:00,DWAS
86.3058,86.3058,86.3058,86.3058,175,2022-01-12 20:05:00,DWAS
86.2311,86.2311,86.2311,86.2311,259,2022-01-12 20:08:00,DWAS
86.21,86.2106,86.21,86.2106,2386,2022-01-12 20:09:00,DWAS
86.22,86.22,86.21,86.21,453,2022-01-12 20:10:00,DWAS
86.26,86.26,86.25,86.25,400,2022-01-12 20:11:00,DWAS
86.3,86.31,86.3,86.3,300,2022-01-12 20:13:00,DWAS
86.37,86.37,86.37,86.37,200,2022-01-12 20:15:00,DWAS
86.3359,86.3359,86.3359,86.3359,257,2022-01-12 20:16:00,DWAS
86.3324,86.3324,86.3324,86.3324,213,2022-01-12 20:20:00,DWAS
86.3201,86.3201,86.3201,86.3201,1099,2022-01-12 20:21:00,DWAS
86.3619,86.3619,86.3619,86.3619,126,2022-01-12 20:24:00,DWAS
86.2953,86.2953,86.2953,86.2953,1074,2022-01-12 20:27:00,DWAS
86.3474,86.3474,86.3474,86.3474,179,2022-01-12 20:32:00,DWAS
86.35,86.35,86.3437,86.3437,231,2022-01-12 20:36:00,DWAS
86.2625,86.2625,86.2625,86.2625,149,2022-01-12 20:40:00,DWAS
86.2716,86.2716,86.2716,86.2716,291,2022-01-12 20:43:00,DWAS
86.29,86.29,86.29,86.29,100,2022-01-12 20:49:00,DWAS
86.37,86.37,86.37,86.37,100,2022-01-12 20:51:00,DWAS
86.44,86.4506,86.37,86.37,958,2022-01-12 20:54:00,DWAS
86.4,86.4,86.4,86.4,139,2022-01-12 20:55:00,DWAS
86.35,86.35,86.35,86.35,100,2022-01-12 20:56:00,DWAS
86.25,86.25,86.25,86.25,100,2022-01-12 20:58:00,DWAS
86.18,86.18,86.18,86.18,100,2022-01-12 20:59:00,DWAS
86.24,86.24,86.24,86.24,455,2022-01-12 21:00:00,DWAS
86.69,86.69,86.69,86.69,270,2022-01-13 14:30:00,DWAS
86.585,86.585,86.585,86.585,500,2022-01-13 14:34:00,DWAS
87.2577,87.2577,87.2577,87.2577,348,2022-01-13 15:01:00,DWAS
86.6917,86.6917,86.6917,86.6917,350,2022-01-13 15:22:00,DWAS
86.45,86.45,86.45,86.45,100,2022-01-13 15:50:00,DWAS
86.42,86.42,86.42,86.42,500,2022-01-13 16:00:00,DWAS
86.2999,86.2999,86.2999,86.2999,100,2022-01-13 16:01:00,DWAS
86.37,86.37,86.37,86.37,100,2022-01-13 16:03:00,DWAS
86.2831,86.2831,86.2831,86.2831,175,2022-01-13 16:05:00,DWAS
86.3824,86.3824,86.3824,86.3824,118,2022-01-13 16:10:00,DWAS
86.7757,86.7757,86.7757,86.7757,100,2022-01-13 16:23:00,DWAS
86.88,86.88,86.8114,86.8114,1200,2022-01-13 16:29:00,DWAS
86.9,86.9,86.885,86.885,600,2022-01-13 16:30:00,DWAS
86.9,86.9,86.9,86.9,300,2022-01-13 16:31:00,DWAS
86.995,86.995,86.995,86.995,218,2022-01-13 16:38:00,DWAS
87.11,87.11,87.11,87.11,100,2022-01-13 16:40:00,DWAS
86.964,86.964,86.964,86.964,125,2022-01-13 16:55:00,DWAS
86.9569,86.9569,86.9569,86.9569,119,2022-01-13 16:58:00,DWAS
86.7369,86.7369,86.7369,86.7369,257,2022-01-13 17:04:00,DWAS
86.7795,86.7795,86.7795,86.7795,574,2022-01-13 17:09:00,DWAS
86.3,86.3,86.3,86.3,100,2022-01-13 17:17:00,DWAS
86.2637,86.2637,86.2637,86.2637,136,2022-01-13 17:19:00,DWAS
86.1589,86.1589,86.1589,86.1589,269,2022-01-13 17:26:00,DWAS
86.0777,86.0777,86.0777,86.0777,132,2022-01-13 17:31:00,DWAS
86.2072,86.2072,86.11,86.11,1030,2022-01-13 17:33:00,DWAS
86.2901,86.2901,86.2901,86.2901,414,2022-01-13 17:36:00,DWAS
86.2949,86.2949,86.2949,86.2949,310,2022-01-13 17:39:00,DWAS
86.1424,86.1424,86.1384,86.1384,942,2022-01-13 17:44:00,DWAS
85.95,85.95,85.917,85.917,679,2022-01-13 17:48:00,DWAS
85.9132,85.9132,85.9132,85.9132,226,2022-01-13 17:50:00,DWAS
86.0161,86.0161,86.0161,86.0161,343,2022-01-13 17:51:00,DWAS
85.9755,85.9755,85.95,85.9593,593,2022-01-13 17:55:00,DWAS
86.0866,86.0866,86.0866,86.0866,177,2022-01-13 17:56:00,DWAS
86.14,86.162,86.13,86.13,300,2022-01-13 17:59:00,DWAS
86.0777,86.0777,86.0777,86.0777,130,2022-01-13 18:00:00,DWAS
86.0254,86.0254,86.0254,86.0254,356,2022-01-13 18:04:00,DWAS
86.2,86.21,86.2,86.21,200,2022-01-13 18:07:00,DWAS
86.2975,86.2975,86.295,86.295,300,2022-01-13 18:11:00,DWAS
86.2115,86.2115,86.2115,86.2115,685,2022-01-13 18:13:00,DWAS
86.2283,86.2283,86.2283,86.2283,900,2022-01-13 18:16:00,DWAS
86.2002,86.2002,86.2002,86.2002,1035,2022-01-13 18:17:00,DWAS
86.375,86.375,86.375,86.375,150,2022-01-13 18:24:00,DWAS
86.3056,86.3056,86.3056,86.3056,1068,2022-01-13 18:35:00,DWAS
86.3536,86.3536,86.3536,86.3536,304,2022-01-13 18:41:00,DWAS
86.3463,86.3463,86.3463,86.3463,116,2022-01-13 18:42:00,DWAS
86.45,86.45,86.45,86.45,100,2022-01-13 18:49:00,DWAS
86.4473,86.4473,86.4473,86.4473,386,2022-01-13 18:50:00,DWAS
86.4557,86.4557,86.4557,86.4557,421,2022-01-13 18:52:00,DWAS
86.51,86.51,86.51,86.51,100,2022-01-13 18:54:00,DWAS
86.5146,86.5146,86.5146,86.5146,677,2022-01-13 18:56:00,DWAS
86.514,86.514,86.514,86.514,347,2022-01-13 19:00:00,DWAS
86.5987,86.5987,86.5987,86.5987,147,2022-01-13 19:04:00,DWAS
86.5815,86.5815,86.5815,86.5815,1552,2022-01-13 19:05:00,DWAS
86.59,86.59,86.59,86.59,777,2022-01-13 19:06:00,DWAS
86.4947,86.4947,86.4947,86.4947,136,2022-01-13 19:11:00,DWAS
86.46,86.46,86.44,86.44,1516,2022-01-13 19:13:00,DWAS
86.3281,86.3281,86.3281,86.3281,149,2022-01-13 19:18:00,DWAS
86.3934,86.3934,86.3934,86.3934,155,2022-01-13 19:22:00,DWAS
86.4551,86.4551,86.4551,86.4551,153,2022-01-13 19:24:00,DWAS
86.4538,86.4538,86.4538,86.4538,388,2022-01-13 19:27:00,DWAS
86.271,86.271,86.271,86.271,364,2022-01-13 19:30:00,DWAS
86.2762,86.2762,86.2762,86.2762,138,2022-01-13 19:32:00,DWAS
86.3477,86.3477,86.3477,86.3477,129,2022-01-13 19:34:00,DWAS
86.2795,86.2795,86.2795,86.2795,152,2022-01-13 19:37:00,DWAS
86.2702,86.2702,86.2702,86.2702,100,2022-01-13 19:38:00,DWAS
86.195,86.195,86.195,86.195,341,2022-01-13 19:44:00,DWAS
86.2086,86.2086,86.1555,86.1555,224,2022-01-13 19:46:00,DWAS
86.1247,86.1247,86.1247,86.1247,408,2022-01-13 19:47:00,DWAS
86.1427,86.1427,86.1427,86.1427,152,2022-01-13 19:49:00,DWAS
86.1105,86.1105,86.1105,86.1105,300,2022-01-13 19:51:00,DWAS
86.1212,86.1212,86.1212,86.1212,420,2022-01-13 19:52:00,DWAS
86.1637,86.1637,86.1637,86.1637,213,2022-01-13 19:53:00,DWAS
86.2015,86.2015,86.2015,86.2015,539,2022-01-13 19:55:00,DWAS
86.2833,86.2833,86.2833,86.2833,109,2022-01-13 19:59:00,DWAS
86.2322,86.2322,86.2322,86.2322,162,2022-01-13 20:01:00,DWAS
86.0852,86.0852,86.0852,86.0852,289,2022-01-13 20:02:00,DWAS
86.04,86.04,86.04,86.04,100,2022-01-13 20:03:00,DWAS
85.9583,85.9583,85.9583,85.9583,201,2022-01-13 20:08:00,DWAS
85.8622,85.8622,85.8622,85.8622,144,2022-01-13 20:11:00,DWAS
85.81,85.81,85.81,85.81,100,2022-01-13 20:17:00,DWAS
85.8068,85.8068,85.8068,85.8068,332,2022-01-13 20:18:00,DWAS
85.55,85.55,85.5434,85.5434,417,2022-01-13 20:40:00,DWAS
85.53,85.53,85.53,85.53,165,2022-01-13 20:41:00,DWAS
85.48,85.48,85.47,85.47,300,2022-01-13 20:45:00,DWAS
85.47,85.47,85.47,85.47,100,2022-01-13 20:46:00,DWAS
85.245,85.245,85.12,85.13,4835,2022-01-13 20:51:00,DWAS
85.18,85.18,85.17,85.17,200,2022-01-13 20:52:00,DWAS
85.32,85.32,85.32,85.32,100,2022-01-13 20:54:00,DWAS
85.22,85.31,85.22,85.31,200,2022-01-13 20:56:00,DWAS
85.42,85.42,85.42,85.42,100,2022-01-13 20:57:00,DWAS
85.42,85.42,85.39,85.39,500,2022-01-13 20:58:00,DWAS
85.35,85.35,85.34,85.34,398,2022-01-13 20:59:00,DWAS
85.53,85.53,85.53,85.53,147,2022-01-13 21:00:00,DWAS
84.65,84.65,84.65,84.65,1000,2022-01-14 14:30:00,DWAS
84.81,84.81,84.81,84.81,100,2022-01-14 14:35:00,DWAS
84.805,84.805,84.805,84.805,700,2022-01-14 14:37:00,DWAS
85.0,85.01,84.83,84.985,2300,2022-01-14 14:38:00,DWAS
84.8,84.8,84.8,84.8,200,2022-01-14 14:39:00,DWAS
85.11,85.11,85.11,85.11,100,2022-01-14 14:48:00,DWAS
85.5,85.5,85.485,85.485,500,2022-01-14 14:58:00,DWAS
85.25,85.25,85.25,85.25,886,2022-01-14 15:05:00,DWAS
84.906,84.906,84.906,84.906,259,2022-01-14 15:56:00,DWAS
84.5232,84.5232,84.5232,84.5232,637,2022-01-14 16:11:00,DWAS
84.5,84.5,84.5,84.5,150,2022-01-14 16:19:00,DWAS
84.72,84.74,84.72,84.74,400,2022-01-14 16:27:00,DWAS
84.68,84.68,84.68,84.68,200,2022-01-14 16:29:00,DWAS
84.8095,84.8095,84.8095,84.8095,779,2022-01-14 16:44:00,DWAS
84.9087,84.9087,84.9087,84.9087,460,2022-01-14 16:47:00,DWAS
84.8694,84.8694,84.8694,84.8694,210,2022-01-14 16:49:00,DWAS
84.8519,84.8519,84.8519,84.8519,498,2022-01-14 16:53:00,DWAS
84.7632,84.7632,84.7632,84.7632,576,2022-01-14 16:57:00,DWAS
84.6934,84.6934,84.6934,84.6934,149,2022-01-14 17:00:00,DWAS
84.7405,84.79,84.7405,84.79,302,2022-01-14 17:01:00,DWAS
84.59,84.59,84.56,84.5717,2214,2022-01-14 17:04:00,DWAS
84.5549,84.5549,84.5549,84.5549,115,2022-01-14 17:05:00,DWAS
84.6159,84.6159,84.6159,84.6159,294,2022-01-14 17:08:00,DWAS
84.66,84.66,84.66,84.66,300,2022-01-14 17:11:00,DWAS
84.6747,84.6747,84.6747,84.6747,178,2022-01-14 17:12:00,DWAS
84.7308,84.7308,84.7308,84.7308,272,2022-01-14 17:18:00,DWAS
84.6945,84.6945,84.6945,84.6945,1119,2022-01-14 17:20:00,DWAS
84.69,84.69,84.6505,84.67,1436,2022-01-14 17:22:00,DWAS
84.62,84.62,84.62,84.62,100,2022-01-14 17:23:00,DWAS
84.57,84.57,84.57,84.57,100,2022-01-14 17:24:00,DWAS
84.57,84.57,84.555,84.555,1966,2022-01-14 17:27:00,DWAS
84.5491,84.5491,84.5491,84.5491,292,2022-01-14 17:29:00,DWAS
84.53,84.53,84.53,84.53,374,2022-01-14 17:35:00,DWAS
84.578,84.578,84.578,84.578,191,2022-01-14 17:36:00,DWAS
84.5882,84.5882,84.5882,84.5882,981,2022-01-14 17:37:00,DWAS
84.4838,84.4838,84.4838,84.4838,141,2022-01-14 17:40:00,DWAS
84.4277,84.4277,84.4277,84.4277,320,2022-01-14 17:41:00,DWAS
84.3481,84.3481,84.3481,84.3481,285,2022-01-14 17:43:00,DWAS
84.301,84.301,84.301,84.301,264,2022-01-14 17:45:00,DWAS
84.1683,84.1683,84.1683,84.1683,319,2022-01-14 17:48:00,DWAS
84.17,84.17,84.17,84.17,285,2022-01-14 17:59:00,DWAS
84.18,84.18,84.18,84.18,100,2022-01-14 18:00:00,DWAS
84.1966,84.1966,84.1966,84.1966,543,2022-01-14 18:03:00,DWAS
84.1908,84.1908,84.1908,84.1908,359,2022-01-14 18:06:00,DWAS
84.1824,84.19,84.1824,84.19,371,2022-01-14 18:08:00,DWAS
84.0414,84.0414,84.0414,84.0414,573,2022-01-14 18:10:00,DWAS
84.0759,84.0759,84.0759,84.0759,320,2022-01-14 18:12:00,DWAS
84.1315,84.1583,84.1315,84.1583,345,2022-01-14 18:14:00,DWAS
84.1531,84.1531,84.1531,84.1531,717,2022-01-14 18:16:00,DWAS
84.1246,84.1246,84.1246,84.1246,152,2022-01-14 18:19:00,DWAS
84.0555,84.0555,84.0555,84.0555,246,2022-01-14 18:21:00,DWAS
83.9875,83.9875,83.9875,83.9875,2014,2022-01-14 18:23:00,DWAS
84.0322,84.0322,84.0322,84.0322,126,2022-01-14 18:29:00,DWAS
84.2136,84.2136,84.2136,84.2136,100,2022-01-14 18:46:00,DWAS
84.2818,84.2818,84.2818,84.2818,398,2022-01-14 18:50:00,DWAS
84.39,84.39,84.39,84.39,200,2022-01-14 18:56:00,DWAS
84.3218,84.3218,84.3218,84.3218,374,2022-01-14 18:57:00,DWAS
84.44,84.44,84.44,84.44,100,2022-01-14 19:00:00,DWAS
84.41,84.41,84.41,84.41,100,2022-01-14 19:14:00,DWAS
84.44,84.45,84.44,84.4462,2831,2022-01-14 19:17:00,DWAS
84.365,84.365,84.365,84.365,160,2022-01-14 19:31:00,DWAS
84.55,84.55,84.55,84.55,200,2022-01-14 19:35:00,DWAS
84.6005,84.6005,84.6005,84.6005,485,2022-01-14 19:40:00,DWAS
84.63,84.63,84.63,84.63,400,2022-01-14 19:46:00,DWAS
84.75,84.77,84.72,84.74,10150,2022-01-14 19:56:00,DWAS
84.83,84.83,84.83,84.83,200,2022-01-14 20:02:00,DWAS
84.78,84.81,84.78,84.7935,2418,2022-01-14 20:07:00,DWAS
84.73,84.73,84.73,84.73,200,2022-01-14 20:15:00,DWAS
84.97,84.98,84.97,84.98,300,2022-01-14 20:17:00,DWAS
85.07,85.07,85.07,85.07,200,2022-01-14 20:27:00,DWAS
85.06,85.06,85.06,85.06,200,2022-01-14 20:28:00,DWAS
85.01,85.01,85.01,85.01,125,2022-01-14 20:29:00,DWAS
85.1159,85.1159,85.1159,85.1159,100,2022-01-14 20:33:00,DWAS
85.0424,85.0424,84.9894,84.9894,1936,2022-01-14 20:35:00,DWAS
85.09,85.1,85.09,85.1,200,2022-01-14 20:38:00,DWAS
85.1,85.1,85.1,85.1,200,2022-01-14 20:40:00,DWAS
85.165,85.2,85.165,85.2,2601,2022-01-14 20:42:00,DWAS
85.2,85.2,85.2,85.2,300,2022-01-14 20:44:00,DWAS
85.23,85.23,85.23,85.23,100,2022-01-14 20:45:00,DWAS
85.16,85.16,85.16,85.16,300,2022-01-14 20:46:00,DWAS
85.04,85.06,85.04,85.06,400,2022-01-14 20:47:00,DWAS
85.09,85.1,85.09,85.1,400,2022-01-14 20:48:00,DWAS
85.16,85.16,85.16,85.16,200,2022-01-14 20:49:00,DWAS
85.2,85.2,85.2,85.2,100,2022-01-14 20:50:00,DWAS
85.27,85.27,85.27,85.27,100,2022-01-14 20:51:00,DWAS
85.24,85.24,85.24,85.24,350,2022-01-14 20:52:00,DWAS
85.29,85.29,85.29,85.29,133,2022-01-14 20:53:00,DWAS
85.31,85.31,85.24,85.24,200,2022-01-14 20:55:00,DWAS
85.28,85.29,85.28,85.29,612,2022-01-14 20:56:00,DWAS
85.3009,85.32,85.3009,85.3161,1045,2022-01-14 20:58:00,DWAS
85.35,85.35,85.32,85.32,1198,2022-01-14 20:59:00,DWAS
84.63,84.63,84.63,84.63,9008,2022-01-18 14:30:00,DWAS
84.13,84.13,84.13,84.13,500,2022-01-18 14:37:00,DWAS
84.395,84.395,84.395,84.395,700,2022-01-18 14:46:00,DWAS
84.27,84.27,84.27,84.27,100,2022-01-18 14:58:00,DWAS
84.1511,84.1511,84.1511,84.1511,166,2022-01-18 15:03:00,DWAS
84.43,84.43,84.43,84.43,144,2022-01-18 15:14:00,DWAS
84.187,84.187,84.187,84.187,400,2022-01-18 15:29:00,DWAS
84.129,84.129,84.129,84.129,100,2022-01-18 15:31:00,DWAS
83.94,83.94,83.94,83.94,229,2022-01-18 15:35:00,DWAS
83.84,83.84,83.76,83.76,3800,2022-01-18 15:37:00,DWAS
83.765,83.765,83.765,83.765,251,2022-01-18 15:38:00,DWAS
83.65,83.65,83.65,83.65,380,2022-01-18 15:41:00,DWAS
83.79,83.79,83.79,83.79,100,2022-01-18 15:45:00,DWAS
83.7767,83.7767,83.7767,83.7767,619,2022-01-18 15:46:00,DWAS
83.71,83.72,83.71,83.7102,1000,2022-01-18 15:50:00,DWAS
83.6599,83.6599,83.6599,83.6599,848,2022-01-18 15:55:00,DWAS
83.625,83.625,83.625,83.625,100,2022-01-18 15:56:00,DWAS
83.5,83.54,83.5,83.5299,400,2022-01-18 16:15:00,DWAS
83.3422,83.3422,83.3422,83.3422,168,2022-01-18 16:17:00,DWAS
83.37,83.37,83.37,83.37,111,2022-01-18 16:20:00,DWAS
83.46,83.46,83.4,83.4,200,2022-01-18 16:25:00,DWAS
83.34,83.34,83.29,83.29,300,2022-01-18 16:28:00,DWAS
83.5165,83.5165,83.51,83.51,277,2022-01-18 16:44:00,DWAS
83.57,83.57,83.56,83.56,200,2022-01-18 16:47:00,DWAS
83.5771,83.5771,83.5771,83.5771,560,2022-01-18 16:48:00,DWAS
83.5775,83.5775,83.575,83.575,200,2022-01-18 16:49:00,DWAS
83.5999,83.5999,83.535,83.535,200,2022-01-18 16:58:00,DWAS
83.41,83.41,83.41,83.41,100,2022-01-18 17:00:00,DWAS
83.24,83.24,83.24,83.24,100,2022-01-18 17:02:00,DWAS
83.19,83.19,83.18,83.18,200,2022-01-18 17:03:00,DWAS
83.14,83.14,83.14,83.14,100,2022-01-18 17:08:00,DWAS
83.18,83.18,83.18,83.18,200,2022-01-18 17:09:00,DWAS
83.36,83.39,83.36,83.39,1285,2022-01-18 17:18:00,DWAS
83.47,83.47,83.47,83.47,200,2022-01-18 17:21:00,DWAS
83.21,83.21,83.21,83.21,300,2022-01-18 17:29:00,DWAS
83.1775,83.1775,83.13,83.13,400,2022-01-18 17:32:00,DWAS
83.125,83.125,83.125,83.125,100,2022-01-18 17:33:00,DWAS
82.61,82.61,82.61,82.61,100,2022-01-18 18:06:00,DWAS
82.585,82.585,82.585,82.585,130,2022-01-18 18:07:00,DWAS
82.64,82.64,82.64,82.64,100,2022-01-18 18:09:00,DWAS
82.79,82.79,82.79,82.79,100,2022-01-18 18:17:00,DWAS
82.82,82.82,82.82,82.82,100,2022-01-18 18:18:00,DWAS
82.6383,82.6383,82.6383,82.6383,301,2022-01-18 18:26:00,DWAS
82.59,82.64,82.54,82.64,3491,2022-01-18 18:29:00,DWAS
82.68,82.68,82.68,82.68,100,2022-01-18 18:31:00,DWAS
82.64,82.64,82.6,82.6,1305,2022-01-18 18:32:00,DWAS
82.68,82.68,82.68,82.68,100,2022-01-18 18:34:00,DWAS
82.75,82.7575,82.75,82.755,400,2022-01-18 18:35:00,DWAS
82.7075,82.7075,82.705,82.705,200,2022-01-18 18:38:00,DWAS
82.76,82.76,82.76,82.76,200,2022-01-18 18:39:00,DWAS
82.82,82.82,82.82,82.82,100,2022-01-18 18:40:00,DWAS
82.88,82.9,82.83,82.88,1400,2022-01-18 18:47:00,DWAS
82.8775,82.8775,82.84,82.84,400,2022-01-18 18:48:00,DWAS
82.83,82.85,82.77,82.77,1600,2022-01-18 18:49:00,DWAS
82.89,82.93,82.89,82.93,200,2022-01-18 18:51:00,DWAS
82.89,82.89,82.89,82.89,100,2022-01-18 18:53:00,DWAS
83.1116,83.1116,83.1116,83.1116,100,2022-01-18 19:07:00,DWAS
83.12,83.12,83.12,83.12,100,2022-01-18 19:08:00,DWAS
83.0521,83.06,83.0521,83.06,200,2022-01-18 19:18:00,DWAS
83.025,83.025,83.025,83.025,103,2022-01-18 19:23:00,DWAS
83.0087,83.0087,82.98,82.98,215,2022-01-18 19:26:00,DWAS
83.1086,83.1086,83.1086,83.1086,127,2022-01-18 19:28:00,DWAS
83.0567,83.0567,83.04,83.04,843,2022-01-18 19:29:00,DWAS
83.19,83.19,83.19,83.19,100,2022-01-18 19:31:00,DWAS
83.19,83.19,83.18,83.185,300,2022-01-18 19:32:00,DWAS
83.4347,83.4347,83.4347,83.4347,106,2022-01-18 19:39:00,DWAS
83.38,83.385,83.38,83.38,1000,2022-01-18 19:44:00,DWAS
83.37,83.37,83.37,83.37,100,2022-01-18 19:45:00,DWAS
83.55,83.58,83.55,83.58,600,2022-01-18 19:47:00,DWAS
83.6967,83.6967,83.6967,83.6967,521,2022-01-18 19:53:00,DWAS
83.69,83.69,83.68,83.68,300,2022-01-18 19:54:00,DWAS
83.6296,83.6296,83.6296,83.6296,254,2022-01-18 19:56:00,DWAS
83.6,83.6,83.6,83.6,100,2022-01-18 19:57:00,DWAS
83.53,83.53,83.53,83.53,100,2022-01-18 19:59:00,DWAS
83.48,83.51,83.46,83.46,2400,2022-01-18 20:00:00,DWAS
83.4743,83.4743,83.4743,83.4743,278,2022-01-18 20:01:00,DWAS
83.5,83.57,83.5,83.57,900,2022-01-18 20:02:00,DWAS
83.54,83.54,83.41,83.41,600,2022-01-18 20:03:00,DWAS
83.355,83.355,83.355,83.355,100,2022-01-18 20:04:00,DWAS
83.3012,83.3012,83.3012,83.3012,400,2022-01-18 20:11:00,DWAS
83.32,83.32,83.32,83.32,200,2022-01-18 20:12:00,DWAS
82.975,82.98,82.975,82.975,300,2022-01-18 20:17:00,DWAS
83.03,83.04,83.03,83.04,200,2022-01-18 20:18:00,DWAS
83.06,83.09,82.99,83.035,3122,2022-01-18 20:19:00,DWAS
83.0275,83.07,83.025,83.025,400,2022-01-18 20:20:00,DWAS
83.1,83.1,83.1,83.1,100,2022-01-18 20:22:00,DWAS
83.15,83.15,83.15,83.15,200,2022-01-18 20:23:00,DWAS
83.15,83.18,83.15,83.18,326,2022-01-18 20:25:00,DWAS
83.08,83.08,83.08,83.08,100,2022-01-18 20:28:00,DWAS
83.05,83.05,83.03,83.05,410,2022-01-18 20:29:00,DWAS
83.0,83.0,83.0,83.0,100,2022-01-18 20:30:00,DWAS
83.01,83.01,83.01,83.01,100,2022-01-18 20:31:00,DWAS
83.06,83.06,83.06,83.06,100,2022-01-18 20:32:00,DWAS
83.03,83.03,82.98,82.98,300,2022-01-18 20:33:00,DWAS
83.0267,83.0267,83.0267,83.0267,150,2022-01-18 20:34:00,DWAS
82.94,82.94,82.88,82.94,400,2022-01-18 20:35:00,DWAS
82.95,82.95,82.95,82.95,100,2022-01-18 20:36:00,DWAS
82.86,82.93,82.84,82.84,332,2022-01-18 20:37:00,DWAS
82.885,82.92,82.885,82.92,200,2022-01-18 20:38:00,DWAS
82.915,82.915,82.905,82.905,528,2022-01-18 20:39:00,DWAS
82.88,82.88,82.88,82.88,100,2022-01-18 20:40:00,DWAS
82.88,82.88,82.85,82.85,1500,2022-01-18 20:41:00,DWAS
82.78,82.78,82.78,82.78,100,2022-01-18 20:42:00,DWAS
82.76,82.76,82.76,82.76,100,2022-01-18 20:43:00,DWAS
82.7,82.7,82.64,82.64,2771,2022-01-18 20:44:00,DWAS
82.62,82.69,82.62,82.68,1400,2022-01-18 20:45:00,DWAS
82.71,82.76,82.71,82.74,1000,2022-01-18 20:46:00,DWAS
82.8,82.8,82.8,82.8,500,2022-01-18 20:47:00,DWAS
82.79,82.81,82.79,82.79,700,2022-01-18 20:48:00,DWAS
82.81,82.81,82.76,82.81,1300,2022-01-18 20:49:00,DWAS
82.9,82.92,82.9,82.92,200,2022-01-18 20:50:00,DWAS
82.86,82.86,82.86,82.86,100,2022-01-18 20:51:00,DWAS
82.61,82.61,82.59,82.59,400,2022-01-18 20:53:00,DWAS
82.45,82.45,82.45,82.45,400,2022-01-18 20:54:00,DWAS
82.46,82.5,82.46,82.5,300,2022-01-18 20:55:00,DWAS
82.48,82.53,82.47,82.47,400,2022-01-18 20:56:00,DWAS
82.53,82.53,82.515,82.53,488,2022-01-18 20:57:00,DWAS
82.53,82.53,82.53,82.53,100,2022-01-18 20:58:00,DWAS
82.4801,82.59,82.4801,82.59,1516,2022-01-18 20:59:00,DWAS
82.47,82.47,82.47,82.47,2187,2022-01-18 21:00:00,DWAS
87.41,87.41,87.41,87.41,1000,2022-01-19 13:35:00,DWAS
82.75,83.2312,82.75,83.2312,891,2022-01-19 14:30:00,DWAS
82.84,82.84,82.84,82.84,100,2022-01-19 14:34:00,DWAS
82.88,82.88,82.88,82.88,100,2022-01-19 14:40:00,DWAS
82.705,82.705,82.705,82.705,800,2022-01-19 14:47:00,DWAS
82.54,82.54,82.54,82.54,500,2022-01-19 14:59:00,DWAS
82.47,82.515,82.47,82.515,407,2022-01-19 15:00:00,DWAS
82.42,82.497,82.41,82.497,3000,2022-01-19 15:01:00,DWAS
82.4601,82.4601,82.4601,82.4601,1400,2022-01-19 15:02:00,DWAS
82.4751,82.4751,82.46,82.47,805,2022-01-19 15:03:00,DWAS
82.35,82.35,82.35,82.35,100,2022-01-19 15:10:00,DWAS
82.39,82.42,82.39,82.42,751,2022-01-19 15:15:00,DWAS
82.37,82.38,82.31,82.31,400,2022-01-19 15:16:00,DWAS
81.7546,81.81,81.7,81.8,3523,2022-01-19 15:27:00,DWAS
81.8109,81.8109,81.8109,81.8109,150,2022-01-19 15:28:00,DWAS
81.7429,81.7429,81.7429,81.7429,325,2022-01-19 15:30:00,DWAS
81.513,81.513,81.513,81.513,200,2022-01-19 15:33:00,DWAS
81.1087,81.1087,81.1087,81.1087,664,2022-01-19 16:23:00,DWAS
80.9816,80.9816,80.98,80.98,830,2022-01-19 16:24:00,DWAS
81.1,81.1,81.1,81.1,600,2022-01-19 16:26:00,DWAS
81.1,81.24,81.1,81.23,2680,2022-01-19 16:27:00,DWAS
81.24,81.24,81.18,81.18,500,2022-01-19 16:28:00,DWAS
81.2,81.2,81.12,81.19,1400,2022-01-19 16:29:00,DWAS
81.22,81.39,81.21,81.37,3958,2022-01-19 16:30:00,DWAS
81.35,81.35,81.14,81.14,1415,2022-01-19 16:31:00,DWAS
81.12,81.15,81.1,81.15,600,2022-01-19 16:32:00,DWAS
81.14,81.14,81.1,81.1,500,2022-01-19 16:33:00,DWAS
81.07,81.07,81.0,81.0,200,2022-01-19 16:34:00,DWAS
81.1,81.1,81.02,81.02,241,2022-01-19 16:35:00,DWAS
81.0331,81.0331,81.0331,81.0331,529,2022-01-19 16:40:00,DWAS
81.05,81.05,81.05,81.05,252,2022-01-19 16:41:00,DWAS
81.11,81.11,81.0721,81.0721,830,2022-01-19 16:43:00,DWAS
81.14,81.14,81.14,81.14,330,2022-01-19 16:44:00,DWAS
81.4287,81.4287,81.4287,81.4287,247,2022-01-19 16:48:00,DWAS
81.415,81.415,81.415,81.415,400,2022-01-19 16:49:00,DWAS
81.54,81.62,81.54,81.62,200,2022-01-19 16:56:00,DWAS
81.57,81.64,81.57,81.64,328916,2022-01-19 16:57:00,DWAS
81.64,81.64,81.64,81.64,110,2022-01-19 16:58:00,DWAS
81.8,81.8,81.73,81.8,900,2022-01-19 17:04:00,DWAS
81.8519,81.8519,81.8519,81.8519,425,2022-01-19 17:07:00,DWAS
81.845,81.9029,81.845,81.8851,649,2022-01-19 17:08:00,DWAS
81.9029,81.9029,81.9029,81.9029,250,2022-01-19 17:09:00,DWAS
82.0419,82.0419,82.0419,82.0419,249,2022-01-19 17:12:00,DWAS
82.1193,82.1193,82.1193,82.1193,324,2022-01-19 17:14:00,DWAS
82.0095,82.0095,82.0095,82.0095,1000,2022-01-19 17:18:00,DWAS
81.9961,81.9961,81.9961,81.9961,243,2022-01-19 17:27:00,DWAS
81.9695,81.9695,81.9695,81.9695,255,2022-01-19 17:28:00,DWAS
82.01,82.01,82.01,82.01,240,2022-01-19 17:30:00,DWAS
81.93,81.93,81.93,81.93,100,2022-01-19 17:31:00,DWAS
81.71,81.71,81.71,81.71,100,2022-01-19 17:41:00,DWAS
81.6301,81.7187,81.6301,81.7187,1191,2022-01-19 18:03:00,DWAS
81.5701,81.5701,81.5701,81.5701,275,2022-01-19 18:23:00,DWAS
81.53,81.53,81.53,81.53,107,2022-01-19 18:25:00,DWAS
81.54,81.54,81.54,81.54,167,2022-01-19 18:27:00,DWAS
81.55,81.55,81.55,81.55,138,2022-01-19 18:29:00,DWAS
81.55,81.55,81.49,81.49,936,2022-01-19 18:31:00,DWAS
81.54,81.54,81.54,81.54,100,2022-01-19 18:44:00,DWAS
81.59,81.59,81.59,81.59,100,2022-01-19 18:45:00,DWAS
81.6099,81.61,81.6,81.6,480,2022-01-19 18:46:00,DWAS
81.6006,81.6006,81.6006,81.6006,147,2022-01-19 18:49:00,DWAS
81.55,81.55,81.55,81.55,100,2022-01-19 18:50:00,DWAS
81.5692,81.5692,81.5692,81.5692,469,2022-01-19 18:51:00,DWAS
81.5811,81.5811,81.5811,81.5811,861,2022-01-19 18:52:00,DWAS
81.61,81.61,81.61,81.61,320,2022-01-19 18:53:00,DWAS
81.69,81.69,81.68,81.68,220,2022-01-19 18:55:00,DWAS
81.74,81.74,81.71,81.71,400,2022-01-19 18:56:00,DWAS
81.6165,81.6165,81.6165,81.6165,123,2022-01-19 19:01:00,DWAS
81.5476,81.5476,81.5476,81.5476,1471,2022-01-19 19:04:00,DWAS
81.4368,81.4368,81.4368,81.4368,482,2022-01-19 19:11:00,DWAS
81.3755,81.3755,81.3755,81.3755,398,2022-01-19 19:13:00,DWAS
81.2719,81.2719,81.2719,81.2719,240,2022-01-19 19:21:00,DWAS
81.22,81.22,81.22,81.22,100,2022-01-19 19:23:00,DWAS
81.25,81.25,81.25,81.25,100,2022-01-19 19:42:00,DWAS
81.39,81.39,81.39,81.39,921,2022-01-19 19:43:00,DWAS
81.2587,81.2587,81.2587,81.2587,781,2022-01-19 20:19:00,DWAS
81.21,81.23,81.21,81.23,753,2022-01-19 20:24:00,DWAS
81.26,81.26,81.26,81.26,278,2022-01-19 20:25:00,DWAS
81.2047,81.2047,81.2047,81.2047,594,2022-01-19 20:26:00,DWAS
81.07,81.07,81.05,81.05,500,2022-01-19 20:29:00,DWAS
81.0,81.11,81.0,81.11,1099,2022-01-19 20:31:00,DWAS
80.8624,80.8624,80.8624,80.8624,150,2022-01-19 20:33:00,DWAS
80.95,80.97,80.95,80.97,400,2022-01-19 20:36:00,DWAS
80.89,80.8979,80.8428,80.85,1700,2022-01-19 20:39:00,DWAS
80.9598,80.9598,80.9598,80.9598,200,2022-01-19 20:42:00,DWAS
80.93,80.93,80.93,80.93,200,2022-01-19 20:47:00,DWAS
80.9765,80.9765,80.9765,80.9765,100,2022-01-19 20:49:00,DWAS
80.785,80.785,80.785,80.785,400,2022-01-19 20:52:00,DWAS
80.5707,80.5707,80.5707,80.5707,1000,2022-01-19 20:56:00,DWAS
80.6,80.67,80.6,80.67,807,2022-01-19 20:59:00,DWAS
80.58,80.58,80.58,80.58,887,2022-01-19 21:00:00,DWAS
80.97,80.99,80.96,80.99,2504,2022-01-20 14:30:00,DWAS
80.975,80.975,80.975,80.975,100,2022-01-20 14:32:00,DWAS
81.05,81.05,81.05,81.05,100,2022-01-20 14:35:00,DWAS
80.91,80.91,80.91,80.91,100,2022-01-20 14:45:00,DWAS
81.26,81.26,81.17,81.17,609,2022-01-20 14:54:00,DWAS
81.15,81.15,81.15,81.15,100,2022-01-20 14:55:00,DWAS
81.29,81.29,81.29,81.29,100,2022-01-20 14:59:00,DWAS
81.34,81.34,81.34,81.34,100,2022-01-20 15:07:00,DWAS
81.26,81.26,81.26,81.26,100,2022-01-20 15:11:00,DWAS
81.24,81.29,81.24,81.29,300,2022-01-20 15:12:00,DWAS
81.3747,81.3747,81.3747,81.3747,369,2022-01-20 15:27:00,DWAS
81.45,81.45,81.45,81.45,100,2022-01-20 15:30:00,DWAS
81.9638,81.9638,81.9638,81.9638,205,2022-01-20 15:47:00,DWAS
82.1561,82.1561,82.1561,82.1561,175,2022-01-20 15:53:00,DWAS
82.1,82.1,82.085,82.085,400,2022-01-20 15:58:00,DWAS
82.1001,82.1001,82.1001,82.1001,107,2022-01-20 16:00:00,DWAS
82.0583,82.0583,82.0583,82.0583,300,2022-01-20 16:18:00,DWAS
82.03,82.03,82.03,82.03,800,2022-01-20 16:29:00,DWAS
81.895,81.895,81.895,81.895,178,2022-01-20 16:44:00,DWAS
82.0,82.0,81.8541,81.8541,551,2022-01-20 16:46:00,DWAS
82.02,82.04,82.02,82.04,405,2022-01-20 16:50:00,DWAS
82.05,82.05,82.02,82.02,432,2022-01-20 16:57:00,DWAS
82.04,82.04,82.04,82.04,100,2022-01-20 16:59:00,DWAS
82.04,82.04,82.04,82.04,200,2022-01-20 17:00:00,DWAS
81.98,81.98,81.98,81.98,200,2022-01-20 17:03:00,DWAS
81.9819,81.9819,81.9819,81.9819,100,2022-01-20 17:14:00,DWAS
81.9052,81.9052,81.9052,81.9052,100,2022-01-20 17:16:00,DWAS
81.8793,81.8793,81.8793,81.8793,100,2022-01-20 17:21:00,DWAS
81.885,81.885,81.885,81.885,300,2022-01-20 17:27:00,DWAS
81.98,81.98,81.98,81.98,100,2022-01-20 17:30:00,DWAS
81.9698,81.9698,81.9698,81.9698,118,2022-01-20 17:37:00,DWAS
81.9572,81.9572,81.9572,81.9572,610,2022-01-20 17:42:00,DWAS
81.75,81.75,81.75,81.75,900,2022-01-20 17:51:00,DWAS
81.8995,81.8995,81.8995,81.8995,250,2022-01-20 17:53:00,DWAS
81.65,81.7,81.65,81.68,700,2022-01-20 18:14:00,DWAS
81.6072,81.6072,81.6072,81.6072,100,2022-01-20 18:27:00,DWAS
81.4189,81.4189,81.4189,81.4189,230,2022-01-20 18:41:00,DWAS
81.3893,81.3893,81.3893,81.3893,500,2022-01-20 18:50:00,DWAS
81.425,81.425,81.425,81.425,100,2022-01-20 18:56:00,DWAS
81.291,81.3194,81.291,81.3194,2694,2022-01-20 18:57:00,DWAS
81.26,81.26,81.26,81.26,100,2022-01-20 18:59:00,DWAS
81.275,81.275,81.275,81.275,100,2022-01-20 19:01:00,DWAS
81.3199,81.3199,81.3199,81.3199,234,2022-01-20 19:02:00,DWAS
80.97,80.97,80.97,80.97,100,2022-01-20 19:23:00,DWAS
81.02,81.02,80.99,80.99,280,2022-01-20 19:24:00,DWAS
80.98,80.98,80.97,80.97,200,2022-01-20 19:26:00,DWAS
80.95,80.95,80.95,80.95,100,2022-01-20 19:27:00,DWAS
80.703,80.703,80.703,80.703,156,2022-01-20 19:31:00,DWAS
80.602,80.602,80.59,80.59,464,2022-01-20 19:40:00,DWAS
80.45,80.45,80.45,80.45,200,2022-01-20 19:49:00,DWAS
80.47,80.47,80.47,80.47,265,2022-01-20 19:54:00,DWAS
80.49,80.49,80.49,80.49,100,2022-01-20 19:55:00,DWAS
80.51,80.51,80.51,80.51,200,2022-01-20 20:00:00,DWAS
80.47,80.5056,80.47,80.5056,4571,2022-01-20 20:01:00,DWAS
80.06,80.06,80.06,80.06,100,2022-01-20 20:07:00,DWAS
80.0827,80.0827,79.9813,79.9813,400,2022-01-20 20:08:00,DWAS
80.06,80.06,80.06,80.06,350,2022-01-20 20:09:00,DWAS
80.07,80.07,80.07,80.07,300,2022-01-20 20:10:00,DWAS
80.06,80.06,80.06,80.06,200,2022-01-20 20:11:00,DWAS
80.06,80.065,80.06,80.065,1050,2022-01-20 20:13:00,DWAS
80.03,80.03,79.97,79.97,500,2022-01-20 20:15:00,DWAS
79.96,79.96,79.92,79.92,300,2022-01-20 20:16:00,DWAS
80.05,80.05,80.05,80.05,200,2022-01-20 20:20:00,DWAS
79.92,79.92,79.92,79.92,2300,2022-01-20 20:22:00,DWAS
79.69,79.69,79.67,79.68,633,2022-01-20 20:28:00,DWAS
79.64,79.64,79.62,79.63,700,2022-01-20 20:34:00,DWAS
79.4,79.4,79.37,79.37,2241,2022-01-20 20:37:00,DWAS
79.32,79.32,79.29,79.29,573,2022-01-20 20:40:00,DWAS
79.29,79.29,79.29,79.29,200,2022-01-20 20:42:00,DWAS
79.22,79.25,79.22,79.22,1657,2022-01-20 20:43:00,DWAS
79.151,79.151,79.1,79.1,1762,2022-01-20 20:44:00,DWAS
79.09,79.1,79.04,79.04,8455,2022-01-20 20:45:00,DWAS
79.1,79.1,79.1,79.1,100,2022-01-20 20:46:00,DWAS
78.99,79.03,78.96,78.96,1236,2022-01-20 20:47:00,DWAS
79.0,79.0,78.96,78.97,700,2022-01-20 20:48:00,DWAS
78.94,78.94,78.93,78.94,800,2022-01-20 20:49:00,DWAS
78.82,78.92,78.82,78.88,1244,2022-01-20 20:50:00,DWAS
78.94,78.95,78.87,78.87,735,2022-01-20 20:51:00,DWAS
78.81,78.81,78.74,78.74,1435,2022-01-20 20:52:00,DWAS
78.72,78.72,78.66,78.66,751,2022-01-20 20:53:00,DWAS
78.65,78.66,78.59,78.59,1295,2022-01-20 20:54:00,DWAS
78.57,78.57,78.5,78.52,2508,2022-01-20 20:55:00,DWAS
78.48,78.52,78.48,78.52,1376,2022-01-20 20:56:00,DWAS
78.54,78.59,78.5,78.59,5388,2022-01-20 20:57:00,DWAS
78.64,78.64,78.57,78.58,3752,2022-01-20 20:58:00,DWAS
78.55,78.65,78.55,78.65,1268,2022-01-20 20:59:00,DWAS
78.63,78.63,78.63,78.63,194,2022-01-20 21:00:00,DWAS
78.55,78.55,78.55,78.55,10881,2022-01-20 21:04:00,DWAS
78.55,78.55,78.55,78.55,1200,2022-01-21 14:00:00,DWAS
78.03,78.03,78.03,78.03,2400,2022-01-21 14:29:00,DWAS
77.98,77.98,77.97,77.97,7199,2022-01-21 14:30:00,DWAS
77.93,77.93,77.91,77.93,300,2022-01-21 14:31:00,DWAS
77.93,77.96,77.79,77.79,900,2022-01-21 14:32:00,DWAS
78.0,78.01,77.93,77.98,500,2022-01-21 14:33:00,DWAS
78.06,78.48,78.06,78.25,800,2022-01-21 14:34:00,DWAS
78.28,78.28,78.28,78.28,100,2022-01-21 14:35:00,DWAS
78.4858,78.4858,78.2,78.2,800,2022-01-21 14:36:00,DWAS
77.67,77.85,77.67,77.85,2100,2022-01-21 14:44:00,DWAS
77.75,77.8,77.75,77.8,400,2022-01-21 14:45:00,DWAS
78.02,78.29,78.02,78.29,500,2022-01-21 14:46:00,DWAS
77.8987,77.8987,77.8987,77.8987,600,2022-01-21 14:52:00,DWAS
77.7257,77.7257,77.66,77.67,725,2022-01-21 14:54:00,DWAS
77.66,77.68,77.66,77.68,300,2022-01-21 14:55:00,DWAS
77.62,77.68,77.62,77.68,300,2022-01-21 14:58:00,DWAS
77.73,77.78,77.73,77.78,200,2022-01-21 14:59:00,DWAS
77.52,77.53,77.52,77.53,200,2022-01-21 15:03:00,DWAS
77.7,77.72,77.63,77.63,800,2022-01-21 15:05:00,DWAS
77.77,77.81,77.77,77.81,400,2022-01-21 15:06:00,DWAS
77.58,77.58,77.57,77.57,500,2022-01-21 15:07:00,DWAS
77.62,77.62,77.6075,77.6075,400,2022-01-21 15:08:00,DWAS
77.33,77.33,77.11,77.11,228,2022-01-21 15:12:00,DWAS
77.155,77.19,77.155,77.19,400,2022-01-21 15:13:00,DWAS
77.31,77.36,77.23,77.35,3500,2022-01-21 15:15:00,DWAS
77.1645,77.28,77.1645,77.28,400,2022-01-21 15:16:00,DWAS
77.25,77.25,77.25,77.25,100,2022-01-21 15:17:00,DWAS
77.08,77.08,77.06,77.06,1100,2022-01-21 15:21:00,DWAS
77.37,77.42,77.37,77.42,600,2022-01-21 15:24:00,DWAS
77.87,77.87,77.87,77.87,100,2022-01-21 15:26:00,DWAS
77.93,77.94,77.93,77.94,300,2022-01-21 15:27:00,DWAS
77.99,78.03,77.99,78.03,1068,2022-01-21 15:30:00,DWAS
78.41,78.41,78.41,78.41,128,2022-01-21 15:33:00,DWAS
78.5,78.5,78.5,78.5,100,2022-01-21 15:35:00,DWAS
78.65,78.66,78.63,78.63,900,2022-01-21 15:39:00,DWAS
78.4765,78.64,78.4765,78.57,1680,2022-01-21 15:42:00,DWAS
78.42,78.42,78.35,78.35,525,2022-01-21 15:43:00,DWAS
78.45,78.46,78.45,78.46,300,2022-01-21 15:45:00,DWAS
78.48,78.64,78.455,78.55,1952,2022-01-21 15:47:00,DWAS
78.6,78.6,78.6,78.6,126,2022-01-21 15:48:00,DWAS
78.915,78.915,78.915,78.915,350,2022-01-21 15:49:00,DWAS
79.15,79.15,79.15,79.15,100,2022-01-21 15:50:00,DWAS
79.09,79.25,79.09,79.25,200,2022-01-21 15:51:00,DWAS
79.29,79.29,79.16,79.16,700,2022-01-21 15:52:00,DWAS
78.97,78.97,78.97,78.97,200,2022-01-21 16:05:00,DWAS
79.05,79.05,79.02,79.03,700,2022-01-21 16:08:00,DWAS
79.11,79.11,79.11,79.11,100,2022-01-21 16:10:00,DWAS
78.97,78.97,78.97,78.97,228,2022-01-21 16:11:00,DWAS
78.9049,78.9049,78.9049,78.9049,200,2022-01-21 16:12:00,DWAS
78.9308,78.9308,78.9,78.9,641,2022-01-21 16:14:00,DWAS
79.025,79.22,79.025,79.22,1140,2022-01-21 16:17:00,DWAS
79.18,79.18,79.18,79.18,100,2022-01-21 16:18:00,DWAS
79.14,79.14,79.14,79.14,150,2022-01-21 16:19:00,DWAS
79.5,79.51,79.5,79.51,208,2022-01-21 16:21:00,DWAS
79.4835,79.4835,79.4835,79.4835,150,2022-01-21 16:24:00,DWAS
79.15,79.15,79.15,79.15,200,2022-01-21 16:31:00,DWAS
79.1347,79.1347,79.1347,79.1347,161,2022-01-21 16:32:00,DWAS
79.22,79.22,79.22,79.22,100,2022-01-21 16:33:00,DWAS
78.44,78.44,78.44,78.44,100,2022-01-21 16:49:00,DWAS
78.52,78.54,78.52,78.52,1109,2022-01-21 16:51:00,DWAS
78.31,78.31,78.31,78.31,100,2022-01-21 16:55:00,DWAS
78.39,78.39,78.39,78.39,100,2022-01-21 16:59:00,DWAS
78.4025,78.4025,78.4025,78.4025,400,2022-01-21 17:00:00,DWAS
78.46,78.46,78.46,78.46,100,2022-01-21 17:01:00,DWAS
78.4,78.4,78.4,78.4,100,2022-01-21 17:04:00,DWAS
78.43,78.43,78.4,78.4,600,2022-01-21 17:05:00,DWAS
78.4616,78.4616,78.4616,78.4616,127,2022-01-21 17:07:00,DWAS
78.31,78.31,78.31,78.31,100,2022-01-21 17:09:00,DWAS
78.28,78.28,78.24,78.24,400,2022-01-21 17:10:00,DWAS
78.14,78.14,78.14,78.14,100,2022-01-21 17:12:00,DWAS
78.19,78.19,78.19,78.19,300,2022-01-21 17:13:00,DWAS
78.09,78.09,78.09,78.09,100,2022-01-21 17:16:00,DWAS
77.9126,77.9126,77.9126,77.9126,500,2022-01-21 17:21:00,DWAS
77.95,78.02,77.95,78.02,400,2022-01-21 17:22:00,DWAS
77.9535,77.9535,77.9535,77.9535,500,2022-01-21 17:23:00,DWAS
78.1,78.1,78.1,78.1,200,2022-01-21 17:25:00,DWAS
78.14,78.14,78.14,78.14,100,2022-01-21 17:26:00,DWAS
78.1,78.1,78.1,78.1,100,2022-01-21 17:31:00,DWAS
78.0901,78.12,78.0901,78.12,300,2022-01-21 17:32:00,DWAS
78.36,78.36,78.36,78.36,190,2022-01-21 17:35:00,DWAS
78.09,78.09,77.98,77.98,1200,2022-01-21 17:36:00,DWAS
78.06,78.06,78.06,78.06,100,2022-01-21 17:39:00,DWAS
78.07,78.07,78.07,78.07,100,2022-01-21 17:45:00,DWAS
78.02,78.02,78.02,78.02,100,2022-01-21 17:46:00,DWAS
77.865,77.865,77.865,77.865,305,2022-01-21 17:49:00,DWAS
77.89,77.92,77.8038,77.92,300,2022-01-21 17:52:00,DWAS
77.95,77.98,77.95,77.98,400,2022-01-21 17:57:00,DWAS
78.17,78.17,78.17,78.17,118,2022-01-21 18:01:00,DWAS
77.96,77.96,77.96,77.96,200,2022-01-21 18:02:00,DWAS
78.04,78.04,78.04,78.04,200,2022-01-21 18:06:00,DWAS
78.03,78.16,78.03,78.16,200,2022-01-21 18:10:00,DWAS
78.22,78.22,78.22,78.22,100,2022-01-21 18:12:00,DWAS
78.2536,78.2799,78.2536,78.2799,630,2022-01-21 18:14:00,DWAS
78.08,78.08,78.08,78.08,400,2022-01-21 18:16:00,DWAS
78.04,78.04,78.03,78.03,200,2022-01-21 18:18:00,DWAS
77.89,77.89,77.89,77.89,100,2022-01-21 18:20:00,DWAS
77.73,77.73,77.73,77.73,500,2022-01-21 18:24:00,DWAS
77.735,77.735,77.735,77.735,250,2022-01-21 18:26:00,DWAS
77.81,77.81,77.81,77.81,100,2022-01-21 18:27:00,DWAS
77.95,77.95,77.95,77.95,200,2022-01-21 18:30:00,DWAS
77.9,77.9,77.9,77.9,100,2022-01-21 18:31:00,DWAS
77.95,77.95,77.95,77.95,300,2022-01-21 18:32:00,DWAS
77.91,77.91,77.91,77.91,200,2022-01-21 18:35:00,DWAS
78.02,78.02,78.02,78.02,100,2022-01-21 18:37:00,DWAS
78.11,78.11,78.11,78.11,100,2022-01-21 18:38:00,DWAS
78.2196,78.2196,78.2196,78.2196,150,2022-01-21 18:43:00,DWAS
78.13,78.13,78.1,78.1,600,2022-01-21 18:46:00,DWAS
78.1,78.1,78.1,78.1,500,2022-01-21 18:49:00,DWAS
78.28,78.28,78.28,78.28,200,2022-01-21 18:50:00,DWAS
78.14,78.14,78.14,78.14,600,2022-01-21 18:51:00,DWAS
78.22,78.22,78.22,78.22,100,2022-01-21 18:52:00,DWAS
78.04,78.04,78.04,78.04,700,2022-01-21 18:58:00,DWAS
78.01,78.01,78.01,78.01,100,2022-01-21 18:59:00,DWAS
78.01,78.01,78.01,78.01,100,2022-01-21 19:00:00,DWAS
78.06,78.06,77.98,78.06,800,2022-01-21 19:03:00,DWAS
78.13,78.13,78.13,78.13,200,2022-01-21 19:04:00,DWAS
78.22,78.26,78.22,78.26,400,2022-01-21 19:06:00,DWAS
78.22,78.22,78.14,78.14,200,2022-01-21 19:07:00,DWAS
78.18,78.2,78.18,78.2,303,2022-01-21 19:13:00,DWAS
78.12,78.12,78.12,78.12,100,2022-01-21 19:14:00,DWAS
78.18,78.18,78.17,78.17,600,2022-01-21 19:15:00,DWAS
78.16,78.16,78.16,78.16,100,2022-01-21 19:16:00,DWAS
78.09,78.13,78.09,78.13,1545,2022-01-21 19:20:00,DWAS
78.14,78.14,78.13,78.13,200,2022-01-21 19:22:00,DWAS
78.17,78.2,78.17,78.2,600,2022-01-21 19:24:00,DWAS
78.1,78.1,78.1,78.1,200,2022-01-21 19:25:00,DWAS
78.03,78.03,77.97,77.97,1400,2022-01-21 19:26:00,DWAS
77.89,77.89,77.89,77.89,200,2022-01-21 19:28:00,DWAS
77.8,77.8,77.8,77.8,200,2022-01-21 19:29:00,DWAS
77.8,77.82,77.79,77.82,600,2022-01-21 19:32:00,DWAS
77.67,77.67,77.66,77.66,376,2022-01-21 19:35:00,DWAS
77.69,77.77,77.69,77.77,600,2022-01-21 19:36:00,DWAS
77.76,77.76,77.76,77.76,100,2022-01-21 19:37:00,DWAS
77.83,77.83,77.81,77.81,600,2022-01-21 19:38:00,DWAS
77.93,77.93,77.93,77.93,100,2022-01-21 19:40:00,DWAS
77.89,77.89,77.89,77.89,100,2022-01-21 19:41:00,DWAS
77.87,77.87,77.86,77.86,200,2022-01-21 19:42:00,DWAS
77.9399,77.9399,77.9399,77.9399,322,2022-01-21 19:44:00,DWAS
77.88,77.88,77.88,77.88,173,2022-01-21 19:45:00,DWAS
77.9,77.9,77.84,77.87,1000,2022-01-21 19:46:00,DWAS
77.99,77.99,77.99,77.99,100,2022-01-21 19:48:00,DWAS
77.96,77.96,77.96,77.96,100,2022-01-21 19:49:00,DWAS
77.7619,77.7619,77.7619,77.7619,400,2022-01-21 19:52:00,DWAS
77.61,77.61,77.52,77.52,2952,2022-01-21 19:57:00,DWAS
77.48,77.48,77.41,77.42,1600,2022-01-21 19:59:00,DWAS
77.43,77.43,77.43,77.43,300,2022-01-21 20:00:00,DWAS
77.5,77.5,77.5,77.5,100,2022-01-21 20:01:00,DWAS
77.23,77.23,77.21,77.21,500,2022-01-21 20:07:00,DWAS
77.23,77.27,77.23,77.27,500,2022-01-21 20:09:00,DWAS
77.14,77.14,77.11,77.11,2300,2022-01-21 20:10:00,DWAS
77.0514,77.0514,77.0514,77.0514,350,2022-01-21 20:12:00,DWAS
77.15,77.18,77.15,77.18,369,2022-01-21 20:13:00,DWAS
77.32,77.36,77.32,77.36,400,2022-01-21 20:16:00,DWAS
77.47,77.47,77.47,77.47,300,2022-01-21 20:17:00,DWAS
77.5,77.5,77.47,77.47,200,2022-01-21 20:18:00,DWAS
77.47,77.47,77.47,77.47,100,2022-01-21 20:19:00,DWAS
77.32,77.32,77.27,77.27,600,2022-01-21 20:22:00,DWAS
77.3379,77.39,77.26,77.26,1552,2022-01-21 20:23:00,DWAS
77.315,77.315,77.315,77.315,148,2022-01-21 20:24:00,DWAS
77.25,77.25,77.21,77.21,400,2022-01-21 20:25:00,DWAS
77.16,77.16,77.16,77.16,900,2022-01-21 20:26:00,DWAS
77.15,77.18,77.09,77.09,1444,2022-01-21 20:27:00,DWAS
77.1,77.1,77.1,77.1,376,2022-01-21 20:30:00,DWAS
77.2,77.2,77.18,77.18,200,2022-01-21 20:34:00,DWAS
77.31,77.31,77.31,77.31,300,2022-01-21 20:38:00,DWAS
77.67,77.67,77.67,77.67,200,2022-01-21 20:42:00,DWAS
77.71,77.71,77.71,77.71,117,2022-01-21 20:43:00,DWAS
77.65,77.65,77.62,77.62,208,2022-01-21 20:44:00,DWAS
77.38,77.38,77.12,77.13,3301,2022-01-21 20:50:00,DWAS
77.2,77.35,77.15,77.23,5130,2022-01-21 20:51:00,DWAS
77.15,77.15,77.13,77.13,400,2022-01-21 20:52:00,DWAS
77.1599,77.1599,77.1599,77.1599,200,2022-01-21 20:54:00,DWAS
77.03,77.03,77.03,77.03,100,2022-01-21 20:55:00,DWAS
76.98,76.98,76.97,76.97,655,2022-01-21 20:56:00,DWAS
77.26,77.27,77.26,77.27,200,2022-01-21 20:58:00,DWAS
77.0588,77.0588,76.9,76.9,2745,2022-01-21 20:59:00,DWAS
77.03,77.03,77.03,77.03,1166,2022-01-21 21:00:00,DWAS
75.55,75.55,75.53,75.53,300,2022-01-24 14:29:00,DWAS
75.22,75.22,75.12,75.12,4725,2022-01-24 14:30:00,DWAS
75.01,75.01,74.8187,74.8187,428,2022-01-24 14:31:00,DWAS
74.96,74.96,74.96,74.96,633,2022-01-24 14:32:00,DWAS
75.2505,75.2505,75.2505,75.2505,100,2022-01-24 14:33:00,DWAS
75.62,75.62,75.61,75.61,700,2022-01-24 14:36:00,DWAS
75.93,75.93,75.795,75.91,600,2022-01-24 14:41:00,DWAS
75.2909,75.36,75.2909,75.36,221,2022-01-24 14:47:00,DWAS
75.16,75.16,75.16,75.16,130,2022-01-24 14:57:00,DWAS
75.03,75.06,75.03,75.06,300,2022-01-24 15:00:00,DWAS
75.0024,75.0966,75.0024,75.0966,1220,2022-01-24 15:02:00,DWAS
74.84,74.84,74.84,74.84,100,2022-01-24 15:03:00,DWAS
74.9087,74.9087,74.78,74.78,2560,2022-01-24 15:04:00,DWAS
74.83,74.84,74.75,74.76,3800,2022-01-24 15:06:00,DWAS
74.78,74.78,74.78,74.78,100,2022-01-24 15:08:00,DWAS
74.63,74.63,74.63,74.63,100,2022-01-24 15:09:00,DWAS
74.38,74.38,74.3007,74.3007,900,2022-01-24 15:11:00,DWAS
74.48,74.48,74.465,74.465,400,2022-01-24 15:17:00,DWAS
74.4523,74.4523,74.4523,74.4523,200,2022-01-24 15:21:00,DWAS
74.55,74.55,74.475,74.475,300,2022-01-24 15:22:00,DWAS
74.8195,74.8195,74.8195,74.8195,416,2022-01-24 15:23:00,DWAS
75.1979,75.1979,75.1979,75.1979,230,2022-01-24 15:26:00,DWAS
75.5868,75.5868,75.5868,75.5868,100,2022-01-24 15:33:00,DWAS
75.3483,75.3483,75.3483,75.3483,150,2022-01-24 15:35:00,DWAS
75.27,75.27,75.27,75.27,100,2022-01-24 15:51:00,DWAS
75.4369,75.4369,75.4369,75.4369,250,2022-01-24 16:00:00,DWAS
75.34,75.34,75.34,75.34,100,2022-01-24 16:01:00,DWAS
75.445,75.445,75.445,75.445,110,2022-01-24 16:07:00,DWAS
75.15,75.15,75.15,75.15,400,2022-01-24 16:12:00,DWAS
75.0701,75.0701,75.0701,75.0701,185,2022-01-24 16:21:00,DWAS
74.785,74.785,74.785,74.785,300,2022-01-24 16:44:00,DWAS
74.8946,74.8946,74.8946,74.8946,180,2022-01-24 16:53:00,DWAS
75.0799,75.0799,75.0799,75.0799,300,2022-01-24 16:54:00,DWAS
75.4351,75.4351,75.4351,75.4351,200,2022-01-24 16:55:00,DWAS
75.4068,75.4068,75.4068,75.4068,260,2022-01-24 16:56:00,DWAS
75.31,75.31,75.31,75.31,100,2022-01-24 16:59:00,DWAS
75.38,75.38,75.38,75.38,150,2022-01-24 17:02:00,DWAS
75.2039,75.27,75.2039,75.27,267,2022-01-24 17:03:00,DWAS
75.18,75.18,75.18,75.18,150,2022-01-24 17:04:00,DWAS
75.25,75.25,75.25,75.25,100,2022-01-24 17:05:00,DWAS
75.06,75.06,74.99,75.06,10657,2022-01-24 17:10:00,DWAS
75.11,75.11,75.06,75.06,1000,2022-01-24 17:12:00,DWAS
74.84,74.84,74.84,74.84,140,2022-01-24 17:21:00,DWAS
74.78,74.845,74.76,74.845,1000,2022-01-24 17:22:00,DWAS
74.4,74.4,74.39,74.4,560,2022-01-24 17:25:00,DWAS
74.3563,74.3563,74.3563,74.3563,375,2022-01-24 17:26:00,DWAS
74.56,74.56,74.56,74.56,300,2022-01-24 17:27:00,DWAS
74.47,74.63,74.47,74.63,200,2022-01-24 17:28:00,DWAS
74.455,74.455,74.455,74.455,100,2022-01-24 17:35:00,DWAS
74.425,74.425,74.425,74.425,867,2022-01-24 17:36:00,DWAS
74.67,74.7659,74.67,74.7659,726,2022-01-24 17:48:00,DWAS
74.73,74.74,74.73,74.74,206,2022-01-24 17:50:00,DWAS
74.94,74.94,74.94,74.94,159,2022-01-24 17:51:00,DWAS
75.2777,75.2777,75.2777,75.2777,150,2022-01-24 17:55:00,DWAS
76.25,76.25,76.25,76.25,100,2022-01-24 18:16:00,DWAS
76.3,76.3,76.3,76.3,100,2022-01-24 18:17:00,DWAS
76.19,76.19,76.19,76.19,140,2022-01-24 18:20:00,DWAS
75.84,75.84,75.84,75.84,200,2022-01-24 18:24:00,DWAS
75.82,75.82,75.82,75.82,152,2022-01-24 18:26:00,DWAS
76.04,76.04,76.04,76.04,200,2022-01-24 18:33:00,DWAS
75.99,75.99,75.99,75.99,200,2022-01-24 18:42:00,DWAS
76.03,76.03,76.01,76.01,327,2022-01-24 18:43:00,DWAS
75.87,75.87,75.85,75.85,332,2022-01-24 18:44:00,DWAS
76.2043,76.2043,76.2043,76.2043,127,2022-01-24 18:48:00,DWAS
76.514,76.514,76.514,76.514,300,2022-01-24 18:51:00,DWAS
76.4601,76.5203,76.45,76.5203,2100,2022-01-24 18:53:00,DWAS
76.59,76.59,76.59,76.59,100,2022-01-24 18:54:00,DWAS
76.91,76.91,76.91,76.91,100,2022-01-24 18:55:00,DWAS
76.815,76.815,76.815,76.815,124,2022-01-24 18:57:00,DWAS
77.441,77.4499,77.396,77.396,307,2022-01-24 19:03:00,DWAS
77.23,77.23,77.23,77.23,112,2022-01-24 19:04:00,DWAS
77.71,77.73,77.71,77.73,200,2022-01-24 19:08:00,DWAS
77.46,77.46,77.43,77.43,600,2022-01-24 19:12:00,DWAS
77.13,77.13,77.11,77.12,1092,2022-01-24 19:13:00,DWAS
77.235,77.235,77.235,77.235,300,2022-01-24 19:14:00,DWAS
76.91,77.07,76.91,77.07,816,2022-01-24 19:30:00,DWAS
76.842,76.842,76.842,76.842,100,2022-01-24 19:34:00,DWAS
76.67,76.67,76.67,76.67,100,2022-01-24 19:35:00,DWAS
76.75,76.75,76.75,76.75,3371,2022-01-24 19:36:00,DWAS
76.63,76.63,76.63,76.63,100,2022-01-24 19:37:00,DWAS
76.44,76.59,76.44,76.59,580,2022-01-24 19:39:00,DWAS
76.64,76.64,76.64,76.64,100,2022-01-24 19:40:00,DWAS
76.78,76.78,76.78,76.78,100,2022-01-24 19:49:00,DWAS
76.93,76.93,76.92,76.92,912,2022-01-24 19:55:00,DWAS
77.01,77.01,77.01,77.01,100,2022-01-24 19:58:00,DWAS
77.38,77.39,77.38,77.39,300,2022-01-24 20:00:00,DWAS
77.37,77.38,77.37,77.38,200,2022-01-24 20:07:00,DWAS
77.33,77.33,77.33,77.33,100,2022-01-24 20:08:00,DWAS
77.58,77.58,77.58,77.58,100,2022-01-24 20:10:00,DWAS
77.94,77.95,77.94,77.95,200,2022-01-24 20:15:00,DWAS
77.9684,77.9684,77.9684,77.9684,283,2022-01-24 20:18:00,DWAS
77.77,78.03,77.77,78.03,212,2022-01-24 20:20:00,DWAS
78.31,78.31,77.9,77.9,900,2022-01-24 20:27:00,DWAS
78.02,78.02,78.02,78.02,300,2022-01-24 20:28:00,DWAS
78.18,78.2,78.14,78.14,660,2022-01-24 20:30:00,DWAS
78.519,78.519,78.4599,78.4599,1300,2022-01-24 20:36:00,DWAS
78.45,78.45,78.45,78.45,176,2022-01-24 20:37:00,DWAS
78.53,78.53,78.53,78.53,130,2022-01-24 20:39:00,DWAS
78.52,78.52,78.51,78.51,300,2022-01-24 20:40:00,DWAS
78.43,78.46,78.43,78.46,281,2022-01-24 20:41:00,DWAS
78.14,78.14,78.14,78.14,100,2022-01-24 20:43:00,DWAS
78.09,78.09,78.09,78.09,100,2022-01-24 20:44:00,DWAS
78.56,78.56,78.55,78.55,200,2022-01-24 20:48:00,DWAS
78.55,78.6261,78.55,78.6261,291,2022-01-24 20:49:00,DWAS
78.6566,78.6566,78.6566,78.6566,500,2022-01-24 20:50:00,DWAS
78.7799,78.7799,78.7799,78.7799,319,2022-01-24 20:51:00,DWAS
79.01,79.0699,78.99,78.99,3332,2022-01-24 20:53:00,DWAS
78.86,78.86,78.86,78.86,100,2022-01-24 20:54:00,DWAS
78.675,78.675,78.675,78.675,100,2022-01-24 20:55:00,DWAS
78.77,78.78,78.76,78.76,1653,2022-01-24 20:57:00,DWAS
78.91,78.91,78.86,78.86,300,2022-01-24 20:58:00,DWAS
78.73,78.83,78.73,78.81,658,2022-01-24 20:59:00,DWAS
78.78,78.78,78.78,78.78,345,2022-01-24 21:00:00,DWAS
77.29,77.29,77.29,77.29,989,2022-01-25 14:30:00,DWAS
77.27,77.27,77.27,77.27,100,2022-01-25 14:36:00,DWAS
77.37,77.37,77.37,77.37,100,2022-01-25 14:38:00,DWAS
77.26,77.26,77.26,77.26,100,2022-01-25 14:39:00,DWAS
76.69,76.69,76.69,76.69,100,2022-01-25 14:45:00,DWAS
76.63,76.63,76.63,76.63,100,2022-01-25 14:46:00,DWAS
76.63,76.63,76.63,76.63,200,2022-01-25 14:47:00,DWAS
76.58,76.58,76.58,76.58,100,2022-01-25 14:51:00,DWAS
76.31,76.31,76.31,76.31,100,2022-01-25 14:54:00,DWAS
76.17,76.38,76.17,76.38,200,2022-01-25 14:55:00,DWAS
76.36,76.36,76.36,76.36,100,2022-01-25 14:56:00,DWAS
76.1976,76.1976,76.1976,76.1976,150,2022-01-25 15:03:00,DWAS
76.2,76.2,75.9565,75.9565,300,2022-01-25 15:05:00,DWAS
76.04,76.04,76.04,76.04,100,2022-01-25 15:08:00,DWAS
75.91,75.91,75.91,75.91,100,2022-01-25 15:12:00,DWAS
76.37,76.37,76.37,76.37,172,2022-01-25 15:14:00,DWAS
76.47,76.47,76.44,76.44,452,2022-01-25 15:20:00,DWAS
76.7191,76.7191,76.7191,76.7191,100,2022-01-25 15:21:00,DWAS
77.0908,77.0908,77.0908,77.0908,100,2022-01-25 15:30:00,DWAS
77.09,77.09,77.09,77.09,100,2022-01-25 15:34:00,DWAS
76.9524,76.9524,76.9524,76.9524,363,2022-01-25 15:41:00,DWAS
77.0141,77.0141,77.0141,77.0141,186,2022-01-25 15:42:00,DWAS
77.52,77.52,77.52,77.52,100,2022-01-25 15:51:00,DWAS
77.35,77.35,77.35,77.35,192,2022-01-25 15:53:00,DWAS
77.24,77.24,77.24,77.24,100,2022-01-25 15:55:00,DWAS
76.91,76.91,76.91,76.91,100,2022-01-25 16:03:00,DWAS
77.0569,77.0569,77.0569,77.0569,150,2022-01-25 16:06:00,DWAS
76.75,76.75,76.75,76.75,550,2022-01-25 16:13:00,DWAS
77.4098,77.4098,77.4098,77.4098,100,2022-01-25 16:20:00,DWAS
77.42,77.42,77.41,77.41,200,2022-01-25 16:24:00,DWAS
77.5954,77.5954,77.5954,77.5954,100,2022-01-25 16:26:00,DWAS
77.42,77.42,77.42,77.42,192,2022-01-25 16:27:00,DWAS
77.11,77.11,77.11,77.11,100,2022-01-25 16:45:00,DWAS
77.24,77.24,77.24,77.24,300,2022-01-25 17:08:00,DWAS
77.1126,77.1126,77.1126,77.1126,500,2022-01-25 17:10:00,DWAS
77.1644,77.1644,77.1644,77.1644,600,2022-01-25 17:14:00,DWAS
76.98,76.98,76.98,76.98,150,2022-01-25 17:18:00,DWAS
77.2981,77.2981,77.2981,77.2981,600,2022-01-25 17:23:00,DWAS
77.3091,77.3091,77.18,77.18,650,2022-01-25 17:27:00,DWAS
76.8515,76.8515,76.8515,76.8515,450,2022-01-25 17:42:00,DWAS
77.12,77.12,77.12,77.12,120,2022-01-25 17:44:00,DWAS
77.17,77.17,77.13,77.13,300,2022-01-25 17:45:00,DWAS
77.1471,77.1471,77.1471,77.1471,425,2022-01-25 17:46:00,DWAS
77.04,77.04,77.04,77.04,100,2022-01-25 17:47:00,DWAS
77.0484,77.0484,77.0484,77.0484,112,2022-01-25 18:00:00,DWAS
76.94,76.94,76.94,76.94,117,2022-01-25 18:06:00,DWAS
77.0747,77.0747,77.0747,77.0747,145,2022-01-25 18:09:00,DWAS
77.1427,77.1427,77.1427,77.1427,325,2022-01-25 18:23:00,DWAS
77.6,77.6,77.6,77.6,200,2022-01-25 18:29:00,DWAS
77.52,77.52,77.52,77.52,100,2022-01-25 18:30:00,DWAS
77.6201,77.6201,77.6201,77.6201,323,2022-01-25 18:33:00,DWAS
77.7562,77.7562,77.7562,77.7562,154,2022-01-25 18:34:00,DWAS
78.0416,78.0416,78.0416,78.0416,200,2022-01-25 18:51:00,DWAS
78.17,78.17,78.17,78.17,200,2022-01-25 19:05:00,DWAS
78.1709,78.1709,78.1709,78.1709,1397,2022-01-25 19:07:00,DWAS
78.758,78.758,78.758,78.758,195,2022-01-25 19:23:00,DWAS
78.7,78.7,78.7,78.7,100,2022-01-25 19:24:00,DWAS
78.44,78.44,78.44,78.44,200,2022-01-25 19:34:00,DWAS
78.8,78.8,78.78,78.79,635,2022-01-25 19:43:00,DWAS
78.8363,78.8363,78.8363,78.8363,200,2022-01-25 19:44:00,DWAS
78.8613,78.8613,78.8613,78.8613,200,2022-01-25 19:46:00,DWAS
78.9082,78.93,78.8601,78.8601,423,2022-01-25 19:47:00,DWAS
78.9399,78.9399,78.8729,78.8729,1895,2022-01-25 19:49:00,DWAS
78.9277,78.9277,78.9277,78.9277,225,2022-01-25 19:50:00,DWAS
78.98,78.98,78.98,78.98,100,2022-01-25 20:02:00,DWAS
78.6754,78.6754,78.6531,78.6531,1199,2022-01-25 20:12:00,DWAS
79.0,79.0,79.0,79.0,300,2022-01-25 20:17:00,DWAS
78.87,78.947,78.87,78.947,558,2022-01-25 20:24:00,DWAS
78.474,78.474,78.474,78.474,291,2022-01-25 20:26:00,DWAS
78.5407,78.5407,78.5407,78.5407,267,2022-01-25 20:27:00,DWAS
78.3011,78.3011,78.3011,78.3011,279,2022-01-25 20:29:00,DWAS
78.39,78.39,78.39,78.39,152,2022-01-25 20:30:00,DWAS
78.362,78.362,78.362,78.362,2782,2022-01-25 20:31:00,DWAS
78.3534,78.3534,78.3534,78.3534,600,2022-01-25 20:33:00,DWAS
78.52,78.52,78.52,78.52,100,2022-01-25 20:35:00,DWAS
78.4347,78.4347,78.4347,78.4347,354,2022-01-25 20:36:00,DWAS
78.65,78.67,78.65,78.67,477,2022-01-25 20:38:00,DWAS
78.61,78.61,78.61,78.61,221,2022-01-25 20:39:00,DWAS
78.6809,78.6809,78.6809,78.6809,106,2022-01-25 20:40:00,DWAS
78.7,78.7,78.64,78.64,966,2022-01-25 20:41:00,DWAS
78.68,78.69,78.6132,78.6132,362,2022-01-25 20:43:00,DWAS
78.6604,78.6604,78.6604,78.6604,117,2022-01-25 20:44:00,DWAS
78.7,78.7,78.69,78.7,723,2022-01-25 20:45:00,DWAS
78.66,78.66,78.66,78.66,100,2022-01-25 20:46:00,DWAS
78.6359,78.6359,78.6359,78.6359,162,2022-01-25 20:47:00,DWAS
78.43,78.43,78.42,78.42,300,2022-01-25 20:49:00,DWAS
78.3805,78.3805,78.3805,78.3805,176,2022-01-25 20:50:00,DWAS
78.07,78.07,78.07,78.07,368,2022-01-25 20:53:00,DWAS
78.17,78.17,78.17,78.17,100,2022-01-25 20:54:00,DWAS
78.085,78.21,78.085,78.21,5483,2022-01-25 20:55:00,DWAS
78.2019,78.25,78.2019,78.25,400,2022-01-25 20:56:00,DWAS
78.19,78.25,78.18,78.25,400,2022-01-25 20:57:00,DWAS
78.11,78.11,78.11,78.11,100,2022-01-25 20:59:00,DWAS
79.62,79.62,79.62,79.62,1292,2022-01-26 14:30:00,DWAS
79.09,79.1,79.07,79.07,400,2022-01-26 14:35:00,DWAS
80.08,80.08,80.08,80.08,200,2022-01-26 14:56:00,DWAS
80.03,80.03,80.03,80.03,100,2022-01-26 14:57:00,DWAS
79.27,79.27,79.24,79.24,1200,2022-01-26 15:28:00,DWAS
79.28,79.28,79.28,79.28,100,2022-01-26 15:34:00,DWAS
79.1977,79.1977,79.1977,79.1977,126,2022-01-26 15:37:00,DWAS
79.3358,79.3358,79.3358,79.3358,226,2022-01-26 15:38:00,DWAS
79.34,79.34,79.3,79.3219,2200,2022-01-26 15:41:00,DWAS
79.2473,79.2473,79.2473,79.2473,435,2022-01-26 15:50:00,DWAS
79.1622,79.1622,79.1622,79.1622,300,2022-01-26 15:56:00,DWAS
79.395,79.48,79.395,79.48,318,2022-01-26 15:59:00,DWAS
79.4196,79.4196,79.4196,79.4196,3500,2022-01-26 16:00:00,DWAS
79.3655,79.3655,79.3655,79.3655,500,2022-01-26 16:02:00,DWAS
79.27,79.27,79.27,79.27,110,2022-01-26 16:03:00,DWAS
79.5258,79.5258,79.5258,79.5258,167,2022-01-26 16:08:00,DWAS
79.9499,79.9499,79.9499,79.9499,150,2022-01-26 16:24:00,DWAS
79.84,79.84,79.81,79.81,300,2022-01-26 16:27:00,DWAS
79.77,79.78,79.77,79.78,600,2022-01-26 16:45:00,DWAS
79.632,79.632,79.632,79.632,342,2022-01-26 16:53:00,DWAS
79.75,79.75,79.75,79.75,100,2022-01-26 17:32:00,DWAS
79.7,79.7,79.7,79.7,211,2022-01-26 18:25:00,DWAS
80.275,80.275,80.275,80.275,500,2022-01-26 19:06:00,DWAS
79.3376,79.3376,79.3376,79.3376,200,2022-01-26 19:17:00,DWAS
79.4,79.4,79.4,79.4,300,2022-01-26 19:18:00,DWAS
79.45,79.45,79.45,79.45,100,2022-01-26 19:20:00,DWAS
79.6,79.745,79.6,79.745,1600,2022-01-26 19:25:00,DWAS
79.89,79.89,79.89,79.89,100,2022-01-26 19:27:00,DWAS
79.31,79.31,79.31,79.31,100,2022-01-26 19:35:00,DWAS
79.44,79.44,79.44,79.44,200,2022-01-26 19:41:00,DWAS
78.69,78.69,78.65,78.65,272,2022-01-26 19:45:00,DWAS
78.19,78.19,78.16,78.16,500,2022-01-26 20:00:00,DWAS
77.49,77.49,77.49,77.49,100,2022-01-26 20:07:00,DWAS
77.34,77.34,77.34,77.34,200,2022-01-26 20:10:00,DWAS
77.2632,77.2632,77.2632,77.2632,110,2022-01-26 20:15:00,DWAS
76.9648,76.9648,76.9648,76.9648,293,2022-01-26 20:18:00,DWAS
77.07,77.07,77.07,77.07,200,2022-01-26 20:19:00,DWAS
76.34,76.34,76.34,76.34,100,2022-01-26 20:24:00,DWAS
77.05,77.05,76.98,76.98,650,2022-01-26 20:27:00,DWAS
77.545,77.545,77.545,77.545,100,2022-01-26 20:31:00,DWAS
77.59,77.692,77.59,77.59,4305,2022-01-26 20:32:00,DWAS
77.29,77.29,77.29,77.29,100,2022-01-26 20:36:00,DWAS
77.37,77.37,77.37,77.37,100,2022-01-26 20:40:00,DWAS
77.51,77.51,77.51,77.51,211,2022-01-26 20:42:00,DWAS
77.384,77.384,77.384,77.384,123,2022-01-26 20:43:00,DWAS
77.35,77.35,77.35,77.35,111,2022-01-26 20:47:00,DWAS
77.41,77.41,77.41,77.41,100,2022-01-26 20:48:00,DWAS
77.1219,77.1219,77.1219,77.1219,214,2022-01-26 20:49:00,DWAS
77.0756,77.0756,77.0756,77.0756,379,2022-01-26 20:51:00,DWAS
77.285,77.285,77.2,77.2,409,2022-01-26 20:54:00,DWAS
77.34,77.34,77.16,77.16,200,2022-01-26 20:55:00,DWAS
77.065,77.065,77.065,77.065,270,2022-01-26 20:56:00,DWAS
77.15,77.15,77.12,77.12,200,2022-01-26 20:57:00,DWAS
77.2787,77.2787,77.2787,77.2787,849,2022-01-26 20:58:00,DWAS
77.33,77.33,77.23,77.33,629,2022-01-26 20:59:00,DWAS
77.18,77.18,77.18,77.18,151,2022-01-26 21:00:00,DWAS
78.33,78.33,78.33,78.33,701,2022-01-27 14:30:00,DWAS
78.45,78.45,78.45,78.45,100,2022-01-27 14:31:00,DWAS
78.44,78.47,78.44,78.47,200,2022-01-27 14:33:00,DWAS
78.42,78.42,78.42,78.42,100,2022-01-27 14:37:00,DWAS
78.28,78.28,78.28,78.28,100,2022-01-27 14:38:00,DWAS
78.44,78.45,78.44,78.45,200,2022-01-27 14:39:00,DWAS
78.53,78.53,78.53,78.53,100,2022-01-27 14:40:00,DWAS
78.8811,78.8811,78.8811,78.8811,225,2022-01-27 14:47:00,DWAS
79.035,79.035,79.035,79.035,600,2022-01-27 14:49:00,DWAS
78.985,78.985,78.985,78.985,203,2022-01-27 14:51:00,DWAS
78.9,78.9,78.9,78.9,100,2022-01-27 14:52:00,DWAS
78.82,78.82,78.82,78.82,100,2022-01-27 14:53:00,DWAS
77.259,77.259,77.259,77.259,161,2022-01-27 15:42:00,DWAS
76.8347,76.8347,76.8347,76.8347,100,2022-01-27 16:28:00,DWAS
76.8847,76.8847,76.8847,76.8847,100,2022-01-27 16:31:00,DWAS
76.52,76.52,76.5,76.5,300,2022-01-27 17:11:00,DWAS
76.3559,76.3559,76.3559,76.3559,110,2022-01-27 17:24:00,DWAS
76.2327,76.2327,76.2327,76.2327,174,2022-01-27 17:28:00,DWAS
76.2377,76.2377,76.2377,76.2377,500,2022-01-27 17:36:00,DWAS
76.4157,76.4157,76.4157,76.4157,100,2022-01-27 17:56:00,DWAS
75.9123,75.9123,75.9123,75.9123,115,2022-01-27 18:09:00,DWAS
75.81,75.81,75.81,75.81,120,2022-01-27 18:18:00,DWAS
75.4103,75.4103,75.4103,75.4103,460,2022-01-27 18:28:00,DWAS
75.49,75.49,75.49,75.49,100,2022-01-27 18:32:00,DWAS
75.3658,75.3658,75.3658,75.3658,312,2022-01-27 18:44:00,DWAS
75.5401,75.5401,75.5401,75.5401,2206,2022-01-27 18:50:00,DWAS
75.4524,75.4524,75.4524,75.4524,323,2022-01-27 18:53:00,DWAS
75.891,75.9578,75.89,75.89,1896,2022-01-27 19:17:00,DWAS
75.9297,75.9297,75.9297,75.9297,200,2022-01-27 19:18:00,DWAS
75.9273,75.9273,75.9273,75.9273,291,2022-01-27 19:20:00,DWAS
75.62,75.62,75.59,75.6,300,2022-01-27 19:25:00,DWAS
75.6,75.64,75.51,75.51,13040,2022-01-27 19:26:00,DWAS
75.44,75.44,75.44,75.44,168,2022-01-27 19:28:00,DWAS
75.44,75.44,75.44,75.44,390,2022-01-27 19:30:00,DWAS
75.41,75.41,75.41,75.41,100,2022-01-27 19:35:00,DWAS
75.8043,75.8043,75.8043,75.8043,100,2022-01-27 19:41:00,DWAS
75.7567,75.7567,75.7567,75.7567,100,2022-01-27 19:50:00,DWAS
75.425,75.425,75.425,75.425,200,2022-01-27 19:55:00,DWAS
75.6,75.6,75.6,75.6,168,2022-01-27 20:04:00,DWAS
75.4214,75.4214,75.4214,75.4214,800,2022-01-27 20:10:00,DWAS
75.25,75.25,75.17,75.17,690,2022-01-27 20:13:00,DWAS
75.11,75.11,75.11,75.11,300,2022-01-27 20:21:00,DWAS
75.5,75.5,75.5,75.5,118,2022-01-27 20:30:00,DWAS
75.4,75.4,75.4,75.4,200,2022-01-27 20:35:00,DWAS
75.27,75.4,75.27,75.4,500,2022-01-27 20:41:00,DWAS
75.61,75.61,75.61,75.61,595,2022-01-27 20:44:00,DWAS
75.75,75.75,75.65,75.65,832,2022-01-27 20:47:00,DWAS
75.53,75.53,75.51,75.51,500,2022-01-27 20:48:00,DWAS
75.555,75.65,75.555,75.65,592,2022-01-27 20:49:00,DWAS
75.57,75.57,75.57,75.57,100,2022-01-27 20:50:00,DWAS
75.65,75.65,75.65,75.65,566,2022-01-27 20:52:00,DWAS
75.66,75.685,75.66,75.685,200,2022-01-27 20:53:00,DWAS
75.64,75.64,75.64,75.64,100,2022-01-27 20:54:00,DWAS
75.6299,75.6299,75.55,75.55,1220,2022-01-27 20:55:00,DWAS
75.5799,75.5799,75.5799,75.5799,132,2022-01-27 20:58:00,DWAS
75.5,75.5,75.5,75.5,540,2022-01-27 20:59:00,DWAS
75.92,75.92,75.92,75.92,3598,2022-01-28 14:30:00,DWAS
75.25,75.25,75.25,75.25,100,2022-01-28 14:38:00,DWAS
75.26,75.26,75.26,75.26,100,2022-01-28 14:43:00,DWAS
74.96,74.96,74.96,74.96,100,2022-01-28 14:48:00,DWAS
74.82,74.82,74.82,74.82,100,2022-01-28 14:58:00,DWAS
75.08,75.08,75.08,75.08,100,2022-01-28 15:13:00,DWAS
74.85,74.88,74.85,74.88,43045,2022-01-28 15:31:00,DWAS
74.6281,74.6281,74.6281,74.6281,175,2022-01-28 15:35:00,DWAS
74.39,74.39,74.33,74.33,307,2022-01-28 15:42:00,DWAS
74.55,74.58,74.55,74.552,825,2022-01-28 15:47:00,DWAS
74.73,74.84,74.73,74.84,242,2022-01-28 15:49:00,DWAS
74.9477,74.9477,74.9477,74.9477,420,2022-01-28 15:57:00,DWAS
74.88,74.88,74.88,74.88,100,2022-01-28 16:02:00,DWAS
75.2467,75.2467,75.2467,75.2467,150,2022-01-28 16:10:00,DWAS
75.75,75.75,75.75,75.75,1000,2022-01-28 16:17:00,DWAS
75.859,75.859,75.859,75.859,225,2022-01-28 16:26:00,DWAS
75.766,75.766,75.766,75.766,225,2022-01-28 16:28:00,DWAS
75.55,75.55,75.55,75.55,168,2022-01-28 16:31:00,DWAS
75.6166,75.6166,75.6166,75.6166,100,2022-01-28 16:46:00,DWAS
75.62,75.62,75.62,75.62,100,2022-01-28 16:54:00,DWAS
75.8,75.8,75.8,75.8,100,2022-01-28 16:55:00,DWAS
75.92,75.92,75.92,75.92,200,2022-01-28 16:57:00,DWAS
75.98,76.07,75.98,76.07,32933,2022-01-28 16:58:00,DWAS
76.003,76.003,76.003,76.003,500,2022-01-28 16:59:00,DWAS
75.9739,75.9739,75.9739,75.9739,189,2022-01-28 17:02:00,DWAS
76.25,76.25,76.25,76.25,1200,2022-01-28 17:05:00,DWAS
76.1004,76.1004,76.1004,76.1004,116,2022-01-28 17:16:00,DWAS
76.2,76.2,76.19,76.19,404,2022-01-28 17:20:00,DWAS
75.5,75.5,75.5,75.5,100,2022-01-28 17:48:00,DWAS
75.32,75.32,75.32,75.32,100,2022-01-28 17:51:00,DWAS
75.1933,75.1933,75.1933,75.1933,123,2022-01-28 17:59:00,DWAS
75.55,75.55,75.55,75.55,200,2022-01-28 18:02:00,DWAS
75.5072,75.5072,75.5072,75.5072,122,2022-01-28 18:04:00,DWAS
75.6645,75.6645,75.6645,75.6645,100,2022-01-28 18:41:00,DWAS
75.7217,75.7217,75.7217,75.7217,101,2022-01-28 18:50:00,DWAS
74.62,74.62,74.62,74.62,100,2022-01-28 19:22:00,DWAS
74.5768,74.5768,74.5768,74.5768,100,2022-01-28 19:25:00,DWAS
74.5,74.5,74.5,74.5,608,2022-01-28 19:29:00,DWAS
74.5,74.5,74.41,74.41,1946,2022-01-28 19:30:00,DWAS
74.7859,74.7859,74.7859,74.7859,250,2022-01-28 19:32:00,DWAS
74.99,75.0593,74.99,75.0593,2055,2022-01-28 19:40:00,DWAS
75.09,75.09,75.09,75.09,200,2022-01-28 19:46:00,DWAS
75.45,75.45,75.45,75.45,100,2022-01-28 19:55:00,DWAS
75.4525,75.4525,75.4525,75.4525,515,2022-01-28 19:57:00,DWAS
75.43,75.43,75.42,75.42,368,2022-01-28 20:02:00,DWAS
75.79,75.79,75.78,75.78,300,2022-01-28 20:08:00,DWAS
75.71,75.71,75.6613,75.6613,742,2022-01-28 20:10:00,DWAS
75.92,75.92,75.92,75.92,104,2022-01-28 20:23:00,DWAS
76.0879,76.0879,76.0879,76.0879,150,2022-01-28 20:25:00,DWAS
75.93,75.93,75.93,75.93,100,2022-01-28 20:27:00,DWAS
75.9301,75.9301,75.9301,75.9301,950,2022-01-28 20:28:00,DWAS
75.97,75.97,75.97,75.97,100,2022-01-28 20:30:00,DWAS
76.08,76.08,76.08,76.08,100,2022-01-28 20:36:00,DWAS
76.06,76.06,76.06,76.06,168,2022-01-28 20:37:00,DWAS
76.24,76.24,76.23,76.23,200,2022-01-28 20:45:00,DWAS
76.3001,76.3001,76.3001,76.3001,210,2022-01-28 20:47:00,DWAS
76.49,76.5,76.49,76.5,832,2022-01-28 20:49:00,DWAS
76.72,76.72,76.69,76.69,200,2022-01-28 20:51:00,DWAS
76.68,76.68,76.68,76.68,100,2022-01-28 20:52:00,DWAS
76.6396,76.6396,76.6396,76.6396,770,2022-01-28 20:53:00,DWAS
76.75,76.75,76.75,76.75,121,2022-01-28 20:54:00,DWAS
76.73,76.73,76.73,76.73,100,2022-01-28 20:55:00,DWAS
76.8,76.84,76.8,76.84,200,2022-01-28 20:56:00,DWAS
76.87,76.87,76.87,76.87,100,2022-01-28 20:57:00,DWAS
77.02,77.21,77.02,77.21,604,2022-01-28 20:59:00,DWAS
77.14,77.14,77.14,77.14,1083,2022-01-28 21:00:00,DWAS
