open,high,low,close,volume,datetime,symbol
5.57,5.57,5.57,5.57,100,2022-02-09 13:17:00,AEVA
5.58,5.58,5.58,5.58,200,2022-02-09 13:24:00,AEVA
5.58,5.58,5.58,5.58,200,2022-02-09 13:41:00,AEVA
5.56,5.57,5.56,5.57,200,2022-02-09 13:49:00,AEVA
5.48,5.5,5.48,5.485,8784,2022-02-09 14:30:00,AEVA
5.485,5.485,5.47,5.483,6167,2022-02-09 14:31:00,AEVA
5.48,5.48,5.4515,5.4515,6502,2022-02-09 14:32:00,AEVA
5.465,5.51,5.465,5.4976,8723,2022-02-09 14:33:00,AEVA
5.515,5.52,5.515,5.52,300,2022-02-09 14:34:00,AEVA
5.49,5.49,5.47,5.47,1960,2022-02-09 14:35:00,AEVA
5.47,5.48,5.4533,5.48,2413,2022-02-09 14:36:00,AEVA
5.48,5.48,5.46,5.47,2218,2022-02-09 14:37:00,AEVA
5.47,5.48,5.46,5.47,3743,2022-02-09 14:38:00,AEVA
5.47,5.47,5.46,5.46,2469,2022-02-09 14:39:00,AEVA
5.45,5.45,5.43,5.45,4000,2022-02-09 14:40:00,AEVA
5.44,5.44,5.42,5.425,3132,2022-02-09 14:41:00,AEVA
5.425,5.425,5.415,5.415,1100,2022-02-09 14:42:00,AEVA
5.41,5.42,5.41,5.42,3389,2022-02-09 14:43:00,AEVA
5.4,5.405,5.3915,5.405,2525,2022-02-09 14:44:00,AEVA
5.41,5.425,5.41,5.41,3330,2022-02-09 14:45:00,AEVA
5.4,5.41,5.4,5.41,1600,2022-02-09 14:46:00,AEVA
5.4,5.4,5.39,5.39,2000,2022-02-09 14:47:00,AEVA
5.39,5.39,5.38,5.38,1200,2022-02-09 14:48:00,AEVA
5.38,5.38,5.37,5.37,547,2022-02-09 14:49:00,AEVA
5.37,5.4,5.37,5.39,3208,2022-02-09 14:50:00,AEVA
5.38,5.38,5.375,5.38,4900,2022-02-09 14:51:00,AEVA
5.365,5.37,5.36,5.36,1182,2022-02-09 14:52:00,AEVA
5.37,5.39,5.37,5.38,3162,2022-02-09 14:54:00,AEVA
5.385,5.395,5.385,5.395,1950,2022-02-09 14:55:00,AEVA
5.4,5.4,5.4,5.4,300,2022-02-09 14:56:00,AEVA
5.4,5.4,5.38,5.4,5807,2022-02-09 14:57:00,AEVA
5.4,5.41,5.4,5.41,803,2022-02-09 14:58:00,AEVA
5.41,5.425,5.41,5.42,4600,2022-02-09 14:59:00,AEVA
5.415,5.44,5.415,5.43,7735,2022-02-09 15:00:00,AEVA
5.43,5.44,5.43,5.435,6100,2022-02-09 15:01:00,AEVA
5.44,5.44,5.44,5.44,1107,2022-02-09 15:02:00,AEVA
5.44,5.44,5.435,5.44,1400,2022-02-09 15:03:00,AEVA
5.44,5.44,5.4384,5.4384,200,2022-02-09 15:04:00,AEVA
5.44,5.44,5.415,5.415,5773,2022-02-09 15:05:00,AEVA
5.42,5.42,5.415,5.42,2729,2022-02-09 15:07:00,AEVA
5.42,5.42,5.415,5.415,300,2022-02-09 15:08:00,AEVA
5.4112,5.4112,5.4112,5.4112,788,2022-02-09 15:09:00,AEVA
5.42,5.42,5.41,5.41,1343,2022-02-09 15:10:00,AEVA
5.4,5.41,5.4,5.41,5013,2022-02-09 15:11:00,AEVA
5.4177,5.4177,5.405,5.405,1585,2022-02-09 15:12:00,AEVA
5.4,5.4,5.39,5.39,4302,2022-02-09 15:13:00,AEVA
5.3724,5.38,5.3724,5.38,748,2022-02-09 15:14:00,AEVA
5.39,5.41,5.39,5.4,10480,2022-02-09 15:15:00,AEVA
5.405,5.41,5.4,5.405,600,2022-02-09 15:16:00,AEVA
5.41,5.41,5.405,5.405,200,2022-02-09 15:17:00,AEVA
5.41,5.41,5.405,5.405,2540,2022-02-09 15:18:00,AEVA
5.4,5.4,5.38,5.38,1500,2022-02-09 15:19:00,AEVA
5.385,5.385,5.385,5.385,215,2022-02-09 15:20:00,AEVA
5.3883,5.41,5.3883,5.4,7368,2022-02-09 15:21:00,AEVA
5.3984,5.3984,5.395,5.395,300,2022-02-09 15:22:00,AEVA
5.4,5.4176,5.4,5.4176,2743,2022-02-09 15:23:00,AEVA
5.41,5.41,5.41,5.41,2200,2022-02-09 15:24:00,AEVA
5.405,5.41,5.405,5.41,1005,2022-02-09 15:25:00,AEVA
5.41,5.41,5.41,5.41,526,2022-02-09 15:26:00,AEVA
5.42,5.42,5.41,5.41,550,2022-02-09 15:27:00,AEVA
5.41,5.41,5.41,5.41,509,2022-02-09 15:28:00,AEVA
5.41,5.41,5.41,5.41,400,2022-02-09 15:29:00,AEVA
5.41,5.41,5.405,5.41,643,2022-02-09 15:30:00,AEVA
5.405,5.41,5.3992,5.41,3328,2022-02-09 15:31:00,AEVA
5.41,5.42,5.41,5.42,3433,2022-02-09 15:32:00,AEVA
5.425,5.425,5.425,5.425,200,2022-02-09 15:33:00,AEVA
5.42,5.42,5.405,5.41,1999,2022-02-09 15:34:00,AEVA
5.4,5.43,5.4,5.425,3454,2022-02-09 15:35:00,AEVA
5.43,5.43,5.4209,5.425,2959,2022-02-09 15:37:00,AEVA
5.42,5.425,5.42,5.425,2713,2022-02-09 15:38:00,AEVA
5.42,5.42,5.42,5.42,628,2022-02-09 15:39:00,AEVA
5.41,5.415,5.405,5.411,3900,2022-02-09 15:40:00,AEVA
5.41,5.41,5.41,5.41,220,2022-02-09 15:41:00,AEVA
5.4,5.405,5.4,5.4,1722,2022-02-09 15:43:00,AEVA
5.4,5.4,5.4,5.4,4400,2022-02-09 15:44:00,AEVA
5.39,5.39,5.3899,5.39,3635,2022-02-09 15:45:00,AEVA
5.39,5.395,5.39,5.39,1557,2022-02-09 15:46:00,AEVA
5.39,5.395,5.39,5.395,700,2022-02-09 15:47:00,AEVA
5.39,5.39,5.38,5.38,827,2022-02-09 15:48:00,AEVA
5.385,5.385,5.385,5.385,100,2022-02-09 15:49:00,AEVA
5.39,5.4,5.39,5.4,4304,2022-02-09 15:50:00,AEVA
5.405,5.405,5.405,5.405,100,2022-02-09 15:51:00,AEVA
5.405,5.41,5.4,5.4,400,2022-02-09 15:53:00,AEVA
5.405,5.405,5.39,5.39,1345,2022-02-09 15:54:00,AEVA
5.395,5.405,5.395,5.405,1600,2022-02-09 15:55:00,AEVA
5.41,5.4177,5.41,5.4118,2731,2022-02-09 15:56:00,AEVA
5.415,5.425,5.415,5.425,5029,2022-02-09 15:57:00,AEVA
5.425,5.43,5.42,5.42,2850,2022-02-09 15:58:00,AEVA
5.415,5.42,5.415,5.42,200,2022-02-09 15:59:00,AEVA
5.42,5.45,5.42,5.45,18326,2022-02-09 16:00:00,AEVA
5.445,5.445,5.44,5.44,200,2022-02-09 16:02:00,AEVA
5.445,5.45,5.445,5.45,5500,2022-02-09 16:04:00,AEVA
5.45,5.47,5.45,5.4645,4787,2022-02-09 16:05:00,AEVA
5.465,5.465,5.465,5.465,100,2022-02-09 16:06:00,AEVA
5.46,5.46,5.45,5.46,4709,2022-02-09 16:07:00,AEVA
5.46,5.46,5.45,5.45,391,2022-02-09 16:08:00,AEVA
5.46,5.46,5.46,5.46,800,2022-02-09 16:09:00,AEVA
5.46,5.4641,5.46,5.4641,369,2022-02-09 16:10:00,AEVA
5.47,5.47,5.47,5.47,100,2022-02-09 16:11:00,AEVA
5.4701,5.4701,5.47,5.47,4100,2022-02-09 16:12:00,AEVA
5.465,5.465,5.45,5.46,1645,2022-02-09 16:13:00,AEVA
5.45,5.45,5.445,5.45,1800,2022-02-09 16:14:00,AEVA
5.445,5.46,5.445,5.46,2535,2022-02-09 16:15:00,AEVA
5.455,5.46,5.45,5.4599,2383,2022-02-09 16:16:00,AEVA
5.4536,5.46,5.4536,5.455,500,2022-02-09 16:18:00,AEVA
5.45,5.48,5.45,5.47,2700,2022-02-09 16:19:00,AEVA
5.48,5.48,5.4732,5.4732,2400,2022-02-09 16:20:00,AEVA
5.4715,5.4715,5.4714,5.4714,1150,2022-02-09 16:21:00,AEVA
5.48,5.48,5.47,5.48,3400,2022-02-09 16:22:00,AEVA
5.48,5.49,5.48,5.4811,1738,2022-02-09 16:23:00,AEVA
5.48,5.485,5.48,5.485,400,2022-02-09 16:24:00,AEVA
5.485,5.485,5.485,5.485,200,2022-02-09 16:25:00,AEVA
5.485,5.485,5.485,5.485,200,2022-02-09 16:26:00,AEVA
5.48,5.48,5.475,5.475,2520,2022-02-09 16:27:00,AEVA
5.48,5.48,5.48,5.48,100,2022-02-09 16:28:00,AEVA
5.475,5.475,5.474,5.475,400,2022-02-09 16:29:00,AEVA
5.48,5.48,5.4716,5.4716,2124,2022-02-09 16:30:00,AEVA
5.48,5.48,5.47,5.47,200,2022-02-09 16:32:00,AEVA
5.47,5.47,5.47,5.47,200,2022-02-09 16:33:00,AEVA
5.475,5.48,5.475,5.48,3250,2022-02-09 16:34:00,AEVA
5.485,5.485,5.485,5.485,200,2022-02-09 16:35:00,AEVA
5.485,5.485,5.485,5.485,400,2022-02-09 16:36:00,AEVA
5.485,5.485,5.475,5.475,2319,2022-02-09 16:37:00,AEVA
5.48,5.48,5.48,5.48,1002,2022-02-09 16:38:00,AEVA
5.485,5.485,5.485,5.485,100,2022-02-09 16:39:00,AEVA
5.485,5.49,5.485,5.49,300,2022-02-09 16:40:00,AEVA
5.48,5.48,5.47,5.47,920,2022-02-09 16:41:00,AEVA
5.475,5.475,5.47,5.47,930,2022-02-09 16:42:00,AEVA
5.465,5.465,5.465,5.465,400,2022-02-09 16:43:00,AEVA
5.465,5.465,5.46,5.46,1500,2022-02-09 16:44:00,AEVA
5.465,5.465,5.465,5.465,100,2022-02-09 16:45:00,AEVA
5.465,5.48,5.465,5.48,1249,2022-02-09 16:46:00,AEVA
5.485,5.485,5.48,5.48,1400,2022-02-09 16:47:00,AEVA
5.48,5.485,5.48,5.485,200,2022-02-09 16:48:00,AEVA
5.49,5.495,5.49,5.495,948,2022-02-09 16:49:00,AEVA
5.4927,5.4927,5.48,5.48,1400,2022-02-09 16:50:00,AEVA
5.49,5.495,5.49,5.495,2252,2022-02-09 16:51:00,AEVA
5.491,5.495,5.485,5.485,3800,2022-02-09 16:52:00,AEVA
5.48,5.485,5.48,5.485,1087,2022-02-09 16:53:00,AEVA
5.48,5.48,5.48,5.48,2081,2022-02-09 16:54:00,AEVA
5.48,5.48,5.48,5.48,434,2022-02-09 16:57:00,AEVA
5.475,5.475,5.475,5.475,100,2022-02-09 16:58:00,AEVA
5.475,5.475,5.47,5.47,1025,2022-02-09 16:59:00,AEVA
5.465,5.47,5.46,5.465,600,2022-02-09 17:00:00,AEVA
5.46,5.47,5.455,5.47,10616,2022-02-09 17:01:00,AEVA
5.47,5.47,5.47,5.47,100,2022-02-09 17:04:00,AEVA
5.47,5.47,5.465,5.465,1600,2022-02-09 17:05:00,AEVA
5.46,5.465,5.46,5.465,400,2022-02-09 17:06:00,AEVA
5.465,5.465,5.445,5.45,7658,2022-02-09 17:07:00,AEVA
5.44,5.45,5.44,5.45,3336,2022-02-09 17:08:00,AEVA
5.445,5.445,5.445,5.445,300,2022-02-09 17:09:00,AEVA
5.44,5.445,5.44,5.44,400,2022-02-09 17:10:00,AEVA
5.445,5.445,5.445,5.445,100,2022-02-09 17:11:00,AEVA
5.445,5.445,5.44,5.445,400,2022-02-09 17:12:00,AEVA
5.445,5.445,5.44,5.44,200,2022-02-09 17:13:00,AEVA
5.445,5.445,5.445,5.445,100,2022-02-09 17:14:00,AEVA
5.45,5.46,5.45,5.455,2213,2022-02-09 17:15:00,AEVA
5.4565,5.4565,5.4565,5.4565,201,2022-02-09 17:17:00,AEVA
5.455,5.455,5.455,5.455,200,2022-02-09 17:18:00,AEVA
5.46,5.46,5.46,5.46,100,2022-02-09 17:19:00,AEVA
5.46,5.465,5.46,5.465,3502,2022-02-09 17:20:00,AEVA
5.46,5.46,5.455,5.455,623,2022-02-09 17:21:00,AEVA
5.46,5.47,5.46,5.47,3219,2022-02-09 17:22:00,AEVA
5.465,5.465,5.465,5.465,200,2022-02-09 17:23:00,AEVA
5.46,5.465,5.46,5.465,200,2022-02-09 17:24:00,AEVA
5.465,5.465,5.465,5.465,200,2022-02-09 17:26:00,AEVA
5.46,5.46,5.46,5.46,700,2022-02-09 17:27:00,AEVA
5.4587,5.4587,5.455,5.455,300,2022-02-09 17:28:00,AEVA
5.45,5.46,5.45,5.455,400,2022-02-09 17:29:00,AEVA
5.455,5.46,5.45,5.455,534,2022-02-09 17:30:00,AEVA
5.45,5.45,5.445,5.445,800,2022-02-09 17:31:00,AEVA
5.45,5.46,5.445,5.46,2329,2022-02-09 17:32:00,AEVA
5.455,5.455,5.455,5.455,200,2022-02-09 17:33:00,AEVA
5.45,5.45,5.45,5.45,100,2022-02-09 17:35:00,AEVA
5.455,5.455,5.455,5.455,100,2022-02-09 17:36:00,AEVA
5.455,5.4739,5.455,5.4739,1998,2022-02-09 17:37:00,AEVA
5.47,5.475,5.47,5.475,300,2022-02-09 17:38:00,AEVA
5.475,5.475,5.475,5.475,100,2022-02-09 17:39:00,AEVA
5.475,5.475,5.475,5.475,400,2022-02-09 17:40:00,AEVA
5.48,5.495,5.48,5.4882,3161,2022-02-09 17:41:00,AEVA
5.4817,5.4817,5.48,5.48,1050,2022-02-09 17:43:00,AEVA
5.4837,5.485,5.4837,5.485,400,2022-02-09 17:44:00,AEVA
5.485,5.49,5.485,5.49,658,2022-02-09 17:45:00,AEVA
5.49,5.495,5.49,5.495,200,2022-02-09 17:46:00,AEVA
5.5,5.5,5.49,5.495,420,2022-02-09 17:47:00,AEVA
5.495,5.495,5.495,5.495,100,2022-02-09 17:48:00,AEVA
5.495,5.495,5.495,5.495,100,2022-02-09 17:49:00,AEVA
5.495,5.495,5.495,5.495,200,2022-02-09 17:51:00,AEVA
5.5,5.5,5.495,5.495,500,2022-02-09 17:52:00,AEVA
5.495,5.495,5.495,5.495,100,2022-02-09 17:54:00,AEVA
5.495,5.5,5.495,5.5,200,2022-02-09 17:55:00,AEVA
5.49,5.495,5.49,5.495,200,2022-02-09 17:56:00,AEVA
5.495,5.495,5.495,5.495,100,2022-02-09 17:57:00,AEVA
5.495,5.495,5.495,5.495,100,2022-02-09 17:58:00,AEVA
5.5,5.51,5.5,5.51,1913,2022-02-09 17:59:00,AEVA
5.5,5.51,5.5,5.5077,720,2022-02-09 18:00:00,AEVA
5.505,5.505,5.5,5.5,997,2022-02-09 18:01:00,AEVA
5.5033,5.5033,5.5,5.5,2013,2022-02-09 18:02:00,AEVA
5.495,5.5,5.495,5.5,300,2022-02-09 18:03:00,AEVA
5.495,5.495,5.495,5.495,100,2022-02-09 18:05:00,AEVA
5.495,5.495,5.495,5.495,200,2022-02-09 18:06:00,AEVA
5.5,5.508,5.5,5.5,2676,2022-02-09 18:07:00,AEVA
5.505,5.505,5.485,5.485,3602,2022-02-09 18:08:00,AEVA
5.485,5.49,5.485,5.49,889,2022-02-09 18:09:00,AEVA
5.485,5.485,5.485,5.485,100,2022-02-09 18:11:00,AEVA
5.485,5.4887,5.485,5.4887,550,2022-02-09 18:12:00,AEVA
5.49,5.49,5.49,5.49,554,2022-02-09 18:13:00,AEVA
5.495,5.495,5.495,5.495,200,2022-02-09 18:14:00,AEVA
5.5,5.5,5.5,5.5,300,2022-02-09 18:15:00,AEVA
5.49,5.49,5.49,5.49,500,2022-02-09 18:17:00,AEVA
5.495,5.495,5.495,5.495,100,2022-02-09 18:18:00,AEVA
5.5,5.5,5.5,5.5,100,2022-02-09 18:19:00,AEVA
5.5,5.5,5.5,5.5,1100,2022-02-09 18:20:00,AEVA
5.51,5.52,5.51,5.515,748,2022-02-09 18:21:00,AEVA
5.515,5.515,5.51,5.515,500,2022-02-09 18:22:00,AEVA
5.52,5.52,5.515,5.515,1331,2022-02-09 18:23:00,AEVA
5.51,5.51,5.51,5.51,200,2022-02-09 18:25:00,AEVA
5.51,5.51,5.51,5.51,3500,2022-02-09 18:26:00,AEVA
5.51,5.5135,5.51,5.5135,1181,2022-02-09 18:27:00,AEVA
5.51,5.515,5.51,5.515,200,2022-02-09 18:28:00,AEVA
5.515,5.515,5.515,5.515,100,2022-02-09 18:29:00,AEVA
5.515,5.52,5.515,5.52,300,2022-02-09 18:30:00,AEVA
5.52,5.52,5.52,5.52,200,2022-02-09 18:32:00,AEVA
5.5101,5.5101,5.5101,5.5101,400,2022-02-09 18:33:00,AEVA
5.52,5.52,5.52,5.52,1600,2022-02-09 18:34:00,AEVA
5.52,5.525,5.52,5.52,2541,2022-02-09 18:35:00,AEVA
5.52,5.52,5.515,5.515,550,2022-02-09 18:36:00,AEVA
5.51,5.51,5.5,5.5,3800,2022-02-09 18:38:00,AEVA
5.49,5.5,5.49,5.5,400,2022-02-09 18:40:00,AEVA
5.495,5.5,5.495,5.5,1934,2022-02-09 18:41:00,AEVA
5.495,5.495,5.495,5.495,289,2022-02-09 18:42:00,AEVA
5.5,5.5,5.5,5.5,100,2022-02-09 18:43:00,AEVA
5.495,5.495,5.495,5.495,300,2022-02-09 18:44:00,AEVA
5.495,5.4992,5.495,5.4992,225,2022-02-09 18:51:00,AEVA
5.49,5.495,5.49,5.495,300,2022-02-09 18:52:00,AEVA
5.49,5.49,5.49,5.49,100,2022-02-09 18:53:00,AEVA
5.495,5.495,5.495,5.495,1100,2022-02-09 18:54:00,AEVA
5.495,5.495,5.495,5.495,332,2022-02-09 18:55:00,AEVA
5.49,5.5,5.49,5.5,200,2022-02-09 18:56:00,AEVA
5.495,5.495,5.485,5.485,7492,2022-02-09 18:57:00,AEVA
5.49,5.495,5.49,5.495,600,2022-02-09 18:58:00,AEVA
5.495,5.51,5.495,5.51,2388,2022-02-09 18:59:00,AEVA
5.515,5.515,5.515,5.515,400,2022-02-09 19:00:00,AEVA
5.52,5.53,5.52,5.53,700,2022-02-09 19:01:00,AEVA
5.53,5.53,5.53,5.53,1000,2022-02-09 19:02:00,AEVA
5.535,5.535,5.531,5.535,1120,2022-02-09 19:04:00,AEVA
5.535,5.535,5.535,5.535,400,2022-02-09 19:05:00,AEVA
5.535,5.54,5.535,5.54,331,2022-02-09 19:06:00,AEVA
5.54,5.545,5.54,5.5418,1100,2022-02-09 19:07:00,AEVA
5.545,5.5485,5.545,5.5485,382,2022-02-09 19:08:00,AEVA
5.5401,5.5401,5.5401,5.5401,600,2022-02-09 19:11:00,AEVA
5.54,5.545,5.54,5.54,2966,2022-02-09 19:12:00,AEVA
5.54,5.54,5.535,5.535,200,2022-02-09 19:13:00,AEVA
5.535,5.535,5.53,5.53,200,2022-02-09 19:14:00,AEVA
5.535,5.535,5.525,5.525,2616,2022-02-09 19:15:00,AEVA
5.525,5.525,5.525,5.525,100,2022-02-09 19:16:00,AEVA
5.525,5.525,5.52,5.52,200,2022-02-09 19:18:00,AEVA
5.525,5.525,5.525,5.525,476,2022-02-09 19:19:00,AEVA
5.525,5.53,5.525,5.53,700,2022-02-09 19:21:00,AEVA
5.525,5.525,5.525,5.525,200,2022-02-09 19:22:00,AEVA
5.52,5.52,5.52,5.52,300,2022-02-09 19:23:00,AEVA
5.53,5.53,5.525,5.53,500,2022-02-09 19:24:00,AEVA
5.525,5.53,5.525,5.53,300,2022-02-09 19:25:00,AEVA
5.52,5.52,5.52,5.52,100,2022-02-09 19:26:00,AEVA
5.53,5.53,5.525,5.525,200,2022-02-09 19:28:00,AEVA
5.525,5.525,5.525,5.525,900,2022-02-09 19:29:00,AEVA
5.5293,5.5293,5.5293,5.5293,300,2022-02-09 19:30:00,AEVA
5.53,5.535,5.525,5.535,1203,2022-02-09 19:31:00,AEVA
5.54,5.54,5.535,5.535,200,2022-02-09 19:32:00,AEVA
5.535,5.535,5.535,5.535,100,2022-02-09 19:33:00,AEVA
5.53,5.53,5.525,5.525,4137,2022-02-09 19:34:00,AEVA
5.525,5.525,5.525,5.525,100,2022-02-09 19:35:00,AEVA
5.525,5.53,5.525,5.53,2459,2022-02-09 19:36:00,AEVA
5.525,5.53,5.525,5.53,200,2022-02-09 19:37:00,AEVA
5.53,5.53,5.525,5.525,300,2022-02-09 19:38:00,AEVA
5.52,5.525,5.52,5.525,200,2022-02-09 19:39:00,AEVA
5.5299,5.5299,5.5299,5.5299,200,2022-02-09 19:40:00,AEVA
5.525,5.525,5.52,5.52,980,2022-02-09 19:41:00,AEVA
5.525,5.525,5.525,5.525,100,2022-02-09 19:42:00,AEVA
5.525,5.525,5.525,5.525,200,2022-02-09 19:43:00,AEVA
5.525,5.53,5.525,5.525,1596,2022-02-09 19:44:00,AEVA
5.525,5.525,5.525,5.525,348,2022-02-09 19:45:00,AEVA
5.53,5.53,5.525,5.5256,762,2022-02-09 19:46:00,AEVA
5.525,5.53,5.525,5.53,200,2022-02-09 19:47:00,AEVA
5.53,5.53,5.525,5.525,822,2022-02-09 19:48:00,AEVA
5.53,5.54,5.525,5.54,11080,2022-02-09 19:50:00,AEVA
5.54,5.55,5.535,5.55,42693,2022-02-09 19:51:00,AEVA
5.5409,5.55,5.5409,5.55,3996,2022-02-09 19:52:00,AEVA
5.54,5.545,5.54,5.54,1100,2022-02-09 19:53:00,AEVA
5.545,5.55,5.545,5.545,700,2022-02-09 19:54:00,AEVA
5.545,5.545,5.545,5.545,200,2022-02-09 19:55:00,AEVA
5.55,5.55,5.54,5.545,900,2022-02-09 19:56:00,AEVA
5.545,5.545,5.53,5.535,6827,2022-02-09 19:57:00,AEVA
5.53,5.53,5.52,5.52,2800,2022-02-09 19:58:00,AEVA
5.514,5.515,5.5135,5.5135,914,2022-02-09 19:59:00,AEVA
5.515,5.515,5.505,5.505,3009,2022-02-09 20:00:00,AEVA
5.51,5.515,5.51,5.515,608,2022-02-09 20:01:00,AEVA
5.515,5.52,5.51,5.515,1700,2022-02-09 20:02:00,AEVA
5.515,5.515,5.515,5.515,100,2022-02-09 20:03:00,AEVA
5.52,5.525,5.52,5.525,1800,2022-02-09 20:04:00,AEVA
5.52,5.525,5.52,5.525,952,2022-02-09 20:05:00,AEVA
5.52,5.52,5.515,5.515,3262,2022-02-09 20:06:00,AEVA
5.515,5.515,5.515,5.515,100,2022-02-09 20:07:00,AEVA
5.51,5.512,5.5,5.5,7520,2022-02-09 20:09:00,AEVA
5.505,5.505,5.505,5.505,100,2022-02-09 20:10:00,AEVA
5.51,5.51,5.505,5.505,600,2022-02-09 20:11:00,AEVA
5.5,5.505,5.5,5.5,500,2022-02-09 20:12:00,AEVA
5.5,5.5,5.5,5.5,100,2022-02-09 20:13:00,AEVA
5.505,5.505,5.49,5.49,2640,2022-02-09 20:14:00,AEVA
5.495,5.51,5.495,5.505,2484,2022-02-09 20:15:00,AEVA
5.505,5.505,5.505,5.505,1100,2022-02-09 20:16:00,AEVA
5.5,5.5,5.49,5.49,2000,2022-02-09 20:17:00,AEVA
5.49,5.49,5.49,5.49,1500,2022-02-09 20:18:00,AEVA
5.5,5.505,5.5,5.505,1721,2022-02-09 20:19:00,AEVA
5.505,5.505,5.505,5.505,1023,2022-02-09 20:20:00,AEVA
5.5088,5.515,5.5088,5.515,2854,2022-02-09 20:21:00,AEVA
5.51,5.52,5.51,5.515,400,2022-02-09 20:22:00,AEVA
5.51,5.52,5.51,5.52,500,2022-02-09 20:23:00,AEVA
5.515,5.515,5.51,5.515,700,2022-02-09 20:24:00,AEVA
5.51,5.515,5.51,5.515,300,2022-02-09 20:25:00,AEVA
5.51,5.51,5.495,5.495,5852,2022-02-09 20:26:00,AEVA
5.5,5.51,5.495,5.51,11949,2022-02-09 20:27:00,AEVA
5.51,5.54,5.51,5.54,24854,2022-02-09 20:28:00,AEVA
5.54,5.5577,5.54,5.555,2114,2022-02-09 20:29:00,AEVA
5.56,5.57,5.56,5.57,1873,2022-02-09 20:31:00,AEVA
5.58,5.5899,5.575,5.58,8362,2022-02-09 20:32:00,AEVA
5.585,5.585,5.585,5.585,400,2022-02-09 20:33:00,AEVA
5.585,5.585,5.58,5.585,3247,2022-02-09 20:34:00,AEVA
5.585,5.585,5.585,5.585,500,2022-02-09 20:35:00,AEVA
5.585,5.585,5.585,5.585,800,2022-02-09 20:36:00,AEVA
5.585,5.585,5.585,5.585,1315,2022-02-09 20:37:00,AEVA
5.585,5.585,5.58,5.585,2200,2022-02-09 20:38:00,AEVA
5.59,5.59,5.585,5.59,752,2022-02-09 20:39:00,AEVA
5.585,5.585,5.575,5.575,5359,2022-02-09 20:40:00,AEVA
5.575,5.575,5.56,5.56,4617,2022-02-09 20:41:00,AEVA
5.57,5.57,5.565,5.565,1048,2022-02-09 20:42:00,AEVA
5.56,5.57,5.56,5.57,3247,2022-02-09 20:43:00,AEVA
5.57,5.575,5.565,5.575,3877,2022-02-09 20:44:00,AEVA
5.575,5.58,5.575,5.575,1200,2022-02-09 20:45:00,AEVA
5.575,5.575,5.57,5.575,1300,2022-02-09 20:46:00,AEVA
5.57,5.58,5.57,5.58,2120,2022-02-09 20:47:00,AEVA
5.58,5.58,5.575,5.58,3249,2022-02-09 20:48:00,AEVA
5.575,5.58,5.575,5.575,2135,2022-02-09 20:49:00,AEVA
5.58,5.6,5.58,5.58,14648,2022-02-09 20:50:00,AEVA
5.585,5.59,5.5835,5.5835,960,2022-02-09 20:51:00,AEVA
5.59,5.59,5.585,5.585,2030,2022-02-09 20:52:00,AEVA
5.585,5.59,5.585,5.59,1309,2022-02-09 20:53:00,AEVA
5.59,5.59,5.585,5.585,2650,2022-02-09 20:54:00,AEVA
5.585,5.585,5.58,5.585,3039,2022-02-09 20:55:00,AEVA
5.585,5.59,5.58,5.585,7896,2022-02-09 20:56:00,AEVA
5.58,5.59,5.58,5.585,5844,2022-02-09 20:57:00,AEVA
5.59,5.59,5.58,5.585,5309,2022-02-09 20:58:00,AEVA
5.59,5.6,5.58,5.59,13364,2022-02-09 20:59:00,AEVA
5.6,5.6,5.6,5.6,88514,2022-02-09 21:00:00,AEVA
5.6,5.6,5.6,5.6,238,2022-02-09 21:02:00,AEVA
5.5,5.5,5.5,5.5,350,2022-02-10 13:58:00,AEVA
5.44,5.44,5.44,5.44,100,2022-02-10 14:20:00,AEVA
5.4101,5.4101,5.4101,5.4101,154,2022-02-10 14:22:00,AEVA
5.47,5.48,5.46,5.46,20312,2022-02-10 14:30:00,AEVA
5.4586,5.4586,5.4586,5.4586,100,2022-02-10 14:31:00,AEVA
5.44,5.44,5.44,5.44,100,2022-02-10 14:32:00,AEVA
5.46,5.47,5.46,5.46,1085,2022-02-10 14:33:00,AEVA
5.47,5.4715,5.47,5.4715,400,2022-02-10 14:34:00,AEVA
5.47,5.47,5.47,5.47,100,2022-02-10 14:35:00,AEVA
5.49,5.49,5.46,5.46,1200,2022-02-10 14:36:00,AEVA
5.48,5.52,5.48,5.5,4120,2022-02-10 14:37:00,AEVA
5.5078,5.5078,5.48,5.48,1348,2022-02-10 14:38:00,AEVA
5.48,5.48,5.47,5.48,1000,2022-02-10 14:39:00,AEVA
5.51,5.52,5.51,5.52,1989,2022-02-10 14:40:00,AEVA
5.5,5.5,5.46,5.46,1865,2022-02-10 14:41:00,AEVA
5.46,5.47,5.46,5.46,7453,2022-02-10 14:42:00,AEVA
5.46,5.485,5.46,5.48,6335,2022-02-10 14:43:00,AEVA
5.48,5.48,5.46,5.47,2153,2022-02-10 14:44:00,AEVA
5.47,5.48,5.47,5.475,7126,2022-02-10 14:45:00,AEVA
5.47,5.485,5.47,5.485,2841,2022-02-10 14:46:00,AEVA
5.48,5.485,5.47,5.47,2412,2022-02-10 14:47:00,AEVA
5.46,5.465,5.45,5.465,7188,2022-02-10 14:48:00,AEVA
5.47,5.47,5.46,5.47,2078,2022-02-10 14:49:00,AEVA
5.475,5.515,5.475,5.515,3315,2022-02-10 14:50:00,AEVA
5.5101,5.515,5.5101,5.515,2100,2022-02-10 14:51:00,AEVA
5.52,5.52,5.52,5.52,255,2022-02-10 14:52:00,AEVA
5.53,5.54,5.53,5.535,3401,2022-02-10 14:53:00,AEVA
5.535,5.5475,5.535,5.5427,2937,2022-02-10 14:54:00,AEVA
5.54,5.565,5.53,5.565,3295,2022-02-10 14:55:00,AEVA
5.565,5.575,5.565,5.565,1496,2022-02-10 14:56:00,AEVA
5.565,5.565,5.555,5.555,2476,2022-02-10 14:57:00,AEVA
5.555,5.56,5.555,5.56,605,2022-02-10 14:58:00,AEVA
5.56,5.57,5.555,5.57,2300,2022-02-10 14:59:00,AEVA
5.57,5.57,5.56,5.57,3767,2022-02-10 15:00:00,AEVA
5.58,5.59,5.58,5.59,1030,2022-02-10 15:01:00,AEVA
5.6,5.6044,5.6,5.6044,8917,2022-02-10 15:02:00,AEVA
5.61,5.61,5.6,5.6,4032,2022-02-10 15:03:00,AEVA
5.6,5.6,5.6,5.6,500,2022-02-10 15:04:00,AEVA
5.6,5.6075,5.6,5.6075,600,2022-02-10 15:05:00,AEVA
5.61,5.61,5.6082,5.6082,2300,2022-02-10 15:06:00,AEVA
5.61,5.62,5.61,5.62,583,2022-02-10 15:07:00,AEVA
5.62,5.64,5.62,5.64,2058,2022-02-10 15:09:00,AEVA
5.63,5.63,5.63,5.63,1700,2022-02-10 15:10:00,AEVA
5.62,5.62,5.62,5.62,2491,2022-02-10 15:11:00,AEVA
5.62,5.62,5.6183,5.62,1532,2022-02-10 15:12:00,AEVA
5.62,5.62,5.62,5.62,1425,2022-02-10 15:13:00,AEVA
5.61,5.61,5.592,5.592,1182,2022-02-10 15:14:00,AEVA
5.59,5.59,5.585,5.59,3400,2022-02-10 15:15:00,AEVA
5.585,5.59,5.575,5.585,3485,2022-02-10 15:16:00,AEVA
5.58,5.58,5.57,5.57,1743,2022-02-10 15:17:00,AEVA
5.57,5.57,5.57,5.57,100,2022-02-10 15:19:00,AEVA
5.57,5.57,5.57,5.57,850,2022-02-10 15:20:00,AEVA
5.57,5.59,5.57,5.59,887,2022-02-10 15:21:00,AEVA
5.5799,5.5799,5.5799,5.5799,179,2022-02-10 15:22:00,AEVA
5.58,5.59,5.58,5.59,1926,2022-02-10 15:23:00,AEVA
5.585,5.585,5.585,5.585,300,2022-02-10 15:24:00,AEVA
5.58,5.58,5.58,5.58,500,2022-02-10 15:25:00,AEVA
5.58,5.58,5.58,5.58,700,2022-02-10 15:26:00,AEVA
5.59,5.61,5.59,5.61,1200,2022-02-10 15:27:00,AEVA
5.615,5.62,5.615,5.62,738,2022-02-10 15:28:00,AEVA
5.62,5.62,5.61,5.61,835,2022-02-10 15:29:00,AEVA
5.62,5.625,5.62,5.625,1100,2022-02-10 15:30:00,AEVA
5.63,5.635,5.63,5.635,1220,2022-02-10 15:31:00,AEVA
5.64,5.65,5.64,5.64,11965,2022-02-10 15:32:00,AEVA
5.64,5.64,5.64,5.64,1292,2022-02-10 15:33:00,AEVA
5.6484,5.6484,5.6484,5.6484,100,2022-02-10 15:34:00,AEVA
5.64,5.68,5.64,5.68,23021,2022-02-10 15:35:00,AEVA
5.68,5.68,5.65,5.65,1200,2022-02-10 15:36:00,AEVA
5.6472,5.6472,5.6472,5.6472,100,2022-02-10 15:37:00,AEVA
5.65,5.65,5.65,5.65,674,2022-02-10 15:38:00,AEVA
5.655,5.66,5.655,5.66,1472,2022-02-10 15:40:00,AEVA
5.66,5.665,5.655,5.655,12707,2022-02-10 15:41:00,AEVA
5.655,5.66,5.625,5.625,26656,2022-02-10 15:42:00,AEVA
5.625,5.64,5.615,5.62,16633,2022-02-10 15:43:00,AEVA
5.615,5.62,5.61,5.615,1571,2022-02-10 15:44:00,AEVA
5.61,5.61,5.61,5.61,2065,2022-02-10 15:45:00,AEVA
5.61,5.61,5.61,5.61,100,2022-02-10 15:46:00,AEVA
5.605,5.605,5.605,5.605,100,2022-02-10 15:47:00,AEVA
5.605,5.605,5.59,5.6,4186,2022-02-10 15:48:00,AEVA
5.605,5.605,5.605,5.605,200,2022-02-10 15:49:00,AEVA
5.605,5.61,5.58,5.59,9038,2022-02-10 15:50:00,AEVA
5.585,5.6,5.575,5.575,434599,2022-02-10 15:51:00,AEVA
5.57,5.57,5.56,5.565,9550,2022-02-10 15:52:00,AEVA
5.56,5.56,5.545,5.55,7447,2022-02-10 15:53:00,AEVA
5.55,5.55,5.525,5.525,11090,2022-02-10 15:54:00,AEVA
5.53,5.53,5.515,5.525,7811,2022-02-10 15:55:00,AEVA
5.53,5.53,5.503,5.515,16018,2022-02-10 15:56:00,AEVA
5.51,5.51,5.505,5.51,2214,2022-02-10 15:57:00,AEVA
5.5,5.5,5.485,5.5,7438,2022-02-10 15:58:00,AEVA
5.5,5.505,5.495,5.505,9843,2022-02-10 15:59:00,AEVA
5.5,5.505,5.49,5.505,4417,2022-02-10 16:00:00,AEVA
5.505,5.51,5.495,5.495,11127,2022-02-10 16:01:00,AEVA
5.5,5.505,5.495,5.505,6428,2022-02-10 16:02:00,AEVA
5.505,5.51,5.505,5.505,5862,2022-02-10 16:03:00,AEVA
5.505,5.505,5.5,5.5,1150,2022-02-10 16:04:00,AEVA
5.49,5.505,5.48,5.505,3263,2022-02-10 16:05:00,AEVA
5.505,5.505,5.5,5.5,1674,2022-02-10 16:06:00,AEVA
5.505,5.51,5.505,5.51,2049,2022-02-10 16:07:00,AEVA
5.505,5.51,5.505,5.505,1700,2022-02-10 16:08:00,AEVA
5.5,5.505,5.5,5.505,3756,2022-02-10 16:09:00,AEVA
5.505,5.505,5.49,5.495,5894,2022-02-10 16:10:00,AEVA
5.5,5.5,5.49,5.49,3028,2022-02-10 16:11:00,AEVA
5.495,5.5,5.49,5.495,1003,2022-02-10 16:12:00,AEVA
5.49,5.5,5.49,5.5,4799,2022-02-10 16:13:00,AEVA
5.5,5.505,5.49,5.49,2300,2022-02-10 16:14:00,AEVA
5.49,5.49,5.49,5.49,1300,2022-02-10 16:15:00,AEVA
5.5,5.505,5.5,5.5,1952,2022-02-10 16:17:00,AEVA
5.5,5.5,5.5,5.5,818,2022-02-10 16:18:00,AEVA
5.4901,5.505,5.49,5.505,3191,2022-02-10 16:19:00,AEVA
5.51,5.51,5.5,5.5,5214,2022-02-10 16:20:00,AEVA
5.5,5.5,5.49,5.49,3148,2022-02-10 16:21:00,AEVA
5.485,5.485,5.485,5.485,100,2022-02-10 16:22:00,AEVA
5.48,5.48,5.48,5.48,100,2022-02-10 16:23:00,AEVA
5.49,5.49,5.49,5.49,1223,2022-02-10 16:24:00,AEVA
5.49,5.49,5.4799,5.4799,1550,2022-02-10 16:25:00,AEVA
5.48,5.48,5.48,5.48,570,2022-02-10 16:26:00,AEVA
5.48,5.48,5.47,5.47,2666,2022-02-10 16:27:00,AEVA
5.47,5.48,5.47,5.48,939,2022-02-10 16:28:00,AEVA
5.48,5.48,5.475,5.475,800,2022-02-10 16:29:00,AEVA
5.47,5.47,5.47,5.47,1652,2022-02-10 16:30:00,AEVA
5.465,5.47,5.465,5.47,1102,2022-02-10 16:31:00,AEVA
5.47,5.47,5.47,5.47,181,2022-02-10 16:32:00,AEVA
5.46,5.465,5.46,5.465,1964,2022-02-10 16:33:00,AEVA
5.46,5.46,5.46,5.46,1202,2022-02-10 16:34:00,AEVA
5.46,5.46,5.455,5.46,1387,2022-02-10 16:35:00,AEVA
5.46,5.46,5.46,5.46,700,2022-02-10 16:36:00,AEVA
5.455,5.455,5.455,5.455,100,2022-02-10 16:37:00,AEVA
5.455,5.455,5.455,5.455,300,2022-02-10 16:38:00,AEVA
5.46,5.47,5.46,5.47,1523,2022-02-10 16:39:00,AEVA
5.47,5.47,5.47,5.47,1143,2022-02-10 16:40:00,AEVA
5.47,5.47,5.4632,5.47,1150,2022-02-10 16:41:00,AEVA
5.47,5.47,5.465,5.465,1905,2022-02-10 16:42:00,AEVA
5.47,5.47,5.47,5.47,400,2022-02-10 16:43:00,AEVA
5.47,5.48,5.47,5.48,1368,2022-02-10 16:44:00,AEVA
5.485,5.5,5.485,5.5,18668,2022-02-10 16:46:00,AEVA
5.495,5.5,5.495,5.5,600,2022-02-10 16:47:00,AEVA
5.5,5.5,5.5,5.5,246,2022-02-10 16:48:00,AEVA
5.495,5.5,5.495,5.5,200,2022-02-10 16:51:00,AEVA
5.5,5.5,5.5,5.5,200,2022-02-10 16:52:00,AEVA
5.49,5.49,5.485,5.485,1900,2022-02-10 16:54:00,AEVA
5.49,5.5,5.49,5.5,1588,2022-02-10 16:55:00,AEVA
5.5,5.505,5.5,5.505,2097,2022-02-10 16:56:00,AEVA
5.5,5.5099,5.5,5.5099,6500,2022-02-10 16:57:00,AEVA
5.505,5.505,5.505,5.505,624,2022-02-10 16:58:00,AEVA
5.505,5.51,5.5,5.505,5451,2022-02-10 16:59:00,AEVA
5.5,5.5,5.495,5.495,1218,2022-02-10 17:00:00,AEVA
5.5,5.51,5.49,5.505,7287,2022-02-10 17:01:00,AEVA
5.505,5.51,5.505,5.505,8096,2022-02-10 17:02:00,AEVA
5.5,5.5,5.49,5.5,3284,2022-02-10 17:03:00,AEVA
5.49,5.495,5.49,5.495,540,2022-02-10 17:05:00,AEVA
5.4917,5.4917,5.4917,5.4917,500,2022-02-10 17:06:00,AEVA
5.495,5.5,5.495,5.5,1190,2022-02-10 17:07:00,AEVA
5.5,5.51,5.5,5.51,20875,2022-02-10 17:08:00,AEVA
5.51,5.515,5.51,5.515,2206,2022-02-10 17:09:00,AEVA
5.515,5.515,5.515,5.515,1338,2022-02-10 17:10:00,AEVA
5.515,5.515,5.515,5.515,3487,2022-02-10 17:11:00,AEVA
5.515,5.52,5.515,5.52,200,2022-02-10 17:12:00,AEVA
5.515,5.515,5.515,5.515,100,2022-02-10 17:13:00,AEVA
5.515,5.515,5.515,5.515,978,2022-02-10 17:14:00,AEVA
5.51,5.51,5.505,5.505,9347,2022-02-10 17:15:00,AEVA
5.505,5.505,5.5,5.5,900,2022-02-10 17:16:00,AEVA
5.505,5.51,5.505,5.51,1221,2022-02-10 17:17:00,AEVA
5.51,5.51,5.505,5.505,1000,2022-02-10 17:18:00,AEVA
5.505,5.51,5.505,5.505,5418,2022-02-10 17:19:00,AEVA
5.505,5.51,5.5,5.505,2932,2022-02-10 17:20:00,AEVA
5.505,5.505,5.5001,5.505,3374,2022-02-10 17:21:00,AEVA
5.505,5.505,5.505,5.505,2986,2022-02-10 17:22:00,AEVA
5.505,5.505,5.505,5.505,844,2022-02-10 17:23:00,AEVA
5.5,5.505,5.5,5.505,1070,2022-02-10 17:24:00,AEVA
5.505,5.505,5.505,5.505,2112,2022-02-10 17:25:00,AEVA
5.505,5.51,5.505,5.505,1128,2022-02-10 17:26:00,AEVA
5.505,5.5087,5.505,5.505,1642,2022-02-10 17:27:00,AEVA
5.51,5.57,5.51,5.57,25444,2022-02-10 17:30:00,AEVA
5.56,5.59,5.56,5.58,3906,2022-02-10 17:31:00,AEVA
5.58,5.59,5.58,5.585,1872,2022-02-10 17:32:00,AEVA
5.58,5.58,5.575,5.575,5735,2022-02-10 17:33:00,AEVA
5.5799,5.5799,5.5709,5.5709,10500,2022-02-10 17:34:00,AEVA
5.58,5.61,5.58,5.6024,5894,2022-02-10 17:35:00,AEVA
5.605,5.605,5.605,5.605,100,2022-02-10 17:36:00,AEVA
5.6,5.61,5.6,5.61,300,2022-02-10 17:37:00,AEVA
5.61,5.63,5.61,5.62,5086,2022-02-10 17:38:00,AEVA
5.63,5.63,5.63,5.63,100,2022-02-10 17:39:00,AEVA
5.63,5.64,5.63,5.64,1571,2022-02-10 17:40:00,AEVA
5.64,5.65,5.64,5.645,900,2022-02-10 17:41:00,AEVA
5.645,5.645,5.615,5.615,11620,2022-02-10 17:42:00,AEVA
5.615,5.615,5.59,5.6,5391,2022-02-10 17:44:00,AEVA
5.6,5.605,5.57,5.57,11131,2022-02-10 17:45:00,AEVA
5.57,5.57,5.56,5.56,3463,2022-02-10 17:46:00,AEVA
5.55,5.55,5.5437,5.5437,1840,2022-02-10 17:47:00,AEVA
5.5483,5.5483,5.52,5.52,5999,2022-02-10 17:48:00,AEVA
5.52,5.53,5.52,5.525,1288,2022-02-10 17:49:00,AEVA
5.52,5.52,5.51,5.51,400,2022-02-10 17:50:00,AEVA
5.51,5.51,5.51,5.51,1400,2022-02-10 17:52:00,AEVA
5.52,5.525,5.51,5.52,3119,2022-02-10 17:53:00,AEVA
5.53,5.535,5.52,5.52,6100,2022-02-10 17:54:00,AEVA
5.52,5.52,5.52,5.52,350,2022-02-10 17:55:00,AEVA
5.525,5.525,5.525,5.525,215,2022-02-10 17:56:00,AEVA
5.53,5.54,5.53,5.54,3291,2022-02-10 17:57:00,AEVA
5.55,5.57,5.55,5.565,2587,2022-02-10 17:58:00,AEVA
5.56,5.565,5.55,5.555,2700,2022-02-10 17:59:00,AEVA
5.555,5.555,5.5539,5.5539,400,2022-02-10 18:00:00,AEVA
5.555,5.56,5.54,5.54,15218,2022-02-10 18:01:00,AEVA
5.54,5.545,5.53,5.545,8169,2022-02-10 18:02:00,AEVA
5.55,5.555,5.55,5.555,3718,2022-02-10 18:03:00,AEVA
5.555,5.56,5.555,5.555,4646,2022-02-10 18:04:00,AEVA
5.555,5.56,5.55,5.55,8677,2022-02-10 18:05:00,AEVA
5.545,5.555,5.545,5.555,1424,2022-02-10 18:06:00,AEVA
5.555,5.555,5.54,5.54,1200,2022-02-10 18:07:00,AEVA
5.54,5.545,5.54,5.545,1481,2022-02-10 18:08:00,AEVA
5.54,5.54,5.54,5.54,140,2022-02-10 18:09:00,AEVA
5.545,5.555,5.545,5.555,2004,2022-02-10 18:10:00,AEVA
5.55,5.55,5.55,5.55,476,2022-02-10 18:11:00,AEVA
5.545,5.545,5.54,5.54,1300,2022-02-10 18:12:00,AEVA
5.53,5.53,5.53,5.53,1207,2022-02-10 18:13:00,AEVA
5.535,5.54,5.535,5.54,1411,2022-02-10 18:14:00,AEVA
5.535,5.535,5.53,5.53,825,2022-02-10 18:15:00,AEVA
5.5248,5.5248,5.51,5.51,2125,2022-02-10 18:16:00,AEVA
5.51,5.51,5.5,5.51,800,2022-02-10 18:17:00,AEVA
5.5,5.5,5.5,5.5,100,2022-02-10 18:18:00,AEVA
5.5,5.5,5.49,5.49,1527,2022-02-10 18:19:00,AEVA
5.5,5.5,5.5,5.5,1861,2022-02-10 18:21:00,AEVA
5.5,5.5,5.5,5.5,638,2022-02-10 18:22:00,AEVA
5.5022,5.525,5.5022,5.525,2337,2022-02-10 18:24:00,AEVA
5.52,5.525,5.52,5.52,1114,2022-02-10 18:25:00,AEVA
5.52,5.52,5.51,5.51,1316,2022-02-10 18:26:00,AEVA
5.51,5.51,5.51,5.51,699,2022-02-10 18:27:00,AEVA
5.51,5.515,5.51,5.51,6000,2022-02-10 18:28:00,AEVA
5.5,5.5,5.48,5.48,5431,2022-02-10 18:29:00,AEVA
5.47,5.48,5.465,5.47,1502,2022-02-10 18:31:00,AEVA
5.46,5.46,5.455,5.46,2895,2022-02-10 18:32:00,AEVA
5.47,5.47,5.465,5.465,7673,2022-02-10 18:34:00,AEVA
5.46,5.46,5.4317,5.435,23198,2022-02-10 18:35:00,AEVA
5.43,5.43,5.42,5.43,1959,2022-02-10 18:36:00,AEVA
5.42,5.42,5.42,5.42,1400,2022-02-10 18:37:00,AEVA
5.42,5.42,5.415,5.42,935,2022-02-10 18:38:00,AEVA
5.43,5.43,5.43,5.43,1500,2022-02-10 18:39:00,AEVA
5.44,5.44,5.435,5.44,1966,2022-02-10 18:41:00,AEVA
5.44,5.44,5.43,5.435,1855,2022-02-10 18:42:00,AEVA
5.44,5.46,5.44,5.46,3300,2022-02-10 18:43:00,AEVA
5.452,5.46,5.452,5.46,2491,2022-02-10 18:45:00,AEVA
5.46,5.48,5.46,5.46,4635,2022-02-10 18:46:00,AEVA
5.455,5.46,5.45,5.45,2200,2022-02-10 18:47:00,AEVA
5.44,5.44,5.435,5.435,1846,2022-02-10 18:48:00,AEVA
5.435,5.47,5.435,5.47,3602,2022-02-10 18:50:00,AEVA
5.46,5.46,5.445,5.445,800,2022-02-10 18:51:00,AEVA
5.445,5.445,5.445,5.445,200,2022-02-10 18:52:00,AEVA
5.445,5.445,5.445,5.445,100,2022-02-10 18:54:00,AEVA
5.4401,5.4401,5.435,5.435,1700,2022-02-10 18:55:00,AEVA
5.435,5.435,5.43,5.43,2946,2022-02-10 18:56:00,AEVA
5.425,5.425,5.425,5.425,200,2022-02-10 18:57:00,AEVA
5.425,5.425,5.425,5.425,1237,2022-02-10 18:58:00,AEVA
5.43,5.44,5.425,5.4376,1543,2022-02-10 18:59:00,AEVA
5.435,5.44,5.435,5.435,1944,2022-02-10 19:00:00,AEVA
5.43,5.43,5.42,5.42,1955,2022-02-10 19:01:00,AEVA
5.42,5.42,5.415,5.42,1016,2022-02-10 19:02:00,AEVA
5.415,5.415,5.415,5.415,600,2022-02-10 19:03:00,AEVA
5.41,5.41,5.4,5.4,1400,2022-02-10 19:04:00,AEVA
5.4,5.4,5.393,5.393,1696,2022-02-10 19:05:00,AEVA
5.395,5.41,5.395,5.41,4759,2022-02-10 19:06:00,AEVA
5.415,5.42,5.415,5.42,1744,2022-02-10 19:07:00,AEVA
5.415,5.42,5.415,5.42,600,2022-02-10 19:09:00,AEVA
5.415,5.425,5.415,5.42,3499,2022-02-10 19:10:00,AEVA
5.415,5.415,5.41,5.41,500,2022-02-10 19:11:00,AEVA
5.415,5.415,5.415,5.415,100,2022-02-10 19:12:00,AEVA
5.415,5.415,5.415,5.415,2400,2022-02-10 19:13:00,AEVA
5.41,5.41,5.405,5.405,1249,2022-02-10 19:14:00,AEVA
5.4082,5.4082,5.39,5.395,2900,2022-02-10 19:15:00,AEVA
5.39,5.39,5.38,5.38,1388,2022-02-10 19:16:00,AEVA
5.38,5.385,5.38,5.385,2301,2022-02-10 19:17:00,AEVA
5.38,5.385,5.37,5.38,1362,2022-02-10 19:18:00,AEVA
5.38,5.38,5.375,5.375,295,2022-02-10 19:19:00,AEVA
5.375,5.38,5.375,5.38,1995,2022-02-10 19:20:00,AEVA
5.38,5.38,5.355,5.36,3779,2022-02-10 19:21:00,AEVA
5.355,5.36,5.355,5.36,951,2022-02-10 19:22:00,AEVA
5.37,5.37,5.365,5.3699,700,2022-02-10 19:23:00,AEVA
5.37,5.375,5.37,5.375,906,2022-02-10 19:24:00,AEVA
5.375,5.39,5.375,5.39,1006,2022-02-10 19:25:00,AEVA
5.39,5.4,5.385,5.4,3201,2022-02-10 19:26:00,AEVA
5.395,5.395,5.395,5.395,100,2022-02-10 19:27:00,AEVA
5.39,5.39,5.385,5.385,700,2022-02-10 19:28:00,AEVA
5.385,5.39,5.385,5.385,1000,2022-02-10 19:29:00,AEVA
5.385,5.395,5.385,5.385,3554,2022-02-10 19:30:00,AEVA
5.385,5.395,5.385,5.39,4150,2022-02-10 19:31:00,AEVA
5.39,5.39,5.39,5.39,1900,2022-02-10 19:32:00,AEVA
5.3899,5.3899,5.3899,5.3899,742,2022-02-10 19:33:00,AEVA
5.39,5.39,5.39,5.39,200,2022-02-10 19:34:00,AEVA
5.395,5.395,5.385,5.385,967,2022-02-10 19:35:00,AEVA
5.385,5.415,5.385,5.415,5328,2022-02-10 19:36:00,AEVA
5.41,5.41,5.41,5.41,2600,2022-02-10 19:37:00,AEVA
5.4082,5.41,5.4082,5.41,802,2022-02-10 19:38:00,AEVA
5.41,5.41,5.405,5.405,739,2022-02-10 19:39:00,AEVA
5.405,5.405,5.405,5.405,200,2022-02-10 19:40:00,AEVA
5.405,5.42,5.405,5.415,3081,2022-02-10 19:41:00,AEVA
5.41,5.41,5.405,5.405,1200,2022-02-10 19:42:00,AEVA
5.405,5.405,5.405,5.405,100,2022-02-10 19:43:00,AEVA
5.4,5.4,5.38,5.38,3156,2022-02-10 19:44:00,AEVA
5.39,5.4,5.39,5.3967,3196,2022-02-10 19:45:00,AEVA
5.4,5.4,5.395,5.395,300,2022-02-10 19:46:00,AEVA
5.41,5.415,5.405,5.41,2109,2022-02-10 19:47:00,AEVA
5.41,5.415,5.405,5.405,1574,2022-02-10 19:48:00,AEVA
5.4,5.4,5.39,5.39,1726,2022-02-10 19:49:00,AEVA
5.385,5.385,5.38,5.38,467,2022-02-10 19:50:00,AEVA
5.37,5.3723,5.36,5.36,1543,2022-02-10 19:51:00,AEVA
5.37,5.37,5.35,5.35,5182,2022-02-10 19:52:00,AEVA
5.35,5.35,5.33,5.335,12531,2022-02-10 19:53:00,AEVA
5.34,5.34,5.335,5.335,2615,2022-02-10 19:54:00,AEVA
5.34,5.34,5.34,5.34,700,2022-02-10 19:55:00,AEVA
5.335,5.34,5.335,5.335,600,2022-02-10 19:56:00,AEVA
5.33,5.335,5.33,5.335,5939,2022-02-10 19:57:00,AEVA
5.34,5.34,5.335,5.335,2855,2022-02-10 19:58:00,AEVA
5.34,5.34,5.335,5.34,2826,2022-02-10 19:59:00,AEVA
5.3415,5.3415,5.335,5.335,1677,2022-02-10 20:00:00,AEVA
5.3356,5.3356,5.315,5.315,2105,2022-02-10 20:01:00,AEVA
5.315,5.315,5.31,5.315,991,2022-02-10 20:02:00,AEVA
5.31,5.315,5.3,5.31,10743,2022-02-10 20:03:00,AEVA
5.315,5.32,5.315,5.315,1801,2022-02-10 20:04:00,AEVA
5.32,5.325,5.32,5.325,1360,2022-02-10 20:05:00,AEVA
5.32,5.32,5.315,5.315,2772,2022-02-10 20:06:00,AEVA
5.315,5.32,5.315,5.32,2050,2022-02-10 20:07:00,AEVA
5.31,5.31,5.305,5.305,2184,2022-02-10 20:08:00,AEVA
5.31,5.3112,5.305,5.3112,1225,2022-02-10 20:09:00,AEVA
5.315,5.325,5.315,5.32,2310,2022-02-10 20:10:00,AEVA
5.315,5.325,5.315,5.325,2575,2022-02-10 20:11:00,AEVA
5.325,5.325,5.32,5.325,400,2022-02-10 20:12:00,AEVA
5.325,5.325,5.325,5.325,500,2022-02-10 20:13:00,AEVA
5.325,5.325,5.325,5.325,200,2022-02-10 20:14:00,AEVA
5.32,5.325,5.315,5.32,4712,2022-02-10 20:15:00,AEVA
5.32,5.325,5.315,5.32,2407,2022-02-10 20:16:00,AEVA
5.325,5.325,5.315,5.315,500,2022-02-10 20:17:00,AEVA
5.315,5.315,5.31,5.31,2145,2022-02-10 20:18:00,AEVA
5.31,5.31,5.285,5.295,5613,2022-02-10 20:19:00,AEVA
5.295,5.305,5.295,5.3,2202,2022-02-10 20:20:00,AEVA
5.3,5.3,5.28,5.285,3010,2022-02-10 20:21:00,AEVA
5.28,5.285,5.28,5.285,1374,2022-02-10 20:22:00,AEVA
5.285,5.285,5.275,5.275,4677,2022-02-10 20:23:00,AEVA
5.275,5.29,5.275,5.29,5647,2022-02-10 20:24:00,AEVA
5.29,5.295,5.29,5.295,1125,2022-02-10 20:25:00,AEVA
5.295,5.295,5.285,5.285,2149,2022-02-10 20:26:00,AEVA
5.285,5.3,5.285,5.3,2350,2022-02-10 20:27:00,AEVA
5.3,5.31,5.3,5.31,705,2022-02-10 20:28:00,AEVA
5.305,5.305,5.295,5.295,3500,2022-02-10 20:29:00,AEVA
5.29,5.295,5.29,5.29,1900,2022-02-10 20:30:00,AEVA
5.29,5.3,5.29,5.3,9871,2022-02-10 20:32:00,AEVA
5.295,5.3,5.295,5.3,500,2022-02-10 20:33:00,AEVA
5.3,5.3,5.29,5.3,2100,2022-02-10 20:34:00,AEVA
5.3,5.3,5.29,5.3,2000,2022-02-10 20:35:00,AEVA
5.295,5.3,5.285,5.285,6431,2022-02-10 20:36:00,AEVA
5.285,5.295,5.285,5.295,5676,2022-02-10 20:37:00,AEVA
5.295,5.315,5.295,5.315,10341,2022-02-10 20:38:00,AEVA
5.31,5.31,5.3,5.305,9059,2022-02-10 20:39:00,AEVA
5.31,5.31,5.3,5.305,4900,2022-02-10 20:40:00,AEVA
5.305,5.305,5.29,5.295,6229,2022-02-10 20:41:00,AEVA
5.295,5.295,5.285,5.285,3385,2022-02-10 20:42:00,AEVA
5.28,5.29,5.28,5.29,4425,2022-02-10 20:43:00,AEVA
5.295,5.3,5.295,5.295,4488,2022-02-10 20:44:00,AEVA
5.29,5.2985,5.285,5.285,5887,2022-02-10 20:45:00,AEVA
5.285,5.29,5.28,5.2892,1200,2022-02-10 20:46:00,AEVA
5.285,5.285,5.27,5.27,8596,2022-02-10 20:47:00,AEVA
5.275,5.275,5.27,5.27,800,2022-02-10 20:48:00,AEVA
5.27,5.28,5.26,5.275,9696,2022-02-10 20:49:00,AEVA
5.275,5.28,5.275,5.275,3273,2022-02-10 20:50:00,AEVA
5.275,5.295,5.275,5.29,11152,2022-02-10 20:51:00,AEVA
5.29,5.3,5.29,5.295,7447,2022-02-10 20:52:00,AEVA
5.295,5.3,5.28,5.28,6678,2022-02-10 20:53:00,AEVA
5.285,5.3,5.285,5.295,9180,2022-02-10 20:54:00,AEVA
5.295,5.31,5.295,5.31,8092,2022-02-10 20:55:00,AEVA
5.3,5.32,5.3,5.32,6560,2022-02-10 20:56:00,AEVA
5.315,5.315,5.3,5.305,14323,2022-02-10 20:57:00,AEVA
5.3001,5.31,5.3,5.305,5818,2022-02-10 20:58:00,AEVA
5.305,5.31,5.29,5.29,29838,2022-02-10 20:59:00,AEVA
5.29,5.29,5.29,5.29,79656,2022-02-10 21:00:00,AEVA
5.29,5.29,5.29,5.29,8355,2022-02-10 21:01:00,AEVA
5.29,5.29,5.29,5.29,7632,2022-02-10 23:04:00,AEVA
5.3,5.32,5.3,5.32,8078,2022-02-11 14:30:00,AEVA
5.3272,5.3272,5.3272,5.3272,2810,2022-02-11 14:31:00,AEVA
5.31,5.37,5.31,5.37,1300,2022-02-11 14:32:00,AEVA
5.37,5.37,5.37,5.37,100,2022-02-11 14:34:00,AEVA
5.37,5.37,5.31,5.36,4172,2022-02-11 14:35:00,AEVA
5.34,5.35,5.33,5.35,1870,2022-02-11 14:36:00,AEVA
5.34,5.39,5.34,5.39,2998,2022-02-11 14:37:00,AEVA
5.4,5.4,5.375,5.38,2416,2022-02-11 14:38:00,AEVA
5.37,5.37,5.35,5.35,820,2022-02-11 14:39:00,AEVA
5.35,5.35,5.34,5.34,400,2022-02-11 14:40:00,AEVA
5.34,5.34,5.307,5.307,931,2022-02-11 14:41:00,AEVA
5.32,5.36,5.32,5.35,3266,2022-02-11 14:42:00,AEVA
5.35,5.35,5.34,5.34,1040,2022-02-11 14:43:00,AEVA
5.35,5.365,5.33,5.33,3700,2022-02-11 14:44:00,AEVA
5.33,5.36,5.33,5.355,1783,2022-02-11 14:45:00,AEVA
5.36,5.375,5.36,5.37,3950,2022-02-11 14:46:00,AEVA
5.36,5.365,5.36,5.365,1196,2022-02-11 14:47:00,AEVA
5.36,5.36,5.36,5.36,373,2022-02-11 14:48:00,AEVA
5.35,5.35,5.345,5.345,500,2022-02-11 14:49:00,AEVA
5.35,5.36,5.35,5.36,900,2022-02-11 14:50:00,AEVA
5.35,5.35,5.345,5.35,2234,2022-02-11 14:51:00,AEVA
5.355,5.36,5.355,5.36,2467,2022-02-11 14:52:00,AEVA
5.37,5.37,5.365,5.365,1465,2022-02-11 14:53:00,AEVA
5.36,5.38,5.36,5.3799,991,2022-02-11 14:54:00,AEVA
5.379,5.379,5.379,5.379,100,2022-02-11 14:55:00,AEVA
5.36,5.36,5.335,5.335,1583,2022-02-11 14:56:00,AEVA
5.34,5.35,5.34,5.35,1057,2022-02-11 14:57:00,AEVA
5.35,5.35,5.3,5.3,11684,2022-02-11 14:58:00,AEVA
5.3,5.32,5.3,5.32,7077,2022-02-11 14:59:00,AEVA
5.32,5.325,5.31,5.31,1956,2022-02-11 15:00:00,AEVA
5.32,5.33,5.32,5.33,672,2022-02-11 15:01:00,AEVA
5.34,5.35,5.34,5.35,500,2022-02-11 15:02:00,AEVA
5.365,5.365,5.36,5.36,1153,2022-02-11 15:03:00,AEVA
5.37,5.37,5.34,5.34,8400,2022-02-11 15:04:00,AEVA
5.33,5.33,5.32,5.32,2877,2022-02-11 15:05:00,AEVA
5.33,5.3301,5.33,5.3301,350,2022-02-11 15:06:00,AEVA
5.34,5.36,5.34,5.36,1890,2022-02-11 15:07:00,AEVA
5.35,5.35,5.34,5.34,200,2022-02-11 15:08:00,AEVA
5.33,5.33,5.32,5.32,1080,2022-02-11 15:09:00,AEVA
5.32,5.33,5.32,5.33,700,2022-02-11 15:10:00,AEVA
5.33,5.33,5.33,5.33,800,2022-02-11 15:11:00,AEVA
5.32,5.32,5.3009,5.3009,1502,2022-02-11 15:12:00,AEVA
5.3,5.3,5.29,5.29,400,2022-02-11 15:13:00,AEVA
5.3,5.31,5.3,5.31,480,2022-02-11 15:14:00,AEVA
5.32,5.32,5.32,5.32,1600,2022-02-11 15:15:00,AEVA
5.32,5.33,5.32,5.33,1280,2022-02-11 15:16:00,AEVA
5.32,5.32,5.32,5.32,100,2022-02-11 15:17:00,AEVA
5.31,5.31,5.31,5.31,230,2022-02-11 15:18:00,AEVA
5.315,5.34,5.31,5.34,1351,2022-02-11 15:19:00,AEVA
5.35,5.35,5.35,5.35,1099,2022-02-11 15:20:00,AEVA
5.35,5.35,5.35,5.35,1300,2022-02-11 15:21:00,AEVA
5.35,5.35,5.35,5.35,1600,2022-02-11 15:22:00,AEVA
5.36,5.37,5.36,5.37,2300,2022-02-11 15:23:00,AEVA
5.39,5.39,5.39,5.39,1300,2022-02-11 15:24:00,AEVA
5.4,5.4,5.4,5.4,100,2022-02-11 15:26:00,AEVA
5.41,5.41,5.4,5.4,1511,2022-02-11 15:27:00,AEVA
5.39,5.39,5.39,5.39,400,2022-02-11 15:28:00,AEVA
5.39,5.39,5.385,5.39,1472,2022-02-11 15:29:00,AEVA
5.4,5.4,5.4,5.4,1146,2022-02-11 15:30:00,AEVA
5.4,5.42,5.4,5.42,4841,2022-02-11 15:31:00,AEVA
5.415,5.415,5.405,5.405,712,2022-02-11 15:32:00,AEVA
5.4,5.41,5.4,5.41,868,2022-02-11 15:33:00,AEVA
5.405,5.41,5.405,5.405,780,2022-02-11 15:34:00,AEVA
5.41,5.42,5.41,5.41,2308,2022-02-11 15:35:00,AEVA
5.4,5.415,5.4,5.415,1374,2022-02-11 15:36:00,AEVA
5.415,5.42,5.415,5.42,348,2022-02-11 15:37:00,AEVA
5.425,5.43,5.425,5.43,2546,2022-02-11 15:39:00,AEVA
5.435,5.4399,5.435,5.4399,2200,2022-02-11 15:40:00,AEVA
5.43,5.43,5.4221,5.425,1498,2022-02-11 15:41:00,AEVA
5.42,5.42,5.42,5.42,1225,2022-02-11 15:42:00,AEVA
5.4223,5.43,5.4223,5.43,310,2022-02-11 15:43:00,AEVA
5.42,5.42,5.41,5.41,900,2022-02-11 15:45:00,AEVA
5.42,5.42,5.42,5.42,800,2022-02-11 15:46:00,AEVA
5.42,5.42,5.42,5.42,3800,2022-02-11 15:48:00,AEVA
5.42,5.42,5.42,5.42,300,2022-02-11 15:49:00,AEVA
5.42,5.42,5.42,5.42,346,2022-02-11 15:50:00,AEVA
5.42,5.42,5.42,5.42,320,2022-02-11 15:51:00,AEVA
5.4144,5.42,5.405,5.41,2167,2022-02-11 15:52:00,AEVA
5.41,5.41,5.41,5.41,979,2022-02-11 15:53:00,AEVA
5.415,5.42,5.41,5.42,1478,2022-02-11 15:54:00,AEVA
5.42,5.42,5.42,5.42,604,2022-02-11 15:55:00,AEVA
5.41,5.41,5.41,5.41,300,2022-02-11 15:56:00,AEVA
5.4,5.4,5.4,5.4,500,2022-02-11 15:58:00,AEVA
5.4,5.4,5.4,5.4,1300,2022-02-11 15:59:00,AEVA
5.4,5.405,5.4,5.405,800,2022-02-11 16:00:00,AEVA
5.405,5.405,5.405,5.405,100,2022-02-11 16:01:00,AEVA
5.41,5.41,5.41,5.41,700,2022-02-11 16:02:00,AEVA
5.415,5.42,5.415,5.42,301,2022-02-11 16:03:00,AEVA
5.429,5.435,5.429,5.435,878,2022-02-11 16:04:00,AEVA
5.435,5.435,5.42,5.42,3994,2022-02-11 16:05:00,AEVA
5.41,5.41,5.41,5.41,694,2022-02-11 16:06:00,AEVA
5.405,5.405,5.4,5.4,715,2022-02-11 16:08:00,AEVA
5.395,5.395,5.39,5.39,800,2022-02-11 16:09:00,AEVA
5.38,5.39,5.38,5.39,2573,2022-02-11 16:10:00,AEVA
5.395,5.395,5.38,5.38,1780,2022-02-11 16:11:00,AEVA
5.38,5.38,5.375,5.375,1732,2022-02-11 16:12:00,AEVA
5.375,5.375,5.36,5.36,600,2022-02-11 16:14:00,AEVA
5.35,5.35,5.33,5.34,3134,2022-02-11 16:16:00,AEVA
5.345,5.345,5.34,5.34,200,2022-02-11 16:17:00,AEVA
5.34,5.34,5.33,5.3384,550,2022-02-11 16:18:00,AEVA
5.34,5.34,5.33,5.33,2610,2022-02-11 16:20:00,AEVA
5.33,5.33,5.33,5.33,626,2022-02-11 16:22:00,AEVA
5.33,5.335,5.33,5.335,500,2022-02-11 16:23:00,AEVA
5.335,5.335,5.335,5.335,100,2022-02-11 16:25:00,AEVA
5.33,5.33,5.33,5.33,1000,2022-02-11 16:26:00,AEVA
5.33,5.33,5.33,5.33,1020,2022-02-11 16:27:00,AEVA
5.34,5.34,5.34,5.34,2600,2022-02-11 16:28:00,AEVA
5.331,5.335,5.31,5.335,15857,2022-02-11 16:29:00,AEVA
5.34,5.35,5.34,5.35,1600,2022-02-11 16:30:00,AEVA
5.35,5.3562,5.35,5.3562,2169,2022-02-11 16:31:00,AEVA
5.35,5.35,5.35,5.35,322,2022-02-11 16:32:00,AEVA
5.35,5.35,5.35,5.35,600,2022-02-11 16:33:00,AEVA
5.34,5.34,5.34,5.34,111,2022-02-11 16:34:00,AEVA
5.335,5.335,5.32,5.33,1300,2022-02-11 16:36:00,AEVA
5.33,5.33,5.31,5.3141,2600,2022-02-11 16:37:00,AEVA
5.32,5.32,5.32,5.32,700,2022-02-11 16:40:00,AEVA
5.32,5.32,5.315,5.315,900,2022-02-11 16:41:00,AEVA
5.32,5.32,5.32,5.32,1477,2022-02-11 16:42:00,AEVA
5.3115,5.3115,5.3115,5.3115,200,2022-02-11 16:43:00,AEVA
5.32,5.32,5.32,5.32,892,2022-02-11 16:44:00,AEVA
5.32,5.32,5.32,5.32,200,2022-02-11 16:45:00,AEVA
5.32,5.32,5.32,5.32,366,2022-02-11 16:46:00,AEVA
5.32,5.32,5.32,5.32,700,2022-02-11 16:48:00,AEVA
5.3215,5.3215,5.32,5.32,300,2022-02-11 16:49:00,AEVA
5.32,5.32,5.3037,5.3037,2871,2022-02-11 16:50:00,AEVA
5.301,5.301,5.3,5.3,2000,2022-02-11 16:51:00,AEVA
5.3022,5.3035,5.3022,5.3035,400,2022-02-11 16:52:00,AEVA
5.31,5.3123,5.31,5.3123,400,2022-02-11 16:53:00,AEVA
5.32,5.325,5.31,5.31,1830,2022-02-11 16:54:00,AEVA
5.31,5.31,5.31,5.31,200,2022-02-11 16:55:00,AEVA
5.31,5.31,5.31,5.31,700,2022-02-11 16:56:00,AEVA
5.32,5.32,5.32,5.32,1000,2022-02-11 16:57:00,AEVA
5.32,5.32,5.3115,5.3115,1120,2022-02-11 16:58:00,AEVA
5.31,5.31,5.31,5.31,800,2022-02-11 16:59:00,AEVA
5.309,5.309,5.309,5.309,167,2022-02-11 17:01:00,AEVA
5.31,5.31,5.31,5.31,1200,2022-02-11 17:02:00,AEVA
5.31,5.315,5.31,5.31,900,2022-02-11 17:03:00,AEVA
5.31,5.31,5.31,5.31,1200,2022-02-11 17:04:00,AEVA
5.305,5.315,5.305,5.315,2030,2022-02-11 17:08:00,AEVA
5.32,5.32,5.32,5.32,420,2022-02-11 17:11:00,AEVA
5.33,5.34,5.33,5.34,1108,2022-02-11 17:12:00,AEVA
5.34,5.34,5.34,5.34,100,2022-02-11 17:13:00,AEVA
5.33,5.33,5.33,5.33,100,2022-02-11 17:14:00,AEVA
5.335,5.335,5.33,5.33,2800,2022-02-11 17:16:00,AEVA
5.32,5.3201,5.32,5.32,2780,2022-02-11 17:17:00,AEVA
5.31,5.31,5.31,5.31,1031,2022-02-11 17:18:00,AEVA
5.3,5.3,5.3,5.3,100,2022-02-11 17:19:00,AEVA
5.3,5.3,5.3,5.3,400,2022-02-11 17:20:00,AEVA
5.29,5.29,5.29,5.29,228,2022-02-11 17:21:00,AEVA
5.285,5.29,5.285,5.29,300,2022-02-11 17:23:00,AEVA
5.29,5.295,5.29,5.295,649,2022-02-11 17:24:00,AEVA
5.29,5.29,5.29,5.29,100,2022-02-11 17:25:00,AEVA
5.3,5.305,5.3,5.305,812,2022-02-11 17:26:00,AEVA
5.305,5.305,5.305,5.305,100,2022-02-11 17:29:00,AEVA
5.3,5.3,5.295,5.3,2200,2022-02-11 17:30:00,AEVA
5.3,5.3,5.3,5.3,500,2022-02-11 17:31:00,AEVA
5.3,5.3,5.2901,5.2901,686,2022-02-11 17:32:00,AEVA
5.3,5.3,5.3,5.3,873,2022-02-11 17:33:00,AEVA
5.305,5.305,5.305,5.305,100,2022-02-11 17:37:00,AEVA
5.3,5.3,5.3,5.3,1494,2022-02-11 17:38:00,AEVA
5.3,5.3,5.3,5.3,1000,2022-02-11 17:39:00,AEVA
5.3,5.3,5.3,5.3,1553,2022-02-11 17:43:00,AEVA
5.29,5.29,5.29,5.29,100,2022-02-11 17:47:00,AEVA
5.29,5.29,5.29,5.29,2156,2022-02-11 17:49:00,AEVA
5.28,5.285,5.28,5.285,600,2022-02-11 17:50:00,AEVA
5.28,5.28,5.27,5.27,3129,2022-02-11 17:51:00,AEVA
5.27,5.27,5.27,5.27,472,2022-02-11 17:52:00,AEVA
5.27,5.27,5.265,5.265,300,2022-02-11 17:53:00,AEVA
5.26,5.26,5.245,5.26,6035,2022-02-11 17:54:00,AEVA
5.255,5.255,5.255,5.255,420,2022-02-11 17:56:00,AEVA
5.26,5.26,5.255,5.255,200,2022-02-11 17:57:00,AEVA
5.26,5.265,5.26,5.26,1541,2022-02-11 17:59:00,AEVA
5.265,5.265,5.26,5.26,243,2022-02-11 18:00:00,AEVA
5.26,5.26,5.26,5.26,650,2022-02-11 18:01:00,AEVA
5.255,5.255,5.255,5.255,2810,2022-02-11 18:02:00,AEVA
5.25,5.26,5.25,5.26,1020,2022-02-11 18:03:00,AEVA
5.26,5.26,5.26,5.26,600,2022-02-11 18:04:00,AEVA
5.2686,5.2686,5.2686,5.2686,440,2022-02-11 18:06:00,AEVA
5.26,5.27,5.26,5.27,600,2022-02-11 18:07:00,AEVA
5.28,5.29,5.28,5.29,2390,2022-02-11 18:08:00,AEVA
5.29,5.29,5.29,5.29,800,2022-02-11 18:09:00,AEVA
5.29,5.29,5.29,5.29,800,2022-02-11 18:10:00,AEVA
5.28,5.28,5.28,5.28,100,2022-02-11 18:11:00,AEVA
5.28,5.28,5.28,5.28,800,2022-02-11 18:12:00,AEVA
5.28,5.28,5.275,5.275,1419,2022-02-11 18:13:00,AEVA
5.275,5.28,5.275,5.28,1302,2022-02-11 18:14:00,AEVA
5.285,5.285,5.285,5.285,100,2022-02-11 18:15:00,AEVA
5.28,5.28,5.28,5.28,489,2022-02-11 18:16:00,AEVA
5.27,5.27,5.27,5.27,661,2022-02-11 18:18:00,AEVA
5.2701,5.2701,5.2701,5.2701,800,2022-02-11 18:20:00,AEVA
5.275,5.275,5.275,5.275,100,2022-02-11 18:22:00,AEVA
5.28,5.28,5.28,5.28,200,2022-02-11 18:25:00,AEVA
5.27,5.27,5.27,5.27,697,2022-02-11 18:26:00,AEVA
5.27,5.27,5.27,5.27,736,2022-02-11 18:27:00,AEVA
5.26,5.26,5.25,5.25,1330,2022-02-11 18:29:00,AEVA
5.25,5.25,5.2304,5.2304,5277,2022-02-11 18:30:00,AEVA
5.24,5.24,5.24,5.24,100,2022-02-11 18:31:00,AEVA
5.23,5.23,5.22,5.22,942,2022-02-11 18:32:00,AEVA
5.22,5.22,5.22,5.22,1695,2022-02-11 18:33:00,AEVA
5.22,5.22,5.21,5.21,694,2022-02-11 18:34:00,AEVA
5.21,5.21,5.1905,5.2,11353,2022-02-11 18:35:00,AEVA
5.2,5.2,5.18,5.18,2814,2022-02-11 18:37:00,AEVA
5.18,5.18,5.18,5.18,1100,2022-02-11 18:38:00,AEVA
5.18,5.185,5.16,5.17,2223,2022-02-11 18:39:00,AEVA
5.17,5.185,5.17,5.185,2141,2022-02-11 18:40:00,AEVA
5.18,5.18,5.155,5.155,3338,2022-02-11 18:42:00,AEVA
5.16,5.17,5.16,5.17,3884,2022-02-11 18:43:00,AEVA
5.17,5.195,5.17,5.19,5329,2022-02-11 18:44:00,AEVA
5.18,5.18,5.17,5.17,1500,2022-02-11 18:45:00,AEVA
5.16,5.16,5.1415,5.16,4706,2022-02-11 18:46:00,AEVA
5.16,5.1721,5.16,5.17,1597,2022-02-11 18:47:00,AEVA
5.17,5.1758,5.17,5.175,1960,2022-02-11 18:48:00,AEVA
5.17,5.17,5.16,5.17,4500,2022-02-11 18:49:00,AEVA
5.17,5.17,5.17,5.17,500,2022-02-11 18:50:00,AEVA
5.16,5.16,5.16,5.16,1171,2022-02-11 18:51:00,AEVA
5.17,5.17,5.17,5.17,2617,2022-02-11 18:52:00,AEVA
5.17,5.17,5.17,5.17,500,2022-02-11 18:53:00,AEVA
5.18,5.18,5.18,5.18,700,2022-02-11 18:54:00,AEVA
5.17,5.1722,5.17,5.17,2620,2022-02-11 18:56:00,AEVA
5.18,5.18,5.18,5.18,699,2022-02-11 18:58:00,AEVA
5.18,5.18,5.18,5.18,3837,2022-02-11 18:59:00,AEVA
5.17,5.17,5.17,5.17,1200,2022-02-11 19:00:00,AEVA
5.175,5.18,5.16,5.16,4107,2022-02-11 19:01:00,AEVA
5.15,5.15,5.14,5.14,645,2022-02-11 19:02:00,AEVA
5.13,5.14,5.13,5.13,1566,2022-02-11 19:03:00,AEVA
5.13,5.14,5.13,5.14,1000,2022-02-11 19:04:00,AEVA
5.14,5.14,5.12,5.12,3200,2022-02-11 19:05:00,AEVA
5.115,5.115,5.105,5.11,1416,2022-02-11 19:06:00,AEVA
5.12,5.13,5.12,5.13,920,2022-02-11 19:07:00,AEVA
5.14,5.1517,5.14,5.14,5483,2022-02-11 19:08:00,AEVA
5.13,5.13,5.13,5.13,1542,2022-02-11 19:09:00,AEVA
5.13,5.13,5.13,5.13,584,2022-02-11 19:11:00,AEVA
5.13,5.14,5.121,5.14,9317,2022-02-11 19:12:00,AEVA
5.14,5.14,5.14,5.14,1400,2022-02-11 19:13:00,AEVA
5.14,5.14,5.14,5.14,2532,2022-02-11 19:14:00,AEVA
5.15,5.16,5.15,5.16,229,2022-02-11 19:15:00,AEVA
5.16,5.165,5.16,5.165,1685,2022-02-11 19:16:00,AEVA
5.17,5.176,5.17,5.176,1600,2022-02-11 19:17:00,AEVA
5.18,5.195,5.18,5.195,1976,2022-02-11 19:18:00,AEVA
5.19,5.1984,5.19,5.1984,1727,2022-02-11 19:19:00,AEVA
5.1999,5.1999,5.185,5.185,1900,2022-02-11 19:20:00,AEVA
5.19,5.19,5.19,5.19,489,2022-02-11 19:21:00,AEVA
5.19,5.19,5.19,5.19,100,2022-02-11 19:22:00,AEVA
5.19,5.19,5.18,5.19,2430,2022-02-11 19:23:00,AEVA
5.18,5.18,5.17,5.17,1831,2022-02-11 19:24:00,AEVA
5.17,5.18,5.16,5.17,783,2022-02-11 19:25:00,AEVA
5.16,5.16,5.15,5.15,2148,2022-02-11 19:26:00,AEVA
5.15,5.15,5.15,5.15,200,2022-02-11 19:27:00,AEVA
5.145,5.145,5.13,5.13,2201,2022-02-11 19:29:00,AEVA
5.13,5.14,5.13,5.14,7203,2022-02-11 19:30:00,AEVA
5.13,5.13,5.1218,5.1218,384,2022-02-11 19:31:00,AEVA
5.12,5.125,5.115,5.12,1102,2022-02-11 19:32:00,AEVA
5.12,5.145,5.12,5.145,1969,2022-02-11 19:33:00,AEVA
5.15,5.15,5.15,5.15,900,2022-02-11 19:34:00,AEVA
5.15,5.15,5.135,5.135,700,2022-02-11 19:35:00,AEVA
5.14,5.14,5.13,5.13,1920,2022-02-11 19:37:00,AEVA
5.135,5.15,5.13,5.15,1200,2022-02-11 19:38:00,AEVA
5.14,5.14,5.14,5.14,400,2022-02-11 19:39:00,AEVA
5.14,5.14,5.12,5.12,3454,2022-02-11 19:40:00,AEVA
5.12,5.126,5.12,5.12,3693,2022-02-11 19:41:00,AEVA
5.115,5.12,5.115,5.12,1522,2022-02-11 19:42:00,AEVA
5.12,5.13,5.12,5.13,1000,2022-02-11 19:43:00,AEVA
5.13,5.13,5.125,5.125,1317,2022-02-11 19:44:00,AEVA
5.125,5.125,5.11,5.11,691,2022-02-11 19:45:00,AEVA
5.11,5.11,5.11,5.11,600,2022-02-11 19:46:00,AEVA
5.11,5.11,5.1,5.11,5098,2022-02-11 19:47:00,AEVA
5.11,5.11,5.1,5.1,1457,2022-02-11 19:48:00,AEVA
5.1015,5.1015,5.1,5.1,4277,2022-02-11 19:49:00,AEVA
5.1,5.1,5.08,5.09,1700,2022-02-11 19:50:00,AEVA
5.09,5.095,5.085,5.09,3013,2022-02-11 19:51:00,AEVA
5.08,5.08,5.08,5.08,2079,2022-02-11 19:52:00,AEVA
5.08,5.08,5.07,5.07,1790,2022-02-11 19:53:00,AEVA
5.075,5.075,5.075,5.075,260,2022-02-11 19:54:00,AEVA
5.08,5.095,5.08,5.095,3365,2022-02-11 19:55:00,AEVA
5.1,5.105,5.1,5.105,1139,2022-02-11 19:57:00,AEVA
5.11,5.11,5.11,5.11,2415,2022-02-11 19:58:00,AEVA
5.11,5.11,5.1001,5.11,1901,2022-02-11 19:59:00,AEVA
5.11,5.12,5.11,5.12,2487,2022-02-11 20:00:00,AEVA
5.12,5.13,5.12,5.13,1150,2022-02-11 20:01:00,AEVA
5.13,5.13,5.12,5.13,1603,2022-02-11 20:02:00,AEVA
5.135,5.15,5.135,5.15,700,2022-02-11 20:03:00,AEVA
5.16,5.16,5.16,5.16,300,2022-02-11 20:04:00,AEVA
5.165,5.165,5.16,5.16,3914,2022-02-11 20:05:00,AEVA
5.15,5.15,5.145,5.15,1700,2022-02-11 20:06:00,AEVA
5.15,5.15,5.1499,5.1499,400,2022-02-11 20:07:00,AEVA
5.15,5.175,5.15,5.17,4637,2022-02-11 20:08:00,AEVA
5.16,5.16,5.155,5.16,914,2022-02-11 20:09:00,AEVA
5.15,5.155,5.14,5.145,2100,2022-02-11 20:10:00,AEVA
5.15,5.15,5.14,5.14,2042,2022-02-11 20:11:00,AEVA
5.14,5.155,5.14,5.155,1070,2022-02-11 20:12:00,AEVA
5.15,5.15,5.145,5.145,1572,2022-02-11 20:13:00,AEVA
5.14,5.145,5.14,5.145,804,2022-02-11 20:14:00,AEVA
5.145,5.16,5.145,5.16,3405,2022-02-11 20:15:00,AEVA
5.16,5.16,5.16,5.16,1100,2022-02-11 20:16:00,AEVA
5.15,5.15,5.14,5.14,2308,2022-02-11 20:17:00,AEVA
5.14,5.14,5.1217,5.125,2000,2022-02-11 20:18:00,AEVA
5.125,5.1299,5.12,5.12,500,2022-02-11 20:19:00,AEVA
5.12,5.12,5.11,5.11,2259,2022-02-11 20:20:00,AEVA
5.1176,5.125,5.1176,5.1239,1050,2022-02-11 20:21:00,AEVA
5.12,5.12,5.115,5.115,800,2022-02-11 20:22:00,AEVA
5.11,5.12,5.105,5.115,7816,2022-02-11 20:23:00,AEVA
5.115,5.115,5.115,5.115,1100,2022-02-11 20:24:00,AEVA
5.12,5.125,5.115,5.12,3251,2022-02-11 20:25:00,AEVA
5.12,5.13,5.115,5.13,1786,2022-02-11 20:26:00,AEVA
5.135,5.1361,5.125,5.125,2100,2022-02-11 20:27:00,AEVA
5.125,5.125,5.125,5.125,200,2022-02-11 20:28:00,AEVA
5.125,5.125,5.115,5.12,2843,2022-02-11 20:29:00,AEVA
5.12,5.125,5.1101,5.12,3833,2022-02-11 20:30:00,AEVA
5.12,5.12,5.115,5.115,2000,2022-02-11 20:31:00,AEVA
5.1124,5.115,5.11,5.115,1609,2022-02-11 20:32:00,AEVA
5.115,5.115,5.115,5.115,600,2022-02-11 20:33:00,AEVA
5.115,5.135,5.115,5.13,1880,2022-02-11 20:34:00,AEVA
5.13,5.135,5.12,5.125,4100,2022-02-11 20:35:00,AEVA
5.13,5.135,5.125,5.125,2500,2022-02-11 20:36:00,AEVA
5.12,5.12,5.105,5.11,4615,2022-02-11 20:37:00,AEVA
5.11,5.13,5.11,5.12,1680,2022-02-11 20:38:00,AEVA
5.12,5.12,5.115,5.115,2459,2022-02-11 20:39:00,AEVA
5.11,5.115,5.1,5.1,3333,2022-02-11 20:40:00,AEVA
5.095,5.1,5.09,5.095,4548,2022-02-11 20:41:00,AEVA
5.095,5.105,5.095,5.1,5324,2022-02-11 20:42:00,AEVA
5.105,5.11,5.105,5.11,2574,2022-02-11 20:43:00,AEVA
5.115,5.115,5.11,5.11,2700,2022-02-11 20:44:00,AEVA
5.11,5.12,5.11,5.115,2821,2022-02-11 20:45:00,AEVA
5.12,5.14,5.12,5.135,4929,2022-02-11 20:46:00,AEVA
5.135,5.15,5.135,5.15,3781,2022-02-11 20:47:00,AEVA
5.15,5.16,5.15,5.16,5731,2022-02-11 20:48:00,AEVA
5.16,5.17,5.155,5.165,7723,2022-02-11 20:49:00,AEVA
5.16,5.16,5.145,5.145,5712,2022-02-11 20:50:00,AEVA
5.145,5.155,5.1301,5.14,36044,2022-02-11 20:51:00,AEVA
5.13,5.14,5.13,5.135,1200,2022-02-11 20:52:00,AEVA
5.14,5.14,5.135,5.135,3669,2022-02-11 20:53:00,AEVA
5.135,5.135,5.12,5.13,8138,2022-02-11 20:54:00,AEVA
5.13,5.15,5.13,5.15,8280,2022-02-11 20:55:00,AEVA
5.15,5.15,5.14,5.145,3082,2022-02-11 20:56:00,AEVA
5.145,5.15,5.145,5.145,1515,2022-02-11 20:57:00,AEVA
5.15,5.15,5.14,5.15,6235,2022-02-11 20:58:00,AEVA
5.14,5.14,5.13,5.13,18036,2022-02-11 20:59:00,AEVA
5.13,5.13,5.13,5.13,73033,2022-02-11 21:00:00,AEVA
5.13,5.13,5.13,5.13,1363,2022-02-11 21:01:00,AEVA
5.13,5.13,5.13,5.13,235,2022-02-11 21:02:00,AEVA
5.0201,5.0201,5.0201,5.0201,100,2022-02-11 22:05:00,AEVA
5.13,5.13,5.13,5.13,100,2022-02-12 00:10:00,AEVA
5.0,5.0,5.0,5.0,100,2022-02-14 11:23:00,AEVA
5.13,5.13,5.13,5.13,200,2022-02-14 14:22:00,AEVA
5.13,5.13,5.13,5.13,141,2022-02-14 14:26:00,AEVA
5.15,5.17,5.13,5.13,10002,2022-02-14 14:30:00,AEVA
5.14,5.14,5.14,5.14,1500,2022-02-14 14:31:00,AEVA
5.11,5.11,5.07,5.07,3111,2022-02-14 14:33:00,AEVA
5.08,5.09,5.08,5.086,972,2022-02-14 14:34:00,AEVA
5.12,5.19,5.12,5.17,8081,2022-02-14 14:35:00,AEVA
5.17,5.215,5.17,5.2,4770,2022-02-14 14:36:00,AEVA
5.19,5.21,5.19,5.2,1411,2022-02-14 14:37:00,AEVA
5.205,5.205,5.205,5.205,200,2022-02-14 14:38:00,AEVA
5.2038,5.2038,5.2,5.2,1400,2022-02-14 14:39:00,AEVA
5.18,5.2012,5.18,5.2012,2144,2022-02-14 14:40:00,AEVA
5.21,5.22,5.21,5.22,465,2022-02-14 14:41:00,AEVA
5.23,5.245,5.2299,5.245,1200,2022-02-14 14:42:00,AEVA
5.2299,5.24,5.2299,5.23,2893,2022-02-14 14:43:00,AEVA
5.22,5.22,5.2,5.21,2607,2022-02-14 14:44:00,AEVA
5.22,5.23,5.205,5.205,3523,2022-02-14 14:45:00,AEVA
5.21,5.24,5.21,5.24,587,2022-02-14 14:46:00,AEVA
5.23,5.235,5.23,5.235,400,2022-02-14 14:47:00,AEVA
5.23,5.24,5.23,5.24,975,2022-02-14 14:48:00,AEVA
5.25,5.26,5.25,5.26,700,2022-02-14 14:49:00,AEVA
5.26,5.265,5.26,5.265,2022,2022-02-14 14:50:00,AEVA
5.29,5.29,5.29,5.29,1718,2022-02-14 14:51:00,AEVA
5.3,5.31,5.3,5.31,3725,2022-02-14 14:52:00,AEVA
5.32,5.32,5.32,5.32,395,2022-02-14 14:53:00,AEVA
5.32,5.33,5.315,5.33,1300,2022-02-14 14:54:00,AEVA
5.33,5.33,5.3,5.3,2100,2022-02-14 14:55:00,AEVA
5.2913,5.2913,5.29,5.29,1735,2022-02-14 14:56:00,AEVA
5.28,5.285,5.26,5.26,3999,2022-02-14 14:57:00,AEVA
5.27,5.27,5.26,5.27,1497,2022-02-14 14:58:00,AEVA
5.27,5.27,5.26,5.27,1100,2022-02-14 14:59:00,AEVA
5.275,5.275,5.26,5.26,1576,2022-02-14 15:00:00,AEVA
5.24,5.24,5.21,5.21,1992,2022-02-14 15:01:00,AEVA
5.195,5.21,5.195,5.21,3847,2022-02-14 15:02:00,AEVA
5.21,5.21,5.205,5.205,1100,2022-02-14 15:03:00,AEVA
5.2,5.21,5.2,5.21,3837,2022-02-14 15:04:00,AEVA
5.21,5.215,5.21,5.21,1200,2022-02-14 15:05:00,AEVA
5.22,5.22,5.22,5.22,4911,2022-02-14 15:06:00,AEVA
5.23,5.23,5.23,5.23,400,2022-02-14 15:07:00,AEVA
5.235,5.25,5.235,5.25,2750,2022-02-14 15:08:00,AEVA
5.26,5.26,5.26,5.26,100,2022-02-14 15:09:00,AEVA
5.27,5.27,5.27,5.27,1491,2022-02-14 15:10:00,AEVA
5.295,5.295,5.295,5.295,100,2022-02-14 15:11:00,AEVA
5.3,5.3,5.29,5.3,1636,2022-02-14 15:12:00,AEVA
5.291,5.295,5.291,5.295,1200,2022-02-14 15:13:00,AEVA
5.3,5.3,5.29,5.29,400,2022-02-14 15:14:00,AEVA
5.29,5.295,5.27,5.27,6230,2022-02-14 15:15:00,AEVA
5.27,5.27,5.241,5.241,1003,2022-02-14 15:16:00,AEVA
5.24,5.247,5.23,5.247,2097,2022-02-14 15:17:00,AEVA
5.24,5.24,5.24,5.24,100,2022-02-14 15:18:00,AEVA
5.24,5.25,5.24,5.25,2792,2022-02-14 15:19:00,AEVA
5.25,5.25,5.24,5.24,2460,2022-02-14 15:20:00,AEVA
5.2363,5.2363,5.23,5.23,1408,2022-02-14 15:21:00,AEVA
5.23,5.23,5.23,5.23,629,2022-02-14 15:22:00,AEVA
5.22,5.22,5.21,5.22,3083,2022-02-14 15:23:00,AEVA
5.22,5.22,5.22,5.22,1400,2022-02-14 15:24:00,AEVA
5.22,5.22,5.22,5.22,2850,2022-02-14 15:25:00,AEVA
5.2,5.2,5.2,5.2,700,2022-02-14 15:26:00,AEVA
5.2,5.205,5.2,5.2,1900,2022-02-14 15:27:00,AEVA
5.2,5.2,5.2,5.2,1020,2022-02-14 15:29:00,AEVA
5.2,5.2,5.2,5.2,600,2022-02-14 15:30:00,AEVA
5.192,5.195,5.18,5.18,1600,2022-02-14 15:31:00,AEVA
5.175,5.175,5.17,5.17,3772,2022-02-14 15:32:00,AEVA
5.175,5.175,5.175,5.175,699,2022-02-14 15:33:00,AEVA
5.175,5.175,5.172,5.175,300,2022-02-14 15:34:00,AEVA
5.17,5.17,5.17,5.17,290,2022-02-14 15:35:00,AEVA
5.165,5.165,5.165,5.165,200,2022-02-14 15:36:00,AEVA
5.165,5.165,5.165,5.165,100,2022-02-14 15:37:00,AEVA
5.162,5.165,5.15,5.15,2630,2022-02-14 15:38:00,AEVA
5.16,5.165,5.16,5.165,1153,2022-02-14 15:39:00,AEVA
5.17,5.19,5.17,5.19,1850,2022-02-14 15:41:00,AEVA
5.2,5.2,5.2,5.2,3400,2022-02-14 15:42:00,AEVA
5.2,5.2,5.2,5.2,1300,2022-02-14 15:43:00,AEVA
5.2,5.2,5.2,5.2,100,2022-02-14 15:44:00,AEVA
5.2,5.2,5.195,5.2,1442,2022-02-14 15:45:00,AEVA
5.205,5.205,5.2035,5.2035,400,2022-02-14 15:47:00,AEVA
5.21,5.22,5.21,5.22,1580,2022-02-14 15:48:00,AEVA
5.22,5.22,5.22,5.22,1243,2022-02-14 15:49:00,AEVA
5.23,5.24,5.23,5.24,5756,2022-02-14 15:50:00,AEVA
5.2335,5.2335,5.23,5.23,450,2022-02-14 15:51:00,AEVA
5.23,5.23,5.23,5.23,300,2022-02-14 15:52:00,AEVA
5.23,5.241,5.23,5.241,1683,2022-02-14 15:54:00,AEVA
5.24,5.245,5.24,5.245,1999,2022-02-14 15:55:00,AEVA
5.25,5.25,5.24,5.24,585,2022-02-14 15:56:00,AEVA
5.245,5.245,5.23,5.235,4916,2022-02-14 15:57:00,AEVA
5.235,5.235,5.23,5.23,1200,2022-02-14 15:58:00,AEVA
5.23,5.23,5.23,5.23,737,2022-02-14 15:59:00,AEVA
5.235,5.235,5.23,5.23,987,2022-02-14 16:00:00,AEVA
5.23,5.23,5.23,5.23,600,2022-02-14 16:01:00,AEVA
5.24,5.24,5.24,5.24,535,2022-02-14 16:02:00,AEVA
5.245,5.25,5.24,5.25,2297,2022-02-14 16:03:00,AEVA
5.26,5.265,5.255,5.265,2172,2022-02-14 16:04:00,AEVA
5.26,5.27,5.26,5.27,2290,2022-02-14 16:06:00,AEVA
5.28,5.285,5.28,5.285,2200,2022-02-14 16:07:00,AEVA
5.28,5.29,5.28,5.29,2300,2022-02-14 16:08:00,AEVA
5.29,5.3,5.29,5.29,2238,2022-02-14 16:09:00,AEVA
5.3,5.31,5.3,5.3,13754,2022-02-14 16:10:00,AEVA
5.305,5.305,5.305,5.305,500,2022-02-14 16:11:00,AEVA
5.3,5.3,5.3,5.3,175,2022-02-14 16:12:00,AEVA
5.31,5.31,5.31,5.31,1000,2022-02-14 16:13:00,AEVA
5.31,5.31,5.305,5.305,1329,2022-02-14 16:14:00,AEVA
5.31,5.31,5.31,5.31,508,2022-02-14 16:15:00,AEVA
5.32,5.32,5.32,5.32,600,2022-02-14 16:16:00,AEVA
5.33,5.335,5.325,5.33,3702,2022-02-14 16:17:00,AEVA
5.33,5.33,5.33,5.33,400,2022-02-14 16:18:00,AEVA
5.33,5.34,5.33,5.34,280,2022-02-14 16:20:00,AEVA
5.34,5.34,5.34,5.34,932,2022-02-14 16:21:00,AEVA
5.345,5.35,5.345,5.35,400,2022-02-14 16:22:00,AEVA
5.35,5.35,5.35,5.35,524,2022-02-14 16:23:00,AEVA
5.35,5.355,5.35,5.35,1413,2022-02-14 16:24:00,AEVA
5.35,5.355,5.35,5.355,363,2022-02-14 16:25:00,AEVA
5.36,5.3604,5.36,5.36,1500,2022-02-14 16:27:00,AEVA
5.36,5.365,5.36,5.365,2381,2022-02-14 16:28:00,AEVA
5.36,5.36,5.3518,5.3518,1035,2022-02-14 16:29:00,AEVA
5.35,5.36,5.35,5.36,1800,2022-02-14 16:30:00,AEVA
5.3507,5.3507,5.35,5.35,2304,2022-02-14 16:31:00,AEVA
5.34,5.345,5.34,5.34,2501,2022-02-14 16:32:00,AEVA
5.336,5.34,5.33,5.34,3337,2022-02-14 16:33:00,AEVA
5.34,5.355,5.33,5.355,6555,2022-02-14 16:34:00,AEVA
5.355,5.355,5.35,5.35,2741,2022-02-14 16:35:00,AEVA
5.35,5.35,5.35,5.35,374,2022-02-14 16:36:00,AEVA
5.34,5.34,5.335,5.335,849,2022-02-14 16:37:00,AEVA
5.33,5.335,5.33,5.33,2420,2022-02-14 16:38:00,AEVA
5.33,5.339,5.33,5.339,1713,2022-02-14 16:39:00,AEVA
5.33,5.33,5.325,5.325,1820,2022-02-14 16:41:00,AEVA
5.325,5.325,5.32,5.3205,550,2022-02-14 16:42:00,AEVA
5.33,5.33,5.32,5.32,3222,2022-02-14 16:43:00,AEVA
5.32,5.335,5.32,5.33,3528,2022-02-14 16:45:00,AEVA
5.325,5.3299,5.325,5.3299,587,2022-02-14 16:47:00,AEVA
5.3217,5.33,5.3217,5.33,1073,2022-02-14 16:48:00,AEVA
5.33,5.33,5.33,5.33,500,2022-02-14 16:50:00,AEVA
5.32,5.32,5.32,5.32,922,2022-02-14 16:51:00,AEVA
5.31,5.31,5.31,5.31,845,2022-02-14 16:52:00,AEVA
5.3,5.3,5.3,5.3,2269,2022-02-14 16:53:00,AEVA
5.305,5.305,5.305,5.305,100,2022-02-14 16:54:00,AEVA
5.3,5.305,5.295,5.305,3041,2022-02-14 16:55:00,AEVA
5.3,5.3,5.3,5.3,285,2022-02-14 16:56:00,AEVA
5.31,5.31,5.31,5.31,1230,2022-02-14 16:57:00,AEVA
5.31,5.31,5.305,5.305,995,2022-02-14 16:58:00,AEVA
5.305,5.305,5.305,5.305,200,2022-02-14 16:59:00,AEVA
5.31,5.32,5.31,5.32,2213,2022-02-14 17:01:00,AEVA
5.325,5.33,5.325,5.33,200,2022-02-14 17:02:00,AEVA
5.325,5.325,5.32,5.32,3217,2022-02-14 17:03:00,AEVA
5.31,5.315,5.31,5.31,753,2022-02-14 17:09:00,AEVA
5.305,5.305,5.305,5.305,100,2022-02-14 17:10:00,AEVA
5.3,5.3,5.3,5.3,150,2022-02-14 17:11:00,AEVA
5.3,5.305,5.3,5.3,924,2022-02-14 17:13:00,AEVA
5.31,5.31,5.31,5.31,900,2022-02-14 17:15:00,AEVA
5.31,5.31,5.305,5.305,900,2022-02-14 17:16:00,AEVA
5.3,5.305,5.3,5.305,1650,2022-02-14 17:18:00,AEVA
5.295,5.295,5.295,5.295,100,2022-02-14 17:19:00,AEVA
5.3,5.3,5.3,5.3,800,2022-02-14 17:20:00,AEVA
5.3,5.3,5.3,5.3,925,2022-02-14 17:21:00,AEVA
5.29,5.29,5.29,5.29,397,2022-02-14 17:23:00,AEVA
5.29,5.29,5.285,5.285,700,2022-02-14 17:24:00,AEVA
5.29,5.29,5.29,5.29,700,2022-02-14 17:25:00,AEVA
5.29,5.29,5.29,5.29,707,2022-02-14 17:27:00,AEVA
5.29,5.29,5.285,5.285,500,2022-02-14 17:28:00,AEVA
5.285,5.29,5.285,5.29,800,2022-02-14 17:29:00,AEVA
5.3,5.3,5.3,5.3,120,2022-02-14 17:30:00,AEVA
5.3096,5.3096,5.305,5.305,1000,2022-02-14 17:32:00,AEVA
5.3,5.3,5.3,5.3,601,2022-02-14 17:33:00,AEVA
5.298,5.298,5.298,5.298,755,2022-02-14 17:34:00,AEVA
5.3,5.3,5.3,5.3,600,2022-02-14 17:35:00,AEVA
5.3,5.3,5.3,5.3,315,2022-02-14 17:36:00,AEVA
5.295,5.295,5.295,5.295,100,2022-02-14 17:37:00,AEVA
5.2909,5.2909,5.2909,5.2909,500,2022-02-14 17:38:00,AEVA
5.295,5.295,5.295,5.295,100,2022-02-14 17:41:00,AEVA
5.29,5.29,5.28,5.28,2900,2022-02-14 17:42:00,AEVA
5.28,5.28,5.28,5.28,1144,2022-02-14 17:43:00,AEVA
5.285,5.285,5.285,5.285,100,2022-02-14 17:45:00,AEVA
5.28,5.28,5.28,5.28,300,2022-02-14 17:46:00,AEVA
5.285,5.285,5.285,5.285,100,2022-02-14 17:49:00,AEVA
5.2814,5.2814,5.28,5.28,1821,2022-02-14 17:51:00,AEVA
5.275,5.275,5.275,5.275,100,2022-02-14 17:54:00,AEVA
5.27,5.27,5.26,5.26,900,2022-02-14 17:55:00,AEVA
5.26,5.26,5.2516,5.2516,550,2022-02-14 17:56:00,AEVA
5.25,5.25,5.25,5.25,346,2022-02-14 17:57:00,AEVA
5.2488,5.2488,5.2488,5.2488,1000,2022-02-14 17:58:00,AEVA
5.245,5.245,5.245,5.245,283,2022-02-14 17:59:00,AEVA
5.24,5.24,5.23,5.23,13759,2022-02-14 18:01:00,AEVA
5.23,5.245,5.225,5.245,1950,2022-02-14 18:03:00,AEVA
5.245,5.245,5.245,5.245,100,2022-02-14 18:04:00,AEVA
5.25,5.255,5.25,5.255,502,2022-02-14 18:05:00,AEVA
5.25,5.25,5.25,5.25,450,2022-02-14 18:06:00,AEVA
5.25,5.25,5.25,5.25,300,2022-02-14 18:07:00,AEVA
5.255,5.255,5.255,5.255,200,2022-02-14 18:11:00,AEVA
5.25,5.25,5.25,5.25,374,2022-02-14 18:12:00,AEVA
5.245,5.245,5.245,5.245,600,2022-02-14 18:14:00,AEVA
5.24,5.24,5.24,5.24,400,2022-02-14 18:17:00,AEVA
5.245,5.25,5.245,5.25,1027,2022-02-14 18:19:00,AEVA
5.255,5.255,5.25,5.25,1306,2022-02-14 18:20:00,AEVA
5.245,5.245,5.245,5.245,100,2022-02-14 18:21:00,AEVA
5.245,5.245,5.24,5.24,1710,2022-02-14 18:22:00,AEVA
5.23,5.23,5.22,5.22,1479,2022-02-14 18:23:00,AEVA
5.215,5.215,5.21,5.21,300,2022-02-14 18:24:00,AEVA
5.21,5.21,5.21,5.21,1249,2022-02-14 18:25:00,AEVA
5.2,5.2,5.2,5.2,1400,2022-02-14 18:26:00,AEVA
5.195,5.195,5.19,5.19,200,2022-02-14 18:27:00,AEVA
5.1987,5.1987,5.1987,5.1987,120,2022-02-14 18:29:00,AEVA
5.19,5.19,5.18,5.185,1354,2022-02-14 18:30:00,AEVA
5.185,5.185,5.18,5.18,1131,2022-02-14 18:31:00,AEVA
5.18,5.19,5.18,5.19,1400,2022-02-14 18:33:00,AEVA
5.18,5.18,5.175,5.175,1200,2022-02-14 18:35:00,AEVA
5.18,5.18,5.18,5.18,700,2022-02-14 18:36:00,AEVA
5.19,5.19,5.19,5.19,600,2022-02-14 18:42:00,AEVA
5.19,5.19,5.19,5.19,1200,2022-02-14 18:43:00,AEVA
5.195,5.195,5.195,5.195,100,2022-02-14 18:44:00,AEVA
5.2,5.2,5.195,5.195,400,2022-02-14 18:46:00,AEVA
5.2,5.2,5.19,5.1974,392,2022-02-14 18:47:00,AEVA
5.195,5.195,5.19,5.19,782,2022-02-14 18:48:00,AEVA
5.18,5.18,5.18,5.18,1082,2022-02-14 18:49:00,AEVA
5.17,5.17,5.16,5.16,1300,2022-02-14 18:50:00,AEVA
5.15,5.15,5.15,5.15,980,2022-02-14 18:51:00,AEVA
5.16,5.16,5.15,5.15,1322,2022-02-14 18:52:00,AEVA
5.14,5.14,5.13,5.13,600,2022-02-14 18:53:00,AEVA
5.13,5.13,5.13,5.13,200,2022-02-14 18:54:00,AEVA
5.12,5.12,5.12,5.12,1070,2022-02-14 18:55:00,AEVA
5.11,5.11,5.11,5.11,1088,2022-02-14 18:56:00,AEVA
5.11,5.1201,5.11,5.12,1564,2022-02-14 18:57:00,AEVA
5.12,5.12,5.12,5.12,300,2022-02-14 18:58:00,AEVA
5.11,5.11,5.11,5.11,1800,2022-02-14 18:59:00,AEVA
5.11,5.12,5.11,5.12,3004,2022-02-14 19:00:00,AEVA
5.115,5.115,5.1,5.1,2636,2022-02-14 19:01:00,AEVA
5.1,5.1,5.09,5.095,1336,2022-02-14 19:03:00,AEVA
5.09,5.09,5.09,5.09,322,2022-02-14 19:05:00,AEVA
5.085,5.085,5.085,5.085,300,2022-02-14 19:06:00,AEVA
5.08,5.08,5.08,5.08,420,2022-02-14 19:07:00,AEVA
5.08,5.08,5.08,5.08,1630,2022-02-14 19:08:00,AEVA
5.09,5.095,5.09,5.09,2302,2022-02-14 19:09:00,AEVA
5.08,5.08,5.08,5.08,1100,2022-02-14 19:10:00,AEVA
5.085,5.09,5.085,5.09,900,2022-02-14 19:11:00,AEVA
5.1,5.105,5.1,5.105,948,2022-02-14 19:12:00,AEVA
5.105,5.105,5.1,5.1,1156,2022-02-14 19:13:00,AEVA
5.105,5.105,5.09,5.095,800,2022-02-14 19:14:00,AEVA
5.09,5.09,5.085,5.085,300,2022-02-14 19:15:00,AEVA
5.09,5.09,5.09,5.09,1027,2022-02-14 19:16:00,AEVA
5.09,5.09,5.09,5.09,100,2022-02-14 19:17:00,AEVA
5.09,5.09,5.08,5.09,1752,2022-02-14 19:18:00,AEVA
5.09,5.09,5.09,5.09,1631,2022-02-14 19:19:00,AEVA
5.1,5.11,5.1,5.11,2814,2022-02-14 19:20:00,AEVA
5.11,5.11,5.11,5.11,1271,2022-02-14 19:21:00,AEVA
5.12,5.125,5.115,5.115,2741,2022-02-14 19:23:00,AEVA
5.115,5.115,5.11,5.11,1145,2022-02-14 19:24:00,AEVA
5.105,5.105,5.105,5.105,300,2022-02-14 19:25:00,AEVA
5.105,5.105,5.105,5.105,200,2022-02-14 19:26:00,AEVA
5.1,5.1,5.1,5.1,900,2022-02-14 19:27:00,AEVA
5.1,5.13,5.1,5.13,4739,2022-02-14 19:28:00,AEVA
5.14,5.18,5.14,5.1612,10093,2022-02-14 19:29:00,AEVA
5.16,5.17,5.15,5.15,1000,2022-02-14 19:30:00,AEVA
5.145,5.145,5.1416,5.1416,200,2022-02-14 19:31:00,AEVA
5.145,5.145,5.125,5.125,1053,2022-02-14 19:32:00,AEVA
5.13,5.13,5.1217,5.1217,894,2022-02-14 19:33:00,AEVA
5.13,5.155,5.13,5.155,2467,2022-02-14 19:34:00,AEVA
5.15,5.15,5.15,5.15,897,2022-02-14 19:35:00,AEVA
5.15,5.15,5.149,5.149,1728,2022-02-14 19:36:00,AEVA
5.145,5.145,5.14,5.14,400,2022-02-14 19:37:00,AEVA
5.14,5.15,5.14,5.15,600,2022-02-14 19:38:00,AEVA
5.155,5.155,5.155,5.155,100,2022-02-14 19:39:00,AEVA
5.16,5.17,5.16,5.17,1720,2022-02-14 19:40:00,AEVA
5.17,5.17,5.17,5.17,365,2022-02-14 19:41:00,AEVA
5.165,5.165,5.16,5.16,1111,2022-02-14 19:42:00,AEVA
5.16,5.165,5.16,5.16,1300,2022-02-14 19:43:00,AEVA
5.15,5.15,5.15,5.15,2100,2022-02-14 19:47:00,AEVA
5.14,5.14,5.14,5.14,1386,2022-02-14 19:48:00,AEVA
5.135,5.14,5.135,5.14,1769,2022-02-14 19:49:00,AEVA
5.14,5.155,5.14,5.155,1514,2022-02-14 19:50:00,AEVA
5.155,5.17,5.155,5.17,1300,2022-02-14 19:51:00,AEVA
5.17,5.17,5.17,5.17,1542,2022-02-14 19:52:00,AEVA
5.17,5.175,5.16,5.165,1509,2022-02-14 19:53:00,AEVA
5.16,5.16,5.16,5.16,100,2022-02-14 19:54:00,AEVA
5.16,5.16,5.155,5.155,200,2022-02-14 19:57:00,AEVA
5.155,5.165,5.155,5.155,1640,2022-02-14 19:58:00,AEVA
5.16,5.16,5.15,5.15,2944,2022-02-14 20:00:00,AEVA
5.15,5.15,5.15,5.15,865,2022-02-14 20:01:00,AEVA
5.15,5.155,5.15,5.155,900,2022-02-14 20:02:00,AEVA
5.15,5.15,5.15,5.15,800,2022-02-14 20:03:00,AEVA
5.16,5.16,5.15,5.15,300,2022-02-14 20:04:00,AEVA
5.15,5.15,5.135,5.14,1691,2022-02-14 20:05:00,AEVA
5.13,5.13,5.13,5.13,400,2022-02-14 20:06:00,AEVA
5.125,5.1288,5.125,5.125,900,2022-02-14 20:07:00,AEVA
5.13,5.145,5.13,5.145,3502,2022-02-14 20:08:00,AEVA
5.15,5.155,5.15,5.15,1761,2022-02-14 20:09:00,AEVA
5.14,5.14,5.14,5.14,500,2022-02-14 20:10:00,AEVA
5.135,5.135,5.135,5.135,100,2022-02-14 20:11:00,AEVA
5.14,5.14,5.135,5.14,2564,2022-02-14 20:12:00,AEVA
5.14,5.14,5.14,5.14,946,2022-02-14 20:13:00,AEVA
5.14,5.14,5.1399,5.14,721,2022-02-14 20:14:00,AEVA
5.14,5.14,5.135,5.135,1061,2022-02-14 20:15:00,AEVA
5.135,5.135,5.13,5.13,300,2022-02-14 20:16:00,AEVA
5.12,5.12,5.12,5.12,800,2022-02-14 20:17:00,AEVA
5.12,5.12,5.12,5.12,100,2022-02-14 20:19:00,AEVA
5.12,5.12,5.11,5.11,2097,2022-02-14 20:20:00,AEVA
5.115,5.125,5.115,5.1239,1440,2022-02-14 20:22:00,AEVA
5.125,5.13,5.125,5.13,1918,2022-02-14 20:23:00,AEVA
5.14,5.14,5.14,5.14,2399,2022-02-14 20:24:00,AEVA
5.14,5.15,5.14,5.145,740,2022-02-14 20:25:00,AEVA
5.14,5.14,5.14,5.14,100,2022-02-14 20:26:00,AEVA
5.14,5.14,5.14,5.14,310,2022-02-14 20:27:00,AEVA
5.15,5.15,5.15,5.15,100,2022-02-14 20:28:00,AEVA
5.145,5.15,5.141,5.141,400,2022-02-14 20:29:00,AEVA
5.14,5.15,5.14,5.15,3243,2022-02-14 20:30:00,AEVA
5.155,5.155,5.15,5.15,1131,2022-02-14 20:31:00,AEVA
5.15,5.155,5.1497,5.155,885,2022-02-14 20:32:00,AEVA
5.155,5.16,5.155,5.16,1878,2022-02-14 20:33:00,AEVA
5.16,5.16,5.16,5.16,662,2022-02-14 20:34:00,AEVA
5.16,5.16,5.16,5.16,200,2022-02-14 20:35:00,AEVA
5.155,5.155,5.15,5.15,600,2022-02-14 20:36:00,AEVA
5.155,5.155,5.155,5.155,200,2022-02-14 20:37:00,AEVA
5.1524,5.16,5.1424,5.16,3426,2022-02-14 20:38:00,AEVA
5.155,5.155,5.15,5.15,1000,2022-02-14 20:39:00,AEVA
5.145,5.155,5.145,5.155,5270,2022-02-14 20:40:00,AEVA
5.155,5.155,5.145,5.15,3020,2022-02-14 20:41:00,AEVA
5.14,5.14,5.14,5.14,201,2022-02-14 20:42:00,AEVA
5.145,5.145,5.14,5.145,5046,2022-02-14 20:43:00,AEVA
5.15,5.15,5.145,5.15,1700,2022-02-14 20:44:00,AEVA
5.15,5.15,5.14,5.14,3810,2022-02-14 20:45:00,AEVA
5.13,5.13,5.125,5.125,4000,2022-02-14 20:46:00,AEVA
5.125,5.139,5.125,5.135,4649,2022-02-14 20:47:00,AEVA
5.14,5.15,5.14,5.15,6798,2022-02-14 20:48:00,AEVA
5.15,5.15,5.15,5.15,2428,2022-02-14 20:49:00,AEVA
5.14,5.14,5.12,5.125,5924,2022-02-14 20:50:00,AEVA
5.125,5.135,5.125,5.1299,5462,2022-02-14 20:51:00,AEVA
5.1289,5.1289,5.12,5.125,1800,2022-02-14 20:52:00,AEVA
5.12,5.12,5.11,5.11,2663,2022-02-14 20:53:00,AEVA
5.11,5.12,5.105,5.12,14221,2022-02-14 20:54:00,AEVA
5.115,5.12,5.11,5.115,2800,2022-02-14 20:55:00,AEVA
5.11,5.115,5.11,5.115,5402,2022-02-14 20:56:00,AEVA
5.115,5.12,5.11,5.12,7634,2022-02-14 20:57:00,AEVA
5.115,5.12,5.11,5.12,6100,2022-02-14 20:58:00,AEVA
5.12,5.12,5.11,5.12,16157,2022-02-14 20:59:00,AEVA
5.11,5.11,5.11,5.11,51505,2022-02-14 21:00:00,AEVA
5.11,5.11,5.11,5.11,238,2022-02-14 21:01:00,AEVA
5.21,5.21,5.21,5.21,200,2022-02-15 14:29:00,AEVA
5.26,5.28,5.24,5.28,9763,2022-02-15 14:30:00,AEVA
5.25,5.28,5.25,5.28,1803,2022-02-15 14:32:00,AEVA
5.275,5.29,5.275,5.29,800,2022-02-15 14:33:00,AEVA
5.29,5.3,5.29,5.3,375,2022-02-15 14:34:00,AEVA
5.31,5.31,5.25,5.25,1286,2022-02-15 14:35:00,AEVA
5.26,5.26,5.25,5.25,1114,2022-02-15 14:36:00,AEVA
5.25,5.28,5.25,5.28,1728,2022-02-15 14:37:00,AEVA
5.28,5.28,5.27,5.27,1743,2022-02-15 14:38:00,AEVA
5.26,5.27,5.26,5.27,1100,2022-02-15 14:39:00,AEVA
5.26,5.26,5.26,5.26,500,2022-02-15 14:40:00,AEVA
5.25,5.26,5.25,5.25,418,2022-02-15 14:41:00,AEVA
5.25,5.26,5.25,5.26,4196,2022-02-15 14:42:00,AEVA
5.23,5.24,5.23,5.24,1366,2022-02-15 14:44:00,AEVA
5.24,5.26,5.24,5.245,3582,2022-02-15 14:45:00,AEVA
5.24,5.245,5.22,5.22,2899,2022-02-15 14:46:00,AEVA
5.23,5.235,5.23,5.23,2212,2022-02-15 14:47:00,AEVA
5.23,5.23,5.205,5.205,1883,2022-02-15 14:48:00,AEVA
5.2,5.2,5.185,5.19,3505,2022-02-15 14:49:00,AEVA
5.19,5.19,5.19,5.19,1410,2022-02-15 14:50:00,AEVA
5.19,5.19,5.18,5.18,417,2022-02-15 14:51:00,AEVA
5.17,5.2,5.17,5.19,4554,2022-02-15 14:52:00,AEVA
5.19,5.19,5.19,5.19,452,2022-02-15 14:53:00,AEVA
5.19,5.19,5.18,5.1858,4654,2022-02-15 14:54:00,AEVA
5.185,5.19,5.18,5.18,1100,2022-02-15 14:55:00,AEVA
5.19,5.19,5.185,5.19,1821,2022-02-15 14:56:00,AEVA
5.195,5.21,5.195,5.21,5382,2022-02-15 14:57:00,AEVA
5.215,5.22,5.21,5.21,1604,2022-02-15 14:58:00,AEVA
5.21,5.225,5.21,5.225,2710,2022-02-15 14:59:00,AEVA
5.23,5.23,5.23,5.23,2273,2022-02-15 15:00:00,AEVA
5.235,5.24,5.235,5.235,600,2022-02-15 15:01:00,AEVA
5.24,5.25,5.24,5.25,3213,2022-02-15 15:02:00,AEVA
5.26,5.28,5.26,5.27,7495,2022-02-15 15:03:00,AEVA
5.27,5.27,5.265,5.265,452,2022-02-15 15:04:00,AEVA
5.25,5.265,5.25,5.265,2735,2022-02-15 15:06:00,AEVA
5.261,5.275,5.261,5.2703,8163,2022-02-15 15:07:00,AEVA
5.28,5.3,5.28,5.3,2578,2022-02-15 15:08:00,AEVA
5.29,5.29,5.2884,5.2884,784,2022-02-15 15:09:00,AEVA
5.275,5.275,5.265,5.2699,6500,2022-02-15 15:10:00,AEVA
5.26,5.26,5.235,5.2389,1738,2022-02-15 15:11:00,AEVA
5.24,5.26,5.24,5.26,3475,2022-02-15 15:12:00,AEVA
5.26,5.265,5.26,5.265,700,2022-02-15 15:13:00,AEVA
5.27,5.27,5.27,5.27,1161,2022-02-15 15:14:00,AEVA
5.2701,5.28,5.27,5.27,2300,2022-02-15 15:15:00,AEVA
5.27,5.275,5.265,5.27,3038,2022-02-15 15:16:00,AEVA
5.26,5.26,5.26,5.26,1974,2022-02-15 15:17:00,AEVA
5.25,5.25,5.25,5.25,100,2022-02-15 15:19:00,AEVA
5.225,5.24,5.225,5.24,2122,2022-02-15 15:20:00,AEVA
5.24,5.24,5.24,5.24,1674,2022-02-15 15:21:00,AEVA
5.24,5.24,5.24,5.24,1584,2022-02-15 15:23:00,AEVA
5.24,5.246,5.24,5.246,1850,2022-02-15 15:25:00,AEVA
5.245,5.25,5.245,5.25,317,2022-02-15 15:26:00,AEVA
5.25,5.25,5.25,5.25,2190,2022-02-15 15:27:00,AEVA
5.25,5.25,5.25,5.25,100,2022-02-15 15:28:00,AEVA
5.25,5.25,5.25,5.25,500,2022-02-15 15:29:00,AEVA
5.25,5.26,5.25,5.2591,1902,2022-02-15 15:30:00,AEVA
5.255,5.265,5.255,5.265,2778,2022-02-15 15:31:00,AEVA
5.27,5.27,5.27,5.27,100,2022-02-15 15:32:00,AEVA
5.26,5.265,5.26,5.26,800,2022-02-15 15:33:00,AEVA
5.26,5.27,5.26,5.26,4212,2022-02-15 15:34:00,AEVA
5.26,5.26,5.255,5.255,700,2022-02-15 15:35:00,AEVA
5.25,5.25,5.25,5.25,100,2022-02-15 15:36:00,AEVA
5.26,5.27,5.26,5.265,2503,2022-02-15 15:37:00,AEVA
5.27,5.275,5.27,5.275,1700,2022-02-15 15:38:00,AEVA
5.28,5.285,5.28,5.285,1706,2022-02-15 15:40:00,AEVA
5.29,5.29,5.29,5.29,2086,2022-02-15 15:41:00,AEVA
5.3,5.3,5.295,5.295,323,2022-02-15 15:42:00,AEVA
5.295,5.32,5.295,5.315,8843,2022-02-15 15:43:00,AEVA
5.32,5.32,5.32,5.32,200,2022-02-15 15:44:00,AEVA
5.3109,5.315,5.305,5.3086,2710,2022-02-15 15:45:00,AEVA
5.31,5.31,5.29,5.29,1600,2022-02-15 15:46:00,AEVA
5.29,5.29,5.29,5.29,700,2022-02-15 15:47:00,AEVA
5.2984,5.3,5.2984,5.3,500,2022-02-15 15:48:00,AEVA
5.29,5.2901,5.29,5.29,400,2022-02-15 15:49:00,AEVA
5.2999,5.3,5.2999,5.3,1501,2022-02-15 15:50:00,AEVA
5.3014,5.305,5.3014,5.305,300,2022-02-15 15:52:00,AEVA
5.3013,5.3013,5.3001,5.3001,700,2022-02-15 15:53:00,AEVA
5.305,5.305,5.3014,5.3014,300,2022-02-15 15:54:00,AEVA
5.31,5.31,5.3,5.31,1329,2022-02-15 15:55:00,AEVA
5.3101,5.3101,5.31,5.31,2635,2022-02-15 15:56:00,AEVA
5.31,5.31,5.305,5.31,2917,2022-02-15 15:59:00,AEVA
5.318,5.318,5.3118,5.3118,1100,2022-02-15 16:01:00,AEVA
5.315,5.32,5.315,5.32,500,2022-02-15 16:02:00,AEVA
5.32,5.32,5.3116,5.3116,300,2022-02-15 16:03:00,AEVA
5.32,5.33,5.32,5.33,3238,2022-02-15 16:04:00,AEVA
5.32,5.32,5.31,5.31,3754,2022-02-15 16:05:00,AEVA
5.315,5.315,5.315,5.315,200,2022-02-15 16:06:00,AEVA
5.32,5.32,5.315,5.315,400,2022-02-15 16:07:00,AEVA
5.32,5.32,5.32,5.32,1813,2022-02-15 16:08:00,AEVA
5.315,5.315,5.315,5.315,100,2022-02-15 16:09:00,AEVA
5.31,5.31,5.295,5.305,3591,2022-02-15 16:10:00,AEVA
5.31,5.3183,5.31,5.3183,1849,2022-02-15 16:11:00,AEVA
5.32,5.33,5.32,5.33,3194,2022-02-15 16:13:00,AEVA
5.32,5.325,5.32,5.325,231,2022-02-15 16:14:00,AEVA
5.32,5.32,5.32,5.32,100,2022-02-15 16:15:00,AEVA
5.33,5.33,5.33,5.33,225,2022-02-15 16:16:00,AEVA
5.33,5.33,5.325,5.325,600,2022-02-15 16:17:00,AEVA
5.325,5.325,5.325,5.325,500,2022-02-15 16:19:00,AEVA
5.33,5.34,5.33,5.335,916,2022-02-15 16:20:00,AEVA
5.335,5.34,5.335,5.335,1081,2022-02-15 16:21:00,AEVA
5.33,5.33,5.33,5.33,935,2022-02-15 16:22:00,AEVA
5.325,5.33,5.325,5.33,1200,2022-02-15 16:23:00,AEVA
5.33,5.33,5.33,5.33,1399,2022-02-15 16:25:00,AEVA
5.325,5.325,5.325,5.325,394,2022-02-15 16:26:00,AEVA
5.33,5.34,5.33,5.338,4032,2022-02-15 16:29:00,AEVA
5.34,5.35,5.34,5.345,2499,2022-02-15 16:30:00,AEVA
5.345,5.3599,5.345,5.3599,9381,2022-02-15 16:31:00,AEVA
5.35,5.35,5.35,5.35,100,2022-02-15 16:32:00,AEVA
5.355,5.36,5.355,5.36,16683,2022-02-15 16:33:00,AEVA
5.365,5.365,5.365,5.365,300,2022-02-15 16:34:00,AEVA
5.37,5.37,5.36,5.36,600,2022-02-15 16:36:00,AEVA
5.365,5.375,5.365,5.375,8892,2022-02-15 16:37:00,AEVA
5.38,5.38,5.375,5.375,200,2022-02-15 16:38:00,AEVA
5.38,5.38,5.38,5.38,500,2022-02-15 16:40:00,AEVA
5.378,5.38,5.378,5.38,200,2022-02-15 16:41:00,AEVA
5.375,5.375,5.37,5.37,2100,2022-02-15 16:42:00,AEVA
5.365,5.365,5.365,5.365,200,2022-02-15 16:43:00,AEVA
5.37,5.375,5.37,5.37,7910,2022-02-15 16:44:00,AEVA
5.37,5.37,5.37,5.37,100,2022-02-15 16:45:00,AEVA
5.38,5.385,5.38,5.385,6999,2022-02-15 16:46:00,AEVA
5.3816,5.3861,5.38,5.38,6124,2022-02-15 16:47:00,AEVA
5.3878,5.3878,5.3878,5.3878,100,2022-02-15 16:49:00,AEVA
5.39,5.39,5.385,5.385,8269,2022-02-15 16:51:00,AEVA
5.395,5.4,5.395,5.4,12800,2022-02-15 16:52:00,AEVA
5.41,5.41,5.405,5.41,1160,2022-02-15 16:53:00,AEVA
5.41,5.42,5.41,5.42,200,2022-02-15 16:54:00,AEVA
5.41,5.41,5.41,5.41,988,2022-02-15 16:55:00,AEVA
5.4199,5.4199,5.4199,5.4199,200,2022-02-15 16:56:00,AEVA
5.41,5.41,5.41,5.41,3631,2022-02-15 16:57:00,AEVA
5.415,5.42,5.41,5.41,1800,2022-02-15 16:58:00,AEVA
5.42,5.42,5.42,5.42,200,2022-02-15 16:59:00,AEVA
5.42,5.42,5.41,5.41,3373,2022-02-15 17:00:00,AEVA
5.415,5.415,5.41,5.41,4004,2022-02-15 17:03:00,AEVA
5.4,5.405,5.395,5.405,1819,2022-02-15 17:04:00,AEVA
5.41,5.41,5.405,5.405,2100,2022-02-15 17:05:00,AEVA
5.4,5.4,5.4,5.4,1700,2022-02-15 17:06:00,AEVA
5.4,5.4,5.4,5.4,700,2022-02-15 17:08:00,AEVA
5.4,5.4,5.4,5.4,575,2022-02-15 17:09:00,AEVA
5.405,5.405,5.405,5.405,100,2022-02-15 17:10:00,AEVA
5.4,5.4,5.4,5.4,100,2022-02-15 17:11:00,AEVA
5.41,5.41,5.4008,5.4008,700,2022-02-15 17:12:00,AEVA
5.4,5.4,5.385,5.385,4053,2022-02-15 17:15:00,AEVA
5.38,5.385,5.38,5.385,2220,2022-02-15 17:16:00,AEVA
5.38,5.38,5.38,5.38,422,2022-02-15 17:18:00,AEVA
5.37,5.37,5.3607,5.37,2401,2022-02-15 17:19:00,AEVA
5.37,5.37,5.37,5.37,100,2022-02-15 17:20:00,AEVA
5.365,5.365,5.36,5.3636,1100,2022-02-15 17:21:00,AEVA
5.365,5.365,5.365,5.365,100,2022-02-15 17:22:00,AEVA
5.365,5.37,5.365,5.37,1423,2022-02-15 17:23:00,AEVA
5.36,5.36,5.345,5.345,2073,2022-02-15 17:26:00,AEVA
5.345,5.345,5.345,5.345,200,2022-02-15 17:27:00,AEVA
5.35,5.35,5.35,5.35,1947,2022-02-15 17:28:00,AEVA
5.3501,5.3501,5.3501,5.3501,2000,2022-02-15 17:30:00,AEVA
5.36,5.36,5.355,5.3587,2709,2022-02-15 17:31:00,AEVA
5.355,5.36,5.355,5.36,200,2022-02-15 17:33:00,AEVA
5.35,5.35,5.3418,5.3418,1570,2022-02-15 17:34:00,AEVA
5.35,5.355,5.35,5.355,1200,2022-02-15 17:35:00,AEVA
5.355,5.355,5.355,5.355,100,2022-02-15 17:37:00,AEVA
5.35,5.35,5.35,5.35,100,2022-02-15 17:39:00,AEVA
5.35,5.355,5.35,5.355,200,2022-02-15 17:40:00,AEVA
5.345,5.345,5.34,5.345,2299,2022-02-15 17:41:00,AEVA
5.34,5.34,5.34,5.34,700,2022-02-15 17:42:00,AEVA
5.335,5.34,5.335,5.34,900,2022-02-15 17:43:00,AEVA
5.345,5.345,5.34,5.34,1556,2022-02-15 17:44:00,AEVA
5.34,5.34,5.33,5.33,2239,2022-02-15 17:46:00,AEVA
5.32,5.32,5.315,5.315,495,2022-02-15 17:48:00,AEVA
5.31,5.3159,5.31,5.315,600,2022-02-15 17:50:00,AEVA
5.32,5.33,5.32,5.33,300,2022-02-15 17:51:00,AEVA
5.325,5.325,5.325,5.325,200,2022-02-15 17:52:00,AEVA
5.325,5.325,5.32,5.325,900,2022-02-15 17:54:00,AEVA
5.33,5.33,5.325,5.33,865,2022-02-15 17:55:00,AEVA
5.335,5.34,5.335,5.34,4802,2022-02-15 17:56:00,AEVA
5.35,5.35,5.35,5.35,600,2022-02-15 17:58:00,AEVA
5.355,5.355,5.355,5.355,400,2022-02-15 17:59:00,AEVA
5.355,5.36,5.355,5.36,1002,2022-02-15 18:00:00,AEVA
5.37,5.38,5.37,5.375,2500,2022-02-15 18:01:00,AEVA
5.37,5.375,5.37,5.375,1212,2022-02-15 18:02:00,AEVA
5.37,5.37,5.365,5.365,900,2022-02-15 18:03:00,AEVA
5.37,5.38,5.37,5.38,5327,2022-02-15 18:04:00,AEVA
5.38,5.38,5.37,5.37,10998,2022-02-15 18:05:00,AEVA
5.37,5.37,5.34,5.345,27947,2022-02-15 18:06:00,AEVA
5.345,5.345,5.31,5.32,16589,2022-02-15 18:07:00,AEVA
5.32,5.355,5.32,5.355,12950,2022-02-15 18:08:00,AEVA
5.355,5.355,5.34,5.34,2253,2022-02-15 18:11:00,AEVA
5.345,5.345,5.345,5.345,242,2022-02-15 18:12:00,AEVA
5.345,5.345,5.345,5.345,800,2022-02-15 18:13:00,AEVA
5.345,5.345,5.34,5.345,885,2022-02-15 18:14:00,AEVA
5.34,5.34,5.34,5.34,600,2022-02-15 18:15:00,AEVA
5.34,5.34,5.34,5.34,100,2022-02-15 18:16:00,AEVA
5.345,5.345,5.34,5.34,627,2022-02-15 18:17:00,AEVA
5.34,5.34,5.34,5.34,3400,2022-02-15 18:19:00,AEVA
5.33,5.33,5.3,5.32,17590,2022-02-15 18:20:00,AEVA
5.32,5.33,5.315,5.325,7116,2022-02-15 18:21:00,AEVA
5.325,5.325,5.325,5.325,100,2022-02-15 18:22:00,AEVA
5.32,5.32,5.31,5.31,4537,2022-02-15 18:23:00,AEVA
5.32,5.32,5.31,5.31,2500,2022-02-15 18:24:00,AEVA
5.32,5.32,5.31,5.315,2500,2022-02-15 18:25:00,AEVA
5.315,5.32,5.31,5.315,7665,2022-02-15 18:26:00,AEVA
5.32,5.32,5.31,5.315,1664,2022-02-15 18:27:00,AEVA
5.31,5.31,5.31,5.31,1718,2022-02-15 18:28:00,AEVA
5.31,5.32,5.31,5.31,2128,2022-02-15 18:29:00,AEVA
5.31,5.31,5.305,5.305,2343,2022-02-15 18:30:00,AEVA
5.305,5.31,5.305,5.305,1198,2022-02-15 18:31:00,AEVA
5.3,5.305,5.3,5.305,2025,2022-02-15 18:32:00,AEVA
5.305,5.305,5.29,5.295,15850,2022-02-15 18:33:00,AEVA
5.295,5.315,5.295,5.305,17606,2022-02-15 18:34:00,AEVA
5.305,5.31,5.305,5.305,1000,2022-02-15 18:35:00,AEVA
5.3,5.3,5.3,5.3,200,2022-02-15 18:37:00,AEVA
5.3,5.305,5.3,5.3,1000,2022-02-15 18:38:00,AEVA
5.3,5.305,5.3,5.305,1900,2022-02-15 18:39:00,AEVA
5.305,5.31,5.305,5.305,5925,2022-02-15 18:40:00,AEVA
5.31,5.31,5.31,5.31,100,2022-02-15 18:41:00,AEVA
5.31,5.31,5.29,5.29,4796,2022-02-15 18:42:00,AEVA
5.29,5.29,5.29,5.29,800,2022-02-15 18:43:00,AEVA
5.295,5.3,5.29,5.295,4453,2022-02-15 18:44:00,AEVA
5.29,5.305,5.285,5.3,10220,2022-02-15 18:45:00,AEVA
5.3,5.3,5.3,5.3,300,2022-02-15 18:47:00,AEVA
5.3,5.305,5.3,5.3,2650,2022-02-15 18:48:00,AEVA
5.3,5.3,5.295,5.3,3600,2022-02-15 18:49:00,AEVA
5.3,5.305,5.3,5.305,2170,2022-02-15 18:50:00,AEVA
5.3088,5.3088,5.305,5.305,1047,2022-02-15 18:51:00,AEVA
5.305,5.31,5.3,5.305,3547,2022-02-15 18:52:00,AEVA
5.305,5.305,5.3,5.3,2700,2022-02-15 18:53:00,AEVA
5.305,5.305,5.3,5.3,3709,2022-02-15 18:54:00,AEVA
5.3,5.3,5.29,5.29,5526,2022-02-15 18:55:00,AEVA
5.285,5.29,5.28,5.29,12154,2022-02-15 18:56:00,AEVA
5.285,5.285,5.285,5.285,584,2022-02-15 18:57:00,AEVA
5.28,5.285,5.28,5.285,7451,2022-02-15 18:58:00,AEVA
5.28,5.285,5.28,5.285,1943,2022-02-15 18:59:00,AEVA
5.29,5.29,5.285,5.285,400,2022-02-15 19:00:00,AEVA
5.285,5.285,5.285,5.285,746,2022-02-15 19:01:00,AEVA
5.285,5.285,5.27,5.27,2683,2022-02-15 19:02:00,AEVA
5.28,5.285,5.28,5.285,3362,2022-02-15 19:03:00,AEVA
5.285,5.285,5.25,5.25,17828,2022-02-15 19:04:00,AEVA
5.255,5.26,5.22,5.255,29387,2022-02-15 19:05:00,AEVA
5.255,5.255,5.25,5.25,2296,2022-02-15 19:06:00,AEVA
5.25,5.25,5.24,5.25,10818,2022-02-15 19:07:00,AEVA
5.25,5.25,5.24,5.24,4834,2022-02-15 19:08:00,AEVA
5.245,5.265,5.245,5.26,13924,2022-02-15 19:09:00,AEVA
5.265,5.265,5.26,5.265,500,2022-02-15 19:10:00,AEVA
5.27,5.27,5.26,5.26,600,2022-02-15 19:11:00,AEVA
5.26,5.26,5.25,5.25,3724,2022-02-15 19:12:00,AEVA
5.255,5.26,5.25,5.25,8608,2022-02-15 19:13:00,AEVA
5.26,5.26,5.25,5.255,7426,2022-02-15 19:14:00,AEVA
5.255,5.255,5.245,5.245,8024,2022-02-15 19:15:00,AEVA
5.245,5.245,5.245,5.245,818,2022-02-15 19:16:00,AEVA
5.24,5.245,5.24,5.245,1222,2022-02-15 19:17:00,AEVA
5.245,5.25,5.24,5.245,6611,2022-02-15 19:18:00,AEVA
5.24,5.25,5.24,5.245,10376,2022-02-15 19:19:00,AEVA
5.25,5.255,5.245,5.255,30498,2022-02-15 19:20:00,AEVA
5.255,5.3,5.255,5.295,8846,2022-02-15 19:21:00,AEVA
5.295,5.3,5.295,5.3,1167,2022-02-15 19:22:00,AEVA
5.295,5.3,5.295,5.3,700,2022-02-15 19:23:00,AEVA
5.3,5.3,5.285,5.285,2974,2022-02-15 19:24:00,AEVA
5.28,5.28,5.27,5.275,3826,2022-02-15 19:25:00,AEVA
5.275,5.275,5.275,5.275,100,2022-02-15 19:26:00,AEVA
5.275,5.275,5.265,5.27,4098,2022-02-15 19:27:00,AEVA
5.265,5.265,5.26,5.265,2306,2022-02-15 19:28:00,AEVA
5.27,5.27,5.26,5.265,14346,2022-02-15 19:29:00,AEVA
5.265,5.27,5.26,5.265,1966,2022-02-15 19:30:00,AEVA
5.265,5.265,5.265,5.265,725,2022-02-15 19:31:00,AEVA
5.27,5.27,5.265,5.265,5123,2022-02-15 19:32:00,AEVA
5.265,5.27,5.265,5.27,1850,2022-02-15 19:33:00,AEVA
5.265,5.265,5.265,5.265,100,2022-02-15 19:34:00,AEVA
5.26,5.265,5.23,5.25,24747,2022-02-15 19:35:00,AEVA
5.245,5.26,5.245,5.26,12812,2022-02-15 19:36:00,AEVA
5.255,5.26,5.255,5.255,1796,2022-02-15 19:37:00,AEVA
5.255,5.26,5.25,5.26,8721,2022-02-15 19:38:00,AEVA
5.255,5.26,5.255,5.26,4830,2022-02-15 19:39:00,AEVA
5.26,5.26,5.25,5.26,1001,2022-02-15 19:40:00,AEVA
5.255,5.26,5.25,5.255,1700,2022-02-15 19:41:00,AEVA
5.26,5.26,5.245,5.25,9609,2022-02-15 19:42:00,AEVA
5.25,5.25,5.245,5.25,10175,2022-02-15 19:43:00,AEVA
5.25,5.285,5.25,5.285,13134,2022-02-15 19:44:00,AEVA
5.29,5.29,5.28,5.28,4059,2022-02-15 19:45:00,AEVA
5.28,5.285,5.28,5.285,200,2022-02-15 19:46:00,AEVA
5.285,5.285,5.285,5.285,600,2022-02-15 19:47:00,AEVA
5.28,5.28,5.27,5.275,3326,2022-02-15 19:48:00,AEVA
5.27,5.275,5.27,5.275,221,2022-02-15 19:49:00,AEVA
5.27,5.285,5.27,5.285,18680,2022-02-15 19:50:00,AEVA
5.285,5.29,5.285,5.285,1115,2022-02-15 19:51:00,AEVA
5.285,5.285,5.285,5.285,100,2022-02-15 19:52:00,AEVA
5.28,5.28,5.27,5.27,3229,2022-02-15 19:53:00,AEVA
5.28,5.285,5.275,5.285,12395,2022-02-15 19:54:00,AEVA
5.28,5.28,5.275,5.28,4786,2022-02-15 19:55:00,AEVA
5.28,5.29,5.28,5.285,7897,2022-02-15 19:56:00,AEVA
5.28,5.29,5.28,5.29,5181,2022-02-15 19:57:00,AEVA
5.29,5.29,5.285,5.285,2100,2022-02-15 19:58:00,AEVA
5.285,5.29,5.285,5.285,2223,2022-02-15 19:59:00,AEVA
5.285,5.29,5.285,5.285,6626,2022-02-15 20:00:00,AEVA
5.285,5.29,5.2824,5.285,7955,2022-02-15 20:01:00,AEVA
5.29,5.29,5.285,5.285,1780,2022-02-15 20:02:00,AEVA
5.285,5.29,5.28,5.28,2700,2022-02-15 20:03:00,AEVA
5.29,5.29,5.28,5.285,2620,2022-02-15 20:04:00,AEVA
5.285,5.295,5.26,5.285,5770,2022-02-15 20:05:00,AEVA
5.28,5.3101,5.28,5.31,7704,2022-02-15 20:06:00,AEVA
5.31,5.32,5.295,5.295,13931,2022-02-15 20:07:00,AEVA
5.295,5.295,5.295,5.295,3387,2022-02-15 20:08:00,AEVA
5.295,5.3,5.29,5.295,16789,2022-02-15 20:09:00,AEVA
5.295,5.295,5.28,5.285,15338,2022-02-15 20:10:00,AEVA
5.285,5.285,5.28,5.28,3701,2022-02-15 20:11:00,AEVA
5.28,5.28,5.27,5.275,5747,2022-02-15 20:12:00,AEVA
5.27,5.28,5.255,5.275,15583,2022-02-15 20:13:00,AEVA
5.275,5.28,5.275,5.275,9256,2022-02-15 20:14:00,AEVA
5.28,5.315,5.28,5.31,15545,2022-02-15 20:15:00,AEVA
5.31,5.32,5.305,5.32,8330,2022-02-15 20:16:00,AEVA
5.32,5.32,5.315,5.315,779,2022-02-15 20:17:00,AEVA
5.31,5.32,5.31,5.32,300,2022-02-15 20:18:00,AEVA
5.315,5.315,5.315,5.315,300,2022-02-15 20:19:00,AEVA
5.32,5.32,5.285,5.29,11466,2022-02-15 20:20:00,AEVA
5.29,5.29,5.28,5.29,2900,2022-02-15 20:21:00,AEVA
5.285,5.295,5.275,5.275,9652,2022-02-15 20:22:00,AEVA
5.275,5.28,5.275,5.275,7313,2022-02-15 20:23:00,AEVA
5.27,5.27,5.26,5.265,7910,2022-02-15 20:24:00,AEVA
5.265,5.27,5.26,5.26,13462,2022-02-15 20:25:00,AEVA
5.265,5.265,5.265,5.265,100,2022-02-15 20:26:00,AEVA
5.265,5.265,5.255,5.265,11558,2022-02-15 20:27:00,AEVA
5.27,5.27,5.265,5.27,10878,2022-02-15 20:28:00,AEVA
5.27,5.27,5.265,5.27,7751,2022-02-15 20:29:00,AEVA
5.27,5.3,5.27,5.3,10833,2022-02-15 20:30:00,AEVA
5.3,5.3,5.28,5.285,9963,2022-02-15 20:31:00,AEVA
5.285,5.285,5.285,5.285,100,2022-02-15 20:32:00,AEVA
5.28,5.28,5.24,5.265,14789,2022-02-15 20:33:00,AEVA
5.265,5.27,5.25,5.25,8453,2022-02-15 20:34:00,AEVA
5.255,5.265,5.255,5.265,12138,2022-02-15 20:35:00,AEVA
5.265,5.275,5.2535,5.255,12899,2022-02-15 20:36:00,AEVA
5.255,5.255,5.255,5.255,5200,2022-02-15 20:37:00,AEVA
5.255,5.26,5.255,5.255,3956,2022-02-15 20:38:00,AEVA
5.255,5.255,5.25,5.255,12535,2022-02-15 20:39:00,AEVA
5.25,5.255,5.24,5.245,11507,2022-02-15 20:40:00,AEVA
5.245,5.25,5.245,5.2482,21925,2022-02-15 20:41:00,AEVA
5.25,5.285,5.25,5.285,15701,2022-02-15 20:42:00,AEVA
5.28,5.29,5.28,5.29,1536,2022-02-15 20:43:00,AEVA
5.29,5.3,5.285,5.3,19022,2022-02-15 20:44:00,AEVA
5.3,5.3,5.295,5.3,4059,2022-02-15 20:45:00,AEVA
5.295,5.3,5.295,5.295,7314,2022-02-15 20:46:00,AEVA
5.295,5.305,5.295,5.3,19594,2022-02-15 20:47:00,AEVA
5.3,5.31,5.3,5.3,10671,2022-02-15 20:48:00,AEVA
5.3,5.31,5.3,5.305,12710,2022-02-15 20:49:00,AEVA
5.31,5.3188,5.305,5.315,17719,2022-02-15 20:50:00,AEVA
5.315,5.32,5.31,5.31,19847,2022-02-15 20:51:00,AEVA
5.31,5.315,5.31,5.315,4308,2022-02-15 20:52:00,AEVA
5.32,5.32,5.315,5.315,10777,2022-02-15 20:53:00,AEVA
5.315,5.315,5.295,5.295,26891,2022-02-15 20:54:00,AEVA
5.295,5.3,5.295,5.295,19384,2022-02-15 20:55:00,AEVA
5.295,5.3,5.26,5.26,51840,2022-02-15 20:56:00,AEVA
5.26,5.27,5.25,5.255,71722,2022-02-15 20:57:00,AEVA
5.255,5.26,5.25,5.25,30343,2022-02-15 20:58:00,AEVA
5.255,5.29,5.25,5.29,69881,2022-02-15 20:59:00,AEVA
5.29,5.29,5.28,5.28,215805,2022-02-15 21:00:00,AEVA
5.23,5.23,5.23,5.23,100,2022-02-15 22:02:00,AEVA
5.25,5.25,5.25,5.25,190,2022-02-16 00:48:00,AEVA
5.25,5.25,5.25,5.25,500,2022-02-16 00:53:00,AEVA
5.22,5.22,5.22,5.22,810,2022-02-16 00:55:00,AEVA
5.37,5.37,5.37,5.37,1000,2022-02-16 13:14:00,AEVA
5.31,5.31,5.31,5.31,200,2022-02-16 13:55:00,AEVA
5.26,5.26,5.26,5.26,200,2022-02-16 14:11:00,AEVA
5.25,5.25,5.25,5.25,100,2022-02-16 14:18:00,AEVA
5.22,5.22,5.22,5.22,298,2022-02-16 14:20:00,AEVA
5.19,5.19,5.19,5.19,500,2022-02-16 14:26:00,AEVA
5.19,5.19,5.19,5.19,790,2022-02-16 14:27:00,AEVA
5.21,5.21,5.21,5.21,100,2022-02-16 14:29:00,AEVA
5.23,5.26,5.22,5.26,24950,2022-02-16 14:30:00,AEVA
5.21,5.22,5.1986,5.1986,2204,2022-02-16 14:31:00,AEVA
5.23,5.27,5.23,5.27,603,2022-02-16 14:32:00,AEVA
5.28,5.28,5.25,5.25,2048,2022-02-16 14:33:00,AEVA
5.25,5.27,5.23,5.26,15806,2022-02-16 14:34:00,AEVA
5.25,5.26,5.25,5.25,4080,2022-02-16 14:35:00,AEVA
5.24,5.24,5.22,5.22,6229,2022-02-16 14:36:00,AEVA
5.22,5.23,5.22,5.23,1148,2022-02-16 14:37:00,AEVA
5.23,5.23,5.185,5.185,3842,2022-02-16 14:38:00,AEVA
5.19,5.19,5.165,5.165,10333,2022-02-16 14:39:00,AEVA
5.155,5.17,5.15,5.155,3960,2022-02-16 14:40:00,AEVA
5.155,5.16,5.155,5.16,3450,2022-02-16 14:41:00,AEVA
5.16,5.16,5.135,5.135,8089,2022-02-16 14:42:00,AEVA
5.14,5.15,5.13,5.13,4945,2022-02-16 14:43:00,AEVA
5.12,5.12,5.1,5.105,5433,2022-02-16 14:44:00,AEVA
5.11,5.12,5.11,5.1184,11135,2022-02-16 14:45:00,AEVA
5.115,5.12,5.115,5.115,6845,2022-02-16 14:46:00,AEVA
5.12,5.12,5.12,5.12,4572,2022-02-16 14:47:00,AEVA
5.115,5.12,5.115,5.115,6200,2022-02-16 14:48:00,AEVA
5.115,5.12,5.115,5.115,1442,2022-02-16 14:49:00,AEVA
5.11,5.11,5.095,5.095,5801,2022-02-16 14:50:00,AEVA
5.095,5.1099,5.095,5.1099,5562,2022-02-16 14:51:00,AEVA
5.1,5.1099,5.08,5.08,5539,2022-02-16 14:52:00,AEVA
5.07,5.0799,5.0699,5.07,1378,2022-02-16 14:53:00,AEVA
5.065,5.08,5.065,5.08,900,2022-02-16 14:54:00,AEVA
5.1,5.11,5.1,5.11,6575,2022-02-16 14:55:00,AEVA
5.1,5.11,5.1,5.11,1900,2022-02-16 14:56:00,AEVA
5.11,5.12,5.11,5.12,3837,2022-02-16 14:57:00,AEVA
5.12,5.13,5.12,5.13,702,2022-02-16 14:58:00,AEVA
5.13,5.13,5.12,5.12,2820,2022-02-16 14:59:00,AEVA
5.11,5.11,5.09,5.11,11331,2022-02-16 15:00:00,AEVA
5.11,5.13,5.11,5.12,21375,2022-02-16 15:01:00,AEVA
5.13,5.14,5.13,5.13,4828,2022-02-16 15:02:00,AEVA
5.13,5.135,5.12,5.12,15323,2022-02-16 15:03:00,AEVA
5.115,5.12,5.1,5.1,7105,2022-02-16 15:04:00,AEVA
5.1084,5.1084,5.1,5.1,4511,2022-02-16 15:05:00,AEVA
5.1,5.11,5.1,5.11,14039,2022-02-16 15:06:00,AEVA
5.11,5.13,5.11,5.13,7753,2022-02-16 15:07:00,AEVA
5.13,5.13,5.13,5.13,200,2022-02-16 15:08:00,AEVA
5.12,5.125,5.12,5.12,7500,2022-02-16 15:09:00,AEVA
5.12,5.12,5.12,5.12,100,2022-02-16 15:10:00,AEVA
5.115,5.115,5.1,5.105,12020,2022-02-16 15:11:00,AEVA
5.11,5.11,5.1,5.105,11396,2022-02-16 15:12:00,AEVA
5.105,5.1092,5.105,5.105,1700,2022-02-16 15:13:00,AEVA
5.1,5.1,5.09,5.1,7035,2022-02-16 15:14:00,AEVA
5.0986,5.1,5.0958,5.1,10400,2022-02-16 15:15:00,AEVA
5.09,5.1,5.08,5.1,6790,2022-02-16 15:16:00,AEVA
5.09,5.09,5.09,5.09,100,2022-02-16 15:17:00,AEVA
5.09,5.0982,5.075,5.0982,13817,2022-02-16 15:19:00,AEVA
5.1,5.105,5.1,5.1,2996,2022-02-16 15:20:00,AEVA
5.1,5.1,5.095,5.1,5661,2022-02-16 15:21:00,AEVA
5.1,5.1,5.1,5.1,2787,2022-02-16 15:22:00,AEVA
5.11,5.115,5.11,5.115,3840,2022-02-16 15:23:00,AEVA
5.12,5.125,5.12,5.12,6146,2022-02-16 15:24:00,AEVA
5.12,5.125,5.12,5.12,6400,2022-02-16 15:25:00,AEVA
5.115,5.115,5.115,5.115,100,2022-02-16 15:26:00,AEVA
5.12,5.12,5.115,5.115,200,2022-02-16 15:27:00,AEVA
5.12,5.125,5.12,5.125,5103,2022-02-16 15:28:00,AEVA
5.12,5.12,5.12,5.12,1100,2022-02-16 15:29:00,AEVA
5.12,5.12,5.12,5.12,3986,2022-02-16 15:30:00,AEVA
5.12,5.12,5.12,5.12,1765,2022-02-16 15:31:00,AEVA
5.12,5.12,5.11,5.11,4500,2022-02-16 15:32:00,AEVA
5.115,5.12,5.115,5.12,488,2022-02-16 15:33:00,AEVA
5.12,5.12,5.115,5.115,312,2022-02-16 15:34:00,AEVA
5.12,5.12,5.115,5.12,13153,2022-02-16 15:35:00,AEVA
5.13,5.13,5.125,5.13,4614,2022-02-16 15:36:00,AEVA
5.125,5.125,5.125,5.125,500,2022-02-16 15:37:00,AEVA
5.13,5.13,5.13,5.13,300,2022-02-16 15:38:00,AEVA
5.13,5.14,5.13,5.13,6432,2022-02-16 15:39:00,AEVA
5.1375,5.14,5.1375,5.14,6627,2022-02-16 15:40:00,AEVA
5.14,5.14,5.1321,5.135,1021,2022-02-16 15:41:00,AEVA
5.13,5.14,5.13,5.14,2117,2022-02-16 15:42:00,AEVA
5.14,5.14,5.14,5.14,3148,2022-02-16 15:43:00,AEVA
5.14,5.16,5.14,5.16,6431,2022-02-16 15:44:00,AEVA
5.16,5.16,5.1591,5.16,7045,2022-02-16 15:45:00,AEVA
5.16,5.16,5.16,5.16,200,2022-02-16 15:46:00,AEVA
5.16,5.16,5.155,5.155,500,2022-02-16 15:47:00,AEVA
5.16,5.16,5.16,5.16,700,2022-02-16 15:48:00,AEVA
5.16,5.16,5.16,5.16,1500,2022-02-16 15:49:00,AEVA
5.16,5.17,5.16,5.17,12712,2022-02-16 15:50:00,AEVA
5.17,5.185,5.17,5.18,10376,2022-02-16 15:51:00,AEVA
5.185,5.195,5.185,5.195,600,2022-02-16 15:52:00,AEVA
5.2,5.2,5.19,5.19,700,2022-02-16 15:53:00,AEVA
5.2,5.2,5.195,5.2,700,2022-02-16 15:54:00,AEVA
5.2,5.2,5.2,5.2,300,2022-02-16 15:55:00,AEVA
5.2,5.2,5.19,5.195,11447,2022-02-16 15:56:00,AEVA
5.2,5.2,5.195,5.1997,600,2022-02-16 15:57:00,AEVA
5.2,5.2,5.16,5.16,8380,2022-02-16 15:58:00,AEVA
5.165,5.1699,5.14,5.14,3302,2022-02-16 15:59:00,AEVA
5.14,5.14,5.12,5.1224,7417,2022-02-16 16:00:00,AEVA
5.13,5.13,5.11,5.11,7401,2022-02-16 16:01:00,AEVA
5.11,5.115,5.11,5.115,400,2022-02-16 16:02:00,AEVA
5.1128,5.12,5.1128,5.12,11279,2022-02-16 16:03:00,AEVA
5.12,5.12,5.11,5.11,3376,2022-02-16 16:04:00,AEVA
5.1,5.1,5.1,5.1,18160,2022-02-16 16:06:00,AEVA
5.11,5.13,5.11,5.125,17988,2022-02-16 16:07:00,AEVA
5.125,5.125,5.125,5.125,100,2022-02-16 16:08:00,AEVA
5.12,5.12,5.12,5.12,200,2022-02-16 16:09:00,AEVA
5.125,5.13,5.125,5.125,600,2022-02-16 16:10:00,AEVA
5.13,5.13,5.125,5.125,2461,2022-02-16 16:11:00,AEVA
5.12,5.12,5.12,5.12,2707,2022-02-16 16:12:00,AEVA
5.11,5.115,5.11,5.11,2200,2022-02-16 16:13:00,AEVA
5.11,5.12,5.105,5.105,1000,2022-02-16 16:14:00,AEVA
5.1,5.105,5.1,5.1,1300,2022-02-16 16:15:00,AEVA
5.105,5.105,5.085,5.09,7146,2022-02-16 16:16:00,AEVA
5.1,5.1,5.1,5.1,400,2022-02-16 16:17:00,AEVA
5.108,5.108,5.105,5.105,300,2022-02-16 16:18:00,AEVA
5.1,5.107,5.1,5.105,700,2022-02-16 16:19:00,AEVA
5.1,5.11,5.1,5.11,2300,2022-02-16 16:20:00,AEVA
5.11,5.11,5.105,5.11,400,2022-02-16 16:22:00,AEVA
5.11,5.11,5.11,5.11,100,2022-02-16 16:23:00,AEVA
5.1,5.1,5.1,5.1,2758,2022-02-16 16:24:00,AEVA
5.1,5.105,5.1,5.105,640,2022-02-16 16:25:00,AEVA
5.105,5.105,5.1,5.105,700,2022-02-16 16:26:00,AEVA
5.11,5.11,5.11,5.11,200,2022-02-16 16:27:00,AEVA
5.105,5.11,5.105,5.11,700,2022-02-16 16:28:00,AEVA
5.1,5.105,5.095,5.095,5809,2022-02-16 16:29:00,AEVA
5.09,5.09,5.09,5.09,3424,2022-02-16 16:30:00,AEVA
5.09,5.09,5.085,5.085,2510,2022-02-16 16:31:00,AEVA
5.08,5.08,5.08,5.08,3700,2022-02-16 16:32:00,AEVA
5.085,5.085,5.075,5.075,1382,2022-02-16 16:33:00,AEVA
5.0793,5.0793,5.06,5.065,4132,2022-02-16 16:35:00,AEVA
5.07,5.07,5.06,5.06,2223,2022-02-16 16:36:00,AEVA
5.06,5.06,5.05,5.05,2223,2022-02-16 16:37:00,AEVA
5.06,5.06,5.06,5.06,1275,2022-02-16 16:38:00,AEVA
5.06,5.06,5.055,5.0583,1159,2022-02-16 16:39:00,AEVA
5.055,5.0599,5.055,5.055,1300,2022-02-16 16:40:00,AEVA
5.05,5.05,5.05,5.05,360,2022-02-16 16:42:00,AEVA
5.055,5.055,5.055,5.055,300,2022-02-16 16:43:00,AEVA
5.0599,5.0599,5.05,5.05,3677,2022-02-16 16:44:00,AEVA
5.055,5.055,5.055,5.055,100,2022-02-16 16:45:00,AEVA
5.055,5.055,5.055,5.055,100,2022-02-16 16:46:00,AEVA
5.05,5.055,5.05,5.05,656,2022-02-16 16:47:00,AEVA
5.05,5.05,5.04,5.045,3542,2022-02-16 16:48:00,AEVA
5.045,5.05,5.045,5.05,3244,2022-02-16 16:49:00,AEVA
5.06,5.0687,5.06,5.0687,1911,2022-02-16 16:50:00,AEVA
5.0699,5.0699,5.06,5.06,300,2022-02-16 16:51:00,AEVA
5.065,5.065,5.05,5.05,4237,2022-02-16 16:53:00,AEVA
5.06,5.06,5.06,5.06,100,2022-02-16 16:55:00,AEVA
5.055,5.055,5.05,5.05,3100,2022-02-16 16:58:00,AEVA
5.055,5.055,5.055,5.055,100,2022-02-16 16:59:00,AEVA
5.06,5.06,5.06,5.06,2144,2022-02-16 17:01:00,AEVA
5.06,5.065,5.06,5.065,200,2022-02-16 17:02:00,AEVA
5.065,5.065,5.055,5.055,2244,2022-02-16 17:03:00,AEVA
5.06,5.06,5.055,5.055,211,2022-02-16 17:04:00,AEVA
5.055,5.065,5.055,5.06,1743,2022-02-16 17:07:00,AEVA
5.07,5.07,5.07,5.07,100,2022-02-16 17:08:00,AEVA
5.0682,5.0682,5.0682,5.0682,2964,2022-02-16 17:09:00,AEVA
5.065,5.065,5.065,5.065,500,2022-02-16 17:10:00,AEVA
5.06,5.06,5.05,5.05,3549,2022-02-16 17:11:00,AEVA
5.05,5.055,5.045,5.045,1820,2022-02-16 17:15:00,AEVA
5.0499,5.05,5.045,5.05,2858,2022-02-16 17:16:00,AEVA
5.06,5.0682,5.06,5.0682,2194,2022-02-16 17:17:00,AEVA
5.06,5.06,5.045,5.045,2650,2022-02-16 17:18:00,AEVA
5.05,5.05,5.045,5.045,4070,2022-02-16 17:20:00,AEVA
5.05,5.055,5.04,5.0499,7160,2022-02-16 17:21:00,AEVA
5.05,5.055,5.05,5.055,2004,2022-02-16 17:22:00,AEVA
5.06,5.07,5.055,5.055,13440,2022-02-16 17:24:00,AEVA
5.055,5.055,5.055,5.055,100,2022-02-16 17:26:00,AEVA
5.055,5.055,5.055,5.055,468,2022-02-16 17:27:00,AEVA
5.06,5.06,5.06,5.06,100,2022-02-16 17:28:00,AEVA
5.055,5.055,5.055,5.055,100,2022-02-16 17:29:00,AEVA
5.06,5.06,5.04,5.04,2763,2022-02-16 17:30:00,AEVA
5.04,5.04,5.035,5.035,4580,2022-02-16 17:31:00,AEVA
5.035,5.035,5.03,5.035,856,2022-02-16 17:32:00,AEVA
5.03,5.03,5.02,5.025,3703,2022-02-16 17:33:00,AEVA
5.025,5.025,5.025,5.025,200,2022-02-16 17:34:00,AEVA
5.025,5.025,5.02,5.02,494,2022-02-16 17:35:00,AEVA
5.03,5.05,5.03,5.05,5781,2022-02-16 17:37:00,AEVA
5.05,5.0586,5.05,5.0586,1818,2022-02-16 17:38:00,AEVA
5.055,5.055,5.05,5.05,600,2022-02-16 17:39:00,AEVA
5.05,5.05,5.05,5.05,434,2022-02-16 17:40:00,AEVA
5.05,5.05,5.045,5.045,1257,2022-02-16 17:41:00,AEVA
5.05,5.06,5.05,5.06,886,2022-02-16 17:42:00,AEVA
5.0599,5.06,5.0599,5.06,800,2022-02-16 17:43:00,AEVA
5.06,5.06,5.06,5.06,1000,2022-02-16 17:46:00,AEVA
5.06,5.06,5.06,5.06,604,2022-02-16 17:47:00,AEVA
5.07,5.07,5.07,5.07,200,2022-02-16 17:48:00,AEVA
5.07,5.07,5.07,5.07,915,2022-02-16 17:50:00,AEVA
5.07,5.07,5.07,5.07,1200,2022-02-16 17:51:00,AEVA
5.0724,5.0724,5.0724,5.0724,400,2022-02-16 17:53:00,AEVA
5.07,5.07,5.07,5.07,2300,2022-02-16 17:54:00,AEVA
5.065,5.065,5.065,5.065,100,2022-02-16 17:55:00,AEVA
5.065,5.065,5.065,5.065,520,2022-02-16 17:56:00,AEVA
5.06,5.06,5.05,5.055,1254,2022-02-16 17:57:00,AEVA
5.05,5.05,5.04,5.04,500,2022-02-16 17:58:00,AEVA
5.04,5.045,5.04,5.045,300,2022-02-16 17:59:00,AEVA
5.05,5.05,5.04,5.04,1940,2022-02-16 18:01:00,AEVA
5.03,5.035,5.03,5.035,300,2022-02-16 18:02:00,AEVA
5.035,5.035,5.02,5.025,2887,2022-02-16 18:04:00,AEVA
5.0295,5.0295,5.0295,5.0295,2900,2022-02-16 18:05:00,AEVA
5.0299,5.035,5.02,5.03,18635,2022-02-16 18:07:00,AEVA
5.0285,5.0285,5.0285,5.0285,200,2022-02-16 18:08:00,AEVA
5.025,5.025,5.025,5.025,100,2022-02-16 18:10:00,AEVA
5.025,5.025,5.02,5.025,2206,2022-02-16 18:11:00,AEVA
5.025,5.03,5.025,5.025,3181,2022-02-16 18:12:00,AEVA
5.0294,5.03,5.0294,5.03,450,2022-02-16 18:13:00,AEVA
5.03,5.03,5.03,5.03,1583,2022-02-16 18:14:00,AEVA
5.04,5.04,5.04,5.04,100,2022-02-16 18:15:00,AEVA
5.04,5.04,5.03,5.035,600,2022-02-16 18:16:00,AEVA
5.035,5.04,5.035,5.035,700,2022-02-16 18:17:00,AEVA
5.035,5.035,5.03,5.035,500,2022-02-16 18:18:00,AEVA
5.04,5.04,5.04,5.04,100,2022-02-16 18:19:00,AEVA
5.04,5.05,5.04,5.05,3188,2022-02-16 18:20:00,AEVA
5.045,5.05,5.04,5.045,900,2022-02-16 18:21:00,AEVA
5.05,5.05,5.05,5.05,100,2022-02-16 18:23:00,AEVA
5.05,5.05,5.05,5.05,100,2022-02-16 18:24:00,AEVA
5.0458,5.05,5.045,5.05,600,2022-02-16 18:25:00,AEVA
5.04,5.04,5.035,5.035,3673,2022-02-16 18:26:00,AEVA
5.04,5.04,5.03,5.03,1000,2022-02-16 18:27:00,AEVA
5.035,5.04,5.035,5.04,200,2022-02-16 18:28:00,AEVA
5.03,5.03,5.03,5.03,400,2022-02-16 18:30:00,AEVA
5.03,5.035,5.02,5.025,10341,2022-02-16 18:31:00,AEVA
5.02,5.03,5.02,5.025,8605,2022-02-16 18:32:00,AEVA
5.025,5.025,5.025,5.025,200,2022-02-16 18:33:00,AEVA
5.025,5.03,5.025,5.03,1232,2022-02-16 18:36:00,AEVA
5.02,5.025,5.02,5.025,300,2022-02-16 18:37:00,AEVA
5.03,5.03,5.025,5.03,500,2022-02-16 18:38:00,AEVA
5.02,5.02,5.02,5.02,300,2022-02-16 18:39:00,AEVA
5.025,5.025,5.02,5.02,2100,2022-02-16 18:40:00,AEVA
5.02,5.025,5.02,5.02,1100,2022-02-16 18:41:00,AEVA
5.02,5.03,5.02,5.0285,1000,2022-02-16 18:42:00,AEVA
5.02,5.03,5.015,5.02,17962,2022-02-16 18:43:00,AEVA
5.025,5.025,5.025,5.025,200,2022-02-16 18:44:00,AEVA
5.025,5.025,5.025,5.025,1200,2022-02-16 18:45:00,AEVA
5.025,5.035,5.025,5.035,11034,2022-02-16 18:46:00,AEVA
5.03,5.04,5.03,5.04,3756,2022-02-16 18:47:00,AEVA
5.035,5.035,5.035,5.035,300,2022-02-16 18:48:00,AEVA
5.035,5.04,5.035,5.04,200,2022-02-16 18:49:00,AEVA
5.04,5.045,5.04,5.045,4160,2022-02-16 18:50:00,AEVA
5.049,5.05,5.045,5.045,2762,2022-02-16 18:51:00,AEVA
5.045,5.045,5.045,5.045,400,2022-02-16 18:52:00,AEVA
5.05,5.05,5.045,5.045,500,2022-02-16 18:53:00,AEVA
5.05,5.05,5.04,5.04,900,2022-02-16 18:55:00,AEVA
5.05,5.05,5.045,5.045,1177,2022-02-16 18:57:00,AEVA
5.05,5.05,5.04,5.04,1000,2022-02-16 18:58:00,AEVA
5.045,5.045,5.03,5.03,3942,2022-02-16 18:59:00,AEVA
5.03,5.07,5.03,5.07,13712,2022-02-16 19:00:00,AEVA
5.075,5.085,5.07,5.07,5994,2022-02-16 19:01:00,AEVA
5.08,5.08,5.045,5.05,3317,2022-02-16 19:02:00,AEVA
5.05,5.055,5.02,5.035,59337,2022-02-16 19:03:00,AEVA
5.04,5.04,5.035,5.04,2386,2022-02-16 19:04:00,AEVA
5.04,5.04,5.035,5.035,2561,2022-02-16 19:05:00,AEVA
5.04,5.04,5.04,5.04,200,2022-02-16 19:06:00,AEVA
5.035,5.04,5.035,5.04,1347,2022-02-16 19:07:00,AEVA
5.035,5.05,5.035,5.04,7089,2022-02-16 19:08:00,AEVA
5.045,5.05,5.035,5.035,4100,2022-02-16 19:10:00,AEVA
5.035,5.04,5.035,5.04,2922,2022-02-16 19:11:00,AEVA
5.03,5.04,5.02,5.02,3918,2022-02-16 19:12:00,AEVA
5.025,5.03,5.02,5.02,5338,2022-02-16 19:13:00,AEVA
5.025,5.025,5.02,5.02,2300,2022-02-16 19:14:00,AEVA
5.03,5.03,5.03,5.03,6002,2022-02-16 19:15:00,AEVA
5.025,5.03,5.025,5.03,500,2022-02-16 19:16:00,AEVA
5.03,5.03,5.025,5.025,500,2022-02-16 19:17:00,AEVA
5.03,5.04,5.03,5.04,4370,2022-02-16 19:18:00,AEVA
5.04,5.05,5.04,5.05,4901,2022-02-16 19:19:00,AEVA
5.05,5.05,5.05,5.05,1000,2022-02-16 19:20:00,AEVA
5.05,5.07,5.05,5.07,3220,2022-02-16 19:21:00,AEVA
5.08,5.08,5.0785,5.08,1000,2022-02-16 19:23:00,AEVA
5.08,5.08,5.08,5.08,1101,2022-02-16 19:24:00,AEVA
5.08,5.085,5.08,5.085,1502,2022-02-16 19:25:00,AEVA
5.09,5.09,5.09,5.09,300,2022-02-16 19:26:00,AEVA
5.09,5.1,5.09,5.1,2800,2022-02-16 19:27:00,AEVA
5.1,5.1,5.1,5.1,200,2022-02-16 19:28:00,AEVA
5.1,5.1,5.0918,5.0918,700,2022-02-16 19:29:00,AEVA
5.1,5.11,5.0918,5.1,12740,2022-02-16 19:30:00,AEVA
5.1,5.1,5.1,5.1,200,2022-02-16 19:31:00,AEVA
5.1,5.1,5.095,5.1,12442,2022-02-16 19:32:00,AEVA
5.1,5.1,5.09,5.095,5700,2022-02-16 19:33:00,AEVA
5.1,5.1,5.095,5.095,300,2022-02-16 19:34:00,AEVA
5.095,5.095,5.08,5.0802,17923,2022-02-16 19:35:00,AEVA
5.085,5.085,5.08,5.08,2574,2022-02-16 19:36:00,AEVA
5.08,5.085,5.06,5.06,7627,2022-02-16 19:37:00,AEVA
5.065,5.065,5.06,5.06,1900,2022-02-16 19:38:00,AEVA
5.06,5.065,5.06,5.06,1000,2022-02-16 19:39:00,AEVA
5.065,5.065,5.06,5.06,1700,2022-02-16 19:40:00,AEVA
5.065,5.07,5.06,5.065,10130,2022-02-16 19:41:00,AEVA
5.065,5.07,5.065,5.07,7171,2022-02-16 19:42:00,AEVA
5.065,5.07,5.065,5.07,1200,2022-02-16 19:43:00,AEVA
5.07,5.07,5.065,5.065,200,2022-02-16 19:44:00,AEVA
5.07,5.07,5.07,5.07,100,2022-02-16 19:45:00,AEVA
5.065,5.065,5.065,5.065,300,2022-02-16 19:46:00,AEVA
5.065,5.07,5.055,5.055,16091,2022-02-16 19:47:00,AEVA
5.055,5.06,5.055,5.055,2800,2022-02-16 19:48:00,AEVA
5.06,5.065,5.055,5.065,4014,2022-02-16 19:49:00,AEVA
5.065,5.07,5.065,5.065,1241,2022-02-16 19:50:00,AEVA
5.065,5.065,5.065,5.065,200,2022-02-16 19:51:00,AEVA
5.07,5.08,5.07,5.08,4247,2022-02-16 19:52:00,AEVA
5.08,5.08,5.07,5.08,1100,2022-02-16 19:53:00,AEVA
5.08,5.1,5.075,5.1,23962,2022-02-16 19:54:00,AEVA
5.1,5.1,5.1,5.1,6954,2022-02-16 19:55:00,AEVA
5.1,5.1,5.1,5.1,2604,2022-02-16 19:56:00,AEVA
5.1,5.1,5.1,5.1,2284,2022-02-16 19:57:00,AEVA
5.1,5.11,5.1,5.11,5423,2022-02-16 19:58:00,AEVA
5.11,5.11,5.105,5.11,2100,2022-02-16 19:59:00,AEVA
5.11,5.11,5.105,5.11,1119,2022-02-16 20:00:00,AEVA
5.11,5.11,5.1,5.1,1052,2022-02-16 20:01:00,AEVA
5.11,5.11,5.105,5.11,2905,2022-02-16 20:02:00,AEVA
5.11,5.11,5.1,5.1,16823,2022-02-16 20:03:00,AEVA
5.105,5.11,5.1,5.105,1500,2022-02-16 20:04:00,AEVA
5.11,5.11,5.1,5.1,32309,2022-02-16 20:05:00,AEVA
5.1,5.1,5.095,5.095,13363,2022-02-16 20:06:00,AEVA
5.09,5.1,5.09,5.1,15734,2022-02-16 20:07:00,AEVA
5.1,5.105,5.1,5.105,8726,2022-02-16 20:08:00,AEVA
5.105,5.105,5.105,5.105,2600,2022-02-16 20:09:00,AEVA
5.105,5.11,5.1,5.11,11000,2022-02-16 20:10:00,AEVA
5.105,5.11,5.105,5.1087,2100,2022-02-16 20:11:00,AEVA
5.11,5.125,5.105,5.125,27434,2022-02-16 20:12:00,AEVA
5.13,5.13,5.12,5.125,1506,2022-02-16 20:13:00,AEVA
5.13,5.13,5.125,5.13,2000,2022-02-16 20:14:00,AEVA
5.127,5.13,5.12,5.125,7195,2022-02-16 20:15:00,AEVA
5.125,5.125,5.125,5.125,3100,2022-02-16 20:16:00,AEVA
5.1215,5.13,5.1215,5.125,11302,2022-02-16 20:17:00,AEVA
5.12,5.12,5.115,5.115,6753,2022-02-16 20:18:00,AEVA
5.115,5.115,5.11,5.115,5400,2022-02-16 20:19:00,AEVA
5.115,5.12,5.11,5.115,18225,2022-02-16 20:20:00,AEVA
5.115,5.12,5.115,5.12,1300,2022-02-16 20:21:00,AEVA
5.115,5.12,5.115,5.115,4400,2022-02-16 20:22:00,AEVA
5.1158,5.12,5.115,5.12,3488,2022-02-16 20:23:00,AEVA
5.115,5.115,5.115,5.115,7500,2022-02-16 20:24:00,AEVA
5.12,5.12,5.115,5.115,7064,2022-02-16 20:25:00,AEVA
5.12,5.12,5.11,5.12,3617,2022-02-16 20:26:00,AEVA
5.115,5.12,5.11,5.115,4900,2022-02-16 20:27:00,AEVA
5.115,5.115,5.1,5.11,40056,2022-02-16 20:28:00,AEVA
5.115,5.125,5.115,5.12,11831,2022-02-16 20:29:00,AEVA
5.125,5.13,5.12,5.125,1600,2022-02-16 20:30:00,AEVA
5.125,5.13,5.125,5.13,3555,2022-02-16 20:31:00,AEVA
5.125,5.1282,5.115,5.115,9898,2022-02-16 20:32:00,AEVA
5.115,5.115,5.11,5.115,7447,2022-02-16 20:33:00,AEVA
5.11,5.11,5.09,5.095,20584,2022-02-16 20:34:00,AEVA
5.095,5.1,5.09,5.09,10304,2022-02-16 20:35:00,AEVA
5.09,5.09,5.08,5.08,7349,2022-02-16 20:36:00,AEVA
5.085,5.09,5.08,5.08,5200,2022-02-16 20:37:00,AEVA
5.09,5.09,5.07,5.07,12070,2022-02-16 20:38:00,AEVA
5.07,5.075,5.06,5.065,15974,2022-02-16 20:39:00,AEVA
5.065,5.07,5.06,5.065,36835,2022-02-16 20:40:00,AEVA
5.06,5.06,5.05,5.055,7483,2022-02-16 20:41:00,AEVA
5.055,5.0585,5.045,5.055,18462,2022-02-16 20:42:00,AEVA
5.055,5.055,5.055,5.055,2700,2022-02-16 20:43:00,AEVA
5.05,5.05,5.045,5.045,13772,2022-02-16 20:44:00,AEVA
5.045,5.085,5.045,5.075,37103,2022-02-16 20:45:00,AEVA
5.075,5.08,5.0721,5.08,1700,2022-02-16 20:46:00,AEVA
5.075,5.08,5.075,5.075,2503,2022-02-16 20:47:00,AEVA
5.075,5.08,5.075,5.08,17060,2022-02-16 20:48:00,AEVA
5.08,5.08,5.075,5.075,4000,2022-02-16 20:49:00,AEVA
5.08,5.08,5.07,5.075,23340,2022-02-16 20:50:00,AEVA
5.075,5.08,5.075,5.075,6085,2022-02-16 20:51:00,AEVA
5.07,5.08,5.07,5.075,15245,2022-02-16 20:52:00,AEVA
5.08,5.08,5.075,5.08,15739,2022-02-16 20:53:00,AEVA
5.08,5.08,5.06,5.06,27250,2022-02-16 20:54:00,AEVA
5.065,5.07,5.05,5.06,22436,2022-02-16 20:55:00,AEVA
5.06,5.06,5.04,5.05,43870,2022-02-16 20:56:00,AEVA
5.045,5.05,5.04,5.045,15075,2022-02-16 20:57:00,AEVA
5.05,5.05,5.04,5.04,21400,2022-02-16 20:58:00,AEVA
5.045,5.05,5.03,5.03,124358,2022-02-16 20:59:00,AEVA
5.03,5.03,5.03,5.03,180154,2022-02-16 21:00:00,AEVA
5.03,5.03,5.03,5.03,781,2022-02-16 21:01:00,AEVA
5.03,5.03,5.03,5.03,4268,2022-02-16 21:49:00,AEVA
5.09,5.09,5.09,5.09,2000,2022-02-17 00:33:00,AEVA
5.06,5.06,5.06,5.06,500,2022-02-17 12:00:00,AEVA
5.08,5.08,5.08,5.08,100,2022-02-17 12:43:00,AEVA
5.07,5.07,5.07,5.07,100,2022-02-17 13:00:00,AEVA
5.06,5.06,5.06,5.06,100,2022-02-17 13:47:00,AEVA
5.06,5.06,5.06,5.06,694,2022-02-17 13:48:00,AEVA
5.05,5.05,5.05,5.05,400,2022-02-17 13:58:00,AEVA
5.06,5.06,5.05,5.05,5522,2022-02-17 14:23:00,AEVA
5.0,5.03,4.96,4.9998,23615,2022-02-17 14:30:00,AEVA
4.9848,5.02,4.9848,5.02,5159,2022-02-17 14:31:00,AEVA
5.03,5.05,5.03,5.05,1728,2022-02-17 14:32:00,AEVA
5.0468,5.09,5.0468,5.05,4014,2022-02-17 14:33:00,AEVA
5.059,5.06,5.059,5.06,595,2022-02-17 14:34:00,AEVA
5.05,5.055,5.03,5.03,1609,2022-02-17 14:35:00,AEVA
5.04,5.04,5.025,5.025,2457,2022-02-17 14:36:00,AEVA
5.02,5.02,5.02,5.02,2913,2022-02-17 14:37:00,AEVA
5.02,5.03,5.01,5.01,4015,2022-02-17 14:38:00,AEVA
5.01,5.02,5.0,5.02,9028,2022-02-17 14:39:00,AEVA
5.02,5.02,4.98,4.98,5528,2022-02-17 14:40:00,AEVA
4.985,4.99,4.985,4.99,900,2022-02-17 14:41:00,AEVA
4.99,5.005,4.98,5.0,3688,2022-02-17 14:42:00,AEVA
5.0,5.0101,5.0,5.01,5373,2022-02-17 14:43:00,AEVA
5.015,5.015,5.01,5.015,1300,2022-02-17 14:44:00,AEVA
5.015,5.015,5.0076,5.0076,800,2022-02-17 14:45:00,AEVA
5.0,5.0,4.955,4.96,5074,2022-02-17 14:46:00,AEVA
4.95,4.955,4.94,4.95,2258,2022-02-17 14:47:00,AEVA
4.95,4.95,4.9385,4.9385,855,2022-02-17 14:48:00,AEVA
4.94,4.96,4.94,4.955,3625,2022-02-17 14:49:00,AEVA
4.96,4.975,4.96,4.975,671,2022-02-17 14:50:00,AEVA
4.98,4.98,4.97,4.97,1375,2022-02-17 14:51:00,AEVA
4.97,4.97,4.97,4.97,1300,2022-02-17 14:52:00,AEVA
4.97,4.97,4.9639,4.9639,356,2022-02-17 14:53:00,AEVA
4.97,4.97,4.97,4.97,1991,2022-02-17 14:54:00,AEVA
4.97,4.98,4.97,4.98,812,2022-02-17 14:55:00,AEVA
4.98,4.98,4.98,4.98,1572,2022-02-17 14:56:00,AEVA
4.98,4.985,4.98,4.985,801,2022-02-17 14:57:00,AEVA
4.985,4.99,4.98,4.98,904,2022-02-17 14:58:00,AEVA
4.9799,4.9799,4.975,4.975,200,2022-02-17 14:59:00,AEVA
4.97,4.975,4.96,4.96,1988,2022-02-17 15:00:00,AEVA
4.97,4.99,4.965,4.99,4678,2022-02-17 15:01:00,AEVA
4.99,5.0,4.99,4.995,5103,2022-02-17 15:02:00,AEVA
4.995,5.005,4.99,4.99,6504,2022-02-17 15:03:00,AEVA
4.99,4.99,4.99,4.99,323,2022-02-17 15:04:00,AEVA
5.0,5.0,5.0,5.0,100,2022-02-17 15:05:00,AEVA
5.0,5.0,4.99,4.99,7513,2022-02-17 15:06:00,AEVA
5.0,5.005,5.0,5.005,2683,2022-02-17 15:07:00,AEVA
5.01,5.015,5.01,5.015,4764,2022-02-17 15:08:00,AEVA
5.0101,5.0101,4.985,4.985,14366,2022-02-17 15:09:00,AEVA
4.99,4.995,4.99,4.99,3937,2022-02-17 15:10:00,AEVA
4.99,4.995,4.99,4.995,400,2022-02-17 15:11:00,AEVA
4.99,4.995,4.985,4.99,6126,2022-02-17 15:12:00,AEVA
4.98,4.9855,4.98,4.9855,500,2022-02-17 15:13:00,AEVA
4.98,4.985,4.98,4.985,4203,2022-02-17 15:14:00,AEVA
4.99,4.995,4.99,4.995,904,2022-02-17 15:15:00,AEVA
4.99,4.99,4.985,4.985,1566,2022-02-17 15:16:00,AEVA
4.985,4.985,4.98,4.98,860,2022-02-17 15:17:00,AEVA
4.98,4.985,4.97,4.975,3899,2022-02-17 15:18:00,AEVA
4.97,4.97,4.96,4.965,3986,2022-02-17 15:19:00,AEVA
4.96,4.96,4.945,4.945,6717,2022-02-17 15:20:00,AEVA
4.94,4.94,4.93,4.935,1833,2022-02-17 15:21:00,AEVA
4.935,4.94,4.935,4.94,1358,2022-02-17 15:22:00,AEVA
4.94,4.94,4.935,4.935,474,2022-02-17 15:23:00,AEVA
4.935,4.935,4.92,4.92,1613,2022-02-17 15:24:00,AEVA
4.92,4.925,4.9,4.91,2366,2022-02-17 15:25:00,AEVA
4.91,4.915,4.91,4.915,446,2022-02-17 15:26:00,AEVA
4.91,4.91,4.91,4.91,100,2022-02-17 15:27:00,AEVA
4.915,4.915,4.905,4.905,1004,2022-02-17 15:28:00,AEVA
4.905,4.905,4.905,4.905,100,2022-02-17 15:29:00,AEVA
4.905,4.91,4.895,4.91,5925,2022-02-17 15:30:00,AEVA
4.92,4.935,4.915,4.935,2859,2022-02-17 15:31:00,AEVA
4.93,4.93,4.93,4.93,400,2022-02-17 15:32:00,AEVA
4.9322,4.935,4.9322,4.935,322,2022-02-17 15:33:00,AEVA
4.93,4.93,4.93,4.93,1648,2022-02-17 15:34:00,AEVA
4.93,4.93,4.925,4.9299,1100,2022-02-17 15:35:00,AEVA
4.93,4.945,4.93,4.945,2283,2022-02-17 15:36:00,AEVA
4.94,4.94,4.93,4.93,2218,2022-02-17 15:37:00,AEVA
4.92,4.92,4.92,4.92,200,2022-02-17 15:38:00,AEVA
4.92,4.92,4.9107,4.9117,2261,2022-02-17 15:39:00,AEVA
4.915,4.915,4.9035,4.91,1600,2022-02-17 15:40:00,AEVA
4.91,4.91,4.91,4.91,6094,2022-02-17 15:41:00,AEVA
4.915,4.915,4.915,4.915,200,2022-02-17 15:42:00,AEVA
4.91,4.91,4.91,4.91,100,2022-02-17 15:43:00,AEVA
4.92,4.9284,4.9199,4.9284,4810,2022-02-17 15:44:00,AEVA
4.925,4.925,4.91,4.91,5887,2022-02-17 15:45:00,AEVA
4.9,4.909,4.89,4.9,4790,2022-02-17 15:46:00,AEVA
4.895,4.895,4.89,4.89,700,2022-02-17 15:47:00,AEVA
4.88,4.88,4.87,4.8709,5594,2022-02-17 15:49:00,AEVA
4.875,4.875,4.87,4.87,220,2022-02-17 15:50:00,AEVA
4.87,4.87,4.865,4.865,1583,2022-02-17 15:51:00,AEVA
4.87,4.88,4.87,4.88,3966,2022-02-17 15:52:00,AEVA
4.885,4.885,4.885,4.885,223,2022-02-17 15:53:00,AEVA
4.885,4.885,4.885,4.885,300,2022-02-17 15:54:00,AEVA
4.8858,4.9,4.8858,4.89,1400,2022-02-17 15:55:00,AEVA
4.89,4.895,4.89,4.895,551,2022-02-17 15:56:00,AEVA
4.895,4.895,4.895,4.895,100,2022-02-17 15:59:00,AEVA
4.89,4.89,4.89,4.89,1885,2022-02-17 16:00:00,AEVA
4.89,4.89,4.89,4.89,1964,2022-02-17 16:01:00,AEVA
4.89,4.89,4.88,4.88,1771,2022-02-17 16:03:00,AEVA
4.885,4.885,4.885,4.885,100,2022-02-17 16:04:00,AEVA
4.885,4.895,4.885,4.895,1412,2022-02-17 16:05:00,AEVA
4.895,4.9,4.895,4.9,200,2022-02-17 16:06:00,AEVA
4.9,4.905,4.9,4.905,1073,2022-02-17 16:07:00,AEVA
4.905,4.905,4.905,4.905,100,2022-02-17 16:08:00,AEVA
4.905,4.905,4.905,4.905,100,2022-02-17 16:09:00,AEVA
4.905,4.915,4.905,4.915,1765,2022-02-17 16:10:00,AEVA
4.9176,4.9176,4.9176,4.9176,100,2022-02-17 16:11:00,AEVA
4.92,4.92,4.92,4.92,100,2022-02-17 16:12:00,AEVA
4.92,4.93,4.92,4.925,1713,2022-02-17 16:13:00,AEVA
4.925,4.925,4.92,4.925,2333,2022-02-17 16:14:00,AEVA
4.92,4.92,4.92,4.92,2023,2022-02-17 16:15:00,AEVA
4.91,4.915,4.9,4.9,3550,2022-02-17 16:16:00,AEVA
4.9,4.9,4.895,4.9,1841,2022-02-17 16:17:00,AEVA
4.905,4.915,4.905,4.905,2000,2022-02-17 16:18:00,AEVA
4.905,4.91,4.905,4.907,4500,2022-02-17 16:20:00,AEVA
4.91,4.91,4.908,4.908,800,2022-02-17 16:21:00,AEVA
4.9099,4.92,4.9099,4.92,1879,2022-02-17 16:22:00,AEVA
4.92,4.93,4.92,4.9286,2333,2022-02-17 16:23:00,AEVA
4.93,4.93,4.9288,4.93,3400,2022-02-17 16:24:00,AEVA
4.928,4.94,4.928,4.94,4247,2022-02-17 16:25:00,AEVA
4.95,4.95,4.9499,4.95,1000,2022-02-17 16:26:00,AEVA
4.95,4.96,4.95,4.96,1702,2022-02-17 16:27:00,AEVA
4.96,4.96,4.95,4.95,6876,2022-02-17 16:28:00,AEVA
4.945,4.95,4.94,4.94,4132,2022-02-17 16:29:00,AEVA
4.95,4.95,4.94,4.94,2900,2022-02-17 16:30:00,AEVA
4.9303,4.9303,4.9303,4.9303,700,2022-02-17 16:31:00,AEVA
4.93,4.935,4.93,4.93,1700,2022-02-17 16:33:00,AEVA
4.925,4.925,4.925,4.925,300,2022-02-17 16:35:00,AEVA
4.925,4.93,4.92,4.93,1494,2022-02-17 16:36:00,AEVA
4.92,4.92,4.915,4.915,3145,2022-02-17 16:37:00,AEVA
4.91,4.92,4.905,4.905,3763,2022-02-17 16:39:00,AEVA
4.9,4.9,4.89,4.895,1691,2022-02-17 16:41:00,AEVA
4.8984,4.9,4.8984,4.9,300,2022-02-17 16:42:00,AEVA
4.89,4.9,4.89,4.9,932,2022-02-17 16:43:00,AEVA
4.9,4.905,4.895,4.895,2050,2022-02-17 16:44:00,AEVA
4.89,4.89,4.89,4.89,150,2022-02-17 16:45:00,AEVA
4.895,4.895,4.885,4.89,2465,2022-02-17 16:48:00,AEVA
4.885,4.9,4.885,4.9,1200,2022-02-17 16:49:00,AEVA
4.9,4.905,4.9,4.905,771,2022-02-17 16:50:00,AEVA
4.9,4.9,4.895,4.895,900,2022-02-17 16:51:00,AEVA
4.89,4.89,4.89,4.89,1615,2022-02-17 16:52:00,AEVA
4.8818,4.8818,4.8818,4.8818,300,2022-02-17 16:54:00,AEVA
4.89,4.89,4.8801,4.8801,300,2022-02-17 16:56:00,AEVA
4.88,4.89,4.88,4.89,976,2022-02-17 16:57:00,AEVA
4.88,4.8823,4.875,4.88,6118,2022-02-17 16:58:00,AEVA
4.871,4.88,4.871,4.875,2076,2022-02-17 16:59:00,AEVA
4.875,4.875,4.87,4.87,835,2022-02-17 17:01:00,AEVA
4.88,4.89,4.879,4.89,3395,2022-02-17 17:02:00,AEVA
4.885,4.885,4.8748,4.8748,5221,2022-02-17 17:03:00,AEVA
4.88,4.88,4.88,4.88,1300,2022-02-17 17:04:00,AEVA
4.88,4.88,4.88,4.88,200,2022-02-17 17:06:00,AEVA
4.88,4.88,4.87,4.88,7511,2022-02-17 17:07:00,AEVA
4.87,4.87,4.865,4.865,2574,2022-02-17 17:08:00,AEVA
4.865,4.87,4.865,4.865,1772,2022-02-17 17:09:00,AEVA
4.87,4.88,4.865,4.865,4052,2022-02-17 17:11:00,AEVA
4.865,4.865,4.865,4.865,300,2022-02-17 17:13:00,AEVA
4.86,4.87,4.86,4.87,3904,2022-02-17 17:14:00,AEVA
4.875,4.875,4.875,4.875,100,2022-02-17 17:15:00,AEVA
4.875,4.875,4.87,4.87,360,2022-02-17 17:16:00,AEVA
4.875,4.885,4.86,4.8601,40236,2022-02-17 17:17:00,AEVA
4.87,4.87,4.87,4.87,600,2022-02-17 17:18:00,AEVA
4.87,4.87,4.87,4.87,200,2022-02-17 17:19:00,AEVA
4.87,4.87,4.87,4.87,567,2022-02-17 17:20:00,AEVA
4.88,4.89,4.88,4.8805,5547,2022-02-17 17:21:00,AEVA
4.89,4.9,4.89,4.895,2728,2022-02-17 17:23:00,AEVA
4.9,4.9,4.895,4.9,5489,2022-02-17 17:24:00,AEVA
4.91,4.91,4.91,4.91,400,2022-02-17 17:25:00,AEVA
4.91,4.91,4.91,4.91,400,2022-02-17 17:27:00,AEVA
4.9,4.91,4.9,4.9,960,2022-02-17 17:28:00,AEVA
4.9099,4.91,4.9099,4.91,610,2022-02-17 17:29:00,AEVA
4.905,4.905,4.9,4.905,2403,2022-02-17 17:30:00,AEVA
4.905,4.905,4.9,4.905,1100,2022-02-17 17:31:00,AEVA
4.91,4.925,4.905,4.925,1482,2022-02-17 17:32:00,AEVA
4.92,4.93,4.92,4.92,2300,2022-02-17 17:33:00,AEVA
4.92,4.94,4.92,4.94,6252,2022-02-17 17:34:00,AEVA
4.94,4.97,4.94,4.97,28306,2022-02-17 17:35:00,AEVA
4.97,4.97,4.96,4.96,5279,2022-02-17 17:36:00,AEVA
4.96,4.96,4.96,4.96,100,2022-02-17 17:37:00,AEVA
4.955,4.955,4.945,4.945,3948,2022-02-17 17:40:00,AEVA
4.95,4.95,4.95,4.95,866,2022-02-17 17:41:00,AEVA
4.955,4.955,4.95,4.95,1486,2022-02-17 17:42:00,AEVA
4.96,4.96,4.95,4.955,1383,2022-02-17 17:43:00,AEVA
4.955,4.955,4.955,4.955,400,2022-02-17 17:44:00,AEVA
4.9545,4.9545,4.9545,4.9545,100,2022-02-17 17:45:00,AEVA
4.9584,4.9584,4.95,4.95,5474,2022-02-17 17:46:00,AEVA
4.95,4.95,4.945,4.945,1074,2022-02-17 17:47:00,AEVA
4.94,4.94,4.93,4.93,4252,2022-02-17 17:48:00,AEVA
4.94,4.95,4.94,4.95,3196,2022-02-17 17:49:00,AEVA
4.945,4.945,4.9401,4.9401,1610,2022-02-17 17:50:00,AEVA
4.945,4.945,4.945,4.945,100,2022-02-17 17:51:00,AEVA
4.945,4.955,4.94,4.955,3018,2022-02-17 17:52:00,AEVA
4.955,4.955,4.95,4.95,2261,2022-02-17 17:53:00,AEVA
4.95,4.9686,4.95,4.9686,4624,2022-02-17 17:54:00,AEVA
4.965,4.965,4.965,4.965,300,2022-02-17 17:55:00,AEVA
4.965,4.965,4.96,4.96,4513,2022-02-17 17:56:00,AEVA
4.955,4.955,4.955,4.955,200,2022-02-17 17:57:00,AEVA
4.955,4.965,4.955,4.96,2855,2022-02-17 17:58:00,AEVA
4.96,4.96,4.96,4.96,1921,2022-02-17 17:59:00,AEVA
4.96,4.96,4.957,4.957,2830,2022-02-17 18:00:00,AEVA
4.96,4.96,4.96,4.96,800,2022-02-17 18:01:00,AEVA
4.965,4.965,4.96,4.965,1626,2022-02-17 18:02:00,AEVA
4.96,4.96,4.95,4.955,3177,2022-02-17 18:03:00,AEVA
4.95,4.95,4.945,4.95,3423,2022-02-17 18:04:00,AEVA
4.95,4.95,4.95,4.95,600,2022-02-17 18:05:00,AEVA
4.95,4.965,4.95,4.965,2155,2022-02-17 18:06:00,AEVA
4.96,4.96,4.95,4.9501,1979,2022-02-17 18:07:00,AEVA
4.95,4.955,4.95,4.955,300,2022-02-17 18:08:00,AEVA
4.955,4.955,4.945,4.945,5100,2022-02-17 18:09:00,AEVA
4.94,4.94,4.935,4.935,3032,2022-02-17 18:10:00,AEVA
4.93,4.93,4.92,4.93,1612,2022-02-17 18:11:00,AEVA
4.92,4.92,4.92,4.92,403,2022-02-17 18:12:00,AEVA
4.92,4.92,4.92,4.92,733,2022-02-17 18:13:00,AEVA
4.915,4.92,4.91,4.91,2843,2022-02-17 18:15:00,AEVA
4.91,4.91,4.905,4.9085,1072,2022-02-17 18:16:00,AEVA
4.91,4.915,4.91,4.91,904,2022-02-17 18:17:00,AEVA
4.91,4.9108,4.91,4.91,2061,2022-02-17 18:18:00,AEVA
4.9,4.9,4.895,4.895,4216,2022-02-17 18:19:00,AEVA
4.9,4.9023,4.9,4.9023,1365,2022-02-17 18:20:00,AEVA
4.9,4.905,4.89,4.89,5325,2022-02-17 18:21:00,AEVA
4.885,4.8886,4.88,4.8886,1341,2022-02-17 18:23:00,AEVA
4.88,4.88,4.88,4.88,1442,2022-02-17 18:24:00,AEVA
4.88,4.88,4.88,4.88,526,2022-02-17 18:25:00,AEVA
4.88,4.88,4.875,4.875,3987,2022-02-17 18:26:00,AEVA
4.88,4.88,4.88,4.88,1610,2022-02-17 18:27:00,AEVA
4.88,4.88,4.88,4.88,685,2022-02-17 18:28:00,AEVA
4.88,4.88,4.88,4.88,1400,2022-02-17 18:29:00,AEVA
4.89,4.89,4.89,4.89,400,2022-02-17 18:30:00,AEVA
4.89,4.9,4.89,4.9,3520,2022-02-17 18:31:00,AEVA
4.905,4.905,4.9,4.9,1458,2022-02-17 18:32:00,AEVA
4.9,4.9,4.9,4.9,5057,2022-02-17 18:33:00,AEVA
4.9,4.91,4.895,4.895,4141,2022-02-17 18:37:00,AEVA
4.89,4.89,4.89,4.89,1998,2022-02-17 18:38:00,AEVA
4.89,4.89,4.885,4.885,1064,2022-02-17 18:39:00,AEVA
4.8885,4.8899,4.8885,4.8899,1300,2022-02-17 18:41:00,AEVA
4.8897,4.8897,4.8897,4.8897,200,2022-02-17 18:42:00,AEVA
4.89,4.89,4.89,4.89,2970,2022-02-17 18:43:00,AEVA
4.88,4.88,4.88,4.88,500,2022-02-17 18:44:00,AEVA
4.885,4.885,4.885,4.885,3600,2022-02-17 18:45:00,AEVA
4.885,4.885,4.88,4.88,3673,2022-02-17 18:46:00,AEVA
4.88,4.88,4.88,4.88,1280,2022-02-17 18:47:00,AEVA
4.88,4.885,4.88,4.88,1674,2022-02-17 18:48:00,AEVA
4.88,4.88,4.88,4.88,1051,2022-02-17 18:49:00,AEVA
4.88,4.88,4.88,4.88,481,2022-02-17 18:50:00,AEVA
4.88,4.88,4.88,4.88,468,2022-02-17 18:51:00,AEVA
4.885,4.885,4.885,4.885,100,2022-02-17 18:52:00,AEVA
4.885,4.885,4.881,4.881,500,2022-02-17 18:53:00,AEVA
4.89,4.9,4.89,4.9,2387,2022-02-17 18:54:00,AEVA
4.899,4.915,4.895,4.915,4520,2022-02-17 18:57:00,AEVA
4.91,4.915,4.905,4.905,5284,2022-02-17 18:58:00,AEVA
4.9,4.9,4.9,4.9,1200,2022-02-17 18:59:00,AEVA
4.9099,4.9099,4.9099,4.9099,100,2022-02-17 19:00:00,AEVA
4.9,4.9,4.9,4.9,2895,2022-02-17 19:01:00,AEVA
4.895,4.895,4.895,4.895,200,2022-02-17 19:02:00,AEVA
4.895,4.897,4.89,4.897,1348,2022-02-17 19:04:00,AEVA
4.89,4.89,4.89,4.89,2207,2022-02-17 19:05:00,AEVA
4.885,4.885,4.885,4.885,100,2022-02-17 19:06:00,AEVA
4.8869,4.8869,4.8869,4.8869,200,2022-02-17 19:08:00,AEVA
4.88,4.89,4.88,4.885,1200,2022-02-17 19:09:00,AEVA
4.88,4.88,4.88,4.88,880,2022-02-17 19:10:00,AEVA
4.885,4.885,4.885,4.885,291,2022-02-17 19:11:00,AEVA
4.88,4.885,4.87,4.87,4965,2022-02-17 19:12:00,AEVA
4.88,4.885,4.88,4.885,2298,2022-02-17 19:13:00,AEVA
4.88,4.885,4.88,4.8801,5838,2022-02-17 19:14:00,AEVA
4.88,4.885,4.88,4.885,1139,2022-02-17 19:16:00,AEVA
4.881,4.881,4.88,4.88,9630,2022-02-17 19:17:00,AEVA
4.88,4.88,4.88,4.88,2004,2022-02-17 19:18:00,AEVA
4.88,4.88,4.88,4.88,200,2022-02-17 19:21:00,AEVA
4.8803,4.885,4.88,4.88,1817,2022-02-17 19:22:00,AEVA
4.88,4.885,4.875,4.885,2911,2022-02-17 19:23:00,AEVA
4.875,4.875,4.87,4.87,200,2022-02-17 19:24:00,AEVA
4.87,4.8799,4.87,4.875,2266,2022-02-17 19:25:00,AEVA
4.875,4.875,4.875,4.875,315,2022-02-17 19:26:00,AEVA
4.87,4.87,4.87,4.87,100,2022-02-17 19:27:00,AEVA
4.88,4.88,4.88,4.88,100,2022-02-17 19:28:00,AEVA
4.88,4.89,4.875,4.88,7450,2022-02-17 19:29:00,AEVA
4.885,4.885,4.875,4.8785,2243,2022-02-17 19:30:00,AEVA
4.8782,4.8782,4.8782,4.8782,100,2022-02-17 19:31:00,AEVA
4.87,4.87,4.865,4.865,1848,2022-02-17 19:32:00,AEVA
4.86,4.86,4.86,4.86,751,2022-02-17 19:33:00,AEVA
4.86,4.86,4.86,4.86,100,2022-02-17 19:35:00,AEVA
4.865,4.865,4.85,4.855,3046,2022-02-17 19:36:00,AEVA
4.86,4.86,4.86,4.86,3173,2022-02-17 19:37:00,AEVA
4.86,4.86,4.86,4.86,3168,2022-02-17 19:38:00,AEVA
4.855,4.855,4.855,4.855,200,2022-02-17 19:40:00,AEVA
4.86,4.865,4.86,4.865,1814,2022-02-17 19:42:00,AEVA
4.865,4.865,4.855,4.8599,2926,2022-02-17 19:43:00,AEVA
4.85,4.855,4.85,4.85,500,2022-02-17 19:44:00,AEVA
4.85,4.8599,4.85,4.855,9489,2022-02-17 19:45:00,AEVA
4.85,4.85,4.85,4.85,100,2022-02-17 19:46:00,AEVA
4.85,4.85,4.845,4.845,2852,2022-02-17 19:47:00,AEVA
4.85,4.855,4.845,4.855,11950,2022-02-17 19:48:00,AEVA
4.85,4.85,4.85,4.85,156,2022-02-17 19:50:00,AEVA
4.8587,4.86,4.85,4.86,1064,2022-02-17 19:52:00,AEVA
4.8599,4.8599,4.8599,4.8599,700,2022-02-17 19:53:00,AEVA
4.86,4.865,4.86,4.865,2872,2022-02-17 19:55:00,AEVA
4.865,4.865,4.86,4.86,600,2022-02-17 19:56:00,AEVA
4.865,4.865,4.86,4.86,591,2022-02-17 19:57:00,AEVA
4.865,4.865,4.85,4.85,6767,2022-02-17 19:58:00,AEVA
4.845,4.845,4.845,4.845,100,2022-02-17 20:00:00,AEVA
4.845,4.845,4.84,4.845,1232,2022-02-17 20:01:00,AEVA
4.84,4.845,4.84,4.845,702,2022-02-17 20:02:00,AEVA
4.84,4.84,4.825,4.825,13574,2022-02-17 20:03:00,AEVA
4.822,4.822,4.822,4.822,100,2022-02-17 20:04:00,AEVA
4.825,4.825,4.825,4.825,100,2022-02-17 20:05:00,AEVA
4.82,4.83,4.82,4.83,639,2022-02-17 20:06:00,AEVA
4.83,4.83,4.825,4.825,300,2022-02-17 20:07:00,AEVA
4.825,4.825,4.825,4.825,389,2022-02-17 20:08:00,AEVA
4.825,4.825,4.825,4.825,2266,2022-02-17 20:09:00,AEVA
4.825,4.825,4.815,4.82,7976,2022-02-17 20:10:00,AEVA
4.825,4.84,4.825,4.84,3129,2022-02-17 20:11:00,AEVA
4.8384,4.845,4.8384,4.845,2070,2022-02-17 20:12:00,AEVA
4.845,4.845,4.84,4.845,1143,2022-02-17 20:13:00,AEVA
4.84,4.84,4.82,4.82,6538,2022-02-17 20:14:00,AEVA
4.82,4.82,4.82,4.82,200,2022-02-17 20:15:00,AEVA
4.82,4.825,4.82,4.825,200,2022-02-17 20:16:00,AEVA
4.82,4.82,4.82,4.82,100,2022-02-17 20:17:00,AEVA
4.8289,4.8289,4.82,4.825,700,2022-02-17 20:18:00,AEVA
4.82,4.8301,4.82,4.8301,3600,2022-02-17 20:19:00,AEVA
4.83,4.85,4.83,4.845,10048,2022-02-17 20:20:00,AEVA
4.85,4.85,4.845,4.845,600,2022-02-17 20:21:00,AEVA
4.845,4.845,4.845,4.845,300,2022-02-17 20:23:00,AEVA
4.8482,4.8482,4.8482,4.8482,100,2022-02-17 20:24:00,AEVA
4.8487,4.85,4.8487,4.85,700,2022-02-17 20:25:00,AEVA
4.845,4.845,4.845,4.845,100,2022-02-17 20:26:00,AEVA
4.84,4.84,4.835,4.835,8674,2022-02-17 20:27:00,AEVA
4.8399,4.84,4.8314,4.8314,1545,2022-02-17 20:28:00,AEVA
4.835,4.835,4.83,4.83,1838,2022-02-17 20:29:00,AEVA
4.83,4.835,4.83,4.835,900,2022-02-17 20:30:00,AEVA
4.84,4.84,4.83,4.84,1227,2022-02-17 20:31:00,AEVA
4.83,4.83,4.825,4.825,2644,2022-02-17 20:32:00,AEVA
4.8219,4.8219,4.81,4.81,7910,2022-02-17 20:33:00,AEVA
4.805,4.8173,4.805,4.8173,2575,2022-02-17 20:34:00,AEVA
4.815,4.815,4.81,4.81,939,2022-02-17 20:35:00,AEVA
4.82,4.82,4.81,4.81,800,2022-02-17 20:37:00,AEVA
4.82,4.825,4.815,4.825,3999,2022-02-17 20:38:00,AEVA
4.83,4.84,4.83,4.84,2200,2022-02-17 20:39:00,AEVA
4.83,4.83,4.825,4.83,1700,2022-02-17 20:40:00,AEVA
4.825,4.83,4.825,4.83,1371,2022-02-17 20:43:00,AEVA
4.83,4.84,4.83,4.835,4901,2022-02-17 20:44:00,AEVA
4.835,4.84,4.835,4.835,811,2022-02-17 20:45:00,AEVA
4.835,4.8385,4.835,4.8385,201,2022-02-17 20:46:00,AEVA
4.84,4.84,4.84,4.84,700,2022-02-17 20:47:00,AEVA
4.835,4.84,4.835,4.84,400,2022-02-17 20:48:00,AEVA
4.84,4.85,4.835,4.85,4625,2022-02-17 20:49:00,AEVA
4.845,4.845,4.825,4.83,27435,2022-02-17 20:50:00,AEVA
4.8336,4.835,4.83,4.835,2643,2022-02-17 20:51:00,AEVA
4.83,4.835,4.83,4.83,3220,2022-02-17 20:52:00,AEVA
4.835,4.835,4.83,4.835,1947,2022-02-17 20:53:00,AEVA
4.835,4.84,4.83,4.835,3610,2022-02-17 20:54:00,AEVA
4.835,4.855,4.835,4.855,18630,2022-02-17 20:55:00,AEVA
4.85,4.85,4.825,4.825,11221,2022-02-17 20:56:00,AEVA
4.825,4.83,4.82,4.82,3625,2022-02-17 20:57:00,AEVA
4.825,4.83,4.82,4.83,6341,2022-02-17 20:58:00,AEVA
4.825,4.8295,4.81,4.81,14356,2022-02-17 20:59:00,AEVA
4.82,4.82,4.82,4.82,93020,2022-02-17 21:00:00,AEVA
4.82,4.82,4.82,4.82,1989,2022-02-17 21:48:00,AEVA
4.81,4.81,4.81,4.81,385,2022-02-17 23:35:00,AEVA
5.06,5.06,5.06,5.06,100,2022-02-18 00:08:00,AEVA
4.86,4.86,4.86,4.86,200,2022-02-18 13:25:00,AEVA
4.85,4.85,4.85,4.85,600,2022-02-18 13:26:00,AEVA
4.85,4.85,4.85,4.85,100,2022-02-18 14:06:00,AEVA
4.8,4.8,4.8,4.8,500,2022-02-18 14:21:00,AEVA
4.78,4.85,4.77,4.83,34935,2022-02-18 14:30:00,AEVA
4.78,4.7887,4.78,4.7887,1697,2022-02-18 14:31:00,AEVA
4.81,4.81,4.8,4.81,3933,2022-02-18 14:32:00,AEVA
4.78,4.815,4.78,4.815,2905,2022-02-18 14:33:00,AEVA
4.8,4.8,4.8,4.8,100,2022-02-18 14:34:00,AEVA
4.79,4.79,4.77,4.77,1084,2022-02-18 14:35:00,AEVA
4.755,4.775,4.755,4.775,2761,2022-02-18 14:36:00,AEVA
4.78,4.8,4.78,4.78,5691,2022-02-18 14:37:00,AEVA
4.78,4.78,4.77,4.78,600,2022-02-18 14:38:00,AEVA
4.78,4.79,4.775,4.79,2620,2022-02-18 14:39:00,AEVA
4.795,4.795,4.77,4.7736,1600,2022-02-18 14:40:00,AEVA
4.77,4.77,4.7588,4.7588,1465,2022-02-18 14:41:00,AEVA
4.76,4.77,4.76,4.77,1401,2022-02-18 14:42:00,AEVA
4.775,4.78,4.77,4.775,1679,2022-02-18 14:43:00,AEVA
4.7778,4.8,4.7778,4.795,4328,2022-02-18 14:44:00,AEVA
4.79,4.79,4.79,4.79,546,2022-02-18 14:45:00,AEVA
4.78,4.795,4.775,4.79,6179,2022-02-18 14:46:00,AEVA
4.795,4.84,4.795,4.835,6848,2022-02-18 14:47:00,AEVA
4.84,4.86,4.84,4.86,1569,2022-02-18 14:48:00,AEVA
4.86,4.86,4.847,4.85,4700,2022-02-18 14:49:00,AEVA
4.85,4.88,4.85,4.8777,10049,2022-02-18 14:50:00,AEVA
4.88,4.89,4.88,4.89,900,2022-02-18 14:51:00,AEVA
4.8803,4.8918,4.8803,4.8918,3403,2022-02-18 14:52:00,AEVA
4.9,4.91,4.9,4.91,1000,2022-02-18 14:53:00,AEVA
4.9,4.9,4.89,4.9,5764,2022-02-18 14:54:00,AEVA
4.91,4.91,4.89,4.89,6977,2022-02-18 14:55:00,AEVA
4.8906,4.9,4.88,4.88,3792,2022-02-18 14:56:00,AEVA
4.88,4.88,4.875,4.875,1900,2022-02-18 14:57:00,AEVA
4.87,4.87,4.87,4.87,400,2022-02-18 14:58:00,AEVA
4.86,4.86,4.86,4.86,3126,2022-02-18 14:59:00,AEVA
4.86,4.86,4.86,4.86,2595,2022-02-18 15:00:00,AEVA
4.85,4.85,4.835,4.835,2200,2022-02-18 15:01:00,AEVA
4.835,4.835,4.83,4.835,600,2022-02-18 15:02:00,AEVA
4.83,4.835,4.82,4.82,2000,2022-02-18 15:03:00,AEVA
4.82,4.82,4.81,4.81,3153,2022-02-18 15:04:00,AEVA
4.82,4.8261,4.82,4.82,1832,2022-02-18 15:05:00,AEVA
4.8101,4.8101,4.8,4.8,11500,2022-02-18 15:06:00,AEVA
4.79,4.79,4.7897,4.79,4472,2022-02-18 15:07:00,AEVA
4.7901,4.7901,4.7901,4.7901,500,2022-02-18 15:08:00,AEVA
4.79,4.79,4.785,4.785,1820,2022-02-18 15:09:00,AEVA
4.79,4.79,4.79,4.79,4216,2022-02-18 15:10:00,AEVA
4.78,4.785,4.77,4.775,6691,2022-02-18 15:11:00,AEVA
4.78,4.78,4.78,4.78,180,2022-02-18 15:12:00,AEVA
4.775,4.785,4.775,4.78,15825,2022-02-18 15:13:00,AEVA
4.78,4.8,4.78,4.8,4500,2022-02-18 15:14:00,AEVA
4.8,4.82,4.8,4.82,6107,2022-02-18 15:15:00,AEVA
4.81,4.81,4.78,4.78,2852,2022-02-18 15:16:00,AEVA
4.77,4.77,4.76,4.77,3600,2022-02-18 15:17:00,AEVA
4.76,4.765,4.76,4.765,4744,2022-02-18 15:18:00,AEVA
4.77,4.77,4.77,4.77,1566,2022-02-18 15:20:00,AEVA
4.77,4.77,4.76,4.76,2740,2022-02-18 15:21:00,AEVA
4.7586,4.765,4.75,4.765,20230,2022-02-18 15:22:00,AEVA
4.7636,4.765,4.7636,4.765,960,2022-02-18 15:23:00,AEVA
4.77,4.77,4.765,4.765,2200,2022-02-18 15:24:00,AEVA
4.7622,4.77,4.7622,4.765,500,2022-02-18 15:25:00,AEVA
4.77,4.77,4.755,4.755,4210,2022-02-18 15:26:00,AEVA
4.755,4.755,4.745,4.755,7540,2022-02-18 15:27:00,AEVA
4.75,4.75,4.745,4.745,8143,2022-02-18 15:28:00,AEVA
4.74,4.745,4.7391,4.74,5090,2022-02-18 15:29:00,AEVA
4.735,4.74,4.735,4.74,5412,2022-02-18 15:30:00,AEVA
4.735,4.735,4.735,4.735,700,2022-02-18 15:31:00,AEVA
4.74,4.74,4.73,4.73,1200,2022-02-18 15:32:00,AEVA
4.73,4.73,4.71,4.71,5373,2022-02-18 15:33:00,AEVA
4.7099,4.71,4.705,4.705,3669,2022-02-18 15:34:00,AEVA
4.705,4.7099,4.705,4.7099,1600,2022-02-18 15:35:00,AEVA
4.705,4.705,4.705,4.705,100,2022-02-18 15:36:00,AEVA
4.705,4.705,4.695,4.7,3950,2022-02-18 15:37:00,AEVA
4.705,4.705,4.705,4.705,100,2022-02-18 15:38:00,AEVA
4.7,4.7,4.69,4.69,1096,2022-02-18 15:39:00,AEVA
4.685,4.69,4.685,4.69,400,2022-02-18 15:40:00,AEVA
4.685,4.695,4.685,4.695,1524,2022-02-18 15:41:00,AEVA
4.7,4.7,4.695,4.695,1336,2022-02-18 15:43:00,AEVA
4.696,4.705,4.696,4.705,1959,2022-02-18 15:44:00,AEVA
4.7,4.7,4.695,4.695,1600,2022-02-18 15:45:00,AEVA
4.7,4.7099,4.7,4.7084,3120,2022-02-18 15:46:00,AEVA
4.705,4.71,4.705,4.71,7800,2022-02-18 15:47:00,AEVA
4.7,4.7,4.7,4.7,3565,2022-02-18 15:48:00,AEVA
4.7,4.7,4.69,4.69,400,2022-02-18 15:49:00,AEVA
4.69,4.695,4.69,4.695,2100,2022-02-18 15:50:00,AEVA
4.69,4.69,4.68,4.685,4428,2022-02-18 15:51:00,AEVA
4.685,4.685,4.685,4.685,560,2022-02-18 15:52:00,AEVA
4.69,4.695,4.69,4.695,1998,2022-02-18 15:53:00,AEVA
4.69,4.695,4.69,4.6916,696,2022-02-18 15:54:00,AEVA
4.69,4.69,4.69,4.69,198,2022-02-18 15:55:00,AEVA
4.685,4.69,4.685,4.69,275,2022-02-18 15:56:00,AEVA
4.685,4.695,4.685,4.695,2732,2022-02-18 15:57:00,AEVA
4.69,4.69,4.685,4.685,2075,2022-02-18 15:58:00,AEVA
4.69,4.69,4.69,4.69,100,2022-02-18 15:59:00,AEVA
4.685,4.685,4.685,4.685,1200,2022-02-18 16:00:00,AEVA
4.69,4.7,4.685,4.695,5961,2022-02-18 16:01:00,AEVA
4.695,4.695,4.695,4.695,200,2022-02-18 16:02:00,AEVA
4.69,4.69,4.67,4.67,10855,2022-02-18 16:03:00,AEVA
4.67,4.67,4.66,4.6683,5900,2022-02-18 16:04:00,AEVA
4.6694,4.6694,4.6694,4.6694,430,2022-02-18 16:05:00,AEVA
4.665,4.685,4.665,4.685,5997,2022-02-18 16:06:00,AEVA
4.685,4.69,4.685,4.69,2901,2022-02-18 16:07:00,AEVA
4.691,4.691,4.681,4.681,800,2022-02-18 16:08:00,AEVA
4.68,4.68,4.675,4.6788,2449,2022-02-18 16:09:00,AEVA
4.68,4.68,4.68,4.68,1934,2022-02-18 16:10:00,AEVA
4.675,4.68,4.675,4.68,3233,2022-02-18 16:11:00,AEVA
4.69,4.69,4.685,4.685,200,2022-02-18 16:12:00,AEVA
4.685,4.685,4.68,4.68,200,2022-02-18 16:13:00,AEVA
4.685,4.69,4.6823,4.69,882,2022-02-18 16:14:00,AEVA
4.69,4.7,4.69,4.7,2309,2022-02-18 16:15:00,AEVA
4.695,4.695,4.695,4.695,200,2022-02-18 16:16:00,AEVA
4.7,4.705,4.7,4.705,2845,2022-02-18 16:17:00,AEVA
4.705,4.72,4.705,4.72,10425,2022-02-18 16:18:00,AEVA
4.7175,4.72,4.715,4.72,829,2022-02-18 16:19:00,AEVA
4.73,4.73,4.73,4.73,100,2022-02-18 16:21:00,AEVA
4.73,4.73,4.73,4.73,100,2022-02-18 16:22:00,AEVA
4.73,4.73,4.73,4.73,100,2022-02-18 16:23:00,AEVA
4.72,4.72,4.715,4.72,2490,2022-02-18 16:24:00,AEVA
4.7199,4.7199,4.7199,4.7199,105,2022-02-18 16:25:00,AEVA
4.72,4.725,4.72,4.725,1840,2022-02-18 16:26:00,AEVA
4.72,4.72,4.715,4.715,2730,2022-02-18 16:27:00,AEVA
4.72,4.72,4.71,4.71,800,2022-02-18 16:28:00,AEVA
4.7,4.7,4.695,4.695,217,2022-02-18 16:29:00,AEVA
4.7,4.7,4.685,4.69,3256,2022-02-18 16:30:00,AEVA
4.695,4.705,4.695,4.705,2189,2022-02-18 16:31:00,AEVA
4.709,4.709,4.705,4.705,200,2022-02-18 16:32:00,AEVA
4.7,4.7,4.7,4.7,2375,2022-02-18 16:33:00,AEVA
4.69,4.69,4.69,4.69,100,2022-02-18 16:34:00,AEVA
4.695,4.695,4.695,4.695,100,2022-02-18 16:35:00,AEVA
4.6922,4.6922,4.6922,4.6922,200,2022-02-18 16:36:00,AEVA
4.695,4.71,4.695,4.71,7322,2022-02-18 16:37:00,AEVA
4.71,4.72,4.71,4.715,1400,2022-02-18 16:38:00,AEVA
4.715,4.715,4.715,4.715,100,2022-02-18 16:40:00,AEVA
4.72,4.73,4.72,4.73,1300,2022-02-18 16:41:00,AEVA
4.72,4.7299,4.72,4.7299,3270,2022-02-18 16:42:00,AEVA
4.725,4.725,4.725,4.725,100,2022-02-18 16:43:00,AEVA
4.725,4.725,4.725,4.725,300,2022-02-18 16:44:00,AEVA
4.725,4.73,4.725,4.73,2319,2022-02-18 16:45:00,AEVA
4.73,4.73,4.725,4.725,3017,2022-02-18 16:46:00,AEVA
4.72,4.72,4.72,4.72,100,2022-02-18 16:48:00,AEVA
4.72,4.72,4.71,4.71,1699,2022-02-18 16:49:00,AEVA
4.715,4.715,4.705,4.705,900,2022-02-18 16:50:00,AEVA
4.705,4.705,4.705,4.705,1000,2022-02-18 16:51:00,AEVA
4.7045,4.7045,4.7045,4.7045,2000,2022-02-18 16:52:00,AEVA
4.7,4.7,4.7,4.7,1300,2022-02-18 16:53:00,AEVA
4.695,4.695,4.69,4.69,200,2022-02-18 16:55:00,AEVA
4.69,4.695,4.69,4.695,200,2022-02-18 16:56:00,AEVA
4.695,4.695,4.695,4.695,100,2022-02-18 16:57:00,AEVA
4.69,4.69,4.685,4.69,4284,2022-02-18 16:58:00,AEVA
4.68,4.68,4.68,4.68,200,2022-02-18 16:59:00,AEVA
4.69,4.695,4.69,4.695,2218,2022-02-18 17:00:00,AEVA
4.695,4.695,4.695,4.695,300,2022-02-18 17:01:00,AEVA
4.695,4.695,4.695,4.695,100,2022-02-18 17:03:00,AEVA
4.695,4.695,4.69,4.69,200,2022-02-18 17:04:00,AEVA
4.7,4.7,4.7,4.7,800,2022-02-18 17:05:00,AEVA
4.705,4.705,4.705,4.705,100,2022-02-18 17:06:00,AEVA
4.71,4.725,4.71,4.725,7903,2022-02-18 17:07:00,AEVA
4.72,4.725,4.72,4.725,3306,2022-02-18 17:08:00,AEVA
4.73,4.735,4.73,4.7323,1600,2022-02-18 17:09:00,AEVA
4.74,4.75,4.74,4.75,800,2022-02-18 17:10:00,AEVA
4.75,4.755,4.75,4.7501,1970,2022-02-18 17:11:00,AEVA
4.7532,4.7532,4.745,4.745,1759,2022-02-18 17:12:00,AEVA
4.74,4.75,4.74,4.74,1700,2022-02-18 17:13:00,AEVA
4.735,4.735,4.73,4.73,400,2022-02-18 17:14:00,AEVA
4.73,4.73,4.7209,4.7209,1634,2022-02-18 17:15:00,AEVA
4.73,4.735,4.73,4.735,2521,2022-02-18 17:16:00,AEVA
4.74,4.75,4.74,4.75,2376,2022-02-18 17:17:00,AEVA
4.75,4.75,4.75,4.75,2901,2022-02-18 17:18:00,AEVA
4.75,4.75,4.745,4.7482,1744,2022-02-18 17:19:00,AEVA
4.75,4.75,4.75,4.75,468,2022-02-18 17:20:00,AEVA
4.75,4.75,4.75,4.75,500,2022-02-18 17:21:00,AEVA
4.75,4.75,4.75,4.75,649,2022-02-18 17:22:00,AEVA
4.745,4.745,4.745,4.745,100,2022-02-18 17:23:00,AEVA
4.745,4.745,4.745,4.745,300,2022-02-18 17:25:00,AEVA
4.75,4.755,4.745,4.75,7178,2022-02-18 17:26:00,AEVA
4.74,4.745,4.74,4.74,1600,2022-02-18 17:29:00,AEVA
4.73,4.73,4.72,4.73,4547,2022-02-18 17:30:00,AEVA
4.73,4.745,4.73,4.74,7297,2022-02-18 17:31:00,AEVA
4.74,4.74,4.74,4.74,587,2022-02-18 17:32:00,AEVA
4.73,4.73,4.73,4.73,100,2022-02-18 17:33:00,AEVA
4.725,4.725,4.72,4.725,602,2022-02-18 17:35:00,AEVA
4.7285,4.7285,4.72,4.72,920,2022-02-18 17:36:00,AEVA
4.705,4.705,4.705,4.705,830,2022-02-18 17:38:00,AEVA
4.705,4.7083,4.705,4.7083,220,2022-02-18 17:39:00,AEVA
4.705,4.705,4.705,4.705,100,2022-02-18 17:40:00,AEVA
4.7055,4.7055,4.7055,4.7055,500,2022-02-18 17:42:00,AEVA
4.705,4.706,4.705,4.706,1200,2022-02-18 17:43:00,AEVA
4.705,4.705,4.695,4.695,1507,2022-02-18 17:44:00,AEVA
4.69,4.6983,4.685,4.6983,5058,2022-02-18 17:45:00,AEVA
4.7,4.7,4.6999,4.6999,1500,2022-02-18 17:47:00,AEVA
4.695,4.7,4.695,4.7,1600,2022-02-18 17:49:00,AEVA
4.7,4.7,4.69,4.69,613,2022-02-18 17:50:00,AEVA
4.695,4.695,4.695,4.695,100,2022-02-18 17:51:00,AEVA
4.7,4.7014,4.7,4.7014,6763,2022-02-18 17:52:00,AEVA
4.705,4.705,4.705,4.705,100,2022-02-18 17:53:00,AEVA
4.705,4.705,4.695,4.695,1700,2022-02-18 17:54:00,AEVA
4.7,4.7,4.7,4.7,1103,2022-02-18 17:55:00,AEVA
4.705,4.705,4.705,4.705,300,2022-02-18 17:56:00,AEVA
4.71,4.71,4.7006,4.7006,4493,2022-02-18 17:57:00,AEVA
4.705,4.705,4.705,4.705,100,2022-02-18 17:58:00,AEVA
4.705,4.705,4.705,4.705,200,2022-02-18 17:59:00,AEVA
4.7,4.7,4.695,4.695,2597,2022-02-18 18:00:00,AEVA
4.6916,4.6916,4.6916,4.6916,600,2022-02-18 18:02:00,AEVA
4.698,4.698,4.698,4.698,100,2022-02-18 18:03:00,AEVA
4.69,4.6915,4.685,4.685,1763,2022-02-18 18:05:00,AEVA
4.68,4.68,4.68,4.68,1004,2022-02-18 18:06:00,AEVA
4.675,4.68,4.675,4.68,4800,2022-02-18 18:07:00,AEVA
4.68,4.68,4.68,4.68,300,2022-02-18 18:08:00,AEVA
4.685,4.685,4.685,4.685,100,2022-02-18 18:09:00,AEVA
4.68,4.68,4.68,4.68,762,2022-02-18 18:10:00,AEVA
4.675,4.675,4.675,4.675,100,2022-02-18 18:11:00,AEVA
4.67,4.67,4.67,4.67,200,2022-02-18 18:12:00,AEVA
4.67,4.67,4.67,4.67,1003,2022-02-18 18:13:00,AEVA
4.665,4.665,4.665,4.665,100,2022-02-18 18:14:00,AEVA
4.6631,4.6631,4.6631,4.6631,580,2022-02-18 18:15:00,AEVA
4.665,4.665,4.655,4.655,2471,2022-02-18 18:17:00,AEVA
4.655,4.6586,4.655,4.6586,600,2022-02-18 18:21:00,AEVA
4.655,4.66,4.655,4.66,2760,2022-02-18 18:22:00,AEVA
4.66,4.6688,4.66,4.665,1056,2022-02-18 18:23:00,AEVA
4.665,4.69,4.665,4.6887,14550,2022-02-18 18:24:00,AEVA
4.685,4.685,4.675,4.675,7574,2022-02-18 18:25:00,AEVA
4.67,4.67,4.67,4.67,282,2022-02-18 18:26:00,AEVA
4.66,4.66,4.66,4.66,500,2022-02-18 18:27:00,AEVA
4.66,4.66,4.6524,4.6524,2151,2022-02-18 18:28:00,AEVA
4.655,4.66,4.6501,4.66,5636,2022-02-18 18:29:00,AEVA
4.6545,4.655,4.6545,4.655,200,2022-02-18 18:30:00,AEVA
4.655,4.655,4.655,4.655,200,2022-02-18 18:32:00,AEVA
4.655,4.655,4.655,4.655,100,2022-02-18 18:34:00,AEVA
4.66,4.66,4.655,4.66,2800,2022-02-18 18:36:00,AEVA
4.665,4.665,4.665,4.665,100,2022-02-18 18:37:00,AEVA
4.67,4.685,4.67,4.685,3548,2022-02-18 18:39:00,AEVA
4.69,4.69,4.68,4.68,1100,2022-02-18 18:40:00,AEVA
4.68,4.68,4.675,4.675,2210,2022-02-18 18:41:00,AEVA
4.68,4.68,4.68,4.68,1303,2022-02-18 18:43:00,AEVA
4.685,4.69,4.685,4.69,700,2022-02-18 18:45:00,AEVA
4.7,4.705,4.7,4.705,1033,2022-02-18 18:46:00,AEVA
4.71,4.725,4.71,4.72,2429,2022-02-18 18:47:00,AEVA
4.72,4.725,4.72,4.725,1075,2022-02-18 18:50:00,AEVA
4.725,4.74,4.725,4.74,400,2022-02-18 18:51:00,AEVA
4.73,4.73,4.73,4.73,100,2022-02-18 18:52:00,AEVA
4.74,4.74,4.74,4.74,100,2022-02-18 18:53:00,AEVA
4.735,4.76,4.735,4.7516,5072,2022-02-18 18:54:00,AEVA
4.755,4.76,4.7516,4.76,1600,2022-02-18 18:55:00,AEVA
4.7519,4.755,4.7519,4.755,400,2022-02-18 18:56:00,AEVA
4.752,4.76,4.752,4.76,600,2022-02-18 18:57:00,AEVA
4.755,4.76,4.755,4.755,400,2022-02-18 18:58:00,AEVA
4.76,4.76,4.76,4.76,200,2022-02-18 18:59:00,AEVA
4.755,4.755,4.755,4.755,600,2022-02-18 19:00:00,AEVA
4.75,4.75,4.745,4.75,6841,2022-02-18 19:01:00,AEVA
4.75,4.75,4.74,4.74,1495,2022-02-18 19:02:00,AEVA
4.7428,4.745,4.7428,4.745,200,2022-02-18 19:03:00,AEVA
4.745,4.745,4.745,4.745,100,2022-02-18 19:05:00,AEVA
4.74,4.745,4.73,4.73,2419,2022-02-18 19:06:00,AEVA
4.73,4.73,4.725,4.725,3098,2022-02-18 19:07:00,AEVA
4.725,4.725,4.725,4.725,100,2022-02-18 19:10:00,AEVA
4.7257,4.7257,4.7257,4.7257,1500,2022-02-18 19:11:00,AEVA
4.725,4.725,4.725,4.725,100,2022-02-18 19:12:00,AEVA
4.725,4.725,4.725,4.725,200,2022-02-18 19:13:00,AEVA
4.72,4.73,4.72,4.73,400,2022-02-18 19:15:00,AEVA
4.73,4.74,4.725,4.735,3316,2022-02-18 19:16:00,AEVA
4.74,4.74,4.74,4.74,2038,2022-02-18 19:17:00,AEVA
4.75,4.75,4.74,4.74,466,2022-02-18 19:18:00,AEVA
4.745,4.745,4.745,4.745,100,2022-02-18 19:19:00,AEVA
4.75,4.75,4.75,4.75,300,2022-02-18 19:20:00,AEVA
4.75,4.755,4.75,4.755,1803,2022-02-18 19:21:00,AEVA
4.76,4.76,4.76,4.76,300,2022-02-18 19:22:00,AEVA
4.755,4.77,4.755,4.762,4406,2022-02-18 19:24:00,AEVA
4.77,4.77,4.77,4.77,300,2022-02-18 19:25:00,AEVA
4.77,4.77,4.77,4.77,100,2022-02-18 19:26:00,AEVA
4.77,4.77,4.7678,4.7678,500,2022-02-18 19:27:00,AEVA
4.7661,4.785,4.7661,4.785,3606,2022-02-18 19:28:00,AEVA
4.785,4.79,4.785,4.79,300,2022-02-18 19:29:00,AEVA
4.79,4.8,4.79,4.795,1696,2022-02-18 19:30:00,AEVA
4.791,4.8,4.791,4.8,810,2022-02-18 19:31:00,AEVA
4.805,4.81,4.805,4.81,2927,2022-02-18 19:32:00,AEVA
4.815,4.82,4.8104,4.8104,400,2022-02-18 19:33:00,AEVA
4.81,4.81,4.8,4.8,2570,2022-02-18 19:34:00,AEVA
4.8,4.8085,4.8,4.8018,1175,2022-02-18 19:35:00,AEVA
4.805,4.805,4.8,4.8,300,2022-02-18 19:36:00,AEVA
4.8001,4.8001,4.7918,4.7918,2779,2022-02-18 19:38:00,AEVA
4.79,4.79,4.7825,4.785,987,2022-02-18 19:39:00,AEVA
4.78,4.78,4.78,4.78,3368,2022-02-18 19:41:00,AEVA
4.7805,4.7805,4.7805,4.7805,5000,2022-02-18 19:42:00,AEVA
4.78,4.78,4.77,4.77,2300,2022-02-18 19:43:00,AEVA
4.77,4.775,4.765,4.775,3396,2022-02-18 19:45:00,AEVA
4.775,4.775,4.775,4.775,200,2022-02-18 19:46:00,AEVA
4.775,4.7784,4.77,4.77,300,2022-02-18 19:47:00,AEVA
4.765,4.77,4.765,4.77,2787,2022-02-18 19:48:00,AEVA
4.76,4.76,4.76,4.76,1010,2022-02-18 19:49:00,AEVA
4.755,4.755,4.755,4.755,200,2022-02-18 19:50:00,AEVA
4.755,4.755,4.75,4.755,400,2022-02-18 19:51:00,AEVA
4.76,4.765,4.755,4.765,2467,2022-02-18 19:52:00,AEVA
4.76,4.765,4.75,4.75,1910,2022-02-18 19:53:00,AEVA
4.76,4.77,4.76,4.77,2828,2022-02-18 19:54:00,AEVA
4.775,4.78,4.77,4.78,1800,2022-02-18 19:55:00,AEVA
4.78,4.785,4.7799,4.785,2010,2022-02-18 19:56:00,AEVA
4.78,4.78,4.77,4.77,10101,2022-02-18 19:57:00,AEVA
4.78,4.785,4.78,4.785,892,2022-02-18 19:58:00,AEVA
4.785,4.79,4.78,4.785,2044,2022-02-18 19:59:00,AEVA
4.78,4.795,4.78,4.79,2000,2022-02-18 20:00:00,AEVA
4.795,4.795,4.795,4.795,100,2022-02-18 20:01:00,AEVA
4.8,4.8,4.8,4.8,1791,2022-02-18 20:02:00,AEVA
4.8022,4.81,4.795,4.795,4050,2022-02-18 20:03:00,AEVA
4.79,4.79,4.785,4.7898,2329,2022-02-18 20:04:00,AEVA
4.79,4.795,4.79,4.79,3297,2022-02-18 20:05:00,AEVA
4.79,4.79,4.775,4.78,3308,2022-02-18 20:06:00,AEVA
4.77,4.77,4.765,4.765,1000,2022-02-18 20:08:00,AEVA
4.765,4.775,4.765,4.775,3903,2022-02-18 20:09:00,AEVA
4.775,4.79,4.775,4.78,5356,2022-02-18 20:10:00,AEVA
4.77,4.77,4.77,4.77,1100,2022-02-18 20:11:00,AEVA
4.78,4.78,4.77,4.77,2481,2022-02-18 20:12:00,AEVA
4.765,4.765,4.765,4.765,100,2022-02-18 20:13:00,AEVA
4.765,4.77,4.76,4.765,4582,2022-02-18 20:14:00,AEVA
4.765,4.765,4.765,4.765,400,2022-02-18 20:15:00,AEVA
4.765,4.77,4.765,4.77,200,2022-02-18 20:16:00,AEVA
4.77,4.77,4.77,4.77,2265,2022-02-18 20:17:00,AEVA
4.765,4.765,4.765,4.765,300,2022-02-18 20:18:00,AEVA
4.76,4.76,4.745,4.745,3048,2022-02-18 20:19:00,AEVA
4.745,4.745,4.745,4.745,600,2022-02-18 20:20:00,AEVA
4.745,4.745,4.73,4.73,1506,2022-02-18 20:21:00,AEVA
4.73,4.73,4.725,4.725,2610,2022-02-18 20:22:00,AEVA
4.721,4.725,4.721,4.725,2300,2022-02-18 20:23:00,AEVA
4.725,4.73,4.725,4.73,600,2022-02-18 20:24:00,AEVA
4.725,4.725,4.725,4.725,300,2022-02-18 20:25:00,AEVA
4.725,4.725,4.725,4.725,200,2022-02-18 20:26:00,AEVA
4.725,4.73,4.725,4.73,2210,2022-02-18 20:27:00,AEVA
4.735,4.735,4.725,4.725,1902,2022-02-18 20:28:00,AEVA
4.725,4.735,4.725,4.725,4910,2022-02-18 20:29:00,AEVA
4.72,4.72,4.715,4.72,2713,2022-02-18 20:30:00,AEVA
4.715,4.7199,4.71,4.7167,3342,2022-02-18 20:31:00,AEVA
4.715,4.715,4.71,4.71,1101,2022-02-18 20:32:00,AEVA
4.705,4.705,4.705,4.705,300,2022-02-18 20:33:00,AEVA
4.705,4.7099,4.705,4.7086,500,2022-02-18 20:34:00,AEVA
4.71,4.715,4.71,4.715,5051,2022-02-18 20:35:00,AEVA
4.715,4.715,4.7016,4.705,2725,2022-02-18 20:36:00,AEVA
4.705,4.705,4.7001,4.7001,521,2022-02-18 20:37:00,AEVA
4.705,4.715,4.705,4.715,4300,2022-02-18 20:38:00,AEVA
4.715,4.715,4.715,4.715,500,2022-02-18 20:39:00,AEVA
4.715,4.72,4.71,4.72,1063,2022-02-18 20:40:00,AEVA
4.715,4.725,4.7101,4.725,4866,2022-02-18 20:41:00,AEVA
4.73,4.7315,4.725,4.725,6466,2022-02-18 20:42:00,AEVA
4.725,4.725,4.72,4.725,700,2022-02-18 20:43:00,AEVA
4.725,4.725,4.7214,4.725,930,2022-02-18 20:44:00,AEVA
4.73,4.735,4.73,4.73,5538,2022-02-18 20:45:00,AEVA
4.73,4.735,4.72,4.72,9419,2022-02-18 20:46:00,AEVA
4.71,4.72,4.71,4.715,11993,2022-02-18 20:47:00,AEVA
4.72,4.725,4.72,4.725,3260,2022-02-18 20:48:00,AEVA
4.72,4.735,4.72,4.735,4198,2022-02-18 20:49:00,AEVA
4.73,4.7313,4.72,4.72,4823,2022-02-18 20:50:00,AEVA
4.72,4.725,4.715,4.715,2939,2022-02-18 20:51:00,AEVA
4.71,4.71,4.7,4.705,5167,2022-02-18 20:52:00,AEVA
4.71,4.71,4.7,4.71,10341,2022-02-18 20:53:00,AEVA
4.705,4.71,4.7012,4.705,3109,2022-02-18 20:54:00,AEVA
4.71,4.715,4.7,4.7,12094,2022-02-18 20:55:00,AEVA
4.7,4.7,4.6901,4.695,5233,2022-02-18 20:56:00,AEVA
4.695,4.7,4.69,4.695,6634,2022-02-18 20:57:00,AEVA
4.695,4.7,4.69,4.69,2300,2022-02-18 20:58:00,AEVA
4.695,4.7,4.68,4.68,56480,2022-02-18 20:59:00,AEVA
4.69,4.69,4.69,4.69,74145,2022-02-18 21:00:00,AEVA
4.69,4.69,4.69,4.69,1934,2022-02-18 21:02:00,AEVA
4.76,4.76,4.76,4.76,100,2022-02-18 21:07:00,AEVA
4.69,4.69,4.69,4.69,2333,2022-02-18 21:47:00,AEVA
4.6899,4.6899,4.6899,4.6899,200,2022-02-18 22:32:00,AEVA
4.6699,4.6699,4.6699,4.6699,500,2022-02-22 13:59:00,AEVA
4.66,4.66,4.66,4.66,200,2022-02-22 14:04:00,AEVA
4.66,4.66,4.66,4.66,100,2022-02-22 14:14:00,AEVA
4.64,4.64,4.64,4.64,100,2022-02-22 14:20:00,AEVA
4.6,4.6,4.6,4.6,300,2022-02-22 14:25:00,AEVA
4.6,4.6001,4.6,4.6001,200,2022-02-22 14:29:00,AEVA
4.57,4.59,4.57,4.58,14417,2022-02-22 14:30:00,AEVA
4.58,4.6,4.5615,4.6,6161,2022-02-22 14:31:00,AEVA
4.615,4.6299,4.59,4.59,11019,2022-02-22 14:32:00,AEVA
4.58,4.61,4.58,4.61,1400,2022-02-22 14:33:00,AEVA
4.6,4.6109,4.6,4.6109,5400,2022-02-22 14:34:00,AEVA
4.6117,4.6117,4.58,4.59,9810,2022-02-22 14:35:00,AEVA
4.6,4.61,4.595,4.595,8384,2022-02-22 14:36:00,AEVA
4.6,4.62,4.6,4.61,3915,2022-02-22 14:37:00,AEVA
4.61,4.625,4.6032,4.6032,2569,2022-02-22 14:38:00,AEVA
4.6,4.6,4.59,4.59,200,2022-02-22 14:39:00,AEVA
4.59,4.635,4.59,4.625,6077,2022-02-22 14:40:00,AEVA
4.6261,4.63,4.6261,4.6285,1207,2022-02-22 14:41:00,AEVA
4.62,4.62,4.61,4.61,7999,2022-02-22 14:42:00,AEVA
4.61,4.62,4.605,4.62,5573,2022-02-22 14:43:00,AEVA
4.625,4.64,4.62,4.64,7404,2022-02-22 14:44:00,AEVA
4.645,4.68,4.645,4.68,22018,2022-02-22 14:45:00,AEVA
4.675,4.68,4.655,4.66,3269,2022-02-22 14:46:00,AEVA
4.66,4.68,4.655,4.67,12503,2022-02-22 14:47:00,AEVA
4.67,4.67,4.655,4.67,7516,2022-02-22 14:48:00,AEVA
4.67,4.685,4.67,4.68,3026,2022-02-22 14:49:00,AEVA
4.68,4.68,4.6656,4.68,7271,2022-02-22 14:50:00,AEVA
4.675,4.675,4.655,4.67,7476,2022-02-22 14:51:00,AEVA
4.67,4.675,4.66,4.67,2728,2022-02-22 14:52:00,AEVA
4.67,4.735,4.67,4.735,37696,2022-02-22 14:53:00,AEVA
4.725,4.73,4.7117,4.715,3399,2022-02-22 14:54:00,AEVA
4.715,4.715,4.705,4.705,500,2022-02-22 14:55:00,AEVA
4.7,4.7099,4.69,4.69,1858,2022-02-22 14:56:00,AEVA
4.685,4.685,4.685,4.685,400,2022-02-22 14:57:00,AEVA
4.68,4.68,4.665,4.665,2458,2022-02-22 14:58:00,AEVA
4.66,4.67,4.655,4.67,1446,2022-02-22 14:59:00,AEVA
4.66,4.66,4.64,4.65,16517,2022-02-22 15:00:00,AEVA
4.64,4.64,4.63,4.63,1800,2022-02-22 15:01:00,AEVA
4.62,4.64,4.615,4.64,3932,2022-02-22 15:02:00,AEVA
4.64,4.65,4.64,4.65,6081,2022-02-22 15:03:00,AEVA
4.645,4.66,4.645,4.66,608,2022-02-22 15:04:00,AEVA
4.65,4.65,4.63,4.63,2566,2022-02-22 15:05:00,AEVA
4.625,4.65,4.625,4.65,10069,2022-02-22 15:06:00,AEVA
4.65,4.67,4.64,4.67,4093,2022-02-22 15:07:00,AEVA
4.68,4.69,4.675,4.69,5117,2022-02-22 15:08:00,AEVA
4.69,4.7,4.69,4.69,2556,2022-02-22 15:09:00,AEVA
4.685,4.7,4.685,4.685,3221,2022-02-22 15:10:00,AEVA
4.68,4.68,4.665,4.68,5115,2022-02-22 15:11:00,AEVA
4.68,4.72,4.68,4.72,5373,2022-02-22 15:12:00,AEVA
4.73,4.73,4.72,4.725,1101,2022-02-22 15:13:00,AEVA
4.73,4.74,4.73,4.7317,1100,2022-02-22 15:14:00,AEVA
4.738,4.74,4.72,4.73,3282,2022-02-22 15:15:00,AEVA
4.728,4.75,4.728,4.745,3977,2022-02-22 15:16:00,AEVA
4.74,4.75,4.735,4.74,3153,2022-02-22 15:17:00,AEVA
4.735,4.74,4.735,4.7356,700,2022-02-22 15:18:00,AEVA
4.735,4.75,4.735,4.75,2402,2022-02-22 15:19:00,AEVA
4.74,4.74,4.73,4.74,2148,2022-02-22 15:20:00,AEVA
4.745,4.745,4.745,4.745,493,2022-02-22 15:21:00,AEVA
4.745,4.75,4.74,4.74,4801,2022-02-22 15:22:00,AEVA
4.74,4.74,4.725,4.725,2200,2022-02-22 15:23:00,AEVA
4.73,4.73,4.7124,4.7124,4944,2022-02-22 15:24:00,AEVA
4.715,4.715,4.705,4.71,1901,2022-02-22 15:25:00,AEVA
4.715,4.715,4.715,4.715,100,2022-02-22 15:26:00,AEVA
4.715,4.72,4.715,4.715,1479,2022-02-22 15:27:00,AEVA
4.715,4.72,4.715,4.72,853,2022-02-22 15:28:00,AEVA
4.725,4.74,4.725,4.74,1200,2022-02-22 15:29:00,AEVA
4.74,4.74,4.705,4.705,4210,2022-02-22 15:30:00,AEVA
4.705,4.705,4.69,4.705,8094,2022-02-22 15:31:00,AEVA
4.71,4.71,4.69,4.69,6703,2022-02-22 15:32:00,AEVA
4.685,4.685,4.68,4.68,1050,2022-02-22 15:33:00,AEVA
4.685,4.685,4.68,4.68,300,2022-02-22 15:34:00,AEVA
4.685,4.685,4.67,4.67,1502,2022-02-22 15:35:00,AEVA
4.67,4.675,4.665,4.67,4265,2022-02-22 15:36:00,AEVA
4.67,4.675,4.67,4.67,2535,2022-02-22 15:37:00,AEVA
4.67,4.675,4.67,4.675,800,2022-02-22 15:38:00,AEVA
4.675,4.675,4.66,4.66,3316,2022-02-22 15:39:00,AEVA
4.655,4.665,4.655,4.6636,1800,2022-02-22 15:40:00,AEVA
4.66,4.665,4.66,4.665,2112,2022-02-22 15:41:00,AEVA
4.665,4.665,4.6616,4.665,1201,2022-02-22 15:42:00,AEVA
4.67,4.67,4.67,4.67,1800,2022-02-22 15:43:00,AEVA
4.675,4.675,4.675,4.675,1365,2022-02-22 15:44:00,AEVA
4.67,4.675,4.67,4.675,2200,2022-02-22 15:45:00,AEVA
4.67,4.67,4.655,4.655,1305,2022-02-22 15:46:00,AEVA
4.65,4.6501,4.6402,4.6402,6155,2022-02-22 15:47:00,AEVA
4.65,4.665,4.645,4.665,5761,2022-02-22 15:48:00,AEVA
4.66,4.665,4.66,4.665,2100,2022-02-22 15:49:00,AEVA
4.66,4.66,4.645,4.645,10151,2022-02-22 15:50:00,AEVA
4.645,4.645,4.645,4.645,200,2022-02-22 15:51:00,AEVA
4.65,4.655,4.65,4.655,1062,2022-02-22 15:52:00,AEVA
4.65,4.655,4.65,4.655,257,2022-02-22 15:53:00,AEVA
4.65,4.655,4.645,4.645,2612,2022-02-22 15:54:00,AEVA
4.645,4.645,4.635,4.64,3890,2022-02-22 15:55:00,AEVA
4.645,4.645,4.645,4.645,100,2022-02-22 15:56:00,AEVA
4.645,4.645,4.645,4.645,100,2022-02-22 15:57:00,AEVA
4.65,4.655,4.65,4.65,1204,2022-02-22 15:58:00,AEVA
4.645,4.645,4.635,4.64,5474,2022-02-22 15:59:00,AEVA
4.645,4.645,4.645,4.645,300,2022-02-22 16:00:00,AEVA
4.645,4.645,4.645,4.645,1200,2022-02-22 16:01:00,AEVA
4.645,4.645,4.64,4.64,2591,2022-02-22 16:02:00,AEVA
4.635,4.64,4.63,4.64,970,2022-02-22 16:03:00,AEVA
4.64,4.64,4.635,4.635,1225,2022-02-22 16:04:00,AEVA
4.635,4.645,4.635,4.635,2300,2022-02-22 16:05:00,AEVA
4.63,4.63,4.625,4.625,1434,2022-02-22 16:06:00,AEVA
4.625,4.625,4.625,4.625,644,2022-02-22 16:07:00,AEVA
4.62,4.62,4.615,4.615,4613,2022-02-22 16:08:00,AEVA
4.6105,4.6105,4.61,4.61,2200,2022-02-22 16:09:00,AEVA
4.615,4.615,4.61,4.61,1200,2022-02-22 16:10:00,AEVA
4.61,4.61,4.6,4.6,3606,2022-02-22 16:11:00,AEVA
4.6,4.61,4.6,4.605,4097,2022-02-22 16:12:00,AEVA
4.605,4.615,4.605,4.61,4123,2022-02-22 16:13:00,AEVA
4.605,4.605,4.605,4.605,483,2022-02-22 16:15:00,AEVA
4.6,4.6,4.585,4.585,6368,2022-02-22 16:16:00,AEVA
4.59,4.59,4.59,4.59,2100,2022-02-22 16:17:00,AEVA
4.59,4.5915,4.59,4.5915,1100,2022-02-22 16:19:00,AEVA
4.59,4.59,4.585,4.585,2184,2022-02-22 16:20:00,AEVA
4.58,4.5815,4.58,4.5815,2762,2022-02-22 16:21:00,AEVA
4.58,4.58,4.571,4.575,6883,2022-02-22 16:22:00,AEVA
4.57,4.5738,4.57,4.57,400,2022-02-22 16:23:00,AEVA
4.57,4.5723,4.57,4.5723,379,2022-02-22 16:24:00,AEVA
4.57,4.57,4.5624,4.565,1480,2022-02-22 16:25:00,AEVA
4.5684,4.585,4.5684,4.585,3765,2022-02-22 16:26:00,AEVA
4.58,4.58,4.58,4.58,1079,2022-02-22 16:27:00,AEVA
4.58,4.58,4.565,4.565,4362,2022-02-22 16:28:00,AEVA
4.57,4.575,4.57,4.575,3100,2022-02-22 16:29:00,AEVA
4.58,4.59,4.58,4.585,1200,2022-02-22 16:30:00,AEVA
4.58,4.58,4.575,4.575,1095,2022-02-22 16:31:00,AEVA
4.57,4.58,4.57,4.58,2624,2022-02-22 16:33:00,AEVA
4.585,4.585,4.575,4.58,1712,2022-02-22 16:34:00,AEVA
4.57,4.57,4.565,4.565,4373,2022-02-22 16:36:00,AEVA
4.56,4.56,4.555,4.56,4480,2022-02-22 16:37:00,AEVA
4.555,4.555,4.5501,4.5501,300,2022-02-22 16:38:00,AEVA
4.5515,4.555,4.5515,4.555,389,2022-02-22 16:39:00,AEVA
4.55,4.55,4.55,4.55,5882,2022-02-22 16:40:00,AEVA
4.545,4.545,4.545,4.545,200,2022-02-22 16:41:00,AEVA
4.545,4.545,4.52,4.53,8114,2022-02-22 16:42:00,AEVA
4.54,4.545,4.535,4.545,3024,2022-02-22 16:43:00,AEVA
4.54,4.54,4.54,4.54,1000,2022-02-22 16:44:00,AEVA
4.535,4.535,4.5309,4.5309,400,2022-02-22 16:45:00,AEVA
4.53,4.54,4.53,4.54,2567,2022-02-22 16:46:00,AEVA
4.545,4.545,4.545,4.545,700,2022-02-22 16:48:00,AEVA
4.54,4.54,4.54,4.54,2930,2022-02-22 16:49:00,AEVA
4.54,4.54,4.54,4.54,1900,2022-02-22 16:50:00,AEVA
4.54,4.54,4.5333,4.5333,2101,2022-02-22 16:51:00,AEVA
4.535,4.535,4.535,4.535,100,2022-02-22 16:52:00,AEVA
4.53,4.53,4.525,4.525,1200,2022-02-22 16:53:00,AEVA
4.52,4.52,4.515,4.515,2100,2022-02-22 16:55:00,AEVA
4.515,4.52,4.515,4.52,1656,2022-02-22 16:56:00,AEVA
4.52,4.52,4.515,4.515,774,2022-02-22 16:57:00,AEVA
4.52,4.52,4.52,4.52,2680,2022-02-22 16:58:00,AEVA
4.53,4.535,4.53,4.535,1600,2022-02-22 16:59:00,AEVA
4.5316,4.5316,4.53,4.53,1245,2022-02-22 17:00:00,AEVA
4.53,4.53,4.525,4.525,870,2022-02-22 17:01:00,AEVA
4.525,4.54,4.525,4.54,2640,2022-02-22 17:02:00,AEVA
4.55,4.55,4.52,4.525,32482,2022-02-22 17:03:00,AEVA
4.525,4.535,4.525,4.535,3515,2022-02-22 17:04:00,AEVA
4.535,4.535,4.535,4.535,200,2022-02-22 17:05:00,AEVA
4.5399,4.5399,4.535,4.535,32009,2022-02-22 17:06:00,AEVA
4.535,4.535,4.535,4.535,200,2022-02-22 17:08:00,AEVA
4.535,4.535,4.52,4.525,2100,2022-02-22 17:09:00,AEVA
4.52,4.52,4.515,4.515,1400,2022-02-22 17:10:00,AEVA
4.51,4.51,4.505,4.505,1423,2022-02-22 17:11:00,AEVA
4.5084,4.5084,4.5084,4.5084,200,2022-02-22 17:12:00,AEVA
4.5,4.5,4.49,4.5,20431,2022-02-22 17:13:00,AEVA
4.5,4.5,4.5,4.5,500,2022-02-22 17:14:00,AEVA
4.495,4.495,4.49,4.49,700,2022-02-22 17:15:00,AEVA
4.495,4.495,4.495,4.495,500,2022-02-22 17:16:00,AEVA
4.495,4.5,4.495,4.5,492,2022-02-22 17:17:00,AEVA
4.4995,4.4995,4.4995,4.4995,100,2022-02-22 17:18:00,AEVA
4.495,4.5,4.49,4.5,1503,2022-02-22 17:19:00,AEVA
4.495,4.495,4.495,4.495,200,2022-02-22 17:20:00,AEVA
4.4987,4.4987,4.495,4.495,800,2022-02-22 17:21:00,AEVA
4.5,4.5,4.495,4.5,5398,2022-02-22 17:22:00,AEVA
4.495,4.5,4.495,4.5,3107,2022-02-22 17:23:00,AEVA
4.5,4.5,4.5,4.5,1500,2022-02-22 17:24:00,AEVA
4.495,4.5,4.495,4.5,2930,2022-02-22 17:25:00,AEVA
4.505,4.505,4.505,4.505,100,2022-02-22 17:26:00,AEVA
4.505,4.51,4.505,4.51,1513,2022-02-22 17:27:00,AEVA
4.515,4.52,4.515,4.515,544,2022-02-22 17:29:00,AEVA
4.51,4.53,4.51,4.53,7071,2022-02-22 17:30:00,AEVA
4.53,4.53,4.53,4.53,2700,2022-02-22 17:31:00,AEVA
4.53,4.53,4.515,4.52,1300,2022-02-22 17:32:00,AEVA
4.51,4.51,4.495,4.495,1315,2022-02-22 17:33:00,AEVA
4.495,4.5,4.495,4.495,3466,2022-02-22 17:34:00,AEVA
4.495,4.5,4.495,4.5,2838,2022-02-22 17:35:00,AEVA
4.5019,4.5019,4.5019,4.5019,245,2022-02-22 17:36:00,AEVA
4.5075,4.5075,4.5058,4.5058,200,2022-02-22 17:37:00,AEVA
4.5,4.5,4.495,4.495,1000,2022-02-22 17:38:00,AEVA
4.49,4.5,4.49,4.5,3026,2022-02-22 17:39:00,AEVA
4.5,4.5,4.495,4.495,1500,2022-02-22 17:40:00,AEVA
4.5,4.5,4.495,4.5,2500,2022-02-22 17:42:00,AEVA
4.5013,4.505,4.5013,4.505,695,2022-02-22 17:43:00,AEVA
4.51,4.53,4.505,4.53,18565,2022-02-22 17:44:00,AEVA
4.53,4.535,4.53,4.535,3723,2022-02-22 17:45:00,AEVA
4.53,4.53,4.515,4.515,2704,2022-02-22 17:46:00,AEVA
4.515,4.515,4.495,4.5,5930,2022-02-22 17:47:00,AEVA
4.505,4.505,4.505,4.505,100,2022-02-22 17:48:00,AEVA
4.5,4.5,4.495,4.495,600,2022-02-22 17:49:00,AEVA
4.5,4.5,4.495,4.5,1900,2022-02-22 17:50:00,AEVA
4.5,4.5,4.495,4.495,500,2022-02-22 17:51:00,AEVA
4.5,4.51,4.5,4.503,4562,2022-02-22 17:52:00,AEVA
4.5,4.5,4.5,4.5,282,2022-02-22 17:53:00,AEVA
4.5001,4.5001,4.5001,4.5001,200,2022-02-22 17:54:00,AEVA
4.505,4.51,4.505,4.51,1100,2022-02-22 17:55:00,AEVA
4.505,4.505,4.505,4.505,100,2022-02-22 17:57:00,AEVA
4.51,4.51,4.51,4.51,100,2022-02-22 17:58:00,AEVA
4.51,4.51,4.505,4.51,1398,2022-02-22 17:59:00,AEVA
4.505,4.505,4.505,4.505,100,2022-02-22 18:00:00,AEVA
4.5,4.5,4.495,4.495,3549,2022-02-22 18:01:00,AEVA
4.495,4.5,4.495,4.495,3112,2022-02-22 18:03:00,AEVA
4.495,4.5,4.495,4.495,901,2022-02-22 18:04:00,AEVA
4.5,4.5061,4.5,4.5061,1002,2022-02-22 18:05:00,AEVA
4.505,4.505,4.505,4.505,100,2022-02-22 18:06:00,AEVA
4.505,4.505,4.505,4.505,200,2022-02-22 18:07:00,AEVA
4.509,4.51,4.505,4.51,2451,2022-02-22 18:08:00,AEVA
4.51,4.51,4.51,4.51,3760,2022-02-22 18:09:00,AEVA
4.51,4.515,4.505,4.515,1510,2022-02-22 18:10:00,AEVA
4.515,4.515,4.515,4.515,509,2022-02-22 18:11:00,AEVA
4.515,4.515,4.515,4.515,100,2022-02-22 18:12:00,AEVA
4.515,4.515,4.515,4.515,200,2022-02-22 18:13:00,AEVA
4.515,4.52,4.515,4.52,500,2022-02-22 18:14:00,AEVA
4.51,4.51,4.51,4.51,3543,2022-02-22 18:15:00,AEVA
4.505,4.505,4.49,4.495,3287,2022-02-22 18:16:00,AEVA
4.495,4.495,4.485,4.485,1411,2022-02-22 18:19:00,AEVA
4.49,4.49,4.485,4.49,500,2022-02-22 18:20:00,AEVA
4.485,4.49,4.485,4.49,200,2022-02-22 18:21:00,AEVA
4.485,4.485,4.485,4.485,100,2022-02-22 18:22:00,AEVA
4.485,4.49,4.485,4.49,998,2022-02-22 18:23:00,AEVA
4.485,4.485,4.485,4.485,300,2022-02-22 18:24:00,AEVA
4.485,4.4892,4.48,4.48,2374,2022-02-22 18:26:00,AEVA
4.48,4.48,4.48,4.48,1100,2022-02-22 18:28:00,AEVA
4.485,4.485,4.485,4.485,1200,2022-02-22 18:29:00,AEVA
4.485,4.49,4.4803,4.49,3535,2022-02-22 18:30:00,AEVA
4.49,4.49,4.49,4.49,702,2022-02-22 18:31:00,AEVA
4.495,4.495,4.495,4.495,200,2022-02-22 18:32:00,AEVA
4.495,4.505,4.495,4.5,9895,2022-02-22 18:34:00,AEVA
4.5,4.5,4.48,4.485,7924,2022-02-22 18:35:00,AEVA
4.485,4.49,4.485,4.49,1300,2022-02-22 18:36:00,AEVA
4.485,4.495,4.485,4.495,2102,2022-02-22 18:37:00,AEVA
4.495,4.495,4.49,4.49,1500,2022-02-22 18:38:00,AEVA
4.485,4.485,4.485,4.485,200,2022-02-22 18:39:00,AEVA
4.485,4.485,4.485,4.485,602,2022-02-22 18:40:00,AEVA
4.48,4.485,4.48,4.485,16377,2022-02-22 18:41:00,AEVA
4.4815,4.4815,4.4815,4.4815,109,2022-02-22 18:42:00,AEVA
4.49,4.49,4.49,4.49,500,2022-02-22 18:44:00,AEVA
4.485,4.485,4.485,4.485,100,2022-02-22 18:45:00,AEVA
4.485,4.485,4.48,4.48,3900,2022-02-22 18:46:00,AEVA
4.48,4.48,4.48,4.48,104,2022-02-22 18:47:00,AEVA
4.48,4.48,4.455,4.46,16416,2022-02-22 18:48:00,AEVA
4.45,4.4532,4.44,4.44,2755,2022-02-22 18:49:00,AEVA
4.4499,4.4499,4.4499,4.4499,200,2022-02-22 18:50:00,AEVA
4.445,4.45,4.445,4.4483,3812,2022-02-22 18:51:00,AEVA
4.4414,4.4414,4.4414,4.4414,256,2022-02-22 18:52:00,AEVA
4.445,4.445,4.44,4.44,300,2022-02-22 18:53:00,AEVA
4.44,4.445,4.435,4.435,3033,2022-02-22 18:54:00,AEVA
4.435,4.442,4.435,4.442,4520,2022-02-22 18:55:00,AEVA
4.4407,4.4407,4.44,4.44,600,2022-02-22 18:56:00,AEVA
4.445,4.445,4.44,4.44,201,2022-02-22 18:58:00,AEVA
4.445,4.45,4.445,4.45,2054,2022-02-22 18:59:00,AEVA
4.45,4.45,4.435,4.435,1064,2022-02-22 19:00:00,AEVA
4.435,4.435,4.435,4.435,700,2022-02-22 19:01:00,AEVA
4.435,4.44,4.435,4.44,1200,2022-02-22 19:02:00,AEVA
4.435,4.44,4.435,4.44,200,2022-02-22 19:03:00,AEVA
4.435,4.44,4.435,4.44,4401,2022-02-22 19:04:00,AEVA
4.44,4.44,4.44,4.44,1200,2022-02-22 19:05:00,AEVA
4.435,4.435,4.435,4.435,100,2022-02-22 19:06:00,AEVA
4.43,4.43,4.425,4.425,2035,2022-02-22 19:08:00,AEVA
4.4282,4.4282,4.4282,4.4282,200,2022-02-22 19:09:00,AEVA
4.425,4.425,4.42,4.42,3993,2022-02-22 19:10:00,AEVA
4.42,4.4279,4.42,4.4279,3400,2022-02-22 19:11:00,AEVA
4.425,4.44,4.425,4.44,5910,2022-02-22 19:12:00,AEVA
4.43,4.43,4.42,4.42,400,2022-02-22 19:13:00,AEVA
4.425,4.4461,4.4201,4.4461,8553,2022-02-22 19:14:00,AEVA
4.445,4.45,4.445,4.45,1400,2022-02-22 19:15:00,AEVA
4.45,4.455,4.45,4.45,1400,2022-02-22 19:16:00,AEVA
4.445,4.445,4.445,4.445,200,2022-02-22 19:17:00,AEVA
4.445,4.45,4.445,4.45,1200,2022-02-22 19:18:00,AEVA
4.4483,4.4483,4.44,4.44,600,2022-02-22 19:19:00,AEVA
4.445,4.47,4.445,4.465,10519,2022-02-22 19:20:00,AEVA
4.465,4.465,4.465,4.465,100,2022-02-22 19:21:00,AEVA
4.465,4.465,4.455,4.455,2385,2022-02-22 19:22:00,AEVA
4.45,4.45,4.45,4.45,500,2022-02-22 19:23:00,AEVA
4.44,4.445,4.435,4.44,3242,2022-02-22 19:24:00,AEVA
4.44,4.485,4.44,4.4779,7504,2022-02-22 19:25:00,AEVA
4.47,4.47,4.465,4.47,1100,2022-02-22 19:26:00,AEVA
4.465,4.47,4.465,4.47,1897,2022-02-22 19:27:00,AEVA
4.47,4.47,4.4501,4.455,2503,2022-02-22 19:28:00,AEVA
4.455,4.47,4.455,4.47,2111,2022-02-22 19:29:00,AEVA
4.46,4.465,4.455,4.465,5180,2022-02-22 19:30:00,AEVA
4.47,4.48,4.47,4.48,1019,2022-02-22 19:31:00,AEVA
4.48,4.485,4.48,4.48,2768,2022-02-22 19:32:00,AEVA
4.48,4.48,4.465,4.465,2373,2022-02-22 19:33:00,AEVA
4.465,4.475,4.465,4.475,2314,2022-02-22 19:34:00,AEVA
4.475,4.49,4.475,4.49,2353,2022-02-22 19:35:00,AEVA
4.48,4.485,4.4701,4.485,4993,2022-02-22 19:36:00,AEVA
4.485,4.485,4.485,4.485,300,2022-02-22 19:37:00,AEVA
4.49,4.49,4.48,4.48,1025,2022-02-22 19:38:00,AEVA
4.4701,4.475,4.4701,4.475,1650,2022-02-22 19:40:00,AEVA
4.475,4.4784,4.465,4.47,5267,2022-02-22 19:41:00,AEVA
4.4614,4.47,4.4614,4.47,4100,2022-02-22 19:42:00,AEVA
4.46,4.465,4.46,4.465,200,2022-02-22 19:43:00,AEVA
4.465,4.465,4.455,4.4599,3262,2022-02-22 19:44:00,AEVA
4.46,4.46,4.455,4.455,2112,2022-02-22 19:45:00,AEVA
4.45,4.45,4.445,4.445,1230,2022-02-22 19:46:00,AEVA
4.445,4.45,4.445,4.45,1509,2022-02-22 19:47:00,AEVA
4.45,4.47,4.445,4.47,6950,2022-02-22 19:48:00,AEVA
4.475,4.51,4.475,4.51,7913,2022-02-22 19:49:00,AEVA
4.51,4.525,4.51,4.525,1914,2022-02-22 19:50:00,AEVA
4.52,4.52,4.515,4.515,1913,2022-02-22 19:51:00,AEVA
4.5118,4.525,4.5118,4.525,3282,2022-02-22 19:52:00,AEVA
4.53,4.54,4.53,4.54,1438,2022-02-22 19:53:00,AEVA
4.5414,4.5414,4.535,4.535,2858,2022-02-22 19:54:00,AEVA
4.54,4.545,4.54,4.545,1200,2022-02-22 19:55:00,AEVA
4.55,4.56,4.55,4.56,2400,2022-02-22 19:56:00,AEVA
4.56,4.565,4.555,4.555,5561,2022-02-22 19:57:00,AEVA
4.55,4.555,4.55,4.555,1300,2022-02-22 19:58:00,AEVA
4.555,4.555,4.55,4.555,2422,2022-02-22 19:59:00,AEVA
4.5515,4.56,4.55,4.55,1484,2022-02-22 20:00:00,AEVA
4.55,4.565,4.55,4.555,10477,2022-02-22 20:01:00,AEVA
4.555,4.5712,4.555,4.5712,6769,2022-02-22 20:02:00,AEVA
4.5712,4.575,4.5712,4.575,1200,2022-02-22 20:03:00,AEVA
4.575,4.58,4.575,4.58,3700,2022-02-22 20:04:00,AEVA
4.585,4.59,4.565,4.565,13352,2022-02-22 20:05:00,AEVA
4.565,4.575,4.565,4.575,3686,2022-02-22 20:06:00,AEVA
4.57,4.57,4.57,4.57,2057,2022-02-22 20:07:00,AEVA
4.56,4.572,4.56,4.565,5144,2022-02-22 20:08:00,AEVA
4.56,4.56,4.555,4.56,1881,2022-02-22 20:09:00,AEVA
4.57,4.57,4.57,4.57,100,2022-02-22 20:10:00,AEVA
4.5686,4.57,4.5686,4.57,3802,2022-02-22 20:11:00,AEVA
4.57,4.57,4.565,4.57,5070,2022-02-22 20:12:00,AEVA
4.57,4.5775,4.565,4.575,3156,2022-02-22 20:13:00,AEVA
4.57,4.57,4.565,4.565,1623,2022-02-22 20:14:00,AEVA
4.565,4.57,4.565,4.57,794,2022-02-22 20:15:00,AEVA
4.57,4.57,4.56,4.565,2400,2022-02-22 20:16:00,AEVA
4.57,4.57,4.57,4.57,1355,2022-02-22 20:17:00,AEVA
4.56,4.56,4.555,4.555,1969,2022-02-22 20:18:00,AEVA
4.555,4.56,4.555,4.56,300,2022-02-22 20:19:00,AEVA
4.55,4.555,4.55,4.55,620,2022-02-22 20:20:00,AEVA
4.555,4.56,4.55,4.55,4396,2022-02-22 20:21:00,AEVA
4.54,4.54,4.54,4.54,500,2022-02-22 20:22:00,AEVA
4.54,4.54,4.525,4.525,1147,2022-02-22 20:23:00,AEVA
4.52,4.525,4.52,4.525,300,2022-02-22 20:24:00,AEVA
4.525,4.525,4.52,4.52,900,2022-02-22 20:25:00,AEVA
4.53,4.535,4.52,4.52,8735,2022-02-22 20:26:00,AEVA
4.52,4.525,4.52,4.525,300,2022-02-22 20:27:00,AEVA
4.53,4.5315,4.525,4.53,3204,2022-02-22 20:28:00,AEVA
4.525,4.53,4.52,4.525,1300,2022-02-22 20:29:00,AEVA
4.52,4.52,4.49,4.49,7372,2022-02-22 20:30:00,AEVA
4.495,4.495,4.485,4.485,3489,2022-02-22 20:31:00,AEVA
4.49,4.495,4.485,4.495,6410,2022-02-22 20:32:00,AEVA
4.495,4.495,4.485,4.485,1447,2022-02-22 20:33:00,AEVA
4.49,4.49,4.49,4.49,100,2022-02-22 20:34:00,AEVA
4.49,4.49,4.485,4.485,1520,2022-02-22 20:35:00,AEVA
4.485,4.485,4.475,4.475,4749,2022-02-22 20:36:00,AEVA
4.475,4.475,4.47,4.47,4100,2022-02-22 20:37:00,AEVA
4.47,4.475,4.47,4.47,1050,2022-02-22 20:38:00,AEVA
4.475,4.475,4.47,4.47,800,2022-02-22 20:39:00,AEVA
4.475,4.48,4.475,4.475,700,2022-02-22 20:40:00,AEVA
4.47,4.49,4.47,4.49,6222,2022-02-22 20:41:00,AEVA
4.48,4.48,4.46,4.46,6847,2022-02-22 20:42:00,AEVA
4.465,4.465,4.46,4.465,803,2022-02-22 20:43:00,AEVA
4.46,4.47,4.46,4.465,1500,2022-02-22 20:44:00,AEVA
4.46,4.465,4.46,4.46,700,2022-02-22 20:45:00,AEVA
4.465,4.47,4.46,4.46,6069,2022-02-22 20:46:00,AEVA
4.465,4.47,4.465,4.465,12694,2022-02-22 20:47:00,AEVA
4.465,4.47,4.46,4.465,2140,2022-02-22 20:48:00,AEVA
4.465,4.475,4.45,4.455,24413,2022-02-22 20:49:00,AEVA
4.45,4.455,4.445,4.45,9902,2022-02-22 20:50:00,AEVA
4.455,4.455,4.45,4.455,1900,2022-02-22 20:51:00,AEVA
4.45,4.45,4.44,4.44,3796,2022-02-22 20:52:00,AEVA
4.445,4.445,4.44,4.44,1100,2022-02-22 20:53:00,AEVA
4.445,4.445,4.44,4.44,3432,2022-02-22 20:54:00,AEVA
4.44,4.46,4.44,4.455,21723,2022-02-22 20:55:00,AEVA
4.455,4.455,4.44,4.445,16473,2022-02-22 20:56:00,AEVA
4.4488,4.45,4.44,4.445,3903,2022-02-22 20:57:00,AEVA
4.44,4.45,4.43,4.435,11687,2022-02-22 20:58:00,AEVA
4.435,4.44,4.42,4.42,48694,2022-02-22 20:59:00,AEVA
4.42,4.42,4.42,4.42,103120,2022-02-22 21:00:00,AEVA
4.43,4.43,4.42,4.42,1128,2022-02-22 21:01:00,AEVA
4.42,4.42,4.42,4.42,4717,2022-02-22 21:46:00,AEVA
4.67,4.67,4.67,4.67,159,2022-02-22 23:09:00,AEVA
4.68,4.68,4.68,4.68,120,2022-02-22 23:11:00,AEVA
4.65,4.65,4.65,4.65,100,2022-02-23 00:32:00,AEVA
4.65,4.65,4.65,4.65,500,2022-02-23 00:46:00,AEVA
4.49,4.49,4.49,4.49,250,2022-02-23 14:00:00,AEVA
4.4899,4.4899,4.4899,4.4899,500,2022-02-23 14:21:00,AEVA
4.5,4.5297,4.49,4.505,18644,2022-02-23 14:30:00,AEVA
4.505,4.505,4.505,4.505,500,2022-02-23 14:31:00,AEVA
4.51,4.526,4.49,4.49,8063,2022-02-23 14:32:00,AEVA
4.5,4.52,4.49,4.5,7034,2022-02-23 14:33:00,AEVA
4.52,4.54,4.52,4.54,4583,2022-02-23 14:34:00,AEVA
4.54,4.54,4.505,4.51,4240,2022-02-23 14:35:00,AEVA
4.5,4.51,4.5,4.5,948,2022-02-23 14:36:00,AEVA
4.49,4.51,4.485,4.5,5073,2022-02-23 14:37:00,AEVA
4.51,4.525,4.51,4.52,2881,2022-02-23 14:38:00,AEVA
4.53,4.54,4.53,4.53,7077,2022-02-23 14:39:00,AEVA
4.51,4.52,4.51,4.51,5686,2022-02-23 14:40:00,AEVA
4.52,4.53,4.49,4.495,7090,2022-02-23 14:41:00,AEVA
4.49,4.495,4.48,4.495,2045,2022-02-23 14:42:00,AEVA
4.487,4.49,4.487,4.49,2285,2022-02-23 14:43:00,AEVA
4.489,4.49,4.4727,4.48,13598,2022-02-23 14:44:00,AEVA
4.49,4.5,4.485,4.495,10915,2022-02-23 14:45:00,AEVA
4.49,4.495,4.49,4.49,509,2022-02-23 14:46:00,AEVA
4.4822,4.4885,4.4822,4.4885,2800,2022-02-23 14:48:00,AEVA
4.489,4.495,4.489,4.49,3915,2022-02-23 14:49:00,AEVA
4.48,4.48,4.45,4.45,900,2022-02-23 14:50:00,AEVA
4.445,4.46,4.445,4.455,6347,2022-02-23 14:51:00,AEVA
4.45,4.45,4.44,4.44,585,2022-02-23 14:52:00,AEVA
4.437,4.44,4.425,4.425,3803,2022-02-23 14:53:00,AEVA
4.425,4.43,4.425,4.43,200,2022-02-23 14:54:00,AEVA
4.42,4.42,4.405,4.405,2603,2022-02-23 14:55:00,AEVA
4.405,4.405,4.405,4.405,600,2022-02-23 14:56:00,AEVA
4.405,4.405,4.38,4.39,10759,2022-02-23 14:57:00,AEVA
4.385,4.39,4.3814,4.385,2236,2022-02-23 14:58:00,AEVA
4.385,4.395,4.3799,4.3799,5686,2022-02-23 14:59:00,AEVA
4.38,4.38,4.3695,4.375,6181,2022-02-23 15:00:00,AEVA
4.37,4.37,4.37,4.37,147,2022-02-23 15:01:00,AEVA
4.36,4.36,4.35,4.351,5841,2022-02-23 15:02:00,AEVA
4.355,4.355,4.355,4.355,2000,2022-02-23 15:03:00,AEVA
4.35,4.35,4.34,4.34,1200,2022-02-23 15:04:00,AEVA
4.33,4.33,4.325,4.33,3953,2022-02-23 15:05:00,AEVA
4.33,4.34,4.325,4.34,3987,2022-02-23 15:06:00,AEVA
4.34,4.34,4.33,4.33,900,2022-02-23 15:07:00,AEVA
4.335,4.335,4.3101,4.315,3969,2022-02-23 15:08:00,AEVA
4.32,4.34,4.32,4.34,3664,2022-02-23 15:09:00,AEVA
4.34,4.34,4.34,4.34,1200,2022-02-23 15:10:00,AEVA
4.35,4.35,4.345,4.345,3579,2022-02-23 15:11:00,AEVA
4.35,4.355,4.35,4.355,1000,2022-02-23 15:12:00,AEVA
4.36,4.37,4.355,4.37,3700,2022-02-23 15:13:00,AEVA
4.36,4.36,4.34,4.34,3206,2022-02-23 15:15:00,AEVA
4.3386,4.3386,4.33,4.33,5008,2022-02-23 15:16:00,AEVA
4.33,4.34,4.33,4.34,1812,2022-02-23 15:17:00,AEVA
4.35,4.36,4.345,4.345,1169,2022-02-23 15:18:00,AEVA
4.34,4.345,4.34,4.345,1770,2022-02-23 15:19:00,AEVA
4.34,4.35,4.34,4.35,1820,2022-02-23 15:20:00,AEVA
4.35,4.36,4.35,4.35,2433,2022-02-23 15:21:00,AEVA
4.36,4.37,4.36,4.37,1824,2022-02-23 15:22:00,AEVA
4.36,4.36,4.345,4.355,6842,2022-02-23 15:23:00,AEVA
4.35,4.35,4.33,4.34,2517,2022-02-23 15:24:00,AEVA
4.33,4.33,4.33,4.33,797,2022-02-23 15:25:00,AEVA
4.33,4.33,4.33,4.33,1831,2022-02-23 15:26:00,AEVA
4.3277,4.3277,4.3277,4.3277,200,2022-02-23 15:27:00,AEVA
4.33,4.345,4.33,4.345,3883,2022-02-23 15:28:00,AEVA
4.345,4.36,4.345,4.36,6591,2022-02-23 15:29:00,AEVA
4.36,4.37,4.36,4.37,1800,2022-02-23 15:30:00,AEVA
4.37,4.38,4.3667,4.38,6235,2022-02-23 15:31:00,AEVA
4.39,4.395,4.385,4.385,12998,2022-02-23 15:32:00,AEVA
4.38,4.38,4.38,4.38,2768,2022-02-23 15:34:00,AEVA
4.39,4.4,4.39,4.4,6300,2022-02-23 15:35:00,AEVA
4.405,4.405,4.4001,4.4001,300,2022-02-23 15:36:00,AEVA
4.4,4.4,4.39,4.395,3684,2022-02-23 15:37:00,AEVA
4.395,4.395,4.395,4.395,100,2022-02-23 15:38:00,AEVA
4.395,4.4,4.39,4.395,720,2022-02-23 15:39:00,AEVA
4.39,4.39,4.39,4.39,1431,2022-02-23 15:40:00,AEVA
4.38,4.38,4.38,4.38,100,2022-02-23 15:41:00,AEVA
4.38,4.38,4.375,4.38,1072,2022-02-23 15:42:00,AEVA
4.375,4.38,4.375,4.38,1800,2022-02-23 15:43:00,AEVA
4.38,4.38,4.365,4.365,3413,2022-02-23 15:44:00,AEVA
4.365,4.37,4.3636,4.3636,1200,2022-02-23 15:45:00,AEVA
4.37,4.38,4.365,4.38,2828,2022-02-23 15:46:00,AEVA
4.375,4.375,4.375,4.375,200,2022-02-23 15:47:00,AEVA
4.375,4.38,4.375,4.38,211,2022-02-23 15:48:00,AEVA
4.37,4.375,4.37,4.37,6795,2022-02-23 15:49:00,AEVA
4.375,4.375,4.37,4.3736,400,2022-02-23 15:50:00,AEVA
4.375,4.385,4.37,4.385,4937,2022-02-23 15:51:00,AEVA
4.385,4.3899,4.385,4.3899,980,2022-02-23 15:53:00,AEVA
4.385,4.385,4.375,4.375,1324,2022-02-23 15:54:00,AEVA
4.38,4.385,4.375,4.375,5343,2022-02-23 15:55:00,AEVA
4.38,4.385,4.38,4.385,1350,2022-02-23 15:56:00,AEVA
4.39,4.405,4.39,4.405,6815,2022-02-23 15:57:00,AEVA
4.4016,4.405,4.4016,4.405,800,2022-02-23 15:58:00,AEVA
4.4,4.405,4.4,4.405,951,2022-02-23 15:59:00,AEVA
4.395,4.395,4.395,4.395,100,2022-02-23 16:00:00,AEVA
4.39,4.39,4.39,4.39,900,2022-02-23 16:01:00,AEVA
4.39,4.3988,4.39,4.395,5291,2022-02-23 16:02:00,AEVA
4.399,4.4,4.395,4.395,3700,2022-02-23 16:03:00,AEVA
4.39,4.395,4.39,4.395,1200,2022-02-23 16:04:00,AEVA
4.385,4.385,4.385,4.385,100,2022-02-23 16:06:00,AEVA
4.3811,4.385,4.38,4.385,8904,2022-02-23 16:08:00,AEVA
4.385,4.385,4.38,4.385,1925,2022-02-23 16:09:00,AEVA
4.38,4.38,4.375,4.375,386,2022-02-23 16:10:00,AEVA
4.38,4.39,4.38,4.39,1462,2022-02-23 16:11:00,AEVA
4.385,4.385,4.385,4.385,1100,2022-02-23 16:14:00,AEVA
4.385,4.385,4.385,4.385,1400,2022-02-23 16:15:00,AEVA
4.385,4.39,4.385,4.39,1450,2022-02-23 16:16:00,AEVA
4.385,4.385,4.365,4.365,5469,2022-02-23 16:17:00,AEVA
4.365,4.365,4.365,4.365,100,2022-02-23 16:18:00,AEVA
4.365,4.365,4.365,4.365,300,2022-02-23 16:19:00,AEVA
4.365,4.365,4.365,4.365,100,2022-02-23 16:20:00,AEVA
4.365,4.3678,4.365,4.3678,282,2022-02-23 16:21:00,AEVA
4.365,4.37,4.365,4.37,3290,2022-02-23 16:22:00,AEVA
4.37,4.37,4.37,4.37,6195,2022-02-23 16:23:00,AEVA
4.375,4.375,4.375,4.375,200,2022-02-23 16:24:00,AEVA
4.38,4.38,4.38,4.38,3525,2022-02-23 16:25:00,AEVA
4.39,4.39,4.39,4.39,240,2022-02-23 16:27:00,AEVA
4.38,4.385,4.37,4.3745,1889,2022-02-23 16:29:00,AEVA
4.375,4.375,4.37,4.37,2550,2022-02-23 16:30:00,AEVA
4.37,4.385,4.365,4.385,6128,2022-02-23 16:31:00,AEVA
4.385,4.385,4.385,4.385,100,2022-02-23 16:32:00,AEVA
4.39,4.3942,4.39,4.39,3338,2022-02-23 16:33:00,AEVA
4.38,4.38,4.38,4.38,600,2022-02-23 16:35:00,AEVA
4.3786,4.3799,4.375,4.3799,4775,2022-02-23 16:36:00,AEVA
4.38,4.38,4.38,4.38,1888,2022-02-23 16:37:00,AEVA
4.39,4.4,4.39,4.4,2892,2022-02-23 16:38:00,AEVA
4.4,4.4,4.4,4.4,805,2022-02-23 16:39:00,AEVA
4.4,4.42,4.4,4.42,15294,2022-02-23 16:40:00,AEVA
4.42,4.42,4.41,4.41,2456,2022-02-23 16:41:00,AEVA
4.4,4.405,4.4,4.405,1100,2022-02-23 16:42:00,AEVA
4.395,4.395,4.395,4.395,280,2022-02-23 16:43:00,AEVA
4.39,4.39,4.385,4.385,1600,2022-02-23 16:45:00,AEVA
4.39,4.395,4.385,4.395,3020,2022-02-23 16:46:00,AEVA
4.4,4.41,4.4,4.41,2271,2022-02-23 16:48:00,AEVA
4.41,4.42,4.41,4.415,1404,2022-02-23 16:50:00,AEVA
4.415,4.42,4.41,4.42,3199,2022-02-23 16:51:00,AEVA
4.42,4.43,4.415,4.425,3341,2022-02-23 16:52:00,AEVA
4.43,4.45,4.43,4.445,7267,2022-02-23 16:53:00,AEVA
4.45,4.47,4.45,4.465,12908,2022-02-23 16:54:00,AEVA
4.47,4.48,4.47,4.48,2020,2022-02-23 16:55:00,AEVA
4.47,4.47,4.47,4.47,1400,2022-02-23 16:57:00,AEVA
4.465,4.465,4.465,4.465,100,2022-02-23 16:58:00,AEVA
4.465,4.465,4.465,4.465,100,2022-02-23 16:59:00,AEVA
4.465,4.47,4.4621,4.47,3000,2022-02-23 17:00:00,AEVA
4.47,4.475,4.47,4.475,4327,2022-02-23 17:01:00,AEVA
4.475,4.475,4.4709,4.4709,600,2022-02-23 17:03:00,AEVA
4.475,4.475,4.47,4.475,700,2022-02-23 17:04:00,AEVA
4.47,4.47,4.47,4.47,100,2022-02-23 17:05:00,AEVA
4.48,4.48,4.48,4.48,500,2022-02-23 17:07:00,AEVA
4.48,4.49,4.48,4.49,2946,2022-02-23 17:08:00,AEVA
4.49,4.49,4.4815,4.4815,400,2022-02-23 17:09:00,AEVA
4.48,4.485,4.475,4.475,5145,2022-02-23 17:10:00,AEVA
4.475,4.48,4.47,4.475,18728,2022-02-23 17:11:00,AEVA
4.48,4.49,4.48,4.49,1203,2022-02-23 17:12:00,AEVA
4.48,4.485,4.475,4.475,2800,2022-02-23 17:13:00,AEVA
4.48,4.48,4.4793,4.48,2600,2022-02-23 17:14:00,AEVA
4.48,4.485,4.48,4.485,1114,2022-02-23 17:15:00,AEVA
4.49,4.49,4.4858,4.49,400,2022-02-23 17:17:00,AEVA
4.485,4.485,4.485,4.485,100,2022-02-23 17:18:00,AEVA
4.485,4.495,4.48,4.495,2423,2022-02-23 17:19:00,AEVA
4.5,4.5,4.5,4.5,100,2022-02-23 17:20:00,AEVA
4.5,4.5,4.5,4.5,200,2022-02-23 17:21:00,AEVA
4.495,4.5,4.495,4.5,200,2022-02-23 17:22:00,AEVA
4.5,4.5,4.4915,4.495,426,2022-02-23 17:23:00,AEVA
4.495,4.5,4.495,4.5,200,2022-02-23 17:24:00,AEVA
4.495,4.495,4.49,4.49,900,2022-02-23 17:25:00,AEVA
4.495,4.5,4.495,4.5,200,2022-02-23 17:26:00,AEVA
4.49,4.5,4.49,4.5,300,2022-02-23 17:27:00,AEVA
4.495,4.5,4.495,4.5,500,2022-02-23 17:28:00,AEVA
4.4984,4.4984,4.495,4.495,900,2022-02-23 17:29:00,AEVA
4.49,4.495,4.49,4.495,2049,2022-02-23 17:30:00,AEVA
4.49,4.49,4.49,4.49,500,2022-02-23 17:32:00,AEVA
4.48,4.48,4.47,4.475,4619,2022-02-23 17:33:00,AEVA
4.47,4.47,4.465,4.47,1332,2022-02-23 17:34:00,AEVA
4.46,4.46,4.46,4.46,200,2022-02-23 17:35:00,AEVA
4.46,4.46,4.455,4.46,1500,2022-02-23 17:36:00,AEVA
4.46,4.465,4.46,4.46,4308,2022-02-23 17:37:00,AEVA
4.4508,4.4508,4.4508,4.4508,100,2022-02-23 17:38:00,AEVA
4.46,4.46,4.46,4.46,564,2022-02-23 17:40:00,AEVA
4.455,4.455,4.455,4.455,109,2022-02-23 17:41:00,AEVA
4.455,4.46,4.455,4.455,600,2022-02-23 17:42:00,AEVA
4.4501,4.46,4.4501,4.46,4852,2022-02-23 17:43:00,AEVA
4.47,4.475,4.47,4.47,3200,2022-02-23 17:44:00,AEVA
4.47,4.48,4.47,4.475,6858,2022-02-23 17:46:00,AEVA
4.475,4.475,4.475,4.475,100,2022-02-23 17:47:00,AEVA
4.475,4.475,4.475,4.475,100,2022-02-23 17:49:00,AEVA
4.47,4.47,4.47,4.47,1761,2022-02-23 17:50:00,AEVA
4.46,4.46,4.455,4.455,2950,2022-02-23 17:51:00,AEVA
4.4504,4.4504,4.445,4.445,4481,2022-02-23 17:53:00,AEVA
4.45,4.45,4.445,4.445,600,2022-02-23 17:55:00,AEVA
4.4458,4.45,4.4458,4.45,250,2022-02-23 17:56:00,AEVA
4.445,4.445,4.445,4.445,200,2022-02-23 17:57:00,AEVA
4.4491,4.45,4.445,4.445,1550,2022-02-23 17:58:00,AEVA
4.445,4.445,4.445,4.445,400,2022-02-23 17:59:00,AEVA
4.445,4.445,4.445,4.445,700,2022-02-23 18:00:00,AEVA
4.445,4.445,4.445,4.445,600,2022-02-23 18:01:00,AEVA
4.445,4.445,4.435,4.44,2700,2022-02-23 18:02:00,AEVA
4.44,4.44,4.43,4.435,3315,2022-02-23 18:03:00,AEVA
4.435,4.435,4.435,4.435,600,2022-02-23 18:04:00,AEVA
4.43,4.435,4.43,4.43,1820,2022-02-23 18:05:00,AEVA
4.425,4.4287,4.425,4.4287,700,2022-02-23 18:09:00,AEVA
4.42,4.42,4.41,4.415,3400,2022-02-23 18:11:00,AEVA
4.41,4.41,4.405,4.405,1800,2022-02-23 18:12:00,AEVA
4.4,4.41,4.4,4.405,17888,2022-02-23 18:13:00,AEVA
4.405,4.41,4.405,4.41,400,2022-02-23 18:14:00,AEVA
4.405,4.405,4.4,4.405,500,2022-02-23 18:15:00,AEVA
4.405,4.41,4.404,4.405,3600,2022-02-23 18:16:00,AEVA
4.4055,4.42,4.4055,4.42,3604,2022-02-23 18:17:00,AEVA
4.42,4.42,4.4116,4.4116,200,2022-02-23 18:19:00,AEVA
4.4144,4.42,4.4144,4.42,500,2022-02-23 18:20:00,AEVA
4.4155,4.4155,4.415,4.415,300,2022-02-23 18:21:00,AEVA
4.41,4.41,4.405,4.405,2459,2022-02-23 18:23:00,AEVA
4.405,4.405,4.4,4.4,4229,2022-02-23 18:24:00,AEVA
4.4001,4.4001,4.4,4.4,1600,2022-02-23 18:26:00,AEVA
4.39,4.39,4.39,4.39,1997,2022-02-23 18:27:00,AEVA
4.38,4.38,4.37,4.37,2977,2022-02-23 18:29:00,AEVA
4.38,4.4,4.38,4.4,5166,2022-02-23 18:30:00,AEVA
4.39,4.39,4.38,4.388,1923,2022-02-23 18:31:00,AEVA
4.3816,4.3855,4.38,4.3855,2314,2022-02-23 18:33:00,AEVA
4.385,4.385,4.38,4.38,200,2022-02-23 18:34:00,AEVA
4.385,4.385,4.385,4.385,100,2022-02-23 18:35:00,AEVA
4.39,4.39,4.3815,4.3815,1133,2022-02-23 18:36:00,AEVA
4.385,4.39,4.385,4.385,600,2022-02-23 18:37:00,AEVA
4.385,4.4,4.385,4.4,2981,2022-02-23 18:38:00,AEVA
4.4,4.4,4.4,4.4,100,2022-02-23 18:39:00,AEVA
4.395,4.395,4.395,4.395,200,2022-02-23 18:40:00,AEVA
4.395,4.4,4.395,4.395,542,2022-02-23 18:41:00,AEVA
4.395,4.395,4.395,4.395,100,2022-02-23 18:43:00,AEVA
4.395,4.395,4.39,4.395,1854,2022-02-23 18:44:00,AEVA
4.4,4.41,4.4,4.405,4718,2022-02-23 18:45:00,AEVA
4.41,4.41,4.4,4.41,3650,2022-02-23 18:46:00,AEVA
4.41,4.42,4.41,4.42,1200,2022-02-23 18:47:00,AEVA
4.41,4.415,4.41,4.415,2537,2022-02-23 18:48:00,AEVA
4.415,4.415,4.415,4.415,400,2022-02-23 18:50:00,AEVA
4.41,4.43,4.41,4.42,12561,2022-02-23 18:51:00,AEVA
4.425,4.425,4.42,4.42,589,2022-02-23 18:52:00,AEVA
4.42,4.42,4.41,4.415,3916,2022-02-23 18:53:00,AEVA
4.415,4.415,4.4001,4.4001,4578,2022-02-23 18:54:00,AEVA
4.405,4.41,4.405,4.41,3459,2022-02-23 18:55:00,AEVA
4.415,4.43,4.415,4.425,4819,2022-02-23 18:56:00,AEVA
4.42,4.42,4.42,4.42,100,2022-02-23 18:59:00,AEVA
4.425,4.425,4.425,4.425,500,2022-02-23 19:00:00,AEVA
4.43,4.44,4.4297,4.435,5205,2022-02-23 19:01:00,AEVA
4.435,4.435,4.42,4.42,4027,2022-02-23 19:02:00,AEVA
4.41,4.41,4.41,4.41,200,2022-02-23 19:03:00,AEVA
4.41,4.415,4.41,4.415,200,2022-02-23 19:05:00,AEVA
4.42,4.42,4.415,4.415,300,2022-02-23 19:06:00,AEVA
4.415,4.415,4.415,4.415,100,2022-02-23 19:07:00,AEVA
4.415,4.415,4.415,4.415,300,2022-02-23 19:09:00,AEVA
4.42,4.43,4.42,4.43,2921,2022-02-23 19:10:00,AEVA
4.4218,4.425,4.42,4.42,1600,2022-02-23 19:11:00,AEVA
4.42,4.425,4.415,4.42,2600,2022-02-23 19:12:00,AEVA
4.417,4.42,4.415,4.42,1400,2022-02-23 19:13:00,AEVA
4.415,4.43,4.415,4.425,2591,2022-02-23 19:14:00,AEVA
4.425,4.43,4.425,4.43,2850,2022-02-23 19:15:00,AEVA
4.42,4.42,4.42,4.42,100,2022-02-23 19:16:00,AEVA
4.42,4.425,4.42,4.425,300,2022-02-23 19:17:00,AEVA
4.42,4.43,4.42,4.425,6559,2022-02-23 19:18:00,AEVA
4.42,4.425,4.42,4.425,4079,2022-02-23 19:19:00,AEVA
4.425,4.425,4.42,4.42,200,2022-02-23 19:20:00,AEVA
4.425,4.425,4.41,4.42,2155,2022-02-23 19:21:00,AEVA
4.41,4.41,4.4,4.41,3403,2022-02-23 19:22:00,AEVA
4.4,4.405,4.4,4.4,700,2022-02-23 19:23:00,AEVA
4.405,4.405,4.38,4.38,2758,2022-02-23 19:24:00,AEVA
4.385,4.39,4.385,4.39,3423,2022-02-23 19:25:00,AEVA
4.385,4.39,4.38,4.38,7700,2022-02-23 19:26:00,AEVA
4.3814,4.385,4.38,4.38,1610,2022-02-23 19:27:00,AEVA
4.38,4.38,4.38,4.38,541,2022-02-23 19:28:00,AEVA
4.38,4.385,4.38,4.38,874,2022-02-23 19:29:00,AEVA
4.385,4.39,4.385,4.39,1719,2022-02-23 19:30:00,AEVA
4.385,4.385,4.37,4.375,4294,2022-02-23 19:31:00,AEVA
4.37,4.37,4.36,4.365,1100,2022-02-23 19:32:00,AEVA
4.365,4.37,4.36,4.365,4573,2022-02-23 19:33:00,AEVA
4.365,4.37,4.355,4.37,5094,2022-02-23 19:34:00,AEVA
4.37,4.38,4.37,4.38,2416,2022-02-23 19:35:00,AEVA
4.37,4.3793,4.37,4.3793,1475,2022-02-23 19:37:00,AEVA
4.3716,4.3716,4.3716,4.3716,100,2022-02-23 19:38:00,AEVA
4.375,4.375,4.375,4.375,400,2022-02-23 19:39:00,AEVA
4.37,4.37,4.37,4.37,100,2022-02-23 19:40:00,AEVA
4.375,4.38,4.37,4.37,1200,2022-02-23 19:41:00,AEVA
4.375,4.38,4.37,4.37,1650,2022-02-23 19:42:00,AEVA
4.37,4.375,4.37,4.375,300,2022-02-23 19:43:00,AEVA
4.375,4.38,4.37,4.38,528,2022-02-23 19:44:00,AEVA
4.37,4.37,4.37,4.37,200,2022-02-23 19:45:00,AEVA
4.375,4.375,4.375,4.375,100,2022-02-23 19:46:00,AEVA
4.375,4.385,4.375,4.385,6200,2022-02-23 19:47:00,AEVA
4.385,4.385,4.385,4.385,400,2022-02-23 19:48:00,AEVA
4.38,4.38,4.38,4.38,100,2022-02-23 19:49:00,AEVA
4.38,4.38,4.37,4.37,3439,2022-02-23 19:50:00,AEVA
4.3716,4.38,4.37,4.37,2800,2022-02-23 19:51:00,AEVA
4.375,4.375,4.37,4.375,600,2022-02-23 19:52:00,AEVA
4.37,4.375,4.35,4.355,6993,2022-02-23 19:53:00,AEVA
4.355,4.36,4.35,4.36,3400,2022-02-23 19:54:00,AEVA
4.35,4.35,4.35,4.35,200,2022-02-23 19:55:00,AEVA
4.355,4.3599,4.35,4.3599,2153,2022-02-23 19:56:00,AEVA
4.355,4.355,4.35,4.35,500,2022-02-23 19:57:00,AEVA
4.355,4.355,4.35,4.35,1430,2022-02-23 19:58:00,AEVA
4.35,4.355,4.34,4.34,10255,2022-02-23 19:59:00,AEVA
4.35,4.355,4.35,4.35,8212,2022-02-23 20:00:00,AEVA
4.35,4.3581,4.345,4.345,2503,2022-02-23 20:01:00,AEVA
4.35,4.35,4.34,4.345,6133,2022-02-23 20:02:00,AEVA
4.34,4.34,4.33,4.335,5589,2022-02-23 20:03:00,AEVA
4.33,4.33,4.33,4.33,4453,2022-02-23 20:04:00,AEVA
4.325,4.33,4.325,4.33,1200,2022-02-23 20:05:00,AEVA
4.325,4.325,4.31,4.32,5603,2022-02-23 20:06:00,AEVA
4.32,4.32,4.32,4.32,200,2022-02-23 20:07:00,AEVA
4.32,4.32,4.31,4.31,1020,2022-02-23 20:08:00,AEVA
4.315,4.315,4.31,4.31,1635,2022-02-23 20:09:00,AEVA
4.3099,4.31,4.3045,4.31,7220,2022-02-23 20:10:00,AEVA
4.315,4.315,4.315,4.315,3400,2022-02-23 20:11:00,AEVA
4.315,4.315,4.31,4.315,500,2022-02-23 20:12:00,AEVA
4.315,4.315,4.3,4.305,5774,2022-02-23 20:13:00,AEVA
4.305,4.315,4.305,4.315,3109,2022-02-23 20:14:00,AEVA
4.315,4.315,4.315,4.315,300,2022-02-23 20:15:00,AEVA
4.3113,4.32,4.3113,4.32,3020,2022-02-23 20:16:00,AEVA
4.325,4.325,4.32,4.32,674,2022-02-23 20:17:00,AEVA
4.32,4.32,4.315,4.315,2255,2022-02-23 20:18:00,AEVA
4.315,4.315,4.315,4.315,400,2022-02-23 20:19:00,AEVA
4.315,4.315,4.31,4.31,400,2022-02-23 20:20:00,AEVA
4.315,4.315,4.3,4.305,3919,2022-02-23 20:21:00,AEVA
4.305,4.305,4.3,4.3,1330,2022-02-23 20:22:00,AEVA
4.3,4.305,4.295,4.3,5920,2022-02-23 20:23:00,AEVA
4.3,4.305,4.3,4.305,300,2022-02-23 20:24:00,AEVA
4.305,4.305,4.3,4.305,763,2022-02-23 20:25:00,AEVA
4.305,4.31,4.305,4.31,6440,2022-02-23 20:26:00,AEVA
4.315,4.315,4.31,4.31,4978,2022-02-23 20:27:00,AEVA
4.31,4.31,4.3,4.3,1920,2022-02-23 20:28:00,AEVA
4.305,4.315,4.3,4.315,6497,2022-02-23 20:29:00,AEVA
4.315,4.315,4.31,4.315,2000,2022-02-23 20:30:00,AEVA
4.315,4.315,4.31,4.315,2000,2022-02-23 20:31:00,AEVA
4.31,4.315,4.305,4.305,3115,2022-02-23 20:32:00,AEVA
4.305,4.315,4.305,4.31,9010,2022-02-23 20:33:00,AEVA
4.32,4.32,4.315,4.315,1100,2022-02-23 20:34:00,AEVA
4.315,4.3199,4.31,4.315,1800,2022-02-23 20:35:00,AEVA
4.315,4.315,4.3015,4.305,3984,2022-02-23 20:36:00,AEVA
4.31,4.315,4.31,4.31,5884,2022-02-23 20:37:00,AEVA
4.315,4.315,4.315,4.315,400,2022-02-23 20:38:00,AEVA
4.315,4.315,4.3,4.3,2858,2022-02-23 20:39:00,AEVA
4.3,4.305,4.3,4.3,1609,2022-02-23 20:40:00,AEVA
4.305,4.305,4.29,4.291,3146,2022-02-23 20:41:00,AEVA
4.295,4.295,4.29,4.29,2067,2022-02-23 20:42:00,AEVA
4.295,4.295,4.29,4.29,5795,2022-02-23 20:43:00,AEVA
4.29,4.295,4.285,4.29,10656,2022-02-23 20:44:00,AEVA
4.29,4.295,4.29,4.29,2000,2022-02-23 20:45:00,AEVA
4.295,4.295,4.29,4.29,1725,2022-02-23 20:46:00,AEVA
4.29,4.295,4.29,4.295,3075,2022-02-23 20:47:00,AEVA
4.29,4.295,4.28,4.28,4676,2022-02-23 20:48:00,AEVA
4.285,4.285,4.28,4.28,1300,2022-02-23 20:49:00,AEVA
4.28,4.28,4.265,4.27,23505,2022-02-23 20:50:00,AEVA
4.265,4.275,4.26,4.275,18046,2022-02-23 20:51:00,AEVA
4.275,4.285,4.27,4.275,23532,2022-02-23 20:52:00,AEVA
4.275,4.28,4.27,4.27,1913,2022-02-23 20:53:00,AEVA
4.27,4.275,4.27,4.27,6296,2022-02-23 20:54:00,AEVA
4.27,4.275,4.27,4.275,5827,2022-02-23 20:55:00,AEVA
4.275,4.275,4.27,4.27,4224,2022-02-23 20:56:00,AEVA
4.27,4.28,4.27,4.275,13905,2022-02-23 20:57:00,AEVA
4.27,4.2788,4.27,4.27,9484,2022-02-23 20:58:00,AEVA
4.275,4.28,4.25,4.25,38936,2022-02-23 20:59:00,AEVA
4.25,4.25,4.25,4.25,101149,2022-02-23 21:00:00,AEVA
4.25,4.25,4.25,4.25,181,2022-02-23 21:02:00,AEVA
4.25,4.25,4.25,4.25,4717,2022-02-23 21:34:00,AEVA
4.4,4.4,4.4,4.4,1000,2022-02-23 21:44:00,AEVA
4.4,4.4,4.4,4.4,3000,2022-02-23 21:50:00,AEVA
4.42,4.42,4.42,4.42,300,2022-02-23 22:10:00,AEVA
4.4,4.4,4.4,4.4,100,2022-02-23 22:12:00,AEVA
4.3,4.3,4.3,4.3,2099,2022-02-23 22:13:00,AEVA
4.39,4.39,4.39,4.39,100,2022-02-24 00:04:00,AEVA
4.39,4.39,4.39,4.39,600,2022-02-24 00:32:00,AEVA
4.39,4.39,4.39,4.39,120,2022-02-24 00:38:00,AEVA
4.06,4.06,4.06,4.06,140,2022-02-24 13:04:00,AEVA
4.06,4.06,4.06,4.06,160,2022-02-24 13:13:00,AEVA
4.0,4.0,4.0,4.0,300,2022-02-24 13:36:00,AEVA
4.06,4.06,4.06,4.06,300,2022-02-24 13:52:00,AEVA
4.0,4.0,4.0,4.0,100,2022-02-24 13:56:00,AEVA
4.06,4.06,4.06,4.06,200,2022-02-24 13:58:00,AEVA
4.04,4.04,4.04,4.04,200,2022-02-24 13:59:00,AEVA
4.06,4.06,4.06,4.06,498,2022-02-24 14:08:00,AEVA
4.05,4.05,4.05,4.05,100,2022-02-24 14:17:00,AEVA
4.02,4.02,4.02,4.02,100,2022-02-24 14:22:00,AEVA
4.0,4.04,3.95,4.01,25173,2022-02-24 14:30:00,AEVA
4.03,4.03,3.95,4.0,21323,2022-02-24 14:31:00,AEVA
4.0,4.02,4.0,4.0,2320,2022-02-24 14:32:00,AEVA
4.0,4.0,3.9995,3.9995,1078,2022-02-24 14:33:00,AEVA
3.99,3.99,3.87,3.87,9810,2022-02-24 14:34:00,AEVA
3.905,3.91,3.87,3.91,39242,2022-02-24 14:35:00,AEVA
3.91,3.95,3.8961,3.935,11211,2022-02-24 14:36:00,AEVA
3.95,4.06,3.94,4.045,8786,2022-02-24 14:37:00,AEVA
4.045,4.045,3.98,4.0005,12688,2022-02-24 14:38:00,AEVA
4.005,4.0269,4.0,4.0269,2214,2022-02-24 14:39:00,AEVA
4.02,4.05,3.97,3.97,16144,2022-02-24 14:40:00,AEVA
3.95,3.96,3.9,3.95,49406,2022-02-24 14:41:00,AEVA
3.96,3.9933,3.94,3.94,19586,2022-02-24 14:42:00,AEVA
3.9795,3.9795,3.85,3.85,24405,2022-02-24 14:43:00,AEVA
3.88,3.93,3.87,3.87,12813,2022-02-24 14:44:00,AEVA
3.9,3.94,3.88,3.92,21325,2022-02-24 14:45:00,AEVA
3.92,3.96,3.92,3.95,9069,2022-02-24 14:46:00,AEVA
3.9599,3.9599,3.9401,3.9401,1300,2022-02-24 14:47:00,AEVA
3.94,3.96,3.94,3.945,15824,2022-02-24 14:48:00,AEVA
3.945,3.96,3.93,3.93,11779,2022-02-24 14:49:00,AEVA
3.92,3.93,3.91,3.91,13948,2022-02-24 14:50:00,AEVA
3.91,3.92,3.89,3.92,14533,2022-02-24 14:51:00,AEVA
3.915,3.915,3.895,3.8981,28826,2022-02-24 14:52:00,AEVA
3.895,3.9,3.88,3.88,4910,2022-02-24 14:53:00,AEVA
3.88,3.8857,3.88,3.8857,6062,2022-02-24 14:54:00,AEVA
3.88,3.9099,3.88,3.9,17848,2022-02-24 14:55:00,AEVA
3.9,3.9,3.9,3.9,36800,2022-02-24 14:56:00,AEVA
3.9,3.92,3.895,3.895,84986,2022-02-24 14:57:00,AEVA
3.9,3.9,3.895,3.895,18521,2022-02-24 14:58:00,AEVA
3.895,3.895,3.89,3.895,3980,2022-02-24 14:59:00,AEVA
3.895,3.9,3.87,3.88,6878,2022-02-24 15:00:00,AEVA
3.88,3.885,3.88,3.88,5115,2022-02-24 15:01:00,AEVA
3.88,3.88,3.8731,3.875,3035,2022-02-24 15:02:00,AEVA
3.875,3.88,3.875,3.875,2800,2022-02-24 15:03:00,AEVA
3.8785,3.89,3.875,3.89,2001,2022-02-24 15:04:00,AEVA
3.885,3.89,3.885,3.885,1000,2022-02-24 15:05:00,AEVA
3.88,3.885,3.85,3.86,21343,2022-02-24 15:06:00,AEVA
3.866,3.866,3.86,3.86,400,2022-02-24 15:07:00,AEVA
3.8586,3.88,3.8586,3.865,6227,2022-02-24 15:08:00,AEVA
3.8681,3.87,3.86,3.86,2518,2022-02-24 15:09:00,AEVA
3.865,3.875,3.865,3.87,3335,2022-02-24 15:10:00,AEVA
3.875,3.875,3.875,3.875,200,2022-02-24 15:11:00,AEVA
3.88,3.89,3.875,3.875,2577,2022-02-24 15:12:00,AEVA
3.875,3.875,3.875,3.875,5500,2022-02-24 15:13:00,AEVA
3.87,3.88,3.86,3.88,4207,2022-02-24 15:14:00,AEVA
3.89,3.895,3.885,3.8901,2881,2022-02-24 15:15:00,AEVA
3.9,3.9,3.89,3.89,800,2022-02-24 15:16:00,AEVA
3.89,3.97,3.886,3.95,108408,2022-02-24 15:17:00,AEVA
3.97,3.99,3.96,3.98,3851,2022-02-24 15:18:00,AEVA
3.9882,4.0,3.988,4.0,10990,2022-02-24 15:19:00,AEVA
4.01,4.08,4.01,4.05,14320,2022-02-24 15:20:00,AEVA
4.0738,4.0738,4.05,4.07,1500,2022-02-24 15:21:00,AEVA
4.059,4.0699,4.03,4.03,4516,2022-02-24 15:22:00,AEVA
4.03,4.0399,4.0,4.0,8637,2022-02-24 15:23:00,AEVA
4.005,4.01,3.97,3.97,6181,2022-02-24 15:24:00,AEVA
3.985,3.9997,3.965,3.965,2512,2022-02-24 15:25:00,AEVA
3.96,3.99,3.96,3.99,6288,2022-02-24 15:26:00,AEVA
3.985,3.985,3.975,3.98,1100,2022-02-24 15:27:00,AEVA
3.98,3.99,3.98,3.99,1675,2022-02-24 15:28:00,AEVA
3.985,4.0,3.98,4.0,4981,2022-02-24 15:29:00,AEVA
4.01,4.02,4.01,4.02,7130,2022-02-24 15:30:00,AEVA
4.02,4.03,4.01,4.025,6653,2022-02-24 15:31:00,AEVA
4.025,4.03,4.02,4.02,5115,2022-02-24 15:32:00,AEVA
4.02,4.025,4.0145,4.025,2200,2022-02-24 15:33:00,AEVA
4.04,4.04,4.03,4.03,1300,2022-02-24 15:34:00,AEVA
4.0235,4.0392,4.0232,4.03,7000,2022-02-24 15:35:00,AEVA
4.03,4.03,4.0,4.0,3101,2022-02-24 15:36:00,AEVA
3.98,3.985,3.98,3.98,5800,2022-02-24 15:37:00,AEVA
3.9714,3.985,3.9714,3.985,2202,2022-02-24 15:38:00,AEVA
3.9899,3.9899,3.98,3.9805,980,2022-02-24 15:39:00,AEVA
3.98,3.98,3.96,3.965,10251,2022-02-24 15:40:00,AEVA
3.965,3.975,3.965,3.965,1910,2022-02-24 15:41:00,AEVA
3.965,3.97,3.96,3.965,2171,2022-02-24 15:42:00,AEVA
3.965,3.98,3.965,3.9778,2088,2022-02-24 15:43:00,AEVA
3.98,3.98,3.97,3.97,586,2022-02-24 15:44:00,AEVA
3.96,4.0,3.96,4.0,1604,2022-02-24 15:46:00,AEVA
4.0,4.01,4.0,4.0,1199,2022-02-24 15:47:00,AEVA
4.005,4.01,4.005,4.01,1000,2022-02-24 15:48:00,AEVA
4.02,4.0212,4.02,4.0212,1797,2022-02-24 15:49:00,AEVA
4.0299,4.0299,4.015,4.015,1925,2022-02-24 15:50:00,AEVA
4.015,4.0199,4.01,4.0199,593,2022-02-24 15:51:00,AEVA
4.01,4.01,4.0,4.0,2750,2022-02-24 15:52:00,AEVA
4.0,4.015,4.0,4.01,4300,2022-02-24 15:53:00,AEVA
4.015,4.015,4.015,4.015,400,2022-02-24 15:54:00,AEVA
4.015,4.015,4.015,4.015,300,2022-02-24 15:55:00,AEVA
4.01,4.015,4.01,4.015,752,2022-02-24 15:56:00,AEVA
4.015,4.025,4.015,4.02,4190,2022-02-24 15:57:00,AEVA
4.015,4.02,4.015,4.015,1123,2022-02-24 15:58:00,AEVA
4.015,4.02,4.0117,4.015,2103,2022-02-24 15:59:00,AEVA
4.015,4.025,4.005,4.025,6588,2022-02-24 16:00:00,AEVA
4.03,4.03,4.025,4.025,3027,2022-02-24 16:01:00,AEVA
4.025,4.025,4.015,4.015,923,2022-02-24 16:02:00,AEVA
4.0199,4.0199,4.0,4.0,1474,2022-02-24 16:03:00,AEVA
3.995,3.9999,3.995,3.995,1770,2022-02-24 16:04:00,AEVA
3.995,3.995,3.99,3.995,1100,2022-02-24 16:05:00,AEVA
3.995,3.995,3.99,3.99,500,2022-02-24 16:06:00,AEVA
3.995,4.0,3.99,4.0,19469,2022-02-24 16:07:00,AEVA
4.005,4.01,4.0,4.01,1800,2022-02-24 16:08:00,AEVA
4.01,4.025,4.01,4.025,1585,2022-02-24 16:09:00,AEVA
4.025,4.025,4.025,4.025,3000,2022-02-24 16:10:00,AEVA
4.025,4.0664,4.025,4.0664,13598,2022-02-24 16:11:00,AEVA
4.065,4.065,4.05,4.0532,2442,2022-02-24 16:12:00,AEVA
4.05,4.0584,4.05,4.05,4675,2022-02-24 16:13:00,AEVA
4.0599,4.0599,4.0599,4.0599,150,2022-02-24 16:14:00,AEVA
4.05,4.05,4.03,4.0301,2650,2022-02-24 16:16:00,AEVA
4.035,4.04,4.03,4.04,1400,2022-02-24 16:17:00,AEVA
4.04,4.07,4.04,4.07,3706,2022-02-24 16:18:00,AEVA
4.065,4.07,4.06,4.07,1700,2022-02-24 16:19:00,AEVA
4.075,4.075,4.06,4.06,300,2022-02-24 16:20:00,AEVA
4.06,4.06,4.04,4.05,2717,2022-02-24 16:21:00,AEVA
4.0401,4.05,4.0401,4.05,1200,2022-02-24 16:22:00,AEVA
4.05,4.05,4.05,4.05,425,2022-02-24 16:23:00,AEVA
4.04,4.04,4.04,4.04,1198,2022-02-24 16:24:00,AEVA
4.03,4.03,4.03,4.03,2050,2022-02-24 16:25:00,AEVA
4.03,4.04,4.03,4.035,2441,2022-02-24 16:26:00,AEVA
4.035,4.035,4.02,4.02,1299,2022-02-24 16:27:00,AEVA
4.025,4.04,4.02,4.02,10114,2022-02-24 16:29:00,AEVA
4.02,4.02,4.02,4.02,400,2022-02-24 16:30:00,AEVA
4.01,4.01,4.0,4.0,2155,2022-02-24 16:31:00,AEVA
4.0037,4.005,4.0037,4.005,200,2022-02-24 16:32:00,AEVA
4.01,4.01,3.98,3.98,18100,2022-02-24 16:33:00,AEVA
3.98,3.99,3.98,3.98,10122,2022-02-24 16:34:00,AEVA
3.98,3.98,3.96,3.96,4220,2022-02-24 16:35:00,AEVA
3.955,3.96,3.955,3.96,1514,2022-02-24 16:36:00,AEVA
3.96,3.96,3.95,3.96,6109,2022-02-24 16:38:00,AEVA
3.96,3.97,3.96,3.97,7424,2022-02-24 16:39:00,AEVA
3.965,3.965,3.965,3.965,300,2022-02-24 16:40:00,AEVA
3.965,3.965,3.945,3.945,8770,2022-02-24 16:41:00,AEVA
3.95,3.95,3.95,3.95,950,2022-02-24 16:42:00,AEVA
3.94,3.94,3.935,3.935,3284,2022-02-24 16:43:00,AEVA
3.94,3.955,3.94,3.955,2713,2022-02-24 16:44:00,AEVA
3.955,3.955,3.94,3.9499,3051,2022-02-24 16:46:00,AEVA
3.95,3.95,3.95,3.95,4242,2022-02-24 16:47:00,AEVA
3.945,3.96,3.945,3.95,12621,2022-02-24 16:48:00,AEVA
3.96,3.98,3.96,3.975,1607,2022-02-24 16:50:00,AEVA
3.975,4.0269,3.975,4.02,4388,2022-02-24 16:51:00,AEVA
4.01,4.02,4.01,4.02,1800,2022-02-24 16:53:00,AEVA
4.03,4.04,4.03,4.03,2410,2022-02-24 16:54:00,AEVA
4.045,4.045,4.045,4.045,200,2022-02-24 16:55:00,AEVA
4.05,4.06,4.04,4.05,1588,2022-02-24 16:56:00,AEVA
4.04,4.04,4.035,4.035,3589,2022-02-24 16:57:00,AEVA
4.03,4.03,4.025,4.025,5407,2022-02-24 16:58:00,AEVA
4.025,4.0299,4.025,4.025,2700,2022-02-24 16:59:00,AEVA
4.025,4.025,4.025,4.025,200,2022-02-24 17:00:00,AEVA
4.0216,4.0216,4.0216,4.0216,105,2022-02-24 17:01:00,AEVA
4.0201,4.0201,4.0201,4.0201,155,2022-02-24 17:02:00,AEVA
4.02,4.02,4.015,4.015,1289,2022-02-24 17:03:00,AEVA
4.015,4.02,4.0,4.0,9314,2022-02-24 17:05:00,AEVA
4.01,4.01,4.005,4.005,2100,2022-02-24 17:06:00,AEVA
4.005,4.005,4.0,4.0,1400,2022-02-24 17:07:00,AEVA
3.995,4.0,3.99,3.99,20854,2022-02-24 17:08:00,AEVA
3.9964,3.9964,3.995,3.995,600,2022-02-24 17:09:00,AEVA
3.995,3.995,3.995,3.995,1219,2022-02-24 17:10:00,AEVA
3.995,3.995,3.995,3.995,400,2022-02-24 17:11:00,AEVA
3.995,3.9986,3.995,3.995,2041,2022-02-24 17:12:00,AEVA
3.995,4.0,3.99,3.99,4980,2022-02-24 17:13:00,AEVA
3.995,4.01,3.995,4.01,4135,2022-02-24 17:14:00,AEVA
4.005,4.005,3.99,3.99,9279,2022-02-24 17:15:00,AEVA
3.9993,3.9993,3.995,3.995,1192,2022-02-24 17:16:00,AEVA
4.0,4.025,4.0,4.02,11697,2022-02-24 17:17:00,AEVA
4.02,4.02,4.015,4.015,2924,2022-02-24 17:18:00,AEVA
4.01,4.02,4.005,4.02,7000,2022-02-24 17:19:00,AEVA
4.02,4.03,4.015,4.02,6306,2022-02-24 17:20:00,AEVA
4.02,4.02,4.01,4.01,500,2022-02-24 17:21:00,AEVA
4.01,4.01,4.01,4.01,200,2022-02-24 17:22:00,AEVA
4.01,4.01,4.01,4.01,100,2022-02-24 17:23:00,AEVA
4.0196,4.0196,4.0196,4.0196,500,2022-02-24 17:24:00,AEVA
4.0,4.0,3.98,3.98,6435,2022-02-24 17:25:00,AEVA
3.98,3.99,3.98,3.99,2761,2022-02-24 17:26:00,AEVA
3.98,4.0,3.98,3.99,1400,2022-02-24 17:27:00,AEVA
4.0,4.0,3.99,3.99,1800,2022-02-24 17:28:00,AEVA
3.99,3.99,3.98,3.99,1500,2022-02-24 17:29:00,AEVA
4.0,4.01,3.99,4.01,5189,2022-02-24 17:30:00,AEVA
4.0,4.005,3.99,4.005,5308,2022-02-24 17:31:00,AEVA
3.99,4.0026,3.99,4.0026,14460,2022-02-24 17:32:00,AEVA
3.99,3.99,3.99,3.99,4000,2022-02-24 17:33:00,AEVA
4.0,4.01,3.99,3.99,8399,2022-02-24 17:35:00,AEVA
3.99,3.99,3.98,3.99,400,2022-02-24 17:36:00,AEVA
3.99,4.0,3.98,3.98,21350,2022-02-24 17:37:00,AEVA
3.98,3.99,3.98,3.985,5693,2022-02-24 17:38:00,AEVA
3.985,3.985,3.985,3.985,200,2022-02-24 17:39:00,AEVA
3.985,3.9882,3.985,3.985,400,2022-02-24 17:40:00,AEVA
3.985,3.985,3.985,3.985,100,2022-02-24 17:41:00,AEVA
3.98,3.98,3.975,3.975,5830,2022-02-24 17:42:00,AEVA
3.975,3.975,3.975,3.975,2700,2022-02-24 17:43:00,AEVA
3.975,3.975,3.975,3.975,300,2022-02-24 17:45:00,AEVA
3.975,3.975,3.965,3.965,3421,2022-02-24 17:46:00,AEVA
3.96,3.965,3.955,3.96,4570,2022-02-24 17:47:00,AEVA
3.967,3.967,3.96,3.96,2100,2022-02-24 17:48:00,AEVA
3.96,3.96,3.95,3.95,1028,2022-02-24 17:49:00,AEVA
3.95,3.957,3.95,3.95,3256,2022-02-24 17:50:00,AEVA
3.96,3.97,3.96,3.97,2700,2022-02-24 17:51:00,AEVA
3.97,3.97,3.965,3.97,2000,2022-02-24 17:52:00,AEVA
3.96,3.96,3.95,3.955,1712,2022-02-24 17:53:00,AEVA
3.955,3.96,3.95,3.96,4540,2022-02-24 17:54:00,AEVA
3.96,3.96,3.95,3.955,4400,2022-02-24 17:55:00,AEVA
3.955,3.96,3.95,3.955,11518,2022-02-24 17:56:00,AEVA
3.95,3.96,3.945,3.96,4633,2022-02-24 17:57:00,AEVA
3.95,3.955,3.95,3.95,950,2022-02-24 17:58:00,AEVA
3.95,3.95,3.94,3.945,1300,2022-02-24 17:59:00,AEVA
3.945,3.945,3.935,3.945,3577,2022-02-24 18:00:00,AEVA
3.94,3.94,3.94,3.94,100,2022-02-24 18:01:00,AEVA
3.9417,3.9487,3.9415,3.945,1707,2022-02-24 18:02:00,AEVA
3.95,3.95,3.945,3.95,5792,2022-02-24 18:03:00,AEVA
3.955,3.96,3.955,3.955,3618,2022-02-24 18:04:00,AEVA
3.955,3.97,3.955,3.97,6641,2022-02-24 18:05:00,AEVA
3.97,3.98,3.97,3.98,1630,2022-02-24 18:06:00,AEVA
3.99,3.99,3.99,3.99,100,2022-02-24 18:07:00,AEVA
3.985,3.985,3.985,3.985,800,2022-02-24 18:08:00,AEVA
3.985,3.985,3.985,3.985,2825,2022-02-24 18:09:00,AEVA
3.985,3.99,3.985,3.99,2014,2022-02-24 18:10:00,AEVA
3.99,3.99,3.985,3.985,5437,2022-02-24 18:11:00,AEVA
3.985,3.985,3.985,3.985,100,2022-02-24 18:12:00,AEVA
3.985,3.985,3.985,3.985,1287,2022-02-24 18:13:00,AEVA
3.985,3.985,3.975,3.975,3713,2022-02-24 18:14:00,AEVA
3.975,3.975,3.975,3.975,400,2022-02-24 18:15:00,AEVA
3.97,3.97,3.96,3.96,6624,2022-02-24 18:16:00,AEVA
3.96,3.96,3.95,3.95,5210,2022-02-24 18:17:00,AEVA
3.95,3.9687,3.95,3.96,19720,2022-02-24 18:18:00,AEVA
3.96,3.96,3.96,3.96,300,2022-02-24 18:19:00,AEVA
3.9623,3.9623,3.96,3.96,300,2022-02-24 18:20:00,AEVA
3.97,3.97,3.945,3.95,5729,2022-02-24 18:21:00,AEVA
3.95,3.95,3.945,3.945,3271,2022-02-24 18:22:00,AEVA
3.945,3.945,3.945,3.945,100,2022-02-24 18:23:00,AEVA
3.945,3.945,3.94,3.94,1400,2022-02-24 18:24:00,AEVA
3.945,3.945,3.945,3.945,300,2022-02-24 18:25:00,AEVA
3.945,3.945,3.945,3.945,200,2022-02-24 18:26:00,AEVA
3.95,3.95,3.94,3.945,7915,2022-02-24 18:27:00,AEVA
3.945,3.945,3.9401,3.945,3800,2022-02-24 18:28:00,AEVA
3.945,3.945,3.94,3.945,5120,2022-02-24 18:29:00,AEVA
3.945,3.95,3.945,3.945,12661,2022-02-24 18:30:00,AEVA
3.945,3.98,3.945,3.97,24611,2022-02-24 18:31:00,AEVA
3.97,3.975,3.97,3.975,600,2022-02-24 18:32:00,AEVA
3.975,4.02,3.975,4.02,18563,2022-02-24 18:33:00,AEVA
4.02,4.04,4.015,4.025,6625,2022-02-24 18:34:00,AEVA
4.03,4.05,4.03,4.04,6049,2022-02-24 18:35:00,AEVA
4.055,4.06,4.055,4.055,6348,2022-02-24 18:36:00,AEVA
4.05,4.055,4.05,4.055,1650,2022-02-24 18:37:00,AEVA
4.0576,4.0576,4.055,4.055,1900,2022-02-24 18:38:00,AEVA
4.055,4.06,4.055,4.055,3578,2022-02-24 18:39:00,AEVA
4.055,4.055,4.05,4.055,2800,2022-02-24 18:40:00,AEVA
4.055,4.06,4.055,4.055,2808,2022-02-24 18:41:00,AEVA
4.055,4.08,4.055,4.08,3850,2022-02-24 18:42:00,AEVA
4.075,4.075,4.075,4.075,1900,2022-02-24 18:43:00,AEVA
4.075,4.085,4.07,4.07,7799,2022-02-24 18:44:00,AEVA
4.07,4.07,4.06,4.06,4976,2022-02-24 18:45:00,AEVA
4.06,4.08,4.06,4.08,9205,2022-02-24 18:46:00,AEVA
4.085,4.085,4.075,4.075,2233,2022-02-24 18:47:00,AEVA
4.075,4.09,4.075,4.09,3807,2022-02-24 18:48:00,AEVA
4.09,4.13,4.09,4.125,8022,2022-02-24 18:49:00,AEVA
4.125,4.13,4.11,4.11,4604,2022-02-24 18:50:00,AEVA
4.115,4.115,4.115,4.115,1200,2022-02-24 18:51:00,AEVA
4.115,4.115,4.11,4.11,2440,2022-02-24 18:53:00,AEVA
4.115,4.115,4.11,4.11,990,2022-02-24 18:54:00,AEVA
4.105,4.105,4.105,4.105,972,2022-02-24 18:55:00,AEVA
4.105,4.105,4.1,4.1,1463,2022-02-24 18:56:00,AEVA
4.0992,4.0992,4.09,4.095,1800,2022-02-24 18:57:00,AEVA
4.09,4.09,4.08,4.085,2032,2022-02-24 18:58:00,AEVA
4.09,4.11,4.09,4.1069,3307,2022-02-24 18:59:00,AEVA
4.11,4.11,4.1,4.11,3295,2022-02-24 19:00:00,AEVA
4.115,4.115,4.105,4.105,1500,2022-02-24 19:01:00,AEVA
4.105,4.11,4.105,4.105,400,2022-02-24 19:02:00,AEVA
4.11,4.11,4.11,4.11,400,2022-02-24 19:03:00,AEVA
4.11,4.11,4.11,4.11,200,2022-02-24 19:04:00,AEVA
4.11,4.12,4.11,4.115,5592,2022-02-24 19:05:00,AEVA
4.11,4.115,4.095,4.095,7275,2022-02-24 19:06:00,AEVA
4.095,4.1,4.095,4.095,5540,2022-02-24 19:07:00,AEVA
4.1,4.105,4.1,4.105,1200,2022-02-24 19:08:00,AEVA
4.11,4.115,4.105,4.105,2200,2022-02-24 19:09:00,AEVA
4.105,4.12,4.105,4.115,5022,2022-02-24 19:10:00,AEVA
4.12,4.14,4.115,4.14,2000,2022-02-24 19:11:00,AEVA
4.1301,4.1301,4.1301,4.1301,140,2022-02-24 19:12:00,AEVA
4.14,4.15,4.13,4.145,12652,2022-02-24 19:13:00,AEVA
4.145,4.145,4.14,4.14,2830,2022-02-24 19:14:00,AEVA
4.145,4.145,4.145,4.145,1000,2022-02-24 19:15:00,AEVA
4.14,4.15,4.135,4.15,7420,2022-02-24 19:16:00,AEVA
4.15,4.15,4.145,4.145,1230,2022-02-24 19:17:00,AEVA
4.14,4.15,4.135,4.15,4772,2022-02-24 19:18:00,AEVA
4.15,4.15,4.15,4.15,900,2022-02-24 19:19:00,AEVA
4.145,4.145,4.145,4.145,1100,2022-02-24 19:20:00,AEVA
4.145,4.15,4.145,4.145,8014,2022-02-24 19:21:00,AEVA
4.145,4.15,4.145,4.145,2055,2022-02-24 19:22:00,AEVA
4.14,4.14,4.13,4.135,2358,2022-02-24 19:23:00,AEVA
4.135,4.1353,4.135,4.1353,650,2022-02-24 19:24:00,AEVA
4.14,4.15,4.14,4.14,6276,2022-02-24 19:25:00,AEVA
4.14,4.14,4.135,4.135,2460,2022-02-24 19:26:00,AEVA
4.14,4.14,4.135,4.135,1330,2022-02-24 19:27:00,AEVA
4.14,4.14,4.135,4.135,4350,2022-02-24 19:28:00,AEVA
4.14,4.14,4.135,4.135,1900,2022-02-24 19:29:00,AEVA
4.135,4.15,4.135,4.15,12242,2022-02-24 19:30:00,AEVA
4.145,4.15,4.145,4.15,3710,2022-02-24 19:31:00,AEVA
4.15,4.15,4.1409,4.15,2500,2022-02-24 19:32:00,AEVA
4.15,4.15,4.15,4.15,300,2022-02-24 19:33:00,AEVA
4.15,4.16,4.15,4.15,8357,2022-02-24 19:34:00,AEVA
4.15,4.16,4.145,4.145,9697,2022-02-24 19:35:00,AEVA
4.145,4.16,4.145,4.15,23877,2022-02-24 19:36:00,AEVA
4.15,4.155,4.15,4.15,1200,2022-02-24 19:37:00,AEVA
4.15,4.16,4.15,4.15,1700,2022-02-24 19:38:00,AEVA
4.16,4.16,4.15,4.15,12763,2022-02-24 19:39:00,AEVA
4.15,4.155,4.14,4.145,3329,2022-02-24 19:40:00,AEVA
4.14,4.14,4.14,4.14,400,2022-02-24 19:41:00,AEVA
4.14,4.14,4.14,4.14,200,2022-02-24 19:42:00,AEVA
4.14,4.14,4.1322,4.1322,5210,2022-02-24 19:43:00,AEVA
4.13,4.135,4.13,4.13,600,2022-02-24 19:44:00,AEVA
4.13,4.13,4.13,4.13,200,2022-02-24 19:45:00,AEVA
4.135,4.135,4.135,4.135,1192,2022-02-24 19:46:00,AEVA
4.13,4.13,4.12,4.13,11434,2022-02-24 19:47:00,AEVA
4.135,4.14,4.135,4.135,2400,2022-02-24 19:48:00,AEVA
4.14,4.18,4.135,4.18,7223,2022-02-24 19:49:00,AEVA
4.18,4.1871,4.18,4.185,739,2022-02-24 19:50:00,AEVA
4.18,4.18,4.17,4.17,1876,2022-02-24 19:51:00,AEVA
4.17,4.18,4.165,4.175,14041,2022-02-24 19:52:00,AEVA
4.175,4.19,4.175,4.19,2301,2022-02-24 19:53:00,AEVA
4.19,4.21,4.19,4.205,12587,2022-02-24 19:54:00,AEVA
4.2,4.2,4.19,4.2,7218,2022-02-24 19:55:00,AEVA
4.195,4.195,4.195,4.195,200,2022-02-24 19:56:00,AEVA
4.19,4.19,4.19,4.19,1880,2022-02-24 19:57:00,AEVA
4.19,4.19,4.185,4.185,1622,2022-02-24 19:58:00,AEVA
4.185,4.205,4.185,4.205,3400,2022-02-24 19:59:00,AEVA
4.205,4.205,4.2,4.205,400,2022-02-24 20:00:00,AEVA
4.2,4.205,4.2,4.205,1100,2022-02-24 20:01:00,AEVA
4.205,4.21,4.2,4.2,4721,2022-02-24 20:02:00,AEVA
4.2014,4.205,4.2014,4.205,400,2022-02-24 20:03:00,AEVA
4.21,4.23,4.205,4.225,23869,2022-02-24 20:04:00,AEVA
4.225,4.225,4.215,4.215,2367,2022-02-24 20:05:00,AEVA
4.215,4.22,4.215,4.22,3000,2022-02-24 20:06:00,AEVA
4.22,4.22,4.215,4.22,5001,2022-02-24 20:07:00,AEVA
4.225,4.23,4.225,4.225,900,2022-02-24 20:09:00,AEVA
4.225,4.225,4.225,4.225,700,2022-02-24 20:10:00,AEVA
4.2299,4.2299,4.225,4.225,3300,2022-02-24 20:11:00,AEVA
4.225,4.225,4.225,4.225,300,2022-02-24 20:12:00,AEVA
4.225,4.225,4.22,4.225,2231,2022-02-24 20:13:00,AEVA
4.225,4.225,4.225,4.225,300,2022-02-24 20:14:00,AEVA
4.22,4.235,4.22,4.235,6161,2022-02-24 20:15:00,AEVA
4.23,4.245,4.225,4.24,13011,2022-02-24 20:16:00,AEVA
4.245,4.245,4.235,4.245,5418,2022-02-24 20:17:00,AEVA
4.245,4.245,4.24,4.24,500,2022-02-24 20:18:00,AEVA
4.25,4.255,4.245,4.255,2778,2022-02-24 20:19:00,AEVA
4.25,4.255,4.245,4.25,8155,2022-02-24 20:20:00,AEVA
4.25,4.25,4.245,4.245,200,2022-02-24 20:21:00,AEVA
4.25,4.25,4.245,4.245,600,2022-02-24 20:22:00,AEVA
4.245,4.25,4.24,4.245,1600,2022-02-24 20:23:00,AEVA
4.24,4.245,4.24,4.2414,3852,2022-02-24 20:24:00,AEVA
4.245,4.245,4.24,4.24,2685,2022-02-24 20:25:00,AEVA
4.24,4.245,4.24,4.245,2689,2022-02-24 20:26:00,AEVA
4.24,4.245,4.24,4.24,1200,2022-02-24 20:27:00,AEVA
4.24,4.25,4.235,4.235,15231,2022-02-24 20:28:00,AEVA
4.23,4.23,4.23,4.23,200,2022-02-24 20:29:00,AEVA
4.235,4.24,4.235,4.24,11109,2022-02-24 20:30:00,AEVA
4.235,4.255,4.235,4.255,4936,2022-02-24 20:31:00,AEVA
4.255,4.275,4.255,4.275,2578,2022-02-24 20:32:00,AEVA
4.275,4.285,4.275,4.285,2220,2022-02-24 20:33:00,AEVA
4.28,4.28,4.27,4.275,3466,2022-02-24 20:34:00,AEVA
4.275,4.28,4.27,4.275,10919,2022-02-24 20:35:00,AEVA
4.275,4.275,4.26,4.26,10004,2022-02-24 20:36:00,AEVA
4.26,4.265,4.255,4.26,12183,2022-02-24 20:37:00,AEVA
4.26,4.27,4.26,4.26,14992,2022-02-24 20:38:00,AEVA
4.26,4.2643,4.26,4.26,2600,2022-02-24 20:39:00,AEVA
4.26,4.2677,4.25,4.25,7166,2022-02-24 20:40:00,AEVA
4.255,4.26,4.25,4.25,10799,2022-02-24 20:41:00,AEVA
4.25,4.255,4.245,4.255,16309,2022-02-24 20:42:00,AEVA
4.26,4.26,4.25,4.25,3400,2022-02-24 20:43:00,AEVA
4.25,4.25,4.245,4.25,10854,2022-02-24 20:44:00,AEVA
4.25,4.255,4.25,4.25,5644,2022-02-24 20:45:00,AEVA
4.25,4.255,4.24,4.24,8394,2022-02-24 20:46:00,AEVA
4.245,4.255,4.24,4.245,15414,2022-02-24 20:47:00,AEVA
4.245,4.245,4.24,4.24,2100,2022-02-24 20:48:00,AEVA
4.245,4.245,4.23,4.23,15926,2022-02-24 20:49:00,AEVA
4.24,4.26,4.235,4.26,24002,2022-02-24 20:50:00,AEVA
4.26,4.26,4.25,4.25,12073,2022-02-24 20:51:00,AEVA
4.25,4.25,4.24,4.245,11559,2022-02-24 20:52:00,AEVA
4.25,4.25,4.24,4.24,7541,2022-02-24 20:53:00,AEVA
4.24,4.245,4.24,4.24,11118,2022-02-24 20:54:00,AEVA
4.245,4.245,4.24,4.24,16678,2022-02-24 20:55:00,AEVA
4.24,4.245,4.235,4.245,20843,2022-02-24 20:56:00,AEVA
4.245,4.245,4.24,4.24,15639,2022-02-24 20:57:00,AEVA
4.245,4.245,4.23,4.23,22699,2022-02-24 20:58:00,AEVA
4.235,4.27,4.235,4.27,89388,2022-02-24 20:59:00,AEVA
4.27,4.27,4.27,4.27,171467,2022-02-24 21:00:00,AEVA
4.27,4.27,4.27,4.27,1389,2022-02-24 21:01:00,AEVA
4.06,4.06,4.06,4.06,900,2022-02-24 22:42:00,AEVA
4.3,4.31,4.3,4.31,400,2022-02-25 14:20:00,AEVA
4.31,4.31,4.24,4.24,2650,2022-02-25 14:22:00,AEVA
4.25,4.25,4.24,4.24,1564,2022-02-25 14:29:00,AEVA
4.24,4.3,4.24,4.295,87216,2022-02-25 14:30:00,AEVA
4.305,4.33,4.305,4.3288,9181,2022-02-25 14:31:00,AEVA
4.32,4.36,4.32,4.36,12613,2022-02-25 14:32:00,AEVA
4.36,4.4099,4.36,4.385,13000,2022-02-25 14:33:00,AEVA
4.39,4.43,4.39,4.4,28226,2022-02-25 14:34:00,AEVA
4.39,4.39,4.3,4.3,10293,2022-02-25 14:35:00,AEVA
4.29,4.29,4.25,4.25,10325,2022-02-25 14:36:00,AEVA
4.27,4.27,4.23,4.2571,9884,2022-02-25 14:37:00,AEVA
4.25,4.25,4.23,4.23,1387,2022-02-25 14:38:00,AEVA
4.22,4.23,4.2,4.2,3221,2022-02-25 14:39:00,AEVA
4.19,4.19,4.16,4.1602,1848,2022-02-25 14:40:00,AEVA
4.17,4.17,4.14,4.14,4682,2022-02-25 14:41:00,AEVA
4.14,4.14,4.1,4.105,7114,2022-02-25 14:42:00,AEVA
4.105,4.135,4.105,4.13,6782,2022-02-25 14:43:00,AEVA
4.11,4.115,4.1,4.1,3111,2022-02-25 14:44:00,AEVA
4.1116,4.13,4.1,4.105,8114,2022-02-25 14:45:00,AEVA
4.11,4.12,4.1,4.12,4104,2022-02-25 14:46:00,AEVA
4.12,4.12,4.11,4.11,3600,2022-02-25 14:47:00,AEVA
4.105,4.11,4.08,4.105,8179,2022-02-25 14:48:00,AEVA
4.11,4.12,4.1,4.11,4240,2022-02-25 14:49:00,AEVA
4.11,4.1183,4.1,4.1,1700,2022-02-25 14:50:00,AEVA
4.095,4.1,4.08,4.08,28925,2022-02-25 14:51:00,AEVA
4.08,4.08,4.065,4.0699,9689,2022-02-25 14:52:00,AEVA
4.07,4.07,4.05,4.05,3583,2022-02-25 14:53:00,AEVA
4.06,4.07,4.05,4.07,6089,2022-02-25 14:54:00,AEVA
4.07,4.07,4.06,4.065,1570,2022-02-25 14:55:00,AEVA
4.06,4.06,4.035,4.035,4283,2022-02-25 14:56:00,AEVA
4.03,4.03,4.02,4.025,6232,2022-02-25 14:57:00,AEVA
4.03,4.05,4.02,4.05,8606,2022-02-25 14:58:00,AEVA
4.04,4.04,4.03,4.035,1300,2022-02-25 14:59:00,AEVA
4.025,4.025,3.995,3.995,12438,2022-02-25 15:00:00,AEVA
4.0,4.0084,4.0,4.0,4215,2022-02-25 15:01:00,AEVA
3.99,3.99,3.98,3.98,10436,2022-02-25 15:02:00,AEVA
3.985,3.985,3.97,3.97,3722,2022-02-25 15:03:00,AEVA
3.98,3.98,3.96,3.96,5479,2022-02-25 15:04:00,AEVA
3.965,3.965,3.955,3.96,4460,2022-02-25 15:05:00,AEVA
3.96,3.97,3.955,3.96,8792,2022-02-25 15:06:00,AEVA
3.95,3.97,3.95,3.97,8994,2022-02-25 15:07:00,AEVA
3.97,4.02,3.965,4.01,35064,2022-02-25 15:08:00,AEVA
4.02,4.02,4.0,4.0,4729,2022-02-25 15:09:00,AEVA
4.0,4.01,4.0,4.005,13650,2022-02-25 15:10:00,AEVA
4.005,4.01,3.99,3.995,4401,2022-02-25 15:11:00,AEVA
3.99,3.99,3.97,3.97,5712,2022-02-25 15:12:00,AEVA
3.97,3.9832,3.965,3.9832,7500,2022-02-25 15:13:00,AEVA
3.98,3.98,3.96,3.97,4564,2022-02-25 15:14:00,AEVA
3.97,3.97,3.96,3.96,1700,2022-02-25 15:15:00,AEVA
3.97,3.9783,3.96,3.9783,3141,2022-02-25 15:16:00,AEVA
3.975,3.99,3.975,3.99,7419,2022-02-25 15:17:00,AEVA
3.99,3.99,3.985,3.99,2800,2022-02-25 15:18:00,AEVA
3.99,3.99,3.99,3.99,1267,2022-02-25 15:19:00,AEVA
3.99,3.997,3.985,3.99,2701,2022-02-25 15:20:00,AEVA
4.0,4.0182,4.0,4.0,5876,2022-02-25 15:21:00,AEVA
4.0,4.0,4.0,4.0,1698,2022-02-25 15:22:00,AEVA
4.0,4.015,4.0,4.015,2388,2022-02-25 15:23:00,AEVA
4.02,4.02,4.0,4.01,7962,2022-02-25 15:24:00,AEVA
4.005,4.01,4.005,4.005,3803,2022-02-25 15:25:00,AEVA
4.015,4.015,3.985,3.985,5072,2022-02-25 15:26:00,AEVA
3.985,3.99,3.975,3.975,1301,2022-02-25 15:27:00,AEVA
3.975,3.99,3.975,3.9899,4840,2022-02-25 15:28:00,AEVA
3.99,3.995,3.99,3.99,400,2022-02-25 15:29:00,AEVA
3.99,4.0,3.985,3.99,2500,2022-02-25 15:30:00,AEVA
3.995,4.0087,3.995,4.0022,2746,2022-02-25 15:31:00,AEVA
4.0,4.0,3.985,3.99,9311,2022-02-25 15:32:00,AEVA
3.99,3.99,3.985,3.985,1500,2022-02-25 15:33:00,AEVA
3.985,3.99,3.98,3.99,2900,2022-02-25 15:34:00,AEVA
3.98,3.985,3.975,3.975,1457,2022-02-25 15:35:00,AEVA
3.97,3.97,3.96,3.965,3580,2022-02-25 15:36:00,AEVA
3.96,3.975,3.96,3.975,2715,2022-02-25 15:37:00,AEVA
3.97,3.975,3.97,3.975,2854,2022-02-25 15:38:00,AEVA
3.98,3.99,3.98,3.985,1354,2022-02-25 15:39:00,AEVA
3.99,4.0,3.985,3.99,3882,2022-02-25 15:40:00,AEVA
4.0,4.005,4.0,4.005,5900,2022-02-25 15:41:00,AEVA
4.005,4.01,4.005,4.005,2800,2022-02-25 15:42:00,AEVA
4.005,4.015,4.005,4.015,6181,2022-02-25 15:43:00,AEVA
4.02,4.04,4.015,4.035,3710,2022-02-25 15:44:00,AEVA
4.03,4.04,4.03,4.035,6518,2022-02-25 15:45:00,AEVA
4.035,4.035,4.03,4.035,3600,2022-02-25 15:46:00,AEVA
4.04,4.055,4.035,4.055,5941,2022-02-25 15:47:00,AEVA
4.05,4.06,4.045,4.045,8082,2022-02-25 15:48:00,AEVA
4.045,4.05,4.045,4.045,4100,2022-02-25 15:49:00,AEVA
4.04,4.045,4.0347,4.0347,4897,2022-02-25 15:50:00,AEVA
4.035,4.05,4.035,4.05,9965,2022-02-25 15:51:00,AEVA
4.045,4.05,4.045,4.045,800,2022-02-25 15:52:00,AEVA
4.045,4.05,4.045,4.05,2494,2022-02-25 15:53:00,AEVA
4.055,4.055,4.045,4.045,2933,2022-02-25 15:54:00,AEVA
4.045,4.05,4.035,4.035,7076,2022-02-25 15:55:00,AEVA
4.035,4.0394,4.03,4.03,5300,2022-02-25 15:56:00,AEVA
4.035,4.0492,4.035,4.045,5479,2022-02-25 15:57:00,AEVA
4.045,4.06,4.045,4.06,6016,2022-02-25 15:58:00,AEVA
4.055,4.055,4.045,4.045,7393,2022-02-25 15:59:00,AEVA
4.045,4.045,4.03,4.03,4162,2022-02-25 16:00:00,AEVA
4.035,4.0399,4.03,4.03,5788,2022-02-25 16:01:00,AEVA
4.03,4.045,4.03,4.045,3616,2022-02-25 16:02:00,AEVA
4.045,4.045,4.04,4.04,800,2022-02-25 16:03:00,AEVA
4.05,4.05,4.03,4.035,2200,2022-02-25 16:04:00,AEVA
4.03,4.03,4.03,4.03,1200,2022-02-25 16:05:00,AEVA
4.03,4.035,4.03,4.03,2668,2022-02-25 16:06:00,AEVA
4.02,4.02,4.01,4.01,2279,2022-02-25 16:07:00,AEVA
4.015,4.015,4.01,4.01,5702,2022-02-25 16:08:00,AEVA
4.0199,4.0199,4.01,4.015,5900,2022-02-25 16:09:00,AEVA
4.02,4.02,4.01,4.01,800,2022-02-25 16:10:00,AEVA
4.01,4.01,4.0,4.01,11307,2022-02-25 16:11:00,AEVA
4.01,4.01,4.0,4.005,6926,2022-02-25 16:12:00,AEVA
4.0129,4.02,4.01,4.02,1200,2022-02-25 16:13:00,AEVA
4.015,4.015,4.015,4.015,400,2022-02-25 16:14:00,AEVA
4.01,4.015,4.01,4.015,1015,2022-02-25 16:15:00,AEVA
4.015,4.015,4.0,4.01,6790,2022-02-25 16:16:00,AEVA
4.0012,4.0012,3.99,3.99,13384,2022-02-25 16:17:00,AEVA
4.0,4.01,3.995,4.005,8600,2022-02-25 16:18:00,AEVA
4.005,4.0153,4.005,4.0153,3400,2022-02-25 16:19:00,AEVA
4.015,4.02,4.01,4.015,18804,2022-02-25 16:20:00,AEVA
4.01,4.015,4.01,4.01,500,2022-02-25 16:21:00,AEVA
4.02,4.02,4.01,4.01,1661,2022-02-25 16:22:00,AEVA
4.015,4.015,4.005,4.005,2125,2022-02-25 16:23:00,AEVA
4.01,4.01,4.005,4.0083,300,2022-02-25 16:24:00,AEVA
4.0,4.005,4.0,4.0,567,2022-02-25 16:25:00,AEVA
4.0,4.005,4.0,4.0,3962,2022-02-25 16:26:00,AEVA
4.005,4.01,4.005,4.005,7307,2022-02-25 16:27:00,AEVA
4.005,4.01,4.005,4.005,900,2022-02-25 16:28:00,AEVA
4.01,4.02,4.005,4.015,8421,2022-02-25 16:29:00,AEVA
4.02,4.045,4.015,4.04,8213,2022-02-25 16:30:00,AEVA
4.045,4.045,4.035,4.0355,4663,2022-02-25 16:31:00,AEVA
4.04,4.045,4.04,4.045,2900,2022-02-25 16:32:00,AEVA
4.05,4.06,4.045,4.06,7260,2022-02-25 16:33:00,AEVA
4.055,4.06,4.05,4.055,14904,2022-02-25 16:34:00,AEVA
4.055,4.0564,4.05,4.055,9869,2022-02-25 16:35:00,AEVA
4.055,4.06,4.0506,4.0506,1680,2022-02-25 16:36:00,AEVA
4.055,4.055,4.05,4.055,1000,2022-02-25 16:37:00,AEVA
4.05,4.05,4.04,4.045,4396,2022-02-25 16:38:00,AEVA
4.0423,4.049,4.0423,4.045,2206,2022-02-25 16:39:00,AEVA
4.04,4.04,4.035,4.035,1808,2022-02-25 16:40:00,AEVA
4.03,4.035,4.03,4.03,300,2022-02-25 16:41:00,AEVA
4.03,4.035,4.03,4.03,1100,2022-02-25 16:42:00,AEVA
4.03,4.03,4.03,4.03,200,2022-02-25 16:43:00,AEVA
4.03,4.03,4.02,4.02,1600,2022-02-25 16:44:00,AEVA
4.02,4.03,4.02,4.025,2141,2022-02-25 16:45:00,AEVA
4.03,4.03,4.025,4.03,4603,2022-02-25 16:46:00,AEVA
4.035,4.035,4.03,4.035,1500,2022-02-25 16:47:00,AEVA
4.035,4.035,4.03,4.03,1400,2022-02-25 16:48:00,AEVA
4.03,4.039,4.03,4.035,4333,2022-02-25 16:49:00,AEVA
4.03,4.035,4.03,4.035,800,2022-02-25 16:50:00,AEVA
4.035,4.045,4.03,4.03,5960,2022-02-25 16:51:00,AEVA
4.03,4.03,4.03,4.03,100,2022-02-25 16:52:00,AEVA
4.03,4.0307,4.02,4.02,14101,2022-02-25 16:53:00,AEVA
4.02,4.0287,4.02,4.0276,1000,2022-02-25 16:54:00,AEVA
4.025,4.03,4.02,4.025,11007,2022-02-25 16:55:00,AEVA
4.02,4.0299,4.02,4.025,1700,2022-02-25 16:56:00,AEVA
4.025,4.03,4.02,4.03,500,2022-02-25 16:57:00,AEVA
4.02,4.025,4.02,4.0207,900,2022-02-25 16:58:00,AEVA
4.02,4.025,4.02,4.025,800,2022-02-25 16:59:00,AEVA
4.02,4.02,4.02,4.02,100,2022-02-25 17:00:00,AEVA
4.02,4.025,4.02,4.02,950,2022-02-25 17:01:00,AEVA
4.02,4.02,4.02,4.02,500,2022-02-25 17:02:00,AEVA
4.025,4.025,4.01,4.015,10835,2022-02-25 17:03:00,AEVA
4.02,4.02,4.015,4.015,343,2022-02-25 17:04:00,AEVA
4.01,4.01,4.01,4.01,425,2022-02-25 17:05:00,AEVA
4.01,4.01,4.01,4.01,626,2022-02-25 17:06:00,AEVA
4.01,4.01,4.01,4.01,800,2022-02-25 17:07:00,AEVA
4.01,4.01,4.0,4.0,2300,2022-02-25 17:08:00,AEVA
4.0,4.01,4.0,4.01,4389,2022-02-25 17:09:00,AEVA
4.01,4.01,4.01,4.01,1000,2022-02-25 17:10:00,AEVA
4.01,4.01,4.01,4.01,500,2022-02-25 17:11:00,AEVA
4.01,4.01,4.0,4.0,2800,2022-02-25 17:12:00,AEVA
4.005,4.01,4.0,4.0,1134,2022-02-25 17:13:00,AEVA
4.0031,4.0032,4.0,4.0032,900,2022-02-25 17:14:00,AEVA
4.0,4.0,3.99,3.995,18956,2022-02-25 17:15:00,AEVA
3.995,3.995,3.99,3.99,599,2022-02-25 17:16:00,AEVA
3.995,3.995,3.99,3.99,2100,2022-02-25 17:17:00,AEVA
3.99,3.99,3.99,3.99,200,2022-02-25 17:19:00,AEVA
3.995,3.995,3.99,3.995,21686,2022-02-25 17:20:00,AEVA
3.99,3.995,3.99,3.995,5267,2022-02-25 17:21:00,AEVA
3.995,4.0,3.99,3.99,1400,2022-02-25 17:22:00,AEVA
3.995,3.995,3.995,3.995,300,2022-02-25 17:23:00,AEVA
3.99,3.99,3.98,3.9801,12508,2022-02-25 17:24:00,AEVA
3.98,3.98,3.97,3.97,4163,2022-02-25 17:25:00,AEVA
3.98,3.985,3.975,3.98,18622,2022-02-25 17:26:00,AEVA
3.9836,3.99,3.9836,3.985,5787,2022-02-25 17:27:00,AEVA
3.995,3.995,3.985,3.9895,8050,2022-02-25 17:28:00,AEVA
3.9807,3.985,3.9807,3.985,477,2022-02-25 17:29:00,AEVA
3.985,3.99,3.98,3.98,1200,2022-02-25 17:30:00,AEVA
3.985,3.985,3.97,3.97,3104,2022-02-25 17:31:00,AEVA
3.9701,3.9774,3.9701,3.9774,200,2022-02-25 17:32:00,AEVA
3.975,3.98,3.97,3.97,2500,2022-02-25 17:33:00,AEVA
3.975,3.985,3.975,3.985,5785,2022-02-25 17:34:00,AEVA
3.98,3.98,3.98,3.98,600,2022-02-25 17:35:00,AEVA
3.98,3.98,3.97,3.97,3866,2022-02-25 17:37:00,AEVA
3.97,3.97,3.97,3.97,329,2022-02-25 17:38:00,AEVA
3.9711,3.9711,3.96,3.96,3321,2022-02-25 17:39:00,AEVA
3.96,3.975,3.96,3.97,7836,2022-02-25 17:40:00,AEVA
3.975,3.98,3.975,3.975,400,2022-02-25 17:41:00,AEVA
3.975,3.975,3.97,3.97,1210,2022-02-25 17:42:00,AEVA
3.97,3.97,3.96,3.96,1584,2022-02-25 17:43:00,AEVA
3.96,3.975,3.96,3.97,7050,2022-02-25 17:44:00,AEVA
3.975,3.9783,3.97,3.975,10100,2022-02-25 17:45:00,AEVA
3.975,3.985,3.975,3.985,8878,2022-02-25 17:46:00,AEVA
3.985,3.985,3.98,3.985,600,2022-02-25 17:47:00,AEVA
3.9883,3.9883,3.98,3.98,500,2022-02-25 17:48:00,AEVA
3.98,3.985,3.97,3.97,8430,2022-02-25 17:49:00,AEVA
3.97,3.97,3.95,3.955,27585,2022-02-25 17:50:00,AEVA
3.955,3.955,3.945,3.95,20393,2022-02-25 17:51:00,AEVA
3.955,3.9582,3.955,3.955,720,2022-02-25 17:52:00,AEVA
3.955,3.96,3.955,3.955,1732,2022-02-25 17:53:00,AEVA
3.955,3.955,3.95,3.95,878,2022-02-25 17:54:00,AEVA
3.95,3.95,3.94,3.94,1907,2022-02-25 17:55:00,AEVA
3.95,3.95,3.94,3.94,5034,2022-02-25 17:56:00,AEVA
3.95,3.96,3.95,3.95,2309,2022-02-25 17:57:00,AEVA
3.955,3.9696,3.955,3.9696,10044,2022-02-25 17:58:00,AEVA
3.965,3.97,3.965,3.965,5489,2022-02-25 17:59:00,AEVA
3.98,3.98,3.97,3.975,1000,2022-02-25 18:00:00,AEVA
3.9799,3.99,3.97,3.975,5838,2022-02-25 18:01:00,AEVA
3.975,3.975,3.97,3.975,2536,2022-02-25 18:02:00,AEVA
3.975,3.98,3.97,3.97,800,2022-02-25 18:03:00,AEVA
3.97,3.9799,3.97,3.9799,700,2022-02-25 18:04:00,AEVA
3.97,3.9791,3.97,3.97,800,2022-02-25 18:05:00,AEVA
3.975,3.975,3.97,3.97,600,2022-02-25 18:06:00,AEVA
3.97,3.97,3.96,3.965,2948,2022-02-25 18:07:00,AEVA
3.96,3.96,3.96,3.96,300,2022-02-25 18:08:00,AEVA
3.96,3.96,3.95,3.96,2086,2022-02-25 18:09:00,AEVA
3.955,3.956,3.95,3.95,1300,2022-02-25 18:10:00,AEVA
3.96,3.96,3.95,3.95,300,2022-02-25 18:11:00,AEVA
3.95,3.96,3.945,3.945,21153,2022-02-25 18:12:00,AEVA
3.95,3.95,3.945,3.95,3740,2022-02-25 18:13:00,AEVA
3.955,3.955,3.95,3.95,300,2022-02-25 18:14:00,AEVA
3.95,3.95,3.94,3.94,947,2022-02-25 18:15:00,AEVA
3.94,3.95,3.94,3.95,14649,2022-02-25 18:16:00,AEVA
3.95,3.95,3.94,3.945,1300,2022-02-25 18:17:00,AEVA
3.94,3.955,3.94,3.955,6600,2022-02-25 18:18:00,AEVA
3.955,3.96,3.95,3.955,5844,2022-02-25 18:19:00,AEVA
3.955,3.9599,3.955,3.955,4438,2022-02-25 18:20:00,AEVA
3.955,3.96,3.95,3.955,3200,2022-02-25 18:21:00,AEVA
3.95,3.955,3.95,3.95,600,2022-02-25 18:22:00,AEVA
3.95,3.955,3.95,3.955,606,2022-02-25 18:23:00,AEVA
3.955,3.955,3.95,3.95,699,2022-02-25 18:24:00,AEVA
3.95,3.955,3.95,3.955,300,2022-02-25 18:25:00,AEVA
3.95,3.965,3.95,3.965,9033,2022-02-25 18:26:00,AEVA
3.965,3.965,3.96,3.96,300,2022-02-25 18:27:00,AEVA
3.96,3.9699,3.96,3.96,7100,2022-02-25 18:28:00,AEVA
3.965,3.965,3.96,3.96,300,2022-02-25 18:29:00,AEVA
3.965,3.9799,3.96,3.97,15015,2022-02-25 18:30:00,AEVA
3.975,3.98,3.975,3.975,6836,2022-02-25 18:31:00,AEVA
3.98,3.98,3.97,3.975,4682,2022-02-25 18:32:00,AEVA
3.975,3.98,3.97,3.97,1889,2022-02-25 18:33:00,AEVA
3.97,3.97,3.97,3.97,200,2022-02-25 18:34:00,AEVA
3.97,3.9786,3.97,3.97,600,2022-02-25 18:35:00,AEVA
3.97,3.979,3.965,3.975,7314,2022-02-25 18:36:00,AEVA
3.975,3.98,3.975,3.98,3000,2022-02-25 18:37:00,AEVA
3.985,3.985,3.985,3.985,100,2022-02-25 18:38:00,AEVA
3.985,3.99,3.9816,3.985,1197,2022-02-25 18:39:00,AEVA
3.98,3.985,3.98,3.98,2928,2022-02-25 18:40:00,AEVA
3.98,3.98,3.98,3.98,800,2022-02-25 18:41:00,AEVA
3.985,3.985,3.98,3.98,1300,2022-02-25 18:42:00,AEVA
3.985,3.985,3.98,3.98,525,2022-02-25 18:43:00,AEVA
3.98,3.99,3.98,3.985,700,2022-02-25 18:44:00,AEVA
3.98,3.985,3.98,3.98,5100,2022-02-25 18:45:00,AEVA
3.985,3.985,3.98,3.98,1600,2022-02-25 18:46:00,AEVA
3.98,3.98,3.97,3.97,2619,2022-02-25 18:47:00,AEVA
3.97,3.97,3.97,3.97,200,2022-02-25 18:48:00,AEVA
3.975,3.975,3.97,3.97,600,2022-02-25 18:49:00,AEVA
3.97,3.975,3.97,3.97,1900,2022-02-25 18:50:00,AEVA
3.975,3.985,3.975,3.98,8634,2022-02-25 18:51:00,AEVA
3.98,3.98,3.97,3.975,3463,2022-02-25 18:52:00,AEVA
3.975,3.979,3.97,3.97,1880,2022-02-25 18:53:00,AEVA
3.975,3.98,3.975,3.98,4498,2022-02-25 18:54:00,AEVA
3.97,3.972,3.95,3.95,5410,2022-02-25 18:55:00,AEVA
3.96,3.96,3.95,3.955,11943,2022-02-25 18:56:00,AEVA
3.955,3.9599,3.945,3.945,3300,2022-02-25 18:57:00,AEVA
3.95,3.95,3.94,3.945,1500,2022-02-25 18:58:00,AEVA
3.94,3.955,3.94,3.955,5110,2022-02-25 18:59:00,AEVA
3.95,3.95,3.945,3.945,2685,2022-02-25 19:00:00,AEVA
3.95,3.95,3.95,3.95,2500,2022-02-25 19:01:00,AEVA
3.955,3.955,3.955,3.955,100,2022-02-25 19:02:00,AEVA
3.95,3.956,3.95,3.95,782,2022-02-25 19:03:00,AEVA
3.96,3.965,3.95,3.955,7960,2022-02-25 19:04:00,AEVA
3.955,3.955,3.95,3.95,2400,2022-02-25 19:05:00,AEVA
3.95,3.95,3.94,3.945,4330,2022-02-25 19:06:00,AEVA
3.94,3.9491,3.94,3.94,1450,2022-02-25 19:07:00,AEVA
3.945,3.945,3.94,3.94,300,2022-02-25 19:08:00,AEVA
3.94,3.94,3.94,3.94,5434,2022-02-25 19:09:00,AEVA
3.94,3.948,3.935,3.94,17396,2022-02-25 19:10:00,AEVA
3.94,3.945,3.94,3.94,4836,2022-02-25 19:11:00,AEVA
3.95,3.95,3.94,3.94,1335,2022-02-25 19:12:00,AEVA
3.94,3.945,3.94,3.945,400,2022-02-25 19:13:00,AEVA
3.94,3.94,3.94,3.94,400,2022-02-25 19:14:00,AEVA
3.94,3.945,3.94,3.945,713,2022-02-25 19:15:00,AEVA
3.94,3.94,3.94,3.94,588,2022-02-25 19:16:00,AEVA
3.94,3.9455,3.94,3.9455,598,2022-02-25 19:17:00,AEVA
3.94,3.945,3.94,3.945,702,2022-02-25 19:18:00,AEVA
3.945,3.945,3.94,3.9433,3400,2022-02-25 19:19:00,AEVA
3.95,3.95,3.94,3.945,9345,2022-02-25 19:20:00,AEVA
3.945,3.9464,3.94,3.9464,900,2022-02-25 19:21:00,AEVA
3.94,3.945,3.94,3.945,1000,2022-02-25 19:22:00,AEVA
3.94,3.94,3.94,3.94,400,2022-02-25 19:23:00,AEVA
3.945,3.945,3.94,3.94,427,2022-02-25 19:24:00,AEVA
3.945,3.95,3.94,3.95,920,2022-02-25 19:25:00,AEVA
3.94,3.95,3.94,3.945,1000,2022-02-25 19:26:00,AEVA
3.94,3.949,3.94,3.945,2029,2022-02-25 19:27:00,AEVA
3.9499,3.9499,3.94,3.94,2150,2022-02-25 19:28:00,AEVA
3.94,3.94,3.93,3.93,5800,2022-02-25 19:29:00,AEVA
3.935,3.935,3.91,3.91,22008,2022-02-25 19:30:00,AEVA
3.92,3.92,3.9,3.905,16584,2022-02-25 19:31:00,AEVA
3.905,3.918,3.905,3.918,9617,2022-02-25 19:32:00,AEVA
3.91,3.91,3.9,3.9,2300,2022-02-25 19:33:00,AEVA
3.908,3.91,3.905,3.905,2472,2022-02-25 19:34:00,AEVA
3.91,3.91,3.9,3.9,4382,2022-02-25 19:35:00,AEVA
3.905,3.905,3.905,3.905,1741,2022-02-25 19:36:00,AEVA
3.9,3.905,3.9,3.9,1850,2022-02-25 19:37:00,AEVA
3.905,3.91,3.9,3.9,2900,2022-02-25 19:38:00,AEVA
3.9,3.905,3.9,3.905,1841,2022-02-25 19:40:00,AEVA
3.91,3.92,3.905,3.92,20543,2022-02-25 19:41:00,AEVA
3.925,3.93,3.91,3.91,3870,2022-02-25 19:42:00,AEVA
3.91,3.91,3.91,3.91,700,2022-02-25 19:43:00,AEVA
3.91,3.91,3.91,3.91,200,2022-02-25 19:44:00,AEVA
3.91,3.91,3.91,3.91,900,2022-02-25 19:45:00,AEVA
3.91,3.91,3.9,3.905,3632,2022-02-25 19:46:00,AEVA
3.905,3.91,3.9,3.9,1214,2022-02-25 19:47:00,AEVA
3.905,3.91,3.905,3.905,3104,2022-02-25 19:48:00,AEVA
3.905,3.905,3.9,3.9,600,2022-02-25 19:49:00,AEVA
3.9,3.9,3.895,3.895,18165,2022-02-25 19:50:00,AEVA
3.8942,3.895,3.89,3.89,942,2022-02-25 19:51:00,AEVA
3.89,3.89,3.88,3.88,3566,2022-02-25 19:52:00,AEVA
3.88,3.8899,3.88,3.8899,1600,2022-02-25 19:53:00,AEVA
3.88,3.89,3.88,3.89,4620,2022-02-25 19:54:00,AEVA
3.895,3.9,3.895,3.9,1100,2022-02-25 19:55:00,AEVA
3.895,3.9,3.89,3.89,400,2022-02-25 19:56:00,AEVA
3.89,3.9,3.89,3.895,5170,2022-02-25 19:57:00,AEVA
3.91,3.91,3.9,3.905,900,2022-02-25 19:58:00,AEVA
3.905,3.905,3.9,3.9,4500,2022-02-25 19:59:00,AEVA
3.9085,3.9085,3.9,3.9,400,2022-02-25 20:00:00,AEVA
3.9,3.905,3.89,3.89,6133,2022-02-25 20:01:00,AEVA
3.89,3.89,3.89,3.89,500,2022-02-25 20:02:00,AEVA
3.89,3.89,3.88,3.88,2736,2022-02-25 20:03:00,AEVA
3.885,3.885,3.88,3.88,440,2022-02-25 20:04:00,AEVA
3.88,3.89,3.87,3.87,9210,2022-02-25 20:05:00,AEVA
3.875,3.875,3.87,3.87,600,2022-02-25 20:06:00,AEVA
3.87,3.87,3.87,3.87,996,2022-02-25 20:07:00,AEVA
3.87,3.88,3.87,3.875,2774,2022-02-25 20:08:00,AEVA
3.875,3.88,3.87,3.88,8879,2022-02-25 20:09:00,AEVA
3.885,3.885,3.88,3.88,1525,2022-02-25 20:10:00,AEVA
3.885,3.8857,3.883,3.8845,2900,2022-02-25 20:11:00,AEVA
3.88,3.885,3.88,3.885,600,2022-02-25 20:12:00,AEVA
3.88,3.885,3.88,3.88,1853,2022-02-25 20:13:00,AEVA
3.88,3.885,3.88,3.88,898,2022-02-25 20:14:00,AEVA
3.885,3.915,3.88,3.915,13815,2022-02-25 20:15:00,AEVA
3.92,3.93,3.92,3.925,3620,2022-02-25 20:16:00,AEVA
3.925,3.9285,3.925,3.9285,700,2022-02-25 20:17:00,AEVA
3.925,3.935,3.925,3.935,10006,2022-02-25 20:18:00,AEVA
3.93,3.935,3.93,3.935,6602,2022-02-25 20:19:00,AEVA
3.935,3.94,3.93,3.93,8700,2022-02-25 20:20:00,AEVA
3.93,3.939,3.93,3.935,1044,2022-02-25 20:21:00,AEVA
3.93,3.93,3.925,3.925,3677,2022-02-25 20:22:00,AEVA
3.92,3.925,3.92,3.92,2927,2022-02-25 20:23:00,AEVA
3.925,3.93,3.925,3.93,16510,2022-02-25 20:24:00,AEVA
3.9296,3.9296,3.925,3.925,750,2022-02-25 20:25:00,AEVA
3.925,3.925,3.92,3.925,900,2022-02-25 20:26:00,AEVA
3.925,3.93,3.92,3.92,2900,2022-02-25 20:27:00,AEVA
3.92,3.93,3.915,3.915,6464,2022-02-25 20:28:00,AEVA
3.91,3.9157,3.91,3.915,3955,2022-02-25 20:29:00,AEVA
3.91,3.92,3.91,3.915,8225,2022-02-25 20:30:00,AEVA
3.92,3.92,3.9128,3.92,3557,2022-02-25 20:31:00,AEVA
3.915,3.915,3.915,3.915,2400,2022-02-25 20:32:00,AEVA
3.915,3.92,3.91,3.91,4761,2022-02-25 20:33:00,AEVA
3.915,3.93,3.915,3.925,22910,2022-02-25 20:34:00,AEVA
3.925,3.93,3.925,3.925,5567,2022-02-25 20:35:00,AEVA
3.925,3.94,3.925,3.935,11758,2022-02-25 20:36:00,AEVA
3.935,3.94,3.9301,3.935,27269,2022-02-25 20:37:00,AEVA
3.935,3.94,3.93,3.935,7696,2022-02-25 20:38:00,AEVA
3.935,3.94,3.93,3.94,32297,2022-02-25 20:39:00,AEVA
3.935,3.935,3.93,3.935,5237,2022-02-25 20:40:00,AEVA
3.935,3.935,3.92,3.925,28926,2022-02-25 20:41:00,AEVA
3.925,3.94,3.925,3.935,29744,2022-02-25 20:42:00,AEVA
3.94,3.94,3.93,3.93,10563,2022-02-25 20:43:00,AEVA
3.94,3.9492,3.935,3.945,11863,2022-02-25 20:44:00,AEVA
3.94,3.945,3.94,3.945,3754,2022-02-25 20:45:00,AEVA
3.945,3.95,3.93,3.935,27598,2022-02-25 20:46:00,AEVA
3.935,3.94,3.93,3.935,15883,2022-02-25 20:47:00,AEVA
3.935,3.96,3.935,3.955,23712,2022-02-25 20:48:00,AEVA
3.96,3.96,3.95,3.955,8861,2022-02-25 20:49:00,AEVA
3.96,3.98,3.96,3.97,17431,2022-02-25 20:50:00,AEVA
3.98,3.98,3.97,3.97,4951,2022-02-25 20:51:00,AEVA
3.98,3.99,3.97,3.98,14088,2022-02-25 20:52:00,AEVA
3.99,3.99,3.98,3.985,7400,2022-02-25 20:53:00,AEVA
3.98,3.99,3.98,3.985,2885,2022-02-25 20:54:00,AEVA
3.98,3.99,3.98,3.98,13838,2022-02-25 20:55:00,AEVA
3.98,3.985,3.97,3.975,22974,2022-02-25 20:56:00,AEVA
3.97,3.975,3.96,3.96,20876,2022-02-25 20:57:00,AEVA
3.965,3.98,3.96,3.97,45825,2022-02-25 20:58:00,AEVA
3.965,3.97,3.96,3.97,36978,2022-02-25 20:59:00,AEVA
3.97,3.97,3.97,3.97,106021,2022-02-25 21:00:00,AEVA
3.97,3.97,3.97,3.97,351,2022-02-25 21:02:00,AEVA
3.97,3.97,3.97,3.97,2900,2022-02-25 21:14:00,AEVA
3.97,3.97,3.97,3.97,1290,2022-02-25 21:15:00,AEVA
3.97,3.97,3.97,3.97,200,2022-02-25 21:38:00,AEVA
3.97,3.97,3.97,3.97,4112,2022-02-25 21:54:00,AEVA
3.9699,3.9699,3.9699,3.9699,125,2022-02-25 22:38:00,AEVA
3.95,3.95,3.95,3.95,100,2022-02-25 22:39:00,AEVA
3.97,3.97,3.97,3.97,500,2022-02-25 23:37:00,AEVA
3.97,3.97,3.97,3.97,5000,2022-02-25 23:45:00,AEVA
