open,high,low,close,volume,datetime,symbol
1.95,1.95,1.94,1.94,1411,2022-02-09 14:30:00,FBIO
1.958,1.99,1.9573,1.975,3100,2022-02-09 14:32:00,FBIO
1.9648,1.99,1.9645,1.99,1200,2022-02-09 14:33:00,FBIO
1.961,2.0,1.961,1.995,5001,2022-02-09 14:34:00,FBIO
1.991,1.995,1.99,1.995,3200,2022-02-09 14:35:00,FBIO
1.9917,1.9917,1.99,1.9912,900,2022-02-09 14:36:00,FBIO
1.995,2.0,1.99,1.995,2100,2022-02-09 14:37:00,FBIO
1.99,2.0,1.99,2.0,2991,2022-02-09 14:38:00,FBIO
1.995,2.0,1.99,1.9901,2300,2022-02-09 14:39:00,FBIO
1.995,1.995,1.9823,1.985,2225,2022-02-09 14:40:00,FBIO
1.985,1.985,1.985,1.985,100,2022-02-09 14:41:00,FBIO
1.9836,1.9975,1.9836,1.995,3000,2022-02-09 14:42:00,FBIO
1.995,1.995,1.985,1.9892,4500,2022-02-09 14:44:00,FBIO
1.985,2.0,1.985,2.0,9788,2022-02-09 14:45:00,FBIO
1.999,2.0,1.995,2.0,2400,2022-02-09 14:46:00,FBIO
2.0,2.0,2.0,2.0,1088,2022-02-09 14:47:00,FBIO
2.0,2.0,1.9975,2.0,1326,2022-02-09 14:48:00,FBIO
1.995,1.9975,1.99,1.995,3414,2022-02-09 14:49:00,FBIO
1.9937,1.9999,1.9937,1.9999,280,2022-02-09 14:53:00,FBIO
2.0,2.01,2.0,2.01,900,2022-02-09 14:54:00,FBIO
2.01,2.0275,2.01,2.0275,3368,2022-02-09 14:55:00,FBIO
2.025,2.03,2.02,2.025,790,2022-02-09 14:56:00,FBIO
2.02,2.02,2.01,2.02,8835,2022-02-09 14:57:00,FBIO
2.015,2.02,2.015,2.02,715,2022-02-09 14:58:00,FBIO
2.02,2.04,2.02,2.04,3324,2022-02-09 14:59:00,FBIO
2.0358,2.0475,2.03,2.0475,9101,2022-02-09 15:00:00,FBIO
2.0475,2.0475,2.0475,2.0475,200,2022-02-09 15:01:00,FBIO
2.0479,2.05,2.04,2.05,2600,2022-02-09 15:02:00,FBIO
2.05,2.05,2.05,2.05,200,2022-02-09 15:03:00,FBIO
2.0419,2.0419,2.0419,2.0419,500,2022-02-09 15:04:00,FBIO
2.0401,2.0475,2.03,2.0324,11500,2022-02-09 15:05:00,FBIO
2.0336,2.0336,2.0336,2.0336,750,2022-02-09 15:06:00,FBIO
2.03,2.0301,2.03,2.03,3699,2022-02-09 15:08:00,FBIO
2.0293,2.0293,2.02,2.02,3900,2022-02-09 15:09:00,FBIO
2.0204,2.0204,2.02,2.02,400,2022-02-09 15:12:00,FBIO
2.02,2.02,2.01,2.01,500,2022-02-09 15:13:00,FBIO
2.01,2.01,2.01,2.01,300,2022-02-09 15:14:00,FBIO
2.015,2.015,2.01,2.01,250,2022-02-09 15:18:00,FBIO
2.01,2.01,2.0,2.0,2300,2022-02-09 15:19:00,FBIO
2.005,2.005,2.005,2.005,100,2022-02-09 15:20:00,FBIO
2.005,2.018,2.005,2.018,1644,2022-02-09 15:21:00,FBIO
2.0199,2.02,2.0199,2.0199,3952,2022-02-09 15:23:00,FBIO
2.025,2.03,2.025,2.025,602,2022-02-09 15:26:00,FBIO
2.025,2.025,2.025,2.025,300,2022-02-09 15:27:00,FBIO
2.02,2.02,2.015,2.015,690,2022-02-09 15:28:00,FBIO
2.015,2.02,2.015,2.02,600,2022-02-09 15:29:00,FBIO
2.02,2.02,2.02,2.02,1790,2022-02-09 15:39:00,FBIO
2.015,2.015,2.015,2.015,400,2022-02-09 15:40:00,FBIO
2.01,2.01,2.01,2.01,1000,2022-02-09 15:45:00,FBIO
2.0015,2.0015,2.0015,2.0015,1568,2022-02-09 15:46:00,FBIO
2.0,2.0,2.0,2.0,100,2022-02-09 15:47:00,FBIO
2.005,2.005,2.0,2.0,200,2022-02-09 15:50:00,FBIO
2.0082,2.0082,2.0082,2.0082,250,2022-02-09 15:52:00,FBIO
2.005,2.005,2.005,2.005,100,2022-02-09 15:54:00,FBIO
2.0091,2.0091,2.0091,2.0091,1300,2022-02-09 15:56:00,FBIO
2.005,2.015,2.005,2.01,1844,2022-02-09 15:57:00,FBIO
2.015,2.03,2.015,2.03,900,2022-02-09 15:59:00,FBIO
2.02,2.03,2.02,2.02,1100,2022-02-09 16:06:00,FBIO
2.02,2.02,2.015,2.02,1300,2022-02-09 16:07:00,FBIO
2.01,2.01,2.01,2.01,100,2022-02-09 16:09:00,FBIO
2.01,2.01,2.01,2.01,550,2022-02-09 16:13:00,FBIO
2.01,2.01,2.01,2.01,1700,2022-02-09 16:14:00,FBIO
2.005,2.005,2.005,2.005,100,2022-02-09 16:15:00,FBIO
2.005,2.005,2.005,2.005,200,2022-02-09 16:16:00,FBIO
2.005,2.005,2.005,2.005,100,2022-02-09 16:18:00,FBIO
2.005,2.005,2.005,2.005,400,2022-02-09 16:22:00,FBIO
2.01,2.02,2.01,2.01,400,2022-02-09 16:23:00,FBIO
2.01,2.01,2.01,2.01,300,2022-02-09 16:24:00,FBIO
2.0185,2.02,2.0185,2.02,5500,2022-02-09 16:25:00,FBIO
2.01,2.02,2.01,2.02,1400,2022-02-09 16:26:00,FBIO
2.02,2.03,2.02,2.03,2572,2022-02-09 16:27:00,FBIO
2.025,2.03,2.025,2.025,300,2022-02-09 16:34:00,FBIO
2.02,2.03,2.02,2.03,900,2022-02-09 16:37:00,FBIO
2.025,2.025,2.025,2.025,100,2022-02-09 16:38:00,FBIO
2.02,2.03,2.02,2.03,900,2022-02-09 16:42:00,FBIO
2.0229,2.0229,2.0229,2.0229,200,2022-02-09 16:47:00,FBIO
2.025,2.03,2.025,2.03,200,2022-02-09 16:49:00,FBIO
2.03,2.03,2.03,2.03,200,2022-02-09 16:50:00,FBIO
2.025,2.025,2.025,2.025,100,2022-02-09 16:53:00,FBIO
2.02,2.02,2.02,2.02,200,2022-02-09 17:00:00,FBIO
2.02,2.025,2.02,2.025,300,2022-02-09 17:01:00,FBIO
2.025,2.025,2.025,2.025,200,2022-02-09 17:04:00,FBIO
2.02,2.025,2.02,2.025,906,2022-02-09 17:06:00,FBIO
2.025,2.025,2.015,2.015,3567,2022-02-09 17:07:00,FBIO
2.01,2.01,2.01,2.01,100,2022-02-09 17:10:00,FBIO
2.01,2.01,2.01,2.01,100,2022-02-09 17:11:00,FBIO
2.01,2.01,2.01,2.01,200,2022-02-09 17:12:00,FBIO
2.012,2.012,2.012,2.012,100,2022-02-09 17:13:00,FBIO
2.015,2.025,2.015,2.02,5867,2022-02-09 17:15:00,FBIO
2.025,2.025,2.025,2.025,100,2022-02-09 17:27:00,FBIO
2.025,2.025,2.025,2.025,200,2022-02-09 17:33:00,FBIO
2.025,2.0268,2.025,2.0268,450,2022-02-09 17:36:00,FBIO
2.02,2.03,2.02,2.03,300,2022-02-09 17:42:00,FBIO
2.02,2.025,2.02,2.025,300,2022-02-09 17:45:00,FBIO
2.025,2.025,2.025,2.025,100,2022-02-09 17:47:00,FBIO
2.025,2.025,2.025,2.025,200,2022-02-09 17:51:00,FBIO
2.025,2.025,2.025,2.025,100,2022-02-09 17:54:00,FBIO
2.025,2.025,2.025,2.025,200,2022-02-09 17:55:00,FBIO
2.03,2.03,2.03,2.03,100,2022-02-09 17:58:00,FBIO
2.025,2.025,2.025,2.025,100,2022-02-09 17:59:00,FBIO
2.029,2.029,2.02,2.02,800,2022-02-09 18:02:00,FBIO
2.025,2.025,2.0217,2.0217,1100,2022-02-09 18:03:00,FBIO
2.03,2.035,2.025,2.035,3349,2022-02-09 18:05:00,FBIO
2.04,2.04,2.04,2.04,300,2022-02-09 18:06:00,FBIO
2.03,2.04,2.03,2.04,1525,2022-02-09 18:07:00,FBIO
2.04,2.04,2.04,2.04,100,2022-02-09 18:10:00,FBIO
2.03,2.04,2.03,2.03,400,2022-02-09 18:12:00,FBIO
2.035,2.04,2.035,2.035,400,2022-02-09 18:17:00,FBIO
2.035,2.035,2.035,2.035,100,2022-02-09 18:18:00,FBIO
2.04,2.05,2.035,2.045,3342,2022-02-09 18:20:00,FBIO
2.05,2.05,2.05,2.05,200,2022-02-09 18:22:00,FBIO
2.05,2.05,2.05,2.05,100,2022-02-09 18:24:00,FBIO
2.05,2.05,2.05,2.05,100,2022-02-09 18:25:00,FBIO
2.04,2.05,2.04,2.045,400,2022-02-09 18:26:00,FBIO
2.045,2.045,2.045,2.045,100,2022-02-09 18:29:00,FBIO
2.045,2.045,2.045,2.045,100,2022-02-09 18:31:00,FBIO
2.045,2.05,2.045,2.05,200,2022-02-09 18:35:00,FBIO
2.05,2.06,2.05,2.06,4177,2022-02-09 18:36:00,FBIO
2.06,2.06,2.06,2.06,300,2022-02-09 18:37:00,FBIO
2.05,2.05,2.05,2.05,200,2022-02-09 18:38:00,FBIO
2.055,2.055,2.0467,2.0467,4918,2022-02-09 18:39:00,FBIO
2.05,2.05,2.045,2.045,200,2022-02-09 18:40:00,FBIO
2.045,2.045,2.045,2.045,100,2022-02-09 18:46:00,FBIO
2.05,2.05,2.045,2.045,300,2022-02-09 18:50:00,FBIO
2.045,2.045,2.04,2.04,2900,2022-02-09 18:53:00,FBIO
2.045,2.045,2.045,2.045,100,2022-02-09 18:55:00,FBIO
2.045,2.045,2.045,2.045,200,2022-02-09 18:59:00,FBIO
2.05,2.05,2.05,2.05,100,2022-02-09 19:01:00,FBIO
2.045,2.045,2.045,2.045,100,2022-02-09 19:02:00,FBIO
2.05,2.05,2.05,2.05,200,2022-02-09 19:04:00,FBIO
2.045,2.045,2.045,2.045,100,2022-02-09 19:05:00,FBIO
2.045,2.045,2.045,2.045,100,2022-02-09 19:06:00,FBIO
2.05,2.06,2.05,2.06,1700,2022-02-09 19:07:00,FBIO
2.055,2.055,2.055,2.055,100,2022-02-09 19:10:00,FBIO
2.055,2.055,2.055,2.055,200,2022-02-09 19:11:00,FBIO
2.05,2.06,2.05,2.06,1090,2022-02-09 19:13:00,FBIO
2.055,2.055,2.05,2.055,900,2022-02-09 19:15:00,FBIO
2.055,2.055,2.055,2.055,200,2022-02-09 19:16:00,FBIO
2.055,2.055,2.055,2.055,100,2022-02-09 19:17:00,FBIO
2.055,2.055,2.055,2.055,100,2022-02-09 19:21:00,FBIO
2.05,2.05,2.05,2.05,100,2022-02-09 19:22:00,FBIO
2.055,2.055,2.0501,2.055,600,2022-02-09 19:26:00,FBIO
2.05,2.055,2.05,2.05,400,2022-02-09 19:27:00,FBIO
2.05,2.05,2.05,2.05,200,2022-02-09 19:31:00,FBIO
2.055,2.055,2.045,2.045,2768,2022-02-09 19:32:00,FBIO
2.045,2.05,2.045,2.05,1900,2022-02-09 19:36:00,FBIO
2.045,2.045,2.045,2.045,100,2022-02-09 19:42:00,FBIO
2.045,2.045,2.045,2.045,100,2022-02-09 19:43:00,FBIO
2.045,2.045,2.045,2.045,100,2022-02-09 19:46:00,FBIO
2.04,2.04,2.04,2.04,200,2022-02-09 19:50:00,FBIO
2.045,2.045,2.045,2.045,200,2022-02-09 19:52:00,FBIO
2.045,2.045,2.045,2.045,100,2022-02-09 19:53:00,FBIO
2.04,2.04,2.04,2.04,500,2022-02-09 19:56:00,FBIO
2.04,2.0499,2.04,2.0499,1300,2022-02-09 19:58:00,FBIO
2.04,2.04,2.04,2.04,100,2022-02-09 20:00:00,FBIO
2.05,2.05,2.04,2.04,500,2022-02-09 20:01:00,FBIO
2.0401,2.045,2.0401,2.045,1125,2022-02-09 20:03:00,FBIO
2.045,2.05,2.04,2.05,4145,2022-02-09 20:04:00,FBIO
2.04,2.05,2.04,2.0408,2222,2022-02-09 20:05:00,FBIO
2.04,2.045,2.035,2.035,4552,2022-02-09 20:09:00,FBIO
2.04,2.04,2.04,2.04,500,2022-02-09 20:10:00,FBIO
2.0384,2.04,2.03,2.03,646,2022-02-09 20:12:00,FBIO
2.032,2.035,2.032,2.035,1320,2022-02-09 20:19:00,FBIO
2.04,2.04,2.03,2.03,658,2022-02-09 20:20:00,FBIO
2.0381,2.0381,2.0381,2.0381,500,2022-02-09 20:21:00,FBIO
2.035,2.035,2.035,2.035,100,2022-02-09 20:23:00,FBIO
2.03,2.04,2.03,2.04,700,2022-02-09 20:25:00,FBIO
2.03,2.04,2.03,2.03,700,2022-02-09 20:26:00,FBIO
2.035,2.05,2.035,2.05,2026,2022-02-09 20:29:00,FBIO
2.04,2.04,2.04,2.04,100,2022-02-09 20:31:00,FBIO
2.04,2.04,2.04,2.04,200,2022-02-09 20:33:00,FBIO
2.04,2.05,2.04,2.05,680,2022-02-09 20:36:00,FBIO
2.045,2.045,2.045,2.045,100,2022-02-09 20:37:00,FBIO
2.045,2.045,2.045,2.045,200,2022-02-09 20:38:00,FBIO
2.04,2.04,2.04,2.04,1231,2022-02-09 20:40:00,FBIO
2.04,2.04,2.03,2.03,6039,2022-02-09 20:41:00,FBIO
2.035,2.035,2.035,2.035,778,2022-02-09 20:42:00,FBIO
2.035,2.04,2.035,2.035,3000,2022-02-09 20:46:00,FBIO
2.035,2.035,2.035,2.035,600,2022-02-09 20:48:00,FBIO
2.035,2.035,2.03,2.03,574,2022-02-09 20:49:00,FBIO
2.035,2.04,2.035,2.04,1200,2022-02-09 20:50:00,FBIO
2.035,2.035,2.035,2.035,218,2022-02-09 20:51:00,FBIO
2.035,2.04,2.035,2.035,2019,2022-02-09 20:53:00,FBIO
2.035,2.04,2.035,2.04,7656,2022-02-09 20:54:00,FBIO
2.035,2.05,2.035,2.04,9577,2022-02-09 20:55:00,FBIO
2.04,2.05,2.04,2.04,1255,2022-02-09 20:56:00,FBIO
2.045,2.05,2.04,2.05,3860,2022-02-09 20:57:00,FBIO
2.04,2.05,2.04,2.05,4067,2022-02-09 20:58:00,FBIO
2.05,2.06,2.045,2.06,17014,2022-02-09 20:59:00,FBIO
2.05,2.05,2.05,2.05,34219,2022-02-09 21:00:00,FBIO
2.08,2.08,2.08,2.08,200,2022-02-10 00:24:00,FBIO
2.01,2.01,2.01,2.01,272,2022-02-10 14:03:00,FBIO
2.01,2.01,2.0,2.0,200,2022-02-10 14:05:00,FBIO
1.99,1.99,1.99,1.99,100,2022-02-10 14:09:00,FBIO
1.99,1.99,1.99,1.99,100,2022-02-10 14:14:00,FBIO
2.0,2.0,2.0,2.0,222,2022-02-10 14:25:00,FBIO
2.0,2.0,2.0,2.0,5686,2022-02-10 14:27:00,FBIO
2.0,2.0,2.0,2.0,12467,2022-02-10 14:30:00,FBIO
2.01,2.01,2.0,2.01,750,2022-02-10 14:31:00,FBIO
2.0,2.01,1.99,2.0072,1141,2022-02-10 14:34:00,FBIO
2.0099,2.03,2.0099,2.03,3761,2022-02-10 14:36:00,FBIO
2.03,2.04,2.03,2.03,1640,2022-02-10 14:39:00,FBIO
2.03,2.05,2.03,2.04,1700,2022-02-10 14:40:00,FBIO
2.04,2.04,2.04,2.04,581,2022-02-10 14:41:00,FBIO
2.05,2.06,2.05,2.0575,1061,2022-02-10 14:43:00,FBIO
2.0592,2.06,2.0575,2.0575,2400,2022-02-10 14:44:00,FBIO
2.06,2.08,2.06,2.08,3197,2022-02-10 14:45:00,FBIO
2.085,2.085,2.065,2.065,9671,2022-02-10 14:46:00,FBIO
2.0601,2.0601,2.0601,2.0601,100,2022-02-10 14:56:00,FBIO
2.065,2.065,2.065,2.065,100,2022-02-10 14:57:00,FBIO
2.06,2.07,2.06,2.07,3300,2022-02-10 14:58:00,FBIO
2.065,2.065,2.055,2.055,2333,2022-02-10 15:00:00,FBIO
2.06,2.06,2.06,2.06,181,2022-02-10 15:02:00,FBIO
2.06,2.06,2.06,2.06,612,2022-02-10 15:07:00,FBIO
2.065,2.07,2.065,2.07,1005,2022-02-10 15:10:00,FBIO
2.07,2.08,2.07,2.0775,2800,2022-02-10 15:13:00,FBIO
2.075,2.075,2.07,2.07,1570,2022-02-10 15:14:00,FBIO
2.065,2.065,2.065,2.065,100,2022-02-10 15:15:00,FBIO
2.06,2.06,2.06,2.06,941,2022-02-10 15:16:00,FBIO
2.05,2.05,2.05,2.05,144,2022-02-10 15:20:00,FBIO
2.06,2.065,2.06,2.065,1168,2022-02-10 15:28:00,FBIO
2.06,2.065,2.06,2.065,3100,2022-02-10 15:34:00,FBIO
2.0601,2.07,2.0601,2.07,4450,2022-02-10 15:35:00,FBIO
2.07,2.07,2.07,2.07,600,2022-02-10 15:36:00,FBIO
2.07,2.07,2.07,2.07,269,2022-02-10 15:38:00,FBIO
2.06,2.07,2.06,2.07,1900,2022-02-10 15:39:00,FBIO
2.0694,2.08,2.06,2.07,6330,2022-02-10 15:41:00,FBIO
2.07,2.07,2.065,2.07,4720,2022-02-10 15:45:00,FBIO
2.06,2.07,2.055,2.07,3599,2022-02-10 15:55:00,FBIO
2.06,2.07,2.06,2.07,400,2022-02-10 15:56:00,FBIO
2.07,2.07,2.0623,2.0623,420,2022-02-10 15:57:00,FBIO
2.0619,2.0619,2.06,2.06,250,2022-02-10 15:58:00,FBIO
2.065,2.065,2.06,2.06,200,2022-02-10 15:59:00,FBIO
2.065,2.065,2.06,2.06,700,2022-02-10 16:00:00,FBIO
2.0501,2.06,2.0501,2.055,7656,2022-02-10 16:01:00,FBIO
2.06,2.07,2.06,2.07,410,2022-02-10 16:03:00,FBIO
2.06,2.0675,2.06,2.0675,17583,2022-02-10 16:04:00,FBIO
2.0631,2.0631,2.0631,2.0631,500,2022-02-10 16:05:00,FBIO
2.06,2.06,2.06,2.06,492,2022-02-10 16:09:00,FBIO
2.06,2.0675,2.055,2.065,2423,2022-02-10 16:11:00,FBIO
2.0699,2.07,2.0699,2.07,1200,2022-02-10 16:16:00,FBIO
2.06,2.06,2.06,2.06,200,2022-02-10 16:22:00,FBIO
2.065,2.0675,2.06,2.065,7228,2022-02-10 16:23:00,FBIO
2.065,2.065,2.055,2.055,1007,2022-02-10 16:25:00,FBIO
2.055,2.055,2.055,2.055,100,2022-02-10 16:27:00,FBIO
2.055,2.055,2.055,2.055,700,2022-02-10 16:31:00,FBIO
2.055,2.055,2.055,2.055,100,2022-02-10 16:33:00,FBIO
2.055,2.055,2.055,2.055,100,2022-02-10 16:37:00,FBIO
2.05,2.05,2.05,2.05,200,2022-02-10 16:38:00,FBIO
2.055,2.055,2.055,2.055,100,2022-02-10 16:41:00,FBIO
2.055,2.059,2.055,2.059,2200,2022-02-10 16:43:00,FBIO
2.06,2.07,2.06,2.07,626,2022-02-10 16:46:00,FBIO
2.07,2.07,2.07,2.07,200,2022-02-10 16:47:00,FBIO
2.0689,2.07,2.062,2.062,1742,2022-02-10 16:51:00,FBIO
2.07,2.07,2.07,2.07,194,2022-02-10 16:52:00,FBIO
2.06,2.07,2.06,2.06,4384,2022-02-10 16:58:00,FBIO
2.065,2.065,2.06,2.06,3725,2022-02-10 16:59:00,FBIO
2.06,2.06,2.06,2.06,200,2022-02-10 17:01:00,FBIO
2.0675,2.0675,2.0675,2.0675,1000,2022-02-10 17:04:00,FBIO
2.06,2.06,2.06,2.06,400,2022-02-10 17:06:00,FBIO
2.07,2.07,2.0699,2.0699,800,2022-02-10 17:07:00,FBIO
2.07,2.08,2.07,2.0775,2239,2022-02-10 17:08:00,FBIO
2.07,2.07,2.07,2.07,2700,2022-02-10 17:13:00,FBIO
2.07,2.07,2.07,2.07,300,2022-02-10 17:14:00,FBIO
2.075,2.075,2.075,2.075,100,2022-02-10 17:15:00,FBIO
2.07,2.08,2.07,2.0775,1000,2022-02-10 17:16:00,FBIO
2.0799,2.0799,2.075,2.075,300,2022-02-10 17:17:00,FBIO
2.07,2.08,2.07,2.08,1300,2022-02-10 17:18:00,FBIO
2.0733,2.0733,2.0733,2.0733,125,2022-02-10 17:24:00,FBIO
2.075,2.075,2.075,2.075,200,2022-02-10 17:27:00,FBIO
2.08,2.09,2.08,2.09,3286,2022-02-10 17:30:00,FBIO
2.09,2.09,2.09,2.09,200,2022-02-10 17:31:00,FBIO
2.08,2.09,2.08,2.09,4239,2022-02-10 17:32:00,FBIO
2.08,2.09,2.08,2.09,7100,2022-02-10 17:33:00,FBIO
2.08,2.1,2.08,2.1,2821,2022-02-10 17:38:00,FBIO
2.09,2.095,2.09,2.095,200,2022-02-10 17:39:00,FBIO
2.1,2.1,2.1,2.1,100,2022-02-10 17:40:00,FBIO
2.09,2.0973,2.09,2.09,1580,2022-02-10 17:45:00,FBIO
2.08,2.08,2.07,2.08,7651,2022-02-10 17:48:00,FBIO
2.07,2.08,2.07,2.08,400,2022-02-10 17:49:00,FBIO
2.075,2.08,2.075,2.08,300,2022-02-10 17:54:00,FBIO
2.08,2.08,2.08,2.08,100,2022-02-10 17:55:00,FBIO
2.08,2.09,2.08,2.09,1560,2022-02-10 17:57:00,FBIO
2.08,2.08,2.08,2.08,100,2022-02-10 18:02:00,FBIO
2.09,2.1,2.09,2.1,1100,2022-02-10 18:04:00,FBIO
2.095,2.1,2.095,2.1,200,2022-02-10 18:05:00,FBIO
2.0993,2.0993,2.0875,2.0875,2328,2022-02-10 18:09:00,FBIO
2.085,2.085,2.085,2.085,100,2022-02-10 18:11:00,FBIO
2.08,2.09,2.08,2.09,200,2022-02-10 18:12:00,FBIO
2.08,2.08,2.08,2.08,100,2022-02-10 18:16:00,FBIO
2.08,2.08,2.08,2.08,600,2022-02-10 18:17:00,FBIO
2.07,2.07,2.07,2.07,200,2022-02-10 18:19:00,FBIO
2.07,2.07,2.07,2.07,1000,2022-02-10 18:20:00,FBIO
2.06,2.06,2.06,2.06,600,2022-02-10 18:25:00,FBIO
2.06,2.065,2.06,2.06,4553,2022-02-10 18:26:00,FBIO
2.06,2.06,2.06,2.06,400,2022-02-10 18:28:00,FBIO
2.06,2.06,2.06,2.06,2100,2022-02-10 18:29:00,FBIO
2.05,2.05,2.05,2.05,100,2022-02-10 18:31:00,FBIO
2.0501,2.0501,2.0501,2.0501,500,2022-02-10 18:34:00,FBIO
2.05,2.05,2.05,2.05,1701,2022-02-10 18:35:00,FBIO
2.04,2.04,2.04,2.04,507,2022-02-10 18:37:00,FBIO
2.03,2.035,2.03,2.03,300,2022-02-10 18:38:00,FBIO
2.0399,2.04,2.035,2.04,1045,2022-02-10 18:41:00,FBIO
2.04,2.0466,2.04,2.04,1899,2022-02-10 18:42:00,FBIO
2.05,2.05,2.05,2.05,100,2022-02-10 18:45:00,FBIO
2.04,2.04,2.04,2.04,724,2022-02-10 18:49:00,FBIO
2.045,2.045,2.045,2.045,100,2022-02-10 18:50:00,FBIO
2.04,2.0414,2.04,2.0414,902,2022-02-10 18:55:00,FBIO
2.04,2.04,2.03,2.03,1800,2022-02-10 19:01:00,FBIO
2.03,2.04,2.03,2.03,300,2022-02-10 19:02:00,FBIO
2.035,2.04,2.035,2.04,1197,2022-02-10 19:03:00,FBIO
2.04,2.05,2.04,2.05,857,2022-02-10 19:04:00,FBIO
2.04,2.04,2.04,2.04,500,2022-02-10 19:05:00,FBIO
2.0399,2.0399,2.0399,2.0399,1000,2022-02-10 19:07:00,FBIO
2.04,2.04,2.04,2.04,300,2022-02-10 19:08:00,FBIO
2.04,2.04,2.04,2.04,400,2022-02-10 19:09:00,FBIO
2.04,2.05,2.04,2.05,1033,2022-02-10 19:10:00,FBIO
2.045,2.045,2.045,2.045,100,2022-02-10 19:11:00,FBIO
2.04,2.04,2.04,2.04,700,2022-02-10 19:15:00,FBIO
2.04,2.04,2.04,2.04,100,2022-02-10 19:18:00,FBIO
2.045,2.045,2.04,2.04,796,2022-02-10 19:21:00,FBIO
2.0372,2.0372,2.0372,2.0372,245,2022-02-10 19:22:00,FBIO
2.04,2.04,2.04,2.04,1587,2022-02-10 19:26:00,FBIO
2.045,2.045,2.04,2.04,300,2022-02-10 19:27:00,FBIO
2.0499,2.05,2.0499,2.05,6100,2022-02-10 19:28:00,FBIO
2.04,2.04,2.04,2.04,100,2022-02-10 19:29:00,FBIO
2.042,2.05,2.04,2.04,760,2022-02-10 19:35:00,FBIO
2.04,2.05,2.04,2.05,200,2022-02-10 19:38:00,FBIO
2.0406,2.05,2.0406,2.05,2859,2022-02-10 19:41:00,FBIO
2.04,2.05,2.04,2.05,200,2022-02-10 19:42:00,FBIO
2.04,2.05,2.04,2.04,500,2022-02-10 19:49:00,FBIO
2.04,2.04,2.03,2.03,800,2022-02-10 19:50:00,FBIO
2.0313,2.0313,2.0313,2.0313,188,2022-02-10 19:51:00,FBIO
2.03,2.03,2.03,2.03,600,2022-02-10 19:53:00,FBIO
2.02,2.02,2.02,2.02,500,2022-02-10 19:55:00,FBIO
2.0176,2.0176,2.0176,2.0176,243,2022-02-10 19:57:00,FBIO
2.013,2.013,2.01,2.01,2004,2022-02-10 20:00:00,FBIO
2.0019,2.0019,2.0015,2.0015,2149,2022-02-10 20:11:00,FBIO
2.0,2.0,2.0,2.0,200,2022-02-10 20:17:00,FBIO
2.0,2.0,2.0,2.0,288,2022-02-10 20:18:00,FBIO
2.0,2.0,2.0,2.0,300,2022-02-10 20:20:00,FBIO
2.0,2.0,2.0,2.0,200,2022-02-10 20:23:00,FBIO
2.0,2.0,2.0,2.0,200,2022-02-10 20:25:00,FBIO
2.0,2.0,2.0,2.0,100,2022-02-10 20:28:00,FBIO
2.0,2.0,1.995,2.0,3800,2022-02-10 20:29:00,FBIO
2.0,2.0,1.99,1.99,2700,2022-02-10 20:30:00,FBIO
1.99,1.99,1.99,1.99,400,2022-02-10 20:32:00,FBIO
1.99,1.99,1.99,1.99,200,2022-02-10 20:34:00,FBIO
1.99,1.99,1.99,1.99,1351,2022-02-10 20:35:00,FBIO
1.985,1.985,1.985,1.985,100,2022-02-10 20:37:00,FBIO
1.985,1.99,1.985,1.99,1500,2022-02-10 20:39:00,FBIO
1.99,1.99,1.99,1.99,100,2022-02-10 20:41:00,FBIO
1.99,1.99,1.99,1.99,400,2022-02-10 20:42:00,FBIO
1.99,1.99,1.99,1.99,100,2022-02-10 20:43:00,FBIO
1.99,1.99,1.985,1.985,2117,2022-02-10 20:45:00,FBIO
1.985,1.985,1.98,1.98,1487,2022-02-10 20:46:00,FBIO
1.985,1.985,1.985,1.985,100,2022-02-10 20:47:00,FBIO
1.98,1.985,1.98,1.985,1200,2022-02-10 20:49:00,FBIO
1.99,1.99,1.985,1.985,990,2022-02-10 20:51:00,FBIO
1.99,1.99,1.99,1.99,100,2022-02-10 20:52:00,FBIO
1.98,1.985,1.98,1.98,1100,2022-02-10 20:53:00,FBIO
1.99,2.0,1.99,1.9987,4027,2022-02-10 20:55:00,FBIO
2.0,2.0,1.995,2.0,572,2022-02-10 20:56:00,FBIO
1.99,2.0,1.99,2.0,463,2022-02-10 20:57:00,FBIO
1.9999,2.0,1.99,2.0,5073,2022-02-10 20:58:00,FBIO
1.99,2.0,1.99,1.99,5683,2022-02-10 20:59:00,FBIO
1.99,1.99,1.99,1.99,32432,2022-02-10 21:00:00,FBIO
1.99,2.01,1.99,2.0,4982,2022-02-11 14:30:00,FBIO
2.0092,2.01,2.0092,2.01,574,2022-02-11 14:31:00,FBIO
2.01,2.02,2.01,2.02,1196,2022-02-11 14:32:00,FBIO
2.01,2.01,2.01,2.01,100,2022-02-11 14:34:00,FBIO
2.01,2.01,1.99,1.99,4005,2022-02-11 14:35:00,FBIO
1.9908,1.9908,1.99,1.99,600,2022-02-11 14:39:00,FBIO
1.99,1.99,1.98,1.99,423,2022-02-11 14:40:00,FBIO
1.99,1.99,1.99,1.99,984,2022-02-11 14:45:00,FBIO
2.0,2.0,2.0,2.0,200,2022-02-11 14:46:00,FBIO
2.01,2.01,2.01,2.01,894,2022-02-11 14:48:00,FBIO
2.0193,2.0193,2.0,2.0,5847,2022-02-11 14:49:00,FBIO
2.0,2.0099,1.99,1.99,6500,2022-02-11 14:57:00,FBIO
2.0,2.0,1.995,1.995,400,2022-02-11 14:58:00,FBIO
2.0,2.0,2.0,2.0,100,2022-02-11 15:00:00,FBIO
1.9925,1.9925,1.99,1.99,600,2022-02-11 15:01:00,FBIO
1.995,1.995,1.995,1.995,100,2022-02-11 15:03:00,FBIO
1.9932,1.9932,1.9932,1.9932,150,2022-02-11 15:05:00,FBIO
1.99,1.99,1.99,1.99,3300,2022-02-11 15:09:00,FBIO
1.9815,1.9815,1.9815,1.9815,300,2022-02-11 15:12:00,FBIO
1.98,1.987,1.98,1.987,700,2022-02-11 15:14:00,FBIO
1.985,1.9888,1.98,1.98,7849,2022-02-11 15:17:00,FBIO
1.9818,1.9818,1.98,1.98,410,2022-02-11 15:20:00,FBIO
1.9805,2.0,1.9805,1.9907,4590,2022-02-11 15:21:00,FBIO
1.9901,1.9901,1.9901,1.9901,191,2022-02-11 15:22:00,FBIO
1.9901,1.9901,1.9901,1.9901,200,2022-02-11 15:23:00,FBIO
2.0,2.01,2.0,2.0028,3509,2022-02-11 15:24:00,FBIO
2.0001,2.0001,2.0001,2.0001,215,2022-02-11 15:26:00,FBIO
2.01,2.03,2.005,2.02,7031,2022-02-11 15:27:00,FBIO
2.025,2.025,2.025,2.025,200,2022-02-11 15:28:00,FBIO
2.025,2.025,2.02,2.025,400,2022-02-11 15:29:00,FBIO
2.025,2.025,2.025,2.025,100,2022-02-11 15:31:00,FBIO
2.025,2.025,2.025,2.025,2500,2022-02-11 15:37:00,FBIO
2.0231,2.025,2.02,2.02,700,2022-02-11 15:42:00,FBIO
2.02,2.02,2.02,2.02,100,2022-02-11 15:43:00,FBIO
2.0273,2.0273,2.025,2.025,200,2022-02-11 15:46:00,FBIO
2.02,2.02,2.02,2.02,200,2022-02-11 15:47:00,FBIO
2.025,2.03,2.02,2.02,5931,2022-02-11 15:52:00,FBIO
2.025,2.025,2.025,2.025,800,2022-02-11 15:54:00,FBIO
2.02,2.02,2.02,2.02,200,2022-02-11 15:55:00,FBIO
2.025,2.025,2.025,2.025,100,2022-02-11 15:57:00,FBIO
2.02,2.025,2.02,2.025,1382,2022-02-11 15:59:00,FBIO
2.02,2.02,2.02,2.02,100,2022-02-11 16:00:00,FBIO
2.025,2.025,2.02,2.025,508,2022-02-11 16:01:00,FBIO
2.02,2.02,2.02,2.02,580,2022-02-11 16:06:00,FBIO
2.025,2.025,2.02,2.02,2444,2022-02-11 16:07:00,FBIO
2.02,2.03,2.015,2.03,5397,2022-02-11 16:08:00,FBIO
2.025,2.025,2.025,2.025,295,2022-02-11 16:16:00,FBIO
2.025,2.025,2.025,2.025,100,2022-02-11 16:21:00,FBIO
2.02,2.02,2.02,2.02,100,2022-02-11 16:24:00,FBIO
2.03,2.03,2.03,2.03,100,2022-02-11 16:26:00,FBIO
2.02,2.025,2.02,2.02,3062,2022-02-11 16:28:00,FBIO
2.02,2.025,2.02,2.025,600,2022-02-11 16:29:00,FBIO
2.025,2.025,2.02,2.025,300,2022-02-11 16:35:00,FBIO
2.025,2.025,2.01,2.01,600,2022-02-11 16:37:00,FBIO
2.01,2.0101,2.0,2.01,17099,2022-02-11 16:38:00,FBIO
2.005,2.01,2.0,2.0067,11215,2022-02-11 16:39:00,FBIO
2.01,2.01,2.0,2.0,600,2022-02-11 16:40:00,FBIO
2.005,2.005,1.99,1.99,2715,2022-02-11 16:41:00,FBIO
1.9901,1.9901,1.99,1.99,2200,2022-02-11 16:42:00,FBIO
1.99,1.99,1.985,1.985,2700,2022-02-11 16:43:00,FBIO
1.98,1.98,1.98,1.98,500,2022-02-11 16:44:00,FBIO
1.9885,1.9885,1.9885,1.9885,605,2022-02-11 16:46:00,FBIO
1.98,1.98,1.98,1.98,100,2022-02-11 16:47:00,FBIO
1.98,1.98,1.97,1.97,1136,2022-02-11 16:51:00,FBIO
1.9706,1.9706,1.97,1.97,2486,2022-02-11 16:53:00,FBIO
1.97,1.975,1.97,1.975,500,2022-02-11 16:54:00,FBIO
1.97,1.97,1.965,1.965,3480,2022-02-11 16:55:00,FBIO
1.965,1.975,1.965,1.97,3855,2022-02-11 16:56:00,FBIO
1.975,1.975,1.975,1.975,350,2022-02-11 17:04:00,FBIO
1.9799,1.9799,1.9799,1.9799,200,2022-02-11 17:07:00,FBIO
1.9785,1.9785,1.9785,1.9785,1000,2022-02-11 17:09:00,FBIO
1.9755,1.9755,1.9755,1.9755,350,2022-02-11 17:10:00,FBIO
1.97,1.97,1.97,1.97,100,2022-02-11 17:12:00,FBIO
1.97,1.975,1.97,1.975,400,2022-02-11 17:15:00,FBIO
1.97,1.98,1.965,1.97,3474,2022-02-11 17:18:00,FBIO
1.97,1.97,1.97,1.97,100,2022-02-11 17:19:00,FBIO
1.97,1.97,1.9677,1.9677,1000,2022-02-11 17:21:00,FBIO
1.965,1.965,1.965,1.965,100,2022-02-11 17:24:00,FBIO
1.96,1.96,1.96,1.96,100,2022-02-11 17:26:00,FBIO
1.96,1.96,1.96,1.96,100,2022-02-11 17:34:00,FBIO
1.96,1.9667,1.96,1.9667,200,2022-02-11 17:38:00,FBIO
1.963,1.963,1.963,1.963,200,2022-02-11 17:40:00,FBIO
1.96,1.96,1.96,1.96,100,2022-02-11 17:41:00,FBIO
1.96,1.96,1.96,1.96,700,2022-02-11 17:43:00,FBIO
1.97,1.97,1.97,1.97,100,2022-02-11 17:44:00,FBIO
1.96,1.96,1.96,1.96,100,2022-02-11 17:45:00,FBIO
1.96,1.965,1.96,1.965,200,2022-02-11 17:46:00,FBIO
1.96,1.968,1.96,1.96,1218,2022-02-11 17:57:00,FBIO
1.96,1.96,1.96,1.96,200,2022-02-11 18:01:00,FBIO
1.96,1.96,1.96,1.96,400,2022-02-11 18:02:00,FBIO
1.965,1.965,1.965,1.965,100,2022-02-11 18:07:00,FBIO
1.9625,1.97,1.9625,1.97,2587,2022-02-11 18:08:00,FBIO
1.965,1.97,1.965,1.97,2204,2022-02-11 18:09:00,FBIO
1.9799,1.9799,1.975,1.975,300,2022-02-11 18:10:00,FBIO
1.97,1.97,1.96,1.9616,1416,2022-02-11 18:12:00,FBIO
1.965,1.965,1.965,1.965,100,2022-02-11 18:15:00,FBIO
1.97,1.97,1.97,1.97,150,2022-02-11 18:16:00,FBIO
1.9681,1.9681,1.9681,1.9681,500,2022-02-11 18:19:00,FBIO
1.97,1.97,1.97,1.97,100,2022-02-11 18:20:00,FBIO
1.968,1.968,1.968,1.968,500,2022-02-11 18:25:00,FBIO
1.96,1.965,1.96,1.965,3525,2022-02-11 18:27:00,FBIO
1.96,1.96,1.96,1.96,1533,2022-02-11 18:30:00,FBIO
1.95,1.95,1.94,1.94,5272,2022-02-11 18:33:00,FBIO
1.935,1.945,1.935,1.945,1509,2022-02-11 18:34:00,FBIO
1.94,1.94,1.9399,1.9399,1000,2022-02-11 18:35:00,FBIO
1.94,1.945,1.94,1.945,1181,2022-02-11 18:36:00,FBIO
1.94,1.94,1.9385,1.9385,850,2022-02-11 18:37:00,FBIO
1.93,1.93,1.93,1.93,231,2022-02-11 18:38:00,FBIO
1.93,1.93,1.93,1.93,100,2022-02-11 18:39:00,FBIO
1.93,1.93,1.93,1.93,400,2022-02-11 18:41:00,FBIO
1.93,1.93,1.93,1.93,1646,2022-02-11 18:42:00,FBIO
1.93,1.93,1.92,1.92,3897,2022-02-11 18:43:00,FBIO
1.93,1.93,1.93,1.93,300,2022-02-11 18:45:00,FBIO
1.9283,1.9283,1.92,1.92,600,2022-02-11 18:46:00,FBIO
1.92,1.92,1.91,1.915,5078,2022-02-11 18:50:00,FBIO
1.915,1.915,1.915,1.915,452,2022-02-11 18:51:00,FBIO
1.92,1.92,1.915,1.915,500,2022-02-11 18:52:00,FBIO
1.92,1.93,1.92,1.93,1174,2022-02-11 18:54:00,FBIO
1.9211,1.9211,1.9211,1.9211,500,2022-02-11 18:56:00,FBIO
1.93,1.935,1.93,1.935,1370,2022-02-11 19:01:00,FBIO
1.92,1.92,1.915,1.915,825,2022-02-11 19:02:00,FBIO
1.92,1.92,1.92,1.92,1200,2022-02-11 19:08:00,FBIO
1.92,1.92,1.92,1.92,100,2022-02-11 19:09:00,FBIO
1.915,1.915,1.915,1.915,1100,2022-02-11 19:11:00,FBIO
1.917,1.917,1.917,1.917,200,2022-02-11 19:13:00,FBIO
1.92,1.92,1.92,1.92,500,2022-02-11 19:14:00,FBIO
1.915,1.915,1.915,1.915,100,2022-02-11 19:15:00,FBIO
1.915,1.92,1.915,1.92,300,2022-02-11 19:16:00,FBIO
1.92,1.93,1.92,1.93,1145,2022-02-11 19:17:00,FBIO
1.93,1.93,1.93,1.93,100,2022-02-11 19:18:00,FBIO
1.93,1.93,1.93,1.93,100,2022-02-11 19:19:00,FBIO
1.93,1.93,1.93,1.93,200,2022-02-11 19:20:00,FBIO
1.93,1.93,1.93,1.93,900,2022-02-11 19:25:00,FBIO
1.9299,1.9299,1.9299,1.9299,200,2022-02-11 19:26:00,FBIO
1.92,1.92,1.92,1.92,920,2022-02-11 19:31:00,FBIO
1.914,1.92,1.914,1.92,2178,2022-02-11 19:33:00,FBIO
1.93,1.93,1.93,1.93,796,2022-02-11 19:34:00,FBIO
1.9316,1.9316,1.93,1.93,971,2022-02-11 19:35:00,FBIO
1.92,1.92,1.92,1.92,620,2022-02-11 19:40:00,FBIO
1.91,1.91,1.91,1.91,522,2022-02-11 19:42:00,FBIO
1.9164,1.9164,1.9164,1.9164,1500,2022-02-11 19:47:00,FBIO
1.915,1.915,1.915,1.915,1500,2022-02-11 19:50:00,FBIO
1.91,1.91,1.895,1.895,9294,2022-02-11 19:51:00,FBIO
1.895,1.895,1.89,1.89,2006,2022-02-11 19:53:00,FBIO
1.89,1.895,1.89,1.895,200,2022-02-11 19:55:00,FBIO
1.895,1.9,1.895,1.9,400,2022-02-11 19:57:00,FBIO
1.895,1.9,1.895,1.9,1716,2022-02-11 19:58:00,FBIO
1.91,1.91,1.91,1.91,100,2022-02-11 20:01:00,FBIO
1.915,1.915,1.915,1.915,100,2022-02-11 20:02:00,FBIO
1.92,1.92,1.92,1.92,100,2022-02-11 20:06:00,FBIO
1.91,1.91,1.91,1.91,300,2022-02-11 20:07:00,FBIO
1.9111,1.9111,1.9111,1.9111,1500,2022-02-11 20:08:00,FBIO
1.91,1.91,1.91,1.91,100,2022-02-11 20:13:00,FBIO
1.9111,1.9111,1.9111,1.9111,1000,2022-02-11 20:14:00,FBIO
1.91,1.91,1.91,1.91,100,2022-02-11 20:15:00,FBIO
1.91,1.91,1.91,1.91,1181,2022-02-11 20:18:00,FBIO
1.905,1.905,1.9,1.9,700,2022-02-11 20:19:00,FBIO
1.9092,1.91,1.905,1.905,2215,2022-02-11 20:21:00,FBIO
1.9001,1.9001,1.9001,1.9001,110,2022-02-11 20:22:00,FBIO
1.9,1.9,1.9,1.9,100,2022-02-11 20:25:00,FBIO
1.9077,1.9077,1.9077,1.9077,250,2022-02-11 20:28:00,FBIO
1.9,1.9,1.9,1.9,200,2022-02-11 20:31:00,FBIO
1.9,1.9,1.9,1.9,100,2022-02-11 20:32:00,FBIO
1.9,1.9,1.9,1.9,200,2022-02-11 20:33:00,FBIO
1.9,1.9,1.9,1.9,100,2022-02-11 20:36:00,FBIO
1.91,1.91,1.9,1.9,4010,2022-02-11 20:38:00,FBIO
1.9,1.905,1.9,1.905,400,2022-02-11 20:39:00,FBIO
1.9,1.905,1.9,1.9,820,2022-02-11 20:40:00,FBIO
1.905,1.905,1.9,1.9028,1397,2022-02-11 20:43:00,FBIO
1.9,1.9079,1.9,1.9,2632,2022-02-11 20:44:00,FBIO
1.895,1.9,1.895,1.9,200,2022-02-11 20:45:00,FBIO
1.9,1.9,1.9,1.9,2982,2022-02-11 20:47:00,FBIO
1.9,1.9034,1.9,1.9034,660,2022-02-11 20:48:00,FBIO
1.9009,1.9031,1.9,1.9,1400,2022-02-11 20:49:00,FBIO
1.9,1.9,1.9,1.9,1100,2022-02-11 20:50:00,FBIO
1.9,1.9,1.9,1.9,100,2022-02-11 20:51:00,FBIO
1.9,1.91,1.9,1.9,600,2022-02-11 20:52:00,FBIO
1.9,1.9,1.9,1.9,100,2022-02-11 20:53:00,FBIO
1.9,1.9,1.9,1.9,300,2022-02-11 20:54:00,FBIO
1.9,1.905,1.9,1.9,713,2022-02-11 20:55:00,FBIO
1.905,1.905,1.9,1.9,300,2022-02-11 20:56:00,FBIO
1.9,1.905,1.9,1.9,1054,2022-02-11 20:57:00,FBIO
1.9,1.908,1.9,1.9,3956,2022-02-11 20:58:00,FBIO
1.9,1.91,1.9,1.9,3374,2022-02-11 20:59:00,FBIO
1.9,1.9,1.9,1.9,13768,2022-02-11 21:00:00,FBIO
1.9,1.9,1.9,1.9,844,2022-02-11 21:01:00,FBIO
1.9,1.9,1.89,1.89,1165,2022-02-14 14:30:00,FBIO
1.88,1.89,1.88,1.885,1558,2022-02-14 14:34:00,FBIO
1.89,1.89,1.89,1.89,100,2022-02-14 14:36:00,FBIO
1.8822,1.89,1.8822,1.8899,350,2022-02-14 14:37:00,FBIO
1.8815,1.885,1.87,1.875,4894,2022-02-14 14:44:00,FBIO
1.88,1.9,1.88,1.895,2433,2022-02-14 14:46:00,FBIO
1.9,1.9,1.8914,1.9,1548,2022-02-14 14:47:00,FBIO
1.9,1.9,1.8991,1.8991,340,2022-02-14 14:48:00,FBIO
1.9,1.91,1.9,1.91,1000,2022-02-14 14:49:00,FBIO
1.9001,1.91,1.9001,1.91,850,2022-02-14 14:52:00,FBIO
1.905,1.92,1.905,1.92,700,2022-02-14 14:53:00,FBIO
1.91,1.91,1.91,1.91,200,2022-02-14 14:55:00,FBIO
1.915,1.915,1.89,1.895,11393,2022-02-14 14:56:00,FBIO
1.895,1.895,1.895,1.895,562,2022-02-14 14:59:00,FBIO
1.8924,1.895,1.88,1.88,800,2022-02-14 15:01:00,FBIO
1.885,1.885,1.885,1.885,100,2022-02-14 15:04:00,FBIO
1.8899,1.8899,1.88,1.88,600,2022-02-14 15:07:00,FBIO
1.885,1.89,1.885,1.89,232,2022-02-14 15:08:00,FBIO
1.89,1.89,1.89,1.89,200,2022-02-14 15:10:00,FBIO
1.885,1.885,1.885,1.885,100,2022-02-14 15:12:00,FBIO
1.885,1.89,1.885,1.89,800,2022-02-14 15:13:00,FBIO
1.89,1.89,1.885,1.8884,829,2022-02-14 15:16:00,FBIO
1.885,1.89,1.885,1.89,590,2022-02-14 15:17:00,FBIO
1.88,1.88,1.88,1.88,319,2022-02-14 15:22:00,FBIO
1.88,1.88,1.88,1.88,200,2022-02-14 15:23:00,FBIO
1.885,1.885,1.88,1.88,200,2022-02-14 15:24:00,FBIO
1.885,1.885,1.88,1.88,300,2022-02-14 15:26:00,FBIO
1.87,1.87,1.87,1.87,489,2022-02-14 15:31:00,FBIO
1.865,1.865,1.865,1.865,200,2022-02-14 15:32:00,FBIO
1.8693,1.8693,1.8693,1.8693,1000,2022-02-14 15:34:00,FBIO
1.8676,1.8676,1.8676,1.8676,100,2022-02-14 15:35:00,FBIO
1.865,1.865,1.86,1.865,2400,2022-02-14 15:39:00,FBIO
1.865,1.865,1.86,1.86,200,2022-02-14 15:40:00,FBIO
1.865,1.865,1.865,1.865,300,2022-02-14 15:43:00,FBIO
1.865,1.865,1.86,1.86,300,2022-02-14 15:44:00,FBIO
1.8696,1.8696,1.86,1.86,200,2022-02-14 15:45:00,FBIO
1.8657,1.8657,1.86,1.86,400,2022-02-14 15:46:00,FBIO
1.863,1.863,1.86,1.86,200,2022-02-14 15:48:00,FBIO
1.86,1.86,1.86,1.86,261,2022-02-14 15:49:00,FBIO
1.86,1.86,1.86,1.86,100,2022-02-14 15:50:00,FBIO
1.8623,1.865,1.86,1.86,1808,2022-02-14 15:51:00,FBIO
1.86,1.865,1.85,1.86,13128,2022-02-14 15:52:00,FBIO
1.865,1.87,1.85,1.85,9115,2022-02-14 15:53:00,FBIO
1.85,1.87,1.85,1.87,23304,2022-02-14 15:54:00,FBIO
1.87,1.87,1.865,1.865,1500,2022-02-14 15:55:00,FBIO
1.865,1.865,1.865,1.865,600,2022-02-14 15:56:00,FBIO
1.865,1.865,1.86,1.86,231,2022-02-14 15:57:00,FBIO
1.865,1.865,1.86,1.86,200,2022-02-14 15:59:00,FBIO
1.865,1.865,1.865,1.865,100,2022-02-14 16:02:00,FBIO
1.86,1.87,1.86,1.86,1036,2022-02-14 16:05:00,FBIO
1.87,1.87,1.86,1.865,900,2022-02-14 16:06:00,FBIO
1.8699,1.87,1.86,1.865,1100,2022-02-14 16:07:00,FBIO
1.8624,1.8624,1.8624,1.8624,500,2022-02-14 16:09:00,FBIO
1.86,1.8675,1.86,1.8675,4000,2022-02-14 16:10:00,FBIO
1.865,1.8675,1.86,1.865,3903,2022-02-14 16:12:00,FBIO
1.865,1.865,1.86,1.86,1100,2022-02-14 16:14:00,FBIO
1.86,1.87,1.86,1.87,300,2022-02-14 16:15:00,FBIO
1.865,1.865,1.86,1.865,1539,2022-02-14 16:17:00,FBIO
1.86,1.86,1.86,1.86,160,2022-02-14 16:19:00,FBIO
1.8601,1.8601,1.8601,1.8601,173,2022-02-14 16:22:00,FBIO
1.86,1.86,1.86,1.86,400,2022-02-14 16:25:00,FBIO
1.8612,1.87,1.86,1.87,2700,2022-02-14 16:28:00,FBIO
1.865,1.87,1.86,1.87,1015,2022-02-14 16:31:00,FBIO
1.865,1.865,1.85,1.86,21387,2022-02-14 16:32:00,FBIO
1.855,1.86,1.85,1.85,700,2022-02-14 16:33:00,FBIO
1.85,1.86,1.85,1.855,1860,2022-02-14 16:34:00,FBIO
1.855,1.86,1.855,1.86,300,2022-02-14 16:35:00,FBIO
1.855,1.86,1.855,1.86,700,2022-02-14 16:36:00,FBIO
1.855,1.855,1.855,1.855,208,2022-02-14 16:37:00,FBIO
1.855,1.855,1.855,1.855,400,2022-02-14 16:39:00,FBIO
1.855,1.855,1.855,1.855,400,2022-02-14 16:40:00,FBIO
1.855,1.855,1.855,1.855,100,2022-02-14 16:41:00,FBIO
1.8591,1.86,1.855,1.86,1151,2022-02-14 16:42:00,FBIO
1.86,1.87,1.86,1.865,2860,2022-02-14 16:43:00,FBIO
1.868,1.868,1.868,1.868,269,2022-02-14 16:44:00,FBIO
1.87,1.87,1.87,1.87,234,2022-02-14 16:45:00,FBIO
1.865,1.868,1.865,1.8675,4774,2022-02-14 16:46:00,FBIO
1.865,1.865,1.865,1.865,100,2022-02-14 16:47:00,FBIO
1.865,1.865,1.865,1.865,400,2022-02-14 16:51:00,FBIO
1.865,1.865,1.865,1.865,300,2022-02-14 16:52:00,FBIO
1.87,1.87,1.8621,1.865,1400,2022-02-14 16:56:00,FBIO
1.8673,1.8673,1.86,1.865,400,2022-02-14 16:57:00,FBIO
1.87,1.87,1.87,1.87,200,2022-02-14 17:01:00,FBIO
1.865,1.865,1.865,1.865,1703,2022-02-14 17:02:00,FBIO
1.8687,1.8687,1.865,1.865,950,2022-02-14 17:03:00,FBIO
1.865,1.865,1.865,1.865,200,2022-02-14 17:04:00,FBIO
1.865,1.87,1.865,1.865,976,2022-02-14 17:05:00,FBIO
1.865,1.87,1.865,1.865,1034,2022-02-14 17:06:00,FBIO
1.865,1.87,1.865,1.865,600,2022-02-14 17:07:00,FBIO
1.865,1.865,1.865,1.865,600,2022-02-14 17:08:00,FBIO
1.865,1.865,1.865,1.865,200,2022-02-14 17:09:00,FBIO
1.865,1.865,1.865,1.865,100,2022-02-14 17:10:00,FBIO
1.865,1.865,1.865,1.865,200,2022-02-14 17:12:00,FBIO
1.865,1.865,1.865,1.865,100,2022-02-14 17:16:00,FBIO
1.86,1.87,1.86,1.86,12661,2022-02-14 17:17:00,FBIO
1.865,1.865,1.865,1.865,1200,2022-02-14 17:18:00,FBIO
1.8699,1.87,1.86,1.87,5881,2022-02-14 17:21:00,FBIO
1.865,1.87,1.86,1.865,8195,2022-02-14 17:22:00,FBIO
1.865,1.87,1.86,1.86,6886,2022-02-14 17:23:00,FBIO
1.87,1.88,1.865,1.88,4835,2022-02-14 17:24:00,FBIO
1.875,1.8975,1.875,1.88,13925,2022-02-14 17:25:00,FBIO
1.885,1.885,1.885,1.885,100,2022-02-14 17:26:00,FBIO
1.8814,1.8814,1.88,1.88,1161,2022-02-14 17:30:00,FBIO
1.885,1.8875,1.885,1.8875,300,2022-02-14 17:31:00,FBIO
1.89,1.89,1.88,1.885,300,2022-02-14 17:35:00,FBIO
1.8844,1.8844,1.8844,1.8844,200,2022-02-14 17:36:00,FBIO
1.885,1.885,1.885,1.885,155,2022-02-14 17:42:00,FBIO
1.88,1.88,1.88,1.88,200,2022-02-14 17:48:00,FBIO
1.8803,1.8816,1.88,1.8816,2984,2022-02-14 17:50:00,FBIO
1.88,1.88,1.88,1.88,100,2022-02-14 17:54:00,FBIO
1.88,1.88,1.87,1.87,8035,2022-02-14 17:55:00,FBIO
1.88,1.88,1.88,1.88,100,2022-02-14 17:57:00,FBIO
1.87,1.87,1.87,1.87,505,2022-02-14 18:02:00,FBIO
1.87,1.87,1.87,1.87,300,2022-02-14 18:05:00,FBIO
1.875,1.875,1.875,1.875,148,2022-02-14 18:11:00,FBIO
1.87,1.875,1.86,1.86,2556,2022-02-14 18:12:00,FBIO
1.86,1.86,1.86,1.86,100,2022-02-14 18:14:00,FBIO
1.86,1.86,1.86,1.86,200,2022-02-14 18:15:00,FBIO
1.8679,1.8679,1.8679,1.8679,1000,2022-02-14 18:23:00,FBIO
1.865,1.865,1.865,1.865,153,2022-02-14 18:24:00,FBIO
1.86,1.86,1.86,1.86,100,2022-02-14 18:25:00,FBIO
1.86,1.86,1.86,1.86,2061,2022-02-14 18:31:00,FBIO
1.86,1.86,1.85,1.85,1300,2022-02-14 18:32:00,FBIO
1.85,1.85,1.85,1.85,100,2022-02-14 18:33:00,FBIO
1.855,1.855,1.855,1.855,361,2022-02-14 18:35:00,FBIO
1.86,1.86,1.86,1.86,100,2022-02-14 18:36:00,FBIO
1.8599,1.8599,1.8599,1.8599,500,2022-02-14 18:37:00,FBIO
1.85,1.85,1.85,1.85,200,2022-02-14 18:38:00,FBIO
1.855,1.855,1.85,1.855,468,2022-02-14 18:41:00,FBIO
1.855,1.855,1.855,1.855,100,2022-02-14 18:43:00,FBIO
1.858,1.858,1.858,1.858,200,2022-02-14 18:46:00,FBIO
1.86,1.86,1.855,1.86,800,2022-02-14 18:47:00,FBIO
1.85,1.85,1.85,1.85,100,2022-02-14 18:50:00,FBIO
1.855,1.855,1.855,1.855,517,2022-02-14 18:51:00,FBIO
1.85,1.85,1.85,1.85,2304,2022-02-14 18:53:00,FBIO
1.8473,1.8473,1.8473,1.8473,140,2022-02-14 18:54:00,FBIO
1.848,1.848,1.848,1.848,542,2022-02-14 18:55:00,FBIO
1.845,1.845,1.845,1.845,100,2022-02-14 18:57:00,FBIO
1.8473,1.8473,1.8473,1.8473,100,2022-02-14 18:59:00,FBIO
1.84,1.85,1.84,1.85,3666,2022-02-14 19:00:00,FBIO
1.8499,1.85,1.8499,1.85,6100,2022-02-14 19:03:00,FBIO
1.845,1.85,1.845,1.845,1122,2022-02-14 19:05:00,FBIO
1.85,1.85,1.85,1.85,100,2022-02-14 19:06:00,FBIO
1.85,1.86,1.85,1.86,3951,2022-02-14 19:09:00,FBIO
1.855,1.855,1.855,1.855,100,2022-02-14 19:10:00,FBIO
1.86,1.86,1.86,1.86,200,2022-02-14 19:11:00,FBIO
1.8586,1.8586,1.8586,1.8586,1000,2022-02-14 19:15:00,FBIO
1.8599,1.86,1.8599,1.86,300,2022-02-14 19:18:00,FBIO
1.86,1.865,1.86,1.865,3529,2022-02-14 19:20:00,FBIO
1.865,1.865,1.865,1.865,500,2022-02-14 19:21:00,FBIO
1.865,1.87,1.865,1.87,6800,2022-02-14 19:23:00,FBIO
1.8624,1.865,1.8624,1.865,1337,2022-02-14 19:24:00,FBIO
1.8683,1.8683,1.8683,1.8683,150,2022-02-14 19:28:00,FBIO
1.87,1.885,1.865,1.875,7230,2022-02-14 19:29:00,FBIO
1.87,1.87,1.87,1.87,200,2022-02-14 19:32:00,FBIO
1.87,1.87,1.86,1.86,1380,2022-02-14 19:33:00,FBIO
1.863,1.863,1.863,1.863,107,2022-02-14 19:39:00,FBIO
1.865,1.865,1.865,1.865,145,2022-02-14 19:41:00,FBIO
1.87,1.87,1.87,1.87,600,2022-02-14 19:49:00,FBIO
1.865,1.865,1.86,1.865,400,2022-02-14 19:51:00,FBIO
1.86,1.865,1.86,1.8643,1000,2022-02-14 20:00:00,FBIO
1.865,1.87,1.865,1.87,200,2022-02-14 20:01:00,FBIO
1.865,1.87,1.86,1.87,929,2022-02-14 20:03:00,FBIO
1.86,1.86,1.86,1.86,1000,2022-02-14 20:05:00,FBIO
1.855,1.86,1.855,1.86,300,2022-02-14 20:10:00,FBIO
1.855,1.86,1.855,1.86,1523,2022-02-14 20:12:00,FBIO
1.855,1.86,1.855,1.86,691,2022-02-14 20:14:00,FBIO
1.86,1.865,1.86,1.86,1744,2022-02-14 20:15:00,FBIO
1.86,1.86,1.86,1.86,700,2022-02-14 20:20:00,FBIO
1.86,1.86,1.86,1.86,100,2022-02-14 20:22:00,FBIO
1.855,1.86,1.855,1.86,2400,2022-02-14 20:23:00,FBIO
1.86,1.86,1.85,1.86,2709,2022-02-14 20:28:00,FBIO
1.87,1.87,1.86,1.86,686,2022-02-14 20:29:00,FBIO
1.86,1.86,1.86,1.86,300,2022-02-14 20:30:00,FBIO
1.86,1.87,1.86,1.87,500,2022-02-14 20:31:00,FBIO
1.86,1.86,1.86,1.86,400,2022-02-14 20:32:00,FBIO
1.86,1.87,1.86,1.86,900,2022-02-14 20:33:00,FBIO
1.86,1.87,1.86,1.86,500,2022-02-14 20:34:00,FBIO
1.86,1.87,1.86,1.86,700,2022-02-14 20:35:00,FBIO
1.86,1.87,1.86,1.87,700,2022-02-14 20:36:00,FBIO
1.86,1.87,1.86,1.86,800,2022-02-14 20:37:00,FBIO
1.86,1.86,1.855,1.855,2227,2022-02-14 20:38:00,FBIO
1.855,1.855,1.85,1.85,308,2022-02-14 20:43:00,FBIO
1.855,1.855,1.855,1.855,475,2022-02-14 20:44:00,FBIO
1.8573,1.8573,1.8573,1.8573,269,2022-02-14 20:45:00,FBIO
1.855,1.855,1.855,1.855,100,2022-02-14 20:46:00,FBIO
1.85,1.85,1.85,1.85,200,2022-02-14 20:47:00,FBIO
1.855,1.855,1.855,1.855,300,2022-02-14 20:48:00,FBIO
1.85,1.85,1.85,1.85,196,2022-02-14 20:49:00,FBIO
1.85,1.85,1.84,1.84,2375,2022-02-14 20:50:00,FBIO
1.845,1.845,1.845,1.845,100,2022-02-14 20:51:00,FBIO
1.845,1.845,1.845,1.845,100,2022-02-14 20:52:00,FBIO
1.84,1.85,1.84,1.845,1385,2022-02-14 20:54:00,FBIO
1.84,1.845,1.84,1.845,200,2022-02-14 20:55:00,FBIO
1.845,1.845,1.84,1.84,400,2022-02-14 20:56:00,FBIO
1.845,1.845,1.845,1.845,500,2022-02-14 20:57:00,FBIO
1.845,1.85,1.84,1.84,492,2022-02-14 20:58:00,FBIO
1.845,1.85,1.84,1.85,4846,2022-02-14 20:59:00,FBIO
1.84,1.84,1.84,1.84,14814,2022-02-14 21:00:00,FBIO
1.86,1.86,1.86,1.86,400,2022-02-14 22:59:00,FBIO
1.86,1.86,1.86,1.86,499,2022-02-15 13:25:00,FBIO
1.86,1.86,1.86,1.86,100,2022-02-15 13:58:00,FBIO
1.86,1.86,1.86,1.86,200,2022-02-15 14:18:00,FBIO
1.86,1.86,1.85,1.86,1487,2022-02-15 14:30:00,FBIO
1.86,1.88,1.855,1.87,32577,2022-02-15 14:32:00,FBIO
1.87,1.875,1.87,1.87,731,2022-02-15 14:33:00,FBIO
1.8701,1.8701,1.87,1.87,300,2022-02-15 14:34:00,FBIO
1.875,1.88,1.875,1.88,200,2022-02-15 14:35:00,FBIO
1.885,1.885,1.885,1.885,110,2022-02-15 14:39:00,FBIO
1.885,1.89,1.88,1.88,2394,2022-02-15 14:40:00,FBIO
1.89,1.89,1.89,1.89,100,2022-02-15 14:41:00,FBIO
1.885,1.89,1.88,1.89,2518,2022-02-15 14:42:00,FBIO
1.89,1.89,1.88,1.885,700,2022-02-15 14:43:00,FBIO
1.88,1.88,1.88,1.88,200,2022-02-15 14:44:00,FBIO
1.885,1.9,1.88,1.9,12097,2022-02-15 14:45:00,FBIO
1.89,1.9,1.89,1.9,3120,2022-02-15 14:46:00,FBIO
1.89,1.9,1.89,1.9,200,2022-02-15 14:47:00,FBIO
1.8908,1.9,1.8908,1.895,1123,2022-02-15 14:49:00,FBIO
1.895,1.9,1.89,1.895,7432,2022-02-15 14:51:00,FBIO
1.8999,1.9,1.895,1.9,400,2022-02-15 14:53:00,FBIO
1.89,1.89,1.89,1.89,200,2022-02-15 14:56:00,FBIO
1.895,1.895,1.895,1.895,200,2022-02-15 14:58:00,FBIO
1.9,1.9,1.89,1.895,2500,2022-02-15 14:59:00,FBIO
1.892,1.892,1.892,1.892,200,2022-02-15 15:01:00,FBIO
1.9,1.9,1.9,1.9,200,2022-02-15 15:03:00,FBIO
1.8994,1.9,1.89,1.89,928,2022-02-15 15:05:00,FBIO
1.895,1.9,1.89,1.89,1600,2022-02-15 15:06:00,FBIO
1.89,1.9,1.89,1.9,18640,2022-02-15 15:09:00,FBIO
1.895,1.9,1.885,1.895,9131,2022-02-15 15:11:00,FBIO
1.895,1.895,1.895,1.895,200,2022-02-15 15:12:00,FBIO
1.895,1.895,1.89,1.895,1072,2022-02-15 15:14:00,FBIO
1.895,1.895,1.89,1.89,1100,2022-02-15 15:15:00,FBIO
1.89,1.89,1.88,1.885,2588,2022-02-15 15:16:00,FBIO
1.885,1.885,1.88,1.885,373,2022-02-15 15:17:00,FBIO
1.885,1.885,1.87,1.87,4373,2022-02-15 15:18:00,FBIO
1.87,1.875,1.85,1.86,15920,2022-02-15 15:19:00,FBIO
1.86,1.86,1.85,1.86,1600,2022-02-15 15:20:00,FBIO
1.855,1.855,1.855,1.855,100,2022-02-15 15:22:00,FBIO
1.8558,1.86,1.8558,1.86,300,2022-02-15 15:24:00,FBIO
1.855,1.855,1.855,1.855,100,2022-02-15 15:25:00,FBIO
1.8581,1.86,1.8581,1.86,300,2022-02-15 15:26:00,FBIO
1.86,1.86,1.86,1.86,1200,2022-02-15 15:27:00,FBIO
1.855,1.87,1.855,1.86,5948,2022-02-15 15:28:00,FBIO
1.86,1.86,1.85,1.86,1729,2022-02-15 15:29:00,FBIO
1.855,1.855,1.855,1.855,600,2022-02-15 15:30:00,FBIO
1.85,1.855,1.85,1.855,200,2022-02-15 15:31:00,FBIO
1.85,1.855,1.85,1.855,1382,2022-02-15 15:33:00,FBIO
1.85,1.85,1.85,1.85,812,2022-02-15 15:34:00,FBIO
1.85,1.85,1.845,1.845,2103,2022-02-15 15:35:00,FBIO
1.85,1.85,1.85,1.85,2074,2022-02-15 15:41:00,FBIO
1.8463,1.8463,1.845,1.845,500,2022-02-15 15:42:00,FBIO
1.84,1.85,1.84,1.85,400,2022-02-15 15:43:00,FBIO
1.8481,1.8481,1.8481,1.8481,600,2022-02-15 15:46:00,FBIO
1.85,1.85,1.85,1.85,300,2022-02-15 15:51:00,FBIO
1.8465,1.8465,1.84,1.84,300,2022-02-15 15:52:00,FBIO
1.8424,1.845,1.8424,1.845,2419,2022-02-15 15:57:00,FBIO
1.84,1.84,1.84,1.84,200,2022-02-15 16:00:00,FBIO
1.84,1.845,1.84,1.845,600,2022-02-15 16:01:00,FBIO
1.845,1.845,1.845,1.845,300,2022-02-15 16:02:00,FBIO
1.845,1.85,1.845,1.845,900,2022-02-15 16:03:00,FBIO
1.845,1.845,1.845,1.845,100,2022-02-15 16:08:00,FBIO
1.84,1.84,1.84,1.84,100,2022-02-15 16:09:00,FBIO
1.8401,1.8401,1.8401,1.8401,117,2022-02-15 16:10:00,FBIO
1.84,1.84,1.84,1.84,200,2022-02-15 16:12:00,FBIO
1.85,1.85,1.84,1.845,300,2022-02-15 16:18:00,FBIO
1.845,1.845,1.845,1.845,100,2022-02-15 16:21:00,FBIO
1.84,1.85,1.84,1.845,300,2022-02-15 16:24:00,FBIO
1.84,1.84,1.84,1.84,200,2022-02-15 16:25:00,FBIO
1.84,1.85,1.84,1.85,200,2022-02-15 16:28:00,FBIO
1.84,1.84,1.84,1.84,100,2022-02-15 16:33:00,FBIO
1.85,1.86,1.845,1.85,5456,2022-02-15 16:34:00,FBIO
1.855,1.855,1.85,1.85,2800,2022-02-15 16:35:00,FBIO
1.855,1.855,1.85,1.85,8908,2022-02-15 16:36:00,FBIO
1.85,1.85,1.84,1.845,1721,2022-02-15 16:37:00,FBIO
1.845,1.845,1.845,1.845,200,2022-02-15 16:44:00,FBIO
1.8472,1.8472,1.8472,1.8472,100,2022-02-15 16:46:00,FBIO
1.85,1.86,1.8497,1.855,8080,2022-02-15 16:48:00,FBIO
1.85,1.85,1.85,1.85,400,2022-02-15 16:49:00,FBIO
1.855,1.86,1.855,1.86,200,2022-02-15 16:50:00,FBIO
1.85,1.85,1.85,1.85,100,2022-02-15 16:52:00,FBIO
1.85,1.86,1.85,1.85,3300,2022-02-15 16:56:00,FBIO
1.855,1.86,1.845,1.845,1589,2022-02-15 16:57:00,FBIO
1.845,1.845,1.845,1.845,100,2022-02-15 17:03:00,FBIO
1.845,1.8475,1.84,1.8475,8440,2022-02-15 17:04:00,FBIO
1.845,1.845,1.845,1.845,400,2022-02-15 17:05:00,FBIO
1.84,1.84,1.84,1.84,100,2022-02-15 17:11:00,FBIO
1.84,1.84,1.84,1.84,200,2022-02-15 17:12:00,FBIO
1.845,1.845,1.84,1.84,700,2022-02-15 17:15:00,FBIO
1.84,1.845,1.83,1.835,1845,2022-02-15 17:16:00,FBIO
1.83,1.835,1.83,1.835,366,2022-02-15 17:17:00,FBIO
1.83,1.835,1.83,1.835,1422,2022-02-15 17:18:00,FBIO
1.835,1.84,1.835,1.84,3413,2022-02-15 17:20:00,FBIO
1.8301,1.84,1.83,1.84,12078,2022-02-15 17:21:00,FBIO
1.84,1.84,1.835,1.84,800,2022-02-15 17:22:00,FBIO
1.84,1.84,1.84,1.84,100,2022-02-15 17:23:00,FBIO
1.84,1.84,1.84,1.84,100,2022-02-15 17:24:00,FBIO
1.835,1.84,1.835,1.84,200,2022-02-15 17:29:00,FBIO
1.835,1.835,1.835,1.835,100,2022-02-15 17:30:00,FBIO
1.835,1.84,1.835,1.84,945,2022-02-15 17:32:00,FBIO
1.84,1.84,1.84,1.84,1581,2022-02-15 17:33:00,FBIO
1.8387,1.8387,1.8387,1.8387,1999,2022-02-15 17:38:00,FBIO
1.84,1.84,1.84,1.84,2584,2022-02-15 17:39:00,FBIO
1.84,1.84,1.8375,1.8375,1600,2022-02-15 17:41:00,FBIO
1.84,1.84,1.84,1.84,100,2022-02-15 17:43:00,FBIO
1.8302,1.84,1.8302,1.8375,2150,2022-02-15 17:45:00,FBIO
1.83,1.84,1.83,1.84,600,2022-02-15 17:46:00,FBIO
1.835,1.835,1.835,1.835,100,2022-02-15 17:47:00,FBIO
1.83,1.83,1.83,1.83,909,2022-02-15 17:48:00,FBIO
1.835,1.835,1.83,1.835,400,2022-02-15 17:49:00,FBIO
1.835,1.835,1.835,1.835,143,2022-02-15 17:50:00,FBIO
1.835,1.835,1.83,1.83,700,2022-02-15 17:54:00,FBIO
1.83,1.835,1.83,1.835,500,2022-02-15 17:55:00,FBIO
1.835,1.835,1.835,1.835,100,2022-02-15 18:04:00,FBIO
1.8399,1.8399,1.8399,1.8399,109,2022-02-15 18:07:00,FBIO
1.83,1.83,1.83,1.83,100,2022-02-15 18:09:00,FBIO
1.835,1.835,1.83,1.835,300,2022-02-15 18:10:00,FBIO
1.835,1.835,1.835,1.835,200,2022-02-15 18:12:00,FBIO
1.84,1.855,1.84,1.85,26421,2022-02-15 18:15:00,FBIO
1.85,1.85,1.845,1.845,400,2022-02-15 18:16:00,FBIO
1.85,1.85,1.85,1.85,200,2022-02-15 18:17:00,FBIO
1.85,1.85,1.85,1.85,100,2022-02-15 18:19:00,FBIO
1.85,1.86,1.85,1.85,7760,2022-02-15 18:21:00,FBIO
1.855,1.855,1.855,1.855,100,2022-02-15 18:25:00,FBIO
1.855,1.855,1.855,1.855,100,2022-02-15 18:26:00,FBIO
1.86,1.86,1.86,1.86,300,2022-02-15 18:30:00,FBIO
1.85,1.85,1.85,1.85,100,2022-02-15 18:31:00,FBIO
1.855,1.855,1.855,1.855,100,2022-02-15 18:32:00,FBIO
1.86,1.87,1.86,1.86,4982,2022-02-15 18:35:00,FBIO
1.86,1.865,1.855,1.86,7000,2022-02-15 18:36:00,FBIO
1.865,1.865,1.86,1.86,200,2022-02-15 18:37:00,FBIO
1.87,1.87,1.87,1.87,200,2022-02-15 18:39:00,FBIO
1.865,1.865,1.86,1.86,300,2022-02-15 18:41:00,FBIO
1.8625,1.8625,1.86,1.86,2200,2022-02-15 18:44:00,FBIO
1.86,1.86,1.86,1.86,1257,2022-02-15 18:45:00,FBIO
1.86,1.86,1.86,1.86,976,2022-02-15 18:46:00,FBIO
1.86,1.86,1.86,1.86,2143,2022-02-15 18:47:00,FBIO
1.86,1.86,1.86,1.86,527,2022-02-15 18:48:00,FBIO
1.86,1.86,1.86,1.86,413,2022-02-15 18:49:00,FBIO
1.865,1.865,1.86,1.86,1076,2022-02-15 18:55:00,FBIO
1.86,1.86,1.86,1.86,700,2022-02-15 18:56:00,FBIO
1.86,1.86,1.86,1.86,850,2022-02-15 18:57:00,FBIO
1.86,1.86,1.86,1.86,273,2022-02-15 18:58:00,FBIO
1.865,1.865,1.865,1.865,100,2022-02-15 19:04:00,FBIO
1.86,1.86,1.86,1.86,500,2022-02-15 19:06:00,FBIO
1.8602,1.8602,1.86,1.86,1036,2022-02-15 19:11:00,FBIO
1.865,1.87,1.86,1.86,1400,2022-02-15 19:13:00,FBIO
1.865,1.865,1.85,1.855,11690,2022-02-15 19:17:00,FBIO
1.86,1.87,1.86,1.87,2995,2022-02-15 19:21:00,FBIO
1.86,1.86,1.86,1.86,103,2022-02-15 19:25:00,FBIO
1.865,1.87,1.865,1.87,700,2022-02-15 19:29:00,FBIO
1.865,1.87,1.86,1.87,1000,2022-02-15 19:32:00,FBIO
1.87,1.87,1.87,1.87,100,2022-02-15 19:39:00,FBIO
1.865,1.865,1.865,1.865,200,2022-02-15 19:43:00,FBIO
1.87,1.88,1.865,1.88,2669,2022-02-15 19:44:00,FBIO
1.87,1.88,1.87,1.875,300,2022-02-15 19:49:00,FBIO
1.875,1.875,1.875,1.875,100,2022-02-15 19:51:00,FBIO
1.875,1.88,1.875,1.88,200,2022-02-15 19:56:00,FBIO
1.8777,1.88,1.87,1.87,700,2022-02-15 19:57:00,FBIO
1.8708,1.88,1.8708,1.88,300,2022-02-15 19:58:00,FBIO
1.87,1.87,1.87,1.87,100,2022-02-15 19:59:00,FBIO
1.875,1.88,1.87,1.87,4706,2022-02-15 20:00:00,FBIO
1.87,1.87,1.86,1.87,4519,2022-02-15 20:01:00,FBIO
1.87,1.87,1.87,1.87,200,2022-02-15 20:02:00,FBIO
1.87,1.87,1.87,1.87,100,2022-02-15 20:05:00,FBIO
1.86,1.86,1.86,1.86,100,2022-02-15 20:08:00,FBIO
1.8684,1.8684,1.86,1.86,1200,2022-02-15 20:09:00,FBIO
1.865,1.865,1.865,1.865,100,2022-02-15 20:13:00,FBIO
1.87,1.88,1.87,1.875,18615,2022-02-15 20:16:00,FBIO
1.875,1.875,1.875,1.875,100,2022-02-15 20:17:00,FBIO
1.8791,1.88,1.875,1.88,6867,2022-02-15 20:18:00,FBIO
1.875,1.875,1.875,1.875,200,2022-02-15 20:19:00,FBIO
1.875,1.875,1.875,1.875,100,2022-02-15 20:20:00,FBIO
1.875,1.875,1.875,1.875,200,2022-02-15 20:22:00,FBIO
1.875,1.875,1.875,1.875,100,2022-02-15 20:23:00,FBIO
1.87,1.87,1.87,1.87,100,2022-02-15 20:25:00,FBIO
1.875,1.875,1.875,1.875,100,2022-02-15 20:28:00,FBIO
1.875,1.875,1.875,1.875,100,2022-02-15 20:30:00,FBIO
1.875,1.875,1.875,1.875,100,2022-02-15 20:33:00,FBIO
1.87,1.88,1.87,1.88,1800,2022-02-15 20:35:00,FBIO
1.87,1.87,1.87,1.87,100,2022-02-15 20:36:00,FBIO
1.875,1.875,1.875,1.875,400,2022-02-15 20:39:00,FBIO
1.875,1.875,1.8728,1.8728,235,2022-02-15 20:42:00,FBIO
1.875,1.88,1.87,1.875,3895,2022-02-15 20:43:00,FBIO
1.875,1.88,1.875,1.875,500,2022-02-15 20:44:00,FBIO
1.8729,1.88,1.8729,1.875,316,2022-02-15 20:45:00,FBIO
1.875,1.875,1.875,1.875,200,2022-02-15 20:46:00,FBIO
1.875,1.875,1.873,1.873,1068,2022-02-15 20:47:00,FBIO
1.875,1.875,1.87,1.87,500,2022-02-15 20:48:00,FBIO
1.8701,1.8701,1.8701,1.8701,125,2022-02-15 20:49:00,FBIO
1.875,1.89,1.87,1.88,11134,2022-02-15 20:50:00,FBIO
1.88,1.89,1.88,1.885,14105,2022-02-15 20:51:00,FBIO
1.8825,1.89,1.88,1.88,2900,2022-02-15 20:52:00,FBIO
1.885,1.885,1.87,1.88,41051,2022-02-15 20:53:00,FBIO
1.875,1.88,1.87,1.87,5914,2022-02-15 20:54:00,FBIO
1.87,1.88,1.87,1.875,1055,2022-02-15 20:55:00,FBIO
1.87,1.88,1.87,1.87,1300,2022-02-15 20:56:00,FBIO
1.87,1.88,1.87,1.87,5011,2022-02-15 20:57:00,FBIO
1.87,1.88,1.87,1.87,6400,2022-02-15 20:58:00,FBIO
1.87,1.89,1.87,1.89,32101,2022-02-15 20:59:00,FBIO
1.88,1.88,1.88,1.88,33839,2022-02-15 21:00:00,FBIO
1.88,1.88,1.88,1.88,6455,2022-02-15 21:01:00,FBIO
1.88,1.88,1.88,1.88,182,2022-02-15 21:43:00,FBIO
1.87,1.87,1.87,1.87,225,2022-02-15 22:04:00,FBIO
1.86,1.86,1.85,1.85,812,2022-02-15 22:08:00,FBIO
1.82,1.85,1.82,1.85,880,2022-02-15 22:09:00,FBIO
1.84,1.84,1.84,1.84,182,2022-02-15 22:15:00,FBIO
1.85,1.85,1.85,1.85,480,2022-02-15 22:19:00,FBIO
1.87,1.87,1.87,1.87,165,2022-02-15 22:29:00,FBIO
1.85,1.85,1.85,1.85,520,2022-02-15 22:30:00,FBIO
1.84,1.84,1.82,1.82,1009,2022-02-15 22:31:00,FBIO
1.83,1.83,1.83,1.83,200,2022-02-15 23:28:00,FBIO
1.8301,1.8301,1.8301,1.8301,3000,2022-02-15 23:56:00,FBIO
1.83,1.83,1.83,1.83,1500,2022-02-15 23:59:00,FBIO
1.8201,1.8201,1.8201,1.8201,500,2022-02-16 00:14:00,FBIO
1.87,1.87,1.87,1.87,250,2022-02-16 12:48:00,FBIO
1.86,1.86,1.86,1.86,206,2022-02-16 13:16:00,FBIO
1.87,1.87,1.86,1.86,1114,2022-02-16 13:59:00,FBIO
1.84,1.84,1.84,1.84,300,2022-02-16 14:05:00,FBIO
1.84,1.84,1.84,1.84,100,2022-02-16 14:20:00,FBIO
1.83,1.83,1.83,1.83,200,2022-02-16 14:29:00,FBIO
1.86,1.89,1.8302,1.89,4934,2022-02-16 14:30:00,FBIO
1.85,1.85,1.85,1.85,300,2022-02-16 14:32:00,FBIO
1.861,1.88,1.861,1.88,8615,2022-02-16 14:35:00,FBIO
1.875,1.875,1.87,1.87,200,2022-02-16 14:36:00,FBIO
1.865,1.865,1.855,1.855,200,2022-02-16 14:40:00,FBIO
1.855,1.855,1.85,1.855,408,2022-02-16 14:41:00,FBIO
1.85,1.85,1.85,1.85,100,2022-02-16 14:42:00,FBIO
1.8579,1.8579,1.8579,1.8579,150,2022-02-16 14:43:00,FBIO
1.855,1.855,1.855,1.855,100,2022-02-16 14:45:00,FBIO
1.865,1.865,1.865,1.865,100,2022-02-16 14:46:00,FBIO
1.86,1.86,1.86,1.86,100,2022-02-16 14:48:00,FBIO
1.865,1.865,1.86,1.86,200,2022-02-16 14:49:00,FBIO
1.85,1.85,1.85,1.85,1300,2022-02-16 14:52:00,FBIO
1.8576,1.8576,1.8576,1.8576,500,2022-02-16 14:53:00,FBIO
1.855,1.855,1.855,1.855,100,2022-02-16 14:54:00,FBIO
1.86,1.86,1.86,1.86,200,2022-02-16 14:55:00,FBIO
1.8696,1.8696,1.8696,1.8696,500,2022-02-16 14:58:00,FBIO
1.87,1.88,1.87,1.87,2993,2022-02-16 14:59:00,FBIO
1.875,1.875,1.87,1.875,4500,2022-02-16 15:03:00,FBIO
1.875,1.875,1.86,1.86,10161,2022-02-16 15:04:00,FBIO
1.865,1.865,1.8626,1.8626,200,2022-02-16 15:05:00,FBIO
1.86,1.87,1.86,1.86,500,2022-02-16 15:06:00,FBIO
1.87,1.88,1.865,1.87,4325,2022-02-16 15:07:00,FBIO
1.875,1.875,1.87,1.87,5000,2022-02-16 15:08:00,FBIO
1.865,1.87,1.86,1.865,1100,2022-02-16 15:09:00,FBIO
1.8671,1.8671,1.8671,1.8671,100,2022-02-16 15:10:00,FBIO
1.865,1.865,1.865,1.865,200,2022-02-16 15:11:00,FBIO
1.865,1.865,1.85,1.86,11076,2022-02-16 15:12:00,FBIO
1.85,1.86,1.85,1.86,15826,2022-02-16 15:13:00,FBIO
1.855,1.855,1.855,1.855,100,2022-02-16 15:14:00,FBIO
1.8529,1.86,1.85,1.86,1000,2022-02-16 15:16:00,FBIO
1.855,1.86,1.85,1.86,1700,2022-02-16 15:17:00,FBIO
1.8578,1.8578,1.8578,1.8578,100,2022-02-16 15:18:00,FBIO
1.855,1.855,1.855,1.855,100,2022-02-16 15:20:00,FBIO
1.85,1.86,1.85,1.86,300,2022-02-16 15:21:00,FBIO
1.85,1.85,1.85,1.85,100,2022-02-16 15:22:00,FBIO
1.85,1.86,1.845,1.85,18424,2022-02-16 15:23:00,FBIO
1.85,1.85,1.85,1.85,600,2022-02-16 15:24:00,FBIO
1.85,1.86,1.85,1.86,4686,2022-02-16 15:25:00,FBIO
1.85,1.86,1.85,1.86,4500,2022-02-16 15:26:00,FBIO
1.855,1.86,1.85,1.86,400,2022-02-16 15:27:00,FBIO
1.855,1.855,1.855,1.855,100,2022-02-16 15:28:00,FBIO
1.85,1.86,1.85,1.86,200,2022-02-16 15:30:00,FBIO
1.85,1.85,1.85,1.85,100,2022-02-16 15:31:00,FBIO
1.85,1.86,1.85,1.855,500,2022-02-16 15:32:00,FBIO
1.855,1.86,1.855,1.855,400,2022-02-16 15:33:00,FBIO
1.85,1.86,1.85,1.86,200,2022-02-16 15:35:00,FBIO
1.855,1.86,1.85,1.86,400,2022-02-16 15:36:00,FBIO
1.855,1.855,1.855,1.855,100,2022-02-16 15:37:00,FBIO
1.85,1.86,1.85,1.86,300,2022-02-16 15:39:00,FBIO
1.85,1.86,1.85,1.86,500,2022-02-16 15:40:00,FBIO
1.855,1.86,1.855,1.855,400,2022-02-16 15:41:00,FBIO
1.85,1.86,1.85,1.85,500,2022-02-16 15:42:00,FBIO
1.85,1.86,1.85,1.86,200,2022-02-16 15:43:00,FBIO
1.85,1.85,1.85,1.85,200,2022-02-16 15:44:00,FBIO
1.85,1.86,1.85,1.855,300,2022-02-16 15:45:00,FBIO
1.855,1.87,1.85,1.8675,5918,2022-02-16 15:46:00,FBIO
1.86,1.865,1.86,1.865,500,2022-02-16 15:47:00,FBIO
1.865,1.87,1.865,1.87,200,2022-02-16 15:48:00,FBIO
1.865,1.865,1.865,1.865,200,2022-02-16 15:50:00,FBIO
1.865,1.865,1.86,1.865,300,2022-02-16 15:53:00,FBIO
1.86,1.86,1.86,1.86,100,2022-02-16 15:55:00,FBIO
1.86,1.86,1.86,1.86,2500,2022-02-16 15:56:00,FBIO
1.8699,1.87,1.86,1.87,900,2022-02-16 15:57:00,FBIO
1.86,1.86,1.86,1.86,100,2022-02-16 15:58:00,FBIO
1.86,1.87,1.86,1.865,700,2022-02-16 15:59:00,FBIO
1.86,1.86,1.86,1.86,300,2022-02-16 16:03:00,FBIO
1.86,1.87,1.86,1.86,700,2022-02-16 16:04:00,FBIO
1.86,1.87,1.86,1.87,200,2022-02-16 16:05:00,FBIO
1.86,1.86,1.86,1.86,100,2022-02-16 16:06:00,FBIO
1.86,1.86,1.86,1.86,100,2022-02-16 16:07:00,FBIO
1.86,1.87,1.86,1.86,300,2022-02-16 16:09:00,FBIO
1.86,1.87,1.86,1.86,500,2022-02-16 16:10:00,FBIO
1.87,1.87,1.87,1.87,100,2022-02-16 16:11:00,FBIO
1.86,1.86,1.86,1.86,100,2022-02-16 16:12:00,FBIO
1.86,1.88,1.85,1.875,44408,2022-02-16 16:13:00,FBIO
1.875,1.89,1.875,1.89,13300,2022-02-16 16:14:00,FBIO
1.885,1.89,1.88,1.885,4550,2022-02-16 16:15:00,FBIO
1.885,1.89,1.88,1.885,600,2022-02-16 16:16:00,FBIO
1.89,1.89,1.88,1.88,500,2022-02-16 16:17:00,FBIO
1.885,1.89,1.88,1.89,1200,2022-02-16 16:18:00,FBIO
1.885,1.89,1.88,1.89,300,2022-02-16 16:19:00,FBIO
1.885,1.89,1.885,1.89,300,2022-02-16 16:20:00,FBIO
1.88,1.89,1.88,1.89,1700,2022-02-16 16:21:00,FBIO
1.88,1.89,1.88,1.89,300,2022-02-16 16:22:00,FBIO
1.88,1.885,1.88,1.885,783,2022-02-16 16:23:00,FBIO
1.8858,1.89,1.88,1.89,800,2022-02-16 16:24:00,FBIO
1.88,1.88,1.88,1.88,100,2022-02-16 16:25:00,FBIO
1.885,1.885,1.885,1.885,200,2022-02-16 16:26:00,FBIO
1.885,1.89,1.88,1.885,1905,2022-02-16 16:27:00,FBIO
1.885,1.9,1.885,1.8975,8037,2022-02-16 16:28:00,FBIO
1.8975,1.8993,1.895,1.8993,2800,2022-02-16 16:29:00,FBIO
1.895,1.895,1.895,1.895,100,2022-02-16 16:30:00,FBIO
1.895,1.9175,1.895,1.9175,11081,2022-02-16 16:31:00,FBIO
1.92,1.92,1.92,1.92,300,2022-02-16 16:32:00,FBIO
1.915,1.93,1.915,1.9275,3571,2022-02-16 16:34:00,FBIO
1.9299,1.93,1.9299,1.93,3100,2022-02-16 16:35:00,FBIO
1.93,1.93,1.93,1.93,100,2022-02-16 16:36:00,FBIO
1.925,1.925,1.925,1.925,100,2022-02-16 16:37:00,FBIO
1.925,1.925,1.925,1.925,200,2022-02-16 16:38:00,FBIO
1.93,1.93,1.9221,1.9221,300,2022-02-16 16:39:00,FBIO
1.925,1.9284,1.925,1.925,688,2022-02-16 16:40:00,FBIO
1.925,1.93,1.925,1.93,800,2022-02-16 16:41:00,FBIO
1.92,1.93,1.92,1.925,450,2022-02-16 16:42:00,FBIO
1.92,1.92,1.915,1.92,2747,2022-02-16 16:43:00,FBIO
1.915,1.915,1.912,1.915,1120,2022-02-16 16:44:00,FBIO
1.9199,1.9199,1.915,1.915,500,2022-02-16 16:45:00,FBIO
1.91,1.92,1.91,1.915,1100,2022-02-16 16:46:00,FBIO
1.91,1.92,1.91,1.92,3500,2022-02-16 16:47:00,FBIO
1.92,1.92,1.9108,1.92,2700,2022-02-16 16:48:00,FBIO
1.92,1.92,1.91,1.92,300,2022-02-16 16:49:00,FBIO
1.915,1.92,1.91,1.915,3000,2022-02-16 16:50:00,FBIO
1.92,1.92,1.91,1.92,300,2022-02-16 16:51:00,FBIO
1.92,1.92,1.91,1.915,800,2022-02-16 16:52:00,FBIO
1.915,1.92,1.915,1.92,600,2022-02-16 16:53:00,FBIO
1.91,1.92,1.91,1.92,2545,2022-02-16 16:54:00,FBIO
1.91,1.915,1.91,1.915,1363,2022-02-16 16:55:00,FBIO
1.915,1.915,1.915,1.915,100,2022-02-16 16:56:00,FBIO
1.9168,1.9176,1.91,1.915,600,2022-02-16 16:57:00,FBIO
1.91,1.92,1.91,1.915,303,2022-02-16 16:58:00,FBIO
1.915,1.92,1.91,1.92,600,2022-02-16 16:59:00,FBIO
1.91,1.92,1.91,1.92,200,2022-02-16 17:00:00,FBIO
1.91,1.92,1.91,1.915,712,2022-02-16 17:01:00,FBIO
1.915,1.915,1.915,1.915,100,2022-02-16 17:02:00,FBIO
1.91,1.92,1.91,1.92,400,2022-02-16 17:03:00,FBIO
1.91,1.92,1.91,1.91,2115,2022-02-16 17:04:00,FBIO
1.91,1.92,1.91,1.92,4700,2022-02-16 17:05:00,FBIO
1.91,1.92,1.91,1.91,11075,2022-02-16 17:06:00,FBIO
1.91,1.91,1.9,1.91,5003,2022-02-16 17:07:00,FBIO
1.9,1.9,1.9,1.9,100,2022-02-16 17:09:00,FBIO
1.9,1.905,1.9,1.905,200,2022-02-16 17:10:00,FBIO
1.905,1.91,1.905,1.905,300,2022-02-16 17:11:00,FBIO
1.9,1.9,1.9,1.9,100,2022-02-16 17:12:00,FBIO
1.9,1.91,1.9,1.905,7326,2022-02-16 17:13:00,FBIO
1.91,1.91,1.905,1.905,300,2022-02-16 17:14:00,FBIO
1.905,1.91,1.905,1.91,500,2022-02-16 17:17:00,FBIO
1.9,1.91,1.9,1.91,300,2022-02-16 17:19:00,FBIO
1.9,1.9075,1.9,1.9075,797,2022-02-16 17:20:00,FBIO
1.905,1.91,1.905,1.91,300,2022-02-16 17:21:00,FBIO
1.9,1.9,1.9,1.9,100,2022-02-16 17:22:00,FBIO
1.91,1.91,1.895,1.9075,8445,2022-02-16 17:25:00,FBIO
1.905,1.91,1.905,1.905,400,2022-02-16 17:27:00,FBIO
1.905,1.91,1.905,1.905,300,2022-02-16 17:30:00,FBIO
1.905,1.905,1.905,1.905,100,2022-02-16 17:32:00,FBIO
1.9,1.91,1.9,1.91,5700,2022-02-16 17:34:00,FBIO
1.9,1.905,1.9,1.905,200,2022-02-16 17:35:00,FBIO
1.9,1.91,1.9,1.91,400,2022-02-16 17:36:00,FBIO
1.9,1.9,1.9,1.9,100,2022-02-16 17:37:00,FBIO
1.9,1.905,1.9,1.905,200,2022-02-16 17:38:00,FBIO
1.9,1.91,1.9,1.91,600,2022-02-16 17:40:00,FBIO
1.9,1.91,1.9,1.905,400,2022-02-16 17:41:00,FBIO
1.9,1.9,1.9,1.9,2100,2022-02-16 17:42:00,FBIO
1.9,1.91,1.9,1.9,600,2022-02-16 17:44:00,FBIO
1.91,1.91,1.9,1.9,400,2022-02-16 17:45:00,FBIO
1.91,1.91,1.9,1.9,1900,2022-02-16 17:46:00,FBIO
1.91,1.91,1.9,1.9,500,2022-02-16 17:47:00,FBIO
1.905,1.91,1.9,1.91,600,2022-02-16 17:48:00,FBIO
1.9,1.9,1.9,1.9,100,2022-02-16 17:49:00,FBIO
1.9,1.91,1.9,1.9,300,2022-02-16 17:50:00,FBIO
1.9,1.91,1.9,1.91,200,2022-02-16 17:51:00,FBIO
1.9,1.9,1.9,1.9,100,2022-02-16 17:52:00,FBIO
1.9,1.91,1.895,1.9,24474,2022-02-16 17:53:00,FBIO
1.9,1.9,1.89,1.895,3193,2022-02-16 17:54:00,FBIO
1.8979,1.8979,1.8979,1.8979,300,2022-02-16 17:55:00,FBIO
1.89,1.9,1.89,1.89,900,2022-02-16 18:00:00,FBIO
1.895,1.895,1.89,1.89,628,2022-02-16 18:01:00,FBIO
1.895,1.8975,1.89,1.8975,2400,2022-02-16 18:02:00,FBIO
1.8969,1.8969,1.8969,1.8969,1000,2022-02-16 18:03:00,FBIO
1.9,1.9,1.89,1.89,912,2022-02-16 18:04:00,FBIO
1.895,1.9,1.89,1.89,305,2022-02-16 18:05:00,FBIO
1.89,1.9,1.89,1.9,500,2022-02-16 18:06:00,FBIO
1.895,1.895,1.89,1.89,300,2022-02-16 18:07:00,FBIO
1.9,1.9,1.9,1.9,100,2022-02-16 18:08:00,FBIO
1.89,1.89,1.89,1.89,100,2022-02-16 18:09:00,FBIO
1.89,1.9,1.89,1.895,400,2022-02-16 18:10:00,FBIO
1.89,1.9,1.89,1.9,300,2022-02-16 18:11:00,FBIO
1.89,1.9,1.89,1.9,300,2022-02-16 18:12:00,FBIO
1.895,1.9,1.89,1.9,900,2022-02-16 18:13:00,FBIO
1.89,1.9,1.89,1.9,300,2022-02-16 18:14:00,FBIO
1.89,1.9,1.89,1.9,200,2022-02-16 18:15:00,FBIO
1.89,1.9,1.89,1.895,600,2022-02-16 18:16:00,FBIO
1.9,1.9,1.9,1.9,100,2022-02-16 18:17:00,FBIO
1.89,1.9,1.89,1.9,400,2022-02-16 18:18:00,FBIO
1.89,1.9,1.89,1.9,500,2022-02-16 18:19:00,FBIO
1.89,1.9,1.89,1.9,400,2022-02-16 18:20:00,FBIO
1.9,1.9,1.89,1.895,500,2022-02-16 18:21:00,FBIO
1.89,1.9,1.89,1.89,400,2022-02-16 18:22:00,FBIO
1.9,1.9,1.89,1.89,200,2022-02-16 18:23:00,FBIO
1.89,1.89,1.89,1.89,100,2022-02-16 18:25:00,FBIO
1.89,1.89,1.89,1.89,200,2022-02-16 18:26:00,FBIO
1.89,1.9,1.89,1.9,1400,2022-02-16 18:27:00,FBIO
1.89,1.89,1.88,1.88,3697,2022-02-16 18:28:00,FBIO
1.88,1.88,1.88,1.88,100,2022-02-16 18:29:00,FBIO
1.88,1.89,1.88,1.88,475,2022-02-16 18:30:00,FBIO
1.88,1.89,1.88,1.89,300,2022-02-16 18:31:00,FBIO
1.88,1.88,1.88,1.88,200,2022-02-16 18:32:00,FBIO
1.88,1.89,1.88,1.885,800,2022-02-16 18:33:00,FBIO
1.885,1.89,1.88,1.88,400,2022-02-16 18:34:00,FBIO
1.88,1.89,1.88,1.88,300,2022-02-16 18:35:00,FBIO
1.88,1.89,1.88,1.89,300,2022-02-16 18:36:00,FBIO
1.88,1.89,1.88,1.89,400,2022-02-16 18:37:00,FBIO
1.88,1.88,1.88,1.88,200,2022-02-16 18:38:00,FBIO
1.88,1.89,1.88,1.89,200,2022-02-16 18:39:00,FBIO
1.88,1.89,1.88,1.88,300,2022-02-16 18:40:00,FBIO
1.88,1.89,1.88,1.89,300,2022-02-16 18:41:00,FBIO
1.88,1.88,1.88,1.88,200,2022-02-16 18:42:00,FBIO
1.88,1.89,1.88,1.89,300,2022-02-16 18:43:00,FBIO
1.88,1.89,1.88,1.88,500,2022-02-16 18:44:00,FBIO
1.88,1.88,1.88,1.88,100,2022-02-16 18:45:00,FBIO
1.885,1.89,1.88,1.89,900,2022-02-16 18:46:00,FBIO
1.88,1.89,1.88,1.89,200,2022-02-16 18:48:00,FBIO
1.88,1.88,1.88,1.88,100,2022-02-16 18:49:00,FBIO
1.89,1.89,1.89,1.89,100,2022-02-16 18:50:00,FBIO
1.88,1.88,1.88,1.88,100,2022-02-16 18:51:00,FBIO
1.88,1.89,1.88,1.885,300,2022-02-16 18:52:00,FBIO
1.88,1.88,1.88,1.88,100,2022-02-16 18:53:00,FBIO
1.885,1.89,1.885,1.89,1582,2022-02-16 18:54:00,FBIO
1.89,1.89,1.89,1.89,100,2022-02-16 18:55:00,FBIO
1.88,1.88,1.88,1.88,100,2022-02-16 18:56:00,FBIO
1.88,1.89,1.88,1.89,200,2022-02-16 18:57:00,FBIO
1.88,1.88,1.88,1.88,100,2022-02-16 18:58:00,FBIO
1.88,1.88,1.87,1.87,2600,2022-02-16 18:59:00,FBIO
1.875,1.88,1.875,1.88,1874,2022-02-16 19:00:00,FBIO
1.885,1.9,1.885,1.895,4900,2022-02-16 19:01:00,FBIO
1.89,1.9,1.89,1.89,2100,2022-02-16 19:02:00,FBIO
1.885,1.885,1.885,1.885,200,2022-02-16 19:03:00,FBIO
1.885,1.895,1.885,1.895,1801,2022-02-16 19:04:00,FBIO
1.89,1.89,1.89,1.89,300,2022-02-16 19:05:00,FBIO
1.89,1.89,1.885,1.89,2294,2022-02-16 19:06:00,FBIO
1.89,1.8975,1.885,1.895,2418,2022-02-16 19:07:00,FBIO
1.89,1.9,1.89,1.8975,637,2022-02-16 19:08:00,FBIO
1.89,1.89,1.885,1.885,650,2022-02-16 19:12:00,FBIO
1.885,1.885,1.885,1.885,100,2022-02-16 19:13:00,FBIO
1.8878,1.8878,1.885,1.885,700,2022-02-16 19:14:00,FBIO
1.885,1.885,1.885,1.885,100,2022-02-16 19:15:00,FBIO
1.885,1.885,1.885,1.885,100,2022-02-16 19:18:00,FBIO
1.885,1.9,1.885,1.9,2100,2022-02-16 19:20:00,FBIO
1.895,1.9,1.895,1.9,3020,2022-02-16 19:21:00,FBIO
1.91,1.91,1.905,1.905,1100,2022-02-16 19:22:00,FBIO
1.91,1.91,1.91,1.91,700,2022-02-16 19:24:00,FBIO
1.905,1.905,1.905,1.905,100,2022-02-16 19:25:00,FBIO
1.905,1.92,1.905,1.92,2369,2022-02-16 19:27:00,FBIO
1.92,1.92,1.915,1.915,800,2022-02-16 19:30:00,FBIO
1.92,1.92,1.92,1.92,100,2022-02-16 19:31:00,FBIO
1.915,1.92,1.915,1.92,500,2022-02-16 19:32:00,FBIO
1.92,1.92,1.92,1.92,200,2022-02-16 19:33:00,FBIO
1.915,1.915,1.915,1.915,100,2022-02-16 19:34:00,FBIO
1.915,1.92,1.915,1.92,400,2022-02-16 19:35:00,FBIO
1.9173,1.9173,1.9173,1.9173,100,2022-02-16 19:36:00,FBIO
1.915,1.92,1.915,1.92,450,2022-02-16 19:37:00,FBIO
1.915,1.92,1.915,1.92,300,2022-02-16 19:39:00,FBIO
1.915,1.92,1.915,1.9175,1300,2022-02-16 19:47:00,FBIO
1.91,1.92,1.91,1.9175,1900,2022-02-16 19:49:00,FBIO
1.91,1.91,1.9,1.9,3106,2022-02-16 19:50:00,FBIO
1.9,1.91,1.9,1.91,200,2022-02-16 19:54:00,FBIO
1.9,1.91,1.9,1.9,6858,2022-02-16 19:57:00,FBIO
1.9,1.91,1.9,1.91,500,2022-02-16 19:59:00,FBIO
1.9,1.91,1.9,1.91,4400,2022-02-16 20:00:00,FBIO
1.9,1.9,1.89,1.89,2928,2022-02-16 20:01:00,FBIO
1.89,1.89,1.89,1.89,100,2022-02-16 20:02:00,FBIO
1.89,1.91,1.89,1.905,4247,2022-02-16 20:03:00,FBIO
1.905,1.9078,1.905,1.9078,300,2022-02-16 20:04:00,FBIO
1.91,1.91,1.91,1.91,200,2022-02-16 20:05:00,FBIO
1.91,1.91,1.905,1.91,500,2022-02-16 20:06:00,FBIO
1.905,1.905,1.905,1.905,100,2022-02-16 20:08:00,FBIO
1.91,1.91,1.91,1.91,390,2022-02-16 20:09:00,FBIO
1.9,1.905,1.9,1.905,200,2022-02-16 20:12:00,FBIO
1.91,1.91,1.91,1.91,100,2022-02-16 20:13:00,FBIO
1.9,1.9,1.9,1.9,100,2022-02-16 20:14:00,FBIO
1.9,1.91,1.9,1.91,300,2022-02-16 20:15:00,FBIO
1.9,1.9,1.9,1.9,100,2022-02-16 20:16:00,FBIO
1.9,1.91,1.9,1.905,500,2022-02-16 20:17:00,FBIO
1.9,1.91,1.9,1.91,200,2022-02-16 20:18:00,FBIO
1.9091,1.91,1.905,1.905,5463,2022-02-16 20:19:00,FBIO
1.91,1.91,1.91,1.91,200,2022-02-16 20:20:00,FBIO
1.9075,1.91,1.9,1.905,500,2022-02-16 20:21:00,FBIO
1.9,1.9,1.9,1.9,100,2022-02-16 20:22:00,FBIO
1.9,1.91,1.9,1.9,500,2022-02-16 20:23:00,FBIO
1.9,1.91,1.9,1.91,200,2022-02-16 20:24:00,FBIO
1.905,1.91,1.905,1.905,500,2022-02-16 20:25:00,FBIO
1.9,1.905,1.9,1.905,300,2022-02-16 20:27:00,FBIO
1.905,1.91,1.905,1.91,6107,2022-02-16 20:28:00,FBIO
1.9,1.9,1.9,1.9,100,2022-02-16 20:29:00,FBIO
1.9,1.91,1.9,1.91,600,2022-02-16 20:30:00,FBIO
1.905,1.91,1.9,1.9075,2400,2022-02-16 20:31:00,FBIO
1.9075,1.91,1.9,1.9075,3000,2022-02-16 20:32:00,FBIO
1.91,1.92,1.9,1.92,9266,2022-02-16 20:33:00,FBIO
1.915,1.915,1.915,1.915,100,2022-02-16 20:35:00,FBIO
1.915,1.92,1.915,1.915,1702,2022-02-16 20:37:00,FBIO
1.915,1.915,1.915,1.915,100,2022-02-16 20:38:00,FBIO
1.915,1.92,1.915,1.915,4900,2022-02-16 20:39:00,FBIO
1.92,1.92,1.92,1.92,100,2022-02-16 20:40:00,FBIO
1.915,1.915,1.915,1.915,100,2022-02-16 20:41:00,FBIO
1.92,1.92,1.915,1.915,2300,2022-02-16 20:42:00,FBIO
1.915,1.92,1.915,1.92,500,2022-02-16 20:43:00,FBIO
1.92,1.92,1.91,1.92,3274,2022-02-16 20:45:00,FBIO
1.91,1.92,1.91,1.92,1300,2022-02-16 20:46:00,FBIO
1.91,1.92,1.91,1.92,1200,2022-02-16 20:47:00,FBIO
1.92,1.92,1.91,1.915,1000,2022-02-16 20:48:00,FBIO
1.91,1.92,1.91,1.92,1100,2022-02-16 20:49:00,FBIO
1.91,1.92,1.91,1.92,2750,2022-02-16 20:50:00,FBIO
1.915,1.92,1.91,1.915,3028,2022-02-16 20:51:00,FBIO
1.9175,1.93,1.915,1.93,5399,2022-02-16 20:52:00,FBIO
1.925,1.93,1.925,1.9273,2235,2022-02-16 20:53:00,FBIO
1.925,1.93,1.92,1.92,3400,2022-02-16 20:54:00,FBIO
1.93,1.93,1.92,1.925,2738,2022-02-16 20:55:00,FBIO
1.93,1.93,1.925,1.93,2350,2022-02-16 20:56:00,FBIO
1.925,1.93,1.925,1.93,5145,2022-02-16 20:57:00,FBIO
1.93,1.93,1.92,1.92,3800,2022-02-16 20:58:00,FBIO
1.925,1.93,1.92,1.92,5105,2022-02-16 20:59:00,FBIO
1.92,1.92,1.92,1.92,14473,2022-02-16 21:00:00,FBIO
1.91,1.91,1.9,1.91,1393,2022-02-17 14:30:00,FBIO
1.919,1.96,1.9,1.96,7825,2022-02-17 14:32:00,FBIO
1.95,1.95,1.95,1.95,274,2022-02-17 14:33:00,FBIO
1.9507,1.955,1.95,1.955,2076,2022-02-17 14:34:00,FBIO
1.9509,1.96,1.9509,1.96,200,2022-02-17 14:35:00,FBIO
1.9599,1.9599,1.9599,1.9599,200,2022-02-17 14:36:00,FBIO
1.9508,1.96,1.9508,1.96,700,2022-02-17 14:39:00,FBIO
1.955,1.96,1.95,1.96,6280,2022-02-17 14:40:00,FBIO
1.9589,1.9589,1.9589,1.9589,411,2022-02-17 14:42:00,FBIO
1.95,1.95,1.95,1.95,100,2022-02-17 14:44:00,FBIO
1.96,1.96,1.9541,1.9541,2100,2022-02-17 14:45:00,FBIO
1.96,1.96,1.9522,1.9522,1900,2022-02-17 14:46:00,FBIO
1.9501,1.955,1.94,1.95,8100,2022-02-17 14:47:00,FBIO
1.9488,1.9575,1.9488,1.9575,843,2022-02-17 14:48:00,FBIO
1.9575,1.9575,1.9575,1.9575,100,2022-02-17 14:52:00,FBIO
1.9566,1.9566,1.9566,1.9566,600,2022-02-17 14:54:00,FBIO
1.96,1.97,1.96,1.97,800,2022-02-17 14:55:00,FBIO
1.96,1.965,1.955,1.955,1680,2022-02-17 14:57:00,FBIO
1.955,1.955,1.95,1.95,1200,2022-02-17 14:58:00,FBIO
1.955,1.955,1.955,1.955,100,2022-02-17 14:59:00,FBIO
1.95,1.95,1.95,1.95,100,2022-02-17 15:02:00,FBIO
1.955,1.97,1.955,1.97,3960,2022-02-17 15:03:00,FBIO
1.97,1.97,1.97,1.97,100,2022-02-17 15:04:00,FBIO
1.97,1.97,1.97,1.97,200,2022-02-17 15:05:00,FBIO
1.9606,1.9606,1.9606,1.9606,100,2022-02-17 15:06:00,FBIO
1.97,1.97,1.97,1.97,100,2022-02-17 15:07:00,FBIO
1.9672,1.97,1.96,1.97,4865,2022-02-17 15:08:00,FBIO
1.97,1.97,1.96,1.9675,7714,2022-02-17 15:09:00,FBIO
1.965,1.965,1.95,1.96,12513,2022-02-17 15:10:00,FBIO
1.95,1.95,1.95,1.95,100,2022-02-17 15:14:00,FBIO
1.955,1.955,1.945,1.95,1251,2022-02-17 15:15:00,FBIO
1.942,1.942,1.942,1.942,900,2022-02-17 15:18:00,FBIO
1.9401,1.9401,1.94,1.94,700,2022-02-17 15:19:00,FBIO
1.94,1.94,1.93,1.93,3643,2022-02-17 15:20:00,FBIO
1.93,1.93,1.92,1.93,700,2022-02-17 15:21:00,FBIO
1.929,1.93,1.92,1.93,3598,2022-02-17 15:22:00,FBIO
1.93,1.93,1.93,1.93,100,2022-02-17 15:23:00,FBIO
1.93,1.93,1.93,1.93,100,2022-02-17 15:24:00,FBIO
1.92,1.93,1.92,1.92,400,2022-02-17 15:25:00,FBIO
1.9215,1.93,1.9215,1.93,300,2022-02-17 15:26:00,FBIO
1.925,1.925,1.925,1.925,100,2022-02-17 15:27:00,FBIO
1.9293,1.93,1.92,1.92,5792,2022-02-17 15:29:00,FBIO
1.93,1.94,1.925,1.94,800,2022-02-17 15:31:00,FBIO
1.935,1.94,1.935,1.94,200,2022-02-17 15:38:00,FBIO
1.935,1.935,1.935,1.935,204,2022-02-17 15:39:00,FBIO
1.935,1.935,1.935,1.935,100,2022-02-17 15:40:00,FBIO
1.94,1.94,1.94,1.94,100,2022-02-17 15:42:00,FBIO
1.935,1.94,1.935,1.94,1100,2022-02-17 15:44:00,FBIO
1.938,1.94,1.938,1.94,1225,2022-02-17 15:45:00,FBIO
1.93,1.94,1.93,1.935,400,2022-02-17 15:46:00,FBIO
1.93,1.93,1.93,1.93,631,2022-02-17 15:47:00,FBIO
1.9212,1.9212,1.9212,1.9212,2500,2022-02-17 15:48:00,FBIO
1.9227,1.9227,1.9227,1.9227,200,2022-02-17 15:57:00,FBIO
1.92,1.93,1.92,1.93,1200,2022-02-17 15:58:00,FBIO
1.93,1.93,1.93,1.93,100,2022-02-17 16:00:00,FBIO
1.92,1.93,1.92,1.93,400,2022-02-17 16:02:00,FBIO
1.92,1.92,1.915,1.915,2200,2022-02-17 16:04:00,FBIO
1.915,1.915,1.9129,1.9129,204,2022-02-17 16:06:00,FBIO
1.92,1.93,1.92,1.93,1948,2022-02-17 16:07:00,FBIO
1.93,1.93,1.93,1.93,100,2022-02-17 16:08:00,FBIO
1.93,1.93,1.93,1.93,100,2022-02-17 16:16:00,FBIO
1.925,1.925,1.925,1.925,100,2022-02-17 16:22:00,FBIO
1.92,1.93,1.92,1.93,300,2022-02-17 16:25:00,FBIO
1.925,1.925,1.925,1.925,100,2022-02-17 16:27:00,FBIO
1.925,1.93,1.925,1.93,200,2022-02-17 16:35:00,FBIO
1.93,1.93,1.93,1.93,100,2022-02-17 16:39:00,FBIO
1.93,1.93,1.93,1.93,100,2022-02-17 16:43:00,FBIO
1.92,1.92,1.92,1.92,100,2022-02-17 16:45:00,FBIO
1.93,1.93,1.93,1.93,200,2022-02-17 16:49:00,FBIO
1.93,1.93,1.93,1.93,100,2022-02-17 16:51:00,FBIO
1.92,1.93,1.92,1.93,300,2022-02-17 16:53:00,FBIO
1.925,1.93,1.925,1.93,300,2022-02-17 16:54:00,FBIO
1.925,1.925,1.925,1.925,100,2022-02-17 16:58:00,FBIO
1.92,1.93,1.92,1.93,400,2022-02-17 16:59:00,FBIO
1.925,1.93,1.925,1.925,300,2022-02-17 17:02:00,FBIO
1.925,1.925,1.925,1.925,100,2022-02-17 17:05:00,FBIO
1.93,1.93,1.925,1.925,200,2022-02-17 17:06:00,FBIO
1.92,1.92,1.92,1.92,400,2022-02-17 17:08:00,FBIO
1.92,1.92,1.92,1.92,100,2022-02-17 17:09:00,FBIO
1.92,1.92,1.91,1.91,1936,2022-02-17 17:11:00,FBIO
1.91,1.91,1.91,1.91,1648,2022-02-17 17:13:00,FBIO
1.91,1.91,1.91,1.91,100,2022-02-17 17:14:00,FBIO
1.91,1.92,1.91,1.915,4903,2022-02-17 17:17:00,FBIO
1.92,1.92,1.91,1.91,299,2022-02-17 17:18:00,FBIO
1.92,1.92,1.92,1.92,100,2022-02-17 17:20:00,FBIO
1.915,1.92,1.91,1.92,400,2022-02-17 17:21:00,FBIO
1.915,1.92,1.915,1.92,200,2022-02-17 17:22:00,FBIO
1.915,1.915,1.915,1.915,100,2022-02-17 17:24:00,FBIO
1.915,1.92,1.915,1.92,400,2022-02-17 17:31:00,FBIO
1.915,1.915,1.915,1.915,100,2022-02-17 17:32:00,FBIO
1.91,1.92,1.91,1.91,300,2022-02-17 17:33:00,FBIO
1.915,1.915,1.915,1.915,100,2022-02-17 17:35:00,FBIO
1.915,1.92,1.915,1.915,300,2022-02-17 17:40:00,FBIO
1.915,1.915,1.915,1.915,100,2022-02-17 17:41:00,FBIO
1.915,1.915,1.915,1.915,100,2022-02-17 17:43:00,FBIO
1.92,1.92,1.92,1.92,100,2022-02-17 17:46:00,FBIO
1.915,1.92,1.915,1.915,583,2022-02-17 17:50:00,FBIO
1.915,1.92,1.91,1.92,1500,2022-02-17 17:53:00,FBIO
1.915,1.92,1.915,1.92,200,2022-02-17 17:54:00,FBIO
1.9179,1.92,1.915,1.915,975,2022-02-17 17:56:00,FBIO
1.92,1.92,1.9179,1.9179,1625,2022-02-17 17:57:00,FBIO
1.915,1.94,1.915,1.938,8681,2022-02-17 17:58:00,FBIO
1.9335,1.94,1.9335,1.94,975,2022-02-17 17:59:00,FBIO
1.94,1.94,1.93,1.935,4000,2022-02-17 18:00:00,FBIO
1.935,1.94,1.93,1.935,20765,2022-02-17 18:01:00,FBIO
1.94,1.94,1.94,1.94,100,2022-02-17 18:02:00,FBIO
1.94,1.94,1.94,1.94,200,2022-02-17 18:04:00,FBIO
1.935,1.94,1.935,1.94,200,2022-02-17 18:05:00,FBIO
1.93,1.94,1.93,1.94,1000,2022-02-17 18:06:00,FBIO
1.9399,1.9399,1.935,1.9376,400,2022-02-17 18:07:00,FBIO
1.93,1.94,1.93,1.94,200,2022-02-17 18:10:00,FBIO
1.9375,1.94,1.935,1.94,2200,2022-02-17 18:11:00,FBIO
1.93,1.94,1.93,1.94,600,2022-02-17 18:12:00,FBIO
1.935,1.935,1.935,1.935,100,2022-02-17 18:13:00,FBIO
1.93,1.93,1.92,1.92,2431,2022-02-17 18:15:00,FBIO
1.925,1.93,1.92,1.92,3400,2022-02-17 18:16:00,FBIO
1.92,1.93,1.92,1.93,1250,2022-02-17 18:17:00,FBIO
1.9201,1.93,1.92,1.93,4384,2022-02-17 18:18:00,FBIO
1.9201,1.93,1.92,1.93,4791,2022-02-17 18:19:00,FBIO
1.92,1.93,1.92,1.93,300,2022-02-17 18:20:00,FBIO
1.9201,1.9275,1.92,1.92,4200,2022-02-17 18:21:00,FBIO
1.92,1.9275,1.92,1.9275,1301,2022-02-17 18:22:00,FBIO
1.92,1.93,1.92,1.93,2597,2022-02-17 18:23:00,FBIO
1.9201,1.9201,1.91,1.92,6075,2022-02-17 18:25:00,FBIO
1.915,1.915,1.915,1.915,100,2022-02-17 18:29:00,FBIO
1.915,1.92,1.915,1.915,700,2022-02-17 18:30:00,FBIO
1.915,1.92,1.915,1.92,300,2022-02-17 18:31:00,FBIO
1.915,1.92,1.91,1.92,400,2022-02-17 18:32:00,FBIO
1.915,1.92,1.915,1.92,300,2022-02-17 18:34:00,FBIO
1.92,1.92,1.92,1.92,400,2022-02-17 18:36:00,FBIO
1.92,1.92,1.92,1.92,100,2022-02-17 18:37:00,FBIO
1.915,1.92,1.915,1.92,400,2022-02-17 18:38:00,FBIO
1.91,1.91,1.91,1.91,100,2022-02-17 18:41:00,FBIO
1.92,1.92,1.92,1.92,100,2022-02-17 18:45:00,FBIO
1.915,1.92,1.915,1.92,400,2022-02-17 18:47:00,FBIO
1.915,1.915,1.915,1.915,200,2022-02-17 18:48:00,FBIO
1.915,1.915,1.91,1.91,200,2022-02-17 18:49:00,FBIO
1.915,1.92,1.9101,1.9175,4000,2022-02-17 18:50:00,FBIO
1.92,1.92,1.91,1.915,4600,2022-02-17 18:51:00,FBIO
1.91,1.92,1.9,1.915,19737,2022-02-17 18:52:00,FBIO
1.915,1.915,1.915,1.915,400,2022-02-17 18:53:00,FBIO
1.915,1.915,1.915,1.915,1000,2022-02-17 18:54:00,FBIO
1.9101,1.92,1.91,1.915,7700,2022-02-17 18:59:00,FBIO
1.91,1.92,1.91,1.92,606,2022-02-17 19:02:00,FBIO
1.91,1.9102,1.9,1.91,11900,2022-02-17 19:04:00,FBIO
1.905,1.91,1.905,1.91,800,2022-02-17 19:05:00,FBIO
1.905,1.91,1.9,1.9,500,2022-02-17 19:06:00,FBIO
1.905,1.91,1.905,1.905,400,2022-02-17 19:07:00,FBIO
1.905,1.91,1.905,1.91,300,2022-02-17 19:08:00,FBIO
1.9085,1.91,1.905,1.91,4200,2022-02-17 19:18:00,FBIO
1.905,1.905,1.905,1.905,100,2022-02-17 19:21:00,FBIO
1.91,1.91,1.9,1.91,600,2022-02-17 19:22:00,FBIO
1.905,1.905,1.9,1.9,200,2022-02-17 19:25:00,FBIO
1.91,1.91,1.9,1.905,1600,2022-02-17 19:28:00,FBIO
1.9,1.9,1.89,1.9,6403,2022-02-17 19:29:00,FBIO
1.89,1.9,1.89,1.9,200,2022-02-17 19:31:00,FBIO
1.89,1.9,1.89,1.89,858,2022-02-17 19:37:00,FBIO
1.8919,1.9,1.89,1.89,2510,2022-02-17 19:38:00,FBIO
1.9,1.9,1.89,1.89,200,2022-02-17 19:39:00,FBIO
1.89,1.9,1.89,1.9,719,2022-02-17 19:40:00,FBIO
1.89,1.895,1.89,1.895,657,2022-02-17 19:44:00,FBIO
1.89,1.89,1.88,1.885,1700,2022-02-17 19:45:00,FBIO
1.885,1.885,1.885,1.885,100,2022-02-17 19:46:00,FBIO
1.88,1.88,1.88,1.88,100,2022-02-17 19:47:00,FBIO
1.88,1.88,1.88,1.88,200,2022-02-17 19:58:00,FBIO
1.88,1.88,1.88,1.88,384,2022-02-17 19:59:00,FBIO
1.885,1.885,1.88,1.88,1315,2022-02-17 20:03:00,FBIO
1.88,1.88,1.88,1.88,100,2022-02-17 20:04:00,FBIO
1.8806,1.8806,1.8806,1.8806,200,2022-02-17 20:05:00,FBIO
1.885,1.885,1.885,1.885,100,2022-02-17 20:08:00,FBIO
1.875,1.88,1.87,1.87,1700,2022-02-17 20:09:00,FBIO
1.87,1.87,1.87,1.87,100,2022-02-17 20:10:00,FBIO
1.87,1.87,1.87,1.87,100,2022-02-17 20:11:00,FBIO
1.87,1.87,1.87,1.87,300,2022-02-17 20:14:00,FBIO
1.87,1.87,1.87,1.87,1079,2022-02-17 20:15:00,FBIO
1.87,1.87,1.87,1.87,100,2022-02-17 20:16:00,FBIO
1.875,1.875,1.87,1.87,300,2022-02-17 20:19:00,FBIO
1.87,1.87,1.87,1.87,200,2022-02-17 20:22:00,FBIO
1.8721,1.88,1.8721,1.88,750,2022-02-17 20:24:00,FBIO
1.875,1.88,1.87,1.87,500,2022-02-17 20:25:00,FBIO
1.87,1.87,1.86,1.86,3000,2022-02-17 20:27:00,FBIO
1.8699,1.87,1.86,1.86,2500,2022-02-17 20:29:00,FBIO
1.86,1.86,1.86,1.86,100,2022-02-17 20:30:00,FBIO
1.86,1.87,1.86,1.87,300,2022-02-17 20:32:00,FBIO
1.865,1.87,1.86,1.87,400,2022-02-17 20:33:00,FBIO
1.86,1.87,1.86,1.87,200,2022-02-17 20:35:00,FBIO
1.865,1.87,1.86,1.865,600,2022-02-17 20:36:00,FBIO
1.865,1.87,1.86,1.87,600,2022-02-17 20:37:00,FBIO
1.87,1.88,1.87,1.88,6132,2022-02-17 20:38:00,FBIO
1.88,1.88,1.88,1.88,300,2022-02-17 20:39:00,FBIO
1.88,1.88,1.87,1.88,726,2022-02-17 20:40:00,FBIO
1.875,1.88,1.875,1.88,300,2022-02-17 20:41:00,FBIO
1.87,1.87,1.87,1.87,100,2022-02-17 20:43:00,FBIO
1.875,1.88,1.875,1.875,1500,2022-02-17 20:44:00,FBIO
1.87,1.88,1.87,1.875,4500,2022-02-17 20:45:00,FBIO
1.87,1.875,1.87,1.875,650,2022-02-17 20:46:00,FBIO
1.875,1.88,1.87,1.88,400,2022-02-17 20:47:00,FBIO
1.87,1.875,1.87,1.87,1200,2022-02-17 20:48:00,FBIO
1.88,1.88,1.87,1.87,200,2022-02-17 20:49:00,FBIO
1.87,1.87,1.86,1.86,9385,2022-02-17 20:50:00,FBIO
1.865,1.87,1.86,1.865,1275,2022-02-17 20:51:00,FBIO
1.865,1.87,1.86,1.86,400,2022-02-17 20:52:00,FBIO
1.87,1.87,1.86,1.865,800,2022-02-17 20:53:00,FBIO
1.86,1.87,1.86,1.86,383,2022-02-17 20:54:00,FBIO
1.865,1.87,1.86,1.87,1900,2022-02-17 20:55:00,FBIO
1.87,1.87,1.86,1.87,2700,2022-02-17 20:56:00,FBIO
1.86,1.87,1.86,1.86,1990,2022-02-17 20:57:00,FBIO
1.865,1.87,1.86,1.87,2100,2022-02-17 20:58:00,FBIO
1.87,1.87,1.86,1.87,10596,2022-02-17 20:59:00,FBIO
1.86,1.86,1.86,1.86,27985,2022-02-17 21:00:00,FBIO
1.87,1.87,1.87,1.87,100,2022-02-17 21:10:00,FBIO
1.87,1.87,1.87,1.87,100,2022-02-18 14:00:00,FBIO
1.85,1.85,1.84,1.85,12961,2022-02-18 14:30:00,FBIO
1.83,1.84,1.82,1.82,1873,2022-02-18 14:31:00,FBIO
1.83,1.8384,1.83,1.8384,647,2022-02-18 14:32:00,FBIO
1.835,1.835,1.82,1.82,200,2022-02-18 14:35:00,FBIO
1.825,1.83,1.825,1.825,2890,2022-02-18 14:36:00,FBIO
1.825,1.825,1.81,1.815,875,2022-02-18 14:37:00,FBIO
1.8124,1.8124,1.8124,1.8124,160,2022-02-18 14:38:00,FBIO
1.8192,1.8192,1.81,1.81,1870,2022-02-18 14:39:00,FBIO
1.815,1.815,1.81,1.81,250,2022-02-18 14:40:00,FBIO
1.815,1.8275,1.81,1.82,5116,2022-02-18 14:41:00,FBIO
1.82,1.82,1.8,1.8,10258,2022-02-18 14:42:00,FBIO
1.805,1.81,1.8,1.8,2000,2022-02-18 14:44:00,FBIO
1.8,1.81,1.8,1.81,12689,2022-02-18 14:45:00,FBIO
1.81,1.81,1.8,1.8,8400,2022-02-18 14:46:00,FBIO
1.81,1.81,1.805,1.805,500,2022-02-18 14:47:00,FBIO
1.81,1.82,1.805,1.81,1384,2022-02-18 14:48:00,FBIO
1.815,1.815,1.815,1.815,386,2022-02-18 14:49:00,FBIO
1.82,1.83,1.82,1.83,1651,2022-02-18 14:50:00,FBIO
1.83,1.83,1.82,1.825,1148,2022-02-18 14:51:00,FBIO
1.83,1.83,1.82,1.82,883,2022-02-18 14:52:00,FBIO
1.83,1.84,1.825,1.84,10357,2022-02-18 14:55:00,FBIO
1.8311,1.8311,1.82,1.82,5626,2022-02-18 14:56:00,FBIO
1.82,1.83,1.82,1.82,500,2022-02-18 14:57:00,FBIO
1.82,1.82,1.81,1.81,2300,2022-02-18 15:02:00,FBIO
1.818,1.8181,1.81,1.81,1633,2022-02-18 15:04:00,FBIO
1.81,1.8101,1.81,1.8101,4105,2022-02-18 15:07:00,FBIO
1.81,1.81,1.8,1.8,9500,2022-02-18 15:08:00,FBIO
1.8,1.8,1.8,1.8,100,2022-02-18 15:09:00,FBIO
1.8099,1.81,1.8,1.81,604,2022-02-18 15:10:00,FBIO
1.81,1.82,1.8,1.82,13531,2022-02-18 15:12:00,FBIO
1.82,1.82,1.82,1.82,100,2022-02-18 15:13:00,FBIO
1.8199,1.825,1.815,1.825,1746,2022-02-18 15:14:00,FBIO
1.83,1.83,1.83,1.83,700,2022-02-18 15:15:00,FBIO
1.8275,1.8275,1.82,1.8275,2118,2022-02-18 15:16:00,FBIO
1.82,1.82,1.81,1.81,1200,2022-02-18 15:18:00,FBIO
1.8121,1.8121,1.8,1.8,300,2022-02-18 15:19:00,FBIO
1.8,1.8,1.8,1.8,100,2022-02-18 15:22:00,FBIO
1.805,1.805,1.805,1.805,400,2022-02-18 15:23:00,FBIO
1.8001,1.81,1.8001,1.81,300,2022-02-18 15:24:00,FBIO
1.8085,1.81,1.8,1.81,3570,2022-02-18 15:26:00,FBIO
1.8,1.81,1.8,1.81,600,2022-02-18 15:27:00,FBIO
1.8,1.8,1.8,1.8,100,2022-02-18 15:28:00,FBIO
1.8,1.8,1.795,1.8,5672,2022-02-18 15:29:00,FBIO
1.8,1.8,1.8,1.8,500,2022-02-18 15:30:00,FBIO
1.8,1.8,1.79,1.8,400,2022-02-18 15:31:00,FBIO
1.791,1.8,1.791,1.8,1300,2022-02-18 15:33:00,FBIO
1.7901,1.8,1.79,1.8,6200,2022-02-18 15:36:00,FBIO
1.8,1.8,1.8,1.8,818,2022-02-18 15:37:00,FBIO
1.795,1.81,1.795,1.8075,7105,2022-02-18 15:38:00,FBIO
1.8,1.8,1.8,1.8,100,2022-02-18 15:40:00,FBIO
1.8009,1.81,1.8,1.81,6183,2022-02-18 15:43:00,FBIO
1.8,1.8001,1.79,1.79,5837,2022-02-18 15:44:00,FBIO
1.79,1.8,1.78,1.78,9577,2022-02-18 15:47:00,FBIO
1.77,1.78,1.77,1.78,1921,2022-02-18 15:48:00,FBIO
1.78,1.7875,1.775,1.7875,2295,2022-02-18 15:49:00,FBIO
1.7801,1.785,1.77,1.77,21340,2022-02-18 15:50:00,FBIO
1.78,1.78,1.77,1.77,600,2022-02-18 15:51:00,FBIO
1.77,1.77,1.77,1.77,200,2022-02-18 15:52:00,FBIO
1.78,1.78,1.77,1.77,200,2022-02-18 15:53:00,FBIO
1.77,1.77,1.76,1.76,700,2022-02-18 15:54:00,FBIO
1.76,1.76,1.76,1.76,100,2022-02-18 15:56:00,FBIO
1.77,1.77,1.7631,1.77,550,2022-02-18 15:57:00,FBIO
1.76,1.76,1.76,1.76,100,2022-02-18 15:59:00,FBIO
1.76,1.77,1.76,1.76,2182,2022-02-18 16:01:00,FBIO
1.76,1.76,1.76,1.76,498,2022-02-18 16:03:00,FBIO
1.75,1.75,1.7447,1.75,1965,2022-02-18 16:04:00,FBIO
1.745,1.75,1.7429,1.75,409,2022-02-18 16:05:00,FBIO
1.745,1.76,1.745,1.755,4694,2022-02-18 16:06:00,FBIO
1.76,1.76,1.755,1.755,200,2022-02-18 16:07:00,FBIO
1.751,1.751,1.7475,1.75,5697,2022-02-18 16:08:00,FBIO
1.74,1.75,1.74,1.75,2098,2022-02-18 16:14:00,FBIO
1.7462,1.75,1.74,1.75,3300,2022-02-18 16:15:00,FBIO
1.75,1.75,1.75,1.75,300,2022-02-18 16:17:00,FBIO
1.75,1.75,1.75,1.75,829,2022-02-18 16:19:00,FBIO
1.745,1.76,1.745,1.76,8972,2022-02-18 16:21:00,FBIO
1.76,1.76,1.755,1.76,1900,2022-02-18 16:22:00,FBIO
1.755,1.76,1.755,1.76,430,2022-02-18 16:23:00,FBIO
1.76,1.76,1.7575,1.7575,800,2022-02-18 16:24:00,FBIO
1.753,1.753,1.753,1.753,100,2022-02-18 16:25:00,FBIO
1.75,1.75,1.75,1.75,100,2022-02-18 16:27:00,FBIO
1.7599,1.7599,1.7532,1.7575,850,2022-02-18 16:28:00,FBIO
1.755,1.76,1.755,1.76,600,2022-02-18 16:29:00,FBIO
1.7587,1.76,1.7528,1.76,869,2022-02-18 16:30:00,FBIO
1.75,1.75,1.74,1.75,2736,2022-02-18 16:32:00,FBIO
1.75,1.75,1.75,1.75,100,2022-02-18 16:33:00,FBIO
1.75,1.75,1.75,1.75,100,2022-02-18 16:37:00,FBIO
1.75,1.76,1.745,1.76,4961,2022-02-18 16:38:00,FBIO
1.755,1.76,1.755,1.76,900,2022-02-18 16:39:00,FBIO
1.755,1.755,1.755,1.755,200,2022-02-18 16:40:00,FBIO
1.75,1.75,1.75,1.75,100,2022-02-18 16:43:00,FBIO
1.76,1.76,1.76,1.76,591,2022-02-18 16:46:00,FBIO
1.7599,1.76,1.7599,1.76,577,2022-02-18 16:47:00,FBIO
1.755,1.76,1.755,1.76,400,2022-02-18 16:48:00,FBIO
1.75,1.75,1.74,1.75,2700,2022-02-18 16:51:00,FBIO
1.7432,1.75,1.7432,1.75,200,2022-02-18 16:54:00,FBIO
1.7445,1.7445,1.7445,1.7445,100,2022-02-18 16:57:00,FBIO
1.75,1.75,1.75,1.75,100,2022-02-18 16:58:00,FBIO
1.74,1.74,1.73,1.7373,9675,2022-02-18 17:03:00,FBIO
1.74,1.74,1.735,1.74,700,2022-02-18 17:04:00,FBIO
1.74,1.75,1.74,1.75,2118,2022-02-18 17:05:00,FBIO
1.745,1.75,1.745,1.75,200,2022-02-18 17:06:00,FBIO
1.75,1.76,1.75,1.7586,2520,2022-02-18 17:09:00,FBIO
1.755,1.755,1.755,1.755,100,2022-02-18 17:10:00,FBIO
1.76,1.76,1.76,1.76,200,2022-02-18 17:11:00,FBIO
1.76,1.76,1.76,1.76,200,2022-02-18 17:12:00,FBIO
1.76,1.76,1.76,1.76,900,2022-02-18 17:13:00,FBIO
1.76,1.76,1.76,1.76,100,2022-02-18 17:14:00,FBIO
1.755,1.755,1.755,1.755,100,2022-02-18 17:18:00,FBIO
1.75,1.75,1.75,1.75,100,2022-02-18 17:22:00,FBIO
1.7599,1.7599,1.75,1.75,200,2022-02-18 17:26:00,FBIO
1.755,1.755,1.755,1.755,100,2022-02-18 17:28:00,FBIO
1.75,1.76,1.75,1.76,600,2022-02-18 17:29:00,FBIO
1.75,1.75,1.75,1.75,524,2022-02-18 17:30:00,FBIO
1.75,1.76,1.745,1.76,2518,2022-02-18 17:31:00,FBIO
1.76,1.76,1.76,1.76,300,2022-02-18 17:32:00,FBIO
1.76,1.77,1.755,1.7699,13571,2022-02-18 17:33:00,FBIO
1.7675,1.77,1.7675,1.77,500,2022-02-18 17:37:00,FBIO
1.765,1.7675,1.76,1.7675,2200,2022-02-18 17:38:00,FBIO
1.77,1.77,1.76,1.77,500,2022-02-18 17:39:00,FBIO
1.765,1.765,1.765,1.765,100,2022-02-18 17:41:00,FBIO
1.765,1.7775,1.765,1.77,9188,2022-02-18 17:43:00,FBIO
1.777,1.777,1.777,1.777,200,2022-02-18 17:46:00,FBIO
1.78,1.78,1.78,1.78,300,2022-02-18 17:47:00,FBIO
1.775,1.775,1.775,1.775,100,2022-02-18 17:48:00,FBIO
1.78,1.78,1.77,1.77,5812,2022-02-18 17:51:00,FBIO
1.77,1.77,1.77,1.77,100,2022-02-18 17:54:00,FBIO
1.765,1.765,1.765,1.765,100,2022-02-18 18:00:00,FBIO
1.7684,1.7684,1.765,1.765,1089,2022-02-18 18:01:00,FBIO
1.77,1.77,1.77,1.77,200,2022-02-18 18:02:00,FBIO
1.765,1.765,1.765,1.765,100,2022-02-18 18:04:00,FBIO
1.765,1.765,1.765,1.765,100,2022-02-18 18:06:00,FBIO
1.765,1.77,1.76,1.76,3200,2022-02-18 18:09:00,FBIO
1.77,1.77,1.77,1.77,300,2022-02-18 18:11:00,FBIO
1.765,1.765,1.76,1.76,300,2022-02-18 18:13:00,FBIO
1.77,1.77,1.77,1.77,200,2022-02-18 18:15:00,FBIO
1.7696,1.7696,1.7696,1.7696,100,2022-02-18 18:17:00,FBIO
1.765,1.765,1.765,1.765,100,2022-02-18 18:19:00,FBIO
1.765,1.765,1.765,1.765,100,2022-02-18 18:21:00,FBIO
1.765,1.77,1.76,1.77,500,2022-02-18 18:25:00,FBIO
1.77,1.77,1.76,1.77,1100,2022-02-18 18:27:00,FBIO
1.7699,1.7699,1.7699,1.7699,500,2022-02-18 18:28:00,FBIO
1.77,1.77,1.765,1.765,200,2022-02-18 18:31:00,FBIO
1.765,1.765,1.765,1.765,595,2022-02-18 18:32:00,FBIO
1.77,1.77,1.77,1.77,200,2022-02-18 18:35:00,FBIO
1.765,1.765,1.765,1.765,100,2022-02-18 18:36:00,FBIO
1.77,1.77,1.77,1.77,400,2022-02-18 18:38:00,FBIO
1.765,1.78,1.765,1.78,3064,2022-02-18 18:39:00,FBIO
1.78,1.78,1.7719,1.78,1563,2022-02-18 18:40:00,FBIO
1.7788,1.7788,1.7788,1.7788,450,2022-02-18 18:41:00,FBIO
1.775,1.775,1.775,1.775,100,2022-02-18 18:43:00,FBIO
1.78,1.78,1.78,1.78,500,2022-02-18 18:45:00,FBIO
1.775,1.775,1.775,1.775,100,2022-02-18 18:47:00,FBIO
1.775,1.775,1.775,1.775,100,2022-02-18 18:49:00,FBIO
1.775,1.78,1.775,1.78,200,2022-02-18 18:52:00,FBIO
1.774,1.774,1.774,1.774,999,2022-02-18 18:53:00,FBIO
1.7799,1.78,1.7781,1.78,1800,2022-02-18 18:54:00,FBIO
1.775,1.775,1.775,1.775,500,2022-02-18 18:55:00,FBIO
1.77,1.78,1.77,1.775,500,2022-02-18 18:56:00,FBIO
1.7701,1.78,1.7701,1.78,3816,2022-02-18 18:58:00,FBIO
1.775,1.775,1.775,1.775,100,2022-02-18 19:02:00,FBIO
1.775,1.78,1.77,1.78,300,2022-02-18 19:03:00,FBIO
1.77,1.78,1.77,1.775,2500,2022-02-18 19:06:00,FBIO
1.78,1.78,1.78,1.78,200,2022-02-18 19:07:00,FBIO
1.775,1.775,1.775,1.775,100,2022-02-18 19:08:00,FBIO
1.775,1.775,1.775,1.775,100,2022-02-18 19:10:00,FBIO
1.775,1.775,1.775,1.775,100,2022-02-18 19:15:00,FBIO
1.77,1.78,1.77,1.77,6900,2022-02-18 19:16:00,FBIO
1.77,1.77,1.76,1.77,7191,2022-02-18 19:17:00,FBIO
1.77,1.77,1.76,1.76,1008,2022-02-18 19:18:00,FBIO
1.77,1.77,1.77,1.77,200,2022-02-18 19:19:00,FBIO
1.77,1.77,1.765,1.765,400,2022-02-18 19:20:00,FBIO
1.77,1.77,1.765,1.77,2486,2022-02-18 19:22:00,FBIO
1.765,1.78,1.765,1.78,5998,2022-02-18 19:23:00,FBIO
1.775,1.775,1.775,1.775,100,2022-02-18 19:24:00,FBIO
1.775,1.775,1.775,1.775,420,2022-02-18 19:25:00,FBIO
1.78,1.78,1.78,1.78,200,2022-02-18 19:26:00,FBIO
1.775,1.775,1.775,1.775,100,2022-02-18 19:27:00,FBIO
1.78,1.79,1.78,1.79,1333,2022-02-18 19:30:00,FBIO
1.785,1.785,1.785,1.785,100,2022-02-18 19:32:00,FBIO
1.7892,1.79,1.785,1.79,2400,2022-02-18 19:33:00,FBIO
1.8,1.8,1.795,1.795,1100,2022-02-18 19:35:00,FBIO
1.79,1.79,1.785,1.785,1392,2022-02-18 19:39:00,FBIO
1.7875,1.7875,1.7875,1.7875,1400,2022-02-18 19:44:00,FBIO
1.785,1.785,1.785,1.785,100,2022-02-18 19:46:00,FBIO
1.78,1.79,1.78,1.785,1100,2022-02-18 19:48:00,FBIO
1.785,1.785,1.785,1.785,100,2022-02-18 19:50:00,FBIO
1.79,1.79,1.79,1.79,400,2022-02-18 19:54:00,FBIO
1.785,1.79,1.785,1.79,2043,2022-02-18 19:55:00,FBIO
1.7935,1.7935,1.7935,1.7935,105,2022-02-18 19:56:00,FBIO
1.8,1.8,1.8,1.8,100,2022-02-18 19:57:00,FBIO
1.795,1.795,1.795,1.795,100,2022-02-18 20:00:00,FBIO
1.79,1.79,1.79,1.79,502,2022-02-18 20:03:00,FBIO
1.7975,1.7975,1.7975,1.7975,400,2022-02-18 20:04:00,FBIO
1.795,1.8,1.795,1.8,400,2022-02-18 20:05:00,FBIO
1.79,1.8,1.79,1.8,400,2022-02-18 20:07:00,FBIO
1.7975,1.8,1.79,1.8,3377,2022-02-18 20:08:00,FBIO
1.795,1.8,1.795,1.8,200,2022-02-18 20:09:00,FBIO
1.8,1.81,1.795,1.805,6670,2022-02-18 20:10:00,FBIO
1.805,1.81,1.8,1.805,1000,2022-02-18 20:11:00,FBIO
1.8,1.8,1.79,1.79,1184,2022-02-18 20:12:00,FBIO
1.79,1.79,1.79,1.79,100,2022-02-18 20:14:00,FBIO
1.79,1.79,1.79,1.79,100,2022-02-18 20:17:00,FBIO
1.79,1.79,1.79,1.79,400,2022-02-18 20:18:00,FBIO
1.79,1.79,1.78,1.78,877,2022-02-18 20:19:00,FBIO
1.78,1.78,1.78,1.78,400,2022-02-18 20:20:00,FBIO
1.79,1.79,1.78,1.78,300,2022-02-18 20:21:00,FBIO
1.78,1.78,1.78,1.78,1400,2022-02-18 20:27:00,FBIO
1.78,1.78,1.78,1.78,400,2022-02-18 20:28:00,FBIO
1.78,1.78,1.77,1.77,1600,2022-02-18 20:31:00,FBIO
1.77,1.77,1.77,1.77,300,2022-02-18 20:32:00,FBIO
1.77,1.77,1.77,1.77,300,2022-02-18 20:35:00,FBIO
1.7717,1.7717,1.7717,1.7717,1000,2022-02-18 20:36:00,FBIO
1.77,1.77,1.77,1.77,4900,2022-02-18 20:39:00,FBIO
1.77,1.77,1.77,1.77,371,2022-02-18 20:40:00,FBIO
1.775,1.775,1.77,1.77,1000,2022-02-18 20:42:00,FBIO
1.7702,1.7702,1.7702,1.7702,4800,2022-02-18 20:43:00,FBIO
1.78,1.78,1.7704,1.78,3200,2022-02-18 20:44:00,FBIO
1.775,1.775,1.77,1.775,1400,2022-02-18 20:45:00,FBIO
1.77,1.77,1.76,1.76,3232,2022-02-18 20:46:00,FBIO
1.7632,1.7632,1.7632,1.7632,200,2022-02-18 20:47:00,FBIO
1.765,1.765,1.765,1.765,4995,2022-02-18 20:48:00,FBIO
1.76,1.77,1.76,1.77,700,2022-02-18 20:49:00,FBIO
1.76,1.76,1.76,1.76,200,2022-02-18 20:50:00,FBIO
1.765,1.765,1.765,1.765,100,2022-02-18 20:51:00,FBIO
1.765,1.77,1.76,1.76,2100,2022-02-18 20:52:00,FBIO
1.765,1.77,1.76,1.76,1400,2022-02-18 20:53:00,FBIO
1.765,1.77,1.76,1.76,2100,2022-02-18 20:54:00,FBIO
1.765,1.77,1.76,1.77,2500,2022-02-18 20:55:00,FBIO
1.765,1.77,1.76,1.77,2757,2022-02-18 20:56:00,FBIO
1.765,1.77,1.76,1.76,1900,2022-02-18 20:57:00,FBIO
1.76,1.77,1.76,1.77,6721,2022-02-18 20:58:00,FBIO
1.765,1.77,1.76,1.76,4607,2022-02-18 20:59:00,FBIO
1.77,1.77,1.77,1.77,35489,2022-02-18 21:00:00,FBIO
1.77,1.77,1.77,1.77,1802,2022-02-18 21:01:00,FBIO
1.79,1.79,1.79,1.79,100,2022-02-18 22:04:00,FBIO
1.75,1.75,1.75,1.75,100,2022-02-22 14:02:00,FBIO
1.74,1.74,1.74,1.74,100,2022-02-22 14:19:00,FBIO
1.74,1.74,1.74,1.74,100,2022-02-22 14:21:00,FBIO
1.74,1.74,1.74,1.74,100,2022-02-22 14:24:00,FBIO
1.74,1.74,1.74,1.74,4000,2022-02-22 14:27:00,FBIO
1.74,1.74,1.74,1.74,315,2022-02-22 14:29:00,FBIO
1.74,1.74,1.73,1.74,6488,2022-02-22 14:30:00,FBIO
1.7312,1.74,1.73,1.73,1885,2022-02-22 14:31:00,FBIO
1.7301,1.75,1.73,1.73,4100,2022-02-22 14:32:00,FBIO
1.7472,1.75,1.73,1.75,4000,2022-02-22 14:33:00,FBIO
1.74,1.745,1.74,1.745,610,2022-02-22 14:34:00,FBIO
1.74,1.75,1.74,1.75,10190,2022-02-22 14:35:00,FBIO
1.745,1.745,1.74,1.74,200,2022-02-22 14:39:00,FBIO
1.745,1.745,1.74,1.74,786,2022-02-22 14:40:00,FBIO
1.745,1.745,1.745,1.745,100,2022-02-22 14:41:00,FBIO
1.745,1.745,1.73,1.73,2700,2022-02-22 14:43:00,FBIO
1.73,1.73,1.73,1.73,400,2022-02-22 14:45:00,FBIO
1.735,1.735,1.735,1.735,200,2022-02-22 14:46:00,FBIO
1.73,1.735,1.73,1.735,200,2022-02-22 14:47:00,FBIO
1.73,1.73,1.73,1.73,300,2022-02-22 14:50:00,FBIO
1.735,1.735,1.735,1.735,100,2022-02-22 14:52:00,FBIO
1.73,1.73,1.73,1.73,1000,2022-02-22 14:54:00,FBIO
1.735,1.7373,1.73,1.73,639,2022-02-22 14:55:00,FBIO
1.73,1.735,1.73,1.735,200,2022-02-22 14:56:00,FBIO
1.73,1.73,1.73,1.73,100,2022-02-22 14:57:00,FBIO
1.7301,1.7375,1.73,1.73,13315,2022-02-22 14:58:00,FBIO
1.73,1.73,1.72,1.7271,7135,2022-02-22 14:59:00,FBIO
1.72,1.72,1.72,1.72,200,2022-02-22 15:00:00,FBIO
1.72,1.72,1.71,1.71,9410,2022-02-22 15:01:00,FBIO
1.71,1.7101,1.7,1.705,8085,2022-02-22 15:02:00,FBIO
1.7,1.7099,1.7,1.7,14535,2022-02-22 15:03:00,FBIO
1.7,1.7,1.7,1.7,200,2022-02-22 15:04:00,FBIO
1.7,1.7,1.7,1.7,200,2022-02-22 15:05:00,FBIO
1.7,1.705,1.7,1.7,2602,2022-02-22 15:06:00,FBIO
1.7,1.705,1.7,1.705,900,2022-02-22 15:07:00,FBIO
1.7,1.7,1.7,1.7,300,2022-02-22 15:08:00,FBIO
1.71,1.715,1.705,1.71,3900,2022-02-22 15:09:00,FBIO
1.715,1.715,1.7,1.7,17285,2022-02-22 15:11:00,FBIO
1.705,1.705,1.69,1.695,32632,2022-02-22 15:12:00,FBIO
1.6999,1.7,1.6999,1.7,8700,2022-02-22 15:13:00,FBIO
1.7,1.705,1.7,1.7,2368,2022-02-22 15:14:00,FBIO
1.7,1.7,1.7,1.7,100,2022-02-22 15:15:00,FBIO
1.705,1.705,1.705,1.705,486,2022-02-22 15:18:00,FBIO
1.7,1.7,1.7,1.7,200,2022-02-22 15:19:00,FBIO
1.705,1.705,1.7,1.705,300,2022-02-22 15:21:00,FBIO
1.705,1.7076,1.69,1.698,29001,2022-02-22 15:22:00,FBIO
1.6977,1.6977,1.68,1.685,2736,2022-02-22 15:23:00,FBIO
1.69,1.69,1.69,1.69,3156,2022-02-22 15:24:00,FBIO
1.695,1.7,1.695,1.695,961,2022-02-22 15:25:00,FBIO
1.7,1.705,1.7,1.705,4924,2022-02-22 15:26:00,FBIO
1.7,1.7,1.7,1.7,1000,2022-02-22 15:28:00,FBIO
1.7,1.7,1.7,1.7,700,2022-02-22 15:29:00,FBIO
1.695,1.705,1.695,1.7,2800,2022-02-22 15:30:00,FBIO
1.695,1.695,1.695,1.695,300,2022-02-22 15:31:00,FBIO
1.7,1.7,1.6965,1.6965,550,2022-02-22 15:32:00,FBIO
1.69,1.69,1.67,1.67,55342,2022-02-22 15:34:00,FBIO
1.67,1.68,1.67,1.6792,16700,2022-02-22 15:35:00,FBIO
1.675,1.68,1.675,1.675,5810,2022-02-22 15:36:00,FBIO
1.68,1.685,1.68,1.685,3001,2022-02-22 15:37:00,FBIO
1.685,1.69,1.685,1.685,500,2022-02-22 15:38:00,FBIO
1.685,1.685,1.685,1.685,100,2022-02-22 15:39:00,FBIO
1.685,1.685,1.685,1.685,100,2022-02-22 15:40:00,FBIO
1.68,1.68,1.64,1.655,56244,2022-02-22 15:41:00,FBIO
1.655,1.665,1.64,1.65,25758,2022-02-22 15:42:00,FBIO
1.66,1.66,1.655,1.655,1179,2022-02-22 15:43:00,FBIO
1.655,1.655,1.63,1.63,32278,2022-02-22 15:44:00,FBIO
1.635,1.64,1.62,1.64,6091,2022-02-22 15:45:00,FBIO
1.64,1.64,1.64,1.64,457,2022-02-22 15:46:00,FBIO
1.64,1.64,1.625,1.625,8450,2022-02-22 15:47:00,FBIO
1.6299,1.635,1.6299,1.635,3844,2022-02-22 15:48:00,FBIO
1.64,1.64,1.64,1.64,1710,2022-02-22 15:49:00,FBIO
1.65,1.65,1.645,1.65,12700,2022-02-22 15:50:00,FBIO
1.645,1.645,1.645,1.645,200,2022-02-22 15:51:00,FBIO
1.645,1.65,1.645,1.645,855,2022-02-22 15:52:00,FBIO
1.6462,1.65,1.6462,1.65,1095,2022-02-22 15:53:00,FBIO
1.645,1.65,1.645,1.65,3664,2022-02-22 15:54:00,FBIO
1.65,1.65,1.645,1.65,631,2022-02-22 15:55:00,FBIO
1.645,1.645,1.64,1.64,1125,2022-02-22 15:57:00,FBIO
1.645,1.65,1.645,1.645,3154,2022-02-22 15:58:00,FBIO
1.65,1.65,1.65,1.65,100,2022-02-22 15:59:00,FBIO
1.64,1.65,1.64,1.645,6234,2022-02-22 16:00:00,FBIO
1.645,1.645,1.63,1.63,23000,2022-02-22 16:01:00,FBIO
1.635,1.64,1.63,1.635,12300,2022-02-22 16:02:00,FBIO
1.635,1.635,1.61,1.61,16139,2022-02-22 16:03:00,FBIO
1.615,1.615,1.6,1.6098,27948,2022-02-22 16:04:00,FBIO
1.615,1.6201,1.615,1.6201,3514,2022-02-22 16:05:00,FBIO
1.625,1.625,1.6233,1.6233,500,2022-02-22 16:07:00,FBIO
1.63,1.63,1.625,1.625,708,2022-02-22 16:08:00,FBIO
1.62,1.625,1.62,1.625,2800,2022-02-22 16:09:00,FBIO
1.62,1.62,1.61,1.61,14324,2022-02-22 16:11:00,FBIO
1.605,1.61,1.6,1.61,12729,2022-02-22 16:12:00,FBIO
1.61,1.61,1.61,1.61,1789,2022-02-22 16:13:00,FBIO
1.615,1.615,1.615,1.615,100,2022-02-22 16:14:00,FBIO
1.62,1.62,1.615,1.615,1745,2022-02-22 16:15:00,FBIO
1.6171,1.6186,1.615,1.6186,2350,2022-02-22 16:16:00,FBIO
1.615,1.62,1.615,1.6196,1520,2022-02-22 16:17:00,FBIO
1.62,1.62,1.615,1.62,1100,2022-02-22 16:18:00,FBIO
1.61,1.6102,1.61,1.6102,5800,2022-02-22 16:19:00,FBIO
1.6114,1.62,1.61,1.62,1519,2022-02-22 16:21:00,FBIO
1.6162,1.62,1.6101,1.6185,4109,2022-02-22 16:23:00,FBIO
1.615,1.62,1.6114,1.6114,1329,2022-02-22 16:24:00,FBIO
1.62,1.62,1.62,1.62,5456,2022-02-22 16:26:00,FBIO
1.62,1.62,1.615,1.62,2800,2022-02-22 16:27:00,FBIO
1.62,1.62,1.614,1.614,1793,2022-02-22 16:28:00,FBIO
1.62,1.62,1.61,1.62,1000,2022-02-22 16:29:00,FBIO
1.615,1.62,1.615,1.62,900,2022-02-22 16:30:00,FBIO
1.6161,1.62,1.615,1.62,1100,2022-02-22 16:31:00,FBIO
1.615,1.62,1.6122,1.6122,1330,2022-02-22 16:32:00,FBIO
1.62,1.62,1.61,1.61,900,2022-02-22 16:33:00,FBIO
1.6179,1.6179,1.615,1.615,825,2022-02-22 16:34:00,FBIO
1.615,1.62,1.615,1.62,800,2022-02-22 16:35:00,FBIO
1.6175,1.62,1.615,1.62,2071,2022-02-22 16:36:00,FBIO
1.6146,1.62,1.61,1.62,1400,2022-02-22 16:37:00,FBIO
1.62,1.62,1.615,1.62,1251,2022-02-22 16:38:00,FBIO
1.615,1.62,1.61,1.62,7829,2022-02-22 16:39:00,FBIO
1.62,1.62,1.615,1.62,1999,2022-02-22 16:40:00,FBIO
1.62,1.62,1.62,1.62,1711,2022-02-22 16:41:00,FBIO
1.62,1.62,1.615,1.62,2166,2022-02-22 16:42:00,FBIO
1.615,1.62,1.615,1.62,1500,2022-02-22 16:43:00,FBIO
1.62,1.62,1.615,1.615,1400,2022-02-22 16:44:00,FBIO
1.62,1.63,1.62,1.63,4292,2022-02-22 16:45:00,FBIO
1.63,1.63,1.63,1.63,900,2022-02-22 16:46:00,FBIO
1.63,1.63,1.6228,1.625,900,2022-02-22 16:47:00,FBIO
1.625,1.63,1.625,1.625,900,2022-02-22 16:48:00,FBIO
1.63,1.63,1.625,1.63,1500,2022-02-22 16:49:00,FBIO
1.625,1.63,1.625,1.625,6793,2022-02-22 16:51:00,FBIO
1.63,1.63,1.625,1.625,1678,2022-02-22 16:52:00,FBIO
1.623,1.63,1.623,1.625,1125,2022-02-22 16:53:00,FBIO
1.6283,1.63,1.625,1.63,701,2022-02-22 16:54:00,FBIO
1.625,1.63,1.625,1.625,1470,2022-02-22 16:55:00,FBIO
1.63,1.63,1.6,1.6,47656,2022-02-22 16:56:00,FBIO
1.61,1.61,1.61,1.61,100,2022-02-22 16:57:00,FBIO
1.6001,1.609,1.6001,1.609,300,2022-02-22 16:58:00,FBIO
1.61,1.61,1.61,1.61,100,2022-02-22 16:59:00,FBIO
1.61,1.61,1.605,1.605,1200,2022-02-22 17:00:00,FBIO
1.61,1.61,1.605,1.61,300,2022-02-22 17:01:00,FBIO
1.605,1.605,1.605,1.605,800,2022-02-22 17:02:00,FBIO
1.605,1.61,1.605,1.61,900,2022-02-22 17:03:00,FBIO
1.61,1.61,1.605,1.605,900,2022-02-22 17:04:00,FBIO
1.61,1.61,1.61,1.61,200,2022-02-22 17:05:00,FBIO
1.61,1.61,1.61,1.61,800,2022-02-22 17:06:00,FBIO
1.605,1.61,1.605,1.605,1000,2022-02-22 17:07:00,FBIO
1.61,1.61,1.61,1.61,800,2022-02-22 17:09:00,FBIO
1.61,1.61,1.605,1.61,1000,2022-02-22 17:10:00,FBIO
1.605,1.62,1.605,1.62,11676,2022-02-22 17:11:00,FBIO
1.62,1.62,1.615,1.615,1300,2022-02-22 17:12:00,FBIO
1.62,1.62,1.6141,1.62,1500,2022-02-22 17:13:00,FBIO
1.62,1.62,1.62,1.62,1000,2022-02-22 17:15:00,FBIO
1.62,1.62,1.62,1.62,1000,2022-02-22 17:16:00,FBIO
1.62,1.62,1.62,1.62,800,2022-02-22 17:18:00,FBIO
1.62,1.62,1.62,1.62,1000,2022-02-22 17:19:00,FBIO
1.615,1.62,1.615,1.615,1300,2022-02-22 17:20:00,FBIO
1.62,1.62,1.62,1.62,1158,2022-02-22 17:22:00,FBIO
1.615,1.62,1.6126,1.62,1400,2022-02-22 17:23:00,FBIO
1.615,1.615,1.615,1.615,100,2022-02-22 17:24:00,FBIO
1.62,1.62,1.62,1.62,1000,2022-02-22 17:25:00,FBIO
1.6165,1.63,1.615,1.63,38804,2022-02-22 17:26:00,FBIO
1.63,1.635,1.6299,1.635,3040,2022-02-22 17:27:00,FBIO
1.64,1.64,1.63,1.63,2722,2022-02-22 17:28:00,FBIO
1.64,1.64,1.64,1.64,1078,2022-02-22 17:29:00,FBIO
1.64,1.64,1.64,1.64,2778,2022-02-22 17:30:00,FBIO
1.64,1.64,1.63,1.64,4420,2022-02-22 17:31:00,FBIO
1.63,1.63,1.63,1.63,300,2022-02-22 17:32:00,FBIO
1.635,1.635,1.635,1.635,1000,2022-02-22 17:33:00,FBIO
1.635,1.64,1.635,1.64,2018,2022-02-22 17:34:00,FBIO
1.64,1.645,1.64,1.645,2944,2022-02-22 17:35:00,FBIO
1.645,1.645,1.645,1.645,886,2022-02-22 17:36:00,FBIO
1.645,1.65,1.64,1.645,17390,2022-02-22 17:37:00,FBIO
1.645,1.645,1.645,1.645,631,2022-02-22 17:38:00,FBIO
1.65,1.65,1.645,1.65,1834,2022-02-22 17:39:00,FBIO
1.645,1.65,1.645,1.65,1871,2022-02-22 17:40:00,FBIO
1.65,1.65,1.6432,1.6432,300,2022-02-22 17:41:00,FBIO
1.65,1.66,1.65,1.66,2283,2022-02-22 17:42:00,FBIO
1.66,1.66,1.65,1.655,2034,2022-02-22 17:43:00,FBIO
1.655,1.655,1.655,1.655,600,2022-02-22 17:44:00,FBIO
1.655,1.655,1.64,1.64,8926,2022-02-22 17:45:00,FBIO
1.645,1.645,1.645,1.645,800,2022-02-22 17:46:00,FBIO
1.645,1.645,1.645,1.645,800,2022-02-22 17:47:00,FBIO
1.645,1.645,1.645,1.645,800,2022-02-22 17:49:00,FBIO
1.645,1.645,1.645,1.645,800,2022-02-22 17:50:00,FBIO
1.645,1.6499,1.645,1.6499,600,2022-02-22 17:51:00,FBIO
1.645,1.645,1.645,1.645,1839,2022-02-22 17:52:00,FBIO
1.645,1.645,1.645,1.645,800,2022-02-22 17:53:00,FBIO
1.645,1.645,1.645,1.645,900,2022-02-22 17:55:00,FBIO
1.645,1.645,1.645,1.645,800,2022-02-22 17:56:00,FBIO
1.645,1.645,1.645,1.645,100,2022-02-22 17:57:00,FBIO
1.645,1.645,1.645,1.645,800,2022-02-22 17:58:00,FBIO
1.645,1.6499,1.645,1.6499,2400,2022-02-22 17:59:00,FBIO
1.645,1.645,1.645,1.645,772,2022-02-22 18:00:00,FBIO
1.645,1.645,1.645,1.645,800,2022-02-22 18:01:00,FBIO
1.645,1.645,1.64,1.64,1000,2022-02-22 18:02:00,FBIO
1.645,1.645,1.645,1.645,800,2022-02-22 18:04:00,FBIO
1.645,1.645,1.645,1.645,800,2022-02-22 18:05:00,FBIO
1.645,1.645,1.645,1.645,800,2022-02-22 18:06:00,FBIO
1.645,1.645,1.645,1.645,100,2022-02-22 18:07:00,FBIO
1.645,1.645,1.64,1.64,900,2022-02-22 18:08:00,FBIO
1.645,1.645,1.645,1.645,800,2022-02-22 18:09:00,FBIO
1.645,1.65,1.645,1.645,1000,2022-02-22 18:10:00,FBIO
1.645,1.645,1.645,1.645,800,2022-02-22 18:11:00,FBIO
1.645,1.645,1.645,1.645,900,2022-02-22 18:12:00,FBIO
1.645,1.645,1.645,1.645,900,2022-02-22 18:14:00,FBIO
1.6424,1.645,1.64,1.645,1325,2022-02-22 18:15:00,FBIO
1.645,1.645,1.635,1.635,2728,2022-02-22 18:17:00,FBIO
1.635,1.635,1.635,1.635,800,2022-02-22 18:18:00,FBIO
1.6332,1.6332,1.6332,1.6332,100,2022-02-22 18:19:00,FBIO
1.635,1.635,1.635,1.635,800,2022-02-22 18:20:00,FBIO
1.635,1.635,1.635,1.635,800,2022-02-22 18:21:00,FBIO
1.635,1.635,1.635,1.635,200,2022-02-22 18:22:00,FBIO
1.635,1.635,1.635,1.635,900,2022-02-22 18:23:00,FBIO
1.635,1.635,1.635,1.635,800,2022-02-22 18:24:00,FBIO
1.635,1.635,1.635,1.635,900,2022-02-22 18:25:00,FBIO
1.635,1.635,1.635,1.635,800,2022-02-22 18:27:00,FBIO
1.635,1.635,1.635,1.635,800,2022-02-22 18:28:00,FBIO
1.635,1.635,1.63,1.63,400,2022-02-22 18:29:00,FBIO
1.635,1.635,1.63,1.63,6199,2022-02-22 18:30:00,FBIO
1.625,1.6299,1.625,1.625,6854,2022-02-22 18:31:00,FBIO
1.625,1.625,1.625,1.625,100,2022-02-22 18:32:00,FBIO
1.625,1.63,1.625,1.625,1500,2022-02-22 18:33:00,FBIO
1.625,1.6275,1.625,1.625,2429,2022-02-22 18:34:00,FBIO
1.62,1.62,1.62,1.62,100,2022-02-22 18:35:00,FBIO
1.625,1.63,1.625,1.625,900,2022-02-22 18:36:00,FBIO
1.6226,1.63,1.6226,1.625,1200,2022-02-22 18:37:00,FBIO
1.625,1.63,1.625,1.63,900,2022-02-22 18:39:00,FBIO
1.625,1.625,1.625,1.625,1100,2022-02-22 18:40:00,FBIO
1.625,1.63,1.62,1.625,9304,2022-02-22 18:41:00,FBIO
1.62,1.625,1.62,1.625,447,2022-02-22 18:42:00,FBIO
1.62,1.63,1.62,1.625,1000,2022-02-22 18:43:00,FBIO
1.62,1.63,1.62,1.63,1000,2022-02-22 18:44:00,FBIO
1.625,1.63,1.625,1.63,1000,2022-02-22 18:46:00,FBIO
1.63,1.63,1.625,1.63,2903,2022-02-22 18:47:00,FBIO
1.63,1.64,1.63,1.63,2224,2022-02-22 18:48:00,FBIO
1.63,1.64,1.63,1.635,1800,2022-02-22 18:49:00,FBIO
1.63,1.6325,1.63,1.63,3458,2022-02-22 18:50:00,FBIO
1.6399,1.6399,1.63,1.635,1900,2022-02-22 18:52:00,FBIO
1.635,1.64,1.63,1.64,1200,2022-02-22 18:54:00,FBIO
1.64,1.64,1.64,1.64,800,2022-02-22 18:55:00,FBIO
1.64,1.64,1.64,1.64,423,2022-02-22 18:56:00,FBIO
1.64,1.65,1.635,1.65,2336,2022-02-22 18:57:00,FBIO
1.645,1.65,1.645,1.65,800,2022-02-22 18:58:00,FBIO
1.645,1.645,1.645,1.645,746,2022-02-22 18:59:00,FBIO
1.645,1.645,1.645,1.645,1400,2022-02-22 19:00:00,FBIO
1.645,1.65,1.645,1.65,800,2022-02-22 19:01:00,FBIO
1.645,1.65,1.645,1.65,800,2022-02-22 19:02:00,FBIO
1.65,1.65,1.65,1.65,800,2022-02-22 19:04:00,FBIO
1.645,1.65,1.645,1.645,1100,2022-02-22 19:05:00,FBIO
1.645,1.65,1.645,1.65,800,2022-02-22 19:07:00,FBIO
1.65,1.65,1.6479,1.6479,1800,2022-02-22 19:08:00,FBIO
1.645,1.645,1.645,1.645,100,2022-02-22 19:09:00,FBIO
1.65,1.65,1.645,1.645,1000,2022-02-22 19:10:00,FBIO
1.645,1.645,1.64,1.64,4800,2022-02-22 19:11:00,FBIO
1.645,1.65,1.645,1.6475,2000,2022-02-22 19:12:00,FBIO
1.65,1.65,1.645,1.647,1027,2022-02-22 19:13:00,FBIO
1.65,1.65,1.65,1.65,900,2022-02-22 19:14:00,FBIO
1.65,1.65,1.65,1.65,2466,2022-02-22 19:15:00,FBIO
1.655,1.66,1.655,1.655,1100,2022-02-22 19:16:00,FBIO
1.66,1.66,1.66,1.66,900,2022-02-22 19:17:00,FBIO
1.6599,1.66,1.655,1.655,400,2022-02-22 19:18:00,FBIO
1.66,1.66,1.6599,1.6599,2800,2022-02-22 19:19:00,FBIO
1.66,1.66,1.655,1.66,15032,2022-02-22 19:20:00,FBIO
1.67,1.67,1.6616,1.6699,2600,2022-02-22 19:21:00,FBIO
1.67,1.67,1.6601,1.6601,1700,2022-02-22 19:22:00,FBIO
1.665,1.665,1.66,1.66,4150,2022-02-22 19:23:00,FBIO
1.66,1.68,1.655,1.68,4900,2022-02-22 19:25:00,FBIO
1.6733,1.675,1.665,1.665,7509,2022-02-22 19:26:00,FBIO
1.665,1.67,1.665,1.67,900,2022-02-22 19:27:00,FBIO
1.665,1.67,1.665,1.665,1000,2022-02-22 19:29:00,FBIO
1.67,1.67,1.665,1.665,1010,2022-02-22 19:30:00,FBIO
1.67,1.68,1.665,1.68,3799,2022-02-22 19:31:00,FBIO
1.68,1.6881,1.68,1.6881,4404,2022-02-22 19:32:00,FBIO
1.685,1.69,1.685,1.69,800,2022-02-22 19:33:00,FBIO
1.69,1.69,1.69,1.69,800,2022-02-22 19:34:00,FBIO
1.69,1.69,1.685,1.685,1000,2022-02-22 19:35:00,FBIO
1.69,1.69,1.685,1.685,2951,2022-02-22 19:36:00,FBIO
1.685,1.685,1.685,1.685,2903,2022-02-22 19:37:00,FBIO
1.685,1.685,1.675,1.675,7252,2022-02-22 19:38:00,FBIO
1.67,1.67,1.67,1.67,1400,2022-02-22 19:40:00,FBIO
1.67,1.67,1.67,1.67,1700,2022-02-22 19:41:00,FBIO
1.67,1.67,1.66,1.66,3285,2022-02-22 19:42:00,FBIO
1.66,1.66,1.64,1.645,8934,2022-02-22 19:43:00,FBIO
1.64,1.6467,1.64,1.645,3300,2022-02-22 19:44:00,FBIO
1.645,1.645,1.645,1.645,900,2022-02-22 19:46:00,FBIO
1.645,1.645,1.645,1.645,400,2022-02-22 19:47:00,FBIO
1.645,1.645,1.645,1.645,1000,2022-02-22 19:48:00,FBIO
1.65,1.65,1.645,1.6475,10897,2022-02-22 19:49:00,FBIO
1.655,1.66,1.655,1.655,2096,2022-02-22 19:50:00,FBIO
1.655,1.655,1.65,1.655,4738,2022-02-22 19:51:00,FBIO
1.655,1.655,1.655,1.655,1680,2022-02-22 19:52:00,FBIO
1.655,1.655,1.655,1.655,1300,2022-02-22 19:53:00,FBIO
1.655,1.655,1.655,1.655,1900,2022-02-22 19:54:00,FBIO
1.655,1.655,1.655,1.655,1000,2022-02-22 19:55:00,FBIO
1.655,1.655,1.655,1.655,912,2022-02-22 19:56:00,FBIO
1.655,1.66,1.655,1.655,7843,2022-02-22 19:57:00,FBIO
1.655,1.6575,1.65,1.655,7400,2022-02-22 19:58:00,FBIO
1.655,1.655,1.655,1.655,200,2022-02-22 19:59:00,FBIO
1.655,1.655,1.655,1.655,900,2022-02-22 20:00:00,FBIO
1.655,1.655,1.65,1.655,1999,2022-02-22 20:01:00,FBIO
1.655,1.66,1.65,1.66,6729,2022-02-22 20:02:00,FBIO
1.655,1.66,1.65,1.655,1400,2022-02-22 20:03:00,FBIO
1.655,1.66,1.655,1.66,1606,2022-02-22 20:04:00,FBIO
1.66,1.67,1.66,1.67,7885,2022-02-22 20:05:00,FBIO
1.67,1.67,1.665,1.665,1100,2022-02-22 20:06:00,FBIO
1.67,1.67,1.67,1.67,900,2022-02-22 20:07:00,FBIO
1.67,1.67,1.665,1.67,400,2022-02-22 20:08:00,FBIO
1.665,1.67,1.665,1.665,1200,2022-02-22 20:09:00,FBIO
1.67,1.67,1.665,1.665,1300,2022-02-22 20:10:00,FBIO
1.67,1.67,1.67,1.67,1914,2022-02-22 20:11:00,FBIO
1.67,1.67,1.67,1.67,900,2022-02-22 20:12:00,FBIO
1.67,1.67,1.67,1.67,1000,2022-02-22 20:13:00,FBIO
1.67,1.67,1.66,1.66,500,2022-02-22 20:14:00,FBIO
1.67,1.67,1.665,1.665,300,2022-02-22 20:15:00,FBIO
1.6659,1.67,1.665,1.67,2200,2022-02-22 20:16:00,FBIO
1.67,1.67,1.6665,1.67,900,2022-02-22 20:17:00,FBIO
1.67,1.67,1.665,1.67,5760,2022-02-22 20:18:00,FBIO
1.67,1.67,1.67,1.67,100,2022-02-22 20:19:00,FBIO
1.67,1.67,1.67,1.67,100,2022-02-22 20:20:00,FBIO
1.67,1.67,1.67,1.67,200,2022-02-22 20:21:00,FBIO
1.665,1.665,1.64,1.65,33324,2022-02-22 20:22:00,FBIO
1.65,1.66,1.65,1.655,3853,2022-02-22 20:23:00,FBIO
1.655,1.655,1.655,1.655,100,2022-02-22 20:24:00,FBIO
1.655,1.655,1.65,1.655,500,2022-02-22 20:26:00,FBIO
1.66,1.66,1.655,1.655,2862,2022-02-22 20:27:00,FBIO
1.66,1.67,1.66,1.665,10222,2022-02-22 20:28:00,FBIO
1.67,1.67,1.67,1.67,100,2022-02-22 20:29:00,FBIO
1.665,1.67,1.66,1.67,2200,2022-02-22 20:30:00,FBIO
1.67,1.67,1.6601,1.6601,402,2022-02-22 20:31:00,FBIO
1.67,1.67,1.67,1.67,200,2022-02-22 20:32:00,FBIO
1.665,1.665,1.6601,1.6601,205,2022-02-22 20:34:00,FBIO
1.665,1.67,1.665,1.67,200,2022-02-22 20:35:00,FBIO
1.665,1.67,1.665,1.67,200,2022-02-22 20:36:00,FBIO
1.6601,1.67,1.6601,1.67,361,2022-02-22 20:38:00,FBIO
1.665,1.6698,1.664,1.6698,500,2022-02-22 20:39:00,FBIO
1.67,1.67,1.665,1.67,6713,2022-02-22 20:40:00,FBIO
1.665,1.67,1.665,1.67,1300,2022-02-22 20:41:00,FBIO
1.6624,1.67,1.6624,1.67,290,2022-02-22 20:42:00,FBIO
1.665,1.67,1.66,1.67,1200,2022-02-22 20:43:00,FBIO
1.67,1.67,1.66,1.66,400,2022-02-22 20:44:00,FBIO
1.665,1.665,1.6601,1.665,1103,2022-02-22 20:45:00,FBIO
1.665,1.67,1.665,1.67,1300,2022-02-22 20:46:00,FBIO
1.67,1.67,1.66,1.67,749,2022-02-22 20:47:00,FBIO
1.665,1.6691,1.665,1.665,5700,2022-02-22 20:48:00,FBIO
1.665,1.67,1.66,1.67,1000,2022-02-22 20:49:00,FBIO
1.66,1.67,1.66,1.66,10619,2022-02-22 20:50:00,FBIO
1.66,1.66,1.64,1.645,8200,2022-02-22 20:51:00,FBIO
1.65,1.65,1.6431,1.65,7511,2022-02-22 20:52:00,FBIO
1.65,1.65,1.64,1.645,12396,2022-02-22 20:53:00,FBIO
1.645,1.65,1.64,1.65,1933,2022-02-22 20:54:00,FBIO
1.65,1.65,1.6429,1.65,2209,2022-02-22 20:55:00,FBIO
1.65,1.65,1.643,1.65,5194,2022-02-22 20:56:00,FBIO
1.65,1.65,1.64,1.65,3002,2022-02-22 20:57:00,FBIO
1.65,1.65,1.645,1.65,11328,2022-02-22 20:58:00,FBIO
1.65,1.65,1.64,1.645,5950,2022-02-22 20:59:00,FBIO
1.64,1.64,1.64,1.64,18335,2022-02-22 21:00:00,FBIO
1.64,1.68,1.64,1.6489,25505,2022-02-23 14:30:00,FBIO
1.68,1.68,1.66,1.66,300,2022-02-23 14:31:00,FBIO
1.67,1.675,1.66,1.665,1400,2022-02-23 14:32:00,FBIO
1.6675,1.71,1.66,1.7,19866,2022-02-23 14:33:00,FBIO
1.705,1.705,1.69,1.7,3542,2022-02-23 14:34:00,FBIO
1.705,1.725,1.7,1.7165,5220,2022-02-23 14:35:00,FBIO
1.725,1.725,1.71,1.71,4687,2022-02-23 14:36:00,FBIO
1.71,1.71,1.7,1.705,1086,2022-02-23 14:37:00,FBIO
1.73,1.73,1.73,1.73,200,2022-02-23 14:39:00,FBIO
1.74,1.74,1.73,1.74,7201,2022-02-23 14:40:00,FBIO
1.735,1.735,1.735,1.735,100,2022-02-23 14:42:00,FBIO
1.735,1.735,1.735,1.735,600,2022-02-23 14:43:00,FBIO
1.735,1.735,1.735,1.735,100,2022-02-23 14:44:00,FBIO
1.735,1.74,1.735,1.74,200,2022-02-23 14:46:00,FBIO
1.735,1.735,1.735,1.735,300,2022-02-23 14:48:00,FBIO
1.735,1.735,1.72,1.73,6821,2022-02-23 14:50:00,FBIO
1.73,1.73,1.73,1.73,100,2022-02-23 14:51:00,FBIO
1.7227,1.7227,1.7227,1.7227,100,2022-02-23 14:52:00,FBIO
1.725,1.725,1.71,1.72,5764,2022-02-23 14:53:00,FBIO
1.715,1.715,1.71,1.715,800,2022-02-23 14:54:00,FBIO
1.715,1.715,1.71,1.715,700,2022-02-23 14:55:00,FBIO
1.71,1.71,1.705,1.705,1427,2022-02-23 14:56:00,FBIO
1.705,1.705,1.7,1.7,200,2022-02-23 14:57:00,FBIO
1.705,1.705,1.7,1.7,4319,2022-02-23 14:58:00,FBIO
1.705,1.705,1.705,1.705,200,2022-02-23 14:59:00,FBIO
1.705,1.705,1.705,1.705,600,2022-02-23 15:00:00,FBIO
1.705,1.7075,1.7,1.7075,15009,2022-02-23 15:01:00,FBIO
1.705,1.705,1.7,1.705,500,2022-02-23 15:02:00,FBIO
1.705,1.705,1.705,1.705,100,2022-02-23 15:03:00,FBIO
1.705,1.705,1.705,1.705,400,2022-02-23 15:05:00,FBIO
1.7,1.705,1.7,1.705,538,2022-02-23 15:06:00,FBIO
1.705,1.705,1.705,1.705,100,2022-02-23 15:07:00,FBIO
1.7,1.705,1.69,1.695,3829,2022-02-23 15:08:00,FBIO
1.695,1.71,1.695,1.71,5360,2022-02-23 15:09:00,FBIO
1.705,1.705,1.705,1.705,800,2022-02-23 15:11:00,FBIO
1.705,1.71,1.705,1.71,200,2022-02-23 15:12:00,FBIO
1.71,1.71,1.71,1.71,100,2022-02-23 15:13:00,FBIO
1.71,1.71,1.71,1.71,100,2022-02-23 15:14:00,FBIO
1.7073,1.71,1.7073,1.71,200,2022-02-23 15:15:00,FBIO
1.71,1.71,1.71,1.71,200,2022-02-23 15:16:00,FBIO
1.705,1.71,1.68,1.6819,70782,2022-02-23 15:18:00,FBIO
1.68,1.69,1.68,1.69,3500,2022-02-23 15:19:00,FBIO
1.685,1.69,1.685,1.685,500,2022-02-23 15:20:00,FBIO
1.68,1.69,1.68,1.685,1556,2022-02-23 15:24:00,FBIO
1.68,1.69,1.68,1.69,486,2022-02-23 15:25:00,FBIO
1.68,1.685,1.68,1.685,482,2022-02-23 15:26:00,FBIO
1.68,1.68,1.675,1.675,1400,2022-02-23 15:27:00,FBIO
1.68,1.68,1.67,1.68,1000,2022-02-23 15:28:00,FBIO
1.675,1.675,1.675,1.675,100,2022-02-23 15:29:00,FBIO
1.67,1.68,1.67,1.67,1648,2022-02-23 15:30:00,FBIO
1.67,1.68,1.67,1.68,1515,2022-02-23 15:31:00,FBIO
1.675,1.68,1.67,1.67,1500,2022-02-23 15:32:00,FBIO
1.67,1.68,1.67,1.67,3224,2022-02-23 15:33:00,FBIO
1.68,1.68,1.66,1.665,2738,2022-02-23 15:34:00,FBIO
1.66,1.66,1.66,1.66,200,2022-02-23 15:36:00,FBIO
1.66,1.66,1.66,1.66,600,2022-02-23 15:37:00,FBIO
1.66,1.66,1.66,1.66,714,2022-02-23 15:38:00,FBIO
1.66,1.66,1.66,1.66,500,2022-02-23 15:39:00,FBIO
1.66,1.67,1.66,1.66,1220,2022-02-23 15:40:00,FBIO
1.66,1.66,1.66,1.66,808,2022-02-23 15:41:00,FBIO
1.66,1.66,1.65,1.655,6501,2022-02-23 15:42:00,FBIO
1.655,1.655,1.655,1.655,100,2022-02-23 15:43:00,FBIO
1.65,1.66,1.65,1.66,300,2022-02-23 15:44:00,FBIO
1.65,1.65,1.65,1.65,400,2022-02-23 15:45:00,FBIO
1.65,1.65,1.65,1.65,1245,2022-02-23 15:46:00,FBIO
1.65,1.65,1.65,1.65,490,2022-02-23 15:47:00,FBIO
1.65,1.65,1.64,1.645,5537,2022-02-23 15:48:00,FBIO
1.64,1.64,1.64,1.64,200,2022-02-23 15:49:00,FBIO
1.64,1.65,1.64,1.65,200,2022-02-23 15:50:00,FBIO
1.645,1.65,1.64,1.65,900,2022-02-23 15:51:00,FBIO
1.645,1.6575,1.645,1.655,16311,2022-02-23 15:52:00,FBIO
1.65,1.655,1.65,1.655,200,2022-02-23 15:53:00,FBIO
1.65,1.655,1.65,1.655,200,2022-02-23 15:55:00,FBIO
1.65,1.65,1.65,1.65,100,2022-02-23 15:57:00,FBIO
1.655,1.655,1.65,1.65,300,2022-02-23 15:59:00,FBIO
1.65,1.65,1.645,1.65,12867,2022-02-23 16:09:00,FBIO
1.645,1.65,1.645,1.65,800,2022-02-23 16:10:00,FBIO
1.65,1.65,1.65,1.65,200,2022-02-23 16:11:00,FBIO
1.64,1.65,1.64,1.645,1400,2022-02-23 16:14:00,FBIO
1.645,1.65,1.645,1.65,700,2022-02-23 16:15:00,FBIO
1.6458,1.6458,1.6458,1.6458,500,2022-02-23 16:16:00,FBIO
1.65,1.65,1.65,1.65,100,2022-02-23 16:17:00,FBIO
1.65,1.65,1.645,1.645,600,2022-02-23 16:18:00,FBIO
1.64,1.65,1.64,1.65,3524,2022-02-23 16:19:00,FBIO
1.65,1.65,1.645,1.65,1700,2022-02-23 16:20:00,FBIO
1.65,1.65,1.65,1.65,400,2022-02-23 16:21:00,FBIO
1.65,1.65,1.65,1.65,100,2022-02-23 16:22:00,FBIO
1.645,1.65,1.645,1.65,500,2022-02-23 16:23:00,FBIO
1.65,1.65,1.64,1.64,200,2022-02-23 16:24:00,FBIO
1.65,1.65,1.645,1.645,300,2022-02-23 16:25:00,FBIO
1.65,1.65,1.645,1.65,1100,2022-02-23 16:26:00,FBIO
1.645,1.645,1.644,1.644,582,2022-02-23 16:27:00,FBIO
1.645,1.645,1.645,1.645,200,2022-02-23 16:28:00,FBIO
1.645,1.65,1.645,1.65,500,2022-02-23 16:29:00,FBIO
1.65,1.65,1.65,1.65,500,2022-02-23 16:30:00,FBIO
1.65,1.65,1.645,1.65,1000,2022-02-23 16:31:00,FBIO
1.65,1.65,1.65,1.65,600,2022-02-23 16:32:00,FBIO
1.65,1.65,1.645,1.65,1700,2022-02-23 16:33:00,FBIO
1.65,1.65,1.645,1.65,500,2022-02-23 16:34:00,FBIO
1.65,1.65,1.645,1.645,800,2022-02-23 16:35:00,FBIO
1.65,1.65,1.65,1.65,2830,2022-02-23 16:36:00,FBIO
1.65,1.65,1.645,1.645,700,2022-02-23 16:37:00,FBIO
1.65,1.65,1.65,1.65,1400,2022-02-23 16:38:00,FBIO
1.65,1.655,1.65,1.65,9603,2022-02-23 16:39:00,FBIO
1.655,1.655,1.65,1.655,900,2022-02-23 16:40:00,FBIO
1.655,1.655,1.645,1.65,10107,2022-02-23 16:41:00,FBIO
1.65,1.65,1.65,1.65,100,2022-02-23 16:42:00,FBIO
1.645,1.65,1.645,1.65,700,2022-02-23 16:43:00,FBIO
1.65,1.65,1.65,1.65,500,2022-02-23 16:44:00,FBIO
1.65,1.65,1.6499,1.65,877,2022-02-23 16:45:00,FBIO
1.65,1.65,1.645,1.645,1077,2022-02-23 16:46:00,FBIO
1.65,1.65,1.65,1.65,500,2022-02-23 16:47:00,FBIO
1.65,1.65,1.65,1.65,500,2022-02-23 16:48:00,FBIO
1.65,1.65,1.65,1.65,600,2022-02-23 16:49:00,FBIO
1.65,1.65,1.645,1.65,800,2022-02-23 16:50:00,FBIO
1.65,1.65,1.645,1.65,500,2022-02-23 16:51:00,FBIO
1.65,1.65,1.65,1.65,500,2022-02-23 16:52:00,FBIO
1.65,1.655,1.65,1.655,10560,2022-02-23 16:53:00,FBIO
1.65,1.6586,1.645,1.65,15903,2022-02-23 16:54:00,FBIO
1.65,1.65,1.65,1.65,100,2022-02-23 16:55:00,FBIO
1.65,1.65,1.6494,1.65,4700,2022-02-23 16:56:00,FBIO
1.65,1.65,1.645,1.645,1236,2022-02-23 16:57:00,FBIO
1.6475,1.65,1.645,1.65,2251,2022-02-23 16:58:00,FBIO
1.65,1.65,1.645,1.65,1200,2022-02-23 16:59:00,FBIO
1.65,1.65,1.645,1.645,1158,2022-02-23 17:00:00,FBIO
1.65,1.65,1.645,1.65,1200,2022-02-23 17:01:00,FBIO
1.65,1.65,1.645,1.65,5219,2022-02-23 17:02:00,FBIO
1.65,1.65,1.645,1.645,1100,2022-02-23 17:03:00,FBIO
1.645,1.645,1.645,1.645,500,2022-02-23 17:04:00,FBIO
1.645,1.65,1.645,1.65,600,2022-02-23 17:05:00,FBIO
1.65,1.65,1.645,1.65,600,2022-02-23 17:06:00,FBIO
1.65,1.65,1.645,1.65,600,2022-02-23 17:07:00,FBIO
1.65,1.65,1.645,1.65,1400,2022-02-23 17:08:00,FBIO
1.65,1.65,1.645,1.65,1000,2022-02-23 17:09:00,FBIO
1.65,1.65,1.645,1.645,1100,2022-02-23 17:10:00,FBIO
1.645,1.65,1.645,1.65,500,2022-02-23 17:11:00,FBIO
1.65,1.65,1.65,1.65,500,2022-02-23 17:12:00,FBIO
1.645,1.65,1.64,1.65,2200,2022-02-23 17:13:00,FBIO
1.65,1.65,1.645,1.645,600,2022-02-23 17:14:00,FBIO
1.65,1.65,1.645,1.65,1100,2022-02-23 17:15:00,FBIO
1.65,1.65,1.65,1.65,500,2022-02-23 17:16:00,FBIO
1.65,1.65,1.645,1.645,800,2022-02-23 17:17:00,FBIO
1.65,1.65,1.645,1.645,1234,2022-02-23 17:18:00,FBIO
1.65,1.65,1.645,1.65,700,2022-02-23 17:19:00,FBIO
1.65,1.65,1.64,1.65,700,2022-02-23 17:20:00,FBIO
1.645,1.655,1.645,1.655,5166,2022-02-23 17:21:00,FBIO
1.655,1.66,1.655,1.66,500,2022-02-23 17:22:00,FBIO
1.66,1.66,1.655,1.66,600,2022-02-23 17:23:00,FBIO
1.66,1.66,1.66,1.66,500,2022-02-23 17:24:00,FBIO
1.66,1.66,1.66,1.66,500,2022-02-23 17:25:00,FBIO
1.66,1.66,1.66,1.66,500,2022-02-23 17:26:00,FBIO
1.66,1.66,1.655,1.66,700,2022-02-23 17:27:00,FBIO
1.66,1.66,1.6599,1.66,2500,2022-02-23 17:28:00,FBIO
1.66,1.66,1.65,1.655,800,2022-02-23 17:29:00,FBIO
1.655,1.66,1.655,1.655,900,2022-02-23 17:30:00,FBIO
1.66,1.66,1.66,1.66,500,2022-02-23 17:31:00,FBIO
1.66,1.66,1.655,1.66,700,2022-02-23 17:32:00,FBIO
1.66,1.66,1.66,1.66,500,2022-02-23 17:33:00,FBIO
1.655,1.655,1.655,1.655,500,2022-02-23 17:34:00,FBIO
1.655,1.655,1.655,1.655,300,2022-02-23 17:35:00,FBIO
1.655,1.66,1.655,1.655,800,2022-02-23 17:36:00,FBIO
1.66,1.66,1.66,1.66,500,2022-02-23 17:37:00,FBIO
1.66,1.66,1.65,1.66,700,2022-02-23 17:38:00,FBIO
1.66,1.66,1.66,1.66,500,2022-02-23 17:39:00,FBIO
1.66,1.66,1.66,1.66,500,2022-02-23 17:40:00,FBIO
1.66,1.66,1.655,1.66,2100,2022-02-23 17:41:00,FBIO
1.66,1.66,1.655,1.655,700,2022-02-23 17:42:00,FBIO
1.655,1.66,1.655,1.66,800,2022-02-23 17:43:00,FBIO
1.66,1.66,1.655,1.655,500,2022-02-23 17:44:00,FBIO
1.66,1.66,1.655,1.655,900,2022-02-23 17:45:00,FBIO
1.66,1.67,1.655,1.67,4975,2022-02-23 17:46:00,FBIO
1.67,1.67,1.67,1.67,500,2022-02-23 17:47:00,FBIO
1.67,1.67,1.665,1.67,800,2022-02-23 17:48:00,FBIO
1.67,1.67,1.665,1.67,1200,2022-02-23 17:49:00,FBIO
1.66,1.665,1.66,1.66,28741,2022-02-23 17:50:00,FBIO
1.655,1.655,1.655,1.655,267,2022-02-23 17:51:00,FBIO
1.655,1.655,1.65,1.65,3000,2022-02-23 17:52:00,FBIO
1.65,1.65,1.64,1.645,11898,2022-02-23 17:53:00,FBIO
1.645,1.649,1.645,1.645,6200,2022-02-23 17:55:00,FBIO
1.645,1.645,1.645,1.645,1000,2022-02-23 17:56:00,FBIO
1.645,1.65,1.645,1.65,900,2022-02-23 17:57:00,FBIO
1.645,1.645,1.645,1.645,900,2022-02-23 17:58:00,FBIO
1.645,1.65,1.645,1.65,900,2022-02-23 18:00:00,FBIO
1.65,1.65,1.65,1.65,500,2022-02-23 18:02:00,FBIO
1.64,1.65,1.64,1.645,600,2022-02-23 18:03:00,FBIO
1.65,1.65,1.65,1.65,500,2022-02-23 18:04:00,FBIO
1.65,1.65,1.65,1.65,500,2022-02-23 18:05:00,FBIO
1.65,1.65,1.65,1.65,600,2022-02-23 18:06:00,FBIO
1.65,1.65,1.645,1.65,500,2022-02-23 18:07:00,FBIO
1.65,1.65,1.65,1.65,500,2022-02-23 18:08:00,FBIO
1.65,1.65,1.64,1.645,3577,2022-02-23 18:09:00,FBIO
1.645,1.645,1.6429,1.645,700,2022-02-23 18:10:00,FBIO
1.645,1.65,1.645,1.65,600,2022-02-23 18:11:00,FBIO
1.65,1.65,1.65,1.65,500,2022-02-23 18:12:00,FBIO
1.65,1.65,1.645,1.65,1800,2022-02-23 18:13:00,FBIO
1.65,1.65,1.645,1.65,2200,2022-02-23 18:14:00,FBIO
1.65,1.65,1.65,1.65,600,2022-02-23 18:15:00,FBIO
1.65,1.65,1.65,1.65,600,2022-02-23 18:16:00,FBIO
1.65,1.65,1.65,1.65,500,2022-02-23 18:17:00,FBIO
1.65,1.65,1.645,1.645,900,2022-02-23 18:18:00,FBIO
1.65,1.65,1.65,1.65,600,2022-02-23 18:19:00,FBIO
1.65,1.65,1.65,1.65,500,2022-02-23 18:20:00,FBIO
1.645,1.65,1.645,1.65,1900,2022-02-23 18:21:00,FBIO
1.65,1.65,1.65,1.65,500,2022-02-23 18:22:00,FBIO
1.65,1.65,1.65,1.65,600,2022-02-23 18:23:00,FBIO
1.65,1.65,1.645,1.65,500,2022-02-23 18:24:00,FBIO
1.65,1.65,1.645,1.65,1900,2022-02-23 18:25:00,FBIO
1.65,1.65,1.64,1.64,1600,2022-02-23 18:26:00,FBIO
1.65,1.65,1.645,1.65,600,2022-02-23 18:27:00,FBIO
1.645,1.65,1.645,1.65,400,2022-02-23 18:28:00,FBIO
1.645,1.65,1.645,1.65,1300,2022-02-23 18:29:00,FBIO
1.645,1.65,1.645,1.645,400,2022-02-23 18:30:00,FBIO
1.645,1.65,1.645,1.65,400,2022-02-23 18:31:00,FBIO
1.6428,1.6428,1.6428,1.6428,200,2022-02-23 18:32:00,FBIO
1.645,1.645,1.645,1.645,100,2022-02-23 18:34:00,FBIO
1.645,1.65,1.645,1.645,800,2022-02-23 18:35:00,FBIO
1.645,1.65,1.645,1.65,2600,2022-02-23 18:36:00,FBIO
1.64,1.65,1.64,1.645,4380,2022-02-23 18:37:00,FBIO
1.649,1.65,1.649,1.65,200,2022-02-23 18:38:00,FBIO
1.65,1.65,1.645,1.649,605,2022-02-23 18:39:00,FBIO
1.645,1.65,1.645,1.65,400,2022-02-23 18:40:00,FBIO
1.645,1.645,1.645,1.645,1100,2022-02-23 18:41:00,FBIO
1.645,1.65,1.645,1.645,1900,2022-02-23 18:43:00,FBIO
1.645,1.65,1.645,1.65,221,2022-02-23 18:46:00,FBIO
1.649,1.649,1.64,1.64,400,2022-02-23 18:47:00,FBIO
1.645,1.65,1.645,1.65,1100,2022-02-23 18:49:00,FBIO
1.65,1.65,1.65,1.65,100,2022-02-23 18:51:00,FBIO
1.64,1.645,1.64,1.645,1334,2022-02-23 18:53:00,FBIO
1.645,1.645,1.635,1.635,12289,2022-02-23 18:54:00,FBIO
1.635,1.635,1.635,1.635,100,2022-02-23 18:55:00,FBIO
1.635,1.635,1.635,1.635,100,2022-02-23 18:56:00,FBIO
1.635,1.6399,1.635,1.6369,1015,2022-02-23 18:57:00,FBIO
1.635,1.64,1.63,1.635,10835,2022-02-23 18:58:00,FBIO
1.635,1.635,1.635,1.635,200,2022-02-23 18:59:00,FBIO
1.6329,1.635,1.6329,1.635,381,2022-02-23 19:00:00,FBIO
1.635,1.635,1.635,1.635,100,2022-02-23 19:05:00,FBIO
1.635,1.635,1.635,1.635,100,2022-02-23 19:06:00,FBIO
1.635,1.635,1.635,1.635,700,2022-02-23 19:07:00,FBIO
1.635,1.635,1.635,1.635,100,2022-02-23 19:08:00,FBIO
1.6388,1.65,1.635,1.645,8295,2022-02-23 19:09:00,FBIO
1.645,1.65,1.64,1.65,2700,2022-02-23 19:10:00,FBIO
1.645,1.645,1.645,1.645,200,2022-02-23 19:12:00,FBIO
1.645,1.645,1.645,1.645,100,2022-02-23 19:13:00,FBIO
1.645,1.645,1.645,1.645,100,2022-02-23 19:14:00,FBIO
1.645,1.65,1.645,1.645,2020,2022-02-23 19:15:00,FBIO
1.645,1.65,1.645,1.65,1500,2022-02-23 19:16:00,FBIO
1.645,1.65,1.645,1.65,200,2022-02-23 19:17:00,FBIO
1.645,1.65,1.645,1.645,400,2022-02-23 19:18:00,FBIO
1.65,1.65,1.65,1.65,200,2022-02-23 19:19:00,FBIO
1.645,1.65,1.645,1.645,700,2022-02-23 19:20:00,FBIO
1.645,1.65,1.645,1.65,1100,2022-02-23 19:21:00,FBIO
1.65,1.65,1.65,1.65,100,2022-02-23 19:22:00,FBIO
1.65,1.65,1.65,1.65,100,2022-02-23 19:23:00,FBIO
1.645,1.645,1.645,1.645,100,2022-02-23 19:24:00,FBIO
1.65,1.65,1.645,1.645,500,2022-02-23 19:25:00,FBIO
1.65,1.65,1.65,1.65,200,2022-02-23 19:27:00,FBIO
1.65,1.65,1.65,1.65,300,2022-02-23 19:28:00,FBIO
1.65,1.65,1.645,1.65,600,2022-02-23 19:29:00,FBIO
1.645,1.65,1.645,1.65,700,2022-02-23 19:30:00,FBIO
1.645,1.65,1.645,1.65,1000,2022-02-23 19:32:00,FBIO
1.645,1.645,1.645,1.645,400,2022-02-23 19:33:00,FBIO
1.645,1.645,1.645,1.645,500,2022-02-23 19:34:00,FBIO
1.645,1.645,1.645,1.645,100,2022-02-23 19:35:00,FBIO
1.645,1.645,1.645,1.645,100,2022-02-23 19:37:00,FBIO
1.645,1.645,1.645,1.645,500,2022-02-23 19:38:00,FBIO
1.6481,1.65,1.645,1.65,2223,2022-02-23 19:39:00,FBIO
1.6481,1.65,1.645,1.65,1700,2022-02-23 19:41:00,FBIO
1.645,1.645,1.645,1.645,100,2022-02-23 19:42:00,FBIO
1.645,1.65,1.645,1.65,1279,2022-02-23 19:43:00,FBIO
1.645,1.645,1.645,1.645,993,2022-02-23 19:45:00,FBIO
1.645,1.65,1.645,1.65,600,2022-02-23 19:46:00,FBIO
1.645,1.65,1.645,1.645,1027,2022-02-23 19:47:00,FBIO
1.65,1.65,1.645,1.645,600,2022-02-23 19:48:00,FBIO
1.65,1.65,1.645,1.65,3926,2022-02-23 19:49:00,FBIO
1.645,1.65,1.645,1.645,800,2022-02-23 19:50:00,FBIO
1.65,1.65,1.65,1.65,100,2022-02-23 19:51:00,FBIO
1.65,1.65,1.65,1.65,100,2022-02-23 19:52:00,FBIO
1.64,1.645,1.64,1.645,2221,2022-02-23 19:54:00,FBIO
1.645,1.6488,1.645,1.6488,2661,2022-02-23 19:55:00,FBIO
1.65,1.65,1.65,1.65,100,2022-02-23 19:56:00,FBIO
1.645,1.645,1.645,1.645,1800,2022-02-23 19:58:00,FBIO
1.65,1.65,1.645,1.645,1194,2022-02-23 19:59:00,FBIO
1.645,1.645,1.645,1.645,400,2022-02-23 20:00:00,FBIO
1.645,1.645,1.63,1.63,30164,2022-02-23 20:01:00,FBIO
1.63,1.64,1.63,1.635,4683,2022-02-23 20:02:00,FBIO
1.64,1.64,1.635,1.635,1800,2022-02-23 20:03:00,FBIO
1.635,1.64,1.635,1.64,1900,2022-02-23 20:04:00,FBIO
1.635,1.64,1.635,1.635,600,2022-02-23 20:05:00,FBIO
1.635,1.635,1.635,1.635,300,2022-02-23 20:07:00,FBIO
1.635,1.635,1.635,1.635,600,2022-02-23 20:08:00,FBIO
1.64,1.64,1.64,1.64,500,2022-02-23 20:09:00,FBIO
1.64,1.64,1.635,1.64,500,2022-02-23 20:10:00,FBIO
1.64,1.64,1.635,1.64,600,2022-02-23 20:11:00,FBIO
1.64,1.64,1.635,1.64,2300,2022-02-23 20:12:00,FBIO
1.64,1.64,1.64,1.64,800,2022-02-23 20:13:00,FBIO
1.64,1.64,1.635,1.64,1500,2022-02-23 20:14:00,FBIO
1.64,1.655,1.635,1.655,10788,2022-02-23 20:15:00,FBIO
1.655,1.655,1.65,1.655,3369,2022-02-23 20:16:00,FBIO
1.655,1.66,1.65,1.65,864,2022-02-23 20:17:00,FBIO
1.65,1.655,1.65,1.65,1300,2022-02-23 20:18:00,FBIO
1.655,1.655,1.645,1.645,4388,2022-02-23 20:19:00,FBIO
1.64,1.6455,1.64,1.64,1000,2022-02-23 20:20:00,FBIO
1.64,1.64,1.64,1.64,500,2022-02-23 20:21:00,FBIO
1.645,1.645,1.645,1.645,300,2022-02-23 20:22:00,FBIO
1.645,1.645,1.645,1.645,700,2022-02-23 20:23:00,FBIO
1.645,1.65,1.645,1.65,700,2022-02-23 20:24:00,FBIO
1.65,1.65,1.645,1.65,600,2022-02-23 20:25:00,FBIO
1.65,1.66,1.65,1.66,9657,2022-02-23 20:26:00,FBIO
1.66,1.66,1.655,1.655,500,2022-02-23 20:27:00,FBIO
1.66,1.66,1.655,1.655,600,2022-02-23 20:28:00,FBIO
1.655,1.66,1.655,1.66,600,2022-02-23 20:29:00,FBIO
1.66,1.66,1.655,1.66,1000,2022-02-23 20:30:00,FBIO
1.655,1.655,1.655,1.655,1300,2022-02-23 20:31:00,FBIO
1.655,1.655,1.655,1.655,2700,2022-02-23 20:32:00,FBIO
1.655,1.655,1.65,1.65,2485,2022-02-23 20:33:00,FBIO
1.655,1.655,1.64,1.64,14762,2022-02-23 20:34:00,FBIO
1.645,1.645,1.64,1.645,1300,2022-02-23 20:35:00,FBIO
1.645,1.645,1.645,1.645,800,2022-02-23 20:36:00,FBIO
1.645,1.6469,1.64,1.645,1241,2022-02-23 20:37:00,FBIO
1.645,1.645,1.64,1.645,900,2022-02-23 20:38:00,FBIO
1.645,1.645,1.645,1.645,800,2022-02-23 20:39:00,FBIO
1.645,1.645,1.64,1.645,1472,2022-02-23 20:40:00,FBIO
1.645,1.645,1.64,1.645,1100,2022-02-23 20:41:00,FBIO
1.645,1.645,1.64,1.64,1464,2022-02-23 20:42:00,FBIO
1.645,1.645,1.64,1.645,1700,2022-02-23 20:43:00,FBIO
1.645,1.645,1.64,1.645,1400,2022-02-23 20:44:00,FBIO
1.645,1.645,1.64,1.645,1400,2022-02-23 20:45:00,FBIO
1.645,1.645,1.64,1.64,3500,2022-02-23 20:46:00,FBIO
1.64,1.645,1.64,1.64,1795,2022-02-23 20:47:00,FBIO
1.64,1.6469,1.64,1.645,2635,2022-02-23 20:48:00,FBIO
1.645,1.645,1.64,1.645,6083,2022-02-23 20:49:00,FBIO
1.64,1.64,1.63,1.635,7820,2022-02-23 20:50:00,FBIO
1.63,1.635,1.63,1.635,2400,2022-02-23 20:51:00,FBIO
1.635,1.635,1.63,1.635,11837,2022-02-23 20:52:00,FBIO
1.635,1.635,1.63,1.635,4133,2022-02-23 20:53:00,FBIO
1.635,1.635,1.63,1.635,2100,2022-02-23 20:54:00,FBIO
1.635,1.635,1.63,1.635,6236,2022-02-23 20:55:00,FBIO
1.635,1.635,1.63,1.635,12284,2022-02-23 20:56:00,FBIO
1.635,1.64,1.63,1.64,17303,2022-02-23 20:57:00,FBIO
1.64,1.65,1.635,1.65,16568,2022-02-23 20:58:00,FBIO
1.65,1.65,1.63,1.64,18365,2022-02-23 20:59:00,FBIO
1.63,1.63,1.63,1.63,33836,2022-02-23 21:00:00,FBIO
1.63,1.63,1.63,1.63,127,2022-02-23 21:01:00,FBIO
1.62,1.62,1.62,1.62,378,2022-02-23 21:37:00,FBIO
1.58,1.58,1.58,1.58,100,2022-02-24 12:44:00,FBIO
1.57,1.57,1.56,1.56,200,2022-02-24 12:54:00,FBIO
1.55,1.55,1.54,1.54,300,2022-02-24 12:55:00,FBIO
1.54,1.54,1.54,1.54,2500,2022-02-24 13:36:00,FBIO
1.54,1.54,1.54,1.54,226,2022-02-24 13:56:00,FBIO
1.55,1.55,1.55,1.55,1200,2022-02-24 13:58:00,FBIO
1.55,1.55,1.55,1.55,7900,2022-02-24 14:16:00,FBIO
1.55,1.59,1.55,1.59,8155,2022-02-24 14:30:00,FBIO
1.56,1.59,1.56,1.57,1650,2022-02-24 14:31:00,FBIO
1.58,1.6,1.57,1.6,5197,2022-02-24 14:32:00,FBIO
1.6,1.61,1.57,1.61,1050,2022-02-24 14:33:00,FBIO
1.605,1.605,1.59,1.59,989,2022-02-24 14:34:00,FBIO
1.6,1.6,1.595,1.5975,600,2022-02-24 14:35:00,FBIO
1.6,1.61,1.59,1.605,5379,2022-02-24 14:37:00,FBIO
1.6,1.605,1.595,1.595,1771,2022-02-24 14:38:00,FBIO
1.595,1.595,1.58,1.58,3040,2022-02-24 14:40:00,FBIO
1.575,1.575,1.57,1.57,3600,2022-02-24 14:41:00,FBIO
1.5706,1.5706,1.57,1.57,300,2022-02-24 14:43:00,FBIO
1.575,1.575,1.575,1.575,100,2022-02-24 14:44:00,FBIO
1.5708,1.5708,1.5708,1.5708,254,2022-02-24 14:45:00,FBIO
1.575,1.575,1.575,1.575,100,2022-02-24 14:46:00,FBIO
1.575,1.575,1.575,1.575,100,2022-02-24 14:47:00,FBIO
1.5799,1.58,1.57,1.58,4045,2022-02-24 14:49:00,FBIO
1.58,1.58,1.575,1.5791,2300,2022-02-24 14:50:00,FBIO
1.58,1.58,1.5716,1.58,1700,2022-02-24 14:51:00,FBIO
1.575,1.575,1.57,1.57,200,2022-02-24 14:55:00,FBIO
1.575,1.58,1.57,1.58,3490,2022-02-24 14:57:00,FBIO
1.5717,1.5717,1.5717,1.5717,600,2022-02-24 14:59:00,FBIO
1.57,1.57,1.57,1.57,1000,2022-02-24 15:01:00,FBIO
1.565,1.565,1.565,1.565,100,2022-02-24 15:02:00,FBIO
1.56,1.565,1.56,1.56,600,2022-02-24 15:05:00,FBIO
1.565,1.565,1.56,1.56,300,2022-02-24 15:07:00,FBIO
1.565,1.58,1.565,1.58,3800,2022-02-24 15:10:00,FBIO
1.575,1.58,1.57,1.58,3600,2022-02-24 15:12:00,FBIO
1.575,1.58,1.57,1.575,3551,2022-02-24 15:13:00,FBIO
1.575,1.575,1.57,1.575,5576,2022-02-24 15:15:00,FBIO
1.575,1.575,1.575,1.575,200,2022-02-24 15:16:00,FBIO
1.575,1.59,1.575,1.585,6779,2022-02-24 15:17:00,FBIO
1.585,1.585,1.585,1.585,600,2022-02-24 15:18:00,FBIO
1.59,1.595,1.585,1.59,2681,2022-02-24 15:19:00,FBIO
1.595,1.595,1.595,1.595,200,2022-02-24 15:20:00,FBIO
1.595,1.595,1.59,1.59,930,2022-02-24 15:22:00,FBIO
1.595,1.595,1.585,1.59,8634,2022-02-24 15:23:00,FBIO
1.58,1.59,1.58,1.5875,3459,2022-02-24 15:25:00,FBIO
1.585,1.585,1.58,1.58,1600,2022-02-24 15:27:00,FBIO
1.58,1.58,1.58,1.58,667,2022-02-24 15:28:00,FBIO
1.585,1.585,1.585,1.585,400,2022-02-24 15:29:00,FBIO
1.58,1.59,1.58,1.58,8500,2022-02-24 15:30:00,FBIO
1.58,1.585,1.58,1.585,1100,2022-02-24 15:31:00,FBIO
1.585,1.5872,1.585,1.5872,413,2022-02-24 15:32:00,FBIO
1.585,1.585,1.585,1.585,500,2022-02-24 15:33:00,FBIO
1.585,1.585,1.585,1.585,100,2022-02-24 15:35:00,FBIO
1.585,1.585,1.58,1.58,2000,2022-02-24 15:36:00,FBIO
1.585,1.585,1.57,1.575,8867,2022-02-24 15:37:00,FBIO
1.575,1.575,1.56,1.565,5554,2022-02-24 15:40:00,FBIO
1.565,1.565,1.565,1.565,200,2022-02-24 15:42:00,FBIO
1.565,1.565,1.565,1.565,100,2022-02-24 15:45:00,FBIO
1.57,1.58,1.565,1.57,3821,2022-02-24 15:47:00,FBIO
1.58,1.58,1.57,1.58,1167,2022-02-24 15:48:00,FBIO
1.575,1.58,1.575,1.58,235,2022-02-24 15:51:00,FBIO
1.575,1.575,1.575,1.575,300,2022-02-24 15:53:00,FBIO
1.57,1.575,1.57,1.575,300,2022-02-24 15:54:00,FBIO
1.575,1.575,1.575,1.575,200,2022-02-24 15:55:00,FBIO
1.57,1.575,1.57,1.57,300,2022-02-24 15:56:00,FBIO
1.57,1.57,1.57,1.57,100,2022-02-24 15:58:00,FBIO
1.575,1.575,1.575,1.575,100,2022-02-24 15:59:00,FBIO
1.575,1.575,1.575,1.575,100,2022-02-24 16:00:00,FBIO
1.575,1.59,1.575,1.585,5610,2022-02-24 16:01:00,FBIO
1.585,1.585,1.585,1.585,100,2022-02-24 16:02:00,FBIO
1.58,1.585,1.57,1.57,11557,2022-02-24 16:03:00,FBIO
1.575,1.58,1.57,1.575,2200,2022-02-24 16:04:00,FBIO
1.575,1.575,1.575,1.575,100,2022-02-24 16:05:00,FBIO
1.5778,1.5778,1.575,1.575,300,2022-02-24 16:06:00,FBIO
1.575,1.575,1.575,1.575,570,2022-02-24 16:07:00,FBIO
1.575,1.575,1.575,1.575,100,2022-02-24 16:08:00,FBIO
1.575,1.575,1.575,1.575,100,2022-02-24 16:09:00,FBIO
1.57,1.575,1.57,1.575,200,2022-02-24 16:11:00,FBIO
1.578,1.578,1.578,1.578,500,2022-02-24 16:13:00,FBIO
1.575,1.575,1.575,1.575,100,2022-02-24 16:14:00,FBIO
1.575,1.575,1.57,1.57,500,2022-02-24 16:16:00,FBIO
1.575,1.575,1.575,1.575,200,2022-02-24 16:17:00,FBIO
1.575,1.575,1.575,1.575,700,2022-02-24 16:18:00,FBIO
1.575,1.575,1.575,1.575,100,2022-02-24 16:22:00,FBIO
1.575,1.575,1.575,1.575,200,2022-02-24 16:23:00,FBIO
1.575,1.575,1.575,1.575,133,2022-02-24 16:24:00,FBIO
1.575,1.575,1.575,1.575,100,2022-02-24 16:25:00,FBIO
1.57,1.575,1.57,1.575,300,2022-02-24 16:27:00,FBIO
1.575,1.575,1.575,1.575,200,2022-02-24 16:30:00,FBIO
1.575,1.575,1.575,1.575,100,2022-02-24 16:31:00,FBIO
1.575,1.575,1.575,1.575,100,2022-02-24 16:32:00,FBIO
1.575,1.575,1.575,1.575,200,2022-02-24 16:33:00,FBIO
1.57,1.57,1.57,1.57,150,2022-02-24 16:34:00,FBIO
1.575,1.58,1.57,1.58,13702,2022-02-24 16:35:00,FBIO
1.575,1.575,1.575,1.575,100,2022-02-24 16:36:00,FBIO
1.575,1.575,1.575,1.575,300,2022-02-24 16:37:00,FBIO
1.57,1.575,1.57,1.575,300,2022-02-24 16:38:00,FBIO
1.57,1.57,1.57,1.57,100,2022-02-24 16:39:00,FBIO
1.575,1.575,1.575,1.575,100,2022-02-24 16:40:00,FBIO
1.57,1.58,1.57,1.57,4640,2022-02-24 16:44:00,FBIO
1.57,1.57,1.57,1.57,200,2022-02-24 16:45:00,FBIO
1.575,1.58,1.57,1.57,8450,2022-02-24 16:48:00,FBIO
1.58,1.58,1.57,1.575,13959,2022-02-24 16:49:00,FBIO
1.575,1.575,1.575,1.575,170,2022-02-24 16:51:00,FBIO
1.57,1.58,1.57,1.58,500,2022-02-24 16:52:00,FBIO
1.575,1.575,1.57,1.575,500,2022-02-24 16:53:00,FBIO
1.575,1.575,1.575,1.575,100,2022-02-24 16:54:00,FBIO
1.57,1.57,1.57,1.57,100,2022-02-24 16:55:00,FBIO
1.575,1.575,1.575,1.575,400,2022-02-24 16:56:00,FBIO
1.575,1.58,1.575,1.58,500,2022-02-24 16:59:00,FBIO
1.575,1.575,1.575,1.575,1634,2022-02-24 17:00:00,FBIO
1.575,1.575,1.575,1.575,100,2022-02-24 17:01:00,FBIO
1.575,1.575,1.575,1.575,2132,2022-02-24 17:02:00,FBIO
1.57,1.57,1.57,1.57,100,2022-02-24 17:03:00,FBIO
1.575,1.575,1.575,1.575,200,2022-02-24 17:05:00,FBIO
1.5728,1.5728,1.5728,1.5728,100,2022-02-24 17:10:00,FBIO
1.575,1.575,1.575,1.575,200,2022-02-24 17:11:00,FBIO
1.57,1.58,1.57,1.57,4078,2022-02-24 17:13:00,FBIO
1.57,1.575,1.57,1.575,944,2022-02-24 17:14:00,FBIO
1.57,1.575,1.57,1.57,1829,2022-02-24 17:15:00,FBIO
1.57,1.57,1.565,1.565,5162,2022-02-24 17:16:00,FBIO
1.565,1.565,1.565,1.565,500,2022-02-24 17:17:00,FBIO
1.565,1.565,1.565,1.565,100,2022-02-24 17:18:00,FBIO
1.57,1.57,1.565,1.565,2744,2022-02-24 17:19:00,FBIO
1.57,1.575,1.57,1.575,500,2022-02-24 17:20:00,FBIO
1.575,1.575,1.575,1.575,100,2022-02-24 17:23:00,FBIO
1.575,1.575,1.575,1.575,100,2022-02-24 17:26:00,FBIO
1.575,1.575,1.575,1.575,600,2022-02-24 17:27:00,FBIO
1.575,1.575,1.575,1.575,100,2022-02-24 17:28:00,FBIO
1.575,1.575,1.575,1.575,200,2022-02-24 17:29:00,FBIO
1.575,1.575,1.575,1.575,500,2022-02-24 17:30:00,FBIO
1.575,1.575,1.575,1.575,100,2022-02-24 17:31:00,FBIO
1.5719,1.58,1.5719,1.58,2134,2022-02-24 17:32:00,FBIO
1.575,1.575,1.5726,1.575,400,2022-02-24 17:33:00,FBIO
1.575,1.58,1.575,1.58,1482,2022-02-24 17:34:00,FBIO
1.575,1.575,1.575,1.575,200,2022-02-24 17:37:00,FBIO
1.575,1.58,1.575,1.575,7397,2022-02-24 17:38:00,FBIO
1.575,1.58,1.575,1.575,2400,2022-02-24 17:39:00,FBIO
1.575,1.58,1.575,1.58,300,2022-02-24 17:40:00,FBIO
1.575,1.575,1.575,1.575,1224,2022-02-24 17:41:00,FBIO
1.575,1.575,1.575,1.575,100,2022-02-24 17:42:00,FBIO
1.575,1.58,1.575,1.58,300,2022-02-24 17:44:00,FBIO
1.575,1.575,1.575,1.575,100,2022-02-24 17:45:00,FBIO
1.578,1.58,1.578,1.58,735,2022-02-24 17:48:00,FBIO
1.575,1.58,1.575,1.575,400,2022-02-24 17:50:00,FBIO
1.575,1.58,1.57,1.57,300,2022-02-24 17:52:00,FBIO
1.57,1.57,1.57,1.57,100,2022-02-24 17:55:00,FBIO
1.575,1.59,1.575,1.585,8580,2022-02-24 17:56:00,FBIO
1.585,1.59,1.585,1.59,200,2022-02-24 17:57:00,FBIO
1.585,1.585,1.585,1.585,163,2022-02-24 17:58:00,FBIO
1.585,1.59,1.585,1.585,400,2022-02-24 17:59:00,FBIO
1.585,1.59,1.585,1.59,200,2022-02-24 18:02:00,FBIO
1.59,1.59,1.585,1.585,500,2022-02-24 18:04:00,FBIO
1.59,1.59,1.58,1.59,15926,2022-02-24 18:05:00,FBIO
1.585,1.585,1.585,1.585,2700,2022-02-24 18:06:00,FBIO
1.59,1.59,1.585,1.585,500,2022-02-24 18:07:00,FBIO
1.585,1.59,1.585,1.585,400,2022-02-24 18:08:00,FBIO
1.585,1.585,1.585,1.585,100,2022-02-24 18:09:00,FBIO
1.59,1.59,1.59,1.59,100,2022-02-24 18:10:00,FBIO
1.585,1.585,1.585,1.585,100,2022-02-24 18:13:00,FBIO
1.585,1.585,1.585,1.585,200,2022-02-24 18:14:00,FBIO
1.58,1.58,1.58,1.58,100,2022-02-24 18:17:00,FBIO
1.585,1.59,1.585,1.585,7000,2022-02-24 18:18:00,FBIO
1.585,1.59,1.585,1.59,1508,2022-02-24 18:19:00,FBIO
1.585,1.59,1.585,1.59,400,2022-02-24 18:20:00,FBIO
1.585,1.59,1.585,1.585,698,2022-02-24 18:21:00,FBIO
1.585,1.585,1.585,1.585,300,2022-02-24 18:22:00,FBIO
1.585,1.585,1.585,1.585,369,2022-02-24 18:23:00,FBIO
1.585,1.585,1.585,1.585,400,2022-02-24 18:26:00,FBIO
1.585,1.59,1.585,1.585,1475,2022-02-24 18:28:00,FBIO
1.585,1.585,1.585,1.585,300,2022-02-24 18:30:00,FBIO
1.585,1.59,1.58,1.58,1800,2022-02-24 18:31:00,FBIO
1.585,1.59,1.585,1.585,500,2022-02-24 18:32:00,FBIO
1.585,1.6,1.585,1.6,7866,2022-02-24 18:33:00,FBIO
1.595,1.595,1.595,1.595,100,2022-02-24 18:35:00,FBIO
1.595,1.6,1.595,1.595,500,2022-02-24 18:36:00,FBIO
1.595,1.595,1.595,1.595,200,2022-02-24 18:38:00,FBIO
1.6,1.6,1.595,1.595,910,2022-02-24 18:40:00,FBIO
1.595,1.5975,1.595,1.595,528,2022-02-24 18:41:00,FBIO
1.595,1.6,1.595,1.6,1136,2022-02-24 18:43:00,FBIO
1.595,1.595,1.595,1.595,100,2022-02-24 18:44:00,FBIO
1.595,1.6,1.595,1.6,200,2022-02-24 18:45:00,FBIO
1.595,1.6,1.595,1.595,6123,2022-02-24 18:46:00,FBIO
1.595,1.6,1.595,1.595,1312,2022-02-24 18:47:00,FBIO
1.6,1.6,1.6,1.6,100,2022-02-24 18:48:00,FBIO
1.595,1.6275,1.595,1.6275,21764,2022-02-24 18:49:00,FBIO
1.625,1.625,1.625,1.625,400,2022-02-24 18:50:00,FBIO
1.625,1.625,1.625,1.625,100,2022-02-24 18:51:00,FBIO
1.62,1.62,1.61,1.6199,7439,2022-02-24 18:54:00,FBIO
1.61,1.61,1.61,1.61,200,2022-02-24 18:55:00,FBIO
1.6119,1.6119,1.6119,1.6119,619,2022-02-24 18:56:00,FBIO
1.61,1.61,1.61,1.61,100,2022-02-24 18:57:00,FBIO
1.61,1.61,1.61,1.61,1028,2022-02-24 18:58:00,FBIO
1.61,1.61,1.6,1.6,3100,2022-02-24 18:59:00,FBIO
1.605,1.605,1.605,1.605,100,2022-02-24 19:03:00,FBIO
1.605,1.605,1.605,1.605,200,2022-02-24 19:05:00,FBIO
1.6,1.6,1.6,1.6,100,2022-02-24 19:06:00,FBIO
1.6,1.6,1.6,1.6,100,2022-02-24 19:08:00,FBIO
1.6,1.6,1.6,1.6,100,2022-02-24 19:09:00,FBIO
1.6,1.605,1.6,1.605,700,2022-02-24 19:10:00,FBIO
1.6,1.6,1.6,1.6,100,2022-02-24 19:11:00,FBIO
1.605,1.615,1.605,1.615,5400,2022-02-24 19:13:00,FBIO
1.615,1.62,1.615,1.615,300,2022-02-24 19:14:00,FBIO
1.6199,1.6199,1.615,1.615,1400,2022-02-24 19:15:00,FBIO
1.615,1.615,1.615,1.615,100,2022-02-24 19:16:00,FBIO
1.615,1.615,1.615,1.615,200,2022-02-24 19:17:00,FBIO
1.615,1.615,1.615,1.615,200,2022-02-24 19:18:00,FBIO
1.615,1.615,1.615,1.615,300,2022-02-24 19:19:00,FBIO
1.615,1.615,1.615,1.615,100,2022-02-24 19:21:00,FBIO
1.615,1.615,1.615,1.615,200,2022-02-24 19:26:00,FBIO
1.615,1.615,1.615,1.615,100,2022-02-24 19:27:00,FBIO
1.615,1.615,1.615,1.615,200,2022-02-24 19:28:00,FBIO
1.615,1.615,1.615,1.615,300,2022-02-24 19:29:00,FBIO
1.61,1.615,1.61,1.615,900,2022-02-24 19:30:00,FBIO
1.61,1.62,1.61,1.62,400,2022-02-24 19:31:00,FBIO
1.615,1.615,1.615,1.615,100,2022-02-24 19:32:00,FBIO
1.615,1.62,1.615,1.615,300,2022-02-24 19:33:00,FBIO
1.615,1.63,1.615,1.63,5730,2022-02-24 19:34:00,FBIO
1.625,1.64,1.625,1.635,10499,2022-02-24 19:35:00,FBIO
1.64,1.6475,1.635,1.645,8400,2022-02-24 19:36:00,FBIO
1.645,1.645,1.645,1.645,900,2022-02-24 19:37:00,FBIO
1.645,1.65,1.645,1.65,300,2022-02-24 19:40:00,FBIO
1.645,1.645,1.645,1.645,100,2022-02-24 19:41:00,FBIO
1.64,1.64,1.64,1.64,100,2022-02-24 19:42:00,FBIO
1.64,1.64,1.64,1.64,100,2022-02-24 19:43:00,FBIO
1.645,1.65,1.645,1.65,2229,2022-02-24 19:44:00,FBIO
1.645,1.65,1.645,1.65,500,2022-02-24 19:45:00,FBIO
1.645,1.645,1.645,1.645,700,2022-02-24 19:46:00,FBIO
1.645,1.645,1.64,1.64,200,2022-02-24 19:47:00,FBIO
1.65,1.66,1.645,1.655,9512,2022-02-24 19:48:00,FBIO
1.655,1.66,1.655,1.66,200,2022-02-24 19:49:00,FBIO
1.65,1.66,1.65,1.66,500,2022-02-24 19:50:00,FBIO
1.65,1.65,1.65,1.65,200,2022-02-24 19:51:00,FBIO
1.65,1.66,1.65,1.655,2790,2022-02-24 19:52:00,FBIO
1.655,1.655,1.655,1.655,200,2022-02-24 19:54:00,FBIO
1.65,1.65,1.64,1.645,13000,2022-02-24 19:55:00,FBIO
1.65,1.65,1.645,1.65,3100,2022-02-24 19:56:00,FBIO
1.6499,1.65,1.645,1.65,1000,2022-02-24 19:57:00,FBIO
1.65,1.65,1.6482,1.6482,700,2022-02-24 19:58:00,FBIO
1.645,1.645,1.645,1.645,100,2022-02-24 19:59:00,FBIO
1.65,1.65,1.65,1.65,200,2022-02-24 20:00:00,FBIO
1.65,1.67,1.65,1.67,4700,2022-02-24 20:02:00,FBIO
1.67,1.67,1.665,1.67,400,2022-02-24 20:04:00,FBIO
1.67,1.67,1.67,1.67,100,2022-02-24 20:05:00,FBIO
1.665,1.67,1.665,1.67,300,2022-02-24 20:07:00,FBIO
1.67,1.68,1.67,1.68,1785,2022-02-24 20:08:00,FBIO
1.68,1.68,1.675,1.675,300,2022-02-24 20:09:00,FBIO
1.68,1.68,1.675,1.68,400,2022-02-24 20:10:00,FBIO
1.68,1.68,1.68,1.68,200,2022-02-24 20:11:00,FBIO
1.675,1.68,1.675,1.68,200,2022-02-24 20:13:00,FBIO
1.68,1.69,1.68,1.69,2498,2022-02-24 20:14:00,FBIO
1.685,1.69,1.68,1.68,900,2022-02-24 20:15:00,FBIO
1.68,1.6875,1.68,1.68,2500,2022-02-24 20:16:00,FBIO
1.68,1.685,1.68,1.685,500,2022-02-24 20:17:00,FBIO
1.685,1.69,1.68,1.6875,2400,2022-02-24 20:18:00,FBIO
1.685,1.69,1.685,1.69,200,2022-02-24 20:19:00,FBIO
1.68,1.68,1.68,1.68,300,2022-02-24 20:20:00,FBIO
1.685,1.685,1.68,1.68,600,2022-02-24 20:21:00,FBIO
1.685,1.69,1.68,1.6875,800,2022-02-24 20:22:00,FBIO
1.685,1.685,1.685,1.685,100,2022-02-24 20:23:00,FBIO
1.68,1.69,1.68,1.69,200,2022-02-24 20:25:00,FBIO
1.685,1.69,1.685,1.69,400,2022-02-24 20:28:00,FBIO
1.68,1.69,1.68,1.69,300,2022-02-24 20:29:00,FBIO
1.685,1.69,1.685,1.69,500,2022-02-24 20:30:00,FBIO
1.69,1.69,1.68,1.69,2102,2022-02-24 20:31:00,FBIO
1.685,1.69,1.685,1.685,700,2022-02-24 20:32:00,FBIO
1.69,1.69,1.68,1.69,975,2022-02-24 20:33:00,FBIO
1.685,1.69,1.685,1.69,1349,2022-02-24 20:34:00,FBIO
1.685,1.69,1.685,1.69,600,2022-02-24 20:36:00,FBIO
1.68,1.69,1.68,1.69,300,2022-02-24 20:37:00,FBIO
1.68,1.69,1.68,1.68,400,2022-02-24 20:38:00,FBIO
1.685,1.685,1.685,1.685,200,2022-02-24 20:39:00,FBIO
1.69,1.69,1.69,1.69,200,2022-02-24 20:41:00,FBIO
1.685,1.685,1.685,1.685,100,2022-02-24 20:42:00,FBIO
1.685,1.685,1.685,1.685,100,2022-02-24 20:43:00,FBIO
1.688,1.69,1.685,1.69,1185,2022-02-24 20:44:00,FBIO
1.685,1.685,1.685,1.685,300,2022-02-24 20:45:00,FBIO
1.6872,1.69,1.685,1.69,525,2022-02-24 20:46:00,FBIO
1.685,1.69,1.68,1.6875,1550,2022-02-24 20:47:00,FBIO
1.69,1.69,1.685,1.685,300,2022-02-24 20:48:00,FBIO
1.685,1.69,1.685,1.685,896,2022-02-24 20:49:00,FBIO
1.69,1.7,1.69,1.695,4921,2022-02-24 20:50:00,FBIO
1.7,1.7,1.7,1.7,300,2022-02-24 20:51:00,FBIO
1.7,1.7,1.7,1.7,800,2022-02-24 20:52:00,FBIO
1.7,1.7,1.7,1.7,200,2022-02-24 20:53:00,FBIO
1.7,1.7,1.695,1.695,1032,2022-02-24 20:54:00,FBIO
1.7,1.7,1.695,1.7,5529,2022-02-24 20:55:00,FBIO
1.7,1.7,1.695,1.7,800,2022-02-24 20:56:00,FBIO
1.695,1.71,1.695,1.71,8008,2022-02-24 20:57:00,FBIO
1.71,1.71,1.7,1.705,3752,2022-02-24 20:58:00,FBIO
1.7,1.71,1.7,1.7,9310,2022-02-24 20:59:00,FBIO
1.7,1.7,1.7,1.7,24815,2022-02-24 21:00:00,FBIO
1.73,1.73,1.73,1.73,500,2022-02-24 21:36:00,FBIO
1.7,1.7,1.7,1.7,3282,2022-02-24 21:54:00,FBIO
1.72,1.73,1.7,1.72,3273,2022-02-25 14:30:00,FBIO
1.72,1.75,1.71,1.7425,7811,2022-02-25 14:31:00,FBIO
1.735,1.75,1.735,1.75,500,2022-02-25 14:33:00,FBIO
1.75,1.76,1.75,1.76,628,2022-02-25 14:34:00,FBIO
1.76,1.76,1.735,1.735,1000,2022-02-25 14:35:00,FBIO
1.731,1.731,1.731,1.731,200,2022-02-25 14:36:00,FBIO
1.735,1.735,1.73,1.73,1200,2022-02-25 14:37:00,FBIO
1.73,1.73,1.72,1.72,426,2022-02-25 14:38:00,FBIO
1.72,1.73,1.72,1.725,1800,2022-02-25 14:40:00,FBIO
1.72,1.725,1.72,1.72,500,2022-02-25 14:41:00,FBIO
1.72,1.72,1.715,1.715,900,2022-02-25 14:43:00,FBIO
1.72,1.72,1.72,1.72,320,2022-02-25 14:45:00,FBIO
1.72,1.72,1.72,1.72,200,2022-02-25 14:48:00,FBIO
1.72,1.72,1.705,1.72,3116,2022-02-25 14:49:00,FBIO
1.72,1.72,1.72,1.72,100,2022-02-25 14:51:00,FBIO
1.7175,1.7175,1.7175,1.7175,300,2022-02-25 14:53:00,FBIO
1.715,1.715,1.715,1.715,100,2022-02-25 14:54:00,FBIO
1.71,1.715,1.71,1.71,700,2022-02-25 14:56:00,FBIO
1.705,1.705,1.705,1.705,100,2022-02-25 14:59:00,FBIO
1.705,1.705,1.7,1.705,700,2022-02-25 15:00:00,FBIO
1.705,1.7175,1.69,1.71,15295,2022-02-25 15:01:00,FBIO
1.705,1.705,1.705,1.705,100,2022-02-25 15:02:00,FBIO
1.705,1.705,1.7,1.7,449,2022-02-25 15:03:00,FBIO
1.7,1.705,1.695,1.695,900,2022-02-25 15:04:00,FBIO
1.691,1.691,1.691,1.691,600,2022-02-25 15:05:00,FBIO
1.69,1.69,1.69,1.69,100,2022-02-25 15:07:00,FBIO
1.695,1.695,1.695,1.695,200,2022-02-25 15:10:00,FBIO
1.7,1.7,1.69,1.69,2688,2022-02-25 15:11:00,FBIO
1.69,1.69,1.69,1.69,100,2022-02-25 15:14:00,FBIO
1.69,1.69,1.69,1.69,100,2022-02-25 15:15:00,FBIO
1.69,1.695,1.69,1.69,708,2022-02-25 15:16:00,FBIO
1.695,1.695,1.695,1.695,100,2022-02-25 15:18:00,FBIO
1.695,1.695,1.695,1.695,100,2022-02-25 15:20:00,FBIO
1.695,1.695,1.695,1.695,100,2022-02-25 15:21:00,FBIO
1.69,1.6999,1.69,1.6999,2400,2022-02-25 15:25:00,FBIO
1.695,1.695,1.695,1.695,100,2022-02-25 15:27:00,FBIO
1.695,1.695,1.69,1.69,8571,2022-02-25 15:29:00,FBIO
1.69,1.7,1.69,1.7,2727,2022-02-25 15:30:00,FBIO
1.7,1.7,1.7,1.7,400,2022-02-25 15:32:00,FBIO
1.7,1.7,1.7,1.7,1100,2022-02-25 15:33:00,FBIO
1.7,1.7,1.691,1.7,3892,2022-02-25 15:34:00,FBIO
1.695,1.695,1.695,1.695,100,2022-02-25 15:35:00,FBIO
1.7,1.7,1.7,1.7,400,2022-02-25 15:36:00,FBIO
1.7,1.7,1.695,1.7,2273,2022-02-25 15:40:00,FBIO
1.7,1.7,1.7,1.7,100,2022-02-25 15:41:00,FBIO
1.7,1.71,1.7,1.71,1174,2022-02-25 15:43:00,FBIO
1.71,1.72,1.71,1.72,1385,2022-02-25 15:47:00,FBIO
1.72,1.72,1.72,1.72,400,2022-02-25 15:48:00,FBIO
1.72,1.72,1.72,1.72,200,2022-02-25 15:50:00,FBIO
1.72,1.72,1.72,1.72,200,2022-02-25 15:51:00,FBIO
1.7179,1.7179,1.7179,1.7179,100,2022-02-25 15:56:00,FBIO
1.715,1.715,1.715,1.715,100,2022-02-25 15:58:00,FBIO
1.715,1.72,1.715,1.72,200,2022-02-25 15:59:00,FBIO
1.7175,1.7175,1.7175,1.7175,634,2022-02-25 16:00:00,FBIO
1.715,1.7175,1.715,1.7175,200,2022-02-25 16:01:00,FBIO
1.715,1.72,1.715,1.72,1069,2022-02-25 16:03:00,FBIO
1.71,1.71,1.71,1.71,200,2022-02-25 16:04:00,FBIO
1.715,1.72,1.715,1.72,200,2022-02-25 16:05:00,FBIO
1.72,1.72,1.72,1.72,233,2022-02-25 16:06:00,FBIO
1.7175,1.7175,1.7175,1.7175,100,2022-02-25 16:07:00,FBIO
1.715,1.715,1.715,1.715,100,2022-02-25 16:09:00,FBIO
1.72,1.73,1.72,1.73,2517,2022-02-25 16:12:00,FBIO
1.725,1.725,1.725,1.725,100,2022-02-25 16:13:00,FBIO
1.7282,1.73,1.7282,1.73,700,2022-02-25 16:16:00,FBIO
1.73,1.73,1.73,1.73,300,2022-02-25 16:19:00,FBIO
1.73,1.73,1.73,1.73,200,2022-02-25 16:20:00,FBIO
1.725,1.725,1.725,1.725,100,2022-02-25 16:21:00,FBIO
1.73,1.73,1.725,1.725,200,2022-02-25 16:23:00,FBIO
1.725,1.725,1.725,1.725,100,2022-02-25 16:27:00,FBIO
1.72,1.72,1.72,1.72,100,2022-02-25 16:30:00,FBIO
1.73,1.73,1.725,1.725,300,2022-02-25 16:31:00,FBIO
1.725,1.73,1.725,1.73,300,2022-02-25 16:32:00,FBIO
1.725,1.725,1.725,1.725,100,2022-02-25 16:35:00,FBIO
1.725,1.725,1.71,1.72,5558,2022-02-25 16:37:00,FBIO
1.71,1.71,1.71,1.71,100,2022-02-25 16:38:00,FBIO
1.71,1.71,1.71,1.71,100,2022-02-25 16:45:00,FBIO
1.71,1.71,1.71,1.71,100,2022-02-25 16:47:00,FBIO
1.71,1.71,1.71,1.71,100,2022-02-25 16:51:00,FBIO
1.72,1.72,1.715,1.715,2202,2022-02-25 16:52:00,FBIO
1.715,1.72,1.715,1.72,500,2022-02-25 16:53:00,FBIO
1.715,1.715,1.71,1.71,200,2022-02-25 16:56:00,FBIO
1.715,1.72,1.715,1.72,300,2022-02-25 17:01:00,FBIO
1.71,1.71,1.71,1.71,100,2022-02-25 17:04:00,FBIO
1.71,1.71,1.71,1.71,100,2022-02-25 17:05:00,FBIO
1.71,1.71,1.71,1.71,100,2022-02-25 17:08:00,FBIO
1.71,1.71,1.71,1.71,100,2022-02-25 17:10:00,FBIO
1.71,1.71,1.705,1.71,5918,2022-02-25 17:11:00,FBIO
1.7,1.71,1.7,1.705,306,2022-02-25 17:12:00,FBIO
1.7,1.7,1.7,1.7,100,2022-02-25 17:14:00,FBIO
1.705,1.705,1.705,1.705,100,2022-02-25 17:16:00,FBIO
1.705,1.71,1.705,1.71,400,2022-02-25 17:17:00,FBIO
1.705,1.71,1.7,1.71,12714,2022-02-25 17:18:00,FBIO
1.7,1.7,1.7,1.7,100,2022-02-25 17:20:00,FBIO
1.7,1.71,1.7,1.71,200,2022-02-25 17:23:00,FBIO
1.7,1.7,1.7,1.7,100,2022-02-25 17:27:00,FBIO
1.7005,1.71,1.7,1.71,1071,2022-02-25 17:31:00,FBIO
1.7,1.7,1.7,1.7,100,2022-02-25 17:33:00,FBIO
1.7,1.7,1.7,1.7,100,2022-02-25 17:34:00,FBIO
1.7,1.71,1.7,1.7,1291,2022-02-25 17:38:00,FBIO
1.7,1.7,1.695,1.695,982,2022-02-25 17:39:00,FBIO
1.695,1.695,1.69,1.69,400,2022-02-25 17:40:00,FBIO
1.69,1.69,1.69,1.69,400,2022-02-25 17:41:00,FBIO
1.69,1.69,1.69,1.69,300,2022-02-25 17:42:00,FBIO
1.69,1.69,1.69,1.69,100,2022-02-25 17:43:00,FBIO
1.69,1.695,1.69,1.69,562,2022-02-25 17:45:00,FBIO
1.69,1.69,1.69,1.69,300,2022-02-25 17:46:00,FBIO
1.69,1.69,1.69,1.69,200,2022-02-25 17:47:00,FBIO
1.69,1.69,1.69,1.69,400,2022-02-25 17:48:00,FBIO
1.69,1.69,1.68,1.68,1200,2022-02-25 17:50:00,FBIO
1.68,1.68,1.68,1.68,400,2022-02-25 17:51:00,FBIO
1.68,1.68,1.68,1.68,200,2022-02-25 17:52:00,FBIO
1.68,1.68,1.68,1.68,500,2022-02-25 17:53:00,FBIO
1.68,1.68,1.67,1.675,6543,2022-02-25 17:54:00,FBIO
1.67,1.68,1.67,1.68,768,2022-02-25 17:55:00,FBIO
1.675,1.675,1.67,1.67,200,2022-02-25 17:56:00,FBIO
1.67,1.68,1.67,1.67,300,2022-02-25 17:57:00,FBIO
1.67,1.68,1.67,1.68,1900,2022-02-25 17:58:00,FBIO
1.675,1.69,1.675,1.69,7430,2022-02-25 17:59:00,FBIO
1.685,1.685,1.685,1.685,100,2022-02-25 18:00:00,FBIO
1.685,1.69,1.685,1.69,712,2022-02-25 18:01:00,FBIO
1.69,1.69,1.69,1.69,100,2022-02-25 18:07:00,FBIO
1.69,1.69,1.69,1.69,100,2022-02-25 18:11:00,FBIO
1.6822,1.685,1.6822,1.685,301,2022-02-25 18:15:00,FBIO
1.68,1.69,1.68,1.685,500,2022-02-25 18:17:00,FBIO
1.68,1.69,1.68,1.68,400,2022-02-25 18:18:00,FBIO
1.69,1.69,1.685,1.685,386,2022-02-25 18:19:00,FBIO
1.68,1.69,1.68,1.68,500,2022-02-25 18:20:00,FBIO
1.68,1.69,1.68,1.68,300,2022-02-25 18:21:00,FBIO
1.68,1.68,1.68,1.68,100,2022-02-25 18:22:00,FBIO
1.68,1.69,1.68,1.69,200,2022-02-25 18:23:00,FBIO
1.68,1.685,1.68,1.685,200,2022-02-25 18:24:00,FBIO
1.68,1.69,1.68,1.685,400,2022-02-25 18:25:00,FBIO
1.68,1.69,1.68,1.69,500,2022-02-25 18:26:00,FBIO
1.68,1.68,1.68,1.68,100,2022-02-25 18:27:00,FBIO
1.68,1.69,1.68,1.68,400,2022-02-25 18:28:00,FBIO
1.685,1.69,1.685,1.69,1100,2022-02-25 18:29:00,FBIO
1.685,1.69,1.685,1.685,2203,2022-02-25 18:30:00,FBIO
1.685,1.69,1.68,1.69,2200,2022-02-25 18:31:00,FBIO
1.685,1.69,1.68,1.685,3147,2022-02-25 18:32:00,FBIO
1.6887,1.7,1.685,1.7,9565,2022-02-25 18:41:00,FBIO
1.7,1.7,1.7,1.7,803,2022-02-25 18:42:00,FBIO
1.699,1.7,1.699,1.7,1400,2022-02-25 18:43:00,FBIO
1.695,1.7,1.695,1.7,600,2022-02-25 18:45:00,FBIO
1.7,1.7,1.695,1.695,652,2022-02-25 18:46:00,FBIO
1.695,1.695,1.695,1.695,100,2022-02-25 18:51:00,FBIO
1.695,1.7,1.695,1.695,300,2022-02-25 18:53:00,FBIO
1.695,1.7,1.695,1.7,300,2022-02-25 18:54:00,FBIO
1.695,1.695,1.695,1.695,200,2022-02-25 18:57:00,FBIO
1.69,1.7,1.69,1.7,200,2022-02-25 19:00:00,FBIO
1.695,1.695,1.695,1.695,100,2022-02-25 19:01:00,FBIO
1.695,1.695,1.695,1.695,100,2022-02-25 19:03:00,FBIO
1.695,1.7,1.695,1.7,1528,2022-02-25 19:05:00,FBIO
1.695,1.7,1.695,1.7,430,2022-02-25 19:06:00,FBIO
1.69,1.69,1.69,1.69,100,2022-02-25 19:10:00,FBIO
1.7,1.7,1.7,1.7,247,2022-02-25 19:14:00,FBIO
1.695,1.695,1.695,1.695,100,2022-02-25 19:19:00,FBIO
1.69,1.7,1.69,1.7,5670,2022-02-25 19:20:00,FBIO
1.71,1.71,1.705,1.705,1500,2022-02-25 19:21:00,FBIO
1.705,1.71,1.705,1.71,300,2022-02-25 19:26:00,FBIO
1.7,1.71,1.7,1.71,300,2022-02-25 19:29:00,FBIO
1.7,1.71,1.7,1.71,700,2022-02-25 19:32:00,FBIO
1.7092,1.71,1.7,1.705,1288,2022-02-25 19:33:00,FBIO
1.705,1.71,1.7,1.7,300,2022-02-25 19:35:00,FBIO
1.7,1.71,1.7,1.71,1575,2022-02-25 19:36:00,FBIO
1.705,1.71,1.705,1.705,400,2022-02-25 19:37:00,FBIO
1.7,1.71,1.7,1.71,200,2022-02-25 19:38:00,FBIO
1.7,1.7,1.7,1.7,200,2022-02-25 19:39:00,FBIO
1.71,1.71,1.7,1.7,300,2022-02-25 19:40:00,FBIO
1.71,1.71,1.7,1.71,8059,2022-02-25 19:41:00,FBIO
1.71,1.71,1.7014,1.71,3672,2022-02-25 19:42:00,FBIO
1.705,1.71,1.705,1.71,300,2022-02-25 19:47:00,FBIO
1.705,1.71,1.705,1.705,400,2022-02-25 19:54:00,FBIO
1.7,1.7,1.7,1.7,100,2022-02-25 19:57:00,FBIO
1.7,1.71,1.7,1.71,300,2022-02-25 20:01:00,FBIO
1.7,1.71,1.7,1.71,5286,2022-02-25 20:02:00,FBIO
1.7,1.71,1.7,1.71,800,2022-02-25 20:04:00,FBIO
1.7,1.71,1.7,1.7,500,2022-02-25 20:05:00,FBIO
1.71,1.71,1.7,1.71,500,2022-02-25 20:06:00,FBIO
1.705,1.71,1.705,1.71,200,2022-02-25 20:07:00,FBIO
1.705,1.71,1.705,1.71,600,2022-02-25 20:08:00,FBIO
1.71,1.72,1.71,1.72,5426,2022-02-25 20:09:00,FBIO
1.72,1.72,1.72,1.72,100,2022-02-25 20:10:00,FBIO
1.72,1.72,1.72,1.72,300,2022-02-25 20:11:00,FBIO
1.72,1.72,1.72,1.72,100,2022-02-25 20:12:00,FBIO
1.72,1.72,1.72,1.72,200,2022-02-25 20:13:00,FBIO
1.72,1.72,1.715,1.715,200,2022-02-25 20:14:00,FBIO
1.72,1.72,1.715,1.715,300,2022-02-25 20:15:00,FBIO
1.72,1.72,1.72,1.72,100,2022-02-25 20:16:00,FBIO
1.72,1.72,1.72,1.72,100,2022-02-25 20:17:00,FBIO
1.72,1.72,1.72,1.72,200,2022-02-25 20:18:00,FBIO
1.715,1.72,1.71,1.72,800,2022-02-25 20:19:00,FBIO
1.719,1.72,1.715,1.72,300,2022-02-25 20:20:00,FBIO
1.71,1.72,1.71,1.72,300,2022-02-25 20:21:00,FBIO
1.71,1.72,1.71,1.71,1000,2022-02-25 20:22:00,FBIO
1.72,1.72,1.71,1.71,400,2022-02-25 20:23:00,FBIO
1.72,1.72,1.71,1.72,300,2022-02-25 20:24:00,FBIO
1.715,1.72,1.71,1.72,500,2022-02-25 20:25:00,FBIO
1.715,1.72,1.71,1.72,400,2022-02-25 20:26:00,FBIO
1.71,1.72,1.71,1.715,400,2022-02-25 20:27:00,FBIO
1.71,1.72,1.71,1.72,1100,2022-02-25 20:28:00,FBIO
1.715,1.72,1.71,1.715,500,2022-02-25 20:29:00,FBIO
1.72,1.72,1.71,1.72,842,2022-02-25 20:30:00,FBIO
1.72,1.72,1.72,1.72,400,2022-02-25 20:31:00,FBIO
1.72,1.72,1.71,1.715,800,2022-02-25 20:32:00,FBIO
1.72,1.72,1.71,1.72,500,2022-02-25 20:33:00,FBIO
1.72,1.72,1.71,1.71,900,2022-02-25 20:34:00,FBIO
1.72,1.72,1.71,1.71,300,2022-02-25 20:35:00,FBIO
1.72,1.72,1.71,1.72,800,2022-02-25 20:36:00,FBIO
1.71,1.72,1.71,1.71,845,2022-02-25 20:37:00,FBIO
1.72,1.72,1.71,1.71,900,2022-02-25 20:38:00,FBIO
1.715,1.715,1.71,1.71,1000,2022-02-25 20:39:00,FBIO
1.715,1.72,1.71,1.72,1100,2022-02-25 20:40:00,FBIO
1.72,1.72,1.715,1.72,700,2022-02-25 20:41:00,FBIO
1.72,1.72,1.71,1.715,400,2022-02-25 20:42:00,FBIO
1.715,1.72,1.71,1.71,2862,2022-02-25 20:43:00,FBIO
1.715,1.72,1.71,1.71,1469,2022-02-25 20:44:00,FBIO
1.715,1.72,1.71,1.715,1000,2022-02-25 20:45:00,FBIO
1.715,1.72,1.71,1.71,900,2022-02-25 20:46:00,FBIO
1.715,1.72,1.71,1.71,3800,2022-02-25 20:47:00,FBIO
1.71,1.715,1.71,1.715,800,2022-02-25 20:48:00,FBIO
1.71,1.715,1.71,1.715,2100,2022-02-25 20:49:00,FBIO
1.71,1.72,1.71,1.71,1300,2022-02-25 20:50:00,FBIO
1.71,1.715,1.71,1.715,1500,2022-02-25 20:51:00,FBIO
1.71,1.72,1.71,1.72,1949,2022-02-25 20:52:00,FBIO
1.715,1.72,1.71,1.715,2200,2022-02-25 20:53:00,FBIO
1.71,1.72,1.71,1.71,2200,2022-02-25 20:54:00,FBIO
1.72,1.72,1.71,1.71,2175,2022-02-25 20:55:00,FBIO
1.71,1.715,1.709,1.71,17940,2022-02-25 20:56:00,FBIO
1.71,1.72,1.71,1.71,4073,2022-02-25 20:57:00,FBIO
1.71,1.72,1.71,1.71,6200,2022-02-25 20:58:00,FBIO
1.715,1.72,1.7,1.7167,16117,2022-02-25 20:59:00,FBIO
1.71,1.71,1.71,1.71,18917,2022-02-25 21:00:00,FBIO
1.72,1.72,1.72,1.72,150,2022-02-25 21:01:00,FBIO
1.73,1.73,1.73,1.73,100,2022-02-25 21:59:00,FBIO
