open,high,low,close,volume,datetime,symbol
41.87,42.29,41.61,42.29,7052,2022-06-01 13:30:00,EVBG
42.25,42.45,42.25,42.45,700,2022-06-01 13:31:00,EVBG
42.43,42.43,42.06,42.2,2118,2022-06-01 13:32:00,EVBG
42.29,42.29,42.05,42.05,950,2022-06-01 13:33:00,EVBG
42.34,42.34,42.34,42.34,200,2022-06-01 13:34:00,EVBG
42.41,42.41,42.24,42.24,800,2022-06-01 13:35:00,EVBG
42.57,42.57,42.33,42.33,300,2022-06-01 13:37:00,EVBG
42.385,42.385,42.385,42.385,100,2022-06-01 13:38:00,EVBG
42.43,42.5,42.14,42.19,6588,2022-06-01 13:40:00,EVBG
42.02,42.155,42.02,42.155,500,2022-06-01 13:41:00,EVBG
42.06,42.265,42.06,42.265,300,2022-06-01 13:44:00,EVBG
42.305,42.32,42.16,42.32,400,2022-06-01 13:45:00,EVBG
42.47,42.47,42.47,42.47,100,2022-06-01 13:46:00,EVBG
42.76,42.76,42.76,42.76,838,2022-06-01 13:47:00,EVBG
42.965,42.965,42.965,42.965,100,2022-06-01 13:50:00,EVBG
42.965,42.965,42.8,42.8,600,2022-06-01 13:51:00,EVBG
42.7535,42.7535,42.55,42.55,400,2022-06-01 13:52:00,EVBG
42.63,42.63,42.26,42.35,5740,2022-06-01 13:53:00,EVBG
42.25,42.44,42.25,42.44,1057,2022-06-01 13:54:00,EVBG
42.5,42.532,42.37,42.435,2197,2022-06-01 13:57:00,EVBG
42.43,42.43,42.43,42.43,100,2022-06-01 13:58:00,EVBG
42.5,42.57,42.5,42.57,1700,2022-06-01 13:59:00,EVBG
42.5,42.5,42.26,42.36,1318,2022-06-01 14:00:00,EVBG
42.395,42.395,42.395,42.395,200,2022-06-01 14:01:00,EVBG
42.445,42.445,42.445,42.445,100,2022-06-01 14:02:00,EVBG
42.45,42.45,42.425,42.425,400,2022-06-01 14:03:00,EVBG
42.39,42.39,42.39,42.39,400,2022-06-01 14:04:00,EVBG
42.33,42.33,42.17,42.22,400,2022-06-01 14:05:00,EVBG
42.15,42.15,42.08,42.08,380,2022-06-01 14:06:00,EVBG
42.135,42.135,42.135,42.135,100,2022-06-01 14:07:00,EVBG
42.12,42.175,42.1,42.1599,702,2022-06-01 14:08:00,EVBG
42.02,42.03,41.8744,41.8744,500,2022-06-01 14:12:00,EVBG
41.93,41.93,41.93,41.93,100,2022-06-01 14:13:00,EVBG
42.02,42.05,42.02,42.05,400,2022-06-01 14:14:00,EVBG
41.98,41.98,41.79,41.82,700,2022-06-01 14:15:00,EVBG
41.75,41.81,41.69,41.7,600,2022-06-01 14:16:00,EVBG
41.61,41.61,41.61,41.61,100,2022-06-01 14:18:00,EVBG
41.71,41.72,41.505,41.505,600,2022-06-01 14:19:00,EVBG
41.595,41.655,41.59,41.655,600,2022-06-01 14:21:00,EVBG
41.66,41.74,41.66,41.74,1300,2022-06-01 14:22:00,EVBG
41.665,41.695,41.61,41.61,700,2022-06-01 14:24:00,EVBG
41.57,41.595,41.545,41.57,1500,2022-06-01 14:26:00,EVBG
41.57,41.68,41.57,41.66,1100,2022-06-01 14:27:00,EVBG
41.69,41.7,41.69,41.7,200,2022-06-01 14:30:00,EVBG
41.65,41.65,41.62,41.62,400,2022-06-01 14:31:00,EVBG
41.57,41.57,41.57,41.57,300,2022-06-01 14:32:00,EVBG
41.44,41.44,41.44,41.44,100,2022-06-01 14:33:00,EVBG
41.5,41.5,41.5,41.5,400,2022-06-01 14:34:00,EVBG
41.38,41.415,41.38,41.415,200,2022-06-01 14:35:00,EVBG
41.3274,41.3274,41.3274,41.3274,109,2022-06-01 14:37:00,EVBG
41.46,41.5,41.46,41.5,400,2022-06-01 14:38:00,EVBG
41.42,41.49,41.34,41.47,3803,2022-06-01 14:39:00,EVBG
41.5,41.555,41.5,41.51,676,2022-06-01 14:40:00,EVBG
41.47,41.55,41.4,41.55,2000,2022-06-01 14:42:00,EVBG
41.5,41.5,41.44,41.44,1100,2022-06-01 14:43:00,EVBG
41.53,41.53,41.53,41.53,100,2022-06-01 14:44:00,EVBG
41.36,41.48,41.36,41.48,202,2022-06-01 14:45:00,EVBG
41.49,41.5,41.44,41.44,800,2022-06-01 14:46:00,EVBG
41.42,41.42,41.42,41.42,100,2022-06-01 14:47:00,EVBG
41.425,41.425,41.31,41.365,800,2022-06-01 14:48:00,EVBG
41.31,41.31,41.245,41.245,400,2022-06-01 14:49:00,EVBG
41.2,41.27,41.19,41.27,600,2022-06-01 14:50:00,EVBG
41.26,41.26,41.25,41.25,200,2022-06-01 14:51:00,EVBG
41.36,41.41,41.29,41.365,1042,2022-06-01 14:52:00,EVBG
41.44,41.505,41.42,41.46,600,2022-06-01 14:53:00,EVBG
41.62,41.71,41.57,41.58,700,2022-06-01 14:54:00,EVBG
41.66,41.665,41.6,41.665,356,2022-06-01 14:55:00,EVBG
41.665,41.685,41.58,41.58,1300,2022-06-01 14:56:00,EVBG
41.57,41.57,41.54,41.565,400,2022-06-01 14:57:00,EVBG
41.51,41.56,41.48,41.535,2450,2022-06-01 14:58:00,EVBG
41.48,41.48,41.4,41.43,700,2022-06-01 14:59:00,EVBG
41.43,41.49,41.39,41.39,1485,2022-06-01 15:00:00,EVBG
41.4,41.4,41.38,41.38,600,2022-06-01 15:01:00,EVBG
41.37,41.395,41.33,41.33,500,2022-06-01 15:02:00,EVBG
41.375,41.375,41.375,41.375,300,2022-06-01 15:03:00,EVBG
41.445,41.45,41.39,41.39,1500,2022-06-01 15:04:00,EVBG
41.43,41.43,41.43,41.43,200,2022-06-01 15:05:00,EVBG
41.41,41.41,41.34,41.385,400,2022-06-01 15:06:00,EVBG
41.32,41.32,41.29,41.29,200,2022-06-01 15:07:00,EVBG
41.22,41.25,41.205,41.205,396,2022-06-01 15:08:00,EVBG
41.245,41.25,41.13,41.2,600,2022-06-01 15:10:00,EVBG
41.21,41.21,41.16,41.16,200,2022-06-01 15:11:00,EVBG
41.195,41.2,41.195,41.2,500,2022-06-01 15:12:00,EVBG
41.195,41.32,41.195,41.31,3898,2022-06-01 15:14:00,EVBG
41.33,41.33,41.22,41.22,500,2022-06-01 15:15:00,EVBG
41.25,41.25,41.12,41.12,3200,2022-06-01 15:16:00,EVBG
41.12,41.12,41.03,41.055,500,2022-06-01 15:17:00,EVBG
41.08,41.28,41.08,41.15,11310,2022-06-01 15:18:00,EVBG
41.12,41.12,41.12,41.12,200,2022-06-01 15:19:00,EVBG
41.08,41.08,40.97,40.98,1600,2022-06-01 15:20:00,EVBG
40.97,41.07,40.95,40.995,1900,2022-06-01 15:21:00,EVBG
40.995,40.995,40.985,40.99,1000,2022-06-01 15:23:00,EVBG
40.93,40.96,40.93,40.96,400,2022-06-01 15:24:00,EVBG
40.905,41.0,40.905,40.985,700,2022-06-01 15:25:00,EVBG
41.03,41.03,41.0199,41.0199,200,2022-06-01 15:26:00,EVBG
41.03,41.07,41.03,41.07,500,2022-06-01 15:28:00,EVBG
41.01,41.01,41.0,41.0,852,2022-06-01 15:30:00,EVBG
41.06,41.09,41.03,41.03,300,2022-06-01 15:31:00,EVBG
41.11,41.11,41.08,41.08,300,2022-06-01 15:32:00,EVBG
41.07,41.07,41.04,41.04,500,2022-06-01 15:33:00,EVBG
41.06,41.06,41.06,41.06,100,2022-06-01 15:34:00,EVBG
41.05,41.05,40.99,41.03,1800,2022-06-01 15:35:00,EVBG
41.09,41.09,41.09,41.09,100,2022-06-01 15:36:00,EVBG
41.07,41.07,41.05,41.05,200,2022-06-01 15:37:00,EVBG
41.08,41.09,41.07,41.09,600,2022-06-01 15:38:00,EVBG
41.1,41.1,41.05,41.065,400,2022-06-01 15:39:00,EVBG
41.07,41.07,41.04,41.04,200,2022-06-01 15:41:00,EVBG
41.07,41.13,41.0,41.13,1400,2022-06-01 15:42:00,EVBG
41.165,41.17,41.0925,41.0925,1000,2022-06-01 15:44:00,EVBG
41.135,41.2,41.135,41.2,2100,2022-06-01 15:45:00,EVBG
41.23,41.23,41.1,41.125,1800,2022-06-01 15:47:00,EVBG
41.13,41.16,41.13,41.16,600,2022-06-01 15:48:00,EVBG
41.14,41.14,41.11,41.11,649,2022-06-01 15:49:00,EVBG
41.02,41.02,41.02,41.02,100,2022-06-01 15:50:00,EVBG
41.05,41.09,41.05,41.09,900,2022-06-01 15:52:00,EVBG
41.055,41.06,41.055,41.06,600,2022-06-01 15:53:00,EVBG
41.1,41.15,41.0547,41.0547,2238,2022-06-01 15:54:00,EVBG
41.071,41.071,41.05,41.05,1100,2022-06-01 15:55:00,EVBG
41.01,41.03,41.0,41.03,800,2022-06-01 15:57:00,EVBG
40.99,41.0,40.95,41.0,6311,2022-06-01 15:58:00,EVBG
40.985,40.985,40.985,40.985,200,2022-06-01 15:59:00,EVBG
41.0,41.04,40.995,41.0,2511,2022-06-01 16:00:00,EVBG
40.96,40.96,40.96,40.96,100,2022-06-01 16:02:00,EVBG
40.96,40.96,40.93,40.93,700,2022-06-01 16:03:00,EVBG
40.91,40.91,40.775,40.835,2707,2022-06-01 16:04:00,EVBG
40.88,40.94,40.88,40.94,500,2022-06-01 16:05:00,EVBG
40.9,40.91,40.9,40.91,200,2022-06-01 16:06:00,EVBG
40.91,40.91,40.91,40.91,100,2022-06-01 16:07:00,EVBG
40.98,40.98,40.98,40.98,100,2022-06-01 16:08:00,EVBG
40.88,40.88,40.88,40.88,300,2022-06-01 16:09:00,EVBG
40.84,40.84,40.715,40.73,1233,2022-06-01 16:10:00,EVBG
40.78,40.8,40.78,40.8,200,2022-06-01 16:11:00,EVBG
40.78,40.78,40.765,40.765,500,2022-06-01 16:12:00,EVBG
40.78,40.83,40.78,40.83,300,2022-06-01 16:13:00,EVBG
40.95,40.96,40.95,40.96,600,2022-06-01 16:15:00,EVBG
41.09,41.09,41.03,41.03,600,2022-06-01 16:16:00,EVBG
41.0,41.019,40.955,40.955,600,2022-06-01 16:17:00,EVBG
40.94,40.95,40.9,40.9,500,2022-06-01 16:18:00,EVBG
40.92,40.97,40.92,40.97,600,2022-06-01 16:19:00,EVBG
40.9699,40.97,40.9699,40.97,273,2022-06-01 16:20:00,EVBG
40.95,40.97,40.95,40.97,300,2022-06-01 16:22:00,EVBG
40.95,40.95,40.95,40.95,100,2022-06-01 16:23:00,EVBG
40.93,40.93,40.93,40.93,100,2022-06-01 16:25:00,EVBG
40.93,40.97,40.92,40.92,1000,2022-06-01 16:26:00,EVBG
40.915,40.92,40.915,40.92,500,2022-06-01 16:27:00,EVBG
40.92,40.92,40.915,40.915,500,2022-06-01 16:28:00,EVBG
40.88,40.88,40.86,40.86,400,2022-06-01 16:29:00,EVBG
40.825,40.825,40.77,40.82,1000,2022-06-01 16:30:00,EVBG
40.87,40.88,40.87,40.88,300,2022-06-01 16:31:00,EVBG
40.91,40.91,40.875,40.91,500,2022-06-01 16:32:00,EVBG
40.955,40.955,40.955,40.955,100,2022-06-01 16:33:00,EVBG
40.9,40.9,40.9,40.9,100,2022-06-01 16:34:00,EVBG
40.91,40.91,40.91,40.91,200,2022-06-01 16:35:00,EVBG
40.925,40.925,40.925,40.925,100,2022-06-01 16:36:00,EVBG
40.92,40.92,40.92,40.92,100,2022-06-01 16:37:00,EVBG
40.87,40.91,40.79,40.87,1103,2022-06-01 16:38:00,EVBG
40.86,40.87,40.86,40.87,400,2022-06-01 16:39:00,EVBG
40.86,40.865,40.86,40.865,963,2022-06-01 16:40:00,EVBG
40.88,40.89,40.8332,40.84,681,2022-06-01 16:41:00,EVBG
40.78,40.79,40.755,40.755,300,2022-06-01 16:42:00,EVBG
40.8,40.81,40.8,40.81,200,2022-06-01 16:43:00,EVBG
40.72,40.72,40.72,40.72,100,2022-06-01 16:45:00,EVBG
40.68,40.68,40.67,40.67,200,2022-06-01 16:47:00,EVBG
40.52,40.56,40.5,40.56,800,2022-06-01 16:50:00,EVBG
40.51,40.51,40.51,40.51,100,2022-06-01 16:51:00,EVBG
40.52,40.65,40.52,40.65,2400,2022-06-01 16:52:00,EVBG
40.7,40.7,40.7,40.7,300,2022-06-01 16:54:00,EVBG
40.75,40.75,40.73,40.73,400,2022-06-01 16:55:00,EVBG
40.725,40.82,40.725,40.81,408,2022-06-01 16:56:00,EVBG
40.77,40.77,40.77,40.77,400,2022-06-01 16:57:00,EVBG
40.72,40.72,40.72,40.72,100,2022-06-01 16:58:00,EVBG
40.73,40.73,40.73,40.73,100,2022-06-01 16:59:00,EVBG
40.72,40.8,40.72,40.8,800,2022-06-01 17:00:00,EVBG
40.81,40.86,40.81,40.85,400,2022-06-01 17:01:00,EVBG
40.83,40.83,40.83,40.83,100,2022-06-01 17:02:00,EVBG
40.886,40.886,40.886,40.886,1000,2022-06-01 17:03:00,EVBG
40.83,40.89,40.83,40.89,700,2022-06-01 17:06:00,EVBG
40.91,40.96,40.88,40.88,800,2022-06-01 17:08:00,EVBG
40.85,40.9,40.85,40.9,400,2022-06-01 17:09:00,EVBG
40.94,40.94,40.94,40.94,100,2022-06-01 17:10:00,EVBG
41.0,41.05,40.94,41.05,600,2022-06-01 17:11:00,EVBG
40.98,41.02,40.98,40.995,500,2022-06-01 17:12:00,EVBG
40.995,40.995,40.96,40.975,899,2022-06-01 17:13:00,EVBG
40.89,40.96,40.89,40.91,503,2022-06-01 17:14:00,EVBG
40.96,40.96,40.96,40.96,102,2022-06-01 17:15:00,EVBG
40.89,40.89,40.89,40.89,100,2022-06-01 17:16:00,EVBG
40.8601,40.95,40.8601,40.95,219,2022-06-01 17:17:00,EVBG
40.85,40.9,40.83,40.83,676,2022-06-01 17:18:00,EVBG
40.86,40.86,40.86,40.86,100,2022-06-01 17:20:00,EVBG
40.87,40.94,40.86,40.86,1100,2022-06-01 17:21:00,EVBG
40.77,40.79,40.76,40.76,300,2022-06-01 17:23:00,EVBG
40.74,40.74,40.74,40.74,132,2022-06-01 17:24:00,EVBG
40.76,40.76,40.76,40.76,100,2022-06-01 17:25:00,EVBG
40.78,40.78,40.78,40.78,100,2022-06-01 17:27:00,EVBG
40.795,40.795,40.71,40.71,1396,2022-06-01 17:30:00,EVBG
40.74,40.8,40.74,40.8,300,2022-06-01 17:32:00,EVBG
40.8,40.8,40.77,40.77,200,2022-06-01 17:33:00,EVBG
40.85,40.88,40.85,40.88,300,2022-06-01 17:34:00,EVBG
40.9,40.9,40.9,40.9,200,2022-06-01 17:36:00,EVBG
40.99,40.99,40.97,40.97,700,2022-06-01 17:38:00,EVBG
40.93,40.96,40.9,40.96,500,2022-06-01 17:41:00,EVBG
40.84,40.95,40.84,40.95,200,2022-06-01 17:42:00,EVBG
41.0,41.0,41.0,41.0,100,2022-06-01 17:43:00,EVBG
40.92,40.92,40.92,40.92,200,2022-06-01 17:44:00,EVBG
40.91,40.91,40.84,40.86,500,2022-06-01 17:45:00,EVBG
40.83,40.83,40.83,40.83,100,2022-06-01 17:46:00,EVBG
40.89,40.89,40.855,40.89,500,2022-06-01 17:47:00,EVBG
40.85,40.85,40.755,40.755,300,2022-06-01 17:48:00,EVBG
40.77,40.82,40.77,40.82,1000,2022-06-01 17:49:00,EVBG
40.82,40.82,40.805,40.805,300,2022-06-01 17:50:00,EVBG
40.8,40.8,40.8,40.8,100,2022-06-01 17:54:00,EVBG
40.765,40.79,40.765,40.79,300,2022-06-01 17:55:00,EVBG
40.855,40.855,40.855,40.855,100,2022-06-01 17:56:00,EVBG
40.92,40.92,40.92,40.92,100,2022-06-01 17:57:00,EVBG
40.92,40.92,40.9,40.915,300,2022-06-01 17:58:00,EVBG
40.92,40.945,40.85,40.85,1200,2022-06-01 17:59:00,EVBG
40.855,40.855,40.855,40.855,100,2022-06-01 18:00:00,EVBG
40.8,40.81,40.79,40.79,400,2022-06-01 18:02:00,EVBG
40.87,40.87,40.83,40.83,200,2022-06-01 18:03:00,EVBG
40.83,40.9,40.79,40.85,1000,2022-06-01 18:04:00,EVBG
40.81,40.9,40.81,40.8675,801,2022-06-01 18:05:00,EVBG
40.85,40.85,40.82,40.82,300,2022-06-01 18:06:00,EVBG
40.79,40.79,40.7,40.7,300,2022-06-01 18:07:00,EVBG
40.715,40.715,40.715,40.715,100,2022-06-01 18:08:00,EVBG
40.72,40.8,40.72,40.775,1010,2022-06-01 18:09:00,EVBG
40.74,40.74,40.74,40.74,100,2022-06-01 18:10:00,EVBG
40.655,40.655,40.655,40.655,100,2022-06-01 18:11:00,EVBG
40.725,40.725,40.715,40.715,400,2022-06-01 18:12:00,EVBG
40.72,40.72,40.72,40.72,400,2022-06-01 18:13:00,EVBG
40.75,40.81,40.75,40.805,700,2022-06-01 18:14:00,EVBG
40.76,40.8,40.74,40.77,1054,2022-06-01 18:15:00,EVBG
40.76,40.81,40.76,40.8,700,2022-06-01 18:16:00,EVBG
40.77,40.77,40.77,40.77,200,2022-06-01 18:17:00,EVBG
40.75,40.75,40.67,40.68,621,2022-06-01 18:18:00,EVBG
40.67,40.67,40.61,40.61,400,2022-06-01 18:19:00,EVBG
40.575,40.6,40.555,40.555,500,2022-06-01 18:20:00,EVBG
40.59,40.64,40.59,40.625,690,2022-06-01 18:21:00,EVBG
40.63,40.67,40.63,40.67,1624,2022-06-01 18:22:00,EVBG
40.69,40.89,40.69,40.89,1000,2022-06-01 18:23:00,EVBG
40.82,40.82,40.82,40.82,300,2022-06-01 18:24:00,EVBG
40.75,40.85,40.75,40.77,1100,2022-06-01 18:25:00,EVBG
40.815,40.85,40.8,40.81,1100,2022-06-01 18:26:00,EVBG
40.805,40.83,40.79,40.83,400,2022-06-01 18:27:00,EVBG
40.835,40.86,40.83,40.85,600,2022-06-01 18:28:00,EVBG
40.85,40.855,40.83,40.83,690,2022-06-01 18:29:00,EVBG
40.8301,40.85,40.83,40.83,300,2022-06-01 18:30:00,EVBG
40.82,40.88,40.82,40.84,3587,2022-06-01 18:31:00,EVBG
40.84,40.84,40.8,40.8,450,2022-06-01 18:32:00,EVBG
40.865,40.865,40.865,40.865,100,2022-06-01 18:33:00,EVBG
40.85,40.85,40.85,40.85,200,2022-06-01 18:34:00,EVBG
40.805,40.91,40.805,40.89,1570,2022-06-01 18:35:00,EVBG
40.88,40.905,40.88,40.905,500,2022-06-01 18:36:00,EVBG
40.95,40.99,40.95,40.96,670,2022-06-01 18:37:00,EVBG
40.97,40.97,40.96,40.96,343,2022-06-01 18:39:00,EVBG
40.96,40.98,40.96,40.97,538,2022-06-01 18:40:00,EVBG
41.005,41.005,41.005,41.005,100,2022-06-01 18:41:00,EVBG
41.015,41.04,40.99,40.99,1507,2022-06-01 18:42:00,EVBG
41.0,41.015,40.99,41.0,1400,2022-06-01 18:43:00,EVBG
41.03,41.03,40.97,41.0,982,2022-06-01 18:44:00,EVBG
41.02,41.02,41.02,41.02,300,2022-06-01 18:45:00,EVBG
41.04,41.04,41.03,41.03,500,2022-06-01 18:46:00,EVBG
41.06,41.1,41.06,41.1,800,2022-06-01 18:47:00,EVBG
41.1,41.1,41.08,41.08,1000,2022-06-01 18:48:00,EVBG
41.09,41.11,41.085,41.085,580,2022-06-01 18:49:00,EVBG
41.07,41.07,40.94,40.95,2392,2022-06-01 18:50:00,EVBG
40.95,40.97,40.935,40.97,1011,2022-06-01 18:51:00,EVBG
40.95,40.965,40.95,40.965,1140,2022-06-01 18:52:00,EVBG
40.99,40.995,40.93,40.93,617,2022-06-01 18:53:00,EVBG
40.9,40.9,40.855,40.87,500,2022-06-01 18:54:00,EVBG
40.875,40.9,40.8584,40.9,754,2022-06-01 18:55:00,EVBG
40.89,40.89,40.89,40.89,100,2022-06-01 18:56:00,EVBG
40.84,40.84,40.78,40.78,600,2022-06-01 18:57:00,EVBG
40.805,40.825,40.805,40.825,230,2022-06-01 18:58:00,EVBG
40.82,40.85,40.81,40.81,1300,2022-06-01 18:59:00,EVBG
40.82,40.82,40.78,40.78,700,2022-06-01 19:00:00,EVBG
40.785,40.82,40.785,40.82,500,2022-06-01 19:01:00,EVBG
40.815,40.825,40.78,40.78,1100,2022-06-01 19:02:00,EVBG
40.77,40.77,40.685,40.6868,998,2022-06-01 19:03:00,EVBG
40.7031,40.72,40.7031,40.72,327,2022-06-01 19:04:00,EVBG
40.75,40.75,40.745,40.745,400,2022-06-01 19:05:00,EVBG
40.75,40.75,40.75,40.75,300,2022-06-01 19:07:00,EVBG
40.76,40.76,40.72,40.74,400,2022-06-01 19:08:00,EVBG
40.755,40.755,40.755,40.755,500,2022-06-01 19:09:00,EVBG
40.75,40.765,40.74,40.765,546,2022-06-01 19:10:00,EVBG
40.74,40.77,40.74,40.745,600,2022-06-01 19:11:00,EVBG
40.78,40.82,40.78,40.82,900,2022-06-01 19:12:00,EVBG
40.82,40.91,40.82,40.91,1167,2022-06-01 19:13:00,EVBG
40.92,40.92,40.9,40.915,1305,2022-06-01 19:14:00,EVBG
40.89,40.89,40.85,40.85,1500,2022-06-01 19:15:00,EVBG
40.9,40.945,40.9,40.945,303,2022-06-01 19:16:00,EVBG
40.95,40.95,40.94,40.94,400,2022-06-01 19:17:00,EVBG
40.87,40.88,40.81,40.81,500,2022-06-01 19:18:00,EVBG
40.815,40.815,40.815,40.815,100,2022-06-01 19:19:00,EVBG
40.85,40.855,40.85,40.855,700,2022-06-01 19:20:00,EVBG
40.8,40.825,40.8,40.815,600,2022-06-01 19:21:00,EVBG
40.82,40.86,40.82,40.83,1015,2022-06-01 19:22:00,EVBG
40.94,40.94,40.875,40.875,814,2022-06-01 19:23:00,EVBG
40.84,40.84,40.83,40.83,200,2022-06-01 19:24:00,EVBG
40.8,40.8,40.765,40.795,1190,2022-06-01 19:25:00,EVBG
40.82,40.82,40.81,40.81,300,2022-06-01 19:26:00,EVBG
40.825,40.939,40.79,40.925,13777,2022-06-01 19:27:00,EVBG
40.92,40.975,40.92,40.925,2600,2022-06-01 19:29:00,EVBG
40.9,40.9,40.805,40.805,1100,2022-06-01 19:30:00,EVBG
40.78,40.78,40.73,40.733,2198,2022-06-01 19:31:00,EVBG
40.72,40.73,40.66,40.66,1079,2022-06-01 19:32:00,EVBG
40.67,40.68,40.63,40.675,518,2022-06-01 19:33:00,EVBG
40.585,40.61,40.585,40.61,500,2022-06-01 19:34:00,EVBG
40.52,40.52,40.515,40.515,200,2022-06-01 19:35:00,EVBG
40.54,40.61,40.54,40.583,1319,2022-06-01 19:36:00,EVBG
40.545,40.573,40.545,40.573,200,2022-06-01 19:37:00,EVBG
40.56,40.61,40.55,40.58,1900,2022-06-01 19:38:00,EVBG
40.58,40.62,40.57,40.62,1000,2022-06-01 19:39:00,EVBG
40.63,40.65,40.63,40.65,900,2022-06-01 19:40:00,EVBG
40.7,40.72,40.68,40.7,1400,2022-06-01 19:41:00,EVBG
40.72,40.8,40.72,40.8,17081,2022-06-01 19:42:00,EVBG
40.81,40.81,40.71,40.7225,2011,2022-06-01 19:43:00,EVBG
40.71,40.759,40.71,40.71,1632,2022-06-01 19:44:00,EVBG
40.695,40.695,40.645,40.65,500,2022-06-01 19:45:00,EVBG
40.65,40.65,40.61,40.63,900,2022-06-01 19:46:00,EVBG
40.63,40.67,40.63,40.67,400,2022-06-01 19:47:00,EVBG
40.65,40.67,40.635,40.635,983,2022-06-01 19:48:00,EVBG
40.635,40.67,40.61,40.61,2374,2022-06-01 19:49:00,EVBG
40.63,40.69,40.6,40.6,2471,2022-06-01 19:50:00,EVBG
40.63,40.65,40.6,40.61,2807,2022-06-01 19:51:00,EVBG
40.63,40.66,40.61,40.63,3785,2022-06-01 19:52:00,EVBG
40.6,40.6,40.525,40.525,2376,2022-06-01 19:53:00,EVBG
40.53,40.53,40.46,40.47,1704,2022-06-01 19:54:00,EVBG
40.48,40.54,40.46,40.52,4902,2022-06-01 19:55:00,EVBG
40.51,40.52,40.46,40.5,6050,2022-06-01 19:56:00,EVBG
40.48,40.53,40.48,40.51,5405,2022-06-01 19:57:00,EVBG
40.5,40.52,40.48,40.48,5562,2022-06-01 19:58:00,EVBG
40.49,40.53,40.48,40.49,7235,2022-06-01 19:59:00,EVBG
40.46,40.46,40.46,40.46,70866,2022-06-01 20:00:00,EVBG
40.46,40.47,39.9575,40.47,4275,2022-06-02 13:30:00,EVBG
40.44,40.44,40.44,40.44,100,2022-06-02 13:31:00,EVBG
40.69,40.69,40.69,40.69,100,2022-06-02 13:32:00,EVBG
40.78,40.78,40.765,40.765,200,2022-06-02 13:33:00,EVBG
40.8,40.8,40.785,40.785,300,2022-06-02 13:34:00,EVBG
40.755,40.755,40.755,40.755,100,2022-06-02 13:35:00,EVBG
40.99,40.99,40.79,40.81,1100,2022-06-02 13:36:00,EVBG
41.11,41.13,41.0925,41.0925,300,2022-06-02 13:38:00,EVBG
41.08,41.08,41.08,41.08,100,2022-06-02 13:39:00,EVBG
41.05,41.05,40.86,40.86,400,2022-06-02 13:40:00,EVBG
40.93,40.93,40.87,40.87,300,2022-06-02 13:41:00,EVBG
40.84,41.03,40.835,41.03,1200,2022-06-02 13:42:00,EVBG
41.05,41.1,40.88,41.085,3600,2022-06-02 13:43:00,EVBG
41.33,41.33,41.295,41.295,400,2022-06-02 13:44:00,EVBG
41.38,41.38,41.22,41.22,700,2022-06-02 13:45:00,EVBG
41.29,41.39,41.19,41.255,8584,2022-06-02 13:46:00,EVBG
41.33,41.34,41.25,41.33,1161,2022-06-02 13:47:00,EVBG
41.37,41.38,41.22,41.28,5372,2022-06-02 13:48:00,EVBG
41.26,41.59,41.25,41.53,7386,2022-06-02 13:49:00,EVBG
41.53,41.53,41.45,41.45,265,2022-06-02 13:50:00,EVBG
41.48,41.49,41.45,41.45,328,2022-06-02 13:51:00,EVBG
41.56,41.56,41.56,41.56,100,2022-06-02 13:52:00,EVBG
41.6,41.6,41.43,41.43,2257,2022-06-02 13:54:00,EVBG
41.34,41.34,41.34,41.34,100,2022-06-02 13:55:00,EVBG
41.095,41.1,41.095,41.1,200,2022-06-02 13:56:00,EVBG
41.02,41.095,41.02,41.064,893,2022-06-02 13:57:00,EVBG
41.06,41.13,41.06,41.13,200,2022-06-02 13:58:00,EVBG
41.2,41.265,41.2,41.265,200,2022-06-02 13:59:00,EVBG
41.25,41.34,41.25,41.34,300,2022-06-02 14:00:00,EVBG
41.44,41.53,41.44,41.5225,1000,2022-06-02 14:01:00,EVBG
41.46,41.525,41.46,41.525,300,2022-06-02 14:02:00,EVBG
41.5425,41.5425,41.44,41.4975,1307,2022-06-02 14:03:00,EVBG
41.46,41.525,41.425,41.525,1805,2022-06-02 14:04:00,EVBG
41.47,41.47,41.45,41.455,400,2022-06-02 14:05:00,EVBG
41.33,41.345,41.33,41.345,200,2022-06-02 14:06:00,EVBG
41.53,41.54,41.49,41.49,400,2022-06-02 14:07:00,EVBG
41.45,41.5,41.45,41.4825,900,2022-06-02 14:09:00,EVBG
41.49,41.53,41.47,41.495,600,2022-06-02 14:10:00,EVBG
41.5525,41.62,41.525,41.62,2419,2022-06-02 14:11:00,EVBG
41.725,41.81,41.725,41.81,300,2022-06-02 14:13:00,EVBG
41.78,41.78,41.74,41.74,509,2022-06-02 14:14:00,EVBG
41.78,41.85,41.775,41.775,1000,2022-06-02 14:15:00,EVBG
41.73,41.73,41.73,41.73,100,2022-06-02 14:17:00,EVBG
41.69,41.69,41.69,41.69,200,2022-06-02 14:18:00,EVBG
41.68,41.74,41.53,41.555,1047,2022-06-02 14:19:00,EVBG
41.39,41.39,41.31,41.31,300,2022-06-02 14:21:00,EVBG
41.295,41.315,41.295,41.315,300,2022-06-02 14:22:00,EVBG
41.35,41.36,41.35,41.36,462,2022-06-02 14:23:00,EVBG
41.3,41.3,41.3,41.3,100,2022-06-02 14:24:00,EVBG
41.21,41.36,41.21,41.36,1645,2022-06-02 14:26:00,EVBG
41.29,41.29,41.17,41.17,600,2022-06-02 14:27:00,EVBG
41.19,41.19,41.19,41.19,156,2022-06-02 14:29:00,EVBG
41.23,41.35,41.23,41.35,400,2022-06-02 14:30:00,EVBG
41.46,41.57,41.46,41.57,700,2022-06-02 14:32:00,EVBG
41.51,41.51,41.51,41.51,100,2022-06-02 14:33:00,EVBG
41.555,41.555,41.555,41.555,100,2022-06-02 14:34:00,EVBG
41.64,41.64,41.63,41.63,300,2022-06-02 14:35:00,EVBG
41.615,41.615,41.59,41.59,300,2022-06-02 14:36:00,EVBG
41.63,41.635,41.63,41.635,200,2022-06-02 14:37:00,EVBG
41.72,41.77,41.72,41.77,200,2022-06-02 14:38:00,EVBG
41.85,41.85,41.74,41.74,1000,2022-06-02 14:40:00,EVBG
41.75,41.75,41.75,41.75,314,2022-06-02 14:41:00,EVBG
41.71,41.74,41.68,41.68,920,2022-06-02 14:43:00,EVBG
41.725,41.725,41.7,41.7,600,2022-06-02 14:44:00,EVBG
41.76,41.76,41.76,41.76,100,2022-06-02 14:45:00,EVBG
41.685,41.71,41.66,41.66,1300,2022-06-02 14:46:00,EVBG
41.64,41.64,41.59,41.63,1000,2022-06-02 14:47:00,EVBG
41.625,41.67,41.625,41.67,1700,2022-06-02 14:48:00,EVBG
41.71,41.74,41.71,41.725,920,2022-06-02 14:49:00,EVBG
41.68,41.715,41.66,41.715,877,2022-06-02 14:50:00,EVBG
41.73,41.77,41.68,41.74,1189,2022-06-02 14:51:00,EVBG
41.7575,41.83,41.7575,41.79,1056,2022-06-02 14:52:00,EVBG
41.76,41.77,41.76,41.77,200,2022-06-02 14:53:00,EVBG
41.78,41.805,41.78,41.785,487,2022-06-02 14:54:00,EVBG
41.81,41.82,41.74,41.8,1381,2022-06-02 14:55:00,EVBG
41.8,41.81,41.79,41.79,500,2022-06-02 14:56:00,EVBG
41.71,41.73,41.69,41.705,1600,2022-06-02 14:57:00,EVBG
41.74,41.74,41.74,41.74,200,2022-06-02 14:58:00,EVBG
41.73,41.745,41.71,41.745,400,2022-06-02 14:59:00,EVBG
41.71,41.795,41.71,41.795,1853,2022-06-02 15:00:00,EVBG
41.8,41.84,41.8,41.82,795,2022-06-02 15:01:00,EVBG
41.79,41.91,41.79,41.88,4600,2022-06-02 15:02:00,EVBG
41.93,41.965,41.93,41.95,1006,2022-06-02 15:03:00,EVBG
41.98,41.98,41.945,41.96,1210,2022-06-02 15:04:00,EVBG
41.92,41.92,41.92,41.92,100,2022-06-02 15:05:00,EVBG
41.925,42.1099,41.925,42.1099,757,2022-06-02 15:06:00,EVBG
41.94,41.965,41.935,41.965,400,2022-06-02 15:07:00,EVBG
41.9203,42.015,41.9203,42.015,200,2022-06-02 15:08:00,EVBG
42.09,42.09,42.09,42.09,100,2022-06-02 15:09:00,EVBG
42.085,42.085,42.085,42.085,200,2022-06-02 15:10:00,EVBG
42.11,42.18,42.11,42.16,600,2022-06-02 15:11:00,EVBG
42.16,42.23,42.16,42.23,200,2022-06-02 15:12:00,EVBG
42.25,42.25,42.18,42.18,479,2022-06-02 15:13:00,EVBG
42.205,42.2225,42.205,42.2225,548,2022-06-02 15:14:00,EVBG
42.245,42.27,42.195,42.195,6700,2022-06-02 15:15:00,EVBG
42.195,42.2,42.18,42.18,7729,2022-06-02 15:16:00,EVBG
42.18,42.18,42.08,42.08,1700,2022-06-02 15:17:00,EVBG
42.095,42.095,42.095,42.095,200,2022-06-02 15:18:00,EVBG
42.04,42.04,41.98,41.98,387,2022-06-02 15:19:00,EVBG
41.97,42.01,41.97,41.98,600,2022-06-02 15:20:00,EVBG
41.945,42.01,41.945,41.99,400,2022-06-02 15:21:00,EVBG
41.965,41.99,41.9625,41.9625,300,2022-06-02 15:23:00,EVBG
42.03,42.03,42.03,42.03,100,2022-06-02 15:24:00,EVBG
42.0,42.0,41.9,41.9,432,2022-06-02 15:25:00,EVBG
41.945,42.01,41.945,41.95,1900,2022-06-02 15:26:00,EVBG
41.92,41.96,41.89,41.96,335,2022-06-02 15:27:00,EVBG
42.01,42.01,41.945,41.985,600,2022-06-02 15:29:00,EVBG
41.93,41.9411,41.93,41.9411,1458,2022-06-02 15:30:00,EVBG
41.94,42.01,41.94,42.01,944,2022-06-02 15:31:00,EVBG
42.03,42.03,41.995,41.995,200,2022-06-02 15:32:00,EVBG
42.13,42.13,42.13,42.13,100,2022-06-02 15:33:00,EVBG
42.15,42.2,42.15,42.1875,782,2022-06-02 15:34:00,EVBG
42.15,42.15,42.015,42.015,740,2022-06-02 15:35:00,EVBG
41.98,41.98,41.98,41.98,200,2022-06-02 15:36:00,EVBG
41.97,41.97,41.94,41.94,800,2022-06-02 15:37:00,EVBG
41.935,41.95,41.935,41.95,365,2022-06-02 15:38:00,EVBG
41.9,41.9,41.855,41.855,300,2022-06-02 15:40:00,EVBG
41.895,41.94,41.895,41.94,1797,2022-06-02 15:41:00,EVBG
41.91,41.97,41.86,41.93,2088,2022-06-02 15:43:00,EVBG
41.87,41.87,41.85,41.85,200,2022-06-02 15:44:00,EVBG
41.84,41.845,41.82,41.845,700,2022-06-02 15:45:00,EVBG
41.85,41.86,41.85,41.86,200,2022-06-02 15:46:00,EVBG
41.88,41.89,41.86,41.89,300,2022-06-02 15:47:00,EVBG
41.81,41.83,41.8,41.8,400,2022-06-02 15:48:00,EVBG
41.92,41.95,41.91,41.95,400,2022-06-02 15:51:00,EVBG
41.955,42.04,41.955,42.04,1458,2022-06-02 15:52:00,EVBG
41.97,42.05,41.97,42.05,300,2022-06-02 15:53:00,EVBG
41.96,41.96,41.96,41.96,100,2022-06-02 15:54:00,EVBG
41.93,41.93,41.88,41.88,300,2022-06-02 15:56:00,EVBG
41.83,41.83,41.725,41.76,600,2022-06-02 15:58:00,EVBG
41.79,41.805,41.79,41.805,300,2022-06-02 15:59:00,EVBG
41.935,41.935,41.935,41.935,100,2022-06-02 16:00:00,EVBG
41.95,41.95,41.95,41.95,100,2022-06-02 16:01:00,EVBG
42.02,42.05,42.0,42.0,500,2022-06-02 16:02:00,EVBG
42.04,42.065,42.04,42.065,200,2022-06-02 16:03:00,EVBG
42.065,42.065,42.065,42.065,100,2022-06-02 16:04:00,EVBG
42.075,42.075,42.075,42.075,100,2022-06-02 16:05:00,EVBG
42.07,42.07,42.07,42.07,200,2022-06-02 16:06:00,EVBG
42.04,42.06,42.04,42.06,424,2022-06-02 16:07:00,EVBG
42.07,42.07,42.07,42.07,629,2022-06-02 16:08:00,EVBG
42.07,42.07,42.03,42.03,640,2022-06-02 16:09:00,EVBG
42.11,42.11,42.075,42.075,304,2022-06-02 16:10:00,EVBG
42.05,42.05,42.03,42.03,400,2022-06-02 16:11:00,EVBG
42.03,42.03,41.98,42.01,800,2022-06-02 16:13:00,EVBG
42.05,42.11,42.03,42.03,2412,2022-06-02 16:15:00,EVBG
42.0,42.015,42.0,42.0,724,2022-06-02 16:16:00,EVBG
42.06,42.065,42.06,42.065,474,2022-06-02 16:17:00,EVBG
42.06,42.08,42.01,42.05,1803,2022-06-02 16:18:00,EVBG
42.01,42.01,42.01,42.01,300,2022-06-02 16:19:00,EVBG
41.98,42.06,41.9765,42.0,1031,2022-06-02 16:20:00,EVBG
42.0,42.0,42.0,42.0,100,2022-06-02 16:21:00,EVBG
42.015,42.015,42.014,42.014,823,2022-06-02 16:22:00,EVBG
42.06,42.12,41.99,42.12,2581,2022-06-02 16:23:00,EVBG
42.235,42.235,42.19,42.19,200,2022-06-02 16:24:00,EVBG
42.2037,42.2037,42.135,42.16,2101,2022-06-02 16:25:00,EVBG
42.17,42.17,42.17,42.17,124,2022-06-02 16:26:00,EVBG
42.15,42.21,42.15,42.18,851,2022-06-02 16:27:00,EVBG
42.22,42.23,42.19,42.19,500,2022-06-02 16:28:00,EVBG
42.19,42.225,42.18,42.205,1576,2022-06-02 16:29:00,EVBG
42.165,42.23,42.165,42.23,300,2022-06-02 16:30:00,EVBG
42.22,42.24,42.21,42.24,400,2022-06-02 16:31:00,EVBG
42.25,42.25,42.22,42.22,214,2022-06-02 16:32:00,EVBG
42.21,42.36,42.21,42.36,1096,2022-06-02 16:33:00,EVBG
42.34,42.34,42.28,42.28,900,2022-06-02 16:34:00,EVBG
42.26,42.28,42.21,42.21,700,2022-06-02 16:35:00,EVBG
42.22,42.22,42.21,42.21,300,2022-06-02 16:36:00,EVBG
42.16,42.16,42.12,42.12,800,2022-06-02 16:37:00,EVBG
42.17,42.205,42.17,42.17,817,2022-06-02 16:38:00,EVBG
42.17,42.2,42.17,42.19,300,2022-06-02 16:39:00,EVBG
42.23,42.23,42.21,42.22,400,2022-06-02 16:40:00,EVBG
42.235,42.25,42.21,42.23,1040,2022-06-02 16:41:00,EVBG
42.185,42.185,42.12,42.15,544,2022-06-02 16:42:00,EVBG
42.12,42.13,42.03,42.03,500,2022-06-02 16:43:00,EVBG
42.085,42.085,42.0716,42.0716,286,2022-06-02 16:44:00,EVBG
42.05,42.05,42.05,42.05,200,2022-06-02 16:45:00,EVBG
42.08,42.08,42.08,42.08,100,2022-06-02 16:46:00,EVBG
42.13,42.13,42.08,42.08,800,2022-06-02 16:47:00,EVBG
42.14,42.16,42.14,42.16,400,2022-06-02 16:48:00,EVBG
42.19,42.19,42.15,42.15,770,2022-06-02 16:49:00,EVBG
42.18,42.18,42.18,42.18,100,2022-06-02 16:50:00,EVBG
42.17,42.17,42.14,42.15,400,2022-06-02 16:51:00,EVBG
42.22,42.22,42.22,42.22,100,2022-06-02 16:52:00,EVBG
42.21,42.26,42.2,42.26,500,2022-06-02 16:53:00,EVBG
42.25,42.29,42.25,42.29,200,2022-06-02 16:54:00,EVBG
42.31,42.31,42.31,42.31,300,2022-06-02 16:55:00,EVBG
42.29,42.33,42.28,42.28,700,2022-06-02 16:56:00,EVBG
42.31,42.31,42.31,42.31,100,2022-06-02 16:57:00,EVBG
42.31,42.31,42.29,42.29,200,2022-06-02 16:59:00,EVBG
42.36,42.37,42.36,42.37,437,2022-06-02 17:01:00,EVBG
42.405,42.405,42.29,42.36,2476,2022-06-02 17:02:00,EVBG
42.345,42.345,42.3,42.335,1100,2022-06-02 17:04:00,EVBG
42.325,42.37,42.325,42.37,400,2022-06-02 17:05:00,EVBG
42.39,42.44,42.375,42.375,1781,2022-06-02 17:06:00,EVBG
42.405,42.42,42.405,42.42,200,2022-06-02 17:07:00,EVBG
42.425,42.425,42.425,42.425,100,2022-06-02 17:08:00,EVBG
42.43,42.43,42.39,42.39,500,2022-06-02 17:09:00,EVBG
42.39,42.39,42.39,42.39,300,2022-06-02 17:10:00,EVBG
42.38,42.395,42.38,42.38,500,2022-06-02 17:12:00,EVBG
42.37,42.39,42.37,42.39,600,2022-06-02 17:13:00,EVBG
42.36,42.365,42.325,42.35,1299,2022-06-02 17:14:00,EVBG
42.33,42.33,42.22,42.22,1900,2022-06-02 17:15:00,EVBG
42.2,42.255,42.17,42.255,8170,2022-06-02 17:16:00,EVBG
42.35,42.35,42.34,42.34,200,2022-06-02 17:17:00,EVBG
42.36,42.37,42.36,42.36,600,2022-06-02 17:18:00,EVBG
42.36,42.38,42.36,42.36,700,2022-06-02 17:19:00,EVBG
42.34,42.34,42.32,42.34,600,2022-06-02 17:20:00,EVBG
42.37,42.37,42.25,42.32,5803,2022-06-02 17:21:00,EVBG
42.29,42.44,42.275,42.42,10892,2022-06-02 17:22:00,EVBG
42.42,42.51,42.42,42.435,1000,2022-06-02 17:23:00,EVBG
42.51,42.51,42.455,42.46,811,2022-06-02 17:24:00,EVBG
42.5104,42.53,42.4608,42.51,1015,2022-06-02 17:25:00,EVBG
42.495,42.495,42.495,42.495,100,2022-06-02 17:26:00,EVBG
42.5,42.505,42.5,42.505,204,2022-06-02 17:27:00,EVBG
42.49,42.49,42.415,42.445,1898,2022-06-02 17:28:00,EVBG
42.49,42.49,42.44,42.47,700,2022-06-02 17:29:00,EVBG
42.47,42.6,42.47,42.6,200,2022-06-02 17:30:00,EVBG
42.55,42.55,42.44,42.525,2330,2022-06-02 17:31:00,EVBG
42.52,42.58,42.47,42.56,7100,2022-06-02 17:32:00,EVBG
42.63,42.63,42.63,42.63,100,2022-06-02 17:33:00,EVBG
42.64,42.67,42.6,42.67,1300,2022-06-02 17:34:00,EVBG
42.65,42.69,42.59,42.61,8900,2022-06-02 17:35:00,EVBG
42.61,42.61,42.59,42.61,400,2022-06-02 17:36:00,EVBG
42.61,42.61,42.53,42.535,800,2022-06-02 17:37:00,EVBG
42.55,42.55,42.51,42.51,703,2022-06-02 17:38:00,EVBG
42.555,42.6,42.555,42.6,1049,2022-06-02 17:39:00,EVBG
42.57,42.57,42.51,42.57,2442,2022-06-02 17:40:00,EVBG
42.55,42.56,42.535,42.56,800,2022-06-02 17:41:00,EVBG
42.57,42.57,42.55,42.57,300,2022-06-02 17:42:00,EVBG
42.54,42.6,42.54,42.57,600,2022-06-02 17:43:00,EVBG
42.62,42.64,42.62,42.64,300,2022-06-02 17:44:00,EVBG
42.66,42.66,42.655,42.655,200,2022-06-02 17:45:00,EVBG
42.675,42.685,42.675,42.685,300,2022-06-02 17:46:00,EVBG
42.66,42.675,42.65,42.675,1241,2022-06-02 17:47:00,EVBG
42.67,42.67,42.67,42.67,200,2022-06-02 17:48:00,EVBG
42.67,42.67,42.64,42.66,800,2022-06-02 17:49:00,EVBG
42.69,42.69,42.6675,42.67,400,2022-06-02 17:50:00,EVBG
42.67,42.68,42.64,42.64,800,2022-06-02 17:51:00,EVBG
42.63,42.63,42.56,42.59,1700,2022-06-02 17:52:00,EVBG
42.6,42.63,42.58,42.6,400,2022-06-02 17:53:00,EVBG
42.64,42.64,42.604,42.604,538,2022-06-02 17:54:00,EVBG
42.59,42.59,42.59,42.59,200,2022-06-02 17:55:00,EVBG
42.57,42.57,42.56,42.56,600,2022-06-02 17:56:00,EVBG
42.58,42.6,42.55,42.55,517,2022-06-02 17:57:00,EVBG
42.59,42.59,42.57,42.57,300,2022-06-02 17:58:00,EVBG
42.575,42.575,42.56,42.56,300,2022-06-02 17:59:00,EVBG
42.6,42.61,42.58,42.61,600,2022-06-02 18:00:00,EVBG
42.56,42.61,42.56,42.61,800,2022-06-02 18:01:00,EVBG
42.58,42.59,42.49,42.59,4699,2022-06-02 18:02:00,EVBG
42.63,42.63,42.6,42.6,1500,2022-06-02 18:03:00,EVBG
42.64,42.64,42.6,42.61,1274,2022-06-02 18:04:00,EVBG
42.685,42.695,42.685,42.695,600,2022-06-02 18:06:00,EVBG
42.66,42.66,42.59,42.59,1600,2022-06-02 18:07:00,EVBG
42.59,42.61,42.58,42.61,1003,2022-06-02 18:08:00,EVBG
42.62,42.62,42.62,42.62,100,2022-06-02 18:09:00,EVBG
42.645,42.69,42.645,42.69,200,2022-06-02 18:10:00,EVBG
42.65,42.65,42.65,42.65,100,2022-06-02 18:12:00,EVBG
42.675,42.71,42.675,42.71,552,2022-06-02 18:13:00,EVBG
42.7,42.7,42.7,42.7,400,2022-06-02 18:14:00,EVBG
42.68,42.68,42.6066,42.62,1090,2022-06-02 18:15:00,EVBG
42.64,42.67,42.55,42.55,1200,2022-06-02 18:16:00,EVBG
42.525,42.57,42.52,42.535,500,2022-06-02 18:17:00,EVBG
42.5,42.505,42.5,42.505,200,2022-06-02 18:18:00,EVBG
42.49,42.49,42.485,42.485,200,2022-06-02 18:19:00,EVBG
42.49,42.51,42.49,42.51,409,2022-06-02 18:20:00,EVBG
42.53,42.53,42.53,42.53,100,2022-06-02 18:21:00,EVBG
42.54,42.565,42.54,42.565,200,2022-06-02 18:22:00,EVBG
42.64,42.64,42.61,42.62,796,2022-06-02 18:23:00,EVBG
42.65,42.65,42.65,42.65,100,2022-06-02 18:24:00,EVBG
42.65,42.65,42.62,42.62,600,2022-06-02 18:25:00,EVBG
42.62,42.62,42.57,42.57,1285,2022-06-02 18:26:00,EVBG
42.595,42.595,42.595,42.595,600,2022-06-02 18:27:00,EVBG
42.56,42.59,42.56,42.58,700,2022-06-02 18:28:00,EVBG
42.58,42.58,42.58,42.58,100,2022-06-02 18:29:00,EVBG
42.62,42.62,42.62,42.62,100,2022-06-02 18:31:00,EVBG
42.605,42.66,42.605,42.66,342,2022-06-02 18:32:00,EVBG
42.66,42.66,42.66,42.66,200,2022-06-02 18:33:00,EVBG
42.69,42.69,42.69,42.69,200,2022-06-02 18:34:00,EVBG
42.725,42.8,42.69,42.725,2205,2022-06-02 18:35:00,EVBG
42.74,42.79,42.74,42.75,6400,2022-06-02 18:36:00,EVBG
42.7,42.7,42.57,42.64,11398,2022-06-02 18:37:00,EVBG
42.68,42.73,42.68,42.73,500,2022-06-02 18:38:00,EVBG
42.715,42.715,42.715,42.715,100,2022-06-02 18:39:00,EVBG
42.73,42.73,42.71,42.71,400,2022-06-02 18:40:00,EVBG
42.72,42.72,42.68,42.69,1181,2022-06-02 18:41:00,EVBG
42.66,42.66,42.5,42.59,5878,2022-06-02 18:42:00,EVBG
42.63,42.7,42.49,42.6,12823,2022-06-02 18:43:00,EVBG
42.67,42.67,42.665,42.665,520,2022-06-02 18:44:00,EVBG
42.61,42.63,42.61,42.63,200,2022-06-02 18:45:00,EVBG
42.615,42.625,42.615,42.625,414,2022-06-02 18:46:00,EVBG
42.67,42.765,42.67,42.765,772,2022-06-02 18:47:00,EVBG
42.77,42.82,42.77,42.82,700,2022-06-02 18:48:00,EVBG
42.79,42.79,42.76,42.76,600,2022-06-02 18:49:00,EVBG
42.73,42.73,42.69,42.69,300,2022-06-02 18:50:00,EVBG
42.7,42.73,42.67,42.695,612,2022-06-02 18:51:00,EVBG
42.705,42.745,42.705,42.745,300,2022-06-02 18:52:00,EVBG
42.74,42.74,42.74,42.74,100,2022-06-02 18:53:00,EVBG
42.72,42.72,42.7,42.7,538,2022-06-02 18:54:00,EVBG
42.71,42.73,42.71,42.73,400,2022-06-02 18:55:00,EVBG
42.7,42.7,42.665,42.69,1000,2022-06-02 18:56:00,EVBG
42.685,42.71,42.64,42.645,900,2022-06-02 18:57:00,EVBG
42.66,42.665,42.64,42.64,600,2022-06-02 18:58:00,EVBG
42.635,42.64,42.62,42.62,755,2022-06-02 18:59:00,EVBG
42.625,42.625,42.52,42.52,1900,2022-06-02 19:00:00,EVBG
42.51,42.51,42.4278,42.44,1194,2022-06-02 19:01:00,EVBG
42.46,42.5,42.46,42.485,1300,2022-06-02 19:02:00,EVBG
42.485,42.535,42.485,42.535,300,2022-06-02 19:03:00,EVBG
42.535,42.55,42.535,42.55,200,2022-06-02 19:04:00,EVBG
42.56,42.59,42.56,42.59,600,2022-06-02 19:05:00,EVBG
42.6,42.6,42.52,42.53,500,2022-06-02 19:06:00,EVBG
42.5,42.51,42.46,42.49,800,2022-06-02 19:07:00,EVBG
42.495,42.495,42.495,42.495,200,2022-06-02 19:09:00,EVBG
42.5,42.52,42.5,42.515,500,2022-06-02 19:10:00,EVBG
42.525,42.57,42.525,42.54,1033,2022-06-02 19:11:00,EVBG
42.53,42.54,42.5,42.515,800,2022-06-02 19:12:00,EVBG
42.49,42.49,42.48,42.48,800,2022-06-02 19:13:00,EVBG
42.48,42.515,42.48,42.515,800,2022-06-02 19:14:00,EVBG
42.49,42.5,42.48,42.5,500,2022-06-02 19:15:00,EVBG
42.52,42.52,42.5,42.5,1100,2022-06-02 19:16:00,EVBG
42.53,42.6,42.53,42.6,1500,2022-06-02 19:17:00,EVBG
42.58,42.58,42.49,42.49,1694,2022-06-02 19:18:00,EVBG
42.46,42.47,42.425,42.425,1000,2022-06-02 19:19:00,EVBG
42.44,42.44,42.38,42.38,1100,2022-06-02 19:20:00,EVBG
42.33,42.34,42.32,42.32,600,2022-06-02 19:21:00,EVBG
42.3,42.33,42.28,42.33,6198,2022-06-02 19:22:00,EVBG
42.345,42.38,42.32,42.35,1217,2022-06-02 19:23:00,EVBG
42.4,42.43,42.4,42.425,900,2022-06-02 19:24:00,EVBG
42.44,42.44,42.34,42.38,3398,2022-06-02 19:25:00,EVBG
42.33,42.36,42.23,42.23,2309,2022-06-02 19:26:00,EVBG
42.25,42.25,42.185,42.19,1180,2022-06-02 19:27:00,EVBG
42.18,42.185,42.167,42.167,400,2022-06-02 19:28:00,EVBG
42.22,42.22,42.04,42.17,10782,2022-06-02 19:29:00,EVBG
42.14,42.17,42.14,42.17,1100,2022-06-02 19:30:00,EVBG
42.17,42.21,42.17,42.21,2100,2022-06-02 19:31:00,EVBG
42.215,42.22,42.2,42.22,600,2022-06-02 19:32:00,EVBG
42.205,42.205,42.195,42.2,500,2022-06-02 19:33:00,EVBG
42.2,42.23,42.19,42.2,700,2022-06-02 19:34:00,EVBG
42.205,42.27,42.205,42.27,1800,2022-06-02 19:35:00,EVBG
42.285,42.3,42.23,42.23,2012,2022-06-02 19:36:00,EVBG
42.245,42.26,42.15,42.15,2258,2022-06-02 19:37:00,EVBG
42.15,42.15,42.13,42.13,1243,2022-06-02 19:38:00,EVBG
42.12,42.17,42.11,42.14,1606,2022-06-02 19:39:00,EVBG
42.13,42.185,42.13,42.185,1604,2022-06-02 19:40:00,EVBG
42.19,42.195,42.16,42.16,2000,2022-06-02 19:41:00,EVBG
42.15,42.19,42.14,42.19,1948,2022-06-02 19:42:00,EVBG
42.195,42.22,42.195,42.21,1452,2022-06-02 19:43:00,EVBG
42.215,42.275,42.21,42.275,7015,2022-06-02 19:44:00,EVBG
42.29,42.29,42.27,42.27,2688,2022-06-02 19:45:00,EVBG
42.285,42.285,42.2,42.2,3300,2022-06-02 19:46:00,EVBG
42.205,42.21,42.165,42.17,4646,2022-06-02 19:47:00,EVBG
42.175,42.18,42.16,42.16,1000,2022-06-02 19:48:00,EVBG
42.17,42.25,42.17,42.21,1789,2022-06-02 19:49:00,EVBG
42.23,42.27,42.23,42.26,6082,2022-06-02 19:50:00,EVBG
42.25,42.26,42.23,42.23,6641,2022-06-02 19:51:00,EVBG
42.22,42.24,42.16,42.24,4400,2022-06-02 19:52:00,EVBG
42.24,42.29,42.23,42.29,3700,2022-06-02 19:53:00,EVBG
42.27,42.35,42.24,42.35,5018,2022-06-02 19:54:00,EVBG
42.34,42.34,42.29,42.33,8160,2022-06-02 19:55:00,EVBG
42.34,42.41,42.33,42.41,8363,2022-06-02 19:56:00,EVBG
42.4,42.42,42.38,42.38,6737,2022-06-02 19:57:00,EVBG
42.38,42.45,42.38,42.4,8414,2022-06-02 19:58:00,EVBG
42.4,42.42,42.35,42.41,6768,2022-06-02 19:59:00,EVBG
42.42,42.42,42.42,42.42,55605,2022-06-02 20:00:00,EVBG
41.4,41.4,41.22,41.22,300,2022-06-03 13:29:00,EVBG
41.23,41.23,40.84,40.84,6621,2022-06-03 13:30:00,EVBG
40.87,41.44,40.705,41.44,6200,2022-06-03 13:31:00,EVBG
41.275,41.275,41.065,41.065,1600,2022-06-03 13:32:00,EVBG
41.03,41.08,41.03,41.08,300,2022-06-03 13:33:00,EVBG
41.11,41.33,41.11,41.33,3000,2022-06-03 13:34:00,EVBG
41.35,41.35,41.045,41.25,1449,2022-06-03 13:35:00,EVBG
41.0,41.43,40.99,41.43,3950,2022-06-03 13:37:00,EVBG
41.26,41.51,41.26,41.51,2097,2022-06-03 13:38:00,EVBG
41.59,41.86,41.59,41.86,400,2022-06-03 13:39:00,EVBG
41.97,41.99,41.725,41.725,500,2022-06-03 13:40:00,EVBG
41.65,41.85,41.65,41.85,2849,2022-06-03 13:41:00,EVBG
42.0,42.09,42.0,42.09,600,2022-06-03 13:42:00,EVBG
41.85,41.85,41.74,41.74,300,2022-06-03 13:43:00,EVBG
41.71,41.71,41.71,41.71,200,2022-06-03 13:45:00,EVBG
42.06,42.06,41.88,41.88,800,2022-06-03 13:48:00,EVBG
41.83,41.83,41.83,41.83,100,2022-06-03 13:49:00,EVBG
41.94,41.95,41.8,41.8,2510,2022-06-03 13:50:00,EVBG
41.67,41.67,41.67,41.67,100,2022-06-03 13:51:00,EVBG
41.62,41.67,41.62,41.67,410,2022-06-03 13:54:00,EVBG
41.86,42.11,41.85,42.08,3569,2022-06-03 13:55:00,EVBG
42.14,42.14,42.14,42.14,200,2022-06-03 13:56:00,EVBG
42.15,42.22,42.14,42.22,2187,2022-06-03 13:57:00,EVBG
42.12,42.22,42.1,42.215,1900,2022-06-03 13:58:00,EVBG
42.215,42.31,42.14,42.235,3173,2022-06-03 13:59:00,EVBG
42.27,42.435,42.14,42.435,12024,2022-06-03 14:00:00,EVBG
42.52,42.54,42.43,42.475,800,2022-06-03 14:01:00,EVBG
42.47,42.47,42.27,42.27,1239,2022-06-03 14:02:00,EVBG
42.31,42.31,42.31,42.31,800,2022-06-03 14:03:00,EVBG
42.21,42.21,42.09,42.09,300,2022-06-03 14:04:00,EVBG
42.11,42.17,42.02,42.13,1500,2022-06-03 14:05:00,EVBG
42.3,42.4199,42.23,42.284,1600,2022-06-03 14:07:00,EVBG
42.1601,42.1601,42.1,42.1,400,2022-06-03 14:08:00,EVBG
42.105,42.105,42.01,42.01,300,2022-06-03 14:10:00,EVBG
41.95,41.98,41.83,41.83,1000,2022-06-03 14:11:00,EVBG
41.78,41.78,41.78,41.78,300,2022-06-03 14:13:00,EVBG
41.795,41.795,41.795,41.795,100,2022-06-03 14:14:00,EVBG
41.88,41.88,41.88,41.88,100,2022-06-03 14:15:00,EVBG
41.83,41.85,41.83,41.83,400,2022-06-03 14:16:00,EVBG
41.77,41.93,41.77,41.905,500,2022-06-03 14:17:00,EVBG
41.87,41.87,41.87,41.87,100,2022-06-03 14:18:00,EVBG
41.77,41.85,41.77,41.85,200,2022-06-03 14:19:00,EVBG
41.75,41.83,41.74,41.83,300,2022-06-03 14:20:00,EVBG
41.77,41.77,41.77,41.77,100,2022-06-03 14:21:00,EVBG
41.81,41.81,41.765,41.765,942,2022-06-03 14:22:00,EVBG
41.945,42.06,41.945,42.0,1300,2022-06-03 14:23:00,EVBG
41.91,41.91,41.91,41.91,100,2022-06-03 14:25:00,EVBG
41.905,42.005,41.905,42.005,200,2022-06-03 14:27:00,EVBG
41.91,41.92,41.91,41.92,200,2022-06-03 14:28:00,EVBG
41.885,42.01,41.885,42.01,300,2022-06-03 14:29:00,EVBG
41.94,41.95,41.88,41.95,1100,2022-06-03 14:30:00,EVBG
41.95,41.95,41.95,41.95,400,2022-06-03 14:31:00,EVBG
41.905,41.905,41.905,41.905,123,2022-06-03 14:34:00,EVBG
41.87,41.88,41.86,41.86,500,2022-06-03 14:35:00,EVBG
41.8,41.8,41.72,41.72,700,2022-06-03 14:36:00,EVBG
41.72,41.8,41.71,41.8,1800,2022-06-03 14:37:00,EVBG
41.8,41.8,41.75,41.75,400,2022-06-03 14:38:00,EVBG
41.8,41.9,41.8,41.9,1069,2022-06-03 14:39:00,EVBG
41.8,41.8,41.72,41.72,900,2022-06-03 14:41:00,EVBG
41.83,41.83,41.83,41.83,615,2022-06-03 14:42:00,EVBG
41.79,41.79,41.77,41.77,400,2022-06-03 14:45:00,EVBG
41.79,41.8,41.75,41.75,600,2022-06-03 14:46:00,EVBG
41.74,41.74,41.74,41.74,300,2022-06-03 14:47:00,EVBG
41.7319,41.7319,41.7319,41.7319,155,2022-06-03 14:48:00,EVBG
41.79,41.82,41.75,41.75,1300,2022-06-03 14:49:00,EVBG
41.68,41.68,41.68,41.68,100,2022-06-03 14:50:00,EVBG
41.53,41.53,41.51,41.51,300,2022-06-03 14:51:00,EVBG
41.52,41.54,41.52,41.52,1500,2022-06-03 14:53:00,EVBG
41.345,41.345,41.345,41.345,100,2022-06-03 14:55:00,EVBG
41.37,41.37,41.26,41.26,900,2022-06-03 14:56:00,EVBG
41.34,41.39,41.34,41.39,500,2022-06-03 14:57:00,EVBG
41.36,41.36,41.36,41.36,200,2022-06-03 14:59:00,EVBG
41.32,41.32,41.32,41.32,100,2022-06-03 15:01:00,EVBG
41.26,41.28,41.24,41.28,500,2022-06-03 15:02:00,EVBG
41.24,41.26,41.24,41.26,300,2022-06-03 15:03:00,EVBG
41.26,41.28,41.26,41.28,400,2022-06-03 15:04:00,EVBG
41.33,41.33,41.24,41.265,2300,2022-06-03 15:05:00,EVBG
41.31,41.31,41.31,41.31,100,2022-06-03 15:06:00,EVBG
41.31,41.31,41.29,41.3,700,2022-06-03 15:07:00,EVBG
41.34,41.39,41.34,41.36,800,2022-06-03 15:09:00,EVBG
41.31,41.31,41.29,41.29,800,2022-06-03 15:10:00,EVBG
41.26,41.26,41.095,41.11,992,2022-06-03 15:13:00,EVBG
41.155,41.155,41.11,41.11,300,2022-06-03 15:14:00,EVBG
41.035,41.035,41.03,41.03,300,2022-06-03 15:15:00,EVBG
41.04,41.04,41.04,41.04,100,2022-06-03 15:16:00,EVBG
41.0,41.0,41.0,41.0,200,2022-06-03 15:17:00,EVBG
40.94,41.08,40.94,41.06,1437,2022-06-03 15:18:00,EVBG
41.07,41.07,40.995,41.02,4234,2022-06-03 15:19:00,EVBG
40.825,40.825,40.825,40.825,100,2022-06-03 15:21:00,EVBG
40.93,40.93,40.93,40.93,200,2022-06-03 15:22:00,EVBG
40.84,40.84,40.84,40.84,300,2022-06-03 15:25:00,EVBG
40.91,40.97,40.91,40.944,500,2022-06-03 15:26:00,EVBG
40.89,40.89,40.86,40.86,200,2022-06-03 15:27:00,EVBG
40.855,40.855,40.78,40.78,200,2022-06-03 15:28:00,EVBG
40.81,40.89,40.81,40.89,846,2022-06-03 15:29:00,EVBG
40.92,40.92,40.92,40.92,200,2022-06-03 15:30:00,EVBG
40.97,40.97,40.92,40.92,2100,2022-06-03 15:31:00,EVBG
40.95,41.04,40.95,41.0,491,2022-06-03 15:32:00,EVBG
40.96,40.96,40.96,40.96,100,2022-06-03 15:33:00,EVBG
40.88,40.88,40.88,40.88,100,2022-06-03 15:34:00,EVBG
40.85,40.85,40.85,40.85,100,2022-06-03 15:35:00,EVBG
40.96,40.98,40.96,40.98,300,2022-06-03 15:36:00,EVBG
40.97,41.0,40.97,41.0,200,2022-06-03 15:37:00,EVBG
40.91,40.91,40.87,40.87,300,2022-06-03 15:40:00,EVBG
40.655,40.655,40.655,40.655,620,2022-06-03 15:42:00,EVBG
40.7,40.78,40.7,40.78,500,2022-06-03 15:44:00,EVBG
40.72,40.72,40.71,40.71,200,2022-06-03 15:45:00,EVBG
40.7,40.71,40.7,40.71,400,2022-06-03 15:46:00,EVBG
40.76,40.87,40.76,40.87,1400,2022-06-03 15:47:00,EVBG
40.81,40.81,40.81,40.81,200,2022-06-03 15:48:00,EVBG
40.82,40.82,40.76,40.76,400,2022-06-03 15:49:00,EVBG
40.75,40.81,40.75,40.81,700,2022-06-03 15:50:00,EVBG
40.87,40.87,40.87,40.87,100,2022-06-03 15:51:00,EVBG
40.9,40.9,40.9,40.9,100,2022-06-03 15:55:00,EVBG
40.84,40.84,40.84,40.84,100,2022-06-03 15:57:00,EVBG
40.91,40.91,40.91,40.91,100,2022-06-03 16:00:00,EVBG
40.96,40.96,40.96,40.96,100,2022-06-03 16:01:00,EVBG
40.93,40.93,40.93,40.93,100,2022-06-03 16:02:00,EVBG
40.94,41.01,40.94,40.97,819,2022-06-03 16:03:00,EVBG
41.0,41.0,41.0,41.0,200,2022-06-03 16:04:00,EVBG
40.95,40.95,40.95,40.95,100,2022-06-03 16:06:00,EVBG
40.89,40.89,40.89,40.89,100,2022-06-03 16:08:00,EVBG
40.74,40.75,40.74,40.75,200,2022-06-03 16:10:00,EVBG
40.68,40.69,40.68,40.68,600,2022-06-03 16:12:00,EVBG
40.65,40.65,40.65,40.65,100,2022-06-03 16:13:00,EVBG
40.68,40.68,40.67,40.67,200,2022-06-03 16:15:00,EVBG
40.72,40.75,40.72,40.75,400,2022-06-03 16:16:00,EVBG
40.71,40.71,40.71,40.71,144,2022-06-03 16:17:00,EVBG
40.7477,40.7477,40.7477,40.7477,178,2022-06-03 16:18:00,EVBG
40.69,40.71,40.69,40.71,200,2022-06-03 16:22:00,EVBG
40.76,40.76,40.76,40.76,100,2022-06-03 16:23:00,EVBG
40.77,40.81,40.77,40.77,400,2022-06-03 16:24:00,EVBG
40.77,40.77,40.77,40.77,100,2022-06-03 16:25:00,EVBG
40.785,40.785,40.785,40.785,100,2022-06-03 16:26:00,EVBG
40.74,40.74,40.74,40.74,100,2022-06-03 16:28:00,EVBG
40.74,40.74,40.74,40.74,100,2022-06-03 16:30:00,EVBG
40.65,40.65,40.65,40.65,100,2022-06-03 16:31:00,EVBG
40.65,40.65,40.6,40.6,700,2022-06-03 16:32:00,EVBG
40.503,40.503,40.503,40.503,100,2022-06-03 16:34:00,EVBG
40.47,40.47,40.47,40.47,100,2022-06-03 16:35:00,EVBG
40.46,40.51,40.45,40.51,300,2022-06-03 16:36:00,EVBG
40.56,40.56,40.56,40.56,200,2022-06-03 16:37:00,EVBG
40.59,40.59,40.57,40.57,1383,2022-06-03 16:38:00,EVBG
40.57,40.57,40.57,40.57,100,2022-06-03 16:39:00,EVBG
40.58,40.58,40.58,40.58,100,2022-06-03 16:40:00,EVBG
40.585,40.585,40.585,40.585,100,2022-06-03 16:42:00,EVBG
40.56,40.56,40.53,40.54,700,2022-06-03 16:45:00,EVBG
40.58,40.58,40.58,40.58,500,2022-06-03 16:46:00,EVBG
40.61,40.61,40.61,40.61,500,2022-06-03 16:48:00,EVBG
40.7,40.7,40.63,40.63,300,2022-06-03 16:50:00,EVBG
40.58,40.58,40.55,40.55,200,2022-06-03 16:51:00,EVBG
40.56,40.56,40.55,40.55,200,2022-06-03 16:53:00,EVBG
40.62,40.62,40.62,40.62,100,2022-06-03 16:54:00,EVBG
40.67,40.67,40.67,40.67,100,2022-06-03 16:55:00,EVBG
40.64,40.68,40.64,40.68,300,2022-06-03 16:57:00,EVBG
40.66,40.66,40.66,40.66,100,2022-06-03 16:59:00,EVBG
40.67,40.67,40.67,40.67,100,2022-06-03 17:00:00,EVBG
40.74,40.75,40.74,40.75,200,2022-06-03 17:01:00,EVBG
40.74,40.752,40.74,40.752,900,2022-06-03 17:03:00,EVBG
40.76,40.76,40.69,40.73,3800,2022-06-03 17:04:00,EVBG
40.735,40.735,40.735,40.735,100,2022-06-03 17:05:00,EVBG
40.76,40.78,40.72,40.72,574,2022-06-03 17:07:00,EVBG
40.71,40.71,40.69,40.69,200,2022-06-03 17:08:00,EVBG
40.64,40.719,40.64,40.719,207,2022-06-03 17:09:00,EVBG
40.71,40.72,40.71,40.72,400,2022-06-03 17:10:00,EVBG
40.69,40.69,40.63,40.655,462,2022-06-03 17:11:00,EVBG
40.665,40.665,40.665,40.665,100,2022-06-03 17:12:00,EVBG
40.66,40.66,40.66,40.66,100,2022-06-03 17:13:00,EVBG
40.61,40.61,40.61,40.61,100,2022-06-03 17:14:00,EVBG
40.5,40.5,40.5,40.5,100,2022-06-03 17:15:00,EVBG
40.54,40.54,40.51,40.51,200,2022-06-03 17:16:00,EVBG
40.54,40.55,40.54,40.55,532,2022-06-03 17:17:00,EVBG
40.44,40.44,40.44,40.44,100,2022-06-03 17:18:00,EVBG
40.43,40.44,40.43,40.44,400,2022-06-03 17:19:00,EVBG
40.46,40.46,40.4599,40.46,400,2022-06-03 17:20:00,EVBG
40.42,40.42,40.42,40.42,100,2022-06-03 17:22:00,EVBG
40.49,40.49,40.47,40.47,300,2022-06-03 17:25:00,EVBG
40.465,40.465,40.44,40.44,200,2022-06-03 17:27:00,EVBG
40.435,40.435,40.435,40.435,100,2022-06-03 17:28:00,EVBG
40.47,40.48,40.47,40.48,300,2022-06-03 17:29:00,EVBG
40.4775,40.4775,40.44,40.45,1142,2022-06-03 17:30:00,EVBG
40.4399,40.4399,40.37,40.378,800,2022-06-03 17:31:00,EVBG
40.45,40.47,40.45,40.47,400,2022-06-03 17:32:00,EVBG
40.49,40.49,40.47,40.4721,689,2022-06-03 17:33:00,EVBG
40.46,40.47,40.46,40.47,300,2022-06-03 17:34:00,EVBG
40.5,40.5,40.465,40.465,300,2022-06-03 17:35:00,EVBG
40.44,40.47,40.44,40.47,200,2022-06-03 17:36:00,EVBG
40.43,40.465,40.43,40.4475,401,2022-06-03 17:38:00,EVBG
40.46,40.51,40.46,40.5,300,2022-06-03 17:39:00,EVBG
40.5,40.56,40.5,40.56,2125,2022-06-03 17:40:00,EVBG
40.54,40.54,40.43,40.43,900,2022-06-03 17:41:00,EVBG
40.46,40.5,40.455,40.5,800,2022-06-03 17:42:00,EVBG
40.41,40.4299,40.395,40.395,300,2022-06-03 17:43:00,EVBG
40.408,40.51,40.408,40.51,1896,2022-06-03 17:44:00,EVBG
40.5,40.52,40.5,40.52,300,2022-06-03 17:46:00,EVBG
40.485,40.49,40.42,40.42,600,2022-06-03 17:47:00,EVBG
40.415,40.415,40.41,40.41,200,2022-06-03 17:50:00,EVBG
40.405,40.44,40.3925,40.43,1978,2022-06-03 17:51:00,EVBG
40.435,40.435,40.435,40.435,515,2022-06-03 17:52:00,EVBG
40.41,40.41,40.41,40.41,200,2022-06-03 17:53:00,EVBG
40.42,40.42,40.42,40.42,200,2022-06-03 17:54:00,EVBG
40.41,40.41,40.38,40.3925,300,2022-06-03 17:55:00,EVBG
40.42,40.42,40.37,40.37,400,2022-06-03 17:56:00,EVBG
40.4,40.4,40.4,40.4,100,2022-06-03 17:57:00,EVBG
40.38,40.38,40.38,40.38,100,2022-06-03 17:59:00,EVBG
40.36,40.39,40.35,40.385,900,2022-06-03 18:00:00,EVBG
40.365,40.365,40.365,40.365,100,2022-06-03 18:01:00,EVBG
40.365,40.365,40.35,40.35,262,2022-06-03 18:02:00,EVBG
40.44,40.44,40.44,40.44,100,2022-06-03 18:04:00,EVBG
40.42,40.45,40.4,40.45,1617,2022-06-03 18:05:00,EVBG
40.47,40.52,40.47,40.52,400,2022-06-03 18:06:00,EVBG
40.48,40.48,40.46,40.46,200,2022-06-03 18:09:00,EVBG
40.47,40.47,40.43,40.4689,683,2022-06-03 18:10:00,EVBG
40.445,40.445,40.445,40.445,100,2022-06-03 18:12:00,EVBG
40.44,40.47,40.43,40.47,500,2022-06-03 18:14:00,EVBG
40.4699,40.4699,40.4,40.4,400,2022-06-03 18:15:00,EVBG
40.4,40.4,40.37,40.37,200,2022-06-03 18:16:00,EVBG
40.36,40.36,40.36,40.36,279,2022-06-03 18:17:00,EVBG
40.34,40.38,40.33,40.38,900,2022-06-03 18:18:00,EVBG
40.39,40.39,40.37,40.37,200,2022-06-03 18:20:00,EVBG
40.3799,40.3799,40.3799,40.3799,100,2022-06-03 18:21:00,EVBG
40.33,40.33,40.28,40.28,200,2022-06-03 18:23:00,EVBG
40.28,40.285,40.28,40.285,200,2022-06-03 18:24:00,EVBG
40.26,40.34,40.26,40.33,900,2022-06-03 18:25:00,EVBG
40.38,40.38,40.33,40.33,500,2022-06-03 18:28:00,EVBG
40.33,40.39,40.32,40.39,400,2022-06-03 18:29:00,EVBG
40.375,40.375,40.375,40.375,1209,2022-06-03 18:30:00,EVBG
40.36,40.36,40.34,40.3525,300,2022-06-03 18:31:00,EVBG
40.33,40.33,40.28,40.28,900,2022-06-03 18:32:00,EVBG
40.25,40.25,40.25,40.25,100,2022-06-03 18:33:00,EVBG
40.28,40.295,40.27,40.27,1761,2022-06-03 18:34:00,EVBG
40.25,40.25,40.23,40.23,200,2022-06-03 18:35:00,EVBG
40.225,40.225,40.225,40.225,100,2022-06-03 18:36:00,EVBG
40.18,40.18,40.18,40.18,100,2022-06-03 18:37:00,EVBG
40.15,40.15,40.13,40.13,200,2022-06-03 18:38:00,EVBG
40.12,40.12,40.1,40.1,500,2022-06-03 18:39:00,EVBG
40.12,40.12,40.12,40.12,100,2022-06-03 18:41:00,EVBG
40.12,40.12,40.12,40.12,200,2022-06-03 18:42:00,EVBG
40.09,40.09,40.07,40.08,753,2022-06-03 18:43:00,EVBG
40.11,40.13,40.1,40.12,700,2022-06-03 18:44:00,EVBG
40.09,40.09,40.09,40.09,200,2022-06-03 18:46:00,EVBG
40.07,40.07,40.0699,40.0699,200,2022-06-03 18:47:00,EVBG
40.055,40.13,40.055,40.13,1734,2022-06-03 18:48:00,EVBG
40.115,40.115,40.115,40.115,100,2022-06-03 18:49:00,EVBG
40.12,40.12,40.09,40.09,750,2022-06-03 18:51:00,EVBG
40.12,40.14,40.12,40.13,554,2022-06-03 18:52:00,EVBG
40.11,40.125,40.09,40.11,3452,2022-06-03 18:53:00,EVBG
40.13,40.13,40.13,40.13,260,2022-06-03 18:54:00,EVBG
40.09,40.12,40.09,40.115,800,2022-06-03 18:55:00,EVBG
40.115,40.14,40.115,40.14,500,2022-06-03 18:56:00,EVBG
40.14,40.14,40.13,40.13,1520,2022-06-03 18:57:00,EVBG
40.14,40.15,40.12,40.15,900,2022-06-03 18:58:00,EVBG
40.12,40.14,39.95,40.02,3808,2022-06-03 18:59:00,EVBG
40.03,40.06,40.03,40.05,2149,2022-06-03 19:00:00,EVBG
40.03,40.03,40.0,40.02,600,2022-06-03 19:01:00,EVBG
40.015,40.03,40.0,40.0,800,2022-06-03 19:02:00,EVBG
40.01,40.02,40.01,40.02,329,2022-06-03 19:03:00,EVBG
40.05,40.06,40.01,40.02,710,2022-06-03 19:04:00,EVBG
40.01,40.015,40.0,40.0,4700,2022-06-03 19:05:00,EVBG
40.0,40.01,39.95,39.96,3473,2022-06-03 19:06:00,EVBG
39.96,39.965,39.93,39.95,2274,2022-06-03 19:07:00,EVBG
39.94,39.98,39.935,39.965,1200,2022-06-03 19:08:00,EVBG
39.97,40.005,39.97,39.99,300,2022-06-03 19:09:00,EVBG
40.02,40.04,40.0,40.0,400,2022-06-03 19:10:00,EVBG
39.99,40.005,39.975,39.975,500,2022-06-03 19:11:00,EVBG
39.94,39.955,39.92,39.955,800,2022-06-03 19:12:00,EVBG
39.9375,39.9375,39.91,39.935,420,2022-06-03 19:13:00,EVBG
39.95,39.95,39.95,39.95,100,2022-06-03 19:14:00,EVBG
39.925,39.96,39.925,39.94,811,2022-06-03 19:15:00,EVBG
39.9675,39.9675,39.9575,39.9575,412,2022-06-03 19:16:00,EVBG
39.96,39.97,39.96,39.97,200,2022-06-03 19:17:00,EVBG
39.965,39.985,39.96,39.985,500,2022-06-03 19:18:00,EVBG
40.0,40.03,40.0,40.03,700,2022-06-03 19:19:00,EVBG
40.03,40.03,40.03,40.03,100,2022-06-03 19:20:00,EVBG
39.98,39.98,39.88,39.88,1722,2022-06-03 19:21:00,EVBG
39.86,39.8899,39.825,39.825,535,2022-06-03 19:22:00,EVBG
39.86,39.8764,39.86,39.8764,215,2022-06-03 19:24:00,EVBG
39.86,39.93,39.86,39.905,1700,2022-06-03 19:25:00,EVBG
39.86,39.89,39.86,39.89,300,2022-06-03 19:26:00,EVBG
39.91,39.91,39.87,39.87,500,2022-06-03 19:27:00,EVBG
39.86,39.86,39.86,39.86,100,2022-06-03 19:28:00,EVBG
39.87,39.91,39.87,39.9,502,2022-06-03 19:29:00,EVBG
39.85,39.85,39.85,39.85,100,2022-06-03 19:30:00,EVBG
39.87,39.89,39.84,39.84,1000,2022-06-03 19:31:00,EVBG
39.81,39.83,39.805,39.81,700,2022-06-03 19:32:00,EVBG
39.83,39.86,39.81,39.86,1148,2022-06-03 19:33:00,EVBG
39.8,39.81,39.72,39.81,3458,2022-06-03 19:34:00,EVBG
39.795,39.88,39.78,39.88,1411,2022-06-03 19:35:00,EVBG
39.88,39.895,39.86,39.86,1000,2022-06-03 19:36:00,EVBG
39.825,39.905,39.825,39.905,800,2022-06-03 19:37:00,EVBG
39.95,40.0099,39.93,39.99,600,2022-06-03 19:38:00,EVBG
39.965,39.9899,39.9,39.92,1200,2022-06-03 19:39:00,EVBG
39.93,39.93,39.93,39.93,200,2022-06-03 19:40:00,EVBG
39.92,39.92,39.92,39.92,100,2022-06-03 19:41:00,EVBG
39.925,39.98,39.925,39.96,1100,2022-06-03 19:42:00,EVBG
39.98,39.98,39.941,39.95,1100,2022-06-03 19:43:00,EVBG
39.955,39.955,39.925,39.94,1900,2022-06-03 19:44:00,EVBG
39.95,39.955,39.92,39.92,1335,2022-06-03 19:45:00,EVBG
39.94,39.97,39.94,39.97,1100,2022-06-03 19:46:00,EVBG
39.99,40.025,39.99,40.02,1570,2022-06-03 19:47:00,EVBG
40.015,40.015,39.995,39.995,1561,2022-06-03 19:48:00,EVBG
39.995,39.995,39.92,39.92,2797,2022-06-03 19:49:00,EVBG
39.92,39.92,39.815,39.86,2595,2022-06-03 19:50:00,EVBG
39.91,39.96,39.91,39.94,1819,2022-06-03 19:51:00,EVBG
39.94,40.0,39.93,40.0,2468,2022-06-03 19:52:00,EVBG
40.04,40.06,40.01,40.035,4247,2022-06-03 19:53:00,EVBG
40.015,40.015,39.91,39.92,5129,2022-06-03 19:54:00,EVBG
40.05,40.05,39.99,39.99,2989,2022-06-03 19:55:00,EVBG
39.99,39.99,39.9,39.95,3607,2022-06-03 19:56:00,EVBG
39.96,39.98,39.95,39.96,4413,2022-06-03 19:57:00,EVBG
39.965,40.02,39.965,39.99,5943,2022-06-03 19:58:00,EVBG
40.0,40.06,39.96,40.0,7395,2022-06-03 19:59:00,EVBG
39.95,39.95,39.95,39.95,39503,2022-06-03 20:00:00,EVBG
41.09,41.2,40.75,41.2,8832,2022-06-06 13:30:00,EVBG
41.24,41.24,41.24,41.24,104,2022-06-06 13:31:00,EVBG
40.96,41.08,40.88,41.08,2300,2022-06-06 13:32:00,EVBG
41.24,41.275,41.13,41.13,500,2022-06-06 13:33:00,EVBG
40.95,40.95,40.79,40.79,1206,2022-06-06 13:34:00,EVBG
40.795,40.87,40.64,40.72,1500,2022-06-06 13:35:00,EVBG
40.76,40.84,40.66,40.66,2667,2022-06-06 13:36:00,EVBG
40.47,40.47,40.47,40.47,1000,2022-06-06 13:37:00,EVBG
40.22,40.22,40.05,40.08,520,2022-06-06 13:38:00,EVBG
40.14,40.14,40.13,40.13,201,2022-06-06 13:39:00,EVBG
39.91,39.91,39.91,39.91,100,2022-06-06 13:40:00,EVBG
40.0,40.06,40.0,40.06,200,2022-06-06 13:42:00,EVBG
40.2,40.2,40.2,40.2,100,2022-06-06 13:43:00,EVBG
40.01,40.025,39.87,39.89,500,2022-06-06 13:45:00,EVBG
39.87,39.87,39.725,39.725,400,2022-06-06 13:46:00,EVBG
39.63,39.7,39.55,39.67,952,2022-06-06 13:47:00,EVBG
39.73,39.73,39.67,39.67,1000,2022-06-06 13:49:00,EVBG
39.8,39.8,39.66,39.66,300,2022-06-06 13:50:00,EVBG
39.85,39.87,39.8,39.85,800,2022-06-06 13:52:00,EVBG
39.943,39.99,39.9267,39.99,400,2022-06-06 13:53:00,EVBG
39.99,39.99,39.92,39.92,300,2022-06-06 13:54:00,EVBG
39.83,39.86,39.78,39.85,2300,2022-06-06 13:55:00,EVBG
39.8199,39.8199,39.4701,39.59,600,2022-06-06 13:56:00,EVBG
39.57,39.58,39.57,39.58,300,2022-06-06 13:57:00,EVBG
39.5,39.5,39.44,39.44,400,2022-06-06 13:58:00,EVBG
39.53,39.575,39.53,39.575,300,2022-06-06 13:59:00,EVBG
39.9,40.01,39.9,39.99,1200,2022-06-06 14:00:00,EVBG
40.025,40.1,40.025,40.06,1100,2022-06-06 14:01:00,EVBG
40.03,40.09,40.02,40.05,725,2022-06-06 14:02:00,EVBG
40.05,40.1,40.0,40.0,2408,2022-06-06 14:03:00,EVBG
39.97,40.0,39.92,40.0,900,2022-06-06 14:04:00,EVBG
39.965,39.97,39.87,39.97,400,2022-06-06 14:05:00,EVBG
40.0,40.02,39.96,39.99,1600,2022-06-06 14:06:00,EVBG
40.0,40.1,40.0,40.01,2630,2022-06-06 14:07:00,EVBG
40.0,40.0,39.905,39.93,3205,2022-06-06 14:08:00,EVBG
39.895,39.94,39.895,39.94,600,2022-06-06 14:09:00,EVBG
39.85,39.85,39.78,39.78,200,2022-06-06 14:10:00,EVBG
39.83,39.99,39.83,39.99,700,2022-06-06 14:11:00,EVBG
40.05,40.05,39.98,39.98,700,2022-06-06 14:12:00,EVBG
40.03,40.045,39.88,39.88,600,2022-06-06 14:13:00,EVBG
39.905,39.905,39.88,39.89,600,2022-06-06 14:14:00,EVBG
39.86,39.86,39.755,39.83,500,2022-06-06 14:16:00,EVBG
39.83,39.89,39.83,39.89,200,2022-06-06 14:17:00,EVBG
39.815,39.815,39.76,39.76,200,2022-06-06 14:18:00,EVBG
39.77,39.83,39.76,39.83,500,2022-06-06 14:19:00,EVBG
39.823,39.84,39.785,39.805,600,2022-06-06 14:21:00,EVBG
39.805,39.805,39.805,39.805,100,2022-06-06 14:22:00,EVBG
39.805,39.805,39.805,39.805,100,2022-06-06 14:23:00,EVBG
39.86,39.955,39.83,39.83,900,2022-06-06 14:24:00,EVBG
39.82,39.82,39.81,39.81,300,2022-06-06 14:25:00,EVBG
39.83,39.835,39.83,39.83,400,2022-06-06 14:26:00,EVBG
39.86,39.9,39.85,39.9,8588,2022-06-06 14:27:00,EVBG
39.88,39.9,39.88,39.88,3543,2022-06-06 14:28:00,EVBG
39.9,39.9,39.88,39.88,2924,2022-06-06 14:29:00,EVBG
39.9,40.02,39.88,39.985,8154,2022-06-06 14:30:00,EVBG
40.01,40.01,40.0,40.0,200,2022-06-06 14:31:00,EVBG
40.0412,40.1,40.04,40.08,2700,2022-06-06 14:32:00,EVBG
40.075,40.1,40.075,40.1,1500,2022-06-06 14:33:00,EVBG
40.1,40.17,40.1,40.17,1200,2022-06-06 14:34:00,EVBG
40.24,40.275,40.12,40.13,3300,2022-06-06 14:35:00,EVBG
40.08,40.08,40.07,40.08,500,2022-06-06 14:38:00,EVBG
40.123,40.13,40.123,40.13,200,2022-06-06 14:39:00,EVBG
40.14,40.14,40.12,40.12,500,2022-06-06 14:40:00,EVBG
40.08,40.09,40.08,40.085,400,2022-06-06 14:41:00,EVBG
40.03,40.03,40.03,40.03,100,2022-06-06 14:42:00,EVBG
40.0,40.0,40.0,40.0,300,2022-06-06 14:43:00,EVBG
39.95,39.95,39.95,39.95,100,2022-06-06 14:44:00,EVBG
39.96,39.97,39.96,39.97,200,2022-06-06 14:48:00,EVBG
39.965,39.965,39.965,39.965,100,2022-06-06 14:50:00,EVBG
39.98,39.98,39.98,39.98,100,2022-06-06 14:51:00,EVBG
40.01,40.01,40.01,40.01,100,2022-06-06 14:52:00,EVBG
39.94,39.94,39.84,39.84,200,2022-06-06 14:53:00,EVBG
39.79,39.79,39.78,39.78,200,2022-06-06 14:54:00,EVBG
39.75,39.75,39.66,39.66,200,2022-06-06 14:55:00,EVBG
39.685,39.685,39.65,39.65,300,2022-06-06 14:56:00,EVBG
39.66,39.66,39.66,39.66,100,2022-06-06 14:57:00,EVBG
39.66,39.67,39.6,39.67,300,2022-06-06 14:58:00,EVBG
39.675,39.78,39.675,39.78,613,2022-06-06 14:59:00,EVBG
39.77,39.77,39.77,39.77,100,2022-06-06 15:00:00,EVBG
39.76,39.82,39.76,39.82,600,2022-06-06 15:01:00,EVBG
39.865,39.95,39.865,39.94,900,2022-06-06 15:03:00,EVBG
39.95,39.95,39.92,39.92,400,2022-06-06 15:04:00,EVBG
39.87,39.87,39.87,39.87,100,2022-06-06 15:05:00,EVBG
39.845,39.845,39.8,39.8,400,2022-06-06 15:06:00,EVBG
39.76,39.79,39.73,39.73,800,2022-06-06 15:07:00,EVBG
39.61,39.61,39.61,39.61,100,2022-06-06 15:09:00,EVBG
39.52,39.54,39.45,39.47,4800,2022-06-06 15:10:00,EVBG
39.42,39.44,39.37,39.37,810,2022-06-06 15:11:00,EVBG
39.29,39.29,39.29,39.29,100,2022-06-06 15:12:00,EVBG
39.32,39.32,39.32,39.32,100,2022-06-06 15:13:00,EVBG
39.3728,39.3728,39.3728,39.3728,157,2022-06-06 15:14:00,EVBG
39.25,39.29,39.25,39.25,500,2022-06-06 15:15:00,EVBG
39.245,39.245,39.21,39.21,600,2022-06-06 15:16:00,EVBG
39.08,39.08,39.08,39.08,100,2022-06-06 15:17:00,EVBG
39.18,39.18,39.16,39.16,300,2022-06-06 15:18:00,EVBG
39.135,39.135,39.09,39.09,200,2022-06-06 15:19:00,EVBG
39.19,39.24,39.18,39.24,654,2022-06-06 15:22:00,EVBG
39.19,39.19,39.155,39.155,400,2022-06-06 15:23:00,EVBG
39.19,39.19,39.15,39.15,500,2022-06-06 15:24:00,EVBG
39.08,39.08,39.08,39.08,200,2022-06-06 15:25:00,EVBG
39.05,39.08,39.03,39.05,1500,2022-06-06 15:26:00,EVBG
39.055,39.1,39.055,39.1,700,2022-06-06 15:27:00,EVBG
39.11,39.12,39.11,39.11,400,2022-06-06 15:28:00,EVBG
39.04,39.05,39.04,39.05,309,2022-06-06 15:30:00,EVBG
38.95,39.025,38.93,38.98,1300,2022-06-06 15:31:00,EVBG
39.02,39.02,39.02,39.02,607,2022-06-06 15:33:00,EVBG
38.985,38.985,38.95,38.95,400,2022-06-06 15:34:00,EVBG
38.87,38.89,38.87,38.89,200,2022-06-06 15:35:00,EVBG
38.88,38.92,38.87,38.88,409,2022-06-06 15:36:00,EVBG
38.9,38.9,38.9,38.9,100,2022-06-06 15:37:00,EVBG
38.9,38.99,38.9,38.99,1520,2022-06-06 15:38:00,EVBG
39.03,39.03,38.95,38.95,800,2022-06-06 15:39:00,EVBG
38.92,38.92,38.92,38.92,120,2022-06-06 15:40:00,EVBG
38.93,38.93,38.93,38.93,200,2022-06-06 15:42:00,EVBG
38.98,38.98,38.98,38.98,100,2022-06-06 15:44:00,EVBG
39.03,39.03,39.03,39.03,400,2022-06-06 15:45:00,EVBG
39.07,39.1088,39.07,39.1088,2187,2022-06-06 15:47:00,EVBG
39.075,39.075,39.075,39.075,200,2022-06-06 15:49:00,EVBG
39.1,39.15,39.1,39.15,600,2022-06-06 15:50:00,EVBG
39.18,39.19,39.18,39.19,400,2022-06-06 15:51:00,EVBG
39.29,39.29,39.29,39.29,100,2022-06-06 15:52:00,EVBG
39.35,39.35,39.33,39.33,300,2022-06-06 15:53:00,EVBG
39.36,39.36,39.27,39.27,800,2022-06-06 15:56:00,EVBG
39.35,39.36,39.35,39.36,400,2022-06-06 15:58:00,EVBG
39.39,39.39,39.32,39.32,300,2022-06-06 16:00:00,EVBG
39.26,39.26,39.26,39.26,200,2022-06-06 16:01:00,EVBG
39.11,39.11,39.05,39.05,400,2022-06-06 16:02:00,EVBG
38.98,39.02,38.98,39.02,300,2022-06-06 16:03:00,EVBG
38.955,38.98,38.955,38.98,400,2022-06-06 16:04:00,EVBG
39.02,39.02,39.02,39.02,200,2022-06-06 16:06:00,EVBG
39.02,39.02,39.02,39.02,100,2022-06-06 16:09:00,EVBG
38.97,38.97,38.97,38.97,300,2022-06-06 16:10:00,EVBG
38.97,38.995,38.97,38.995,1000,2022-06-06 16:11:00,EVBG
38.92,38.92,38.92,38.92,100,2022-06-06 16:12:00,EVBG
38.89,38.93,38.88,38.91,1000,2022-06-06 16:13:00,EVBG
38.87,38.87,38.84,38.87,500,2022-06-06 16:15:00,EVBG
38.88,38.91,38.88,38.91,300,2022-06-06 16:16:00,EVBG
38.89,38.89,38.89,38.89,100,2022-06-06 16:17:00,EVBG
38.95,38.95,38.95,38.95,200,2022-06-06 16:19:00,EVBG
38.97,38.97,38.97,38.97,100,2022-06-06 16:20:00,EVBG
38.95,38.95,38.95,38.95,100,2022-06-06 16:21:00,EVBG
38.94,38.94,38.94,38.94,100,2022-06-06 16:23:00,EVBG
38.965,38.965,38.88,38.88,900,2022-06-06 16:24:00,EVBG
38.92,38.94,38.92,38.94,300,2022-06-06 16:25:00,EVBG
38.955,38.955,38.955,38.955,100,2022-06-06 16:26:00,EVBG
38.89,38.89,38.89,38.89,100,2022-06-06 16:29:00,EVBG
38.85,38.85,38.77,38.77,500,2022-06-06 16:30:00,EVBG
38.76,38.78,38.71,38.77,1100,2022-06-06 16:31:00,EVBG
38.75,38.75,38.75,38.75,100,2022-06-06 16:32:00,EVBG
38.85,38.85,38.845,38.845,200,2022-06-06 16:33:00,EVBG
38.89,38.9,38.89,38.89,400,2022-06-06 16:36:00,EVBG
38.933,38.94,38.92,38.92,300,2022-06-06 16:37:00,EVBG
38.92,38.92,38.87,38.905,1400,2022-06-06 16:38:00,EVBG
38.92,38.985,38.92,38.985,300,2022-06-06 16:39:00,EVBG
38.95,38.95,38.94,38.94,400,2022-06-06 16:40:00,EVBG
38.96,38.96,38.96,38.96,200,2022-06-06 16:41:00,EVBG
38.99,39.0,38.99,39.0,490,2022-06-06 16:43:00,EVBG
39.005,39.05,39.005,39.05,700,2022-06-06 16:46:00,EVBG
39.05,39.05,39.01,39.01,300,2022-06-06 16:47:00,EVBG
38.98,38.98,38.98,38.98,200,2022-06-06 16:49:00,EVBG
38.98,39.025,38.98,38.99,300,2022-06-06 16:50:00,EVBG
38.98,38.98,38.98,38.98,100,2022-06-06 16:52:00,EVBG
38.99,39.14,38.99,39.13,4602,2022-06-06 16:53:00,EVBG
39.12,39.14,39.12,39.13,500,2022-06-06 16:54:00,EVBG
39.18,39.18,39.17,39.17,200,2022-06-06 16:56:00,EVBG
39.19,39.19,39.19,39.19,100,2022-06-06 17:00:00,EVBG
39.19,39.26,39.19,39.23,1100,2022-06-06 17:02:00,EVBG
39.235,39.235,39.17,39.17,300,2022-06-06 17:03:00,EVBG
39.19,39.19,39.19,39.19,100,2022-06-06 17:04:00,EVBG
39.13,39.13,39.13,39.13,100,2022-06-06 17:05:00,EVBG
39.18,39.18,39.18,39.18,100,2022-06-06 17:09:00,EVBG
39.17,39.17,39.155,39.155,200,2022-06-06 17:10:00,EVBG
39.13,39.13,39.08,39.08,600,2022-06-06 17:11:00,EVBG
39.05,39.05,39.04,39.04,200,2022-06-06 17:12:00,EVBG
39.01,39.06,39.01,39.06,600,2022-06-06 17:13:00,EVBG
39.0567,39.1,39.0567,39.1,738,2022-06-06 17:14:00,EVBG
39.08,39.16,39.075,39.16,1100,2022-06-06 17:15:00,EVBG
39.1,39.1,39.09,39.09,600,2022-06-06 17:16:00,EVBG
39.11,39.11,39.11,39.11,200,2022-06-06 17:17:00,EVBG
39.1,39.15,39.1,39.15,521,2022-06-06 17:18:00,EVBG
39.14,39.14,39.09,39.09,1182,2022-06-06 17:19:00,EVBG
39.08,39.089,39.0015,39.0015,1000,2022-06-06 17:20:00,EVBG
39.0,39.0,39.0,39.0,200,2022-06-06 17:21:00,EVBG
39.02,39.03,39.02,39.03,300,2022-06-06 17:22:00,EVBG
39.08,39.15,39.08,39.15,400,2022-06-06 17:24:00,EVBG
39.07,39.07,39.07,39.07,100,2022-06-06 17:25:00,EVBG
39.19,39.23,39.19,39.23,500,2022-06-06 17:30:00,EVBG
39.2001,39.323,39.2001,39.29,610,2022-06-06 17:31:00,EVBG
39.28,39.28,39.25,39.25,400,2022-06-06 17:32:00,EVBG
39.2,39.215,39.2,39.215,200,2022-06-06 17:34:00,EVBG
39.16,39.16,39.16,39.16,100,2022-06-06 17:35:00,EVBG
39.205,39.205,39.205,39.205,100,2022-06-06 17:36:00,EVBG
39.22,39.26,39.18,39.26,900,2022-06-06 17:37:00,EVBG
39.32,39.33,39.3,39.33,700,2022-06-06 17:40:00,EVBG
39.345,39.345,39.345,39.345,100,2022-06-06 17:41:00,EVBG
39.3634,39.37,39.3634,39.37,1100,2022-06-06 17:43:00,EVBG
39.43,39.51,39.41,39.51,400,2022-06-06 17:44:00,EVBG
39.53,39.575,39.53,39.575,200,2022-06-06 17:45:00,EVBG
39.59,39.59,39.59,39.59,100,2022-06-06 17:47:00,EVBG
39.56,39.58,39.55,39.58,600,2022-06-06 17:48:00,EVBG
39.68,39.72,39.64,39.72,702,2022-06-06 17:50:00,EVBG
39.68,39.68,39.67,39.67,200,2022-06-06 17:51:00,EVBG
39.66,39.66,39.6,39.6,700,2022-06-06 17:53:00,EVBG
39.63,39.63,39.62,39.62,200,2022-06-06 17:54:00,EVBG
39.65,39.69,39.65,39.69,1700,2022-06-06 17:55:00,EVBG
39.615,39.615,39.615,39.615,100,2022-06-06 17:57:00,EVBG
39.69,39.69,39.69,39.69,300,2022-06-06 17:58:00,EVBG
39.675,39.84,39.675,39.84,700,2022-06-06 18:00:00,EVBG
39.8,39.8,39.7,39.8,2600,2022-06-06 18:01:00,EVBG
39.81,39.81,39.81,39.81,100,2022-06-06 18:02:00,EVBG
39.83,39.83,39.79,39.79,500,2022-06-06 18:03:00,EVBG
39.79,39.79,39.79,39.79,100,2022-06-06 18:05:00,EVBG
39.76,39.76,39.74,39.74,200,2022-06-06 18:06:00,EVBG
39.76,39.76,39.71,39.71,700,2022-06-06 18:07:00,EVBG
39.71,39.71,39.69,39.69,200,2022-06-06 18:08:00,EVBG
39.68,39.75,39.67,39.75,1330,2022-06-06 18:09:00,EVBG
39.76,39.78,39.76,39.78,200,2022-06-06 18:10:00,EVBG
39.8,39.8,39.8,39.8,100,2022-06-06 18:11:00,EVBG
39.8,39.8,39.8,39.8,100,2022-06-06 18:12:00,EVBG
39.78,39.78,39.78,39.78,100,2022-06-06 18:13:00,EVBG
39.8,39.839,39.8,39.839,200,2022-06-06 18:14:00,EVBG
39.8,39.8,39.8,39.8,100,2022-06-06 18:15:00,EVBG
39.75,39.77,39.75,39.77,700,2022-06-06 18:16:00,EVBG
39.77,39.81,39.77,39.79,900,2022-06-06 18:17:00,EVBG
39.78,39.78,39.78,39.78,100,2022-06-06 18:18:00,EVBG
39.73,39.73,39.7,39.7,1400,2022-06-06 18:20:00,EVBG
39.615,39.615,39.58,39.58,200,2022-06-06 18:22:00,EVBG
39.58,39.72,39.57,39.72,6114,2022-06-06 18:23:00,EVBG
39.7,39.82,39.7,39.82,800,2022-06-06 18:24:00,EVBG
39.86,39.9,39.86,39.87,680,2022-06-06 18:25:00,EVBG
39.84,39.88,39.81,39.88,800,2022-06-06 18:26:00,EVBG
39.85,39.85,39.8,39.85,1149,2022-06-06 18:27:00,EVBG
39.85,39.855,39.85,39.855,300,2022-06-06 18:31:00,EVBG
39.86,39.86,39.81,39.81,1000,2022-06-06 18:32:00,EVBG
39.835,39.89,39.835,39.89,554,2022-06-06 18:33:00,EVBG
39.94,39.97,39.93,39.97,400,2022-06-06 18:34:00,EVBG
39.96,39.98,39.96,39.98,200,2022-06-06 18:35:00,EVBG
39.93,39.93,39.92,39.92,200,2022-06-06 18:36:00,EVBG
39.9,39.9,39.86,39.86,1000,2022-06-06 18:37:00,EVBG
39.85,39.85,39.79,39.79,1110,2022-06-06 18:38:00,EVBG
39.8,39.8,39.8,39.8,100,2022-06-06 18:39:00,EVBG
39.83,39.83,39.83,39.83,100,2022-06-06 18:40:00,EVBG
39.81,39.81,39.81,39.81,200,2022-06-06 18:41:00,EVBG
39.83,39.85,39.83,39.85,679,2022-06-06 18:42:00,EVBG
39.89,39.89,39.89,39.89,167,2022-06-06 18:43:00,EVBG
39.96,39.96,39.96,39.96,100,2022-06-06 18:44:00,EVBG
39.97,39.97,39.97,39.97,100,2022-06-06 18:46:00,EVBG
39.99,40.01,39.99,40.01,914,2022-06-06 18:47:00,EVBG
40.01,40.01,39.96,39.96,1600,2022-06-06 18:48:00,EVBG
39.99,39.99,39.96,39.97,400,2022-06-06 18:49:00,EVBG
39.94,39.94,39.86,39.89,800,2022-06-06 18:50:00,EVBG
39.875,39.875,39.815,39.84,700,2022-06-06 18:51:00,EVBG
39.855,39.86,39.84,39.86,400,2022-06-06 18:52:00,EVBG
39.89,39.955,39.885,39.925,1000,2022-06-06 18:53:00,EVBG
39.9453,39.9453,39.9379,39.9379,226,2022-06-06 18:54:00,EVBG
39.96,39.96,39.96,39.96,100,2022-06-06 18:55:00,EVBG
39.95,39.97,39.95,39.95,400,2022-06-06 18:58:00,EVBG
39.96,39.96,39.96,39.96,100,2022-06-06 18:59:00,EVBG
39.93,39.93,39.88,39.9,1835,2022-06-06 19:00:00,EVBG
39.89,39.89,39.87,39.87,200,2022-06-06 19:01:00,EVBG
39.93,39.96,39.92,39.955,800,2022-06-06 19:02:00,EVBG
39.94,39.94,39.94,39.94,100,2022-06-06 19:03:00,EVBG
39.9,39.9,39.9,39.9,100,2022-06-06 19:04:00,EVBG
39.89,39.9,39.89,39.89,400,2022-06-06 19:05:00,EVBG
39.88,39.88,39.88,39.88,100,2022-06-06 19:06:00,EVBG
39.86,39.875,39.83,39.875,800,2022-06-06 19:07:00,EVBG
39.85,39.85,39.85,39.85,100,2022-06-06 19:08:00,EVBG
39.85,39.88,39.85,39.85,414,2022-06-06 19:10:00,EVBG
39.885,39.9,39.885,39.9,200,2022-06-06 19:11:00,EVBG
39.9,39.9,39.89,39.89,200,2022-06-06 19:12:00,EVBG
39.905,39.92,39.9,39.92,900,2022-06-06 19:13:00,EVBG
39.905,39.905,39.87,39.87,500,2022-06-06 19:14:00,EVBG
39.9,39.93,39.88,39.93,1400,2022-06-06 19:16:00,EVBG
39.94,39.945,39.9,39.9,1800,2022-06-06 19:18:00,EVBG
39.905,39.905,39.8,39.8,1000,2022-06-06 19:19:00,EVBG
39.77,39.77,39.75,39.75,900,2022-06-06 19:20:00,EVBG
39.755,39.76,39.755,39.76,300,2022-06-06 19:21:00,EVBG
39.86,39.86,39.86,39.86,100,2022-06-06 19:22:00,EVBG
39.87,39.883,39.86,39.883,800,2022-06-06 19:23:00,EVBG
39.87,39.87,39.84,39.86,3504,2022-06-06 19:24:00,EVBG
39.84,39.84,39.83,39.83,700,2022-06-06 19:25:00,EVBG
39.84,39.84,39.81,39.81,400,2022-06-06 19:26:00,EVBG
39.8,39.805,39.8,39.805,200,2022-06-06 19:27:00,EVBG
39.82,39.82,39.78,39.78,1353,2022-06-06 19:28:00,EVBG
39.77,39.78,39.77,39.77,533,2022-06-06 19:29:00,EVBG
39.77,39.78,39.72,39.775,3800,2022-06-06 19:30:00,EVBG
39.77,39.839,39.77,39.825,1100,2022-06-06 19:31:00,EVBG
39.85,39.85,39.85,39.85,100,2022-06-06 19:34:00,EVBG
39.81,39.81,39.76,39.76,1700,2022-06-06 19:35:00,EVBG
39.765,39.765,39.73,39.749,1324,2022-06-06 19:36:00,EVBG
39.73,39.739,39.66,39.66,1400,2022-06-06 19:37:00,EVBG
39.65,39.73,39.65,39.73,1650,2022-06-06 19:38:00,EVBG
39.72,39.72,39.71,39.71,200,2022-06-06 19:39:00,EVBG
39.72,39.72,39.7,39.72,900,2022-06-06 19:40:00,EVBG
39.73,39.76,39.73,39.75,539,2022-06-06 19:41:00,EVBG
39.8,39.86,39.8,39.86,400,2022-06-06 19:42:00,EVBG
39.86,39.86,39.84,39.855,400,2022-06-06 19:43:00,EVBG
39.83,39.84,39.81,39.84,1123,2022-06-06 19:44:00,EVBG
39.84,39.88,39.83,39.85,1100,2022-06-06 19:45:00,EVBG
39.84,39.84,39.83,39.83,300,2022-06-06 19:46:00,EVBG
39.84,39.84,39.81,39.815,2300,2022-06-06 19:47:00,EVBG
39.82,39.855,39.815,39.85,1300,2022-06-06 19:48:00,EVBG
39.855,39.9,39.855,39.895,700,2022-06-06 19:49:00,EVBG
39.895,40.01,39.895,39.95,12826,2022-06-06 19:50:00,EVBG
39.93,39.96,39.91,39.96,1789,2022-06-06 19:51:00,EVBG
39.969,40.0075,39.95,40.0075,2500,2022-06-06 19:52:00,EVBG
40.02,40.085,40.02,40.06,2449,2022-06-06 19:53:00,EVBG
40.05,40.075,40.02,40.075,1872,2022-06-06 19:54:00,EVBG
40.06,40.08,40.05,40.05,3776,2022-06-06 19:55:00,EVBG
40.065,40.065,40.04,40.055,3638,2022-06-06 19:56:00,EVBG
40.05,40.07,39.99,39.99,4300,2022-06-06 19:57:00,EVBG
39.99,40.009,39.965,40.009,3916,2022-06-06 19:58:00,EVBG
40.01,40.11,40.0,40.11,7871,2022-06-06 19:59:00,EVBG
40.11,40.11,40.11,40.11,38243,2022-06-06 20:00:00,EVBG
39.54,39.79,39.47,39.79,3430,2022-06-07 13:30:00,EVBG
39.98,40.07,39.98,40.07,200,2022-06-07 13:31:00,EVBG
39.76,39.76,39.66,39.66,200,2022-06-07 13:32:00,EVBG
40.07,40.18,40.025,40.025,700,2022-06-07 13:34:00,EVBG
40.13,40.16,39.98,39.98,600,2022-06-07 13:35:00,EVBG
40.045,40.045,40.045,40.045,200,2022-06-07 13:36:00,EVBG
39.85,40.04,39.85,39.87,1251,2022-06-07 13:37:00,EVBG
40.29,40.3,40.18,40.18,511,2022-06-07 13:41:00,EVBG
40.2,40.205,40.2,40.2,1200,2022-06-07 13:42:00,EVBG
40.12,40.12,40.07,40.07,600,2022-06-07 13:43:00,EVBG
40.135,40.135,40.04,40.04,924,2022-06-07 13:44:00,EVBG
40.025,40.1,39.96,40.01,1467,2022-06-07 13:46:00,EVBG
39.94,40.0,39.94,40.0,720,2022-06-07 13:47:00,EVBG
39.91,39.91,39.91,39.91,200,2022-06-07 13:48:00,EVBG
40.02,40.165,40.02,40.115,1500,2022-06-07 13:49:00,EVBG
40.24,40.24,40.24,40.24,100,2022-06-07 13:50:00,EVBG
40.44,40.51,40.43,40.51,600,2022-06-07 13:51:00,EVBG
40.485,40.485,40.37,40.39,5770,2022-06-07 13:52:00,EVBG
40.39,40.445,40.39,40.435,2889,2022-06-07 13:53:00,EVBG
40.4299,40.4299,40.28,40.28,1680,2022-06-07 13:54:00,EVBG
40.23,40.23,40.035,40.035,5503,2022-06-07 13:55:00,EVBG
40.11,40.12,40.09,40.115,5300,2022-06-07 13:56:00,EVBG
40.05,40.05,39.94,39.94,500,2022-06-07 13:57:00,EVBG
40.0,40.02,40.0,40.0,745,2022-06-07 13:58:00,EVBG
40.01,40.01,40.0,40.0,400,2022-06-07 13:59:00,EVBG
39.94,39.94,39.8,39.92,570,2022-06-07 14:00:00,EVBG
39.93,39.93,39.93,39.93,100,2022-06-07 14:01:00,EVBG
40.015,40.04,39.95,40.015,1182,2022-06-07 14:02:00,EVBG
39.99,39.99,39.99,39.99,100,2022-06-07 14:03:00,EVBG
39.93,40.02,39.8811,40.02,463,2022-06-07 14:04:00,EVBG
40.07,40.07,40.07,40.07,100,2022-06-07 14:05:00,EVBG
40.16,40.23,39.98,39.98,1200,2022-06-07 14:06:00,EVBG
39.91,39.91,39.91,39.91,100,2022-06-07 14:07:00,EVBG
39.83,39.83,39.83,39.83,100,2022-06-07 14:08:00,EVBG
39.955,39.955,39.955,39.955,100,2022-06-07 14:11:00,EVBG
39.96,40.02,39.96,40.0,700,2022-06-07 14:12:00,EVBG
40.035,40.035,40.035,40.035,200,2022-06-07 14:13:00,EVBG
40.15,40.2,40.15,40.2,400,2022-06-07 14:14:00,EVBG
40.23,40.23,40.23,40.23,100,2022-06-07 14:15:00,EVBG
40.31,40.31,40.31,40.31,100,2022-06-07 14:16:00,EVBG
40.445,40.445,40.445,40.445,100,2022-06-07 14:17:00,EVBG
40.415,40.458,40.415,40.458,267,2022-06-07 14:18:00,EVBG
40.35,40.35,40.22,40.22,1500,2022-06-07 14:19:00,EVBG
40.28,40.38,40.28,40.36,900,2022-06-07 14:20:00,EVBG
40.39,40.41,40.39,40.41,300,2022-06-07 14:21:00,EVBG
40.38,40.41,40.38,40.41,200,2022-06-07 14:22:00,EVBG
40.46,40.46,40.4175,40.42,2434,2022-06-07 14:24:00,EVBG
40.38,40.445,40.38,40.445,400,2022-06-07 14:25:00,EVBG
40.49,40.49,40.36,40.36,1367,2022-06-07 14:26:00,EVBG
40.345,40.38,40.345,40.38,300,2022-06-07 14:27:00,EVBG
40.38,40.52,40.38,40.5,700,2022-06-07 14:28:00,EVBG
40.48,40.48,40.48,40.48,100,2022-06-07 14:31:00,EVBG
40.535,40.59,40.535,40.58,400,2022-06-07 14:32:00,EVBG
40.62,40.62,40.59,40.59,200,2022-06-07 14:33:00,EVBG
40.61,40.61,40.56,40.57,700,2022-06-07 14:35:00,EVBG
40.64,40.64,40.62,40.62,500,2022-06-07 14:37:00,EVBG
40.65,40.67,40.63,40.63,600,2022-06-07 14:38:00,EVBG
40.73,40.73,40.68,40.69,1100,2022-06-07 14:39:00,EVBG
40.73,40.73,40.66,40.66,350,2022-06-07 14:40:00,EVBG
40.7,40.77,40.68,40.77,2100,2022-06-07 14:41:00,EVBG
40.76,40.83,40.75,40.83,600,2022-06-07 14:42:00,EVBG
40.88,40.91,40.88,40.91,300,2022-06-07 14:43:00,EVBG
40.9,40.91,40.85,40.91,1600,2022-06-07 14:44:00,EVBG
40.88,40.96,40.88,40.93,1000,2022-06-07 14:45:00,EVBG
40.95,40.95,40.95,40.95,100,2022-06-07 14:46:00,EVBG
40.995,41.04,40.995,41.04,614,2022-06-07 14:47:00,EVBG
41.035,41.06,40.99,41.06,400,2022-06-07 14:48:00,EVBG
41.06,41.08,41.06,41.06,767,2022-06-07 14:49:00,EVBG
41.075,41.075,41.075,41.075,109,2022-06-07 14:50:00,EVBG
41.005,41.005,40.98,40.9875,800,2022-06-07 14:51:00,EVBG
40.985,41.03,40.985,41.01,900,2022-06-07 14:52:00,EVBG
41.02,41.02,41.02,41.02,100,2022-06-07 14:53:00,EVBG
41.02,41.04,40.965,40.965,500,2022-06-07 14:54:00,EVBG
40.98,40.99,40.97,40.99,300,2022-06-07 14:55:00,EVBG
40.99,40.99,40.925,40.925,467,2022-06-07 14:56:00,EVBG
40.91,40.91,40.89,40.89,484,2022-06-07 14:58:00,EVBG
40.9,40.92,40.87,40.91,1181,2022-06-07 14:59:00,EVBG
40.92,40.92,40.86,40.865,408,2022-06-07 15:00:00,EVBG
40.94,40.98,40.94,40.97,800,2022-06-07 15:02:00,EVBG
41.0,41.01,40.975,40.975,680,2022-06-07 15:03:00,EVBG
40.965,40.965,40.89,40.89,1453,2022-06-07 15:05:00,EVBG
40.88,40.88,40.85,40.85,868,2022-06-07 15:07:00,EVBG
40.83,40.83,40.78,40.78,500,2022-06-07 15:09:00,EVBG
40.74,40.78,40.67,40.78,1200,2022-06-07 15:10:00,EVBG
40.725,40.77,40.71,40.77,400,2022-06-07 15:12:00,EVBG
40.79,40.815,40.75,40.75,602,2022-06-07 15:13:00,EVBG
40.715,40.715,40.705,40.705,329,2022-06-07 15:14:00,EVBG
40.705,40.705,40.705,40.705,750,2022-06-07 15:16:00,EVBG
40.68,40.68,40.64,40.64,200,2022-06-07 15:18:00,EVBG
40.59,40.59,40.58,40.59,400,2022-06-07 15:19:00,EVBG
40.59,40.595,40.56,40.575,1509,2022-06-07 15:20:00,EVBG
40.59,40.59,40.59,40.59,100,2022-06-07 15:21:00,EVBG
40.51,40.51,40.46,40.495,1261,2022-06-07 15:23:00,EVBG
40.52,40.53,40.52,40.53,300,2022-06-07 15:24:00,EVBG
40.55,40.55,40.51,40.51,767,2022-06-07 15:25:00,EVBG
40.49,40.5,40.47,40.48,1100,2022-06-07 15:26:00,EVBG
40.485,40.485,40.43,40.43,612,2022-06-07 15:27:00,EVBG
40.4,40.4,40.31,40.33,300,2022-06-07 15:28:00,EVBG
40.23,40.23,40.22,40.22,300,2022-06-07 15:30:00,EVBG
40.26,40.3,40.215,40.28,1236,2022-06-07 15:32:00,EVBG
40.33,40.35,40.33,40.35,467,2022-06-07 15:33:00,EVBG
40.31,40.31,40.24,40.27,1210,2022-06-07 15:34:00,EVBG
40.275,40.31,40.275,40.3,1063,2022-06-07 15:35:00,EVBG
40.295,40.295,40.28,40.28,200,2022-06-07 15:36:00,EVBG
40.3,40.3,40.27,40.27,561,2022-06-07 15:37:00,EVBG
40.26,40.26,40.26,40.26,100,2022-06-07 15:38:00,EVBG
40.26,40.26,40.22,40.25,600,2022-06-07 15:39:00,EVBG
40.25,40.25,40.07,40.105,900,2022-06-07 15:40:00,EVBG
40.11,40.145,40.11,40.145,597,2022-06-07 15:41:00,EVBG
40.16,40.21,40.145,40.145,1060,2022-06-07 15:42:00,EVBG
40.12,40.12,40.12,40.12,100,2022-06-07 15:44:00,EVBG
40.12,40.13,40.12,40.13,367,2022-06-07 15:45:00,EVBG
40.11,40.175,40.11,40.15,835,2022-06-07 15:46:00,EVBG
40.1,40.1,39.98,39.98,400,2022-06-07 15:47:00,EVBG
39.99,40.05,39.99,40.05,500,2022-06-07 15:50:00,EVBG
40.145,40.145,40.145,40.145,200,2022-06-07 15:52:00,EVBG
40.165,40.165,40.165,40.165,109,2022-06-07 15:53:00,EVBG
40.14,40.14,40.08,40.08,700,2022-06-07 15:54:00,EVBG
40.11,40.12,40.08,40.08,550,2022-06-07 15:55:00,EVBG
40.11,40.17,40.105,40.15,1697,2022-06-07 15:56:00,EVBG
40.15,40.15,40.06,40.07,1600,2022-06-07 15:57:00,EVBG
40.13,40.15,40.12,40.13,1021,2022-06-07 15:58:00,EVBG
40.16,40.175,40.15,40.175,1004,2022-06-07 15:59:00,EVBG
40.17,40.17,40.13,40.13,500,2022-06-07 16:00:00,EVBG
40.115,40.115,40.065,40.065,3767,2022-06-07 16:01:00,EVBG
40.04,40.04,40.04,40.04,102,2022-06-07 16:02:00,EVBG
40.04,40.04,40.04,40.04,100,2022-06-07 16:03:00,EVBG
40.04,40.04,40.04,40.04,100,2022-06-07 16:04:00,EVBG
39.98,40.01,39.98,40.005,800,2022-06-07 16:06:00,EVBG
40.02,40.04,40.02,40.02,1204,2022-06-07 16:07:00,EVBG
40.01,40.01,40.01,40.01,100,2022-06-07 16:08:00,EVBG
40.04,40.07,40.04,40.065,770,2022-06-07 16:10:00,EVBG
40.04,40.04,40.0375,40.0375,200,2022-06-07 16:11:00,EVBG
40.02,40.02,40.02,40.02,200,2022-06-07 16:12:00,EVBG
40.01,40.01,40.01,40.01,167,2022-06-07 16:13:00,EVBG
40.01,40.01,40.01,40.01,100,2022-06-07 16:14:00,EVBG
39.99,39.99,39.9,39.9,400,2022-06-07 16:15:00,EVBG
39.84,39.86,39.835,39.85,500,2022-06-07 16:16:00,EVBG
39.87,39.92,39.87,39.88,966,2022-06-07 16:18:00,EVBG
39.885,39.885,39.885,39.885,100,2022-06-07 16:20:00,EVBG
39.85,39.85,39.85,39.85,100,2022-06-07 16:21:00,EVBG
39.9,39.9,39.9,39.9,100,2022-06-07 16:22:00,EVBG
39.895,39.895,39.895,39.895,300,2022-06-07 16:23:00,EVBG
39.88,39.88,39.88,39.88,100,2022-06-07 16:24:00,EVBG
39.885,39.885,39.885,39.885,114,2022-06-07 16:25:00,EVBG
39.86,39.88,39.86,39.88,501,2022-06-07 16:26:00,EVBG
39.9,39.92,39.9,39.92,1002,2022-06-07 16:27:00,EVBG
39.89,39.9,39.88,39.9,500,2022-06-07 16:29:00,EVBG
39.89,39.915,39.86,39.86,600,2022-06-07 16:30:00,EVBG
39.81,39.84,39.81,39.84,200,2022-06-07 16:31:00,EVBG
39.92,39.98,39.92,39.98,500,2022-06-07 16:33:00,EVBG
39.95,39.95,39.95,39.95,100,2022-06-07 16:34:00,EVBG
39.94,39.94,39.94,39.94,200,2022-06-07 16:35:00,EVBG
39.92,39.94,39.9,39.93,500,2022-06-07 16:36:00,EVBG
39.9,39.9,39.87,39.87,300,2022-06-07 16:38:00,EVBG
39.92,39.97,39.92,39.97,700,2022-06-07 16:40:00,EVBG
39.98,40.015,39.98,40.015,200,2022-06-07 16:41:00,EVBG
39.99,39.99,39.97,39.97,200,2022-06-07 16:42:00,EVBG
39.955,39.955,39.955,39.955,100,2022-06-07 16:43:00,EVBG
39.93,39.93,39.93,39.93,100,2022-06-07 16:44:00,EVBG
39.89,39.89,39.89,39.89,100,2022-06-07 16:46:00,EVBG
39.89,39.89,39.89,39.89,100,2022-06-07 16:48:00,EVBG
39.85,39.86,39.85,39.86,214,2022-06-07 16:50:00,EVBG
39.84,39.84,39.84,39.84,300,2022-06-07 16:51:00,EVBG
39.86,39.88,39.86,39.88,200,2022-06-07 16:52:00,EVBG
39.93,39.985,39.93,39.985,600,2022-06-07 16:54:00,EVBG
39.99,39.99,39.99,39.99,200,2022-06-07 16:55:00,EVBG
39.9945,39.9945,39.9945,39.9945,1000,2022-06-07 16:56:00,EVBG
39.99,39.99,39.97,39.97,200,2022-06-07 16:57:00,EVBG
39.98,40.02,39.94,40.02,700,2022-06-07 16:58:00,EVBG
39.99,39.99,39.97,39.97,200,2022-06-07 17:00:00,EVBG
39.97,39.97,39.95,39.95,400,2022-06-07 17:01:00,EVBG
39.975,39.975,39.975,39.975,500,2022-06-07 17:03:00,EVBG
40.0,40.03,39.97,40.03,500,2022-06-07 17:04:00,EVBG
40.01,40.05,40.01,40.02,700,2022-06-07 17:05:00,EVBG
39.99,39.99,39.96,39.96,400,2022-06-07 17:06:00,EVBG
39.99,40.01,39.97,40.01,1101,2022-06-07 17:07:00,EVBG
40.02,40.03,40.02,40.025,600,2022-06-07 17:08:00,EVBG
40.06,40.07,40.04,40.04,818,2022-06-07 17:10:00,EVBG
40.02,40.05,40.02,40.05,607,2022-06-07 17:17:00,EVBG
40.04,40.04,40.04,40.04,100,2022-06-07 17:18:00,EVBG
40.07,40.09,40.05,40.05,700,2022-06-07 17:19:00,EVBG
40.095,40.095,40.095,40.095,200,2022-06-07 17:20:00,EVBG
40.11,40.115,40.1,40.1,400,2022-06-07 17:21:00,EVBG
40.095,40.1,40.02,40.02,1300,2022-06-07 17:22:00,EVBG
40.01,40.02,39.93,39.93,4600,2022-06-07 17:23:00,EVBG
39.935,39.935,39.93,39.93,200,2022-06-07 17:24:00,EVBG
39.9,39.9066,39.89,39.9,800,2022-06-07 17:25:00,EVBG
39.86,39.95,39.85,39.95,1400,2022-06-07 17:27:00,EVBG
39.96,39.96,39.96,39.96,200,2022-06-07 17:28:00,EVBG
39.955,39.955,39.9101,39.9101,200,2022-06-07 17:29:00,EVBG
39.97,39.97,39.97,39.97,200,2022-06-07 17:31:00,EVBG
40.0,40.0,40.0,40.0,100,2022-06-07 17:32:00,EVBG
40.045,40.075,40.045,40.075,1534,2022-06-07 17:35:00,EVBG
40.09,40.1,40.09,40.09,900,2022-06-07 17:36:00,EVBG
40.1,40.1,40.04,40.04,600,2022-06-07 17:37:00,EVBG
40.03,40.03,40.0,40.0,971,2022-06-07 17:38:00,EVBG
40.02,40.035,40.01,40.035,566,2022-06-07 17:39:00,EVBG
40.03,40.055,40.03,40.055,300,2022-06-07 17:40:00,EVBG
40.06,40.06,40.03,40.03,500,2022-06-07 17:41:00,EVBG
40.05,40.05,40.035,40.035,200,2022-06-07 17:43:00,EVBG
40.07,40.07,40.07,40.07,100,2022-06-07 17:44:00,EVBG
40.065,40.065,40.06,40.06,300,2022-06-07 17:45:00,EVBG
40.05,40.06,40.005,40.05,1772,2022-06-07 17:46:00,EVBG
40.03,40.03,40.03,40.03,100,2022-06-07 17:47:00,EVBG
40.02,40.05,40.01,40.035,2097,2022-06-07 17:49:00,EVBG
40.035,40.035,40.01,40.015,1800,2022-06-07 17:50:00,EVBG
40.0,40.04,40.0,40.04,321,2022-06-07 17:51:00,EVBG
40.07,40.105,40.06,40.105,400,2022-06-07 17:52:00,EVBG
40.1,40.1,40.01,40.01,2800,2022-06-07 17:53:00,EVBG
40.05,40.05,40.03,40.03,1353,2022-06-07 17:54:00,EVBG
40.015,40.015,40.015,40.015,100,2022-06-07 17:56:00,EVBG
40.03,40.04,40.02,40.04,437,2022-06-07 17:57:00,EVBG
40.03,40.03,40.0,40.01,1100,2022-06-07 18:00:00,EVBG
40.01,40.025,40.01,40.025,350,2022-06-07 18:01:00,EVBG
40.04,40.05,40.04,40.05,200,2022-06-07 18:02:00,EVBG
40.06,40.06,40.02,40.04,300,2022-06-07 18:05:00,EVBG
40.06,40.06,40.06,40.06,101,2022-06-07 18:06:00,EVBG
40.04,40.05,40.04,40.05,300,2022-06-07 18:07:00,EVBG
40.04,40.07,40.025,40.07,2296,2022-06-07 18:08:00,EVBG
40.07,40.1,40.05,40.09,1805,2022-06-07 18:09:00,EVBG
40.16,40.16,40.09,40.09,2718,2022-06-07 18:10:00,EVBG
40.09,40.09,40.01,40.01,3677,2022-06-07 18:11:00,EVBG
40.0,40.03,39.99,40.025,1365,2022-06-07 18:13:00,EVBG
40.02,40.02,40.02,40.02,100,2022-06-07 18:14:00,EVBG
40.03,40.03,40.03,40.03,100,2022-06-07 18:16:00,EVBG
40.05,40.065,40.05,40.065,300,2022-06-07 18:17:00,EVBG
40.06,40.06,40.01,40.015,2414,2022-06-07 18:19:00,EVBG
39.98,39.98,39.95,39.95,200,2022-06-07 18:20:00,EVBG
39.97,40.01,39.97,40.01,919,2022-06-07 18:21:00,EVBG
40.0,40.0,40.0,40.0,267,2022-06-07 18:22:00,EVBG
40.04,40.04,40.01,40.015,590,2022-06-07 18:25:00,EVBG
40.0149,40.0149,40.0149,40.0149,159,2022-06-07 18:28:00,EVBG
40.03,40.03,40.02,40.02,300,2022-06-07 18:29:00,EVBG
40.03,40.03,40.0113,40.025,410,2022-06-07 18:30:00,EVBG
40.025,40.06,40.025,40.06,1528,2022-06-07 18:31:00,EVBG
40.065,40.065,40.065,40.065,100,2022-06-07 18:32:00,EVBG
40.05,40.05,40.035,40.05,867,2022-06-07 18:33:00,EVBG
40.08,40.08,40.08,40.08,100,2022-06-07 18:34:00,EVBG
40.08,40.08,40.08,40.08,100,2022-06-07 18:35:00,EVBG
40.095,40.2,40.06,40.2,3100,2022-06-07 18:36:00,EVBG
40.155,40.155,40.05,40.085,4202,2022-06-07 18:37:00,EVBG
40.09,40.11,40.075,40.11,1610,2022-06-07 18:38:00,EVBG
40.11,40.13,40.11,40.13,905,2022-06-07 18:39:00,EVBG
40.12,40.14,40.075,40.125,6495,2022-06-07 18:40:00,EVBG
40.11,40.135,40.05,40.05,9705,2022-06-07 18:41:00,EVBG
40.06,40.07,40.03,40.03,695,2022-06-07 18:42:00,EVBG
40.03,40.03,40.0,40.015,1932,2022-06-07 18:43:00,EVBG
40.0,40.0,39.97,39.98,438,2022-06-07 18:44:00,EVBG
39.985,40.01,39.985,40.01,515,2022-06-07 18:45:00,EVBG
40.015,40.04,40.015,40.03,900,2022-06-07 18:46:00,EVBG
40.03,40.03,39.97,40.01,1200,2022-06-07 18:47:00,EVBG
40.01,40.01,40.01,40.01,100,2022-06-07 18:48:00,EVBG
40.04,40.04,40.005,40.0075,1320,2022-06-07 18:49:00,EVBG
40.0,40.0,40.0,40.0,400,2022-06-07 18:50:00,EVBG
40.0076,40.12,40.0076,40.1,1758,2022-06-07 18:51:00,EVBG
40.1,40.1,40.09,40.09,300,2022-06-07 18:52:00,EVBG
40.075,40.075,40.0,40.04,2920,2022-06-07 18:53:00,EVBG
40.0,40.0,39.93,39.93,1010,2022-06-07 18:55:00,EVBG
39.95,39.95,39.95,39.95,200,2022-06-07 18:56:00,EVBG
39.92,39.93,39.91,39.91,300,2022-06-07 19:00:00,EVBG
39.99,40.07,39.99,40.06,25095,2022-06-07 19:02:00,EVBG
40.0799,40.0799,40.0205,40.03,900,2022-06-07 19:03:00,EVBG
40.02,40.135,40.02,40.135,1867,2022-06-07 19:04:00,EVBG
40.195,40.195,40.195,40.195,100,2022-06-07 19:05:00,EVBG
40.23,40.31,40.23,40.31,1696,2022-06-07 19:06:00,EVBG
40.31,40.31,40.3,40.3,1923,2022-06-07 19:07:00,EVBG
40.29,40.29,40.25,40.25,1450,2022-06-07 19:08:00,EVBG
40.24,40.245,40.24,40.245,500,2022-06-07 19:09:00,EVBG
40.27,40.27,40.2663,40.2663,579,2022-06-07 19:10:00,EVBG
40.31,40.395,40.305,40.395,1973,2022-06-07 19:11:00,EVBG
40.35,40.35,40.35,40.35,100,2022-06-07 19:12:00,EVBG
40.43,40.43,40.4,40.4,700,2022-06-07 19:13:00,EVBG
40.39,40.42,40.39,40.42,300,2022-06-07 19:15:00,EVBG
40.43,40.43,40.42,40.43,700,2022-06-07 19:17:00,EVBG
40.45,40.45,40.45,40.45,200,2022-06-07 19:18:00,EVBG
40.45,40.47,40.45,40.47,404,2022-06-07 19:19:00,EVBG
40.45,40.54,40.45,40.54,3953,2022-06-07 19:20:00,EVBG
40.63,40.64,40.63,40.64,300,2022-06-07 19:21:00,EVBG
40.67,40.67,40.64,40.65,1400,2022-06-07 19:22:00,EVBG
40.65,40.65,40.63,40.65,800,2022-06-07 19:23:00,EVBG
40.64,40.65,40.62,40.65,704,2022-06-07 19:24:00,EVBG
40.63,40.63,40.63,40.63,100,2022-06-07 19:25:00,EVBG
40.63,40.64,40.63,40.64,400,2022-06-07 19:26:00,EVBG
40.66,40.66,40.64,40.64,200,2022-06-07 19:27:00,EVBG
40.67,40.67,40.66,40.66,400,2022-06-07 19:28:00,EVBG
40.64,40.65,40.64,40.65,200,2022-06-07 19:29:00,EVBG
40.62,40.64,40.609,40.609,300,2022-06-07 19:30:00,EVBG
40.59,40.62,40.57,40.57,817,2022-06-07 19:31:00,EVBG
40.58,40.64,40.58,40.639,1111,2022-06-07 19:32:00,EVBG
40.64,40.64,40.64,40.64,100,2022-06-07 19:33:00,EVBG
40.64,40.72,40.64,40.72,1000,2022-06-07 19:34:00,EVBG
40.7,40.7,40.69,40.7,350,2022-06-07 19:35:00,EVBG
40.71,40.71,40.71,40.71,100,2022-06-07 19:36:00,EVBG
40.73,40.73,40.73,40.73,100,2022-06-07 19:37:00,EVBG
40.74,40.76,40.74,40.76,400,2022-06-07 19:38:00,EVBG
40.77,40.77,40.755,40.755,200,2022-06-07 19:39:00,EVBG
40.78,40.78,40.76,40.76,500,2022-06-07 19:40:00,EVBG
40.755,40.755,40.755,40.755,374,2022-06-07 19:41:00,EVBG
40.73,40.73,40.71,40.71,300,2022-06-07 19:42:00,EVBG
40.7,40.73,40.7,40.73,1018,2022-06-07 19:43:00,EVBG
40.72,40.74,40.695,40.7,1400,2022-06-07 19:44:00,EVBG
40.709,40.74,40.7,40.7,3238,2022-06-07 19:45:00,EVBG
40.71,40.71,40.71,40.71,400,2022-06-07 19:46:00,EVBG
40.74,40.79,40.74,40.79,800,2022-06-07 19:47:00,EVBG
40.81,40.86,40.8,40.86,600,2022-06-07 19:48:00,EVBG
40.86,40.87,40.86,40.86,500,2022-06-07 19:49:00,EVBG
40.85,40.9,40.82,40.9,2428,2022-06-07 19:50:00,EVBG
40.875,40.875,40.85,40.85,1200,2022-06-07 19:51:00,EVBG
40.89,40.95,40.89,40.95,600,2022-06-07 19:52:00,EVBG
40.95,40.95,40.92,40.925,600,2022-06-07 19:53:00,EVBG
40.91,40.96,40.91,40.96,2656,2022-06-07 19:54:00,EVBG
40.93,40.965,40.89,40.965,4200,2022-06-07 19:55:00,EVBG
40.97,40.99,40.93,40.93,2997,2022-06-07 19:56:00,EVBG
40.925,40.925,40.88,40.91,2829,2022-06-07 19:57:00,EVBG
40.95,40.95,40.87,40.9,5099,2022-06-07 19:58:00,EVBG
40.875,40.89,40.74,40.78,10709,2022-06-07 19:59:00,EVBG
40.81,40.81,40.81,40.81,95219,2022-06-07 20:00:00,EVBG
40.81,40.81,40.81,40.81,409,2022-06-07 20:03:00,EVBG
40.71,40.71,40.71,40.71,180,2022-06-07 20:09:00,EVBG
40.71,41.26,40.71,41.02,7121,2022-06-08 13:30:00,EVBG
41.2,41.2,41.2,41.2,100,2022-06-08 13:31:00,EVBG
40.945,41.11,40.715,40.715,1300,2022-06-08 13:32:00,EVBG
40.75,40.865,40.72,40.72,700,2022-06-08 13:33:00,EVBG
41.0,41.0,40.68,40.68,346,2022-06-08 13:34:00,EVBG
40.92,41.3,40.92,41.2,1000,2022-06-08 13:35:00,EVBG
41.295,41.295,41.1,41.16,700,2022-06-08 13:36:00,EVBG
41.1,41.19,41.1,41.19,399,2022-06-08 13:37:00,EVBG
41.265,41.46,41.21,41.46,2931,2022-06-08 13:38:00,EVBG
41.448,41.575,41.39,41.39,1676,2022-06-08 13:39:00,EVBG
41.21,41.29,41.21,41.28,400,2022-06-08 13:41:00,EVBG
41.12,41.275,41.11,41.275,700,2022-06-08 13:42:00,EVBG
41.485,41.485,41.485,41.485,200,2022-06-08 13:43:00,EVBG
41.38,41.41,41.26,41.41,600,2022-06-08 13:44:00,EVBG
41.3,41.31,41.24,41.255,600,2022-06-08 13:45:00,EVBG
41.37,41.38,41.36,41.36,300,2022-06-08 13:46:00,EVBG
41.3,41.3,41.3,41.3,100,2022-06-08 13:47:00,EVBG
41.45,41.45,41.27,41.27,914,2022-06-08 13:48:00,EVBG
41.265,41.35,41.265,41.35,300,2022-06-08 13:49:00,EVBG
41.28,41.28,41.27,41.27,200,2022-06-08 13:50:00,EVBG
41.25,41.25,41.15,41.15,300,2022-06-08 13:51:00,EVBG
41.03,41.03,41.03,41.03,100,2022-06-08 13:52:00,EVBG
40.85,40.85,40.85,40.85,300,2022-06-08 13:53:00,EVBG
40.98,41.13,40.98,41.125,500,2022-06-08 13:54:00,EVBG
41.215,41.235,41.215,41.235,200,2022-06-08 13:55:00,EVBG
41.35,41.39,41.31,41.39,2100,2022-06-08 13:56:00,EVBG
41.31,41.375,41.31,41.34,720,2022-06-08 13:57:00,EVBG
41.43,41.6,41.39,41.6,1720,2022-06-08 13:58:00,EVBG
41.605,41.7,41.37,41.37,1100,2022-06-08 13:59:00,EVBG
41.435,41.54,41.31,41.31,1597,2022-06-08 14:00:00,EVBG
41.41,41.43,41.32,41.32,845,2022-06-08 14:01:00,EVBG
41.26,41.28,41.2429,41.28,400,2022-06-08 14:02:00,EVBG
41.385,41.385,41.385,41.385,100,2022-06-08 14:03:00,EVBG
41.3,41.52,41.3,41.465,1400,2022-06-08 14:04:00,EVBG
41.53,41.53,41.43,41.465,1236,2022-06-08 14:05:00,EVBG
41.59,41.59,41.59,41.59,100,2022-06-08 14:06:00,EVBG
41.575,41.575,41.55,41.55,703,2022-06-08 14:07:00,EVBG
41.47,41.59,41.47,41.565,400,2022-06-08 14:08:00,EVBG
41.57,41.57,41.47,41.47,500,2022-06-08 14:09:00,EVBG
41.41,41.54,41.41,41.54,400,2022-06-08 14:10:00,EVBG
41.51,41.51,41.51,41.51,100,2022-06-08 14:11:00,EVBG
41.38,41.45,41.38,41.45,200,2022-06-08 14:13:00,EVBG
41.17,41.23,41.17,41.23,700,2022-06-08 14:14:00,EVBG
41.3,41.3,41.3,41.3,100,2022-06-08 14:15:00,EVBG
41.33,41.33,41.21,41.21,400,2022-06-08 14:16:00,EVBG
41.23,41.24,41.22,41.23,600,2022-06-08 14:17:00,EVBG
41.23,41.27,41.14,41.14,400,2022-06-08 14:18:00,EVBG
41.23,41.25,41.165,41.25,400,2022-06-08 14:19:00,EVBG
41.29,41.34,41.16,41.185,730,2022-06-08 14:20:00,EVBG
41.25,41.25,41.25,41.25,100,2022-06-08 14:21:00,EVBG
41.205,41.205,41.205,41.205,100,2022-06-08 14:23:00,EVBG
41.225,41.225,41.225,41.225,700,2022-06-08 14:24:00,EVBG
41.22,41.22,41.22,41.22,200,2022-06-08 14:25:00,EVBG
41.22,41.22,41.22,41.22,100,2022-06-08 14:26:00,EVBG
41.03,41.1,41.03,41.08,300,2022-06-08 14:27:00,EVBG
41.07,41.07,41.07,41.07,100,2022-06-08 14:28:00,EVBG
40.975,41.04,40.975,40.985,500,2022-06-08 14:29:00,EVBG
41.065,41.065,41.02,41.02,382,2022-06-08 14:30:00,EVBG
41.18,41.18,41.18,41.18,100,2022-06-08 14:32:00,EVBG
41.15,41.15,41.14,41.14,200,2022-06-08 14:33:00,EVBG
41.195,41.195,41.12,41.12,500,2022-06-08 14:34:00,EVBG
41.09,41.1,41.08,41.08,700,2022-06-08 14:35:00,EVBG
41.11,41.17,41.11,41.15,700,2022-06-08 14:36:00,EVBG
41.1,41.1,41.06,41.08,1000,2022-06-08 14:37:00,EVBG
41.14,41.18,41.12,41.15,500,2022-06-08 14:38:00,EVBG
41.2101,41.31,41.21,41.27,1300,2022-06-08 14:39:00,EVBG
41.325,41.325,41.325,41.325,900,2022-06-08 14:40:00,EVBG
41.39,41.39,41.36,41.36,992,2022-06-08 14:42:00,EVBG
41.43,41.43,41.39,41.4,1600,2022-06-08 14:43:00,EVBG
41.395,41.4,41.395,41.4,300,2022-06-08 14:44:00,EVBG
41.425,41.46,41.425,41.43,600,2022-06-08 14:45:00,EVBG
41.515,41.515,41.515,41.515,100,2022-06-08 14:46:00,EVBG
41.58,41.58,41.58,41.58,100,2022-06-08 14:47:00,EVBG
41.57,41.62,41.56,41.62,1100,2022-06-08 14:48:00,EVBG
41.58,41.65,41.58,41.62,800,2022-06-08 14:49:00,EVBG
41.64,41.64,41.58,41.58,600,2022-06-08 14:50:00,EVBG
41.54,41.575,41.54,41.575,400,2022-06-08 14:52:00,EVBG
41.53,41.53,41.53,41.53,800,2022-06-08 14:53:00,EVBG
41.515,41.52,41.515,41.52,200,2022-06-08 14:54:00,EVBG
41.485,41.485,41.45,41.45,400,2022-06-08 14:55:00,EVBG
41.34,41.36,41.33,41.36,535,2022-06-08 14:57:00,EVBG
41.42,41.42,41.415,41.415,200,2022-06-08 14:58:00,EVBG
41.38,41.38,41.34,41.34,400,2022-06-08 15:01:00,EVBG
41.4,41.405,41.4,41.405,200,2022-06-08 15:02:00,EVBG
41.35,41.42,41.325,41.34,1300,2022-06-08 15:03:00,EVBG
41.315,41.315,41.31,41.31,300,2022-06-08 15:04:00,EVBG
41.345,41.5,41.345,41.485,1346,2022-06-08 15:05:00,EVBG
41.56,41.56,41.51,41.5299,500,2022-06-08 15:06:00,EVBG
41.515,41.57,41.515,41.57,400,2022-06-08 15:07:00,EVBG
41.595,41.595,41.595,41.595,100,2022-06-08 15:08:00,EVBG
41.55,41.55,41.52,41.52,900,2022-06-08 15:10:00,EVBG
41.53,41.63,41.53,41.59,500,2022-06-08 15:11:00,EVBG
41.59,41.64,41.565,41.64,500,2022-06-08 15:12:00,EVBG
41.68,41.71,41.68,41.71,500,2022-06-08 15:14:00,EVBG
41.745,41.765,41.74,41.74,1022,2022-06-08 15:15:00,EVBG
41.76,41.76,41.73,41.73,300,2022-06-08 15:16:00,EVBG
41.73,41.82,41.73,41.82,600,2022-06-08 15:17:00,EVBG
41.8344,41.85,41.785,41.83,600,2022-06-08 15:18:00,EVBG
41.71,41.72,41.68,41.68,622,2022-06-08 15:19:00,EVBG
41.66,41.6601,41.66,41.66,800,2022-06-08 15:20:00,EVBG
41.67,41.75,41.67,41.75,555,2022-06-08 15:21:00,EVBG
41.73,41.73,41.64,41.66,1000,2022-06-08 15:22:00,EVBG
41.74,41.74,41.7,41.7,200,2022-06-08 15:23:00,EVBG
41.65,41.775,41.65,41.775,2141,2022-06-08 15:24:00,EVBG
41.765,41.85,41.765,41.845,800,2022-06-08 15:25:00,EVBG
41.89,41.94,41.88,41.94,700,2022-06-08 15:26:00,EVBG
41.925,41.925,41.925,41.925,100,2022-06-08 15:27:00,EVBG
42.0,42.0,42.0,42.0,100,2022-06-08 15:28:00,EVBG
42.04,42.04,42.0,42.005,400,2022-06-08 15:29:00,EVBG
42.01,42.01,41.98,41.98,1400,2022-06-08 15:30:00,EVBG
42.12,42.12,42.1199,42.1199,200,2022-06-08 15:32:00,EVBG
42.05,42.05,42.05,42.05,100,2022-06-08 15:33:00,EVBG
42.03,42.03,42.03,42.03,100,2022-06-08 15:34:00,EVBG
41.995,41.995,41.95,41.97,400,2022-06-08 15:35:00,EVBG
41.98,41.99,41.95,41.95,12649,2022-06-08 15:36:00,EVBG
41.95,41.95,41.95,41.95,2751,2022-06-08 15:37:00,EVBG
41.97,41.97,41.93,41.96,1000,2022-06-08 15:40:00,EVBG
41.93,41.93,41.93,41.93,100,2022-06-08 15:41:00,EVBG
41.9,41.9,41.86,41.86,200,2022-06-08 15:43:00,EVBG
41.8,41.8,41.76,41.76,700,2022-06-08 15:44:00,EVBG
41.76,41.76,41.76,41.76,200,2022-06-08 15:45:00,EVBG
41.765,41.79,41.755,41.78,900,2022-06-08 15:46:00,EVBG
41.8,41.8,41.79,41.79,200,2022-06-08 15:47:00,EVBG
41.79,41.79,41.79,41.79,100,2022-06-08 15:48:00,EVBG
41.785,41.785,41.785,41.785,100,2022-06-08 15:49:00,EVBG
41.785,41.83,41.785,41.83,700,2022-06-08 15:50:00,EVBG
41.85,41.85,41.85,41.85,100,2022-06-08 15:51:00,EVBG
41.88,41.88,41.88,41.88,100,2022-06-08 15:53:00,EVBG
41.91,41.93,41.88,41.89,700,2022-06-08 15:56:00,EVBG
41.85,41.86,41.84,41.84,300,2022-06-08 15:57:00,EVBG
41.83,41.85,41.8,41.85,600,2022-06-08 16:00:00,EVBG
41.85,41.85,41.8,41.8,600,2022-06-08 16:01:00,EVBG
41.88,41.88,41.88,41.88,100,2022-06-08 16:02:00,EVBG
41.85,41.85,41.85,41.85,200,2022-06-08 16:03:00,EVBG
41.825,41.835,41.79,41.79,2700,2022-06-08 16:04:00,EVBG
41.79,41.83,41.79,41.83,700,2022-06-08 16:05:00,EVBG
41.79,41.82,41.77,41.82,686,2022-06-08 16:06:00,EVBG
41.77,41.795,41.77,41.795,500,2022-06-08 16:10:00,EVBG
41.74,41.74,41.74,41.74,200,2022-06-08 16:12:00,EVBG
41.78,41.793,41.75,41.793,700,2022-06-08 16:14:00,EVBG
41.76,41.76,41.76,41.76,300,2022-06-08 16:15:00,EVBG
41.79,41.81,41.765,41.81,500,2022-06-08 16:16:00,EVBG
41.8,41.8,41.76,41.765,500,2022-06-08 16:17:00,EVBG
41.76,41.76,41.72,41.76,300,2022-06-08 16:18:00,EVBG
41.75,41.75,41.75,41.75,400,2022-06-08 16:19:00,EVBG
41.73,41.755,41.73,41.755,200,2022-06-08 16:20:00,EVBG
41.66,41.66,41.6409,41.6409,200,2022-06-08 16:21:00,EVBG
41.64,41.65,41.57,41.57,500,2022-06-08 16:22:00,EVBG
41.59,41.59,41.5874,41.5874,200,2022-06-08 16:23:00,EVBG
41.56,41.58,41.56,41.58,400,2022-06-08 16:24:00,EVBG
41.5,41.5,41.49,41.49,200,2022-06-08 16:26:00,EVBG
41.44,41.45,41.44,41.45,600,2022-06-08 16:27:00,EVBG
41.46,41.52,41.46,41.52,665,2022-06-08 16:28:00,EVBG
41.55,41.59,41.53,41.59,700,2022-06-08 16:29:00,EVBG
41.56,41.56,41.53,41.53,600,2022-06-08 16:31:00,EVBG
41.53,41.53,41.46,41.46,400,2022-06-08 16:32:00,EVBG
41.44,41.44,41.4,41.4,300,2022-06-08 16:33:00,EVBG
41.365,41.41,41.365,41.4,632,2022-06-08 16:35:00,EVBG
41.39,41.39,41.39,41.39,200,2022-06-08 16:38:00,EVBG
41.34,41.36,41.335,41.335,300,2022-06-08 16:39:00,EVBG
41.34,41.34,41.34,41.34,300,2022-06-08 16:40:00,EVBG
41.345,41.4,41.345,41.38,700,2022-06-08 16:42:00,EVBG
41.375,41.44,41.37,41.4,1300,2022-06-08 16:43:00,EVBG
41.39,41.4,41.39,41.4,400,2022-06-08 16:44:00,EVBG
41.415,41.415,41.32,41.32,1100,2022-06-08 16:45:00,EVBG
41.31,41.31,41.28,41.28,200,2022-06-08 16:46:00,EVBG
41.3,41.3,41.3,41.3,100,2022-06-08 16:49:00,EVBG
41.3,41.3,41.28,41.28,700,2022-06-08 16:51:00,EVBG
41.295,41.295,41.25,41.29,1000,2022-06-08 16:52:00,EVBG
41.29,41.34,41.29,41.34,600,2022-06-08 16:53:00,EVBG
41.31,41.4,41.31,41.4,500,2022-06-08 16:56:00,EVBG
41.4,41.4,41.4,41.4,200,2022-06-08 16:57:00,EVBG
41.395,41.4,41.395,41.4,200,2022-06-08 16:58:00,EVBG
41.45,41.45,41.44,41.44,300,2022-06-08 16:59:00,EVBG
41.4,41.4,41.37,41.37,200,2022-06-08 17:01:00,EVBG
41.26,41.26,41.23,41.23,1087,2022-06-08 17:02:00,EVBG
41.249,41.25,41.249,41.25,200,2022-06-08 17:03:00,EVBG
41.26,41.295,41.26,41.295,200,2022-06-08 17:04:00,EVBG
41.2925,41.295,41.2925,41.295,200,2022-06-08 17:05:00,EVBG
41.275,41.29,41.275,41.29,300,2022-06-08 17:06:00,EVBG
41.31,41.33,41.3,41.31,1000,2022-06-08 17:07:00,EVBG
41.3,41.33,41.29,41.33,400,2022-06-08 17:08:00,EVBG
41.27,41.31,41.27,41.28,700,2022-06-08 17:10:00,EVBG
41.325,41.325,41.3,41.3,300,2022-06-08 17:11:00,EVBG
41.33,41.33,41.29,41.29,400,2022-06-08 17:12:00,EVBG
41.29,41.31,41.29,41.31,200,2022-06-08 17:13:00,EVBG
41.33,41.33,41.32,41.32,200,2022-06-08 17:14:00,EVBG
41.33,41.33,41.25,41.25,200,2022-06-08 17:15:00,EVBG
41.22,41.22,41.18,41.205,300,2022-06-08 17:17:00,EVBG
41.21,41.243,41.205,41.22,700,2022-06-08 17:18:00,EVBG
41.25,41.28,41.25,41.25,600,2022-06-08 17:19:00,EVBG
41.24,41.25,41.24,41.24,400,2022-06-08 17:20:00,EVBG
41.21,41.21,41.21,41.21,100,2022-06-08 17:21:00,EVBG
41.225,41.225,41.225,41.225,100,2022-06-08 17:22:00,EVBG
41.2,41.2,41.2,41.2,200,2022-06-08 17:24:00,EVBG
41.225,41.225,41.21,41.21,200,2022-06-08 17:25:00,EVBG
41.2,41.2,41.19,41.19,200,2022-06-08 17:26:00,EVBG
41.2,41.21,41.15,41.16,1000,2022-06-08 17:28:00,EVBG
41.15,41.18,41.13,41.155,600,2022-06-08 17:29:00,EVBG
41.14,41.14,41.0,41.0,6300,2022-06-08 17:30:00,EVBG
40.96,41.025,40.96,41.025,400,2022-06-08 17:31:00,EVBG
40.98,41.015,40.98,40.98,400,2022-06-08 17:32:00,EVBG
40.95,40.96,40.86,40.86,917,2022-06-08 17:33:00,EVBG
40.84,40.879,40.84,40.879,700,2022-06-08 17:34:00,EVBG
40.83,40.84,40.8,40.8,600,2022-06-08 17:35:00,EVBG
40.8,40.81,40.79,40.79,507,2022-06-08 17:36:00,EVBG
40.78,40.78,40.77,40.77,300,2022-06-08 17:37:00,EVBG
40.69,40.69,40.69,40.69,100,2022-06-08 17:38:00,EVBG
40.7,40.72,40.7,40.72,200,2022-06-08 17:39:00,EVBG
40.69,40.7,40.69,40.69,700,2022-06-08 17:40:00,EVBG
40.65,40.655,40.65,40.655,200,2022-06-08 17:41:00,EVBG
40.63,40.63,40.63,40.63,100,2022-06-08 17:42:00,EVBG
40.71,40.77,40.67,40.73,1500,2022-06-08 17:43:00,EVBG
40.76,40.76,40.73,40.76,700,2022-06-08 17:45:00,EVBG
40.749,40.765,40.74,40.7535,1490,2022-06-08 17:46:00,EVBG
40.8,40.84,40.8,40.8,700,2022-06-08 17:47:00,EVBG
40.84,40.84,40.84,40.84,100,2022-06-08 17:49:00,EVBG
40.81,40.81,40.81,40.81,100,2022-06-08 17:50:00,EVBG
40.825,40.825,40.79,40.81,300,2022-06-08 17:51:00,EVBG
40.81,40.81,40.785,40.785,200,2022-06-08 17:52:00,EVBG
40.83,40.83,40.81,40.83,700,2022-06-08 17:53:00,EVBG
40.88,40.91,40.88,40.89,1200,2022-06-08 17:54:00,EVBG
40.88,40.92,40.88,40.92,200,2022-06-08 17:55:00,EVBG
40.95,40.99,40.92,40.99,500,2022-06-08 17:56:00,EVBG
40.97,40.97,40.94,40.94,300,2022-06-08 17:57:00,EVBG
40.96,40.96,40.96,40.96,100,2022-06-08 17:59:00,EVBG
41.02,41.07,40.99,41.07,1000,2022-06-08 18:00:00,EVBG
41.1,41.1,41.1,41.1,200,2022-06-08 18:01:00,EVBG
41.13,41.18,41.13,41.14,700,2022-06-08 18:02:00,EVBG
41.29,41.295,41.25,41.25,500,2022-06-08 18:03:00,EVBG
41.23,41.23,41.22,41.23,400,2022-06-08 18:04:00,EVBG
41.195,41.2,41.15,41.2,1200,2022-06-08 18:06:00,EVBG
41.18,41.26,41.18,41.26,700,2022-06-08 18:07:00,EVBG
41.23,41.23,41.23,41.23,494,2022-06-08 18:08:00,EVBG
41.21,41.21,41.15,41.15,200,2022-06-08 18:09:00,EVBG
41.19,41.19,41.17,41.17,200,2022-06-08 18:11:00,EVBG
41.2,41.2,41.16,41.16,439,2022-06-08 18:12:00,EVBG
41.155,41.155,41.155,41.155,100,2022-06-08 18:13:00,EVBG
41.12,41.14,41.12,41.14,800,2022-06-08 18:14:00,EVBG
41.105,41.105,41.075,41.075,600,2022-06-08 18:15:00,EVBG
41.08,41.08,41.03,41.03,600,2022-06-08 18:16:00,EVBG
41.03,41.06,41.03,41.05,800,2022-06-08 18:17:00,EVBG
40.99,40.99,40.98,40.98,764,2022-06-08 18:18:00,EVBG
40.97,40.97,40.94,40.94,400,2022-06-08 18:21:00,EVBG
40.97,40.99,40.97,40.99,500,2022-06-08 18:22:00,EVBG
40.94,40.94,40.94,40.94,100,2022-06-08 18:23:00,EVBG
40.92,40.92,40.9,40.9,500,2022-06-08 18:24:00,EVBG
40.89,40.8909,40.83,40.83,400,2022-06-08 18:26:00,EVBG
40.8,40.8,40.78,40.8,1200,2022-06-08 18:27:00,EVBG
40.77,40.77,40.77,40.77,100,2022-06-08 18:28:00,EVBG
40.82,40.84,40.78,40.78,1300,2022-06-08 18:29:00,EVBG
40.79,40.82,40.78,40.82,500,2022-06-08 18:30:00,EVBG
40.81,40.81,40.79,40.79,300,2022-06-08 18:31:00,EVBG
40.79,40.79,40.79,40.79,100,2022-06-08 18:32:00,EVBG
40.78,40.78,40.78,40.78,100,2022-06-08 18:33:00,EVBG
40.77,40.77,40.72,40.753,1612,2022-06-08 18:34:00,EVBG
40.76,40.76,40.71,40.71,600,2022-06-08 18:35:00,EVBG
40.72,40.73,40.72,40.73,500,2022-06-08 18:36:00,EVBG
40.78,40.78,40.78,40.78,300,2022-06-08 18:37:00,EVBG
40.81,40.835,40.81,40.835,300,2022-06-08 18:38:00,EVBG
40.81,40.81,40.8,40.8,200,2022-06-08 18:39:00,EVBG
40.86,40.86,40.85,40.85,200,2022-06-08 18:41:00,EVBG
40.85,40.86,40.85,40.85,400,2022-06-08 18:42:00,EVBG
40.88,40.9,40.87,40.9,900,2022-06-08 18:43:00,EVBG
40.865,40.89,40.865,40.89,400,2022-06-08 18:44:00,EVBG
40.91,40.94,40.91,40.94,400,2022-06-08 18:45:00,EVBG
40.945,40.945,40.945,40.945,400,2022-06-08 18:46:00,EVBG
40.96,41.095,40.96,41.04,900,2022-06-08 18:47:00,EVBG
41.03,41.065,41.03,41.03,300,2022-06-08 18:48:00,EVBG
41.05,41.05,41.05,41.05,100,2022-06-08 18:49:00,EVBG
41.07,41.07,41.07,41.07,100,2022-06-08 18:50:00,EVBG
41.085,41.085,41.085,41.085,100,2022-06-08 18:51:00,EVBG
41.09,41.09,41.09,41.09,100,2022-06-08 18:52:00,EVBG
41.11,41.11,41.06,41.06,1800,2022-06-08 18:53:00,EVBG
41.06,41.06,41.04,41.05,500,2022-06-08 18:54:00,EVBG
41.02,41.02,41.0,41.0,600,2022-06-08 18:55:00,EVBG
41.01,41.02,40.97,40.985,2400,2022-06-08 18:56:00,EVBG
40.99,41.005,40.99,41.005,300,2022-06-08 18:57:00,EVBG
41.0,41.0,40.99,40.99,300,2022-06-08 18:58:00,EVBG
41.02,41.04,41.02,41.04,600,2022-06-08 18:59:00,EVBG
41.04,41.04,41.03,41.03,300,2022-06-08 19:00:00,EVBG
41.0027,41.0027,40.96,40.96,800,2022-06-08 19:01:00,EVBG
40.9401,40.99,40.9401,40.99,600,2022-06-08 19:02:00,EVBG
40.98,40.98,40.97,40.97,300,2022-06-08 19:03:00,EVBG
40.94,40.94,40.92,40.92,300,2022-06-08 19:04:00,EVBG
40.9,40.94,40.87,40.87,900,2022-06-08 19:05:00,EVBG
40.8,40.8,40.78,40.78,900,2022-06-08 19:06:00,EVBG
40.76,40.76,40.74,40.745,709,2022-06-08 19:07:00,EVBG
40.76,40.799,40.76,40.79,1200,2022-06-08 19:08:00,EVBG
40.7838,40.81,40.7838,40.8,1282,2022-06-08 19:09:00,EVBG
40.78,40.78,40.78,40.78,100,2022-06-08 19:10:00,EVBG
40.76,40.76,40.72,40.725,1000,2022-06-08 19:11:00,EVBG
40.725,40.8,40.71,40.8,1500,2022-06-08 19:12:00,EVBG
40.8099,40.8099,40.78,40.78,300,2022-06-08 19:13:00,EVBG
40.77,40.77,40.71,40.71,200,2022-06-08 19:14:00,EVBG
40.68,40.75,40.68,40.75,1716,2022-06-08 19:15:00,EVBG
40.764,40.764,40.755,40.755,2000,2022-06-08 19:16:00,EVBG
40.74,40.74,40.68,40.73,400,2022-06-08 19:17:00,EVBG
40.68,40.72,40.66,40.72,500,2022-06-08 19:18:00,EVBG
40.74,40.76,40.74,40.755,600,2022-06-08 19:19:00,EVBG
40.765,40.765,40.765,40.765,100,2022-06-08 19:20:00,EVBG
40.78,40.785,40.76,40.76,600,2022-06-08 19:21:00,EVBG
40.78,40.8,40.78,40.795,1400,2022-06-08 19:22:00,EVBG
40.79,40.79,40.77,40.785,1151,2022-06-08 19:23:00,EVBG
40.785,40.81,40.785,40.81,900,2022-06-08 19:24:00,EVBG
40.83,40.84,40.8,40.8,1006,2022-06-08 19:25:00,EVBG
40.795,40.81,40.795,40.81,300,2022-06-08 19:26:00,EVBG
40.77,40.77,40.745,40.77,920,2022-06-08 19:27:00,EVBG
40.775,40.78,40.775,40.78,300,2022-06-08 19:28:00,EVBG
40.77,40.855,40.77,40.8523,1700,2022-06-08 19:30:00,EVBG
40.81,40.84,40.81,40.84,300,2022-06-08 19:31:00,EVBG
40.84,40.865,40.79,40.865,1242,2022-06-08 19:32:00,EVBG
40.865,40.9,40.865,40.9,1900,2022-06-08 19:33:00,EVBG
40.935,40.945,40.935,40.945,300,2022-06-08 19:34:00,EVBG
40.93,40.95,40.925,40.945,400,2022-06-08 19:35:00,EVBG
40.92,40.94,40.92,40.94,900,2022-06-08 19:36:00,EVBG
40.945,40.945,40.92,40.92,700,2022-06-08 19:37:00,EVBG
40.92,40.92,40.9,40.9,800,2022-06-08 19:38:00,EVBG
40.88,40.88,40.86,40.86,300,2022-06-08 19:39:00,EVBG
40.85,40.9,40.795,40.88,3300,2022-06-08 19:40:00,EVBG
40.9,40.92,40.87,40.87,700,2022-06-08 19:41:00,EVBG
40.885,40.885,40.885,40.885,200,2022-06-08 19:42:00,EVBG
40.9,40.9,40.879,40.879,600,2022-06-08 19:43:00,EVBG
40.85,40.88,40.85,40.87,1300,2022-06-08 19:44:00,EVBG
40.85,40.85,40.81,40.825,721,2022-06-08 19:45:00,EVBG
40.81,40.81,40.79,40.795,2800,2022-06-08 19:46:00,EVBG
40.82,40.82,40.82,40.82,300,2022-06-08 19:47:00,EVBG
40.82,40.84,40.82,40.825,700,2022-06-08 19:48:00,EVBG
40.83,40.849,40.8,40.8,600,2022-06-08 19:49:00,EVBG
40.82,40.82,40.79,40.795,1803,2022-06-08 19:50:00,EVBG
40.81,40.83,40.795,40.795,2400,2022-06-08 19:51:00,EVBG
40.809,40.82,40.795,40.8,1180,2022-06-08 19:52:00,EVBG
40.78,40.78,40.74,40.74,1100,2022-06-08 19:53:00,EVBG
40.735,40.735,40.7,40.72,3555,2022-06-08 19:54:00,EVBG
40.72,40.76,40.715,40.74,4724,2022-06-08 19:55:00,EVBG
40.74,40.74,40.72,40.725,1800,2022-06-08 19:56:00,EVBG
40.73,40.745,40.72,40.745,3376,2022-06-08 19:57:00,EVBG
40.75,40.75,40.69,40.71,3490,2022-06-08 19:58:00,EVBG
40.69,40.76,40.67,40.73,7926,2022-06-08 19:59:00,EVBG
40.73,40.73,40.73,40.73,49413,2022-06-08 20:00:00,EVBG
40.0,40.0,40.0,40.0,100,2022-06-09 13:29:00,EVBG
39.92,40.33,39.89,40.33,9585,2022-06-09 13:30:00,EVBG
40.08,40.08,40.08,40.08,100,2022-06-09 13:32:00,EVBG
40.05,40.05,39.72,40.0,7700,2022-06-09 13:33:00,EVBG
40.18,40.35,40.18,40.35,300,2022-06-09 13:34:00,EVBG
40.13,40.13,40.01,40.01,600,2022-06-09 13:35:00,EVBG
40.02,40.02,40.02,40.02,100,2022-06-09 13:36:00,EVBG
39.95,39.95,39.75,39.75,600,2022-06-09 13:38:00,EVBG
39.73,39.75,39.66,39.66,700,2022-06-09 13:39:00,EVBG
39.62,39.62,39.61,39.61,200,2022-06-09 13:40:00,EVBG
39.26,39.26,39.25,39.25,500,2022-06-09 13:42:00,EVBG
39.29,39.48,39.29,39.33,1112,2022-06-09 13:43:00,EVBG
39.335,39.61,39.335,39.57,500,2022-06-09 13:44:00,EVBG
39.2,39.25,39.2,39.25,300,2022-06-09 13:46:00,EVBG
39.4,39.52,39.4,39.52,800,2022-06-09 13:47:00,EVBG
39.58,39.595,39.51,39.55,1000,2022-06-09 13:48:00,EVBG
39.6,39.73,39.55,39.68,2734,2022-06-09 13:49:00,EVBG
39.665,39.695,39.665,39.695,200,2022-06-09 13:50:00,EVBG
40.16,40.16,40.07,40.09,300,2022-06-09 13:52:00,EVBG
40.02,40.02,39.91,39.91,200,2022-06-09 13:53:00,EVBG
40.011,40.011,39.9999,39.9999,300,2022-06-09 13:54:00,EVBG
39.9581,39.9581,39.9581,39.9581,100,2022-06-09 13:55:00,EVBG
39.6714,39.6714,39.6714,39.6714,100,2022-06-09 13:56:00,EVBG
39.69,39.69,39.69,39.69,300,2022-06-09 13:57:00,EVBG
39.79,39.79,39.79,39.79,100,2022-06-09 13:58:00,EVBG
39.8,39.82,39.8,39.82,300,2022-06-09 14:00:00,EVBG
39.75,39.815,39.75,39.79,300,2022-06-09 14:01:00,EVBG
39.77,39.77,39.76,39.76,200,2022-06-09 14:02:00,EVBG
39.78,39.825,39.76,39.82,1200,2022-06-09 14:03:00,EVBG
39.79,39.79,39.79,39.79,100,2022-06-09 14:05:00,EVBG
39.81,39.81,39.81,39.81,100,2022-06-09 14:06:00,EVBG
39.9072,39.9072,39.82,39.82,400,2022-06-09 14:08:00,EVBG
39.86,39.86,39.85,39.85,600,2022-06-09 14:09:00,EVBG
39.82,40.035,39.82,40.035,400,2022-06-09 14:10:00,EVBG
39.99,39.99,39.92,39.96,500,2022-06-09 14:11:00,EVBG
39.96,40.07,39.96,40.07,200,2022-06-09 14:12:00,EVBG
40.12,40.22,40.12,40.22,201,2022-06-09 14:13:00,EVBG
40.373,40.373,40.28,40.28,1899,2022-06-09 14:15:00,EVBG
40.38,40.38,40.29,40.29,500,2022-06-09 14:17:00,EVBG
40.23,40.23,40.22,40.22,200,2022-06-09 14:18:00,EVBG
40.36,40.37,40.36,40.37,300,2022-06-09 14:21:00,EVBG
40.43,40.43,40.43,40.43,100,2022-06-09 14:22:00,EVBG
40.44,40.449,40.39,40.449,300,2022-06-09 14:23:00,EVBG
40.35,40.35,40.35,40.35,300,2022-06-09 14:24:00,EVBG
40.4,40.41,40.4,40.41,200,2022-06-09 14:26:00,EVBG
40.4,40.4,40.4,40.4,100,2022-06-09 14:27:00,EVBG
40.5,40.5,40.5,40.5,632,2022-06-09 14:29:00,EVBG
40.58,40.58,40.47,40.47,700,2022-06-09 14:32:00,EVBG
40.28,40.28,40.28,40.28,100,2022-06-09 14:33:00,EVBG
40.5,40.5,40.425,40.48,1100,2022-06-09 14:34:00,EVBG
40.51,40.525,40.51,40.525,238,2022-06-09 14:35:00,EVBG
40.45,40.45,40.45,40.45,200,2022-06-09 14:36:00,EVBG
40.53,40.53,40.53,40.53,100,2022-06-09 14:37:00,EVBG
40.533,40.533,40.533,40.533,100,2022-06-09 14:38:00,EVBG
40.52,40.53,40.48,40.495,1800,2022-06-09 14:39:00,EVBG
40.43,40.51,40.37,40.37,700,2022-06-09 14:40:00,EVBG
40.29,40.29,40.28,40.28,300,2022-06-09 14:42:00,EVBG
40.34,40.34,40.34,40.34,100,2022-06-09 14:44:00,EVBG
40.25,40.285,40.25,40.25,1800,2022-06-09 14:45:00,EVBG
40.215,40.215,40.12,40.12,400,2022-06-09 14:46:00,EVBG
40.16,40.16,40.14,40.16,300,2022-06-09 14:47:00,EVBG
40.045,40.09,40.045,40.08,500,2022-06-09 14:48:00,EVBG
40.12,40.19,40.12,40.19,300,2022-06-09 14:49:00,EVBG
40.08,40.085,40.08,40.085,600,2022-06-09 14:50:00,EVBG
40.01,40.01,40.01,40.01,200,2022-06-09 14:51:00,EVBG
39.945,39.96,39.8976,39.8976,337,2022-06-09 14:53:00,EVBG
39.91,39.92,39.91,39.92,200,2022-06-09 14:54:00,EVBG
40.0,40.0,40.0,40.0,200,2022-06-09 14:55:00,EVBG
40.08,40.1,40.08,40.09,400,2022-06-09 14:56:00,EVBG
40.08,40.08,40.08,40.08,100,2022-06-09 14:57:00,EVBG
40.15,40.21,40.15,40.21,400,2022-06-09 14:58:00,EVBG
40.12,40.2,40.12,40.2,1100,2022-06-09 15:00:00,EVBG
40.1,40.105,40.04,40.06,600,2022-06-09 15:01:00,EVBG
40.0,40.05,40.0,40.05,400,2022-06-09 15:02:00,EVBG
40.05,40.05,40.0,40.0,200,2022-06-09 15:03:00,EVBG
39.8601,39.8601,39.8601,39.8601,100,2022-06-09 15:04:00,EVBG
39.88,39.9,39.84,39.84,400,2022-06-09 15:06:00,EVBG
39.83,39.83,39.83,39.83,100,2022-06-09 15:07:00,EVBG
39.84,39.85,39.84,39.85,420,2022-06-09 15:08:00,EVBG
39.91,39.91,39.91,39.91,200,2022-06-09 15:09:00,EVBG
39.92,39.93,39.92,39.93,200,2022-06-09 15:10:00,EVBG
39.96,39.96,39.89,39.89,400,2022-06-09 15:11:00,EVBG
39.91,39.91,39.9,39.9,400,2022-06-09 15:12:00,EVBG
39.86,39.86,39.86,39.86,100,2022-06-09 15:13:00,EVBG
39.79,39.84,39.79,39.84,500,2022-06-09 15:14:00,EVBG
39.79,39.79,39.79,39.79,100,2022-06-09 15:15:00,EVBG
39.82,39.85,39.82,39.85,600,2022-06-09 15:16:00,EVBG
39.819,39.87,39.819,39.87,600,2022-06-09 15:17:00,EVBG
39.833,39.833,39.77,39.79,305,2022-06-09 15:18:00,EVBG
39.79,39.79,39.79,39.79,100,2022-06-09 15:19:00,EVBG
39.81,39.81,39.81,39.81,397,2022-06-09 15:21:00,EVBG
39.84,39.89,39.84,39.86,500,2022-06-09 15:22:00,EVBG
39.945,39.945,39.945,39.945,100,2022-06-09 15:24:00,EVBG
39.98,39.985,39.89,39.92,600,2022-06-09 15:25:00,EVBG
39.89,39.89,39.84,39.84,200,2022-06-09 15:27:00,EVBG
39.84,39.86,39.84,39.86,200,2022-06-09 15:28:00,EVBG
39.88,39.88,39.88,39.88,100,2022-06-09 15:29:00,EVBG
39.835,39.84,39.8,39.84,300,2022-06-09 15:31:00,EVBG
39.87,39.99,39.77,39.77,10040,2022-06-09 15:33:00,EVBG
39.77,39.825,39.77,39.825,4566,2022-06-09 15:34:00,EVBG
39.84,39.92,39.83,39.92,9285,2022-06-09 15:35:00,EVBG
39.91,39.91,39.9,39.9,668,2022-06-09 15:36:00,EVBG
39.855,39.855,39.855,39.855,100,2022-06-09 15:37:00,EVBG
39.87,39.88,39.865,39.865,300,2022-06-09 15:38:00,EVBG
39.83,39.83,39.83,39.83,100,2022-06-09 15:39:00,EVBG
39.9,39.92,39.9,39.92,400,2022-06-09 15:40:00,EVBG
39.89,39.97,39.89,39.97,700,2022-06-09 15:42:00,EVBG
40.03,40.06,40.03,40.06,300,2022-06-09 15:43:00,EVBG
39.96,40.0,39.96,40.0,200,2022-06-09 15:44:00,EVBG
39.92,39.92,39.92,39.92,100,2022-06-09 15:46:00,EVBG
39.92,39.92,39.92,39.92,100,2022-06-09 15:47:00,EVBG
39.89,39.89,39.88,39.88,300,2022-06-09 15:48:00,EVBG
39.8,39.8,39.8,39.8,100,2022-06-09 15:49:00,EVBG
39.73,39.73,39.73,39.73,100,2022-06-09 15:50:00,EVBG
39.67,39.7,39.66,39.7,400,2022-06-09 15:51:00,EVBG
39.79,39.79,39.79,39.79,100,2022-06-09 15:52:00,EVBG
39.76,39.76,39.76,39.76,100,2022-06-09 15:53:00,EVBG
39.84,39.84,39.84,39.84,100,2022-06-09 15:54:00,EVBG
39.88,39.9,39.88,39.89,500,2022-06-09 15:55:00,EVBG
39.93,39.93,39.93,39.93,100,2022-06-09 15:56:00,EVBG
39.95,39.955,39.94,39.94,496,2022-06-09 15:57:00,EVBG
39.935,39.935,39.88,39.91,500,2022-06-09 15:58:00,EVBG
39.91,39.91,39.86,39.87,300,2022-06-09 15:59:00,EVBG
39.81,39.87,39.81,39.87,2100,2022-06-09 16:03:00,EVBG
39.852,39.852,39.81,39.83,1000,2022-06-09 16:05:00,EVBG
39.83,39.83,39.83,39.83,100,2022-06-09 16:06:00,EVBG
39.78,39.78,39.78,39.78,200,2022-06-09 16:07:00,EVBG
39.8,39.85,39.8,39.85,400,2022-06-09 16:08:00,EVBG
39.815,39.815,39.815,39.815,100,2022-06-09 16:10:00,EVBG
39.79,39.79,39.76,39.765,700,2022-06-09 16:11:00,EVBG
39.74,39.74,39.715,39.715,1710,2022-06-09 16:12:00,EVBG
39.72,39.78,39.705,39.78,800,2022-06-09 16:13:00,EVBG
39.79,39.79,39.79,39.79,100,2022-06-09 16:14:00,EVBG
39.83,39.83,39.83,39.83,100,2022-06-09 16:15:00,EVBG
39.73,39.78,39.73,39.78,300,2022-06-09 16:18:00,EVBG
39.79,39.83,39.79,39.83,200,2022-06-09 16:19:00,EVBG
39.81,39.81,39.81,39.81,100,2022-06-09 16:21:00,EVBG
39.9,39.92,39.9,39.92,830,2022-06-09 16:22:00,EVBG
39.94,39.94,39.91,39.91,400,2022-06-09 16:23:00,EVBG
39.92,39.92,39.88,39.88,200,2022-06-09 16:24:00,EVBG
39.77,39.77,39.77,39.77,100,2022-06-09 16:25:00,EVBG
39.76,39.77,39.76,39.77,200,2022-06-09 16:26:00,EVBG
39.75,39.75,39.75,39.75,100,2022-06-09 16:27:00,EVBG
39.77,39.77,39.77,39.77,200,2022-06-09 16:29:00,EVBG
39.725,39.77,39.71,39.73,1600,2022-06-09 16:31:00,EVBG
39.73,39.73,39.7,39.71,400,2022-06-09 16:32:00,EVBG
39.69,39.8,39.69,39.7802,800,2022-06-09 16:33:00,EVBG
39.81,39.8213,39.81,39.8213,200,2022-06-09 16:35:00,EVBG
39.8,39.8,39.75,39.75,400,2022-06-09 16:37:00,EVBG
39.73,39.74,39.7,39.725,2702,2022-06-09 16:38:00,EVBG
39.75,39.755,39.74,39.74,900,2022-06-09 16:40:00,EVBG
39.71,39.725,39.71,39.7225,300,2022-06-09 16:41:00,EVBG
39.77,39.77,39.77,39.77,200,2022-06-09 16:42:00,EVBG
39.8,39.8,39.8,39.8,400,2022-06-09 16:43:00,EVBG
39.8,39.8,39.8,39.8,300,2022-06-09 16:44:00,EVBG
39.82,39.82,39.82,39.82,100,2022-06-09 16:45:00,EVBG
39.83,39.95,39.83,39.95,1101,2022-06-09 16:47:00,EVBG
39.89,39.9,39.89,39.9,200,2022-06-09 16:48:00,EVBG
39.885,39.885,39.85,39.85,200,2022-06-09 16:49:00,EVBG
39.88,39.9,39.88,39.89,600,2022-06-09 16:51:00,EVBG
39.88,39.88,39.88,39.88,100,2022-06-09 16:52:00,EVBG
39.835,39.835,39.835,39.835,100,2022-06-09 16:54:00,EVBG
39.83,39.83,39.82,39.82,300,2022-06-09 16:55:00,EVBG
39.83,39.85,39.8225,39.85,500,2022-06-09 16:57:00,EVBG
39.98,39.99,39.945,39.99,500,2022-06-09 16:59:00,EVBG
39.895,39.895,39.895,39.895,100,2022-06-09 17:00:00,EVBG
39.93,39.93,39.9,39.9,400,2022-06-09 17:01:00,EVBG
39.93,39.94,39.93,39.94,608,2022-06-09 17:02:00,EVBG
39.9,39.9,39.9,39.9,400,2022-06-09 17:03:00,EVBG
39.91,39.94,39.91,39.94,200,2022-06-09 17:05:00,EVBG
39.96,39.96,39.96,39.96,100,2022-06-09 17:06:00,EVBG
39.97,39.97,39.9,39.9,400,2022-06-09 17:07:00,EVBG
39.955,39.955,39.955,39.955,100,2022-06-09 17:11:00,EVBG
39.93,39.93,39.93,39.93,100,2022-06-09 17:12:00,EVBG
39.92,39.94,39.875,39.9,1300,2022-06-09 17:15:00,EVBG
39.89,39.89,39.89,39.89,118,2022-06-09 17:16:00,EVBG
39.895,39.9,39.88,39.89,600,2022-06-09 17:18:00,EVBG
39.88,39.92,39.88,39.92,705,2022-06-09 17:19:00,EVBG
39.95,39.95,39.92,39.92,300,2022-06-09 17:20:00,EVBG
39.9,39.9,39.9,39.9,201,2022-06-09 17:21:00,EVBG
39.895,39.895,39.88,39.885,500,2022-06-09 17:22:00,EVBG
39.92,39.92,39.9,39.9,200,2022-06-09 17:23:00,EVBG
39.85,39.875,39.85,39.87,500,2022-06-09 17:26:00,EVBG
39.88,39.88,39.88,39.88,100,2022-06-09 17:27:00,EVBG
39.85,39.85,39.85,39.85,100,2022-06-09 17:28:00,EVBG
39.79,39.79,39.79,39.79,100,2022-06-09 17:29:00,EVBG
39.77,39.77,39.66,39.66,1000,2022-06-09 17:30:00,EVBG
39.65,39.675,39.64,39.675,300,2022-06-09 17:31:00,EVBG
39.64,39.64,39.64,39.64,200,2022-06-09 17:32:00,EVBG
39.645,39.645,39.61,39.645,300,2022-06-09 17:33:00,EVBG
39.61,39.645,39.61,39.645,300,2022-06-09 17:34:00,EVBG
39.64,39.66,39.6,39.6,840,2022-06-09 17:35:00,EVBG
39.63,39.65,39.6275,39.6275,334,2022-06-09 17:37:00,EVBG
39.665,39.665,39.62,39.62,600,2022-06-09 17:38:00,EVBG
39.61,39.645,39.61,39.645,300,2022-06-09 17:39:00,EVBG
39.66,39.68,39.66,39.66,400,2022-06-09 17:40:00,EVBG
39.61,39.645,39.61,39.645,213,2022-06-09 17:42:00,EVBG
39.62,39.62,39.605,39.605,300,2022-06-09 17:43:00,EVBG
39.62,39.62,39.5421,39.5421,1512,2022-06-09 17:44:00,EVBG
39.56,39.56,39.56,39.56,100,2022-06-09 17:45:00,EVBG
39.585,39.7,39.585,39.695,1400,2022-06-09 17:47:00,EVBG
39.66,39.68,39.66,39.68,200,2022-06-09 17:48:00,EVBG
39.685,39.685,39.645,39.645,500,2022-06-09 17:49:00,EVBG
39.675,39.675,39.67,39.67,400,2022-06-09 17:50:00,EVBG
39.655,39.67,39.655,39.655,500,2022-06-09 17:51:00,EVBG
39.655,39.655,39.655,39.655,100,2022-06-09 17:52:00,EVBG
39.63,39.655,39.63,39.64,900,2022-06-09 17:53:00,EVBG
39.69,39.69,39.66,39.66,800,2022-06-09 17:54:00,EVBG
39.645,39.67,39.645,39.67,700,2022-06-09 17:55:00,EVBG
39.67,39.67,39.66,39.66,200,2022-06-09 17:56:00,EVBG
39.69,39.69,39.65,39.65,900,2022-06-09 17:57:00,EVBG
39.66,39.665,39.63,39.645,1010,2022-06-09 17:58:00,EVBG
39.63,39.655,39.63,39.65,966,2022-06-09 17:59:00,EVBG
39.67,39.67,39.63,39.63,800,2022-06-09 18:00:00,EVBG
39.625,39.625,39.625,39.625,100,2022-06-09 18:01:00,EVBG
39.62,39.62,39.58,39.585,1100,2022-06-09 18:03:00,EVBG
39.585,39.585,39.535,39.56,900,2022-06-09 18:04:00,EVBG
39.54,39.54,39.5225,39.535,600,2022-06-09 18:05:00,EVBG
39.535,39.59,39.535,39.56,1100,2022-06-09 18:06:00,EVBG
39.555,39.56,39.555,39.56,500,2022-06-09 18:07:00,EVBG
39.57,39.57,39.555,39.555,300,2022-06-09 18:08:00,EVBG
39.56,39.56,39.56,39.56,100,2022-06-09 18:09:00,EVBG
39.57,39.57,39.5,39.5,1500,2022-06-09 18:10:00,EVBG
39.49,39.49,39.49,39.49,100,2022-06-09 18:11:00,EVBG
39.4425,39.46,39.4425,39.46,900,2022-06-09 18:12:00,EVBG
39.48,39.59,39.48,39.59,1674,2022-06-09 18:13:00,EVBG
39.57,39.57,39.56,39.56,200,2022-06-09 18:14:00,EVBG
39.51,39.51,39.46,39.46,1600,2022-06-09 18:15:00,EVBG
39.45,39.47,39.45,39.455,400,2022-06-09 18:17:00,EVBG
39.5,39.5,39.44,39.45,1100,2022-06-09 18:18:00,EVBG
39.43,39.43,39.32,39.33,800,2022-06-09 18:19:00,EVBG
39.35,39.35,39.32,39.32,885,2022-06-09 18:20:00,EVBG
39.28,39.28,39.28,39.28,100,2022-06-09 18:21:00,EVBG
39.2,39.2,39.17,39.17,400,2022-06-09 18:22:00,EVBG
39.1,39.11,39.08,39.08,300,2022-06-09 18:23:00,EVBG
39.07,39.07,39.01,39.01,800,2022-06-09 18:24:00,EVBG
39.0,39.01,38.95,38.95,900,2022-06-09 18:26:00,EVBG
38.98,39.03,38.965,38.99,1500,2022-06-09 18:27:00,EVBG
39.0,39.03,38.995,39.03,800,2022-06-09 18:28:00,EVBG
39.06,39.09,39.06,39.09,700,2022-06-09 18:29:00,EVBG
39.06,39.065,39.05,39.05,1319,2022-06-09 18:30:00,EVBG
38.99,39.12,38.99,39.12,4000,2022-06-09 18:31:00,EVBG
39.1,39.1,39.04,39.04,400,2022-06-09 18:32:00,EVBG
39.05,39.05,39.05,39.05,200,2022-06-09 18:33:00,EVBG
39.04,39.04,39.0,39.0,1327,2022-06-09 18:34:00,EVBG
38.995,39.03,38.995,39.03,500,2022-06-09 18:35:00,EVBG
39.0,39.0,38.97,39.0,1700,2022-06-09 18:37:00,EVBG
38.995,39.01,38.995,39.0,736,2022-06-09 18:38:00,EVBG
39.005,39.04,39.005,39.035,1000,2022-06-09 18:39:00,EVBG
39.0,39.0,38.99,38.99,1146,2022-06-09 18:40:00,EVBG
39.0,39.02,39.0,39.02,500,2022-06-09 18:41:00,EVBG
39.04,39.04,38.995,39.0,861,2022-06-09 18:42:00,EVBG
38.98,38.99,38.97,38.97,300,2022-06-09 18:43:00,EVBG
39.005,39.005,38.99,38.99,200,2022-06-09 18:44:00,EVBG
38.995,39.075,38.99,39.075,1055,2022-06-09 18:45:00,EVBG
39.09,39.1,39.09,39.1,400,2022-06-09 18:46:00,EVBG
39.09,39.115,39.09,39.115,803,2022-06-09 18:48:00,EVBG
39.12,39.12,39.12,39.12,200,2022-06-09 18:49:00,EVBG
39.1,39.1,39.1,39.1,100,2022-06-09 18:50:00,EVBG
39.09,39.09,39.06,39.06,400,2022-06-09 18:51:00,EVBG
39.0175,39.02,39.0175,39.02,224,2022-06-09 18:53:00,EVBG
39.0,39.04,39.0,39.015,1300,2022-06-09 18:54:00,EVBG
39.02,39.02,39.02,39.02,100,2022-06-09 18:55:00,EVBG
39.03,39.05,39.03,39.05,300,2022-06-09 18:56:00,EVBG
39.03,39.03,38.97,39.02,706,2022-06-09 18:57:00,EVBG
39.01,39.01,39.01,39.01,100,2022-06-09 18:58:00,EVBG
39.0,39.0,38.95,38.955,1100,2022-06-09 18:59:00,EVBG
38.94,38.945,38.92,38.94,500,2022-06-09 19:00:00,EVBG
38.935,38.935,38.895,38.895,300,2022-06-09 19:01:00,EVBG
38.895,38.995,38.895,38.995,1600,2022-06-09 19:02:00,EVBG
38.97,38.99,38.965,38.97,515,2022-06-09 19:03:00,EVBG
38.96,38.96,38.88,38.88,200,2022-06-09 19:04:00,EVBG
38.88,38.9,38.85,38.89,3713,2022-06-09 19:05:00,EVBG
38.885,38.885,38.88,38.88,300,2022-06-09 19:06:00,EVBG
38.88,38.88,38.85,38.855,422,2022-06-09 19:07:00,EVBG
38.85,38.94,38.835,38.94,1800,2022-06-09 19:08:00,EVBG
38.925,38.94,38.925,38.9289,700,2022-06-09 19:09:00,EVBG
38.93,38.95,38.89,38.9,1800,2022-06-09 19:10:00,EVBG
38.88,38.91,38.88,38.91,400,2022-06-09 19:11:00,EVBG
38.92,38.935,38.92,38.935,400,2022-06-09 19:12:00,EVBG
38.94,38.94,38.89,38.89,700,2022-06-09 19:13:00,EVBG
38.89,38.89,38.875,38.875,200,2022-06-09 19:14:00,EVBG
38.86,38.865,38.86,38.865,700,2022-06-09 19:15:00,EVBG
38.88,38.88,38.88,38.88,700,2022-06-09 19:16:00,EVBG
38.9,38.925,38.885,38.925,500,2022-06-09 19:17:00,EVBG
38.925,38.97,38.895,38.92,3281,2022-06-09 19:18:00,EVBG
38.955,38.98,38.955,38.98,600,2022-06-09 19:19:00,EVBG
38.955,38.99,38.94,38.97,6778,2022-06-09 19:20:00,EVBG
38.96,38.96,38.885,38.885,716,2022-06-09 19:21:00,EVBG
38.885,38.885,38.86,38.86,200,2022-06-09 19:22:00,EVBG
38.855,38.855,38.8,38.8,2200,2022-06-09 19:23:00,EVBG
38.8,38.85,38.78,38.81,2765,2022-06-09 19:24:00,EVBG
38.81,38.81,38.74,38.77,500,2022-06-09 19:25:00,EVBG
38.76,38.76,38.76,38.76,100,2022-06-09 19:26:00,EVBG
38.683,38.69,38.68,38.685,600,2022-06-09 19:27:00,EVBG
38.66,38.66,38.66,38.66,100,2022-06-09 19:28:00,EVBG
38.6322,38.6322,38.56,38.56,5600,2022-06-09 19:29:00,EVBG
38.57,38.59,38.56,38.565,2400,2022-06-09 19:30:00,EVBG
38.58,38.62,38.57,38.6,1900,2022-06-09 19:31:00,EVBG
38.63,38.63,38.62,38.62,300,2022-06-09 19:32:00,EVBG
38.58,38.58,38.58,38.58,100,2022-06-09 19:33:00,EVBG
38.58,38.58,38.56,38.56,400,2022-06-09 19:34:00,EVBG
38.545,38.58,38.49,38.49,902,2022-06-09 19:35:00,EVBG
38.47,38.48,38.47,38.48,200,2022-06-09 19:36:00,EVBG
38.499,38.499,38.39,38.42,1795,2022-06-09 19:37:00,EVBG
38.44,38.47,38.41,38.47,800,2022-06-09 19:38:00,EVBG
38.47,38.47,38.395,38.395,1822,2022-06-09 19:39:00,EVBG
38.3904,38.405,38.39,38.405,1600,2022-06-09 19:40:00,EVBG
38.41,38.49,38.41,38.4742,4300,2022-06-09 19:41:00,EVBG
38.46,38.5,38.46,38.46,1893,2022-06-09 19:42:00,EVBG
38.45,38.45,38.39,38.415,834,2022-06-09 19:43:00,EVBG
38.4,38.4,38.38,38.38,1351,2022-06-09 19:44:00,EVBG
38.34,38.34,38.29,38.29,780,2022-06-09 19:45:00,EVBG
38.29,38.31,38.27,38.27,2900,2022-06-09 19:46:00,EVBG
38.26,38.26,38.13,38.14,4905,2022-06-09 19:47:00,EVBG
38.125,38.16,38.1,38.1,1731,2022-06-09 19:48:00,EVBG
38.06,38.11,38.04,38.07,4103,2022-06-09 19:49:00,EVBG
38.06,38.13,37.94,38.13,3700,2022-06-09 19:50:00,EVBG
38.15,38.1941,38.14,38.1941,2649,2022-06-09 19:51:00,EVBG
38.19,38.27,38.18,38.27,3800,2022-06-09 19:52:00,EVBG
38.28,38.28,38.21,38.21,3325,2022-06-09 19:53:00,EVBG
38.205,38.22,38.18,38.22,4274,2022-06-09 19:54:00,EVBG
38.28,38.29,38.22,38.22,2832,2022-06-09 19:55:00,EVBG
38.23,38.25,38.23,38.24,3601,2022-06-09 19:56:00,EVBG
38.25,38.26,38.24,38.25,4106,2022-06-09 19:57:00,EVBG
38.24,38.26,38.22,38.26,4805,2022-06-09 19:58:00,EVBG
38.25,38.35,38.25,38.32,25978,2022-06-09 19:59:00,EVBG
38.28,38.28,38.28,38.28,40085,2022-06-09 20:00:00,EVBG
38.28,38.28,38.28,38.28,3270,2022-06-09 20:02:00,EVBG
36.83,36.83,36.83,36.83,200,2022-06-10 13:27:00,EVBG
36.72,36.72,36.72,36.72,100,2022-06-10 13:29:00,EVBG
36.77,37.6,36.77,37.04,16555,2022-06-10 13:30:00,EVBG
36.66,36.66,36.66,36.66,100,2022-06-10 13:31:00,EVBG
36.6,37.34,36.6,36.67,10913,2022-06-10 13:32:00,EVBG
36.55,36.62,36.42,36.42,713,2022-06-10 13:33:00,EVBG
36.43,36.47,36.2,36.32,3000,2022-06-10 13:35:00,EVBG
36.43,36.57,36.39,36.4,1775,2022-06-10 13:36:00,EVBG
36.44,36.6,36.38,36.44,3100,2022-06-10 13:37:00,EVBG
36.51,36.51,36.275,36.275,1308,2022-06-10 13:38:00,EVBG
36.27,36.27,36.27,36.27,100,2022-06-10 13:39:00,EVBG
36.39,36.68,36.39,36.68,3700,2022-06-10 13:40:00,EVBG
36.6,36.7,36.525,36.58,2648,2022-06-10 13:41:00,EVBG
36.57,36.76,36.52,36.71,3370,2022-06-10 13:42:00,EVBG
36.77,36.77,36.68,36.74,880,2022-06-10 13:43:00,EVBG
36.69,36.86,36.56,36.86,1904,2022-06-10 13:44:00,EVBG
36.92,36.92,36.69,36.69,1100,2022-06-10 13:45:00,EVBG
36.62,36.91,36.61,36.91,1300,2022-06-10 13:46:00,EVBG
36.82,36.82,36.81,36.81,200,2022-06-10 13:47:00,EVBG
36.72,36.72,36.71,36.71,1500,2022-06-10 13:48:00,EVBG
36.66,36.81,36.66,36.8,6441,2022-06-10 13:49:00,EVBG
36.8,36.88,36.78,36.81,2585,2022-06-10 13:50:00,EVBG
36.77,36.82,36.73,36.82,3875,2022-06-10 13:51:00,EVBG
36.795,36.87,36.76,36.87,1300,2022-06-10 13:52:00,EVBG
36.86,36.9,36.79,36.9,904,2022-06-10 13:53:00,EVBG
36.9,36.9,36.9,36.9,200,2022-06-10 13:54:00,EVBG
36.77,36.815,36.69,36.69,2600,2022-06-10 13:55:00,EVBG
36.61,36.71,36.6,36.675,7945,2022-06-10 13:56:00,EVBG
36.67,36.7,36.67,36.67,300,2022-06-10 13:57:00,EVBG
36.61,36.61,36.43,36.43,925,2022-06-10 13:58:00,EVBG
36.25,36.25,36.16,36.2441,410,2022-06-10 14:01:00,EVBG
36.1865,36.23,36.1865,36.22,1422,2022-06-10 14:02:00,EVBG
36.195,36.195,36.17,36.17,500,2022-06-10 14:05:00,EVBG
36.14,36.16,36.08,36.1,4000,2022-06-10 14:06:00,EVBG
36.09,36.09,35.98,35.9875,1756,2022-06-10 14:07:00,EVBG
35.84,35.84,35.84,35.84,200,2022-06-10 14:08:00,EVBG
35.77,35.8,35.65,35.8,11485,2022-06-10 14:10:00,EVBG
35.8,35.8,35.67,35.67,1062,2022-06-10 14:11:00,EVBG
35.62,35.62,35.39,35.39,2241,2022-06-10 14:12:00,EVBG
35.36,35.78,35.36,35.59,12538,2022-06-10 14:13:00,EVBG
35.86,35.86,35.86,35.86,100,2022-06-10 14:16:00,EVBG
35.98,35.98,35.98,35.98,100,2022-06-10 14:17:00,EVBG
35.86,35.885,35.86,35.885,507,2022-06-10 14:19:00,EVBG
35.82,35.82,35.69,35.79,600,2022-06-10 14:20:00,EVBG
35.58,35.58,35.56,35.56,200,2022-06-10 14:22:00,EVBG
35.55,35.56,35.42,35.54,1677,2022-06-10 14:23:00,EVBG
35.56,35.63,35.52,35.63,400,2022-06-10 14:24:00,EVBG
35.66,35.66,35.66,35.66,202,2022-06-10 14:25:00,EVBG
35.9,35.9,35.9,35.9,100,2022-06-10 14:26:00,EVBG
35.82,35.82,35.82,35.82,100,2022-06-10 14:27:00,EVBG
35.73,35.73,35.73,35.73,400,2022-06-10 14:28:00,EVBG
35.76,35.76,35.76,35.76,200,2022-06-10 14:29:00,EVBG
35.74,35.8,35.74,35.75,400,2022-06-10 14:30:00,EVBG
35.73,35.73,35.73,35.73,100,2022-06-10 14:31:00,EVBG
35.76,35.76,35.65,35.65,300,2022-06-10 14:33:00,EVBG
35.67,35.74,35.67,35.74,693,2022-06-10 14:34:00,EVBG
35.7,35.7,35.68,35.68,400,2022-06-10 14:35:00,EVBG
35.61,35.61,35.55,35.55,300,2022-06-10 14:36:00,EVBG
35.5,35.5,35.5,35.5,100,2022-06-10 14:37:00,EVBG
35.49,35.56,35.49,35.56,355,2022-06-10 14:38:00,EVBG
35.57,35.58,35.57,35.58,400,2022-06-10 14:39:00,EVBG
35.52,35.56,35.52,35.56,500,2022-06-10 14:40:00,EVBG
35.53,35.53,35.53,35.53,300,2022-06-10 14:41:00,EVBG
35.41,35.41,35.41,35.41,200,2022-06-10 14:42:00,EVBG
35.38,35.43,35.38,35.43,600,2022-06-10 14:43:00,EVBG
35.57,35.57,35.57,35.57,100,2022-06-10 14:44:00,EVBG
35.6,35.68,35.5868,35.63,5300,2022-06-10 14:45:00,EVBG
35.6,35.61,35.59,35.61,400,2022-06-10 14:46:00,EVBG
35.56,35.563,35.54,35.563,1300,2022-06-10 14:47:00,EVBG
35.55,35.55,35.5,35.5,900,2022-06-10 14:48:00,EVBG
35.45,35.45,35.4,35.4,1332,2022-06-10 14:49:00,EVBG
35.43,35.45,35.43,35.44,1700,2022-06-10 14:50:00,EVBG
35.44,35.49,35.34,35.34,2692,2022-06-10 14:51:00,EVBG
35.32,35.32,35.28,35.28,200,2022-06-10 14:52:00,EVBG
35.22,35.22,35.22,35.22,100,2022-06-10 14:53:00,EVBG
35.24,35.24,35.18,35.23,700,2022-06-10 14:54:00,EVBG
35.24,35.24,35.24,35.24,100,2022-06-10 14:55:00,EVBG
35.2,35.23,35.2,35.23,200,2022-06-10 14:56:00,EVBG
35.25,35.25,35.2,35.22,600,2022-06-10 14:58:00,EVBG
35.22,35.22,35.22,35.22,300,2022-06-10 14:59:00,EVBG
35.23,35.23,35.13,35.13,568,2022-06-10 15:00:00,EVBG
35.18,35.18,35.18,35.18,402,2022-06-10 15:01:00,EVBG
35.23,35.23,35.23,35.23,100,2022-06-10 15:02:00,EVBG
35.29,35.36,35.29,35.36,200,2022-06-10 15:03:00,EVBG
35.36,35.36,35.34,35.34,300,2022-06-10 15:04:00,EVBG
35.23,35.23,35.18,35.21,400,2022-06-10 15:05:00,EVBG
35.26,35.26,35.26,35.26,100,2022-06-10 15:06:00,EVBG
35.215,35.25,35.19,35.23,400,2022-06-10 15:10:00,EVBG
35.205,35.26,35.205,35.26,736,2022-06-10 15:11:00,EVBG
35.28,35.28,35.24,35.25,500,2022-06-10 15:13:00,EVBG
35.255,35.255,35.255,35.255,100,2022-06-10 15:14:00,EVBG
35.225,35.225,35.225,35.225,100,2022-06-10 15:15:00,EVBG
35.23,35.26,35.23,35.26,200,2022-06-10 15:16:00,EVBG
35.31,35.31,35.3,35.3,200,2022-06-10 15:17:00,EVBG
35.3,35.3,35.3,35.3,100,2022-06-10 15:18:00,EVBG
35.34,35.44,35.34,35.39,1381,2022-06-10 15:19:00,EVBG
35.41,35.41,35.32,35.33,600,2022-06-10 15:20:00,EVBG
35.29,35.29,35.24,35.24,200,2022-06-10 15:22:00,EVBG
35.25,35.25,35.19,35.19,400,2022-06-10 15:24:00,EVBG
35.19,35.19,35.19,35.19,100,2022-06-10 15:25:00,EVBG
35.1,35.17,35.075,35.17,800,2022-06-10 15:26:00,EVBG
35.17,35.17,35.1,35.1,900,2022-06-10 15:28:00,EVBG
35.16,35.16,35.16,35.16,100,2022-06-10 15:29:00,EVBG
35.18,35.18,35.18,35.18,100,2022-06-10 15:30:00,EVBG
35.1,35.16,35.1,35.16,300,2022-06-10 15:31:00,EVBG
35.14,35.14,35.14,35.14,100,2022-06-10 15:33:00,EVBG
35.15,35.16,35.15,35.155,300,2022-06-10 15:34:00,EVBG
35.16,35.16,35.14,35.14,1013,2022-06-10 15:35:00,EVBG
35.12,35.12,35.06,35.06,6799,2022-06-10 15:36:00,EVBG
35.06,35.06,35.0,35.04,500,2022-06-10 15:37:00,EVBG
35.0,35.08,34.97,35.08,5303,2022-06-10 15:38:00,EVBG
35.095,35.1799,35.08,35.145,1741,2022-06-10 15:39:00,EVBG
35.155,35.2,35.13,35.2,1833,2022-06-10 15:40:00,EVBG
35.21,35.22,35.21,35.22,300,2022-06-10 15:41:00,EVBG
35.2,35.2,35.2,35.2,300,2022-06-10 15:42:00,EVBG
35.12,35.2,35.12,35.2,1100,2022-06-10 15:43:00,EVBG
35.24,35.33,35.235,35.33,500,2022-06-10 15:44:00,EVBG
35.33,35.33,35.33,35.33,100,2022-06-10 15:45:00,EVBG
35.295,35.295,35.26,35.27,600,2022-06-10 15:46:00,EVBG
35.25,35.27,35.21,35.21,800,2022-06-10 15:47:00,EVBG
35.21,35.24,35.2,35.2,1700,2022-06-10 15:48:00,EVBG
35.2,35.2,35.17,35.195,1900,2022-06-10 15:49:00,EVBG
35.175,35.19,35.15,35.175,1870,2022-06-10 15:50:00,EVBG
35.175,35.175,35.16,35.16,400,2022-06-10 15:51:00,EVBG
35.22,35.22,35.17,35.17,1235,2022-06-10 15:53:00,EVBG
35.2,35.2,35.2,35.2,500,2022-06-10 15:54:00,EVBG
35.21,35.21,35.19,35.2,400,2022-06-10 15:55:00,EVBG
35.17,35.17,35.17,35.17,100,2022-06-10 15:56:00,EVBG
35.21,35.275,35.2,35.275,700,2022-06-10 15:57:00,EVBG
35.25,35.38,35.21,35.38,1000,2022-06-10 15:58:00,EVBG
35.4,35.4,35.38,35.38,200,2022-06-10 15:59:00,EVBG
35.3,35.3,35.3,35.3,200,2022-06-10 16:00:00,EVBG
35.27,35.27,35.27,35.27,100,2022-06-10 16:01:00,EVBG
35.27,35.295,35.27,35.295,512,2022-06-10 16:02:00,EVBG
35.36,35.36,35.36,35.36,200,2022-06-10 16:04:00,EVBG
35.33,35.34,35.33,35.34,300,2022-06-10 16:05:00,EVBG
35.34,35.34,35.34,35.34,200,2022-06-10 16:06:00,EVBG
35.4,35.4,35.33,35.33,500,2022-06-10 16:07:00,EVBG
35.24,35.24,35.24,35.24,100,2022-06-10 16:08:00,EVBG
35.2,35.23,35.2,35.23,900,2022-06-10 16:09:00,EVBG
35.145,35.17,35.125,35.125,1000,2022-06-10 16:11:00,EVBG
35.135,35.135,35.105,35.105,200,2022-06-10 16:12:00,EVBG
35.095,35.12,35.08,35.12,1448,2022-06-10 16:13:00,EVBG
35.14,35.18,35.1,35.175,2073,2022-06-10 16:14:00,EVBG
35.15,35.16,35.12,35.12,669,2022-06-10 16:15:00,EVBG
35.13,35.15,35.13,35.15,800,2022-06-10 16:16:00,EVBG
35.14,35.2,35.14,35.2,700,2022-06-10 16:17:00,EVBG
35.17,35.185,35.1699,35.185,500,2022-06-10 16:18:00,EVBG
35.16,35.205,35.14,35.205,2184,2022-06-10 16:19:00,EVBG
35.22,35.23,35.215,35.215,600,2022-06-10 16:20:00,EVBG
35.25,35.25,35.25,35.25,950,2022-06-10 16:21:00,EVBG
35.23,35.23,35.23,35.23,100,2022-06-10 16:22:00,EVBG
35.23,35.27,35.19,35.21,804,2022-06-10 16:23:00,EVBG
35.19,35.2,35.18,35.18,400,2022-06-10 16:24:00,EVBG
35.21,35.21,35.205,35.205,700,2022-06-10 16:25:00,EVBG
35.175,35.175,35.175,35.175,100,2022-06-10 16:26:00,EVBG
35.195,35.195,35.195,35.195,300,2022-06-10 16:27:00,EVBG
35.17,35.26,35.17,35.23,1404,2022-06-10 16:28:00,EVBG
35.2179,35.25,35.2179,35.25,600,2022-06-10 16:29:00,EVBG
35.24,35.245,35.24,35.245,300,2022-06-10 16:30:00,EVBG
35.24,35.25,35.24,35.25,200,2022-06-10 16:31:00,EVBG
35.195,35.195,35.195,35.195,100,2022-06-10 16:33:00,EVBG
35.185,35.21,35.18,35.2,600,2022-06-10 16:34:00,EVBG
35.195,35.195,35.195,35.195,500,2022-06-10 16:35:00,EVBG
35.195,35.235,35.195,35.235,1500,2022-06-10 16:36:00,EVBG
35.315,35.315,35.315,35.315,190,2022-06-10 16:38:00,EVBG
35.27,35.27,35.24,35.24,200,2022-06-10 16:39:00,EVBG
35.24,35.24,35.24,35.24,100,2022-06-10 16:40:00,EVBG
35.31,35.38,35.31,35.38,200,2022-06-10 16:41:00,EVBG
35.34,35.34,35.34,35.34,200,2022-06-10 16:42:00,EVBG
35.31,35.31,35.31,35.31,100,2022-06-10 16:43:00,EVBG
35.35,35.35,35.31,35.31,500,2022-06-10 16:44:00,EVBG
35.29,35.33,35.29,35.33,200,2022-06-10 16:45:00,EVBG
35.26,35.31,35.26,35.31,200,2022-06-10 16:46:00,EVBG
35.26,35.26,35.19,35.19,300,2022-06-10 16:49:00,EVBG
35.2,35.22,35.2,35.205,400,2022-06-10 16:50:00,EVBG
35.19,35.22,35.19,35.22,600,2022-06-10 16:51:00,EVBG
35.21,35.22,35.19,35.19,2100,2022-06-10 16:52:00,EVBG
35.2,35.2,35.13,35.14,27000,2022-06-10 16:53:00,EVBG
35.135,35.14,35.1,35.105,1100,2022-06-10 16:54:00,EVBG
35.12,35.12,35.11,35.11,354,2022-06-10 16:55:00,EVBG
35.06,35.18,35.06,35.17,5300,2022-06-10 16:56:00,EVBG
35.17,35.17,35.16,35.162,400,2022-06-10 16:57:00,EVBG
35.15,35.15,35.12,35.13,407,2022-06-10 16:58:00,EVBG
35.14,35.165,35.14,35.165,200,2022-06-10 16:59:00,EVBG
35.165,35.165,35.135,35.135,1100,2022-06-10 17:00:00,EVBG
35.1,35.11,35.09,35.11,1500,2022-06-10 17:01:00,EVBG
35.085,35.11,35.085,35.11,300,2022-06-10 17:02:00,EVBG
35.09,35.2,35.09,35.15,5300,2022-06-10 17:03:00,EVBG
35.12,35.1492,35.12,35.13,650,2022-06-10 17:04:00,EVBG
35.13,35.16,35.1,35.13,1037,2022-06-10 17:05:00,EVBG
35.11,35.14,35.11,35.11,300,2022-06-10 17:06:00,EVBG
35.08,35.08,35.025,35.05,1200,2022-06-10 17:07:00,EVBG
35.09,35.1194,35.07,35.105,500,2022-06-10 17:08:00,EVBG
35.11,35.11,35.0,35.015,500,2022-06-10 17:10:00,EVBG
35.015,35.015,35.015,35.015,100,2022-06-10 17:11:00,EVBG
34.96,34.96,34.935,34.96,400,2022-06-10 17:12:00,EVBG
34.92,34.94,34.92,34.94,300,2022-06-10 17:13:00,EVBG
34.94,34.94,34.92,34.93,300,2022-06-10 17:14:00,EVBG
34.92,34.97,34.91,34.97,1400,2022-06-10 17:15:00,EVBG
34.975,34.975,34.95,34.95,400,2022-06-10 17:16:00,EVBG
34.95,34.97,34.95,34.97,300,2022-06-10 17:17:00,EVBG
34.97,35.02,34.9617,34.99,1498,2022-06-10 17:18:00,EVBG
35.0,35.055,34.99,35.055,600,2022-06-10 17:19:00,EVBG
35.05,35.07,35.01,35.01,700,2022-06-10 17:20:00,EVBG
34.99,35.0,34.99,35.0,300,2022-06-10 17:21:00,EVBG
34.93,34.98,34.92,34.92,721,2022-06-10 17:22:00,EVBG
34.98,34.98,34.98,34.98,200,2022-06-10 17:23:00,EVBG
34.95,34.95,34.95,34.95,100,2022-06-10 17:24:00,EVBG
34.93,34.95,34.93,34.95,300,2022-06-10 17:25:00,EVBG
34.96,34.96,34.93,34.95,600,2022-06-10 17:26:00,EVBG
34.97,34.975,34.97,34.975,200,2022-06-10 17:29:00,EVBG
34.93,34.965,34.93,34.94,700,2022-06-10 17:30:00,EVBG
34.91,34.92,34.88,34.88,1400,2022-06-10 17:31:00,EVBG
34.885,34.885,34.85,34.885,1300,2022-06-10 17:32:00,EVBG
34.845,34.85,34.845,34.85,200,2022-06-10 17:33:00,EVBG
34.81,34.81,34.81,34.81,200,2022-06-10 17:34:00,EVBG
34.83,34.915,34.83,34.915,300,2022-06-10 17:35:00,EVBG
34.93,34.94,34.915,34.94,600,2022-06-10 17:38:00,EVBG
34.9,34.95,34.9,34.95,500,2022-06-10 17:39:00,EVBG
34.98,34.98,34.98,34.98,100,2022-06-10 17:40:00,EVBG
34.955,34.955,34.94,34.95,300,2022-06-10 17:41:00,EVBG
34.98,35.01,34.98,35.0075,600,2022-06-10 17:42:00,EVBG
35.01,35.14,35.01,35.08,9048,2022-06-10 17:43:00,EVBG
35.06,35.06,34.9701,35.0,1400,2022-06-10 17:44:00,EVBG
34.99,35.0,34.97,34.97,400,2022-06-10 17:45:00,EVBG
35.02,35.09,35.02,35.09,400,2022-06-10 17:46:00,EVBG
35.09,35.09,35.04,35.04,500,2022-06-10 17:47:00,EVBG
35.08,35.15,35.08,35.15,2100,2022-06-10 17:49:00,EVBG
35.15,35.18,35.15,35.15,1300,2022-06-10 17:50:00,EVBG
35.14,35.14,35.075,35.075,1131,2022-06-10 17:51:00,EVBG
35.05,35.05,35.05,35.05,200,2022-06-10 17:52:00,EVBG
35.01,35.02,34.98,34.98,600,2022-06-10 17:53:00,EVBG
35.0,35.01,34.95,34.95,1200,2022-06-10 17:54:00,EVBG
34.94,34.96,34.94,34.96,300,2022-06-10 17:55:00,EVBG
34.945,34.96,34.945,34.96,300,2022-06-10 17:56:00,EVBG
34.955,34.98,34.955,34.98,200,2022-06-10 17:57:00,EVBG
34.9897,35.03,34.95,34.98,600,2022-06-10 17:58:00,EVBG
34.99,34.99,34.98,34.98,500,2022-06-10 18:00:00,EVBG
35.0,35.02,34.96,34.985,658,2022-06-10 18:02:00,EVBG
34.94,34.945,34.94,34.945,400,2022-06-10 18:03:00,EVBG
34.94,34.97,34.93,34.97,900,2022-06-10 18:05:00,EVBG
34.98,35.01,34.97,35.01,600,2022-06-10 18:06:00,EVBG
34.98,34.98,34.91,34.91,600,2022-06-10 18:07:00,EVBG
34.94,34.98,34.94,34.98,500,2022-06-10 18:08:00,EVBG
34.95,34.96,34.95,34.96,200,2022-06-10 18:09:00,EVBG
34.99,35.0,34.99,34.995,300,2022-06-10 18:10:00,EVBG
34.97,34.97,34.97,34.97,100,2022-06-10 18:11:00,EVBG
35.03,35.03,35.005,35.03,800,2022-06-10 18:13:00,EVBG
35.02,35.02,34.97,35.0,1000,2022-06-10 18:14:00,EVBG
35.01,35.02,35.01,35.02,300,2022-06-10 18:15:00,EVBG
34.97,34.97,34.93,34.93,600,2022-06-10 18:16:00,EVBG
34.97,34.98,34.97,34.97,300,2022-06-10 18:17:00,EVBG
35.0,35.0,34.97,34.975,700,2022-06-10 18:18:00,EVBG
34.99,35.0,34.99,34.995,600,2022-06-10 18:19:00,EVBG
35.0,35.0,34.95,35.0,1200,2022-06-10 18:20:00,EVBG
35.0,35.07,35.0,35.07,1000,2022-06-10 18:21:00,EVBG
35.05,35.05,35.0,35.0,665,2022-06-10 18:22:00,EVBG
35.0,35.03,35.0,35.03,1118,2022-06-10 18:23:00,EVBG
35.06,35.06,35.04,35.04,200,2022-06-10 18:24:00,EVBG
35.02,35.035,35.02,35.035,400,2022-06-10 18:25:00,EVBG
35.0,35.0,34.97,34.97,400,2022-06-10 18:26:00,EVBG
34.96,34.96,34.9475,34.95,300,2022-06-10 18:27:00,EVBG
34.9,34.9,34.86,34.86,500,2022-06-10 18:28:00,EVBG
34.86,34.86,34.84,34.84,300,2022-06-10 18:30:00,EVBG
34.84,34.9,34.84,34.9,1200,2022-06-10 18:31:00,EVBG
34.87,34.89,34.87,34.89,522,2022-06-10 18:32:00,EVBG
34.9,34.93,34.9,34.91,400,2022-06-10 18:33:00,EVBG
34.88,34.895,34.86,34.875,900,2022-06-10 18:34:00,EVBG
34.85,34.85,34.8275,34.8275,400,2022-06-10 18:35:00,EVBG
34.83,34.83,34.8,34.8,1394,2022-06-10 18:37:00,EVBG
34.8,34.8,34.79,34.79,400,2022-06-10 18:38:00,EVBG
34.81,34.82,34.79,34.79,799,2022-06-10 18:39:00,EVBG
34.74,34.75,34.63,34.69,4917,2022-06-10 18:40:00,EVBG
34.665,34.67,34.6,34.67,800,2022-06-10 18:41:00,EVBG
34.66,34.66,34.66,34.66,200,2022-06-10 18:42:00,EVBG
34.67,34.67,34.67,34.67,100,2022-06-10 18:43:00,EVBG
34.675,34.675,34.675,34.675,100,2022-06-10 18:44:00,EVBG
34.69,34.725,34.69,34.71,1000,2022-06-10 18:45:00,EVBG
34.71,34.71,34.63,34.63,1300,2022-06-10 18:46:00,EVBG
34.63,34.64,34.57,34.57,4048,2022-06-10 18:47:00,EVBG
34.57,34.59,34.565,34.59,1363,2022-06-10 18:48:00,EVBG
34.615,34.645,34.6017,34.645,1057,2022-06-10 18:49:00,EVBG
34.65,34.655,34.59,34.59,800,2022-06-10 18:50:00,EVBG
34.6,34.6,34.55,34.575,2523,2022-06-10 18:51:00,EVBG
34.5938,34.5938,34.58,34.5861,1000,2022-06-10 18:52:00,EVBG
34.55,34.55,34.47,34.47,4400,2022-06-10 18:53:00,EVBG
34.48,34.5,34.47,34.48,2984,2022-06-10 18:54:00,EVBG
34.485,34.5,34.485,34.5,500,2022-06-10 18:55:00,EVBG
34.51,34.54,34.5,34.53,900,2022-06-10 18:56:00,EVBG
34.51,34.54,34.51,34.54,300,2022-06-10 18:57:00,EVBG
34.5804,34.62,34.5804,34.61,854,2022-06-10 18:58:00,EVBG
34.62,34.62,34.58,34.595,600,2022-06-10 18:59:00,EVBG
34.62,34.65,34.62,34.65,857,2022-06-10 19:00:00,EVBG
34.65,34.65,34.63,34.65,837,2022-06-10 19:01:00,EVBG
34.63,34.63,34.61,34.61,600,2022-06-10 19:02:00,EVBG
34.595,34.595,34.535,34.535,800,2022-06-10 19:03:00,EVBG
34.52,34.52,34.51,34.51,200,2022-06-10 19:04:00,EVBG
34.54,34.54,34.49,34.5,1152,2022-06-10 19:05:00,EVBG
34.5,34.54,34.5,34.535,1100,2022-06-10 19:06:00,EVBG
34.54,34.65,34.54,34.615,3000,2022-06-10 19:07:00,EVBG
34.62,34.78,34.62,34.745,3755,2022-06-10 19:08:00,EVBG
34.74,34.74,34.74,34.74,200,2022-06-10 19:09:00,EVBG
34.87,34.87,34.87,34.87,100,2022-06-10 19:10:00,EVBG
34.92,34.92,34.85,34.9,600,2022-06-10 19:11:00,EVBG
34.86,34.86,34.86,34.86,100,2022-06-10 19:12:00,EVBG
34.875,34.99,34.875,34.99,600,2022-06-10 19:13:00,EVBG
34.96,34.96,34.94,34.94,1200,2022-06-10 19:14:00,EVBG
34.94,34.975,34.94,34.975,644,2022-06-10 19:15:00,EVBG
35.0,35.0,34.97,34.98,300,2022-06-10 19:16:00,EVBG
34.96,34.975,34.96,34.975,500,2022-06-10 19:17:00,EVBG
34.985,34.985,34.9703,34.985,421,2022-06-10 19:18:00,EVBG
34.99,35.08,34.99,35.08,2100,2022-06-10 19:19:00,EVBG
35.11,35.14,35.08,35.105,1705,2022-06-10 19:20:00,EVBG
35.07,35.11,35.07,35.08,1000,2022-06-10 19:21:00,EVBG
35.08,35.1,35.08,35.1,300,2022-06-10 19:22:00,EVBG
35.11,35.135,35.1,35.135,900,2022-06-10 19:23:00,EVBG
35.16,35.16,35.1,35.15,3933,2022-06-10 19:24:00,EVBG
35.15,35.21,35.15,35.185,1800,2022-06-10 19:25:00,EVBG
35.19,35.26,35.19,35.26,200,2022-06-10 19:26:00,EVBG
35.27,35.333,35.27,35.333,400,2022-06-10 19:27:00,EVBG
35.36,35.38,35.33,35.37,3200,2022-06-10 19:28:00,EVBG
35.35,35.36,35.325,35.36,1300,2022-06-10 19:29:00,EVBG
35.35,35.36,35.335,35.36,1138,2022-06-10 19:30:00,EVBG
35.34,35.415,35.33,35.35,10060,2022-06-10 19:31:00,EVBG
35.335,35.37,35.3,35.37,3374,2022-06-10 19:32:00,EVBG
35.355,35.37,35.33,35.36,2860,2022-06-10 19:33:00,EVBG
35.33,35.34,35.28,35.28,1100,2022-06-10 19:34:00,EVBG
35.28,35.3,35.24,35.25,2298,2022-06-10 19:35:00,EVBG
35.2309,35.29,35.2309,35.29,1109,2022-06-10 19:36:00,EVBG
35.27,35.45,35.27,35.45,2752,2022-06-10 19:37:00,EVBG
35.405,35.44,35.37,35.44,1100,2022-06-10 19:38:00,EVBG
35.425,35.49,35.4,35.49,1800,2022-06-10 19:39:00,EVBG
35.475,35.49,35.44,35.49,1150,2022-06-10 19:40:00,EVBG
35.49,35.49,35.4,35.44,1400,2022-06-10 19:41:00,EVBG
35.4,35.405,35.35,35.4,2453,2022-06-10 19:42:00,EVBG
35.38,35.39,35.33,35.34,3485,2022-06-10 19:43:00,EVBG
35.34,35.34,35.31,35.32,1000,2022-06-10 19:44:00,EVBG
35.32,35.36,35.21,35.225,14319,2022-06-10 19:45:00,EVBG
35.2396,35.2396,35.12,35.13,1400,2022-06-10 19:46:00,EVBG
35.09,35.11,35.09,35.11,849,2022-06-10 19:47:00,EVBG
35.11,35.12,35.045,35.06,3479,2022-06-10 19:48:00,EVBG
35.03,35.085,34.945,34.96,3745,2022-06-10 19:49:00,EVBG
34.91,35.07,34.9,34.945,3154,2022-06-10 19:50:00,EVBG
34.94,35.01,34.92,34.92,3300,2022-06-10 19:51:00,EVBG
34.91,34.98,34.91,34.96,3894,2022-06-10 19:52:00,EVBG
34.96,35.05,34.94,35.02,6200,2022-06-10 19:53:00,EVBG
35.04,35.07,34.99,35.07,3885,2022-06-10 19:54:00,EVBG
35.065,35.13,35.04,35.09,5373,2022-06-10 19:55:00,EVBG
35.06,35.07,35.05,35.07,3767,2022-06-10 19:56:00,EVBG
35.065,35.11,35.065,35.075,4962,2022-06-10 19:57:00,EVBG
35.075,35.08,35.06,35.08,2700,2022-06-10 19:58:00,EVBG
35.07,35.18,34.98,35.01,22826,2022-06-10 19:59:00,EVBG
35.01,35.01,35.01,35.01,49364,2022-06-10 20:00:00,EVBG
33.33,33.33,33.33,33.33,100,2022-06-13 13:29:00,EVBG
33.27,33.5,33.15,33.5,13044,2022-06-13 13:30:00,EVBG
33.48,33.48,33.44,33.44,200,2022-06-13 13:31:00,EVBG
33.36,33.37,33.235,33.27,1200,2022-06-13 13:32:00,EVBG
33.37,33.7,33.27,33.47,5093,2022-06-13 13:33:00,EVBG
33.58,33.83,33.57,33.595,1600,2022-06-13 13:34:00,EVBG
33.6,33.6,33.27,33.27,2000,2022-06-13 13:35:00,EVBG
33.42,33.55,33.39,33.485,4517,2022-06-13 13:36:00,EVBG
33.435,33.72,33.435,33.6,1000,2022-06-13 13:37:00,EVBG
33.71,33.76,33.665,33.67,3875,2022-06-13 13:38:00,EVBG
33.49,33.62,33.46,33.53,616,2022-06-13 13:39:00,EVBG
33.3379,33.3379,32.98,32.98,1567,2022-06-13 13:40:00,EVBG
33.115,33.115,33.115,33.115,145,2022-06-13 13:41:00,EVBG
33.115,33.22,33.05,33.14,1931,2022-06-13 13:43:00,EVBG
33.125,33.18,33.1122,33.1122,1500,2022-06-13 13:44:00,EVBG
33.165,33.23,33.165,33.18,700,2022-06-13 13:45:00,EVBG
33.14,33.15,32.97,32.99,5620,2022-06-13 13:47:00,EVBG
32.95,32.98,32.93,32.93,500,2022-06-13 13:48:00,EVBG
32.92,32.92,32.83,32.9,3535,2022-06-13 13:49:00,EVBG
32.81,32.85,32.81,32.82,600,2022-06-13 13:50:00,EVBG
32.86,32.91,32.74,32.74,2311,2022-06-13 13:51:00,EVBG
32.68,32.68,32.64,32.65,300,2022-06-13 13:52:00,EVBG
32.4,32.55,32.4,32.5,1746,2022-06-13 13:53:00,EVBG
32.54,32.59,32.54,32.55,567,2022-06-13 13:54:00,EVBG
32.46,32.54,32.46,32.54,1301,2022-06-13 13:55:00,EVBG
32.5718,32.69,32.5718,32.595,2000,2022-06-13 13:56:00,EVBG
32.59,32.59,32.45,32.45,1000,2022-06-13 13:57:00,EVBG
32.475,32.475,32.37,32.37,200,2022-06-13 13:58:00,EVBG
32.47,32.5,32.4,32.46,1420,2022-06-13 13:59:00,EVBG
32.47,32.6,32.445,32.445,1828,2022-06-13 14:00:00,EVBG
32.45,32.57,32.45,32.49,300,2022-06-13 14:01:00,EVBG
32.46,32.5271,32.39,32.43,2122,2022-06-13 14:02:00,EVBG
32.4,32.43,32.32,32.32,2669,2022-06-13 14:03:00,EVBG
32.35,32.49,32.33,32.38,1800,2022-06-13 14:04:00,EVBG
32.42,32.59,32.42,32.5,1900,2022-06-13 14:05:00,EVBG
32.48,32.52,32.45,32.45,600,2022-06-13 14:06:00,EVBG
32.485,32.485,32.36,32.43,667,2022-06-13 14:07:00,EVBG
32.3,32.3,32.24,32.24,800,2022-06-13 14:08:00,EVBG
32.21,32.21,32.21,32.21,100,2022-06-13 14:09:00,EVBG
32.18,32.24,32.14,32.24,900,2022-06-13 14:10:00,EVBG
32.12,32.19,32.06,32.135,700,2022-06-13 14:11:00,EVBG
32.135,32.135,32.08,32.105,1000,2022-06-13 14:12:00,EVBG
32.1,32.19,32.1,32.135,1300,2022-06-13 14:13:00,EVBG
32.18,32.24,32.145,32.2,2650,2022-06-13 14:14:00,EVBG
32.175,32.26,32.175,32.21,2000,2022-06-13 14:15:00,EVBG
32.17,32.17,32.07,32.165,1400,2022-06-13 14:17:00,EVBG
32.19,32.215,32.13,32.13,1300,2022-06-13 14:18:00,EVBG
32.13,32.17,32.04,32.06,4487,2022-06-13 14:19:00,EVBG
32.17,32.27,32.16,32.27,1300,2022-06-13 14:20:00,EVBG
32.19,32.19,32.11,32.11,200,2022-06-13 14:21:00,EVBG
32.03,32.03,32.03,32.03,100,2022-06-13 14:23:00,EVBG
32.03,32.03,31.94,31.94,200,2022-06-13 14:24:00,EVBG
32.0,32.05,31.86,31.86,11850,2022-06-13 14:25:00,EVBG
31.87,31.89,31.83,31.83,700,2022-06-13 14:26:00,EVBG
31.82,31.84,31.82,31.83,600,2022-06-13 14:27:00,EVBG
31.85,31.88,31.75,31.79,700,2022-06-13 14:28:00,EVBG
31.82,31.86,31.82,31.83,600,2022-06-13 14:29:00,EVBG
31.87,31.87,31.74,31.74,400,2022-06-13 14:30:00,EVBG
31.73,31.73,31.69,31.71,400,2022-06-13 14:31:00,EVBG
31.75,31.75,31.69,31.69,300,2022-06-13 14:32:00,EVBG
31.755,31.755,31.63,31.71,2186,2022-06-13 14:33:00,EVBG
31.74,31.74,31.61,31.61,1700,2022-06-13 14:34:00,EVBG
31.6,31.62,31.6,31.6,1800,2022-06-13 14:35:00,EVBG
31.62,31.64,31.595,31.595,558,2022-06-13 14:36:00,EVBG
31.58,31.75,31.55,31.75,31456,2022-06-13 14:37:00,EVBG
31.66,31.69,31.645,31.69,600,2022-06-13 14:38:00,EVBG
31.65,31.74,31.48,31.48,12500,2022-06-13 14:39:00,EVBG
31.44,31.44,31.44,31.44,100,2022-06-13 14:40:00,EVBG
31.43,31.45,31.37,31.38,800,2022-06-13 14:41:00,EVBG
31.3,31.31,31.22,31.22,1400,2022-06-13 14:42:00,EVBG
31.22,31.24,31.2,31.2,700,2022-06-13 14:43:00,EVBG
31.1701,31.21,31.17,31.19,3461,2022-06-13 14:44:00,EVBG
31.195,31.36,31.195,31.36,2594,2022-06-13 14:45:00,EVBG
31.34,31.34,31.3354,31.3354,400,2022-06-13 14:46:00,EVBG
31.33,31.35,31.33,31.33,522,2022-06-13 14:47:00,EVBG
31.26,31.31,31.24,31.245,1000,2022-06-13 14:49:00,EVBG
31.24,31.25,31.18,31.22,657,2022-06-13 14:50:00,EVBG
31.2,31.25,31.2,31.25,900,2022-06-13 14:51:00,EVBG
31.25,31.32,31.25,31.32,705,2022-06-13 14:52:00,EVBG
31.3,31.3,31.28,31.28,200,2022-06-13 14:54:00,EVBG
31.3,31.47,31.21,31.385,10083,2022-06-13 14:55:00,EVBG
31.35,31.435,31.35,31.435,200,2022-06-13 14:57:00,EVBG
31.3798,31.3798,31.3798,31.3798,200,2022-06-13 14:58:00,EVBG
31.37,31.49,31.37,31.46,2500,2022-06-13 14:59:00,EVBG
31.43,31.43,31.43,31.43,100,2022-06-13 15:00:00,EVBG
31.38,31.38,31.27,31.27,900,2022-06-13 15:01:00,EVBG
31.27,31.31,31.27,31.31,400,2022-06-13 15:02:00,EVBG
31.32,31.33,31.28,31.28,300,2022-06-13 15:03:00,EVBG
31.2088,31.2088,31.2088,31.2088,100,2022-06-13 15:04:00,EVBG
31.1609,31.1609,31.13,31.14,640,2022-06-13 15:05:00,EVBG
31.14,31.2,31.14,31.2,600,2022-06-13 15:06:00,EVBG
31.17,31.17,31.17,31.17,100,2022-06-13 15:07:00,EVBG
31.18,31.18,31.18,31.18,100,2022-06-13 15:08:00,EVBG
31.13,31.15,31.13,31.14,300,2022-06-13 15:09:00,EVBG
31.09,31.09,31.04,31.05,771,2022-06-13 15:10:00,EVBG
31.07,31.07,31.05,31.05,400,2022-06-13 15:11:00,EVBG
31.055,31.08,31.055,31.08,600,2022-06-13 15:12:00,EVBG
31.04,31.05,30.98,30.98,1300,2022-06-13 15:13:00,EVBG
30.98,30.99,30.96,30.96,700,2022-06-13 15:14:00,EVBG
30.99,31.08,30.99,31.08,1100,2022-06-13 15:15:00,EVBG
31.13,31.16,31.11,31.16,1600,2022-06-13 15:16:00,EVBG
31.16,31.18,31.16,31.18,800,2022-06-13 15:17:00,EVBG
31.18,31.18,31.18,31.18,100,2022-06-13 15:18:00,EVBG
31.175,31.2,30.98,30.9892,5667,2022-06-13 15:19:00,EVBG
31.07,31.09,31.065,31.08,1500,2022-06-13 15:20:00,EVBG
31.04,31.04,30.98,30.98,546,2022-06-13 15:21:00,EVBG
30.99,30.99,30.99,30.99,100,2022-06-13 15:22:00,EVBG
31.0,31.09,31.0,31.075,1600,2022-06-13 15:23:00,EVBG
31.075,31.09,31.075,31.085,1500,2022-06-13 15:24:00,EVBG
31.08,31.08,31.045,31.045,1119,2022-06-13 15:25:00,EVBG
31.04,31.04,30.94,30.94,500,2022-06-13 15:26:00,EVBG
30.95,30.95,30.95,30.95,300,2022-06-13 15:27:00,EVBG
30.91,31.0,30.91,31.0,2210,2022-06-13 15:28:00,EVBG
31.01,31.01,31.01,31.01,100,2022-06-13 15:29:00,EVBG
31.015,31.04,31.015,31.04,400,2022-06-13 15:30:00,EVBG
30.95,30.96,30.935,30.96,1572,2022-06-13 15:32:00,EVBG
30.99,31.0,30.99,31.0,429,2022-06-13 15:33:00,EVBG
30.99,30.99,30.98,30.98,400,2022-06-13 15:35:00,EVBG
30.96,30.97,30.95,30.97,2066,2022-06-13 15:36:00,EVBG
30.96,30.97,30.955,30.97,400,2022-06-13 15:37:00,EVBG
30.96,31.0,30.954,30.954,1200,2022-06-13 15:38:00,EVBG
30.98,31.02,30.98,31.02,800,2022-06-13 15:39:00,EVBG
31.03,31.07,31.03,31.07,300,2022-06-13 15:40:00,EVBG
31.11,31.21,31.11,31.21,3393,2022-06-13 15:41:00,EVBG
31.2,31.24,31.2,31.24,900,2022-06-13 15:42:00,EVBG
31.26,31.315,31.25,31.29,1200,2022-06-13 15:43:00,EVBG
31.305,31.305,31.29,31.295,845,2022-06-13 15:44:00,EVBG
31.26,31.275,31.26,31.27,500,2022-06-13 15:45:00,EVBG
31.23,31.26,31.215,31.215,1000,2022-06-13 15:46:00,EVBG
31.215,31.215,31.215,31.215,100,2022-06-13 15:47:00,EVBG
31.205,31.26,31.205,31.26,1000,2022-06-13 15:48:00,EVBG
31.26,31.32,31.26,31.29,2085,2022-06-13 15:50:00,EVBG
31.28,31.28,31.231,31.231,500,2022-06-13 15:51:00,EVBG
31.23,31.23,31.17,31.2,900,2022-06-13 15:52:00,EVBG
31.195,31.21,31.195,31.21,400,2022-06-13 15:53:00,EVBG
31.2,31.23,31.18,31.23,500,2022-06-13 15:54:00,EVBG
31.175,31.185,31.1686,31.1686,700,2022-06-13 15:55:00,EVBG
31.17,31.17,31.17,31.17,200,2022-06-13 15:56:00,EVBG
31.165,31.165,31.16,31.16,400,2022-06-13 15:57:00,EVBG
31.165,31.18,31.165,31.18,600,2022-06-13 15:58:00,EVBG
31.18,31.18,31.11,31.13,1900,2022-06-13 15:59:00,EVBG
31.13,31.13,31.07,31.09,1100,2022-06-13 16:00:00,EVBG
31.055,31.09,31.05,31.09,2060,2022-06-13 16:01:00,EVBG
31.09,31.25,31.09,31.21,1509,2022-06-13 16:02:00,EVBG
31.19,31.195,31.15,31.15,600,2022-06-13 16:03:00,EVBG
31.15,31.19,31.15,31.19,600,2022-06-13 16:04:00,EVBG
31.18,31.18,31.175,31.175,200,2022-06-13 16:05:00,EVBG
31.16,31.1918,31.16,31.165,600,2022-06-13 16:06:00,EVBG
31.14,31.15,31.105,31.14,2214,2022-06-13 16:07:00,EVBG
31.2,31.24,31.2,31.24,700,2022-06-13 16:08:00,EVBG
31.28,31.34,31.28,31.34,400,2022-06-13 16:09:00,EVBG
31.245,31.26,31.245,31.26,300,2022-06-13 16:10:00,EVBG
31.29,31.29,31.29,31.29,200,2022-06-13 16:11:00,EVBG
31.34,31.34,31.34,31.34,100,2022-06-13 16:13:00,EVBG
31.29,31.29,31.25,31.25,1600,2022-06-13 16:14:00,EVBG
31.25,31.25,31.22,31.22,200,2022-06-13 16:15:00,EVBG
31.23,31.25,31.195,31.195,874,2022-06-13 16:16:00,EVBG
31.19,31.19,31.14,31.14,27880,2022-06-13 16:17:00,EVBG
31.15,31.17,31.11,31.13,4810,2022-06-13 16:18:00,EVBG
31.125,31.15,31.125,31.15,848,2022-06-13 16:19:00,EVBG
31.15,31.15,31.14,31.15,804,2022-06-13 16:20:00,EVBG
31.15,31.18,31.15,31.18,700,2022-06-13 16:21:00,EVBG
31.18,31.18,31.18,31.18,200,2022-06-13 16:22:00,EVBG
31.19,31.195,31.17,31.195,600,2022-06-13 16:23:00,EVBG
31.18,31.2,31.155,31.155,8500,2022-06-13 16:24:00,EVBG
31.16,31.285,31.155,31.22,2200,2022-06-13 16:25:00,EVBG
31.25,31.29,31.22,31.22,1100,2022-06-13 16:26:00,EVBG
31.25,31.26,31.22,31.25,4600,2022-06-13 16:27:00,EVBG
31.19,31.23,31.16,31.23,1200,2022-06-13 16:28:00,EVBG
31.1701,31.23,31.1701,31.23,695,2022-06-13 16:29:00,EVBG
31.23,31.28,31.23,31.26,2063,2022-06-13 16:30:00,EVBG
31.29,31.32,31.25,31.32,2792,2022-06-13 16:31:00,EVBG
31.325,31.325,31.265,31.265,226,2022-06-13 16:32:00,EVBG
31.27,31.27,31.25,31.27,300,2022-06-13 16:33:00,EVBG
31.3614,31.3614,31.3614,31.3614,150,2022-06-13 16:35:00,EVBG
31.31,31.34,31.29,31.34,1000,2022-06-13 16:36:00,EVBG
31.37,31.37,31.37,31.37,200,2022-06-13 16:37:00,EVBG
31.45,31.45,31.45,31.45,100,2022-06-13 16:38:00,EVBG
31.45,31.45,31.42,31.42,200,2022-06-13 16:40:00,EVBG
31.37,31.37,31.37,31.37,300,2022-06-13 16:41:00,EVBG
31.385,31.385,31.3,31.3,400,2022-06-13 16:42:00,EVBG
31.2772,31.29,31.25,31.25,1707,2022-06-13 16:43:00,EVBG
31.24,31.25,31.24,31.25,300,2022-06-13 16:44:00,EVBG
31.19,31.23,31.19,31.23,400,2022-06-13 16:45:00,EVBG
31.2,31.2,31.165,31.17,2195,2022-06-13 16:46:00,EVBG
31.18,31.19,31.175,31.18,1100,2022-06-13 16:47:00,EVBG
31.19,31.21,31.18,31.21,600,2022-06-13 16:48:00,EVBG
31.195,31.21,31.165,31.165,800,2022-06-13 16:49:00,EVBG
31.175,31.175,31.175,31.175,200,2022-06-13 16:50:00,EVBG
31.17,31.19,31.17,31.18,2113,2022-06-13 16:51:00,EVBG
31.175,31.2,31.175,31.2,421,2022-06-13 16:52:00,EVBG
31.2,31.22,31.2,31.205,1501,2022-06-13 16:53:00,EVBG
31.2,31.2,31.18,31.18,1000,2022-06-13 16:54:00,EVBG
31.19,31.2,31.185,31.185,400,2022-06-13 16:55:00,EVBG
31.185,31.19,31.175,31.18,3300,2022-06-13 16:56:00,EVBG
31.19,31.24,31.19,31.23,1600,2022-06-13 16:57:00,EVBG
31.2,31.26,31.2,31.25,1196,2022-06-13 16:58:00,EVBG
31.2438,31.26,31.235,31.24,2300,2022-06-13 16:59:00,EVBG
31.235,31.25,31.175,31.175,12646,2022-06-13 17:00:00,EVBG
31.1378,31.17,31.13,31.13,1200,2022-06-13 17:01:00,EVBG
31.14,31.14,31.135,31.14,500,2022-06-13 17:02:00,EVBG
31.135,31.2,31.135,31.195,3501,2022-06-13 17:03:00,EVBG
31.195,31.25,31.195,31.25,1000,2022-06-13 17:04:00,EVBG
31.25,31.26,31.25,31.25,1500,2022-06-13 17:05:00,EVBG
31.27,31.27,31.25,31.255,600,2022-06-13 17:06:00,EVBG
31.25,31.25,31.23,31.23,999,2022-06-13 17:07:00,EVBG
31.23,31.26,31.23,31.25,2663,2022-06-13 17:08:00,EVBG
31.245,31.27,31.245,31.27,500,2022-06-13 17:09:00,EVBG
31.27,31.27,31.24,31.24,270,2022-06-13 17:10:00,EVBG
31.23,31.23,31.23,31.23,100,2022-06-13 17:12:00,EVBG
31.2,31.2,31.18,31.18,200,2022-06-13 17:13:00,EVBG
31.19,31.19,31.18,31.19,800,2022-06-13 17:14:00,EVBG
31.19,31.2,31.19,31.2,700,2022-06-13 17:15:00,EVBG
31.2,31.23,31.2,31.2,1000,2022-06-13 17:16:00,EVBG
31.2,31.21,31.19,31.21,400,2022-06-13 17:17:00,EVBG
31.2,31.2,31.2,31.2,100,2022-06-13 17:18:00,EVBG
31.2001,31.22,31.2001,31.22,775,2022-06-13 17:19:00,EVBG
31.22,31.22,31.22,31.22,200,2022-06-13 17:20:00,EVBG
31.215,31.24,31.215,31.23,700,2022-06-13 17:21:00,EVBG
31.23,31.26,31.23,31.25,300,2022-06-13 17:22:00,EVBG
31.2,31.25,31.19,31.25,1000,2022-06-13 17:24:00,EVBG
31.26,31.26,31.22,31.26,500,2022-06-13 17:25:00,EVBG
31.23,31.245,31.23,31.245,1230,2022-06-13 17:26:00,EVBG
31.23,31.25,31.23,31.25,400,2022-06-13 17:27:00,EVBG
31.23,31.25,31.23,31.24,500,2022-06-13 17:28:00,EVBG
31.26,31.27,31.25,31.26,54200,2022-06-13 17:29:00,EVBG
31.24,31.26,31.24,31.26,3601,2022-06-13 17:30:00,EVBG
31.24,31.25,31.24,31.25,500,2022-06-13 17:31:00,EVBG
31.21,31.21,31.18,31.18,28129,2022-06-13 17:32:00,EVBG
31.17,31.17,31.15,31.15,1700,2022-06-13 17:33:00,EVBG
31.155,31.16,31.155,31.16,600,2022-06-13 17:34:00,EVBG
31.155,31.17,31.1528,31.17,1423,2022-06-13 17:35:00,EVBG
31.1587,31.24,31.1587,31.24,5199,2022-06-13 17:36:00,EVBG
31.26,31.3,31.24,31.26,8311,2022-06-13 17:37:00,EVBG
31.24,31.27,31.235,31.24,600,2022-06-13 17:38:00,EVBG
31.25,31.27,31.24,31.25,7614,2022-06-13 17:39:00,EVBG
31.25,31.255,31.216,31.22,1904,2022-06-13 17:40:00,EVBG
31.21,31.23,31.21,31.23,800,2022-06-13 17:41:00,EVBG
31.25,31.26,31.245,31.25,5245,2022-06-13 17:42:00,EVBG
31.25,31.25,31.23,31.24,1996,2022-06-13 17:43:00,EVBG
31.2,31.22,31.2,31.22,1100,2022-06-13 17:45:00,EVBG
31.205,31.205,31.205,31.205,200,2022-06-13 17:46:00,EVBG
31.23,31.25,31.23,31.25,400,2022-06-13 17:47:00,EVBG
31.23,31.23,31.15,31.16,5598,2022-06-13 17:48:00,EVBG
31.145,31.21,31.145,31.21,1700,2022-06-13 17:49:00,EVBG
31.19,31.19,31.17,31.17,1200,2022-06-13 17:50:00,EVBG
31.2,31.21,31.2,31.21,200,2022-06-13 17:51:00,EVBG
31.17,31.17,31.13,31.13,500,2022-06-13 17:52:00,EVBG
31.13,31.13,31.13,31.13,600,2022-06-13 17:53:00,EVBG
31.13,31.13,31.125,31.125,753,2022-06-13 17:54:00,EVBG
31.13,31.14,31.1,31.11,5002,2022-06-13 17:55:00,EVBG
31.1,31.11,31.085,31.085,700,2022-06-13 17:56:00,EVBG
31.085,31.1,31.085,31.1,800,2022-06-13 17:57:00,EVBG
31.1,31.23,31.1,31.23,2500,2022-06-13 17:58:00,EVBG
31.22,31.29,31.22,31.23,15800,2022-06-13 17:59:00,EVBG
31.235,31.235,31.195,31.2,1000,2022-06-13 18:00:00,EVBG
31.2,31.22,31.2,31.205,1100,2022-06-13 18:01:00,EVBG
31.195,31.195,31.145,31.15,800,2022-06-13 18:02:00,EVBG
31.135,31.15,31.13,31.15,1297,2022-06-13 18:03:00,EVBG
31.15,31.16,31.15,31.15,800,2022-06-13 18:04:00,EVBG
31.14,31.14,31.125,31.125,900,2022-06-13 18:05:00,EVBG
31.11,31.14,31.11,31.14,1100,2022-06-13 18:06:00,EVBG
31.14,31.22,31.115,31.22,6300,2022-06-13 18:07:00,EVBG
31.2099,31.22,31.16,31.16,3204,2022-06-13 18:08:00,EVBG
31.13,31.13,31.11,31.11,839,2022-06-13 18:09:00,EVBG
31.11,31.11,31.105,31.11,900,2022-06-13 18:10:00,EVBG
31.04,31.04,31.03,31.03,500,2022-06-13 18:11:00,EVBG
31.03,31.09,31.025,31.09,3000,2022-06-13 18:12:00,EVBG
31.1,31.1,31.0492,31.0492,300,2022-06-13 18:13:00,EVBG
31.06,31.06,30.93,30.99,5004,2022-06-13 18:14:00,EVBG
30.975,30.99,30.95,30.99,1300,2022-06-13 18:15:00,EVBG
31.0,31.0,30.99,30.995,700,2022-06-13 18:16:00,EVBG
30.995,30.995,30.94,30.94,600,2022-06-13 18:17:00,EVBG
30.94,30.94,30.93,30.94,1024,2022-06-13 18:18:00,EVBG
30.935,30.95,30.93,30.93,1538,2022-06-13 18:19:00,EVBG
30.935,30.9398,30.92,30.92,535,2022-06-13 18:20:00,EVBG
30.935,30.995,30.935,30.96,1400,2022-06-13 18:21:00,EVBG
30.94,30.96,30.84,30.889,10700,2022-06-13 18:22:00,EVBG
30.84,30.87,30.7701,30.83,13658,2022-06-13 18:23:00,EVBG
30.835,30.835,30.83,30.83,200,2022-06-13 18:24:00,EVBG
30.82,30.83,30.7501,30.805,7488,2022-06-13 18:25:00,EVBG
30.805,30.805,30.805,30.805,100,2022-06-13 18:26:00,EVBG
30.81,30.82,30.81,30.81,1100,2022-06-13 18:27:00,EVBG
30.77,30.79,30.77,30.79,600,2022-06-13 18:28:00,EVBG
30.77,30.77,30.76,30.77,1806,2022-06-13 18:29:00,EVBG
30.76,30.775,30.76,30.775,800,2022-06-13 18:30:00,EVBG
30.765,30.765,30.745,30.745,3884,2022-06-13 18:31:00,EVBG
30.75,30.75,30.73,30.73,1700,2022-06-13 18:32:00,EVBG
30.73,30.73,30.655,30.66,3107,2022-06-13 18:33:00,EVBG
30.66,30.69,30.66,30.67,1496,2022-06-13 18:34:00,EVBG
30.66,30.69,30.66,30.69,1200,2022-06-13 18:35:00,EVBG
30.685,30.77,30.685,30.73,2800,2022-06-13 18:36:00,EVBG
30.73,30.74,30.72,30.72,3900,2022-06-13 18:37:00,EVBG
30.675,30.69,30.675,30.69,600,2022-06-13 18:38:00,EVBG
30.68,30.7,30.68,30.69,2354,2022-06-13 18:39:00,EVBG
30.69,30.72,30.69,30.72,690,2022-06-13 18:40:00,EVBG
30.705,30.79,30.705,30.79,2100,2022-06-13 18:41:00,EVBG
30.755,30.76,30.75,30.755,900,2022-06-13 18:42:00,EVBG
30.75,30.76,30.74,30.76,2108,2022-06-13 18:43:00,EVBG
30.755,30.825,30.755,30.825,1536,2022-06-13 18:44:00,EVBG
30.84,30.905,30.84,30.905,300,2022-06-13 18:45:00,EVBG
30.91,30.91,30.91,30.91,200,2022-06-13 18:46:00,EVBG
30.895,30.895,30.88,30.885,1024,2022-06-13 18:47:00,EVBG
30.88,30.885,30.88,30.885,200,2022-06-13 18:48:00,EVBG
30.88,30.93,30.88,30.93,1029,2022-06-13 18:49:00,EVBG
30.93,30.93,30.93,30.93,300,2022-06-13 18:50:00,EVBG
30.92,30.925,30.875,30.88,1595,2022-06-13 18:51:00,EVBG
30.865,30.865,30.86,30.86,300,2022-06-13 18:52:00,EVBG
30.87,30.88,30.86,30.86,1100,2022-06-13 18:53:00,EVBG
30.87,30.88,30.87,30.88,900,2022-06-13 18:54:00,EVBG
30.88,30.88,30.84,30.84,1100,2022-06-13 18:55:00,EVBG
30.835,30.84,30.83,30.84,705,2022-06-13 18:56:00,EVBG
30.83,30.83,30.83,30.83,100,2022-06-13 18:57:00,EVBG
30.835,30.89,30.83,30.89,1500,2022-06-13 18:58:00,EVBG
30.895,30.895,30.86,30.87,500,2022-06-13 18:59:00,EVBG
30.85,30.91,30.85,30.91,1000,2022-06-13 19:00:00,EVBG
30.9,30.9,30.89,30.89,2900,2022-06-13 19:01:00,EVBG
30.885,30.89,30.87,30.88,2000,2022-06-13 19:02:00,EVBG
30.89,31.03,30.89,31.03,18371,2022-06-13 19:03:00,EVBG
30.9998,31.01,30.97,30.97,2136,2022-06-13 19:04:00,EVBG
30.965,30.965,30.95,30.95,1000,2022-06-13 19:05:00,EVBG
30.945,30.95,30.92,30.92,900,2022-06-13 19:06:00,EVBG
30.92,30.92,30.855,30.86,2850,2022-06-13 19:07:00,EVBG
30.87,30.9,30.87,30.8741,2770,2022-06-13 19:08:00,EVBG
30.875,30.875,30.855,30.86,4000,2022-06-13 19:10:00,EVBG
30.85,30.85,30.56,30.56,3200,2022-06-13 19:11:00,EVBG
30.54,30.55,30.47,30.47,4646,2022-06-13 19:12:00,EVBG
30.48,30.48,30.43,30.44,3500,2022-06-13 19:13:00,EVBG
30.44,30.44,30.3201,30.33,5197,2022-06-13 19:14:00,EVBG
30.33,30.34,30.23,30.27,6414,2022-06-13 19:15:00,EVBG
30.26,30.3,30.23,30.255,10040,2022-06-13 19:16:00,EVBG
30.3,30.69,30.3,30.545,2304,2022-06-13 19:17:00,EVBG
30.49,30.49,30.425,30.43,2106,2022-06-13 19:18:00,EVBG
30.43,30.58,30.42,30.52,3248,2022-06-13 19:19:00,EVBG
30.51,30.56,30.51,30.515,1500,2022-06-13 19:20:00,EVBG
30.51,30.51,30.48,30.48,1728,2022-06-13 19:21:00,EVBG
30.48,30.48,30.44,30.44,2692,2022-06-13 19:22:00,EVBG
30.43,30.43,30.42,30.42,1296,2022-06-13 19:23:00,EVBG
30.405,30.405,30.38,30.39,805,2022-06-13 19:24:00,EVBG
30.38,30.38,30.325,30.325,3330,2022-06-13 19:25:00,EVBG
30.32,30.33,30.295,30.3,3950,2022-06-13 19:26:00,EVBG
30.29,30.52,30.29,30.52,19235,2022-06-13 19:27:00,EVBG
30.55,30.55,30.515,30.515,1905,2022-06-13 19:28:00,EVBG
30.515,30.515,30.5,30.5,900,2022-06-13 19:29:00,EVBG
30.48,30.48,30.415,30.43,7157,2022-06-13 19:30:00,EVBG
30.425,30.47,30.37,30.37,5223,2022-06-13 19:31:00,EVBG
30.37,30.4,30.365,30.375,3331,2022-06-13 19:32:00,EVBG
30.375,30.409,30.375,30.4,4974,2022-06-13 19:33:00,EVBG
30.4,30.4,30.345,30.369,6149,2022-06-13 19:34:00,EVBG
30.36,30.41,30.36,30.37,4100,2022-06-13 19:35:00,EVBG
30.37,30.409,30.365,30.38,3285,2022-06-13 19:36:00,EVBG
30.38,30.4,30.37,30.38,4812,2022-06-13 19:37:00,EVBG
30.39,30.39,30.32,30.33,6310,2022-06-13 19:38:00,EVBG
30.28,30.28,30.22,30.24,2500,2022-06-13 19:39:00,EVBG
30.225,30.26,30.225,30.26,5279,2022-06-13 19:40:00,EVBG
30.26,30.31,30.26,30.31,4549,2022-06-13 19:41:00,EVBG
30.31,30.35,30.25,30.27,5304,2022-06-13 19:42:00,EVBG
30.28,30.28,30.26,30.27,6848,2022-06-13 19:43:00,EVBG
30.265,30.31,30.23,30.23,6964,2022-06-13 19:44:00,EVBG
30.22,30.32,30.2007,30.3,13126,2022-06-13 19:45:00,EVBG
30.28,30.285,30.17,30.205,6598,2022-06-13 19:46:00,EVBG
30.19,30.23,30.18,30.205,6226,2022-06-13 19:47:00,EVBG
30.21,30.25,30.205,30.24,5819,2022-06-13 19:48:00,EVBG
30.235,30.25,30.22,30.25,5000,2022-06-13 19:49:00,EVBG
30.28,30.34,30.235,30.24,9094,2022-06-13 19:50:00,EVBG
30.23,30.24,30.2,30.205,4863,2022-06-13 19:51:00,EVBG
30.2,30.3,30.2,30.21,20834,2022-06-13 19:52:00,EVBG
30.22,30.36,30.22,30.35,9405,2022-06-13 19:53:00,EVBG
30.35,30.38,30.315,30.37,10989,2022-06-13 19:54:00,EVBG
30.37,30.375,30.36,30.365,7606,2022-06-13 19:55:00,EVBG
30.365,30.49,30.365,30.4,17250,2022-06-13 19:56:00,EVBG
30.395,30.41,30.35,30.35,18146,2022-06-13 19:57:00,EVBG
30.355,30.355,30.32,30.33,13490,2022-06-13 19:58:00,EVBG
30.33,30.35,30.3,30.35,14531,2022-06-13 19:59:00,EVBG
30.36,30.36,30.36,30.36,92329,2022-06-13 20:00:00,EVBG
30.38,30.38,30.38,30.38,100,2022-06-14 13:27:00,EVBG
30.24,30.9,30.24,30.9,9971,2022-06-14 13:30:00,EVBG
31.01,31.13,31.01,31.13,422,2022-06-14 13:31:00,EVBG
31.02,31.02,30.98,30.98,300,2022-06-14 13:32:00,EVBG
30.795,30.96,30.795,30.92,751,2022-06-14 13:33:00,EVBG
30.87,30.88,30.775,30.775,1000,2022-06-14 13:34:00,EVBG
30.82,30.89,30.71,30.74,800,2022-06-14 13:35:00,EVBG
30.73,30.73,30.71,30.71,1500,2022-06-14 13:36:00,EVBG
30.66,30.66,30.3001,30.38,750,2022-06-14 13:37:00,EVBG
30.51,30.6,30.48,30.48,4010,2022-06-14 13:38:00,EVBG
30.49,30.49,30.46,30.46,200,2022-06-14 13:39:00,EVBG
30.4,30.4,30.4,30.4,100,2022-06-14 13:40:00,EVBG
30.21,30.21,30.03,30.03,3700,2022-06-14 13:42:00,EVBG
30.01,30.01,29.81,29.87,600,2022-06-14 13:43:00,EVBG
29.77,29.81,29.75,29.81,700,2022-06-14 13:44:00,EVBG
29.77,29.78,29.77,29.78,200,2022-06-14 13:45:00,EVBG
29.82,29.88,29.715,29.88,2900,2022-06-14 13:46:00,EVBG
29.87,29.9,29.8,29.8,1310,2022-06-14 13:47:00,EVBG
29.85,29.875,29.715,29.715,1600,2022-06-14 13:48:00,EVBG
29.78,29.78,29.65,29.66,600,2022-06-14 13:49:00,EVBG
29.6,29.635,29.27,29.27,17850,2022-06-14 13:50:00,EVBG
29.34,29.53,29.33,29.49,4630,2022-06-14 13:51:00,EVBG
29.41,29.46,29.33,29.46,2400,2022-06-14 13:52:00,EVBG
29.52,29.53,29.39,29.41,1200,2022-06-14 13:53:00,EVBG
29.62,29.64,29.62,29.64,300,2022-06-14 13:54:00,EVBG
29.75,29.99,29.74,29.92,8791,2022-06-14 13:55:00,EVBG
29.94,30.28,29.94,30.0,14300,2022-06-14 13:56:00,EVBG
29.93,29.93,29.93,29.93,200,2022-06-14 13:57:00,EVBG
30.14,30.33,30.14,30.25,711,2022-06-14 13:58:00,EVBG
30.28,30.4,30.28,30.4,200,2022-06-14 13:59:00,EVBG
30.45,30.5,30.44,30.49,909,2022-06-14 14:00:00,EVBG
30.535,30.58,30.535,30.58,300,2022-06-14 14:01:00,EVBG
30.55,30.6,30.54,30.6,723,2022-06-14 14:02:00,EVBG
30.63,30.64,30.6,30.6,890,2022-06-14 14:03:00,EVBG
30.52,30.52,30.48,30.48,350,2022-06-14 14:04:00,EVBG
30.41,30.54,30.41,30.51,3700,2022-06-14 14:05:00,EVBG
30.47,30.55,30.42,30.46,1807,2022-06-14 14:06:00,EVBG
30.49,30.49,30.43,30.43,600,2022-06-14 14:07:00,EVBG
30.14,30.2,30.14,30.2,1374,2022-06-14 14:08:00,EVBG
30.12,30.12,30.12,30.12,100,2022-06-14 14:09:00,EVBG
30.07,30.11,30.05,30.11,500,2022-06-14 14:10:00,EVBG
30.05,30.06,30.02,30.06,901,2022-06-14 14:11:00,EVBG
30.02,30.14,30.02,30.11,700,2022-06-14 14:12:00,EVBG
30.06,30.06,29.95,29.95,1200,2022-06-14 14:13:00,EVBG
29.92,29.92,29.91,29.91,1356,2022-06-14 14:14:00,EVBG
29.87,29.89,29.84,29.86,700,2022-06-14 14:15:00,EVBG
29.89,30.01,29.88,29.96,4448,2022-06-14 14:16:00,EVBG
29.96,29.96,29.95,29.95,300,2022-06-14 14:17:00,EVBG
29.965,30.03,29.965,30.02,1800,2022-06-14 14:18:00,EVBG
29.96,29.99,29.93,29.95,1200,2022-06-14 14:19:00,EVBG
29.89,29.89,29.85,29.85,400,2022-06-14 14:20:00,EVBG
29.81,29.87,29.81,29.87,400,2022-06-14 14:21:00,EVBG
29.88,29.97,29.88,29.97,600,2022-06-14 14:22:00,EVBG
30.0,30.04,29.99,30.03,9200,2022-06-14 14:23:00,EVBG
30.0,30.0,29.975,29.975,300,2022-06-14 14:24:00,EVBG
29.845,29.845,29.845,29.845,200,2022-06-14 14:25:00,EVBG
29.9,29.91,29.84,29.84,2859,2022-06-14 14:26:00,EVBG
29.81,29.81,29.81,29.81,100,2022-06-14 14:27:00,EVBG
29.85,29.85,29.85,29.85,100,2022-06-14 14:28:00,EVBG
29.83,29.87,29.83,29.86,400,2022-06-14 14:29:00,EVBG
29.83,29.87,29.79,29.83,1100,2022-06-14 14:30:00,EVBG
29.87,30.06,29.87,30.06,800,2022-06-14 14:31:00,EVBG
29.99,30.015,29.95,29.955,700,2022-06-14 14:32:00,EVBG
29.96,29.96,29.91,29.91,300,2022-06-14 14:33:00,EVBG
29.96,30.005,29.96,30.005,200,2022-06-14 14:34:00,EVBG
29.985,30.15,29.985,30.095,6544,2022-06-14 14:35:00,EVBG
30.06,30.075,30.02,30.07,800,2022-06-14 14:36:00,EVBG
30.1,30.1,30.1,30.1,100,2022-06-14 14:37:00,EVBG
30.025,30.025,30.0,30.0,300,2022-06-14 14:39:00,EVBG
29.97,30.04,29.96,30.04,867,2022-06-14 14:40:00,EVBG
30.06,30.06,30.0459,30.0459,204,2022-06-14 14:41:00,EVBG
30.0,30.0,29.91,29.91,1200,2022-06-14 14:42:00,EVBG
29.865,29.9,29.8625,29.875,900,2022-06-14 14:44:00,EVBG
29.93,30.03,29.93,30.01,900,2022-06-14 14:45:00,EVBG
30.07,30.17,30.07,30.17,600,2022-06-14 14:46:00,EVBG
30.31,30.42,30.31,30.42,200,2022-06-14 14:48:00,EVBG
30.45,30.45,30.45,30.45,100,2022-06-14 14:49:00,EVBG
30.4,30.41,30.32,30.41,1300,2022-06-14 14:50:00,EVBG
30.34,30.39,30.34,30.39,600,2022-06-14 14:51:00,EVBG
30.3675,30.395,30.3675,30.395,200,2022-06-14 14:52:00,EVBG
30.36,30.375,30.31,30.31,500,2022-06-14 14:53:00,EVBG
30.27,30.27,30.1905,30.2,5961,2022-06-14 14:54:00,EVBG
30.18,30.21,30.13,30.15,10933,2022-06-14 14:55:00,EVBG
30.09,30.09,29.96,29.96,200,2022-06-14 14:57:00,EVBG
29.94,29.94,29.8901,29.8901,300,2022-06-14 14:58:00,EVBG
29.91,29.96,29.8601,29.92,900,2022-06-14 14:59:00,EVBG
29.94,29.96,29.915,29.93,3400,2022-06-14 15:00:00,EVBG
29.92,30.0,29.92,30.0,900,2022-06-14 15:01:00,EVBG
29.93,29.93,29.88,29.9,900,2022-06-14 15:03:00,EVBG
29.8401,29.86,29.8401,29.86,200,2022-06-14 15:04:00,EVBG
29.86,29.87,29.84,29.84,1200,2022-06-14 15:05:00,EVBG
29.86,29.86,29.83,29.84,1100,2022-06-14 15:06:00,EVBG
29.81,29.81,29.76,29.76,600,2022-06-14 15:07:00,EVBG
29.79,29.79,29.79,29.79,100,2022-06-14 15:08:00,EVBG
29.8,29.8,29.7793,29.795,531,2022-06-14 15:09:00,EVBG
29.81,29.81,29.81,29.81,100,2022-06-14 15:10:00,EVBG
29.795,29.81,29.74,29.75,1700,2022-06-14 15:12:00,EVBG
29.75,29.76,29.73,29.76,600,2022-06-14 15:13:00,EVBG
29.775,29.775,29.775,29.775,100,2022-06-14 15:14:00,EVBG
29.77,29.8,29.74,29.74,1100,2022-06-14 15:15:00,EVBG
29.79,29.825,29.79,29.82,900,2022-06-14 15:16:00,EVBG
29.85,29.85,29.85,29.85,300,2022-06-14 15:17:00,EVBG
29.89,29.89,29.85,29.85,1797,2022-06-14 15:18:00,EVBG
29.84,29.88,29.84,29.865,2000,2022-06-14 15:19:00,EVBG
29.88,29.88,29.87,29.87,900,2022-06-14 15:20:00,EVBG
29.87,29.885,29.87,29.88,900,2022-06-14 15:21:00,EVBG
29.87,29.88,29.87,29.88,1116,2022-06-14 15:22:00,EVBG
29.9,29.96,29.9,29.96,1100,2022-06-14 15:23:00,EVBG
30.005,30.04,30.005,30.04,300,2022-06-14 15:24:00,EVBG
30.12,30.14,30.07,30.07,1738,2022-06-14 15:25:00,EVBG
30.03,30.03,29.98,29.99,1143,2022-06-14 15:26:00,EVBG
29.985,29.985,29.89,29.89,400,2022-06-14 15:27:00,EVBG
29.885,29.92,29.87,29.92,900,2022-06-14 15:29:00,EVBG
29.89,29.92,29.89,29.92,888,2022-06-14 15:30:00,EVBG
29.93,29.94,29.93,29.93,500,2022-06-14 15:31:00,EVBG
29.95,29.96,29.91,29.93,1200,2022-06-14 15:32:00,EVBG
29.96,30.04,29.96,30.005,1500,2022-06-14 15:33:00,EVBG
30.04,30.05,30.035,30.05,1000,2022-06-14 15:34:00,EVBG
30.12,30.14,30.1,30.11,600,2022-06-14 15:35:00,EVBG
30.14,30.14,30.031,30.031,1600,2022-06-14 15:36:00,EVBG
30.0,30.0,29.94,29.94,800,2022-06-14 15:37:00,EVBG
29.93,29.97,29.93,29.97,1171,2022-06-14 15:38:00,EVBG
29.98,30.0,29.98,30.0,1100,2022-06-14 15:39:00,EVBG
29.95,29.97,29.95,29.97,200,2022-06-14 15:40:00,EVBG
29.96,29.96,29.95,29.95,200,2022-06-14 15:41:00,EVBG
29.94,29.94,29.93,29.94,300,2022-06-14 15:42:00,EVBG
29.96,29.99,29.96,29.99,1220,2022-06-14 15:43:00,EVBG
29.99,30.0,29.96,29.96,1000,2022-06-14 15:44:00,EVBG
29.94,30.02,29.94,30.0,1618,2022-06-14 15:46:00,EVBG
30.0,30.0,30.0,30.0,400,2022-06-14 15:47:00,EVBG
30.01,30.04,29.98,30.04,26300,2022-06-14 15:48:00,EVBG
30.0,30.01,30.0,30.0,1357,2022-06-14 15:49:00,EVBG
29.97,29.99,29.97,29.99,408,2022-06-14 15:50:00,EVBG
29.975,29.975,29.95,29.95,300,2022-06-14 15:51:00,EVBG
29.95,30.02,29.94,30.0,4571,2022-06-14 15:53:00,EVBG
30.0,30.01,29.99,30.0,4518,2022-06-14 15:54:00,EVBG
30.04,30.07,30.04,30.07,200,2022-06-14 15:55:00,EVBG
30.045,30.045,30.045,30.045,100,2022-06-14 15:57:00,EVBG
30.03,30.09,30.03,30.09,400,2022-06-14 15:58:00,EVBG
29.99,30.0,29.99,30.0,200,2022-06-14 16:01:00,EVBG
30.0,30.01,29.99,30.01,1400,2022-06-14 16:02:00,EVBG
30.0,30.0,30.0,30.0,200,2022-06-14 16:03:00,EVBG
30.0,30.0,29.96,29.96,600,2022-06-14 16:04:00,EVBG
29.94,29.95,29.93,29.93,1100,2022-06-14 16:05:00,EVBG
29.9,29.95,29.9,29.95,1000,2022-06-14 16:07:00,EVBG
29.94,29.94,29.94,29.94,200,2022-06-14 16:08:00,EVBG
29.95,29.95,29.9,29.9,300,2022-06-14 16:09:00,EVBG
29.9,29.914,29.9,29.914,700,2022-06-14 16:10:00,EVBG
29.93,29.96,29.93,29.96,401,2022-06-14 16:11:00,EVBG
29.9201,29.9201,29.9201,29.9201,104,2022-06-14 16:12:00,EVBG
29.93,29.97,29.93,29.96,1500,2022-06-14 16:13:00,EVBG
29.95,29.96,29.9401,29.96,764,2022-06-14 16:14:00,EVBG
29.94,29.94,29.92,29.92,1676,2022-06-14 16:15:00,EVBG
29.91,29.94,29.91,29.94,500,2022-06-14 16:16:00,EVBG
29.94,29.97,29.94,29.95,600,2022-06-14 16:17:00,EVBG
29.97,29.98,29.97,29.98,596,2022-06-14 16:18:00,EVBG
29.98,30.03,29.97,30.03,1400,2022-06-14 16:19:00,EVBG
30.03,30.03,30.02,30.02,558,2022-06-14 16:20:00,EVBG
29.99,30.02,29.99,30.02,652,2022-06-14 16:21:00,EVBG
30.02,30.12,30.015,30.12,9200,2022-06-14 16:23:00,EVBG
30.12,30.12,30.0864,30.12,719,2022-06-14 16:24:00,EVBG
30.15,30.15,30.11,30.11,500,2022-06-14 16:25:00,EVBG
30.11,30.11,30.09,30.09,500,2022-06-14 16:26:00,EVBG
30.11,30.13,30.1,30.13,1500,2022-06-14 16:27:00,EVBG
30.08,30.08,30.0,30.0,1500,2022-06-14 16:29:00,EVBG
30.0,30.01,30.0,30.0,1600,2022-06-14 16:30:00,EVBG
30.01,30.04,30.01,30.04,27455,2022-06-14 16:31:00,EVBG
30.035,30.05,30.03,30.05,400,2022-06-14 16:32:00,EVBG
30.0317,30.0317,30.0317,30.0317,100,2022-06-14 16:33:00,EVBG
30.03,30.03,29.99,29.99,2000,2022-06-14 16:34:00,EVBG
29.99,29.99,29.94,29.94,200,2022-06-14 16:35:00,EVBG
29.96,29.96,29.96,29.96,100,2022-06-14 16:36:00,EVBG
29.96,29.96,29.96,29.96,300,2022-06-14 16:37:00,EVBG
29.93,29.93,29.91,29.92,500,2022-06-14 16:38:00,EVBG
29.93,29.95,29.93,29.95,200,2022-06-14 16:39:00,EVBG
29.925,29.93,29.925,29.93,300,2022-06-14 16:40:00,EVBG
29.95,29.97,29.95,29.97,200,2022-06-14 16:42:00,EVBG
29.95,29.95,29.95,29.95,100,2022-06-14 16:44:00,EVBG
29.96,29.96,29.96,29.96,100,2022-06-14 16:45:00,EVBG
29.98,29.98,29.98,29.98,100,2022-06-14 16:46:00,EVBG
30.0,30.0,30.0,30.0,300,2022-06-14 16:47:00,EVBG
30.0,30.01,29.99,30.0,529,2022-06-14 16:48:00,EVBG
30.005,30.02,29.99,29.99,300,2022-06-14 16:49:00,EVBG
29.99,29.99,29.98,29.99,600,2022-06-14 16:50:00,EVBG
29.99,29.99,29.97,29.97,300,2022-06-14 16:51:00,EVBG
29.99,29.99,29.99,29.99,100,2022-06-14 16:52:00,EVBG
29.96,29.99,29.96,29.99,600,2022-06-14 16:53:00,EVBG
29.99,29.99,29.99,29.99,300,2022-06-14 16:54:00,EVBG
30.02,30.03,30.02,30.03,300,2022-06-14 16:55:00,EVBG
30.025,30.03,30.025,30.03,300,2022-06-14 16:56:00,EVBG
30.04,30.065,30.04,30.06,700,2022-06-14 16:57:00,EVBG
30.08,30.1,30.065,30.1,500,2022-06-14 16:58:00,EVBG
30.09,30.135,30.09,30.1,300,2022-06-14 16:59:00,EVBG
30.16,30.17,30.15,30.17,300,2022-06-14 17:00:00,EVBG
30.23,30.23,30.19,30.19,400,2022-06-14 17:01:00,EVBG
30.19,30.2,30.19,30.2,200,2022-06-14 17:02:00,EVBG
30.18,30.2,30.18,30.195,300,2022-06-14 17:04:00,EVBG
30.19,30.19,30.175,30.18,700,2022-06-14 17:05:00,EVBG
30.19,30.23,30.19,30.23,1360,2022-06-14 17:06:00,EVBG
30.23,30.26,30.23,30.26,300,2022-06-14 17:07:00,EVBG
30.28,30.33,30.28,30.33,200,2022-06-14 17:08:00,EVBG
30.4,30.4,30.4,30.4,100,2022-06-14 17:09:00,EVBG
30.35,30.35,30.35,30.35,500,2022-06-14 17:10:00,EVBG
30.35,30.35,30.2601,30.2601,3747,2022-06-14 17:11:00,EVBG
30.3,30.3,30.3,30.3,500,2022-06-14 17:12:00,EVBG
30.27,30.27,30.2,30.24,27300,2022-06-14 17:13:00,EVBG
30.18,30.18,30.16,30.17,500,2022-06-14 17:14:00,EVBG
30.17,30.18,30.15,30.16,3622,2022-06-14 17:15:00,EVBG
30.155,30.16,30.11,30.155,5719,2022-06-14 17:16:00,EVBG
30.2,30.205,30.2,30.205,500,2022-06-14 17:17:00,EVBG
30.2,30.2,30.15,30.15,595,2022-06-14 17:18:00,EVBG
30.11,30.13,30.11,30.13,350,2022-06-14 17:19:00,EVBG
30.11,30.13,30.08,30.13,2834,2022-06-14 17:21:00,EVBG
30.16,30.225,30.15,30.18,4857,2022-06-14 17:22:00,EVBG
30.18,30.18,30.18,30.18,500,2022-06-14 17:23:00,EVBG
30.215,30.215,30.215,30.215,100,2022-06-14 17:24:00,EVBG
30.21,30.21,30.1801,30.1801,825,2022-06-14 17:25:00,EVBG
30.18,30.18,30.13,30.13,800,2022-06-14 17:26:00,EVBG
30.121,30.121,30.121,30.121,200,2022-06-14 17:27:00,EVBG
30.11,30.11,30.1,30.1,500,2022-06-14 17:29:00,EVBG
30.08,30.08,30.07,30.07,400,2022-06-14 17:30:00,EVBG
30.06,30.06,29.99,29.99,800,2022-06-14 17:31:00,EVBG
30.0,30.0,30.0,30.0,500,2022-06-14 17:32:00,EVBG
30.0,30.0,30.0,30.0,100,2022-06-14 17:33:00,EVBG
30.0,30.0,29.97,29.97,300,2022-06-14 17:34:00,EVBG
29.93,29.93,29.91,29.91,400,2022-06-14 17:35:00,EVBG
29.92,29.95,29.89,29.94,1607,2022-06-14 17:36:00,EVBG
29.95,29.9746,29.9201,29.9746,1484,2022-06-14 17:37:00,EVBG
29.965,30.0,29.965,29.97,1648,2022-06-14 17:38:00,EVBG
29.995,29.995,29.86,29.89,7042,2022-06-14 17:39:00,EVBG
29.87,29.88,29.87,29.87,400,2022-06-14 17:40:00,EVBG
29.87,29.87,29.87,29.87,100,2022-06-14 17:41:00,EVBG
29.87,29.88,29.845,29.85,1900,2022-06-14 17:42:00,EVBG
29.83,29.83,29.805,29.815,1600,2022-06-14 17:43:00,EVBG
29.815,29.815,29.8,29.8,200,2022-06-14 17:44:00,EVBG
29.795,29.8,29.79,29.79,1000,2022-06-14 17:45:00,EVBG
29.81,29.81,29.81,29.81,100,2022-06-14 17:46:00,EVBG
29.78,29.78,29.73,29.735,1500,2022-06-14 17:47:00,EVBG
29.665,29.7,29.665,29.7,500,2022-06-14 17:49:00,EVBG
29.68,29.68,29.68,29.68,100,2022-06-14 17:50:00,EVBG
29.675,29.69,29.66,29.69,2200,2022-06-14 17:51:00,EVBG
29.68,29.68,29.68,29.68,100,2022-06-14 17:52:00,EVBG
29.7,29.73,29.69,29.69,907,2022-06-14 17:53:00,EVBG
29.7,29.71,29.67,29.67,1628,2022-06-14 17:54:00,EVBG
29.64,29.64,29.62,29.62,300,2022-06-14 17:55:00,EVBG
29.62,29.62,29.57,29.58,3760,2022-06-14 17:56:00,EVBG
29.58,29.58,29.57,29.57,600,2022-06-14 17:57:00,EVBG
29.59,29.6,29.59,29.6,700,2022-06-14 17:58:00,EVBG
29.57,29.6,29.57,29.58,2600,2022-06-14 17:59:00,EVBG
29.57,29.59,29.57,29.59,200,2022-06-14 18:00:00,EVBG
29.59,29.61,29.59,29.61,300,2022-06-14 18:01:00,EVBG
29.61,29.61,29.61,29.61,100,2022-06-14 18:02:00,EVBG
29.63,29.64,29.63,29.635,601,2022-06-14 18:03:00,EVBG
29.65,29.65,29.55,29.55,1000,2022-06-14 18:04:00,EVBG
29.55,29.57,29.55,29.555,600,2022-06-14 18:06:00,EVBG
29.6,29.6,29.6,29.6,100,2022-06-14 18:07:00,EVBG
29.58,29.61,29.57,29.57,3727,2022-06-14 18:08:00,EVBG
29.59,29.6,29.59,29.6,1100,2022-06-14 18:09:00,EVBG
29.58,29.58,29.58,29.58,200,2022-06-14 18:10:00,EVBG
29.55,29.55,29.54,29.54,200,2022-06-14 18:11:00,EVBG
29.54,29.54,29.54,29.54,200,2022-06-14 18:12:00,EVBG
29.53,29.54,29.53,29.54,420,2022-06-14 18:13:00,EVBG
29.525,29.55,29.525,29.55,300,2022-06-14 18:15:00,EVBG
29.55,29.55,29.55,29.55,100,2022-06-14 18:16:00,EVBG
29.59,29.62,29.59,29.62,1600,2022-06-14 18:18:00,EVBG
29.63,29.68,29.63,29.68,600,2022-06-14 18:19:00,EVBG
29.74,29.74,29.7,29.72,500,2022-06-14 18:20:00,EVBG
29.735,29.735,29.73,29.73,1100,2022-06-14 18:21:00,EVBG
29.73,29.73,29.725,29.725,2700,2022-06-14 18:22:00,EVBG
29.725,29.73,29.66,29.66,1700,2022-06-14 18:23:00,EVBG
29.65,29.66,29.62,29.62,5300,2022-06-14 18:24:00,EVBG
29.63,29.64,29.612,29.612,1800,2022-06-14 18:25:00,EVBG
29.62,29.63,29.62,29.63,200,2022-06-14 18:26:00,EVBG
29.65,29.675,29.65,29.675,300,2022-06-14 18:27:00,EVBG
29.69,29.69,29.69,29.69,100,2022-06-14 18:29:00,EVBG
29.7,29.7,29.66,29.66,500,2022-06-14 18:30:00,EVBG
29.66,29.66,29.61,29.62,10050,2022-06-14 18:31:00,EVBG
29.61,29.625,29.61,29.625,2100,2022-06-14 18:32:00,EVBG
29.62,29.645,29.62,29.645,600,2022-06-14 18:33:00,EVBG
29.65,29.67,29.65,29.67,513,2022-06-14 18:34:00,EVBG
29.66,29.67,29.66,29.67,235,2022-06-14 18:35:00,EVBG
29.66,29.67,29.66,29.67,300,2022-06-14 18:36:00,EVBG
29.67,29.68,29.67,29.68,500,2022-06-14 18:37:00,EVBG
29.695,29.7,29.69,29.69,2000,2022-06-14 18:38:00,EVBG
29.6911,29.695,29.685,29.685,1036,2022-06-14 18:39:00,EVBG
29.68,29.68,29.64,29.64,1000,2022-06-14 18:40:00,EVBG
29.625,29.63,29.62,29.63,8650,2022-06-14 18:41:00,EVBG
29.61,29.61,29.52,29.525,2300,2022-06-14 18:42:00,EVBG
29.5,29.51,29.49,29.49,2000,2022-06-14 18:43:00,EVBG
29.49,29.49,29.46,29.46,400,2022-06-14 18:44:00,EVBG
29.46,29.55,29.46,29.55,1500,2022-06-14 18:45:00,EVBG
29.57,29.59,29.57,29.59,300,2022-06-14 18:47:00,EVBG
29.6,29.6,29.57,29.58,600,2022-06-14 18:48:00,EVBG
29.58,29.59,29.58,29.59,700,2022-06-14 18:49:00,EVBG
29.57,29.57,29.57,29.57,100,2022-06-14 18:50:00,EVBG
29.58,29.58,29.575,29.575,322,2022-06-14 18:51:00,EVBG
29.575,29.58,29.565,29.57,1600,2022-06-14 18:52:00,EVBG
29.56,29.57,29.56,29.57,200,2022-06-14 18:53:00,EVBG
29.57,29.57,29.49,29.49,2100,2022-06-14 18:54:00,EVBG
29.485,29.485,29.485,29.485,100,2022-06-14 18:55:00,EVBG
29.48,29.48,29.44,29.44,7900,2022-06-14 18:56:00,EVBG
29.425,29.44,29.41,29.425,21342,2022-06-14 18:57:00,EVBG
29.41,29.41,29.41,29.41,400,2022-06-14 18:58:00,EVBG
29.4,29.405,29.4,29.405,800,2022-06-14 18:59:00,EVBG
29.405,29.44,29.4,29.42,3450,2022-06-14 19:00:00,EVBG
29.41,29.43,29.41,29.43,19800,2022-06-14 19:01:00,EVBG
29.43,29.49,29.43,29.47,1200,2022-06-14 19:02:00,EVBG
29.48,29.5,29.475,29.475,997,2022-06-14 19:03:00,EVBG
29.5,29.51,29.49,29.5,1200,2022-06-14 19:04:00,EVBG
29.49,29.49,29.49,29.49,200,2022-06-14 19:05:00,EVBG
29.495,29.5,29.4,29.4,2202,2022-06-14 19:06:00,EVBG
29.385,29.385,29.38,29.38,300,2022-06-14 19:07:00,EVBG
29.29,29.29,29.21,29.235,2596,2022-06-14 19:09:00,EVBG
29.26,29.3,29.24,29.25,4146,2022-06-14 19:10:00,EVBG
29.24,29.25,29.21,29.22,2200,2022-06-14 19:11:00,EVBG
29.22,29.37,29.2,29.25,17914,2022-06-14 19:12:00,EVBG
29.25,29.25,29.25,29.25,100,2022-06-14 19:13:00,EVBG
29.27,29.27,29.25,29.25,500,2022-06-14 19:14:00,EVBG
29.275,29.3,29.27,29.3,800,2022-06-14 19:15:00,EVBG
29.295,29.295,29.295,29.295,100,2022-06-14 19:16:00,EVBG
29.29,29.31,29.29,29.31,500,2022-06-14 19:17:00,EVBG
29.2966,29.3,29.19,29.19,3095,2022-06-14 19:18:00,EVBG
29.2,29.2,29.1701,29.19,980,2022-06-14 19:19:00,EVBG
29.19,29.23,29.19,29.22,700,2022-06-14 19:20:00,EVBG
29.23,29.24,29.22,29.23,1000,2022-06-14 19:21:00,EVBG
29.26,29.27,29.2404,29.2453,1456,2022-06-14 19:22:00,EVBG
29.28,29.29,29.26,29.26,531,2022-06-14 19:23:00,EVBG
29.235,29.24,29.225,29.225,800,2022-06-14 19:24:00,EVBG
29.22,29.22,29.21,29.21,600,2022-06-14 19:25:00,EVBG
29.21,29.22,29.21,29.21,700,2022-06-14 19:26:00,EVBG
29.22,29.31,29.22,29.31,3300,2022-06-14 19:27:00,EVBG
29.305,29.33,29.305,29.32,2200,2022-06-14 19:28:00,EVBG
29.33,29.33,29.32,29.33,2700,2022-06-14 19:29:00,EVBG
29.33,29.43,29.33,29.365,21270,2022-06-14 19:30:00,EVBG
29.37,29.38,29.36,29.37,6011,2022-06-14 19:31:00,EVBG
29.3701,29.42,29.3701,29.42,1320,2022-06-14 19:32:00,EVBG
29.43,29.44,29.39,29.39,1601,2022-06-14 19:33:00,EVBG
29.37,29.39,29.37,29.38,1700,2022-06-14 19:34:00,EVBG
29.38,29.4,29.38,29.39,1302,2022-06-14 19:35:00,EVBG
29.4,29.43,29.4,29.42,1912,2022-06-14 19:36:00,EVBG
29.415,29.43,29.38,29.42,4494,2022-06-14 19:37:00,EVBG
29.43,29.47,29.4,29.43,6802,2022-06-14 19:38:00,EVBG
29.41,29.455,29.41,29.45,4525,2022-06-14 19:39:00,EVBG
29.44,29.555,29.44,29.555,4004,2022-06-14 19:40:00,EVBG
29.57,29.59,29.54,29.5728,2541,2022-06-14 19:41:00,EVBG
29.59,29.61,29.5,29.5,3655,2022-06-14 19:42:00,EVBG
29.485,29.485,29.43,29.44,14585,2022-06-14 19:43:00,EVBG
29.435,29.44,29.379,29.379,3329,2022-06-14 19:44:00,EVBG
29.38,29.4,29.34,29.34,4871,2022-06-14 19:45:00,EVBG
29.35,29.44,29.345,29.41,7335,2022-06-14 19:46:00,EVBG
29.41,29.41,29.37,29.37,2174,2022-06-14 19:47:00,EVBG
29.38,29.4,29.37,29.4,3992,2022-06-14 19:48:00,EVBG
29.43,29.48,29.425,29.45,3986,2022-06-14 19:49:00,EVBG
29.45,29.45,29.35,29.35,5000,2022-06-14 19:50:00,EVBG
29.355,29.36,29.35,29.355,4170,2022-06-14 19:51:00,EVBG
29.35,29.38,29.34,29.375,8309,2022-06-14 19:52:00,EVBG
29.38,29.38,29.37,29.37,5785,2022-06-14 19:53:00,EVBG
29.375,29.375,29.33,29.34,8189,2022-06-14 19:54:00,EVBG
29.345,29.35,29.34,29.345,4943,2022-06-14 19:55:00,EVBG
29.345,29.35,29.345,29.345,6710,2022-06-14 19:56:00,EVBG
29.35,29.35,29.34,29.345,5247,2022-06-14 19:57:00,EVBG
29.345,29.3499,29.29,29.3,13801,2022-06-14 19:58:00,EVBG
29.295,29.32,29.24,29.32,22795,2022-06-14 19:59:00,EVBG
29.28,29.28,29.28,29.28,46463,2022-06-14 20:00:00,EVBG
29.28,29.28,29.28,29.28,407,2022-06-14 20:12:00,EVBG
29.5,29.89,29.5,29.89,6467,2022-06-15 13:30:00,EVBG
29.9,30.12,29.85,30.12,650,2022-06-15 13:31:00,EVBG
30.17,30.17,30.13,30.13,200,2022-06-15 13:32:00,EVBG
30.22,30.22,30.22,30.22,100,2022-06-15 13:33:00,EVBG
30.18,30.27,30.15,30.19,900,2022-06-15 13:34:00,EVBG
30.1985,30.325,30.17,30.17,1750,2022-06-15 13:35:00,EVBG
30.04,30.1,30.02,30.02,700,2022-06-15 13:36:00,EVBG
30.06,30.06,30.06,30.06,300,2022-06-15 13:37:00,EVBG
30.06,30.06,30.01,30.03,600,2022-06-15 13:38:00,EVBG
29.96,29.98,29.96,29.98,200,2022-06-15 13:39:00,EVBG
30.03,30.06,29.99,30.06,1185,2022-06-15 13:40:00,EVBG
30.13,30.13,30.13,30.13,100,2022-06-15 13:41:00,EVBG
30.255,30.255,30.255,30.255,100,2022-06-15 13:42:00,EVBG
30.26,30.4,30.245,30.4,2143,2022-06-15 13:43:00,EVBG
30.27,30.28,30.15,30.15,800,2022-06-15 13:44:00,EVBG
30.135,30.29,30.135,30.18,4749,2022-06-15 13:46:00,EVBG
30.14,30.14,30.025,30.025,400,2022-06-15 13:47:00,EVBG
29.805,29.96,29.805,29.95,400,2022-06-15 13:48:00,EVBG
29.86,30.03,29.795,30.03,1600,2022-06-15 13:49:00,EVBG
30.01,30.14,30.01,30.11,400,2022-06-15 13:50:00,EVBG
30.04,30.04,29.98,29.98,800,2022-06-15 13:51:00,EVBG
29.84,29.84,29.84,29.84,312,2022-06-15 13:52:00,EVBG
29.76,29.76,29.76,29.76,100,2022-06-15 13:53:00,EVBG
29.92,29.94,29.8,29.8,1500,2022-06-15 13:54:00,EVBG
29.84,29.845,29.84,29.845,200,2022-06-15 13:55:00,EVBG
29.97,29.97,29.97,29.97,100,2022-06-15 13:57:00,EVBG
29.84,29.84,29.83,29.83,300,2022-06-15 13:58:00,EVBG
29.78,29.78,29.78,29.78,100,2022-06-15 13:59:00,EVBG
29.83,29.87,29.83,29.87,200,2022-06-15 14:00:00,EVBG
29.87,29.87,29.87,29.87,300,2022-06-15 14:01:00,EVBG
29.895,29.895,29.85,29.87,900,2022-06-15 14:02:00,EVBG
29.94,30.0899,29.94,30.0899,800,2022-06-15 14:04:00,EVBG
29.95,30.05,29.94,30.05,1492,2022-06-15 14:05:00,EVBG
30.05,30.09,30.05,30.09,300,2022-06-15 14:06:00,EVBG
30.145,30.145,30.145,30.145,100,2022-06-15 14:07:00,EVBG
30.245,30.245,30.245,30.245,100,2022-06-15 14:09:00,EVBG
30.17,30.21,30.145,30.21,928,2022-06-15 14:10:00,EVBG
30.125,30.125,30.125,30.125,300,2022-06-15 14:11:00,EVBG
30.13,30.15,30.13,30.15,600,2022-06-15 14:12:00,EVBG
30.16,30.16,30.16,30.16,100,2022-06-15 14:13:00,EVBG
30.23,30.23,30.16,30.16,1000,2022-06-15 14:14:00,EVBG
30.14,30.19,30.11,30.17,3718,2022-06-15 14:15:00,EVBG
30.18,30.2,30.18,30.19,700,2022-06-15 14:16:00,EVBG
30.25,30.25,30.11,30.12,900,2022-06-15 14:17:00,EVBG
30.07,30.0801,30.035,30.035,400,2022-06-15 14:18:00,EVBG
30.03,30.04,29.98,29.98,600,2022-06-15 14:19:00,EVBG
29.97,30.04,29.95,30.0,800,2022-06-15 14:21:00,EVBG
29.98,30.01,29.98,30.01,200,2022-06-15 14:22:00,EVBG
29.98,29.98,29.98,29.98,100,2022-06-15 14:23:00,EVBG
30.035,30.06,30.01,30.0433,1000,2022-06-15 14:25:00,EVBG
30.03,30.04,30.03,30.04,200,2022-06-15 14:26:00,EVBG
29.985,29.985,29.985,29.985,100,2022-06-15 14:27:00,EVBG
30.0,30.0,30.0,30.0,7350,2022-06-15 14:28:00,EVBG
29.96,30.0,29.89,29.902,1700,2022-06-15 14:29:00,EVBG
29.895,29.94,29.84,29.85,1310,2022-06-15 14:30:00,EVBG
29.8,29.8,29.69,29.69,600,2022-06-15 14:31:00,EVBG
29.72,29.72,29.71,29.71,500,2022-06-15 14:32:00,EVBG
29.73,29.79,29.72,29.72,1100,2022-06-15 14:33:00,EVBG
29.71,29.76,29.64,29.67,6194,2022-06-15 14:34:00,EVBG
29.73,29.78,29.72,29.74,900,2022-06-15 14:35:00,EVBG
29.69,29.75,29.69,29.75,2300,2022-06-15 14:36:00,EVBG
29.71,29.71,29.71,29.71,200,2022-06-15 14:37:00,EVBG
29.705,29.74,29.705,29.74,1068,2022-06-15 14:38:00,EVBG
29.71,29.71,29.685,29.685,600,2022-06-15 14:40:00,EVBG
29.71,29.71,29.69,29.69,400,2022-06-15 14:41:00,EVBG
29.67,29.67,29.61,29.62,2114,2022-06-15 14:43:00,EVBG
29.61,29.61,29.61,29.61,400,2022-06-15 14:44:00,EVBG
29.62,29.62,29.61,29.61,600,2022-06-15 14:45:00,EVBG
29.6,29.6,29.55,29.555,26161,2022-06-15 14:46:00,EVBG
29.59,29.61,29.57,29.61,400,2022-06-15 14:47:00,EVBG
29.63,29.63,29.61,29.61,400,2022-06-15 14:48:00,EVBG
29.64,29.64,29.63,29.64,300,2022-06-15 14:50:00,EVBG
29.64,29.64,29.57,29.572,1300,2022-06-15 14:51:00,EVBG
29.55,29.565,29.55,29.55,300,2022-06-15 14:52:00,EVBG
29.49,29.49,29.45,29.46,420,2022-06-15 14:53:00,EVBG
29.47,29.47,29.47,29.47,100,2022-06-15 14:55:00,EVBG
29.47,29.48,29.46,29.47,600,2022-06-15 14:57:00,EVBG
29.53,29.53,29.53,29.53,100,2022-06-15 14:59:00,EVBG
29.6,29.6,29.58,29.58,200,2022-06-15 15:00:00,EVBG
29.54,29.56,29.49,29.49,800,2022-06-15 15:01:00,EVBG
29.465,29.465,29.465,29.465,100,2022-06-15 15:02:00,EVBG
29.51,29.54,29.51,29.54,500,2022-06-15 15:03:00,EVBG
29.54,29.57,29.54,29.57,400,2022-06-15 15:05:00,EVBG
29.6,29.63,29.6,29.63,1000,2022-06-15 15:07:00,EVBG
29.63,29.63,29.63,29.63,500,2022-06-15 15:08:00,EVBG
29.65,29.65,29.65,29.65,100,2022-06-15 15:09:00,EVBG
29.65,29.69,29.605,29.69,400,2022-06-15 15:10:00,EVBG
29.7,29.7,29.6315,29.7,966,2022-06-15 15:11:00,EVBG
29.78,29.81,29.745,29.81,300,2022-06-15 15:12:00,EVBG
29.82,29.87,29.82,29.87,200,2022-06-15 15:13:00,EVBG
29.83,29.83,29.77,29.77,800,2022-06-15 15:14:00,EVBG
29.755,29.755,29.755,29.755,100,2022-06-15 15:15:00,EVBG
29.83,29.83,29.79,29.8,400,2022-06-15 15:16:00,EVBG
29.83,29.85,29.83,29.85,300,2022-06-15 15:17:00,EVBG
29.97,29.97,29.915,29.97,400,2022-06-15 15:19:00,EVBG
29.95,29.95,29.94,29.94,800,2022-06-15 15:20:00,EVBG
29.92,29.93,29.85,29.86,11401,2022-06-15 15:21:00,EVBG
29.88,29.89,29.855,29.89,600,2022-06-15 15:22:00,EVBG
29.91,29.935,29.9,29.925,998,2022-06-15 15:23:00,EVBG
29.91,29.925,29.86,29.86,700,2022-06-15 15:24:00,EVBG
29.89,29.89,29.89,29.89,200,2022-06-15 15:25:00,EVBG
29.86,29.86,29.8,29.8,400,2022-06-15 15:26:00,EVBG
29.81,29.81,29.81,29.81,200,2022-06-15 15:27:00,EVBG
29.78,29.78,29.77,29.77,200,2022-06-15 15:28:00,EVBG
29.8,29.82,29.8,29.805,800,2022-06-15 15:29:00,EVBG
29.85,29.86,29.83,29.85,1000,2022-06-15 15:30:00,EVBG
29.82,29.82,29.765,29.765,500,2022-06-15 15:32:00,EVBG
29.81,29.83,29.81,29.83,700,2022-06-15 15:33:00,EVBG
29.88,29.88,29.88,29.88,100,2022-06-15 15:35:00,EVBG
29.92,29.965,29.92,29.965,1030,2022-06-15 15:38:00,EVBG
29.97,29.97,29.97,29.97,100,2022-06-15 15:39:00,EVBG
29.96,29.96,29.92,29.92,1000,2022-06-15 15:40:00,EVBG
29.88,29.88,29.88,29.88,100,2022-06-15 15:41:00,EVBG
29.92,29.92,29.92,29.92,200,2022-06-15 15:42:00,EVBG
29.87,29.9,29.87,29.9,510,2022-06-15 15:43:00,EVBG
29.88,29.88,29.83,29.83,932,2022-06-15 15:44:00,EVBG
29.82,29.85,29.79,29.84,1439,2022-06-15 15:45:00,EVBG
29.895,29.92,29.895,29.92,400,2022-06-15 15:46:00,EVBG
29.89,29.89,29.86,29.86,300,2022-06-15 15:48:00,EVBG
29.825,29.825,29.8,29.8,300,2022-06-15 15:50:00,EVBG
29.775,29.775,29.775,29.775,100,2022-06-15 15:51:00,EVBG
29.82,29.83,29.82,29.83,395,2022-06-15 15:52:00,EVBG
29.81,29.81,29.81,29.81,400,2022-06-15 15:53:00,EVBG
29.84,29.84,29.84,29.84,200,2022-06-15 15:54:00,EVBG
29.88,29.88,29.88,29.88,100,2022-06-15 15:56:00,EVBG
29.945,29.945,29.945,29.945,100,2022-06-15 15:57:00,EVBG
29.905,29.905,29.905,29.905,100,2022-06-15 15:59:00,EVBG
29.94,29.955,29.94,29.955,400,2022-06-15 16:00:00,EVBG
29.98,30.0389,29.95,30.0389,1867,2022-06-15 16:02:00,EVBG
30.0417,30.0417,29.99,29.99,700,2022-06-15 16:03:00,EVBG
29.98,29.98,29.98,29.98,200,2022-06-15 16:04:00,EVBG
29.93,29.93,29.93,29.93,100,2022-06-15 16:05:00,EVBG
29.93,29.93,29.92,29.93,981,2022-06-15 16:06:00,EVBG
29.95,29.97,29.95,29.97,556,2022-06-15 16:07:00,EVBG
29.93,29.96,29.93,29.94,600,2022-06-15 16:08:00,EVBG
29.92,29.92,29.91,29.91,400,2022-06-15 16:09:00,EVBG
29.85,29.86,29.85,29.86,700,2022-06-15 16:10:00,EVBG
29.85,29.85,29.85,29.85,100,2022-06-15 16:12:00,EVBG
29.86,29.86,29.86,29.86,100,2022-06-15 16:13:00,EVBG
29.89,29.92,29.89,29.92,400,2022-06-15 16:14:00,EVBG
29.9,29.91,29.89,29.91,1026,2022-06-15 16:15:00,EVBG
29.94,29.94,29.94,29.94,186,2022-06-15 16:17:00,EVBG
29.94,29.94,29.94,29.94,100,2022-06-15 16:18:00,EVBG
30.01,30.01,30.01,30.01,200,2022-06-15 16:21:00,EVBG
30.015,30.04,30.01,30.01,300,2022-06-15 16:22:00,EVBG
30.05,30.05,30.05,30.05,300,2022-06-15 16:23:00,EVBG
30.05,30.05,30.05,30.05,100,2022-06-15 16:24:00,EVBG
30.02,30.02,29.99,29.99,1226,2022-06-15 16:25:00,EVBG
29.98,29.98,29.96,29.96,800,2022-06-15 16:26:00,EVBG
29.98,29.98,29.98,29.98,100,2022-06-15 16:27:00,EVBG
29.9999,29.9999,29.9999,29.9999,900,2022-06-15 16:28:00,EVBG
30.005,30.015,30.005,30.015,200,2022-06-15 16:29:00,EVBG
30.015,30.05,30.015,30.03,400,2022-06-15 16:30:00,EVBG
30.06,30.075,30.05,30.06,1000,2022-06-15 16:31:00,EVBG
30.04,30.05,30.04,30.04,500,2022-06-15 16:32:00,EVBG
30.05,30.05,29.985,29.985,1100,2022-06-15 16:33:00,EVBG
29.95,29.95,29.92,29.92,200,2022-06-15 16:34:00,EVBG
29.91,29.91,29.88,29.88,300,2022-06-15 16:35:00,EVBG
29.88,29.89,29.88,29.89,500,2022-06-15 16:36:00,EVBG
29.88,29.88,29.86,29.86,1200,2022-06-15 16:37:00,EVBG
29.86,29.86,29.82,29.82,400,2022-06-15 16:38:00,EVBG
29.79,29.8,29.79,29.8,400,2022-06-15 16:39:00,EVBG
29.8,29.8,29.8,29.8,100,2022-06-15 16:41:00,EVBG
29.79,29.79,29.78,29.78,700,2022-06-15 16:42:00,EVBG
29.76,29.79,29.76,29.79,300,2022-06-15 16:43:00,EVBG
29.81,29.81,29.8,29.8,200,2022-06-15 16:44:00,EVBG
29.8,29.8,29.8,29.8,700,2022-06-15 16:45:00,EVBG
29.78,29.78,29.75,29.76,800,2022-06-15 16:47:00,EVBG
29.76,29.76,29.74,29.76,1000,2022-06-15 16:49:00,EVBG
29.75,29.75,29.74,29.74,653,2022-06-15 16:51:00,EVBG
29.735,29.735,29.735,29.735,200,2022-06-15 16:52:00,EVBG
29.71,29.71,29.69,29.69,200,2022-06-15 16:53:00,EVBG
29.69,29.69,29.69,29.69,200,2022-06-15 16:54:00,EVBG
29.68,29.68,29.62,29.63,1100,2022-06-15 16:55:00,EVBG
29.62,29.63,29.52,29.52,2808,2022-06-15 16:56:00,EVBG
29.55,29.555,29.55,29.555,500,2022-06-15 16:57:00,EVBG
29.535,29.535,29.535,29.535,500,2022-06-15 16:58:00,EVBG
29.52,29.55,29.52,29.55,800,2022-06-15 16:59:00,EVBG
29.56,29.57,29.56,29.57,200,2022-06-15 17:00:00,EVBG
29.63,29.63,29.63,29.63,100,2022-06-15 17:01:00,EVBG
29.61,29.61,29.61,29.61,100,2022-06-15 17:02:00,EVBG
29.64,29.67,29.61,29.67,2100,2022-06-15 17:06:00,EVBG
29.65,29.65,29.65,29.65,100,2022-06-15 17:07:00,EVBG
29.61,29.61,29.57,29.57,1100,2022-06-15 17:10:00,EVBG
29.5907,29.61,29.565,29.61,800,2022-06-15 17:11:00,EVBG
29.63,29.63,29.63,29.63,100,2022-06-15 17:12:00,EVBG
29.64,29.68,29.64,29.67,1473,2022-06-15 17:14:00,EVBG
29.675,29.675,29.675,29.675,100,2022-06-15 17:15:00,EVBG
29.6817,29.6817,29.6817,29.6817,112,2022-06-15 17:16:00,EVBG
29.65,29.65,29.64,29.64,400,2022-06-15 17:17:00,EVBG
29.63,29.67,29.63,29.67,300,2022-06-15 17:18:00,EVBG
29.67,29.67,29.67,29.67,100,2022-06-15 17:19:00,EVBG
29.655,29.655,29.63,29.65,1100,2022-06-15 17:21:00,EVBG
29.63,29.64,29.63,29.63,300,2022-06-15 17:22:00,EVBG
29.645,29.65,29.63,29.65,1100,2022-06-15 17:23:00,EVBG
29.65,29.68,29.65,29.67,412,2022-06-15 17:24:00,EVBG
29.64,29.67,29.63,29.67,600,2022-06-15 17:26:00,EVBG
29.65,29.69,29.65,29.69,700,2022-06-15 17:27:00,EVBG
29.66,29.67,29.65,29.65,1300,2022-06-15 17:28:00,EVBG
29.6766,29.6766,29.6766,29.6766,100,2022-06-15 17:29:00,EVBG
29.71,29.74,29.71,29.74,628,2022-06-15 17:30:00,EVBG
29.75,29.75,29.75,29.75,100,2022-06-15 17:31:00,EVBG
29.8,29.815,29.765,29.815,800,2022-06-15 17:32:00,EVBG
29.84,29.84,29.84,29.84,100,2022-06-15 17:33:00,EVBG
29.82,29.835,29.805,29.805,2100,2022-06-15 17:34:00,EVBG
29.79,29.79,29.78,29.78,600,2022-06-15 17:35:00,EVBG
29.8,29.8,29.76,29.76,672,2022-06-15 17:36:00,EVBG
29.74,29.8237,29.7105,29.8,2887,2022-06-15 17:37:00,EVBG
29.795,29.82,29.78,29.81,1000,2022-06-15 17:38:00,EVBG
29.81,29.84,29.8,29.84,2203,2022-06-15 17:39:00,EVBG
29.8,29.82,29.78,29.78,2125,2022-06-15 17:40:00,EVBG
29.78,29.8,29.76,29.8,1400,2022-06-15 17:41:00,EVBG
29.76,29.76,29.75,29.75,400,2022-06-15 17:42:00,EVBG
29.76,29.815,29.76,29.8,2200,2022-06-15 17:44:00,EVBG
29.8,29.82,29.77,29.8,3300,2022-06-15 17:45:00,EVBG
29.81,29.81,29.8,29.8,200,2022-06-15 17:46:00,EVBG
29.79,29.805,29.79,29.805,200,2022-06-15 17:47:00,EVBG
29.8,29.81,29.8,29.8,600,2022-06-15 17:48:00,EVBG
29.8,29.8,29.77,29.77,400,2022-06-15 17:49:00,EVBG
29.77,29.79,29.75,29.75,1700,2022-06-15 17:50:00,EVBG
29.73,29.79,29.71,29.77,3700,2022-06-15 17:51:00,EVBG
29.77,29.77,29.75,29.757,3698,2022-06-15 17:52:00,EVBG
29.75,29.76,29.75,29.75,1100,2022-06-15 17:53:00,EVBG
29.75,29.86,29.75,29.82,2614,2022-06-15 17:54:00,EVBG
29.78,29.91,29.78,29.85,19271,2022-06-15 17:55:00,EVBG
29.85,30.04,29.85,29.96,6050,2022-06-15 17:56:00,EVBG
29.94,29.94,29.91,29.9211,838,2022-06-15 17:57:00,EVBG
30.01,30.01,29.99,29.99,300,2022-06-15 17:58:00,EVBG
30.05,30.1,30.01,30.05,1500,2022-06-15 17:59:00,EVBG
29.9,30.09,29.89,30.05,1170,2022-06-15 18:00:00,EVBG
29.99,29.99,29.75,29.86,700,2022-06-15 18:01:00,EVBG
30.01,30.01,29.89,29.89,1271,2022-06-15 18:02:00,EVBG
29.83,29.9,29.79,29.842,900,2022-06-15 18:03:00,EVBG
29.86,29.87,29.64,29.74,2398,2022-06-15 18:04:00,EVBG
29.73,29.73,29.73,29.73,434,2022-06-15 18:05:00,EVBG
29.7,29.7,29.505,29.505,1392,2022-06-15 18:06:00,EVBG
29.46,29.49,29.43,29.43,400,2022-06-15 18:07:00,EVBG
29.44,29.47,29.44,29.47,400,2022-06-15 18:08:00,EVBG
29.42,29.53,29.42,29.53,600,2022-06-15 18:09:00,EVBG
29.6,29.6,29.5,29.55,800,2022-06-15 18:10:00,EVBG
29.515,29.65,29.515,29.65,1000,2022-06-15 18:11:00,EVBG
29.685,29.71,29.61,29.71,1050,2022-06-15 18:12:00,EVBG
29.72,29.805,29.72,29.805,200,2022-06-15 18:13:00,EVBG
29.83,29.88,29.83,29.88,200,2022-06-15 18:14:00,EVBG
29.78,29.91,29.78,29.91,380,2022-06-15 18:15:00,EVBG
29.945,29.98,29.945,29.95,500,2022-06-15 18:16:00,EVBG
30.06,30.06,30.01,30.045,600,2022-06-15 18:17:00,EVBG
30.06,30.075,30.06,30.075,300,2022-06-15 18:18:00,EVBG
30.07,30.14,30.03,30.14,6582,2022-06-15 18:19:00,EVBG
30.15,30.2,30.13,30.15,1900,2022-06-15 18:20:00,EVBG
30.185,30.24,30.185,30.24,1413,2022-06-15 18:21:00,EVBG
30.14,30.15,30.0,30.0,5044,2022-06-15 18:22:00,EVBG
30.0,30.0,29.88,29.88,300,2022-06-15 18:23:00,EVBG
29.8,29.82,29.76,29.815,900,2022-06-15 18:24:00,EVBG
29.92,30.01,29.905,30.005,11256,2022-06-15 18:25:00,EVBG
30.0,30.0,30.0,30.0,900,2022-06-15 18:26:00,EVBG
30.11,30.11,30.07,30.07,500,2022-06-15 18:27:00,EVBG
30.045,30.045,29.96,29.96,600,2022-06-15 18:28:00,EVBG
29.95,29.98,29.93,29.945,1969,2022-06-15 18:29:00,EVBG
29.92,29.92,29.84,29.84,1164,2022-06-15 18:30:00,EVBG
29.8,29.81,29.74,29.74,679,2022-06-15 18:31:00,EVBG
29.72,29.72,29.52,29.52,1200,2022-06-15 18:32:00,EVBG
29.54,29.65,29.54,29.65,560,2022-06-15 18:33:00,EVBG
29.64,29.64,29.64,29.64,200,2022-06-15 18:34:00,EVBG
29.69,29.69,29.69,29.69,300,2022-06-15 18:35:00,EVBG
29.72,29.77,29.72,29.77,500,2022-06-15 18:36:00,EVBG
29.83,29.87,29.77,29.77,400,2022-06-15 18:37:00,EVBG
29.935,30.08,29.935,30.05,560,2022-06-15 18:38:00,EVBG
30.17,30.17,30.13,30.14,500,2022-06-15 18:39:00,EVBG
30.17,30.25,30.17,30.25,696,2022-06-15 18:40:00,EVBG
30.39,30.58,30.39,30.58,1300,2022-06-15 18:41:00,EVBG
30.66,30.6975,30.62,30.68,1600,2022-06-15 18:42:00,EVBG
30.67,30.8,30.64,30.75,3340,2022-06-15 18:43:00,EVBG
30.76,30.78,30.69,30.71,5759,2022-06-15 18:44:00,EVBG
30.71,30.835,30.71,30.79,8466,2022-06-15 18:45:00,EVBG
30.78,30.88,30.71,30.8,5354,2022-06-15 18:46:00,EVBG
30.8,30.84,30.77,30.82,3933,2022-06-15 18:47:00,EVBG
30.67,30.72,30.6,30.7,1100,2022-06-15 18:48:00,EVBG
30.7,30.71,30.66,30.66,1430,2022-06-15 18:49:00,EVBG
30.66,30.66,30.59,30.6,7709,2022-06-15 18:50:00,EVBG
30.6,30.6527,30.47,30.5,6152,2022-06-15 18:51:00,EVBG
30.3825,30.4,30.26,30.36,1814,2022-06-15 18:52:00,EVBG
30.37,30.415,30.325,30.4061,700,2022-06-15 18:53:00,EVBG
30.325,30.37,30.22,30.25,700,2022-06-15 18:54:00,EVBG
30.405,30.405,30.31,30.33,500,2022-06-15 18:56:00,EVBG
30.34,30.3789,30.15,30.155,1100,2022-06-15 18:57:00,EVBG
30.19,30.275,30.17,30.275,717,2022-06-15 18:58:00,EVBG
30.305,30.305,30.305,30.305,100,2022-06-15 18:59:00,EVBG
30.34,30.34,30.33,30.33,200,2022-06-15 19:00:00,EVBG
30.43,30.43,30.38,30.38,899,2022-06-15 19:01:00,EVBG
30.38,30.38,30.25,30.32,900,2022-06-15 19:02:00,EVBG
30.3,30.32,30.22,30.22,1200,2022-06-15 19:03:00,EVBG
30.375,30.375,30.32,30.32,200,2022-06-15 19:05:00,EVBG
30.33,30.43,30.305,30.4,4257,2022-06-15 19:06:00,EVBG
30.45,30.51,30.4,30.43,11039,2022-06-15 19:07:00,EVBG
30.44,30.47,30.36,30.3776,6604,2022-06-15 19:08:00,EVBG
30.4,30.425,30.4,30.4,1700,2022-06-15 19:09:00,EVBG
30.4075,30.47,30.4,30.455,3057,2022-06-15 19:10:00,EVBG
30.42,30.42,30.37,30.41,700,2022-06-15 19:11:00,EVBG
30.445,30.445,30.24,30.24,1100,2022-06-15 19:12:00,EVBG
30.24,30.31,30.22,30.31,1000,2022-06-15 19:13:00,EVBG
30.31,30.31,30.28,30.2809,486,2022-06-15 19:14:00,EVBG
30.29,30.29,30.155,30.155,800,2022-06-15 19:15:00,EVBG
30.29,30.29,30.29,30.29,110,2022-06-15 19:16:00,EVBG
30.23,30.23,30.23,30.23,300,2022-06-15 19:17:00,EVBG
30.22,30.23,30.22,30.23,200,2022-06-15 19:18:00,EVBG
30.28,30.28,30.245,30.27,572,2022-06-15 19:19:00,EVBG
30.3,30.375,30.28,30.375,500,2022-06-15 19:20:00,EVBG
30.39,30.485,30.39,30.485,1020,2022-06-15 19:21:00,EVBG
30.43,30.49,30.43,30.465,2929,2022-06-15 19:22:00,EVBG
30.5,30.55,30.46,30.51,1050,2022-06-15 19:23:00,EVBG
30.56,30.62,30.56,30.605,1750,2022-06-15 19:24:00,EVBG
30.57,30.575,30.54,30.54,1567,2022-06-15 19:25:00,EVBG
30.6,30.61,30.57,30.605,2061,2022-06-15 19:26:00,EVBG
30.62,30.62,30.56,30.585,1600,2022-06-15 19:27:00,EVBG
30.6,30.6,30.55,30.555,2694,2022-06-15 19:28:00,EVBG
30.57,30.63,30.57,30.63,1543,2022-06-15 19:29:00,EVBG
30.65,30.69,30.65,30.69,500,2022-06-15 19:30:00,EVBG
30.67,30.73,30.665,30.73,500,2022-06-15 19:31:00,EVBG
30.77,30.82,30.75,30.82,940,2022-06-15 19:32:00,EVBG
30.82,30.92,30.82,30.895,5800,2022-06-15 19:33:00,EVBG
30.895,30.9125,30.85,30.85,800,2022-06-15 19:34:00,EVBG
30.87,30.88,30.81,30.88,3600,2022-06-15 19:35:00,EVBG
30.87,30.9,30.85,30.85,1200,2022-06-15 19:36:00,EVBG
30.83,30.84,30.78,30.78,2745,2022-06-15 19:37:00,EVBG
30.79,30.87,30.77,30.82,5306,2022-06-15 19:38:00,EVBG
30.8,30.805,30.73,30.73,3000,2022-06-15 19:39:00,EVBG
30.73,30.73,30.62,30.65,2900,2022-06-15 19:40:00,EVBG
30.63,30.68,30.63,30.66,1400,2022-06-15 19:41:00,EVBG
30.66,30.66,30.62,30.62,1200,2022-06-15 19:42:00,EVBG
30.625,30.65,30.61,30.64,2000,2022-06-15 19:43:00,EVBG
30.65,30.65,30.595,30.61,2531,2022-06-15 19:44:00,EVBG
30.59,30.61,30.58,30.605,1547,2022-06-15 19:45:00,EVBG
30.58,30.61,30.57,30.6,2500,2022-06-15 19:46:00,EVBG
30.59,30.59,30.525,30.53,3750,2022-06-15 19:47:00,EVBG
30.52,30.565,30.52,30.555,2678,2022-06-15 19:48:00,EVBG
30.56,30.57,30.53,30.57,1904,2022-06-15 19:49:00,EVBG
30.54,30.54,30.44,30.47,4498,2022-06-15 19:50:00,EVBG
30.475,30.475,30.435,30.44,2000,2022-06-15 19:51:00,EVBG
30.445,30.46,30.41,30.45,7245,2022-06-15 19:52:00,EVBG
30.44,30.445,30.43,30.43,4029,2022-06-15 19:53:00,EVBG
30.425,30.425,30.35,30.35,6400,2022-06-15 19:54:00,EVBG
30.35,30.39,30.3,30.3,8845,2022-06-15 19:55:00,EVBG
30.29,30.335,30.29,30.31,12762,2022-06-15 19:56:00,EVBG
30.31,30.35,30.29,30.3,11051,2022-06-15 19:57:00,EVBG
30.31,30.33,30.28,30.29,12603,2022-06-15 19:58:00,EVBG
30.3,30.38,30.3,30.31,12885,2022-06-15 19:59:00,EVBG
30.31,30.31,30.31,30.31,132561,2022-06-15 20:00:00,EVBG
28.83,29.29,28.83,29.25,9323,2022-06-16 13:30:00,EVBG
29.55,29.83,29.55,29.83,4735,2022-06-16 13:31:00,EVBG
29.6,29.75,29.54,29.75,700,2022-06-16 13:32:00,EVBG
29.49,29.5,29.24,29.3477,2442,2022-06-16 13:33:00,EVBG
29.11,29.19,29.11,29.19,200,2022-06-16 13:34:00,EVBG
29.12,29.21,29.12,29.13,300,2022-06-16 13:35:00,EVBG
29.39,29.39,29.32,29.32,300,2022-06-16 13:36:00,EVBG
29.43,29.61,29.43,29.44,1200,2022-06-16 13:37:00,EVBG
29.46,29.46,29.46,29.46,100,2022-06-16 13:39:00,EVBG
29.36,29.45,29.36,29.45,500,2022-06-16 13:41:00,EVBG
29.57,29.58,29.495,29.495,900,2022-06-16 13:42:00,EVBG
29.4,29.4,29.4,29.4,100,2022-06-16 13:43:00,EVBG
29.44,29.44,29.38,29.385,300,2022-06-16 13:44:00,EVBG
29.425,29.47,29.41,29.41,800,2022-06-16 13:47:00,EVBG
29.26,29.33,29.25,29.25,2491,2022-06-16 13:49:00,EVBG
29.16,29.18,29.16,29.17,800,2022-06-16 13:50:00,EVBG
29.18,29.18,29.03,29.03,700,2022-06-16 13:51:00,EVBG
29.09,29.09,28.89,28.97,5361,2022-06-16 13:52:00,EVBG
28.9132,28.92,28.87,28.87,300,2022-06-16 13:53:00,EVBG
28.62,28.73,28.62,28.62,600,2022-06-16 13:57:00,EVBG
28.73,28.75,28.68,28.75,500,2022-06-16 13:58:00,EVBG
28.75,28.75,28.72,28.72,200,2022-06-16 13:59:00,EVBG
28.69,28.69,28.58,28.58,803,2022-06-16 14:00:00,EVBG
28.69,28.74,28.69,28.74,500,2022-06-16 14:01:00,EVBG
28.65,28.68,28.6,28.65,2346,2022-06-16 14:03:00,EVBG
28.63,28.685,28.63,28.685,200,2022-06-16 14:04:00,EVBG
28.64,28.66,28.64,28.66,600,2022-06-16 14:05:00,EVBG
28.7,28.73,28.69,28.69,577,2022-06-16 14:06:00,EVBG
28.61,28.68,28.59,28.645,800,2022-06-16 14:07:00,EVBG
28.59,28.65,28.59,28.65,900,2022-06-16 14:08:00,EVBG
28.65,28.65,28.65,28.65,100,2022-06-16 14:09:00,EVBG
28.63,28.63,28.63,28.63,100,2022-06-16 14:11:00,EVBG
28.6,28.64,28.58,28.595,894,2022-06-16 14:13:00,EVBG
28.62,28.685,28.62,28.62,1300,2022-06-16 14:14:00,EVBG
28.63,28.67,28.625,28.665,700,2022-06-16 14:15:00,EVBG
28.625,28.66,28.625,28.645,500,2022-06-16 14:16:00,EVBG
28.69,28.77,28.69,28.76,1957,2022-06-16 14:17:00,EVBG
28.77,28.77,28.77,28.77,101,2022-06-16 14:18:00,EVBG
28.66,28.6925,28.64,28.68,3153,2022-06-16 14:19:00,EVBG
28.65,28.65,28.555,28.56,1300,2022-06-16 14:20:00,EVBG
28.58,28.64,28.555,28.61,1400,2022-06-16 14:21:00,EVBG
28.565,28.61,28.487,28.487,1000,2022-06-16 14:22:00,EVBG
28.42,28.495,28.42,28.49,1300,2022-06-16 14:23:00,EVBG
28.52,28.57,28.52,28.545,500,2022-06-16 14:24:00,EVBG
28.63,28.73,28.61,28.73,2700,2022-06-16 14:25:00,EVBG
28.735,28.735,28.69,28.73,700,2022-06-16 14:26:00,EVBG
28.62,28.63,28.56,28.63,4187,2022-06-16 14:27:00,EVBG
28.645,28.7,28.645,28.7,1617,2022-06-16 14:29:00,EVBG
28.65,28.68,28.625,28.68,1397,2022-06-16 14:30:00,EVBG
28.61,28.69,28.61,28.68,840,2022-06-16 14:31:00,EVBG
28.665,28.665,28.55,28.59,6300,2022-06-16 14:32:00,EVBG
28.59,28.59,28.57,28.58,1300,2022-06-16 14:33:00,EVBG
28.57,28.59,28.5,28.5,2100,2022-06-16 14:34:00,EVBG
28.51,28.53,28.48,28.53,905,2022-06-16 14:35:00,EVBG
28.45,28.45,28.45,28.45,100,2022-06-16 14:36:00,EVBG
28.42,28.42,28.41,28.41,400,2022-06-16 14:37:00,EVBG
28.405,28.405,28.3,28.35,3139,2022-06-16 14:38:00,EVBG
28.29,28.29,28.29,28.29,200,2022-06-16 14:39:00,EVBG
28.31,28.34,28.22,28.22,900,2022-06-16 14:40:00,EVBG
28.215,28.215,28.215,28.215,100,2022-06-16 14:41:00,EVBG
28.15,28.27,28.15,28.27,1883,2022-06-16 14:42:00,EVBG
28.319,28.36,28.3182,28.32,6571,2022-06-16 14:43:00,EVBG
28.25,28.28,28.19,28.19,1200,2022-06-16 14:44:00,EVBG
28.2,28.2,28.2,28.2,100,2022-06-16 14:45:00,EVBG
28.1,28.1,28.1,28.1,100,2022-06-16 14:46:00,EVBG
28.09,28.095,28.09,28.095,800,2022-06-16 14:48:00,EVBG
28.1,28.1,28.1,28.1,200,2022-06-16 14:50:00,EVBG
28.1,28.37,28.1,28.2,20584,2022-06-16 14:51:00,EVBG
28.2,28.2,28.13,28.13,997,2022-06-16 14:52:00,EVBG
28.13,28.17,28.13,28.15,641,2022-06-16 14:53:00,EVBG
28.15,28.315,28.15,28.28,1900,2022-06-16 14:54:00,EVBG
28.245,28.245,28.245,28.245,100,2022-06-16 14:55:00,EVBG
28.25,28.32,28.245,28.32,300,2022-06-16 14:56:00,EVBG
28.32,28.32,28.245,28.27,1469,2022-06-16 14:57:00,EVBG
28.3,28.3,28.3,28.3,100,2022-06-16 14:58:00,EVBG
28.26,28.27,28.22,28.22,2849,2022-06-16 14:59:00,EVBG
28.24,28.33,28.24,28.33,400,2022-06-16 15:00:00,EVBG
28.38,28.445,28.38,28.445,200,2022-06-16 15:01:00,EVBG
28.42,28.47,28.42,28.47,900,2022-06-16 15:02:00,EVBG
28.43,28.435,28.41,28.435,400,2022-06-16 15:03:00,EVBG
28.41,28.41,28.365,28.365,700,2022-06-16 15:04:00,EVBG
28.295,28.31,28.28,28.31,500,2022-06-16 15:05:00,EVBG
28.33,28.39,28.33,28.36,500,2022-06-16 15:06:00,EVBG
28.36,28.37,28.34,28.37,700,2022-06-16 15:07:00,EVBG
28.37,28.37,28.37,28.37,200,2022-06-16 15:08:00,EVBG
28.35,28.405,28.35,28.405,200,2022-06-16 15:09:00,EVBG
28.49,28.51,28.4706,28.485,2050,2022-06-16 15:11:00,EVBG
28.53,28.57,28.53,28.54,1700,2022-06-16 15:12:00,EVBG
28.51,28.555,28.51,28.52,500,2022-06-16 15:13:00,EVBG
28.55,28.55,28.55,28.55,100,2022-06-16 15:14:00,EVBG
28.6,28.7,28.6,28.7,1100,2022-06-16 15:15:00,EVBG
28.68,28.69,28.67,28.69,800,2022-06-16 15:16:00,EVBG
28.66,28.66,28.55,28.55,1000,2022-06-16 15:17:00,EVBG
28.52,28.52,28.52,28.52,400,2022-06-16 15:19:00,EVBG
28.54,28.54,28.51,28.51,700,2022-06-16 15:21:00,EVBG
28.55,28.635,28.55,28.635,400,2022-06-16 15:23:00,EVBG
28.67,28.67,28.655,28.655,200,2022-06-16 15:24:00,EVBG
28.67,28.74,28.67,28.7,1100,2022-06-16 15:25:00,EVBG
28.74,28.8,28.74,28.8,231,2022-06-16 15:27:00,EVBG
28.8,28.81,28.79,28.79,799,2022-06-16 15:28:00,EVBG
28.86,28.86,28.79,28.79,1600,2022-06-16 15:30:00,EVBG
28.82,28.83,28.82,28.825,900,2022-06-16 15:31:00,EVBG
28.835,28.835,28.835,28.835,100,2022-06-16 15:32:00,EVBG
28.8,28.8,28.8,28.8,100,2022-06-16 15:33:00,EVBG
28.77,28.77,28.77,28.77,200,2022-06-16 15:34:00,EVBG
28.74,28.77,28.73,28.77,1200,2022-06-16 15:35:00,EVBG
28.74,28.74,28.71,28.71,300,2022-06-16 15:36:00,EVBG
28.75,28.79,28.75,28.79,1452,2022-06-16 15:38:00,EVBG
28.81,28.81,28.8,28.8,200,2022-06-16 15:39:00,EVBG
28.81,28.82,28.77,28.77,1300,2022-06-16 15:41:00,EVBG
28.73,28.74,28.71,28.71,700,2022-06-16 15:42:00,EVBG
28.67,28.7,28.66,28.7,945,2022-06-16 15:44:00,EVBG
28.63,28.63,28.62,28.62,1394,2022-06-16 15:45:00,EVBG
28.57,28.6,28.57,28.57,400,2022-06-16 15:46:00,EVBG
28.52,28.52,28.52,28.52,200,2022-06-16 15:47:00,EVBG
28.56,28.575,28.56,28.575,300,2022-06-16 15:48:00,EVBG
28.555,28.59,28.555,28.59,200,2022-06-16 15:49:00,EVBG
28.59,28.6,28.59,28.6,281,2022-06-16 15:50:00,EVBG
28.58,28.58,28.51,28.51,600,2022-06-16 15:51:00,EVBG
28.5,28.5,28.48,28.48,200,2022-06-16 15:53:00,EVBG
28.52,28.565,28.49,28.565,900,2022-06-16 15:55:00,EVBG
28.55,28.55,28.55,28.55,100,2022-06-16 15:56:00,EVBG
28.52,28.53,28.47,28.47,600,2022-06-16 15:57:00,EVBG
28.48,28.49,28.47,28.48,800,2022-06-16 15:58:00,EVBG
28.525,28.53,28.525,28.53,200,2022-06-16 15:59:00,EVBG
28.48,28.48,28.48,28.48,200,2022-06-16 16:01:00,EVBG
28.5,28.5,28.5,28.5,100,2022-06-16 16:02:00,EVBG
28.51,28.51,28.47,28.47,400,2022-06-16 16:03:00,EVBG
28.47,28.47,28.43,28.43,1385,2022-06-16 16:04:00,EVBG
28.4,28.43,28.4,28.42,800,2022-06-16 16:05:00,EVBG
28.38,28.39,28.38,28.39,200,2022-06-16 16:06:00,EVBG
28.33,28.33,28.33,28.33,300,2022-06-16 16:07:00,EVBG
28.325,28.325,28.325,28.325,200,2022-06-16 16:08:00,EVBG
28.35,28.35,28.34,28.34,200,2022-06-16 16:09:00,EVBG
28.34,28.34,28.34,28.34,100,2022-06-16 16:10:00,EVBG
28.38,28.38,28.38,28.38,103,2022-06-16 16:11:00,EVBG
28.4,28.4,28.4,28.4,100,2022-06-16 16:13:00,EVBG
28.44,28.44,28.44,28.44,200,2022-06-16 16:15:00,EVBG
28.45,28.49,28.45,28.49,706,2022-06-16 16:16:00,EVBG
28.53,28.56,28.53,28.56,300,2022-06-16 16:17:00,EVBG
28.57,28.6,28.57,28.58,890,2022-06-16 16:18:00,EVBG
28.56,28.5765,28.55,28.5601,1878,2022-06-16 16:20:00,EVBG
28.63,28.66,28.63,28.66,600,2022-06-16 16:21:00,EVBG
28.66,28.66,28.66,28.66,297,2022-06-16 16:22:00,EVBG
28.63,28.63,28.55,28.55,2524,2022-06-16 16:23:00,EVBG
28.57,28.57,28.55,28.55,300,2022-06-16 16:24:00,EVBG
28.605,28.605,28.59,28.6,300,2022-06-16 16:25:00,EVBG
28.62,28.655,28.62,28.655,200,2022-06-16 16:26:00,EVBG
28.7,28.7,28.65,28.67,1600,2022-06-16 16:27:00,EVBG
28.67,28.67,28.67,28.67,100,2022-06-16 16:28:00,EVBG
28.65,28.71,28.64,28.71,600,2022-06-16 16:29:00,EVBG
28.74,28.74,28.68,28.72,500,2022-06-16 16:30:00,EVBG
28.67,28.67,28.65,28.66,999,2022-06-16 16:31:00,EVBG
28.57,28.57,28.57,28.57,200,2022-06-16 16:32:00,EVBG
28.59,28.59,28.56,28.56,300,2022-06-16 16:33:00,EVBG
28.575,28.575,28.55,28.55,400,2022-06-16 16:35:00,EVBG
28.5,28.52,28.495,28.495,500,2022-06-16 16:37:00,EVBG
28.58,28.58,28.58,28.58,100,2022-06-16 16:38:00,EVBG
28.54,28.54,28.54,28.54,100,2022-06-16 16:39:00,EVBG
28.555,28.605,28.555,28.605,200,2022-06-16 16:40:00,EVBG
28.61,28.61,28.61,28.61,300,2022-06-16 16:42:00,EVBG
28.6,28.6,28.6,28.6,200,2022-06-16 16:43:00,EVBG
28.63,28.65,28.63,28.65,200,2022-06-16 16:44:00,EVBG
28.69,28.69,28.63,28.67,1100,2022-06-16 16:45:00,EVBG
28.72,28.72,28.72,28.72,200,2022-06-16 16:46:00,EVBG
28.68,28.68,28.68,28.68,100,2022-06-16 16:47:00,EVBG
28.68,28.68,28.68,28.68,100,2022-06-16 16:48:00,EVBG
28.68,28.68,28.64,28.64,400,2022-06-16 16:49:00,EVBG
28.7,28.7,28.7,28.7,100,2022-06-16 16:50:00,EVBG
28.695,28.71,28.695,28.71,200,2022-06-16 16:52:00,EVBG
28.67,28.67,28.64,28.64,1022,2022-06-16 16:53:00,EVBG
28.62,28.62,28.6,28.6,700,2022-06-16 16:54:00,EVBG
28.57,28.57,28.57,28.57,100,2022-06-16 16:55:00,EVBG
28.51,28.53,28.5,28.5,545,2022-06-16 16:57:00,EVBG
28.44,28.47,28.44,28.46,300,2022-06-16 16:59:00,EVBG
28.54,28.55,28.54,28.55,300,2022-06-16 17:00:00,EVBG
28.58,28.58,28.58,28.58,100,2022-06-16 17:01:00,EVBG
28.6,28.6,28.56,28.56,500,2022-06-16 17:02:00,EVBG
28.545,28.545,28.51,28.51,200,2022-06-16 17:03:00,EVBG
28.51,28.51,28.51,28.51,100,2022-06-16 17:04:00,EVBG
28.525,28.525,28.525,28.525,100,2022-06-16 17:05:00,EVBG
28.52,28.52,28.52,28.52,100,2022-06-16 17:06:00,EVBG
28.59,28.59,28.59,28.59,100,2022-06-16 17:07:00,EVBG
28.605,28.6295,28.605,28.6295,209,2022-06-16 17:08:00,EVBG
28.62,28.62,28.62,28.62,100,2022-06-16 17:09:00,EVBG
28.625,28.625,28.59,28.59,500,2022-06-16 17:10:00,EVBG
28.56,28.58,28.54,28.56,1800,2022-06-16 17:11:00,EVBG
28.48,28.535,28.48,28.535,1000,2022-06-16 17:13:00,EVBG
28.52,28.53,28.52,28.53,700,2022-06-16 17:14:00,EVBG
28.54,28.54,28.5,28.51,2300,2022-06-16 17:15:00,EVBG
28.5,28.5,28.5,28.5,216,2022-06-16 17:18:00,EVBG
28.49,28.49,28.47,28.48,800,2022-06-16 17:19:00,EVBG
28.47,28.48,28.46,28.48,1400,2022-06-16 17:20:00,EVBG
28.47,28.47,28.45,28.47,600,2022-06-16 17:21:00,EVBG
28.44,28.44,28.43,28.43,500,2022-06-16 17:22:00,EVBG
28.455,28.455,28.455,28.455,100,2022-06-16 17:24:00,EVBG
28.44,28.45,28.44,28.45,300,2022-06-16 17:25:00,EVBG
28.5095,28.5095,28.5095,28.5095,133,2022-06-16 17:26:00,EVBG
28.48,28.55,28.48,28.53,1700,2022-06-16 17:27:00,EVBG
28.53,28.65,28.53,28.63,600,2022-06-16 17:28:00,EVBG
28.72,28.72,28.68,28.68,589,2022-06-16 17:29:00,EVBG
28.64,28.69,28.62,28.68,900,2022-06-16 17:30:00,EVBG
28.67,28.67,28.62,28.62,600,2022-06-16 17:31:00,EVBG
28.63,28.63,28.58,28.62,1000,2022-06-16 17:32:00,EVBG
28.74,28.74,28.72,28.72,400,2022-06-16 17:33:00,EVBG
28.69,28.69,28.685,28.685,300,2022-06-16 17:35:00,EVBG
28.66,28.66,28.63,28.63,400,2022-06-16 17:36:00,EVBG
28.63,28.63,28.63,28.63,100,2022-06-16 17:37:00,EVBG
28.6,28.61,28.59,28.593,1179,2022-06-16 17:38:00,EVBG
28.6,28.66,28.6,28.62,1569,2022-06-16 17:39:00,EVBG
28.6,28.61,28.58,28.58,500,2022-06-16 17:40:00,EVBG
28.56,28.59,28.56,28.59,600,2022-06-16 17:41:00,EVBG
28.59,28.67,28.57,28.67,3000,2022-06-16 17:42:00,EVBG
28.63,28.63,28.63,28.63,600,2022-06-16 17:43:00,EVBG
28.59,28.59,28.58,28.59,500,2022-06-16 17:44:00,EVBG
28.59,28.6,28.59,28.6,500,2022-06-16 17:45:00,EVBG
28.58,28.585,28.58,28.585,674,2022-06-16 17:46:00,EVBG
28.5834,28.5834,28.53,28.53,274,2022-06-16 17:47:00,EVBG
28.56,28.56,28.56,28.56,100,2022-06-16 17:48:00,EVBG
28.56,28.56,28.54,28.545,1400,2022-06-16 17:49:00,EVBG
28.555,28.56,28.555,28.56,200,2022-06-16 17:50:00,EVBG
28.54,28.54,28.53,28.5377,517,2022-06-16 17:51:00,EVBG
28.5005,28.56,28.5005,28.56,851,2022-06-16 17:52:00,EVBG
28.545,28.545,28.51,28.51,327,2022-06-16 17:53:00,EVBG
28.57,28.57,28.55,28.55,200,2022-06-16 17:54:00,EVBG
28.57,28.6,28.57,28.58,1171,2022-06-16 17:55:00,EVBG
28.58,28.58,28.58,28.58,200,2022-06-16 17:56:00,EVBG
28.5934,28.62,28.5934,28.6,659,2022-06-16 17:57:00,EVBG
28.62,28.62,28.56,28.56,1200,2022-06-16 17:58:00,EVBG
28.525,28.525,28.525,28.525,200,2022-06-16 17:59:00,EVBG
28.525,28.525,28.525,28.525,200,2022-06-16 18:00:00,EVBG
28.5,28.53,28.47,28.53,2800,2022-06-16 18:01:00,EVBG
28.53,28.53,28.5,28.53,465,2022-06-16 18:02:00,EVBG
28.53,28.54,28.53,28.54,200,2022-06-16 18:03:00,EVBG
28.55,28.6,28.55,28.6,300,2022-06-16 18:04:00,EVBG
28.56,28.57,28.56,28.57,200,2022-06-16 18:05:00,EVBG
28.54,28.55,28.53,28.54,739,2022-06-16 18:06:00,EVBG
28.54,28.55,28.54,28.55,500,2022-06-16 18:07:00,EVBG
28.53,28.53,28.53,28.53,100,2022-06-16 18:08:00,EVBG
28.54,28.54,28.54,28.54,100,2022-06-16 18:09:00,EVBG
28.51,28.52,28.51,28.51,1200,2022-06-16 18:10:00,EVBG
28.495,28.495,28.48,28.48,600,2022-06-16 18:13:00,EVBG
28.5,28.52,28.475,28.52,600,2022-06-16 18:14:00,EVBG
28.49,28.49,28.49,28.49,100,2022-06-16 18:15:00,EVBG
28.49,28.49,28.49,28.49,100,2022-06-16 18:16:00,EVBG
28.46,28.46,28.46,28.46,300,2022-06-16 18:17:00,EVBG
28.46,28.53,28.46,28.53,1000,2022-06-16 18:18:00,EVBG
28.51,28.51,28.51,28.51,200,2022-06-16 18:19:00,EVBG
28.49,28.49,28.47,28.47,200,2022-06-16 18:21:00,EVBG
28.48,28.48,28.48,28.48,100,2022-06-16 18:22:00,EVBG
28.49,28.49,28.49,28.49,300,2022-06-16 18:23:00,EVBG
28.51,28.51,28.51,28.51,100,2022-06-16 18:24:00,EVBG
28.5,28.5,28.5,28.5,300,2022-06-16 18:25:00,EVBG
28.53,28.58,28.53,28.58,500,2022-06-16 18:26:00,EVBG
28.54,28.55,28.53,28.55,2058,2022-06-16 18:28:00,EVBG
28.54,28.54,28.54,28.54,100,2022-06-16 18:29:00,EVBG
28.53,28.54,28.53,28.54,588,2022-06-16 18:30:00,EVBG
28.6,28.6,28.58,28.58,900,2022-06-16 18:31:00,EVBG
28.59,28.59,28.56,28.56,200,2022-06-16 18:32:00,EVBG
28.54,28.54,28.54,28.54,100,2022-06-16 18:34:00,EVBG
28.53,28.55,28.52,28.53,600,2022-06-16 18:36:00,EVBG
28.54,28.54,28.54,28.54,100,2022-06-16 18:38:00,EVBG
28.56,28.57,28.55,28.55,817,2022-06-16 18:39:00,EVBG
28.59,28.61,28.59,28.61,208,2022-06-16 18:40:00,EVBG
28.63,28.63,28.58,28.58,1100,2022-06-16 18:41:00,EVBG
28.56,28.56,28.56,28.56,100,2022-06-16 18:42:00,EVBG
28.54,28.54,28.53,28.535,400,2022-06-16 18:44:00,EVBG
28.53,28.57,28.52,28.57,700,2022-06-16 18:45:00,EVBG
28.575,28.575,28.56,28.56,200,2022-06-16 18:46:00,EVBG
28.53,28.54,28.51,28.51,400,2022-06-16 18:47:00,EVBG
28.48,28.5,28.46,28.46,624,2022-06-16 18:48:00,EVBG
28.45,28.45,28.43,28.43,200,2022-06-16 18:49:00,EVBG
28.41,28.42,28.41,28.42,200,2022-06-16 18:50:00,EVBG
28.43,28.44,28.43,28.44,200,2022-06-16 18:51:00,EVBG
28.43,28.44,28.42,28.44,800,2022-06-16 18:52:00,EVBG
28.43,28.43,28.41,28.41,600,2022-06-16 18:53:00,EVBG
28.39,28.42,28.39,28.42,300,2022-06-16 18:54:00,EVBG
28.42,28.42,28.42,28.42,100,2022-06-16 18:55:00,EVBG
28.435,28.47,28.435,28.47,400,2022-06-16 18:56:00,EVBG
28.44,28.44,28.44,28.44,155,2022-06-16 18:57:00,EVBG
28.48,28.48,28.45,28.45,200,2022-06-16 18:58:00,EVBG
28.45,28.45,28.45,28.45,100,2022-06-16 18:59:00,EVBG
28.43,28.43,28.43,28.43,100,2022-06-16 19:00:00,EVBG
28.49,28.52,28.4823,28.505,888,2022-06-16 19:01:00,EVBG
28.61,28.61,28.61,28.61,100,2022-06-16 19:03:00,EVBG
28.615,28.64,28.61,28.61,809,2022-06-16 19:04:00,EVBG
28.6,28.6,28.59,28.6,700,2022-06-16 19:05:00,EVBG
28.575,28.645,28.575,28.645,576,2022-06-16 19:06:00,EVBG
28.64,28.64,28.6,28.61,329,2022-06-16 19:07:00,EVBG
28.56,28.6,28.56,28.59,300,2022-06-16 19:08:00,EVBG
28.6625,28.6625,28.66,28.66,300,2022-06-16 19:09:00,EVBG
28.72,28.85,28.71,28.76,6684,2022-06-16 19:10:00,EVBG
28.79,28.79,28.76,28.76,357,2022-06-16 19:11:00,EVBG
28.71,28.73,28.71,28.73,200,2022-06-16 19:12:00,EVBG
28.7,28.7219,28.61,28.61,1300,2022-06-16 19:13:00,EVBG
28.61,28.62,28.59,28.62,500,2022-06-16 19:14:00,EVBG
28.585,28.585,28.585,28.585,100,2022-06-16 19:15:00,EVBG
28.53,28.5707,28.53,28.5707,600,2022-06-16 19:16:00,EVBG
28.59,28.61,28.59,28.61,517,2022-06-16 19:17:00,EVBG
28.62,28.62,28.57,28.57,700,2022-06-16 19:18:00,EVBG
28.6,28.65,28.6,28.65,800,2022-06-16 19:19:00,EVBG
28.66,28.67,28.66,28.67,200,2022-06-16 19:20:00,EVBG
28.65,28.65,28.63,28.63,300,2022-06-16 19:21:00,EVBG
28.62,28.623,28.6,28.6,1851,2022-06-16 19:22:00,EVBG
28.6,28.62,28.6,28.6,1053,2022-06-16 19:23:00,EVBG
28.61,28.63,28.6,28.63,1445,2022-06-16 19:24:00,EVBG
28.6,28.63,28.58,28.595,1700,2022-06-16 19:25:00,EVBG
28.59,28.59,28.58,28.58,400,2022-06-16 19:26:00,EVBG
28.61,28.64,28.61,28.62,1157,2022-06-16 19:27:00,EVBG
28.625,28.63,28.625,28.63,390,2022-06-16 19:28:00,EVBG
28.59,28.59,28.53,28.53,900,2022-06-16 19:29:00,EVBG
28.53,28.53,28.46,28.48,3659,2022-06-16 19:30:00,EVBG
28.48,28.51,28.46,28.46,1700,2022-06-16 19:31:00,EVBG
28.48,28.48,28.37,28.37,1100,2022-06-16 19:32:00,EVBG
28.4,28.47,28.4,28.4,1802,2022-06-16 19:33:00,EVBG
28.48,28.48,28.4,28.4,1839,2022-06-16 19:34:00,EVBG
28.38,28.38,28.38,28.38,100,2022-06-16 19:35:00,EVBG
28.41,28.41,28.4,28.4,600,2022-06-16 19:36:00,EVBG
28.42,28.449,28.42,28.43,1013,2022-06-16 19:37:00,EVBG
28.42,28.42,28.37,28.415,2050,2022-06-16 19:38:00,EVBG
28.41,28.4395,28.41,28.4395,350,2022-06-16 19:39:00,EVBG
28.44,28.503,28.44,28.49,2600,2022-06-16 19:40:00,EVBG
28.48,28.48,28.47,28.48,800,2022-06-16 19:41:00,EVBG
28.45,28.45,28.4,28.4,1300,2022-06-16 19:42:00,EVBG
28.39,28.41,28.38,28.405,600,2022-06-16 19:43:00,EVBG
28.36,28.4,28.36,28.39,546,2022-06-16 19:44:00,EVBG
28.38,28.38,28.36,28.36,1299,2022-06-16 19:45:00,EVBG
28.375,28.375,28.33,28.33,1300,2022-06-16 19:46:00,EVBG
28.34,28.37,28.33,28.34,1300,2022-06-16 19:47:00,EVBG
28.34,28.37,28.33,28.33,2177,2022-06-16 19:48:00,EVBG
28.335,28.335,28.3,28.32,7800,2022-06-16 19:49:00,EVBG
28.33,28.45,28.33,28.42,3875,2022-06-16 19:50:00,EVBG
28.43,28.44,28.395,28.395,1535,2022-06-16 19:51:00,EVBG
28.38,28.49,28.38,28.48,4071,2022-06-16 19:52:00,EVBG
28.485,28.5,28.45,28.46,3501,2022-06-16 19:53:00,EVBG
28.48,28.51,28.46,28.51,2310,2022-06-16 19:54:00,EVBG
28.51,28.5145,28.49,28.5,3975,2022-06-16 19:55:00,EVBG
28.49,28.57,28.48,28.565,6214,2022-06-16 19:56:00,EVBG
28.55,28.57,28.54,28.56,2688,2022-06-16 19:57:00,EVBG
28.57,28.63,28.57,28.62,3365,2022-06-16 19:58:00,EVBG
28.615,28.63,28.56,28.61,7190,2022-06-16 19:59:00,EVBG
28.59,28.59,28.59,28.59,59721,2022-06-16 20:00:00,EVBG
28.85,29.22,28.47,29.22,6527,2022-06-17 13:30:00,EVBG
29.26,29.26,29.2581,29.2581,537,2022-06-17 13:32:00,EVBG
29.39,29.44,29.32,29.33,2943,2022-06-17 13:33:00,EVBG
29.29,29.3325,29.26,29.26,1400,2022-06-17 13:34:00,EVBG
29.31,29.4,29.28,29.4,2690,2022-06-17 13:35:00,EVBG
29.27,29.27,29.1,29.1,400,2022-06-17 13:36:00,EVBG
29.01,29.11,28.97,29.02,2036,2022-06-17 13:37:00,EVBG
29.035,29.05,28.97,29.05,1888,2022-06-17 13:38:00,EVBG
29.13,29.16,29.12,29.14,700,2022-06-17 13:40:00,EVBG
29.295,29.295,29.295,29.295,100,2022-06-17 13:41:00,EVBG
29.45,29.48,29.45,29.48,400,2022-06-17 13:42:00,EVBG
29.48,29.61,29.48,29.61,500,2022-06-17 13:43:00,EVBG
29.65,29.65,29.65,29.65,100,2022-06-17 13:44:00,EVBG
29.65,29.74,29.65,29.74,206,2022-06-17 13:46:00,EVBG
29.76,29.77,29.68,29.68,600,2022-06-17 13:47:00,EVBG
29.63,29.67,29.63,29.67,200,2022-06-17 13:48:00,EVBG
29.83,29.83,29.76,29.8,505,2022-06-17 13:49:00,EVBG
29.98,30.16,29.98,30.15,4799,2022-06-17 13:50:00,EVBG
30.09,30.09,30.01,30.01,700,2022-06-17 13:51:00,EVBG
30.01,30.13,30.01,30.07,3400,2022-06-17 13:52:00,EVBG
30.1932,30.26,30.115,30.26,500,2022-06-17 13:53:00,EVBG
30.228,30.228,30.07,30.07,2335,2022-06-17 13:54:00,EVBG
30.11,30.13,30.07,30.08,1200,2022-06-17 13:55:00,EVBG
30.06,30.06,30.06,30.06,100,2022-06-17 13:56:00,EVBG
30.06,30.06,30.05,30.05,900,2022-06-17 13:57:00,EVBG
30.0,30.0,30.0,30.0,100,2022-06-17 13:58:00,EVBG
30.16,30.19,30.16,30.18,407,2022-06-17 13:59:00,EVBG
30.1,30.1,29.93,29.975,1100,2022-06-17 14:01:00,EVBG
29.915,29.98,29.915,29.98,201,2022-06-17 14:02:00,EVBG
29.95,29.95,29.905,29.905,200,2022-06-17 14:04:00,EVBG
29.99,29.99,29.93,29.93,300,2022-06-17 14:05:00,EVBG
30.03,30.03,30.03,30.03,100,2022-06-17 14:06:00,EVBG
30.01,30.03,29.95,29.95,400,2022-06-17 14:07:00,EVBG
30.0,30.0,30.0,30.0,107,2022-06-17 14:08:00,EVBG
29.92,29.96,29.83,29.83,1310,2022-06-17 14:09:00,EVBG
29.81,29.81,29.77,29.81,300,2022-06-17 14:10:00,EVBG
29.72,29.76,29.72,29.76,200,2022-06-17 14:11:00,EVBG
29.72,29.74,29.72,29.74,1000,2022-06-17 14:12:00,EVBG
29.695,29.695,29.485,29.485,671,2022-06-17 14:13:00,EVBG
29.54,29.57,29.5,29.5,400,2022-06-17 14:15:00,EVBG
29.46,29.46,29.41,29.41,700,2022-06-17 14:16:00,EVBG
29.44,29.44,29.34,29.34,400,2022-06-17 14:17:00,EVBG
29.36,29.37,29.36,29.37,200,2022-06-17 14:18:00,EVBG
29.42,29.42,29.42,29.42,100,2022-06-17 14:19:00,EVBG
29.22,29.22,29.18,29.205,700,2022-06-17 14:20:00,EVBG
29.22,29.27,29.22,29.26,600,2022-06-17 14:21:00,EVBG
29.24,29.2501,29.24,29.2501,2400,2022-06-17 14:23:00,EVBG
29.31,29.33,29.25,29.28,1600,2022-06-17 14:24:00,EVBG
29.31,29.37,29.31,29.37,300,2022-06-17 14:25:00,EVBG
29.42,29.48,29.42,29.44,1500,2022-06-17 14:26:00,EVBG
29.43,29.43,29.43,29.43,300,2022-06-17 14:27:00,EVBG
29.39,29.4,29.38,29.38,600,2022-06-17 14:28:00,EVBG
29.43,29.43,29.43,29.43,100,2022-06-17 14:29:00,EVBG
29.505,29.53,29.505,29.53,300,2022-06-17 14:30:00,EVBG
29.48,29.48,29.48,29.48,800,2022-06-17 14:31:00,EVBG
29.46,29.56,29.46,29.56,1104,2022-06-17 14:32:00,EVBG
29.53,29.53,29.48,29.48,500,2022-06-17 14:33:00,EVBG
29.45,29.45,29.43,29.43,800,2022-06-17 14:34:00,EVBG
29.39,29.39,29.38,29.38,900,2022-06-17 14:35:00,EVBG
29.305,29.305,29.305,29.305,100,2022-06-17 14:36:00,EVBG
29.37,29.45,29.36,29.45,800,2022-06-17 14:37:00,EVBG
29.53,29.61,29.53,29.61,200,2022-06-17 14:38:00,EVBG
29.57,29.57,29.56,29.56,900,2022-06-17 14:40:00,EVBG
29.54,29.58,29.54,29.57,800,2022-06-17 14:41:00,EVBG
29.55,29.57,29.53,29.56,900,2022-06-17 14:43:00,EVBG
29.59,29.59,29.53,29.53,700,2022-06-17 14:45:00,EVBG
29.51,29.52,29.49,29.49,400,2022-06-17 14:46:00,EVBG
29.475,29.5,29.475,29.5,500,2022-06-17 14:47:00,EVBG
29.44,29.44,29.44,29.44,400,2022-06-17 14:48:00,EVBG
29.43,29.45,29.4,29.45,1233,2022-06-17 14:49:00,EVBG
29.395,29.395,29.395,29.395,100,2022-06-17 14:50:00,EVBG
29.38,29.41,29.38,29.38,500,2022-06-17 14:51:00,EVBG
29.4,29.4,29.4,29.4,200,2022-06-17 14:52:00,EVBG
29.36,29.36,29.36,29.36,100,2022-06-17 14:53:00,EVBG
29.4,29.44,29.37,29.41,1205,2022-06-17 14:55:00,EVBG
29.45,29.5,29.45,29.5,200,2022-06-17 14:56:00,EVBG
29.46,29.475,29.46,29.475,400,2022-06-17 14:57:00,EVBG
29.44,29.44,29.345,29.345,2300,2022-06-17 14:58:00,EVBG
29.3,29.35,29.3,29.35,200,2022-06-17 14:59:00,EVBG
29.34,29.34,29.2293,29.28,1096,2022-06-17 15:00:00,EVBG
29.21,29.28,29.21,29.28,700,2022-06-17 15:01:00,EVBG
29.485,29.49,29.485,29.49,12421,2022-06-17 15:02:00,EVBG
29.47,29.54,29.45,29.505,1100,2022-06-17 15:03:00,EVBG
29.52,29.53,29.49,29.49,700,2022-06-17 15:04:00,EVBG
29.445,29.49,29.445,29.48,600,2022-06-17 15:05:00,EVBG
29.44,29.51,29.44,29.49,600,2022-06-17 15:06:00,EVBG
29.51,29.53,29.51,29.53,400,2022-06-17 15:07:00,EVBG
29.61,29.61,29.61,29.61,200,2022-06-17 15:08:00,EVBG
29.64,29.75,29.64,29.75,800,2022-06-17 15:09:00,EVBG
29.77,29.77,29.71,29.72,300,2022-06-17 15:10:00,EVBG
29.72,29.72,29.72,29.72,200,2022-06-17 15:11:00,EVBG
29.69,29.69,29.59,29.61,1000,2022-06-17 15:12:00,EVBG
29.57,29.58,29.56,29.56,321,2022-06-17 15:14:00,EVBG
29.55,29.57,29.5,29.5,1596,2022-06-17 15:15:00,EVBG
29.54,29.64,29.54,29.64,800,2022-06-17 15:16:00,EVBG
29.72,29.72,29.72,29.72,100,2022-06-17 15:17:00,EVBG
29.7,29.7,29.64,29.7,801,2022-06-17 15:18:00,EVBG
29.75,29.75,29.75,29.75,100,2022-06-17 15:19:00,EVBG
29.65,29.665,29.65,29.665,233,2022-06-17 15:20:00,EVBG
29.62,29.66,29.58,29.615,700,2022-06-17 15:22:00,EVBG
29.605,29.605,29.605,29.605,100,2022-06-17 15:23:00,EVBG
29.64,29.64,29.62,29.62,200,2022-06-17 15:24:00,EVBG
29.58,29.58,29.55,29.55,724,2022-06-17 15:25:00,EVBG
29.58,29.64,29.565,29.64,618,2022-06-17 15:26:00,EVBG
29.71,29.73,29.71,29.72,300,2022-06-17 15:27:00,EVBG
29.695,29.745,29.685,29.745,400,2022-06-17 15:28:00,EVBG
29.76,29.76,29.74,29.74,300,2022-06-17 15:29:00,EVBG
29.79,29.79,29.79,29.79,100,2022-06-17 15:30:00,EVBG
29.785,29.85,29.785,29.85,200,2022-06-17 15:31:00,EVBG
29.82,29.82,29.82,29.82,100,2022-06-17 15:32:00,EVBG
29.77,29.775,29.735,29.735,700,2022-06-17 15:33:00,EVBG
29.7,29.7,29.7,29.7,202,2022-06-17 15:35:00,EVBG
29.65,29.655,29.64,29.64,300,2022-06-17 15:36:00,EVBG
29.68,29.69,29.66,29.69,306,2022-06-17 15:37:00,EVBG
29.67,29.675,29.67,29.675,200,2022-06-17 15:38:00,EVBG
29.66,29.66,29.65,29.65,200,2022-06-17 15:39:00,EVBG
29.66,29.71,29.66,29.71,707,2022-06-17 15:40:00,EVBG
29.72,29.72,29.72,29.72,100,2022-06-17 15:41:00,EVBG
29.7,29.7,29.68,29.68,400,2022-06-17 15:42:00,EVBG
29.71,29.71,29.71,29.71,100,2022-06-17 15:43:00,EVBG
29.7,29.74,29.68,29.68,1000,2022-06-17 15:44:00,EVBG
29.66,29.7,29.65,29.675,700,2022-06-17 15:45:00,EVBG
29.74,29.74,29.74,29.74,128,2022-06-17 15:46:00,EVBG
29.83,29.84,29.83,29.84,200,2022-06-17 15:47:00,EVBG
29.9,29.9,29.9,29.9,100,2022-06-17 15:48:00,EVBG
29.89,29.92,29.89,29.91,521,2022-06-17 15:49:00,EVBG
29.895,29.895,29.84,29.84,642,2022-06-17 15:50:00,EVBG
29.8,29.8,29.71,29.71,200,2022-06-17 15:51:00,EVBG
29.75,29.755,29.72,29.755,600,2022-06-17 15:52:00,EVBG
29.805,29.805,29.805,29.805,100,2022-06-17 15:53:00,EVBG
29.8,29.8,29.8,29.8,100,2022-06-17 15:54:00,EVBG
29.815,29.815,29.81,29.81,10223,2022-06-17 15:55:00,EVBG
29.83,29.855,29.81,29.855,400,2022-06-17 15:56:00,EVBG
29.82,29.94,29.81,29.94,426,2022-06-17 15:57:00,EVBG
29.88,29.88,29.84,29.84,800,2022-06-17 15:58:00,EVBG
29.84,29.89,29.84,29.84,800,2022-06-17 15:59:00,EVBG
29.82,29.82,29.79,29.79,800,2022-06-17 16:00:00,EVBG
29.82,29.82,29.77,29.77,900,2022-06-17 16:02:00,EVBG
29.74,29.76,29.74,29.76,300,2022-06-17 16:03:00,EVBG
29.765,29.765,29.73,29.73,382,2022-06-17 16:04:00,EVBG
29.7,29.76,29.7,29.76,900,2022-06-17 16:06:00,EVBG
29.775,29.775,29.775,29.775,300,2022-06-17 16:07:00,EVBG
29.78,29.785,29.78,29.785,307,2022-06-17 16:08:00,EVBG
29.79,29.79,29.78,29.78,521,2022-06-17 16:09:00,EVBG
29.8286,29.83,29.81,29.83,806,2022-06-17 16:10:00,EVBG
29.79,29.79,29.79,29.79,400,2022-06-17 16:11:00,EVBG
29.805,29.83,29.805,29.83,200,2022-06-17 16:12:00,EVBG
29.83,29.85,29.83,29.85,700,2022-06-17 16:13:00,EVBG
29.85,29.88,29.85,29.88,500,2022-06-17 16:14:00,EVBG
29.85,29.88,29.85,29.88,300,2022-06-17 16:16:00,EVBG
29.85,29.85,29.83,29.84,621,2022-06-17 16:17:00,EVBG
29.82,29.82,29.82,29.82,100,2022-06-17 16:18:00,EVBG
29.83,29.83,29.83,29.83,100,2022-06-17 16:19:00,EVBG
29.795,29.795,29.795,29.795,100,2022-06-17 16:20:00,EVBG
29.82,29.82,29.81,29.81,200,2022-06-17 16:21:00,EVBG
29.81,29.81,29.81,29.81,100,2022-06-17 16:22:00,EVBG
29.815,29.875,29.815,29.875,200,2022-06-17 16:23:00,EVBG
29.865,29.865,29.865,29.865,100,2022-06-17 16:24:00,EVBG
29.88,29.88,29.88,29.88,200,2022-06-17 16:25:00,EVBG
29.88,29.88,29.88,29.88,100,2022-06-17 16:26:00,EVBG
29.88,29.94,29.88,29.94,857,2022-06-17 16:27:00,EVBG
29.945,29.945,29.945,29.945,100,2022-06-17 16:28:00,EVBG
29.945,29.96,29.94,29.96,500,2022-06-17 16:29:00,EVBG
29.96,29.96,29.95,29.95,400,2022-06-17 16:30:00,EVBG
29.92,29.93,29.92,29.92,300,2022-06-17 16:31:00,EVBG
29.96,29.965,29.96,29.965,300,2022-06-17 16:32:00,EVBG
29.975,30.01,29.975,30.01,850,2022-06-17 16:33:00,EVBG
30.0,30.0,29.97,29.98,858,2022-06-17 16:36:00,EVBG
29.97,29.97,29.97,29.97,200,2022-06-17 16:37:00,EVBG
30.0,30.04,30.0,30.02,407,2022-06-17 16:38:00,EVBG
30.05,30.05,30.05,30.05,100,2022-06-17 16:39:00,EVBG
30.045,30.045,30.045,30.045,174,2022-06-17 16:40:00,EVBG
30.06,30.06,30.06,30.06,100,2022-06-17 16:41:00,EVBG
30.04,30.055,30.04,30.04,400,2022-06-17 16:42:00,EVBG
30.03,30.03,30.005,30.005,500,2022-06-17 16:43:00,EVBG
30.035,30.08,30.035,30.08,300,2022-06-17 16:44:00,EVBG
30.06,30.07,30.045,30.07,300,2022-06-17 16:45:00,EVBG
30.02,30.0342,30.02,30.0342,323,2022-06-17 16:46:00,EVBG
30.065,30.065,30.065,30.065,100,2022-06-17 16:47:00,EVBG
30.07,30.07,30.03,30.03,550,2022-06-17 16:48:00,EVBG
30.07,30.07,30.05,30.05,500,2022-06-17 16:50:00,EVBG
30.03,30.03,30.03,30.03,200,2022-06-17 16:51:00,EVBG
29.98,29.98,29.92,29.92,500,2022-06-17 16:52:00,EVBG
29.9,29.91,29.88,29.88,500,2022-06-17 16:54:00,EVBG
29.95,29.95,29.95,29.95,200,2022-06-17 16:55:00,EVBG
29.93,29.97,29.93,29.96,1194,2022-06-17 16:56:00,EVBG
29.955,29.955,29.955,29.955,100,2022-06-17 16:57:00,EVBG
29.96,29.96,29.96,29.96,100,2022-06-17 16:58:00,EVBG
29.985,29.985,29.985,29.985,100,2022-06-17 16:59:00,EVBG
29.97,30.0,29.97,30.0,400,2022-06-17 17:00:00,EVBG
30.01,30.07,30.01,30.06,700,2022-06-17 17:02:00,EVBG
30.05,30.08,30.05,30.08,400,2022-06-17 17:03:00,EVBG
30.08,30.08,30.08,30.08,100,2022-06-17 17:04:00,EVBG
30.05,30.05,30.05,30.05,100,2022-06-17 17:05:00,EVBG
30.055,30.055,30.055,30.055,100,2022-06-17 17:06:00,EVBG
30.08,30.16,30.08,30.16,600,2022-06-17 17:07:00,EVBG
30.1523,30.16,30.1523,30.16,298,2022-06-17 17:08:00,EVBG
30.15,30.22,30.15,30.22,500,2022-06-17 17:09:00,EVBG
30.18,30.21,30.18,30.21,898,2022-06-17 17:10:00,EVBG
30.3,30.3,30.29,30.29,404,2022-06-17 17:12:00,EVBG
30.39,30.39,30.36,30.36,200,2022-06-17 17:13:00,EVBG
30.33,30.33,30.31,30.31,1100,2022-06-17 17:14:00,EVBG
30.3,30.3,30.25,30.25,400,2022-06-17 17:15:00,EVBG
30.24,30.24,30.2,30.215,800,2022-06-17 17:16:00,EVBG
30.23,30.27,30.23,30.27,500,2022-06-17 17:17:00,EVBG
30.25,30.29,30.25,30.29,300,2022-06-17 17:18:00,EVBG
30.2883,30.2883,30.285,30.285,249,2022-06-17 17:19:00,EVBG
30.31,30.31,30.31,30.31,100,2022-06-17 17:20:00,EVBG
30.3205,30.4,30.3205,30.355,2263,2022-06-17 17:22:00,EVBG
30.382,30.382,30.37,30.37,643,2022-06-17 17:23:00,EVBG
30.39,30.42,30.39,30.395,400,2022-06-17 17:24:00,EVBG
30.45,30.45,30.38,30.38,400,2022-06-17 17:25:00,EVBG
30.38,30.38,30.27,30.285,900,2022-06-17 17:26:00,EVBG
30.29,30.29,30.27,30.27,200,2022-06-17 17:27:00,EVBG
30.245,30.245,30.245,30.245,100,2022-06-17 17:28:00,EVBG
30.245,30.245,30.23,30.23,300,2022-06-17 17:29:00,EVBG
30.26,30.27,30.26,30.27,200,2022-06-17 17:30:00,EVBG
30.29,30.31,30.27,30.27,303,2022-06-17 17:31:00,EVBG
30.24,30.24,30.23,30.235,621,2022-06-17 17:32:00,EVBG
30.26,30.26,30.245,30.245,300,2022-06-17 17:33:00,EVBG
30.28,30.31,30.275,30.31,500,2022-06-17 17:34:00,EVBG
30.34,30.34,30.34,30.34,100,2022-06-17 17:35:00,EVBG
30.295,30.34,30.295,30.34,200,2022-06-17 17:36:00,EVBG
30.31,30.31,30.31,30.31,200,2022-06-17 17:37:00,EVBG
30.25,30.25,30.24,30.2461,1051,2022-06-17 17:39:00,EVBG
30.245,30.245,30.245,30.245,100,2022-06-17 17:40:00,EVBG
30.25,30.27,30.25,30.27,200,2022-06-17 17:41:00,EVBG
30.2,30.2,30.2,30.2,200,2022-06-17 17:42:00,EVBG
30.18,30.19,30.01,30.01,21468,2022-06-17 17:43:00,EVBG
30.04,30.08,29.98,29.99,24089,2022-06-17 17:44:00,EVBG
30.0,30.09,29.95,29.96,19450,2022-06-17 17:45:00,EVBG
29.95,29.97,29.86,29.86,6006,2022-06-17 17:46:00,EVBG
29.86,29.89,29.77,29.86,15054,2022-06-17 17:47:00,EVBG
29.87,29.92,29.85,29.85,26269,2022-06-17 17:48:00,EVBG
29.85,29.905,29.82,29.86,9086,2022-06-17 17:49:00,EVBG
29.85,29.89,29.85,29.85,22063,2022-06-17 17:50:00,EVBG
29.85,29.86,29.815,29.815,6671,2022-06-17 17:51:00,EVBG
29.825,29.84,29.825,29.83,545,2022-06-17 17:52:00,EVBG
29.82,29.85,29.81,29.83,3868,2022-06-17 17:53:00,EVBG
29.82,29.86,29.82,29.86,800,2022-06-17 17:54:00,EVBG
29.86,30.0,29.83,29.995,3307,2022-06-17 17:55:00,EVBG
29.99,30.08,29.99,30.055,800,2022-06-17 17:56:00,EVBG
30.07,30.25,30.07,30.23,3439,2022-06-17 17:57:00,EVBG
30.285,30.31,30.23,30.27,4365,2022-06-17 17:58:00,EVBG
30.3,30.31,30.28,30.3,1040,2022-06-17 17:59:00,EVBG
30.3,30.355,30.3,30.33,3395,2022-06-17 18:00:00,EVBG
30.33,30.42,30.33,30.42,1800,2022-06-17 18:01:00,EVBG
30.415,30.45,30.41,30.415,1497,2022-06-17 18:02:00,EVBG
30.425,30.425,30.38,30.39,3710,2022-06-17 18:03:00,EVBG
30.395,30.44,30.395,30.43,822,2022-06-17 18:04:00,EVBG
30.44,30.48,30.44,30.48,6464,2022-06-17 18:05:00,EVBG
30.46,30.48,30.32,30.32,14771,2022-06-17 18:06:00,EVBG
30.31,30.31,30.31,30.31,200,2022-06-17 18:07:00,EVBG
30.27,30.27,30.12,30.12,7359,2022-06-17 18:08:00,EVBG
30.15,30.15,30.06,30.06,2617,2022-06-17 18:09:00,EVBG
30.04,30.14,30.04,30.1,1300,2022-06-17 18:10:00,EVBG
30.1,30.11,30.1,30.1,300,2022-06-17 18:12:00,EVBG
30.14,30.14,30.09,30.11,300,2022-06-17 18:13:00,EVBG
30.07,30.07,29.96,30.04,2100,2022-06-17 18:14:00,EVBG
30.01,30.02,29.95,30.0,1000,2022-06-17 18:15:00,EVBG
30.08,30.103,30.01,30.01,1958,2022-06-17 18:16:00,EVBG
29.99,29.99,29.99,29.99,183,2022-06-17 18:17:00,EVBG
30.02,30.03,30.015,30.015,300,2022-06-17 18:18:00,EVBG
30.04,30.04,30.04,30.04,100,2022-06-17 18:19:00,EVBG
30.04,30.06,30.04,30.04,602,2022-06-17 18:20:00,EVBG
30.05,30.1,30.05,30.1,656,2022-06-17 18:21:00,EVBG
30.075,30.1,30.07,30.07,628,2022-06-17 18:23:00,EVBG
30.065,30.065,30.02,30.03,900,2022-06-17 18:24:00,EVBG
30.0,30.0,29.99,30.0,400,2022-06-17 18:25:00,EVBG
30.03,30.07,30.03,30.07,997,2022-06-17 18:26:00,EVBG
30.08,30.09,30.07,30.07,1215,2022-06-17 18:27:00,EVBG
30.05,30.05,30.0,30.0,1100,2022-06-17 18:28:00,EVBG
29.99,30.01,29.99,30.01,752,2022-06-17 18:29:00,EVBG
29.98,29.98,29.93,29.93,700,2022-06-17 18:30:00,EVBG
29.89,29.96,29.89,29.96,1807,2022-06-17 18:31:00,EVBG
29.95,29.95,29.92,29.95,900,2022-06-17 18:33:00,EVBG
29.95,30.02,29.95,30.02,1621,2022-06-17 18:34:00,EVBG
30.0,30.0,30.0,30.0,300,2022-06-17 18:35:00,EVBG
29.99,30.0,29.98,30.0,998,2022-06-17 18:36:00,EVBG
30.04,30.05,30.03,30.04,794,2022-06-17 18:37:00,EVBG
30.04,30.05,30.04,30.05,700,2022-06-17 18:38:00,EVBG
30.07,30.13,30.07,30.13,1036,2022-06-17 18:39:00,EVBG
30.15,30.19,30.15,30.18,900,2022-06-17 18:40:00,EVBG
30.18,30.18,30.125,30.135,13400,2022-06-17 18:41:00,EVBG
30.13,30.13,30.105,30.12,599,2022-06-17 18:42:00,EVBG
30.115,30.16,30.1,30.1,900,2022-06-17 18:43:00,EVBG
30.1,30.1,30.05,30.05,800,2022-06-17 18:44:00,EVBG
30.06,30.06,30.03,30.03,400,2022-06-17 18:45:00,EVBG
30.02,30.07,30.02,30.07,1400,2022-06-17 18:46:00,EVBG
30.07,30.105,30.07,30.1,1400,2022-06-17 18:47:00,EVBG
30.1,30.17,30.08,30.08,3320,2022-06-17 18:48:00,EVBG
30.1,30.13,30.085,30.09,2000,2022-06-17 18:49:00,EVBG
30.07,30.07,30.05,30.05,500,2022-06-17 18:50:00,EVBG
30.055,30.08,30.03,30.03,1400,2022-06-17 18:51:00,EVBG
30.04,30.08,30.04,30.05,2002,2022-06-17 18:52:00,EVBG
30.075,30.075,30.075,30.075,100,2022-06-17 18:54:00,EVBG
30.08,30.12,30.07,30.115,2400,2022-06-17 18:55:00,EVBG
30.115,30.13,30.05,30.07,1743,2022-06-17 18:57:00,EVBG
30.06,30.08,30.06,30.08,200,2022-06-17 18:58:00,EVBG
30.08,30.08,30.07,30.07,200,2022-06-17 18:59:00,EVBG
30.09,30.1,30.08,30.09,1603,2022-06-17 19:00:00,EVBG
30.06,30.07,30.04,30.065,800,2022-06-17 19:01:00,EVBG
30.08,30.11,30.08,30.1,4333,2022-06-17 19:02:00,EVBG
30.1,30.1,30.055,30.055,400,2022-06-17 19:03:00,EVBG
30.04,30.04,30.02,30.02,800,2022-06-17 19:04:00,EVBG
30.04,30.04,30.04,30.04,200,2022-06-17 19:05:00,EVBG
30.01,30.04,29.99,30.04,1700,2022-06-17 19:06:00,EVBG
30.04,30.04,30.04,30.04,100,2022-06-17 19:07:00,EVBG
30.06,30.06,30.02,30.02,784,2022-06-17 19:08:00,EVBG
30.03,30.03,30.0,30.0,400,2022-06-17 19:09:00,EVBG
30.02,30.02,30.01,30.01,300,2022-06-17 19:10:00,EVBG
29.99,30.01,29.96,29.96,1500,2022-06-17 19:11:00,EVBG
29.95,29.95,29.84,29.84,2610,2022-06-17 19:12:00,EVBG
29.86,29.9,29.84,29.87,3750,2022-06-17 19:13:00,EVBG
29.9,29.94,29.9,29.93,400,2022-06-17 19:14:00,EVBG
29.9,29.92,29.9,29.91,700,2022-06-17 19:15:00,EVBG
29.905,29.905,29.905,29.905,204,2022-06-17 19:16:00,EVBG
29.905,29.98,29.9,29.98,1189,2022-06-17 19:17:00,EVBG
30.0,30.05,29.97,30.05,1481,2022-06-17 19:18:00,EVBG
30.025,30.025,30.02,30.02,200,2022-06-17 19:19:00,EVBG
30.04,30.09,30.04,30.065,1100,2022-06-17 19:20:00,EVBG
30.065,30.115,30.065,30.105,3000,2022-06-17 19:21:00,EVBG
30.09,30.09,29.99,29.99,4618,2022-06-17 19:22:00,EVBG
30.0,30.0,29.95,30.0,1900,2022-06-17 19:23:00,EVBG
29.99,30.005,29.96,30.005,1678,2022-06-17 19:24:00,EVBG
30.005,30.01,29.98,29.985,2500,2022-06-17 19:25:00,EVBG
29.985,30.02,29.985,29.99,2531,2022-06-17 19:26:00,EVBG
30.0,30.02,30.0,30.0,300,2022-06-17 19:27:00,EVBG
29.99,30.0,29.985,30.0,762,2022-06-17 19:28:00,EVBG
30.01,30.01,29.965,29.98,2622,2022-06-17 19:29:00,EVBG
29.98,29.98,29.925,29.93,2007,2022-06-17 19:30:00,EVBG
29.93,29.93,29.88,29.88,2700,2022-06-17 19:31:00,EVBG
29.87,29.925,29.85,29.925,2900,2022-06-17 19:32:00,EVBG
29.925,29.925,29.845,29.85,1318,2022-06-17 19:33:00,EVBG
29.84,29.84,29.83,29.84,1207,2022-06-17 19:34:00,EVBG
29.85,29.88,29.83,29.83,2400,2022-06-17 19:35:00,EVBG
29.855,29.87,29.81,29.8125,1600,2022-06-17 19:36:00,EVBG
29.8,29.8,29.74,29.789,2100,2022-06-17 19:37:00,EVBG
29.785,29.785,29.74,29.755,1673,2022-06-17 19:38:00,EVBG
29.77,29.77,29.74,29.76,300,2022-06-17 19:39:00,EVBG
29.74,29.74,29.68,29.695,2902,2022-06-17 19:40:00,EVBG
29.695,29.71,29.67,29.695,3776,2022-06-17 19:41:00,EVBG
29.69,29.719,29.69,29.71,800,2022-06-17 19:42:00,EVBG
29.729,29.729,29.69,29.69,1295,2022-06-17 19:43:00,EVBG
29.67,29.68,29.66,29.66,2100,2022-06-17 19:44:00,EVBG
29.68,29.68,29.665,29.67,3699,2022-06-17 19:45:00,EVBG
29.67,29.71,29.665,29.68,2400,2022-06-17 19:46:00,EVBG
29.69,29.69,29.63,29.65,3600,2022-06-17 19:47:00,EVBG
29.62,29.643,29.59,29.6,5004,2022-06-17 19:48:00,EVBG
29.63,29.65,29.63,29.65,500,2022-06-17 19:49:00,EVBG
29.7,29.83,29.675,29.805,2859,2022-06-17 19:50:00,EVBG
29.82,29.92,29.79,29.87,6410,2022-06-17 19:51:00,EVBG
29.85,29.85,29.65,29.67,11915,2022-06-17 19:52:00,EVBG
29.71,29.76,29.68,29.72,6484,2022-06-17 19:53:00,EVBG
29.73,29.73,29.585,29.59,18194,2022-06-17 19:54:00,EVBG
29.58,29.66,29.56,29.61,16899,2022-06-17 19:55:00,EVBG
29.62,29.63,29.52,29.535,21959,2022-06-17 19:56:00,EVBG
29.52,29.55,29.485,29.525,25496,2022-06-17 19:57:00,EVBG
29.54,29.57,29.51,29.52,16949,2022-06-17 19:58:00,EVBG
29.52,29.54,29.48,29.49,39369,2022-06-17 19:59:00,EVBG
29.52,29.52,29.52,29.52,412682,2022-06-17 20:00:00,EVBG
29.52,29.52,29.52,29.52,194993,2022-06-17 20:02:00,EVBG
29.75,30.54,29.75,30.54,21340,2022-06-21 13:30:00,EVBG
30.58,30.58,30.58,30.58,100,2022-06-21 13:31:00,EVBG
30.33,30.49,30.28,30.49,2500,2022-06-21 13:32:00,EVBG
30.37,30.43,30.28,30.43,1500,2022-06-21 13:33:00,EVBG
30.28,30.44,30.25,30.39,4381,2022-06-21 13:34:00,EVBG
30.48,30.67,30.48,30.61,1300,2022-06-21 13:35:00,EVBG
30.73,30.73,30.43,30.43,1400,2022-06-21 13:36:00,EVBG
30.25,30.32,30.22,30.25,1400,2022-06-21 13:38:00,EVBG
30.19,30.265,30.16,30.26,13928,2022-06-21 13:39:00,EVBG
30.26,30.44,30.21,30.44,5176,2022-06-21 13:40:00,EVBG
30.46,30.46,30.34,30.34,1000,2022-06-21 13:41:00,EVBG
30.25,30.25,30.17,30.2,1400,2022-06-21 13:42:00,EVBG
30.22,30.245,30.22,30.24,700,2022-06-21 13:43:00,EVBG
30.32,30.32,30.255,30.265,800,2022-06-21 13:44:00,EVBG
30.14,30.14,30.11,30.115,500,2022-06-21 13:45:00,EVBG
30.05,30.05,29.99,29.99,200,2022-06-21 13:46:00,EVBG
29.945,30.1,29.87,30.08,1700,2022-06-21 13:47:00,EVBG
30.03,30.12,30.03,30.08,2100,2022-06-21 13:48:00,EVBG
30.02,30.02,29.88,29.88,500,2022-06-21 13:49:00,EVBG
29.92,29.99,29.92,29.99,500,2022-06-21 13:50:00,EVBG
30.03,30.08,30.03,30.08,200,2022-06-21 13:51:00,EVBG
30.13,30.17,30.13,30.155,1399,2022-06-21 13:52:00,EVBG
30.17,30.24,30.17,30.19,1900,2022-06-21 13:53:00,EVBG
30.13,30.13,30.13,30.13,100,2022-06-21 13:54:00,EVBG
30.14,30.15,30.14,30.15,738,2022-06-21 13:55:00,EVBG
30.15,30.185,30.09,30.185,1000,2022-06-21 13:56:00,EVBG
30.21,30.21,30.16,30.19,2300,2022-06-21 13:57:00,EVBG
30.14,30.16,30.14,30.14,1206,2022-06-21 13:58:00,EVBG
30.1489,30.24,30.145,30.22,4200,2022-06-21 13:59:00,EVBG
30.23,30.28,30.23,30.28,1070,2022-06-21 14:00:00,EVBG
30.37,30.39,30.18,30.18,2416,2022-06-21 14:01:00,EVBG
30.21,30.22,30.17,30.195,1559,2022-06-21 14:02:00,EVBG
30.16,30.28,30.16,30.2,2100,2022-06-21 14:03:00,EVBG
30.2,30.315,30.2,30.29,1879,2022-06-21 14:04:00,EVBG
30.29,30.37,30.28,30.37,2223,2022-06-21 14:05:00,EVBG
30.345,30.345,30.225,30.23,1100,2022-06-21 14:06:00,EVBG
30.17,30.22,30.17,30.22,600,2022-06-21 14:07:00,EVBG
30.2,30.2,30.15,30.16,2000,2022-06-21 14:08:00,EVBG
30.12,30.12,30.07,30.07,500,2022-06-21 14:09:00,EVBG
30.085,30.11,30.06,30.06,400,2022-06-21 14:10:00,EVBG
30.09,30.195,30.09,30.17,603,2022-06-21 14:11:00,EVBG
30.15,30.175,30.135,30.175,600,2022-06-21 14:12:00,EVBG
30.21,30.21,30.145,30.145,300,2022-06-21 14:13:00,EVBG
30.15,30.27,30.15,30.27,500,2022-06-21 14:14:00,EVBG
30.24,30.24,30.19,30.19,1000,2022-06-21 14:15:00,EVBG
30.24,30.3,30.24,30.29,622,2022-06-21 14:17:00,EVBG
30.285,30.285,30.23,30.25,600,2022-06-21 14:20:00,EVBG
30.28,30.3,30.28,30.3,200,2022-06-21 14:21:00,EVBG
30.37,30.42,30.36,30.38,1469,2022-06-21 14:22:00,EVBG
30.34,30.35,30.34,30.35,400,2022-06-21 14:23:00,EVBG
30.46,30.46,30.46,30.46,100,2022-06-21 14:25:00,EVBG
30.445,30.445,30.42,30.44,400,2022-06-21 14:26:00,EVBG
30.41,30.45,30.38,30.45,500,2022-06-21 14:27:00,EVBG
30.34,30.38,30.34,30.355,300,2022-06-21 14:28:00,EVBG
30.355,30.355,30.33,30.33,400,2022-06-21 14:29:00,EVBG
30.36,30.39,30.36,30.39,400,2022-06-21 14:30:00,EVBG
30.39,30.39,30.32,30.32,400,2022-06-21 14:31:00,EVBG
30.35,30.48,30.35,30.48,1300,2022-06-21 14:32:00,EVBG
30.475,30.5,30.47,30.47,800,2022-06-21 14:33:00,EVBG
30.44,30.44,30.38,30.38,200,2022-06-21 14:34:00,EVBG
30.29,30.29,30.27,30.27,300,2022-06-21 14:35:00,EVBG
30.28,30.28,30.28,30.28,302,2022-06-21 14:36:00,EVBG
30.23,30.23,30.23,30.23,200,2022-06-21 14:37:00,EVBG
30.24,30.24,30.24,30.24,100,2022-06-21 14:38:00,EVBG
30.235,30.27,30.2,30.2,800,2022-06-21 14:40:00,EVBG
30.2,30.235,30.19,30.23,600,2022-06-21 14:41:00,EVBG
30.24,30.25,30.24,30.25,500,2022-06-21 14:42:00,EVBG
30.26,30.26,30.24,30.24,600,2022-06-21 14:43:00,EVBG
30.2,30.2,30.19,30.19,200,2022-06-21 14:44:00,EVBG
30.23,30.23,30.18,30.18,200,2022-06-21 14:45:00,EVBG
30.205,30.24,30.205,30.23,400,2022-06-21 14:46:00,EVBG
30.17,30.22,30.16,30.22,880,2022-06-21 14:47:00,EVBG
30.213,30.24,30.213,30.23,700,2022-06-21 14:48:00,EVBG
30.21,30.21,30.21,30.21,100,2022-06-21 14:49:00,EVBG
30.42,30.44,30.42,30.44,300,2022-06-21 14:51:00,EVBG
30.45,30.47,30.45,30.46,900,2022-06-21 14:52:00,EVBG
30.5,30.55,30.48,30.48,804,2022-06-21 14:53:00,EVBG
30.505,30.505,30.505,30.505,100,2022-06-21 14:54:00,EVBG
30.51,30.51,30.51,30.51,100,2022-06-21 14:55:00,EVBG
30.49,30.51,30.49,30.51,200,2022-06-21 14:56:00,EVBG
30.6,30.6,30.6,30.6,100,2022-06-21 14:57:00,EVBG
30.58,30.58,30.57,30.57,514,2022-06-21 14:58:00,EVBG
30.55,30.55,30.54,30.54,300,2022-06-21 14:59:00,EVBG
30.47,30.47,30.44,30.44,300,2022-06-21 15:01:00,EVBG
30.44,30.49,30.435,30.49,500,2022-06-21 15:02:00,EVBG
30.59,30.59,30.5675,30.5675,500,2022-06-21 15:04:00,EVBG
30.53,30.54,30.52,30.54,996,2022-06-21 15:05:00,EVBG
30.52,30.52,30.5,30.51,505,2022-06-21 15:06:00,EVBG
30.49,30.49,30.47,30.47,200,2022-06-21 15:07:00,EVBG
30.48,30.48,30.47,30.47,200,2022-06-21 15:08:00,EVBG
30.48,30.49,30.48,30.49,200,2022-06-21 15:09:00,EVBG
30.5,30.5,30.5,30.5,300,2022-06-21 15:10:00,EVBG
30.5,30.5,30.5,30.5,100,2022-06-21 15:11:00,EVBG
30.47,30.49,30.43,30.49,500,2022-06-21 15:12:00,EVBG
30.49,30.52,30.49,30.495,2356,2022-06-21 15:13:00,EVBG
30.48,30.48,30.44,30.475,1622,2022-06-21 15:14:00,EVBG
30.455,30.49,30.455,30.49,2644,2022-06-21 15:15:00,EVBG
30.49,30.49,30.46,30.475,400,2022-06-21 15:16:00,EVBG
30.46,30.46,30.46,30.46,200,2022-06-21 15:17:00,EVBG
30.46,30.485,30.46,30.485,700,2022-06-21 15:18:00,EVBG
30.51,30.52,30.4775,30.49,1302,2022-06-21 15:19:00,EVBG
30.495,30.53,30.485,30.485,1300,2022-06-21 15:20:00,EVBG
30.47,30.47,30.4,30.43,700,2022-06-21 15:21:00,EVBG
30.445,30.445,30.365,30.365,699,2022-06-21 15:22:00,EVBG
30.39,30.39,30.39,30.39,300,2022-06-21 15:23:00,EVBG
30.31,30.31,30.3,30.31,400,2022-06-21 15:24:00,EVBG
30.35,30.35,30.35,30.35,200,2022-06-21 15:25:00,EVBG
30.4,30.42,30.4,30.42,400,2022-06-21 15:26:00,EVBG
30.38,30.38,30.35,30.35,400,2022-06-21 15:28:00,EVBG
30.35,30.35,30.35,30.35,100,2022-06-21 15:29:00,EVBG
30.32,30.36,30.32,30.33,300,2022-06-21 15:30:00,EVBG
30.33,30.35,30.324,30.33,700,2022-06-21 15:31:00,EVBG
30.3,30.33,30.3,30.33,300,2022-06-21 15:32:00,EVBG
30.27,30.27,30.245,30.245,200,2022-06-21 15:33:00,EVBG
30.205,30.205,30.15,30.15,400,2022-06-21 15:34:00,EVBG
30.17,30.17,30.165,30.165,300,2022-06-21 15:36:00,EVBG
30.14,30.17,30.14,30.15,2000,2022-06-21 15:37:00,EVBG
30.12,30.15,30.12,30.15,778,2022-06-21 15:38:00,EVBG
30.04,30.04,30.04,30.04,300,2022-06-21 15:41:00,EVBG
30.08,30.08,30.08,30.08,300,2022-06-21 15:42:00,EVBG
30.04,30.04,30.01,30.01,900,2022-06-21 15:44:00,EVBG
30.025,30.025,30.0,30.0,300,2022-06-21 15:45:00,EVBG
29.9899,30.0589,29.9899,30.02,6760,2022-06-21 15:46:00,EVBG
30.06,30.06,30.06,30.06,100,2022-06-21 15:47:00,EVBG
30.055,30.055,30.03,30.03,300,2022-06-21 15:48:00,EVBG
30.06,30.068,30.06,30.068,350,2022-06-21 15:49:00,EVBG
30.07,30.07,30.06,30.06,200,2022-06-21 15:50:00,EVBG
30.02,30.04,30.02,30.04,400,2022-06-21 15:51:00,EVBG
30.03,30.03,30.0,30.02,2215,2022-06-21 15:52:00,EVBG
30.0,30.0,29.98,29.98,1700,2022-06-21 15:53:00,EVBG
29.98,29.98,29.98,29.98,100,2022-06-21 15:54:00,EVBG
29.99,29.99,29.99,29.99,400,2022-06-21 15:55:00,EVBG
30.02,30.035,30.01,30.035,300,2022-06-21 15:56:00,EVBG
30.02,30.02,30.02,30.02,100,2022-06-21 15:57:00,EVBG
29.98,29.98,29.97,29.97,400,2022-06-21 15:58:00,EVBG
29.98,29.98,29.96,29.96,1290,2022-06-21 15:59:00,EVBG
29.98,29.98,29.98,29.98,300,2022-06-21 16:00:00,EVBG
29.99,30.03,29.98,29.98,400,2022-06-21 16:01:00,EVBG
30.03,30.08,30.03,30.08,600,2022-06-21 16:02:00,EVBG
30.075,30.075,30.075,30.075,200,2022-06-21 16:03:00,EVBG
30.11,30.11,30.11,30.11,200,2022-06-21 16:04:00,EVBG
30.08,30.08,30.07,30.07,300,2022-06-21 16:06:00,EVBG
30.065,30.08,30.065,30.08,400,2022-06-21 16:07:00,EVBG
30.07,30.07,30.07,30.07,100,2022-06-21 16:08:00,EVBG
30.05,30.05,30.04,30.04,1119,2022-06-21 16:09:00,EVBG
30.06,30.08,30.06,30.08,900,2022-06-21 16:10:00,EVBG
30.07,30.08,30.06,30.08,700,2022-06-21 16:11:00,EVBG
30.08,30.105,30.08,30.105,300,2022-06-21 16:12:00,EVBG
30.13,30.13,30.13,30.13,100,2022-06-21 16:13:00,EVBG
30.135,30.17,30.135,30.17,200,2022-06-21 16:14:00,EVBG
30.2,30.25,30.19,30.2,800,2022-06-21 16:16:00,EVBG
30.21,30.21,30.21,30.21,100,2022-06-21 16:17:00,EVBG
30.2,30.2,30.18,30.18,500,2022-06-21 16:18:00,EVBG
30.18,30.2,30.18,30.195,600,2022-06-21 16:19:00,EVBG
30.19,30.2,30.1,30.1,2600,2022-06-21 16:20:00,EVBG
30.05,30.08,30.05,30.08,600,2022-06-21 16:21:00,EVBG
30.05,30.05,30.05,30.05,300,2022-06-21 16:23:00,EVBG
30.04,30.04,30.02,30.02,500,2022-06-21 16:24:00,EVBG
30.025,30.04,30.025,30.04,400,2022-06-21 16:25:00,EVBG
30.04,30.04,29.99,29.99,800,2022-06-21 16:26:00,EVBG
29.97,30.025,29.97,30.025,700,2022-06-21 16:27:00,EVBG
30.0,30.01,30.0,30.0,500,2022-06-21 16:28:00,EVBG
29.97,29.98,29.96,29.96,500,2022-06-21 16:29:00,EVBG
29.94,29.94,29.93,29.93,200,2022-06-21 16:30:00,EVBG
29.97,29.97,29.95,29.95,679,2022-06-21 16:31:00,EVBG
29.94,29.96,29.94,29.96,200,2022-06-21 16:32:00,EVBG
30.0,30.0,30.0,30.0,100,2022-06-21 16:33:00,EVBG
30.025,30.025,30.01,30.01,1900,2022-06-21 16:34:00,EVBG
30.0,30.0,30.0,30.0,200,2022-06-21 16:35:00,EVBG
29.99,29.99,29.97,29.97,400,2022-06-21 16:36:00,EVBG
30.01,30.04,30.01,30.04,300,2022-06-21 16:37:00,EVBG
30.05,30.05,30.035,30.035,200,2022-06-21 16:39:00,EVBG
30.08,30.08,30.03,30.03,500,2022-06-21 16:40:00,EVBG
30.065,30.065,30.065,30.065,100,2022-06-21 16:41:00,EVBG
30.05,30.05,30.05,30.05,100,2022-06-21 16:43:00,EVBG
30.06,30.06,30.06,30.06,200,2022-06-21 16:45:00,EVBG
30.075,30.075,30.04,30.04,480,2022-06-21 16:47:00,EVBG
30.11,30.11,30.11,30.11,403,2022-06-21 16:50:00,EVBG
30.115,30.115,30.115,30.115,100,2022-06-21 16:51:00,EVBG
30.1,30.1,30.09,30.09,700,2022-06-21 16:52:00,EVBG
30.08,30.08,30.08,30.08,300,2022-06-21 16:53:00,EVBG
30.065,30.08,30.065,30.075,300,2022-06-21 16:54:00,EVBG
30.09,30.09,30.09,30.09,100,2022-06-21 16:55:00,EVBG
30.1,30.1,30.07,30.07,500,2022-06-21 16:56:00,EVBG
30.065,30.065,30.065,30.065,100,2022-06-21 16:57:00,EVBG
30.05,30.05,30.03,30.03,600,2022-06-21 16:59:00,EVBG
30.0,30.0,29.995,29.995,300,2022-06-21 17:00:00,EVBG
29.98,29.98,29.98,29.98,400,2022-06-21 17:02:00,EVBG
29.95,29.95,29.95,29.95,100,2022-06-21 17:03:00,EVBG
29.96,29.965,29.95,29.965,700,2022-06-21 17:04:00,EVBG
29.92,29.92,29.895,29.895,400,2022-06-21 17:05:00,EVBG
29.91,29.92,29.895,29.9,800,2022-06-21 17:06:00,EVBG
29.93,29.93,29.93,29.93,400,2022-06-21 17:07:00,EVBG
29.915,29.915,29.86,29.88,400,2022-06-21 17:08:00,EVBG
29.89,29.91,29.89,29.9,400,2022-06-21 17:09:00,EVBG
29.915,29.93,29.915,29.93,200,2022-06-21 17:10:00,EVBG
29.955,29.955,29.955,29.955,144,2022-06-21 17:11:00,EVBG
29.93,29.93,29.89,29.89,900,2022-06-21 17:12:00,EVBG
29.92,29.92,29.92,29.92,100,2022-06-21 17:13:00,EVBG
29.91,29.92,29.91,29.92,200,2022-06-21 17:14:00,EVBG
29.89,29.89,29.89,29.89,408,2022-06-21 17:15:00,EVBG
29.9,29.9,29.88,29.88,300,2022-06-21 17:16:00,EVBG
29.88,29.88,29.86,29.86,695,2022-06-21 17:17:00,EVBG
29.86,29.86,29.86,29.86,124,2022-06-21 17:18:00,EVBG
29.815,29.815,29.815,29.815,100,2022-06-21 17:19:00,EVBG
29.84,29.84,29.84,29.84,100,2022-06-21 17:20:00,EVBG
29.85,29.875,29.85,29.875,561,2022-06-21 17:22:00,EVBG
29.85,29.85,29.84,29.84,300,2022-06-21 17:23:00,EVBG
29.835,29.835,29.83,29.83,200,2022-06-21 17:24:00,EVBG
29.82,29.82,29.79,29.82,851,2022-06-21 17:25:00,EVBG
29.83,29.85,29.825,29.85,500,2022-06-21 17:27:00,EVBG
29.86,29.86,29.83,29.85,400,2022-06-21 17:29:00,EVBG
29.86,29.86,29.86,29.86,200,2022-06-21 17:30:00,EVBG
29.9,29.9,29.9,29.9,200,2022-06-21 17:31:00,EVBG
29.9,29.9,29.9,29.9,200,2022-06-21 17:33:00,EVBG
29.92,29.94,29.92,29.94,426,2022-06-21 17:34:00,EVBG
29.93,29.93,29.93,29.93,100,2022-06-21 17:36:00,EVBG
29.955,29.955,29.955,29.955,100,2022-06-21 17:37:00,EVBG
29.95,29.95,29.9,29.91,1000,2022-06-21 17:38:00,EVBG
29.89,29.89,29.89,29.89,200,2022-06-21 17:39:00,EVBG
29.86,29.86,29.83,29.83,600,2022-06-21 17:40:00,EVBG
29.825,29.825,29.825,29.825,1500,2022-06-21 17:41:00,EVBG
29.82,29.82,29.82,29.82,200,2022-06-21 17:43:00,EVBG
29.835,29.835,29.835,29.835,100,2022-06-21 17:44:00,EVBG
29.84,29.84,29.84,29.84,200,2022-06-21 17:45:00,EVBG
29.8,29.8,29.78,29.78,200,2022-06-21 17:46:00,EVBG
29.8,29.81,29.8,29.81,300,2022-06-21 17:47:00,EVBG
29.808,29.84,29.7801,29.84,748,2022-06-21 17:49:00,EVBG
29.815,29.815,29.79,29.79,700,2022-06-21 17:51:00,EVBG
29.78,29.78,29.78,29.78,104,2022-06-21 17:52:00,EVBG
29.78,29.78,29.78,29.78,200,2022-06-21 17:53:00,EVBG
29.77,29.77,29.75,29.75,399,2022-06-21 17:55:00,EVBG
29.76,29.76,29.74,29.74,500,2022-06-21 17:56:00,EVBG
29.73,29.73,29.7,29.7,600,2022-06-21 17:57:00,EVBG
29.68,29.71,29.6603,29.71,1219,2022-06-21 17:58:00,EVBG
29.73,29.735,29.72,29.735,400,2022-06-21 17:59:00,EVBG
29.71,29.71,29.7,29.7,200,2022-06-21 18:00:00,EVBG
29.715,29.715,29.68,29.68,1600,2022-06-21 18:01:00,EVBG
29.68,29.7,29.68,29.69,951,2022-06-21 18:02:00,EVBG
29.69,29.69,29.63,29.64,1119,2022-06-21 18:03:00,EVBG
29.61,29.61,29.61,29.61,200,2022-06-21 18:04:00,EVBG
29.58,29.58,29.565,29.565,200,2022-06-21 18:07:00,EVBG
29.61,29.62,29.59,29.59,1000,2022-06-21 18:08:00,EVBG
29.58,29.62,29.57,29.62,400,2022-06-21 18:09:00,EVBG
29.58,29.63,29.58,29.61,875,2022-06-21 18:10:00,EVBG
29.585,29.62,29.585,29.5963,300,2022-06-21 18:12:00,EVBG
29.57,29.575,29.56,29.575,400,2022-06-21 18:13:00,EVBG
29.5,29.53,29.49,29.53,966,2022-06-21 18:15:00,EVBG
29.51,29.51,29.47,29.5,415,2022-06-21 18:16:00,EVBG
29.516,29.52,29.516,29.52,537,2022-06-21 18:17:00,EVBG
29.5,29.5,29.5,29.5,100,2022-06-21 18:18:00,EVBG
29.5,29.5,29.5,29.5,100,2022-06-21 18:19:00,EVBG
29.48,29.48,29.48,29.48,100,2022-06-21 18:20:00,EVBG
29.4601,29.4601,29.4601,29.4601,388,2022-06-21 18:21:00,EVBG
29.475,29.49,29.475,29.48,300,2022-06-21 18:22:00,EVBG
29.495,29.495,29.49,29.49,300,2022-06-21 18:23:00,EVBG
29.47,29.47,29.44,29.44,602,2022-06-21 18:24:00,EVBG
29.45,29.45,29.43,29.43,516,2022-06-21 18:25:00,EVBG
29.4,29.4,29.4,29.4,100,2022-06-21 18:26:00,EVBG
29.37,29.425,29.37,29.41,700,2022-06-21 18:29:00,EVBG
29.44,29.44,29.44,29.44,200,2022-06-21 18:31:00,EVBG
29.46,29.46,29.44,29.44,200,2022-06-21 18:32:00,EVBG
29.4299,29.4299,29.4299,29.4299,100,2022-06-21 18:34:00,EVBG
29.39,29.42,29.39,29.42,400,2022-06-21 18:35:00,EVBG
29.41,29.42,29.41,29.42,200,2022-06-21 18:36:00,EVBG
29.39,29.39,29.38,29.38,607,2022-06-21 18:37:00,EVBG
29.41,29.41,29.39,29.39,500,2022-06-21 18:38:00,EVBG
29.36,29.4,29.36,29.39,500,2022-06-21 18:39:00,EVBG
29.36,29.48,29.36,29.46,1400,2022-06-21 18:40:00,EVBG
29.46,29.46,29.46,29.46,100,2022-06-21 18:41:00,EVBG
29.43,29.43,29.43,29.43,100,2022-06-21 18:42:00,EVBG
29.43,29.43,29.43,29.43,1230,2022-06-21 18:43:00,EVBG
29.47,29.48,29.47,29.475,300,2022-06-21 18:44:00,EVBG
29.45,29.45,29.42,29.43,500,2022-06-21 18:45:00,EVBG
29.41,29.41,29.39,29.4,700,2022-06-21 18:46:00,EVBG
29.39,29.41,29.39,29.41,400,2022-06-21 18:47:00,EVBG
29.4155,29.4155,29.39,29.39,248,2022-06-21 18:48:00,EVBG
29.35,29.35,29.35,29.35,100,2022-06-21 18:49:00,EVBG
29.36,29.375,29.36,29.36,547,2022-06-21 18:51:00,EVBG
29.34,29.34,29.34,29.34,100,2022-06-21 18:52:00,EVBG
29.385,29.385,29.385,29.385,100,2022-06-21 18:53:00,EVBG
29.45,29.45,29.45,29.45,100,2022-06-21 18:55:00,EVBG
29.47,29.48,29.45,29.46,700,2022-06-21 18:56:00,EVBG
29.45,29.45,29.425,29.425,400,2022-06-21 18:57:00,EVBG
29.41,29.41,29.3814,29.39,795,2022-06-21 18:58:00,EVBG
29.38,29.38,29.37,29.37,200,2022-06-21 18:59:00,EVBG
29.33,29.37,29.33,29.36,700,2022-06-21 19:00:00,EVBG
29.39,29.39,29.38,29.39,300,2022-06-21 19:01:00,EVBG
29.38,29.38,29.36,29.36,300,2022-06-21 19:02:00,EVBG
29.355,29.355,29.355,29.355,200,2022-06-21 19:03:00,EVBG
29.34,29.34,29.29,29.3,1531,2022-06-21 19:04:00,EVBG
29.3,29.3,29.3,29.3,100,2022-06-21 19:06:00,EVBG
29.305,29.33,29.305,29.33,300,2022-06-21 19:07:00,EVBG
29.36,29.36,29.34,29.36,300,2022-06-21 19:08:00,EVBG
29.345,29.37,29.345,29.37,1545,2022-06-21 19:09:00,EVBG
29.38,29.42,29.37,29.42,372,2022-06-21 19:10:00,EVBG
29.39,29.405,29.365,29.405,785,2022-06-21 19:12:00,EVBG
29.41,29.42,29.4,29.41,849,2022-06-21 19:13:00,EVBG
29.41,29.41,29.41,29.41,100,2022-06-21 19:14:00,EVBG
29.421,29.425,29.421,29.425,200,2022-06-21 19:15:00,EVBG
29.45,29.48,29.45,29.4774,447,2022-06-21 19:16:00,EVBG
29.46,29.46,29.44,29.44,1110,2022-06-21 19:17:00,EVBG
29.45,29.46,29.401,29.401,1352,2022-06-21 19:18:00,EVBG
29.43,29.43,29.41,29.41,921,2022-06-21 19:19:00,EVBG
29.41,29.42,29.38,29.38,865,2022-06-21 19:20:00,EVBG
29.3833,29.39,29.36,29.37,3269,2022-06-21 19:21:00,EVBG
29.35,29.35,29.34,29.34,200,2022-06-21 19:22:00,EVBG
29.32,29.32,29.27,29.27,1500,2022-06-21 19:23:00,EVBG
29.28,29.29,29.28,29.28,670,2022-06-21 19:24:00,EVBG
29.29,29.29,29.21,29.2123,2553,2022-06-21 19:25:00,EVBG
29.19,29.21,29.19,29.19,500,2022-06-21 19:26:00,EVBG
29.21,29.24,29.19,29.21,5920,2022-06-21 19:27:00,EVBG
29.24,29.25,29.21,29.25,585,2022-06-21 19:28:00,EVBG
29.25,29.25,29.2,29.215,1501,2022-06-21 19:29:00,EVBG
29.2534,29.2534,29.2,29.2,527,2022-06-21 19:30:00,EVBG
29.185,29.19,29.16,29.16,802,2022-06-21 19:31:00,EVBG
29.155,29.155,29.155,29.155,100,2022-06-21 19:32:00,EVBG
29.18,29.18,29.18,29.18,100,2022-06-21 19:33:00,EVBG
29.18,29.18,29.15,29.15,695,2022-06-21 19:34:00,EVBG
29.12,29.12,29.06,29.06,2182,2022-06-21 19:35:00,EVBG
29.06,29.06,29.05,29.05,200,2022-06-21 19:36:00,EVBG
29.03,29.03,29.03,29.03,100,2022-06-21 19:37:00,EVBG
29.03,29.04,29.03,29.04,1400,2022-06-21 19:38:00,EVBG
29.04,29.04,29.035,29.035,300,2022-06-21 19:39:00,EVBG
29.05,29.06,29.05,29.05,1100,2022-06-21 19:40:00,EVBG
29.04,29.04,29.02,29.02,1234,2022-06-21 19:41:00,EVBG
29.04,29.05,29.015,29.03,1371,2022-06-21 19:42:00,EVBG
29.05,29.05,29.03,29.03,500,2022-06-21 19:43:00,EVBG
29.02,29.04,29.01,29.02,1538,2022-06-21 19:44:00,EVBG
29.0147,29.025,29.0147,29.02,1022,2022-06-21 19:45:00,EVBG
29.005,29.005,29.0,29.0,700,2022-06-21 19:46:00,EVBG
29.0,29.02,29.0,29.0,1705,2022-06-21 19:47:00,EVBG
29.0,29.0,28.96,28.97,3700,2022-06-21 19:48:00,EVBG
28.95,28.95,28.91,28.915,2777,2022-06-21 19:49:00,EVBG
28.92,29.015,28.92,28.965,5514,2022-06-21 19:50:00,EVBG
28.965,28.965,28.93,28.94,3197,2022-06-21 19:51:00,EVBG
28.95,28.98,28.945,28.965,3801,2022-06-21 19:52:00,EVBG
28.96,29.0,28.95,29.0,3537,2022-06-21 19:53:00,EVBG
29.0,29.0,28.96,28.99,9661,2022-06-21 19:54:00,EVBG
28.99,28.99,28.92,28.94,4601,2022-06-21 19:55:00,EVBG
28.935,28.94,28.91,28.92,3414,2022-06-21 19:56:00,EVBG
28.92,28.92,28.91,28.915,3117,2022-06-21 19:57:00,EVBG
28.915,28.93,28.91,28.92,4511,2022-06-21 19:58:00,EVBG
28.93,28.94,28.92,28.93,11785,2022-06-21 19:59:00,EVBG
28.94,28.94,28.94,28.94,82196,2022-06-21 20:00:00,EVBG
28.94,28.94,28.94,28.94,3218,2022-06-21 20:02:00,EVBG
28.4,28.4,28.4,28.4,500,2022-06-22 12:24:00,EVBG
28.2,28.2,28.2,28.2,480,2022-06-22 12:39:00,EVBG
28.55,28.56,28.55,28.56,246,2022-06-22 13:25:00,EVBG
28.68,28.97,28.2567,28.77,14768,2022-06-22 13:30:00,EVBG
28.75,28.78,28.74,28.78,500,2022-06-22 13:31:00,EVBG
28.7647,29.08,28.7647,29.08,826,2022-06-22 13:32:00,EVBG
29.08,29.13,29.08,29.13,1100,2022-06-22 13:33:00,EVBG
29.21,29.21,29.04,29.1,1500,2022-06-22 13:34:00,EVBG
29.105,29.1725,29.105,29.115,1700,2022-06-22 13:35:00,EVBG
29.1,29.175,29.06,29.175,3000,2022-06-22 13:36:00,EVBG
29.16,29.215,29.1,29.1,2131,2022-06-22 13:37:00,EVBG
29.125,29.125,29.07,29.07,700,2022-06-22 13:38:00,EVBG
29.19,29.19,29.05,29.05,400,2022-06-22 13:39:00,EVBG
29.11,29.17,29.105,29.17,6858,2022-06-22 13:40:00,EVBG
29.195,29.195,29.13,29.13,1400,2022-06-22 13:42:00,EVBG
29.13,29.13,28.95,28.95,1400,2022-06-22 13:43:00,EVBG
28.97,29.25,28.97,29.25,1200,2022-06-22 13:44:00,EVBG
29.205,29.26,29.17,29.19,6494,2022-06-22 13:45:00,EVBG
29.11,29.17,29.11,29.17,600,2022-06-22 13:47:00,EVBG
29.18,29.21,29.085,29.13,2123,2022-06-22 13:48:00,EVBG
29.14,29.14,29.14,29.14,100,2022-06-22 13:49:00,EVBG
29.11,29.11,29.01,29.01,500,2022-06-22 13:50:00,EVBG
29.005,29.005,29.005,29.005,104,2022-06-22 13:51:00,EVBG
29.0929,29.0929,29.0929,29.0929,100,2022-06-22 13:52:00,EVBG
29.12,29.23,29.12,29.23,300,2022-06-22 13:53:00,EVBG
29.25,29.45,29.25,29.39,900,2022-06-22 13:54:00,EVBG
29.46,29.55,29.4,29.55,800,2022-06-22 13:55:00,EVBG
29.6,29.6,29.53,29.565,2100,2022-06-22 13:57:00,EVBG
29.56,29.56,29.56,29.56,100,2022-06-22 13:58:00,EVBG
29.73,29.73,29.73,29.73,100,2022-06-22 13:59:00,EVBG
29.63,29.63,29.61,29.61,500,2022-06-22 14:00:00,EVBG
29.58,29.6,29.55,29.59,900,2022-06-22 14:01:00,EVBG
29.58,29.595,29.49,29.49,1300,2022-06-22 14:02:00,EVBG
29.545,29.7,29.51,29.6,1200,2022-06-22 14:03:00,EVBG
29.62,29.62,29.58,29.62,1500,2022-06-22 14:04:00,EVBG
29.57,29.57,29.53,29.53,400,2022-06-22 14:05:00,EVBG
29.53,29.59,29.53,29.54,1200,2022-06-22 14:06:00,EVBG
29.585,29.63,29.585,29.63,2219,2022-06-22 14:07:00,EVBG
29.655,29.68,29.61,29.63,1005,2022-06-22 14:08:00,EVBG
29.62,29.63,29.6,29.63,1408,2022-06-22 14:09:00,EVBG
29.63,29.66,29.62,29.65,1500,2022-06-22 14:10:00,EVBG
29.61,29.62,29.56,29.56,4805,2022-06-22 14:11:00,EVBG
29.53,29.55,29.53,29.55,200,2022-06-22 14:12:00,EVBG
29.55,29.575,29.53,29.57,1726,2022-06-22 14:13:00,EVBG
29.59,29.805,29.56,29.69,33287,2022-06-22 14:14:00,EVBG
29.69,29.82,29.67,29.79,19947,2022-06-22 14:15:00,EVBG
29.75,29.75,29.63,29.69,2289,2022-06-22 14:16:00,EVBG
29.63,29.72,29.61,29.72,600,2022-06-22 14:17:00,EVBG
29.705,29.75,29.58,29.61,4500,2022-06-22 14:18:00,EVBG
29.52,29.58,29.52,29.58,200,2022-06-22 14:19:00,EVBG
29.58,29.58,29.5,29.5,2800,2022-06-22 14:20:00,EVBG
29.5,29.6,29.5,29.55,7054,2022-06-22 14:22:00,EVBG
29.5916,29.715,29.57,29.715,9831,2022-06-22 14:23:00,EVBG
29.68,29.69,29.65,29.68,7895,2022-06-22 14:24:00,EVBG
29.78,29.9,29.77,29.9,14000,2022-06-22 14:25:00,EVBG
29.91,29.93,29.91,29.93,853,2022-06-22 14:26:00,EVBG
29.94,29.98,29.86,29.86,4234,2022-06-22 14:27:00,EVBG
29.91,29.915,29.91,29.915,300,2022-06-22 14:28:00,EVBG
29.925,30.02,29.915,30.02,3500,2022-06-22 14:29:00,EVBG
30.05,30.1,30.02,30.02,935,2022-06-22 14:30:00,EVBG
30.04,30.11,30.04,30.06,900,2022-06-22 14:31:00,EVBG
30.05,30.13,30.0,30.13,3130,2022-06-22 14:32:00,EVBG
30.18,30.18,30.18,30.18,300,2022-06-22 14:33:00,EVBG
30.18,30.24,30.18,30.23,1300,2022-06-22 14:34:00,EVBG
30.225,30.225,30.13,30.135,2363,2022-06-22 14:35:00,EVBG
30.165,30.2,30.165,30.1901,701,2022-06-22 14:36:00,EVBG
30.22,30.3,30.22,30.3,600,2022-06-22 14:37:00,EVBG
30.315,30.32,30.3,30.305,600,2022-06-22 14:39:00,EVBG
30.3,30.31,30.28,30.31,1400,2022-06-22 14:40:00,EVBG
30.32,30.32,30.3,30.315,400,2022-06-22 14:41:00,EVBG
30.28,30.28,30.275,30.275,300,2022-06-22 14:42:00,EVBG
30.27,30.29,30.26,30.26,800,2022-06-22 14:43:00,EVBG
30.25,30.25,30.1803,30.25,3500,2022-06-22 14:44:00,EVBG
30.23,30.23,30.16,30.16,2328,2022-06-22 14:45:00,EVBG
30.1,30.1,30.0,30.0,400,2022-06-22 14:46:00,EVBG
29.995,30.02,29.995,30.02,400,2022-06-22 14:47:00,EVBG
30.0,30.03,29.975,30.02,3059,2022-06-22 14:48:00,EVBG
30.04,30.155,30.025,30.155,1438,2022-06-22 14:49:00,EVBG
30.13,30.2,30.1,30.2,4812,2022-06-22 14:50:00,EVBG
30.22,30.24,30.18,30.24,2120,2022-06-22 14:51:00,EVBG
30.29,30.35,30.29,30.35,200,2022-06-22 14:53:00,EVBG
30.35,30.35,30.35,30.35,200,2022-06-22 14:54:00,EVBG
30.37,30.37,30.37,30.37,200,2022-06-22 14:55:00,EVBG
30.38,30.45,30.38,30.43,700,2022-06-22 14:56:00,EVBG
30.435,30.435,30.435,30.435,100,2022-06-22 14:57:00,EVBG
30.4,30.42,30.4,30.42,908,2022-06-22 14:58:00,EVBG
30.435,30.435,30.385,30.42,1300,2022-06-22 15:00:00,EVBG
30.38,30.38,30.27,30.28,2125,2022-06-22 15:01:00,EVBG
30.29,30.31,30.27,30.31,500,2022-06-22 15:02:00,EVBG
30.32,30.33,30.32,30.33,900,2022-06-22 15:03:00,EVBG
30.34,30.4,30.34,30.4,300,2022-06-22 15:04:00,EVBG
30.42,30.425,30.41,30.41,800,2022-06-22 15:05:00,EVBG
30.47,30.47,30.47,30.47,156,2022-06-22 15:06:00,EVBG
30.47,30.47,30.47,30.47,100,2022-06-22 15:07:00,EVBG
30.44,30.445,30.41,30.42,1800,2022-06-22 15:08:00,EVBG
30.39,30.39,30.37,30.37,300,2022-06-22 15:09:00,EVBG
30.34,30.34,30.33,30.33,200,2022-06-22 15:12:00,EVBG
30.3,30.3,30.26,30.29,1600,2022-06-22 15:13:00,EVBG
30.28,30.28,30.26,30.26,600,2022-06-22 15:14:00,EVBG
30.24,30.36,30.24,30.36,2300,2022-06-22 15:15:00,EVBG
30.38,30.38,30.375,30.375,300,2022-06-22 15:17:00,EVBG
30.4,30.42,30.32,30.37,2554,2022-06-22 15:18:00,EVBG
30.35,30.35,30.32,30.32,300,2022-06-22 15:20:00,EVBG
30.275,30.33,30.275,30.29,1500,2022-06-22 15:21:00,EVBG
30.3,30.42,30.3,30.385,1400,2022-06-22 15:22:00,EVBG
30.43,30.43,30.43,30.43,100,2022-06-22 15:23:00,EVBG
30.43,30.44,30.43,30.44,771,2022-06-22 15:24:00,EVBG
30.435,30.46,30.42,30.42,3200,2022-06-22 15:25:00,EVBG
30.445,30.445,30.4,30.425,1800,2022-06-22 15:26:00,EVBG
30.435,30.47,30.4,30.435,7269,2022-06-22 15:27:00,EVBG
30.42,30.42,30.4,30.41,1300,2022-06-22 15:28:00,EVBG
30.415,30.44,30.39,30.405,1700,2022-06-22 15:29:00,EVBG
30.405,30.42,30.4,30.4,1579,2022-06-22 15:30:00,EVBG
30.42,30.43,30.4,30.43,5200,2022-06-22 15:31:00,EVBG
30.41,30.425,30.39,30.39,2800,2022-06-22 15:32:00,EVBG
30.41,30.42,30.41,30.42,500,2022-06-22 15:33:00,EVBG
30.38,30.38,30.38,30.38,600,2022-06-22 15:34:00,EVBG
30.365,30.365,30.35,30.35,500,2022-06-22 15:36:00,EVBG
30.33,30.33,30.29,30.29,1200,2022-06-22 15:39:00,EVBG
30.305,30.305,30.255,30.255,700,2022-06-22 15:40:00,EVBG
30.24,30.25,30.19,30.23,2881,2022-06-22 15:41:00,EVBG
30.24,30.26,30.24,30.26,600,2022-06-22 15:42:00,EVBG
30.28,30.28,30.28,30.28,200,2022-06-22 15:43:00,EVBG
30.28,30.29,30.14,30.14,1200,2022-06-22 15:44:00,EVBG
30.06,30.07,30.02,30.02,1200,2022-06-22 15:46:00,EVBG
29.89,30.005,29.89,30.0,1500,2022-06-22 15:48:00,EVBG
30.02,30.04,30.015,30.04,500,2022-06-22 15:49:00,EVBG
30.04,30.041,30.04,30.04,892,2022-06-22 15:50:00,EVBG
30.045,30.06,30.03,30.06,1536,2022-06-22 15:51:00,EVBG
30.0931,30.0931,30.0401,30.06,1866,2022-06-22 15:52:00,EVBG
30.04,30.04,29.95,29.95,1454,2022-06-22 15:53:00,EVBG
29.93,29.93,29.93,29.93,494,2022-06-22 15:56:00,EVBG
29.93,29.94,29.93,29.94,300,2022-06-22 15:57:00,EVBG
29.84,29.86,29.84,29.86,200,2022-06-22 15:58:00,EVBG
29.84,29.84,29.835,29.835,200,2022-06-22 15:59:00,EVBG
29.85,29.88,29.85,29.88,397,2022-06-22 16:00:00,EVBG
29.93,29.965,29.93,29.965,300,2022-06-22 16:02:00,EVBG
29.89,29.89,29.86,29.88,1900,2022-06-22 16:04:00,EVBG
29.84,29.85,29.83,29.85,500,2022-06-22 16:06:00,EVBG
29.85,29.87,29.85,29.87,400,2022-06-22 16:07:00,EVBG
29.86,29.86,29.85,29.85,400,2022-06-22 16:08:00,EVBG
29.91,29.94,29.89,29.94,1100,2022-06-22 16:09:00,EVBG
29.93,29.93,29.93,29.93,600,2022-06-22 16:10:00,EVBG
29.91,29.91,29.85,29.86,2866,2022-06-22 16:11:00,EVBG
29.88,29.95,29.88,29.95,576,2022-06-22 16:12:00,EVBG
29.94,29.94,29.94,29.94,100,2022-06-22 16:13:00,EVBG
29.9,29.93,29.9,29.93,400,2022-06-22 16:14:00,EVBG
29.95,29.95,29.88,29.905,976,2022-06-22 16:15:00,EVBG
29.905,29.905,29.88,29.88,518,2022-06-22 16:16:00,EVBG
29.88,29.93,29.88,29.91,900,2022-06-22 16:17:00,EVBG
29.915,29.915,29.915,29.915,100,2022-06-22 16:18:00,EVBG
29.92,29.92,29.92,29.92,194,2022-06-22 16:19:00,EVBG
29.89,29.9,29.89,29.9,300,2022-06-22 16:20:00,EVBG
29.91,29.92,29.9,29.9,1000,2022-06-22 16:21:00,EVBG
29.905,29.91,29.9,29.91,400,2022-06-22 16:22:00,EVBG
29.91,29.9254,29.9,29.9,376,2022-06-22 16:23:00,EVBG
29.92,29.92,29.88,29.9,300,2022-06-22 16:24:00,EVBG
29.88,29.905,29.88,29.895,547,2022-06-22 16:25:00,EVBG
29.905,29.935,29.905,29.935,1300,2022-06-22 16:27:00,EVBG
29.965,29.97,29.94,29.94,2200,2022-06-22 16:28:00,EVBG
29.95,29.95,29.95,29.95,300,2022-06-22 16:30:00,EVBG
29.92,29.92,29.92,29.92,100,2022-06-22 16:31:00,EVBG
29.965,29.965,29.965,29.965,300,2022-06-22 16:32:00,EVBG
29.94,30.02,29.94,30.02,1100,2022-06-22 16:33:00,EVBG
30.0493,30.06,30.045,30.06,787,2022-06-22 16:34:00,EVBG
30.11,30.11,30.11,30.11,100,2022-06-22 16:35:00,EVBG
30.11,30.22,30.11,30.16,1500,2022-06-22 16:36:00,EVBG
30.19,30.2,30.18,30.18,676,2022-06-22 16:37:00,EVBG
30.17,30.18,30.16,30.18,300,2022-06-22 16:38:00,EVBG
30.21,30.22,30.21,30.22,500,2022-06-22 16:39:00,EVBG
30.24,30.27,30.24,30.27,532,2022-06-22 16:40:00,EVBG
30.29,30.29,30.23,30.235,1251,2022-06-22 16:41:00,EVBG
30.2346,30.24,30.22,30.22,600,2022-06-22 16:42:00,EVBG
30.24,30.27,30.24,30.27,600,2022-06-22 16:43:00,EVBG
30.28,30.28,30.25,30.26,1511,2022-06-22 16:45:00,EVBG
30.24,30.25,30.24,30.25,850,2022-06-22 16:46:00,EVBG
30.26,30.3,30.26,30.3,1369,2022-06-22 16:47:00,EVBG
30.275,30.275,30.25,30.25,1072,2022-06-22 16:48:00,EVBG
30.23,30.23,30.18,30.18,1100,2022-06-22 16:49:00,EVBG
30.2,30.21,30.16,30.16,800,2022-06-22 16:50:00,EVBG
30.16,30.19,30.16,30.19,700,2022-06-22 16:51:00,EVBG
30.2,30.22,30.2,30.22,700,2022-06-22 16:52:00,EVBG
30.21,30.21,30.21,30.21,100,2022-06-22 16:53:00,EVBG
30.2,30.213,30.2,30.213,800,2022-06-22 16:54:00,EVBG
30.22,30.22,30.19,30.19,600,2022-06-22 16:55:00,EVBG
30.18,30.19,30.17,30.18,600,2022-06-22 16:56:00,EVBG
30.2,30.2,30.2,30.2,600,2022-06-22 16:58:00,EVBG
30.21,30.27,30.21,30.27,1100,2022-06-22 16:59:00,EVBG
30.26,30.265,30.22,30.225,1800,2022-06-22 17:00:00,EVBG
30.2,30.2,30.18,30.19,800,2022-06-22 17:01:00,EVBG
30.17,30.17,30.11,30.12,400,2022-06-22 17:02:00,EVBG
30.12,30.13,30.12,30.13,400,2022-06-22 17:03:00,EVBG
30.14,30.16,30.14,30.16,300,2022-06-22 17:04:00,EVBG
30.17,30.17,30.17,30.17,100,2022-06-22 17:05:00,EVBG
30.18,30.18,30.18,30.18,250,2022-06-22 17:06:00,EVBG
30.19,30.19,30.19,30.19,100,2022-06-22 17:07:00,EVBG
30.19,30.2,30.16,30.16,400,2022-06-22 17:08:00,EVBG
30.16,30.16,30.16,30.16,100,2022-06-22 17:09:00,EVBG
30.16,30.19,30.16,30.18,700,2022-06-22 17:10:00,EVBG
30.2,30.2,30.17,30.17,627,2022-06-22 17:12:00,EVBG
30.2,30.2,30.2,30.2,700,2022-06-22 17:13:00,EVBG
30.19,30.19,30.15,30.15,3342,2022-06-22 17:15:00,EVBG
30.14,30.15,30.14,30.15,400,2022-06-22 17:16:00,EVBG
30.145,30.19,30.145,30.19,900,2022-06-22 17:17:00,EVBG
30.21,30.25,30.21,30.22,500,2022-06-22 17:18:00,EVBG
30.22,30.22,30.21,30.21,600,2022-06-22 17:20:00,EVBG
30.19,30.2,30.18,30.18,1000,2022-06-22 17:21:00,EVBG
30.18,30.18,30.18,30.18,200,2022-06-22 17:22:00,EVBG
30.17,30.17,30.14,30.15,1681,2022-06-22 17:23:00,EVBG
30.15,30.165,30.15,30.165,500,2022-06-22 17:24:00,EVBG
30.15,30.16,30.115,30.115,1884,2022-06-22 17:25:00,EVBG
30.12,30.14,30.115,30.14,1374,2022-06-22 17:26:00,EVBG
30.1466,30.1466,30.085,30.085,1100,2022-06-22 17:27:00,EVBG
30.07,30.07,30.04,30.04,300,2022-06-22 17:28:00,EVBG
30.05,30.05,30.05,30.05,100,2022-06-22 17:29:00,EVBG
30.01,30.04,30.0,30.04,1900,2022-06-22 17:31:00,EVBG
30.05,30.105,30.05,30.08,1712,2022-06-22 17:32:00,EVBG
30.08,30.08,30.07,30.08,928,2022-06-22 17:33:00,EVBG
30.07,30.07,30.05,30.05,1119,2022-06-22 17:34:00,EVBG
30.05,30.05,30.04,30.05,904,2022-06-22 17:35:00,EVBG
30.06,30.06,30.02,30.02,800,2022-06-22 17:36:00,EVBG
30.01,30.01,29.99,30.01,500,2022-06-22 17:37:00,EVBG
30.02,30.025,30.02,30.025,300,2022-06-22 17:38:00,EVBG
30.04,30.04,30.04,30.04,100,2022-06-22 17:39:00,EVBG
30.02,30.02,30.02,30.02,300,2022-06-22 17:41:00,EVBG
30.01,30.04,30.01,30.03,800,2022-06-22 17:42:00,EVBG
30.02,30.04,30.02,30.03,500,2022-06-22 17:43:00,EVBG
30.03,30.04,30.03,30.04,200,2022-06-22 17:44:00,EVBG
30.05,30.05,30.05,30.05,837,2022-06-22 17:45:00,EVBG
30.03,30.03,30.03,30.03,200,2022-06-22 17:46:00,EVBG
30.03,30.03,30.03,30.03,200,2022-06-22 17:47:00,EVBG
30.03,30.11,30.03,30.11,1600,2022-06-22 17:48:00,EVBG
30.135,30.15,30.13,30.13,1900,2022-06-22 17:49:00,EVBG
30.11,30.11,30.09,30.105,300,2022-06-22 17:50:00,EVBG
30.11,30.11,30.08,30.09,900,2022-06-22 17:51:00,EVBG
30.06,30.06,30.06,30.06,391,2022-06-22 17:52:00,EVBG
30.05,30.05,30.01,30.01,700,2022-06-22 17:53:00,EVBG
29.98,29.98,29.95,29.95,300,2022-06-22 17:54:00,EVBG
29.97,30.0,29.97,30.0,400,2022-06-22 17:55:00,EVBG
29.97,29.97,29.96,29.96,400,2022-06-22 17:56:00,EVBG
29.94,30.0,29.94,30.0,1900,2022-06-22 17:57:00,EVBG
30.0,30.0,30.0,30.0,200,2022-06-22 17:58:00,EVBG
30.01,30.02,30.01,30.02,797,2022-06-22 17:59:00,EVBG
30.05,30.05,30.05,30.05,100,2022-06-22 18:00:00,EVBG
30.06,30.06,30.04,30.04,403,2022-06-22 18:02:00,EVBG
30.05,30.07,30.05,30.07,400,2022-06-22 18:03:00,EVBG
30.07,30.08,30.04,30.04,887,2022-06-22 18:04:00,EVBG
30.06,30.06,30.06,30.06,100,2022-06-22 18:05:00,EVBG
30.067,30.1,30.067,30.09,700,2022-06-22 18:06:00,EVBG
30.11,30.14,30.11,30.13,400,2022-06-22 18:07:00,EVBG
30.09,30.15,30.09,30.143,700,2022-06-22 18:08:00,EVBG
30.11,30.11,30.11,30.11,100,2022-06-22 18:09:00,EVBG
30.1,30.13,30.1,30.13,498,2022-06-22 18:10:00,EVBG
30.12,30.13,30.1,30.11,1453,2022-06-22 18:11:00,EVBG
30.11,30.12,30.105,30.12,500,2022-06-22 18:12:00,EVBG
30.11,30.11,30.11,30.11,100,2022-06-22 18:13:00,EVBG
30.15,30.15,30.15,30.15,500,2022-06-22 18:14:00,EVBG
30.14,30.16,30.13,30.14,1800,2022-06-22 18:15:00,EVBG
30.14,30.14,30.14,30.14,300,2022-06-22 18:16:00,EVBG
30.15,30.15,30.1253,30.1253,200,2022-06-22 18:18:00,EVBG
30.12,30.12,30.1,30.1,745,2022-06-22 18:19:00,EVBG
30.1,30.1,30.0933,30.0933,270,2022-06-22 18:20:00,EVBG
30.12,30.12,30.03,30.07,2200,2022-06-22 18:21:00,EVBG
30.04,30.08,30.01,30.08,900,2022-06-22 18:22:00,EVBG
30.07,30.1,30.06,30.085,2298,2022-06-22 18:23:00,EVBG
30.11,30.15,30.11,30.15,400,2022-06-22 18:24:00,EVBG
30.125,30.14,30.11,30.11,729,2022-06-22 18:25:00,EVBG
30.12,30.12,30.1,30.11,941,2022-06-22 18:26:00,EVBG
30.11,30.11,30.075,30.09,2800,2022-06-22 18:27:00,EVBG
30.07,30.09,30.07,30.08,500,2022-06-22 18:28:00,EVBG
30.08,30.09,30.08,30.08,770,2022-06-22 18:30:00,EVBG
30.08,30.08,30.08,30.08,400,2022-06-22 18:31:00,EVBG
30.07,30.07,30.06,30.06,500,2022-06-22 18:32:00,EVBG
30.0615,30.0615,30.035,30.035,2400,2022-06-22 18:33:00,EVBG
30.03,30.03,30.0,30.02,1406,2022-06-22 18:34:00,EVBG
30.0,30.07,30.0,30.07,1200,2022-06-22 18:35:00,EVBG
30.08,30.08,30.08,30.08,100,2022-06-22 18:36:00,EVBG
30.1,30.1,30.08,30.08,1000,2022-06-22 18:37:00,EVBG
30.11,30.12,30.08,30.09,1500,2022-06-22 18:38:00,EVBG
30.1,30.1,30.06,30.06,1698,2022-06-22 18:39:00,EVBG
30.06,30.22,30.06,30.22,5203,2022-06-22 18:40:00,EVBG
30.2135,30.2135,30.15,30.16,1400,2022-06-22 18:41:00,EVBG
30.15,30.15,30.14,30.14,700,2022-06-22 18:42:00,EVBG
30.13,30.18,30.13,30.18,1600,2022-06-22 18:43:00,EVBG
30.19,30.19,30.16,30.16,200,2022-06-22 18:44:00,EVBG
30.17,30.18,30.16,30.18,400,2022-06-22 18:45:00,EVBG
30.15,30.15,30.14,30.14,800,2022-06-22 18:46:00,EVBG
30.11,30.11,30.1,30.1,1700,2022-06-22 18:47:00,EVBG
30.12,30.12,30.09,30.09,1200,2022-06-22 18:48:00,EVBG
30.09,30.12,30.09,30.095,3933,2022-06-22 18:49:00,EVBG
30.1,30.12,30.095,30.095,1014,2022-06-22 18:50:00,EVBG
30.12,30.12,30.1,30.1,600,2022-06-22 18:51:00,EVBG
30.09,30.09,30.09,30.09,100,2022-06-22 18:52:00,EVBG
30.105,30.105,30.08,30.08,644,2022-06-22 18:53:00,EVBG
30.09,30.09,30.088,30.088,400,2022-06-22 18:54:00,EVBG
30.09,30.09,30.09,30.09,200,2022-06-22 18:55:00,EVBG
30.07,30.1,30.06,30.07,1700,2022-06-22 18:56:00,EVBG
30.08,30.09,30.07,30.08,1338,2022-06-22 18:58:00,EVBG
30.07,30.11,30.07,30.11,1100,2022-06-22 18:59:00,EVBG
30.09,30.09,30.06,30.06,768,2022-06-22 19:00:00,EVBG
30.05,30.05,30.02,30.0375,2204,2022-06-22 19:01:00,EVBG
30.02,30.02,30.02,30.02,100,2022-06-22 19:02:00,EVBG
30.03,30.07,30.03,30.07,1200,2022-06-22 19:03:00,EVBG
30.08,30.11,30.08,30.11,600,2022-06-22 19:04:00,EVBG
30.12,30.12,30.12,30.12,200,2022-06-22 19:05:00,EVBG
30.13,30.13,30.09,30.11,1200,2022-06-22 19:06:00,EVBG
30.11,30.12,30.09,30.09,1663,2022-06-22 19:07:00,EVBG
30.085,30.085,30.07,30.07,990,2022-06-22 19:08:00,EVBG
30.04,30.04,30.03,30.03,400,2022-06-22 19:09:00,EVBG
30.03,30.03,29.96,29.96,800,2022-06-22 19:10:00,EVBG
29.99,30.045,29.99,30.045,1100,2022-06-22 19:11:00,EVBG
30.055,30.055,30.03,30.03,500,2022-06-22 19:12:00,EVBG
30.02,30.03,30.02,30.03,700,2022-06-22 19:13:00,EVBG
30.03,30.03,30.03,30.03,400,2022-06-22 19:14:00,EVBG
30.04,30.04,30.01,30.01,1000,2022-06-22 19:15:00,EVBG
29.98,29.98,29.98,29.98,300,2022-06-22 19:16:00,EVBG
29.99,30.01,29.97,30.0,1470,2022-06-22 19:17:00,EVBG
29.98,29.98,29.97,29.97,200,2022-06-22 19:18:00,EVBG
29.97,29.99,29.97,29.99,900,2022-06-22 19:19:00,EVBG
29.96,29.96,29.96,29.96,500,2022-06-22 19:20:00,EVBG
29.96,29.96,29.92,29.92,1422,2022-06-22 19:21:00,EVBG
29.91,29.91,29.9,29.91,1300,2022-06-22 19:22:00,EVBG
29.88,29.9,29.87,29.9,1511,2022-06-22 19:23:00,EVBG
29.88,29.885,29.88,29.885,506,2022-06-22 19:24:00,EVBG
29.87,29.87,29.83,29.84,3400,2022-06-22 19:25:00,EVBG
29.84,29.84,29.79,29.79,900,2022-06-22 19:26:00,EVBG
29.805,29.82,29.79,29.8,1200,2022-06-22 19:27:00,EVBG
29.79,29.79,29.74,29.74,900,2022-06-22 19:28:00,EVBG
29.74,29.78,29.73,29.78,2031,2022-06-22 19:29:00,EVBG
29.78,29.78,29.73,29.745,800,2022-06-22 19:30:00,EVBG
29.76,29.77,29.745,29.77,454,2022-06-22 19:31:00,EVBG
29.78,29.78,29.74,29.75,300,2022-06-22 19:32:00,EVBG
29.74,29.78,29.74,29.78,800,2022-06-22 19:33:00,EVBG
29.79,29.8,29.76,29.77,2037,2022-06-22 19:34:00,EVBG
29.76,29.76,29.71,29.72,1959,2022-06-22 19:35:00,EVBG
29.714,29.73,29.71,29.72,2500,2022-06-22 19:36:00,EVBG
29.715,29.715,29.68,29.69,1600,2022-06-22 19:37:00,EVBG
29.68,29.71,29.68,29.71,800,2022-06-22 19:38:00,EVBG
29.71,29.73,29.71,29.73,400,2022-06-22 19:39:00,EVBG
29.72,29.72,29.69,29.7,1400,2022-06-22 19:40:00,EVBG
29.69,29.69,29.63,29.63,800,2022-06-22 19:41:00,EVBG
29.66,29.68,29.655,29.67,2000,2022-06-22 19:42:00,EVBG
29.69,29.735,29.69,29.73,1100,2022-06-22 19:43:00,EVBG
29.73,29.73,29.69,29.69,1196,2022-06-22 19:44:00,EVBG
29.68,29.69,29.68,29.69,618,2022-06-22 19:45:00,EVBG
29.69,29.7,29.68,29.69,2076,2022-06-22 19:46:00,EVBG
29.68,29.68,29.64,29.64,1560,2022-06-22 19:47:00,EVBG
29.63,29.64,29.62,29.64,900,2022-06-22 19:48:00,EVBG
29.63,29.64,29.62,29.64,1763,2022-06-22 19:49:00,EVBG
29.64,29.7,29.635,29.635,7523,2022-06-22 19:50:00,EVBG
29.63,29.66,29.62,29.64,2355,2022-06-22 19:51:00,EVBG
29.63,29.67,29.63,29.67,2913,2022-06-22 19:52:00,EVBG
29.675,29.73,29.675,29.73,1700,2022-06-22 19:53:00,EVBG
29.73,29.79,29.73,29.79,3252,2022-06-22 19:54:00,EVBG
29.79,29.82,29.79,29.805,4400,2022-06-22 19:55:00,EVBG
29.795,29.795,29.75,29.755,2700,2022-06-22 19:56:00,EVBG
29.76,29.79,29.755,29.78,5081,2022-06-22 19:57:00,EVBG
29.78,29.785,29.77,29.78,4051,2022-06-22 19:58:00,EVBG
29.78,29.82,29.78,29.82,10207,2022-06-22 19:59:00,EVBG
29.79,29.79,29.79,29.79,62215,2022-06-22 20:00:00,EVBG
29.79,29.79,29.79,29.79,298,2022-06-22 20:01:00,EVBG
30.1,30.54,30.1,30.54,6094,2022-06-23 13:30:00,EVBG
30.47,30.57,30.42,30.42,1500,2022-06-23 13:31:00,EVBG
30.46,30.46,30.37,30.4,4237,2022-06-23 13:32:00,EVBG
30.42,30.5,30.42,30.5,300,2022-06-23 13:33:00,EVBG
30.49,30.49,30.45,30.45,300,2022-06-23 13:34:00,EVBG
30.47,30.47,30.445,30.445,700,2022-06-23 13:35:00,EVBG
30.23,30.31,30.23,30.31,5200,2022-06-23 13:37:00,EVBG
30.16,30.16,29.98,29.98,435,2022-06-23 13:38:00,EVBG
29.95,29.96,29.92,29.94,1316,2022-06-23 13:39:00,EVBG
29.85,29.85,29.85,29.85,100,2022-06-23 13:40:00,EVBG
29.9,29.9,29.855,29.855,200,2022-06-23 13:41:00,EVBG
30.01,30.01,30.01,30.01,200,2022-06-23 13:43:00,EVBG
30.065,30.065,29.99,29.99,200,2022-06-23 13:44:00,EVBG
29.98,30.07,29.9,29.9,2305,2022-06-23 13:45:00,EVBG
30.02,30.08,29.97,30.08,400,2022-06-23 13:46:00,EVBG
30.12,30.12,30.12,30.12,100,2022-06-23 13:49:00,EVBG
30.085,30.085,30.07,30.07,200,2022-06-23 13:50:00,EVBG
30.02,30.12,30.015,30.015,964,2022-06-23 13:51:00,EVBG
29.98,29.98,29.89,29.89,300,2022-06-23 13:52:00,EVBG
29.94,30.01,29.94,30.01,200,2022-06-23 13:53:00,EVBG
29.9366,30.03,29.9366,29.99,1412,2022-06-23 13:54:00,EVBG
30.05,30.1,30.05,30.1,200,2022-06-23 13:55:00,EVBG
30.22,30.22,30.22,30.22,100,2022-06-23 13:56:00,EVBG
30.44,30.51,30.44,30.51,300,2022-06-23 13:58:00,EVBG
30.5,30.51,30.48,30.51,1800,2022-06-23 13:59:00,EVBG
30.41,30.42,30.41,30.42,200,2022-06-23 14:00:00,EVBG
30.39,30.51,30.39,30.46,300,2022-06-23 14:01:00,EVBG
30.56,30.565,30.56,30.565,300,2022-06-23 14:02:00,EVBG
30.575,30.575,30.53,30.56,1100,2022-06-23 14:03:00,EVBG
30.55,30.62,30.54,30.62,1369,2022-06-23 14:04:00,EVBG
30.67,30.75,30.67,30.75,300,2022-06-23 14:05:00,EVBG
30.73,30.73,30.72,30.73,400,2022-06-23 14:07:00,EVBG
30.73,30.78,30.68,30.73,800,2022-06-23 14:08:00,EVBG
30.64,30.64,30.63,30.63,200,2022-06-23 14:09:00,EVBG
30.6,30.65,30.6,30.65,1229,2022-06-23 14:10:00,EVBG
30.82,30.83,30.74,30.74,400,2022-06-23 14:11:00,EVBG
30.58,30.58,30.58,30.58,100,2022-06-23 14:12:00,EVBG
30.715,30.75,30.715,30.75,400,2022-06-23 14:13:00,EVBG
30.79,30.81,30.73,30.79,1200,2022-06-23 14:14:00,EVBG
30.745,30.745,30.745,30.745,100,2022-06-23 14:15:00,EVBG
30.825,30.83,30.825,30.83,400,2022-06-23 14:16:00,EVBG
30.785,30.81,30.76,30.76,1400,2022-06-23 14:17:00,EVBG
30.73,30.816,30.72,30.72,1200,2022-06-23 14:18:00,EVBG
30.755,30.8,30.7,30.78,3400,2022-06-23 14:19:00,EVBG
30.81,30.82,30.73,30.8,1600,2022-06-23 14:20:00,EVBG
30.87,30.92,30.87,30.92,1300,2022-06-23 14:21:00,EVBG
30.985,30.985,30.93,30.93,400,2022-06-23 14:22:00,EVBG
30.93,30.985,30.93,30.98,600,2022-06-23 14:23:00,EVBG
30.92,30.95,30.87,30.89,1521,2022-06-23 14:25:00,EVBG
30.8,30.84,30.8,30.8,300,2022-06-23 14:26:00,EVBG
30.8,30.86,30.8,30.83,500,2022-06-23 14:27:00,EVBG
30.88,31.01,30.86,30.86,667,2022-06-23 14:28:00,EVBG
30.91,30.95,30.91,30.925,500,2022-06-23 14:30:00,EVBG
30.84,30.96,30.84,30.96,400,2022-06-23 14:31:00,EVBG
30.92,31.05,30.92,30.97,1692,2022-06-23 14:32:00,EVBG
30.89,31.03,30.87,31.03,2200,2022-06-23 14:34:00,EVBG
30.925,30.925,30.925,30.925,100,2022-06-23 14:35:00,EVBG
31.02,31.1,31.02,31.07,300,2022-06-23 14:37:00,EVBG
31.08,31.12,31.08,31.12,400,2022-06-23 14:39:00,EVBG
31.14,31.24,31.14,31.24,2400,2022-06-23 14:40:00,EVBG
31.265,31.265,31.265,31.265,200,2022-06-23 14:41:00,EVBG
31.27,31.27,31.27,31.27,100,2022-06-23 14:42:00,EVBG
31.31,31.31,31.31,31.31,100,2022-06-23 14:43:00,EVBG
31.21,31.21,31.12,31.12,600,2022-06-23 14:45:00,EVBG
31.14,31.22,31.135,31.22,3872,2022-06-23 14:46:00,EVBG
31.22,31.2679,31.19,31.25,1005,2022-06-23 14:47:00,EVBG
31.25,31.28,31.24,31.28,2145,2022-06-23 14:48:00,EVBG
31.27,31.27,31.21,31.21,300,2022-06-23 14:49:00,EVBG
31.235,31.235,31.235,31.235,110,2022-06-23 14:50:00,EVBG
31.275,31.3,31.275,31.3,200,2022-06-23 14:51:00,EVBG
31.285,31.35,31.285,31.35,800,2022-06-23 14:52:00,EVBG
31.37,31.37,31.37,31.37,100,2022-06-23 14:53:00,EVBG
31.36,31.405,31.36,31.405,503,2022-06-23 14:54:00,EVBG
31.41,31.44,31.38,31.44,1200,2022-06-23 14:55:00,EVBG
31.44,31.44,31.44,31.44,100,2022-06-23 14:56:00,EVBG
31.425,31.425,31.39,31.4,817,2022-06-23 14:57:00,EVBG
31.36,31.37,31.36,31.37,400,2022-06-23 14:58:00,EVBG
31.33,31.33,31.33,31.33,100,2022-06-23 15:00:00,EVBG
31.33,31.33,31.305,31.305,300,2022-06-23 15:01:00,EVBG
31.28,31.315,31.28,31.295,600,2022-06-23 15:02:00,EVBG
31.35,31.37,31.34,31.37,625,2022-06-23 15:03:00,EVBG
31.35,31.35,31.26,31.26,811,2022-06-23 15:04:00,EVBG
31.24,31.24,31.12,31.12,500,2022-06-23 15:05:00,EVBG
31.19,31.2,31.18,31.18,400,2022-06-23 15:06:00,EVBG
31.14,31.21,31.14,31.21,200,2022-06-23 15:07:00,EVBG
31.17,31.23,31.16,31.22,4373,2022-06-23 15:08:00,EVBG
31.22,31.3,31.22,31.3,1472,2022-06-23 15:09:00,EVBG
31.28,31.34,31.28,31.33,500,2022-06-23 15:10:00,EVBG
31.36,31.41,31.36,31.41,200,2022-06-23 15:11:00,EVBG
31.34,31.345,31.3,31.3,400,2022-06-23 15:12:00,EVBG
31.3,31.32,31.3,31.31,3000,2022-06-23 15:13:00,EVBG
31.29,31.3,31.29,31.3,1000,2022-06-23 15:15:00,EVBG
31.3,31.3,31.3,31.3,100,2022-06-23 15:16:00,EVBG
31.3,31.32,31.3,31.315,1300,2022-06-23 15:17:00,EVBG
31.315,31.32,31.28,31.3,716,2022-06-23 15:18:00,EVBG
31.31,31.31,31.31,31.31,100,2022-06-23 15:19:00,EVBG
31.27,31.27,31.22,31.22,525,2022-06-23 15:20:00,EVBG
31.25,31.29,31.205,31.29,1300,2022-06-23 15:21:00,EVBG
31.32,31.32,31.305,31.31,900,2022-06-23 15:22:00,EVBG
31.27,31.27,31.27,31.27,100,2022-06-23 15:23:00,EVBG
31.22,31.26,31.22,31.26,300,2022-06-23 15:24:00,EVBG
31.315,31.315,31.315,31.315,200,2022-06-23 15:25:00,EVBG
31.32,31.39,31.32,31.39,4942,2022-06-23 15:26:00,EVBG
31.39,31.4,31.34,31.35,3601,2022-06-23 15:27:00,EVBG
31.33,31.36,31.33,31.33,800,2022-06-23 15:28:00,EVBG
31.32,31.37,31.32,31.36,300,2022-06-23 15:29:00,EVBG
31.38,31.44,31.38,31.38,1902,2022-06-23 15:30:00,EVBG
31.35,31.37,31.24,31.24,500,2022-06-23 15:31:00,EVBG
31.19,31.22,31.19,31.2,597,2022-06-23 15:32:00,EVBG
31.22,31.24,31.22,31.23,500,2022-06-23 15:33:00,EVBG
31.19,31.19,31.16,31.18,600,2022-06-23 15:34:00,EVBG
31.06,31.09,31.05,31.065,1600,2022-06-23 15:36:00,EVBG
31.04,31.165,31.04,31.165,1639,2022-06-23 15:37:00,EVBG
31.17,31.17,31.05,31.05,2400,2022-06-23 15:39:00,EVBG
31.045,31.09,31.045,31.09,800,2022-06-23 15:40:00,EVBG
31.095,31.13,31.07,31.07,300,2022-06-23 15:41:00,EVBG
31.09,31.09,31.09,31.09,100,2022-06-23 15:42:00,EVBG
31.1,31.15,31.07,31.11,800,2022-06-23 15:43:00,EVBG
31.135,31.135,31.135,31.135,100,2022-06-23 15:44:00,EVBG
31.11,31.11,31.11,31.11,100,2022-06-23 15:45:00,EVBG
31.11,31.12,31.11,31.12,579,2022-06-23 15:46:00,EVBG
31.12,31.12,31.12,31.12,100,2022-06-23 15:47:00,EVBG
31.13,31.15,31.13,31.15,200,2022-06-23 15:48:00,EVBG
31.2,31.22,31.175,31.18,1105,2022-06-23 15:49:00,EVBG
31.21,31.23,31.2,31.23,1600,2022-06-23 15:50:00,EVBG
31.225,31.225,31.18,31.18,662,2022-06-23 15:51:00,EVBG
31.19,31.225,31.185,31.21,1400,2022-06-23 15:52:00,EVBG
31.17,31.2099,31.17,31.195,800,2022-06-23 15:53:00,EVBG
31.17,31.19,31.16,31.185,3379,2022-06-23 15:54:00,EVBG
31.2,31.235,31.19,31.215,1473,2022-06-23 15:55:00,EVBG
31.26,31.26,31.25,31.25,400,2022-06-23 15:56:00,EVBG
31.2,31.2,31.2,31.2,100,2022-06-23 15:57:00,EVBG
31.2055,31.23,31.2,31.215,3244,2022-06-23 15:58:00,EVBG
31.2,31.2,31.165,31.165,1297,2022-06-23 15:59:00,EVBG
31.1,31.1,31.035,31.06,900,2022-06-23 16:01:00,EVBG
31.01,31.01,30.99,30.99,300,2022-06-23 16:02:00,EVBG
30.97,30.9849,30.95,30.95,452,2022-06-23 16:03:00,EVBG
30.93,30.93,30.93,30.93,100,2022-06-23 16:05:00,EVBG
30.93,31.01,30.93,31.01,5241,2022-06-23 16:06:00,EVBG
31.05,31.0916,31.04,31.04,300,2022-06-23 16:07:00,EVBG
31.06,31.06,31.035,31.035,389,2022-06-23 16:08:00,EVBG
31.0,31.025,30.97,31.025,1300,2022-06-23 16:09:00,EVBG
31.03,31.03,30.98,30.98,600,2022-06-23 16:10:00,EVBG
30.95,30.95,30.95,30.95,200,2022-06-23 16:11:00,EVBG
30.99,30.99,30.99,30.99,100,2022-06-23 16:12:00,EVBG
31.03,31.03,30.99,31.02,1621,2022-06-23 16:13:00,EVBG
31.025,31.03,31.025,31.03,200,2022-06-23 16:14:00,EVBG
30.99,30.99,30.99,30.99,100,2022-06-23 16:16:00,EVBG
31.015,31.015,30.99,30.99,600,2022-06-23 16:17:00,EVBG
31.035,31.07,31.03,31.065,2300,2022-06-23 16:18:00,EVBG
31.07,31.105,31.04,31.105,900,2022-06-23 16:20:00,EVBG
31.0798,31.11,31.0798,31.11,252,2022-06-23 16:21:00,EVBG
31.1,31.1,31.04,31.05,1000,2022-06-23 16:23:00,EVBG
31.04,31.08,31.03,31.04,1000,2022-06-23 16:24:00,EVBG
31.04,31.09,31.04,31.09,1300,2022-06-23 16:25:00,EVBG
31.06,31.06,31.06,31.06,200,2022-06-23 16:26:00,EVBG
31.0601,31.13,31.0601,31.12,880,2022-06-23 16:27:00,EVBG
31.09,31.09,31.01,31.02,1500,2022-06-23 16:28:00,EVBG
31.02,31.025,31.02,31.025,356,2022-06-23 16:29:00,EVBG
30.98,30.98,30.98,30.98,300,2022-06-23 16:32:00,EVBG
30.95,30.96,30.945,30.95,607,2022-06-23 16:33:00,EVBG
30.98,30.98,30.955,30.955,340,2022-06-23 16:34:00,EVBG
30.975,30.975,30.96,30.96,200,2022-06-23 16:35:00,EVBG
30.9751,30.9751,30.93,30.93,853,2022-06-23 16:36:00,EVBG
30.91,30.91,30.89,30.9,1672,2022-06-23 16:37:00,EVBG
30.8809,30.89,30.85,30.85,1753,2022-06-23 16:38:00,EVBG
30.81,30.81,30.81,30.81,400,2022-06-23 16:40:00,EVBG
30.82,30.89,30.82,30.89,2285,2022-06-23 16:41:00,EVBG
30.88,30.88,30.88,30.88,100,2022-06-23 16:42:00,EVBG
30.86,30.86,30.86,30.86,190,2022-06-23 16:43:00,EVBG
30.86,30.93,30.84,30.93,1286,2022-06-23 16:44:00,EVBG
30.9515,30.9515,30.87,30.91,700,2022-06-23 16:45:00,EVBG
30.92,30.94,30.91,30.93,1016,2022-06-23 16:47:00,EVBG
30.95,31.0,30.95,31.0,383,2022-06-23 16:48:00,EVBG
30.96,30.96,30.95,30.95,200,2022-06-23 16:49:00,EVBG
30.93,30.93,30.93,30.93,100,2022-06-23 16:50:00,EVBG
30.91,30.91,30.91,30.91,100,2022-06-23 16:51:00,EVBG
30.91,30.91,30.9,30.9,666,2022-06-23 16:52:00,EVBG
30.87,30.89,30.83,30.89,1000,2022-06-23 16:53:00,EVBG
30.905,30.905,30.905,30.905,100,2022-06-23 16:54:00,EVBG
30.88,30.88,30.88,30.88,100,2022-06-23 16:56:00,EVBG
30.81,30.83,30.8,30.8,500,2022-06-23 16:57:00,EVBG
30.77,30.77,30.77,30.77,300,2022-06-23 16:58:00,EVBG
30.77,30.77,30.76,30.76,300,2022-06-23 16:59:00,EVBG
30.74,30.74,30.7,30.7,200,2022-06-23 17:00:00,EVBG
30.675,30.7,30.675,30.7,1200,2022-06-23 17:01:00,EVBG
30.68,30.68,30.65,30.65,300,2022-06-23 17:02:00,EVBG
30.65,30.65,30.6,30.6,800,2022-06-23 17:03:00,EVBG
30.64,30.64,30.64,30.64,200,2022-06-23 17:04:00,EVBG
30.65,30.68,30.65,30.68,200,2022-06-23 17:05:00,EVBG
30.72,30.75,30.71,30.75,931,2022-06-23 17:06:00,EVBG
30.68,30.74,30.68,30.74,600,2022-06-23 17:07:00,EVBG
30.715,30.715,30.715,30.715,200,2022-06-23 17:08:00,EVBG
30.69,30.69,30.69,30.69,200,2022-06-23 17:09:00,EVBG
30.68,30.69,30.68,30.69,400,2022-06-23 17:10:00,EVBG
30.71,30.76,30.71,30.76,400,2022-06-23 17:11:00,EVBG
30.72,30.72,30.72,30.72,100,2022-06-23 17:12:00,EVBG
30.74,30.74,30.72,30.72,1000,2022-06-23 17:13:00,EVBG
30.72,30.72,30.72,30.72,100,2022-06-23 17:14:00,EVBG
30.71,30.73,30.71,30.72,798,2022-06-23 17:16:00,EVBG
30.725,30.74,30.725,30.74,200,2022-06-23 17:17:00,EVBG
30.75,30.76,30.745,30.745,950,2022-06-23 17:18:00,EVBG
30.73,30.74,30.711,30.74,700,2022-06-23 17:19:00,EVBG
30.73,30.73,30.7,30.7,400,2022-06-23 17:20:00,EVBG
30.68,30.68,30.62,30.62,500,2022-06-23 17:21:00,EVBG
30.63,30.685,30.63,30.685,1166,2022-06-23 17:22:00,EVBG
30.775,30.775,30.77,30.77,467,2022-06-23 17:23:00,EVBG
30.77,30.77,30.77,30.77,200,2022-06-23 17:24:00,EVBG
30.72,30.74,30.715,30.74,400,2022-06-23 17:25:00,EVBG
30.76,30.78,30.76,30.78,874,2022-06-23 17:26:00,EVBG
30.79,30.8,30.79,30.8,300,2022-06-23 17:27:00,EVBG
30.8,30.8,30.76,30.76,204,2022-06-23 17:28:00,EVBG
30.765,30.765,30.765,30.765,100,2022-06-23 17:29:00,EVBG
30.78,30.82,30.78,30.82,500,2022-06-23 17:30:00,EVBG
30.84,30.87,30.84,30.86,500,2022-06-23 17:31:00,EVBG
30.865,30.8817,30.8529,30.8529,1843,2022-06-23 17:32:00,EVBG
30.85,30.86,30.84,30.86,300,2022-06-23 17:33:00,EVBG
30.86,30.86,30.83,30.83,200,2022-06-23 17:34:00,EVBG
30.895,30.895,30.88,30.88,359,2022-06-23 17:36:00,EVBG
30.83,30.83,30.81,30.81,300,2022-06-23 17:37:00,EVBG
30.75,30.79,30.75,30.78,400,2022-06-23 17:39:00,EVBG
30.8,30.81,30.78,30.81,600,2022-06-23 17:40:00,EVBG
30.78,30.78,30.78,30.78,200,2022-06-23 17:41:00,EVBG
30.74,30.77,30.71,30.76,1100,2022-06-23 17:42:00,EVBG
30.775,30.775,30.775,30.775,100,2022-06-23 17:43:00,EVBG
30.8,30.84,30.8,30.83,700,2022-06-23 17:44:00,EVBG
30.825,30.84,30.825,30.84,200,2022-06-23 17:45:00,EVBG
30.86,30.88,30.86,30.88,200,2022-06-23 17:46:00,EVBG
30.91,30.91,30.88,30.9,700,2022-06-23 17:49:00,EVBG
30.92,30.95,30.92,30.95,200,2022-06-23 17:50:00,EVBG
30.97,30.975,30.97,30.975,300,2022-06-23 17:51:00,EVBG
30.95,30.99,30.95,30.99,665,2022-06-23 17:53:00,EVBG
31.0,31.0,31.0,31.0,100,2022-06-23 17:54:00,EVBG
31.0,31.015,31.0,31.01,400,2022-06-23 17:55:00,EVBG
31.015,31.015,30.975,30.975,500,2022-06-23 17:56:00,EVBG
31.0,31.01,31.0,31.01,200,2022-06-23 17:57:00,EVBG
30.95,31.005,30.95,31.0,3101,2022-06-23 17:58:00,EVBG
30.98,31.015,30.98,31.0,600,2022-06-23 17:59:00,EVBG
30.99,31.04,30.99,31.04,500,2022-06-23 18:00:00,EVBG
31.045,31.045,31.045,31.045,100,2022-06-23 18:01:00,EVBG
31.06,31.06,31.05,31.05,400,2022-06-23 18:02:00,EVBG
31.03,31.03,30.97,31.0,600,2022-06-23 18:03:00,EVBG
31.0,31.01,31.0,31.01,200,2022-06-23 18:04:00,EVBG
31.01,31.01,31.01,31.01,100,2022-06-23 18:05:00,EVBG
31.05,31.05,31.02,31.04,500,2022-06-23 18:06:00,EVBG
30.97,31.01,30.97,31.01,200,2022-06-23 18:07:00,EVBG
31.005,31.005,31.005,31.005,100,2022-06-23 18:08:00,EVBG
30.97,31.01,30.97,31.01,400,2022-06-23 18:09:00,EVBG
31.01,31.01,31.0,31.0,200,2022-06-23 18:10:00,EVBG
31.0,31.02,30.99,31.02,1000,2022-06-23 18:11:00,EVBG
31.0,31.05,31.0,31.05,400,2022-06-23 18:12:00,EVBG
31.06,31.08,31.05,31.08,600,2022-06-23 18:13:00,EVBG
31.03,31.05,31.03,31.05,400,2022-06-23 18:15:00,EVBG
31.05,31.06,31.05,31.06,600,2022-06-23 18:16:00,EVBG
31.065,31.065,31.065,31.065,143,2022-06-23 18:17:00,EVBG
31.045,31.045,31.045,31.045,100,2022-06-23 18:18:00,EVBG
31.0,31.03,31.0,31.005,800,2022-06-23 18:19:00,EVBG
31.025,31.05,31.025,31.03,1200,2022-06-23 18:20:00,EVBG
31.02,31.02,31.02,31.02,100,2022-06-23 18:21:00,EVBG
31.03,31.03,31.02,31.03,1378,2022-06-23 18:22:00,EVBG
31.03,31.09,31.03,31.09,800,2022-06-23 18:23:00,EVBG
31.08,31.08,31.06,31.06,400,2022-06-23 18:24:00,EVBG
31.095,31.095,31.095,31.095,100,2022-06-23 18:25:00,EVBG
31.1,31.12,31.1,31.12,300,2022-06-23 18:26:00,EVBG
31.14,31.18,31.14,31.18,500,2022-06-23 18:27:00,EVBG
31.195,31.24,31.195,31.24,900,2022-06-23 18:28:00,EVBG
31.23,31.27,31.23,31.26,900,2022-06-23 18:29:00,EVBG
31.25,31.25,31.25,31.25,423,2022-06-23 18:30:00,EVBG
31.295,31.295,31.27,31.27,400,2022-06-23 18:31:00,EVBG
31.285,31.32,31.285,31.32,700,2022-06-23 18:32:00,EVBG
31.33,31.33,31.31,31.31,500,2022-06-23 18:33:00,EVBG
31.32,31.335,31.32,31.335,500,2022-06-23 18:34:00,EVBG
31.36,31.375,31.36,31.375,500,2022-06-23 18:35:00,EVBG
31.4,31.4,31.37,31.37,1900,2022-06-23 18:36:00,EVBG
31.38,31.4,31.38,31.4,1200,2022-06-23 18:37:00,EVBG
31.4,31.66,31.39,31.65,30148,2022-06-23 18:38:00,EVBG
31.65,31.7,31.63,31.66,2900,2022-06-23 18:39:00,EVBG
31.65,31.675,31.64,31.655,3700,2022-06-23 18:40:00,EVBG
31.655,31.68,31.56,31.56,4354,2022-06-23 18:41:00,EVBG
31.55,31.56,31.55,31.55,500,2022-06-23 18:42:00,EVBG
31.54,31.54,31.51,31.53,1298,2022-06-23 18:43:00,EVBG
31.545,31.545,31.53,31.54,1181,2022-06-23 18:44:00,EVBG
31.555,31.58,31.52,31.52,600,2022-06-23 18:45:00,EVBG
31.5,31.56,31.495,31.54,1000,2022-06-23 18:46:00,EVBG
31.54,31.54,31.49,31.49,1400,2022-06-23 18:47:00,EVBG
31.5,31.505,31.49,31.49,1217,2022-06-23 18:48:00,EVBG
31.49,31.505,31.45,31.45,600,2022-06-23 18:49:00,EVBG
31.46,31.52,31.46,31.5,2248,2022-06-23 18:50:00,EVBG
31.49,31.49,31.49,31.49,200,2022-06-23 18:51:00,EVBG
31.49,31.495,31.49,31.495,300,2022-06-23 18:52:00,EVBG
31.495,31.52,31.49,31.5,2889,2022-06-23 18:53:00,EVBG
31.49,31.49,31.48,31.48,400,2022-06-23 18:54:00,EVBG
31.47,31.48,31.44,31.48,1407,2022-06-23 18:55:00,EVBG
31.49,31.49,31.49,31.49,100,2022-06-23 18:56:00,EVBG
31.51,31.51,31.48,31.48,1000,2022-06-23 18:57:00,EVBG
31.505,31.505,31.49,31.49,400,2022-06-23 18:58:00,EVBG
31.49,31.53,31.49,31.5,500,2022-06-23 18:59:00,EVBG
31.5,31.5,31.5,31.5,300,2022-06-23 19:00:00,EVBG
31.48,31.515,31.48,31.5,1200,2022-06-23 19:01:00,EVBG
31.5,31.57,31.5,31.54,1627,2022-06-23 19:02:00,EVBG
31.54,31.54,31.52,31.52,500,2022-06-23 19:03:00,EVBG
31.52,31.53,31.52,31.53,1000,2022-06-23 19:04:00,EVBG
31.54,31.55,31.54,31.55,300,2022-06-23 19:05:00,EVBG
31.55,31.56,31.54,31.555,3815,2022-06-23 19:06:00,EVBG
31.54,31.57,31.54,31.55,1711,2022-06-23 19:07:00,EVBG
31.54,31.55,31.54,31.55,200,2022-06-23 19:08:00,EVBG
31.55,31.55,31.52,31.53,3103,2022-06-23 19:09:00,EVBG
31.54,31.54,31.54,31.54,100,2022-06-23 19:10:00,EVBG
31.54,31.54,31.46,31.46,1325,2022-06-23 19:11:00,EVBG
31.48,31.52,31.47,31.5,955,2022-06-23 19:12:00,EVBG
31.5163,31.5163,31.49,31.49,300,2022-06-23 19:13:00,EVBG
31.5,31.5,31.5,31.5,100,2022-06-23 19:14:00,EVBG
31.46,31.46,31.42,31.45,1057,2022-06-23 19:16:00,EVBG
31.44,31.44,31.405,31.42,400,2022-06-23 19:17:00,EVBG
31.39,31.39,31.39,31.39,300,2022-06-23 19:18:00,EVBG
31.36,31.38,31.32,31.38,3712,2022-06-23 19:19:00,EVBG
31.35,31.365,31.35,31.365,200,2022-06-23 19:20:00,EVBG
31.38,31.38,31.38,31.38,100,2022-06-23 19:21:00,EVBG
31.4,31.43,31.4,31.4159,1193,2022-06-23 19:22:00,EVBG
31.425,31.45,31.42,31.43,800,2022-06-23 19:23:00,EVBG
31.42,31.42,31.37,31.37,1100,2022-06-23 19:24:00,EVBG
31.38,31.41,31.37,31.4,700,2022-06-23 19:25:00,EVBG
31.39,31.42,31.39,31.41,600,2022-06-23 19:26:00,EVBG
31.42,31.435,31.42,31.435,710,2022-06-23 19:27:00,EVBG
31.47,31.47,31.45,31.451,600,2022-06-23 19:28:00,EVBG
31.46,31.46,31.445,31.445,700,2022-06-23 19:29:00,EVBG
31.43,31.48,31.42,31.48,1900,2022-06-23 19:30:00,EVBG
31.475,31.52,31.475,31.52,1600,2022-06-23 19:31:00,EVBG
31.56,31.56,31.54,31.54,735,2022-06-23 19:32:00,EVBG
31.55,31.55,31.52,31.52,1300,2022-06-23 19:33:00,EVBG
31.54,31.56,31.53,31.55,1600,2022-06-23 19:34:00,EVBG
31.54,31.54,31.54,31.54,100,2022-06-23 19:35:00,EVBG
31.54,31.6,31.51,31.56,7380,2022-06-23 19:36:00,EVBG
31.585,31.62,31.55,31.58,7709,2022-06-23 19:37:00,EVBG
31.57,31.57,31.49,31.51,5229,2022-06-23 19:38:00,EVBG
31.51,31.52,31.51,31.5106,300,2022-06-23 19:39:00,EVBG
31.53,31.65,31.53,31.65,3197,2022-06-23 19:40:00,EVBG
31.655,31.67,31.655,31.665,497,2022-06-23 19:41:00,EVBG
31.68,31.68,31.65,31.65,2966,2022-06-23 19:42:00,EVBG
31.645,31.65,31.63,31.63,600,2022-06-23 19:43:00,EVBG
31.65,31.67,31.65,31.66,2407,2022-06-23 19:44:00,EVBG
31.6769,31.74,31.6631,31.69,5788,2022-06-23 19:45:00,EVBG
31.7,31.75,31.7,31.75,1246,2022-06-23 19:46:00,EVBG
31.76,31.79,31.76,31.79,1100,2022-06-23 19:47:00,EVBG
31.8,31.82,31.8,31.81,1300,2022-06-23 19:48:00,EVBG
31.82,31.85,31.81,31.84,2081,2022-06-23 19:49:00,EVBG
31.83,31.94,31.82,31.92,4782,2022-06-23 19:50:00,EVBG
31.935,31.97,31.935,31.965,2690,2022-06-23 19:51:00,EVBG
31.96,31.96,31.87,31.87,2700,2022-06-23 19:52:00,EVBG
31.88,31.89,31.83,31.83,2837,2022-06-23 19:53:00,EVBG
31.83,31.83,31.64,31.69,8928,2022-06-23 19:54:00,EVBG
31.7,31.74,31.7,31.74,5322,2022-06-23 19:55:00,EVBG
31.73,31.735,31.69,31.71,6905,2022-06-23 19:56:00,EVBG
31.705,31.74,31.7,31.725,3167,2022-06-23 19:57:00,EVBG
31.725,31.755,31.72,31.755,5422,2022-06-23 19:58:00,EVBG
31.755,31.76,31.71,31.71,12790,2022-06-23 19:59:00,EVBG
31.71,31.73,31.71,31.73,201489,2022-06-23 20:00:00,EVBG
32.16,32.6,32.065,32.6,6667,2022-06-24 13:30:00,EVBG
32.315,32.315,32.14,32.275,600,2022-06-24 13:31:00,EVBG
32.64,33.25,32.64,33.19,15482,2022-06-24 13:32:00,EVBG
33.23,33.23,33.04,33.11,2274,2022-06-24 13:33:00,EVBG
33.16,33.26,33.0,33.24,400,2022-06-24 13:34:00,EVBG
33.29,33.5,33.29,33.47,300,2022-06-24 13:35:00,EVBG
33.26,33.49,33.26,33.45,400,2022-06-24 13:36:00,EVBG
33.33,33.33,33.18,33.18,1400,2022-06-24 13:37:00,EVBG
33.26,33.45,33.26,33.29,2192,2022-06-24 13:38:00,EVBG
33.41,33.41,33.25,33.4,500,2022-06-24 13:39:00,EVBG
33.24,33.27,33.0,33.25,3069,2022-06-24 13:40:00,EVBG
33.27,33.3575,33.18,33.23,500,2022-06-24 13:41:00,EVBG
33.45,33.5383,33.45,33.5383,277,2022-06-24 13:42:00,EVBG
33.54,33.55,33.53,33.55,678,2022-06-24 13:43:00,EVBG
33.63,33.71,33.6,33.71,976,2022-06-24 13:44:00,EVBG
33.77,33.78,33.73,33.78,600,2022-06-24 13:45:00,EVBG
33.82,33.9,33.77,33.77,2375,2022-06-24 13:46:00,EVBG
33.76,33.82,33.65,33.65,1505,2022-06-24 13:47:00,EVBG
33.74,33.75,33.61,33.61,441,2022-06-24 13:48:00,EVBG
33.8,33.8,33.72,33.74,600,2022-06-24 13:49:00,EVBG
33.59,33.68,33.59,33.6,5758,2022-06-24 13:50:00,EVBG
33.61,33.66,33.51,33.56,7000,2022-06-24 13:51:00,EVBG
33.55,33.55,33.47,33.545,500,2022-06-24 13:52:00,EVBG
33.545,33.6,33.545,33.6,300,2022-06-24 13:53:00,EVBG
33.6,33.64,33.56,33.57,1500,2022-06-24 13:54:00,EVBG
33.5237,33.5237,33.51,33.515,400,2022-06-24 13:55:00,EVBG
33.48,33.51,33.45,33.5,1269,2022-06-24 13:56:00,EVBG
33.45,33.59,33.45,33.58,1100,2022-06-24 13:57:00,EVBG
33.6121,33.63,33.55,33.61,751,2022-06-24 13:58:00,EVBG
33.56,33.585,33.495,33.53,500,2022-06-24 13:59:00,EVBG
33.6,33.8299,33.51,33.82,9949,2022-06-24 14:00:00,EVBG
33.75,33.77,33.69,33.735,2598,2022-06-24 14:01:00,EVBG
33.84,33.9122,33.81,33.81,1600,2022-06-24 14:02:00,EVBG
33.74,33.78,33.72,33.73,3052,2022-06-24 14:03:00,EVBG
33.8,33.8,33.8,33.8,100,2022-06-24 14:04:00,EVBG
33.85,33.85,33.85,33.85,100,2022-06-24 14:05:00,EVBG
33.81,33.82,33.7,33.715,3474,2022-06-24 14:06:00,EVBG
33.76,33.87,33.76,33.81,2500,2022-06-24 14:07:00,EVBG
33.86,33.965,33.86,33.94,1000,2022-06-24 14:08:00,EVBG
33.93,33.93,33.87,33.87,400,2022-06-24 14:09:00,EVBG
33.87,33.96,33.87,33.93,1500,2022-06-24 14:10:00,EVBG
33.925,34.01,33.91,34.01,1562,2022-06-24 14:11:00,EVBG
33.97,33.98,33.95,33.95,2381,2022-06-24 14:12:00,EVBG
33.945,33.945,33.83,33.83,725,2022-06-24 14:13:00,EVBG
33.77,33.77,33.77,33.77,100,2022-06-24 14:14:00,EVBG
33.71,33.8,33.71,33.8,600,2022-06-24 14:15:00,EVBG
33.81,33.82,33.76,33.77,500,2022-06-24 14:16:00,EVBG
33.72,33.72,33.62,33.62,700,2022-06-24 14:17:00,EVBG
33.57,33.57,33.48,33.48,1081,2022-06-24 14:18:00,EVBG
33.41,33.41,33.39,33.39,685,2022-06-24 14:20:00,EVBG
33.38,33.4,33.32,33.38,1565,2022-06-24 14:21:00,EVBG
33.405,33.5,33.405,33.485,700,2022-06-24 14:22:00,EVBG
33.53,33.585,33.52,33.585,500,2022-06-24 14:23:00,EVBG
33.575,33.575,33.52,33.52,300,2022-06-24 14:24:00,EVBG
33.55,33.55,33.55,33.55,326,2022-06-24 14:25:00,EVBG
33.555,33.6,33.47,33.47,1400,2022-06-24 14:26:00,EVBG
33.38,33.45,33.38,33.43,1500,2022-06-24 14:27:00,EVBG
33.4,33.43,33.39,33.41,3106,2022-06-24 14:28:00,EVBG
33.377,33.41,33.37,33.4,1000,2022-06-24 14:29:00,EVBG
33.43,33.555,33.42,33.555,1800,2022-06-24 14:30:00,EVBG
33.52,33.52,33.52,33.52,100,2022-06-24 14:31:00,EVBG
33.5,33.51,33.5,33.505,500,2022-06-24 14:32:00,EVBG
33.51,33.53,33.49,33.51,3838,2022-06-24 14:34:00,EVBG
33.57,33.62,33.56,33.56,5064,2022-06-24 14:35:00,EVBG
33.55,33.55,33.4,33.42,800,2022-06-24 14:36:00,EVBG
33.42,33.42,33.38,33.38,600,2022-06-24 14:38:00,EVBG
33.35,33.35,33.28,33.305,1317,2022-06-24 14:39:00,EVBG
33.32,33.32,33.28,33.285,900,2022-06-24 14:40:00,EVBG
33.245,33.26,33.18,33.22,1000,2022-06-24 14:41:00,EVBG
33.21,33.21,33.2055,33.2055,500,2022-06-24 14:42:00,EVBG
33.27,33.28,33.24,33.245,1800,2022-06-24 14:43:00,EVBG
33.255,33.29,33.25,33.25,800,2022-06-24 14:44:00,EVBG
33.25,33.25,33.19,33.19,600,2022-06-24 14:45:00,EVBG
33.22,33.28,33.19,33.25,1800,2022-06-24 14:46:00,EVBG
33.26,33.33,33.25,33.26,3366,2022-06-24 14:47:00,EVBG
33.26,33.32,33.23,33.23,2804,2022-06-24 14:48:00,EVBG
33.24,33.3,33.24,33.3,600,2022-06-24 14:49:00,EVBG
33.305,33.305,33.14,33.16,800,2022-06-24 14:50:00,EVBG
33.19,33.19,33.12,33.12,1300,2022-06-24 14:51:00,EVBG
33.14,33.18,33.13,33.15,2300,2022-06-24 14:52:00,EVBG
33.16,33.16,33.12,33.12,1200,2022-06-24 14:53:00,EVBG
33.1,33.115,33.1,33.1,500,2022-06-24 14:54:00,EVBG
33.13,33.155,33.12,33.1325,1600,2022-06-24 14:55:00,EVBG
33.145,33.33,33.145,33.32,3500,2022-06-24 14:56:00,EVBG
33.31,33.39,33.31,33.39,4031,2022-06-24 14:57:00,EVBG
33.41,33.41,33.4,33.4,300,2022-06-24 14:58:00,EVBG
33.335,33.37,33.335,33.37,800,2022-06-24 14:59:00,EVBG
33.42,33.42,33.42,33.42,100,2022-06-24 15:00:00,EVBG
33.49,33.57,33.49,33.52,1900,2022-06-24 15:01:00,EVBG
33.545,33.61,33.545,33.61,400,2022-06-24 15:02:00,EVBG
33.71,33.71,33.71,33.71,150,2022-06-24 15:03:00,EVBG
33.7,33.71,33.69,33.705,2200,2022-06-24 15:04:00,EVBG
33.69,33.76,33.67,33.7,3000,2022-06-24 15:05:00,EVBG
33.71,33.71,33.69,33.71,1103,2022-06-24 15:06:00,EVBG
33.67,33.7,33.67,33.69,1300,2022-06-24 15:07:00,EVBG
33.69,33.69,33.64,33.65,2643,2022-06-24 15:08:00,EVBG
33.61,33.62,33.54,33.54,900,2022-06-24 15:09:00,EVBG
33.56,33.61,33.56,33.56,800,2022-06-24 15:10:00,EVBG
33.435,33.49,33.435,33.49,531,2022-06-24 15:11:00,EVBG
33.5,33.53,33.46,33.51,800,2022-06-24 15:12:00,EVBG
33.47,33.47,33.47,33.47,200,2022-06-24 15:13:00,EVBG
33.49,33.49,33.44,33.45,1023,2022-06-24 15:14:00,EVBG
33.4596,33.4596,33.4,33.4,575,2022-06-24 15:15:00,EVBG
33.3,33.4,33.3,33.39,500,2022-06-24 15:16:00,EVBG
33.37,33.37,33.37,33.37,600,2022-06-24 15:17:00,EVBG
33.3175,33.39,33.3175,33.35,1200,2022-06-24 15:18:00,EVBG
33.32,33.32,33.28,33.28,800,2022-06-24 15:19:00,EVBG
33.32,33.32,33.26,33.26,800,2022-06-24 15:20:00,EVBG
33.28,33.28,33.26,33.26,200,2022-06-24 15:21:00,EVBG
33.2647,33.2647,33.16,33.16,1303,2022-06-24 15:22:00,EVBG
33.22,33.24,33.2015,33.2015,1495,2022-06-24 15:23:00,EVBG
33.19,33.19,33.19,33.19,100,2022-06-24 15:24:00,EVBG
33.23,33.28,33.22,33.26,2603,2022-06-24 15:25:00,EVBG
33.26,33.28,33.26,33.265,500,2022-06-24 15:26:00,EVBG
33.25,33.275,33.245,33.275,1103,2022-06-24 15:27:00,EVBG
33.275,33.37,33.275,33.36,1200,2022-06-24 15:28:00,EVBG
33.37,33.41,33.37,33.405,1611,2022-06-24 15:29:00,EVBG
33.4,33.4,33.33,33.4,2511,2022-06-24 15:30:00,EVBG
33.37,33.41,33.36,33.36,400,2022-06-24 15:31:00,EVBG
33.4,33.44,33.4,33.41,1224,2022-06-24 15:32:00,EVBG
33.4,33.43,33.4,33.43,300,2022-06-24 15:33:00,EVBG
33.41,33.41,33.35,33.35,706,2022-06-24 15:34:00,EVBG
33.29,33.29,33.27,33.28,500,2022-06-24 15:35:00,EVBG
33.29,33.32,33.285,33.32,1600,2022-06-24 15:36:00,EVBG
33.3,33.3,33.27,33.27,1100,2022-06-24 15:37:00,EVBG
33.3,33.325,33.28,33.31,1700,2022-06-24 15:38:00,EVBG
33.34,33.34,33.3,33.34,2100,2022-06-24 15:39:00,EVBG
33.36,33.36,33.31,33.31,1062,2022-06-24 15:40:00,EVBG
33.31,33.31,33.285,33.285,200,2022-06-24 15:41:00,EVBG
33.26,33.3,33.26,33.29,1000,2022-06-24 15:42:00,EVBG
33.29,33.29,33.275,33.275,500,2022-06-24 15:44:00,EVBG
33.25,33.25,33.225,33.225,200,2022-06-24 15:45:00,EVBG
33.22,33.28,33.21,33.27,2241,2022-06-24 15:46:00,EVBG
33.27,33.33,33.27,33.305,800,2022-06-24 15:47:00,EVBG
33.32,33.32,33.32,33.32,100,2022-06-24 15:48:00,EVBG
33.34,33.34,33.325,33.33,400,2022-06-24 15:49:00,EVBG
33.27,33.27,33.205,33.205,1500,2022-06-24 15:50:00,EVBG
33.1804,33.21,33.17,33.17,1061,2022-06-24 15:51:00,EVBG
33.1853,33.295,33.17,33.295,1597,2022-06-24 15:52:00,EVBG
33.27,33.27,33.27,33.27,100,2022-06-24 15:53:00,EVBG
33.27,33.27,33.25,33.255,1010,2022-06-24 15:54:00,EVBG
33.25,33.25,33.21,33.21,600,2022-06-24 15:55:00,EVBG
33.225,33.26,33.21,33.24,2900,2022-06-24 15:56:00,EVBG
33.26,33.28,33.25,33.27,4402,2022-06-24 15:57:00,EVBG
33.26,33.26,33.19,33.25,1800,2022-06-24 15:58:00,EVBG
33.3,33.3,33.29,33.3,400,2022-06-24 15:59:00,EVBG
33.31,33.34,33.31,33.335,900,2022-06-24 16:00:00,EVBG
33.35,33.4,33.34,33.38,1200,2022-06-24 16:01:00,EVBG
33.39,33.41,33.39,33.41,1000,2022-06-24 16:02:00,EVBG
33.425,33.425,33.425,33.425,100,2022-06-24 16:03:00,EVBG
33.425,33.425,33.4,33.4,400,2022-06-24 16:04:00,EVBG
33.39,33.39,33.36,33.36,800,2022-06-24 16:05:00,EVBG
33.37,33.39,33.37,33.385,1100,2022-06-24 16:06:00,EVBG
33.4,33.405,33.355,33.365,1800,2022-06-24 16:07:00,EVBG
33.41,33.43,33.41,33.425,800,2022-06-24 16:08:00,EVBG
33.42,33.44,33.41,33.44,400,2022-06-24 16:09:00,EVBG
33.45,33.49,33.44,33.49,6588,2022-06-24 16:10:00,EVBG
33.49,33.49,33.48,33.48,684,2022-06-24 16:11:00,EVBG
33.46,33.46,33.41,33.41,1215,2022-06-24 16:12:00,EVBG
33.41,33.41,33.4,33.4,200,2022-06-24 16:13:00,EVBG
33.42,33.445,33.42,33.445,700,2022-06-24 16:14:00,EVBG
33.45,33.49,33.45,33.48,1100,2022-06-24 16:15:00,EVBG
33.49,33.49,33.44,33.44,1026,2022-06-24 16:16:00,EVBG
33.44,33.445,33.4,33.4,1631,2022-06-24 16:17:00,EVBG
33.39,33.4,33.39,33.4,359,2022-06-24 16:18:00,EVBG
33.4,33.42,33.4,33.405,400,2022-06-24 16:19:00,EVBG
33.38,33.39,33.38,33.38,800,2022-06-24 16:20:00,EVBG
33.335,33.335,33.27,33.28,1800,2022-06-24 16:21:00,EVBG
33.295,33.295,33.295,33.295,200,2022-06-24 16:22:00,EVBG
33.29,33.3504,33.29,33.3504,1800,2022-06-24 16:23:00,EVBG
33.375,33.38,33.375,33.375,511,2022-06-24 16:24:00,EVBG
33.375,33.375,33.35,33.36,1200,2022-06-24 16:25:00,EVBG
33.415,33.415,33.415,33.415,100,2022-06-24 16:26:00,EVBG
33.41,33.41,33.37,33.39,900,2022-06-24 16:27:00,EVBG
33.405,33.425,33.405,33.425,500,2022-06-24 16:28:00,EVBG
33.41,33.43,33.391,33.43,1111,2022-06-24 16:29:00,EVBG
33.444,33.4725,33.444,33.4725,200,2022-06-24 16:30:00,EVBG
33.46,33.46,33.36,33.36,2779,2022-06-24 16:31:00,EVBG
33.36,33.4071,33.36,33.4071,1300,2022-06-24 16:32:00,EVBG
33.41,33.43,33.39,33.39,900,2022-06-24 16:33:00,EVBG
33.385,33.4,33.385,33.4,200,2022-06-24 16:34:00,EVBG
33.39,33.39,33.36,33.38,2335,2022-06-24 16:35:00,EVBG
33.38,33.43,33.375,33.43,2095,2022-06-24 16:36:00,EVBG
33.44,33.45,33.43,33.45,503,2022-06-24 16:37:00,EVBG
33.44,33.47,33.415,33.47,2800,2022-06-24 16:38:00,EVBG
33.46,33.47,33.46,33.46,300,2022-06-24 16:39:00,EVBG
33.45,33.4698,33.45,33.45,825,2022-06-24 16:40:00,EVBG
33.45,33.48,33.45,33.48,1204,2022-06-24 16:41:00,EVBG
33.495,33.495,33.495,33.495,200,2022-06-24 16:42:00,EVBG
33.4701,33.525,33.4701,33.525,300,2022-06-24 16:43:00,EVBG
33.535,33.535,33.51,33.51,400,2022-06-24 16:44:00,EVBG
33.51,33.51,33.44,33.445,3186,2022-06-24 16:45:00,EVBG
33.45,33.45,33.435,33.435,905,2022-06-24 16:46:00,EVBG
33.44,33.45,33.385,33.4,1700,2022-06-24 16:47:00,EVBG
33.41,33.42,33.4,33.42,1200,2022-06-24 16:48:00,EVBG
33.41,33.42,33.41,33.42,900,2022-06-24 16:49:00,EVBG
33.425,33.47,33.425,33.46,1300,2022-06-24 16:50:00,EVBG
33.4575,33.48,33.4575,33.47,900,2022-06-24 16:51:00,EVBG
33.45,33.45,33.45,33.45,100,2022-06-24 16:52:00,EVBG
33.445,33.46,33.445,33.455,1100,2022-06-24 16:53:00,EVBG
33.455,33.455,33.455,33.455,100,2022-06-24 16:54:00,EVBG
33.47,33.48,33.43,33.44,1700,2022-06-24 16:55:00,EVBG
33.43,33.435,33.415,33.43,1200,2022-06-24 16:56:00,EVBG
33.43,33.44,33.41,33.44,800,2022-06-24 16:57:00,EVBG
33.445,33.455,33.43,33.44,700,2022-06-24 16:58:00,EVBG
33.46,33.46,33.44,33.45,600,2022-06-24 16:59:00,EVBG
33.445,33.445,33.445,33.445,100,2022-06-24 17:01:00,EVBG
33.43,33.43,33.335,33.35,1609,2022-06-24 17:02:00,EVBG
33.35,33.35,33.34,33.34,383,2022-06-24 17:03:00,EVBG
33.32,33.32,33.255,33.26,1500,2022-06-24 17:04:00,EVBG
33.286,33.29,33.245,33.245,1103,2022-06-24 17:05:00,EVBG
33.26,33.2609,33.22,33.22,600,2022-06-24 17:06:00,EVBG
33.24,33.24,33.23,33.23,200,2022-06-24 17:07:00,EVBG
33.22,33.22,33.19,33.19,809,2022-06-24 17:08:00,EVBG
33.2,33.22,33.2,33.22,1402,2022-06-24 17:09:00,EVBG
33.21,33.22,33.2,33.22,1000,2022-06-24 17:10:00,EVBG
33.22,33.22,33.21,33.22,700,2022-06-24 17:11:00,EVBG
33.22,33.22,33.22,33.22,100,2022-06-24 17:12:00,EVBG
33.24,33.26,33.24,33.255,400,2022-06-24 17:13:00,EVBG
33.24,33.24,33.2,33.2,1000,2022-06-24 17:14:00,EVBG
33.2,33.2,33.15,33.15,425,2022-06-24 17:15:00,EVBG
33.175,33.175,33.175,33.175,100,2022-06-24 17:16:00,EVBG
33.19,33.19,33.175,33.175,500,2022-06-24 17:18:00,EVBG
33.161,33.161,33.15,33.15,678,2022-06-24 17:19:00,EVBG
33.16,33.17,33.16,33.17,300,2022-06-24 17:20:00,EVBG
33.17,33.19,33.17,33.19,500,2022-06-24 17:21:00,EVBG
33.21,33.24,33.21,33.24,500,2022-06-24 17:22:00,EVBG
33.23,33.28,33.23,33.28,619,2022-06-24 17:23:00,EVBG
33.26,33.26,33.23,33.23,940,2022-06-24 17:24:00,EVBG
33.22,33.22,33.17,33.17,699,2022-06-24 17:25:00,EVBG
33.195,33.21,33.18,33.18,500,2022-06-24 17:26:00,EVBG
33.23,33.25,33.21,33.25,700,2022-06-24 17:27:00,EVBG
33.25,33.33,33.25,33.33,600,2022-06-24 17:28:00,EVBG
33.355,33.36,33.33,33.34,500,2022-06-24 17:29:00,EVBG
33.34,33.38,33.33,33.38,1826,2022-06-24 17:30:00,EVBG
33.37,33.39,33.37,33.39,397,2022-06-24 17:31:00,EVBG
33.35,33.36,33.34,33.36,1593,2022-06-24 17:32:00,EVBG
33.38,33.4,33.37,33.4,900,2022-06-24 17:33:00,EVBG
33.435,33.435,33.42,33.42,400,2022-06-24 17:34:00,EVBG
33.41,33.41,33.36,33.36,900,2022-06-24 17:35:00,EVBG
33.33,33.33,33.287,33.287,500,2022-06-24 17:37:00,EVBG
33.3,33.33,33.3,33.33,749,2022-06-24 17:38:00,EVBG
33.36,33.36,33.32,33.35,1000,2022-06-24 17:39:00,EVBG
33.29,33.31,33.28,33.31,800,2022-06-24 17:40:00,EVBG
33.31,33.31,33.31,33.31,100,2022-06-24 17:41:00,EVBG
33.34,33.34,33.32,33.32,400,2022-06-24 17:42:00,EVBG
33.335,33.335,33.27,33.27,2393,2022-06-24 17:43:00,EVBG
33.26,33.27,33.23,33.27,500,2022-06-24 17:44:00,EVBG
33.22,33.22,33.22,33.22,100,2022-06-24 17:45:00,EVBG
33.19,33.19,33.15,33.15,600,2022-06-24 17:46:00,EVBG
33.16,33.16,33.13,33.16,500,2022-06-24 17:47:00,EVBG
33.14,33.16,33.13,33.135,1300,2022-06-24 17:48:00,EVBG
33.11,33.11,33.11,33.11,1100,2022-06-24 17:49:00,EVBG
33.08,33.09,33.08,33.09,500,2022-06-24 17:50:00,EVBG
33.06,33.06,33.05,33.05,600,2022-06-24 17:51:00,EVBG
33.03,33.06,33.03,33.06,1500,2022-06-24 17:52:00,EVBG
33.05,33.05,33.01,33.01,1200,2022-06-24 17:53:00,EVBG
33.02,33.02,32.93,32.93,300,2022-06-24 17:54:00,EVBG
32.97,32.97,32.94,32.94,714,2022-06-24 17:55:00,EVBG
32.97,33.02,32.96,32.98,1320,2022-06-24 17:56:00,EVBG
32.95,32.95,32.95,32.95,200,2022-06-24 17:57:00,EVBG
32.94,32.95,32.89,32.93,1300,2022-06-24 17:58:00,EVBG
32.93,32.93,32.9,32.92,774,2022-06-24 17:59:00,EVBG
32.98,33.0,32.98,32.99,800,2022-06-24 18:00:00,EVBG
33.0,33.06,33.0,33.06,800,2022-06-24 18:01:00,EVBG
33.09,33.103,33.08,33.08,400,2022-06-24 18:03:00,EVBG
33.05,33.05,33.05,33.05,100,2022-06-24 18:04:00,EVBG
33.05,33.05,33.04,33.04,638,2022-06-24 18:05:00,EVBG
33.07,33.073,33.055,33.055,800,2022-06-24 18:06:00,EVBG
33.06,33.07,33.06,33.07,1204,2022-06-24 18:07:00,EVBG
33.06,33.06,33.04,33.04,2927,2022-06-24 18:08:00,EVBG
33.04,33.04,33.0,33.0,900,2022-06-24 18:09:00,EVBG
33.03,33.085,33.03,33.085,1800,2022-06-24 18:10:00,EVBG
33.09,33.22,33.09,33.22,1339,2022-06-24 18:11:00,EVBG
33.21,33.23,33.21,33.215,900,2022-06-24 18:12:00,EVBG
33.2,33.2,33.17,33.19,1278,2022-06-24 18:13:00,EVBG
33.18,33.18,33.18,33.18,200,2022-06-24 18:14:00,EVBG
33.2,33.27,33.2,33.27,1205,2022-06-24 18:15:00,EVBG
33.3,33.3,33.25,33.27,1300,2022-06-24 18:16:00,EVBG
33.26,33.28,33.24,33.265,1207,2022-06-24 18:17:00,EVBG
33.265,33.28,33.265,33.28,300,2022-06-24 18:18:00,EVBG
33.29,33.31,33.29,33.31,744,2022-06-24 18:19:00,EVBG
33.32,33.35,33.32,33.345,1000,2022-06-24 18:20:00,EVBG
33.34,33.38,33.33,33.38,3051,2022-06-24 18:21:00,EVBG
33.385,33.385,33.36,33.36,931,2022-06-24 18:22:00,EVBG
33.35,33.37,33.35,33.37,501,2022-06-24 18:23:00,EVBG
33.36,33.39,33.36,33.385,800,2022-06-24 18:24:00,EVBG
33.409,33.41,33.38,33.39,500,2022-06-24 18:25:00,EVBG
33.4,33.4,33.375,33.395,1464,2022-06-24 18:27:00,EVBG
33.39,33.39,33.39,33.39,100,2022-06-24 18:28:00,EVBG
33.395,33.419,33.37,33.419,1500,2022-06-24 18:29:00,EVBG
33.41,33.42,33.41,33.42,300,2022-06-24 18:30:00,EVBG
33.41,33.44,33.41,33.425,1300,2022-06-24 18:31:00,EVBG
33.425,33.47,33.425,33.46,1600,2022-06-24 18:32:00,EVBG
33.47,33.48,33.46,33.48,500,2022-06-24 18:33:00,EVBG
33.49,33.49,33.485,33.485,216,2022-06-24 18:34:00,EVBG
33.5,33.5,33.45,33.47,1700,2022-06-24 18:35:00,EVBG
33.465,33.49,33.465,33.49,400,2022-06-24 18:36:00,EVBG
33.47,33.495,33.47,33.495,300,2022-06-24 18:37:00,EVBG
33.49,33.505,33.48,33.505,800,2022-06-24 18:38:00,EVBG
33.5,33.56,33.5,33.555,900,2022-06-24 18:39:00,EVBG
33.555,33.555,33.54,33.55,1670,2022-06-24 18:40:00,EVBG
33.56,33.57,33.55,33.56,1601,2022-06-24 18:41:00,EVBG
33.57,33.59,33.57,33.57,1300,2022-06-24 18:42:00,EVBG
33.56,33.57,33.545,33.57,1600,2022-06-24 18:43:00,EVBG
33.57,33.64,33.57,33.64,500,2022-06-24 18:44:00,EVBG
33.64,33.6564,33.64,33.655,421,2022-06-24 18:45:00,EVBG
33.645,33.645,33.645,33.645,100,2022-06-24 18:46:00,EVBG
33.64,33.64,33.63,33.64,1998,2022-06-24 18:47:00,EVBG
33.65,33.65,33.625,33.625,1600,2022-06-24 18:48:00,EVBG
33.625,33.645,33.625,33.64,1547,2022-06-24 18:49:00,EVBG
33.635,33.64,33.62,33.64,700,2022-06-24 18:50:00,EVBG
33.64,33.65,33.63,33.63,300,2022-06-24 18:51:00,EVBG
33.64,33.64,33.61,33.61,1900,2022-06-24 18:52:00,EVBG
33.61,33.61,33.57,33.57,800,2022-06-24 18:53:00,EVBG
33.57,33.64,33.57,33.64,1637,2022-06-24 18:54:00,EVBG
33.63,33.65,33.62,33.64,2293,2022-06-24 18:56:00,EVBG
33.64,33.64,33.635,33.635,200,2022-06-24 18:57:00,EVBG
33.635,33.64,33.61,33.61,900,2022-06-24 18:58:00,EVBG
33.625,33.625,33.6,33.6,1143,2022-06-24 18:59:00,EVBG
33.6,33.6,33.6,33.6,100,2022-06-24 19:00:00,EVBG
33.6,33.635,33.59,33.63,3506,2022-06-24 19:01:00,EVBG
33.65,33.65,33.63,33.63,1200,2022-06-24 19:02:00,EVBG
33.61,33.61,33.57,33.57,1810,2022-06-24 19:03:00,EVBG
33.6,33.62,33.6,33.62,800,2022-06-24 19:04:00,EVBG
33.61,33.61,33.567,33.567,1000,2022-06-24 19:05:00,EVBG
33.56,33.56,33.53,33.53,1100,2022-06-24 19:06:00,EVBG
33.55,33.56,33.55,33.56,508,2022-06-24 19:07:00,EVBG
33.56,33.56,33.5512,33.56,1697,2022-06-24 19:08:00,EVBG
33.55,33.55,33.521,33.521,1100,2022-06-24 19:09:00,EVBG
33.52,33.53,33.49,33.53,1518,2022-06-24 19:10:00,EVBG
33.52,33.5225,33.49,33.5,790,2022-06-24 19:11:00,EVBG
33.495,33.58,33.495,33.58,2394,2022-06-24 19:12:00,EVBG
33.615,33.67,33.597,33.65,7334,2022-06-24 19:13:00,EVBG
33.71,33.71,33.71,33.71,200,2022-06-24 19:14:00,EVBG
33.69,33.735,33.69,33.735,680,2022-06-24 19:15:00,EVBG
33.75,33.79,33.75,33.79,500,2022-06-24 19:16:00,EVBG
33.76,33.76,33.73,33.73,900,2022-06-24 19:17:00,EVBG
33.72,33.73,33.71,33.725,1000,2022-06-24 19:18:00,EVBG
33.71,33.73,33.695,33.73,1744,2022-06-24 19:19:00,EVBG
33.73,33.77,33.73,33.77,739,2022-06-24 19:20:00,EVBG
33.775,33.79,33.74,33.74,3400,2022-06-24 19:21:00,EVBG
33.71,33.72,33.695,33.72,1100,2022-06-24 19:22:00,EVBG
33.72,33.73,33.675,33.73,2300,2022-06-24 19:23:00,EVBG
33.73,33.73,33.7038,33.7038,1364,2022-06-24 19:24:00,EVBG
33.7,33.7,33.685,33.695,500,2022-06-24 19:25:00,EVBG
33.69,33.69,33.68,33.68,200,2022-06-24 19:26:00,EVBG
33.67,33.69,33.62,33.68,3766,2022-06-24 19:27:00,EVBG
33.71,33.75,33.705,33.73,2500,2022-06-24 19:28:00,EVBG
33.74,33.74,33.71,33.71,800,2022-06-24 19:29:00,EVBG
33.7,33.73,33.7,33.73,800,2022-06-24 19:30:00,EVBG
33.72,33.72,33.65,33.67,3323,2022-06-24 19:31:00,EVBG
33.68,33.7,33.68,33.7,1213,2022-06-24 19:32:00,EVBG
33.69,33.69,33.68,33.68,900,2022-06-24 19:33:00,EVBG
33.651,33.67,33.631,33.631,700,2022-06-24 19:34:00,EVBG
33.63,33.67,33.625,33.65,3217,2022-06-24 19:35:00,EVBG
33.66,33.68,33.66,33.68,500,2022-06-24 19:36:00,EVBG
33.68,33.69,33.66,33.66,1752,2022-06-24 19:37:00,EVBG
33.65,33.71,33.65,33.705,2960,2022-06-24 19:38:00,EVBG
33.7,33.71,33.68,33.68,3300,2022-06-24 19:39:00,EVBG
33.685,33.7,33.685,33.7,200,2022-06-24 19:40:00,EVBG
33.69,33.715,33.69,33.711,1360,2022-06-24 19:41:00,EVBG
33.715,33.715,33.69,33.69,2637,2022-06-24 19:42:00,EVBG
33.68,33.68,33.64,33.66,4214,2022-06-24 19:43:00,EVBG
33.68,33.68,33.65,33.655,3076,2022-06-24 19:44:00,EVBG
33.66,33.68,33.62,33.62,5529,2022-06-24 19:45:00,EVBG
33.605,33.605,33.57,33.57,1797,2022-06-24 19:46:00,EVBG
33.55,33.55,33.51,33.51,3803,2022-06-24 19:47:00,EVBG
33.51,33.59,33.48,33.57,3049,2022-06-24 19:48:00,EVBG
33.59,33.59,33.55,33.55,4238,2022-06-24 19:49:00,EVBG
33.54,33.57,32.79,32.86,62437,2022-06-24 19:50:00,EVBG
32.86,32.86,32.54,32.54,41048,2022-06-24 19:51:00,EVBG
32.54,32.58,32.49,32.49,34926,2022-06-24 19:52:00,EVBG
32.49,32.96,32.49,32.91,21505,2022-06-24 19:53:00,EVBG
32.92,32.97,32.68,32.8807,39249,2022-06-24 19:54:00,EVBG
32.85,32.85,32.65,32.68,36382,2022-06-24 19:55:00,EVBG
32.67,32.67,32.36,32.445,25540,2022-06-24 19:56:00,EVBG
32.39,32.53,32.37,32.53,29391,2022-06-24 19:57:00,EVBG
32.54,32.56,32.51,32.52,31338,2022-06-24 19:58:00,EVBG
32.52,32.55,32.39,32.46,69991,2022-06-24 19:59:00,EVBG
32.46,32.46,32.45,32.45,2309416,2022-06-24 20:00:00,EVBG
32.46,32.46,32.46,32.46,86278,2022-06-24 20:02:00,EVBG
32.46,32.46,32.46,32.46,400212,2022-06-24 20:03:00,EVBG
32.42,32.42,32.42,32.42,100,2022-06-24 20:09:00,EVBG
32.36,32.36,32.36,32.36,400,2022-06-24 20:15:00,EVBG
32.34,32.34,32.34,32.34,150,2022-06-24 20:19:00,EVBG
32.46,32.46,32.46,32.46,278,2022-06-24 20:36:00,EVBG
32.93,33.17,32.93,33.17,200,2022-06-27 13:25:00,EVBG
32.68,33.29,32.68,33.29,15130,2022-06-27 13:30:00,EVBG
33.4,33.4,32.75,33.03,1227,2022-06-27 13:31:00,EVBG
32.83,32.83,32.7,32.7,1600,2022-06-27 13:32:00,EVBG
32.56,32.56,32.46,32.53,2426,2022-06-27 13:33:00,EVBG
32.5,32.55,32.3,32.37,12123,2022-06-27 13:34:00,EVBG
32.35,32.36,32.13,32.15,2799,2022-06-27 13:35:00,EVBG
32.07,32.14,32.0,32.0,2057,2022-06-27 13:36:00,EVBG
31.97,32.17,31.97,32.17,800,2022-06-27 13:37:00,EVBG
32.22,32.36,32.16,32.36,2088,2022-06-27 13:38:00,EVBG
32.39,32.57,32.36,32.57,1920,2022-06-27 13:39:00,EVBG
32.51,32.545,32.26,32.39,2900,2022-06-27 13:40:00,EVBG
32.35,32.3851,32.32,32.36,2190,2022-06-27 13:41:00,EVBG
32.36,32.45,32.25,32.395,1600,2022-06-27 13:42:00,EVBG
32.25,32.28,32.14,32.19,2700,2022-06-27 13:43:00,EVBG
32.19,32.275,32.125,32.275,1830,2022-06-27 13:44:00,EVBG
32.34,32.34,32.33,32.33,400,2022-06-27 13:45:00,EVBG
32.27,32.48,32.26,32.31,1899,2022-06-27 13:46:00,EVBG
32.28,32.46,32.28,32.37,800,2022-06-27 13:47:00,EVBG
32.37,32.48,32.37,32.44,1200,2022-06-27 13:48:00,EVBG
32.425,32.57,32.425,32.52,1600,2022-06-27 13:49:00,EVBG
32.45,32.45,32.32,32.43,1300,2022-06-27 13:50:00,EVBG
32.465,32.59,32.41,32.59,2400,2022-06-27 13:51:00,EVBG
32.7376,32.7376,32.675,32.7,1400,2022-06-27 13:53:00,EVBG
32.82,32.95,32.82,32.95,651,2022-06-27 13:54:00,EVBG
32.95,33.0,32.88,32.925,953,2022-06-27 13:55:00,EVBG
32.88,33.05,32.88,33.05,700,2022-06-27 13:56:00,EVBG
33.05,33.18,32.91,32.91,2484,2022-06-27 13:57:00,EVBG
32.935,33.0,32.935,32.935,400,2022-06-27 13:58:00,EVBG
32.93,32.945,32.86,32.9,1106,2022-06-27 13:59:00,EVBG
32.96,33.03,32.93,32.94,500,2022-06-27 14:00:00,EVBG
33.02,33.02,33.02,33.02,100,2022-06-27 14:01:00,EVBG
33.07,33.07,33.07,33.07,100,2022-06-27 14:03:00,EVBG
33.11,33.19,33.035,33.19,1200,2022-06-27 14:04:00,EVBG
33.03,33.03,33.02,33.02,200,2022-06-27 14:05:00,EVBG
33.02,33.02,32.885,32.885,500,2022-06-27 14:06:00,EVBG
32.86,32.915,32.86,32.915,200,2022-06-27 14:07:00,EVBG
32.82,32.825,32.75,32.79,807,2022-06-27 14:08:00,EVBG
32.75,32.75,32.69,32.69,300,2022-06-27 14:09:00,EVBG
32.74,32.77,32.67,32.67,500,2022-06-27 14:10:00,EVBG
32.59,32.59,32.58,32.58,200,2022-06-27 14:11:00,EVBG
32.52,32.53,32.52,32.53,300,2022-06-27 14:12:00,EVBG
32.49,32.49,32.45,32.475,300,2022-06-27 14:13:00,EVBG
32.4,32.41,32.4,32.41,200,2022-06-27 14:14:00,EVBG
32.41,32.41,32.37,32.37,400,2022-06-27 14:15:00,EVBG
32.36,32.45,32.35,32.45,1002,2022-06-27 14:16:00,EVBG
32.41,32.41,32.365,32.365,200,2022-06-27 14:17:00,EVBG
32.33,32.33,32.29,32.29,200,2022-06-27 14:18:00,EVBG
32.33,32.335,32.295,32.295,1000,2022-06-27 14:19:00,EVBG
32.33,32.36,32.33,32.33,499,2022-06-27 14:20:00,EVBG
32.39,32.455,32.39,32.415,1700,2022-06-27 14:21:00,EVBG
32.41,32.41,32.36,32.375,400,2022-06-27 14:22:00,EVBG
32.25,32.28,32.205,32.215,1209,2022-06-27 14:23:00,EVBG
32.23,32.25,32.23,32.25,200,2022-06-27 14:24:00,EVBG
32.19,32.19,32.11,32.11,800,2022-06-27 14:25:00,EVBG
32.06,32.15,32.06,32.12,500,2022-06-27 14:26:00,EVBG
32.18,32.18,32.18,32.18,100,2022-06-27 14:27:00,EVBG
32.13,32.28,32.13,32.25,1600,2022-06-27 14:28:00,EVBG
32.23,32.25,32.2,32.21,506,2022-06-27 14:29:00,EVBG
32.15,32.31,32.1,32.31,1900,2022-06-27 14:30:00,EVBG
32.31,32.34,32.3,32.34,600,2022-06-27 14:31:00,EVBG
32.34,32.38,32.32,32.36,1600,2022-06-27 14:32:00,EVBG
32.34,32.39,32.34,32.39,400,2022-06-27 14:33:00,EVBG
32.445,32.515,32.445,32.485,1498,2022-06-27 14:34:00,EVBG
32.53,32.61,32.53,32.59,2100,2022-06-27 14:35:00,EVBG
32.56,32.575,32.48,32.48,2448,2022-06-27 14:36:00,EVBG
32.46,32.55,32.46,32.545,900,2022-06-27 14:37:00,EVBG
32.545,32.56,32.51,32.51,700,2022-06-27 14:38:00,EVBG
32.51,32.57,32.47,32.56,1195,2022-06-27 14:39:00,EVBG
32.56,32.6,32.52,32.52,987,2022-06-27 14:40:00,EVBG
32.46,32.475,32.429,32.43,600,2022-06-27 14:41:00,EVBG
32.45,32.61,32.42,32.61,1760,2022-06-27 14:42:00,EVBG
32.599,32.599,32.44,32.44,1400,2022-06-27 14:43:00,EVBG
32.5,32.58,32.47,32.58,600,2022-06-27 14:44:00,EVBG
32.57,32.57,32.545,32.57,900,2022-06-27 14:45:00,EVBG
32.56,32.61,32.56,32.585,506,2022-06-27 14:46:00,EVBG
32.6,32.705,32.6,32.705,2800,2022-06-27 14:47:00,EVBG
32.71,32.71,32.69,32.69,600,2022-06-27 14:48:00,EVBG
32.67,32.68,32.63,32.68,1706,2022-06-27 14:49:00,EVBG
32.675,32.685,32.65,32.685,500,2022-06-27 14:50:00,EVBG
32.675,32.695,32.65,32.67,1082,2022-06-27 14:51:00,EVBG
32.675,32.7,32.65,32.7,3345,2022-06-27 14:52:00,EVBG
32.7,32.7,32.625,32.65,5354,2022-06-27 14:53:00,EVBG
32.67,32.735,32.67,32.72,600,2022-06-27 14:54:00,EVBG
32.74,32.81,32.73,32.79,900,2022-06-27 14:55:00,EVBG
32.82,32.84,32.785,32.82,2087,2022-06-27 14:56:00,EVBG
32.815,32.82,32.79,32.82,300,2022-06-27 14:57:00,EVBG
32.87,32.87,32.735,32.735,1100,2022-06-27 14:58:00,EVBG
32.74,32.795,32.73,32.745,1200,2022-06-27 14:59:00,EVBG
32.75,32.81,32.75,32.81,800,2022-06-27 15:00:00,EVBG
32.81,32.81,32.73,32.745,1202,2022-06-27 15:01:00,EVBG
32.745,32.76,32.745,32.76,400,2022-06-27 15:02:00,EVBG
32.76,32.795,32.76,32.795,600,2022-06-27 15:03:00,EVBG
32.805,32.93,32.805,32.93,1400,2022-06-27 15:04:00,EVBG
32.88,32.88,32.79,32.81,2800,2022-06-27 15:05:00,EVBG
32.79,32.835,32.79,32.82,600,2022-06-27 15:06:00,EVBG
32.815,32.815,32.8,32.81,300,2022-06-27 15:07:00,EVBG
32.79,32.79,32.755,32.775,915,2022-06-27 15:08:00,EVBG
32.78,32.78,32.72,32.72,801,2022-06-27 15:09:00,EVBG
32.64,32.65,32.6,32.65,1271,2022-06-27 15:10:00,EVBG
32.67,32.72,32.67,32.71,900,2022-06-27 15:11:00,EVBG
32.69,32.69,32.64,32.64,900,2022-06-27 15:12:00,EVBG
32.67,32.68,32.67,32.67,300,2022-06-27 15:13:00,EVBG
32.66,32.705,32.66,32.67,1000,2022-06-27 15:14:00,EVBG
32.633,32.7,32.6,32.68,1307,2022-06-27 15:15:00,EVBG
32.67,32.72,32.67,32.72,200,2022-06-27 15:16:00,EVBG
32.67,32.68,32.5269,32.56,807,2022-06-27 15:17:00,EVBG
32.52,32.52,32.5,32.5,800,2022-06-27 15:18:00,EVBG
32.51,32.52,32.44,32.44,600,2022-06-27 15:19:00,EVBG
32.42,32.435,32.39,32.39,600,2022-06-27 15:20:00,EVBG
32.38,32.475,32.38,32.47,1246,2022-06-27 15:21:00,EVBG
32.46,32.525,32.46,32.525,1173,2022-06-27 15:22:00,EVBG
32.49,32.5399,32.49,32.52,700,2022-06-27 15:23:00,EVBG
32.55,32.57,32.55,32.56,800,2022-06-27 15:24:00,EVBG
32.56,32.62,32.56,32.58,800,2022-06-27 15:25:00,EVBG
32.605,32.64,32.6,32.615,856,2022-06-27 15:26:00,EVBG
32.605,32.65,32.605,32.63,300,2022-06-27 15:27:00,EVBG
32.645,32.73,32.645,32.73,603,2022-06-27 15:28:00,EVBG
32.78,32.79,32.76,32.76,1325,2022-06-27 15:29:00,EVBG
32.75,32.75,32.73,32.75,400,2022-06-27 15:30:00,EVBG
32.73,32.75,32.73,32.75,200,2022-06-27 15:31:00,EVBG
32.72,32.72,32.71,32.72,400,2022-06-27 15:32:00,EVBG
32.72,32.7514,32.72,32.75,1031,2022-06-27 15:33:00,EVBG
32.72,32.72,32.68,32.68,200,2022-06-27 15:34:00,EVBG
32.67,32.725,32.67,32.725,1000,2022-06-27 15:35:00,EVBG
32.73,32.735,32.68,32.68,1401,2022-06-27 15:36:00,EVBG
32.67,32.67,32.63,32.66,1200,2022-06-27 15:37:00,EVBG
32.67,32.68,32.67,32.68,300,2022-06-27 15:38:00,EVBG
32.66,32.66,32.62,32.65,600,2022-06-27 15:39:00,EVBG
32.64,32.665,32.615,32.665,500,2022-06-27 15:41:00,EVBG
32.66,32.68,32.655,32.68,400,2022-06-27 15:42:00,EVBG
32.69,32.7,32.69,32.695,400,2022-06-27 15:44:00,EVBG
32.72,32.75,32.71,32.75,850,2022-06-27 15:45:00,EVBG
32.72,32.73,32.71,32.71,900,2022-06-27 15:46:00,EVBG
32.71,32.71,32.65,32.65,1080,2022-06-27 15:47:00,EVBG
32.64,32.64,32.62,32.62,300,2022-06-27 15:48:00,EVBG
32.61,32.63,32.55,32.55,2500,2022-06-27 15:49:00,EVBG
32.45,32.45,32.45,32.45,100,2022-06-27 15:51:00,EVBG
32.38,32.44,32.38,32.43,751,2022-06-27 15:52:00,EVBG
32.43,32.43,32.43,32.43,100,2022-06-27 15:53:00,EVBG
32.42,32.44,32.41,32.41,600,2022-06-27 15:54:00,EVBG
32.395,32.41,32.395,32.41,300,2022-06-27 15:55:00,EVBG
32.38,32.41,32.37,32.39,400,2022-06-27 15:56:00,EVBG
32.43,32.43,32.39,32.395,800,2022-06-27 15:57:00,EVBG
32.39,32.44,32.39,32.44,400,2022-06-27 15:58:00,EVBG
32.47,32.47,32.42,32.42,1000,2022-06-27 16:00:00,EVBG
32.39,32.39,32.3,32.3,800,2022-06-27 16:01:00,EVBG
32.28,32.28,32.18,32.18,603,2022-06-27 16:02:00,EVBG
32.25,32.29,32.24,32.29,1000,2022-06-27 16:03:00,EVBG
32.25,32.26,32.23,32.23,1143,2022-06-27 16:04:00,EVBG
32.29,32.3,32.27,32.27,800,2022-06-27 16:05:00,EVBG
32.24,32.24,32.235,32.235,325,2022-06-27 16:06:00,EVBG
32.27,32.36,32.27,32.3,2744,2022-06-27 16:07:00,EVBG
32.325,32.33,32.31,32.31,600,2022-06-27 16:08:00,EVBG
32.3,32.3,32.28,32.29,700,2022-06-27 16:09:00,EVBG
32.28,32.3,32.24,32.3,1497,2022-06-27 16:10:00,EVBG
32.2922,32.2922,32.2922,32.2922,344,2022-06-27 16:11:00,EVBG
32.37,32.385,32.37,32.385,600,2022-06-27 16:12:00,EVBG
32.4,32.41,32.39,32.39,1400,2022-06-27 16:13:00,EVBG
32.38,32.38,32.34,32.34,665,2022-06-27 16:14:00,EVBG
32.33,32.33,32.28,32.28,500,2022-06-27 16:15:00,EVBG
32.28,32.3,32.28,32.3,200,2022-06-27 16:16:00,EVBG
32.28,32.29,32.25,32.27,1100,2022-06-27 16:17:00,EVBG
32.34,32.34,32.33,32.33,300,2022-06-27 16:19:00,EVBG
32.3,32.3,32.25,32.255,800,2022-06-27 16:20:00,EVBG
32.27,32.29,32.27,32.29,300,2022-06-27 16:22:00,EVBG
32.29,32.29,32.215,32.215,700,2022-06-27 16:23:00,EVBG
32.14,32.14,32.14,32.14,300,2022-06-27 16:24:00,EVBG
32.11,32.11,32.09,32.09,300,2022-06-27 16:25:00,EVBG
32.06,32.12,32.04,32.12,600,2022-06-27 16:26:00,EVBG
32.07,32.07,32.07,32.07,100,2022-06-27 16:27:00,EVBG
32.07,32.13,32.07,32.13,875,2022-06-27 16:28:00,EVBG
32.14,32.14,32.105,32.105,700,2022-06-27 16:30:00,EVBG
32.09,32.14,32.075,32.14,1331,2022-06-27 16:31:00,EVBG
32.16,32.17,32.155,32.155,575,2022-06-27 16:32:00,EVBG
32.17,32.17,32.15,32.15,400,2022-06-27 16:33:00,EVBG
32.165,32.19,32.165,32.19,400,2022-06-27 16:34:00,EVBG
32.19,32.19,32.15,32.15,700,2022-06-27 16:35:00,EVBG
32.17,32.18,32.17,32.18,200,2022-06-27 16:36:00,EVBG
32.17,32.2,32.17,32.2,300,2022-06-27 16:37:00,EVBG
32.18,32.18,32.15,32.15,600,2022-06-27 16:38:00,EVBG
32.19,32.19,32.15,32.15,565,2022-06-27 16:39:00,EVBG
32.13,32.15,32.13,32.15,400,2022-06-27 16:40:00,EVBG
32.16,32.19,32.16,32.16,764,2022-06-27 16:41:00,EVBG
32.185,32.185,32.185,32.185,100,2022-06-27 16:42:00,EVBG
32.17,32.21,32.17,32.185,1331,2022-06-27 16:43:00,EVBG
32.2,32.22,32.2,32.22,301,2022-06-27 16:44:00,EVBG
32.24,32.24,32.23,32.23,500,2022-06-27 16:45:00,EVBG
32.215,32.23,32.215,32.23,200,2022-06-27 16:46:00,EVBG
32.255,32.29,32.24,32.285,500,2022-06-27 16:47:00,EVBG
32.285,32.29,32.285,32.29,400,2022-06-27 16:48:00,EVBG
32.3,32.3,32.3,32.3,100,2022-06-27 16:49:00,EVBG
32.29,32.31,32.29,32.31,700,2022-06-27 16:50:00,EVBG
32.3,32.31,32.28,32.3,1300,2022-06-27 16:51:00,EVBG
32.32,32.32,32.31,32.31,200,2022-06-27 16:53:00,EVBG
32.31,32.31,32.3,32.3,600,2022-06-27 16:54:00,EVBG
32.29,32.31,32.28,32.28,1023,2022-06-27 16:55:00,EVBG
32.3,32.305,32.299,32.299,993,2022-06-27 16:56:00,EVBG
32.3,32.3,32.23,32.25,2150,2022-06-27 16:57:00,EVBG
32.245,32.245,32.24,32.245,500,2022-06-27 16:58:00,EVBG
32.26,32.26,32.24,32.25,400,2022-06-27 16:59:00,EVBG
32.27,32.29,32.27,32.28,899,2022-06-27 17:00:00,EVBG
32.28,32.28,32.28,32.28,100,2022-06-27 17:01:00,EVBG
32.26,32.26,32.135,32.2,2602,2022-06-27 17:02:00,EVBG
32.235,32.26,32.235,32.26,300,2022-06-27 17:03:00,EVBG
32.27,32.27,32.26,32.26,505,2022-06-27 17:04:00,EVBG
32.26,32.26,32.235,32.235,400,2022-06-27 17:05:00,EVBG
32.22,32.225,32.19,32.19,500,2022-06-27 17:06:00,EVBG
32.18,32.215,32.18,32.215,418,2022-06-27 17:08:00,EVBG
32.28,32.28,32.27,32.27,600,2022-06-27 17:10:00,EVBG
32.31,32.31,32.31,32.31,100,2022-06-27 17:11:00,EVBG
32.32,32.32,32.31,32.32,400,2022-06-27 17:12:00,EVBG
32.335,32.35,32.335,32.345,1003,2022-06-27 17:14:00,EVBG
32.345,32.37,32.345,32.36,850,2022-06-27 17:15:00,EVBG
32.375,32.385,32.35,32.35,1075,2022-06-27 17:16:00,EVBG
32.34,32.34,32.28,32.28,300,2022-06-27 17:17:00,EVBG
32.2342,32.3,32.2342,32.295,1084,2022-06-27 17:18:00,EVBG
32.305,32.37,32.305,32.36,600,2022-06-27 17:19:00,EVBG
32.355,32.355,32.3,32.3,800,2022-06-27 17:20:00,EVBG
32.3562,32.37,32.33,32.33,1434,2022-06-27 17:21:00,EVBG
32.3241,32.335,32.29,32.3,1448,2022-06-27 17:22:00,EVBG
32.29,32.49,32.29,32.38,5971,2022-06-27 17:23:00,EVBG
32.45,32.45,32.435,32.435,400,2022-06-27 17:24:00,EVBG
32.42,32.45,32.42,32.45,400,2022-06-27 17:25:00,EVBG
32.41,32.41,32.36,32.38,1400,2022-06-27 17:26:00,EVBG
32.375,32.375,32.375,32.375,100,2022-06-27 17:27:00,EVBG
32.36,32.36,32.36,32.36,100,2022-06-27 17:28:00,EVBG
32.37,32.38,32.37,32.38,400,2022-06-27 17:30:00,EVBG
32.34,32.37,32.34,32.37,400,2022-06-27 17:31:00,EVBG
32.35,32.35,32.34,32.35,400,2022-06-27 17:32:00,EVBG
32.335,32.335,32.3,32.3,556,2022-06-27 17:33:00,EVBG
32.3,32.3,32.3,32.3,200,2022-06-27 17:34:00,EVBG
32.29,32.29,32.28,32.29,600,2022-06-27 17:35:00,EVBG
32.285,32.305,32.28,32.305,500,2022-06-27 17:36:00,EVBG
32.305,32.305,32.28,32.28,1200,2022-06-27 17:37:00,EVBG
32.28,32.34,32.28,32.34,500,2022-06-27 17:38:00,EVBG
32.37,32.4,32.37,32.4,500,2022-06-27 17:39:00,EVBG
32.35,32.37,32.35,32.36,918,2022-06-27 17:41:00,EVBG
32.35,32.35,32.35,32.35,200,2022-06-27 17:42:00,EVBG
32.3322,32.3322,32.3322,32.3322,300,2022-06-27 17:43:00,EVBG
32.29,32.29,32.27,32.28,400,2022-06-27 17:44:00,EVBG
32.275,32.275,32.19,32.19,400,2022-06-27 17:45:00,EVBG
32.22,32.25,32.22,32.25,470,2022-06-27 17:46:00,EVBG
32.23,32.23,32.21,32.21,600,2022-06-27 17:48:00,EVBG
32.2,32.24,32.195,32.24,505,2022-06-27 17:49:00,EVBG
32.26,32.26,32.24,32.24,600,2022-06-27 17:51:00,EVBG
32.23,32.2699,32.23,32.23,1850,2022-06-27 17:52:00,EVBG
32.25,32.25,32.23,32.23,300,2022-06-27 17:53:00,EVBG
32.25,32.265,32.22,32.22,1915,2022-06-27 17:54:00,EVBG
32.18,32.18,32.15,32.16,400,2022-06-27 17:55:00,EVBG
32.13,32.15,32.13,32.15,400,2022-06-27 17:56:00,EVBG
32.14,32.17,32.14,32.17,800,2022-06-27 17:57:00,EVBG
32.14,32.14,32.13,32.14,400,2022-06-27 17:58:00,EVBG
32.155,32.155,32.155,32.155,100,2022-06-27 17:59:00,EVBG
32.14,32.15,32.13,32.15,1200,2022-06-27 18:00:00,EVBG
32.17,32.24,32.17,32.22,1100,2022-06-27 18:01:00,EVBG
32.21,32.21,32.19,32.205,400,2022-06-27 18:02:00,EVBG
32.22,32.23,32.21,32.22,1062,2022-06-27 18:03:00,EVBG
32.22,32.22,32.19,32.205,700,2022-06-27 18:04:00,EVBG
32.205,32.22,32.205,32.22,309,2022-06-27 18:05:00,EVBG
32.2,32.2,32.2,32.2,500,2022-06-27 18:06:00,EVBG
32.185,32.185,32.16,32.185,1100,2022-06-27 18:07:00,EVBG
32.185,32.185,32.16,32.16,537,2022-06-27 18:08:00,EVBG
32.16,32.18,32.16,32.18,600,2022-06-27 18:10:00,EVBG
32.195,32.21,32.195,32.21,527,2022-06-27 18:11:00,EVBG
32.21,32.21,32.12,32.17,1812,2022-06-27 18:12:00,EVBG
32.19,32.21,32.15,32.195,1245,2022-06-27 18:13:00,EVBG
32.185,32.185,32.185,32.185,100,2022-06-27 18:15:00,EVBG
32.18,32.19,32.17,32.18,900,2022-06-27 18:16:00,EVBG
32.185,32.185,32.16,32.18,300,2022-06-27 18:17:00,EVBG
32.21,32.21,32.205,32.205,200,2022-06-27 18:18:00,EVBG
32.24,32.24,32.23,32.24,400,2022-06-27 18:19:00,EVBG
32.22,32.22,32.22,32.22,100,2022-06-27 18:20:00,EVBG
32.25,32.25,32.2,32.2,1703,2022-06-27 18:21:00,EVBG
32.215,32.215,32.2,32.2,1982,2022-06-27 18:22:00,EVBG
32.215,32.24,32.215,32.24,402,2022-06-27 18:23:00,EVBG
32.23,32.23,32.21,32.21,1550,2022-06-27 18:24:00,EVBG
32.2,32.21,32.12,32.175,1581,2022-06-27 18:25:00,EVBG
32.17,32.17,32.16,32.16,3200,2022-06-27 18:26:00,EVBG
32.19,32.19,32.16,32.165,1601,2022-06-27 18:27:00,EVBG
32.17,32.17,32.16,32.165,635,2022-06-27 18:28:00,EVBG
32.15,32.15,32.125,32.125,400,2022-06-27 18:29:00,EVBG
32.14,32.14,32.13,32.13,400,2022-06-27 18:30:00,EVBG
32.125,32.14,32.12,32.12,400,2022-06-27 18:31:00,EVBG
32.14,32.15,32.14,32.15,300,2022-06-27 18:32:00,EVBG
32.15,32.169,32.15,32.169,200,2022-06-27 18:33:00,EVBG
32.17,32.185,32.17,32.17,400,2022-06-27 18:34:00,EVBG
32.2,32.2,32.18,32.19,912,2022-06-27 18:35:00,EVBG
32.195,32.195,32.16,32.16,500,2022-06-27 18:36:00,EVBG
32.18,32.18,32.16,32.16,702,2022-06-27 18:37:00,EVBG
32.18,32.18,32.18,32.18,300,2022-06-27 18:38:00,EVBG
32.195,32.21,32.195,32.21,200,2022-06-27 18:39:00,EVBG
32.19,32.195,32.17,32.17,1000,2022-06-27 18:40:00,EVBG
32.16,32.17,32.16,32.16,500,2022-06-27 18:41:00,EVBG
32.175,32.19,32.175,32.19,400,2022-06-27 18:42:00,EVBG
32.17,32.18,32.15,32.18,1000,2022-06-27 18:43:00,EVBG
32.18,32.18,32.18,32.18,100,2022-06-27 18:44:00,EVBG
32.17,32.2,32.17,32.19,1560,2022-06-27 18:45:00,EVBG
32.195,32.2,32.195,32.2,200,2022-06-27 18:46:00,EVBG
32.2,32.2,32.17,32.2,1300,2022-06-27 18:47:00,EVBG
32.21,32.2253,32.21,32.2253,1000,2022-06-27 18:48:00,EVBG
32.295,32.295,32.295,32.295,100,2022-06-27 18:49:00,EVBG
32.27,32.28,32.26,32.26,701,2022-06-27 18:50:00,EVBG
32.26,32.26,32.19,32.22,2404,2022-06-27 18:51:00,EVBG
32.24,32.26,32.24,32.26,800,2022-06-27 18:52:00,EVBG
32.25,32.27,32.25,32.26,1300,2022-06-27 18:53:00,EVBG
32.27,32.27,32.27,32.27,200,2022-06-27 18:54:00,EVBG
32.27,32.27,32.24,32.24,2692,2022-06-27 18:55:00,EVBG
32.23,32.23,32.22,32.23,810,2022-06-27 18:56:00,EVBG
32.245,32.26,32.245,32.26,300,2022-06-27 18:57:00,EVBG
32.27,32.27,32.25,32.25,1100,2022-06-27 18:58:00,EVBG
32.23,32.26,32.23,32.255,554,2022-06-27 18:59:00,EVBG
32.23,32.265,32.23,32.265,800,2022-06-27 19:00:00,EVBG
32.26,32.26,32.195,32.2,400,2022-06-27 19:01:00,EVBG
32.19,32.19,32.14,32.145,1200,2022-06-27 19:02:00,EVBG
32.13,32.145,32.11,32.145,1200,2022-06-27 19:03:00,EVBG
32.17,32.19,32.12,32.12,900,2022-06-27 19:04:00,EVBG
32.12,32.12,32.07,32.07,918,2022-06-27 19:05:00,EVBG
32.06,32.11,32.06,32.11,1400,2022-06-27 19:06:00,EVBG
32.11,32.15,32.11,32.15,1000,2022-06-27 19:07:00,EVBG
32.15,32.165,32.14,32.14,583,2022-06-27 19:08:00,EVBG
32.15,32.16,32.12,32.15,12014,2022-06-27 19:09:00,EVBG
32.145,32.17,32.11,32.11,1900,2022-06-27 19:10:00,EVBG
32.115,32.145,32.115,32.145,700,2022-06-27 19:11:00,EVBG
32.14,32.145,32.14,32.14,400,2022-06-27 19:12:00,EVBG
32.145,32.155,32.14,32.15,2171,2022-06-27 19:13:00,EVBG
32.15,32.15,32.14,32.14,900,2022-06-27 19:14:00,EVBG
32.145,32.15,32.13,32.13,1000,2022-06-27 19:15:00,EVBG
32.135,32.15,32.12,32.12,1410,2022-06-27 19:16:00,EVBG
32.125,32.13,32.125,32.13,500,2022-06-27 19:17:00,EVBG
32.14,32.15,32.1,32.1,2710,2022-06-27 19:18:00,EVBG
32.1,32.13,32.08,32.13,900,2022-06-27 19:19:00,EVBG
32.125,32.125,32.08,32.08,1013,2022-06-27 19:20:00,EVBG
32.09,32.1,32.09,32.09,700,2022-06-27 19:21:00,EVBG
32.09,32.09,32.05,32.05,1509,2022-06-27 19:22:00,EVBG
32.04,32.04,32.01,32.01,800,2022-06-27 19:23:00,EVBG
32.0,32.02,32.0,32.01,1711,2022-06-27 19:24:00,EVBG
31.99,32.03,31.99,32.03,1200,2022-06-27 19:25:00,EVBG
32.055,32.055,32.02,32.02,500,2022-06-27 19:26:00,EVBG
32.01,32.01,31.9804,32.0,1809,2022-06-27 19:27:00,EVBG
32.0,32.0,31.995,31.995,300,2022-06-27 19:28:00,EVBG
32.01,32.01,32.0,32.01,700,2022-06-27 19:29:00,EVBG
32.01,32.01,31.985,31.99,1803,2022-06-27 19:30:00,EVBG
31.98,31.98,31.955,31.97,1700,2022-06-27 19:31:00,EVBG
31.995,32.01,31.995,32.004,700,2022-06-27 19:32:00,EVBG
32.0,32.0,31.95,31.965,2000,2022-06-27 19:33:00,EVBG
31.965,31.965,31.94,31.95,1607,2022-06-27 19:34:00,EVBG
31.95,31.95,31.905,31.915,3213,2022-06-27 19:35:00,EVBG
31.91,31.91,31.83,31.85,2100,2022-06-27 19:36:00,EVBG
31.83,31.87,31.8,31.8,2608,2022-06-27 19:37:00,EVBG
31.79,31.79,31.74,31.74,1200,2022-06-27 19:38:00,EVBG
31.76,31.8,31.755,31.785,652,2022-06-27 19:39:00,EVBG
31.799,31.88,31.79,31.88,3019,2022-06-27 19:40:00,EVBG
31.89,31.95,31.88,31.95,3900,2022-06-27 19:41:00,EVBG
31.955,31.965,31.92,31.965,2996,2022-06-27 19:42:00,EVBG
31.97,31.98,31.92,31.96,4734,2022-06-27 19:43:00,EVBG
31.995,32.05,31.995,32.05,1444,2022-06-27 19:44:00,EVBG
32.04,32.09,32.03,32.06,5100,2022-06-27 19:45:00,EVBG
32.02,32.075,32.02,32.075,600,2022-06-27 19:46:00,EVBG
32.075,32.075,32.01,32.02,1639,2022-06-27 19:47:00,EVBG
32.025,32.04,32.01,32.01,2335,2022-06-27 19:48:00,EVBG
32.0,32.0,31.95,31.97,2873,2022-06-27 19:49:00,EVBG
31.97,31.98,31.9,31.91,4087,2022-06-27 19:50:00,EVBG
31.94,31.94,31.8975,31.9,1705,2022-06-27 19:51:00,EVBG
31.89,31.905,31.88,31.885,4001,2022-06-27 19:52:00,EVBG
31.9,31.935,31.87,31.935,5460,2022-06-27 19:53:00,EVBG
31.94,31.97,31.92,31.97,5676,2022-06-27 19:54:00,EVBG
31.985,32.0,31.95,31.965,3280,2022-06-27 19:55:00,EVBG
31.95,32.0,31.95,32.0,4894,2022-06-27 19:56:00,EVBG
31.99,32.01,31.98,31.99,4966,2022-06-27 19:57:00,EVBG
31.98,31.985,31.95,31.95,9780,2022-06-27 19:58:00,EVBG
31.955,31.965,31.93,31.96,7752,2022-06-27 19:59:00,EVBG
31.97,31.97,31.97,31.97,130017,2022-06-27 20:00:00,EVBG
31.97,31.97,31.97,31.97,2255,2022-06-27 20:02:00,EVBG
32.04,32.05,31.65,32.04,11471,2022-06-28 13:30:00,EVBG
32.05,32.05,32.04,32.04,310,2022-06-28 13:31:00,EVBG
32.13,32.13,32.13,32.13,100,2022-06-28 13:32:00,EVBG
32.02,32.07,31.99,32.065,745,2022-06-28 13:34:00,EVBG
31.95,31.95,31.95,31.95,100,2022-06-28 13:35:00,EVBG
31.98,32.04,31.98,31.98,305,2022-06-28 13:36:00,EVBG
31.94,31.97,31.935,31.97,400,2022-06-28 13:37:00,EVBG
31.96,31.96,31.96,31.96,100,2022-06-28 13:38:00,EVBG
32.04,32.04,32.04,32.04,100,2022-06-28 13:39:00,EVBG
32.05,32.05,31.9501,32.03,300,2022-06-28 13:40:00,EVBG
32.025,32.025,31.91,31.91,1465,2022-06-28 13:41:00,EVBG
31.925,32.02,31.925,32.02,300,2022-06-28 13:42:00,EVBG
31.95,31.95,31.92,31.92,492,2022-06-28 13:43:00,EVBG
31.91,32.0,31.91,32.0,3836,2022-06-28 13:44:00,EVBG
31.955,31.955,31.81,31.82,1343,2022-06-28 13:45:00,EVBG
31.775,31.775,31.775,31.775,100,2022-06-28 13:46:00,EVBG
31.7,31.7,31.615,31.655,800,2022-06-28 13:47:00,EVBG
31.66,31.66,31.5,31.5,1298,2022-06-28 13:48:00,EVBG
31.57,31.72,31.57,31.68,1100,2022-06-28 13:49:00,EVBG
31.625,31.76,31.625,31.7,2904,2022-06-28 13:50:00,EVBG
31.65,31.74,31.65,31.74,500,2022-06-28 13:51:00,EVBG
31.69,31.73,31.69,31.73,248,2022-06-28 13:52:00,EVBG
31.69,31.695,31.69,31.695,300,2022-06-28 13:53:00,EVBG
31.65,31.7,31.58,31.67,1100,2022-06-28 13:54:00,EVBG
31.51,31.51,31.49,31.505,600,2022-06-28 13:55:00,EVBG
31.48,31.49,31.43,31.4475,900,2022-06-28 13:56:00,EVBG
31.405,31.405,31.405,31.405,100,2022-06-28 13:57:00,EVBG
31.385,31.385,31.385,31.385,200,2022-06-28 13:58:00,EVBG
31.21,31.445,31.21,31.445,4536,2022-06-28 13:59:00,EVBG
31.37,31.41,31.345,31.41,438,2022-06-28 14:00:00,EVBG
31.42,31.42,31.3016,31.385,500,2022-06-28 14:01:00,EVBG
31.33,31.46,31.33,31.46,800,2022-06-28 14:02:00,EVBG
31.46,31.46,31.41,31.41,200,2022-06-28 14:03:00,EVBG
31.34,31.34,31.27,31.27,500,2022-06-28 14:05:00,EVBG
31.25,31.25,31.2,31.21,700,2022-06-28 14:06:00,EVBG
31.16,31.185,31.12,31.145,1500,2022-06-28 14:07:00,EVBG
31.17,31.25,31.145,31.25,1700,2022-06-28 14:08:00,EVBG
31.33,31.34,31.31,31.335,704,2022-06-28 14:09:00,EVBG
31.33,31.37,31.33,31.3475,700,2022-06-28 14:10:00,EVBG
31.38,31.4,31.345,31.395,1100,2022-06-28 14:11:00,EVBG
31.48,31.485,31.45,31.45,1200,2022-06-28 14:12:00,EVBG
31.44,31.45,31.41,31.41,800,2022-06-28 14:13:00,EVBG
31.435,31.435,31.435,31.435,100,2022-06-28 14:14:00,EVBG
31.46,31.48,31.46,31.48,200,2022-06-28 14:15:00,EVBG
31.47,31.47,31.425,31.425,600,2022-06-28 14:16:00,EVBG
31.445,31.455,31.445,31.455,200,2022-06-28 14:17:00,EVBG
31.45,31.48,31.44,31.48,10845,2022-06-28 14:18:00,EVBG
31.57,31.57,31.395,31.395,1900,2022-06-28 14:19:00,EVBG
31.3793,31.38,31.34,31.34,400,2022-06-28 14:20:00,EVBG
31.31,31.31,31.24,31.24,1100,2022-06-28 14:21:00,EVBG
31.22,31.295,31.22,31.295,304,2022-06-28 14:22:00,EVBG
31.26,31.29,31.26,31.29,200,2022-06-28 14:23:00,EVBG
31.28,31.31,31.28,31.29,500,2022-06-28 14:24:00,EVBG
31.35,31.4908,31.35,31.4908,1100,2022-06-28 14:25:00,EVBG
31.42,31.465,31.39,31.39,1000,2022-06-28 14:26:00,EVBG
31.435,31.435,31.39,31.39,200,2022-06-28 14:27:00,EVBG
31.435,31.49,31.435,31.485,600,2022-06-28 14:28:00,EVBG
31.4578,31.4578,31.42,31.42,1084,2022-06-28 14:29:00,EVBG
31.42,31.46,31.32,31.35,1100,2022-06-28 14:30:00,EVBG
31.38,31.38,31.34,31.34,900,2022-06-28 14:31:00,EVBG
31.355,31.355,31.31,31.32,1100,2022-06-28 14:32:00,EVBG
31.35,31.395,31.325,31.395,800,2022-06-28 14:33:00,EVBG
31.43,31.525,31.42,31.475,2520,2022-06-28 14:34:00,EVBG
31.46,31.52,31.46,31.505,700,2022-06-28 14:35:00,EVBG
31.57,31.6,31.56,31.575,1500,2022-06-28 14:36:00,EVBG
31.59,31.59,31.59,31.59,100,2022-06-28 14:37:00,EVBG
31.56,31.59,31.55,31.57,1750,2022-06-28 14:38:00,EVBG
31.57,31.585,31.57,31.585,200,2022-06-28 14:39:00,EVBG
31.58,31.58,31.52,31.52,726,2022-06-28 14:40:00,EVBG
31.57,31.57,31.55,31.55,200,2022-06-28 14:41:00,EVBG
31.565,31.565,31.49,31.51,1500,2022-06-28 14:42:00,EVBG
31.55,31.615,31.55,31.615,1100,2022-06-28 14:43:00,EVBG
31.59,31.69,31.59,31.69,1300,2022-06-28 14:44:00,EVBG
31.63,31.63,31.63,31.63,100,2022-06-28 14:45:00,EVBG
31.61,31.61,31.53,31.53,1400,2022-06-28 14:46:00,EVBG
31.48,31.485,31.48,31.485,500,2022-06-28 14:47:00,EVBG
31.47,31.5,31.47,31.5,200,2022-06-28 14:48:00,EVBG
31.51,31.51,31.51,31.51,100,2022-06-28 14:49:00,EVBG
31.55,31.63,31.55,31.61,1100,2022-06-28 14:50:00,EVBG
31.64,31.64,31.6,31.64,600,2022-06-28 14:51:00,EVBG
31.57,31.68,31.56,31.68,1421,2022-06-28 14:52:00,EVBG
31.61,31.68,31.61,31.68,900,2022-06-28 14:53:00,EVBG
31.69,31.79,31.69,31.79,7367,2022-06-28 14:55:00,EVBG
31.84,31.88,31.82,31.88,600,2022-06-28 14:56:00,EVBG
31.87,31.93,31.87,31.91,700,2022-06-28 14:57:00,EVBG
31.9,31.9,31.88,31.88,1100,2022-06-28 14:58:00,EVBG
31.8855,31.8855,31.84,31.88,1700,2022-06-28 14:59:00,EVBG
31.85,31.87,31.8,31.835,1000,2022-06-28 15:00:00,EVBG
31.83,31.85,31.76,31.78,688,2022-06-28 15:01:00,EVBG
31.79,31.835,31.79,31.835,600,2022-06-28 15:02:00,EVBG
31.86,31.9,31.86,31.9,200,2022-06-28 15:03:00,EVBG
31.87,31.87,31.85,31.85,625,2022-06-28 15:04:00,EVBG
31.84,31.84,31.81,31.84,1100,2022-06-28 15:05:00,EVBG
31.85,31.85,31.79,31.81,2069,2022-06-28 15:06:00,EVBG
31.78,31.78,31.76,31.76,400,2022-06-28 15:07:00,EVBG
31.75,31.755,31.73,31.73,516,2022-06-28 15:08:00,EVBG
31.73,31.73,31.685,31.685,500,2022-06-28 15:09:00,EVBG
31.68,31.68,31.66,31.66,700,2022-06-28 15:10:00,EVBG
31.66,31.7,31.66,31.69,600,2022-06-28 15:11:00,EVBG
31.69,31.69,31.65,31.65,600,2022-06-28 15:12:00,EVBG
31.66,31.71,31.66,31.71,1000,2022-06-28 15:14:00,EVBG
31.68,31.68,31.65,31.65,900,2022-06-28 15:15:00,EVBG
31.62,31.63,31.62,31.63,200,2022-06-28 15:16:00,EVBG
31.61,31.61,31.58,31.58,500,2022-06-28 15:17:00,EVBG
31.58,31.58,31.56,31.58,950,2022-06-28 15:18:00,EVBG
31.57,31.57,31.57,31.57,100,2022-06-28 15:19:00,EVBG
31.57,31.58,31.555,31.555,300,2022-06-28 15:20:00,EVBG
31.56,31.56,31.49,31.49,300,2022-06-28 15:21:00,EVBG
31.47,31.51,31.47,31.51,1009,2022-06-28 15:22:00,EVBG
31.52,31.52,31.43,31.44,900,2022-06-28 15:23:00,EVBG
31.44,31.44,31.4,31.4,600,2022-06-28 15:24:00,EVBG
31.41,31.41,31.4,31.4,600,2022-06-28 15:25:00,EVBG
31.39,31.39,31.36,31.36,710,2022-06-28 15:26:00,EVBG
31.35,31.36,31.35,31.36,800,2022-06-28 15:27:00,EVBG
31.36,31.39,31.35,31.365,800,2022-06-28 15:28:00,EVBG
31.34,31.345,31.34,31.345,200,2022-06-28 15:29:00,EVBG
31.35,31.38,31.325,31.375,1100,2022-06-28 15:30:00,EVBG
31.345,31.38,31.345,31.38,800,2022-06-28 15:31:00,EVBG
31.38,31.405,31.38,31.39,700,2022-06-28 15:32:00,EVBG
31.42,31.42,31.38,31.38,1300,2022-06-28 15:33:00,EVBG
31.375,31.4125,31.37,31.37,800,2022-06-28 15:34:00,EVBG
31.36,31.36,31.28,31.28,1800,2022-06-28 15:35:00,EVBG
31.28,31.32,31.28,31.3,2398,2022-06-28 15:36:00,EVBG
31.29,31.305,31.28,31.28,600,2022-06-28 15:37:00,EVBG
31.27,31.27,31.23,31.25,6600,2022-06-28 15:38:00,EVBG
31.23,31.24,31.22,31.24,800,2022-06-28 15:39:00,EVBG
31.23,31.23,31.19,31.2,1500,2022-06-28 15:40:00,EVBG
31.2,31.25,31.2,31.25,1479,2022-06-28 15:41:00,EVBG
31.22,31.22,31.165,31.165,800,2022-06-28 15:42:00,EVBG
31.17,31.2,31.16,31.2,1067,2022-06-28 15:43:00,EVBG
31.23,31.23,31.21,31.22,700,2022-06-28 15:44:00,EVBG
31.24,31.27,31.23,31.26,900,2022-06-28 15:45:00,EVBG
31.26,31.26,31.21,31.21,1400,2022-06-28 15:46:00,EVBG
31.295,31.295,31.295,31.295,100,2022-06-28 15:47:00,EVBG
31.28,31.29,31.24,31.24,3516,2022-06-28 15:48:00,EVBG
31.24,31.29,31.24,31.29,900,2022-06-28 15:49:00,EVBG
31.28,31.295,31.25,31.295,600,2022-06-28 15:50:00,EVBG
31.25,31.28,31.25,31.25,900,2022-06-28 15:51:00,EVBG
31.26,31.28,31.23,31.28,1322,2022-06-28 15:52:00,EVBG
31.28,31.28,31.24,31.25,300,2022-06-28 15:53:00,EVBG
31.23,31.23,31.22,31.22,300,2022-06-28 15:54:00,EVBG
31.19,31.28,31.17,31.275,1600,2022-06-28 15:55:00,EVBG
31.21,31.21,31.21,31.21,100,2022-06-28 15:56:00,EVBG
31.255,31.34,31.245,31.34,1988,2022-06-28 15:57:00,EVBG
31.295,31.33,31.295,31.3,300,2022-06-28 15:58:00,EVBG
31.27,31.27,31.27,31.27,472,2022-06-28 15:59:00,EVBG
31.27,31.28,31.23,31.28,1056,2022-06-28 16:00:00,EVBG
31.29,31.29,31.28,31.29,300,2022-06-28 16:01:00,EVBG
31.28,31.28,31.25,31.25,797,2022-06-28 16:02:00,EVBG
31.24,31.24,31.23,31.23,200,2022-06-28 16:03:00,EVBG
31.24,31.24,31.21,31.22,400,2022-06-28 16:04:00,EVBG
31.22,31.22,31.22,31.22,100,2022-06-28 16:05:00,EVBG
31.2,31.21,31.2,31.21,200,2022-06-28 16:07:00,EVBG
31.22,31.24,31.22,31.24,600,2022-06-28 16:08:00,EVBG
31.255,31.27,31.25,31.25,400,2022-06-28 16:09:00,EVBG
31.25,31.27,31.25,31.27,500,2022-06-28 16:10:00,EVBG
31.28,31.295,31.275,31.29,500,2022-06-28 16:11:00,EVBG
31.25,31.275,31.24,31.26,700,2022-06-28 16:12:00,EVBG
31.295,31.295,31.295,31.295,300,2022-06-28 16:13:00,EVBG
31.27,31.27,31.19,31.19,830,2022-06-28 16:14:00,EVBG
31.2,31.2,31.155,31.155,1003,2022-06-28 16:15:00,EVBG
31.08,31.08,31.08,31.08,100,2022-06-28 16:16:00,EVBG
31.11,31.11,31.08,31.08,600,2022-06-28 16:17:00,EVBG
31.06,31.1,31.05,31.05,800,2022-06-28 16:18:00,EVBG
31.08,31.13,31.065,31.13,600,2022-06-28 16:19:00,EVBG
31.15,31.17,31.15,31.17,400,2022-06-28 16:20:00,EVBG
31.21,31.21,31.21,31.21,200,2022-06-28 16:21:00,EVBG
31.23,31.23,31.17,31.185,2600,2022-06-28 16:22:00,EVBG
31.15,31.175,31.13,31.13,3319,2022-06-28 16:23:00,EVBG
31.15,31.16,31.15,31.16,982,2022-06-28 16:24:00,EVBG
31.16,31.16,31.15,31.15,200,2022-06-28 16:25:00,EVBG
31.135,31.15,31.08,31.09,1428,2022-06-28 16:26:00,EVBG
31.12,31.135,31.11,31.11,500,2022-06-28 16:27:00,EVBG
31.115,31.115,31.06,31.06,800,2022-06-28 16:28:00,EVBG
31.13,31.13,31.13,31.13,705,2022-06-28 16:29:00,EVBG
31.17,31.33,31.16,31.31,15378,2022-06-28 16:30:00,EVBG
31.31,31.37,31.31,31.33,1383,2022-06-28 16:31:00,EVBG
31.32,31.32,31.3,31.3,935,2022-06-28 16:32:00,EVBG
31.31,31.32,31.3025,31.3047,400,2022-06-28 16:33:00,EVBG
31.31,31.31,31.255,31.31,620,2022-06-28 16:34:00,EVBG
31.31,31.34,31.31,31.34,500,2022-06-28 16:35:00,EVBG
31.37,31.41,31.35,31.41,500,2022-06-28 16:36:00,EVBG
31.425,31.425,31.42,31.42,200,2022-06-28 16:37:00,EVBG
31.42,31.47,31.41,31.47,1000,2022-06-28 16:38:00,EVBG
31.485,31.53,31.485,31.53,800,2022-06-28 16:40:00,EVBG
31.58,31.58,31.58,31.58,200,2022-06-28 16:41:00,EVBG
31.59,31.6,31.58,31.6,993,2022-06-28 16:42:00,EVBG
31.57,31.61,31.57,31.6,1268,2022-06-28 16:43:00,EVBG
31.63,31.64,31.61,31.64,700,2022-06-28 16:44:00,EVBG
31.61,31.62,31.61,31.62,500,2022-06-28 16:45:00,EVBG
31.63,31.63,31.59,31.59,500,2022-06-28 16:46:00,EVBG
31.56,31.56,31.52,31.54,1100,2022-06-28 16:48:00,EVBG
31.53,31.56,31.52,31.52,700,2022-06-28 16:49:00,EVBG
31.56,31.56,31.53,31.53,300,2022-06-28 16:50:00,EVBG
31.545,31.57,31.545,31.57,300,2022-06-28 16:51:00,EVBG
31.6,31.63,31.6,31.625,800,2022-06-28 16:52:00,EVBG
31.615,31.615,31.615,31.615,100,2022-06-28 16:53:00,EVBG
31.61,31.61,31.51,31.53,1000,2022-06-28 16:54:00,EVBG
31.54,31.55,31.53,31.55,600,2022-06-28 16:55:00,EVBG
31.57,31.59,31.56,31.57,1000,2022-06-28 16:56:00,EVBG
31.54,31.555,31.54,31.54,401,2022-06-28 16:57:00,EVBG
31.54,31.58,31.54,31.58,200,2022-06-28 16:58:00,EVBG
31.54,31.54,31.54,31.54,150,2022-06-28 16:59:00,EVBG
31.55,31.55,31.47,31.5,900,2022-06-28 17:00:00,EVBG
31.51,31.51,31.51,31.51,100,2022-06-28 17:01:00,EVBG
31.525,31.525,31.43,31.46,2088,2022-06-28 17:02:00,EVBG
31.46,31.46,31.45,31.45,300,2022-06-28 17:03:00,EVBG
31.46,31.46,31.46,31.46,100,2022-06-28 17:04:00,EVBG
31.48,31.48,31.48,31.48,300,2022-06-28 17:05:00,EVBG
31.4,31.41,31.38,31.41,1400,2022-06-28 17:07:00,EVBG
31.38,31.41,31.375,31.375,400,2022-06-28 17:09:00,EVBG
31.35,31.35,31.32,31.35,400,2022-06-28 17:10:00,EVBG
31.305,31.305,31.305,31.305,100,2022-06-28 17:11:00,EVBG
31.27,31.27,31.27,31.27,100,2022-06-28 17:12:00,EVBG
31.23,31.3,31.23,31.2501,1293,2022-06-28 17:13:00,EVBG
31.3,31.31,31.26,31.28,2187,2022-06-28 17:14:00,EVBG
31.29,31.31,31.29,31.3,400,2022-06-28 17:15:00,EVBG
31.295,31.295,31.27,31.27,700,2022-06-28 17:16:00,EVBG
31.27,31.29,31.27,31.29,300,2022-06-28 17:17:00,EVBG
31.25,31.275,31.23,31.23,950,2022-06-28 17:18:00,EVBG
31.28,31.3,31.2,31.2,1000,2022-06-28 17:19:00,EVBG
31.175,31.2,31.15,31.15,916,2022-06-28 17:20:00,EVBG
31.19,31.19,31.085,31.085,700,2022-06-28 17:21:00,EVBG
31.1,31.11,31.05,31.06,1000,2022-06-28 17:22:00,EVBG
31.09,31.125,31.06,31.07,1437,2022-06-28 17:23:00,EVBG
31.06,31.06,31.06,31.06,100,2022-06-28 17:24:00,EVBG
31.05,31.05,30.99,30.99,600,2022-06-28 17:25:00,EVBG
30.98,31.065,30.98,31.065,1329,2022-06-28 17:26:00,EVBG
31.06,31.06,31.06,31.06,200,2022-06-28 17:27:00,EVBG
31.06,31.08,31.04,31.08,1169,2022-06-28 17:28:00,EVBG
31.085,31.085,31.085,31.085,100,2022-06-28 17:29:00,EVBG
31.06,31.11,31.04,31.11,1200,2022-06-28 17:30:00,EVBG
31.125,31.16,31.125,31.16,800,2022-06-28 17:31:00,EVBG
31.11,31.125,31.1,31.1,1090,2022-06-28 17:32:00,EVBG
31.08,31.105,31.08,31.105,437,2022-06-28 17:33:00,EVBG
31.08,31.08,31.04,31.07,1300,2022-06-28 17:34:00,EVBG
31.04,31.07,31.01,31.045,800,2022-06-28 17:35:00,EVBG
31.04,31.04,31.0,31.0,600,2022-06-28 17:36:00,EVBG
31.015,31.05,31.015,31.05,400,2022-06-28 17:37:00,EVBG
31.03,31.03,30.99,30.99,500,2022-06-28 17:38:00,EVBG
31.03,31.04,31.015,31.03,763,2022-06-28 17:39:00,EVBG
31.04,31.04,31.03,31.04,400,2022-06-28 17:40:00,EVBG
31.02,31.11,31.02,31.11,500,2022-06-28 17:41:00,EVBG
31.105,31.14,31.105,31.14,200,2022-06-28 17:42:00,EVBG
31.13,31.13,31.13,31.13,100,2022-06-28 17:43:00,EVBG
31.13,31.13,31.11,31.11,200,2022-06-28 17:44:00,EVBG
31.11,31.17,31.11,31.17,500,2022-06-28 17:45:00,EVBG
31.16,31.16,31.14,31.14,300,2022-06-28 17:46:00,EVBG
31.14,31.17,31.14,31.17,1300,2022-06-28 17:47:00,EVBG
31.17,31.19,31.17,31.19,300,2022-06-28 17:48:00,EVBG
31.18,31.18,31.18,31.18,100,2022-06-28 17:49:00,EVBG
31.185,31.185,31.185,31.185,100,2022-06-28 17:50:00,EVBG
31.2,31.2,31.19,31.19,200,2022-06-28 17:51:00,EVBG
31.17,31.2,31.15,31.15,1012,2022-06-28 17:52:00,EVBG
31.15,31.15,31.12,31.12,704,2022-06-28 17:53:00,EVBG
31.15,31.15,31.13,31.13,300,2022-06-28 17:54:00,EVBG
31.11,31.14,31.11,31.14,700,2022-06-28 17:55:00,EVBG
31.12,31.12,31.1,31.1,400,2022-06-28 17:57:00,EVBG
31.12,31.14,31.1,31.12,700,2022-06-28 17:58:00,EVBG
31.11,31.14,31.09,31.14,1875,2022-06-28 17:59:00,EVBG
31.12,31.18,31.12,31.18,550,2022-06-28 18:00:00,EVBG
31.17,31.22,31.17,31.22,500,2022-06-28 18:01:00,EVBG
31.21,31.23,31.18,31.18,1211,2022-06-28 18:02:00,EVBG
31.16,31.16,31.1,31.105,1370,2022-06-28 18:03:00,EVBG
31.1,31.1,31.06,31.06,902,2022-06-28 18:04:00,EVBG
31.06,31.06,31.06,31.06,100,2022-06-28 18:05:00,EVBG
31.03,31.03,30.95,30.99,1670,2022-06-28 18:06:00,EVBG
30.97,30.97,30.96,30.96,400,2022-06-28 18:08:00,EVBG
30.96,30.97,30.94,30.95,1400,2022-06-28 18:09:00,EVBG
30.97,31.015,30.96,31.01,2380,2022-06-28 18:10:00,EVBG
31.02,31.02,30.97,30.97,715,2022-06-28 18:11:00,EVBG
30.95,30.98,30.95,30.98,200,2022-06-28 18:12:00,EVBG
30.95,30.9513,30.93,30.9513,800,2022-06-28 18:13:00,EVBG
30.93,30.94,30.93,30.93,300,2022-06-28 18:14:00,EVBG
30.91,30.91,30.91,30.91,100,2022-06-28 18:15:00,EVBG
30.91,30.95,30.91,30.95,1100,2022-06-28 18:16:00,EVBG
31.0,31.0,30.98,30.98,573,2022-06-28 18:18:00,EVBG
30.97,30.98,30.96,30.97,1000,2022-06-28 18:19:00,EVBG
30.96,31.0,30.95,31.0,600,2022-06-28 18:20:00,EVBG
31.02,31.02,31.02,31.02,400,2022-06-28 18:21:00,EVBG
31.0,31.01,31.0,31.0,700,2022-06-28 18:22:00,EVBG
31.02,31.02,30.99,31.01,300,2022-06-28 18:23:00,EVBG
31.03,31.03,31.01,31.01,300,2022-06-28 18:24:00,EVBG
31.01,31.01,31.01,31.01,100,2022-06-28 18:25:00,EVBG
31.03,31.03,31.0,31.0,300,2022-06-28 18:26:00,EVBG
30.99,31.02,30.99,31.0,720,2022-06-28 18:27:00,EVBG
31.04,31.05,31.03,31.04,1125,2022-06-28 18:29:00,EVBG
31.04,31.04,31.02,31.03,798,2022-06-28 18:30:00,EVBG
31.04,31.05,31.03,31.03,1202,2022-06-28 18:31:00,EVBG
31.035,31.035,30.97,31.01,8871,2022-06-28 18:32:00,EVBG
31.03,31.05,31.03,31.05,489,2022-06-28 18:33:00,EVBG
31.04,31.04,31.015,31.015,500,2022-06-28 18:34:00,EVBG
31.0,31.0,31.0,31.0,100,2022-06-28 18:36:00,EVBG
31.02,31.03,31.005,31.03,800,2022-06-28 18:37:00,EVBG
31.05,31.06,31.05,31.055,584,2022-06-28 18:38:00,EVBG
31.06,31.06,31.06,31.06,601,2022-06-28 18:39:00,EVBG
31.07,31.07,31.06,31.06,1100,2022-06-28 18:40:00,EVBG
31.05,31.07,31.05,31.07,400,2022-06-28 18:41:00,EVBG
31.05,31.05,31.02,31.02,1208,2022-06-28 18:42:00,EVBG
31.02,31.03,31.01,31.02,1013,2022-06-28 18:43:00,EVBG
31.03,31.06,31.03,31.06,700,2022-06-28 18:44:00,EVBG
31.0501,31.095,31.05,31.095,1950,2022-06-28 18:45:00,EVBG
31.14,31.15,31.14,31.15,200,2022-06-28 18:46:00,EVBG
31.16,31.16,31.15,31.15,200,2022-06-28 18:47:00,EVBG
31.17,31.18,31.17,31.17,1000,2022-06-28 18:48:00,EVBG
31.21,31.24,31.21,31.24,1005,2022-06-28 18:49:00,EVBG
31.25,31.25,31.19,31.19,1601,2022-06-28 18:50:00,EVBG
31.2,31.2,31.14,31.14,500,2022-06-28 18:51:00,EVBG
31.09,31.11,31.09,31.11,210,2022-06-28 18:52:00,EVBG
31.105,31.18,31.09,31.18,800,2022-06-28 18:53:00,EVBG
31.175,31.175,31.175,31.175,100,2022-06-28 18:54:00,EVBG
31.2,31.21,31.19,31.19,1489,2022-06-28 18:55:00,EVBG
31.19,31.19,31.16,31.16,700,2022-06-28 18:56:00,EVBG
31.18,31.19,31.15,31.15,400,2022-06-28 18:57:00,EVBG
31.14,31.15,31.135,31.15,800,2022-06-28 18:58:00,EVBG
31.14,31.14,31.12,31.12,1000,2022-06-28 18:59:00,EVBG
31.12,31.14,31.05,31.07,6402,2022-06-28 19:00:00,EVBG
31.09,31.11,31.09,31.09,600,2022-06-28 19:01:00,EVBG
31.12,31.12,31.07,31.07,500,2022-06-28 19:02:00,EVBG
31.05,31.1,31.05,31.07,2569,2022-06-28 19:03:00,EVBG
31.09,31.095,31.07,31.08,700,2022-06-28 19:04:00,EVBG
31.07,31.09,31.03,31.03,2124,2022-06-28 19:05:00,EVBG
30.99,31.005,30.98,31.005,700,2022-06-28 19:06:00,EVBG
30.99,31.01,30.98,30.98,600,2022-06-28 19:07:00,EVBG
30.99,31.0,30.96,30.99,799,2022-06-28 19:08:00,EVBG
30.99,31.02,30.99,31.02,200,2022-06-28 19:09:00,EVBG
31.04,31.05,31.04,31.05,500,2022-06-28 19:10:00,EVBG
31.05,31.075,30.995,30.995,960,2022-06-28 19:11:00,EVBG
31.02,31.02,31.01,31.02,416,2022-06-28 19:12:00,EVBG
31.0,31.0,30.99,31.0,500,2022-06-28 19:13:00,EVBG
31.01,31.03,31.01,31.02,300,2022-06-28 19:14:00,EVBG
31.02,31.02,31.01,31.01,650,2022-06-28 19:15:00,EVBG
31.01,31.04,31.01,31.04,200,2022-06-28 19:16:00,EVBG
31.035,31.07,31.03,31.07,503,2022-06-28 19:17:00,EVBG
31.07,31.09,31.07,31.09,500,2022-06-28 19:18:00,EVBG
31.09,31.1,31.09,31.1,585,2022-06-28 19:20:00,EVBG
31.125,31.15,31.12,31.14,1671,2022-06-28 19:21:00,EVBG
31.14,31.14,31.12,31.12,1594,2022-06-28 19:22:00,EVBG
31.12,31.16,31.12,31.16,1249,2022-06-28 19:23:00,EVBG
31.159,31.19,31.15,31.1841,1058,2022-06-28 19:24:00,EVBG
31.19,31.28,31.18,31.27,10783,2022-06-28 19:25:00,EVBG
31.27,31.31,31.27,31.31,600,2022-06-28 19:26:00,EVBG
31.32,31.32,31.28,31.3,1800,2022-06-28 19:27:00,EVBG
31.29,31.32,31.29,31.32,1473,2022-06-28 19:28:00,EVBG
31.36,31.36,31.36,31.36,200,2022-06-28 19:29:00,EVBG
31.35,31.409,31.34,31.375,1500,2022-06-28 19:30:00,EVBG
31.36,31.37,31.355,31.37,1800,2022-06-28 19:31:00,EVBG
31.37,31.37,31.37,31.37,100,2022-06-28 19:32:00,EVBG
31.38,31.39,31.36,31.36,4500,2022-06-28 19:33:00,EVBG
31.335,31.35,31.335,31.35,603,2022-06-28 19:34:00,EVBG
31.35,31.36,31.34,31.36,600,2022-06-28 19:35:00,EVBG
31.34,31.35,31.32,31.32,1561,2022-06-28 19:36:00,EVBG
31.28,31.3,31.28,31.29,855,2022-06-28 19:37:00,EVBG
31.285,31.285,31.26,31.28,700,2022-06-28 19:38:00,EVBG
31.28,31.29,31.23,31.29,10446,2022-06-28 19:39:00,EVBG
31.29,31.3,31.28,31.28,1145,2022-06-28 19:40:00,EVBG
31.27,31.28,31.23,31.24,3265,2022-06-28 19:41:00,EVBG
31.24,31.27,31.24,31.24,1700,2022-06-28 19:42:00,EVBG
31.235,31.24,31.23,31.23,700,2022-06-28 19:43:00,EVBG
31.17,31.19,31.17,31.19,600,2022-06-28 19:44:00,EVBG
31.16,31.22,31.16,31.199,2223,2022-06-28 19:45:00,EVBG
31.19,31.19,31.145,31.145,1120,2022-06-28 19:46:00,EVBG
31.13,31.13,31.12,31.12,300,2022-06-28 19:47:00,EVBG
31.085,31.1,31.075,31.075,1028,2022-06-28 19:48:00,EVBG
31.08,31.11,31.07,31.08,2914,2022-06-28 19:49:00,EVBG
31.07,31.17,30.995,31.12,6729,2022-06-28 19:50:00,EVBG
31.13,31.15,31.11,31.15,2241,2022-06-28 19:51:00,EVBG
31.14,31.14,31.1,31.1,3264,2022-06-28 19:52:00,EVBG
31.11,31.168,31.11,31.16,2038,2022-06-28 19:53:00,EVBG
31.16,31.19,31.16,31.19,2600,2022-06-28 19:54:00,EVBG
31.23,31.23,31.2,31.21,5070,2022-06-28 19:55:00,EVBG
31.205,31.275,31.205,31.27,17693,2022-06-28 19:56:00,EVBG
31.26,31.28,31.235,31.235,9048,2022-06-28 19:57:00,EVBG
31.23,31.25,31.23,31.235,11007,2022-06-28 19:58:00,EVBG
31.23,31.24,31.21,31.21,19433,2022-06-28 19:59:00,EVBG
31.2,31.2,31.2,31.2,129826,2022-06-28 20:00:00,EVBG
31.2,31.2,31.2,31.2,2329,2022-06-28 20:04:00,EVBG
31.27,31.27,30.72,31.13,8510,2022-06-29 13:30:00,EVBG
31.01,31.01,30.86,30.86,300,2022-06-29 13:32:00,EVBG
30.78,30.83,30.68,30.83,1004,2022-06-29 13:34:00,EVBG
30.845,30.845,30.785,30.785,600,2022-06-29 13:35:00,EVBG
30.76,30.76,30.6,30.62,1200,2022-06-29 13:36:00,EVBG
30.57,30.71,30.56,30.71,300,2022-06-29 13:37:00,EVBG
30.74,30.74,30.74,30.74,100,2022-06-29 13:39:00,EVBG
30.69,30.69,30.62,30.655,320,2022-06-29 13:40:00,EVBG
30.5,30.645,30.41,30.645,1400,2022-06-29 13:41:00,EVBG
30.62,30.8125,30.62,30.68,1200,2022-06-29 13:42:00,EVBG
30.47,30.47,30.4,30.4,200,2022-06-29 13:45:00,EVBG
30.5,30.51,30.5,30.51,200,2022-06-29 13:46:00,EVBG
30.555,30.555,30.52,30.52,200,2022-06-29 13:47:00,EVBG
30.59,30.59,30.415,30.48,5300,2022-06-29 13:49:00,EVBG
30.46,30.56,30.42,30.53,2800,2022-06-29 13:50:00,EVBG
30.5,30.675,30.5,30.675,600,2022-06-29 13:51:00,EVBG
30.855,30.855,30.855,30.855,102,2022-06-29 13:52:00,EVBG
30.965,31.04,30.965,31.0,806,2022-06-29 13:53:00,EVBG
30.96,31.015,30.95,31.015,691,2022-06-29 13:54:00,EVBG
30.96,30.965,30.88,30.88,685,2022-06-29 13:55:00,EVBG
30.88,30.88,30.84,30.87,700,2022-06-29 13:56:00,EVBG
30.865,30.865,30.71,30.795,4278,2022-06-29 13:57:00,EVBG
30.78,30.78,30.74,30.74,600,2022-06-29 13:58:00,EVBG
30.73,30.73,30.73,30.73,100,2022-06-29 13:59:00,EVBG
30.66,30.717,30.6,30.64,1315,2022-06-29 14:00:00,EVBG
30.59,30.59,30.59,30.59,500,2022-06-29 14:01:00,EVBG
30.725,30.86,30.715,30.86,5200,2022-06-29 14:02:00,EVBG
30.88,30.94,30.88,30.92,700,2022-06-29 14:03:00,EVBG
30.88,30.88,30.81,30.81,1200,2022-06-29 14:04:00,EVBG
30.76,30.76,30.705,30.705,300,2022-06-29 14:05:00,EVBG
30.6855,30.69,30.6855,30.69,265,2022-06-29 14:06:00,EVBG
30.64,30.64,30.55,30.56,1093,2022-06-29 14:07:00,EVBG
30.54,30.65,30.54,30.65,1200,2022-06-29 14:08:00,EVBG
30.62,30.62,30.56,30.57,400,2022-06-29 14:09:00,EVBG
30.595,30.595,30.595,30.595,3900,2022-06-29 14:10:00,EVBG
30.64,30.71,30.64,30.69,600,2022-06-29 14:11:00,EVBG
30.61,30.66,30.6,30.61,400,2022-06-29 14:12:00,EVBG
30.61,30.6563,30.59,30.59,1217,2022-06-29 14:13:00,EVBG
30.5546,30.5546,30.45,30.45,400,2022-06-29 14:14:00,EVBG
30.41,30.45,30.405,30.45,300,2022-06-29 14:15:00,EVBG
30.37,30.37,30.26,30.26,1300,2022-06-29 14:16:00,EVBG
30.23,30.23,30.23,30.23,100,2022-06-29 14:17:00,EVBG
30.16,30.16,30.16,30.16,100,2022-06-29 14:18:00,EVBG
30.06,30.11,30.06,30.1,1100,2022-06-29 14:19:00,EVBG
30.11,30.15,30.075,30.075,400,2022-06-29 14:21:00,EVBG
30.06,30.06,30.06,30.06,100,2022-06-29 14:22:00,EVBG
30.08,30.08,30.04,30.042,804,2022-06-29 14:23:00,EVBG
30.065,30.075,30.04,30.075,400,2022-06-29 14:24:00,EVBG
30.13,30.24,30.13,30.24,900,2022-06-29 14:25:00,EVBG
30.365,30.365,30.365,30.365,100,2022-06-29 14:26:00,EVBG
30.31,30.31,30.23,30.26,900,2022-06-29 14:28:00,EVBG
30.295,30.33,30.295,30.33,200,2022-06-29 14:29:00,EVBG
30.34,30.34,30.23,30.275,1400,2022-06-29 14:30:00,EVBG
30.37,30.37,30.29,30.29,1000,2022-06-29 14:31:00,EVBG
30.23,30.32,30.23,30.32,700,2022-06-29 14:32:00,EVBG
30.38,30.42,30.38,30.41,700,2022-06-29 14:33:00,EVBG
30.36,30.36,30.265,30.265,700,2022-06-29 14:34:00,EVBG
30.25,30.25,30.21,30.21,300,2022-06-29 14:37:00,EVBG
30.135,30.18,30.135,30.145,1000,2022-06-29 14:38:00,EVBG
30.33,30.345,30.33,30.33,400,2022-06-29 14:41:00,EVBG
30.33,30.35,30.325,30.35,500,2022-06-29 14:42:00,EVBG
30.435,30.435,30.435,30.435,100,2022-06-29 14:43:00,EVBG
30.47,30.5,30.42,30.5,800,2022-06-29 14:44:00,EVBG
30.5,30.6,30.5,30.515,3111,2022-06-29 14:45:00,EVBG
30.49,30.49,30.43,30.43,500,2022-06-29 14:46:00,EVBG
30.44,30.48,30.44,30.48,342,2022-06-29 14:47:00,EVBG
30.44,30.44,30.42,30.42,200,2022-06-29 14:48:00,EVBG
30.405,30.415,30.405,30.415,287,2022-06-29 14:49:00,EVBG
30.445,30.47,30.43,30.45,2100,2022-06-29 14:50:00,EVBG
30.48,30.48,30.48,30.48,500,2022-06-29 14:51:00,EVBG
30.495,30.5,30.46,30.47,1017,2022-06-29 14:52:00,EVBG
30.45,30.45,30.35,30.35,500,2022-06-29 14:53:00,EVBG
30.36,30.36,30.32,30.32,523,2022-06-29 14:54:00,EVBG
30.335,30.335,30.3,30.3,300,2022-06-29 14:55:00,EVBG
30.26,30.265,30.26,30.265,201,2022-06-29 14:56:00,EVBG
30.265,30.265,30.26,30.26,200,2022-06-29 14:57:00,EVBG
30.245,30.26,30.22,30.26,1200,2022-06-29 14:58:00,EVBG
30.27,30.27,30.27,30.27,200,2022-06-29 14:59:00,EVBG
30.255,30.255,30.255,30.255,100,2022-06-29 15:00:00,EVBG
30.21,30.21,30.195,30.195,600,2022-06-29 15:01:00,EVBG
30.19,30.23,30.16,30.16,1100,2022-06-29 15:02:00,EVBG
30.145,30.2,30.14,30.2,1307,2022-06-29 15:03:00,EVBG
30.15,30.17,30.135,30.135,300,2022-06-29 15:04:00,EVBG
30.12,30.12,30.06,30.08,600,2022-06-29 15:06:00,EVBG
30.05,30.12,30.05,30.12,600,2022-06-29 15:07:00,EVBG
30.18,30.18,30.15,30.16,310,2022-06-29 15:08:00,EVBG
30.19,30.2,30.13,30.145,500,2022-06-29 15:09:00,EVBG
30.15,30.15,30.1475,30.1475,200,2022-06-29 15:10:00,EVBG
30.115,30.115,30.115,30.115,100,2022-06-29 15:11:00,EVBG
30.1,30.1,30.1,30.1,200,2022-06-29 15:12:00,EVBG
30.04,30.04,30.04,30.04,100,2022-06-29 15:14:00,EVBG
30.08,30.08,30.04,30.05,800,2022-06-29 15:15:00,EVBG
30.06,30.1,30.06,30.085,1000,2022-06-29 15:16:00,EVBG
30.07,30.1,29.95,29.95,1100,2022-06-29 15:18:00,EVBG
29.95,29.95,29.95,29.95,100,2022-06-29 15:19:00,EVBG
29.98,29.99,29.94,29.9507,2025,2022-06-29 15:20:00,EVBG
29.93,29.97,29.93,29.955,800,2022-06-29 15:21:00,EVBG
29.99,29.99,29.98,29.98,575,2022-06-29 15:22:00,EVBG
29.97,29.97,29.97,29.97,100,2022-06-29 15:23:00,EVBG
29.96,29.98,29.96,29.96,400,2022-06-29 15:24:00,EVBG
30.015,30.07,30.015,30.07,400,2022-06-29 15:25:00,EVBG
30.11,30.11,30.105,30.105,200,2022-06-29 15:27:00,EVBG
30.13,30.13,30.13,30.13,100,2022-06-29 15:28:00,EVBG
30.13,30.18,30.13,30.18,700,2022-06-29 15:29:00,EVBG
30.145,30.145,30.145,30.145,100,2022-06-29 15:30:00,EVBG
30.13,30.13,30.13,30.13,100,2022-06-29 15:31:00,EVBG
30.13,30.18,30.13,30.175,2302,2022-06-29 15:32:00,EVBG
30.18,30.21,30.14,30.14,900,2022-06-29 15:33:00,EVBG
30.24,30.295,30.23,30.27,800,2022-06-29 15:35:00,EVBG
30.32,30.33,30.31,30.31,900,2022-06-29 15:36:00,EVBG
30.3,30.32,30.3,30.3,1300,2022-06-29 15:37:00,EVBG
30.315,30.315,30.245,30.25,800,2022-06-29 15:38:00,EVBG
30.21,30.21,30.21,30.21,100,2022-06-29 15:39:00,EVBG
30.2,30.205,30.2,30.205,200,2022-06-29 15:40:00,EVBG
30.18,30.18,30.09,30.1,948,2022-06-29 15:42:00,EVBG
30.08,30.1,30.07,30.07,300,2022-06-29 15:43:00,EVBG
30.11,30.11,30.1,30.1,400,2022-06-29 15:44:00,EVBG
30.09,30.09,30.09,30.09,100,2022-06-29 15:45:00,EVBG
30.09,30.1,30.04,30.1,2211,2022-06-29 15:46:00,EVBG
30.13,30.14,30.13,30.14,200,2022-06-29 15:47:00,EVBG
30.08,30.12,30.08,30.11,600,2022-06-29 15:49:00,EVBG
30.13,30.13,30.13,30.13,100,2022-06-29 15:50:00,EVBG
30.135,30.135,30.135,30.135,100,2022-06-29 15:51:00,EVBG
30.13,30.16,30.13,30.16,200,2022-06-29 15:52:00,EVBG
30.22,30.22,30.22,30.22,100,2022-06-29 15:53:00,EVBG
30.24,30.24,30.235,30.235,200,2022-06-29 15:55:00,EVBG
30.225,30.225,30.09,30.09,1600,2022-06-29 15:56:00,EVBG
30.09,30.09,30.09,30.09,200,2022-06-29 15:57:00,EVBG
30.07,30.11,30.07,30.105,875,2022-06-29 15:58:00,EVBG
30.1,30.12,30.1,30.12,1235,2022-06-29 15:59:00,EVBG
30.11,30.115,30.085,30.115,500,2022-06-29 16:00:00,EVBG
30.09,30.09,30.01,30.01,561,2022-06-29 16:01:00,EVBG
30.05,30.07,30.04,30.04,600,2022-06-29 16:04:00,EVBG
30.04,30.04,29.99,29.99,200,2022-06-29 16:05:00,EVBG
29.95,29.97,29.95,29.97,300,2022-06-29 16:06:00,EVBG
29.95,29.95,29.9,29.935,1100,2022-06-29 16:07:00,EVBG
29.93,29.94,29.915,29.915,400,2022-06-29 16:08:00,EVBG
29.925,29.925,29.925,29.925,100,2022-06-29 16:09:00,EVBG
29.92,29.92,29.92,29.92,100,2022-06-29 16:10:00,EVBG
29.91,29.91,29.91,29.91,100,2022-06-29 16:11:00,EVBG
29.89,29.9,29.855,29.855,700,2022-06-29 16:12:00,EVBG
29.84,29.85,29.825,29.825,1600,2022-06-29 16:13:00,EVBG
29.83,29.85,29.83,29.85,811,2022-06-29 16:14:00,EVBG
29.86,29.89,29.86,29.89,300,2022-06-29 16:15:00,EVBG
29.87,29.88,29.87,29.88,800,2022-06-29 16:16:00,EVBG
29.92,29.92,29.92,29.92,915,2022-06-29 16:17:00,EVBG
29.94,29.94,29.94,29.94,100,2022-06-29 16:20:00,EVBG
29.97,29.97,29.97,29.97,100,2022-06-29 16:21:00,EVBG
29.9401,29.9567,29.91,29.91,2293,2022-06-29 16:22:00,EVBG
29.895,29.895,29.81,29.81,500,2022-06-29 16:23:00,EVBG
29.73,29.73,29.715,29.72,700,2022-06-29 16:25:00,EVBG
29.69,29.69,29.65,29.65,200,2022-06-29 16:26:00,EVBG
29.7,29.7,29.68,29.68,300,2022-06-29 16:27:00,EVBG
29.675,29.7,29.67,29.695,1723,2022-06-29 16:28:00,EVBG
29.66,29.66,29.65,29.65,300,2022-06-29 16:29:00,EVBG
29.65,29.665,29.65,29.665,1200,2022-06-29 16:30:00,EVBG
29.665,29.68,29.64,29.655,4295,2022-06-29 16:31:00,EVBG
29.655,29.69,29.655,29.66,3377,2022-06-29 16:32:00,EVBG
29.63,29.66,29.63,29.635,2154,2022-06-29 16:34:00,EVBG
29.65,29.72,29.65,29.71,700,2022-06-29 16:36:00,EVBG
29.72,29.72,29.72,29.72,345,2022-06-29 16:37:00,EVBG
29.71,29.765,29.66,29.76,1800,2022-06-29 16:38:00,EVBG
29.76,29.76,29.76,29.76,100,2022-06-29 16:39:00,EVBG
29.725,29.73,29.72,29.72,800,2022-06-29 16:40:00,EVBG
29.7,29.71,29.645,29.645,800,2022-06-29 16:41:00,EVBG
29.675,29.72,29.67,29.67,1152,2022-06-29 16:42:00,EVBG
29.67,29.67,29.67,29.67,433,2022-06-29 16:43:00,EVBG
29.68,29.68,29.68,29.68,100,2022-06-29 16:45:00,EVBG
29.73,29.74,29.67,29.6994,1600,2022-06-29 16:46:00,EVBG
29.66,29.68,29.66,29.68,400,2022-06-29 16:47:00,EVBG
29.67,29.67,29.63,29.63,400,2022-06-29 16:48:00,EVBG
29.64,29.65,29.64,29.64,374,2022-06-29 16:49:00,EVBG
29.65,29.65,29.65,29.65,100,2022-06-29 16:50:00,EVBG
29.675,29.675,29.675,29.675,100,2022-06-29 16:51:00,EVBG
29.66,29.72,29.64,29.7,1121,2022-06-29 16:53:00,EVBG
29.63,29.63,29.61,29.615,600,2022-06-29 16:55:00,EVBG
29.635,29.635,29.635,29.635,100,2022-06-29 16:56:00,EVBG
29.67,29.68,29.67,29.67,300,2022-06-29 16:57:00,EVBG
29.66,29.66,29.66,29.66,100,2022-06-29 16:58:00,EVBG
29.735,29.78,29.735,29.78,400,2022-06-29 16:59:00,EVBG
29.775,29.775,29.75,29.775,300,2022-06-29 17:00:00,EVBG
29.845,29.845,29.815,29.82,600,2022-06-29 17:02:00,EVBG
29.825,29.84,29.76,29.77,2000,2022-06-29 17:03:00,EVBG
29.74,29.74,29.74,29.74,1185,2022-06-29 17:04:00,EVBG
29.73,29.73,29.72,29.72,300,2022-06-29 17:05:00,EVBG
29.7,29.7,29.7,29.7,100,2022-06-29 17:06:00,EVBG
29.67,29.675,29.67,29.675,200,2022-06-29 17:07:00,EVBG
29.68,29.685,29.68,29.685,200,2022-06-29 17:08:00,EVBG
29.7,29.745,29.7,29.745,866,2022-06-29 17:09:00,EVBG
29.76,29.78,29.76,29.78,200,2022-06-29 17:10:00,EVBG
29.73,29.73,29.695,29.695,500,2022-06-29 17:11:00,EVBG
29.68,29.68,29.59,29.59,974,2022-06-29 17:13:00,EVBG
29.585,29.585,29.585,29.585,200,2022-06-29 17:14:00,EVBG
29.5446,29.5446,29.5446,29.5446,183,2022-06-29 17:15:00,EVBG
29.55,29.575,29.55,29.575,500,2022-06-29 17:16:00,EVBG
29.575,29.603,29.57,29.57,1017,2022-06-29 17:17:00,EVBG
29.54,29.54,29.54,29.54,100,2022-06-29 17:18:00,EVBG
29.565,29.565,29.55,29.55,200,2022-06-29 17:19:00,EVBG
29.52,29.54,29.52,29.54,200,2022-06-29 17:20:00,EVBG
29.49,29.495,29.49,29.495,400,2022-06-29 17:21:00,EVBG
29.48,29.525,29.48,29.525,1300,2022-06-29 17:22:00,EVBG
29.49,29.49,29.49,29.49,100,2022-06-29 17:24:00,EVBG
29.51,29.515,29.51,29.515,200,2022-06-29 17:25:00,EVBG
29.5,29.53,29.5,29.525,600,2022-06-29 17:26:00,EVBG
29.56,29.585,29.54,29.57,700,2022-06-29 17:28:00,EVBG
29.58,29.61,29.58,29.59,400,2022-06-29 17:29:00,EVBG
29.59,29.61,29.59,29.61,600,2022-06-29 17:30:00,EVBG
29.57,29.59,29.555,29.59,600,2022-06-29 17:31:00,EVBG
29.58,29.58,29.565,29.58,380,2022-06-29 17:32:00,EVBG
29.55,29.55,29.55,29.55,200,2022-06-29 17:33:00,EVBG
29.555,29.555,29.535,29.535,400,2022-06-29 17:34:00,EVBG
29.56,29.57,29.56,29.57,451,2022-06-29 17:35:00,EVBG
29.565,29.58,29.565,29.58,400,2022-06-29 17:36:00,EVBG
29.58,29.585,29.565,29.58,700,2022-06-29 17:37:00,EVBG
29.58,29.58,29.575,29.575,200,2022-06-29 17:38:00,EVBG
29.58,29.58,29.57,29.575,418,2022-06-29 17:39:00,EVBG
29.56,29.58,29.555,29.57,1471,2022-06-29 17:40:00,EVBG
29.555,29.555,29.555,29.555,100,2022-06-29 17:41:00,EVBG
29.55,29.57,29.55,29.57,500,2022-06-29 17:42:00,EVBG
29.575,29.575,29.55,29.55,400,2022-06-29 17:43:00,EVBG
29.53,29.53,29.5,29.53,1300,2022-06-29 17:44:00,EVBG
29.55,29.55,29.53,29.53,200,2022-06-29 17:45:00,EVBG
29.56,29.56,29.56,29.56,100,2022-06-29 17:46:00,EVBG
29.555,29.555,29.555,29.555,100,2022-06-29 17:48:00,EVBG
29.55,29.55,29.53,29.53,400,2022-06-29 17:49:00,EVBG
29.53,29.53,29.52,29.52,200,2022-06-29 17:50:00,EVBG
29.535,29.535,29.535,29.535,100,2022-06-29 17:51:00,EVBG
29.53,29.535,29.52,29.535,460,2022-06-29 17:53:00,EVBG
29.55,29.55,29.535,29.54,500,2022-06-29 17:54:00,EVBG
29.545,29.59,29.545,29.59,500,2022-06-29 17:55:00,EVBG
29.58,29.58,29.55,29.56,867,2022-06-29 17:56:00,EVBG
29.575,29.575,29.52,29.52,1000,2022-06-29 17:57:00,EVBG
29.55,29.55,29.55,29.55,100,2022-06-29 17:58:00,EVBG
29.54,29.54,29.4,29.425,4504,2022-06-29 17:59:00,EVBG
29.4,29.42,29.39,29.42,1100,2022-06-29 18:00:00,EVBG
29.4392,29.545,29.4392,29.545,1542,2022-06-29 18:01:00,EVBG
29.54,29.56,29.54,29.55,764,2022-06-29 18:02:00,EVBG
29.555,29.59,29.555,29.575,1578,2022-06-29 18:03:00,EVBG
29.58,29.59,29.58,29.59,700,2022-06-29 18:04:00,EVBG
29.62,29.645,29.62,29.645,200,2022-06-29 18:05:00,EVBG
29.755,29.76,29.71,29.71,1518,2022-06-29 18:07:00,EVBG
29.725,29.725,29.725,29.725,100,2022-06-29 18:09:00,EVBG
29.71,29.715,29.6904,29.715,600,2022-06-29 18:10:00,EVBG
29.69,29.7,29.665,29.665,900,2022-06-29 18:11:00,EVBG
29.67,29.67,29.67,29.67,100,2022-06-29 18:12:00,EVBG
29.74,29.77,29.74,29.76,800,2022-06-29 18:14:00,EVBG
29.76,29.78,29.76,29.78,918,2022-06-29 18:15:00,EVBG
29.76,29.83,29.76,29.82,1400,2022-06-29 18:16:00,EVBG
29.825,29.84,29.8181,29.83,1900,2022-06-29 18:17:00,EVBG
29.85,29.85,29.85,29.85,100,2022-06-29 18:18:00,EVBG
29.87,29.875,29.865,29.875,300,2022-06-29 18:19:00,EVBG
29.86,29.86,29.76,29.76,2597,2022-06-29 18:20:00,EVBG
29.7368,29.74,29.715,29.715,300,2022-06-29 18:21:00,EVBG
29.73,29.73,29.665,29.665,800,2022-06-29 18:24:00,EVBG
29.67,29.67,29.67,29.67,100,2022-06-29 18:25:00,EVBG
29.665,29.665,29.665,29.665,200,2022-06-29 18:26:00,EVBG
29.67,29.695,29.655,29.695,800,2022-06-29 18:27:00,EVBG
29.6801,29.69,29.6801,29.69,1322,2022-06-29 18:28:00,EVBG
29.7,29.71,29.69,29.71,2468,2022-06-29 18:29:00,EVBG
29.68,29.68,29.68,29.68,100,2022-06-29 18:30:00,EVBG
29.62,29.62,29.6,29.62,300,2022-06-29 18:31:00,EVBG
29.59,29.59,29.59,29.59,200,2022-06-29 18:32:00,EVBG
29.57,29.585,29.56,29.585,400,2022-06-29 18:33:00,EVBG
29.5965,29.635,29.5965,29.635,600,2022-06-29 18:34:00,EVBG
29.64,29.64,29.62,29.62,1000,2022-06-29 18:35:00,EVBG
29.62,29.65,29.62,29.63,318,2022-06-29 18:36:00,EVBG
29.62,29.62,29.62,29.62,418,2022-06-29 18:38:00,EVBG
29.62,29.62,29.605,29.605,600,2022-06-29 18:39:00,EVBG
29.6,29.62,29.6,29.62,200,2022-06-29 18:40:00,EVBG
29.61,29.61,29.565,29.57,500,2022-06-29 18:41:00,EVBG
29.585,29.585,29.58,29.585,502,2022-06-29 18:42:00,EVBG
29.6,29.6,29.58,29.58,551,2022-06-29 18:44:00,EVBG
29.58,29.59,29.58,29.59,200,2022-06-29 18:45:00,EVBG
29.6,29.63,29.6,29.63,1115,2022-06-29 18:46:00,EVBG
29.62,29.62,29.61,29.61,800,2022-06-29 18:47:00,EVBG
29.62,29.625,29.62,29.625,200,2022-06-29 18:48:00,EVBG
29.61,29.61,29.57,29.57,600,2022-06-29 18:49:00,EVBG
29.57,29.57,29.54,29.56,400,2022-06-29 18:50:00,EVBG
29.59,29.59,29.59,29.59,500,2022-06-29 18:51:00,EVBG
29.56,29.57,29.55,29.55,400,2022-06-29 18:52:00,EVBG
29.53,29.58,29.53,29.565,793,2022-06-29 18:53:00,EVBG
29.565,29.565,29.565,29.565,100,2022-06-29 18:54:00,EVBG
29.57,29.58,29.54,29.54,1500,2022-06-29 18:55:00,EVBG
29.535,29.55,29.535,29.55,200,2022-06-29 18:56:00,EVBG
29.54,29.5409,29.5,29.5,1300,2022-06-29 18:57:00,EVBG
29.48,29.48,29.48,29.48,200,2022-06-29 18:58:00,EVBG
29.48,29.48,29.43,29.43,400,2022-06-29 18:59:00,EVBG
29.45,29.48,29.45,29.47,600,2022-06-29 19:00:00,EVBG
29.47,29.47,29.45,29.45,300,2022-06-29 19:01:00,EVBG
29.46,29.46,29.44,29.455,400,2022-06-29 19:02:00,EVBG
29.41,29.45,29.41,29.45,500,2022-06-29 19:03:00,EVBG
29.44,29.49,29.44,29.49,600,2022-06-29 19:04:00,EVBG
29.47,29.47,29.47,29.47,500,2022-06-29 19:05:00,EVBG
29.465,29.52,29.465,29.51,900,2022-06-29 19:06:00,EVBG
29.53,29.54,29.46,29.46,2808,2022-06-29 19:07:00,EVBG
29.45,29.48,29.435,29.435,600,2022-06-29 19:08:00,EVBG
29.49,29.52,29.46,29.46,2792,2022-06-29 19:09:00,EVBG
29.43,29.43,29.4,29.4,300,2022-06-29 19:10:00,EVBG
29.42,29.42,29.4,29.4,200,2022-06-29 19:11:00,EVBG
29.39,29.42,29.39,29.42,1104,2022-06-29 19:12:00,EVBG
29.44,29.44,29.42,29.42,500,2022-06-29 19:13:00,EVBG
29.42,29.44,29.42,29.44,300,2022-06-29 19:14:00,EVBG
29.41,29.425,29.41,29.425,200,2022-06-29 19:15:00,EVBG
29.41,29.455,29.41,29.455,1220,2022-06-29 19:16:00,EVBG
29.46,29.48,29.46,29.48,1000,2022-06-29 19:17:00,EVBG
29.47,29.47,29.43,29.43,1403,2022-06-29 19:18:00,EVBG
29.45,29.45,29.39,29.415,500,2022-06-29 19:19:00,EVBG
29.38,29.4,29.38,29.39,500,2022-06-29 19:20:00,EVBG
29.4,29.45,29.4,29.43,1000,2022-06-29 19:21:00,EVBG
29.44,29.44,29.44,29.44,100,2022-06-29 19:22:00,EVBG
29.44,29.44,29.43,29.44,500,2022-06-29 19:23:00,EVBG
29.45,29.47,29.45,29.47,2457,2022-06-29 19:24:00,EVBG
29.46,29.46,29.45,29.46,1077,2022-06-29 19:25:00,EVBG
29.47,29.48,29.47,29.47,1772,2022-06-29 19:26:00,EVBG
29.47,29.51,29.47,29.5,1900,2022-06-29 19:27:00,EVBG
29.5,29.55,29.5,29.55,1592,2022-06-29 19:28:00,EVBG
29.5696,29.595,29.5696,29.595,700,2022-06-29 19:29:00,EVBG
29.59,29.6,29.575,29.575,2614,2022-06-29 19:30:00,EVBG
29.57,29.57,29.545,29.55,1923,2022-06-29 19:31:00,EVBG
29.55,29.57,29.54,29.54,1077,2022-06-29 19:32:00,EVBG
29.53,29.53,29.47,29.49,1432,2022-06-29 19:33:00,EVBG
29.46,29.49,29.46,29.48,1000,2022-06-29 19:34:00,EVBG
29.47,29.49,29.455,29.49,800,2022-06-29 19:35:00,EVBG
29.47,29.495,29.44,29.44,800,2022-06-29 19:36:00,EVBG
29.39,29.4,29.38,29.4,1100,2022-06-29 19:37:00,EVBG
29.4,29.42,29.4,29.4,816,2022-06-29 19:38:00,EVBG
29.39,29.68,29.37,29.56,26722,2022-06-29 19:39:00,EVBG
29.57,29.57,29.545,29.555,2797,2022-06-29 19:40:00,EVBG
29.555,29.57,29.54,29.555,1364,2022-06-29 19:41:00,EVBG
29.555,29.59,29.53,29.59,1800,2022-06-29 19:42:00,EVBG
29.595,29.605,29.565,29.57,3181,2022-06-29 19:43:00,EVBG
29.58,29.58,29.56,29.58,1200,2022-06-29 19:44:00,EVBG
29.58,29.61,29.57,29.57,3908,2022-06-29 19:45:00,EVBG
29.575,29.58,29.52,29.54,1539,2022-06-29 19:46:00,EVBG
29.52,29.54,29.47,29.47,2900,2022-06-29 19:47:00,EVBG
29.45,29.48,29.45,29.48,2003,2022-06-29 19:48:00,EVBG
29.47,29.47,29.43,29.45,1700,2022-06-29 19:49:00,EVBG
29.5,29.5,29.44,29.45,3389,2022-06-29 19:50:00,EVBG
29.44,29.46,29.43,29.44,3124,2022-06-29 19:51:00,EVBG
29.43,29.43,29.37,29.38,4667,2022-06-29 19:52:00,EVBG
29.38,29.38,29.36,29.37,2500,2022-06-29 19:53:00,EVBG
29.375,29.43,29.375,29.42,3845,2022-06-29 19:54:00,EVBG
29.44,29.53,29.44,29.52,5950,2022-06-29 19:55:00,EVBG
29.52,29.55,29.52,29.54,3156,2022-06-29 19:56:00,EVBG
29.53,29.55,29.52,29.54,6162,2022-06-29 19:57:00,EVBG
29.54,29.59,29.53,29.55,10307,2022-06-29 19:58:00,EVBG
29.56,29.56,29.49,29.5,9306,2022-06-29 19:59:00,EVBG
29.54,29.54,29.54,29.54,48507,2022-06-29 20:00:00,EVBG
29.54,29.54,29.54,29.54,5549,2022-06-29 20:08:00,EVBG
