open,high,low,close,volume,datetime,symbol
107.09,107.98,107.09,107.98,2532,2021-06-01 13:30:00,CDLX
107.395,107.4,106.87,107.23,3330,2021-06-01 13:35:00,CDLX
106.69,107.0,106.56,107.0,300,2021-06-01 13:36:00,CDLX
107.0,107.0,107.0,107.0,100,2021-06-01 13:37:00,CDLX
107.08,107.08,106.52,107.08,622,2021-06-01 13:40:00,CDLX
107.27,107.27,107.265,107.265,200,2021-06-01 13:45:00,CDLX
106.64,106.64,106.52,106.52,400,2021-06-01 13:46:00,CDLX
106.07,106.11,106.04,106.11,700,2021-06-01 13:49:00,CDLX
105.9,105.9,105.9,105.9,1097,2021-06-01 13:51:00,CDLX
106.22,106.22,106.0,106.0,370,2021-06-01 13:54:00,CDLX
106.2,106.2,106.2,106.2,100,2021-06-01 14:01:00,CDLX
106.2,106.2,105.92,106.0,508,2021-06-01 14:02:00,CDLX
106.155,106.2,106.155,106.2,260,2021-06-01 14:03:00,CDLX
106.2,106.2,106.2,106.2,100,2021-06-01 14:04:00,CDLX
105.96,106.2,105.96,106.2,200,2021-06-01 14:05:00,CDLX
106.2,106.2,106.2,106.2,100,2021-06-01 14:06:00,CDLX
106.31,106.31,106.31,106.31,100,2021-06-01 14:07:00,CDLX
106.31,106.35,106.25,106.285,2167,2021-06-01 14:08:00,CDLX
106.22,106.22,106.22,106.22,100,2021-06-01 14:10:00,CDLX
105.82,105.82,105.82,105.82,100,2021-06-01 14:12:00,CDLX
105.775,105.775,105.775,105.775,100,2021-06-01 14:13:00,CDLX
105.11,105.11,104.83,104.83,600,2021-06-01 14:15:00,CDLX
104.25,104.25,104.25,104.25,100,2021-06-01 14:16:00,CDLX
104.33,104.92,104.325,104.92,1274,2021-06-01 14:18:00,CDLX
104.91,104.97,104.67,104.67,639,2021-06-01 14:19:00,CDLX
104.96,105.0,104.75,104.75,1696,2021-06-01 14:20:00,CDLX
104.72,104.72,104.57,104.57,1100,2021-06-01 14:25:00,CDLX
104.78,104.84,104.465,104.465,300,2021-06-01 14:26:00,CDLX
104.84,104.84,104.84,104.84,400,2021-06-01 14:27:00,CDLX
104.88,104.93,104.57,104.57,600,2021-06-01 14:28:00,CDLX
105.16,105.24,104.9,104.9,902,2021-06-01 14:31:00,CDLX
105.0,105.0,104.86,104.86,200,2021-06-01 14:32:00,CDLX
104.5,104.5,104.45,104.45,200,2021-06-01 14:34:00,CDLX
104.4,104.4,104.4,104.4,100,2021-06-01 14:37:00,CDLX
104.48,104.48,104.48,104.48,100,2021-06-01 14:38:00,CDLX
103.89,104.08,103.8292,103.99,426,2021-06-01 14:40:00,CDLX
103.78,104.18,103.77,103.77,894,2021-06-01 14:41:00,CDLX
104.06,104.06,103.59,103.59,400,2021-06-01 14:42:00,CDLX
103.5922,103.5922,103.5922,103.5922,100,2021-06-01 14:43:00,CDLX
103.74,103.74,103.59,103.59,900,2021-06-01 14:44:00,CDLX
103.55,103.64,103.55,103.64,200,2021-06-01 14:46:00,CDLX
103.63,103.63,103.63,103.63,100,2021-06-01 14:47:00,CDLX
103.64,103.64,103.64,103.64,100,2021-06-01 14:48:00,CDLX
103.375,103.45,103.37,103.37,500,2021-06-01 14:49:00,CDLX
103.6,103.6,103.59,103.59,200,2021-06-01 14:50:00,CDLX
103.515,103.515,103.515,103.515,100,2021-06-01 14:51:00,CDLX
103.78,104.13,103.78,103.925,400,2021-06-01 14:52:00,CDLX
103.51,103.51,103.51,103.51,200,2021-06-01 14:53:00,CDLX
104.02,104.11,103.94,104.11,816,2021-06-01 14:55:00,CDLX
104.0,104.19,104.0,104.0,2243,2021-06-01 14:57:00,CDLX
104.05,104.05,104.05,104.05,200,2021-06-01 14:58:00,CDLX
104.21,104.32,104.21,104.32,200,2021-06-01 15:00:00,CDLX
104.18,104.18,104.18,104.18,100,2021-06-01 15:01:00,CDLX
104.37,104.39,104.37,104.39,200,2021-06-01 15:02:00,CDLX
104.39,104.43,104.39,104.4,1072,2021-06-01 15:04:00,CDLX
104.17,104.27,104.06,104.06,413,2021-06-01 15:05:00,CDLX
104.29,104.29,104.29,104.29,100,2021-06-01 15:06:00,CDLX
104.3,104.3,104.16,104.16,200,2021-06-01 15:07:00,CDLX
104.31,104.31,104.31,104.31,200,2021-06-01 15:08:00,CDLX
104.2,104.2,104.2,104.2,100,2021-06-01 15:10:00,CDLX
104.51,104.51,104.51,104.51,100,2021-06-01 15:17:00,CDLX
104.87,104.87,104.68,104.68,200,2021-06-01 15:20:00,CDLX
104.89,105.1,104.8,105.1,300,2021-06-01 15:22:00,CDLX
104.76,104.76,104.68,104.68,400,2021-06-01 15:24:00,CDLX
104.59,104.72,104.56,104.56,800,2021-06-01 15:25:00,CDLX
104.72,104.72,104.63,104.63,300,2021-06-01 15:26:00,CDLX
104.78,104.78,104.54,104.54,696,2021-06-01 15:31:00,CDLX
104.675,104.74,104.67,104.74,900,2021-06-01 15:32:00,CDLX
104.49,104.49,104.49,104.49,100,2021-06-01 15:33:00,CDLX
104.63,104.63,104.535,104.535,700,2021-06-01 15:34:00,CDLX
104.6,104.6,104.6,104.6,100,2021-06-01 15:35:00,CDLX
104.81,104.9,104.55,104.55,300,2021-06-01 15:36:00,CDLX
104.85,104.85,104.85,104.85,400,2021-06-01 15:38:00,CDLX
104.74,104.74,104.72,104.72,200,2021-06-01 15:39:00,CDLX
104.61,104.635,104.61,104.635,200,2021-06-01 15:40:00,CDLX
104.675,104.87,104.54,104.87,799,2021-06-01 15:41:00,CDLX
104.87,104.87,104.87,104.87,100,2021-06-01 15:42:00,CDLX
105.1,105.1,104.89,104.89,200,2021-06-01 15:45:00,CDLX
104.89,104.89,104.89,104.89,100,2021-06-01 15:46:00,CDLX
104.9,104.9,104.9,104.9,100,2021-06-01 15:48:00,CDLX
105.09,105.11,105.08,105.09,500,2021-06-01 15:51:00,CDLX
104.98,104.98,104.98,104.98,100,2021-06-01 15:52:00,CDLX
104.97,104.97,104.97,104.97,100,2021-06-01 15:53:00,CDLX
105.14,105.14,105.04,105.04,375,2021-06-01 15:56:00,CDLX
105.34,105.34,104.79,104.79,1000,2021-06-01 15:57:00,CDLX
104.8,104.955,104.73,104.91,1000,2021-06-01 15:58:00,CDLX
104.95,104.99,104.88,104.99,1100,2021-06-01 15:59:00,CDLX
104.91,105.18,104.91,105.03,900,2021-06-01 16:00:00,CDLX
105.01,105.14,105.01,105.14,600,2021-06-01 16:01:00,CDLX
105.31,105.31,105.05,105.28,300,2021-06-01 16:02:00,CDLX
105.69,105.69,105.495,105.495,1000,2021-06-01 16:03:00,CDLX
105.19,105.3448,105.19,105.19,1100,2021-06-01 16:04:00,CDLX
105.35,105.35,105.35,105.35,100,2021-06-01 16:05:00,CDLX
105.13,105.53,105.13,105.53,1500,2021-06-01 16:06:00,CDLX
105.5406,105.68,105.471,105.471,1200,2021-06-01 16:07:00,CDLX
105.6,105.63,105.445,105.445,1424,2021-06-01 16:08:00,CDLX
105.59,105.69,105.37,105.37,2300,2021-06-01 16:09:00,CDLX
105.37,105.37,105.19,105.33,700,2021-06-01 16:10:00,CDLX
105.18,105.59,105.18,105.59,1405,2021-06-01 16:11:00,CDLX
105.36,105.65,105.36,105.65,541,2021-06-01 16:12:00,CDLX
105.715,106.0799,105.715,106.0799,422,2021-06-01 16:14:00,CDLX
106.25,106.25,106.25,106.25,100,2021-06-01 16:18:00,CDLX
106.465,106.465,106.32,106.34,323,2021-06-01 16:20:00,CDLX
106.24,106.24,106.24,106.24,200,2021-06-01 16:28:00,CDLX
106.25,106.25,105.87,105.87,500,2021-06-01 16:29:00,CDLX
106.055,106.055,105.87,105.87,253,2021-06-01 16:30:00,CDLX
106.05,106.06,106.05,106.06,300,2021-06-01 16:31:00,CDLX
106.14,106.14,106.14,106.14,100,2021-06-01 16:32:00,CDLX
105.915,105.915,105.915,105.915,275,2021-06-01 16:33:00,CDLX
105.7591,105.7591,105.73,105.73,467,2021-06-01 16:34:00,CDLX
105.79,105.79,105.52,105.52,300,2021-06-01 16:35:00,CDLX
105.69,105.69,105.41,105.41,200,2021-06-01 16:36:00,CDLX
105.65,105.845,105.65,105.845,1417,2021-06-01 16:38:00,CDLX
105.7174,106.0199,105.7174,106.005,300,2021-06-01 16:40:00,CDLX
106.05,106.1,106.05,106.1,1465,2021-06-01 16:42:00,CDLX
106.23,106.3,106.23,106.3,600,2021-06-01 16:45:00,CDLX
105.92,105.92,105.82,105.82,600,2021-06-01 16:52:00,CDLX
105.88,105.99,105.76,105.8,800,2021-06-01 16:53:00,CDLX
105.93,105.93,105.93,105.93,100,2021-06-01 16:56:00,CDLX
105.9,105.9,105.9,105.9,200,2021-06-01 16:58:00,CDLX
105.92,106.02,105.92,105.95,1003,2021-06-01 16:59:00,CDLX
105.74,105.74,105.73,105.73,310,2021-06-01 17:06:00,CDLX
105.745,105.745,105.745,105.745,100,2021-06-01 17:08:00,CDLX
105.86,105.86,105.86,105.86,100,2021-06-01 17:14:00,CDLX
105.92,105.95,105.92,105.95,200,2021-06-01 17:15:00,CDLX
105.86,105.92,105.86,105.92,200,2021-06-01 17:19:00,CDLX
105.8,105.8,105.75,105.75,200,2021-06-01 17:21:00,CDLX
105.53,105.63,105.53,105.63,500,2021-06-01 17:22:00,CDLX
105.8872,105.8872,105.8872,105.8872,231,2021-06-01 17:26:00,CDLX
105.735,105.735,105.735,105.735,100,2021-06-01 17:27:00,CDLX
105.8894,105.97,105.8894,105.97,404,2021-06-01 17:28:00,CDLX
106.23,106.37,106.23,106.37,200,2021-06-01 17:29:00,CDLX
106.36,106.36,106.36,106.36,100,2021-06-01 17:31:00,CDLX
106.18,106.37,106.18,106.37,300,2021-06-01 17:32:00,CDLX
106.34,106.34,106.34,106.34,100,2021-06-01 17:35:00,CDLX
106.13,106.13,105.99,105.99,300,2021-06-01 17:38:00,CDLX
106.025,106.025,106.025,106.025,100,2021-06-01 17:43:00,CDLX
105.96,105.96,105.96,105.96,100,2021-06-01 17:44:00,CDLX
106.14,106.24,106.14,106.24,300,2021-06-01 17:45:00,CDLX
106.455,106.455,106.455,106.455,104,2021-06-01 17:47:00,CDLX
106.37,106.37,106.21,106.21,799,2021-06-01 17:54:00,CDLX
106.22,106.22,106.22,106.22,200,2021-06-01 17:57:00,CDLX
106.16,106.16,106.16,106.16,100,2021-06-01 17:59:00,CDLX
106.33,106.33,106.33,106.33,100,2021-06-01 18:01:00,CDLX
106.39,106.53,106.39,106.53,500,2021-06-01 18:02:00,CDLX
106.3,106.3,106.3,106.3,100,2021-06-01 18:04:00,CDLX
106.345,106.345,106.345,106.345,100,2021-06-01 18:07:00,CDLX
106.2,106.33,106.2,106.33,500,2021-06-01 18:16:00,CDLX
106.46,106.82,106.46,106.79,1342,2021-06-01 18:17:00,CDLX
106.72,106.72,106.72,106.72,100,2021-06-01 18:18:00,CDLX
106.86,106.98,106.65,106.98,900,2021-06-01 18:27:00,CDLX
106.89,106.89,106.89,106.89,116,2021-06-01 18:28:00,CDLX
106.97,106.97,106.97,106.97,100,2021-06-01 18:29:00,CDLX
107.0,107.0,106.93,106.94,521,2021-06-01 18:32:00,CDLX
107.1,107.12,107.1,107.12,500,2021-06-01 18:35:00,CDLX
106.96,106.96,106.89,106.89,443,2021-06-01 18:36:00,CDLX
107.07,107.09,106.925,106.925,400,2021-06-01 18:38:00,CDLX
107.17,107.17,107.17,107.17,100,2021-06-01 18:41:00,CDLX
107.1,107.18,107.1,107.105,1024,2021-06-01 18:43:00,CDLX
107.105,107.105,107.105,107.105,100,2021-06-01 18:44:00,CDLX
107.11,107.33,107.11,107.33,300,2021-06-01 18:47:00,CDLX
107.15,107.34,107.15,107.34,600,2021-06-01 18:48:00,CDLX
107.47,107.47,107.47,107.47,100,2021-06-01 18:50:00,CDLX
107.355,107.355,107.21,107.21,200,2021-06-01 18:51:00,CDLX
107.25,107.25,107.25,107.25,100,2021-06-01 18:52:00,CDLX
107.15,107.17,107.05,107.17,300,2021-06-01 18:58:00,CDLX
107.15,107.15,107.15,107.15,100,2021-06-01 19:02:00,CDLX
107.2,107.2,107.2,107.2,100,2021-06-01 19:04:00,CDLX
107.08,107.33,107.08,107.2,700,2021-06-01 19:09:00,CDLX
107.22,107.22,107.11,107.11,300,2021-06-01 19:11:00,CDLX
107.215,107.215,106.83,106.92,900,2021-06-01 19:12:00,CDLX
106.94,107.08,106.94,106.99,300,2021-06-01 19:13:00,CDLX
107.04,107.04,106.86,107.02,674,2021-06-01 19:16:00,CDLX
106.96,106.96,106.96,106.96,100,2021-06-01 19:17:00,CDLX
106.975,106.975,106.975,106.975,100,2021-06-01 19:18:00,CDLX
106.8999,106.92,106.775,106.92,679,2021-06-01 19:19:00,CDLX
106.92,106.92,106.92,106.92,100,2021-06-01 19:22:00,CDLX
107.06,107.21,107.06,107.07,300,2021-06-01 19:27:00,CDLX
106.98,107.12,106.96,107.12,500,2021-06-01 19:29:00,CDLX
107.02,107.02,106.86,106.86,200,2021-06-01 19:31:00,CDLX
106.855,106.855,106.855,106.855,100,2021-06-01 19:33:00,CDLX
106.855,106.855,106.855,106.855,200,2021-06-01 19:34:00,CDLX
106.8,106.8,106.8,106.8,100,2021-06-01 19:35:00,CDLX
106.95,106.95,106.95,106.95,100,2021-06-01 19:36:00,CDLX
106.945,106.945,106.945,106.945,100,2021-06-01 19:40:00,CDLX
106.86,106.86,106.8,106.8,200,2021-06-01 19:41:00,CDLX
106.96,106.96,106.96,106.96,100,2021-06-01 19:42:00,CDLX
106.87,106.87,106.77,106.77,200,2021-06-01 19:43:00,CDLX
106.865,106.865,106.73,106.76,1264,2021-06-01 19:44:00,CDLX
106.86,106.86,106.815,106.815,617,2021-06-01 19:45:00,CDLX
106.9,106.97,106.9,106.95,300,2021-06-01 19:47:00,CDLX
106.88,106.92,106.88,106.92,250,2021-06-01 19:48:00,CDLX
106.92,106.92,106.92,106.92,100,2021-06-01 19:50:00,CDLX
106.88,106.88,106.655,106.655,400,2021-06-01 19:51:00,CDLX
106.61,106.69,106.43,106.43,400,2021-06-01 19:53:00,CDLX
106.73,106.85,106.72,106.85,1400,2021-06-01 19:54:00,CDLX
106.87,107.09,106.845,107.09,1000,2021-06-01 19:55:00,CDLX
107.08,107.27,106.97,107.235,2600,2021-06-01 19:56:00,CDLX
107.21,107.34,107.03,107.03,1432,2021-06-01 19:57:00,CDLX
106.87,106.96,106.87,106.96,700,2021-06-01 19:58:00,CDLX
107.11,107.21,106.995,107.18,2467,2021-06-01 19:59:00,CDLX
107.05,107.05,107.05,107.05,20429,2021-06-01 20:00:00,CDLX
108.5,108.5,108.5,108.5,200,2021-06-01 21:27:00,CDLX
108.44,108.44,107.06,107.46,5147,2021-06-02 13:30:00,CDLX
106.17,106.17,106.17,106.17,100,2021-06-02 13:38:00,CDLX
106.03,106.03,105.47,105.47,570,2021-06-02 13:44:00,CDLX
105.53,106.14,105.48,105.95,600,2021-06-02 13:45:00,CDLX
106.14,106.79,106.14,106.79,500,2021-06-02 13:46:00,CDLX
106.64,106.64,106.64,106.64,100,2021-06-02 13:53:00,CDLX
106.9,106.9,106.6,106.6,200,2021-06-02 13:54:00,CDLX
106.9,106.9,106.9,106.9,100,2021-06-02 13:55:00,CDLX
106.21,106.22,106.03,106.22,800,2021-06-02 13:56:00,CDLX
105.85,106.06,105.09,105.09,2792,2021-06-02 13:57:00,CDLX
105.62,105.62,105.62,105.62,200,2021-06-02 13:59:00,CDLX
106.0,106.0,106.0,106.0,100,2021-06-02 14:00:00,CDLX
105.7,105.7,105.6,105.63,670,2021-06-02 14:02:00,CDLX
105.36,105.36,105.36,105.36,100,2021-06-02 14:03:00,CDLX
106.0,106.0,106.0,106.0,200,2021-06-02 14:09:00,CDLX
105.78,105.89,105.5,105.89,800,2021-06-02 14:12:00,CDLX
105.5,105.5,105.5,105.5,100,2021-06-02 14:13:00,CDLX
105.82,105.82,105.82,105.82,100,2021-06-02 14:14:00,CDLX
106.12,106.13,106.12,106.13,500,2021-06-02 14:15:00,CDLX
106.07,106.07,105.88,105.99,2747,2021-06-02 14:17:00,CDLX
105.7784,105.7784,105.7784,105.7784,200,2021-06-02 14:19:00,CDLX
105.65,105.65,105.65,105.65,100,2021-06-02 14:20:00,CDLX
105.61,105.61,105.61,105.61,100,2021-06-02 14:26:00,CDLX
105.74,105.74,105.62,105.62,296,2021-06-02 14:32:00,CDLX
105.46,105.46,105.43,105.43,203,2021-06-02 14:33:00,CDLX
105.11,105.11,105.0,105.0,400,2021-06-02 14:35:00,CDLX
104.82,104.82,104.79,104.79,200,2021-06-02 14:38:00,CDLX
104.79,104.84,104.79,104.84,200,2021-06-02 14:39:00,CDLX
104.97,105.15,104.97,105.07,300,2021-06-02 14:40:00,CDLX
104.92,104.92,104.92,104.92,100,2021-06-02 14:42:00,CDLX
104.9,105.26,104.9,105.26,300,2021-06-02 14:43:00,CDLX
105.1604,105.1604,105.1604,105.1604,200,2021-06-02 14:44:00,CDLX
105.29,105.29,105.18,105.18,200,2021-06-02 14:45:00,CDLX
105.0,105.2,105.0,105.2,600,2021-06-02 14:46:00,CDLX
105.11,105.11,105.11,105.11,100,2021-06-02 14:51:00,CDLX
104.97,105.22,104.94,104.94,300,2021-06-02 14:52:00,CDLX
105.03,105.03,105.03,105.03,100,2021-06-02 14:54:00,CDLX
104.96,104.96,104.95,104.95,300,2021-06-02 14:55:00,CDLX
105.0201,105.2,105.0201,105.14,1050,2021-06-02 14:57:00,CDLX
105.03,105.15,105.01,105.15,1231,2021-06-02 14:58:00,CDLX
105.45,105.45,105.32,105.32,600,2021-06-02 15:00:00,CDLX
105.34,105.5,105.34,105.49,700,2021-06-02 15:01:00,CDLX
105.99,105.99,105.99,105.99,100,2021-06-02 15:03:00,CDLX
105.98,106.02,105.98,106.02,403,2021-06-02 15:04:00,CDLX
106.16,106.16,106.14,106.14,400,2021-06-02 15:06:00,CDLX
106.42,106.69,106.37,106.37,400,2021-06-02 15:09:00,CDLX
106.19,106.19,105.955,105.955,402,2021-06-02 15:11:00,CDLX
105.63,105.71,105.63,105.71,200,2021-06-02 15:17:00,CDLX
105.74,105.74,105.74,105.74,100,2021-06-02 15:19:00,CDLX
105.74,105.74,105.74,105.74,100,2021-06-02 15:32:00,CDLX
105.5,105.61,105.13,105.305,686,2021-06-02 15:34:00,CDLX
105.01,105.01,105.01,105.01,100,2021-06-02 15:36:00,CDLX
105.53,105.89,105.53,105.89,500,2021-06-02 15:41:00,CDLX
105.9,105.9,105.9,105.9,100,2021-06-02 15:42:00,CDLX
105.79,105.79,105.79,105.79,100,2021-06-02 15:43:00,CDLX
105.9968,105.9968,105.9968,105.9968,100,2021-06-02 15:44:00,CDLX
106.0,106.0,106.0,106.0,100,2021-06-02 15:45:00,CDLX
105.99,106.0,105.99,106.0,500,2021-06-02 15:46:00,CDLX
106.18,106.18,106.01,106.01,200,2021-06-02 15:49:00,CDLX
106.044,106.13,106.044,106.13,800,2021-06-02 15:50:00,CDLX
106.13,106.13,106.13,106.13,410,2021-06-02 15:51:00,CDLX
106.27,106.67,106.27,106.67,400,2021-06-02 15:52:00,CDLX
106.561,106.725,106.44,106.44,600,2021-06-02 15:54:00,CDLX
106.51,106.51,106.51,106.51,100,2021-06-02 15:57:00,CDLX
106.72,106.72,106.55,106.55,400,2021-06-02 15:58:00,CDLX
106.63,106.63,106.29,106.45,1031,2021-06-02 16:02:00,CDLX
106.45,106.45,106.45,106.45,100,2021-06-02 16:03:00,CDLX
106.12,106.175,106.12,106.175,200,2021-06-02 16:04:00,CDLX
106.1,106.65,106.1,106.65,800,2021-06-02 16:05:00,CDLX
106.59,106.7,106.31,106.6,1000,2021-06-02 16:06:00,CDLX
106.32,106.42,106.23,106.42,1880,2021-06-02 16:07:00,CDLX
106.61,106.61,106.31,106.39,1100,2021-06-02 16:08:00,CDLX
106.55,106.55,106.0,106.03,1000,2021-06-02 16:09:00,CDLX
105.8,106.11,105.78,106.11,1300,2021-06-02 16:10:00,CDLX
106.01,106.15,105.96,106.15,600,2021-06-02 16:11:00,CDLX
106.195,106.41,106.17,106.285,700,2021-06-02 16:12:00,CDLX
106.45,106.5,106.14,106.5,400,2021-06-02 16:13:00,CDLX
106.23,106.27,106.14,106.205,1760,2021-06-02 16:14:00,CDLX
106.27,106.27,106.0,106.0,1400,2021-06-02 16:15:00,CDLX
106.05,106.05,105.78,106.0,1800,2021-06-02 16:16:00,CDLX
106.05,106.13,106.0452,106.13,1207,2021-06-02 16:17:00,CDLX
106.24,106.34,105.93,105.95,1300,2021-06-02 16:18:00,CDLX
105.76,105.97,105.76,105.8,700,2021-06-02 16:19:00,CDLX
105.83,105.84,105.83,105.84,300,2021-06-02 16:20:00,CDLX
105.97,106.09,105.85,106.09,800,2021-06-02 16:21:00,CDLX
106.085,106.2,106.0225,106.2,1200,2021-06-02 16:22:00,CDLX
106.3,106.3,105.93,106.0,1500,2021-06-02 16:23:00,CDLX
105.8201,105.8201,105.8201,105.8201,100,2021-06-02 16:24:00,CDLX
105.82,105.82,105.215,105.215,1200,2021-06-02 16:25:00,CDLX
105.22,105.22,105.0,105.05,1994,2021-06-02 16:27:00,CDLX
104.94,104.94,104.94,104.94,100,2021-06-02 16:31:00,CDLX
105.24,105.24,105.175,105.175,200,2021-06-02 16:32:00,CDLX
105.38,105.38,105.38,105.38,100,2021-06-02 16:33:00,CDLX
105.4,105.4,105.18,105.19,500,2021-06-02 16:34:00,CDLX
105.48,105.48,105.48,105.48,100,2021-06-02 16:37:00,CDLX
105.37,105.37,105.37,105.37,100,2021-06-02 16:38:00,CDLX
105.51,105.7,105.51,105.7,1084,2021-06-02 16:40:00,CDLX
105.7372,105.7372,105.7372,105.7372,150,2021-06-02 16:41:00,CDLX
105.77,105.77,105.77,105.77,200,2021-06-02 16:43:00,CDLX
105.99,106.1,105.99,105.99,1400,2021-06-02 16:44:00,CDLX
106.12,106.14,105.86,105.86,700,2021-06-02 16:48:00,CDLX
106.135,106.26,106.135,106.26,200,2021-06-02 16:50:00,CDLX
106.49,106.49,106.49,106.49,100,2021-06-02 16:52:00,CDLX
106.6,106.6,106.53,106.53,900,2021-06-02 16:54:00,CDLX
106.76,106.76,106.76,106.76,100,2021-06-02 16:58:00,CDLX
106.93,106.93,106.87,106.87,300,2021-06-02 16:59:00,CDLX
107.0,107.0,107.0,107.0,316,2021-06-02 17:00:00,CDLX
106.94,107.04,106.94,107.04,200,2021-06-02 17:01:00,CDLX
107.05,107.115,106.93,107.11,600,2021-06-02 17:02:00,CDLX
107.08,107.15,107.08,107.15,500,2021-06-02 17:05:00,CDLX
107.01,107.17,107.01,107.145,797,2021-06-02 17:06:00,CDLX
107.27,107.27,107.27,107.27,100,2021-06-02 17:07:00,CDLX
107.16,107.16,107.16,107.16,100,2021-06-02 17:08:00,CDLX
107.42,107.42,107.14,107.34,800,2021-06-02 17:09:00,CDLX
107.33,107.39,107.33,107.39,200,2021-06-02 17:10:00,CDLX
107.65,107.65,107.65,107.65,300,2021-06-02 17:11:00,CDLX
107.735,107.745,107.735,107.745,300,2021-06-02 17:12:00,CDLX
107.735,107.93,107.39,107.39,2100,2021-06-02 17:13:00,CDLX
107.44,107.46,107.0431,107.42,1702,2021-06-02 17:14:00,CDLX
107.46,107.46,107.245,107.45,300,2021-06-02 17:15:00,CDLX
107.34,107.34,107.34,107.34,100,2021-06-02 17:18:00,CDLX
107.45,107.45,107.19,107.205,800,2021-06-02 17:19:00,CDLX
107.04,107.04,106.83,106.83,300,2021-06-02 17:20:00,CDLX
106.77,106.77,106.77,106.77,100,2021-06-02 17:23:00,CDLX
106.775,106.775,106.56,106.56,300,2021-06-02 17:25:00,CDLX
106.735,106.735,106.735,106.735,100,2021-06-02 17:26:00,CDLX
106.91,106.91,106.91,106.91,100,2021-06-02 17:28:00,CDLX
107.03,107.03,107.03,107.03,200,2021-06-02 17:29:00,CDLX
106.79,106.95,106.56,106.57,600,2021-06-02 17:30:00,CDLX
107.08,107.08,107.05,107.07,500,2021-06-02 17:31:00,CDLX
106.99,106.99,106.99,106.99,100,2021-06-02 17:34:00,CDLX
106.82,106.82,106.63,106.82,510,2021-06-02 17:37:00,CDLX
106.51,106.675,106.4,106.59,942,2021-06-02 17:39:00,CDLX
106.21,106.21,106.21,106.21,100,2021-06-02 17:40:00,CDLX
106.2,106.2,106.15,106.15,310,2021-06-02 17:41:00,CDLX
106.13,106.31,106.08,106.08,300,2021-06-02 17:42:00,CDLX
106.305,106.305,106.24,106.24,200,2021-06-02 17:46:00,CDLX
106.0,106.11,106.0,106.07,355,2021-06-02 17:47:00,CDLX
105.96,105.96,105.96,105.96,300,2021-06-02 17:50:00,CDLX
105.87,106.26,105.87,106.26,900,2021-06-02 17:53:00,CDLX
106.43,106.6,106.395,106.58,2000,2021-06-02 17:54:00,CDLX
106.315,106.315,106.315,106.315,100,2021-06-02 17:55:00,CDLX
106.17,106.59,106.17,106.17,1800,2021-06-02 17:56:00,CDLX
106.3,106.31,106.3,106.31,200,2021-06-02 17:57:00,CDLX
106.355,106.355,106.355,106.355,200,2021-06-02 18:01:00,CDLX
106.44,106.44,106.44,106.44,100,2021-06-02 18:05:00,CDLX
106.21,106.21,106.21,106.21,100,2021-06-02 18:06:00,CDLX
106.07,106.14,105.75,105.75,800,2021-06-02 18:07:00,CDLX
106.1,106.1,106.035,106.035,200,2021-06-02 18:08:00,CDLX
105.88,105.88,105.76,105.76,400,2021-06-02 18:11:00,CDLX
105.58,105.58,105.13,105.13,1097,2021-06-02 18:13:00,CDLX
105.43,105.61,105.43,105.61,500,2021-06-02 18:14:00,CDLX
105.59,105.73,105.59,105.73,500,2021-06-02 18:15:00,CDLX
105.92,105.92,105.915,105.915,200,2021-06-02 18:17:00,CDLX
105.8,105.9275,105.8,105.9275,200,2021-06-02 18:19:00,CDLX
105.83,105.83,105.72,105.72,400,2021-06-02 18:20:00,CDLX
105.61,105.61,105.61,105.61,100,2021-06-02 18:21:00,CDLX
105.97,105.97,105.83,105.83,600,2021-06-02 18:24:00,CDLX
105.98,105.98,105.98,105.98,100,2021-06-02 18:26:00,CDLX
105.99,106.04,105.93,105.93,300,2021-06-02 18:28:00,CDLX
105.93,105.93,105.93,105.93,100,2021-06-02 18:29:00,CDLX
105.99,105.99,105.99,105.99,100,2021-06-02 18:31:00,CDLX
105.73,105.865,105.68,105.73,1000,2021-06-02 18:32:00,CDLX
105.88,105.88,105.88,105.88,100,2021-06-02 18:33:00,CDLX
106.02,106.02,106.02,106.02,100,2021-06-02 18:34:00,CDLX
106.0,106.0,105.87,105.87,700,2021-06-02 18:37:00,CDLX
105.935,105.935,105.935,105.935,100,2021-06-02 18:41:00,CDLX
105.94,106.06,105.94,106.035,500,2021-06-02 18:43:00,CDLX
106.07,106.07,105.84,105.84,700,2021-06-02 18:44:00,CDLX
105.71,105.71,105.71,105.71,100,2021-06-02 18:45:00,CDLX
105.72,105.72,105.72,105.72,300,2021-06-02 18:47:00,CDLX
105.78,105.78,105.74,105.75,400,2021-06-02 18:48:00,CDLX
105.72,105.72,105.72,105.72,100,2021-06-02 18:49:00,CDLX
105.72,105.72,105.63,105.63,300,2021-06-02 18:50:00,CDLX
105.69,105.69,105.53,105.54,500,2021-06-02 18:54:00,CDLX
105.63,105.63,105.5,105.5,369,2021-06-02 18:55:00,CDLX
105.69,105.96,105.69,105.96,1400,2021-06-02 18:59:00,CDLX
105.98,106.04,105.98,106.04,300,2021-06-02 19:02:00,CDLX
106.05,106.07,106.05,106.07,325,2021-06-02 19:03:00,CDLX
106.05,106.05,106.05,106.05,200,2021-06-02 19:08:00,CDLX
105.92,105.95,105.88,105.95,300,2021-06-02 19:09:00,CDLX
105.885,105.885,105.885,105.885,100,2021-06-02 19:10:00,CDLX
105.99,106.08,105.99,106.08,528,2021-06-02 19:11:00,CDLX
106.12,106.12,106.12,106.12,100,2021-06-02 19:12:00,CDLX
106.23,106.27,105.97,106.07,1516,2021-06-02 19:13:00,CDLX
105.985,105.985,105.985,105.985,100,2021-06-02 19:15:00,CDLX
105.8,105.8,105.8,105.8,100,2021-06-02 19:16:00,CDLX
106.2,106.2,106.2,106.2,100,2021-06-02 19:18:00,CDLX
106.2,106.2,106.2,106.2,100,2021-06-02 19:19:00,CDLX
106.14,106.14,106.14,106.14,100,2021-06-02 19:20:00,CDLX
106.21,106.21,106.21,106.21,100,2021-06-02 19:21:00,CDLX
106.1,106.1,106.1,106.1,100,2021-06-02 19:22:00,CDLX
106.35,106.38,106.35,106.38,200,2021-06-02 19:23:00,CDLX
106.3,106.3,106.26,106.3,300,2021-06-02 19:26:00,CDLX
106.06,106.175,106.05,106.06,500,2021-06-02 19:28:00,CDLX
106.12,106.12,106.04,106.04,300,2021-06-02 19:29:00,CDLX
106.08,106.08,106.08,106.08,100,2021-06-02 19:30:00,CDLX
106.205,106.205,106.12,106.12,300,2021-06-02 19:32:00,CDLX
106.1,106.3,106.1,106.3,700,2021-06-02 19:34:00,CDLX
106.525,106.525,106.45,106.46,500,2021-06-02 19:35:00,CDLX
106.419,106.54,106.419,106.54,500,2021-06-02 19:36:00,CDLX
106.4,106.4,106.4,106.4,100,2021-06-02 19:38:00,CDLX
106.47,106.47,106.4,106.4,200,2021-06-02 19:39:00,CDLX
106.4,106.475,106.4,106.475,300,2021-06-02 19:40:00,CDLX
106.465,106.465,106.465,106.465,100,2021-06-02 19:41:00,CDLX
106.475,106.475,106.46,106.46,500,2021-06-02 19:42:00,CDLX
106.52,106.52,106.47,106.47,400,2021-06-02 19:43:00,CDLX
106.42,106.47,106.42,106.42,300,2021-06-02 19:44:00,CDLX
106.43,106.45,106.34,106.34,500,2021-06-02 19:45:00,CDLX
106.3,106.38,106.19,106.19,900,2021-06-02 19:46:00,CDLX
106.105,106.34,106.105,106.305,1500,2021-06-02 19:47:00,CDLX
106.305,106.43,106.3,106.43,1000,2021-06-02 19:48:00,CDLX
106.58,106.58,106.42,106.48,1300,2021-06-02 19:49:00,CDLX
106.605,106.92,106.605,106.85,600,2021-06-02 19:50:00,CDLX
106.84,106.84,106.48,106.48,1887,2021-06-02 19:51:00,CDLX
106.4,106.56,106.35,106.35,1400,2021-06-02 19:52:00,CDLX
106.365,106.42,106.365,106.37,900,2021-06-02 19:53:00,CDLX
106.4,106.49,106.36,106.47,2315,2021-06-02 19:54:00,CDLX
106.359,106.39,106.15,106.15,1265,2021-06-02 19:55:00,CDLX
106.21,106.6,106.12,106.6,2400,2021-06-02 19:56:00,CDLX
106.7,106.7,106.52,106.52,1100,2021-06-02 19:57:00,CDLX
106.38,106.71,106.28,106.71,1515,2021-06-02 19:58:00,CDLX
106.7,106.72,106.24,106.24,4301,2021-06-02 19:59:00,CDLX
106.23,106.23,106.23,106.23,16549,2021-06-02 20:00:00,CDLX
104.19,104.19,103.97,103.97,2033,2021-06-03 13:30:00,CDLX
103.79,104.9087,102.0,102.31,6726,2021-06-03 13:32:00,CDLX
104.4508,104.4508,103.46,103.46,214,2021-06-03 13:33:00,CDLX
104.4087,104.4087,104.4087,104.4087,172,2021-06-03 13:34:00,CDLX
104.66,104.66,104.34,104.46,400,2021-06-03 13:35:00,CDLX
102.5,102.5,102.48,102.48,300,2021-06-03 13:36:00,CDLX
102.07,102.07,102.07,102.07,200,2021-06-03 13:38:00,CDLX
102.07,102.07,101.09,101.09,606,2021-06-03 13:39:00,CDLX
101.25,101.25,101.25,101.25,100,2021-06-03 13:40:00,CDLX
101.25,101.25,101.25,101.25,200,2021-06-03 13:42:00,CDLX
102.42,102.42,102.42,102.42,100,2021-06-03 13:46:00,CDLX
101.785,101.785,101.785,101.785,100,2021-06-03 13:47:00,CDLX
101.41,101.86,101.37,101.86,615,2021-06-03 13:49:00,CDLX
101.5,101.5,101.34,101.47,300,2021-06-03 13:51:00,CDLX
101.64,101.64,101.57,101.58,400,2021-06-03 13:52:00,CDLX
101.825,102.09,101.67,101.67,438,2021-06-03 13:53:00,CDLX
102.17,102.5,101.82,102.34,900,2021-06-03 13:54:00,CDLX
101.89,102.33,101.89,101.96,300,2021-06-03 13:56:00,CDLX
101.96,102.34,101.96,102.25,818,2021-06-03 13:57:00,CDLX
102.2,102.21,102.2,102.21,300,2021-06-03 13:58:00,CDLX
102.19,102.21,102.0,102.0,600,2021-06-03 13:59:00,CDLX
102.47,102.47,102.0,102.0,905,2021-06-03 14:00:00,CDLX
102.29,102.29,101.97,101.97,200,2021-06-03 14:01:00,CDLX
101.705,102.64,101.705,102.265,2200,2021-06-03 14:02:00,CDLX
102.39,102.39,102.07,102.07,1200,2021-06-03 14:03:00,CDLX
101.92,102.03,101.81,101.81,1100,2021-06-03 14:04:00,CDLX
102.1,102.255,101.87,102.255,1000,2021-06-03 14:05:00,CDLX
102.11,102.205,101.99,102.205,900,2021-06-03 14:06:00,CDLX
102.3,102.3,102.27,102.27,400,2021-06-03 14:07:00,CDLX
102.08,102.08,102.08,102.08,100,2021-06-03 14:08:00,CDLX
102.055,102.55,102.055,102.49,1000,2021-06-03 14:09:00,CDLX
102.68,102.68,101.96,101.96,1300,2021-06-03 14:10:00,CDLX
101.45,101.86,101.45,101.635,700,2021-06-03 14:11:00,CDLX
101.93,101.93,101.71,101.71,1200,2021-06-03 14:12:00,CDLX
101.875,101.93,101.63,101.9,1300,2021-06-03 14:13:00,CDLX
101.63,101.9,101.53,101.53,1900,2021-06-03 14:14:00,CDLX
101.59,101.83,101.59,101.81,1700,2021-06-03 14:15:00,CDLX
101.66,101.69,101.66,101.69,300,2021-06-03 14:16:00,CDLX
101.38,101.6,101.25,101.6,700,2021-06-03 14:17:00,CDLX
101.85,101.86,101.71,101.71,600,2021-06-03 14:19:00,CDLX
101.84,101.85,101.84,101.85,500,2021-06-03 14:23:00,CDLX
101.95,101.95,101.95,101.95,100,2021-06-03 14:27:00,CDLX
102.31,102.32,102.0,102.185,1690,2021-06-03 14:28:00,CDLX
102.18,102.18,102.18,102.18,800,2021-06-03 14:29:00,CDLX
102.02,102.02,102.02,102.02,100,2021-06-03 14:30:00,CDLX
102.2,102.27,102.2,102.27,430,2021-06-03 14:31:00,CDLX
102.3,102.46,102.25,102.46,300,2021-06-03 14:32:00,CDLX
102.22,102.52,102.22,102.52,600,2021-06-03 14:33:00,CDLX
102.6,102.6,102.39,102.585,522,2021-06-03 14:35:00,CDLX
102.77,102.77,102.77,102.77,100,2021-06-03 14:37:00,CDLX
102.24,102.24,102.19,102.19,300,2021-06-03 14:38:00,CDLX
102.04,102.04,102.04,102.04,111,2021-06-03 14:39:00,CDLX
101.95,101.95,101.695,101.695,1800,2021-06-03 14:40:00,CDLX
101.85,101.85,101.84,101.85,900,2021-06-03 14:41:00,CDLX
101.81,101.81,101.81,101.81,100,2021-06-03 14:42:00,CDLX
102.14,102.14,102.14,102.14,100,2021-06-03 14:43:00,CDLX
102.41,102.41,102.41,102.41,100,2021-06-03 14:45:00,CDLX
102.61,102.61,102.61,102.61,100,2021-06-03 14:47:00,CDLX
102.81,102.81,102.81,102.81,100,2021-06-03 14:51:00,CDLX
102.65,102.65,102.65,102.65,300,2021-06-03 14:52:00,CDLX
102.42,102.45,102.41,102.41,400,2021-06-03 14:57:00,CDLX
102.59,102.59,102.39,102.39,300,2021-06-03 14:58:00,CDLX
102.455,102.455,102.27,102.27,200,2021-06-03 14:59:00,CDLX
102.75,103.04,102.75,103.04,2101,2021-06-03 15:01:00,CDLX
102.9,102.9,102.9,102.9,200,2021-06-03 15:02:00,CDLX
102.73,102.73,102.59,102.59,351,2021-06-03 15:03:00,CDLX
102.8,102.8,102.52,102.52,1800,2021-06-03 15:04:00,CDLX
102.73,102.73,102.52,102.585,1300,2021-06-03 15:05:00,CDLX
102.88,103.06,102.88,103.06,700,2021-06-03 15:06:00,CDLX
103.085,103.09,102.88,103.09,600,2021-06-03 15:07:00,CDLX
103.02,103.2,103.02,103.2,300,2021-06-03 15:08:00,CDLX
103.16,103.16,103.16,103.16,100,2021-06-03 15:09:00,CDLX
103.25,103.25,102.79,102.79,534,2021-06-03 15:10:00,CDLX
102.87,102.91,102.87,102.91,200,2021-06-03 15:11:00,CDLX
102.9,102.9,102.735,102.735,300,2021-06-03 15:12:00,CDLX
102.91,103.01,102.88,103.01,800,2021-06-03 15:13:00,CDLX
103.02,103.16,103.02,103.16,400,2021-06-03 15:14:00,CDLX
103.22,103.22,102.94,102.94,500,2021-06-03 15:15:00,CDLX
102.79,102.79,102.78,102.78,300,2021-06-03 15:16:00,CDLX
102.67,102.67,102.37,102.37,300,2021-06-03 15:18:00,CDLX
102.27,102.2752,101.8776,102.125,7914,2021-06-03 15:19:00,CDLX
102.07,102.07,102.005,102.005,200,2021-06-03 15:21:00,CDLX
102.24,102.24,102.24,102.24,100,2021-06-03 15:22:00,CDLX
102.25,102.25,102.25,102.25,200,2021-06-03 15:23:00,CDLX
102.09,102.09,102.09,102.09,100,2021-06-03 15:25:00,CDLX
101.88,101.88,101.88,101.88,100,2021-06-03 15:26:00,CDLX
102.2,102.2,101.995,101.995,704,2021-06-03 15:27:00,CDLX
102.26,102.28,102.26,102.28,200,2021-06-03 15:28:00,CDLX
102.28,102.74,102.28,102.74,700,2021-06-03 15:29:00,CDLX
102.71,102.77,102.38,102.5,1800,2021-06-03 15:30:00,CDLX
102.5,102.56,102.28,102.28,1800,2021-06-03 15:31:00,CDLX
102.29,102.3,102.28,102.28,400,2021-06-03 15:32:00,CDLX
102.13,102.13,102.13,102.13,200,2021-06-03 15:33:00,CDLX
101.9,101.9,101.9,101.9,100,2021-06-03 15:34:00,CDLX
102.23,102.23,102.05,102.05,200,2021-06-03 15:35:00,CDLX
102.12,102.2795,102.1,102.2795,1000,2021-06-03 15:36:00,CDLX
102.36,102.55,102.31,102.31,1964,2021-06-03 15:37:00,CDLX
102.32,102.32,102.32,102.32,100,2021-06-03 15:38:00,CDLX
102.04,102.04,102.04,102.04,100,2021-06-03 15:39:00,CDLX
102.12,102.13,102.12,102.13,200,2021-06-03 15:40:00,CDLX
101.83,101.83,101.81,101.81,200,2021-06-03 15:42:00,CDLX
101.85,101.98,101.85,101.9,2472,2021-06-03 15:44:00,CDLX
101.55,101.55,101.26,101.26,1400,2021-06-03 15:46:00,CDLX
101.25,101.43,101.13,101.13,900,2021-06-03 15:49:00,CDLX
101.13,101.25,101.13,101.13,400,2021-06-03 15:53:00,CDLX
101.22,101.22,101.21,101.21,200,2021-06-03 15:54:00,CDLX
101.52,101.54,101.52,101.54,1039,2021-06-03 15:58:00,CDLX
101.8,101.8,101.79,101.8,400,2021-06-03 16:00:00,CDLX
101.59,101.59,101.59,101.59,400,2021-06-03 16:01:00,CDLX
101.79,101.8,101.67,101.67,732,2021-06-03 16:02:00,CDLX
101.95,101.95,101.87,101.87,1907,2021-06-03 16:03:00,CDLX
101.89,101.89,101.781,101.8,1100,2021-06-03 16:04:00,CDLX
101.85,101.85,101.641,101.641,2364,2021-06-03 16:05:00,CDLX
101.6,101.6,101.351,101.351,1106,2021-06-03 16:06:00,CDLX
101.32,101.32,101.32,101.32,100,2021-06-03 16:07:00,CDLX
101.65,101.65,101.65,101.65,100,2021-06-03 16:08:00,CDLX
101.765,101.82,101.72,101.72,800,2021-06-03 16:09:00,CDLX
101.9,101.9,101.9,101.9,100,2021-06-03 16:10:00,CDLX
101.86,101.92,101.86,101.9,1000,2021-06-03 16:13:00,CDLX
101.71,101.72,101.71,101.71,300,2021-06-03 16:15:00,CDLX
101.56,101.56,101.39,101.39,500,2021-06-03 16:16:00,CDLX
101.555,102.1,101.555,102.1,3599,2021-06-03 16:17:00,CDLX
102.285,102.285,102.14,102.14,1000,2021-06-03 16:18:00,CDLX
102.01,102.01,102.01,102.01,100,2021-06-03 16:20:00,CDLX
102.07,102.32,102.07,102.32,400,2021-06-03 16:23:00,CDLX
102.29,102.5,102.29,102.5,400,2021-06-03 16:24:00,CDLX
102.62,102.62,102.62,102.62,100,2021-06-03 16:26:00,CDLX
102.85,102.96,102.85,102.96,250,2021-06-03 16:28:00,CDLX
102.93,103.17,102.93,103.13,1300,2021-06-03 16:30:00,CDLX
103.06,103.06,102.87,102.87,700,2021-06-03 16:31:00,CDLX
102.86,102.87,102.84,102.85,1300,2021-06-03 16:32:00,CDLX
102.67,102.67,102.67,102.67,166,2021-06-03 16:34:00,CDLX
102.67,102.67,102.67,102.67,187,2021-06-03 16:35:00,CDLX
102.46,102.46,102.46,102.46,100,2021-06-03 16:37:00,CDLX
102.4,102.4084,102.4,102.4084,850,2021-06-03 16:48:00,CDLX
102.77,102.92,102.49,102.5,1000,2021-06-03 16:49:00,CDLX
103.0,103.14,103.0,103.06,351,2021-06-03 16:51:00,CDLX
102.86,102.88,102.8,102.8,500,2021-06-03 16:52:00,CDLX
103.0,103.0,103.0,103.0,100,2021-06-03 16:53:00,CDLX
103.0,103.0,103.0,103.0,100,2021-06-03 16:55:00,CDLX
103.0,103.0,103.0,103.0,100,2021-06-03 16:56:00,CDLX
103.0,103.0,103.0,103.0,100,2021-06-03 16:57:00,CDLX
102.8,102.8,102.8,102.8,100,2021-06-03 16:59:00,CDLX
102.87,102.9,102.87,102.9,300,2021-06-03 17:02:00,CDLX
102.91,103.25,102.91,103.2,1400,2021-06-03 17:03:00,CDLX
103.165,103.165,103.165,103.165,100,2021-06-03 17:04:00,CDLX
103.2,103.2,103.04,103.1,300,2021-06-03 17:05:00,CDLX
103.03,103.08,102.92,102.92,800,2021-06-03 17:06:00,CDLX
102.91,102.91,102.91,102.91,100,2021-06-03 17:07:00,CDLX
102.86,102.86,102.82,102.82,300,2021-06-03 17:09:00,CDLX
102.88,103.11,102.88,103.11,300,2021-06-03 17:10:00,CDLX
103.2,103.2,103.2,103.2,100,2021-06-03 17:12:00,CDLX
103.0,103.195,103.0,103.195,300,2021-06-03 17:13:00,CDLX
103.2,103.2,103.2,103.2,200,2021-06-03 17:18:00,CDLX
103.235,103.235,103.2,103.2,200,2021-06-03 17:19:00,CDLX
103.2996,103.2996,103.2996,103.2996,116,2021-06-03 17:20:00,CDLX
103.28,103.28,103.28,103.28,100,2021-06-03 17:25:00,CDLX
103.15,103.15,103.01,103.02,400,2021-06-03 17:27:00,CDLX
103.165,103.165,103.165,103.165,100,2021-06-03 17:33:00,CDLX
103.01,103.01,102.91,102.91,500,2021-06-03 17:34:00,CDLX
102.91,102.91,102.91,102.91,100,2021-06-03 17:36:00,CDLX
103.0,103.0,103.0,103.0,227,2021-06-03 17:38:00,CDLX
102.9662,102.9662,102.9662,102.9662,100,2021-06-03 17:39:00,CDLX
102.87,102.99,102.87,102.97,400,2021-06-03 17:40:00,CDLX
103.06,103.06,103.06,103.06,100,2021-06-03 17:41:00,CDLX
103.1,103.1,102.76,102.76,1600,2021-06-03 17:42:00,CDLX
102.76,102.94,102.75,102.87,2251,2021-06-03 17:43:00,CDLX
102.8,102.95,102.8,102.94,3242,2021-06-03 17:44:00,CDLX
102.84,102.84,102.84,102.84,300,2021-06-03 17:45:00,CDLX
102.885,103.1,102.88,102.88,1099,2021-06-03 17:46:00,CDLX
102.804,102.804,102.0786,102.0786,3697,2021-06-03 17:47:00,CDLX
102.0,102.0,102.0,102.0,200,2021-06-03 17:49:00,CDLX
102.09,102.09,101.77,101.97,2000,2021-06-03 17:51:00,CDLX
101.94,101.94,101.94,101.94,100,2021-06-03 17:52:00,CDLX
101.79,101.79,101.79,101.79,100,2021-06-03 17:53:00,CDLX
101.92,102.0,101.9,101.96,1100,2021-06-03 17:55:00,CDLX
102.05,102.05,101.965,101.965,200,2021-06-03 17:56:00,CDLX
102.06,102.06,102.06,102.06,100,2021-06-03 17:58:00,CDLX
102.12,102.12,101.88,101.88,1607,2021-06-03 18:00:00,CDLX
101.67,101.67,101.67,101.67,100,2021-06-03 18:01:00,CDLX
101.88,101.88,101.88,101.88,100,2021-06-03 18:03:00,CDLX
101.87,101.87,101.87,101.87,100,2021-06-03 18:10:00,CDLX
101.995,101.995,101.995,101.995,1500,2021-06-03 18:12:00,CDLX
101.77,101.82,101.77,101.82,408,2021-06-03 18:13:00,CDLX
101.74,101.77,101.72,101.73,400,2021-06-03 18:15:00,CDLX
101.63,101.63,101.63,101.63,205,2021-06-03 18:16:00,CDLX
101.81,101.81,101.59,101.59,200,2021-06-03 18:18:00,CDLX
101.83,101.83,101.81,101.81,300,2021-06-03 18:20:00,CDLX
101.775,101.775,101.775,101.775,300,2021-06-03 18:21:00,CDLX
101.5,101.5,101.5,101.5,186,2021-06-03 18:24:00,CDLX
101.43,101.43,101.43,101.43,100,2021-06-03 18:26:00,CDLX
101.52,101.52,101.52,101.52,441,2021-06-03 18:31:00,CDLX
101.53,101.53,101.53,101.53,250,2021-06-03 18:33:00,CDLX
101.38,101.38,101.35,101.35,860,2021-06-03 18:34:00,CDLX
101.6,101.6,101.6,101.6,100,2021-06-03 18:38:00,CDLX
101.33,101.33,101.33,101.33,300,2021-06-03 18:39:00,CDLX
101.31,101.46,101.31,101.46,200,2021-06-03 18:42:00,CDLX
101.4528,101.4528,101.4528,101.4528,105,2021-06-03 18:44:00,CDLX
101.62,101.63,101.62,101.63,200,2021-06-03 18:46:00,CDLX
101.58,101.62,101.58,101.58,300,2021-06-03 18:47:00,CDLX
101.52,101.52,101.52,101.52,100,2021-06-03 18:53:00,CDLX
101.46,101.46,101.43,101.43,200,2021-06-03 18:54:00,CDLX
101.66,101.7,101.66,101.7,200,2021-06-03 18:56:00,CDLX
101.45,101.45,101.45,101.45,100,2021-06-03 18:59:00,CDLX
101.51,101.51,101.51,101.51,100,2021-06-03 19:00:00,CDLX
101.73,101.73,101.73,101.73,593,2021-06-03 19:01:00,CDLX
101.735,101.735,101.735,101.735,100,2021-06-03 19:02:00,CDLX
101.69,101.69,101.69,101.69,200,2021-06-03 19:03:00,CDLX
101.5,101.5,101.47,101.47,202,2021-06-03 19:06:00,CDLX
101.48,101.48,101.48,101.48,100,2021-06-03 19:08:00,CDLX
101.63,101.67,101.63,101.67,600,2021-06-03 19:09:00,CDLX
101.66,101.66,101.64,101.64,200,2021-06-03 19:10:00,CDLX
101.82,102.01,101.82,102.01,200,2021-06-03 19:12:00,CDLX
102.19,102.19,101.73,101.73,200,2021-06-03 19:13:00,CDLX
101.665,101.665,101.665,101.665,100,2021-06-03 19:17:00,CDLX
101.41,101.41,101.355,101.355,300,2021-06-03 19:19:00,CDLX
101.5,101.5,101.5,101.5,100,2021-06-03 19:23:00,CDLX
101.5,101.67,101.5,101.67,300,2021-06-03 19:25:00,CDLX
101.695,101.695,101.695,101.695,100,2021-06-03 19:27:00,CDLX
102.01,102.01,101.53,101.53,200,2021-06-03 19:29:00,CDLX
101.57,101.57,101.57,101.57,100,2021-06-03 19:30:00,CDLX
101.9,102.0,101.9,102.0,200,2021-06-03 19:32:00,CDLX
101.98,102.14,101.98,102.14,761,2021-06-03 19:33:00,CDLX
102.08,102.08,101.715,101.89,1000,2021-06-03 19:34:00,CDLX
101.705,101.705,101.51,101.51,200,2021-06-03 19:35:00,CDLX
101.52,101.52,101.52,101.52,100,2021-06-03 19:36:00,CDLX
101.82,101.84,101.54,101.66,700,2021-06-03 19:37:00,CDLX
101.72,101.72,101.65,101.65,300,2021-06-03 19:38:00,CDLX
101.79,101.79,101.57,101.58,400,2021-06-03 19:39:00,CDLX
101.57,101.57,101.23,101.35,801,2021-06-03 19:41:00,CDLX
101.46,101.5,101.41,101.465,2143,2021-06-03 19:42:00,CDLX
101.44,101.44,101.29,101.29,300,2021-06-03 19:43:00,CDLX
101.29,101.29,101.2,101.23,1100,2021-06-03 19:44:00,CDLX
101.18,101.18,101.17,101.17,200,2021-06-03 19:45:00,CDLX
101.16,101.185,101.15,101.185,300,2021-06-03 19:46:00,CDLX
101.12,101.17,101.11,101.17,615,2021-06-03 19:47:00,CDLX
101.245,101.26,101.12,101.26,600,2021-06-03 19:48:00,CDLX
101.18,101.26,101.05,101.16,2106,2021-06-03 19:49:00,CDLX
101.29,101.42,101.23,101.26,1822,2021-06-03 19:50:00,CDLX
101.32,101.32,101.24,101.24,748,2021-06-03 19:51:00,CDLX
101.26,101.315,101.11,101.12,1870,2021-06-03 19:52:00,CDLX
101.11,101.12,101.085,101.085,1851,2021-06-03 19:53:00,CDLX
101.01,101.4,101.0,101.4,4325,2021-06-03 19:54:00,CDLX
101.405,101.5799,101.37,101.46,1332,2021-06-03 19:55:00,CDLX
101.54,101.57,101.45,101.57,1226,2021-06-03 19:56:00,CDLX
101.58,101.69,101.5,101.5,1609,2021-06-03 19:57:00,CDLX
101.47,101.54,101.37,101.45,1900,2021-06-03 19:58:00,CDLX
101.49,101.53,101.27,101.51,5049,2021-06-03 19:59:00,CDLX
101.51,101.51,101.51,101.51,16832,2021-06-03 20:00:00,CDLX
100.97,101.11,100.97,101.11,2857,2021-06-04 13:30:00,CDLX
101.52,101.52,100.11,100.11,682,2021-06-04 13:31:00,CDLX
101.4199,101.4199,100.5,100.5,1244,2021-06-04 13:35:00,CDLX
100.73,100.89,100.55,100.89,600,2021-06-04 13:37:00,CDLX
100.9,100.95,100.7,100.7,600,2021-06-04 13:38:00,CDLX
101.01,101.565,100.85,100.87,642,2021-06-04 13:40:00,CDLX
101.27,101.27,101.27,101.27,100,2021-06-04 13:41:00,CDLX
101.705,101.705,101.705,101.705,100,2021-06-04 13:42:00,CDLX
102.11,102.27,101.735,101.93,5503,2021-06-04 13:43:00,CDLX
101.74,101.8118,101.74,101.8118,300,2021-06-04 13:44:00,CDLX
101.775,102.0,101.775,101.87,2465,2021-06-04 13:45:00,CDLX
101.64,101.89,101.64,101.89,500,2021-06-04 13:46:00,CDLX
101.93,101.93,101.24,101.24,3187,2021-06-04 13:47:00,CDLX
101.23,101.23,101.0,101.0,1764,2021-06-04 13:48:00,CDLX
100.81,101.03,100.81,101.03,200,2021-06-04 13:52:00,CDLX
100.895,100.895,100.895,100.895,200,2021-06-04 13:53:00,CDLX
100.44,100.44,100.25,100.25,300,2021-06-04 13:54:00,CDLX
100.28,100.28,100.28,100.28,100,2021-06-04 13:55:00,CDLX
100.28,100.55,100.28,100.55,200,2021-06-04 13:56:00,CDLX
100.57,100.75,100.49,100.75,1000,2021-06-04 13:58:00,CDLX
100.94,100.94,100.88,100.88,200,2021-06-04 14:00:00,CDLX
101.04,101.04,101.04,101.04,100,2021-06-04 14:01:00,CDLX
101.38,101.42,100.95,100.95,1101,2021-06-04 14:02:00,CDLX
101.17,101.28,101.17,101.28,200,2021-06-04 14:03:00,CDLX
101.15,101.3,101.01,101.02,909,2021-06-04 14:04:00,CDLX
100.835,100.835,100.81,100.81,200,2021-06-04 14:05:00,CDLX
100.62,101.0,100.62,101.0,200,2021-06-04 14:06:00,CDLX
100.64,100.64,100.5,100.5,400,2021-06-04 14:07:00,CDLX
100.505,100.505,100.25,100.25,200,2021-06-04 14:08:00,CDLX
100.44,100.52,100.395,100.52,796,2021-06-04 14:09:00,CDLX
100.505,100.7,100.505,100.69,1140,2021-06-04 14:10:00,CDLX
101.0,101.0,101.0,101.0,100,2021-06-04 14:12:00,CDLX
100.78,100.78,100.63,100.76,400,2021-06-04 14:13:00,CDLX
100.59,100.65,100.59,100.65,200,2021-06-04 14:15:00,CDLX
100.69,100.78,100.69,100.78,200,2021-06-04 14:16:00,CDLX
100.69,100.71,100.69,100.71,300,2021-06-04 14:19:00,CDLX
100.84,100.84,100.84,100.84,100,2021-06-04 14:22:00,CDLX
100.55,100.55,100.545,100.55,400,2021-06-04 14:29:00,CDLX
100.5,100.84,100.5,100.84,300,2021-06-04 14:30:00,CDLX
100.83,100.83,100.8205,100.8205,200,2021-06-04 14:31:00,CDLX
100.72,100.935,100.72,100.935,200,2021-06-04 14:32:00,CDLX
100.9,100.9,100.805,100.805,200,2021-06-04 14:33:00,CDLX
101.045,101.1194,100.78,100.78,408,2021-06-04 14:34:00,CDLX
101.11,101.17,101.0,101.115,1400,2021-06-04 14:35:00,CDLX
101.01,101.065,101.0,101.035,863,2021-06-04 14:36:00,CDLX
100.93,101.06,100.93,101.06,800,2021-06-04 14:37:00,CDLX
101.14,101.15,100.95,100.96,1326,2021-06-04 14:38:00,CDLX
100.83,100.93,100.83,100.88,600,2021-06-04 14:39:00,CDLX
100.7,100.71,100.7,100.71,300,2021-06-04 14:44:00,CDLX
100.8,100.8294,100.745,100.745,700,2021-06-04 14:45:00,CDLX
100.89,101.065,100.82,100.82,836,2021-06-04 14:47:00,CDLX
101.09,101.09,101.0505,101.06,304,2021-06-04 14:48:00,CDLX
101.2,101.2,100.73,100.73,1200,2021-06-04 14:52:00,CDLX
100.56,100.64,100.56,100.64,200,2021-06-04 14:56:00,CDLX
100.475,100.475,100.475,100.475,100,2021-06-04 14:57:00,CDLX
100.66,100.7,100.59,100.59,600,2021-06-04 14:59:00,CDLX
100.7,100.7,100.7,100.7,100,2021-06-04 15:00:00,CDLX
100.94,100.94,100.94,100.94,100,2021-06-04 15:02:00,CDLX
100.94,100.96,100.94,100.96,258,2021-06-04 15:03:00,CDLX
100.99,100.99,100.8,100.8,200,2021-06-04 15:06:00,CDLX
100.64,100.6415,100.37,100.6415,577,2021-06-04 15:15:00,CDLX
100.53,100.53,100.53,100.53,100,2021-06-04 15:17:00,CDLX
100.625,100.625,100.625,100.625,100,2021-06-04 15:19:00,CDLX
100.8,100.8,100.65,100.65,722,2021-06-04 15:21:00,CDLX
100.73,101.06,100.73,100.92,300,2021-06-04 15:23:00,CDLX
100.95,100.95,100.64,100.64,500,2021-06-04 15:26:00,CDLX
100.92,100.94,100.78,100.78,500,2021-06-04 15:30:00,CDLX
100.935,100.935,100.79,100.79,200,2021-06-04 15:34:00,CDLX
100.64,100.68,100.56,100.68,300,2021-06-04 15:35:00,CDLX
100.68,100.76,100.56,100.685,1520,2021-06-04 15:36:00,CDLX
100.97,101.07,100.77,101.07,1100,2021-06-04 15:37:00,CDLX
101.07,101.07,100.71,100.72,2846,2021-06-04 15:38:00,CDLX
100.74,100.915,100.74,100.915,223,2021-06-04 15:39:00,CDLX
100.68,100.79,100.68,100.7,600,2021-06-04 15:40:00,CDLX
100.68,100.925,100.68,100.925,900,2021-06-04 15:41:00,CDLX
101.0,101.0,100.86,100.86,1500,2021-06-04 15:42:00,CDLX
101.06,101.1,100.6,100.74,2426,2021-06-04 15:43:00,CDLX
100.62,100.755,100.62,100.755,200,2021-06-04 15:44:00,CDLX
100.76,100.76,100.76,100.76,483,2021-06-04 15:45:00,CDLX
100.76,100.83,100.7,100.74,600,2021-06-04 15:46:00,CDLX
100.66,100.93,100.66,100.93,600,2021-06-04 15:47:00,CDLX
101.13,101.22,100.9,101.18,400,2021-06-04 15:48:00,CDLX
101.055,101.11,100.89,100.955,2350,2021-06-04 15:49:00,CDLX
101.14,101.14,100.77,100.77,1100,2021-06-04 15:50:00,CDLX
100.97,100.97,100.78,100.7805,1300,2021-06-04 15:51:00,CDLX
100.82,100.85,100.68,100.85,2577,2021-06-04 15:52:00,CDLX
100.9872,100.9872,100.75,100.75,1461,2021-06-04 15:58:00,CDLX
100.8994,100.8994,100.8994,100.8994,1000,2021-06-04 15:59:00,CDLX
100.81,100.81,100.81,100.81,100,2021-06-04 16:00:00,CDLX
101.04,101.04,101.01,101.01,200,2021-06-04 16:01:00,CDLX
100.78,100.78,100.78,100.78,137,2021-06-04 16:02:00,CDLX
100.96,100.96,100.96,100.96,100,2021-06-04 16:06:00,CDLX
100.8507,100.86,100.8507,100.86,200,2021-06-04 16:07:00,CDLX
101.02,101.02,101.02,101.02,100,2021-06-04 16:08:00,CDLX
101.14,101.14,101.14,101.14,100,2021-06-04 16:09:00,CDLX
101.0,101.0,101.0,101.0,100,2021-06-04 16:10:00,CDLX
101.0,101.0,101.0,101.0,100,2021-06-04 16:13:00,CDLX
101.005,101.005,100.84,100.84,500,2021-06-04 16:14:00,CDLX
100.86,100.86,100.86,100.86,200,2021-06-04 16:17:00,CDLX
100.88,100.88,100.88,100.88,200,2021-06-04 16:18:00,CDLX
101.09,101.09,100.965,100.965,200,2021-06-04 16:19:00,CDLX
100.82,100.82,100.82,100.82,100,2021-06-04 16:20:00,CDLX
100.94,100.94,100.82,100.82,600,2021-06-04 16:25:00,CDLX
100.85,100.85,100.75,100.75,300,2021-06-04 16:26:00,CDLX
100.75,100.835,100.64,100.64,800,2021-06-04 16:27:00,CDLX
100.55,100.65,100.55,100.65,300,2021-06-04 16:28:00,CDLX
100.655,100.655,100.56,100.56,800,2021-06-04 16:29:00,CDLX
100.56,100.635,100.55,100.55,2023,2021-06-04 16:30:00,CDLX
100.55,100.55,100.55,100.55,100,2021-06-04 16:31:00,CDLX
100.64,100.68,100.5,100.5,4204,2021-06-04 16:32:00,CDLX
100.67,100.67,100.58,100.58,600,2021-06-04 16:33:00,CDLX
100.53,100.53,100.51,100.51,300,2021-06-04 16:34:00,CDLX
100.43,100.5,100.43,100.44,366,2021-06-04 16:35:00,CDLX
100.55,100.55,100.28,100.28,1400,2021-06-04 16:36:00,CDLX
100.28,100.28,100.28,100.28,100,2021-06-04 16:37:00,CDLX
100.34,100.36,100.34,100.35,404,2021-06-04 16:38:00,CDLX
100.36,100.36,100.195,100.195,200,2021-06-04 16:39:00,CDLX
100.35,100.48,100.33,100.39,1843,2021-06-04 16:40:00,CDLX
100.47,100.47,100.27,100.43,600,2021-06-04 16:41:00,CDLX
100.365,100.365,100.365,100.365,300,2021-06-04 16:42:00,CDLX
100.39,100.39,100.25,100.25,400,2021-06-04 16:43:00,CDLX
100.19,100.19,100.01,100.01,1600,2021-06-04 16:45:00,CDLX
100.17,100.17,100.13,100.13,200,2021-06-04 16:46:00,CDLX
100.17,100.17,100.17,100.17,100,2021-06-04 16:47:00,CDLX
100.12,100.12,100.08,100.11,500,2021-06-04 16:49:00,CDLX
100.075,100.075,100.075,100.075,300,2021-06-04 16:51:00,CDLX
100.0,100.0,100.0,100.0,100,2021-06-04 16:52:00,CDLX
99.84,99.84,99.76,99.76,300,2021-06-04 16:53:00,CDLX
99.89,99.89,99.87,99.89,400,2021-06-04 16:54:00,CDLX
99.85,99.85,99.25,99.39,3600,2021-06-04 16:55:00,CDLX
99.53,99.75,99.52,99.75,1400,2021-06-04 16:56:00,CDLX
99.5,99.5,99.5,99.5,1114,2021-06-04 16:57:00,CDLX
99.61,99.75,99.61,99.67,777,2021-06-04 16:58:00,CDLX
99.68,99.68,99.68,99.68,625,2021-06-04 16:59:00,CDLX
99.73,99.73,99.73,99.73,200,2021-06-04 17:00:00,CDLX
99.68,99.68,99.68,99.68,134,2021-06-04 17:02:00,CDLX
99.42,99.51,99.42,99.51,200,2021-06-04 17:03:00,CDLX
99.28,99.42,99.28,99.32,975,2021-06-04 17:04:00,CDLX
99.32,99.69,99.32,99.69,1238,2021-06-04 17:05:00,CDLX
99.69,99.69,99.42,99.42,5641,2021-06-04 17:06:00,CDLX
99.58,99.58,99.3475,99.3475,600,2021-06-04 17:07:00,CDLX
99.33,99.35,99.33,99.34,508,2021-06-04 17:10:00,CDLX
99.26,99.26,99.11,99.11,400,2021-06-04 17:11:00,CDLX
99.17,99.17,99.17,99.17,100,2021-06-04 17:13:00,CDLX
99.34,99.34,99.06,99.06,600,2021-06-04 17:15:00,CDLX
99.19,99.39,99.17,99.255,1191,2021-06-04 17:16:00,CDLX
99.295,99.295,99.295,99.295,786,2021-06-04 17:17:00,CDLX
99.42,99.42,99.26,99.34,900,2021-06-04 17:18:00,CDLX
99.25,99.25,99.25,99.25,200,2021-06-04 17:19:00,CDLX
99.14,99.14,99.14,99.14,100,2021-06-04 17:20:00,CDLX
99.14,99.14,98.96,98.96,500,2021-06-04 17:21:00,CDLX
98.88,98.99,98.88,98.99,200,2021-06-04 17:22:00,CDLX
98.87,98.87,98.87,98.87,100,2021-06-04 17:23:00,CDLX
98.87,99.025,98.86,98.86,400,2021-06-04 17:24:00,CDLX
98.965,98.965,98.965,98.965,100,2021-06-04 17:25:00,CDLX
98.93,98.93,98.93,98.93,100,2021-06-04 17:26:00,CDLX
98.89,98.89,98.89,98.89,100,2021-06-04 17:29:00,CDLX
99.0237,99.0237,99.0237,99.0237,500,2021-06-04 17:30:00,CDLX
99.06,99.06,99.02,99.04,400,2021-06-04 17:33:00,CDLX
99.06,99.06,98.995,98.995,750,2021-06-04 17:34:00,CDLX
98.9,99.32,98.9,99.28,1100,2021-06-04 17:35:00,CDLX
99.32,99.32,99.32,99.32,100,2021-06-04 17:38:00,CDLX
99.145,99.145,98.95,98.95,243,2021-06-04 17:40:00,CDLX
98.93,98.93,98.93,98.93,100,2021-06-04 17:44:00,CDLX
99.33,99.33,98.98,98.98,200,2021-06-04 17:45:00,CDLX
99.0386,99.0386,99.0386,99.0386,175,2021-06-04 17:46:00,CDLX
98.97,98.97,98.97,98.97,100,2021-06-04 17:47:00,CDLX
98.7401,98.7401,98.7401,98.7401,300,2021-06-04 17:48:00,CDLX
98.79,98.79,98.79,98.79,100,2021-06-04 17:49:00,CDLX
98.79,98.79,98.79,98.79,100,2021-06-04 17:51:00,CDLX
98.925,99.08,98.925,99.04,500,2021-06-04 17:53:00,CDLX
99.13,99.13,99.13,99.13,100,2021-06-04 17:55:00,CDLX
99.28,99.28,99.18,99.18,200,2021-06-04 17:58:00,CDLX
99.49,99.49,99.345,99.345,2500,2021-06-04 18:00:00,CDLX
99.57,99.57,99.38,99.41,600,2021-06-04 18:01:00,CDLX
99.25,99.25,99.24,99.24,200,2021-06-04 18:02:00,CDLX
99.24,99.24,99.24,99.24,100,2021-06-04 18:03:00,CDLX
99.3,99.3,99.05,99.05,300,2021-06-04 18:04:00,CDLX
99.03,99.03,99.03,99.03,100,2021-06-04 18:07:00,CDLX
99.02,99.2,98.88,98.88,1100,2021-06-04 18:08:00,CDLX
98.89,98.89,98.89,98.89,200,2021-06-04 18:10:00,CDLX
98.84,98.84,98.84,98.84,100,2021-06-04 18:13:00,CDLX
98.83,98.83,98.68,98.68,703,2021-06-04 18:14:00,CDLX
98.58,98.72,98.39,98.59,700,2021-06-04 18:18:00,CDLX
98.6,98.89,98.6,98.89,600,2021-06-04 18:20:00,CDLX
98.99,98.99,98.78,98.78,500,2021-06-04 18:21:00,CDLX
98.915,99.06,98.915,99.06,200,2021-06-04 18:26:00,CDLX
98.81,98.81,98.81,98.81,100,2021-06-04 18:28:00,CDLX
99.15,99.18,99.07,99.07,400,2021-06-04 18:30:00,CDLX
99.22,99.22,98.87,98.87,300,2021-06-04 18:32:00,CDLX
98.87,98.87,98.75,98.75,500,2021-06-04 18:36:00,CDLX
98.95,98.96,98.82,98.82,500,2021-06-04 18:37:00,CDLX
98.84,98.87,98.84,98.87,500,2021-06-04 18:39:00,CDLX
98.86,98.86,98.86,98.86,100,2021-06-04 18:40:00,CDLX
98.86,98.86,98.86,98.86,200,2021-06-04 18:41:00,CDLX
99.11,99.11,98.91,99.01,433,2021-06-04 18:44:00,CDLX
99.11,99.11,99.01,99.0954,642,2021-06-04 18:45:00,CDLX
99.21,99.21,99.13,99.13,200,2021-06-04 18:46:00,CDLX
99.25,99.25,99.25,99.25,300,2021-06-04 18:49:00,CDLX
99.18,99.19,98.965,98.965,800,2021-06-04 18:50:00,CDLX
98.895,98.895,98.895,98.895,100,2021-06-04 18:51:00,CDLX
98.83,98.83,98.83,98.83,200,2021-06-04 18:53:00,CDLX
98.84,98.84,98.64,98.74,683,2021-06-04 18:54:00,CDLX
98.78,98.8094,98.695,98.695,300,2021-06-04 18:55:00,CDLX
98.96,98.96,98.96,98.96,100,2021-06-04 18:57:00,CDLX
98.88,98.88,98.88,98.88,100,2021-06-04 18:58:00,CDLX
98.96,98.96,98.96,98.96,100,2021-06-04 18:59:00,CDLX
98.89,98.89,98.89,98.89,113,2021-06-04 19:00:00,CDLX
98.885,98.885,98.7,98.7,207,2021-06-04 19:01:00,CDLX
98.85,98.85,98.85,98.85,100,2021-06-04 19:03:00,CDLX
98.85,98.85,98.85,98.85,400,2021-06-04 19:04:00,CDLX
98.7684,98.7684,98.7684,98.7684,200,2021-06-04 19:10:00,CDLX
98.97,99.0,98.97,99.0,1150,2021-06-04 19:11:00,CDLX
99.01,99.14,99.01,99.14,200,2021-06-04 19:13:00,CDLX
99.13,99.13,99.02,99.04,600,2021-06-04 19:14:00,CDLX
99.01,99.01,99.01,99.01,218,2021-06-04 19:15:00,CDLX
99.02,99.02,99.02,99.02,200,2021-06-04 19:16:00,CDLX
98.96,98.96,98.96,98.96,100,2021-06-04 19:18:00,CDLX
99.05,99.05,98.96,99.05,300,2021-06-04 19:20:00,CDLX
99.05,99.055,98.82,98.89,1500,2021-06-04 19:21:00,CDLX
98.89,98.89,98.89,98.89,600,2021-06-04 19:22:00,CDLX
98.82,98.865,98.82,98.865,300,2021-06-04 19:23:00,CDLX
98.82,99.08,98.82,98.965,1331,2021-06-04 19:24:00,CDLX
99.21,99.21,98.995,98.995,300,2021-06-04 19:25:00,CDLX
98.78,98.78,98.78,98.78,100,2021-06-04 19:26:00,CDLX
98.93,98.93,98.93,98.93,100,2021-06-04 19:28:00,CDLX
99.09,99.11,99.09,99.11,200,2021-06-04 19:30:00,CDLX
99.11,99.11,98.86,98.985,402,2021-06-04 19:31:00,CDLX
99.13,99.14,98.96,98.96,900,2021-06-04 19:32:00,CDLX
99.18,99.18,99.0,99.0,300,2021-06-04 19:33:00,CDLX
99.21,99.21,99.13,99.13,200,2021-06-04 19:34:00,CDLX
99.2,99.2,99.09,99.09,200,2021-06-04 19:35:00,CDLX
99.2,99.23,99.1,99.1,400,2021-06-04 19:36:00,CDLX
99.07,99.13,99.0,99.01,600,2021-06-04 19:37:00,CDLX
99.16,99.24,99.15,99.15,900,2021-06-04 19:38:00,CDLX
99.21,99.21,99.01,99.01,800,2021-06-04 19:39:00,CDLX
99.105,99.105,99.04,99.04,200,2021-06-04 19:41:00,CDLX
98.97,98.97,98.9,98.9,521,2021-06-04 19:42:00,CDLX
98.95,98.95,98.86,98.86,1100,2021-06-04 19:43:00,CDLX
98.87,98.88,98.87,98.88,300,2021-06-04 19:44:00,CDLX
98.99,99.08,98.89,98.955,809,2021-06-04 19:45:00,CDLX
99.02,99.065,98.98,99.065,500,2021-06-04 19:46:00,CDLX
99.11,99.13,99.11,99.11,300,2021-06-04 19:47:00,CDLX
99.24,99.24,99.03,99.15,800,2021-06-04 19:48:00,CDLX
99.18,99.18,99.18,99.18,100,2021-06-04 19:49:00,CDLX
99.26,99.36,98.71,99.19,2700,2021-06-04 19:50:00,CDLX
99.0,99.09,98.935,99.09,600,2021-06-04 19:51:00,CDLX
98.93,99.04,98.795,98.96,1400,2021-06-04 19:52:00,CDLX
98.985,99.15,98.9,99.03,1836,2021-06-04 19:53:00,CDLX
98.965,99.18,98.94,99.05,2000,2021-06-04 19:54:00,CDLX
98.93,99.32,98.93,99.16,2300,2021-06-04 19:55:00,CDLX
99.075,99.11,98.96,98.96,1410,2021-06-04 19:56:00,CDLX
99.0,99.34,99.0,99.32,1800,2021-06-04 19:57:00,CDLX
99.17,99.32,98.98,99.07,2681,2021-06-04 19:58:00,CDLX
99.03,99.13,98.96,98.96,3997,2021-06-04 19:59:00,CDLX
98.96,98.96,98.96,98.96,16170,2021-06-04 20:00:00,CDLX
98.9,99.79,98.625,98.625,1718,2021-06-07 13:30:00,CDLX
99.02,99.46,99.02,99.46,500,2021-06-07 13:31:00,CDLX
99.08,99.7,98.81,98.81,400,2021-06-07 13:34:00,CDLX
99.5,99.5,99.5,99.5,100,2021-06-07 13:36:00,CDLX
99.17,99.61,99.15,99.47,1363,2021-06-07 13:37:00,CDLX
99.5,99.65,99.5,99.65,1500,2021-06-07 13:38:00,CDLX
100.0,100.0,100.0,100.0,200,2021-06-07 13:40:00,CDLX
100.2147,100.29,100.2,100.29,422,2021-06-07 13:41:00,CDLX
99.75,99.75,99.75,99.75,100,2021-06-07 13:44:00,CDLX
100.01,101.07,100.01,101.0,2440,2021-06-07 13:47:00,CDLX
100.925,101.11,100.83,101.01,3069,2021-06-07 13:48:00,CDLX
100.89,100.97,100.89,100.97,342,2021-06-07 13:49:00,CDLX
101.26,101.27,101.26,101.27,604,2021-06-07 13:50:00,CDLX
101.27,101.27,101.27,101.27,100,2021-06-07 13:52:00,CDLX
101.3181,101.45,101.3181,101.45,1658,2021-06-07 13:54:00,CDLX
101.45,101.45,101.45,101.45,100,2021-06-07 14:01:00,CDLX
101.08,101.08,100.48,100.77,1415,2021-06-07 14:02:00,CDLX
101.05,101.18,100.89,100.89,1011,2021-06-07 14:04:00,CDLX
101.44,101.44,100.93,100.93,507,2021-06-07 14:05:00,CDLX
101.195,101.195,101.195,101.195,100,2021-06-07 14:06:00,CDLX
101.135,101.255,101.135,101.255,300,2021-06-07 14:07:00,CDLX
101.45,101.57,100.9475,100.9475,3600,2021-06-07 14:08:00,CDLX
100.5,100.5,100.5,100.5,400,2021-06-07 14:11:00,CDLX
100.51,100.75,100.51,100.75,703,2021-06-07 14:12:00,CDLX
100.98,101.09,100.88,101.0,1405,2021-06-07 14:14:00,CDLX
101.325,101.325,101.325,101.325,100,2021-06-07 14:15:00,CDLX
101.35,101.35,100.905,100.995,572,2021-06-07 14:19:00,CDLX
101.055,101.055,101.055,101.055,100,2021-06-07 14:20:00,CDLX
101.21,101.21,101.21,101.21,100,2021-06-07 14:21:00,CDLX
101.32,101.32,101.32,101.32,100,2021-06-07 14:22:00,CDLX
101.65,101.65,101.65,101.65,100,2021-06-07 14:24:00,CDLX
101.64,101.7,101.48,101.54,1700,2021-06-07 14:28:00,CDLX
101.69,101.85,101.55,101.85,1445,2021-06-07 14:29:00,CDLX
101.6455,101.86,101.6455,101.86,400,2021-06-07 14:30:00,CDLX
101.89,101.89,101.76,101.825,600,2021-06-07 14:32:00,CDLX
101.825,102.6,101.825,102.475,1303,2021-06-07 14:33:00,CDLX
102.345,102.345,102.14,102.15,600,2021-06-07 14:34:00,CDLX
102.145,102.145,102.145,102.145,100,2021-06-07 14:35:00,CDLX
102.34,102.43,102.34,102.43,565,2021-06-07 14:36:00,CDLX
102.285,102.285,102.285,102.285,100,2021-06-07 14:38:00,CDLX
102.48,102.48,102.38,102.38,300,2021-06-07 14:41:00,CDLX
102.555,102.555,102.27,102.46,1300,2021-06-07 14:42:00,CDLX
102.4,102.4,102.4,102.4,100,2021-06-07 14:44:00,CDLX
102.24,102.24,102.24,102.24,100,2021-06-07 14:45:00,CDLX
102.6,102.6,102.6,102.6,100,2021-06-07 14:46:00,CDLX
102.26,102.42,102.26,102.42,200,2021-06-07 14:47:00,CDLX
102.23,102.23,102.23,102.23,100,2021-06-07 14:49:00,CDLX
102.76,102.76,102.76,102.76,300,2021-06-07 14:51:00,CDLX
102.86,103.0,102.78,103.0,800,2021-06-07 14:52:00,CDLX
103.21,103.21,103.17,103.17,200,2021-06-07 14:54:00,CDLX
103.54,103.79,103.54,103.79,1300,2021-06-07 14:58:00,CDLX
103.77,103.77,103.77,103.77,100,2021-06-07 14:59:00,CDLX
103.47,103.77,103.47,103.77,200,2021-06-07 15:01:00,CDLX
103.75,103.75,103.22,103.22,400,2021-06-07 15:02:00,CDLX
103.31,103.55,103.31,103.55,400,2021-06-07 15:03:00,CDLX
103.64,103.64,103.64,103.64,300,2021-06-07 15:04:00,CDLX
103.68,103.965,103.68,103.965,1000,2021-06-07 15:05:00,CDLX
104.2,104.44,104.2,104.44,300,2021-06-07 15:06:00,CDLX
104.05,104.08,103.75,103.86,1256,2021-06-07 15:09:00,CDLX
103.64,103.64,103.64,103.64,100,2021-06-07 15:11:00,CDLX
104.07,104.07,104.07,104.07,100,2021-06-07 15:12:00,CDLX
104.24,104.59,104.24,104.59,400,2021-06-07 15:14:00,CDLX
104.41,104.41,104.41,104.41,100,2021-06-07 15:15:00,CDLX
104.18,104.18,103.84,104.04,900,2021-06-07 15:16:00,CDLX
104.0,104.1,103.895,103.895,1300,2021-06-07 15:17:00,CDLX
103.93,104.09,103.905,104.09,300,2021-06-07 15:19:00,CDLX
103.85,103.94,103.78,103.78,600,2021-06-07 15:20:00,CDLX
103.925,103.925,103.925,103.925,100,2021-06-07 15:21:00,CDLX
103.77,103.77,103.77,103.77,100,2021-06-07 15:22:00,CDLX
103.53,103.645,103.53,103.53,300,2021-06-07 15:23:00,CDLX
103.47,103.47,103.3,103.44,700,2021-06-07 15:24:00,CDLX
103.29,103.765,103.23,103.765,5938,2021-06-07 15:26:00,CDLX
103.86,103.86,103.86,103.86,100,2021-06-07 15:28:00,CDLX
104.07,104.22,104.07,104.22,400,2021-06-07 15:29:00,CDLX
104.33,104.59,104.21,104.24,3146,2021-06-07 15:30:00,CDLX
104.41,104.41,104.41,104.41,100,2021-06-07 15:31:00,CDLX
104.54,104.54,104.54,104.54,100,2021-06-07 15:32:00,CDLX
104.55,104.64,104.39,104.64,1100,2021-06-07 15:33:00,CDLX
104.64,104.64,104.38,104.38,700,2021-06-07 15:34:00,CDLX
104.53,104.53,104.49,104.49,200,2021-06-07 15:37:00,CDLX
104.73,104.73,104.7,104.7,200,2021-06-07 15:38:00,CDLX
104.7,104.71,104.7,104.71,500,2021-06-07 15:39:00,CDLX
104.69,104.69,104.69,104.69,100,2021-06-07 15:40:00,CDLX
104.58,104.58,104.45,104.45,500,2021-06-07 15:41:00,CDLX
104.45,104.47,104.36,104.36,500,2021-06-07 15:42:00,CDLX
104.31,104.61,104.31,104.61,400,2021-06-07 15:43:00,CDLX
104.64,104.75,104.64,104.75,261,2021-06-07 15:44:00,CDLX
104.71,104.71,104.55,104.55,900,2021-06-07 15:45:00,CDLX
104.75,104.99,104.75,104.99,964,2021-06-07 15:48:00,CDLX
104.94,104.94,104.94,104.94,100,2021-06-07 15:49:00,CDLX
104.99,104.99,104.97,104.97,300,2021-06-07 15:50:00,CDLX
105.47,105.47,105.09,105.09,1059,2021-06-07 15:51:00,CDLX
105.0,105.01,105.0,105.0,1800,2021-06-07 15:52:00,CDLX
105.15,105.36,105.15,105.36,500,2021-06-07 15:53:00,CDLX
105.26,105.3,105.24,105.28,1800,2021-06-07 15:54:00,CDLX
105.12,105.3,105.08,105.3,900,2021-06-07 15:55:00,CDLX
105.06,105.06,105.06,105.06,200,2021-06-07 15:57:00,CDLX
105.19,105.19,105.19,105.19,200,2021-06-07 15:59:00,CDLX
105.195,105.195,105.195,105.195,100,2021-06-07 16:00:00,CDLX
105.02,105.02,104.96,104.96,500,2021-06-07 16:01:00,CDLX
104.73,104.875,104.71,104.875,300,2021-06-07 16:03:00,CDLX
104.95,105.01,104.81,104.81,600,2021-06-07 16:07:00,CDLX
104.62,104.77,104.62,104.77,200,2021-06-07 16:08:00,CDLX
104.82,104.83,104.82,104.83,200,2021-06-07 16:09:00,CDLX
104.83,104.83,104.83,104.83,200,2021-06-07 16:11:00,CDLX
104.73,104.85,104.63,104.85,500,2021-06-07 16:12:00,CDLX
104.8,104.8314,104.8,104.8314,450,2021-06-07 16:13:00,CDLX
104.78,104.87,104.78,104.87,300,2021-06-07 16:15:00,CDLX
104.97,105.11,104.97,105.11,300,2021-06-07 16:18:00,CDLX
105.09,105.1,105.05,105.05,300,2021-06-07 16:19:00,CDLX
105.09,105.1,105.09,105.1,1200,2021-06-07 16:20:00,CDLX
105.09,105.09,105.09,105.09,100,2021-06-07 16:21:00,CDLX
105.1,105.1,104.61,104.61,1443,2021-06-07 16:22:00,CDLX
104.68,104.68,104.68,104.68,100,2021-06-07 16:23:00,CDLX
104.79,104.79,104.79,104.79,100,2021-06-07 16:24:00,CDLX
104.78,104.78,104.78,104.78,100,2021-06-07 16:25:00,CDLX
104.56,104.59,104.32,104.34,2574,2021-06-07 16:27:00,CDLX
104.18,104.31,104.18,104.31,400,2021-06-07 16:29:00,CDLX
104.3167,104.41,104.3,104.41,600,2021-06-07 16:30:00,CDLX
104.55,104.6,104.55,104.56,300,2021-06-07 16:31:00,CDLX
104.485,104.485,104.37,104.37,502,2021-06-07 16:32:00,CDLX
104.225,104.225,104.225,104.225,100,2021-06-07 16:33:00,CDLX
104.12,104.245,104.12,104.245,200,2021-06-07 16:34:00,CDLX
104.4,104.59,104.4,104.59,350,2021-06-07 16:35:00,CDLX
104.6,104.6,104.6,104.6,400,2021-06-07 16:36:00,CDLX
104.7,104.7,104.7,104.7,100,2021-06-07 16:37:00,CDLX
104.68,104.79,104.68,104.79,300,2021-06-07 16:38:00,CDLX
104.75,104.83,104.72,104.83,300,2021-06-07 16:39:00,CDLX
104.82,104.82,104.82,104.82,100,2021-06-07 16:40:00,CDLX
104.71,104.83,104.71,104.83,200,2021-06-07 16:41:00,CDLX
104.75,104.75,104.75,104.75,100,2021-06-07 16:42:00,CDLX
104.84,105.25,104.84,105.25,1678,2021-06-07 16:43:00,CDLX
105.07,105.07,104.85,104.85,500,2021-06-07 16:44:00,CDLX
105.01,105.11,105.01,105.11,200,2021-06-07 16:45:00,CDLX
105.11,105.15,105.11,105.15,250,2021-06-07 16:47:00,CDLX
105.085,105.09,104.98,104.98,700,2021-06-07 16:48:00,CDLX
104.8,104.8,104.77,104.77,500,2021-06-07 16:51:00,CDLX
104.76,104.76,104.76,104.76,100,2021-06-07 16:52:00,CDLX
104.84,104.85,104.8,104.8,400,2021-06-07 16:53:00,CDLX
104.96,104.96,104.96,104.96,100,2021-06-07 16:54:00,CDLX
104.95,104.95,104.95,104.95,100,2021-06-07 16:56:00,CDLX
104.84,104.84,104.84,104.84,100,2021-06-07 16:57:00,CDLX
104.84,104.84,104.84,104.84,100,2021-06-07 16:58:00,CDLX
104.93,104.93,104.93,104.93,200,2021-06-07 16:59:00,CDLX
104.94,105.07,104.94,105.04,868,2021-06-07 17:00:00,CDLX
105.13,105.13,104.97,105.08,1100,2021-06-07 17:01:00,CDLX
105.03,105.03,105.03,105.03,100,2021-06-07 17:02:00,CDLX
105.07,105.07,105.07,105.07,100,2021-06-07 17:03:00,CDLX
105.09,105.09,105.05,105.05,200,2021-06-07 17:04:00,CDLX
105.09,105.1,104.61,104.61,3700,2021-06-07 17:05:00,CDLX
104.785,104.785,104.64,104.64,200,2021-06-07 17:06:00,CDLX
104.735,104.735,104.735,104.735,100,2021-06-07 17:08:00,CDLX
104.705,104.705,104.705,104.705,100,2021-06-07 17:09:00,CDLX
104.82,104.82,104.82,104.82,100,2021-06-07 17:10:00,CDLX
104.75,104.75,104.63,104.63,300,2021-06-07 17:12:00,CDLX
104.655,104.655,104.655,104.655,100,2021-06-07 17:13:00,CDLX
104.51,104.51,104.18,104.18,900,2021-06-07 17:14:00,CDLX
104.52,104.58,104.52,104.58,200,2021-06-07 17:15:00,CDLX
104.68,104.68,104.68,104.68,200,2021-06-07 17:17:00,CDLX
104.74,104.75,104.74,104.75,562,2021-06-07 17:18:00,CDLX
105.04,105.04,105.04,105.04,100,2021-06-07 17:20:00,CDLX
104.8624,104.99,104.8624,104.99,1000,2021-06-07 17:22:00,CDLX
104.94,105.04,104.94,105.04,200,2021-06-07 17:24:00,CDLX
104.945,105.04,104.82,104.92,1200,2021-06-07 17:25:00,CDLX
104.86,104.92,104.86,104.92,400,2021-06-07 17:28:00,CDLX
104.7,104.95,104.7,104.95,200,2021-06-07 17:29:00,CDLX
104.78,104.8,104.78,104.8,200,2021-06-07 17:30:00,CDLX
104.88,104.88,104.88,104.88,100,2021-06-07 17:31:00,CDLX
104.94,104.94,104.94,104.94,100,2021-06-07 17:32:00,CDLX
104.96,104.96,104.96,104.96,100,2021-06-07 17:33:00,CDLX
105.105,105.2,105.105,105.2,200,2021-06-07 17:36:00,CDLX
105.18,105.18,105.18,105.18,100,2021-06-07 17:37:00,CDLX
105.21,105.42,105.21,105.25,1600,2021-06-07 17:38:00,CDLX
105.14,105.14,105.07,105.07,500,2021-06-07 17:40:00,CDLX
104.99,104.99,104.99,104.99,100,2021-06-07 17:41:00,CDLX
105.1,105.1,105.1,105.1,100,2021-06-07 17:42:00,CDLX
105.37,105.47,105.37,105.47,300,2021-06-07 17:44:00,CDLX
105.61,105.66,105.61,105.66,300,2021-06-07 17:46:00,CDLX
105.69,105.85,105.69,105.85,698,2021-06-07 17:47:00,CDLX
105.85,105.99,105.85,105.99,400,2021-06-07 17:48:00,CDLX
106.0,106.0,106.0,106.0,205,2021-06-07 17:49:00,CDLX
105.88,105.91,105.88,105.91,300,2021-06-07 17:50:00,CDLX
106.02,106.02,106.02,106.02,100,2021-06-07 17:51:00,CDLX
106.09,106.09,106.09,106.09,100,2021-06-07 17:52:00,CDLX
105.97,105.97,105.97,105.97,100,2021-06-07 17:53:00,CDLX
105.85,106.02,105.85,106.02,500,2021-06-07 17:54:00,CDLX
105.89,105.94,105.68,105.68,900,2021-06-07 17:55:00,CDLX
105.73,105.73,105.73,105.73,100,2021-06-07 17:58:00,CDLX
105.51,105.51,105.415,105.415,300,2021-06-07 17:59:00,CDLX
105.42,105.69,105.42,105.69,600,2021-06-07 18:00:00,CDLX
105.79,105.79,105.79,105.79,300,2021-06-07 18:03:00,CDLX
106.07,106.24,106.07,106.115,300,2021-06-07 18:04:00,CDLX
106.125,106.125,106.125,106.125,100,2021-06-07 18:05:00,CDLX
106.34,106.34,106.34,106.34,100,2021-06-07 18:06:00,CDLX
105.83,105.94,105.78,105.94,500,2021-06-07 18:07:00,CDLX
105.96,105.96,105.96,105.96,106,2021-06-07 18:09:00,CDLX
106.0,106.16,106.0,106.16,300,2021-06-07 18:11:00,CDLX
106.005,106.09,106.005,106.09,300,2021-06-07 18:13:00,CDLX
105.98,105.98,105.9,105.93,646,2021-06-07 18:15:00,CDLX
105.88,105.88,105.88,105.88,100,2021-06-07 18:17:00,CDLX
105.96,106.15,105.96,106.15,300,2021-06-07 18:18:00,CDLX
106.09,106.09,106.09,106.09,100,2021-06-07 18:19:00,CDLX
106.17,106.25,106.12,106.12,300,2021-06-07 18:20:00,CDLX
106.145,106.145,106.145,106.145,100,2021-06-07 18:21:00,CDLX
106.08,106.08,105.995,105.995,300,2021-06-07 18:22:00,CDLX
105.89,105.9,105.89,105.9,400,2021-06-07 18:23:00,CDLX
105.91,105.92,105.91,105.92,300,2021-06-07 18:25:00,CDLX
106.09,106.09,106.09,106.09,100,2021-06-07 18:26:00,CDLX
106.005,106.1,106.005,106.1,523,2021-06-07 18:28:00,CDLX
106.15,106.28,106.15,106.28,548,2021-06-07 18:29:00,CDLX
106.34,106.34,106.34,106.34,100,2021-06-07 18:30:00,CDLX
106.22,106.275,106.22,106.25,300,2021-06-07 18:31:00,CDLX
106.135,106.77,106.135,106.77,2600,2021-06-07 18:32:00,CDLX
106.635,106.78,106.635,106.78,200,2021-06-07 18:33:00,CDLX
106.6,106.6,106.3,106.38,700,2021-06-07 18:35:00,CDLX
106.33,106.33,106.33,106.33,100,2021-06-07 18:36:00,CDLX
106.24,106.24,106.07,106.115,650,2021-06-07 18:38:00,CDLX
106.2512,106.33,106.245,106.33,500,2021-06-07 18:39:00,CDLX
106.285,106.285,106.285,106.285,100,2021-06-07 18:42:00,CDLX
106.4,106.4,106.4,106.4,100,2021-06-07 18:43:00,CDLX
106.41,106.68,106.41,106.68,664,2021-06-07 18:44:00,CDLX
106.605,106.605,106.605,106.605,100,2021-06-07 18:45:00,CDLX
106.62,106.62,106.5,106.51,600,2021-06-07 18:46:00,CDLX
106.5,106.63,106.5,106.63,200,2021-06-07 18:47:00,CDLX
106.505,106.57,106.385,106.57,400,2021-06-07 18:48:00,CDLX
106.505,106.505,106.505,106.505,100,2021-06-07 18:49:00,CDLX
106.645,106.645,106.645,106.645,100,2021-06-07 18:50:00,CDLX
106.66,106.66,106.42,106.42,200,2021-06-07 18:51:00,CDLX
106.37,106.51,106.345,106.345,600,2021-06-07 18:52:00,CDLX
106.3,106.3,106.3,106.3,100,2021-06-07 18:53:00,CDLX
106.29,106.37,106.29,106.37,200,2021-06-07 18:54:00,CDLX
106.39,106.39,106.37,106.37,300,2021-06-07 18:55:00,CDLX
106.34,106.34,106.34,106.34,100,2021-06-07 18:56:00,CDLX
106.35,106.54,106.35,106.45,900,2021-06-07 18:57:00,CDLX
106.5,106.63,106.47,106.63,1300,2021-06-07 18:58:00,CDLX
106.575,106.575,106.45,106.49,1400,2021-06-07 18:59:00,CDLX
106.6,106.6,106.44,106.44,400,2021-06-07 19:00:00,CDLX
106.45,106.54,106.45,106.48,500,2021-06-07 19:02:00,CDLX
106.51,106.51,106.425,106.44,300,2021-06-07 19:04:00,CDLX
106.53,106.63,106.52,106.63,1200,2021-06-07 19:05:00,CDLX
106.63,106.64,106.63,106.64,200,2021-06-07 19:06:00,CDLX
106.64,106.64,106.64,106.64,100,2021-06-07 19:07:00,CDLX
106.65,106.8,106.65,106.8,500,2021-06-07 19:08:00,CDLX
106.8,106.95,106.8,106.95,800,2021-06-07 19:09:00,CDLX
106.86,106.96,106.71,106.815,700,2021-06-07 19:10:00,CDLX
106.86,107.32,106.86,107.32,500,2021-06-07 19:11:00,CDLX
107.18,107.34,107.09,107.29,900,2021-06-07 19:12:00,CDLX
107.25,107.25,107.23,107.23,200,2021-06-07 19:13:00,CDLX
107.325,107.39,107.12,107.39,600,2021-06-07 19:14:00,CDLX
107.25,107.34,107.24,107.34,900,2021-06-07 19:15:00,CDLX
107.14,107.27,106.99,107.23,1700,2021-06-07 19:17:00,CDLX
107.255,107.39,107.255,107.39,200,2021-06-07 19:18:00,CDLX
107.265,107.41,107.265,107.41,402,2021-06-07 19:19:00,CDLX
107.405,107.41,107.15,107.15,1400,2021-06-07 19:20:00,CDLX
107.31,107.31,107.31,107.31,100,2021-06-07 19:21:00,CDLX
107.25,107.33,107.175,107.175,500,2021-06-07 19:22:00,CDLX
107.165,107.17,107.04,107.09,1175,2021-06-07 19:23:00,CDLX
106.96,107.27,106.96,107.27,200,2021-06-07 19:24:00,CDLX
107.235,107.275,107.235,107.275,200,2021-06-07 19:25:00,CDLX
107.37,107.38,107.37,107.38,200,2021-06-07 19:26:00,CDLX
107.37,107.37,107.37,107.37,100,2021-06-07 19:27:00,CDLX
107.37,107.42,107.3,107.42,300,2021-06-07 19:28:00,CDLX
107.46,107.46,107.25,107.29,800,2021-06-07 19:29:00,CDLX
107.37,107.47,107.26,107.38,800,2021-06-07 19:30:00,CDLX
107.38,107.5,107.38,107.5,300,2021-06-07 19:31:00,CDLX
107.48,107.48,107.06,107.06,2700,2021-06-07 19:32:00,CDLX
107.11,107.11,107.015,107.07,400,2021-06-07 19:33:00,CDLX
107.0225,107.0225,106.62,106.62,700,2021-06-07 19:34:00,CDLX
106.6,106.6,106.47,106.48,500,2021-06-07 19:36:00,CDLX
106.25,106.48,106.21,106.315,600,2021-06-07 19:37:00,CDLX
106.19,106.41,106.16,106.41,2049,2021-06-07 19:38:00,CDLX
106.49,106.49,106.49,106.49,300,2021-06-07 19:39:00,CDLX
106.53,106.57,106.41,106.56,800,2021-06-07 19:40:00,CDLX
106.57,106.57,106.57,106.57,200,2021-06-07 19:41:00,CDLX
106.565,106.66,106.565,106.66,200,2021-06-07 19:42:00,CDLX
106.65,106.72,106.65,106.66,900,2021-06-07 19:43:00,CDLX
106.7,106.7,106.46,106.46,1000,2021-06-07 19:44:00,CDLX
106.42,106.42,106.42,106.42,200,2021-06-07 19:45:00,CDLX
106.385,106.53,106.385,106.53,200,2021-06-07 19:46:00,CDLX
106.47,106.7,106.47,106.7,855,2021-06-07 19:47:00,CDLX
106.665,106.665,106.53,106.535,1400,2021-06-07 19:48:00,CDLX
106.56,106.56,106.53,106.53,200,2021-06-07 19:49:00,CDLX
106.42,106.7,106.42,106.62,3200,2021-06-07 19:50:00,CDLX
106.47,106.75,106.47,106.75,2353,2021-06-07 19:51:00,CDLX
106.77,106.79,106.65,106.69,1257,2021-06-07 19:52:00,CDLX
106.54,106.75,106.54,106.75,1253,2021-06-07 19:53:00,CDLX
106.77,106.77,106.63,106.63,800,2021-06-07 19:54:00,CDLX
106.67,106.75,106.3825,106.3825,3917,2021-06-07 19:55:00,CDLX
106.42,106.5,106.35,106.5,1700,2021-06-07 19:56:00,CDLX
106.4835,106.66,106.37,106.66,3108,2021-06-07 19:57:00,CDLX
106.66,106.82,106.435,106.49,3761,2021-06-07 19:58:00,CDLX
106.51,106.64,106.31,106.31,4339,2021-06-07 19:59:00,CDLX
106.32,106.32,106.32,106.32,20217,2021-06-07 20:00:00,CDLX
106.74,106.74,106.74,106.74,2661,2021-06-08 13:30:00,CDLX
107.0106,107.69,107.0106,107.69,1100,2021-06-08 13:32:00,CDLX
107.32,107.66,107.27,107.27,1300,2021-06-08 13:35:00,CDLX
107.5,108.45,107.5,108.45,718,2021-06-08 13:40:00,CDLX
108.78,108.78,108.48,108.75,720,2021-06-08 13:41:00,CDLX
108.95,109.25,108.95,109.25,420,2021-06-08 13:42:00,CDLX
109.56,109.61,109.3875,109.61,520,2021-06-08 13:43:00,CDLX
109.84,109.84,109.84,109.84,100,2021-06-08 13:45:00,CDLX
109.1,109.1,108.8,108.8,522,2021-06-08 13:47:00,CDLX
108.96,109.34,108.96,109.34,200,2021-06-08 13:49:00,CDLX
109.07,109.07,109.07,109.07,100,2021-06-08 13:50:00,CDLX
108.9,108.9,108.9,108.9,300,2021-06-08 13:51:00,CDLX
108.9,108.9,108.785,108.9,880,2021-06-08 13:52:00,CDLX
108.88,108.98,108.66,108.87,2300,2021-06-08 13:53:00,CDLX
108.85,108.85,108.74,108.74,339,2021-06-08 13:54:00,CDLX
108.98,108.98,108.98,108.98,136,2021-06-08 13:55:00,CDLX
109.09,109.09,109.09,109.09,100,2021-06-08 13:56:00,CDLX
109.22,109.6699,109.22,109.6699,300,2021-06-08 13:57:00,CDLX
109.66,110.28,109.66,110.1099,2534,2021-06-08 13:59:00,CDLX
109.78,110.06,109.74,110.04,900,2021-06-08 14:01:00,CDLX
109.765,109.765,109.765,109.765,100,2021-06-08 14:02:00,CDLX
109.68,109.68,109.68,109.68,100,2021-06-08 14:03:00,CDLX
109.39,109.64,109.39,109.64,200,2021-06-08 14:04:00,CDLX
109.39,109.39,109.3025,109.3025,1237,2021-06-08 14:07:00,CDLX
109.2,109.2,109.0,109.005,1132,2021-06-08 14:10:00,CDLX
108.82,108.82,108.8,108.8,200,2021-06-08 14:12:00,CDLX
108.52,108.52,108.05,108.5,1876,2021-06-08 14:14:00,CDLX
108.58,108.58,108.47,108.47,200,2021-06-08 14:16:00,CDLX
108.5,108.5,108.5,108.5,100,2021-06-08 14:17:00,CDLX
108.625,108.67,108.625,108.67,363,2021-06-08 14:18:00,CDLX
108.975,109.08,108.975,109.08,200,2021-06-08 14:19:00,CDLX
109.11,109.11,109.11,109.11,194,2021-06-08 14:21:00,CDLX
109.1075,109.1075,109.1075,109.1075,148,2021-06-08 14:22:00,CDLX
109.7,109.7,109.7,109.7,100,2021-06-08 14:23:00,CDLX
109.52,109.52,109.19,109.19,1100,2021-06-08 14:24:00,CDLX
109.055,109.055,109.055,109.055,100,2021-06-08 14:25:00,CDLX
109.0,109.22,108.89,108.89,1600,2021-06-08 14:26:00,CDLX
108.76,108.76,108.76,108.76,100,2021-06-08 14:29:00,CDLX
108.82,108.83,108.82,108.83,200,2021-06-08 14:30:00,CDLX
108.79,108.79,108.71,108.71,275,2021-06-08 14:32:00,CDLX
108.83,108.83,108.773,108.773,326,2021-06-08 14:33:00,CDLX
108.68,108.69,108.26,108.26,1076,2021-06-08 14:36:00,CDLX
108.48,108.56,108.34,108.445,900,2021-06-08 14:37:00,CDLX
108.425,108.5,108.425,108.5,300,2021-06-08 14:38:00,CDLX
108.5,108.72,108.5,108.72,492,2021-06-08 14:39:00,CDLX
108.72,108.9,108.575,108.89,1000,2021-06-08 14:40:00,CDLX
108.8,108.8,108.79,108.79,200,2021-06-08 14:41:00,CDLX
108.83,109.03,108.792,109.03,515,2021-06-08 14:42:00,CDLX
108.82,108.82,108.82,108.82,123,2021-06-08 14:43:00,CDLX
108.68,108.68,108.68,108.68,100,2021-06-08 14:44:00,CDLX
108.73,108.73,107.73,107.73,3555,2021-06-08 14:45:00,CDLX
108.1,108.1,107.54,107.54,1812,2021-06-08 14:46:00,CDLX
107.85,107.97,107.85,107.92,450,2021-06-08 14:47:00,CDLX
107.75,107.75,107.75,107.75,100,2021-06-08 14:50:00,CDLX
107.54,107.54,107.38,107.38,600,2021-06-08 14:52:00,CDLX
107.38,107.38,107.2,107.2,200,2021-06-08 14:53:00,CDLX
107.38,107.39,107.28,107.28,400,2021-06-08 14:55:00,CDLX
107.19,107.19,107.0,107.0,300,2021-06-08 14:56:00,CDLX
106.86,106.86,106.86,106.86,100,2021-06-08 14:57:00,CDLX
107.04,107.3,107.04,107.3,200,2021-06-08 15:01:00,CDLX
107.19,107.21,107.19,107.21,200,2021-06-08 15:02:00,CDLX
106.98,106.985,106.82,106.82,600,2021-06-08 15:04:00,CDLX
106.74,106.91,106.74,106.755,300,2021-06-08 15:05:00,CDLX
106.65,106.76,106.63,106.76,1300,2021-06-08 15:06:00,CDLX
106.7275,106.91,106.7275,106.885,300,2021-06-08 15:07:00,CDLX
106.73,106.77,106.73,106.745,300,2021-06-08 15:08:00,CDLX
106.93,106.99,106.93,106.99,500,2021-06-08 15:09:00,CDLX
106.88,107.14,106.87,107.14,700,2021-06-08 15:10:00,CDLX
106.75,106.75,106.75,106.75,100,2021-06-08 15:12:00,CDLX
106.63,106.76,106.19,106.46,900,2021-06-08 15:13:00,CDLX
106.07,106.215,106.07,106.2,600,2021-06-08 15:14:00,CDLX
106.05,106.37,106.05,106.07,1800,2021-06-08 15:15:00,CDLX
106.04,106.04,105.55,105.665,1569,2021-06-08 15:16:00,CDLX
105.57,105.68,105.21,105.22,2700,2021-06-08 15:17:00,CDLX
105.61,105.7232,105.61,105.7232,200,2021-06-08 15:18:00,CDLX
105.16,105.16,105.16,105.16,100,2021-06-08 15:20:00,CDLX
105.28,105.3,105.1575,105.3,300,2021-06-08 15:21:00,CDLX
105.3,105.3,105.29,105.29,200,2021-06-08 15:22:00,CDLX
105.33,105.33,105.165,105.165,617,2021-06-08 15:23:00,CDLX
105.32,105.52,105.2601,105.3,1199,2021-06-08 15:24:00,CDLX
105.35,105.35,105.35,105.35,100,2021-06-08 15:25:00,CDLX
105.46,105.515,105.36,105.515,900,2021-06-08 15:27:00,CDLX
105.525,105.525,105.41,105.41,600,2021-06-08 15:28:00,CDLX
105.63,105.63,105.605,105.605,200,2021-06-08 15:29:00,CDLX
105.405,105.875,105.405,105.85,1086,2021-06-08 15:30:00,CDLX
105.78,105.86,105.19,105.23,5632,2021-06-08 15:31:00,CDLX
105.2,105.42,105.2,105.42,720,2021-06-08 15:32:00,CDLX
105.25,105.25,104.94,104.94,3008,2021-06-08 15:33:00,CDLX
105.15,105.17,105.15,105.17,400,2021-06-08 15:34:00,CDLX
105.02,105.02,105.02,105.02,200,2021-06-08 15:35:00,CDLX
105.14,105.195,105.0,105.0,900,2021-06-08 15:36:00,CDLX
105.03,105.04,105.03,105.04,400,2021-06-08 15:37:00,CDLX
105.08,105.08,104.805,104.805,2700,2021-06-08 15:38:00,CDLX
105.01,105.03,104.69,104.69,1600,2021-06-08 15:39:00,CDLX
104.78,104.9,104.74,104.74,2800,2021-06-08 15:40:00,CDLX
104.79,105.01,104.79,104.99,2900,2021-06-08 15:41:00,CDLX
104.895,105.09,104.8,105.085,5000,2021-06-08 15:42:00,CDLX
105.22,105.27,105.16,105.16,800,2021-06-08 15:43:00,CDLX
105.23,105.23,105.07,105.22,1000,2021-06-08 15:44:00,CDLX
105.22,105.23,104.65,104.65,7075,2021-06-08 15:45:00,CDLX
105.08,105.08,105.08,105.08,200,2021-06-08 15:46:00,CDLX
105.06,105.1,104.96,105.055,3018,2021-06-08 15:47:00,CDLX
105.06,105.27,105.06,105.27,1091,2021-06-08 15:48:00,CDLX
104.89,104.89,104.61,104.61,1900,2021-06-08 15:49:00,CDLX
104.72,105.0,104.66,104.9985,2676,2021-06-08 15:50:00,CDLX
104.91,105.18,104.91,105.18,3567,2021-06-08 15:51:00,CDLX
105.3,105.53,105.3,105.45,908,2021-06-08 15:56:00,CDLX
105.46,105.46,105.46,105.46,100,2021-06-08 15:58:00,CDLX
105.5,105.58,105.5,105.58,300,2021-06-08 15:59:00,CDLX
105.635,105.635,105.36,105.36,1500,2021-06-08 16:01:00,CDLX
105.45,105.45,105.45,105.45,100,2021-06-08 16:02:00,CDLX
105.69,105.69,105.66,105.66,400,2021-06-08 16:05:00,CDLX
105.54,105.54,105.48,105.48,500,2021-06-08 16:06:00,CDLX
105.43,105.43,105.43,105.43,100,2021-06-08 16:07:00,CDLX
105.55,105.55,105.46,105.46,400,2021-06-08 16:08:00,CDLX
105.43,105.43,105.41,105.42,500,2021-06-08 16:09:00,CDLX
105.37,105.37,105.37,105.37,147,2021-06-08 16:10:00,CDLX
105.21,105.21,105.0,105.005,300,2021-06-08 16:11:00,CDLX
105.13,105.13,105.06,105.06,968,2021-06-08 16:12:00,CDLX
105.13,105.33,105.13,105.33,1000,2021-06-08 16:13:00,CDLX
105.37,105.47,105.15,105.2002,1511,2021-06-08 16:14:00,CDLX
105.22,105.58,105.17,105.58,900,2021-06-08 16:15:00,CDLX
105.62,105.92,105.62,105.92,1000,2021-06-08 16:16:00,CDLX
105.795,105.795,105.795,105.795,119,2021-06-08 16:17:00,CDLX
105.66,105.66,105.66,105.66,200,2021-06-08 16:20:00,CDLX
105.645,105.645,105.645,105.645,100,2021-06-08 16:21:00,CDLX
105.52,105.52,105.52,105.52,300,2021-06-08 16:23:00,CDLX
105.39,105.41,105.39,105.41,200,2021-06-08 16:24:00,CDLX
105.5,105.685,105.5,105.685,429,2021-06-08 16:26:00,CDLX
105.57,105.675,105.57,105.675,400,2021-06-08 16:27:00,CDLX
105.83,106.0,105.83,106.0,800,2021-06-08 16:29:00,CDLX
106.135,106.25,106.135,106.25,318,2021-06-08 16:30:00,CDLX
106.5,106.8,106.5,106.8,292,2021-06-08 16:33:00,CDLX
106.62,106.62,106.39,106.59,2707,2021-06-08 16:34:00,CDLX
106.77,106.86,106.75,106.86,800,2021-06-08 16:35:00,CDLX
106.76,107.22,106.76,106.93,3201,2021-06-08 16:36:00,CDLX
107.08,107.08,107.07,107.07,428,2021-06-08 16:37:00,CDLX
107.0,107.18,107.0,107.12,1000,2021-06-08 16:38:00,CDLX
107.11,107.35,106.96,107.19,5917,2021-06-08 16:39:00,CDLX
107.34,107.5,107.1,107.5,2061,2021-06-08 16:40:00,CDLX
107.53,107.53,107.51,107.53,1200,2021-06-08 16:41:00,CDLX
107.57,107.8,107.57,107.72,1200,2021-06-08 16:42:00,CDLX
107.69,107.69,107.68,107.68,303,2021-06-08 16:43:00,CDLX
107.41,107.505,107.3,107.505,302,2021-06-08 16:44:00,CDLX
107.51,107.51,107.3902,107.3902,400,2021-06-08 16:45:00,CDLX
107.7,107.7,107.545,107.6,970,2021-06-08 16:46:00,CDLX
107.815,107.815,107.815,107.815,600,2021-06-08 16:49:00,CDLX
107.82,107.9,107.82,107.9,800,2021-06-08 16:51:00,CDLX
107.8,107.8,107.715,107.715,1300,2021-06-08 16:52:00,CDLX
107.76,107.76,107.76,107.76,100,2021-06-08 16:53:00,CDLX
107.755,107.91,107.755,107.91,650,2021-06-08 16:54:00,CDLX
107.95,107.98,107.9005,107.98,600,2021-06-08 16:55:00,CDLX
107.91,108.14,107.91,108.14,800,2021-06-08 16:56:00,CDLX
108.2075,108.2075,108.2075,108.2075,100,2021-06-08 16:57:00,CDLX
108.12,108.26,108.12,108.26,200,2021-06-08 16:59:00,CDLX
108.28,108.28,108.28,108.28,100,2021-06-08 17:00:00,CDLX
108.31,108.31,108.31,108.31,200,2021-06-08 17:01:00,CDLX
108.16,108.28,108.16,108.28,700,2021-06-08 17:02:00,CDLX
108.25,108.25,108.25,108.25,100,2021-06-08 17:03:00,CDLX
108.31,108.31,108.31,108.31,100,2021-06-08 17:04:00,CDLX
108.14,108.14,108.14,108.14,100,2021-06-08 17:05:00,CDLX
108.215,108.215,108.215,108.215,106,2021-06-08 17:09:00,CDLX
108.18,108.49,108.18,108.45,704,2021-06-08 17:11:00,CDLX
108.21,108.345,108.21,108.345,250,2021-06-08 17:15:00,CDLX
108.4561,108.4561,108.4561,108.4561,100,2021-06-08 17:17:00,CDLX
108.2,108.3,108.04,108.05,860,2021-06-08 17:18:00,CDLX
108.245,108.245,108.14,108.14,206,2021-06-08 17:20:00,CDLX
108.06,108.06,108.06,108.06,300,2021-06-08 17:23:00,CDLX
108.22,108.375,108.22,108.375,300,2021-06-08 17:28:00,CDLX
108.41,108.41,108.27,108.27,600,2021-06-08 17:29:00,CDLX
108.4,108.4,108.275,108.275,200,2021-06-08 17:31:00,CDLX
108.42,108.42,108.42,108.42,100,2021-06-08 17:32:00,CDLX
108.245,108.245,108.245,108.245,150,2021-06-08 17:33:00,CDLX
108.15,108.15,108.15,108.15,200,2021-06-08 17:35:00,CDLX
108.2,108.2,108.2,108.2,100,2021-06-08 17:37:00,CDLX
108.42,108.42,108.42,108.42,118,2021-06-08 17:43:00,CDLX
108.47,108.475,108.47,108.475,200,2021-06-08 17:44:00,CDLX
108.6,108.6,108.6,108.6,1491,2021-06-08 17:45:00,CDLX
108.74,108.74,108.74,108.74,100,2021-06-08 17:47:00,CDLX
108.67,108.8,108.57,108.57,700,2021-06-08 17:49:00,CDLX
108.575,108.575,108.575,108.575,100,2021-06-08 17:52:00,CDLX
108.49,108.49,108.34,108.34,200,2021-06-08 17:53:00,CDLX
108.64,108.64,108.64,108.64,100,2021-06-08 17:55:00,CDLX
108.67,108.67,108.67,108.67,100,2021-06-08 17:56:00,CDLX
108.78,108.78,108.78,108.78,300,2021-06-08 17:59:00,CDLX
108.69,108.8,108.68,108.8,300,2021-06-08 18:00:00,CDLX
108.79,108.79,108.65,108.65,200,2021-06-08 18:01:00,CDLX
108.645,108.725,108.645,108.725,300,2021-06-08 18:02:00,CDLX
108.93,109.02,108.93,109.02,400,2021-06-08 18:05:00,CDLX
109.08,109.18,108.99,108.99,500,2021-06-08 18:06:00,CDLX
109.09,109.11,108.99,109.06,800,2021-06-08 18:08:00,CDLX
109.0,109.0,109.0,109.0,600,2021-06-08 18:09:00,CDLX
108.99,108.99,108.975,108.975,200,2021-06-08 18:10:00,CDLX
108.805,108.805,108.805,108.805,100,2021-06-08 18:15:00,CDLX
108.88,108.88,108.88,108.88,100,2021-06-08 18:17:00,CDLX
108.95,108.95,108.95,108.95,100,2021-06-08 18:20:00,CDLX
108.88,108.885,108.88,108.885,300,2021-06-08 18:21:00,CDLX
108.92,108.92,108.88,108.88,500,2021-06-08 18:24:00,CDLX
108.96,109.0,108.85,108.89,2000,2021-06-08 18:25:00,CDLX
108.77,109.1,108.77,109.1,1800,2021-06-08 18:26:00,CDLX
109.18,109.46,109.18,109.265,900,2021-06-08 18:27:00,CDLX
109.2,109.2,109.2,109.2,100,2021-06-08 18:28:00,CDLX
109.38,109.49,109.38,109.415,800,2021-06-08 18:29:00,CDLX
109.45,109.45,109.11,109.175,3500,2021-06-08 18:30:00,CDLX
109.25,109.35,109.08,109.125,948,2021-06-08 18:31:00,CDLX
109.22,109.25,109.2,109.2,1484,2021-06-08 18:32:00,CDLX
109.0,109.0,108.87,108.87,700,2021-06-08 18:33:00,CDLX
108.9,108.9,108.9,108.9,100,2021-06-08 18:34:00,CDLX
109.0,109.045,108.92,109.045,3068,2021-06-08 18:35:00,CDLX
108.9,108.9,108.89,108.89,200,2021-06-08 18:36:00,CDLX
108.72,108.72,108.72,108.72,300,2021-06-08 18:40:00,CDLX
108.61,108.61,108.5,108.5,401,2021-06-08 18:41:00,CDLX
108.4,108.4,108.4,108.4,100,2021-06-08 18:44:00,CDLX
108.56,108.56,108.56,108.56,100,2021-06-08 18:45:00,CDLX
108.65,108.67,108.65,108.67,200,2021-06-08 18:47:00,CDLX
108.6,108.6,108.59,108.59,207,2021-06-08 18:48:00,CDLX
108.6,108.6,108.6,108.6,100,2021-06-08 18:49:00,CDLX
108.66,108.67,108.66,108.67,200,2021-06-08 18:50:00,CDLX
108.7,108.7,108.7,108.7,250,2021-06-08 18:51:00,CDLX
108.75,108.82,108.75,108.82,400,2021-06-08 18:52:00,CDLX
108.92,109.0,108.92,109.0,312,2021-06-08 18:53:00,CDLX
108.91,108.97,108.9,108.97,600,2021-06-08 18:54:00,CDLX
108.885,108.885,108.885,108.885,114,2021-06-08 18:55:00,CDLX
109.05,109.1,109.05,109.1,200,2021-06-08 18:57:00,CDLX
109.22,109.24,109.155,109.24,300,2021-06-08 18:58:00,CDLX
109.25,109.25,109.13,109.155,400,2021-06-08 18:59:00,CDLX
109.26,109.26,109.26,109.26,200,2021-06-08 19:00:00,CDLX
109.09,109.09,109.07,109.07,200,2021-06-08 19:02:00,CDLX
109.16,109.17,109.16,109.17,300,2021-06-08 19:03:00,CDLX
109.23,109.29,109.23,109.29,300,2021-06-08 19:04:00,CDLX
109.205,109.205,109.205,109.205,119,2021-06-08 19:05:00,CDLX
109.17,109.17,109.17,109.17,200,2021-06-08 19:06:00,CDLX
109.19,109.19,109.19,109.19,224,2021-06-08 19:08:00,CDLX
109.19,109.27,109.19,109.23,400,2021-06-08 19:09:00,CDLX
109.37,109.4,109.25,109.25,600,2021-06-08 19:10:00,CDLX
109.345,109.345,109.325,109.325,200,2021-06-08 19:11:00,CDLX
109.335,109.52,109.335,109.52,700,2021-06-08 19:12:00,CDLX
109.635,109.635,109.35,109.35,800,2021-06-08 19:13:00,CDLX
109.41,109.41,109.41,109.41,100,2021-06-08 19:16:00,CDLX
109.5,109.5,109.415,109.48,500,2021-06-08 19:18:00,CDLX
109.415,109.415,109.33,109.33,300,2021-06-08 19:19:00,CDLX
109.47,109.5,109.47,109.5,210,2021-06-08 19:20:00,CDLX
109.44,109.44,109.4,109.4,201,2021-06-08 19:22:00,CDLX
109.35,109.37,109.31,109.36,500,2021-06-08 19:23:00,CDLX
109.39,109.49,109.39,109.49,500,2021-06-08 19:24:00,CDLX
109.34,109.34,109.24,109.24,1500,2021-06-08 19:25:00,CDLX
109.31,109.435,109.31,109.435,200,2021-06-08 19:26:00,CDLX
109.49,109.49,109.48,109.48,300,2021-06-08 19:27:00,CDLX
109.52,109.52,109.52,109.52,200,2021-06-08 19:28:00,CDLX
109.625,109.72,109.625,109.72,300,2021-06-08 19:30:00,CDLX
109.605,109.91,109.605,109.81,833,2021-06-08 19:31:00,CDLX
109.73,109.89,109.73,109.79,500,2021-06-08 19:32:00,CDLX
109.9007,109.91,109.775,109.775,2868,2021-06-08 19:33:00,CDLX
109.775,109.78,109.775,109.78,200,2021-06-08 19:34:00,CDLX
109.93,109.93,109.59,109.59,800,2021-06-08 19:35:00,CDLX
109.585,109.585,109.53,109.575,700,2021-06-08 19:36:00,CDLX
109.56,109.795,109.56,109.77,1892,2021-06-08 19:37:00,CDLX
109.825,109.9178,109.825,109.9178,325,2021-06-08 19:38:00,CDLX
109.905,110.0,109.83,110.0,1960,2021-06-08 19:39:00,CDLX
110.035,110.12,110.035,110.09,900,2021-06-08 19:40:00,CDLX
110.06,110.16,110.06,110.16,500,2021-06-08 19:41:00,CDLX
110.16,110.16,109.96,109.96,500,2021-06-08 19:42:00,CDLX
109.9465,109.9465,109.775,109.775,775,2021-06-08 19:43:00,CDLX
109.87,109.9,109.87,109.9,600,2021-06-08 19:44:00,CDLX
109.87,109.92,109.83,109.92,700,2021-06-08 19:45:00,CDLX
109.99,109.99,109.92,109.92,200,2021-06-08 19:46:00,CDLX
109.91,109.915,109.72,109.72,623,2021-06-08 19:47:00,CDLX
109.81,109.91,109.81,109.875,1300,2021-06-08 19:48:00,CDLX
109.81,109.85,109.615,109.615,3100,2021-06-08 19:49:00,CDLX
109.69,109.89,109.69,109.86,2114,2021-06-08 19:50:00,CDLX
109.93,109.97,109.9,109.97,1200,2021-06-08 19:51:00,CDLX
109.98,110.05,109.887,110.05,4659,2021-06-08 19:52:00,CDLX
110.05,110.135,110.03,110.04,1400,2021-06-08 19:53:00,CDLX
110.1,110.29,110.07,110.19,3200,2021-06-08 19:54:00,CDLX
110.15,110.17,109.97,110.015,2100,2021-06-08 19:55:00,CDLX
109.95,109.95,109.87,109.925,900,2021-06-08 19:56:00,CDLX
109.875,110.12,109.875,109.945,2600,2021-06-08 19:57:00,CDLX
109.89,110.03,109.845,109.9,2022,2021-06-08 19:58:00,CDLX
109.96,110.09,109.56,109.56,4404,2021-06-08 19:59:00,CDLX
109.75,109.75,109.75,109.75,18542,2021-06-08 20:00:00,CDLX
109.75,109.75,109.75,109.75,257,2021-06-08 20:01:00,CDLX
109.68,109.68,109.68,109.68,165,2021-06-09 11:50:00,CDLX
109.89,110.41,109.89,110.41,2532,2021-06-09 13:30:00,CDLX
110.38,111.05,110.38,111.05,300,2021-06-09 13:31:00,CDLX
111.32,111.34,110.89,110.89,800,2021-06-09 13:32:00,CDLX
111.24,111.49,111.19,111.19,850,2021-06-09 13:34:00,CDLX
111.245,112.51,111.245,111.76,1300,2021-06-09 13:35:00,CDLX
112.3,112.3,112.3,112.3,100,2021-06-09 13:36:00,CDLX
112.01,112.47,112.01,112.42,300,2021-06-09 13:37:00,CDLX
111.95,111.98,111.785,111.785,1200,2021-06-09 13:38:00,CDLX
111.36,111.36,111.36,111.36,100,2021-06-09 13:39:00,CDLX
110.855,110.855,110.855,110.855,100,2021-06-09 13:40:00,CDLX
110.35,110.35,110.34,110.34,320,2021-06-09 13:42:00,CDLX
110.52,110.52,110.52,110.52,197,2021-06-09 13:43:00,CDLX
110.15,111.19,110.13,110.13,1200,2021-06-09 13:44:00,CDLX
110.22,110.87,110.22,110.87,3403,2021-06-09 13:45:00,CDLX
110.3,110.3,110.3,110.3,114,2021-06-09 13:46:00,CDLX
110.6,110.86,110.21,110.44,2550,2021-06-09 13:47:00,CDLX
110.8,111.65,110.8,111.65,1100,2021-06-09 13:48:00,CDLX
110.84,110.84,110.73,110.73,200,2021-06-09 13:49:00,CDLX
110.71,110.91,110.23,110.46,1240,2021-06-09 13:50:00,CDLX
110.745,110.92,110.06,110.24,1087,2021-06-09 13:51:00,CDLX
110.03,110.46,109.775,109.775,1625,2021-06-09 13:52:00,CDLX
110.45,110.45,110.45,110.45,300,2021-06-09 13:53:00,CDLX
109.755,110.42,109.755,110.42,672,2021-06-09 13:55:00,CDLX
110.22,110.81,110.22,110.28,3011,2021-06-09 14:00:00,CDLX
110.8,110.81,110.695,110.695,400,2021-06-09 14:02:00,CDLX
110.5,110.5,109.99,110.29,2698,2021-06-09 14:03:00,CDLX
110.22,110.5,110.22,110.5,200,2021-06-09 14:05:00,CDLX
110.5,111.19,110.5,111.19,3545,2021-06-09 14:07:00,CDLX
111.145,111.28,110.7901,111.28,650,2021-06-09 14:10:00,CDLX
110.79,111.18,110.79,110.95,2150,2021-06-09 14:11:00,CDLX
110.945,111.1,110.945,111.06,400,2021-06-09 14:12:00,CDLX
110.97,111.09,110.85,110.965,550,2021-06-09 14:13:00,CDLX
110.87,111.47,110.85,111.38,3526,2021-06-09 14:14:00,CDLX
111.25,111.32,111.04,111.1,1400,2021-06-09 14:15:00,CDLX
110.9,111.19,110.7,110.7,2084,2021-06-09 14:16:00,CDLX
110.62,110.62,110.5,110.5,300,2021-06-09 14:17:00,CDLX
110.295,110.71,110.295,110.57,900,2021-06-09 14:19:00,CDLX
110.56,110.73,110.56,110.73,300,2021-06-09 14:20:00,CDLX
111.01,111.01,110.855,110.905,1000,2021-06-09 14:21:00,CDLX
110.925,111.13,110.825,110.9,1392,2021-06-09 14:22:00,CDLX
111.14,111.2,111.14,111.2,200,2021-06-09 14:23:00,CDLX
111.145,111.3065,111.145,111.3065,200,2021-06-09 14:25:00,CDLX
111.24,111.36,111.165,111.165,500,2021-06-09 14:27:00,CDLX
111.43,111.43,111.43,111.43,100,2021-06-09 14:30:00,CDLX
111.12,111.5,111.12,111.5,500,2021-06-09 14:31:00,CDLX
111.51,111.59,111.51,111.59,470,2021-06-09 14:32:00,CDLX
111.6206,111.655,111.365,111.365,1487,2021-06-09 14:33:00,CDLX
111.5,111.5,111.5,111.5,100,2021-06-09 14:34:00,CDLX
111.445,111.445,111.445,111.445,300,2021-06-09 14:35:00,CDLX
111.43,111.43,111.43,111.43,100,2021-06-09 14:36:00,CDLX
111.56,111.7,111.275,111.275,1000,2021-06-09 14:38:00,CDLX
111.5,111.7,111.5,111.7,300,2021-06-09 14:39:00,CDLX
111.74,111.74,111.74,111.74,300,2021-06-09 14:40:00,CDLX
111.7,111.7,111.5,111.5,200,2021-06-09 14:45:00,CDLX
111.55,111.55,111.5,111.515,1328,2021-06-09 14:46:00,CDLX
111.665,111.665,111.665,111.665,216,2021-06-09 14:47:00,CDLX
111.42,111.66,111.42,111.42,1217,2021-06-09 14:48:00,CDLX
111.42,111.57,111.38,111.42,1000,2021-06-09 14:49:00,CDLX
111.445,111.73,111.42,111.635,1819,2021-06-09 14:50:00,CDLX
111.79,111.97,111.74,111.97,1100,2021-06-09 14:51:00,CDLX
111.89,112.03,111.89,112.03,200,2021-06-09 14:52:00,CDLX
112.03,112.03,111.9635,111.98,646,2021-06-09 14:53:00,CDLX
111.925,111.925,111.73,111.73,400,2021-06-09 14:55:00,CDLX
111.92,111.92,111.89,111.905,500,2021-06-09 14:56:00,CDLX
111.78,111.91,111.78,111.91,300,2021-06-09 14:57:00,CDLX
111.91,111.91,111.91,111.91,100,2021-06-09 14:58:00,CDLX
111.91,111.91,111.66,111.73,400,2021-06-09 14:59:00,CDLX
111.59,111.59,111.455,111.455,500,2021-06-09 15:00:00,CDLX
111.7,111.86,111.69,111.69,400,2021-06-09 15:01:00,CDLX
111.86,111.885,111.86,111.885,300,2021-06-09 15:02:00,CDLX
112.0995,112.0995,111.935,111.935,1100,2021-06-09 15:03:00,CDLX
112.02,112.02,111.8,111.945,3137,2021-06-09 15:07:00,CDLX
111.8,111.8,111.78,111.78,200,2021-06-09 15:08:00,CDLX
111.67,111.67,111.67,111.67,100,2021-06-09 15:09:00,CDLX
111.5,111.5,111.5,111.5,100,2021-06-09 15:10:00,CDLX
111.67,111.67,111.67,111.67,200,2021-06-09 15:11:00,CDLX
111.5,111.67,111.49,111.56,800,2021-06-09 15:13:00,CDLX
111.5,111.66,111.5,111.565,3000,2021-06-09 15:17:00,CDLX
111.66,111.79,111.66,111.79,200,2021-06-09 15:20:00,CDLX
111.78,111.85,111.78,111.85,400,2021-06-09 15:21:00,CDLX
111.79,111.79,111.79,111.79,100,2021-06-09 15:22:00,CDLX
111.93,111.93,111.79,111.79,400,2021-06-09 15:26:00,CDLX
111.93,111.93,111.93,111.93,300,2021-06-09 15:27:00,CDLX
111.895,111.935,111.89,111.935,500,2021-06-09 15:30:00,CDLX
112.13,112.32,112.11,112.32,3293,2021-06-09 15:31:00,CDLX
112.32,112.48,112.0,112.02,5209,2021-06-09 15:32:00,CDLX
112.06,112.06,112.06,112.06,100,2021-06-09 15:33:00,CDLX
112.025,112.055,111.85,112.055,2100,2021-06-09 15:34:00,CDLX
111.93,111.93,111.93,111.93,100,2021-06-09 15:35:00,CDLX
112.06,112.06,111.85,112.05,580,2021-06-09 15:36:00,CDLX
111.72,111.72,111.72,111.72,100,2021-06-09 15:38:00,CDLX
111.85,111.85,111.85,111.85,100,2021-06-09 15:40:00,CDLX
111.89,111.89,111.5518,111.63,1060,2021-06-09 15:42:00,CDLX
111.745,111.98,111.745,111.98,426,2021-06-09 15:43:00,CDLX
111.77,111.79,111.75,111.79,2200,2021-06-09 15:48:00,CDLX
111.79,111.79,111.79,111.79,293,2021-06-09 15:49:00,CDLX
111.84,111.84,111.5,111.515,1090,2021-06-09 15:51:00,CDLX
111.515,111.515,111.345,111.345,500,2021-06-09 15:53:00,CDLX
111.265,111.265,111.265,111.265,400,2021-06-09 15:54:00,CDLX
111.185,111.185,110.62,110.62,400,2021-06-09 15:55:00,CDLX
110.845,110.845,110.845,110.845,190,2021-06-09 15:56:00,CDLX
110.6679,110.78,110.6679,110.78,310,2021-06-09 15:57:00,CDLX
110.6047,110.915,110.6047,110.915,700,2021-06-09 15:58:00,CDLX
110.895,110.895,110.895,110.895,100,2021-06-09 16:01:00,CDLX
110.89,110.89,110.89,110.89,110,2021-06-09 16:02:00,CDLX
110.9,111.05,110.9,111.05,276,2021-06-09 16:07:00,CDLX
110.99,111.13,110.98,110.98,700,2021-06-09 16:11:00,CDLX
110.98,110.98,110.98,110.98,300,2021-06-09 16:14:00,CDLX
110.85,110.98,110.84,110.98,600,2021-06-09 16:19:00,CDLX
111.01,111.24,111.01,111.14,1000,2021-06-09 16:22:00,CDLX
110.98,110.98,110.98,110.98,100,2021-06-09 16:24:00,CDLX
110.98,110.98,110.98,110.98,227,2021-06-09 16:25:00,CDLX
110.98,110.98,110.98,110.98,100,2021-06-09 16:33:00,CDLX
111.045,111.11,111.045,111.11,333,2021-06-09 16:34:00,CDLX
111.22,111.22,111.22,111.22,200,2021-06-09 16:35:00,CDLX
111.36,111.38,111.36,111.38,300,2021-06-09 16:41:00,CDLX
111.61,111.88,111.61,111.88,1100,2021-06-09 16:42:00,CDLX
111.8,111.865,111.8,111.865,750,2021-06-09 16:44:00,CDLX
111.97,112.27,111.97,112.27,600,2021-06-09 16:45:00,CDLX
112.06,112.06,112.06,112.06,100,2021-06-09 16:46:00,CDLX
112.155,112.155,112.155,112.155,100,2021-06-09 16:48:00,CDLX
112.42,112.42,112.42,112.42,200,2021-06-09 16:50:00,CDLX
112.41,112.41,112.41,112.41,200,2021-06-09 16:57:00,CDLX
112.26,112.26,112.26,112.26,100,2021-06-09 16:59:00,CDLX
112.515,112.515,112.43,112.51,900,2021-06-09 17:06:00,CDLX
112.45,112.45,112.45,112.45,100,2021-06-09 17:09:00,CDLX
112.3082,112.55,112.3082,112.55,200,2021-06-09 17:10:00,CDLX
112.2801,112.2801,112.2801,112.2801,100,2021-06-09 17:11:00,CDLX
112.4,112.49,112.4,112.49,460,2021-06-09 17:12:00,CDLX
112.42,112.42,112.42,112.42,100,2021-06-09 17:13:00,CDLX
112.42,112.55,112.18,112.3899,2835,2021-06-09 17:14:00,CDLX
111.945,111.945,111.945,111.945,100,2021-06-09 17:16:00,CDLX
111.885,111.885,111.885,111.885,100,2021-06-09 17:18:00,CDLX
111.875,111.9485,111.875,111.9485,1200,2021-06-09 17:19:00,CDLX
112.04,112.24,111.995,112.24,1800,2021-06-09 17:20:00,CDLX
112.25,112.25,112.25,112.25,100,2021-06-09 17:21:00,CDLX
112.41,112.41,112.41,112.41,100,2021-06-09 17:22:00,CDLX
112.405,112.5,112.31,112.475,959,2021-06-09 17:27:00,CDLX
112.305,112.58,112.28,112.58,5162,2021-06-09 17:30:00,CDLX
112.58,112.635,112.55,112.635,300,2021-06-09 17:31:00,CDLX
112.66,112.74,112.66,112.66,1600,2021-06-09 17:32:00,CDLX
112.465,112.465,112.465,112.465,100,2021-06-09 17:35:00,CDLX
112.3,112.3,112.18,112.18,200,2021-06-09 17:38:00,CDLX
112.02,112.02,112.02,112.02,160,2021-06-09 17:39:00,CDLX
112.06,112.06,112.06,112.06,100,2021-06-09 17:45:00,CDLX
112.02,112.165,112.02,112.165,500,2021-06-09 17:46:00,CDLX
112.22,112.22,112.185,112.19,300,2021-06-09 17:47:00,CDLX
112.3017,112.3017,112.3017,112.3017,156,2021-06-09 17:49:00,CDLX
112.09,112.25,112.09,112.25,2700,2021-06-09 17:53:00,CDLX
112.37,112.385,112.37,112.385,600,2021-06-09 17:54:00,CDLX
112.21,112.21,112.21,112.21,100,2021-06-09 17:59:00,CDLX
112.385,112.385,112.385,112.385,100,2021-06-09 18:00:00,CDLX
112.42,112.59,112.42,112.59,600,2021-06-09 18:03:00,CDLX
112.41,112.41,112.36,112.36,200,2021-06-09 18:04:00,CDLX
112.49,112.49,112.49,112.49,263,2021-06-09 18:05:00,CDLX
112.51,112.51,112.51,112.51,107,2021-06-09 18:06:00,CDLX
112.235,112.24,112.235,112.24,1000,2021-06-09 18:10:00,CDLX
112.21,112.21,112.21,112.21,1000,2021-06-09 18:11:00,CDLX
112.38,112.3899,112.38,112.3899,555,2021-06-09 18:12:00,CDLX
112.3531,112.42,112.3,112.3,1018,2021-06-09 18:14:00,CDLX
112.3,112.3,112.25,112.25,200,2021-06-09 18:15:00,CDLX
112.3,112.3,112.3,112.3,100,2021-06-09 18:16:00,CDLX
112.42,112.435,112.42,112.435,400,2021-06-09 18:17:00,CDLX
112.31,112.3896,112.27,112.3896,1700,2021-06-09 18:19:00,CDLX
112.39,112.63,112.39,112.63,1318,2021-06-09 18:20:00,CDLX
112.55,112.55,112.55,112.55,100,2021-06-09 18:21:00,CDLX
112.545,112.64,112.545,112.545,400,2021-06-09 18:23:00,CDLX
112.545,112.545,112.44,112.44,300,2021-06-09 18:25:00,CDLX
112.48,112.48,112.48,112.48,100,2021-06-09 18:26:00,CDLX
112.55,112.55,112.55,112.55,100,2021-06-09 18:28:00,CDLX
112.47,112.48,112.43,112.48,400,2021-06-09 18:29:00,CDLX
112.4,112.47,112.4,112.47,257,2021-06-09 18:30:00,CDLX
112.3,112.3,112.28,112.3,600,2021-06-09 18:31:00,CDLX
112.4,112.44,112.4,112.44,200,2021-06-09 18:34:00,CDLX
112.44,112.59,112.44,112.59,1100,2021-06-09 18:35:00,CDLX
112.75,112.8,112.59,112.59,2900,2021-06-09 18:36:00,CDLX
112.67,112.67,112.67,112.67,100,2021-06-09 18:39:00,CDLX
112.54,112.54,112.535,112.535,200,2021-06-09 18:40:00,CDLX
112.485,112.485,112.485,112.485,100,2021-06-09 18:42:00,CDLX
112.565,112.565,112.565,112.565,100,2021-06-09 18:43:00,CDLX
112.48,112.48,112.47,112.47,200,2021-06-09 18:44:00,CDLX
112.47,112.47,112.47,112.47,200,2021-06-09 18:45:00,CDLX
112.4,112.4,112.18,112.39,500,2021-06-09 18:48:00,CDLX
112.34,112.4,112.305,112.305,700,2021-06-09 18:50:00,CDLX
112.39,112.39,112.39,112.39,100,2021-06-09 18:52:00,CDLX
112.44,112.65,112.44,112.65,1300,2021-06-09 18:53:00,CDLX
112.61,112.61,112.61,112.61,200,2021-06-09 18:54:00,CDLX
112.6,112.73,112.6,112.73,300,2021-06-09 18:56:00,CDLX
112.68,112.68,112.6,112.6,300,2021-06-09 18:58:00,CDLX
112.6,112.61,112.59,112.59,700,2021-06-09 18:59:00,CDLX
112.46,112.64,112.41,112.58,1500,2021-06-09 19:00:00,CDLX
112.64,112.64,112.54,112.54,200,2021-06-09 19:01:00,CDLX
112.54,112.54,112.54,112.54,200,2021-06-09 19:02:00,CDLX
112.54,112.54,112.43,112.43,200,2021-06-09 19:03:00,CDLX
112.64,112.64,112.64,112.64,100,2021-06-09 19:04:00,CDLX
112.555,112.555,112.555,112.555,100,2021-06-09 19:06:00,CDLX
112.57,112.575,112.57,112.575,200,2021-06-09 19:07:00,CDLX
112.48,112.49,112.385,112.385,500,2021-06-09 19:08:00,CDLX
112.41,112.415,112.41,112.415,200,2021-06-09 19:09:00,CDLX
112.5,112.5,112.455,112.455,400,2021-06-09 19:10:00,CDLX
112.455,112.51,112.455,112.51,500,2021-06-09 19:11:00,CDLX
112.48,112.48,112.4,112.45,600,2021-06-09 19:13:00,CDLX
112.405,112.46,112.405,112.46,200,2021-06-09 19:15:00,CDLX
112.41,112.41,112.41,112.41,411,2021-06-09 19:16:00,CDLX
112.38,112.42,112.175,112.175,1567,2021-06-09 19:17:00,CDLX
112.135,112.135,112.035,112.035,300,2021-06-09 19:18:00,CDLX
111.93,112.0,111.93,112.0,200,2021-06-09 19:19:00,CDLX
111.82,112.0,111.82,112.0,200,2021-06-09 19:20:00,CDLX
111.87,111.87,111.835,111.835,300,2021-06-09 19:21:00,CDLX
111.835,111.835,111.83,111.835,500,2021-06-09 19:22:00,CDLX
111.51,111.615,111.5,111.61,768,2021-06-09 19:23:00,CDLX
111.365,111.42,111.34,111.42,600,2021-06-09 19:24:00,CDLX
111.31,111.31,111.31,111.31,100,2021-06-09 19:25:00,CDLX
111.25,111.25,111.0,111.105,537,2021-06-09 19:27:00,CDLX
111.105,111.105,111.06,111.085,800,2021-06-09 19:28:00,CDLX
111.09,111.09,110.94,110.94,200,2021-06-09 19:29:00,CDLX
110.83,110.89,110.7,110.83,1200,2021-06-09 19:30:00,CDLX
110.89,110.99,110.86,110.86,1100,2021-06-09 19:31:00,CDLX
110.995,110.995,110.99,110.995,300,2021-06-09 19:32:00,CDLX
111.0,111.01,110.995,110.995,300,2021-06-09 19:33:00,CDLX
110.94,110.995,110.94,110.995,1000,2021-06-09 19:35:00,CDLX
110.85,110.94,110.85,110.94,200,2021-06-09 19:36:00,CDLX
110.77,110.84,110.72,110.72,401,2021-06-09 19:37:00,CDLX
110.5201,110.5201,110.5201,110.5201,122,2021-06-09 19:38:00,CDLX
110.56,110.56,110.29,110.29,400,2021-06-09 19:39:00,CDLX
110.34,110.34,110.25,110.34,300,2021-06-09 19:40:00,CDLX
110.34,110.34,110.22,110.2201,504,2021-06-09 19:41:00,CDLX
110.315,110.315,110.02,110.02,604,2021-06-09 19:42:00,CDLX
110.0,110.03,109.69,109.69,2437,2021-06-09 19:43:00,CDLX
109.59,109.71,109.51,109.625,2600,2021-06-09 19:44:00,CDLX
109.5201,109.89,109.5201,109.82,2203,2021-06-09 19:45:00,CDLX
109.89,110.16,109.88,110.16,1400,2021-06-09 19:46:00,CDLX
110.125,110.43,109.9916,110.43,4069,2021-06-09 19:47:00,CDLX
110.42,110.42,110.225,110.225,500,2021-06-09 19:48:00,CDLX
110.215,110.32,110.06,110.275,1864,2021-06-09 19:49:00,CDLX
110.23,110.3,109.755,109.755,2932,2021-06-09 19:50:00,CDLX
109.775,109.985,109.775,109.96,2334,2021-06-09 19:51:00,CDLX
109.914,110.23,109.914,110.14,2549,2021-06-09 19:52:00,CDLX
110.16,110.16,110.16,110.16,100,2021-06-09 19:53:00,CDLX
109.9529,110.16,109.9529,110.09,1473,2021-06-09 19:54:00,CDLX
110.09,110.09,109.945,110.005,1749,2021-06-09 19:55:00,CDLX
110.005,110.05,109.95,109.965,4329,2021-06-09 19:56:00,CDLX
109.95,110.1,109.93,110.0401,6005,2021-06-09 19:57:00,CDLX
110.1,110.25,110.0401,110.25,2454,2021-06-09 19:58:00,CDLX
110.24,110.33,110.1401,110.31,9223,2021-06-09 19:59:00,CDLX
110.16,110.16,110.16,110.16,17597,2021-06-09 20:00:00,CDLX
110.28,110.28,110.28,110.28,1332,2021-06-10 13:30:00,CDLX
109.89,109.89,109.89,109.89,100,2021-06-10 13:32:00,CDLX
109.89,110.82,109.89,110.18,500,2021-06-10 13:33:00,CDLX
111.35,111.35,111.35,111.35,100,2021-06-10 13:35:00,CDLX
111.36,111.36,111.36,111.36,100,2021-06-10 13:36:00,CDLX
111.35,111.51,111.16,111.51,600,2021-06-10 13:37:00,CDLX
111.51,111.51,111.51,111.51,100,2021-06-10 13:38:00,CDLX
111.93,111.93,111.93,111.93,100,2021-06-10 13:39:00,CDLX
111.94,111.94,111.94,111.94,100,2021-06-10 13:40:00,CDLX
111.91,111.91,111.91,111.91,100,2021-06-10 13:42:00,CDLX
111.3,111.4,110.635,110.635,1490,2021-06-10 13:43:00,CDLX
109.6395,110.02,109.6395,110.02,262,2021-06-10 13:44:00,CDLX
110.52,110.54,110.52,110.54,400,2021-06-10 13:45:00,CDLX
110.98,110.98,110.98,110.98,100,2021-06-10 13:46:00,CDLX
111.15,111.15,111.15,111.15,100,2021-06-10 13:48:00,CDLX
111.32,111.32,110.87,110.87,300,2021-06-10 13:49:00,CDLX
110.875,110.875,110.875,110.875,100,2021-06-10 13:50:00,CDLX
110.7,111.39,110.7,110.715,400,2021-06-10 13:51:00,CDLX
110.69,110.69,110.69,110.69,100,2021-06-10 13:52:00,CDLX
110.69,110.69,110.69,110.69,100,2021-06-10 13:53:00,CDLX
110.38,110.38,110.0,110.225,1150,2021-06-10 13:54:00,CDLX
109.79,109.875,109.62,109.875,436,2021-06-10 13:55:00,CDLX
109.86,109.86,109.86,109.86,100,2021-06-10 13:56:00,CDLX
109.63,109.785,109.59,109.59,400,2021-06-10 13:58:00,CDLX
109.8,109.8,109.255,109.255,300,2021-06-10 13:59:00,CDLX
109.265,109.265,109.265,109.265,100,2021-06-10 14:00:00,CDLX
109.255,109.255,109.255,109.255,100,2021-06-10 14:01:00,CDLX
109.46,109.61,109.39,109.39,2100,2021-06-10 14:02:00,CDLX
109.455,109.455,109.455,109.455,100,2021-06-10 14:03:00,CDLX
109.04,109.04,108.55,108.87,400,2021-06-10 14:04:00,CDLX
108.5493,108.5493,108.5493,108.5493,300,2021-06-10 14:05:00,CDLX
108.745,108.86,108.6377,108.6377,400,2021-06-10 14:06:00,CDLX
108.5,108.5,108.43,108.43,293,2021-06-10 14:07:00,CDLX
108.13,108.13,108.02,108.08,733,2021-06-10 14:09:00,CDLX
108.225,108.34,107.83,107.89,4026,2021-06-10 14:10:00,CDLX
108.0,108.0,108.0,108.0,200,2021-06-10 14:11:00,CDLX
107.98,108.0,107.56,107.56,1100,2021-06-10 14:12:00,CDLX
107.66,107.66,107.5,107.51,754,2021-06-10 14:13:00,CDLX
107.72,107.72,107.71,107.71,400,2021-06-10 14:16:00,CDLX
107.99,108.37,107.89,108.185,1800,2021-06-10 14:19:00,CDLX
108.205,108.205,108.205,108.205,300,2021-06-10 14:20:00,CDLX
107.83,107.83,107.58,107.58,600,2021-06-10 14:21:00,CDLX
107.59,107.59,107.465,107.465,400,2021-06-10 14:22:00,CDLX
107.715,107.715,107.6,107.6,300,2021-06-10 14:24:00,CDLX
107.935,107.935,107.83,107.83,200,2021-06-10 14:27:00,CDLX
108.15,108.24,108.15,108.24,500,2021-06-10 14:29:00,CDLX
107.975,107.975,107.74,107.78,300,2021-06-10 14:31:00,CDLX
107.9,107.9,107.9,107.9,100,2021-06-10 14:32:00,CDLX
107.73,107.73,107.73,107.73,100,2021-06-10 14:34:00,CDLX
107.895,107.895,107.895,107.895,200,2021-06-10 14:35:00,CDLX
107.96,108.1,107.55,107.55,400,2021-06-10 14:36:00,CDLX
107.21,107.36,107.21,107.36,300,2021-06-10 14:38:00,CDLX
107.23,107.23,107.23,107.23,100,2021-06-10 14:39:00,CDLX
107.23,107.23,107.23,107.23,100,2021-06-10 14:41:00,CDLX
107.08,107.14,105.75,105.75,5233,2021-06-10 14:42:00,CDLX
105.97,106.39,105.97,106.18,2100,2021-06-10 14:43:00,CDLX
106.19,106.19,105.88,105.88,600,2021-06-10 14:44:00,CDLX
105.795,105.795,105.795,105.795,100,2021-06-10 14:46:00,CDLX
105.58,105.58,105.35,105.35,400,2021-06-10 14:47:00,CDLX
105.5,105.5,105.5,105.5,1150,2021-06-10 14:48:00,CDLX
105.1405,105.295,105.1405,105.295,1262,2021-06-10 14:49:00,CDLX
105.15,105.195,105.15,105.195,206,2021-06-10 14:50:00,CDLX
105.25,105.25,104.57,104.645,2900,2021-06-10 14:51:00,CDLX
104.78,104.81,104.3001,104.3001,3345,2021-06-10 14:52:00,CDLX
104.11,104.31,104.0001,104.0001,3200,2021-06-10 14:53:00,CDLX
104.05,104.155,104.05,104.155,238,2021-06-10 14:54:00,CDLX
104.0,104.1131,103.98,104.055,1600,2021-06-10 14:55:00,CDLX
104.24,104.39,104.24,104.39,300,2021-06-10 14:56:00,CDLX
104.61,104.665,104.34,104.665,900,2021-06-10 14:57:00,CDLX
104.78,105.2894,104.78,105.2894,2600,2021-06-10 14:58:00,CDLX
105.07,105.435,105.07,105.435,500,2021-06-10 14:59:00,CDLX
105.53,105.79,105.07,105.07,900,2021-06-10 15:00:00,CDLX
105.36,105.36,105.15,105.23,2075,2021-06-10 15:01:00,CDLX
105.15,105.15,104.99,104.99,500,2021-06-10 15:02:00,CDLX
105.02,105.02,105.02,105.02,100,2021-06-10 15:03:00,CDLX
104.59,104.59,104.59,104.59,100,2021-06-10 15:04:00,CDLX
104.775,104.809,104.775,104.809,290,2021-06-10 15:05:00,CDLX
104.54,104.7991,104.45,104.585,6192,2021-06-10 15:06:00,CDLX
104.46,105.31,104.46,105.31,900,2021-06-10 15:07:00,CDLX
105.57,105.96,105.57,105.95,300,2021-06-10 15:09:00,CDLX
105.63,105.63,105.3,105.44,1500,2021-06-10 15:10:00,CDLX
105.205,105.205,105.07,105.07,400,2021-06-10 15:11:00,CDLX
105.09,105.18,105.02,105.18,2406,2021-06-10 15:12:00,CDLX
105.31,105.44,105.2,105.2,2025,2021-06-10 15:13:00,CDLX
105.3264,105.67,105.3264,105.54,1285,2021-06-10 15:14:00,CDLX
105.645,105.645,105.645,105.645,200,2021-06-10 15:15:00,CDLX
105.435,105.435,105.435,105.435,100,2021-06-10 15:16:00,CDLX
105.47,105.5,104.68,104.68,2525,2021-06-10 15:17:00,CDLX
104.46,104.46,104.44,104.44,294,2021-06-10 15:20:00,CDLX
104.435,104.47,104.435,104.47,200,2021-06-10 15:21:00,CDLX
104.58,104.7,104.58,104.7,200,2021-06-10 15:22:00,CDLX
104.4,104.88,104.4,104.88,2802,2021-06-10 15:23:00,CDLX
105.09,105.09,104.76,104.76,3230,2021-06-10 15:24:00,CDLX
104.64,104.64,104.35,104.35,391,2021-06-10 15:25:00,CDLX
104.86,104.86,104.86,104.86,200,2021-06-10 15:29:00,CDLX
104.875,104.875,104.875,104.875,100,2021-06-10 15:30:00,CDLX
105.05,105.26,105.05,105.16,1000,2021-06-10 15:31:00,CDLX
105.235,105.49,105.08,105.29,1300,2021-06-10 15:32:00,CDLX
105.42,105.42,105.42,105.42,200,2021-06-10 15:33:00,CDLX
105.5,105.51,105.28,105.305,1375,2021-06-10 15:34:00,CDLX
105.27,105.41,105.27,105.405,900,2021-06-10 15:35:00,CDLX
105.335,105.335,104.92,104.98,1693,2021-06-10 15:36:00,CDLX
104.9,105.11,104.9,105.11,400,2021-06-10 15:37:00,CDLX
105.17,105.17,105.17,105.17,100,2021-06-10 15:38:00,CDLX
105.24,105.24,105.24,105.24,200,2021-06-10 15:39:00,CDLX
105.52,105.52,105.52,105.52,100,2021-06-10 15:40:00,CDLX
105.53,105.53,105.53,105.53,200,2021-06-10 15:41:00,CDLX
105.43,105.485,104.98,104.98,810,2021-06-10 15:42:00,CDLX
104.92,104.92,104.92,104.92,100,2021-06-10 15:43:00,CDLX
105.1,105.1,105.1,105.1,200,2021-06-10 15:45:00,CDLX
105.24,105.24,105.13,105.13,364,2021-06-10 15:46:00,CDLX
105.24,105.25,105.24,105.25,400,2021-06-10 15:47:00,CDLX
105.2,105.355,105.2,105.355,400,2021-06-10 15:48:00,CDLX
105.355,105.355,105.355,105.355,200,2021-06-10 15:49:00,CDLX
105.6,105.7,105.6,105.7,200,2021-06-10 15:50:00,CDLX
105.465,105.465,105.465,105.465,100,2021-06-10 15:51:00,CDLX
105.375,105.535,105.06,105.535,400,2021-06-10 15:52:00,CDLX
105.485,105.485,105.485,105.485,100,2021-06-10 15:53:00,CDLX
105.545,105.545,105.545,105.545,100,2021-06-10 15:54:00,CDLX
105.51,105.51,105.51,105.51,100,2021-06-10 15:55:00,CDLX
105.15,105.15,105.15,105.15,100,2021-06-10 15:56:00,CDLX
105.175,105.21,105.175,105.21,500,2021-06-10 15:57:00,CDLX
105.295,105.52,105.295,105.52,800,2021-06-10 15:58:00,CDLX
105.52,105.52,105.52,105.52,100,2021-06-10 15:59:00,CDLX
105.61,105.61,105.61,105.61,100,2021-06-10 16:00:00,CDLX
105.57,105.575,105.57,105.575,200,2021-06-10 16:01:00,CDLX
105.645,105.645,105.645,105.645,100,2021-06-10 16:02:00,CDLX
105.52,105.545,105.52,105.545,200,2021-06-10 16:03:00,CDLX
105.25,105.455,105.155,105.455,1000,2021-06-10 16:05:00,CDLX
105.59,105.59,105.34,105.445,1302,2021-06-10 16:06:00,CDLX
105.445,105.445,105.27,105.27,400,2021-06-10 16:07:00,CDLX
105.42,105.46,105.375,105.415,1200,2021-06-10 16:08:00,CDLX
105.2,105.2,105.2,105.2,100,2021-06-10 16:09:00,CDLX
105.78,105.78,105.57,105.61,400,2021-06-10 16:10:00,CDLX
105.55,105.69,105.55,105.55,430,2021-06-10 16:12:00,CDLX
105.46,105.51,105.35,105.51,500,2021-06-10 16:13:00,CDLX
105.38,105.43,105.365,105.365,600,2021-06-10 16:14:00,CDLX
105.695,105.835,105.695,105.835,200,2021-06-10 16:15:00,CDLX
105.87,105.97,105.62,105.62,867,2021-06-10 16:16:00,CDLX
105.475,105.61,105.47,105.47,400,2021-06-10 16:17:00,CDLX
105.64,105.73,105.48,105.62,1300,2021-06-10 16:18:00,CDLX
105.8,105.98,105.8,105.82,1299,2021-06-10 16:19:00,CDLX
105.82,105.94,105.82,105.82,330,2021-06-10 16:20:00,CDLX
105.95,105.95,105.52,105.52,200,2021-06-10 16:21:00,CDLX
105.5,105.5,105.5,105.5,100,2021-06-10 16:23:00,CDLX
105.68,105.68,105.68,105.68,236,2021-06-10 16:24:00,CDLX
105.86,105.94,105.72,105.72,400,2021-06-10 16:25:00,CDLX
105.77,105.85,105.74,105.74,943,2021-06-10 16:26:00,CDLX
105.93,106.15,105.875,105.99,1899,2021-06-10 16:27:00,CDLX
105.98,105.98,105.88,105.88,400,2021-06-10 16:28:00,CDLX
105.73,105.815,105.61,105.69,400,2021-06-10 16:29:00,CDLX
105.89,106.22,105.88,106.15,1192,2021-06-10 16:32:00,CDLX
106.33,106.33,106.33,106.33,100,2021-06-10 16:35:00,CDLX
106.49,106.49,106.49,106.49,100,2021-06-10 16:38:00,CDLX
106.66,106.66,106.522,106.522,457,2021-06-10 16:39:00,CDLX
106.66,106.76,106.66,106.76,500,2021-06-10 16:41:00,CDLX
106.76,106.76,106.53,106.72,1312,2021-06-10 16:42:00,CDLX
106.72,106.72,106.675,106.675,900,2021-06-10 16:43:00,CDLX
106.5,106.62,106.5,106.62,1439,2021-06-10 16:44:00,CDLX
106.62,106.62,106.32,106.32,800,2021-06-10 16:45:00,CDLX
106.82,106.82,106.54,106.54,200,2021-06-10 16:46:00,CDLX
106.96,107.15,106.96,107.12,900,2021-06-10 16:47:00,CDLX
106.81,107.15,106.79,106.84,1200,2021-06-10 16:48:00,CDLX
107.01,107.02,106.89,107.02,927,2021-06-10 16:49:00,CDLX
107.2,107.2,106.8806,106.8806,1138,2021-06-10 16:50:00,CDLX
106.78,106.82,106.51,106.51,600,2021-06-10 16:51:00,CDLX
106.75,106.75,106.58,106.645,1892,2021-06-10 16:53:00,CDLX
106.645,106.645,106.645,106.645,100,2021-06-10 16:55:00,CDLX
106.635,106.635,106.44,106.44,200,2021-06-10 16:56:00,CDLX
106.48,106.48,106.48,106.48,600,2021-06-10 16:57:00,CDLX
106.3775,106.599,106.3775,106.49,583,2021-06-10 17:02:00,CDLX
106.38,106.56,106.38,106.56,300,2021-06-10 17:03:00,CDLX
106.64,106.91,106.57,106.91,910,2021-06-10 17:05:00,CDLX
107.07,107.07,107.07,107.07,100,2021-06-10 17:06:00,CDLX
107.33,107.33,107.33,107.33,100,2021-06-10 17:11:00,CDLX
107.46,107.46,107.46,107.46,100,2021-06-10 17:12:00,CDLX
107.32,107.32,107.275,107.275,591,2021-06-10 17:13:00,CDLX
107.275,107.275,107.14,107.14,200,2021-06-10 17:14:00,CDLX
107.34,107.62,107.34,107.62,1100,2021-06-10 17:18:00,CDLX
107.5,107.56,107.42,107.56,488,2021-06-10 17:19:00,CDLX
107.39,107.76,107.38,107.76,1910,2021-06-10 17:20:00,CDLX
107.76,107.89,107.68,107.88,800,2021-06-10 17:21:00,CDLX
107.89,107.89,107.6,107.68,700,2021-06-10 17:22:00,CDLX
107.6,107.6,107.32,107.34,801,2021-06-10 17:24:00,CDLX
107.04,107.41,106.98,107.3,1087,2021-06-10 17:26:00,CDLX
107.15,107.155,107.15,107.155,300,2021-06-10 17:27:00,CDLX
107.155,107.27,107.155,107.155,300,2021-06-10 17:28:00,CDLX
107.0,107.1,106.65,106.65,2065,2021-06-10 17:29:00,CDLX
106.86,106.86,106.5,106.6494,800,2021-06-10 17:30:00,CDLX
106.5,106.5,106.47,106.475,1118,2021-06-10 17:31:00,CDLX
106.525,106.83,106.525,106.83,200,2021-06-10 17:32:00,CDLX
106.84,106.84,106.84,106.84,200,2021-06-10 17:36:00,CDLX
106.54,106.54,106.54,106.54,100,2021-06-10 17:38:00,CDLX
106.86,106.89,106.66,106.66,300,2021-06-10 17:40:00,CDLX
106.77,106.77,106.77,106.77,100,2021-06-10 17:41:00,CDLX
106.78,106.78,106.78,106.78,100,2021-06-10 17:42:00,CDLX
106.62,106.92,106.62,106.785,475,2021-06-10 17:43:00,CDLX
106.63,106.63,106.63,106.63,100,2021-06-10 17:44:00,CDLX
106.78,107.0,106.7,107.0,987,2021-06-10 17:45:00,CDLX
106.94,106.94,106.94,106.94,100,2021-06-10 17:47:00,CDLX
106.76,106.945,106.75,106.945,300,2021-06-10 17:48:00,CDLX
107.09,107.09,106.76,106.76,1000,2021-06-10 17:50:00,CDLX
106.76,106.76,106.76,106.76,800,2021-06-10 17:51:00,CDLX
107.07,107.1,107.07,107.1,300,2021-06-10 17:52:00,CDLX
107.24,107.24,107.24,107.24,100,2021-06-10 17:53:00,CDLX
107.66,107.66,107.3,107.3,235,2021-06-10 17:55:00,CDLX
107.63,107.63,107.63,107.63,100,2021-06-10 17:56:00,CDLX
107.69,107.99,107.46,107.53,978,2021-06-10 17:57:00,CDLX
107.69,107.69,107.37,107.585,2000,2021-06-10 17:59:00,CDLX
107.78,107.79,107.78,107.79,500,2021-06-10 18:00:00,CDLX
107.72,107.79,107.42,107.42,1628,2021-06-10 18:01:00,CDLX
107.46,107.63,107.43,107.44,526,2021-06-10 18:03:00,CDLX
107.43,107.43,107.25,107.405,600,2021-06-10 18:05:00,CDLX
107.55,107.55,107.55,107.55,100,2021-06-10 18:07:00,CDLX
107.28,107.28,107.28,107.28,100,2021-06-10 18:08:00,CDLX
107.385,107.385,107.385,107.385,100,2021-06-10 18:09:00,CDLX
107.355,107.355,106.98,107.17,700,2021-06-10 18:10:00,CDLX
106.945,106.945,106.945,106.945,105,2021-06-10 18:11:00,CDLX
107.005,107.005,106.75,106.75,400,2021-06-10 18:13:00,CDLX
106.88,106.88,106.88,106.88,100,2021-06-10 18:14:00,CDLX
106.875,106.875,106.875,106.875,100,2021-06-10 18:15:00,CDLX
107.12,107.12,106.83,106.83,300,2021-06-10 18:16:00,CDLX
106.92,106.94,106.77,106.77,2697,2021-06-10 18:17:00,CDLX
106.92,107.14,106.91,107.14,600,2021-06-10 18:18:00,CDLX
107.11,107.24,107.11,107.23,900,2021-06-10 18:19:00,CDLX
107.26,107.37,107.26,107.37,2400,2021-06-10 18:20:00,CDLX
107.32,107.32,107.32,107.32,100,2021-06-10 18:23:00,CDLX
107.37,107.37,107.37,107.37,100,2021-06-10 18:24:00,CDLX
107.04,107.04,107.04,107.04,100,2021-06-10 18:25:00,CDLX
107.32,107.36,107.32,107.36,300,2021-06-10 18:27:00,CDLX
107.37,107.46,107.36,107.46,700,2021-06-10 18:28:00,CDLX
107.375,107.755,107.375,107.755,3391,2021-06-10 18:30:00,CDLX
107.69,107.755,107.69,107.755,300,2021-06-10 18:31:00,CDLX
107.63,107.63,107.51,107.56,1600,2021-06-10 18:32:00,CDLX
107.44,107.45,107.44,107.45,1590,2021-06-10 18:33:00,CDLX
107.53,107.53,107.39,107.465,300,2021-06-10 18:34:00,CDLX
107.34,107.34,107.19,107.235,400,2021-06-10 18:35:00,CDLX
107.25,107.25,107.25,107.25,100,2021-06-10 18:36:00,CDLX
107.26,107.26,107.26,107.26,100,2021-06-10 18:38:00,CDLX
107.255,107.255,107.09,107.09,400,2021-06-10 18:40:00,CDLX
107.135,107.135,107.135,107.135,200,2021-06-10 18:43:00,CDLX
107.0,107.0,107.0,107.0,100,2021-06-10 18:46:00,CDLX
107.135,107.24,107.135,107.24,200,2021-06-10 18:47:00,CDLX
107.14,107.14,107.14,107.14,100,2021-06-10 18:48:00,CDLX
107.27,107.38,107.27,107.38,500,2021-06-10 18:51:00,CDLX
107.235,107.235,107.235,107.235,100,2021-06-10 18:52:00,CDLX
107.4,107.4,107.4,107.4,200,2021-06-10 18:54:00,CDLX
107.48,107.51,107.48,107.49,824,2021-06-10 18:56:00,CDLX
107.47,107.59,107.47,107.59,400,2021-06-10 18:59:00,CDLX
107.67,107.82,107.55,107.76,900,2021-06-10 19:01:00,CDLX
107.79,107.79,107.79,107.79,100,2021-06-10 19:02:00,CDLX
107.69,107.69,107.69,107.69,100,2021-06-10 19:03:00,CDLX
107.69,107.69,107.33,107.33,800,2021-06-10 19:04:00,CDLX
107.45,107.58,107.45,107.58,700,2021-06-10 19:07:00,CDLX
107.69,107.72,107.69,107.72,300,2021-06-10 19:10:00,CDLX
107.67,107.67,107.67,107.67,100,2021-06-10 19:11:00,CDLX
107.63,107.63,107.63,107.63,100,2021-06-10 19:12:00,CDLX
107.7,107.7,107.7,107.7,100,2021-06-10 19:15:00,CDLX
107.68,107.68,107.68,107.68,100,2021-06-10 19:17:00,CDLX
107.52,107.7,107.52,107.69,693,2021-06-10 19:19:00,CDLX
107.64,107.64,107.64,107.64,100,2021-06-10 19:21:00,CDLX
107.65,107.65,107.5,107.55,400,2021-06-10 19:23:00,CDLX
107.39,107.39,107.27,107.27,400,2021-06-10 19:25:00,CDLX
107.39,107.49,107.27,107.27,400,2021-06-10 19:26:00,CDLX
107.27,107.33,106.615,106.615,1571,2021-06-10 19:28:00,CDLX
107.0,107.175,107.0,107.175,800,2021-06-10 19:30:00,CDLX
107.175,107.175,107.175,107.175,100,2021-06-10 19:31:00,CDLX
107.06,107.17,106.97,106.97,400,2021-06-10 19:32:00,CDLX
107.08,107.12,107.08,107.12,400,2021-06-10 19:33:00,CDLX
107.095,107.095,106.8,106.8,600,2021-06-10 19:34:00,CDLX
106.82,106.93,106.82,106.84,400,2021-06-10 19:36:00,CDLX
106.775,107.01,106.775,107.01,200,2021-06-10 19:37:00,CDLX
107.03,107.1,107.03,107.055,1920,2021-06-10 19:38:00,CDLX
107.055,107.055,107.055,107.055,300,2021-06-10 19:39:00,CDLX
106.98,107.06,106.98,107.06,1200,2021-06-10 19:41:00,CDLX
107.01,107.01,107.01,107.01,100,2021-06-10 19:42:00,CDLX
107.17,107.17,107.12,107.12,475,2021-06-10 19:43:00,CDLX
107.17,107.18,107.17,107.18,200,2021-06-10 19:44:00,CDLX
107.09,107.15,107.01,107.11,800,2021-06-10 19:45:00,CDLX
107.1,107.12,107.08,107.08,1000,2021-06-10 19:46:00,CDLX
107.07,107.07,106.94,106.94,400,2021-06-10 19:47:00,CDLX
106.935,106.94,106.865,106.865,400,2021-06-10 19:48:00,CDLX
106.93,107.0,106.86,107.0,1112,2021-06-10 19:49:00,CDLX
107.29,107.29,107.12,107.245,1100,2021-06-10 19:50:00,CDLX
107.31,107.36,107.26,107.285,1400,2021-06-10 19:51:00,CDLX
107.35,107.38,107.35,107.38,400,2021-06-10 19:52:00,CDLX
107.4,107.63,107.39,107.56,5257,2021-06-10 19:53:00,CDLX
107.53,107.58,107.18,107.18,4515,2021-06-10 19:54:00,CDLX
107.12,107.32,107.12,107.32,1861,2021-06-10 19:55:00,CDLX
107.32,107.68,107.32,107.68,2750,2021-06-10 19:56:00,CDLX
107.66,107.66,107.44,107.485,5570,2021-06-10 19:57:00,CDLX
107.43,107.56,107.3,107.45,4386,2021-06-10 19:58:00,CDLX
107.46,107.57,107.3,107.57,3656,2021-06-10 19:59:00,CDLX
107.59,107.59,107.59,107.59,16039,2021-06-10 20:00:00,CDLX
108.16,108.16,108.16,108.16,1090,2021-06-11 13:30:00,CDLX
108.005,108.26,107.59,107.945,400,2021-06-11 13:33:00,CDLX
108.26,108.38,107.65,107.865,1100,2021-06-11 13:34:00,CDLX
107.6,108.6,107.6,108.46,2033,2021-06-11 13:35:00,CDLX
108.53,108.57,108.02,108.57,1400,2021-06-11 13:36:00,CDLX
108.76,108.76,108.41,108.41,500,2021-06-11 13:37:00,CDLX
108.3,108.66,108.3,108.66,600,2021-06-11 13:38:00,CDLX
108.31,108.31,108.3,108.3,878,2021-06-11 13:39:00,CDLX
108.75,108.75,108.51,108.75,1280,2021-06-11 13:40:00,CDLX
108.315,108.64,108.315,108.64,800,2021-06-11 13:42:00,CDLX
108.77,109.92,108.77,109.82,3100,2021-06-11 13:43:00,CDLX
109.2,109.69,109.2,109.5,1540,2021-06-11 13:44:00,CDLX
109.67,109.72,109.39,109.39,800,2021-06-11 13:45:00,CDLX
109.1,109.37,109.1,109.25,1348,2021-06-11 13:46:00,CDLX
109.51,109.529,109.51,109.51,300,2021-06-11 13:47:00,CDLX
109.68,109.68,109.28,109.28,546,2021-06-11 13:48:00,CDLX
109.635,109.635,109.635,109.635,150,2021-06-11 13:53:00,CDLX
109.635,109.635,109.635,109.635,300,2021-06-11 13:54:00,CDLX
109.77,109.905,109.77,109.905,200,2021-06-11 13:55:00,CDLX
109.915,110.0,109.69,109.85,1250,2021-06-11 13:56:00,CDLX
109.85,109.895,109.85,109.895,500,2021-06-11 13:58:00,CDLX
110.12,110.12,110.12,110.12,100,2021-06-11 13:59:00,CDLX
110.435,110.67,110.435,110.67,200,2021-06-11 14:00:00,CDLX
109.89,109.97,109.89,109.97,600,2021-06-11 14:03:00,CDLX
109.705,109.94,109.705,109.94,700,2021-06-11 14:04:00,CDLX
109.94,110.03,109.67,109.845,2400,2021-06-11 14:05:00,CDLX
109.82,110.02,109.74,109.97,700,2021-06-11 14:07:00,CDLX
109.99,110.11,109.89,110.11,2970,2021-06-11 14:08:00,CDLX
110.06,110.06,110.02,110.02,500,2021-06-11 14:09:00,CDLX
110.03,110.21,110.03,110.21,303,2021-06-11 14:14:00,CDLX
110.31,110.38,110.31,110.37,400,2021-06-11 14:15:00,CDLX
110.38,110.38,110.38,110.38,100,2021-06-11 14:16:00,CDLX
110.31,110.31,110.31,110.31,100,2021-06-11 14:17:00,CDLX
109.925,109.925,109.925,109.925,100,2021-06-11 14:18:00,CDLX
109.705,109.705,109.705,109.705,100,2021-06-11 14:19:00,CDLX
109.765,109.88,109.765,109.88,200,2021-06-11 14:21:00,CDLX
109.98,109.99,109.8312,109.99,335,2021-06-11 14:22:00,CDLX
110.09,110.09,110.09,110.09,100,2021-06-11 14:23:00,CDLX
110.03,110.03,110.03,110.03,100,2021-06-11 14:24:00,CDLX
110.0,110.0,109.86,109.86,200,2021-06-11 14:25:00,CDLX
110.195,110.195,110.195,110.195,100,2021-06-11 14:26:00,CDLX
110.25,110.25,110.25,110.25,100,2021-06-11 14:27:00,CDLX
110.53,110.66,110.53,110.66,381,2021-06-11 14:28:00,CDLX
110.97,110.97,110.97,110.97,100,2021-06-11 14:29:00,CDLX
110.805,110.805,110.805,110.805,100,2021-06-11 14:33:00,CDLX
110.805,110.805,110.805,110.805,100,2021-06-11 14:35:00,CDLX
110.73,110.73,110.73,110.73,100,2021-06-11 14:37:00,CDLX
110.67,110.67,110.67,110.67,1135,2021-06-11 14:38:00,CDLX
110.67,111.05,110.67,111.05,1427,2021-06-11 14:39:00,CDLX
111.09,111.12,111.09,111.12,200,2021-06-11 14:40:00,CDLX
111.29,111.29,111.29,111.29,100,2021-06-11 14:41:00,CDLX
111.295,111.295,111.2,111.2,450,2021-06-11 14:42:00,CDLX
111.1,111.1,110.895,110.895,1505,2021-06-11 14:43:00,CDLX
111.0,111.0,110.885,110.9,1900,2021-06-11 14:45:00,CDLX
111.12,111.12,110.64,110.84,4042,2021-06-11 14:47:00,CDLX
110.97,110.98,110.64,110.64,902,2021-06-11 14:48:00,CDLX
110.41,110.41,109.77,109.77,2800,2021-06-11 14:49:00,CDLX
110.34,110.44,110.16,110.44,1600,2021-06-11 14:50:00,CDLX
110.48,110.48,110.48,110.48,100,2021-06-11 14:52:00,CDLX
110.68,110.68,110.55,110.55,1000,2021-06-11 14:53:00,CDLX
110.68,110.68,110.68,110.68,500,2021-06-11 14:54:00,CDLX
110.485,110.485,110.28,110.28,605,2021-06-11 14:55:00,CDLX
110.225,110.35,110.1,110.1,600,2021-06-11 14:56:00,CDLX
110.18,110.18,110.18,110.18,100,2021-06-11 14:58:00,CDLX
110.205,110.205,109.96,109.96,300,2021-06-11 14:59:00,CDLX
109.975,109.975,109.975,109.975,100,2021-06-11 15:00:00,CDLX
110.17,110.17,110.17,110.17,200,2021-06-11 15:02:00,CDLX
110.0,110.15,109.91,110.15,359,2021-06-11 15:05:00,CDLX
110.3,110.3,110.3,110.3,300,2021-06-11 15:07:00,CDLX
110.23,110.41,110.23,110.41,400,2021-06-11 15:08:00,CDLX
110.42,110.5,110.25,110.5,2735,2021-06-11 15:09:00,CDLX
110.5,110.5,110.045,110.18,4968,2021-06-11 15:10:00,CDLX
110.4,110.41,110.11,110.11,998,2021-06-11 15:11:00,CDLX
110.13,110.13,110.13,110.13,100,2021-06-11 15:12:00,CDLX
110.55,110.55,110.12,110.3,1119,2021-06-11 15:13:00,CDLX
110.25,110.3,110.1475,110.3,700,2021-06-11 15:14:00,CDLX
110.21,110.35,110.21,110.35,200,2021-06-11 15:15:00,CDLX
110.11,110.165,110.11,110.165,400,2021-06-11 15:19:00,CDLX
110.225,110.225,110.22,110.22,900,2021-06-11 15:22:00,CDLX
110.07,110.31,110.07,110.09,600,2021-06-11 15:23:00,CDLX
110.2,110.48,110.2,110.35,2500,2021-06-11 15:24:00,CDLX
110.43,110.48,110.35,110.35,900,2021-06-11 15:25:00,CDLX
110.35,110.6,110.33,110.6,2090,2021-06-11 15:26:00,CDLX
110.495,110.495,110.495,110.495,100,2021-06-11 15:27:00,CDLX
110.535,110.6,110.535,110.6,400,2021-06-11 15:28:00,CDLX
110.48,110.48,110.47,110.47,200,2021-06-11 15:30:00,CDLX
110.62,110.62,110.62,110.62,100,2021-06-11 15:31:00,CDLX
110.48,110.48,110.36,110.36,200,2021-06-11 15:32:00,CDLX
110.39,110.39,110.39,110.39,100,2021-06-11 15:37:00,CDLX
110.3,110.3,110.03,110.03,1400,2021-06-11 15:38:00,CDLX
109.95,110.02,109.89,110.01,2500,2021-06-11 15:39:00,CDLX
109.95,109.95,109.95,109.95,100,2021-06-11 15:40:00,CDLX
110.11,110.23,110.11,110.23,500,2021-06-11 15:41:00,CDLX
110.34,110.61,110.28,110.505,3200,2021-06-11 15:43:00,CDLX
110.5,110.5,110.38,110.49,658,2021-06-11 15:44:00,CDLX
110.58,110.66,110.47,110.66,500,2021-06-11 15:45:00,CDLX
110.67,110.85,110.57,110.57,1600,2021-06-11 15:46:00,CDLX
110.52,110.52,110.39,110.52,1026,2021-06-11 15:47:00,CDLX
110.5,110.5,110.38,110.5,600,2021-06-11 15:48:00,CDLX
110.53,110.78,110.45,110.78,1200,2021-06-11 15:49:00,CDLX
110.79,110.79,110.53,110.53,300,2021-06-11 15:50:00,CDLX
110.46,110.67,110.46,110.67,2850,2021-06-11 15:51:00,CDLX
110.53,110.6,110.53,110.6,200,2021-06-11 15:52:00,CDLX
110.695,110.97,110.585,110.97,1642,2021-06-11 15:54:00,CDLX
110.855,110.94,110.855,110.91,500,2021-06-11 15:55:00,CDLX
111.105,111.105,111.105,111.105,100,2021-06-11 15:56:00,CDLX
111.14,111.46,111.14,111.24,500,2021-06-11 15:58:00,CDLX
111.3,111.3,111.3,111.3,100,2021-06-11 15:59:00,CDLX
111.31,111.31,111.23,111.23,200,2021-06-11 16:00:00,CDLX
111.365,111.365,111.365,111.365,100,2021-06-11 16:02:00,CDLX
111.365,111.43,111.26,111.33,1206,2021-06-11 16:04:00,CDLX
111.35,111.35,111.35,111.35,200,2021-06-11 16:05:00,CDLX
111.35,111.46,111.35,111.46,1900,2021-06-11 16:06:00,CDLX
111.45,111.49,111.31,111.31,600,2021-06-11 16:07:00,CDLX
111.44,111.44,111.44,111.44,100,2021-06-11 16:09:00,CDLX
111.415,111.415,111.415,111.415,100,2021-06-11 16:10:00,CDLX
111.415,111.415,111.415,111.415,100,2021-06-11 16:11:00,CDLX
111.505,111.505,111.505,111.505,250,2021-06-11 16:14:00,CDLX
111.45,111.45,111.43,111.43,300,2021-06-11 16:16:00,CDLX
111.33,111.33,111.33,111.33,100,2021-06-11 16:17:00,CDLX
111.48,111.48,111.23,111.23,500,2021-06-11 16:19:00,CDLX
111.3164,111.3164,111.3164,111.3164,550,2021-06-11 16:20:00,CDLX
111.1426,111.22,111.1426,111.22,300,2021-06-11 16:21:00,CDLX
110.95,110.95,110.93,110.93,300,2021-06-11 16:24:00,CDLX
110.81,110.81,110.7,110.7,600,2021-06-11 16:27:00,CDLX
110.65,110.65,110.48,110.58,500,2021-06-11 16:28:00,CDLX
110.54,110.57,110.54,110.57,200,2021-06-11 16:30:00,CDLX
110.6,110.78,110.6,110.78,700,2021-06-11 16:33:00,CDLX
110.79,110.79,110.79,110.79,300,2021-06-11 16:34:00,CDLX
111.15,111.15,110.89,110.89,200,2021-06-11 16:37:00,CDLX
111.15,111.15,111.15,111.15,100,2021-06-11 16:38:00,CDLX
111.14,111.14,111.0,111.035,600,2021-06-11 16:39:00,CDLX
111.14,111.14,111.14,111.14,200,2021-06-11 16:40:00,CDLX
111.03,111.03,110.92,111.01,600,2021-06-11 16:41:00,CDLX
110.89,110.89,110.89,110.89,100,2021-06-11 16:43:00,CDLX
110.985,110.985,110.985,110.985,100,2021-06-11 16:44:00,CDLX
110.87,110.87,110.87,110.87,100,2021-06-11 16:45:00,CDLX
110.975,111.09,110.89,111.09,500,2021-06-11 16:47:00,CDLX
111.11,111.12,111.01,111.12,500,2021-06-11 16:48:00,CDLX
111.05,111.05,111.05,111.05,100,2021-06-11 16:49:00,CDLX
111.03,111.03,111.03,111.03,100,2021-06-11 16:51:00,CDLX
111.17,111.32,111.09,111.195,2300,2021-06-11 16:52:00,CDLX
111.32,111.33,111.32,111.33,200,2021-06-11 16:53:00,CDLX
111.39,111.75,111.35,111.75,2753,2021-06-11 16:54:00,CDLX
111.88,111.88,111.729,111.729,300,2021-06-11 16:56:00,CDLX
111.71,111.71,111.71,111.71,100,2021-06-11 16:58:00,CDLX
111.9,111.9,111.83,111.83,400,2021-06-11 16:59:00,CDLX
111.77,111.77,111.77,111.77,100,2021-06-11 17:01:00,CDLX
111.64,111.64,111.64,111.64,100,2021-06-11 17:02:00,CDLX
111.56,111.56,111.42,111.42,300,2021-06-11 17:03:00,CDLX
111.56,111.71,111.56,111.71,400,2021-06-11 17:04:00,CDLX
111.685,111.685,111.685,111.685,100,2021-06-11 17:05:00,CDLX
111.58,111.79,111.58,111.675,366,2021-06-11 17:07:00,CDLX
111.55,111.55,111.5,111.5,300,2021-06-11 17:08:00,CDLX
111.51,111.51,111.51,111.51,100,2021-06-11 17:09:00,CDLX
111.8,112.19,111.8,112.19,500,2021-06-11 17:13:00,CDLX
112.19,112.19,112.19,112.19,100,2021-06-11 17:14:00,CDLX
112.035,112.035,112.02,112.02,300,2021-06-11 17:15:00,CDLX
112.02,112.035,111.92,111.92,300,2021-06-11 17:16:00,CDLX
111.93,111.93,111.93,111.93,100,2021-06-11 17:18:00,CDLX
112.17,112.33,112.17,112.33,521,2021-06-11 17:20:00,CDLX
112.315,112.44,112.315,112.44,200,2021-06-11 17:22:00,CDLX
112.42,112.42,112.21,112.21,200,2021-06-11 17:23:00,CDLX
112.18,112.38,112.17,112.29,1401,2021-06-11 17:24:00,CDLX
112.41,112.41,112.305,112.34,587,2021-06-11 17:25:00,CDLX
112.35,112.5,112.3,112.41,600,2021-06-11 17:26:00,CDLX
112.36,112.46,112.29,112.38,1100,2021-06-11 17:28:00,CDLX
112.44,112.46,112.38,112.38,400,2021-06-11 17:29:00,CDLX
112.54,112.76,112.51,112.76,2327,2021-06-11 17:31:00,CDLX
112.55,112.64,112.43,112.435,940,2021-06-11 17:34:00,CDLX
112.41,112.54,112.41,112.53,651,2021-06-11 17:35:00,CDLX
112.44,112.47,112.44,112.47,200,2021-06-11 17:36:00,CDLX
112.41,112.5,112.295,112.5,3837,2021-06-11 17:37:00,CDLX
112.5,112.6,112.44,112.6,6871,2021-06-11 17:38:00,CDLX
112.66,112.7,112.44,112.45,2044,2021-06-11 17:39:00,CDLX
112.32,112.32,112.32,112.32,400,2021-06-11 17:41:00,CDLX
112.41,112.48,112.41,112.48,200,2021-06-11 17:42:00,CDLX
112.385,112.385,112.385,112.385,100,2021-06-11 17:43:00,CDLX
112.3083,112.3083,112.295,112.295,300,2021-06-11 17:44:00,CDLX
112.385,112.385,112.385,112.385,200,2021-06-11 17:45:00,CDLX
112.29,112.3,112.15,112.15,1000,2021-06-11 17:46:00,CDLX
112.225,112.23,112.225,112.23,200,2021-06-11 17:47:00,CDLX
112.29,112.64,112.29,112.64,400,2021-06-11 17:48:00,CDLX
112.515,112.515,112.515,112.515,100,2021-06-11 17:49:00,CDLX
112.5,112.5,112.43,112.43,300,2021-06-11 17:51:00,CDLX
112.7399,112.7399,112.7399,112.7399,100,2021-06-11 17:52:00,CDLX
112.44,112.61,112.43,112.505,918,2021-06-11 17:53:00,CDLX
112.42,112.6,112.402,112.43,2916,2021-06-11 17:54:00,CDLX
112.43,112.49,112.4,112.49,400,2021-06-11 17:55:00,CDLX
112.44,112.44,112.44,112.44,100,2021-06-11 17:56:00,CDLX
112.475,112.475,112.4,112.43,600,2021-06-11 17:57:00,CDLX
112.38,112.38,112.3,112.31,800,2021-06-11 17:58:00,CDLX
112.45,112.47,112.38,112.47,500,2021-06-11 18:01:00,CDLX
112.54,112.54,112.36,112.41,1250,2021-06-11 18:03:00,CDLX
112.31,112.6,112.31,112.6,1300,2021-06-11 18:04:00,CDLX
112.655,112.76,112.57,112.6,500,2021-06-11 18:05:00,CDLX
112.73,112.73,112.56,112.59,900,2021-06-11 18:06:00,CDLX
112.62,112.62,112.55,112.62,500,2021-06-11 18:08:00,CDLX
112.475,112.475,112.475,112.475,100,2021-06-11 18:09:00,CDLX
112.525,112.62,112.48,112.48,575,2021-06-11 18:11:00,CDLX
112.53,112.53,112.53,112.53,100,2021-06-11 18:12:00,CDLX
112.53,112.82,112.53,112.82,500,2021-06-11 18:13:00,CDLX
112.76,112.84,112.73,112.84,1359,2021-06-11 18:14:00,CDLX
112.75,112.83,112.59,112.695,2200,2021-06-11 18:15:00,CDLX
112.59,113.0,112.59,113.0,500,2021-06-11 18:16:00,CDLX
112.83,112.83,112.83,112.83,100,2021-06-11 18:17:00,CDLX
112.83,112.93,112.83,112.93,200,2021-06-11 18:19:00,CDLX
112.825,112.93,112.72,112.74,900,2021-06-11 18:21:00,CDLX
112.86,112.88,112.805,112.805,900,2021-06-11 18:22:00,CDLX
112.75,112.75,112.7,112.7,400,2021-06-11 18:23:00,CDLX
112.7,112.7,112.7,112.7,100,2021-06-11 18:24:00,CDLX
112.71,112.9,112.71,112.895,800,2021-06-11 18:25:00,CDLX
112.8,112.82,112.66,112.66,1200,2021-06-11 18:26:00,CDLX
112.735,112.735,112.735,112.735,100,2021-06-11 18:27:00,CDLX
112.64,112.95,112.43,112.535,16187,2021-06-11 18:28:00,CDLX
112.44,112.45,112.33,112.33,1707,2021-06-11 18:29:00,CDLX
112.42,112.42,112.32,112.32,200,2021-06-11 18:30:00,CDLX
112.28,112.28,112.28,112.28,257,2021-06-11 18:31:00,CDLX
112.27,112.35,112.17,112.17,2600,2021-06-11 18:32:00,CDLX
111.98,112.0,111.62,111.62,2055,2021-06-11 18:33:00,CDLX
111.66,111.66,111.53,111.53,400,2021-06-11 18:34:00,CDLX
111.52,111.52,111.52,111.52,100,2021-06-11 18:35:00,CDLX
111.52,111.68,111.52,111.68,200,2021-06-11 18:38:00,CDLX
111.62,111.62,111.24,111.24,1600,2021-06-11 18:39:00,CDLX
111.19,111.19,110.98,110.98,300,2021-06-11 18:40:00,CDLX
111.06,111.06,111.06,111.06,200,2021-06-11 18:41:00,CDLX
111.18,111.34,111.17,111.34,1100,2021-06-11 18:42:00,CDLX
111.2996,111.2996,111.2996,111.2996,100,2021-06-11 18:43:00,CDLX
111.574,111.574,111.574,111.574,100,2021-06-11 18:44:00,CDLX
111.59,111.59,111.59,111.59,100,2021-06-11 18:45:00,CDLX
111.46,111.46,111.46,111.46,100,2021-06-11 18:46:00,CDLX
111.46,111.46,111.46,111.46,250,2021-06-11 18:47:00,CDLX
111.47,111.47,111.47,111.47,100,2021-06-11 18:48:00,CDLX
111.35,111.35,111.34,111.34,700,2021-06-11 18:51:00,CDLX
111.42,111.47,111.42,111.47,200,2021-06-11 18:53:00,CDLX
111.5,111.61,111.5,111.54,559,2021-06-11 18:54:00,CDLX
111.64,111.94,111.64,111.68,1949,2021-06-11 18:55:00,CDLX
111.68,111.68,111.6,111.656,800,2021-06-11 18:56:00,CDLX
111.58,111.58,111.53,111.53,300,2021-06-11 18:57:00,CDLX
111.53,111.53,111.53,111.53,300,2021-06-11 18:59:00,CDLX
111.6,111.62,111.56,111.57,400,2021-06-11 19:00:00,CDLX
111.74,111.74,111.67,111.67,200,2021-06-11 19:01:00,CDLX
111.63,111.65,111.5,111.5,300,2021-06-11 19:02:00,CDLX
111.64,111.64,111.64,111.64,100,2021-06-11 19:03:00,CDLX
111.54,111.65,111.115,111.115,3900,2021-06-11 19:04:00,CDLX
111.12,111.355,111.12,111.355,1952,2021-06-11 19:05:00,CDLX
111.385,111.63,111.385,111.63,800,2021-06-11 19:06:00,CDLX
111.72,111.745,111.72,111.745,400,2021-06-11 19:07:00,CDLX
111.86,111.86,111.755,111.755,200,2021-06-11 19:08:00,CDLX
111.98,111.98,111.76,111.76,804,2021-06-11 19:09:00,CDLX
111.98,111.98,111.88,111.88,800,2021-06-11 19:10:00,CDLX
111.85,111.87,111.73,111.87,1028,2021-06-11 19:11:00,CDLX
111.89,111.89,111.89,111.89,150,2021-06-11 19:12:00,CDLX
111.83,111.83,111.8,111.82,427,2021-06-11 19:13:00,CDLX
111.73,111.73,111.73,111.73,100,2021-06-11 19:14:00,CDLX
111.73,111.765,111.73,111.765,200,2021-06-11 19:15:00,CDLX
111.62,111.765,111.62,111.765,250,2021-06-11 19:16:00,CDLX
111.91,111.95,111.825,111.83,500,2021-06-11 19:17:00,CDLX
111.88,111.9,111.82,111.87,500,2021-06-11 19:18:00,CDLX
111.92,111.92,111.89,111.89,200,2021-06-11 19:19:00,CDLX
111.95,111.95,111.62,111.62,1400,2021-06-11 19:20:00,CDLX
111.63,111.785,111.63,111.78,400,2021-06-11 19:21:00,CDLX
111.86,111.86,111.7875,111.7875,200,2021-06-11 19:22:00,CDLX
111.65,111.72,111.65,111.72,200,2021-06-11 19:24:00,CDLX
111.72,111.76,111.69,111.69,300,2021-06-11 19:25:00,CDLX
111.85,111.86,111.63,111.63,903,2021-06-11 19:26:00,CDLX
111.7,111.7,111.7,111.7,100,2021-06-11 19:29:00,CDLX
111.72,111.72,111.72,111.72,100,2021-06-11 19:30:00,CDLX
111.9,111.9,111.9,111.9,100,2021-06-11 19:31:00,CDLX
111.975,111.975,111.975,111.975,200,2021-06-11 19:32:00,CDLX
111.91,112.07,111.9,112.01,1500,2021-06-11 19:33:00,CDLX
112.2,112.3092,112.08,112.125,3028,2021-06-11 19:34:00,CDLX
112.21,112.34,112.155,112.155,700,2021-06-11 19:35:00,CDLX
112.185,112.27,112.185,112.2,600,2021-06-11 19:36:00,CDLX
112.185,112.185,112.1,112.145,696,2021-06-11 19:37:00,CDLX
112.03,112.03,112.03,112.03,359,2021-06-11 19:38:00,CDLX
112.125,112.29,112.125,112.22,3000,2021-06-11 19:39:00,CDLX
112.27,112.29,112.27,112.29,900,2021-06-11 19:40:00,CDLX
112.33,112.33,112.24,112.3,1595,2021-06-11 19:41:00,CDLX
112.2463,112.305,112.23,112.3,2621,2021-06-11 19:42:00,CDLX
112.275,112.275,112.275,112.275,400,2021-06-11 19:43:00,CDLX
112.37,112.58,112.33,112.53,1900,2021-06-11 19:44:00,CDLX
112.44,112.6,112.44,112.52,800,2021-06-11 19:45:00,CDLX
112.44,112.44,112.33,112.335,1727,2021-06-11 19:46:00,CDLX
112.3399,112.3399,112.33,112.33,414,2021-06-11 19:47:00,CDLX
112.33,112.35,112.105,112.11,1369,2021-06-11 19:48:00,CDLX
112.16,112.33,112.07,112.33,1546,2021-06-11 19:49:00,CDLX
112.29,112.32,112.28,112.29,1000,2021-06-11 19:50:00,CDLX
112.31,112.47,112.31,112.47,700,2021-06-11 19:51:00,CDLX
112.37,112.41,112.235,112.235,1419,2021-06-11 19:52:00,CDLX
112.21,112.42,112.2,112.42,1808,2021-06-11 19:53:00,CDLX
112.44,112.51,112.35,112.445,1300,2021-06-11 19:54:00,CDLX
112.4,112.41,112.25,112.29,5677,2021-06-11 19:55:00,CDLX
112.35,112.53,112.29,112.53,1400,2021-06-11 19:56:00,CDLX
112.41,112.47,112.33,112.38,2470,2021-06-11 19:57:00,CDLX
112.395,112.46,112.24,112.3,4626,2021-06-11 19:58:00,CDLX
112.28,112.6,112.28,112.57,4787,2021-06-11 19:59:00,CDLX
112.47,112.47,112.47,112.47,12362,2021-06-11 20:00:00,CDLX
