open,high,low,close,volume,datetime,symbol
1.38,1.38,1.38,1.38,719,2021-07-01 08:29:00,SRGA
1.39,1.39,1.39,1.39,181,2021-07-01 10:21:00,SRGA
1.39,1.39,1.37,1.37,2781,2021-07-01 10:35:00,SRGA
1.36,1.36,1.36,1.36,100,2021-07-01 10:36:00,SRGA
1.4,1.4,1.4,1.4,249,2021-07-01 11:44:00,SRGA
1.4,1.4,1.4,1.4,100,2021-07-01 11:49:00,SRGA
1.41,1.41,1.41,1.41,1000,2021-07-01 12:12:00,SRGA
1.4,1.4,1.4,1.4,100,2021-07-01 12:21:00,SRGA
1.39,1.39,1.39,1.39,200,2021-07-01 12:42:00,SRGA
1.39,1.39,1.39,1.39,1552,2021-07-01 13:07:00,SRGA
1.4,1.4,1.4,1.4,1000,2021-07-01 13:09:00,SRGA
1.4,1.4,1.4,1.4,1000,2021-07-01 13:14:00,SRGA
1.4,1.4,1.4,1.4,100,2021-07-01 13:22:00,SRGA
1.39,1.4,1.39,1.4,623,2021-07-01 13:25:00,SRGA
1.39,1.39,1.39,1.39,100,2021-07-01 13:29:00,SRGA
1.38,1.4,1.37,1.37,67329,2021-07-01 13:30:00,SRGA
1.37,1.3782,1.37,1.37,44090,2021-07-01 13:31:00,SRGA
1.375,1.38,1.37,1.3785,8424,2021-07-01 13:32:00,SRGA
1.38,1.385,1.3799,1.385,3800,2021-07-01 13:33:00,SRGA
1.383,1.39,1.38,1.39,4900,2021-07-01 13:34:00,SRGA
1.38,1.3838,1.375,1.38,34842,2021-07-01 13:35:00,SRGA
1.3799,1.3799,1.3773,1.3773,245,2021-07-01 13:36:00,SRGA
1.38,1.38,1.375,1.3784,25171,2021-07-01 13:37:00,SRGA
1.38,1.38,1.37,1.375,25800,2021-07-01 13:38:00,SRGA
1.38,1.38,1.375,1.3778,7100,2021-07-01 13:39:00,SRGA
1.38,1.38,1.38,1.38,2000,2021-07-01 13:40:00,SRGA
1.375,1.3782,1.37,1.37,2270,2021-07-01 13:41:00,SRGA
1.38,1.38,1.375,1.375,1408,2021-07-01 13:42:00,SRGA
1.37,1.38,1.37,1.37,24020,2021-07-01 13:43:00,SRGA
1.37,1.38,1.37,1.3798,6391,2021-07-01 13:45:00,SRGA
1.375,1.375,1.375,1.375,2400,2021-07-01 13:46:00,SRGA
1.379,1.379,1.3774,1.3774,464,2021-07-01 13:47:00,SRGA
1.375,1.3772,1.375,1.3772,410,2021-07-01 13:48:00,SRGA
1.3794,1.3794,1.37,1.37,1029,2021-07-01 13:49:00,SRGA
1.375,1.375,1.37,1.37,500,2021-07-01 13:50:00,SRGA
1.375,1.375,1.375,1.375,500,2021-07-01 13:51:00,SRGA
1.37,1.37,1.37,1.37,20400,2021-07-01 13:52:00,SRGA
1.37,1.38,1.37,1.3702,7736,2021-07-01 13:53:00,SRGA
1.375,1.375,1.37,1.37,250,2021-07-01 13:54:00,SRGA
1.3765,1.3765,1.3765,1.3765,388,2021-07-01 13:55:00,SRGA
1.375,1.38,1.375,1.38,600,2021-07-01 13:56:00,SRGA
1.375,1.38,1.375,1.38,2500,2021-07-01 13:57:00,SRGA
1.3701,1.375,1.37,1.375,10949,2021-07-01 13:58:00,SRGA
1.38,1.38,1.3705,1.3794,22600,2021-07-01 13:59:00,SRGA
1.38,1.38,1.3701,1.3701,1218,2021-07-01 14:00:00,SRGA
1.375,1.375,1.375,1.375,100,2021-07-01 14:01:00,SRGA
1.375,1.375,1.375,1.375,100,2021-07-01 14:02:00,SRGA
1.375,1.3793,1.37,1.375,5800,2021-07-01 14:03:00,SRGA
1.37,1.375,1.37,1.375,2747,2021-07-01 14:04:00,SRGA
1.375,1.38,1.37,1.375,1205,2021-07-01 14:05:00,SRGA
1.375,1.38,1.375,1.3799,3511,2021-07-01 14:06:00,SRGA
1.3766,1.3799,1.375,1.375,900,2021-07-01 14:07:00,SRGA
1.377,1.377,1.375,1.375,800,2021-07-01 14:08:00,SRGA
1.3754,1.3754,1.3701,1.3701,5251,2021-07-01 14:09:00,SRGA
1.375,1.38,1.37,1.375,10912,2021-07-01 14:10:00,SRGA
1.375,1.38,1.37,1.375,28600,2021-07-01 14:11:00,SRGA
1.375,1.3781,1.375,1.3781,1805,2021-07-01 14:12:00,SRGA
1.375,1.3777,1.375,1.375,5700,2021-07-01 14:13:00,SRGA
1.37,1.38,1.37,1.375,3973,2021-07-01 14:14:00,SRGA
1.375,1.38,1.375,1.375,1350,2021-07-01 14:15:00,SRGA
1.375,1.38,1.375,1.38,400,2021-07-01 14:16:00,SRGA
1.38,1.38,1.375,1.375,900,2021-07-01 14:17:00,SRGA
1.38,1.38,1.3701,1.38,6900,2021-07-01 14:18:00,SRGA
1.38,1.38,1.375,1.38,1800,2021-07-01 14:19:00,SRGA
1.38,1.38,1.375,1.38,900,2021-07-01 14:20:00,SRGA
1.38,1.38,1.375,1.38,1510,2021-07-01 14:21:00,SRGA
1.38,1.38,1.38,1.38,600,2021-07-01 14:22:00,SRGA
1.38,1.38,1.375,1.38,1300,2021-07-01 14:23:00,SRGA
1.38,1.38,1.37,1.38,1264,2021-07-01 14:24:00,SRGA
1.37,1.38,1.37,1.375,22433,2021-07-01 14:25:00,SRGA
1.38,1.38,1.37,1.38,8559,2021-07-01 14:26:00,SRGA
1.38,1.38,1.37,1.38,876,2021-07-01 14:27:00,SRGA
1.38,1.38,1.375,1.38,11962,2021-07-01 14:28:00,SRGA
1.38,1.385,1.373,1.38,38181,2021-07-01 14:29:00,SRGA
1.385,1.3869,1.38,1.385,22062,2021-07-01 14:30:00,SRGA
1.385,1.39,1.385,1.385,4200,2021-07-01 14:31:00,SRGA
1.385,1.385,1.385,1.385,200,2021-07-01 14:32:00,SRGA
1.385,1.385,1.385,1.385,100,2021-07-01 14:33:00,SRGA
1.385,1.39,1.3839,1.3839,17879,2021-07-01 14:34:00,SRGA
1.3899,1.3899,1.3899,1.3899,100,2021-07-01 14:35:00,SRGA
1.385,1.385,1.3829,1.385,4100,2021-07-01 14:36:00,SRGA
1.3826,1.385,1.3826,1.385,1050,2021-07-01 14:37:00,SRGA
1.385,1.39,1.385,1.385,2500,2021-07-01 14:38:00,SRGA
1.385,1.39,1.385,1.385,1300,2021-07-01 14:39:00,SRGA
1.39,1.39,1.38,1.385,1400,2021-07-01 14:40:00,SRGA
1.39,1.39,1.385,1.385,1198,2021-07-01 14:41:00,SRGA
1.39,1.39,1.38,1.385,1700,2021-07-01 14:42:00,SRGA
1.39,1.39,1.3832,1.385,2100,2021-07-01 14:43:00,SRGA
1.3875,1.39,1.385,1.39,3300,2021-07-01 14:44:00,SRGA
1.385,1.39,1.38,1.385,5100,2021-07-01 14:45:00,SRGA
1.39,1.39,1.385,1.39,500,2021-07-01 14:46:00,SRGA
1.39,1.39,1.3833,1.39,700,2021-07-01 14:47:00,SRGA
1.385,1.385,1.3833,1.385,1000,2021-07-01 14:48:00,SRGA
1.39,1.39,1.385,1.385,2600,2021-07-01 14:49:00,SRGA
1.385,1.39,1.38,1.39,252282,2021-07-01 14:50:00,SRGA
1.39,1.4,1.385,1.4,18987,2021-07-01 14:51:00,SRGA
1.4,1.4,1.3901,1.395,12640,2021-07-01 14:52:00,SRGA
1.395,1.395,1.395,1.395,1100,2021-07-01 14:53:00,SRGA
1.3901,1.3932,1.3901,1.3932,5624,2021-07-01 14:54:00,SRGA
1.395,1.395,1.395,1.395,700,2021-07-01 14:56:00,SRGA
1.395,1.395,1.38,1.385,77584,2021-07-01 14:58:00,SRGA
1.385,1.3889,1.38,1.385,39423,2021-07-01 15:01:00,SRGA
1.385,1.39,1.3838,1.39,82650,2021-07-01 15:02:00,SRGA
1.39,1.39,1.39,1.39,100,2021-07-01 15:03:00,SRGA
1.389,1.389,1.38,1.385,400,2021-07-01 15:04:00,SRGA
1.39,1.395,1.39,1.395,5607,2021-07-01 15:05:00,SRGA
1.4,1.4,1.3939,1.3939,4828,2021-07-01 15:06:00,SRGA
1.395,1.4,1.395,1.4,1200,2021-07-01 15:08:00,SRGA
1.3901,1.4,1.3901,1.4,4270,2021-07-01 15:09:00,SRGA
1.4,1.4,1.392,1.4,13100,2021-07-01 15:10:00,SRGA
1.4,1.4,1.395,1.4,600,2021-07-01 15:11:00,SRGA
1.395,1.4,1.392,1.4,11000,2021-07-01 15:12:00,SRGA
1.4,1.4,1.395,1.395,800,2021-07-01 15:13:00,SRGA
1.395,1.4,1.395,1.4,800,2021-07-01 15:14:00,SRGA
1.3932,1.4,1.3932,1.4,1230,2021-07-01 15:15:00,SRGA
1.395,1.415,1.395,1.415,52386,2021-07-01 15:16:00,SRGA
1.415,1.4155,1.4101,1.4101,7200,2021-07-01 15:17:00,SRGA
1.415,1.42,1.41,1.4127,12044,2021-07-01 15:18:00,SRGA
1.415,1.415,1.4,1.405,85916,2021-07-01 15:19:00,SRGA
1.4,1.4,1.4,1.4,200,2021-07-01 15:20:00,SRGA
1.4,1.4,1.4,1.4,11299,2021-07-01 15:21:00,SRGA
1.4,1.4001,1.395,1.395,20797,2021-07-01 15:22:00,SRGA
1.391,1.395,1.39,1.395,4000,2021-07-01 15:25:00,SRGA
1.395,1.4,1.3901,1.395,11110,2021-07-01 15:26:00,SRGA
1.4,1.4,1.39,1.39,3100,2021-07-01 15:27:00,SRGA
1.3907,1.3972,1.3907,1.3972,1303,2021-07-01 15:28:00,SRGA
1.397,1.3977,1.39,1.395,2400,2021-07-01 15:29:00,SRGA
1.395,1.395,1.39,1.395,900,2021-07-01 15:30:00,SRGA
1.395,1.4,1.39,1.4,28603,2021-07-01 15:31:00,SRGA
1.395,1.4,1.39,1.395,17177,2021-07-01 15:32:00,SRGA
1.395,1.405,1.395,1.405,29818,2021-07-01 15:33:00,SRGA
1.405,1.4182,1.405,1.4182,17845,2021-07-01 15:34:00,SRGA
1.415,1.42,1.41,1.415,15455,2021-07-01 15:35:00,SRGA
1.4101,1.415,1.4101,1.4124,11150,2021-07-01 15:36:00,SRGA
1.42,1.42,1.415,1.415,12251,2021-07-01 15:37:00,SRGA
1.415,1.418,1.415,1.418,2800,2021-07-01 15:38:00,SRGA
1.415,1.425,1.415,1.4201,25154,2021-07-01 15:39:00,SRGA
1.425,1.427,1.42,1.425,21581,2021-07-01 15:40:00,SRGA
1.425,1.425,1.42,1.425,6039,2021-07-01 15:41:00,SRGA
1.43,1.43,1.425,1.425,8400,2021-07-01 15:42:00,SRGA
1.425,1.43,1.425,1.43,10500,2021-07-01 15:43:00,SRGA
1.425,1.43,1.41,1.41,46548,2021-07-01 15:44:00,SRGA
1.41,1.41,1.4,1.405,12738,2021-07-01 15:45:00,SRGA
1.4031,1.415,1.4,1.415,40643,2021-07-01 15:46:00,SRGA
1.415,1.42,1.41,1.415,14938,2021-07-01 15:47:00,SRGA
1.415,1.415,1.41,1.415,1641,2021-07-01 15:48:00,SRGA
1.415,1.415,1.415,1.415,300,2021-07-01 15:49:00,SRGA
1.415,1.4175,1.415,1.4175,5500,2021-07-01 15:51:00,SRGA
1.4101,1.415,1.41,1.41,3300,2021-07-01 15:52:00,SRGA
1.415,1.415,1.415,1.415,500,2021-07-01 15:53:00,SRGA
1.4178,1.4178,1.415,1.415,1500,2021-07-01 15:54:00,SRGA
1.41,1.41,1.41,1.41,250,2021-07-01 15:55:00,SRGA
1.41,1.415,1.41,1.415,1500,2021-07-01 15:56:00,SRGA
1.4101,1.42,1.41,1.415,22205,2021-07-01 15:57:00,SRGA
1.415,1.415,1.4133,1.4137,1300,2021-07-01 15:58:00,SRGA
1.415,1.4175,1.415,1.4175,300,2021-07-01 15:59:00,SRGA
1.4151,1.42,1.41,1.41,2550,2021-07-01 16:00:00,SRGA
1.415,1.4199,1.415,1.415,5500,2021-07-01 16:01:00,SRGA
1.4142,1.42,1.4132,1.4132,6500,2021-07-01 16:02:00,SRGA
1.415,1.42,1.41,1.4199,3759,2021-07-01 16:03:00,SRGA
1.415,1.42,1.41,1.41,1781,2021-07-01 16:04:00,SRGA
1.4169,1.4169,1.415,1.415,400,2021-07-01 16:05:00,SRGA
1.415,1.415,1.41,1.415,10938,2021-07-01 16:06:00,SRGA
1.415,1.415,1.41,1.415,5400,2021-07-01 16:07:00,SRGA
1.415,1.42,1.415,1.42,1899,2021-07-01 16:08:00,SRGA
1.415,1.415,1.415,1.415,1100,2021-07-01 16:09:00,SRGA
1.415,1.415,1.415,1.415,100,2021-07-01 16:10:00,SRGA
1.42,1.42,1.41,1.415,12985,2021-07-01 16:11:00,SRGA
1.411,1.415,1.41,1.415,6959,2021-07-01 16:12:00,SRGA
1.4199,1.4199,1.415,1.415,1100,2021-07-01 16:14:00,SRGA
1.415,1.415,1.415,1.415,400,2021-07-01 16:15:00,SRGA
1.415,1.415,1.415,1.415,200,2021-07-01 16:17:00,SRGA
1.41,1.41,1.41,1.41,1114,2021-07-01 16:19:00,SRGA
1.41,1.415,1.41,1.41,800,2021-07-01 16:20:00,SRGA
1.415,1.42,1.41,1.42,800,2021-07-01 16:21:00,SRGA
1.415,1.415,1.4132,1.4132,200,2021-07-01 16:22:00,SRGA
1.415,1.42,1.415,1.415,4046,2021-07-01 16:23:00,SRGA
1.415,1.4171,1.415,1.415,3100,2021-07-01 16:24:00,SRGA
1.415,1.415,1.415,1.415,200,2021-07-01 16:25:00,SRGA
1.415,1.415,1.41,1.41,600,2021-07-01 16:26:00,SRGA
1.4125,1.415,1.41,1.415,2694,2021-07-01 16:27:00,SRGA
1.4101,1.42,1.4101,1.415,8174,2021-07-01 16:28:00,SRGA
1.41,1.41,1.41,1.41,700,2021-07-01 16:31:00,SRGA
1.4137,1.4137,1.41,1.41,687,2021-07-01 16:32:00,SRGA
1.415,1.415,1.415,1.415,1152,2021-07-01 16:33:00,SRGA
1.41,1.42,1.41,1.415,2151,2021-07-01 16:34:00,SRGA
1.415,1.415,1.41,1.41,200,2021-07-01 16:35:00,SRGA
1.41,1.415,1.41,1.415,200,2021-07-01 16:36:00,SRGA
1.41,1.415,1.41,1.4132,301,2021-07-01 16:37:00,SRGA
1.415,1.4175,1.41,1.4175,400,2021-07-01 16:38:00,SRGA
1.41,1.41,1.41,1.41,100,2021-07-01 16:40:00,SRGA
1.41,1.415,1.41,1.415,700,2021-07-01 16:41:00,SRGA
1.41,1.415,1.41,1.415,200,2021-07-01 16:42:00,SRGA
1.415,1.42,1.415,1.415,1500,2021-07-01 16:43:00,SRGA
1.415,1.415,1.41,1.415,1000,2021-07-01 16:44:00,SRGA
1.41,1.41,1.41,1.41,100,2021-07-01 16:46:00,SRGA
1.42,1.42,1.41,1.415,1165,2021-07-01 16:47:00,SRGA
1.415,1.42,1.41,1.41,400,2021-07-01 16:48:00,SRGA
1.415,1.415,1.415,1.415,217,2021-07-01 16:49:00,SRGA
1.415,1.415,1.41,1.41,200,2021-07-01 16:50:00,SRGA
1.415,1.415,1.41,1.41,500,2021-07-01 16:51:00,SRGA
1.4101,1.4101,1.4101,1.4101,200,2021-07-01 16:52:00,SRGA
1.41,1.4101,1.41,1.4101,2200,2021-07-01 16:53:00,SRGA
1.41,1.415,1.41,1.41,2469,2021-07-01 16:54:00,SRGA
1.41,1.41,1.41,1.41,400,2021-07-01 16:55:00,SRGA
1.41,1.415,1.41,1.415,400,2021-07-01 16:56:00,SRGA
1.41,1.42,1.41,1.415,18477,2021-07-01 16:57:00,SRGA
1.41,1.42,1.41,1.42,955,2021-07-01 16:58:00,SRGA
1.415,1.42,1.41,1.42,1700,2021-07-01 16:59:00,SRGA
1.41,1.41,1.41,1.41,100,2021-07-01 17:00:00,SRGA
1.41,1.415,1.41,1.415,1100,2021-07-01 17:01:00,SRGA
1.41,1.41,1.41,1.41,100,2021-07-01 17:02:00,SRGA
1.4101,1.415,1.4101,1.415,1757,2021-07-01 17:03:00,SRGA
1.41,1.42,1.41,1.42,400,2021-07-01 17:04:00,SRGA
1.41,1.415,1.41,1.41,1370,2021-07-01 17:05:00,SRGA
1.41,1.415,1.41,1.415,900,2021-07-01 17:06:00,SRGA
1.41,1.41,1.41,1.41,100,2021-07-01 17:07:00,SRGA
1.415,1.415,1.41,1.41,1800,2021-07-01 17:08:00,SRGA
1.415,1.4162,1.41,1.41,2600,2021-07-01 17:09:00,SRGA
1.415,1.415,1.415,1.415,1400,2021-07-01 17:10:00,SRGA
1.411,1.4162,1.41,1.415,7188,2021-07-01 17:11:00,SRGA
1.415,1.415,1.41,1.41,500,2021-07-01 17:12:00,SRGA
1.4126,1.4126,1.4126,1.4126,500,2021-07-01 17:13:00,SRGA
1.41,1.415,1.41,1.415,900,2021-07-01 17:14:00,SRGA
1.41,1.41,1.41,1.41,100,2021-07-01 17:15:00,SRGA
1.41,1.41,1.41,1.41,100,2021-07-01 17:16:00,SRGA
1.41,1.415,1.41,1.41,1000,2021-07-01 17:17:00,SRGA
1.41,1.415,1.41,1.415,200,2021-07-01 17:18:00,SRGA
1.415,1.415,1.41,1.41,800,2021-07-01 17:19:00,SRGA
1.41,1.415,1.41,1.415,344,2021-07-01 17:21:00,SRGA
1.41,1.415,1.41,1.415,4957,2021-07-01 17:22:00,SRGA
1.41,1.415,1.41,1.415,2200,2021-07-01 17:23:00,SRGA
1.41,1.41,1.41,1.41,500,2021-07-01 17:24:00,SRGA
1.41,1.41,1.41,1.41,100,2021-07-01 17:25:00,SRGA
1.41,1.41,1.41,1.41,100,2021-07-01 17:26:00,SRGA
1.41,1.41,1.41,1.41,500,2021-07-01 17:27:00,SRGA
1.41,1.41,1.41,1.41,100,2021-07-01 17:28:00,SRGA
1.41,1.415,1.41,1.415,1100,2021-07-01 17:29:00,SRGA
1.41,1.41,1.41,1.41,300,2021-07-01 17:30:00,SRGA
1.41,1.41,1.41,1.41,997,2021-07-01 17:31:00,SRGA
1.41,1.4141,1.41,1.41,9400,2021-07-01 17:32:00,SRGA
1.41,1.41,1.405,1.405,32190,2021-07-01 17:33:00,SRGA
1.4,1.4057,1.4,1.4057,700,2021-07-01 17:34:00,SRGA
1.405,1.405,1.4,1.405,602,2021-07-01 17:35:00,SRGA
1.405,1.4076,1.405,1.405,2400,2021-07-01 17:36:00,SRGA
1.4,1.405,1.4,1.405,200,2021-07-01 17:37:00,SRGA
1.405,1.405,1.405,1.405,100,2021-07-01 17:38:00,SRGA
1.4,1.4,1.4,1.4,100,2021-07-01 17:39:00,SRGA
1.4,1.4,1.4,1.4,100,2021-07-01 17:40:00,SRGA
1.4,1.405,1.4,1.405,300,2021-07-01 17:42:00,SRGA
1.405,1.405,1.405,1.405,200,2021-07-01 17:43:00,SRGA
1.4,1.405,1.4,1.4,1300,2021-07-01 17:44:00,SRGA
1.4,1.405,1.4,1.405,1894,2021-07-01 17:46:00,SRGA
1.405,1.41,1.405,1.405,20133,2021-07-01 17:47:00,SRGA
1.4,1.405,1.4,1.405,2036,2021-07-01 17:48:00,SRGA
1.405,1.405,1.405,1.405,100,2021-07-01 17:49:00,SRGA
1.405,1.405,1.405,1.405,400,2021-07-01 17:50:00,SRGA
1.405,1.405,1.4,1.4,1097,2021-07-01 17:51:00,SRGA
1.405,1.405,1.405,1.405,700,2021-07-01 17:52:00,SRGA
1.405,1.405,1.405,1.405,100,2021-07-01 17:53:00,SRGA
1.405,1.405,1.405,1.405,300,2021-07-01 17:54:00,SRGA
1.405,1.405,1.4,1.4,700,2021-07-01 17:55:00,SRGA
1.405,1.405,1.405,1.405,100,2021-07-01 17:58:00,SRGA
1.405,1.405,1.405,1.405,100,2021-07-01 18:00:00,SRGA
1.405,1.405,1.405,1.405,300,2021-07-01 18:01:00,SRGA
1.4095,1.4095,1.4095,1.4095,5000,2021-07-01 18:02:00,SRGA
1.4,1.4,1.4,1.4,500,2021-07-01 18:04:00,SRGA
1.4,1.405,1.4,1.4,1100,2021-07-01 18:09:00,SRGA
1.4,1.4,1.4,1.4,102,2021-07-01 18:10:00,SRGA
1.4,1.4,1.4,1.4,500,2021-07-01 18:11:00,SRGA
1.4,1.4,1.4,1.4,1000,2021-07-01 18:12:00,SRGA
1.405,1.405,1.405,1.405,100,2021-07-01 18:14:00,SRGA
1.4022,1.4022,1.4022,1.4022,200,2021-07-01 18:15:00,SRGA
1.4028,1.4028,1.4028,1.4028,150,2021-07-01 18:16:00,SRGA
1.4,1.4,1.4,1.4,200,2021-07-01 18:17:00,SRGA
1.4,1.405,1.4,1.405,300,2021-07-01 18:18:00,SRGA
1.4,1.4,1.4,1.4,100,2021-07-01 18:20:00,SRGA
1.4,1.405,1.4,1.405,2200,2021-07-01 18:21:00,SRGA
1.405,1.405,1.4,1.4,800,2021-07-01 18:25:00,SRGA
1.41,1.41,1.4,1.4,2400,2021-07-01 18:26:00,SRGA
1.405,1.405,1.4,1.4,200,2021-07-01 18:27:00,SRGA
1.4,1.4,1.4,1.4,100,2021-07-01 18:29:00,SRGA
1.4,1.4,1.4,1.4,2212,2021-07-01 18:31:00,SRGA
1.4,1.405,1.4,1.405,10390,2021-07-01 18:32:00,SRGA
1.4,1.4,1.4,1.4,200,2021-07-01 18:33:00,SRGA
1.4,1.4,1.4,1.4,300,2021-07-01 18:34:00,SRGA
1.4,1.4,1.4,1.4,100,2021-07-01 18:35:00,SRGA
1.41,1.41,1.4,1.4,103465,2021-07-01 18:36:00,SRGA
1.403,1.403,1.4,1.4,400,2021-07-01 18:37:00,SRGA
1.4,1.4,1.4,1.4,1000,2021-07-01 18:38:00,SRGA
1.4,1.405,1.4,1.405,600,2021-07-01 18:39:00,SRGA
1.405,1.405,1.4,1.4,400,2021-07-01 18:40:00,SRGA
1.4,1.4,1.4,1.4,100,2021-07-01 18:41:00,SRGA
1.4,1.4,1.4,1.4,500,2021-07-01 18:42:00,SRGA
1.4062,1.4062,1.4,1.4,800,2021-07-01 18:43:00,SRGA
1.4,1.405,1.4,1.4,600,2021-07-01 18:44:00,SRGA
1.4,1.4,1.4,1.4,482,2021-07-01 18:45:00,SRGA
1.4,1.4,1.4,1.4,200,2021-07-01 18:46:00,SRGA
1.4,1.4,1.4,1.4,396,2021-07-01 18:47:00,SRGA
1.4,1.4,1.39,1.395,12499,2021-07-01 18:48:00,SRGA
1.39,1.3937,1.39,1.39,934,2021-07-01 18:49:00,SRGA
1.39,1.39,1.39,1.39,200,2021-07-01 18:50:00,SRGA
1.39,1.39,1.39,1.39,200,2021-07-01 18:51:00,SRGA
1.39,1.39,1.39,1.39,500,2021-07-01 18:52:00,SRGA
1.39,1.39,1.39,1.39,500,2021-07-01 18:53:00,SRGA
1.39,1.39,1.39,1.39,100,2021-07-01 18:54:00,SRGA
1.39,1.39,1.39,1.39,1100,2021-07-01 18:55:00,SRGA
1.39,1.395,1.38,1.385,15741,2021-07-01 18:56:00,SRGA
1.385,1.39,1.38,1.385,15223,2021-07-01 18:57:00,SRGA
1.385,1.395,1.385,1.39,67928,2021-07-01 18:58:00,SRGA
1.395,1.395,1.39,1.395,2100,2021-07-01 19:00:00,SRGA
1.395,1.395,1.3901,1.395,3647,2021-07-01 19:01:00,SRGA
1.4,1.4,1.395,1.395,2300,2021-07-01 19:02:00,SRGA
1.395,1.395,1.395,1.395,100,2021-07-01 19:03:00,SRGA
1.3931,1.395,1.3931,1.395,868,2021-07-01 19:04:00,SRGA
1.3938,1.3938,1.3938,1.3938,200,2021-07-01 19:05:00,SRGA
1.395,1.395,1.39,1.395,3300,2021-07-01 19:06:00,SRGA
1.39,1.39,1.39,1.39,200,2021-07-01 19:07:00,SRGA
1.39,1.39,1.39,1.39,200,2021-07-01 19:08:00,SRGA
1.395,1.395,1.39,1.39,300,2021-07-01 19:09:00,SRGA
1.39,1.395,1.39,1.39,412,2021-07-01 19:10:00,SRGA
1.395,1.395,1.39,1.39,200,2021-07-01 19:11:00,SRGA
1.39,1.395,1.39,1.39,11896,2021-07-01 19:12:00,SRGA
1.39,1.395,1.39,1.39,1600,2021-07-01 19:13:00,SRGA
1.39,1.3927,1.39,1.39,1452,2021-07-01 19:14:00,SRGA
1.39,1.395,1.39,1.395,200,2021-07-01 19:15:00,SRGA
1.3921,1.3921,1.39,1.39,1790,2021-07-01 19:16:00,SRGA
1.39,1.39,1.39,1.39,200,2021-07-01 19:17:00,SRGA
1.39,1.39,1.39,1.39,200,2021-07-01 19:18:00,SRGA
1.39,1.395,1.39,1.395,1300,2021-07-01 19:19:00,SRGA
1.39,1.3959,1.39,1.395,1521,2021-07-01 19:20:00,SRGA
1.3923,1.3923,1.39,1.39,1100,2021-07-01 19:21:00,SRGA
1.39,1.39,1.39,1.39,100,2021-07-01 19:22:00,SRGA
1.39,1.39,1.39,1.39,300,2021-07-01 19:24:00,SRGA
1.39,1.39,1.39,1.39,100,2021-07-01 19:25:00,SRGA
1.395,1.395,1.39,1.39,4857,2021-07-01 19:26:00,SRGA
1.39,1.39,1.39,1.39,500,2021-07-01 19:27:00,SRGA
1.395,1.395,1.39,1.39,900,2021-07-01 19:28:00,SRGA
1.39,1.39,1.39,1.39,600,2021-07-01 19:29:00,SRGA
1.39,1.39,1.39,1.39,100,2021-07-01 19:30:00,SRGA
1.395,1.395,1.39,1.39,200,2021-07-01 19:31:00,SRGA
1.39,1.395,1.39,1.39,1082,2021-07-01 19:32:00,SRGA
1.39,1.4,1.39,1.39,1600,2021-07-01 19:33:00,SRGA
1.395,1.4,1.39,1.39,9302,2021-07-01 19:34:00,SRGA
1.3933,1.395,1.39,1.395,6450,2021-07-01 19:35:00,SRGA
1.39,1.395,1.39,1.39,1200,2021-07-01 19:36:00,SRGA
1.39,1.395,1.39,1.395,400,2021-07-01 19:37:00,SRGA
1.395,1.395,1.39,1.39,400,2021-07-01 19:38:00,SRGA
1.39,1.395,1.39,1.39,500,2021-07-01 19:39:00,SRGA
1.395,1.395,1.39,1.395,300,2021-07-01 19:40:00,SRGA
1.395,1.395,1.39,1.39,600,2021-07-01 19:41:00,SRGA
1.39,1.395,1.39,1.395,300,2021-07-01 19:42:00,SRGA
1.39,1.395,1.39,1.39,2500,2021-07-01 19:43:00,SRGA
1.39,1.395,1.39,1.395,233,2021-07-01 19:44:00,SRGA
1.395,1.395,1.39,1.395,800,2021-07-01 19:45:00,SRGA
1.395,1.395,1.39,1.39,10770,2021-07-01 19:46:00,SRGA
1.39,1.4,1.39,1.39,10515,2021-07-01 19:47:00,SRGA
1.39,1.395,1.39,1.395,15700,2021-07-01 19:48:00,SRGA
1.3991,1.3991,1.39,1.395,5800,2021-07-01 19:49:00,SRGA
1.395,1.408,1.39,1.4,76252,2021-07-01 19:50:00,SRGA
1.405,1.405,1.4,1.405,1394,2021-07-01 19:51:00,SRGA
1.4,1.405,1.4,1.405,7989,2021-07-01 19:52:00,SRGA
1.405,1.405,1.4,1.405,1710,2021-07-01 19:53:00,SRGA
1.405,1.405,1.4,1.405,8000,2021-07-01 19:54:00,SRGA
1.405,1.405,1.4,1.405,5330,2021-07-01 19:55:00,SRGA
1.405,1.405,1.4,1.4,9435,2021-07-01 19:56:00,SRGA
1.405,1.405,1.4,1.405,7900,2021-07-01 19:57:00,SRGA
1.41,1.41,1.4,1.405,11651,2021-07-01 19:58:00,SRGA
1.405,1.415,1.39,1.39,80800,2021-07-01 19:59:00,SRGA
1.39,1.42,1.39,1.39,39940,2021-07-01 20:00:00,SRGA
1.42,1.42,1.42,1.42,2200,2021-07-01 20:03:00,SRGA
1.39,1.39,1.39,1.39,130197,2021-07-01 20:17:00,SRGA
1.4,1.4,1.4,1.4,300,2021-07-01 20:24:00,SRGA
1.39,1.39,1.39,1.39,4697,2021-07-01 20:25:00,SRGA
1.4,1.4,1.4,1.4,125,2021-07-01 20:36:00,SRGA
1.39,1.39,1.39,1.39,1070,2021-07-01 21:07:00,SRGA
1.39,1.39,1.39,1.39,950,2021-07-01 21:08:00,SRGA
1.39,1.39,1.39,1.39,362,2021-07-01 21:10:00,SRGA
1.39,1.39,1.39,1.39,354,2021-07-01 21:18:00,SRGA
1.4,1.4,1.4,1.4,300,2021-07-01 21:31:00,SRGA
1.41,1.41,1.41,1.41,200,2021-07-01 21:42:00,SRGA
1.4,1.4,1.4,1.4,125,2021-07-01 22:20:00,SRGA
1.43,1.43,1.43,1.43,214,2021-07-01 23:45:00,SRGA
1.41,1.41,1.41,1.41,100,2021-07-01 23:54:00,SRGA
1.4,1.4,1.39,1.39,2146,2021-07-02 09:57:00,SRGA
1.39,1.39,1.39,1.39,100,2021-07-02 10:16:00,SRGA
1.42,1.42,1.42,1.42,1000,2021-07-02 11:00:00,SRGA
1.39,1.39,1.39,1.39,195,2021-07-02 12:27:00,SRGA
1.4,1.4,1.4,1.4,175,2021-07-02 12:50:00,SRGA
1.4,1.4,1.4,1.4,900,2021-07-02 13:01:00,SRGA
1.4001,1.4001,1.4001,1.4001,200,2021-07-02 13:02:00,SRGA
1.39,1.4,1.39,1.39,8942,2021-07-02 13:30:00,SRGA
1.39,1.39,1.39,1.39,200,2021-07-02 13:31:00,SRGA
1.39,1.3973,1.39,1.39,616,2021-07-02 13:33:00,SRGA
1.39,1.39,1.39,1.39,5837,2021-07-02 13:34:00,SRGA
1.3924,1.3992,1.39,1.39,12200,2021-07-02 13:35:00,SRGA
1.39,1.3922,1.385,1.385,3566,2021-07-02 13:36:00,SRGA
1.39,1.39,1.385,1.385,900,2021-07-02 13:37:00,SRGA
1.385,1.39,1.38,1.38,3514,2021-07-02 13:38:00,SRGA
1.382,1.382,1.382,1.382,2517,2021-07-02 13:39:00,SRGA
1.3899,1.39,1.385,1.385,5300,2021-07-02 13:40:00,SRGA
1.3834,1.385,1.38,1.385,11229,2021-07-02 13:42:00,SRGA
1.385,1.385,1.385,1.385,100,2021-07-02 13:43:00,SRGA
1.385,1.385,1.38,1.385,8256,2021-07-02 13:44:00,SRGA
1.39,1.39,1.385,1.385,19625,2021-07-02 13:46:00,SRGA
1.3899,1.3899,1.385,1.385,5200,2021-07-02 13:47:00,SRGA
1.3801,1.385,1.3801,1.385,3000,2021-07-02 13:48:00,SRGA
1.39,1.39,1.39,1.39,1500,2021-07-02 13:50:00,SRGA
1.39,1.39,1.3875,1.3875,500,2021-07-02 13:51:00,SRGA
1.3881,1.3881,1.3881,1.3881,805,2021-07-02 13:52:00,SRGA
1.385,1.385,1.38,1.385,8775,2021-07-02 13:54:00,SRGA
1.3879,1.3879,1.385,1.385,600,2021-07-02 13:55:00,SRGA
1.385,1.385,1.385,1.385,200,2021-07-02 13:56:00,SRGA
1.385,1.385,1.3813,1.385,10600,2021-07-02 13:58:00,SRGA
1.3873,1.3873,1.385,1.385,500,2021-07-02 13:59:00,SRGA
1.385,1.385,1.385,1.385,900,2021-07-02 14:00:00,SRGA
1.385,1.39,1.385,1.385,5500,2021-07-02 14:01:00,SRGA
1.385,1.385,1.385,1.385,600,2021-07-02 14:02:00,SRGA
1.385,1.385,1.3801,1.385,3049,2021-07-02 14:03:00,SRGA
1.3838,1.385,1.3838,1.385,445,2021-07-02 14:04:00,SRGA
1.385,1.3878,1.38,1.38,7300,2021-07-02 14:05:00,SRGA
1.3885,1.39,1.3836,1.385,4400,2021-07-02 14:06:00,SRGA
1.385,1.39,1.385,1.385,400,2021-07-02 14:07:00,SRGA
1.385,1.385,1.385,1.385,500,2021-07-02 14:08:00,SRGA
1.385,1.385,1.385,1.385,890,2021-07-02 14:09:00,SRGA
1.385,1.385,1.385,1.385,100,2021-07-02 14:10:00,SRGA
1.385,1.3899,1.38,1.385,1099,2021-07-02 14:11:00,SRGA
1.383,1.383,1.383,1.383,643,2021-07-02 14:12:00,SRGA
1.3838,1.385,1.3838,1.3838,525,2021-07-02 14:13:00,SRGA
1.385,1.385,1.385,1.385,600,2021-07-02 14:14:00,SRGA
1.385,1.385,1.385,1.385,400,2021-07-02 14:15:00,SRGA
1.38,1.385,1.38,1.385,200,2021-07-02 14:16:00,SRGA
1.385,1.39,1.3832,1.39,11295,2021-07-02 14:17:00,SRGA
1.385,1.39,1.3824,1.3837,6636,2021-07-02 14:18:00,SRGA
1.385,1.39,1.385,1.385,2425,2021-07-02 14:19:00,SRGA
1.385,1.39,1.3836,1.39,2198,2021-07-02 14:20:00,SRGA
1.39,1.39,1.385,1.385,300,2021-07-02 14:21:00,SRGA
1.385,1.39,1.385,1.385,1000,2021-07-02 14:22:00,SRGA
1.39,1.39,1.38,1.38,5090,2021-07-02 14:23:00,SRGA
1.38,1.385,1.38,1.385,900,2021-07-02 14:24:00,SRGA
1.39,1.39,1.39,1.39,900,2021-07-02 14:25:00,SRGA
1.39,1.39,1.385,1.385,1400,2021-07-02 14:26:00,SRGA
1.39,1.39,1.3819,1.3839,5779,2021-07-02 14:27:00,SRGA
1.385,1.385,1.385,1.385,100,2021-07-02 14:28:00,SRGA
1.39,1.39,1.385,1.385,500,2021-07-02 14:29:00,SRGA
1.385,1.385,1.385,1.385,100,2021-07-02 14:30:00,SRGA
1.385,1.385,1.38,1.385,4211,2021-07-02 14:31:00,SRGA
1.38,1.389,1.38,1.38,132293,2021-07-02 14:32:00,SRGA
1.38,1.38,1.37,1.375,17402,2021-07-02 14:33:00,SRGA
1.375,1.38,1.375,1.375,2852,2021-07-02 14:34:00,SRGA
1.375,1.38,1.37,1.375,11500,2021-07-02 14:35:00,SRGA
1.379,1.38,1.3729,1.375,26266,2021-07-02 14:36:00,SRGA
1.375,1.38,1.37,1.375,11120,2021-07-02 14:37:00,SRGA
1.38,1.38,1.38,1.38,200,2021-07-02 14:38:00,SRGA
1.375,1.38,1.375,1.375,400,2021-07-02 14:39:00,SRGA
1.375,1.38,1.37,1.37,2500,2021-07-02 14:40:00,SRGA
1.375,1.375,1.375,1.375,300,2021-07-02 14:41:00,SRGA
1.37,1.3799,1.37,1.3799,844,2021-07-02 14:42:00,SRGA
1.38,1.38,1.3731,1.375,1200,2021-07-02 14:43:00,SRGA
1.375,1.375,1.375,1.375,100,2021-07-02 14:44:00,SRGA
1.378,1.38,1.375,1.375,3253,2021-07-02 14:45:00,SRGA
1.371,1.38,1.37,1.375,46320,2021-07-02 14:46:00,SRGA
1.375,1.38,1.37,1.375,17378,2021-07-02 14:47:00,SRGA
1.375,1.3774,1.375,1.375,2200,2021-07-02 14:48:00,SRGA
1.3765,1.3765,1.375,1.375,600,2021-07-02 14:49:00,SRGA
1.375,1.375,1.375,1.375,500,2021-07-02 14:50:00,SRGA
1.375,1.375,1.3733,1.3733,500,2021-07-02 14:51:00,SRGA
1.3737,1.375,1.37,1.375,11732,2021-07-02 14:52:00,SRGA
1.375,1.375,1.37,1.37,2700,2021-07-02 14:53:00,SRGA
1.37,1.375,1.37,1.37,12200,2021-07-02 14:54:00,SRGA
1.37,1.375,1.37,1.37,2500,2021-07-02 14:55:00,SRGA
1.375,1.375,1.375,1.375,500,2021-07-02 14:56:00,SRGA
1.375,1.375,1.375,1.375,200,2021-07-02 14:57:00,SRGA
1.375,1.385,1.375,1.38,60163,2021-07-02 14:58:00,SRGA
1.38,1.38,1.375,1.38,16686,2021-07-02 14:59:00,SRGA
1.375,1.38,1.37,1.38,6994,2021-07-02 15:00:00,SRGA
1.3778,1.38,1.375,1.38,7450,2021-07-02 15:01:00,SRGA
1.38,1.38,1.375,1.38,4900,2021-07-02 15:02:00,SRGA
1.38,1.38,1.375,1.38,3800,2021-07-02 15:03:00,SRGA
1.3799,1.39,1.3799,1.38,8899,2021-07-02 15:04:00,SRGA
1.3879,1.3879,1.3879,1.3879,3500,2021-07-02 15:05:00,SRGA
1.3833,1.3833,1.3833,1.3833,185,2021-07-02 15:06:00,SRGA
1.3801,1.3801,1.3801,1.3801,1000,2021-07-02 15:08:00,SRGA
1.383,1.383,1.383,1.383,400,2021-07-02 15:10:00,SRGA
1.385,1.385,1.385,1.385,100,2021-07-02 15:11:00,SRGA
1.385,1.385,1.3806,1.3806,3043,2021-07-02 15:12:00,SRGA
1.385,1.385,1.38,1.38,2400,2021-07-02 15:13:00,SRGA
1.385,1.385,1.385,1.385,100,2021-07-02 15:14:00,SRGA
1.3801,1.385,1.3801,1.385,5200,2021-07-02 15:17:00,SRGA
1.385,1.385,1.385,1.385,300,2021-07-02 15:18:00,SRGA
1.383,1.383,1.383,1.383,500,2021-07-02 15:19:00,SRGA
1.3831,1.3835,1.3831,1.3835,727,2021-07-02 15:20:00,SRGA
1.38,1.38,1.38,1.38,500,2021-07-02 15:21:00,SRGA
1.385,1.385,1.385,1.385,200,2021-07-02 15:22:00,SRGA
1.385,1.385,1.385,1.385,400,2021-07-02 15:23:00,SRGA
1.385,1.385,1.38,1.38,800,2021-07-02 15:24:00,SRGA
1.3871,1.3871,1.385,1.385,700,2021-07-02 15:25:00,SRGA
1.385,1.385,1.385,1.385,300,2021-07-02 15:26:00,SRGA
1.385,1.385,1.385,1.385,200,2021-07-02 15:27:00,SRGA
1.39,1.39,1.385,1.385,1800,2021-07-02 15:29:00,SRGA
1.385,1.3873,1.385,1.3873,600,2021-07-02 15:30:00,SRGA
1.385,1.385,1.3817,1.3817,6600,2021-07-02 15:31:00,SRGA
1.385,1.385,1.385,1.385,100,2021-07-02 15:32:00,SRGA
1.385,1.385,1.3819,1.385,5400,2021-07-02 15:33:00,SRGA
1.385,1.3872,1.385,1.385,939,2021-07-02 15:34:00,SRGA
1.385,1.385,1.385,1.385,200,2021-07-02 15:35:00,SRGA
1.38,1.39,1.38,1.39,10850,2021-07-02 15:36:00,SRGA
1.39,1.39,1.385,1.385,12712,2021-07-02 15:37:00,SRGA
1.385,1.39,1.385,1.39,600,2021-07-02 15:38:00,SRGA
1.39,1.39,1.385,1.385,2300,2021-07-02 15:39:00,SRGA
1.385,1.385,1.385,1.385,100,2021-07-02 15:40:00,SRGA
1.3832,1.3832,1.38,1.38,1000,2021-07-02 15:41:00,SRGA
1.385,1.3891,1.38,1.3891,1922,2021-07-02 15:42:00,SRGA
1.385,1.385,1.385,1.385,200,2021-07-02 15:43:00,SRGA
1.3879,1.3879,1.385,1.385,600,2021-07-02 15:44:00,SRGA
1.385,1.385,1.3807,1.385,8100,2021-07-02 15:45:00,SRGA
1.38,1.3899,1.38,1.38,1888,2021-07-02 15:46:00,SRGA
1.38,1.38,1.38,1.38,200,2021-07-02 15:47:00,SRGA
1.3801,1.385,1.38,1.38,1929,2021-07-02 15:48:00,SRGA
1.385,1.385,1.38,1.385,500,2021-07-02 15:49:00,SRGA
1.385,1.39,1.38,1.38,6753,2021-07-02 15:50:00,SRGA
1.38,1.38,1.38,1.38,200,2021-07-02 15:51:00,SRGA
1.38,1.385,1.38,1.38,700,2021-07-02 15:52:00,SRGA
1.38,1.385,1.38,1.385,500,2021-07-02 15:53:00,SRGA
1.38,1.38,1.38,1.38,200,2021-07-02 15:54:00,SRGA
1.38,1.38,1.38,1.38,100,2021-07-02 15:55:00,SRGA
1.38,1.385,1.38,1.38,500,2021-07-02 15:56:00,SRGA
1.38,1.38,1.38,1.38,4200,2021-07-02 15:57:00,SRGA
1.38,1.385,1.38,1.385,200,2021-07-02 15:58:00,SRGA
1.38,1.38,1.38,1.38,200,2021-07-02 15:59:00,SRGA
1.38,1.38,1.38,1.38,200,2021-07-02 16:00:00,SRGA
1.385,1.385,1.38,1.385,500,2021-07-02 16:01:00,SRGA
1.38,1.38,1.38,1.38,200,2021-07-02 16:02:00,SRGA
1.38,1.38,1.38,1.38,100,2021-07-02 16:03:00,SRGA
1.38,1.38,1.38,1.38,100,2021-07-02 16:04:00,SRGA
1.38,1.38,1.38,1.38,200,2021-07-02 16:05:00,SRGA
1.38,1.38,1.38,1.38,100,2021-07-02 16:06:00,SRGA
1.38,1.38,1.38,1.38,100,2021-07-02 16:07:00,SRGA
1.38,1.385,1.38,1.38,30998,2021-07-02 16:08:00,SRGA
1.38,1.38,1.38,1.38,100,2021-07-02 16:09:00,SRGA
1.38,1.38,1.37,1.375,76472,2021-07-02 16:11:00,SRGA
1.375,1.38,1.375,1.375,10500,2021-07-02 16:12:00,SRGA
1.375,1.38,1.375,1.375,6458,2021-07-02 16:13:00,SRGA
1.38,1.38,1.3735,1.375,10483,2021-07-02 16:14:00,SRGA
1.38,1.38,1.375,1.375,4400,2021-07-02 16:15:00,SRGA
1.375,1.38,1.37,1.37,5000,2021-07-02 16:16:00,SRGA
1.37,1.38,1.37,1.38,11700,2021-07-02 16:17:00,SRGA
1.375,1.38,1.37,1.37,2732,2021-07-02 16:18:00,SRGA
1.38,1.38,1.375,1.38,3100,2021-07-02 16:19:00,SRGA
1.38,1.38,1.375,1.38,14001,2021-07-02 16:20:00,SRGA
1.3779,1.38,1.375,1.38,8125,2021-07-02 16:21:00,SRGA
1.38,1.38,1.375,1.375,32550,2021-07-02 16:22:00,SRGA
1.375,1.38,1.375,1.375,2400,2021-07-02 16:23:00,SRGA
1.38,1.38,1.38,1.38,6100,2021-07-02 16:24:00,SRGA
1.375,1.38,1.375,1.38,3199,2021-07-02 16:25:00,SRGA
1.375,1.38,1.375,1.38,4199,2021-07-02 16:26:00,SRGA
1.375,1.38,1.37,1.38,8790,2021-07-02 16:27:00,SRGA
1.38,1.38,1.37,1.38,6199,2021-07-02 16:28:00,SRGA
1.38,1.38,1.375,1.375,3800,2021-07-02 16:29:00,SRGA
1.38,1.38,1.375,1.375,2801,2021-07-02 16:30:00,SRGA
1.38,1.38,1.37,1.375,4700,2021-07-02 16:31:00,SRGA
1.375,1.375,1.375,1.375,100,2021-07-02 16:32:00,SRGA
1.3773,1.38,1.3723,1.375,2950,2021-07-02 16:33:00,SRGA
1.38,1.38,1.37,1.38,3200,2021-07-02 16:34:00,SRGA
1.375,1.3835,1.37,1.375,42096,2021-07-02 16:35:00,SRGA
1.375,1.38,1.375,1.38,1700,2021-07-02 16:37:00,SRGA
1.38,1.38,1.375,1.375,1100,2021-07-02 16:38:00,SRGA
1.375,1.3769,1.375,1.3769,200,2021-07-02 16:39:00,SRGA
1.375,1.375,1.375,1.375,100,2021-07-02 16:40:00,SRGA
1.378,1.38,1.375,1.375,21600,2021-07-02 16:41:00,SRGA
1.375,1.375,1.375,1.375,400,2021-07-02 16:42:00,SRGA
1.375,1.38,1.375,1.375,800,2021-07-02 16:43:00,SRGA
1.375,1.375,1.37,1.375,4600,2021-07-02 16:44:00,SRGA
1.375,1.375,1.375,1.375,400,2021-07-02 16:45:00,SRGA
1.375,1.375,1.37,1.37,400,2021-07-02 16:46:00,SRGA
1.37,1.38,1.37,1.37,952,2021-07-02 16:47:00,SRGA
1.37,1.375,1.37,1.37,500,2021-07-02 16:48:00,SRGA
1.37,1.37,1.37,1.37,400,2021-07-02 16:49:00,SRGA
1.37,1.375,1.37,1.37,860,2021-07-02 16:50:00,SRGA
1.37,1.375,1.37,1.375,1300,2021-07-02 16:51:00,SRGA
1.375,1.375,1.37,1.37,1725,2021-07-02 16:52:00,SRGA
1.37,1.375,1.37,1.37,300,2021-07-02 16:53:00,SRGA
1.375,1.3769,1.37,1.37,400,2021-07-02 16:54:00,SRGA
1.37,1.375,1.37,1.37,900,2021-07-02 16:55:00,SRGA
1.37,1.37,1.37,1.37,100,2021-07-02 16:56:00,SRGA
1.37,1.375,1.37,1.37,450,2021-07-02 16:57:00,SRGA
1.37,1.37,1.37,1.37,200,2021-07-02 16:58:00,SRGA
1.375,1.375,1.37,1.37,300,2021-07-02 16:59:00,SRGA
1.375,1.375,1.375,1.375,800,2021-07-02 17:00:00,SRGA
1.37,1.375,1.37,1.375,400,2021-07-02 17:01:00,SRGA
1.3737,1.3737,1.3737,1.3737,180,2021-07-02 17:02:00,SRGA
1.38,1.38,1.38,1.38,600,2021-07-02 17:03:00,SRGA
1.37,1.38,1.37,1.375,11300,2021-07-02 17:05:00,SRGA
1.375,1.375,1.3737,1.3737,250,2021-07-02 17:06:00,SRGA
1.375,1.375,1.375,1.375,200,2021-07-02 17:07:00,SRGA
1.38,1.38,1.375,1.375,600,2021-07-02 17:10:00,SRGA
1.38,1.385,1.38,1.385,121444,2021-07-02 17:11:00,SRGA
1.38,1.39,1.38,1.39,4504,2021-07-02 17:12:00,SRGA
1.385,1.39,1.385,1.39,2600,2021-07-02 17:13:00,SRGA
1.38,1.38,1.38,1.38,900,2021-07-02 17:14:00,SRGA
1.385,1.385,1.38,1.385,3200,2021-07-02 17:15:00,SRGA
1.38,1.38,1.38,1.38,200,2021-07-02 17:16:00,SRGA
1.38,1.38,1.38,1.38,2500,2021-07-02 17:17:00,SRGA
1.38,1.3862,1.38,1.385,900,2021-07-02 17:18:00,SRGA
1.38,1.38,1.38,1.38,824,2021-07-02 17:19:00,SRGA
1.38,1.38,1.38,1.38,100,2021-07-02 17:20:00,SRGA
1.38,1.38,1.38,1.38,300,2021-07-02 17:21:00,SRGA
1.38,1.38,1.38,1.38,1200,2021-07-02 17:22:00,SRGA
1.38,1.38,1.38,1.38,100,2021-07-02 17:23:00,SRGA
1.38,1.38,1.37,1.38,76159,2021-07-02 17:25:00,SRGA
1.375,1.375,1.375,1.375,100,2021-07-02 17:26:00,SRGA
1.375,1.375,1.375,1.375,100,2021-07-02 17:27:00,SRGA
1.3733,1.3733,1.3733,1.3733,364,2021-07-02 17:28:00,SRGA
1.3769,1.3769,1.3769,1.3769,364,2021-07-02 17:29:00,SRGA
1.375,1.375,1.37,1.375,21170,2021-07-02 17:30:00,SRGA
1.37,1.37,1.37,1.37,400,2021-07-02 17:31:00,SRGA
1.37,1.375,1.37,1.37,34449,2021-07-02 17:32:00,SRGA
1.37,1.37,1.37,1.37,400,2021-07-02 17:33:00,SRGA
1.37,1.38,1.37,1.37,1300,2021-07-02 17:34:00,SRGA
1.37,1.37,1.37,1.37,400,2021-07-02 17:35:00,SRGA
1.37,1.37,1.37,1.37,300,2021-07-02 17:36:00,SRGA
1.37,1.37,1.37,1.37,500,2021-07-02 17:37:00,SRGA
1.37,1.37,1.37,1.37,400,2021-07-02 17:38:00,SRGA
1.37,1.37,1.37,1.37,805,2021-07-02 17:39:00,SRGA
1.37,1.375,1.37,1.37,500,2021-07-02 17:40:00,SRGA
1.37,1.3729,1.37,1.37,2300,2021-07-02 17:41:00,SRGA
1.37,1.38,1.37,1.37,2300,2021-07-02 17:42:00,SRGA
1.37,1.37,1.37,1.37,400,2021-07-02 17:43:00,SRGA
1.37,1.37,1.37,1.37,200,2021-07-02 17:44:00,SRGA
1.37,1.3761,1.37,1.3761,400,2021-07-02 17:45:00,SRGA
1.3732,1.3732,1.37,1.37,1700,2021-07-02 17:46:00,SRGA
1.37,1.37,1.37,1.37,200,2021-07-02 17:47:00,SRGA
1.37,1.375,1.37,1.375,400,2021-07-02 17:48:00,SRGA
1.37,1.37,1.37,1.37,200,2021-07-02 17:49:00,SRGA
1.37,1.38,1.37,1.375,10200,2021-07-02 17:50:00,SRGA
1.375,1.38,1.37,1.38,1471,2021-07-02 17:51:00,SRGA
1.38,1.38,1.37,1.37,1200,2021-07-02 17:52:00,SRGA
1.37,1.37,1.37,1.37,100,2021-07-02 17:54:00,SRGA
1.37,1.37,1.37,1.37,100,2021-07-02 17:56:00,SRGA
1.375,1.375,1.37,1.37,1200,2021-07-02 17:57:00,SRGA
1.37,1.375,1.37,1.3701,3900,2021-07-02 17:59:00,SRGA
1.375,1.375,1.37,1.37,4486,2021-07-02 18:00:00,SRGA
1.375,1.375,1.37,1.375,1300,2021-07-02 18:01:00,SRGA
1.375,1.375,1.375,1.375,4029,2021-07-02 18:03:00,SRGA
1.37,1.37,1.37,1.37,100,2021-07-02 18:05:00,SRGA
1.375,1.38,1.375,1.38,12100,2021-07-02 18:07:00,SRGA
1.3701,1.3701,1.3701,1.3701,100,2021-07-02 18:09:00,SRGA
1.375,1.375,1.375,1.375,400,2021-07-02 18:10:00,SRGA
1.375,1.38,1.375,1.375,2592,2021-07-02 18:11:00,SRGA
1.37,1.37,1.37,1.37,500,2021-07-02 18:13:00,SRGA
1.38,1.38,1.38,1.38,400,2021-07-02 18:16:00,SRGA
1.37,1.37,1.37,1.37,2000,2021-07-02 18:17:00,SRGA
1.375,1.38,1.375,1.375,1000,2021-07-02 18:18:00,SRGA
1.375,1.375,1.375,1.375,400,2021-07-02 18:19:00,SRGA
1.375,1.38,1.375,1.379,21452,2021-07-02 18:20:00,SRGA
1.375,1.375,1.375,1.375,100,2021-07-02 18:21:00,SRGA
1.37,1.375,1.37,1.375,2200,2021-07-02 18:25:00,SRGA
1.375,1.375,1.375,1.375,1999,2021-07-02 18:27:00,SRGA
1.37,1.37,1.37,1.37,1000,2021-07-02 18:28:00,SRGA
1.375,1.38,1.375,1.38,400,2021-07-02 18:30:00,SRGA
1.375,1.3799,1.375,1.3799,3264,2021-07-02 18:31:00,SRGA
1.379,1.379,1.375,1.3774,10904,2021-07-02 18:35:00,SRGA
1.375,1.38,1.375,1.38,1409,2021-07-02 18:39:00,SRGA
1.37,1.37,1.37,1.37,100,2021-07-02 18:41:00,SRGA
1.375,1.38,1.375,1.38,300,2021-07-02 18:42:00,SRGA
1.3781,1.3781,1.3781,1.3781,3000,2021-07-02 18:43:00,SRGA
1.375,1.3799,1.375,1.3799,3778,2021-07-02 18:45:00,SRGA
1.375,1.375,1.3736,1.3736,900,2021-07-02 18:47:00,SRGA
1.378,1.378,1.378,1.378,400,2021-07-02 18:48:00,SRGA
1.37,1.375,1.37,1.375,800,2021-07-02 18:49:00,SRGA
1.3725,1.375,1.3725,1.375,2950,2021-07-02 18:51:00,SRGA
1.375,1.385,1.375,1.38,55492,2021-07-02 18:53:00,SRGA
1.385,1.385,1.3823,1.3823,350,2021-07-02 18:56:00,SRGA
1.38,1.38,1.38,1.38,100,2021-07-02 18:59:00,SRGA
1.385,1.389,1.3844,1.389,2400,2021-07-02 19:00:00,SRGA
1.385,1.385,1.38,1.385,3701,2021-07-02 19:01:00,SRGA
1.39,1.39,1.38,1.38,1600,2021-07-02 19:02:00,SRGA
1.3834,1.3834,1.3834,1.3834,190,2021-07-02 19:03:00,SRGA
1.385,1.385,1.385,1.385,300,2021-07-02 19:04:00,SRGA
1.38,1.38,1.38,1.38,490,2021-07-02 19:06:00,SRGA
1.3832,1.3832,1.3832,1.3832,100,2021-07-02 19:09:00,SRGA
1.385,1.385,1.385,1.385,100,2021-07-02 19:10:00,SRGA
1.3872,1.3872,1.38,1.385,10682,2021-07-02 19:11:00,SRGA
1.385,1.39,1.385,1.385,300,2021-07-02 19:12:00,SRGA
1.385,1.385,1.385,1.385,1100,2021-07-02 19:13:00,SRGA
1.38,1.385,1.38,1.38,1570,2021-07-02 19:14:00,SRGA
1.38,1.3874,1.38,1.385,3500,2021-07-02 19:15:00,SRGA
1.385,1.39,1.385,1.385,1913,2021-07-02 19:16:00,SRGA
1.39,1.39,1.381,1.385,11267,2021-07-02 19:17:00,SRGA
1.385,1.385,1.385,1.385,400,2021-07-02 19:18:00,SRGA
1.385,1.39,1.385,1.39,600,2021-07-02 19:19:00,SRGA
1.39,1.39,1.385,1.385,300,2021-07-02 19:20:00,SRGA
1.38,1.38,1.38,1.38,100,2021-07-02 19:23:00,SRGA
1.385,1.385,1.385,1.385,1305,2021-07-02 19:25:00,SRGA
1.385,1.385,1.38,1.38,1700,2021-07-02 19:27:00,SRGA
1.385,1.385,1.385,1.385,180,2021-07-02 19:28:00,SRGA
1.3828,1.3899,1.3828,1.3899,1400,2021-07-02 19:29:00,SRGA
1.385,1.39,1.38,1.385,62372,2021-07-02 19:30:00,SRGA
1.39,1.39,1.385,1.385,300,2021-07-02 19:31:00,SRGA
1.385,1.39,1.385,1.39,795,2021-07-02 19:32:00,SRGA
1.39,1.39,1.385,1.39,1413,2021-07-02 19:33:00,SRGA
1.3899,1.39,1.3899,1.39,1200,2021-07-02 19:34:00,SRGA
1.385,1.39,1.385,1.3868,500,2021-07-02 19:35:00,SRGA
1.385,1.385,1.385,1.385,604,2021-07-02 19:36:00,SRGA
1.3895,1.39,1.38,1.38,2800,2021-07-02 19:37:00,SRGA
1.385,1.388,1.38,1.388,5339,2021-07-02 19:38:00,SRGA
1.3864,1.39,1.38,1.385,8285,2021-07-02 19:39:00,SRGA
1.385,1.39,1.385,1.385,11900,2021-07-02 19:40:00,SRGA
1.39,1.39,1.38,1.38,1000,2021-07-02 19:41:00,SRGA
1.39,1.39,1.39,1.39,200,2021-07-02 19:42:00,SRGA
1.39,1.39,1.38,1.385,11675,2021-07-02 19:43:00,SRGA
1.385,1.3881,1.385,1.385,4499,2021-07-02 19:44:00,SRGA
1.385,1.395,1.385,1.395,76642,2021-07-02 19:45:00,SRGA
1.395,1.4,1.39,1.395,1200,2021-07-02 19:46:00,SRGA
1.395,1.4,1.395,1.395,2748,2021-07-02 19:47:00,SRGA
1.395,1.4,1.395,1.395,800,2021-07-02 19:48:00,SRGA
1.395,1.4,1.3929,1.395,3260,2021-07-02 19:49:00,SRGA
1.395,1.4,1.39,1.3999,2597,2021-07-02 19:50:00,SRGA
1.395,1.395,1.3901,1.3901,21600,2021-07-02 19:51:00,SRGA
1.4,1.4,1.395,1.4,4000,2021-07-02 19:52:00,SRGA
1.4,1.405,1.395,1.4,41050,2021-07-02 19:53:00,SRGA
1.395,1.395,1.395,1.395,900,2021-07-02 19:54:00,SRGA
1.395,1.395,1.395,1.395,100,2021-07-02 19:55:00,SRGA
1.4,1.4,1.395,1.3972,1550,2021-07-02 19:56:00,SRGA
1.3901,1.4,1.3901,1.395,1847,2021-07-02 19:57:00,SRGA
1.395,1.4,1.395,1.4,800,2021-07-02 19:58:00,SRGA
1.4,1.4,1.39,1.39,65495,2021-07-02 19:59:00,SRGA
1.4,1.4,1.4,1.4,32565,2021-07-02 20:00:00,SRGA
1.39,1.39,1.39,1.39,3536,2021-07-02 20:14:00,SRGA
1.4,1.4,1.4,1.4,490,2021-07-02 20:16:00,SRGA
1.4,1.4,1.4,1.4,950,2021-07-02 20:17:00,SRGA
1.4,1.4,1.4,1.4,2300,2021-07-02 20:21:00,SRGA
1.38,1.38,1.38,1.38,1424,2021-07-02 20:24:00,SRGA
1.39,1.39,1.39,1.39,825,2021-07-02 20:33:00,SRGA
1.3901,1.3901,1.3901,1.3901,300,2021-07-02 20:39:00,SRGA
1.39,1.39,1.39,1.39,500,2021-07-02 20:46:00,SRGA
1.38,1.38,1.38,1.38,200,2021-07-02 21:15:00,SRGA
1.38,1.38,1.38,1.38,262,2021-07-02 21:17:00,SRGA
1.39,1.39,1.39,1.39,200,2021-07-02 21:36:00,SRGA
1.3899,1.3899,1.3899,1.3899,200,2021-07-02 21:37:00,SRGA
1.3899,1.3899,1.3899,1.3899,200,2021-07-02 21:39:00,SRGA
1.39,1.39,1.39,1.39,200,2021-07-02 21:40:00,SRGA
1.3899,1.39,1.3899,1.39,400,2021-07-02 21:41:00,SRGA
1.39,1.39,1.39,1.39,5000,2021-07-02 21:42:00,SRGA
1.3899,1.39,1.3899,1.39,400,2021-07-02 21:43:00,SRGA
1.39,1.39,1.39,1.39,5000,2021-07-02 21:56:00,SRGA
1.39,1.39,1.39,1.39,1000,2021-07-02 22:15:00,SRGA
1.38,1.38,1.38,1.38,4000,2021-07-02 22:16:00,SRGA
1.38,1.38,1.38,1.38,5000,2021-07-02 22:17:00,SRGA
1.38,1.38,1.38,1.38,500,2021-07-02 23:13:00,SRGA
1.4,1.4,1.4,1.4,800,2021-07-06 08:12:00,SRGA
1.4,1.4,1.4,1.4,300,2021-07-06 08:13:00,SRGA
1.4,1.4,1.4,1.4,1500,2021-07-06 08:35:00,SRGA
1.4,1.4,1.4,1.4,300,2021-07-06 08:38:00,SRGA
1.4,1.4,1.4,1.4,200,2021-07-06 08:44:00,SRGA
1.4,1.4,1.4,1.4,500,2021-07-06 09:36:00,SRGA
1.4,1.4,1.4,1.4,500,2021-07-06 09:37:00,SRGA
1.38,1.38,1.38,1.38,1989,2021-07-06 09:51:00,SRGA
1.41,1.41,1.41,1.41,700,2021-07-06 12:00:00,SRGA
1.41,1.41,1.41,1.41,100,2021-07-06 12:01:00,SRGA
1.41,1.41,1.41,1.41,200,2021-07-06 12:02:00,SRGA
1.42,1.42,1.42,1.42,500,2021-07-06 12:22:00,SRGA
1.43,1.43,1.43,1.43,1000,2021-07-06 12:46:00,SRGA
1.43,1.43,1.43,1.43,500,2021-07-06 12:50:00,SRGA
1.43,1.43,1.42,1.42,1460,2021-07-06 12:58:00,SRGA
1.42,1.42,1.42,1.42,3300,2021-07-06 13:05:00,SRGA
1.42,1.42,1.42,1.42,500,2021-07-06 13:08:00,SRGA
1.42,1.43,1.42,1.43,500,2021-07-06 13:13:00,SRGA
1.42,1.43,1.42,1.42,690,2021-07-06 13:15:00,SRGA
1.42,1.42,1.42,1.42,100,2021-07-06 13:19:00,SRGA
1.42,1.42,1.42,1.42,100,2021-07-06 13:20:00,SRGA
1.42,1.42,1.42,1.42,100,2021-07-06 13:22:00,SRGA
1.42,1.42,1.42,1.42,800,2021-07-06 13:25:00,SRGA
1.43,1.435,1.42,1.43,33956,2021-07-06 13:30:00,SRGA
1.425,1.425,1.41,1.415,17254,2021-07-06 13:31:00,SRGA
1.415,1.42,1.41,1.415,3122,2021-07-06 13:32:00,SRGA
1.4184,1.42,1.41,1.415,34264,2021-07-06 13:33:00,SRGA
1.415,1.42,1.41,1.42,3200,2021-07-06 13:34:00,SRGA
1.415,1.42,1.41,1.41,15900,2021-07-06 13:35:00,SRGA
1.415,1.415,1.41,1.415,5300,2021-07-06 13:36:00,SRGA
1.415,1.415,1.405,1.405,2700,2021-07-06 13:37:00,SRGA
1.405,1.405,1.405,1.405,700,2021-07-06 13:38:00,SRGA
1.405,1.405,1.4,1.405,10097,2021-07-06 13:39:00,SRGA
1.405,1.405,1.405,1.405,600,2021-07-06 13:40:00,SRGA
1.405,1.41,1.405,1.405,1700,2021-07-06 13:41:00,SRGA
1.405,1.41,1.405,1.41,1200,2021-07-06 13:42:00,SRGA
1.405,1.405,1.4,1.405,3000,2021-07-06 13:43:00,SRGA
1.4,1.41,1.4,1.405,42625,2021-07-06 13:44:00,SRGA
1.405,1.41,1.4,1.41,13300,2021-07-06 13:45:00,SRGA
1.4,1.4075,1.4,1.405,6845,2021-07-06 13:46:00,SRGA
1.405,1.4074,1.4027,1.405,6083,2021-07-06 13:47:00,SRGA
1.405,1.405,1.405,1.405,400,2021-07-06 13:48:00,SRGA
1.405,1.41,1.4024,1.405,4858,2021-07-06 13:49:00,SRGA
1.405,1.405,1.39,1.395,22405,2021-07-06 13:50:00,SRGA
1.39,1.395,1.39,1.39,3650,2021-07-06 13:51:00,SRGA
1.395,1.395,1.39,1.395,700,2021-07-06 13:52:00,SRGA
1.395,1.395,1.39,1.39,200,2021-07-06 13:53:00,SRGA
1.395,1.395,1.39,1.39,1300,2021-07-06 13:54:00,SRGA
1.395,1.395,1.39,1.39,1300,2021-07-06 13:55:00,SRGA
1.395,1.4,1.39,1.395,3273,2021-07-06 13:56:00,SRGA
1.395,1.395,1.39,1.39,1350,2021-07-06 13:57:00,SRGA
1.39,1.395,1.39,1.395,200,2021-07-06 13:58:00,SRGA
1.395,1.41,1.3918,1.395,42838,2021-07-06 13:59:00,SRGA
1.3983,1.3983,1.3983,1.3983,1000,2021-07-06 14:01:00,SRGA
1.395,1.4,1.395,1.3972,2924,2021-07-06 14:02:00,SRGA
1.39,1.39,1.39,1.39,100,2021-07-06 14:03:00,SRGA
1.3971,1.3971,1.3971,1.3971,100,2021-07-06 14:04:00,SRGA
1.3902,1.4,1.3902,1.395,9200,2021-07-06 14:05:00,SRGA
1.39,1.39,1.39,1.39,100,2021-07-06 14:06:00,SRGA
1.39,1.39,1.39,1.39,100,2021-07-06 14:07:00,SRGA
1.39,1.39,1.39,1.39,100,2021-07-06 14:08:00,SRGA
1.39,1.39,1.385,1.385,12881,2021-07-06 14:09:00,SRGA
1.3824,1.3824,1.38,1.38,1100,2021-07-06 14:10:00,SRGA
1.385,1.39,1.38,1.39,700,2021-07-06 14:11:00,SRGA
1.38,1.39,1.38,1.38,37715,2021-07-06 14:12:00,SRGA
1.38,1.39,1.38,1.38,10497,2021-07-06 14:13:00,SRGA
1.38,1.3882,1.38,1.385,12100,2021-07-06 14:14:00,SRGA
1.3877,1.3877,1.385,1.385,1870,2021-07-06 14:15:00,SRGA
1.385,1.385,1.38,1.38,1983,2021-07-06 14:16:00,SRGA
1.39,1.39,1.38,1.38,2200,2021-07-06 14:17:00,SRGA
1.39,1.39,1.38,1.38,1817,2021-07-06 14:18:00,SRGA
1.38,1.385,1.38,1.385,500,2021-07-06 14:19:00,SRGA
1.385,1.385,1.38,1.38,633,2021-07-06 14:20:00,SRGA
1.3825,1.387,1.38,1.38,1700,2021-07-06 14:21:00,SRGA
1.385,1.3888,1.38,1.38,1600,2021-07-06 14:22:00,SRGA
1.385,1.385,1.38,1.38,500,2021-07-06 14:23:00,SRGA
1.385,1.3878,1.38,1.38,2350,2021-07-06 14:24:00,SRGA
1.39,1.39,1.385,1.385,10400,2021-07-06 14:25:00,SRGA
1.38,1.385,1.38,1.385,500,2021-07-06 14:26:00,SRGA
1.385,1.385,1.38,1.385,500,2021-07-06 14:27:00,SRGA
1.385,1.385,1.3823,1.3824,2200,2021-07-06 14:28:00,SRGA
1.385,1.385,1.38,1.385,1100,2021-07-06 14:29:00,SRGA
1.385,1.385,1.38,1.38,800,2021-07-06 14:30:00,SRGA
1.385,1.385,1.38,1.38,5297,2021-07-06 14:31:00,SRGA
1.38,1.385,1.38,1.38,1060,2021-07-06 14:32:00,SRGA
1.385,1.385,1.385,1.385,1000,2021-07-06 14:33:00,SRGA
1.385,1.39,1.38,1.385,7000,2021-07-06 14:34:00,SRGA
1.385,1.385,1.385,1.385,1000,2021-07-06 14:35:00,SRGA
1.385,1.3879,1.385,1.385,2095,2021-07-06 14:36:00,SRGA
1.385,1.385,1.38,1.38,400,2021-07-06 14:37:00,SRGA
1.385,1.39,1.385,1.385,3904,2021-07-06 14:38:00,SRGA
1.38,1.3801,1.38,1.3801,500,2021-07-06 14:39:00,SRGA
1.3824,1.385,1.3824,1.385,5950,2021-07-06 14:40:00,SRGA
1.385,1.388,1.38,1.385,2100,2021-07-06 14:41:00,SRGA
1.385,1.385,1.385,1.385,400,2021-07-06 14:42:00,SRGA
1.385,1.385,1.385,1.385,500,2021-07-06 14:43:00,SRGA
1.38,1.385,1.38,1.385,200,2021-07-06 14:44:00,SRGA
1.385,1.385,1.38,1.385,600,2021-07-06 14:45:00,SRGA
1.385,1.385,1.38,1.385,300,2021-07-06 14:46:00,SRGA
1.385,1.39,1.385,1.385,4456,2021-07-06 14:47:00,SRGA
1.385,1.385,1.38,1.38,2800,2021-07-06 14:48:00,SRGA
1.385,1.385,1.38,1.38,500,2021-07-06 14:49:00,SRGA
1.385,1.385,1.385,1.385,800,2021-07-06 14:50:00,SRGA
1.385,1.385,1.385,1.385,1100,2021-07-06 14:51:00,SRGA
1.385,1.39,1.385,1.385,1700,2021-07-06 14:52:00,SRGA
1.385,1.39,1.38,1.385,6855,2021-07-06 14:53:00,SRGA
1.39,1.39,1.385,1.385,1200,2021-07-06 14:54:00,SRGA
1.3869,1.39,1.385,1.385,700,2021-07-06 14:55:00,SRGA
1.385,1.385,1.385,1.385,400,2021-07-06 14:56:00,SRGA
1.385,1.385,1.385,1.385,400,2021-07-06 14:57:00,SRGA
1.385,1.385,1.385,1.385,200,2021-07-06 14:58:00,SRGA
1.385,1.385,1.385,1.385,500,2021-07-06 14:59:00,SRGA
1.385,1.385,1.3802,1.385,1603,2021-07-06 15:00:00,SRGA
1.385,1.385,1.38,1.38,600,2021-07-06 15:01:00,SRGA
1.385,1.39,1.385,1.39,1000,2021-07-06 15:02:00,SRGA
1.385,1.39,1.385,1.385,2896,2021-07-06 15:04:00,SRGA
1.385,1.39,1.385,1.385,10629,2021-07-06 15:05:00,SRGA
1.3826,1.39,1.3826,1.39,2250,2021-07-06 15:06:00,SRGA
1.385,1.39,1.385,1.39,12687,2021-07-06 15:07:00,SRGA
1.39,1.39,1.385,1.385,1500,2021-07-06 15:08:00,SRGA
1.385,1.39,1.385,1.39,1861,2021-07-06 15:09:00,SRGA
1.39,1.39,1.385,1.385,600,2021-07-06 15:10:00,SRGA
1.385,1.385,1.3801,1.385,818,2021-07-06 15:11:00,SRGA
1.38,1.39,1.38,1.39,13304,2021-07-06 15:12:00,SRGA
1.385,1.39,1.3831,1.385,6292,2021-07-06 15:13:00,SRGA
1.38,1.39,1.38,1.385,3900,2021-07-06 15:14:00,SRGA
1.385,1.39,1.385,1.385,1800,2021-07-06 15:15:00,SRGA
1.385,1.39,1.385,1.385,1500,2021-07-06 15:16:00,SRGA
1.385,1.39,1.385,1.39,1300,2021-07-06 15:17:00,SRGA
1.39,1.39,1.385,1.39,1200,2021-07-06 15:18:00,SRGA
1.385,1.39,1.385,1.385,1380,2021-07-06 15:19:00,SRGA
1.39,1.39,1.3832,1.39,892,2021-07-06 15:20:00,SRGA
1.385,1.39,1.38,1.38,2957,2021-07-06 15:21:00,SRGA
1.3881,1.39,1.38,1.39,22900,2021-07-06 15:24:00,SRGA
1.39,1.39,1.38,1.38,23379,2021-07-06 15:25:00,SRGA
1.39,1.39,1.38,1.38,2175,2021-07-06 15:26:00,SRGA
1.385,1.385,1.38,1.38,1589,2021-07-06 15:29:00,SRGA
1.385,1.385,1.385,1.385,100,2021-07-06 15:30:00,SRGA
1.385,1.385,1.385,1.385,100,2021-07-06 15:31:00,SRGA
1.385,1.385,1.38,1.38,300,2021-07-06 15:32:00,SRGA
1.385,1.3866,1.38,1.3866,696,2021-07-06 15:33:00,SRGA
1.385,1.388,1.385,1.388,500,2021-07-06 15:34:00,SRGA
1.385,1.385,1.385,1.385,200,2021-07-06 15:35:00,SRGA
1.3837,1.3837,1.3837,1.3837,145,2021-07-06 15:36:00,SRGA
1.385,1.385,1.38,1.385,1035,2021-07-06 15:37:00,SRGA
1.38,1.385,1.38,1.385,200,2021-07-06 15:38:00,SRGA
1.39,1.39,1.38,1.385,1000,2021-07-06 15:40:00,SRGA
1.385,1.385,1.38,1.38,5092,2021-07-06 15:41:00,SRGA
1.385,1.385,1.38,1.38,800,2021-07-06 15:42:00,SRGA
1.38,1.39,1.37,1.37,233445,2021-07-06 15:46:00,SRGA
1.37,1.37,1.36,1.365,77767,2021-07-06 15:48:00,SRGA
1.365,1.365,1.36,1.36,5150,2021-07-06 15:49:00,SRGA
1.36,1.3665,1.36,1.36,3206,2021-07-06 15:50:00,SRGA
1.365,1.369,1.36,1.3664,53500,2021-07-06 15:51:00,SRGA
1.36,1.37,1.36,1.37,96230,2021-07-06 15:52:00,SRGA
1.375,1.375,1.37,1.37,27245,2021-07-06 15:53:00,SRGA
1.37,1.385,1.37,1.38,61536,2021-07-06 15:54:00,SRGA
1.3801,1.3801,1.38,1.38,200,2021-07-06 15:55:00,SRGA
1.385,1.3874,1.38,1.38,21100,2021-07-06 15:57:00,SRGA
1.3801,1.3801,1.38,1.38,3200,2021-07-06 15:58:00,SRGA
1.375,1.375,1.375,1.375,800,2021-07-06 15:59:00,SRGA
1.375,1.375,1.37,1.37,300,2021-07-06 16:00:00,SRGA
1.37,1.372,1.37,1.37,600,2021-07-06 16:01:00,SRGA
1.37,1.37,1.37,1.37,100,2021-07-06 16:02:00,SRGA
1.37,1.37,1.37,1.37,4100,2021-07-06 16:03:00,SRGA
1.38,1.38,1.37,1.37,1100,2021-07-06 16:04:00,SRGA
1.37,1.37,1.37,1.37,1500,2021-07-06 16:05:00,SRGA
1.375,1.38,1.375,1.38,26774,2021-07-06 16:06:00,SRGA
1.37,1.37,1.37,1.37,200,2021-07-06 16:08:00,SRGA
1.37,1.375,1.36,1.365,28698,2021-07-06 16:09:00,SRGA
1.3639,1.3682,1.36,1.365,16500,2021-07-06 16:10:00,SRGA
1.36,1.36,1.36,1.36,2500,2021-07-06 16:11:00,SRGA
1.36,1.365,1.36,1.36,9200,2021-07-06 16:12:00,SRGA
1.36,1.3686,1.36,1.36,24100,2021-07-06 16:13:00,SRGA
1.3632,1.365,1.36,1.36,3452,2021-07-06 16:14:00,SRGA
1.36,1.365,1.36,1.365,5635,2021-07-06 16:15:00,SRGA
1.36,1.36,1.36,1.36,200,2021-07-06 16:16:00,SRGA
1.36,1.36,1.36,1.36,4700,2021-07-06 16:17:00,SRGA
1.365,1.365,1.36,1.36,1600,2021-07-06 16:18:00,SRGA
1.36,1.36,1.36,1.36,200,2021-07-06 16:19:00,SRGA
1.365,1.365,1.36,1.36,17166,2021-07-06 16:20:00,SRGA
1.36,1.36,1.35,1.355,101336,2021-07-06 16:21:00,SRGA
1.35,1.3599,1.35,1.355,2453,2021-07-06 16:22:00,SRGA
1.355,1.36,1.35,1.36,25000,2021-07-06 16:23:00,SRGA
1.355,1.355,1.35,1.35,1100,2021-07-06 16:24:00,SRGA
1.35,1.35,1.35,1.35,100,2021-07-06 16:25:00,SRGA
1.355,1.355,1.35,1.355,11680,2021-07-06 16:26:00,SRGA
1.36,1.36,1.355,1.355,13670,2021-07-06 16:27:00,SRGA
1.355,1.3575,1.35,1.35,1998,2021-07-06 16:28:00,SRGA
1.35,1.35,1.35,1.35,200,2021-07-06 16:29:00,SRGA
1.35,1.357,1.35,1.35,1000,2021-07-06 16:30:00,SRGA
1.355,1.355,1.35,1.35,3700,2021-07-06 16:31:00,SRGA
1.35,1.36,1.35,1.35,1909,2021-07-06 16:32:00,SRGA
1.35,1.3566,1.35,1.3566,200,2021-07-06 16:33:00,SRGA
1.35,1.35,1.35,1.35,300,2021-07-06 16:34:00,SRGA
1.355,1.355,1.35,1.35,23403,2021-07-06 16:35:00,SRGA
1.35,1.36,1.35,1.355,11100,2021-07-06 16:36:00,SRGA
1.35,1.355,1.35,1.355,200,2021-07-06 16:37:00,SRGA
1.35,1.36,1.35,1.35,28600,2021-07-06 16:38:00,SRGA
1.35,1.35,1.35,1.35,100,2021-07-06 16:39:00,SRGA
1.355,1.3586,1.35,1.355,21031,2021-07-06 16:40:00,SRGA
1.35,1.355,1.35,1.35,400,2021-07-06 16:41:00,SRGA
1.355,1.355,1.35,1.35,1956,2021-07-06 16:42:00,SRGA
1.35,1.355,1.35,1.355,200,2021-07-06 16:43:00,SRGA
1.35,1.355,1.35,1.35,800,2021-07-06 16:44:00,SRGA
1.35,1.351,1.35,1.351,260,2021-07-06 16:45:00,SRGA
1.35,1.355,1.35,1.35,8900,2021-07-06 16:46:00,SRGA
1.35,1.36,1.35,1.35,6390,2021-07-06 16:47:00,SRGA
1.35,1.35,1.35,1.35,4100,2021-07-06 16:48:00,SRGA
1.35,1.35,1.35,1.35,500,2021-07-06 16:49:00,SRGA
1.35,1.36,1.35,1.36,4544,2021-07-06 16:50:00,SRGA
1.35,1.355,1.35,1.355,400,2021-07-06 16:51:00,SRGA
1.35,1.355,1.35,1.35,3300,2021-07-06 16:52:00,SRGA
1.35,1.355,1.35,1.35,2900,2021-07-06 16:53:00,SRGA
1.355,1.355,1.35,1.35,725,2021-07-06 16:54:00,SRGA
1.35,1.355,1.35,1.35,2100,2021-07-06 16:55:00,SRGA
1.35,1.355,1.35,1.355,5100,2021-07-06 16:56:00,SRGA
1.35,1.35,1.35,1.35,100,2021-07-06 16:57:00,SRGA
1.355,1.36,1.355,1.355,4867,2021-07-06 16:58:00,SRGA
1.35,1.36,1.35,1.35,1100,2021-07-06 16:59:00,SRGA
1.355,1.3582,1.355,1.3582,4204,2021-07-06 17:00:00,SRGA
1.35,1.355,1.35,1.355,9007,2021-07-06 17:01:00,SRGA
1.35,1.3599,1.35,1.35,3200,2021-07-06 17:02:00,SRGA
1.35,1.35,1.35,1.35,100,2021-07-06 17:03:00,SRGA
1.35,1.355,1.35,1.355,4750,2021-07-06 17:04:00,SRGA
1.355,1.355,1.35,1.355,1600,2021-07-06 17:05:00,SRGA
1.35,1.35,1.35,1.35,100,2021-07-06 17:06:00,SRGA
1.35,1.35,1.35,1.35,100,2021-07-06 17:08:00,SRGA
1.355,1.355,1.35,1.35,1300,2021-07-06 17:09:00,SRGA
1.355,1.355,1.35,1.35,790,2021-07-06 17:10:00,SRGA
1.355,1.355,1.355,1.355,250,2021-07-06 17:11:00,SRGA
1.355,1.36,1.35,1.35,5881,2021-07-06 17:12:00,SRGA
1.355,1.355,1.35,1.35,1800,2021-07-06 17:13:00,SRGA
1.355,1.355,1.35,1.35,43100,2021-07-06 17:14:00,SRGA
1.355,1.355,1.35,1.355,34900,2021-07-06 17:15:00,SRGA
1.355,1.3563,1.35,1.35,8750,2021-07-06 17:16:00,SRGA
1.3599,1.3599,1.35,1.355,8600,2021-07-06 17:17:00,SRGA
1.355,1.355,1.35,1.35,300,2021-07-06 17:18:00,SRGA
1.355,1.355,1.355,1.355,100,2021-07-06 17:19:00,SRGA
1.35,1.355,1.35,1.35,825,2021-07-06 17:20:00,SRGA
1.35,1.355,1.35,1.355,5100,2021-07-06 17:21:00,SRGA
1.35,1.355,1.35,1.35,300,2021-07-06 17:22:00,SRGA
1.35,1.35,1.35,1.35,300,2021-07-06 17:23:00,SRGA
1.355,1.355,1.35,1.35,200,2021-07-06 17:24:00,SRGA
1.35,1.355,1.35,1.35,7000,2021-07-06 17:25:00,SRGA
1.355,1.355,1.35,1.35,300,2021-07-06 17:26:00,SRGA
1.35,1.355,1.35,1.355,200,2021-07-06 17:27:00,SRGA
1.35,1.36,1.35,1.35,18753,2021-07-06 17:28:00,SRGA
1.355,1.355,1.35,1.35,1900,2021-07-06 17:29:00,SRGA
1.355,1.36,1.35,1.35,6100,2021-07-06 17:30:00,SRGA
1.355,1.355,1.35,1.35,3300,2021-07-06 17:31:00,SRGA
1.3537,1.355,1.3537,1.355,400,2021-07-06 17:32:00,SRGA
1.35,1.35,1.35,1.35,200,2021-07-06 17:33:00,SRGA
1.35,1.355,1.35,1.355,1600,2021-07-06 17:34:00,SRGA
1.35,1.355,1.35,1.35,716,2021-07-06 17:35:00,SRGA
1.355,1.355,1.35,1.35,2500,2021-07-06 17:36:00,SRGA
1.35,1.35,1.35,1.35,8802,2021-07-06 17:37:00,SRGA
1.355,1.355,1.35,1.355,4572,2021-07-06 17:38:00,SRGA
1.355,1.355,1.35,1.355,8021,2021-07-06 17:39:00,SRGA
1.35,1.35,1.35,1.35,200,2021-07-06 17:40:00,SRGA
1.35,1.355,1.35,1.35,1000,2021-07-06 17:41:00,SRGA
1.355,1.3569,1.35,1.35,1350,2021-07-06 17:42:00,SRGA
1.355,1.355,1.35,1.355,800,2021-07-06 17:43:00,SRGA
1.35,1.3526,1.35,1.35,750,2021-07-06 17:44:00,SRGA
1.35,1.35,1.35,1.35,200,2021-07-06 17:45:00,SRGA
1.3538,1.355,1.32,1.3233,335802,2021-07-06 17:46:00,SRGA
1.325,1.3299,1.32,1.3299,98061,2021-07-06 17:47:00,SRGA
1.32,1.33,1.32,1.32,46790,2021-07-06 17:48:00,SRGA
1.32,1.3271,1.32,1.32,56415,2021-07-06 17:49:00,SRGA
1.32,1.3364,1.32,1.3299,98351,2021-07-06 17:50:00,SRGA
1.325,1.33,1.32,1.33,4410,2021-07-06 17:51:00,SRGA
1.325,1.3373,1.32,1.335,54300,2021-07-06 17:52:00,SRGA
1.335,1.335,1.33,1.335,5100,2021-07-06 17:53:00,SRGA
1.3375,1.3375,1.335,1.335,1404,2021-07-06 17:54:00,SRGA
1.335,1.3399,1.33,1.33,5505,2021-07-06 17:55:00,SRGA
1.3363,1.3399,1.33,1.33,20521,2021-07-06 17:56:00,SRGA
1.33,1.33,1.33,1.33,2100,2021-07-06 17:57:00,SRGA
1.33,1.33,1.33,1.33,900,2021-07-06 17:58:00,SRGA
1.34,1.34,1.33,1.33,1750,2021-07-06 17:59:00,SRGA
1.335,1.34,1.33,1.33,11000,2021-07-06 18:00:00,SRGA
1.33,1.335,1.33,1.33,2934,2021-07-06 18:01:00,SRGA
1.33,1.33,1.33,1.33,2900,2021-07-06 18:02:00,SRGA
1.33,1.33,1.33,1.33,800,2021-07-06 18:03:00,SRGA
1.33,1.335,1.33,1.33,2800,2021-07-06 18:04:00,SRGA
1.33,1.3371,1.33,1.33,4845,2021-07-06 18:05:00,SRGA
1.33,1.34,1.33,1.335,10100,2021-07-06 18:06:00,SRGA
1.33,1.3399,1.33,1.33,5050,2021-07-06 18:07:00,SRGA
1.33,1.33,1.33,1.33,400,2021-07-06 18:08:00,SRGA
1.34,1.34,1.33,1.33,42468,2021-07-06 18:09:00,SRGA
1.335,1.34,1.33,1.33,73600,2021-07-06 18:10:00,SRGA
1.335,1.335,1.33,1.33,300,2021-07-06 18:11:00,SRGA
1.33,1.33,1.33,1.33,10380,2021-07-06 18:12:00,SRGA
1.33,1.338,1.33,1.335,4850,2021-07-06 18:13:00,SRGA
1.33,1.335,1.33,1.335,300,2021-07-06 18:14:00,SRGA
1.33,1.34,1.33,1.33,700,2021-07-06 18:15:00,SRGA
1.335,1.335,1.33,1.33,9200,2021-07-06 18:16:00,SRGA
1.33,1.33,1.33,1.33,1100,2021-07-06 18:17:00,SRGA
1.33,1.33,1.33,1.33,2200,2021-07-06 18:18:00,SRGA
1.33,1.337,1.33,1.33,2875,2021-07-06 18:19:00,SRGA
1.335,1.339,1.33,1.33,18968,2021-07-06 18:20:00,SRGA
1.33,1.33,1.33,1.33,1100,2021-07-06 18:21:00,SRGA
1.33,1.33,1.33,1.33,4274,2021-07-06 18:22:00,SRGA
1.33,1.335,1.33,1.33,3400,2021-07-06 18:23:00,SRGA
1.3366,1.3366,1.33,1.33,668,2021-07-06 18:24:00,SRGA
1.33,1.33,1.33,1.33,100,2021-07-06 18:25:00,SRGA
1.33,1.33,1.33,1.33,1400,2021-07-06 18:26:00,SRGA
1.33,1.335,1.33,1.33,5100,2021-07-06 18:27:00,SRGA
1.33,1.3332,1.33,1.3332,1500,2021-07-06 18:28:00,SRGA
1.33,1.33,1.33,1.33,100,2021-07-06 18:29:00,SRGA
1.335,1.335,1.33,1.335,7957,2021-07-06 18:30:00,SRGA
1.338,1.338,1.33,1.33,3065,2021-07-06 18:31:00,SRGA
1.33,1.33,1.33,1.33,500,2021-07-06 18:32:00,SRGA
1.33,1.33,1.33,1.33,100,2021-07-06 18:33:00,SRGA
1.33,1.33,1.33,1.33,100,2021-07-06 18:34:00,SRGA
1.33,1.33,1.33,1.33,3382,2021-07-06 18:35:00,SRGA
1.3327,1.3327,1.33,1.33,300,2021-07-06 18:36:00,SRGA
1.3327,1.3327,1.33,1.33,4550,2021-07-06 18:37:00,SRGA
1.33,1.33,1.33,1.33,300,2021-07-06 18:38:00,SRGA
1.33,1.33,1.33,1.33,2100,2021-07-06 18:40:00,SRGA
1.33,1.33,1.33,1.33,1273,2021-07-06 18:41:00,SRGA
1.33,1.3367,1.33,1.3362,10800,2021-07-06 18:42:00,SRGA
1.33,1.33,1.33,1.33,250,2021-07-06 18:44:00,SRGA
1.3362,1.3362,1.33,1.33,400,2021-07-06 18:45:00,SRGA
1.33,1.3336,1.33,1.3336,2100,2021-07-06 18:46:00,SRGA
1.34,1.34,1.33,1.33,6900,2021-07-06 18:47:00,SRGA
1.3399,1.3399,1.33,1.33,10361,2021-07-06 18:48:00,SRGA
1.34,1.34,1.33,1.33,1700,2021-07-06 18:49:00,SRGA
1.33,1.33,1.33,1.33,100,2021-07-06 18:50:00,SRGA
1.335,1.335,1.335,1.335,500,2021-07-06 18:51:00,SRGA
1.33,1.3368,1.33,1.3368,1200,2021-07-06 18:52:00,SRGA
1.335,1.335,1.33,1.335,1100,2021-07-06 18:53:00,SRGA
1.34,1.34,1.33,1.33,600,2021-07-06 18:54:00,SRGA
1.33,1.3339,1.33,1.33,1225,2021-07-06 18:55:00,SRGA
1.33,1.335,1.33,1.335,3600,2021-07-06 18:57:00,SRGA
1.33,1.3399,1.33,1.33,2500,2021-07-06 18:58:00,SRGA
1.33,1.33,1.33,1.33,352,2021-07-06 18:59:00,SRGA
1.335,1.335,1.33,1.33,2900,2021-07-06 19:00:00,SRGA
1.335,1.335,1.33,1.335,2700,2021-07-06 19:01:00,SRGA
1.335,1.335,1.335,1.335,100,2021-07-06 19:02:00,SRGA
1.33,1.33,1.33,1.33,300,2021-07-06 19:03:00,SRGA
1.33,1.33,1.33,1.33,100,2021-07-06 19:04:00,SRGA
1.335,1.335,1.33,1.33,13295,2021-07-06 19:05:00,SRGA
1.335,1.335,1.335,1.335,1300,2021-07-06 19:06:00,SRGA
1.33,1.335,1.33,1.335,3150,2021-07-06 19:07:00,SRGA
1.33,1.335,1.33,1.335,900,2021-07-06 19:08:00,SRGA
1.33,1.33,1.33,1.33,400,2021-07-06 19:09:00,SRGA
1.335,1.338,1.335,1.335,10100,2021-07-06 19:10:00,SRGA
1.33,1.33,1.33,1.33,1300,2021-07-06 19:11:00,SRGA
1.33,1.33,1.33,1.33,400,2021-07-06 19:12:00,SRGA
1.335,1.335,1.33,1.335,600,2021-07-06 19:13:00,SRGA
1.34,1.35,1.33,1.345,166495,2021-07-06 19:14:00,SRGA
1.345,1.36,1.345,1.355,56308,2021-07-06 19:15:00,SRGA
1.355,1.355,1.35,1.35,1400,2021-07-06 19:16:00,SRGA
1.355,1.36,1.3501,1.355,84553,2021-07-06 19:17:00,SRGA
1.355,1.355,1.355,1.355,350,2021-07-06 19:18:00,SRGA
1.3599,1.3599,1.355,1.355,1881,2021-07-06 19:19:00,SRGA
1.355,1.355,1.35,1.35,2200,2021-07-06 19:20:00,SRGA
1.355,1.36,1.35,1.35,8800,2021-07-06 19:21:00,SRGA
1.3563,1.3563,1.3563,1.3563,100,2021-07-06 19:22:00,SRGA
1.35,1.357,1.35,1.35,1830,2021-07-06 19:23:00,SRGA
1.35,1.3549,1.35,1.35,1500,2021-07-06 19:24:00,SRGA
1.35,1.35,1.34,1.34,17385,2021-07-06 19:25:00,SRGA
1.34,1.34,1.34,1.34,500,2021-07-06 19:26:00,SRGA
1.34,1.3461,1.34,1.34,900,2021-07-06 19:27:00,SRGA
1.34,1.34,1.34,1.34,800,2021-07-06 19:28:00,SRGA
1.34,1.345,1.34,1.345,5400,2021-07-06 19:29:00,SRGA
1.34,1.34,1.34,1.34,1500,2021-07-06 19:30:00,SRGA
1.34,1.34,1.34,1.34,500,2021-07-06 19:31:00,SRGA
1.34,1.34,1.34,1.34,2600,2021-07-06 19:32:00,SRGA
1.34,1.34,1.34,1.34,400,2021-07-06 19:33:00,SRGA
1.34,1.3423,1.34,1.34,4300,2021-07-06 19:34:00,SRGA
1.34,1.34,1.34,1.34,1300,2021-07-06 19:35:00,SRGA
1.34,1.3461,1.34,1.34,1600,2021-07-06 19:36:00,SRGA
1.34,1.34,1.34,1.34,400,2021-07-06 19:37:00,SRGA
1.34,1.345,1.34,1.34,7500,2021-07-06 19:38:00,SRGA
1.345,1.345,1.34,1.34,700,2021-07-06 19:39:00,SRGA
1.34,1.3428,1.34,1.34,400,2021-07-06 19:40:00,SRGA
1.34,1.345,1.34,1.34,700,2021-07-06 19:41:00,SRGA
1.345,1.345,1.34,1.34,12800,2021-07-06 19:42:00,SRGA
1.34,1.35,1.34,1.34,17099,2021-07-06 19:43:00,SRGA
1.34,1.345,1.34,1.34,2499,2021-07-06 19:44:00,SRGA
1.34,1.345,1.34,1.34,5793,2021-07-06 19:45:00,SRGA
1.34,1.3464,1.34,1.34,2400,2021-07-06 19:46:00,SRGA
1.345,1.345,1.34,1.345,1540,2021-07-06 19:47:00,SRGA
1.34,1.345,1.34,1.3449,600,2021-07-06 19:48:00,SRGA
1.3429,1.345,1.34,1.34,714,2021-07-06 19:49:00,SRGA
1.34,1.345,1.34,1.34,14200,2021-07-06 19:50:00,SRGA
1.34,1.35,1.34,1.34,7300,2021-07-06 19:51:00,SRGA
1.34,1.345,1.34,1.34,8500,2021-07-06 19:52:00,SRGA
1.34,1.345,1.34,1.34,1875,2021-07-06 19:53:00,SRGA
1.34,1.35,1.34,1.34,6529,2021-07-06 19:54:00,SRGA
1.345,1.345,1.34,1.34,7919,2021-07-06 19:55:00,SRGA
1.34,1.345,1.34,1.34,20583,2021-07-06 19:56:00,SRGA
1.34,1.35,1.34,1.345,6692,2021-07-06 19:57:00,SRGA
1.34,1.345,1.34,1.34,11116,2021-07-06 19:58:00,SRGA
1.34,1.345,1.33,1.33,53201,2021-07-06 19:59:00,SRGA
1.33,1.33,1.33,1.33,71956,2021-07-06 20:00:00,SRGA
1.335,1.335,1.335,1.335,100,2021-07-06 20:01:00,SRGA
1.34,1.34,1.34,1.34,100,2021-07-06 20:05:00,SRGA
1.33,1.33,1.33,1.33,100,2021-07-06 20:06:00,SRGA
1.34,1.34,1.34,1.34,250,2021-07-06 20:17:00,SRGA
1.3399,1.3399,1.3399,1.3399,200,2021-07-06 20:26:00,SRGA
1.33,1.33,1.33,1.33,1050,2021-07-06 20:32:00,SRGA
1.33,1.33,1.33,1.33,900,2021-07-06 20:36:00,SRGA
1.33,1.33,1.33,1.33,1000,2021-07-06 20:39:00,SRGA
1.33,1.33,1.33,1.33,100,2021-07-06 20:40:00,SRGA
1.32,1.32,1.32,1.32,2500,2021-07-06 20:41:00,SRGA
1.32,1.32,1.32,1.32,1698,2021-07-06 20:43:00,SRGA
1.34,1.34,1.34,1.34,100,2021-07-06 20:46:00,SRGA
1.34,1.34,1.34,1.34,2200,2021-07-06 20:49:00,SRGA
1.34,1.34,1.34,1.34,250,2021-07-06 20:56:00,SRGA
1.33,1.33,1.33,1.33,34601,2021-07-06 21:12:00,SRGA
1.34,1.34,1.34,1.34,100,2021-07-06 21:23:00,SRGA
1.33,1.33,1.33,1.33,1500,2021-07-06 21:33:00,SRGA
1.33,1.33,1.33,1.33,1000,2021-07-06 21:38:00,SRGA
1.3301,1.3301,1.33,1.33,350,2021-07-06 21:42:00,SRGA
1.34,1.34,1.34,1.34,100,2021-07-06 23:31:00,SRGA
1.34,1.34,1.34,1.34,290,2021-07-06 23:39:00,SRGA
1.35,1.35,1.35,1.35,200,2021-07-06 23:41:00,SRGA
1.35,1.35,1.35,1.35,100,2021-07-06 23:42:00,SRGA
1.32,1.32,1.32,1.32,921,2021-07-07 08:03:00,SRGA
1.33,1.33,1.33,1.33,100,2021-07-07 08:45:00,SRGA
1.33,1.33,1.33,1.33,126,2021-07-07 08:58:00,SRGA
1.33,1.33,1.33,1.33,151,2021-07-07 09:00:00,SRGA
1.33,1.33,1.33,1.33,111,2021-07-07 09:26:00,SRGA
1.34,1.34,1.34,1.34,300,2021-07-07 10:17:00,SRGA
1.34,1.35,1.34,1.35,1000,2021-07-07 10:21:00,SRGA
1.34,1.34,1.34,1.34,1200,2021-07-07 11:23:00,SRGA
1.34,1.34,1.34,1.34,100,2021-07-07 12:05:00,SRGA
1.3301,1.3301,1.3301,1.3301,3516,2021-07-07 12:22:00,SRGA
1.33,1.33,1.33,1.33,9852,2021-07-07 12:53:00,SRGA
1.35,1.35,1.35,1.35,300,2021-07-07 12:58:00,SRGA
1.33,1.33,1.33,1.33,2712,2021-07-07 13:00:00,SRGA
1.34,1.34,1.34,1.34,300,2021-07-07 13:17:00,SRGA
1.33,1.34,1.32,1.32,20422,2021-07-07 13:30:00,SRGA
1.3346,1.3346,1.31,1.31,42822,2021-07-07 13:31:00,SRGA
1.3177,1.325,1.3101,1.32,6302,2021-07-07 13:32:00,SRGA
1.3283,1.335,1.32,1.325,22597,2021-07-07 13:33:00,SRGA
1.325,1.325,1.32,1.325,1250,2021-07-07 13:34:00,SRGA
1.325,1.33,1.32,1.32,4920,2021-07-07 13:35:00,SRGA
1.32,1.328,1.32,1.325,1857,2021-07-07 13:36:00,SRGA
1.325,1.33,1.3234,1.3234,5788,2021-07-07 13:37:00,SRGA
1.323,1.323,1.32,1.3224,21606,2021-07-07 13:38:00,SRGA
1.32,1.325,1.32,1.325,1300,2021-07-07 13:39:00,SRGA
1.33,1.33,1.32,1.3283,4277,2021-07-07 13:40:00,SRGA
1.325,1.33,1.325,1.325,300,2021-07-07 13:41:00,SRGA
1.325,1.3273,1.3215,1.3272,6200,2021-07-07 13:42:00,SRGA
1.3263,1.3263,1.315,1.315,25523,2021-07-07 13:43:00,SRGA
1.3176,1.3199,1.3174,1.3174,528,2021-07-07 13:44:00,SRGA
1.32,1.32,1.31,1.31,2530,2021-07-07 13:45:00,SRGA
1.3173,1.3173,1.3173,1.3173,500,2021-07-07 13:46:00,SRGA
1.32,1.32,1.31,1.315,5800,2021-07-07 13:47:00,SRGA
1.3168,1.32,1.31,1.31,3617,2021-07-07 13:48:00,SRGA
1.315,1.3168,1.27,1.27,191757,2021-07-07 13:49:00,SRGA
1.275,1.2876,1.27,1.28,101740,2021-07-07 13:50:00,SRGA
1.28,1.285,1.27,1.2701,43042,2021-07-07 13:51:00,SRGA
1.275,1.28,1.27,1.27,119653,2021-07-07 13:52:00,SRGA
1.2799,1.28,1.27,1.275,24791,2021-07-07 13:53:00,SRGA
1.275,1.2899,1.275,1.28,38583,2021-07-07 13:54:00,SRGA
1.289,1.29,1.28,1.29,28158,2021-07-07 13:55:00,SRGA
1.2892,1.3,1.28,1.295,89440,2021-07-07 13:56:00,SRGA
1.295,1.3,1.29,1.29,39475,2021-07-07 13:57:00,SRGA
1.295,1.3,1.29,1.295,18800,2021-07-07 13:58:00,SRGA
1.295,1.3,1.295,1.2976,6600,2021-07-07 13:59:00,SRGA
1.295,1.295,1.29,1.295,1600,2021-07-07 14:00:00,SRGA
1.295,1.295,1.27,1.2799,107940,2021-07-07 14:01:00,SRGA
1.2775,1.29,1.275,1.28,38116,2021-07-07 14:02:00,SRGA
1.28,1.285,1.28,1.28,2400,2021-07-07 14:03:00,SRGA
1.28,1.28,1.27,1.275,15784,2021-07-07 14:04:00,SRGA
1.275,1.275,1.27,1.275,887,2021-07-07 14:05:00,SRGA
1.275,1.28,1.27,1.27,1635,2021-07-07 14:06:00,SRGA
1.275,1.2799,1.27,1.275,30405,2021-07-07 14:07:00,SRGA
1.27,1.28,1.27,1.2787,17925,2021-07-07 14:08:00,SRGA
1.275,1.285,1.27,1.28,93887,2021-07-07 14:09:00,SRGA
1.285,1.287,1.28,1.28,31070,2021-07-07 14:10:00,SRGA
1.285,1.285,1.28,1.285,300,2021-07-07 14:11:00,SRGA
1.285,1.29,1.28,1.288,14700,2021-07-07 14:12:00,SRGA
1.285,1.29,1.28,1.285,32020,2021-07-07 14:13:00,SRGA
1.285,1.2859,1.28,1.285,1300,2021-07-07 14:14:00,SRGA
1.28,1.285,1.28,1.285,1878,2021-07-07 14:15:00,SRGA
1.285,1.285,1.28,1.285,6210,2021-07-07 14:16:00,SRGA
1.2864,1.2864,1.28,1.28,5550,2021-07-07 14:17:00,SRGA
1.28,1.2864,1.28,1.28,1750,2021-07-07 14:18:00,SRGA
1.28,1.29,1.28,1.28,1842,2021-07-07 14:19:00,SRGA
1.28,1.2823,1.27,1.275,59975,2021-07-07 14:20:00,SRGA
1.275,1.28,1.27,1.275,5877,2021-07-07 14:21:00,SRGA
1.27,1.28,1.27,1.275,8300,2021-07-07 14:22:00,SRGA
1.2799,1.2799,1.27,1.27,2000,2021-07-07 14:23:00,SRGA
1.275,1.275,1.27,1.27,1150,2021-07-07 14:24:00,SRGA
1.27,1.28,1.27,1.27,2730,2021-07-07 14:25:00,SRGA
1.275,1.275,1.27,1.27,1100,2021-07-07 14:26:00,SRGA
1.275,1.275,1.27,1.27,3450,2021-07-07 14:27:00,SRGA
1.2799,1.28,1.27,1.27,6951,2021-07-07 14:28:00,SRGA
1.27,1.2777,1.26,1.26,135251,2021-07-07 14:29:00,SRGA
1.26,1.2661,1.25,1.25,40940,2021-07-07 14:30:00,SRGA
1.25,1.26,1.25,1.25,70620,2021-07-07 14:31:00,SRGA
1.2569,1.2599,1.25,1.255,31165,2021-07-07 14:32:00,SRGA
1.253,1.255,1.25,1.255,3677,2021-07-07 14:33:00,SRGA
1.255,1.2599,1.2501,1.2599,11223,2021-07-07 14:34:00,SRGA
1.255,1.26,1.25,1.255,19358,2021-07-07 14:35:00,SRGA
1.255,1.258,1.25,1.2501,24162,2021-07-07 14:36:00,SRGA
1.2513,1.26,1.25,1.2575,3700,2021-07-07 14:37:00,SRGA
1.255,1.2577,1.25,1.25,10695,2021-07-07 14:38:00,SRGA
1.255,1.26,1.25,1.255,3501,2021-07-07 14:39:00,SRGA
1.25,1.26,1.25,1.25,5980,2021-07-07 14:40:00,SRGA
1.25,1.26,1.25,1.255,2618,2021-07-07 14:41:00,SRGA
1.25,1.255,1.25,1.25,8202,2021-07-07 14:42:00,SRGA
1.2599,1.2599,1.25,1.255,12920,2021-07-07 14:43:00,SRGA
1.25,1.2569,1.25,1.25,19000,2021-07-07 14:44:00,SRGA
1.25,1.265,1.25,1.26,121878,2021-07-07 14:45:00,SRGA
1.26,1.2671,1.26,1.2601,3119,2021-07-07 14:46:00,SRGA
1.27,1.27,1.26,1.26,2200,2021-07-07 14:47:00,SRGA
1.265,1.265,1.26,1.265,3600,2021-07-07 14:48:00,SRGA
1.26,1.265,1.26,1.26,19437,2021-07-07 14:49:00,SRGA
1.265,1.27,1.26,1.265,62240,2021-07-07 14:50:00,SRGA
1.2601,1.267,1.26,1.265,1441,2021-07-07 14:51:00,SRGA
1.265,1.265,1.26,1.26,1308,2021-07-07 14:52:00,SRGA
1.265,1.2691,1.26,1.265,18648,2021-07-07 14:53:00,SRGA
1.265,1.27,1.26,1.26,3399,2021-07-07 14:54:00,SRGA
1.2651,1.2651,1.26,1.26,950,2021-07-07 14:55:00,SRGA
1.27,1.27,1.26,1.2618,16505,2021-07-07 14:56:00,SRGA
1.26,1.2699,1.26,1.265,900,2021-07-07 14:57:00,SRGA
1.265,1.265,1.26,1.26,6704,2021-07-07 14:58:00,SRGA
1.265,1.265,1.26,1.265,4400,2021-07-07 14:59:00,SRGA
1.27,1.27,1.26,1.26,6040,2021-07-07 15:00:00,SRGA
1.2693,1.27,1.26,1.265,33262,2021-07-07 15:01:00,SRGA
1.265,1.265,1.26,1.265,6043,2021-07-07 15:02:00,SRGA
1.26,1.265,1.26,1.265,1700,2021-07-07 15:03:00,SRGA
1.26,1.265,1.26,1.26,3048,2021-07-07 15:04:00,SRGA
1.265,1.265,1.24,1.24,169205,2021-07-07 15:05:00,SRGA
1.245,1.255,1.245,1.255,83609,2021-07-07 15:06:00,SRGA
1.25,1.26,1.25,1.255,7363,2021-07-07 15:07:00,SRGA
1.25,1.2593,1.25,1.255,18913,2021-07-07 15:08:00,SRGA
1.255,1.26,1.25,1.255,36884,2021-07-07 15:09:00,SRGA
1.25,1.255,1.25,1.255,200,2021-07-07 15:10:00,SRGA
1.26,1.26,1.25,1.2573,12000,2021-07-07 15:11:00,SRGA
1.255,1.26,1.2501,1.255,18077,2021-07-07 15:12:00,SRGA
1.2593,1.2593,1.255,1.255,21150,2021-07-07 15:13:00,SRGA
1.25,1.255,1.25,1.2501,5353,2021-07-07 15:14:00,SRGA
1.25,1.2576,1.25,1.25,1500,2021-07-07 15:15:00,SRGA
1.25,1.257,1.24,1.24,23283,2021-07-07 15:16:00,SRGA
1.24,1.25,1.24,1.245,25000,2021-07-07 15:17:00,SRGA
1.245,1.25,1.24,1.245,4626,2021-07-07 15:18:00,SRGA
1.245,1.2563,1.245,1.255,82537,2021-07-07 15:19:00,SRGA
1.255,1.26,1.25,1.255,1500,2021-07-07 15:20:00,SRGA
1.255,1.26,1.25,1.255,1600,2021-07-07 15:21:00,SRGA
1.255,1.255,1.245,1.245,27035,2021-07-07 15:22:00,SRGA
1.245,1.25,1.24,1.245,18539,2021-07-07 15:23:00,SRGA
1.245,1.2499,1.24,1.2499,1849,2021-07-07 15:24:00,SRGA
1.245,1.25,1.24,1.245,22159,2021-07-07 15:25:00,SRGA
1.245,1.245,1.24,1.245,1000,2021-07-07 15:26:00,SRGA
1.245,1.245,1.24,1.245,458,2021-07-07 15:27:00,SRGA
1.245,1.245,1.245,1.245,600,2021-07-07 15:28:00,SRGA
1.245,1.2499,1.24,1.2499,1800,2021-07-07 15:29:00,SRGA
1.245,1.2474,1.24,1.24,4704,2021-07-07 15:30:00,SRGA
1.245,1.247,1.245,1.245,27459,2021-07-07 15:31:00,SRGA
1.24,1.245,1.24,1.24,4300,2021-07-07 15:32:00,SRGA
1.24,1.247,1.23,1.235,81923,2021-07-07 15:33:00,SRGA
1.235,1.24,1.23,1.23,27400,2021-07-07 15:34:00,SRGA
1.24,1.24,1.23,1.23,44100,2021-07-07 15:35:00,SRGA
1.23,1.235,1.23,1.235,700,2021-07-07 15:36:00,SRGA
1.23,1.235,1.23,1.235,1000,2021-07-07 15:37:00,SRGA
1.235,1.245,1.23,1.24,111545,2021-07-07 15:38:00,SRGA
1.245,1.2499,1.24,1.24,9700,2021-07-07 15:39:00,SRGA
1.245,1.2455,1.24,1.245,803,2021-07-07 15:40:00,SRGA
1.245,1.245,1.24,1.245,300,2021-07-07 15:41:00,SRGA
1.2499,1.2499,1.245,1.245,6400,2021-07-07 15:42:00,SRGA
1.245,1.25,1.245,1.245,1741,2021-07-07 15:43:00,SRGA
1.245,1.246,1.245,1.245,2050,2021-07-07 15:44:00,SRGA
1.245,1.25,1.2433,1.25,37423,2021-07-07 15:45:00,SRGA
1.255,1.2668,1.255,1.2668,23493,2021-07-07 15:46:00,SRGA
1.265,1.265,1.265,1.265,300,2021-07-07 15:47:00,SRGA
1.2638,1.267,1.26,1.265,2213,2021-07-07 15:48:00,SRGA
1.26,1.269,1.26,1.269,27973,2021-07-07 15:49:00,SRGA
1.265,1.265,1.2609,1.2615,10100,2021-07-07 15:50:00,SRGA
1.265,1.269,1.26,1.265,4361,2021-07-07 15:51:00,SRGA
1.265,1.2666,1.255,1.255,11696,2021-07-07 15:52:00,SRGA
1.25,1.255,1.25,1.255,600,2021-07-07 15:53:00,SRGA
1.255,1.26,1.255,1.255,1100,2021-07-07 15:54:00,SRGA
1.2569,1.2569,1.25,1.25,350,2021-07-07 15:55:00,SRGA
1.25,1.255,1.25,1.25,400,2021-07-07 15:56:00,SRGA
1.2518,1.26,1.25,1.26,5571,2021-07-07 15:57:00,SRGA
1.25,1.255,1.25,1.255,400,2021-07-07 15:58:00,SRGA
1.2593,1.2593,1.24,1.245,82623,2021-07-07 15:59:00,SRGA
1.245,1.26,1.245,1.2511,77087,2021-07-07 16:00:00,SRGA
1.2501,1.26,1.2501,1.26,30865,2021-07-07 16:01:00,SRGA
1.26,1.26,1.255,1.255,3850,2021-07-07 16:02:00,SRGA
1.26,1.26,1.255,1.255,2300,2021-07-07 16:03:00,SRGA
1.26,1.26,1.255,1.255,1226,2021-07-07 16:05:00,SRGA
1.255,1.2599,1.253,1.2599,1406,2021-07-07 16:06:00,SRGA
1.255,1.255,1.255,1.255,100,2021-07-07 16:07:00,SRGA
1.255,1.255,1.255,1.255,300,2021-07-07 16:08:00,SRGA
1.255,1.255,1.255,1.255,1386,2021-07-07 16:09:00,SRGA
1.25,1.255,1.25,1.25,500,2021-07-07 16:10:00,SRGA
1.25,1.2571,1.25,1.255,2590,2021-07-07 16:11:00,SRGA
1.255,1.255,1.25,1.25,510,2021-07-07 16:12:00,SRGA
1.255,1.255,1.25,1.25,300,2021-07-07 16:13:00,SRGA
1.255,1.2599,1.25,1.2599,1500,2021-07-07 16:14:00,SRGA
1.25,1.255,1.25,1.255,800,2021-07-07 16:15:00,SRGA
1.25,1.25,1.25,1.25,100,2021-07-07 16:16:00,SRGA
1.255,1.255,1.25,1.255,879,2021-07-07 16:17:00,SRGA
1.255,1.255,1.25,1.255,300,2021-07-07 16:18:00,SRGA
1.255,1.27,1.255,1.26,22582,2021-07-07 16:19:00,SRGA
1.265,1.265,1.2625,1.2625,3581,2021-07-07 16:20:00,SRGA
1.265,1.265,1.2623,1.2623,400,2021-07-07 16:21:00,SRGA
1.265,1.265,1.265,1.265,100,2021-07-07 16:22:00,SRGA
1.26,1.265,1.26,1.2601,1200,2021-07-07 16:23:00,SRGA
1.265,1.2677,1.265,1.265,1700,2021-07-07 16:24:00,SRGA
1.26,1.265,1.26,1.265,200,2021-07-07 16:25:00,SRGA
1.265,1.269,1.26,1.265,2862,2021-07-07 16:26:00,SRGA
1.265,1.27,1.265,1.27,500,2021-07-07 16:27:00,SRGA
1.2699,1.27,1.265,1.27,25900,2021-07-07 16:28:00,SRGA
1.27,1.27,1.27,1.27,5400,2021-07-07 16:29:00,SRGA
1.27,1.27,1.265,1.265,2600,2021-07-07 16:30:00,SRGA
1.265,1.27,1.265,1.265,3600,2021-07-07 16:31:00,SRGA
1.265,1.265,1.265,1.265,100,2021-07-07 16:32:00,SRGA
1.265,1.265,1.265,1.265,300,2021-07-07 16:33:00,SRGA
1.2652,1.2699,1.265,1.2699,1478,2021-07-07 16:34:00,SRGA
1.265,1.27,1.265,1.27,13400,2021-07-07 16:35:00,SRGA
1.265,1.27,1.265,1.265,6414,2021-07-07 16:36:00,SRGA
1.265,1.265,1.26,1.26,650,2021-07-07 16:37:00,SRGA
1.265,1.265,1.265,1.265,300,2021-07-07 16:38:00,SRGA
1.265,1.265,1.265,1.265,300,2021-07-07 16:39:00,SRGA
1.265,1.265,1.265,1.265,200,2021-07-07 16:40:00,SRGA
1.265,1.28,1.265,1.27,24598,2021-07-07 16:41:00,SRGA
1.275,1.275,1.27,1.275,1400,2021-07-07 16:42:00,SRGA
1.275,1.275,1.27,1.275,22992,2021-07-07 16:43:00,SRGA
1.275,1.275,1.2719,1.2723,4080,2021-07-07 16:44:00,SRGA
1.2723,1.28,1.27,1.275,17500,2021-07-07 16:45:00,SRGA
1.275,1.28,1.271,1.271,5566,2021-07-07 16:46:00,SRGA
1.275,1.275,1.275,1.275,100,2021-07-07 16:47:00,SRGA
1.27,1.275,1.27,1.275,2038,2021-07-07 16:48:00,SRGA
1.27,1.27,1.27,1.27,200,2021-07-07 16:49:00,SRGA
1.275,1.275,1.27,1.27,200,2021-07-07 16:50:00,SRGA
1.27,1.275,1.27,1.275,200,2021-07-07 16:51:00,SRGA
1.275,1.275,1.27,1.275,400,2021-07-07 16:52:00,SRGA
1.275,1.275,1.27,1.275,400,2021-07-07 16:53:00,SRGA
1.27,1.2762,1.27,1.2762,400,2021-07-07 16:54:00,SRGA
1.27,1.275,1.27,1.275,200,2021-07-07 16:55:00,SRGA
1.27,1.275,1.27,1.275,200,2021-07-07 16:56:00,SRGA
1.275,1.2799,1.275,1.275,890,2021-07-07 16:57:00,SRGA
1.275,1.275,1.27,1.275,1561,2021-07-07 16:58:00,SRGA
1.27,1.275,1.27,1.275,200,2021-07-07 16:59:00,SRGA
1.28,1.28,1.275,1.275,6300,2021-07-07 17:00:00,SRGA
1.275,1.275,1.275,1.275,100,2021-07-07 17:01:00,SRGA
1.27,1.27,1.27,1.27,3900,2021-07-07 17:02:00,SRGA
1.275,1.275,1.275,1.275,200,2021-07-07 17:03:00,SRGA
1.28,1.28,1.275,1.275,237,2021-07-07 17:04:00,SRGA
1.27,1.27,1.27,1.27,100,2021-07-07 17:05:00,SRGA
1.275,1.275,1.275,1.275,300,2021-07-07 17:07:00,SRGA
1.273,1.275,1.27,1.275,750,2021-07-07 17:08:00,SRGA
1.28,1.28,1.27,1.27,1400,2021-07-07 17:09:00,SRGA
1.27,1.27,1.27,1.27,100,2021-07-07 17:10:00,SRGA
1.275,1.275,1.275,1.275,100,2021-07-07 17:11:00,SRGA
1.275,1.275,1.27,1.27,1800,2021-07-07 17:12:00,SRGA
1.275,1.275,1.275,1.275,593,2021-07-07 17:15:00,SRGA
1.27,1.27,1.27,1.27,200,2021-07-07 17:16:00,SRGA
1.27,1.275,1.27,1.27,1427,2021-07-07 17:17:00,SRGA
1.275,1.28,1.275,1.277,897,2021-07-07 17:18:00,SRGA
1.275,1.28,1.275,1.275,13511,2021-07-07 17:19:00,SRGA
1.275,1.275,1.275,1.275,200,2021-07-07 17:20:00,SRGA
1.2799,1.2799,1.2799,1.2799,3566,2021-07-07 17:23:00,SRGA
1.28,1.28,1.275,1.275,4944,2021-07-07 17:24:00,SRGA
1.275,1.275,1.275,1.275,1000,2021-07-07 17:25:00,SRGA
1.275,1.275,1.275,1.275,400,2021-07-07 17:27:00,SRGA
1.27,1.27,1.27,1.27,3000,2021-07-07 17:30:00,SRGA
1.2767,1.2767,1.2731,1.2731,804,2021-07-07 17:32:00,SRGA
1.275,1.275,1.275,1.275,500,2021-07-07 17:33:00,SRGA
1.27,1.27,1.27,1.27,100,2021-07-07 17:34:00,SRGA
1.275,1.2799,1.275,1.275,1300,2021-07-07 17:35:00,SRGA
1.28,1.28,1.275,1.2772,16690,2021-07-07 17:36:00,SRGA
1.28,1.28,1.275,1.28,2800,2021-07-07 17:37:00,SRGA
1.275,1.28,1.27,1.275,1580,2021-07-07 17:38:00,SRGA
1.28,1.28,1.2736,1.275,4240,2021-07-07 17:39:00,SRGA
1.275,1.275,1.275,1.275,400,2021-07-07 17:40:00,SRGA
1.275,1.275,1.275,1.275,700,2021-07-07 17:41:00,SRGA
1.275,1.275,1.275,1.275,100,2021-07-07 17:42:00,SRGA
1.275,1.275,1.275,1.275,100,2021-07-07 17:43:00,SRGA
1.275,1.275,1.275,1.275,100,2021-07-07 17:44:00,SRGA
1.28,1.28,1.275,1.275,470,2021-07-07 17:46:00,SRGA
1.275,1.275,1.27,1.27,200,2021-07-07 17:47:00,SRGA
1.275,1.275,1.27,1.275,2130,2021-07-07 17:48:00,SRGA
1.2776,1.2776,1.275,1.275,1834,2021-07-07 17:49:00,SRGA
1.28,1.28,1.28,1.28,500,2021-07-07 17:51:00,SRGA
1.275,1.275,1.275,1.275,500,2021-07-07 17:52:00,SRGA
1.2752,1.2752,1.2752,1.2752,500,2021-07-07 17:54:00,SRGA
1.275,1.28,1.275,1.275,5400,2021-07-07 17:55:00,SRGA
1.275,1.275,1.275,1.275,600,2021-07-07 17:56:00,SRGA
1.275,1.275,1.27,1.27,7859,2021-07-07 17:57:00,SRGA
1.28,1.28,1.27,1.27,15346,2021-07-07 17:58:00,SRGA
1.2704,1.275,1.2704,1.275,477,2021-07-07 17:59:00,SRGA
1.275,1.28,1.275,1.275,1621,2021-07-07 18:00:00,SRGA
1.275,1.275,1.275,1.275,400,2021-07-07 18:01:00,SRGA
1.275,1.28,1.275,1.275,9800,2021-07-07 18:02:00,SRGA
1.275,1.275,1.27,1.275,525,2021-07-07 18:03:00,SRGA
1.275,1.275,1.275,1.275,1600,2021-07-07 18:04:00,SRGA
1.275,1.275,1.2721,1.2721,1357,2021-07-07 18:05:00,SRGA
1.27,1.27,1.27,1.27,900,2021-07-07 18:06:00,SRGA
1.275,1.275,1.275,1.275,1000,2021-07-07 18:07:00,SRGA
1.275,1.28,1.27,1.275,13580,2021-07-07 18:10:00,SRGA
1.275,1.275,1.27,1.27,700,2021-07-07 18:12:00,SRGA
1.27,1.27,1.27,1.27,100,2021-07-07 18:13:00,SRGA
1.2701,1.2701,1.2701,1.2701,350,2021-07-07 18:15:00,SRGA
1.27,1.27,1.27,1.27,14019,2021-07-07 18:16:00,SRGA
1.27,1.27,1.27,1.27,600,2021-07-07 18:17:00,SRGA
1.27,1.27,1.27,1.27,20100,2021-07-07 18:18:00,SRGA
1.275,1.275,1.27,1.27,200,2021-07-07 18:21:00,SRGA
1.27,1.28,1.27,1.275,17265,2021-07-07 18:23:00,SRGA
1.28,1.28,1.27,1.275,16965,2021-07-07 18:24:00,SRGA
1.27,1.27,1.27,1.27,200,2021-07-07 18:25:00,SRGA
1.27,1.272,1.27,1.2715,1500,2021-07-07 18:26:00,SRGA
1.27,1.272,1.27,1.272,1150,2021-07-07 18:27:00,SRGA
1.27,1.2766,1.27,1.2766,300,2021-07-07 18:30:00,SRGA
1.28,1.28,1.27,1.27,600,2021-07-07 18:31:00,SRGA
1.28,1.28,1.27,1.275,1400,2021-07-07 18:32:00,SRGA
1.2766,1.2766,1.27,1.27,900,2021-07-07 18:33:00,SRGA
1.27,1.275,1.27,1.27,4875,2021-07-07 18:36:00,SRGA
1.275,1.275,1.27,1.27,600,2021-07-07 18:37:00,SRGA
1.275,1.275,1.275,1.275,400,2021-07-07 18:38:00,SRGA
1.275,1.275,1.27,1.27,2000,2021-07-07 18:39:00,SRGA
1.275,1.275,1.27,1.27,2412,2021-07-07 18:40:00,SRGA
1.275,1.275,1.275,1.275,1200,2021-07-07 18:41:00,SRGA
1.27,1.27,1.27,1.27,900,2021-07-07 18:43:00,SRGA
1.27,1.27,1.27,1.27,100,2021-07-07 18:45:00,SRGA
1.27,1.2769,1.27,1.275,753,2021-07-07 18:47:00,SRGA
1.275,1.275,1.275,1.275,200,2021-07-07 18:49:00,SRGA
1.275,1.275,1.275,1.275,258,2021-07-07 18:51:00,SRGA
1.27,1.27,1.27,1.27,2150,2021-07-07 18:52:00,SRGA
1.2701,1.2701,1.2701,1.2701,1750,2021-07-07 18:53:00,SRGA
1.27,1.27,1.27,1.27,1181,2021-07-07 18:58:00,SRGA
1.275,1.28,1.275,1.275,10648,2021-07-07 19:02:00,SRGA
1.28,1.28,1.275,1.275,18350,2021-07-07 19:03:00,SRGA
1.275,1.28,1.27,1.275,12019,2021-07-07 19:04:00,SRGA
1.28,1.28,1.275,1.275,13252,2021-07-07 19:05:00,SRGA
1.275,1.2772,1.275,1.2772,257,2021-07-07 19:06:00,SRGA
1.275,1.28,1.2731,1.275,9150,2021-07-07 19:07:00,SRGA
1.275,1.275,1.275,1.275,100,2021-07-07 19:09:00,SRGA
1.275,1.275,1.27,1.275,300,2021-07-07 19:10:00,SRGA
1.2726,1.28,1.2726,1.275,9200,2021-07-07 19:11:00,SRGA
1.28,1.28,1.275,1.275,3300,2021-07-07 19:12:00,SRGA
1.275,1.275,1.275,1.275,400,2021-07-07 19:13:00,SRGA
1.275,1.28,1.275,1.275,4800,2021-07-07 19:14:00,SRGA
1.275,1.275,1.275,1.275,700,2021-07-07 19:15:00,SRGA
1.275,1.28,1.27,1.28,2569,2021-07-07 19:16:00,SRGA
1.275,1.275,1.275,1.275,500,2021-07-07 19:17:00,SRGA
1.2767,1.28,1.275,1.275,10501,2021-07-07 19:18:00,SRGA
1.275,1.28,1.275,1.275,5300,2021-07-07 19:19:00,SRGA
1.2778,1.28,1.275,1.2799,1300,2021-07-07 19:20:00,SRGA
1.275,1.29,1.275,1.29,50230,2021-07-07 19:21:00,SRGA
1.285,1.285,1.28,1.285,10800,2021-07-07 19:22:00,SRGA
1.285,1.29,1.285,1.29,14299,2021-07-07 19:24:00,SRGA
1.285,1.285,1.285,1.285,200,2021-07-07 19:25:00,SRGA
1.285,1.285,1.285,1.285,290,2021-07-07 19:26:00,SRGA
1.28,1.29,1.28,1.285,3974,2021-07-07 19:27:00,SRGA
1.29,1.29,1.285,1.285,3200,2021-07-07 19:28:00,SRGA
1.285,1.285,1.285,1.285,300,2021-07-07 19:29:00,SRGA
1.29,1.29,1.285,1.285,12921,2021-07-07 19:30:00,SRGA
1.285,1.285,1.28,1.285,400,2021-07-07 19:31:00,SRGA
1.2868,1.2868,1.285,1.285,4325,2021-07-07 19:32:00,SRGA
1.285,1.2869,1.285,1.2869,500,2021-07-07 19:33:00,SRGA
1.285,1.285,1.2832,1.285,607,2021-07-07 19:34:00,SRGA
1.285,1.29,1.28,1.28,300,2021-07-07 19:35:00,SRGA
1.285,1.29,1.28,1.28,7300,2021-07-07 19:36:00,SRGA
1.285,1.29,1.28,1.28,49982,2021-07-07 19:37:00,SRGA
1.28,1.28,1.28,1.28,6207,2021-07-07 19:38:00,SRGA
1.28,1.28,1.28,1.28,1200,2021-07-07 19:39:00,SRGA
1.28,1.28,1.28,1.28,12747,2021-07-07 19:40:00,SRGA
1.28,1.28,1.28,1.28,1100,2021-07-07 19:41:00,SRGA
1.28,1.285,1.28,1.285,3600,2021-07-07 19:42:00,SRGA
1.28,1.28,1.28,1.28,2300,2021-07-07 19:43:00,SRGA
1.2802,1.2802,1.28,1.28,200,2021-07-07 19:44:00,SRGA
1.282,1.2894,1.28,1.28,1730,2021-07-07 19:45:00,SRGA
1.28,1.28,1.28,1.28,600,2021-07-07 19:46:00,SRGA
1.28,1.285,1.28,1.285,1080,2021-07-07 19:47:00,SRGA
1.285,1.29,1.285,1.285,10802,2021-07-07 19:48:00,SRGA
1.28,1.28,1.275,1.28,20358,2021-07-07 19:49:00,SRGA
1.275,1.275,1.2701,1.275,9967,2021-07-07 19:50:00,SRGA
1.28,1.28,1.27,1.275,600,2021-07-07 19:51:00,SRGA
1.275,1.28,1.275,1.28,4000,2021-07-07 19:52:00,SRGA
1.28,1.28,1.27,1.27,15999,2021-07-07 19:53:00,SRGA
1.275,1.28,1.27,1.275,2500,2021-07-07 19:54:00,SRGA
1.275,1.275,1.27,1.275,2616,2021-07-07 19:55:00,SRGA
1.28,1.28,1.27,1.275,4689,2021-07-07 19:56:00,SRGA
1.275,1.277,1.27,1.275,5548,2021-07-07 19:57:00,SRGA
1.27,1.28,1.27,1.27,16730,2021-07-07 19:58:00,SRGA
1.275,1.285,1.27,1.28,99777,2021-07-07 19:59:00,SRGA
1.27,1.27,1.27,1.27,19244,2021-07-07 20:00:00,SRGA
1.29,1.29,1.29,1.29,200,2021-07-07 20:01:00,SRGA
1.3,1.3,1.3,1.3,3200,2021-07-07 20:09:00,SRGA
1.29,1.29,1.29,1.29,100,2021-07-07 20:11:00,SRGA
1.29,1.29,1.29,1.29,385,2021-07-07 20:13:00,SRGA
1.28,1.28,1.28,1.28,975,2021-07-07 20:19:00,SRGA
1.27,1.27,1.27,1.27,71590,2021-07-07 20:20:00,SRGA
1.28,1.28,1.28,1.28,1591,2021-07-07 20:21:00,SRGA
1.29,1.29,1.29,1.29,999,2021-07-07 21:03:00,SRGA
1.29,1.29,1.29,1.29,800,2021-07-07 21:04:00,SRGA
1.29,1.29,1.29,1.29,100,2021-07-07 21:05:00,SRGA
1.28,1.28,1.28,1.28,5100,2021-07-07 21:11:00,SRGA
1.27,1.27,1.27,1.27,532,2021-07-07 21:12:00,SRGA
1.28,1.28,1.28,1.28,200,2021-07-07 21:19:00,SRGA
1.27,1.27,1.27,1.27,600,2021-07-07 21:40:00,SRGA
1.28,1.28,1.28,1.28,100,2021-07-07 21:48:00,SRGA
1.28,1.28,1.28,1.28,100,2021-07-07 21:53:00,SRGA
1.28,1.28,1.28,1.28,200,2021-07-07 21:54:00,SRGA
1.28,1.28,1.28,1.28,200,2021-07-07 21:55:00,SRGA
1.28,1.28,1.28,1.28,460,2021-07-07 22:05:00,SRGA
1.28,1.28,1.28,1.28,100,2021-07-07 22:21:00,SRGA
1.28,1.28,1.28,1.28,1760,2021-07-07 22:48:00,SRGA
1.28,1.29,1.28,1.29,300,2021-07-07 22:55:00,SRGA
1.28,1.29,1.28,1.29,400,2021-07-07 23:01:00,SRGA
1.29,1.29,1.28,1.28,300,2021-07-07 23:02:00,SRGA
1.28,1.28,1.28,1.28,200,2021-07-07 23:05:00,SRGA
1.26,1.26,1.26,1.26,250,2021-07-08 08:16:00,SRGA
1.24,1.24,1.24,1.24,500,2021-07-08 10:25:00,SRGA
1.25,1.25,1.25,1.25,200,2021-07-08 10:34:00,SRGA
1.24,1.24,1.24,1.24,100,2021-07-08 10:52:00,SRGA
1.26,1.26,1.26,1.26,200,2021-07-08 11:05:00,SRGA
1.25,1.25,1.25,1.25,490,2021-07-08 11:46:00,SRGA
1.24,1.24,1.24,1.24,250,2021-07-08 12:01:00,SRGA
1.25,1.25,1.24,1.24,5100,2021-07-08 12:15:00,SRGA
1.2401,1.2401,1.24,1.24,5100,2021-07-08 12:26:00,SRGA
1.24,1.24,1.24,1.24,100,2021-07-08 12:43:00,SRGA
1.26,1.26,1.24,1.24,3100,2021-07-08 12:45:00,SRGA
1.24,1.24,1.24,1.24,500,2021-07-08 12:54:00,SRGA
1.26,1.27,1.26,1.27,3500,2021-07-08 12:58:00,SRGA
1.27,1.27,1.27,1.27,357,2021-07-08 13:04:00,SRGA
1.24,1.24,1.24,1.24,1365,2021-07-08 13:12:00,SRGA
1.24,1.24,1.24,1.24,500,2021-07-08 13:13:00,SRGA
1.24,1.24,1.24,1.24,100,2021-07-08 13:14:00,SRGA
1.24,1.24,1.24,1.24,281,2021-07-08 13:17:00,SRGA
1.24,1.24,1.23,1.23,980,2021-07-08 13:21:00,SRGA
1.23,1.23,1.22,1.22,5235,2021-07-08 13:23:00,SRGA
1.2201,1.2201,1.22,1.22,1910,2021-07-08 13:24:00,SRGA
1.2399,1.2399,1.2399,1.2399,1700,2021-07-08 13:26:00,SRGA
1.2239,1.24,1.2239,1.23,23522,2021-07-08 13:30:00,SRGA
1.23,1.235,1.23,1.23,17557,2021-07-08 13:31:00,SRGA
1.23,1.2388,1.21,1.21,33375,2021-07-08 13:32:00,SRGA
1.215,1.22,1.21,1.22,19374,2021-07-08 13:33:00,SRGA
1.22,1.2202,1.21,1.22,17976,2021-07-08 13:34:00,SRGA
1.2282,1.2282,1.2282,1.2282,1000,2021-07-08 13:35:00,SRGA
1.2207,1.23,1.2207,1.2272,22200,2021-07-08 13:36:00,SRGA
1.229,1.229,1.22,1.22,16124,2021-07-08 13:37:00,SRGA
1.2101,1.219,1.21,1.215,19907,2021-07-08 13:38:00,SRGA
1.21,1.21,1.2,1.2,58196,2021-07-08 13:39:00,SRGA
1.2092,1.21,1.2,1.205,28113,2021-07-08 13:40:00,SRGA
1.203,1.21,1.2,1.205,16213,2021-07-08 13:41:00,SRGA
1.2016,1.215,1.2016,1.2074,48103,2021-07-08 13:42:00,SRGA
1.203,1.21,1.2,1.21,21703,2021-07-08 13:43:00,SRGA
1.2015,1.2077,1.2015,1.2077,5655,2021-07-08 13:44:00,SRGA
1.2081,1.2081,1.2031,1.205,3250,2021-07-08 13:45:00,SRGA
1.209,1.21,1.1927,1.1927,41761,2021-07-08 13:46:00,SRGA
1.195,1.195,1.19,1.195,4205,2021-07-08 13:47:00,SRGA
1.19,1.2,1.19,1.2,6910,2021-07-08 13:48:00,SRGA
1.2,1.2,1.1901,1.195,2800,2021-07-08 13:49:00,SRGA
1.195,1.2,1.19,1.195,6997,2021-07-08 13:50:00,SRGA
1.2,1.2,1.195,1.1998,11430,2021-07-08 13:51:00,SRGA
1.195,1.1988,1.19,1.1988,10210,2021-07-08 13:52:00,SRGA
1.195,1.2,1.19,1.195,2696,2021-07-08 13:53:00,SRGA
1.195,1.195,1.19,1.195,5381,2021-07-08 13:54:00,SRGA
1.195,1.2,1.19,1.195,5273,2021-07-08 13:55:00,SRGA
1.195,1.2,1.19,1.195,12300,2021-07-08 13:56:00,SRGA
1.195,1.2,1.19,1.195,4400,2021-07-08 13:57:00,SRGA
1.1984,1.2,1.19,1.198,22847,2021-07-08 13:58:00,SRGA
1.195,1.21,1.195,1.205,46526,2021-07-08 13:59:00,SRGA
1.2083,1.21,1.2,1.205,21846,2021-07-08 14:00:00,SRGA
1.205,1.21,1.2,1.2099,14806,2021-07-08 14:01:00,SRGA
1.205,1.2099,1.205,1.205,3067,2021-07-08 14:02:00,SRGA
1.205,1.21,1.203,1.205,10654,2021-07-08 14:03:00,SRGA
1.2,1.21,1.2,1.21,29446,2021-07-08 14:04:00,SRGA
1.215,1.22,1.215,1.22,7417,2021-07-08 14:05:00,SRGA
1.215,1.2199,1.21,1.215,8361,2021-07-08 14:06:00,SRGA
1.2199,1.2199,1.215,1.215,3000,2021-07-08 14:07:00,SRGA
1.21,1.22,1.21,1.215,27705,2021-07-08 14:08:00,SRGA
1.2179,1.2199,1.21,1.215,28000,2021-07-08 14:09:00,SRGA
1.215,1.215,1.21,1.215,500,2021-07-08 14:10:00,SRGA
1.215,1.22,1.21,1.21,2971,2021-07-08 14:11:00,SRGA
1.215,1.215,1.21,1.21,800,2021-07-08 14:12:00,SRGA
1.215,1.2199,1.21,1.215,1600,2021-07-08 14:13:00,SRGA
1.22,1.22,1.21,1.21,1650,2021-07-08 14:14:00,SRGA
1.215,1.2199,1.21,1.2199,11500,2021-07-08 14:15:00,SRGA
1.21,1.22,1.21,1.21,3700,2021-07-08 14:16:00,SRGA
1.215,1.22,1.21,1.215,2996,2021-07-08 14:17:00,SRGA
1.22,1.22,1.21,1.21,3069,2021-07-08 14:18:00,SRGA
1.215,1.218,1.21,1.215,1000,2021-07-08 14:19:00,SRGA
1.213,1.215,1.21,1.215,20000,2021-07-08 14:20:00,SRGA
1.2101,1.215,1.21,1.21,17696,2021-07-08 14:21:00,SRGA
1.21,1.215,1.205,1.205,16030,2021-07-08 14:22:00,SRGA
1.205,1.205,1.2,1.205,600,2021-07-08 14:23:00,SRGA
1.205,1.2099,1.2,1.2,8240,2021-07-08 14:24:00,SRGA
1.205,1.2084,1.2,1.205,8500,2021-07-08 14:25:00,SRGA
1.205,1.2099,1.2,1.2,1700,2021-07-08 14:26:00,SRGA
1.205,1.205,1.2,1.2,1300,2021-07-08 14:27:00,SRGA
1.21,1.21,1.205,1.205,43553,2021-07-08 14:28:00,SRGA
1.205,1.2099,1.205,1.2099,1100,2021-07-08 14:29:00,SRGA
1.205,1.215,1.205,1.215,20700,2021-07-08 14:30:00,SRGA
1.215,1.2199,1.21,1.215,7500,2021-07-08 14:31:00,SRGA
1.215,1.22,1.2107,1.215,5072,2021-07-08 14:32:00,SRGA
1.215,1.2185,1.215,1.215,5300,2021-07-08 14:33:00,SRGA
1.215,1.22,1.215,1.215,6439,2021-07-08 14:34:00,SRGA
1.215,1.215,1.21,1.215,800,2021-07-08 14:35:00,SRGA
1.215,1.2189,1.21,1.215,20168,2021-07-08 14:36:00,SRGA
1.215,1.22,1.215,1.215,3001,2021-07-08 14:37:00,SRGA
1.215,1.215,1.21,1.215,21400,2021-07-08 14:38:00,SRGA
1.215,1.2162,1.21,1.215,1425,2021-07-08 14:39:00,SRGA
1.215,1.215,1.21,1.21,400,2021-07-08 14:40:00,SRGA
1.215,1.215,1.21,1.215,8406,2021-07-08 14:41:00,SRGA
1.21,1.215,1.21,1.215,700,2021-07-08 14:42:00,SRGA
1.215,1.215,1.215,1.215,500,2021-07-08 14:43:00,SRGA
1.215,1.215,1.215,1.215,299,2021-07-08 14:44:00,SRGA
1.21,1.22,1.21,1.21,16520,2021-07-08 14:45:00,SRGA
1.215,1.215,1.215,1.215,2300,2021-07-08 14:46:00,SRGA
1.215,1.215,1.21,1.215,7100,2021-07-08 14:47:00,SRGA
1.215,1.215,1.215,1.215,500,2021-07-08 14:48:00,SRGA
1.215,1.215,1.21,1.21,14250,2021-07-08 14:49:00,SRGA
1.215,1.215,1.21,1.215,26163,2021-07-08 14:50:00,SRGA
1.215,1.22,1.21,1.215,47465,2021-07-08 14:51:00,SRGA
1.22,1.22,1.215,1.215,5900,2021-07-08 14:52:00,SRGA
1.215,1.22,1.215,1.22,1080,2021-07-08 14:53:00,SRGA
1.215,1.215,1.2101,1.215,6400,2021-07-08 14:54:00,SRGA
1.21,1.22,1.21,1.22,8206,2021-07-08 14:55:00,SRGA
1.215,1.22,1.213,1.22,700,2021-07-08 14:56:00,SRGA
1.215,1.2167,1.21,1.21,7647,2021-07-08 14:57:00,SRGA
1.215,1.2175,1.21,1.215,34359,2021-07-08 14:58:00,SRGA
1.215,1.215,1.21,1.21,22160,2021-07-08 14:59:00,SRGA
1.21,1.215,1.21,1.215,700,2021-07-08 15:00:00,SRGA
1.21,1.22,1.2,1.2,36153,2021-07-08 15:01:00,SRGA
1.205,1.2099,1.2,1.205,12208,2021-07-08 15:02:00,SRGA
1.205,1.2068,1.2,1.2,23175,2021-07-08 15:03:00,SRGA
1.205,1.205,1.2,1.2,23580,2021-07-08 15:04:00,SRGA
1.205,1.205,1.2,1.205,300,2021-07-08 15:05:00,SRGA
1.2,1.21,1.2,1.21,33002,2021-07-08 15:06:00,SRGA
1.205,1.2071,1.2,1.205,5230,2021-07-08 15:07:00,SRGA
1.205,1.21,1.2,1.2,34500,2021-07-08 15:08:00,SRGA
1.205,1.205,1.2,1.205,3530,2021-07-08 15:09:00,SRGA
1.205,1.2081,1.2,1.205,29262,2021-07-08 15:10:00,SRGA
1.2,1.2073,1.2,1.2,5300,2021-07-08 15:11:00,SRGA
1.208,1.2099,1.2,1.2,40545,2021-07-08 15:12:00,SRGA
1.2,1.21,1.2,1.2,6450,2021-07-08 15:13:00,SRGA
1.2,1.2099,1.2,1.205,43445,2021-07-08 15:14:00,SRGA
1.2,1.21,1.2,1.2,2720,2021-07-08 15:15:00,SRGA
1.2,1.205,1.2,1.2,25743,2021-07-08 15:16:00,SRGA
1.2,1.2,1.2,1.2,55779,2021-07-08 15:17:00,SRGA
1.2,1.203,1.19,1.19,56031,2021-07-08 15:18:00,SRGA
1.19,1.1999,1.18,1.18,124017,2021-07-08 15:19:00,SRGA
1.18,1.19,1.18,1.18,104765,2021-07-08 15:20:00,SRGA
1.1889,1.19,1.18,1.185,47296,2021-07-08 15:21:00,SRGA
1.18,1.19,1.18,1.18,39976,2021-07-08 15:22:00,SRGA
1.18,1.19,1.18,1.185,23380,2021-07-08 15:23:00,SRGA
1.185,1.19,1.18,1.18,32216,2021-07-08 15:24:00,SRGA
1.18,1.185,1.18,1.18,20300,2021-07-08 15:25:00,SRGA
1.185,1.1899,1.18,1.18,28300,2021-07-08 15:26:00,SRGA
1.185,1.19,1.18,1.18,36600,2021-07-08 15:27:00,SRGA
1.18,1.19,1.18,1.185,58101,2021-07-08 15:28:00,SRGA
1.1899,1.19,1.18,1.1867,34400,2021-07-08 15:29:00,SRGA
1.18,1.19,1.18,1.185,41137,2021-07-08 15:30:00,SRGA
1.18,1.19,1.18,1.185,27340,2021-07-08 15:31:00,SRGA
1.18,1.1899,1.18,1.18,32387,2021-07-08 15:32:00,SRGA
1.18,1.1899,1.18,1.18,17499,2021-07-08 15:33:00,SRGA
1.18,1.1862,1.18,1.18,22690,2021-07-08 15:34:00,SRGA
1.18,1.19,1.18,1.18,35864,2021-07-08 15:35:00,SRGA
1.18,1.185,1.18,1.18,25096,2021-07-08 15:36:00,SRGA
1.18,1.19,1.18,1.18,20388,2021-07-08 15:37:00,SRGA
1.18,1.1899,1.18,1.18,19211,2021-07-08 15:38:00,SRGA
1.18,1.1899,1.18,1.18,19894,2021-07-08 15:39:00,SRGA
1.19,1.19,1.18,1.185,184230,2021-07-08 15:40:00,SRGA
1.18,1.19,1.18,1.18,42893,2021-07-08 15:41:00,SRGA
1.18,1.185,1.17,1.17,63318,2021-07-08 15:42:00,SRGA
1.17,1.1799,1.16,1.16,135257,2021-07-08 15:43:00,SRGA
1.16,1.17,1.16,1.1699,339068,2021-07-08 15:44:00,SRGA
1.1644,1.17,1.16,1.17,47079,2021-07-08 15:45:00,SRGA
1.165,1.165,1.16,1.165,14020,2021-07-08 15:46:00,SRGA
1.16,1.17,1.16,1.165,27600,2021-07-08 15:47:00,SRGA
1.165,1.17,1.165,1.165,62369,2021-07-08 15:48:00,SRGA
1.165,1.17,1.16,1.168,33170,2021-07-08 15:49:00,SRGA
1.165,1.17,1.16,1.165,89073,2021-07-08 15:50:00,SRGA
1.165,1.17,1.16,1.17,22555,2021-07-08 15:51:00,SRGA
1.168,1.168,1.16,1.16,13650,2021-07-08 15:52:00,SRGA
1.16,1.17,1.16,1.1662,24880,2021-07-08 15:53:00,SRGA
1.17,1.17,1.16,1.16,29496,2021-07-08 15:54:00,SRGA
1.16,1.17,1.16,1.16,25976,2021-07-08 15:55:00,SRGA
1.16,1.17,1.16,1.165,6000,2021-07-08 15:56:00,SRGA
1.16,1.17,1.16,1.16,31783,2021-07-08 15:57:00,SRGA
1.16,1.17,1.16,1.165,34396,2021-07-08 15:58:00,SRGA
1.16,1.165,1.16,1.16,4976,2021-07-08 15:59:00,SRGA
1.16,1.17,1.16,1.1675,50464,2021-07-08 16:00:00,SRGA
1.165,1.1664,1.16,1.16,27499,2021-07-08 16:01:00,SRGA
1.16,1.1699,1.16,1.16,11019,2021-07-08 16:02:00,SRGA
1.16,1.16,1.15,1.15,85684,2021-07-08 16:03:00,SRGA
1.15,1.16,1.15,1.155,53725,2021-07-08 16:04:00,SRGA
1.155,1.1599,1.15,1.155,63927,2021-07-08 16:05:00,SRGA
1.157,1.1599,1.15,1.155,76152,2021-07-08 16:06:00,SRGA
1.155,1.16,1.15,1.155,16700,2021-07-08 16:07:00,SRGA
1.15,1.16,1.15,1.1599,52000,2021-07-08 16:08:00,SRGA
1.155,1.16,1.15,1.157,13700,2021-07-08 16:09:00,SRGA
1.155,1.16,1.15,1.15,30733,2021-07-08 16:10:00,SRGA
1.155,1.16,1.15,1.15,39067,2021-07-08 16:11:00,SRGA
1.155,1.16,1.15,1.15,37100,2021-07-08 16:12:00,SRGA
1.15,1.16,1.15,1.16,11500,2021-07-08 16:13:00,SRGA
1.15,1.156,1.14,1.155,155043,2021-07-08 16:14:00,SRGA
1.15,1.16,1.15,1.155,14911,2021-07-08 16:15:00,SRGA
1.16,1.16,1.15,1.155,70134,2021-07-08 16:16:00,SRGA
1.155,1.1599,1.15,1.1581,35620,2021-07-08 16:17:00,SRGA
1.155,1.1599,1.15,1.15,12672,2021-07-08 16:18:00,SRGA
1.15,1.1572,1.15,1.1501,33067,2021-07-08 16:19:00,SRGA
1.1599,1.16,1.15,1.1599,28848,2021-07-08 16:20:00,SRGA
1.16,1.16,1.155,1.155,2800,2021-07-08 16:21:00,SRGA
1.155,1.16,1.15,1.155,24859,2021-07-08 16:22:00,SRGA
1.15,1.1572,1.15,1.15,6558,2021-07-08 16:23:00,SRGA
1.15,1.16,1.15,1.16,57490,2021-07-08 16:24:00,SRGA
1.15,1.155,1.15,1.15,9779,2021-07-08 16:25:00,SRGA
1.15,1.16,1.15,1.15,35339,2021-07-08 16:26:00,SRGA
1.155,1.16,1.15,1.1599,5515,2021-07-08 16:27:00,SRGA
1.1572,1.1572,1.15,1.155,49932,2021-07-08 16:28:00,SRGA
1.15,1.16,1.15,1.15,22100,2021-07-08 16:29:00,SRGA
1.15,1.16,1.15,1.153,39924,2021-07-08 16:30:00,SRGA
1.15,1.1599,1.15,1.15,55166,2021-07-08 16:31:00,SRGA
1.155,1.1558,1.15,1.1501,18786,2021-07-08 16:32:00,SRGA
1.15,1.1599,1.15,1.1501,39792,2021-07-08 16:33:00,SRGA
1.15,1.16,1.15,1.1501,34944,2021-07-08 16:34:00,SRGA
1.15,1.16,1.145,1.15,185345,2021-07-08 16:35:00,SRGA
1.15,1.16,1.15,1.15,44366,2021-07-08 16:36:00,SRGA
1.15,1.155,1.15,1.15,4200,2021-07-08 16:37:00,SRGA
1.1563,1.159,1.15,1.155,39711,2021-07-08 16:38:00,SRGA
1.15,1.16,1.15,1.15,198080,2021-07-08 16:39:00,SRGA
1.155,1.16,1.15,1.155,27959,2021-07-08 16:40:00,SRGA
1.155,1.16,1.153,1.155,121881,2021-07-08 16:41:00,SRGA
1.1599,1.16,1.15,1.15,12269,2021-07-08 16:42:00,SRGA
1.155,1.16,1.15,1.155,30113,2021-07-08 16:43:00,SRGA
1.155,1.16,1.15,1.155,33514,2021-07-08 16:44:00,SRGA
1.155,1.1599,1.155,1.158,4700,2021-07-08 16:45:00,SRGA
1.155,1.16,1.15,1.155,32000,2021-07-08 16:46:00,SRGA
1.155,1.16,1.15,1.155,23225,2021-07-08 16:47:00,SRGA
1.155,1.16,1.15,1.16,23300,2021-07-08 16:48:00,SRGA
1.155,1.16,1.15,1.16,20291,2021-07-08 16:49:00,SRGA
1.15,1.16,1.15,1.1501,23570,2021-07-08 16:50:00,SRGA
1.157,1.1599,1.15,1.15,21800,2021-07-08 16:51:00,SRGA
1.155,1.16,1.15,1.1501,4350,2021-07-08 16:52:00,SRGA
1.15,1.155,1.15,1.155,17420,2021-07-08 16:53:00,SRGA
1.15,1.1599,1.15,1.15,23707,2021-07-08 16:54:00,SRGA
1.155,1.16,1.15,1.15,26609,2021-07-08 16:55:00,SRGA
1.15,1.155,1.15,1.15,16700,2021-07-08 16:56:00,SRGA
1.15,1.155,1.15,1.15,17469,2021-07-08 16:57:00,SRGA
1.15,1.16,1.15,1.1501,76384,2021-07-08 16:58:00,SRGA
1.15,1.1567,1.15,1.15,39393,2021-07-08 16:59:00,SRGA
1.15,1.1599,1.15,1.15,2746,2021-07-08 17:00:00,SRGA
1.15,1.159,1.15,1.15,36764,2021-07-08 17:01:00,SRGA
1.155,1.16,1.15,1.15,17366,2021-07-08 17:02:00,SRGA
1.15,1.155,1.15,1.15,1100,2021-07-08 17:03:00,SRGA
1.15,1.155,1.15,1.15,24081,2021-07-08 17:04:00,SRGA
1.15,1.1599,1.15,1.15,19980,2021-07-08 17:05:00,SRGA
1.15,1.155,1.15,1.15,7687,2021-07-08 17:06:00,SRGA
1.15,1.1572,1.15,1.15,19191,2021-07-08 17:07:00,SRGA
1.15,1.155,1.15,1.15,16680,2021-07-08 17:08:00,SRGA
1.15,1.1551,1.15,1.1551,2446,2021-07-08 17:09:00,SRGA
1.15,1.16,1.15,1.15,18000,2021-07-08 17:10:00,SRGA
1.155,1.1568,1.15,1.1568,23583,2021-07-08 17:11:00,SRGA
1.15,1.15,1.15,1.15,204849,2021-07-08 17:12:00,SRGA
1.155,1.157,1.15,1.1501,32014,2021-07-08 17:13:00,SRGA
1.15,1.16,1.15,1.1599,4302,2021-07-08 17:14:00,SRGA
1.1582,1.16,1.15,1.16,62874,2021-07-08 17:15:00,SRGA
1.15,1.1501,1.15,1.1501,19550,2021-07-08 17:16:00,SRGA
1.15,1.16,1.15,1.16,20280,2021-07-08 17:17:00,SRGA
1.15,1.1568,1.15,1.15,3175,2021-07-08 17:18:00,SRGA
1.15,1.1573,1.15,1.15,24748,2021-07-08 17:19:00,SRGA
1.15,1.1599,1.15,1.15,18400,2021-07-08 17:20:00,SRGA
1.15,1.16,1.15,1.15,8486,2021-07-08 17:21:00,SRGA
1.15,1.16,1.15,1.1501,80433,2021-07-08 17:22:00,SRGA
1.1501,1.1599,1.15,1.1501,10895,2021-07-08 17:23:00,SRGA
1.15,1.1599,1.15,1.15,60640,2021-07-08 17:24:00,SRGA
1.15,1.15,1.14,1.145,39853,2021-07-08 17:25:00,SRGA
1.14,1.1499,1.14,1.14,101656,2021-07-08 17:26:00,SRGA
1.14,1.15,1.14,1.14,74028,2021-07-08 17:27:00,SRGA
1.14,1.15,1.14,1.14,2100,2021-07-08 17:28:00,SRGA
1.145,1.15,1.14,1.14,31900,2021-07-08 17:29:00,SRGA
1.14,1.1499,1.14,1.1499,9550,2021-07-08 17:30:00,SRGA
1.1469,1.1499,1.14,1.14,29850,2021-07-08 17:31:00,SRGA
1.14,1.1464,1.14,1.14,4903,2021-07-08 17:32:00,SRGA
1.14,1.15,1.14,1.14,30008,2021-07-08 17:33:00,SRGA
1.145,1.15,1.14,1.14,18251,2021-07-08 17:34:00,SRGA
1.14,1.15,1.14,1.14,61410,2021-07-08 17:35:00,SRGA
1.1466,1.15,1.14,1.14,19840,2021-07-08 17:36:00,SRGA
1.14,1.143,1.14,1.14,33711,2021-07-08 17:37:00,SRGA
1.14,1.15,1.14,1.145,14689,2021-07-08 17:38:00,SRGA
1.1443,1.15,1.14,1.145,51761,2021-07-08 17:39:00,SRGA
1.15,1.15,1.14,1.145,159576,2021-07-08 17:40:00,SRGA
1.145,1.15,1.14,1.145,61881,2021-07-08 17:41:00,SRGA
1.15,1.15,1.14,1.145,16491,2021-07-08 17:42:00,SRGA
1.1471,1.1471,1.1401,1.145,7955,2021-07-08 17:43:00,SRGA
1.145,1.15,1.14,1.1499,36207,2021-07-08 17:44:00,SRGA
1.14,1.1463,1.14,1.1463,950,2021-07-08 17:45:00,SRGA
1.1401,1.15,1.14,1.145,29500,2021-07-08 17:46:00,SRGA
1.1466,1.1466,1.14,1.14,109132,2021-07-08 17:47:00,SRGA
1.14,1.14,1.13,1.1387,163231,2021-07-08 17:48:00,SRGA
1.135,1.14,1.13,1.137,38158,2021-07-08 17:49:00,SRGA
1.135,1.14,1.135,1.135,12400,2021-07-08 17:50:00,SRGA
1.13,1.14,1.13,1.135,75200,2021-07-08 17:51:00,SRGA
1.13,1.14,1.13,1.13,25400,2021-07-08 17:52:00,SRGA
1.13,1.135,1.13,1.135,18600,2021-07-08 17:53:00,SRGA
1.13,1.14,1.13,1.13,7377,2021-07-08 17:54:00,SRGA
1.13,1.14,1.13,1.135,20550,2021-07-08 17:55:00,SRGA
1.13,1.14,1.13,1.13,29618,2021-07-08 17:56:00,SRGA
1.13,1.1399,1.13,1.13,37696,2021-07-08 17:57:00,SRGA
1.13,1.135,1.12,1.1263,146558,2021-07-08 17:58:00,SRGA
1.125,1.135,1.125,1.135,168370,2021-07-08 17:59:00,SRGA
1.1301,1.14,1.13,1.1365,18355,2021-07-08 18:00:00,SRGA
1.135,1.1372,1.13,1.1372,44172,2021-07-08 18:01:00,SRGA
1.13,1.13,1.12,1.125,45492,2021-07-08 18:02:00,SRGA
1.125,1.13,1.1201,1.13,37425,2021-07-08 18:03:00,SRGA
1.125,1.13,1.1201,1.125,92904,2021-07-08 18:04:00,SRGA
1.125,1.13,1.1201,1.125,27992,2021-07-08 18:05:00,SRGA
1.125,1.13,1.12,1.125,29845,2021-07-08 18:06:00,SRGA
1.125,1.13,1.12,1.13,46023,2021-07-08 18:07:00,SRGA
1.1266,1.13,1.12,1.12,17627,2021-07-08 18:08:00,SRGA
1.125,1.125,1.12,1.12,23249,2021-07-08 18:09:00,SRGA
1.125,1.1299,1.12,1.1201,14253,2021-07-08 18:10:00,SRGA
1.12,1.1299,1.12,1.125,17269,2021-07-08 18:11:00,SRGA
1.125,1.1299,1.12,1.1201,16398,2021-07-08 18:12:00,SRGA
1.12,1.125,1.12,1.12,14700,2021-07-08 18:13:00,SRGA
1.12,1.13,1.12,1.12,34635,2021-07-08 18:14:00,SRGA
1.12,1.13,1.12,1.12,15850,2021-07-08 18:15:00,SRGA
1.12,1.13,1.12,1.13,44393,2021-07-08 18:16:00,SRGA
1.125,1.13,1.1201,1.1276,124240,2021-07-08 18:17:00,SRGA
1.1277,1.14,1.125,1.135,56764,2021-07-08 18:18:00,SRGA
1.135,1.15,1.135,1.15,75070,2021-07-08 18:19:00,SRGA
1.145,1.15,1.1401,1.145,4100,2021-07-08 18:20:00,SRGA
1.1401,1.1464,1.1401,1.145,2687,2021-07-08 18:21:00,SRGA
1.1499,1.1499,1.1401,1.145,12218,2021-07-08 18:22:00,SRGA
1.15,1.15,1.135,1.1363,64954,2021-07-08 18:23:00,SRGA
1.1301,1.135,1.1301,1.1301,16457,2021-07-08 18:24:00,SRGA
1.1307,1.14,1.13,1.1301,37687,2021-07-08 18:25:00,SRGA
1.137,1.1387,1.13,1.135,26900,2021-07-08 18:26:00,SRGA
1.135,1.1399,1.13,1.13,30045,2021-07-08 18:27:00,SRGA
1.14,1.14,1.13,1.135,90094,2021-07-08 18:28:00,SRGA
1.14,1.14,1.13,1.135,22264,2021-07-08 18:29:00,SRGA
1.135,1.14,1.13,1.135,37029,2021-07-08 18:30:00,SRGA
1.14,1.14,1.13,1.13,2700,2021-07-08 18:31:00,SRGA
1.1301,1.14,1.13,1.135,38616,2021-07-08 18:32:00,SRGA
1.14,1.14,1.1301,1.135,9020,2021-07-08 18:33:00,SRGA
1.135,1.14,1.135,1.135,46627,2021-07-08 18:34:00,SRGA
1.135,1.14,1.13,1.135,40113,2021-07-08 18:35:00,SRGA
1.135,1.14,1.13,1.135,29649,2021-07-08 18:36:00,SRGA
1.14,1.14,1.135,1.137,20101,2021-07-08 18:37:00,SRGA
1.135,1.14,1.13,1.14,114899,2021-07-08 18:38:00,SRGA
1.135,1.14,1.135,1.135,22370,2021-07-08 18:39:00,SRGA
1.14,1.14,1.135,1.135,70002,2021-07-08 18:40:00,SRGA
1.14,1.14,1.1301,1.135,32304,2021-07-08 18:41:00,SRGA
1.14,1.14,1.1301,1.135,148756,2021-07-08 18:42:00,SRGA
1.14,1.14,1.13,1.135,10694,2021-07-08 18:43:00,SRGA
1.1381,1.14,1.1301,1.135,54361,2021-07-08 18:44:00,SRGA
1.1301,1.14,1.13,1.135,22240,2021-07-08 18:45:00,SRGA
1.135,1.14,1.1301,1.135,60114,2021-07-08 18:46:00,SRGA
1.135,1.14,1.135,1.135,71004,2021-07-08 18:47:00,SRGA
1.135,1.14,1.13,1.14,51104,2021-07-08 18:48:00,SRGA
1.14,1.14,1.13,1.135,34855,2021-07-08 18:49:00,SRGA
1.1399,1.14,1.13,1.135,18440,2021-07-08 18:50:00,SRGA
1.1399,1.14,1.13,1.1301,45251,2021-07-08 18:51:00,SRGA
1.135,1.14,1.13,1.135,34600,2021-07-08 18:52:00,SRGA
1.13,1.14,1.13,1.135,21671,2021-07-08 18:53:00,SRGA
1.13,1.14,1.13,1.131,28758,2021-07-08 18:54:00,SRGA
1.14,1.14,1.13,1.135,59716,2021-07-08 18:55:00,SRGA
1.1301,1.14,1.13,1.135,76966,2021-07-08 18:56:00,SRGA
1.1301,1.14,1.1301,1.135,18950,2021-07-08 18:57:00,SRGA
1.1399,1.14,1.13,1.135,34719,2021-07-08 18:58:00,SRGA
1.135,1.14,1.13,1.135,26086,2021-07-08 18:59:00,SRGA
1.135,1.14,1.13,1.14,29916,2021-07-08 19:00:00,SRGA
1.13,1.14,1.13,1.14,38969,2021-07-08 19:01:00,SRGA
1.13,1.14,1.12,1.125,211046,2021-07-08 19:02:00,SRGA
1.13,1.13,1.12,1.13,87124,2021-07-08 19:03:00,SRGA
1.13,1.13,1.1201,1.13,7575,2021-07-08 19:04:00,SRGA
1.13,1.13,1.1201,1.125,41350,2021-07-08 19:05:00,SRGA
1.125,1.13,1.12,1.13,26177,2021-07-08 19:06:00,SRGA
1.125,1.13,1.1201,1.1201,26834,2021-07-08 19:07:00,SRGA
1.1201,1.13,1.12,1.12,36200,2021-07-08 19:08:00,SRGA
1.125,1.13,1.1201,1.125,4179,2021-07-08 19:09:00,SRGA
1.125,1.13,1.12,1.125,32874,2021-07-08 19:10:00,SRGA
1.125,1.13,1.12,1.125,25144,2021-07-08 19:11:00,SRGA
1.125,1.13,1.12,1.125,25100,2021-07-08 19:12:00,SRGA
1.1283,1.1299,1.12,1.125,25890,2021-07-08 19:13:00,SRGA
1.12,1.125,1.12,1.125,12003,2021-07-08 19:14:00,SRGA
1.1299,1.1299,1.12,1.125,32704,2021-07-08 19:15:00,SRGA
1.125,1.1299,1.12,1.12,11265,2021-07-08 19:16:00,SRGA
1.125,1.13,1.12,1.125,24700,2021-07-08 19:17:00,SRGA
1.13,1.13,1.1201,1.125,4793,2021-07-08 19:18:00,SRGA
1.1224,1.13,1.12,1.125,25936,2021-07-08 19:19:00,SRGA
1.125,1.1271,1.12,1.1269,2332,2021-07-08 19:20:00,SRGA
1.12,1.13,1.12,1.12,34576,2021-07-08 19:21:00,SRGA
1.125,1.13,1.12,1.13,27482,2021-07-08 19:22:00,SRGA
1.1201,1.125,1.12,1.125,6500,2021-07-08 19:23:00,SRGA
1.12,1.13,1.12,1.12,61843,2021-07-08 19:24:00,SRGA
1.1201,1.13,1.12,1.125,46802,2021-07-08 19:25:00,SRGA
1.13,1.13,1.12,1.12,31300,2021-07-08 19:26:00,SRGA
1.13,1.13,1.12,1.125,22236,2021-07-08 19:27:00,SRGA
1.1272,1.13,1.12,1.125,48970,2021-07-08 19:28:00,SRGA
1.1299,1.13,1.12,1.125,25004,2021-07-08 19:29:00,SRGA
1.125,1.13,1.12,1.125,70136,2021-07-08 19:30:00,SRGA
1.125,1.13,1.1201,1.1201,25996,2021-07-08 19:31:00,SRGA
1.1299,1.13,1.12,1.125,33220,2021-07-08 19:32:00,SRGA
1.125,1.13,1.12,1.125,38791,2021-07-08 19:33:00,SRGA
1.125,1.13,1.12,1.125,52954,2021-07-08 19:34:00,SRGA
1.125,1.13,1.125,1.125,9700,2021-07-08 19:35:00,SRGA
1.125,1.13,1.12,1.12,36397,2021-07-08 19:36:00,SRGA
1.1201,1.13,1.12,1.125,26404,2021-07-08 19:37:00,SRGA
1.125,1.13,1.12,1.125,87860,2021-07-08 19:38:00,SRGA
1.125,1.13,1.12,1.125,238747,2021-07-08 19:39:00,SRGA
1.125,1.13,1.12,1.125,45021,2021-07-08 19:40:00,SRGA
1.13,1.13,1.12,1.13,50742,2021-07-08 19:41:00,SRGA
1.125,1.1399,1.12,1.135,98385,2021-07-08 19:42:00,SRGA
1.14,1.14,1.1301,1.1301,24291,2021-07-08 19:43:00,SRGA
1.135,1.14,1.13,1.1301,44921,2021-07-08 19:44:00,SRGA
1.1301,1.14,1.13,1.14,49158,2021-07-08 19:45:00,SRGA
1.1301,1.1399,1.13,1.13,120980,2021-07-08 19:46:00,SRGA
1.135,1.14,1.13,1.13,42682,2021-07-08 19:47:00,SRGA
1.14,1.14,1.13,1.13,46181,2021-07-08 19:48:00,SRGA
1.131,1.135,1.13,1.13,46156,2021-07-08 19:49:00,SRGA
1.135,1.135,1.12,1.1266,203731,2021-07-08 19:50:00,SRGA
1.12,1.1299,1.12,1.12,53826,2021-07-08 19:51:00,SRGA
1.12,1.13,1.12,1.1201,74904,2021-07-08 19:52:00,SRGA
1.12,1.13,1.12,1.1275,70337,2021-07-08 19:53:00,SRGA
1.125,1.1267,1.12,1.1267,69377,2021-07-08 19:54:00,SRGA
1.12,1.13,1.12,1.12,123575,2021-07-08 19:55:00,SRGA
1.125,1.13,1.12,1.12,110899,2021-07-08 19:56:00,SRGA
1.12,1.1299,1.11,1.115,326811,2021-07-08 19:57:00,SRGA
1.115,1.12,1.11,1.11,208572,2021-07-08 19:58:00,SRGA
1.11,1.12,1.11,1.11,283049,2021-07-08 19:59:00,SRGA
1.12,1.12,1.11,1.11,32031,2021-07-08 20:00:00,SRGA
1.11,1.11,1.11,1.11,500,2021-07-08 20:01:00,SRGA
1.13,1.13,1.13,1.13,1000,2021-07-08 20:04:00,SRGA
1.13,1.13,1.13,1.13,100,2021-07-08 20:05:00,SRGA
1.12,1.12,1.11,1.11,1500,2021-07-08 20:10:00,SRGA
1.12,1.12,1.12,1.12,800,2021-07-08 20:12:00,SRGA
1.12,1.12,1.12,1.12,2000,2021-07-08 20:13:00,SRGA
1.125,1.125,1.125,1.125,100,2021-07-08 20:15:00,SRGA
1.125,1.125,1.125,1.125,115,2021-07-08 20:16:00,SRGA
1.125,1.125,1.125,1.125,911,2021-07-08 20:17:00,SRGA
1.12,1.125,1.12,1.125,720,2021-07-08 20:18:00,SRGA
1.125,1.125,1.125,1.125,820,2021-07-08 20:20:00,SRGA
1.125,1.125,1.125,1.125,792,2021-07-08 20:21:00,SRGA
1.125,1.13,1.125,1.13,200,2021-07-08 20:23:00,SRGA
1.12,1.12,1.12,1.12,600,2021-07-08 20:26:00,SRGA
1.12,1.12,1.12,1.12,11850,2021-07-08 20:27:00,SRGA
1.12,1.12,1.12,1.12,500,2021-07-08 20:28:00,SRGA
1.12,1.12,1.12,1.12,600,2021-07-08 20:30:00,SRGA
1.12,1.12,1.12,1.12,700,2021-07-08 20:34:00,SRGA
1.12,1.12,1.12,1.12,450,2021-07-08 20:35:00,SRGA
1.12,1.12,1.12,1.12,1100,2021-07-08 20:36:00,SRGA
1.12,1.12,1.12,1.12,2223,2021-07-08 20:40:00,SRGA
1.12,1.12,1.12,1.12,398,2021-07-08 20:41:00,SRGA
1.12,1.12,1.12,1.12,181,2021-07-08 20:46:00,SRGA
1.12,1.12,1.12,1.12,200,2021-07-08 20:47:00,SRGA
1.12,1.12,1.12,1.12,2800,2021-07-08 20:50:00,SRGA
1.12,1.12,1.12,1.12,1000,2021-07-08 20:54:00,SRGA
1.12,1.12,1.12,1.12,2921,2021-07-08 20:55:00,SRGA
1.12,1.12,1.12,1.12,1200,2021-07-08 21:00:00,SRGA
1.12,1.12,1.12,1.12,267,2021-07-08 21:01:00,SRGA
1.12,1.12,1.12,1.12,200,2021-07-08 21:03:00,SRGA
1.12,1.12,1.12,1.12,125,2021-07-08 21:04:00,SRGA
1.12,1.12,1.12,1.12,150,2021-07-08 21:06:00,SRGA
1.12,1.12,1.12,1.12,100,2021-07-08 21:07:00,SRGA
1.12,1.12,1.12,1.12,250,2021-07-08 21:09:00,SRGA
1.12,1.12,1.12,1.12,108,2021-07-08 21:10:00,SRGA
1.12,1.12,1.12,1.12,250,2021-07-08 21:11:00,SRGA
1.12,1.12,1.12,1.12,600,2021-07-08 21:15:00,SRGA
1.12,1.12,1.12,1.12,1887,2021-07-08 21:21:00,SRGA
1.12,1.12,1.12,1.12,300,2021-07-08 21:28:00,SRGA
1.12,1.12,1.12,1.12,869,2021-07-08 21:29:00,SRGA
1.12,1.12,1.12,1.12,350,2021-07-08 21:34:00,SRGA
1.12,1.12,1.12,1.12,100,2021-07-08 21:36:00,SRGA
1.12,1.12,1.12,1.12,200,2021-07-08 21:37:00,SRGA
1.12,1.12,1.12,1.12,300,2021-07-08 21:39:00,SRGA
1.12,1.12,1.12,1.12,3000,2021-07-08 21:46:00,SRGA
1.12,1.12,1.12,1.12,998,2021-07-08 21:56:00,SRGA
1.12,1.12,1.12,1.12,100,2021-07-08 21:57:00,SRGA
1.12,1.12,1.12,1.12,100,2021-07-08 21:58:00,SRGA
1.12,1.12,1.12,1.12,1999,2021-07-08 21:59:00,SRGA
1.13,1.13,1.13,1.13,125,2021-07-08 22:03:00,SRGA
1.13,1.13,1.13,1.13,100,2021-07-08 22:08:00,SRGA
1.13,1.13,1.125,1.13,4100,2021-07-08 22:14:00,SRGA
1.13,1.13,1.13,1.13,3997,2021-07-08 22:16:00,SRGA
1.14,1.14,1.14,1.14,100,2021-07-08 22:32:00,SRGA
1.13,1.13,1.13,1.13,1197,2021-07-08 22:49:00,SRGA
1.14,1.14,1.14,1.14,14300,2021-07-08 22:50:00,SRGA
1.16,1.16,1.16,1.16,1000,2021-07-08 23:01:00,SRGA
1.14,1.14,1.14,1.14,123,2021-07-08 23:14:00,SRGA
1.14,1.14,1.14,1.14,377,2021-07-08 23:20:00,SRGA
1.14,1.14,1.14,1.14,1000,2021-07-08 23:28:00,SRGA
1.14,1.14,1.14,1.14,1000,2021-07-08 23:29:00,SRGA
1.14,1.14,1.14,1.14,400,2021-07-08 23:31:00,SRGA
1.14,1.14,1.14,1.14,800,2021-07-08 23:34:00,SRGA
1.15,1.15,1.15,1.15,1000,2021-07-08 23:44:00,SRGA
1.14,1.14,1.14,1.14,1400,2021-07-08 23:52:00,SRGA
1.14,1.14,1.14,1.14,200,2021-07-09 08:05:00,SRGA
1.15,1.15,1.15,1.15,100,2021-07-09 08:49:00,SRGA
1.15,1.15,1.15,1.15,202,2021-07-09 08:50:00,SRGA
1.15,1.15,1.15,1.15,788,2021-07-09 08:58:00,SRGA
1.14,1.14,1.14,1.14,400,2021-07-09 09:26:00,SRGA
1.14,1.14,1.14,1.14,100,2021-07-09 09:48:00,SRGA
1.15,1.15,1.15,1.15,100,2021-07-09 09:49:00,SRGA
1.15,1.15,1.15,1.15,312,2021-07-09 09:56:00,SRGA
1.14,1.14,1.14,1.14,250,2021-07-09 10:38:00,SRGA
1.14,1.14,1.14,1.14,100,2021-07-09 11:00:00,SRGA
1.15,1.15,1.15,1.15,400,2021-07-09 11:06:00,SRGA
1.15,1.15,1.15,1.15,200,2021-07-09 11:22:00,SRGA
1.14,1.14,1.14,1.14,500,2021-07-09 11:25:00,SRGA
1.15,1.15,1.15,1.15,300,2021-07-09 11:30:00,SRGA
1.14,1.14,1.14,1.14,100,2021-07-09 11:33:00,SRGA
1.15,1.15,1.15,1.15,500,2021-07-09 11:58:00,SRGA
1.15,1.15,1.15,1.15,673,2021-07-09 12:05:00,SRGA
1.15,1.15,1.15,1.15,1423,2021-07-09 12:06:00,SRGA
1.16,1.16,1.16,1.16,200,2021-07-09 12:09:00,SRGA
1.16,1.16,1.16,1.16,430,2021-07-09 12:10:00,SRGA
1.16,1.16,1.16,1.16,1800,2021-07-09 12:18:00,SRGA
1.15,1.15,1.15,1.15,1000,2021-07-09 12:19:00,SRGA
1.15,1.15,1.15,1.15,1000,2021-07-09 12:20:00,SRGA
1.16,1.16,1.16,1.16,200,2021-07-09 12:29:00,SRGA
1.16,1.16,1.16,1.16,600,2021-07-09 12:34:00,SRGA
1.16,1.16,1.16,1.16,1000,2021-07-09 12:38:00,SRGA
1.16,1.16,1.16,1.16,1000,2021-07-09 12:42:00,SRGA
1.16,1.16,1.16,1.16,1000,2021-07-09 12:47:00,SRGA
1.16,1.16,1.16,1.16,431,2021-07-09 12:51:00,SRGA
1.15,1.16,1.15,1.16,14433,2021-07-09 12:52:00,SRGA
1.17,1.17,1.17,1.17,1500,2021-07-09 12:54:00,SRGA
1.16,1.16,1.16,1.16,600,2021-07-09 12:58:00,SRGA
1.16,1.16,1.16,1.16,600,2021-07-09 12:59:00,SRGA
1.17,1.17,1.16,1.16,13731,2021-07-09 13:00:00,SRGA
1.16,1.16,1.16,1.16,5945,2021-07-09 13:01:00,SRGA
1.16,1.16,1.16,1.16,3300,2021-07-09 13:02:00,SRGA
1.16,1.16,1.16,1.16,200,2021-07-09 13:03:00,SRGA
1.17,1.17,1.17,1.17,250,2021-07-09 13:04:00,SRGA
1.16,1.16,1.16,1.16,500,2021-07-09 13:05:00,SRGA
1.16,1.16,1.16,1.16,990,2021-07-09 13:07:00,SRGA
1.16,1.16,1.16,1.16,100,2021-07-09 13:08:00,SRGA
1.16,1.16,1.15,1.15,650,2021-07-09 13:10:00,SRGA
1.16,1.16,1.16,1.16,100,2021-07-09 13:12:00,SRGA
1.16,1.16,1.16,1.16,924,2021-07-09 13:14:00,SRGA
1.16,1.16,1.16,1.16,1295,2021-07-09 13:21:00,SRGA
1.17,1.17,1.16,1.16,3200,2021-07-09 13:22:00,SRGA
1.16,1.16,1.16,1.16,9600,2021-07-09 13:24:00,SRGA
1.17,1.17,1.1601,1.1601,11682,2021-07-09 13:25:00,SRGA
1.17,1.17,1.17,1.17,2110,2021-07-09 13:26:00,SRGA
1.16,1.16,1.16,1.16,206,2021-07-09 13:27:00,SRGA
1.17,1.17,1.17,1.17,380,2021-07-09 13:28:00,SRGA
1.17,1.17,1.16,1.17,111430,2021-07-09 13:30:00,SRGA
1.165,1.1661,1.16,1.16,27870,2021-07-09 13:31:00,SRGA
1.165,1.167,1.16,1.165,9638,2021-07-09 13:32:00,SRGA
1.165,1.17,1.16,1.16,4726,2021-07-09 13:33:00,SRGA
1.165,1.165,1.16,1.165,2600,2021-07-09 13:34:00,SRGA
1.165,1.165,1.16,1.16,32640,2021-07-09 13:35:00,SRGA
1.16,1.1622,1.15,1.1501,44021,2021-07-09 13:36:00,SRGA
1.155,1.16,1.15,1.155,4550,2021-07-09 13:37:00,SRGA
1.15,1.16,1.15,1.1571,10126,2021-07-09 13:38:00,SRGA
1.15,1.16,1.15,1.1531,2261,2021-07-09 13:39:00,SRGA
1.155,1.155,1.15,1.15,24156,2021-07-09 13:40:00,SRGA
1.15,1.15,1.14,1.145,39772,2021-07-09 13:41:00,SRGA
1.145,1.1471,1.14,1.145,36808,2021-07-09 13:42:00,SRGA
1.145,1.15,1.145,1.15,35396,2021-07-09 13:43:00,SRGA
1.1499,1.15,1.1401,1.1499,7397,2021-07-09 13:44:00,SRGA
1.15,1.1571,1.145,1.155,10115,2021-07-09 13:45:00,SRGA
1.16,1.165,1.155,1.1619,63170,2021-07-09 13:46:00,SRGA
1.16,1.165,1.16,1.165,7587,2021-07-09 13:47:00,SRGA
1.165,1.165,1.1609,1.161,4677,2021-07-09 13:48:00,SRGA
1.1624,1.1662,1.16,1.165,6400,2021-07-09 13:49:00,SRGA
1.165,1.17,1.16,1.165,59397,2021-07-09 13:50:00,SRGA
1.16,1.17,1.16,1.17,5151,2021-07-09 13:51:00,SRGA
1.17,1.18,1.165,1.1701,45618,2021-07-09 13:52:00,SRGA
1.175,1.18,1.1701,1.18,25544,2021-07-09 13:53:00,SRGA
1.17,1.18,1.17,1.1799,5900,2021-07-09 13:54:00,SRGA
1.18,1.18,1.1737,1.1737,7213,2021-07-09 13:55:00,SRGA
1.175,1.18,1.175,1.18,6000,2021-07-09 13:56:00,SRGA
1.18,1.18,1.175,1.1799,5647,2021-07-09 13:57:00,SRGA
1.18,1.18,1.1711,1.175,15444,2021-07-09 13:58:00,SRGA
1.1709,1.18,1.17,1.18,34761,2021-07-09 13:59:00,SRGA
1.175,1.18,1.1727,1.1727,19226,2021-07-09 14:00:00,SRGA
1.175,1.18,1.175,1.175,5000,2021-07-09 14:01:00,SRGA
1.17,1.175,1.17,1.1701,4530,2021-07-09 14:02:00,SRGA
1.175,1.1799,1.17,1.171,20545,2021-07-09 14:03:00,SRGA
1.175,1.175,1.17,1.17,9000,2021-07-09 14:04:00,SRGA
1.17,1.175,1.17,1.175,855,2021-07-09 14:05:00,SRGA
1.175,1.175,1.17,1.17,1000,2021-07-09 14:06:00,SRGA
1.175,1.175,1.17,1.175,2465,2021-07-09 14:07:00,SRGA
1.175,1.175,1.17,1.175,877,2021-07-09 14:08:00,SRGA
1.17,1.17,1.165,1.17,37684,2021-07-09 14:09:00,SRGA
1.17,1.175,1.165,1.17,23604,2021-07-09 14:10:00,SRGA
1.1662,1.17,1.1635,1.1635,4456,2021-07-09 14:11:00,SRGA
1.1699,1.1699,1.1645,1.1645,6000,2021-07-09 14:12:00,SRGA
1.1672,1.1672,1.16,1.16,1700,2021-07-09 14:13:00,SRGA
1.165,1.165,1.165,1.165,2400,2021-07-09 14:14:00,SRGA
1.165,1.1699,1.1601,1.163,1400,2021-07-09 14:15:00,SRGA
1.165,1.165,1.165,1.165,200,2021-07-09 14:16:00,SRGA
1.165,1.165,1.165,1.165,420,2021-07-09 14:18:00,SRGA
1.165,1.165,1.1638,1.1638,250,2021-07-09 14:19:00,SRGA
1.17,1.17,1.1601,1.165,25117,2021-07-09 14:20:00,SRGA
1.17,1.17,1.165,1.165,8800,2021-07-09 14:21:00,SRGA
1.1699,1.17,1.1699,1.17,11100,2021-07-09 14:22:00,SRGA
1.1601,1.1699,1.1601,1.165,14260,2021-07-09 14:23:00,SRGA
1.1699,1.17,1.165,1.17,6500,2021-07-09 14:24:00,SRGA
1.17,1.17,1.1601,1.165,14454,2021-07-09 14:25:00,SRGA
1.1601,1.17,1.1601,1.17,2375,2021-07-09 14:26:00,SRGA
1.165,1.165,1.16,1.1635,1650,2021-07-09 14:27:00,SRGA
1.16,1.17,1.16,1.165,42980,2021-07-09 14:28:00,SRGA
1.1601,1.1699,1.1601,1.1601,9200,2021-07-09 14:29:00,SRGA
1.165,1.165,1.1601,1.165,5825,2021-07-09 14:30:00,SRGA
1.1679,1.1679,1.165,1.165,1900,2021-07-09 14:31:00,SRGA
1.165,1.165,1.165,1.165,3100,2021-07-09 14:32:00,SRGA
1.165,1.165,1.165,1.165,500,2021-07-09 14:33:00,SRGA
1.1699,1.1699,1.165,1.165,250,2021-07-09 14:34:00,SRGA
1.165,1.165,1.1601,1.1601,690,2021-07-09 14:35:00,SRGA
1.165,1.17,1.165,1.165,1800,2021-07-09 14:36:00,SRGA
1.165,1.1699,1.165,1.165,600,2021-07-09 14:37:00,SRGA
1.1631,1.1631,1.1631,1.1631,625,2021-07-09 14:38:00,SRGA
1.1631,1.165,1.16,1.1636,5625,2021-07-09 14:39:00,SRGA
1.165,1.17,1.1635,1.165,3344,2021-07-09 14:40:00,SRGA
1.1635,1.165,1.1625,1.165,13600,2021-07-09 14:41:00,SRGA
1.1634,1.165,1.1634,1.165,7600,2021-07-09 14:42:00,SRGA
1.165,1.165,1.16,1.16,2700,2021-07-09 14:43:00,SRGA
1.165,1.1699,1.16,1.1699,9282,2021-07-09 14:44:00,SRGA
1.17,1.17,1.16,1.1601,20926,2021-07-09 14:45:00,SRGA
1.165,1.165,1.16,1.1601,5300,2021-07-09 14:46:00,SRGA
1.165,1.1662,1.165,1.165,1150,2021-07-09 14:47:00,SRGA
1.1666,1.1666,1.16,1.165,1700,2021-07-09 14:48:00,SRGA
1.165,1.17,1.1601,1.165,14846,2021-07-09 14:49:00,SRGA
1.1601,1.165,1.1601,1.165,3000,2021-07-09 14:50:00,SRGA
1.165,1.1673,1.165,1.1673,2950,2021-07-09 14:51:00,SRGA
1.165,1.165,1.16,1.165,1831,2021-07-09 14:52:00,SRGA
1.165,1.17,1.1613,1.17,5749,2021-07-09 14:53:00,SRGA
1.165,1.17,1.165,1.165,4702,2021-07-09 14:54:00,SRGA
1.165,1.165,1.165,1.165,2117,2021-07-09 14:55:00,SRGA
1.165,1.165,1.165,1.165,100,2021-07-09 14:56:00,SRGA
1.1601,1.17,1.1601,1.17,7300,2021-07-09 14:57:00,SRGA
1.1601,1.18,1.1601,1.18,43840,2021-07-09 14:58:00,SRGA
1.18,1.19,1.18,1.19,92694,2021-07-09 14:59:00,SRGA
1.1825,1.19,1.1801,1.19,29268,2021-07-09 15:00:00,SRGA
1.19,1.19,1.1801,1.1826,19500,2021-07-09 15:01:00,SRGA
1.19,1.19,1.1801,1.1801,8200,2021-07-09 15:02:00,SRGA
1.19,1.22,1.19,1.2105,283883,2021-07-09 15:03:00,SRGA
1.21,1.22,1.21,1.2185,56015,2021-07-09 15:04:00,SRGA
1.215,1.2199,1.21,1.215,44497,2021-07-09 15:05:00,SRGA
1.2199,1.25,1.215,1.2329,229817,2021-07-09 15:06:00,SRGA
1.235,1.25,1.23,1.24,47048,2021-07-09 15:07:00,SRGA
1.2337,1.25,1.23,1.2409,127372,2021-07-09 15:08:00,SRGA
1.245,1.25,1.235,1.245,36153,2021-07-09 15:09:00,SRGA
1.25,1.25,1.24,1.2415,40484,2021-07-09 15:10:00,SRGA
1.241,1.241,1.23,1.2328,120628,2021-07-09 15:11:00,SRGA
1.235,1.24,1.2333,1.235,9577,2021-07-09 15:12:00,SRGA
1.24,1.24,1.23,1.24,22100,2021-07-09 15:13:00,SRGA
1.24,1.2478,1.2301,1.24,42391,2021-07-09 15:14:00,SRGA
1.245,1.25,1.245,1.245,9725,2021-07-09 15:15:00,SRGA
1.2401,1.25,1.24,1.25,26514,2021-07-09 15:16:00,SRGA
1.2401,1.25,1.2401,1.25,14841,2021-07-09 15:17:00,SRGA
1.245,1.28,1.245,1.2702,54804,2021-07-09 15:18:00,SRGA
1.271,1.28,1.255,1.255,58264,2021-07-09 15:19:00,SRGA
1.253,1.2626,1.253,1.26,18432,2021-07-09 15:20:00,SRGA
1.2699,1.2699,1.2531,1.26,28585,2021-07-09 15:21:00,SRGA
1.26,1.2677,1.25,1.2667,74748,2021-07-09 15:22:00,SRGA
1.265,1.27,1.26,1.265,53608,2021-07-09 15:23:00,SRGA
1.27,1.27,1.26,1.261,29206,2021-07-09 15:24:00,SRGA
1.265,1.265,1.26,1.26,34054,2021-07-09 15:25:00,SRGA
1.265,1.27,1.26,1.265,14800,2021-07-09 15:26:00,SRGA
1.2617,1.27,1.26,1.2601,52734,2021-07-09 15:27:00,SRGA
1.26,1.27,1.26,1.2615,26755,2021-07-09 15:28:00,SRGA
1.27,1.27,1.265,1.265,14900,2021-07-09 15:29:00,SRGA
1.26,1.27,1.26,1.2601,20801,2021-07-09 15:30:00,SRGA
1.26,1.27,1.25,1.2589,63210,2021-07-09 15:31:00,SRGA
1.255,1.26,1.255,1.26,4200,2021-07-09 15:32:00,SRGA
1.255,1.255,1.25,1.255,4800,2021-07-09 15:33:00,SRGA
1.255,1.26,1.255,1.26,6092,2021-07-09 15:34:00,SRGA
1.255,1.255,1.23,1.24,567998,2021-07-09 15:35:00,SRGA
1.2399,1.24,1.235,1.24,38000,2021-07-09 15:36:00,SRGA
1.24,1.25,1.235,1.235,51190,2021-07-09 15:37:00,SRGA
1.235,1.24,1.235,1.24,550,2021-07-09 15:38:00,SRGA
1.2375,1.2375,1.23,1.23,2200,2021-07-09 15:39:00,SRGA
1.24,1.24,1.205,1.22,224272,2021-07-09 15:40:00,SRGA
1.22,1.22,1.2101,1.2196,24478,2021-07-09 15:41:00,SRGA
1.22,1.23,1.215,1.23,37287,2021-07-09 15:42:00,SRGA
1.2229,1.23,1.2229,1.23,224,2021-07-09 15:43:00,SRGA
1.2223,1.23,1.22,1.225,11830,2021-07-09 15:44:00,SRGA
1.225,1.23,1.225,1.225,8100,2021-07-09 15:45:00,SRGA
1.2201,1.23,1.2201,1.225,2500,2021-07-09 15:48:00,SRGA
1.23,1.23,1.22,1.22,16800,2021-07-09 15:49:00,SRGA
1.215,1.23,1.21,1.228,29762,2021-07-09 15:50:00,SRGA
1.225,1.23,1.2226,1.225,7995,2021-07-09 15:51:00,SRGA
1.2222,1.2222,1.2222,1.2222,900,2021-07-09 15:52:00,SRGA
1.225,1.225,1.22,1.225,2800,2021-07-09 15:53:00,SRGA
1.225,1.225,1.22,1.225,19230,2021-07-09 15:54:00,SRGA
1.225,1.225,1.22,1.225,2525,2021-07-09 15:55:00,SRGA
1.225,1.225,1.22,1.2204,14255,2021-07-09 15:56:00,SRGA
1.2211,1.225,1.2101,1.2189,13458,2021-07-09 15:57:00,SRGA
1.215,1.22,1.212,1.22,600,2021-07-09 15:58:00,SRGA
1.2199,1.2199,1.215,1.215,10938,2021-07-09 15:59:00,SRGA
1.215,1.215,1.21,1.21,775,2021-07-09 16:00:00,SRGA
1.22,1.22,1.22,1.22,2000,2021-07-09 16:01:00,SRGA
1.215,1.215,1.2101,1.215,2800,2021-07-09 16:02:00,SRGA
1.215,1.215,1.215,1.215,1100,2021-07-09 16:03:00,SRGA
1.215,1.215,1.215,1.215,300,2021-07-09 16:04:00,SRGA
1.2199,1.2199,1.2127,1.2127,3100,2021-07-09 16:05:00,SRGA
1.215,1.22,1.215,1.2182,2300,2021-07-09 16:06:00,SRGA
1.215,1.22,1.215,1.22,5515,2021-07-09 16:07:00,SRGA
1.22,1.22,1.215,1.215,6400,2021-07-09 16:08:00,SRGA
1.211,1.2185,1.211,1.2185,2800,2021-07-09 16:09:00,SRGA
1.215,1.22,1.21,1.22,7700,2021-07-09 16:10:00,SRGA
1.215,1.215,1.215,1.215,200,2021-07-09 16:13:00,SRGA
1.22,1.22,1.215,1.2172,650,2021-07-09 16:14:00,SRGA
1.215,1.22,1.2143,1.2143,5511,2021-07-09 16:15:00,SRGA
1.215,1.215,1.215,1.215,100,2021-07-09 16:16:00,SRGA
1.215,1.215,1.215,1.215,300,2021-07-09 16:17:00,SRGA
1.2199,1.22,1.21,1.22,3701,2021-07-09 16:18:00,SRGA
1.22,1.22,1.215,1.22,16800,2021-07-09 16:19:00,SRGA
1.22,1.225,1.215,1.22,30710,2021-07-09 16:20:00,SRGA
1.23,1.23,1.2201,1.23,5600,2021-07-09 16:21:00,SRGA
1.2248,1.23,1.2248,1.23,2500,2021-07-09 16:22:00,SRGA
1.23,1.23,1.225,1.23,900,2021-07-09 16:23:00,SRGA
1.225,1.23,1.225,1.23,3122,2021-07-09 16:24:00,SRGA
1.2208,1.23,1.2206,1.2206,9300,2021-07-09 16:25:00,SRGA
1.23,1.23,1.2265,1.2265,286,2021-07-09 16:26:00,SRGA
1.225,1.2271,1.225,1.2271,1310,2021-07-09 16:27:00,SRGA
1.225,1.225,1.225,1.225,500,2021-07-09 16:28:00,SRGA
1.225,1.225,1.225,1.225,838,2021-07-09 16:30:00,SRGA
1.225,1.225,1.225,1.225,500,2021-07-09 16:31:00,SRGA
1.225,1.225,1.22,1.225,3942,2021-07-09 16:32:00,SRGA
1.225,1.2289,1.22,1.225,16202,2021-07-09 16:33:00,SRGA
1.225,1.23,1.225,1.23,13617,2021-07-09 16:34:00,SRGA
1.23,1.23,1.2222,1.225,3200,2021-07-09 16:35:00,SRGA
1.2299,1.23,1.225,1.225,1500,2021-07-09 16:36:00,SRGA
1.2201,1.2277,1.2201,1.225,6100,2021-07-09 16:37:00,SRGA
1.23,1.23,1.23,1.23,300,2021-07-09 16:38:00,SRGA
1.225,1.23,1.22,1.225,3200,2021-07-09 16:39:00,SRGA
1.2299,1.2299,1.2299,1.2299,5000,2021-07-09 16:40:00,SRGA
1.23,1.23,1.225,1.23,35234,2021-07-09 16:41:00,SRGA
1.2299,1.24,1.225,1.24,12896,2021-07-09 16:42:00,SRGA
1.24,1.24,1.2306,1.24,18039,2021-07-09 16:43:00,SRGA
1.235,1.25,1.235,1.25,35200,2021-07-09 16:44:00,SRGA
1.25,1.25,1.241,1.245,22400,2021-07-09 16:45:00,SRGA
1.245,1.2468,1.245,1.245,2100,2021-07-09 16:46:00,SRGA
1.25,1.25,1.2401,1.2401,2303,2021-07-09 16:47:00,SRGA
1.245,1.245,1.245,1.245,400,2021-07-09 16:48:00,SRGA
1.25,1.255,1.2414,1.255,61577,2021-07-09 16:49:00,SRGA
1.255,1.26,1.255,1.26,10500,2021-07-09 16:50:00,SRGA
1.2501,1.255,1.24,1.24,73761,2021-07-09 16:51:00,SRGA
1.235,1.235,1.23,1.235,1773,2021-07-09 16:52:00,SRGA
1.235,1.235,1.235,1.235,300,2021-07-09 16:53:00,SRGA
1.24,1.24,1.235,1.235,1000,2021-07-09 16:54:00,SRGA
1.235,1.235,1.235,1.235,200,2021-07-09 16:55:00,SRGA
1.235,1.2377,1.235,1.235,3000,2021-07-09 16:56:00,SRGA
1.2395,1.25,1.235,1.25,36471,2021-07-09 16:57:00,SRGA
1.245,1.245,1.245,1.245,200,2021-07-09 16:58:00,SRGA
1.245,1.245,1.245,1.245,500,2021-07-09 16:59:00,SRGA
1.245,1.245,1.24,1.24,11200,2021-07-09 17:00:00,SRGA
1.25,1.25,1.2409,1.245,2700,2021-07-09 17:01:00,SRGA
1.245,1.245,1.245,1.245,300,2021-07-09 17:02:00,SRGA
1.245,1.25,1.24,1.25,3400,2021-07-09 17:03:00,SRGA
1.245,1.25,1.24,1.25,5972,2021-07-09 17:04:00,SRGA
1.2499,1.25,1.24,1.245,7000,2021-07-09 17:05:00,SRGA
1.245,1.245,1.2401,1.2401,7800,2021-07-09 17:06:00,SRGA
1.25,1.25,1.24,1.25,6000,2021-07-09 17:07:00,SRGA
1.24,1.2411,1.24,1.2411,4000,2021-07-09 17:09:00,SRGA
1.245,1.245,1.245,1.245,700,2021-07-09 17:10:00,SRGA
1.2408,1.245,1.2408,1.245,5500,2021-07-09 17:11:00,SRGA
1.245,1.25,1.245,1.245,6928,2021-07-09 17:12:00,SRGA
1.245,1.245,1.245,1.245,1500,2021-07-09 17:13:00,SRGA
1.245,1.25,1.24,1.25,15570,2021-07-09 17:14:00,SRGA
1.2445,1.247,1.2421,1.245,5833,2021-07-09 17:16:00,SRGA
1.25,1.25,1.25,1.25,2000,2021-07-09 17:17:00,SRGA
1.24,1.24,1.24,1.24,4100,2021-07-09 17:18:00,SRGA
1.24,1.245,1.24,1.245,2900,2021-07-09 17:19:00,SRGA
1.245,1.245,1.245,1.245,6352,2021-07-09 17:21:00,SRGA
1.245,1.25,1.245,1.245,12504,2021-07-09 17:22:00,SRGA
1.245,1.25,1.245,1.245,34900,2021-07-09 17:23:00,SRGA
1.2469,1.25,1.2469,1.25,400,2021-07-09 17:24:00,SRGA
1.2499,1.2499,1.2499,1.2499,420,2021-07-09 17:25:00,SRGA
1.25,1.25,1.241,1.25,4500,2021-07-09 17:26:00,SRGA
1.25,1.25,1.2401,1.25,28322,2021-07-09 17:27:00,SRGA
1.25,1.25,1.24,1.24,33120,2021-07-09 17:28:00,SRGA
1.245,1.25,1.245,1.25,2698,2021-07-09 17:29:00,SRGA
1.25,1.25,1.24,1.24,2200,2021-07-09 17:30:00,SRGA
1.247,1.25,1.245,1.245,2900,2021-07-09 17:31:00,SRGA
1.2475,1.25,1.245,1.245,6400,2021-07-09 17:32:00,SRGA
1.245,1.2489,1.245,1.2489,5300,2021-07-09 17:33:00,SRGA
1.245,1.25,1.245,1.25,23724,2021-07-09 17:34:00,SRGA
1.2487,1.2499,1.245,1.245,16474,2021-07-09 17:35:00,SRGA
1.2499,1.2499,1.2488,1.2488,10000,2021-07-09 17:36:00,SRGA
1.2487,1.2487,1.2487,1.2487,5000,2021-07-09 17:37:00,SRGA
1.2478,1.2499,1.245,1.245,17000,2021-07-09 17:38:00,SRGA
1.2479,1.25,1.2431,1.2431,6402,2021-07-09 17:39:00,SRGA
1.241,1.25,1.241,1.241,8350,2021-07-09 17:40:00,SRGA
1.2406,1.245,1.2406,1.245,70000,2021-07-09 17:41:00,SRGA
1.2467,1.2467,1.24,1.245,3761,2021-07-09 17:42:00,SRGA
1.245,1.25,1.245,1.25,1200,2021-07-09 17:43:00,SRGA
1.25,1.25,1.245,1.245,400,2021-07-09 17:44:00,SRGA
1.245,1.25,1.245,1.245,3300,2021-07-09 17:45:00,SRGA
1.245,1.245,1.245,1.245,2800,2021-07-09 17:46:00,SRGA
1.245,1.25,1.24,1.245,3936,2021-07-09 17:47:00,SRGA
1.245,1.245,1.245,1.245,100,2021-07-09 17:49:00,SRGA
1.245,1.25,1.245,1.25,1092,2021-07-09 17:50:00,SRGA
1.25,1.25,1.245,1.245,1300,2021-07-09 17:51:00,SRGA
1.245,1.245,1.245,1.245,680,2021-07-09 17:52:00,SRGA
1.245,1.245,1.245,1.245,300,2021-07-09 17:53:00,SRGA
1.25,1.25,1.245,1.245,600,2021-07-09 17:54:00,SRGA
1.245,1.245,1.245,1.245,100,2021-07-09 17:57:00,SRGA
1.245,1.245,1.245,1.245,200,2021-07-09 17:58:00,SRGA
1.25,1.25,1.245,1.2469,1952,2021-07-09 17:59:00,SRGA
1.25,1.26,1.245,1.255,57470,2021-07-09 18:00:00,SRGA
1.2599,1.2599,1.2571,1.2571,1800,2021-07-09 18:02:00,SRGA
1.255,1.255,1.255,1.255,100,2021-07-09 18:03:00,SRGA
1.2599,1.2599,1.2599,1.2599,100,2021-07-09 18:04:00,SRGA
1.2501,1.255,1.25,1.25,25754,2021-07-09 18:05:00,SRGA
1.26,1.26,1.2501,1.2501,2150,2021-07-09 18:06:00,SRGA
1.25,1.2557,1.25,1.2557,2700,2021-07-09 18:08:00,SRGA
1.255,1.255,1.255,1.255,100,2021-07-09 18:09:00,SRGA
1.26,1.26,1.26,1.26,1000,2021-07-09 18:11:00,SRGA
1.26,1.26,1.26,1.26,9300,2021-07-09 18:12:00,SRGA
1.2501,1.2501,1.25,1.25,1957,2021-07-09 18:13:00,SRGA
1.252,1.252,1.25,1.2501,6965,2021-07-09 18:14:00,SRGA
1.257,1.2599,1.25,1.2599,6600,2021-07-09 18:15:00,SRGA
1.2578,1.2578,1.255,1.255,2100,2021-07-09 18:17:00,SRGA
1.2518,1.2518,1.25,1.25,7100,2021-07-09 18:18:00,SRGA
1.25,1.2587,1.25,1.25,14565,2021-07-09 18:19:00,SRGA
1.255,1.255,1.25,1.25,4300,2021-07-09 18:20:00,SRGA
1.25,1.25,1.25,1.25,1000,2021-07-09 18:21:00,SRGA
1.25,1.255,1.25,1.25,9928,2021-07-09 18:22:00,SRGA
1.255,1.255,1.255,1.255,600,2021-07-09 18:23:00,SRGA
1.255,1.26,1.25,1.255,8400,2021-07-09 18:24:00,SRGA
1.25,1.255,1.25,1.255,700,2021-07-09 18:25:00,SRGA
1.255,1.26,1.25,1.26,2500,2021-07-09 18:26:00,SRGA
1.255,1.255,1.25,1.255,2700,2021-07-09 18:27:00,SRGA
1.255,1.2563,1.255,1.2563,300,2021-07-09 18:28:00,SRGA
1.26,1.26,1.255,1.255,1500,2021-07-09 18:29:00,SRGA
1.25,1.26,1.25,1.255,12283,2021-07-09 18:31:00,SRGA
1.2566,1.26,1.255,1.2563,1944,2021-07-09 18:32:00,SRGA
1.255,1.26,1.2531,1.2531,1950,2021-07-09 18:33:00,SRGA
1.255,1.255,1.25,1.25,900,2021-07-09 18:34:00,SRGA
1.25,1.255,1.25,1.2501,10976,2021-07-09 18:35:00,SRGA
1.255,1.26,1.255,1.255,6338,2021-07-09 18:36:00,SRGA
1.255,1.26,1.255,1.255,29785,2021-07-09 18:37:00,SRGA
1.255,1.255,1.255,1.255,200,2021-07-09 18:38:00,SRGA
1.255,1.255,1.255,1.255,300,2021-07-09 18:39:00,SRGA
1.255,1.255,1.255,1.255,400,2021-07-09 18:40:00,SRGA
1.255,1.26,1.2512,1.255,15189,2021-07-09 18:41:00,SRGA
1.255,1.255,1.255,1.255,400,2021-07-09 18:42:00,SRGA
1.2568,1.2568,1.255,1.2562,1800,2021-07-09 18:43:00,SRGA
1.255,1.255,1.2501,1.255,390,2021-07-09 18:44:00,SRGA
1.255,1.255,1.25,1.255,40639,2021-07-09 18:45:00,SRGA
1.2501,1.26,1.2501,1.26,16204,2021-07-09 18:46:00,SRGA
1.2569,1.26,1.255,1.255,15811,2021-07-09 18:47:00,SRGA
1.26,1.26,1.25,1.255,34322,2021-07-09 18:48:00,SRGA
1.26,1.26,1.255,1.26,5863,2021-07-09 18:49:00,SRGA
1.26,1.27,1.26,1.2622,104419,2021-07-09 18:50:00,SRGA
1.265,1.2783,1.261,1.275,100264,2021-07-09 18:51:00,SRGA
1.275,1.28,1.2701,1.28,36322,2021-07-09 18:52:00,SRGA
1.28,1.28,1.2701,1.275,41578,2021-07-09 18:53:00,SRGA
1.28,1.29,1.2717,1.2769,100227,2021-07-09 18:54:00,SRGA
1.28,1.28,1.255,1.255,108746,2021-07-09 18:55:00,SRGA
1.255,1.27,1.25,1.26,95550,2021-07-09 18:56:00,SRGA
1.2619,1.27,1.255,1.265,43478,2021-07-09 18:57:00,SRGA
1.2634,1.27,1.255,1.26,75928,2021-07-09 18:58:00,SRGA
1.265,1.27,1.2601,1.265,19200,2021-07-09 18:59:00,SRGA
1.2601,1.27,1.2601,1.265,17400,2021-07-09 19:00:00,SRGA
1.265,1.269,1.263,1.263,818,2021-07-09 19:01:00,SRGA
1.27,1.27,1.2629,1.265,6238,2021-07-09 19:02:00,SRGA
1.27,1.27,1.265,1.265,2300,2021-07-09 19:03:00,SRGA
1.265,1.2673,1.2649,1.265,3238,2021-07-09 19:05:00,SRGA
1.265,1.265,1.265,1.265,200,2021-07-09 19:06:00,SRGA
1.265,1.27,1.2632,1.2663,3650,2021-07-09 19:07:00,SRGA
1.267,1.27,1.2601,1.2601,20000,2021-07-09 19:08:00,SRGA
1.2671,1.29,1.265,1.2895,199555,2021-07-09 19:09:00,SRGA
1.29,1.3,1.281,1.285,160271,2021-07-09 19:10:00,SRGA
1.2901,1.3,1.285,1.285,146190,2021-07-09 19:11:00,SRGA
1.29,1.29,1.28,1.29,8700,2021-07-09 19:12:00,SRGA
1.29,1.29,1.28,1.285,27500,2021-07-09 19:13:00,SRGA
1.285,1.29,1.2801,1.283,9730,2021-07-09 19:14:00,SRGA
1.2801,1.2872,1.2699,1.2699,41154,2021-07-09 19:15:00,SRGA
1.265,1.28,1.2648,1.275,66296,2021-07-09 19:16:00,SRGA
1.279,1.2845,1.275,1.2845,95438,2021-07-09 19:17:00,SRGA
1.29,1.29,1.2732,1.28,88812,2021-07-09 19:18:00,SRGA
1.28,1.29,1.275,1.2775,73670,2021-07-09 19:19:00,SRGA
1.2784,1.28,1.265,1.2686,68699,2021-07-09 19:20:00,SRGA
1.2686,1.2686,1.2686,1.2686,4900,2021-07-09 19:21:00,SRGA
1.2686,1.2686,1.261,1.261,5500,2021-07-09 19:22:00,SRGA
1.26,1.27,1.26,1.27,13700,2021-07-09 19:23:00,SRGA
1.2699,1.27,1.265,1.265,19808,2021-07-09 19:24:00,SRGA
1.265,1.27,1.265,1.265,5500,2021-07-09 19:25:00,SRGA
1.27,1.27,1.265,1.2683,8494,2021-07-09 19:26:00,SRGA
1.27,1.27,1.265,1.27,44317,2021-07-09 19:27:00,SRGA
1.27,1.27,1.265,1.27,5700,2021-07-09 19:28:00,SRGA
1.265,1.27,1.265,1.265,2890,2021-07-09 19:29:00,SRGA
1.265,1.27,1.265,1.27,5700,2021-07-09 19:30:00,SRGA
1.27,1.28,1.2675,1.28,48041,2021-07-09 19:31:00,SRGA
1.28,1.28,1.2736,1.275,22150,2021-07-09 19:32:00,SRGA
1.275,1.275,1.2635,1.265,42959,2021-07-09 19:33:00,SRGA
1.2607,1.265,1.2539,1.255,47608,2021-07-09 19:34:00,SRGA
1.26,1.27,1.26,1.265,31900,2021-07-09 19:35:00,SRGA
1.27,1.27,1.27,1.27,139,2021-07-09 19:36:00,SRGA
1.265,1.265,1.2615,1.265,6089,2021-07-09 19:37:00,SRGA
1.265,1.27,1.265,1.265,2000,2021-07-09 19:38:00,SRGA
1.265,1.27,1.265,1.265,1120,2021-07-09 19:39:00,SRGA
1.27,1.27,1.265,1.265,3400,2021-07-09 19:40:00,SRGA
1.265,1.2675,1.262,1.265,10862,2021-07-09 19:41:00,SRGA
1.265,1.27,1.265,1.27,3600,2021-07-09 19:42:00,SRGA
1.27,1.27,1.2601,1.27,8800,2021-07-09 19:43:00,SRGA
1.267,1.27,1.2629,1.27,8130,2021-07-09 19:44:00,SRGA
1.27,1.27,1.2616,1.265,7287,2021-07-09 19:45:00,SRGA
1.27,1.27,1.265,1.265,2100,2021-07-09 19:46:00,SRGA
1.27,1.27,1.265,1.27,39520,2021-07-09 19:47:00,SRGA
1.265,1.27,1.265,1.27,5100,2021-07-09 19:48:00,SRGA
1.265,1.27,1.265,1.27,19622,2021-07-09 19:49:00,SRGA
1.27,1.27,1.26,1.27,28387,2021-07-09 19:50:00,SRGA
1.27,1.27,1.2601,1.265,32681,2021-07-09 19:51:00,SRGA
1.27,1.27,1.23,1.235,149196,2021-07-09 19:52:00,SRGA
1.235,1.24,1.235,1.235,26740,2021-07-09 19:53:00,SRGA
1.235,1.24,1.235,1.235,9400,2021-07-09 19:54:00,SRGA
1.235,1.24,1.23,1.24,36725,2021-07-09 19:55:00,SRGA
1.24,1.25,1.2396,1.25,39717,2021-07-09 19:56:00,SRGA
1.25,1.25,1.2401,1.245,35636,2021-07-09 19:57:00,SRGA
1.25,1.25,1.24,1.245,57312,2021-07-09 19:58:00,SRGA
1.245,1.25,1.24,1.24,48991,2021-07-09 19:59:00,SRGA
1.25,1.25,1.23,1.23,36038,2021-07-09 20:00:00,SRGA
1.26,1.26,1.26,1.26,100,2021-07-09 20:05:00,SRGA
1.26,1.26,1.26,1.26,471,2021-07-09 20:06:00,SRGA
1.26,1.26,1.26,1.26,400,2021-07-09 20:09:00,SRGA
1.26,1.26,1.26,1.26,100,2021-07-09 20:11:00,SRGA
1.24,1.24,1.24,1.24,100,2021-07-09 20:20:00,SRGA
1.26,1.26,1.26,1.26,3800,2021-07-09 20:26:00,SRGA
1.26,1.27,1.26,1.27,2189,2021-07-09 20:29:00,SRGA
1.25,1.25,1.25,1.25,5200,2021-07-09 20:30:00,SRGA
1.26,1.26,1.26,1.26,995,2021-07-09 20:37:00,SRGA
1.26,1.26,1.26,1.26,500,2021-07-09 20:40:00,SRGA
1.24,1.24,1.24,1.24,300,2021-07-09 20:41:00,SRGA
1.23,1.23,1.23,1.23,100,2021-07-09 20:43:00,SRGA
1.25,1.25,1.25,1.25,300,2021-07-09 20:44:00,SRGA
1.24,1.24,1.24,1.24,100,2021-07-09 20:45:00,SRGA
1.24,1.24,1.24,1.24,1800,2021-07-09 20:48:00,SRGA
1.23,1.24,1.23,1.24,4100,2021-07-09 20:49:00,SRGA
1.24,1.24,1.24,1.24,2000,2021-07-09 20:50:00,SRGA
1.24,1.24,1.24,1.24,200,2021-07-09 20:54:00,SRGA
1.23,1.23,1.23,1.23,299,2021-07-09 20:55:00,SRGA
1.2399,1.2399,1.2399,1.2399,2000,2021-07-09 20:56:00,SRGA
1.24,1.24,1.24,1.24,1950,2021-07-09 20:59:00,SRGA
1.24,1.24,1.24,1.24,150,2021-07-09 21:19:00,SRGA
1.24,1.24,1.24,1.24,143,2021-07-09 21:40:00,SRGA
1.23,1.25,1.23,1.25,204,2021-07-09 21:53:00,SRGA
1.24,1.25,1.24,1.25,380,2021-07-09 21:59:00,SRGA
1.26,1.26,1.26,1.26,120,2021-07-09 22:13:00,SRGA
1.26,1.26,1.26,1.26,260,2021-07-09 22:28:00,SRGA
1.26,1.26,1.26,1.26,1000,2021-07-09 22:35:00,SRGA
1.2599,1.2599,1.2599,1.2599,3600,2021-07-09 22:39:00,SRGA
1.26,1.26,1.26,1.26,2504,2021-07-09 23:12:00,SRGA
1.25,1.25,1.25,1.25,170,2021-07-09 23:19:00,SRGA
1.26,1.26,1.26,1.26,539,2021-07-09 23:23:00,SRGA
1.26,1.26,1.26,1.26,875,2021-07-09 23:24:00,SRGA
1.26,1.26,1.26,1.26,100,2021-07-09 23:31:00,SRGA
1.26,1.26,1.26,1.26,3155,2021-07-09 23:42:00,SRGA
1.26,1.26,1.26,1.26,600,2021-07-09 23:44:00,SRGA
1.26,1.26,1.26,1.26,2000,2021-07-09 23:46:00,SRGA
1.2601,1.2601,1.26,1.26,4950,2021-07-09 23:49:00,SRGA
1.26,1.26,1.26,1.26,2000,2021-07-09 23:50:00,SRGA
1.27,1.27,1.27,1.27,339,2021-07-09 23:54:00,SRGA
1.2699,1.2699,1.2699,1.2699,100,2021-07-09 23:56:00,SRGA
1.27,1.27,1.27,1.27,725,2021-07-09 23:59:00,SRGA
1.25,1.25,1.25,1.25,2950,2021-07-12 08:15:00,SRGA
1.25,1.25,1.25,1.25,471,2021-07-12 08:26:00,SRGA
1.22,1.22,1.21,1.21,200,2021-07-12 09:11:00,SRGA
1.25,1.25,1.25,1.25,100,2021-07-12 09:24:00,SRGA
1.25,1.25,1.25,1.25,1000,2021-07-12 10:31:00,SRGA
1.24,1.25,1.24,1.25,989,2021-07-12 11:00:00,SRGA
1.27,1.27,1.27,1.27,300,2021-07-12 12:28:00,SRGA
1.27,1.27,1.27,1.27,410,2021-07-12 12:58:00,SRGA
1.25,1.25,1.25,1.25,428,2021-07-12 13:12:00,SRGA
1.25,1.25,1.25,1.25,300,2021-07-12 13:13:00,SRGA
1.25,1.25,1.25,1.25,1188,2021-07-12 13:18:00,SRGA
1.25,1.25,1.25,1.25,106,2021-07-12 13:23:00,SRGA
1.25,1.25,1.25,1.25,6794,2021-07-12 13:25:00,SRGA
1.24,1.24,1.24,1.24,100,2021-07-12 13:27:00,SRGA
1.24,1.24,1.23,1.23,849,2021-07-12 13:28:00,SRGA
1.23,1.24,1.2,1.23,85750,2021-07-12 13:30:00,SRGA
1.221,1.221,1.21,1.21,9695,2021-07-12 13:31:00,SRGA
1.22,1.22,1.2,1.2,13934,2021-07-12 13:32:00,SRGA
1.2086,1.21,1.195,1.2,38823,2021-07-12 13:33:00,SRGA
1.2,1.21,1.2,1.2083,18746,2021-07-12 13:34:00,SRGA
1.2,1.22,1.2,1.21,16207,2021-07-12 13:35:00,SRGA
1.2187,1.2187,1.21,1.2175,4650,2021-07-12 13:36:00,SRGA
1.21,1.21,1.2,1.2,31521,2021-07-12 13:37:00,SRGA
1.1979,1.2,1.18,1.19,82307,2021-07-12 13:38:00,SRGA
1.19,1.19,1.17,1.175,31843,2021-07-12 13:39:00,SRGA
1.175,1.18,1.165,1.18,54950,2021-07-12 13:40:00,SRGA
1.19,1.19,1.185,1.19,33437,2021-07-12 13:41:00,SRGA
1.1976,1.2,1.195,1.2,36266,2021-07-12 13:42:00,SRGA
1.21,1.21,1.205,1.205,5400,2021-07-12 13:43:00,SRGA
1.21,1.22,1.21,1.22,13653,2021-07-12 13:44:00,SRGA
1.22,1.22,1.205,1.205,7084,2021-07-12 13:45:00,SRGA
1.207,1.207,1.2,1.2056,10375,2021-07-12 13:46:00,SRGA
1.2072,1.2072,1.2072,1.2072,100,2021-07-12 13:47:00,SRGA
1.2083,1.2098,1.2083,1.2098,3513,2021-07-12 13:48:00,SRGA
1.2,1.2,1.1943,1.1943,22200,2021-07-12 13:50:00,SRGA
1.195,1.1961,1.195,1.1961,600,2021-07-12 13:51:00,SRGA
1.195,1.2,1.1942,1.195,6500,2021-07-12 13:52:00,SRGA
1.1987,1.2,1.195,1.2,10430,2021-07-12 13:53:00,SRGA
1.195,1.2,1.195,1.195,3300,2021-07-12 13:54:00,SRGA
1.1999,1.1999,1.1999,1.1999,100,2021-07-12 13:55:00,SRGA
1.195,1.197,1.19,1.19,34329,2021-07-12 13:56:00,SRGA
1.185,1.2,1.185,1.2,6166,2021-07-12 13:57:00,SRGA
1.2,1.21,1.2,1.205,4549,2021-07-12 13:58:00,SRGA
1.21,1.21,1.205,1.21,10450,2021-07-12 13:59:00,SRGA
1.21,1.21,1.201,1.2081,23986,2021-07-12 14:00:00,SRGA
1.2053,1.2053,1.195,1.195,9688,2021-07-12 14:01:00,SRGA
1.195,1.195,1.1928,1.195,1500,2021-07-12 14:02:00,SRGA
1.195,1.195,1.195,1.195,127,2021-07-12 14:03:00,SRGA
1.195,1.2,1.195,1.195,2937,2021-07-12 14:04:00,SRGA
1.195,1.195,1.195,1.195,1879,2021-07-12 14:05:00,SRGA
1.195,1.2,1.19,1.195,13437,2021-07-12 14:06:00,SRGA
1.195,1.2,1.195,1.1954,1250,2021-07-12 14:07:00,SRGA
1.1901,1.2,1.1901,1.2,13660,2021-07-12 14:08:00,SRGA
1.2099,1.2099,1.2,1.2,9800,2021-07-12 14:09:00,SRGA
1.205,1.205,1.205,1.205,3500,2021-07-12 14:10:00,SRGA
1.205,1.21,1.205,1.21,3500,2021-07-12 14:11:00,SRGA
1.205,1.209,1.205,1.209,1115,2021-07-12 14:12:00,SRGA
1.21,1.21,1.21,1.21,1700,2021-07-12 14:13:00,SRGA
1.21,1.21,1.205,1.205,2110,2021-07-12 14:14:00,SRGA
1.21,1.21,1.21,1.21,332,2021-07-12 14:15:00,SRGA
1.2099,1.21,1.205,1.21,3152,2021-07-12 14:16:00,SRGA
1.205,1.205,1.205,1.205,1543,2021-07-12 14:17:00,SRGA
1.205,1.205,1.205,1.205,100,2021-07-12 14:18:00,SRGA
1.2006,1.205,1.2006,1.205,5100,2021-07-12 14:19:00,SRGA
1.2,1.21,1.2,1.2,2714,2021-07-12 14:20:00,SRGA
1.2,1.2099,1.2,1.205,10600,2021-07-12 14:21:00,SRGA
1.21,1.21,1.21,1.21,500,2021-07-12 14:23:00,SRGA
1.21,1.21,1.205,1.205,557,2021-07-12 14:24:00,SRGA
1.205,1.2078,1.2,1.2078,20510,2021-07-12 14:25:00,SRGA
1.2029,1.208,1.2029,1.208,4300,2021-07-12 14:26:00,SRGA
1.208,1.21,1.205,1.205,8616,2021-07-12 14:27:00,SRGA
1.205,1.205,1.205,1.205,1128,2021-07-12 14:28:00,SRGA
1.205,1.21,1.195,1.2,44202,2021-07-12 14:29:00,SRGA
1.195,1.195,1.195,1.195,1703,2021-07-12 14:30:00,SRGA
1.1925,1.195,1.1925,1.195,553,2021-07-12 14:31:00,SRGA
1.195,1.195,1.195,1.195,100,2021-07-12 14:32:00,SRGA
1.195,1.195,1.185,1.195,28954,2021-07-12 14:34:00,SRGA
1.1876,1.19,1.1806,1.185,10000,2021-07-12 14:35:00,SRGA
1.1898,1.19,1.185,1.185,3800,2021-07-12 14:36:00,SRGA
1.1807,1.19,1.1807,1.19,33065,2021-07-12 14:37:00,SRGA
1.1893,1.19,1.18,1.1887,75248,2021-07-12 14:38:00,SRGA
1.19,1.19,1.185,1.19,39277,2021-07-12 14:39:00,SRGA
1.19,1.2,1.19,1.2,27400,2021-07-12 14:40:00,SRGA
1.2,1.2,1.2,1.2,4334,2021-07-12 14:41:00,SRGA
1.2,1.21,1.2,1.21,24664,2021-07-12 14:42:00,SRGA
1.2014,1.2014,1.201,1.201,9000,2021-07-12 14:43:00,SRGA
1.21,1.21,1.21,1.21,3000,2021-07-12 14:44:00,SRGA
1.205,1.205,1.205,1.205,100,2021-07-12 14:46:00,SRGA
1.2099,1.2099,1.205,1.205,3300,2021-07-12 14:47:00,SRGA
1.205,1.205,1.205,1.205,100,2021-07-12 14:48:00,SRGA
1.2,1.205,1.2,1.2,5950,2021-07-12 14:49:00,SRGA
1.2,1.2,1.195,1.195,5099,2021-07-12 14:50:00,SRGA
1.1976,1.1976,1.1976,1.1976,1000,2021-07-12 14:53:00,SRGA
1.1999,1.1999,1.1999,1.1999,500,2021-07-12 14:58:00,SRGA
1.195,1.195,1.195,1.195,260,2021-07-12 15:00:00,SRGA
1.195,1.195,1.195,1.195,1854,2021-07-12 15:01:00,SRGA
1.1977,1.1977,1.195,1.195,3646,2021-07-12 15:02:00,SRGA
1.1968,1.197,1.195,1.195,1300,2021-07-12 15:03:00,SRGA
1.1989,1.2,1.195,1.1999,26148,2021-07-12 15:04:00,SRGA
1.1975,1.1975,1.1975,1.1975,250,2021-07-12 15:06:00,SRGA
1.1977,1.1977,1.195,1.195,2180,2021-07-12 15:07:00,SRGA
1.195,1.1977,1.195,1.1977,1000,2021-07-12 15:08:00,SRGA
1.199,1.2,1.195,1.2,10700,2021-07-12 15:09:00,SRGA
1.1979,1.1979,1.195,1.195,600,2021-07-12 15:10:00,SRGA
1.195,1.2,1.1901,1.195,29641,2021-07-12 15:11:00,SRGA
1.1995,1.1995,1.195,1.195,2100,2021-07-12 15:12:00,SRGA
1.195,1.195,1.195,1.195,200,2021-07-12 15:13:00,SRGA
1.195,1.195,1.195,1.195,100,2021-07-12 15:14:00,SRGA
1.195,1.195,1.195,1.195,300,2021-07-12 15:15:00,SRGA
1.1978,1.2,1.195,1.195,2700,2021-07-12 15:16:00,SRGA
1.2,1.2,1.2,1.2,2000,2021-07-12 15:17:00,SRGA
1.195,1.195,1.195,1.195,900,2021-07-12 15:18:00,SRGA
1.19,1.2,1.19,1.195,4715,2021-07-12 15:19:00,SRGA
1.1977,1.1977,1.185,1.185,24914,2021-07-12 15:20:00,SRGA
1.185,1.185,1.185,1.185,100,2021-07-12 15:21:00,SRGA
1.185,1.1857,1.185,1.185,5300,2021-07-12 15:22:00,SRGA
1.186,1.19,1.185,1.185,800,2021-07-12 15:23:00,SRGA
1.1823,1.1871,1.1823,1.185,2949,2021-07-12 15:24:00,SRGA
1.19,1.19,1.1824,1.19,997,2021-07-12 15:25:00,SRGA
1.1899,1.19,1.185,1.19,19950,2021-07-12 15:26:00,SRGA
1.1882,1.19,1.185,1.19,10550,2021-07-12 15:27:00,SRGA
1.185,1.185,1.185,1.185,200,2021-07-12 15:28:00,SRGA
1.185,1.19,1.18,1.18,11427,2021-07-12 15:29:00,SRGA
1.19,1.19,1.185,1.19,7900,2021-07-12 15:30:00,SRGA
1.1891,1.1899,1.185,1.185,8100,2021-07-12 15:31:00,SRGA
1.1818,1.19,1.1818,1.1899,6825,2021-07-12 15:32:00,SRGA
1.1899,1.19,1.185,1.185,7600,2021-07-12 15:33:00,SRGA
1.185,1.19,1.185,1.19,10998,2021-07-12 15:34:00,SRGA
1.1885,1.19,1.185,1.19,8359,2021-07-12 15:35:00,SRGA
1.1828,1.185,1.1828,1.185,468,2021-07-12 15:36:00,SRGA
1.19,1.19,1.19,1.19,200,2021-07-12 15:37:00,SRGA
1.185,1.185,1.185,1.185,700,2021-07-12 15:38:00,SRGA
1.185,1.185,1.185,1.185,100,2021-07-12 15:40:00,SRGA
1.19,1.19,1.19,1.19,200,2021-07-12 15:42:00,SRGA
1.1899,1.19,1.185,1.185,2721,2021-07-12 15:43:00,SRGA
1.1883,1.1883,1.185,1.185,470,2021-07-12 15:44:00,SRGA
1.19,1.19,1.1884,1.1884,1257,2021-07-12 15:45:00,SRGA
1.1883,1.1883,1.1883,1.1883,421,2021-07-12 15:46:00,SRGA
1.1899,1.19,1.1881,1.19,600,2021-07-12 15:49:00,SRGA
1.1896,1.19,1.185,1.19,3600,2021-07-12 15:50:00,SRGA
1.1899,1.19,1.185,1.19,2350,2021-07-12 15:51:00,SRGA
1.1891,1.19,1.185,1.19,7900,2021-07-12 15:52:00,SRGA
1.1899,1.19,1.185,1.19,7800,2021-07-12 15:53:00,SRGA
1.185,1.19,1.1801,1.1826,3220,2021-07-12 15:54:00,SRGA
1.1887,1.19,1.185,1.19,3500,2021-07-12 15:55:00,SRGA
1.1834,1.19,1.18,1.1801,33008,2021-07-12 15:56:00,SRGA
1.185,1.185,1.185,1.185,159,2021-07-12 15:57:00,SRGA
1.1874,1.1874,1.1874,1.1874,200,2021-07-12 15:58:00,SRGA
1.185,1.185,1.185,1.185,200,2021-07-12 15:59:00,SRGA
1.185,1.185,1.185,1.185,1275,2021-07-12 16:00:00,SRGA
1.185,1.185,1.185,1.185,899,2021-07-12 16:01:00,SRGA
1.185,1.185,1.185,1.185,100,2021-07-12 16:02:00,SRGA
1.185,1.1875,1.185,1.1875,3100,2021-07-12 16:03:00,SRGA
1.185,1.185,1.185,1.185,1000,2021-07-12 16:04:00,SRGA
1.185,1.185,1.18,1.18,8588,2021-07-12 16:05:00,SRGA
1.18,1.185,1.18,1.185,1599,2021-07-12 16:06:00,SRGA
1.185,1.185,1.185,1.185,100,2021-07-12 16:07:00,SRGA
1.18,1.185,1.17,1.17,66452,2021-07-12 16:08:00,SRGA
1.175,1.175,1.175,1.175,1000,2021-07-12 16:09:00,SRGA
1.175,1.175,1.17,1.17,33357,2021-07-12 16:10:00,SRGA
1.17,1.1753,1.17,1.1753,7501,2021-07-12 16:11:00,SRGA
1.17,1.17,1.17,1.17,200,2021-07-12 16:12:00,SRGA
1.1767,1.1775,1.175,1.175,11856,2021-07-12 16:13:00,SRGA
1.17,1.175,1.17,1.175,4100,2021-07-12 16:14:00,SRGA
1.1705,1.175,1.1705,1.175,800,2021-07-12 16:15:00,SRGA
1.1778,1.1778,1.1778,1.1778,3550,2021-07-12 16:16:00,SRGA
1.17,1.17,1.17,1.17,400,2021-07-12 16:17:00,SRGA
1.1766,1.1766,1.1766,1.1766,426,2021-07-12 16:18:00,SRGA
1.173,1.1776,1.1707,1.175,18300,2021-07-12 16:19:00,SRGA
1.1789,1.1789,1.17,1.17,15600,2021-07-12 16:20:00,SRGA
1.18,1.18,1.17,1.175,36195,2021-07-12 16:21:00,SRGA
1.175,1.18,1.175,1.175,10499,2021-07-12 16:22:00,SRGA
1.175,1.18,1.175,1.18,400,2021-07-12 16:23:00,SRGA
1.175,1.18,1.175,1.175,2900,2021-07-12 16:24:00,SRGA
1.18,1.18,1.175,1.18,1200,2021-07-12 16:25:00,SRGA
1.17,1.175,1.17,1.175,1400,2021-07-12 16:26:00,SRGA
1.178,1.18,1.178,1.18,1800,2021-07-12 16:27:00,SRGA
1.17,1.1773,1.17,1.1773,211,2021-07-12 16:28:00,SRGA
1.175,1.175,1.17,1.175,644,2021-07-12 16:29:00,SRGA
1.175,1.18,1.175,1.18,1000,2021-07-12 16:30:00,SRGA
1.175,1.175,1.175,1.175,100,2021-07-12 16:31:00,SRGA
1.175,1.175,1.175,1.175,1135,2021-07-12 16:35:00,SRGA
1.175,1.18,1.17,1.18,37445,2021-07-12 16:36:00,SRGA
1.18,1.18,1.175,1.175,500,2021-07-12 16:37:00,SRGA
1.175,1.18,1.175,1.1775,1490,2021-07-12 16:39:00,SRGA
1.1771,1.1772,1.175,1.1772,400,2021-07-12 16:40:00,SRGA
1.175,1.175,1.175,1.175,100,2021-07-12 16:41:00,SRGA
1.175,1.175,1.175,1.175,200,2021-07-12 16:42:00,SRGA
1.175,1.175,1.175,1.175,100,2021-07-12 16:43:00,SRGA
1.1799,1.18,1.175,1.18,8937,2021-07-12 16:45:00,SRGA
1.18,1.18,1.18,1.18,608,2021-07-12 16:46:00,SRGA
1.1772,1.1772,1.175,1.175,200,2021-07-12 16:47:00,SRGA
1.1773,1.1773,1.1773,1.1773,260,2021-07-12 16:48:00,SRGA
1.175,1.175,1.175,1.175,100,2021-07-12 16:49:00,SRGA
1.175,1.1782,1.175,1.175,7400,2021-07-12 16:50:00,SRGA
1.173,1.18,1.17,1.18,20743,2021-07-12 16:51:00,SRGA
1.175,1.175,1.175,1.175,100,2021-07-12 16:52:00,SRGA
1.1799,1.1799,1.1799,1.1799,500,2021-07-12 16:53:00,SRGA
1.175,1.175,1.175,1.175,200,2021-07-12 16:55:00,SRGA
1.18,1.18,1.18,1.18,169,2021-07-12 16:56:00,SRGA
1.175,1.175,1.175,1.175,100,2021-07-12 16:57:00,SRGA
1.1773,1.18,1.17,1.18,2729,2021-07-12 16:58:00,SRGA
1.1793,1.18,1.175,1.175,16900,2021-07-12 16:59:00,SRGA
1.175,1.18,1.175,1.18,15400,2021-07-12 17:01:00,SRGA
1.175,1.175,1.175,1.175,500,2021-07-12 17:02:00,SRGA
1.175,1.175,1.175,1.175,2000,2021-07-12 17:03:00,SRGA
1.18,1.18,1.175,1.175,15733,2021-07-12 17:04:00,SRGA
1.175,1.175,1.175,1.175,400,2021-07-12 17:05:00,SRGA
1.175,1.175,1.175,1.175,200,2021-07-12 17:06:00,SRGA
1.1753,1.1753,1.1753,1.1753,2000,2021-07-12 17:07:00,SRGA
1.178,1.178,1.17,1.178,4698,2021-07-12 17:09:00,SRGA
1.178,1.178,1.178,1.178,130,2021-07-12 17:10:00,SRGA
1.18,1.18,1.18,1.18,300,2021-07-12 17:11:00,SRGA
1.175,1.175,1.175,1.175,100,2021-07-12 17:12:00,SRGA
1.18,1.18,1.175,1.175,600,2021-07-12 17:13:00,SRGA
1.1772,1.1772,1.1772,1.1772,200,2021-07-12 17:15:00,SRGA
1.1733,1.1772,1.1733,1.1772,369,2021-07-12 17:16:00,SRGA
1.175,1.18,1.17,1.18,26258,2021-07-12 17:17:00,SRGA
1.1799,1.1799,1.175,1.1799,600,2021-07-12 17:18:00,SRGA
1.1773,1.1773,1.1773,1.1773,423,2021-07-12 17:20:00,SRGA
1.17,1.175,1.17,1.175,4380,2021-07-12 17:23:00,SRGA
1.1766,1.1776,1.1766,1.1776,1052,2021-07-12 17:24:00,SRGA
1.1766,1.1766,1.1766,1.1766,100,2021-07-12 17:25:00,SRGA
1.17,1.17,1.1642,1.17,18113,2021-07-12 17:27:00,SRGA
1.1699,1.1699,1.165,1.165,7998,2021-07-12 17:28:00,SRGA
1.17,1.17,1.16,1.17,18872,2021-07-12 17:29:00,SRGA
1.165,1.17,1.16,1.17,19983,2021-07-12 17:30:00,SRGA
1.163,1.163,1.163,1.163,3200,2021-07-12 17:31:00,SRGA
1.165,1.165,1.165,1.165,200,2021-07-12 17:32:00,SRGA
1.168,1.1699,1.168,1.1699,1500,2021-07-12 17:33:00,SRGA
1.165,1.165,1.165,1.165,100,2021-07-12 17:34:00,SRGA
1.165,1.17,1.165,1.17,6000,2021-07-12 17:36:00,SRGA
1.165,1.165,1.165,1.165,100,2021-07-12 17:37:00,SRGA
1.165,1.165,1.165,1.165,100,2021-07-12 17:38:00,SRGA
1.165,1.18,1.165,1.18,34435,2021-07-12 17:39:00,SRGA
1.18,1.18,1.18,1.18,4793,2021-07-12 17:40:00,SRGA
1.17,1.17,1.17,1.17,5686,2021-07-12 17:41:00,SRGA
1.175,1.175,1.17,1.17,1060,2021-07-12 17:42:00,SRGA
1.17,1.17,1.17,1.17,2000,2021-07-12 17:43:00,SRGA
1.175,1.175,1.175,1.175,100,2021-07-12 17:44:00,SRGA
1.1791,1.1791,1.17,1.17,17294,2021-07-12 17:45:00,SRGA
1.175,1.1776,1.175,1.1776,1150,2021-07-12 17:46:00,SRGA
1.175,1.175,1.175,1.175,200,2021-07-12 17:47:00,SRGA
1.1785,1.1785,1.1785,1.1785,250,2021-07-12 17:48:00,SRGA
1.17,1.17,1.17,1.17,2400,2021-07-12 17:51:00,SRGA
1.171,1.1777,1.171,1.1777,5523,2021-07-12 17:56:00,SRGA
1.175,1.175,1.17,1.17,370,2021-07-12 17:57:00,SRGA
1.18,1.18,1.1799,1.1799,1700,2021-07-12 18:00:00,SRGA
1.1701,1.1701,1.1701,1.1701,1000,2021-07-12 18:01:00,SRGA
1.18,1.18,1.18,1.18,120,2021-07-12 18:04:00,SRGA
1.18,1.18,1.175,1.175,1400,2021-07-12 18:06:00,SRGA
1.17,1.17,1.17,1.17,1900,2021-07-12 18:08:00,SRGA
1.1779,1.1779,1.1779,1.1779,2000,2021-07-12 18:09:00,SRGA
1.1745,1.1745,1.1745,1.1745,1330,2021-07-12 18:10:00,SRGA
1.1777,1.1786,1.1777,1.1786,5850,2021-07-12 18:11:00,SRGA
1.1799,1.1799,1.1799,1.1799,103,2021-07-12 18:12:00,SRGA
1.177,1.177,1.177,1.177,100,2021-07-12 18:13:00,SRGA
1.17,1.17,1.17,1.17,500,2021-07-12 18:14:00,SRGA
1.1799,1.1799,1.175,1.175,1875,2021-07-12 18:18:00,SRGA
1.18,1.18,1.17,1.1768,3923,2021-07-12 18:19:00,SRGA
1.18,1.18,1.175,1.175,300,2021-07-12 18:20:00,SRGA
1.175,1.1778,1.17,1.175,1300,2021-07-12 18:21:00,SRGA
1.175,1.175,1.175,1.175,1225,2021-07-12 18:22:00,SRGA
1.175,1.175,1.175,1.175,400,2021-07-12 18:24:00,SRGA
1.175,1.175,1.175,1.175,300,2021-07-12 18:25:00,SRGA
1.175,1.18,1.175,1.175,903,2021-07-12 18:26:00,SRGA
1.175,1.175,1.175,1.175,400,2021-07-12 18:28:00,SRGA
1.175,1.1784,1.175,1.1784,800,2021-07-12 18:29:00,SRGA
1.175,1.1799,1.1749,1.1749,650,2021-07-12 18:30:00,SRGA
1.175,1.18,1.175,1.18,28540,2021-07-12 18:31:00,SRGA
1.175,1.175,1.175,1.175,200,2021-07-12 18:33:00,SRGA
1.1795,1.1795,1.175,1.175,2100,2021-07-12 18:34:00,SRGA
1.1777,1.1777,1.1749,1.1749,3000,2021-07-12 18:35:00,SRGA
1.175,1.185,1.175,1.18,28890,2021-07-12 18:36:00,SRGA
1.18,1.18,1.18,1.18,510,2021-07-12 18:37:00,SRGA
1.1786,1.1788,1.17,1.175,9900,2021-07-12 18:38:00,SRGA
1.177,1.177,1.1728,1.1728,755,2021-07-12 18:40:00,SRGA
1.1799,1.1799,1.1799,1.1799,10000,2021-07-12 18:41:00,SRGA
1.175,1.175,1.175,1.175,500,2021-07-12 18:43:00,SRGA
1.175,1.175,1.175,1.175,500,2021-07-12 18:44:00,SRGA
1.173,1.173,1.173,1.173,1000,2021-07-12 18:47:00,SRGA
1.17,1.17,1.17,1.17,500,2021-07-12 18:51:00,SRGA
1.17,1.17,1.17,1.17,100,2021-07-12 18:52:00,SRGA
1.17,1.17,1.17,1.17,895,2021-07-12 18:53:00,SRGA
1.17,1.17,1.17,1.17,100,2021-07-12 18:55:00,SRGA
1.17,1.175,1.17,1.175,2998,2021-07-12 18:56:00,SRGA
1.1774,1.1774,1.175,1.175,9270,2021-07-12 18:57:00,SRGA
1.1756,1.1756,1.1707,1.171,34615,2021-07-12 18:59:00,SRGA
1.1701,1.175,1.1701,1.175,1700,2021-07-12 19:00:00,SRGA
1.1799,1.1799,1.1799,1.1799,150,2021-07-12 19:01:00,SRGA
1.17,1.1759,1.17,1.17,1900,2021-07-12 19:03:00,SRGA
1.175,1.175,1.175,1.175,100,2021-07-12 19:05:00,SRGA
1.1767,1.1767,1.17,1.17,225,2021-07-12 19:07:00,SRGA
1.1775,1.1775,1.1775,1.1775,2040,2021-07-12 19:09:00,SRGA
1.17,1.17,1.17,1.17,4590,2021-07-12 19:11:00,SRGA
1.175,1.175,1.175,1.175,4000,2021-07-12 19:12:00,SRGA
1.17,1.175,1.17,1.175,5395,2021-07-12 19:13:00,SRGA
1.17,1.17,1.17,1.17,200,2021-07-12 19:14:00,SRGA
1.175,1.175,1.175,1.175,150,2021-07-12 19:15:00,SRGA
1.17,1.17,1.17,1.17,100,2021-07-12 19:16:00,SRGA
1.17,1.17,1.17,1.17,37733,2021-07-12 19:17:00,SRGA
1.165,1.165,1.165,1.165,100,2021-07-12 19:18:00,SRGA
1.16,1.165,1.16,1.165,300,2021-07-12 19:20:00,SRGA
1.1662,1.1662,1.16,1.165,500,2021-07-12 19:21:00,SRGA
1.16,1.16,1.16,1.16,100,2021-07-12 19:22:00,SRGA
1.17,1.17,1.16,1.1662,5750,2021-07-12 19:23:00,SRGA
1.16,1.165,1.16,1.165,900,2021-07-12 19:24:00,SRGA
1.17,1.17,1.16,1.16,4620,2021-07-12 19:25:00,SRGA
1.1662,1.1662,1.16,1.16,200,2021-07-12 19:26:00,SRGA
1.1667,1.1667,1.165,1.165,1129,2021-07-12 19:27:00,SRGA
1.16,1.1666,1.16,1.165,5091,2021-07-12 19:28:00,SRGA
1.165,1.17,1.165,1.17,1507,2021-07-12 19:30:00,SRGA
1.165,1.17,1.165,1.165,9200,2021-07-12 19:31:00,SRGA
1.165,1.165,1.16,1.165,8700,2021-07-12 19:32:00,SRGA
1.165,1.1663,1.16,1.1663,800,2021-07-12 19:33:00,SRGA
1.17,1.17,1.1672,1.17,18250,2021-07-12 19:34:00,SRGA
1.1672,1.1672,1.165,1.165,3700,2021-07-12 19:35:00,SRGA
1.165,1.169,1.1601,1.1663,3168,2021-07-12 19:36:00,SRGA
1.165,1.1698,1.165,1.1698,3850,2021-07-12 19:37:00,SRGA
1.165,1.165,1.165,1.165,700,2021-07-12 19:38:00,SRGA
1.168,1.168,1.16,1.16,912,2021-07-12 19:39:00,SRGA
1.17,1.17,1.165,1.165,900,2021-07-12 19:40:00,SRGA
1.165,1.165,1.1601,1.165,302,2021-07-12 19:41:00,SRGA
1.165,1.17,1.1635,1.17,6812,2021-07-12 19:43:00,SRGA
1.168,1.17,1.165,1.165,14748,2021-07-12 19:44:00,SRGA
1.1601,1.165,1.1601,1.165,2636,2021-07-12 19:45:00,SRGA
1.1699,1.17,1.16,1.17,8300,2021-07-12 19:46:00,SRGA
1.165,1.165,1.16,1.1601,14976,2021-07-12 19:47:00,SRGA
1.167,1.167,1.165,1.165,500,2021-07-12 19:48:00,SRGA
1.1699,1.1699,1.1635,1.1635,2388,2021-07-12 19:49:00,SRGA
1.165,1.165,1.165,1.165,2947,2021-07-12 19:50:00,SRGA
1.165,1.168,1.1601,1.165,1649,2021-07-12 19:51:00,SRGA
1.165,1.165,1.16,1.163,11037,2021-07-12 19:52:00,SRGA
1.165,1.17,1.16,1.17,5800,2021-07-12 19:53:00,SRGA
1.16,1.17,1.16,1.165,42847,2021-07-12 19:54:00,SRGA
1.1634,1.17,1.1634,1.1635,3853,2021-07-12 19:55:00,SRGA
1.1699,1.17,1.1601,1.1601,6317,2021-07-12 19:56:00,SRGA
1.165,1.17,1.16,1.16,25866,2021-07-12 19:57:00,SRGA
1.16,1.165,1.16,1.16,9020,2021-07-12 19:58:00,SRGA
1.16,1.17,1.16,1.16,58487,2021-07-12 19:59:00,SRGA
1.17,1.17,1.17,1.17,29532,2021-07-12 20:00:00,SRGA
1.17,1.17,1.17,1.17,500,2021-07-12 20:03:00,SRGA
1.17,1.17,1.17,1.17,714,2021-07-12 20:05:00,SRGA
1.17,1.17,1.17,1.17,100,2021-07-12 20:08:00,SRGA
1.17,1.17,1.17,1.17,100,2021-07-12 20:18:00,SRGA
1.17,1.17,1.17,1.17,33846,2021-07-12 20:24:00,SRGA
1.17,1.17,1.17,1.17,125,2021-07-12 20:28:00,SRGA
1.17,1.17,1.17,1.17,500,2021-07-12 20:41:00,SRGA
1.19,1.19,1.19,1.19,1700,2021-07-12 20:56:00,SRGA
1.18,1.18,1.18,1.18,250,2021-07-12 20:57:00,SRGA
1.18,1.19,1.18,1.19,1700,2021-07-12 21:04:00,SRGA
1.1899,1.1899,1.1899,1.1899,120,2021-07-12 21:44:00,SRGA
1.17,1.17,1.17,1.17,501,2021-07-12 21:51:00,SRGA
1.1899,1.1899,1.1899,1.1899,1500,2021-07-12 22:06:00,SRGA
1.19,1.19,1.19,1.19,1000,2021-07-12 22:34:00,SRGA
1.19,1.19,1.19,1.19,110,2021-07-12 22:44:00,SRGA
1.19,1.19,1.19,1.19,100,2021-07-12 23:36:00,SRGA
1.19,1.19,1.19,1.19,200,2021-07-13 08:38:00,SRGA
1.19,1.19,1.19,1.19,495,2021-07-13 10:42:00,SRGA
1.19,1.19,1.19,1.19,255,2021-07-13 10:43:00,SRGA
1.21,1.22,1.19,1.19,2412,2021-07-13 11:04:00,SRGA
1.2,1.2,1.2,1.2,160,2021-07-13 11:43:00,SRGA
1.19,1.19,1.19,1.19,100,2021-07-13 11:58:00,SRGA
1.1901,1.1901,1.19,1.19,5400,2021-07-13 12:03:00,SRGA
1.1899,1.19,1.1899,1.19,2000,2021-07-13 12:04:00,SRGA
1.1899,1.19,1.1899,1.19,4000,2021-07-13 12:07:00,SRGA
1.19,1.19,1.19,1.19,1000,2021-07-13 12:08:00,SRGA
1.1701,1.1701,1.1701,1.1701,1000,2021-07-13 12:44:00,SRGA
1.17,1.17,1.17,1.17,1500,2021-07-13 13:00:00,SRGA
1.17,1.17,1.17,1.17,1100,2021-07-13 13:01:00,SRGA
1.17,1.17,1.17,1.17,330,2021-07-13 13:03:00,SRGA
1.18,1.18,1.18,1.18,100,2021-07-13 13:12:00,SRGA
1.18,1.18,1.18,1.18,26151,2021-07-13 13:22:00,SRGA
1.18,1.18,1.18,1.18,5284,2021-07-13 13:25:00,SRGA
1.17,1.18,1.17,1.18,3536,2021-07-13 13:29:00,SRGA
1.17,1.18,1.17,1.17,27929,2021-07-13 13:30:00,SRGA
1.17,1.17,1.16,1.16,4428,2021-07-13 13:31:00,SRGA
1.165,1.17,1.1649,1.165,12200,2021-07-13 13:32:00,SRGA
1.1699,1.1699,1.16,1.16,2315,2021-07-13 13:33:00,SRGA
1.16,1.1699,1.16,1.16,2689,2021-07-13 13:34:00,SRGA
1.16,1.179,1.16,1.175,12803,2021-07-13 13:35:00,SRGA
1.17,1.1751,1.17,1.1751,3100,2021-07-13 13:36:00,SRGA
1.175,1.175,1.175,1.175,1250,2021-07-13 13:37:00,SRGA
1.17,1.175,1.17,1.17,4900,2021-07-13 13:38:00,SRGA
1.17,1.17,1.163,1.165,13470,2021-07-13 13:39:00,SRGA
1.165,1.169,1.165,1.165,300,2021-07-13 13:40:00,SRGA
1.1675,1.1675,1.16,1.16,1838,2021-07-13 13:41:00,SRGA
1.16,1.1686,1.15,1.155,38081,2021-07-13 13:42:00,SRGA
1.155,1.16,1.1533,1.155,14921,2021-07-13 13:43:00,SRGA
1.1586,1.1586,1.15,1.15,4656,2021-07-13 13:44:00,SRGA
1.15,1.15,1.15,1.15,500,2021-07-13 13:45:00,SRGA
1.154,1.1583,1.15,1.155,1577,2021-07-13 13:46:00,SRGA
1.15,1.1588,1.15,1.15,12854,2021-07-13 13:47:00,SRGA
1.15,1.15,1.15,1.15,4400,2021-07-13 13:48:00,SRGA
1.155,1.1599,1.15,1.15,2681,2021-07-13 13:49:00,SRGA
1.15,1.1575,1.15,1.155,4653,2021-07-13 13:50:00,SRGA
1.15,1.16,1.15,1.1571,10654,2021-07-13 13:51:00,SRGA
1.15,1.1599,1.15,1.1599,3006,2021-07-13 13:52:00,SRGA
1.15,1.1599,1.15,1.155,7950,2021-07-13 13:53:00,SRGA
1.15,1.155,1.15,1.15,2900,2021-07-13 13:54:00,SRGA
1.15,1.16,1.15,1.1564,15000,2021-07-13 13:55:00,SRGA
1.15,1.16,1.15,1.155,4662,2021-07-13 13:56:00,SRGA
1.155,1.155,1.15,1.15,1814,2021-07-13 13:57:00,SRGA
1.15,1.1584,1.15,1.1584,14578,2021-07-13 13:58:00,SRGA
1.15,1.16,1.15,1.15,2200,2021-07-13 13:59:00,SRGA
1.1559,1.1596,1.15,1.1596,2038,2021-07-13 14:00:00,SRGA
1.15,1.157,1.15,1.157,1944,2021-07-13 14:01:00,SRGA
1.155,1.155,1.15,1.15,3200,2021-07-13 14:02:00,SRGA
1.15,1.1599,1.15,1.1599,7600,2021-07-13 14:03:00,SRGA
1.15,1.1574,1.13,1.13,102125,2021-07-13 14:04:00,SRGA
1.135,1.1399,1.13,1.13,13362,2021-07-13 14:05:00,SRGA
1.1353,1.14,1.13,1.13,78068,2021-07-13 14:06:00,SRGA
1.135,1.15,1.13,1.1441,52898,2021-07-13 14:07:00,SRGA
1.1487,1.15,1.14,1.15,18852,2021-07-13 14:08:00,SRGA
1.1499,1.1528,1.14,1.1528,26785,2021-07-13 14:09:00,SRGA
1.1513,1.16,1.15,1.1531,14897,2021-07-13 14:10:00,SRGA
1.155,1.155,1.15,1.15,31776,2021-07-13 14:11:00,SRGA
1.1439,1.1498,1.14,1.14,26286,2021-07-13 14:12:00,SRGA
1.145,1.145,1.145,1.145,877,2021-07-13 14:13:00,SRGA
1.14,1.14,1.14,1.14,600,2021-07-13 14:14:00,SRGA
1.145,1.1451,1.14,1.14,300,2021-07-13 14:15:00,SRGA
1.1499,1.1499,1.142,1.145,1200,2021-07-13 14:16:00,SRGA
1.145,1.149,1.14,1.14,4706,2021-07-13 14:17:00,SRGA
1.14,1.14,1.14,1.14,500,2021-07-13 14:18:00,SRGA
1.1476,1.1476,1.1466,1.1466,1100,2021-07-13 14:19:00,SRGA
1.145,1.145,1.145,1.145,438,2021-07-13 14:20:00,SRGA
1.15,1.15,1.15,1.15,180,2021-07-13 14:21:00,SRGA
1.14,1.1477,1.14,1.1477,6214,2021-07-13 14:22:00,SRGA
1.14,1.1477,1.14,1.14,1335,2021-07-13 14:23:00,SRGA
1.14,1.1499,1.14,1.1473,4157,2021-07-13 14:24:00,SRGA
1.1492,1.1492,1.14,1.145,900,2021-07-13 14:25:00,SRGA
1.1473,1.1473,1.14,1.14,1061,2021-07-13 14:26:00,SRGA
1.14,1.14,1.14,1.14,400,2021-07-13 14:27:00,SRGA
1.14,1.14,1.14,1.14,300,2021-07-13 14:28:00,SRGA
1.14,1.142,1.14,1.142,1600,2021-07-13 14:29:00,SRGA
1.14,1.14,1.14,1.14,4797,2021-07-13 14:30:00,SRGA
1.14,1.14,1.14,1.14,100,2021-07-13 14:31:00,SRGA
1.14,1.14,1.14,1.14,600,2021-07-13 14:32:00,SRGA
1.14,1.14,1.14,1.14,400,2021-07-13 14:33:00,SRGA
1.145,1.1499,1.1401,1.1499,1212,2021-07-13 14:34:00,SRGA
1.15,1.15,1.14,1.14,315,2021-07-13 14:35:00,SRGA
1.14,1.145,1.14,1.14,22085,2021-07-13 14:36:00,SRGA
1.1442,1.145,1.14,1.14,1350,2021-07-13 14:37:00,SRGA
1.15,1.15,1.14,1.14,200,2021-07-13 14:38:00,SRGA
1.1401,1.1401,1.14,1.14,1835,2021-07-13 14:39:00,SRGA
1.14,1.1476,1.14,1.1476,998,2021-07-13 14:40:00,SRGA
1.14,1.14,1.14,1.14,1789,2021-07-13 14:41:00,SRGA
1.1499,1.1499,1.14,1.14,3200,2021-07-13 14:42:00,SRGA
1.14,1.14,1.14,1.14,200,2021-07-13 14:45:00,SRGA
1.14,1.14,1.14,1.14,100,2021-07-13 14:46:00,SRGA
1.15,1.15,1.13,1.13,44452,2021-07-13 14:47:00,SRGA
1.13,1.13,1.13,1.13,300,2021-07-13 14:48:00,SRGA
1.13,1.13,1.13,1.13,300,2021-07-13 14:49:00,SRGA
1.13,1.13,1.13,1.13,1500,2021-07-13 14:50:00,SRGA
1.1393,1.1393,1.13,1.13,6700,2021-07-13 14:51:00,SRGA
1.13,1.14,1.13,1.13,12000,2021-07-13 14:52:00,SRGA
1.13,1.13,1.13,1.13,100,2021-07-13 14:53:00,SRGA
1.13,1.13,1.13,1.13,5800,2021-07-13 14:54:00,SRGA
1.13,1.135,1.13,1.132,5200,2021-07-13 14:55:00,SRGA
1.13,1.132,1.12,1.12,99756,2021-07-13 14:56:00,SRGA
1.13,1.13,1.12,1.12,11653,2021-07-13 14:57:00,SRGA
1.12,1.13,1.12,1.12,13311,2021-07-13 14:58:00,SRGA
1.12,1.1299,1.12,1.12,8881,2021-07-13 14:59:00,SRGA
1.1299,1.13,1.12,1.13,6600,2021-07-13 15:00:00,SRGA
1.13,1.13,1.12,1.13,31502,2021-07-13 15:01:00,SRGA
1.1273,1.1307,1.12,1.13,62216,2021-07-13 15:02:00,SRGA
1.13,1.13,1.13,1.13,1400,2021-07-13 15:03:00,SRGA
1.13,1.135,1.13,1.135,1706,2021-07-13 15:04:00,SRGA
1.14,1.14,1.1326,1.1326,1115,2021-07-13 15:05:00,SRGA
1.135,1.1399,1.135,1.1399,3500,2021-07-13 15:06:00,SRGA
1.1379,1.1379,1.13,1.13,800,2021-07-13 15:08:00,SRGA
1.135,1.135,1.13,1.13,5800,2021-07-13 15:09:00,SRGA
1.135,1.135,1.13,1.135,1030,2021-07-13 15:10:00,SRGA
1.13,1.14,1.13,1.135,700,2021-07-13 15:11:00,SRGA
1.13,1.135,1.13,1.13,4642,2021-07-13 15:12:00,SRGA
1.13,1.13,1.13,1.13,400,2021-07-13 15:13:00,SRGA
1.13,1.13,1.13,1.13,300,2021-07-13 15:14:00,SRGA
1.133,1.135,1.13,1.135,1198,2021-07-13 15:15:00,SRGA
1.13,1.1399,1.13,1.135,700,2021-07-13 15:16:00,SRGA
1.135,1.135,1.13,1.13,500,2021-07-13 15:17:00,SRGA
1.13,1.13,1.13,1.13,300,2021-07-13 15:18:00,SRGA
1.13,1.1399,1.13,1.1399,13298,2021-07-13 15:20:00,SRGA
1.1332,1.1332,1.1332,1.1332,1200,2021-07-13 15:21:00,SRGA
1.1325,1.1325,1.1325,1.1325,1000,2021-07-13 15:22:00,SRGA
1.13,1.1399,1.13,1.13,6400,2021-07-13 15:23:00,SRGA
1.13,1.13,1.13,1.13,5500,2021-07-13 15:24:00,SRGA
1.13,1.13,1.13,1.13,6200,2021-07-13 15:25:00,SRGA
1.1322,1.135,1.13,1.13,10600,2021-07-13 15:27:00,SRGA
1.135,1.1369,1.13,1.135,7802,2021-07-13 15:28:00,SRGA
1.13,1.13,1.13,1.13,200,2021-07-13 15:29:00,SRGA
1.135,1.14,1.13,1.1334,28248,2021-07-13 15:30:00,SRGA
1.1325,1.14,1.13,1.13,45813,2021-07-13 15:31:00,SRGA
1.13,1.1424,1.13,1.14,40947,2021-07-13 15:32:00,SRGA
1.14,1.1499,1.13,1.13,12308,2021-07-13 15:33:00,SRGA
1.1327,1.1334,1.13,1.1334,6765,2021-07-13 15:34:00,SRGA
1.135,1.14,1.13,1.14,35155,2021-07-13 15:35:00,SRGA
1.14,1.1484,1.13,1.14,40961,2021-07-13 15:36:00,SRGA
1.14,1.14,1.1385,1.1399,21895,2021-07-13 15:37:00,SRGA
1.13,1.14,1.13,1.1358,46700,2021-07-13 15:38:00,SRGA
1.14,1.1411,1.14,1.1411,16539,2021-07-13 15:40:00,SRGA
1.141,1.145,1.14,1.145,31169,2021-07-13 15:41:00,SRGA
1.1401,1.1401,1.14,1.14,11800,2021-07-13 15:42:00,SRGA
1.14,1.145,1.14,1.14,9700,2021-07-13 15:43:00,SRGA
1.1401,1.1469,1.14,1.14,4700,2021-07-13 15:44:00,SRGA
1.14,1.14,1.14,1.14,900,2021-07-13 15:45:00,SRGA
1.14,1.145,1.14,1.145,900,2021-07-13 15:47:00,SRGA
1.14,1.14,1.13,1.13,4083,2021-07-13 15:48:00,SRGA
1.135,1.14,1.13,1.14,1065,2021-07-13 15:49:00,SRGA
1.14,1.14,1.13,1.135,14250,2021-07-13 15:50:00,SRGA
1.135,1.135,1.135,1.135,100,2021-07-13 15:51:00,SRGA
1.14,1.14,1.13,1.1376,3891,2021-07-13 15:52:00,SRGA
1.13,1.1301,1.13,1.13,4492,2021-07-13 15:53:00,SRGA
1.135,1.135,1.135,1.135,800,2021-07-13 15:54:00,SRGA
1.135,1.135,1.135,1.135,200,2021-07-13 15:55:00,SRGA
1.13,1.135,1.13,1.13,1500,2021-07-13 15:56:00,SRGA
1.1332,1.135,1.13,1.1333,11590,2021-07-13 15:57:00,SRGA
1.13,1.14,1.13,1.14,2800,2021-07-13 15:58:00,SRGA
1.135,1.1399,1.13,1.13,1001,2021-07-13 16:00:00,SRGA
1.135,1.135,1.135,1.135,100,2021-07-13 16:01:00,SRGA
1.135,1.135,1.135,1.135,100,2021-07-13 16:02:00,SRGA
1.1366,1.14,1.13,1.14,7094,2021-07-13 16:03:00,SRGA
1.1312,1.14,1.13,1.14,17983,2021-07-13 16:04:00,SRGA
1.135,1.1399,1.135,1.1399,1600,2021-07-13 16:05:00,SRGA
1.135,1.14,1.13,1.13,38608,2021-07-13 16:06:00,SRGA
1.1371,1.1371,1.1371,1.1371,100,2021-07-13 16:07:00,SRGA
1.13,1.135,1.13,1.135,7206,2021-07-13 16:08:00,SRGA
1.135,1.135,1.135,1.135,100,2021-07-13 16:09:00,SRGA
1.135,1.1396,1.13,1.13,2900,2021-07-13 16:10:00,SRGA
1.1325,1.1325,1.13,1.13,3300,2021-07-13 16:11:00,SRGA
1.135,1.138,1.135,1.138,900,2021-07-13 16:12:00,SRGA
1.14,1.14,1.13,1.14,38512,2021-07-13 16:13:00,SRGA
1.14,1.1436,1.14,1.14,19672,2021-07-13 16:14:00,SRGA
1.14,1.14,1.14,1.14,400,2021-07-13 16:15:00,SRGA
1.14,1.14,1.14,1.14,400,2021-07-13 16:16:00,SRGA
1.14,1.14,1.14,1.14,100,2021-07-13 16:17:00,SRGA
1.14,1.14,1.14,1.14,1300,2021-07-13 16:18:00,SRGA
1.14,1.14,1.14,1.14,800,2021-07-13 16:19:00,SRGA
1.14,1.14,1.14,1.14,10100,2021-07-13 16:20:00,SRGA
1.14,1.14,1.14,1.14,100,2021-07-13 16:21:00,SRGA
1.14,1.14,1.14,1.14,1201,2021-07-13 16:22:00,SRGA
1.14,1.14,1.14,1.14,100,2021-07-13 16:23:00,SRGA
1.1487,1.1487,1.14,1.14,11500,2021-07-13 16:24:00,SRGA
1.145,1.145,1.14,1.14,406,2021-07-13 16:25:00,SRGA
1.145,1.145,1.145,1.145,1330,2021-07-13 16:26:00,SRGA
1.1499,1.1499,1.14,1.14,5900,2021-07-13 16:27:00,SRGA
1.14,1.1499,1.14,1.1499,1605,2021-07-13 16:28:00,SRGA
1.1499,1.1499,1.1499,1.1499,5000,2021-07-13 16:29:00,SRGA
1.145,1.155,1.145,1.15,37473,2021-07-13 16:30:00,SRGA
1.155,1.158,1.15,1.158,6300,2021-07-13 16:31:00,SRGA
1.155,1.16,1.155,1.16,22182,2021-07-13 16:32:00,SRGA
1.165,1.165,1.16,1.165,1600,2021-07-13 16:33:00,SRGA
1.165,1.165,1.165,1.165,1200,2021-07-13 16:34:00,SRGA
1.16,1.16,1.16,1.16,400,2021-07-13 16:35:00,SRGA
1.1687,1.1687,1.1687,1.1687,5000,2021-07-13 16:36:00,SRGA
1.164,1.164,1.1601,1.1601,12000,2021-07-13 16:38:00,SRGA
1.16,1.165,1.16,1.165,4106,2021-07-13 16:39:00,SRGA
1.1601,1.161,1.16,1.16,9100,2021-07-13 16:40:00,SRGA
1.16,1.16,1.16,1.16,300,2021-07-13 16:41:00,SRGA
1.16,1.16,1.16,1.16,100,2021-07-13 16:42:00,SRGA
1.16,1.16,1.16,1.16,200,2021-07-13 16:43:00,SRGA
1.16,1.16,1.16,1.16,100,2021-07-13 16:44:00,SRGA
1.16,1.16,1.16,1.16,450,2021-07-13 16:45:00,SRGA
1.16,1.16,1.16,1.16,200,2021-07-13 16:46:00,SRGA
1.16,1.16,1.16,1.16,100,2021-07-13 16:47:00,SRGA
1.16,1.16,1.16,1.16,1600,2021-07-13 16:48:00,SRGA
1.16,1.16,1.16,1.16,200,2021-07-13 16:49:00,SRGA
1.1601,1.1601,1.16,1.16,1100,2021-07-13 16:50:00,SRGA
1.16,1.16,1.16,1.16,200,2021-07-13 16:51:00,SRGA
1.16,1.16,1.15,1.155,21957,2021-07-13 16:52:00,SRGA
1.15,1.16,1.15,1.15,22953,2021-07-13 16:53:00,SRGA
1.16,1.16,1.15,1.155,23958,2021-07-13 16:54:00,SRGA
1.15,1.155,1.15,1.155,29365,2021-07-13 16:55:00,SRGA
1.15,1.15,1.15,1.15,2505,2021-07-13 16:58:00,SRGA
1.15,1.15,1.15,1.15,400,2021-07-13 16:59:00,SRGA
1.15,1.155,1.15,1.155,300,2021-07-13 17:00:00,SRGA
1.15,1.15,1.15,1.15,150,2021-07-13 17:01:00,SRGA
1.15,1.15,1.15,1.15,100,2021-07-13 17:02:00,SRGA
1.15,1.15,1.15,1.15,100,2021-07-13 17:04:00,SRGA
1.15,1.15,1.15,1.15,100,2021-07-13 17:05:00,SRGA
1.15,1.15,1.15,1.15,337,2021-07-13 17:06:00,SRGA
1.155,1.16,1.15,1.16,3800,2021-07-13 17:07:00,SRGA
1.15,1.15,1.15,1.15,830,2021-07-13 17:09:00,SRGA
1.15,1.15,1.15,1.15,3223,2021-07-13 17:10:00,SRGA
1.15,1.15,1.15,1.15,550,2021-07-13 17:11:00,SRGA
1.15,1.15,1.15,1.15,100,2021-07-13 17:13:00,SRGA
1.15,1.15,1.15,1.15,350,2021-07-13 17:14:00,SRGA
1.15,1.15,1.15,1.15,1200,2021-07-13 17:15:00,SRGA
1.15,1.15,1.15,1.15,1300,2021-07-13 17:16:00,SRGA
1.155,1.155,1.15,1.15,200,2021-07-13 17:17:00,SRGA
1.15,1.155,1.15,1.155,1600,2021-07-13 17:18:00,SRGA
1.15,1.16,1.14,1.16,22497,2021-07-13 17:19:00,SRGA
1.151,1.16,1.151,1.16,22336,2021-07-13 17:20:00,SRGA
1.16,1.16,1.155,1.155,6500,2021-07-13 17:21:00,SRGA
1.15,1.15,1.15,1.15,6500,2021-07-13 17:23:00,SRGA
1.15,1.16,1.15,1.16,6200,2021-07-13 17:24:00,SRGA
1.155,1.155,1.155,1.155,100,2021-07-13 17:25:00,SRGA
1.155,1.155,1.155,1.155,400,2021-07-13 17:26:00,SRGA
1.155,1.155,1.15,1.15,1200,2021-07-13 17:28:00,SRGA
1.16,1.17,1.155,1.17,26985,2021-07-13 17:30:00,SRGA
1.165,1.18,1.165,1.18,48093,2021-07-13 17:31:00,SRGA
1.18,1.19,1.18,1.185,34569,2021-07-13 17:32:00,SRGA
1.19,1.2,1.185,1.2,39455,2021-07-13 17:33:00,SRGA
1.2,1.2,1.1939,1.2,14578,2021-07-13 17:34:00,SRGA
1.2,1.2,1.19,1.19,25028,2021-07-13 17:35:00,SRGA
1.19,1.2,1.18,1.2,41098,2021-07-13 17:36:00,SRGA
1.1979,1.2,1.19,1.2,7048,2021-07-13 17:37:00,SRGA
1.1994,1.2,1.1901,1.1901,46956,2021-07-13 17:38:00,SRGA
1.2,1.2,1.19,1.195,29754,2021-07-13 17:39:00,SRGA
1.2,1.2,1.1901,1.2,34867,2021-07-13 17:40:00,SRGA
1.195,1.2,1.1901,1.1901,15200,2021-07-13 17:41:00,SRGA
1.2,1.2,1.17,1.19,95884,2021-07-13 17:42:00,SRGA
1.185,1.19,1.185,1.185,1818,2021-07-13 17:43:00,SRGA
1.185,1.185,1.185,1.185,1155,2021-07-13 17:44:00,SRGA
1.185,1.19,1.1801,1.185,14764,2021-07-13 17:45:00,SRGA
1.185,1.185,1.1801,1.185,19250,2021-07-13 17:46:00,SRGA
1.185,1.19,1.1801,1.185,21729,2021-07-13 17:47:00,SRGA
1.1848,1.1899,1.1801,1.1801,16765,2021-07-13 17:48:00,SRGA
1.185,1.19,1.1801,1.185,11677,2021-07-13 17:49:00,SRGA
1.1871,1.1899,1.18,1.1899,9469,2021-07-13 17:50:00,SRGA
1.185,1.189,1.185,1.189,1500,2021-07-13 17:51:00,SRGA
1.185,1.185,1.185,1.185,4125,2021-07-13 17:52:00,SRGA
1.185,1.185,1.185,1.185,600,2021-07-13 17:53:00,SRGA
1.18,1.185,1.18,1.185,8304,2021-07-13 17:54:00,SRGA
1.185,1.185,1.185,1.185,2100,2021-07-13 17:55:00,SRGA
1.185,1.2,1.185,1.1899,32385,2021-07-13 17:56:00,SRGA
1.1899,1.19,1.185,1.185,7452,2021-07-13 17:57:00,SRGA
1.1801,1.19,1.18,1.1829,21100,2021-07-13 17:58:00,SRGA
1.185,1.185,1.185,1.185,100,2021-07-13 17:59:00,SRGA
1.1899,1.19,1.1899,1.19,19900,2021-07-13 18:00:00,SRGA
1.185,1.185,1.185,1.185,100,2021-07-13 18:01:00,SRGA
1.19,1.19,1.17,1.1715,46980,2021-07-13 18:02:00,SRGA
1.1783,1.1783,1.165,1.165,16838,2021-07-13 18:03:00,SRGA
1.16,1.16,1.16,1.16,100,2021-07-13 18:04:00,SRGA
1.16,1.1614,1.155,1.1614,20990,2021-07-13 18:05:00,SRGA
1.16,1.17,1.16,1.17,9302,2021-07-13 18:06:00,SRGA
1.1652,1.1652,1.1652,1.1652,1000,2021-07-13 18:07:00,SRGA
1.1681,1.1681,1.1681,1.1681,1000,2021-07-13 18:08:00,SRGA
1.1677,1.1677,1.165,1.165,750,2021-07-13 18:09:00,SRGA
1.165,1.17,1.165,1.17,5922,2021-07-13 18:10:00,SRGA
1.17,1.18,1.17,1.18,29452,2021-07-13 18:11:00,SRGA
1.18,1.18,1.17,1.17,3000,2021-07-13 18:12:00,SRGA
1.175,1.175,1.175,1.175,300,2021-07-13 18:13:00,SRGA
1.175,1.175,1.175,1.175,499,2021-07-13 18:14:00,SRGA
1.175,1.175,1.175,1.175,100,2021-07-13 18:15:00,SRGA
1.175,1.175,1.175,1.175,600,2021-07-13 18:16:00,SRGA
1.1797,1.18,1.175,1.175,2000,2021-07-13 18:17:00,SRGA
1.18,1.18,1.18,1.18,3200,2021-07-13 18:18:00,SRGA
1.175,1.175,1.175,1.175,100,2021-07-13 18:19:00,SRGA
1.18,1.185,1.179,1.179,49756,2021-07-13 18:20:00,SRGA
1.18,1.18,1.175,1.175,10300,2021-07-13 18:21:00,SRGA
1.175,1.18,1.175,1.18,2837,2021-07-13 18:22:00,SRGA
1.175,1.175,1.175,1.175,500,2021-07-13 18:23:00,SRGA
1.175,1.175,1.1701,1.1701,234,2021-07-13 18:24:00,SRGA
1.17,1.18,1.17,1.175,2400,2021-07-13 18:25:00,SRGA
1.175,1.175,1.175,1.175,200,2021-07-13 18:26:00,SRGA
1.175,1.18,1.175,1.175,1000,2021-07-13 18:27:00,SRGA
1.1779,1.1779,1.1779,1.1779,297,2021-07-13 18:28:00,SRGA
1.175,1.175,1.175,1.175,100,2021-07-13 18:29:00,SRGA
1.175,1.175,1.175,1.175,100,2021-07-13 18:30:00,SRGA
1.175,1.175,1.175,1.175,4960,2021-07-13 18:31:00,SRGA
1.1788,1.18,1.17,1.175,25727,2021-07-13 18:32:00,SRGA
1.175,1.1757,1.175,1.1757,7400,2021-07-13 18:33:00,SRGA
1.175,1.1799,1.175,1.178,7140,2021-07-13 18:34:00,SRGA
1.18,1.18,1.1729,1.1776,12902,2021-07-13 18:35:00,SRGA
1.175,1.185,1.175,1.185,25478,2021-07-13 18:36:00,SRGA
1.1829,1.19,1.1801,1.19,13998,2021-07-13 18:37:00,SRGA
1.1824,1.19,1.1824,1.185,6400,2021-07-13 18:38:00,SRGA
1.18,1.185,1.18,1.185,2550,2021-07-13 18:39:00,SRGA
1.19,1.19,1.19,1.19,5000,2021-07-13 18:40:00,SRGA
1.19,1.19,1.185,1.19,19705,2021-07-13 18:41:00,SRGA
1.18,1.18,1.18,1.18,14864,2021-07-13 18:42:00,SRGA
1.18,1.18,1.175,1.18,775,2021-07-13 18:43:00,SRGA
1.18,1.18,1.18,1.18,578,2021-07-13 18:44:00,SRGA
1.18,1.19,1.18,1.19,38669,2021-07-13 18:45:00,SRGA
1.185,1.19,1.185,1.185,2300,2021-07-13 18:46:00,SRGA
1.185,1.19,1.185,1.19,2500,2021-07-13 18:47:00,SRGA
1.1828,1.19,1.1828,1.1858,7984,2021-07-13 18:49:00,SRGA
1.185,1.185,1.185,1.185,100,2021-07-13 18:50:00,SRGA
1.185,1.185,1.185,1.185,100,2021-07-13 18:51:00,SRGA
1.185,1.185,1.18,1.185,1300,2021-07-13 18:52:00,SRGA
1.185,1.185,1.185,1.185,400,2021-07-13 18:53:00,SRGA
1.19,1.19,1.18,1.18,600,2021-07-13 18:54:00,SRGA
1.185,1.185,1.18,1.185,10700,2021-07-13 18:55:00,SRGA
1.18,1.185,1.18,1.185,1947,2021-07-13 18:56:00,SRGA
1.1819,1.1881,1.1819,1.185,3138,2021-07-13 18:58:00,SRGA
1.185,1.19,1.1814,1.19,4453,2021-07-13 19:00:00,SRGA
1.1885,1.19,1.1885,1.19,11000,2021-07-13 19:02:00,SRGA
1.185,1.185,1.185,1.185,1900,2021-07-13 19:03:00,SRGA
1.185,1.185,1.185,1.185,200,2021-07-13 19:04:00,SRGA
1.18,1.19,1.18,1.19,1800,2021-07-13 19:05:00,SRGA
1.1854,1.1854,1.1854,1.1854,2000,2021-07-13 19:07:00,SRGA
1.1899,1.1899,1.185,1.185,2300,2021-07-13 19:08:00,SRGA
1.185,1.185,1.1801,1.185,6400,2021-07-13 19:09:00,SRGA
1.18,1.1886,1.18,1.1801,9150,2021-07-13 19:10:00,SRGA
1.1869,1.1869,1.18,1.185,2775,2021-07-13 19:11:00,SRGA
1.19,1.19,1.19,1.19,4300,2021-07-13 19:12:00,SRGA
1.185,1.185,1.185,1.185,200,2021-07-13 19:13:00,SRGA
1.182,1.19,1.18,1.18,5900,2021-07-13 19:15:00,SRGA
1.18,1.185,1.18,1.185,5399,2021-07-13 19:17:00,SRGA
1.18,1.18,1.175,1.18,14550,2021-07-13 19:18:00,SRGA
1.18,1.18,1.18,1.18,100,2021-07-13 19:19:00,SRGA
1.1792,1.1792,1.1792,1.1792,8000,2021-07-13 19:20:00,SRGA
1.1727,1.175,1.1727,1.175,200,2021-07-13 19:21:00,SRGA
1.175,1.175,1.175,1.175,100,2021-07-13 19:26:00,SRGA
1.175,1.18,1.175,1.18,8361,2021-07-13 19:27:00,SRGA
1.18,1.18,1.175,1.175,1153,2021-07-13 19:28:00,SRGA
1.18,1.18,1.1776,1.1776,557,2021-07-13 19:29:00,SRGA
1.175,1.175,1.175,1.175,225,2021-07-13 19:30:00,SRGA
1.175,1.18,1.175,1.18,400,2021-07-13 19:31:00,SRGA
1.18,1.18,1.17,1.175,1900,2021-07-13 19:32:00,SRGA
1.18,1.18,1.175,1.175,200,2021-07-13 19:33:00,SRGA
1.175,1.175,1.16,1.165,19770,2021-07-13 19:34:00,SRGA
1.165,1.17,1.165,1.165,300,2021-07-13 19:35:00,SRGA
1.17,1.17,1.17,1.17,100,2021-07-13 19:36:00,SRGA
1.17,1.18,1.165,1.175,39474,2021-07-13 19:37:00,SRGA
1.175,1.18,1.175,1.175,12000,2021-07-13 19:38:00,SRGA
1.179,1.179,1.1729,1.1729,288,2021-07-13 19:39:00,SRGA
1.175,1.1764,1.175,1.1764,450,2021-07-13 19:40:00,SRGA
1.175,1.175,1.1707,1.175,812,2021-07-13 19:41:00,SRGA
1.175,1.18,1.17,1.17,906,2021-07-13 19:42:00,SRGA
1.175,1.175,1.17,1.17,500,2021-07-13 19:43:00,SRGA
1.175,1.175,1.175,1.175,1950,2021-07-13 19:44:00,SRGA
1.17,1.175,1.17,1.175,1591,2021-07-13 19:45:00,SRGA
1.175,1.175,1.175,1.175,450,2021-07-13 19:46:00,SRGA
1.17,1.17,1.17,1.17,13435,2021-07-13 19:47:00,SRGA
1.18,1.18,1.18,1.18,3500,2021-07-13 19:48:00,SRGA
1.17,1.175,1.17,1.175,4500,2021-07-13 19:49:00,SRGA
1.17,1.17,1.165,1.165,15689,2021-07-13 19:50:00,SRGA
1.165,1.17,1.165,1.165,3800,2021-07-13 19:51:00,SRGA
1.165,1.17,1.165,1.165,3500,2021-07-13 19:52:00,SRGA
1.165,1.165,1.165,1.165,800,2021-07-13 19:53:00,SRGA
1.1699,1.17,1.155,1.155,45273,2021-07-13 19:54:00,SRGA
1.15,1.16,1.15,1.155,19000,2021-07-13 19:55:00,SRGA
1.1595,1.17,1.155,1.16,86358,2021-07-13 19:56:00,SRGA
1.16,1.1666,1.16,1.16,1480,2021-07-13 19:57:00,SRGA
1.165,1.165,1.16,1.16,2900,2021-07-13 19:58:00,SRGA
1.165,1.17,1.16,1.16,34910,2021-07-13 19:59:00,SRGA
1.16,1.16,1.16,1.16,20206,2021-07-13 20:00:00,SRGA
1.16,1.16,1.16,1.16,450,2021-07-13 20:13:00,SRGA
1.16,1.16,1.16,1.16,2000,2021-07-13 20:22:00,SRGA
1.16,1.1699,1.16,1.1699,51067,2021-07-13 20:24:00,SRGA
1.16,1.16,1.16,1.16,100,2021-07-13 20:27:00,SRGA
1.15,1.15,1.15,1.15,2500,2021-07-13 20:28:00,SRGA
1.15,1.15,1.15,1.15,399,2021-07-13 20:34:00,SRGA
1.15,1.15,1.15,1.15,500,2021-07-13 20:35:00,SRGA
1.16,1.16,1.16,1.16,100,2021-07-13 20:39:00,SRGA
1.16,1.16,1.16,1.16,840,2021-07-13 21:39:00,SRGA
1.1599,1.1599,1.1599,1.1599,974,2021-07-13 22:02:00,SRGA
1.16,1.16,1.16,1.16,1999,2021-07-13 22:05:00,SRGA
1.1799,1.1799,1.1799,1.1799,200,2021-07-13 23:42:00,SRGA
1.1799,1.1799,1.1799,1.1799,300,2021-07-13 23:45:00,SRGA
1.18,1.18,1.18,1.18,100,2021-07-14 11:01:00,SRGA
1.17,1.17,1.17,1.17,199,2021-07-14 12:10:00,SRGA
1.18,1.18,1.18,1.18,100,2021-07-14 12:37:00,SRGA
1.18,1.18,1.18,1.18,5100,2021-07-14 12:41:00,SRGA
1.1799,1.1799,1.1799,1.1799,1000,2021-07-14 13:16:00,SRGA
1.17,1.17,1.17,1.17,4652,2021-07-14 13:25:00,SRGA
1.15,1.16,1.14,1.14,44403,2021-07-14 13:30:00,SRGA
1.14,1.15,1.13,1.15,31344,2021-07-14 13:31:00,SRGA
1.13,1.15,1.13,1.1499,7100,2021-07-14 13:32:00,SRGA
1.14,1.16,1.14,1.14,35325,2021-07-14 13:33:00,SRGA
1.1485,1.15,1.145,1.15,3550,2021-07-14 13:34:00,SRGA
1.15,1.15,1.15,1.15,2500,2021-07-14 13:35:00,SRGA
1.145,1.15,1.145,1.1495,2399,2021-07-14 13:36:00,SRGA
1.15,1.15,1.15,1.15,1401,2021-07-14 13:37:00,SRGA
1.15,1.16,1.15,1.15,11779,2021-07-14 13:38:00,SRGA
1.1496,1.15,1.145,1.15,32967,2021-07-14 13:39:00,SRGA
1.15,1.15,1.145,1.15,11800,2021-07-14 13:40:00,SRGA
1.15,1.15,1.143,1.143,200,2021-07-14 13:41:00,SRGA
1.14,1.149,1.14,1.149,7000,2021-07-14 13:42:00,SRGA
1.1499,1.1499,1.1499,1.1499,1000,2021-07-14 13:43:00,SRGA
1.145,1.145,1.145,1.145,100,2021-07-14 13:44:00,SRGA
1.145,1.145,1.14,1.14,200,2021-07-14 13:47:00,SRGA
1.15,1.15,1.15,1.15,297,2021-07-14 13:49:00,SRGA
1.14,1.14,1.14,1.14,7922,2021-07-14 13:51:00,SRGA
1.14,1.14,1.13,1.13,19233,2021-07-14 13:52:00,SRGA
1.135,1.145,1.135,1.145,17276,2021-07-14 13:53:00,SRGA
1.15,1.15,1.15,1.15,100,2021-07-14 13:54:00,SRGA
1.15,1.15,1.15,1.15,3953,2021-07-14 13:55:00,SRGA
1.145,1.1499,1.145,1.145,1200,2021-07-14 13:56:00,SRGA
1.1498,1.15,1.14,1.15,1300,2021-07-14 13:57:00,SRGA
1.15,1.1536,1.14,1.14,8738,2021-07-14 13:58:00,SRGA
1.15,1.15,1.1423,1.1499,10700,2021-07-14 13:59:00,SRGA
1.15,1.15,1.1487,1.15,22400,2021-07-14 14:00:00,SRGA
1.145,1.1499,1.145,1.1479,6600,2021-07-14 14:01:00,SRGA
1.1479,1.1479,1.1479,1.1479,1500,2021-07-14 14:02:00,SRGA
1.145,1.15,1.145,1.145,2200,2021-07-14 14:03:00,SRGA
1.15,1.15,1.1499,1.1499,1514,2021-07-14 14:04:00,SRGA
1.15,1.15,1.143,1.145,550,2021-07-14 14:05:00,SRGA
1.15,1.1589,1.15,1.1501,14400,2021-07-14 14:06:00,SRGA
1.16,1.16,1.1501,1.1501,2955,2021-07-14 14:08:00,SRGA
1.1568,1.1568,1.1568,1.1568,100,2021-07-14 14:10:00,SRGA
1.15,1.15,1.15,1.15,100,2021-07-14 14:11:00,SRGA
1.155,1.1577,1.155,1.1577,914,2021-07-14 14:12:00,SRGA
1.1582,1.1582,1.14,1.1475,28486,2021-07-14 14:14:00,SRGA
1.14,1.1499,1.14,1.14,16216,2021-07-14 14:15:00,SRGA
1.143,1.143,1.135,1.135,18832,2021-07-14 14:17:00,SRGA
1.1399,1.14,1.13,1.135,16978,2021-07-14 14:18:00,SRGA
1.14,1.14,1.13,1.1335,13703,2021-07-14 14:19:00,SRGA
1.135,1.138,1.13,1.13,2681,2021-07-14 14:20:00,SRGA
1.13,1.1397,1.13,1.135,2100,2021-07-14 14:21:00,SRGA
1.135,1.14,1.135,1.135,5202,2021-07-14 14:22:00,SRGA
1.14,1.14,1.14,1.14,1600,2021-07-14 14:23:00,SRGA
1.14,1.14,1.1372,1.1372,250,2021-07-14 14:24:00,SRGA
1.1301,1.135,1.1301,1.135,1700,2021-07-14 14:25:00,SRGA
1.135,1.135,1.1336,1.1336,200,2021-07-14 14:26:00,SRGA
1.13,1.1399,1.13,1.1381,7046,2021-07-14 14:27:00,SRGA
1.13,1.135,1.12,1.12,72583,2021-07-14 14:28:00,SRGA
1.12,1.125,1.12,1.125,6100,2021-07-14 14:29:00,SRGA
1.12,1.13,1.12,1.1276,4992,2021-07-14 14:30:00,SRGA
1.13,1.135,1.13,1.13,32969,2021-07-14 14:31:00,SRGA
1.12,1.13,1.12,1.12,29976,2021-07-14 14:32:00,SRGA
1.1277,1.1277,1.1277,1.1277,440,2021-07-14 14:33:00,SRGA
1.1234,1.135,1.12,1.13,73385,2021-07-14 14:34:00,SRGA
1.125,1.135,1.125,1.13,17300,2021-07-14 14:35:00,SRGA
1.13,1.13,1.12,1.12,27419,2021-07-14 14:36:00,SRGA
1.12,1.13,1.12,1.13,27849,2021-07-14 14:37:00,SRGA
1.13,1.13,1.12,1.12,18918,2021-07-14 14:38:00,SRGA
1.13,1.13,1.123,1.125,2500,2021-07-14 14:39:00,SRGA
1.125,1.13,1.125,1.13,10666,2021-07-14 14:40:00,SRGA
1.1273,1.1273,1.125,1.125,2017,2021-07-14 14:41:00,SRGA
1.13,1.13,1.13,1.13,150,2021-07-14 14:43:00,SRGA
1.125,1.125,1.125,1.125,400,2021-07-14 14:44:00,SRGA
1.1201,1.13,1.12,1.12,5200,2021-07-14 14:45:00,SRGA
1.1274,1.1274,1.12,1.127,800,2021-07-14 14:47:00,SRGA
1.1279,1.13,1.12,1.13,3800,2021-07-14 14:48:00,SRGA
1.13,1.13,1.12,1.128,22463,2021-07-14 14:49:00,SRGA
1.12,1.13,1.12,1.13,11200,2021-07-14 14:50:00,SRGA
1.125,1.125,1.12,1.12,12200,2021-07-14 14:51:00,SRGA
1.12,1.12,1.12,1.12,500,2021-07-14 14:52:00,SRGA
1.12,1.12,1.12,1.12,100,2021-07-14 14:53:00,SRGA
1.125,1.13,1.125,1.125,21178,2021-07-14 14:54:00,SRGA
1.125,1.13,1.12,1.13,400,2021-07-14 14:55:00,SRGA
1.125,1.125,1.12,1.125,1600,2021-07-14 14:56:00,SRGA
1.1299,1.135,1.125,1.13,113359,2021-07-14 14:57:00,SRGA
1.135,1.135,1.13,1.135,39488,2021-07-14 14:58:00,SRGA
1.13,1.1301,1.13,1.13,1500,2021-07-14 14:59:00,SRGA
1.13,1.13,1.13,1.13,1100,2021-07-14 15:00:00,SRGA
1.13,1.1362,1.13,1.1362,500,2021-07-14 15:02:00,SRGA
1.13,1.13,1.13,1.13,300,2021-07-14 15:03:00,SRGA
1.13,1.13,1.13,1.13,2962,2021-07-14 15:04:00,SRGA
1.1399,1.1399,1.13,1.135,1700,2021-07-14 15:06:00,SRGA
1.13,1.135,1.13,1.13,800,2021-07-14 15:07:00,SRGA
1.13,1.1367,1.13,1.13,6005,2021-07-14 15:09:00,SRGA
1.13,1.131,1.13,1.13,14394,2021-07-14 15:10:00,SRGA
1.1301,1.135,1.13,1.135,10100,2021-07-14 15:11:00,SRGA
1.13,1.1362,1.13,1.1362,1300,2021-07-14 15:12:00,SRGA
1.13,1.13,1.13,1.13,300,2021-07-14 15:13:00,SRGA
1.1392,1.1392,1.13,1.13,10734,2021-07-14 15:14:00,SRGA
1.13,1.1399,1.13,1.13,5700,2021-07-14 15:16:00,SRGA
1.13,1.13,1.13,1.13,100,2021-07-14 15:17:00,SRGA
1.13,1.13,1.13,1.13,3000,2021-07-14 15:18:00,SRGA
1.13,1.13,1.13,1.13,100,2021-07-14 15:19:00,SRGA
1.13,1.1315,1.123,1.13,11949,2021-07-14 15:20:00,SRGA
1.1298,1.1298,1.12,1.12,900,2021-07-14 15:21:00,SRGA
1.125,1.135,1.125,1.135,30907,2021-07-14 15:22:00,SRGA
1.13,1.135,1.13,1.135,10300,2021-07-14 15:23:00,SRGA
1.135,1.135,1.13,1.13,1500,2021-07-14 15:25:00,SRGA
1.13,1.13,1.13,1.13,1550,2021-07-14 15:27:00,SRGA
1.13,1.13,1.13,1.13,170,2021-07-14 15:28:00,SRGA
1.13,1.1399,1.13,1.13,1700,2021-07-14 15:29:00,SRGA
1.135,1.14,1.135,1.135,60286,2021-07-14 15:30:00,SRGA
1.135,1.14,1.135,1.14,1848,2021-07-14 15:31:00,SRGA
1.135,1.135,1.135,1.135,2000,2021-07-14 15:32:00,SRGA
1.135,1.14,1.13,1.135,6700,2021-07-14 15:33:00,SRGA
1.13,1.135,1.13,1.135,3400,2021-07-14 15:34:00,SRGA
1.135,1.135,1.13,1.13,1200,2021-07-14 15:35:00,SRGA
1.135,1.135,1.13,1.13,2352,2021-07-14 15:36:00,SRGA
1.14,1.14,1.13,1.13,8700,2021-07-14 15:37:00,SRGA
1.13,1.14,1.13,1.13,2900,2021-07-14 15:38:00,SRGA
1.135,1.135,1.13,1.132,800,2021-07-14 15:40:00,SRGA
1.13,1.1328,1.12,1.12,63538,2021-07-14 15:41:00,SRGA
1.13,1.13,1.12,1.125,8900,2021-07-14 15:42:00,SRGA
1.125,1.14,1.12,1.13,29966,2021-07-14 15:43:00,SRGA
1.1299,1.13,1.12,1.13,4500,2021-07-14 15:44:00,SRGA
1.13,1.13,1.125,1.13,500,2021-07-14 15:45:00,SRGA
1.12,1.13,1.12,1.13,8110,2021-07-14 15:46:00,SRGA
1.13,1.13,1.12,1.13,6800,2021-07-14 15:47:00,SRGA
1.13,1.13,1.12,1.125,6040,2021-07-14 15:48:00,SRGA
1.13,1.13,1.12,1.12,4700,2021-07-14 15:49:00,SRGA
1.12,1.125,1.12,1.12,1395,2021-07-14 15:50:00,SRGA
1.1272,1.1272,1.12,1.12,3700,2021-07-14 15:51:00,SRGA
1.125,1.1299,1.12,1.1229,3200,2021-07-14 15:52:00,SRGA
1.1229,1.125,1.12,1.12,7900,2021-07-14 15:53:00,SRGA
1.1271,1.1271,1.12,1.12,56889,2021-07-14 15:54:00,SRGA
1.12,1.13,1.12,1.12,93208,2021-07-14 15:55:00,SRGA
1.12,1.125,1.12,1.12,36746,2021-07-14 15:56:00,SRGA
1.12,1.12,1.12,1.12,1200,2021-07-14 15:57:00,SRGA
1.1267,1.1267,1.1267,1.1267,444,2021-07-14 15:58:00,SRGA
1.12,1.1272,1.12,1.12,12031,2021-07-14 15:59:00,SRGA
1.12,1.125,1.12,1.125,1673,2021-07-14 16:00:00,SRGA
1.125,1.13,1.12,1.12,62764,2021-07-14 16:01:00,SRGA
1.125,1.125,1.125,1.125,1727,2021-07-14 16:02:00,SRGA
1.12,1.13,1.12,1.12,12200,2021-07-14 16:03:00,SRGA
1.1267,1.1272,1.12,1.12,4400,2021-07-14 16:04:00,SRGA
1.125,1.1299,1.12,1.12,1700,2021-07-14 16:05:00,SRGA
1.12,1.1201,1.12,1.12,1400,2021-07-14 16:06:00,SRGA
1.125,1.1262,1.12,1.12,7504,2021-07-14 16:07:00,SRGA
1.12,1.125,1.12,1.125,500,2021-07-14 16:08:00,SRGA
1.1201,1.1299,1.12,1.12,2750,2021-07-14 16:09:00,SRGA
1.1291,1.1291,1.12,1.12,34500,2021-07-14 16:10:00,SRGA
1.125,1.13,1.12,1.12,2625,2021-07-14 16:11:00,SRGA
1.12,1.1272,1.12,1.12,1400,2021-07-14 16:12:00,SRGA
1.12,1.12,1.12,1.12,400,2021-07-14 16:13:00,SRGA
1.12,1.125,1.12,1.12,3401,2021-07-14 16:14:00,SRGA
1.12,1.13,1.12,1.12,6800,2021-07-14 16:15:00,SRGA
1.12,1.125,1.12,1.125,2400,2021-07-14 16:16:00,SRGA
1.1292,1.13,1.12,1.12,51391,2021-07-14 16:17:00,SRGA
1.12,1.12,1.12,1.12,7600,2021-07-14 16:18:00,SRGA
1.1211,1.1211,1.12,1.12,17378,2021-07-14 16:19:00,SRGA
1.12,1.12,1.12,1.12,700,2021-07-14 16:20:00,SRGA
1.12,1.12,1.12,1.12,300,2021-07-14 16:21:00,SRGA
1.125,1.125,1.12,1.12,600,2021-07-14 16:22:00,SRGA
1.12,1.12,1.12,1.12,580,2021-07-14 16:23:00,SRGA
1.12,1.12,1.12,1.12,1895,2021-07-14 16:24:00,SRGA
1.12,1.12,1.12,1.12,400,2021-07-14 16:25:00,SRGA
1.12,1.125,1.12,1.12,18087,2021-07-14 16:26:00,SRGA
1.12,1.125,1.12,1.12,15600,2021-07-14 16:27:00,SRGA
1.13,1.13,1.12,1.12,3087,2021-07-14 16:28:00,SRGA
1.12,1.1266,1.12,1.1266,2239,2021-07-14 16:29:00,SRGA
1.12,1.12,1.12,1.12,400,2021-07-14 16:30:00,SRGA
1.125,1.125,1.12,1.12,400,2021-07-14 16:31:00,SRGA
1.125,1.125,1.12,1.12,1391,2021-07-14 16:32:00,SRGA
1.125,1.125,1.12,1.12,3302,2021-07-14 16:33:00,SRGA
1.125,1.125,1.12,1.12,1700,2021-07-14 16:34:00,SRGA
1.12,1.1201,1.12,1.1201,200,2021-07-14 16:35:00,SRGA
1.12,1.12,1.12,1.12,300,2021-07-14 16:36:00,SRGA
1.125,1.125,1.12,1.12,200,2021-07-14 16:37:00,SRGA
1.12,1.13,1.12,1.125,26003,2021-07-14 16:38:00,SRGA
1.125,1.13,1.125,1.125,5399,2021-07-14 16:39:00,SRGA
1.125,1.13,1.12,1.13,3600,2021-07-14 16:40:00,SRGA
1.125,1.1319,1.12,1.12,54115,2021-07-14 16:41:00,SRGA
1.12,1.13,1.12,1.125,11500,2021-07-14 16:42:00,SRGA
1.125,1.13,1.125,1.125,650,2021-07-14 16:43:00,SRGA
1.125,1.125,1.125,1.125,1000,2021-07-14 16:44:00,SRGA
1.125,1.13,1.12,1.125,16868,2021-07-14 16:45:00,SRGA
1.125,1.125,1.12,1.12,2200,2021-07-14 16:46:00,SRGA
1.125,1.1299,1.12,1.1299,1450,2021-07-14 16:47:00,SRGA
1.125,1.1299,1.12,1.1299,932,2021-07-14 16:48:00,SRGA
1.12,1.125,1.12,1.1227,12150,2021-07-14 16:49:00,SRGA
1.12,1.13,1.12,1.12,24100,2021-07-14 16:50:00,SRGA
1.125,1.125,1.12,1.12,2300,2021-07-14 16:51:00,SRGA
1.125,1.125,1.12,1.12,9350,2021-07-14 16:52:00,SRGA
1.125,1.13,1.12,1.125,2549,2021-07-14 16:53:00,SRGA
1.125,1.125,1.12,1.12,301,2021-07-14 16:54:00,SRGA
1.12,1.125,1.12,1.12,6800,2021-07-14 16:55:00,SRGA
1.12,1.125,1.12,1.12,5300,2021-07-14 16:57:00,SRGA
1.12,1.125,1.12,1.12,2500,2021-07-14 16:58:00,SRGA
1.12,1.125,1.12,1.125,674,2021-07-14 16:59:00,SRGA
1.12,1.125,1.12,1.125,500,2021-07-14 17:00:00,SRGA
1.125,1.13,1.12,1.12,10200,2021-07-14 17:01:00,SRGA
1.13,1.13,1.12,1.12,1750,2021-07-14 17:02:00,SRGA
1.125,1.13,1.12,1.1201,43706,2021-07-14 17:03:00,SRGA
1.1227,1.1299,1.12,1.12,19200,2021-07-14 17:04:00,SRGA
1.125,1.125,1.12,1.12,400,2021-07-14 17:05:00,SRGA
1.12,1.13,1.12,1.13,2418,2021-07-14 17:06:00,SRGA
1.13,1.13,1.12,1.13,44788,2021-07-14 17:07:00,SRGA
1.1316,1.137,1.125,1.13,30700,2021-07-14 17:08:00,SRGA
1.13,1.13,1.125,1.125,3506,2021-07-14 17:09:00,SRGA
1.125,1.125,1.125,1.125,500,2021-07-14 17:10:00,SRGA
1.125,1.13,1.1227,1.125,7212,2021-07-14 17:11:00,SRGA
1.125,1.13,1.125,1.125,1197,2021-07-14 17:12:00,SRGA
1.125,1.125,1.1233,1.125,750,2021-07-14 17:13:00,SRGA
1.125,1.125,1.1237,1.125,800,2021-07-14 17:14:00,SRGA
1.125,1.13,1.1237,1.125,1300,2021-07-14 17:15:00,SRGA
1.125,1.13,1.12,1.13,8918,2021-07-14 17:16:00,SRGA
1.125,1.125,1.12,1.125,800,2021-07-14 17:17:00,SRGA
1.125,1.125,1.12,1.12,2022,2021-07-14 17:18:00,SRGA
1.1233,1.13,1.12,1.1267,1100,2021-07-14 17:19:00,SRGA
1.13,1.13,1.12,1.125,18400,2021-07-14 17:20:00,SRGA
1.1226,1.13,1.12,1.125,18450,2021-07-14 17:21:00,SRGA
1.1224,1.125,1.12,1.125,13734,2021-07-14 17:22:00,SRGA
1.12,1.12,1.12,1.12,100,2021-07-14 17:23:00,SRGA
1.12,1.125,1.12,1.12,722,2021-07-14 17:24:00,SRGA
1.12,1.13,1.12,1.13,550,2021-07-14 17:25:00,SRGA
1.12,1.12,1.12,1.12,3150,2021-07-14 17:26:00,SRGA
1.12,1.125,1.12,1.12,1597,2021-07-14 17:27:00,SRGA
1.12,1.12,1.12,1.12,200,2021-07-14 17:28:00,SRGA
1.12,1.12,1.12,1.12,100,2021-07-14 17:29:00,SRGA
1.125,1.13,1.12,1.125,24800,2021-07-14 17:30:00,SRGA
1.1231,1.1299,1.12,1.125,3550,2021-07-14 17:31:00,SRGA
1.125,1.125,1.12,1.125,2700,2021-07-14 17:32:00,SRGA
1.12,1.13,1.12,1.13,421,2021-07-14 17:33:00,SRGA
1.125,1.125,1.125,1.125,100,2021-07-14 17:34:00,SRGA
1.12,1.125,1.12,1.125,3100,2021-07-14 17:35:00,SRGA
1.125,1.125,1.125,1.125,100,2021-07-14 17:36:00,SRGA
1.125,1.13,1.12,1.13,1000,2021-07-14 17:37:00,SRGA
1.13,1.13,1.12,1.125,1400,2021-07-14 17:38:00,SRGA
1.13,1.13,1.12,1.12,500,2021-07-14 17:43:00,SRGA
1.13,1.13,1.12,1.125,500,2021-07-14 17:44:00,SRGA
1.121,1.121,1.12,1.12,3226,2021-07-14 17:46:00,SRGA
1.12,1.13,1.12,1.125,13567,2021-07-14 17:48:00,SRGA
1.125,1.125,1.125,1.125,100,2021-07-14 17:49:00,SRGA
1.12,1.125,1.12,1.12,300,2021-07-14 17:51:00,SRGA
1.125,1.13,1.12,1.12,4770,2021-07-14 17:52:00,SRGA
1.12,1.13,1.12,1.13,3500,2021-07-14 17:53:00,SRGA
1.1272,1.1292,1.12,1.12,3400,2021-07-14 17:54:00,SRGA
1.12,1.12,1.12,1.12,100,2021-07-14 17:55:00,SRGA
1.12,1.12,1.12,1.12,2500,2021-07-14 17:56:00,SRGA
1.12,1.13,1.12,1.13,3700,2021-07-14 17:57:00,SRGA
1.13,1.13,1.12,1.12,2700,2021-07-14 17:58:00,SRGA
1.125,1.125,1.12,1.1227,6200,2021-07-14 17:59:00,SRGA
1.1227,1.125,1.1227,1.125,3200,2021-07-14 18:00:00,SRGA
1.1227,1.125,1.12,1.12,14014,2021-07-14 18:01:00,SRGA
1.125,1.125,1.125,1.125,2200,2021-07-14 18:02:00,SRGA
1.125,1.125,1.12,1.125,6478,2021-07-14 18:03:00,SRGA
1.125,1.1299,1.125,1.125,300,2021-07-14 18:04:00,SRGA
1.125,1.1262,1.12,1.12,1200,2021-07-14 18:05:00,SRGA
1.125,1.125,1.12,1.125,1800,2021-07-14 18:06:00,SRGA
1.12,1.128,1.12,1.12,6144,2021-07-14 18:07:00,SRGA
1.125,1.125,1.12,1.125,1714,2021-07-14 18:08:00,SRGA
1.13,1.13,1.125,1.125,600,2021-07-14 18:09:00,SRGA
1.1235,1.13,1.1235,1.125,1998,2021-07-14 18:10:00,SRGA
1.1262,1.1262,1.125,1.1262,777,2021-07-14 18:11:00,SRGA
1.125,1.125,1.12,1.12,2800,2021-07-14 18:13:00,SRGA
1.125,1.1271,1.125,1.125,1400,2021-07-14 18:14:00,SRGA
1.125,1.13,1.12,1.125,18793,2021-07-14 18:16:00,SRGA
1.12,1.13,1.12,1.125,25925,2021-07-14 18:17:00,SRGA
1.13,1.13,1.13,1.13,100,2021-07-14 18:18:00,SRGA
1.13,1.13,1.1228,1.13,5600,2021-07-14 18:19:00,SRGA
1.1228,1.125,1.12,1.125,10600,2021-07-14 18:20:00,SRGA
1.125,1.125,1.125,1.125,100,2021-07-14 18:21:00,SRGA
1.12,1.13,1.12,1.13,250,2021-07-14 18:22:00,SRGA
1.12,1.125,1.12,1.12,900,2021-07-14 18:24:00,SRGA
1.13,1.13,1.12,1.12,600,2021-07-14 18:25:00,SRGA
1.125,1.13,1.12,1.12,8593,2021-07-14 18:26:00,SRGA
1.12,1.13,1.12,1.12,2000,2021-07-14 18:27:00,SRGA
1.12,1.12,1.12,1.12,200,2021-07-14 18:28:00,SRGA
1.12,1.13,1.12,1.12,12470,2021-07-14 18:29:00,SRGA
1.13,1.13,1.12,1.12,1200,2021-07-14 18:30:00,SRGA
1.125,1.13,1.12,1.125,15434,2021-07-14 18:31:00,SRGA
1.1299,1.1299,1.12,1.12,300,2021-07-14 18:32:00,SRGA
1.12,1.125,1.12,1.12,800,2021-07-14 18:33:00,SRGA
1.12,1.12,1.12,1.12,450,2021-07-14 18:34:00,SRGA
1.125,1.13,1.12,1.125,4600,2021-07-14 18:35:00,SRGA
1.125,1.13,1.12,1.12,1950,2021-07-14 18:36:00,SRGA
1.125,1.13,1.12,1.12,4700,2021-07-14 18:37:00,SRGA
1.13,1.13,1.12,1.125,4854,2021-07-14 18:38:00,SRGA
1.126,1.13,1.12,1.13,4600,2021-07-14 18:39:00,SRGA
1.12,1.13,1.12,1.125,8100,2021-07-14 18:40:00,SRGA
1.125,1.13,1.12,1.1232,14930,2021-07-14 18:41:00,SRGA
1.125,1.13,1.12,1.12,3600,2021-07-14 18:42:00,SRGA
1.125,1.13,1.12,1.125,17694,2021-07-14 18:43:00,SRGA
1.125,1.13,1.12,1.13,3500,2021-07-14 18:44:00,SRGA
1.12,1.125,1.12,1.125,3600,2021-07-14 18:45:00,SRGA
1.13,1.13,1.12,1.125,20801,2021-07-14 18:46:00,SRGA
1.125,1.13,1.12,1.13,5519,2021-07-14 18:47:00,SRGA
1.125,1.125,1.125,1.125,100,2021-07-14 18:48:00,SRGA
1.1262,1.13,1.12,1.125,2550,2021-07-14 18:49:00,SRGA
1.125,1.13,1.125,1.125,900,2021-07-14 18:50:00,SRGA
1.13,1.13,1.13,1.13,200,2021-07-14 18:51:00,SRGA
1.125,1.13,1.115,1.115,238121,2021-07-14 18:52:00,SRGA
1.115,1.1199,1.11,1.115,59539,2021-07-14 18:53:00,SRGA
1.11,1.12,1.11,1.1171,12000,2021-07-14 18:54:00,SRGA
1.11,1.11,1.1,1.1,168914,2021-07-14 18:55:00,SRGA
1.105,1.11,1.1,1.1062,72117,2021-07-14 18:56:00,SRGA
1.1,1.1099,1.1,1.105,43711,2021-07-14 18:57:00,SRGA
1.105,1.11,1.1,1.105,66881,2021-07-14 18:58:00,SRGA
1.1,1.108,1.1,1.105,7105,2021-07-14 18:59:00,SRGA
1.105,1.11,1.1,1.1,17975,2021-07-14 19:00:00,SRGA
1.1,1.11,1.1,1.1,35291,2021-07-14 19:01:00,SRGA
1.11,1.11,1.1,1.1,54802,2021-07-14 19:02:00,SRGA
1.1062,1.11,1.1,1.105,7963,2021-07-14 19:03:00,SRGA
1.11,1.11,1.1,1.105,13700,2021-07-14 19:04:00,SRGA
1.11,1.11,1.1,1.11,8938,2021-07-14 19:05:00,SRGA
1.1018,1.11,1.1,1.1,33950,2021-07-14 19:06:00,SRGA
1.11,1.11,1.1,1.1,48900,2021-07-14 19:07:00,SRGA
1.1,1.11,1.1,1.11,10300,2021-07-14 19:08:00,SRGA
1.105,1.11,1.1,1.105,11700,2021-07-14 19:09:00,SRGA
1.11,1.11,1.1,1.1034,41600,2021-07-14 19:10:00,SRGA
1.1,1.11,1.1,1.1,39700,2021-07-14 19:11:00,SRGA
1.103,1.11,1.1,1.108,10100,2021-07-14 19:12:00,SRGA
1.105,1.115,1.1,1.11,101988,2021-07-14 19:13:00,SRGA
1.1171,1.12,1.11,1.11,3700,2021-07-14 19:14:00,SRGA
1.115,1.1199,1.11,1.115,33490,2021-07-14 19:15:00,SRGA
1.11,1.1194,1.11,1.115,29200,2021-07-14 19:16:00,SRGA
1.115,1.115,1.11,1.11,12073,2021-07-14 19:17:00,SRGA
1.115,1.115,1.11,1.11,45939,2021-07-14 19:18:00,SRGA
1.11,1.11,1.105,1.105,20267,2021-07-14 19:19:00,SRGA
1.105,1.1099,1.1,1.1,13925,2021-07-14 19:20:00,SRGA
1.1,1.1099,1.1,1.105,51700,2021-07-14 19:21:00,SRGA
1.105,1.11,1.1,1.11,30195,2021-07-14 19:22:00,SRGA
1.11,1.11,1.1,1.11,16722,2021-07-14 19:23:00,SRGA
1.105,1.11,1.1,1.11,24244,2021-07-14 19:24:00,SRGA
1.105,1.11,1.105,1.109,11700,2021-07-14 19:25:00,SRGA
1.105,1.11,1.1,1.11,2100,2021-07-14 19:26:00,SRGA
1.105,1.11,1.1,1.11,900,2021-07-14 19:27:00,SRGA
1.105,1.11,1.1,1.1,48135,2021-07-14 19:28:00,SRGA
1.11,1.11,1.1,1.105,20264,2021-07-14 19:29:00,SRGA
1.11,1.11,1.1027,1.1027,29913,2021-07-14 19:30:00,SRGA
1.1027,1.11,1.1,1.11,55472,2021-07-14 19:31:00,SRGA
1.105,1.11,1.105,1.108,23842,2021-07-14 19:32:00,SRGA
1.105,1.11,1.105,1.105,2300,2021-07-14 19:33:00,SRGA
1.105,1.105,1.105,1.105,1000,2021-07-14 19:34:00,SRGA
1.105,1.11,1.105,1.105,2300,2021-07-14 19:35:00,SRGA
1.11,1.11,1.105,1.11,7477,2021-07-14 19:36:00,SRGA
1.105,1.11,1.1,1.1099,2700,2021-07-14 19:37:00,SRGA
1.11,1.11,1.105,1.105,1700,2021-07-14 19:38:00,SRGA
1.105,1.11,1.105,1.11,2200,2021-07-14 19:39:00,SRGA
1.1,1.11,1.1,1.11,3800,2021-07-14 19:40:00,SRGA
1.105,1.11,1.1,1.105,74571,2021-07-14 19:41:00,SRGA
1.11,1.11,1.1,1.105,2205,2021-07-14 19:42:00,SRGA
1.11,1.11,1.1,1.105,3100,2021-07-14 19:43:00,SRGA
1.105,1.11,1.1,1.1,24926,2021-07-14 19:44:00,SRGA
1.105,1.11,1.1,1.105,24781,2021-07-14 19:45:00,SRGA
1.105,1.11,1.1,1.105,19280,2021-07-14 19:46:00,SRGA
1.105,1.11,1.1,1.105,4587,2021-07-14 19:47:00,SRGA
1.11,1.11,1.1,1.105,8542,2021-07-14 19:48:00,SRGA
1.105,1.11,1.1,1.105,3800,2021-07-14 19:49:00,SRGA
1.105,1.11,1.105,1.105,12871,2021-07-14 19:50:00,SRGA
1.1061,1.1061,1.1,1.105,11245,2021-07-14 19:51:00,SRGA
1.105,1.11,1.1,1.105,4600,2021-07-14 19:52:00,SRGA
1.105,1.11,1.1,1.105,4000,2021-07-14 19:53:00,SRGA
1.105,1.11,1.1,1.105,27848,2021-07-14 19:54:00,SRGA
1.11,1.11,1.1,1.105,6000,2021-07-14 19:55:00,SRGA
1.105,1.11,1.1,1.105,19334,2021-07-14 19:56:00,SRGA
1.105,1.11,1.1,1.1,14978,2021-07-14 19:57:00,SRGA
1.11,1.11,1.1,1.105,7699,2021-07-14 19:58:00,SRGA
1.1,1.11,1.1,1.11,38100,2021-07-14 19:59:00,SRGA
1.11,1.11,1.11,1.11,42518,2021-07-14 20:00:00,SRGA
1.11,1.11,1.11,1.11,9386,2021-07-14 20:01:00,SRGA
1.11,1.11,1.11,1.11,1000,2021-07-14 20:02:00,SRGA
1.11,1.11,1.11,1.11,150,2021-07-14 20:05:00,SRGA
1.1,1.1,1.1,1.1,5000,2021-07-14 20:09:00,SRGA
1.11,1.11,1.11,1.11,250,2021-07-14 20:18:00,SRGA
1.11,1.11,1.11,1.11,100,2021-07-14 20:39:00,SRGA
1.11,1.11,1.11,1.11,200,2021-07-14 20:41:00,SRGA
1.11,1.11,1.11,1.11,500,2021-07-14 20:43:00,SRGA
1.11,1.11,1.11,1.11,300,2021-07-14 20:48:00,SRGA
1.12,1.12,1.12,1.12,100,2021-07-14 20:49:00,SRGA
1.11,1.11,1.11,1.11,900,2021-07-14 20:50:00,SRGA
1.1199,1.12,1.1199,1.12,2000,2021-07-14 21:03:00,SRGA
1.12,1.12,1.12,1.12,100,2021-07-14 21:04:00,SRGA
1.12,1.12,1.12,1.12,10000,2021-07-14 21:05:00,SRGA
1.1199,1.12,1.1199,1.12,800,2021-07-14 21:06:00,SRGA
1.12,1.12,1.12,1.12,2000,2021-07-14 21:07:00,SRGA
1.12,1.12,1.12,1.12,300,2021-07-14 21:08:00,SRGA
1.1299,1.1299,1.1299,1.1299,8000,2021-07-14 21:26:00,SRGA
1.12,1.12,1.12,1.12,2500,2021-07-14 21:53:00,SRGA
1.13,1.13,1.13,1.13,124,2021-07-14 22:12:00,SRGA
1.1299,1.1299,1.1299,1.1299,1500,2021-07-14 22:18:00,SRGA
1.12,1.12,1.12,1.12,200,2021-07-14 22:21:00,SRGA
1.11,1.11,1.11,1.11,2000,2021-07-14 22:27:00,SRGA
1.12,1.12,1.12,1.12,200,2021-07-14 22:39:00,SRGA
1.11,1.11,1.1,1.1,1000,2021-07-14 22:52:00,SRGA
1.1,1.1,1.1,1.1,597,2021-07-14 23:11:00,SRGA
1.12,1.12,1.12,1.12,200,2021-07-14 23:49:00,SRGA
1.1101,1.1101,1.1101,1.1101,2000,2021-07-14 23:52:00,SRGA
1.1299,1.1299,1.1299,1.1299,100,2021-07-14 23:59:00,SRGA
1.12,1.12,1.12,1.12,100,2021-07-15 08:03:00,SRGA
1.12,1.12,1.12,1.12,100,2021-07-15 11:20:00,SRGA
1.12,1.12,1.12,1.12,985,2021-07-15 11:31:00,SRGA
1.12,1.12,1.12,1.12,1000,2021-07-15 12:04:00,SRGA
1.12,1.12,1.12,1.12,1000,2021-07-15 12:05:00,SRGA
1.12,1.12,1.12,1.12,100,2021-07-15 12:06:00,SRGA
1.1,1.12,1.1,1.12,1063,2021-07-15 12:07:00,SRGA
1.12,1.12,1.12,1.12,200,2021-07-15 12:08:00,SRGA
1.12,1.12,1.12,1.12,500,2021-07-15 12:14:00,SRGA
1.12,1.12,1.12,1.12,200,2021-07-15 12:21:00,SRGA
1.12,1.12,1.12,1.12,100,2021-07-15 13:18:00,SRGA
1.12,1.12,1.12,1.12,200,2021-07-15 13:21:00,SRGA
1.12,1.12,1.12,1.12,200,2021-07-15 13:24:00,SRGA
1.12,1.12,1.12,1.12,300,2021-07-15 13:25:00,SRGA
1.11,1.13,1.11,1.12,30919,2021-07-15 13:30:00,SRGA
1.12,1.12,1.1,1.12,44453,2021-07-15 13:31:00,SRGA
1.12,1.12,1.103,1.103,16600,2021-07-15 13:32:00,SRGA
1.105,1.11,1.1,1.1001,35128,2021-07-15 13:33:00,SRGA
1.105,1.1059,1.1,1.1,1170,2021-07-15 13:34:00,SRGA
1.1,1.105,1.09,1.09,36016,2021-07-15 13:35:00,SRGA
1.095,1.0999,1.09,1.09,28258,2021-07-15 13:36:00,SRGA
1.0917,1.0978,1.09,1.09,38049,2021-07-15 13:37:00,SRGA
1.09,1.095,1.09,1.095,10800,2021-07-15 13:38:00,SRGA
1.092,1.095,1.08,1.0868,54631,2021-07-15 13:39:00,SRGA
1.0867,1.09,1.08,1.0817,8762,2021-07-15 13:40:00,SRGA
1.09,1.095,1.0891,1.0934,40286,2021-07-15 13:41:00,SRGA
1.0923,1.095,1.085,1.0896,27170,2021-07-15 13:42:00,SRGA
1.0897,1.0899,1.083,1.0872,1708,2021-07-15 13:43:00,SRGA
1.0845,1.099,1.0845,1.0915,40523,2021-07-15 13:44:00,SRGA
1.09,1.095,1.09,1.09,12332,2021-07-15 13:45:00,SRGA
1.09,1.0999,1.09,1.09,7508,2021-07-15 13:46:00,SRGA
1.1,1.105,1.1,1.105,35354,2021-07-15 13:47:00,SRGA
1.105,1.105,1.105,1.105,226,2021-07-15 13:48:00,SRGA
1.1,1.1,1.1,1.1,1000,2021-07-15 13:49:00,SRGA
1.1069,1.1099,1.1069,1.1099,300,2021-07-15 13:50:00,SRGA
1.105,1.105,1.105,1.105,2525,2021-07-15 13:51:00,SRGA
1.1049,1.11,1.1049,1.105,300,2021-07-15 13:52:00,SRGA
1.105,1.105,1.105,1.105,500,2021-07-15 13:53:00,SRGA
1.1099,1.1099,1.1099,1.1099,100,2021-07-15 13:54:00,SRGA
1.1098,1.1098,1.1098,1.1098,500,2021-07-15 13:55:00,SRGA
1.1099,1.1199,1.1099,1.1199,37657,2021-07-15 13:56:00,SRGA
1.115,1.12,1.11,1.11,21708,2021-07-15 13:57:00,SRGA
1.115,1.12,1.11,1.115,9596,2021-07-15 13:58:00,SRGA
1.1114,1.12,1.11,1.12,14552,2021-07-15 13:59:00,SRGA
1.1125,1.1125,1.11,1.11,2528,2021-07-15 14:00:00,SRGA
1.11,1.125,1.11,1.1201,44243,2021-07-15 14:01:00,SRGA
1.125,1.13,1.12,1.1277,19529,2021-07-15 14:02:00,SRGA
1.1254,1.1254,1.12,1.1249,2400,2021-07-15 14:03:00,SRGA
1.12,1.12,1.12,1.12,10000,2021-07-15 14:04:00,SRGA
1.13,1.13,1.12,1.125,27434,2021-07-15 14:05:00,SRGA
1.125,1.13,1.125,1.125,2100,2021-07-15 14:06:00,SRGA
1.125,1.13,1.12,1.12,6435,2021-07-15 14:07:00,SRGA
1.125,1.125,1.1217,1.1217,5350,2021-07-15 14:08:00,SRGA
1.1214,1.13,1.12,1.12,20300,2021-07-15 14:09:00,SRGA
1.1215,1.13,1.1214,1.13,7600,2021-07-15 14:10:00,SRGA
1.12,1.1279,1.11,1.1199,39468,2021-07-15 14:11:00,SRGA
1.11,1.11,1.11,1.11,10000,2021-07-15 14:12:00,SRGA
1.11,1.115,1.11,1.115,2600,2021-07-15 14:13:00,SRGA
1.1113,1.12,1.11,1.11,15000,2021-07-15 14:14:00,SRGA
1.115,1.118,1.1114,1.1114,5910,2021-07-15 14:15:00,SRGA
1.115,1.115,1.11,1.11,4935,2021-07-15 14:16:00,SRGA
1.1112,1.115,1.11,1.11,22425,2021-07-15 14:17:00,SRGA
1.11,1.115,1.11,1.115,5000,2021-07-15 14:18:00,SRGA
1.11,1.115,1.11,1.115,352,2021-07-15 14:19:00,SRGA
1.11,1.11,1.1,1.105,20222,2021-07-15 14:20:00,SRGA
1.11,1.1108,1.11,1.1108,29229,2021-07-15 14:21:00,SRGA
1.12,1.12,1.12,1.12,100,2021-07-15 14:22:00,SRGA
1.12,1.12,1.12,1.12,300,2021-07-15 14:24:00,SRGA
1.12,1.12,1.12,1.12,200,2021-07-15 14:25:00,SRGA
1.12,1.12,1.1182,1.1182,1300,2021-07-15 14:26:00,SRGA
1.12,1.12,1.11,1.11,17769,2021-07-15 14:27:00,SRGA
1.1,1.1099,1.1,1.1,10203,2021-07-15 14:28:00,SRGA
1.1001,1.11,1.1,1.1,50634,2021-07-15 14:29:00,SRGA
1.105,1.105,1.105,1.105,200,2021-07-15 14:30:00,SRGA
1.1,1.1099,1.1,1.105,5900,2021-07-15 14:31:00,SRGA
1.1,1.1,1.1,1.1,2500,2021-07-15 14:32:00,SRGA
1.105,1.105,1.1,1.1,5500,2021-07-15 14:33:00,SRGA
1.105,1.11,1.1,1.1,3600,2021-07-15 14:34:00,SRGA
1.1,1.1069,1.1,1.1,5100,2021-07-15 14:35:00,SRGA
1.105,1.11,1.105,1.1073,400,2021-07-15 14:36:00,SRGA
1.1,1.115,1.1,1.1101,78052,2021-07-15 14:37:00,SRGA
1.115,1.115,1.11,1.11,13000,2021-07-15 14:38:00,SRGA
1.115,1.12,1.11,1.12,12890,2021-07-15 14:39:00,SRGA
1.12,1.125,1.12,1.125,11484,2021-07-15 14:40:00,SRGA
1.125,1.125,1.125,1.125,300,2021-07-15 14:41:00,SRGA
1.124,1.128,1.124,1.128,3716,2021-07-15 14:43:00,SRGA
1.125,1.125,1.12,1.12,3381,2021-07-15 14:44:00,SRGA
1.125,1.125,1.125,1.125,100,2021-07-15 14:45:00,SRGA
1.1276,1.1276,1.125,1.125,700,2021-07-15 14:46:00,SRGA
1.125,1.13,1.12,1.13,500,2021-07-15 14:48:00,SRGA
1.1221,1.1221,1.1221,1.1221,2000,2021-07-15 14:49:00,SRGA
1.125,1.135,1.125,1.135,20798,2021-07-15 14:50:00,SRGA
1.13,1.14,1.125,1.135,37618,2021-07-15 14:51:00,SRGA
1.13,1.135,1.13,1.135,13700,2021-07-15 14:52:00,SRGA
1.1317,1.1317,1.1317,1.1317,1000,2021-07-15 14:53:00,SRGA
1.13,1.15,1.13,1.1494,34146,2021-07-15 14:54:00,SRGA
1.1499,1.15,1.14,1.148,29000,2021-07-15 14:55:00,SRGA
1.1426,1.1472,1.1406,1.1415,13902,2021-07-15 14:56:00,SRGA
1.145,1.15,1.14,1.15,9800,2021-07-15 14:57:00,SRGA
1.1479,1.1479,1.1479,1.1479,599,2021-07-15 14:58:00,SRGA
1.1499,1.15,1.14,1.14,10100,2021-07-15 14:59:00,SRGA
1.15,1.15,1.145,1.145,4500,2021-07-15 15:00:00,SRGA
1.1401,1.15,1.14,1.15,8100,2021-07-15 15:01:00,SRGA
1.1418,1.145,1.135,1.14,42421,2021-07-15 15:02:00,SRGA
1.14,1.14,1.14,1.14,200,2021-07-15 15:03:00,SRGA
1.14,1.14,1.14,1.14,919,2021-07-15 15:04:00,SRGA
1.145,1.145,1.14,1.14,2300,2021-07-15 15:06:00,SRGA
1.1439,1.1439,1.14,1.14,2000,2021-07-15 15:07:00,SRGA
1.14,1.145,1.14,1.14,4000,2021-07-15 15:08:00,SRGA
1.1427,1.1427,1.142,1.142,1000,2021-07-15 15:09:00,SRGA
1.142,1.142,1.142,1.142,300,2021-07-15 15:10:00,SRGA
1.14,1.15,1.14,1.15,3040,2021-07-15 15:11:00,SRGA
1.14,1.14,1.14,1.14,1200,2021-07-15 15:12:00,SRGA
1.14,1.1429,1.13,1.1301,33517,2021-07-15 15:13:00,SRGA
1.13,1.135,1.13,1.135,657,2021-07-15 15:14:00,SRGA
1.13,1.1339,1.13,1.13,4400,2021-07-15 15:15:00,SRGA
1.13,1.13,1.13,1.13,600,2021-07-15 15:16:00,SRGA
1.13,1.135,1.13,1.13,2000,2021-07-15 15:17:00,SRGA
1.1301,1.1301,1.13,1.13,7500,2021-07-15 15:19:00,SRGA
1.13,1.1301,1.13,1.1301,600,2021-07-15 15:21:00,SRGA
1.135,1.135,1.13,1.13,200,2021-07-15 15:24:00,SRGA
1.1367,1.1367,1.1367,1.1367,440,2021-07-15 15:25:00,SRGA
1.13,1.13,1.13,1.13,300,2021-07-15 15:26:00,SRGA
1.13,1.1301,1.13,1.1301,2598,2021-07-15 15:27:00,SRGA
1.13,1.13,1.13,1.13,497,2021-07-15 15:28:00,SRGA
1.13,1.139,1.13,1.139,3100,2021-07-15 15:30:00,SRGA
1.13,1.13,1.12,1.1275,30258,2021-07-15 15:31:00,SRGA
1.12,1.125,1.1128,1.125,25240,2021-07-15 15:32:00,SRGA
1.12,1.125,1.12,1.125,421,2021-07-15 15:33:00,SRGA
1.1206,1.1206,1.12,1.12,6000,2021-07-15 15:35:00,SRGA
1.12,1.1285,1.12,1.125,10191,2021-07-15 15:36:00,SRGA
1.12,1.12,1.12,1.12,1300,2021-07-15 15:37:00,SRGA
1.12,1.125,1.12,1.12,9100,2021-07-15 15:38:00,SRGA
1.12,1.12,1.11,1.11,13390,2021-07-15 15:39:00,SRGA
1.1199,1.12,1.115,1.115,6500,2021-07-15 15:40:00,SRGA
1.1124,1.1177,1.11,1.115,1111,2021-07-15 15:41:00,SRGA
1.1199,1.1199,1.115,1.115,600,2021-07-15 15:43:00,SRGA
1.1199,1.1199,1.11,1.111,2450,2021-07-15 15:44:00,SRGA
1.1112,1.1112,1.1,1.1,63354,2021-07-15 15:45:00,SRGA
1.1,1.1,1.1,1.1,17876,2021-07-15 15:46:00,SRGA
1.095,1.1,1.09,1.1,58749,2021-07-15 15:47:00,SRGA
1.1,1.1,1.09,1.09,37131,2021-07-15 15:48:00,SRGA
1.1,1.11,1.09,1.1,51903,2021-07-15 15:49:00,SRGA
1.1,1.105,1.09,1.1,64719,2021-07-15 15:50:00,SRGA
1.095,1.11,1.095,1.1,47397,2021-07-15 15:51:00,SRGA
1.105,1.105,1.105,1.105,100,2021-07-15 15:52:00,SRGA
1.1072,1.1072,1.1072,1.1072,137,2021-07-15 15:53:00,SRGA
1.1072,1.1072,1.1027,1.1027,1158,2021-07-15 15:54:00,SRGA
1.1,1.1,1.1,1.1,1000,2021-07-15 15:55:00,SRGA
1.1032,1.1032,1.1,1.1,2400,2021-07-15 15:56:00,SRGA
1.105,1.105,1.1,1.1,249,2021-07-15 15:59:00,SRGA
1.1,1.1,1.1,1.1,1100,2021-07-15 16:00:00,SRGA
1.1,1.1,1.1,1.1,1350,2021-07-15 16:01:00,SRGA
1.1,1.1068,1.1,1.1,1100,2021-07-15 16:02:00,SRGA
1.1,1.1,1.1,1.1,600,2021-07-15 16:03:00,SRGA
1.1,1.1,1.1,1.1,700,2021-07-15 16:04:00,SRGA
1.1,1.1,1.1,1.1,500,2021-07-15 16:05:00,SRGA
1.1,1.1,1.1,1.1,22200,2021-07-15 16:06:00,SRGA
1.1,1.1,1.09,1.09,10100,2021-07-15 16:07:00,SRGA
1.095,1.1,1.09,1.09,12611,2021-07-15 16:08:00,SRGA
1.0999,1.1,1.09,1.098,5407,2021-07-15 16:09:00,SRGA
1.093,1.1,1.093,1.1,779,2021-07-15 16:10:00,SRGA
1.09,1.1,1.09,1.09,16995,2021-07-15 16:11:00,SRGA
1.09,1.105,1.09,1.105,71774,2021-07-15 16:12:00,SRGA
1.105,1.12,1.1017,1.1119,85664,2021-07-15 16:13:00,SRGA
1.1101,1.115,1.1101,1.115,5524,2021-07-15 16:14:00,SRGA
1.1199,1.1199,1.111,1.111,10835,2021-07-15 16:15:00,SRGA
1.12,1.12,1.11,1.11,1100,2021-07-15 16:16:00,SRGA
1.1189,1.12,1.1189,1.12,10300,2021-07-15 16:18:00,SRGA
1.12,1.12,1.1126,1.12,788,2021-07-15 16:19:00,SRGA
1.11,1.115,1.11,1.11,1100,2021-07-15 16:20:00,SRGA
1.115,1.115,1.1,1.105,45205,2021-07-15 16:21:00,SRGA
1.105,1.11,1.1,1.1,13774,2021-07-15 16:22:00,SRGA
1.1,1.1,1.1,1.1,6700,2021-07-15 16:23:00,SRGA
1.1,1.105,1.1,1.1,9000,2021-07-15 16:24:00,SRGA
1.1,1.105,1.1,1.1,13500,2021-07-15 16:25:00,SRGA
1.1,1.102,1.1,1.1,4766,2021-07-15 16:26:00,SRGA
1.1,1.11,1.1,1.1029,1179,2021-07-15 16:27:00,SRGA
1.1,1.105,1.1,1.1,1000,2021-07-15 16:28:00,SRGA
1.1,1.1,1.1,1.1,800,2021-07-15 16:29:00,SRGA
1.1,1.1086,1.1,1.1,5225,2021-07-15 16:30:00,SRGA
1.1,1.1,1.1,1.1,800,2021-07-15 16:31:00,SRGA
1.1,1.1027,1.1,1.1,927,2021-07-15 16:32:00,SRGA
1.1,1.105,1.1,1.1,2000,2021-07-15 16:33:00,SRGA
1.1,1.105,1.1,1.1,2500,2021-07-15 16:34:00,SRGA
1.1,1.1099,1.1,1.1,1600,2021-07-15 16:35:00,SRGA
1.1,1.11,1.1,1.105,1100,2021-07-15 16:36:00,SRGA
1.105,1.105,1.1,1.1,700,2021-07-15 16:37:00,SRGA
1.1,1.1,1.1,1.1,400,2021-07-15 16:38:00,SRGA
1.1,1.1,1.1,1.1,400,2021-07-15 16:39:00,SRGA
1.1,1.1,1.1,1.1,300,2021-07-15 16:40:00,SRGA
1.1,1.1,1.1,1.1,1200,2021-07-15 16:41:00,SRGA
1.1,1.1073,1.1,1.105,1100,2021-07-15 16:42:00,SRGA
1.1,1.105,1.1,1.105,300,2021-07-15 16:43:00,SRGA
1.105,1.105,1.105,1.105,100,2021-07-15 16:44:00,SRGA
1.105,1.105,1.105,1.105,200,2021-07-15 16:45:00,SRGA
1.1,1.11,1.1,1.11,4600,2021-07-15 16:46:00,SRGA
1.1,1.1,1.1,1.1,100,2021-07-15 16:47:00,SRGA
1.1,1.105,1.1,1.1,1200,2021-07-15 16:48:00,SRGA
1.1037,1.1037,1.1037,1.1037,3636,2021-07-15 16:49:00,SRGA
1.1,1.1,1.1,1.1,600,2021-07-15 16:50:00,SRGA
1.105,1.105,1.1,1.1,282,2021-07-15 16:51:00,SRGA
1.1,1.1,1.1,1.1,12500,2021-07-15 16:52:00,SRGA
1.1,1.1073,1.1,1.1073,3636,2021-07-15 16:53:00,SRGA
1.1,1.1,1.1,1.1,170,2021-07-15 16:54:00,SRGA
1.1,1.1099,1.1,1.1,5648,2021-07-15 16:56:00,SRGA
1.1099,1.11,1.1,1.1,4100,2021-07-15 16:57:00,SRGA
1.105,1.11,1.1,1.1,11092,2021-07-15 16:58:00,SRGA
1.1,1.1,1.1,1.1,4800,2021-07-15 16:59:00,SRGA
1.1,1.1,1.1,1.1,100,2021-07-15 17:00:00,SRGA
1.1099,1.1099,1.1,1.1,300,2021-07-15 17:01:00,SRGA
1.1,1.1,1.1,1.1,100,2021-07-15 17:02:00,SRGA
1.1,1.1,1.1,1.1,100,2021-07-15 17:03:00,SRGA
1.1,1.1,1.1,1.1,100,2021-07-15 17:04:00,SRGA
1.1,1.1,1.1,1.1,200,2021-07-15 17:05:00,SRGA
1.1,1.1,1.1,1.1,200,2021-07-15 17:06:00,SRGA
1.1,1.105,1.1,1.105,25758,2021-07-15 17:07:00,SRGA
1.1,1.1,1.09,1.095,14700,2021-07-15 17:08:00,SRGA
1.1,1.1,1.09,1.0999,10582,2021-07-15 17:09:00,SRGA
1.09,1.0969,1.09,1.09,3703,2021-07-15 17:11:00,SRGA
1.095,1.1,1.095,1.095,20300,2021-07-15 17:13:00,SRGA
1.095,1.095,1.09,1.09,300,2021-07-15 17:14:00,SRGA
1.09,1.09,1.09,1.09,400,2021-07-15 17:15:00,SRGA
1.09,1.0929,1.09,1.0929,6003,2021-07-15 17:16:00,SRGA
1.09,1.1,1.09,1.09,10890,2021-07-15 17:17:00,SRGA
1.09,1.0971,1.09,1.095,400,2021-07-15 17:18:00,SRGA
1.095,1.1,1.095,1.095,18250,2021-07-15 17:19:00,SRGA
1.095,1.095,1.0938,1.0938,2800,2021-07-15 17:20:00,SRGA
1.095,1.095,1.095,1.095,275,2021-07-15 17:21:00,SRGA
1.09,1.1,1.09,1.09,13409,2021-07-15 17:22:00,SRGA
1.0972,1.1,1.09,1.1,7000,2021-07-15 17:23:00,SRGA
1.1,1.1018,1.095,1.1,41526,2021-07-15 17:24:00,SRGA
1.101,1.1022,1.09,1.095,28263,2021-07-15 17:25:00,SRGA
1.0972,1.1,1.095,1.095,3681,2021-07-15 17:26:00,SRGA
1.095,1.095,1.0901,1.0901,2109,2021-07-15 17:28:00,SRGA
1.09,1.1,1.09,1.1,12940,2021-07-15 17:30:00,SRGA
1.09,1.095,1.09,1.0925,43686,2021-07-15 17:31:00,SRGA
1.095,1.095,1.095,1.095,200,2021-07-15 17:32:00,SRGA
1.0934,1.1,1.0934,1.0971,7440,2021-07-15 17:33:00,SRGA
1.095,1.097,1.095,1.097,1743,2021-07-15 17:34:00,SRGA
1.095,1.095,1.095,1.095,2680,2021-07-15 17:35:00,SRGA
1.0999,1.0999,1.09,1.095,12100,2021-07-15 17:36:00,SRGA
1.09,1.09,1.09,1.09,500,2021-07-15 17:38:00,SRGA
1.1,1.1,1.1,1.1,647,2021-07-15 17:39:00,SRGA
1.095,1.095,1.095,1.095,423,2021-07-15 17:40:00,SRGA
1.0966,1.0966,1.0966,1.0966,200,2021-07-15 17:41:00,SRGA
1.1,1.1,1.095,1.0973,2900,2021-07-15 17:42:00,SRGA
1.095,1.0971,1.095,1.0971,1500,2021-07-15 17:44:00,SRGA
1.09,1.09,1.09,1.09,100,2021-07-15 17:45:00,SRGA
1.09,1.09,1.09,1.09,400,2021-07-15 17:46:00,SRGA
1.0973,1.1,1.09,1.09,6900,2021-07-15 17:47:00,SRGA
1.09,1.09,1.09,1.09,400,2021-07-15 17:48:00,SRGA
1.09,1.0936,1.09,1.09,813,2021-07-15 17:49:00,SRGA
1.09,1.0964,1.09,1.09,1338,2021-07-15 17:50:00,SRGA
1.09,1.095,1.09,1.09,500,2021-07-15 17:51:00,SRGA
1.09,1.095,1.09,1.095,400,2021-07-15 17:52:00,SRGA
1.09,1.09,1.09,1.09,200,2021-07-15 17:53:00,SRGA
1.09,1.0962,1.08,1.08,64824,2021-07-15 17:54:00,SRGA
1.0825,1.0825,1.08,1.08,2900,2021-07-15 17:55:00,SRGA
1.09,1.09,1.08,1.0871,2803,2021-07-15 17:56:00,SRGA
1.085,1.085,1.085,1.085,100,2021-07-15 17:57:00,SRGA
1.085,1.0871,1.085,1.085,551,2021-07-15 17:58:00,SRGA
1.085,1.085,1.085,1.085,200,2021-07-15 17:59:00,SRGA
1.09,1.09,1.08,1.08,400,2021-07-15 18:00:00,SRGA
1.08,1.09,1.08,1.08,11093,2021-07-15 18:01:00,SRGA
1.085,1.09,1.08,1.08,4247,2021-07-15 18:02:00,SRGA
1.0868,1.0868,1.0868,1.0868,101,2021-07-15 18:03:00,SRGA
1.08,1.0899,1.08,1.085,2500,2021-07-15 18:04:00,SRGA
1.08,1.085,1.08,1.085,6087,2021-07-15 18:05:00,SRGA
1.08,1.0899,1.08,1.0899,900,2021-07-15 18:06:00,SRGA
1.08,1.08,1.08,1.08,300,2021-07-15 18:07:00,SRGA
1.08,1.0884,1.08,1.08,5640,2021-07-15 18:08:00,SRGA
1.08,1.085,1.08,1.08,900,2021-07-15 18:09:00,SRGA
1.08,1.085,1.08,1.085,5300,2021-07-15 18:10:00,SRGA
1.08,1.0801,1.08,1.08,6025,2021-07-15 18:11:00,SRGA
1.08,1.0899,1.08,1.0899,300,2021-07-15 18:12:00,SRGA
1.08,1.0893,1.08,1.0893,800,2021-07-15 18:13:00,SRGA
1.08,1.09,1.08,1.0876,7300,2021-07-15 18:14:00,SRGA
1.08,1.08,1.08,1.08,5200,2021-07-15 18:15:00,SRGA
1.08,1.08,1.08,1.08,200,2021-07-15 18:16:00,SRGA
1.08,1.0892,1.08,1.08,25300,2021-07-15 18:17:00,SRGA
1.08,1.0832,1.08,1.08,1998,2021-07-15 18:18:00,SRGA
1.08,1.0875,1.08,1.0875,700,2021-07-15 18:19:00,SRGA
1.08,1.0899,1.08,1.085,21763,2021-07-15 18:20:00,SRGA
1.08,1.085,1.08,1.08,5300,2021-07-15 18:21:00,SRGA
1.08,1.0899,1.08,1.0869,1400,2021-07-15 18:22:00,SRGA
1.08,1.08,1.08,1.08,300,2021-07-15 18:23:00,SRGA
1.085,1.09,1.08,1.085,19288,2021-07-15 18:24:00,SRGA
1.0891,1.09,1.08,1.0861,44417,2021-07-15 18:25:00,SRGA
1.08,1.08,1.08,1.08,5000,2021-07-15 18:26:00,SRGA
1.09,1.09,1.085,1.085,900,2021-07-15 18:27:00,SRGA
1.0873,1.0873,1.08,1.08,500,2021-07-15 18:28:00,SRGA
1.08,1.09,1.08,1.08,13950,2021-07-15 18:29:00,SRGA
1.085,1.0851,1.0801,1.085,2200,2021-07-15 18:30:00,SRGA
1.0881,1.0881,1.0881,1.0881,5000,2021-07-15 18:31:00,SRGA
1.085,1.085,1.085,1.085,100,2021-07-15 18:32:00,SRGA
1.085,1.0851,1.0827,1.0827,5900,2021-07-15 18:33:00,SRGA
1.09,1.09,1.08,1.08,1600,2021-07-15 18:34:00,SRGA
1.08,1.085,1.08,1.0835,22685,2021-07-15 18:35:00,SRGA
1.0835,1.0875,1.08,1.08,11236,2021-07-15 18:36:00,SRGA
1.08,1.09,1.08,1.08,30712,2021-07-15 18:37:00,SRGA
1.0826,1.09,1.08,1.09,13976,2021-07-15 18:38:00,SRGA
1.0834,1.0899,1.08,1.0835,22645,2021-07-15 18:39:00,SRGA
1.0835,1.09,1.08,1.08,23241,2021-07-15 18:40:00,SRGA
1.08,1.09,1.08,1.09,10900,2021-07-15 18:41:00,SRGA
1.085,1.09,1.08,1.08,500,2021-07-15 18:42:00,SRGA
1.08,1.09,1.08,1.08,7059,2021-07-15 18:43:00,SRGA
1.08,1.09,1.08,1.085,5018,2021-07-15 18:44:00,SRGA
1.08,1.09,1.08,1.0835,15100,2021-07-15 18:45:00,SRGA
1.082,1.09,1.08,1.0834,18051,2021-07-15 18:46:00,SRGA
1.0834,1.09,1.08,1.0829,10775,2021-07-15 18:47:00,SRGA
1.08,1.09,1.08,1.09,2700,2021-07-15 18:48:00,SRGA
1.08,1.09,1.08,1.0891,7400,2021-07-15 18:49:00,SRGA
1.08,1.09,1.08,1.09,44834,2021-07-15 18:50:00,SRGA
1.0891,1.09,1.08,1.09,12000,2021-07-15 18:51:00,SRGA
1.0869,1.09,1.0826,1.085,17712,2021-07-15 18:52:00,SRGA
1.0834,1.09,1.0834,1.085,11505,2021-07-15 18:53:00,SRGA
1.085,1.09,1.08,1.08,17765,2021-07-15 18:54:00,SRGA
1.08,1.085,1.08,1.085,29480,2021-07-15 18:55:00,SRGA
1.09,1.09,1.082,1.09,22707,2021-07-15 18:56:00,SRGA
1.08,1.09,1.08,1.09,20758,2021-07-15 18:57:00,SRGA
1.08,1.09,1.08,1.09,15797,2021-07-15 18:58:00,SRGA
1.09,1.1,1.0893,1.1,115670,2021-07-15 18:59:00,SRGA
1.1,1.1,1.09,1.0928,7276,2021-07-15 19:00:00,SRGA
1.093,1.095,1.09,1.09,12100,2021-07-15 19:01:00,SRGA
1.095,1.1,1.09,1.095,3853,2021-07-15 19:02:00,SRGA
1.095,1.1,1.0926,1.0926,6000,2021-07-15 19:03:00,SRGA
1.1,1.1,1.09,1.0933,3600,2021-07-15 19:04:00,SRGA
1.0933,1.095,1.0903,1.095,22370,2021-07-15 19:05:00,SRGA
1.095,1.095,1.0927,1.095,3486,2021-07-15 19:06:00,SRGA
1.095,1.0965,1.095,1.0965,2209,2021-07-15 19:07:00,SRGA
1.09,1.095,1.09,1.09,17351,2021-07-15 19:08:00,SRGA
1.095,1.0973,1.09,1.0973,9585,2021-07-15 19:09:00,SRGA
1.095,1.095,1.095,1.095,100,2021-07-15 19:10:00,SRGA
1.095,1.095,1.09,1.09,300,2021-07-15 19:11:00,SRGA
1.0971,1.0971,1.09,1.09,1475,2021-07-15 19:12:00,SRGA
1.09,1.0999,1.09,1.09,25126,2021-07-15 19:13:00,SRGA
1.09,1.095,1.09,1.09,6006,2021-07-15 19:14:00,SRGA
1.1,1.1,1.09,1.09,22490,2021-07-15 19:15:00,SRGA
1.09,1.095,1.09,1.09,13130,2021-07-15 19:16:00,SRGA
1.09,1.095,1.09,1.09,3409,2021-07-15 19:17:00,SRGA
1.09,1.095,1.09,1.09,5076,2021-07-15 19:18:00,SRGA
1.09,1.095,1.09,1.095,10900,2021-07-15 19:19:00,SRGA
1.09,1.1,1.09,1.1,13754,2021-07-15 19:20:00,SRGA
1.1,1.1,1.0928,1.0928,5508,2021-07-15 19:21:00,SRGA
1.1,1.1,1.09,1.09,5100,2021-07-15 19:22:00,SRGA
1.095,1.1,1.09,1.09,17986,2021-07-15 19:23:00,SRGA
1.09,1.1,1.09,1.095,7570,2021-07-15 19:24:00,SRGA
1.09,1.0978,1.09,1.0978,6685,2021-07-15 19:25:00,SRGA
1.095,1.095,1.095,1.095,100,2021-07-15 19:26:00,SRGA
1.0934,1.0974,1.0921,1.095,11250,2021-07-15 19:27:00,SRGA
1.0999,1.1,1.095,1.0999,635,2021-07-15 19:28:00,SRGA
1.095,1.1,1.0934,1.0934,9550,2021-07-15 19:30:00,SRGA
1.1,1.1,1.09,1.09,7050,2021-07-15 19:31:00,SRGA
1.095,1.1,1.09,1.095,31100,2021-07-15 19:32:00,SRGA
1.095,1.1,1.095,1.1,200,2021-07-15 19:33:00,SRGA
1.095,1.1,1.09,1.0927,18800,2021-07-15 19:34:00,SRGA
1.095,1.095,1.095,1.095,2700,2021-07-15 19:35:00,SRGA
1.095,1.1,1.093,1.095,17533,2021-07-15 19:36:00,SRGA
1.0929,1.095,1.09,1.09,19462,2021-07-15 19:37:00,SRGA
1.09,1.1,1.09,1.095,68616,2021-07-15 19:38:00,SRGA
1.095,1.1,1.09,1.09,33250,2021-07-15 19:39:00,SRGA
1.09,1.1,1.09,1.1,31777,2021-07-15 19:40:00,SRGA
1.1,1.1,1.09,1.0929,14515,2021-07-15 19:41:00,SRGA
1.0905,1.1,1.0901,1.095,5092,2021-07-15 19:42:00,SRGA
1.1,1.1,1.0929,1.0933,19800,2021-07-15 19:43:00,SRGA
1.0933,1.1,1.09,1.09,25388,2021-07-15 19:44:00,SRGA
1.09,1.1,1.09,1.0931,33527,2021-07-15 19:45:00,SRGA
1.0931,1.1,1.09,1.0901,25015,2021-07-15 19:46:00,SRGA
1.1,1.1,1.0926,1.095,19797,2021-07-15 19:47:00,SRGA
1.0933,1.1,1.0926,1.095,5800,2021-07-15 19:48:00,SRGA
1.095,1.1,1.0901,1.1,10373,2021-07-15 19:49:00,SRGA
1.1,1.1,1.09,1.1,60084,2021-07-15 19:50:00,SRGA
1.0929,1.1,1.0929,1.095,12532,2021-07-15 19:51:00,SRGA
1.1,1.1,1.0901,1.1,13997,2021-07-15 19:52:00,SRGA
1.095,1.1,1.095,1.0996,5564,2021-07-15 19:53:00,SRGA
1.1,1.1,1.09,1.1,12393,2021-07-15 19:54:00,SRGA
1.1,1.1,1.0901,1.095,13459,2021-07-15 19:55:00,SRGA
1.1,1.1,1.095,1.095,10200,2021-07-15 19:56:00,SRGA
1.1,1.1,1.09,1.09,12364,2021-07-15 19:57:00,SRGA
1.0999,1.1,1.0901,1.1,27100,2021-07-15 19:58:00,SRGA
1.1,1.1,1.095,1.095,11404,2021-07-15 19:59:00,SRGA
1.1,1.1,1.1,1.1,27899,2021-07-15 20:00:00,SRGA
1.09,1.09,1.09,1.09,788,2021-07-15 20:02:00,SRGA
1.1,1.1,1.1,1.1,3850,2021-07-15 20:04:00,SRGA
1.09,1.09,1.09,1.09,100,2021-07-15 20:05:00,SRGA
1.09,1.09,1.09,1.09,500,2021-07-15 20:06:00,SRGA
1.09,1.09,1.09,1.09,525,2021-07-15 20:20:00,SRGA
1.09,1.09,1.09,1.09,600,2021-07-15 20:26:00,SRGA
1.09,1.09,1.09,1.09,1000,2021-07-15 20:28:00,SRGA
1.09,1.09,1.09,1.09,5100,2021-07-15 20:34:00,SRGA
1.09,1.09,1.09,1.09,5500,2021-07-15 20:35:00,SRGA
1.09,1.09,1.09,1.09,700,2021-07-15 20:40:00,SRGA
1.09,1.09,1.09,1.09,800,2021-07-15 20:47:00,SRGA
1.1,1.1,1.1,1.1,2000,2021-07-15 20:52:00,SRGA
1.1,1.1,1.1,1.1,2000,2021-07-15 20:53:00,SRGA
1.1,1.1,1.1,1.1,300,2021-07-15 21:02:00,SRGA
1.12,1.12,1.12,1.12,700,2021-07-15 21:05:00,SRGA
1.11,1.11,1.11,1.11,100,2021-07-15 21:15:00,SRGA
1.09,1.09,1.09,1.09,300,2021-07-15 21:22:00,SRGA
1.11,1.11,1.11,1.11,1000,2021-07-15 21:26:00,SRGA
1.1,1.1,1.1,1.1,169,2021-07-15 21:34:00,SRGA
1.09,1.09,1.09,1.09,100,2021-07-15 22:29:00,SRGA
1.1,1.1,1.1,1.1,1000,2021-07-15 22:51:00,SRGA
1.1,1.1,1.1,1.1,969,2021-07-15 23:21:00,SRGA
1.11,1.11,1.11,1.11,1000,2021-07-16 10:36:00,SRGA
1.11,1.11,1.11,1.11,200,2021-07-16 11:27:00,SRGA
1.11,1.11,1.11,1.11,195,2021-07-16 11:31:00,SRGA
1.11,1.11,1.11,1.11,100,2021-07-16 11:36:00,SRGA
1.11,1.11,1.11,1.11,237,2021-07-16 11:47:00,SRGA
1.11,1.11,1.07,1.07,2076,2021-07-16 12:01:00,SRGA
1.11,1.11,1.11,1.11,1300,2021-07-16 12:58:00,SRGA
1.12,1.12,1.12,1.12,1335,2021-07-16 13:04:00,SRGA
1.13,1.13,1.13,1.13,300,2021-07-16 13:07:00,SRGA
1.13,1.13,1.13,1.13,1200,2021-07-16 13:14:00,SRGA
1.13,1.13,1.13,1.13,26000,2021-07-16 13:16:00,SRGA
1.11,1.11,1.11,1.11,1000,2021-07-16 13:22:00,SRGA
1.12,1.12,1.12,1.12,267,2021-07-16 13:25:00,SRGA
1.11,1.13,1.11,1.13,42853,2021-07-16 13:30:00,SRGA
1.1201,1.125,1.11,1.11,23020,2021-07-16 13:31:00,SRGA
1.115,1.119,1.115,1.115,2200,2021-07-16 13:32:00,SRGA
1.11,1.112,1.11,1.112,11586,2021-07-16 13:33:00,SRGA
1.1175,1.1199,1.115,1.115,6350,2021-07-16 13:34:00,SRGA
1.1175,1.1175,1.11,1.11,1202,2021-07-16 13:35:00,SRGA
1.1118,1.1161,1.11,1.1161,2874,2021-07-16 13:36:00,SRGA
1.1149,1.1149,1.1149,1.1149,100,2021-07-16 13:37:00,SRGA
1.115,1.115,1.11,1.11,1401,2021-07-16 13:38:00,SRGA
1.1199,1.1199,1.1,1.1,15417,2021-07-16 13:39:00,SRGA
1.1,1.1,1.1,1.1,300,2021-07-16 13:40:00,SRGA
1.1,1.1,1.1,1.1,4100,2021-07-16 13:41:00,SRGA
1.1013,1.1077,1.1,1.1,4865,2021-07-16 13:42:00,SRGA
1.1,1.1,1.09,1.095,44034,2021-07-16 13:44:00,SRGA
1.095,1.1,1.095,1.095,2013,2021-07-16 13:45:00,SRGA
1.098,1.098,1.09,1.095,1200,2021-07-16 13:46:00,SRGA
1.09,1.095,1.09,1.095,1175,2021-07-16 13:47:00,SRGA
1.09,1.095,1.085,1.085,43607,2021-07-16 13:48:00,SRGA
1.0867,1.0889,1.08,1.08,11457,2021-07-16 13:49:00,SRGA
1.088,1.09,1.08,1.08,2000,2021-07-16 13:50:00,SRGA
1.08,1.08,1.08,1.08,400,2021-07-16 13:51:00,SRGA
1.0875,1.0899,1.0875,1.0899,5675,2021-07-16 13:52:00,SRGA
1.085,1.1,1.085,1.1,44951,2021-07-16 13:53:00,SRGA
1.1,1.1,1.09,1.09,31050,2021-07-16 13:54:00,SRGA
1.095,1.095,1.095,1.095,300,2021-07-16 13:55:00,SRGA
1.095,1.095,1.095,1.095,300,2021-07-16 13:56:00,SRGA
1.095,1.095,1.09,1.09,300,2021-07-16 13:57:00,SRGA
1.095,1.0999,1.095,1.095,1500,2021-07-16 13:58:00,SRGA
1.09,1.09,1.09,1.09,300,2021-07-16 13:59:00,SRGA
1.09,1.0922,1.09,1.09,5200,2021-07-16 14:00:00,SRGA
1.09,1.09,1.085,1.088,13736,2021-07-16 14:01:00,SRGA
1.085,1.085,1.085,1.085,200,2021-07-16 14:02:00,SRGA
1.085,1.0899,1.08,1.08,1900,2021-07-16 14:03:00,SRGA
1.08,1.08,1.08,1.08,200,2021-07-16 14:04:00,SRGA
1.08,1.085,1.08,1.08,4290,2021-07-16 14:05:00,SRGA
1.08,1.085,1.08,1.085,5863,2021-07-16 14:06:00,SRGA
1.0872,1.0872,1.085,1.085,900,2021-07-16 14:07:00,SRGA
1.085,1.085,1.08,1.08,2200,2021-07-16 14:08:00,SRGA
1.08,1.085,1.08,1.085,1498,2021-07-16 14:09:00,SRGA
1.08,1.085,1.08,1.08,400,2021-07-16 14:10:00,SRGA
1.085,1.0881,1.085,1.0851,4761,2021-07-16 14:11:00,SRGA
1.085,1.085,1.085,1.085,400,2021-07-16 14:12:00,SRGA
1.088,1.088,1.085,1.085,750,2021-07-16 14:13:00,SRGA
1.085,1.0899,1.085,1.085,300,2021-07-16 14:14:00,SRGA
1.0899,1.0899,1.08,1.085,11150,2021-07-16 14:15:00,SRGA
1.085,1.085,1.085,1.085,600,2021-07-16 14:16:00,SRGA
1.085,1.085,1.085,1.085,100,2021-07-16 14:17:00,SRGA
1.085,1.085,1.085,1.085,400,2021-07-16 14:18:00,SRGA
1.085,1.085,1.085,1.085,300,2021-07-16 14:19:00,SRGA
1.085,1.085,1.085,1.085,1650,2021-07-16 14:20:00,SRGA
1.085,1.0899,1.085,1.0899,500,2021-07-16 14:21:00,SRGA
1.085,1.09,1.085,1.085,1200,2021-07-16 14:22:00,SRGA
1.085,1.085,1.08,1.08,14600,2021-07-16 14:23:00,SRGA
1.08,1.09,1.08,1.085,1800,2021-07-16 14:24:00,SRGA
1.085,1.09,1.08,1.09,1300,2021-07-16 14:25:00,SRGA
1.085,1.085,1.085,1.085,452,2021-07-16 14:26:00,SRGA
1.085,1.085,1.085,1.085,400,2021-07-16 14:27:00,SRGA
1.085,1.085,1.085,1.085,100,2021-07-16 14:28:00,SRGA
1.085,1.085,1.0846,1.085,1100,2021-07-16 14:29:00,SRGA
1.085,1.085,1.085,1.085,300,2021-07-16 14:30:00,SRGA
1.085,1.0873,1.085,1.0873,400,2021-07-16 14:31:00,SRGA
1.085,1.085,1.085,1.085,200,2021-07-16 14:32:00,SRGA
1.085,1.09,1.0801,1.085,1993,2021-07-16 14:33:00,SRGA
1.085,1.085,1.085,1.085,100,2021-07-16 14:34:00,SRGA
1.085,1.0877,1.085,1.085,500,2021-07-16 14:35:00,SRGA
1.0835,1.0881,1.0829,1.085,4344,2021-07-16 14:36:00,SRGA
1.0899,1.0899,1.085,1.085,1300,2021-07-16 14:37:00,SRGA
1.085,1.085,1.085,1.085,200,2021-07-16 14:38:00,SRGA
1.085,1.09,1.085,1.09,400,2021-07-16 14:39:00,SRGA
1.09,1.09,1.085,1.085,500,2021-07-16 14:40:00,SRGA
1.0829,1.085,1.082,1.085,7015,2021-07-16 14:41:00,SRGA
1.085,1.0876,1.0834,1.085,1129,2021-07-16 14:42:00,SRGA
1.085,1.085,1.085,1.085,200,2021-07-16 14:43:00,SRGA
1.085,1.09,1.085,1.085,500,2021-07-16 14:44:00,SRGA
1.085,1.0888,1.085,1.0888,10399,2021-07-16 14:45:00,SRGA
1.085,1.085,1.085,1.085,1200,2021-07-16 14:46:00,SRGA
1.085,1.085,1.085,1.085,200,2021-07-16 14:47:00,SRGA
1.08,1.085,1.08,1.08,6006,2021-07-16 14:48:00,SRGA
1.085,1.085,1.08,1.085,500,2021-07-16 14:49:00,SRGA
1.085,1.0878,1.085,1.085,700,2021-07-16 14:50:00,SRGA
1.085,1.085,1.085,1.085,200,2021-07-16 14:51:00,SRGA
1.09,1.09,1.085,1.09,900,2021-07-16 14:52:00,SRGA
1.085,1.085,1.085,1.085,400,2021-07-16 14:53:00,SRGA
1.085,1.085,1.085,1.085,200,2021-07-16 14:54:00,SRGA
1.085,1.0855,1.085,1.085,700,2021-07-16 14:55:00,SRGA
1.085,1.09,1.085,1.085,7009,2021-07-16 14:56:00,SRGA
1.085,1.0899,1.085,1.085,3600,2021-07-16 14:57:00,SRGA
1.09,1.09,1.085,1.085,1100,2021-07-16 14:58:00,SRGA
1.0874,1.0899,1.085,1.085,3400,2021-07-16 14:59:00,SRGA
1.0874,1.0874,1.08,1.085,1692,2021-07-16 15:00:00,SRGA
1.0899,1.09,1.085,1.085,13300,2021-07-16 15:01:00,SRGA
1.085,1.09,1.085,1.0859,890,2021-07-16 15:02:00,SRGA
1.085,1.085,1.085,1.085,400,2021-07-16 15:03:00,SRGA
1.0832,1.09,1.0832,1.09,3000,2021-07-16 15:04:00,SRGA
1.085,1.09,1.085,1.085,2495,2021-07-16 15:05:00,SRGA
1.085,1.0885,1.085,1.085,3700,2021-07-16 15:06:00,SRGA
1.085,1.085,1.085,1.085,200,2021-07-16 15:07:00,SRGA
1.085,1.09,1.085,1.085,300,2021-07-16 15:08:00,SRGA
1.08,1.09,1.08,1.085,51000,2021-07-16 15:09:00,SRGA
1.0801,1.09,1.0801,1.085,3573,2021-07-16 15:10:00,SRGA
1.085,1.09,1.085,1.085,5400,2021-07-16 15:11:00,SRGA
1.0875,1.0875,1.085,1.085,250,2021-07-16 15:12:00,SRGA
1.085,1.085,1.085,1.085,100,2021-07-16 15:13:00,SRGA
1.085,1.09,1.085,1.09,9600,2021-07-16 15:14:00,SRGA
1.085,1.085,1.0801,1.0801,5000,2021-07-16 15:15:00,SRGA
1.085,1.09,1.0801,1.0801,5300,2021-07-16 15:16:00,SRGA
1.085,1.1,1.085,1.0975,18434,2021-07-16 15:17:00,SRGA
1.0999,1.1,1.095,1.095,8046,2021-07-16 15:18:00,SRGA
1.1,1.11,1.1,1.105,14216,2021-07-16 15:19:00,SRGA
1.105,1.11,1.105,1.11,1484,2021-07-16 15:20:00,SRGA
1.11,1.11,1.105,1.105,4399,2021-07-16 15:21:00,SRGA
1.11,1.12,1.105,1.11,9535,2021-07-16 15:22:00,SRGA
1.11,1.1143,1.11,1.11,2700,2021-07-16 15:23:00,SRGA
1.11,1.1174,1.11,1.1174,600,2021-07-16 15:24:00,SRGA
1.11,1.115,1.11,1.11,500,2021-07-16 15:25:00,SRGA
1.11,1.12,1.11,1.12,200,2021-07-16 15:26:00,SRGA
1.11,1.115,1.11,1.11,17886,2021-07-16 15:27:00,SRGA
1.11,1.11,1.1,1.105,14100,2021-07-16 15:28:00,SRGA
1.1035,1.1035,1.0928,1.095,13658,2021-07-16 15:29:00,SRGA
1.095,1.1,1.095,1.095,5000,2021-07-16 15:30:00,SRGA
1.095,1.095,1.095,1.095,900,2021-07-16 15:31:00,SRGA
1.095,1.098,1.095,1.095,1200,2021-07-16 15:32:00,SRGA
1.095,1.0971,1.095,1.0971,500,2021-07-16 15:33:00,SRGA
1.095,1.095,1.095,1.095,100,2021-07-16 15:34:00,SRGA
1.095,1.095,1.095,1.095,600,2021-07-16 15:35:00,SRGA
1.095,1.095,1.095,1.095,100,2021-07-16 15:36:00,SRGA
1.095,1.095,1.095,1.095,600,2021-07-16 15:37:00,SRGA
1.095,1.1,1.095,1.095,300,2021-07-16 15:38:00,SRGA
1.095,1.1,1.095,1.1,1200,2021-07-16 15:39:00,SRGA
1.0959,1.1,1.095,1.095,5500,2021-07-16 15:40:00,SRGA
1.095,1.1,1.095,1.1,500,2021-07-16 15:41:00,SRGA
1.1,1.11,1.1,1.105,22481,2021-07-16 15:42:00,SRGA
1.1081,1.1081,1.105,1.105,1200,2021-07-16 15:44:00,SRGA
1.1099,1.1099,1.1099,1.1099,400,2021-07-16 15:45:00,SRGA
1.105,1.105,1.105,1.105,1700,2021-07-16 15:46:00,SRGA
1.1082,1.1082,1.105,1.105,4800,2021-07-16 15:47:00,SRGA
1.105,1.105,1.105,1.105,1901,2021-07-16 15:48:00,SRGA
1.105,1.11,1.105,1.105,2749,2021-07-16 15:49:00,SRGA
1.105,1.105,1.105,1.105,400,2021-07-16 15:50:00,SRGA
1.1,1.105,1.1,1.105,293,2021-07-16 15:51:00,SRGA
1.1,1.105,1.1,1.105,1000,2021-07-16 15:52:00,SRGA
1.1,1.1,1.1,1.1,200,2021-07-16 15:53:00,SRGA
1.106,1.106,1.1,1.1,6600,2021-07-16 15:54:00,SRGA
1.1,1.1019,1.1,1.1019,400,2021-07-16 15:55:00,SRGA
1.1019,1.1083,1.1,1.1,7100,2021-07-16 15:56:00,SRGA
1.1017,1.105,1.1,1.1,4650,2021-07-16 15:57:00,SRGA
1.1,1.1,1.1,1.1,300,2021-07-16 15:59:00,SRGA
1.105,1.105,1.1,1.1,700,2021-07-16 16:00:00,SRGA
1.1,1.1,1.1,1.1,100,2021-07-16 16:01:00,SRGA
1.105,1.11,1.1,1.11,3200,2021-07-16 16:02:00,SRGA
1.1,1.1,1.1,1.1,600,2021-07-16 16:03:00,SRGA
1.1,1.1,1.1,1.1,100,2021-07-16 16:04:00,SRGA
1.1,1.1014,1.1,1.1,498,2021-07-16 16:05:00,SRGA
1.1,1.1099,1.1,1.105,1000,2021-07-16 16:06:00,SRGA
1.1022,1.11,1.1016,1.1016,4651,2021-07-16 16:07:00,SRGA
1.104,1.1077,1.1,1.1,1050,2021-07-16 16:08:00,SRGA
1.11,1.11,1.11,1.11,550,2021-07-16 16:09:00,SRGA
1.1,1.1,1.1,1.1,300,2021-07-16 16:10:00,SRGA
1.1,1.1,1.1,1.1,300,2021-07-16 16:11:00,SRGA
1.1,1.1,1.1,1.1,200,2021-07-16 16:12:00,SRGA
1.1,1.1,1.1,1.1,100,2021-07-16 16:13:00,SRGA
1.1,1.1,1.1,1.1,4158,2021-07-16 16:14:00,SRGA
1.105,1.105,1.1,1.1,500,2021-07-16 16:15:00,SRGA
1.1,1.1,1.1,1.1,100,2021-07-16 16:16:00,SRGA
1.1,1.1022,1.1,1.1,2200,2021-07-16 16:17:00,SRGA
1.1,1.1015,1.1,1.1,5200,2021-07-16 16:18:00,SRGA
1.1,1.1,1.1,1.1,200,2021-07-16 16:19:00,SRGA
1.1,1.1008,1.1,1.1008,4890,2021-07-16 16:20:00,SRGA
1.1,1.1,1.1,1.1,300,2021-07-16 16:22:00,SRGA
1.105,1.105,1.105,1.105,100,2021-07-16 16:23:00,SRGA
1.1024,1.1024,1.1,1.1,1700,2021-07-16 16:24:00,SRGA
1.1,1.1,1.1,1.1,200,2021-07-16 16:25:00,SRGA
1.1,1.1,1.1,1.1,400,2021-07-16 16:26:00,SRGA
1.105,1.105,1.1,1.1,200,2021-07-16 16:27:00,SRGA
1.1099,1.1099,1.1,1.1,1081,2021-07-16 16:28:00,SRGA
1.105,1.105,1.1,1.1,1181,2021-07-16 16:30:00,SRGA
1.1,1.1,1.1,1.1,700,2021-07-16 16:31:00,SRGA
1.101,1.101,1.101,1.101,100,2021-07-16 16:32:00,SRGA
1.1,1.11,1.1,1.105,3000,2021-07-16 16:34:00,SRGA
1.1001,1.1001,1.1001,1.1001,2000,2021-07-16 16:35:00,SRGA
1.1023,1.1023,1.101,1.1023,4600,2021-07-16 16:37:00,SRGA
1.1,1.1,1.1,1.1,300,2021-07-16 16:38:00,SRGA
1.1,1.1078,1.1,1.1078,225,2021-07-16 16:39:00,SRGA
1.11,1.11,1.11,1.11,100,2021-07-16 16:40:00,SRGA
1.1,1.105,1.1,1.105,400,2021-07-16 16:42:00,SRGA
1.1,1.11,1.1,1.1,400,2021-07-16 16:44:00,SRGA
1.11,1.11,1.1,1.1,600,2021-07-16 16:45:00,SRGA
1.1076,1.1076,1.1,1.1,1004,2021-07-16 16:46:00,SRGA
1.1,1.1,1.1,1.1,500,2021-07-16 16:47:00,SRGA
1.1001,1.105,1.1001,1.105,6318,2021-07-16 16:48:00,SRGA
1.1,1.1,1.1,1.1,1100,2021-07-16 16:49:00,SRGA
1.1,1.1,1.1,1.1,300,2021-07-16 16:51:00,SRGA
1.102,1.102,1.102,1.102,100,2021-07-16 16:52:00,SRGA
1.1,1.1,1.1,1.1,100,2021-07-16 16:53:00,SRGA
1.1083,1.1083,1.1083,1.1083,4525,2021-07-16 16:55:00,SRGA
1.1,1.105,1.1,1.1016,400,2021-07-16 16:56:00,SRGA
1.105,1.105,1.105,1.105,5600,2021-07-16 16:57:00,SRGA
1.1,1.1,1.1,1.1,100,2021-07-16 16:58:00,SRGA
1.1,1.105,1.1,1.105,1000,2021-07-16 16:59:00,SRGA
1.1,1.1031,1.1,1.1031,1666,2021-07-16 17:00:00,SRGA
1.1,1.1,1.1,1.1,400,2021-07-16 17:02:00,SRGA
1.1,1.1,1.1,1.1,900,2021-07-16 17:03:00,SRGA
1.105,1.11,1.105,1.105,49940,2021-07-16 17:04:00,SRGA
1.11,1.12,1.11,1.115,21796,2021-07-16 17:05:00,SRGA
1.115,1.115,1.115,1.115,200,2021-07-16 17:08:00,SRGA
1.115,1.115,1.115,1.115,100,2021-07-16 17:09:00,SRGA
1.115,1.115,1.11,1.11,478,2021-07-16 17:10:00,SRGA
1.115,1.115,1.115,1.115,100,2021-07-16 17:14:00,SRGA
1.11,1.11,1.11,1.11,400,2021-07-16 17:15:00,SRGA
1.11,1.11,1.11,1.11,1000,2021-07-16 17:16:00,SRGA
1.11,1.11,1.11,1.11,300,2021-07-16 17:17:00,SRGA
1.11,1.11,1.11,1.11,600,2021-07-16 17:18:00,SRGA
1.11,1.115,1.11,1.115,19713,2021-07-16 17:19:00,SRGA
1.115,1.115,1.11,1.11,1300,2021-07-16 17:20:00,SRGA
1.11,1.1173,1.11,1.11,740,2021-07-16 17:21:00,SRGA
1.11,1.11,1.11,1.11,905,2021-07-16 17:22:00,SRGA
1.11,1.1118,1.11,1.1118,200,2021-07-16 17:23:00,SRGA
1.11,1.11,1.11,1.11,300,2021-07-16 17:24:00,SRGA
1.115,1.115,1.115,1.115,600,2021-07-16 17:25:00,SRGA
1.12,1.12,1.11,1.12,1600,2021-07-16 17:26:00,SRGA
1.115,1.115,1.11,1.112,700,2021-07-16 17:27:00,SRGA
1.11,1.11,1.11,1.11,2995,2021-07-16 17:28:00,SRGA
1.115,1.115,1.11,1.11,200,2021-07-16 17:29:00,SRGA
1.11,1.115,1.11,1.115,6500,2021-07-16 17:30:00,SRGA
1.115,1.115,1.11,1.11,400,2021-07-16 17:31:00,SRGA
1.11,1.11,1.11,1.11,100,2021-07-16 17:32:00,SRGA
1.11,1.11,1.11,1.11,100,2021-07-16 17:34:00,SRGA
1.11,1.115,1.11,1.115,2113,2021-07-16 17:35:00,SRGA
1.1106,1.115,1.1106,1.115,895,2021-07-16 17:36:00,SRGA
1.12,1.12,1.11,1.11,9464,2021-07-16 17:37:00,SRGA
1.11,1.11,1.11,1.11,100,2021-07-16 17:38:00,SRGA
1.11,1.1176,1.11,1.115,3400,2021-07-16 17:39:00,SRGA
1.11,1.11,1.11,1.11,200,2021-07-16 17:40:00,SRGA
1.11,1.11,1.11,1.11,100,2021-07-16 17:41:00,SRGA
1.118,1.118,1.11,1.11,600,2021-07-16 17:42:00,SRGA
1.11,1.115,1.11,1.115,200,2021-07-16 17:43:00,SRGA
1.11,1.11,1.11,1.11,100,2021-07-16 17:44:00,SRGA
1.11,1.11,1.11,1.11,500,2021-07-16 17:45:00,SRGA
1.11,1.115,1.11,1.115,500,2021-07-16 17:46:00,SRGA
1.11,1.11,1.11,1.11,100,2021-07-16 17:47:00,SRGA
1.11,1.1101,1.11,1.11,8845,2021-07-16 17:49:00,SRGA
1.105,1.105,1.1029,1.1029,800,2021-07-16 17:50:00,SRGA
1.105,1.105,1.1,1.105,400,2021-07-16 17:51:00,SRGA
1.105,1.105,1.1001,1.1001,1376,2021-07-16 17:52:00,SRGA
1.1024,1.1024,1.1024,1.1024,3000,2021-07-16 17:53:00,SRGA
1.1,1.1028,1.1,1.1028,900,2021-07-16 17:54:00,SRGA
1.105,1.105,1.105,1.105,200,2021-07-16 17:55:00,SRGA
1.105,1.105,1.105,1.105,1200,2021-07-16 17:56:00,SRGA
1.105,1.105,1.105,1.105,200,2021-07-16 17:57:00,SRGA
1.105,1.105,1.105,1.105,200,2021-07-16 17:58:00,SRGA
1.105,1.105,1.1,1.1,300,2021-07-16 17:59:00,SRGA
1.1,1.1,1.1,1.1,290,2021-07-16 18:01:00,SRGA
1.1,1.1,1.1,1.1,100,2021-07-16 18:02:00,SRGA
1.105,1.105,1.105,1.105,1100,2021-07-16 18:03:00,SRGA
1.105,1.105,1.09,1.09,62904,2021-07-16 18:04:00,SRGA
1.095,1.095,1.095,1.095,100,2021-07-16 18:05:00,SRGA
1.095,1.095,1.095,1.095,100,2021-07-16 18:06:00,SRGA
1.095,1.1,1.09,1.1,2900,2021-07-16 18:07:00,SRGA
1.0936,1.0936,1.0936,1.0936,137,2021-07-16 18:08:00,SRGA
1.0999,1.0999,1.0921,1.0921,3000,2021-07-16 18:09:00,SRGA
1.09,1.09,1.09,1.09,300,2021-07-16 18:10:00,SRGA
1.1,1.1,1.09,1.09,1500,2021-07-16 18:11:00,SRGA
1.09,1.0922,1.09,1.09,973,2021-07-16 18:12:00,SRGA
1.09,1.0949,1.09,1.09,1300,2021-07-16 18:13:00,SRGA
1.09,1.0977,1.09,1.09,1240,2021-07-16 18:14:00,SRGA
1.09,1.09,1.09,1.09,400,2021-07-16 18:15:00,SRGA
1.09,1.09,1.09,1.09,100,2021-07-16 18:16:00,SRGA
1.0919,1.0919,1.09,1.09,1596,2021-07-16 18:17:00,SRGA
1.09,1.09,1.09,1.09,100,2021-07-16 18:18:00,SRGA
1.09,1.09,1.09,1.09,100,2021-07-16 18:20:00,SRGA
1.09,1.1,1.09,1.09,500,2021-07-16 18:21:00,SRGA
1.09,1.09,1.09,1.09,400,2021-07-16 18:22:00,SRGA
1.09,1.09,1.09,1.09,400,2021-07-16 18:23:00,SRGA
1.09,1.09,1.09,1.09,483,2021-07-16 18:24:00,SRGA
1.09,1.09,1.09,1.09,700,2021-07-16 18:25:00,SRGA
1.09,1.09,1.09,1.09,200,2021-07-16 18:26:00,SRGA
1.09,1.095,1.09,1.095,3800,2021-07-16 18:27:00,SRGA
1.09,1.09,1.09,1.09,1260,2021-07-16 18:28:00,SRGA
1.09,1.09,1.09,1.09,100,2021-07-16 18:29:00,SRGA
1.09,1.09,1.09,1.09,13104,2021-07-16 18:30:00,SRGA
1.09,1.1,1.09,1.09,15700,2021-07-16 18:31:00,SRGA
1.09,1.09,1.09,1.09,100,2021-07-16 18:32:00,SRGA
1.0927,1.0927,1.09,1.09,301,2021-07-16 18:33:00,SRGA
1.09,1.1,1.09,1.1,658,2021-07-16 18:34:00,SRGA
1.1,1.1,1.09,1.09,1300,2021-07-16 18:35:00,SRGA
1.09,1.09,1.09,1.09,100,2021-07-16 18:36:00,SRGA
1.09,1.09,1.09,1.09,300,2021-07-16 18:37:00,SRGA
1.09,1.09,1.09,1.09,200,2021-07-16 18:38:00,SRGA
1.1,1.1,1.09,1.09,300,2021-07-16 18:39:00,SRGA
1.09,1.09,1.09,1.09,400,2021-07-16 18:40:00,SRGA
1.09,1.09,1.09,1.09,1000,2021-07-16 18:41:00,SRGA
1.09,1.09,1.09,1.09,200,2021-07-16 18:42:00,SRGA
1.09,1.09,1.09,1.09,100,2021-07-16 18:43:00,SRGA
1.0965,1.0965,1.09,1.095,1260,2021-07-16 18:44:00,SRGA
1.09,1.1,1.09,1.0964,800,2021-07-16 18:45:00,SRGA
1.095,1.1,1.095,1.0959,9600,2021-07-16 18:46:00,SRGA
1.09,1.1,1.09,1.09,9050,2021-07-16 18:47:00,SRGA
1.0923,1.0961,1.0923,1.0961,1209,2021-07-16 18:48:00,SRGA
1.09,1.09,1.09,1.09,400,2021-07-16 18:49:00,SRGA
1.09,1.0999,1.09,1.0999,2700,2021-07-16 18:50:00,SRGA
1.091,1.091,1.09,1.09,3600,2021-07-16 18:51:00,SRGA
1.09,1.091,1.09,1.09,400,2021-07-16 18:53:00,SRGA
1.09,1.09,1.09,1.09,100,2021-07-16 18:54:00,SRGA
1.095,1.095,1.09,1.09,1300,2021-07-16 18:55:00,SRGA
1.09,1.09,1.09,1.09,300,2021-07-16 18:56:00,SRGA
1.09,1.09,1.09,1.09,300,2021-07-16 18:57:00,SRGA
1.09,1.09,1.09,1.09,500,2021-07-16 18:58:00,SRGA
1.09,1.09,1.09,1.09,200,2021-07-16 18:59:00,SRGA
1.09,1.09,1.09,1.09,600,2021-07-16 19:00:00,SRGA
1.095,1.095,1.095,1.095,1000,2021-07-16 19:01:00,SRGA
1.09,1.095,1.09,1.095,1600,2021-07-16 19:02:00,SRGA
1.09,1.091,1.09,1.091,7750,2021-07-16 19:03:00,SRGA
1.09,1.095,1.09,1.09,14105,2021-07-16 19:04:00,SRGA
1.09,1.09,1.09,1.09,10165,2021-07-16 19:05:00,SRGA
1.09,1.09,1.09,1.09,400,2021-07-16 19:06:00,SRGA
1.09,1.095,1.09,1.0916,1400,2021-07-16 19:07:00,SRGA
1.0901,1.0901,1.09,1.09,1000,2021-07-16 19:08:00,SRGA
1.09,1.09,1.09,1.09,673,2021-07-16 19:09:00,SRGA
1.09,1.09,1.09,1.09,200,2021-07-16 19:10:00,SRGA
1.09,1.0969,1.09,1.091,700,2021-07-16 19:11:00,SRGA
1.099,1.099,1.099,1.099,12000,2021-07-16 19:12:00,SRGA
1.098,1.098,1.091,1.091,4700,2021-07-16 19:13:00,SRGA
1.0941,1.0941,1.0941,1.0941,134,2021-07-16 19:14:00,SRGA
1.0999,1.0999,1.09,1.095,4945,2021-07-16 19:15:00,SRGA
1.095,1.095,1.09,1.09,2600,2021-07-16 19:17:00,SRGA
1.0918,1.0918,1.09,1.09,1400,2021-07-16 19:18:00,SRGA
1.09,1.09,1.09,1.09,300,2021-07-16 19:19:00,SRGA
1.09,1.09,1.09,1.09,500,2021-07-16 19:20:00,SRGA
1.09,1.095,1.09,1.09,400,2021-07-16 19:21:00,SRGA
1.0949,1.0949,1.09,1.09,875,2021-07-16 19:22:00,SRGA
1.09,1.09,1.09,1.09,600,2021-07-16 19:23:00,SRGA
1.091,1.095,1.09,1.09,10820,2021-07-16 19:24:00,SRGA
1.1,1.1,1.1,1.1,100,2021-07-16 19:25:00,SRGA
1.095,1.095,1.095,1.095,100,2021-07-16 19:26:00,SRGA
1.09,1.09,1.09,1.09,200,2021-07-16 19:28:00,SRGA
1.09,1.09,1.09,1.09,200,2021-07-16 19:29:00,SRGA
1.0919,1.0919,1.09,1.09,600,2021-07-16 19:30:00,SRGA
1.0975,1.1,1.09,1.095,2868,2021-07-16 19:31:00,SRGA
1.09,1.09,1.09,1.09,100,2021-07-16 19:32:00,SRGA
1.0974,1.1,1.09,1.09,42828,2021-07-16 19:33:00,SRGA
1.1,1.1,1.095,1.095,8200,2021-07-16 19:34:00,SRGA
1.095,1.095,1.09,1.095,3800,2021-07-16 19:35:00,SRGA
1.09,1.095,1.09,1.09,8150,2021-07-16 19:36:00,SRGA
1.095,1.095,1.0948,1.095,2498,2021-07-16 19:37:00,SRGA
1.095,1.1,1.095,1.1,1300,2021-07-16 19:38:00,SRGA
1.0926,1.095,1.0924,1.0924,1650,2021-07-16 19:39:00,SRGA
1.0976,1.0976,1.095,1.095,450,2021-07-16 19:40:00,SRGA
1.095,1.095,1.095,1.095,700,2021-07-16 19:41:00,SRGA
1.095,1.1,1.09,1.095,12329,2021-07-16 19:42:00,SRGA
1.095,1.095,1.095,1.095,440,2021-07-16 19:43:00,SRGA
1.0975,1.0975,1.0975,1.0975,300,2021-07-16 19:44:00,SRGA
1.0964,1.1,1.095,1.0999,3700,2021-07-16 19:45:00,SRGA
1.09,1.095,1.09,1.095,12266,2021-07-16 19:46:00,SRGA
1.09,1.09,1.09,1.09,388,2021-07-16 19:47:00,SRGA
1.091,1.095,1.09,1.09,5033,2021-07-16 19:48:00,SRGA
1.0901,1.095,1.0901,1.095,21300,2021-07-16 19:49:00,SRGA
1.1,1.1,1.09,1.1,31283,2021-07-16 19:50:00,SRGA
1.0999,1.1,1.0901,1.095,21360,2021-07-16 19:51:00,SRGA
1.095,1.095,1.09,1.09,53923,2021-07-16 19:52:00,SRGA
1.09,1.09,1.09,1.09,550,2021-07-16 19:53:00,SRGA
1.0906,1.0906,1.085,1.09,22177,2021-07-16 19:54:00,SRGA
1.0845,1.0885,1.0845,1.085,9300,2021-07-16 19:55:00,SRGA
1.085,1.09,1.08,1.08,3300,2021-07-16 19:56:00,SRGA
1.08,1.09,1.08,1.08,17500,2021-07-16 19:57:00,SRGA
1.08,1.09,1.08,1.08,15284,2021-07-16 19:58:00,SRGA
1.08,1.09,1.08,1.08,54688,2021-07-16 19:59:00,SRGA
1.09,1.09,1.09,1.09,92132,2021-07-16 20:00:00,SRGA
1.09,1.09,1.09,1.09,5000,2021-07-16 20:01:00,SRGA
1.09,1.09,1.09,1.09,10000,2021-07-16 20:02:00,SRGA
1.08,1.08,1.08,1.08,925,2021-07-16 20:11:00,SRGA
1.11,1.11,1.11,1.11,300,2021-07-16 20:38:00,SRGA
1.11,1.11,1.11,1.11,300,2021-07-16 20:47:00,SRGA
1.11,1.11,1.11,1.11,200,2021-07-16 20:48:00,SRGA
1.11,1.11,1.11,1.11,420,2021-07-16 20:50:00,SRGA
1.11,1.11,1.11,1.11,1830,2021-07-16 20:51:00,SRGA
1.12,1.12,1.12,1.12,100,2021-07-16 20:53:00,SRGA
1.11,1.11,1.11,1.11,1250,2021-07-16 20:54:00,SRGA
1.13,1.13,1.13,1.13,108,2021-07-16 20:55:00,SRGA
1.15,1.15,1.13,1.15,4342,2021-07-16 20:56:00,SRGA
1.15,1.15,1.13,1.14,7258,2021-07-16 20:57:00,SRGA
1.11,1.11,1.11,1.11,288,2021-07-16 20:58:00,SRGA
1.14,1.14,1.14,1.14,100,2021-07-16 20:59:00,SRGA
1.13,1.13,1.13,1.13,2695,2021-07-16 21:03:00,SRGA
1.13,1.13,1.13,1.13,3036,2021-07-16 21:04:00,SRGA
1.13,1.13,1.13,1.13,1936,2021-07-16 21:05:00,SRGA
1.14,1.14,1.14,1.14,2682,2021-07-16 21:07:00,SRGA
1.14,1.14,1.14,1.14,4039,2021-07-16 21:09:00,SRGA
1.15,1.15,1.15,1.15,8149,2021-07-16 21:11:00,SRGA
1.15,1.15,1.14,1.15,4014,2021-07-16 21:12:00,SRGA
1.14,1.14,1.14,1.14,2000,2021-07-16 21:13:00,SRGA
1.15,1.15,1.15,1.15,100,2021-07-16 21:21:00,SRGA
1.15,1.15,1.15,1.15,768,2021-07-16 21:22:00,SRGA
1.15,1.15,1.15,1.15,1240,2021-07-16 21:24:00,SRGA
1.15,1.19,1.15,1.15,4300,2021-07-16 21:25:00,SRGA
1.17,1.17,1.15,1.15,4300,2021-07-16 21:27:00,SRGA
1.15,1.15,1.15,1.15,100,2021-07-16 21:28:00,SRGA
1.16,1.17,1.16,1.17,1809,2021-07-16 21:29:00,SRGA
1.17,1.18,1.17,1.18,1100,2021-07-16 21:30:00,SRGA
1.17,1.18,1.17,1.18,3000,2021-07-16 21:31:00,SRGA
1.17,1.17,1.17,1.17,2200,2021-07-16 21:32:00,SRGA
1.17,1.17,1.17,1.17,161,2021-07-16 21:33:00,SRGA
1.16,1.19,1.16,1.19,1200,2021-07-16 21:34:00,SRGA
1.17,1.17,1.17,1.17,838,2021-07-16 21:35:00,SRGA
1.16,1.16,1.16,1.16,100,2021-07-16 21:36:00,SRGA
1.16,1.16,1.16,1.16,985,2021-07-16 21:38:00,SRGA
1.17,1.17,1.16,1.16,4102,2021-07-16 21:39:00,SRGA
1.15,1.15,1.15,1.15,1000,2021-07-16 21:42:00,SRGA
1.16,1.16,1.16,1.16,200,2021-07-16 21:43:00,SRGA
1.15,1.15,1.15,1.15,1000,2021-07-16 21:46:00,SRGA
1.19,1.19,1.19,1.19,4962,2021-07-16 21:50:00,SRGA
1.18,1.18,1.18,1.18,1866,2021-07-16 21:53:00,SRGA
1.18,1.18,1.18,1.18,935,2021-07-16 21:55:00,SRGA
1.18,1.18,1.16,1.16,900,2021-07-16 21:56:00,SRGA
1.17,1.17,1.17,1.17,800,2021-07-16 21:57:00,SRGA
1.16,1.16,1.16,1.16,100,2021-07-16 21:58:00,SRGA
1.17,1.17,1.17,1.17,100,2021-07-16 21:59:00,SRGA
1.18,1.18,1.18,1.18,1597,2021-07-16 22:00:00,SRGA
1.16,1.16,1.16,1.16,9730,2021-07-16 22:02:00,SRGA
1.1699,1.1699,1.1699,1.1699,750,2021-07-16 22:03:00,SRGA
1.16,1.16,1.16,1.16,100,2021-07-16 22:05:00,SRGA
1.17,1.17,1.17,1.17,746,2021-07-16 22:06:00,SRGA
1.15,1.15,1.15,1.15,2000,2021-07-16 22:07:00,SRGA
1.17,1.17,1.17,1.17,1015,2021-07-16 22:08:00,SRGA
1.16,1.16,1.16,1.16,100,2021-07-16 22:10:00,SRGA
1.17,1.17,1.17,1.17,2921,2021-07-16 22:13:00,SRGA
1.17,1.17,1.17,1.17,2139,2021-07-16 22:14:00,SRGA
1.17,1.17,1.17,1.17,1109,2021-07-16 22:18:00,SRGA
1.17,1.17,1.17,1.17,797,2021-07-16 22:21:00,SRGA
1.17,1.17,1.17,1.17,2154,2021-07-16 22:23:00,SRGA
1.17,1.17,1.17,1.17,1683,2021-07-16 22:25:00,SRGA
1.17,1.17,1.17,1.17,394,2021-07-16 22:28:00,SRGA
1.17,1.17,1.17,1.17,1148,2021-07-16 22:30:00,SRGA
1.17,1.17,1.17,1.17,1867,2021-07-16 22:31:00,SRGA
1.17,1.17,1.17,1.17,2681,2021-07-16 22:36:00,SRGA
1.17,1.17,1.17,1.17,1100,2021-07-16 22:40:00,SRGA
1.17,1.17,1.17,1.17,823,2021-07-16 22:44:00,SRGA
1.14,1.14,1.14,1.14,400,2021-07-16 22:48:00,SRGA
1.14,1.14,1.14,1.14,387,2021-07-16 22:51:00,SRGA
1.16,1.16,1.16,1.16,5175,2021-07-16 22:58:00,SRGA
1.16,1.16,1.16,1.16,5192,2021-07-16 23:00:00,SRGA
1.17,1.17,1.17,1.17,2424,2021-07-16 23:13:00,SRGA
1.15,1.15,1.15,1.15,500,2021-07-16 23:22:00,SRGA
1.15,1.15,1.15,1.15,185,2021-07-16 23:24:00,SRGA
1.14,1.14,1.14,1.14,162,2021-07-16 23:25:00,SRGA
1.16,1.16,1.16,1.16,439,2021-07-16 23:28:00,SRGA
1.16,1.16,1.16,1.16,2100,2021-07-16 23:30:00,SRGA
1.16,1.16,1.16,1.16,200,2021-07-16 23:31:00,SRGA
1.16,1.16,1.16,1.16,275,2021-07-16 23:35:00,SRGA
1.17,1.17,1.17,1.17,250,2021-07-16 23:46:00,SRGA
1.16,1.16,1.16,1.16,2354,2021-07-16 23:57:00,SRGA
1.17,1.17,1.17,1.17,100,2021-07-19 08:00:00,SRGA
1.14,1.14,1.14,1.14,300,2021-07-19 08:15:00,SRGA
1.12,1.12,1.11,1.11,716,2021-07-19 08:26:00,SRGA
1.1,1.1,1.1,1.1,100,2021-07-19 08:32:00,SRGA
1.09,1.09,1.09,1.09,247,2021-07-19 08:42:00,SRGA
1.14,1.14,1.14,1.14,300,2021-07-19 11:00:00,SRGA
1.14,1.14,1.14,1.14,652,2021-07-19 11:13:00,SRGA
1.1,1.1,1.1,1.1,2348,2021-07-19 11:15:00,SRGA
1.11,1.11,1.11,1.11,100,2021-07-19 11:38:00,SRGA
1.1,1.1,1.1,1.1,425,2021-07-19 11:42:00,SRGA
1.11,1.11,1.1,1.1,2490,2021-07-19 11:49:00,SRGA
1.1,1.1,1.1,1.1,200,2021-07-19 11:51:00,SRGA
1.0901,1.0901,1.0901,1.0901,300,2021-07-19 12:12:00,SRGA
1.1,1.1,1.1,1.1,600,2021-07-19 12:29:00,SRGA
1.09,1.09,1.09,1.09,2391,2021-07-19 12:30:00,SRGA
1.09,1.09,1.09,1.09,600,2021-07-19 12:31:00,SRGA
1.09,1.09,1.09,1.09,4541,2021-07-19 12:36:00,SRGA
1.09,1.09,1.09,1.09,500,2021-07-19 12:37:00,SRGA
1.09,1.09,1.09,1.09,200,2021-07-19 12:38:00,SRGA
1.09,1.09,1.09,1.09,200,2021-07-19 12:41:00,SRGA
1.09,1.09,1.09,1.09,100,2021-07-19 12:44:00,SRGA
1.0901,1.0901,1.0901,1.0901,1376,2021-07-19 12:47:00,SRGA
1.1,1.1,1.09,1.09,825,2021-07-19 12:58:00,SRGA
1.09,1.09,1.09,1.09,1000,2021-07-19 12:59:00,SRGA
1.08,1.08,1.08,1.08,60491,2021-07-19 13:08:00,SRGA
1.09,1.09,1.09,1.09,100,2021-07-19 13:14:00,SRGA
1.08,1.08,1.08,1.08,2348,2021-07-19 13:17:00,SRGA
1.1,1.1,1.1,1.1,6900,2021-07-19 13:20:00,SRGA
1.1,1.1,1.1,1.1,6900,2021-07-19 13:21:00,SRGA
1.09,1.1,1.09,1.1,13900,2021-07-19 13:22:00,SRGA
1.0801,1.11,1.0801,1.1,10282,2021-07-19 13:25:00,SRGA
1.11,1.11,1.1,1.1,29830,2021-07-19 13:30:00,SRGA
1.1,1.105,1.085,1.09,30772,2021-07-19 13:31:00,SRGA
1.095,1.1,1.09,1.1,11502,2021-07-19 13:32:00,SRGA
1.095,1.1,1.095,1.095,2802,2021-07-19 13:33:00,SRGA
1.0929,1.11,1.0929,1.1,19072,2021-07-19 13:34:00,SRGA
1.095,1.1,1.09,1.0926,1700,2021-07-19 13:35:00,SRGA
1.1,1.11,1.1,1.105,7464,2021-07-19 13:36:00,SRGA
1.105,1.105,1.105,1.105,100,2021-07-19 13:37:00,SRGA
1.1073,1.11,1.1,1.1,29350,2021-07-19 13:38:00,SRGA
1.105,1.11,1.1048,1.11,7900,2021-07-19 13:39:00,SRGA
1.11,1.11,1.105,1.105,13148,2021-07-19 13:40:00,SRGA
1.105,1.11,1.1,1.11,9417,2021-07-19 13:41:00,SRGA
1.11,1.115,1.1001,1.11,8817,2021-07-19 13:42:00,SRGA
1.1075,1.115,1.1075,1.1099,16174,2021-07-19 13:43:00,SRGA
1.11,1.11,1.1,1.1,1200,2021-07-19 13:44:00,SRGA
1.11,1.11,1.11,1.11,1700,2021-07-19 13:45:00,SRGA
1.1001,1.11,1.1001,1.105,20165,2021-07-19 13:46:00,SRGA
1.11,1.11,1.108,1.11,4555,2021-07-19 13:47:00,SRGA
1.107,1.115,1.1,1.11,26425,2021-07-19 13:48:00,SRGA
1.115,1.12,1.105,1.11,16185,2021-07-19 13:49:00,SRGA
1.1096,1.11,1.1,1.1,8050,2021-07-19 13:50:00,SRGA
1.11,1.11,1.1049,1.11,3500,2021-07-19 13:51:00,SRGA
1.1099,1.11,1.1099,1.11,3900,2021-07-19 13:52:00,SRGA
1.11,1.11,1.105,1.11,7757,2021-07-19 13:53:00,SRGA
1.11,1.115,1.105,1.11,13844,2021-07-19 13:54:00,SRGA
1.1033,1.11,1.1,1.105,25917,2021-07-19 13:55:00,SRGA
1.1009,1.105,1.1009,1.105,2895,2021-07-19 13:56:00,SRGA
1.11,1.11,1.1,1.105,2295,2021-07-19 13:57:00,SRGA
1.1,1.105,1.1,1.1,11978,2021-07-19 13:58:00,SRGA
1.105,1.105,1.1,1.105,1719,2021-07-19 13:59:00,SRGA
1.1,1.1099,1.1,1.1001,16400,2021-07-19 14:00:00,SRGA
1.105,1.1067,1.1,1.105,1950,2021-07-19 14:01:00,SRGA
1.1,1.105,1.0923,1.095,43387,2021-07-19 14:02:00,SRGA
1.095,1.1,1.092,1.095,5977,2021-07-19 14:03:00,SRGA
1.095,1.095,1.09,1.095,1394,2021-07-19 14:04:00,SRGA
1.0985,1.0985,1.09,1.095,6297,2021-07-19 14:05:00,SRGA
1.0979,1.0979,1.09,1.0934,1429,2021-07-19 14:06:00,SRGA
1.09,1.095,1.09,1.095,4500,2021-07-19 14:07:00,SRGA
1.095,1.1,1.095,1.095,2400,2021-07-19 14:08:00,SRGA
1.095,1.095,1.095,1.095,700,2021-07-19 14:09:00,SRGA
1.095,1.095,1.095,1.095,2200,2021-07-19 14:10:00,SRGA
1.1,1.1,1.095,1.095,44982,2021-07-19 14:11:00,SRGA
1.1,1.11,1.1,1.105,8557,2021-07-19 14:12:00,SRGA
1.105,1.11,1.105,1.11,3525,2021-07-19 14:13:00,SRGA
1.105,1.105,1.1,1.1,12000,2021-07-19 14:14:00,SRGA
1.105,1.11,1.103,1.103,1590,2021-07-19 14:15:00,SRGA
1.1,1.105,1.1,1.105,2500,2021-07-19 14:16:00,SRGA
1.11,1.11,1.105,1.11,3527,2021-07-19 14:17:00,SRGA
1.105,1.11,1.105,1.11,3027,2021-07-19 14:18:00,SRGA
1.11,1.11,1.11,1.11,1300,2021-07-19 14:19:00,SRGA
1.1011,1.1011,1.1011,1.1011,3000,2021-07-19 14:20:00,SRGA
1.105,1.11,1.1046,1.11,3695,2021-07-19 14:21:00,SRGA
1.1027,1.11,1.1027,1.11,1985,2021-07-19 14:23:00,SRGA
1.1,1.11,1.1,1.11,36451,2021-07-19 14:25:00,SRGA
1.11,1.11,1.105,1.105,1683,2021-07-19 14:26:00,SRGA
1.105,1.115,1.105,1.11,10054,2021-07-19 14:27:00,SRGA
1.1114,1.115,1.1114,1.112,1900,2021-07-19 14:28:00,SRGA
1.1199,1.1199,1.115,1.115,300,2021-07-19 14:29:00,SRGA
1.115,1.12,1.115,1.12,3100,2021-07-19 14:30:00,SRGA
1.115,1.12,1.115,1.12,800,2021-07-19 14:31:00,SRGA
1.12,1.12,1.115,1.115,3974,2021-07-19 14:32:00,SRGA
1.12,1.12,1.12,1.12,783,2021-07-19 14:33:00,SRGA
1.115,1.115,1.1126,1.1126,909,2021-07-19 14:34:00,SRGA
1.115,1.115,1.115,1.115,400,2021-07-19 14:35:00,SRGA
1.1126,1.1126,1.1126,1.1126,140,2021-07-19 14:36:00,SRGA
1.1162,1.1162,1.1162,1.1162,189,2021-07-19 14:37:00,SRGA
1.1186,1.12,1.115,1.1152,3390,2021-07-19 14:38:00,SRGA
1.12,1.12,1.1184,1.1184,1100,2021-07-19 14:39:00,SRGA
1.1128,1.115,1.1128,1.115,1139,2021-07-19 14:40:00,SRGA
1.115,1.115,1.115,1.115,614,2021-07-19 14:41:00,SRGA
1.12,1.125,1.12,1.125,8461,2021-07-19 14:42:00,SRGA
1.12,1.125,1.12,1.12,4434,2021-07-19 14:43:00,SRGA
1.12,1.12,1.12,1.12,800,2021-07-19 14:44:00,SRGA
1.12,1.12,1.12,1.12,600,2021-07-19 14:45:00,SRGA
1.12,1.12,1.1199,1.1199,700,2021-07-19 14:46:00,SRGA
1.12,1.125,1.12,1.125,15352,2021-07-19 14:47:00,SRGA
1.125,1.13,1.125,1.13,1800,2021-07-19 14:48:00,SRGA
1.125,1.125,1.1201,1.1201,2750,2021-07-19 14:49:00,SRGA
1.12,1.125,1.11,1.115,27627,2021-07-19 14:50:00,SRGA
1.12,1.12,1.1199,1.12,6400,2021-07-19 14:51:00,SRGA
1.115,1.12,1.115,1.115,700,2021-07-19 14:52:00,SRGA
1.12,1.12,1.1114,1.12,6800,2021-07-19 14:53:00,SRGA
1.115,1.12,1.1121,1.1121,8600,2021-07-19 14:54:00,SRGA
1.12,1.12,1.115,1.12,4200,2021-07-19 14:55:00,SRGA
1.12,1.12,1.12,1.12,500,2021-07-19 14:56:00,SRGA
1.115,1.12,1.115,1.12,1100,2021-07-19 14:57:00,SRGA
1.12,1.12,1.12,1.12,300,2021-07-19 14:58:00,SRGA
1.12,1.12,1.12,1.12,900,2021-07-19 14:59:00,SRGA
1.12,1.12,1.1124,1.12,1300,2021-07-19 15:00:00,SRGA
1.115,1.12,1.115,1.12,1695,2021-07-19 15:01:00,SRGA
1.12,1.12,1.12,1.12,1585,2021-07-19 15:02:00,SRGA
1.12,1.13,1.12,1.128,6167,2021-07-19 15:03:00,SRGA
1.125,1.13,1.125,1.13,1400,2021-07-19 15:04:00,SRGA
1.125,1.13,1.12,1.125,4700,2021-07-19 15:05:00,SRGA
1.125,1.13,1.125,1.13,900,2021-07-19 15:06:00,SRGA
1.125,1.125,1.125,1.125,100,2021-07-19 15:07:00,SRGA
1.13,1.13,1.13,1.13,400,2021-07-19 15:08:00,SRGA
1.125,1.125,1.125,1.125,200,2021-07-19 15:09:00,SRGA
1.13,1.13,1.123,1.13,5675,2021-07-19 15:10:00,SRGA
1.125,1.13,1.125,1.125,1200,2021-07-19 15:11:00,SRGA
1.13,1.14,1.125,1.135,38273,2021-07-19 15:12:00,SRGA
1.135,1.135,1.135,1.135,941,2021-07-19 15:13:00,SRGA
1.135,1.14,1.135,1.14,11771,2021-07-19 15:14:00,SRGA
1.14,1.14,1.1313,1.1313,7704,2021-07-19 15:15:00,SRGA
1.135,1.14,1.135,1.135,404,2021-07-19 15:16:00,SRGA
1.14,1.14,1.135,1.14,56360,2021-07-19 15:17:00,SRGA
1.135,1.135,1.13,1.13,8500,2021-07-19 15:18:00,SRGA
1.132,1.135,1.12,1.125,51549,2021-07-19 15:19:00,SRGA
1.125,1.13,1.125,1.13,2265,2021-07-19 15:20:00,SRGA
1.125,1.13,1.1224,1.13,3047,2021-07-19 15:21:00,SRGA
1.1261,1.13,1.1261,1.13,2150,2021-07-19 15:22:00,SRGA
1.13,1.13,1.1299,1.13,500,2021-07-19 15:23:00,SRGA
1.1299,1.13,1.1231,1.13,3040,2021-07-19 15:24:00,SRGA
1.13,1.13,1.125,1.13,3700,2021-07-19 15:25:00,SRGA
1.1277,1.13,1.1277,1.13,1981,2021-07-19 15:26:00,SRGA
1.13,1.13,1.13,1.13,500,2021-07-19 15:27:00,SRGA
1.13,1.13,1.13,1.13,100,2021-07-19 15:28:00,SRGA
1.13,1.13,1.13,1.13,300,2021-07-19 15:29:00,SRGA
1.13,1.13,1.13,1.13,500,2021-07-19 15:30:00,SRGA
1.13,1.14,1.13,1.13,57456,2021-07-19 15:31:00,SRGA
1.135,1.135,1.13,1.13,10057,2021-07-19 15:32:00,SRGA
1.135,1.135,1.135,1.135,1100,2021-07-19 15:33:00,SRGA
1.1341,1.1341,1.1341,1.1341,1000,2021-07-19 15:34:00,SRGA
1.14,1.14,1.1373,1.14,2487,2021-07-19 15:35:00,SRGA
1.135,1.14,1.135,1.14,6855,2021-07-19 15:36:00,SRGA
1.14,1.15,1.14,1.145,19449,2021-07-19 15:37:00,SRGA
1.1467,1.1499,1.14,1.14,5800,2021-07-19 15:38:00,SRGA
1.145,1.15,1.14,1.14,2700,2021-07-19 15:39:00,SRGA
1.15,1.15,1.145,1.145,1500,2021-07-19 15:40:00,SRGA
1.145,1.145,1.14,1.145,2074,2021-07-19 15:41:00,SRGA
1.141,1.1465,1.14,1.14,5742,2021-07-19 15:42:00,SRGA
1.145,1.1465,1.14,1.141,6646,2021-07-19 15:43:00,SRGA
1.141,1.145,1.141,1.145,200,2021-07-19 15:44:00,SRGA
1.145,1.145,1.14,1.145,1336,2021-07-19 15:45:00,SRGA
1.1489,1.15,1.1432,1.15,23906,2021-07-19 15:46:00,SRGA
1.145,1.15,1.145,1.145,12800,2021-07-19 15:47:00,SRGA
1.1432,1.1498,1.143,1.143,13000,2021-07-19 15:48:00,SRGA
1.1475,1.16,1.1446,1.155,82306,2021-07-19 15:49:00,SRGA
1.15,1.155,1.15,1.155,1200,2021-07-19 15:50:00,SRGA
1.155,1.1599,1.155,1.155,5100,2021-07-19 15:51:00,SRGA
1.16,1.16,1.16,1.16,7937,2021-07-19 15:52:00,SRGA
1.155,1.16,1.15,1.155,2553,2021-07-19 15:53:00,SRGA
1.1501,1.155,1.1501,1.1509,15200,2021-07-19 15:54:00,SRGA
1.151,1.16,1.1501,1.155,32503,2021-07-19 15:55:00,SRGA
1.1509,1.1509,1.1509,1.1509,5000,2021-07-19 15:56:00,SRGA
1.155,1.1565,1.1522,1.1522,2228,2021-07-19 15:57:00,SRGA
1.155,1.155,1.15,1.15,500,2021-07-19 15:58:00,SRGA
1.155,1.155,1.15,1.155,2000,2021-07-19 15:59:00,SRGA
1.155,1.155,1.15,1.15,2600,2021-07-19 16:00:00,SRGA
1.15,1.155,1.15,1.15,15000,2021-07-19 16:01:00,SRGA
1.15,1.15,1.14,1.145,18424,2021-07-19 16:02:00,SRGA
1.14,1.149,1.14,1.149,5370,2021-07-19 16:03:00,SRGA
1.145,1.145,1.14,1.142,3409,2021-07-19 16:04:00,SRGA
1.14,1.15,1.14,1.14,3092,2021-07-19 16:05:00,SRGA
1.14,1.145,1.14,1.14,4741,2021-07-19 16:06:00,SRGA
1.14,1.14,1.135,1.14,2541,2021-07-19 16:07:00,SRGA
1.135,1.14,1.135,1.135,5332,2021-07-19 16:08:00,SRGA
1.14,1.14,1.135,1.1361,2400,2021-07-19 16:09:00,SRGA
1.135,1.135,1.13,1.135,2250,2021-07-19 16:10:00,SRGA
1.135,1.135,1.13,1.135,950,2021-07-19 16:11:00,SRGA
1.13,1.135,1.13,1.13,593,2021-07-19 16:12:00,SRGA
1.135,1.135,1.1331,1.135,400,2021-07-19 16:13:00,SRGA
1.135,1.135,1.135,1.135,300,2021-07-19 16:14:00,SRGA
1.135,1.135,1.135,1.135,551,2021-07-19 16:15:00,SRGA
1.1399,1.14,1.135,1.135,1500,2021-07-19 16:16:00,SRGA
1.135,1.14,1.1346,1.135,11502,2021-07-19 16:17:00,SRGA
1.14,1.14,1.135,1.14,2206,2021-07-19 16:18:00,SRGA
1.14,1.14,1.14,1.14,400,2021-07-19 16:19:00,SRGA
1.14,1.14,1.14,1.14,300,2021-07-19 16:20:00,SRGA
1.1399,1.14,1.135,1.14,14950,2021-07-19 16:21:00,SRGA
1.14,1.14,1.1365,1.1399,4400,2021-07-19 16:22:00,SRGA
1.135,1.135,1.1325,1.1325,7549,2021-07-19 16:23:00,SRGA
1.135,1.1352,1.135,1.1352,3900,2021-07-19 16:24:00,SRGA
1.1397,1.14,1.135,1.135,16431,2021-07-19 16:25:00,SRGA
1.1348,1.14,1.1348,1.1399,13800,2021-07-19 16:26:00,SRGA
1.1344,1.1399,1.13,1.1399,16389,2021-07-19 16:27:00,SRGA
1.14,1.14,1.1322,1.1399,12000,2021-07-19 16:28:00,SRGA
1.1325,1.14,1.1325,1.14,6400,2021-07-19 16:29:00,SRGA
1.135,1.135,1.132,1.132,3283,2021-07-19 16:30:00,SRGA
1.135,1.135,1.135,1.135,500,2021-07-19 16:32:00,SRGA
1.134,1.14,1.134,1.14,38566,2021-07-19 16:33:00,SRGA
1.14,1.14,1.135,1.135,2976,2021-07-19 16:35:00,SRGA
1.135,1.135,1.135,1.135,500,2021-07-19 16:36:00,SRGA
1.135,1.135,1.135,1.135,300,2021-07-19 16:38:00,SRGA
1.135,1.135,1.135,1.135,1000,2021-07-19 16:39:00,SRGA
1.135,1.135,1.1301,1.135,2700,2021-07-19 16:40:00,SRGA
1.1318,1.14,1.1318,1.14,20401,2021-07-19 16:41:00,SRGA
1.1348,1.135,1.1348,1.135,700,2021-07-19 16:42:00,SRGA
1.135,1.135,1.135,1.135,600,2021-07-19 16:43:00,SRGA
1.14,1.14,1.135,1.135,2180,2021-07-19 16:44:00,SRGA
1.135,1.137,1.1301,1.1301,7350,2021-07-19 16:45:00,SRGA
1.135,1.14,1.125,1.135,36830,2021-07-19 16:46:00,SRGA
1.1307,1.14,1.13,1.135,6692,2021-07-19 16:47:00,SRGA
1.135,1.137,1.13,1.137,16280,2021-07-19 16:48:00,SRGA
1.1301,1.1399,1.13,1.13,17766,2021-07-19 16:49:00,SRGA
1.1317,1.135,1.12,1.12,15974,2021-07-19 16:50:00,SRGA
1.12,1.13,1.12,1.125,52828,2021-07-19 16:51:00,SRGA
1.125,1.125,1.12,1.12,4500,2021-07-19 16:52:00,SRGA
1.12,1.125,1.11,1.11,8650,2021-07-19 16:53:00,SRGA
1.11,1.12,1.11,1.115,11500,2021-07-19 16:54:00,SRGA
1.115,1.12,1.111,1.115,22420,2021-07-19 16:55:00,SRGA
1.115,1.12,1.11,1.11,2820,2021-07-19 16:56:00,SRGA
1.11,1.115,1.11,1.11,2152,2021-07-19 16:57:00,SRGA
1.11,1.115,1.11,1.115,1400,2021-07-19 16:58:00,SRGA
1.115,1.12,1.1144,1.12,19030,2021-07-19 16:59:00,SRGA
1.115,1.12,1.11,1.1128,52150,2021-07-19 17:00:00,SRGA
1.11,1.13,1.11,1.125,113671,2021-07-19 17:01:00,SRGA
1.12,1.1279,1.12,1.12,1574,2021-07-19 17:02:00,SRGA
1.125,1.125,1.115,1.115,2800,2021-07-19 17:03:00,SRGA
1.115,1.12,1.1101,1.115,6499,2021-07-19 17:04:00,SRGA
1.115,1.115,1.115,1.115,1500,2021-07-19 17:05:00,SRGA
1.115,1.115,1.11,1.11,5210,2021-07-19 17:06:00,SRGA
1.115,1.12,1.11,1.12,29434,2021-07-19 17:07:00,SRGA
1.115,1.115,1.115,1.115,500,2021-07-19 17:08:00,SRGA
1.115,1.12,1.115,1.115,3100,2021-07-19 17:09:00,SRGA
1.115,1.115,1.115,1.115,1300,2021-07-19 17:10:00,SRGA
1.115,1.1199,1.11,1.11,2100,2021-07-19 17:11:00,SRGA
1.11,1.115,1.11,1.11,2100,2021-07-19 17:12:00,SRGA
1.11,1.115,1.11,1.11,1200,2021-07-19 17:13:00,SRGA
1.11,1.115,1.11,1.11,1000,2021-07-19 17:14:00,SRGA
1.11,1.115,1.11,1.11,1097,2021-07-19 17:15:00,SRGA
1.11,1.12,1.11,1.11,12700,2021-07-19 17:16:00,SRGA
1.11,1.12,1.11,1.11,3600,2021-07-19 17:17:00,SRGA
1.11,1.115,1.11,1.115,1100,2021-07-19 17:18:00,SRGA
1.115,1.12,1.11,1.11,4523,2021-07-19 17:19:00,SRGA
1.11,1.115,1.11,1.11,700,2021-07-19 17:20:00,SRGA
1.11,1.115,1.11,1.11,700,2021-07-19 17:21:00,SRGA
1.11,1.12,1.11,1.11,700,2021-07-19 17:22:00,SRGA
1.11,1.115,1.11,1.115,600,2021-07-19 17:23:00,SRGA
1.115,1.115,1.11,1.115,600,2021-07-19 17:24:00,SRGA
1.1126,1.115,1.11,1.11,1047,2021-07-19 17:25:00,SRGA
1.11,1.115,1.11,1.115,500,2021-07-19 17:26:00,SRGA
1.115,1.115,1.11,1.11,600,2021-07-19 17:27:00,SRGA
1.11,1.115,1.11,1.11,400,2021-07-19 17:28:00,SRGA
1.11,1.115,1.11,1.11,300,2021-07-19 17:29:00,SRGA
1.115,1.115,1.11,1.11,400,2021-07-19 17:30:00,SRGA
1.115,1.115,1.115,1.115,100,2021-07-19 17:31:00,SRGA
1.11,1.115,1.11,1.115,2400,2021-07-19 17:32:00,SRGA
1.11,1.115,1.11,1.11,400,2021-07-19 17:33:00,SRGA
1.115,1.12,1.11,1.12,2900,2021-07-19 17:35:00,SRGA
1.115,1.13,1.115,1.125,10465,2021-07-19 17:36:00,SRGA
1.125,1.125,1.125,1.125,800,2021-07-19 17:37:00,SRGA
1.125,1.125,1.12,1.125,500,2021-07-19 17:38:00,SRGA
1.1217,1.13,1.1217,1.13,250,2021-07-19 17:39:00,SRGA
1.12,1.125,1.12,1.125,2685,2021-07-19 17:40:00,SRGA
1.12,1.12,1.115,1.115,725,2021-07-19 17:42:00,SRGA
1.115,1.115,1.115,1.115,600,2021-07-19 17:45:00,SRGA
1.1191,1.13,1.115,1.13,13949,2021-07-19 17:47:00,SRGA
1.125,1.13,1.1235,1.13,3290,2021-07-19 17:48:00,SRGA
1.1299,1.135,1.1299,1.135,21902,2021-07-19 17:49:00,SRGA
1.135,1.135,1.135,1.135,300,2021-07-19 17:50:00,SRGA
1.13,1.13,1.1273,1.1273,3492,2021-07-19 17:51:00,SRGA
1.125,1.13,1.125,1.13,1450,2021-07-19 17:52:00,SRGA
1.128,1.128,1.125,1.125,1678,2021-07-19 17:53:00,SRGA
1.125,1.125,1.125,1.125,100,2021-07-19 17:54:00,SRGA
1.125,1.125,1.125,1.125,100,2021-07-19 17:55:00,SRGA
1.1291,1.1291,1.125,1.126,1100,2021-07-19 17:56:00,SRGA
1.125,1.13,1.12,1.13,10680,2021-07-19 17:57:00,SRGA
1.125,1.128,1.125,1.125,400,2021-07-19 17:58:00,SRGA
1.125,1.125,1.1242,1.1242,907,2021-07-19 17:59:00,SRGA
1.125,1.125,1.125,1.125,500,2021-07-19 18:00:00,SRGA
1.125,1.125,1.125,1.125,100,2021-07-19 18:02:00,SRGA
1.125,1.125,1.125,1.125,600,2021-07-19 18:03:00,SRGA
1.125,1.125,1.125,1.125,500,2021-07-19 18:05:00,SRGA
1.1297,1.1297,1.12,1.121,2276,2021-07-19 18:06:00,SRGA
1.1299,1.1299,1.1299,1.1299,100,2021-07-19 18:08:00,SRGA
1.125,1.125,1.1227,1.1227,506,2021-07-19 18:10:00,SRGA
1.125,1.125,1.125,1.125,100,2021-07-19 18:11:00,SRGA
1.125,1.125,1.125,1.125,200,2021-07-19 18:12:00,SRGA
1.125,1.125,1.125,1.125,100,2021-07-19 18:16:00,SRGA
1.125,1.125,1.12,1.125,2416,2021-07-19 18:17:00,SRGA
1.125,1.125,1.125,1.125,400,2021-07-19 18:19:00,SRGA
1.125,1.125,1.125,1.125,100,2021-07-19 18:21:00,SRGA
1.125,1.125,1.1234,1.1234,304,2021-07-19 18:22:00,SRGA
1.125,1.125,1.125,1.125,200,2021-07-19 18:23:00,SRGA
1.125,1.125,1.12,1.125,1000,2021-07-19 18:24:00,SRGA
1.1233,1.1299,1.12,1.1299,6037,2021-07-19 18:25:00,SRGA
1.125,1.125,1.125,1.125,200,2021-07-19 18:26:00,SRGA
1.125,1.125,1.125,1.125,100,2021-07-19 18:28:00,SRGA
1.125,1.125,1.125,1.125,100,2021-07-19 18:29:00,SRGA
1.125,1.125,1.125,1.125,300,2021-07-19 18:30:00,SRGA
1.12,1.12,1.12,1.12,100,2021-07-19 18:33:00,SRGA
1.125,1.125,1.125,1.125,100,2021-07-19 18:34:00,SRGA
1.125,1.125,1.125,1.125,100,2021-07-19 18:36:00,SRGA
1.1299,1.13,1.1215,1.1215,3927,2021-07-19 18:37:00,SRGA
1.125,1.125,1.125,1.125,200,2021-07-19 18:38:00,SRGA
1.125,1.125,1.125,1.125,200,2021-07-19 18:39:00,SRGA
1.125,1.125,1.125,1.125,100,2021-07-19 18:40:00,SRGA
1.125,1.125,1.125,1.125,100,2021-07-19 18:41:00,SRGA
1.122,1.13,1.1209,1.125,13158,2021-07-19 18:42:00,SRGA
1.125,1.125,1.115,1.1199,17577,2021-07-19 18:43:00,SRGA
1.1135,1.1199,1.113,1.115,15300,2021-07-19 18:44:00,SRGA
1.115,1.1199,1.115,1.115,1637,2021-07-19 18:45:00,SRGA
1.115,1.115,1.1101,1.115,1707,2021-07-19 18:46:00,SRGA
1.11,1.1152,1.11,1.1152,1069,2021-07-19 18:47:00,SRGA
1.115,1.115,1.115,1.115,200,2021-07-19 18:48:00,SRGA
1.115,1.115,1.115,1.115,600,2021-07-19 18:49:00,SRGA
1.11,1.115,1.11,1.115,4694,2021-07-19 18:51:00,SRGA
1.115,1.115,1.111,1.115,2600,2021-07-19 18:52:00,SRGA
1.115,1.115,1.115,1.115,400,2021-07-19 18:53:00,SRGA
1.115,1.115,1.11,1.115,1500,2021-07-19 18:54:00,SRGA
1.115,1.115,1.1129,1.115,2341,2021-07-19 18:55:00,SRGA
1.115,1.115,1.115,1.115,500,2021-07-19 18:56:00,SRGA
1.115,1.115,1.115,1.115,500,2021-07-19 18:57:00,SRGA
1.115,1.115,1.11,1.115,1200,2021-07-19 18:58:00,SRGA
1.115,1.115,1.115,1.115,200,2021-07-19 18:59:00,SRGA
1.115,1.115,1.115,1.115,300,2021-07-19 19:00:00,SRGA
1.115,1.12,1.115,1.12,13619,2021-07-19 19:01:00,SRGA
1.12,1.125,1.12,1.12,28400,2021-07-19 19:02:00,SRGA
1.1199,1.125,1.1149,1.125,67500,2021-07-19 19:03:00,SRGA
1.13,1.13,1.1217,1.13,11000,2021-07-19 19:04:00,SRGA
1.1217,1.13,1.1201,1.13,53240,2021-07-19 19:05:00,SRGA
1.125,1.13,1.12,1.125,5500,2021-07-19 19:06:00,SRGA
1.13,1.13,1.125,1.125,600,2021-07-19 19:07:00,SRGA
1.13,1.13,1.12,1.12,1400,2021-07-19 19:08:00,SRGA
1.1221,1.1221,1.1221,1.1221,230,2021-07-19 19:10:00,SRGA
1.125,1.125,1.125,1.125,831,2021-07-19 19:11:00,SRGA
1.125,1.13,1.125,1.125,1300,2021-07-19 19:13:00,SRGA
1.125,1.13,1.125,1.125,2400,2021-07-19 19:14:00,SRGA
1.125,1.13,1.125,1.125,10500,2021-07-19 19:15:00,SRGA
1.12,1.125,1.12,1.125,500,2021-07-19 19:16:00,SRGA
1.125,1.125,1.125,1.125,100,2021-07-19 19:17:00,SRGA
1.125,1.1293,1.125,1.125,2400,2021-07-19 19:18:00,SRGA
1.13,1.13,1.125,1.125,8468,2021-07-19 19:19:00,SRGA
1.125,1.125,1.125,1.125,3800,2021-07-19 19:20:00,SRGA
1.125,1.13,1.125,1.125,2300,2021-07-19 19:21:00,SRGA
1.125,1.13,1.125,1.125,400,2021-07-19 19:22:00,SRGA
1.125,1.13,1.12,1.12,3900,2021-07-19 19:23:00,SRGA
1.125,1.125,1.121,1.1238,1350,2021-07-19 19:24:00,SRGA
1.125,1.125,1.121,1.125,1750,2021-07-19 19:25:00,SRGA
1.1289,1.1289,1.125,1.125,15200,2021-07-19 19:26:00,SRGA
1.125,1.125,1.12,1.1218,7407,2021-07-19 19:27:00,SRGA
1.125,1.125,1.121,1.121,800,2021-07-19 19:28:00,SRGA
1.12,1.13,1.12,1.1286,11000,2021-07-19 19:29:00,SRGA
1.125,1.125,1.12,1.125,2000,2021-07-19 19:30:00,SRGA
1.1207,1.125,1.12,1.121,21400,2021-07-19 19:31:00,SRGA
1.12,1.12,1.115,1.115,8250,2021-07-19 19:32:00,SRGA
1.113,1.1199,1.113,1.1199,6300,2021-07-19 19:33:00,SRGA
1.115,1.1199,1.115,1.115,3562,2021-07-19 19:34:00,SRGA
1.115,1.12,1.115,1.1171,14736,2021-07-19 19:35:00,SRGA
1.115,1.12,1.1125,1.1125,17763,2021-07-19 19:36:00,SRGA
1.115,1.115,1.115,1.115,2500,2021-07-19 19:37:00,SRGA
1.1199,1.1199,1.115,1.115,3722,2021-07-19 19:38:00,SRGA
1.115,1.115,1.1125,1.1125,1346,2021-07-19 19:39:00,SRGA
1.115,1.115,1.115,1.115,500,2021-07-19 19:40:00,SRGA
1.115,1.115,1.1121,1.1121,2548,2021-07-19 19:41:00,SRGA
1.115,1.115,1.1101,1.115,580,2021-07-19 19:42:00,SRGA
1.115,1.115,1.11,1.11,1700,2021-07-19 19:43:00,SRGA
1.11,1.115,1.11,1.1101,992,2021-07-19 19:44:00,SRGA
1.115,1.115,1.11,1.11,1700,2021-07-19 19:45:00,SRGA
1.115,1.115,1.11,1.11,2308,2021-07-19 19:46:00,SRGA
1.11,1.115,1.11,1.115,3340,2021-07-19 19:47:00,SRGA
1.11,1.115,1.11,1.11,2100,2021-07-19 19:48:00,SRGA
1.11,1.115,1.11,1.11,3400,2021-07-19 19:49:00,SRGA
1.115,1.115,1.11,1.115,15736,2021-07-19 19:50:00,SRGA
1.1101,1.115,1.11,1.11,9711,2021-07-19 19:51:00,SRGA
1.11,1.115,1.105,1.105,18182,2021-07-19 19:52:00,SRGA
1.1,1.11,1.1,1.11,70757,2021-07-19 19:53:00,SRGA
1.11,1.11,1.105,1.105,340,2021-07-19 19:54:00,SRGA
1.11,1.11,1.105,1.1064,6226,2021-07-19 19:55:00,SRGA
1.105,1.105,1.105,1.105,2400,2021-07-19 19:56:00,SRGA
1.105,1.11,1.1,1.1099,14262,2021-07-19 19:57:00,SRGA
1.105,1.11,1.1,1.105,5800,2021-07-19 19:58:00,SRGA
1.105,1.11,1.1,1.105,14058,2021-07-19 19:59:00,SRGA
1.11,1.11,1.11,1.11,18493,2021-07-19 20:00:00,SRGA
1.11,1.11,1.11,1.11,100,2021-07-19 20:03:00,SRGA
1.11,1.11,1.11,1.11,163078,2021-07-19 20:11:00,SRGA
1.11,1.11,1.11,1.11,1010,2021-07-19 20:14:00,SRGA
1.11,1.11,1.11,1.11,2900,2021-07-19 20:17:00,SRGA
1.12,1.12,1.12,1.12,400,2021-07-19 20:19:00,SRGA
1.13,1.13,1.13,1.13,885,2021-07-19 20:23:00,SRGA
1.12,1.12,1.12,1.12,525,2021-07-19 20:27:00,SRGA
1.12,1.12,1.12,1.12,1000,2021-07-19 21:25:00,SRGA
1.12,1.12,1.12,1.12,288,2021-07-19 21:48:00,SRGA
1.14,1.14,1.14,1.14,100,2021-07-19 23:02:00,SRGA
1.16,1.16,1.16,1.16,100,2021-07-20 12:35:00,SRGA
1.15,1.15,1.14,1.15,3403,2021-07-20 13:25:00,SRGA
1.15,1.15,1.12,1.12,66621,2021-07-20 13:30:00,SRGA
1.12,1.12,1.11,1.11,6300,2021-07-20 13:31:00,SRGA
1.11,1.11,1.1,1.105,27133,2021-07-20 13:32:00,SRGA
1.105,1.105,1.1,1.1,3300,2021-07-20 13:33:00,SRGA
1.105,1.1072,1.1,1.1,11456,2021-07-20 13:34:00,SRGA
1.1,1.105,1.1,1.105,10309,2021-07-20 13:35:00,SRGA
1.1,1.105,1.095,1.095,14128,2021-07-20 13:36:00,SRGA
1.0983,1.0983,1.09,1.095,9197,2021-07-20 13:37:00,SRGA
1.0979,1.0999,1.095,1.0999,1337,2021-07-20 13:38:00,SRGA
1.095,1.095,1.095,1.095,3737,2021-07-20 13:39:00,SRGA
1.09,1.0999,1.09,1.09,19000,2021-07-20 13:40:00,SRGA
1.095,1.095,1.095,1.095,1600,2021-07-20 13:41:00,SRGA
1.095,1.105,1.095,1.1,23206,2021-07-20 13:42:00,SRGA
1.105,1.105,1.104,1.104,1600,2021-07-20 13:43:00,SRGA
1.1,1.1,1.1,1.1,800,2021-07-20 13:44:00,SRGA
1.105,1.105,1.105,1.105,300,2021-07-20 13:45:00,SRGA
1.1,1.105,1.1,1.105,800,2021-07-20 13:46:00,SRGA
1.105,1.105,1.105,1.105,200,2021-07-20 13:47:00,SRGA
1.1076,1.1076,1.105,1.105,700,2021-07-20 13:48:00,SRGA
1.105,1.105,1.105,1.105,100,2021-07-20 13:50:00,SRGA
1.1,1.11,1.1,1.105,1240,2021-07-20 13:51:00,SRGA
1.1064,1.1064,1.1064,1.1064,131,2021-07-20 13:52:00,SRGA
1.105,1.11,1.105,1.1099,12900,2021-07-20 13:53:00,SRGA
1.105,1.11,1.105,1.11,13860,2021-07-20 13:54:00,SRGA
1.11,1.12,1.11,1.115,4354,2021-07-20 13:55:00,SRGA
1.115,1.1176,1.11,1.115,600,2021-07-20 13:56:00,SRGA
1.119,1.119,1.115,1.118,7599,2021-07-20 13:57:00,SRGA
1.11,1.115,1.11,1.11,650,2021-07-20 13:58:00,SRGA
1.11,1.115,1.11,1.115,700,2021-07-20 13:59:00,SRGA
1.1191,1.1191,1.11,1.115,5200,2021-07-20 14:00:00,SRGA
1.11,1.11,1.11,1.11,200,2021-07-20 14:01:00,SRGA
1.115,1.115,1.105,1.1079,8330,2021-07-20 14:02:00,SRGA
1.105,1.105,1.105,1.105,100,2021-07-20 14:04:00,SRGA
1.105,1.105,1.105,1.105,300,2021-07-20 14:05:00,SRGA
1.105,1.105,1.105,1.105,200,2021-07-20 14:06:00,SRGA
1.1009,1.11,1.1009,1.11,10068,2021-07-20 14:08:00,SRGA
1.105,1.11,1.105,1.105,500,2021-07-20 14:09:00,SRGA
1.105,1.11,1.105,1.11,748,2021-07-20 14:10:00,SRGA
1.105,1.11,1.105,1.11,500,2021-07-20 14:11:00,SRGA
1.11,1.11,1.105,1.105,1405,2021-07-20 14:12:00,SRGA
1.11,1.11,1.11,1.11,100,2021-07-20 14:13:00,SRGA
1.105,1.105,1.105,1.105,400,2021-07-20 14:14:00,SRGA
1.1081,1.11,1.105,1.105,6850,2021-07-20 14:15:00,SRGA
1.105,1.11,1.105,1.105,2000,2021-07-20 14:16:00,SRGA
1.105,1.105,1.1011,1.1011,6275,2021-07-20 14:17:00,SRGA
1.105,1.105,1.105,1.105,1300,2021-07-20 14:18:00,SRGA
1.105,1.11,1.105,1.11,900,2021-07-20 14:20:00,SRGA
1.105,1.11,1.105,1.11,2720,2021-07-20 14:21:00,SRGA
1.11,1.11,1.11,1.11,100,2021-07-20 14:22:00,SRGA
1.11,1.115,1.1028,1.11,16858,2021-07-20 14:23:00,SRGA
1.11,1.11,1.11,1.11,2180,2021-07-20 14:24:00,SRGA
1.1099,1.11,1.1099,1.11,1900,2021-07-20 14:25:00,SRGA
1.1091,1.11,1.1091,1.11,7100,2021-07-20 14:27:00,SRGA
1.11,1.11,1.103,1.103,1100,2021-07-20 14:28:00,SRGA
1.11,1.11,1.1033,1.11,689,2021-07-20 14:29:00,SRGA
1.11,1.11,1.105,1.1099,11600,2021-07-20 14:31:00,SRGA
1.11,1.11,1.1081,1.11,700,2021-07-20 14:32:00,SRGA
1.1,1.1,1.1,1.1,300,2021-07-20 14:33:00,SRGA
1.105,1.11,1.105,1.105,1800,2021-07-20 14:34:00,SRGA
1.11,1.11,1.1028,1.1028,540,2021-07-20 14:35:00,SRGA
1.11,1.115,1.1099,1.115,20639,2021-07-20 14:36:00,SRGA
1.115,1.115,1.115,1.115,300,2021-07-20 14:37:00,SRGA
1.115,1.115,1.11,1.115,400,2021-07-20 14:38:00,SRGA
1.115,1.1199,1.115,1.1199,1100,2021-07-20 14:39:00,SRGA
1.115,1.115,1.115,1.115,500,2021-07-20 14:40:00,SRGA
1.11,1.11,1.105,1.105,5000,2021-07-20 14:41:00,SRGA
1.11,1.11,1.105,1.105,1000,2021-07-20 14:42:00,SRGA
1.11,1.115,1.1099,1.115,4800,2021-07-20 14:44:00,SRGA
1.115,1.115,1.105,1.105,32088,2021-07-20 14:45:00,SRGA
1.105,1.1053,1.105,1.105,3500,2021-07-20 14:46:00,SRGA
1.1031,1.1031,1.1031,1.1031,1500,2021-07-20 14:48:00,SRGA
1.1057,1.1057,1.105,1.105,2100,2021-07-20 14:49:00,SRGA
1.108,1.1099,1.108,1.1099,1130,2021-07-20 14:50:00,SRGA
1.1092,1.1092,1.1092,1.1092,500,2021-07-20 14:51:00,SRGA
1.105,1.105,1.105,1.105,1000,2021-07-20 14:52:00,SRGA
1.105,1.105,1.105,1.105,600,2021-07-20 14:53:00,SRGA
1.105,1.105,1.105,1.105,200,2021-07-20 14:54:00,SRGA
1.11,1.11,1.105,1.105,1000,2021-07-20 14:55:00,SRGA
1.105,1.105,1.105,1.105,200,2021-07-20 14:57:00,SRGA
1.1031,1.11,1.1031,1.11,1000,2021-07-20 14:58:00,SRGA
1.105,1.1069,1.105,1.105,3300,2021-07-20 14:59:00,SRGA
1.11,1.11,1.11,1.11,1200,2021-07-20 15:00:00,SRGA
1.105,1.11,1.105,1.11,2000,2021-07-20 15:01:00,SRGA
1.11,1.11,1.105,1.105,600,2021-07-20 15:02:00,SRGA
1.105,1.11,1.105,1.1062,300,2021-07-20 15:03:00,SRGA
1.11,1.11,1.11,1.11,100,2021-07-20 15:05:00,SRGA
1.11,1.115,1.105,1.115,16273,2021-07-20 15:06:00,SRGA
1.1187,1.1187,1.1143,1.1143,3150,2021-07-20 15:07:00,SRGA
1.115,1.12,1.1101,1.1101,1900,2021-07-20 15:08:00,SRGA
1.115,1.115,1.115,1.115,100,2021-07-20 15:09:00,SRGA
1.1135,1.115,1.1135,1.115,490,2021-07-20 15:10:00,SRGA
1.115,1.115,1.115,1.115,100,2021-07-20 15:11:00,SRGA
1.115,1.115,1.1142,1.1142,500,2021-07-20 15:12:00,SRGA
1.115,1.115,1.11,1.115,10400,2021-07-20 15:13:00,SRGA
1.11,1.1191,1.11,1.1191,10200,2021-07-20 15:14:00,SRGA
1.11,1.115,1.11,1.115,200,2021-07-20 15:15:00,SRGA
1.115,1.115,1.115,1.115,400,2021-07-20 15:16:00,SRGA
1.115,1.115,1.1138,1.1138,516,2021-07-20 15:17:00,SRGA
1.115,1.115,1.115,1.115,200,2021-07-20 15:18:00,SRGA
1.115,1.1186,1.115,1.115,3100,2021-07-20 15:20:00,SRGA
1.1199,1.1199,1.11,1.115,61600,2021-07-20 15:21:00,SRGA
1.1176,1.1176,1.11,1.11,25134,2021-07-20 15:22:00,SRGA
1.115,1.1176,1.11,1.11,25300,2021-07-20 15:23:00,SRGA
1.115,1.115,1.1,1.105,29865,2021-07-20 15:24:00,SRGA
1.1001,1.1001,1.1001,1.1001,1000,2021-07-20 15:25:00,SRGA
1.1014,1.105,1.1014,1.105,10100,2021-07-20 15:26:00,SRGA
1.11,1.11,1.105,1.105,14734,2021-07-20 15:27:00,SRGA
1.105,1.1091,1.105,1.105,7800,2021-07-20 15:28:00,SRGA
1.105,1.1094,1.1,1.105,11100,2021-07-20 15:29:00,SRGA
1.105,1.105,1.105,1.105,500,2021-07-20 15:30:00,SRGA
1.105,1.105,1.105,1.105,500,2021-07-20 15:31:00,SRGA
1.105,1.105,1.1,1.1,600,2021-07-20 15:32:00,SRGA
1.105,1.105,1.1,1.105,500,2021-07-20 15:33:00,SRGA
1.105,1.105,1.1,1.105,600,2021-07-20 15:34:00,SRGA
1.1,1.105,1.1,1.105,600,2021-07-20 15:35:00,SRGA
1.1,1.105,1.1,1.105,600,2021-07-20 15:36:00,SRGA
1.105,1.1084,1.105,1.105,2500,2021-07-20 15:37:00,SRGA
1.105,1.11,1.105,1.1079,900,2021-07-20 15:38:00,SRGA
1.105,1.105,1.105,1.105,400,2021-07-20 15:39:00,SRGA
1.1063,1.1063,1.105,1.105,3300,2021-07-20 15:40:00,SRGA
1.105,1.105,1.105,1.105,600,2021-07-20 15:41:00,SRGA
1.105,1.105,1.105,1.105,300,2021-07-20 15:42:00,SRGA
1.1003,1.1087,1.1003,1.105,3900,2021-07-20 15:43:00,SRGA
1.105,1.1199,1.105,1.1199,16389,2021-07-20 15:44:00,SRGA
1.115,1.115,1.115,1.115,200,2021-07-20 15:45:00,SRGA
1.115,1.115,1.115,1.115,500,2021-07-20 15:46:00,SRGA
1.115,1.115,1.115,1.115,1500,2021-07-20 15:47:00,SRGA
1.115,1.1153,1.115,1.1153,950,2021-07-20 15:48:00,SRGA
1.115,1.115,1.115,1.115,500,2021-07-20 15:49:00,SRGA
1.115,1.118,1.115,1.118,500,2021-07-20 15:50:00,SRGA
1.115,1.115,1.115,1.115,200,2021-07-20 15:51:00,SRGA
1.115,1.12,1.115,1.12,1200,2021-07-20 15:53:00,SRGA
1.115,1.1183,1.115,1.1183,1100,2021-07-20 15:54:00,SRGA
1.115,1.1199,1.115,1.1199,8600,2021-07-20 15:55:00,SRGA
1.115,1.115,1.115,1.115,400,2021-07-20 15:56:00,SRGA
1.115,1.115,1.115,1.115,400,2021-07-20 15:57:00,SRGA
1.115,1.115,1.115,1.115,100,2021-07-20 15:58:00,SRGA
1.115,1.1153,1.115,1.1153,600,2021-07-20 16:00:00,SRGA
1.115,1.115,1.115,1.115,3700,2021-07-20 16:01:00,SRGA
1.115,1.1193,1.115,1.115,10300,2021-07-20 16:02:00,SRGA
1.115,1.115,1.115,1.115,300,2021-07-20 16:03:00,SRGA
1.115,1.115,1.11,1.11,700,2021-07-20 16:04:00,SRGA
1.115,1.115,1.113,1.115,9275,2021-07-20 16:05:00,SRGA
1.115,1.115,1.115,1.115,800,2021-07-20 16:06:00,SRGA
1.1101,1.115,1.1101,1.115,1300,2021-07-20 16:07:00,SRGA
1.115,1.115,1.115,1.115,100,2021-07-20 16:08:00,SRGA
1.115,1.115,1.115,1.115,400,2021-07-20 16:09:00,SRGA
1.115,1.115,1.115,1.115,200,2021-07-20 16:10:00,SRGA
1.115,1.115,1.115,1.115,100,2021-07-20 16:11:00,SRGA
1.115,1.115,1.115,1.115,100,2021-07-20 16:13:00,SRGA
1.12,1.12,1.115,1.115,1200,2021-07-20 16:14:00,SRGA
1.12,1.12,1.12,1.12,100,2021-07-20 16:15:00,SRGA
1.12,1.12,1.12,1.12,100,2021-07-20 16:16:00,SRGA
1.115,1.13,1.115,1.13,18954,2021-07-20 16:17:00,SRGA
1.125,1.125,1.125,1.125,300,2021-07-20 16:18:00,SRGA
1.125,1.127,1.1209,1.125,11800,2021-07-20 16:19:00,SRGA
1.1211,1.1211,1.1211,1.1211,2400,2021-07-20 16:20:00,SRGA
1.125,1.125,1.125,1.125,2300,2021-07-20 16:21:00,SRGA
1.13,1.135,1.125,1.132,13864,2021-07-20 16:22:00,SRGA
1.13,1.13,1.125,1.13,3893,2021-07-20 16:23:00,SRGA
1.125,1.125,1.125,1.125,400,2021-07-20 16:24:00,SRGA
1.125,1.125,1.115,1.12,5030,2021-07-20 16:25:00,SRGA
1.1158,1.1158,1.1158,1.1158,496,2021-07-20 16:26:00,SRGA
1.12,1.12,1.12,1.12,100,2021-07-20 16:27:00,SRGA
1.12,1.12,1.12,1.12,100,2021-07-20 16:28:00,SRGA
1.115,1.115,1.11,1.115,6485,2021-07-20 16:29:00,SRGA
1.115,1.115,1.115,1.115,100,2021-07-20 16:31:00,SRGA
1.115,1.115,1.115,1.115,100,2021-07-20 16:32:00,SRGA
1.115,1.115,1.115,1.115,200,2021-07-20 16:34:00,SRGA
1.115,1.115,1.115,1.115,100,2021-07-20 16:35:00,SRGA
1.115,1.115,1.115,1.115,100,2021-07-20 16:37:00,SRGA
1.115,1.115,1.11,1.11,778,2021-07-20 16:38:00,SRGA
1.115,1.115,1.1119,1.1119,400,2021-07-20 16:39:00,SRGA
1.12,1.125,1.115,1.125,6922,2021-07-20 16:40:00,SRGA
1.125,1.125,1.125,1.125,100,2021-07-20 16:43:00,SRGA
1.13,1.13,1.125,1.125,300,2021-07-20 16:44:00,SRGA
1.125,1.1387,1.125,1.13,11042,2021-07-20 16:45:00,SRGA
1.13,1.13,1.13,1.13,100,2021-07-20 16:46:00,SRGA
1.13,1.13,1.125,1.125,500,2021-07-20 16:47:00,SRGA
1.125,1.125,1.125,1.125,100,2021-07-20 16:49:00,SRGA
1.13,1.13,1.13,1.13,1100,2021-07-20 16:51:00,SRGA
1.13,1.13,1.13,1.13,100,2021-07-20 16:53:00,SRGA
1.13,1.13,1.13,1.13,100,2021-07-20 16:54:00,SRGA
1.1201,1.1206,1.1201,1.1206,15000,2021-07-20 16:55:00,SRGA
1.125,1.125,1.125,1.125,100,2021-07-20 16:56:00,SRGA
1.125,1.125,1.125,1.125,400,2021-07-20 16:57:00,SRGA
1.12,1.125,1.12,1.12,8013,2021-07-20 16:58:00,SRGA
1.125,1.125,1.125,1.125,200,2021-07-20 16:59:00,SRGA
1.125,1.125,1.125,1.125,100,2021-07-20 17:00:00,SRGA
1.12,1.12,1.12,1.12,100,2021-07-20 17:01:00,SRGA
1.12,1.12,1.12,1.12,2896,2021-07-20 17:02:00,SRGA
1.12,1.12,1.115,1.115,2200,2021-07-20 17:04:00,SRGA
1.115,1.115,1.1118,1.1118,834,2021-07-20 17:05:00,SRGA
1.115,1.115,1.115,1.115,100,2021-07-20 17:07:00,SRGA
1.1118,1.1118,1.1118,1.1118,1500,2021-07-20 17:09:00,SRGA
1.115,1.115,1.11,1.115,14690,2021-07-20 17:10:00,SRGA
1.115,1.115,1.115,1.115,100,2021-07-20 17:12:00,SRGA
1.115,1.115,1.11,1.11,200,2021-07-20 17:13:00,SRGA
1.11,1.11,1.11,1.11,200,2021-07-20 17:14:00,SRGA
1.11,1.115,1.11,1.115,400,2021-07-20 17:15:00,SRGA
1.1151,1.1151,1.11,1.11,1100,2021-07-20 17:16:00,SRGA
1.115,1.115,1.11,1.115,600,2021-07-20 17:17:00,SRGA
1.115,1.115,1.11,1.115,300,2021-07-20 17:18:00,SRGA
1.11,1.115,1.11,1.115,750,2021-07-20 17:20:00,SRGA
1.115,1.12,1.115,1.12,4676,2021-07-20 17:21:00,SRGA
1.12,1.12,1.12,1.12,100,2021-07-20 17:22:00,SRGA
1.12,1.12,1.115,1.115,700,2021-07-20 17:25:00,SRGA
1.115,1.115,1.115,1.115,100,2021-07-20 17:28:00,SRGA
1.11,1.115,1.11,1.115,600,2021-07-20 17:29:00,SRGA
1.11,1.115,1.11,1.115,300,2021-07-20 17:30:00,SRGA
1.1114,1.1114,1.1114,1.1114,1100,2021-07-20 17:31:00,SRGA
1.115,1.12,1.1119,1.12,800,2021-07-20 17:32:00,SRGA
1.115,1.115,1.115,1.115,100,2021-07-20 17:33:00,SRGA
1.1101,1.1101,1.1101,1.1101,900,2021-07-20 17:38:00,SRGA
1.115,1.115,1.115,1.115,100,2021-07-20 17:39:00,SRGA
1.12,1.12,1.115,1.115,200,2021-07-20 17:40:00,SRGA
1.1181,1.1181,1.1181,1.1181,200,2021-07-20 17:41:00,SRGA
1.12,1.12,1.115,1.115,300,2021-07-20 17:43:00,SRGA
1.115,1.115,1.115,1.115,300,2021-07-20 17:44:00,SRGA
1.115,1.115,1.115,1.115,100,2021-07-20 17:45:00,SRGA
1.115,1.12,1.115,1.115,1479,2021-07-20 17:47:00,SRGA
1.1199,1.12,1.1199,1.12,3100,2021-07-20 17:48:00,SRGA
1.115,1.115,1.115,1.115,900,2021-07-20 17:49:00,SRGA
1.1101,1.1101,1.11,1.11,300,2021-07-20 17:50:00,SRGA
1.115,1.12,1.115,1.12,4805,2021-07-20 17:51:00,SRGA
1.12,1.12,1.12,1.12,100,2021-07-20 17:53:00,SRGA
1.12,1.12,1.12,1.12,100,2021-07-20 17:54:00,SRGA
1.1148,1.1148,1.1148,1.1148,100,2021-07-20 17:55:00,SRGA
1.12,1.12,1.119,1.119,2700,2021-07-20 17:56:00,SRGA
1.12,1.12,1.12,1.12,100,2021-07-20 17:57:00,SRGA
1.1158,1.1186,1.1158,1.1186,1650,2021-07-20 17:58:00,SRGA
1.1123,1.12,1.1123,1.12,4433,2021-07-20 17:59:00,SRGA
1.12,1.12,1.12,1.12,200,2021-07-20 18:00:00,SRGA
1.12,1.12,1.11,1.1199,3755,2021-07-20 18:01:00,SRGA
1.12,1.12,1.12,1.12,100,2021-07-20 18:02:00,SRGA
1.12,1.12,1.115,1.115,10200,2021-07-20 18:03:00,SRGA
1.115,1.118,1.115,1.118,200,2021-07-20 18:04:00,SRGA
1.1156,1.12,1.115,1.12,700,2021-07-20 18:05:00,SRGA
1.115,1.115,1.115,1.115,200,2021-07-20 18:07:00,SRGA
1.12,1.12,1.12,1.12,500,2021-07-20 18:08:00,SRGA
1.12,1.12,1.12,1.12,100,2021-07-20 18:09:00,SRGA
1.12,1.12,1.12,1.12,100,2021-07-20 18:10:00,SRGA
1.11,1.11,1.11,1.11,100,2021-07-20 18:11:00,SRGA
1.115,1.12,1.115,1.12,600,2021-07-20 18:12:00,SRGA
1.12,1.12,1.115,1.12,500,2021-07-20 18:13:00,SRGA
1.1144,1.1144,1.1144,1.1144,2000,2021-07-20 18:14:00,SRGA
1.1199,1.12,1.1199,1.12,1100,2021-07-20 18:15:00,SRGA
1.12,1.125,1.12,1.1212,25022,2021-07-20 18:16:00,SRGA
1.125,1.125,1.12,1.125,600,2021-07-20 18:17:00,SRGA
1.12,1.12,1.12,1.12,100,2021-07-20 18:18:00,SRGA
1.12,1.1272,1.12,1.12,2300,2021-07-20 18:19:00,SRGA
1.1299,1.1299,1.1299,1.1299,100,2021-07-20 18:20:00,SRGA
1.125,1.125,1.125,1.125,400,2021-07-20 18:21:00,SRGA
1.125,1.125,1.125,1.125,200,2021-07-20 18:22:00,SRGA
1.12,1.125,1.12,1.125,300,2021-07-20 18:24:00,SRGA
1.1225,1.1225,1.1215,1.1215,1381,2021-07-20 18:25:00,SRGA
1.1221,1.125,1.12,1.125,700,2021-07-20 18:26:00,SRGA
1.12,1.125,1.12,1.125,300,2021-07-20 18:28:00,SRGA
1.13,1.13,1.13,1.13,200,2021-07-20 18:29:00,SRGA
1.125,1.125,1.125,1.125,100,2021-07-20 18:32:00,SRGA
1.125,1.125,1.125,1.125,100,2021-07-20 18:33:00,SRGA
1.13,1.13,1.125,1.125,400,2021-07-20 18:34:00,SRGA
1.1275,1.1275,1.1275,1.1275,250,2021-07-20 18:35:00,SRGA
1.13,1.13,1.13,1.13,100,2021-07-20 18:36:00,SRGA
1.1221,1.13,1.1221,1.13,458,2021-07-20 18:37:00,SRGA
1.13,1.13,1.125,1.125,300,2021-07-20 18:39:00,SRGA
1.12,1.13,1.12,1.13,600,2021-07-20 18:40:00,SRGA
1.128,1.128,1.128,1.128,1500,2021-07-20 18:41:00,SRGA
1.13,1.13,1.13,1.13,100,2021-07-20 18:42:00,SRGA
1.125,1.125,1.125,1.125,400,2021-07-20 18:43:00,SRGA
1.125,1.125,1.125,1.125,100,2021-07-20 18:44:00,SRGA
1.125,1.125,1.121,1.121,1000,2021-07-20 18:45:00,SRGA
1.125,1.125,1.125,1.125,400,2021-07-20 18:46:00,SRGA
1.13,1.13,1.1241,1.1241,200,2021-07-20 18:47:00,SRGA
1.125,1.125,1.12,1.12,200,2021-07-20 18:48:00,SRGA
1.1205,1.125,1.1205,1.125,9250,2021-07-20 18:49:00,SRGA
1.13,1.13,1.13,1.13,100,2021-07-20 18:50:00,SRGA
1.125,1.125,1.125,1.125,100,2021-07-20 18:51:00,SRGA
1.13,1.13,1.13,1.13,200,2021-07-20 18:52:00,SRGA
1.125,1.125,1.12,1.125,3300,2021-07-20 18:53:00,SRGA
1.125,1.125,1.12,1.125,12900,2021-07-20 18:54:00,SRGA
1.125,1.125,1.12,1.12,8228,2021-07-20 18:55:00,SRGA
1.125,1.125,1.125,1.125,400,2021-07-20 18:56:00,SRGA
1.125,1.125,1.12,1.125,5313,2021-07-20 18:57:00,SRGA
1.125,1.125,1.12,1.12,5400,2021-07-20 18:58:00,SRGA
1.125,1.125,1.12,1.125,300,2021-07-20 18:59:00,SRGA
1.12,1.125,1.12,1.125,200,2021-07-20 19:00:00,SRGA
1.1273,1.13,1.125,1.125,5585,2021-07-20 19:01:00,SRGA
1.125,1.13,1.1211,1.13,12600,2021-07-20 19:02:00,SRGA
1.125,1.125,1.1201,1.125,10600,2021-07-20 19:03:00,SRGA
1.1201,1.13,1.1201,1.13,11950,2021-07-20 19:04:00,SRGA
1.125,1.13,1.121,1.125,12400,2021-07-20 19:05:00,SRGA
1.13,1.13,1.125,1.125,500,2021-07-20 19:06:00,SRGA
1.13,1.13,1.125,1.125,1300,2021-07-20 19:07:00,SRGA
1.125,1.1275,1.125,1.1275,1753,2021-07-20 19:08:00,SRGA
1.13,1.13,1.125,1.125,23621,2021-07-20 19:10:00,SRGA
1.13,1.13,1.13,1.13,100,2021-07-20 19:11:00,SRGA
1.13,1.13,1.1229,1.1229,245,2021-07-20 19:13:00,SRGA
1.13,1.13,1.125,1.125,900,2021-07-20 19:14:00,SRGA
1.13,1.13,1.125,1.125,4800,2021-07-20 19:16:00,SRGA
1.13,1.13,1.125,1.125,200,2021-07-20 19:17:00,SRGA
1.13,1.13,1.13,1.13,300,2021-07-20 19:18:00,SRGA
1.13,1.13,1.13,1.13,100,2021-07-20 19:19:00,SRGA
1.129,1.13,1.129,1.13,200,2021-07-20 19:20:00,SRGA
1.125,1.13,1.125,1.13,500,2021-07-20 19:21:00,SRGA
1.1286,1.1286,1.1286,1.1286,1000,2021-07-20 19:22:00,SRGA
1.13,1.14,1.13,1.135,9216,2021-07-20 19:23:00,SRGA
1.135,1.135,1.135,1.135,200,2021-07-20 19:24:00,SRGA
1.135,1.135,1.13,1.13,4016,2021-07-20 19:25:00,SRGA
1.13,1.13,1.12,1.1256,24159,2021-07-20 19:26:00,SRGA
1.1253,1.1253,1.1253,1.1253,1500,2021-07-20 19:27:00,SRGA
1.125,1.125,1.125,1.125,100,2021-07-20 19:29:00,SRGA
1.13,1.13,1.1281,1.1283,900,2021-07-20 19:30:00,SRGA
1.13,1.13,1.13,1.13,300,2021-07-20 19:32:00,SRGA
1.13,1.13,1.13,1.13,300,2021-07-20 19:33:00,SRGA
1.13,1.13,1.13,1.13,593,2021-07-20 19:34:00,SRGA
1.13,1.13,1.13,1.13,100,2021-07-20 19:35:00,SRGA
1.13,1.13,1.125,1.125,10450,2021-07-20 19:36:00,SRGA
1.13,1.13,1.125,1.125,600,2021-07-20 19:37:00,SRGA
1.125,1.13,1.125,1.13,300,2021-07-20 19:38:00,SRGA
1.125,1.13,1.125,1.125,300,2021-07-20 19:39:00,SRGA
1.13,1.13,1.125,1.13,700,2021-07-20 19:40:00,SRGA
1.125,1.125,1.125,1.125,200,2021-07-20 19:41:00,SRGA
1.13,1.13,1.125,1.1288,13627,2021-07-20 19:42:00,SRGA
1.125,1.13,1.125,1.13,200,2021-07-20 19:43:00,SRGA
1.13,1.13,1.13,1.13,400,2021-07-20 19:44:00,SRGA
1.1225,1.13,1.12,1.13,4230,2021-07-20 19:45:00,SRGA
1.13,1.13,1.1232,1.1232,924,2021-07-20 19:46:00,SRGA
1.125,1.13,1.125,1.13,1155,2021-07-20 19:47:00,SRGA
1.13,1.13,1.125,1.13,500,2021-07-20 19:48:00,SRGA
1.125,1.125,1.12,1.125,7400,2021-07-20 19:49:00,SRGA
1.125,1.125,1.12,1.125,902,2021-07-20 19:50:00,SRGA
1.125,1.125,1.125,1.125,400,2021-07-20 19:51:00,SRGA
1.125,1.125,1.12,1.12,6129,2021-07-20 19:52:00,SRGA
1.12,1.125,1.12,1.125,1912,2021-07-20 19:53:00,SRGA
1.125,1.125,1.1228,1.125,939,2021-07-20 19:54:00,SRGA
1.125,1.13,1.12,1.125,15035,2021-07-20 19:55:00,SRGA
1.125,1.1299,1.12,1.125,12950,2021-07-20 19:56:00,SRGA
1.125,1.1299,1.125,1.1299,6400,2021-07-20 19:57:00,SRGA
1.125,1.13,1.12,1.125,6586,2021-07-20 19:58:00,SRGA
1.125,1.13,1.125,1.13,3499,2021-07-20 19:59:00,SRGA
1.12,1.12,1.12,1.12,66288,2021-07-20 20:00:00,SRGA
1.12,1.12,1.12,1.12,500,2021-07-20 20:29:00,SRGA
1.11,1.11,1.11,1.11,1175,2021-07-20 20:46:00,SRGA
1.12,1.12,1.12,1.12,15000,2021-07-20 20:56:00,SRGA
1.12,1.12,1.12,1.12,3000,2021-07-20 20:57:00,SRGA
1.12,1.12,1.12,1.12,775,2021-07-20 20:59:00,SRGA
1.12,1.12,1.12,1.12,173420,2021-07-20 21:17:00,SRGA
1.11,1.11,1.11,1.11,2000,2021-07-20 21:23:00,SRGA
1.12,1.12,1.12,1.12,343,2021-07-20 21:25:00,SRGA
1.11,1.11,1.11,1.11,116,2021-07-20 21:26:00,SRGA
1.12,1.12,1.12,1.12,100,2021-07-20 21:33:00,SRGA
1.11,1.11,1.11,1.11,200,2021-07-20 21:45:00,SRGA
1.12,1.12,1.12,1.12,500,2021-07-20 22:09:00,SRGA
1.12,1.12,1.12,1.12,500,2021-07-20 23:21:00,SRGA
1.12,1.12,1.12,1.12,460,2021-07-21 08:40:00,SRGA
1.12,1.12,1.12,1.12,538,2021-07-21 09:44:00,SRGA
1.12,1.12,1.12,1.12,462,2021-07-21 10:14:00,SRGA
1.12,1.12,1.12,1.12,100,2021-07-21 10:23:00,SRGA
1.11,1.11,1.11,1.11,350,2021-07-21 10:33:00,SRGA
1.11,1.11,1.11,1.11,400,2021-07-21 10:34:00,SRGA
1.13,1.13,1.13,1.13,1000,2021-07-21 12:00:00,SRGA
1.13,1.13,1.13,1.13,100,2021-07-21 12:10:00,SRGA
1.13,1.13,1.13,1.13,640,2021-07-21 12:17:00,SRGA
1.13,1.13,1.13,1.13,200,2021-07-21 13:05:00,SRGA
1.13,1.13,1.13,1.13,425,2021-07-21 13:10:00,SRGA
1.14,1.14,1.14,1.14,2164,2021-07-21 13:16:00,SRGA
1.14,1.14,1.14,1.14,800,2021-07-21 13:23:00,SRGA
1.13,1.13,1.13,1.13,3411,2021-07-21 13:25:00,SRGA
1.11,1.1346,1.11,1.13,24376,2021-07-21 13:30:00,SRGA
1.1376,1.14,1.13,1.13,15300,2021-07-21 13:31:00,SRGA
1.13,1.13,1.13,1.13,4816,2021-07-21 13:32:00,SRGA
1.13,1.13,1.125,1.125,14372,2021-07-21 13:33:00,SRGA
1.12,1.1284,1.12,1.1284,5100,2021-07-21 13:34:00,SRGA
1.1299,1.135,1.125,1.135,31777,2021-07-21 13:35:00,SRGA
1.1321,1.1321,1.13,1.13,2350,2021-07-21 13:36:00,SRGA
1.1321,1.1321,1.1321,1.1321,632,2021-07-21 13:37:00,SRGA
1.1329,1.1329,1.1329,1.1329,260,2021-07-21 13:38:00,SRGA
1.1326,1.14,1.1326,1.135,10611,2021-07-21 13:39:00,SRGA
1.1345,1.139,1.13,1.139,10848,2021-07-21 13:40:00,SRGA
1.135,1.1361,1.13,1.135,11327,2021-07-21 13:41:00,SRGA
1.1399,1.1399,1.1322,1.135,5495,2021-07-21 13:42:00,SRGA
1.133,1.1399,1.13,1.1324,7876,2021-07-21 13:43:00,SRGA
1.1368,1.1368,1.13,1.133,4712,2021-07-21 13:44:00,SRGA
1.137,1.137,1.13,1.1367,7636,2021-07-21 13:45:00,SRGA
1.13,1.1367,1.12,1.12,58237,2021-07-21 13:46:00,SRGA
1.125,1.125,1.12,1.12,4766,2021-07-21 13:47:00,SRGA
1.12,1.1226,1.12,1.1226,500,2021-07-21 13:48:00,SRGA
1.12,1.12,1.12,1.12,200,2021-07-21 13:49:00,SRGA
1.12,1.12,1.12,1.12,400,2021-07-21 13:50:00,SRGA
1.12,1.125,1.12,1.125,600,2021-07-21 13:51:00,SRGA
1.12,1.1272,1.12,1.12,857,2021-07-21 13:52:00,SRGA
1.12,1.122,1.12,1.122,960,2021-07-21 13:53:00,SRGA
1.12,1.12,1.12,1.12,100,2021-07-21 13:54:00,SRGA
1.12,1.12,1.12,1.12,100,2021-07-21 13:55:00,SRGA
1.12,1.12,1.12,1.12,8737,2021-07-21 13:56:00,SRGA
1.12,1.125,1.12,1.125,300,2021-07-21 13:57:00,SRGA
1.12,1.125,1.12,1.125,2000,2021-07-21 13:58:00,SRGA
1.13,1.13,1.1222,1.1222,10495,2021-07-21 13:59:00,SRGA
1.125,1.1256,1.125,1.125,478,2021-07-21 14:00:00,SRGA
1.13,1.13,1.128,1.1282,3300,2021-07-21 14:01:00,SRGA
1.125,1.125,1.125,1.125,100,2021-07-21 14:02:00,SRGA
1.125,1.125,1.125,1.125,100,2021-07-21 14:03:00,SRGA
1.12,1.13,1.12,1.13,8650,2021-07-21 14:04:00,SRGA
1.1282,1.135,1.1282,1.135,17130,2021-07-21 14:05:00,SRGA
1.1399,1.1399,1.13,1.13,575,2021-07-21 14:07:00,SRGA
1.135,1.135,1.135,1.135,1200,2021-07-21 14:08:00,SRGA
1.14,1.14,1.135,1.135,11100,2021-07-21 14:09:00,SRGA
1.1379,1.1379,1.1379,1.1379,141,2021-07-21 14:11:00,SRGA
1.135,1.135,1.13,1.13,900,2021-07-21 14:12:00,SRGA
1.13,1.135,1.13,1.135,650,2021-07-21 14:13:00,SRGA
1.1316,1.135,1.1316,1.135,5200,2021-07-21 14:14:00,SRGA
1.135,1.135,1.1331,1.1331,200,2021-07-21 14:15:00,SRGA
1.1325,1.135,1.1325,1.135,846,2021-07-21 14:18:00,SRGA
1.1379,1.14,1.1379,1.14,500,2021-07-21 14:19:00,SRGA
1.13,1.13,1.13,1.13,100,2021-07-21 14:20:00,SRGA
1.13,1.13,1.13,1.13,7640,2021-07-21 14:21:00,SRGA
1.13,1.1323,1.13,1.1323,276,2021-07-21 14:22:00,SRGA
1.1301,1.1301,1.13,1.13,1475,2021-07-21 14:23:00,SRGA
1.13,1.13,1.13,1.13,1500,2021-07-21 14:24:00,SRGA
1.1301,1.1342,1.13,1.1342,3100,2021-07-21 14:25:00,SRGA
1.1313,1.1313,1.1313,1.1313,3000,2021-07-21 14:26:00,SRGA
1.13,1.135,1.13,1.135,27638,2021-07-21 14:27:00,SRGA
1.13,1.1324,1.13,1.13,500,2021-07-21 14:29:00,SRGA
1.13,1.13,1.13,1.13,4596,2021-07-21 14:30:00,SRGA
1.125,1.1285,1.125,1.1285,1550,2021-07-21 14:31:00,SRGA
1.13,1.13,1.13,1.13,1275,2021-07-21 14:32:00,SRGA
1.125,1.125,1.125,1.125,1250,2021-07-21 14:33:00,SRGA
1.1284,1.13,1.125,1.125,756,2021-07-21 14:34:00,SRGA
1.13,1.13,1.13,1.13,350,2021-07-21 14:35:00,SRGA
1.125,1.13,1.125,1.125,1000,2021-07-21 14:36:00,SRGA
1.125,1.125,1.125,1.125,300,2021-07-21 14:37:00,SRGA
1.125,1.125,1.125,1.125,1000,2021-07-21 14:38:00,SRGA
1.1247,1.1247,1.1247,1.1247,100,2021-07-21 14:40:00,SRGA
1.125,1.125,1.125,1.125,100,2021-07-21 14:42:00,SRGA
1.1248,1.1248,1.1248,1.1248,300,2021-07-21 14:43:00,SRGA
1.1261,1.1261,1.1261,1.1261,417,2021-07-21 14:45:00,SRGA
1.125,1.125,1.125,1.125,100,2021-07-21 14:48:00,SRGA
1.13,1.13,1.13,1.13,300,2021-07-21 14:53:00,SRGA
1.12,1.13,1.12,1.13,1950,2021-07-21 14:54:00,SRGA
1.1225,1.1225,1.1225,1.1225,1625,2021-07-21 14:56:00,SRGA
1.1201,1.1201,1.1201,1.1201,200,2021-07-21 14:57:00,SRGA
1.1235,1.1235,1.1235,1.1235,100,2021-07-21 14:58:00,SRGA
1.125,1.125,1.125,1.125,100,2021-07-21 14:59:00,SRGA
1.13,1.13,1.125,1.125,3200,2021-07-21 15:03:00,SRGA
1.125,1.13,1.12,1.125,4361,2021-07-21 15:04:00,SRGA
1.13,1.13,1.13,1.13,1000,2021-07-21 15:06:00,SRGA
1.1284,1.14,1.1284,1.135,14144,2021-07-21 15:08:00,SRGA
1.14,1.1484,1.14,1.1484,24933,2021-07-21 15:09:00,SRGA
1.145,1.15,1.145,1.1499,17700,2021-07-21 15:10:00,SRGA
1.1401,1.145,1.14,1.14,42078,2021-07-21 15:11:00,SRGA
1.14,1.145,1.14,1.1401,14200,2021-07-21 15:12:00,SRGA
1.141,1.145,1.141,1.145,10300,2021-07-21 15:13:00,SRGA
1.145,1.145,1.145,1.145,100,2021-07-21 15:14:00,SRGA
1.145,1.15,1.145,1.15,300,2021-07-21 15:15:00,SRGA
1.145,1.15,1.145,1.15,1500,2021-07-21 15:16:00,SRGA
1.145,1.145,1.1402,1.1416,10600,2021-07-21 15:18:00,SRGA
1.1401,1.147,1.14,1.145,13500,2021-07-21 15:19:00,SRGA
1.14,1.145,1.14,1.14,41042,2021-07-21 15:20:00,SRGA
1.14,1.14,1.14,1.14,1000,2021-07-21 15:21:00,SRGA
1.1447,1.1447,1.14,1.14,600,2021-07-21 15:22:00,SRGA
1.14,1.14,1.14,1.14,15494,2021-07-21 15:23:00,SRGA
1.135,1.14,1.133,1.1366,17013,2021-07-21 15:24:00,SRGA
1.135,1.14,1.135,1.1378,8100,2021-07-21 15:25:00,SRGA
1.1374,1.14,1.135,1.135,4100,2021-07-21 15:26:00,SRGA
1.135,1.14,1.135,1.1399,4200,2021-07-21 15:27:00,SRGA
1.135,1.135,1.135,1.135,100,2021-07-21 15:28:00,SRGA
1.135,1.1374,1.135,1.135,1900,2021-07-21 15:29:00,SRGA
1.1364,1.1372,1.1364,1.1372,2200,2021-07-21 15:30:00,SRGA
1.14,1.14,1.135,1.1359,7600,2021-07-21 15:31:00,SRGA
1.14,1.14,1.135,1.14,21340,2021-07-21 15:32:00,SRGA
1.14,1.145,1.14,1.145,400,2021-07-21 15:33:00,SRGA
1.15,1.15,1.1419,1.1419,2050,2021-07-21 15:34:00,SRGA
1.1406,1.147,1.1406,1.145,30400,2021-07-21 15:36:00,SRGA
1.145,1.145,1.142,1.142,1200,2021-07-21 15:37:00,SRGA
1.14,1.14,1.14,1.14,100,2021-07-21 15:39:00,SRGA
1.1416,1.145,1.1416,1.145,2443,2021-07-21 15:40:00,SRGA
1.14,1.1418,1.14,1.1418,27798,2021-07-21 15:41:00,SRGA
1.1424,1.1424,1.14,1.1401,2100,2021-07-21 15:42:00,SRGA
1.1421,1.15,1.14,1.148,1800,2021-07-21 15:43:00,SRGA
1.14,1.14,1.14,1.14,100,2021-07-21 15:44:00,SRGA
1.1406,1.145,1.1406,1.145,1874,2021-07-21 15:45:00,SRGA
1.14,1.14,1.14,1.14,100,2021-07-21 15:46:00,SRGA
1.14,1.14,1.14,1.14,200,2021-07-21 15:47:00,SRGA
1.1423,1.1423,1.14,1.14,1000,2021-07-21 15:48:00,SRGA
1.14,1.145,1.14,1.145,200,2021-07-21 15:49:00,SRGA
1.15,1.15,1.14,1.14,400,2021-07-21 15:50:00,SRGA
1.15,1.15,1.14,1.14,200,2021-07-21 15:51:00,SRGA
1.14,1.14,1.14,1.14,300,2021-07-21 15:53:00,SRGA
1.14,1.14,1.14,1.14,100,2021-07-21 15:54:00,SRGA
1.14,1.14,1.14,1.14,100,2021-07-21 15:55:00,SRGA
1.1446,1.1492,1.14,1.14,36914,2021-07-21 15:56:00,SRGA
1.14,1.14,1.14,1.14,261,2021-07-21 15:57:00,SRGA
1.14,1.14,1.14,1.14,700,2021-07-21 15:58:00,SRGA
1.14,1.15,1.14,1.14,7150,2021-07-21 15:59:00,SRGA
1.145,1.145,1.145,1.145,100,2021-07-21 16:00:00,SRGA
1.145,1.15,1.145,1.145,600,2021-07-21 16:02:00,SRGA
1.1428,1.1428,1.1428,1.1428,175,2021-07-21 16:04:00,SRGA
1.145,1.15,1.145,1.15,600,2021-07-21 16:05:00,SRGA
1.145,1.15,1.145,1.145,2750,2021-07-21 16:06:00,SRGA
1.145,1.15,1.145,1.15,400,2021-07-21 16:07:00,SRGA
1.145,1.15,1.145,1.145,1000,2021-07-21 16:08:00,SRGA
1.145,1.145,1.145,1.145,300,2021-07-21 16:09:00,SRGA
1.1462,1.1462,1.145,1.145,200,2021-07-21 16:10:00,SRGA
1.1462,1.1462,1.1462,1.1462,100,2021-07-21 16:11:00,SRGA
1.15,1.15,1.14,1.14,24539,2021-07-21 16:12:00,SRGA
1.14,1.145,1.14,1.1401,2700,2021-07-21 16:13:00,SRGA
1.145,1.145,1.145,1.145,100,2021-07-21 16:14:00,SRGA
1.145,1.148,1.145,1.145,1000,2021-07-21 16:17:00,SRGA
1.15,1.15,1.145,1.15,800,2021-07-21 16:18:00,SRGA
1.15,1.15,1.145,1.145,5929,2021-07-21 16:21:00,SRGA
1.15,1.15,1.1433,1.1433,300,2021-07-21 16:22:00,SRGA
1.15,1.15,1.148,1.148,7881,2021-07-21 16:24:00,SRGA
1.145,1.15,1.145,1.15,6100,2021-07-21 16:25:00,SRGA
1.15,1.15,1.15,1.15,500,2021-07-21 16:26:00,SRGA
1.145,1.145,1.145,1.145,100,2021-07-21 16:27:00,SRGA
1.145,1.16,1.145,1.155,42085,2021-07-21 16:28:00,SRGA
1.155,1.155,1.1531,1.1531,510,2021-07-21 16:29:00,SRGA
1.155,1.155,1.155,1.155,300,2021-07-21 16:30:00,SRGA
1.1581,1.16,1.155,1.1564,17627,2021-07-21 16:31:00,SRGA
1.155,1.159,1.155,1.155,10289,2021-07-21 16:32:00,SRGA
1.1531,1.165,1.1509,1.165,17209,2021-07-21 16:33:00,SRGA
1.165,1.17,1.1621,1.165,11255,2021-07-21 16:34:00,SRGA
1.1635,1.1699,1.16,1.1699,42985,2021-07-21 16:35:00,SRGA
1.163,1.17,1.1616,1.17,29500,2021-07-21 16:36:00,SRGA
1.165,1.1699,1.165,1.165,23900,2021-07-21 16:37:00,SRGA
1.165,1.1698,1.16,1.16,44876,2021-07-21 16:38:00,SRGA
1.16,1.16,1.155,1.1574,13235,2021-07-21 16:39:00,SRGA
1.1563,1.16,1.15,1.155,2410,2021-07-21 16:40:00,SRGA
1.1527,1.1599,1.1527,1.1599,2500,2021-07-21 16:41:00,SRGA
1.155,1.155,1.15,1.15,200,2021-07-21 16:42:00,SRGA
1.155,1.155,1.15,1.155,2300,2021-07-21 16:43:00,SRGA
1.1579,1.1579,1.15,1.15,2000,2021-07-21 16:44:00,SRGA
1.155,1.155,1.15,1.155,600,2021-07-21 16:45:00,SRGA
1.152,1.1599,1.1516,1.155,7600,2021-07-21 16:46:00,SRGA
1.15,1.1501,1.15,1.15,7100,2021-07-21 16:47:00,SRGA
1.15,1.155,1.15,1.151,12200,2021-07-21 16:48:00,SRGA
1.1514,1.16,1.15,1.1514,42100,2021-07-21 16:49:00,SRGA
1.1501,1.155,1.15,1.15,15800,2021-07-21 16:50:00,SRGA
1.155,1.155,1.155,1.155,701,2021-07-21 16:51:00,SRGA
1.15,1.1589,1.15,1.1589,7600,2021-07-21 16:52:00,SRGA
1.15,1.15,1.15,1.15,200,2021-07-21 16:53:00,SRGA
1.155,1.155,1.15,1.15,1500,2021-07-21 16:54:00,SRGA
1.15,1.153,1.15,1.15,490,2021-07-21 16:55:00,SRGA
1.158,1.158,1.15,1.15,2200,2021-07-21 16:56:00,SRGA
1.15,1.1518,1.15,1.1518,4860,2021-07-21 16:57:00,SRGA
1.15,1.1578,1.15,1.15,7850,2021-07-21 16:58:00,SRGA
1.15,1.15,1.15,1.15,3100,2021-07-21 16:59:00,SRGA
1.15,1.16,1.15,1.15,486,2021-07-21 17:00:00,SRGA
1.15,1.155,1.15,1.155,400,2021-07-21 17:02:00,SRGA
1.155,1.155,1.15,1.15,3500,2021-07-21 17:03:00,SRGA
1.1577,1.1577,1.15,1.15,1319,2021-07-21 17:04:00,SRGA
1.15,1.15,1.15,1.15,100,2021-07-21 17:05:00,SRGA
1.158,1.158,1.15,1.15,1065,2021-07-21 17:06:00,SRGA
1.155,1.155,1.155,1.155,200,2021-07-21 17:07:00,SRGA
1.155,1.155,1.155,1.155,1000,2021-07-21 17:08:00,SRGA
1.1567,1.1567,1.1567,1.1567,1000,2021-07-21 17:09:00,SRGA
1.155,1.155,1.1534,1.1534,766,2021-07-21 17:10:00,SRGA
1.1565,1.1565,1.1565,1.1565,500,2021-07-21 17:11:00,SRGA
1.153,1.153,1.153,1.153,250,2021-07-21 17:13:00,SRGA
1.151,1.1599,1.151,1.155,2150,2021-07-21 17:16:00,SRGA
1.155,1.16,1.155,1.1599,3305,2021-07-21 17:17:00,SRGA
1.1575,1.1575,1.15,1.157,1050,2021-07-21 17:18:00,SRGA
1.153,1.153,1.15,1.15,2123,2021-07-21 17:19:00,SRGA
1.1599,1.1599,1.1599,1.1599,200,2021-07-21 17:20:00,SRGA
1.155,1.155,1.155,1.155,500,2021-07-21 17:21:00,SRGA
1.1592,1.1592,1.155,1.155,2663,2021-07-21 17:24:00,SRGA
1.16,1.16,1.16,1.16,100,2021-07-21 17:26:00,SRGA
1.155,1.155,1.155,1.155,1000,2021-07-21 17:28:00,SRGA
1.1535,1.1535,1.1535,1.1535,100,2021-07-21 17:29:00,SRGA
1.155,1.1567,1.155,1.1567,417,2021-07-21 17:30:00,SRGA
1.159,1.159,1.159,1.159,100,2021-07-21 17:32:00,SRGA
1.155,1.155,1.155,1.155,5200,2021-07-21 17:34:00,SRGA
1.155,1.17,1.155,1.17,25457,2021-07-21 17:36:00,SRGA
1.17,1.17,1.17,1.17,200,2021-07-21 17:37:00,SRGA
1.1666,1.1666,1.1666,1.1666,100,2021-07-21 17:38:00,SRGA
1.17,1.17,1.165,1.165,5100,2021-07-21 17:39:00,SRGA
1.16,1.161,1.16,1.1602,16610,2021-07-21 17:40:00,SRGA
1.16,1.167,1.1529,1.1529,7721,2021-07-21 17:41:00,SRGA
1.16,1.165,1.16,1.165,1549,2021-07-21 17:42:00,SRGA
1.16,1.17,1.16,1.168,7100,2021-07-21 17:44:00,SRGA
1.165,1.17,1.16,1.165,13358,2021-07-21 17:45:00,SRGA
1.165,1.165,1.16,1.165,7200,2021-07-21 17:46:00,SRGA
1.165,1.165,1.165,1.165,200,2021-07-21 17:47:00,SRGA
1.17,1.17,1.165,1.165,400,2021-07-21 17:50:00,SRGA
1.165,1.165,1.165,1.165,100,2021-07-21 17:51:00,SRGA
1.1699,1.1699,1.1699,1.1699,400,2021-07-21 17:52:00,SRGA
1.165,1.165,1.165,1.165,100,2021-07-21 17:53:00,SRGA
1.1601,1.1601,1.1601,1.1601,791,2021-07-21 17:54:00,SRGA
1.1669,1.1669,1.1669,1.1669,100,2021-07-21 17:55:00,SRGA
1.1619,1.1619,1.1619,1.1619,2000,2021-07-21 17:56:00,SRGA
1.168,1.168,1.168,1.168,100,2021-07-21 17:57:00,SRGA
1.1631,1.1669,1.1631,1.1669,318,2021-07-21 17:59:00,SRGA
1.17,1.17,1.165,1.165,2437,2021-07-21 18:00:00,SRGA
1.163,1.17,1.1626,1.1626,1975,2021-07-21 18:02:00,SRGA
1.16,1.165,1.16,1.165,2100,2021-07-21 18:03:00,SRGA
1.165,1.165,1.165,1.165,1000,2021-07-21 18:04:00,SRGA
1.168,1.168,1.165,1.165,3200,2021-07-21 18:05:00,SRGA
1.1601,1.1601,1.1601,1.1601,4000,2021-07-21 18:07:00,SRGA
1.165,1.1699,1.165,1.1699,1600,2021-07-21 18:08:00,SRGA
1.165,1.165,1.165,1.165,200,2021-07-21 18:09:00,SRGA
1.165,1.165,1.16,1.16,3100,2021-07-21 18:10:00,SRGA
1.1601,1.165,1.1601,1.165,1200,2021-07-21 18:11:00,SRGA
1.1699,1.1699,1.1699,1.1699,200,2021-07-21 18:12:00,SRGA
1.165,1.165,1.1601,1.165,3200,2021-07-21 18:13:00,SRGA
1.165,1.165,1.165,1.165,100,2021-07-21 18:14:00,SRGA
1.165,1.165,1.165,1.165,200,2021-07-21 18:15:00,SRGA
1.165,1.165,1.165,1.165,100,2021-07-21 18:16:00,SRGA
1.165,1.165,1.165,1.165,100,2021-07-21 18:18:00,SRGA
1.1615,1.1615,1.1615,1.1615,8600,2021-07-21 18:21:00,SRGA
1.165,1.165,1.165,1.165,100,2021-07-21 18:22:00,SRGA
1.1657,1.1657,1.161,1.165,8310,2021-07-21 18:23:00,SRGA
1.165,1.165,1.165,1.165,100,2021-07-21 18:24:00,SRGA
1.165,1.165,1.165,1.165,200,2021-07-21 18:25:00,SRGA
1.165,1.165,1.165,1.165,300,2021-07-21 18:26:00,SRGA
1.165,1.165,1.165,1.165,100,2021-07-21 18:28:00,SRGA
1.165,1.165,1.165,1.165,100,2021-07-21 18:31:00,SRGA
1.165,1.165,1.165,1.165,200,2021-07-21 18:32:00,SRGA
1.1601,1.1601,1.1601,1.1601,445,2021-07-21 18:33:00,SRGA
1.1618,1.17,1.16,1.165,4500,2021-07-21 18:36:00,SRGA
1.1646,1.169,1.1646,1.169,1200,2021-07-21 18:37:00,SRGA
1.165,1.165,1.165,1.165,100,2021-07-21 18:40:00,SRGA
1.1699,1.1699,1.1699,1.1699,100,2021-07-21 18:41:00,SRGA
1.1661,1.1661,1.1661,1.1661,400,2021-07-21 18:43:00,SRGA
1.165,1.165,1.165,1.165,100,2021-07-21 18:44:00,SRGA
1.17,1.17,1.16,1.17,4400,2021-07-21 18:46:00,SRGA
1.165,1.165,1.165,1.165,100,2021-07-21 18:47:00,SRGA
1.165,1.165,1.163,1.163,350,2021-07-21 18:49:00,SRGA
1.165,1.165,1.1601,1.1601,269,2021-07-21 18:51:00,SRGA
1.165,1.165,1.162,1.165,1400,2021-07-21 18:52:00,SRGA
1.1681,1.17,1.1681,1.17,3100,2021-07-21 18:57:00,SRGA
1.1659,1.1666,1.1601,1.1601,3100,2021-07-21 18:58:00,SRGA
1.165,1.165,1.165,1.165,100,2021-07-21 18:59:00,SRGA
1.165,1.165,1.165,1.165,100,2021-07-21 19:00:00,SRGA
1.165,1.17,1.16,1.16,1800,2021-07-21 19:01:00,SRGA
1.1623,1.165,1.1623,1.165,1100,2021-07-21 19:02:00,SRGA
1.165,1.165,1.165,1.165,700,2021-07-21 19:03:00,SRGA
1.16,1.16,1.16,1.16,1000,2021-07-21 19:04:00,SRGA
1.165,1.165,1.165,1.165,100,2021-07-21 19:05:00,SRGA
1.1649,1.165,1.16,1.165,1200,2021-07-21 19:06:00,SRGA
1.17,1.17,1.1617,1.1673,4400,2021-07-21 19:07:00,SRGA
1.165,1.1663,1.16,1.1601,33284,2021-07-21 19:08:00,SRGA
1.165,1.17,1.165,1.165,44000,2021-07-21 19:09:00,SRGA
1.1624,1.165,1.1624,1.165,1800,2021-07-21 19:10:00,SRGA
1.1659,1.17,1.165,1.1699,3661,2021-07-21 19:11:00,SRGA
1.165,1.165,1.165,1.165,100,2021-07-21 19:12:00,SRGA
1.165,1.17,1.165,1.168,3482,2021-07-21 19:13:00,SRGA
1.165,1.17,1.16,1.165,20873,2021-07-21 19:14:00,SRGA
1.165,1.17,1.165,1.165,6863,2021-07-21 19:15:00,SRGA
1.165,1.17,1.165,1.165,4000,2021-07-21 19:16:00,SRGA
1.165,1.165,1.165,1.165,1000,2021-07-21 19:17:00,SRGA
1.165,1.165,1.165,1.165,100,2021-07-21 19:18:00,SRGA
1.165,1.165,1.165,1.165,600,2021-07-21 19:19:00,SRGA
1.165,1.17,1.165,1.17,2900,2021-07-21 19:20:00,SRGA
1.1699,1.1699,1.165,1.165,1300,2021-07-21 19:21:00,SRGA
1.165,1.165,1.165,1.165,800,2021-07-21 19:22:00,SRGA
1.165,1.165,1.165,1.165,600,2021-07-21 19:23:00,SRGA
1.17,1.17,1.1638,1.165,2900,2021-07-21 19:24:00,SRGA
1.165,1.167,1.16,1.165,7600,2021-07-21 19:25:00,SRGA
1.165,1.165,1.165,1.165,700,2021-07-21 19:27:00,SRGA
1.1699,1.1699,1.165,1.165,800,2021-07-21 19:28:00,SRGA
1.165,1.17,1.1613,1.165,19300,2021-07-21 19:29:00,SRGA
1.165,1.17,1.16,1.165,12700,2021-07-21 19:31:00,SRGA
1.165,1.17,1.165,1.1699,5500,2021-07-21 19:32:00,SRGA
1.165,1.17,1.1633,1.17,3402,2021-07-21 19:33:00,SRGA
1.17,1.17,1.165,1.17,13700,2021-07-21 19:34:00,SRGA
1.165,1.165,1.165,1.165,500,2021-07-21 19:35:00,SRGA
1.165,1.1653,1.165,1.1653,1020,2021-07-21 19:36:00,SRGA
1.165,1.165,1.16,1.16,592,2021-07-21 19:37:00,SRGA
1.17,1.17,1.165,1.165,1329,2021-07-21 19:38:00,SRGA
1.165,1.17,1.16,1.165,1275,2021-07-21 19:39:00,SRGA
1.165,1.17,1.165,1.17,2556,2021-07-21 19:40:00,SRGA
1.165,1.17,1.165,1.1667,1960,2021-07-21 19:41:00,SRGA
1.168,1.168,1.165,1.165,500,2021-07-21 19:42:00,SRGA
1.165,1.165,1.165,1.165,300,2021-07-21 19:43:00,SRGA
1.165,1.17,1.165,1.17,1100,2021-07-21 19:44:00,SRGA
1.165,1.17,1.1636,1.1636,1000,2021-07-21 19:45:00,SRGA
1.165,1.17,1.165,1.17,3700,2021-07-21 19:46:00,SRGA
1.165,1.165,1.165,1.165,400,2021-07-21 19:47:00,SRGA
1.165,1.17,1.16,1.17,1336,2021-07-21 19:48:00,SRGA
1.165,1.17,1.16,1.17,4928,2021-07-21 19:49:00,SRGA
1.17,1.17,1.165,1.165,72086,2021-07-21 19:50:00,SRGA
1.165,1.165,1.165,1.165,2300,2021-07-21 19:51:00,SRGA
1.165,1.17,1.165,1.1662,6300,2021-07-21 19:52:00,SRGA
1.165,1.165,1.165,1.165,1200,2021-07-21 19:53:00,SRGA
1.165,1.17,1.1628,1.168,22184,2021-07-21 19:54:00,SRGA
1.17,1.17,1.1629,1.1629,4543,2021-07-21 19:55:00,SRGA
1.17,1.17,1.1616,1.1675,8799,2021-07-21 19:56:00,SRGA
1.17,1.17,1.1648,1.168,12380,2021-07-21 19:57:00,SRGA
1.17,1.17,1.16,1.165,900,2021-07-21 19:58:00,SRGA
1.165,1.17,1.16,1.17,24083,2021-07-21 19:59:00,SRGA
1.18,1.18,1.18,1.18,95536,2021-07-21 20:00:00,SRGA
1.18,1.18,1.18,1.18,100,2021-07-21 20:08:00,SRGA
1.16,1.16,1.16,1.16,500,2021-07-21 20:10:00,SRGA
1.17,1.17,1.17,1.17,2909,2021-07-21 21:24:00,SRGA
1.16,1.16,1.16,1.16,100,2021-07-21 22:19:00,SRGA
1.17,1.17,1.17,1.17,200,2021-07-21 23:45:00,SRGA
1.16,1.16,1.16,1.16,125,2021-07-21 23:57:00,SRGA
1.17,1.18,1.17,1.18,247,2021-07-22 08:05:00,SRGA
1.19,1.19,1.19,1.19,200,2021-07-22 09:41:00,SRGA
1.18,1.18,1.18,1.18,262,2021-07-22 10:36:00,SRGA
1.1799,1.1799,1.1799,1.1799,500,2021-07-22 12:02:00,SRGA
1.17,1.17,1.17,1.17,1000,2021-07-22 12:39:00,SRGA
1.18,1.18,1.18,1.18,900,2021-07-22 12:45:00,SRGA
1.18,1.18,1.18,1.18,300,2021-07-22 12:46:00,SRGA
1.17,1.17,1.17,1.17,382,2021-07-22 12:47:00,SRGA
1.17,1.17,1.17,1.17,250,2021-07-22 12:57:00,SRGA
1.1601,1.1601,1.1601,1.1601,100,2021-07-22 13:03:00,SRGA
1.17,1.17,1.17,1.17,100,2021-07-22 13:18:00,SRGA
1.16,1.16,1.16,1.16,300,2021-07-22 13:19:00,SRGA
1.15,1.16,1.15,1.15,15158,2021-07-22 13:30:00,SRGA
1.15,1.15,1.14,1.1499,8001,2021-07-22 13:31:00,SRGA
1.1494,1.1494,1.145,1.145,7700,2021-07-22 13:32:00,SRGA
1.145,1.1487,1.14,1.14,3100,2021-07-22 13:33:00,SRGA
1.15,1.15,1.145,1.145,870,2021-07-22 13:34:00,SRGA
1.1599,1.1599,1.15,1.15,1450,2021-07-22 13:35:00,SRGA
1.15,1.15,1.145,1.149,9000,2021-07-22 13:36:00,SRGA
1.149,1.15,1.145,1.145,11900,2021-07-22 13:37:00,SRGA
1.141,1.145,1.13,1.145,55778,2021-07-22 13:38:00,SRGA
1.14,1.14,1.13,1.13,2200,2021-07-22 13:39:00,SRGA
1.135,1.139,1.135,1.139,5100,2021-07-22 13:40:00,SRGA
1.13,1.13,1.13,1.13,100,2021-07-22 13:41:00,SRGA
1.135,1.135,1.135,1.135,764,2021-07-22 13:42:00,SRGA
1.1385,1.1385,1.1382,1.1382,3000,2021-07-22 13:43:00,SRGA
1.1399,1.1399,1.135,1.1396,2589,2021-07-22 13:44:00,SRGA
1.135,1.14,1.131,1.14,4900,2021-07-22 13:45:00,SRGA
1.1382,1.14,1.1382,1.14,275,2021-07-22 13:46:00,SRGA
1.133,1.1389,1.13,1.135,20175,2021-07-22 13:47:00,SRGA
1.1399,1.1399,1.1399,1.1399,1000,2021-07-22 13:49:00,SRGA
1.13,1.1371,1.13,1.1371,1100,2021-07-22 13:51:00,SRGA
1.1301,1.1301,1.13,1.13,300,2021-07-22 13:52:00,SRGA
1.14,1.14,1.14,1.14,100,2021-07-22 13:53:00,SRGA
1.1399,1.1399,1.13,1.13,2991,2021-07-22 13:54:00,SRGA
1.13,1.135,1.13,1.135,4100,2021-07-22 13:55:00,SRGA
1.1399,1.1399,1.13,1.1301,2601,2021-07-22 13:56:00,SRGA
1.1357,1.1357,1.13,1.13,300,2021-07-22 13:57:00,SRGA
1.135,1.135,1.135,1.135,300,2021-07-22 13:59:00,SRGA
1.135,1.135,1.135,1.135,1200,2021-07-22 14:00:00,SRGA
1.135,1.135,1.135,1.135,400,2021-07-22 14:01:00,SRGA
1.1385,1.14,1.1385,1.14,11600,2021-07-22 14:03:00,SRGA
1.1385,1.1385,1.135,1.135,725,2021-07-22 14:04:00,SRGA
1.135,1.135,1.135,1.135,100,2021-07-22 14:05:00,SRGA
1.135,1.14,1.1323,1.135,9325,2021-07-22 14:06:00,SRGA
1.1364,1.1383,1.13,1.1383,6800,2021-07-22 14:07:00,SRGA
1.135,1.135,1.135,1.135,100,2021-07-22 14:08:00,SRGA
1.135,1.135,1.13,1.13,2000,2021-07-22 14:09:00,SRGA
1.13,1.135,1.13,1.135,17800,2021-07-22 14:11:00,SRGA
1.135,1.135,1.135,1.135,800,2021-07-22 14:14:00,SRGA
1.13,1.13,1.11,1.115,87107,2021-07-22 14:15:00,SRGA
1.115,1.1299,1.115,1.1214,77945,2021-07-22 14:16:00,SRGA
1.125,1.125,1.1115,1.1117,66034,2021-07-22 14:17:00,SRGA
1.1195,1.12,1.11,1.115,48411,2021-07-22 14:18:00,SRGA
1.115,1.12,1.115,1.12,1700,2021-07-22 14:19:00,SRGA
1.115,1.12,1.115,1.12,17172,2021-07-22 14:20:00,SRGA
1.1299,1.1299,1.1299,1.1299,100,2021-07-22 14:22:00,SRGA
1.1299,1.1299,1.1233,1.1233,701,2021-07-22 14:24:00,SRGA
1.1299,1.1299,1.1299,1.1299,2000,2021-07-22 14:25:00,SRGA
1.1266,1.1266,1.1266,1.1266,100,2021-07-22 14:27:00,SRGA
1.125,1.125,1.125,1.125,800,2021-07-22 14:28:00,SRGA
1.13,1.13,1.125,1.125,36072,2021-07-22 14:31:00,SRGA
1.13,1.13,1.12,1.12,600,2021-07-22 14:32:00,SRGA
1.1299,1.1299,1.125,1.125,1250,2021-07-22 14:33:00,SRGA
1.125,1.1299,1.125,1.1299,200,2021-07-22 14:34:00,SRGA
1.1275,1.1275,1.1275,1.1275,444,2021-07-22 14:35:00,SRGA
1.1299,1.13,1.125,1.13,4200,2021-07-22 14:38:00,SRGA
1.1292,1.1292,1.1292,1.1292,5000,2021-07-22 14:41:00,SRGA
1.1232,1.13,1.1232,1.13,1650,2021-07-22 14:42:00,SRGA
1.1286,1.1286,1.1286,1.1286,10000,2021-07-22 14:44:00,SRGA
1.12,1.12,1.12,1.12,4336,2021-07-22 14:45:00,SRGA
1.1282,1.1282,1.1282,1.1282,5000,2021-07-22 14:47:00,SRGA
1.1233,1.1233,1.1233,1.1233,1840,2021-07-22 14:49:00,SRGA
1.1268,1.1268,1.12,1.12,1171,2021-07-22 14:53:00,SRGA
1.1262,1.1262,1.1262,1.1262,750,2021-07-22 14:54:00,SRGA
1.125,1.13,1.125,1.13,3429,2021-07-22 14:55:00,SRGA
1.1274,1.13,1.1274,1.13,1100,2021-07-22 14:56:00,SRGA
1.1265,1.1265,1.1265,1.1265,200,2021-07-22 14:58:00,SRGA
1.127,1.127,1.127,1.127,1000,2021-07-22 14:59:00,SRGA
1.128,1.128,1.128,1.128,300,2021-07-22 15:00:00,SRGA
1.125,1.13,1.12,1.13,900,2021-07-22 15:01:00,SRGA
1.125,1.125,1.125,1.125,100,2021-07-22 15:02:00,SRGA
1.13,1.13,1.13,1.13,100,2021-07-22 15:03:00,SRGA
1.1239,1.1239,1.1239,1.1239,120,2021-07-22 15:04:00,SRGA
1.13,1.13,1.13,1.13,300,2021-07-22 15:06:00,SRGA
1.13,1.13,1.12,1.12,3700,2021-07-22 15:09:00,SRGA
1.125,1.13,1.125,1.1265,25300,2021-07-22 15:10:00,SRGA
1.125,1.14,1.125,1.135,151745,2021-07-22 15:11:00,SRGA
1.1368,1.1368,1.13,1.13,300,2021-07-22 15:14:00,SRGA
1.1368,1.1368,1.1368,1.1368,100,2021-07-22 15:15:00,SRGA
1.135,1.135,1.13,1.135,700,2021-07-22 15:18:00,SRGA
1.13,1.13,1.13,1.13,200,2021-07-22 15:19:00,SRGA
1.13,1.13,1.13,1.13,200,2021-07-22 15:20:00,SRGA
1.13,1.13,1.13,1.13,100,2021-07-22 15:21:00,SRGA
1.1301,1.1399,1.1301,1.1399,800,2021-07-22 15:22:00,SRGA
1.14,1.14,1.14,1.14,395,2021-07-22 15:24:00,SRGA
1.131,1.131,1.131,1.131,1234,2021-07-22 15:25:00,SRGA
1.1322,1.1322,1.1322,1.1322,1000,2021-07-22 15:29:00,SRGA
1.13,1.13,1.13,1.13,5310,2021-07-22 15:31:00,SRGA
1.13,1.13,1.13,1.13,100,2021-07-22 15:34:00,SRGA
1.13,1.13,1.13,1.13,5000,2021-07-22 15:35:00,SRGA
1.14,1.14,1.14,1.14,792,2021-07-22 15:36:00,SRGA
1.1399,1.1399,1.1399,1.1399,500,2021-07-22 15:37:00,SRGA
1.1333,1.1333,1.1333,1.1333,5000,2021-07-22 15:38:00,SRGA
1.1371,1.1371,1.1371,1.1371,250,2021-07-22 15:39:00,SRGA
1.1301,1.1301,1.1301,1.1301,2975,2021-07-22 15:44:00,SRGA
1.1333,1.135,1.1333,1.135,579,2021-07-22 15:45:00,SRGA
1.14,1.14,1.135,1.14,4300,2021-07-22 15:48:00,SRGA
1.1335,1.1335,1.1335,1.1335,201,2021-07-22 15:55:00,SRGA
1.1372,1.1372,1.1332,1.1332,1313,2021-07-22 15:58:00,SRGA
1.13,1.13,1.13,1.13,4000,2021-07-22 15:59:00,SRGA
1.135,1.14,1.135,1.14,1000,2021-07-22 16:01:00,SRGA
1.13,1.13,1.12,1.12,32127,2021-07-22 16:02:00,SRGA
1.12,1.125,1.12,1.1219,8000,2021-07-22 16:03:00,SRGA
1.1299,1.1299,1.1299,1.1299,4000,2021-07-22 16:05:00,SRGA
1.1276,1.1276,1.1276,1.1276,800,2021-07-22 16:06:00,SRGA
1.1291,1.1291,1.125,1.1287,25500,2021-07-22 16:07:00,SRGA
1.1269,1.1269,1.1237,1.1237,450,2021-07-22 16:08:00,SRGA
1.125,1.125,1.125,1.125,100,2021-07-22 16:09:00,SRGA
1.1277,1.1277,1.1277,1.1277,889,2021-07-22 16:10:00,SRGA
1.125,1.125,1.125,1.125,100,2021-07-22 16:12:00,SRGA
1.1262,1.1262,1.1262,1.1262,3500,2021-07-22 16:15:00,SRGA
1.1271,1.1271,1.1271,1.1271,300,2021-07-22 16:16:00,SRGA
1.125,1.1278,1.125,1.1278,1100,2021-07-22 16:17:00,SRGA
1.1227,1.1227,1.1227,1.1227,2080,2021-07-22 16:18:00,SRGA
1.1299,1.1299,1.12,1.12,4300,2021-07-22 16:20:00,SRGA
1.1267,1.1267,1.12,1.12,200,2021-07-22 16:22:00,SRGA
1.12,1.12,1.12,1.12,12000,2021-07-22 16:24:00,SRGA
1.1228,1.1228,1.12,1.12,16594,2021-07-22 16:25:00,SRGA
1.1201,1.1201,1.1201,1.1201,5000,2021-07-22 16:26:00,SRGA
1.1227,1.1268,1.1227,1.1268,1200,2021-07-22 16:29:00,SRGA
1.125,1.125,1.125,1.125,200,2021-07-22 16:31:00,SRGA
1.13,1.13,1.13,1.13,10000,2021-07-22 16:35:00,SRGA
1.1299,1.1299,1.125,1.125,1400,2021-07-22 16:39:00,SRGA
1.12,1.12,1.12,1.12,100,2021-07-22 16:42:00,SRGA
1.12,1.12,1.12,1.12,100,2021-07-22 16:43:00,SRGA
1.1277,1.1277,1.1277,1.1277,700,2021-07-22 16:46:00,SRGA
1.1299,1.1299,1.12,1.12,600,2021-07-22 16:49:00,SRGA
1.1299,1.1299,1.1299,1.1299,2000,2021-07-22 16:50:00,SRGA
1.1288,1.13,1.1218,1.125,11973,2021-07-22 16:51:00,SRGA
1.1219,1.1219,1.1219,1.1219,5000,2021-07-22 16:54:00,SRGA
1.1247,1.1247,1.1247,1.1247,5000,2021-07-22 16:56:00,SRGA
1.12,1.12,1.12,1.12,100,2021-07-22 16:57:00,SRGA
1.1214,1.1214,1.1214,1.1214,10000,2021-07-22 16:58:00,SRGA
1.125,1.125,1.125,1.125,1100,2021-07-22 17:02:00,SRGA
1.125,1.128,1.125,1.128,2025,2021-07-22 17:04:00,SRGA
1.1276,1.1276,1.12,1.12,1166,2021-07-22 17:05:00,SRGA
1.1237,1.13,1.1237,1.1259,25250,2021-07-22 17:06:00,SRGA
1.125,1.125,1.125,1.125,200,2021-07-22 17:07:00,SRGA
1.1282,1.1282,1.1282,1.1282,350,2021-07-22 17:09:00,SRGA
1.1298,1.1299,1.1298,1.1299,330,2021-07-22 17:10:00,SRGA
1.123,1.123,1.123,1.123,7000,2021-07-22 17:12:00,SRGA
1.12,1.128,1.12,1.128,400,2021-07-22 17:14:00,SRGA
1.125,1.125,1.125,1.125,100,2021-07-22 17:17:00,SRGA
1.125,1.13,1.125,1.13,6100,2021-07-22 17:19:00,SRGA
1.125,1.125,1.125,1.125,100,2021-07-22 17:20:00,SRGA
1.1299,1.1299,1.1299,1.1299,900,2021-07-22 17:21:00,SRGA
1.1251,1.1251,1.125,1.125,4800,2021-07-22 17:24:00,SRGA
1.1228,1.1228,1.1228,1.1228,2000,2021-07-22 17:25:00,SRGA
1.1235,1.1235,1.1235,1.1235,352,2021-07-22 17:27:00,SRGA
1.12,1.1253,1.12,1.12,366,2021-07-22 17:28:00,SRGA
1.125,1.125,1.125,1.125,100,2021-07-22 17:30:00,SRGA
1.12,1.125,1.12,1.12,1300,2021-07-22 17:33:00,SRGA
1.13,1.13,1.125,1.125,200,2021-07-22 17:36:00,SRGA
1.1269,1.1269,1.1269,1.1269,110,2021-07-22 17:38:00,SRGA
1.1299,1.1299,1.12,1.12,210,2021-07-22 17:39:00,SRGA
1.1299,1.1299,1.1299,1.1299,110,2021-07-22 17:42:00,SRGA
1.1201,1.1201,1.1201,1.1201,300,2021-07-22 17:46:00,SRGA
1.12,1.12,1.12,1.12,100,2021-07-22 17:48:00,SRGA
1.125,1.125,1.12,1.12,8300,2021-07-22 17:49:00,SRGA
1.12,1.1272,1.12,1.12,600,2021-07-22 17:50:00,SRGA
1.124,1.124,1.12,1.12,591,2021-07-22 17:52:00,SRGA
1.13,1.13,1.12,1.12,20125,2021-07-22 17:53:00,SRGA
1.125,1.13,1.12,1.12,2300,2021-07-22 17:54:00,SRGA
1.125,1.125,1.125,1.125,100,2021-07-22 18:01:00,SRGA
1.13,1.13,1.12,1.12,237,2021-07-22 18:02:00,SRGA
1.125,1.125,1.12,1.12,831,2021-07-22 18:04:00,SRGA
1.1299,1.1299,1.12,1.12,500,2021-07-22 18:07:00,SRGA
1.125,1.1258,1.12,1.12,4100,2021-07-22 18:09:00,SRGA
1.12,1.12,1.12,1.12,600,2021-07-22 18:10:00,SRGA
1.12,1.12,1.12,1.12,100,2021-07-22 18:11:00,SRGA
1.125,1.125,1.125,1.125,100,2021-07-22 18:13:00,SRGA
1.1231,1.1231,1.12,1.12,500,2021-07-22 18:17:00,SRGA
1.1235,1.1235,1.1235,1.1235,103,2021-07-22 18:25:00,SRGA
1.12,1.12,1.12,1.12,893,2021-07-22 18:28:00,SRGA
1.1277,1.1277,1.12,1.12,1200,2021-07-22 18:29:00,SRGA
1.1277,1.1277,1.12,1.12,1100,2021-07-22 18:30:00,SRGA
1.1299,1.1299,1.1299,1.1299,100,2021-07-22 18:31:00,SRGA
1.1286,1.1286,1.12,1.12,6800,2021-07-22 18:32:00,SRGA
1.12,1.12,1.12,1.12,100,2021-07-22 18:33:00,SRGA
1.125,1.13,1.125,1.13,630,2021-07-22 18:36:00,SRGA
1.125,1.125,1.125,1.125,100,2021-07-22 18:38:00,SRGA
1.1267,1.1267,1.1267,1.1267,178,2021-07-22 18:39:00,SRGA
1.13,1.13,1.1299,1.1299,1800,2021-07-22 18:40:00,SRGA
1.125,1.125,1.125,1.125,100,2021-07-22 18:46:00,SRGA
1.125,1.125,1.125,1.125,100,2021-07-22 18:47:00,SRGA
1.1277,1.1277,1.1277,1.1277,1000,2021-07-22 18:51:00,SRGA
1.12,1.125,1.12,1.125,200,2021-07-22 18:54:00,SRGA
1.1248,1.1248,1.1248,1.1248,300,2021-07-22 18:57:00,SRGA
1.129,1.1299,1.125,1.125,25400,2021-07-22 18:58:00,SRGA
1.1278,1.1299,1.125,1.1299,1000,2021-07-22 18:59:00,SRGA
1.13,1.13,1.13,1.13,1700,2021-07-22 19:00:00,SRGA
1.125,1.125,1.125,1.125,200,2021-07-22 19:01:00,SRGA
1.1232,1.1256,1.1232,1.1256,700,2021-07-22 19:02:00,SRGA
1.1282,1.1282,1.1282,1.1282,1000,2021-07-22 19:06:00,SRGA
1.13,1.13,1.13,1.13,100,2021-07-22 19:08:00,SRGA
1.12,1.12,1.12,1.12,100,2021-07-22 19:12:00,SRGA
1.12,1.125,1.12,1.12,22205,2021-07-22 19:13:00,SRGA
1.1299,1.1299,1.1299,1.1299,300,2021-07-22 19:17:00,SRGA
1.123,1.13,1.12,1.12,1800,2021-07-22 19:18:00,SRGA
1.12,1.12,1.12,1.12,200,2021-07-22 19:20:00,SRGA
1.12,1.12,1.12,1.12,100,2021-07-22 19:21:00,SRGA
1.12,1.1267,1.12,1.1267,323,2021-07-22 19:24:00,SRGA
1.125,1.125,1.125,1.125,100,2021-07-22 19:25:00,SRGA
1.1248,1.125,1.12,1.12,1000,2021-07-22 19:26:00,SRGA
1.13,1.13,1.12,1.12,200,2021-07-22 19:27:00,SRGA
1.12,1.12,1.12,1.12,100,2021-07-22 19:28:00,SRGA
1.12,1.12,1.12,1.12,338,2021-07-22 19:29:00,SRGA
1.12,1.125,1.12,1.125,400,2021-07-22 19:30:00,SRGA
1.125,1.125,1.125,1.125,100,2021-07-22 19:34:00,SRGA
1.1299,1.1299,1.12,1.12,5300,2021-07-22 19:35:00,SRGA
1.13,1.13,1.13,1.13,150,2021-07-22 19:38:00,SRGA
1.12,1.12,1.12,1.12,200,2021-07-22 19:40:00,SRGA
1.125,1.125,1.125,1.125,300,2021-07-22 19:41:00,SRGA
1.12,1.1231,1.12,1.1231,3200,2021-07-22 19:42:00,SRGA
1.12,1.12,1.12,1.12,100,2021-07-22 19:43:00,SRGA
1.12,1.121,1.115,1.115,60808,2021-07-22 19:44:00,SRGA
1.1199,1.1199,1.11,1.11,4243,2021-07-22 19:45:00,SRGA
1.115,1.115,1.115,1.115,200,2021-07-22 19:46:00,SRGA
1.115,1.12,1.115,1.12,7643,2021-07-22 19:47:00,SRGA
1.1174,1.12,1.1136,1.115,6075,2021-07-22 19:49:00,SRGA
1.11,1.12,1.11,1.12,1800,2021-07-22 19:51:00,SRGA
1.115,1.12,1.115,1.115,7000,2021-07-22 19:52:00,SRGA
1.115,1.12,1.115,1.12,200,2021-07-22 19:53:00,SRGA
1.115,1.12,1.1134,1.12,11041,2021-07-22 19:54:00,SRGA
1.11,1.1128,1.11,1.1128,1200,2021-07-22 19:55:00,SRGA
1.12,1.12,1.1134,1.1134,1603,2021-07-22 19:56:00,SRGA
1.115,1.12,1.115,1.12,1295,2021-07-22 19:57:00,SRGA
1.1133,1.12,1.11,1.11,4101,2021-07-22 19:58:00,SRGA
1.11,1.12,1.11,1.11,42051,2021-07-22 19:59:00,SRGA
1.12,1.12,1.12,1.12,8149,2021-07-22 20:00:00,SRGA
1.12,1.12,1.12,1.12,125,2021-07-22 20:12:00,SRGA
1.12,1.12,1.12,1.12,20337,2021-07-22 20:13:00,SRGA
1.12,1.12,1.12,1.12,100,2021-07-22 20:20:00,SRGA
1.12,1.12,1.12,1.12,2500,2021-07-22 21:00:00,SRGA
1.11,1.11,1.11,1.11,200,2021-07-22 23:04:00,SRGA
1.11,1.11,1.11,1.11,1126,2021-07-23 08:25:00,SRGA
1.1,1.1,1.1,1.1,600,2021-07-23 08:36:00,SRGA
1.11,1.11,1.08,1.08,2775,2021-07-23 09:17:00,SRGA
1.09,1.09,1.09,1.09,242,2021-07-23 10:17:00,SRGA
1.12,1.12,1.12,1.12,500,2021-07-23 10:44:00,SRGA
1.12,1.12,1.12,1.12,400,2021-07-23 10:48:00,SRGA
1.12,1.12,1.12,1.12,300,2021-07-23 12:00:00,SRGA
1.14,1.14,1.14,1.14,100,2021-07-23 12:21:00,SRGA
1.1201,1.1201,1.12,1.12,1394,2021-07-23 13:05:00,SRGA
1.12,1.12,1.12,1.12,1400,2021-07-23 13:24:00,SRGA
1.12,1.12,1.12,1.12,410,2021-07-23 13:28:00,SRGA
1.11,1.12,1.11,1.115,15391,2021-07-23 13:30:00,SRGA
1.12,1.12,1.115,1.115,2800,2021-07-23 13:31:00,SRGA
1.11,1.11,1.1,1.1052,87470,2021-07-23 13:32:00,SRGA
1.109,1.109,1.09,1.097,67427,2021-07-23 13:33:00,SRGA
1.0968,1.1,1.09,1.0901,22664,2021-07-23 13:34:00,SRGA
1.09,1.0999,1.09,1.09,3613,2021-07-23 13:35:00,SRGA
1.0968,1.0999,1.09,1.0999,9450,2021-07-23 13:36:00,SRGA
1.095,1.097,1.09,1.097,1536,2021-07-23 13:37:00,SRGA
1.097,1.0999,1.095,1.095,1050,2021-07-23 13:38:00,SRGA
1.0938,1.1,1.09,1.09,4000,2021-07-23 13:39:00,SRGA
1.0999,1.0999,1.0983,1.0983,6000,2021-07-23 13:40:00,SRGA
1.0999,1.0999,1.0999,1.0999,1038,2021-07-23 13:41:00,SRGA
1.09,1.1,1.09,1.095,1530,2021-07-23 13:42:00,SRGA
1.0971,1.0971,1.095,1.095,700,2021-07-23 13:43:00,SRGA
1.09,1.09,1.09,1.09,300,2021-07-23 13:44:00,SRGA
1.1,1.1,1.095,1.095,25650,2021-07-23 13:45:00,SRGA
1.0933,1.0999,1.09,1.09,6750,2021-07-23 13:46:00,SRGA
1.09,1.095,1.09,1.095,24267,2021-07-23 13:47:00,SRGA
1.0901,1.1,1.09,1.1,12285,2021-07-23 13:49:00,SRGA
1.095,1.0992,1.09,1.09,5300,2021-07-23 13:50:00,SRGA
1.1,1.1,1.095,1.0964,2796,2021-07-23 13:51:00,SRGA
1.095,1.1,1.095,1.1,600,2021-07-23 13:52:00,SRGA
1.09,1.0979,1.09,1.0979,4065,2021-07-23 13:53:00,SRGA
1.1,1.1,1.095,1.095,6316,2021-07-23 13:54:00,SRGA
1.095,1.1,1.095,1.1,2100,2021-07-23 13:55:00,SRGA
1.09,1.09,1.09,1.09,1100,2021-07-23 13:56:00,SRGA
1.091,1.0976,1.091,1.0934,4718,2021-07-23 13:57:00,SRGA
1.09,1.095,1.09,1.095,600,2021-07-23 13:58:00,SRGA
1.09,1.0952,1.09,1.09,18543,2021-07-23 14:00:00,SRGA
1.09,1.1,1.09,1.09,10100,2021-07-23 14:01:00,SRGA
1.0999,1.1,1.09,1.1,3210,2021-07-23 14:02:00,SRGA
1.0919,1.0919,1.09,1.09,3300,2021-07-23 14:03:00,SRGA
1.1,1.1,1.08,1.0878,109084,2021-07-23 14:05:00,SRGA
1.08,1.0863,1.08,1.0863,2100,2021-07-23 14:06:00,SRGA
1.087,1.0872,1.0801,1.0872,3600,2021-07-23 14:07:00,SRGA
1.0867,1.0867,1.08,1.08,9600,2021-07-23 14:08:00,SRGA
1.09,1.09,1.08,1.09,61255,2021-07-23 14:09:00,SRGA
1.08,1.0891,1.08,1.08,23200,2021-07-23 14:10:00,SRGA
1.09,1.09,1.08,1.0869,1400,2021-07-23 14:11:00,SRGA
1.085,1.085,1.085,1.085,200,2021-07-23 14:12:00,SRGA
1.08,1.087,1.08,1.085,3650,2021-07-23 14:13:00,SRGA
1.08,1.085,1.08,1.085,3846,2021-07-23 14:14:00,SRGA
1.08,1.0823,1.08,1.08,11357,2021-07-23 14:15:00,SRGA
1.089,1.09,1.08,1.09,35686,2021-07-23 14:16:00,SRGA
1.085,1.09,1.085,1.085,6600,2021-07-23 14:17:00,SRGA
1.085,1.0899,1.085,1.085,9736,2021-07-23 14:18:00,SRGA
1.085,1.0899,1.085,1.085,600,2021-07-23 14:19:00,SRGA
1.085,1.085,1.085,1.085,100,2021-07-23 14:20:00,SRGA
1.0879,1.0899,1.0879,1.0899,297,2021-07-23 14:21:00,SRGA
1.085,1.085,1.085,1.085,200,2021-07-23 14:22:00,SRGA
1.0883,1.0883,1.08,1.085,1700,2021-07-23 14:23:00,SRGA
1.0879,1.09,1.085,1.0884,5225,2021-07-23 14:24:00,SRGA
1.09,1.09,1.085,1.0899,2480,2021-07-23 14:25:00,SRGA
1.0899,1.09,1.085,1.09,5100,2021-07-23 14:26:00,SRGA
1.085,1.09,1.085,1.09,1900,2021-07-23 14:27:00,SRGA
1.085,1.085,1.083,1.085,700,2021-07-23 14:28:00,SRGA
1.0885,1.0885,1.085,1.085,1100,2021-07-23 14:29:00,SRGA
1.085,1.0899,1.085,1.085,500,2021-07-23 14:30:00,SRGA
1.0884,1.0884,1.085,1.085,1210,2021-07-23 14:31:00,SRGA
1.085,1.085,1.085,1.085,100,2021-07-23 14:32:00,SRGA
1.085,1.085,1.085,1.085,100,2021-07-23 14:33:00,SRGA
1.085,1.085,1.085,1.085,100,2021-07-23 14:34:00,SRGA
1.0899,1.0899,1.0899,1.0899,2000,2021-07-23 14:35:00,SRGA
1.085,1.085,1.085,1.085,2300,2021-07-23 14:36:00,SRGA
1.085,1.0877,1.085,1.085,700,2021-07-23 14:37:00,SRGA
1.09,1.09,1.09,1.09,100,2021-07-23 14:38:00,SRGA
1.0899,1.0899,1.085,1.085,1200,2021-07-23 14:39:00,SRGA
1.0877,1.0877,1.0877,1.0877,100,2021-07-23 14:40:00,SRGA
1.0801,1.0801,1.08,1.08,13276,2021-07-23 14:41:00,SRGA
1.085,1.085,1.085,1.085,100,2021-07-23 14:42:00,SRGA
1.0801,1.085,1.0801,1.085,2200,2021-07-23 14:44:00,SRGA
1.0881,1.0881,1.0881,1.0881,400,2021-07-23 14:46:00,SRGA
1.085,1.085,1.085,1.085,100,2021-07-23 14:47:00,SRGA
1.09,1.09,1.08,1.08,1400,2021-07-23 14:48:00,SRGA
1.085,1.085,1.085,1.085,100,2021-07-23 14:49:00,SRGA
1.09,1.09,1.085,1.09,3100,2021-07-23 14:50:00,SRGA
1.085,1.085,1.085,1.085,100,2021-07-23 14:51:00,SRGA
1.085,1.09,1.085,1.0881,13293,2021-07-23 14:52:00,SRGA
1.0863,1.09,1.085,1.0898,3740,2021-07-23 14:53:00,SRGA
1.088,1.09,1.085,1.09,34102,2021-07-23 14:54:00,SRGA
1.08,1.0886,1.08,1.0886,9100,2021-07-23 14:55:00,SRGA
1.081,1.0899,1.081,1.0899,20100,2021-07-23 14:56:00,SRGA
1.085,1.09,1.085,1.085,999,2021-07-23 14:57:00,SRGA
1.0847,1.0847,1.0847,1.0847,2925,2021-07-23 14:58:00,SRGA
1.085,1.085,1.085,1.085,200,2021-07-23 14:59:00,SRGA
1.085,1.085,1.08,1.08,17907,2021-07-23 15:00:00,SRGA
1.08,1.08,1.07,1.075,106784,2021-07-23 15:01:00,SRGA
1.0799,1.0799,1.075,1.075,300,2021-07-23 15:02:00,SRGA
1.07,1.075,1.07,1.075,863,2021-07-23 15:03:00,SRGA
1.075,1.075,1.07,1.07,400,2021-07-23 15:04:00,SRGA
1.08,1.08,1.07,1.08,15514,2021-07-23 15:05:00,SRGA
1.08,1.08,1.08,1.08,150,2021-07-23 15:06:00,SRGA
1.076,1.0799,1.075,1.075,28424,2021-07-23 15:07:00,SRGA
1.075,1.0782,1.075,1.075,3100,2021-07-23 15:08:00,SRGA
1.075,1.0776,1.075,1.075,1400,2021-07-23 15:09:00,SRGA
1.075,1.0778,1.07,1.07,26400,2021-07-23 15:10:00,SRGA
1.07,1.075,1.07,1.07,1480,2021-07-23 15:11:00,SRGA
1.07,1.0763,1.07,1.07,4199,2021-07-23 15:12:00,SRGA
1.07,1.0754,1.07,1.07,925,2021-07-23 15:13:00,SRGA
1.07,1.0799,1.07,1.07,26350,2021-07-23 15:14:00,SRGA
1.07,1.0773,1.07,1.07,2100,2021-07-23 15:15:00,SRGA
1.07,1.08,1.07,1.07,3700,2021-07-23 15:16:00,SRGA
1.07,1.08,1.07,1.07,2861,2021-07-23 15:17:00,SRGA
1.07,1.07,1.07,1.07,3600,2021-07-23 15:18:00,SRGA
1.07,1.08,1.07,1.075,10600,2021-07-23 15:19:00,SRGA
1.075,1.077,1.075,1.075,700,2021-07-23 15:20:00,SRGA
1.07,1.075,1.07,1.07,500,2021-07-23 15:21:00,SRGA
1.075,1.075,1.07,1.07,500,2021-07-23 15:22:00,SRGA
1.07,1.079,1.07,1.07,10500,2021-07-23 15:23:00,SRGA
1.07,1.075,1.07,1.075,400,2021-07-23 15:24:00,SRGA
1.075,1.075,1.07,1.07,400,2021-07-23 15:25:00,SRGA
1.07,1.0799,1.07,1.075,1400,2021-07-23 15:26:00,SRGA
1.075,1.075,1.07,1.07,800,2021-07-23 15:27:00,SRGA
1.075,1.079,1.075,1.075,12425,2021-07-23 15:28:00,SRGA
1.075,1.075,1.075,1.075,300,2021-07-23 15:29:00,SRGA
1.07,1.075,1.07,1.075,1200,2021-07-23 15:30:00,SRGA
1.075,1.075,1.075,1.075,300,2021-07-23 15:31:00,SRGA
1.075,1.075,1.075,1.075,900,2021-07-23 15:32:00,SRGA
1.0778,1.0778,1.07,1.07,5921,2021-07-23 15:33:00,SRGA
1.075,1.075,1.07,1.075,2100,2021-07-23 15:34:00,SRGA
1.075,1.075,1.07,1.075,300,2021-07-23 15:35:00,SRGA
1.075,1.075,1.07,1.07,200,2021-07-23 15:36:00,SRGA
1.07,1.07,1.07,1.07,300,2021-07-23 15:37:00,SRGA
1.07,1.07,1.07,1.07,21775,2021-07-23 15:38:00,SRGA
1.077,1.0777,1.07,1.075,1006,2021-07-23 15:39:00,SRGA
1.08,1.09,1.075,1.085,97539,2021-07-23 15:40:00,SRGA
1.08,1.085,1.08,1.08,7558,2021-07-23 15:41:00,SRGA
1.085,1.0873,1.085,1.0873,1912,2021-07-23 15:42:00,SRGA
1.08,1.085,1.08,1.085,280,2021-07-23 15:43:00,SRGA
1.08,1.0834,1.08,1.08,6108,2021-07-23 15:44:00,SRGA
1.08,1.08,1.08,1.08,300,2021-07-23 15:45:00,SRGA
1.08,1.08,1.08,1.08,700,2021-07-23 15:46:00,SRGA
1.08,1.08,1.08,1.08,1000,2021-07-23 15:47:00,SRGA
1.08,1.09,1.08,1.09,8512,2021-07-23 15:48:00,SRGA
1.08,1.09,1.08,1.085,9764,2021-07-23 15:49:00,SRGA
1.085,1.085,1.085,1.085,800,2021-07-23 15:50:00,SRGA
1.09,1.09,1.085,1.085,900,2021-07-23 15:51:00,SRGA
1.085,1.085,1.08,1.08,400,2021-07-23 15:52:00,SRGA
1.08,1.0801,1.08,1.08,81424,2021-07-23 15:53:00,SRGA
1.075,1.08,1.075,1.075,500,2021-07-23 15:54:00,SRGA
1.075,1.08,1.075,1.075,2100,2021-07-23 15:55:00,SRGA
1.075,1.075,1.075,1.075,300,2021-07-23 15:56:00,SRGA
1.075,1.075,1.075,1.075,300,2021-07-23 15:57:00,SRGA
1.075,1.075,1.07,1.07,6777,2021-07-23 15:58:00,SRGA
1.075,1.075,1.0733,1.0733,295,2021-07-23 15:59:00,SRGA
1.0752,1.08,1.0752,1.08,1000,2021-07-23 16:00:00,SRGA
1.0771,1.08,1.0771,1.08,1000,2021-07-23 16:01:00,SRGA
1.0752,1.08,1.0752,1.08,2000,2021-07-23 16:04:00,SRGA
1.0774,1.0774,1.075,1.075,1100,2021-07-23 16:05:00,SRGA
1.075,1.08,1.075,1.08,700,2021-07-23 16:06:00,SRGA
1.075,1.075,1.075,1.075,400,2021-07-23 16:07:00,SRGA
1.08,1.08,1.07,1.0799,4050,2021-07-23 16:10:00,SRGA
1.08,1.08,1.08,1.08,17000,2021-07-23 16:11:00,SRGA
1.075,1.075,1.075,1.075,200,2021-07-23 16:12:00,SRGA
1.075,1.075,1.075,1.075,100,2021-07-23 16:13:00,SRGA
1.0717,1.0717,1.0717,1.0717,6000,2021-07-23 16:14:00,SRGA
1.076,1.08,1.075,1.08,3300,2021-07-23 16:15:00,SRGA
1.08,1.08,1.075,1.08,1648,2021-07-23 16:16:00,SRGA
1.075,1.0799,1.075,1.0799,200,2021-07-23 16:17:00,SRGA
1.075,1.075,1.075,1.075,100,2021-07-23 16:18:00,SRGA
1.0789,1.08,1.0789,1.08,20000,2021-07-23 16:19:00,SRGA
1.075,1.075,1.075,1.075,100,2021-07-23 16:20:00,SRGA
1.0753,1.0753,1.075,1.075,2300,2021-07-23 16:21:00,SRGA
1.075,1.08,1.075,1.08,1100,2021-07-23 16:22:00,SRGA
1.0773,1.08,1.0773,1.08,1200,2021-07-23 16:23:00,SRGA
1.0799,1.0799,1.075,1.075,200,2021-07-23 16:24:00,SRGA
1.0769,1.08,1.0769,1.08,200,2021-07-23 16:25:00,SRGA
1.07,1.0798,1.07,1.0798,5200,2021-07-23 16:26:00,SRGA
1.073,1.073,1.073,1.073,200,2021-07-23 16:27:00,SRGA
1.07,1.07,1.07,1.07,5314,2021-07-23 16:29:00,SRGA
1.07,1.075,1.07,1.075,300,2021-07-23 16:30:00,SRGA
1.0799,1.08,1.0769,1.08,1278,2021-07-23 16:32:00,SRGA
1.077,1.08,1.077,1.08,400,2021-07-23 16:34:00,SRGA
1.0771,1.08,1.075,1.075,3300,2021-07-23 16:35:00,SRGA
1.0775,1.08,1.0733,1.0733,3841,2021-07-23 16:36:00,SRGA
1.075,1.075,1.075,1.075,100,2021-07-23 16:37:00,SRGA
1.0778,1.08,1.0701,1.0799,4000,2021-07-23 16:38:00,SRGA
1.075,1.075,1.075,1.075,100,2021-07-23 16:39:00,SRGA
1.08,1.08,1.08,1.08,100,2021-07-23 16:40:00,SRGA
1.0776,1.08,1.0776,1.08,2674,2021-07-23 16:49:00,SRGA
1.0799,1.0799,1.0799,1.0799,200,2021-07-23 16:53:00,SRGA
1.075,1.0772,1.075,1.0772,1500,2021-07-23 16:54:00,SRGA
1.0776,1.08,1.0776,1.08,1000,2021-07-23 16:56:00,SRGA
1.0778,1.08,1.0778,1.08,2000,2021-07-23 16:57:00,SRGA
1.075,1.075,1.075,1.075,400,2021-07-23 16:58:00,SRGA
1.078,1.078,1.078,1.078,100,2021-07-23 17:02:00,SRGA
1.0725,1.0725,1.0725,1.0725,1000,2021-07-23 17:04:00,SRGA
1.08,1.08,1.08,1.08,500,2021-07-23 17:06:00,SRGA
1.08,1.08,1.08,1.08,100,2021-07-23 17:07:00,SRGA
1.075,1.075,1.075,1.075,1888,2021-07-23 17:09:00,SRGA
1.0716,1.0716,1.0716,1.0716,100,2021-07-23 17:11:00,SRGA
1.075,1.075,1.075,1.075,200,2021-07-23 17:13:00,SRGA
1.0769,1.08,1.0769,1.08,200,2021-07-23 17:14:00,SRGA
1.07,1.07,1.07,1.07,4700,2021-07-23 17:16:00,SRGA
1.07,1.0799,1.07,1.07,900,2021-07-23 17:17:00,SRGA
1.07,1.07,1.07,1.07,300,2021-07-23 17:18:00,SRGA
1.07,1.07,1.07,1.07,100,2021-07-23 17:19:00,SRGA
1.075,1.075,1.075,1.075,100,2021-07-23 17:20:00,SRGA
1.07,1.07,1.07,1.07,100,2021-07-23 17:25:00,SRGA
1.0799,1.0799,1.0799,1.0799,100,2021-07-23 17:26:00,SRGA
1.075,1.08,1.075,1.08,200,2021-07-23 17:29:00,SRGA
1.075,1.075,1.07,1.072,1140,2021-07-23 17:30:00,SRGA
1.07,1.08,1.07,1.07,958,2021-07-23 17:31:00,SRGA
1.07,1.07,1.07,1.07,200,2021-07-23 17:32:00,SRGA
1.0732,1.0732,1.0732,1.0732,279,2021-07-23 17:33:00,SRGA
1.07,1.07,1.07,1.07,3800,2021-07-23 17:34:00,SRGA
1.072,1.0733,1.072,1.0733,2950,2021-07-23 17:35:00,SRGA
1.075,1.075,1.075,1.075,100,2021-07-23 17:36:00,SRGA
1.07,1.075,1.07,1.07,500,2021-07-23 17:37:00,SRGA
1.075,1.075,1.075,1.075,5000,2021-07-23 17:38:00,SRGA
1.0772,1.08,1.07,1.07,1100,2021-07-23 17:39:00,SRGA
1.08,1.08,1.08,1.08,604,2021-07-23 17:40:00,SRGA
1.08,1.08,1.08,1.08,200,2021-07-23 17:42:00,SRGA
1.075,1.0799,1.075,1.0799,600,2021-07-23 17:43:00,SRGA
1.0779,1.08,1.0779,1.08,5582,2021-07-23 17:45:00,SRGA
1.07,1.0799,1.07,1.0799,600,2021-07-23 17:47:00,SRGA
1.075,1.075,1.075,1.075,200,2021-07-23 17:48:00,SRGA
1.07,1.075,1.07,1.075,7100,2021-07-23 17:49:00,SRGA
1.075,1.075,1.075,1.075,600,2021-07-23 17:50:00,SRGA
1.07,1.08,1.07,1.08,293,2021-07-23 17:52:00,SRGA
1.07,1.07,1.07,1.07,100,2021-07-23 17:54:00,SRGA
1.0774,1.08,1.0774,1.08,916,2021-07-23 17:55:00,SRGA
1.0799,1.0799,1.07,1.07,200,2021-07-23 17:56:00,SRGA
1.07,1.07,1.07,1.07,6820,2021-07-23 17:58:00,SRGA
1.07,1.07,1.07,1.07,100,2021-07-23 17:59:00,SRGA
1.07,1.07,1.07,1.07,100,2021-07-23 18:00:00,SRGA
1.08,1.08,1.08,1.08,100,2021-07-23 18:02:00,SRGA
1.07,1.07,1.07,1.07,200,2021-07-23 18:03:00,SRGA
1.0761,1.08,1.0761,1.08,12305,2021-07-23 18:04:00,SRGA
1.07,1.07,1.07,1.07,100,2021-07-23 18:05:00,SRGA
1.0755,1.08,1.07,1.07,51946,2021-07-23 18:06:00,SRGA
1.0772,1.08,1.0701,1.08,2075,2021-07-23 18:07:00,SRGA
1.075,1.075,1.075,1.075,100,2021-07-23 18:08:00,SRGA
1.08,1.08,1.075,1.0792,27158,2021-07-23 18:09:00,SRGA
1.075,1.075,1.06,1.065,128774,2021-07-23 18:10:00,SRGA
1.06,1.065,1.05,1.055,163261,2021-07-23 18:11:00,SRGA
1.0566,1.0566,1.055,1.0561,10950,2021-07-23 18:12:00,SRGA
1.0599,1.0599,1.057,1.0581,23337,2021-07-23 18:13:00,SRGA
1.055,1.07,1.055,1.07,59496,2021-07-23 18:14:00,SRGA
1.065,1.07,1.065,1.07,11216,2021-07-23 18:15:00,SRGA
1.065,1.07,1.065,1.07,5200,2021-07-23 18:16:00,SRGA
1.07,1.07,1.065,1.0699,3900,2021-07-23 18:17:00,SRGA
1.07,1.07,1.065,1.065,400,2021-07-23 18:18:00,SRGA
1.065,1.07,1.065,1.07,900,2021-07-23 18:19:00,SRGA
1.065,1.065,1.065,1.065,14900,2021-07-23 18:20:00,SRGA
1.07,1.07,1.0657,1.0657,10100,2021-07-23 18:21:00,SRGA
1.0677,1.0677,1.0677,1.0677,2500,2021-07-23 18:22:00,SRGA
1.0601,1.065,1.0601,1.065,900,2021-07-23 18:23:00,SRGA
1.07,1.07,1.065,1.07,7000,2021-07-23 18:24:00,SRGA
1.0699,1.0699,1.06,1.065,3160,2021-07-23 18:27:00,SRGA
1.0664,1.0664,1.0635,1.0635,1645,2021-07-23 18:28:00,SRGA
1.065,1.065,1.065,1.065,800,2021-07-23 18:29:00,SRGA
1.0664,1.067,1.065,1.065,791,2021-07-23 18:30:00,SRGA
1.065,1.07,1.065,1.07,1311,2021-07-23 18:32:00,SRGA
1.065,1.065,1.065,1.065,100,2021-07-23 18:33:00,SRGA
1.065,1.065,1.065,1.065,100,2021-07-23 18:34:00,SRGA
1.06,1.07,1.06,1.0665,11100,2021-07-23 18:36:00,SRGA
1.065,1.0663,1.065,1.0663,200,2021-07-23 18:37:00,SRGA
1.0632,1.0632,1.0632,1.0632,300,2021-07-23 18:38:00,SRGA
1.065,1.07,1.065,1.07,600,2021-07-23 18:39:00,SRGA
1.0667,1.07,1.0667,1.07,10277,2021-07-23 18:40:00,SRGA
1.065,1.0665,1.0648,1.0665,1029,2021-07-23 18:41:00,SRGA
1.065,1.065,1.065,1.065,100,2021-07-23 18:42:00,SRGA
1.06,1.065,1.06,1.065,14440,2021-07-23 18:43:00,SRGA
1.065,1.065,1.065,1.065,2109,2021-07-23 18:44:00,SRGA
1.065,1.065,1.061,1.061,2700,2021-07-23 18:45:00,SRGA
1.065,1.07,1.064,1.0661,2239,2021-07-23 18:46:00,SRGA
1.065,1.065,1.065,1.065,600,2021-07-23 18:47:00,SRGA
1.0699,1.07,1.065,1.07,5700,2021-07-23 18:48:00,SRGA
1.065,1.065,1.065,1.065,100,2021-07-23 18:49:00,SRGA
1.07,1.07,1.065,1.065,600,2021-07-23 18:50:00,SRGA
1.065,1.0699,1.065,1.0699,600,2021-07-23 18:54:00,SRGA
1.0669,1.0669,1.0669,1.0669,358,2021-07-23 18:56:00,SRGA
1.065,1.0699,1.06,1.0665,15569,2021-07-23 18:58:00,SRGA
1.065,1.065,1.065,1.065,300,2021-07-23 18:59:00,SRGA
1.065,1.065,1.065,1.065,400,2021-07-23 19:00:00,SRGA
1.065,1.065,1.065,1.065,100,2021-07-23 19:03:00,SRGA
1.07,1.07,1.065,1.065,500,2021-07-23 19:06:00,SRGA
1.065,1.065,1.065,1.065,110,2021-07-23 19:07:00,SRGA
1.065,1.0699,1.065,1.065,3100,2021-07-23 19:09:00,SRGA
1.0699,1.07,1.065,1.07,2681,2021-07-23 19:10:00,SRGA
1.07,1.07,1.065,1.065,4299,2021-07-23 19:11:00,SRGA
1.065,1.065,1.065,1.065,1000,2021-07-23 19:12:00,SRGA
1.06,1.06,1.06,1.06,39951,2021-07-23 19:13:00,SRGA
1.0669,1.0669,1.0669,1.0669,150,2021-07-23 19:14:00,SRGA
1.06,1.065,1.06,1.065,7057,2021-07-23 19:15:00,SRGA
1.0699,1.07,1.0601,1.0601,8832,2021-07-23 19:16:00,SRGA
1.0679,1.0679,1.06,1.065,7085,2021-07-23 19:17:00,SRGA
1.0666,1.0666,1.0666,1.0666,100,2021-07-23 19:18:00,SRGA
1.07,1.07,1.0671,1.0671,803,2021-07-23 19:19:00,SRGA
1.065,1.065,1.065,1.065,3890,2021-07-23 19:20:00,SRGA
1.065,1.07,1.06,1.07,1050,2021-07-23 19:22:00,SRGA
1.065,1.065,1.065,1.065,1100,2021-07-23 19:23:00,SRGA
1.07,1.07,1.07,1.07,100,2021-07-23 19:24:00,SRGA
1.0699,1.0699,1.06,1.06,2308,2021-07-23 19:26:00,SRGA
1.065,1.07,1.065,1.07,200,2021-07-23 19:28:00,SRGA
1.06,1.065,1.06,1.065,15714,2021-07-23 19:29:00,SRGA
1.065,1.07,1.06,1.0601,55323,2021-07-23 19:30:00,SRGA
1.065,1.07,1.06,1.065,26520,2021-07-23 19:31:00,SRGA
1.06,1.07,1.06,1.0626,2600,2021-07-23 19:32:00,SRGA
1.065,1.065,1.065,1.065,100,2021-07-23 19:33:00,SRGA
1.068,1.0699,1.065,1.0681,4900,2021-07-23 19:34:00,SRGA
1.07,1.07,1.067,1.067,1800,2021-07-23 19:35:00,SRGA
1.065,1.065,1.065,1.065,3192,2021-07-23 19:36:00,SRGA
1.065,1.065,1.065,1.065,100,2021-07-23 19:37:00,SRGA
1.065,1.065,1.065,1.065,800,2021-07-23 19:39:00,SRGA
1.065,1.065,1.065,1.065,300,2021-07-23 19:40:00,SRGA
1.0636,1.0687,1.0636,1.0687,863,2021-07-23 19:41:00,SRGA
1.07,1.07,1.07,1.07,400,2021-07-23 19:42:00,SRGA
1.065,1.07,1.065,1.065,800,2021-07-23 19:43:00,SRGA
1.07,1.07,1.0601,1.07,8118,2021-07-23 19:44:00,SRGA
1.07,1.07,1.06,1.06,26235,2021-07-23 19:45:00,SRGA
1.06,1.07,1.06,1.07,27800,2021-07-23 19:46:00,SRGA
1.07,1.07,1.06,1.06,53000,2021-07-23 19:47:00,SRGA
1.065,1.065,1.065,1.065,500,2021-07-23 19:48:00,SRGA
1.065,1.065,1.065,1.065,1100,2021-07-23 19:49:00,SRGA
1.07,1.07,1.06,1.065,45091,2021-07-23 19:50:00,SRGA
1.06,1.07,1.06,1.065,22973,2021-07-23 19:51:00,SRGA
1.065,1.07,1.06,1.07,158050,2021-07-23 19:52:00,SRGA
1.065,1.07,1.065,1.0699,5133,2021-07-23 19:53:00,SRGA
1.0613,1.0699,1.06,1.06,8947,2021-07-23 19:54:00,SRGA
1.065,1.065,1.065,1.065,2432,2021-07-23 19:55:00,SRGA
1.065,1.07,1.0629,1.07,5366,2021-07-23 19:56:00,SRGA
1.07,1.07,1.065,1.065,6820,2021-07-23 19:57:00,SRGA
1.065,1.067,1.065,1.065,1406,2021-07-23 19:58:00,SRGA
1.07,1.07,1.065,1.07,14853,2021-07-23 19:59:00,SRGA
1.07,1.07,1.07,1.07,19579,2021-07-23 20:00:00,SRGA
1.07,1.07,1.06,1.06,730,2021-07-23 20:01:00,SRGA
1.07,1.07,1.07,1.07,226124,2021-07-23 20:04:00,SRGA
1.0699,1.0699,1.0699,1.0699,125,2021-07-23 20:06:00,SRGA
1.07,1.07,1.07,1.07,200,2021-07-23 20:08:00,SRGA
1.07,1.07,1.06,1.06,250,2021-07-23 20:14:00,SRGA
1.07,1.07,1.07,1.07,200,2021-07-23 20:18:00,SRGA
1.07,1.07,1.07,1.07,500,2021-07-23 20:25:00,SRGA
1.07,1.07,1.07,1.07,100,2021-07-23 20:37:00,SRGA
1.07,1.07,1.07,1.07,2500,2021-07-23 20:40:00,SRGA
1.07,1.07,1.07,1.07,1000,2021-07-23 20:42:00,SRGA
1.06,1.06,1.06,1.06,2999,2021-07-23 20:53:00,SRGA
1.06,1.06,1.06,1.06,3000,2021-07-23 20:55:00,SRGA
1.07,1.07,1.07,1.07,1140,2021-07-23 20:57:00,SRGA
1.06,1.06,1.06,1.06,3000,2021-07-23 21:01:00,SRGA
1.07,1.07,1.07,1.07,1000,2021-07-23 21:06:00,SRGA
1.06,1.06,1.06,1.06,144,2021-07-23 21:17:00,SRGA
1.07,1.07,1.07,1.07,880,2021-07-23 21:44:00,SRGA
1.06,1.06,1.06,1.06,120,2021-07-23 21:46:00,SRGA
1.07,1.07,1.07,1.07,1500,2021-07-23 22:46:00,SRGA
1.07,1.07,1.07,1.07,100,2021-07-23 22:48:00,SRGA
1.07,1.07,1.07,1.07,500,2021-07-23 23:15:00,SRGA
1.08,1.08,1.08,1.08,100,2021-07-26 08:02:00,SRGA
1.07,1.07,1.07,1.07,1120,2021-07-26 11:34:00,SRGA
1.07,1.07,1.07,1.07,200,2021-07-26 11:51:00,SRGA
1.07,1.07,1.07,1.07,901,2021-07-26 12:06:00,SRGA
1.08,1.08,1.08,1.08,2000,2021-07-26 12:15:00,SRGA
1.07,1.07,1.07,1.07,458,2021-07-26 12:28:00,SRGA
1.07,1.07,1.07,1.07,1200,2021-07-26 12:31:00,SRGA
1.07,1.07,1.07,1.07,185,2021-07-26 12:50:00,SRGA
1.06,1.06,1.06,1.06,150,2021-07-26 12:53:00,SRGA
1.07,1.07,1.07,1.07,200,2021-07-26 12:58:00,SRGA
1.06,1.06,1.06,1.06,500,2021-07-26 13:01:00,SRGA
1.05,1.05,1.05,1.05,10725,2021-07-26 13:02:00,SRGA
1.06,1.06,1.06,1.06,15000,2021-07-26 13:05:00,SRGA
1.06,1.06,1.06,1.06,2000,2021-07-26 13:07:00,SRGA
1.06,1.06,1.06,1.06,100,2021-07-26 13:10:00,SRGA
1.06,1.06,1.06,1.06,400,2021-07-26 13:18:00,SRGA
1.06,1.06,1.06,1.06,100,2021-07-26 13:29:00,SRGA
1.07,1.07,1.05,1.05,26310,2021-07-26 13:30:00,SRGA
1.055,1.06,1.05,1.06,12848,2021-07-26 13:31:00,SRGA
1.06,1.06,1.055,1.0586,1300,2021-07-26 13:32:00,SRGA
1.06,1.06,1.055,1.06,5860,2021-07-26 13:33:00,SRGA
1.0599,1.06,1.05,1.0583,64005,2021-07-26 13:34:00,SRGA
1.055,1.055,1.05,1.05,101473,2021-07-26 13:35:00,SRGA
1.055,1.0576,1.055,1.055,4799,2021-07-26 13:36:00,SRGA
1.05,1.05,1.05,1.05,600,2021-07-26 13:37:00,SRGA
1.055,1.0581,1.05,1.0581,4760,2021-07-26 13:38:00,SRGA
1.055,1.06,1.055,1.055,6000,2021-07-26 13:39:00,SRGA
1.06,1.06,1.06,1.06,100,2021-07-26 13:40:00,SRGA
1.0599,1.0599,1.05,1.053,6800,2021-07-26 13:42:00,SRGA
1.06,1.06,1.055,1.055,750,2021-07-26 13:43:00,SRGA
1.0534,1.0595,1.0534,1.0595,1745,2021-07-26 13:44:00,SRGA
1.0571,1.0571,1.0531,1.0531,1100,2021-07-26 13:47:00,SRGA
1.053,1.053,1.05,1.05,2200,2021-07-26 13:48:00,SRGA
1.055,1.0568,1.0526,1.0526,3797,2021-07-26 13:49:00,SRGA
1.055,1.055,1.055,1.055,4900,2021-07-26 13:50:00,SRGA
1.055,1.055,1.055,1.055,600,2021-07-26 13:51:00,SRGA
1.0564,1.0564,1.0564,1.0564,100,2021-07-26 13:52:00,SRGA
1.0581,1.0599,1.05,1.05,10696,2021-07-26 13:53:00,SRGA
1.0501,1.056,1.05,1.056,7340,2021-07-26 13:54:00,SRGA
1.055,1.055,1.055,1.055,4384,2021-07-26 13:55:00,SRGA
1.055,1.06,1.055,1.055,11600,2021-07-26 13:56:00,SRGA
1.055,1.055,1.055,1.055,100,2021-07-26 13:57:00,SRGA
1.055,1.06,1.0531,1.0599,2755,2021-07-26 13:58:00,SRGA
1.06,1.06,1.0538,1.055,16550,2021-07-26 13:59:00,SRGA
1.06,1.068,1.06,1.065,15065,2021-07-26 14:00:00,SRGA
1.0633,1.065,1.06,1.065,24329,2021-07-26 14:01:00,SRGA
1.07,1.07,1.065,1.065,17550,2021-07-26 14:02:00,SRGA
1.065,1.069,1.065,1.0668,1925,2021-07-26 14:03:00,SRGA
1.065,1.07,1.065,1.065,500,2021-07-26 14:04:00,SRGA
1.065,1.07,1.065,1.07,3633,2021-07-26 14:05:00,SRGA
1.0673,1.0673,1.0673,1.0673,5000,2021-07-26 14:06:00,SRGA
1.07,1.07,1.07,1.07,10426,2021-07-26 14:07:00,SRGA
1.07,1.07,1.07,1.07,225,2021-07-26 14:08:00,SRGA
1.07,1.08,1.07,1.0718,4865,2021-07-26 14:09:00,SRGA
1.075,1.079,1.075,1.0776,4700,2021-07-26 14:10:00,SRGA
1.0779,1.0779,1.0779,1.0779,1000,2021-07-26 14:11:00,SRGA
1.0715,1.0715,1.0715,1.0715,321,2021-07-26 14:12:00,SRGA
1.07,1.072,1.065,1.07,11113,2021-07-26 14:13:00,SRGA
1.075,1.08,1.075,1.075,3780,2021-07-26 14:14:00,SRGA
1.08,1.085,1.0796,1.0796,15823,2021-07-26 14:16:00,SRGA
1.075,1.075,1.075,1.075,200,2021-07-26 14:17:00,SRGA
1.0778,1.0778,1.0778,1.0778,100,2021-07-26 14:18:00,SRGA
1.0799,1.08,1.07,1.08,19100,2021-07-26 14:19:00,SRGA
1.08,1.08,1.08,1.08,100,2021-07-26 14:20:00,SRGA
1.08,1.0853,1.075,1.0853,20192,2021-07-26 14:21:00,SRGA
1.0801,1.0899,1.0801,1.0811,11200,2021-07-26 14:22:00,SRGA
1.0892,1.0892,1.08,1.085,1250,2021-07-26 14:23:00,SRGA
1.085,1.0891,1.085,1.085,10200,2021-07-26 14:24:00,SRGA
1.085,1.085,1.085,1.085,1800,2021-07-26 14:25:00,SRGA
1.0877,1.095,1.085,1.09,21563,2021-07-26 14:26:00,SRGA
1.095,1.1,1.085,1.085,28386,2021-07-26 14:27:00,SRGA
1.085,1.085,1.0831,1.085,1250,2021-07-26 14:28:00,SRGA
1.09,1.09,1.075,1.075,30651,2021-07-26 14:29:00,SRGA
1.08,1.0818,1.08,1.0818,37537,2021-07-26 14:30:00,SRGA
1.0812,1.0812,1.0812,1.0812,4000,2021-07-26 14:31:00,SRGA
1.085,1.085,1.085,1.085,400,2021-07-26 14:32:00,SRGA
1.08,1.09,1.08,1.0873,11076,2021-07-26 14:33:00,SRGA
1.0874,1.09,1.0874,1.09,1870,2021-07-26 14:34:00,SRGA
1.09,1.09,1.09,1.09,1000,2021-07-26 14:35:00,SRGA
1.088,1.088,1.088,1.088,600,2021-07-26 14:36:00,SRGA
1.085,1.085,1.08,1.08,500,2021-07-26 14:38:00,SRGA
1.0899,1.0899,1.0899,1.0899,5000,2021-07-26 14:39:00,SRGA
1.09,1.09,1.08,1.0822,18583,2021-07-26 14:41:00,SRGA
1.085,1.085,1.085,1.085,100,2021-07-26 14:42:00,SRGA
1.085,1.0882,1.085,1.0882,2100,2021-07-26 14:43:00,SRGA
1.0821,1.0821,1.08,1.08,888,2021-07-26 14:44:00,SRGA
1.08,1.08,1.08,1.08,200,2021-07-26 14:45:00,SRGA
1.085,1.085,1.085,1.085,200,2021-07-26 14:46:00,SRGA
1.085,1.09,1.085,1.09,1500,2021-07-26 14:47:00,SRGA
1.08,1.085,1.08,1.08,3222,2021-07-26 14:48:00,SRGA
1.0871,1.0871,1.08,1.08,376,2021-07-26 14:49:00,SRGA
1.0899,1.0899,1.08,1.08,1836,2021-07-26 14:50:00,SRGA
1.08,1.08,1.08,1.08,500,2021-07-26 14:51:00,SRGA
1.0821,1.0821,1.0821,1.0821,1000,2021-07-26 14:52:00,SRGA
1.085,1.09,1.08,1.09,701,2021-07-26 14:54:00,SRGA
1.09,1.09,1.08,1.09,13261,2021-07-26 14:55:00,SRGA
1.085,1.0875,1.08,1.08,2500,2021-07-26 14:56:00,SRGA
1.085,1.0869,1.08,1.085,3990,2021-07-26 14:57:00,SRGA
1.085,1.0872,1.085,1.0872,350,2021-07-26 14:59:00,SRGA
1.085,1.085,1.085,1.085,100,2021-07-26 15:00:00,SRGA
1.085,1.0878,1.085,1.0878,700,2021-07-26 15:02:00,SRGA
1.0876,1.0876,1.0823,1.085,1438,2021-07-26 15:03:00,SRGA
1.085,1.085,1.08,1.08,1300,2021-07-26 15:04:00,SRGA
1.085,1.085,1.085,1.085,200,2021-07-26 15:06:00,SRGA
1.085,1.085,1.085,1.085,200,2021-07-26 15:07:00,SRGA
1.09,1.09,1.08,1.08,9442,2021-07-26 15:09:00,SRGA
1.09,1.09,1.09,1.09,300,2021-07-26 15:10:00,SRGA
1.09,1.09,1.09,1.09,369,2021-07-26 15:11:00,SRGA
1.09,1.09,1.09,1.09,300,2021-07-26 15:12:00,SRGA
1.085,1.09,1.08,1.09,15963,2021-07-26 15:13:00,SRGA
1.09,1.09,1.09,1.09,400,2021-07-26 15:14:00,SRGA
1.09,1.095,1.08,1.085,13809,2021-07-26 15:16:00,SRGA
1.09,1.095,1.09,1.095,2242,2021-07-26 15:17:00,SRGA
1.09,1.09,1.09,1.09,100,2021-07-26 15:19:00,SRGA
1.09,1.09,1.085,1.09,1987,2021-07-26 15:20:00,SRGA
1.09,1.09,1.09,1.09,200,2021-07-26 15:21:00,SRGA
1.085,1.09,1.083,1.083,5400,2021-07-26 15:22:00,SRGA
1.0868,1.09,1.0827,1.0827,1118,2021-07-26 15:23:00,SRGA
1.085,1.085,1.085,1.085,600,2021-07-26 15:25:00,SRGA
1.085,1.0876,1.085,1.085,700,2021-07-26 15:27:00,SRGA
1.0862,1.09,1.085,1.085,8631,2021-07-26 15:30:00,SRGA
1.085,1.099,1.085,1.09,48821,2021-07-26 15:32:00,SRGA
1.09,1.09,1.09,1.09,100,2021-07-26 15:33:00,SRGA
1.0924,1.0924,1.09,1.09,500,2021-07-26 15:34:00,SRGA
1.0916,1.095,1.0916,1.095,1100,2021-07-26 15:35:00,SRGA
1.0948,1.0966,1.09,1.09,4000,2021-07-26 15:36:00,SRGA
1.095,1.1,1.09,1.095,27211,2021-07-26 15:37:00,SRGA
1.09,1.09,1.09,1.09,1600,2021-07-26 15:38:00,SRGA
1.09,1.09,1.09,1.09,800,2021-07-26 15:39:00,SRGA
1.09,1.0901,1.085,1.088,11005,2021-07-26 15:40:00,SRGA
1.0801,1.0801,1.0801,1.0801,3000,2021-07-26 15:41:00,SRGA
1.0817,1.0817,1.0817,1.0817,3000,2021-07-26 15:43:00,SRGA
1.0823,1.0823,1.0823,1.0823,1473,2021-07-26 15:44:00,SRGA
1.09,1.09,1.09,1.09,1000,2021-07-26 15:45:00,SRGA
1.085,1.0875,1.085,1.085,300,2021-07-26 15:46:00,SRGA
1.085,1.085,1.085,1.085,200,2021-07-26 15:47:00,SRGA
1.09,1.09,1.085,1.085,948,2021-07-26 15:48:00,SRGA
1.085,1.085,1.085,1.085,1200,2021-07-26 15:49:00,SRGA
1.085,1.085,1.085,1.085,200,2021-07-26 15:50:00,SRGA
1.0899,1.0899,1.08,1.08,800,2021-07-26 15:52:00,SRGA
1.085,1.085,1.08,1.085,70028,2021-07-26 15:53:00,SRGA
1.09,1.09,1.09,1.09,400,2021-07-26 15:55:00,SRGA
1.0876,1.0876,1.0876,1.0876,500,2021-07-26 15:56:00,SRGA
1.08,1.08,1.075,1.075,19097,2021-07-26 15:57:00,SRGA
1.075,1.075,1.075,1.075,600,2021-07-26 15:58:00,SRGA
1.08,1.08,1.075,1.08,22909,2021-07-26 15:59:00,SRGA
1.08,1.08,1.0711,1.075,11100,2021-07-26 16:00:00,SRGA
1.075,1.08,1.075,1.08,2258,2021-07-26 16:04:00,SRGA
1.075,1.08,1.075,1.075,1346,2021-07-26 16:05:00,SRGA
1.075,1.075,1.075,1.075,300,2021-07-26 16:07:00,SRGA
1.075,1.075,1.075,1.075,300,2021-07-26 16:08:00,SRGA
1.075,1.0788,1.075,1.075,3400,2021-07-26 16:09:00,SRGA
1.075,1.08,1.075,1.08,1200,2021-07-26 16:10:00,SRGA
1.075,1.075,1.075,1.075,200,2021-07-26 16:11:00,SRGA
1.075,1.075,1.075,1.075,200,2021-07-26 16:12:00,SRGA
1.075,1.075,1.075,1.075,200,2021-07-26 16:13:00,SRGA
1.075,1.075,1.075,1.075,300,2021-07-26 16:14:00,SRGA
1.075,1.075,1.075,1.075,100,2021-07-26 16:15:00,SRGA
1.075,1.075,1.075,1.075,100,2021-07-26 16:16:00,SRGA
1.075,1.075,1.075,1.075,200,2021-07-26 16:17:00,SRGA
1.075,1.075,1.075,1.075,100,2021-07-26 16:18:00,SRGA
1.075,1.075,1.0739,1.0739,200,2021-07-26 16:19:00,SRGA
1.075,1.075,1.075,1.075,100,2021-07-26 16:20:00,SRGA
1.075,1.075,1.075,1.075,300,2021-07-26 16:21:00,SRGA
1.0701,1.075,1.0701,1.075,200,2021-07-26 16:22:00,SRGA
1.075,1.075,1.075,1.075,100,2021-07-26 16:24:00,SRGA
1.075,1.075,1.075,1.075,200,2021-07-26 16:25:00,SRGA
1.08,1.08,1.075,1.075,42527,2021-07-26 16:26:00,SRGA
1.08,1.08,1.075,1.075,7941,2021-07-26 16:27:00,SRGA
1.08,1.08,1.075,1.075,10500,2021-07-26 16:28:00,SRGA
1.075,1.075,1.075,1.075,100,2021-07-26 16:29:00,SRGA
1.08,1.08,1.075,1.075,300,2021-07-26 16:31:00,SRGA
1.075,1.075,1.075,1.075,100,2021-07-26 16:32:00,SRGA
1.075,1.075,1.075,1.075,200,2021-07-26 16:33:00,SRGA
1.075,1.075,1.07,1.07,400,2021-07-26 16:34:00,SRGA
1.07,1.07,1.07,1.07,200,2021-07-26 16:35:00,SRGA
1.07,1.07,1.07,1.07,200,2021-07-26 16:36:00,SRGA
1.0737,1.0737,1.07,1.07,1100,2021-07-26 16:37:00,SRGA
1.07,1.07,1.07,1.07,200,2021-07-26 16:38:00,SRGA
1.07,1.07,1.07,1.07,100,2021-07-26 16:39:00,SRGA
1.07,1.072,1.07,1.072,530,2021-07-26 16:40:00,SRGA
1.07,1.07,1.07,1.07,100,2021-07-26 16:41:00,SRGA
1.07,1.07,1.06,1.06,65250,2021-07-26 16:42:00,SRGA
1.0646,1.0646,1.0646,1.0646,100,2021-07-26 16:43:00,SRGA
1.06,1.06,1.055,1.06,53599,2021-07-26 16:44:00,SRGA
1.06,1.07,1.06,1.07,1972,2021-07-26 16:45:00,SRGA
1.06,1.06,1.06,1.06,4462,2021-07-26 16:46:00,SRGA
1.0645,1.0645,1.0645,1.0645,100,2021-07-26 16:47:00,SRGA
1.0647,1.0647,1.0647,1.0647,527,2021-07-26 16:48:00,SRGA
1.0623,1.0623,1.0623,1.0623,865,2021-07-26 16:49:00,SRGA
1.065,1.075,1.065,1.075,11302,2021-07-26 16:51:00,SRGA
1.0726,1.075,1.0726,1.075,315,2021-07-26 16:53:00,SRGA
1.07,1.07,1.07,1.07,800,2021-07-26 16:54:00,SRGA
1.075,1.075,1.07,1.07,3947,2021-07-26 16:55:00,SRGA
1.07,1.07,1.07,1.07,600,2021-07-26 16:56:00,SRGA
1.07,1.07,1.07,1.07,600,2021-07-26 16:57:00,SRGA
1.07,1.07,1.07,1.07,5425,2021-07-26 16:59:00,SRGA
1.065,1.065,1.065,1.065,100,2021-07-26 17:00:00,SRGA
1.07,1.07,1.07,1.07,100,2021-07-26 17:01:00,SRGA
1.065,1.065,1.065,1.065,100,2021-07-26 17:04:00,SRGA
1.065,1.065,1.065,1.065,100,2021-07-26 17:06:00,SRGA
1.07,1.0799,1.07,1.0799,675,2021-07-26 17:07:00,SRGA
1.075,1.0755,1.075,1.0755,3784,2021-07-26 17:08:00,SRGA
1.0775,1.0775,1.0775,1.0775,350,2021-07-26 17:13:00,SRGA
1.075,1.08,1.075,1.08,16948,2021-07-26 17:16:00,SRGA
1.08,1.08,1.08,1.08,200,2021-07-26 17:17:00,SRGA
1.083,1.083,1.083,1.083,600,2021-07-26 17:18:00,SRGA
1.0801,1.0801,1.0801,1.0801,3000,2021-07-26 17:19:00,SRGA
1.0811,1.0811,1.0811,1.0811,3000,2021-07-26 17:20:00,SRGA
1.08,1.08,1.08,1.08,299,2021-07-26 17:21:00,SRGA
1.08,1.09,1.08,1.0838,11089,2021-07-26 17:22:00,SRGA
1.08,1.085,1.08,1.08,600,2021-07-26 17:23:00,SRGA
1.08,1.08,1.08,1.08,100,2021-07-26 17:25:00,SRGA
1.08,1.085,1.08,1.085,10600,2021-07-26 17:26:00,SRGA
1.08,1.08,1.08,1.08,200,2021-07-26 17:27:00,SRGA
1.08,1.08,1.08,1.08,200,2021-07-26 17:28:00,SRGA
1.08,1.08,1.08,1.08,5000,2021-07-26 17:29:00,SRGA
1.08,1.08,1.08,1.08,100,2021-07-26 17:30:00,SRGA
1.085,1.09,1.08,1.08,5400,2021-07-26 17:32:00,SRGA
1.08,1.08,1.08,1.08,100,2021-07-26 17:33:00,SRGA
1.08,1.08,1.075,1.08,700,2021-07-26 17:34:00,SRGA
1.085,1.089,1.08,1.08,1400,2021-07-26 17:35:00,SRGA
1.0819,1.0819,1.08,1.08,8383,2021-07-26 17:36:00,SRGA
1.0799,1.0799,1.0799,1.0799,498,2021-07-26 17:38:00,SRGA
1.0799,1.0799,1.0799,1.0799,9250,2021-07-26 17:40:00,SRGA
1.0782,1.0782,1.0782,1.0782,123,2021-07-26 17:44:00,SRGA
1.075,1.08,1.075,1.0792,4798,2021-07-26 17:45:00,SRGA
1.075,1.0772,1.0725,1.075,1798,2021-07-26 17:47:00,SRGA
1.0779,1.08,1.0779,1.08,10300,2021-07-26 17:48:00,SRGA
1.075,1.075,1.075,1.075,100,2021-07-26 17:49:00,SRGA
1.0785,1.0785,1.075,1.075,1100,2021-07-26 17:50:00,SRGA
1.075,1.075,1.075,1.075,100,2021-07-26 17:52:00,SRGA
1.08,1.08,1.075,1.075,465,2021-07-26 17:54:00,SRGA
1.08,1.08,1.08,1.08,7196,2021-07-26 17:57:00,SRGA
1.0777,1.0799,1.0777,1.0799,2100,2021-07-26 17:58:00,SRGA
1.08,1.08,1.08,1.08,5000,2021-07-26 17:59:00,SRGA
1.075,1.08,1.075,1.075,2312,2021-07-26 18:00:00,SRGA
1.07,1.08,1.07,1.08,6055,2021-07-26 18:01:00,SRGA
1.075,1.08,1.075,1.08,5800,2021-07-26 18:04:00,SRGA
1.0772,1.0772,1.0772,1.0772,132,2021-07-26 18:08:00,SRGA
1.0717,1.0717,1.0717,1.0717,500,2021-07-26 18:09:00,SRGA
1.075,1.075,1.075,1.075,2329,2021-07-26 18:10:00,SRGA
1.075,1.075,1.075,1.075,100,2021-07-26 18:11:00,SRGA
1.08,1.08,1.08,1.08,5628,2021-07-26 18:12:00,SRGA
1.08,1.08,1.075,1.08,700,2021-07-26 18:13:00,SRGA
1.0778,1.0778,1.0778,1.0778,150,2021-07-26 18:14:00,SRGA
1.08,1.08,1.08,1.08,1428,2021-07-26 18:16:00,SRGA
1.08,1.08,1.08,1.08,200,2021-07-26 18:17:00,SRGA
1.08,1.08,1.08,1.08,242,2021-07-26 18:20:00,SRGA
1.08,1.08,1.08,1.08,400,2021-07-26 18:22:00,SRGA
1.08,1.08,1.08,1.08,3935,2021-07-26 18:23:00,SRGA
1.08,1.085,1.075,1.075,5474,2021-07-26 18:25:00,SRGA
1.08,1.08,1.08,1.08,200,2021-07-26 18:26:00,SRGA
1.08,1.08,1.0793,1.0793,3409,2021-07-26 18:27:00,SRGA
1.08,1.08,1.08,1.08,100,2021-07-26 18:28:00,SRGA
1.07,1.075,1.065,1.065,32345,2021-07-26 18:30:00,SRGA
1.07,1.075,1.07,1.075,25476,2021-07-26 18:31:00,SRGA
1.075,1.075,1.075,1.075,200,2021-07-26 18:32:00,SRGA
1.07,1.075,1.07,1.075,3218,2021-07-26 18:33:00,SRGA
1.07,1.07,1.07,1.07,200,2021-07-26 18:34:00,SRGA
1.07,1.07,1.07,1.07,100,2021-07-26 18:35:00,SRGA
1.0721,1.0721,1.0721,1.0721,100,2021-07-26 18:36:00,SRGA
1.075,1.075,1.075,1.075,307,2021-07-26 18:39:00,SRGA
1.075,1.075,1.075,1.075,200,2021-07-26 18:40:00,SRGA
1.075,1.075,1.075,1.075,100,2021-07-26 18:42:00,SRGA
1.075,1.075,1.07,1.07,6452,2021-07-26 18:43:00,SRGA
1.07,1.075,1.07,1.075,500,2021-07-26 18:44:00,SRGA
1.0779,1.0779,1.075,1.075,1001,2021-07-26 18:46:00,SRGA
1.075,1.075,1.075,1.075,206,2021-07-26 18:47:00,SRGA
1.0715,1.0715,1.0715,1.0715,1000,2021-07-26 18:48:00,SRGA
1.075,1.09,1.075,1.09,17369,2021-07-26 18:49:00,SRGA
1.09,1.09,1.09,1.09,2821,2021-07-26 18:50:00,SRGA
1.085,1.085,1.08,1.085,19282,2021-07-26 18:51:00,SRGA
1.085,1.085,1.085,1.085,201,2021-07-26 18:52:00,SRGA
1.085,1.085,1.085,1.085,100,2021-07-26 18:54:00,SRGA
1.09,1.09,1.09,1.09,4159,2021-07-26 18:55:00,SRGA
1.085,1.085,1.085,1.085,600,2021-07-26 18:56:00,SRGA
1.085,1.085,1.08,1.08,7786,2021-07-26 19:00:00,SRGA
1.085,1.085,1.085,1.085,200,2021-07-26 19:02:00,SRGA
1.082,1.082,1.082,1.082,345,2021-07-26 19:04:00,SRGA
1.085,1.085,1.085,1.085,408,2021-07-26 19:07:00,SRGA
1.08,1.08,1.08,1.08,100,2021-07-26 19:11:00,SRGA
1.085,1.09,1.085,1.085,15405,2021-07-26 19:14:00,SRGA
1.085,1.1,1.085,1.1,43771,2021-07-26 19:15:00,SRGA
1.1,1.105,1.1,1.105,12088,2021-07-26 19:16:00,SRGA
1.1,1.1,1.09,1.09,14515,2021-07-26 19:17:00,SRGA
1.095,1.095,1.0901,1.095,8200,2021-07-26 19:18:00,SRGA
1.09,1.095,1.09,1.09,5585,2021-07-26 19:19:00,SRGA
1.09,1.09,1.08,1.085,17623,2021-07-26 19:20:00,SRGA
1.08,1.09,1.08,1.085,52250,2021-07-26 19:22:00,SRGA
1.08,1.08,1.08,1.08,100,2021-07-26 19:24:00,SRGA
1.08,1.085,1.08,1.085,700,2021-07-26 19:25:00,SRGA
1.08,1.08,1.08,1.08,100,2021-07-26 19:26:00,SRGA
1.09,1.09,1.09,1.09,8820,2021-07-26 19:27:00,SRGA
1.085,1.085,1.085,1.085,136,2021-07-26 19:28:00,SRGA
1.085,1.09,1.085,1.09,318,2021-07-26 19:29:00,SRGA
1.0899,1.105,1.0899,1.1,34365,2021-07-26 19:30:00,SRGA
1.105,1.105,1.095,1.095,5720,2021-07-26 19:31:00,SRGA
1.095,1.095,1.095,1.095,100,2021-07-26 19:33:00,SRGA
1.095,1.1057,1.095,1.1001,13099,2021-07-26 19:34:00,SRGA
1.1026,1.105,1.1012,1.1012,5350,2021-07-26 19:35:00,SRGA
1.1024,1.105,1.1,1.105,6402,2021-07-26 19:36:00,SRGA
1.105,1.105,1.09,1.095,12542,2021-07-26 19:37:00,SRGA
1.0922,1.0922,1.0922,1.0922,100,2021-07-26 19:38:00,SRGA
1.095,1.095,1.08,1.08,55492,2021-07-26 19:39:00,SRGA
1.085,1.09,1.085,1.09,1400,2021-07-26 19:40:00,SRGA
1.0881,1.0881,1.0881,1.0881,350,2021-07-26 19:44:00,SRGA
1.0801,1.085,1.0801,1.085,5400,2021-07-26 19:45:00,SRGA
1.085,1.085,1.085,1.085,200,2021-07-26 19:46:00,SRGA
1.0874,1.0874,1.085,1.085,1200,2021-07-26 19:47:00,SRGA
1.085,1.085,1.085,1.085,200,2021-07-26 19:48:00,SRGA
1.085,1.085,1.08,1.085,8400,2021-07-26 19:49:00,SRGA
1.09,1.095,1.09,1.095,15393,2021-07-26 19:50:00,SRGA
1.095,1.1,1.095,1.1,14987,2021-07-26 19:51:00,SRGA
1.09,1.09,1.09,1.09,5199,2021-07-26 19:52:00,SRGA
1.1,1.1,1.095,1.1,4742,2021-07-26 19:53:00,SRGA
1.1,1.105,1.09,1.095,24924,2021-07-26 19:54:00,SRGA
1.1,1.105,1.095,1.105,14550,2021-07-26 19:55:00,SRGA
1.1001,1.103,1.1,1.1,7300,2021-07-26 19:56:00,SRGA
1.1,1.1002,1.095,1.1,15583,2021-07-26 19:57:00,SRGA
1.1,1.11,1.1,1.101,16501,2021-07-26 19:58:00,SRGA
1.105,1.11,1.1,1.11,16225,2021-07-26 19:59:00,SRGA
1.11,1.11,1.11,1.11,48248,2021-07-26 20:00:00,SRGA
1.07,1.07,1.07,1.07,169,2021-07-26 20:13:00,SRGA
1.11,1.11,1.11,1.11,266437,2021-07-26 20:33:00,SRGA
1.1,1.1,1.1,1.1,100,2021-07-26 22:51:00,SRGA
1.11,1.11,1.11,1.11,600,2021-07-27 08:52:00,SRGA
1.09,1.09,1.09,1.09,100,2021-07-27 11:08:00,SRGA
1.11,1.11,1.11,1.11,999,2021-07-27 12:58:00,SRGA
1.1,1.1164,1.09,1.09,24211,2021-07-27 13:30:00,SRGA
1.09,1.09,1.0865,1.0865,9900,2021-07-27 13:31:00,SRGA
1.085,1.085,1.0828,1.0828,289,2021-07-27 13:32:00,SRGA
1.082,1.0838,1.082,1.0838,1109,2021-07-27 13:33:00,SRGA
1.08,1.09,1.08,1.08,12635,2021-07-27 13:34:00,SRGA
1.0862,1.0862,1.08,1.08,22689,2021-07-27 13:35:00,SRGA
1.09,1.09,1.09,1.09,116,2021-07-27 13:37:00,SRGA
1.08,1.08,1.08,1.08,554,2021-07-27 13:38:00,SRGA
1.08,1.08,1.07,1.0778,75334,2021-07-27 13:39:00,SRGA
1.07,1.0764,1.06,1.0764,9764,2021-07-27 13:40:00,SRGA
1.07,1.07,1.07,1.07,3843,2021-07-27 13:41:00,SRGA
1.0753,1.077,1.07,1.07,5500,2021-07-27 13:43:00,SRGA
1.07,1.0782,1.07,1.0782,4125,2021-07-27 13:44:00,SRGA
1.07,1.07,1.06,1.07,5333,2021-07-27 13:48:00,SRGA
1.0699,1.0699,1.0699,1.0699,800,2021-07-27 13:49:00,SRGA
1.07,1.07,1.07,1.07,918,2021-07-27 13:50:00,SRGA
1.07,1.07,1.065,1.065,22879,2021-07-27 13:51:00,SRGA
1.07,1.07,1.07,1.07,1000,2021-07-27 13:52:00,SRGA
1.0685,1.0685,1.0685,1.0685,1000,2021-07-27 13:54:00,SRGA
1.0673,1.0673,1.0673,1.0673,10000,2021-07-27 13:55:00,SRGA
1.0601,1.0601,1.0601,1.0601,6477,2021-07-27 13:56:00,SRGA
1.0677,1.0677,1.0677,1.0677,2500,2021-07-27 13:57:00,SRGA
1.065,1.065,1.065,1.065,500,2021-07-27 13:58:00,SRGA
1.065,1.065,1.065,1.065,1200,2021-07-27 13:59:00,SRGA
1.0601,1.07,1.0601,1.07,9195,2021-07-27 14:00:00,SRGA
1.0674,1.0674,1.065,1.065,569,2021-07-27 14:01:00,SRGA
1.07,1.07,1.07,1.07,100,2021-07-27 14:02:00,SRGA
1.06,1.06,1.06,1.06,18140,2021-07-27 14:03:00,SRGA
1.0645,1.0645,1.0645,1.0645,469,2021-07-27 14:04:00,SRGA
1.06,1.06,1.06,1.06,5917,2021-07-27 14:05:00,SRGA
1.0674,1.0674,1.0674,1.0674,200,2021-07-27 14:06:00,SRGA
1.06,1.06,1.06,1.06,6354,2021-07-27 14:07:00,SRGA
1.0683,1.0683,1.0683,1.0683,1000,2021-07-27 14:08:00,SRGA
1.06,1.06,1.05,1.055,17238,2021-07-27 14:10:00,SRGA
1.055,1.06,1.055,1.06,4095,2021-07-27 14:11:00,SRGA
1.06,1.06,1.055,1.06,700,2021-07-27 14:12:00,SRGA
1.06,1.06,1.055,1.055,4865,2021-07-27 14:13:00,SRGA
1.06,1.06,1.05,1.06,69720,2021-07-27 14:14:00,SRGA
1.0585,1.0585,1.055,1.055,5400,2021-07-27 14:15:00,SRGA
1.06,1.06,1.0599,1.0599,1400,2021-07-27 14:16:00,SRGA
1.055,1.0574,1.055,1.0574,5400,2021-07-27 14:17:00,SRGA
1.0527,1.06,1.0527,1.06,1429,2021-07-27 14:18:00,SRGA
1.06,1.06,1.055,1.06,10653,2021-07-27 14:21:00,SRGA
1.06,1.06,1.0598,1.0598,571,2021-07-27 14:22:00,SRGA
1.0599,1.06,1.0517,1.06,8533,2021-07-27 14:23:00,SRGA
1.06,1.06,1.06,1.06,15958,2021-07-27 14:24:00,SRGA
1.06,1.06,1.055,1.0574,600,2021-07-27 14:25:00,SRGA
1.0574,1.0585,1.055,1.0576,2241,2021-07-27 14:26:00,SRGA
1.05,1.06,1.05,1.06,241,2021-07-27 14:27:00,SRGA
1.0585,1.06,1.055,1.06,2021,2021-07-27 14:28:00,SRGA
1.055,1.055,1.055,1.055,1000,2021-07-27 14:30:00,SRGA
1.055,1.06,1.055,1.06,6372,2021-07-27 14:31:00,SRGA
1.0575,1.0575,1.0575,1.0575,250,2021-07-27 14:33:00,SRGA
1.05,1.06,1.05,1.06,10587,2021-07-27 14:34:00,SRGA
1.055,1.06,1.055,1.06,600,2021-07-27 14:35:00,SRGA
1.06,1.06,1.0521,1.0521,4582,2021-07-27 14:36:00,SRGA
1.055,1.0584,1.055,1.055,1300,2021-07-27 14:37:00,SRGA
1.06,1.06,1.0574,1.0574,447,2021-07-27 14:38:00,SRGA
1.0575,1.06,1.055,1.055,3090,2021-07-27 14:39:00,SRGA
1.0573,1.0573,1.0573,1.0573,400,2021-07-27 14:40:00,SRGA
1.0573,1.0573,1.055,1.055,727,2021-07-27 14:41:00,SRGA
1.06,1.06,1.0501,1.0578,1420,2021-07-27 14:42:00,SRGA
1.06,1.06,1.055,1.055,1300,2021-07-27 14:43:00,SRGA
1.055,1.055,1.055,1.055,2000,2021-07-27 14:44:00,SRGA
1.055,1.055,1.055,1.055,200,2021-07-27 14:46:00,SRGA
1.06,1.06,1.0599,1.0599,6100,2021-07-27 14:48:00,SRGA
1.06,1.06,1.0599,1.06,6528,2021-07-27 14:49:00,SRGA
1.06,1.06,1.06,1.06,1300,2021-07-27 14:50:00,SRGA
1.055,1.055,1.055,1.055,500,2021-07-27 14:51:00,SRGA
1.0599,1.0599,1.0599,1.0599,5000,2021-07-27 14:53:00,SRGA
1.0565,1.06,1.0565,1.0585,3948,2021-07-27 14:54:00,SRGA
1.06,1.06,1.06,1.06,172,2021-07-27 14:55:00,SRGA
1.06,1.06,1.06,1.06,1100,2021-07-27 14:56:00,SRGA
1.06,1.06,1.06,1.06,350,2021-07-27 14:57:00,SRGA
1.06,1.06,1.06,1.06,300,2021-07-27 15:00:00,SRGA
1.06,1.06,1.06,1.06,100,2021-07-27 15:01:00,SRGA
1.06,1.06,1.0586,1.06,25718,2021-07-27 15:02:00,SRGA
1.0625,1.067,1.0625,1.065,10500,2021-07-27 15:03:00,SRGA
1.07,1.07,1.07,1.07,24727,2021-07-27 15:04:00,SRGA
1.06,1.06,1.06,1.06,500,2021-07-27 15:10:00,SRGA
1.06,1.06,1.06,1.06,100,2021-07-27 15:11:00,SRGA
1.06,1.0676,1.06,1.0676,1100,2021-07-27 15:13:00,SRGA
1.06,1.065,1.06,1.06,1200,2021-07-27 15:14:00,SRGA
1.0686,1.0686,1.06,1.065,9100,2021-07-27 15:16:00,SRGA
1.07,1.07,1.065,1.0699,4892,2021-07-27 15:17:00,SRGA
1.0682,1.0682,1.0682,1.0682,2500,2021-07-27 15:19:00,SRGA
1.065,1.07,1.065,1.07,539,2021-07-27 15:20:00,SRGA
1.06,1.067,1.06,1.065,300,2021-07-27 15:22:00,SRGA
1.06,1.065,1.06,1.065,1100,2021-07-27 15:23:00,SRGA
1.065,1.07,1.065,1.07,300,2021-07-27 15:24:00,SRGA
1.0683,1.0683,1.06,1.0616,3800,2021-07-27 15:25:00,SRGA
1.062,1.065,1.06,1.065,10350,2021-07-27 15:26:00,SRGA
1.0613,1.07,1.0613,1.07,2850,2021-07-27 15:30:00,SRGA
1.0674,1.0674,1.0674,1.0674,400,2021-07-27 15:32:00,SRGA
1.06,1.067,1.06,1.067,891,2021-07-27 15:33:00,SRGA
1.065,1.07,1.06,1.07,7477,2021-07-27 15:35:00,SRGA
1.065,1.065,1.065,1.065,100,2021-07-27 15:36:00,SRGA
1.065,1.065,1.065,1.065,3000,2021-07-27 15:38:00,SRGA
1.065,1.065,1.06,1.065,4600,2021-07-27 15:40:00,SRGA
1.07,1.07,1.065,1.0685,4450,2021-07-27 15:41:00,SRGA
1.0689,1.0689,1.065,1.065,10100,2021-07-27 15:42:00,SRGA
1.065,1.065,1.0601,1.0601,2088,2021-07-27 15:43:00,SRGA
1.0699,1.07,1.0699,1.07,2100,2021-07-27 15:47:00,SRGA
1.0699,1.0699,1.0699,1.0699,5000,2021-07-27 15:48:00,SRGA
1.06,1.06,1.06,1.06,20000,2021-07-27 15:49:00,SRGA
1.065,1.065,1.065,1.065,2462,2021-07-27 15:50:00,SRGA
1.0615,1.065,1.0615,1.065,2220,2021-07-27 15:51:00,SRGA
1.065,1.065,1.065,1.065,100,2021-07-27 15:53:00,SRGA
1.0647,1.0647,1.0647,1.0647,100,2021-07-27 15:54:00,SRGA
1.06,1.065,1.06,1.065,1299,2021-07-27 15:55:00,SRGA
1.0667,1.0667,1.065,1.065,1118,2021-07-27 15:58:00,SRGA
1.065,1.065,1.065,1.065,945,2021-07-27 16:01:00,SRGA
1.065,1.07,1.065,1.07,4138,2021-07-27 16:02:00,SRGA
1.07,1.07,1.0699,1.07,29624,2021-07-27 16:08:00,SRGA
1.08,1.08,1.08,1.08,150,2021-07-27 16:09:00,SRGA
1.075,1.075,1.075,1.075,200,2021-07-27 16:10:00,SRGA
1.075,1.0799,1.075,1.075,1400,2021-07-27 16:11:00,SRGA
1.075,1.075,1.075,1.075,6522,2021-07-27 16:12:00,SRGA
1.08,1.08,1.0771,1.0771,1175,2021-07-27 16:13:00,SRGA
1.0701,1.0751,1.0701,1.0751,900,2021-07-27 16:15:00,SRGA
1.0781,1.0781,1.0781,1.0781,1000,2021-07-27 16:16:00,SRGA
1.075,1.075,1.075,1.075,4000,2021-07-27 16:17:00,SRGA
1.075,1.075,1.07,1.075,9530,2021-07-27 16:19:00,SRGA
1.075,1.075,1.0638,1.0638,5270,2021-07-27 16:20:00,SRGA
1.065,1.065,1.065,1.065,100,2021-07-27 16:21:00,SRGA
1.065,1.065,1.065,1.065,2000,2021-07-27 16:22:00,SRGA
1.0657,1.0657,1.0657,1.0657,100,2021-07-27 16:23:00,SRGA
1.065,1.07,1.065,1.065,30527,2021-07-27 16:24:00,SRGA
1.065,1.065,1.065,1.065,100,2021-07-27 16:25:00,SRGA
1.07,1.07,1.065,1.065,360,2021-07-27 16:26:00,SRGA
1.065,1.065,1.06,1.0601,5900,2021-07-27 16:27:00,SRGA
1.065,1.07,1.065,1.0697,1200,2021-07-27 16:28:00,SRGA
1.065,1.065,1.065,1.065,100,2021-07-27 16:29:00,SRGA
1.065,1.0665,1.065,1.0665,400,2021-07-27 16:30:00,SRGA
1.0697,1.07,1.0665,1.0665,500,2021-07-27 16:31:00,SRGA
1.065,1.065,1.065,1.065,1219,2021-07-27 16:33:00,SRGA
1.06,1.06,1.06,1.06,31046,2021-07-27 16:34:00,SRGA
1.06,1.0665,1.06,1.065,3350,2021-07-27 16:35:00,SRGA
1.065,1.07,1.065,1.065,600,2021-07-27 16:36:00,SRGA
1.065,1.065,1.065,1.065,200,2021-07-27 16:37:00,SRGA
1.07,1.07,1.065,1.07,1600,2021-07-27 16:39:00,SRGA
1.0664,1.0664,1.06,1.0659,10150,2021-07-27 16:41:00,SRGA
1.065,1.065,1.065,1.065,600,2021-07-27 16:43:00,SRGA
1.0668,1.0668,1.0668,1.0668,100,2021-07-27 16:44:00,SRGA
1.065,1.065,1.065,1.065,100,2021-07-27 16:45:00,SRGA
1.065,1.065,1.065,1.065,100,2021-07-27 16:46:00,SRGA
1.0664,1.0664,1.0664,1.0664,939,2021-07-27 16:54:00,SRGA
1.065,1.065,1.065,1.065,300,2021-07-27 16:56:00,SRGA
1.065,1.065,1.065,1.065,200,2021-07-27 16:57:00,SRGA
1.065,1.065,1.065,1.065,200,2021-07-27 16:58:00,SRGA
1.065,1.065,1.065,1.065,500,2021-07-27 17:00:00,SRGA
1.065,1.065,1.065,1.065,200,2021-07-27 17:01:00,SRGA
1.0661,1.0661,1.065,1.065,2200,2021-07-27 17:04:00,SRGA
1.065,1.07,1.065,1.07,4600,2021-07-27 17:06:00,SRGA
1.06,1.065,1.06,1.065,31091,2021-07-27 17:08:00,SRGA
1.065,1.065,1.065,1.065,800,2021-07-27 17:10:00,SRGA
1.065,1.065,1.065,1.065,100,2021-07-27 17:11:00,SRGA
1.065,1.065,1.065,1.065,200,2021-07-27 17:13:00,SRGA
1.065,1.0699,1.065,1.0699,200,2021-07-27 17:16:00,SRGA
1.0671,1.0671,1.065,1.065,445,2021-07-27 17:18:00,SRGA
1.06,1.06,1.06,1.06,354,2021-07-27 17:25:00,SRGA
1.0673,1.0673,1.0673,1.0673,277,2021-07-27 17:26:00,SRGA
1.065,1.065,1.06,1.06,1350,2021-07-27 17:28:00,SRGA
1.065,1.07,1.065,1.065,2420,2021-07-27 17:29:00,SRGA
1.07,1.07,1.065,1.07,18214,2021-07-27 17:35:00,SRGA
1.0699,1.0699,1.0699,1.0699,200,2021-07-27 17:36:00,SRGA
1.07,1.07,1.07,1.07,305,2021-07-27 17:39:00,SRGA
1.07,1.08,1.07,1.075,63017,2021-07-27 17:40:00,SRGA
1.07,1.0702,1.065,1.065,9525,2021-07-27 17:41:00,SRGA
1.07,1.07,1.065,1.065,4355,2021-07-27 17:42:00,SRGA
1.0675,1.0675,1.0675,1.0675,319,2021-07-27 17:43:00,SRGA
1.0623,1.065,1.0623,1.065,1816,2021-07-27 17:45:00,SRGA
1.065,1.065,1.065,1.065,200,2021-07-27 17:46:00,SRGA
1.07,1.07,1.065,1.07,15708,2021-07-27 17:47:00,SRGA
1.065,1.065,1.065,1.065,2500,2021-07-27 17:50:00,SRGA
1.065,1.065,1.065,1.065,1450,2021-07-27 17:51:00,SRGA
1.065,1.065,1.065,1.065,100,2021-07-27 17:52:00,SRGA
1.065,1.065,1.065,1.065,100,2021-07-27 17:53:00,SRGA
1.065,1.065,1.065,1.065,100,2021-07-27 17:55:00,SRGA
1.0669,1.0669,1.0669,1.0669,200,2021-07-27 17:58:00,SRGA
1.065,1.07,1.065,1.07,4400,2021-07-27 17:59:00,SRGA
1.0674,1.0699,1.0674,1.0699,3000,2021-07-27 18:01:00,SRGA
1.0699,1.0699,1.0699,1.0699,500,2021-07-27 18:02:00,SRGA
1.065,1.065,1.065,1.065,100,2021-07-27 18:04:00,SRGA
1.0669,1.0669,1.064,1.064,1050,2021-07-27 18:05:00,SRGA
1.065,1.065,1.06,1.06,8560,2021-07-27 18:08:00,SRGA
1.065,1.07,1.06,1.06,6269,2021-07-27 18:11:00,SRGA
1.065,1.0666,1.065,1.065,5000,2021-07-27 18:13:00,SRGA
1.065,1.065,1.06,1.06,15676,2021-07-27 18:14:00,SRGA
1.065,1.0673,1.06,1.065,4212,2021-07-27 18:15:00,SRGA
1.065,1.065,1.065,1.065,1100,2021-07-27 18:16:00,SRGA
1.065,1.0699,1.065,1.065,3500,2021-07-27 18:17:00,SRGA
1.065,1.065,1.065,1.065,2700,2021-07-27 18:18:00,SRGA
1.067,1.067,1.065,1.065,700,2021-07-27 18:19:00,SRGA
1.065,1.065,1.065,1.065,500,2021-07-27 18:20:00,SRGA
1.065,1.065,1.06,1.06,3320,2021-07-27 18:21:00,SRGA
1.065,1.065,1.065,1.065,2500,2021-07-27 18:22:00,SRGA
1.065,1.065,1.065,1.065,100,2021-07-27 18:23:00,SRGA
1.065,1.065,1.065,1.065,100,2021-07-27 18:24:00,SRGA
1.065,1.065,1.065,1.065,1760,2021-07-27 18:26:00,SRGA
1.065,1.065,1.065,1.065,100,2021-07-27 18:27:00,SRGA
1.07,1.07,1.07,1.07,750,2021-07-27 18:29:00,SRGA
1.065,1.065,1.065,1.065,400,2021-07-27 18:30:00,SRGA
1.065,1.065,1.065,1.065,1300,2021-07-27 18:31:00,SRGA
1.065,1.065,1.06,1.06,3286,2021-07-27 18:32:00,SRGA
1.065,1.065,1.065,1.065,200,2021-07-27 18:33:00,SRGA
1.065,1.065,1.065,1.065,200,2021-07-27 18:34:00,SRGA
1.065,1.065,1.065,1.065,100,2021-07-27 18:37:00,SRGA
1.065,1.065,1.065,1.065,1000,2021-07-27 18:38:00,SRGA
1.065,1.065,1.065,1.065,1475,2021-07-27 18:44:00,SRGA
1.065,1.065,1.065,1.065,760,2021-07-27 18:45:00,SRGA
1.065,1.065,1.065,1.065,2200,2021-07-27 18:46:00,SRGA
1.065,1.065,1.065,1.065,200,2021-07-27 18:47:00,SRGA
1.065,1.065,1.0637,1.065,450,2021-07-27 18:48:00,SRGA
1.065,1.065,1.065,1.065,100,2021-07-27 18:49:00,SRGA
1.065,1.065,1.065,1.065,200,2021-07-27 18:50:00,SRGA
1.065,1.065,1.065,1.065,200,2021-07-27 18:51:00,SRGA
1.065,1.065,1.065,1.065,1000,2021-07-27 18:52:00,SRGA
1.065,1.065,1.065,1.065,2000,2021-07-27 18:53:00,SRGA
1.065,1.065,1.065,1.065,2100,2021-07-27 18:55:00,SRGA
1.065,1.065,1.065,1.065,1600,2021-07-27 19:00:00,SRGA
1.065,1.0681,1.065,1.0681,1300,2021-07-27 19:01:00,SRGA
1.06,1.06,1.06,1.06,100,2021-07-27 19:04:00,SRGA
1.07,1.07,1.07,1.07,250,2021-07-27 19:07:00,SRGA
1.065,1.065,1.065,1.065,2400,2021-07-27 19:10:00,SRGA
1.065,1.0654,1.06,1.0654,1336,2021-07-27 19:12:00,SRGA
1.06,1.06,1.06,1.06,8594,2021-07-27 19:14:00,SRGA
1.06,1.07,1.06,1.065,5000,2021-07-27 19:15:00,SRGA
1.06,1.06,1.06,1.06,100,2021-07-27 19:16:00,SRGA
1.06,1.06,1.06,1.06,400,2021-07-27 19:17:00,SRGA
1.065,1.065,1.06,1.065,2234,2021-07-27 19:18:00,SRGA
1.06,1.06,1.06,1.06,400,2021-07-27 19:20:00,SRGA
1.06,1.06,1.06,1.06,4400,2021-07-27 19:23:00,SRGA
1.0699,1.0699,1.065,1.065,3400,2021-07-27 19:25:00,SRGA
1.06,1.0699,1.06,1.06,1125,2021-07-27 19:26:00,SRGA
1.0664,1.0664,1.0664,1.0664,187,2021-07-27 19:27:00,SRGA
1.0671,1.0671,1.0671,1.0671,653,2021-07-27 19:29:00,SRGA
1.065,1.065,1.06,1.065,1210,2021-07-27 19:30:00,SRGA
1.065,1.0667,1.06,1.0667,2765,2021-07-27 19:32:00,SRGA
1.065,1.065,1.06,1.06,400,2021-07-27 19:34:00,SRGA
1.065,1.065,1.065,1.065,100,2021-07-27 19:35:00,SRGA
1.065,1.065,1.06,1.06,400,2021-07-27 19:36:00,SRGA
1.06,1.065,1.06,1.065,2448,2021-07-27 19:38:00,SRGA
1.065,1.065,1.06,1.06,200,2021-07-27 19:39:00,SRGA
1.06,1.06,1.06,1.06,400,2021-07-27 19:40:00,SRGA
1.065,1.065,1.065,1.065,100,2021-07-27 19:41:00,SRGA
1.0659,1.0659,1.065,1.065,300,2021-07-27 19:42:00,SRGA
1.0666,1.0666,1.06,1.065,13125,2021-07-27 19:43:00,SRGA
1.06,1.06,1.06,1.06,400,2021-07-27 19:44:00,SRGA
1.065,1.065,1.065,1.065,100,2021-07-27 19:45:00,SRGA
1.065,1.065,1.06,1.065,2000,2021-07-27 19:46:00,SRGA
1.0664,1.0664,1.06,1.06,2370,2021-07-27 19:47:00,SRGA
1.0664,1.07,1.0601,1.07,3100,2021-07-27 19:48:00,SRGA
1.0664,1.0664,1.06,1.065,3000,2021-07-27 19:49:00,SRGA
1.065,1.065,1.06,1.065,4500,2021-07-27 19:50:00,SRGA
1.065,1.065,1.06,1.065,528,2021-07-27 19:51:00,SRGA
1.065,1.07,1.06,1.06,3217,2021-07-27 19:52:00,SRGA
1.06,1.065,1.055,1.055,47558,2021-07-27 19:53:00,SRGA
1.05,1.058,1.05,1.05,3700,2021-07-27 19:54:00,SRGA
1.05,1.055,1.05,1.05,800,2021-07-27 19:55:00,SRGA
1.05,1.06,1.05,1.06,5136,2021-07-27 19:56:00,SRGA
1.05,1.06,1.05,1.055,1900,2021-07-27 19:57:00,SRGA
1.05,1.055,1.05,1.055,7242,2021-07-27 19:58:00,SRGA
1.055,1.0599,1.05,1.05,8025,2021-07-27 19:59:00,SRGA
1.06,1.06,1.06,1.06,9998,2021-07-27 20:00:00,SRGA
1.06,1.06,1.06,1.06,250,2021-07-27 20:10:00,SRGA
1.05,1.06,1.05,1.06,470,2021-07-27 20:11:00,SRGA
1.06,1.06,1.06,1.06,200,2021-07-27 20:17:00,SRGA
1.05,1.05,1.05,1.05,175,2021-07-27 20:36:00,SRGA
1.05,1.05,1.05,1.05,325,2021-07-27 20:47:00,SRGA
1.05,1.05,1.05,1.05,205,2021-07-27 21:56:00,SRGA
1.06,1.06,1.06,1.06,500,2021-07-27 23:30:00,SRGA
1.0599,1.0599,1.0599,1.0599,1150,2021-07-27 23:58:00,SRGA
1.09,1.09,1.09,1.09,100,2021-07-28 10:21:00,SRGA
1.09,1.09,1.09,1.09,100,2021-07-28 10:22:00,SRGA
1.07,1.07,1.07,1.07,3000,2021-07-28 11:01:00,SRGA
1.07,1.07,1.07,1.07,1500,2021-07-28 11:07:00,SRGA
1.07,1.07,1.07,1.07,1000,2021-07-28 11:38:00,SRGA
1.0701,1.0701,1.0701,1.0701,5100,2021-07-28 12:07:00,SRGA
1.07,1.07,1.07,1.07,200,2021-07-28 12:08:00,SRGA
1.07,1.07,1.07,1.07,300,2021-07-28 12:22:00,SRGA
1.08,1.08,1.08,1.08,200,2021-07-28 12:55:00,SRGA
1.08,1.08,1.08,1.08,100,2021-07-28 12:57:00,SRGA
1.0701,1.0701,1.0701,1.0701,500,2021-07-28 13:00:00,SRGA
1.08,1.08,1.08,1.08,9867,2021-07-28 13:07:00,SRGA
1.08,1.1,1.08,1.08,34769,2021-07-28 13:30:00,SRGA
1.075,1.075,1.07,1.07,2156,2021-07-28 13:31:00,SRGA
1.075,1.076,1.06,1.0742,3004,2021-07-28 13:32:00,SRGA
1.0694,1.07,1.06,1.07,1825,2021-07-28 13:33:00,SRGA
1.075,1.075,1.075,1.075,400,2021-07-28 13:34:00,SRGA
1.0754,1.0754,1.0754,1.0754,750,2021-07-28 13:35:00,SRGA
1.07,1.07,1.06,1.0699,8600,2021-07-28 13:37:00,SRGA
1.07,1.07,1.065,1.0655,9050,2021-07-28 13:38:00,SRGA
1.065,1.065,1.065,1.065,800,2021-07-28 13:40:00,SRGA
1.065,1.0696,1.065,1.0664,2100,2021-07-28 13:41:00,SRGA
1.0681,1.0681,1.0676,1.068,2000,2021-07-28 13:42:00,SRGA
1.068,1.068,1.065,1.065,3000,2021-07-28 13:44:00,SRGA
1.07,1.07,1.07,1.07,600,2021-07-28 13:45:00,SRGA
1.065,1.07,1.065,1.07,10185,2021-07-28 13:46:00,SRGA
1.07,1.07,1.065,1.065,15561,2021-07-28 13:47:00,SRGA
1.0658,1.0678,1.065,1.065,3100,2021-07-28 13:48:00,SRGA
1.0685,1.0685,1.0685,1.0685,900,2021-07-28 13:49:00,SRGA
1.065,1.07,1.065,1.07,9119,2021-07-28 13:50:00,SRGA
1.075,1.08,1.075,1.075,500,2021-07-28 13:51:00,SRGA
1.075,1.075,1.075,1.075,491,2021-07-28 13:52:00,SRGA
1.075,1.075,1.075,1.075,176,2021-07-28 13:53:00,SRGA
1.08,1.08,1.08,1.08,107,2021-07-28 13:54:00,SRGA
1.075,1.075,1.07,1.07,5038,2021-07-28 13:55:00,SRGA
1.07,1.07,1.07,1.07,564,2021-07-28 13:56:00,SRGA
1.075,1.075,1.075,1.075,100,2021-07-28 13:57:00,SRGA
1.075,1.075,1.075,1.075,100,2021-07-28 13:58:00,SRGA
1.0799,1.08,1.0799,1.08,3000,2021-07-28 13:59:00,SRGA
1.075,1.075,1.07,1.07,880,2021-07-28 14:00:00,SRGA
1.075,1.075,1.07,1.07,600,2021-07-28 14:01:00,SRGA
1.07,1.0715,1.07,1.07,10959,2021-07-28 14:02:00,SRGA
1.0754,1.0754,1.07,1.07,3330,2021-07-28 14:03:00,SRGA
1.07,1.0733,1.07,1.0733,1337,2021-07-28 14:04:00,SRGA
1.075,1.075,1.07,1.07,1776,2021-07-28 14:05:00,SRGA
1.07,1.075,1.07,1.0712,71048,2021-07-28 14:06:00,SRGA
1.0721,1.0722,1.06,1.065,31083,2021-07-28 14:07:00,SRGA
1.06,1.0698,1.06,1.06,12082,2021-07-28 14:08:00,SRGA
1.065,1.07,1.06,1.065,2711,2021-07-28 14:09:00,SRGA
1.07,1.07,1.06,1.0646,6252,2021-07-28 14:10:00,SRGA
1.06,1.06,1.06,1.06,100,2021-07-28 14:11:00,SRGA
1.06,1.068,1.06,1.06,1600,2021-07-28 14:12:00,SRGA
1.06,1.07,1.06,1.06,5600,2021-07-28 14:13:00,SRGA
1.065,1.065,1.06,1.06,1915,2021-07-28 14:14:00,SRGA
1.06,1.06,1.06,1.06,100,2021-07-28 14:16:00,SRGA
1.06,1.06,1.06,1.06,300,2021-07-28 14:18:00,SRGA
1.06,1.062,1.06,1.06,3348,2021-07-28 14:19:00,SRGA
1.06,1.06,1.06,1.06,4148,2021-07-28 14:20:00,SRGA
1.06,1.06,1.06,1.06,700,2021-07-28 14:21:00,SRGA
1.06,1.06,1.055,1.0599,3600,2021-07-28 14:22:00,SRGA
1.0599,1.06,1.055,1.055,1100,2021-07-28 14:23:00,SRGA
1.0537,1.055,1.05,1.05,11356,2021-07-28 14:24:00,SRGA
1.055,1.0599,1.055,1.0572,3900,2021-07-28 14:25:00,SRGA
1.05,1.05,1.05,1.05,400,2021-07-28 14:27:00,SRGA
1.0578,1.0581,1.055,1.0581,4970,2021-07-28 14:28:00,SRGA
1.0581,1.0581,1.05,1.0579,4800,2021-07-28 14:29:00,SRGA
1.05,1.055,1.05,1.05,809,2021-07-28 14:30:00,SRGA
1.0599,1.0599,1.0571,1.0571,1300,2021-07-28 14:31:00,SRGA
1.05,1.057,1.05,1.055,700,2021-07-28 14:32:00,SRGA
1.05,1.05,1.05,1.05,200,2021-07-28 14:33:00,SRGA
1.0579,1.0579,1.0572,1.0572,1100,2021-07-28 14:34:00,SRGA
1.05,1.06,1.05,1.055,3100,2021-07-28 14:35:00,SRGA
1.05,1.0599,1.05,1.0599,6200,2021-07-28 14:36:00,SRGA
1.058,1.058,1.05,1.05,1100,2021-07-28 14:37:00,SRGA
1.05,1.0554,1.05,1.0554,550,2021-07-28 14:39:00,SRGA
1.05,1.06,1.05,1.05,2470,2021-07-28 14:40:00,SRGA
1.055,1.06,1.05,1.055,12342,2021-07-28 14:41:00,SRGA
1.06,1.06,1.05,1.05,28525,2021-07-28 14:42:00,SRGA
1.0599,1.0599,1.0599,1.0599,4400,2021-07-28 14:43:00,SRGA
1.05,1.06,1.05,1.06,8396,2021-07-28 14:44:00,SRGA
1.0572,1.0572,1.055,1.055,1806,2021-07-28 14:45:00,SRGA
1.055,1.055,1.055,1.055,200,2021-07-28 14:47:00,SRGA
1.055,1.06,1.055,1.0575,19145,2021-07-28 14:48:00,SRGA
1.0501,1.065,1.0501,1.0598,15542,2021-07-28 14:49:00,SRGA
1.059,1.0599,1.055,1.055,12200,2021-07-28 14:50:00,SRGA
1.0584,1.06,1.055,1.06,2200,2021-07-28 14:51:00,SRGA
1.055,1.055,1.055,1.055,200,2021-07-28 14:53:00,SRGA
1.0587,1.0599,1.055,1.055,15700,2021-07-28 14:54:00,SRGA
1.06,1.06,1.055,1.06,8400,2021-07-28 14:55:00,SRGA
1.055,1.055,1.055,1.055,200,2021-07-28 14:56:00,SRGA
1.055,1.07,1.055,1.055,21047,2021-07-28 14:57:00,SRGA
1.06,1.06,1.055,1.0582,2769,2021-07-28 14:58:00,SRGA
1.0575,1.06,1.055,1.06,8584,2021-07-28 14:59:00,SRGA
1.06,1.06,1.06,1.06,100,2021-07-28 15:00:00,SRGA
1.06,1.06,1.06,1.06,100,2021-07-28 15:02:00,SRGA
1.055,1.055,1.055,1.055,100,2021-07-28 15:03:00,SRGA
1.055,1.06,1.055,1.055,400,2021-07-28 15:04:00,SRGA
1.055,1.06,1.055,1.055,3243,2021-07-28 15:05:00,SRGA
1.055,1.06,1.05,1.06,644,2021-07-28 15:06:00,SRGA
1.06,1.06,1.05,1.05,920,2021-07-28 15:07:00,SRGA
1.055,1.065,1.05,1.055,34613,2021-07-28 15:09:00,SRGA
1.055,1.0588,1.055,1.0588,4800,2021-07-28 15:10:00,SRGA
1.055,1.07,1.055,1.055,33909,2021-07-28 15:11:00,SRGA
1.0577,1.0577,1.0577,1.0577,185,2021-07-28 15:14:00,SRGA
1.0564,1.0564,1.055,1.055,4357,2021-07-28 15:15:00,SRGA
1.055,1.055,1.055,1.055,100,2021-07-28 15:16:00,SRGA
1.06,1.06,1.055,1.055,200,2021-07-28 15:17:00,SRGA
1.055,1.055,1.055,1.055,100,2021-07-28 15:18:00,SRGA
1.055,1.0599,1.055,1.0599,700,2021-07-28 15:20:00,SRGA
1.055,1.06,1.055,1.055,1330,2021-07-28 15:21:00,SRGA
1.055,1.055,1.055,1.055,100,2021-07-28 15:22:00,SRGA
1.0569,1.0569,1.05,1.05,2348,2021-07-28 15:23:00,SRGA
1.055,1.055,1.055,1.055,100,2021-07-28 15:24:00,SRGA
1.06,1.06,1.06,1.06,1500,2021-07-28 15:25:00,SRGA
1.06,1.06,1.06,1.06,3200,2021-07-28 15:26:00,SRGA
1.06,1.06,1.055,1.0563,1060,2021-07-28 15:27:00,SRGA
1.0576,1.0576,1.0576,1.0576,200,2021-07-28 15:28:00,SRGA
1.0574,1.0574,1.0574,1.0574,100,2021-07-28 15:29:00,SRGA
1.055,1.06,1.055,1.06,3834,2021-07-28 15:30:00,SRGA
1.06,1.06,1.06,1.06,1412,2021-07-28 15:31:00,SRGA
1.0599,1.0599,1.0599,1.0599,842,2021-07-28 15:32:00,SRGA
1.05,1.055,1.05,1.055,20200,2021-07-28 15:33:00,SRGA
1.055,1.055,1.05,1.055,616,2021-07-28 15:34:00,SRGA
1.06,1.06,1.06,1.06,100,2021-07-28 15:35:00,SRGA
1.0599,1.0599,1.0599,1.0599,2000,2021-07-28 15:36:00,SRGA
1.06,1.065,1.055,1.055,34438,2021-07-28 15:37:00,SRGA
1.0582,1.06,1.055,1.0599,4347,2021-07-28 15:38:00,SRGA
1.06,1.06,1.055,1.06,3710,2021-07-28 15:39:00,SRGA
1.05,1.06,1.05,1.06,25700,2021-07-28 15:44:00,SRGA
1.055,1.06,1.055,1.055,2163,2021-07-28 15:45:00,SRGA
1.06,1.07,1.055,1.0572,25000,2021-07-28 15:46:00,SRGA
1.0561,1.0561,1.0561,1.0561,300,2021-07-28 15:47:00,SRGA
1.055,1.055,1.055,1.055,100,2021-07-28 15:48:00,SRGA
1.055,1.06,1.055,1.055,4100,2021-07-28 15:50:00,SRGA
1.055,1.0569,1.055,1.055,5200,2021-07-28 15:51:00,SRGA
1.06,1.06,1.055,1.055,1100,2021-07-28 15:52:00,SRGA
1.055,1.0599,1.055,1.0599,5700,2021-07-28 15:53:00,SRGA
1.06,1.06,1.055,1.055,1100,2021-07-28 15:54:00,SRGA
1.055,1.055,1.055,1.055,100,2021-07-28 15:56:00,SRGA
1.0576,1.0599,1.0576,1.0599,1950,2021-07-28 15:57:00,SRGA
1.06,1.06,1.055,1.055,200,2021-07-28 15:58:00,SRGA
1.0529,1.06,1.0529,1.06,1109,2021-07-28 16:00:00,SRGA
1.0597,1.0597,1.055,1.055,4709,2021-07-28 16:01:00,SRGA
1.06,1.06,1.0571,1.0571,5100,2021-07-28 16:04:00,SRGA
1.06,1.06,1.055,1.06,2133,2021-07-28 16:06:00,SRGA
1.06,1.06,1.055,1.055,1700,2021-07-28 16:07:00,SRGA
1.055,1.0578,1.055,1.0569,950,2021-07-28 16:08:00,SRGA
1.0579,1.0579,1.0579,1.0579,1200,2021-07-28 16:09:00,SRGA
1.06,1.06,1.05,1.06,66571,2021-07-28 16:10:00,SRGA
1.06,1.06,1.055,1.0587,12296,2021-07-28 16:11:00,SRGA
1.055,1.06,1.055,1.06,200,2021-07-28 16:12:00,SRGA
1.06,1.06,1.06,1.06,1500,2021-07-28 16:14:00,SRGA
1.0584,1.0584,1.055,1.055,850,2021-07-28 16:16:00,SRGA
1.0599,1.065,1.055,1.06,15267,2021-07-28 16:17:00,SRGA
1.0633,1.065,1.06,1.0649,16548,2021-07-28 16:18:00,SRGA
1.06,1.0669,1.06,1.0669,5200,2021-07-28 16:19:00,SRGA
1.0699,1.0699,1.0679,1.0679,2000,2021-07-28 16:20:00,SRGA
1.065,1.065,1.065,1.065,100,2021-07-28 16:21:00,SRGA
1.06,1.06,1.06,1.06,100,2021-07-28 16:22:00,SRGA
1.0676,1.0676,1.0676,1.0676,500,2021-07-28 16:23:00,SRGA
1.06,1.06,1.06,1.06,200,2021-07-28 16:24:00,SRGA
1.06,1.06,1.06,1.06,100,2021-07-28 16:25:00,SRGA
1.0653,1.0653,1.06,1.06,600,2021-07-28 16:26:00,SRGA
1.06,1.06,1.06,1.06,100,2021-07-28 16:27:00,SRGA
1.067,1.067,1.067,1.067,200,2021-07-28 16:28:00,SRGA
1.06,1.06,1.06,1.06,100,2021-07-28 16:29:00,SRGA
1.06,1.06,1.06,1.06,100,2021-07-28 16:31:00,SRGA
1.065,1.0677,1.065,1.0677,608,2021-07-28 16:33:00,SRGA
1.065,1.065,1.065,1.065,1000,2021-07-28 16:36:00,SRGA
1.06,1.06,1.06,1.06,100,2021-07-28 16:37:00,SRGA
1.0677,1.0677,1.0677,1.0677,500,2021-07-28 16:38:00,SRGA
1.07,1.07,1.065,1.07,4400,2021-07-28 16:42:00,SRGA
1.065,1.065,1.065,1.065,100,2021-07-28 16:43:00,SRGA
1.0699,1.0699,1.0699,1.0699,300,2021-07-28 16:44:00,SRGA
1.07,1.07,1.07,1.07,100,2021-07-28 16:50:00,SRGA
1.0673,1.07,1.0673,1.07,500,2021-07-28 16:52:00,SRGA
1.0601,1.0652,1.0601,1.0652,11150,2021-07-28 16:56:00,SRGA
1.0601,1.065,1.0601,1.065,3300,2021-07-28 16:57:00,SRGA
1.065,1.065,1.065,1.065,1000,2021-07-28 16:58:00,SRGA
1.0615,1.07,1.06,1.07,7021,2021-07-28 16:59:00,SRGA
1.0616,1.0616,1.0616,1.0616,1000,2021-07-28 17:00:00,SRGA
1.062,1.0692,1.062,1.065,5406,2021-07-28 17:03:00,SRGA
1.0601,1.065,1.0601,1.065,3471,2021-07-28 17:06:00,SRGA
1.0678,1.0678,1.0678,1.0678,470,2021-07-28 17:07:00,SRGA
1.0687,1.0687,1.06,1.065,4000,2021-07-28 17:08:00,SRGA
1.065,1.065,1.065,1.065,200,2021-07-28 17:10:00,SRGA
1.07,1.07,1.07,1.07,100,2021-07-28 17:11:00,SRGA
1.0699,1.0699,1.0699,1.0699,500,2021-07-28 17:16:00,SRGA
1.0676,1.0676,1.0676,1.0676,182,2021-07-28 17:18:00,SRGA
1.0643,1.065,1.0643,1.065,624,2021-07-28 17:19:00,SRGA
1.065,1.069,1.065,1.065,3700,2021-07-28 17:20:00,SRGA
1.0696,1.0696,1.0696,1.0696,716,2021-07-28 17:22:00,SRGA
1.06,1.06,1.06,1.06,800,2021-07-28 17:25:00,SRGA
1.07,1.07,1.065,1.065,1300,2021-07-28 17:27:00,SRGA
1.065,1.065,1.065,1.065,200,2021-07-28 17:30:00,SRGA
1.0636,1.065,1.0636,1.065,3100,2021-07-28 17:32:00,SRGA
1.065,1.07,1.065,1.065,2500,2021-07-28 17:33:00,SRGA
1.06,1.06,1.06,1.06,1000,2021-07-28 17:34:00,SRGA
1.065,1.065,1.065,1.065,100,2021-07-28 17:35:00,SRGA
1.0622,1.0622,1.0622,1.0622,100,2021-07-28 17:40:00,SRGA
1.0618,1.07,1.0618,1.07,500,2021-07-28 17:42:00,SRGA
1.069,1.069,1.069,1.069,1000,2021-07-28 17:45:00,SRGA
1.07,1.07,1.065,1.065,2600,2021-07-28 17:46:00,SRGA
1.065,1.065,1.065,1.065,500,2021-07-28 17:47:00,SRGA
1.0665,1.0665,1.0665,1.0665,1000,2021-07-28 17:48:00,SRGA
1.065,1.065,1.065,1.065,100,2021-07-28 17:49:00,SRGA
1.065,1.065,1.065,1.065,1000,2021-07-28 17:52:00,SRGA
1.0679,1.0679,1.0679,1.0679,2500,2021-07-28 17:53:00,SRGA
1.065,1.065,1.065,1.065,200,2021-07-28 17:54:00,SRGA
1.07,1.07,1.07,1.07,200,2021-07-28 17:57:00,SRGA
1.06,1.06,1.06,1.06,2000,2021-07-28 17:58:00,SRGA
1.0684,1.07,1.0684,1.07,1100,2021-07-28 18:04:00,SRGA
1.065,1.065,1.065,1.065,600,2021-07-28 18:06:00,SRGA
1.065,1.07,1.065,1.07,5500,2021-07-28 18:10:00,SRGA
1.06,1.065,1.06,1.065,848,2021-07-28 18:11:00,SRGA
1.065,1.065,1.065,1.065,200,2021-07-28 18:14:00,SRGA
1.07,1.07,1.07,1.07,200,2021-07-28 18:16:00,SRGA
1.0669,1.0669,1.0669,1.0669,143,2021-07-28 18:17:00,SRGA
1.06,1.07,1.06,1.065,22071,2021-07-28 18:19:00,SRGA
1.065,1.07,1.065,1.065,2400,2021-07-28 18:20:00,SRGA
1.0654,1.0654,1.065,1.065,300,2021-07-28 18:22:00,SRGA
1.07,1.07,1.065,1.065,5537,2021-07-28 18:27:00,SRGA
1.065,1.065,1.065,1.065,400,2021-07-28 18:28:00,SRGA
1.0699,1.0699,1.0699,1.0699,100,2021-07-28 18:32:00,SRGA
1.0676,1.07,1.0676,1.07,700,2021-07-28 18:35:00,SRGA
1.0668,1.0668,1.0668,1.0668,1000,2021-07-28 18:36:00,SRGA
1.065,1.07,1.065,1.065,11882,2021-07-28 18:39:00,SRGA
1.07,1.07,1.0685,1.0685,7294,2021-07-28 18:40:00,SRGA
1.07,1.075,1.07,1.075,1824,2021-07-28 18:41:00,SRGA
1.075,1.075,1.075,1.075,200,2021-07-28 18:43:00,SRGA
1.072,1.072,1.072,1.072,1000,2021-07-28 18:44:00,SRGA
1.075,1.075,1.0706,1.0706,8200,2021-07-28 18:45:00,SRGA
1.0784,1.0784,1.0784,1.0784,1000,2021-07-28 18:46:00,SRGA
1.08,1.08,1.075,1.075,20500,2021-07-28 18:48:00,SRGA
1.075,1.075,1.0701,1.075,7100,2021-07-28 18:49:00,SRGA
1.08,1.08,1.08,1.08,200,2021-07-28 18:50:00,SRGA
1.08,1.09,1.075,1.085,8557,2021-07-28 18:51:00,SRGA
1.0899,1.0899,1.0899,1.0899,700,2021-07-28 18:52:00,SRGA
1.0826,1.085,1.0826,1.085,6200,2021-07-28 18:53:00,SRGA
1.0825,1.0825,1.0825,1.0825,100,2021-07-28 18:54:00,SRGA
1.085,1.085,1.085,1.085,400,2021-07-28 18:55:00,SRGA
1.09,1.09,1.09,1.09,400,2021-07-28 18:56:00,SRGA
1.09,1.09,1.09,1.09,200,2021-07-28 18:59:00,SRGA
1.0884,1.0884,1.088,1.088,300,2021-07-28 19:01:00,SRGA
1.09,1.09,1.09,1.09,3990,2021-07-28 19:04:00,SRGA
1.085,1.09,1.0816,1.09,1300,2021-07-28 19:05:00,SRGA
1.0802,1.0802,1.08,1.08,10107,2021-07-28 19:07:00,SRGA
1.085,1.085,1.0842,1.0842,3400,2021-07-28 19:08:00,SRGA
1.08,1.08,1.08,1.08,12000,2021-07-28 19:10:00,SRGA
1.085,1.085,1.085,1.085,200,2021-07-28 19:11:00,SRGA
1.0839,1.085,1.081,1.085,10000,2021-07-28 19:14:00,SRGA
1.085,1.09,1.08,1.08,4000,2021-07-28 19:17:00,SRGA
1.08,1.08,1.08,1.08,100,2021-07-28 19:18:00,SRGA
1.08,1.08,1.08,1.08,476,2021-07-28 19:19:00,SRGA
1.0899,1.0899,1.08,1.08,1200,2021-07-28 19:20:00,SRGA
1.08,1.08,1.08,1.08,200,2021-07-28 19:21:00,SRGA
1.08,1.08,1.08,1.08,200,2021-07-28 19:22:00,SRGA
1.08,1.08,1.08,1.08,2800,2021-07-28 19:23:00,SRGA
1.08,1.08,1.08,1.08,200,2021-07-28 19:24:00,SRGA
1.08,1.08,1.08,1.08,200,2021-07-28 19:25:00,SRGA
1.08,1.09,1.08,1.08,700,2021-07-28 19:26:00,SRGA
1.085,1.085,1.085,1.085,600,2021-07-28 19:27:00,SRGA
1.085,1.085,1.085,1.085,300,2021-07-28 19:28:00,SRGA
1.0801,1.085,1.08,1.08,2300,2021-07-28 19:29:00,SRGA
1.08,1.08,1.08,1.08,900,2021-07-28 19:30:00,SRGA
1.08,1.0882,1.08,1.085,2247,2021-07-28 19:31:00,SRGA
1.085,1.085,1.085,1.085,400,2021-07-28 19:32:00,SRGA
1.08,1.085,1.08,1.08,3000,2021-07-28 19:33:00,SRGA
1.08,1.08,1.08,1.08,800,2021-07-28 19:34:00,SRGA
1.08,1.0836,1.08,1.08,2157,2021-07-28 19:35:00,SRGA
1.08,1.085,1.08,1.08,850,2021-07-28 19:36:00,SRGA
1.08,1.082,1.08,1.082,500,2021-07-28 19:37:00,SRGA
1.085,1.085,1.08,1.085,1415,2021-07-28 19:38:00,SRGA
1.08,1.085,1.07,1.085,36114,2021-07-28 19:39:00,SRGA
1.085,1.085,1.0801,1.0801,400,2021-07-28 19:40:00,SRGA
1.085,1.085,1.0801,1.085,29153,2021-07-28 19:41:00,SRGA
1.085,1.085,1.085,1.085,300,2021-07-28 19:42:00,SRGA
1.085,1.085,1.085,1.085,1603,2021-07-28 19:43:00,SRGA
1.085,1.085,1.085,1.085,1100,2021-07-28 19:44:00,SRGA
1.085,1.085,1.0848,1.085,5517,2021-07-28 19:45:00,SRGA
1.085,1.09,1.085,1.085,16324,2021-07-28 19:46:00,SRGA
1.085,1.09,1.08,1.085,8312,2021-07-28 19:47:00,SRGA
1.085,1.09,1.085,1.085,900,2021-07-28 19:48:00,SRGA
1.085,1.085,1.075,1.075,15030,2021-07-28 19:49:00,SRGA
1.075,1.08,1.075,1.0754,13700,2021-07-28 19:50:00,SRGA
1.075,1.0777,1.075,1.075,900,2021-07-28 19:51:00,SRGA
1.075,1.075,1.075,1.075,1900,2021-07-28 19:52:00,SRGA
1.075,1.075,1.075,1.075,500,2021-07-28 19:53:00,SRGA
1.075,1.08,1.075,1.08,6455,2021-07-28 19:54:00,SRGA
1.075,1.0799,1.075,1.0799,2801,2021-07-28 19:55:00,SRGA
1.075,1.08,1.0701,1.075,20527,2021-07-28 19:56:00,SRGA
1.075,1.0799,1.07,1.075,13110,2021-07-28 19:57:00,SRGA
1.075,1.08,1.075,1.075,4600,2021-07-28 19:58:00,SRGA
1.08,1.08,1.07,1.07,20554,2021-07-28 19:59:00,SRGA
1.08,1.08,1.08,1.08,12052,2021-07-28 20:00:00,SRGA
1.07,1.07,1.07,1.07,100,2021-07-28 20:01:00,SRGA
1.07,1.07,1.07,1.07,925,2021-07-28 20:02:00,SRGA
1.07,1.07,1.07,1.07,200,2021-07-28 20:09:00,SRGA
1.07,1.07,1.07,1.07,3100,2021-07-28 20:11:00,SRGA
1.07,1.07,1.07,1.07,755,2021-07-28 20:18:00,SRGA
1.07,1.07,1.07,1.07,125,2021-07-28 20:25:00,SRGA
1.07,1.08,1.07,1.08,375,2021-07-28 20:40:00,SRGA
1.07,1.07,1.07,1.07,150,2021-07-28 21:25:00,SRGA
1.08,1.08,1.08,1.08,1000,2021-07-28 21:41:00,SRGA
1.08,1.08,1.08,1.08,45780,2021-07-28 21:53:00,SRGA
1.08,1.08,1.08,1.08,2253,2021-07-28 22:10:00,SRGA
1.06,1.06,1.06,1.06,100,2021-07-29 08:18:00,SRGA
1.08,1.08,1.08,1.08,144,2021-07-29 10:12:00,SRGA
1.0803,1.0803,1.0803,1.0803,1000,2021-07-29 12:04:00,SRGA
1.1,1.1,1.1,1.1,100,2021-07-29 12:40:00,SRGA
1.08,1.09,1.07,1.07,8423,2021-07-29 13:30:00,SRGA
1.08,1.08,1.07,1.07,2304,2021-07-29 13:31:00,SRGA
1.07,1.089,1.07,1.089,7600,2021-07-29 13:32:00,SRGA
1.075,1.0781,1.075,1.0781,340,2021-07-29 13:33:00,SRGA
1.0785,1.08,1.075,1.075,2000,2021-07-29 13:34:00,SRGA
1.0746,1.075,1.0746,1.075,639,2021-07-29 13:35:00,SRGA
1.078,1.078,1.078,1.078,200,2021-07-29 13:39:00,SRGA
1.075,1.075,1.07,1.07,600,2021-07-29 13:41:00,SRGA
1.0758,1.0758,1.075,1.075,500,2021-07-29 13:42:00,SRGA
1.08,1.08,1.0799,1.0799,500,2021-07-29 13:43:00,SRGA
1.075,1.075,1.075,1.075,100,2021-07-29 13:44:00,SRGA
1.075,1.075,1.075,1.075,200,2021-07-29 13:45:00,SRGA
1.075,1.075,1.07,1.075,800,2021-07-29 13:46:00,SRGA
1.08,1.08,1.0762,1.08,2300,2021-07-29 13:48:00,SRGA
1.075,1.075,1.075,1.075,10100,2021-07-29 13:49:00,SRGA
1.075,1.075,1.075,1.075,200,2021-07-29 13:50:00,SRGA
1.08,1.08,1.0799,1.0799,4200,2021-07-29 13:51:00,SRGA
1.078,1.078,1.078,1.078,200,2021-07-29 13:53:00,SRGA
1.08,1.08,1.08,1.08,340,2021-07-29 13:55:00,SRGA
1.075,1.075,1.075,1.075,10000,2021-07-29 13:56:00,SRGA
1.08,1.08,1.08,1.08,100,2021-07-29 13:57:00,SRGA
1.075,1.075,1.075,1.075,200,2021-07-29 13:58:00,SRGA
1.075,1.075,1.075,1.075,100,2021-07-29 13:59:00,SRGA
1.0701,1.0701,1.0701,1.0701,300,2021-07-29 14:00:00,SRGA
1.0727,1.0776,1.0727,1.0776,1312,2021-07-29 14:01:00,SRGA
1.078,1.078,1.078,1.078,200,2021-07-29 14:02:00,SRGA
1.08,1.08,1.08,1.08,100,2021-07-29 14:04:00,SRGA
1.0759,1.0759,1.0759,1.0759,1000,2021-07-29 14:05:00,SRGA
1.08,1.08,1.08,1.08,100,2021-07-29 14:06:00,SRGA
1.08,1.08,1.07,1.07,2200,2021-07-29 14:08:00,SRGA
1.075,1.08,1.075,1.08,211,2021-07-29 14:09:00,SRGA
1.078,1.078,1.075,1.075,300,2021-07-29 14:10:00,SRGA
1.08,1.08,1.08,1.08,100,2021-07-29 14:11:00,SRGA
1.075,1.075,1.075,1.075,100,2021-07-29 14:12:00,SRGA
1.075,1.075,1.075,1.075,600,2021-07-29 14:13:00,SRGA
1.08,1.08,1.08,1.08,150,2021-07-29 14:14:00,SRGA
1.0781,1.0781,1.0781,1.0781,250,2021-07-29 14:17:00,SRGA
1.075,1.075,1.0717,1.0717,6500,2021-07-29 14:18:00,SRGA
1.08,1.08,1.08,1.08,100,2021-07-29 14:23:00,SRGA
1.0755,1.0755,1.075,1.075,565,2021-07-29 14:25:00,SRGA
1.08,1.08,1.08,1.08,300,2021-07-29 14:29:00,SRGA
1.0783,1.0783,1.075,1.075,10000,2021-07-29 14:30:00,SRGA
1.0738,1.0738,1.0738,1.0738,2500,2021-07-29 14:31:00,SRGA
1.072,1.072,1.072,1.072,500,2021-07-29 14:32:00,SRGA
1.075,1.075,1.07,1.0725,2920,2021-07-29 14:34:00,SRGA
1.0735,1.0735,1.07,1.07,9967,2021-07-29 14:36:00,SRGA
1.0701,1.0701,1.0701,1.0701,23000,2021-07-29 14:37:00,SRGA
1.075,1.075,1.075,1.075,148,2021-07-29 14:38:00,SRGA
1.07,1.07,1.07,1.07,100,2021-07-29 14:41:00,SRGA
1.075,1.08,1.075,1.08,25416,2021-07-29 14:42:00,SRGA
1.075,1.075,1.075,1.075,200,2021-07-29 14:43:00,SRGA
1.07,1.08,1.07,1.0793,1200,2021-07-29 14:45:00,SRGA
1.08,1.08,1.0701,1.0701,2627,2021-07-29 14:46:00,SRGA
1.075,1.075,1.0722,1.0722,1200,2021-07-29 14:49:00,SRGA
1.075,1.075,1.075,1.075,100,2021-07-29 14:52:00,SRGA
1.075,1.08,1.075,1.075,10600,2021-07-29 14:53:00,SRGA
1.075,1.08,1.0701,1.08,300,2021-07-29 15:04:00,SRGA
1.08,1.08,1.0743,1.0743,200,2021-07-29 15:05:00,SRGA
1.075,1.075,1.075,1.075,200,2021-07-29 15:13:00,SRGA
1.075,1.075,1.075,1.075,100,2021-07-29 15:18:00,SRGA
1.0762,1.0762,1.0762,1.0762,745,2021-07-29 15:19:00,SRGA
1.075,1.075,1.075,1.075,100,2021-07-29 15:20:00,SRGA
1.08,1.08,1.075,1.08,800,2021-07-29 15:22:00,SRGA
1.08,1.09,1.075,1.085,20730,2021-07-29 15:23:00,SRGA
1.085,1.085,1.08,1.08,5944,2021-07-29 15:24:00,SRGA
1.08,1.09,1.08,1.085,26151,2021-07-29 15:25:00,SRGA
1.08,1.085,1.08,1.085,300,2021-07-29 15:27:00,SRGA
1.09,1.09,1.085,1.085,9851,2021-07-29 15:28:00,SRGA
1.0828,1.0828,1.0828,1.0828,2000,2021-07-29 15:29:00,SRGA
1.09,1.09,1.085,1.085,18071,2021-07-29 15:30:00,SRGA
1.0899,1.0899,1.085,1.085,900,2021-07-29 15:31:00,SRGA
1.0815,1.09,1.0815,1.09,2500,2021-07-29 15:34:00,SRGA
1.09,1.09,1.09,1.09,100,2021-07-29 15:35:00,SRGA
1.09,1.09,1.085,1.09,10450,2021-07-29 15:36:00,SRGA
1.09,1.09,1.09,1.09,200,2021-07-29 15:37:00,SRGA
1.09,1.09,1.0827,1.0827,321,2021-07-29 15:38:00,SRGA
1.09,1.09,1.0701,1.08,71608,2021-07-29 15:39:00,SRGA
1.08,1.08,1.08,1.08,4600,2021-07-29 15:40:00,SRGA
1.085,1.085,1.085,1.085,200,2021-07-29 15:42:00,SRGA
1.085,1.09,1.085,1.09,200,2021-07-29 15:43:00,SRGA
1.085,1.085,1.08,1.08,300,2021-07-29 15:47:00,SRGA
1.09,1.09,1.08,1.085,500,2021-07-29 15:48:00,SRGA
1.09,1.09,1.09,1.09,200,2021-07-29 15:49:00,SRGA
1.09,1.09,1.09,1.09,300,2021-07-29 15:50:00,SRGA
1.08,1.09,1.08,1.09,300,2021-07-29 15:51:00,SRGA
1.0813,1.09,1.0813,1.09,1530,2021-07-29 15:52:00,SRGA
1.09,1.09,1.09,1.09,200,2021-07-29 15:53:00,SRGA
1.09,1.09,1.09,1.09,100,2021-07-29 15:54:00,SRGA
1.09,1.09,1.09,1.09,100,2021-07-29 15:55:00,SRGA
1.09,1.09,1.09,1.09,200,2021-07-29 15:56:00,SRGA
1.09,1.09,1.09,1.09,500,2021-07-29 15:57:00,SRGA
1.09,1.09,1.0808,1.09,2500,2021-07-29 15:58:00,SRGA
1.0833,1.09,1.0833,1.09,1100,2021-07-29 15:59:00,SRGA
1.0817,1.0817,1.08,1.08,2248,2021-07-29 16:00:00,SRGA
1.0801,1.0829,1.0801,1.0829,1100,2021-07-29 16:02:00,SRGA
1.0899,1.0899,1.0899,1.0899,500,2021-07-29 16:08:00,SRGA
1.0876,1.0876,1.0876,1.0876,100,2021-07-29 16:09:00,SRGA
1.085,1.09,1.0814,1.0814,1400,2021-07-29 16:10:00,SRGA
1.0845,1.0845,1.0845,1.0845,446,2021-07-29 16:12:00,SRGA
1.085,1.085,1.085,1.085,100,2021-07-29 16:15:00,SRGA
1.085,1.085,1.085,1.085,100,2021-07-29 16:26:00,SRGA
1.09,1.09,1.0899,1.0899,2150,2021-07-29 16:28:00,SRGA
1.085,1.085,1.085,1.085,2500,2021-07-29 16:30:00,SRGA
1.0883,1.09,1.088,1.088,1100,2021-07-29 16:31:00,SRGA
1.085,1.085,1.085,1.085,100,2021-07-29 16:32:00,SRGA
1.08,1.0854,1.08,1.0854,814,2021-07-29 16:34:00,SRGA
1.085,1.085,1.085,1.085,3000,2021-07-29 16:37:00,SRGA
1.0851,1.0868,1.0851,1.0868,4200,2021-07-29 16:41:00,SRGA
1.085,1.085,1.08,1.08,1100,2021-07-29 16:43:00,SRGA
1.085,1.085,1.085,1.085,300,2021-07-29 16:44:00,SRGA
1.08,1.09,1.08,1.085,4300,2021-07-29 16:45:00,SRGA
1.085,1.085,1.085,1.085,100,2021-07-29 16:47:00,SRGA
1.085,1.085,1.085,1.085,100,2021-07-29 16:49:00,SRGA
1.085,1.085,1.085,1.085,328,2021-07-29 16:50:00,SRGA
1.085,1.09,1.08,1.08,2500,2021-07-29 16:52:00,SRGA
1.08,1.08,1.08,1.08,200,2021-07-29 16:54:00,SRGA
1.08,1.08,1.08,1.08,10100,2021-07-29 16:56:00,SRGA
1.085,1.085,1.085,1.085,200,2021-07-29 16:57:00,SRGA
1.09,1.09,1.085,1.09,300,2021-07-29 16:58:00,SRGA
1.085,1.085,1.08,1.08,859,2021-07-29 16:59:00,SRGA
1.085,1.085,1.085,1.085,100,2021-07-29 17:03:00,SRGA
1.085,1.085,1.085,1.085,100,2021-07-29 17:05:00,SRGA
1.085,1.085,1.085,1.085,500,2021-07-29 17:06:00,SRGA
1.09,1.09,1.09,1.09,100,2021-07-29 17:09:00,SRGA
1.085,1.085,1.085,1.085,1050,2021-07-29 17:11:00,SRGA
1.085,1.09,1.085,1.085,11000,2021-07-29 17:16:00,SRGA
1.09,1.09,1.09,1.09,2300,2021-07-29 17:17:00,SRGA
1.085,1.085,1.085,1.085,1000,2021-07-29 17:20:00,SRGA
1.09,1.09,1.085,1.09,1130,2021-07-29 17:21:00,SRGA
1.085,1.085,1.085,1.085,100,2021-07-29 17:23:00,SRGA
1.085,1.085,1.085,1.085,4200,2021-07-29 17:24:00,SRGA
1.085,1.085,1.085,1.085,100,2021-07-29 17:25:00,SRGA
1.09,1.09,1.09,1.09,100,2021-07-29 17:26:00,SRGA
1.09,1.09,1.09,1.09,100,2021-07-29 17:27:00,SRGA
1.087,1.087,1.087,1.087,200,2021-07-29 17:28:00,SRGA
1.09,1.09,1.09,1.09,100,2021-07-29 17:29:00,SRGA
1.09,1.095,1.09,1.09,32355,2021-07-29 17:31:00,SRGA
1.0916,1.1,1.0916,1.1,1050,2021-07-29 17:32:00,SRGA
1.1,1.1,1.1,1.1,100,2021-07-29 17:34:00,SRGA
1.1,1.1,1.1,1.1,500,2021-07-29 17:36:00,SRGA
1.1,1.1,1.1,1.1,500,2021-07-29 17:37:00,SRGA
1.1,1.1,1.1,1.1,200,2021-07-29 17:38:00,SRGA
1.095,1.1,1.095,1.1,200,2021-07-29 17:39:00,SRGA
1.095,1.095,1.095,1.095,400,2021-07-29 17:40:00,SRGA
1.095,1.1,1.095,1.0953,1150,2021-07-29 17:41:00,SRGA
1.1,1.1,1.091,1.091,5100,2021-07-29 17:42:00,SRGA
1.09,1.0998,1.09,1.0901,739,2021-07-29 17:43:00,SRGA
1.095,1.1,1.095,1.1,300,2021-07-29 17:44:00,SRGA
1.1,1.1,1.1,1.1,100,2021-07-29 17:45:00,SRGA
1.1,1.1,1.1,1.1,100,2021-07-29 17:46:00,SRGA
1.095,1.095,1.095,1.095,100,2021-07-29 17:47:00,SRGA
1.095,1.095,1.095,1.095,100,2021-07-29 17:48:00,SRGA
1.095,1.095,1.095,1.095,100,2021-07-29 17:49:00,SRGA
1.0925,1.0925,1.0925,1.0925,1000,2021-07-29 17:50:00,SRGA
1.0999,1.0999,1.095,1.095,251,2021-07-29 17:51:00,SRGA
1.095,1.095,1.095,1.095,100,2021-07-29 17:52:00,SRGA
1.0999,1.0999,1.0921,1.0921,200,2021-07-29 17:54:00,SRGA
1.095,1.095,1.095,1.095,100,2021-07-29 17:55:00,SRGA
1.095,1.095,1.095,1.095,500,2021-07-29 17:58:00,SRGA
1.1,1.1,1.0915,1.0915,1100,2021-07-29 17:59:00,SRGA
1.095,1.095,1.095,1.095,100,2021-07-29 18:02:00,SRGA
1.0915,1.0915,1.0915,1.0915,1000,2021-07-29 18:03:00,SRGA
1.09,1.09,1.09,1.09,200,2021-07-29 18:09:00,SRGA
1.0917,1.0917,1.0917,1.0917,358,2021-07-29 18:10:00,SRGA
1.095,1.095,1.095,1.095,1200,2021-07-29 18:11:00,SRGA
1.09,1.09,1.09,1.09,12100,2021-07-29 18:12:00,SRGA
1.0953,1.0953,1.09,1.09,1500,2021-07-29 18:13:00,SRGA
1.09,1.095,1.09,1.09,5761,2021-07-29 18:14:00,SRGA
1.0901,1.0901,1.09,1.09,3300,2021-07-29 18:15:00,SRGA
1.0999,1.0999,1.0999,1.0999,1200,2021-07-29 18:16:00,SRGA
1.09,1.09,1.09,1.09,2000,2021-07-29 18:17:00,SRGA
1.0979,1.0979,1.0979,1.0979,3000,2021-07-29 18:18:00,SRGA
1.0901,1.1,1.09,1.1,7300,2021-07-29 18:20:00,SRGA
1.1,1.1,1.097,1.097,566,2021-07-29 18:21:00,SRGA
1.09,1.09,1.08,1.08,28417,2021-07-29 18:23:00,SRGA
1.08,1.085,1.08,1.08,1600,2021-07-29 18:24:00,SRGA
1.0844,1.0844,1.0844,1.0844,500,2021-07-29 18:25:00,SRGA
1.085,1.085,1.085,1.085,100,2021-07-29 18:26:00,SRGA
1.0876,1.09,1.085,1.085,1058,2021-07-29 18:28:00,SRGA
1.0853,1.0853,1.0853,1.0853,5000,2021-07-29 18:30:00,SRGA
1.0859,1.0859,1.0859,1.0859,700,2021-07-29 18:32:00,SRGA
1.0859,1.0859,1.085,1.085,800,2021-07-29 18:33:00,SRGA
1.085,1.085,1.085,1.085,1000,2021-07-29 18:41:00,SRGA
1.08,1.08,1.075,1.08,6850,2021-07-29 18:42:00,SRGA
1.075,1.08,1.075,1.08,200,2021-07-29 18:44:00,SRGA
1.08,1.085,1.08,1.085,7083,2021-07-29 18:45:00,SRGA
1.09,1.09,1.09,1.09,100,2021-07-29 18:50:00,SRGA
1.0812,1.0812,1.0812,1.0812,883,2021-07-29 18:59:00,SRGA
1.0874,1.0874,1.0874,1.0874,100,2021-07-29 19:03:00,SRGA
1.09,1.09,1.09,1.09,300,2021-07-29 19:06:00,SRGA
1.0874,1.0874,1.0874,1.0874,100,2021-07-29 19:08:00,SRGA
1.085,1.09,1.085,1.085,700,2021-07-29 19:11:00,SRGA
1.085,1.085,1.085,1.085,1100,2021-07-29 19:13:00,SRGA
1.085,1.0897,1.085,1.0897,750,2021-07-29 19:14:00,SRGA
1.085,1.085,1.08,1.08,500,2021-07-29 19:15:00,SRGA
1.085,1.085,1.085,1.085,1200,2021-07-29 19:16:00,SRGA
1.085,1.085,1.085,1.085,1600,2021-07-29 19:17:00,SRGA
1.085,1.085,1.08,1.08,500,2021-07-29 19:18:00,SRGA
1.08,1.08,1.08,1.08,400,2021-07-29 19:20:00,SRGA
1.085,1.085,1.08,1.08,500,2021-07-29 19:22:00,SRGA
1.09,1.09,1.085,1.09,4700,2021-07-29 19:25:00,SRGA
1.088,1.088,1.08,1.08,630,2021-07-29 19:26:00,SRGA
1.0843,1.0843,1.0843,1.0843,300,2021-07-29 19:27:00,SRGA
1.08,1.085,1.08,1.085,2634,2021-07-29 19:28:00,SRGA
1.09,1.09,1.08,1.08,1400,2021-07-29 19:29:00,SRGA
1.085,1.085,1.085,1.085,200,2021-07-29 19:31:00,SRGA
1.09,1.09,1.0825,1.0825,600,2021-07-29 19:32:00,SRGA
1.085,1.085,1.085,1.085,1100,2021-07-29 19:33:00,SRGA
1.085,1.085,1.08,1.08,700,2021-07-29 19:34:00,SRGA
1.085,1.09,1.083,1.09,9300,2021-07-29 19:36:00,SRGA
1.085,1.0999,1.085,1.0999,12495,2021-07-29 19:37:00,SRGA
1.095,1.095,1.095,1.095,500,2021-07-29 19:38:00,SRGA
1.0916,1.0916,1.0916,1.0916,750,2021-07-29 19:39:00,SRGA
1.09,1.0939,1.09,1.0939,7100,2021-07-29 19:40:00,SRGA
1.09,1.09,1.085,1.085,12525,2021-07-29 19:41:00,SRGA
1.09,1.09,1.085,1.085,10300,2021-07-29 19:42:00,SRGA
1.085,1.09,1.08,1.09,800,2021-07-29 19:44:00,SRGA
1.085,1.085,1.08,1.085,4100,2021-07-29 19:45:00,SRGA
1.09,1.09,1.09,1.09,10000,2021-07-29 19:46:00,SRGA
1.085,1.085,1.08,1.085,1100,2021-07-29 19:47:00,SRGA
1.09,1.09,1.08,1.08,700,2021-07-29 19:48:00,SRGA
1.085,1.085,1.085,1.085,1800,2021-07-29 19:49:00,SRGA
1.08,1.09,1.08,1.08,12900,2021-07-29 19:50:00,SRGA
1.0874,1.0874,1.08,1.08,10100,2021-07-29 19:51:00,SRGA
1.08,1.08,1.07,1.075,44868,2021-07-29 19:52:00,SRGA
1.075,1.0778,1.07,1.075,1550,2021-07-29 19:53:00,SRGA
1.07,1.077,1.07,1.075,6201,2021-07-29 19:54:00,SRGA
1.075,1.08,1.075,1.075,900,2021-07-29 19:55:00,SRGA
1.075,1.08,1.075,1.08,1662,2021-07-29 19:56:00,SRGA
1.075,1.08,1.07,1.07,1200,2021-07-29 19:57:00,SRGA
1.075,1.075,1.075,1.075,500,2021-07-29 19:58:00,SRGA
1.07,1.0799,1.06,1.06,55069,2021-07-29 19:59:00,SRGA
1.06,1.06,1.06,1.06,6951,2021-07-29 20:00:00,SRGA
1.06,1.06,1.06,1.06,150,2021-07-29 20:05:00,SRGA
1.06,1.06,1.06,1.06,4000,2021-07-29 20:10:00,SRGA
1.06,1.06,1.06,1.06,18900,2021-07-29 20:11:00,SRGA
1.06,1.06,1.06,1.06,8200,2021-07-29 20:12:00,SRGA
1.06,1.06,1.06,1.06,200,2021-07-29 20:24:00,SRGA
1.06,1.06,1.06,1.06,1000,2021-07-29 20:26:00,SRGA
1.06,1.06,1.06,1.06,1475,2021-07-29 20:28:00,SRGA
1.07,1.07,1.07,1.07,5000,2021-07-29 20:32:00,SRGA
1.07,1.07,1.07,1.07,750,2021-07-29 20:40:00,SRGA
1.06,1.06,1.06,1.06,1000,2021-07-29 21:11:00,SRGA
1.07,1.07,1.07,1.07,500,2021-07-29 21:20:00,SRGA
1.06,1.06,1.06,1.06,1819,2021-07-29 21:27:00,SRGA
1.0601,1.0601,1.0601,1.0601,1958,2021-07-29 21:31:00,SRGA
1.06,1.06,1.06,1.06,500,2021-07-29 21:44:00,SRGA
1.06,1.06,1.06,1.06,200,2021-07-29 22:26:00,SRGA
1.06,1.06,1.05,1.05,5000,2021-07-29 22:50:00,SRGA
1.06,1.06,1.06,1.06,5200,2021-07-29 23:16:00,SRGA
1.07,1.07,1.07,1.07,100,2021-07-30 11:10:00,SRGA
1.06,1.06,1.06,1.06,1000,2021-07-30 11:39:00,SRGA
1.07,1.07,1.07,1.07,676,2021-07-30 12:10:00,SRGA
1.06,1.06,1.06,1.06,294,2021-07-30 12:12:00,SRGA
1.06,1.06,1.06,1.06,990,2021-07-30 12:21:00,SRGA
1.05,1.05,1.05,1.05,100,2021-07-30 12:42:00,SRGA
1.07,1.07,1.07,1.07,100,2021-07-30 13:28:00,SRGA
1.07,1.07,1.07,1.07,6861,2021-07-30 13:30:00,SRGA
1.07,1.075,1.065,1.0656,4163,2021-07-30 13:31:00,SRGA
1.0675,1.0675,1.05,1.05,28294,2021-07-30 13:32:00,SRGA
1.06,1.065,1.06,1.065,2800,2021-07-30 13:33:00,SRGA
1.065,1.08,1.065,1.07,21706,2021-07-30 13:34:00,SRGA
1.0782,1.0782,1.0782,1.0782,2500,2021-07-30 13:35:00,SRGA
1.0792,1.0792,1.07,1.07,10500,2021-07-30 13:36:00,SRGA
1.075,1.08,1.075,1.075,23239,2021-07-30 13:39:00,SRGA
1.08,1.08,1.07,1.075,13769,2021-07-30 13:40:00,SRGA
1.0791,1.08,1.075,1.075,11968,2021-07-30 13:42:00,SRGA
1.08,1.08,1.075,1.08,10453,2021-07-30 13:43:00,SRGA
1.0701,1.08,1.0701,1.08,10100,2021-07-30 13:44:00,SRGA
1.07,1.07,1.07,1.07,600,2021-07-30 13:45:00,SRGA
1.0774,1.0774,1.0752,1.0752,2965,2021-07-30 13:46:00,SRGA
1.0792,1.0792,1.0792,1.0792,10000,2021-07-30 13:48:00,SRGA
1.075,1.0791,1.075,1.075,9500,2021-07-30 13:49:00,SRGA
1.08,1.08,1.075,1.075,7250,2021-07-30 13:51:00,SRGA
1.07,1.075,1.07,1.075,3050,2021-07-30 13:56:00,SRGA
1.0795,1.0795,1.07,1.07,8100,2021-07-30 13:57:00,SRGA
1.08,1.08,1.075,1.08,6091,2021-07-30 13:58:00,SRGA
1.08,1.08,1.08,1.08,100,2021-07-30 13:59:00,SRGA
1.08,1.0801,1.08,1.0801,250,2021-07-30 14:00:00,SRGA
1.0899,1.0899,1.0899,1.0899,300,2021-07-30 14:01:00,SRGA
1.0842,1.0842,1.0842,1.0842,8000,2021-07-30 14:05:00,SRGA
1.08,1.08,1.08,1.08,100,2021-07-30 14:06:00,SRGA
1.085,1.09,1.085,1.09,7467,2021-07-30 14:08:00,SRGA
1.085,1.085,1.085,1.085,100,2021-07-30 14:09:00,SRGA
1.0851,1.0851,1.0851,1.0851,200,2021-07-30 14:11:00,SRGA
1.08,1.0899,1.08,1.0815,14689,2021-07-30 14:12:00,SRGA
1.0875,1.0875,1.08,1.08,1100,2021-07-30 14:13:00,SRGA
1.0873,1.09,1.085,1.085,1600,2021-07-30 14:14:00,SRGA
1.085,1.085,1.08,1.08,2100,2021-07-30 14:15:00,SRGA
1.09,1.09,1.0817,1.0899,1990,2021-07-30 14:16:00,SRGA
1.08,1.08,1.08,1.08,100,2021-07-30 14:17:00,SRGA
1.087,1.087,1.087,1.087,500,2021-07-30 14:18:00,SRGA
1.085,1.085,1.0801,1.0801,3500,2021-07-30 14:20:00,SRGA
1.08,1.0862,1.08,1.08,5400,2021-07-30 14:21:00,SRGA
1.085,1.085,1.08,1.08,4100,2021-07-30 14:22:00,SRGA
1.085,1.085,1.085,1.085,100,2021-07-30 14:23:00,SRGA
1.0808,1.0854,1.0808,1.0854,3685,2021-07-30 14:25:00,SRGA
1.08,1.085,1.08,1.085,500,2021-07-30 14:26:00,SRGA
1.085,1.085,1.085,1.085,100,2021-07-30 14:28:00,SRGA
1.09,1.09,1.08,1.08,7100,2021-07-30 14:29:00,SRGA
1.083,1.083,1.0809,1.0809,2700,2021-07-30 14:30:00,SRGA
1.08,1.08,1.08,1.08,100,2021-07-30 14:33:00,SRGA
1.0876,1.0876,1.0876,1.0876,100,2021-07-30 14:37:00,SRGA
1.085,1.085,1.085,1.085,2200,2021-07-30 14:38:00,SRGA
1.0866,1.0866,1.0866,1.0866,200,2021-07-30 14:40:00,SRGA
1.085,1.085,1.085,1.085,100,2021-07-30 14:41:00,SRGA
1.085,1.088,1.08,1.08,9796,2021-07-30 14:42:00,SRGA
1.09,1.09,1.08,1.085,5300,2021-07-30 14:48:00,SRGA
1.0817,1.0885,1.0817,1.0885,3100,2021-07-30 14:49:00,SRGA
1.08,1.08,1.08,1.08,100,2021-07-30 14:52:00,SRGA
1.085,1.085,1.085,1.085,925,2021-07-30 14:54:00,SRGA
1.085,1.085,1.085,1.085,200,2021-07-30 14:55:00,SRGA
1.085,1.085,1.085,1.085,400,2021-07-30 14:57:00,SRGA
1.085,1.085,1.085,1.085,300,2021-07-30 14:58:00,SRGA
1.08,1.08,1.08,1.08,5281,2021-07-30 14:59:00,SRGA
1.085,1.085,1.08,1.08,2600,2021-07-30 15:00:00,SRGA
1.0819,1.0859,1.08,1.0859,9200,2021-07-30 15:01:00,SRGA
1.085,1.085,1.085,1.085,100,2021-07-30 15:02:00,SRGA
1.0864,1.0864,1.085,1.085,3700,2021-07-30 15:03:00,SRGA
1.082,1.09,1.082,1.09,3758,2021-07-30 15:04:00,SRGA
1.09,1.09,1.09,1.09,100,2021-07-30 15:05:00,SRGA
1.0813,1.085,1.0813,1.085,625,2021-07-30 15:06:00,SRGA
1.085,1.085,1.085,1.085,100,2021-07-30 15:07:00,SRGA
1.085,1.085,1.08,1.085,1874,2021-07-30 15:08:00,SRGA
1.085,1.085,1.085,1.085,200,2021-07-30 15:09:00,SRGA
1.08,1.08,1.08,1.08,100,2021-07-30 15:15:00,SRGA
1.0819,1.0819,1.0819,1.0819,100,2021-07-30 15:17:00,SRGA
1.085,1.085,1.085,1.085,1300,2021-07-30 15:20:00,SRGA
1.085,1.09,1.085,1.09,2000,2021-07-30 15:21:00,SRGA
1.085,1.085,1.085,1.085,100,2021-07-30 15:22:00,SRGA
1.085,1.09,1.08,1.085,1400,2021-07-30 15:25:00,SRGA
1.09,1.09,1.09,1.09,100,2021-07-30 15:32:00,SRGA
1.09,1.09,1.09,1.09,269,2021-07-30 15:34:00,SRGA
1.09,1.09,1.085,1.085,24603,2021-07-30 15:43:00,SRGA
1.085,1.085,1.08,1.08,500,2021-07-30 15:44:00,SRGA
1.085,1.085,1.085,1.085,100,2021-07-30 15:46:00,SRGA
1.09,1.095,1.09,1.0901,29021,2021-07-30 15:48:00,SRGA
1.0901,1.095,1.0901,1.095,2600,2021-07-30 15:49:00,SRGA
1.0919,1.095,1.0901,1.0912,6350,2021-07-30 15:50:00,SRGA
1.0999,1.0999,1.095,1.095,710,2021-07-30 15:51:00,SRGA
1.095,1.1,1.095,1.1,6813,2021-07-30 15:54:00,SRGA
1.095,1.095,1.095,1.095,200,2021-07-30 15:55:00,SRGA
1.0956,1.0956,1.0956,1.0956,300,2021-07-30 15:56:00,SRGA
1.1,1.1,1.09,1.095,4400,2021-07-30 15:57:00,SRGA
1.0913,1.0913,1.0913,1.0913,1000,2021-07-30 16:05:00,SRGA
1.0964,1.0964,1.0964,1.0964,100,2021-07-30 16:13:00,SRGA
1.0986,1.0986,1.09,1.095,6503,2021-07-30 16:14:00,SRGA
1.095,1.0965,1.095,1.0965,1218,2021-07-30 16:19:00,SRGA
1.0914,1.0914,1.09,1.09,1645,2021-07-30 16:20:00,SRGA
1.09,1.09,1.085,1.09,5550,2021-07-30 16:21:00,SRGA
1.095,1.095,1.09,1.095,1800,2021-07-30 16:22:00,SRGA
1.0999,1.0999,1.09,1.0984,10589,2021-07-30 16:26:00,SRGA
1.0999,1.0999,1.0999,1.0999,5000,2021-07-30 16:27:00,SRGA
1.095,1.1,1.095,1.1,2300,2021-07-30 16:28:00,SRGA
1.1,1.1,1.0923,1.0923,3505,2021-07-30 16:30:00,SRGA
1.095,1.1,1.092,1.095,4759,2021-07-30 16:32:00,SRGA
1.0999,1.0999,1.0999,1.0999,500,2021-07-30 16:33:00,SRGA
1.09,1.09,1.09,1.09,14310,2021-07-30 16:35:00,SRGA
1.095,1.095,1.095,1.095,100,2021-07-30 16:36:00,SRGA
1.095,1.0976,1.095,1.0976,2520,2021-07-30 16:37:00,SRGA
1.0966,1.0966,1.0966,1.0966,100,2021-07-30 16:39:00,SRGA
1.0951,1.0951,1.0951,1.0951,1100,2021-07-30 16:40:00,SRGA
1.0973,1.0973,1.0973,1.0973,4000,2021-07-30 16:41:00,SRGA
1.095,1.095,1.095,1.095,200,2021-07-30 16:42:00,SRGA
1.095,1.095,1.095,1.095,1100,2021-07-30 16:43:00,SRGA
1.0975,1.0975,1.0975,1.0975,1500,2021-07-30 16:44:00,SRGA
1.095,1.095,1.095,1.095,100,2021-07-30 16:45:00,SRGA
1.1,1.1,1.1,1.1,2400,2021-07-30 16:47:00,SRGA
1.1,1.1,1.1,1.1,1200,2021-07-30 16:48:00,SRGA
1.095,1.1,1.095,1.095,7887,2021-07-30 16:49:00,SRGA
1.09,1.0969,1.09,1.0969,16998,2021-07-30 16:50:00,SRGA
1.095,1.095,1.095,1.095,100,2021-07-30 16:51:00,SRGA
1.095,1.1,1.095,1.095,1100,2021-07-30 16:52:00,SRGA
1.09,1.09,1.09,1.09,100,2021-07-30 16:53:00,SRGA
1.095,1.095,1.095,1.095,100,2021-07-30 16:54:00,SRGA
1.0969,1.0969,1.0901,1.0901,600,2021-07-30 16:57:00,SRGA
1.0936,1.0936,1.0936,1.0936,176,2021-07-30 16:58:00,SRGA
1.0999,1.0999,1.09,1.09,10300,2021-07-30 16:59:00,SRGA
1.09,1.09,1.09,1.09,100,2021-07-30 17:00:00,SRGA
1.099,1.099,1.095,1.095,775,2021-07-30 17:08:00,SRGA
1.095,1.0979,1.095,1.0979,3952,2021-07-30 17:11:00,SRGA
1.0909,1.0909,1.09,1.09,3100,2021-07-30 17:15:00,SRGA
1.09,1.095,1.09,1.095,5200,2021-07-30 17:16:00,SRGA
1.095,1.095,1.095,1.095,900,2021-07-30 17:20:00,SRGA
1.09,1.095,1.09,1.095,4400,2021-07-30 17:23:00,SRGA
1.1,1.1,1.1,1.1,100,2021-07-30 17:28:00,SRGA
1.0972,1.0972,1.0972,1.0972,354,2021-07-30 17:29:00,SRGA
1.1,1.1,1.1,1.1,750,2021-07-30 17:30:00,SRGA
1.1,1.1,1.095,1.095,1000,2021-07-30 17:31:00,SRGA
1.095,1.1,1.095,1.1,200,2021-07-30 17:32:00,SRGA
1.1,1.1,1.095,1.095,2121,2021-07-30 17:34:00,SRGA
1.1,1.1,1.1,1.1,100,2021-07-30 17:36:00,SRGA
1.1,1.1,1.1,1.1,100,2021-07-30 17:37:00,SRGA
1.1,1.1,1.1,1.1,999,2021-07-30 17:38:00,SRGA
1.1,1.1,1.1,1.1,300,2021-07-30 17:40:00,SRGA
1.1,1.1,1.1,1.1,110,2021-07-30 17:41:00,SRGA
1.1,1.1,1.1,1.1,100,2021-07-30 17:42:00,SRGA
1.0999,1.0999,1.0999,1.0999,200,2021-07-30 17:44:00,SRGA
1.0957,1.0957,1.0957,1.0957,1000,2021-07-30 17:46:00,SRGA
1.096,1.096,1.096,1.096,3700,2021-07-30 17:48:00,SRGA
1.095,1.095,1.095,1.095,100,2021-07-30 17:50:00,SRGA
1.096,1.096,1.09,1.09,1300,2021-07-30 17:52:00,SRGA
1.1,1.1,1.095,1.095,1100,2021-07-30 17:53:00,SRGA
1.095,1.095,1.095,1.095,300,2021-07-30 17:57:00,SRGA
1.095,1.095,1.095,1.095,300,2021-07-30 17:58:00,SRGA
1.0916,1.095,1.0916,1.095,1019,2021-07-30 18:02:00,SRGA
1.0923,1.0923,1.0923,1.0923,111,2021-07-30 18:04:00,SRGA
1.0968,1.0968,1.0968,1.0968,100,2021-07-30 18:07:00,SRGA
1.095,1.098,1.09,1.095,4000,2021-07-30 18:09:00,SRGA
1.0988,1.1,1.095,1.095,3200,2021-07-30 18:10:00,SRGA
1.0971,1.0971,1.0971,1.0971,508,2021-07-30 18:11:00,SRGA
1.095,1.095,1.095,1.095,198,2021-07-30 18:16:00,SRGA
1.0982,1.0982,1.095,1.095,4561,2021-07-30 18:17:00,SRGA
1.095,1.095,1.09,1.09,1948,2021-07-30 18:19:00,SRGA
1.0944,1.0944,1.0944,1.0944,300,2021-07-30 18:21:00,SRGA
1.0918,1.0918,1.0918,1.0918,370,2021-07-30 18:22:00,SRGA
1.0942,1.0942,1.09,1.09,5400,2021-07-30 18:25:00,SRGA
1.0965,1.0965,1.0965,1.0965,100,2021-07-30 18:26:00,SRGA
1.1,1.1,1.1,1.1,200,2021-07-30 18:27:00,SRGA
1.0999,1.1,1.09,1.09,1000,2021-07-30 18:28:00,SRGA
1.0999,1.0999,1.0999,1.0999,100,2021-07-30 18:29:00,SRGA
1.09,1.09,1.09,1.09,100,2021-07-30 18:30:00,SRGA
1.0941,1.0941,1.09,1.09,9999,2021-07-30 18:33:00,SRGA
1.095,1.095,1.09,1.09,600,2021-07-30 18:34:00,SRGA
1.0901,1.0913,1.09,1.09,2314,2021-07-30 18:36:00,SRGA
1.09,1.09,1.09,1.09,200,2021-07-30 18:37:00,SRGA
1.09,1.09,1.085,1.09,5013,2021-07-30 18:38:00,SRGA
1.09,1.09,1.09,1.09,600,2021-07-30 18:39:00,SRGA
1.09,1.09,1.08,1.085,2215,2021-07-30 18:40:00,SRGA
1.0856,1.0856,1.085,1.085,1067,2021-07-30 18:41:00,SRGA
1.09,1.1,1.085,1.085,10401,2021-07-30 18:42:00,SRGA
1.085,1.095,1.085,1.095,4359,2021-07-30 18:44:00,SRGA
1.0917,1.0917,1.0917,1.0917,790,2021-07-30 18:45:00,SRGA
1.0964,1.0964,1.0964,1.0964,137,2021-07-30 18:47:00,SRGA
1.0987,1.0987,1.0987,1.0987,850,2021-07-30 18:50:00,SRGA
1.095,1.095,1.09,1.095,13967,2021-07-30 18:55:00,SRGA
1.092,1.092,1.092,1.092,300,2021-07-30 18:56:00,SRGA
1.095,1.095,1.09,1.09,200,2021-07-30 18:57:00,SRGA
1.095,1.095,1.095,1.095,100,2021-07-30 19:01:00,SRGA
1.095,1.095,1.095,1.095,600,2021-07-30 19:02:00,SRGA
1.09,1.09,1.09,1.09,500,2021-07-30 19:03:00,SRGA
1.09,1.09,1.09,1.09,1000,2021-07-30 19:08:00,SRGA
1.0964,1.11,1.0964,1.1066,138427,2021-07-30 19:13:00,SRGA
1.105,1.11,1.1,1.105,4599,2021-07-30 19:14:00,SRGA
1.1099,1.1099,1.1099,1.1099,1000,2021-07-30 19:15:00,SRGA
1.1,1.1091,1.1,1.105,25118,2021-07-30 19:16:00,SRGA
1.105,1.1056,1.1,1.1056,21300,2021-07-30 19:17:00,SRGA
1.105,1.105,1.105,1.105,136,2021-07-30 19:18:00,SRGA
1.1004,1.1004,1.1004,1.1004,1500,2021-07-30 19:19:00,SRGA
1.1,1.1003,1.1,1.1,19900,2021-07-30 19:20:00,SRGA
1.1001,1.1001,1.09,1.09,4720,2021-07-30 19:22:00,SRGA
1.09,1.09,1.09,1.09,100,2021-07-30 19:23:00,SRGA
1.09,1.09,1.09,1.09,100,2021-07-30 19:25:00,SRGA
1.09,1.09,1.085,1.09,6834,2021-07-30 19:26:00,SRGA
1.09,1.09,1.08,1.09,500,2021-07-30 19:27:00,SRGA
1.09,1.09,1.09,1.09,1400,2021-07-30 19:29:00,SRGA
1.092,1.092,1.092,1.092,100,2021-07-30 19:30:00,SRGA
1.0915,1.0915,1.09,1.09,3600,2021-07-30 19:31:00,SRGA
1.09,1.09,1.09,1.09,100,2021-07-30 19:33:00,SRGA
1.095,1.095,1.095,1.095,200,2021-07-30 19:34:00,SRGA
1.09,1.09,1.09,1.09,100,2021-07-30 19:35:00,SRGA
1.0986,1.0986,1.0986,1.0986,5000,2021-07-30 19:36:00,SRGA
1.09,1.09,1.09,1.09,100,2021-07-30 19:37:00,SRGA
1.1,1.1,1.095,1.095,6800,2021-07-30 19:38:00,SRGA
1.095,1.095,1.095,1.095,100,2021-07-30 19:40:00,SRGA
1.09,1.09,1.09,1.09,100,2021-07-30 19:41:00,SRGA
1.09,1.0901,1.09,1.0901,300,2021-07-30 19:43:00,SRGA
1.095,1.095,1.09,1.09,3760,2021-07-30 19:44:00,SRGA
1.095,1.095,1.09,1.09,400,2021-07-30 19:45:00,SRGA
1.0908,1.095,1.09,1.095,4067,2021-07-30 19:46:00,SRGA
1.09,1.09,1.09,1.09,850,2021-07-30 19:47:00,SRGA
1.09,1.095,1.09,1.09,1400,2021-07-30 19:49:00,SRGA
1.09,1.09,1.09,1.09,2610,2021-07-30 19:50:00,SRGA
1.09,1.09,1.09,1.09,100,2021-07-30 19:51:00,SRGA
1.09,1.09,1.09,1.09,1600,2021-07-30 19:52:00,SRGA
1.09,1.095,1.09,1.095,1000,2021-07-30 19:53:00,SRGA
1.09,1.0993,1.09,1.09,15780,2021-07-30 19:54:00,SRGA
1.09,1.095,1.09,1.095,2400,2021-07-30 19:55:00,SRGA
1.09,1.095,1.09,1.095,2000,2021-07-30 19:57:00,SRGA
1.09,1.09,1.09,1.09,721,2021-07-30 19:58:00,SRGA
1.09,1.095,1.09,1.09,3518,2021-07-30 19:59:00,SRGA
1.09,1.09,1.09,1.09,6547,2021-07-30 20:00:00,SRGA
1.1,1.1,1.1,1.1,400,2021-07-30 20:27:00,SRGA
1.1,1.1,1.1,1.1,4545,2021-07-30 21:10:00,SRGA
1.09,1.09,1.09,1.09,300,2021-07-30 21:38:00,SRGA
1.09,1.09,1.09,1.09,200,2021-07-30 21:39:00,SRGA
1.09,1.09,1.09,1.09,111,2021-07-30 21:47:00,SRGA
