open,high,low,close,volume,datetime,symbol
80.26,80.26,80.26,80.26,200,2021-05-17 11:22:00,PENN
80.25,80.25,80.25,80.25,100,2021-05-17 11:25:00,PENN
80.05,80.05,80.05,80.05,166,2021-05-17 11:40:00,PENN
80.1,80.1,80.1,80.1,300,2021-05-17 11:51:00,PENN
80.05,80.05,80.05,80.05,500,2021-05-17 12:03:00,PENN
80.05,80.05,80.05,80.05,287,2021-05-17 12:10:00,PENN
79.75,79.75,79.75,79.75,100,2021-05-17 12:16:00,PENN
79.75,79.75,79.75,79.75,424,2021-05-17 12:17:00,PENN
79.76,79.76,79.76,79.76,380,2021-05-17 12:22:00,PENN
79.98,79.99,79.98,79.99,212,2021-05-17 12:29:00,PENN
79.97,80.0,79.97,80.0,660,2021-05-17 12:31:00,PENN
80.0,80.0,80.0,80.0,100,2021-05-17 12:32:00,PENN
80.17,80.17,80.17,80.17,100,2021-05-17 12:40:00,PENN
80.0,80.0,80.0,80.0,300,2021-05-17 12:49:00,PENN
80.0,80.0,80.0,80.0,248,2021-05-17 12:52:00,PENN
79.95,79.95,79.95,79.95,269,2021-05-17 12:53:00,PENN
80.07,80.07,80.07,80.07,100,2021-05-17 13:20:00,PENN
80.2,80.2,80.2,80.2,130,2021-05-17 13:23:00,PENN
80.07,80.24,80.07,80.24,463,2021-05-17 13:25:00,PENN
80.2,80.21,80.15,80.15,800,2021-05-17 13:27:00,PENN
80.15,80.24,80.07,80.24,1187,2021-05-17 13:28:00,PENN
79.95,79.95,79.95,79.95,450,2021-05-17 13:29:00,PENN
80.25,80.25,79.06,79.2263,62641,2021-05-17 13:30:00,PENN
79.04,79.4475,78.86,79.11,6596,2021-05-17 13:31:00,PENN
79.12,79.28,78.7,78.97,12923,2021-05-17 13:32:00,PENN
78.82,79.1,78.748,78.86,23801,2021-05-17 13:33:00,PENN
78.75,78.91,78.3801,78.85,39204,2021-05-17 13:34:00,PENN
78.7399,79.63,78.7399,79.56,7650,2021-05-17 13:35:00,PENN
79.44,79.72,79.3,79.5,13667,2021-05-17 13:36:00,PENN
79.66,80.1748,79.5105,80.012,9180,2021-05-17 13:37:00,PENN
80.04,80.04,78.9,78.94,9869,2021-05-17 13:38:00,PENN
78.9783,79.69,78.9783,79.27,10365,2021-05-17 13:39:00,PENN
79.69,79.812,79.37,79.54,13674,2021-05-17 13:40:00,PENN
79.38,79.5888,78.99,79.15,1895,2021-05-17 13:41:00,PENN
79.14,79.37,79.14,79.2128,1960,2021-05-17 13:42:00,PENN
79.48,79.63,79.06,79.06,12044,2021-05-17 13:43:00,PENN
79.15,79.17,78.752,78.9705,14075,2021-05-17 13:44:00,PENN
78.935,79.385,78.83,79.11,13716,2021-05-17 13:45:00,PENN
79.28,79.3604,79.11,79.275,7835,2021-05-17 13:46:00,PENN
79.36,79.5,78.83,79.0,10111,2021-05-17 13:47:00,PENN
79.1,79.43,79.1,79.19,11160,2021-05-17 13:48:00,PENN
79.21,79.21,78.75,78.79,7519,2021-05-17 13:49:00,PENN
78.86,79.2257,78.58,78.63,10080,2021-05-17 13:50:00,PENN
78.73,78.84,78.38,78.52,20682,2021-05-17 13:51:00,PENN
78.37,78.4378,78.0493,78.23,17450,2021-05-17 13:52:00,PENN
78.266,78.32,78.0,78.27,38112,2021-05-17 13:53:00,PENN
78.34,78.45,78.0201,78.33,7716,2021-05-17 13:54:00,PENN
78.2,78.205,77.97,78.205,17903,2021-05-17 13:55:00,PENN
78.2,78.37,78.09,78.09,4643,2021-05-17 13:56:00,PENN
78.3,78.32,78.04,78.25,32897,2021-05-17 13:57:00,PENN
78.18,78.51,78.17,78.395,15110,2021-05-17 13:58:00,PENN
78.47,78.47,78.0,78.075,29879,2021-05-17 13:59:00,PENN
78.0,78.12,77.72,77.75,38957,2021-05-17 14:00:00,PENN
77.7431,77.7431,77.25,77.25,22333,2021-05-17 14:01:00,PENN
77.26,77.63,77.25,77.475,9822,2021-05-17 14:02:00,PENN
77.37,77.69,77.35,77.6,15259,2021-05-17 14:03:00,PENN
77.59,77.71,77.59,77.67,3404,2021-05-17 14:04:00,PENN
77.86,78.28,77.79,78.28,11128,2021-05-17 14:05:00,PENN
78.16,78.32,78.07,78.12,7594,2021-05-17 14:06:00,PENN
78.1,78.19,77.95,78.12,3482,2021-05-17 14:07:00,PENN
78.0,78.4899,77.9,78.28,7167,2021-05-17 14:08:00,PENN
78.14,78.18,77.89,78.01,4968,2021-05-17 14:09:00,PENN
77.89,78.01,77.77,77.78,4792,2021-05-17 14:10:00,PENN
77.81,78.07,77.7791,77.895,9607,2021-05-17 14:11:00,PENN
77.92,78.3345,77.92,78.18,3748,2021-05-17 14:12:00,PENN
78.27,78.62,78.27,78.55,13930,2021-05-17 14:13:00,PENN
78.61,78.68,78.46,78.59,4800,2021-05-17 14:14:00,PENN
78.5308,78.5308,78.07,78.235,9098,2021-05-17 14:15:00,PENN
78.36,78.63,78.25,78.63,19425,2021-05-17 14:16:00,PENN
78.65,78.99,78.6,78.92,19320,2021-05-17 14:17:00,PENN
78.93,79.17,78.9081,79.04,11098,2021-05-17 14:18:00,PENN
78.8647,79.03,78.77,79.03,4441,2021-05-17 14:19:00,PENN
78.96,79.07,78.66,78.69,3002,2021-05-17 14:20:00,PENN
78.71,79.02,78.7,78.9,14118,2021-05-17 14:21:00,PENN
79.0486,79.05,78.46,78.5,6035,2021-05-17 14:22:00,PENN
78.63,78.67,78.4,78.56,7475,2021-05-17 14:23:00,PENN
78.46,78.54,78.29,78.3225,7264,2021-05-17 14:24:00,PENN
78.2801,78.51,78.2801,78.39,6750,2021-05-17 14:25:00,PENN
78.33,78.73,78.33,78.61,16552,2021-05-17 14:26:00,PENN
78.56,78.56,78.165,78.21,4813,2021-05-17 14:27:00,PENN
78.32,78.4252,78.18,78.2039,1901,2021-05-17 14:28:00,PENN
78.21,78.34,77.84,77.84,8844,2021-05-17 14:29:00,PENN
77.78,77.78,77.57,77.61,16034,2021-05-17 14:30:00,PENN
77.6212,77.72,77.57,77.72,6780,2021-05-17 14:31:00,PENN
77.76,77.8564,77.6601,77.7816,5851,2021-05-17 14:32:00,PENN
77.7,77.83,77.59,77.75,9405,2021-05-17 14:33:00,PENN
77.718,78.01,77.718,77.9,8099,2021-05-17 14:34:00,PENN
77.96,78.06,77.93,78.05,5043,2021-05-17 14:35:00,PENN
78.13,78.4337,78.13,78.34,5691,2021-05-17 14:36:00,PENN
78.4466,78.75,78.37,78.71,3201,2021-05-17 14:37:00,PENN
78.8,79.0492,78.8,78.985,7112,2021-05-17 14:38:00,PENN
78.92,79.0,78.75,78.82,6648,2021-05-17 14:39:00,PENN
78.85,78.9823,78.8237,78.86,3097,2021-05-17 14:40:00,PENN
78.8188,79.22,78.8188,79.06,16161,2021-05-17 14:41:00,PENN
78.99,79.07,78.79,78.79,3433,2021-05-17 14:42:00,PENN
78.93,78.99,78.5873,78.5873,8975,2021-05-17 14:43:00,PENN
78.57,78.82,78.57,78.73,2900,2021-05-17 14:44:00,PENN
78.84,79.06,78.84,79.02,9750,2021-05-17 14:45:00,PENN
79.05,79.25,79.0407,79.15,8810,2021-05-17 14:46:00,PENN
79.2,79.2,79.05,79.135,2850,2021-05-17 14:47:00,PENN
79.07,79.08,78.91,79.08,4166,2021-05-17 14:48:00,PENN
79.09,79.24,79.09,79.13,1889,2021-05-17 14:49:00,PENN
79.25,79.32,79.0,79.08,7532,2021-05-17 14:50:00,PENN
79.01,79.35,78.97,79.21,7173,2021-05-17 14:51:00,PENN
79.31,79.44,79.18,79.18,2792,2021-05-17 14:52:00,PENN
79.305,79.53,79.305,79.4,2800,2021-05-17 14:53:00,PENN
79.34,79.425,79.17,79.3084,5355,2021-05-17 14:54:00,PENN
79.21,79.2549,79.05,79.2549,1993,2021-05-17 14:55:00,PENN
79.2799,79.2799,79.1,79.13,1900,2021-05-17 14:56:00,PENN
79.06,79.32,78.88,78.94,13725,2021-05-17 14:57:00,PENN
78.97,78.97,78.72,78.72,2049,2021-05-17 14:58:00,PENN
78.83,78.98,78.73,78.835,5350,2021-05-17 14:59:00,PENN
78.7,78.88,78.63,78.725,14689,2021-05-17 15:00:00,PENN
78.66,78.72,78.35,78.42,13970,2021-05-17 15:01:00,PENN
78.44,78.48,78.15,78.2507,5585,2021-05-17 15:02:00,PENN
78.15,78.43,78.15,78.43,3582,2021-05-17 15:03:00,PENN
78.48,78.6175,78.4,78.4,6112,2021-05-17 15:04:00,PENN
78.37,78.4485,78.33,78.39,2217,2021-05-17 15:05:00,PENN
78.375,78.43,78.25,78.3,3085,2021-05-17 15:06:00,PENN
78.38,78.46,78.335,78.38,4100,2021-05-17 15:07:00,PENN
78.38,78.38,78.0,78.0431,5500,2021-05-17 15:08:00,PENN
77.92,78.0991,77.85,78.04,5393,2021-05-17 15:09:00,PENN
78.045,78.23,77.75,77.84,3645,2021-05-17 15:10:00,PENN
77.84,78.06,77.84,78.06,1725,2021-05-17 15:11:00,PENN
78.09,78.1699,78.0,78.15,10216,2021-05-17 15:12:00,PENN
78.08,78.1,77.93,78.045,11736,2021-05-17 15:13:00,PENN
78.03,78.18,77.94,78.18,4341,2021-05-17 15:14:00,PENN
78.15,78.1858,78.05,78.15,1028,2021-05-17 15:15:00,PENN
78.1,78.29,78.01,78.24,6028,2021-05-17 15:16:00,PENN
78.19,78.47,78.19,78.44,2263,2021-05-17 15:17:00,PENN
78.385,78.4189,78.28,78.34,3982,2021-05-17 15:18:00,PENN
78.27,78.27,78.1,78.16,3775,2021-05-17 15:19:00,PENN
78.17,78.315,78.11,78.26,2293,2021-05-17 15:20:00,PENN
78.2,78.255,78.18,78.2,1900,2021-05-17 15:21:00,PENN
78.22,78.32,78.14,78.31,2100,2021-05-17 15:22:00,PENN
78.32,78.467,78.32,78.44,3310,2021-05-17 15:23:00,PENN
78.44,78.49,78.26,78.39,4205,2021-05-17 15:24:00,PENN
78.38,78.6,78.37,78.6,6562,2021-05-17 15:25:00,PENN
78.67,78.739,78.6,78.6,5780,2021-05-17 15:26:00,PENN
78.595,78.79,78.55,78.79,26004,2021-05-17 15:27:00,PENN
78.73,78.84,78.67,78.745,7645,2021-05-17 15:28:00,PENN
78.74,78.895,78.72,78.75,9768,2021-05-17 15:29:00,PENN
78.81,78.94,78.73,78.73,3900,2021-05-17 15:30:00,PENN
78.71,78.82,78.67,78.6961,6733,2021-05-17 15:31:00,PENN
78.69,78.86,78.64,78.86,5195,2021-05-17 15:32:00,PENN
78.86,79.03,78.86,78.94,7963,2021-05-17 15:33:00,PENN
78.99,79.05,78.99,79.05,2075,2021-05-17 15:34:00,PENN
79.04,79.08,79.0,79.07,5571,2021-05-17 15:35:00,PENN
79.0795,79.1594,78.98,79.0943,5999,2021-05-17 15:36:00,PENN
79.08,79.1055,79.01,79.1055,1420,2021-05-17 15:37:00,PENN
79.07,79.18,78.96,78.99,2301,2021-05-17 15:38:00,PENN
79.03,79.03,78.83,78.9047,3916,2021-05-17 15:39:00,PENN
78.856,78.91,78.74,78.83,5200,2021-05-17 15:40:00,PENN
78.84,78.91,78.81,78.91,3405,2021-05-17 15:41:00,PENN
78.96,79.01,78.94,79.01,3667,2021-05-17 15:42:00,PENN
79.07,79.07,78.7126,78.7126,3372,2021-05-17 15:43:00,PENN
78.745,79.045,78.745,79.01,4516,2021-05-17 15:44:00,PENN
79.009,79.24,78.98,79.24,13739,2021-05-17 15:45:00,PENN
79.24,79.31,79.05,79.13,2973,2021-05-17 15:46:00,PENN
79.0641,79.1,79.01,79.02,1425,2021-05-17 15:47:00,PENN
78.89,78.93,78.65,78.66,15906,2021-05-17 15:48:00,PENN
78.7,78.76,78.62,78.74,9615,2021-05-17 15:49:00,PENN
78.77,78.78,78.65,78.705,5028,2021-05-17 15:50:00,PENN
78.695,78.695,78.53,78.61,8482,2021-05-17 15:51:00,PENN
78.56,78.62,78.46,78.54,7662,2021-05-17 15:52:00,PENN
78.585,78.68,78.45,78.5,4018,2021-05-17 15:53:00,PENN
78.5,78.7,78.49,78.7,5194,2021-05-17 15:54:00,PENN
78.63,78.67,78.41,78.53,4740,2021-05-17 15:55:00,PENN
78.49,78.52,78.44,78.5,5533,2021-05-17 15:56:00,PENN
78.5,78.62,78.45,78.6,10200,2021-05-17 15:57:00,PENN
78.64,78.7244,78.55,78.59,2978,2021-05-17 15:58:00,PENN
78.57,78.62,78.45,78.45,8595,2021-05-17 15:59:00,PENN
78.45,78.56,78.45,78.49,8036,2021-05-17 16:00:00,PENN
78.52,78.57,78.39,78.5492,17406,2021-05-17 16:01:00,PENN
78.55,78.725,78.54,78.59,5446,2021-05-17 16:02:00,PENN
78.66,78.693,78.5691,78.68,2901,2021-05-17 16:03:00,PENN
78.685,78.82,78.685,78.74,5298,2021-05-17 16:04:00,PENN
78.77,79.01,78.74,78.945,5465,2021-05-17 16:05:00,PENN
78.957,79.01,78.86,79.0,9336,2021-05-17 16:06:00,PENN
78.97,79.099,78.95,79.035,10565,2021-05-17 16:07:00,PENN
79.01,79.025,78.93,79.0,14984,2021-05-17 16:08:00,PENN
78.99,79.025,78.91,78.995,11384,2021-05-17 16:09:00,PENN
78.995,79.13,78.97,79.04,7261,2021-05-17 16:10:00,PENN
79.02,79.07,78.95,79.01,3800,2021-05-17 16:11:00,PENN
79.01,79.07,78.931,79.06,9597,2021-05-17 16:12:00,PENN
79.085,79.13,79.02,79.07,3586,2021-05-17 16:13:00,PENN
79.13,79.13,78.94,78.98,7370,2021-05-17 16:14:00,PENN
78.915,79.175,78.84,79.15,7083,2021-05-17 16:15:00,PENN
79.15,79.17,79.06,79.135,2902,2021-05-17 16:16:00,PENN
79.105,79.155,79.08,79.14,4038,2021-05-17 16:17:00,PENN
79.1,79.1999,79.1,79.14,1702,2021-05-17 16:18:00,PENN
79.2,79.2499,79.08,79.18,3949,2021-05-17 16:19:00,PENN
79.155,79.33,79.131,79.28,4879,2021-05-17 16:20:00,PENN
79.22,79.28,79.18,79.28,1350,2021-05-17 16:21:00,PENN
79.24,79.24,79.1,79.145,3718,2021-05-17 16:22:00,PENN
79.145,79.18,79.08,79.095,2477,2021-05-17 16:23:00,PENN
79.1,79.19,79.1,79.175,1753,2021-05-17 16:24:00,PENN
79.16,79.16,79.05,79.05,2273,2021-05-17 16:25:00,PENN
79.08,79.19,79.05,79.13,1500,2021-05-17 16:26:00,PENN
79.19,79.23,79.13,79.17,2800,2021-05-17 16:27:00,PENN
79.24,79.25,79.21,79.235,3178,2021-05-17 16:28:00,PENN
79.25,79.41,79.25,79.365,11570,2021-05-17 16:29:00,PENN
79.33,79.37,79.22,79.23,3934,2021-05-17 16:30:00,PENN
79.26,79.28,79.2,79.27,1165,2021-05-17 16:31:00,PENN
79.24,79.29,79.17,79.24,3079,2021-05-17 16:32:00,PENN
79.24,79.3245,79.17,79.32,4972,2021-05-17 16:33:00,PENN
79.33,79.4,79.33,79.4,500,2021-05-17 16:34:00,PENN
79.42,79.55,79.42,79.47,9271,2021-05-17 16:35:00,PENN
79.47,79.54,79.41,79.43,5214,2021-05-17 16:36:00,PENN
79.51,79.55,79.51,79.55,1623,2021-05-17 16:37:00,PENN
79.54,79.6,79.52,79.5379,4477,2021-05-17 16:38:00,PENN
79.55,79.58,79.47,79.49,2782,2021-05-17 16:39:00,PENN
79.51,79.575,79.45,79.45,7725,2021-05-17 16:40:00,PENN
79.45,79.54,79.39,79.54,1300,2021-05-17 16:41:00,PENN
79.59,79.66,79.58,79.59,13046,2021-05-17 16:42:00,PENN
79.59,79.7,79.59,79.61,8021,2021-05-17 16:43:00,PENN
79.65,79.79,79.65,79.725,4375,2021-05-17 16:44:00,PENN
79.7,79.7,79.565,79.565,5200,2021-05-17 16:45:00,PENN
79.61,79.71,79.61,79.68,901,2021-05-17 16:46:00,PENN
79.7299,79.7299,79.66,79.72,1614,2021-05-17 16:47:00,PENN
79.73,79.81,79.72,79.765,3513,2021-05-17 16:48:00,PENN
79.765,79.765,79.675,79.675,874,2021-05-17 16:49:00,PENN
79.64,79.68,79.63,79.65,2057,2021-05-17 16:50:00,PENN
79.62,79.68,79.59,79.65,7277,2021-05-17 16:51:00,PENN
79.65,79.75,79.65,79.74,3962,2021-05-17 16:52:00,PENN
79.7,79.725,79.58,79.58,3165,2021-05-17 16:53:00,PENN
79.58,79.67,79.55,79.67,3443,2021-05-17 16:54:00,PENN
79.674,79.674,79.56,79.58,3181,2021-05-17 16:55:00,PENN
79.64,79.81,79.64,79.755,2809,2021-05-17 16:56:00,PENN
79.72,79.76,79.72,79.75,993,2021-05-17 16:57:00,PENN
79.68,79.72,79.63,79.68,6401,2021-05-17 16:58:00,PENN
79.67,79.6801,79.63,79.66,2859,2021-05-17 16:59:00,PENN
79.63,79.78,79.63,79.68,21138,2021-05-17 17:00:00,PENN
79.7553,79.7553,79.6201,79.665,2034,2021-05-17 17:01:00,PENN
79.75,79.765,79.69,79.69,1318,2021-05-17 17:02:00,PENN
79.68,79.71,79.66,79.67,1523,2021-05-17 17:03:00,PENN
79.64,79.74,79.64,79.74,5926,2021-05-17 17:04:00,PENN
79.8,79.82,79.725,79.76,1627,2021-05-17 17:05:00,PENN
79.74,79.745,79.685,79.685,2057,2021-05-17 17:06:00,PENN
79.65,79.68,79.645,79.665,2496,2021-05-17 17:07:00,PENN
79.67,79.7,79.6598,79.7,1375,2021-05-17 17:08:00,PENN
79.725,79.725,79.635,79.635,2433,2021-05-17 17:09:00,PENN
79.6,79.71,79.6,79.66,14002,2021-05-17 17:10:00,PENN
79.665,79.7,79.63,79.7,4870,2021-05-17 17:11:00,PENN
79.685,79.685,79.65,79.68,4832,2021-05-17 17:12:00,PENN
79.67,79.7,79.62,79.69,9381,2021-05-17 17:13:00,PENN
79.71,79.72,79.63,79.72,5278,2021-05-17 17:14:00,PENN
79.73,79.73,79.54,79.5981,13440,2021-05-17 17:15:00,PENN
79.655,79.7,79.59,79.615,11197,2021-05-17 17:16:00,PENN
79.56,79.59,79.46,79.5299,10912,2021-05-17 17:17:00,PENN
79.52,79.65,79.52,79.57,4900,2021-05-17 17:18:00,PENN
79.6,79.6,79.43,79.485,6012,2021-05-17 17:19:00,PENN
79.48,79.59,79.41,79.41,10614,2021-05-17 17:20:00,PENN
79.4,79.47,79.3101,79.33,6566,2021-05-17 17:21:00,PENN
79.31,79.43,79.31,79.355,3198,2021-05-17 17:22:00,PENN
79.32,79.4297,79.31,79.4297,4913,2021-05-17 17:23:00,PENN
79.43,79.47,79.36,79.46,7946,2021-05-17 17:24:00,PENN
79.41,79.435,79.37,79.4,2446,2021-05-17 17:25:00,PENN
79.43,79.47,79.36,79.39,1200,2021-05-17 17:26:00,PENN
79.37,79.49,79.36,79.43,1958,2021-05-17 17:27:00,PENN
79.47,79.54,79.45,79.52,715,2021-05-17 17:28:00,PENN
79.5,79.53,79.44,79.52,2586,2021-05-17 17:29:00,PENN
79.5381,79.62,79.49,79.51,14745,2021-05-17 17:30:00,PENN
79.49,79.53,79.38,79.38,2754,2021-05-17 17:31:00,PENN
79.37,79.42,79.29,79.29,5799,2021-05-17 17:32:00,PENN
79.265,79.265,79.18,79.19,3809,2021-05-17 17:33:00,PENN
79.24,79.44,79.24,79.415,3528,2021-05-17 17:34:00,PENN
79.47,79.54,79.43,79.4819,1810,2021-05-17 17:35:00,PENN
79.46,79.705,79.46,79.63,1933,2021-05-17 17:36:00,PENN
79.63,79.6516,79.54,79.54,1051,2021-05-17 17:37:00,PENN
79.55,79.55,79.45,79.48,2391,2021-05-17 17:38:00,PENN
79.45,79.45,79.415,79.42,800,2021-05-17 17:39:00,PENN
79.45,79.51,79.26,79.26,4408,2021-05-17 17:40:00,PENN
79.26,79.26,79.07,79.14,20821,2021-05-17 17:41:00,PENN
79.125,79.28,79.09,79.27,1750,2021-05-17 17:42:00,PENN
79.24,79.265,79.11,79.11,1435,2021-05-17 17:43:00,PENN
79.095,79.155,79.095,79.155,700,2021-05-17 17:44:00,PENN
79.185,79.28,79.13,79.28,1730,2021-05-17 17:45:00,PENN
79.3,79.4199,79.3,79.4199,2000,2021-05-17 17:46:00,PENN
79.3,79.3,79.22,79.27,900,2021-05-17 17:47:00,PENN
79.25,79.38,79.245,79.38,1000,2021-05-17 17:48:00,PENN
79.36,79.55,79.36,79.52,4504,2021-05-17 17:49:00,PENN
79.46,79.46,79.31,79.34,832,2021-05-17 17:50:00,PENN
79.3,79.4201,79.28,79.385,1675,2021-05-17 17:52:00,PENN
79.4,79.445,79.3,79.4,4040,2021-05-17 17:53:00,PENN
79.345,79.41,79.31,79.31,6150,2021-05-17 17:54:00,PENN
79.335,79.34,79.261,79.34,2550,2021-05-17 17:55:00,PENN
79.38,79.42,79.3234,79.42,3288,2021-05-17 17:56:00,PENN
79.47,79.6,79.47,79.59,1000,2021-05-17 17:57:00,PENN
79.54,79.55,79.54,79.54,600,2021-05-17 17:58:00,PENN
79.56,79.56,79.47,79.47,500,2021-05-17 17:59:00,PENN
79.46,79.59,79.41,79.535,6887,2021-05-17 18:00:00,PENN
79.57,79.63,79.49,79.5599,5545,2021-05-17 18:01:00,PENN
79.51,79.56,79.4801,79.4801,1404,2021-05-17 18:02:00,PENN
79.57,79.66,79.57,79.61,400,2021-05-17 18:03:00,PENN
79.61,79.71,79.61,79.64,2309,2021-05-17 18:04:00,PENN
79.59,79.65,79.51,79.65,2832,2021-05-17 18:05:00,PENN
79.68,79.68,79.52,79.52,4906,2021-05-17 18:06:00,PENN
79.55,79.64,79.55,79.59,1273,2021-05-17 18:07:00,PENN
79.6,79.64,79.6,79.62,500,2021-05-17 18:08:00,PENN
79.65,79.7,79.65,79.69,1100,2021-05-17 18:09:00,PENN
79.739,79.81,79.7,79.76,8228,2021-05-17 18:10:00,PENN
79.75,79.75,79.67,79.69,2960,2021-05-17 18:11:00,PENN
79.62,79.63,79.46,79.49,6586,2021-05-17 18:12:00,PENN
79.52,79.64,79.51,79.625,4699,2021-05-17 18:13:00,PENN
79.65,79.7497,79.65,79.73,400,2021-05-17 18:14:00,PENN
79.73,79.7591,79.58,79.58,2554,2021-05-17 18:15:00,PENN
79.51,79.71,79.51,79.69,6389,2021-05-17 18:16:00,PENN
79.69,79.81,79.69,79.76,1925,2021-05-17 18:17:00,PENN
79.69,79.81,79.69,79.81,543,2021-05-17 18:18:00,PENN
79.84,79.87,79.8,79.87,1617,2021-05-17 18:19:00,PENN
79.82,80.0,79.79,80.0,6559,2021-05-17 18:20:00,PENN
80.035,80.035,79.885,79.9299,3932,2021-05-17 18:21:00,PENN
79.85,79.889,79.81,79.81,526,2021-05-17 18:22:00,PENN
79.8201,79.9673,79.8201,79.92,2700,2021-05-17 18:23:00,PENN
79.89,79.89,79.87,79.87,200,2021-05-17 18:24:00,PENN
79.92,79.93,79.815,79.815,650,2021-05-17 18:25:00,PENN
79.75,79.78,79.72,79.765,1700,2021-05-17 18:26:00,PENN
79.78,79.87,79.78,79.85,1926,2021-05-17 18:27:00,PENN
79.75,79.78,79.63,79.63,1699,2021-05-17 18:28:00,PENN
79.63,79.7136,79.59,79.68,8134,2021-05-17 18:29:00,PENN
79.77,79.79,79.69,79.75,4333,2021-05-17 18:30:00,PENN
79.81,79.97,79.81,79.91,5005,2021-05-17 18:31:00,PENN
79.84,79.96,79.84,79.91,5474,2021-05-17 18:32:00,PENN
79.925,79.95,79.89,79.93,4388,2021-05-17 18:33:00,PENN
79.92,80.0,79.92,80.0,3834,2021-05-17 18:34:00,PENN
80.0,80.09,79.8703,79.93,13507,2021-05-17 18:35:00,PENN
79.97,79.99,79.84,79.85,8991,2021-05-17 18:36:00,PENN
79.84,79.84,79.74,79.77,3800,2021-05-17 18:37:00,PENN
79.77,79.77,79.615,79.66,5327,2021-05-17 18:38:00,PENN
79.62,79.73,79.57,79.69,4616,2021-05-17 18:39:00,PENN
79.71,79.785,79.6101,79.785,16760,2021-05-17 18:40:00,PENN
79.81,79.85,79.74,79.74,3538,2021-05-17 18:41:00,PENN
79.77,79.86,79.735,79.78,2600,2021-05-17 18:42:00,PENN
79.78,79.86,79.76,79.83,4109,2021-05-17 18:43:00,PENN
79.8491,79.8801,79.79,79.86,5134,2021-05-17 18:44:00,PENN
79.88,79.88,79.74,79.785,4972,2021-05-17 18:45:00,PENN
79.779,79.89,79.73,79.86,2454,2021-05-17 18:46:00,PENN
79.86,79.95,79.81,79.95,3430,2021-05-17 18:47:00,PENN
79.99,80.06,79.93,79.975,16314,2021-05-17 18:48:00,PENN
80.009,80.0789,79.9631,80.04,10863,2021-05-17 18:49:00,PENN
80.04,80.08,80.02,80.08,1114,2021-05-17 18:50:00,PENN
80.11,80.44,80.11,80.41,35805,2021-05-17 18:51:00,PENN
80.4325,80.4325,80.34,80.34,4941,2021-05-17 18:52:00,PENN
80.37,80.59,80.3401,80.5752,10775,2021-05-17 18:53:00,PENN
80.51,80.6,80.51,80.59,23370,2021-05-17 18:54:00,PENN
80.595,80.6,80.371,80.45,13621,2021-05-17 18:55:00,PENN
80.35,80.48,80.25,80.355,7663,2021-05-17 18:56:00,PENN
80.39,80.39,80.32,80.34,2572,2021-05-17 18:57:00,PENN
80.33,80.5,80.3163,80.48,9447,2021-05-17 18:58:00,PENN
80.49,80.58,80.44,80.49,10491,2021-05-17 18:59:00,PENN
80.43,80.47,80.35,80.455,6962,2021-05-17 19:00:00,PENN
80.43,80.59,80.43,80.55,5730,2021-05-17 19:01:00,PENN
80.55,80.57,80.48,80.5699,6050,2021-05-17 19:02:00,PENN
80.5937,80.61,80.515,80.55,2314,2021-05-17 19:03:00,PENN
80.59,80.61,80.48,80.57,2600,2021-05-17 19:04:00,PENN
80.58,80.62,80.5081,80.53,2600,2021-05-17 19:05:00,PENN
80.5,80.59,80.49,80.5843,2882,2021-05-17 19:06:00,PENN
80.59,80.75,80.59,80.64,5059,2021-05-17 19:07:00,PENN
80.64,80.77,80.6,80.75,4614,2021-05-17 19:08:00,PENN
80.77,80.77,80.72,80.76,3720,2021-05-17 19:09:00,PENN
80.72,80.72,80.61,80.72,4531,2021-05-17 19:10:00,PENN
80.67,80.7,80.59,80.69,6851,2021-05-17 19:11:00,PENN
80.69,80.69,80.49,80.49,5268,2021-05-17 19:12:00,PENN
80.505,80.6,80.45,80.5645,8443,2021-05-17 19:13:00,PENN
80.575,80.58,80.39,80.39,32196,2021-05-17 19:14:00,PENN
80.4,80.52,80.31,80.42,20178,2021-05-17 19:15:00,PENN
80.42,80.59,80.39,80.515,18178,2021-05-17 19:16:00,PENN
80.505,80.525,80.38,80.4,7201,2021-05-17 19:17:00,PENN
80.46,80.56,80.37,80.56,17223,2021-05-17 19:18:00,PENN
80.5401,80.575,80.43,80.44,4423,2021-05-17 19:19:00,PENN
80.3859,80.442,80.29,80.3,8175,2021-05-17 19:20:00,PENN
80.34,80.35,80.17,80.21,15240,2021-05-17 19:21:00,PENN
80.17,80.19,80.11,80.16,5894,2021-05-17 19:22:00,PENN
80.16,80.24,80.16,80.24,7967,2021-05-17 19:23:00,PENN
80.24,80.36,80.24,80.33,5109,2021-05-17 19:24:00,PENN
80.34,80.41,80.34,80.3943,3708,2021-05-17 19:25:00,PENN
80.4,80.47,80.36,80.36,7057,2021-05-17 19:26:00,PENN
80.35,80.41,80.3101,80.37,5988,2021-05-17 19:27:00,PENN
80.4,80.42,80.3004,80.4,5248,2021-05-17 19:28:00,PENN
80.41,80.42,80.31,80.31,5569,2021-05-17 19:29:00,PENN
80.34,80.44,80.34,80.41,6249,2021-05-17 19:30:00,PENN
80.41,80.51,80.39,80.485,15681,2021-05-17 19:31:00,PENN
80.44,80.51,80.4,80.5,4317,2021-05-17 19:32:00,PENN
80.5,80.65,80.49,80.65,4642,2021-05-17 19:33:00,PENN
80.62,80.63,80.57,80.63,5111,2021-05-17 19:34:00,PENN
80.61,80.62,80.4,80.43,8104,2021-05-17 19:35:00,PENN
80.425,80.52,80.41,80.47,5417,2021-05-17 19:36:00,PENN
80.51,80.54,80.47,80.495,1300,2021-05-17 19:37:00,PENN
80.53,80.66,80.5201,80.61,3152,2021-05-17 19:38:00,PENN
80.67,80.69,80.59,80.64,4915,2021-05-17 19:39:00,PENN
80.67,80.76,80.67,80.75,6707,2021-05-17 19:40:00,PENN
80.77,80.85,80.71,80.85,13751,2021-05-17 19:41:00,PENN
80.85,80.85,80.7,80.76,9198,2021-05-17 19:42:00,PENN
80.73,80.87,80.715,80.85,4215,2021-05-17 19:43:00,PENN
80.88,80.965,80.88,80.93,6473,2021-05-17 19:44:00,PENN
80.94,80.955,80.84,80.88,4035,2021-05-17 19:45:00,PENN
80.88,81.01,80.86,80.95,6673,2021-05-17 19:46:00,PENN
80.92,81.01,80.9,80.985,3608,2021-05-17 19:47:00,PENN
81.0,81.0,80.86,80.92,8883,2021-05-17 19:48:00,PENN
80.88,80.8925,80.8,80.8,4544,2021-05-17 19:49:00,PENN
80.77,80.875,80.75,80.86,7276,2021-05-17 19:50:00,PENN
80.88,80.94,80.85,80.92,6238,2021-05-17 19:51:00,PENN
80.9,80.93,80.82,80.8399,5904,2021-05-17 19:52:00,PENN
80.84,80.86,80.77,80.78,13517,2021-05-17 19:53:00,PENN
80.83,80.91,80.8,80.85,11420,2021-05-17 19:54:00,PENN
80.82,80.89,80.81,80.86,24793,2021-05-17 19:55:00,PENN
80.84,80.89,80.77,80.885,16809,2021-05-17 19:56:00,PENN
80.9,80.93,80.82,80.91,16886,2021-05-17 19:57:00,PENN
80.89,80.98,80.872,80.95,32993,2021-05-17 19:58:00,PENN
80.91,80.97,80.84,80.9,58655,2021-05-17 19:59:00,PENN
80.85,80.85,80.85,80.85,107552,2021-05-17 20:00:00,PENN
80.85,80.85,80.85,80.85,618,2021-05-17 20:01:00,PENN
80.85,80.85,80.85,80.85,821,2021-05-17 20:02:00,PENN
80.87,80.87,80.87,80.87,100,2021-05-17 20:10:00,PENN
80.7664,80.7664,80.7664,80.7664,365,2021-05-17 20:16:00,PENN
80.99,80.99,80.99,80.99,100,2021-05-17 20:48:00,PENN
81.0,81.0,81.0,81.0,118,2021-05-17 20:50:00,PENN
81.02,81.02,81.0,81.0,500,2021-05-17 20:51:00,PENN
81.24,81.24,81.24,81.24,1000,2021-05-17 20:52:00,PENN
81.22,81.24,81.22,81.24,300,2021-05-17 20:55:00,PENN
81.01,81.01,81.01,81.01,300,2021-05-17 21:10:00,PENN
81.13,81.13,81.13,81.13,100,2021-05-17 21:14:00,PENN
81.01,81.24,81.01,81.24,1300,2021-05-17 21:20:00,PENN
81.26,81.26,81.26,81.26,200,2021-05-17 21:21:00,PENN
81.25,81.25,81.25,81.25,400,2021-05-17 21:22:00,PENN
81.25,81.25,81.25,81.25,3642,2021-05-17 21:28:00,PENN
80.88,80.88,80.88,80.88,100,2021-05-17 21:51:00,PENN
80.86,80.86,80.86,80.86,300,2021-05-17 21:55:00,PENN
80.8,80.8,80.8,80.8,1000,2021-05-17 22:57:00,PENN
80.8,80.8,80.8,80.8,1000,2021-05-17 23:02:00,PENN
80.8,80.8,80.8,80.8,350,2021-05-17 23:16:00,PENN
80.82,80.82,80.82,80.82,388,2021-05-17 23:41:00,PENN
80.82,80.82,80.8,80.8,400,2021-05-17 23:42:00,PENN
80.9,80.9,80.9,80.9,2000,2021-05-17 23:47:00,PENN
80.9,80.9,80.9,80.9,204,2021-05-17 23:59:00,PENN
81.99,81.99,81.98,81.98,286,2021-05-18 11:52:00,PENN
81.85,81.85,81.85,81.85,200,2021-05-18 12:12:00,PENN
81.8499,81.8499,81.8499,81.8499,500,2021-05-18 12:14:00,PENN
81.75,81.75,81.75,81.75,100,2021-05-18 12:22:00,PENN
81.75,81.75,81.75,81.75,200,2021-05-18 12:25:00,PENN
81.97,81.99,81.97,81.98,422,2021-05-18 12:39:00,PENN
81.51,81.51,81.51,81.51,1000,2021-05-18 12:41:00,PENN
81.51,81.51,81.47,81.47,682,2021-05-18 12:43:00,PENN
81.4,81.4,81.4,81.4,1000,2021-05-18 12:48:00,PENN
81.53,81.53,81.53,81.53,400,2021-05-18 12:50:00,PENN
81.49,81.5,81.4,81.4,690,2021-05-18 12:56:00,PENN
81.35,81.35,81.26,81.26,300,2021-05-18 12:57:00,PENN
81.25,81.25,81.25,81.25,1000,2021-05-18 12:58:00,PENN
81.25,81.25,81.25,81.25,175,2021-05-18 13:08:00,PENN
81.25,81.25,81.25,81.25,945,2021-05-18 13:09:00,PENN
81.16,81.16,81.16,81.16,500,2021-05-18 13:18:00,PENN
81.245,81.25,81.245,81.25,294,2021-05-18 13:23:00,PENN
81.05,81.05,81.0,81.0,853,2021-05-18 13:25:00,PENN
81.28,81.5081,81.15,81.25,35345,2021-05-18 13:30:00,PENN
81.2013,81.69,81.1325,81.62,10300,2021-05-18 13:31:00,PENN
81.65,81.65,80.73,80.73,12701,2021-05-18 13:32:00,PENN
80.7962,81.01,80.27,80.28,20326,2021-05-18 13:33:00,PENN
80.41,81.238,80.27,80.73,14288,2021-05-18 13:34:00,PENN
80.56,80.91,80.56,80.7,3046,2021-05-18 13:35:00,PENN
80.765,80.83,80.5721,80.69,3003,2021-05-18 13:36:00,PENN
80.51,80.93,80.37,80.895,9046,2021-05-18 13:37:00,PENN
80.809,81.73,80.809,81.71,17459,2021-05-18 13:38:00,PENN
81.66,82.07,81.6,81.945,11166,2021-05-18 13:39:00,PENN
81.95,82.2,81.77,81.98,26126,2021-05-18 13:40:00,PENN
81.96,82.1,81.88,81.96,8240,2021-05-18 13:41:00,PENN
81.8816,82.09,81.71,81.785,29874,2021-05-18 13:42:00,PENN
81.805,81.95,81.64,81.68,11225,2021-05-18 13:43:00,PENN
81.725,81.9,81.71,81.85,8852,2021-05-18 13:44:00,PENN
81.87,82.19,81.77,81.94,14480,2021-05-18 13:45:00,PENN
81.94,81.94,81.65,81.88,9951,2021-05-18 13:46:00,PENN
81.905,82.41,81.905,82.32,11516,2021-05-18 13:47:00,PENN
82.2,82.34,81.98,81.98,8413,2021-05-18 13:48:00,PENN
81.93,82.15,81.8539,81.96,7619,2021-05-18 13:49:00,PENN
81.995,82.06,81.8,81.83,6218,2021-05-18 13:50:00,PENN
81.82,81.9099,81.6584,81.72,7640,2021-05-18 13:51:00,PENN
81.83,82.06,81.8,81.87,14422,2021-05-18 13:52:00,PENN
81.82,82.038,81.74,81.85,11917,2021-05-18 13:53:00,PENN
81.95,81.95,81.7768,81.92,3510,2021-05-18 13:54:00,PENN
81.905,82.24,81.905,82.19,45380,2021-05-18 13:55:00,PENN
82.19,82.34,81.88,82.2515,15410,2021-05-18 13:56:00,PENN
82.35,82.57,82.35,82.4936,12678,2021-05-18 13:57:00,PENN
82.38,82.55,82.23,82.33,8928,2021-05-18 13:58:00,PENN
82.357,82.61,82.2326,82.25,9826,2021-05-18 13:59:00,PENN
82.32,82.6,82.15,82.565,12540,2021-05-18 14:00:00,PENN
82.6,82.61,82.33,82.3975,5507,2021-05-18 14:01:00,PENN
82.29,82.39,81.81,81.97,13533,2021-05-18 14:02:00,PENN
82.04,82.04,81.621,81.74,17972,2021-05-18 14:03:00,PENN
81.62,81.82,81.34,81.665,12318,2021-05-18 14:04:00,PENN
81.59,81.77,81.465,81.6,2069,2021-05-18 14:05:00,PENN
81.53,81.66,81.43,81.5,9838,2021-05-18 14:06:00,PENN
81.53,81.83,81.5,81.5,7740,2021-05-18 14:07:00,PENN
81.521,81.8119,81.521,81.56,4490,2021-05-18 14:08:00,PENN
81.6314,81.66,81.46,81.66,4765,2021-05-18 14:09:00,PENN
81.81,82.0,81.76,81.81,9771,2021-05-18 14:10:00,PENN
81.805,82.11,81.805,82.11,5347,2021-05-18 14:11:00,PENN
82.045,82.2,81.93,82.2,7890,2021-05-18 14:12:00,PENN
82.21,82.25,81.875,81.9088,14663,2021-05-18 14:13:00,PENN
81.92,82.08,81.92,81.9999,1820,2021-05-18 14:14:00,PENN
81.89,82.0,81.86,81.89,4875,2021-05-18 14:15:00,PENN
81.81,81.9719,81.775,81.91,4617,2021-05-18 14:16:00,PENN
81.96,82.0899,81.84,81.92,10846,2021-05-18 14:17:00,PENN
81.98,82.01,81.7091,81.7091,6770,2021-05-18 14:18:00,PENN
81.77,81.8,81.55,81.55,4401,2021-05-18 14:19:00,PENN
81.59,81.74,81.55,81.74,2643,2021-05-18 14:20:00,PENN
81.79,82.0,81.65,82.0,6689,2021-05-18 14:21:00,PENN
82.04,82.15,81.996,82.07,9460,2021-05-18 14:22:00,PENN
82.09,82.13,82.0,82.13,4072,2021-05-18 14:23:00,PENN
82.1399,82.345,82.1399,82.23,6025,2021-05-18 14:24:00,PENN
82.23,82.43,82.17,82.41,4032,2021-05-18 14:25:00,PENN
82.443,82.53,82.35,82.4099,9139,2021-05-18 14:26:00,PENN
82.41,82.57,82.37,82.54,5502,2021-05-18 14:27:00,PENN
82.5,82.68,82.4601,82.63,8016,2021-05-18 14:28:00,PENN
82.67,82.8,82.62,82.62,7079,2021-05-18 14:29:00,PENN
82.7035,82.8359,82.5301,82.82,5401,2021-05-18 14:30:00,PENN
82.785,82.7957,82.68,82.724,4657,2021-05-18 14:31:00,PENN
82.73,82.81,82.695,82.775,6046,2021-05-18 14:32:00,PENN
82.67,82.7,82.5,82.66,9720,2021-05-18 14:33:00,PENN
82.62,82.62,82.36,82.37,2384,2021-05-18 14:34:00,PENN
82.38,82.52,82.31,82.34,4970,2021-05-18 14:35:00,PENN
82.39,82.625,82.35,82.57,4855,2021-05-18 14:36:00,PENN
82.6,82.71,82.545,82.61,8086,2021-05-18 14:37:00,PENN
82.68,82.68,82.53,82.565,2732,2021-05-18 14:38:00,PENN
82.5494,82.62,82.4795,82.4795,2721,2021-05-18 14:39:00,PENN
82.42,82.55,82.42,82.5,2200,2021-05-18 14:40:00,PENN
82.5788,82.59,82.31,82.41,5154,2021-05-18 14:41:00,PENN
82.42,82.4408,82.13,82.16,5327,2021-05-18 14:42:00,PENN
82.14,82.2,81.76,81.8399,5817,2021-05-18 14:43:00,PENN
81.8,82.03,81.8,82.03,5604,2021-05-18 14:44:00,PENN
82.14,82.39,82.02,82.31,8074,2021-05-18 14:45:00,PENN
82.315,82.47,82.23,82.47,9436,2021-05-18 14:46:00,PENN
82.46,82.6783,82.4001,82.56,13889,2021-05-18 14:47:00,PENN
82.67,82.84,82.67,82.73,12045,2021-05-18 14:48:00,PENN
82.8,82.9599,82.73,82.9599,7936,2021-05-18 14:49:00,PENN
82.94,83.04,82.67,82.77,14335,2021-05-18 14:50:00,PENN
82.81,82.8999,82.7,82.7101,7903,2021-05-18 14:51:00,PENN
82.79,82.888,82.62,82.6748,7368,2021-05-18 14:52:00,PENN
82.71,82.815,82.36,82.6,15578,2021-05-18 14:53:00,PENN
82.52,82.576,82.04,82.095,14822,2021-05-18 14:54:00,PENN
82.095,82.33,82.095,82.26,18491,2021-05-18 14:55:00,PENN
82.2467,82.44,82.2001,82.32,8609,2021-05-18 14:56:00,PENN
82.38,82.42,82.25,82.25,6375,2021-05-18 14:57:00,PENN
82.26,82.39,82.22,82.39,4554,2021-05-18 14:58:00,PENN
82.39,82.53,82.35,82.52,7755,2021-05-18 14:59:00,PENN
82.5321,82.5321,81.96,82.04,12131,2021-05-18 15:00:00,PENN
82.0,82.1099,81.95,81.95,3495,2021-05-18 15:01:00,PENN
81.98,82.065,81.89,82.065,5041,2021-05-18 15:02:00,PENN
82.06,82.2408,82.06,82.145,4666,2021-05-18 15:03:00,PENN
82.1,82.1899,82.03,82.1598,15280,2021-05-18 15:04:00,PENN
82.06,82.2899,82.05,82.2398,6049,2021-05-18 15:05:00,PENN
82.29,82.3,82.02,82.02,7977,2021-05-18 15:06:00,PENN
82.06,82.11,82.06,82.09,2042,2021-05-18 15:07:00,PENN
82.06,82.255,81.99,82.2065,8289,2021-05-18 15:08:00,PENN
82.165,82.2471,82.1,82.2471,2200,2021-05-18 15:09:00,PENN
82.32,82.37,82.308,82.32,2551,2021-05-18 15:10:00,PENN
82.33,82.4053,82.32,82.35,2960,2021-05-18 15:11:00,PENN
82.32,82.38,82.29,82.296,11441,2021-05-18 15:12:00,PENN
82.29,82.48,82.27,82.4414,3783,2021-05-18 15:13:00,PENN
82.4468,82.59,82.4127,82.59,9692,2021-05-18 15:14:00,PENN
82.66,82.7,82.61,82.7,7524,2021-05-18 15:15:00,PENN
82.67,82.77,82.62,82.77,7288,2021-05-18 15:16:00,PENN
82.7,82.79,82.7,82.7461,3971,2021-05-18 15:17:00,PENN
82.72,82.84,82.69,82.82,3590,2021-05-18 15:18:00,PENN
82.835,82.835,82.75,82.75,2714,2021-05-18 15:19:00,PENN
82.75,82.855,82.745,82.83,3593,2021-05-18 15:20:00,PENN
82.82,83.31,82.82,83.298,91246,2021-05-18 15:21:00,PENN
83.33,83.33,82.75,82.8396,68111,2021-05-18 15:22:00,PENN
82.84,82.885,82.825,82.825,3569,2021-05-18 15:23:00,PENN
82.78,82.94,82.76,82.86,12035,2021-05-18 15:24:00,PENN
82.895,82.99,82.84,82.99,6224,2021-05-18 15:25:00,PENN
83.0,83.0,82.86,82.9399,4085,2021-05-18 15:26:00,PENN
82.87,82.91,82.78,82.81,4786,2021-05-18 15:27:00,PENN
82.805,82.84,82.75,82.809,6832,2021-05-18 15:28:00,PENN
82.8,82.81,82.72,82.75,8428,2021-05-18 15:29:00,PENN
82.74,82.7968,82.6354,82.65,6684,2021-05-18 15:30:00,PENN
82.62,82.65,82.461,82.461,6000,2021-05-18 15:31:00,PENN
82.51,82.53,82.11,82.11,28725,2021-05-18 15:32:00,PENN
82.11,82.14,82.0,82.0,14031,2021-05-18 15:33:00,PENN
82.0699,82.18,82.01,82.09,5120,2021-05-18 15:34:00,PENN
82.07,82.26,82.07,82.18,4770,2021-05-18 15:35:00,PENN
82.19,82.35,82.13,82.31,7808,2021-05-18 15:36:00,PENN
82.3,82.58,82.3,82.48,7530,2021-05-18 15:37:00,PENN
82.52,82.6,82.45,82.45,2655,2021-05-18 15:38:00,PENN
82.4,82.44,82.37,82.37,3783,2021-05-18 15:39:00,PENN
82.44,82.56,82.44,82.5403,7301,2021-05-18 15:40:00,PENN
82.54,82.54,82.33,82.33,3758,2021-05-18 15:41:00,PENN
82.255,82.31,82.18,82.2,2818,2021-05-18 15:42:00,PENN
82.1806,82.38,82.1806,82.3752,1442,2021-05-18 15:43:00,PENN
82.39,82.51,82.349,82.39,2881,2021-05-18 15:44:00,PENN
82.45,82.53,82.3,82.3,2500,2021-05-18 15:45:00,PENN
82.34,82.385,82.27,82.2801,1971,2021-05-18 15:46:00,PENN
82.325,82.33,82.2239,82.33,2181,2021-05-18 15:47:00,PENN
82.34,82.35,82.28,82.33,1584,2021-05-18 15:48:00,PENN
82.33,82.42,82.31,82.42,2812,2021-05-18 15:49:00,PENN
82.36,82.4512,82.3445,82.4512,2651,2021-05-18 15:50:00,PENN
82.4,82.4,82.16,82.21,2606,2021-05-18 15:51:00,PENN
82.18,82.18,82.02,82.06,3408,2021-05-18 15:52:00,PENN
82.06,82.06,81.97,81.97,3099,2021-05-18 15:53:00,PENN
81.97,81.9999,81.8,81.82,17405,2021-05-18 15:54:00,PENN
81.87,81.95,81.84,81.86,11249,2021-05-18 15:55:00,PENN
81.9,81.9506,81.87,81.9342,2282,2021-05-18 15:56:00,PENN
81.905,81.93,81.79,81.93,8848,2021-05-18 15:57:00,PENN
81.93,81.99,81.88,81.93,4808,2021-05-18 15:58:00,PENN
81.9,81.98,81.8637,81.97,2117,2021-05-18 15:59:00,PENN
81.975,82.0,81.9,81.98,4146,2021-05-18 16:00:00,PENN
82.0,82.02,81.95,81.98,2938,2021-05-18 16:01:00,PENN
82.0176,82.13,81.92,81.955,5943,2021-05-18 16:02:00,PENN
81.96,81.99,81.83,81.89,2916,2021-05-18 16:03:00,PENN
81.79,81.79,81.67,81.69,2526,2021-05-18 16:04:00,PENN
81.67,81.7499,81.55,81.55,16646,2021-05-18 16:05:00,PENN
81.54,81.54,81.31,81.415,10968,2021-05-18 16:06:00,PENN
81.36,81.48,81.3501,81.48,10038,2021-05-18 16:07:00,PENN
81.51,81.57,81.44,81.4417,8072,2021-05-18 16:08:00,PENN
81.46,81.53,81.41,81.53,3113,2021-05-18 16:09:00,PENN
81.52,81.6,81.49,81.6,2100,2021-05-18 16:10:00,PENN
81.6,81.64,81.47,81.47,3896,2021-05-18 16:11:00,PENN
81.47,81.5299,81.44,81.475,10383,2021-05-18 16:12:00,PENN
81.485,81.595,81.485,81.595,2900,2021-05-18 16:13:00,PENN
81.6,81.6305,81.56,81.59,2358,2021-05-18 16:14:00,PENN
81.52,81.525,81.444,81.444,4331,2021-05-18 16:15:00,PENN
81.44,81.46,81.36,81.3912,2894,2021-05-18 16:16:00,PENN
81.42,81.5388,81.415,81.43,2800,2021-05-18 16:17:00,PENN
81.49,81.53,81.3,81.32,2930,2021-05-18 16:18:00,PENN
81.3,81.3,81.19,81.21,11273,2021-05-18 16:19:00,PENN
81.25,81.345,81.24,81.24,1100,2021-05-18 16:20:00,PENN
81.23,81.245,81.05,81.12,6841,2021-05-18 16:21:00,PENN
81.07,81.33,81.06,81.32,16600,2021-05-18 16:22:00,PENN
81.36,81.36,81.15,81.15,16155,2021-05-18 16:23:00,PENN
81.24,81.5486,81.24,81.5486,5617,2021-05-18 16:24:00,PENN
81.59,81.65,81.52,81.63,6556,2021-05-18 16:25:00,PENN
81.6,81.73,81.52,81.73,13030,2021-05-18 16:26:00,PENN
81.6901,81.74,81.67,81.7319,3523,2021-05-18 16:27:00,PENN
81.8,81.8,81.605,81.75,5500,2021-05-18 16:28:00,PENN
81.64,81.64,81.54,81.5779,1518,2021-05-18 16:29:00,PENN
81.56,81.59,81.5374,81.58,1689,2021-05-18 16:30:00,PENN
81.58,81.5804,81.5,81.5199,1723,2021-05-18 16:31:00,PENN
81.51,81.63,81.51,81.6143,3254,2021-05-18 16:32:00,PENN
81.63,81.7,81.63,81.7,2750,2021-05-18 16:33:00,PENN
81.6937,81.6937,81.58,81.605,3133,2021-05-18 16:34:00,PENN
81.64,81.695,81.5,81.51,2500,2021-05-18 16:35:00,PENN
81.51,81.63,81.51,81.62,3156,2021-05-18 16:36:00,PENN
81.59,81.635,81.59,81.615,2310,2021-05-18 16:37:00,PENN
81.6257,81.74,81.57,81.67,3300,2021-05-18 16:38:00,PENN
81.6601,81.71,81.6601,81.71,1300,2021-05-18 16:39:00,PENN
81.711,81.77,81.695,81.74,2000,2021-05-18 16:40:00,PENN
81.74,81.75,81.71,81.71,403,2021-05-18 16:41:00,PENN
81.72,81.72,81.62,81.66,1885,2021-05-18 16:42:00,PENN
81.59,81.59,81.55,81.55,1700,2021-05-18 16:43:00,PENN
81.52,81.575,81.46,81.51,2766,2021-05-18 16:44:00,PENN
81.495,81.5,81.45,81.5,1450,2021-05-18 16:45:00,PENN
81.56,81.5625,81.51,81.52,1765,2021-05-18 16:46:00,PENN
81.57,81.574,81.53,81.56,1750,2021-05-18 16:47:00,PENN
81.56,81.56,81.48,81.48,1809,2021-05-18 16:48:00,PENN
81.5199,81.57,81.37,81.4,6388,2021-05-18 16:49:00,PENN
81.44,81.5,81.424,81.424,923,2021-05-18 16:50:00,PENN
81.48,81.48,81.4,81.4,5282,2021-05-18 16:51:00,PENN
81.405,81.43,81.36,81.37,2471,2021-05-18 16:52:00,PENN
81.39,81.45,81.3069,81.45,4183,2021-05-18 16:53:00,PENN
81.3967,81.3967,81.3512,81.3512,2023,2021-05-18 16:54:00,PENN
81.33,81.41,81.33,81.36,2600,2021-05-18 16:55:00,PENN
81.395,81.4,81.31,81.3325,4266,2021-05-18 16:56:00,PENN
81.32,81.54,81.31,81.5,6950,2021-05-18 16:57:00,PENN
81.54,81.59,81.315,81.34,7400,2021-05-18 16:58:00,PENN
81.31,81.31,81.25,81.275,4100,2021-05-18 16:59:00,PENN
81.24,81.33,81.2,81.33,6484,2021-05-18 17:00:00,PENN
81.35,81.375,81.24,81.3,1550,2021-05-18 17:01:00,PENN
81.24,81.28,81.18,81.22,5329,2021-05-18 17:02:00,PENN
81.2483,81.275,81.242,81.26,1893,2021-05-18 17:03:00,PENN
81.245,81.29,81.19,81.19,1478,2021-05-18 17:04:00,PENN
81.24,81.27,81.13,81.18,2758,2021-05-18 17:05:00,PENN
81.26,81.31,81.2201,81.25,743,2021-05-18 17:06:00,PENN
81.25,81.29,81.2,81.24,3497,2021-05-18 17:07:00,PENN
81.23,81.39,81.23,81.3394,3259,2021-05-18 17:08:00,PENN
81.3605,81.44,81.314,81.44,3597,2021-05-18 17:09:00,PENN
81.39,81.47,81.39,81.47,1247,2021-05-18 17:10:00,PENN
81.5,81.5703,81.5,81.52,3787,2021-05-18 17:11:00,PENN
81.56,81.59,81.52,81.59,1878,2021-05-18 17:12:00,PENN
81.65,81.66,81.6345,81.6345,1650,2021-05-18 17:13:00,PENN
81.66,81.73,81.6,81.6,4400,2021-05-18 17:14:00,PENN
81.6,81.7189,81.6,81.7167,2300,2021-05-18 17:15:00,PENN
81.6766,81.7062,81.63,81.69,1820,2021-05-18 17:16:00,PENN
81.69,81.69,81.58,81.58,1025,2021-05-18 17:17:00,PENN
81.57,81.57,81.51,81.57,1800,2021-05-18 17:18:00,PENN
81.58,81.5855,81.48,81.555,3352,2021-05-18 17:19:00,PENN
81.555,81.555,81.5,81.5096,662,2021-05-18 17:20:00,PENN
81.535,81.65,81.51,81.61,3231,2021-05-18 17:21:00,PENN
81.525,81.64,81.525,81.64,976,2021-05-18 17:22:00,PENN
81.65,81.68,81.64,81.64,1349,2021-05-18 17:23:00,PENN
81.6394,81.68,81.6,81.6,2800,2021-05-18 17:24:00,PENN
81.53,81.67,81.51,81.6041,5855,2021-05-18 17:25:00,PENN
81.62,81.68,81.62,81.6346,825,2021-05-18 17:26:00,PENN
81.71,81.9172,81.71,81.89,3427,2021-05-18 17:27:00,PENN
81.9,81.9,81.7901,81.855,8572,2021-05-18 17:28:00,PENN
81.85,81.94,81.85,81.8701,4430,2021-05-18 17:29:00,PENN
81.9,82.129,81.9,82.09,8907,2021-05-18 17:30:00,PENN
82.05,82.07,81.86,81.86,4734,2021-05-18 17:31:00,PENN
81.905,82.06,81.905,82.005,7116,2021-05-18 17:32:00,PENN
82.03,82.19,82.0087,82.13,11669,2021-05-18 17:33:00,PENN
82.115,82.115,81.96,81.97,3165,2021-05-18 17:34:00,PENN
81.97,82.03,81.94,81.94,8628,2021-05-18 17:35:00,PENN
81.8784,81.93,81.71,81.71,4100,2021-05-18 17:36:00,PENN
81.75,81.76,81.65,81.73,4477,2021-05-18 17:37:00,PENN
81.65,81.73,81.65,81.6885,700,2021-05-18 17:38:00,PENN
81.66,81.78,81.6101,81.78,2308,2021-05-18 17:39:00,PENN
81.77,81.82,81.68,81.71,2100,2021-05-18 17:40:00,PENN
81.6801,81.72,81.6101,81.71,2000,2021-05-18 17:41:00,PENN
81.7101,81.91,81.7101,81.785,4943,2021-05-18 17:42:00,PENN
81.75,81.77,81.42,81.48,6421,2021-05-18 17:43:00,PENN
81.52,81.555,81.4683,81.555,3250,2021-05-18 17:44:00,PENN
81.57,81.66,81.5,81.54,2921,2021-05-18 17:45:00,PENN
81.54,81.58,81.54,81.58,700,2021-05-18 17:46:00,PENN
81.59,81.64,81.5872,81.64,5046,2021-05-18 17:47:00,PENN
81.59,81.6,81.42,81.42,7065,2021-05-18 17:48:00,PENN
81.41,81.41,81.15,81.305,24940,2021-05-18 17:49:00,PENN
81.35,81.41,81.34,81.39,3080,2021-05-18 17:50:00,PENN
81.39,81.4,81.34,81.34,1200,2021-05-18 17:51:00,PENN
81.34,81.35,81.27,81.335,3063,2021-05-18 17:52:00,PENN
81.36,81.47,81.355,81.4,3035,2021-05-18 17:53:00,PENN
81.4199,81.4199,81.35,81.38,2000,2021-05-18 17:54:00,PENN
81.38,81.42,81.31,81.32,3092,2021-05-18 17:55:00,PENN
81.31,81.33,81.25,81.33,2934,2021-05-18 17:56:00,PENN
81.3,81.38,81.3,81.3618,1500,2021-05-18 17:57:00,PENN
81.37,81.37,81.25,81.25,2017,2021-05-18 17:58:00,PENN
81.275,81.2837,81.1961,81.2,8272,2021-05-18 17:59:00,PENN
81.25,81.285,81.13,81.13,3047,2021-05-18 18:00:00,PENN
81.09,81.15,81.09,81.11,2907,2021-05-18 18:01:00,PENN
81.08,81.19,80.99,81.01,14064,2021-05-18 18:02:00,PENN
81.09,81.09,80.82,80.8625,9064,2021-05-18 18:03:00,PENN
80.9,80.9,80.77,80.8477,10807,2021-05-18 18:04:00,PENN
80.8,81.0802,80.8,81.04,1942,2021-05-18 18:05:00,PENN
81.0889,81.14,81.03,81.04,8426,2021-05-18 18:06:00,PENN
81.08,81.22,81.06,81.165,3173,2021-05-18 18:07:00,PENN
81.165,81.175,80.97,81.02,4090,2021-05-18 18:08:00,PENN
80.995,81.05,80.89,80.89,2618,2021-05-18 18:09:00,PENN
80.93,81.09,80.93,81.02,2800,2021-05-18 18:10:00,PENN
81.055,81.095,81.015,81.095,3970,2021-05-18 18:11:00,PENN
81.13,81.14,81.05,81.08,2400,2021-05-18 18:12:00,PENN
81.1,81.14,81.1,81.11,1200,2021-05-18 18:13:00,PENN
81.07,81.12,81.0,81.05,3856,2021-05-18 18:14:00,PENN
81.05,81.05,80.95,81.0,1700,2021-05-18 18:15:00,PENN
81.05,81.1721,81.05,81.12,3200,2021-05-18 18:16:00,PENN
81.105,81.12,81.0,81.0,3340,2021-05-18 18:17:00,PENN
81.0,81.04,80.89,80.89,4297,2021-05-18 18:18:00,PENN
80.88,80.88,80.75,80.75,3661,2021-05-18 18:19:00,PENN
80.72,80.8427,80.7101,80.7101,6150,2021-05-18 18:20:00,PENN
80.7,80.7,80.58,80.665,6537,2021-05-18 18:21:00,PENN
80.7,80.7,80.57,80.59,3920,2021-05-18 18:22:00,PENN
80.64,80.665,80.55,80.56,1000,2021-05-18 18:23:00,PENN
80.51,80.67,80.47,80.534,4788,2021-05-18 18:24:00,PENN
80.47,80.6,80.46,80.51,2032,2021-05-18 18:25:00,PENN
80.55,80.67,80.49,80.6578,4039,2021-05-18 18:26:00,PENN
80.6,80.64,80.5601,80.64,4878,2021-05-18 18:27:00,PENN
80.6699,80.67,80.6,80.622,4625,2021-05-18 18:28:00,PENN
80.58,80.58,80.4682,80.56,4475,2021-05-18 18:29:00,PENN
80.58,80.68,80.58,80.67,4095,2021-05-18 18:30:00,PENN
80.59,80.68,80.57,80.65,4194,2021-05-18 18:31:00,PENN
80.6201,80.73,80.57,80.6,5187,2021-05-18 18:32:00,PENN
80.57,80.57,80.35,80.37,3547,2021-05-18 18:33:00,PENN
80.38,80.44,80.12,80.26,8898,2021-05-18 18:34:00,PENN
80.23,80.38,80.23,80.28,6035,2021-05-18 18:35:00,PENN
80.25,80.2903,80.06,80.12,12400,2021-05-18 18:36:00,PENN
80.13,80.13,80.05,80.06,2861,2021-05-18 18:37:00,PENN
80.07,80.19,80.05,80.12,6722,2021-05-18 18:38:00,PENN
80.09,80.09,79.91,79.91,9556,2021-05-18 18:39:00,PENN
79.93,80.02,79.8621,80.005,14754,2021-05-18 18:40:00,PENN
80.0414,80.048,79.83,79.83,4901,2021-05-18 18:41:00,PENN
79.81,79.9,79.7,79.74,8795,2021-05-18 18:42:00,PENN
79.7,79.81,79.65,79.7001,10047,2021-05-18 18:43:00,PENN
79.745,79.9399,79.69,79.84,8113,2021-05-18 18:44:00,PENN
79.83,79.8792,79.68,79.82,9400,2021-05-18 18:45:00,PENN
79.78,79.96,79.7001,79.96,8817,2021-05-18 18:46:00,PENN
79.915,79.915,79.73,79.8259,6955,2021-05-18 18:47:00,PENN
79.86,80.0,79.86,79.9601,4637,2021-05-18 18:48:00,PENN
79.9601,79.99,79.8,79.97,13712,2021-05-18 18:49:00,PENN
79.99,80.11,79.89,80.089,7545,2021-05-18 18:50:00,PENN
80.01,80.11,80.0,80.11,8900,2021-05-18 18:51:00,PENN
80.05,80.08,79.92,80.01,4013,2021-05-18 18:52:00,PENN
80.055,80.1458,80.055,80.14,6974,2021-05-18 18:53:00,PENN
80.11,80.25,80.11,80.1814,5963,2021-05-18 18:54:00,PENN
80.15,80.2,80.01,80.19,6836,2021-05-18 18:55:00,PENN
80.21,80.37,80.21,80.31,3225,2021-05-18 18:56:00,PENN
80.27,80.31,80.26,80.31,400,2021-05-18 18:57:00,PENN
80.32,80.35,80.18,80.2,3475,2021-05-18 18:58:00,PENN
80.2,80.3,80.1474,80.3,2500,2021-05-18 18:59:00,PENN
80.25,80.34,80.215,80.34,2311,2021-05-18 19:00:00,PENN
80.33,80.36,80.24,80.31,4460,2021-05-18 19:01:00,PENN
80.2949,80.37,80.22,80.35,1608,2021-05-18 19:02:00,PENN
80.36,80.5,80.35,80.47,5135,2021-05-18 19:03:00,PENN
80.4741,80.49,80.36,80.47,3178,2021-05-18 19:04:00,PENN
80.485,80.485,80.36,80.36,2169,2021-05-18 19:05:00,PENN
80.3918,80.52,80.3918,80.5,4182,2021-05-18 19:06:00,PENN
80.46,80.47,80.4,80.42,1093,2021-05-18 19:07:00,PENN
80.44,80.5,80.3935,80.3935,600,2021-05-18 19:08:00,PENN
80.4729,80.49,80.43,80.49,1988,2021-05-18 19:09:00,PENN
80.5,80.57,80.4,80.42,5667,2021-05-18 19:10:00,PENN
80.405,80.5,80.405,80.45,7097,2021-05-18 19:11:00,PENN
80.49,80.58,80.49,80.53,3186,2021-05-18 19:12:00,PENN
80.57,80.57,80.43,80.43,3512,2021-05-18 19:13:00,PENN
80.41,80.41,80.25,80.31,5798,2021-05-18 19:14:00,PENN
80.34,80.39,80.28,80.32,2464,2021-05-18 19:15:00,PENN
80.36,80.41,80.36,80.3941,1500,2021-05-18 19:16:00,PENN
80.46,80.46,80.365,80.41,2913,2021-05-18 19:17:00,PENN
80.4599,80.48,80.43,80.48,3271,2021-05-18 19:18:00,PENN
80.44,80.45,80.43,80.45,1495,2021-05-18 19:19:00,PENN
80.54,80.54,80.42,80.5371,2970,2021-05-18 19:20:00,PENN
80.505,80.51,80.4101,80.4101,4050,2021-05-18 19:21:00,PENN
80.46,80.5,80.4417,80.47,1050,2021-05-18 19:22:00,PENN
80.5,80.57,80.5,80.52,3300,2021-05-18 19:23:00,PENN
80.58,80.68,80.58,80.68,4984,2021-05-18 19:24:00,PENN
80.7,80.7,80.65,80.67,1979,2021-05-18 19:25:00,PENN
80.68,80.68,80.58,80.6183,2616,2021-05-18 19:26:00,PENN
80.61,80.68,80.53,80.535,3965,2021-05-18 19:27:00,PENN
80.52,80.59,80.45,80.59,7005,2021-05-18 19:28:00,PENN
80.59,80.63,80.54,80.545,3950,2021-05-18 19:29:00,PENN
80.57,80.62,80.48,80.55,3997,2021-05-18 19:30:00,PENN
80.58,80.71,80.58,80.62,6033,2021-05-18 19:31:00,PENN
80.59,80.7,80.57,80.62,3800,2021-05-18 19:32:00,PENN
80.61,80.68,80.57,80.68,4624,2021-05-18 19:33:00,PENN
80.6681,80.77,80.66,80.75,10571,2021-05-18 19:34:00,PENN
80.765,80.829,80.72,80.72,4800,2021-05-18 19:35:00,PENN
80.74,80.82,80.7,80.76,4815,2021-05-18 19:36:00,PENN
80.77,80.81,80.62,80.62,8694,2021-05-18 19:37:00,PENN
80.6,80.66,80.54,80.66,17671,2021-05-18 19:38:00,PENN
80.67,80.72,80.6,80.64,6239,2021-05-18 19:39:00,PENN
80.68,80.83,80.6586,80.81,10620,2021-05-18 19:40:00,PENN
80.8,80.81,80.7315,80.77,7688,2021-05-18 19:41:00,PENN
80.8,80.8,80.73,80.735,4399,2021-05-18 19:42:00,PENN
80.7301,80.82,80.7301,80.76,8433,2021-05-18 19:43:00,PENN
80.76,80.8,80.6901,80.8,4557,2021-05-18 19:44:00,PENN
80.82,80.8837,80.75,80.75,12859,2021-05-18 19:45:00,PENN
80.7,80.71,80.56,80.67,5168,2021-05-18 19:46:00,PENN
80.68,80.68,80.49,80.54,11517,2021-05-18 19:47:00,PENN
80.51,80.51,80.4,80.46,12658,2021-05-18 19:48:00,PENN
80.44,80.51,80.36,80.47,9120,2021-05-18 19:49:00,PENN
80.4,80.4,80.29,80.36,16479,2021-05-18 19:50:00,PENN
80.355,80.44,80.27,80.43,7757,2021-05-18 19:51:00,PENN
80.39,80.47,80.3759,80.47,16819,2021-05-18 19:52:00,PENN
80.42,80.46,80.23,80.45,18474,2021-05-18 19:53:00,PENN
80.45,80.45,80.19,80.23,24932,2021-05-18 19:54:00,PENN
80.2,80.29,80.16,80.2,23661,2021-05-18 19:55:00,PENN
80.2,80.25,80.1,80.225,31008,2021-05-18 19:56:00,PENN
80.23,80.3,80.19,80.225,39994,2021-05-18 19:57:00,PENN
80.24,80.265,80.19,80.22,38131,2021-05-18 19:58:00,PENN
80.22,80.22,79.95,80.025,61652,2021-05-18 19:59:00,PENN
79.99,79.99,79.99,79.99,90335,2021-05-18 20:00:00,PENN
79.99,79.99,79.99,79.99,765,2021-05-18 20:01:00,PENN
79.26,79.28,79.26,79.28,241,2021-05-18 20:04:00,PENN
80.5,80.5,80.5,80.5,200,2021-05-18 20:05:00,PENN
79.99,79.99,79.99,79.99,219,2021-05-18 20:11:00,PENN
79.3,79.3,79.3,79.3,420,2021-05-18 20:21:00,PENN
80.0,80.0,80.0,80.0,200,2021-05-18 20:27:00,PENN
79.94,80.51,79.94,80.51,2092,2021-05-18 20:28:00,PENN
80.02,80.02,80.0,80.0,300,2021-05-18 20:29:00,PENN
80.0,80.0,80.0,80.0,130,2021-05-18 20:31:00,PENN
80.22,80.22,80.21,80.21,600,2021-05-18 20:32:00,PENN
80.03,80.03,80.0,80.0,793,2021-05-18 20:36:00,PENN
80.19,80.19,80.19,80.19,662,2021-05-18 20:45:00,PENN
80.0,80.0,80.0,80.0,100,2021-05-18 20:51:00,PENN
79.99,79.99,79.99,79.99,100,2021-05-18 20:54:00,PENN
79.52,79.52,79.52,79.52,200,2021-05-18 20:56:00,PENN
79.989,79.989,79.989,79.989,147,2021-05-18 21:02:00,PENN
79.96,79.98,79.96,79.98,414,2021-05-18 21:07:00,PENN
79.7,79.7,79.7,79.7,500,2021-05-18 21:31:00,PENN
79.7676,79.7676,79.7676,79.7676,800,2021-05-18 21:45:00,PENN
79.75,79.75,79.75,79.75,3000,2021-05-18 21:59:00,PENN
79.8,79.8,79.74,79.75,2300,2021-05-18 22:34:00,PENN
79.75,79.75,79.75,79.75,800,2021-05-18 22:36:00,PENN
79.71,79.71,79.7,79.7,281,2021-05-18 22:50:00,PENN
79.52,79.52,79.46,79.46,947,2021-05-18 22:59:00,PENN
79.54,79.55,79.54,79.55,400,2021-05-18 23:25:00,PENN
79.6,79.6,79.59,79.59,200,2021-05-18 23:35:00,PENN
79.6,79.6,79.6,79.6,300,2021-05-18 23:50:00,PENN
79.6,79.6,79.6,79.6,500,2021-05-18 23:51:00,PENN
79.55,79.55,79.54,79.54,200,2021-05-18 23:54:00,PENN
79.55,79.55,79.55,79.55,214,2021-05-18 23:55:00,PENN
79.46,79.46,79.46,79.46,289,2021-05-18 23:59:00,PENN
79.4,79.45,79.4,79.45,1722,2021-05-19 11:00:00,PENN
79.0,79.0,79.0,79.0,300,2021-05-19 11:13:00,PENN
79.0,79.0,79.0,79.0,116,2021-05-19 11:15:00,PENN
78.4,78.4,78.39,78.39,340,2021-05-19 11:23:00,PENN
78.41,78.41,78.39,78.39,497,2021-05-19 11:26:00,PENN
78.41,78.41,78.41,78.41,100,2021-05-19 11:33:00,PENN
78.4,78.4,78.38,78.39,2918,2021-05-19 11:35:00,PENN
78.11,78.11,78.11,78.11,100,2021-05-19 11:38:00,PENN
78.1,78.1,78.1,78.1,124,2021-05-19 11:39:00,PENN
78.02,78.02,78.02,78.02,100,2021-05-19 11:40:00,PENN
77.9,77.9,77.9,77.9,200,2021-05-19 11:49:00,PENN
77.77,77.77,77.63,77.63,325,2021-05-19 11:56:00,PENN
77.5,77.5,77.5,77.5,100,2021-05-19 11:57:00,PENN
76.75,76.75,76.75,76.75,250,2021-05-19 11:59:00,PENN
76.8,77.3,76.8,77.11,828,2021-05-19 12:00:00,PENN
77.0,77.3,77.0,77.3,600,2021-05-19 12:01:00,PENN
76.91,77.58,76.91,77.58,3316,2021-05-19 12:02:00,PENN
77.58,77.58,77.58,77.58,150,2021-05-19 12:03:00,PENN
77.58,77.58,77.58,77.58,4561,2021-05-19 12:04:00,PENN
77.8,77.8,77.8,77.8,200,2021-05-19 12:07:00,PENN
77.75,77.75,77.75,77.75,177,2021-05-19 12:08:00,PENN
77.8,78.0,77.8,78.0,443,2021-05-19 12:09:00,PENN
77.9999,77.9999,77.9999,77.9999,150,2021-05-19 12:11:00,PENN
77.95,77.95,77.95,77.95,600,2021-05-19 12:14:00,PENN
77.0,77.05,77.0,77.05,205,2021-05-19 12:17:00,PENN
77.01,77.01,77.01,77.01,100,2021-05-19 12:21:00,PENN
77.3,77.3,77.3,77.3,265,2021-05-19 12:22:00,PENN
77.35,77.35,77.35,77.35,100,2021-05-19 12:35:00,PENN
77.6,77.6,77.6,77.6,100,2021-05-19 12:38:00,PENN
77.25,77.25,77.25,77.25,500,2021-05-19 12:41:00,PENN
77.4,77.4,77.4,77.4,200,2021-05-19 12:42:00,PENN
77.11,77.11,77.11,77.11,250,2021-05-19 12:48:00,PENN
77.26,77.6,77.26,77.6,328,2021-05-19 12:50:00,PENN
77.26,77.26,77.26,77.26,100,2021-05-19 12:51:00,PENN
77.26,77.26,77.26,77.26,218,2021-05-19 12:55:00,PENN
77.38,77.38,77.38,77.38,456,2021-05-19 12:56:00,PENN
77.58,77.58,77.58,77.58,125,2021-05-19 12:58:00,PENN
77.25,77.25,77.25,77.25,100,2021-05-19 13:00:00,PENN
77.27,77.27,77.27,77.27,100,2021-05-19 13:03:00,PENN
77.25,77.25,77.25,77.25,711,2021-05-19 13:04:00,PENN
77.26,77.26,77.26,77.26,123,2021-05-19 13:09:00,PENN
77.38,77.38,77.38,77.38,120,2021-05-19 13:10:00,PENN
77.25,77.25,77.25,77.25,220,2021-05-19 13:12:00,PENN
77.25,77.25,77.25,77.25,932,2021-05-19 13:13:00,PENN
77.4,77.4,77.4,77.4,200,2021-05-19 13:15:00,PENN
77.27,77.27,77.27,77.27,125,2021-05-19 13:17:00,PENN
77.58,77.58,77.58,77.58,800,2021-05-19 13:20:00,PENN
77.6,77.6,77.6,77.6,434,2021-05-19 13:21:00,PENN
77.57,77.57,77.57,77.57,500,2021-05-19 13:24:00,PENN
77.57,77.57,77.57,77.57,375,2021-05-19 13:25:00,PENN
77.26,77.68,77.25,77.37,3478,2021-05-19 13:28:00,PENN
77.6288,77.825,76.83,77.7,70621,2021-05-19 13:30:00,PENN
77.7066,77.825,77.18,77.29,50949,2021-05-19 13:31:00,PENN
77.26,77.9,76.63,77.655,52626,2021-05-19 13:32:00,PENN
77.48,78.3,77.19,78.15,16667,2021-05-19 13:33:00,PENN
78.17,78.78,77.8,78.7799,18500,2021-05-19 13:34:00,PENN
78.624,78.624,78.12,78.315,7663,2021-05-19 13:35:00,PENN
78.42,78.64,78.03,78.1217,12351,2021-05-19 13:36:00,PENN
78.0201,78.14,77.81,77.895,14788,2021-05-19 13:37:00,PENN
77.81,78.37,77.57,78.3349,19836,2021-05-19 13:38:00,PENN
78.12,78.265,77.9,77.9,3351,2021-05-19 13:39:00,PENN
77.98,78.07,77.59,77.59,2100,2021-05-19 13:40:00,PENN
77.58,77.58,77.01,77.235,13679,2021-05-19 13:41:00,PENN
77.17,77.49,77.1,77.26,21388,2021-05-19 13:42:00,PENN
77.35,77.87,77.28,77.72,16539,2021-05-19 13:43:00,PENN
77.6,77.755,77.5,77.6783,5100,2021-05-19 13:44:00,PENN
77.635,77.96,77.63,77.66,9037,2021-05-19 13:45:00,PENN
77.66,77.71,77.07,77.095,5925,2021-05-19 13:46:00,PENN
77.13,77.18,76.8,77.015,40904,2021-05-19 13:47:00,PENN
76.9943,77.54,76.86,77.2636,17233,2021-05-19 13:48:00,PENN
77.37,77.54,77.14,77.3184,6994,2021-05-19 13:49:00,PENN
77.42,77.7299,77.355,77.67,6619,2021-05-19 13:50:00,PENN
77.76,77.87,77.35,77.6575,13918,2021-05-19 13:51:00,PENN
77.69,77.69,77.07,77.15,11553,2021-05-19 13:52:00,PENN
77.14,77.2046,76.76,76.84,14072,2021-05-19 13:53:00,PENN
76.94,77.29,76.915,77.11,11011,2021-05-19 13:54:00,PENN
77.11,77.11,76.68,76.76,12296,2021-05-19 13:55:00,PENN
76.72,77.29,76.69,77.29,14691,2021-05-19 13:56:00,PENN
77.25,77.44,77.25,77.3,12736,2021-05-19 13:57:00,PENN
77.36,77.399,77.04,77.165,10474,2021-05-19 13:58:00,PENN
77.1,77.17,76.95,77.14,4880,2021-05-19 13:59:00,PENN
77.06,77.48,77.06,77.23,3968,2021-05-19 14:00:00,PENN
77.335,77.335,76.82,76.83,9216,2021-05-19 14:01:00,PENN
76.82,76.9437,76.58,76.6,28800,2021-05-19 14:02:00,PENN
76.51,76.65,76.43,76.5997,14492,2021-05-19 14:03:00,PENN
76.4501,76.7,76.42,76.42,10568,2021-05-19 14:04:00,PENN
76.36,76.65,76.34,76.445,8158,2021-05-19 14:05:00,PENN
76.41,76.8333,76.34,76.69,13888,2021-05-19 14:06:00,PENN
76.6001,76.84,76.6001,76.81,7326,2021-05-19 14:07:00,PENN
76.81,76.81,76.65,76.68,2400,2021-05-19 14:08:00,PENN
76.67,77.15,76.62,77.04,21638,2021-05-19 14:09:00,PENN
76.8911,76.97,76.7012,76.86,4165,2021-05-19 14:10:00,PENN
76.85,77.09,76.83,76.93,8551,2021-05-19 14:11:00,PENN
76.91,76.97,76.6,76.97,14090,2021-05-19 14:12:00,PENN
77.03,77.43,77.03,77.395,18069,2021-05-19 14:13:00,PENN
77.42,77.6,77.31,77.43,11474,2021-05-19 14:14:00,PENN
77.34,77.44,77.02,77.12,7462,2021-05-19 14:15:00,PENN
77.09,77.4489,77.07,77.368,12127,2021-05-19 14:16:00,PENN
77.3,77.5,77.28,77.335,4306,2021-05-19 14:17:00,PENN
77.33,77.57,77.33,77.52,12414,2021-05-19 14:18:00,PENN
77.57,77.9,77.54,77.9,9533,2021-05-19 14:19:00,PENN
77.845,77.9,77.64,77.7375,8696,2021-05-19 14:20:00,PENN
77.71,77.7286,77.53,77.64,5621,2021-05-19 14:21:00,PENN
77.61,77.9,77.5,77.9,10465,2021-05-19 14:22:00,PENN
77.83,77.94,77.75,77.94,6266,2021-05-19 14:23:00,PENN
77.853,77.853,77.6,77.6,4747,2021-05-19 14:24:00,PENN
77.56,77.9999,77.56,77.945,11286,2021-05-19 14:25:00,PENN
77.99,78.32,77.945,78.32,28536,2021-05-19 14:26:00,PENN
78.23,78.55,78.23,78.415,21319,2021-05-19 14:27:00,PENN
78.393,78.7,78.3355,78.53,9797,2021-05-19 14:28:00,PENN
78.535,78.65,78.35,78.38,5261,2021-05-19 14:29:00,PENN
78.38,78.48,78.25,78.335,17408,2021-05-19 14:30:00,PENN
78.32,78.375,78.17,78.335,20606,2021-05-19 14:31:00,PENN
78.341,78.341,78.2,78.2,6690,2021-05-19 14:32:00,PENN
78.15,78.2,78.0,78.045,18551,2021-05-19 14:33:00,PENN
78.045,78.26,77.99,78.1,10515,2021-05-19 14:34:00,PENN
78.01,78.13,77.77,77.77,5025,2021-05-19 14:35:00,PENN
77.9,78.13,77.74,77.78,9989,2021-05-19 14:36:00,PENN
77.8,77.8,77.61,77.8,5044,2021-05-19 14:37:00,PENN
77.81,77.81,77.46,77.58,4848,2021-05-19 14:38:00,PENN
77.52,77.6,77.36,77.48,5858,2021-05-19 14:39:00,PENN
77.36,77.62,77.32,77.51,7083,2021-05-19 14:40:00,PENN
77.525,77.64,77.41,77.5,3612,2021-05-19 14:41:00,PENN
77.49,77.67,77.485,77.62,4286,2021-05-19 14:42:00,PENN
77.68,78.01,77.57,77.925,8630,2021-05-19 14:43:00,PENN
77.9,78.3,77.9,78.24,5295,2021-05-19 14:44:00,PENN
78.3,78.4783,78.27,78.4783,4654,2021-05-19 14:45:00,PENN
78.46,78.46,78.15,78.16,3475,2021-05-19 14:46:00,PENN
78.16,78.22,78.0,78.0,6464,2021-05-19 14:47:00,PENN
78.09,78.35,78.045,78.08,4361,2021-05-19 14:48:00,PENN
78.0897,78.2,78.07,78.135,5400,2021-05-19 14:49:00,PENN
78.12,78.49,78.055,78.41,7899,2021-05-19 14:50:00,PENN
78.42,78.59,78.38,78.59,9058,2021-05-19 14:51:00,PENN
78.62,78.64,78.3514,78.3514,6529,2021-05-19 14:52:00,PENN
78.43,78.49,78.15,78.15,8455,2021-05-19 14:53:00,PENN
78.2603,78.51,78.22,78.48,10144,2021-05-19 14:54:00,PENN
78.4852,78.4852,78.18,78.21,7054,2021-05-19 14:55:00,PENN
78.255,78.42,78.17,78.2,12882,2021-05-19 14:56:00,PENN
78.215,78.29,78.0843,78.255,3443,2021-05-19 14:57:00,PENN
78.31,78.35,78.17,78.25,1400,2021-05-19 14:58:00,PENN
78.26,78.38,78.25,78.3,4630,2021-05-19 14:59:00,PENN
78.3,78.3,78.035,78.16,3157,2021-05-19 15:00:00,PENN
78.16,78.16,77.865,77.98,5683,2021-05-19 15:01:00,PENN
78.02,78.04,77.71,77.76,6941,2021-05-19 15:02:00,PENN
77.745,77.745,77.51,77.6,5203,2021-05-19 15:03:00,PENN
77.595,77.69,77.44,77.56,7102,2021-05-19 15:04:00,PENN
77.61,77.66,77.49,77.54,3250,2021-05-19 15:05:00,PENN
77.51,77.63,77.445,77.63,7064,2021-05-19 15:06:00,PENN
77.57,77.77,77.53,77.77,3036,2021-05-19 15:07:00,PENN
77.78,77.85,77.65,77.7914,4880,2021-05-19 15:08:00,PENN
77.86,78.075,77.84,77.98,3842,2021-05-19 15:09:00,PENN
77.91,78.02,77.84,78.02,5335,2021-05-19 15:10:00,PENN
78.06,78.14,78.06,78.0872,1000,2021-05-19 15:11:00,PENN
78.1108,78.15,78.0,78.12,4547,2021-05-19 15:12:00,PENN
78.1,78.1,77.87,77.99,3617,2021-05-19 15:13:00,PENN
77.955,78.06,77.88,77.89,4786,2021-05-19 15:14:00,PENN
77.94,78.05,77.83,77.83,2687,2021-05-19 15:15:00,PENN
77.8249,77.99,77.78,77.78,4654,2021-05-19 15:16:00,PENN
77.88,77.91,77.75,77.81,6572,2021-05-19 15:17:00,PENN
77.8,77.85,77.6625,77.72,13075,2021-05-19 15:18:00,PENN
77.81,77.99,77.72,77.77,8897,2021-05-19 15:19:00,PENN
77.795,78.05,77.785,78.05,10915,2021-05-19 15:20:00,PENN
78.08,78.15,78.03,78.15,2942,2021-05-19 15:21:00,PENN
78.19,78.36,78.13,78.15,7700,2021-05-19 15:22:00,PENN
78.19,78.225,78.1,78.185,7223,2021-05-19 15:23:00,PENN
78.14,78.15,78.0,78.07,7092,2021-05-19 15:24:00,PENN
78.07,78.21,78.0,78.0,5352,2021-05-19 15:25:00,PENN
77.99,78.135,77.99,78.1256,2500,2021-05-19 15:26:00,PENN
78.105,78.11,77.67,77.67,3111,2021-05-19 15:27:00,PENN
77.75,78.01,77.75,77.78,6818,2021-05-19 15:28:00,PENN
77.75,77.87,77.65,77.87,5614,2021-05-19 15:29:00,PENN
77.85,78.0,77.76,77.76,3321,2021-05-19 15:30:00,PENN
77.7,77.88,77.61,77.88,7000,2021-05-19 15:31:00,PENN
77.88,77.9,77.58,77.71,7689,2021-05-19 15:32:00,PENN
77.7,77.85,77.7,77.805,4258,2021-05-19 15:33:00,PENN
77.85,77.9,77.73,77.77,2421,2021-05-19 15:34:00,PENN
77.735,77.83,77.64,77.83,4937,2021-05-19 15:35:00,PENN
77.83,77.86,77.725,77.735,1473,2021-05-19 15:36:00,PENN
77.7455,77.82,77.68,77.69,7721,2021-05-19 15:37:00,PENN
77.73,77.82,77.69,77.69,6040,2021-05-19 15:38:00,PENN
77.73,77.785,77.7,77.76,5970,2021-05-19 15:39:00,PENN
77.725,77.77,77.71,77.71,1949,2021-05-19 15:40:00,PENN
77.68,77.75,77.59,77.685,6202,2021-05-19 15:41:00,PENN
77.685,77.75,77.6,77.73,3200,2021-05-19 15:42:00,PENN
77.64,77.7,77.62,77.65,4343,2021-05-19 15:43:00,PENN
77.65,77.77,77.595,77.71,6544,2021-05-19 15:44:00,PENN
77.735,77.735,77.595,77.65,5970,2021-05-19 15:45:00,PENN
77.69,77.72,77.63,77.65,800,2021-05-19 15:46:00,PENN
77.655,77.85,77.655,77.71,6254,2021-05-19 15:47:00,PENN
77.68,77.74,77.59,77.726,7684,2021-05-19 15:48:00,PENN
77.725,77.77,77.66,77.725,5284,2021-05-19 15:49:00,PENN
77.73,77.73,77.59,77.71,7375,2021-05-19 15:50:00,PENN
77.69,77.75,77.6,77.655,3418,2021-05-19 15:51:00,PENN
77.64,77.68,77.58,77.6,2834,2021-05-19 15:52:00,PENN
77.6,77.7,77.35,77.39,17661,2021-05-19 15:53:00,PENN
77.39,77.465,77.3551,77.465,6103,2021-05-19 15:54:00,PENN
77.4973,77.52,77.43,77.51,7524,2021-05-19 15:55:00,PENN
77.52,77.72,77.52,77.7025,3951,2021-05-19 15:56:00,PENN
77.7,77.8,77.55,77.615,2656,2021-05-19 15:57:00,PENN
77.57,77.57,77.42,77.42,2588,2021-05-19 15:58:00,PENN
77.42,77.43,77.345,77.42,6515,2021-05-19 15:59:00,PENN
77.355,77.385,77.2,77.255,11446,2021-05-19 16:00:00,PENN
77.275,77.32,77.24,77.25,10474,2021-05-19 16:01:00,PENN
77.2768,77.2768,77.16,77.16,1060,2021-05-19 16:02:00,PENN
77.2,77.23,77.13,77.17,5422,2021-05-19 16:03:00,PENN
77.14,77.14,77.01,77.06,4798,2021-05-19 16:04:00,PENN
77.14,77.25,77.1,77.1463,3801,2021-05-19 16:05:00,PENN
77.2037,77.214,77.13,77.155,1135,2021-05-19 16:06:00,PENN
77.1155,77.24,77.07,77.24,9715,2021-05-19 16:07:00,PENN
77.21,77.315,77.205,77.29,4100,2021-05-19 16:08:00,PENN
77.26,77.29,77.19,77.23,1100,2021-05-19 16:09:00,PENN
77.22,77.31,77.17,77.3,3001,2021-05-19 16:10:00,PENN
77.305,77.32,77.21,77.32,3145,2021-05-19 16:11:00,PENN
77.27,77.368,77.23,77.368,2657,2021-05-19 16:12:00,PENN
77.38,77.4685,77.38,77.45,2499,2021-05-19 16:13:00,PENN
77.45,77.46,77.41,77.44,1900,2021-05-19 16:14:00,PENN
77.4,77.499,77.4,77.499,5334,2021-05-19 16:15:00,PENN
77.4569,77.64,77.4569,77.61,7032,2021-05-19 16:16:00,PENN
77.58,77.65,77.565,77.63,1200,2021-05-19 16:17:00,PENN
77.6445,77.78,77.6445,77.76,3750,2021-05-19 16:18:00,PENN
77.775,77.84,77.685,77.73,13631,2021-05-19 16:19:00,PENN
77.73,77.88,77.7,77.71,17098,2021-05-19 16:20:00,PENN
77.715,77.72,77.505,77.505,10213,2021-05-19 16:21:00,PENN
77.515,77.63,77.515,77.5701,1670,2021-05-19 16:22:00,PENN
77.6,77.6,77.52,77.52,3150,2021-05-19 16:23:00,PENN
77.525,77.54,77.43,77.53,5869,2021-05-19 16:24:00,PENN
77.49,77.49,77.32,77.38,5606,2021-05-19 16:25:00,PENN
77.41,77.44,77.33,77.3699,4707,2021-05-19 16:26:00,PENN
77.325,77.38,77.31,77.335,4215,2021-05-19 16:27:00,PENN
77.335,77.38,77.25,77.265,3565,2021-05-19 16:28:00,PENN
77.245,77.34,77.2,77.3201,3570,2021-05-19 16:29:00,PENN
77.37,77.39,77.25,77.25,1646,2021-05-19 16:30:00,PENN
77.29,77.31,77.18,77.18,5313,2021-05-19 16:31:00,PENN
77.115,77.16,77.09,77.1095,3418,2021-05-19 16:32:00,PENN
77.1,77.22,77.05,77.09,16141,2021-05-19 16:33:00,PENN
77.085,77.095,76.96,77.08,14817,2021-05-19 16:34:00,PENN
77.0968,77.2,77.03,77.1,3450,2021-05-19 16:35:00,PENN
77.08,77.08,76.91,77.0,10365,2021-05-19 16:36:00,PENN
77.03,77.07,77.02,77.02,1600,2021-05-19 16:37:00,PENN
76.99,77.1249,76.99,77.1249,3480,2021-05-19 16:38:00,PENN
77.14,77.245,77.08,77.1,2478,2021-05-19 16:39:00,PENN
77.1,77.1299,77.0,77.05,3477,2021-05-19 16:40:00,PENN
77.05,77.05,76.94,76.9801,2924,2021-05-19 16:41:00,PENN
77.01,77.12,77.01,77.04,2120,2021-05-19 16:42:00,PENN
77.08,77.1892,77.08,77.1892,2660,2021-05-19 16:43:00,PENN
77.12,77.14,77.02,77.07,9779,2021-05-19 16:44:00,PENN
77.1,77.12,77.04,77.085,2135,2021-05-19 16:45:00,PENN
77.04,77.05,76.97,77.05,8234,2021-05-19 16:46:00,PENN
77.1,77.14,77.0,77.035,2936,2021-05-19 16:47:00,PENN
77.0302,77.11,77.0,77.099,2525,2021-05-19 16:48:00,PENN
77.1,77.13,77.03,77.0586,4452,2021-05-19 16:49:00,PENN
77.01,77.11,77.01,77.05,1850,2021-05-19 16:50:00,PENN
77.045,77.09,76.94,76.94,2336,2021-05-19 16:51:00,PENN
76.96,77.07,76.9534,77.02,3446,2021-05-19 16:52:00,PENN
77.05,77.07,76.93,76.99,2482,2021-05-19 16:53:00,PENN
76.96,77.02,76.9,76.94,5826,2021-05-19 16:54:00,PENN
76.94,77.03,76.94,77.03,1829,2021-05-19 16:55:00,PENN
76.98,77.08,76.98,77.06,1900,2021-05-19 16:56:00,PENN
77.08,77.13,77.08,77.13,2850,2021-05-19 16:57:00,PENN
77.1394,77.1394,76.92,76.92,3831,2021-05-19 16:58:00,PENN
76.9,76.98,76.9,76.9,4497,2021-05-19 16:59:00,PENN
76.9427,77.01,76.935,76.9492,2576,2021-05-19 17:00:00,PENN
76.98,77.13,76.92,77.1,5556,2021-05-19 17:01:00,PENN
77.06,77.06,76.94,77.06,2000,2021-05-19 17:02:00,PENN
77.031,77.1059,76.99,77.08,900,2021-05-19 17:03:00,PENN
77.09,77.14,77.06,77.1046,1894,2021-05-19 17:04:00,PENN
77.14,77.2,77.14,77.15,1152,2021-05-19 17:05:00,PENN
77.1,77.115,77.1,77.115,700,2021-05-19 17:06:00,PENN
77.15,77.32,77.1493,77.27,6481,2021-05-19 17:07:00,PENN
77.33,77.33,77.26,77.27,1200,2021-05-19 17:08:00,PENN
77.25,77.25,77.16,77.17,2808,2021-05-19 17:09:00,PENN
77.14,77.16,77.11,77.15,2007,2021-05-19 17:10:00,PENN
77.11,77.16,77.02,77.16,5634,2021-05-19 17:11:00,PENN
77.14,77.19,77.11,77.19,2639,2021-05-19 17:12:00,PENN
77.19,77.245,77.15,77.245,2921,2021-05-19 17:13:00,PENN
77.23,77.23,77.13,77.13,2870,2021-05-19 17:14:00,PENN
77.22,77.22,77.05,77.0797,3964,2021-05-19 17:15:00,PENN
77.16,77.195,77.14,77.195,2937,2021-05-19 17:16:00,PENN
77.15,77.165,77.04,77.064,5979,2021-05-19 17:17:00,PENN
77.06,77.06,76.94,76.99,3349,2021-05-19 17:18:00,PENN
77.04,77.085,76.97,77.03,3500,2021-05-19 17:19:00,PENN
77.0001,77.08,76.88,76.88,13800,2021-05-19 17:20:00,PENN
76.94,77.0,76.91,76.9499,8071,2021-05-19 17:21:00,PENN
76.89,76.95,76.85,76.905,3649,2021-05-19 17:22:00,PENN
76.92,76.96,76.85,76.91,1700,2021-05-19 17:23:00,PENN
76.93,76.97,76.78,76.78,8560,2021-05-19 17:24:00,PENN
76.75,76.83,76.7,76.83,5405,2021-05-19 17:25:00,PENN
76.8,76.82,76.76,76.8085,2173,2021-05-19 17:26:00,PENN
76.79,76.95,76.76,76.95,2924,2021-05-19 17:27:00,PENN
76.9167,76.9458,76.77,76.83,4914,2021-05-19 17:28:00,PENN
76.77,77.0,76.77,76.9294,2581,2021-05-19 17:29:00,PENN
76.92,76.92,76.81,76.89,1000,2021-05-19 17:30:00,PENN
76.875,76.875,76.78,76.83,6019,2021-05-19 17:31:00,PENN
76.8,76.82,76.77,76.8,3850,2021-05-19 17:32:00,PENN
76.85,76.85,76.72,76.75,3365,2021-05-19 17:33:00,PENN
76.7613,76.85,76.69,76.69,4707,2021-05-19 17:34:00,PENN
76.7267,76.81,76.7,76.735,2250,2021-05-19 17:35:00,PENN
76.745,76.78,76.68,76.68,1748,2021-05-19 17:36:00,PENN
76.72,76.87,76.72,76.835,3753,2021-05-19 17:37:00,PENN
76.89,76.94,76.84,76.9,11050,2021-05-19 17:38:00,PENN
76.92,77.03,76.92,76.99,4590,2021-05-19 17:39:00,PENN
76.98,77.005,76.85,76.92,21306,2021-05-19 17:40:00,PENN
76.91,76.99,76.89,76.95,8245,2021-05-19 17:41:00,PENN
76.97,77.01,76.94,76.95,1670,2021-05-19 17:42:00,PENN
76.95,76.95,76.86,76.88,7080,2021-05-19 17:43:00,PENN
76.8943,77.02,76.8943,76.96,5481,2021-05-19 17:44:00,PENN
76.93,77.0,76.93,76.98,1200,2021-05-19 17:45:00,PENN
76.955,77.0292,76.91,76.99,3378,2021-05-19 17:46:00,PENN
77.01,77.16,77.01,77.02,13807,2021-05-19 17:47:00,PENN
77.05,77.13,77.02,77.13,3735,2021-05-19 17:48:00,PENN
77.08,77.125,77.06,77.105,5208,2021-05-19 17:49:00,PENN
77.14,77.2,77.11,77.16,2508,2021-05-19 17:50:00,PENN
77.15,77.15,77.005,77.05,4097,2021-05-19 17:51:00,PENN
77.07,77.1,77.03,77.03,1663,2021-05-19 17:52:00,PENN
77.09,77.175,77.075,77.155,3655,2021-05-19 17:53:00,PENN
77.155,77.165,77.075,77.14,3190,2021-05-19 17:54:00,PENN
77.165,77.23,77.145,77.19,2144,2021-05-19 17:55:00,PENN
77.14,77.2,77.11,77.15,4146,2021-05-19 17:56:00,PENN
77.11,77.19,77.11,77.11,4487,2021-05-19 17:57:00,PENN
77.14,77.17,77.06,77.06,2228,2021-05-19 17:58:00,PENN
77.12,77.1699,77.05,77.08,4922,2021-05-19 17:59:00,PENN
77.095,77.2188,77.095,77.155,3304,2021-05-19 18:00:00,PENN
77.165,77.45,77.165,77.38,10448,2021-05-19 18:01:00,PENN
77.375,77.58,77.375,77.53,11270,2021-05-19 18:02:00,PENN
77.48,77.515,77.4,77.455,2512,2021-05-19 18:03:00,PENN
77.5,77.5,76.73,76.8,19022,2021-05-19 18:04:00,PENN
76.8,76.81,76.56,76.735,12734,2021-05-19 18:05:00,PENN
76.735,77.1,76.735,76.87,7148,2021-05-19 18:06:00,PENN
76.99,77.07,76.87,76.87,4067,2021-05-19 18:07:00,PENN
76.83,77.02,76.83,76.89,2700,2021-05-19 18:08:00,PENN
77.01,77.135,76.94,77.125,5212,2021-05-19 18:09:00,PENN
77.06,77.155,76.94,76.955,3775,2021-05-19 18:10:00,PENN
76.95,77.03,76.82,77.03,2473,2021-05-19 18:11:00,PENN
76.9,76.98,76.85,76.905,2480,2021-05-19 18:12:00,PENN
76.9023,76.99,76.89,76.99,2100,2021-05-19 18:13:00,PENN
76.92,77.03,76.85,76.86,5992,2021-05-19 18:14:00,PENN
76.87,76.88,76.63,76.72,7341,2021-05-19 18:15:00,PENN
76.76,76.82,76.63,76.63,3679,2021-05-19 18:16:00,PENN
76.75,76.79,76.58,76.66,10525,2021-05-19 18:17:00,PENN
76.66,76.68,76.5,76.67,6272,2021-05-19 18:18:00,PENN
76.61,76.72,76.55,76.71,3210,2021-05-19 18:19:00,PENN
76.75,77.05,76.69,76.9,6675,2021-05-19 18:20:00,PENN
76.93,77.19,76.93,77.19,3638,2021-05-19 18:21:00,PENN
77.2,77.47,77.15,77.47,5988,2021-05-19 18:22:00,PENN
77.4699,77.735,77.44,77.735,9055,2021-05-19 18:23:00,PENN
77.7461,77.77,77.54,77.6,6405,2021-05-19 18:24:00,PENN
77.56,77.65,77.4262,77.5,13502,2021-05-19 18:25:00,PENN
77.55,77.645,77.5,77.57,6720,2021-05-19 18:26:00,PENN
77.585,77.595,77.41,77.425,4941,2021-05-19 18:27:00,PENN
77.38,77.55,77.36,77.37,4181,2021-05-19 18:28:00,PENN
77.5,77.54,77.44,77.44,2331,2021-05-19 18:29:00,PENN
77.475,77.67,77.42,77.555,7922,2021-05-19 18:30:00,PENN
77.595,77.7,77.595,77.6797,2073,2021-05-19 18:31:00,PENN
77.62,77.63,77.47,77.47,5660,2021-05-19 18:32:00,PENN
77.45,77.62,77.33,77.33,3465,2021-05-19 18:33:00,PENN
77.31,77.39,77.2216,77.36,4224,2021-05-19 18:34:00,PENN
77.34,77.44,77.28,77.355,5172,2021-05-19 18:35:00,PENN
77.355,77.44,77.34,77.395,2711,2021-05-19 18:36:00,PENN
77.4282,77.4282,77.06,77.12,13179,2021-05-19 18:37:00,PENN
77.07,77.07,76.88,76.92,3979,2021-05-19 18:38:00,PENN
77.01,77.13,76.98,77.0,3219,2021-05-19 18:39:00,PENN
77.0,77.0631,76.93,77.045,5811,2021-05-19 18:40:00,PENN
77.075,77.1159,76.93,77.0,2789,2021-05-19 18:41:00,PENN
76.94,77.095,76.92,77.075,3569,2021-05-19 18:42:00,PENN
77.105,77.105,76.9,77.06,2918,2021-05-19 18:43:00,PENN
77.0,77.03,76.88,77.0,3845,2021-05-19 18:44:00,PENN
77.0,77.0126,76.85,76.99,3900,2021-05-19 18:45:00,PENN
77.02,77.03,76.82,76.87,7284,2021-05-19 18:46:00,PENN
76.86,76.97,76.81,76.91,3448,2021-05-19 18:47:00,PENN
76.88,77.01,76.88,77.0,7420,2021-05-19 18:48:00,PENN
76.9,76.92,76.84,76.92,3938,2021-05-19 18:49:00,PENN
76.925,76.96,76.8,76.9,1400,2021-05-19 18:50:00,PENN
76.935,77.18,76.89,77.15,21459,2021-05-19 18:51:00,PENN
77.11,77.18,77.04,77.04,6460,2021-05-19 18:52:00,PENN
77.04,77.115,76.96,77.115,7022,2021-05-19 18:53:00,PENN
77.08,77.185,76.9762,77.185,10164,2021-05-19 18:54:00,PENN
77.23,77.25,77.07,77.2,16430,2021-05-19 18:55:00,PENN
77.205,77.31,77.14,77.24,15747,2021-05-19 18:56:00,PENN
77.29,77.42,77.25,77.42,8700,2021-05-19 18:57:00,PENN
77.54,77.58,77.34,77.35,4228,2021-05-19 18:58:00,PENN
77.37,77.45,77.18,77.26,6096,2021-05-19 18:59:00,PENN
77.23,77.35,77.14,77.319,13527,2021-05-19 19:00:00,PENN
77.29,77.325,77.14,77.24,3139,2021-05-19 19:01:00,PENN
77.12,77.18,77.07,77.18,800,2021-05-19 19:02:00,PENN
77.1,77.22,77.071,77.18,3785,2021-05-19 19:03:00,PENN
77.215,77.3021,77.1732,77.235,3395,2021-05-19 19:04:00,PENN
77.2556,77.31,77.12,77.3,4474,2021-05-19 19:05:00,PENN
77.26,77.28,77.2,77.27,4907,2021-05-19 19:06:00,PENN
77.29,77.38,77.26,77.365,1100,2021-05-19 19:07:00,PENN
77.35,77.4212,77.29,77.4212,5195,2021-05-19 19:08:00,PENN
77.38,77.46,77.35,77.4,1550,2021-05-19 19:09:00,PENN
77.36,77.69,77.35,77.61,4127,2021-05-19 19:10:00,PENN
77.66,77.72,77.6,77.67,16102,2021-05-19 19:11:00,PENN
77.67,77.71,77.6,77.61,3094,2021-05-19 19:12:00,PENN
77.65,77.87,77.6043,77.79,6310,2021-05-19 19:13:00,PENN
77.75,77.75,77.65,77.65,2800,2021-05-19 19:14:00,PENN
77.63,77.81,77.62,77.805,6740,2021-05-19 19:15:00,PENN
77.83,78.0,77.81,77.89,19124,2021-05-19 19:16:00,PENN
77.92,77.95,77.81,77.81,5526,2021-05-19 19:17:00,PENN
77.78,77.96,77.76,77.9,5950,2021-05-19 19:18:00,PENN
77.875,78.02,77.875,77.96,24952,2021-05-19 19:19:00,PENN
77.985,78.03,77.84,77.98,4787,2021-05-19 19:20:00,PENN
78.03,78.065,77.9274,77.97,4021,2021-05-19 19:21:00,PENN
77.96,78.02,77.9,78.01,9093,2021-05-19 19:22:00,PENN
77.94,78.21,77.89,78.17,10750,2021-05-19 19:23:00,PENN
78.21,78.28,78.2,78.23,4667,2021-05-19 19:24:00,PENN
78.25,78.29,78.16,78.165,4524,2021-05-19 19:25:00,PENN
78.14,78.22,78.11,78.135,6822,2021-05-19 19:26:00,PENN
78.11,78.15,78.02,78.09,6507,2021-05-19 19:27:00,PENN
78.12,78.355,78.1186,78.35,5378,2021-05-19 19:28:00,PENN
78.34,78.34,78.27,78.29,2916,2021-05-19 19:29:00,PENN
78.29,78.29,78.11,78.14,5036,2021-05-19 19:30:00,PENN
78.13,78.17,78.03,78.07,4222,2021-05-19 19:31:00,PENN
78.09,78.18,78.06,78.06,6450,2021-05-19 19:32:00,PENN
78.03,78.13,78.02,78.07,8411,2021-05-19 19:33:00,PENN
78.08,78.16,78.0701,78.125,2066,2021-05-19 19:34:00,PENN
78.1301,78.2,77.99,78.005,17629,2021-05-19 19:35:00,PENN
77.99,78.04,77.91,77.96,14829,2021-05-19 19:36:00,PENN
77.955,77.955,77.87,77.92,5112,2021-05-19 19:37:00,PENN
77.92,78.0,77.92,77.96,3685,2021-05-19 19:38:00,PENN
78.0,78.0028,77.9491,78.0,6347,2021-05-19 19:39:00,PENN
77.99,78.02,77.89,77.93,10632,2021-05-19 19:40:00,PENN
77.9,78.01,77.9,77.98,4108,2021-05-19 19:41:00,PENN
77.979,78.0,77.94,77.97,5220,2021-05-19 19:42:00,PENN
77.99,78.0,77.9,77.9,7486,2021-05-19 19:43:00,PENN
77.93,77.995,77.85,77.8673,6146,2021-05-19 19:44:00,PENN
77.9,77.93,77.84,77.88,4222,2021-05-19 19:45:00,PENN
77.84,77.94,77.84,77.89,6007,2021-05-19 19:46:00,PENN
77.87,77.88,77.65,77.67,10200,2021-05-19 19:47:00,PENN
77.65,77.73,77.65,77.69,10054,2021-05-19 19:48:00,PENN
77.66,77.76,77.65,77.76,7034,2021-05-19 19:49:00,PENN
77.8,77.84,77.73,77.8,23915,2021-05-19 19:50:00,PENN
77.77,77.99,77.735,77.95,4561,2021-05-19 19:51:00,PENN
77.96,78.02,77.84,77.99,12059,2021-05-19 19:52:00,PENN
78.01,78.01,77.93,77.9479,8556,2021-05-19 19:53:00,PENN
77.98,78.06,77.93,77.93,16518,2021-05-19 19:54:00,PENN
77.92,78.09,77.92,78.02,17086,2021-05-19 19:55:00,PENN
78.06,78.06,77.96,78.01,9836,2021-05-19 19:56:00,PENN
78.03,78.185,78.0,78.18,28301,2021-05-19 19:57:00,PENN
78.16,78.23,78.145,78.16,26094,2021-05-19 19:58:00,PENN
78.18,78.28,78.125,78.28,35189,2021-05-19 19:59:00,PENN
78.23,78.23,78.23,78.23,100551,2021-05-19 20:00:00,PENN
78.23,78.23,78.23,78.23,1832,2021-05-19 20:01:00,PENN
77.56,78.006,77.56,78.006,635,2021-05-19 20:02:00,PENN
78.11,78.11,78.11,78.11,400,2021-05-19 20:05:00,PENN
78.15,78.15,78.15,78.15,100,2021-05-19 20:23:00,PENN
78.2,78.2,78.2,78.2,700,2021-05-19 20:29:00,PENN
78.2,78.2,78.2,78.2,100,2021-05-19 20:36:00,PENN
78.0,78.0,78.0,78.0,100,2021-05-19 20:43:00,PENN
78.18,78.18,78.18,78.18,100,2021-05-19 20:44:00,PENN
78.0,78.0,78.0,78.0,1000,2021-05-19 20:45:00,PENN
78.18,78.18,78.18,78.18,605,2021-05-19 20:46:00,PENN
78.18,78.18,78.18,78.18,100,2021-05-19 20:57:00,PENN
78.17,78.17,78.17,78.17,100,2021-05-19 21:07:00,PENN
78.15,78.15,78.15,78.15,1000,2021-05-19 21:22:00,PENN
78.15,78.15,78.15,78.15,275,2021-05-19 21:24:00,PENN
78.11,78.11,78.11,78.11,702,2021-05-19 21:28:00,PENN
78.11,78.11,78.11,78.11,273,2021-05-19 21:34:00,PENN
78.11,78.11,78.11,78.11,100,2021-05-19 21:45:00,PENN
78.11,78.11,78.11,78.11,100,2021-05-19 21:51:00,PENN
78.1,78.1,78.1,78.1,626,2021-05-19 21:52:00,PENN
78.11,78.11,78.11,78.11,585,2021-05-19 21:57:00,PENN
78.05,78.05,78.03,78.03,340,2021-05-19 22:47:00,PENN
77.89,77.89,77.89,77.89,150,2021-05-19 23:50:00,PENN
77.89,77.89,77.89,77.89,100,2021-05-19 23:57:00,PENN
78.23,78.23,78.23,78.23,426,2021-05-20 08:38:00,PENN
77.82,77.82,77.81,77.81,385,2021-05-20 08:52:00,PENN
77.8,77.8,77.8,77.8,300,2021-05-20 09:25:00,PENN
77.76,77.76,77.76,77.76,100,2021-05-20 09:43:00,PENN
77.98,77.99,77.98,77.99,971,2021-05-20 11:01:00,PENN
78.32,78.5,78.3,78.5,483,2021-05-20 11:08:00,PENN
78.55,78.55,78.5,78.5,830,2021-05-20 11:24:00,PENN
78.5,78.5,78.5,78.5,400,2021-05-20 11:29:00,PENN
78.4,78.45,78.4,78.45,988,2021-05-20 11:35:00,PENN
79.0,79.0,79.0,79.0,100,2021-05-20 12:02:00,PENN
79.1,79.1,79.1,79.1,180,2021-05-20 12:05:00,PENN
78.75,78.75,78.75,78.75,3009,2021-05-20 12:07:00,PENN
79.0,79.0,79.0,79.0,900,2021-05-20 12:22:00,PENN
78.7504,78.7504,78.7504,78.7504,1000,2021-05-20 12:26:00,PENN
79.2106,79.2106,79.2106,79.2106,100,2021-05-20 12:40:00,PENN
79.0,79.0,79.0,79.0,200,2021-05-20 12:49:00,PENN
79.2,79.2,79.2,79.2,429,2021-05-20 12:57:00,PENN
79.15,79.15,79.15,79.15,200,2021-05-20 12:58:00,PENN
79.19,79.21,79.19,79.21,897,2021-05-20 12:59:00,PENN
79.23,79.23,79.23,79.23,912,2021-05-20 13:04:00,PENN
79.23,79.23,79.23,79.23,367,2021-05-20 13:10:00,PENN
79.23,79.23,79.23,79.23,500,2021-05-20 13:12:00,PENN
79.23,79.23,79.23,79.23,100,2021-05-20 13:13:00,PENN
79.23,79.23,79.23,79.23,400,2021-05-20 13:15:00,PENN
79.23,79.23,79.23,79.23,500,2021-05-20 13:16:00,PENN
79.23,79.23,79.23,79.23,100,2021-05-20 13:18:00,PENN
79.33,79.33,79.23,79.23,1044,2021-05-20 13:20:00,PENN
79.13,79.13,79.01,79.01,720,2021-05-20 13:25:00,PENN
78.54,79.144,78.2504,78.276,50380,2021-05-20 13:30:00,PENN
78.2908,78.57,78.17,78.34,9544,2021-05-20 13:31:00,PENN
78.5072,78.8604,78.5072,78.7159,7133,2021-05-20 13:32:00,PENN
78.8999,78.8999,77.9,78.1707,4168,2021-05-20 13:33:00,PENN
78.19,78.39,78.12,78.12,2250,2021-05-20 13:34:00,PENN
78.2244,78.2244,77.631,77.955,8650,2021-05-20 13:35:00,PENN
77.73,77.96,77.67,77.7,10857,2021-05-20 13:36:00,PENN
77.71,77.71,77.32,77.6872,5943,2021-05-20 13:37:00,PENN
77.64,77.95,77.3977,77.84,11761,2021-05-20 13:38:00,PENN
77.645,77.92,77.5,77.74,9463,2021-05-20 13:39:00,PENN
77.71,78.17,77.565,77.84,5180,2021-05-20 13:40:00,PENN
77.8,78.13,77.691,77.7,9448,2021-05-20 13:41:00,PENN
77.68,78.08,77.67,78.08,5562,2021-05-20 13:42:00,PENN
78.01,78.17,78.0,78.08,5516,2021-05-20 13:43:00,PENN
78.01,78.1,77.79,78.01,4279,2021-05-20 13:44:00,PENN
77.91,78.13,77.76,77.85,4960,2021-05-20 13:45:00,PENN
77.865,78.52,77.78,78.49,11411,2021-05-20 13:46:00,PENN
78.355,78.59,78.26,78.46,8584,2021-05-20 13:47:00,PENN
78.4,78.61,78.31,78.56,13657,2021-05-20 13:48:00,PENN
78.4517,78.51,78.09,78.09,4100,2021-05-20 13:49:00,PENN
78.26,78.5721,78.255,78.455,2652,2021-05-20 13:50:00,PENN
78.32,78.32,78.06,78.12,5549,2021-05-20 13:51:00,PENN
78.06,78.06,77.8275,77.8275,4098,2021-05-20 13:52:00,PENN
77.83,78.03,77.83,77.84,3015,2021-05-20 13:53:00,PENN
77.78,77.88,77.73,77.8089,7301,2021-05-20 13:54:00,PENN
77.81,77.99,77.7303,77.99,7540,2021-05-20 13:55:00,PENN
78.0127,78.289,78.0,78.15,8821,2021-05-20 13:56:00,PENN
78.16,78.2299,77.95,77.95,3421,2021-05-20 13:57:00,PENN
78.04,78.08,77.92,78.0476,8159,2021-05-20 13:58:00,PENN
77.91,78.08,77.865,78.0275,2995,2021-05-20 13:59:00,PENN
78.17,78.17,77.84,77.84,10413,2021-05-20 14:00:00,PENN
77.94,78.2259,77.93,78.04,3038,2021-05-20 14:01:00,PENN
78.11,78.1343,78.01,78.08,2550,2021-05-20 14:02:00,PENN
78.18,78.4,78.175,78.39,7060,2021-05-20 14:03:00,PENN
78.26,78.42,78.26,78.42,3304,2021-05-20 14:04:00,PENN
78.5,78.65,78.3601,78.65,6425,2021-05-20 14:05:00,PENN
78.62,78.84,78.61,78.645,10153,2021-05-20 14:06:00,PENN
78.63,78.81,78.5786,78.62,7356,2021-05-20 14:07:00,PENN
78.77,78.82,78.5,78.5,11914,2021-05-20 14:08:00,PENN
78.565,78.72,78.485,78.56,3021,2021-05-20 14:09:00,PENN
78.605,78.81,78.5301,78.7656,8659,2021-05-20 14:10:00,PENN
78.7966,78.7966,78.62,78.6835,5057,2021-05-20 14:11:00,PENN
78.72,78.83,78.6417,78.6417,4487,2021-05-20 14:12:00,PENN
78.61,78.75,78.59,78.651,3707,2021-05-20 14:13:00,PENN
78.67,78.87,78.6443,78.65,6536,2021-05-20 14:14:00,PENN
78.64,78.64,78.31,78.31,4251,2021-05-20 14:15:00,PENN
78.3,78.46,78.22,78.46,12120,2021-05-20 14:16:00,PENN
78.33,78.47,78.3,78.3,3401,2021-05-20 14:17:00,PENN
78.29,78.48,78.29,78.37,5830,2021-05-20 14:18:00,PENN
78.39,78.52,78.3802,78.51,2200,2021-05-20 14:19:00,PENN
78.49,78.69,78.48,78.48,3564,2021-05-20 14:20:00,PENN
78.52,78.66,78.34,78.43,6300,2021-05-20 14:21:00,PENN
78.39,78.49,78.35,78.49,4728,2021-05-20 14:22:00,PENN
78.5463,78.62,78.46,78.54,6120,2021-05-20 14:23:00,PENN
78.54,78.68,78.49,78.53,17856,2021-05-20 14:24:00,PENN
78.59,78.6,78.42,78.51,23184,2021-05-20 14:25:00,PENN
78.48,78.561,78.43,78.4696,5652,2021-05-20 14:26:00,PENN
78.4696,78.51,78.35,78.44,2750,2021-05-20 14:27:00,PENN
78.5,78.56,78.431,78.45,6668,2021-05-20 14:28:00,PENN
78.415,78.46,78.36,78.36,2995,2021-05-20 14:29:00,PENN
78.4099,78.4099,78.06,78.14,4841,2021-05-20 14:30:00,PENN
78.12,78.19,77.9212,78.0771,15721,2021-05-20 14:31:00,PENN
78.09,78.09,77.81,77.93,6737,2021-05-20 14:32:00,PENN
77.9,78.08,77.9,78.08,4050,2021-05-20 14:33:00,PENN
78.03,78.03,77.9,77.9,1156,2021-05-20 14:34:00,PENN
77.92,77.92,77.56,77.65,13197,2021-05-20 14:35:00,PENN
77.685,77.82,77.6027,77.82,7863,2021-05-20 14:36:00,PENN
77.84,77.89,77.79,77.79,4716,2021-05-20 14:37:00,PENN
77.8271,77.8271,77.67,77.685,3480,2021-05-20 14:38:00,PENN
77.6719,77.785,77.6719,77.785,2400,2021-05-20 14:39:00,PENN
77.72,77.8111,77.72,77.8111,751,2021-05-20 14:40:00,PENN
77.8156,77.99,77.8156,77.9085,5905,2021-05-20 14:41:00,PENN
77.9,77.95,77.88,77.91,94615,2021-05-20 14:42:00,PENN
77.92,78.0,77.68,77.7663,14550,2021-05-20 14:43:00,PENN
77.6801,77.78,77.6801,77.725,2815,2021-05-20 14:44:00,PENN
77.76,77.7999,77.71,77.7992,2276,2021-05-20 14:45:00,PENN
77.72,77.74,77.52,77.52,8693,2021-05-20 14:46:00,PENN
77.555,77.67,77.45,77.54,13125,2021-05-20 14:47:00,PENN
77.5473,77.6399,77.41,77.59,11052,2021-05-20 14:48:00,PENN
77.55,77.625,77.5,77.54,13210,2021-05-20 14:49:00,PENN
77.49,77.49,77.29,77.38,17308,2021-05-20 14:50:00,PENN
77.3803,77.4299,77.29,77.375,4685,2021-05-20 14:51:00,PENN
77.4,77.4,77.26,77.27,7031,2021-05-20 14:52:00,PENN
77.27,77.2923,77.14,77.14,8210,2021-05-20 14:53:00,PENN
77.1204,77.21,77.01,77.04,17887,2021-05-20 14:54:00,PENN
77.074,77.18,77.05,77.136,12800,2021-05-20 14:55:00,PENN
77.1118,77.29,77.1,77.2787,8828,2021-05-20 14:56:00,PENN
77.27,77.37,77.25,77.3,4433,2021-05-20 14:57:00,PENN
77.33,77.4,77.265,77.265,2780,2021-05-20 14:58:00,PENN
77.2201,77.2201,77.12,77.19,8157,2021-05-20 14:59:00,PENN
77.28,77.35,77.2541,77.29,1330,2021-05-20 15:00:00,PENN
77.3372,77.39,77.26,77.3271,2809,2021-05-20 15:01:00,PENN
77.275,77.3,77.16,77.19,5254,2021-05-20 15:02:00,PENN
77.23,77.2819,77.19,77.2819,3662,2021-05-20 15:03:00,PENN
77.27,77.31,77.25,77.31,2770,2021-05-20 15:04:00,PENN
77.32,77.45,77.32,77.44,9416,2021-05-20 15:05:00,PENN
77.435,77.435,77.24,77.31,9231,2021-05-20 15:06:00,PENN
77.305,77.32,77.08,77.13,22123,2021-05-20 15:07:00,PENN
77.1398,77.29,77.11,77.2261,3232,2021-05-20 15:08:00,PENN
77.2314,77.2314,77.13,77.205,4721,2021-05-20 15:09:00,PENN
77.26,77.2676,77.1,77.12,3602,2021-05-20 15:10:00,PENN
77.19,77.28,77.19,77.28,2000,2021-05-20 15:11:00,PENN
77.3,77.3,77.27,77.27,400,2021-05-20 15:12:00,PENN
77.355,77.5,77.31,77.48,12679,2021-05-20 15:13:00,PENN
77.5,77.57,77.35,77.35,5146,2021-05-20 15:14:00,PENN
77.395,77.54,77.395,77.53,51955,2021-05-20 15:15:00,PENN
77.56,77.715,77.49,77.6822,6839,2021-05-20 15:16:00,PENN
77.71,77.75,77.67,77.729,6643,2021-05-20 15:17:00,PENN
77.73,77.82,77.6982,77.79,9097,2021-05-20 15:18:00,PENN
77.76,77.87,77.76,77.825,4619,2021-05-20 15:19:00,PENN
77.85,77.85,77.78,77.835,2240,2021-05-20 15:20:00,PENN
77.8,77.835,77.67,77.69,5490,2021-05-20 15:21:00,PENN
77.7,77.72,77.67,77.67,2800,2021-05-20 15:22:00,PENN
77.67,77.67,77.55,77.575,13250,2021-05-20 15:23:00,PENN
77.595,77.64,77.58,77.6161,4157,2021-05-20 15:24:00,PENN
77.605,77.73,77.605,77.7073,6020,2021-05-20 15:25:00,PENN
77.72,77.81,77.69,77.74,11910,2021-05-20 15:26:00,PENN
77.7272,77.83,77.676,77.83,4700,2021-05-20 15:27:00,PENN
77.819,77.82,77.7354,77.8199,2033,2021-05-20 15:28:00,PENN
77.8,78.13,77.8,78.0629,10593,2021-05-20 15:29:00,PENN
78.11,78.13,77.98,78.1,6522,2021-05-20 15:30:00,PENN
78.11,78.18,78.08,78.1601,6831,2021-05-20 15:31:00,PENN
78.2,78.27,78.195,78.26,10651,2021-05-20 15:32:00,PENN
78.25,78.31,78.2,78.23,94247,2021-05-20 15:33:00,PENN
78.26,78.31,78.2202,78.2271,4716,2021-05-20 15:34:00,PENN
78.3,78.34,78.255,78.255,4133,2021-05-20 15:35:00,PENN
78.26,78.3,78.18,78.23,6012,2021-05-20 15:36:00,PENN
78.265,78.265,78.1643,78.195,3758,2021-05-20 15:37:00,PENN
78.23,78.25,78.2124,78.25,1925,2021-05-20 15:38:00,PENN
78.2801,78.2801,77.97,78.065,7334,2021-05-20 15:39:00,PENN
78.06,78.14,78.05,78.05,1788,2021-05-20 15:40:00,PENN
78.0,78.032,77.9201,77.96,5134,2021-05-20 15:41:00,PENN
77.99,77.99,77.78,77.82,4213,2021-05-20 15:42:00,PENN
77.82,77.835,77.75,77.8056,7221,2021-05-20 15:43:00,PENN
77.7877,77.81,77.7877,77.81,500,2021-05-20 15:44:00,PENN
77.775,77.775,77.6541,77.7,3742,2021-05-20 15:45:00,PENN
77.69,77.72,77.6318,77.72,950,2021-05-20 15:46:00,PENN
77.69,77.8,77.69,77.8,3450,2021-05-20 15:47:00,PENN
77.8,77.8,77.73,77.73,1804,2021-05-20 15:48:00,PENN
77.8,77.85,77.7852,77.832,3840,2021-05-20 15:49:00,PENN
77.9,77.97,77.84,77.84,4950,2021-05-20 15:50:00,PENN
77.84,77.84,77.775,77.775,1800,2021-05-20 15:51:00,PENN
77.78,77.82,77.72,77.73,2849,2021-05-20 15:52:00,PENN
77.7,77.7339,77.65,77.7339,3380,2021-05-20 15:53:00,PENN
77.72,77.7337,77.65,77.7337,1660,2021-05-20 15:54:00,PENN
77.72,77.72,77.71,77.71,2400,2021-05-20 15:55:00,PENN
77.66,77.71,77.61,77.645,3900,2021-05-20 15:56:00,PENN
77.62,77.64,77.58,77.58,2804,2021-05-20 15:57:00,PENN
77.6099,77.61,77.55,77.61,1650,2021-05-20 15:58:00,PENN
77.68,77.72,77.64,77.68,1000,2021-05-20 15:59:00,PENN
77.64,77.64,77.545,77.5734,1735,2021-05-20 16:00:00,PENN
77.5061,77.5101,77.38,77.41,8218,2021-05-20 16:01:00,PENN
77.44,77.46,77.42,77.45,3288,2021-05-20 16:02:00,PENN
77.52,77.56,77.52,77.55,750,2021-05-20 16:03:00,PENN
77.52,77.52,77.391,77.475,4171,2021-05-20 16:04:00,PENN
77.43,77.54,77.35,77.45,4135,2021-05-20 16:05:00,PENN
77.43,77.43,77.35,77.37,2778,2021-05-20 16:06:00,PENN
77.3564,77.43,77.3,77.3416,2375,2021-05-20 16:07:00,PENN
77.3529,77.369,77.31,77.355,2500,2021-05-20 16:08:00,PENN
77.3669,77.3669,77.3,77.3,1868,2021-05-20 16:09:00,PENN
77.28,77.34,77.21,77.34,9796,2021-05-20 16:10:00,PENN
77.3,77.35,77.25,77.3017,4510,2021-05-20 16:11:00,PENN
77.3017,77.38,77.2693,77.35,6723,2021-05-20 16:12:00,PENN
77.3175,77.32,77.19,77.2961,6507,2021-05-20 16:13:00,PENN
77.29,77.29,77.12,77.18,4579,2021-05-20 16:14:00,PENN
77.2375,77.29,77.2375,77.29,1325,2021-05-20 16:15:00,PENN
77.33,77.3476,77.305,77.31,1500,2021-05-20 16:16:00,PENN
77.24,77.36,77.21,77.21,3344,2021-05-20 16:17:00,PENN
77.28,77.43,77.28,77.43,3075,2021-05-20 16:18:00,PENN
77.41,77.53,77.4075,77.4075,4212,2021-05-20 16:19:00,PENN
77.41,77.43,77.4012,77.43,4571,2021-05-20 16:20:00,PENN
77.42,77.46,77.35,77.35,2400,2021-05-20 16:21:00,PENN
77.32,77.35,77.3,77.3,400,2021-05-20 16:22:00,PENN
77.2501,77.36,77.2429,77.32,5740,2021-05-20 16:23:00,PENN
77.32,77.4,77.32,77.35,3398,2021-05-20 16:24:00,PENN
77.37,77.41,77.35,77.385,973,2021-05-20 16:25:00,PENN
77.4,77.4,77.06,77.06,11065,2021-05-20 16:26:00,PENN
77.1,77.155,77.05,77.1508,5911,2021-05-20 16:27:00,PENN
77.15,77.15,77.0201,77.1182,5107,2021-05-20 16:28:00,PENN
77.1551,77.21,77.11,77.16,4584,2021-05-20 16:29:00,PENN
77.13,77.2367,77.13,77.2367,1046,2021-05-20 16:30:00,PENN
77.259,77.259,77.15,77.17,4841,2021-05-20 16:31:00,PENN
77.18,77.22,77.175,77.22,1000,2021-05-20 16:32:00,PENN
77.3,77.35,77.25,77.282,3938,2021-05-20 16:33:00,PENN
77.33,77.33,77.2815,77.29,1135,2021-05-20 16:34:00,PENN
77.25,77.25,77.08,77.08,2400,2021-05-20 16:35:00,PENN
77.08,77.11,76.945,76.9894,12167,2021-05-20 16:36:00,PENN
77.02,77.03,76.932,76.95,3500,2021-05-20 16:37:00,PENN
76.94,76.94,76.71,76.77,15625,2021-05-20 16:38:00,PENN
76.75,76.825,76.75,76.82,4100,2021-05-20 16:39:00,PENN
76.7607,76.82,76.72,76.82,6463,2021-05-20 16:40:00,PENN
76.83,76.96,76.79,76.86,6275,2021-05-20 16:41:00,PENN
76.84,76.895,76.82,76.83,1245,2021-05-20 16:42:00,PENN
76.84,76.8799,76.77,76.805,1057,2021-05-20 16:43:00,PENN
76.77,76.875,76.73,76.8498,4799,2021-05-20 16:44:00,PENN
76.9,77.05,76.86,77.0402,7701,2021-05-20 16:45:00,PENN
77.025,77.08,76.95,76.9766,6575,2021-05-20 16:46:00,PENN
76.965,76.9835,76.8,76.87,12697,2021-05-20 16:47:00,PENN
76.845,76.88,76.74,76.8008,9289,2021-05-20 16:48:00,PENN
76.8048,76.8327,76.75,76.77,3247,2021-05-20 16:49:00,PENN
76.7808,76.81,76.76,76.765,10038,2021-05-20 16:50:00,PENN
76.77,76.84,76.75,76.84,6091,2021-05-20 16:51:00,PENN
76.84,76.86,76.8001,76.835,4644,2021-05-20 16:52:00,PENN
76.81,76.91,76.81,76.8922,3550,2021-05-20 16:53:00,PENN
76.86,76.88,76.795,76.8,3982,2021-05-20 16:54:00,PENN
76.78,76.7904,76.71,76.775,10385,2021-05-20 16:55:00,PENN
76.74,76.77,76.7,76.72,12350,2021-05-20 16:56:00,PENN
76.73,76.75,76.69,76.7499,6007,2021-05-20 16:57:00,PENN
76.72,76.86,76.72,76.86,4906,2021-05-20 16:58:00,PENN
76.88,76.9799,76.82,76.9799,3997,2021-05-20 16:59:00,PENN
76.9,76.9,76.82,76.83,2211,2021-05-20 17:00:00,PENN
76.895,76.91,76.8,76.81,1721,2021-05-20 17:01:00,PENN
76.81,76.92,76.78,76.9128,4179,2021-05-20 17:02:00,PENN
76.89,76.9,76.875,76.8898,950,2021-05-20 17:03:00,PENN
76.91,76.9662,76.91,76.9662,1475,2021-05-20 17:04:00,PENN
76.99,77.02,76.95,76.95,2860,2021-05-20 17:05:00,PENN
76.9725,77.1239,76.9725,77.0938,10554,2021-05-20 17:06:00,PENN
77.12,77.12,77.04,77.04,600,2021-05-20 17:07:00,PENN
77.0,77.14,77.0,77.095,4262,2021-05-20 17:08:00,PENN
77.11,77.16,77.1001,77.1367,1341,2021-05-20 17:09:00,PENN
77.245,77.28,77.245,77.25,2230,2021-05-20 17:10:00,PENN
77.25,77.32,77.25,77.3,3435,2021-05-20 17:11:00,PENN
77.27,77.34,77.26,77.34,1878,2021-05-20 17:12:00,PENN
77.3,77.32,77.24,77.2675,3720,2021-05-20 17:13:00,PENN
77.325,77.325,77.22,77.28,1300,2021-05-20 17:14:00,PENN
77.305,77.3599,77.2,77.2,5712,2021-05-20 17:15:00,PENN
77.25,77.27,77.18,77.18,2470,2021-05-20 17:16:00,PENN
77.19,77.2,77.155,77.195,1687,2021-05-20 17:17:00,PENN
77.195,77.24,77.13,77.24,2413,2021-05-20 17:18:00,PENN
77.2481,77.2804,77.24,77.2401,1150,2021-05-20 17:19:00,PENN
77.29,77.36,77.29,77.36,2472,2021-05-20 17:20:00,PENN
77.4,77.42,77.36,77.37,2132,2021-05-20 17:21:00,PENN
77.32,77.4,77.32,77.4,900,2021-05-20 17:22:00,PENN
77.44,77.45,77.4,77.43,1456,2021-05-20 17:23:00,PENN
77.42,77.48,77.38,77.48,4427,2021-05-20 17:24:00,PENN
77.455,77.55,77.43,77.4542,6520,2021-05-20 17:25:00,PENN
77.525,77.525,77.42,77.44,3000,2021-05-20 17:26:00,PENN
77.4,77.4612,77.35,77.35,2030,2021-05-20 17:27:00,PENN
77.36,77.46,77.36,77.4,6285,2021-05-20 17:28:00,PENN
77.396,77.51,77.396,77.5,1800,2021-05-20 17:29:00,PENN
77.48,77.6,77.4424,77.5566,3041,2021-05-20 17:30:00,PENN
77.54,77.57,77.5,77.54,2800,2021-05-20 17:31:00,PENN
77.536,77.6522,77.536,77.65,2280,2021-05-20 17:32:00,PENN
77.665,77.68,77.55,77.68,3341,2021-05-20 17:33:00,PENN
77.67,77.7111,77.6501,77.7099,4050,2021-05-20 17:34:00,PENN
77.71,77.8,77.71,77.7649,8055,2021-05-20 17:35:00,PENN
77.72,77.72,77.62,77.68,5650,2021-05-20 17:36:00,PENN
77.665,77.745,77.665,77.72,3000,2021-05-20 17:37:00,PENN
77.745,77.85,77.745,77.82,7485,2021-05-20 17:38:00,PENN
77.7701,77.88,77.75,77.86,5900,2021-05-20 17:39:00,PENN
77.86,77.869,77.7801,77.869,5909,2021-05-20 17:40:00,PENN
77.865,77.89,77.82,77.82,4622,2021-05-20 17:41:00,PENN
77.84,77.9,77.811,77.811,3980,2021-05-20 17:42:00,PENN
77.8431,77.8431,77.71,77.755,2238,2021-05-20 17:43:00,PENN
77.78,77.8394,77.78,77.8394,4477,2021-05-20 17:44:00,PENN
77.78,77.98,77.78,77.9344,7574,2021-05-20 17:45:00,PENN
77.93,77.95,77.8801,77.91,3799,2021-05-20 17:46:00,PENN
77.935,77.96,77.9257,77.95,2028,2021-05-20 17:47:00,PENN
77.965,77.965,77.86,77.897,7712,2021-05-20 17:48:00,PENN
77.9688,77.9812,77.9464,77.9464,1502,2021-05-20 17:49:00,PENN
77.92,78.0,77.89,78.0,4200,2021-05-20 17:50:00,PENN
77.998,78.06,77.998,78.045,3083,2021-05-20 17:51:00,PENN
78.03,78.05,77.92,78.02,3250,2021-05-20 17:52:00,PENN
78.0,78.0,77.68,77.68,6892,2021-05-20 17:53:00,PENN
77.66,77.77,77.55,77.7597,4956,2021-05-20 17:54:00,PENN
77.78,77.87,77.71,77.77,3297,2021-05-20 17:55:00,PENN
77.82,77.85,77.805,77.85,2306,2021-05-20 17:56:00,PENN
77.88,77.94,77.87,77.92,1019,2021-05-20 17:57:00,PENN
77.9,78.0,77.87,77.95,6115,2021-05-20 17:58:00,PENN
77.88,77.945,77.88,77.945,300,2021-05-20 17:59:00,PENN
77.94,77.94,77.9,77.9,555,2021-05-20 18:00:00,PENN
77.87,77.87,77.72,77.775,1900,2021-05-20 18:01:00,PENN
77.82,77.85,77.78,77.78,4700,2021-05-20 18:02:00,PENN
77.7871,77.7871,77.6748,77.74,1400,2021-05-20 18:03:00,PENN
77.725,77.75,77.69,77.71,1369,2021-05-20 18:04:00,PENN
77.72,77.78,77.715,77.75,900,2021-05-20 18:05:00,PENN
77.759,77.759,77.6832,77.74,985,2021-05-20 18:06:00,PENN
77.7,77.8599,77.7,77.8599,2600,2021-05-20 18:07:00,PENN
77.85,77.85,77.76,77.825,7121,2021-05-20 18:08:00,PENN
77.85,77.85,77.76,77.76,4136,2021-05-20 18:09:00,PENN
77.86,77.86,77.85,77.85,800,2021-05-20 18:10:00,PENN
77.77,77.77,77.64,77.71,3072,2021-05-20 18:11:00,PENN
77.67,77.73,77.67,77.73,1650,2021-05-20 18:12:00,PENN
77.7198,77.74,77.7198,77.74,500,2021-05-20 18:13:00,PENN
77.75,77.75,77.69,77.69,916,2021-05-20 18:14:00,PENN
77.76,77.77,77.72,77.72,1800,2021-05-20 18:15:00,PENN
77.755,77.755,77.61,77.65,900,2021-05-20 18:16:00,PENN
77.6301,77.64,77.56,77.6,6522,2021-05-20 18:17:00,PENN
77.665,77.665,77.63,77.661,1502,2021-05-20 18:18:00,PENN
77.67,77.77,77.67,77.71,4549,2021-05-20 18:19:00,PENN
77.7,77.7,77.64,77.68,1500,2021-05-20 18:20:00,PENN
77.68,77.73,77.68,77.72,1600,2021-05-20 18:21:00,PENN
77.74,77.75,77.7,77.75,900,2021-05-20 18:22:00,PENN
77.75,77.8,77.72,77.7325,1325,2021-05-20 18:23:00,PENN
77.7,77.71,77.63,77.68,1400,2021-05-20 18:24:00,PENN
77.65,77.67,77.65,77.65,1518,2021-05-20 18:25:00,PENN
77.68,77.68,77.595,77.595,2300,2021-05-20 18:26:00,PENN
77.61,77.7,77.57,77.7,2014,2021-05-20 18:27:00,PENN
77.71,77.745,77.7,77.7334,2120,2021-05-20 18:28:00,PENN
77.77,77.87,77.77,77.85,4350,2021-05-20 18:29:00,PENN
77.88,77.9403,77.83,77.9403,3272,2021-05-20 18:30:00,PENN
77.9,77.911,77.83,77.83,700,2021-05-20 18:31:00,PENN
77.84,77.86,77.82,77.82,1308,2021-05-20 18:32:00,PENN
77.82,77.82,77.76,77.8,1700,2021-05-20 18:33:00,PENN
77.75,77.85,77.69,77.84,1955,2021-05-20 18:34:00,PENN
77.89,77.97,77.89,77.97,1700,2021-05-20 18:35:00,PENN
77.94,78.02,77.935,77.96,4298,2021-05-20 18:36:00,PENN
77.97,77.99,77.96,77.96,2800,2021-05-20 18:37:00,PENN
78.0,78.0089,77.95,78.0089,2499,2021-05-20 18:38:00,PENN
77.99,78.02,77.964,77.99,2200,2021-05-20 18:39:00,PENN
77.9584,78.0118,77.9584,77.97,1200,2021-05-20 18:40:00,PENN
78.04,78.04,77.96,77.96,900,2021-05-20 18:41:00,PENN
77.94,77.9799,77.91,77.925,2357,2021-05-20 18:42:00,PENN
77.9058,77.96,77.85,77.8789,4480,2021-05-20 18:43:00,PENN
77.92,77.94,77.83,77.8301,2392,2021-05-20 18:44:00,PENN
77.89,77.95,77.87,77.9,1597,2021-05-20 18:45:00,PENN
77.92,77.95,77.89,77.93,600,2021-05-20 18:46:00,PENN
77.9422,77.9422,77.86,77.88,2975,2021-05-20 18:47:00,PENN
77.95,77.99,77.9,77.99,4029,2021-05-20 18:48:00,PENN
77.99,78.0,77.97,77.9942,2100,2021-05-20 18:49:00,PENN
77.99,78.01,77.96,78.01,32480,2021-05-20 18:50:00,PENN
78.04,78.07,78.0,78.025,1950,2021-05-20 18:51:00,PENN
78.01,78.03,78.0,78.0,1761,2021-05-20 18:52:00,PENN
78.0,78.08,78.0,78.0316,2679,2021-05-20 18:53:00,PENN
78.05,78.11,78.0268,78.11,2648,2021-05-20 18:54:00,PENN
78.0614,78.0614,78.014,78.05,2822,2021-05-20 18:55:00,PENN
78.08,78.11,78.02,78.08,2000,2021-05-20 18:56:00,PENN
78.09,78.1199,78.03,78.1199,2729,2021-05-20 18:57:00,PENN
78.08,78.185,78.08,78.185,6816,2021-05-20 18:58:00,PENN
78.16,78.16,78.03,78.12,2976,2021-05-20 18:59:00,PENN
78.14,78.17,78.01,78.17,2500,2021-05-20 19:00:00,PENN
78.18,78.25,78.14,78.2,2300,2021-05-20 19:01:00,PENN
78.2,78.355,78.2,78.32,5855,2021-05-20 19:02:00,PENN
78.315,78.37,78.28,78.315,4110,2021-05-20 19:03:00,PENN
78.33,78.36,78.225,78.36,3349,2021-05-20 19:04:00,PENN
78.33,78.39,78.3163,78.39,2915,2021-05-20 19:05:00,PENN
78.33,78.3825,78.32,78.355,2451,2021-05-20 19:06:00,PENN
78.33,78.41,78.31,78.41,3301,2021-05-20 19:07:00,PENN
78.39,78.45,78.33,78.33,7457,2021-05-20 19:08:00,PENN
78.4025,78.45,78.35,78.44,5912,2021-05-20 19:09:00,PENN
78.47,78.52,78.44,78.49,4636,2021-05-20 19:10:00,PENN
78.53,78.58,78.49,78.54,6193,2021-05-20 19:11:00,PENN
78.58,78.67,78.54,78.65,11280,2021-05-20 19:12:00,PENN
78.63,78.6634,78.6,78.6,1800,2021-05-20 19:13:00,PENN
78.6156,78.62,78.52,78.52,3238,2021-05-20 19:14:00,PENN
78.55,78.58,78.53,78.5564,4616,2021-05-20 19:15:00,PENN
78.58,78.6298,78.58,78.5902,1824,2021-05-20 19:16:00,PENN
78.6307,78.74,78.6307,78.67,4809,2021-05-20 19:17:00,PENN
78.72,78.78,78.6899,78.7,7338,2021-05-20 19:18:00,PENN
78.67,78.735,78.66,78.66,2502,2021-05-20 19:19:00,PENN
78.64,78.7345,78.64,78.68,3307,2021-05-20 19:20:00,PENN
78.68,78.75,78.67,78.72,2530,2021-05-20 19:21:00,PENN
78.69,78.72,78.66,78.7,2284,2021-05-20 19:22:00,PENN
78.7,78.77,78.675,78.73,2200,2021-05-20 19:23:00,PENN
78.74,78.82,78.71,78.71,6375,2021-05-20 19:24:00,PENN
78.69,78.76,78.68,78.72,5682,2021-05-20 19:25:00,PENN
78.7694,78.7694,78.6801,78.72,5739,2021-05-20 19:26:00,PENN
78.745,78.78,78.71,78.73,5081,2021-05-20 19:27:00,PENN
78.7556,78.77,78.69,78.733,13777,2021-05-20 19:28:00,PENN
78.77,78.77,78.66,78.7105,8583,2021-05-20 19:29:00,PENN
78.73,78.77,78.67,78.71,4631,2021-05-20 19:30:00,PENN
78.66,78.73,78.66,78.7293,3691,2021-05-20 19:31:00,PENN
78.75,78.78,78.73,78.75,10447,2021-05-20 19:32:00,PENN
78.75,78.78,78.7,78.7,8448,2021-05-20 19:33:00,PENN
78.72,78.73,78.67,78.7,6062,2021-05-20 19:34:00,PENN
78.6679,78.72,78.64,78.64,6090,2021-05-20 19:35:00,PENN
78.62,78.65,78.57,78.57,7727,2021-05-20 19:36:00,PENN
78.58,78.58,78.54,78.54,3400,2021-05-20 19:37:00,PENN
78.52,78.53,78.4564,78.5066,6612,2021-05-20 19:38:00,PENN
78.49,78.53,78.471,78.48,2200,2021-05-20 19:39:00,PENN
78.45,78.47,78.42,78.44,7099,2021-05-20 19:40:00,PENN
78.44,78.5,78.3854,78.5,10084,2021-05-20 19:41:00,PENN
78.48,78.49,78.4,78.47,4250,2021-05-20 19:42:00,PENN
78.45,78.47,78.35,78.371,7340,2021-05-20 19:43:00,PENN
78.37,78.48,78.37,78.48,5204,2021-05-20 19:44:00,PENN
78.5,78.63,78.5,78.54,6550,2021-05-20 19:45:00,PENN
78.5338,78.62,78.53,78.57,5750,2021-05-20 19:46:00,PENN
78.54,78.62,78.54,78.62,4150,2021-05-20 19:47:00,PENN
78.59,78.67,78.42,78.46,18237,2021-05-20 19:48:00,PENN
78.5,78.5,78.43,78.43,4992,2021-05-20 19:49:00,PENN
78.39,78.4,78.27,78.32,12482,2021-05-20 19:50:00,PENN
78.31,78.33,78.25,78.31,7020,2021-05-20 19:51:00,PENN
78.29,78.34,78.1964,78.255,67245,2021-05-20 19:52:00,PENN
78.26,78.3,78.23,78.285,8911,2021-05-20 19:53:00,PENN
78.28,78.32,78.15,78.31,21658,2021-05-20 19:54:00,PENN
78.29,78.32,78.21,78.29,18043,2021-05-20 19:55:00,PENN
78.32,78.32,78.1601,78.1601,13184,2021-05-20 19:56:00,PENN
78.18,78.2,78.115,78.1412,28953,2021-05-20 19:57:00,PENN
78.11,78.1385,77.99,77.99,21251,2021-05-20 19:58:00,PENN
77.99,78.19,77.99,78.09,36974,2021-05-20 19:59:00,PENN
78.08,78.08,78.08,78.08,212045,2021-05-20 20:00:00,PENN
78.08,78.08,78.08,78.08,3688,2021-05-20 20:01:00,PENN
78.08,78.08,78.08,78.08,900,2021-05-20 20:04:00,PENN
78.08,78.08,78.08,78.08,634,2021-05-20 20:36:00,PENN
78.11,78.11,78.11,78.11,100,2021-05-20 20:46:00,PENN
78.1,78.1,78.1,78.1,100,2021-05-20 20:48:00,PENN
78.1,78.1,78.1,78.1,300,2021-05-20 20:49:00,PENN
78.27,78.27,78.27,78.27,100,2021-05-20 20:52:00,PENN
78.2367,78.2367,78.2367,78.2367,150,2021-05-20 21:04:00,PENN
78.11,78.11,78.11,78.11,100,2021-05-20 21:47:00,PENN
78.21,78.21,78.21,78.21,147,2021-05-20 22:22:00,PENN
78.24,78.54,78.24,78.54,801,2021-05-20 22:45:00,PENN
78.4,78.4,78.4,78.4,100,2021-05-20 23:53:00,PENN
78.6,78.6,78.6,78.6,100,2021-05-21 11:34:00,PENN
78.99,78.99,78.99,78.99,300,2021-05-21 11:49:00,PENN
79.0,79.0,79.0,79.0,200,2021-05-21 11:54:00,PENN
79.0,79.0,79.0,79.0,598,2021-05-21 11:55:00,PENN
79.0,79.0,79.0,79.0,896,2021-05-21 12:00:00,PENN
79.0,79.0,79.0,79.0,200,2021-05-21 12:01:00,PENN
79.15,79.15,79.15,79.15,100,2021-05-21 12:03:00,PENN
79.3,79.3,79.29,79.3,500,2021-05-21 12:04:00,PENN
79.08,79.08,79.08,79.08,900,2021-05-21 12:12:00,PENN
79.08,79.08,79.08,79.08,300,2021-05-21 12:20:00,PENN
79.49,79.5,79.49,79.5,300,2021-05-21 12:21:00,PENN
79.12,79.12,79.09,79.09,1004,2021-05-21 12:25:00,PENN
79.1,79.1,79.1,79.1,292,2021-05-21 12:26:00,PENN
79.2,79.2,79.2,79.2,2104,2021-05-21 12:28:00,PENN
79.4,79.4,79.3999,79.3999,670,2021-05-21 12:45:00,PENN
79.09,79.09,79.09,79.09,263,2021-05-21 12:47:00,PENN
79.2501,79.2501,79.25,79.25,1400,2021-05-21 12:50:00,PENN
79.39,79.39,79.39,79.39,100,2021-05-21 12:56:00,PENN
79.3999,79.3999,79.3999,79.3999,130,2021-05-21 12:57:00,PENN
79.0,79.0,79.0,79.0,1000,2021-05-21 13:00:00,PENN
79.0,79.0,79.0,79.0,120,2021-05-21 13:02:00,PENN
79.0,79.0,79.0,79.0,135,2021-05-21 13:04:00,PENN
79.05,79.05,79.05,79.05,414,2021-05-21 13:10:00,PENN
79.03,79.03,79.02,79.02,600,2021-05-21 13:16:00,PENN
79.03,79.03,79.03,79.03,100,2021-05-21 13:19:00,PENN
79.05,79.05,79.05,79.05,187,2021-05-21 13:20:00,PENN
79.37,79.45,79.37,79.38,903,2021-05-21 13:23:00,PENN
79.25,79.4,79.25,79.4,772,2021-05-21 13:25:00,PENN
79.45,79.45,79.45,79.45,195,2021-05-21 13:26:00,PENN
79.4,79.7,79.4,79.7,974,2021-05-21 13:27:00,PENN
79.38,79.38,79.18,79.18,1700,2021-05-21 13:29:00,PENN
79.1244,79.29,78.7,79.2841,72444,2021-05-21 13:30:00,PENN
79.1089,79.4,79.0,79.12,16016,2021-05-21 13:31:00,PENN
79.01,79.01,78.55,78.55,11373,2021-05-21 13:32:00,PENN
78.72,78.7467,78.34,78.685,7509,2021-05-21 13:33:00,PENN
78.605,78.73,78.44,78.62,2345,2021-05-21 13:34:00,PENN
78.533,78.5803,78.44,78.535,2363,2021-05-21 13:35:00,PENN
78.47,78.68,78.22,78.68,15500,2021-05-21 13:36:00,PENN
78.565,78.565,78.43,78.5,3004,2021-05-21 13:37:00,PENN
78.52,78.58,78.2482,78.45,2420,2021-05-21 13:38:00,PENN
78.47,78.6,78.33,78.49,7540,2021-05-21 13:39:00,PENN
78.48,78.73,78.48,78.511,3725,2021-05-21 13:40:00,PENN
78.54,78.8351,78.54,78.7271,8135,2021-05-21 13:41:00,PENN
78.7285,78.9285,78.66,78.9285,2871,2021-05-21 13:42:00,PENN
78.95,78.96,78.8883,78.8883,4133,2021-05-21 13:43:00,PENN
78.94,79.45,78.8119,79.3892,33758,2021-05-21 13:44:00,PENN
79.32,79.4182,78.91,79.11,8466,2021-05-21 13:45:00,PENN
79.0,79.35,78.9715,79.32,5207,2021-05-21 13:46:00,PENN
79.3019,79.514,79.14,79.15,7650,2021-05-21 13:47:00,PENN
79.31,79.48,79.07,79.47,4068,2021-05-21 13:48:00,PENN
79.3638,79.61,79.3638,79.48,8304,2021-05-21 13:49:00,PENN
79.47,79.65,79.181,79.181,4948,2021-05-21 13:50:00,PENN
79.18,79.36,79.1,79.36,2591,2021-05-21 13:51:00,PENN
79.409,79.42,79.31,79.375,2276,2021-05-21 13:52:00,PENN
79.375,79.59,79.21,79.59,18319,2021-05-21 13:53:00,PENN
79.554,79.78,79.465,79.52,5879,2021-05-21 13:54:00,PENN
79.525,79.66,79.35,79.38,12080,2021-05-21 13:55:00,PENN
79.43,79.645,79.43,79.58,10455,2021-05-21 13:56:00,PENN
79.67,79.94,79.67,79.77,21631,2021-05-21 13:57:00,PENN
79.79,80.0632,79.79,79.8856,15663,2021-05-21 13:58:00,PENN
79.92,79.96,79.77,79.78,3422,2021-05-21 13:59:00,PENN
79.875,79.9099,79.7,79.7,4274,2021-05-21 14:00:00,PENN
79.75,79.75,79.37,79.44,9560,2021-05-21 14:01:00,PENN
79.4366,79.71,79.4366,79.5,7555,2021-05-21 14:02:00,PENN
79.5,79.75,79.48,79.72,4995,2021-05-21 14:03:00,PENN
79.75,79.75,79.62,79.75,11684,2021-05-21 14:04:00,PENN
79.72,79.81,79.51,79.51,4677,2021-05-21 14:05:00,PENN
79.6,79.69,79.47,79.49,6665,2021-05-21 14:06:00,PENN
79.48,79.5,79.18,79.3199,8760,2021-05-21 14:07:00,PENN
79.28,79.36,79.18,79.18,12974,2021-05-21 14:08:00,PENN
79.19,79.325,79.06,79.325,8466,2021-05-21 14:09:00,PENN
79.349,79.4056,79.21,79.21,3673,2021-05-21 14:10:00,PENN
79.1179,79.2004,79.0001,79.09,10928,2021-05-21 14:11:00,PENN
79.1099,79.24,79.07,79.11,78676,2021-05-21 14:12:00,PENN
79.09,79.16,79.01,79.08,11905,2021-05-21 14:13:00,PENN
79.02,79.12,78.86,78.9043,8747,2021-05-21 14:14:00,PENN
78.9799,78.9799,78.57,78.67,9832,2021-05-21 14:15:00,PENN
78.67,78.67,78.57,78.66,4478,2021-05-21 14:16:00,PENN
78.57,78.6,78.25,78.3901,11519,2021-05-21 14:17:00,PENN
78.3972,78.3972,78.2201,78.27,10750,2021-05-21 14:18:00,PENN
78.3,78.48,78.28,78.48,1716,2021-05-21 14:19:00,PENN
78.49,78.648,78.48,78.48,3226,2021-05-21 14:20:00,PENN
78.42,78.46,78.255,78.28,6273,2021-05-21 14:21:00,PENN
78.23,78.38,78.2,78.37,5274,2021-05-21 14:22:00,PENN
78.4,78.41,78.27,78.28,5703,2021-05-21 14:23:00,PENN
78.32,78.4358,78.32,78.4,15219,2021-05-21 14:24:00,PENN
78.365,78.56,78.365,78.5261,8173,2021-05-21 14:25:00,PENN
78.55,78.6197,78.25,78.25,3136,2021-05-21 14:26:00,PENN
78.2017,78.5,78.19,78.315,6956,2021-05-21 14:27:00,PENN
78.3172,78.4,78.315,78.4,2786,2021-05-21 14:28:00,PENN
78.33,78.5,78.31,78.46,4097,2021-05-21 14:29:00,PENN
78.4128,78.59,78.41,78.59,3700,2021-05-21 14:30:00,PENN
78.5769,78.73,78.53,78.6689,5218,2021-05-21 14:31:00,PENN
78.63,78.7239,78.5201,78.685,5833,2021-05-21 14:32:00,PENN
78.74,78.74,78.63,78.68,2546,2021-05-21 14:33:00,PENN
78.64,78.78,78.58,78.735,4411,2021-05-21 14:34:00,PENN
78.79,78.94,78.78,78.87,6797,2021-05-21 14:35:00,PENN
78.7683,78.88,78.64,78.6888,11778,2021-05-21 14:36:00,PENN
78.64,78.64,78.39,78.49,6396,2021-05-21 14:37:00,PENN
78.44,78.53,78.44,78.53,380,2021-05-21 14:38:00,PENN
78.482,78.482,78.35,78.45,5706,2021-05-21 14:39:00,PENN
78.33,78.39,78.25,78.25,5665,2021-05-21 14:40:00,PENN
78.23,78.26,78.11,78.23,6267,2021-05-21 14:41:00,PENN
78.165,78.22,78.0435,78.0435,3507,2021-05-21 14:42:00,PENN
78.07,78.22,78.07,78.19,3661,2021-05-21 14:43:00,PENN
78.22,78.22,78.13,78.18,4027,2021-05-21 14:44:00,PENN
78.14,78.24,77.99,78.0435,5568,2021-05-21 14:45:00,PENN
78.08,78.26,78.06,78.06,2185,2021-05-21 14:46:00,PENN
78.1,78.1,77.9501,78.025,3008,2021-05-21 14:47:00,PENN
78.0388,78.0388,77.88,77.99,9324,2021-05-21 14:48:00,PENN
77.91,78.05,77.91,78.05,3505,2021-05-21 14:49:00,PENN
77.99,78.21,77.98,78.21,2082,2021-05-21 14:50:00,PENN
78.2799,78.2799,78.12,78.2,1300,2021-05-21 14:51:00,PENN
78.155,78.27,78.1207,78.26,3105,2021-05-21 14:52:00,PENN
78.26,78.2705,78.17,78.225,3931,2021-05-21 14:53:00,PENN
78.215,78.27,78.16,78.17,5668,2021-05-21 14:54:00,PENN
78.23,78.42,78.23,78.38,4495,2021-05-21 14:55:00,PENN
78.33,78.34,78.19,78.34,3360,2021-05-21 14:56:00,PENN
78.315,78.38,78.22,78.315,3442,2021-05-21 14:57:00,PENN
78.31,78.5,78.31,78.415,3500,2021-05-21 14:58:00,PENN
78.41,78.54,78.37,78.54,2800,2021-05-21 14:59:00,PENN
78.4807,78.55,78.43,78.495,4234,2021-05-21 15:00:00,PENN
78.42,78.58,78.42,78.51,1033,2021-05-21 15:01:00,PENN
78.55,78.7,78.49,78.625,7481,2021-05-21 15:02:00,PENN
78.57,78.64,78.51,78.6,6028,2021-05-21 15:03:00,PENN
78.63,78.66,78.6,78.63,700,2021-05-21 15:04:00,PENN
78.67,78.67,78.59,78.62,1420,2021-05-21 15:05:00,PENN
78.6604,78.8,78.6604,78.745,3498,2021-05-21 15:06:00,PENN
78.73,78.78,78.7,78.78,3562,2021-05-21 15:07:00,PENN
78.8,78.8228,78.7312,78.8228,2071,2021-05-21 15:08:00,PENN
78.8288,78.89,78.76,78.86,7118,2021-05-21 15:09:00,PENN
78.802,78.8791,78.77,78.8,2650,2021-05-21 15:10:00,PENN
78.81,78.91,78.73,78.91,5519,2021-05-21 15:11:00,PENN
78.87,78.88,78.8,78.8,4529,2021-05-21 15:12:00,PENN
78.75,78.8782,78.6801,78.8782,3650,2021-05-21 15:13:00,PENN
78.845,78.88,78.835,78.835,2350,2021-05-21 15:14:00,PENN
78.8,78.84,78.745,78.83,2330,2021-05-21 15:15:00,PENN
78.8,78.8,78.68,78.68,1800,2021-05-21 15:16:00,PENN
78.6689,78.67,78.54,78.54,4565,2021-05-21 15:17:00,PENN
78.51,78.61,78.5,78.575,4251,2021-05-21 15:18:00,PENN
78.6,78.6108,78.51,78.59,5903,2021-05-21 15:19:00,PENN
78.58,78.585,78.4837,78.4837,900,2021-05-21 15:20:00,PENN
78.55,78.56,78.47,78.56,1300,2021-05-21 15:21:00,PENN
78.55,78.585,78.49,78.58,1900,2021-05-21 15:22:00,PENN
78.62,78.63,78.56,78.6,3491,2021-05-21 15:23:00,PENN
78.54,78.5411,78.46,78.46,1566,2021-05-21 15:24:00,PENN
78.52,78.59,78.505,78.505,2500,2021-05-21 15:25:00,PENN
78.48,78.51,78.4337,78.45,5104,2021-05-21 15:26:00,PENN
78.36,78.38,78.21,78.26,8225,2021-05-21 15:27:00,PENN
78.16,78.26,78.13,78.2,6792,2021-05-21 15:28:00,PENN
78.16,78.21,78.02,78.11,6716,2021-05-21 15:29:00,PENN
78.12,78.155,78.08,78.12,4900,2021-05-21 15:30:00,PENN
78.13,78.16,78.105,78.16,800,2021-05-21 15:31:00,PENN
78.11,78.27,78.11,78.27,6223,2021-05-21 15:32:00,PENN
78.3,78.37,78.19,78.25,7040,2021-05-21 15:33:00,PENN
78.29,78.29,78.15,78.22,3377,2021-05-21 15:34:00,PENN
78.19,78.2,78.14,78.2,4662,2021-05-21 15:35:00,PENN
78.17,78.17,78.09,78.1166,3320,2021-05-21 15:36:00,PENN
78.1311,78.178,78.12,78.1678,1000,2021-05-21 15:37:00,PENN
78.08,78.1,77.99,78.05,13338,2021-05-21 15:38:00,PENN
78.1,78.13,78.09,78.105,1350,2021-05-21 15:39:00,PENN
78.13,78.235,78.13,78.19,3350,2021-05-21 15:40:00,PENN
78.16,78.21,78.16,78.16,1100,2021-05-21 15:41:00,PENN
78.13,78.1387,78.02,78.1238,10153,2021-05-21 15:42:00,PENN
78.115,78.2,78.08,78.2,1050,2021-05-21 15:43:00,PENN
78.26,78.32,78.19,78.2,3093,2021-05-21 15:44:00,PENN
78.26,78.355,78.26,78.355,2000,2021-05-21 15:45:00,PENN
78.27,78.28,78.21,78.2284,2306,2021-05-21 15:46:00,PENN
78.27,78.3,78.2,78.2347,2620,2021-05-21 15:47:00,PENN
78.25,78.29,78.25,78.29,1715,2021-05-21 15:48:00,PENN
78.32,78.35,78.2,78.29,3620,2021-05-21 15:49:00,PENN
78.23,78.295,78.23,78.29,681,2021-05-21 15:50:00,PENN
78.3111,78.35,78.25,78.25,5600,2021-05-21 15:51:00,PENN
78.24,78.36,78.22,78.3395,4980,2021-05-21 15:52:00,PENN
78.33,78.33,78.255,78.255,1015,2021-05-21 15:53:00,PENN
78.22,78.22,78.09,78.15,5862,2021-05-21 15:54:00,PENN
78.13,78.13,78.0,78.06,1572,2021-05-21 15:55:00,PENN
78.02,78.1,77.97,77.97,1981,2021-05-21 15:56:00,PENN
77.986,78.04,77.96,77.96,2950,2021-05-21 15:57:00,PENN
77.975,78.01,77.95,77.955,2967,2021-05-21 15:58:00,PENN
77.98,78.1,77.98,78.085,3100,2021-05-21 15:59:00,PENN
78.15,78.15,78.04,78.07,2217,2021-05-21 16:00:00,PENN
78.0,78.0,77.94,77.975,1044,2021-05-21 16:01:00,PENN
77.95,78.0127,77.93,78.0127,2928,2021-05-21 16:02:00,PENN
78.05,78.19,78.05,78.19,4500,2021-05-21 16:03:00,PENN
78.17,78.25,78.14,78.17,5199,2021-05-21 16:04:00,PENN
78.16,78.22,78.16,78.2,1243,2021-05-21 16:05:00,PENN
78.1117,78.25,78.11,78.25,800,2021-05-21 16:06:00,PENN
78.29,78.34,78.23,78.25,2275,2021-05-21 16:07:00,PENN
78.28,78.28,78.04,78.0505,4526,2021-05-21 16:08:00,PENN
78.06,78.23,78.05,78.16,3358,2021-05-21 16:09:00,PENN
78.1864,78.22,78.18,78.18,545,2021-05-21 16:10:00,PENN
78.1612,78.2,78.12,78.2,2204,2021-05-21 16:11:00,PENN
78.1501,78.25,78.15,78.25,1000,2021-05-21 16:12:00,PENN
78.26,78.3,78.17,78.17,962,2021-05-21 16:13:00,PENN
78.1671,78.2,78.1671,78.17,5000,2021-05-21 16:14:00,PENN
78.17,78.26,78.13,78.26,3626,2021-05-21 16:15:00,PENN
78.245,78.29,78.245,78.28,1442,2021-05-21 16:16:00,PENN
78.245,78.245,78.19,78.19,600,2021-05-21 16:17:00,PENN
78.15,78.21,78.15,78.19,2255,2021-05-21 16:18:00,PENN
78.19,78.25,78.175,78.22,800,2021-05-21 16:19:00,PENN
78.19,78.23,78.1401,78.23,1900,2021-05-21 16:20:00,PENN
78.21,78.22,78.19,78.1972,500,2021-05-21 16:21:00,PENN
78.215,78.2443,78.18,78.2,954,2021-05-21 16:22:00,PENN
78.23,78.24,78.16,78.16,3015,2021-05-21 16:23:00,PENN
78.15,78.16,78.11,78.15,3913,2021-05-21 16:24:00,PENN
78.15,78.175,78.14,78.175,1930,2021-05-21 16:25:00,PENN
78.1488,78.1709,78.09,78.09,1245,2021-05-21 16:26:00,PENN
78.12,78.18,78.116,78.14,4297,2021-05-21 16:27:00,PENN
78.13,78.18,78.09,78.18,3096,2021-05-21 16:28:00,PENN
78.185,78.185,78.15,78.15,525,2021-05-21 16:29:00,PENN
78.22,78.22,78.19,78.19,991,2021-05-21 16:30:00,PENN
78.19,78.22,78.155,78.155,2647,2021-05-21 16:31:00,PENN
78.13,78.16,78.11,78.11,1759,2021-05-21 16:32:00,PENN
78.115,78.14,78.1,78.11,2114,2021-05-21 16:33:00,PENN
78.15,78.15,78.08,78.08,1219,2021-05-21 16:34:00,PENN
78.11,78.15,78.035,78.06,3606,2021-05-21 16:35:00,PENN
78.08,78.12,78.07,78.07,1876,2021-05-21 16:36:00,PENN
78.07,78.12,78.07,78.12,800,2021-05-21 16:37:00,PENN
78.14,78.15,78.05,78.1,3420,2021-05-21 16:38:00,PENN
78.105,78.21,78.105,78.141,10673,2021-05-21 16:39:00,PENN
78.18,78.25,78.16,78.24,3619,2021-05-21 16:40:00,PENN
78.215,78.27,78.2065,78.24,5473,2021-05-21 16:41:00,PENN
78.27,78.27,78.2,78.2,1956,2021-05-21 16:42:00,PENN
78.19,78.2684,78.1874,78.2684,4800,2021-05-21 16:43:00,PENN
78.27,78.345,78.27,78.32,2448,2021-05-21 16:44:00,PENN
78.32,78.32,78.24,78.2692,1353,2021-05-21 16:45:00,PENN
78.24,78.25,78.13,78.2,2371,2021-05-21 16:46:00,PENN
78.17,78.19,78.09,78.115,2443,2021-05-21 16:47:00,PENN
78.0796,78.09,78.03,78.055,1693,2021-05-21 16:48:00,PENN
78.08,78.14,78.08,78.14,1300,2021-05-21 16:49:00,PENN
78.07,78.09,77.98,78.05,4007,2021-05-21 16:50:00,PENN
78.05,78.07,78.02,78.02,900,2021-05-21 16:51:00,PENN
78.02,78.05,77.99,78.045,4703,2021-05-21 16:52:00,PENN
77.99,77.991,77.82,77.83,7630,2021-05-21 16:53:00,PENN
77.86,77.9,77.82,77.82,7624,2021-05-21 16:54:00,PENN
77.78,77.83,77.68,77.7,10520,2021-05-21 16:55:00,PENN
77.7,77.77,77.61,77.77,2432,2021-05-21 16:56:00,PENN
77.78,77.95,77.78,77.95,4912,2021-05-21 16:57:00,PENN
77.95,78.07,77.95,78.04,4248,2021-05-21 16:58:00,PENN
78.065,78.07,78.01,78.04,2000,2021-05-21 16:59:00,PENN
78.05,78.1887,78.0,78.18,2190,2021-05-21 17:00:00,PENN
78.195,78.195,78.095,78.095,1246,2021-05-21 17:01:00,PENN
78.04,78.07,77.97,78.07,2641,2021-05-21 17:02:00,PENN
77.99,78.05,77.99,78.035,2707,2021-05-21 17:03:00,PENN
78.0,78.07,77.92,78.0,18575,2021-05-21 17:04:00,PENN
78.05,78.12,78.05,78.075,1119,2021-05-21 17:05:00,PENN
78.02,78.07,77.99,78.07,1720,2021-05-21 17:06:00,PENN
78.1,78.1,78.08,78.08,679,2021-05-21 17:07:00,PENN
78.11,78.14,78.1,78.14,1500,2021-05-21 17:08:00,PENN
78.16,78.16,78.075,78.075,1236,2021-05-21 17:09:00,PENN
78.055,78.16,78.03,78.16,2018,2021-05-21 17:10:00,PENN
78.14,78.1664,78.12,78.125,1156,2021-05-21 17:11:00,PENN
78.1,78.13,78.05,78.085,2766,2021-05-21 17:12:00,PENN
78.07,78.1,78.065,78.1,700,2021-05-21 17:13:00,PENN
78.051,78.06,78.03,78.05,5520,2021-05-21 17:14:00,PENN
78.035,78.035,77.94,77.94,4050,2021-05-21 17:15:00,PENN
77.93,77.9404,77.89,77.89,4190,2021-05-21 17:16:00,PENN
77.92,77.95,77.89,77.9,3371,2021-05-21 17:17:00,PENN
77.91,78.05,77.89,78.01,6143,2021-05-21 17:18:00,PENN
78.0,78.0381,77.98,78.0381,1450,2021-05-21 17:19:00,PENN
78.07,78.145,78.06,78.1,1500,2021-05-21 17:20:00,PENN
78.1283,78.22,78.1283,78.22,400,2021-05-21 17:21:00,PENN
78.19,78.34,78.19,78.315,7749,2021-05-21 17:22:00,PENN
78.3,78.31,78.23,78.23,4965,2021-05-21 17:23:00,PENN
78.21,78.21,78.15,78.175,3001,2021-05-21 17:24:00,PENN
78.17,78.2,78.11,78.11,1050,2021-05-21 17:25:00,PENN
78.18,78.18,78.13,78.15,817,2021-05-21 17:26:00,PENN
78.14,78.14,78.04,78.1,7303,2021-05-21 17:27:00,PENN
78.13,78.14,78.075,78.075,1249,2021-05-21 17:28:00,PENN
78.075,78.13,78.075,78.13,1501,2021-05-21 17:29:00,PENN
78.0941,78.12,78.09,78.12,1451,2021-05-21 17:30:00,PENN
78.14,78.28,78.14,78.265,3348,2021-05-21 17:31:00,PENN
78.27,78.35,78.27,78.35,4869,2021-05-21 17:32:00,PENN
78.33,78.38,78.33,78.35,1900,2021-05-21 17:33:00,PENN
78.33,78.33,78.32,78.325,1732,2021-05-21 17:34:00,PENN
78.31,78.31,78.27,78.27,1900,2021-05-21 17:35:00,PENN
78.26,78.26,78.25,78.25,837,2021-05-21 17:36:00,PENN
78.2634,78.36,78.24,78.36,6060,2021-05-21 17:37:00,PENN
78.37,78.44,78.37,78.37,6670,2021-05-21 17:38:00,PENN
78.385,78.4,78.32,78.32,4146,2021-05-21 17:39:00,PENN
78.31,78.37,78.31,78.32,3809,2021-05-21 17:40:00,PENN
78.3004,78.3399,78.3004,78.31,1700,2021-05-21 17:41:00,PENN
78.32,78.33,78.24,78.25,6420,2021-05-21 17:42:00,PENN
78.25,78.25,78.14,78.14,1439,2021-05-21 17:43:00,PENN
78.19,78.28,78.19,78.25,2680,2021-05-21 17:44:00,PENN
78.255,78.255,78.21,78.21,200,2021-05-21 17:45:00,PENN
78.21,78.32,78.21,78.32,2258,2021-05-21 17:46:00,PENN
78.325,78.35,78.3044,78.32,1355,2021-05-21 17:47:00,PENN
78.3,78.31,78.285,78.31,630,2021-05-21 17:48:00,PENN
78.29,78.31,78.28,78.3,1300,2021-05-21 17:49:00,PENN
78.3,78.3,78.21,78.27,3075,2021-05-21 17:50:00,PENN
78.3,78.335,78.3,78.32,1693,2021-05-21 17:51:00,PENN
78.24,78.24,78.24,78.24,100,2021-05-21 17:52:00,PENN
78.27,78.33,78.27,78.27,1800,2021-05-21 17:53:00,PENN
78.26,78.26,78.22,78.22,900,2021-05-21 17:54:00,PENN
78.2,78.25,78.17,78.18,4162,2021-05-21 17:55:00,PENN
78.22,78.22,78.19,78.21,2919,2021-05-21 17:56:00,PENN
78.19,78.255,78.19,78.23,2648,2021-05-21 17:57:00,PENN
78.27,78.27,78.175,78.175,1073,2021-05-21 17:58:00,PENN
78.2,78.22,78.18,78.22,1119,2021-05-21 17:59:00,PENN
78.27,78.27,78.22,78.22,1900,2021-05-21 18:00:00,PENN
78.2016,78.25,78.2016,78.2362,5775,2021-05-21 18:01:00,PENN
78.2,78.38,78.18,78.36,10888,2021-05-21 18:02:00,PENN
78.3799,78.5,78.37,78.42,12028,2021-05-21 18:03:00,PENN
78.39,78.41,78.275,78.41,4500,2021-05-21 18:04:00,PENN
78.45,78.5299,78.44,78.44,4879,2021-05-21 18:05:00,PENN
78.41,78.42,78.3671,78.37,1200,2021-05-21 18:06:00,PENN
78.38,78.515,78.38,78.51,7413,2021-05-21 18:07:00,PENN
78.54,78.61,78.515,78.53,5262,2021-05-21 18:08:00,PENN
78.5,78.51,78.44,78.44,4616,2021-05-21 18:09:00,PENN
78.43,78.44,78.38,78.44,2908,2021-05-21 18:10:00,PENN
78.43,78.43,78.4,78.43,1577,2021-05-21 18:11:00,PENN
78.43,78.43,78.4058,78.415,450,2021-05-21 18:12:00,PENN
78.44,78.45,78.39,78.41,3200,2021-05-21 18:13:00,PENN
78.41,78.41,78.38,78.38,1012,2021-05-21 18:14:00,PENN
78.38,78.455,78.37,78.42,2731,2021-05-21 18:15:00,PENN
78.415,78.57,78.415,78.54,10308,2021-05-21 18:16:00,PENN
78.53,78.535,78.435,78.46,3976,2021-05-21 18:17:00,PENN
78.45,78.49,78.45,78.46,595,2021-05-21 18:18:00,PENN
78.4781,78.4781,78.43,78.46,3642,2021-05-21 18:19:00,PENN
78.44,78.46,78.4,78.41,6333,2021-05-21 18:20:00,PENN
78.43,78.45,78.4,78.4,2400,2021-05-21 18:21:00,PENN
78.4,78.44,78.39,78.39,2200,2021-05-21 18:22:00,PENN
78.41,78.49,78.395,78.41,3600,2021-05-21 18:23:00,PENN
78.44,78.5,78.43,78.44,1864,2021-05-21 18:24:00,PENN
78.43,78.48,78.38,78.38,2950,2021-05-21 18:25:00,PENN
78.395,78.49,78.36,78.48,4571,2021-05-21 18:26:00,PENN
78.5077,78.5077,78.39,78.43,1523,2021-05-21 18:27:00,PENN
78.39,78.39,78.23,78.315,3482,2021-05-21 18:28:00,PENN
78.37,78.4,78.33,78.33,1000,2021-05-21 18:29:00,PENN
78.36,78.37,78.29,78.33,2197,2021-05-21 18:30:00,PENN
78.36,78.4,78.36,78.4,400,2021-05-21 18:31:00,PENN
78.399,78.43,78.375,78.413,1625,2021-05-21 18:32:00,PENN
78.41,78.41,78.325,78.325,1700,2021-05-21 18:33:00,PENN
78.325,78.35,78.29,78.34,4620,2021-05-21 18:34:00,PENN
78.3541,78.4,78.3481,78.38,1710,2021-05-21 18:35:00,PENN
78.39,78.4,78.305,78.33,1784,2021-05-21 18:36:00,PENN
78.37,78.43,78.36,78.43,1900,2021-05-21 18:37:00,PENN
78.39,78.43,78.15,78.17,5016,2021-05-21 18:38:00,PENN
78.19,78.24,78.17,78.21,6896,2021-05-21 18:39:00,PENN
78.26,78.28,78.14,78.1802,5150,2021-05-21 18:40:00,PENN
78.2,78.2,78.11,78.19,1293,2021-05-21 18:41:00,PENN
78.2,78.25,78.18,78.23,3795,2021-05-21 18:42:00,PENN
78.19,78.21,78.13,78.13,5546,2021-05-21 18:43:00,PENN
78.15,78.19,78.14,78.19,1100,2021-05-21 18:44:00,PENN
78.23,78.25,78.22,78.225,1700,2021-05-21 18:45:00,PENN
78.26,78.369,78.24,78.34,3122,2021-05-21 18:46:00,PENN
78.34,78.41,78.33,78.41,3667,2021-05-21 18:47:00,PENN
78.43,78.43,78.375,78.39,1725,2021-05-21 18:48:00,PENN
78.39,78.4,78.36,78.36,1400,2021-05-21 18:49:00,PENN
78.35,78.3873,78.34,78.38,1400,2021-05-21 18:50:00,PENN
78.38,78.38,78.31,78.31,1500,2021-05-21 18:51:00,PENN
78.275,78.43,78.24,78.365,23832,2021-05-21 18:52:00,PENN
78.39,78.42,78.38,78.42,1336,2021-05-21 18:53:00,PENN
78.4,78.49,78.39,78.45,9878,2021-05-21 18:54:00,PENN
78.46,78.48,78.38,78.42,2362,2021-05-21 18:55:00,PENN
78.4,78.47,78.3855,78.455,2236,2021-05-21 18:56:00,PENN
78.46,78.47,78.38,78.38,3924,2021-05-21 18:57:00,PENN
78.36,78.38,78.32,78.37,5038,2021-05-21 18:58:00,PENN
78.35,78.36,78.27,78.29,4143,2021-05-21 18:59:00,PENN
78.305,78.33,78.16,78.19,6570,2021-05-21 19:00:00,PENN
78.2,78.23,78.15,78.17,6628,2021-05-21 19:01:00,PENN
78.19,78.2,78.16,78.175,2511,2021-05-21 19:02:00,PENN
78.13,78.16,78.05,78.07,4998,2021-05-21 19:03:00,PENN
78.05,78.05,77.95,78.0443,13506,2021-05-21 19:04:00,PENN
78.0492,78.06,78.0339,78.04,1460,2021-05-21 19:05:00,PENN
78.0,78.01,77.9,77.9,8517,2021-05-21 19:06:00,PENN
77.9399,77.97,77.92,77.9215,4992,2021-05-21 19:07:00,PENN
77.9395,77.965,77.9395,77.96,2797,2021-05-21 19:08:00,PENN
77.935,77.9508,77.83,77.85,3289,2021-05-21 19:09:00,PENN
77.88,77.94,77.85,77.93,6749,2021-05-21 19:10:00,PENN
77.935,78.01,77.935,78.01,9976,2021-05-21 19:11:00,PENN
77.96,78.01,77.95,77.98,800,2021-05-21 19:12:00,PENN
78.01,78.01,77.87,77.89,9101,2021-05-21 19:13:00,PENN
77.89,77.89,77.8,77.814,5580,2021-05-21 19:14:00,PENN
77.81,77.86,77.77,77.86,4890,2021-05-21 19:15:00,PENN
77.86,77.91,77.85,77.86,6100,2021-05-21 19:16:00,PENN
77.87,77.88,77.81,77.82,2200,2021-05-21 19:17:00,PENN
77.77,77.86,77.77,77.86,7314,2021-05-21 19:18:00,PENN
77.83,77.87,77.83,77.84,3280,2021-05-21 19:19:00,PENN
77.84,77.88,77.83,77.87,2102,2021-05-21 19:20:00,PENN
77.86,77.86,77.81,77.81,3020,2021-05-21 19:21:00,PENN
77.8,77.82,77.77,77.7824,2128,2021-05-21 19:22:00,PENN
77.75,77.85,77.74,77.85,7349,2021-05-21 19:23:00,PENN
77.85,77.88,77.84,77.88,3130,2021-05-21 19:24:00,PENN
77.86,77.93,77.75,77.8979,8286,2021-05-21 19:25:00,PENN
77.91,77.98,77.9,77.975,6171,2021-05-21 19:26:00,PENN
77.993,77.993,77.905,77.905,2300,2021-05-21 19:27:00,PENN
77.92,77.92,77.87,77.885,9125,2021-05-21 19:28:00,PENN
77.87,77.87,77.83,77.8345,5081,2021-05-21 19:29:00,PENN
77.83,77.84,77.75,77.76,6213,2021-05-21 19:30:00,PENN
77.735,77.75,77.64,77.69,12345,2021-05-21 19:31:00,PENN
77.7,77.73,77.66,77.71,7576,2021-05-21 19:32:00,PENN
77.7,77.705,77.6669,77.6703,4271,2021-05-21 19:33:00,PENN
77.68,77.68,77.57,77.6,10198,2021-05-21 19:34:00,PENN
77.5916,77.72,77.5916,77.72,8594,2021-05-21 19:35:00,PENN
77.73,77.83,77.73,77.785,8790,2021-05-21 19:36:00,PENN
77.78,77.83,77.78,77.8,4670,2021-05-21 19:37:00,PENN
77.8,77.8138,77.605,77.605,7214,2021-05-21 19:38:00,PENN
77.61,77.72,77.605,77.67,5683,2021-05-21 19:39:00,PENN
77.58,77.61,77.55,77.61,8758,2021-05-21 19:40:00,PENN
77.58,77.61,77.5,77.51,9074,2021-05-21 19:41:00,PENN
77.52,77.538,77.42,77.44,17975,2021-05-21 19:42:00,PENN
77.43,77.43,77.31,77.35,17190,2021-05-21 19:43:00,PENN
77.33,77.4,77.3001,77.31,17170,2021-05-21 19:44:00,PENN
77.3,77.32,77.21,77.25,11979,2021-05-21 19:45:00,PENN
77.27,77.35,77.27,77.31,9821,2021-05-21 19:46:00,PENN
77.28,77.3,77.22,77.22,9555,2021-05-21 19:47:00,PENN
77.23,77.23,77.11,77.145,18538,2021-05-21 19:48:00,PENN
77.1599,77.35,77.13,77.35,23906,2021-05-21 19:49:00,PENN
77.35,77.35,77.13,77.25,23574,2021-05-21 19:50:00,PENN
77.22,77.25,77.19,77.24,9321,2021-05-21 19:51:00,PENN
77.24,77.325,77.22,77.31,12037,2021-05-21 19:52:00,PENN
77.305,77.4032,77.2901,77.385,17420,2021-05-21 19:53:00,PENN
77.38,77.48,77.21,77.43,43607,2021-05-21 19:54:00,PENN
77.42,77.52,77.38,77.4,25588,2021-05-21 19:55:00,PENN
77.43,77.495,77.41,77.42,25448,2021-05-21 19:56:00,PENN
77.43,77.5,77.42,77.5,15933,2021-05-21 19:57:00,PENN
77.49,77.5,77.43,77.44,21759,2021-05-21 19:58:00,PENN
77.44,77.58,77.44,77.56,83986,2021-05-21 19:59:00,PENN
77.57,77.57,77.57,77.57,400497,2021-05-21 20:00:00,PENN
77.57,77.57,77.57,77.57,865,2021-05-21 20:01:00,PENN
77.57,77.57,77.57,77.57,310278,2021-05-21 20:04:00,PENN
77.5,77.5,77.5,77.5,165,2021-05-21 20:10:00,PENN
77.56,77.56,77.56,77.56,100,2021-05-21 20:11:00,PENN
77.52,77.52,77.52,77.52,100,2021-05-21 20:13:00,PENN
77.57,77.57,77.57,77.57,100,2021-05-21 20:20:00,PENN
77.53,77.53,77.5,77.5,700,2021-05-21 20:35:00,PENN
77.5,77.5,77.5,77.5,150,2021-05-21 20:41:00,PENN
77.57,77.57,77.51,77.51,57320,2021-05-21 20:45:00,PENN
77.7196,77.7196,77.7196,77.7196,500,2021-05-21 20:56:00,PENN
77.57,77.57,77.57,77.57,200,2021-05-21 21:02:00,PENN
77.56,77.56,77.56,77.56,200,2021-05-21 21:03:00,PENN
77.51,77.51,77.02,77.02,1382,2021-05-21 21:16:00,PENN
77.57,77.57,77.57,77.57,15557,2021-05-21 21:36:00,PENN
77.48,77.73,77.48,77.73,1322,2021-05-21 21:44:00,PENN
77.11,77.11,77.11,77.11,400,2021-05-21 22:10:00,PENN
77.6,77.6,77.6,77.6,400,2021-05-21 22:28:00,PENN
77.58,77.58,77.58,77.58,200,2021-05-21 22:37:00,PENN
77.6,77.6,77.6,77.6,1000,2021-05-21 23:02:00,PENN
77.55,77.55,77.55,77.55,133,2021-05-21 23:28:00,PENN
77.4,77.4,77.4,77.4,101,2021-05-21 23:57:00,PENN
78.0,78.0,78.0,78.0,100,2021-05-24 11:04:00,PENN
78.0,78.0,78.0,78.0,600,2021-05-24 11:31:00,PENN
78.5,78.5,78.5,78.5,160,2021-05-24 12:13:00,PENN
78.1499,78.15,78.1499,78.15,200,2021-05-24 12:23:00,PENN
78.0,78.0,78.0,78.0,1800,2021-05-24 12:32:00,PENN
78.17,78.17,78.17,78.17,200,2021-05-24 12:33:00,PENN
78.3,78.3,78.3,78.3,600,2021-05-24 12:38:00,PENN
78.19,78.2,78.19,78.2,219,2021-05-24 12:58:00,PENN
78.3,78.3,78.0,78.0,583,2021-05-24 13:07:00,PENN
78.01,78.01,78.01,78.01,100,2021-05-24 13:10:00,PENN
78.14,78.14,78.14,78.14,100,2021-05-24 13:17:00,PENN
78.3,78.3,78.3,78.3,364,2021-05-24 13:25:00,PENN
78.11,78.11,78.02,78.07,1412,2021-05-24 13:26:00,PENN
77.91,78.0,77.63,77.63,2023,2021-05-24 13:27:00,PENN
77.77,78.175,77.64,77.795,51039,2021-05-24 13:30:00,PENN
77.63,77.8599,77.32,77.51,4961,2021-05-24 13:31:00,PENN
77.6816,77.74,77.5,77.5,1353,2021-05-24 13:32:00,PENN
77.3,77.505,77.15,77.352,5330,2021-05-24 13:33:00,PENN
77.346,77.5,77.266,77.4155,4800,2021-05-24 13:34:00,PENN
77.33,77.405,77.29,77.405,4850,2021-05-24 13:35:00,PENN
77.45,77.756,77.35,77.756,9550,2021-05-24 13:36:00,PENN
77.825,78.025,77.825,78.0199,7296,2021-05-24 13:37:00,PENN
78.02,78.27,78.0,78.21,8746,2021-05-24 13:38:00,PENN
78.25,78.508,78.24,78.31,8904,2021-05-24 13:39:00,PENN
78.2149,78.51,78.15,78.39,6800,2021-05-24 13:40:00,PENN
78.355,78.6,78.3,78.6,1900,2021-05-24 13:41:00,PENN
78.66,78.79,78.53,78.74,12950,2021-05-24 13:42:00,PENN
78.745,79.06,78.71,78.9,12061,2021-05-24 13:43:00,PENN
78.86,79.18,78.78,78.93,14118,2021-05-24 13:44:00,PENN
78.7226,79.015,78.7226,78.885,18420,2021-05-24 13:45:00,PENN
78.82,79.1,78.81,79.03,14018,2021-05-24 13:46:00,PENN
79.13,79.26,79.1,79.1621,13021,2021-05-24 13:47:00,PENN
79.23,79.33,79.11,79.25,7172,2021-05-24 13:48:00,PENN
79.26,79.5,79.22,79.325,13110,2021-05-24 13:49:00,PENN
79.28,79.63,79.2701,79.56,15975,2021-05-24 13:50:00,PENN
79.63,79.68,79.5201,79.595,8909,2021-05-24 13:51:00,PENN
79.53,79.53,79.31,79.35,6752,2021-05-24 13:52:00,PENN
79.31,79.485,79.28,79.445,11910,2021-05-24 13:53:00,PENN
79.445,79.54,79.36,79.44,11218,2021-05-24 13:54:00,PENN
79.44,79.645,79.3741,79.55,21000,2021-05-24 13:55:00,PENN
79.51,79.57,79.3237,79.465,9939,2021-05-24 13:56:00,PENN
79.4842,79.485,79.3663,79.4355,4575,2021-05-24 13:57:00,PENN
79.3765,79.52,79.29,79.355,7222,2021-05-24 13:58:00,PENN
79.355,79.42,79.3,79.34,9178,2021-05-24 13:59:00,PENN
79.3453,79.69,79.3453,79.6,12296,2021-05-24 14:00:00,PENN
79.6,79.67,79.4325,79.445,5651,2021-05-24 14:01:00,PENN
79.44,79.59,79.38,79.425,15056,2021-05-24 14:02:00,PENN
79.43,79.49,79.28,79.28,6977,2021-05-24 14:03:00,PENN
79.26,79.36,79.12,79.16,8392,2021-05-24 14:04:00,PENN
79.24,79.3,79.15,79.2886,2600,2021-05-24 14:05:00,PENN
79.3,79.36,79.0478,79.11,4594,2021-05-24 14:06:00,PENN
79.15,79.23,79.02,79.065,8292,2021-05-24 14:07:00,PENN
79.07,79.16,79.06,79.12,1350,2021-05-24 14:08:00,PENN
79.17,79.2699,79.11,79.1614,8607,2021-05-24 14:09:00,PENN
79.15,79.22,79.13,79.17,2957,2021-05-24 14:10:00,PENN
79.24,79.48,79.24,79.425,10866,2021-05-24 14:11:00,PENN
79.425,79.555,79.425,79.47,5312,2021-05-24 14:12:00,PENN
79.5129,79.5129,79.34,79.38,5659,2021-05-24 14:13:00,PENN
79.41,79.47,79.31,79.44,8480,2021-05-24 14:14:00,PENN
79.47,79.6,79.425,79.54,6291,2021-05-24 14:15:00,PENN
79.54,79.7,79.54,79.62,40523,2021-05-24 14:16:00,PENN
79.61,79.6138,79.465,79.49,13245,2021-05-24 14:17:00,PENN
79.5,79.5599,79.32,79.34,11608,2021-05-24 14:18:00,PENN
79.34,79.38,79.17,79.24,12699,2021-05-24 14:19:00,PENN
79.2,79.28,79.06,79.06,2931,2021-05-24 14:20:00,PENN
79.14,79.19,79.05,79.132,3376,2021-05-24 14:21:00,PENN
79.14,79.145,78.72,78.72,6754,2021-05-24 14:22:00,PENN
78.7,78.9,78.56,78.8,10548,2021-05-24 14:23:00,PENN
78.8,78.8,78.51,78.61,14425,2021-05-24 14:24:00,PENN
78.65,78.8351,78.57,78.79,5928,2021-05-24 14:25:00,PENN
78.825,78.825,78.74,78.77,729,2021-05-24 14:26:00,PENN
78.72,78.73,78.6695,78.68,5725,2021-05-24 14:27:00,PENN
78.6562,78.84,78.59,78.8,6600,2021-05-24 14:28:00,PENN
78.8592,78.95,78.8,78.92,4098,2021-05-24 14:29:00,PENN
78.9017,79.0,78.87,78.945,6854,2021-05-24 14:30:00,PENN
78.9,78.9847,78.88,78.9847,3127,2021-05-24 14:31:00,PENN
78.95,79.22,78.925,79.22,9559,2021-05-24 14:32:00,PENN
79.17,79.29,79.14,79.2,6671,2021-05-24 14:33:00,PENN
79.24,79.325,79.22,79.3,4351,2021-05-24 14:34:00,PENN
79.3,79.43,79.275,79.43,3844,2021-05-24 14:35:00,PENN
79.43,79.47,79.42,79.43,2893,2021-05-24 14:36:00,PENN
79.4699,79.64,79.39,79.6,7458,2021-05-24 14:37:00,PENN
79.58,79.72,79.58,79.6828,17678,2021-05-24 14:38:00,PENN
79.66,79.76,79.6,79.685,7375,2021-05-24 14:39:00,PENN
79.68,79.7299,79.62,79.66,9932,2021-05-24 14:40:00,PENN
79.63,79.6558,79.55,79.61,3005,2021-05-24 14:41:00,PENN
79.61,79.61,79.4552,79.5709,4953,2021-05-24 14:42:00,PENN
79.58,79.5999,79.49,79.5999,7107,2021-05-24 14:43:00,PENN
79.55,79.61,79.31,79.33,15012,2021-05-24 14:44:00,PENN
79.32,79.39,79.32,79.37,4110,2021-05-24 14:45:00,PENN
79.33,79.37,79.22,79.22,8201,2021-05-24 14:46:00,PENN
79.18,79.21,79.08,79.15,2023,2021-05-24 14:47:00,PENN
79.18,79.23,79.08,79.0887,3740,2021-05-24 14:48:00,PENN
79.06,79.0739,78.85,78.85,4551,2021-05-24 14:49:00,PENN
78.83,78.96,78.83,78.94,3569,2021-05-24 14:50:00,PENN
78.92,78.99,78.87,78.886,1962,2021-05-24 14:51:00,PENN
78.88,78.99,78.87,78.96,2094,2021-05-24 14:52:00,PENN
78.96,79.0893,78.94,79.01,10495,2021-05-24 14:53:00,PENN
78.97,79.05,78.97,79.01,1907,2021-05-24 14:54:00,PENN
79.0,79.0,78.82,78.9436,5824,2021-05-24 14:55:00,PENN
78.84,78.8895,78.8,78.8314,1100,2021-05-24 14:56:00,PENN
78.8647,78.8647,78.74,78.7899,6874,2021-05-24 14:57:00,PENN
78.745,78.8,78.63,78.63,4217,2021-05-24 14:58:00,PENN
78.6201,78.7199,78.62,78.71,1739,2021-05-24 14:59:00,PENN
78.73,79.02,78.73,79.02,4130,2021-05-24 15:00:00,PENN
79.05,79.105,79.05,79.0883,2960,2021-05-24 15:01:00,PENN
79.02,79.0611,78.96,78.96,3341,2021-05-24 15:02:00,PENN
78.9,79.075,78.9,79.04,1500,2021-05-24 15:03:00,PENN
79.0688,79.0688,78.94,78.95,2867,2021-05-24 15:04:00,PENN
78.9,78.9,78.825,78.83,1000,2021-05-24 15:05:00,PENN
78.8,78.95,78.78,78.95,1593,2021-05-24 15:06:00,PENN
78.94,79.015,78.94,78.99,1059,2021-05-24 15:07:00,PENN
79.05,79.1189,79.03,79.1189,3850,2021-05-24 15:08:00,PENN
79.1201,79.18,79.09,79.16,6118,2021-05-24 15:09:00,PENN
79.16,79.16,79.12,79.12,700,2021-05-24 15:10:00,PENN
79.21,79.23,79.0601,79.18,6600,2021-05-24 15:11:00,PENN
79.14,79.17,79.0841,79.125,2900,2021-05-24 15:12:00,PENN
79.1,79.1187,79.1,79.1187,225,2021-05-24 15:13:00,PENN
79.11,79.27,79.11,79.27,3505,2021-05-24 15:14:00,PENN
79.25,79.29,79.23,79.25,4469,2021-05-24 15:15:00,PENN
79.15,79.1595,79.07,79.07,2454,2021-05-24 15:16:00,PENN
79.095,79.13,79.06,79.13,1961,2021-05-24 15:17:00,PENN
79.16,79.1761,79.06,79.1761,5347,2021-05-24 15:18:00,PENN
79.19,79.21,79.15,79.15,931,2021-05-24 15:19:00,PENN
79.16,79.23,79.16,79.205,1638,2021-05-24 15:20:00,PENN
79.16,79.25,79.16,79.25,3400,2021-05-24 15:21:00,PENN
79.16,79.165,79.1,79.1,2050,2021-05-24 15:22:00,PENN
79.17,79.2741,79.12,79.2741,4995,2021-05-24 15:23:00,PENN
79.27,79.29,79.22,79.22,3143,2021-05-24 15:24:00,PENN
79.24,79.37,79.22,79.37,4880,2021-05-24 15:25:00,PENN
79.37,79.42,79.33,79.395,6365,2021-05-24 15:26:00,PENN
79.36,79.48,79.34,79.46,3407,2021-05-24 15:27:00,PENN
79.4,79.4,79.29,79.315,1900,2021-05-24 15:28:00,PENN
79.22,79.35,79.22,79.33,1719,2021-05-24 15:29:00,PENN
79.28,79.37,79.23,79.3222,2496,2021-05-24 15:30:00,PENN
79.31,79.41,79.31,79.37,2479,2021-05-24 15:31:00,PENN
79.34,79.34,79.33,79.34,300,2021-05-24 15:32:00,PENN
79.37,79.37,79.33,79.33,400,2021-05-24 15:33:00,PENN
79.41,79.48,79.37,79.47,2600,2021-05-24 15:34:00,PENN
79.47,79.51,79.47,79.5,4705,2021-05-24 15:35:00,PENN
79.48,79.54,79.47,79.47,2286,2021-05-24 15:36:00,PENN
79.51,79.68,79.51,79.6104,12183,2021-05-24 15:37:00,PENN
79.66,79.81,79.66,79.8,15036,2021-05-24 15:38:00,PENN
79.8,79.855,79.77,79.77,19074,2021-05-24 15:39:00,PENN
79.8117,79.8299,79.79,79.8003,1210,2021-05-24 15:40:00,PENN
79.78,79.815,79.68,79.815,4149,2021-05-24 15:41:00,PENN
79.8,80.05,79.8,80.02,31475,2021-05-24 15:42:00,PENN
80.03,80.19,80.01,80.115,10842,2021-05-24 15:43:00,PENN
80.14,80.26,80.11,80.227,12681,2021-05-24 15:44:00,PENN
80.245,80.27,80.04,80.04,9771,2021-05-24 15:45:00,PENN
80.04,80.09,79.97,80.055,10322,2021-05-24 15:46:00,PENN
80.07,80.2,80.07,80.2,6370,2021-05-24 15:47:00,PENN
80.19,80.3748,80.12,80.31,15355,2021-05-24 15:48:00,PENN
80.36,80.36,80.28,80.3279,6417,2021-05-24 15:49:00,PENN
80.39,80.45,80.31,80.43,7798,2021-05-24 15:50:00,PENN
80.4797,80.4797,80.1707,80.1756,8895,2021-05-24 15:51:00,PENN
80.22,80.28,80.21,80.28,1830,2021-05-24 15:52:00,PENN
80.18,80.2,80.12,80.13,1672,2021-05-24 15:53:00,PENN
80.14,80.1885,80.1,80.13,4884,2021-05-24 15:54:00,PENN
80.1855,80.1999,80.11,80.18,5526,2021-05-24 15:55:00,PENN
80.18,80.209,80.134,80.16,3242,2021-05-24 15:56:00,PENN
80.21,80.28,80.175,80.2,5774,2021-05-24 15:57:00,PENN
80.21,80.21,80.13,80.17,2050,2021-05-24 15:58:00,PENN
80.17,80.2395,80.11,80.17,11431,2021-05-24 15:59:00,PENN
80.22,80.23,80.11,80.22,11309,2021-05-24 16:00:00,PENN
80.25,80.3,80.225,80.23,3980,2021-05-24 16:01:00,PENN
80.2,80.2,80.04,80.05,3087,2021-05-24 16:02:00,PENN
80.02,80.03,79.99,80.01,1812,2021-05-24 16:03:00,PENN
79.97,80.0299,79.85,79.85,5096,2021-05-24 16:04:00,PENN
79.93,79.94,79.835,79.84,9729,2021-05-24 16:05:00,PENN
79.8634,79.94,79.81,79.895,6072,2021-05-24 16:06:00,PENN
79.95,80.02,79.9011,79.9011,8584,2021-05-24 16:07:00,PENN
79.9526,80.01,79.94,79.9901,2320,2021-05-24 16:08:00,PENN
80.0,80.13,79.99,80.08,3582,2021-05-24 16:09:00,PENN
80.12,80.16,80.06,80.06,3427,2021-05-24 16:10:00,PENN
80.04,80.16,80.04,80.14,1529,2021-05-24 16:11:00,PENN
80.1,80.1,80.0,80.05,2000,2021-05-24 16:12:00,PENN
80.09,80.12,80.09,80.12,1238,2021-05-24 16:13:00,PENN
80.14,80.15,80.07,80.12,2458,2021-05-24 16:14:00,PENN
80.09,80.26,80.08,80.26,9175,2021-05-24 16:15:00,PENN
80.3,80.4,80.3,80.36,4643,2021-05-24 16:16:00,PENN
80.35,80.4,80.33,80.4,3538,2021-05-24 16:17:00,PENN
80.42,80.49,80.32,80.335,6126,2021-05-24 16:18:00,PENN
80.3485,80.36,80.26,80.3,3680,2021-05-24 16:19:00,PENN
80.3003,80.36,80.23,80.25,2039,2021-05-24 16:20:00,PENN
80.26,80.6499,80.24,80.6499,12275,2021-05-24 16:21:00,PENN
80.67,80.85,80.64,80.72,27025,2021-05-24 16:22:00,PENN
80.705,80.8099,80.705,80.7699,2251,2021-05-24 16:23:00,PENN
80.759,80.79,80.65,80.65,8159,2021-05-24 16:24:00,PENN
80.68,80.695,80.57,80.57,5874,2021-05-24 16:25:00,PENN
80.61,80.71,80.44,80.46,13697,2021-05-24 16:26:00,PENN
80.45,80.499,80.35,80.4,4823,2021-05-24 16:27:00,PENN
80.44,80.44,80.24,80.36,11673,2021-05-24 16:28:00,PENN
80.38,80.444,80.33,80.33,5510,2021-05-24 16:29:00,PENN
80.385,80.55,80.34,80.55,3977,2021-05-24 16:30:00,PENN
80.53,80.5599,80.47,80.4936,1825,2021-05-24 16:31:00,PENN
80.515,80.515,80.28,80.315,3692,2021-05-24 16:32:00,PENN
80.3174,80.345,80.23,80.23,2392,2021-05-24 16:33:00,PENN
80.29,80.37,80.2419,80.3,3000,2021-05-24 16:34:00,PENN
80.3019,80.35,80.2,80.32,4829,2021-05-24 16:35:00,PENN
80.2438,80.32,80.24,80.32,1001,2021-05-24 16:36:00,PENN
80.31,80.31,80.105,80.105,6241,2021-05-24 16:37:00,PENN
80.13,80.19,80.09,80.1,4293,2021-05-24 16:38:00,PENN
80.085,80.17,80.08,80.17,2050,2021-05-24 16:39:00,PENN
80.09,80.12,80.09,80.1,544,2021-05-24 16:40:00,PENN
80.1,80.15,80.0545,80.0614,990,2021-05-24 16:41:00,PENN
80.05,80.24,80.05,80.22,3531,2021-05-24 16:42:00,PENN
80.16,80.18,80.1,80.15,950,2021-05-24 16:43:00,PENN
80.09,80.11,80.04,80.05,2448,2021-05-24 16:44:00,PENN
80.08,80.13,80.0,80.0,9991,2021-05-24 16:45:00,PENN
79.99,80.05,79.93,80.05,2682,2021-05-24 16:46:00,PENN
80.06,80.1,80.02,80.1,2819,2021-05-24 16:47:00,PENN
80.07,80.12,80.07,80.07,1900,2021-05-24 16:48:00,PENN
80.13,80.15,80.1,80.13,2647,2021-05-24 16:49:00,PENN
80.15,80.3,80.14,80.3,6537,2021-05-24 16:50:00,PENN
80.33,80.33,80.24,80.24,1600,2021-05-24 16:51:00,PENN
80.23,80.23,80.16,80.16,4312,2021-05-24 16:52:00,PENN
80.165,80.17,80.12,80.13,2352,2021-05-24 16:53:00,PENN
80.0952,80.14,80.0952,80.14,450,2021-05-24 16:54:00,PENN
80.16,80.16,79.92,79.92,2216,2021-05-24 16:55:00,PENN
80.0,80.0,79.97,80.0,407,2021-05-24 16:56:00,PENN
80.03,80.03,80.0,80.03,1515,2021-05-24 16:57:00,PENN
80.01,80.06,79.95,79.95,1100,2021-05-24 16:58:00,PENN
79.91,79.97,79.91,79.93,3461,2021-05-24 16:59:00,PENN
79.96,80.07,79.96,80.07,1538,2021-05-24 17:00:00,PENN
80.0501,80.1,80.04,80.04,1214,2021-05-24 17:01:00,PENN
80.05,80.17,80.04,80.135,4197,2021-05-24 17:02:00,PENN
80.1007,80.1007,80.03,80.055,2004,2021-05-24 17:03:00,PENN
80.07,80.1499,80.07,80.125,2800,2021-05-24 17:04:00,PENN
80.15,80.15,80.067,80.067,965,2021-05-24 17:05:00,PENN
80.05,80.05,80.0101,80.0101,2353,2021-05-24 17:06:00,PENN
80.0,80.02,79.97,80.0063,1809,2021-05-24 17:07:00,PENN
79.98,79.98,79.71,79.79,11449,2021-05-24 17:08:00,PENN
79.79,79.83,79.77,79.77,6059,2021-05-24 17:09:00,PENN
79.78,79.89,79.78,79.855,4482,2021-05-24 17:10:00,PENN
79.81,79.87,79.81,79.84,700,2021-05-24 17:11:00,PENN
79.89,79.99,79.83,79.94,4698,2021-05-24 17:12:00,PENN
79.94,80.07,79.91,80.07,6791,2021-05-24 17:13:00,PENN
80.07,80.1,80.07,80.09,1492,2021-05-24 17:14:00,PENN
80.11,80.13,80.0725,80.1012,1970,2021-05-24 17:15:00,PENN
80.16,80.22,80.1036,80.22,6252,2021-05-24 17:16:00,PENN
80.22,80.28,80.21,80.21,3351,2021-05-24 17:17:00,PENN
80.27,80.3432,80.25,80.3,3437,2021-05-24 17:18:00,PENN
80.34,80.58,80.33,80.5,11385,2021-05-24 17:19:00,PENN
80.4844,80.6,80.44,80.54,7961,2021-05-24 17:20:00,PENN
80.525,80.58,80.525,80.535,4202,2021-05-24 17:21:00,PENN
80.54,80.61,80.5,80.59,8301,2021-05-24 17:22:00,PENN
80.585,80.63,80.58,80.59,4969,2021-05-24 17:23:00,PENN
80.59,80.64,80.55,80.56,5541,2021-05-24 17:24:00,PENN
80.585,80.71,80.57,80.687,4417,2021-05-24 17:25:00,PENN
80.685,80.71,80.62,80.62,2706,2021-05-24 17:26:00,PENN
80.6365,80.68,80.62,80.62,2887,2021-05-24 17:27:00,PENN
80.68,80.73,80.67,80.72,11066,2021-05-24 17:28:00,PENN
80.705,80.75,80.63,80.66,5100,2021-05-24 17:29:00,PENN
80.68,80.71,80.66,80.7,2520,2021-05-24 17:30:00,PENN
80.74,80.7599,80.6075,80.63,2687,2021-05-24 17:31:00,PENN
80.62,80.7,80.62,80.64,700,2021-05-24 17:32:00,PENN
80.63,80.63,80.57,80.57,1500,2021-05-24 17:33:00,PENN
80.58,80.675,80.58,80.62,12064,2021-05-24 17:34:00,PENN
80.62,80.62,80.55,80.56,2281,2021-05-24 17:35:00,PENN
80.545,80.57,80.51,80.51,4000,2021-05-24 17:36:00,PENN
80.525,80.56,80.52,80.525,900,2021-05-24 17:37:00,PENN
80.54,80.56,80.49,80.56,1400,2021-05-24 17:38:00,PENN
80.565,80.61,80.56,80.59,1828,2021-05-24 17:39:00,PENN
80.59,80.605,80.57,80.6021,4510,2021-05-24 17:40:00,PENN
80.56,80.56,80.45,80.47,3648,2021-05-24 17:41:00,PENN
80.465,80.56,80.43,80.56,3256,2021-05-24 17:42:00,PENN
80.54,80.585,80.54,80.585,1250,2021-05-24 17:43:00,PENN
80.6,80.66,80.57,80.66,1466,2021-05-24 17:44:00,PENN
80.66,80.7699,80.66,80.7,7251,2021-05-24 17:45:00,PENN
80.66,81.04,80.65,81.01,25220,2021-05-24 17:46:00,PENN
81.04,81.1,80.93,80.96,31625,2021-05-24 17:47:00,PENN
81.02,81.15,80.94,80.96,75464,2021-05-24 17:48:00,PENN
80.93,80.93,80.69,80.7,6638,2021-05-24 17:49:00,PENN
80.72,80.8,80.69,80.8,5688,2021-05-24 17:50:00,PENN
80.85,80.94,80.77,80.905,4273,2021-05-24 17:51:00,PENN
80.88,80.93,80.83,80.83,3560,2021-05-24 17:52:00,PENN
80.825,80.96,80.81,80.91,5435,2021-05-24 17:53:00,PENN
80.91,80.93,80.875,80.93,7580,2021-05-24 17:54:00,PENN
80.92,80.92,80.86,80.91,4711,2021-05-24 17:55:00,PENN
80.92,80.97,80.9,80.97,3814,2021-05-24 17:56:00,PENN
80.95,81.027,80.93,81.025,3632,2021-05-24 17:57:00,PENN
81.05,81.1,81.015,81.04,5269,2021-05-24 17:58:00,PENN
81.01,81.05,80.8588,80.87,2175,2021-05-24 17:59:00,PENN
80.89,80.93,80.85,80.87,17925,2021-05-24 18:00:00,PENN
80.9,80.9,80.78,80.845,2400,2021-05-24 18:01:00,PENN
80.835,80.93,80.81,80.8908,6518,2021-05-24 18:02:00,PENN
80.91,81.06,80.91,81.035,5794,2021-05-24 18:03:00,PENN
81.04,81.04,80.97,81.005,3450,2021-05-24 18:04:00,PENN
80.9869,81.03,80.9869,81.03,4793,2021-05-24 18:05:00,PENN
81.03,81.06,81.01,81.03,6288,2021-05-24 18:06:00,PENN
81.06,81.1,81.04,81.1,4891,2021-05-24 18:07:00,PENN
81.11,81.16,81.0,81.0401,13293,2021-05-24 18:08:00,PENN
81.075,81.1,80.92,80.92,3474,2021-05-24 18:09:00,PENN
80.97,81.0,80.935,80.97,3300,2021-05-24 18:10:00,PENN
80.96,80.988,80.92,80.92,1871,2021-05-24 18:11:00,PENN
80.91,80.9101,80.8,80.85,5279,2021-05-24 18:12:00,PENN
80.8367,80.88,80.81,80.81,2796,2021-05-24 18:13:00,PENN
80.83,80.83,80.77,80.77,300,2021-05-24 18:14:00,PENN
80.76,80.9107,80.74,80.9107,2336,2021-05-24 18:15:00,PENN
80.88,80.88,80.88,80.88,849,2021-05-24 18:16:00,PENN
80.88,80.88,80.83,80.83,1421,2021-05-24 18:17:00,PENN
80.865,80.865,80.81,80.81,1600,2021-05-24 18:18:00,PENN
80.825,80.89,80.825,80.84,839,2021-05-24 18:19:00,PENN
80.86,80.86,80.79,80.82,3165,2021-05-24 18:20:00,PENN
80.815,80.815,80.785,80.785,212,2021-05-24 18:21:00,PENN
80.81,80.82,80.78,80.78,1360,2021-05-24 18:22:00,PENN
80.75,80.92,80.73,80.89,7371,2021-05-24 18:23:00,PENN
80.88,80.88,80.85,80.85,400,2021-05-24 18:24:00,PENN
80.83,80.85,80.8,80.85,500,2021-05-24 18:25:00,PENN
80.84,80.93,80.84,80.93,3605,2021-05-24 18:26:00,PENN
80.94,80.94,80.85,80.85,1459,2021-05-24 18:27:00,PENN
80.915,80.95,80.915,80.92,1950,2021-05-24 18:28:00,PENN
80.92,80.95,80.87,80.95,2797,2021-05-24 18:29:00,PENN
80.95,81.0,80.895,80.98,5799,2021-05-24 18:30:00,PENN
80.96,81.0,80.86,80.86,2576,2021-05-24 18:31:00,PENN
80.86,80.955,80.81,80.93,3976,2021-05-24 18:32:00,PENN
80.98,80.98,80.95,80.95,324,2021-05-24 18:33:00,PENN
80.97,81.01,80.94,80.98,2909,2021-05-24 18:34:00,PENN
80.99,81.11,80.99,81.09,4032,2021-05-24 18:35:00,PENN
81.095,81.147,81.05,81.147,3119,2021-05-24 18:36:00,PENN
81.09,81.16,81.09,81.12,4204,2021-05-24 18:37:00,PENN
81.09,81.09,81.02,81.04,1799,2021-05-24 18:38:00,PENN
81.01,81.01,80.9064,80.9064,2225,2021-05-24 18:39:00,PENN
80.94,80.98,80.91,80.91,919,2021-05-24 18:40:00,PENN
80.93,81.04,80.93,81.04,2896,2021-05-24 18:41:00,PENN
81.0188,81.03,80.93,80.94,4741,2021-05-24 18:42:00,PENN
80.92,80.95,80.86,80.86,3552,2021-05-24 18:43:00,PENN
80.875,80.875,80.76,80.87,2656,2021-05-24 18:44:00,PENN
80.88,81.15,80.865,81.14,15909,2021-05-24 18:45:00,PENN
81.105,81.11,80.91,80.93,4627,2021-05-24 18:46:00,PENN
80.94,81.09,80.94,80.9966,3442,2021-05-24 18:47:00,PENN
80.95,81.01,80.9,80.91,3188,2021-05-24 18:48:00,PENN
80.9,80.99,80.89,80.99,2748,2021-05-24 18:49:00,PENN
80.98,81.0,80.94,80.98,2396,2021-05-24 18:50:00,PENN
80.9992,80.9992,80.96,80.96,200,2021-05-24 18:51:00,PENN
80.97,81.0,80.9501,80.99,3154,2021-05-24 18:52:00,PENN
80.9558,81.012,80.9558,80.97,999,2021-05-24 18:53:00,PENN
81.0,81.0,80.9,80.93,3185,2021-05-24 18:54:00,PENN
80.96,80.99,80.92,80.93,2027,2021-05-24 18:55:00,PENN
80.91,81.0,80.88,80.94,2904,2021-05-24 18:56:00,PENN
80.91,80.97,80.91,80.96,900,2021-05-24 18:57:00,PENN
80.92,81.0,80.92,80.93,1941,2021-05-24 18:58:00,PENN
80.945,80.99,80.86,80.88,3537,2021-05-24 18:59:00,PENN
80.872,81.0,80.872,80.95,4030,2021-05-24 19:00:00,PENN
80.96,80.975,80.93,80.93,1100,2021-05-24 19:01:00,PENN
80.935,81.04,80.935,81.035,4833,2021-05-24 19:02:00,PENN
81.03,81.18,81.015,81.14,31569,2021-05-24 19:03:00,PENN
81.17,81.2799,81.14,81.27,10710,2021-05-24 19:04:00,PENN
81.26,81.28,81.19,81.2421,4846,2021-05-24 19:05:00,PENN
81.28,81.37,81.28,81.295,3835,2021-05-24 19:06:00,PENN
81.27,81.27,81.17,81.179,1651,2021-05-24 19:07:00,PENN
81.18,81.24,81.15,81.21,2631,2021-05-24 19:08:00,PENN
81.2,81.25,81.2,81.2,1393,2021-05-24 19:09:00,PENN
81.21,81.31,81.2,81.259,5816,2021-05-24 19:10:00,PENN
81.2366,81.28,81.15,81.215,11851,2021-05-24 19:11:00,PENN
81.23,81.2486,81.18,81.19,1980,2021-05-24 19:12:00,PENN
81.17,81.18,81.1,81.11,3127,2021-05-24 19:13:00,PENN
81.115,81.155,81.09,81.155,2092,2021-05-24 19:14:00,PENN
81.12,81.12,81.03,81.11,6429,2021-05-24 19:15:00,PENN
81.09,81.09,81.04,81.04,1227,2021-05-24 19:16:00,PENN
81.03,81.07,80.96,81.01,7581,2021-05-24 19:17:00,PENN
80.98,81.01,80.94,80.95,4139,2021-05-24 19:18:00,PENN
80.95,80.95,80.81,80.87,16584,2021-05-24 19:19:00,PENN
80.83,81.12,80.83,81.08,11615,2021-05-24 19:20:00,PENN
81.08,81.13,80.97,80.97,10169,2021-05-24 19:21:00,PENN
80.93,81.02,80.93,80.96,14321,2021-05-24 19:22:00,PENN
80.96,81.02,80.96,81.0,3512,2021-05-24 19:23:00,PENN
80.99,80.99,80.95,80.955,9032,2021-05-24 19:24:00,PENN
80.95,81.0,80.95,80.97,3337,2021-05-24 19:25:00,PENN
81.002,81.05,80.91,80.97,5639,2021-05-24 19:26:00,PENN
80.9695,81.04,80.94,81.04,5268,2021-05-24 19:27:00,PENN
80.97,81.01,80.94,80.96,2050,2021-05-24 19:28:00,PENN
80.93,81.01,80.93,81.0,6040,2021-05-24 19:29:00,PENN
81.03,81.03,80.95,81.03,3201,2021-05-24 19:30:00,PENN
81.005,81.04,81.0,81.02,3345,2021-05-24 19:31:00,PENN
81.01,81.02,80.89,80.93,3159,2021-05-24 19:32:00,PENN
80.91,80.91,80.731,80.731,5815,2021-05-24 19:33:00,PENN
80.7175,80.78,80.68,80.7106,9177,2021-05-24 19:34:00,PENN
80.76,80.78,80.72,80.725,3201,2021-05-24 19:35:00,PENN
80.73,80.73,80.6038,80.6162,17164,2021-05-24 19:36:00,PENN
80.62,80.69,80.62,80.65,3129,2021-05-24 19:37:00,PENN
80.65,80.65,80.57,80.58,11946,2021-05-24 19:38:00,PENN
80.58,80.63,80.57,80.61,7443,2021-05-24 19:39:00,PENN
80.61,80.7,80.6,80.69,5527,2021-05-24 19:40:00,PENN
80.66,80.66,80.54,80.56,3627,2021-05-24 19:41:00,PENN
80.56,80.6,80.52,80.5552,10487,2021-05-24 19:42:00,PENN
80.56,80.59,80.56,80.57,3981,2021-05-24 19:43:00,PENN
80.565,80.65,80.565,80.575,6304,2021-05-24 19:44:00,PENN
80.59,80.67,80.56,80.67,6257,2021-05-24 19:45:00,PENN
80.67,80.75,80.67,80.75,5403,2021-05-24 19:46:00,PENN
80.73,80.79,80.73,80.79,3304,2021-05-24 19:47:00,PENN
80.77,80.78,80.72,80.74,7075,2021-05-24 19:48:00,PENN
80.73,80.76,80.66,80.66,8982,2021-05-24 19:49:00,PENN
80.66,80.66,80.43,80.5,13276,2021-05-24 19:50:00,PENN
80.4968,80.4968,80.41,80.43,6353,2021-05-24 19:51:00,PENN
80.45,80.5,80.4101,80.4101,4692,2021-05-24 19:52:00,PENN
80.41,80.48,80.39,80.39,10930,2021-05-24 19:53:00,PENN
80.405,80.41,80.35,80.36,12889,2021-05-24 19:54:00,PENN
80.3528,80.3528,80.28,80.31,15995,2021-05-24 19:55:00,PENN
80.31,80.37,80.275,80.3,21806,2021-05-24 19:56:00,PENN
80.29,80.32,80.18,80.24,18801,2021-05-24 19:57:00,PENN
80.26,80.29,80.16,80.18,13963,2021-05-24 19:58:00,PENN
80.19,80.23,79.99,80.18,92868,2021-05-24 19:59:00,PENN
80.18,80.24,80.18,80.18,111918,2021-05-24 20:00:00,PENN
80.18,80.18,80.18,80.18,606,2021-05-24 20:01:00,PENN
80.26,80.26,80.26,80.26,100,2021-05-24 20:32:00,PENN
80.26,80.34,80.26,80.34,600,2021-05-24 20:40:00,PENN
80.18,80.18,80.18,80.18,1911,2021-05-24 20:44:00,PENN
80.1,80.1,80.1,80.1,200,2021-05-24 20:59:00,PENN
80.26,80.26,80.26,80.26,195,2021-05-24 21:01:00,PENN
80.18,80.18,80.18,80.18,1300,2021-05-24 21:05:00,PENN
80.3,80.3,80.0,80.0,2029,2021-05-24 21:09:00,PENN
80.22,80.22,80.22,80.22,200,2021-05-24 21:24:00,PENN
80.01,80.01,79.9,79.9,2000,2021-05-24 21:34:00,PENN
80.23,80.23,80.22,80.23,700,2021-05-24 21:48:00,PENN
80.24,80.24,80.24,80.24,165,2021-05-24 21:56:00,PENN
80.0,80.0,80.0,80.0,100,2021-05-24 21:57:00,PENN
80.2399,80.2399,80.2399,80.2399,200,2021-05-24 22:15:00,PENN
80.2,80.2,80.2,80.2,100,2021-05-24 22:22:00,PENN
80.24,80.24,80.24,80.24,100,2021-05-24 22:35:00,PENN
80.38,80.38,80.38,80.38,100,2021-05-24 22:37:00,PENN
80.35,80.35,80.35,80.35,170,2021-05-24 22:53:00,PENN
80.49,80.49,80.49,80.49,100,2021-05-24 23:13:00,PENN
80.22,80.22,80.19,80.19,600,2021-05-24 23:15:00,PENN
80.48,80.48,80.48,80.48,500,2021-05-24 23:47:00,PENN
80.27,80.27,80.27,80.27,275,2021-05-24 23:55:00,PENN
80.47,80.47,80.47,80.47,100,2021-05-24 23:57:00,PENN
80.46,80.46,80.46,80.46,100,2021-05-24 23:58:00,PENN
80.4,80.4,80.4,80.4,100,2021-05-24 23:59:00,PENN
81.59,81.59,81.59,81.59,100,2021-05-25 11:09:00,PENN
81.0,81.0,81.0,81.0,408,2021-05-25 11:16:00,PENN
81.15,81.15,81.15,81.15,200,2021-05-25 11:24:00,PENN
81.25,81.25,81.25,81.25,150,2021-05-25 11:39:00,PENN
81.23,81.23,81.23,81.23,200,2021-05-25 11:45:00,PENN
81.24,81.25,81.24,81.25,1200,2021-05-25 11:46:00,PENN
81.4,81.4,81.4,81.4,500,2021-05-25 11:53:00,PENN
81.3,81.3,81.3,81.3,945,2021-05-25 11:58:00,PENN
81.25,81.25,81.24,81.24,1504,2021-05-25 12:01:00,PENN
81.05,81.05,81.05,81.05,1150,2021-05-25 12:04:00,PENN
81.48,81.48,81.48,81.48,883,2021-05-25 12:29:00,PENN
81.32,81.32,81.32,81.32,188,2021-05-25 12:38:00,PENN
81.29,81.32,81.29,81.32,340,2021-05-25 12:40:00,PENN
81.5,81.5,81.5,81.5,1000,2021-05-25 12:56:00,PENN
81.4,81.4,81.3999,81.3999,600,2021-05-25 12:57:00,PENN
81.3,81.3,81.3,81.3,1000,2021-05-25 13:04:00,PENN
81.4,81.4,81.4,81.4,100,2021-05-25 13:05:00,PENN
81.3,81.3,81.25,81.25,500,2021-05-25 13:09:00,PENN
81.37,81.37,81.37,81.37,100,2021-05-25 13:10:00,PENN
81.3432,81.3432,81.3432,81.3432,150,2021-05-25 13:14:00,PENN
81.2,81.2,81.19,81.19,899,2021-05-25 13:21:00,PENN
81.1901,81.1901,81.19,81.19,297,2021-05-25 13:23:00,PENN
81.18,81.18,81.18,81.18,2200,2021-05-25 13:24:00,PENN
81.31,81.49,81.08,81.46,4044,2021-05-25 13:25:00,PENN
81.55,81.59,81.25,81.365,55292,2021-05-25 13:30:00,PENN
81.24,81.41,81.0,81.3,7565,2021-05-25 13:31:00,PENN
81.385,81.71,81.275,81.63,8165,2021-05-25 13:32:00,PENN
81.605,81.605,81.14,81.34,12973,2021-05-25 13:33:00,PENN
81.23,81.58,81.2,81.31,6988,2021-05-25 13:34:00,PENN
81.53,81.75,81.2,81.27,15895,2021-05-25 13:35:00,PENN
81.2567,81.36,81.01,81.04,12400,2021-05-25 13:36:00,PENN
81.03,81.13,80.75,80.835,17238,2021-05-25 13:37:00,PENN
80.835,81.4342,80.78,81.375,9036,2021-05-25 13:38:00,PENN
81.38,81.5,81.3,81.32,2310,2021-05-25 13:39:00,PENN
81.32,81.42,81.27,81.395,3574,2021-05-25 13:40:00,PENN
81.27,81.87,81.24,81.87,24191,2021-05-25 13:41:00,PENN
81.77,81.92,81.65,81.89,15493,2021-05-25 13:42:00,PENN
81.85,82.219,81.84,82.09,22200,2021-05-25 13:43:00,PENN
82.1,82.49,82.1,82.3,26981,2021-05-25 13:44:00,PENN
82.35,82.39,81.9664,82.08,30949,2021-05-25 13:45:00,PENN
82.07,82.25,81.9095,81.945,13240,2021-05-25 13:46:00,PENN
81.91,82.2,81.5738,81.67,9801,2021-05-25 13:47:00,PENN
81.615,81.8,81.5,81.8,9893,2021-05-25 13:48:00,PENN
81.71,81.765,81.47,81.65,18999,2021-05-25 13:49:00,PENN
81.595,81.66,81.46,81.46,8668,2021-05-25 13:50:00,PENN
81.46,81.465,81.0901,81.0901,9258,2021-05-25 13:51:00,PENN
81.135,81.2,80.86,81.02,13892,2021-05-25 13:52:00,PENN
81.02,81.11,80.85,80.935,12385,2021-05-25 13:53:00,PENN
80.935,81.19,80.92,81.14,13657,2021-05-25 13:54:00,PENN
81.1882,81.38,81.1882,81.33,10661,2021-05-25 13:55:00,PENN
81.32,81.32,80.95,81.07,39499,2021-05-25 13:56:00,PENN
81.1,81.2,80.88,81.008,13823,2021-05-25 13:57:00,PENN
81.005,81.005,80.67,80.71,15100,2021-05-25 13:58:00,PENN
80.65,80.72,80.56,80.645,6374,2021-05-25 13:59:00,PENN
80.64,80.64,80.5,80.55,5976,2021-05-25 14:00:00,PENN
80.54,80.72,80.37,80.405,16709,2021-05-25 14:01:00,PENN
80.33,80.5187,80.15,80.46,11814,2021-05-25 14:02:00,PENN
80.62,80.7399,80.525,80.525,5435,2021-05-25 14:03:00,PENN
80.47,80.48,80.3,80.47,6035,2021-05-25 14:04:00,PENN
80.4,80.405,80.14,80.31,3598,2021-05-25 14:05:00,PENN
80.43,80.64,80.43,80.6,1807,2021-05-25 14:06:00,PENN
80.68,80.97,80.67,80.88,9950,2021-05-25 14:07:00,PENN
80.9093,80.99,80.78,80.925,5122,2021-05-25 14:08:00,PENN
80.96,81.09,80.96,81.07,4749,2021-05-25 14:09:00,PENN
81.09,81.32,81.07,81.31,6534,2021-05-25 14:10:00,PENN
81.32,81.4871,81.19,81.19,11019,2021-05-25 14:11:00,PENN
81.36,81.48,81.27,81.28,6457,2021-05-25 14:12:00,PENN
81.19,81.2,81.05,81.135,10046,2021-05-25 14:13:00,PENN
81.09,81.09,80.76,80.88,5029,2021-05-25 14:14:00,PENN
80.93,81.18,80.91,81.17,4865,2021-05-25 14:15:00,PENN
81.14,81.16,80.645,80.74,5984,2021-05-25 14:16:00,PENN
80.63,80.79,80.63,80.66,3675,2021-05-25 14:17:00,PENN
80.65,80.73,80.56,80.695,5955,2021-05-25 14:18:00,PENN
80.77,80.8659,80.75,80.75,3899,2021-05-25 14:19:00,PENN
80.87,80.93,80.76,80.9,1808,2021-05-25 14:20:00,PENN
80.85,80.87,80.7,80.87,3162,2021-05-25 14:21:00,PENN
80.88,80.905,80.63,80.63,1900,2021-05-25 14:22:00,PENN
80.7,80.86,80.6501,80.86,2808,2021-05-25 14:23:00,PENN
80.93,81.0,80.86,81.0,4479,2021-05-25 14:24:00,PENN
81.01,81.17,81.0,81.12,7864,2021-05-25 14:25:00,PENN
81.12,81.16,81.03,81.08,6575,2021-05-25 14:26:00,PENN
81.04,81.15,81.01,81.07,9326,2021-05-25 14:27:00,PENN
81.05,81.07,80.75,80.775,17145,2021-05-25 14:28:00,PENN
80.75,80.88,80.7,80.72,4180,2021-05-25 14:29:00,PENN
80.79,80.85,80.72,80.82,6756,2021-05-25 14:30:00,PENN
80.76,80.79,80.63,80.63,7478,2021-05-25 14:31:00,PENN
80.63,80.63,80.45,80.51,13677,2021-05-25 14:32:00,PENN
80.47,80.6,80.35,80.57,71423,2021-05-25 14:33:00,PENN
80.59,80.62,80.37,80.47,25630,2021-05-25 14:34:00,PENN
80.45,80.58,80.42,80.58,10902,2021-05-25 14:35:00,PENN
80.57,80.7,80.51,80.53,16073,2021-05-25 14:36:00,PENN
80.57,80.69,80.54,80.67,6133,2021-05-25 14:37:00,PENN
80.72,80.769,80.65,80.769,7871,2021-05-25 14:38:00,PENN
80.79,80.81,80.64,80.6728,3540,2021-05-25 14:39:00,PENN
80.72,80.88,80.72,80.82,3178,2021-05-25 14:40:00,PENN
80.79,80.79,80.545,80.545,1500,2021-05-25 14:41:00,PENN
80.54,80.61,80.46,80.58,5433,2021-05-25 14:42:00,PENN
80.63,80.66,80.53,80.53,7083,2021-05-25 14:43:00,PENN
80.675,80.94,80.675,80.885,6500,2021-05-25 14:44:00,PENN
80.885,81.16,80.885,81.06,5529,2021-05-25 14:45:00,PENN
81.0,81.04,80.96,80.98,2050,2021-05-25 14:46:00,PENN
80.89,80.9672,80.84,80.84,999,2021-05-25 14:47:00,PENN
80.87,80.95,80.87,80.95,2143,2021-05-25 14:48:00,PENN
80.9565,80.9565,80.8,80.89,2000,2021-05-25 14:49:00,PENN
80.92,80.97,80.8,80.85,1050,2021-05-25 14:50:00,PENN
80.8,80.86,80.78,80.86,2808,2021-05-25 14:51:00,PENN
80.78,80.79,80.72,80.72,1518,2021-05-25 14:52:00,PENN
80.78,80.79,80.72,80.72,2165,2021-05-25 14:53:00,PENN
80.65,80.77,80.63,80.681,4132,2021-05-25 14:54:00,PENN
80.63,80.71,80.63,80.67,700,2021-05-25 14:55:00,PENN
80.67,80.71,80.56,80.66,1336,2021-05-25 14:56:00,PENN
80.7,80.76,80.66,80.7564,2210,2021-05-25 14:57:00,PENN
80.66,80.71,80.62,80.68,1304,2021-05-25 14:58:00,PENN
80.68,80.68,80.57,80.67,2377,2021-05-25 14:59:00,PENN
80.7188,80.7188,80.44,80.44,3645,2021-05-25 15:00:00,PENN
80.49,80.49,80.2586,80.28,4396,2021-05-25 15:01:00,PENN
80.35,80.37,80.25,80.3099,4000,2021-05-25 15:02:00,PENN
80.31,80.31,79.99,80.06,8025,2021-05-25 15:03:00,PENN
80.06,80.06,79.6,79.8,30133,2021-05-25 15:04:00,PENN
79.74,79.855,79.74,79.74,14972,2021-05-25 15:05:00,PENN
79.82,79.83,79.7,79.75,14834,2021-05-25 15:06:00,PENN
79.7701,79.7701,79.58,79.605,5259,2021-05-25 15:07:00,PENN
79.6067,79.75,79.56,79.74,4428,2021-05-25 15:08:00,PENN
79.78,79.81,79.644,79.79,4113,2021-05-25 15:09:00,PENN
79.75,79.7809,79.71,79.7735,2698,2021-05-25 15:10:00,PENN
79.76,79.98,79.76,79.96,3771,2021-05-25 15:11:00,PENN
80.0,80.02,79.82,79.89,9269,2021-05-25 15:12:00,PENN
79.96,79.99,79.86,79.93,7331,2021-05-25 15:13:00,PENN
79.88,79.88,79.8,79.8,3500,2021-05-25 15:14:00,PENN
79.8479,79.91,79.69,79.74,4679,2021-05-25 15:15:00,PENN
79.73,79.74,79.451,79.71,7258,2021-05-25 15:16:00,PENN
79.75,79.8,79.64,79.6601,6540,2021-05-25 15:17:00,PENN
79.72,79.75,79.66,79.715,4449,2021-05-25 15:18:00,PENN
79.73,79.73,79.585,79.6131,7434,2021-05-25 15:19:00,PENN
79.64,79.82,79.64,79.82,5019,2021-05-25 15:20:00,PENN
79.82,79.9,79.77,79.77,3941,2021-05-25 15:21:00,PENN
79.79,79.83,79.66,79.78,5918,2021-05-25 15:22:00,PENN
79.79,79.84,79.7,79.7,7791,2021-05-25 15:23:00,PENN
79.76,79.85,79.72,79.74,3269,2021-05-25 15:24:00,PENN
79.71,79.77,79.681,79.71,3026,2021-05-25 15:25:00,PENN
79.62,79.66,79.5,79.5699,7336,2021-05-25 15:26:00,PENN
79.5,79.56,79.37,79.38,7331,2021-05-25 15:27:00,PENN
79.39,79.43,79.295,79.35,3689,2021-05-25 15:28:00,PENN
79.4,79.4294,79.35,79.39,4800,2021-05-25 15:29:00,PENN
79.37,79.46,79.32,79.4558,2524,2021-05-25 15:30:00,PENN
79.37,79.38,79.29,79.34,1649,2021-05-25 15:31:00,PENN
79.28,79.35,79.27,79.28,3915,2021-05-25 15:32:00,PENN
79.32,79.35,79.0633,79.105,5394,2021-05-25 15:33:00,PENN
79.16,79.285,79.14,79.21,3670,2021-05-25 15:34:00,PENN
79.175,79.44,79.175,79.42,4165,2021-05-25 15:35:00,PENN
79.43,79.53,79.33,79.52,11835,2021-05-25 15:36:00,PENN
79.45,79.56,79.42,79.47,1711,2021-05-25 15:37:00,PENN
79.55,79.55,79.47,79.51,650,2021-05-25 15:38:00,PENN
79.47,79.59,79.47,79.53,2856,2021-05-25 15:39:00,PENN
79.53,79.62,79.35,79.425,29745,2021-05-25 15:40:00,PENN
79.4,79.52,79.36,79.51,17025,2021-05-25 15:41:00,PENN
79.53,79.57,79.41,79.47,14042,2021-05-25 15:42:00,PENN
79.555,79.555,79.48,79.54,1200,2021-05-25 15:43:00,PENN
79.6,79.73,79.6,79.73,1207,2021-05-25 15:44:00,PENN
79.69,79.6922,79.545,79.6143,3348,2021-05-25 15:45:00,PENN
79.56,79.585,79.5,79.57,2507,2021-05-25 15:46:00,PENN
79.52,79.61,79.46,79.5,4702,2021-05-25 15:47:00,PENN
79.5,79.55,79.5,79.5015,2608,2021-05-25 15:48:00,PENN
79.5,79.6,79.5,79.6,6491,2021-05-25 15:49:00,PENN
79.62,79.63,79.498,79.498,5135,2021-05-25 15:50:00,PENN
79.47,79.47,79.29,79.3289,3592,2021-05-25 15:51:00,PENN
79.32,79.354,79.17,79.354,12842,2021-05-25 15:52:00,PENN
79.33,79.34,79.25,79.25,1200,2021-05-25 15:53:00,PENN
79.32,79.4,79.292,79.365,3531,2021-05-25 15:54:00,PENN
79.42,79.57,79.32,79.4,5652,2021-05-25 15:55:00,PENN
79.36,79.42,79.32,79.42,1610,2021-05-25 15:56:00,PENN
79.38,79.57,79.38,79.57,2825,2021-05-25 15:57:00,PENN
79.61,79.7,79.58,79.69,3176,2021-05-25 15:58:00,PENN
79.7,79.905,79.68,79.89,16176,2021-05-25 15:59:00,PENN
79.905,80.0609,79.905,79.94,6947,2021-05-25 16:00:00,PENN
79.9001,79.969,79.84,79.92,3953,2021-05-25 16:01:00,PENN
79.85,79.88,79.7701,79.8201,2288,2021-05-25 16:02:00,PENN
79.76,79.8111,79.75,79.8111,2536,2021-05-25 16:03:00,PENN
79.76,79.85,79.76,79.85,1095,2021-05-25 16:04:00,PENN
79.79,79.88,79.79,79.88,1030,2021-05-25 16:05:00,PENN
79.82,79.84,79.77,79.82,3000,2021-05-25 16:06:00,PENN
79.79,79.81,79.79,79.81,300,2021-05-25 16:07:00,PENN
79.78,79.83,79.74,79.79,2642,2021-05-25 16:08:00,PENN
79.84,80.04,79.84,79.98,4854,2021-05-25 16:09:00,PENN
80.03,80.12,80.01,80.08,3182,2021-05-25 16:10:00,PENN
80.05,80.05,79.97,80.02,3127,2021-05-25 16:11:00,PENN
79.95,79.95,79.93,79.93,300,2021-05-25 16:12:00,PENN
79.94,79.98,79.91,79.97,1516,2021-05-25 16:13:00,PENN
79.9699,80.07,79.9699,80.07,1900,2021-05-25 16:14:00,PENN
80.0,80.0,79.97,80.0,2437,2021-05-25 16:15:00,PENN
79.955,80.05,79.95,80.05,1300,2021-05-25 16:16:00,PENN
80.05,80.05,80.01,80.01,840,2021-05-25 16:17:00,PENN
80.01,80.02,79.96,79.9787,1051,2021-05-25 16:18:00,PENN
79.93,80.02,79.89,80.01,4038,2021-05-25 16:19:00,PENN
80.035,80.16,80.035,80.16,800,2021-05-25 16:20:00,PENN
80.19,80.1994,80.13,80.1994,1100,2021-05-25 16:21:00,PENN
80.13,80.17,80.08,80.09,1647,2021-05-25 16:22:00,PENN
80.05,80.13,80.05,80.06,1800,2021-05-25 16:23:00,PENN
80.07,80.095,80.01,80.06,2106,2021-05-25 16:24:00,PENN
80.0777,80.13,80.068,80.13,2687,2021-05-25 16:25:00,PENN
80.14,80.25,80.14,80.25,2556,2021-05-25 16:26:00,PENN
80.23,80.255,80.11,80.11,2183,2021-05-25 16:27:00,PENN
80.195,80.195,80.1,80.1,2100,2021-05-25 16:28:00,PENN
80.08,80.2,80.06,80.2,3659,2021-05-25 16:29:00,PENN
80.2,80.3094,80.15,80.3094,5900,2021-05-25 16:30:00,PENN
80.25,80.32,80.2,80.28,2625,2021-05-25 16:31:00,PENN
80.15,80.17,80.115,80.1302,1132,2021-05-25 16:32:00,PENN
80.1,80.23,80.09,80.23,865,2021-05-25 16:33:00,PENN
80.2,80.27,80.2,80.245,2700,2021-05-25 16:34:00,PENN
80.23,80.33,80.23,80.28,6135,2021-05-25 16:35:00,PENN
80.33,80.44,80.32,80.33,3369,2021-05-25 16:36:00,PENN
80.33,80.33,80.24,80.305,2313,2021-05-25 16:37:00,PENN
80.33,80.33,80.24,80.24,1500,2021-05-25 16:38:00,PENN
80.2501,80.38,80.2501,80.301,3039,2021-05-25 16:39:00,PENN
80.34,80.38,80.32,80.34,2453,2021-05-25 16:40:00,PENN
80.29,80.34,80.29,80.31,2078,2021-05-25 16:41:00,PENN
80.35,80.4599,80.33,80.4599,2599,2021-05-25 16:42:00,PENN
80.46,80.56,80.45,80.51,7784,2021-05-25 16:43:00,PENN
80.505,80.53,80.46,80.47,3623,2021-05-25 16:44:00,PENN
80.5,80.53,80.47,80.48,800,2021-05-25 16:45:00,PENN
80.48,80.49,80.45,80.45,800,2021-05-25 16:46:00,PENN
80.44,80.4799,80.435,80.45,1218,2021-05-25 16:47:00,PENN
80.45,80.48,80.41,80.46,5668,2021-05-25 16:48:00,PENN
80.45,80.46,80.28,80.28,11204,2021-05-25 16:49:00,PENN
80.28,80.3,80.19,80.26,1650,2021-05-25 16:50:00,PENN
80.28,80.2923,80.18,80.19,2548,2021-05-25 16:51:00,PENN
80.19,80.2301,80.1501,80.2301,2202,2021-05-25 16:52:00,PENN
80.3,80.35,80.3,80.35,570,2021-05-25 16:53:00,PENN
80.32,80.36,80.28,80.35,2740,2021-05-25 16:54:00,PENN
80.31,80.31,80.22,80.22,458,2021-05-25 16:55:00,PENN
80.29,80.32,80.24,80.25,1100,2021-05-25 16:56:00,PENN
80.32,80.32,80.27,80.27,742,2021-05-25 16:57:00,PENN
80.29,80.32,80.27,80.27,1000,2021-05-25 16:58:00,PENN
80.31,80.31,80.26,80.26,700,2021-05-25 16:59:00,PENN
80.24,80.26,80.21,80.21,1843,2021-05-25 17:00:00,PENN
80.21,80.23,80.11,80.11,1900,2021-05-25 17:01:00,PENN
80.19,80.23,80.11,80.11,4006,2021-05-25 17:02:00,PENN
80.09,80.1,80.02,80.1,2099,2021-05-25 17:03:00,PENN
80.07,80.095,80.07,80.08,800,2021-05-25 17:04:00,PENN
80.02,80.0499,80.0,80.03,2500,2021-05-25 17:05:00,PENN
80.05,80.26,80.04,80.26,5663,2021-05-25 17:06:00,PENN
80.29,80.36,80.25,80.36,2544,2021-05-25 17:07:00,PENN
80.3158,80.3158,80.24,80.24,2622,2021-05-25 17:08:00,PENN
80.36,80.4,80.35,80.39,2200,2021-05-25 17:09:00,PENN
80.37,80.39,80.34,80.34,1596,2021-05-25 17:10:00,PENN
80.33,80.33,80.31,80.3101,821,2021-05-25 17:11:00,PENN
80.32,80.36,80.32,80.36,799,2021-05-25 17:12:00,PENN
80.37,80.39,80.34,80.39,1104,2021-05-25 17:13:00,PENN
80.42,80.48,80.4,80.455,4129,2021-05-25 17:14:00,PENN
80.48,80.48,80.43,80.46,1408,2021-05-25 17:15:00,PENN
80.43,80.45,80.42,80.45,900,2021-05-25 17:16:00,PENN
80.43,80.53,80.425,80.4992,6883,2021-05-25 17:17:00,PENN
80.55,80.65,80.52,80.65,3065,2021-05-25 17:18:00,PENN
80.6,80.625,80.55,80.56,2112,2021-05-25 17:19:00,PENN
80.59,80.62,80.53,80.56,1399,2021-05-25 17:20:00,PENN
80.48,80.48,80.48,80.48,100,2021-05-25 17:21:00,PENN
80.48,80.48,80.44,80.44,608,2021-05-25 17:22:00,PENN
80.47,80.51,80.47,80.48,1325,2021-05-25 17:23:00,PENN
80.53,80.53,80.46,80.495,1250,2021-05-25 17:24:00,PENN
80.45,80.45,80.4,80.415,1475,2021-05-25 17:25:00,PENN
80.4,80.4,80.29,80.3,1306,2021-05-25 17:26:00,PENN
80.34,80.37,80.29,80.29,1408,2021-05-25 17:27:00,PENN
80.34,80.41,80.32,80.4,1283,2021-05-25 17:28:00,PENN
80.38,80.4,80.33,80.33,1405,2021-05-25 17:29:00,PENN
80.36,80.41,80.3,80.3,3250,2021-05-25 17:30:00,PENN
80.31,80.31,80.25,80.26,2499,2021-05-25 17:31:00,PENN
80.25,80.33,80.1901,80.21,3560,2021-05-25 17:32:00,PENN
80.25,80.3099,80.21,80.23,3454,2021-05-25 17:33:00,PENN
80.28,80.28,80.2,80.2,1145,2021-05-25 17:34:00,PENN
80.2,80.2,80.2,80.2,600,2021-05-25 17:35:00,PENN
80.2,80.2,80.13,80.15,999,2021-05-25 17:36:00,PENN
80.18,80.402,80.18,80.402,3174,2021-05-25 17:37:00,PENN
80.43,80.45,80.4,80.4,2600,2021-05-25 17:38:00,PENN
80.3735,80.38,80.31,80.3694,1936,2021-05-25 17:39:00,PENN
80.31,80.31,80.14,80.17,1224,2021-05-25 17:40:00,PENN
80.13,80.19,80.08,80.1,1900,2021-05-25 17:41:00,PENN
80.13,80.18,80.12,80.14,1099,2021-05-25 17:42:00,PENN
80.18,80.18,80.13,80.13,828,2021-05-25 17:43:00,PENN
80.12,80.21,80.12,80.21,2301,2021-05-25 17:44:00,PENN
80.17,80.18,80.05,80.05,6045,2021-05-25 17:45:00,PENN
80.08,80.18,80.08,80.18,4964,2021-05-25 17:46:00,PENN
80.185,80.19,80.14,80.15,2105,2021-05-25 17:47:00,PENN
80.09,80.09,80.085,80.085,461,2021-05-25 17:48:00,PENN
80.07,80.12,80.04,80.12,2160,2021-05-25 17:49:00,PENN
80.14,80.2,80.12,80.2,608,2021-05-25 17:50:00,PENN
80.175,80.175,80.12,80.12,900,2021-05-25 17:51:00,PENN
80.15,80.215,80.15,80.17,4404,2021-05-25 17:52:00,PENN
80.18,80.26,80.14,80.14,2273,2021-05-25 17:53:00,PENN
80.23,80.27,80.16,80.27,2400,2021-05-25 17:54:00,PENN
80.33,80.49,80.33,80.42,16492,2021-05-25 17:55:00,PENN
80.38,80.4,80.35,80.3988,7879,2021-05-25 17:56:00,PENN
80.4,80.47,80.4,80.45,3060,2021-05-25 17:57:00,PENN
80.48,80.54,80.42,80.43,5711,2021-05-25 17:58:00,PENN
80.41,80.42,80.35,80.41,3200,2021-05-25 17:59:00,PENN
80.41,80.45,80.24,80.24,1830,2021-05-25 18:00:00,PENN
80.29,80.3,80.11,80.14,5532,2021-05-25 18:01:00,PENN
80.14,80.19,80.12,80.14,2200,2021-05-25 18:02:00,PENN
80.14,80.2,80.0,80.0,11939,2021-05-25 18:03:00,PENN
80.0,80.1,79.9227,80.04,8975,2021-05-25 18:04:00,PENN
80.03,80.03,79.99,80.0,2897,2021-05-25 18:05:00,PENN
79.99,80.04,79.99,80.015,1800,2021-05-25 18:06:00,PENN
79.99,80.03,79.86,79.86,2872,2021-05-25 18:07:00,PENN
79.91,79.98,79.9,79.97,2651,2021-05-25 18:08:00,PENN
80.05,80.07,79.99,79.99,2963,2021-05-25 18:09:00,PENN
79.95,79.96,79.94,79.96,520,2021-05-25 18:10:00,PENN
79.94,80.1,79.93,80.1,2030,2021-05-25 18:11:00,PENN
80.06,80.06,79.95,79.98,2690,2021-05-25 18:12:00,PENN
80.025,80.08,80.025,80.04,2939,2021-05-25 18:13:00,PENN
79.98,80.075,79.98,80.075,800,2021-05-25 18:14:00,PENN
80.04,80.04,79.95,79.98,1400,2021-05-25 18:15:00,PENN
80.01,80.015,79.98,80.01,1200,2021-05-25 18:16:00,PENN
80.03,80.15,80.0,80.15,1600,2021-05-25 18:17:00,PENN
80.16,80.226,80.1,80.1,1915,2021-05-25 18:18:00,PENN
80.08,80.11,80.02,80.02,401,2021-05-25 18:19:00,PENN
80.0,80.06,79.96,80.03,2455,2021-05-25 18:20:00,PENN
80.02,80.13,79.98,80.13,1800,2021-05-25 18:21:00,PENN
80.11,80.16,80.07,80.07,600,2021-05-25 18:22:00,PENN
80.14,80.14,80.1,80.135,600,2021-05-25 18:23:00,PENN
80.12,80.12,80.09,80.09,1900,2021-05-25 18:24:00,PENN
80.07,80.07,80.02,80.03,976,2021-05-25 18:25:00,PENN
80.08,80.12,80.07,80.095,1700,2021-05-25 18:26:00,PENN
80.06,80.08,80.01,80.04,1380,2021-05-25 18:27:00,PENN
80.0198,80.04,79.95,79.95,2444,2021-05-25 18:28:00,PENN
80.0,80.05,79.99,80.05,392,2021-05-25 18:29:00,PENN
80.0,80.185,80.0,80.14,5170,2021-05-25 18:30:00,PENN
80.07,80.11,80.05,80.11,1400,2021-05-25 18:31:00,PENN
80.08,80.08,80.05,80.05,1300,2021-05-25 18:32:00,PENN
80.11,80.11,80.0,80.05,1599,2021-05-25 18:33:00,PENN
79.99,80.0,79.95,79.95,1299,2021-05-25 18:34:00,PENN
79.965,80.04,79.96,80.04,1611,2021-05-25 18:35:00,PENN
80.05,80.1112,80.05,80.1112,449,2021-05-25 18:36:00,PENN
80.08,80.1475,80.08,80.14,2679,2021-05-25 18:37:00,PENN
80.2,80.2,80.13,80.13,2655,2021-05-25 18:38:00,PENN
80.15,80.1999,80.14,80.15,2100,2021-05-25 18:39:00,PENN
80.19,80.2,80.07,80.085,4514,2021-05-25 18:40:00,PENN
80.05,80.06,79.96,80.0,5221,2021-05-25 18:41:00,PENN
80.0,80.05,80.0,80.03,1699,2021-05-25 18:42:00,PENN
80.03,80.07,80.0,80.02,2609,2021-05-25 18:43:00,PENN
79.97,80.01,79.97,80.01,1490,2021-05-25 18:44:00,PENN
79.98,80.0199,79.94,80.0,5021,2021-05-25 18:45:00,PENN
79.95,79.95,79.84,79.87,2452,2021-05-25 18:46:00,PENN
79.91,79.91,79.76,79.87,10148,2021-05-25 18:47:00,PENN
79.89,79.89,79.84,79.89,2000,2021-05-25 18:48:00,PENN
79.9,79.91,79.855,79.87,500,2021-05-25 18:49:00,PENN
79.83,79.9096,79.83,79.86,2398,2021-05-25 18:50:00,PENN
79.78,79.82,79.71,79.77,5362,2021-05-25 18:51:00,PENN
79.8,79.92,79.77,79.85,4433,2021-05-25 18:52:00,PENN
79.89,79.89,79.77,79.86,5031,2021-05-25 18:53:00,PENN
79.86,79.91,79.82,79.89,2000,2021-05-25 18:54:00,PENN
79.91,79.95,79.8,79.86,4824,2021-05-25 18:55:00,PENN
79.865,79.9086,79.84,79.84,1200,2021-05-25 18:56:00,PENN
79.85,79.9,79.8,79.88,2000,2021-05-25 18:57:00,PENN
79.86,79.86,79.8,79.8,1472,2021-05-25 18:58:00,PENN
79.77,79.7888,79.71,79.76,3122,2021-05-25 18:59:00,PENN
79.76,79.78,79.73,79.75,3399,2021-05-25 19:00:00,PENN
79.75,79.78,79.7,79.75,2286,2021-05-25 19:01:00,PENN
79.71,79.7188,79.62,79.66,4798,2021-05-25 19:02:00,PENN
79.66,79.66,79.53,79.53,2200,2021-05-25 19:03:00,PENN
79.51,79.57,79.5,79.53,3158,2021-05-25 19:04:00,PENN
79.54,79.59,79.53,79.5894,3153,2021-05-25 19:05:00,PENN
79.58,79.72,79.58,79.6994,3827,2021-05-25 19:06:00,PENN
79.69,79.75,79.66,79.735,2914,2021-05-25 19:07:00,PENN
79.75,79.8,79.71,79.785,2949,2021-05-25 19:08:00,PENN
79.77,79.79,79.68,79.68,4329,2021-05-25 19:09:00,PENN
79.66,79.74,79.66,79.74,1221,2021-05-25 19:10:00,PENN
79.75,79.77,79.62,79.67,7966,2021-05-25 19:11:00,PENN
79.68,79.76,79.68,79.735,2754,2021-05-25 19:12:00,PENN
79.735,79.8,79.735,79.78,7031,2021-05-25 19:13:00,PENN
79.8,79.8,79.72,79.725,5649,2021-05-25 19:14:00,PENN
79.7,79.89,79.67,79.885,2207,2021-05-25 19:15:00,PENN
79.88,80.06,79.85,80.045,6195,2021-05-25 19:16:00,PENN
80.045,80.05,79.99,79.99,2529,2021-05-25 19:17:00,PENN
79.99,80.03,79.98,80.025,3814,2021-05-25 19:18:00,PENN
80.06,80.12,80.05,80.07,1750,2021-05-25 19:19:00,PENN
80.14,80.18,80.1,80.1,1974,2021-05-25 19:20:00,PENN
80.085,80.13,80.02,80.105,1449,2021-05-25 19:21:00,PENN
80.09,80.21,80.09,80.21,1814,2021-05-25 19:22:00,PENN
80.21,80.24,80.21,80.21,1858,2021-05-25 19:23:00,PENN
80.23,80.23,80.115,80.17,2629,2021-05-25 19:24:00,PENN
80.15,80.19,80.13,80.18,3219,2021-05-25 19:25:00,PENN
80.11,80.11,79.96,80.0,10745,2021-05-25 19:26:00,PENN
79.9938,80.005,79.91,79.93,7358,2021-05-25 19:27:00,PENN
79.94,80.0,79.93,79.99,7489,2021-05-25 19:28:00,PENN
79.974,79.99,79.91,79.92,4683,2021-05-25 19:29:00,PENN
79.95,79.95,79.77,79.79,9845,2021-05-25 19:30:00,PENN
79.8,79.87,79.8,79.87,8262,2021-05-25 19:31:00,PENN
79.9,79.94,79.87,79.89,10294,2021-05-25 19:32:00,PENN
79.9,79.95,79.885,79.895,15174,2021-05-25 19:33:00,PENN
79.87,79.92,79.83,79.87,1348,2021-05-25 19:34:00,PENN
79.88,79.88,79.83,79.84,1403,2021-05-25 19:35:00,PENN
79.87,79.88,79.84,79.85,2901,2021-05-25 19:36:00,PENN
79.88,79.88,79.81,79.81,2583,2021-05-25 19:37:00,PENN
79.8,79.88,79.8,79.87,8813,2021-05-25 19:38:00,PENN
79.93,80.0,79.93,80.0,7657,2021-05-25 19:39:00,PENN
80.005,80.04,79.94,79.97,4218,2021-05-25 19:40:00,PENN
79.97,80.01,79.94,79.97,3895,2021-05-25 19:41:00,PENN
79.995,80.0,79.97,79.97,1000,2021-05-25 19:42:00,PENN
79.9662,79.985,79.93,79.96,12491,2021-05-25 19:43:00,PENN
79.95,79.97,79.92,79.96,3000,2021-05-25 19:44:00,PENN
79.95,80.0,79.91,79.91,4402,2021-05-25 19:45:00,PENN
79.9107,79.93,79.86,79.88,4180,2021-05-25 19:46:00,PENN
79.89,79.89,79.81,79.82,4725,2021-05-25 19:47:00,PENN
79.83,79.8499,79.8,79.8001,5692,2021-05-25 19:48:00,PENN
79.83,79.885,79.76,79.8,5871,2021-05-25 19:49:00,PENN
79.82,80.02,79.74,79.77,13113,2021-05-25 19:50:00,PENN
79.72,79.72,79.56,79.59,10320,2021-05-25 19:51:00,PENN
79.59,79.68,79.57,79.58,16730,2021-05-25 19:52:00,PENN
79.62,79.72,79.6,79.67,12605,2021-05-25 19:53:00,PENN
79.68,79.77,79.67,79.77,14367,2021-05-25 19:54:00,PENN
79.76,79.9,79.76,79.8675,22840,2021-05-25 19:55:00,PENN
79.87,79.9046,79.81,79.85,9712,2021-05-25 19:56:00,PENN
79.85,79.9,79.74,79.78,28204,2021-05-25 19:57:00,PENN
79.77,79.78,79.72,79.73,12436,2021-05-25 19:58:00,PENN
79.73,79.75,79.67,79.69,22816,2021-05-25 19:59:00,PENN
79.74,79.74,79.74,79.74,97755,2021-05-25 20:00:00,PENN
79.74,79.74,79.74,79.74,18231,2021-05-25 20:01:00,PENN
79.74,79.74,79.74,79.74,423,2021-05-25 20:02:00,PENN
79.74,79.74,79.74,79.74,1684,2021-05-25 20:06:00,PENN
79.45,79.45,79.45,79.45,1000,2021-05-25 20:24:00,PENN
79.74,79.74,79.74,79.74,3142,2021-05-25 20:34:00,PENN
79.7401,79.7401,79.7401,79.7401,105,2021-05-25 20:42:00,PENN
79.85,79.85,79.82,79.82,499,2021-05-25 20:55:00,PENN
79.86,79.86,79.86,79.86,688,2021-05-25 21:41:00,PENN
79.88,79.9,79.88,79.9,430,2021-05-25 21:48:00,PENN
79.9,79.9,79.9,79.9,2800,2021-05-25 21:51:00,PENN
79.91,79.91,79.91,79.91,100,2021-05-25 21:54:00,PENN
79.98,80.0,79.98,80.0,600,2021-05-25 22:00:00,PENN
79.67,79.83,79.58,79.58,2715,2021-05-25 22:05:00,PENN
79.74,79.74,79.74,79.74,900,2021-05-25 22:33:00,PENN
79.79,79.79,79.79,79.79,100,2021-05-25 22:39:00,PENN
80.0,80.0,80.0,80.0,100,2021-05-25 23:05:00,PENN
80.0,80.0,80.0,80.0,272,2021-05-25 23:12:00,PENN
80.0,80.0,80.0,80.0,500,2021-05-25 23:27:00,PENN
80.1,80.1,80.1,80.1,728,2021-05-26 10:55:00,PENN
80.0,80.0,80.0,80.0,112,2021-05-26 11:18:00,PENN
80.49,80.49,80.49,80.49,100,2021-05-26 11:26:00,PENN
80.55,80.55,80.55,80.55,122,2021-05-26 11:48:00,PENN
80.25,80.25,80.25,80.25,100,2021-05-26 12:12:00,PENN
80.5999,80.6,80.5999,80.6,400,2021-05-26 12:20:00,PENN
80.4,80.4,80.4,80.4,491,2021-05-26 12:21:00,PENN
80.5999,80.6,80.5999,80.6,200,2021-05-26 12:34:00,PENN
80.59,80.59,80.59,80.59,100,2021-05-26 12:41:00,PENN
80.32,80.32,80.32,80.32,1050,2021-05-26 12:49:00,PENN
80.32,80.32,80.32,80.32,808,2021-05-26 12:53:00,PENN
80.3,80.3,80.3,80.3,1500,2021-05-26 12:57:00,PENN
80.3,80.3,80.25,80.25,1118,2021-05-26 12:58:00,PENN
80.07,80.07,80.07,80.07,100,2021-05-26 13:06:00,PENN
79.91,79.9999,79.91,79.9999,5100,2021-05-26 13:11:00,PENN
79.98,79.98,79.9,79.9,600,2021-05-26 13:12:00,PENN
80.0,80.0,80.0,80.0,825,2021-05-26 13:15:00,PENN
80.0,80.0,80.0,80.0,152,2021-05-26 13:19:00,PENN
80.2,80.2,80.2,80.2,1281,2021-05-26 13:25:00,PENN
80.4998,80.5,80.4998,80.5,1100,2021-05-26 13:26:00,PENN
80.24,80.6,80.01,80.15,39102,2021-05-26 13:30:00,PENN
80.1699,80.4,79.67,80.08,18876,2021-05-26 13:31:00,PENN
80.1001,80.79,80.1001,80.63,8022,2021-05-26 13:32:00,PENN
80.74,81.3,80.73,81.1347,18783,2021-05-26 13:33:00,PENN
81.245,81.38,80.96,81.37,12043,2021-05-26 13:34:00,PENN
81.29,81.34,80.88,80.8924,6204,2021-05-26 13:35:00,PENN
81.08,81.24,80.97,81.15,8294,2021-05-26 13:36:00,PENN
81.1468,81.7,81.05,81.69,26109,2021-05-26 13:37:00,PENN
81.69,82.04,81.62,81.95,21516,2021-05-26 13:38:00,PENN
81.97,82.2,81.915,82.126,17966,2021-05-26 13:39:00,PENN
82.1,82.396,81.8601,81.9533,19798,2021-05-26 13:40:00,PENN
81.95,82.13,81.51,81.77,15225,2021-05-26 13:41:00,PENN
81.77,81.92,81.655,81.84,17182,2021-05-26 13:42:00,PENN
81.94,82.09,81.94,82.03,8361,2021-05-26 13:43:00,PENN
82.01,82.14,81.94,81.96,8336,2021-05-26 13:44:00,PENN
82.04,82.06,81.87,81.93,8998,2021-05-26 13:45:00,PENN
81.99,82.11,81.8,82.05,8972,2021-05-26 13:46:00,PENN
82.01,82.16,81.995,82.139,10787,2021-05-26 13:47:00,PENN
82.135,82.23,81.89,81.935,10310,2021-05-26 13:48:00,PENN
81.89,81.915,81.6999,81.74,12611,2021-05-26 13:49:00,PENN
81.74,82.11,81.73,82.11,12761,2021-05-26 13:50:00,PENN
82.09,82.25,81.955,82.04,13483,2021-05-26 13:51:00,PENN
82.05,82.3,82.02,82.07,13443,2021-05-26 13:52:00,PENN
82.17,82.35,82.16,82.26,11620,2021-05-26 13:53:00,PENN
82.33,82.4,82.145,82.249,12363,2021-05-26 13:54:00,PENN
82.2,82.42,82.2,82.27,12015,2021-05-26 13:55:00,PENN
82.29,82.6688,82.26,82.56,18617,2021-05-26 13:56:00,PENN
82.6292,82.69,82.15,82.25,41293,2021-05-26 13:57:00,PENN
82.21,82.28,82.0,82.04,23063,2021-05-26 13:58:00,PENN
82.045,82.18,81.91,81.91,16937,2021-05-26 13:59:00,PENN
81.94,82.24,81.85,82.005,13727,2021-05-26 14:00:00,PENN
82.0799,82.0799,81.5604,81.5604,9824,2021-05-26 14:01:00,PENN
81.5553,81.61,81.39,81.516,14385,2021-05-26 14:02:00,PENN
81.43,81.56,81.37,81.42,7990,2021-05-26 14:03:00,PENN
81.41,81.62,81.28,81.595,6529,2021-05-26 14:04:00,PENN
81.62,81.94,81.52,81.52,5250,2021-05-26 14:05:00,PENN
81.545,81.77,81.49,81.76,3327,2021-05-26 14:06:00,PENN
81.89,81.92,81.644,81.76,2759,2021-05-26 14:07:00,PENN
81.72,81.7864,81.64,81.72,5598,2021-05-26 14:08:00,PENN
81.79,81.825,81.7,81.77,3309,2021-05-26 14:09:00,PENN
81.84,81.99,81.715,81.715,8977,2021-05-26 14:10:00,PENN
81.76,81.91,81.715,81.87,3250,2021-05-26 14:11:00,PENN
81.76,81.85,81.675,81.85,4415,2021-05-26 14:12:00,PENN
81.82,81.99,81.82,81.9,4899,2021-05-26 14:13:00,PENN
81.89,81.9,81.78,81.87,3735,2021-05-26 14:14:00,PENN
81.845,81.96,81.8,81.92,3672,2021-05-26 14:15:00,PENN
81.89,82.0,81.845,81.9689,6093,2021-05-26 14:16:00,PENN
81.97,82.225,81.97,82.19,13103,2021-05-26 14:17:00,PENN
82.19,82.24,82.11,82.21,10795,2021-05-26 14:18:00,PENN
82.2465,82.31,82.08,82.29,9250,2021-05-26 14:19:00,PENN
82.27,82.27,82.105,82.18,1820,2021-05-26 14:20:00,PENN
82.1857,82.22,82.0691,82.165,2729,2021-05-26 14:21:00,PENN
82.1055,82.1616,82.0,82.16,7736,2021-05-26 14:22:00,PENN
82.17,82.35,82.14,82.275,4639,2021-05-26 14:23:00,PENN
82.28,82.37,82.26,82.285,2848,2021-05-26 14:24:00,PENN
82.285,82.33,82.17,82.2,2320,2021-05-26 14:25:00,PENN
82.23,82.45,82.16,82.44,5882,2021-05-26 14:26:00,PENN
82.42,82.65,82.42,82.53,7187,2021-05-26 14:27:00,PENN
82.53,82.56,82.4101,82.5058,5983,2021-05-26 14:28:00,PENN
82.53,82.56,82.445,82.56,2739,2021-05-26 14:29:00,PENN
82.58,82.7,82.41,82.41,8443,2021-05-26 14:30:00,PENN
82.47,82.5075,82.36,82.5,6328,2021-05-26 14:31:00,PENN
82.53,82.67,82.5101,82.615,6319,2021-05-26 14:32:00,PENN
82.6,82.66,82.54,82.64,4086,2021-05-26 14:33:00,PENN
82.64,82.675,82.56,82.6224,5534,2021-05-26 14:34:00,PENN
82.69,82.7,82.63,82.655,4357,2021-05-26 14:35:00,PENN
82.66,82.73,82.61,82.69,15264,2021-05-26 14:36:00,PENN
82.72,82.72,82.505,82.66,11715,2021-05-26 14:37:00,PENN
82.62,82.62,82.53,82.54,7058,2021-05-26 14:38:00,PENN
82.57,82.63,82.4752,82.4814,9215,2021-05-26 14:39:00,PENN
82.5,82.6915,82.5,82.565,8965,2021-05-26 14:40:00,PENN
82.57,82.61,82.36,82.36,8499,2021-05-26 14:41:00,PENN
82.355,82.433,82.29,82.3235,6693,2021-05-26 14:42:00,PENN
82.31,82.4,82.2,82.25,7288,2021-05-26 14:43:00,PENN
82.26,82.38,82.25,82.37,10461,2021-05-26 14:44:00,PENN
82.39,82.5,82.38,82.45,3359,2021-05-26 14:45:00,PENN
82.48,82.53,82.35,82.35,4900,2021-05-26 14:46:00,PENN
82.4,82.435,82.39,82.39,649,2021-05-26 14:47:00,PENN
82.36,82.4,82.25,82.31,2520,2021-05-26 14:48:00,PENN
82.36,82.42,82.2801,82.42,4365,2021-05-26 14:49:00,PENN
82.42,82.569,82.42,82.43,3556,2021-05-26 14:50:00,PENN
82.4888,82.52,82.4,82.48,5400,2021-05-26 14:51:00,PENN
82.49,82.66,82.46,82.605,5460,2021-05-26 14:52:00,PENN
82.63,82.6399,82.51,82.57,5883,2021-05-26 14:53:00,PENN
82.6,82.66,82.55,82.66,4319,2021-05-26 14:54:00,PENN
82.68,82.73,82.64,82.64,4148,2021-05-26 14:55:00,PENN
82.69,82.69,82.63,82.69,3050,2021-05-26 14:56:00,PENN
82.67,82.87,82.67,82.87,9671,2021-05-26 14:57:00,PENN
82.82,83.08,82.79,82.98,28434,2021-05-26 14:58:00,PENN
82.955,83.05,82.93,82.97,6055,2021-05-26 14:59:00,PENN
82.99,83.0214,82.9,82.9,5799,2021-05-26 15:00:00,PENN
82.89,83.03,82.89,82.985,7305,2021-05-26 15:01:00,PENN
82.92,82.92,82.8,82.85,10455,2021-05-26 15:02:00,PENN
82.82,82.85,82.7401,82.83,8809,2021-05-26 15:03:00,PENN
82.865,82.99,82.85,82.925,9902,2021-05-26 15:04:00,PENN
82.92,83.08,82.9,83.05,8908,2021-05-26 15:05:00,PENN
83.025,83.2,82.995,83.15,9234,2021-05-26 15:06:00,PENN
83.21,83.21,83.09,83.0902,4531,2021-05-26 15:07:00,PENN
83.11,83.33,83.11,83.27,15102,2021-05-26 15:08:00,PENN
83.315,83.315,83.07,83.29,8583,2021-05-26 15:09:00,PENN
83.27,83.35,83.24,83.2459,8124,2021-05-26 15:10:00,PENN
83.24,83.28,83.09,83.1,4638,2021-05-26 15:11:00,PENN
83.14,83.2,83.05,83.05,2580,2021-05-26 15:12:00,PENN
83.09,83.09,82.9,82.96,4992,2021-05-26 15:13:00,PENN
82.9648,83.105,82.92,83.105,5656,2021-05-26 15:14:00,PENN
83.08,83.18,83.08,83.17,5609,2021-05-26 15:15:00,PENN
83.185,83.27,83.17,83.18,4175,2021-05-26 15:16:00,PENN
83.21,83.35,83.19,83.3,7897,2021-05-26 15:17:00,PENN
83.29,83.29,83.2,83.29,4804,2021-05-26 15:18:00,PENN
83.29,83.38,83.14,83.14,8750,2021-05-26 15:19:00,PENN
83.1291,83.19,83.1291,83.19,699,2021-05-26 15:20:00,PENN
83.22,83.26,83.13,83.13,3402,2021-05-26 15:21:00,PENN
83.15,83.15,83.09,83.11,2140,2021-05-26 15:22:00,PENN
83.14,83.24,83.11,83.14,3172,2021-05-26 15:23:00,PENN
83.14,83.14,82.97,82.99,9254,2021-05-26 15:24:00,PENN
82.98,83.095,82.98,83.01,5904,2021-05-26 15:25:00,PENN
82.98,83.01,82.875,82.875,3599,2021-05-26 15:26:00,PENN
82.8401,83.03,82.81,83.005,14793,2021-05-26 15:27:00,PENN
82.96,83.08,82.945,83.045,1959,2021-05-26 15:28:00,PENN
83.05,83.1,82.9601,83.08,1850,2021-05-26 15:29:00,PENN
83.08,83.14,83.08,83.13,1448,2021-05-26 15:30:00,PENN
83.11,83.2153,83.01,83.03,3671,2021-05-26 15:31:00,PENN
83.01,83.01,82.81,82.82,3398,2021-05-26 15:32:00,PENN
82.8031,82.86,82.58,82.581,8302,2021-05-26 15:33:00,PENN
82.58,82.6413,82.56,82.56,3902,2021-05-26 15:34:00,PENN
82.55,82.62,82.49,82.54,10279,2021-05-26 15:35:00,PENN
82.56,82.635,82.56,82.635,1206,2021-05-26 15:36:00,PENN
82.65,82.72,82.61,82.72,1800,2021-05-26 15:37:00,PENN
82.74,82.86,82.73,82.84,4174,2021-05-26 15:38:00,PENN
82.91,82.98,82.84,82.9766,5556,2021-05-26 15:39:00,PENN
82.9805,83.05,82.96,83.0,6819,2021-05-26 15:40:00,PENN
82.955,83.01,82.95,82.9724,5849,2021-05-26 15:41:00,PENN
82.99,82.99,82.94,82.97,6500,2021-05-26 15:42:00,PENN
82.94,82.94,82.83,82.91,1899,2021-05-26 15:43:00,PENN
82.91,82.99,82.9,82.9069,3141,2021-05-26 15:44:00,PENN
82.92,82.99,82.89,82.93,1850,2021-05-26 15:45:00,PENN
82.93,83.0,82.93,82.98,1300,2021-05-26 15:46:00,PENN
82.985,83.0399,82.9567,83.01,2455,2021-05-26 15:47:00,PENN
83.04,83.13,83.04,83.072,2154,2021-05-26 15:48:00,PENN
83.1399,83.1399,83.07,83.0774,600,2021-05-26 15:49:00,PENN
83.09,83.24,83.09,83.2,6363,2021-05-26 15:50:00,PENN
83.2253,83.24,83.15,83.16,6289,2021-05-26 15:51:00,PENN
83.125,83.2,83.125,83.185,4504,2021-05-26 15:52:00,PENN
83.21,83.21,83.18,83.185,1900,2021-05-26 15:53:00,PENN
83.2,83.2,83.09,83.09,4099,2021-05-26 15:54:00,PENN
83.08,83.09,83.07,83.09,1371,2021-05-26 15:55:00,PENN
83.11,83.17,83.1,83.1,7643,2021-05-26 15:56:00,PENN
83.08,83.16,83.03,83.1368,6748,2021-05-26 15:57:00,PENN
83.1,83.165,83.07,83.08,1914,2021-05-26 15:58:00,PENN
83.03,83.05,82.98,82.98,4063,2021-05-26 15:59:00,PENN
82.9792,83.0238,82.975,82.9925,2339,2021-05-26 16:00:00,PENN
82.99,83.08,82.95,83.04,3326,2021-05-26 16:01:00,PENN
83.055,83.15,83.035,83.1201,10988,2021-05-26 16:02:00,PENN
83.12,83.13,83.053,83.085,3600,2021-05-26 16:03:00,PENN
83.11,83.11,83.05,83.052,1900,2021-05-26 16:04:00,PENN
83.07,83.14,83.01,83.095,4775,2021-05-26 16:05:00,PENN
83.09,83.19,83.09,83.175,5176,2021-05-26 16:06:00,PENN
83.195,83.22,83.18,83.205,2158,2021-05-26 16:07:00,PENN
83.205,83.21,83.13,83.13,4358,2021-05-26 16:08:00,PENN
83.12,83.14,83.07,83.08,5591,2021-05-26 16:09:00,PENN
83.07,83.07,83.03,83.055,2448,2021-05-26 16:10:00,PENN
83.04,83.08,82.98,83.0,7750,2021-05-26 16:11:00,PENN
82.95,83.01,82.95,83.01,1120,2021-05-26 16:12:00,PENN
82.9,82.9127,82.88,82.88,1178,2021-05-26 16:13:00,PENN
82.89,82.92,82.84,82.89,1653,2021-05-26 16:14:00,PENN
82.9,82.9,82.81,82.81,1365,2021-05-26 16:15:00,PENN
82.89,82.93,82.89,82.93,3209,2021-05-26 16:16:00,PENN
82.88,82.9,82.79,82.79,1300,2021-05-26 16:17:00,PENN
82.78,82.78,82.69,82.72,2500,2021-05-26 16:18:00,PENN
82.7201,82.87,82.7201,82.87,3027,2021-05-26 16:19:00,PENN
82.88,82.91,82.88,82.89,1700,2021-05-26 16:20:00,PENN
82.87,82.89,82.8544,82.8899,1052,2021-05-26 16:21:00,PENN
82.855,82.855,82.79,82.83,2019,2021-05-26 16:22:00,PENN
82.8305,82.8305,82.7925,82.815,1001,2021-05-26 16:23:00,PENN
82.77,82.78,82.715,82.7281,7536,2021-05-26 16:24:00,PENN
82.73,82.75,82.68,82.7286,2640,2021-05-26 16:25:00,PENN
82.73,82.75,82.69,82.71,1900,2021-05-26 16:26:00,PENN
82.73,82.75,82.705,82.75,1049,2021-05-26 16:27:00,PENN
82.69,82.69,82.665,82.665,1143,2021-05-26 16:28:00,PENN
82.6103,82.66,82.59,82.59,2163,2021-05-26 16:29:00,PENN
82.6,82.6,82.545,82.55,1752,2021-05-26 16:30:00,PENN
82.585,82.62,82.52,82.52,2206,2021-05-26 16:31:00,PENN
82.59,82.61,82.545,82.61,1848,2021-05-26 16:32:00,PENN
82.6,82.6,82.44,82.44,5723,2021-05-26 16:33:00,PENN
82.49,82.49,82.42,82.43,2938,2021-05-26 16:34:00,PENN
82.39,82.39,82.21,82.32,6761,2021-05-26 16:35:00,PENN
82.34,82.35,82.3146,82.315,2790,2021-05-26 16:36:00,PENN
82.34,82.38,82.33,82.38,1112,2021-05-26 16:37:00,PENN
82.4,82.43,82.32,82.32,3499,2021-05-26 16:38:00,PENN
82.31,82.34,82.2301,82.34,3534,2021-05-26 16:39:00,PENN
82.36,82.37,82.2162,82.22,1500,2021-05-26 16:40:00,PENN
82.22,82.27,82.1525,82.1647,4368,2021-05-26 16:41:00,PENN
82.14,82.14,82.06,82.1299,1512,2021-05-26 16:42:00,PENN
82.11,82.11,82.08,82.0828,1789,2021-05-26 16:43:00,PENN
82.085,82.13,82.08,82.12,5319,2021-05-26 16:44:00,PENN
82.09,82.15,82.08,82.14,2011,2021-05-26 16:45:00,PENN
82.16,82.2,82.12,82.12,3731,2021-05-26 16:46:00,PENN
82.1137,82.1499,82.1,82.11,899,2021-05-26 16:47:00,PENN
82.02,82.095,82.02,82.0605,3799,2021-05-26 16:48:00,PENN
82.04,82.15,82.0,82.09,2997,2021-05-26 16:49:00,PENN
82.12,82.15,82.09,82.13,3287,2021-05-26 16:50:00,PENN
82.14,82.1905,82.14,82.18,1931,2021-05-26 16:51:00,PENN
82.2,82.21,82.1301,82.1301,3058,2021-05-26 16:52:00,PENN
82.14,82.25,82.13,82.24,2867,2021-05-26 16:53:00,PENN
82.24,82.24,82.1705,82.2,724,2021-05-26 16:54:00,PENN
82.13,82.15,82.13,82.14,499,2021-05-26 16:55:00,PENN
82.14,82.17,82.065,82.0881,2778,2021-05-26 16:56:00,PENN
82.05,82.07,81.95,81.95,5460,2021-05-26 16:57:00,PENN
81.9794,82.02,81.9187,81.97,3721,2021-05-26 16:58:00,PENN
82.0,82.0,81.8701,81.9,3387,2021-05-26 16:59:00,PENN
81.9,81.92,81.8587,81.91,2621,2021-05-26 17:00:00,PENN
81.9534,82.0,81.935,81.98,3549,2021-05-26 17:01:00,PENN
81.97,82.03,81.96,82.0,5842,2021-05-26 17:02:00,PENN
82.01,82.0662,82.0,82.01,3800,2021-05-26 17:03:00,PENN
82.03,82.089,82.03,82.05,622,2021-05-26 17:04:00,PENN
82.07,82.12,82.05,82.07,1730,2021-05-26 17:05:00,PENN
82.09,82.09,82.0,82.0,400,2021-05-26 17:06:00,PENN
82.0,82.02,81.95,81.97,2799,2021-05-26 17:07:00,PENN
81.91,81.91,81.75,81.75,2432,2021-05-26 17:08:00,PENN
81.79,81.8,81.7,81.8,2100,2021-05-26 17:09:00,PENN
81.82,81.9299,81.82,81.9,1494,2021-05-26 17:10:00,PENN
81.885,82.04,81.86,82.04,4536,2021-05-26 17:11:00,PENN
82.0407,82.1,82.03,82.075,2818,2021-05-26 17:12:00,PENN
82.09,82.11,82.03,82.03,5300,2021-05-26 17:13:00,PENN
82.0,82.07,81.94,82.05,1878,2021-05-26 17:14:00,PENN
82.1099,82.1099,81.99,81.99,1200,2021-05-26 17:15:00,PENN
82.0,82.0,81.985,81.985,1399,2021-05-26 17:16:00,PENN
81.975,82.0254,81.97,81.97,775,2021-05-26 17:17:00,PENN
81.94,81.9634,81.94,81.9598,619,2021-05-26 17:18:00,PENN
82.005,82.08,82.005,82.08,1203,2021-05-26 17:19:00,PENN
82.04,82.1,82.04,82.0931,1463,2021-05-26 17:20:00,PENN
82.1,82.2103,82.1,82.15,1433,2021-05-26 17:21:00,PENN
82.155,82.17,82.13,82.165,1416,2021-05-26 17:22:00,PENN
82.17,82.22,82.15,82.1901,4137,2021-05-26 17:23:00,PENN
82.22,82.27,82.2,82.21,999,2021-05-26 17:24:00,PENN
82.1631,82.2095,82.1631,82.19,420,2021-05-26 17:25:00,PENN
82.215,82.215,82.1,82.14,1792,2021-05-26 17:26:00,PENN
82.1399,82.1589,82.1,82.121,2913,2021-05-26 17:27:00,PENN
82.14,82.14,82.0604,82.12,1299,2021-05-26 17:28:00,PENN
82.12,82.12,81.998,82.04,1729,2021-05-26 17:29:00,PENN
82.03,82.1,82.03,82.1,2000,2021-05-26 17:30:00,PENN
82.1021,82.1021,82.07,82.07,450,2021-05-26 17:31:00,PENN
82.06,82.06,82.01,82.05,1100,2021-05-26 17:32:00,PENN
82.05,82.08,81.97,81.97,3137,2021-05-26 17:33:00,PENN
81.95,82.0,81.95,81.99,5799,2021-05-26 17:34:00,PENN
81.971,81.971,81.86,81.86,1981,2021-05-26 17:35:00,PENN
81.875,81.9,81.78,81.84,1912,2021-05-26 17:36:00,PENN
81.845,81.8899,81.82,81.821,2125,2021-05-26 17:37:00,PENN
81.87,81.87,81.78,81.8286,2582,2021-05-26 17:38:00,PENN
81.83,81.8416,81.789,81.789,1912,2021-05-26 17:39:00,PENN
81.76,81.9224,81.76,81.9224,4071,2021-05-26 17:40:00,PENN
81.93,81.97,81.86,81.86,1641,2021-05-26 17:41:00,PENN
81.88,81.93,81.88,81.93,800,2021-05-26 17:42:00,PENN
81.95,82.02,81.95,81.95,2049,2021-05-26 17:43:00,PENN
81.91,81.975,81.91,81.95,1969,2021-05-26 17:44:00,PENN
82.01,82.12,82.0091,82.12,5008,2021-05-26 17:45:00,PENN
82.16,82.185,82.11,82.11,1772,2021-05-26 17:46:00,PENN
82.08,82.13,82.08,82.13,800,2021-05-26 17:47:00,PENN
82.16,82.179,82.11,82.15,1309,2021-05-26 17:48:00,PENN
82.11,82.18,82.0949,82.18,1751,2021-05-26 17:49:00,PENN
82.17,82.19,82.14,82.145,4000,2021-05-26 17:50:00,PENN
82.12,82.14,82.08,82.08,900,2021-05-26 17:51:00,PENN
82.07,82.075,81.92,81.975,3497,2021-05-26 17:52:00,PENN
81.99,81.99,81.74,81.83,3712,2021-05-26 17:53:00,PENN
81.82,81.84,81.8,81.84,1795,2021-05-26 17:54:00,PENN
81.9,81.98,81.89,81.98,3574,2021-05-26 17:55:00,PENN
82.0,82.01,81.99,81.99,2775,2021-05-26 17:56:00,PENN
82.0,82.16,81.99,82.12,3560,2021-05-26 17:57:00,PENN
82.13,82.28,82.11,82.24,6163,2021-05-26 17:58:00,PENN
82.22,82.3,82.22,82.2892,1213,2021-05-26 17:59:00,PENN
82.3,82.48,82.3,82.45,3689,2021-05-26 18:00:00,PENN
82.48,82.6,82.48,82.5789,6436,2021-05-26 18:01:00,PENN
82.5552,82.73,82.52,82.52,8536,2021-05-26 18:02:00,PENN
82.52,82.5407,82.45,82.45,3749,2021-05-26 18:03:00,PENN
82.445,82.5,82.42,82.5,3173,2021-05-26 18:04:00,PENN
82.5,82.51,82.421,82.4832,6654,2021-05-26 18:05:00,PENN
82.48,82.59,82.48,82.57,4722,2021-05-26 18:06:00,PENN
82.56,82.62,82.505,82.53,4013,2021-05-26 18:07:00,PENN
82.565,82.565,82.4,82.465,3694,2021-05-26 18:08:00,PENN
82.465,82.485,82.43,82.43,3010,2021-05-26 18:09:00,PENN
82.48,82.55,82.44,82.53,8249,2021-05-26 18:10:00,PENN
82.53,82.58,82.52,82.52,2279,2021-05-26 18:11:00,PENN
82.525,82.61,82.52,82.61,1862,2021-05-26 18:12:00,PENN
82.61,82.71,82.61,82.6947,6100,2021-05-26 18:13:00,PENN
82.69,82.79,82.69,82.745,3600,2021-05-26 18:14:00,PENN
82.77,82.78,82.74,82.74,14093,2021-05-26 18:15:00,PENN
82.79,82.83,82.75,82.78,4529,2021-05-26 18:16:00,PENN
82.78,82.87,82.78,82.815,6070,2021-05-26 18:17:00,PENN
82.81,82.85,82.73,82.73,2955,2021-05-26 18:18:00,PENN
82.78,82.92,82.78,82.9,4939,2021-05-26 18:19:00,PENN
82.92,82.95,82.89,82.95,3030,2021-05-26 18:20:00,PENN
82.92,82.96,82.9,82.91,4348,2021-05-26 18:21:00,PENN
82.9253,82.9253,82.84,82.84,3851,2021-05-26 18:22:00,PENN
82.84,82.85,82.76,82.782,2905,2021-05-26 18:23:00,PENN
82.77,82.8,82.68,82.68,5120,2021-05-26 18:24:00,PENN
82.72,82.75,82.57,82.58,8635,2021-05-26 18:25:00,PENN
82.58,82.6,82.51,82.51,4700,2021-05-26 18:26:00,PENN
82.515,82.515,82.4,82.43,4301,2021-05-26 18:27:00,PENN
82.42,82.6,82.41,82.6,6878,2021-05-26 18:28:00,PENN
82.61,82.645,82.605,82.62,3200,2021-05-26 18:29:00,PENN
82.59,82.66,82.58,82.64,2700,2021-05-26 18:30:00,PENN
82.64,82.77,82.604,82.77,7558,2021-05-26 18:31:00,PENN
82.795,83.055,82.795,82.9997,31869,2021-05-26 18:32:00,PENN
82.98,83.05,82.95,82.985,7827,2021-05-26 18:33:00,PENN
82.97,82.9799,82.905,82.97,4298,2021-05-26 18:34:00,PENN
82.98,82.999,82.86,82.95,12381,2021-05-26 18:35:00,PENN
82.93,83.04,82.91,82.99,17372,2021-05-26 18:36:00,PENN
82.98,83.125,82.98,83.0676,13000,2021-05-26 18:37:00,PENN
83.065,83.1081,82.99,82.99,14032,2021-05-26 18:38:00,PENN
83.01,83.03,82.95,83.03,11989,2021-05-26 18:39:00,PENN
83.03,83.04,82.96,82.96,5590,2021-05-26 18:40:00,PENN
82.99,83.02,82.98,82.99,9094,2021-05-26 18:41:00,PENN
82.99,83.02,82.94,83.0,11804,2021-05-26 18:42:00,PENN
83.0,83.03,82.99,83.0,5545,2021-05-26 18:43:00,PENN
82.98,82.9996,82.9,82.96,6774,2021-05-26 18:44:00,PENN
82.97,82.99,82.92,82.92,4099,2021-05-26 18:45:00,PENN
82.94,82.95,82.93,82.9301,4283,2021-05-26 18:46:00,PENN
82.94,82.99,82.93,82.93,2710,2021-05-26 18:47:00,PENN
82.97,83.0,82.96,83.0,6636,2021-05-26 18:48:00,PENN
82.99,83.01,82.9601,82.982,7184,2021-05-26 18:49:00,PENN
83.01,83.15,83.0,83.14,10617,2021-05-26 18:50:00,PENN
83.19,83.2299,83.06,83.11,9770,2021-05-26 18:51:00,PENN
83.12,83.21,83.11,83.17,10477,2021-05-26 18:52:00,PENN
83.185,83.185,83.1,83.1,5256,2021-05-26 18:53:00,PENN
83.12,83.2,83.1101,83.2,5412,2021-05-26 18:54:00,PENN
83.23,83.24,83.18,83.21,8664,2021-05-26 18:55:00,PENN
83.205,83.28,83.19,83.245,15928,2021-05-26 18:56:00,PENN
83.27,83.32,83.23,83.28,13478,2021-05-26 18:57:00,PENN
83.3,83.31,83.27,83.3,6956,2021-05-26 18:58:00,PENN
83.31,83.32,83.29,83.29,1850,2021-05-26 18:59:00,PENN
83.29,83.305,83.24,83.265,9977,2021-05-26 19:00:00,PENN
83.24,83.32,83.24,83.3,10926,2021-05-26 19:01:00,PENN
83.28,83.33,83.27,83.285,11767,2021-05-26 19:02:00,PENN
83.3,83.38,83.285,83.38,11068,2021-05-26 19:03:00,PENN
83.39,83.45,83.36,83.3728,9251,2021-05-26 19:04:00,PENN
83.35,83.38,83.34,83.38,3606,2021-05-26 19:05:00,PENN
83.39,83.5,83.37,83.48,22148,2021-05-26 19:06:00,PENN
83.5,83.6192,83.5,83.55,12614,2021-05-26 19:07:00,PENN
83.59,83.63,83.5,83.505,20323,2021-05-26 19:08:00,PENN
83.505,83.605,83.505,83.6,5589,2021-05-26 19:09:00,PENN
83.6,83.61,83.53,83.57,7213,2021-05-26 19:10:00,PENN
83.57,83.63,83.54,83.57,9558,2021-05-26 19:11:00,PENN
83.56,83.5797,83.53,83.56,4031,2021-05-26 19:12:00,PENN
83.58,83.59,83.53,83.53,6152,2021-05-26 19:13:00,PENN
83.52,83.55,83.45,83.52,4022,2021-05-26 19:14:00,PENN
83.525,83.525,83.45,83.46,8261,2021-05-26 19:15:00,PENN
83.475,83.5,83.4501,83.47,4823,2021-05-26 19:16:00,PENN
83.43,83.44,83.4,83.43,3500,2021-05-26 19:17:00,PENN
83.43,83.5063,83.4,83.5063,7542,2021-05-26 19:18:00,PENN
83.48,83.5,83.4,83.4,7075,2021-05-26 19:19:00,PENN
83.407,83.47,83.37,83.37,10832,2021-05-26 19:20:00,PENN
83.4,83.455,83.39,83.44,6389,2021-05-26 19:21:00,PENN
83.44,83.443,83.3868,83.422,3219,2021-05-26 19:22:00,PENN
83.42,83.42,83.33,83.3374,2498,2021-05-26 19:23:00,PENN
83.36,83.36,83.3,83.345,7418,2021-05-26 19:24:00,PENN
83.36,83.39,83.32,83.385,8200,2021-05-26 19:25:00,PENN
83.385,83.44,83.3793,83.405,4717,2021-05-26 19:26:00,PENN
83.33,83.39,83.33,83.3541,3238,2021-05-26 19:27:00,PENN
83.355,83.38,83.34,83.375,3900,2021-05-26 19:28:00,PENN
83.3624,83.42,83.36,83.405,5698,2021-05-26 19:29:00,PENN
83.41,83.47,83.41,83.45,12686,2021-05-26 19:30:00,PENN
83.45,83.455,83.39,83.42,7057,2021-05-26 19:31:00,PENN
83.43,83.49,83.4,83.47,6323,2021-05-26 19:32:00,PENN
83.47,83.48,83.41,83.45,3253,2021-05-26 19:33:00,PENN
83.43,83.5,83.4,83.485,5733,2021-05-26 19:34:00,PENN
83.47,83.51,83.45,83.5097,6105,2021-05-26 19:35:00,PENN
83.48,83.51,83.45,83.4985,2702,2021-05-26 19:36:00,PENN
83.52,83.575,83.495,83.5401,4228,2021-05-26 19:37:00,PENN
83.565,83.5799,83.49,83.49,2386,2021-05-26 19:38:00,PENN
83.5001,83.5001,83.42,83.42,8226,2021-05-26 19:39:00,PENN
83.4,83.41,83.2506,83.2793,11449,2021-05-26 19:40:00,PENN
83.27,83.27,83.18,83.2,8057,2021-05-26 19:41:00,PENN
83.21,83.21,83.11,83.16,9163,2021-05-26 19:42:00,PENN
83.155,83.235,83.155,83.2241,6658,2021-05-26 19:43:00,PENN
83.1572,83.22,83.1572,83.2,5640,2021-05-26 19:44:00,PENN
83.21,83.2781,83.21,83.25,9942,2021-05-26 19:45:00,PENN
83.25,83.29,83.21,83.2899,11807,2021-05-26 19:46:00,PENN
83.25,83.37,83.25,83.3652,34144,2021-05-26 19:47:00,PENN
83.37,83.47,83.36,83.465,23891,2021-05-26 19:48:00,PENN
83.46,83.53,83.41,83.41,26147,2021-05-26 19:49:00,PENN
83.41,83.48,83.37,83.4,30048,2021-05-26 19:50:00,PENN
83.42,83.42,83.32,83.35,24421,2021-05-26 19:51:00,PENN
83.35,83.35,83.28,83.325,23893,2021-05-26 19:52:00,PENN
83.32,83.43,83.31,83.34,40664,2021-05-26 19:53:00,PENN
83.35,83.53,83.35,83.49,22315,2021-05-26 19:54:00,PENN
83.49,83.51,83.45,83.5,20935,2021-05-26 19:55:00,PENN
83.49,83.49,83.39,83.41,22169,2021-05-26 19:56:00,PENN
83.41,83.42,83.34,83.42,24091,2021-05-26 19:57:00,PENN
83.425,83.425,83.35,83.35,25045,2021-05-26 19:58:00,PENN
83.35,83.53,83.35,83.5,45836,2021-05-26 19:59:00,PENN
83.49,83.86,83.49,83.86,145045,2021-05-26 20:00:00,PENN
83.49,83.49,83.49,83.49,1746,2021-05-26 20:01:00,PENN
83.49,83.49,83.49,83.49,7330,2021-05-26 20:04:00,PENN
83.6756,83.6756,83.6756,83.6756,300,2021-05-26 20:12:00,PENN
83.49,83.49,83.4,83.4,1910,2021-05-26 20:13:00,PENN
83.45,83.45,83.45,83.45,100,2021-05-26 20:15:00,PENN
83.58,83.58,83.58,83.58,240,2021-05-26 20:19:00,PENN
83.5,83.5,83.5,83.5,100,2021-05-26 20:24:00,PENN
83.59,83.59,83.59,83.59,300,2021-05-26 20:32:00,PENN
83.6,83.6,83.6,83.6,300,2021-05-26 20:34:00,PENN
83.6,83.6,83.6,83.6,100,2021-05-26 20:41:00,PENN
83.6,83.6,83.5,83.6,4100,2021-05-26 20:43:00,PENN
83.59,83.59,83.59,83.59,100,2021-05-26 20:48:00,PENN
83.5001,83.51,83.5001,83.51,1600,2021-05-26 20:50:00,PENN
83.6,83.6,83.6,83.6,1005,2021-05-26 20:55:00,PENN
83.6,83.6,83.6,83.6,500,2021-05-26 20:59:00,PENN
83.6,83.6,83.6,83.6,333,2021-05-26 21:03:00,PENN
83.65,83.65,83.65,83.65,190,2021-05-26 21:32:00,PENN
83.65,83.65,83.65,83.65,380,2021-05-26 21:37:00,PENN
83.69,83.69,83.69,83.69,246,2021-05-26 21:49:00,PENN
83.69,83.69,83.69,83.69,500,2021-05-26 21:58:00,PENN
83.55,83.55,83.55,83.55,150,2021-05-26 22:09:00,PENN
83.68,83.68,83.6,83.68,988,2021-05-26 22:26:00,PENN
83.68,83.69,83.6,83.6,640,2021-05-26 22:28:00,PENN
83.6,83.6,83.6,83.6,392,2021-05-26 22:33:00,PENN
83.6001,83.6001,83.6001,83.6001,1000,2021-05-26 22:34:00,PENN
83.66,83.66,83.66,83.66,100,2021-05-26 22:37:00,PENN
83.61,83.61,83.6,83.6,208,2021-05-26 22:41:00,PENN
83.57,83.57,83.55,83.55,483,2021-05-26 22:42:00,PENN
83.57,83.57,83.57,83.57,100,2021-05-26 22:48:00,PENN
83.6,83.6,83.6,83.6,192,2021-05-26 22:51:00,PENN
83.62,83.62,83.61,83.61,482,2021-05-26 23:02:00,PENN
83.51,83.51,83.51,83.51,200,2021-05-26 23:19:00,PENN
83.51,83.51,83.51,83.51,100,2021-05-26 23:20:00,PENN
83.6,83.6,83.6,83.6,100,2021-05-26 23:21:00,PENN
83.5001,83.5001,83.5001,83.5001,1500,2021-05-26 23:40:00,PENN
83.5,83.51,83.3,83.3,2267,2021-05-26 23:45:00,PENN
83.5001,83.5001,83.5,83.5,1140,2021-05-26 23:58:00,PENN
83.5,83.5,83.5,83.5,200,2021-05-26 23:59:00,PENN
83.01,83.51,83.01,83.19,984,2021-05-27 11:00:00,PENN
83.51,83.6,83.51,83.6,396,2021-05-27 11:10:00,PENN
83.47,83.47,83.47,83.47,120,2021-05-27 11:27:00,PENN
83.75,84.0,83.75,84.0,534,2021-05-27 11:33:00,PENN
84.0,84.0,84.0,84.0,686,2021-05-27 11:41:00,PENN
84.25,84.25,84.25,84.25,100,2021-05-27 11:42:00,PENN
84.45,84.45,84.45,84.45,100,2021-05-27 11:45:00,PENN
84.0,84.0,84.0,84.0,100,2021-05-27 11:56:00,PENN
84.29,84.3,83.72,83.72,731,2021-05-27 12:01:00,PENN
84.0,84.0,84.0,84.0,1120,2021-05-27 12:08:00,PENN
83.65,83.65,83.65,83.65,200,2021-05-27 12:09:00,PENN
83.98,83.98,83.98,83.98,129,2021-05-27 12:15:00,PENN
84.0,84.0,84.0,84.0,171,2021-05-27 12:16:00,PENN
84.09,84.09,84.09,84.09,150,2021-05-27 12:17:00,PENN
84.19,84.19,84.19,84.19,120,2021-05-27 12:18:00,PENN
84.08,84.08,83.75,83.75,1435,2021-05-27 12:24:00,PENN
83.99,83.99,83.99,83.99,100,2021-05-27 12:28:00,PENN
83.9,83.9,83.9,83.9,143,2021-05-27 12:32:00,PENN
83.87,83.88,83.87,83.88,1430,2021-05-27 12:42:00,PENN
83.9913,84.3264,83.99,84.3264,1025,2021-05-27 12:47:00,PENN
83.9975,83.9975,83.9975,83.9975,125,2021-05-27 12:48:00,PENN
83.99,83.99,83.99,83.99,700,2021-05-27 12:50:00,PENN
83.99,83.99,83.99,83.99,500,2021-05-27 12:53:00,PENN
84.0499,84.0499,84.0499,84.0499,120,2021-05-27 12:54:00,PENN
84.33,84.35,84.33,84.35,500,2021-05-27 13:02:00,PENN
84.5,84.5,84.5,84.5,950,2021-05-27 13:03:00,PENN
84.69,84.7,84.69,84.7,250,2021-05-27 13:05:00,PENN
84.97,84.97,84.97,84.97,100,2021-05-27 13:07:00,PENN
84.7001,84.7001,84.7,84.7,422,2021-05-27 13:08:00,PENN
84.7,84.7,84.7,84.7,100,2021-05-27 13:10:00,PENN
84.8639,85.0,84.72,85.0,1794,2021-05-27 13:12:00,PENN
84.8,84.8,84.8,84.8,770,2021-05-27 13:13:00,PENN
85.0,85.0,84.7122,85.0,1060,2021-05-27 13:16:00,PENN
84.71,84.71,84.71,84.71,400,2021-05-27 13:17:00,PENN
85.0,85.0,85.0,85.0,200,2021-05-27 13:20:00,PENN
85.34,85.35,85.17,85.35,940,2021-05-27 13:21:00,PENN
85.35,85.4,85.35,85.35,1500,2021-05-27 13:22:00,PENN
85.35,85.35,85.35,85.35,100,2021-05-27 13:23:00,PENN
85.36,85.38,85.36,85.37,1127,2021-05-27 13:24:00,PENN
85.37,85.37,85.35,85.35,300,2021-05-27 13:25:00,PENN
85.65,85.65,85.65,85.65,100,2021-05-27 13:27:00,PENN
85.15,85.37,84.78,85.105,60517,2021-05-27 13:30:00,PENN
85.11,85.11,83.71,83.91,56718,2021-05-27 13:31:00,PENN
83.93,83.93,83.24,83.45,10413,2021-05-27 13:32:00,PENN
83.45,83.9574,83.45,83.74,12158,2021-05-27 13:33:00,PENN
83.7899,83.7899,83.09,83.14,17472,2021-05-27 13:34:00,PENN
83.14,83.45,83.13,83.24,15827,2021-05-27 13:35:00,PENN
83.24,83.24,82.65,82.65,16302,2021-05-27 13:36:00,PENN
82.7596,83.06,82.66,82.66,20553,2021-05-27 13:37:00,PENN
82.66,83.06,82.34,82.975,32176,2021-05-27 13:38:00,PENN
82.96,82.99,82.73,82.93,7482,2021-05-27 13:39:00,PENN
82.95,83.086,82.79,82.95,14953,2021-05-27 13:40:00,PENN
82.94,82.99,82.7,82.905,17907,2021-05-27 13:41:00,PENN
82.9,82.96,82.78,82.88,5996,2021-05-27 13:42:00,PENN
82.87,82.96,82.74,82.78,11738,2021-05-27 13:43:00,PENN
82.7,82.915,82.7,82.88,14098,2021-05-27 13:44:00,PENN
82.805,82.944,82.74,82.9235,12689,2021-05-27 13:45:00,PENN
82.97,83.08,82.9,82.93,12521,2021-05-27 13:46:00,PENN
82.935,82.955,82.612,82.8223,17602,2021-05-27 13:47:00,PENN
82.9,83.3399,82.9,83.1701,14617,2021-05-27 13:48:00,PENN
83.2,83.25,83.06,83.18,5018,2021-05-27 13:49:00,PENN
83.25,83.59,83.23,83.5,10665,2021-05-27 13:50:00,PENN
83.51,83.61,83.41,83.56,24213,2021-05-27 13:51:00,PENN
83.5,83.56,83.41,83.41,4783,2021-05-27 13:52:00,PENN
83.47,83.4955,83.31,83.44,7587,2021-05-27 13:53:00,PENN
83.45,83.67,83.4115,83.67,23184,2021-05-27 13:54:00,PENN
83.66,83.96,83.66,83.86,30644,2021-05-27 13:55:00,PENN
83.921,83.921,83.57,83.62,14597,2021-05-27 13:56:00,PENN
83.67,83.72,83.4154,83.52,8899,2021-05-27 13:57:00,PENN
83.59,83.75,83.56,83.7001,8136,2021-05-27 13:58:00,PENN
83.749,83.9,83.749,83.8609,7373,2021-05-27 13:59:00,PENN
83.85,83.9,83.425,83.53,7555,2021-05-27 14:00:00,PENN
83.485,83.65,83.43,83.59,5623,2021-05-27 14:01:00,PENN
83.72,83.73,83.39,83.5,3546,2021-05-27 14:02:00,PENN
83.5492,83.7,83.54,83.6795,8587,2021-05-27 14:03:00,PENN
83.74,83.8197,83.65,83.65,5483,2021-05-27 14:04:00,PENN
83.65,83.695,83.5864,83.695,7581,2021-05-27 14:05:00,PENN
83.7146,83.84,83.69,83.77,12547,2021-05-27 14:06:00,PENN
83.76,83.8931,83.75,83.88,8830,2021-05-27 14:07:00,PENN
83.84,84.04,83.8,83.92,11760,2021-05-27 14:08:00,PENN
83.96,84.0094,83.87,83.88,5191,2021-05-27 14:09:00,PENN
83.845,83.93,83.8,83.81,14720,2021-05-27 14:10:00,PENN
83.8,83.81,83.6,83.6,8231,2021-05-27 14:11:00,PENN
83.6,83.77,83.53,83.61,8047,2021-05-27 14:12:00,PENN
83.64,83.64,83.34,83.3829,21667,2021-05-27 14:13:00,PENN
83.43,83.43,83.24,83.269,8948,2021-05-27 14:14:00,PENN
83.27,83.33,82.92,83.235,23174,2021-05-27 14:15:00,PENN
83.24,83.44,83.17,83.37,7956,2021-05-27 14:16:00,PENN
83.405,83.47,83.36,83.4199,5582,2021-05-27 14:17:00,PENN
83.37,83.56,83.29,83.38,41334,2021-05-27 14:18:00,PENN
83.34,83.34,83.2001,83.33,6498,2021-05-27 14:19:00,PENN
83.3799,83.3799,83.255,83.255,2209,2021-05-27 14:20:00,PENN
83.26,83.28,83.1,83.12,14705,2021-05-27 14:21:00,PENN
83.2,83.38,83.19,83.38,4313,2021-05-27 14:22:00,PENN
83.39,83.39,83.37,83.37,819,2021-05-27 14:23:00,PENN
83.32,83.45,83.32,83.41,1999,2021-05-27 14:24:00,PENN
83.37,83.5,83.37,83.479,4755,2021-05-27 14:25:00,PENN
83.49,83.53,83.3663,83.38,3299,2021-05-27 14:26:00,PENN
83.3663,83.38,83.205,83.22,4912,2021-05-27 14:27:00,PENN
83.3,83.38,83.24,83.35,3098,2021-05-27 14:28:00,PENN
83.32,83.6599,83.29,83.49,12237,2021-05-27 14:29:00,PENN
83.51,83.62,83.5,83.555,3989,2021-05-27 14:30:00,PENN
83.555,83.7,83.555,83.65,4748,2021-05-27 14:31:00,PENN
83.64,83.64,83.22,83.22,9245,2021-05-27 14:32:00,PENN
83.175,83.3299,83.11,83.255,4838,2021-05-27 14:33:00,PENN
83.19,83.275,83.17,83.275,1100,2021-05-27 14:34:00,PENN
83.3299,83.3299,83.17,83.24,4002,2021-05-27 14:35:00,PENN
83.2,83.22,83.08,83.17,2799,2021-05-27 14:36:00,PENN
83.18,83.27,83.165,83.19,6459,2021-05-27 14:37:00,PENN
83.18,83.3,83.18,83.195,6241,2021-05-27 14:38:00,PENN
83.145,83.145,83.0,83.0,4865,2021-05-27 14:39:00,PENN
83.03,83.03,82.91,82.98,11912,2021-05-27 14:40:00,PENN
82.97,82.97,82.71,82.73,9010,2021-05-27 14:41:00,PENN
82.73,82.75,82.68,82.7081,6335,2021-05-27 14:42:00,PENN
82.7453,82.895,82.7,82.7189,9132,2021-05-27 14:43:00,PENN
82.77,82.84,82.745,82.82,4382,2021-05-27 14:44:00,PENN
82.77,82.77,82.6694,82.74,4306,2021-05-27 14:45:00,PENN
82.77,82.8199,82.77,82.79,3112,2021-05-27 14:46:00,PENN
82.78,82.85,82.7,82.73,5975,2021-05-27 14:47:00,PENN
82.7,82.75,82.61,82.64,7258,2021-05-27 14:48:00,PENN
82.64,82.77,82.64,82.68,5448,2021-05-27 14:49:00,PENN
82.7,82.73,82.34,82.51,14431,2021-05-27 14:50:00,PENN
82.5,82.51,82.2301,82.2446,4743,2021-05-27 14:51:00,PENN
82.26,82.34,82.24,82.34,4935,2021-05-27 14:52:00,PENN
82.25,82.33,82.24,82.33,6175,2021-05-27 14:53:00,PENN
82.33,82.46,82.32,82.46,4569,2021-05-27 14:54:00,PENN
82.47,82.52,82.385,82.52,7694,2021-05-27 14:55:00,PENN
82.495,82.6037,82.4669,82.54,9921,2021-05-27 14:56:00,PENN
82.5,82.5299,82.411,82.5,3368,2021-05-27 14:57:00,PENN
82.54,82.65,82.54,82.62,14810,2021-05-27 14:58:00,PENN
82.62,82.66,82.51,82.545,3650,2021-05-27 14:59:00,PENN
82.59,82.695,82.575,82.655,3997,2021-05-27 15:00:00,PENN
82.655,82.67,82.5599,82.585,3359,2021-05-27 15:01:00,PENN
82.55,82.6,82.41,82.43,5618,2021-05-27 15:02:00,PENN
82.41,82.46,82.34,82.38,3015,2021-05-27 15:03:00,PENN
82.355,82.37,82.26,82.318,4803,2021-05-27 15:04:00,PENN
82.36,82.4489,82.34,82.4489,2497,2021-05-27 15:05:00,PENN
82.47,82.515,82.41,82.49,4200,2021-05-27 15:06:00,PENN
82.53,82.65,82.53,82.65,3589,2021-05-27 15:07:00,PENN
82.65,82.7299,82.61,82.645,3574,2021-05-27 15:08:00,PENN
82.67,82.87,82.3914,82.53,94847,2021-05-27 15:09:00,PENN
82.5799,82.5799,82.2501,82.2501,10139,2021-05-27 15:10:00,PENN
82.296,82.5,82.28,82.49,8262,2021-05-27 15:11:00,PENN
82.4792,82.6599,82.4601,82.55,7071,2021-05-27 15:12:00,PENN
82.61,82.6571,82.5,82.51,3730,2021-05-27 15:13:00,PENN
82.51,82.5299,82.31,82.31,3486,2021-05-27 15:14:00,PENN
82.365,82.4,82.3276,82.4,3384,2021-05-27 15:15:00,PENN
82.38,82.43,82.36,82.3901,3149,2021-05-27 15:16:00,PENN
82.4,82.53,82.4,82.45,3620,2021-05-27 15:17:00,PENN
82.44,82.44,82.34,82.4,7091,2021-05-27 15:18:00,PENN
82.3945,82.4265,82.27,82.28,7347,2021-05-27 15:19:00,PENN
82.28,82.355,82.1756,82.25,4790,2021-05-27 15:20:00,PENN
82.27,82.2896,82.18,82.285,5249,2021-05-27 15:21:00,PENN
82.31,82.38,82.29,82.38,3794,2021-05-27 15:22:00,PENN
82.38,82.4508,82.37,82.445,4676,2021-05-27 15:23:00,PENN
82.445,82.54,82.36,82.54,15189,2021-05-27 15:24:00,PENN
82.55,82.6,82.44,82.49,4283,2021-05-27 15:25:00,PENN
82.48,82.52,82.48,82.4848,3978,2021-05-27 15:26:00,PENN
82.495,82.495,82.35,82.375,5370,2021-05-27 15:27:00,PENN
82.37,82.44,82.35,82.44,3430,2021-05-27 15:28:00,PENN
82.39,82.42,82.271,82.3014,4010,2021-05-27 15:29:00,PENN
82.25,82.25,82.01,82.09,10408,2021-05-27 15:30:00,PENN
82.12,82.12,82.01,82.075,8051,2021-05-27 15:31:00,PENN
82.0401,82.1899,82.0401,82.1899,6635,2021-05-27 15:32:00,PENN
82.11,82.24,82.11,82.217,4290,2021-05-27 15:33:00,PENN
82.25,82.3069,82.1901,82.26,2974,2021-05-27 15:34:00,PENN
82.28,82.28,82.21,82.2175,2037,2021-05-27 15:35:00,PENN
82.24,82.3,82.135,82.135,4798,2021-05-27 15:36:00,PENN
82.14,82.17,82.09,82.1001,4207,2021-05-27 15:37:00,PENN
82.1,82.14,82.05,82.14,3080,2021-05-27 15:38:00,PENN
82.16,82.19,82.1,82.11,4000,2021-05-27 15:39:00,PENN
82.11,82.14,81.95,82.07,13772,2021-05-27 15:40:00,PENN
82.09,82.13,82.0656,82.119,2599,2021-05-27 15:41:00,PENN
82.095,82.19,82.0773,82.19,2775,2021-05-27 15:42:00,PENN
82.165,82.27,82.15,82.17,4544,2021-05-27 15:43:00,PENN
82.165,82.22,82.16,82.21,1200,2021-05-27 15:44:00,PENN
82.195,82.26,82.16,82.22,4479,2021-05-27 15:45:00,PENN
82.26,82.33,82.2555,82.285,5235,2021-05-27 15:46:00,PENN
82.3,82.34,82.3,82.34,2551,2021-05-27 15:47:00,PENN
82.37,82.5,82.37,82.46,5536,2021-05-27 15:48:00,PENN
82.43,82.43,82.3303,82.3633,2881,2021-05-27 15:49:00,PENN
82.39,82.405,82.35,82.395,2898,2021-05-27 15:50:00,PENN
82.42,82.43,82.4,82.43,2097,2021-05-27 15:51:00,PENN
82.4,82.4,82.32,82.32,2400,2021-05-27 15:52:00,PENN
82.31,82.31,82.19,82.205,3221,2021-05-27 15:53:00,PENN
82.2,82.205,82.12,82.14,5608,2021-05-27 15:54:00,PENN
82.1275,82.17,82.11,82.11,7007,2021-05-27 15:55:00,PENN
82.13,82.21,82.11,82.1413,6561,2021-05-27 15:56:00,PENN
82.19,82.21,82.175,82.175,1739,2021-05-27 15:57:00,PENN
82.19,82.23,82.165,82.215,6070,2021-05-27 15:58:00,PENN
82.23,82.2911,82.2,82.21,3730,2021-05-27 15:59:00,PENN
82.15,82.21,82.09,82.09,2468,2021-05-27 16:00:00,PENN
82.0874,82.2,82.0874,82.2,2007,2021-05-27 16:01:00,PENN
82.2,82.21,82.15,82.1501,1700,2021-05-27 16:02:00,PENN
82.2,82.2,82.13,82.135,2430,2021-05-27 16:03:00,PENN
82.16,82.16,82.041,82.07,2700,2021-05-27 16:04:00,PENN
82.1,82.1,82.02,82.0415,2900,2021-05-27 16:05:00,PENN
82.04,82.055,81.9,81.9772,12223,2021-05-27 16:06:00,PENN
81.935,82.05,81.935,82.0,2953,2021-05-27 16:07:00,PENN
82.0,82.05,82.0,82.0,4829,2021-05-27 16:08:00,PENN
82.02,82.06,82.01,82.035,3649,2021-05-27 16:09:00,PENN
82.035,82.06,81.9402,82.03,7353,2021-05-27 16:10:00,PENN
82.06,82.15,82.06,82.1298,3137,2021-05-27 16:11:00,PENN
82.09,82.11,82.04,82.07,4418,2021-05-27 16:12:00,PENN
82.075,82.075,82.03,82.0491,3509,2021-05-27 16:13:00,PENN
82.035,82.06,82.0,82.06,4472,2021-05-27 16:14:00,PENN
82.06,82.08,82.04,82.04,2040,2021-05-27 16:15:00,PENN
82.06,82.06,82.035,82.05,1599,2021-05-27 16:16:00,PENN
82.05,82.1054,82.035,82.04,8122,2021-05-27 16:17:00,PENN
82.045,82.045,81.885,81.98,10664,2021-05-27 16:18:00,PENN
81.98,81.99,81.91,81.95,2266,2021-05-27 16:19:00,PENN
81.93,81.96,81.88,81.96,4581,2021-05-27 16:20:00,PENN
81.9301,82.01,81.9301,82.01,4007,2021-05-27 16:21:00,PENN
82.01,82.01,81.92,81.92,2200,2021-05-27 16:22:00,PENN
81.94,81.97,81.9,81.97,6227,2021-05-27 16:23:00,PENN
81.946,81.97,81.93,81.9681,2000,2021-05-27 16:24:00,PENN
82.0,82.03,81.98,81.995,6439,2021-05-27 16:25:00,PENN
81.98,82.0,81.93,82.0,3349,2021-05-27 16:26:00,PENN
82.0,82.0955,81.98,82.04,18629,2021-05-27 16:27:00,PENN
82.04,82.055,81.98,82.01,6315,2021-05-27 16:28:00,PENN
82.0103,82.02,81.97,81.97,5151,2021-05-27 16:29:00,PENN
81.97,82.01,81.92,81.99,6715,2021-05-27 16:30:00,PENN
81.96,82.02,81.94,81.94,3874,2021-05-27 16:31:00,PENN
81.94,82.07,81.9,82.06,19879,2021-05-27 16:32:00,PENN
82.055,82.07,82.01,82.02,9400,2021-05-27 16:33:00,PENN
81.9906,82.01,81.9,81.91,4568,2021-05-27 16:34:00,PENN
81.9079,81.94,81.82,81.86,8477,2021-05-27 16:35:00,PENN
81.855,81.9044,81.855,81.87,4890,2021-05-27 16:36:00,PENN
81.89,81.93,81.8372,81.8372,9336,2021-05-27 16:37:00,PENN
81.84,82.0575,81.8329,82.0575,23802,2021-05-27 16:38:00,PENN
82.045,82.29,82.02,82.19,52275,2021-05-27 16:39:00,PENN
82.21,82.24,82.17,82.21,5496,2021-05-27 16:40:00,PENN
82.21,82.2293,82.08,82.11,6855,2021-05-27 16:41:00,PENN
82.0886,82.1,82.03,82.08,4067,2021-05-27 16:42:00,PENN
82.09,82.1559,82.09,82.13,4238,2021-05-27 16:43:00,PENN
82.1596,82.21,82.14,82.175,4372,2021-05-27 16:44:00,PENN
82.2,82.2756,82.195,82.25,15342,2021-05-27 16:45:00,PENN
82.28,82.28,82.16,82.16,7943,2021-05-27 16:46:00,PENN
82.14,82.14,82.1,82.1,2335,2021-05-27 16:47:00,PENN
82.09,82.1,81.99,81.99,6792,2021-05-27 16:48:00,PENN
82.01,82.01,81.88,81.95,7935,2021-05-27 16:49:00,PENN
81.9636,82.02,81.92,81.97,10092,2021-05-27 16:50:00,PENN
82.03,82.28,82.01,82.2147,61242,2021-05-27 16:51:00,PENN
82.2599,82.38,82.19,82.275,47502,2021-05-27 16:52:00,PENN
82.28,82.31,82.23,82.29,17479,2021-05-27 16:53:00,PENN
82.3,82.37,82.27,82.3,9065,2021-05-27 16:54:00,PENN
82.3,82.6,82.3,82.5209,23033,2021-05-27 16:55:00,PENN
82.549,82.58,82.5,82.5194,10362,2021-05-27 16:56:00,PENN
82.504,82.52,82.39,82.452,14080,2021-05-27 16:57:00,PENN
82.44,82.44,82.33,82.3399,3329,2021-05-27 16:58:00,PENN
82.32,82.49,82.31,82.42,9576,2021-05-27 16:59:00,PENN
82.45,82.6,82.45,82.47,7697,2021-05-27 17:00:00,PENN
82.46,82.48,82.37,82.37,3601,2021-05-27 17:01:00,PENN
82.37,82.45,82.355,82.45,3716,2021-05-27 17:02:00,PENN
82.445,82.47,82.4,82.4,8681,2021-05-27 17:03:00,PENN
82.405,82.47,82.405,82.47,1633,2021-05-27 17:04:00,PENN
82.48,82.51,82.45,82.48,4457,2021-05-27 17:05:00,PENN
82.45,82.455,82.41,82.43,2929,2021-05-27 17:06:00,PENN
82.4625,82.4625,82.35,82.4,3296,2021-05-27 17:07:00,PENN
82.43,82.43,82.35,82.35,1654,2021-05-27 17:08:00,PENN
82.33,82.4,82.2859,82.35,2765,2021-05-27 17:09:00,PENN
82.38,82.4,82.36,82.4,1621,2021-05-27 17:10:00,PENN
82.4,82.44,82.3,82.335,6519,2021-05-27 17:11:00,PENN
82.37,82.37,82.3451,82.3451,500,2021-05-27 17:12:00,PENN
82.35,82.35,82.25,82.3,5330,2021-05-27 17:13:00,PENN
82.28,82.4199,82.28,82.4199,8173,2021-05-27 17:14:00,PENN
82.385,82.385,82.35,82.35,1799,2021-05-27 17:15:00,PENN
82.3501,82.41,82.3501,82.3937,2468,2021-05-27 17:16:00,PENN
82.37,82.4225,82.37,82.4225,2632,2021-05-27 17:17:00,PENN
82.42,82.52,82.42,82.4999,5572,2021-05-27 17:18:00,PENN
82.46,82.495,82.3964,82.46,4811,2021-05-27 17:19:00,PENN
82.45,82.54,82.45,82.52,4529,2021-05-27 17:20:00,PENN
82.52,82.52,82.41,82.43,3810,2021-05-27 17:21:00,PENN
82.409,82.49,82.39,82.49,5776,2021-05-27 17:22:00,PENN
82.4901,82.5,82.45,82.45,1773,2021-05-27 17:23:00,PENN
82.44,82.45,82.41,82.4177,2550,2021-05-27 17:24:00,PENN
82.43,82.4499,82.39,82.4186,3758,2021-05-27 17:25:00,PENN
82.425,82.51,82.42,82.51,2382,2021-05-27 17:26:00,PENN
82.47,82.479,82.35,82.365,2256,2021-05-27 17:27:00,PENN
82.38,82.42,82.38,82.42,3310,2021-05-27 17:28:00,PENN
82.42,82.52,82.41,82.41,2249,2021-05-27 17:29:00,PENN
82.38,82.44,82.38,82.4,1962,2021-05-27 17:30:00,PENN
82.4301,82.4597,82.38,82.385,2310,2021-05-27 17:31:00,PENN
82.41,82.4508,82.41,82.4508,1850,2021-05-27 17:32:00,PENN
82.46,82.639,82.45,82.5998,5970,2021-05-27 17:33:00,PENN
82.6125,82.63,82.6,82.63,3399,2021-05-27 17:34:00,PENN
82.63,82.63,82.5,82.51,9640,2021-05-27 17:35:00,PENN
82.56,82.63,82.54,82.56,2407,2021-05-27 17:36:00,PENN
82.555,82.56,82.38,82.38,6691,2021-05-27 17:37:00,PENN
82.35,82.4,82.26,82.38,12133,2021-05-27 17:38:00,PENN
82.42,82.46,82.4,82.46,2000,2021-05-27 17:39:00,PENN
82.48,82.56,82.48,82.56,2549,2021-05-27 17:40:00,PENN
82.57,82.58,82.48,82.48,3928,2021-05-27 17:41:00,PENN
82.4619,82.5,82.4601,82.48,700,2021-05-27 17:42:00,PENN
82.47,82.47,82.39,82.39,1442,2021-05-27 17:43:00,PENN
82.39,82.39,82.2545,82.28,6964,2021-05-27 17:44:00,PENN
82.3,82.36,82.26,82.28,4238,2021-05-27 17:45:00,PENN
82.29,82.41,82.2791,82.41,1294,2021-05-27 17:46:00,PENN
82.41,82.42,82.31,82.31,8276,2021-05-27 17:47:00,PENN
82.3431,82.37,82.29,82.3,2099,2021-05-27 17:48:00,PENN
82.305,82.35,82.28,82.33,5953,2021-05-27 17:49:00,PENN
82.3466,82.3466,82.23,82.23,2549,2021-05-27 17:50:00,PENN
82.22,82.27,82.22,82.25,4824,2021-05-27 17:51:00,PENN
82.27,82.33,82.27,82.315,4446,2021-05-27 17:52:00,PENN
82.29,82.39,82.29,82.335,5189,2021-05-27 17:53:00,PENN
82.36,82.4403,82.36,82.3746,1681,2021-05-27 17:54:00,PENN
82.4,82.43,82.38,82.43,1000,2021-05-27 17:55:00,PENN
82.43,82.55,82.43,82.51,5550,2021-05-27 17:56:00,PENN
82.51,82.53,82.47,82.49,4340,2021-05-27 17:57:00,PENN
82.42,82.52,82.42,82.485,3692,2021-05-27 17:58:00,PENN
82.495,82.53,82.45,82.4606,4042,2021-05-27 17:59:00,PENN
82.44,82.5,82.44,82.495,1700,2021-05-27 18:00:00,PENN
82.495,82.54,82.48,82.51,34158,2021-05-27 18:01:00,PENN
82.51,82.63,82.5,82.595,5938,2021-05-27 18:02:00,PENN
82.57,82.57,82.37,82.37,2933,2021-05-27 18:03:00,PENN
82.39,82.44,82.3,82.4365,9573,2021-05-27 18:04:00,PENN
82.405,82.405,82.2,82.3,5932,2021-05-27 18:05:00,PENN
82.329,82.329,82.19,82.19,3243,2021-05-27 18:06:00,PENN
82.18,82.22,82.05,82.179,8269,2021-05-27 18:07:00,PENN
82.1,82.12,82.05,82.1,14820,2021-05-27 18:08:00,PENN
82.09,82.11,82.04,82.045,3523,2021-05-27 18:09:00,PENN
82.02,82.1,81.93,81.983,10820,2021-05-27 18:10:00,PENN
81.99,82.015,81.9301,81.95,4478,2021-05-27 18:11:00,PENN
81.95,82.04,81.95,82.04,3705,2021-05-27 18:12:00,PENN
82.06,82.2,82.06,82.1545,12807,2021-05-27 18:13:00,PENN
82.13,82.13,82.09,82.11,5292,2021-05-27 18:14:00,PENN
82.1,82.2194,82.1,82.18,5442,2021-05-27 18:15:00,PENN
82.19,82.24,82.19,82.24,2998,2021-05-27 18:16:00,PENN
82.22,82.27,82.2,82.24,5325,2021-05-27 18:17:00,PENN
82.2,82.26,82.18,82.26,2208,2021-05-27 18:18:00,PENN
82.26,82.44,82.26,82.38,7700,2021-05-27 18:19:00,PENN
82.34,82.36,82.3,82.3496,1449,2021-05-27 18:20:00,PENN
82.35,82.4532,82.35,82.44,44314,2021-05-27 18:21:00,PENN
82.435,82.51,82.4278,82.44,6161,2021-05-27 18:22:00,PENN
82.43,82.5,82.38,82.49,8731,2021-05-27 18:23:00,PENN
82.45,82.54,82.44,82.5001,6783,2021-05-27 18:24:00,PENN
82.55,82.55,82.42,82.5,4187,2021-05-27 18:25:00,PENN
82.54,82.74,82.54,82.7,9495,2021-05-27 18:26:00,PENN
82.73,82.81,82.7074,82.77,6078,2021-05-27 18:27:00,PENN
82.79,82.88,82.76,82.82,17710,2021-05-27 18:28:00,PENN
82.79,82.8,82.74,82.8,3400,2021-05-27 18:29:00,PENN
82.7701,82.82,82.77,82.81,2777,2021-05-27 18:30:00,PENN
82.7816,82.845,82.7816,82.845,3660,2021-05-27 18:31:00,PENN
82.78,82.94,82.78,82.89,5923,2021-05-27 18:32:00,PENN
82.89,82.98,82.89,82.9531,2688,2021-05-27 18:33:00,PENN
82.9367,82.955,82.8909,82.92,4008,2021-05-27 18:34:00,PENN
82.92,82.95,82.85,82.875,2447,2021-05-27 18:35:00,PENN
82.88,82.885,82.85,82.885,1573,2021-05-27 18:36:00,PENN
82.84,82.95,82.84,82.91,7019,2021-05-27 18:37:00,PENN
82.9,82.92,82.86,82.88,5246,2021-05-27 18:38:00,PENN
82.92,82.955,82.86,82.92,2526,2021-05-27 18:39:00,PENN
82.92,82.939,82.88,82.9177,1802,2021-05-27 18:40:00,PENN
82.94,82.94,82.845,82.89,3626,2021-05-27 18:41:00,PENN
82.92,82.98,82.91,82.91,2788,2021-05-27 18:42:00,PENN
82.91,82.98,82.91,82.9799,2921,2021-05-27 18:43:00,PENN
82.92,82.96,82.91,82.949,1141,2021-05-27 18:44:00,PENN
82.91,82.91,82.8,82.8,3048,2021-05-27 18:45:00,PENN
82.84,82.93,82.83,82.87,4725,2021-05-27 18:46:00,PENN
82.87,82.87,82.84,82.845,1143,2021-05-27 18:47:00,PENN
82.845,82.88,82.82,82.85,2648,2021-05-27 18:48:00,PENN
82.82,82.88,82.78,82.79,3476,2021-05-27 18:49:00,PENN
82.835,82.91,82.82,82.91,3813,2021-05-27 18:50:00,PENN
82.85,82.89,82.82,82.89,5399,2021-05-27 18:51:00,PENN
82.855,82.89,82.81,82.81,2088,2021-05-27 18:52:00,PENN
82.835,82.835,82.77,82.82,3932,2021-05-27 18:53:00,PENN
82.79,82.92,82.79,82.92,2428,2021-05-27 18:54:00,PENN
82.95,83.06,82.93,83.05,15091,2021-05-27 18:55:00,PENN
83.07,83.17,83.07,83.14,8271,2021-05-27 18:56:00,PENN
83.14,83.16,83.08,83.1,1840,2021-05-27 18:57:00,PENN
83.095,83.17,83.07,83.17,9424,2021-05-27 18:58:00,PENN
83.16,83.18,83.07,83.12,2311,2021-05-27 18:59:00,PENN
83.1,83.2886,83.06,83.2886,6036,2021-05-27 19:00:00,PENN
83.1939,83.25,83.165,83.165,1122,2021-05-27 19:01:00,PENN
83.21,83.21,83.09,83.15,8550,2021-05-27 19:02:00,PENN
83.18,83.215,83.18,83.215,434,2021-05-27 19:03:00,PENN
83.17,83.17,83.09,83.1688,5408,2021-05-27 19:04:00,PENN
83.1223,83.1223,83.04,83.1,7997,2021-05-27 19:05:00,PENN
83.03,83.055,83.0,83.0,4867,2021-05-27 19:06:00,PENN
83.05,83.09,83.05,83.09,1703,2021-05-27 19:07:00,PENN
83.11,83.12,83.07,83.07,825,2021-05-27 19:08:00,PENN
83.085,83.11,83.07,83.09,2743,2021-05-27 19:09:00,PENN
83.08,83.17,83.0649,83.11,3441,2021-05-27 19:10:00,PENN
83.0865,83.1,83.04,83.09,2154,2021-05-27 19:11:00,PENN
83.0983,83.2,83.0983,83.2,3770,2021-05-27 19:12:00,PENN
83.17,83.19,83.11,83.155,3779,2021-05-27 19:13:00,PENN
83.17,83.23,83.13,83.13,4299,2021-05-27 19:14:00,PENN
83.17,83.25,83.17,83.19,7247,2021-05-27 19:15:00,PENN
83.21,83.28,83.18,83.26,6235,2021-05-27 19:16:00,PENN
83.26,83.26,83.16,83.22,2941,2021-05-27 19:17:00,PENN
83.19,83.22,83.16,83.18,3200,2021-05-27 19:18:00,PENN
83.22,83.22,83.12,83.18,5566,2021-05-27 19:19:00,PENN
83.12,83.14,82.99,82.99,4306,2021-05-27 19:20:00,PENN
83.01,83.01,82.93,82.95,7292,2021-05-27 19:21:00,PENN
82.955,82.96,82.89,82.96,2762,2021-05-27 19:22:00,PENN
82.97,82.98,82.87,82.88,2500,2021-05-27 19:23:00,PENN
82.8628,82.95,82.83,82.95,15684,2021-05-27 19:24:00,PENN
82.95,83.01,82.95,82.98,18923,2021-05-27 19:25:00,PENN
82.98,83.1394,82.97,83.1394,17785,2021-05-27 19:26:00,PENN
83.12,83.14,83.1,83.13,2999,2021-05-27 19:27:00,PENN
83.165,83.165,83.15,83.165,2432,2021-05-27 19:28:00,PENN
83.18,83.18,83.16,83.16,2418,2021-05-27 19:29:00,PENN
83.18,83.248,83.16,83.1994,5349,2021-05-27 19:30:00,PENN
83.17,83.219,83.15,83.1537,3895,2021-05-27 19:31:00,PENN
83.17,83.2,83.15,83.189,3176,2021-05-27 19:32:00,PENN
83.19,83.2,83.1417,83.2,2828,2021-05-27 19:33:00,PENN
83.2,83.2394,83.19,83.2394,5618,2021-05-27 19:34:00,PENN
83.24,83.24,83.2,83.2196,4591,2021-05-27 19:35:00,PENN
83.2,83.33,83.2,83.3296,11125,2021-05-27 19:36:00,PENN
83.32,83.33,83.225,83.24,3834,2021-05-27 19:37:00,PENN
83.23,83.28,83.018,83.28,26313,2021-05-27 19:38:00,PENN
83.28,83.31,83.28,83.28,6685,2021-05-27 19:39:00,PENN
83.28,83.29,83.195,83.2196,7444,2021-05-27 19:40:00,PENN
83.2,83.2,83.13,83.19,6079,2021-05-27 19:41:00,PENN
83.21,83.275,83.2,83.275,4948,2021-05-27 19:42:00,PENN
83.25,83.28,83.24,83.26,5012,2021-05-27 19:43:00,PENN
83.26,83.28,83.23,83.25,5994,2021-05-27 19:44:00,PENN
83.25,83.25,83.205,83.22,3494,2021-05-27 19:45:00,PENN
83.23,83.26,83.23,83.25,4061,2021-05-27 19:46:00,PENN
83.26,83.28,83.26,83.26,9547,2021-05-27 19:47:00,PENN
83.255,83.265,83.225,83.255,4713,2021-05-27 19:48:00,PENN
83.25,83.25,83.04,83.0799,7633,2021-05-27 19:49:00,PENN
83.08,83.35,83.07,83.34,19682,2021-05-27 19:50:00,PENN
83.35,83.44,83.35,83.44,12419,2021-05-27 19:51:00,PENN
83.41,83.43,83.3,83.31,12815,2021-05-27 19:52:00,PENN
83.33,83.34,83.2638,83.33,11592,2021-05-27 19:53:00,PENN
83.34,83.43,83.32,83.42,13119,2021-05-27 19:54:00,PENN
83.41,83.43,83.35,83.425,13751,2021-05-27 19:55:00,PENN
83.43,83.45,83.35,83.37,12501,2021-05-27 19:56:00,PENN
83.36,83.39,83.29,83.34,13854,2021-05-27 19:57:00,PENN
83.34,83.41,83.28,83.39,23915,2021-05-27 19:58:00,PENN
83.38,83.42,83.2,83.24,27118,2021-05-27 19:59:00,PENN
83.26,83.26,83.26,83.26,242165,2021-05-27 20:00:00,PENN
83.26,83.26,83.26,83.26,2389,2021-05-27 20:01:00,PENN
82.6895,83.26,82.6895,83.26,2788,2021-05-27 20:02:00,PENN
83.26,83.26,82.52,82.55,906,2021-05-27 20:03:00,PENN
83.26,83.26,82.5,82.5,2708,2021-05-27 20:04:00,PENN
83.5,83.5,83.5,83.5,220,2021-05-27 20:05:00,PENN
82.52,82.52,82.52,82.52,145,2021-05-27 20:06:00,PENN
82.5,82.5,82.5,82.5,100,2021-05-27 20:08:00,PENN
83.0,83.0,83.0,83.0,100,2021-05-27 20:12:00,PENN
83.26,83.26,83.26,83.26,600,2021-05-27 20:17:00,PENN
83.28,83.28,83.28,83.28,100,2021-05-27 20:20:00,PENN
83.26,83.26,83.26,83.26,100,2021-05-27 20:39:00,PENN
83.47,83.51,83.47,83.51,1570,2021-05-27 21:06:00,PENN
83.26,83.26,83.26,83.26,17469,2021-05-27 21:20:00,PENN
83.65,83.65,83.65,83.65,161,2021-05-27 21:51:00,PENN
83.68,83.7,83.68,83.7,256,2021-05-27 22:09:00,PENN
83.66,83.66,83.65,83.65,341,2021-05-27 22:26:00,PENN
83.56,83.56,83.45,83.45,875,2021-05-27 22:48:00,PENN
83.3601,83.3601,83.3601,83.3601,1000,2021-05-27 22:50:00,PENN
83.4,83.4,83.4,83.4,100,2021-05-27 23:33:00,PENN
83.52,83.52,83.4,83.4,315,2021-05-27 23:39:00,PENN
83.4,83.4,83.4,83.4,150,2021-05-27 23:40:00,PENN
83.37,83.37,83.26,83.2601,2209,2021-05-27 23:43:00,PENN
83.4,83.5,83.4,83.5,600,2021-05-27 23:55:00,PENN
83.3,83.3,83.3,83.3,100,2021-05-27 23:56:00,PENN
83.46,83.46,83.46,83.46,300,2021-05-27 23:59:00,PENN
83.5,83.5,83.5,83.5,486,2021-05-28 11:02:00,PENN
83.55,83.55,83.55,83.55,400,2021-05-28 11:55:00,PENN
83.75,83.75,83.75,83.75,100,2021-05-28 12:03:00,PENN
83.7,83.71,83.7,83.7,3500,2021-05-28 12:21:00,PENN
83.7,83.7,83.7,83.7,120,2021-05-28 12:23:00,PENN
83.73,83.73,83.73,83.73,100,2021-05-28 12:32:00,PENN
83.74,83.74,83.74,83.74,222,2021-05-28 12:38:00,PENN
83.7,83.7,83.7,83.7,500,2021-05-28 12:51:00,PENN
83.75,83.75,83.75,83.75,975,2021-05-28 12:53:00,PENN
83.89,83.89,83.89,83.89,100,2021-05-28 13:00:00,PENN
83.52,83.52,83.51,83.51,301,2021-05-28 13:01:00,PENN
83.8632,83.8632,83.8632,83.8632,134,2021-05-28 13:09:00,PENN
83.8199,83.8199,83.8199,83.8199,700,2021-05-28 13:12:00,PENN
83.8647,83.8647,83.7,83.75,1200,2021-05-28 13:19:00,PENN
83.49,83.87,83.49,83.87,400,2021-05-28 13:20:00,PENN
83.52,83.52,83.43,83.43,900,2021-05-28 13:25:00,PENN
83.3,83.3,83.1285,83.1285,200,2021-05-28 13:27:00,PENN
83.34,83.46,82.7794,82.94,42732,2021-05-28 13:30:00,PENN
82.83,82.8704,82.385,82.385,11071,2021-05-28 13:31:00,PENN
82.5485,82.59,82.31,82.51,18747,2021-05-28 13:32:00,PENN
82.45,82.89,82.4,82.89,11333,2021-05-28 13:33:00,PENN
82.788,83.2092,82.65,83.16,8413,2021-05-28 13:34:00,PENN
82.96,83.0863,82.51,82.65,7701,2021-05-28 13:35:00,PENN
82.51,82.65,82.1405,82.1405,13272,2021-05-28 13:36:00,PENN
82.15,82.3439,82.01,82.28,19186,2021-05-28 13:37:00,PENN
82.2035,82.3428,81.9,82.06,18513,2021-05-28 13:38:00,PENN
82.0246,82.369,82.0246,82.22,10077,2021-05-28 13:39:00,PENN
82.27,82.28,81.96,81.96,15769,2021-05-28 13:40:00,PENN
81.96,82.06,81.85,82.045,15194,2021-05-28 13:41:00,PENN
82.14,82.15,81.94,82.01,9679,2021-05-28 13:42:00,PENN
82.06,82.17,82.01,82.05,6933,2021-05-28 13:43:00,PENN
82.06,82.15,82.03,82.09,14366,2021-05-28 13:44:00,PENN
82.09,82.15,82.03,82.03,14454,2021-05-28 13:45:00,PENN
82.04,82.4081,82.025,82.36,17467,2021-05-28 13:46:00,PENN
82.38,82.4,82.25,82.3015,4665,2021-05-28 13:47:00,PENN
82.31,82.44,82.1601,82.44,7067,2021-05-28 13:48:00,PENN
82.5,82.74,82.5,82.67,14938,2021-05-28 13:49:00,PENN
82.62,82.79,82.52,82.79,10147,2021-05-28 13:50:00,PENN
82.8,83.05,82.76,82.77,74879,2021-05-28 13:51:00,PENN
82.81,82.93,82.72,82.93,8360,2021-05-28 13:52:00,PENN
82.945,83.0841,82.77,82.84,5513,2021-05-28 13:53:00,PENN
82.8701,83.0,82.7,82.79,9905,2021-05-28 13:54:00,PENN
82.74,82.8,82.63,82.63,6550,2021-05-28 13:55:00,PENN
82.66,82.66,82.41,82.53,5759,2021-05-28 13:56:00,PENN
82.53,82.61,82.49,82.57,7181,2021-05-28 13:57:00,PENN
82.59,82.62,82.38,82.4825,4405,2021-05-28 13:58:00,PENN
82.44,82.645,82.44,82.635,8633,2021-05-28 13:59:00,PENN
82.6339,82.7,82.6001,82.652,3878,2021-05-28 14:00:00,PENN
82.65,82.82,82.52,82.8,18393,2021-05-28 14:01:00,PENN
82.75,82.86,82.45,82.51,9729,2021-05-28 14:02:00,PENN
82.51,82.7,82.51,82.7,5352,2021-05-28 14:03:00,PENN
82.7,82.75,82.45,82.505,5530,2021-05-28 14:04:00,PENN
82.52,82.65,82.39,82.47,6690,2021-05-28 14:05:00,PENN
82.4,82.42,82.15,82.42,19270,2021-05-28 14:06:00,PENN
82.45,82.48,82.2,82.2,5800,2021-05-28 14:07:00,PENN
82.2077,82.28,82.13,82.13,3200,2021-05-28 14:08:00,PENN
82.15,82.23,82.1329,82.22,8291,2021-05-28 14:09:00,PENN
82.24,82.6,82.24,82.5006,10207,2021-05-28 14:10:00,PENN
82.5,82.58,82.42,82.49,12854,2021-05-28 14:11:00,PENN
82.5225,82.55,82.3277,82.4,7135,2021-05-28 14:12:00,PENN
82.37,82.79,82.37,82.72,7333,2021-05-28 14:13:00,PENN
82.7285,82.81,82.62,82.79,12178,2021-05-28 14:14:00,PENN
82.805,82.8347,82.62,82.62,21632,2021-05-28 14:15:00,PENN
82.61,82.85,82.6,82.773,10286,2021-05-28 14:16:00,PENN
82.83,82.86,82.6208,82.6208,6876,2021-05-28 14:17:00,PENN
82.62,82.7,82.48,82.48,18920,2021-05-28 14:18:00,PENN
82.45,82.49,82.25,82.36,13524,2021-05-28 14:19:00,PENN
82.36,82.41,82.2634,82.41,4825,2021-05-28 14:20:00,PENN
82.43,82.46,82.26,82.39,17061,2021-05-28 14:21:00,PENN
82.415,82.46,82.2,82.21,18807,2021-05-28 14:22:00,PENN
82.255,82.3,82.21,82.27,3008,2021-05-28 14:23:00,PENN
82.27,82.27,81.95,82.0,28051,2021-05-28 14:24:00,PENN
82.0,82.06,81.76,81.9098,25818,2021-05-28 14:25:00,PENN
81.88,81.99,81.81,81.94,17683,2021-05-28 14:26:00,PENN
81.94,82.17,81.85,82.13,50967,2021-05-28 14:27:00,PENN
82.03,82.0682,81.9,82.05,18769,2021-05-28 14:28:00,PENN
82.0,82.0,81.86,81.945,5419,2021-05-28 14:29:00,PENN
81.96,82.12,81.9001,81.94,6446,2021-05-28 14:30:00,PENN
81.95,82.0,81.9,82.0,6323,2021-05-28 14:31:00,PENN
82.01,82.1213,82.01,82.04,2850,2021-05-28 14:32:00,PENN
82.1,82.1,81.96,82.02,7405,2021-05-28 14:33:00,PENN
82.015,82.23,82.01,82.23,3835,2021-05-28 14:34:00,PENN
82.2,82.39,82.2,82.33,5179,2021-05-28 14:35:00,PENN
82.37,82.39,82.255,82.3494,6048,2021-05-28 14:36:00,PENN
82.3,82.34,82.2,82.2,6053,2021-05-28 14:37:00,PENN
82.16,82.31,82.16,82.31,3568,2021-05-28 14:38:00,PENN
82.31,82.37,82.3,82.3,4038,2021-05-28 14:39:00,PENN
82.2607,82.2885,82.137,82.2885,4023,2021-05-28 14:40:00,PENN
82.32,82.32,82.22,82.25,2200,2021-05-28 14:41:00,PENN
82.15,82.16,82.01,82.11,13162,2021-05-28 14:42:00,PENN
82.07,82.09,82.05,82.0839,2220,2021-05-28 14:43:00,PENN
82.081,82.19,82.081,82.17,3674,2021-05-28 14:44:00,PENN
82.22,82.2766,82.2,82.25,862,2021-05-28 14:45:00,PENN
82.2,82.23,82.06,82.17,6316,2021-05-28 14:46:00,PENN
82.0,82.14,81.96,82.13,7026,2021-05-28 14:47:00,PENN
82.18,82.2,82.1101,82.16,3131,2021-05-28 14:48:00,PENN
82.13,82.13,82.1,82.12,1392,2021-05-28 14:49:00,PENN
82.095,82.095,82.02,82.09,1760,2021-05-28 14:50:00,PENN
82.15,82.15,82.12,82.12,811,2021-05-28 14:51:00,PENN
82.12,82.17,82.105,82.13,2132,2021-05-28 14:52:00,PENN
82.17,82.27,82.17,82.22,2752,2021-05-28 14:53:00,PENN
82.29,82.31,82.2339,82.26,2626,2021-05-28 14:54:00,PENN
82.25,82.37,82.2,82.36,5398,2021-05-28 14:55:00,PENN
82.34,82.46,82.2976,82.45,10971,2021-05-28 14:56:00,PENN
82.4,82.4,82.23,82.26,5121,2021-05-28 14:57:00,PENN
82.245,82.3,82.1,82.1,4522,2021-05-28 14:58:00,PENN
82.12,82.19,82.1,82.1815,1500,2021-05-28 14:59:00,PENN
82.155,82.365,82.155,82.35,5000,2021-05-28 15:00:00,PENN
82.34,82.46,82.34,82.4201,5676,2021-05-28 15:01:00,PENN
82.42,82.435,82.41,82.4109,1147,2021-05-28 15:02:00,PENN
82.43,82.43,82.311,82.37,3097,2021-05-28 15:03:00,PENN
82.3567,82.48,82.33,82.48,2571,2021-05-28 15:04:00,PENN
82.45,82.56,82.45,82.54,5854,2021-05-28 15:05:00,PENN
82.6,82.6,82.55,82.56,2600,2021-05-28 15:06:00,PENN
82.6,82.6,82.545,82.565,7089,2021-05-28 15:07:00,PENN
82.59,82.629,82.505,82.545,2485,2021-05-28 15:08:00,PENN
82.55,82.58,82.53,82.55,1100,2021-05-28 15:09:00,PENN
82.535,82.57,82.49,82.53,1500,2021-05-28 15:10:00,PENN
82.58,82.5941,82.52,82.5941,1772,2021-05-28 15:11:00,PENN
82.565,82.65,82.565,82.6,6387,2021-05-28 15:12:00,PENN
82.62,82.62,82.55,82.56,941,2021-05-28 15:13:00,PENN
82.565,82.6,82.5,82.5,977,2021-05-28 15:14:00,PENN
82.49,82.68,82.49,82.655,5363,2021-05-28 15:15:00,PENN
82.63,82.69,82.63,82.69,2811,2021-05-28 15:16:00,PENN
82.6601,82.7541,82.6601,82.7541,5500,2021-05-28 15:17:00,PENN
82.76,82.8,82.76,82.7751,4058,2021-05-28 15:18:00,PENN
82.7898,82.8065,82.77,82.78,3400,2021-05-28 15:19:00,PENN
82.74,82.78,82.6,82.6,1574,2021-05-28 15:20:00,PENN
82.62,82.72,82.6,82.66,2606,2021-05-28 15:21:00,PENN
82.7007,82.725,82.6853,82.6936,500,2021-05-28 15:22:00,PENN
82.75,82.75,82.65,82.65,2262,2021-05-28 15:23:00,PENN
82.62,82.64,82.5819,82.5904,2678,2021-05-28 15:24:00,PENN
82.59,82.59,82.51,82.51,1411,2021-05-28 15:25:00,PENN
82.4487,82.5,82.35,82.41,4300,2021-05-28 15:26:00,PENN
82.435,82.435,82.35,82.42,3605,2021-05-28 15:27:00,PENN
82.395,82.4,82.2904,82.2904,2159,2021-05-28 15:28:00,PENN
82.3063,82.33,82.23,82.245,5429,2021-05-28 15:29:00,PENN
82.28,82.4,82.28,82.4,2300,2021-05-28 15:30:00,PENN
82.38,82.38,82.3201,82.335,1630,2021-05-28 15:31:00,PENN
82.365,82.38,82.32,82.35,2061,2021-05-28 15:32:00,PENN
82.36,82.41,82.355,82.3829,1500,2021-05-28 15:33:00,PENN
82.3,82.3644,82.3,82.34,5108,2021-05-28 15:34:00,PENN
82.34,82.375,82.34,82.375,1522,2021-05-28 15:35:00,PENN
82.37,82.39,82.3,82.39,3089,2021-05-28 15:36:00,PENN
82.4,82.4,82.32,82.32,1524,2021-05-28 15:37:00,PENN
82.315,82.315,82.23,82.27,2112,2021-05-28 15:38:00,PENN
82.23,82.24,82.17,82.2,2850,2021-05-28 15:39:00,PENN
82.2,82.2,82.15,82.17,2013,2021-05-28 15:40:00,PENN
82.155,82.17,82.07,82.11,5997,2021-05-28 15:41:00,PENN
82.1,82.1399,82.01,82.05,2371,2021-05-28 15:42:00,PENN
82.08,82.08,81.9903,82.0582,14173,2021-05-28 15:43:00,PENN
82.06,82.08,82.01,82.01,4729,2021-05-28 15:44:00,PENN
82.0,82.09,81.98,82.08,3643,2021-05-28 15:45:00,PENN
82.08,82.16,82.055,82.16,5520,2021-05-28 15:46:00,PENN
82.2,82.28,82.18,82.27,3900,2021-05-28 15:47:00,PENN
82.25,82.255,82.235,82.24,2306,2021-05-28 15:48:00,PENN
82.26,82.27,82.23,82.24,1400,2021-05-28 15:49:00,PENN
82.2,82.26,82.16,82.25,3567,2021-05-28 15:50:00,PENN
82.29,82.32,82.28,82.285,900,2021-05-28 15:51:00,PENN
82.235,82.235,82.16,82.16,3985,2021-05-28 15:52:00,PENN
82.18,82.19,82.14,82.14,2240,2021-05-28 15:53:00,PENN
82.1201,82.17,82.08,82.17,6695,2021-05-28 15:54:00,PENN
82.17,82.25,82.17,82.21,3693,2021-05-28 15:55:00,PENN
82.24,82.25,82.15,82.15,1423,2021-05-28 15:56:00,PENN
82.17,82.17,82.0301,82.04,2900,2021-05-28 15:57:00,PENN
82.06,82.06,82.0,82.02,3767,2021-05-28 15:58:00,PENN
82.06,82.11,82.04,82.11,1021,2021-05-28 15:59:00,PENN
82.0501,82.1042,82.05,82.05,5738,2021-05-28 16:00:00,PENN
82.07,82.2,82.07,82.14,1837,2021-05-28 16:01:00,PENN
82.19,82.29,82.19,82.29,2121,2021-05-28 16:02:00,PENN
82.265,82.35,82.265,82.32,1202,2021-05-28 16:03:00,PENN
82.32,82.32,82.26,82.27,1550,2021-05-28 16:04:00,PENN
82.2808,82.37,82.2808,82.32,1400,2021-05-28 16:05:00,PENN
82.35,82.42,82.345,82.39,1629,2021-05-28 16:06:00,PENN
82.39,82.39,82.2918,82.31,4071,2021-05-28 16:07:00,PENN
82.2751,82.2921,82.25,82.25,1460,2021-05-28 16:08:00,PENN
82.26,82.265,82.18,82.19,2400,2021-05-28 16:09:00,PENN
82.1599,82.16,81.99,82.08,17735,2021-05-28 16:10:00,PENN
82.1,82.13,82.0,82.13,2541,2021-05-28 16:11:00,PENN
82.13,82.21,82.13,82.21,1541,2021-05-28 16:12:00,PENN
82.24,82.26,82.2019,82.2019,700,2021-05-28 16:13:00,PENN
82.25,82.25,82.24,82.24,1100,2021-05-28 16:14:00,PENN
82.1227,82.19,82.1227,82.16,500,2021-05-28 16:15:00,PENN
82.13,82.16,82.1,82.16,1100,2021-05-28 16:16:00,PENN
82.12,82.17,82.12,82.17,1119,2021-05-28 16:17:00,PENN
82.19,82.24,82.1,82.1,4052,2021-05-28 16:18:00,PENN
82.15,82.16,82.13,82.15,1207,2021-05-28 16:19:00,PENN
82.19,82.2,82.15,82.18,1686,2021-05-28 16:20:00,PENN
82.18,82.2,82.1629,82.1629,1800,2021-05-28 16:21:00,PENN
82.14,82.18,82.1392,82.1555,6600,2021-05-28 16:22:00,PENN
82.1401,82.17,82.125,82.14,6986,2021-05-28 16:23:00,PENN
82.118,82.2,82.111,82.19,2823,2021-05-28 16:24:00,PENN
82.155,82.2101,82.15,82.2101,1080,2021-05-28 16:25:00,PENN
82.16,82.24,82.16,82.24,3050,2021-05-28 16:26:00,PENN
82.26,82.33,82.24,82.33,2836,2021-05-28 16:27:00,PENN
82.345,82.37,82.32,82.32,2613,2021-05-28 16:28:00,PENN
82.3303,82.36,82.3,82.36,2106,2021-05-28 16:29:00,PENN
82.34,82.34,82.25,82.27,2006,2021-05-28 16:30:00,PENN
82.28,82.32,82.28,82.32,700,2021-05-28 16:31:00,PENN
82.3365,82.409,82.31,82.4,3239,2021-05-28 16:32:00,PENN
82.37,82.3701,82.32,82.3701,2299,2021-05-28 16:33:00,PENN
82.38,82.39,82.26,82.32,1922,2021-05-28 16:34:00,PENN
82.31,82.354,82.31,82.31,3440,2021-05-28 16:35:00,PENN
82.29,82.31,82.285,82.305,1437,2021-05-28 16:36:00,PENN
82.32,82.32,82.23,82.25,3279,2021-05-28 16:37:00,PENN
82.25,82.26,82.22,82.232,2060,2021-05-28 16:38:00,PENN
82.259,82.275,82.23,82.275,2834,2021-05-28 16:39:00,PENN
82.29,82.29,82.25,82.26,818,2021-05-28 16:40:00,PENN
82.29,82.29,82.29,82.29,200,2021-05-28 16:41:00,PENN
82.325,82.325,82.3098,82.3098,350,2021-05-28 16:42:00,PENN
82.3155,82.3527,82.3155,82.3527,920,2021-05-28 16:43:00,PENN
82.35,82.42,82.3356,82.4,4622,2021-05-28 16:44:00,PENN
82.43,82.44,82.41,82.44,650,2021-05-28 16:45:00,PENN
82.43,82.57,82.43,82.54,8194,2021-05-28 16:46:00,PENN
82.54,82.54,82.5,82.5067,4231,2021-05-28 16:47:00,PENN
82.53,82.57,82.41,82.42,3125,2021-05-28 16:48:00,PENN
82.41,82.41,82.35,82.35,1593,2021-05-28 16:49:00,PENN
82.37,82.37,82.27,82.3,3386,2021-05-28 16:50:00,PENN
82.27,82.31,82.26,82.27,900,2021-05-28 16:51:00,PENN
82.265,82.28,82.23,82.255,6187,2021-05-28 16:52:00,PENN
82.256,82.256,82.24,82.24,1000,2021-05-28 16:53:00,PENN
82.31,82.35,82.29,82.3,2200,2021-05-28 16:54:00,PENN
82.28,82.3,82.22,82.26,1700,2021-05-28 16:55:00,PENN
82.3,82.33,82.2812,82.29,900,2021-05-28 16:56:00,PENN
82.29,82.37,82.29,82.3679,2421,2021-05-28 16:57:00,PENN
82.349,82.349,82.33,82.33,875,2021-05-28 16:58:00,PENN
82.345,82.345,82.24,82.24,1300,2021-05-28 16:59:00,PENN
82.21,82.28,82.21,82.28,400,2021-05-28 17:00:00,PENN
82.32,82.3788,82.32,82.36,500,2021-05-28 17:01:00,PENN
82.34,82.3522,82.34,82.34,2007,2021-05-28 17:02:00,PENN
82.37,82.47,82.3676,82.47,2700,2021-05-28 17:03:00,PENN
82.5,82.5,82.48,82.48,300,2021-05-28 17:04:00,PENN
82.48,82.5256,82.48,82.5254,915,2021-05-28 17:05:00,PENN
82.48,82.4912,82.44,82.48,2150,2021-05-28 17:06:00,PENN
82.48,82.53,82.48,82.5261,2309,2021-05-28 17:07:00,PENN
82.54,82.62,82.53,82.6083,3100,2021-05-28 17:08:00,PENN
82.61,82.61,82.575,82.575,2455,2021-05-28 17:09:00,PENN
82.585,82.62,82.58,82.5999,1150,2021-05-28 17:10:00,PENN
82.6,82.6599,82.6,82.6599,1650,2021-05-28 17:11:00,PENN
82.6268,82.65,82.545,82.545,4270,2021-05-28 17:12:00,PENN
82.55,82.6185,82.51,82.6185,1300,2021-05-28 17:13:00,PENN
82.62,82.64,82.6154,82.63,950,2021-05-28 17:14:00,PENN
82.65,82.68,82.59,82.59,4304,2021-05-28 17:15:00,PENN
82.58,82.65,82.5501,82.64,1461,2021-05-28 17:16:00,PENN
82.6301,82.78,82.6301,82.77,4736,2021-05-28 17:17:00,PENN
82.78,82.85,82.7701,82.85,8588,2021-05-28 17:18:00,PENN
82.85,82.94,82.82,82.94,8924,2021-05-28 17:19:00,PENN
82.88,82.92,82.86,82.91,5602,2021-05-28 17:20:00,PENN
82.87,82.9,82.8,82.82,9771,2021-05-28 17:21:00,PENN
82.79,82.88,82.7642,82.87,5242,2021-05-28 17:22:00,PENN
82.85,82.8773,82.82,82.85,7476,2021-05-28 17:23:00,PENN
82.852,82.92,82.8329,82.92,6100,2021-05-28 17:24:00,PENN
82.905,82.905,82.81,82.81,6922,2021-05-28 17:25:00,PENN
82.83,82.98,82.83,82.98,5557,2021-05-28 17:26:00,PENN
82.99,83.13,82.9672,83.09,15536,2021-05-28 17:27:00,PENN
83.07,83.14,83.04,83.12,8670,2021-05-28 17:28:00,PENN
83.0949,83.13,83.0621,83.09,9200,2021-05-28 17:29:00,PENN
83.0902,83.16,83.06,83.12,7063,2021-05-28 17:30:00,PENN
83.0958,83.11,83.01,83.01,2991,2021-05-28 17:31:00,PENN
83.02,83.0424,82.95,82.999,3918,2021-05-28 17:32:00,PENN
82.92,82.93,82.868,82.9,4784,2021-05-28 17:33:00,PENN
82.9,82.9603,82.8832,82.91,2800,2021-05-28 17:34:00,PENN
82.9023,82.9023,82.85,82.85,600,2021-05-28 17:35:00,PENN
82.81,82.81,82.74,82.74,3800,2021-05-28 17:36:00,PENN
82.66,82.66,82.5404,82.5404,3746,2021-05-28 17:37:00,PENN
82.61,82.68,82.609,82.68,2623,2021-05-28 17:38:00,PENN
82.58,82.58,82.4945,82.5,1900,2021-05-28 17:40:00,PENN
82.46,82.55,82.42,82.55,3747,2021-05-28 17:41:00,PENN
82.55,82.61,82.55,82.57,3650,2021-05-28 17:42:00,PENN
82.54,82.54,82.45,82.495,8127,2021-05-28 17:43:00,PENN
82.52,82.54,82.47,82.47,900,2021-05-28 17:44:00,PENN
82.475,82.51,82.475,82.5,610,2021-05-28 17:45:00,PENN
82.47,82.53,82.47,82.5298,2095,2021-05-28 17:46:00,PENN
82.48,82.6,82.48,82.6,1409,2021-05-28 17:47:00,PENN
82.565,82.61,82.55,82.5603,5051,2021-05-28 17:48:00,PENN
82.6,82.6499,82.5913,82.6291,1720,2021-05-28 17:49:00,PENN
82.6335,82.6981,82.61,82.6981,1211,2021-05-28 17:50:00,PENN
82.69,82.7,82.6049,82.6498,6717,2021-05-28 17:51:00,PENN
82.65,82.66,82.59,82.62,2218,2021-05-28 17:52:00,PENN
82.62,82.62,82.62,82.62,260,2021-05-28 17:53:00,PENN
82.62,82.66,82.59,82.59,1520,2021-05-28 17:54:00,PENN
82.63,82.64,82.62,82.64,300,2021-05-28 17:55:00,PENN
82.625,82.625,82.55,82.5562,2028,2021-05-28 17:56:00,PENN
82.56,82.56,82.5,82.525,978,2021-05-28 17:57:00,PENN
82.51,82.51,82.4468,82.4497,1290,2021-05-28 17:58:00,PENN
82.51,82.53,82.5,82.52,2854,2021-05-28 17:59:00,PENN
82.53,82.63,82.53,82.63,7108,2021-05-28 18:00:00,PENN
82.67,82.7073,82.64,82.64,2537,2021-05-28 18:01:00,PENN
82.65,82.705,82.65,82.65,2400,2021-05-28 18:02:00,PENN
82.69,82.75,82.69,82.75,925,2021-05-28 18:03:00,PENN
82.74,82.79,82.74,82.76,984,2021-05-28 18:04:00,PENN
82.69,82.69,82.63,82.6511,1100,2021-05-28 18:05:00,PENN
82.645,82.6799,82.57,82.63,1771,2021-05-28 18:06:00,PENN
82.62,82.625,82.5601,82.585,1250,2021-05-28 18:07:00,PENN
82.62,82.62,82.45,82.505,4300,2021-05-28 18:08:00,PENN
82.5,82.6,82.5,82.57,1401,2021-05-28 18:09:00,PENN
82.57,82.57,82.4798,82.549,2475,2021-05-28 18:10:00,PENN
82.48,82.49,82.34,82.34,2400,2021-05-28 18:11:00,PENN
82.33,82.39,82.29,82.39,2500,2021-05-28 18:12:00,PENN
82.25,82.2964,82.2201,82.29,3223,2021-05-28 18:13:00,PENN
82.26,82.36,82.26,82.36,1948,2021-05-28 18:14:00,PENN
82.32,82.3299,82.22,82.3299,8511,2021-05-28 18:15:00,PENN
82.3,82.3352,82.28,82.3352,1925,2021-05-28 18:16:00,PENN
82.3,82.36,82.3,82.3434,2240,2021-05-28 18:17:00,PENN
82.36,82.3989,82.33,82.3989,890,2021-05-28 18:18:00,PENN
82.34,82.36,82.31,82.31,500,2021-05-28 18:19:00,PENN
82.3,82.35,82.3,82.3,2587,2021-05-28 18:20:00,PENN
82.34,82.38,82.3,82.38,800,2021-05-28 18:21:00,PENN
82.41,82.42,82.35,82.375,2400,2021-05-28 18:22:00,PENN
82.34,82.38,82.31,82.35,2400,2021-05-28 18:23:00,PENN
82.37,82.3999,82.34,82.34,1600,2021-05-28 18:24:00,PENN
82.35,82.39,82.3,82.38,2802,2021-05-28 18:25:00,PENN
82.33,82.34,82.3,82.325,982,2021-05-28 18:26:00,PENN
82.36,82.37,82.28,82.35,3014,2021-05-28 18:27:00,PENN
82.37,82.48,82.37,82.45,2510,2021-05-28 18:28:00,PENN
82.4789,82.4789,82.43,82.4543,1805,2021-05-28 18:29:00,PENN
82.43,82.43,82.35,82.38,4030,2021-05-28 18:30:00,PENN
82.37,82.429,82.37,82.429,812,2021-05-28 18:31:00,PENN
82.45,82.48,82.3,82.31,2906,2021-05-28 18:32:00,PENN
82.33,82.37,82.29,82.37,1100,2021-05-28 18:33:00,PENN
82.37,82.39,82.35,82.35,710,2021-05-28 18:34:00,PENN
82.41,82.41,82.37,82.38,400,2021-05-28 18:35:00,PENN
82.37,82.37,82.34,82.35,1200,2021-05-28 18:36:00,PENN
82.395,82.4,82.36,82.3601,1000,2021-05-28 18:37:00,PENN
82.39,82.4,82.34,82.385,1900,2021-05-28 18:38:00,PENN
82.4,82.4,82.4,82.4,300,2021-05-28 18:39:00,PENN
82.36,82.3948,82.35,82.3948,1366,2021-05-28 18:40:00,PENN
82.38,82.42,82.38,82.415,800,2021-05-28 18:41:00,PENN
82.392,82.4333,82.392,82.425,1470,2021-05-28 18:42:00,PENN
82.42,82.455,82.4,82.455,3300,2021-05-28 18:43:00,PENN
82.46,82.4906,82.4236,82.43,2661,2021-05-28 18:44:00,PENN
82.46,82.46,82.4,82.43,1200,2021-05-28 18:45:00,PENN
82.44,82.44,82.3344,82.36,1193,2021-05-28 18:46:00,PENN
82.33,82.37,82.32,82.32,1728,2021-05-28 18:47:00,PENN
82.28,82.33,82.28,82.33,640,2021-05-28 18:48:00,PENN
82.3,82.3,82.2101,82.2101,4447,2021-05-28 18:49:00,PENN
82.21,82.23,82.2,82.23,2300,2021-05-28 18:50:00,PENN
82.24,82.28,82.24,82.26,1670,2021-05-28 18:51:00,PENN
82.2444,82.28,82.24,82.25,1350,2021-05-28 18:52:00,PENN
82.24,82.26,82.21,82.2575,900,2021-05-28 18:53:00,PENN
82.26,82.2701,82.22,82.2316,2466,2021-05-28 18:54:00,PENN
82.27,82.2806,82.24,82.265,530,2021-05-28 18:55:00,PENN
82.23,82.23,82.18,82.1911,2509,2021-05-28 18:56:00,PENN
82.2029,82.205,82.16,82.18,3799,2021-05-28 18:57:00,PENN
82.17,82.22,82.17,82.2,1100,2021-05-28 18:58:00,PENN
82.17,82.1998,82.15,82.15,4913,2021-05-28 18:59:00,PENN
82.17,82.21,82.17,82.2,5597,2021-05-28 19:00:00,PENN
82.19,82.28,82.19,82.27,3501,2021-05-28 19:01:00,PENN
82.275,82.3141,82.25,82.3141,3227,2021-05-28 19:02:00,PENN
82.28,82.28,82.18,82.23,13377,2021-05-28 19:03:00,PENN
82.2156,82.3,82.2156,82.3,5094,2021-05-28 19:04:00,PENN
82.28,82.3,82.25,82.28,2071,2021-05-28 19:05:00,PENN
82.29,82.34,82.26,82.33,2200,2021-05-28 19:06:00,PENN
82.3,82.3262,82.27,82.31,1498,2021-05-28 19:07:00,PENN
82.3,82.31,82.26,82.3005,1520,2021-05-28 19:08:00,PENN
82.27,82.34,82.27,82.34,2520,2021-05-28 19:09:00,PENN
82.35,82.35,82.23,82.26,2600,2021-05-28 19:10:00,PENN
82.22,82.26,82.13,82.16,2378,2021-05-28 19:11:00,PENN
82.18,82.268,82.18,82.25,4217,2021-05-28 19:12:00,PENN
82.23,82.2427,82.19,82.2,2016,2021-05-28 19:13:00,PENN
82.17,82.19,82.15,82.15,1700,2021-05-28 19:14:00,PENN
82.2,82.2163,82.11,82.12,2470,2021-05-28 19:15:00,PENN
82.12,82.12,82.0642,82.0642,2600,2021-05-28 19:16:00,PENN
82.05,82.05,81.975,82.01,17680,2021-05-28 19:17:00,PENN
82.01,82.06,82.0058,82.04,3567,2021-05-28 19:18:00,PENN
82.05,82.08,82.02,82.0349,3425,2021-05-28 19:19:00,PENN
82.03,82.06,82.0218,82.04,2630,2021-05-28 19:20:00,PENN
82.059,82.06,81.98,82.04,9301,2021-05-28 19:21:00,PENN
82.05,82.08,82.04,82.08,3344,2021-05-28 19:22:00,PENN
82.07,82.08,82.05,82.06,2057,2021-05-28 19:23:00,PENN
82.07,82.09,82.05,82.07,2188,2021-05-28 19:24:00,PENN
82.04,82.11,82.04,82.11,3286,2021-05-28 19:25:00,PENN
82.1,82.17,82.08,82.17,3124,2021-05-28 19:26:00,PENN
82.16,82.2,82.16,82.2,2512,2021-05-28 19:27:00,PENN
82.22,82.25,82.21,82.21,1300,2021-05-28 19:28:00,PENN
82.23,82.23,82.17,82.17,3200,2021-05-28 19:29:00,PENN
82.15,82.16,82.12,82.16,4857,2021-05-28 19:30:00,PENN
82.18,82.27,82.18,82.25,6292,2021-05-28 19:31:00,PENN
82.25,82.25,82.14,82.14,22352,2021-05-28 19:32:00,PENN
82.13,82.135,82.05,82.06,4184,2021-05-28 19:33:00,PENN
82.08,82.11,82.0067,82.0067,2400,2021-05-28 19:34:00,PENN
82.04,82.04,81.93,81.93,13471,2021-05-28 19:35:00,PENN
81.9266,81.98,81.85,81.98,11863,2021-05-28 19:36:00,PENN
82.03,82.1498,82.02,82.12,6164,2021-05-28 19:37:00,PENN
82.11,82.19,82.11,82.13,5289,2021-05-28 19:38:00,PENN
82.125,82.14,82.08,82.09,4902,2021-05-28 19:39:00,PENN
82.08,82.08,81.97,81.97,3346,2021-05-28 19:40:00,PENN
81.99,82.03,81.97,81.97,5990,2021-05-28 19:41:00,PENN
81.97,82.04,81.95,81.95,5255,2021-05-28 19:42:00,PENN
81.95,81.96,81.87,81.87,15905,2021-05-28 19:43:00,PENN
81.87,81.89,81.73,81.75,20436,2021-05-28 19:44:00,PENN
81.785,81.849,81.7701,81.81,6606,2021-05-28 19:45:00,PENN
81.82,81.86,81.81,81.86,7345,2021-05-28 19:46:00,PENN
81.87,81.89,81.85,81.88,9963,2021-05-28 19:47:00,PENN
81.87,81.91,81.845,81.91,6699,2021-05-28 19:48:00,PENN
81.91,81.93,81.86,81.895,5227,2021-05-28 19:49:00,PENN
81.9,82.0,81.9,81.92,10179,2021-05-28 19:50:00,PENN
81.91,81.92,81.87,81.89,7369,2021-05-28 19:51:00,PENN
81.9,81.98,81.9,81.93,7581,2021-05-28 19:52:00,PENN
81.95,82.04,81.95,81.98,8718,2021-05-28 19:53:00,PENN
81.99,82.02,81.85,81.91,19936,2021-05-28 19:54:00,PENN
81.91,81.91,81.83,81.86,14271,2021-05-28 19:55:00,PENN
81.86,81.91,81.84,81.91,15623,2021-05-28 19:56:00,PENN
81.91,81.93,81.8801,81.9,19256,2021-05-28 19:57:00,PENN
81.9,81.91,81.82,81.83,19343,2021-05-28 19:58:00,PENN
81.83,82.01,81.82,81.98,47904,2021-05-28 19:59:00,PENN
81.97,81.97,81.97,81.97,104198,2021-05-28 20:00:00,PENN
81.97,81.97,81.97,81.97,1015,2021-05-28 20:01:00,PENN
81.97,81.97,81.97,81.97,801,2021-05-28 20:02:00,PENN
81.97,81.97,81.97,81.97,100,2021-05-28 20:03:00,PENN
81.9,81.9,81.9,81.9,200,2021-05-28 20:06:00,PENN
81.9001,81.9001,81.5,81.5,600,2021-05-28 20:07:00,PENN
81.97,81.97,81.97,81.97,740,2021-05-28 20:16:00,PENN
81.97,81.97,81.97,81.97,1000,2021-05-28 20:27:00,PENN
81.62,81.62,81.6,81.6,2720,2021-05-28 20:32:00,PENN
81.93,81.93,81.93,81.93,199,2021-05-28 20:48:00,PENN
81.63,81.63,81.63,81.63,125,2021-05-28 20:56:00,PENN
81.97,81.97,81.97,81.97,100,2021-05-28 21:00:00,PENN
81.88,81.97,81.88,81.97,300,2021-05-28 21:01:00,PENN
81.85,81.85,81.85,81.85,100,2021-05-28 21:14:00,PENN
81.84,81.87,81.84,81.87,520,2021-05-28 21:40:00,PENN
81.88,81.88,81.88,81.88,100,2021-05-28 21:41:00,PENN
81.94,81.94,81.94,81.94,118,2021-05-28 21:50:00,PENN
81.86,81.86,81.86,81.86,100,2021-05-28 22:54:00,PENN
81.95,81.95,81.95,81.95,265,2021-05-28 22:56:00,PENN
81.91,81.91,81.91,81.91,103,2021-05-28 22:57:00,PENN
81.87,81.87,81.87,81.87,122,2021-05-28 23:00:00,PENN
81.9,81.9,81.9,81.9,1100,2021-05-28 23:01:00,PENN
81.96,81.97,81.96,81.97,1497,2021-05-28 23:07:00,PENN
81.92,81.92,81.91,81.91,497,2021-05-28 23:23:00,PENN
81.9201,81.9201,81.9201,81.9201,117,2021-05-28 23:43:00,PENN
81.97,81.97,81.97,81.97,300,2021-05-28 23:47:00,PENN
81.92,81.92,81.9,81.9,556,2021-05-28 23:52:00,PENN
81.8,81.8,81.8,81.8,1379,2021-05-28 23:53:00,PENN
