open,high,low,close,volume,datetime,symbol
23.76,23.76,23.76,23.76,1000,2021-04-19 11:33:00,QFIN
23.75,23.75,23.75,23.75,199,2021-04-19 11:54:00,QFIN
23.65,23.65,23.65,23.65,500,2021-04-19 12:04:00,QFIN
23.75,23.75,23.75,23.75,100,2021-04-19 13:16:00,QFIN
24.0,24.0,24.0,24.0,200,2021-04-19 13:28:00,QFIN
24.08,24.08,23.65,23.7,26111,2021-04-19 13:30:00,QFIN
23.83,23.84,23.81,23.81,1644,2021-04-19 13:31:00,QFIN
23.825,24.0,23.825,24.0,2456,2021-04-19 13:32:00,QFIN
24.12,24.3,24.11,24.13,12088,2021-04-19 13:33:00,QFIN
24.22,24.22,24.03,24.03,3427,2021-04-19 13:34:00,QFIN
23.9,24.0843,23.9,24.0,2746,2021-04-19 13:35:00,QFIN
24.0229,24.05,23.88,23.88,4615,2021-04-19 13:36:00,QFIN
24.0499,24.05,23.93,23.97,2761,2021-04-19 13:37:00,QFIN
23.98,24.04,23.93,23.99,1153,2021-04-19 13:38:00,QFIN
24.0,24.1881,24.0,24.11,2600,2021-04-19 13:39:00,QFIN
24.18,24.244,24.12,24.244,3424,2021-04-19 13:40:00,QFIN
24.26,24.3813,24.24,24.3813,1200,2021-04-19 13:41:00,QFIN
24.32,24.6,24.29,24.6,15149,2021-04-19 13:42:00,QFIN
24.59,24.6,24.46,24.54,6210,2021-04-19 13:43:00,QFIN
24.54,24.76,24.51,24.76,8553,2021-04-19 13:44:00,QFIN
24.75,24.76,24.61,24.645,6272,2021-04-19 13:45:00,QFIN
24.67,24.69,24.61,24.636,3200,2021-04-19 13:46:00,QFIN
24.6799,24.75,24.6,24.66,17348,2021-04-19 13:47:00,QFIN
24.67,24.69,24.6,24.6392,8904,2021-04-19 13:48:00,QFIN
24.62,24.7,24.62,24.7,2650,2021-04-19 13:49:00,QFIN
24.68,24.6928,24.62,24.68,4966,2021-04-19 13:50:00,QFIN
24.66,24.76,24.655,24.71,6443,2021-04-19 13:51:00,QFIN
24.74,24.89,24.73,24.85,3100,2021-04-19 13:52:00,QFIN
24.84,24.97,24.84,24.94,6918,2021-04-19 13:53:00,QFIN
24.97,25.0,24.76,24.76,18040,2021-04-19 13:54:00,QFIN
24.76,24.76,24.69,24.705,1900,2021-04-19 13:55:00,QFIN
24.62,24.877,24.62,24.877,4800,2021-04-19 13:56:00,QFIN
24.8625,24.8625,24.63,24.74,2800,2021-04-19 13:57:00,QFIN
24.6429,24.77,24.63,24.7,3112,2021-04-19 13:58:00,QFIN
24.76,24.91,24.76,24.9,9803,2021-04-19 13:59:00,QFIN
24.91,25.1795,24.88,25.06,65172,2021-04-19 14:00:00,QFIN
25.016,25.016,24.95,25.01,9300,2021-04-19 14:01:00,QFIN
25.02,25.02,24.68,24.82,5353,2021-04-19 14:02:00,QFIN
24.82,24.97,24.805,24.95,6228,2021-04-19 14:03:00,QFIN
24.94,25.0,24.8988,24.8988,7081,2021-04-19 14:04:00,QFIN
24.915,24.94,24.8901,24.94,1900,2021-04-19 14:05:00,QFIN
24.93,24.96,24.89,24.92,10210,2021-04-19 14:06:00,QFIN
24.91,24.91,24.71,24.72,9081,2021-04-19 14:07:00,QFIN
24.74,24.78,24.7,24.75,5529,2021-04-19 14:08:00,QFIN
24.75,24.765,24.72,24.735,3552,2021-04-19 14:09:00,QFIN
24.72,24.72,24.6276,24.6886,5595,2021-04-19 14:10:00,QFIN
24.66,24.68,24.63,24.66,9601,2021-04-19 14:11:00,QFIN
24.68,24.69,24.64,24.675,3354,2021-04-19 14:12:00,QFIN
24.67,24.72,24.65,24.72,10168,2021-04-19 14:13:00,QFIN
24.69,24.705,24.67,24.69,12961,2021-04-19 14:14:00,QFIN
24.695,24.73,24.67,24.7,15152,2021-04-19 14:15:00,QFIN
24.73,24.79,24.726,24.75,10943,2021-04-19 14:16:00,QFIN
24.75,24.79,24.74,24.76,11494,2021-04-19 14:17:00,QFIN
24.755,24.94,24.7502,24.77,30308,2021-04-19 14:18:00,QFIN
24.77,24.77,24.61,24.61,5950,2021-04-19 14:19:00,QFIN
24.585,24.63,24.56,24.63,6450,2021-04-19 14:20:00,QFIN
24.63,24.66,24.56,24.56,25169,2021-04-19 14:21:00,QFIN
24.59,24.59,24.42,24.49,12223,2021-04-19 14:22:00,QFIN
24.468,24.57,24.4339,24.56,4663,2021-04-19 14:23:00,QFIN
24.58,24.61,24.561,24.57,3268,2021-04-19 14:24:00,QFIN
24.6,24.63,24.57,24.615,4457,2021-04-19 14:25:00,QFIN
24.63,24.72,24.61,24.715,29506,2021-04-19 14:26:00,QFIN
24.715,24.745,24.715,24.745,1335,2021-04-19 14:27:00,QFIN
24.745,24.78,24.74,24.76,3107,2021-04-19 14:28:00,QFIN
24.76,24.91,24.76,24.85,9981,2021-04-19 14:29:00,QFIN
24.855,24.9121,24.84,24.895,5184,2021-04-19 14:30:00,QFIN
24.895,24.91,24.866,24.87,3980,2021-04-19 14:31:00,QFIN
24.89,24.92,24.869,24.89,2420,2021-04-19 14:32:00,QFIN
24.89,24.89,24.86,24.875,5137,2021-04-19 14:33:00,QFIN
24.875,24.97,24.86,24.97,15427,2021-04-19 14:34:00,QFIN
24.97,25.07,24.95,25.055,21240,2021-04-19 14:35:00,QFIN
25.055,25.055,24.9,24.9,6260,2021-04-19 14:36:00,QFIN
24.9,24.9599,24.85,24.92,1300,2021-04-19 14:37:00,QFIN
24.92,24.92,24.86,24.892,4300,2021-04-19 14:38:00,QFIN
24.885,24.98,24.885,24.92,16260,2021-04-19 14:39:00,QFIN
24.935,24.95,24.92,24.925,2401,2021-04-19 14:40:00,QFIN
24.925,24.96,24.92,24.93,2194,2021-04-19 14:41:00,QFIN
24.91,24.96,24.9,24.94,8166,2021-04-19 14:42:00,QFIN
24.935,24.97,24.935,24.96,2015,2021-04-19 14:43:00,QFIN
24.96,24.96,24.92,24.94,9054,2021-04-19 14:44:00,QFIN
24.95,24.96,24.89,24.91,8527,2021-04-19 14:45:00,QFIN
24.87,24.875,24.73,24.76,19716,2021-04-19 14:46:00,QFIN
24.78,24.8,24.51,24.545,19998,2021-04-19 14:47:00,QFIN
24.545,24.59,24.5,24.59,15593,2021-04-19 14:48:00,QFIN
24.59,24.64,24.58,24.62,5749,2021-04-19 14:49:00,QFIN
24.62,24.62,24.51,24.57,12004,2021-04-19 14:50:00,QFIN
24.58,24.64,24.54,24.62,4200,2021-04-19 14:51:00,QFIN
24.64,24.66,24.59,24.635,12629,2021-04-19 14:52:00,QFIN
24.63,24.63,24.605,24.63,2127,2021-04-19 14:53:00,QFIN
24.65,24.65,24.59,24.635,8910,2021-04-19 14:54:00,QFIN
24.6197,24.67,24.6197,24.65,970,2021-04-19 14:55:00,QFIN
24.68,24.68,24.64,24.65,5098,2021-04-19 14:56:00,QFIN
24.66,24.66,24.54,24.54,3355,2021-04-19 14:57:00,QFIN
24.54,24.54,24.4101,24.49,7538,2021-04-19 14:58:00,QFIN
24.45,24.47,24.3,24.355,11074,2021-04-19 14:59:00,QFIN
24.355,24.39,24.31,24.39,2935,2021-04-19 15:00:00,QFIN
24.4,24.435,24.39,24.415,5697,2021-04-19 15:01:00,QFIN
24.415,24.415,24.38,24.385,1734,2021-04-19 15:02:00,QFIN
24.38,24.4,24.2611,24.34,13973,2021-04-19 15:03:00,QFIN
24.345,24.4,24.3379,24.35,7400,2021-04-19 15:04:00,QFIN
24.35,24.41,24.33,24.41,9154,2021-04-19 15:05:00,QFIN
24.41,24.49,24.405,24.47,10259,2021-04-19 15:06:00,QFIN
24.48,24.595,24.48,24.5728,13135,2021-04-19 15:07:00,QFIN
24.605,24.62,24.58,24.62,6984,2021-04-19 15:08:00,QFIN
24.62,24.67,24.61,24.61,3069,2021-04-19 15:09:00,QFIN
24.6599,24.6599,24.53,24.62,6428,2021-04-19 15:10:00,QFIN
24.64,24.66,24.62,24.64,3704,2021-04-19 15:11:00,QFIN
24.62,24.66,24.6,24.66,3085,2021-04-19 15:12:00,QFIN
24.6557,24.66,24.46,24.48,6632,2021-04-19 15:13:00,QFIN
24.435,24.58,24.435,24.555,5739,2021-04-19 15:14:00,QFIN
24.605,24.65,24.6,24.6,2817,2021-04-19 15:15:00,QFIN
24.6,24.62,24.58,24.58,1183,2021-04-19 15:16:00,QFIN
24.58,24.58,24.4,24.535,8623,2021-04-19 15:17:00,QFIN
24.51,24.535,24.5,24.535,1805,2021-04-19 15:18:00,QFIN
24.53,24.535,24.5,24.51,1648,2021-04-19 15:19:00,QFIN
24.5,24.57,24.485,24.57,4880,2021-04-19 15:20:00,QFIN
24.58,24.6,24.54,24.56,3463,2021-04-19 15:21:00,QFIN
24.565,24.565,24.49,24.53,2428,2021-04-19 15:22:00,QFIN
24.49,24.52,24.44,24.44,2580,2021-04-19 15:23:00,QFIN
24.44,24.48,24.44,24.465,1682,2021-04-19 15:24:00,QFIN
24.46,24.47,24.41,24.41,846,2021-04-19 15:25:00,QFIN
24.435,24.56,24.41,24.55,8576,2021-04-19 15:26:00,QFIN
24.57,24.57,24.52,24.53,5205,2021-04-19 15:27:00,QFIN
24.5,24.54,24.49,24.54,4654,2021-04-19 15:28:00,QFIN
24.49,24.515,24.47,24.47,3052,2021-04-19 15:29:00,QFIN
24.47,24.5,24.41,24.45,6023,2021-04-19 15:30:00,QFIN
24.45,24.49,24.45,24.475,7367,2021-04-19 15:31:00,QFIN
24.48,24.51,24.48,24.5,4785,2021-04-19 15:32:00,QFIN
24.48,24.51,24.48,24.505,3752,2021-04-19 15:33:00,QFIN
24.51,24.55,24.51,24.53,1615,2021-04-19 15:34:00,QFIN
24.54,24.54,24.52,24.535,1300,2021-04-19 15:35:00,QFIN
24.54,24.58,24.54,24.58,4800,2021-04-19 15:36:00,QFIN
24.57,24.615,24.56,24.615,3288,2021-04-19 15:37:00,QFIN
24.64,24.64,24.6,24.61,800,2021-04-19 15:38:00,QFIN
24.64,24.64,24.6,24.635,2750,2021-04-19 15:39:00,QFIN
24.61,24.64,24.59,24.61,880,2021-04-19 15:40:00,QFIN
24.59,24.61,24.59,24.59,4143,2021-04-19 15:41:00,QFIN
24.6,24.605,24.56,24.57,2450,2021-04-19 15:42:00,QFIN
24.49,24.585,24.49,24.585,2606,2021-04-19 15:43:00,QFIN
24.61,24.61,24.56,24.56,700,2021-04-19 15:44:00,QFIN
24.56,24.61,24.55,24.595,1300,2021-04-19 15:45:00,QFIN
24.61,24.62,24.555,24.555,4393,2021-04-19 15:46:00,QFIN
24.5508,24.5508,24.52,24.52,817,2021-04-19 15:47:00,QFIN
24.555,24.57,24.52,24.57,1050,2021-04-19 15:48:00,QFIN
24.53,24.545,24.53,24.535,800,2021-04-19 15:49:00,QFIN
24.54,24.61,24.54,24.6,7845,2021-04-19 15:50:00,QFIN
24.59,24.65,24.59,24.63,5878,2021-04-19 15:51:00,QFIN
24.66,24.73,24.66,24.703,2500,2021-04-19 15:52:00,QFIN
24.7,24.73,24.7,24.73,1700,2021-04-19 15:53:00,QFIN
24.79,24.82,24.77,24.77,11145,2021-04-19 15:54:00,QFIN
24.78,24.78,24.78,24.78,100,2021-04-19 15:55:00,QFIN
24.76,24.815,24.75,24.815,4615,2021-04-19 15:56:00,QFIN
24.8162,24.84,24.785,24.81,1810,2021-04-19 15:57:00,QFIN
24.82,24.82,24.7501,24.7866,4005,2021-04-19 15:58:00,QFIN
24.819,24.88,24.77,24.88,7043,2021-04-19 15:59:00,QFIN
24.9,24.93,24.88,24.93,4413,2021-04-19 16:00:00,QFIN
24.95,24.97,24.92,24.92,5054,2021-04-19 16:01:00,QFIN
24.94,24.94,24.81,24.885,5251,2021-04-19 16:02:00,QFIN
24.885,24.892,24.86,24.892,669,2021-04-19 16:03:00,QFIN
24.88,24.88,24.72,24.8,5390,2021-04-19 16:04:00,QFIN
24.77,24.8,24.75,24.76,2340,2021-04-19 16:05:00,QFIN
24.76,24.76,24.76,24.76,100,2021-04-19 16:06:00,QFIN
24.78,24.84,24.78,24.8,1364,2021-04-19 16:07:00,QFIN
24.77,24.795,24.76,24.778,1500,2021-04-19 16:08:00,QFIN
24.8,24.8715,24.8,24.87,4502,2021-04-19 16:09:00,QFIN
24.87,24.88,24.87,24.875,800,2021-04-19 16:10:00,QFIN
24.86,24.89,24.85,24.85,2135,2021-04-19 16:11:00,QFIN
24.85,24.8719,24.84,24.87,3515,2021-04-19 16:12:00,QFIN
24.83,24.845,24.81,24.82,2414,2021-04-19 16:13:00,QFIN
24.79,24.84,24.79,24.83,1800,2021-04-19 16:14:00,QFIN
24.83,24.89,24.83,24.885,2879,2021-04-19 16:15:00,QFIN
24.885,24.9,24.87,24.87,2000,2021-04-19 16:16:00,QFIN
24.88,24.88,24.82,24.84,4508,2021-04-19 16:17:00,QFIN
24.76,24.815,24.76,24.78,1888,2021-04-19 16:18:00,QFIN
24.7867,24.79,24.74,24.755,2998,2021-04-19 16:19:00,QFIN
24.78,24.8,24.76,24.76,1100,2021-04-19 16:20:00,QFIN
24.775,24.82,24.76,24.81,2500,2021-04-19 16:21:00,QFIN
24.795,24.82,24.78,24.82,1100,2021-04-19 16:22:00,QFIN
24.81,24.82,24.8,24.82,1229,2021-04-19 16:23:00,QFIN
24.82,24.84,24.79,24.84,2802,2021-04-19 16:24:00,QFIN
24.8226,24.87,24.82,24.84,4807,2021-04-19 16:25:00,QFIN
24.835,24.85,24.835,24.85,900,2021-04-19 16:26:00,QFIN
24.8432,24.845,24.81,24.82,3514,2021-04-19 16:27:00,QFIN
24.805,24.805,24.765,24.765,1141,2021-04-19 16:28:00,QFIN
24.76,24.78,24.74,24.78,2650,2021-04-19 16:29:00,QFIN
24.78,24.8,24.76,24.775,2790,2021-04-19 16:30:00,QFIN
24.78,24.84,24.76,24.82,4217,2021-04-19 16:31:00,QFIN
24.825,24.855,24.82,24.855,1995,2021-04-19 16:32:00,QFIN
24.855,24.87,24.855,24.864,600,2021-04-19 16:33:00,QFIN
24.87,24.9,24.85,24.895,7725,2021-04-19 16:34:00,QFIN
24.895,24.93,24.895,24.9264,2710,2021-04-19 16:35:00,QFIN
24.92,24.94,24.91,24.93,3218,2021-04-19 16:36:00,QFIN
24.923,25.08,24.923,25.08,20361,2021-04-19 16:37:00,QFIN
25.08,25.13,25.06,25.123,3081,2021-04-19 16:38:00,QFIN
25.13,25.13,25.1,25.1,7258,2021-04-19 16:39:00,QFIN
25.1,25.1,25.01,25.03,4319,2021-04-19 16:40:00,QFIN
25.03,25.034,25.0,25.0,1720,2021-04-19 16:41:00,QFIN
25.01,25.045,25.0,25.045,3672,2021-04-19 16:42:00,QFIN
25.045,25.045,25.02,25.0301,1555,2021-04-19 16:43:00,QFIN
25.045,25.07,25.045,25.045,300,2021-04-19 16:44:00,QFIN
25.045,25.05,24.955,24.955,3340,2021-04-19 16:45:00,QFIN
24.92,24.945,24.92,24.945,400,2021-04-19 16:46:00,QFIN
24.965,24.99,24.95,24.99,4224,2021-04-19 16:47:00,QFIN
24.985,25.005,24.98,25.0,2000,2021-04-19 16:48:00,QFIN
25.0,25.01,24.995,25.0,4722,2021-04-19 16:49:00,QFIN
25.0,25.04,25.0,25.03,3594,2021-04-19 16:50:00,QFIN
25.0229,25.08,25.0229,25.08,2100,2021-04-19 16:51:00,QFIN
25.06,25.1,25.06,25.095,2739,2021-04-19 16:52:00,QFIN
25.09,25.15,25.08,25.135,10956,2021-04-19 16:53:00,QFIN
25.13,25.155,25.13,25.145,7959,2021-04-19 16:54:00,QFIN
25.16,25.18,25.15,25.1718,6159,2021-04-19 16:55:00,QFIN
25.18,25.4,25.18,25.36,30588,2021-04-19 16:56:00,QFIN
25.33,25.38,25.3,25.33,7594,2021-04-19 16:57:00,QFIN
25.38,25.38,25.33,25.335,2576,2021-04-19 16:58:00,QFIN
25.345,25.345,25.31,25.31,500,2021-04-19 16:59:00,QFIN
25.31,25.31,25.2118,25.255,2840,2021-04-19 17:00:00,QFIN
25.284,25.2999,25.22,25.245,1849,2021-04-19 17:01:00,QFIN
25.24,25.29,25.24,25.29,3919,2021-04-19 17:02:00,QFIN
25.2565,25.315,25.2565,25.315,2000,2021-04-19 17:03:00,QFIN
25.315,25.4299,25.315,25.4299,14994,2021-04-19 17:04:00,QFIN
25.44,25.499,25.415,25.49,17507,2021-04-19 17:05:00,QFIN
25.49,25.57,25.49,25.55,12474,2021-04-19 17:06:00,QFIN
25.55,25.59,25.53,25.545,19613,2021-04-19 17:07:00,QFIN
25.545,25.5693,25.54,25.545,13890,2021-04-19 17:08:00,QFIN
25.55,25.58,25.54,25.55,7080,2021-04-19 17:09:00,QFIN
25.55,25.58,25.54,25.5669,10268,2021-04-19 17:10:00,QFIN
25.56,25.56,25.54,25.56,9214,2021-04-19 17:11:00,QFIN
25.56,25.64,25.55,25.63,12458,2021-04-19 17:12:00,QFIN
25.63,25.68,25.63,25.67,8483,2021-04-19 17:13:00,QFIN
25.67,25.72,25.65,25.67,9507,2021-04-19 17:14:00,QFIN
25.665,25.76,25.66,25.72,5575,2021-04-19 17:15:00,QFIN
25.735,25.735,25.51,25.54,14954,2021-04-19 17:16:00,QFIN
25.52,25.63,25.45,25.47,11162,2021-04-19 17:17:00,QFIN
25.4501,25.455,25.35,25.4,2522,2021-04-19 17:18:00,QFIN
25.36,25.37,25.33,25.35,10001,2021-04-19 17:19:00,QFIN
25.355,25.38,25.355,25.38,1258,2021-04-19 17:20:00,QFIN
25.3518,25.41,25.3518,25.37,1904,2021-04-19 17:21:00,QFIN
25.38,25.38,25.23,25.3192,5167,2021-04-19 17:22:00,QFIN
25.315,25.315,25.315,25.315,100,2021-04-19 17:23:00,QFIN
25.33,25.41,25.33,25.36,1676,2021-04-19 17:24:00,QFIN
25.365,25.365,25.365,25.365,100,2021-04-19 17:25:00,QFIN
25.41,25.47,25.37,25.47,4700,2021-04-19 17:26:00,QFIN
25.455,25.505,25.405,25.405,4127,2021-04-19 17:27:00,QFIN
25.405,25.45,25.36,25.36,350,2021-04-19 17:28:00,QFIN
25.395,25.42,25.36,25.36,3598,2021-04-19 17:29:00,QFIN
25.32,25.355,25.32,25.355,900,2021-04-19 17:30:00,QFIN
25.35,25.35,25.21,25.28,2253,2021-04-19 17:31:00,QFIN
25.24,25.34,25.24,25.28,6249,2021-04-19 17:32:00,QFIN
25.2801,25.34,25.2801,25.315,2100,2021-04-19 17:33:00,QFIN
25.32,25.33,25.25,25.31,8300,2021-04-19 17:34:00,QFIN
25.33,25.4,25.33,25.4,2200,2021-04-19 17:35:00,QFIN
25.395,25.51,25.351,25.4521,23075,2021-04-19 17:36:00,QFIN
25.51,25.55,25.475,25.525,6090,2021-04-19 17:37:00,QFIN
25.55,25.57,25.53,25.57,2100,2021-04-19 17:38:00,QFIN
25.575,25.62,25.575,25.575,1500,2021-04-19 17:39:00,QFIN
25.56,25.6,25.52,25.525,3050,2021-04-19 17:40:00,QFIN
25.5335,25.5335,25.45,25.45,2515,2021-04-19 17:41:00,QFIN
25.45,25.53,25.45,25.51,2100,2021-04-19 17:42:00,QFIN
25.54,25.55,25.51,25.525,800,2021-04-19 17:43:00,QFIN
25.54,25.68,25.5,25.645,12138,2021-04-19 17:44:00,QFIN
25.64,25.67,25.57,25.59,6581,2021-04-19 17:45:00,QFIN
25.59,25.67,25.57,25.67,3073,2021-04-19 17:46:00,QFIN
25.69,25.69,25.6301,25.6554,3346,2021-04-19 17:47:00,QFIN
25.66,25.79,25.65,25.7792,13293,2021-04-19 17:48:00,QFIN
25.8,25.87,25.75,25.75,12934,2021-04-19 17:49:00,QFIN
25.74,25.79,25.65,25.65,4800,2021-04-19 17:50:00,QFIN
25.68,25.7,25.6,25.67,8437,2021-04-19 17:51:00,QFIN
25.66,25.66,25.58,25.61,4104,2021-04-19 17:52:00,QFIN
25.57,25.69,25.57,25.66,8400,2021-04-19 17:53:00,QFIN
25.69,25.69,25.66,25.675,3588,2021-04-19 17:54:00,QFIN
25.675,25.675,25.65,25.675,1700,2021-04-19 17:55:00,QFIN
25.66,25.69,25.66,25.68,1671,2021-04-19 17:56:00,QFIN
25.68,25.7,25.66,25.68,3817,2021-04-19 17:57:00,QFIN
25.655,25.71,25.63,25.71,1450,2021-04-19 17:58:00,QFIN
25.7,25.77,25.7,25.755,4077,2021-04-19 17:59:00,QFIN
25.76,25.78,25.73,25.745,12712,2021-04-19 18:00:00,QFIN
25.745,25.79,25.745,25.78,2907,2021-04-19 18:01:00,QFIN
25.78,25.78,25.78,25.78,500,2021-04-19 18:02:00,QFIN
25.8,25.83,25.8,25.83,1744,2021-04-19 18:03:00,QFIN
25.82,25.88,25.82,25.855,6857,2021-04-19 18:04:00,QFIN
25.8398,25.855,25.7601,25.81,2710,2021-04-19 18:05:00,QFIN
25.81,25.81,25.7601,25.785,1921,2021-04-19 18:06:00,QFIN
25.81,25.81,25.66,25.6838,8614,2021-04-19 18:07:00,QFIN
25.685,25.73,25.6531,25.73,5913,2021-04-19 18:08:00,QFIN
25.73,25.73,25.7,25.7,1400,2021-04-19 18:09:00,QFIN
25.72,25.755,25.7,25.745,4371,2021-04-19 18:10:00,QFIN
25.76,25.76,25.685,25.71,1000,2021-04-19 18:11:00,QFIN
25.74,25.74,25.72,25.72,300,2021-04-19 18:12:00,QFIN
25.75,25.77,25.73,25.74,2800,2021-04-19 18:13:00,QFIN
25.745,25.76,25.675,25.7,2444,2021-04-19 18:14:00,QFIN
25.7,25.72,25.695,25.72,900,2021-04-19 18:15:00,QFIN
25.72,25.73,25.69,25.73,2100,2021-04-19 18:16:00,QFIN
25.715,25.7501,25.69,25.73,4652,2021-04-19 18:17:00,QFIN
25.75,25.78,25.75,25.77,638,2021-04-19 18:18:00,QFIN
25.8,25.83,25.8,25.8126,2300,2021-04-19 18:19:00,QFIN
25.81,25.84,25.79,25.8,2610,2021-04-19 18:20:00,QFIN
25.81,25.835,25.8,25.8299,1362,2021-04-19 18:21:00,QFIN
25.7901,25.85,25.7901,25.8278,1148,2021-04-19 18:22:00,QFIN
25.85,25.85,25.74,25.75,2776,2021-04-19 18:23:00,QFIN
25.76,25.79,25.73,25.74,11270,2021-04-19 18:24:00,QFIN
25.745,25.79,25.72,25.73,6603,2021-04-19 18:25:00,QFIN
25.73,25.73,25.7,25.7,2169,2021-04-19 18:26:00,QFIN
25.66,25.66,25.59,25.59,3150,2021-04-19 18:27:00,QFIN
25.58,25.59,25.48,25.48,12600,2021-04-19 18:28:00,QFIN
25.47,25.475,25.385,25.4,4372,2021-04-19 18:29:00,QFIN
25.4,25.45,25.4,25.41,6510,2021-04-19 18:30:00,QFIN
25.41,25.425,25.4,25.4,837,2021-04-19 18:31:00,QFIN
25.375,25.375,25.33,25.33,4615,2021-04-19 18:32:00,QFIN
25.33,25.33,25.28,25.32,918,2021-04-19 18:33:00,QFIN
25.305,25.33,25.305,25.33,1000,2021-04-19 18:34:00,QFIN
25.3,25.33,25.3,25.33,500,2021-04-19 18:35:00,QFIN
25.325,25.33,25.295,25.295,1579,2021-04-19 18:36:00,QFIN
25.3,25.35,25.2803,25.35,5774,2021-04-19 18:37:00,QFIN
25.35,25.41,25.35,25.375,3624,2021-04-19 18:38:00,QFIN
25.37,25.38,25.33,25.36,14859,2021-04-19 18:39:00,QFIN
25.36,25.36,25.28,25.335,5159,2021-04-19 18:40:00,QFIN
25.335,25.36,25.32,25.345,1638,2021-04-19 18:41:00,QFIN
25.345,25.345,25.34,25.345,977,2021-04-19 18:42:00,QFIN
25.37,25.47,25.345,25.47,5352,2021-04-19 18:43:00,QFIN
25.46,25.46,25.39,25.39,1600,2021-04-19 18:44:00,QFIN
25.3683,25.48,25.3683,25.44,7132,2021-04-19 18:45:00,QFIN
25.465,25.47,25.44,25.458,500,2021-04-19 18:46:00,QFIN
25.47,25.51,25.45,25.45,4721,2021-04-19 18:47:00,QFIN
25.43,25.5,25.43,25.48,2017,2021-04-19 18:48:00,QFIN
25.498,25.5,25.42,25.43,3700,2021-04-19 18:49:00,QFIN
25.44,25.47,25.43,25.47,3260,2021-04-19 18:50:00,QFIN
25.47,25.6,25.47,25.555,5253,2021-04-19 18:51:00,QFIN
25.541,25.56,25.5324,25.56,2672,2021-04-19 18:52:00,QFIN
25.53,25.53,25.43,25.51,1493,2021-04-19 18:53:00,QFIN
25.51,25.59,25.51,25.59,2252,2021-04-19 18:54:00,QFIN
25.585,25.585,25.55,25.57,1400,2021-04-19 18:55:00,QFIN
25.56,25.61,25.56,25.575,3800,2021-04-19 18:56:00,QFIN
25.56,25.6,25.56,25.5804,550,2021-04-19 18:57:00,QFIN
25.59,25.615,25.56,25.56,3651,2021-04-19 18:58:00,QFIN
25.53,25.53,25.53,25.53,866,2021-04-19 18:59:00,QFIN
25.53,25.54,25.49,25.515,2194,2021-04-19 19:00:00,QFIN
25.5,25.55,25.49,25.49,11700,2021-04-19 19:01:00,QFIN
25.49,25.49,25.3801,25.3801,4172,2021-04-19 19:02:00,QFIN
25.39,25.44,25.39,25.44,1451,2021-04-19 19:03:00,QFIN
25.46,25.55,25.46,25.52,8010,2021-04-19 19:04:00,QFIN
25.525,25.525,25.51,25.51,225,2021-04-19 19:05:00,QFIN
25.55,25.57,25.54,25.54,1666,2021-04-19 19:06:00,QFIN
25.56,25.56,25.51,25.51,1212,2021-04-19 19:07:00,QFIN
25.55,25.5711,25.55,25.5531,2129,2021-04-19 19:08:00,QFIN
25.555,25.58,25.555,25.57,3000,2021-04-19 19:09:00,QFIN
25.57,25.58,25.505,25.54,1713,2021-04-19 19:10:00,QFIN
25.54,25.575,25.54,25.575,3331,2021-04-19 19:11:00,QFIN
25.58,25.58,25.5,25.53,1800,2021-04-19 19:12:00,QFIN
25.52,25.5425,25.51,25.5425,600,2021-04-19 19:13:00,QFIN
25.51,25.54,25.51,25.54,300,2021-04-19 19:14:00,QFIN
25.54,25.585,25.54,25.57,3762,2021-04-19 19:15:00,QFIN
25.575,25.58,25.56,25.56,3200,2021-04-19 19:16:00,QFIN
25.55,25.55,25.48,25.48,1200,2021-04-19 19:17:00,QFIN
25.5599,25.57,25.515,25.565,3845,2021-04-19 19:18:00,QFIN
25.565,25.58,25.54,25.56,2536,2021-04-19 19:19:00,QFIN
25.555,25.63,25.55,25.55,10492,2021-04-19 19:20:00,QFIN
25.575,25.63,25.5501,25.63,5073,2021-04-19 19:21:00,QFIN
25.61,25.62,25.59,25.62,3872,2021-04-19 19:22:00,QFIN
25.63,25.63,25.59,25.59,1900,2021-04-19 19:23:00,QFIN
25.59,25.59,25.54,25.54,2974,2021-04-19 19:24:00,QFIN
25.555,25.555,25.4,25.425,10590,2021-04-19 19:25:00,QFIN
25.44,25.51,25.44,25.51,5483,2021-04-19 19:26:00,QFIN
25.51,25.52,25.4704,25.495,1050,2021-04-19 19:27:00,QFIN
25.4804,25.62,25.4804,25.62,4474,2021-04-19 19:28:00,QFIN
25.585,25.66,25.55,25.55,5156,2021-04-19 19:29:00,QFIN
25.575,25.6,25.53,25.53,2200,2021-04-19 19:30:00,QFIN
25.55,25.55,25.43,25.48,4500,2021-04-19 19:31:00,QFIN
25.51,25.51,25.45,25.48,8350,2021-04-19 19:32:00,QFIN
25.49,25.49,25.45,25.455,2737,2021-04-19 19:33:00,QFIN
25.46,25.49,25.447,25.447,5333,2021-04-19 19:34:00,QFIN
25.47,25.48,25.465,25.465,1061,2021-04-19 19:35:00,QFIN
25.465,25.48,25.465,25.48,600,2021-04-19 19:36:00,QFIN
25.47,25.47,25.435,25.45,6264,2021-04-19 19:37:00,QFIN
25.45,25.49,25.45,25.48,6179,2021-04-19 19:38:00,QFIN
25.47,25.485,25.46,25.485,3443,2021-04-19 19:39:00,QFIN
25.48,25.485,25.47,25.475,3017,2021-04-19 19:40:00,QFIN
25.48,25.48,25.44,25.46,1800,2021-04-19 19:41:00,QFIN
25.46,25.49,25.42,25.44,9968,2021-04-19 19:42:00,QFIN
25.4336,25.45,25.4336,25.45,600,2021-04-19 19:43:00,QFIN
25.45,25.46,25.41,25.41,5854,2021-04-19 19:44:00,QFIN
25.41,25.41,25.4,25.4095,7400,2021-04-19 19:45:00,QFIN
25.42,25.42,25.4,25.405,4661,2021-04-19 19:46:00,QFIN
25.41,25.49,25.41,25.44,16140,2021-04-19 19:47:00,QFIN
25.435,25.45,25.42,25.435,1275,2021-04-19 19:48:00,QFIN
25.45,25.45,25.36,25.42,3955,2021-04-19 19:49:00,QFIN
25.39,25.39,25.32,25.35,4859,2021-04-19 19:50:00,QFIN
25.37,25.37,25.29,25.31,4962,2021-04-19 19:51:00,QFIN
25.34,25.39,25.32,25.32,8324,2021-04-19 19:52:00,QFIN
25.33,25.34,25.28,25.315,3994,2021-04-19 19:53:00,QFIN
25.315,25.325,25.22,25.235,16264,2021-04-19 19:54:00,QFIN
25.235,25.28,25.2,25.265,16068,2021-04-19 19:55:00,QFIN
25.27,25.29,25.24,25.29,12628,2021-04-19 19:56:00,QFIN
25.29,25.33,25.285,25.33,16410,2021-04-19 19:57:00,QFIN
25.32,25.335,25.31,25.32,13660,2021-04-19 19:58:00,QFIN
25.32,25.34,25.29,25.33,14145,2021-04-19 19:59:00,QFIN
25.32,25.32,25.32,25.32,76081,2021-04-19 20:00:00,QFIN
25.3401,25.3401,25.3401,25.3401,999,2021-04-19 23:08:00,QFIN
25.34,25.34,25.34,25.34,100,2021-04-19 23:30:00,QFIN
25.4,25.4,25.4,25.4,200,2021-04-20 09:37:00,QFIN
25.4,25.4,25.4,25.4,100,2021-04-20 09:38:00,QFIN
25.32,25.32,25.32,25.32,100,2021-04-20 12:49:00,QFIN
25.05,25.05,25.05,25.05,133,2021-04-20 13:06:00,QFIN
25.05,25.05,25.05,25.05,200,2021-04-20 13:07:00,QFIN
25.32,25.32,25.32,25.32,200,2021-04-20 13:15:00,QFIN
25.01,25.03,25.0,25.0,1800,2021-04-20 13:28:00,QFIN
24.94,25.05,24.81,25.04,25941,2021-04-20 13:30:00,QFIN
24.95,25.02,24.8,24.87,6819,2021-04-20 13:31:00,QFIN
24.81,24.9599,24.1101,24.27,25944,2021-04-20 13:32:00,QFIN
24.28,24.64,24.25,24.47,8978,2021-04-20 13:33:00,QFIN
24.57,24.73,24.4,24.73,3805,2021-04-20 13:34:00,QFIN
24.56,24.76,24.56,24.73,1746,2021-04-20 13:35:00,QFIN
24.78,24.89,24.65,24.66,6990,2021-04-20 13:36:00,QFIN
24.65,24.785,24.59,24.785,5065,2021-04-20 13:37:00,QFIN
24.79,24.9,24.73,24.9,9450,2021-04-20 13:38:00,QFIN
24.9,24.9,24.72,24.78,11050,2021-04-20 13:39:00,QFIN
24.75,24.75,24.61,24.61,6783,2021-04-20 13:40:00,QFIN
24.62,24.62,24.43,24.45,20627,2021-04-20 13:41:00,QFIN
24.41,24.43,24.33,24.33,8152,2021-04-20 13:42:00,QFIN
24.32,24.32,24.11,24.2099,11827,2021-04-20 13:43:00,QFIN
24.09,24.28,24.07,24.28,4526,2021-04-20 13:44:00,QFIN
24.29,24.51,24.28,24.5,1763,2021-04-20 13:45:00,QFIN
24.4264,24.5,24.4264,24.45,965,2021-04-20 13:46:00,QFIN
24.49,24.66,24.49,24.61,5481,2021-04-20 13:47:00,QFIN
24.6599,24.6599,24.56,24.59,2200,2021-04-20 13:48:00,QFIN
24.59,24.68,24.59,24.68,900,2021-04-20 13:49:00,QFIN
24.725,24.725,24.625,24.625,500,2021-04-20 13:50:00,QFIN
24.68,24.71,24.49,24.52,8726,2021-04-20 13:51:00,QFIN
24.43,24.57,24.42,24.48,4436,2021-04-20 13:52:00,QFIN
24.53,24.71,24.53,24.71,4149,2021-04-20 13:53:00,QFIN
24.7,24.74,24.66,24.66,19037,2021-04-20 13:54:00,QFIN
24.74,24.77,24.42,24.49,21126,2021-04-20 13:55:00,QFIN
24.5,24.5,24.39,24.41,1757,2021-04-20 13:56:00,QFIN
24.4,24.4,24.29,24.3578,2944,2021-04-20 13:57:00,QFIN
24.3,24.38,24.3,24.36,3199,2021-04-20 13:58:00,QFIN
24.3,24.36,24.25,24.25,2863,2021-04-20 13:59:00,QFIN
24.28,24.35,24.25,24.29,13314,2021-04-20 14:00:00,QFIN
24.27,24.295,24.22,24.24,2300,2021-04-20 14:01:00,QFIN
24.22,24.28,24.2,24.28,8068,2021-04-20 14:02:00,QFIN
24.245,24.31,24.23,24.26,6961,2021-04-20 14:03:00,QFIN
24.23,24.28,24.07,24.07,16334,2021-04-20 14:04:00,QFIN
24.095,24.14,24.06,24.07,12006,2021-04-20 14:05:00,QFIN
24.07,24.185,24.0,24.07,15208,2021-04-20 14:06:00,QFIN
24.0,24.04,23.97,24.02,11472,2021-04-20 14:07:00,QFIN
24.001,24.02,23.81,23.92,17615,2021-04-20 14:08:00,QFIN
23.92,23.92,23.88,23.915,2500,2021-04-20 14:09:00,QFIN
23.91,23.92,23.81,23.9,5858,2021-04-20 14:10:00,QFIN
23.8101,23.855,23.8,23.81,2065,2021-04-20 14:11:00,QFIN
23.825,23.85,23.82,23.84,3519,2021-04-20 14:12:00,QFIN
23.82,23.86,23.8,23.84,17672,2021-04-20 14:13:00,QFIN
23.82,23.82,23.48,23.57,31103,2021-04-20 14:14:00,QFIN
23.535,23.57,23.5001,23.525,7252,2021-04-20 14:15:00,QFIN
23.5,23.505,23.44,23.4999,4697,2021-04-20 14:16:00,QFIN
23.47,23.51,23.4596,23.48,6819,2021-04-20 14:17:00,QFIN
23.501,23.51,23.475,23.475,1300,2021-04-20 14:18:00,QFIN
23.46,23.475,23.23,23.23,10894,2021-04-20 14:19:00,QFIN
23.295,23.34,23.2443,23.32,13682,2021-04-20 14:20:00,QFIN
23.32,23.34,23.308,23.32,6264,2021-04-20 14:21:00,QFIN
23.32,23.36,23.29,23.325,8542,2021-04-20 14:22:00,QFIN
23.32,23.51,23.32,23.51,7537,2021-04-20 14:23:00,QFIN
23.53,23.66,23.53,23.59,4663,2021-04-20 14:24:00,QFIN
23.65,23.7499,23.595,23.7052,3165,2021-04-20 14:25:00,QFIN
23.74,23.7499,23.67,23.67,2990,2021-04-20 14:26:00,QFIN
23.716,23.86,23.716,23.77,10736,2021-04-20 14:27:00,QFIN
23.8,23.8624,23.67,23.8624,3728,2021-04-20 14:28:00,QFIN
23.8062,23.8586,23.8062,23.8586,826,2021-04-20 14:29:00,QFIN
23.8,23.8,23.58,23.62,8855,2021-04-20 14:30:00,QFIN
23.7,23.7,23.56,23.57,5313,2021-04-20 14:31:00,QFIN
23.53,23.57,23.43,23.445,4298,2021-04-20 14:32:00,QFIN
23.42,23.48,23.35,23.35,4613,2021-04-20 14:33:00,QFIN
23.35,23.37,23.21,23.225,22573,2021-04-20 14:34:00,QFIN
23.22,23.22,23.12,23.16,25691,2021-04-20 14:35:00,QFIN
23.14,23.32,23.12,23.32,13907,2021-04-20 14:36:00,QFIN
23.33,23.38,23.31,23.355,5696,2021-04-20 14:37:00,QFIN
23.32,23.425,23.29,23.425,8456,2021-04-20 14:38:00,QFIN
23.425,23.4459,23.33,23.33,8209,2021-04-20 14:39:00,QFIN
23.37,23.37,23.28,23.365,3646,2021-04-20 14:40:00,QFIN
23.35,23.35,23.28,23.31,4235,2021-04-20 14:41:00,QFIN
23.2937,23.33,23.2937,23.32,2585,2021-04-20 14:42:00,QFIN
23.29,23.37,23.2,23.23,10496,2021-04-20 14:43:00,QFIN
23.19,23.22,23.15,23.195,2833,2021-04-20 14:44:00,QFIN
23.2,23.22,23.14,23.16,7837,2021-04-20 14:45:00,QFIN
23.15,23.35,23.1016,23.35,40675,2021-04-20 14:46:00,QFIN
23.37,23.38,23.26,23.31,4352,2021-04-20 14:47:00,QFIN
23.31,23.36,23.28,23.36,2136,2021-04-20 14:48:00,QFIN
23.34,23.38,23.3,23.34,11410,2021-04-20 14:49:00,QFIN
23.2811,23.51,23.2001,23.509,14468,2021-04-20 14:50:00,QFIN
23.51,23.51,23.39,23.39,1885,2021-04-20 14:51:00,QFIN
23.31,23.3639,23.26,23.35,10107,2021-04-20 14:52:00,QFIN
23.35,23.39,23.32,23.38,1799,2021-04-20 14:53:00,QFIN
23.35,23.3705,23.32,23.32,1950,2021-04-20 14:54:00,QFIN
23.31,23.335,23.25,23.25,5840,2021-04-20 14:55:00,QFIN
23.27,23.31,23.25,23.28,3616,2021-04-20 14:56:00,QFIN
23.24,23.43,23.24,23.39,2400,2021-04-20 14:57:00,QFIN
23.39,23.39,23.37,23.385,1000,2021-04-20 14:58:00,QFIN
23.36,23.4,23.35,23.38,1337,2021-04-20 14:59:00,QFIN
23.39,23.44,23.39,23.44,721,2021-04-20 15:00:00,QFIN
23.48,23.48,23.435,23.435,800,2021-04-20 15:01:00,QFIN
23.47,23.47,23.35,23.35,2776,2021-04-20 15:02:00,QFIN
23.335,23.46,23.335,23.42,3752,2021-04-20 15:03:00,QFIN
23.43,23.48,23.375,23.45,1930,2021-04-20 15:04:00,QFIN
23.4,23.45,23.36,23.45,1384,2021-04-20 15:05:00,QFIN
23.45,23.47,23.36,23.38,1572,2021-04-20 15:06:00,QFIN
23.39,23.47,23.33,23.41,15690,2021-04-20 15:07:00,QFIN
23.41,23.41,23.35,23.37,1900,2021-04-20 15:08:00,QFIN
23.342,23.38,23.29,23.325,8442,2021-04-20 15:09:00,QFIN
23.34,23.34,23.27,23.31,2715,2021-04-20 15:10:00,QFIN
23.36,23.36,23.24,23.25,2200,2021-04-20 15:11:00,QFIN
23.22,23.24,23.14,23.2,7375,2021-04-20 15:12:00,QFIN
23.2,23.235,23.2,23.235,700,2021-04-20 15:13:00,QFIN
23.23,23.23,23.23,23.23,100,2021-04-20 15:14:00,QFIN
23.21,23.21,23.17,23.17,900,2021-04-20 15:15:00,QFIN
23.13,23.2,23.06,23.08,19390,2021-04-20 15:16:00,QFIN
23.095,23.14,23.01,23.09,12706,2021-04-20 15:17:00,QFIN
23.088,23.1,23.02,23.1,3600,2021-04-20 15:18:00,QFIN
23.05,23.17,23.05,23.17,6152,2021-04-20 15:19:00,QFIN
23.135,23.2,23.1,23.155,4925,2021-04-20 15:20:00,QFIN
23.2,23.25,23.15,23.185,2980,2021-04-20 15:21:00,QFIN
23.15,23.1958,23.14,23.1958,5145,2021-04-20 15:22:00,QFIN
23.18,23.23,23.18,23.23,4207,2021-04-20 15:23:00,QFIN
23.23,23.23,23.19,23.23,400,2021-04-20 15:24:00,QFIN
23.19,23.34,23.18,23.3,19823,2021-04-20 15:25:00,QFIN
23.26,23.43,23.26,23.43,12477,2021-04-20 15:26:00,QFIN
23.41,23.528,23.34,23.42,22498,2021-04-20 15:27:00,QFIN
23.475,23.54,23.46,23.5,4428,2021-04-20 15:28:00,QFIN
23.51,23.61,23.45,23.505,16973,2021-04-20 15:29:00,QFIN
23.505,23.505,23.37,23.425,7200,2021-04-20 15:30:00,QFIN
23.425,23.425,23.365,23.365,7230,2021-04-20 15:31:00,QFIN
23.41,23.45,23.395,23.395,3356,2021-04-20 15:33:00,QFIN
23.395,23.45,23.33,23.415,10044,2021-04-20 15:34:00,QFIN
23.375,23.41,23.22,23.225,39763,2021-04-20 15:35:00,QFIN
23.23,23.23,23.1791,23.18,5200,2021-04-20 15:36:00,QFIN
23.16,23.205,23.16,23.18,11837,2021-04-20 15:37:00,QFIN
23.19,23.19,23.14,23.14,11438,2021-04-20 15:38:00,QFIN
23.16,23.23,23.16,23.22,5127,2021-04-20 15:39:00,QFIN
23.22,23.2462,23.22,23.2462,431,2021-04-20 15:40:00,QFIN
23.26,23.32,23.26,23.28,5263,2021-04-20 15:41:00,QFIN
23.27,23.28,23.21,23.24,1202,2021-04-20 15:42:00,QFIN
23.23,23.29,23.2,23.2,1608,2021-04-20 15:43:00,QFIN
23.19,23.23,23.15,23.22,4300,2021-04-20 15:44:00,QFIN
23.22,23.22,23.2123,23.22,1090,2021-04-20 15:45:00,QFIN
23.22,23.31,23.18,23.29,1606,2021-04-20 15:46:00,QFIN
23.29,23.41,23.29,23.41,3408,2021-04-20 15:47:00,QFIN
23.355,23.4,23.29,23.4,8563,2021-04-20 15:48:00,QFIN
23.36,23.4,23.36,23.4,728,2021-04-20 15:49:00,QFIN
23.405,23.43,23.39,23.43,3323,2021-04-20 15:50:00,QFIN
23.405,23.41,23.405,23.41,400,2021-04-20 15:51:00,QFIN
23.37,23.375,23.25,23.25,8640,2021-04-20 15:52:00,QFIN
23.27,23.34,23.235,23.3101,8694,2021-04-20 15:53:00,QFIN
23.375,23.43,23.37,23.39,1150,2021-04-20 15:54:00,QFIN
23.42,23.42,23.41,23.415,830,2021-04-20 15:55:00,QFIN
23.45,23.47,23.4,23.4,4950,2021-04-20 15:56:00,QFIN
23.45,23.45,23.42,23.44,1600,2021-04-20 15:57:00,QFIN
23.4692,23.4692,23.41,23.45,1213,2021-04-20 15:58:00,QFIN
23.42,23.43,23.42,23.43,500,2021-04-20 15:59:00,QFIN
23.435,23.435,23.435,23.435,418,2021-04-20 16:00:00,QFIN
23.43,23.43,23.3755,23.42,1301,2021-04-20 16:01:00,QFIN
23.37,23.43,23.36,23.4,3000,2021-04-20 16:02:00,QFIN
23.43,23.43,23.43,23.43,1000,2021-04-20 16:03:00,QFIN
23.43,23.44,23.43,23.44,258,2021-04-20 16:04:00,QFIN
23.45,23.48,23.44,23.44,2690,2021-04-20 16:05:00,QFIN
23.44,23.445,23.44,23.445,1160,2021-04-20 16:06:00,QFIN
23.42,23.45,23.42,23.435,700,2021-04-20 16:07:00,QFIN
23.44,23.445,23.4254,23.445,700,2021-04-20 16:09:00,QFIN
23.445,23.47,23.445,23.47,298,2021-04-20 16:10:00,QFIN
23.45,23.5594,23.445,23.5594,5317,2021-04-20 16:11:00,QFIN
23.5,23.56,23.5,23.55,1906,2021-04-20 16:12:00,QFIN
23.55,23.62,23.54,23.56,14685,2021-04-20 16:13:00,QFIN
23.575,23.62,23.56,23.61,1859,2021-04-20 16:14:00,QFIN
23.6,23.63,23.588,23.63,3135,2021-04-20 16:15:00,QFIN
23.57,23.58,23.53,23.555,5777,2021-04-20 16:16:00,QFIN
23.57,23.57,23.57,23.57,100,2021-04-20 16:17:00,QFIN
23.575,23.6,23.575,23.575,764,2021-04-20 16:18:00,QFIN
23.575,23.6,23.5,23.5,11200,2021-04-20 16:19:00,QFIN
23.52,23.63,23.52,23.62,1886,2021-04-20 16:20:00,QFIN
23.63,23.68,23.61,23.615,6570,2021-04-20 16:21:00,QFIN
23.6,23.65,23.6,23.65,3748,2021-04-20 16:22:00,QFIN
23.65,23.71,23.6415,23.7,2700,2021-04-20 16:23:00,QFIN
23.685,23.73,23.67,23.73,3544,2021-04-20 16:24:00,QFIN
23.69,23.789,23.68,23.76,7035,2021-04-20 16:25:00,QFIN
23.77,23.79,23.73,23.73,14057,2021-04-20 16:26:00,QFIN
23.73,23.7525,23.73,23.7525,7871,2021-04-20 16:27:00,QFIN
23.78,23.78,23.72,23.74,5484,2021-04-20 16:28:00,QFIN
23.75,23.78,23.75,23.78,438,2021-04-20 16:29:00,QFIN
23.745,23.78,23.745,23.75,500,2021-04-20 16:30:00,QFIN
23.7562,23.78,23.74,23.75,2052,2021-04-20 16:31:00,QFIN
23.7682,23.84,23.685,23.685,34871,2021-04-20 16:32:00,QFIN
23.68,23.71,23.67,23.675,1536,2021-04-20 16:33:00,QFIN
23.675,23.675,23.63,23.65,4360,2021-04-20 16:34:00,QFIN
23.61,23.63,23.555,23.63,4804,2021-04-20 16:35:00,QFIN
23.63,23.68,23.62,23.655,9435,2021-04-20 16:36:00,QFIN
23.66,23.8,23.65,23.73,16055,2021-04-20 16:37:00,QFIN
23.74,23.776,23.71,23.776,6679,2021-04-20 16:38:00,QFIN
23.755,23.77,23.73,23.76,2125,2021-04-20 16:39:00,QFIN
23.74,23.76,23.74,23.74,500,2021-04-20 16:40:00,QFIN
23.74,23.74,23.72,23.72,700,2021-04-20 16:41:00,QFIN
23.72,23.75,23.7,23.7,1467,2021-04-20 16:42:00,QFIN
23.73,23.76,23.73,23.76,400,2021-04-20 16:43:00,QFIN
23.74,23.77,23.73,23.75,2040,2021-04-20 16:44:00,QFIN
23.77,23.81,23.77,23.81,2605,2021-04-20 16:45:00,QFIN
23.81,23.84,23.81,23.81,900,2021-04-20 16:46:00,QFIN
23.81,23.83,23.78,23.81,800,2021-04-20 16:47:00,QFIN
23.84,23.85,23.8301,23.8301,1179,2021-04-20 16:48:00,QFIN
23.8815,23.9,23.8307,23.9,310,2021-04-20 16:49:00,QFIN
23.875,23.875,23.81,23.87,1500,2021-04-20 16:50:00,QFIN
23.835,23.88,23.835,23.88,2100,2021-04-20 16:51:00,QFIN
23.875,23.8874,23.85,23.86,3500,2021-04-20 16:52:00,QFIN
23.855,23.87,23.81,23.8699,5473,2021-04-20 16:53:00,QFIN
23.8359,23.89,23.8359,23.88,10495,2021-04-20 16:54:00,QFIN
23.84,23.9,23.84,23.8876,9401,2021-04-20 16:55:00,QFIN
23.9,23.9,23.8,23.8394,9206,2021-04-20 16:56:00,QFIN
23.84,23.84,23.815,23.815,1375,2021-04-20 16:57:00,QFIN
23.839,23.89,23.839,23.89,7993,2021-04-20 16:58:00,QFIN
23.88,23.89,23.86,23.88,1000,2021-04-20 16:59:00,QFIN
23.88,23.88,23.8296,23.87,7126,2021-04-20 17:00:00,QFIN
23.88,23.88,23.82,23.84,1600,2021-04-20 17:01:00,QFIN
23.82,23.84,23.78,23.79,2300,2021-04-20 17:02:00,QFIN
23.77,23.8,23.76,23.7849,1996,2021-04-20 17:03:00,QFIN
23.81,23.84,23.8,23.84,1200,2021-04-20 17:04:00,QFIN
23.85,23.865,23.805,23.86,5987,2021-04-20 17:05:00,QFIN
23.87,23.87,23.83,23.85,1210,2021-04-20 17:06:00,QFIN
23.85,23.85,23.795,23.835,2509,2021-04-20 17:07:00,QFIN
23.83,23.83,23.83,23.83,100,2021-04-20 17:08:00,QFIN
23.84,23.84,23.7896,23.805,1980,2021-04-20 17:09:00,QFIN
23.79,23.81,23.76,23.81,5500,2021-04-20 17:10:00,QFIN
23.81,23.84,23.81,23.83,2000,2021-04-20 17:11:00,QFIN
23.82,23.865,23.82,23.865,4225,2021-04-20 17:12:00,QFIN
23.865,23.915,23.865,23.8975,2440,2021-04-20 17:13:00,QFIN
23.915,23.932,23.89,23.89,5300,2021-04-20 17:14:00,QFIN
23.905,23.94,23.905,23.94,5200,2021-04-20 17:15:00,QFIN
23.92,23.92,23.9,23.9,1200,2021-04-20 17:16:00,QFIN
23.925,23.925,23.92,23.92,300,2021-04-20 17:17:00,QFIN
23.94,23.98,23.93,23.93,2988,2021-04-20 17:18:00,QFIN
23.95,23.95,23.95,23.95,100,2021-04-20 17:19:00,QFIN
23.93,23.93,23.9,23.925,1300,2021-04-20 17:20:00,QFIN
23.95,23.95,23.885,23.885,970,2021-04-20 17:21:00,QFIN
23.91,23.91,23.88,23.88,400,2021-04-20 17:22:00,QFIN
23.9,23.9,23.86,23.86,600,2021-04-20 17:23:00,QFIN
23.84,23.85,23.825,23.825,1630,2021-04-20 17:24:00,QFIN
23.825,23.86,23.7901,23.7901,2780,2021-04-20 17:25:00,QFIN
23.83,23.86,23.825,23.86,1410,2021-04-20 17:26:00,QFIN
23.825,23.825,23.825,23.825,100,2021-04-20 17:27:00,QFIN
23.825,23.87,23.825,23.87,215,2021-04-20 17:28:00,QFIN
23.825,23.87,23.825,23.87,250,2021-04-20 17:29:00,QFIN
23.83,23.83,23.83,23.83,200,2021-04-20 17:30:00,QFIN
23.835,23.93,23.835,23.875,1803,2021-04-20 17:31:00,QFIN
23.93,23.93,23.88,23.88,300,2021-04-20 17:32:00,QFIN
23.895,23.93,23.8788,23.8788,559,2021-04-20 17:33:00,QFIN
23.9,23.9,23.855,23.9,3485,2021-04-20 17:34:00,QFIN
23.93,23.93,23.9,23.9,410,2021-04-20 17:35:00,QFIN
23.9,23.9,23.9,23.9,300,2021-04-20 17:36:00,QFIN
23.93,23.9789,23.93,23.96,2929,2021-04-20 17:37:00,QFIN
23.94,23.97,23.92,23.92,1100,2021-04-20 17:38:00,QFIN
23.94,23.97,23.94,23.945,300,2021-04-20 17:39:00,QFIN
23.94,23.9699,23.94,23.9699,300,2021-04-20 17:40:00,QFIN
23.97,24.0,23.94,23.96,6451,2021-04-20 17:41:00,QFIN
23.98,23.98,23.98,23.98,200,2021-04-20 17:42:00,QFIN
23.98,24.0,23.965,23.965,300,2021-04-20 17:43:00,QFIN
23.97,23.99,23.91,23.91,5450,2021-04-20 17:44:00,QFIN
23.88,23.92,23.84,23.92,2361,2021-04-20 17:45:00,QFIN
23.965,23.965,23.91,23.9607,2265,2021-04-20 17:46:00,QFIN
23.97,23.97,23.85,23.91,400,2021-04-20 17:47:00,QFIN
23.94,23.94,23.84,23.86,880,2021-04-20 17:48:00,QFIN
23.85,23.89,23.83,23.89,300,2021-04-20 17:49:00,QFIN
23.88,23.895,23.88,23.895,800,2021-04-20 17:50:00,QFIN
23.9,23.96,23.865,23.88,1800,2021-04-20 17:51:00,QFIN
23.9,23.96,23.9,23.96,1300,2021-04-20 17:52:00,QFIN
23.925,23.96,23.88,23.9572,2600,2021-04-20 17:53:00,QFIN
23.93,23.96,23.93,23.96,1022,2021-04-20 17:54:00,QFIN
23.96,24.04,23.95,24.04,3535,2021-04-20 17:55:00,QFIN
24.02,24.06,23.99,24.06,16097,2021-04-20 17:56:00,QFIN
24.03,24.05,24.01,24.01,3287,2021-04-20 17:57:00,QFIN
24.07,24.17,24.0699,24.17,7899,2021-04-20 17:58:00,QFIN
24.155,24.17,24.145,24.17,1965,2021-04-20 17:59:00,QFIN
24.17,24.19,24.11,24.11,3229,2021-04-20 18:00:00,QFIN
24.15,24.165,24.1335,24.1335,600,2021-04-20 18:01:00,QFIN
24.1505,24.2,24.15,24.17,3087,2021-04-20 18:02:00,QFIN
24.17,24.2,24.13,24.13,3057,2021-04-20 18:03:00,QFIN
24.145,24.145,24.03,24.08,2556,2021-04-20 18:04:00,QFIN
24.06,24.14,24.03,24.135,5737,2021-04-20 18:05:00,QFIN
24.135,24.14,24.09,24.11,2681,2021-04-20 18:06:00,QFIN
24.12,24.18,24.09,24.18,3552,2021-04-20 18:07:00,QFIN
24.0816,24.0816,24.0816,24.0816,100,2021-04-20 18:08:00,QFIN
24.09,24.11,24.07,24.11,1200,2021-04-20 18:09:00,QFIN
24.075,24.075,24.01,24.01,1100,2021-04-20 18:10:00,QFIN
24.07,24.13,24.065,24.12,4427,2021-04-20 18:11:00,QFIN
24.13,24.13,24.05,24.09,3775,2021-04-20 18:12:00,QFIN
24.09,24.13,24.08,24.08,7504,2021-04-20 18:13:00,QFIN
24.085,24.085,24.06,24.06,1000,2021-04-20 18:14:00,QFIN
24.04,24.07,24.0,24.07,1108,2021-04-20 18:15:00,QFIN
24.07,24.1,24.07,24.1,400,2021-04-20 18:16:00,QFIN
24.0578,24.0578,24.02,24.02,871,2021-04-20 18:17:00,QFIN
24.045,24.09,24.01,24.09,529,2021-04-20 18:18:00,QFIN
24.02,24.0899,24.02,24.05,600,2021-04-20 18:19:00,QFIN
24.04,24.11,24.04,24.105,1550,2021-04-20 18:20:00,QFIN
24.105,24.105,24.03,24.078,2050,2021-04-20 18:22:00,QFIN
24.07,24.0799,24.02,24.02,1340,2021-04-20 18:23:00,QFIN
24.045,24.045,24.02,24.025,600,2021-04-20 18:24:00,QFIN
23.97,24.0074,23.88,23.89,2344,2021-04-20 18:25:00,QFIN
23.96,23.96,23.89,23.92,700,2021-04-20 18:26:00,QFIN
23.93,23.95,23.88,23.93,2915,2021-04-20 18:27:00,QFIN
23.96,23.96,23.935,23.935,445,2021-04-20 18:28:00,QFIN
23.935,23.99,23.92,23.99,2347,2021-04-20 18:29:00,QFIN
23.98,23.98,23.98,23.98,200,2021-04-20 18:30:00,QFIN
24.01,24.01,23.96,23.99,1807,2021-04-20 18:31:00,QFIN
24.02,24.02,23.97,23.97,1000,2021-04-20 18:32:00,QFIN
24.01,24.01,23.94,23.94,300,2021-04-20 18:33:00,QFIN
23.965,23.965,23.9,23.92,2900,2021-04-20 18:34:00,QFIN
23.87,23.96,23.87,23.93,1829,2021-04-20 18:35:00,QFIN
23.89,23.95,23.87,23.95,6644,2021-04-20 18:36:00,QFIN
23.9,23.93,23.9,23.93,15400,2021-04-20 18:37:00,QFIN
23.95,23.95,23.88,23.925,6525,2021-04-20 18:38:00,QFIN
23.925,24.04,23.925,24.0,8105,2021-04-20 18:39:00,QFIN
24.03,24.06,24.03,24.05,606,2021-04-20 18:40:00,QFIN
24.04,24.06,24.04,24.06,200,2021-04-20 18:41:00,QFIN
24.06,24.13,24.0508,24.12,4567,2021-04-20 18:42:00,QFIN
24.13,24.13,24.0556,24.085,900,2021-04-20 18:43:00,QFIN
24.12,24.12,24.12,24.12,200,2021-04-20 18:44:00,QFIN
24.1,24.12,24.1,24.12,500,2021-04-20 18:45:00,QFIN
24.09,24.11,24.05,24.11,3750,2021-04-20 18:46:00,QFIN
24.1,24.1,24.1,24.1,200,2021-04-20 18:47:00,QFIN
24.11,24.11,24.04,24.065,950,2021-04-20 18:48:00,QFIN
24.03,24.08,24.03,24.08,405,2021-04-20 18:49:00,QFIN
24.04,24.06,24.03,24.048,850,2021-04-20 18:50:00,QFIN
24.03,24.08,24.03,24.04,500,2021-04-20 18:51:00,QFIN
24.06,24.09,24.03,24.03,900,2021-04-20 18:52:00,QFIN
24.04,24.09,24.04,24.0719,500,2021-04-20 18:53:00,QFIN
24.04,24.06,23.95,23.95,3524,2021-04-20 18:54:00,QFIN
23.95,24.05,23.93,24.05,2360,2021-04-20 18:55:00,QFIN
24.02,24.05,24.02,24.0315,700,2021-04-20 18:56:00,QFIN
24.02,24.05,24.02,24.03,500,2021-04-20 18:57:00,QFIN
24.02,24.04,23.98,23.98,1846,2021-04-20 18:58:00,QFIN
24.0,24.03,24.0,24.03,1406,2021-04-20 18:59:00,QFIN
24.05,24.07,24.05,24.05,600,2021-04-20 19:00:00,QFIN
24.07,24.08,24.05,24.0788,1899,2021-04-20 19:01:00,QFIN
24.05,24.08,24.05,24.055,3400,2021-04-20 19:02:00,QFIN
24.055,24.1,24.055,24.0987,4975,2021-04-20 19:03:00,QFIN
24.1,24.1,24.08,24.1,1344,2021-04-20 19:05:00,QFIN
24.12,24.12,24.12,24.12,333,2021-04-20 19:06:00,QFIN
24.1,24.1,24.1,24.1,500,2021-04-20 19:07:00,QFIN
24.13,24.15,24.125,24.125,915,2021-04-20 19:08:00,QFIN
24.125,24.15,24.1,24.14,1460,2021-04-20 19:09:00,QFIN
24.12,24.12,24.08,24.12,4400,2021-04-20 19:10:00,QFIN
24.115,24.145,24.115,24.145,1134,2021-04-20 19:11:00,QFIN
24.17,24.18,24.15,24.18,1674,2021-04-20 19:12:00,QFIN
24.18,24.2,24.17,24.175,2800,2021-04-20 19:13:00,QFIN
24.21,24.24,24.19,24.24,1400,2021-04-20 19:14:00,QFIN
24.215,24.215,24.215,24.215,700,2021-04-20 19:15:00,QFIN
24.24,24.26,24.22,24.25,2794,2021-04-20 19:16:00,QFIN
24.25,24.25,24.175,24.175,3971,2021-04-20 19:17:00,QFIN
24.175,24.2,24.165,24.165,500,2021-04-20 19:18:00,QFIN
24.1373,24.2,24.1373,24.1767,2750,2021-04-20 19:19:00,QFIN
24.18,24.22,24.1501,24.195,3694,2021-04-20 19:20:00,QFIN
24.195,24.195,24.1,24.1,3724,2021-04-20 19:21:00,QFIN
24.13,24.13,24.11,24.11,800,2021-04-20 19:22:00,QFIN
24.125,24.125,24.11,24.11,500,2021-04-20 19:23:00,QFIN
24.13,24.13,24.05,24.05,3455,2021-04-20 19:24:00,QFIN
24.05,24.085,24.05,24.075,1282,2021-04-20 19:25:00,QFIN
24.075,24.1,24.05,24.1,1835,2021-04-20 19:26:00,QFIN
24.075,24.075,24.05,24.075,500,2021-04-20 19:27:00,QFIN
24.06,24.13,24.06,24.1,3364,2021-04-20 19:28:00,QFIN
24.12,24.12,23.96,23.98,2315,2021-04-20 19:29:00,QFIN
23.97,24.05,23.97,24.05,2955,2021-04-20 19:30:00,QFIN
24.05,24.08,24.0,24.0,2638,2021-04-20 19:31:00,QFIN
24.03,24.06,24.0,24.06,4950,2021-04-20 19:32:00,QFIN
24.08,24.09,24.05,24.06,1150,2021-04-20 19:33:00,QFIN
24.055,24.09,24.05,24.09,600,2021-04-20 19:34:00,QFIN
24.065,24.09,24.0543,24.09,1886,2021-04-20 19:35:00,QFIN
24.0586,24.07,23.9927,24.03,2900,2021-04-20 19:36:00,QFIN
24.02,24.02,23.98,23.98,1700,2021-04-20 19:37:00,QFIN
23.95,24.05,23.91,24.045,3213,2021-04-20 19:38:00,QFIN
24.09,24.09,24.0,24.02,950,2021-04-20 19:39:00,QFIN
24.005,24.04,23.98,24.04,3278,2021-04-20 19:40:00,QFIN
24.0375,24.04,23.95,24.01,5862,2021-04-20 19:41:00,QFIN
24.0,24.0,23.91,23.97,5930,2021-04-20 19:42:00,QFIN
23.945,24.01,23.91,24.01,2810,2021-04-20 19:43:00,QFIN
24.01,24.01,23.97,23.98,1200,2021-04-20 19:44:00,QFIN
23.96,24.0,23.96,24.0,2344,2021-04-20 19:45:00,QFIN
24.02,24.02,23.98,23.99,1671,2021-04-20 19:46:00,QFIN
24.0,24.05,23.98,24.05,2625,2021-04-20 19:47:00,QFIN
24.03,24.09,23.99,24.0,3910,2021-04-20 19:48:00,QFIN
23.98,24.04,23.93,24.04,4463,2021-04-20 19:49:00,QFIN
23.98,24.02,23.98,23.98,1200,2021-04-20 19:50:00,QFIN
24.0,24.05,23.98,24.025,4048,2021-04-20 19:51:00,QFIN
24.02,24.04,23.96,23.97,4050,2021-04-20 19:52:00,QFIN
23.95,24.05,23.95,24.05,7633,2021-04-20 19:53:00,QFIN
24.025,24.04,23.97,23.98,4800,2021-04-20 19:54:00,QFIN
23.96,24.05,23.96,24.005,9295,2021-04-20 19:55:00,QFIN
23.98,24.015,23.98,23.98,3023,2021-04-20 19:56:00,QFIN
23.97,24.02,23.97,24.02,6639,2021-04-20 19:57:00,QFIN
24.02,24.03,23.98,24.015,10575,2021-04-20 19:58:00,QFIN
24.0103,24.02,23.95,24.02,8912,2021-04-20 19:59:00,QFIN
24.01,24.01,24.01,24.01,26436,2021-04-20 20:00:00,QFIN
23.42,23.42,23.41,23.41,200,2021-04-20 22:28:00,QFIN
24.0,24.0,24.0,24.0,120,2021-04-21 13:09:00,QFIN
23.51,23.51,23.5,23.5,1670,2021-04-21 13:28:00,QFIN
23.32,23.62,23.29,23.49,22091,2021-04-21 13:30:00,QFIN
23.58,23.64,23.38,23.545,14906,2021-04-21 13:31:00,QFIN
23.6,23.61,23.32,23.41,2936,2021-04-21 13:32:00,QFIN
23.46,23.68,23.4,23.6,4434,2021-04-21 13:33:00,QFIN
23.66,23.9,23.66,23.8997,5392,2021-04-21 13:34:00,QFIN
23.85,23.9,23.77,23.77,2504,2021-04-21 13:35:00,QFIN
23.82,23.82,23.78,23.81,5921,2021-04-21 13:36:00,QFIN
23.82,24.11,23.8,23.8,20466,2021-04-21 13:37:00,QFIN
23.8,23.87,23.66,23.8,7308,2021-04-21 13:38:00,QFIN
23.86,23.91,23.805,23.91,1800,2021-04-21 13:39:00,QFIN
23.91,23.91,23.86,23.91,600,2021-04-21 13:40:00,QFIN
23.91,23.91,23.83,23.9,1050,2021-04-21 13:41:00,QFIN
23.9,23.9,23.81,23.89,3093,2021-04-21 13:42:00,QFIN
23.89,23.89,23.845,23.88,1000,2021-04-21 13:43:00,QFIN
23.845,23.91,23.81,23.9097,6746,2021-04-21 13:44:00,QFIN
23.885,24.0,23.885,24.0,31657,2021-04-21 13:45:00,QFIN
23.99,23.99,23.94,23.98,400,2021-04-21 13:46:00,QFIN
23.98,23.99,23.95,23.98,900,2021-04-21 13:47:00,QFIN
23.98,23.98,23.88,23.88,1586,2021-04-21 13:48:00,QFIN
23.96,24.07,23.905,24.07,3460,2021-04-21 13:49:00,QFIN
24.07,24.07,23.94,23.96,1513,2021-04-21 13:50:00,QFIN
23.93,23.935,23.92,23.935,2280,2021-04-21 13:51:00,QFIN
23.98,23.98,23.92,23.9797,1346,2021-04-21 13:52:00,QFIN
23.9008,23.96,23.9,23.94,800,2021-04-21 13:53:00,QFIN
23.94,24.02,23.94,24.02,3025,2021-04-21 13:54:00,QFIN
24.04,24.04,24.03,24.03,700,2021-04-21 13:55:00,QFIN
24.029,24.05,23.94,23.99,3204,2021-04-21 13:56:00,QFIN
23.97,23.98,23.88,23.93,650,2021-04-21 13:57:00,QFIN
23.93,24.04,23.93,24.04,2115,2021-04-21 13:58:00,QFIN
24.04,24.12,24.02,24.11,1800,2021-04-21 13:59:00,QFIN
24.22,24.22,24.21,24.21,400,2021-04-21 14:00:00,QFIN
24.21,24.32,24.2,24.29,13930,2021-04-21 14:01:00,QFIN
24.3,24.34,24.295,24.34,2985,2021-04-21 14:02:00,QFIN
24.34,24.36,24.3046,24.34,14431,2021-04-21 14:03:00,QFIN
24.34,24.34,24.21,24.23,4510,2021-04-21 14:04:00,QFIN
24.19,24.23,24.1505,24.221,5900,2021-04-21 14:05:00,QFIN
24.19,24.19,24.1,24.11,2020,2021-04-21 14:06:00,QFIN
24.05,24.19,24.05,24.19,7605,2021-04-21 14:07:00,QFIN
24.21,24.25,24.205,24.25,2500,2021-04-21 14:08:00,QFIN
24.25,24.25,24.225,24.25,500,2021-04-21 14:09:00,QFIN
24.2,24.25,24.2,24.25,1000,2021-04-21 14:10:00,QFIN
24.22,24.22,24.19,24.22,1452,2021-04-21 14:12:00,QFIN
24.23,24.25,24.1762,24.185,12644,2021-04-21 14:13:00,QFIN
24.16,24.21,24.16,24.21,4000,2021-04-21 14:14:00,QFIN
24.2,24.21,24.2,24.21,828,2021-04-21 14:15:00,QFIN
24.22,24.24,24.19,24.205,1674,2021-04-21 14:16:00,QFIN
24.09,24.09,24.09,24.09,128,2021-04-21 14:18:00,QFIN
24.11,24.15,24.09,24.12,4233,2021-04-21 14:19:00,QFIN
24.14,24.14,24.11,24.11,2100,2021-04-21 14:20:00,QFIN
24.125,24.125,24.1,24.1,400,2021-04-21 14:21:00,QFIN
24.15,24.16,24.1,24.115,6474,2021-04-21 14:22:00,QFIN
24.14,24.14,24.075,24.1,4827,2021-04-21 14:23:00,QFIN
24.085,24.12,24.05,24.09,1612,2021-04-21 14:24:00,QFIN
24.1,24.1,24.0506,24.065,1312,2021-04-21 14:25:00,QFIN
24.08,24.15,24.06,24.135,11101,2021-04-21 14:26:00,QFIN
24.15,24.18,24.14,24.175,7544,2021-04-21 14:27:00,QFIN
24.175,24.19,24.175,24.18,2164,2021-04-21 14:28:00,QFIN
24.2,24.2,24.175,24.18,2206,2021-04-21 14:29:00,QFIN
24.18,24.23,24.11,24.16,26482,2021-04-21 14:30:00,QFIN
24.16,24.27,24.15,24.27,7000,2021-04-21 14:31:00,QFIN
24.285,24.32,24.28,24.28,7351,2021-04-21 14:32:00,QFIN
24.32,24.54,24.32,24.505,22239,2021-04-21 14:33:00,QFIN
24.53,24.6,24.51,24.545,5168,2021-04-21 14:34:00,QFIN
24.55,24.59,24.55,24.56,500,2021-04-21 14:35:00,QFIN
24.5965,24.63,24.59,24.6,3206,2021-04-21 14:36:00,QFIN
24.65,24.65,24.65,24.65,110,2021-04-21 14:37:00,QFIN
24.65,24.65,24.57,24.58,2963,2021-04-21 14:38:00,QFIN
24.58,24.58,24.56,24.57,1065,2021-04-21 14:39:00,QFIN
24.56,24.59,24.53,24.59,4599,2021-04-21 14:40:00,QFIN
24.55,24.582,24.55,24.55,600,2021-04-21 14:41:00,QFIN
24.6,24.61,24.6,24.61,500,2021-04-21 14:42:00,QFIN
24.62,24.62,24.6,24.6,1496,2021-04-21 14:43:00,QFIN
24.63,24.67,24.6,24.65,4362,2021-04-21 14:44:00,QFIN
24.61,24.66,24.6,24.63,3385,2021-04-21 14:45:00,QFIN
24.59,24.68,24.59,24.65,3169,2021-04-21 14:46:00,QFIN
24.64,24.65,24.6,24.6,2541,2021-04-21 14:47:00,QFIN
24.55,24.63,24.55,24.595,300,2021-04-21 14:48:00,QFIN
24.64,24.67,24.64,24.65,1990,2021-04-21 14:49:00,QFIN
24.649,24.649,24.55,24.55,3163,2021-04-21 14:50:00,QFIN
24.55,24.59,24.53,24.548,2300,2021-04-21 14:51:00,QFIN
24.52,24.52,24.48,24.51,1650,2021-04-21 14:52:00,QFIN
24.47,24.54,24.46,24.47,8250,2021-04-21 14:53:00,QFIN
24.5,24.56,24.5,24.53,4500,2021-04-21 14:54:00,QFIN
24.5,24.525,24.495,24.495,700,2021-04-21 14:55:00,QFIN
24.51,24.625,24.51,24.625,13280,2021-04-21 14:56:00,QFIN
24.625,24.625,24.52,24.545,1967,2021-04-21 14:57:00,QFIN
24.57,24.61,24.56,24.61,2414,2021-04-21 14:58:00,QFIN
24.58,24.675,24.58,24.675,4819,2021-04-21 14:59:00,QFIN
24.675,24.675,24.62,24.65,7116,2021-04-21 15:00:00,QFIN
24.655,24.69,24.61,24.63,7262,2021-04-21 15:01:00,QFIN
24.65,24.7,24.62,24.69,3460,2021-04-21 15:02:00,QFIN
24.67,24.67,24.65,24.66,600,2021-04-21 15:03:00,QFIN
24.7,24.79,24.69,24.79,4953,2021-04-21 15:04:00,QFIN
24.78,24.78,24.75,24.76,1600,2021-04-21 15:05:00,QFIN
24.78,24.805,24.76,24.805,3264,2021-04-21 15:06:00,QFIN
24.82,24.88,24.82,24.8486,4820,2021-04-21 15:07:00,QFIN
24.8,24.9,24.785,24.9,6589,2021-04-21 15:08:00,QFIN
24.895,24.895,24.85,24.85,4461,2021-04-21 15:09:00,QFIN
24.822,24.845,24.81,24.81,500,2021-04-21 15:10:00,QFIN
24.81,24.91,24.805,24.88,13648,2021-04-21 15:11:00,QFIN
24.9,24.9,24.78,24.84,2102,2021-04-21 15:12:00,QFIN
24.81,24.86,24.77,24.86,1500,2021-04-21 15:13:00,QFIN
24.83,24.91,24.83,24.9,3994,2021-04-21 15:14:00,QFIN
24.93,24.97,24.915,24.915,550,2021-04-21 15:15:00,QFIN
24.94,24.94,24.915,24.915,400,2021-04-21 15:16:00,QFIN
24.915,24.915,24.915,24.915,100,2021-04-21 15:17:00,QFIN
24.94,24.97,24.91,24.96,8150,2021-04-21 15:18:00,QFIN
24.971,25.01,24.955,25.01,9465,2021-04-21 15:19:00,QFIN
25.03,25.09,25.03,25.09,5493,2021-04-21 15:20:00,QFIN
25.08,25.15,25.08,25.11,11483,2021-04-21 15:21:00,QFIN
25.1,25.21,25.06,25.15,15994,2021-04-21 15:22:00,QFIN
25.165,25.165,25.04,25.045,860,2021-04-21 15:23:00,QFIN
25.06,25.16,25.06,25.145,3500,2021-04-21 15:24:00,QFIN
25.16,25.23,25.14,25.2,14382,2021-04-21 15:25:00,QFIN
25.2,25.21,25.13,25.17,16188,2021-04-21 15:26:00,QFIN
25.15,25.17,24.86,24.92,119468,2021-04-21 15:27:00,QFIN
24.905,24.94,24.86,24.86,8156,2021-04-21 15:28:00,QFIN
24.81,24.85,24.81,24.83,918,2021-04-21 15:29:00,QFIN
24.85,24.91,24.84,24.91,1726,2021-04-21 15:30:00,QFIN
24.91,24.939,24.9,24.9,740,2021-04-21 15:31:00,QFIN
24.9,24.97,24.9,24.94,3874,2021-04-21 15:32:00,QFIN
24.92,24.92,24.87,24.87,300,2021-04-21 15:34:00,QFIN
24.92,24.925,24.88,24.88,1361,2021-04-21 15:35:00,QFIN
24.8995,24.9294,24.885,24.92,1204,2021-04-21 15:37:00,QFIN
24.93,24.9519,24.89,24.9519,2316,2021-04-21 15:38:00,QFIN
24.945,24.96,24.945,24.9513,1413,2021-04-21 15:40:00,QFIN
24.96,24.97,24.94,24.94,1270,2021-04-21 15:41:00,QFIN
24.92,24.93,24.91,24.93,400,2021-04-21 15:42:00,QFIN
24.91,24.92,24.89,24.92,2435,2021-04-21 15:43:00,QFIN
24.915,24.92,24.88,24.895,1400,2021-04-21 15:44:00,QFIN
24.92,24.92,24.9,24.9196,1672,2021-04-21 15:45:00,QFIN
24.92,24.95,24.92,24.94,3449,2021-04-21 15:46:00,QFIN
24.95,24.97,24.95,24.955,1200,2021-04-21 15:47:00,QFIN
24.9631,24.9631,24.9631,24.9631,100,2021-04-21 15:48:00,QFIN
24.955,24.955,24.955,24.955,200,2021-04-21 15:49:00,QFIN
24.94,24.955,24.91,24.93,2407,2021-04-21 15:50:00,QFIN
24.93,24.93,24.925,24.925,300,2021-04-21 15:51:00,QFIN
24.925,24.925,24.91,24.91,200,2021-04-21 15:52:00,QFIN
24.91,24.915,24.88,24.88,1100,2021-04-21 15:53:00,QFIN
24.9283,24.9283,24.9,24.9085,1342,2021-04-21 15:54:00,QFIN
24.9,24.9,24.87,24.87,1263,2021-04-21 15:55:00,QFIN
24.86,24.91,24.85,24.91,3072,2021-04-21 15:56:00,QFIN
24.87,24.87,24.87,24.87,100,2021-04-21 15:57:00,QFIN
24.92,25.03,24.87,25.0,7832,2021-04-21 15:58:00,QFIN
25.02,25.02,25.02,25.02,100,2021-04-21 15:59:00,QFIN
24.99,24.99,24.99,24.99,100,2021-04-21 16:00:00,QFIN
25.0,25.09,25.0,25.09,3408,2021-04-21 16:01:00,QFIN
25.11,25.11,25.1005,25.1005,200,2021-04-21 16:02:00,QFIN
25.1087,25.17,25.1087,25.16,1500,2021-04-21 16:03:00,QFIN
25.16,25.16,25.1592,25.1592,1754,2021-04-21 16:04:00,QFIN
25.18,25.35,25.18,25.3,23340,2021-04-21 16:05:00,QFIN
25.27,25.28,25.18,25.18,1828,2021-04-21 16:06:00,QFIN
25.2,25.2,25.2,25.2,100,2021-04-21 16:09:00,QFIN
25.22,25.22,25.0701,25.12,2729,2021-04-21 16:10:00,QFIN
25.1395,25.17,25.13,25.15,1250,2021-04-21 16:11:00,QFIN
25.17,25.17,25.115,25.115,2490,2021-04-21 16:12:00,QFIN
25.125,25.125,25.125,25.125,100,2021-04-21 16:13:00,QFIN
25.15,25.17,25.08,25.1,1679,2021-04-21 16:14:00,QFIN
25.17,25.17,25.08,25.08,1215,2021-04-21 16:15:00,QFIN
25.08,25.115,25.08,25.115,200,2021-04-21 16:16:00,QFIN
25.07,25.16,25.07,25.16,700,2021-04-21 16:17:00,QFIN
25.14,25.14,25.07,25.12,1192,2021-04-21 16:18:00,QFIN
25.12,25.14,25.12,25.1254,1206,2021-04-21 16:19:00,QFIN
25.16,25.2,25.1392,25.2,1100,2021-04-21 16:20:00,QFIN
25.175,25.24,25.16,25.21,5282,2021-04-21 16:22:00,QFIN
25.23,25.23,25.17,25.17,600,2021-04-21 16:23:00,QFIN
25.2391,25.24,25.2391,25.24,1200,2021-04-21 16:25:00,QFIN
25.21,25.21,25.15,25.15,1900,2021-04-21 16:26:00,QFIN
25.175,25.175,25.02,25.08,1400,2021-04-21 16:27:00,QFIN
25.07,25.11,25.07,25.11,250,2021-04-21 16:28:00,QFIN
25.08,25.14,25.0601,25.0601,2100,2021-04-21 16:29:00,QFIN
25.0701,25.0701,25.0701,25.0701,100,2021-04-21 16:30:00,QFIN
25.08,25.15,25.08,25.115,1700,2021-04-21 16:31:00,QFIN
25.11,25.115,25.06,25.1,900,2021-04-21 16:32:00,QFIN
25.1,25.13,25.09,25.13,889,2021-04-21 16:33:00,QFIN
25.13,25.15,25.13,25.15,802,2021-04-21 16:34:00,QFIN
25.09,25.15,25.09,25.13,1822,2021-04-21 16:35:00,QFIN
25.14,25.14,25.14,25.14,100,2021-04-21 16:36:00,QFIN
25.15,25.15,25.15,25.15,350,2021-04-21 16:37:00,QFIN
25.16,25.17,25.15,25.15,1300,2021-04-21 16:38:00,QFIN
25.13,25.14,25.12,25.135,2924,2021-04-21 16:39:00,QFIN
25.13,25.135,25.09,25.09,300,2021-04-21 16:40:00,QFIN
25.11,25.14,25.11,25.11,2733,2021-04-21 16:41:00,QFIN
25.14,25.14,25.14,25.14,100,2021-04-21 16:42:00,QFIN
25.125,25.13,25.12,25.12,1000,2021-04-21 16:43:00,QFIN
25.13,25.13,25.095,25.1,2482,2021-04-21 16:44:00,QFIN
25.095,25.095,25.0565,25.0565,728,2021-04-21 16:45:00,QFIN
25.0688,25.07,25.01,25.02,2746,2021-04-21 16:46:00,QFIN
25.04,25.06,25.04,25.06,1686,2021-04-21 16:47:00,QFIN
25.02,25.02,25.02,25.02,100,2021-04-21 16:48:00,QFIN
25.045,25.045,25.045,25.045,150,2021-04-21 16:49:00,QFIN
25.035,25.035,25.01,25.025,1315,2021-04-21 16:50:00,QFIN
25.05,25.08,25.04,25.07,2300,2021-04-21 16:51:00,QFIN
25.075,25.075,25.05,25.05,600,2021-04-21 16:52:00,QFIN
25.05,25.07,25.03,25.03,3300,2021-04-21 16:53:00,QFIN
25.04,25.04,24.81,24.8215,109811,2021-04-21 16:54:00,QFIN
24.92,24.92,24.84,24.84,900,2021-04-21 16:56:00,QFIN
24.81,24.87,24.81,24.848,400,2021-04-21 16:57:00,QFIN
24.87,24.87,24.84,24.84,500,2021-04-21 16:58:00,QFIN
24.84,24.84,24.84,24.84,200,2021-04-21 16:59:00,QFIN
24.84,24.84,24.81,24.835,400,2021-04-21 17:01:00,QFIN
24.835,24.835,24.8,24.825,6391,2021-04-21 17:02:00,QFIN
24.84,24.86,24.84,24.85,2800,2021-04-21 17:03:00,QFIN
24.84,24.84,24.815,24.815,822,2021-04-21 17:04:00,QFIN
24.8,24.815,24.8,24.815,200,2021-04-21 17:05:00,QFIN
24.815,24.86,24.8,24.86,6198,2021-04-21 17:06:00,QFIN
24.86,24.87,24.8489,24.86,3600,2021-04-21 17:07:00,QFIN
24.9,24.9,24.86,24.87,750,2021-04-21 17:09:00,QFIN
24.87,24.875,24.84,24.875,1400,2021-04-21 17:10:00,QFIN
24.84,24.88,24.8,24.8,3994,2021-04-21 17:11:00,QFIN
24.8,24.83,24.785,24.825,2709,2021-04-21 17:12:00,QFIN
24.85,24.85,24.85,24.85,1190,2021-04-21 17:13:00,QFIN
24.825,24.87,24.825,24.87,1450,2021-04-21 17:14:00,QFIN
24.84,24.86,24.84,24.86,300,2021-04-21 17:15:00,QFIN
24.835,24.86,24.81,24.81,1193,2021-04-21 17:16:00,QFIN
24.835,24.86,24.835,24.86,400,2021-04-21 17:17:00,QFIN
24.835,24.86,24.82,24.835,890,2021-04-21 17:18:00,QFIN
24.83,24.94,24.83,24.94,1727,2021-04-21 17:19:00,QFIN
24.94,24.99,24.92,24.99,2530,2021-04-21 17:20:00,QFIN
24.9565,25.01,24.95,25.01,5285,2021-04-21 17:22:00,QFIN
24.9419,25.0,24.9419,25.0,300,2021-04-21 17:23:00,QFIN
24.986,24.986,24.93,24.955,900,2021-04-21 17:24:00,QFIN
24.96,24.96,24.93,24.93,600,2021-04-21 17:25:00,QFIN
24.97,24.97,24.9,24.93,1000,2021-04-21 17:26:00,QFIN
24.925,24.925,24.87,24.87,901,2021-04-21 17:27:00,QFIN
24.87,24.89,24.835,24.89,1501,2021-04-21 17:28:00,QFIN
24.92,24.96,24.91,24.96,9064,2021-04-21 17:29:00,QFIN
24.98,25.02,24.95,24.95,430,2021-04-21 17:30:00,QFIN
25.0199,25.03,24.99,24.99,1000,2021-04-21 17:31:00,QFIN
25.0,25.01,25.0,25.005,2317,2021-04-21 17:32:00,QFIN
25.01,25.02,25.01,25.02,500,2021-04-21 17:33:00,QFIN
25.015,25.015,25.015,25.015,700,2021-04-21 17:34:00,QFIN
25.04,25.11,25.04,25.11,1495,2021-04-21 17:35:00,QFIN
25.11,25.11,25.11,25.11,300,2021-04-21 17:36:00,QFIN
25.11,25.15,25.11,25.15,2254,2021-04-21 17:37:00,QFIN
25.15,25.15,25.15,25.15,1000,2021-04-21 17:38:00,QFIN
25.11,25.125,25.1,25.1,4848,2021-04-21 17:39:00,QFIN
25.105,25.105,25.0803,25.0803,300,2021-04-21 17:40:00,QFIN
25.1,25.1,25.01,25.05,6397,2021-04-21 17:41:00,QFIN
25.09,25.11,25.065,25.11,600,2021-04-21 17:42:00,QFIN
25.13,25.13,25.13,25.13,800,2021-04-21 17:44:00,QFIN
25.145,25.15,25.14,25.15,900,2021-04-21 17:45:00,QFIN
25.135,25.15,25.135,25.15,300,2021-04-21 17:46:00,QFIN
25.135,25.135,25.135,25.135,100,2021-04-21 17:47:00,QFIN
25.135,25.16,25.135,25.16,375,2021-04-21 17:48:00,QFIN
25.16,25.17,25.15,25.17,1000,2021-04-21 17:49:00,QFIN
25.175,25.175,25.15,25.1625,1200,2021-04-21 17:50:00,QFIN
25.175,25.22,25.175,25.22,2825,2021-04-21 17:51:00,QFIN
25.24,25.25,25.22,25.25,1875,2021-04-21 17:52:00,QFIN
25.25,25.26,25.2,25.21,3659,2021-04-21 17:53:00,QFIN
25.21,25.21,25.16,25.16,5199,2021-04-21 17:54:00,QFIN
25.1601,25.185,25.15,25.15,612,2021-04-21 17:55:00,QFIN
25.11,25.145,25.11,25.145,1208,2021-04-21 17:56:00,QFIN
25.165,25.17,25.15,25.17,500,2021-04-21 17:57:00,QFIN
25.14,25.16,25.14,25.15,930,2021-04-21 17:58:00,QFIN
25.155,25.175,25.155,25.175,600,2021-04-21 17:59:00,QFIN
25.16,25.16,25.16,25.16,100,2021-04-21 18:00:00,QFIN
25.18,25.18,25.14,25.14,1741,2021-04-21 18:02:00,QFIN
25.14,25.14,25.14,25.14,650,2021-04-21 18:03:00,QFIN
25.125,25.125,25.021,25.07,3000,2021-04-21 18:04:00,QFIN
25.06,25.13,25.06,25.08,2686,2021-04-21 18:05:00,QFIN
25.14,25.14,25.11,25.135,943,2021-04-21 18:06:00,QFIN
25.135,25.135,25.08,25.12,975,2021-04-21 18:07:00,QFIN
25.09,25.15,25.09,25.15,1311,2021-04-21 18:09:00,QFIN
25.142,25.142,25.1,25.12,1520,2021-04-21 18:10:00,QFIN
25.15,25.15,25.15,25.15,720,2021-04-21 18:11:00,QFIN
25.17,25.17,25.17,25.17,300,2021-04-21 18:12:00,QFIN
25.135,25.17,25.135,25.17,200,2021-04-21 18:13:00,QFIN
25.17,25.17,25.17,25.17,241,2021-04-21 18:14:00,QFIN
25.135,25.135,25.135,25.135,200,2021-04-21 18:17:00,QFIN
25.17,25.2,25.16,25.18,2623,2021-04-21 18:18:00,QFIN
25.195,25.21,25.195,25.21,200,2021-04-21 18:19:00,QFIN
25.21,25.21,25.195,25.195,500,2021-04-21 18:20:00,QFIN
25.2,25.2,25.2,25.2,500,2021-04-21 18:21:00,QFIN
25.195,25.195,25.16,25.16,1700,2021-04-21 18:22:00,QFIN
25.17,25.17,25.15,25.15,600,2021-04-21 18:23:00,QFIN
25.14,25.16,25.14,25.16,400,2021-04-21 18:24:00,QFIN
25.145,25.23,25.145,25.22,6474,2021-04-21 18:25:00,QFIN
25.25,25.25,25.25,25.25,100,2021-04-21 18:26:00,QFIN
25.27,25.3,25.263,25.284,3104,2021-04-21 18:27:00,QFIN
25.3,25.3,25.27,25.28,502,2021-04-21 18:28:00,QFIN
25.29,25.32,25.27,25.29,4651,2021-04-21 18:29:00,QFIN
25.31,25.31,25.31,25.31,100,2021-04-21 18:30:00,QFIN
25.3,25.3,25.2699,25.2699,769,2021-04-21 18:31:00,QFIN
25.245,25.245,25.205,25.205,828,2021-04-21 18:32:00,QFIN
25.24,25.28,25.24,25.28,2000,2021-04-21 18:33:00,QFIN
25.31,25.31,25.31,25.31,1000,2021-04-21 18:35:00,QFIN
25.31,25.32,25.3,25.3,1679,2021-04-21 18:36:00,QFIN
25.32,25.32,25.32,25.32,100,2021-04-21 18:37:00,QFIN
25.305,25.3228,25.305,25.305,1800,2021-04-21 18:38:00,QFIN
25.33,25.37,25.31,25.31,4358,2021-04-21 18:39:00,QFIN
25.29,25.31,25.28,25.28,2000,2021-04-21 18:40:00,QFIN
25.32,25.32,25.29,25.29,1200,2021-04-21 18:41:00,QFIN
25.33,25.33,25.28,25.33,621,2021-04-21 18:42:00,QFIN
25.33,25.34,25.33,25.34,1257,2021-04-21 18:43:00,QFIN
25.35,25.36,25.32,25.32,771,2021-04-21 18:44:00,QFIN
25.335,25.335,25.3,25.32,900,2021-04-21 18:46:00,QFIN
25.29,25.3,25.24,25.28,1269,2021-04-21 18:48:00,QFIN
25.29,25.32,25.285,25.285,957,2021-04-21 18:49:00,QFIN
25.29,25.29,25.25,25.275,2050,2021-04-21 18:50:00,QFIN
25.3,25.31,25.29,25.29,831,2021-04-21 18:52:00,QFIN
25.27,25.3,25.26,25.27,2300,2021-04-21 18:53:00,QFIN
25.31,25.32,25.31,25.32,636,2021-04-21 18:54:00,QFIN
25.3307,25.3307,25.3,25.3,1750,2021-04-21 18:55:00,QFIN
25.3,25.35,25.3,25.35,1948,2021-04-21 18:56:00,QFIN
25.3451,25.355,25.34,25.345,1163,2021-04-21 18:57:00,QFIN
25.345,25.345,25.34,25.34,300,2021-04-21 18:58:00,QFIN
25.3484,25.36,25.3438,25.36,475,2021-04-21 18:59:00,QFIN
25.35,25.36,25.34,25.34,836,2021-04-21 19:00:00,QFIN
25.36,25.36,25.34,25.35,424,2021-04-21 19:01:00,QFIN
25.36,25.38,25.34,25.34,1174,2021-04-21 19:03:00,QFIN
25.3723,25.3723,25.34,25.34,2250,2021-04-21 19:05:00,QFIN
25.345,25.354,25.345,25.354,200,2021-04-21 19:06:00,QFIN
25.35,25.35,25.32,25.35,2050,2021-04-21 19:07:00,QFIN
25.3422,25.3422,25.31,25.33,425,2021-04-21 19:08:00,QFIN
25.31,25.38,25.31,25.38,2577,2021-04-21 19:10:00,QFIN
25.38,25.4,25.37,25.4,2120,2021-04-21 19:11:00,QFIN
25.4,25.41,25.4,25.41,1465,2021-04-21 19:12:00,QFIN
25.42,25.4328,25.42,25.4328,1100,2021-04-21 19:13:00,QFIN
25.44,25.44,25.44,25.44,100,2021-04-21 19:14:00,QFIN
25.415,25.415,25.415,25.415,150,2021-04-21 19:15:00,QFIN
25.44,25.44,25.415,25.42,400,2021-04-21 19:16:00,QFIN
25.435,25.44,25.435,25.44,200,2021-04-21 19:17:00,QFIN
25.44,25.46,25.43,25.43,2524,2021-04-21 19:18:00,QFIN
25.44,25.44,25.44,25.44,800,2021-04-21 19:20:00,QFIN
25.44,25.44,25.4,25.41,2936,2021-04-21 19:21:00,QFIN
25.41,25.43,25.41,25.42,2028,2021-04-21 19:23:00,QFIN
25.41,25.41,25.41,25.41,400,2021-04-21 19:24:00,QFIN
25.41,25.43,25.41,25.415,300,2021-04-21 19:25:00,QFIN
25.44,25.44,25.37,25.38,5005,2021-04-21 19:26:00,QFIN
25.3699,25.37,25.31,25.37,2845,2021-04-21 19:27:00,QFIN
25.345,25.37,25.31,25.32,3946,2021-04-21 19:28:00,QFIN
25.35,25.35,25.33,25.33,400,2021-04-21 19:29:00,QFIN
25.35,25.37,25.31,25.35,4183,2021-04-21 19:30:00,QFIN
25.345,25.345,25.3,25.31,1731,2021-04-21 19:31:00,QFIN
25.26,25.32,25.26,25.295,500,2021-04-21 19:32:00,QFIN
25.295,25.33,25.295,25.3,3800,2021-04-21 19:33:00,QFIN
25.31,25.31,25.31,25.31,212,2021-04-21 19:34:00,QFIN
25.305,25.33,25.26,25.31,2900,2021-04-21 19:35:00,QFIN
25.26,25.31,25.2,25.2,4936,2021-04-21 19:36:00,QFIN
25.16,25.26,25.16,25.26,6135,2021-04-21 19:37:00,QFIN
25.28,25.32,25.28,25.32,1800,2021-04-21 19:38:00,QFIN
25.285,25.31,25.27,25.31,2116,2021-04-21 19:39:00,QFIN
25.29,25.302,25.25,25.275,1767,2021-04-21 19:40:00,QFIN
25.27,25.27,25.27,25.27,100,2021-04-21 19:41:00,QFIN
25.29,25.34,25.29,25.34,6000,2021-04-21 19:42:00,QFIN
25.335,25.34,25.33,25.34,741,2021-04-21 19:43:00,QFIN
25.34,25.4,25.34,25.4,8510,2021-04-21 19:44:00,QFIN
25.38,25.395,25.36,25.36,2699,2021-04-21 19:45:00,QFIN
25.3585,25.42,25.33,25.4,9625,2021-04-21 19:46:00,QFIN
25.4203,25.45,25.4203,25.45,600,2021-04-21 19:47:00,QFIN
25.46,25.47,25.43,25.47,1600,2021-04-21 19:48:00,QFIN
25.49,25.4997,25.45,25.48,4587,2021-04-21 19:49:00,QFIN
25.5,25.53,25.4663,25.53,9941,2021-04-21 19:50:00,QFIN
25.495,25.5,25.495,25.495,600,2021-04-21 19:51:00,QFIN
25.495,25.52,25.47,25.5,5795,2021-04-21 19:52:00,QFIN
25.52,25.54,25.4701,25.5293,4959,2021-04-21 19:53:00,QFIN
25.51,25.52,25.4,25.4,7286,2021-04-21 19:54:00,QFIN
25.45,25.52,25.24,25.27,42175,2021-04-21 19:55:00,QFIN
25.3,25.35,25.23,25.25,32213,2021-04-21 19:56:00,QFIN
25.28,25.35,25.24,25.295,24652,2021-04-21 19:57:00,QFIN
25.31,25.43,25.285,25.425,14908,2021-04-21 19:58:00,QFIN
25.4,25.44,25.33,25.39,8969,2021-04-21 19:59:00,QFIN
25.41,25.41,25.41,25.41,87050,2021-04-21 20:00:00,QFIN
25.4,25.4,25.4,25.4,115,2021-04-21 20:23:00,QFIN
25.23,25.23,25.23,25.23,200,2021-04-21 23:10:00,QFIN
25.4,25.4,25.4,25.4,980,2021-04-21 23:17:00,QFIN
25.4,25.4,25.4,25.4,1000,2021-04-21 23:18:00,QFIN
25.6,25.6,25.6,25.6,500,2021-04-22 11:00:00,QFIN
25.62,25.62,25.62,25.62,200,2021-04-22 12:07:00,QFIN
25.61,25.61,25.61,25.61,100,2021-04-22 12:17:00,QFIN
25.6,25.6,25.6,25.6,160,2021-04-22 12:30:00,QFIN
25.62,25.62,25.62,25.62,270,2021-04-22 12:33:00,QFIN
25.51,25.51,25.51,25.51,780,2021-04-22 12:58:00,QFIN
25.46,25.75,25.46,25.61,10387,2021-04-22 13:30:00,QFIN
25.75,26.01,25.75,26.01,5550,2021-04-22 13:31:00,QFIN
26.0,26.2,25.94,26.04,22273,2021-04-22 13:32:00,QFIN
26.075,26.2,25.872,25.872,14093,2021-04-22 13:33:00,QFIN
25.96,26.14,25.96,26.1,3000,2021-04-22 13:34:00,QFIN
26.08,26.18,26.0,26.18,11100,2021-04-22 13:35:00,QFIN
26.105,26.16,26.1,26.1,2007,2021-04-22 13:36:00,QFIN
26.17,26.18,25.96,26.09,5511,2021-04-22 13:37:00,QFIN
26.015,26.07,25.94,26.01,5180,2021-04-22 13:38:00,QFIN
26.06,26.06,25.921,25.9614,3500,2021-04-22 13:39:00,QFIN
26.01,26.02,25.96,25.985,1423,2021-04-22 13:40:00,QFIN
26.01,26.1,25.9815,26.1,6450,2021-04-22 13:41:00,QFIN
26.08,26.14,26.08,26.08,2280,2021-04-22 13:42:00,QFIN
26.1293,26.1293,25.96,25.96,11970,2021-04-22 13:43:00,QFIN
25.9955,26.03,25.83,25.9,8501,2021-04-22 13:44:00,QFIN
25.855,25.855,25.47,25.5,12250,2021-04-22 13:45:00,QFIN
25.47,25.53,25.345,25.485,7103,2021-04-22 13:46:00,QFIN
25.485,25.52,25.4,25.52,900,2021-04-22 13:47:00,QFIN
25.44,25.44,25.31,25.37,5174,2021-04-22 13:48:00,QFIN
25.35,25.4,25.3392,25.355,15600,2021-04-22 13:49:00,QFIN
25.355,25.38,25.355,25.38,4588,2021-04-22 13:50:00,QFIN
25.355,25.355,24.9,25.01,27454,2021-04-22 13:51:00,QFIN
25.015,25.05,24.9,24.9675,9173,2021-04-22 13:52:00,QFIN
25.0,25.0,24.9445,24.98,8300,2021-04-22 13:53:00,QFIN
24.96,25.04,24.94,25.04,10208,2021-04-22 13:54:00,QFIN
25.015,25.2848,25.015,25.26,3913,2021-04-22 13:55:00,QFIN
25.285,25.36,25.18,25.31,2120,2021-04-22 13:56:00,QFIN
25.24,25.48,25.24,25.38,3528,2021-04-22 13:57:00,QFIN
25.42,25.49,25.3118,25.49,4411,2021-04-22 13:58:00,QFIN
25.49,25.49,25.29,25.3052,2283,2021-04-22 13:59:00,QFIN
25.16,25.37,25.0,25.08,5145,2021-04-22 14:00:00,QFIN
25.0,25.25,25.0,25.25,3000,2021-04-22 14:01:00,QFIN
25.185,25.39,25.185,25.22,1917,2021-04-22 14:02:00,QFIN
25.3,25.49,25.3,25.42,1757,2021-04-22 14:03:00,QFIN
25.5,25.53,25.36,25.36,2900,2021-04-22 14:04:00,QFIN
25.395,25.57,25.395,25.5,6688,2021-04-22 14:05:00,QFIN
25.455,25.455,25.39,25.39,1200,2021-04-22 14:06:00,QFIN
25.385,25.49,25.385,25.455,2130,2021-04-22 14:07:00,QFIN
25.44,25.48,25.33,25.33,2485,2021-04-22 14:08:00,QFIN
25.37,25.44,25.37,25.43,1900,2021-04-22 14:09:00,QFIN
25.42,25.42,25.33,25.36,2841,2021-04-22 14:10:00,QFIN
25.305,25.49,25.305,25.47,1800,2021-04-22 14:11:00,QFIN
25.485,25.56,25.41,25.415,7595,2021-04-22 14:12:00,QFIN
25.41,25.46,25.37,25.4,4480,2021-04-22 14:13:00,QFIN
25.395,25.45,25.395,25.45,1114,2021-04-22 14:14:00,QFIN
25.45,25.5699,25.45,25.45,4100,2021-04-22 14:15:00,QFIN
25.49,25.495,25.36,25.36,4355,2021-04-22 14:16:00,QFIN
25.365,25.42,25.29,25.32,1700,2021-04-22 14:17:00,QFIN
25.315,25.45,25.29,25.4339,5611,2021-04-22 14:18:00,QFIN
25.405,25.54,25.4,25.49,2869,2021-04-22 14:19:00,QFIN
25.51,25.55,25.355,25.355,2100,2021-04-22 14:20:00,QFIN
25.3169,25.37,25.3,25.37,1600,2021-04-22 14:21:00,QFIN
25.35,25.395,25.32,25.395,2300,2021-04-22 14:22:00,QFIN
25.41,25.53,25.41,25.515,1000,2021-04-22 14:23:00,QFIN
25.52,25.57,25.44,25.52,2350,2021-04-22 14:24:00,QFIN
25.52,25.57,25.52,25.57,2100,2021-04-22 14:25:00,QFIN
25.56,25.57,25.525,25.525,2200,2021-04-22 14:26:00,QFIN
25.4801,25.57,25.4801,25.555,2550,2021-04-22 14:27:00,QFIN
25.56,25.63,25.5404,25.59,2000,2021-04-22 14:28:00,QFIN
25.59,25.62,25.51,25.55,2995,2021-04-22 14:29:00,QFIN
25.58,25.62,25.565,25.595,1100,2021-04-22 14:30:00,QFIN
25.62,25.74,25.62,25.74,2270,2021-04-22 14:31:00,QFIN
25.705,25.74,25.7,25.705,1200,2021-04-22 14:32:00,QFIN
25.71,25.77,25.71,25.77,1025,2021-04-22 14:33:00,QFIN
25.77,25.77,25.685,25.74,3656,2021-04-22 14:34:00,QFIN
25.75,25.76,25.75,25.76,1350,2021-04-22 14:35:00,QFIN
25.755,25.7899,25.755,25.7899,500,2021-04-22 14:36:00,QFIN
25.7695,25.81,25.7695,25.79,3000,2021-04-22 14:37:00,QFIN
25.789,25.8699,25.789,25.855,5806,2021-04-22 14:38:00,QFIN
25.805,25.805,25.8049,25.8049,2150,2021-04-22 14:39:00,QFIN
25.805,25.83,25.805,25.83,2819,2021-04-22 14:40:00,QFIN
25.845,25.845,25.83,25.835,550,2021-04-22 14:41:00,QFIN
25.86,25.86,25.82,25.835,400,2021-04-22 14:42:00,QFIN
25.83,25.83,25.78,25.78,8700,2021-04-22 14:43:00,QFIN
25.78,25.78,25.78,25.78,300,2021-04-22 14:44:00,QFIN
25.79,25.84,25.77,25.84,5100,2021-04-22 14:45:00,QFIN
25.83,25.83,25.82,25.82,500,2021-04-22 14:46:00,QFIN
25.8105,25.87,25.8105,25.85,2850,2021-04-22 14:47:00,QFIN
25.85,25.85,25.85,25.85,100,2021-04-22 14:48:00,QFIN
25.83,25.95,25.83,25.95,7795,2021-04-22 14:49:00,QFIN
25.9276,25.9393,25.88,25.88,3800,2021-04-22 14:50:00,QFIN
25.89,25.89,25.89,25.89,100,2021-04-22 14:51:00,QFIN
25.9099,25.9099,25.855,25.86,1496,2021-04-22 14:52:00,QFIN
25.86,25.91,25.86,25.91,2100,2021-04-22 14:53:00,QFIN
25.9136,25.92,25.91,25.92,1100,2021-04-22 14:54:00,QFIN
25.91,25.91,25.835,25.86,1500,2021-04-22 14:55:00,QFIN
25.8573,25.92,25.8573,25.91,1900,2021-04-22 14:56:00,QFIN
25.93,25.95,25.905,25.95,1957,2021-04-22 14:57:00,QFIN
25.97,25.97,25.88,25.88,2300,2021-04-22 14:58:00,QFIN
25.9,25.9,25.9,25.9,500,2021-04-22 14:59:00,QFIN
25.91,25.93,25.87,25.895,1700,2021-04-22 15:00:00,QFIN
25.885,25.885,25.885,25.885,500,2021-04-22 15:01:00,QFIN
25.885,25.95,25.885,25.92,3042,2021-04-22 15:02:00,QFIN
25.925,25.925,25.84,25.84,1600,2021-04-22 15:03:00,QFIN
25.846,25.846,25.846,25.846,100,2021-04-22 15:04:00,QFIN
25.835,25.835,25.81,25.81,400,2021-04-22 15:05:00,QFIN
25.86,25.86,25.85,25.85,2000,2021-04-22 15:06:00,QFIN
25.865,25.865,25.865,25.865,200,2021-04-22 15:07:00,QFIN
25.865,25.865,25.845,25.845,600,2021-04-22 15:08:00,QFIN
25.845,25.845,25.78,25.78,1599,2021-04-22 15:09:00,QFIN
25.77,25.775,25.76,25.775,1900,2021-04-22 15:10:00,QFIN
25.75,25.81,25.75,25.81,3352,2021-04-22 15:11:00,QFIN
25.8504,25.8504,25.8504,25.8504,266,2021-04-22 15:12:00,QFIN
25.815,25.815,25.815,25.815,100,2021-04-22 15:13:00,QFIN
25.815,25.815,25.79,25.79,500,2021-04-22 15:14:00,QFIN
25.8216,25.8216,25.79,25.79,300,2021-04-22 15:15:00,QFIN
25.81,25.82,25.81,25.81,300,2021-04-22 15:16:00,QFIN
25.81,25.81,25.76,25.77,4787,2021-04-22 15:17:00,QFIN
25.81,25.82,25.81,25.82,719,2021-04-22 15:18:00,QFIN
25.82,25.82,25.82,25.82,500,2021-04-22 15:19:00,QFIN
25.82,25.82,25.82,25.82,400,2021-04-22 15:20:00,QFIN
25.83,25.83,25.83,25.83,300,2021-04-22 15:21:00,QFIN
25.8358,25.89,25.825,25.89,2100,2021-04-22 15:22:00,QFIN
25.9099,25.9099,25.889,25.889,1412,2021-04-22 15:23:00,QFIN
25.89,25.89,25.89,25.89,300,2021-04-22 15:24:00,QFIN
25.9,25.9697,25.9,25.9697,2454,2021-04-22 15:26:00,QFIN
25.95,25.95,25.93,25.93,700,2021-04-22 15:27:00,QFIN
25.96,25.985,25.96,25.97,2126,2021-04-22 15:29:00,QFIN
25.98,26.03,25.98,26.03,3693,2021-04-22 15:30:00,QFIN
25.99,26.13,25.99,26.1,13627,2021-04-22 15:31:00,QFIN
26.0801,26.13,26.0801,26.13,900,2021-04-22 15:32:00,QFIN
26.128,26.14,26.1143,26.125,3014,2021-04-22 15:33:00,QFIN
26.125,26.125,26.055,26.055,1600,2021-04-22 15:35:00,QFIN
26.07,26.11,26.04,26.11,6984,2021-04-22 15:36:00,QFIN
26.11,26.14,26.105,26.14,2100,2021-04-22 15:37:00,QFIN
26.11,26.14,26.11,26.11,652,2021-04-22 15:38:00,QFIN
26.11,26.14,26.11,26.11,2649,2021-04-22 15:39:00,QFIN
26.11,26.11,26.1,26.1,700,2021-04-22 15:40:00,QFIN
26.095,26.095,25.98,26.03,5196,2021-04-22 15:41:00,QFIN
26.07,26.1,26.05,26.05,2049,2021-04-22 15:42:00,QFIN
26.06,26.0622,26.0,26.0599,1400,2021-04-22 15:43:00,QFIN
26.04,26.04,26.03,26.03,1500,2021-04-22 15:44:00,QFIN
26.02,26.035,26.02,26.03,1100,2021-04-22 15:45:00,QFIN
26.035,26.04,25.99,25.99,4632,2021-04-22 15:46:00,QFIN
26.0,26.0,25.96,25.97,1700,2021-04-22 15:47:00,QFIN
25.96,26.02,25.96,26.02,4200,2021-04-22 15:48:00,QFIN
25.99,26.02,25.96,26.01,3100,2021-04-22 15:49:00,QFIN
26.01,26.01,26.0,26.01,1355,2021-04-22 15:50:00,QFIN
26.0,26.02,25.99,25.99,7643,2021-04-22 15:51:00,QFIN
25.99,25.99,25.9,25.9,1600,2021-04-22 15:52:00,QFIN
25.9222,25.9222,25.9,25.9,1200,2021-04-22 15:53:00,QFIN
25.9186,25.93,25.89,25.93,1500,2021-04-22 15:54:00,QFIN
25.935,26.01,25.935,26.01,4800,2021-04-22 15:55:00,QFIN
25.985,26.01,25.91,25.91,6368,2021-04-22 15:56:00,QFIN
25.935,25.935,25.935,25.935,300,2021-04-22 15:57:00,QFIN
25.935,25.935,25.935,25.935,300,2021-04-22 15:58:00,QFIN
25.935,25.95,25.935,25.95,2692,2021-04-22 15:59:00,QFIN
25.945,25.96,25.945,25.96,600,2021-04-22 16:00:00,QFIN
25.945,25.945,25.93,25.945,730,2021-04-22 16:01:00,QFIN
25.94,25.94,25.93,25.93,500,2021-04-22 16:02:00,QFIN
25.93,25.93,25.89,25.89,3364,2021-04-22 16:03:00,QFIN
25.8771,25.88,25.86,25.88,600,2021-04-22 16:04:00,QFIN
25.865,25.87,25.86,25.87,1300,2021-04-22 16:05:00,QFIN
25.86,25.88,25.86,25.88,1000,2021-04-22 16:06:00,QFIN
25.87,25.88,25.87,25.87,300,2021-04-22 16:07:00,QFIN
25.865,25.865,25.76,25.7927,4500,2021-04-22 16:09:00,QFIN
25.78,25.78,25.76,25.78,1785,2021-04-22 16:10:00,QFIN
25.775,25.84,25.775,25.82,2226,2021-04-22 16:11:00,QFIN
25.8081,25.85,25.8081,25.85,1300,2021-04-22 16:12:00,QFIN
25.87,25.89,25.865,25.865,400,2021-04-22 16:13:00,QFIN
25.89,25.9131,25.88,25.905,4144,2021-04-22 16:14:00,QFIN
25.905,25.9166,25.905,25.905,1700,2021-04-22 16:15:00,QFIN
25.9133,25.92,25.905,25.92,3257,2021-04-22 16:16:00,QFIN
25.92,25.9267,25.88,25.88,2956,2021-04-22 16:17:00,QFIN
25.89,25.91,25.89,25.91,825,2021-04-22 16:18:00,QFIN
25.91,25.91,25.91,25.91,400,2021-04-22 16:19:00,QFIN
25.905,25.9678,25.905,25.9678,2600,2021-04-22 16:20:00,QFIN
25.99,26.06,25.99,26.05,3427,2021-04-22 16:21:00,QFIN
26.06,26.17,26.06,26.1649,12932,2021-04-22 16:22:00,QFIN
26.13,26.17,26.13,26.17,3809,2021-04-22 16:23:00,QFIN
26.175,26.21,26.16,26.21,1986,2021-04-22 16:24:00,QFIN
26.275,26.3,26.275,26.2965,1865,2021-04-22 16:25:00,QFIN
26.3,26.39,26.3,26.39,5240,2021-04-22 16:26:00,QFIN
26.3899,26.39,26.365,26.375,1600,2021-04-22 16:27:00,QFIN
26.39,26.4396,26.38,26.39,14337,2021-04-22 16:28:00,QFIN
26.405,26.405,26.27,26.27,1497,2021-04-22 16:29:00,QFIN
26.3,26.3,26.3,26.3,100,2021-04-22 16:30:00,QFIN
26.27,26.27,26.27,26.27,200,2021-04-22 16:31:00,QFIN
26.3,26.31,26.271,26.271,1020,2021-04-22 16:32:00,QFIN
26.29,26.34,26.285,26.33,4200,2021-04-22 16:33:00,QFIN
26.346,26.42,26.346,26.42,4612,2021-04-22 16:35:00,QFIN
26.43,26.49,26.42,26.46,4323,2021-04-22 16:36:00,QFIN
26.4362,26.49,26.4301,26.445,2300,2021-04-22 16:37:00,QFIN
26.445,26.54,26.43,26.52,25219,2021-04-22 16:38:00,QFIN
26.52,26.54,26.52,26.54,4335,2021-04-22 16:39:00,QFIN
26.5483,26.5483,26.38,26.4,8122,2021-04-22 16:40:00,QFIN
26.4578,26.4599,26.395,26.425,2550,2021-04-22 16:41:00,QFIN
26.4402,26.4402,26.4,26.425,2800,2021-04-22 16:42:00,QFIN
26.4,26.41,26.36,26.36,2488,2021-04-22 16:43:00,QFIN
26.33,26.35,26.31,26.31,1000,2021-04-22 16:44:00,QFIN
26.31,26.33,26.3,26.3,1070,2021-04-22 16:45:00,QFIN
26.31,26.35,26.3,26.3,2047,2021-04-22 16:46:00,QFIN
26.3123,26.315,26.3,26.3,1100,2021-04-22 16:47:00,QFIN
26.33,26.34,26.325,26.33,1100,2021-04-22 16:48:00,QFIN
26.33,26.39,26.325,26.39,28158,2021-04-22 16:49:00,QFIN
26.389,26.389,26.33,26.335,2637,2021-04-22 16:51:00,QFIN
26.335,26.35,26.33,26.34,1800,2021-04-22 16:52:00,QFIN
26.345,26.36,26.33,26.36,1600,2021-04-22 16:53:00,QFIN
26.3391,26.3391,26.33,26.33,900,2021-04-22 16:54:00,QFIN
26.36,26.3718,26.33,26.3718,2486,2021-04-22 16:55:00,QFIN
26.36,26.36,26.36,26.36,100,2021-04-22 16:56:00,QFIN
26.355,26.355,26.29,26.3,2600,2021-04-22 16:57:00,QFIN
26.2855,26.295,26.26,26.27,6862,2021-04-22 16:58:00,QFIN
26.25,26.28,26.25,26.28,400,2021-04-22 16:59:00,QFIN
26.28,26.28,26.19,26.19,14750,2021-04-22 17:00:00,QFIN
26.18,26.22,26.16,26.22,719,2021-04-22 17:01:00,QFIN
26.22,26.22,26.18,26.185,700,2021-04-22 17:02:00,QFIN
26.185,26.185,26.13,26.13,5000,2021-04-22 17:03:00,QFIN
26.1426,26.16,26.13,26.16,700,2021-04-22 17:04:00,QFIN
26.13,26.155,26.13,26.155,600,2021-04-22 17:05:00,QFIN
26.13,26.145,26.025,26.045,8005,2021-04-22 17:06:00,QFIN
26.045,26.05,25.87,26.01,11710,2021-04-22 17:07:00,QFIN
26.03,26.03,25.98,25.98,1000,2021-04-22 17:08:00,QFIN
25.98,25.98,25.96,25.96,200,2021-04-22 17:09:00,QFIN
25.94,25.94,25.89,25.9,900,2021-04-22 17:10:00,QFIN
25.88,25.88,25.785,25.785,4451,2021-04-22 17:11:00,QFIN
25.75,25.82,25.71,25.805,3979,2021-04-22 17:12:00,QFIN
25.78,25.86,25.77,25.82,3279,2021-04-22 17:13:00,QFIN
25.8499,25.8499,25.83,25.83,1600,2021-04-22 17:14:00,QFIN
25.83,25.83,25.81,25.825,1297,2021-04-22 17:15:00,QFIN
25.8001,25.82,25.8001,25.82,400,2021-04-22 17:16:00,QFIN
25.815,25.815,25.76,25.76,2696,2021-04-22 17:17:00,QFIN
25.73,25.73,25.61,25.64,2365,2021-04-22 17:18:00,QFIN
25.64,25.64,25.44,25.45,11769,2021-04-22 17:19:00,QFIN
25.468,25.51,25.42,25.46,5012,2021-04-22 17:20:00,QFIN
25.42,25.545,25.42,25.545,2452,2021-04-22 17:21:00,QFIN
25.529,25.585,25.529,25.585,800,2021-04-22 17:22:00,QFIN
25.585,25.65,25.585,25.65,2000,2021-04-22 17:23:00,QFIN
25.655,25.699,25.655,25.699,200,2021-04-22 17:24:00,QFIN
25.65,25.65,25.6201,25.65,700,2021-04-22 17:25:00,QFIN
25.675,25.69,25.675,25.69,300,2021-04-22 17:26:00,QFIN
25.74,25.77,25.72,25.77,700,2021-04-22 17:27:00,QFIN
25.7912,25.94,25.7912,25.94,6510,2021-04-22 17:28:00,QFIN
25.9281,25.93,25.885,25.91,1154,2021-04-22 17:29:00,QFIN
25.88,25.93,25.7,25.815,2230,2021-04-22 17:30:00,QFIN
25.83,25.83,25.75,25.75,300,2021-04-22 17:31:00,QFIN
25.795,25.805,25.795,25.805,200,2021-04-22 17:32:00,QFIN
25.81,25.825,25.81,25.825,200,2021-04-22 17:33:00,QFIN
25.82,25.86,25.77,25.86,1500,2021-04-22 17:34:00,QFIN
25.815,25.815,25.815,25.815,200,2021-04-22 17:35:00,QFIN
25.815,25.815,25.815,25.815,100,2021-04-22 17:36:00,QFIN
25.82,25.82,25.78,25.79,400,2021-04-22 17:37:00,QFIN
25.77,25.78,25.63,25.63,3244,2021-04-22 17:38:00,QFIN
25.615,25.62,25.615,25.62,400,2021-04-22 17:39:00,QFIN
25.625,25.69,25.61,25.645,6748,2021-04-22 17:40:00,QFIN
25.645,25.645,25.58,25.63,4165,2021-04-22 17:42:00,QFIN
25.65,25.69,25.65,25.69,550,2021-04-22 17:43:00,QFIN
25.69,25.69,25.5761,25.595,1145,2021-04-22 17:44:00,QFIN
25.57,25.57,25.53,25.56,400,2021-04-22 17:45:00,QFIN
25.62,25.62,25.62,25.62,200,2021-04-22 17:46:00,QFIN
25.605,25.6599,25.605,25.61,3800,2021-04-22 17:47:00,QFIN
25.605,25.625,25.605,25.625,200,2021-04-22 17:48:00,QFIN
25.66,25.66,25.55,25.55,300,2021-04-22 17:49:00,QFIN
25.56,25.56,25.5,25.5,200,2021-04-22 17:50:00,QFIN
25.49,25.54,25.49,25.54,1000,2021-04-22 17:51:00,QFIN
25.55,25.56,25.465,25.465,4599,2021-04-22 17:52:00,QFIN
25.558,25.558,25.44,25.5,2023,2021-04-22 17:53:00,QFIN
25.43,25.43,25.41,25.41,1420,2021-04-22 17:54:00,QFIN
25.415,25.53,25.3601,25.44,1934,2021-04-22 17:55:00,QFIN
25.435,25.435,25.37,25.425,300,2021-04-22 17:56:00,QFIN
25.42,25.42,25.3401,25.42,3210,2021-04-22 17:57:00,QFIN
25.4,25.425,25.4,25.425,710,2021-04-22 17:58:00,QFIN
25.43,25.52,25.43,25.515,900,2021-04-22 17:59:00,QFIN
25.55,25.55,25.43,25.435,3375,2021-04-22 18:00:00,QFIN
25.48,25.48,25.48,25.48,858,2021-04-22 18:01:00,QFIN
25.455,25.46,25.38,25.4,2700,2021-04-22 18:02:00,QFIN
25.42,25.44,25.34,25.44,1500,2021-04-22 18:03:00,QFIN
25.5,25.5,25.425,25.47,2641,2021-04-22 18:04:00,QFIN
25.47,25.48,25.4603,25.48,706,2021-04-22 18:05:00,QFIN
25.52,25.52,25.45,25.495,2834,2021-04-22 18:06:00,QFIN
25.54,25.55,25.52,25.52,500,2021-04-22 18:07:00,QFIN
25.49,25.49,25.49,25.49,100,2021-04-22 18:08:00,QFIN
25.56,25.66,25.56,25.625,600,2021-04-22 18:09:00,QFIN
25.625,25.625,25.59,25.62,999,2021-04-22 18:10:00,QFIN
25.62,25.65,25.62,25.625,300,2021-04-22 18:11:00,QFIN
25.62,25.65,25.62,25.65,300,2021-04-22 18:13:00,QFIN
25.62,25.67,25.62,25.635,1020,2021-04-22 18:14:00,QFIN
25.635,25.635,25.635,25.635,200,2021-04-22 18:15:00,QFIN
25.66,25.66,25.66,25.66,100,2021-04-22 18:16:00,QFIN
25.67,25.67,25.635,25.635,1100,2021-04-22 18:17:00,QFIN
25.67,25.685,25.64,25.66,2518,2021-04-22 18:18:00,QFIN
25.685,25.685,25.65,25.6841,600,2021-04-22 18:19:00,QFIN
25.675,25.675,25.675,25.675,100,2021-04-22 18:20:00,QFIN
25.71,25.71,25.64,25.675,400,2021-04-22 18:21:00,QFIN
25.675,25.675,25.63,25.634,1900,2021-04-22 18:22:00,QFIN
25.655,25.655,25.62,25.62,800,2021-04-22 18:23:00,QFIN
25.66,25.66,25.55,25.55,6112,2021-04-22 18:24:00,QFIN
25.57,25.57,25.57,25.57,100,2021-04-22 18:25:00,QFIN
25.54,25.57,25.515,25.5415,2504,2021-04-22 18:26:00,QFIN
25.56,25.62,25.56,25.6,804,2021-04-22 18:27:00,QFIN
25.5901,25.7,25.5901,25.7,1300,2021-04-22 18:28:00,QFIN
25.695,25.71,25.695,25.7,400,2021-04-22 18:29:00,QFIN
25.7574,25.7574,25.7574,25.7574,100,2021-04-22 18:30:00,QFIN
25.75,25.755,25.72,25.73,3700,2021-04-22 18:31:00,QFIN
25.745,25.745,25.745,25.745,100,2021-04-22 18:32:00,QFIN
25.745,25.745,25.72,25.72,200,2021-04-22 18:33:00,QFIN
25.735,25.735,25.69,25.69,1000,2021-04-22 18:34:00,QFIN
25.7,25.7,25.7,25.7,100,2021-04-22 18:36:00,QFIN
25.68,25.71,25.68,25.71,2100,2021-04-22 18:37:00,QFIN
25.715,25.7204,25.715,25.7204,260,2021-04-22 18:38:00,QFIN
25.715,25.77,25.715,25.755,800,2021-04-22 18:39:00,QFIN
25.755,25.755,25.755,25.755,100,2021-04-22 18:40:00,QFIN
25.78,25.785,25.78,25.78,1800,2021-04-22 18:41:00,QFIN
25.78,25.78,25.78,25.78,1000,2021-04-22 18:42:00,QFIN
25.8,25.83,25.79,25.79,2269,2021-04-22 18:43:00,QFIN
25.81,25.81,25.78,25.81,400,2021-04-22 18:44:00,QFIN
25.815,25.815,25.815,25.815,250,2021-04-22 18:45:00,QFIN
25.815,25.815,25.77,25.77,1150,2021-04-22 18:46:00,QFIN
25.77,25.8195,25.77,25.8195,420,2021-04-22 18:47:00,QFIN
25.795,25.795,25.795,25.795,100,2021-04-22 18:48:00,QFIN
25.795,25.795,25.65,25.65,2850,2021-04-22 18:49:00,QFIN
25.7,25.71,25.7,25.71,400,2021-04-22 18:50:00,QFIN
25.69,25.69,25.69,25.69,200,2021-04-22 18:51:00,QFIN
25.69,25.69,25.62,25.64,990,2021-04-22 18:52:00,QFIN
25.65,25.65,25.62,25.62,300,2021-04-22 18:53:00,QFIN
25.645,25.645,25.645,25.645,100,2021-04-22 18:54:00,QFIN
25.65,25.68,25.64,25.64,400,2021-04-22 18:55:00,QFIN
25.635,25.68,25.635,25.68,600,2021-04-22 18:56:00,QFIN
25.66,25.725,25.66,25.725,1000,2021-04-22 18:57:00,QFIN
25.738,25.738,25.738,25.738,100,2021-04-22 18:58:00,QFIN
25.73,25.75,25.69,25.69,780,2021-04-22 18:59:00,QFIN
25.71,25.74,25.71,25.74,200,2021-04-22 19:00:00,QFIN
25.74,25.79,25.74,25.765,700,2021-04-22 19:01:00,QFIN
25.765,25.765,25.765,25.765,100,2021-04-22 19:02:00,QFIN
25.765,25.765,25.73,25.76,926,2021-04-22 19:03:00,QFIN
25.74,25.76,25.74,25.76,300,2021-04-22 19:04:00,QFIN
25.78,25.78,25.78,25.78,100,2021-04-22 19:05:00,QFIN
25.73,25.77,25.62,25.66,2802,2021-04-22 19:07:00,QFIN
25.65,25.6936,25.65,25.6936,400,2021-04-22 19:08:00,QFIN
25.685,25.685,25.62,25.62,400,2021-04-22 19:09:00,QFIN
25.625,25.625,25.625,25.625,100,2021-04-22 19:10:00,QFIN
25.615,25.615,25.615,25.615,100,2021-04-22 19:11:00,QFIN
25.625,25.625,25.625,25.625,200,2021-04-22 19:13:00,QFIN
25.635,25.635,25.61,25.62,600,2021-04-22 19:15:00,QFIN
25.62,25.62,25.56,25.56,2600,2021-04-22 19:16:00,QFIN
25.5407,25.5407,25.52,25.52,2400,2021-04-22 19:17:00,QFIN
25.5098,25.525,25.5098,25.525,1600,2021-04-22 19:18:00,QFIN
25.53,25.57,25.51,25.52,1404,2021-04-22 19:19:00,QFIN
25.52,25.55,25.505,25.505,1400,2021-04-22 19:20:00,QFIN
25.51,25.56,25.51,25.52,1900,2021-04-22 19:21:00,QFIN
25.545,25.56,25.545,25.56,200,2021-04-22 19:22:00,QFIN
25.52,25.54,25.51,25.53,1700,2021-04-22 19:23:00,QFIN
25.53,25.53,25.51,25.51,400,2021-04-22 19:24:00,QFIN
25.5003,25.6,25.5003,25.58,4672,2021-04-22 19:25:00,QFIN
25.61,25.61,25.575,25.575,260,2021-04-22 19:26:00,QFIN
25.575,25.575,25.55,25.55,200,2021-04-22 19:27:00,QFIN
25.57,25.58,25.54,25.57,1200,2021-04-22 19:29:00,QFIN
25.55,25.57,25.545,25.56,800,2021-04-22 19:30:00,QFIN
25.59,25.62,25.59,25.61,1505,2021-04-22 19:31:00,QFIN
25.6,25.63,25.6,25.63,800,2021-04-22 19:33:00,QFIN
25.62,25.62,25.61,25.62,400,2021-04-22 19:34:00,QFIN
25.62,25.623,25.6,25.6215,800,2021-04-22 19:35:00,QFIN
25.63,25.67,25.63,25.67,3794,2021-04-22 19:36:00,QFIN
25.68,25.68,25.63,25.66,2704,2021-04-22 19:37:00,QFIN
25.63,25.67,25.63,25.67,596,2021-04-22 19:38:00,QFIN
25.66,25.67,25.66,25.66,700,2021-04-22 19:39:00,QFIN
25.665,25.69,25.665,25.69,2476,2021-04-22 19:40:00,QFIN
25.71,25.74,25.69,25.69,2575,2021-04-22 19:41:00,QFIN
25.68,25.7,25.666,25.69,5840,2021-04-22 19:42:00,QFIN
25.69,25.69,25.63,25.63,5130,2021-04-22 19:43:00,QFIN
25.595,25.63,25.58,25.59,5800,2021-04-22 19:44:00,QFIN
25.6,25.65,25.5701,25.65,3508,2021-04-22 19:45:00,QFIN
25.655,25.67,25.655,25.665,1651,2021-04-22 19:46:00,QFIN
25.665,25.68,25.64,25.67,2857,2021-04-22 19:47:00,QFIN
25.69,25.69,25.66,25.67,3481,2021-04-22 19:48:00,QFIN
25.67,25.68,25.615,25.615,2030,2021-04-22 19:49:00,QFIN
25.63,25.65,25.6,25.65,3732,2021-04-22 19:50:00,QFIN
25.66,25.66,25.62,25.6592,2979,2021-04-22 19:51:00,QFIN
25.645,25.645,25.6,25.6443,3024,2021-04-22 19:52:00,QFIN
25.63,25.68,25.625,25.67,7537,2021-04-22 19:53:00,QFIN
25.65,25.67,25.63,25.64,1470,2021-04-22 19:54:00,QFIN
25.65,25.67,25.59,25.6,3181,2021-04-22 19:55:00,QFIN
25.595,25.67,25.58,25.65,9247,2021-04-22 19:56:00,QFIN
25.65,25.68,25.65,25.66,2465,2021-04-22 19:57:00,QFIN
25.665,25.74,25.665,25.74,20441,2021-04-22 19:58:00,QFIN
25.74,25.75,25.7,25.7,14167,2021-04-22 19:59:00,QFIN
25.71,25.71,25.71,25.71,20858,2021-04-22 20:00:00,QFIN
25.71,25.71,25.71,25.71,150,2021-04-22 20:37:00,QFIN
25.85,25.85,25.85,25.85,700,2021-04-22 20:59:00,QFIN
25.85,25.85,25.85,25.85,1675,2021-04-22 21:00:00,QFIN
25.7,25.7,25.43,25.43,200,2021-04-22 21:13:00,QFIN
25.8,25.8,25.8,25.8,100,2021-04-22 23:40:00,QFIN
25.8,25.8,25.8,25.8,100,2021-04-22 23:41:00,QFIN
26.25,26.25,26.25,26.25,209,2021-04-23 12:21:00,QFIN
26.25,26.25,26.25,26.25,480,2021-04-23 12:22:00,QFIN
26.25,26.25,26.25,26.25,200,2021-04-23 12:23:00,QFIN
26.25,26.25,26.25,26.25,579,2021-04-23 12:24:00,QFIN
26.2999,26.2999,26.2999,26.2999,190,2021-04-23 12:30:00,QFIN
26.1,26.3,26.1,26.3,283,2021-04-23 12:31:00,QFIN
26.3,26.3,26.3,26.3,200,2021-04-23 12:35:00,QFIN
26.1,26.29,26.1,26.29,840,2021-04-23 12:38:00,QFIN
26.2,26.2,26.2,26.2,1500,2021-04-23 12:48:00,QFIN
26.24,26.24,26.24,26.24,100,2021-04-23 12:50:00,QFIN
26.22,26.3,26.22,26.3,1459,2021-04-23 13:07:00,QFIN
26.29,26.3,26.29,26.3,200,2021-04-23 13:15:00,QFIN
26.25,26.25,26.25,26.25,100,2021-04-23 13:25:00,QFIN
26.1,26.11,26.0,26.0,2647,2021-04-23 13:28:00,QFIN
26.01,26.01,26.01,26.01,240,2021-04-23 13:29:00,QFIN
26.0,26.06,25.82,25.82,21024,2021-04-23 13:30:00,QFIN
25.9728,25.99,25.76,25.895,2566,2021-04-23 13:31:00,QFIN
25.895,26.0,25.8911,26.0,2200,2021-04-23 13:32:00,QFIN
25.9264,26.2074,25.9264,26.2059,2700,2021-04-23 13:33:00,QFIN
26.23,26.42,26.225,26.3815,4329,2021-04-23 13:34:00,QFIN
26.315,26.5,26.29,26.29,12096,2021-04-23 13:35:00,QFIN
26.35,26.45,26.3,26.36,4824,2021-04-23 13:36:00,QFIN
26.36,26.4,26.21,26.3,21921,2021-04-23 13:37:00,QFIN
26.3,26.44,26.3,26.43,3500,2021-04-23 13:38:00,QFIN
26.45,26.48,26.43,26.48,2623,2021-04-23 13:39:00,QFIN
26.49,26.63,26.49,26.57,17654,2021-04-23 13:40:00,QFIN
26.57,26.6,26.54,26.57,2756,2021-04-23 13:41:00,QFIN
26.55,26.75,26.51,26.75,11449,2021-04-23 13:42:00,QFIN
26.75,26.79,26.59,26.59,13594,2021-04-23 13:43:00,QFIN
26.58,26.6,26.5,26.553,2565,2021-04-23 13:44:00,QFIN
26.51,26.72,26.51,26.71,3364,2021-04-23 13:45:00,QFIN
26.71,26.72,26.52,26.6899,5770,2021-04-23 13:46:00,QFIN
26.66,26.72,26.64,26.7,3915,2021-04-23 13:47:00,QFIN
26.7,26.73,26.61,26.72,4055,2021-04-23 13:48:00,QFIN
26.69,26.75,26.69,26.72,5624,2021-04-23 13:49:00,QFIN
26.72,27.15,26.72,27.0,68377,2021-04-23 13:50:00,QFIN
26.98,27.13,26.95,27.05,16949,2021-04-23 13:51:00,QFIN
27.03,27.0699,26.9721,26.98,9860,2021-04-23 13:52:00,QFIN
26.96,27.03,26.88,26.97,7199,2021-04-23 13:53:00,QFIN
26.97,27.05,26.89,27.02,12079,2021-04-23 13:54:00,QFIN
27.05,27.05,26.875,26.95,15700,2021-04-23 13:55:00,QFIN
26.91,26.93,26.8401,26.86,4485,2021-04-23 13:56:00,QFIN
26.88,26.94,26.88,26.89,2900,2021-04-23 13:57:00,QFIN
26.91,27.0,26.91,26.98,8349,2021-04-23 13:58:00,QFIN
26.96,27.0384,26.96,27.03,4579,2021-04-23 13:59:00,QFIN
27.04,27.1499,27.02,27.05,3450,2021-04-23 14:00:00,QFIN
27.1,27.245,27.1,27.185,4175,2021-04-23 14:01:00,QFIN
27.17,27.19,27.0507,27.115,2006,2021-04-23 14:02:00,QFIN
27.115,27.12,27.03,27.05,4108,2021-04-23 14:03:00,QFIN
27.07,27.12,27.05,27.05,3147,2021-04-23 14:04:00,QFIN
27.05,27.16,27.05,27.16,6688,2021-04-23 14:05:00,QFIN
27.1271,27.15,27.05,27.15,3418,2021-04-23 14:06:00,QFIN
27.15,27.16,27.06,27.1121,1600,2021-04-23 14:07:00,QFIN
27.06,27.1271,27.06,27.09,2941,2021-04-23 14:08:00,QFIN
27.06,27.13,27.06,27.07,500,2021-04-23 14:09:00,QFIN
27.06,27.14,27.04,27.14,3100,2021-04-23 14:10:00,QFIN
27.127,27.19,27.1,27.14,3920,2021-04-23 14:11:00,QFIN
27.172,27.172,27.09,27.13,2229,2021-04-23 14:12:00,QFIN
27.09,27.11,27.05,27.05,1119,2021-04-23 14:13:00,QFIN
27.09,27.15,27.0701,27.14,2419,2021-04-23 14:14:00,QFIN
27.12,27.17,27.07,27.07,4205,2021-04-23 14:15:00,QFIN
27.139,27.139,26.83,26.85,6946,2021-04-23 14:16:00,QFIN
26.85,26.85,26.7135,26.7412,6200,2021-04-23 14:17:00,QFIN
26.7178,26.78,26.7,26.7,8154,2021-04-23 14:18:00,QFIN
26.77,26.79,26.7,26.71,4949,2021-04-23 14:19:00,QFIN
26.7,26.7,26.61,26.635,10237,2021-04-23 14:20:00,QFIN
26.62,26.68,26.56,26.56,5780,2021-04-23 14:21:00,QFIN
26.59,26.64,26.59,26.6,1900,2021-04-23 14:22:00,QFIN
26.63,26.64,26.6299,26.64,1839,2021-04-23 14:23:00,QFIN
26.68,26.69,26.45,26.52,24728,2021-04-23 14:24:00,QFIN
26.56,26.57,26.48,26.5,5738,2021-04-23 14:25:00,QFIN
26.52,26.5894,26.46,26.5894,4983,2021-04-23 14:26:00,QFIN
26.55,26.58,26.51,26.51,3180,2021-04-23 14:27:00,QFIN
26.51,26.51,26.19,26.48,31377,2021-04-23 14:28:00,QFIN
26.5,26.52,26.47,26.47,3457,2021-04-23 14:29:00,QFIN
26.468,26.468,26.468,26.468,300,2021-04-23 14:30:00,QFIN
26.49,26.59,26.43,26.59,3634,2021-04-23 14:31:00,QFIN
26.59,26.6399,26.58,26.59,7921,2021-04-23 14:32:00,QFIN
26.5899,26.59,26.54,26.58,2300,2021-04-23 14:33:00,QFIN
26.605,26.64,26.57,26.57,8104,2021-04-23 14:34:00,QFIN
26.59,26.59,26.3501,26.3501,8077,2021-04-23 14:35:00,QFIN
26.4599,26.57,26.36,26.5519,14738,2021-04-23 14:36:00,QFIN
26.52,26.525,26.52,26.525,700,2021-04-23 14:37:00,QFIN
26.55,26.56,26.48,26.5,5638,2021-04-23 14:38:00,QFIN
26.48,26.57,26.48,26.56,8375,2021-04-23 14:39:00,QFIN
26.56,26.5794,26.54,26.54,3127,2021-04-23 14:40:00,QFIN
26.54,26.54,26.4957,26.4957,733,2021-04-23 14:41:00,QFIN
26.48,26.48,26.48,26.48,450,2021-04-23 14:42:00,QFIN
26.45,26.48,26.395,26.4396,9442,2021-04-23 14:43:00,QFIN
26.43,26.44,26.37,26.44,2675,2021-04-23 14:44:00,QFIN
26.4193,26.45,26.4,26.44,2757,2021-04-23 14:45:00,QFIN
26.45,26.48,26.4459,26.48,4509,2021-04-23 14:46:00,QFIN
26.47,26.51,26.44,26.485,1150,2021-04-23 14:47:00,QFIN
26.47,26.47,26.46,26.46,1000,2021-04-23 14:48:00,QFIN
26.5,26.52,26.48,26.49,2182,2021-04-23 14:49:00,QFIN
26.48,26.49,26.39,26.439,6339,2021-04-23 14:50:00,QFIN
26.4199,26.48,26.4199,26.47,990,2021-04-23 14:51:00,QFIN
26.47,26.52,26.47,26.52,1570,2021-04-23 14:52:00,QFIN
26.54,26.57,26.465,26.465,2721,2021-04-23 14:53:00,QFIN
26.42,26.48,26.39,26.39,1700,2021-04-23 14:54:00,QFIN
26.4,26.4434,26.36,26.425,14523,2021-04-23 14:55:00,QFIN
26.4,26.45,26.4,26.44,1150,2021-04-23 14:56:00,QFIN
26.47,26.515,26.45,26.47,2700,2021-04-23 14:57:00,QFIN
26.46,26.47,26.35,26.35,3200,2021-04-23 14:58:00,QFIN
26.4,26.44,26.4,26.44,600,2021-04-23 14:59:00,QFIN
26.45,26.45,26.4,26.4,2250,2021-04-23 15:00:00,QFIN
26.4,26.49,26.4,26.44,3550,2021-04-23 15:01:00,QFIN
26.4413,26.479,26.4,26.479,400,2021-04-23 15:02:00,QFIN
26.38,26.57,26.34,26.51,18177,2021-04-23 15:03:00,QFIN
26.51,26.6299,26.51,26.5945,5539,2021-04-23 15:04:00,QFIN
26.6265,26.6657,26.6265,26.6606,1916,2021-04-23 15:05:00,QFIN
26.6699,26.72,26.62,26.7199,27860,2021-04-23 15:06:00,QFIN
26.72,26.72,26.65,26.6999,21074,2021-04-23 15:07:00,QFIN
26.63,26.63,26.63,26.63,100,2021-04-23 15:08:00,QFIN
26.63,26.63,26.52,26.565,3100,2021-04-23 15:09:00,QFIN
26.57,26.61,26.49,26.52,8636,2021-04-23 15:10:00,QFIN
26.47,26.47,26.33,26.45,7683,2021-04-23 15:11:00,QFIN
26.45,26.45,26.45,26.45,100,2021-04-23 15:12:00,QFIN
26.415,26.46,26.3982,26.45,3484,2021-04-23 15:13:00,QFIN
26.47,26.48,26.4699,26.48,2375,2021-04-23 15:14:00,QFIN
26.48,26.5699,26.48,26.5699,1850,2021-04-23 15:15:00,QFIN
26.57,26.57,26.51,26.51,2199,2021-04-23 15:16:00,QFIN
26.51,26.51,26.5,26.5,979,2021-04-23 15:17:00,QFIN
26.54,26.55,26.54,26.541,3100,2021-04-23 15:18:00,QFIN
26.58,26.58,26.58,26.58,250,2021-04-23 15:19:00,QFIN
26.58,26.58,26.573,26.573,200,2021-04-23 15:20:00,QFIN
26.56,26.57,26.56,26.5654,600,2021-04-23 15:21:00,QFIN
26.58,26.61,26.57,26.59,1885,2021-04-23 15:22:00,QFIN
26.61,26.6353,26.6081,26.6353,3383,2021-04-23 15:23:00,QFIN
26.6399,26.6399,26.58,26.59,1150,2021-04-23 15:24:00,QFIN
26.585,26.585,26.585,26.585,100,2021-04-23 15:25:00,QFIN
26.59,26.6,26.59,26.59,500,2021-04-23 15:26:00,QFIN
26.61,26.625,26.61,26.61,1000,2021-04-23 15:27:00,QFIN
26.62,26.62,26.57,26.57,941,2021-04-23 15:28:00,QFIN
26.55,26.59,26.53,26.59,2009,2021-04-23 15:29:00,QFIN
26.5411,26.5411,26.5411,26.5411,100,2021-04-23 15:30:00,QFIN
26.54,26.5637,26.54,26.5637,300,2021-04-23 15:31:00,QFIN
26.5401,26.5401,26.54,26.54,450,2021-04-23 15:32:00,QFIN
26.56,26.56,26.55,26.55,1540,2021-04-23 15:33:00,QFIN
26.54,26.54,26.4309,26.4309,1948,2021-04-23 15:34:00,QFIN
26.4553,26.5,26.4501,26.49,1204,2021-04-23 15:35:00,QFIN
26.5044,26.55,26.49,26.55,1313,2021-04-23 15:36:00,QFIN
26.52,26.52,26.52,26.52,100,2021-04-23 15:37:00,QFIN
26.57,26.57,26.57,26.57,490,2021-04-23 15:38:00,QFIN
26.5311,26.5311,26.52,26.52,539,2021-04-23 15:39:00,QFIN
26.5233,26.54,26.5233,26.54,1100,2021-04-23 15:40:00,QFIN
26.56,26.56,26.53,26.53,1500,2021-04-23 15:42:00,QFIN
26.52,26.52,26.47,26.47,1300,2021-04-23 15:44:00,QFIN
26.475,26.4899,26.45,26.45,600,2021-04-23 15:45:00,QFIN
26.5,26.52,26.48,26.48,1553,2021-04-23 15:46:00,QFIN
26.48,26.495,26.48,26.495,300,2021-04-23 15:47:00,QFIN
26.51,26.59,26.51,26.565,2867,2021-04-23 15:48:00,QFIN
26.565,26.565,26.56,26.56,300,2021-04-23 15:49:00,QFIN
26.55,26.57,26.55,26.55,811,2021-04-23 15:50:00,QFIN
26.55,26.55,26.54,26.54,434,2021-04-23 15:51:00,QFIN
26.5519,26.57,26.5519,26.57,1400,2021-04-23 15:53:00,QFIN
26.55,26.55,26.49,26.49,2377,2021-04-23 15:54:00,QFIN
26.49,26.49,26.49,26.49,200,2021-04-23 15:55:00,QFIN
26.47,26.47,26.45,26.45,1300,2021-04-23 15:56:00,QFIN
26.425,26.425,26.38,26.38,2500,2021-04-23 15:57:00,QFIN
26.4,26.41,26.39,26.4,1400,2021-04-23 15:58:00,QFIN
26.41,26.41,26.4027,26.4027,200,2021-04-23 15:59:00,QFIN
26.4,26.4,26.385,26.4,1089,2021-04-23 16:00:00,QFIN
26.4199,26.4199,26.3735,26.3735,300,2021-04-23 16:01:00,QFIN
26.3735,26.44,26.3735,26.43,735,2021-04-23 16:02:00,QFIN
26.42,26.44,26.42,26.42,1000,2021-04-23 16:03:00,QFIN
26.435,26.435,26.435,26.435,100,2021-04-23 16:04:00,QFIN
26.46,26.5,26.46,26.47,4200,2021-04-23 16:05:00,QFIN
26.5,26.56,26.495,26.56,3316,2021-04-23 16:06:00,QFIN
26.57,26.62,26.565,26.62,14000,2021-04-23 16:07:00,QFIN
26.68,26.71,26.66,26.68,2404,2021-04-23 16:08:00,QFIN
26.72,26.72,26.68,26.68,1100,2021-04-23 16:09:00,QFIN
26.69,26.69,26.68,26.68,200,2021-04-23 16:10:00,QFIN
26.68,26.68,26.64,26.6799,6303,2021-04-23 16:11:00,QFIN
26.65,26.75,26.65,26.735,2378,2021-04-23 16:12:00,QFIN
26.7238,26.77,26.71,26.77,2067,2021-04-23 16:13:00,QFIN
26.8,26.87,26.7895,26.87,1500,2021-04-23 16:14:00,QFIN
26.8501,26.87,26.82,26.82,7463,2021-04-23 16:15:00,QFIN
26.84,26.84,26.84,26.84,200,2021-04-23 16:16:00,QFIN
26.82,26.82,26.82,26.82,500,2021-04-23 16:17:00,QFIN
26.79,26.85,26.79,26.85,4470,2021-04-23 16:18:00,QFIN
26.81,26.81,26.76,26.76,800,2021-04-23 16:19:00,QFIN
26.74,26.74,26.7224,26.7224,300,2021-04-23 16:20:00,QFIN
26.745,26.745,26.7,26.7013,450,2021-04-23 16:21:00,QFIN
26.74,26.74,26.69,26.69,2653,2021-04-23 16:22:00,QFIN
26.68,26.6885,26.66,26.66,1300,2021-04-23 16:23:00,QFIN
26.7,26.765,26.65,26.765,2992,2021-04-23 16:24:00,QFIN
26.75,26.765,26.75,26.765,1300,2021-04-23 16:25:00,QFIN
26.72,26.72,26.72,26.72,1000,2021-04-23 16:26:00,QFIN
26.76,26.76,26.7,26.7,700,2021-04-23 16:27:00,QFIN
26.73,26.73,26.73,26.73,468,2021-04-23 16:28:00,QFIN
26.66,26.66,26.65,26.65,200,2021-04-23 16:29:00,QFIN
26.66,26.72,26.66,26.705,839,2021-04-23 16:30:00,QFIN
26.6938,26.705,26.64,26.64,2009,2021-04-23 16:31:00,QFIN
26.64,26.665,26.64,26.665,500,2021-04-23 16:32:00,QFIN
26.6592,26.6592,26.6592,26.6592,240,2021-04-23 16:33:00,QFIN
26.64,26.64,26.63,26.64,500,2021-04-23 16:34:00,QFIN
26.64,26.6463,26.62,26.62,400,2021-04-23 16:35:00,QFIN
26.63,26.63,26.575,26.605,2958,2021-04-23 16:36:00,QFIN
26.59,26.66,26.56,26.66,11850,2021-04-23 16:37:00,QFIN
26.67,26.69,26.64,26.65,3242,2021-04-23 16:38:00,QFIN
26.645,26.645,26.645,26.645,1620,2021-04-23 16:39:00,QFIN
26.69,26.76,26.69,26.73,4215,2021-04-23 16:41:00,QFIN
26.7,26.7,26.7,26.7,900,2021-04-23 16:43:00,QFIN
26.73,26.73,26.73,26.73,100,2021-04-23 16:45:00,QFIN
26.69,26.69,26.63,26.65,1050,2021-04-23 16:46:00,QFIN
26.6101,26.655,26.6101,26.655,650,2021-04-23 16:47:00,QFIN
26.62,26.62,26.62,26.62,100,2021-04-23 16:48:00,QFIN
26.65,26.65,26.65,26.65,100,2021-04-23 16:49:00,QFIN
26.61,26.61,26.61,26.61,100,2021-04-23 16:50:00,QFIN
26.62,26.63,26.58,26.595,1050,2021-04-23 16:51:00,QFIN
26.62,26.64,26.62,26.625,400,2021-04-23 16:52:00,QFIN
26.65,26.65,26.6488,26.65,500,2021-04-23 16:53:00,QFIN
26.68,26.69,26.67,26.67,628,2021-04-23 16:54:00,QFIN
26.65,26.69,26.65,26.69,400,2021-04-23 16:55:00,QFIN
26.69,26.72,26.69,26.7117,1463,2021-04-23 16:56:00,QFIN
26.72,26.74,26.72,26.73,800,2021-04-23 16:57:00,QFIN
26.739,26.74,26.71,26.71,1002,2021-04-23 16:58:00,QFIN
26.74,26.74,26.74,26.74,500,2021-04-23 17:01:00,QFIN
26.75,26.8,26.75,26.78,4835,2021-04-23 17:02:00,QFIN
26.79,26.8,26.79,26.8,200,2021-04-23 17:03:00,QFIN
26.78,26.78,26.78,26.78,100,2021-04-23 17:04:00,QFIN
26.77,26.77,26.74,26.74,900,2021-04-23 17:05:00,QFIN
26.76,26.76,26.7427,26.7427,600,2021-04-23 17:06:00,QFIN
26.81,26.81,26.7601,26.795,12850,2021-04-23 17:08:00,QFIN
26.79,26.83,26.76,26.76,700,2021-04-23 17:11:00,QFIN
26.75,26.75,26.72,26.72,829,2021-04-23 17:12:00,QFIN
26.69,26.69,26.68,26.68,200,2021-04-23 17:13:00,QFIN
26.71,26.71,26.69,26.7077,860,2021-04-23 17:14:00,QFIN
26.69,26.69,26.69,26.69,904,2021-04-23 17:15:00,QFIN
26.685,26.685,26.685,26.685,100,2021-04-23 17:16:00,QFIN
26.686,26.74,26.686,26.705,1600,2021-04-23 17:17:00,QFIN
26.679,26.6799,26.61,26.61,4990,2021-04-23 17:19:00,QFIN
26.645,26.67,26.645,26.655,300,2021-04-23 17:20:00,QFIN
26.63,26.68,26.63,26.68,1785,2021-04-23 17:21:00,QFIN
26.66,26.66,26.66,26.66,118,2021-04-23 17:22:00,QFIN
26.65,26.68,26.65,26.68,363,2021-04-23 17:23:00,QFIN
26.7014,26.72,26.65,26.68,1829,2021-04-23 17:24:00,QFIN
26.73,26.81,26.73,26.81,2500,2021-04-23 17:28:00,QFIN
26.8365,26.9,26.8365,26.9,1624,2021-04-23 17:29:00,QFIN
26.89,26.9,26.89,26.89,892,2021-04-23 17:30:00,QFIN
26.885,26.8899,26.85,26.8899,1050,2021-04-23 17:31:00,QFIN
26.87,26.89,26.83,26.83,650,2021-04-23 17:32:00,QFIN
26.89,26.909,26.84,26.909,2823,2021-04-23 17:33:00,QFIN
26.86,26.89,26.86,26.89,443,2021-04-23 17:34:00,QFIN
26.875,26.8999,26.86,26.875,2300,2021-04-23 17:35:00,QFIN
26.85,26.85,26.71,26.71,7910,2021-04-23 17:36:00,QFIN
26.71,26.78,26.71,26.78,3079,2021-04-23 17:37:00,QFIN
26.79,26.81,26.78,26.8,1400,2021-04-23 17:38:00,QFIN
26.8,26.8027,26.76,26.76,2553,2021-04-23 17:40:00,QFIN
26.78,26.78,26.78,26.78,100,2021-04-23 17:42:00,QFIN
26.7803,26.83,26.7803,26.8,1486,2021-04-23 17:43:00,QFIN
26.79,26.8264,26.79,26.8264,2100,2021-04-23 17:44:00,QFIN
26.805,26.805,26.805,26.805,2100,2021-04-23 17:45:00,QFIN
26.7701,26.83,26.7701,26.81,3300,2021-04-23 17:46:00,QFIN
26.7701,26.8,26.7701,26.7701,1100,2021-04-23 17:47:00,QFIN
26.77,26.77,26.75,26.7671,1100,2021-04-23 17:48:00,QFIN
26.75,26.75,26.7,26.72,1721,2021-04-23 17:49:00,QFIN
26.74,26.78,26.74,26.76,700,2021-04-23 17:50:00,QFIN
26.735,26.735,26.735,26.735,100,2021-04-23 17:53:00,QFIN
26.73,26.77,26.7,26.75,1612,2021-04-23 17:54:00,QFIN
26.74,26.79,26.74,26.79,1469,2021-04-23 17:55:00,QFIN
26.77,26.77,26.77,26.77,200,2021-04-23 17:56:00,QFIN
26.78,26.78,26.77,26.77,400,2021-04-23 17:57:00,QFIN
26.79,26.81,26.7875,26.81,1835,2021-04-23 17:58:00,QFIN
26.83,26.86,26.82,26.8394,2418,2021-04-23 18:00:00,QFIN
26.86,26.8673,26.86,26.8673,300,2021-04-23 18:01:00,QFIN
26.85,26.85,26.84,26.84,700,2021-04-23 18:02:00,QFIN
26.86,26.88,26.86,26.88,1000,2021-04-23 18:03:00,QFIN
26.86,26.86,26.86,26.86,100,2021-04-23 18:04:00,QFIN
26.86,26.87,26.8,26.8,5300,2021-04-23 18:05:00,QFIN
26.82,26.85,26.82,26.85,480,2021-04-23 18:06:00,QFIN
26.816,26.816,26.816,26.816,500,2021-04-23 18:07:00,QFIN
26.83,26.83,26.83,26.83,770,2021-04-23 18:08:00,QFIN
26.83,26.84,26.83,26.83,700,2021-04-23 18:10:00,QFIN
26.88,26.88,26.81,26.81,2230,2021-04-23 18:11:00,QFIN
26.81,26.81,26.81,26.81,300,2021-04-23 18:12:00,QFIN
26.82,26.84,26.8,26.83,1300,2021-04-23 18:15:00,QFIN
26.84,26.8413,26.84,26.8413,250,2021-04-23 18:16:00,QFIN
26.85,26.86,26.79,26.8,2294,2021-04-23 18:17:00,QFIN
26.81,26.81,26.8,26.8,300,2021-04-23 18:18:00,QFIN
26.784,26.784,26.76,26.76,1050,2021-04-23 18:19:00,QFIN
26.7925,26.7925,26.7925,26.7925,100,2021-04-23 18:21:00,QFIN
26.84,26.86,26.83,26.855,917,2021-04-23 18:23:00,QFIN
26.85,26.85,26.84,26.85,650,2021-04-23 18:24:00,QFIN
26.79,26.84,26.79,26.79,2842,2021-04-23 18:25:00,QFIN
26.8309,26.8309,26.8309,26.8309,115,2021-04-23 18:26:00,QFIN
26.791,26.791,26.791,26.791,100,2021-04-23 18:27:00,QFIN
26.79,26.79,26.79,26.79,771,2021-04-23 18:28:00,QFIN
26.76,26.78,26.76,26.78,200,2021-04-23 18:29:00,QFIN
26.77,26.795,26.77,26.795,490,2021-04-23 18:30:00,QFIN
26.83,26.96,26.83,26.89,16418,2021-04-23 18:31:00,QFIN
26.8659,26.93,26.8506,26.87,3977,2021-04-23 18:32:00,QFIN
26.88,26.93,26.85,26.8955,3948,2021-04-23 18:33:00,QFIN
26.97,26.97,26.94,26.94,735,2021-04-23 18:34:00,QFIN
26.97,27.09,26.97,27.05,8196,2021-04-23 18:35:00,QFIN
27.02,27.03,26.99,26.9901,4145,2021-04-23 18:36:00,QFIN
27.03,27.03,26.95,26.96,4576,2021-04-23 18:37:00,QFIN
26.96,26.98,26.96,26.97,1511,2021-04-23 18:38:00,QFIN
27.0,27.01,26.99,26.99,1900,2021-04-23 18:39:00,QFIN
27.0,27.01,26.97,27.0,4350,2021-04-23 18:40:00,QFIN
26.97,26.97,26.96,26.96,634,2021-04-23 18:41:00,QFIN
26.93,26.93,26.91,26.91,200,2021-04-23 18:42:00,QFIN
26.8804,26.8804,26.88,26.88,200,2021-04-23 18:43:00,QFIN
26.86,26.895,26.855,26.87,3090,2021-04-23 18:44:00,QFIN
26.84,26.9,26.84,26.9,635,2021-04-23 18:45:00,QFIN
26.88,26.928,26.88,26.9197,3390,2021-04-23 18:46:00,QFIN
26.905,26.96,26.905,26.95,3852,2021-04-23 18:47:00,QFIN
26.95,26.96,26.92,26.92,2602,2021-04-23 18:48:00,QFIN
26.92,26.96,26.89,26.89,6268,2021-04-23 18:49:00,QFIN
26.8929,26.8929,26.86,26.87,855,2021-04-23 18:50:00,QFIN
26.86,26.86,26.86,26.86,300,2021-04-23 18:51:00,QFIN
26.86,26.92,26.86,26.92,5005,2021-04-23 18:52:00,QFIN
26.93,26.99,26.93,26.99,1411,2021-04-23 18:53:00,QFIN
26.94,26.94,26.94,26.94,1315,2021-04-23 18:54:00,QFIN
26.97,26.97,26.97,26.97,200,2021-04-23 18:55:00,QFIN
26.97,26.97,26.95,26.95,423,2021-04-23 18:56:00,QFIN
26.94,26.96,26.91,26.94,1330,2021-04-23 18:58:00,QFIN
26.9,26.9,26.85,26.85,600,2021-04-23 18:59:00,QFIN
26.85,26.875,26.85,26.875,200,2021-04-23 19:00:00,QFIN
26.85,26.85,26.85,26.85,561,2021-04-23 19:01:00,QFIN
26.88,26.88,26.86,26.86,700,2021-04-23 19:02:00,QFIN
26.854,26.854,26.854,26.854,300,2021-04-23 19:04:00,QFIN
26.85,26.87,26.84,26.87,5556,2021-04-23 19:05:00,QFIN
26.84,26.85,26.77,26.77,3586,2021-04-23 19:06:00,QFIN
26.77,26.8,26.77,26.8,200,2021-04-23 19:07:00,QFIN
26.785,26.785,26.785,26.785,100,2021-04-23 19:08:00,QFIN
26.79,26.79,26.77,26.77,929,2021-04-23 19:09:00,QFIN
26.77,26.77,26.77,26.77,250,2021-04-23 19:10:00,QFIN
26.76,26.77,26.73,26.755,1390,2021-04-23 19:11:00,QFIN
26.78,26.78,26.7786,26.7786,1388,2021-04-23 19:12:00,QFIN
26.76,26.78,26.76,26.76,400,2021-04-23 19:13:00,QFIN
26.755,26.869,26.755,26.8355,2686,2021-04-23 19:14:00,QFIN
26.84,26.84,26.84,26.84,200,2021-04-23 19:15:00,QFIN
26.88,26.88,26.85,26.87,500,2021-04-23 19:16:00,QFIN
26.87,26.87,26.85,26.85,465,2021-04-23 19:17:00,QFIN
26.87,26.87,26.82,26.82,2516,2021-04-23 19:18:00,QFIN
26.82,26.84,26.82,26.83,400,2021-04-23 19:20:00,QFIN
26.84,26.84,26.84,26.84,100,2021-04-23 19:21:00,QFIN
26.85,26.85,26.85,26.85,1758,2021-04-23 19:22:00,QFIN
26.84,26.84,26.84,26.84,200,2021-04-23 19:23:00,QFIN
26.83,26.84,26.83,26.84,400,2021-04-23 19:24:00,QFIN
26.8334,26.8334,26.8334,26.8334,120,2021-04-23 19:25:00,QFIN
26.81,26.81,26.78,26.8,1300,2021-04-23 19:26:00,QFIN
26.82,26.82,26.82,26.82,600,2021-04-23 19:27:00,QFIN
26.83,26.83,26.83,26.83,111,2021-04-23 19:28:00,QFIN
26.83,26.84,26.83,26.83,1480,2021-04-23 19:29:00,QFIN
26.82,26.825,26.78,26.78,1956,2021-04-23 19:31:00,QFIN
26.78,26.83,26.775,26.81,1000,2021-04-23 19:32:00,QFIN
26.84,26.84,26.8399,26.8399,1491,2021-04-23 19:34:00,QFIN
26.8,26.8,26.78,26.8,2720,2021-04-23 19:35:00,QFIN
26.82,26.82,26.82,26.82,100,2021-04-23 19:36:00,QFIN
26.8095,26.865,26.8095,26.865,2380,2021-04-23 19:37:00,QFIN
26.865,26.88,26.86,26.88,1100,2021-04-23 19:38:00,QFIN
26.89,26.94,26.885,26.94,6365,2021-04-23 19:39:00,QFIN
26.935,26.935,26.89,26.9,3240,2021-04-23 19:40:00,QFIN
26.9,26.9562,26.9,26.925,2316,2021-04-23 19:41:00,QFIN
26.91,26.91,26.89,26.91,4293,2021-04-23 19:42:00,QFIN
26.91,26.91,26.81,26.81,3656,2021-04-23 19:43:00,QFIN
26.812,26.825,26.81,26.825,1655,2021-04-23 19:44:00,QFIN
26.83,26.86,26.83,26.8573,2593,2021-04-23 19:45:00,QFIN
26.85,26.86,26.84,26.86,550,2021-04-23 19:46:00,QFIN
26.8873,26.9,26.86,26.9,8213,2021-04-23 19:47:00,QFIN
26.89,26.8956,26.89,26.89,3725,2021-04-23 19:48:00,QFIN
26.89,26.8962,26.87,26.89,3009,2021-04-23 19:49:00,QFIN
26.87,26.88,26.825,26.83,6452,2021-04-23 19:50:00,QFIN
26.825,26.84,26.825,26.83,1585,2021-04-23 19:51:00,QFIN
26.83,26.83,26.83,26.83,500,2021-04-23 19:52:00,QFIN
26.83,26.86,26.82,26.82,6674,2021-04-23 19:53:00,QFIN
26.84,26.85,26.83,26.831,3415,2021-04-23 19:54:00,QFIN
26.83,26.915,26.82,26.915,7075,2021-04-23 19:55:00,QFIN
26.9,26.92,26.87,26.915,7215,2021-04-23 19:56:00,QFIN
26.91,26.95,26.91,26.94,6226,2021-04-23 19:57:00,QFIN
26.92,26.95,26.92,26.94,6208,2021-04-23 19:58:00,QFIN
26.94,26.95,26.9,26.94,9795,2021-04-23 19:59:00,QFIN
26.9,26.9,26.9,26.9,32063,2021-04-23 20:00:00,QFIN
26.93,26.93,26.93,26.93,210,2021-04-23 20:33:00,QFIN
26.9,26.9,26.9,26.9,500,2021-04-23 20:54:00,QFIN
26.91,26.91,26.91,26.91,1000,2021-04-23 21:01:00,QFIN
26.83,26.92,26.83,26.92,1137,2021-04-23 21:58:00,QFIN
26.82,26.82,26.82,26.82,1258,2021-04-23 23:16:00,QFIN
26.82,26.82,26.82,26.82,100,2021-04-23 23:18:00,QFIN
26.73,26.73,26.73,26.73,100,2021-04-23 23:39:00,QFIN
26.93,26.93,26.93,26.93,100,2021-04-26 12:23:00,QFIN
26.93,26.93,26.93,26.93,100,2021-04-26 12:31:00,QFIN
26.95,26.95,26.95,26.95,226,2021-04-26 12:35:00,QFIN
26.99,26.99,26.99,26.99,100,2021-04-26 12:36:00,QFIN
27.3,27.4,27.3,27.4,1638,2021-04-26 13:01:00,QFIN
27.48,27.48,27.48,27.48,1400,2021-04-26 13:12:00,QFIN
27.49,27.49,27.49,27.49,100,2021-04-26 13:19:00,QFIN
27.28,27.55,27.25,27.28,40413,2021-04-26 13:30:00,QFIN
27.2,27.4599,27.13,27.14,5510,2021-04-26 13:31:00,QFIN
27.14,27.3299,26.96,26.98,12761,2021-04-26 13:32:00,QFIN
27.1699,27.1699,26.91,26.92,5481,2021-04-26 13:33:00,QFIN
26.91,26.97,26.76,26.82,6389,2021-04-26 13:34:00,QFIN
26.77,26.97,26.75,26.9,23119,2021-04-26 13:35:00,QFIN
26.97,27.16,26.97,27.0619,16560,2021-04-26 13:36:00,QFIN
27.175,27.175,26.84,26.9,6995,2021-04-26 13:37:00,QFIN
26.95,26.97,26.8,26.8,4954,2021-04-26 13:38:00,QFIN
26.7502,26.7502,26.7,26.7,1128,2021-04-26 13:39:00,QFIN
26.675,26.675,26.6,26.64,6525,2021-04-26 13:40:00,QFIN
26.6,26.6899,26.52,26.57,20323,2021-04-26 13:41:00,QFIN
26.61,26.61,26.53,26.6,18615,2021-04-26 13:42:00,QFIN
26.6,26.61,26.6,26.6,1781,2021-04-26 13:43:00,QFIN
26.56,26.61,26.56,26.5937,17813,2021-04-26 13:44:00,QFIN
26.61,26.63,26.593,26.63,2586,2021-04-26 13:45:00,QFIN
26.63,26.77,26.59,26.77,13022,2021-04-26 13:46:00,QFIN
26.765,26.84,26.765,26.795,600,2021-04-26 13:47:00,QFIN
26.84,27.04,26.84,27.02,2800,2021-04-26 13:48:00,QFIN
26.97,27.06,26.97,27.03,3150,2021-04-26 13:49:00,QFIN
26.965,27.03,26.9,27.0143,3255,2021-04-26 13:50:00,QFIN
27.03,27.1099,26.98,27.0776,8439,2021-04-26 13:51:00,QFIN
26.98,27.0626,26.96,27.015,2030,2021-04-26 13:52:00,QFIN
27.01,27.06,26.96,26.97,3954,2021-04-26 13:53:00,QFIN
26.98,27.04,26.94,27.02,6791,2021-04-26 13:54:00,QFIN
27.02,27.06,26.85,26.98,14309,2021-04-26 13:55:00,QFIN
26.96,27.05,26.95,27.05,4344,2021-04-26 13:56:00,QFIN
27.03,27.09,26.98,26.98,20735,2021-04-26 13:57:00,QFIN
26.99,27.17,26.95,27.11,12901,2021-04-26 13:58:00,QFIN
27.11,27.34,27.11,27.2,11796,2021-04-26 13:59:00,QFIN
27.3,27.46,27.255,27.3817,10914,2021-04-26 14:00:00,QFIN
27.41,27.46,27.36,27.45,9318,2021-04-26 14:01:00,QFIN
27.4,27.4699,27.4,27.41,4818,2021-04-26 14:02:00,QFIN
27.41,27.48,27.41,27.424,2500,2021-04-26 14:03:00,QFIN
27.41,27.469,27.39,27.41,4900,2021-04-26 14:04:00,QFIN
27.425,27.425,27.33,27.4199,5950,2021-04-26 14:05:00,QFIN
27.3847,27.42,27.3816,27.4,4381,2021-04-26 14:06:00,QFIN
27.38,27.42,27.36,27.39,10970,2021-04-26 14:07:00,QFIN
27.4057,27.4057,27.34,27.34,2306,2021-04-26 14:08:00,QFIN
27.28,27.2999,27.22,27.2599,6862,2021-04-26 14:09:00,QFIN
27.259,27.296,27.259,27.296,2457,2021-04-26 14:10:00,QFIN
27.26,27.2712,27.24,27.2712,1601,2021-04-26 14:11:00,QFIN
27.28,27.28,27.27,27.27,1675,2021-04-26 14:12:00,QFIN
27.2685,27.28,27.24,27.27,2769,2021-04-26 14:13:00,QFIN
27.29,27.34,27.28,27.32,3353,2021-04-26 14:14:00,QFIN
27.31,27.34,27.28,27.34,8583,2021-04-26 14:15:00,QFIN
27.33,27.33,27.33,27.33,100,2021-04-26 14:16:00,QFIN
27.32,27.32,27.2,27.2,14348,2021-04-26 14:17:00,QFIN
27.175,27.18,27.1327,27.1367,650,2021-04-26 14:18:00,QFIN
27.12,27.17,27.08,27.16,3960,2021-04-26 14:19:00,QFIN
27.17,27.1892,27.11,27.11,2360,2021-04-26 14:20:00,QFIN
27.16,27.16,27.16,27.16,100,2021-04-26 14:21:00,QFIN
27.19,27.26,27.19,27.26,3735,2021-04-26 14:22:00,QFIN
27.24,27.2799,27.1977,27.2799,800,2021-04-26 14:23:00,QFIN
27.27,27.28,27.25,27.25,1905,2021-04-26 14:24:00,QFIN
27.28,27.31,27.2501,27.2501,1525,2021-04-26 14:25:00,QFIN
27.3,27.42,27.285,27.42,9542,2021-04-26 14:26:00,QFIN
27.3884,27.4499,27.3884,27.415,3000,2021-04-26 14:27:00,QFIN
27.38,27.49,27.38,27.43,2267,2021-04-26 14:28:00,QFIN
27.448,27.59,27.448,27.59,14008,2021-04-26 14:29:00,QFIN
27.59,27.73,27.59,27.67,17340,2021-04-26 14:30:00,QFIN
27.67,27.73,27.65,27.71,3755,2021-04-26 14:31:00,QFIN
27.6814,27.86,27.6814,27.76,14093,2021-04-26 14:32:00,QFIN
27.72,27.72,27.6881,27.7005,1826,2021-04-26 14:33:00,QFIN
27.667,27.754,27.63,27.72,5817,2021-04-26 14:34:00,QFIN
27.73,27.748,27.66,27.66,3535,2021-04-26 14:35:00,QFIN
27.75,27.77,27.695,27.77,1100,2021-04-26 14:36:00,QFIN
27.77,27.94,27.7563,27.8,17817,2021-04-26 14:37:00,QFIN
27.783,27.86,27.783,27.8058,1550,2021-04-26 14:38:00,QFIN
27.78,27.78,27.73,27.75,2642,2021-04-26 14:39:00,QFIN
27.69,27.69,27.65,27.66,1200,2021-04-26 14:40:00,QFIN
27.65,27.69,27.63,27.63,2980,2021-04-26 14:41:00,QFIN
27.63,27.63,27.49,27.56,2130,2021-04-26 14:42:00,QFIN
27.51,27.59,27.51,27.56,4711,2021-04-26 14:43:00,QFIN
27.56,27.63,27.52,27.6296,3314,2021-04-26 14:44:00,QFIN
27.63,27.63,27.61,27.62,2264,2021-04-26 14:45:00,QFIN
27.6377,27.6638,27.63,27.6638,3087,2021-04-26 14:46:00,QFIN
27.64,27.66,27.6,27.6199,7445,2021-04-26 14:47:00,QFIN
27.55,27.55,27.42,27.44,4384,2021-04-26 14:48:00,QFIN
27.46,27.49,27.44,27.47,1225,2021-04-26 14:49:00,QFIN
27.525,27.525,27.525,27.525,100,2021-04-26 14:50:00,QFIN
27.49,27.57,27.49,27.5201,1617,2021-04-26 14:51:00,QFIN
27.5239,27.5239,27.5239,27.5239,100,2021-04-26 14:52:00,QFIN
27.515,27.6,27.515,27.6,3643,2021-04-26 14:53:00,QFIN
27.59,27.605,27.59,27.6,2700,2021-04-26 14:54:00,QFIN
27.61,27.68,27.58,27.58,1946,2021-04-26 14:55:00,QFIN
27.6312,27.6312,27.58,27.58,1552,2021-04-26 14:56:00,QFIN
27.64,27.64,27.58,27.58,842,2021-04-26 14:57:00,QFIN
27.58,27.5925,27.5405,27.5405,1200,2021-04-26 14:58:00,QFIN
27.55,27.5796,27.55,27.5796,2100,2021-04-26 14:59:00,QFIN
27.57,27.63,27.57,27.62,5053,2021-04-26 15:00:00,QFIN
27.62,27.65,27.59,27.62,410,2021-04-26 15:01:00,QFIN
27.63,27.84,27.63,27.74,13406,2021-04-26 15:02:00,QFIN
27.735,27.84,27.735,27.84,1300,2021-04-26 15:03:00,QFIN
27.82,27.91,27.815,27.91,2203,2021-04-26 15:04:00,QFIN
27.855,27.96,27.8,27.83,5106,2021-04-26 15:05:00,QFIN
27.91,28.0,27.8555,27.8555,8028,2021-04-26 15:06:00,QFIN
27.915,27.915,27.84,27.89,2416,2021-04-26 15:07:00,QFIN
27.92,27.98,27.92,27.9762,1451,2021-04-26 15:08:00,QFIN
27.94,27.98,27.94,27.9799,2126,2021-04-26 15:09:00,QFIN
27.95,27.99,27.935,27.935,6356,2021-04-26 15:10:00,QFIN
27.97,28.14,27.9688,28.11,43094,2021-04-26 15:11:00,QFIN
28.1,28.18,28.09,28.12,10372,2021-04-26 15:12:00,QFIN
28.105,28.1305,28.08,28.13,6938,2021-04-26 15:13:00,QFIN
28.12,28.15,28.11,28.14,8918,2021-04-26 15:14:00,QFIN
28.13,28.14,28.08,28.1,10088,2021-04-26 15:15:00,QFIN
28.08,28.08,27.96,27.96,2840,2021-04-26 15:16:00,QFIN
27.9,27.97,27.89,27.97,3410,2021-04-26 15:17:00,QFIN
27.98,28.04,27.96,27.96,12482,2021-04-26 15:18:00,QFIN
27.99,28.04,27.96,28.038,4182,2021-04-26 15:19:00,QFIN
27.9707,28.04,27.9707,28.01,2984,2021-04-26 15:20:00,QFIN
27.9811,28.02,27.9811,28.02,900,2021-04-26 15:21:00,QFIN
28.02,28.02,28.02,28.02,1553,2021-04-26 15:22:00,QFIN
28.0056,28.0056,27.96,27.96,2003,2021-04-26 15:23:00,QFIN
27.89,27.9,27.883,27.883,900,2021-04-26 15:24:00,QFIN
27.87,27.87,27.75,27.76,6598,2021-04-26 15:25:00,QFIN
27.78,27.78,27.71,27.71,775,2021-04-26 15:26:00,QFIN
27.7491,27.78,27.72,27.78,3395,2021-04-26 15:27:00,QFIN
27.76,27.79,27.72,27.79,3789,2021-04-26 15:28:00,QFIN
27.8,27.82,27.8,27.82,1500,2021-04-26 15:29:00,QFIN
27.84,27.85,27.84,27.85,1100,2021-04-26 15:30:00,QFIN
27.85,27.91,27.85,27.91,2700,2021-04-26 15:31:00,QFIN
27.91,28.0,27.91,28.0,1493,2021-04-26 15:32:00,QFIN
28.0,28.03,28.0,28.01,2349,2021-04-26 15:33:00,QFIN
28.03,28.09,28.0,28.09,8505,2021-04-26 15:34:00,QFIN
28.09,28.14,28.0701,28.1,3188,2021-04-26 15:35:00,QFIN
28.1,28.13,28.1,28.12,400,2021-04-26 15:36:00,QFIN
28.1299,28.15,28.08,28.1055,15204,2021-04-26 15:37:00,QFIN
28.09,28.0927,28.07,28.08,4509,2021-04-26 15:38:00,QFIN
28.0201,28.0201,28.0201,28.0201,100,2021-04-26 15:39:00,QFIN
28.03,28.06,27.96,27.965,4010,2021-04-26 15:40:00,QFIN
27.95,27.98,27.93,27.98,4374,2021-04-26 15:41:00,QFIN
28.0,28.02,27.98,27.98,3313,2021-04-26 15:42:00,QFIN
28.01,28.04,28.01,28.04,1894,2021-04-26 15:43:00,QFIN
28.04,28.04,28.03,28.03,1504,2021-04-26 15:44:00,QFIN
28.05,28.13,28.02,28.1,11843,2021-04-26 15:46:00,QFIN
28.06,28.06,28.06,28.06,100,2021-04-26 15:47:00,QFIN
28.095,28.14,28.07,28.11,3039,2021-04-26 15:48:00,QFIN
28.07,28.1,28.05,28.06,2400,2021-04-26 15:49:00,QFIN
28.04,28.07,28.03,28.07,1900,2021-04-26 15:50:00,QFIN
28.07,28.09,28.0,28.01,15178,2021-04-26 15:51:00,QFIN
28.0,28.09,28.0,28.07,6392,2021-04-26 15:52:00,QFIN
28.04,28.07,28.04,28.0519,725,2021-04-26 15:53:00,QFIN
28.0,28.0,27.98,27.98,400,2021-04-26 15:54:00,QFIN
27.97,27.99,27.95,27.99,2479,2021-04-26 15:55:00,QFIN
27.955,27.955,27.95,27.95,300,2021-04-26 15:56:00,QFIN
27.99,28.0,27.95,27.9899,1165,2021-04-26 15:57:00,QFIN
27.99,28.0,27.95,27.95,4024,2021-04-26 15:58:00,QFIN
27.97,27.999,27.96,27.965,2999,2021-04-26 15:59:00,QFIN
27.965,28.0,27.95,27.9956,3158,2021-04-26 16:00:00,QFIN
28.01,28.04,28.0,28.04,3200,2021-04-26 16:01:00,QFIN
28.04,28.05,28.03,28.045,1466,2021-04-26 16:02:00,QFIN
28.05,28.06,28.05,28.06,2101,2021-04-26 16:03:00,QFIN
28.06,28.08,28.05,28.08,3014,2021-04-26 16:04:00,QFIN
28.08,28.1,28.08,28.09,1299,2021-04-26 16:05:00,QFIN
28.1,28.13,28.1,28.12,3078,2021-04-26 16:06:00,QFIN
28.13,28.14,28.13,28.1375,400,2021-04-26 16:07:00,QFIN
28.115,28.14,28.075,28.11,3459,2021-04-26 16:08:00,QFIN
28.13,28.17,28.1299,28.1326,5186,2021-04-26 16:09:00,QFIN
28.15,28.15,28.15,28.15,672,2021-04-26 16:10:00,QFIN
28.15,28.18,28.1399,28.169,7187,2021-04-26 16:11:00,QFIN
28.17,28.18,28.1401,28.1792,2948,2021-04-26 16:12:00,QFIN
28.18,28.19,28.14,28.14,1367,2021-04-26 16:13:00,QFIN
28.15,28.19,28.15,28.16,2220,2021-04-26 16:14:00,QFIN
28.1225,28.15,28.1225,28.15,398,2021-04-26 16:15:00,QFIN
28.166,28.166,28.1403,28.1403,800,2021-04-26 16:16:00,QFIN
28.14,28.19,28.14,28.19,1989,2021-04-26 16:17:00,QFIN
28.2,28.2037,28.17,28.17,2298,2021-04-26 16:18:00,QFIN
28.1739,28.1739,28.095,28.095,807,2021-04-26 16:19:00,QFIN
28.051,28.07,28.04,28.07,2378,2021-04-26 16:20:00,QFIN
28.01,28.01,27.9001,27.9135,2481,2021-04-26 16:21:00,QFIN
27.9899,27.99,27.98,27.99,800,2021-04-26 16:22:00,QFIN
27.9545,27.9699,27.91,27.91,1920,2021-04-26 16:23:00,QFIN
27.96,28.01,27.94,27.94,11463,2021-04-26 16:24:00,QFIN
27.9762,27.9762,27.9762,27.9762,500,2021-04-26 16:25:00,QFIN
27.97,27.99,27.97,27.99,700,2021-04-26 16:26:00,QFIN
27.95,27.98,27.94,27.98,578,2021-04-26 16:27:00,QFIN
27.949,28.01,27.949,28.01,1640,2021-04-26 16:28:00,QFIN
27.95,28.01,27.94,27.94,1186,2021-04-26 16:29:00,QFIN
27.98,27.98,27.98,27.98,100,2021-04-26 16:30:00,QFIN
28.0094,28.02,27.99,28.02,1551,2021-04-26 16:31:00,QFIN
28.0004,28.0004,28.0,28.0,1550,2021-04-26 16:32:00,QFIN
27.985,28.0,27.9601,28.0,1078,2021-04-26 16:33:00,QFIN
28.0,28.0,28.0,28.0,600,2021-04-26 16:34:00,QFIN
28.0,28.02,27.94,27.965,2956,2021-04-26 16:35:00,QFIN
27.965,27.965,27.94,27.945,422,2021-04-26 16:36:00,QFIN
27.96,27.96,27.9544,27.9544,2703,2021-04-26 16:37:00,QFIN
27.97,27.97,27.97,27.97,652,2021-04-26 16:38:00,QFIN
27.97,27.97,27.96,27.96,973,2021-04-26 16:39:00,QFIN
27.96,27.96,27.96,27.96,100,2021-04-26 16:41:00,QFIN
27.99,28.03,27.99,28.03,16152,2021-04-26 16:42:00,QFIN
27.98,27.98,27.98,27.98,380,2021-04-26 16:43:00,QFIN
27.995,27.995,27.995,27.995,100,2021-04-26 16:44:00,QFIN
28.02,28.02,28.02,28.02,510,2021-04-26 16:45:00,QFIN
27.99,28.0275,27.99,28.01,1200,2021-04-26 16:46:00,QFIN
27.99,28.02,27.99,28.0199,600,2021-04-26 16:47:00,QFIN
28.02,28.02,28.02,28.02,109,2021-04-26 16:48:00,QFIN
28.01,28.03,28.0,28.03,3474,2021-04-26 16:49:00,QFIN
28.02,28.02,28.02,28.02,235,2021-04-26 16:50:00,QFIN
28.02,28.03,28.0,28.02,19156,2021-04-26 16:51:00,QFIN
28.02,28.02,28.009,28.0199,360,2021-04-26 16:52:00,QFIN
27.9956,28.0,27.94,27.94,4762,2021-04-26 16:53:00,QFIN
27.95,27.95,27.95,27.95,400,2021-04-26 16:54:00,QFIN
27.95,27.95,27.94,27.94,1230,2021-04-26 16:55:00,QFIN
27.94,27.95,27.92,27.95,1540,2021-04-26 16:56:00,QFIN
27.93,27.93,27.93,27.93,100,2021-04-26 16:57:00,QFIN
27.93,27.93,27.93,27.93,100,2021-04-26 16:59:00,QFIN
27.93,27.95,27.93,27.94,800,2021-04-26 17:00:00,QFIN
27.94,27.955,27.94,27.955,587,2021-04-26 17:01:00,QFIN
27.93,27.93,27.92,27.92,300,2021-04-26 17:03:00,QFIN
27.93,27.93,27.91,27.91,1100,2021-04-26 17:04:00,QFIN
27.92,27.94,27.91,27.94,1210,2021-04-26 17:05:00,QFIN
27.92,27.92,27.905,27.905,217,2021-04-26 17:06:00,QFIN
27.9,27.905,27.87,27.9,6250,2021-04-26 17:07:00,QFIN
27.93,27.93,27.92,27.93,1100,2021-04-26 17:08:00,QFIN
27.9,27.9,27.87,27.87,900,2021-04-26 17:09:00,QFIN
27.87,27.88,27.84,27.84,3187,2021-04-26 17:10:00,QFIN
27.825,27.86,27.81,27.86,7771,2021-04-26 17:11:00,QFIN
27.84,27.85,27.84,27.85,576,2021-04-26 17:12:00,QFIN
27.8494,27.8599,27.84,27.84,1550,2021-04-26 17:13:00,QFIN
27.84,27.89,27.82,27.89,2289,2021-04-26 17:14:00,QFIN
27.905,27.9057,27.905,27.9057,334,2021-04-26 17:15:00,QFIN
27.91,27.92,27.91,27.92,1450,2021-04-26 17:16:00,QFIN
27.92,27.92,27.912,27.915,400,2021-04-26 17:17:00,QFIN
27.92,27.95,27.91,27.95,3812,2021-04-26 17:18:00,QFIN
27.94,27.99,27.93,27.99,1556,2021-04-26 17:19:00,QFIN
27.99,28.01,27.98,28.01,3170,2021-04-26 17:20:00,QFIN
27.99,28.0,27.99,28.0,1345,2021-04-26 17:21:00,QFIN
28.006,28.015,28.001,28.015,1125,2021-04-26 17:22:00,QFIN
28.02,28.03,28.02,28.02,997,2021-04-26 17:24:00,QFIN
28.04,28.05,28.03,28.03,1908,2021-04-26 17:25:00,QFIN
28.03,28.06,28.03,28.0501,3725,2021-04-26 17:26:00,QFIN
28.045,28.045,28.03,28.03,562,2021-04-26 17:27:00,QFIN
28.02,28.05,28.02,28.05,2423,2021-04-26 17:28:00,QFIN
28.07,28.08,28.0632,28.08,1300,2021-04-26 17:29:00,QFIN
28.09,28.17,28.09,28.1238,6426,2021-04-26 17:30:00,QFIN
28.1,28.17,28.1,28.155,3739,2021-04-26 17:31:00,QFIN
28.14,28.18,28.14,28.18,2458,2021-04-26 17:32:00,QFIN
28.164,28.22,28.164,28.185,3314,2021-04-26 17:34:00,QFIN
28.2,28.23,28.19,28.23,5492,2021-04-26 17:35:00,QFIN
28.1901,28.23,28.19,28.21,1250,2021-04-26 17:36:00,QFIN
28.21,28.23,28.21,28.225,5513,2021-04-26 17:37:00,QFIN
28.23,28.24,28.22,28.23,3547,2021-04-26 17:38:00,QFIN
28.23,28.23,28.18,28.18,1148,2021-04-26 17:39:00,QFIN
28.1664,28.17,28.08,28.08,2014,2021-04-26 17:40:00,QFIN
28.115,28.115,28.08,28.08,900,2021-04-26 17:41:00,QFIN
28.105,28.105,28.055,28.055,200,2021-04-26 17:42:00,QFIN
28.04,28.05,28.04,28.04,800,2021-04-26 17:43:00,QFIN
28.03,28.04,28.03,28.04,300,2021-04-26 17:44:00,QFIN
28.04,28.05,28.0,28.0,2666,2021-04-26 17:45:00,QFIN
28.015,28.06,28.015,28.06,914,2021-04-26 17:47:00,QFIN
28.04,28.04,28.03,28.03,286,2021-04-26 17:48:00,QFIN
28.02,28.02,27.99,27.99,1100,2021-04-26 17:49:00,QFIN
27.99,27.99,27.975,27.975,1323,2021-04-26 17:51:00,QFIN
27.975,27.98,27.975,27.98,600,2021-04-26 17:52:00,QFIN
28.0,28.03,28.0,28.02,2744,2021-04-26 17:53:00,QFIN
28.01,28.01,27.98,28.0,3081,2021-04-26 17:54:00,QFIN
28.0,28.0,27.99,27.995,720,2021-04-26 17:55:00,QFIN
28.0,28.0,27.9925,27.995,900,2021-04-26 17:56:00,QFIN
28.0,28.0,27.99,27.99,770,2021-04-26 17:57:00,QFIN
28.0,28.01,28.0,28.01,1200,2021-04-26 17:58:00,QFIN
28.0,28.01,27.99,28.01,2958,2021-04-26 17:59:00,QFIN
28.02,28.02,28.0,28.01,950,2021-04-26 18:00:00,QFIN
28.01,28.04,28.01,28.04,2448,2021-04-26 18:01:00,QFIN
28.04,28.05,28.04,28.04,1360,2021-04-26 18:02:00,QFIN
28.01,28.04,28.01,28.04,1700,2021-04-26 18:03:00,QFIN
28.035,28.035,28.035,28.035,100,2021-04-26 18:04:00,QFIN
28.04,28.09,28.04,28.09,800,2021-04-26 18:05:00,QFIN
28.09,28.09,28.05,28.06,784,2021-04-26 18:06:00,QFIN
28.07,28.15,28.07,28.126,5965,2021-04-26 18:07:00,QFIN
28.125,28.125,28.1,28.1234,445,2021-04-26 18:08:00,QFIN
28.14,28.14,28.12,28.13,600,2021-04-26 18:09:00,QFIN
28.11,28.11,28.11,28.11,242,2021-04-26 18:10:00,QFIN
28.115,28.13,28.11,28.11,800,2021-04-26 18:11:00,QFIN
28.12,28.18,28.11,28.14,9606,2021-04-26 18:12:00,QFIN
28.137,28.15,28.137,28.15,1354,2021-04-26 18:14:00,QFIN
28.12,28.12,28.09,28.09,873,2021-04-26 18:15:00,QFIN
28.11,28.12,28.08,28.08,1200,2021-04-26 18:16:00,QFIN
28.11,28.11,28.11,28.11,100,2021-04-26 18:17:00,QFIN
28.11,28.11,28.07,28.07,1628,2021-04-26 18:18:00,QFIN
28.05,28.05,28.02,28.05,1390,2021-04-26 18:20:00,QFIN
28.08,28.08,28.04,28.04,700,2021-04-26 18:21:00,QFIN
28.055,28.055,28.055,28.055,330,2021-04-26 18:22:00,QFIN
28.055,28.07,28.055,28.06,4061,2021-04-26 18:23:00,QFIN
28.07,28.09,28.07,28.075,2645,2021-04-26 18:24:00,QFIN
28.06,28.06,28.06,28.06,100,2021-04-26 18:25:00,QFIN
28.06,28.1,28.055,28.09,2626,2021-04-26 18:26:00,QFIN
28.08,28.13,28.08,28.1,4121,2021-04-26 18:27:00,QFIN
28.1,28.12,28.1,28.12,509,2021-04-26 18:28:00,QFIN
28.13,28.15,28.13,28.15,450,2021-04-26 18:29:00,QFIN
28.15,28.15,28.11,28.14,1692,2021-04-26 18:30:00,QFIN
28.14,28.14,28.14,28.14,100,2021-04-26 18:32:00,QFIN
28.14,28.14,28.12,28.12,600,2021-04-26 18:33:00,QFIN
28.1101,28.1101,28.07,28.07,3880,2021-04-26 18:34:00,QFIN
28.06,28.06,28.03,28.03,400,2021-04-26 18:35:00,QFIN
28.06,28.07,28.01,28.062,2503,2021-04-26 18:36:00,QFIN
28.04,28.055,28.04,28.055,548,2021-04-26 18:37:00,QFIN
28.04,28.08,28.04,28.08,2700,2021-04-26 18:38:00,QFIN
28.05,28.06,28.035,28.035,534,2021-04-26 18:39:00,QFIN
28.045,28.08,28.045,28.065,767,2021-04-26 18:40:00,QFIN
28.07,28.07,28.05,28.05,1200,2021-04-26 18:41:00,QFIN
28.045,28.09,28.045,28.05,4492,2021-04-26 18:42:00,QFIN
28.0682,28.0682,28.0682,28.0682,3000,2021-04-26 18:43:00,QFIN
28.0887,28.0887,28.0887,28.0887,500,2021-04-26 18:45:00,QFIN
28.075,28.1,28.07,28.0817,2978,2021-04-26 18:46:00,QFIN
28.085,28.14,28.085,28.14,3000,2021-04-26 18:47:00,QFIN
28.15,28.19,28.14,28.19,2704,2021-04-26 18:48:00,QFIN
28.1867,28.1867,28.1601,28.17,691,2021-04-26 18:49:00,QFIN
28.19,28.21,28.18,28.2,3271,2021-04-26 18:50:00,QFIN
28.2,28.28,28.2,28.23,5934,2021-04-26 18:51:00,QFIN
28.24,28.29,28.24,28.27,20654,2021-04-26 18:52:00,QFIN
28.27,28.27,28.23,28.23,2800,2021-04-26 18:53:00,QFIN
28.25,28.27,28.2,28.2,4085,2021-04-26 18:54:00,QFIN
28.19,28.19,28.11,28.16,4089,2021-04-26 18:55:00,QFIN
28.13,28.13,28.11,28.13,813,2021-04-26 18:56:00,QFIN
28.13,28.15,28.0994,28.1,3002,2021-04-26 18:57:00,QFIN
28.12,28.13,28.12,28.1292,600,2021-04-26 18:58:00,QFIN
28.13,28.15,28.122,28.14,2364,2021-04-26 18:59:00,QFIN
28.15,28.19,28.11,28.17,8023,2021-04-26 19:00:00,QFIN
28.16,28.16,28.13,28.15,1500,2021-04-26 19:01:00,QFIN
28.14,28.16,28.12,28.1394,2408,2021-04-26 19:02:00,QFIN
28.13,28.13,28.13,28.13,100,2021-04-26 19:03:00,QFIN
28.16,28.16,28.14,28.14,200,2021-04-26 19:04:00,QFIN
28.17,28.19,28.17,28.18,700,2021-04-26 19:05:00,QFIN
28.18,28.19,28.17,28.19,900,2021-04-26 19:06:00,QFIN
28.19,28.19,28.17,28.18,1970,2021-04-26 19:07:00,QFIN
28.17,28.17,28.17,28.17,700,2021-04-26 19:08:00,QFIN
28.178,28.18,28.1717,28.18,500,2021-04-26 19:09:00,QFIN
28.19,28.2,28.18,28.2,2310,2021-04-26 19:10:00,QFIN
28.19,28.22,28.18,28.22,1400,2021-04-26 19:11:00,QFIN
28.24,28.24,28.2287,28.2287,400,2021-04-26 19:12:00,QFIN
28.25,28.25,28.2012,28.2012,600,2021-04-26 19:13:00,QFIN
28.24,28.25,28.2201,28.23,2775,2021-04-26 19:14:00,QFIN
28.23,28.25,28.2088,28.25,3650,2021-04-26 19:15:00,QFIN
28.25,28.25,28.23,28.24,6403,2021-04-26 19:16:00,QFIN
28.23,28.24,28.2112,28.2112,2103,2021-04-26 19:17:00,QFIN
28.23,28.23,28.23,28.23,668,2021-04-26 19:18:00,QFIN
28.23,28.23,28.1838,28.1838,1129,2021-04-26 19:19:00,QFIN
28.18,28.2,28.15,28.15,5302,2021-04-26 19:20:00,QFIN
28.16,28.16,28.15,28.16,900,2021-04-26 19:21:00,QFIN
28.17,28.17,28.1038,28.1038,15494,2021-04-26 19:22:00,QFIN
28.1,28.12,28.1,28.12,980,2021-04-26 19:23:00,QFIN
28.11,28.11,28.1,28.1,988,2021-04-26 19:24:00,QFIN
28.115,28.115,28.1,28.1,300,2021-04-26 19:25:00,QFIN
28.12,28.13,28.12,28.13,1388,2021-04-26 19:26:00,QFIN
28.14,28.14,28.132,28.14,900,2021-04-26 19:27:00,QFIN
28.13,28.1319,28.11,28.13,2710,2021-04-26 19:28:00,QFIN
28.12,28.12,27.96,27.97,8311,2021-04-26 19:29:00,QFIN
27.94,28.0,27.94,27.99,3868,2021-04-26 19:30:00,QFIN
27.99,28.0,27.97,28.0,1300,2021-04-26 19:31:00,QFIN
27.99,28.02,27.99,28.02,900,2021-04-26 19:32:00,QFIN
28.01,28.01,27.99,27.99,835,2021-04-26 19:33:00,QFIN
28.0,28.02,28.0,28.0198,7170,2021-04-26 19:34:00,QFIN
28.0057,28.03,28.0057,28.025,3046,2021-04-26 19:35:00,QFIN
28.0399,28.0399,28.0127,28.03,3652,2021-04-26 19:36:00,QFIN
28.02,28.03,28.0,28.0,2151,2021-04-26 19:37:00,QFIN
28.0,28.005,27.97,27.9999,3506,2021-04-26 19:38:00,QFIN
27.9755,28.01,27.971,28.01,6110,2021-04-26 19:39:00,QFIN
27.995,28.01,27.9925,28.0,1504,2021-04-26 19:40:00,QFIN
28.0,28.02,27.9899,28.02,5143,2021-04-26 19:41:00,QFIN
28.02,28.04,28.02,28.03,2820,2021-04-26 19:42:00,QFIN
28.04,28.14,28.03,28.11,11381,2021-04-26 19:43:00,QFIN
28.1,28.12,28.1,28.1,931,2021-04-26 19:44:00,QFIN
28.09,28.09,28.04,28.09,2468,2021-04-26 19:45:00,QFIN
28.09,28.12,28.09,28.1199,370,2021-04-26 19:46:00,QFIN
28.11,28.1272,28.11,28.12,1687,2021-04-26 19:47:00,QFIN
28.12,28.1368,28.08,28.08,2877,2021-04-26 19:48:00,QFIN
28.08,28.09,28.06,28.09,2257,2021-04-26 19:49:00,QFIN
28.09,28.12,28.05,28.105,7821,2021-04-26 19:50:00,QFIN
28.07,28.12,28.07,28.1027,7206,2021-04-26 19:51:00,QFIN
28.11,28.1499,28.1007,28.11,4294,2021-04-26 19:52:00,QFIN
28.13,28.13,28.1,28.1027,2044,2021-04-26 19:53:00,QFIN
28.1,28.1011,28.07,28.07,4995,2021-04-26 19:54:00,QFIN
28.07,28.11,28.04,28.11,4819,2021-04-26 19:55:00,QFIN
28.08,28.12,28.08,28.115,3832,2021-04-26 19:56:00,QFIN
28.115,28.13,28.06,28.0627,8245,2021-04-26 19:57:00,QFIN
28.06,28.0799,28.02,28.04,8473,2021-04-26 19:58:00,QFIN
28.05,28.09,28.02,28.03,19638,2021-04-26 19:59:00,QFIN
28.07,28.07,28.07,28.07,426442,2021-04-26 20:00:00,QFIN
28.12,28.12,28.12,28.12,100,2021-04-26 20:28:00,QFIN
28.0743,28.0743,28.07,28.07,200,2021-04-26 20:39:00,QFIN
28.12,28.12,28.12,28.12,551,2021-04-26 20:52:00,QFIN
28.11,28.11,28.11,28.11,100,2021-04-26 21:34:00,QFIN
28.12,28.12,28.12,28.12,148,2021-04-26 21:48:00,QFIN
28.12,28.12,28.12,28.12,200,2021-04-26 22:29:00,QFIN
28.12,28.12,28.12,28.12,200,2021-04-26 22:41:00,QFIN
28.12,28.12,28.12,28.12,100,2021-04-26 23:31:00,QFIN
27.8,27.8,27.8,27.8,300,2021-04-27 09:06:00,QFIN
28.21,28.21,28.21,28.21,100,2021-04-27 12:18:00,QFIN
28.25,28.25,28.25,28.25,1900,2021-04-27 12:27:00,QFIN
28.25,28.25,28.25,28.25,100,2021-04-27 12:32:00,QFIN
28.35,28.35,28.35,28.35,104,2021-04-27 13:28:00,QFIN
28.49,28.49,28.25,28.39,34667,2021-04-27 13:30:00,QFIN
28.46,28.5106,28.16,28.16,8770,2021-04-27 13:31:00,QFIN
28.2555,28.31,28.15,28.16,3986,2021-04-27 13:32:00,QFIN
28.25,28.25,27.88,27.89,13892,2021-04-27 13:33:00,QFIN
27.92,28.01,27.92,27.9201,1692,2021-04-27 13:34:00,QFIN
27.97,27.98,27.84,27.84,17871,2021-04-27 13:35:00,QFIN
27.88,27.95,27.84,27.95,12620,2021-04-27 13:36:00,QFIN
27.88,27.88,27.73,27.7301,23871,2021-04-27 13:37:00,QFIN
27.78,27.82,27.71,27.78,8808,2021-04-27 13:38:00,QFIN
27.785,27.8075,27.73,27.73,3589,2021-04-27 13:39:00,QFIN
27.8047,27.81,27.61,27.75,22273,2021-04-27 13:40:00,QFIN
27.715,27.715,27.36,27.5304,43511,2021-04-27 13:41:00,QFIN
27.4001,27.5672,27.35,27.39,7695,2021-04-27 13:42:00,QFIN
27.44,27.4634,27.36,27.4634,9314,2021-04-27 13:43:00,QFIN
27.37,27.4,27.11,27.21,41461,2021-04-27 13:44:00,QFIN
27.21,27.21,27.0,27.06,11417,2021-04-27 13:45:00,QFIN
27.01,27.21,26.935,27.2,32188,2021-04-27 13:46:00,QFIN
27.23,27.25,27.19,27.225,13820,2021-04-27 13:47:00,QFIN
27.225,27.25,27.18,27.18,15373,2021-04-27 13:48:00,QFIN
27.17,27.24,27.17,27.234,5581,2021-04-27 13:49:00,QFIN
27.22,27.22,27.15,27.2,8264,2021-04-27 13:50:00,QFIN
27.23,27.4999,27.23,27.44,19589,2021-04-27 13:51:00,QFIN
27.5,27.5,27.32,27.3355,4863,2021-04-27 13:52:00,QFIN
27.35,27.35,27.2718,27.32,815,2021-04-27 13:53:00,QFIN
27.3654,27.38,27.27,27.34,2200,2021-04-27 13:54:00,QFIN
27.34,27.34,27.28,27.28,1815,2021-04-27 13:55:00,QFIN
27.295,27.31,27.24,27.31,1800,2021-04-27 13:56:00,QFIN
27.29,27.38,27.29,27.37,4795,2021-04-27 13:57:00,QFIN
27.38,27.55,27.365,27.4692,13647,2021-04-27 13:58:00,QFIN
27.51,27.5305,27.45,27.5,8650,2021-04-27 13:59:00,QFIN
27.5,27.52,27.45,27.45,8772,2021-04-27 14:00:00,QFIN
27.4,27.4519,27.3647,27.37,6989,2021-04-27 14:01:00,QFIN
27.37,27.41,27.12,27.4099,27518,2021-04-27 14:02:00,QFIN
27.41,27.41,27.3811,27.41,1512,2021-04-27 14:03:00,QFIN
27.36,27.375,27.35,27.375,2000,2021-04-27 14:04:00,QFIN
27.35,27.355,27.3399,27.3399,500,2021-04-27 14:05:00,QFIN
27.33,27.37,27.31,27.35,2656,2021-04-27 14:06:00,QFIN
27.36,27.37,27.31,27.31,2144,2021-04-27 14:07:00,QFIN
27.28,27.31,27.22,27.22,12283,2021-04-27 14:09:00,QFIN
27.2001,27.22,27.17,27.2,8012,2021-04-27 14:10:00,QFIN
27.25,27.25,27.181,27.181,5310,2021-04-27 14:11:00,QFIN
27.18,27.18,27.07,27.07,11903,2021-04-27 14:12:00,QFIN
27.06,27.1,26.98,27.06,19059,2021-04-27 14:13:00,QFIN
27.08,27.08,27.04,27.065,1968,2021-04-27 14:14:00,QFIN
27.08,27.08,26.955,26.955,5502,2021-04-27 14:15:00,QFIN
26.95,26.95,26.81,26.91,14260,2021-04-27 14:16:00,QFIN
26.91,26.92,26.85,26.85,15537,2021-04-27 14:17:00,QFIN
26.84,26.84,26.73,26.78,15429,2021-04-27 14:18:00,QFIN
26.7591,26.86,26.7591,26.834,11121,2021-04-27 14:19:00,QFIN
26.81,26.85,26.7901,26.8,1646,2021-04-27 14:20:00,QFIN
26.8,26.85,26.79,26.79,8748,2021-04-27 14:21:00,QFIN
26.83,26.83,26.83,26.83,181,2021-04-27 14:22:00,QFIN
26.82,26.84,26.8,26.8,2900,2021-04-27 14:23:00,QFIN
26.825,26.87,26.81,26.86,4630,2021-04-27 14:24:00,QFIN
26.85,26.87,26.822,26.87,3466,2021-04-27 14:25:00,QFIN
26.83,26.85,26.79,26.79,12405,2021-04-27 14:26:00,QFIN
26.825,26.825,26.8,26.825,400,2021-04-27 14:27:00,QFIN
26.8,26.9,26.78,26.87,9613,2021-04-27 14:28:00,QFIN
26.89,27.04,26.88,27.04,6208,2021-04-27 14:29:00,QFIN
27.04,27.12,27.0385,27.08,3147,2021-04-27 14:30:00,QFIN
27.04,27.06,27.0,27.0,3150,2021-04-27 14:31:00,QFIN
27.03,27.05,27.0,27.04,7505,2021-04-27 14:32:00,QFIN
27.05,27.1708,27.05,27.1708,7944,2021-04-27 14:33:00,QFIN
27.18,27.18,27.14,27.14,1808,2021-04-27 14:34:00,QFIN
27.14,27.14,27.04,27.04,3192,2021-04-27 14:35:00,QFIN
27.02,27.02,26.94,27.01,3440,2021-04-27 14:36:00,QFIN
27.05,27.05,26.94,26.94,2700,2021-04-27 14:37:00,QFIN
26.93,27.0,26.93,26.95,650,2021-04-27 14:38:00,QFIN
26.95,27.16,26.95,27.12,5380,2021-04-27 14:39:00,QFIN
27.14,27.14,27.09,27.11,1300,2021-04-27 14:40:00,QFIN
27.12,27.16,27.09,27.0982,2697,2021-04-27 14:41:00,QFIN
27.1,27.1,27.1,27.1,100,2021-04-27 14:42:00,QFIN
27.0986,27.125,27.0986,27.125,600,2021-04-27 14:43:00,QFIN
27.14,27.16,27.13,27.16,455,2021-04-27 14:44:00,QFIN
27.14,27.19,27.11,27.19,2698,2021-04-27 14:45:00,QFIN
27.2,27.25,27.19,27.2332,2357,2021-04-27 14:46:00,QFIN
27.225,27.27,27.225,27.27,5008,2021-04-27 14:47:00,QFIN
27.27,27.27,27.23,27.23,2928,2021-04-27 14:48:00,QFIN
27.26,27.3,27.25,27.27,5093,2021-04-27 14:49:00,QFIN
27.28,27.31,27.28,27.31,2000,2021-04-27 14:50:00,QFIN
27.25,27.25,27.2,27.235,2387,2021-04-27 14:51:00,QFIN
27.21,27.3,27.21,27.29,2093,2021-04-27 14:52:00,QFIN
27.3,27.39,27.3,27.39,1500,2021-04-27 14:53:00,QFIN
27.33,27.33,27.29,27.29,2437,2021-04-27 14:54:00,QFIN
27.29,27.29,27.29,27.29,100,2021-04-27 14:55:00,QFIN
27.28,27.28,27.21,27.27,1471,2021-04-27 14:56:00,QFIN
27.245,27.245,27.245,27.245,500,2021-04-27 14:57:00,QFIN
27.25,27.2899,27.21,27.28,3132,2021-04-27 14:58:00,QFIN
27.25,27.25,27.22,27.22,600,2021-04-27 14:59:00,QFIN
27.25,27.31,27.25,27.29,7107,2021-04-27 15:01:00,QFIN
27.33,27.337,27.29,27.315,1787,2021-04-27 15:02:00,QFIN
27.31,27.349,27.29,27.349,643,2021-04-27 15:03:00,QFIN
27.35,27.44,27.35,27.39,3430,2021-04-27 15:04:00,QFIN
27.386,27.386,27.32,27.32,1300,2021-04-27 15:05:00,QFIN
27.36,27.36,27.36,27.36,100,2021-04-27 15:07:00,QFIN
27.33,27.36,27.32,27.36,1983,2021-04-27 15:08:00,QFIN
27.36,27.3892,27.36,27.3892,200,2021-04-27 15:09:00,QFIN
27.389,27.389,27.32,27.32,2036,2021-04-27 15:10:00,QFIN
27.38,27.38,27.3,27.355,6807,2021-04-27 15:11:00,QFIN
27.34,27.36,27.33,27.36,1356,2021-04-27 15:12:00,QFIN
27.33,27.39,27.33,27.37,1592,2021-04-27 15:13:00,QFIN
27.38,27.4,27.37,27.37,2281,2021-04-27 15:14:00,QFIN
27.37,27.37,27.35,27.35,1039,2021-04-27 15:15:00,QFIN
27.345,27.345,27.345,27.345,100,2021-04-27 15:16:00,QFIN
27.3789,27.3789,27.3789,27.3789,120,2021-04-27 15:17:00,QFIN
27.345,27.4,27.33,27.38,2100,2021-04-27 15:18:00,QFIN
27.4,27.44,27.4,27.4,1427,2021-04-27 15:19:00,QFIN
27.4,27.49,27.4,27.49,2365,2021-04-27 15:20:00,QFIN
27.49,27.54,27.49,27.54,2803,2021-04-27 15:21:00,QFIN
27.55,27.64,27.55,27.64,4891,2021-04-27 15:22:00,QFIN
27.61,27.61,27.59,27.59,2094,2021-04-27 15:23:00,QFIN
27.62,27.62,27.6,27.6,344,2021-04-27 15:24:00,QFIN
27.58,27.5886,27.56,27.5886,1509,2021-04-27 15:25:00,QFIN
27.56,27.56,27.56,27.56,100,2021-04-27 15:26:00,QFIN
27.59,27.6,27.56,27.585,720,2021-04-27 15:27:00,QFIN
27.62,27.68,27.62,27.6725,5250,2021-04-27 15:28:00,QFIN
27.66,27.6899,27.63,27.6899,1255,2021-04-27 15:29:00,QFIN
27.63,27.63,27.59,27.61,1600,2021-04-27 15:31:00,QFIN
27.6466,27.6466,27.62,27.62,400,2021-04-27 15:32:00,QFIN
27.62,27.62,27.56,27.56,7650,2021-04-27 15:33:00,QFIN
27.64,27.64,27.6334,27.6334,844,2021-04-27 15:34:00,QFIN
27.65,27.65,27.59,27.59,900,2021-04-27 15:35:00,QFIN
27.615,27.65,27.615,27.65,951,2021-04-27 15:36:00,QFIN
27.59,27.65,27.59,27.625,923,2021-04-27 15:37:00,QFIN
27.66,27.66,27.64,27.64,824,2021-04-27 15:38:00,QFIN
27.65,27.65,27.6,27.615,2002,2021-04-27 15:40:00,QFIN
27.59,27.64,27.59,27.615,1550,2021-04-27 15:41:00,QFIN
27.62,27.66,27.62,27.645,2312,2021-04-27 15:42:00,QFIN
27.645,27.67,27.595,27.595,5081,2021-04-27 15:43:00,QFIN
27.59,27.6,27.59,27.6,1712,2021-04-27 15:44:00,QFIN
27.59,27.6,27.56,27.56,1561,2021-04-27 15:45:00,QFIN
27.56,27.58,27.54,27.54,1050,2021-04-27 15:46:00,QFIN
27.54,27.54,27.53,27.53,689,2021-04-27 15:47:00,QFIN
27.55,27.55,27.54,27.55,300,2021-04-27 15:48:00,QFIN
27.49,27.55,27.48,27.55,1144,2021-04-27 15:49:00,QFIN
27.52,27.52,27.48,27.48,200,2021-04-27 15:50:00,QFIN
27.465,27.5,27.46,27.475,2206,2021-04-27 15:51:00,QFIN
27.51,27.51,27.46,27.46,200,2021-04-27 15:52:00,QFIN
27.45,27.5,27.45,27.5,750,2021-04-27 15:53:00,QFIN
27.5,27.52,27.48,27.48,2487,2021-04-27 15:54:00,QFIN
27.48,27.48,27.44,27.45,1611,2021-04-27 15:55:00,QFIN
27.39,27.45,27.31,27.39,4769,2021-04-27 15:56:00,QFIN
27.42,27.42,27.3881,27.3881,600,2021-04-27 15:57:00,QFIN
27.44,27.44,27.43,27.43,389,2021-04-27 15:58:00,QFIN
27.39,27.39,27.39,27.39,100,2021-04-27 15:59:00,QFIN
27.4,27.4,27.39,27.39,700,2021-04-27 16:00:00,QFIN
27.415,27.415,27.36,27.36,1349,2021-04-27 16:01:00,QFIN
27.39,27.4,27.3887,27.3887,1020,2021-04-27 16:02:00,QFIN
27.42,27.44,27.4,27.405,5236,2021-04-27 16:03:00,QFIN
27.395,27.395,27.36,27.3627,1735,2021-04-27 16:04:00,QFIN
27.385,27.385,27.34,27.34,5355,2021-04-27 16:05:00,QFIN
27.365,27.365,27.3525,27.365,1940,2021-04-27 16:06:00,QFIN
27.365,27.365,27.31,27.3293,3446,2021-04-27 16:07:00,QFIN
27.32,27.35,27.31,27.335,2395,2021-04-27 16:08:00,QFIN
27.36,27.36,27.33,27.35,2092,2021-04-27 16:09:00,QFIN
27.3604,27.3604,27.31,27.325,9052,2021-04-27 16:10:00,QFIN
27.325,27.33,27.28,27.31,3316,2021-04-27 16:11:00,QFIN
27.295,27.295,27.27,27.27,476,2021-04-27 16:12:00,QFIN
27.27,27.34,27.27,27.31,2898,2021-04-27 16:13:00,QFIN
27.305,27.305,27.3,27.3,307,2021-04-27 16:14:00,QFIN
27.305,27.31,27.305,27.305,326,2021-04-27 16:15:00,QFIN
27.27,27.305,27.27,27.305,220,2021-04-27 16:16:00,QFIN
27.3,27.34,27.28,27.28,4638,2021-04-27 16:17:00,QFIN
27.28,27.36,27.28,27.34,5298,2021-04-27 16:18:00,QFIN
27.34,27.35,27.33,27.33,910,2021-04-27 16:19:00,QFIN
27.33,27.3499,27.285,27.3499,2527,2021-04-27 16:20:00,QFIN
27.29,27.33,27.29,27.33,250,2021-04-27 16:22:00,QFIN
27.29,27.29,27.29,27.29,100,2021-04-27 16:23:00,QFIN
27.32,27.38,27.32,27.38,3286,2021-04-27 16:24:00,QFIN
27.38,27.39,27.36,27.39,3731,2021-04-27 16:25:00,QFIN
27.39,27.42,27.39,27.41,3098,2021-04-27 16:26:00,QFIN
27.41,27.41,27.37,27.38,5389,2021-04-27 16:27:00,QFIN
27.39,27.4,27.36,27.36,2469,2021-04-27 16:28:00,QFIN
27.36,27.36,27.31,27.31,3190,2021-04-27 16:29:00,QFIN
27.28,27.28,27.17,27.175,8466,2021-04-27 16:30:00,QFIN
27.17,27.17,27.1,27.12,12466,2021-04-27 16:31:00,QFIN
27.11,27.11,27.1,27.11,3808,2021-04-27 16:32:00,QFIN
27.09,27.1024,27.01,27.03,6484,2021-04-27 16:33:00,QFIN
27.0115,27.02,27.0,27.01,4549,2021-04-27 16:34:00,QFIN
27.0,27.0,26.91,26.915,17321,2021-04-27 16:35:00,QFIN
26.91,26.91,26.86,26.88,11413,2021-04-27 16:36:00,QFIN
26.88,26.9,26.87,26.89,5208,2021-04-27 16:37:00,QFIN
26.89,26.91,26.89,26.909,6400,2021-04-27 16:38:00,QFIN
26.9,26.9,26.86,26.88,15621,2021-04-27 16:39:00,QFIN
26.87,26.91,26.87,26.91,10405,2021-04-27 16:40:00,QFIN
26.895,26.91,26.89,26.9,4600,2021-04-27 16:41:00,QFIN
26.9,26.95,26.9,26.94,4536,2021-04-27 16:42:00,QFIN
26.93,26.93,26.91,26.91,1176,2021-04-27 16:43:00,QFIN
26.93,26.93,26.89,26.9,3788,2021-04-27 16:44:00,QFIN
26.8847,26.9081,26.88,26.9081,680,2021-04-27 16:45:00,QFIN
26.87,26.94,26.87,26.9172,1216,2021-04-27 16:46:00,QFIN
26.89,26.95,26.89,26.95,1609,2021-04-27 16:47:00,QFIN
26.95,26.97,26.94,26.96,12268,2021-04-27 16:48:00,QFIN
26.97,27.01,26.96,26.96,5899,2021-04-27 16:49:00,QFIN
26.965,26.9681,26.965,26.965,700,2021-04-27 16:50:00,QFIN
26.98,27.01,26.9794,26.995,2199,2021-04-27 16:51:00,QFIN
26.995,27.01,26.9859,27.01,1746,2021-04-27 16:52:00,QFIN
27.01,27.01,27.0,27.0,1070,2021-04-27 16:53:00,QFIN
27.0,27.01,26.97,26.98,7283,2021-04-27 16:54:00,QFIN
26.98,26.995,26.94,26.94,3699,2021-04-27 16:55:00,QFIN
26.97,26.97,26.94,26.94,200,2021-04-27 16:56:00,QFIN
26.96,26.98,26.95,26.98,710,2021-04-27 16:57:00,QFIN
26.97,26.97,26.95,26.965,1675,2021-04-27 16:58:00,QFIN
26.98,27.01,26.98,27.01,3464,2021-04-27 16:59:00,QFIN
27.01,27.01,26.981,26.995,6235,2021-04-27 17:00:00,QFIN
27.0,27.01,27.0,27.0,350,2021-04-27 17:01:00,QFIN
27.01,27.04,27.005,27.035,3787,2021-04-27 17:02:00,QFIN
27.035,27.11,27.035,27.11,1841,2021-04-27 17:03:00,QFIN
27.1342,27.15,27.1336,27.14,1237,2021-04-27 17:04:00,QFIN
27.13,27.13,27.1,27.1,1100,2021-04-27 17:06:00,QFIN
27.1,27.1,27.1,27.1,100,2021-04-27 17:08:00,QFIN
27.15,27.2,27.15,27.19,3009,2021-04-27 17:10:00,QFIN
27.19,27.2,27.16,27.17,5703,2021-04-27 17:11:00,QFIN
27.11,27.11,27.11,27.11,100,2021-04-27 17:12:00,QFIN
27.11,27.135,27.1,27.1,3000,2021-04-27 17:13:00,QFIN
27.1,27.115,27.08,27.115,1500,2021-04-27 17:14:00,QFIN
27.12,27.13,27.12,27.13,1166,2021-04-27 17:15:00,QFIN
27.13,27.16,27.1,27.14,5949,2021-04-27 17:16:00,QFIN
27.14,27.14,27.13,27.13,2600,2021-04-27 17:17:00,QFIN
27.12,27.14,27.09,27.1,12207,2021-04-27 17:18:00,QFIN
27.08,27.109,27.04,27.05,4163,2021-04-27 17:19:00,QFIN
27.03,27.06,27.01,27.03,7481,2021-04-27 17:20:00,QFIN
27.02,27.02,26.96,27.01,4945,2021-04-27 17:21:00,QFIN
27.0,27.02,26.98,26.98,6274,2021-04-27 17:22:00,QFIN
26.98,27.0,26.96,26.96,6810,2021-04-27 17:23:00,QFIN
26.967,27.02,26.96,26.97,6308,2021-04-27 17:24:00,QFIN
26.95,26.95,26.91,26.94,6515,2021-04-27 17:25:00,QFIN
26.945,26.951,26.92,26.925,4859,2021-04-27 17:26:00,QFIN
26.93,26.95,26.92,26.94,3300,2021-04-27 17:27:00,QFIN
26.94,27.01,26.94,27.01,2599,2021-04-27 17:28:00,QFIN
27.03,27.03,27.03,27.03,131,2021-04-27 17:29:00,QFIN
27.05,27.09,27.05,27.09,1499,2021-04-27 17:30:00,QFIN
27.09,27.12,27.09,27.12,2273,2021-04-27 17:31:00,QFIN
27.13,27.14,27.11,27.11,600,2021-04-27 17:32:00,QFIN
27.115,27.115,27.06,27.06,3475,2021-04-27 17:33:00,QFIN
27.06,27.06,27.0,27.01,8541,2021-04-27 17:34:00,QFIN
27.0,27.0,26.89,26.92,6001,2021-04-27 17:35:00,QFIN
26.902,26.902,26.88,26.885,11495,2021-04-27 17:36:00,QFIN
26.88,26.91,26.87,26.9,5269,2021-04-27 17:37:00,QFIN
26.9,26.9,26.875,26.88,4834,2021-04-27 17:38:00,QFIN
26.87,26.8707,26.82,26.82,8308,2021-04-27 17:39:00,QFIN
26.82,26.82,26.81,26.82,8290,2021-04-27 17:40:00,QFIN
26.81,26.84,26.8,26.825,3718,2021-04-27 17:41:00,QFIN
26.8298,26.8298,26.78,26.8,9604,2021-04-27 17:42:00,QFIN
26.79,26.81,26.79,26.8,4338,2021-04-27 17:43:00,QFIN
26.81,26.81,26.795,26.8,4506,2021-04-27 17:44:00,QFIN
26.805,26.87,26.8,26.87,4976,2021-04-27 17:45:00,QFIN
26.85,26.94,26.85,26.91,2961,2021-04-27 17:46:00,QFIN
26.9,26.935,26.9,26.9348,4780,2021-04-27 17:47:00,QFIN
26.9,26.95,26.9,26.93,2813,2021-04-27 17:48:00,QFIN
26.92,26.92,26.92,26.92,100,2021-04-27 17:49:00,QFIN
26.91,26.93,26.91,26.91,500,2021-04-27 17:50:00,QFIN
26.9428,26.9428,26.9,26.9,880,2021-04-27 17:51:00,QFIN
26.89,26.89,26.83,26.83,3435,2021-04-27 17:52:00,QFIN
26.83,26.87,26.83,26.85,2121,2021-04-27 17:53:00,QFIN
26.8506,26.8506,26.85,26.85,825,2021-04-27 17:54:00,QFIN
26.87,26.88,26.87,26.87,1100,2021-04-27 17:55:00,QFIN
26.87,26.88,26.8545,26.87,1100,2021-04-27 17:56:00,QFIN
26.865,26.89,26.865,26.89,734,2021-04-27 17:57:00,QFIN
26.91,26.9448,26.9,26.9448,1075,2021-04-27 17:58:00,QFIN
26.93,26.97,26.93,26.96,2068,2021-04-27 17:59:00,QFIN
26.97,26.97,26.92,26.94,1873,2021-04-27 18:00:00,QFIN
26.95,26.95,26.92,26.92,1130,2021-04-27 18:01:00,QFIN
26.92,26.93,26.91,26.93,1380,2021-04-27 18:02:00,QFIN
26.9,26.9,26.9,26.9,100,2021-04-27 18:03:00,QFIN
26.9066,26.92,26.8926,26.92,2619,2021-04-27 18:04:00,QFIN
26.93,26.94,26.92,26.93,1358,2021-04-27 18:05:00,QFIN
26.95,26.96,26.95,26.96,333,2021-04-27 18:06:00,QFIN
26.9685,27.02,26.9685,27.02,2866,2021-04-27 18:07:00,QFIN
27.02,27.03,27.02,27.03,500,2021-04-27 18:08:00,QFIN
27.02,27.05,27.02,27.05,1734,2021-04-27 18:09:00,QFIN
27.0781,27.125,27.06,27.125,2370,2021-04-27 18:11:00,QFIN
27.12,27.12,27.0605,27.0605,1760,2021-04-27 18:12:00,QFIN
27.06,27.06,27.06,27.06,350,2021-04-27 18:13:00,QFIN
27.0689,27.0952,27.04,27.06,3026,2021-04-27 18:14:00,QFIN
27.06,27.06,27.04,27.04,700,2021-04-27 18:15:00,QFIN
27.05,27.065,27.04,27.065,2594,2021-04-27 18:16:00,QFIN
27.07,27.07,27.03,27.045,1800,2021-04-27 18:17:00,QFIN
27.04,27.04,27.04,27.04,150,2021-04-27 18:18:00,QFIN
27.03,27.06,27.03,27.06,1279,2021-04-27 18:19:00,QFIN
27.07,27.07,26.99,26.99,2750,2021-04-27 18:20:00,QFIN
27.0,27.0,27.0,27.0,100,2021-04-27 18:21:00,QFIN
26.9912,26.9912,26.96,26.96,720,2021-04-27 18:22:00,QFIN
26.97,27.02,26.97,27.02,400,2021-04-27 18:23:00,QFIN
27.0,27.0,27.0,27.0,135,2021-04-27 18:24:00,QFIN
26.96,27.03,26.94,27.03,3012,2021-04-27 18:25:00,QFIN
27.04,27.08,27.01,27.08,2402,2021-04-27 18:26:00,QFIN
27.07,27.08,27.05,27.075,2256,2021-04-27 18:27:00,QFIN
27.1,27.1,27.09,27.09,750,2021-04-27 18:29:00,QFIN
27.11,27.145,27.11,27.11,2432,2021-04-27 18:30:00,QFIN
27.09,27.17,27.09,27.105,1357,2021-04-27 18:31:00,QFIN
27.1214,27.1214,27.09,27.09,1650,2021-04-27 18:32:00,QFIN
27.08,27.08,27.08,27.08,300,2021-04-27 18:35:00,QFIN
27.07,27.07,27.07,27.07,400,2021-04-27 18:36:00,QFIN
27.08,27.08,27.08,27.08,100,2021-04-27 18:37:00,QFIN
27.07,27.08,27.04,27.04,2420,2021-04-27 18:39:00,QFIN
27.06,27.06,27.06,27.06,100,2021-04-27 18:40:00,QFIN
27.07,27.105,27.07,27.105,2420,2021-04-27 18:42:00,QFIN
27.11,27.14,27.04,27.04,3403,2021-04-27 18:43:00,QFIN
27.04,27.09,27.04,27.07,1558,2021-04-27 18:44:00,QFIN
27.0493,27.0493,27.03,27.04,1100,2021-04-27 18:45:00,QFIN
27.03,27.03,26.97,26.975,700,2021-04-27 18:46:00,QFIN
26.96,27.02,26.94,26.97,900,2021-04-27 18:47:00,QFIN
26.995,27.02,26.995,27.02,300,2021-04-27 18:48:00,QFIN
27.0,27.02,26.96,26.96,2456,2021-04-27 18:50:00,QFIN
26.995,27.02,26.99,26.99,3642,2021-04-27 18:51:00,QFIN
27.02,27.03,27.005,27.01,2522,2021-04-27 18:52:00,QFIN
27.01,27.06,27.01,27.06,2728,2021-04-27 18:53:00,QFIN
27.05,27.05,26.97,27.04,2439,2021-04-27 18:54:00,QFIN
27.03,27.05,26.98,27.05,1223,2021-04-27 18:57:00,QFIN
27.025,27.025,26.9,26.9,2790,2021-04-27 18:58:00,QFIN
26.9,26.97,26.9,26.97,3438,2021-04-27 18:59:00,QFIN
26.97,26.97,26.93,26.93,215,2021-04-27 19:00:00,QFIN
26.9487,26.96,26.94,26.94,1500,2021-04-27 19:01:00,QFIN
26.955,26.955,26.955,26.955,300,2021-04-27 19:02:00,QFIN
26.95,27.03,26.95,27.03,1500,2021-04-27 19:03:00,QFIN
27.01,27.03,27.01,27.03,775,2021-04-27 19:04:00,QFIN
27.05,27.05,27.01,27.01,1100,2021-04-27 19:06:00,QFIN
27.0,27.0,26.99,26.99,860,2021-04-27 19:07:00,QFIN
26.99,26.99,26.94,26.98,907,2021-04-27 19:09:00,QFIN
26.96,26.96,26.95,26.95,200,2021-04-27 19:10:00,QFIN
26.98,27.02,26.97,26.97,1600,2021-04-27 19:13:00,QFIN
27.0,27.0,26.96,27.0,5220,2021-04-27 19:14:00,QFIN
26.97,26.98,26.91,26.91,2037,2021-04-27 19:15:00,QFIN
26.95,26.95,26.92,26.94,428,2021-04-27 19:16:00,QFIN
26.93,26.93,26.93,26.93,200,2021-04-27 19:17:00,QFIN
26.96,26.99,26.96,26.97,670,2021-04-27 19:18:00,QFIN
26.95,26.95,26.94,26.94,1220,2021-04-27 19:19:00,QFIN
26.942,26.99,26.94,26.97,2242,2021-04-27 19:20:00,QFIN
26.95,26.95,26.95,26.95,100,2021-04-27 19:21:00,QFIN
26.958,26.96,26.94,26.96,2716,2021-04-27 19:22:00,QFIN
26.945,26.945,26.93,26.93,950,2021-04-27 19:23:00,QFIN
26.94,26.954,26.92,26.92,482,2021-04-27 19:24:00,QFIN
26.92,26.93,26.89,26.93,2826,2021-04-27 19:27:00,QFIN
26.9158,26.9399,26.85,26.91,4323,2021-04-27 19:28:00,QFIN
26.91,26.92,26.88,26.88,1486,2021-04-27 19:29:00,QFIN
26.92,26.92,26.88,26.88,400,2021-04-27 19:30:00,QFIN
26.88,26.88,26.88,26.88,500,2021-04-27 19:31:00,QFIN
26.92,26.95,26.92,26.92,2010,2021-04-27 19:33:00,QFIN
26.95,26.95,26.94,26.94,700,2021-04-27 19:34:00,QFIN
26.93,26.94,26.82,26.855,12833,2021-04-27 19:35:00,QFIN
26.875,26.88,26.86,26.86,1400,2021-04-27 19:37:00,QFIN
26.8796,26.9,26.84,26.89,5169,2021-04-27 19:38:00,QFIN
26.89,26.89,26.87,26.89,700,2021-04-27 19:39:00,QFIN
26.895,26.9,26.88,26.9,950,2021-04-27 19:40:00,QFIN
26.9,26.98,26.9,26.98,9906,2021-04-27 19:41:00,QFIN
26.99,27.0,26.99,27.0,1100,2021-04-27 19:42:00,QFIN
26.98,26.99,26.97,26.98,4104,2021-04-27 19:43:00,QFIN
26.985,26.985,26.97,26.985,2226,2021-04-27 19:44:00,QFIN
26.9727,26.9727,26.96,26.965,1345,2021-04-27 19:45:00,QFIN
27.0,27.005,26.98,27.005,2327,2021-04-27 19:46:00,QFIN
27.0,27.0199,26.98,26.98,2200,2021-04-27 19:47:00,QFIN
27.009,27.01,26.99,26.99,700,2021-04-27 19:48:00,QFIN
26.99,27.0,26.98,27.0,3187,2021-04-27 19:49:00,QFIN
27.02,27.06,27.01,27.055,3208,2021-04-27 19:50:00,QFIN
27.055,27.07,27.055,27.07,1537,2021-04-27 19:51:00,QFIN
27.05,27.05,27.03,27.03,922,2021-04-27 19:52:00,QFIN
27.07,27.1,27.07,27.1,2767,2021-04-27 19:53:00,QFIN
27.09,27.13,27.08,27.08,5590,2021-04-27 19:54:00,QFIN
27.085,27.136,27.07,27.125,18923,2021-04-27 19:55:00,QFIN
27.13,27.1373,27.11,27.13,3490,2021-04-27 19:56:00,QFIN
27.12,27.15,27.05,27.08,13827,2021-04-27 19:57:00,QFIN
27.06,27.07,26.99,27.06,15739,2021-04-27 19:58:00,QFIN
27.06,27.08,27.0,27.07,35099,2021-04-27 19:59:00,QFIN
27.07,27.07,27.07,27.07,31086,2021-04-27 20:00:00,QFIN
26.77,26.94,26.77,26.94,700,2021-04-27 20:47:00,QFIN
27.07,27.07,27.07,27.07,1500,2021-04-27 22:21:00,QFIN
27.07,27.07,27.07,27.07,100,2021-04-27 22:44:00,QFIN
27.09,27.09,27.09,27.09,1100,2021-04-28 11:52:00,QFIN
27.09,27.09,26.89,26.89,1125,2021-04-28 11:53:00,QFIN
26.88,26.88,26.88,26.88,100,2021-04-28 12:00:00,QFIN
26.81,26.81,26.77,26.77,632,2021-04-28 12:01:00,QFIN
26.85,26.85,26.85,26.85,100,2021-04-28 12:56:00,QFIN
27.01,27.115,27.0,27.115,9283,2021-04-28 13:30:00,QFIN
27.149,27.19,27.07,27.07,3300,2021-04-28 13:31:00,QFIN
27.11,27.19,27.07,27.19,800,2021-04-28 13:32:00,QFIN
27.2,27.2,27.07,27.125,2900,2021-04-28 13:33:00,QFIN
27.07,27.1,26.99,27.07,4014,2021-04-28 13:34:00,QFIN
27.0291,27.11,27.0291,27.05,3200,2021-04-28 13:35:00,QFIN
27.0851,27.13,27.0,27.1,6710,2021-04-28 13:36:00,QFIN
27.0754,27.09,27.04,27.09,1300,2021-04-28 13:37:00,QFIN
27.09,27.3,27.09,27.21,3219,2021-04-28 13:38:00,QFIN
27.35,27.42,27.31,27.42,1050,2021-04-28 13:39:00,QFIN
27.43,27.58,27.42,27.5307,4720,2021-04-28 13:40:00,QFIN
27.55,27.58,27.44,27.58,6065,2021-04-28 13:41:00,QFIN
27.6,27.8,27.6,27.6422,3158,2021-04-28 13:42:00,QFIN
27.695,27.77,27.68,27.705,4100,2021-04-28 13:43:00,QFIN
27.685,27.9,27.685,27.89,14226,2021-04-28 13:44:00,QFIN
27.89,27.92,27.83,27.84,6073,2021-04-28 13:45:00,QFIN
27.82,27.89,27.791,27.89,14644,2021-04-28 13:46:00,QFIN
27.8499,28.05,27.84,28.05,11448,2021-04-28 13:47:00,QFIN
28.08,28.1,28.02,28.08,25736,2021-04-28 13:48:00,QFIN
28.08,28.22,28.06,28.2,14497,2021-04-28 13:49:00,QFIN
28.215,28.2999,28.16,28.2,23153,2021-04-28 13:50:00,QFIN
28.12,28.15,28.056,28.13,4310,2021-04-28 13:51:00,QFIN
28.12,28.19,28.08,28.1001,17358,2021-04-28 13:52:00,QFIN
28.15,28.21,28.1375,28.17,8206,2021-04-28 13:53:00,QFIN
28.17,28.17,28.1,28.1233,6125,2021-04-28 13:54:00,QFIN
28.1,28.1,28.02,28.07,6266,2021-04-28 13:55:00,QFIN
28.07,28.08,27.97,28.02,14770,2021-04-28 13:56:00,QFIN
28.0,28.01,27.98,28.01,7563,2021-04-28 13:57:00,QFIN
28.01,28.01,27.985,27.985,1460,2021-04-28 13:58:00,QFIN
27.99,28.01,27.87,27.87,77527,2021-04-28 13:59:00,QFIN
27.905,27.94,27.87,27.87,7010,2021-04-28 14:00:00,QFIN
27.885,28.05,27.885,27.94,25207,2021-04-28 14:01:00,QFIN
27.97,28.0,27.85,27.85,2633,2021-04-28 14:02:00,QFIN
27.89,28.01,27.85,28.01,7506,2021-04-28 14:03:00,QFIN
28.035,28.0391,27.99,27.995,9196,2021-04-28 14:04:00,QFIN
27.9849,27.9849,27.91,27.91,417,2021-04-28 14:05:00,QFIN
27.91,27.91,27.91,27.91,1675,2021-04-28 14:06:00,QFIN
27.91,27.955,27.91,27.94,2120,2021-04-28 14:07:00,QFIN
27.9,27.9557,27.77,27.81,4625,2021-04-28 14:08:00,QFIN
27.858,27.94,27.81,27.88,5383,2021-04-28 14:09:00,QFIN
27.93,27.98,27.9,27.97,5053,2021-04-28 14:10:00,QFIN
27.8991,27.9599,27.89,27.9,3584,2021-04-28 14:11:00,QFIN
27.96,27.97,27.89,27.97,740,2021-04-28 14:12:00,QFIN
27.945,27.98,27.945,27.98,728,2021-04-28 14:13:00,QFIN
27.93,27.955,27.76,27.76,50689,2021-04-28 14:14:00,QFIN
27.78,27.9,27.78,27.79,8695,2021-04-28 14:15:00,QFIN
27.79,27.79,27.78,27.78,1122,2021-04-28 14:16:00,QFIN
27.79,27.84,27.79,27.8101,5263,2021-04-28 14:17:00,QFIN
27.81,27.82,27.8,27.8139,2024,2021-04-28 14:18:00,QFIN
27.84,27.84,27.7785,27.805,827,2021-04-28 14:19:00,QFIN
27.77,27.839,27.77,27.83,1800,2021-04-28 14:20:00,QFIN
27.8399,27.8399,27.8,27.8,580,2021-04-28 14:21:00,QFIN
27.78,27.79,27.76,27.76,1022,2021-04-28 14:22:00,QFIN
27.77,27.79,27.68,27.76,11606,2021-04-28 14:23:00,QFIN
27.7369,27.78,27.72,27.72,4870,2021-04-28 14:24:00,QFIN
27.76,27.76,27.76,27.76,100,2021-04-28 14:25:00,QFIN
27.72,27.79,27.72,27.79,6129,2021-04-28 14:26:00,QFIN
27.71,27.81,27.71,27.79,5060,2021-04-28 14:28:00,QFIN
27.76,27.79,27.76,27.79,542,2021-04-28 14:29:00,QFIN
27.7899,27.7899,27.72,27.72,7700,2021-04-28 14:30:00,QFIN
27.72,27.7399,27.72,27.72,15071,2021-04-28 14:31:00,QFIN
27.72,27.75,27.715,27.72,10105,2021-04-28 14:32:00,QFIN
27.71,27.71,27.56,27.57,9444,2021-04-28 14:33:00,QFIN
27.5715,27.58,27.49,27.49,2120,2021-04-28 14:34:00,QFIN
27.49,27.49,27.36,27.36,3922,2021-04-28 14:35:00,QFIN
27.3701,27.45,27.3701,27.45,2680,2021-04-28 14:36:00,QFIN
27.44,27.45,27.42,27.45,2435,2021-04-28 14:37:00,QFIN
27.435,27.438,27.42,27.42,414,2021-04-28 14:38:00,QFIN
27.41,27.43,27.39,27.39,1499,2021-04-28 14:39:00,QFIN
27.34,27.34,27.32,27.32,300,2021-04-28 14:40:00,QFIN
27.35,27.39,27.35,27.39,2000,2021-04-28 14:41:00,QFIN
27.37,27.4,27.37,27.39,700,2021-04-28 14:42:00,QFIN
27.3801,27.42,27.38,27.38,3244,2021-04-28 14:43:00,QFIN
27.41,27.54,27.41,27.5,12242,2021-04-28 14:44:00,QFIN
27.54,27.55,27.54,27.55,300,2021-04-28 14:45:00,QFIN
27.55,27.58,27.55,27.58,1813,2021-04-28 14:46:00,QFIN
27.62,27.67,27.6,27.6613,4700,2021-04-28 14:47:00,QFIN
27.66,27.69,27.66,27.69,500,2021-04-28 14:48:00,QFIN
27.685,27.71,27.685,27.71,378,2021-04-28 14:49:00,QFIN
27.705,27.73,27.705,27.73,200,2021-04-28 14:50:00,QFIN
27.74,27.8,27.72,27.8,2100,2021-04-28 14:51:00,QFIN
27.85,27.85,27.78,27.78,1959,2021-04-28 14:52:00,QFIN
27.79,27.79,27.75,27.75,1445,2021-04-28 14:53:00,QFIN
27.7424,27.7424,27.7424,27.7424,300,2021-04-28 14:54:00,QFIN
27.74,27.74,27.71,27.71,1900,2021-04-28 14:56:00,QFIN
27.7799,27.78,27.74,27.74,1200,2021-04-28 14:57:00,QFIN
27.74,27.77,27.71,27.735,1519,2021-04-28 14:58:00,QFIN
27.745,27.745,27.745,27.745,100,2021-04-28 14:59:00,QFIN
27.745,27.77,27.72,27.768,3900,2021-04-28 15:00:00,QFIN
27.68,27.695,27.68,27.695,200,2021-04-28 15:01:00,QFIN
27.695,27.695,27.695,27.695,100,2021-04-28 15:02:00,QFIN
27.71,27.73,27.71,27.73,200,2021-04-28 15:03:00,QFIN
27.71,27.71,27.6845,27.685,1148,2021-04-28 15:04:00,QFIN
27.64,27.64,27.5801,27.5801,2306,2021-04-28 15:05:00,QFIN
27.58,27.62,27.58,27.62,300,2021-04-28 15:06:00,QFIN
27.58,27.66,27.58,27.66,2800,2021-04-28 15:08:00,QFIN
27.656,27.675,27.656,27.67,1175,2021-04-28 15:09:00,QFIN
27.68,27.68,27.65,27.65,1000,2021-04-28 15:10:00,QFIN
27.645,27.645,27.61,27.61,1500,2021-04-28 15:11:00,QFIN
27.6074,27.6074,27.58,27.58,1300,2021-04-28 15:12:00,QFIN
27.52,27.55,27.52,27.54,550,2021-04-28 15:13:00,QFIN
27.55,27.55,27.49,27.49,7459,2021-04-28 15:14:00,QFIN
27.49,27.4927,27.47,27.47,2249,2021-04-28 15:15:00,QFIN
27.47,27.5,27.47,27.49,3362,2021-04-28 15:16:00,QFIN
27.48,27.58,27.48,27.5696,3231,2021-04-28 15:17:00,QFIN
27.54,27.54,27.505,27.505,500,2021-04-28 15:18:00,QFIN
27.5,27.52,27.5,27.5,1761,2021-04-28 15:19:00,QFIN
27.4824,27.4824,27.465,27.47,2096,2021-04-28 15:20:00,QFIN
27.46,27.46,27.44,27.455,1700,2021-04-28 15:21:00,QFIN
27.4425,27.4425,27.43,27.43,639,2021-04-28 15:22:00,QFIN
27.42,27.45,27.42,27.45,800,2021-04-28 15:23:00,QFIN
27.435,27.49,27.435,27.49,2300,2021-04-28 15:25:00,QFIN
27.48,27.48,27.48,27.48,1100,2021-04-28 15:26:00,QFIN
27.45,27.45,27.45,27.45,200,2021-04-28 15:27:00,QFIN
27.465,27.51,27.465,27.51,3794,2021-04-28 15:28:00,QFIN
27.52,27.52,27.49,27.505,2170,2021-04-28 15:29:00,QFIN
27.49,27.49,27.49,27.49,200,2021-04-28 15:30:00,QFIN
27.52,27.63,27.51,27.63,6186,2021-04-28 15:31:00,QFIN
27.55,27.58,27.55,27.58,1767,2021-04-28 15:32:00,QFIN
27.61,27.62,27.58,27.58,3984,2021-04-28 15:33:00,QFIN
27.58,27.58,27.55,27.55,471,2021-04-28 15:34:00,QFIN
27.59,27.6,27.59,27.6,475,2021-04-28 15:36:00,QFIN
27.585,27.585,27.585,27.585,100,2021-04-28 15:37:00,QFIN
27.6,27.66,27.595,27.62,5800,2021-04-28 15:38:00,QFIN
27.62,27.659,27.5852,27.5852,2617,2021-04-28 15:39:00,QFIN
27.6482,27.67,27.62,27.64,2200,2021-04-28 15:40:00,QFIN
27.64,27.65,27.6,27.6,2039,2021-04-28 15:41:00,QFIN
27.61,27.61,27.59,27.59,400,2021-04-28 15:42:00,QFIN
27.59,27.59,27.55,27.56,500,2021-04-28 15:44:00,QFIN
27.55,27.63,27.55,27.62,2800,2021-04-28 15:45:00,QFIN
27.6,27.62,27.6,27.62,600,2021-04-28 15:46:00,QFIN
27.62,27.62,27.62,27.62,200,2021-04-28 15:47:00,QFIN
27.57,27.57,27.55,27.55,929,2021-04-28 15:48:00,QFIN
27.55,27.555,27.55,27.555,400,2021-04-28 15:49:00,QFIN
27.52,27.52,27.5,27.5,400,2021-04-28 15:50:00,QFIN
27.535,27.535,27.535,27.535,200,2021-04-28 15:51:00,QFIN
27.51,27.5138,27.51,27.5138,563,2021-04-28 15:52:00,QFIN
27.51,27.51,27.51,27.51,100,2021-04-28 15:53:00,QFIN
27.51,27.535,27.51,27.535,200,2021-04-28 15:54:00,QFIN
27.535,27.535,27.51,27.52,500,2021-04-28 15:55:00,QFIN
27.54,27.5599,27.52,27.52,400,2021-04-28 15:56:00,QFIN
27.54,27.56,27.53,27.53,300,2021-04-28 15:57:00,QFIN
27.53,27.53,27.53,27.53,100,2021-04-28 15:58:00,QFIN
27.545,27.59,27.545,27.585,3060,2021-04-28 15:59:00,QFIN
27.6,27.61,27.53,27.53,3852,2021-04-28 16:00:00,QFIN
27.53,27.53,27.53,27.53,200,2021-04-28 16:01:00,QFIN
27.54,27.54,27.539,27.539,1200,2021-04-28 16:02:00,QFIN
27.5131,27.5131,27.5131,27.5131,1000,2021-04-28 16:03:00,QFIN
27.5157,27.54,27.5157,27.54,1100,2021-04-28 16:04:00,QFIN
27.545,27.545,27.545,27.545,122,2021-04-28 16:05:00,QFIN
27.52,27.55,27.51,27.51,2056,2021-04-28 16:06:00,QFIN
27.5,27.5,27.47,27.5,2400,2021-04-28 16:07:00,QFIN
27.53,27.53,27.505,27.51,4150,2021-04-28 16:08:00,QFIN
27.52,27.53,27.52,27.53,1700,2021-04-28 16:09:00,QFIN
27.53,27.54,27.51,27.51,2397,2021-04-28 16:10:00,QFIN
27.505,27.54,27.505,27.51,2260,2021-04-28 16:11:00,QFIN
27.52,27.56,27.5,27.555,3800,2021-04-28 16:12:00,QFIN
27.56,27.58,27.55,27.58,5100,2021-04-28 16:13:00,QFIN
27.58,27.58,27.56,27.57,3191,2021-04-28 16:14:00,QFIN
27.58,27.61,27.58,27.605,14757,2021-04-28 16:15:00,QFIN
27.605,27.61,27.57,27.57,2284,2021-04-28 16:16:00,QFIN
27.585,27.585,27.565,27.565,2300,2021-04-28 16:17:00,QFIN
27.5647,27.5736,27.5647,27.565,750,2021-04-28 16:18:00,QFIN
27.57,27.57,27.55,27.57,333,2021-04-28 16:20:00,QFIN
27.55,27.55,27.55,27.55,300,2021-04-28 16:22:00,QFIN
27.59,27.59,27.55,27.55,600,2021-04-28 16:23:00,QFIN
27.57,27.57,27.57,27.57,100,2021-04-28 16:25:00,QFIN
27.54,27.54,27.51,27.51,500,2021-04-28 16:26:00,QFIN
27.51,27.51,27.51,27.51,300,2021-04-28 16:29:00,QFIN
27.51,27.52,27.51,27.52,200,2021-04-28 16:30:00,QFIN
27.51,27.51,27.51,27.51,100,2021-04-28 16:31:00,QFIN
27.52,27.548,27.52,27.54,1100,2021-04-28 16:33:00,QFIN
27.54,27.545,27.54,27.545,1400,2021-04-28 16:34:00,QFIN
27.54,27.54,27.54,27.54,806,2021-04-28 16:35:00,QFIN
27.545,27.55,27.53,27.53,2428,2021-04-28 16:36:00,QFIN
27.54,27.54,27.54,27.54,100,2021-04-28 16:37:00,QFIN
27.54,27.54,27.46,27.46,4170,2021-04-28 16:38:00,QFIN
27.46,27.49,27.43,27.43,1430,2021-04-28 16:39:00,QFIN
27.45,27.45,27.3,27.325,5536,2021-04-28 16:40:00,QFIN
27.3,27.36,27.3,27.33,6084,2021-04-28 16:41:00,QFIN
27.34,27.35,27.34,27.34,600,2021-04-28 16:42:00,QFIN
27.35,27.38,27.35,27.38,600,2021-04-28 16:43:00,QFIN
27.38,27.43,27.38,27.42,4575,2021-04-28 16:44:00,QFIN
27.425,27.425,27.425,27.425,1000,2021-04-28 16:45:00,QFIN
27.45,27.45,27.43,27.43,400,2021-04-28 16:46:00,QFIN
27.43,27.45,27.39,27.45,2519,2021-04-28 16:47:00,QFIN
27.47,27.58,27.45,27.58,6071,2021-04-28 16:48:00,QFIN
27.59,27.67,27.59,27.64,10852,2021-04-28 16:49:00,QFIN
27.635,27.68,27.63,27.667,3097,2021-04-28 16:50:00,QFIN
27.66,27.7,27.66,27.6795,19266,2021-04-28 16:51:00,QFIN
27.68,27.71,27.68,27.695,8946,2021-04-28 16:52:00,QFIN
27.71,27.71,27.67,27.7,10729,2021-04-28 16:53:00,QFIN
27.7,27.85,27.7,27.85,4803,2021-04-28 16:54:00,QFIN
27.85,27.92,27.85,27.9,6495,2021-04-28 16:55:00,QFIN
27.9,27.91,27.79,27.79,33321,2021-04-28 16:56:00,QFIN
27.79,27.83,27.79,27.79,3355,2021-04-28 16:57:00,QFIN
27.79,27.79,27.77,27.79,1000,2021-04-28 16:58:00,QFIN
27.77,27.8,27.76,27.775,3363,2021-04-28 17:00:00,QFIN
27.775,27.83,27.7727,27.81,5896,2021-04-28 17:01:00,QFIN
27.805,27.805,27.805,27.805,600,2021-04-28 17:03:00,QFIN
27.805,27.814,27.76,27.77,2563,2021-04-28 17:05:00,QFIN
27.75,27.75,27.75,27.75,200,2021-04-28 17:06:00,QFIN
27.8,27.8,27.755,27.755,1000,2021-04-28 17:07:00,QFIN
27.71,27.79,27.71,27.765,466,2021-04-28 17:08:00,QFIN
27.765,27.79,27.73,27.73,350,2021-04-28 17:09:00,QFIN
27.75,27.76,27.75,27.76,500,2021-04-28 17:10:00,QFIN
27.72,27.72,27.71,27.71,200,2021-04-28 17:11:00,QFIN
27.71,27.76,27.71,27.72,300,2021-04-28 17:12:00,QFIN
27.79,27.79,27.72,27.72,300,2021-04-28 17:13:00,QFIN
27.75,27.75,27.7277,27.7277,2102,2021-04-28 17:14:00,QFIN
27.72,27.72,27.72,27.72,200,2021-04-28 17:15:00,QFIN
27.77,27.8,27.77,27.8,1841,2021-04-28 17:16:00,QFIN
27.8,27.8,27.7955,27.7955,1100,2021-04-28 17:18:00,QFIN
27.8056,27.82,27.8056,27.82,800,2021-04-28 17:20:00,QFIN
27.79,27.79,27.79,27.79,800,2021-04-28 17:21:00,QFIN
27.77,27.77,27.77,27.77,100,2021-04-28 17:22:00,QFIN
27.79,27.8,27.79,27.79,700,2021-04-28 17:23:00,QFIN
27.79,27.82,27.77,27.82,1720,2021-04-28 17:24:00,QFIN
27.82,27.87,27.82,27.87,3000,2021-04-28 17:25:00,QFIN
27.902,27.94,27.902,27.94,1133,2021-04-28 17:26:00,QFIN
27.91,27.94,27.91,27.925,1689,2021-04-28 17:27:00,QFIN
27.91,27.93,27.91,27.93,500,2021-04-28 17:28:00,QFIN
27.925,27.925,27.925,27.925,107,2021-04-28 17:29:00,QFIN
27.92,27.92,27.92,27.92,990,2021-04-28 17:30:00,QFIN
27.9085,27.9085,27.9085,27.9085,210,2021-04-28 17:31:00,QFIN
27.925,27.95,27.925,27.95,440,2021-04-28 17:32:00,QFIN
27.95,27.95,27.9499,27.9499,400,2021-04-28 17:33:00,QFIN
27.95,27.95,27.91,27.91,1800,2021-04-28 17:34:00,QFIN
27.9,27.93,27.87,27.93,1634,2021-04-28 17:35:00,QFIN
27.86,27.86,27.8,27.8,1071,2021-04-28 17:36:00,QFIN
27.81,27.81,27.81,27.81,500,2021-04-28 17:37:00,QFIN
27.79,27.79,27.79,27.79,300,2021-04-28 17:38:00,QFIN
27.82,27.82,27.79,27.79,2023,2021-04-28 17:39:00,QFIN
27.79,27.795,27.79,27.795,200,2021-04-28 17:40:00,QFIN
27.78,27.87,27.78,27.863,5037,2021-04-28 17:41:00,QFIN
27.87,27.87,27.87,27.87,100,2021-04-28 17:42:00,QFIN
27.87,27.87,27.87,27.87,1055,2021-04-28 17:43:00,QFIN
27.9,27.9,27.9,27.9,200,2021-04-28 17:44:00,QFIN
27.9,28.06,27.9,28.01,20678,2021-04-28 17:45:00,QFIN
28.06,28.06,28.0,28.0375,2591,2021-04-28 17:46:00,QFIN
28.05,28.1,28.05,28.07,1861,2021-04-28 17:47:00,QFIN
28.09,28.09,28.05,28.05,800,2021-04-28 17:48:00,QFIN
28.075,28.1,28.05,28.1,708,2021-04-28 17:49:00,QFIN
28.06,28.15,28.06,28.15,13382,2021-04-28 17:50:00,QFIN
28.165,28.19,28.16,28.18,5845,2021-04-28 17:51:00,QFIN
28.185,28.22,28.185,28.22,4318,2021-04-28 17:52:00,QFIN
28.22,28.23,28.19,28.23,4110,2021-04-28 17:53:00,QFIN
28.18,28.19,28.18,28.19,679,2021-04-28 17:54:00,QFIN
28.19,28.19,28.19,28.19,200,2021-04-28 17:55:00,QFIN
28.18,28.18,28.18,28.18,200,2021-04-28 17:56:00,QFIN
28.1856,28.1935,28.1856,28.1935,688,2021-04-28 17:57:00,QFIN
28.19,28.21,28.18,28.21,4054,2021-04-28 17:58:00,QFIN
28.21,28.27,28.21,28.27,5782,2021-04-28 17:59:00,QFIN
28.26,28.28,28.15,28.19,7261,2021-04-28 18:00:00,QFIN
28.2274,28.24,28.2274,28.24,3688,2021-04-28 18:01:00,QFIN
28.21,28.27,28.19,28.27,5117,2021-04-28 18:02:00,QFIN
28.255,28.255,28.18,28.18,1646,2021-04-28 18:03:00,QFIN
28.1819,28.205,28.16,28.18,2698,2021-04-28 18:04:00,QFIN
28.1412,28.1412,28.1412,28.1412,100,2021-04-28 18:05:00,QFIN
28.18,28.18,28.16,28.16,600,2021-04-28 18:06:00,QFIN
28.18,28.18,28.13,28.13,400,2021-04-28 18:07:00,QFIN
28.155,28.2,28.155,28.185,1371,2021-04-28 18:08:00,QFIN
28.185,28.185,28.185,28.185,413,2021-04-28 18:09:00,QFIN
28.18,28.19,28.17,28.19,1900,2021-04-28 18:10:00,QFIN
28.19,28.19,28.17,28.18,400,2021-04-28 18:11:00,QFIN
28.18,28.18,28.18,28.18,100,2021-04-28 18:12:00,QFIN
28.17,28.21,28.17,28.195,1009,2021-04-28 18:13:00,QFIN
28.195,28.195,28.18,28.18,400,2021-04-28 18:14:00,QFIN
28.18,28.21,28.18,28.18,4461,2021-04-28 18:15:00,QFIN
28.2,28.21,28.2,28.2,400,2021-04-28 18:16:00,QFIN
28.1801,28.21,28.18,28.2,3905,2021-04-28 18:17:00,QFIN
28.18,28.22,28.18,28.22,2100,2021-04-28 18:18:00,QFIN
28.2,28.22,28.19,28.21,2500,2021-04-28 18:19:00,QFIN
28.22,28.22,28.2,28.205,2719,2021-04-28 18:20:00,QFIN
28.205,28.205,28.18,28.19,1269,2021-04-28 18:21:00,QFIN
28.19,28.2006,28.17,28.2006,650,2021-04-28 18:22:00,QFIN
28.1578,28.175,28.1578,28.175,260,2021-04-28 18:23:00,QFIN
28.2,28.2,28.19,28.19,335,2021-04-28 18:24:00,QFIN
28.18,28.18,28.15,28.15,500,2021-04-28 18:25:00,QFIN
28.17,28.18,28.17,28.17,900,2021-04-28 18:26:00,QFIN
28.18,28.2,28.15,28.2,6560,2021-04-28 18:27:00,QFIN
28.2,28.23,28.2,28.21,8240,2021-04-28 18:28:00,QFIN
28.215,28.215,28.215,28.215,1000,2021-04-28 18:29:00,QFIN
28.21,28.21,28.21,28.21,100,2021-04-28 18:30:00,QFIN
28.215,28.215,28.215,28.215,279,2021-04-28 18:31:00,QFIN
28.23,28.23,28.19,28.22,5105,2021-04-28 18:32:00,QFIN
28.23,28.23,28.225,28.23,825,2021-04-28 18:33:00,QFIN
28.22,28.24,28.2,28.2239,3969,2021-04-28 18:34:00,QFIN
28.24,28.36,28.24,28.36,11615,2021-04-28 18:35:00,QFIN
28.364,28.364,28.34,28.34,1100,2021-04-28 18:36:00,QFIN
28.35,28.42,28.34,28.3715,27445,2021-04-28 18:37:00,QFIN
28.42,28.42,28.4017,28.42,1105,2021-04-28 18:38:00,QFIN
28.39,28.39,28.35,28.38,2736,2021-04-28 18:39:00,QFIN
28.33,28.33,28.32,28.32,487,2021-04-28 18:40:00,QFIN
28.35,28.35,28.32,28.35,1505,2021-04-28 18:41:00,QFIN
28.33,28.3351,28.32,28.3351,1026,2021-04-28 18:42:00,QFIN
28.33,28.33,28.33,28.33,558,2021-04-28 18:43:00,QFIN
28.31,28.335,28.3,28.305,2986,2021-04-28 18:44:00,QFIN
28.3,28.3062,28.3,28.3062,219,2021-04-28 18:45:00,QFIN
28.31,28.31,28.24,28.24,900,2021-04-28 18:46:00,QFIN
28.24,28.25,28.18,28.21,5512,2021-04-28 18:47:00,QFIN
28.21,28.23,28.21,28.22,800,2021-04-28 18:48:00,QFIN
28.21,28.2147,28.21,28.21,493,2021-04-28 18:49:00,QFIN
28.23,28.23,28.205,28.21,1549,2021-04-28 18:50:00,QFIN
28.21,28.21,28.21,28.21,508,2021-04-28 18:52:00,QFIN
28.23,28.23,28.21,28.21,900,2021-04-28 18:53:00,QFIN
28.212,28.23,28.2,28.2,2571,2021-04-28 18:54:00,QFIN
28.21,28.24,28.19,28.2165,6168,2021-04-28 18:55:00,QFIN
28.2399,28.26,28.2399,28.25,4972,2021-04-28 18:56:00,QFIN
28.23,28.295,28.23,28.295,4334,2021-04-28 18:57:00,QFIN
28.295,28.295,28.2853,28.2853,300,2021-04-28 18:58:00,QFIN
28.2801,28.2801,28.27,28.28,1271,2021-04-28 18:59:00,QFIN
28.285,28.3,28.285,28.29,300,2021-04-28 19:00:00,QFIN
28.3,28.3,28.3,28.3,900,2021-04-28 19:02:00,QFIN
28.31,28.31,28.305,28.305,300,2021-04-28 19:03:00,QFIN
28.32,28.32,28.32,28.32,200,2021-04-28 19:04:00,QFIN
28.29,28.32,28.29,28.3,1180,2021-04-28 19:05:00,QFIN
28.29,28.305,28.29,28.29,700,2021-04-28 19:06:00,QFIN
28.3,28.32,28.3,28.32,1390,2021-04-28 19:07:00,QFIN
28.34,28.39,28.34,28.39,10005,2021-04-28 19:08:00,QFIN
28.39,28.39,28.36,28.3899,2632,2021-04-28 19:09:00,QFIN
28.37,28.4,28.37,28.37,2986,2021-04-28 19:10:00,QFIN
28.36,28.36,28.28,28.295,2726,2021-04-28 19:11:00,QFIN
28.295,28.295,28.2263,28.28,3970,2021-04-28 19:12:00,QFIN
28.3,28.39,28.3,28.39,12143,2021-04-28 19:13:00,QFIN
28.4,28.44,28.39,28.43,5271,2021-04-28 19:14:00,QFIN
28.42,28.435,28.3,28.3401,3591,2021-04-28 19:15:00,QFIN
28.34,28.38,28.33,28.38,1308,2021-04-28 19:16:00,QFIN
28.37,28.38,28.3522,28.3601,1400,2021-04-28 19:17:00,QFIN
28.36,28.4,28.34,28.37,1388,2021-04-28 19:18:00,QFIN
28.36,28.36,28.3204,28.33,556,2021-04-28 19:19:00,QFIN
28.32,28.34,28.3,28.31,2857,2021-04-28 19:20:00,QFIN
28.31,28.31,28.31,28.31,100,2021-04-28 19:21:00,QFIN
28.35,28.35,28.31,28.3182,1203,2021-04-28 19:22:00,QFIN
28.3,28.3,28.26,28.26,500,2021-04-28 19:23:00,QFIN
28.242,28.242,28.2,28.2111,500,2021-04-28 19:24:00,QFIN
28.2,28.25,28.2,28.22,500,2021-04-28 19:25:00,QFIN
28.25,28.25,28.24,28.2471,796,2021-04-28 19:26:00,QFIN
28.255,28.27,28.246,28.255,1500,2021-04-28 19:27:00,QFIN
28.24,28.24,28.2,28.225,1367,2021-04-28 19:28:00,QFIN
28.22,28.26,28.2,28.23,1710,2021-04-28 19:29:00,QFIN
28.24,28.24,28.14,28.19,5028,2021-04-28 19:30:00,QFIN
28.14,28.19,28.14,28.15,750,2021-04-28 19:31:00,QFIN
28.17,28.17,28.1038,28.11,1600,2021-04-28 19:32:00,QFIN
28.06,28.13,28.06,28.13,4754,2021-04-28 19:33:00,QFIN
28.13,28.14,28.13,28.13,2678,2021-04-28 19:34:00,QFIN
28.1101,28.14,28.1101,28.14,2547,2021-04-28 19:35:00,QFIN
28.125,28.15,28.11,28.15,2185,2021-04-28 19:36:00,QFIN
28.15,28.17,28.14,28.17,8113,2021-04-28 19:37:00,QFIN
28.17,28.18,28.17,28.1771,1835,2021-04-28 19:38:00,QFIN
28.18,28.22,28.18,28.21,6604,2021-04-28 19:39:00,QFIN
28.22,28.23,28.21,28.21,6125,2021-04-28 19:40:00,QFIN
28.22,28.23,28.19,28.2199,3558,2021-04-28 19:41:00,QFIN
28.23,28.27,28.23,28.2699,4144,2021-04-28 19:42:00,QFIN
28.27,28.27,28.231,28.231,2771,2021-04-28 19:43:00,QFIN
28.26,28.26,28.2301,28.2301,1561,2021-04-28 19:44:00,QFIN
28.26,28.27,28.26,28.26,1396,2021-04-28 19:45:00,QFIN
28.25,28.28,28.25,28.28,3579,2021-04-28 19:46:00,QFIN
28.28,28.29,28.2534,28.2534,5455,2021-04-28 19:47:00,QFIN
28.25,28.26,28.22,28.22,2901,2021-04-28 19:48:00,QFIN
28.15,28.2,28.15,28.2,406,2021-04-28 19:49:00,QFIN
28.22,28.23,28.17,28.2,5616,2021-04-28 19:50:00,QFIN
28.19,28.22,28.19,28.19,2457,2021-04-28 19:51:00,QFIN
28.217,28.22,28.19,28.22,1654,2021-04-28 19:52:00,QFIN
28.22,28.22,28.16,28.16,4798,2021-04-28 19:53:00,QFIN
28.17,28.17,28.155,28.16,6461,2021-04-28 19:54:00,QFIN
28.15,28.16,28.14,28.1543,1528,2021-04-28 19:55:00,QFIN
28.15,28.18,28.14,28.16,8939,2021-04-28 19:56:00,QFIN
28.15,28.19,28.15,28.18,5107,2021-04-28 19:57:00,QFIN
28.185,28.185,28.14,28.15,4268,2021-04-28 19:58:00,QFIN
28.14,28.16,28.07,28.09,30133,2021-04-28 19:59:00,QFIN
28.08,28.08,28.08,28.08,19387,2021-04-28 20:00:00,QFIN
28.09,28.09,28.09,28.09,100,2021-04-28 21:00:00,QFIN
28.09,28.09,28.09,28.09,100,2021-04-28 21:13:00,QFIN
28.09,28.09,28.09,28.09,100,2021-04-28 21:45:00,QFIN
28.08,28.08,28.08,28.08,100,2021-04-28 23:44:00,QFIN
28.08,28.08,28.08,28.08,100,2021-04-29 08:01:00,QFIN
28.33,28.33,28.33,28.33,100,2021-04-29 11:57:00,QFIN
28.28,28.28,28.28,28.28,360,2021-04-29 11:59:00,QFIN
28.21,28.21,28.1,28.1,1000,2021-04-29 12:03:00,QFIN
28.1,28.1,28.1,28.1,200,2021-04-29 12:04:00,QFIN
28.27,28.27,28.27,28.27,400,2021-04-29 12:13:00,QFIN
28.27,28.28,28.27,28.28,2000,2021-04-29 12:17:00,QFIN
28.11,28.11,28.1,28.1,300,2021-04-29 12:24:00,QFIN
28.11,28.11,28.11,28.11,200,2021-04-29 12:42:00,QFIN
28.08,28.08,28.08,28.08,100,2021-04-29 12:47:00,QFIN
28.08,28.15,28.08,28.15,695,2021-04-29 13:28:00,QFIN
28.2,28.45,28.01,28.17,30811,2021-04-29 13:30:00,QFIN
28.16,28.16,27.6901,27.845,11093,2021-04-29 13:31:00,QFIN
27.8501,27.8501,27.69,27.69,1764,2021-04-29 13:32:00,QFIN
27.67,27.94,27.64,27.775,14648,2021-04-29 13:33:00,QFIN
27.735,27.735,27.57,27.57,3986,2021-04-29 13:34:00,QFIN
27.6199,27.6199,27.555,27.555,1230,2021-04-29 13:35:00,QFIN
27.52,27.69,27.51,27.69,15425,2021-04-29 13:36:00,QFIN
27.74,27.77,27.6467,27.77,4901,2021-04-29 13:37:00,QFIN
27.71,27.77,27.64,27.665,3575,2021-04-29 13:38:00,QFIN
27.6655,27.7,27.63,27.7,800,2021-04-29 13:39:00,QFIN
27.68,27.7,27.51,27.54,22951,2021-04-29 13:40:00,QFIN
27.54,27.54,27.35,27.35,21419,2021-04-29 13:41:00,QFIN
27.375,27.375,27.221,27.221,5548,2021-04-29 13:42:00,QFIN
27.23,27.24,27.12,27.18,4766,2021-04-29 13:43:00,QFIN
27.15,27.23,27.15,27.22,3462,2021-04-29 13:44:00,QFIN
27.16,27.2215,27.08,27.1,25318,2021-04-29 13:45:00,QFIN
27.11,27.18,27.09,27.18,7163,2021-04-29 13:46:00,QFIN
27.21,27.25,27.195,27.25,2900,2021-04-29 13:47:00,QFIN
27.29,27.4599,27.28,27.42,13529,2021-04-29 13:48:00,QFIN
27.39,27.4288,27.34,27.4288,7268,2021-04-29 13:49:00,QFIN
27.41,27.41,27.2,27.25,10648,2021-04-29 13:50:00,QFIN
27.27,27.2855,27.19,27.23,5846,2021-04-29 13:51:00,QFIN
27.1701,27.2,27.17,27.17,5779,2021-04-29 13:52:00,QFIN
27.195,27.195,27.05,27.08,13040,2021-04-29 13:53:00,QFIN
27.0499,27.0499,26.9,26.9,16678,2021-04-29 13:54:00,QFIN
26.95,26.96,26.85,26.885,2834,2021-04-29 13:55:00,QFIN
26.87,26.91,26.85,26.91,9021,2021-04-29 13:56:00,QFIN
26.87,26.91,26.85,26.9,8183,2021-04-29 13:57:00,QFIN
26.875,26.96,26.85,26.915,9566,2021-04-29 13:58:00,QFIN
26.95,26.98,26.95,26.98,700,2021-04-29 13:59:00,QFIN
27.0355,27.08,26.89,27.05,15513,2021-04-29 14:00:00,QFIN
26.96,27.0799,26.96,27.075,3995,2021-04-29 14:01:00,QFIN
27.065,27.13,27.065,27.13,1097,2021-04-29 14:02:00,QFIN
27.2355,27.3,27.16,27.3,2887,2021-04-29 14:03:00,QFIN
27.27,27.27,27.18,27.19,8150,2021-04-29 14:04:00,QFIN
27.18,27.25,27.18,27.18,1800,2021-04-29 14:05:00,QFIN
27.19,27.19,27.185,27.185,450,2021-04-29 14:06:00,QFIN
27.25,27.28,27.25,27.28,1200,2021-04-29 14:07:00,QFIN
27.28,27.31,27.28,27.28,3962,2021-04-29 14:08:00,QFIN
27.26,27.26,27.2,27.23,2251,2021-04-29 14:09:00,QFIN
27.18,27.2,27.12,27.17,3908,2021-04-29 14:10:00,QFIN
27.17,27.25,27.17,27.25,1300,2021-04-29 14:11:00,QFIN
27.27,27.2795,27.23,27.2795,726,2021-04-29 14:12:00,QFIN
27.23,27.29,27.23,27.25,700,2021-04-29 14:13:00,QFIN
27.25,27.2753,27.15,27.15,1247,2021-04-29 14:14:00,QFIN
27.15,27.15,27.08,27.1,588,2021-04-29 14:15:00,QFIN
27.115,27.16,27.1,27.16,1700,2021-04-29 14:16:00,QFIN
27.1235,27.1235,27.0,27.055,4504,2021-04-29 14:17:00,QFIN
27.0854,27.09,27.0284,27.055,7249,2021-04-29 14:18:00,QFIN
27.09,27.11,27.03,27.04,5666,2021-04-29 14:19:00,QFIN
27.045,27.045,26.9901,27.02,7929,2021-04-29 14:20:00,QFIN
27.02,27.05,27.015,27.05,600,2021-04-29 14:21:00,QFIN
27.01,27.05,27.01,27.02,3000,2021-04-29 14:22:00,QFIN
27.0,27.025,27.0,27.025,700,2021-04-29 14:23:00,QFIN
27.025,27.04,27.025,27.035,1612,2021-04-29 14:24:00,QFIN
27.04,27.05,27.0,27.05,3626,2021-04-29 14:25:00,QFIN
27.03,27.03,27.03,27.03,100,2021-04-29 14:26:00,QFIN
27.0416,27.0416,26.98,26.98,1282,2021-04-29 14:27:00,QFIN
27.01,27.03,27.0,27.03,600,2021-04-29 14:28:00,QFIN
27.03,27.04,27.0066,27.01,4655,2021-04-29 14:29:00,QFIN
27.02,27.06,27.0,27.03,2800,2021-04-29 14:30:00,QFIN
27.05,27.07,26.97,27.0,4254,2021-04-29 14:31:00,QFIN
26.97,27.02,26.88,26.97,11898,2021-04-29 14:32:00,QFIN
26.97,26.975,26.91,26.91,4063,2021-04-29 14:33:00,QFIN
26.92,26.9414,26.87,26.87,669,2021-04-29 14:34:00,QFIN
26.8635,26.8635,26.79,26.82,8149,2021-04-29 14:35:00,QFIN
26.8053,26.8053,26.74,26.77,3503,2021-04-29 14:36:00,QFIN
26.77,26.77,26.61,26.6904,25320,2021-04-29 14:37:00,QFIN
26.71,26.73,26.6864,26.73,5526,2021-04-29 14:38:00,QFIN
26.71,26.71,26.63,26.7,15437,2021-04-29 14:39:00,QFIN
26.69,26.69,26.64,26.64,1600,2021-04-29 14:40:00,QFIN
26.7,26.7,26.6638,26.6638,6743,2021-04-29 14:41:00,QFIN
26.685,26.71,26.685,26.71,4930,2021-04-29 14:42:00,QFIN
26.68,26.71,26.68,26.68,6598,2021-04-29 14:43:00,QFIN
26.66,26.68,26.66,26.66,2700,2021-04-29 14:44:00,QFIN
26.685,26.685,26.5,26.565,53357,2021-04-29 14:45:00,QFIN
26.5204,26.57,26.49,26.57,2249,2021-04-29 14:46:00,QFIN
26.52,26.53,26.3,26.4066,25410,2021-04-29 14:47:00,QFIN
26.32,26.39,26.32,26.39,12280,2021-04-29 14:48:00,QFIN
26.39,26.39,26.33,26.335,6449,2021-04-29 14:49:00,QFIN
26.33,26.35,26.2601,26.32,12011,2021-04-29 14:50:00,QFIN
26.32,26.42,26.27,26.42,14282,2021-04-29 14:51:00,QFIN
26.42,26.4777,26.42,26.454,900,2021-04-29 14:52:00,QFIN
26.47,26.6,26.4504,26.6,8971,2021-04-29 14:53:00,QFIN
26.565,26.6693,26.552,26.6,3100,2021-04-29 14:54:00,QFIN
26.59,26.61,26.59,26.6,1000,2021-04-29 14:55:00,QFIN
26.6485,26.7024,26.63,26.7024,2650,2021-04-29 14:56:00,QFIN
26.7773,26.82,26.7701,26.7701,1664,2021-04-29 14:58:00,QFIN
26.845,26.85,26.71,26.71,2600,2021-04-29 14:59:00,QFIN
26.775,26.81,26.7,26.7,1408,2021-04-29 15:02:00,QFIN
26.74,26.74,26.74,26.74,361,2021-04-29 15:03:00,QFIN
26.71,26.8065,26.71,26.8,4500,2021-04-29 15:04:00,QFIN
26.74,26.8,26.74,26.8,350,2021-04-29 15:05:00,QFIN
26.7495,26.7995,26.7495,26.7995,1200,2021-04-29 15:06:00,QFIN
26.8,26.805,26.75,26.76,5019,2021-04-29 15:07:00,QFIN
26.77,26.8,26.77,26.77,2976,2021-04-29 15:08:00,QFIN
26.78,26.78,26.7,26.76,5150,2021-04-29 15:09:00,QFIN
26.73,26.7676,26.73,26.7676,1690,2021-04-29 15:10:00,QFIN
26.72,26.72,26.63,26.64,1740,2021-04-29 15:11:00,QFIN
26.67,26.7172,26.67,26.7172,425,2021-04-29 15:12:00,QFIN
26.76,26.76,26.76,26.76,4000,2021-04-29 15:13:00,QFIN
26.7463,26.7463,26.7463,26.7463,200,2021-04-29 15:14:00,QFIN
26.735,26.735,26.735,26.735,300,2021-04-29 15:15:00,QFIN
26.75,26.75,26.73,26.75,300,2021-04-29 15:16:00,QFIN
26.71,26.71,26.7,26.7,1573,2021-04-29 15:17:00,QFIN
26.7499,26.7499,26.68,26.68,1060,2021-04-29 15:18:00,QFIN
26.6848,26.7194,26.66,26.66,2166,2021-04-29 15:19:00,QFIN
26.66,26.675,26.64,26.66,3078,2021-04-29 15:20:00,QFIN
26.64,26.65,26.61,26.65,1434,2021-04-29 15:21:00,QFIN
26.6511,26.6511,26.64,26.64,438,2021-04-29 15:22:00,QFIN
26.675,26.675,26.645,26.645,1944,2021-04-29 15:24:00,QFIN
26.645,26.66,26.645,26.66,570,2021-04-29 15:25:00,QFIN
26.68,26.68,26.63,26.64,2123,2021-04-29 15:26:00,QFIN
26.63,26.63,26.58,26.59,1634,2021-04-29 15:27:00,QFIN
26.64,26.64,26.63,26.63,400,2021-04-29 15:28:00,QFIN
26.62,26.64,26.615,26.615,3521,2021-04-29 15:29:00,QFIN
26.62,26.62,26.6,26.61,1050,2021-04-29 15:30:00,QFIN
26.58,26.6,26.57,26.575,1393,2021-04-29 15:31:00,QFIN
26.56,26.64,26.53,26.53,10485,2021-04-29 15:32:00,QFIN
26.52,26.59,26.52,26.59,719,2021-04-29 15:33:00,QFIN
26.565,26.565,26.565,26.565,200,2021-04-29 15:34:00,QFIN
26.5101,26.5101,26.4744,26.4744,2626,2021-04-29 15:35:00,QFIN
26.505,26.505,26.505,26.505,100,2021-04-29 15:37:00,QFIN
26.5,26.55,26.5,26.55,3562,2021-04-29 15:38:00,QFIN
26.5,26.5,26.48,26.485,3436,2021-04-29 15:39:00,QFIN
26.485,26.5,26.47,26.48,1479,2021-04-29 15:40:00,QFIN
26.465,26.501,26.44,26.44,4248,2021-04-29 15:41:00,QFIN
26.484,26.56,26.44,26.56,14605,2021-04-29 15:42:00,QFIN
26.56,26.6,26.56,26.6,1000,2021-04-29 15:43:00,QFIN
26.59,26.59,26.59,26.59,100,2021-04-29 15:45:00,QFIN
26.64,26.68,26.6301,26.68,1432,2021-04-29 15:46:00,QFIN
26.64,26.64,26.53,26.56,4878,2021-04-29 15:47:00,QFIN
26.59,26.59,26.55,26.55,617,2021-04-29 15:51:00,QFIN
26.575,26.575,26.575,26.575,100,2021-04-29 15:52:00,QFIN
26.6072,26.6082,26.55,26.55,590,2021-04-29 15:53:00,QFIN
26.59,26.63,26.59,26.63,200,2021-04-29 15:54:00,QFIN
26.57,26.58,26.5,26.51,6474,2021-04-29 15:55:00,QFIN
26.53,26.53,26.39,26.39,5476,2021-04-29 15:56:00,QFIN
26.44,26.44,26.38,26.38,1600,2021-04-29 15:57:00,QFIN
26.39,26.42,26.375,26.42,1800,2021-04-29 15:58:00,QFIN
26.39,26.4,26.39,26.4,400,2021-04-29 15:59:00,QFIN
26.36,26.36,26.32,26.33,5012,2021-04-29 16:00:00,QFIN
26.32,26.37,26.27,26.3,6793,2021-04-29 16:01:00,QFIN
26.28,26.32,26.27,26.32,3773,2021-04-29 16:02:00,QFIN
26.35,26.35,26.2801,26.2801,600,2021-04-29 16:03:00,QFIN
26.36,26.36,26.36,26.36,1165,2021-04-29 16:04:00,QFIN
26.33,26.36,26.33,26.36,330,2021-04-29 16:05:00,QFIN
26.36,26.36,26.3001,26.3001,878,2021-04-29 16:06:00,QFIN
26.36,26.36,26.22,26.2563,6749,2021-04-29 16:07:00,QFIN
26.245,26.33,26.245,26.25,1517,2021-04-29 16:08:00,QFIN
26.28,26.285,26.23,26.28,5005,2021-04-29 16:10:00,QFIN
26.28,26.32,26.28,26.32,2100,2021-04-29 16:11:00,QFIN
26.285,26.33,26.25,26.33,518,2021-04-29 16:12:00,QFIN
26.33,26.36,26.33,26.36,1878,2021-04-29 16:13:00,QFIN
26.39,26.39,26.385,26.385,570,2021-04-29 16:14:00,QFIN
26.41,26.4816,26.41,26.4816,1379,2021-04-29 16:15:00,QFIN
26.48,26.5099,26.47,26.5099,3700,2021-04-29 16:16:00,QFIN
26.505,26.58,26.505,26.58,4270,2021-04-29 16:18:00,QFIN
26.6173,26.675,26.61,26.67,2329,2021-04-29 16:19:00,QFIN
26.67,26.68,26.65,26.67,2864,2021-04-29 16:20:00,QFIN
26.68,26.68,26.63,26.6695,3090,2021-04-29 16:21:00,QFIN
26.68,26.7,26.66,26.66,3347,2021-04-29 16:22:00,QFIN
26.6101,26.7,26.6101,26.69,2315,2021-04-29 16:23:00,QFIN
26.69,26.69,26.62,26.64,3318,2021-04-29 16:24:00,QFIN
26.6324,26.66,26.58,26.58,3223,2021-04-29 16:25:00,QFIN
26.56,26.56,26.4682,26.4682,500,2021-04-29 16:26:00,QFIN
26.5014,26.5014,26.4201,26.4201,1077,2021-04-29 16:27:00,QFIN
26.4448,26.4448,26.4448,26.4448,116,2021-04-29 16:28:00,QFIN
26.4293,26.54,26.4293,26.54,968,2021-04-29 16:29:00,QFIN
26.48,26.54,26.48,26.54,610,2021-04-29 16:30:00,QFIN
26.51,26.54,26.48,26.48,640,2021-04-29 16:31:00,QFIN
26.54,26.54,26.54,26.54,202,2021-04-29 16:32:00,QFIN
26.51,26.55,26.51,26.55,1250,2021-04-29 16:33:00,QFIN
26.55,26.56,26.5001,26.56,925,2021-04-29 16:34:00,QFIN
26.5991,26.5991,26.55,26.55,1100,2021-04-29 16:35:00,QFIN
26.555,26.555,26.55,26.55,350,2021-04-29 16:36:00,QFIN
26.555,26.6,26.5485,26.585,1009,2021-04-29 16:37:00,QFIN
26.585,26.585,26.585,26.585,200,2021-04-29 16:39:00,QFIN
26.57,26.57,26.54,26.54,1544,2021-04-29 16:40:00,QFIN
26.54,26.54,26.54,26.54,100,2021-04-29 16:41:00,QFIN
26.54,26.54,26.52,26.52,400,2021-04-29 16:42:00,QFIN
26.52,26.54,26.52,26.53,2184,2021-04-29 16:43:00,QFIN
26.54,26.55,26.54,26.55,400,2021-04-29 16:44:00,QFIN
26.53,26.53,26.522,26.522,1200,2021-04-29 16:45:00,QFIN
26.54,26.54,26.54,26.54,1004,2021-04-29 16:46:00,QFIN
26.54,26.55,26.525,26.525,1850,2021-04-29 16:47:00,QFIN
26.535,26.57,26.52,26.57,760,2021-04-29 16:48:00,QFIN
26.59,26.66,26.59,26.66,700,2021-04-29 16:49:00,QFIN
26.67,26.67,26.63,26.63,400,2021-04-29 16:50:00,QFIN
26.65,26.65,26.64,26.64,1200,2021-04-29 16:51:00,QFIN
26.65,26.65,26.645,26.65,1299,2021-04-29 16:52:00,QFIN
26.6486,26.65,26.6486,26.65,1371,2021-04-29 16:54:00,QFIN
26.64,26.64,26.64,26.64,400,2021-04-29 16:55:00,QFIN
26.64,26.65,26.62,26.6275,3165,2021-04-29 16:56:00,QFIN
26.61,26.63,26.61,26.63,225,2021-04-29 16:57:00,QFIN
26.61,26.61,26.5089,26.5089,854,2021-04-29 16:58:00,QFIN
26.55,26.55,26.525,26.525,760,2021-04-29 16:59:00,QFIN
26.55,26.55,26.48,26.53,3800,2021-04-29 17:00:00,QFIN
26.505,26.55,26.505,26.55,900,2021-04-29 17:01:00,QFIN
26.57,26.57,26.57,26.57,300,2021-04-29 17:02:00,QFIN
26.56,26.57,26.56,26.57,600,2021-04-29 17:03:00,QFIN
26.57,26.61,26.56,26.57,2088,2021-04-29 17:04:00,QFIN
26.57,26.57,26.49,26.49,2200,2021-04-29 17:05:00,QFIN
26.6,26.61,26.49,26.53,4009,2021-04-29 17:06:00,QFIN
26.54,26.58,26.54,26.58,700,2021-04-29 17:07:00,QFIN
26.58,26.58,26.58,26.58,500,2021-04-29 17:08:00,QFIN
26.58,26.6,26.521,26.6,1254,2021-04-29 17:09:00,QFIN
26.61,26.61,26.5,26.57,6700,2021-04-29 17:10:00,QFIN
26.54,26.54,26.54,26.54,100,2021-04-29 17:11:00,QFIN
26.57,26.61,26.57,26.61,800,2021-04-29 17:13:00,QFIN
26.59,26.59,26.59,26.59,100,2021-04-29 17:14:00,QFIN
26.59,26.63,26.57,26.63,3700,2021-04-29 17:15:00,QFIN
26.55,26.55,26.55,26.55,200,2021-04-29 17:16:00,QFIN
26.58,26.58,26.53,26.53,1892,2021-04-29 17:17:00,QFIN
26.51,26.51,26.48,26.5,650,2021-04-29 17:18:00,QFIN
26.49,26.49,26.47,26.47,500,2021-04-29 17:19:00,QFIN
26.45,26.45,26.42,26.42,600,2021-04-29 17:20:00,QFIN
26.4,26.445,26.4,26.4,3000,2021-04-29 17:21:00,QFIN
26.445,26.49,26.445,26.49,3900,2021-04-29 17:22:00,QFIN
26.44,26.44,26.38,26.38,700,2021-04-29 17:23:00,QFIN
26.41,26.41,26.36,26.3713,1180,2021-04-29 17:24:00,QFIN
26.39,26.4,26.37,26.37,1950,2021-04-29 17:25:00,QFIN
26.36,26.37,26.34,26.37,1935,2021-04-29 17:26:00,QFIN
26.37,26.4,26.37,26.37,1600,2021-04-29 17:27:00,QFIN
26.41,26.45,26.41,26.45,1400,2021-04-29 17:28:00,QFIN
26.42,26.42,26.42,26.42,700,2021-04-29 17:29:00,QFIN
26.48,26.48,26.48,26.48,100,2021-04-29 17:30:00,QFIN
26.4624,26.4624,26.4,26.4,890,2021-04-29 17:32:00,QFIN
26.42,26.42,26.42,26.42,100,2021-04-29 17:33:00,QFIN
26.43,26.44,26.405,26.44,649,2021-04-29 17:35:00,QFIN
26.44,26.45,26.42,26.42,1331,2021-04-29 17:36:00,QFIN
26.42,26.4293,26.385,26.395,3384,2021-04-29 17:37:00,QFIN
26.395,26.395,26.395,26.395,100,2021-04-29 17:38:00,QFIN
26.39,26.39,26.39,26.39,100,2021-04-29 17:39:00,QFIN
26.362,26.362,26.362,26.362,100,2021-04-29 17:40:00,QFIN
26.35,26.3587,26.295,26.31,4176,2021-04-29 17:42:00,QFIN
26.31,26.33,26.31,26.33,500,2021-04-29 17:43:00,QFIN
26.37,26.4215,26.37,26.4215,974,2021-04-29 17:44:00,QFIN
26.43,26.46,26.43,26.46,400,2021-04-29 17:45:00,QFIN
26.46,26.46,26.42,26.45,2595,2021-04-29 17:46:00,QFIN
26.45,26.45,26.435,26.435,530,2021-04-29 17:47:00,QFIN
26.47,26.47,26.47,26.47,100,2021-04-29 17:48:00,QFIN
26.48,26.59,26.48,26.58,3121,2021-04-29 17:50:00,QFIN
26.61,26.61,26.61,26.61,100,2021-04-29 17:51:00,QFIN
26.595,26.595,26.55,26.56,1750,2021-04-29 17:52:00,QFIN
26.59,26.59,26.59,26.59,100,2021-04-29 17:54:00,QFIN
26.59,26.59,26.59,26.59,100,2021-04-29 17:55:00,QFIN
26.58,26.58,26.55,26.55,600,2021-04-29 17:56:00,QFIN
26.535,26.535,26.535,26.535,300,2021-04-29 17:58:00,QFIN
26.56,26.56,26.56,26.56,900,2021-04-29 17:59:00,QFIN
26.57,26.57,26.56,26.56,300,2021-04-29 18:00:00,QFIN
26.56,26.56,26.53,26.53,300,2021-04-29 18:01:00,QFIN
26.5769,26.5769,26.545,26.5665,700,2021-04-29 18:02:00,QFIN
26.535,26.535,26.535,26.535,100,2021-04-29 18:03:00,QFIN
26.57,26.675,26.57,26.64,6237,2021-04-29 18:04:00,QFIN
26.65,26.73,26.65,26.7,3958,2021-04-29 18:05:00,QFIN
26.69,26.72,26.69,26.695,2000,2021-04-29 18:06:00,QFIN
26.685,26.7144,26.685,26.7144,300,2021-04-29 18:07:00,QFIN
26.715,26.73,26.67,26.67,4451,2021-04-29 18:08:00,QFIN
26.655,26.655,26.655,26.655,1600,2021-04-29 18:09:00,QFIN
26.62,26.62,26.48,26.48,1702,2021-04-29 18:10:00,QFIN
26.51,26.56,26.47,26.47,5576,2021-04-29 18:11:00,QFIN
26.495,26.495,26.495,26.495,300,2021-04-29 18:12:00,QFIN
26.52,26.52,26.48,26.52,3525,2021-04-29 18:13:00,QFIN
26.495,26.52,26.495,26.51,2000,2021-04-29 18:14:00,QFIN
26.49,26.49,26.47,26.49,941,2021-04-29 18:15:00,QFIN
26.5199,26.5199,26.5199,26.5199,300,2021-04-29 18:16:00,QFIN
26.46,26.49,26.46,26.47,1400,2021-04-29 18:17:00,QFIN
26.48,26.4999,26.48,26.48,900,2021-04-29 18:18:00,QFIN
26.49,26.49,26.48,26.48,1100,2021-04-29 18:19:00,QFIN
26.475,26.49,26.44,26.47,4253,2021-04-29 18:20:00,QFIN
26.45,26.45,26.445,26.445,400,2021-04-29 18:21:00,QFIN
26.445,26.485,26.445,26.485,1927,2021-04-29 18:22:00,QFIN
26.46,26.4707,26.45,26.45,300,2021-04-29 18:23:00,QFIN
26.475,26.5,26.475,26.5,300,2021-04-29 18:24:00,QFIN
26.5,26.5,26.43,26.43,892,2021-04-29 18:25:00,QFIN
26.4799,26.48,26.42,26.42,2691,2021-04-29 18:26:00,QFIN
26.44,26.44,26.44,26.44,100,2021-04-29 18:27:00,QFIN
26.42,26.44,26.42,26.44,334,2021-04-29 18:28:00,QFIN
26.47,26.47,26.47,26.47,100,2021-04-29 18:29:00,QFIN
26.435,26.47,26.435,26.47,500,2021-04-29 18:30:00,QFIN
26.47,26.47,26.4575,26.47,847,2021-04-29 18:32:00,QFIN
26.47,26.47,26.44,26.44,1600,2021-04-29 18:33:00,QFIN
26.43,26.46,26.41,26.41,1300,2021-04-29 18:34:00,QFIN
26.43,26.45,26.43,26.45,1333,2021-04-29 18:35:00,QFIN
26.43,26.44,26.43,26.44,1000,2021-04-29 18:36:00,QFIN
26.43,26.47,26.43,26.44,907,2021-04-29 18:37:00,QFIN
26.445,26.445,26.445,26.445,100,2021-04-29 18:39:00,QFIN
26.44,26.48,26.44,26.48,2350,2021-04-29 18:42:00,QFIN
26.47,26.52,26.47,26.52,2595,2021-04-29 18:43:00,QFIN
26.55,26.58,26.545,26.58,3243,2021-04-29 18:44:00,QFIN
26.58,26.58,26.5,26.5,5177,2021-04-29 18:45:00,QFIN
26.5,26.5,26.47,26.48,1100,2021-04-29 18:46:00,QFIN
26.46,26.46,26.37,26.435,3606,2021-04-29 18:47:00,QFIN
26.435,26.4624,26.435,26.4624,900,2021-04-29 18:48:00,QFIN
26.47,26.47,26.47,26.47,100,2021-04-29 18:49:00,QFIN
26.44,26.44,26.44,26.44,600,2021-04-29 18:50:00,QFIN
26.46,26.46,26.41,26.41,200,2021-04-29 18:51:00,QFIN
26.45,26.4599,26.42,26.43,2342,2021-04-29 18:52:00,QFIN
26.42,26.42,26.42,26.42,300,2021-04-29 18:53:00,QFIN
26.425,26.425,26.425,26.425,100,2021-04-29 18:54:00,QFIN
26.425,26.44,26.42,26.42,1550,2021-04-29 18:55:00,QFIN
26.42,26.4361,26.41,26.4361,2730,2021-04-29 18:56:00,QFIN
26.41,26.4299,26.4,26.4299,1500,2021-04-29 18:57:00,QFIN
26.43,26.47,26.415,26.46,3640,2021-04-29 18:58:00,QFIN
26.44,26.5,26.44,26.5,700,2021-04-29 18:59:00,QFIN
26.53,26.55,26.53,26.55,525,2021-04-29 19:00:00,QFIN
26.565,26.565,26.565,26.565,100,2021-04-29 19:01:00,QFIN
26.59,26.59,26.59,26.59,200,2021-04-29 19:02:00,QFIN
26.64,26.64,26.53,26.53,2720,2021-04-29 19:04:00,QFIN
26.5482,26.5482,26.5482,26.5482,104,2021-04-29 19:06:00,QFIN
26.56,26.56,26.56,26.56,100,2021-04-29 19:07:00,QFIN
26.55,26.58,26.54,26.58,2129,2021-04-29 19:08:00,QFIN
26.55,26.55,26.55,26.55,119,2021-04-29 19:09:00,QFIN
26.5656,26.58,26.55,26.56,2500,2021-04-29 19:10:00,QFIN
26.5433,26.56,26.54,26.56,1442,2021-04-29 19:11:00,QFIN
26.56,26.56,26.56,26.56,1000,2021-04-29 19:12:00,QFIN
26.56,26.56,26.55,26.55,332,2021-04-29 19:13:00,QFIN
26.55,26.55,26.55,26.55,100,2021-04-29 19:14:00,QFIN
26.55,26.57,26.49,26.49,2787,2021-04-29 19:15:00,QFIN
26.49,26.49,26.48,26.48,500,2021-04-29 19:16:00,QFIN
26.45,26.45,26.45,26.45,100,2021-04-29 19:17:00,QFIN
26.46,26.49,26.44,26.44,1500,2021-04-29 19:19:00,QFIN
26.45,26.46,26.45,26.46,400,2021-04-29 19:20:00,QFIN
26.47,26.47,26.435,26.435,1974,2021-04-29 19:21:00,QFIN
26.435,26.465,26.429,26.465,950,2021-04-29 19:22:00,QFIN
26.45,26.45,26.42,26.4299,2566,2021-04-29 19:23:00,QFIN
26.39,26.39,26.38,26.38,200,2021-04-29 19:24:00,QFIN
26.41,26.43,26.4,26.41,932,2021-04-29 19:25:00,QFIN
26.405,26.43,26.405,26.43,2700,2021-04-29 19:26:00,QFIN
26.41,26.41,26.37,26.375,2000,2021-04-29 19:27:00,QFIN
26.385,26.41,26.37,26.37,2331,2021-04-29 19:28:00,QFIN
26.37,26.39,26.37,26.39,900,2021-04-29 19:29:00,QFIN
26.41,26.41,26.39,26.39,400,2021-04-29 19:30:00,QFIN
26.39,26.39,26.39,26.39,100,2021-04-29 19:31:00,QFIN
26.3937,26.43,26.385,26.43,1897,2021-04-29 19:32:00,QFIN
26.43,26.45,26.43,26.45,5407,2021-04-29 19:33:00,QFIN
26.44,26.45,26.43,26.43,1703,2021-04-29 19:34:00,QFIN
26.445,26.445,26.38,26.38,4350,2021-04-29 19:35:00,QFIN
26.415,26.415,26.415,26.415,200,2021-04-29 19:36:00,QFIN
26.41,26.415,26.39,26.39,1317,2021-04-29 19:37:00,QFIN
26.405,26.415,26.395,26.415,700,2021-04-29 19:38:00,QFIN
26.415,26.43,26.415,26.43,927,2021-04-29 19:39:00,QFIN
26.427,26.45,26.405,26.41,4795,2021-04-29 19:40:00,QFIN
26.42,26.42,26.4,26.4,200,2021-04-29 19:41:00,QFIN
26.415,26.43,26.415,26.43,500,2021-04-29 19:42:00,QFIN
26.4526,26.46,26.42,26.42,1345,2021-04-29 19:43:00,QFIN
26.42,26.42,26.41,26.41,2700,2021-04-29 19:44:00,QFIN
26.42,26.46,26.42,26.445,900,2021-04-29 19:45:00,QFIN
26.43,26.46,26.43,26.43,2115,2021-04-29 19:46:00,QFIN
26.43,26.43,26.37,26.37,2313,2021-04-29 19:47:00,QFIN
26.37,26.42,26.37,26.39,3123,2021-04-29 19:48:00,QFIN
26.375,26.4,26.36,26.4,1700,2021-04-29 19:49:00,QFIN
26.4,26.43,26.39,26.425,2400,2021-04-29 19:50:00,QFIN
26.44,26.45,26.43,26.43,5819,2021-04-29 19:51:00,QFIN
26.42,26.49,26.42,26.45,2745,2021-04-29 19:52:00,QFIN
26.49,26.52,26.45,26.48,1710,2021-04-29 19:53:00,QFIN
26.5,26.51,26.44,26.45,2523,2021-04-29 19:54:00,QFIN
26.485,26.539,26.485,26.53,3528,2021-04-29 19:55:00,QFIN
26.52,26.53,26.48,26.4826,7270,2021-04-29 19:56:00,QFIN
26.5,26.52,26.47,26.51,5915,2021-04-29 19:57:00,QFIN
26.505,26.52,26.47,26.47,9395,2021-04-29 19:58:00,QFIN
26.49,26.49,26.4,26.42,15964,2021-04-29 19:59:00,QFIN
26.48,26.48,26.48,26.48,29090,2021-04-29 20:00:00,QFIN
26.5,26.5,26.5,26.5,397,2021-04-29 20:05:00,QFIN
26.47,26.47,26.47,26.47,103,2021-04-29 20:15:00,QFIN
26.48,26.48,26.48,26.48,103,2021-04-29 20:20:00,QFIN
26.4,26.4,26.4,26.4,1000,2021-04-29 20:37:00,QFIN
26.4,26.4,26.4,26.4,285,2021-04-29 20:53:00,QFIN
26.82,26.82,26.82,26.82,100,2021-04-29 21:31:00,QFIN
26.82,26.82,26.82,26.82,100,2021-04-29 21:49:00,QFIN
26.48,26.48,26.48,26.48,100,2021-04-29 22:10:00,QFIN
26.13,26.13,26.13,26.13,100,2021-04-30 11:19:00,QFIN
26.14,26.14,26.14,26.14,590,2021-04-30 11:24:00,QFIN
26.13,26.13,26.11,26.11,2500,2021-04-30 11:25:00,QFIN
26.09,26.09,26.09,26.09,100,2021-04-30 12:00:00,QFIN
26.0,26.0,26.0,26.0,100,2021-04-30 12:08:00,QFIN
26.05,26.05,26.05,26.05,200,2021-04-30 12:26:00,QFIN
26.0,26.0,26.0,26.0,115,2021-04-30 12:36:00,QFIN
26.0,26.0,26.0,26.0,3319,2021-04-30 12:40:00,QFIN
25.9999,25.9999,25.9999,25.9999,100,2021-04-30 12:51:00,QFIN
25.99,26.0,25.99,26.0,735,2021-04-30 13:07:00,QFIN
25.8048,25.8048,25.8,25.8,336,2021-04-30 13:13:00,QFIN
25.7025,25.7025,25.7025,25.7025,100,2021-04-30 13:24:00,QFIN
26.07,26.09,26.07,26.09,436,2021-04-30 13:28:00,QFIN
26.07,26.07,25.06,25.4132,107383,2021-04-30 13:30:00,QFIN
25.455,25.6,25.3,25.58,20066,2021-04-30 13:31:00,QFIN
25.58,25.6,25.42,25.4565,26749,2021-04-30 13:32:00,QFIN
25.405,25.5,25.24,25.3296,25622,2021-04-30 13:33:00,QFIN
25.34,25.35,25.11,25.2,10795,2021-04-30 13:34:00,QFIN
25.17,25.2247,25.05,25.12,10212,2021-04-30 13:35:00,QFIN
25.085,25.11,25.075,25.09,3704,2021-04-30 13:36:00,QFIN
25.09,25.13,25.0,25.1,7409,2021-04-30 13:37:00,QFIN
25.0,25.31,25.0,25.1401,13997,2021-04-30 13:38:00,QFIN
25.225,25.43,25.22,25.42,8600,2021-04-30 13:39:00,QFIN
25.36,25.4,25.29,25.36,6019,2021-04-30 13:40:00,QFIN
25.34,25.34,25.29,25.3,1175,2021-04-30 13:41:00,QFIN
25.275,25.32,25.27,25.27,2628,2021-04-30 13:42:00,QFIN
25.3,25.32,25.23,25.24,5159,2021-04-30 13:43:00,QFIN
25.15,25.15,25.07,25.095,1519,2021-04-30 13:44:00,QFIN
25.09,25.19,25.02,25.08,20577,2021-04-30 13:45:00,QFIN
25.2,25.27,25.2,25.27,1292,2021-04-30 13:46:00,QFIN
25.16,25.1966,25.11,25.14,3344,2021-04-30 13:47:00,QFIN
25.14,25.14,25.02,25.05,9703,2021-04-30 13:48:00,QFIN
25.05,25.195,25.05,25.195,7118,2021-04-30 13:49:00,QFIN
25.25,25.37,25.25,25.32,9114,2021-04-30 13:50:00,QFIN
25.325,25.49,25.325,25.49,680,2021-04-30 13:51:00,QFIN
25.4,25.4292,25.35,25.4292,3346,2021-04-30 13:52:00,QFIN
25.36,25.46,25.36,25.43,5019,2021-04-30 13:53:00,QFIN
25.45,25.45,25.325,25.33,5874,2021-04-30 13:54:00,QFIN
25.36,25.37,25.33,25.35,9870,2021-04-30 13:55:00,QFIN
25.35,25.38,25.31,25.38,6204,2021-04-30 13:56:00,QFIN
25.39,25.44,25.39,25.43,1585,2021-04-30 13:57:00,QFIN
25.46,25.59,25.455,25.55,7944,2021-04-30 13:58:00,QFIN
25.53,25.59,25.53,25.59,1450,2021-04-30 13:59:00,QFIN
25.57,25.57,25.45,25.45,8661,2021-04-30 14:00:00,QFIN
25.43,25.43,25.34,25.355,4693,2021-04-30 14:01:00,QFIN
25.32,25.3475,25.29,25.33,9387,2021-04-30 14:02:00,QFIN
25.32,25.32,25.185,25.185,8259,2021-04-30 14:03:00,QFIN
25.1966,25.23,25.06,25.06,7247,2021-04-30 14:04:00,QFIN
25.04,25.1,25.01,25.03,15303,2021-04-30 14:05:00,QFIN
25.0877,25.09,24.82,24.96,35580,2021-04-30 14:06:00,QFIN
24.96,25.0855,24.96,25.065,6552,2021-04-30 14:07:00,QFIN
25.06,25.11,25.06,25.07,8133,2021-04-30 14:08:00,QFIN
25.09,25.31,25.09,25.31,2536,2021-04-30 14:09:00,QFIN
25.29,25.29,25.29,25.29,100,2021-04-30 14:10:00,QFIN
25.31,25.32,25.25,25.275,5705,2021-04-30 14:11:00,QFIN
25.275,25.3,25.2415,25.29,2550,2021-04-30 14:12:00,QFIN
25.31,25.36,25.29,25.32,2825,2021-04-30 14:13:00,QFIN
25.29,25.29,25.23,25.2499,2797,2021-04-30 14:14:00,QFIN
25.205,25.26,25.2,25.255,1500,2021-04-30 14:15:00,QFIN
25.25,25.26,25.22,25.23,1400,2021-04-30 14:16:00,QFIN
25.225,25.23,25.17,25.18,1500,2021-04-30 14:17:00,QFIN
25.19,25.21,25.15,25.1511,5079,2021-04-30 14:18:00,QFIN
25.15,25.24,25.14,25.24,5042,2021-04-30 14:19:00,QFIN
25.225,25.26,25.225,25.26,1500,2021-04-30 14:20:00,QFIN
25.2819,25.36,25.2401,25.36,6500,2021-04-30 14:21:00,QFIN
25.36,25.38,25.32,25.33,3567,2021-04-30 14:22:00,QFIN
25.315,25.3677,25.315,25.3637,3800,2021-04-30 14:23:00,QFIN
25.34,25.35,25.34,25.34,3261,2021-04-30 14:24:00,QFIN
25.37,25.42,25.35,25.395,5782,2021-04-30 14:25:00,QFIN
25.45,25.455,25.33,25.35,11045,2021-04-30 14:26:00,QFIN
25.31,25.31,25.27,25.27,1400,2021-04-30 14:27:00,QFIN
25.255,25.28,25.255,25.255,2050,2021-04-30 14:28:00,QFIN
25.28,25.33,25.25,25.26,7420,2021-04-30 14:29:00,QFIN
25.245,25.27,25.121,25.135,8167,2021-04-30 14:30:00,QFIN
25.15,25.18,25.13,25.175,3500,2021-04-30 14:31:00,QFIN
25.175,25.18,25.15,25.165,1750,2021-04-30 14:32:00,QFIN
25.165,25.24,25.16,25.21,6487,2021-04-30 14:33:00,QFIN
25.19,25.21,25.165,25.1675,1320,2021-04-30 14:34:00,QFIN
25.165,25.255,25.165,25.255,1960,2021-04-30 14:35:00,QFIN
25.255,25.29,25.2,25.2,4057,2021-04-30 14:36:00,QFIN
25.19,25.19,25.0,25.01,16009,2021-04-30 14:37:00,QFIN
24.985,25.08,24.985,25.01,5212,2021-04-30 14:38:00,QFIN
25.01,25.01,24.93,24.93,6924,2021-04-30 14:39:00,QFIN
24.92,24.94,24.92,24.94,3143,2021-04-30 14:40:00,QFIN
24.92,24.99,24.92,24.99,3449,2021-04-30 14:41:00,QFIN
24.97,24.97,24.93,24.96,3522,2021-04-30 14:42:00,QFIN
24.99,24.99,24.89,24.92,8010,2021-04-30 14:43:00,QFIN
24.93,24.95,24.91,24.92,2957,2021-04-30 14:44:00,QFIN
24.94,24.96,24.94,24.95,1900,2021-04-30 14:45:00,QFIN
24.99,25.019,24.9626,24.97,4534,2021-04-30 14:46:00,QFIN
24.99,25.04,24.99,25.03,1573,2021-04-30 14:47:00,QFIN
25.04,25.0823,25.04,25.05,2100,2021-04-30 14:48:00,QFIN
25.045,25.06,25.045,25.06,700,2021-04-30 14:49:00,QFIN
25.06,25.065,25.05,25.065,1000,2021-04-30 14:50:00,QFIN
25.065,25.15,25.065,25.15,5371,2021-04-30 14:51:00,QFIN
25.13,25.13,25.06,25.07,3950,2021-04-30 14:52:00,QFIN
25.05,25.05,24.93,24.93,2798,2021-04-30 14:53:00,QFIN
24.92,24.93,24.89,24.92,7725,2021-04-30 14:54:00,QFIN
24.945,24.96,24.945,24.96,600,2021-04-30 14:55:00,QFIN
24.96,24.96,24.9202,24.925,2550,2021-04-30 14:56:00,QFIN
24.91,24.91,24.85,24.875,2949,2021-04-30 14:57:00,QFIN
24.86,24.915,24.82,24.915,14748,2021-04-30 14:58:00,QFIN
24.915,24.915,24.62,24.69,21453,2021-04-30 14:59:00,QFIN
24.675,24.75,24.675,24.7325,2150,2021-04-30 15:00:00,QFIN
24.75,24.76,24.64,24.67,11463,2021-04-30 15:01:00,QFIN
24.66,24.73,24.6,24.68,44424,2021-04-30 15:02:00,QFIN
24.679,24.715,24.67,24.71,8192,2021-04-30 15:03:00,QFIN
24.73,24.73,24.68,24.7,2741,2021-04-30 15:04:00,QFIN
24.68,24.68,24.61,24.645,9186,2021-04-30 15:05:00,QFIN
24.6407,24.67,24.6407,24.67,400,2021-04-30 15:06:00,QFIN
24.68,24.7,24.52,24.535,29123,2021-04-30 15:07:00,QFIN
24.57,24.5807,24.53,24.5807,1864,2021-04-30 15:08:00,QFIN
24.58,24.58,24.55,24.56,3455,2021-04-30 15:09:00,QFIN
24.57,24.66,24.57,24.651,8042,2021-04-30 15:10:00,QFIN
24.66,24.7508,24.66,24.725,7501,2021-04-30 15:11:00,QFIN
24.77,24.81,24.77,24.81,1915,2021-04-30 15:12:00,QFIN
24.81,24.84,24.79,24.79,8661,2021-04-30 15:13:00,QFIN
24.83,24.84,24.815,24.82,6700,2021-04-30 15:14:00,QFIN
24.815,24.86,24.75,24.8,10395,2021-04-30 15:15:00,QFIN
24.785,24.8,24.75,24.8,5802,2021-04-30 15:16:00,QFIN
24.82,24.86,24.82,24.86,947,2021-04-30 15:17:00,QFIN
24.85,24.89,24.8401,24.89,2113,2021-04-30 15:18:00,QFIN
24.9195,24.93,24.87,24.87,6296,2021-04-30 15:19:00,QFIN
24.87,24.87,24.803,24.865,3904,2021-04-30 15:20:00,QFIN
24.8856,24.8856,24.8,24.84,3804,2021-04-30 15:21:00,QFIN
24.825,24.825,24.807,24.807,300,2021-04-30 15:22:00,QFIN
24.83,24.89,24.83,24.8899,2000,2021-04-30 15:23:00,QFIN
24.885,24.89,24.88,24.89,700,2021-04-30 15:24:00,QFIN
24.89,24.935,24.89,24.935,2400,2021-04-30 15:25:00,QFIN
24.93,24.93,24.91,24.92,1600,2021-04-30 15:26:00,QFIN
24.94,25.04,24.94,25.0,6140,2021-04-30 15:27:00,QFIN
24.995,25.02,24.995,25.02,900,2021-04-30 15:28:00,QFIN
25.03,25.05,25.03,25.04,1325,2021-04-30 15:29:00,QFIN
25.04,25.04,25.01,25.011,2500,2021-04-30 15:30:00,QFIN
25.03,25.03,25.02,25.02,200,2021-04-30 15:31:00,QFIN
25.05,25.0694,25.02,25.03,4600,2021-04-30 15:32:00,QFIN
25.01,25.015,24.99,25.015,4693,2021-04-30 15:33:00,QFIN
25.02,25.04,24.99,25.04,2500,2021-04-30 15:34:00,QFIN
25.015,25.0377,25.01,25.025,660,2021-04-30 15:35:00,QFIN
25.04,25.07,25.04,25.07,6685,2021-04-30 15:36:00,QFIN
25.07,25.13,25.07,25.11,1300,2021-04-30 15:37:00,QFIN
25.11,25.145,25.09,25.115,2925,2021-04-30 15:38:00,QFIN
25.13,25.19,25.13,25.16,2275,2021-04-30 15:39:00,QFIN
25.157,25.157,25.15,25.15,300,2021-04-30 15:40:00,QFIN
25.15,25.17,25.15,25.17,600,2021-04-30 15:41:00,QFIN
25.19,25.19,25.14,25.15,1742,2021-04-30 15:42:00,QFIN
25.16,25.165,25.12,25.14,1583,2021-04-30 15:43:00,QFIN
25.13,25.13,25.02,25.02,9000,2021-04-30 15:44:00,QFIN
25.04,25.05,25.02,25.045,1000,2021-04-30 15:45:00,QFIN
25.05,25.05,25.02,25.05,963,2021-04-30 15:46:00,QFIN
25.06,25.08,25.06,25.06,3104,2021-04-30 15:47:00,QFIN
25.06,25.08,25.06,25.08,1500,2021-04-30 15:48:00,QFIN
25.06,25.06,25.06,25.06,800,2021-04-30 15:49:00,QFIN
25.06,25.06,25.04,25.05,2100,2021-04-30 15:50:00,QFIN
25.06,25.08,25.06,25.06,800,2021-04-30 15:51:00,QFIN
25.08,25.11,25.08,25.11,3700,2021-04-30 15:52:00,QFIN
25.13,25.13,25.13,25.13,100,2021-04-30 15:53:00,QFIN
25.16,25.17,25.13,25.17,5149,2021-04-30 15:54:00,QFIN
25.17,25.1707,25.1647,25.17,4200,2021-04-30 15:55:00,QFIN
25.18,25.22,25.18,25.19,10080,2021-04-30 15:56:00,QFIN
25.1952,25.1952,25.14,25.14,2600,2021-04-30 15:57:00,QFIN
25.16,25.16,25.145,25.145,1400,2021-04-30 15:58:00,QFIN
25.14,25.14,25.14,25.14,700,2021-04-30 15:59:00,QFIN
25.13,25.13,25.1,25.115,2858,2021-04-30 16:00:00,QFIN
25.13,25.17,25.13,25.17,800,2021-04-30 16:01:00,QFIN
25.1833,25.1833,25.13,25.13,1409,2021-04-30 16:02:00,QFIN
25.155,25.155,25.1,25.115,3600,2021-04-30 16:03:00,QFIN
25.1001,25.115,25.1001,25.115,725,2021-04-30 16:04:00,QFIN
25.125,25.13,25.11,25.115,1710,2021-04-30 16:05:00,QFIN
25.124,25.135,25.12,25.135,1100,2021-04-30 16:06:00,QFIN
25.15,25.15,25.12,25.125,2100,2021-04-30 16:07:00,QFIN
25.12,25.12,25.07,25.07,5198,2021-04-30 16:09:00,QFIN
25.07,25.08,25.07,25.08,3150,2021-04-30 16:10:00,QFIN
25.08,25.1,25.08,25.1,600,2021-04-30 16:11:00,QFIN
25.09,25.09,25.09,25.09,400,2021-04-30 16:12:00,QFIN
25.11,25.12,25.11,25.12,540,2021-04-30 16:13:00,QFIN
25.105,25.105,25.105,25.105,1134,2021-04-30 16:14:00,QFIN
25.11,25.12,25.1001,25.11,2600,2021-04-30 16:15:00,QFIN
25.115,25.12,25.115,25.12,400,2021-04-30 16:16:00,QFIN
25.11,25.115,25.09,25.095,3900,2021-04-30 16:17:00,QFIN
25.1,25.1176,25.1,25.1,2982,2021-04-30 16:18:00,QFIN
25.09,25.11,25.085,25.11,3300,2021-04-30 16:19:00,QFIN
25.1,25.1,25.0915,25.0915,2700,2021-04-30 16:20:00,QFIN
25.1,25.13,25.1,25.125,1510,2021-04-30 16:21:00,QFIN
25.15,25.15,25.09,25.115,5135,2021-04-30 16:22:00,QFIN
25.11,25.11,25.035,25.035,2565,2021-04-30 16:23:00,QFIN
25.035,25.1,25.035,25.1,1700,2021-04-30 16:24:00,QFIN
25.09,25.1,25.09,25.09,2100,2021-04-30 16:25:00,QFIN
25.12,25.12,25.0827,25.09,1500,2021-04-30 16:26:00,QFIN
25.09,25.17,25.09,25.169,3799,2021-04-30 16:27:00,QFIN
25.17,25.17,25.17,25.17,100,2021-04-30 16:28:00,QFIN
25.15,25.17,25.15,25.15,400,2021-04-30 16:29:00,QFIN
25.15,25.25,25.15,25.25,7721,2021-04-30 16:30:00,QFIN
25.28,25.28,25.28,25.28,300,2021-04-30 16:31:00,QFIN
25.25,25.265,25.24,25.26,5744,2021-04-30 16:32:00,QFIN
25.27,25.31,25.27,25.305,19016,2021-04-30 16:33:00,QFIN
25.29,25.3,25.28,25.295,1800,2021-04-30 16:34:00,QFIN
25.31,25.31,25.295,25.295,200,2021-04-30 16:35:00,QFIN
25.31,25.32,25.3,25.32,2238,2021-04-30 16:36:00,QFIN
25.32,25.32,25.235,25.235,12286,2021-04-30 16:37:00,QFIN
25.235,25.2454,25.235,25.24,1000,2021-04-30 16:38:00,QFIN
25.22,25.235,25.21,25.235,1900,2021-04-30 16:39:00,QFIN
25.235,25.24,25.235,25.24,700,2021-04-30 16:40:00,QFIN
25.24,25.24,25.19,25.2,3399,2021-04-30 16:41:00,QFIN
25.19,25.19,25.15,25.15,1500,2021-04-30 16:42:00,QFIN
25.16,25.16,25.16,25.16,300,2021-04-30 16:43:00,QFIN
25.14,25.16,25.12,25.16,2542,2021-04-30 16:44:00,QFIN
25.16,25.18,25.16,25.175,1979,2021-04-30 16:45:00,QFIN
25.17,25.18,25.165,25.165,3825,2021-04-30 16:46:00,QFIN
25.165,25.18,25.165,25.175,800,2021-04-30 16:47:00,QFIN
25.165,25.165,25.14,25.14,4585,2021-04-30 16:48:00,QFIN
25.15,25.18,25.15,25.18,927,2021-04-30 16:49:00,QFIN
25.1762,25.22,25.1762,25.2,4500,2021-04-30 16:50:00,QFIN
25.19,25.26,25.19,25.26,3800,2021-04-30 16:51:00,QFIN
25.29,25.34,25.29,25.34,2085,2021-04-30 16:52:00,QFIN
25.34,25.35,25.33,25.35,1514,2021-04-30 16:53:00,QFIN
25.37,25.39,25.3603,25.3603,1350,2021-04-30 16:54:00,QFIN
25.38,25.39,25.36,25.36,6174,2021-04-30 16:55:00,QFIN
25.36,25.36,25.31,25.32,4100,2021-04-30 16:56:00,QFIN
25.3,25.32,25.28,25.3,4600,2021-04-30 16:57:00,QFIN
25.3,25.33,25.3,25.3,2824,2021-04-30 16:58:00,QFIN
25.3,25.33,25.3,25.3,2400,2021-04-30 16:59:00,QFIN
25.29,25.29,25.25,25.255,3448,2021-04-30 17:00:00,QFIN
25.27,25.29,25.27,25.29,1500,2021-04-30 17:01:00,QFIN
25.3299,25.34,25.3299,25.34,200,2021-04-30 17:02:00,QFIN
25.3,25.32,25.3,25.32,2727,2021-04-30 17:03:00,QFIN
25.3,25.3699,25.3,25.3699,3114,2021-04-30 17:04:00,QFIN
25.37,25.37,25.35,25.355,1600,2021-04-30 17:05:00,QFIN
25.37,25.37,25.37,25.37,225,2021-04-30 17:06:00,QFIN
25.36,25.36,25.3,25.3,8054,2021-04-30 17:07:00,QFIN
25.3,25.3,25.29,25.3,2477,2021-04-30 17:08:00,QFIN
25.3,25.33,25.29,25.3,7487,2021-04-30 17:09:00,QFIN
25.29,25.295,25.29,25.295,1300,2021-04-30 17:10:00,QFIN
25.3,25.31,25.29,25.29,5326,2021-04-30 17:11:00,QFIN
25.3,25.34,25.3,25.34,10725,2021-04-30 17:12:00,QFIN
25.36,25.37,25.35,25.37,7310,2021-04-30 17:13:00,QFIN
25.35,25.35,25.34,25.34,1050,2021-04-30 17:14:00,QFIN
25.345,25.36,25.345,25.355,4200,2021-04-30 17:15:00,QFIN
25.35,25.35,25.35,25.35,900,2021-04-30 17:16:00,QFIN
25.36,25.36,25.35,25.35,5800,2021-04-30 17:17:00,QFIN
25.36,25.38,25.36,25.36,6616,2021-04-30 17:18:00,QFIN
25.35,25.355,25.35,25.355,900,2021-04-30 17:19:00,QFIN
25.36,25.38,25.36,25.38,500,2021-04-30 17:20:00,QFIN
25.365,25.37,25.36,25.37,3676,2021-04-30 17:21:00,QFIN
25.37,25.37,25.36,25.365,2000,2021-04-30 17:22:00,QFIN
25.3687,25.375,25.36,25.375,2948,2021-04-30 17:23:00,QFIN
25.38,25.45,25.38,25.45,8023,2021-04-30 17:24:00,QFIN
25.445,25.45,25.41,25.41,3569,2021-04-30 17:25:00,QFIN
25.4,25.4,25.36,25.37,2824,2021-04-30 17:26:00,QFIN
25.37,25.38,25.36,25.36,1650,2021-04-30 17:27:00,QFIN
25.365,25.365,25.355,25.365,2122,2021-04-30 17:28:00,QFIN
25.365,25.42,25.365,25.39,7605,2021-04-30 17:29:00,QFIN
25.405,25.405,25.3301,25.35,5000,2021-04-30 17:30:00,QFIN
25.36,25.365,25.35,25.365,3125,2021-04-30 17:31:00,QFIN
25.38,25.4,25.375,25.4,1470,2021-04-30 17:32:00,QFIN
25.43,25.46,25.41,25.45,4989,2021-04-30 17:33:00,QFIN
25.45,25.45,25.42,25.44,3700,2021-04-30 17:34:00,QFIN
25.43,25.435,25.43,25.435,2100,2021-04-30 17:35:00,QFIN
25.43,25.435,25.3467,25.35,8000,2021-04-30 17:36:00,QFIN
25.34,25.37,25.34,25.37,1011,2021-04-30 17:37:00,QFIN
25.39,25.39,25.35,25.35,3693,2021-04-30 17:38:00,QFIN
25.36,25.4,25.36,25.39,1300,2021-04-30 17:39:00,QFIN
25.41,25.45,25.41,25.43,890,2021-04-30 17:40:00,QFIN
25.44,25.44,25.43,25.44,500,2021-04-30 17:41:00,QFIN
25.45,25.45,25.39,25.39,7990,2021-04-30 17:42:00,QFIN
25.38,25.38,25.34,25.36,7030,2021-04-30 17:43:00,QFIN
25.35,25.37,25.335,25.345,1850,2021-04-30 17:44:00,QFIN
25.32,25.34,25.29,25.29,2900,2021-04-30 17:45:00,QFIN
25.24,25.29,25.24,25.27,10462,2021-04-30 17:46:00,QFIN
25.25,25.25,25.24,25.24,1696,2021-04-30 17:47:00,QFIN
25.23,25.28,25.23,25.28,1300,2021-04-30 17:48:00,QFIN
25.27,25.275,25.2,25.275,14399,2021-04-30 17:50:00,QFIN
25.29,25.29,25.29,25.29,100,2021-04-30 17:51:00,QFIN
25.26,25.27,25.242,25.242,950,2021-04-30 17:52:00,QFIN
25.27,25.29,25.25,25.26,2541,2021-04-30 17:53:00,QFIN
25.26,25.27,25.23,25.23,8884,2021-04-30 17:54:00,QFIN
25.22,25.28,25.2,25.25,22157,2021-04-30 17:55:00,QFIN
25.24,25.25,25.225,25.225,1300,2021-04-30 17:56:00,QFIN
25.21,25.23,25.21,25.23,5600,2021-04-30 17:57:00,QFIN
25.23,25.28,25.22,25.275,14966,2021-04-30 17:58:00,QFIN
25.27,25.275,25.19,25.19,21872,2021-04-30 17:59:00,QFIN
25.18,25.195,25.17,25.195,5100,2021-04-30 18:00:00,QFIN
25.18,25.18,25.16,25.16,1900,2021-04-30 18:01:00,QFIN
25.16,25.16,25.1,25.115,18843,2021-04-30 18:02:00,QFIN
25.13,25.17,25.13,25.16,7002,2021-04-30 18:03:00,QFIN
25.16,25.2,25.16,25.2,2964,2021-04-30 18:04:00,QFIN
25.22,25.23,25.2038,25.21,8909,2021-04-30 18:05:00,QFIN
25.21,25.3,25.21,25.24,28982,2021-04-30 18:06:00,QFIN
25.24,25.25,25.22,25.25,1866,2021-04-30 18:07:00,QFIN
25.23,25.28,25.22,25.28,6461,2021-04-30 18:08:00,QFIN
25.29,25.3,25.27,25.3,2341,2021-04-30 18:09:00,QFIN
25.3262,25.33,25.27,25.315,2684,2021-04-30 18:10:00,QFIN
25.31,25.36,25.3,25.36,4900,2021-04-30 18:11:00,QFIN
25.38,25.38,25.325,25.325,5500,2021-04-30 18:12:00,QFIN
25.34,25.34,25.31,25.31,700,2021-04-30 18:13:00,QFIN
25.325,25.325,25.27,25.3,2300,2021-04-30 18:14:00,QFIN
25.3,25.3,25.28,25.3,800,2021-04-30 18:15:00,QFIN
25.28,25.28,25.26,25.26,500,2021-04-30 18:16:00,QFIN
25.25,25.35,25.25,25.33,21100,2021-04-30 18:17:00,QFIN
25.34,25.36,25.34,25.36,1200,2021-04-30 18:19:00,QFIN
25.365,25.365,25.365,25.365,100,2021-04-30 18:20:00,QFIN
25.38,25.4,25.38,25.385,1000,2021-04-30 18:21:00,QFIN
25.4,25.4,25.385,25.385,500,2021-04-30 18:22:00,QFIN
25.4,25.4,25.35,25.355,3275,2021-04-30 18:23:00,QFIN
25.34,25.34,25.3,25.3,2000,2021-04-30 18:24:00,QFIN
25.3,25.305,25.27,25.285,3202,2021-04-30 18:25:00,QFIN
25.28,25.34,25.28,25.34,2200,2021-04-30 18:26:00,QFIN
25.36,25.38,25.36,25.38,3700,2021-04-30 18:27:00,QFIN
25.36,25.38,25.355,25.38,1000,2021-04-30 18:28:00,QFIN
25.41,25.41,25.41,25.41,100,2021-04-30 18:29:00,QFIN
25.395,25.41,25.395,25.41,1400,2021-04-30 18:30:00,QFIN
25.42,25.42,25.38,25.38,1600,2021-04-30 18:31:00,QFIN
25.385,25.385,25.34,25.36,1090,2021-04-30 18:32:00,QFIN
25.39,25.42,25.39,25.42,500,2021-04-30 18:33:00,QFIN
25.395,25.395,25.395,25.395,100,2021-04-30 18:35:00,QFIN
25.41,25.41,25.295,25.34,4800,2021-04-30 18:36:00,QFIN
25.32,25.365,25.32,25.365,2029,2021-04-30 18:37:00,QFIN
25.35,25.38,25.33,25.35,3334,2021-04-30 18:38:00,QFIN
25.37,25.37,25.37,25.37,100,2021-04-30 18:39:00,QFIN
25.3206,25.34,25.3206,25.34,300,2021-04-30 18:40:00,QFIN
25.32,25.34,25.32,25.34,4050,2021-04-30 18:41:00,QFIN
25.34,25.39,25.34,25.34,9272,2021-04-30 18:42:00,QFIN
25.32,25.32,25.32,25.32,400,2021-04-30 18:43:00,QFIN
25.3,25.3,25.3,25.3,100,2021-04-30 18:44:00,QFIN
25.34,25.34,25.32,25.32,200,2021-04-30 18:45:00,QFIN
25.3319,25.35,25.3,25.35,2490,2021-04-30 18:47:00,QFIN
25.32,25.335,25.29,25.33,8485,2021-04-30 18:48:00,QFIN
25.35,25.37,25.35,25.37,1300,2021-04-30 18:49:00,QFIN
25.38,25.4,25.35,25.4,6450,2021-04-30 18:50:00,QFIN
25.375,25.385,25.36,25.36,2400,2021-04-30 18:51:00,QFIN
25.35,25.38,25.35,25.38,400,2021-04-30 18:53:00,QFIN
25.34,25.34,25.31,25.31,1900,2021-04-30 18:54:00,QFIN
25.3199,25.38,25.3,25.34,7829,2021-04-30 18:55:00,QFIN
25.35,25.37,25.33,25.37,700,2021-04-30 18:56:00,QFIN
25.36,25.3775,25.36,25.3775,1800,2021-04-30 18:57:00,QFIN
25.36,25.365,25.35,25.365,500,2021-04-30 18:58:00,QFIN
25.38,25.39,25.35,25.35,1100,2021-04-30 18:59:00,QFIN
25.36,25.39,25.36,25.39,1150,2021-04-30 19:00:00,QFIN
25.385,25.385,25.36,25.36,600,2021-04-30 19:01:00,QFIN
25.39,25.39,25.39,25.39,600,2021-04-30 19:02:00,QFIN
25.38,25.4,25.38,25.4,900,2021-04-30 19:03:00,QFIN
25.385,25.385,25.3,25.3,2900,2021-04-30 19:04:00,QFIN
25.2895,25.3,25.28,25.3,4485,2021-04-30 19:05:00,QFIN
25.31,25.3694,25.31,25.3694,3034,2021-04-30 19:06:00,QFIN
25.37,25.37,25.295,25.295,6739,2021-04-30 19:07:00,QFIN
25.28,25.28,25.25,25.25,900,2021-04-30 19:08:00,QFIN
25.25,25.29,25.25,25.29,2143,2021-04-30 19:09:00,QFIN
25.27,25.28,25.27,25.28,1824,2021-04-30 19:10:00,QFIN
25.28,25.3,25.28,25.3,1239,2021-04-30 19:11:00,QFIN
25.3,25.37,25.3,25.37,3050,2021-04-30 19:12:00,QFIN
25.36,25.36,25.31,25.31,7570,2021-04-30 19:13:00,QFIN
25.29,25.29,25.28,25.29,2800,2021-04-30 19:14:00,QFIN
25.27,25.32,25.27,25.31,4089,2021-04-30 19:15:00,QFIN
25.31,25.32,25.305,25.32,898,2021-04-30 19:16:00,QFIN
25.305,25.305,25.28,25.28,1200,2021-04-30 19:18:00,QFIN
25.27,25.35,25.27,25.35,11328,2021-04-30 19:19:00,QFIN
25.34,25.34,25.29,25.29,4202,2021-04-30 19:20:00,QFIN
25.3,25.3,25.27,25.28,3448,2021-04-30 19:21:00,QFIN
25.3,25.33,25.3,25.32,2897,2021-04-30 19:22:00,QFIN
25.33,25.4,25.325,25.4,11099,2021-04-30 19:23:00,QFIN
25.46,25.46,25.36,25.42,14127,2021-04-30 19:24:00,QFIN
25.41,25.42,25.41,25.42,1200,2021-04-30 19:25:00,QFIN
25.435,25.435,25.39,25.39,948,2021-04-30 19:26:00,QFIN
25.36,25.36,25.34,25.34,2400,2021-04-30 19:27:00,QFIN
25.35,25.39,25.35,25.39,2100,2021-04-30 19:28:00,QFIN
25.375,25.38,25.34,25.38,3001,2021-04-30 19:29:00,QFIN
25.375,25.38,25.34,25.34,2021,2021-04-30 19:30:00,QFIN
25.35,25.39,25.35,25.39,1836,2021-04-30 19:31:00,QFIN
25.36,25.375,25.36,25.37,400,2021-04-30 19:32:00,QFIN
25.37,25.42,25.37,25.42,2702,2021-04-30 19:33:00,QFIN
25.43,25.49,25.43,25.49,4267,2021-04-30 19:34:00,QFIN
25.46,25.47,25.43,25.43,7493,2021-04-30 19:35:00,QFIN
25.44,25.48,25.44,25.47,2858,2021-04-30 19:36:00,QFIN
25.48,25.54,25.46,25.529,6277,2021-04-30 19:37:00,QFIN
25.51,25.52,25.5,25.51,7144,2021-04-30 19:38:00,QFIN
25.525,25.54,25.51,25.52,3877,2021-04-30 19:39:00,QFIN
25.52,25.56,25.52,25.56,6558,2021-04-30 19:40:00,QFIN
25.56,25.56,25.545,25.56,2978,2021-04-30 19:41:00,QFIN
25.565,25.62,25.565,25.615,2026,2021-04-30 19:42:00,QFIN
25.615,25.615,25.57,25.6,11363,2021-04-30 19:43:00,QFIN
25.59,25.59,25.52,25.52,4639,2021-04-30 19:44:00,QFIN
25.515,25.515,25.47,25.47,2386,2021-04-30 19:45:00,QFIN
25.485,25.51,25.46,25.51,7388,2021-04-30 19:46:00,QFIN
25.5,25.5,25.48,25.49,2226,2021-04-30 19:47:00,QFIN
25.5,25.57,25.5,25.57,7245,2021-04-30 19:48:00,QFIN
25.59,25.62,25.55,25.58,6800,2021-04-30 19:49:00,QFIN
25.59,25.6,25.52,25.545,11985,2021-04-30 19:50:00,QFIN
25.54,25.54,25.5,25.52,5823,2021-04-30 19:51:00,QFIN
25.52,25.605,25.52,25.585,10342,2021-04-30 19:52:00,QFIN
25.585,25.61,25.585,25.61,5723,2021-04-30 19:53:00,QFIN
25.6,25.67,25.6,25.63,15413,2021-04-30 19:54:00,QFIN
25.575,25.61,25.55,25.61,8362,2021-04-30 19:55:00,QFIN
25.615,25.615,25.53,25.585,13516,2021-04-30 19:56:00,QFIN
25.57,25.61,25.5505,25.59,7473,2021-04-30 19:57:00,QFIN
25.59,25.61,25.58,25.6,20897,2021-04-30 19:58:00,QFIN
25.605,25.64,25.6,25.64,19679,2021-04-30 19:59:00,QFIN
25.61,25.65,25.61,25.65,75631,2021-04-30 20:00:00,QFIN
25.979,25.979,25.979,25.979,100,2021-04-30 20:29:00,QFIN
25.97,25.98,25.97,25.98,200,2021-04-30 23:13:00,QFIN
25.98,25.98,25.98,25.98,500,2021-04-30 23:14:00,QFIN
