open,high,low,close,volume,datetime,symbol
298.27,300.02,297.61,300.02,7786,2021-07-01 13:30:00,ARGX
300.01,301.11,299.83,301.1,1000,2021-07-01 13:35:00,ARGX
301.33,301.33,300.84,301.1,1100,2021-07-01 13:40:00,ARGX
301.21,301.4,300.86,301.0,3507,2021-07-01 13:45:00,ARGX
301.05,301.325,300.75,300.81,1800,2021-07-01 13:50:00,ARGX
300.71,301.28,300.68,301.28,300,2021-07-01 13:55:00,ARGX
301.405,302.46,301.26,301.26,3457,2021-07-01 14:00:00,ARGX
301.5,301.54,300.77,300.89,3911,2021-07-01 14:05:00,ARGX
300.77,301.31,300.63,301.04,5410,2021-07-01 14:10:00,ARGX
301.02,301.365,300.37,300.7,3900,2021-07-01 14:15:00,ARGX
300.39,300.62,300.39,300.5375,1045,2021-07-01 14:20:00,ARGX
300.76,300.79,300.65,300.695,700,2021-07-01 14:25:00,ARGX
300.84,300.925,300.5,300.89,700,2021-07-01 14:30:00,ARGX
301.01,301.55,300.89,301.01,5800,2021-07-01 14:35:00,ARGX
301.1,301.28,300.345,300.345,1412,2021-07-01 14:40:00,ARGX
300.09,300.09,300.03,300.03,300,2021-07-01 14:45:00,ARGX
300.11,300.75,299.98,300.75,1459,2021-07-01 14:50:00,ARGX
300.72,301.3,300.72,301.11,1500,2021-07-01 14:55:00,ARGX
301.09,301.1,300.87,300.87,1400,2021-07-01 15:00:00,ARGX
300.86,300.86,300.005,300.005,3300,2021-07-01 15:05:00,ARGX
299.83,299.83,299.33,299.33,200,2021-07-01 15:10:00,ARGX
299.48,299.95,299.48,299.84,2000,2021-07-01 15:15:00,ARGX
299.96,300.205,299.96,300.205,700,2021-07-01 15:25:00,ARGX
299.865,300.56,299.865,300.27,20947,2021-07-01 15:35:00,ARGX
300.84,301.34,300.84,301.0,1847,2021-07-01 15:40:00,ARGX
301.0,301.5,300.8,301.5,1200,2021-07-01 15:45:00,ARGX
301.81,301.96,301.51,301.51,1227,2021-07-01 15:55:00,ARGX
301.865,302.13,301.39,301.72,2600,2021-07-01 16:05:00,ARGX
301.52,301.705,301.52,301.575,900,2021-07-01 16:10:00,ARGX
301.79,302.225,301.79,302.22,3000,2021-07-01 16:25:00,ARGX
301.84,301.9,301.5,301.655,1322,2021-07-01 16:30:00,ARGX
301.53,301.53,301.53,301.53,122,2021-07-01 16:35:00,ARGX
300.86,300.86,300.86,300.86,100,2021-07-01 16:40:00,ARGX
301.5,301.87,301.5,301.615,1500,2021-07-01 16:45:00,ARGX
301.5,301.5,301.2406,301.2406,1120,2021-07-01 16:55:00,ARGX
301.17,301.5,301.17,301.5,552,2021-07-01 17:00:00,ARGX
301.5,301.62,301.5,301.62,200,2021-07-01 17:05:00,ARGX
301.62,301.9,301.36,301.9,1700,2021-07-01 17:10:00,ARGX
301.555,301.76,301.51,301.535,2768,2021-07-01 17:15:00,ARGX
301.67,302.58,301.275,302.58,3600,2021-07-01 17:20:00,ARGX
302.395,302.58,302.3006,302.53,1018,2021-07-01 17:25:00,ARGX
302.69,302.69,302.62,302.62,200,2021-07-01 17:35:00,ARGX
302.775,303.03,302.53,302.79,1356,2021-07-01 17:40:00,ARGX
302.44,302.44,302.39,302.39,200,2021-07-01 17:45:00,ARGX
302.25,302.65,302.25,302.65,200,2021-07-01 18:00:00,ARGX
302.65,303.02,302.34,302.42,700,2021-07-01 18:10:00,ARGX
302.77,302.77,302.625,302.625,239,2021-07-01 18:15:00,ARGX
302.625,303.0,302.625,302.7,824,2021-07-01 18:20:00,ARGX
302.51,303.15,302.42,303.15,1501,2021-07-01 18:25:00,ARGX
303.33,303.5,303.0,303.0,1200,2021-07-01 18:30:00,ARGX
303.08,303.1,303.0,303.1,600,2021-07-01 18:35:00,ARGX
303.33,303.95,303.05,303.95,5165,2021-07-01 18:40:00,ARGX
303.99,304.57,303.98,304.57,400,2021-07-01 18:45:00,ARGX
304.755,304.9,304.28,304.67,1600,2021-07-01 18:50:00,ARGX
304.59,304.98,304.59,304.98,200,2021-07-01 18:55:00,ARGX
304.99,305.22,304.91,305.22,900,2021-07-01 19:00:00,ARGX
304.875,305.02,304.845,304.88,700,2021-07-01 19:05:00,ARGX
305.02,305.055,304.7,304.92,1600,2021-07-01 19:10:00,ARGX
304.74,304.76,304.37,304.47,600,2021-07-01 19:15:00,ARGX
304.4975,304.8,304.4975,304.8,200,2021-07-01 19:20:00,ARGX
304.45,304.55,304.195,304.55,1500,2021-07-01 19:25:00,ARGX
304.62,305.29,304.62,305.15,1400,2021-07-01 19:30:00,ARGX
304.965,305.23,304.9,305.23,900,2021-07-01 19:35:00,ARGX
305.19,306.98,305.12,306.07,5813,2021-07-01 19:40:00,ARGX
305.85,306.18,303.96,304.19,6073,2021-07-01 19:45:00,ARGX
304.415,304.9,303.995,304.595,7620,2021-07-01 19:50:00,ARGX
304.75,305.15,304.52,304.52,6382,2021-07-01 19:55:00,ARGX
304.48,304.48,304.48,304.48,2787,2021-07-01 20:00:00,ARGX
304.96,304.96,304.85,304.85,200,2021-07-02 08:00:00,ARGX
309.8,309.8,309.8,309.8,100,2021-07-02 11:30:00,ARGX
310.05,310.05,310.05,310.05,100,2021-07-02 12:35:00,ARGX
308.34,308.83,307.93,308.53,2063,2021-07-02 13:30:00,ARGX
308.2,308.72,307.98,308.25,1800,2021-07-02 13:35:00,ARGX
308.42,308.8,307.2,307.2,1700,2021-07-02 13:40:00,ARGX
307.51,307.68,306.96,306.96,900,2021-07-02 13:45:00,ARGX
307.48,307.82,307.48,307.8,400,2021-07-02 13:50:00,ARGX
307.73,308.245,307.57,308.245,1100,2021-07-02 13:55:00,ARGX
308.89,308.89,308.52,308.52,400,2021-07-02 14:00:00,ARGX
308.53,308.94,308.53,308.94,300,2021-07-02 14:05:00,ARGX
308.26,309.0,308.26,308.72,2660,2021-07-02 14:15:00,ARGX
308.85,309.4,308.78,309.4,1400,2021-07-02 14:20:00,ARGX
310.18,310.3,310.18,310.3,200,2021-07-02 14:25:00,ARGX
310.25,310.25,309.3,309.42,1500,2021-07-02 14:30:00,ARGX
309.34,309.34,309.32,309.32,300,2021-07-02 14:35:00,ARGX
309.67,309.86,309.51,309.55,900,2021-07-02 14:40:00,ARGX
309.17,310.03,309.16,309.935,1000,2021-07-02 14:45:00,ARGX
310.13,310.63,310.13,310.63,1800,2021-07-02 14:50:00,ARGX
310.45,310.79,310.45,310.7475,700,2021-07-02 14:55:00,ARGX
310.795,311.07,310.335,310.94,1146,2021-07-02 15:00:00,ARGX
311.22,311.24,310.67,310.67,500,2021-07-02 15:05:00,ARGX
310.765,310.765,310.765,310.765,100,2021-07-02 15:10:00,ARGX
311.26,311.445,311.26,311.445,300,2021-07-02 15:15:00,ARGX
311.32,311.32,311.25,311.25,300,2021-07-02 15:20:00,ARGX
311.25,311.71,311.25,311.71,400,2021-07-02 15:25:00,ARGX
311.64,311.74,311.43,311.43,1400,2021-07-02 15:30:00,ARGX
311.31,311.31,311.31,311.31,100,2021-07-02 15:35:00,ARGX
311.3055,311.3055,311.3055,311.3055,185,2021-07-02 15:50:00,ARGX
311.7866,311.7866,311.7866,311.7866,112,2021-07-02 15:55:00,ARGX
311.285,311.285,310.65,310.65,983,2021-07-02 16:10:00,ARGX
311.45,311.47,311.45,311.47,200,2021-07-02 16:20:00,ARGX
311.69,312.01,311.61,312.01,1885,2021-07-02 16:35:00,ARGX
312.7,313.97,312.7,313.97,3100,2021-07-02 16:40:00,ARGX
313.9,313.95,313.9,313.95,400,2021-07-02 16:45:00,ARGX
313.115,313.115,313.115,313.115,100,2021-07-02 16:55:00,ARGX
313.44,313.44,313.44,313.44,100,2021-07-02 17:00:00,ARGX
313.57,314.55,313.57,314.55,700,2021-07-02 17:20:00,ARGX
314.145,314.145,314.145,314.145,100,2021-07-02 17:25:00,ARGX
314.07,314.2997,314.07,314.2997,280,2021-07-02 17:30:00,ARGX
314.005,314.435,314.005,314.39,800,2021-07-02 17:45:00,ARGX
314.465,314.465,314.28,314.465,1200,2021-07-02 17:50:00,ARGX
314.61,314.75,314.555,314.75,1101,2021-07-02 17:55:00,ARGX
315.0,315.24,315.0,315.24,3277,2021-07-02 18:00:00,ARGX
315.07,315.4,315.02,315.4,500,2021-07-02 18:05:00,ARGX
315.83,316.46,315.83,316.46,500,2021-07-02 18:15:00,ARGX
316.455,317.44,316.455,317.44,1019,2021-07-02 18:20:00,ARGX
316.78,316.78,316.78,316.78,100,2021-07-02 18:30:00,ARGX
316.425,317.04,316.425,317.04,200,2021-07-02 18:45:00,ARGX
316.85,316.85,316.85,316.85,689,2021-07-02 18:50:00,ARGX
316.84,318.08,316.721,317.635,5216,2021-07-02 18:55:00,ARGX
317.595,317.88,316.75,317.05,3300,2021-07-02 19:00:00,ARGX
316.62,316.84,316.62,316.8305,300,2021-07-02 19:05:00,ARGX
317.06,317.06,316.7935,316.7935,700,2021-07-02 19:10:00,ARGX
317.04,317.07,316.295,316.295,1600,2021-07-02 19:15:00,ARGX
315.875,315.875,314.74,314.74,800,2021-07-02 19:20:00,ARGX
315.25,315.77,314.81,314.81,600,2021-07-02 19:25:00,ARGX
314.57,315.37,314.57,315.37,1017,2021-07-02 19:30:00,ARGX
315.46,315.93,315.19,315.19,300,2021-07-02 19:35:00,ARGX
315.675,315.675,315.13,315.13,400,2021-07-02 19:40:00,ARGX
316.12,316.875,315.15,316.07,1000,2021-07-02 19:45:00,ARGX
316.53,317.03,315.68,315.75,3100,2021-07-02 19:50:00,ARGX
316.27,317.19,315.97,316.785,8403,2021-07-02 19:55:00,ARGX
316.09,316.09,316.09,316.09,2798,2021-07-02 20:00:00,ARGX
307.38,307.38,307.38,307.38,100,2021-07-06 11:00:00,ARGX
308.74,310.4,308.74,309.75,1700,2021-07-06 13:25:00,ARGX
310.0,312.1,310.0,311.53,5473,2021-07-06 13:30:00,ARGX
311.64,311.84,311.54,311.64,600,2021-07-06 13:35:00,ARGX
311.84,311.93,311.57,311.57,600,2021-07-06 13:40:00,ARGX
311.86,311.86,311.86,311.86,100,2021-07-06 13:45:00,ARGX
311.46,312.28,311.35,312.24,1900,2021-07-06 13:50:00,ARGX
311.94,312.07,311.41,311.41,1700,2021-07-06 13:55:00,ARGX
310.62,310.73,310.61,310.73,700,2021-07-06 14:00:00,ARGX
310.24,311.0,310.21,310.21,700,2021-07-06 14:05:00,ARGX
310.42,311.4418,310.42,311.415,1800,2021-07-06 14:10:00,ARGX
311.325,311.325,310.68,311.16,2600,2021-07-06 14:15:00,ARGX
311.5,311.5,311.1817,311.45,400,2021-07-06 14:20:00,ARGX
311.89,312.37,311.75,312.37,1500,2021-07-06 14:25:00,ARGX
312.44,312.71,311.76,311.76,1100,2021-07-06 14:30:00,ARGX
311.84,312.695,311.75,312.695,1579,2021-07-06 14:35:00,ARGX
312.7,313.5,312.66,313.37,1500,2021-07-06 14:40:00,ARGX
313.31,313.62,313.25,313.54,1100,2021-07-06 14:45:00,ARGX
313.5,314.055,313.43,314.055,1400,2021-07-06 14:50:00,ARGX
313.8,313.96,313.52,313.52,800,2021-07-06 14:55:00,ARGX
313.27,313.27,313.11,313.11,200,2021-07-06 15:00:00,ARGX
312.9375,313.09,312.84,313.09,1177,2021-07-06 15:05:00,ARGX
312.9,313.18,312.76,313.095,1200,2021-07-06 15:10:00,ARGX
313.12,313.22,313.12,313.22,400,2021-07-06 15:15:00,ARGX
312.73,313.04,312.34,312.34,1600,2021-07-06 15:20:00,ARGX
312.5,312.5,312.48,312.48,300,2021-07-06 15:25:00,ARGX
312.24,312.27,312.24,312.27,200,2021-07-06 15:30:00,ARGX
312.4,312.47,312.23,312.23,1200,2021-07-06 15:35:00,ARGX
312.04,312.04,312.04,312.04,100,2021-07-06 15:40:00,ARGX
311.85,311.9,311.85,311.9,200,2021-07-06 15:45:00,ARGX
311.16,311.16,310.7,310.7,200,2021-07-06 15:50:00,ARGX
310.71,310.71,310.71,310.71,100,2021-07-06 15:55:00,ARGX
310.965,310.965,310.965,310.965,100,2021-07-06 16:00:00,ARGX
310.4,310.4,310.26,310.36,400,2021-07-06 16:05:00,ARGX
310.5,310.51,310.5,310.51,200,2021-07-06 16:15:00,ARGX
310.59,310.59,310.59,310.59,100,2021-07-06 16:20:00,ARGX
311.01,311.01,310.975,310.975,300,2021-07-06 16:35:00,ARGX
310.855,311.38,310.855,311.38,200,2021-07-06 16:45:00,ARGX
311.57,311.77,311.515,311.515,300,2021-07-06 16:50:00,ARGX
311.37,312.38,311.37,312.01,1029,2021-07-06 16:55:00,ARGX
312.445,312.445,312.38,312.38,377,2021-07-06 17:00:00,ARGX
312.64,312.75,312.64,312.75,400,2021-07-06 17:05:00,ARGX
312.92,312.92,312.92,312.92,100,2021-07-06 17:15:00,ARGX
312.9,313.04,312.36,312.36,500,2021-07-06 17:25:00,ARGX
313.05,313.05,312.96,312.96,200,2021-07-06 17:30:00,ARGX
312.32,312.78,312.3,312.3,300,2021-07-06 17:35:00,ARGX
313.01,313.3,313.01,313.3,300,2021-07-06 17:45:00,ARGX
312.89,313.11,312.71,313.05,1100,2021-07-06 17:55:00,ARGX
313.22,313.305,312.97,312.97,800,2021-07-06 18:00:00,ARGX
313.36,313.655,313.13,313.2925,1500,2021-07-06 18:05:00,ARGX
312.87,312.87,312.87,312.87,100,2021-07-06 18:10:00,ARGX
313.2,313.2,312.99,312.99,300,2021-07-06 18:15:00,ARGX
312.67,312.67,312.31,312.31,300,2021-07-06 18:20:00,ARGX
312.625,312.625,312.625,312.625,100,2021-07-06 18:25:00,ARGX
312.865,312.865,312.865,312.865,100,2021-07-06 18:30:00,ARGX
312.38,312.7,312.38,312.7,400,2021-07-06 18:35:00,ARGX
312.84,313.21,312.32,312.32,400,2021-07-06 18:40:00,ARGX
312.755,313.15,312.755,312.755,300,2021-07-06 18:45:00,ARGX
312.31,312.31,311.83,312.1,500,2021-07-06 18:50:00,ARGX
312.46,312.51,312.4,312.4,400,2021-07-06 18:55:00,ARGX
313.09,313.09,312.57,312.7,700,2021-07-06 19:00:00,ARGX
312.73,312.73,312.34,312.34,400,2021-07-06 19:05:00,ARGX
312.38,313.015,312.38,312.74,800,2021-07-06 19:10:00,ARGX
312.9125,312.9125,312.9125,312.9125,100,2021-07-06 19:15:00,ARGX
312.9,312.9,312.8,312.8,600,2021-07-06 19:20:00,ARGX
312.94,312.94,312.13,312.44,1100,2021-07-06 19:30:00,ARGX
312.245,312.5,311.97,312.14,1300,2021-07-06 19:35:00,ARGX
312.37,312.37,312.16,312.22,900,2021-07-06 19:40:00,ARGX
312.335,312.35,311.95,311.95,800,2021-07-06 19:45:00,ARGX
311.92,312.07,311.28,311.89,1816,2021-07-06 19:50:00,ARGX
311.86,312.045,311.29,312.0,3000,2021-07-06 19:55:00,ARGX
311.95,311.95,311.95,311.95,1160,2021-07-06 20:00:00,ARGX
310.92,311.72,310.92,311.69,2458,2021-07-07 13:30:00,ARGX
311.41,311.69,311.27,311.505,2325,2021-07-07 13:35:00,ARGX
311.85,312.8,311.69,312.57,1400,2021-07-07 13:40:00,ARGX
312.33,312.52,312.16,312.495,800,2021-07-07 13:45:00,ARGX
312.14,312.14,311.68,312.035,1000,2021-07-07 13:50:00,ARGX
311.98,312.37,311.98,312.33,1200,2021-07-07 13:55:00,ARGX
312.03,312.335,312.03,312.335,300,2021-07-07 14:00:00,ARGX
312.15,312.15,311.1,311.305,2400,2021-07-07 14:05:00,ARGX
311.2,311.295,311.13,311.295,600,2021-07-07 14:10:00,ARGX
311.31,312.01,311.31,311.67,700,2021-07-07 14:15:00,ARGX
311.64,311.64,310.63,310.6825,1700,2021-07-07 14:20:00,ARGX
310.265,310.43,309.88,309.88,1000,2021-07-07 14:25:00,ARGX
309.92,309.92,309.5,309.655,1700,2021-07-07 14:30:00,ARGX
308.99,308.99,308.46,308.46,300,2021-07-07 14:35:00,ARGX
308.17,308.17,307.71,307.755,500,2021-07-07 14:40:00,ARGX
308.09,308.58,307.98,308.58,1300,2021-07-07 14:45:00,ARGX
308.77,309.2,308.72,309.2,1100,2021-07-07 14:50:00,ARGX
309.68,309.68,309.12,309.12,200,2021-07-07 14:55:00,ARGX
309.45,310.32,309.45,310.32,1300,2021-07-07 15:00:00,ARGX
310.08,310.31,310.03,310.03,600,2021-07-07 15:05:00,ARGX
309.89,310.055,309.89,310.055,300,2021-07-07 15:10:00,ARGX
310.2525,310.26,310.2525,310.2575,500,2021-07-07 15:15:00,ARGX
309.99,310.04,309.99,310.04,200,2021-07-07 15:25:00,ARGX
310.505,310.64,310.02,310.17,11939,2021-07-07 15:30:00,ARGX
310.48,311.0,310.18,310.52,6400,2021-07-07 15:35:00,ARGX
310.545,310.76,310.545,310.74,2718,2021-07-07 15:40:00,ARGX
313.66,313.66,313.66,313.66,100,2021-07-07 16:10:00,ARGX
313.505,313.505,312.89,312.925,300,2021-07-07 16:20:00,ARGX
312.87,312.87,312.87,312.87,100,2021-07-07 16:45:00,ARGX
313.17,313.7608,313.17,313.18,2174,2021-07-07 16:50:00,ARGX
311.85,311.96,311.85,311.935,400,2021-07-07 17:15:00,ARGX
311.76,311.76,311.75,311.75,200,2021-07-07 17:20:00,ARGX
311.25,311.25,310.99,310.99,200,2021-07-07 17:30:00,ARGX
310.45,310.565,310.45,310.565,200,2021-07-07 17:35:00,ARGX
310.41,310.485,310.41,310.485,200,2021-07-07 17:40:00,ARGX
310.165,310.46,310.165,310.46,300,2021-07-07 17:50:00,ARGX
309.82,309.82,309.82,309.82,100,2021-07-07 18:20:00,ARGX
310.42,310.42,310.42,310.42,100,2021-07-07 18:25:00,ARGX
309.87,309.87,309.87,309.87,100,2021-07-07 18:30:00,ARGX
309.91,310.135,309.81,310.135,700,2021-07-07 18:40:00,ARGX
310.5,310.5,310.41,310.41,200,2021-07-07 18:50:00,ARGX
310.52,310.56,310.52,310.56,200,2021-07-07 19:00:00,ARGX
310.55,310.73,310.55,310.56,500,2021-07-07 19:05:00,ARGX
310.44,311.11,310.44,311.11,600,2021-07-07 19:10:00,ARGX
310.925,311.08,310.925,311.08,213,2021-07-07 19:15:00,ARGX
310.67,311.355,310.67,311.355,1000,2021-07-07 19:20:00,ARGX
311.77,312.305,311.77,312.305,300,2021-07-07 19:25:00,ARGX
312.275,312.29,312.275,312.29,300,2021-07-07 19:30:00,ARGX
311.92,312.25,311.805,311.805,1900,2021-07-07 19:35:00,ARGX
311.78,312.265,311.78,311.835,1400,2021-07-07 19:40:00,ARGX
312.27,312.625,312.045,312.55,1600,2021-07-07 19:45:00,ARGX
312.225,312.85,311.74,311.74,1500,2021-07-07 19:50:00,ARGX
312.05,313.5,311.29,312.29,7861,2021-07-07 19:55:00,ARGX
312.34,312.34,312.34,312.34,17180,2021-07-07 20:00:00,ARGX
312.34,312.34,312.34,312.34,2105,2021-07-07 21:10:00,ARGX
309.44,309.44,309.44,309.44,100,2021-07-08 10:55:00,ARGX
306.73,307.47,306.08,307.0,1919,2021-07-08 13:30:00,ARGX
307.49,309.02,307.48,309.02,1000,2021-07-08 13:35:00,ARGX
309.83,310.27,309.76,310.14,1000,2021-07-08 13:40:00,ARGX
309.37,309.37,307.87,308.14,500,2021-07-08 13:45:00,ARGX
308.37,310.63,308.37,310.54,900,2021-07-08 13:50:00,ARGX
310.81,311.0093,310.54,310.995,3100,2021-07-08 13:55:00,ARGX
311.6,313.03,311.58,311.98,2000,2021-07-08 14:00:00,ARGX
312.65,312.78,312.0,312.17,500,2021-07-08 14:05:00,ARGX
312.34,313.27,312.34,312.94,600,2021-07-08 14:10:00,ARGX
312.66,312.66,312.25,312.3,500,2021-07-08 14:15:00,ARGX
312.32,312.32,312.1,312.1,200,2021-07-08 14:20:00,ARGX
312.18,312.18,312.18,312.18,100,2021-07-08 14:25:00,ARGX
312.71,312.71,311.29,311.29,800,2021-07-08 14:30:00,ARGX
311.32,311.32,310.09,310.09,900,2021-07-08 14:35:00,ARGX
311.01,311.01,311.01,311.01,100,2021-07-08 14:40:00,ARGX
310.0,310.0,310.0,310.0,100,2021-07-08 14:45:00,ARGX
309.93,309.93,309.87,309.87,200,2021-07-08 14:50:00,ARGX
309.84,309.84,309.84,309.84,200,2021-07-08 14:55:00,ARGX
308.7,308.7,308.28,308.28,600,2021-07-08 15:00:00,ARGX
308.9,308.9,308.37,308.81,400,2021-07-08 15:05:00,ARGX
308.88,309.13,308.88,309.13,300,2021-07-08 15:10:00,ARGX
308.23,308.23,308.21,308.21,200,2021-07-08 15:15:00,ARGX
308.47,308.47,308.16,308.45,400,2021-07-08 15:20:00,ARGX
308.13,308.13,308.13,308.13,100,2021-07-08 15:25:00,ARGX
307.76,308.17,307.76,308.17,2434,2021-07-08 15:35:00,ARGX
308.88,309.02,308.86,309.01,900,2021-07-08 15:40:00,ARGX
308.62,308.62,307.94,307.94,800,2021-07-08 15:50:00,ARGX
308.41,308.41,307.715,308.19,700,2021-07-08 15:55:00,ARGX
307.785,307.785,307.785,307.785,100,2021-07-08 16:00:00,ARGX
308.66,308.67,308.66,308.67,200,2021-07-08 16:05:00,ARGX
308.08,308.08,308.08,308.08,100,2021-07-08 16:10:00,ARGX
308.69,308.9,308.69,308.9,200,2021-07-08 16:35:00,ARGX
309.41,309.655,309.41,309.46,300,2021-07-08 16:40:00,ARGX
309.685,309.94,309.685,309.72,700,2021-07-08 16:45:00,ARGX
309.685,310.05,309.575,310.05,400,2021-07-08 16:50:00,ARGX
311.04,311.04,311.02,311.02,200,2021-07-08 17:10:00,ARGX
310.99,310.99,309.5,309.7794,1898,2021-07-08 17:15:00,ARGX
309.82,309.82,309.63,309.79,300,2021-07-08 17:20:00,ARGX
310.86,312.38,310.86,311.155,1542,2021-07-08 17:25:00,ARGX
311.7,312.0,310.8,311.3,5972,2021-07-08 17:30:00,ARGX
312.3,312.8,311.9,312.4,5185,2021-07-08 17:35:00,ARGX
312.255,313.0,312.24,312.75,2702,2021-07-08 17:40:00,ARGX
313.215,313.215,313.05,313.05,300,2021-07-08 17:45:00,ARGX
313.0,313.1,313.0,313.07,2279,2021-07-08 17:55:00,ARGX
313.07,313.07,311.82,312.185,2300,2021-07-08 18:00:00,ARGX
312.22,312.22,312.22,312.22,100,2021-07-08 18:05:00,ARGX
312.405,312.405,312.06,312.06,976,2021-07-08 18:10:00,ARGX
312.06,312.5,312.0,312.16,5550,2021-07-08 18:15:00,ARGX
311.15,311.15,311.15,311.15,100,2021-07-08 18:25:00,ARGX
311.195,311.195,310.8,310.9,2290,2021-07-08 18:30:00,ARGX
311.4,311.4,310.78,310.78,5170,2021-07-08 18:35:00,ARGX
310.8,311.0,309.78,309.837,2504,2021-07-08 18:40:00,ARGX
310.1,310.2,309.5,309.5,2700,2021-07-08 18:45:00,ARGX
309.9,309.9,309.56,309.56,1100,2021-07-08 18:50:00,ARGX
309.835,309.85,309.72,309.76,4063,2021-07-08 18:55:00,ARGX
309.93,310.33,309.75,310.33,400,2021-07-08 19:05:00,ARGX
310.69,310.69,310.69,310.69,100,2021-07-08 19:10:00,ARGX
310.04,310.04,310.04,310.04,100,2021-07-08 19:15:00,ARGX
310.345,310.35,310.0,310.1125,600,2021-07-08 19:20:00,ARGX
310.48,311.85,309.97,311.19,1700,2021-07-08 19:25:00,ARGX
311.7,313.55,311.23,312.62,2000,2021-07-08 19:30:00,ARGX
313.31,313.41,312.69,313.005,700,2021-07-08 19:35:00,ARGX
312.87,312.87,312.01,312.19,900,2021-07-08 19:40:00,ARGX
311.93,312.73,311.23,312.73,700,2021-07-08 19:50:00,ARGX
311.71,312.81,311.71,311.89,2000,2021-07-08 19:55:00,ARGX
312.2,312.2,312.2,312.2,1469,2021-07-08 20:00:00,ARGX
307.75,307.75,307.63,307.63,200,2021-07-09 11:10:00,ARGX
303.98,303.98,303.98,303.98,100,2021-07-09 13:25:00,ARGX
303.78,307.02,303.53,307.01,9623,2021-07-09 13:30:00,ARGX
305.98,306.34,304.75,305.525,2300,2021-07-09 13:35:00,ARGX
305.39,306.245,305.35,305.995,1400,2021-07-09 13:40:00,ARGX
305.28,305.57,304.41,305.4,2200,2021-07-09 13:45:00,ARGX
305.94,306.67,305.94,306.67,1900,2021-07-09 13:50:00,ARGX
306.71,306.77,306.01,306.32,1200,2021-07-09 13:55:00,ARGX
306.27,306.27,305.66,305.93,600,2021-07-09 14:00:00,ARGX
306.19,306.25,305.98,306.25,1300,2021-07-09 14:05:00,ARGX
306.25,306.8,306.25,306.455,1000,2021-07-09 14:10:00,ARGX
306.58,306.81,306.5,306.81,400,2021-07-09 14:15:00,ARGX
306.74,307.13,306.615,307.13,500,2021-07-09 14:20:00,ARGX
306.68,306.82,305.92,306.17,5600,2021-07-09 14:25:00,ARGX
305.99,305.99,305.98,305.98,300,2021-07-09 14:30:00,ARGX
306.99,308.0,306.99,308.0,1400,2021-07-09 14:35:00,ARGX
308.34,308.43,308.33,308.43,300,2021-07-09 14:45:00,ARGX
308.64,309.0,308.59,309.0,1100,2021-07-09 14:50:00,ARGX
309.7586,309.81,309.75,309.75,556,2021-07-09 14:55:00,ARGX
309.81,310.115,309.4,309.4,900,2021-07-09 15:00:00,ARGX
310.84,310.84,310.84,310.84,100,2021-07-09 15:10:00,ARGX
311.18,311.46,311.18,311.46,400,2021-07-09 15:15:00,ARGX
311.175,311.33,310.7,311.245,2886,2021-07-09 15:20:00,ARGX
311.03,311.11,310.49,310.75,1000,2021-07-09 15:25:00,ARGX
310.94,311.18,310.94,310.9416,571,2021-07-09 15:30:00,ARGX
310.7381,310.97,310.7381,310.97,450,2021-07-09 15:35:00,ARGX
311.0,311.0,311.0,311.0,100,2021-07-09 15:40:00,ARGX
311.69,311.69,311.69,311.69,100,2021-07-09 15:45:00,ARGX
312.3971,312.86,311.97,312.4,728,2021-07-09 15:50:00,ARGX
312.4021,312.94,312.4021,312.93,750,2021-07-09 15:55:00,ARGX
313.55,313.55,313.03,313.54,300,2021-07-09 16:00:00,ARGX
314.065,314.065,313.14,313.535,3300,2021-07-09 16:05:00,ARGX
312.39,313.0,312.39,313.0,300,2021-07-09 16:15:00,ARGX
313.4,313.77,312.81,313.77,900,2021-07-09 16:20:00,ARGX
314.04,314.04,314.04,314.04,100,2021-07-09 16:25:00,ARGX
314.52,314.52,314.52,314.52,100,2021-07-09 16:30:00,ARGX
314.54,314.69,314.53,314.69,500,2021-07-09 16:35:00,ARGX
314.395,314.395,314.395,314.395,100,2021-07-09 16:45:00,ARGX
313.44,313.44,313.44,313.44,100,2021-07-09 16:50:00,ARGX
313.945,313.945,313.6,313.6,400,2021-07-09 17:20:00,ARGX
313.25,313.25,313.25,313.25,100,2021-07-09 17:25:00,ARGX
313.26,313.26,313.26,313.26,100,2021-07-09 17:30:00,ARGX
313.96,313.96,313.96,313.96,100,2021-07-09 17:35:00,ARGX
314.13,314.13,314.03,314.03,200,2021-07-09 17:45:00,ARGX
313.925,314.2,313.73,314.2,500,2021-07-09 17:50:00,ARGX
314.185,314.185,314.185,314.185,100,2021-07-09 17:55:00,ARGX
314.19,314.19,313.67,313.67,300,2021-07-09 18:00:00,ARGX
313.66,314.08,313.66,314.08,200,2021-07-09 18:05:00,ARGX
314.08,314.4,314.08,314.2675,300,2021-07-09 18:10:00,ARGX
313.99,314.13,313.03,314.13,400,2021-07-09 18:15:00,ARGX
313.855,314.255,313.855,314.255,200,2021-07-09 18:20:00,ARGX
314.265,314.265,313.855,313.855,200,2021-07-09 18:25:00,ARGX
314.175,314.175,314.175,314.175,100,2021-07-09 18:30:00,ARGX
314.0,314.09,314.0,314.08,500,2021-07-09 18:35:00,ARGX
314.28,314.39,314.28,314.39,300,2021-07-09 18:40:00,ARGX
314.31,314.31,313.92,314.12,400,2021-07-09 18:45:00,ARGX
313.965,313.965,313.965,313.965,100,2021-07-09 18:50:00,ARGX
313.97,313.97,313.97,313.97,100,2021-07-09 18:55:00,ARGX
313.705,313.79,313.62,313.79,400,2021-07-09 19:15:00,ARGX
313.69,313.69,313.69,313.69,100,2021-07-09 19:20:00,ARGX
313.51,313.51,313.51,313.51,100,2021-07-09 19:25:00,ARGX
313.15,313.15,313.15,313.15,100,2021-07-09 19:30:00,ARGX
313.67,313.68,313.44,313.45,400,2021-07-09 19:35:00,ARGX
313.91,313.91,313.91,313.91,100,2021-07-09 19:40:00,ARGX
313.655,313.92,313.44,313.44,400,2021-07-09 19:45:00,ARGX
313.86,314.28,313.435,313.545,3000,2021-07-09 19:50:00,ARGX
313.57,313.81,312.3501,313.14,9820,2021-07-09 19:55:00,ARGX
313.07,313.07,313.07,313.07,9497,2021-07-09 20:00:00,ARGX
311.0,311.0,311.0,311.0,300,2021-07-09 23:25:00,ARGX
315.6,315.6,315.6,315.6,100,2021-07-12 10:00:00,ARGX
316.3,316.3,316.3,316.3,100,2021-07-12 10:50:00,ARGX
316.19,316.55,315.89,316.32,2947,2021-07-12 13:30:00,ARGX
316.36,316.56,314.71,314.71,700,2021-07-12 13:35:00,ARGX
314.55,314.84,314.465,314.84,900,2021-07-12 13:40:00,ARGX
314.4,314.45,312.51,312.51,2100,2021-07-12 13:45:00,ARGX
311.44,311.96,311.08,311.19,800,2021-07-12 13:50:00,ARGX
311.18,311.87,311.18,311.82,900,2021-07-12 13:55:00,ARGX
309.75,310.6199,309.75,310.03,1100,2021-07-12 14:00:00,ARGX
309.7,309.86,308.62,309.86,1600,2021-07-12 14:05:00,ARGX
309.61,310.73,309.61,310.73,200,2021-07-12 14:10:00,ARGX
310.02,310.02,310.02,310.02,100,2021-07-12 14:15:00,ARGX
310.36,310.95,310.36,310.95,500,2021-07-12 14:20:00,ARGX
311.05,311.35,311.05,311.35,400,2021-07-12 14:25:00,ARGX
311.27,311.335,311.27,311.335,200,2021-07-12 14:30:00,ARGX
311.48,311.52,310.82,310.82,600,2021-07-12 14:35:00,ARGX
310.79,310.79,310.12,310.1274,830,2021-07-12 14:40:00,ARGX
310.1168,310.4517,309.95,310.33,1166,2021-07-12 14:45:00,ARGX
311.44,311.7,311.44,311.7,400,2021-07-12 15:00:00,ARGX
311.82,312.09,311.82,311.86,600,2021-07-12 15:05:00,ARGX
312.34,312.34,311.55,311.97,1400,2021-07-12 15:10:00,ARGX
312.05,312.19,311.97,311.98,700,2021-07-12 15:15:00,ARGX
311.82,311.82,311.49,311.81,700,2021-07-12 15:20:00,ARGX
311.825,312.14,311.825,312.14,300,2021-07-12 15:25:00,ARGX
312.44,312.44,312.14,312.32,1127,2021-07-12 15:30:00,ARGX
312.04,312.17,311.91,311.97,1252,2021-07-12 15:35:00,ARGX
313.49,313.5,313.49,313.5,200,2021-07-12 15:50:00,ARGX
313.06,313.27,313.06,313.27,200,2021-07-12 16:10:00,ARGX
313.2,313.48,313.145,313.48,400,2021-07-12 16:15:00,ARGX
314.38,314.4,314.37,314.4,300,2021-07-12 16:20:00,ARGX
313.035,313.035,313.035,313.035,100,2021-07-12 17:10:00,ARGX
312.415,312.415,312.415,312.415,100,2021-07-12 17:15:00,ARGX
312.29,312.68,312.19,312.44,6668,2021-07-12 17:40:00,ARGX
312.4,312.7,312.05,312.05,3137,2021-07-12 17:45:00,ARGX
312.3,312.76,312.18,312.61,1800,2021-07-12 17:50:00,ARGX
312.72,312.72,312.72,312.72,100,2021-07-12 17:55:00,ARGX
311.87,311.87,311.845,311.845,200,2021-07-12 18:10:00,ARGX
311.96,311.96,311.81,311.81,200,2021-07-12 18:20:00,ARGX
312.04,312.04,312.04,312.04,200,2021-07-12 18:50:00,ARGX
310.84,312.36,310.84,311.605,1200,2021-07-12 18:55:00,ARGX
312.23,312.29,311.82,311.82,300,2021-07-12 19:00:00,ARGX
312.03,312.03,312.03,312.03,200,2021-07-12 19:05:00,ARGX
311.2,312.39,311.2,311.51,1000,2021-07-12 19:15:00,ARGX
311.93,311.96,311.93,311.96,200,2021-07-12 19:25:00,ARGX
312.31,312.4,311.65,311.65,1400,2021-07-12 19:30:00,ARGX
311.65,311.65,311.23,311.23,200,2021-07-12 19:35:00,ARGX
311.575,311.575,311.575,311.575,100,2021-07-12 19:40:00,ARGX
311.18,311.18,310.33,310.34,800,2021-07-12 19:45:00,ARGX
309.61,310.19,309.05,309.94,800,2021-07-12 19:50:00,ARGX
310.16,310.43,309.91,309.91,2762,2021-07-12 19:55:00,ARGX
309.85,309.85,309.85,309.85,2131,2021-07-12 20:00:00,ARGX
309.85,309.85,309.85,309.85,764,2021-07-12 20:05:00,ARGX
308.74,308.74,308.74,308.74,100,2021-07-13 11:05:00,ARGX
303.33,305.5,303.33,305.44,6257,2021-07-13 13:30:00,ARGX
305.33,305.475,303.5,303.5,700,2021-07-13 13:35:00,ARGX
303.3,303.51,303.27,303.51,400,2021-07-13 13:40:00,ARGX
303.21,305.0,303.21,304.28,3500,2021-07-13 13:45:00,ARGX
305.21,305.21,304.57,304.57,1100,2021-07-13 13:50:00,ARGX
304.99,305.42,304.57,304.57,1000,2021-07-13 13:55:00,ARGX
305.37,305.6,305.31,305.37,983,2021-07-13 14:00:00,ARGX
305.79,305.9,305.79,305.9,400,2021-07-13 14:05:00,ARGX
306.61,306.61,306.61,306.61,100,2021-07-13 14:10:00,ARGX
307.235,307.235,307.235,307.235,100,2021-07-13 14:15:00,ARGX
307.16,307.25,307.07,307.25,500,2021-07-13 14:20:00,ARGX
307.57,307.57,307.57,307.57,100,2021-07-13 14:25:00,ARGX
307.58,307.58,307.45,307.45,300,2021-07-13 14:30:00,ARGX
307.61,307.61,307.61,307.61,200,2021-07-13 14:35:00,ARGX
307.45,307.49,306.93,306.93,400,2021-07-13 14:40:00,ARGX
307.67,308.1,307.67,308.1,300,2021-07-13 14:45:00,ARGX
306.75,306.75,306.75,306.75,100,2021-07-13 15:05:00,ARGX
306.6,306.89,306.0,306.89,626,2021-07-13 15:10:00,ARGX
307.38,307.38,306.44,306.44,1300,2021-07-13 15:15:00,ARGX
306.86,307.37,306.86,307.37,400,2021-07-13 15:20:00,ARGX
307.79,308.22,307.76,308.22,600,2021-07-13 15:25:00,ARGX
308.55,308.66,308.55,308.66,300,2021-07-13 15:30:00,ARGX
308.33,308.33,308.33,308.33,100,2021-07-13 15:35:00,ARGX
307.24,307.24,307.23,307.23,200,2021-07-13 16:00:00,ARGX
307.28,307.28,306.905,306.905,200,2021-07-13 16:20:00,ARGX
307.83,307.83,307.83,307.83,100,2021-07-13 16:25:00,ARGX
308.15,308.15,308.15,308.15,100,2021-07-13 16:30:00,ARGX
308.235,308.235,307.91,307.91,200,2021-07-13 16:50:00,ARGX
307.12,307.12,306.7,306.7,200,2021-07-13 17:25:00,ARGX
305.88,305.88,305.51,305.51,21724,2021-07-13 17:35:00,ARGX
305.875,305.875,305.875,305.875,100,2021-07-13 17:40:00,ARGX
306.71,306.86,306.71,306.86,300,2021-07-13 17:45:00,ARGX
307.8,307.93,307.8,307.93,200,2021-07-13 17:55:00,ARGX
307.19,307.19,306.54,306.54,700,2021-07-13 18:00:00,ARGX
306.78,306.86,306.78,306.86,300,2021-07-13 18:10:00,ARGX
307.04,307.5,307.04,307.5,200,2021-07-13 18:20:00,ARGX
308.39,308.39,308.39,308.39,100,2021-07-13 18:55:00,ARGX
307.98,307.98,307.98,307.98,100,2021-07-13 19:00:00,ARGX
308.0,308.01,308.0,308.01,200,2021-07-13 19:10:00,ARGX
307.35,307.64,307.01,307.35,1500,2021-07-13 19:30:00,ARGX
307.62,307.64,307.62,307.64,200,2021-07-13 19:35:00,ARGX
308.47,308.47,308.09,308.09,200,2021-07-13 19:40:00,ARGX
308.0,308.0,307.54,307.54,800,2021-07-13 19:45:00,ARGX
307.79,308.13,307.79,308.12,400,2021-07-13 19:50:00,ARGX
307.79,308.1,307.17,307.35,1817,2021-07-13 19:55:00,ARGX
307.82,307.82,307.82,307.82,5887,2021-07-13 20:00:00,ARGX
307.35,307.35,307.35,307.35,100,2021-07-13 20:05:00,ARGX
308.4,308.4,307.38,307.58,2759,2021-07-14 13:30:00,ARGX
307.38,307.38,306.7,306.7,1400,2021-07-14 13:35:00,ARGX
306.41,307.15,306.41,306.965,3100,2021-07-14 13:40:00,ARGX
307.125,307.125,306.4,306.4,700,2021-07-14 13:45:00,ARGX
306.9,307.06,306.46,306.8,1800,2021-07-14 13:50:00,ARGX
306.91,307.165,306.21,306.9,1600,2021-07-14 13:55:00,ARGX
306.33,306.37,306.24,306.24,400,2021-07-14 14:00:00,ARGX
306.795,307.145,306.795,306.93,3100,2021-07-14 14:05:00,ARGX
307.1,307.11,306.575,306.575,900,2021-07-14 14:10:00,ARGX
306.78,306.81,306.09,306.09,800,2021-07-14 14:15:00,ARGX
305.87,306.225,305.87,306.225,300,2021-07-14 14:20:00,ARGX
305.28,305.54,305.28,305.54,300,2021-07-14 14:25:00,ARGX
305.535,305.9,305.41,305.9,500,2021-07-14 14:30:00,ARGX
305.81,306.29,305.81,305.97,1000,2021-07-14 14:35:00,ARGX
306.115,306.115,306.05,306.05,500,2021-07-14 14:40:00,ARGX
306.04,306.48,305.84,306.48,600,2021-07-14 14:45:00,ARGX
306.29,306.45,306.29,306.45,300,2021-07-14 14:50:00,ARGX
306.17,306.27,306.17,306.2681,640,2021-07-14 14:55:00,ARGX
306.295,306.5,306.2,306.33,900,2021-07-14 15:00:00,ARGX
306.18,306.27,306.18,306.27,500,2021-07-14 15:05:00,ARGX
306.175,306.2685,305.965,306.2685,3700,2021-07-14 15:10:00,ARGX
306.18,306.44,306.18,306.44,300,2021-07-14 15:15:00,ARGX
306.55,306.55,306.55,306.55,100,2021-07-14 15:30:00,ARGX
306.66,306.66,306.5,306.5,775,2021-07-14 15:35:00,ARGX
306.09,306.23,306.09,306.23,200,2021-07-14 15:40:00,ARGX
306.19,306.19,306.19,306.19,100,2021-07-14 15:50:00,ARGX
305.88,305.88,305.88,305.88,100,2021-07-14 15:55:00,ARGX
305.98,305.98,305.98,305.98,100,2021-07-14 16:05:00,ARGX
306.29,306.29,306.29,306.29,100,2021-07-14 16:45:00,ARGX
306.3,306.48,306.3,306.48,300,2021-07-14 17:05:00,ARGX
306.14,306.7,306.06,306.06,400,2021-07-14 17:10:00,ARGX
306.63,306.9,306.63,306.9,200,2021-07-14 17:20:00,ARGX
306.9,306.96,306.9,306.96,200,2021-07-14 17:35:00,ARGX
307.085,307.085,307.085,307.085,100,2021-07-14 17:45:00,ARGX
307.095,307.095,306.1,306.53,3800,2021-07-14 17:50:00,ARGX
306.3,306.34,306.3,306.34,205,2021-07-14 17:55:00,ARGX
306.72,306.72,306.72,306.72,100,2021-07-14 18:15:00,ARGX
306.72,306.72,306.72,306.72,100,2021-07-14 18:20:00,ARGX
306.135,306.135,306.135,306.135,100,2021-07-14 18:25:00,ARGX
306.11,306.11,306.11,306.11,100,2021-07-14 18:30:00,ARGX
306.37,306.37,306.36,306.36,200,2021-07-14 18:35:00,ARGX
306.005,306.005,306.005,306.005,100,2021-07-14 18:40:00,ARGX
306.945,307.205,306.31,306.31,1615,2021-07-14 18:45:00,ARGX
306.95,306.995,306.925,306.995,1100,2021-07-14 18:50:00,ARGX
306.475,306.475,306.475,306.475,100,2021-07-14 18:55:00,ARGX
306.52,306.6,306.52,306.6,300,2021-07-14 19:00:00,ARGX
306.53,307.61,306.53,307.12,1600,2021-07-14 19:10:00,ARGX
307.0,307.02,306.44,307.02,400,2021-07-14 19:15:00,ARGX
306.79,306.79,306.05,306.69,1300,2021-07-14 19:20:00,ARGX
306.275,306.275,306.075,306.165,1200,2021-07-14 19:25:00,ARGX
306.15,306.93,306.135,306.805,2100,2021-07-14 19:30:00,ARGX
306.63,306.7075,306.51,306.58,700,2021-07-14 19:35:00,ARGX
306.715,306.715,305.98,306.4375,9775,2021-07-14 19:40:00,ARGX
306.455,306.54,306.13,306.46,3720,2021-07-14 19:45:00,ARGX
306.3,306.9,306.05,306.05,6180,2021-07-14 19:50:00,ARGX
306.31,307.44,305.89,307.37,16814,2021-07-14 19:55:00,ARGX
307.29,307.29,307.29,307.29,2963,2021-07-14 20:00:00,ARGX
302.37,302.97,301.91,302.07,3058,2021-07-15 13:30:00,ARGX
301.67,301.67,300.0,300.0,800,2021-07-15 13:35:00,ARGX
300.0,300.34,298.81,299.515,12400,2021-07-15 13:40:00,ARGX
300.1,301.295,299.81,301.295,4200,2021-07-15 13:45:00,ARGX
300.98,301.855,300.98,301.855,400,2021-07-15 13:50:00,ARGX
303.1,303.1,302.915,303.05,400,2021-07-15 13:55:00,ARGX
302.845,302.97,302.165,302.33,1400,2021-07-15 14:00:00,ARGX
301.67,301.85,301.49,301.515,1017,2021-07-15 14:05:00,ARGX
301.965,301.965,301.965,301.965,100,2021-07-15 14:10:00,ARGX
301.97,302.22,301.97,302.17,600,2021-07-15 14:15:00,ARGX
301.815,301.855,301.815,301.855,300,2021-07-15 14:20:00,ARGX
301.555,301.81,300.8,300.8,700,2021-07-15 14:25:00,ARGX
300.79,301.355,300.54,301.32,1000,2021-07-15 14:30:00,ARGX
301.3,301.3,300.805,300.805,500,2021-07-15 14:35:00,ARGX
300.715,300.715,300.18,300.18,200,2021-07-15 14:40:00,ARGX
299.605,299.7,299.59,299.7,300,2021-07-15 14:45:00,ARGX
299.77,300.275,299.77,299.77,1200,2021-07-15 14:50:00,ARGX
299.86,299.86,299.86,299.86,100,2021-07-15 14:55:00,ARGX
299.925,300.06,299.46,299.52,1200,2021-07-15 15:00:00,ARGX
299.55,299.9,299.385,299.9,800,2021-07-15 15:05:00,ARGX
300.015,300.92,299.93,300.855,600,2021-07-15 15:10:00,ARGX
301.55,301.55,301.55,301.55,100,2021-07-15 15:15:00,ARGX
301.57,301.815,301.55,301.815,400,2021-07-15 15:20:00,ARGX
301.51,301.535,301.51,301.535,200,2021-07-15 15:25:00,ARGX
301.975,302.18,301.86,301.86,1000,2021-07-15 15:30:00,ARGX
301.85,302.27,301.38,302.27,1037,2021-07-15 15:35:00,ARGX
302.52,302.52,302.52,302.52,100,2021-07-15 15:40:00,ARGX
303.2,303.2,303.2,303.2,100,2021-07-15 15:50:00,ARGX
304.8,304.8,304.8,304.8,100,2021-07-15 15:55:00,ARGX
303.285,303.285,301.77,301.77,200,2021-07-15 16:00:00,ARGX
304.5,304.5,304.5,304.5,100,2021-07-15 16:05:00,ARGX
304.5,304.5,304.5,304.5,100,2021-07-15 16:15:00,ARGX
304.49,304.49,304.49,304.49,100,2021-07-15 16:20:00,ARGX
304.49,304.49,304.49,304.49,100,2021-07-15 16:30:00,ARGX
304.49,304.98,304.12,304.98,400,2021-07-15 16:35:00,ARGX
305.0,305.0,303.24,303.24,300,2021-07-15 16:40:00,ARGX
304.98,304.98,304.98,304.98,100,2021-07-15 16:45:00,ARGX
304.9,304.9,304.9,304.9,100,2021-07-15 16:55:00,ARGX
304.9,304.9,303.0,303.0,200,2021-07-15 17:00:00,ARGX
304.53,304.53,304.53,304.53,100,2021-07-15 17:10:00,ARGX
304.53,304.53,304.53,304.53,100,2021-07-15 17:15:00,ARGX
304.46,304.46,304.46,304.46,100,2021-07-15 17:25:00,ARGX
302.95,304.32,302.13,302.13,600,2021-07-15 17:30:00,ARGX
303.73,303.73,303.73,303.73,100,2021-07-15 17:45:00,ARGX
303.33,303.33,300.71,300.71,1400,2021-07-15 17:50:00,ARGX
299.57,300.21,299.4,299.4,400,2021-07-15 17:55:00,ARGX
300.27,301.53,300.27,301.39,1100,2021-07-15 18:00:00,ARGX
301.17,301.22,300.58,300.58,758,2021-07-15 18:05:00,ARGX
300.24,300.24,300.24,300.24,100,2021-07-15 18:10:00,ARGX
300.81,300.81,300.81,300.81,100,2021-07-15 18:15:00,ARGX
300.19,300.19,300.19,300.19,100,2021-07-15 18:20:00,ARGX
300.25,300.25,299.96,299.96,200,2021-07-15 18:25:00,ARGX
301.38,301.38,299.92,299.92,400,2021-07-15 18:30:00,ARGX
300.395,301.12,300.395,301.12,200,2021-07-15 18:35:00,ARGX
300.335,300.335,299.17,299.17,300,2021-07-15 18:40:00,ARGX
299.13,299.13,299.13,299.13,100,2021-07-15 18:45:00,ARGX
299.5,300.659,299.5,299.91,3000,2021-07-15 18:50:00,ARGX
299.74,299.98,299.485,299.485,300,2021-07-15 18:55:00,ARGX
299.91,300.13,299.91,300.13,200,2021-07-15 19:00:00,ARGX
300.14,300.79,299.9,300.305,706,2021-07-15 19:05:00,ARGX
300.5,300.5,299.18,299.83,905,2021-07-15 19:10:00,ARGX
299.81,299.81,299.5,299.57,400,2021-07-15 19:15:00,ARGX
299.81,299.81,299.19,299.285,496,2021-07-15 19:20:00,ARGX
299.81,299.81,298.96,299.315,700,2021-07-15 19:25:00,ARGX
299.86,299.86,299.86,299.86,100,2021-07-15 19:30:00,ARGX
300.3,302.45,299.77,300.87,3900,2021-07-15 19:35:00,ARGX
300.58,301.3,300.52,301.155,1100,2021-07-15 19:40:00,ARGX
300.75,301.53,300.75,300.84,1700,2021-07-15 19:45:00,ARGX
301.17,301.2,300.11,300.86,3100,2021-07-15 19:50:00,ARGX
300.7,301.22,299.89,301.22,6484,2021-07-15 19:55:00,ARGX
300.43,300.43,300.43,300.43,3711,2021-07-15 20:00:00,ARGX
300.43,300.43,300.43,300.43,4965,2021-07-15 21:00:00,ARGX
301.39,301.39,301.39,301.39,100,2021-07-16 11:10:00,ARGX
300.37,300.96,300.2,300.62,1941,2021-07-16 13:30:00,ARGX
301.41,301.41,299.98,300.67,3600,2021-07-16 13:35:00,ARGX
300.005,301.04,299.73,300.82,4300,2021-07-16 13:40:00,ARGX
300.3,301.1,300.26,300.87,2400,2021-07-16 13:45:00,ARGX
300.65,300.65,300.48,300.48,300,2021-07-16 13:50:00,ARGX
300.52,300.81,300.52,300.81,600,2021-07-16 13:55:00,ARGX
302.09,302.09,302.09,302.09,100,2021-07-16 14:00:00,ARGX
302.47,302.6,302.17,302.52,1400,2021-07-16 14:05:00,ARGX
302.37,302.55,302.01,302.19,1600,2021-07-16 14:10:00,ARGX
302.35,302.73,302.32,302.73,500,2021-07-16 14:15:00,ARGX
302.68,302.74,302.05,302.05,800,2021-07-16 14:20:00,ARGX
301.71,302.03,301.43,301.43,600,2021-07-16 14:25:00,ARGX
301.04,302.59,301.04,302.44,2200,2021-07-16 14:30:00,ARGX
302.405,302.79,302.405,302.79,700,2021-07-16 14:35:00,ARGX
303.86,304.5234,303.86,304.32,1400,2021-07-16 14:40:00,ARGX
303.96,304.155,303.88,304.155,600,2021-07-16 14:45:00,ARGX
304.52,304.73,304.455,304.54,1300,2021-07-16 14:50:00,ARGX
304.57,304.7,304.31,304.575,2100,2021-07-16 14:55:00,ARGX
304.83,306.3194,304.815,306.275,8805,2021-07-16 15:00:00,ARGX
306.255,306.82,305.94,305.94,8232,2021-07-16 15:05:00,ARGX
305.325,305.36,304.76,305.145,800,2021-07-16 15:10:00,ARGX
304.97,305.24,304.97,305.24,600,2021-07-16 15:15:00,ARGX
305.46,306.36,305.435,306.155,2600,2021-07-16 15:20:00,ARGX
306.34,306.96,305.8006,306.01,4400,2021-07-16 15:25:00,ARGX
306.155,306.38,306.155,306.38,2700,2021-07-16 15:30:00,ARGX
306.24,307.15,306.12,307.15,1200,2021-07-16 15:35:00,ARGX
306.87,308.03,306.67,307.405,1200,2021-07-16 15:40:00,ARGX
307.94,308.815,307.94,308.725,600,2021-07-16 15:45:00,ARGX
309.04,309.04,307.34,307.34,1105,2021-07-16 15:50:00,ARGX
307.76,307.76,307.76,307.76,100,2021-07-16 15:55:00,ARGX
307.64,307.64,306.595,306.595,300,2021-07-16 16:00:00,ARGX
306.51,307.94,306.51,307.94,996,2021-07-16 16:05:00,ARGX
307.9,308.82,307.9,308.685,457,2021-07-16 16:10:00,ARGX
309.225,309.225,309.225,309.225,100,2021-07-16 16:15:00,ARGX
309.305,310.285,309.305,309.745,1800,2021-07-16 16:20:00,ARGX
309.58,309.995,308.465,308.465,1100,2021-07-16 16:25:00,ARGX
309.0,309.83,309.0,309.41,700,2021-07-16 16:35:00,ARGX
309.3,309.3,308.84,308.84,400,2021-07-16 16:45:00,ARGX
309.3,309.3,309.3,309.3,100,2021-07-16 16:55:00,ARGX
308.605,308.87,308.605,308.87,500,2021-07-16 17:05:00,ARGX
308.76,308.76,308.76,308.76,100,2021-07-16 17:20:00,ARGX
308.795,309.24,308.355,309.22,1901,2021-07-16 17:25:00,ARGX
309.22,309.42,308.9,309.42,2800,2021-07-16 17:30:00,ARGX
309.465,309.925,309.3575,309.455,2589,2021-07-16 17:35:00,ARGX
309.35,309.415,309.12,309.12,800,2021-07-16 17:40:00,ARGX
309.185,309.185,309.185,309.185,100,2021-07-16 17:45:00,ARGX
308.64,309.03,308.61,309.0,1700,2021-07-16 18:00:00,ARGX
309.0,309.245,309.0,309.0,1000,2021-07-16 18:05:00,ARGX
309.32,309.75,309.23,309.4,2000,2021-07-16 18:15:00,ARGX
309.4,309.4,309.4,309.4,200,2021-07-16 18:25:00,ARGX
309.475,309.475,309.475,309.475,100,2021-07-16 18:30:00,ARGX
308.91,309.4,308.89,309.4,500,2021-07-16 18:35:00,ARGX
309.17,309.17,309.17,309.17,100,2021-07-16 18:40:00,ARGX
309.4,309.4,309.28,309.4,400,2021-07-16 18:45:00,ARGX
309.4,309.4,308.99,309.05,900,2021-07-16 18:50:00,ARGX
309.23,309.24,308.81,308.815,1000,2021-07-16 18:55:00,ARGX
308.775,309.26,308.695,309.11,1801,2021-07-16 19:00:00,ARGX
309.015,309.25,309.015,309.19,600,2021-07-16 19:05:00,ARGX
309.065,309.235,309.065,309.235,700,2021-07-16 19:10:00,ARGX
309.0,309.39,308.94,309.39,1600,2021-07-16 19:15:00,ARGX
309.31,309.5,309.11,309.31,700,2021-07-16 19:20:00,ARGX
309.31,309.31,309.22,309.22,200,2021-07-16 19:25:00,ARGX
309.2875,309.5,309.03,309.355,1800,2021-07-16 19:30:00,ARGX
309.335,309.89,308.93,309.56,3800,2021-07-16 19:35:00,ARGX
309.5,309.67,309.005,309.35,10909,2021-07-16 19:40:00,ARGX
308.95,309.235,308.865,308.865,700,2021-07-16 19:45:00,ARGX
309.02,309.355,308.48,309.35,1409,2021-07-16 19:50:00,ARGX
309.82,309.98,309.19,309.93,4902,2021-07-16 19:55:00,ARGX
309.4,309.4,309.4,309.4,3089,2021-07-16 20:00:00,ARGX
306.64,306.65,306.64,306.65,400,2021-07-19 10:45:00,ARGX
306.58,306.58,306.58,306.58,100,2021-07-19 10:50:00,ARGX
306.58,306.83,305.87,306.83,4372,2021-07-19 13:30:00,ARGX
307.93,308.2,307.93,308.2,300,2021-07-19 13:35:00,ARGX
307.8,309.91,307.8,309.91,2400,2021-07-19 13:40:00,ARGX
310.1,311.515,310.1,311.515,1955,2021-07-19 13:45:00,ARGX
311.85,311.85,311.85,311.85,300,2021-07-19 13:50:00,ARGX
311.15,311.74,311.15,311.74,400,2021-07-19 13:55:00,ARGX
312.05,312.05,311.22,311.22,700,2021-07-19 14:00:00,ARGX
311.47,311.57,311.005,311.005,5958,2021-07-19 14:05:00,ARGX
310.24,310.54,310.1,310.54,900,2021-07-19 14:10:00,ARGX
310.9,311.575,310.9,311.25,2868,2021-07-19 14:15:00,ARGX
311.64,311.72,310.93,311.04,710,2021-07-19 14:20:00,ARGX
310.95,311.43,310.69,311.31,980,2021-07-19 14:25:00,ARGX
310.5,310.5,310.185,310.37,400,2021-07-19 14:30:00,ARGX
309.84,309.94,309.33,309.8,2500,2021-07-19 14:35:00,ARGX
310.19,311.07,310.19,311.07,903,2021-07-19 14:40:00,ARGX
311.09,311.1,311.09,311.1,400,2021-07-19 14:45:00,ARGX
310.25,311.5825,310.25,311.02,2900,2021-07-19 14:55:00,ARGX
311.02,312.665,310.58,312.62,10127,2021-07-19 15:00:00,ARGX
312.965,313.29,312.75,313.13,1600,2021-07-19 15:05:00,ARGX
312.97,313.03,312.895,312.895,600,2021-07-19 15:10:00,ARGX
312.6949,312.89,312.6949,312.705,1690,2021-07-19 15:15:00,ARGX
312.56,312.585,312.29,312.29,600,2021-07-19 15:20:00,ARGX
312.55,312.8,312.36,312.36,1500,2021-07-19 15:25:00,ARGX
312.23,312.23,312.15,312.15,200,2021-07-19 15:30:00,ARGX
312.11,312.375,311.97,312.375,2144,2021-07-19 15:35:00,ARGX
313.49,313.49,313.49,313.49,100,2021-07-19 15:40:00,ARGX
313.49,313.9349,313.49,313.86,1600,2021-07-19 15:45:00,ARGX
314.21,314.44,314.03,314.325,2215,2021-07-19 15:50:00,ARGX
313.99,313.99,313.99,313.99,100,2021-07-19 15:55:00,ARGX
313.3,313.3,313.3,313.3,100,2021-07-19 16:05:00,ARGX
311.75,311.75,311.75,311.75,170,2021-07-19 16:10:00,ARGX
311.98,311.98,311.98,311.98,100,2021-07-19 16:15:00,ARGX
312.54,312.54,312.54,312.54,100,2021-07-19 16:25:00,ARGX
311.845,311.845,311.44,311.445,1200,2021-07-19 16:30:00,ARGX
311.09,311.09,310.95,310.95,300,2021-07-19 16:40:00,ARGX
310.88,311.015,310.88,311.015,400,2021-07-19 16:45:00,ARGX
310.705,310.705,309.63,310.25,400,2021-07-19 16:50:00,ARGX
310.08,310.23,310.08,310.23,200,2021-07-19 17:05:00,ARGX
310.02,310.71,310.02,310.48,2100,2021-07-19 17:40:00,ARGX
310.42,310.42,310.35,310.35,222,2021-07-19 17:45:00,ARGX
309.56,309.895,309.56,309.895,200,2021-07-19 17:55:00,ARGX
309.93,311.395,309.93,311.395,2810,2021-07-19 18:00:00,ARGX
311.4,311.4,311.145,311.145,300,2021-07-19 18:05:00,ARGX
310.72,311.325,310.72,311.285,300,2021-07-19 18:10:00,ARGX
311.73,313.485,311.64,313.4,7100,2021-07-19 18:20:00,ARGX
313.19,314.46,312.66,312.66,4192,2021-07-19 18:25:00,ARGX
312.81,312.9794,312.325,312.775,1420,2021-07-19 18:30:00,ARGX
313.175,313.175,313.175,313.175,100,2021-07-19 18:35:00,ARGX
313.175,313.325,312.38,312.38,322,2021-07-19 18:40:00,ARGX
312.925,312.925,312.925,312.925,100,2021-07-19 18:45:00,ARGX
311.94,312.105,311.73,312.095,933,2021-07-19 18:50:00,ARGX
312.38,313.255,312.38,312.685,2700,2021-07-19 18:55:00,ARGX
313.12,314.16,313.0,313.34,1900,2021-07-19 19:10:00,ARGX
313.75,313.75,313.3,313.53,800,2021-07-19 19:15:00,ARGX
312.85,313.61,312.85,313.099,700,2021-07-19 19:20:00,ARGX
313.37,313.98,313.37,313.98,800,2021-07-19 19:25:00,ARGX
313.84,313.84,312.39,312.39,600,2021-07-19 19:30:00,ARGX
313.13,313.55,313.13,313.24,500,2021-07-19 19:35:00,ARGX
313.14,313.48,312.59,313.1,3480,2021-07-19 19:40:00,ARGX
313.035,313.035,312.53,312.7006,570,2021-07-19 19:45:00,ARGX
312.505,313.01,312.34,313.01,1214,2021-07-19 19:50:00,ARGX
312.56,313.57,312.56,313.57,1800,2021-07-19 19:55:00,ARGX
313.18,313.18,313.18,313.18,1950,2021-07-19 20:00:00,ARGX
306.69,306.69,306.69,306.69,100,2021-07-20 11:25:00,ARGX
305.7,305.7,305.7,305.7,100,2021-07-20 11:35:00,ARGX
303.29,303.29,303.29,303.29,100,2021-07-20 12:35:00,ARGX
303.76,304.74,303.76,304.74,1200,2021-07-20 12:40:00,ARGX
305.45,305.5,305.45,305.5,500,2021-07-20 13:05:00,ARGX
306.81,309.34,306.81,309.06,1117,2021-07-20 13:25:00,ARGX
309.08,309.88,308.03,309.28,10082,2021-07-20 13:30:00,ARGX
309.345,310.2,309.13,309.59,3966,2021-07-20 13:35:00,ARGX
310.27,310.37,308.59,308.71,2100,2021-07-20 13:40:00,ARGX
307.82,307.94,307.0,307.0,1705,2021-07-20 13:45:00,ARGX
307.0,307.46,306.77,306.77,1100,2021-07-20 13:50:00,ARGX
306.89,306.975,306.56,306.63,600,2021-07-20 13:55:00,ARGX
306.48,306.48,305.36,305.36,1500,2021-07-20 14:00:00,ARGX
305.8,306.45,305.45,305.785,6100,2021-07-20 14:05:00,ARGX
306.19,306.49,305.9,306.12,7200,2021-07-20 14:10:00,ARGX
306.27,306.71,306.235,306.63,3134,2021-07-20 14:15:00,ARGX
306.25,306.25,305.26,305.26,1500,2021-07-20 14:20:00,ARGX
304.98,305.57,304.82,305.19,15073,2021-07-20 14:25:00,ARGX
305.07,305.49,305.0,305.41,600,2021-07-20 14:30:00,ARGX
305.06,305.41,305.0,305.39,5400,2021-07-20 14:35:00,ARGX
305.15,305.96,305.0,305.96,5900,2021-07-20 14:40:00,ARGX
306.32,306.5,306.07,306.5,300,2021-07-20 14:45:00,ARGX
306.66,306.66,306.36,306.44,790,2021-07-20 14:50:00,ARGX
305.88,306.53,305.88,306.53,200,2021-07-20 14:55:00,ARGX
305.82,305.82,305.22,305.22,300,2021-07-20 15:00:00,ARGX
305.0,305.48,305.0,305.48,417,2021-07-20 15:05:00,ARGX
305.52,306.25,305.51,306.25,701,2021-07-20 15:10:00,ARGX
306.33,306.84,306.16,306.66,914,2021-07-20 15:15:00,ARGX
306.47,306.47,306.47,306.47,100,2021-07-20 15:20:00,ARGX
306.71,307.26,306.71,307.26,800,2021-07-20 15:25:00,ARGX
306.84,306.84,306.84,306.84,100,2021-07-20 15:30:00,ARGX
306.71,306.98,306.71,306.98,200,2021-07-20 15:35:00,ARGX
308.0,308.37,307.865,308.37,400,2021-07-20 15:40:00,ARGX
307.865,308.5,307.865,308.5,500,2021-07-20 15:50:00,ARGX
308.535,309.44,308.535,309.44,200,2021-07-20 16:00:00,ARGX
309.1,310.03,309.1,310.03,500,2021-07-20 16:05:00,ARGX
308.75,309.74,307.66,307.87,8382,2021-07-20 16:10:00,ARGX
308.0,308.34,308.0,308.34,1079,2021-07-20 16:15:00,ARGX
307.81,308.32,307.81,308.2,300,2021-07-20 16:20:00,ARGX
307.69,308.0494,307.69,307.815,900,2021-07-20 16:30:00,ARGX
308.29,308.29,308.29,308.29,100,2021-07-20 16:35:00,ARGX
307.62,307.62,306.9,307.61,1100,2021-07-20 16:40:00,ARGX
307.62,307.87,307.62,307.87,900,2021-07-20 16:45:00,ARGX
307.33,307.43,306.37,306.37,800,2021-07-20 16:50:00,ARGX
305.91,306.21,305.59,306.21,700,2021-07-20 16:55:00,ARGX
306.09,306.09,305.49,305.49,300,2021-07-20 17:00:00,ARGX
305.48,307.22,304.91,304.95,10125,2021-07-20 17:05:00,ARGX
304.48,305.555,304.43,305.555,1000,2021-07-20 17:10:00,ARGX
305.47,305.47,305.47,305.47,100,2021-07-20 17:15:00,ARGX
305.425,305.425,305.425,305.425,100,2021-07-20 17:20:00,ARGX
306.065,306.145,305.87,305.87,300,2021-07-20 17:25:00,ARGX
306.435,308.0394,306.435,308.01,800,2021-07-20 17:30:00,ARGX
308.125,308.71,307.58,307.74,4046,2021-07-20 17:35:00,ARGX
307.07,307.56,307.07,307.24,509,2021-07-20 17:40:00,ARGX
307.305,307.305,306.77,306.77,200,2021-07-20 17:45:00,ARGX
306.78,307.31,306.78,307.31,300,2021-07-20 17:50:00,ARGX
306.78,307.6699,306.78,306.79,485,2021-07-20 17:55:00,ARGX
307.17,307.61,306.76,306.76,2800,2021-07-20 18:00:00,ARGX
307.0,307.0,306.49,306.49,1900,2021-07-20 18:05:00,ARGX
306.655,306.655,306.28,306.28,400,2021-07-20 18:10:00,ARGX
305.67,306.41,305.67,306.07,1000,2021-07-20 18:15:00,ARGX
305.75,306.82,305.75,306.82,1100,2021-07-20 18:20:00,ARGX
306.95,306.95,305.01,305.01,2300,2021-07-20 18:25:00,ARGX
306.13,306.13,306.13,306.13,100,2021-07-20 18:30:00,ARGX
306.13,306.13,305.48,305.48,200,2021-07-20 18:35:00,ARGX
307.11,307.11,307.11,307.11,100,2021-07-20 18:40:00,ARGX
305.99,306.34,304.75,306.34,9946,2021-07-20 18:45:00,ARGX
306.83,306.89,305.725,306.89,2269,2021-07-20 18:50:00,ARGX
305.98,305.98,305.98,305.98,250,2021-07-20 18:55:00,ARGX
307.57,307.57,305.88,306.865,300,2021-07-20 19:00:00,ARGX
306.86,307.78,306.86,307.76,300,2021-07-20 19:05:00,ARGX
307.85,307.85,307.85,307.85,100,2021-07-20 19:10:00,ARGX
307.8,307.8,307.495,307.69,500,2021-07-20 19:20:00,ARGX
307.6706,307.76,307.31,307.48,1300,2021-07-20 19:30:00,ARGX
307.92,308.69,307.835,308.68,500,2021-07-20 19:35:00,ARGX
308.68,309.33,308.68,309.185,500,2021-07-20 19:40:00,ARGX
309.22,310.24,308.9,309.4,2600,2021-07-20 19:45:00,ARGX
311.89,312.29,309.47,312.22,10186,2021-07-20 19:50:00,ARGX
312.18,312.29,310.115,310.37,21040,2021-07-20 19:55:00,ARGX
310.37,310.37,310.37,310.37,29097,2021-07-20 20:00:00,ARGX
310.37,310.37,310.37,310.37,3297,2021-07-20 20:10:00,ARGX
309.84,309.84,309.84,309.84,475,2021-07-21 11:25:00,ARGX
309.08,309.08,309.08,309.08,200,2021-07-21 11:55:00,ARGX
309.57,309.57,309.57,309.57,200,2021-07-21 12:00:00,ARGX
309.55,309.55,309.55,309.55,100,2021-07-21 12:10:00,ARGX
311.84,311.84,311.84,311.84,100,2021-07-21 12:55:00,ARGX
312.46,312.46,310.99,310.99,1868,2021-07-21 13:30:00,ARGX
311.08,311.08,310.19,310.19,2400,2021-07-21 13:35:00,ARGX
309.65,309.65,309.06,309.06,400,2021-07-21 13:40:00,ARGX
310.33,310.89,308.89,308.89,2100,2021-07-21 13:45:00,ARGX
308.74,308.86,308.0,308.86,1908,2021-07-21 13:50:00,ARGX
309.08,310.81,309.08,310.81,600,2021-07-21 13:55:00,ARGX
310.41,312.18,310.24,312.18,1600,2021-07-21 14:00:00,ARGX
312.55,312.61,312.55,312.61,700,2021-07-21 14:05:00,ARGX
312.82,312.82,312.08,312.26,500,2021-07-21 14:10:00,ARGX
312.39,313.29,312.39,313.29,1100,2021-07-21 14:15:00,ARGX
313.6,314.82,313.6,314.435,1400,2021-07-21 14:20:00,ARGX
314.86,314.86,314.86,314.86,100,2021-07-21 14:25:00,ARGX
315.01,315.39,314.91,315.39,500,2021-07-21 14:30:00,ARGX
315.26,315.47,314.72,315.345,1000,2021-07-21 14:35:00,ARGX
315.09,315.66,314.285,314.285,1914,2021-07-21 14:40:00,ARGX
314.245,314.245,312.18,312.47,2700,2021-07-21 14:45:00,ARGX
312.97,314.43,312.97,314.43,1900,2021-07-21 14:50:00,ARGX
314.54,315.27,314.54,315.27,900,2021-07-21 14:55:00,ARGX
315.3,315.48,314.88,315.19,2215,2021-07-21 15:00:00,ARGX
315.26,315.51,315.26,315.48,2100,2021-07-21 15:05:00,ARGX
315.48,315.99,315.48,315.88,400,2021-07-21 15:10:00,ARGX
316.08,316.79,316.08,316.67,700,2021-07-21 15:15:00,ARGX
316.33,316.48,315.98,316.425,3600,2021-07-21 15:20:00,ARGX
316.465,316.515,316.465,316.515,200,2021-07-21 15:25:00,ARGX
316.73,316.73,316.15,316.15,1400,2021-07-21 15:30:00,ARGX
316.215,316.215,315.62,315.79,4400,2021-07-21 15:35:00,ARGX
316.01,316.18,315.82,316.18,2618,2021-07-21 15:40:00,ARGX
317.71,319.475,317.71,319.475,500,2021-07-21 15:45:00,ARGX
319.18,319.9,318.27,318.53,3949,2021-07-21 15:50:00,ARGX
319.26,319.26,319.26,319.26,100,2021-07-21 15:55:00,ARGX
319.98,319.98,319.97,319.98,1001,2021-07-21 16:00:00,ARGX
319.92,319.92,319.92,319.92,100,2021-07-21 16:05:00,ARGX
319.98,319.98,319.68,319.68,2104,2021-07-21 16:15:00,ARGX
319.31,319.31,319.16,319.16,910,2021-07-21 16:25:00,ARGX
319.26,319.38,319.26,319.38,500,2021-07-21 16:40:00,ARGX
319.1,319.1,319.1,319.1,221,2021-07-21 16:45:00,ARGX
319.415,319.68,319.01,319.39,1400,2021-07-21 16:50:00,ARGX
319.38,319.38,318.57,318.57,958,2021-07-21 16:55:00,ARGX
318.98,318.98,318.98,318.98,100,2021-07-21 17:00:00,ARGX
319.11,319.11,318.65,319.11,400,2021-07-21 17:10:00,ARGX
319.11,319.11,319.11,319.11,200,2021-07-21 17:15:00,ARGX
319.11,319.32,319.11,319.32,200,2021-07-21 17:20:00,ARGX
319.46,319.92,319.0,319.32,1622,2021-07-21 17:25:00,ARGX
319.32,319.92,319.32,319.92,700,2021-07-21 17:30:00,ARGX
319.205,319.46,318.81,318.85,2508,2021-07-21 17:35:00,ARGX
319.15,319.15,319.15,319.15,100,2021-07-21 17:40:00,ARGX
319.02,319.27,319.02,319.27,200,2021-07-21 17:45:00,ARGX
319.06,319.445,318.79,318.79,1300,2021-07-21 17:50:00,ARGX
318.825,318.825,318.3,318.3,500,2021-07-21 17:55:00,ARGX
318.61,318.6894,318.445,318.68,700,2021-07-21 18:00:00,ARGX
319.01,319.01,319.01,319.01,100,2021-07-21 18:05:00,ARGX
318.28,318.75,317.99,318.19,1000,2021-07-21 18:10:00,ARGX
318.51,318.51,318.51,318.51,100,2021-07-21 18:15:00,ARGX
318.66,318.66,318.5,318.5,300,2021-07-21 18:25:00,ARGX
318.26,318.93,318.26,318.93,600,2021-07-21 18:30:00,ARGX
318.4,318.82,318.4,318.82,400,2021-07-21 18:35:00,ARGX
318.52,319.1,318.4,319.1,600,2021-07-21 18:40:00,ARGX
318.6485,319.74,318.6485,319.74,3832,2021-07-21 18:45:00,ARGX
319.55,319.93,319.55,319.645,800,2021-07-21 18:50:00,ARGX
319.7,319.7,319.12,319.2996,2000,2021-07-21 18:55:00,ARGX
319.0,319.0,319.0,319.0,100,2021-07-21 19:00:00,ARGX
319.42,319.42,319.42,319.42,100,2021-07-21 19:05:00,ARGX
319.31,319.6,319.03,319.03,2700,2021-07-21 19:10:00,ARGX
319.02,319.05,318.79,318.79,800,2021-07-21 19:15:00,ARGX
319.025,319.25,318.77,319.02,1687,2021-07-21 19:20:00,ARGX
318.84,319.145,318.84,319.145,500,2021-07-21 19:25:00,ARGX
319.45,319.45,318.81,319.01,2700,2021-07-21 19:30:00,ARGX
319.0,319.075,318.75,319.075,900,2021-07-21 19:35:00,ARGX
319.175,319.2,318.76,319.2,2244,2021-07-21 19:40:00,ARGX
319.18,319.21,318.82,319.01,5101,2021-07-21 19:45:00,ARGX
318.85,319.16,318.78,318.91,2588,2021-07-21 19:50:00,ARGX
319.07,319.16,317.94,318.38,5166,2021-07-21 19:55:00,ARGX
319.0,319.0,319.0,319.0,3162,2021-07-21 20:00:00,ARGX
325.64,325.64,325.05,325.05,900,2021-07-22 12:05:00,ARGX
325.0,325.0,325.0,325.0,100,2021-07-22 12:10:00,ARGX
325.0,325.0,325.0,325.0,752,2021-07-22 12:20:00,ARGX
325.0,325.0,325.0,325.0,100,2021-07-22 12:30:00,ARGX
324.99,324.99,324.99,324.99,100,2021-07-22 12:40:00,ARGX
324.75,324.75,324.75,324.75,300,2021-07-22 13:00:00,ARGX
324.75,324.75,324.75,324.75,138,2021-07-22 13:10:00,ARGX
324.28,324.28,323.83,324.0,1100,2021-07-22 13:25:00,ARGX
322.77,326.54,322.77,326.54,10440,2021-07-22 13:30:00,ARGX
326.45,326.45,324.45,324.58,4881,2021-07-22 13:35:00,ARGX
324.365,324.365,323.81,324.0,800,2021-07-22 13:40:00,ARGX
324.245,324.245,323.73,323.73,500,2021-07-22 13:45:00,ARGX
323.55,324.51,322.94,324.51,1700,2021-07-22 13:50:00,ARGX
324.24,325.47,324.14,325.23,800,2021-07-22 13:55:00,ARGX
324.95,325.05,323.59,323.59,7009,2021-07-22 14:00:00,ARGX
323.57,324.0,323.13,323.2,1455,2021-07-22 14:05:00,ARGX
322.53,322.53,321.715,321.92,1600,2021-07-22 14:10:00,ARGX
321.55,321.6,321.2,321.2,400,2021-07-22 14:15:00,ARGX
321.18,321.755,320.63,321.755,1300,2021-07-22 14:20:00,ARGX
321.47,321.71,320.72,320.72,3922,2021-07-22 14:25:00,ARGX
321.02,321.02,320.61,320.71,900,2021-07-22 14:30:00,ARGX
321.06,321.26,320.76,320.76,2426,2021-07-22 14:35:00,ARGX
321.06,321.21,320.975,320.975,500,2021-07-22 14:40:00,ARGX
320.99,321.705,320.665,321.705,800,2021-07-22 14:45:00,ARGX
321.87,322.12,321.87,322.075,600,2021-07-22 14:50:00,ARGX
322.08,322.325,321.46,321.5,2400,2021-07-22 14:55:00,ARGX
321.27,321.27,319.81,319.87,7800,2021-07-22 15:00:00,ARGX
319.66,319.66,319.32,319.32,900,2021-07-22 15:05:00,ARGX
319.34,320.0,319.34,319.57,2783,2021-07-22 15:10:00,ARGX
319.05,319.09,319.05,319.09,200,2021-07-22 15:15:00,ARGX
319.41,319.41,319.12,319.41,1400,2021-07-22 15:20:00,ARGX
319.74,319.75,318.94,319.216,4040,2021-07-22 15:25:00,ARGX
318.78,318.78,318.36,318.66,400,2021-07-22 15:30:00,ARGX
318.915,319.23,318.19,318.354,1794,2021-07-22 15:35:00,ARGX
318.01,318.01,317.55,317.55,1661,2021-07-22 15:40:00,ARGX
317.42,319.05,317.42,319.05,3832,2021-07-22 15:45:00,ARGX
319.01,319.16,318.64,318.96,1143,2021-07-22 15:50:00,ARGX
318.43,318.43,318.43,318.43,100,2021-07-22 16:25:00,ARGX
318.3,318.3,317.33,317.61,1100,2021-07-22 17:00:00,ARGX
317.5,318.17,317.5,318.17,1200,2021-07-22 17:20:00,ARGX
318.11,318.11,318.11,318.11,100,2021-07-22 17:25:00,ARGX
318.26,318.83,318.26,318.83,700,2021-07-22 17:40:00,ARGX
318.975,320.11,318.95,320.11,1000,2021-07-22 17:45:00,ARGX
320.115,320.115,319.91,319.91,6400,2021-07-22 17:50:00,ARGX
319.715,319.715,319.715,319.715,100,2021-07-22 18:30:00,ARGX
319.615,319.615,319.615,319.615,100,2021-07-22 18:40:00,ARGX
319.18,319.42,319.18,319.42,200,2021-07-22 18:45:00,ARGX
319.47,319.47,319.465,319.465,200,2021-07-22 18:50:00,ARGX
319.69,319.69,319.56,319.56,400,2021-07-22 18:55:00,ARGX
319.39,319.39,319.39,319.39,100,2021-07-22 19:00:00,ARGX
319.23,319.23,318.88,319.22,300,2021-07-22 19:20:00,ARGX
318.8,318.8,318.8,318.8,100,2021-07-22 19:25:00,ARGX
318.52,318.7,318.34,318.42,1100,2021-07-22 19:30:00,ARGX
318.69,318.69,317.32,317.4625,2000,2021-07-22 19:35:00,ARGX
316.83,317.26,316.62,317.2,1300,2021-07-22 19:40:00,ARGX
317.35,317.69,316.49,316.49,1100,2021-07-22 19:45:00,ARGX
316.56,317.67,316.16,316.185,2290,2021-07-22 19:50:00,ARGX
316.05,317.01,316.0,316.3,3388,2021-07-22 19:55:00,ARGX
316.58,316.58,316.58,316.58,4835,2021-07-22 20:00:00,ARGX
317.72,318.19,316.14,316.275,2507,2021-07-23 13:30:00,ARGX
316.05,316.54,315.32,315.32,1800,2021-07-23 13:35:00,ARGX
315.25,316.32,315.25,316.32,1600,2021-07-23 13:40:00,ARGX
316.02,316.825,315.76,315.85,2100,2021-07-23 13:45:00,ARGX
316.12,316.4,315.97,316.37,1600,2021-07-23 13:50:00,ARGX
316.37,317.2,316.19,316.65,4838,2021-07-23 13:55:00,ARGX
316.44,317.07,316.44,316.93,700,2021-07-23 14:00:00,ARGX
317.0,317.0,316.5,316.5,563,2021-07-23 14:05:00,ARGX
316.16,316.2,315.58,316.2,1326,2021-07-23 14:10:00,ARGX
316.13,317.0,316.13,316.845,300,2021-07-23 14:15:00,ARGX
316.81,316.835,316.23,316.41,1300,2021-07-23 14:20:00,ARGX
316.29,316.29,316.29,316.29,100,2021-07-23 14:25:00,ARGX
315.955,316.11,315.955,316.11,400,2021-07-23 14:30:00,ARGX
315.8,315.84,315.8,315.84,200,2021-07-23 14:35:00,ARGX
315.57,315.57,315.05,315.265,1033,2021-07-23 14:40:00,ARGX
314.98,315.03,314.37,314.37,1200,2021-07-23 14:45:00,ARGX
314.28,314.28,314.28,314.28,100,2021-07-23 14:50:00,ARGX
314.35,314.54,314.35,314.54,500,2021-07-23 14:55:00,ARGX
314.35,314.35,314.35,314.35,100,2021-07-23 15:00:00,ARGX
314.12,314.77,314.12,314.77,500,2021-07-23 15:05:00,ARGX
314.81,314.885,314.81,314.885,300,2021-07-23 15:10:00,ARGX
314.965,314.965,314.65,314.84,1200,2021-07-23 15:15:00,ARGX
315.37,315.38,315.37,315.38,400,2021-07-23 15:20:00,ARGX
315.65,315.65,315.645,315.645,337,2021-07-23 15:30:00,ARGX
315.28,315.6827,315.0003,315.0003,551,2021-07-23 15:50:00,ARGX
315.56,315.56,315.56,315.56,100,2021-07-23 15:55:00,ARGX
314.94,315.0,314.7206,315.0,700,2021-07-23 16:00:00,ARGX
316.09,316.09,316.09,316.09,100,2021-07-23 16:15:00,ARGX
317.02,317.02,316.97,316.97,300,2021-07-23 16:40:00,ARGX
317.02,317.02,317.02,317.02,100,2021-07-23 16:45:00,ARGX
318.01,318.29,317.78,317.78,300,2021-07-23 16:55:00,ARGX
318.6,318.6,318.6,318.6,100,2021-07-23 17:05:00,ARGX
318.62,318.62,318.36,318.55,400,2021-07-23 17:20:00,ARGX
318.0,318.355,317.8,317.96,909,2021-07-23 17:25:00,ARGX
317.68,317.68,317.67,317.67,217,2021-07-23 17:30:00,ARGX
317.67,317.67,316.86,317.57,322,2021-07-23 17:35:00,ARGX
317.58,317.58,316.8,316.8,300,2021-07-23 17:40:00,ARGX
317.1,317.1,315.34,315.34,400,2021-07-23 17:45:00,ARGX
315.44,315.44,315.44,315.44,100,2021-07-23 17:50:00,ARGX
316.5,317.28,316.39,316.39,400,2021-07-23 17:55:00,ARGX
316.845,316.845,316.14,316.14,450,2021-07-23 18:00:00,ARGX
316.36,316.67,316.12,316.12,333,2021-07-23 18:05:00,ARGX
317.05,317.105,317.05,317.105,200,2021-07-23 18:10:00,ARGX
316.54,316.54,316.54,316.54,100,2021-07-23 18:25:00,ARGX
316.56,316.77,316.56,316.77,200,2021-07-23 18:30:00,ARGX
316.21,316.21,316.21,316.21,100,2021-07-23 18:35:00,ARGX
316.98,316.98,316.975,316.975,214,2021-07-23 18:40:00,ARGX
316.35,316.35,316.35,316.35,100,2021-07-23 18:45:00,ARGX
316.22,316.72,316.22,316.72,700,2021-07-23 18:50:00,ARGX
316.57,316.9,316.57,316.785,300,2021-07-23 18:55:00,ARGX
316.57,316.57,316.49,316.49,300,2021-07-23 19:00:00,ARGX
315.06,315.06,315.06,315.06,100,2021-07-23 19:05:00,ARGX
315.715,315.715,315.52,315.685,300,2021-07-23 19:10:00,ARGX
315.505,315.505,315.01,315.01,200,2021-07-23 19:15:00,ARGX
315.77,316.62,315.45,316.62,1000,2021-07-23 19:20:00,ARGX
316.7,316.7,316.44,316.44,200,2021-07-23 19:25:00,ARGX
316.17,317.37,316.06,317.08,4751,2021-07-23 19:30:00,ARGX
316.47,317.4,316.42,317.04,1300,2021-07-23 19:35:00,ARGX
317.29,317.31,316.23,316.23,5194,2021-07-23 19:40:00,ARGX
316.4975,316.4975,316.0,316.19,1000,2021-07-23 19:45:00,ARGX
316.1,316.51,316.1,316.395,500,2021-07-23 19:50:00,ARGX
316.64,317.55,315.42,315.97,11063,2021-07-23 19:55:00,ARGX
316.09,316.09,316.09,316.09,2106,2021-07-23 20:00:00,ARGX
312.54,312.66,312.54,312.66,300,2021-07-26 12:05:00,ARGX
312.03,312.03,311.62,311.62,200,2021-07-26 12:35:00,ARGX
310.62,310.62,310.62,310.62,107,2021-07-26 12:40:00,ARGX
310.34,310.34,310.34,310.34,100,2021-07-26 13:20:00,ARGX
311.4,311.4,309.18,309.18,4174,2021-07-26 13:30:00,ARGX
309.26,309.75,308.96,308.96,1800,2021-07-26 13:35:00,ARGX
309.17,309.51,308.94,309.4653,750,2021-07-26 13:40:00,ARGX
310.0,310.0,308.65,308.65,1400,2021-07-26 13:45:00,ARGX
308.59,308.63,308.53,308.53,600,2021-07-26 13:50:00,ARGX
308.82,308.82,308.62,308.64,400,2021-07-26 13:55:00,ARGX
308.52,308.78,307.94,307.94,1300,2021-07-26 14:00:00,ARGX
307.87,308.08,307.87,308.08,1500,2021-07-26 14:05:00,ARGX
308.0,308.92,308.0,308.55,2300,2021-07-26 14:10:00,ARGX
308.9,309.165,308.9,308.985,600,2021-07-26 14:15:00,ARGX
308.7,308.7,308.55,308.55,599,2021-07-26 14:20:00,ARGX
309.17,309.17,309.0,309.0,200,2021-07-26 14:25:00,ARGX
309.0,309.07,308.92,309.0,1900,2021-07-26 14:30:00,ARGX
309.31,309.44,309.0,309.36,700,2021-07-26 14:35:00,ARGX
309.71,311.0,309.71,310.53,5025,2021-07-26 14:40:00,ARGX
310.08,310.08,309.68,309.68,600,2021-07-26 14:45:00,ARGX
309.64,309.64,309.51,309.58,500,2021-07-26 14:50:00,ARGX
309.0101,309.82,309.0101,309.74,1000,2021-07-26 14:55:00,ARGX
310.0,310.0,309.27,309.27,800,2021-07-26 15:00:00,ARGX
309.71,309.76,309.41,309.49,500,2021-07-26 15:05:00,ARGX
309.37,309.5,309.37,309.49,400,2021-07-26 15:10:00,ARGX
309.3,309.45,309.28,309.45,400,2021-07-26 15:15:00,ARGX
309.47,309.57,308.79,308.99,3853,2021-07-26 15:20:00,ARGX
308.66,309.16,308.48,308.48,5048,2021-07-26 15:25:00,ARGX
308.39,308.5,307.75,308.5,3356,2021-07-26 15:30:00,ARGX
308.6,308.95,308.4,308.54,4852,2021-07-26 15:35:00,ARGX
307.835,307.835,307.835,307.835,100,2021-07-26 15:45:00,ARGX
308.13,308.13,308.13,308.13,100,2021-07-26 15:55:00,ARGX
307.66,307.83,307.59,307.59,1498,2021-07-26 16:05:00,ARGX
307.05,307.33,307.05,307.33,200,2021-07-26 16:15:00,ARGX
307.32,307.32,306.41,306.93,600,2021-07-26 16:20:00,ARGX
306.03,306.03,306.03,306.03,200,2021-07-26 16:30:00,ARGX
306.14,306.14,306.09,306.09,200,2021-07-26 16:40:00,ARGX
305.43,305.96,305.43,305.96,600,2021-07-26 16:45:00,ARGX
306.44,306.44,306.44,306.44,200,2021-07-26 16:50:00,ARGX
306.57,306.7,306.57,306.7,200,2021-07-26 16:55:00,ARGX
306.54,306.54,306.43,306.43,300,2021-07-26 17:00:00,ARGX
306.67,306.67,306.67,306.67,100,2021-07-26 17:05:00,ARGX
306.75,306.75,306.75,306.75,200,2021-07-26 17:10:00,ARGX
306.71,306.86,306.71,306.86,200,2021-07-26 17:15:00,ARGX
306.845,306.845,306.65,306.65,200,2021-07-26 17:20:00,ARGX
307.135,307.135,307.135,307.135,100,2021-07-26 17:25:00,ARGX
307.17,307.17,306.675,306.675,500,2021-07-26 17:35:00,ARGX
306.685,306.685,306.33,306.57,500,2021-07-26 18:00:00,ARGX
305.95,306.1,305.95,306.1,200,2021-07-26 18:05:00,ARGX
306.22,306.22,306.11,306.11,200,2021-07-26 18:10:00,ARGX
305.83,305.83,305.22,305.31,400,2021-07-26 18:25:00,ARGX
305.96,305.98,305.42,305.42,500,2021-07-26 18:30:00,ARGX
305.34,305.67,305.34,305.5,600,2021-07-26 18:35:00,ARGX
305.61,305.815,305.565,305.7,500,2021-07-26 18:40:00,ARGX
305.28,305.28,305.27,305.27,300,2021-07-26 18:45:00,ARGX
305.19,305.19,304.89,305.17,1500,2021-07-26 18:50:00,ARGX
305.155,305.59,305.11,305.11,1100,2021-07-26 18:55:00,ARGX
305.12,305.355,305.02,305.355,1600,2021-07-26 19:00:00,ARGX
305.24,305.37,305.24,305.26,300,2021-07-26 19:05:00,ARGX
305.41,305.44,305.41,305.44,200,2021-07-26 19:10:00,ARGX
305.65,305.65,305.41,305.41,300,2021-07-26 19:15:00,ARGX
305.51,305.51,305.01,305.24,1500,2021-07-26 19:20:00,ARGX
305.26,305.605,305.26,305.4,700,2021-07-26 19:25:00,ARGX
305.57,305.59,305.26,305.26,700,2021-07-26 19:30:00,ARGX
305.19,305.3,304.98,305.02,1900,2021-07-26 19:35:00,ARGX
304.765,304.765,304.07,304.46,3800,2021-07-26 19:40:00,ARGX
304.28,304.39,303.67,303.67,2100,2021-07-26 19:45:00,ARGX
303.5,303.5,301.29,301.29,5300,2021-07-26 19:50:00,ARGX
301.86,302.56,301.29,302.37,10857,2021-07-26 19:55:00,ARGX
302.36,302.36,302.36,302.36,4859,2021-07-26 20:00:00,ARGX
299.82,299.82,299.82,299.82,100,2021-07-27 11:00:00,ARGX
300.52,300.52,299.7,299.92,800,2021-07-27 11:50:00,ARGX
300.16,300.16,300.09,300.09,200,2021-07-27 11:55:00,ARGX
300.38,300.38,298.6901,299.47,2407,2021-07-27 13:30:00,ARGX
299.4,300.03,299.29,300.03,1000,2021-07-27 13:35:00,ARGX
299.965,300.645,299.5,300.125,5100,2021-07-27 13:40:00,ARGX
300.425,300.46,299.135,299.51,4500,2021-07-27 13:45:00,ARGX
299.15,299.8,299.15,299.58,700,2021-07-27 13:50:00,ARGX
299.81,300.53,299.325,299.33,2900,2021-07-27 13:55:00,ARGX
299.38,299.715,298.7,298.89,2200,2021-07-27 14:00:00,ARGX
298.28,298.545,297.7,297.72,1400,2021-07-27 14:05:00,ARGX
297.475,297.475,295.92,296.88,7751,2021-07-27 14:10:00,ARGX
295.99,296.641,295.99,296.13,375,2021-07-27 14:15:00,ARGX
296.29,296.57,296.11,296.52,2190,2021-07-27 14:20:00,ARGX
296.43,296.77,296.43,296.55,500,2021-07-27 14:25:00,ARGX
295.99,296.1,295.24,296.1,3600,2021-07-27 14:30:00,ARGX
296.23,296.85,296.11,296.13,2900,2021-07-27 14:35:00,ARGX
296.385,296.49,295.94,296.49,1509,2021-07-27 14:40:00,ARGX
297.3,297.48,296.86,296.9,1700,2021-07-27 14:45:00,ARGX
296.93,297.43,296.71,296.77,3900,2021-07-27 14:50:00,ARGX
296.55,296.73,296.55,296.67,500,2021-07-27 14:55:00,ARGX
295.9,296.95,295.9,296.92,1100,2021-07-27 15:00:00,ARGX
296.44,296.74,296.41,296.61,1500,2021-07-27 15:05:00,ARGX
296.575,296.97,296.3549,296.43,2123,2021-07-27 15:10:00,ARGX
296.5,296.96,296.5,296.86,400,2021-07-27 15:15:00,ARGX
296.975,297.54,296.01,296.24,8165,2021-07-27 15:25:00,ARGX
296.3,296.97,296.3,296.93,1398,2021-07-27 15:30:00,ARGX
296.91,297.595,296.91,297.5,3190,2021-07-27 15:35:00,ARGX
298.14,298.45,298.14,298.16,846,2021-07-27 15:40:00,ARGX
299.24,299.455,299.24,299.455,500,2021-07-27 15:45:00,ARGX
300.46,300.46,300.41,300.46,300,2021-07-27 15:55:00,ARGX
300.1,300.53,300.1,300.11,500,2021-07-27 16:00:00,ARGX
300.5,301.34,300.5,301.34,200,2021-07-27 16:05:00,ARGX
301.59,301.59,300.57,300.57,4100,2021-07-27 16:10:00,ARGX
300.72,301.15,300.72,301.15,270,2021-07-27 16:15:00,ARGX
300.92,301.21,300.65,301.21,400,2021-07-27 16:20:00,ARGX
300.76,301.26,300.76,301.11,300,2021-07-27 16:25:00,ARGX
301.1,301.6,300.99,301.6,700,2021-07-27 16:30:00,ARGX
301.345,301.345,301.345,301.345,200,2021-07-27 16:35:00,ARGX
301.97,301.97,301.38,301.44,1000,2021-07-27 16:50:00,ARGX
300.76,300.76,300.76,300.76,100,2021-07-27 16:55:00,ARGX
301.265,301.265,300.78,300.78,500,2021-07-27 17:00:00,ARGX
300.81,300.81,300.63,300.74,508,2021-07-27 17:05:00,ARGX
300.78,301.235,300.76,301.235,6200,2021-07-27 17:10:00,ARGX
301.255,301.255,301.255,301.255,100,2021-07-27 17:15:00,ARGX
300.56,300.56,300.56,300.56,100,2021-07-27 17:20:00,ARGX
302.0,302.8,301.88,302.15,700,2021-07-27 17:25:00,ARGX
302.31,302.4,301.7,301.705,700,2021-07-27 17:30:00,ARGX
301.91,301.91,301.91,301.91,100,2021-07-27 17:35:00,ARGX
302.78,302.78,302.34,302.34,200,2021-07-27 17:40:00,ARGX
302.06,302.22,301.88,302.22,800,2021-07-27 17:45:00,ARGX
302.34,302.34,302.34,302.34,100,2021-07-27 17:50:00,ARGX
302.45,302.45,301.98,302.19,800,2021-07-27 17:55:00,ARGX
301.98,301.98,301.46,301.46,600,2021-07-27 18:00:00,ARGX
301.34,301.34,300.94,300.94,415,2021-07-27 18:05:00,ARGX
301.3,301.3,301.2,301.2,300,2021-07-27 18:10:00,ARGX
301.4,301.75,301.4,301.75,501,2021-07-27 18:15:00,ARGX
302.26,302.32,302.26,302.32,200,2021-07-27 18:25:00,ARGX
302.34,304.12,302.27,304.12,8756,2021-07-27 18:30:00,ARGX
304.01,304.05,303.81,303.81,300,2021-07-27 18:35:00,ARGX
303.67,304.475,303.67,304.07,1300,2021-07-27 18:40:00,ARGX
303.83,304.47,303.83,304.47,300,2021-07-27 18:45:00,ARGX
304.23,304.23,304.23,304.23,300,2021-07-27 18:50:00,ARGX
304.76,304.94,303.99,304.32,2000,2021-07-27 18:55:00,ARGX
304.07,304.315,303.79,304.195,600,2021-07-27 19:00:00,ARGX
303.76,303.76,303.1,303.1,700,2021-07-27 19:05:00,ARGX
303.64,303.72,302.8275,302.8275,400,2021-07-27 19:10:00,ARGX
303.02,303.02,302.65,302.795,500,2021-07-27 19:15:00,ARGX
302.86,302.86,302.05,302.305,930,2021-07-27 19:20:00,ARGX
302.05,302.05,301.26,301.26,700,2021-07-27 19:25:00,ARGX
302.01,302.33,301.94,302.33,621,2021-07-27 19:30:00,ARGX
302.325,302.77,301.41,302.02,1500,2021-07-27 19:35:00,ARGX
301.41,301.465,301.17,301.17,600,2021-07-27 19:40:00,ARGX
301.1,301.245,300.97,301.06,900,2021-07-27 19:45:00,ARGX
301.21,301.21,299.65,300.07,3604,2021-07-27 19:50:00,ARGX
300.07,300.98,299.64,300.18,5047,2021-07-27 19:55:00,ARGX
301.06,301.06,301.06,301.06,2036,2021-07-27 20:00:00,ARGX
295.01,295.01,295.01,295.01,100,2021-07-28 11:45:00,ARGX
295.84,295.85,295.84,295.85,300,2021-07-28 12:35:00,ARGX
292.78,292.89,292.78,292.89,400,2021-07-28 13:25:00,ARGX
292.72,294.19,291.96,293.25,5037,2021-07-28 13:30:00,ARGX
293.93,295.83,293.93,295.74,2200,2021-07-28 13:35:00,ARGX
296.38,296.38,295.26,296.15,3400,2021-07-28 13:40:00,ARGX
295.76,297.19,295.76,297.19,1500,2021-07-28 13:45:00,ARGX
297.63,298.54,297.63,298.54,1100,2021-07-28 13:50:00,ARGX
299.18,300.36,298.96,299.97,2900,2021-07-28 13:55:00,ARGX
300.16,300.41,300.02,300.1,2971,2021-07-28 14:00:00,ARGX
300.73,302.11,300.73,302.11,1500,2021-07-28 14:05:00,ARGX
302.5,303.04,302.09,303.04,2200,2021-07-28 14:10:00,ARGX
303.125,304.53,302.81,304.42,1200,2021-07-28 14:15:00,ARGX
303.94,303.94,303.06,303.13,500,2021-07-28 14:20:00,ARGX
302.94,302.94,301.925,301.925,2994,2021-07-28 14:25:00,ARGX
301.97,302.02,301.97,302.0,350,2021-07-28 14:35:00,ARGX
302.21,302.21,302.21,302.21,100,2021-07-28 14:40:00,ARGX
301.58,301.58,301.39,301.39,300,2021-07-28 14:45:00,ARGX
301.69,302.09,301.69,302.09,300,2021-07-28 14:50:00,ARGX
302.6,302.68,302.6,302.68,200,2021-07-28 14:55:00,ARGX
302.71,303.0897,302.58,302.78,614,2021-07-28 15:00:00,ARGX
303.42,303.5,302.99,303.19,1200,2021-07-28 15:10:00,ARGX
303.17,303.17,302.82,303.11,700,2021-07-28 15:15:00,ARGX
303.1,303.1,302.72,302.89,1400,2021-07-28 15:20:00,ARGX
304.3,304.3,303.1,303.1,1000,2021-07-28 15:30:00,ARGX
303.59,303.59,302.98,303.19,475,2021-07-28 15:35:00,ARGX
303.21,303.21,303.15,303.15,200,2021-07-28 15:45:00,ARGX
303.91,303.91,303.91,303.91,100,2021-07-28 15:50:00,ARGX
303.42,303.42,303.42,303.42,100,2021-07-28 15:55:00,ARGX
303.39,304.11,303.39,304.11,200,2021-07-28 16:00:00,ARGX
304.55,304.55,304.55,304.55,100,2021-07-28 16:05:00,ARGX
304.47,304.55,304.47,304.55,300,2021-07-28 16:10:00,ARGX
304.105,304.4,303.93,304.4,300,2021-07-28 16:20:00,ARGX
304.48,304.55,303.79,303.79,500,2021-07-28 16:25:00,ARGX
304.605,304.605,304.605,304.605,122,2021-07-28 16:55:00,ARGX
305.02,305.02,304.3,304.615,400,2021-07-28 17:05:00,ARGX
304.95,304.95,304.95,304.95,100,2021-07-28 17:10:00,ARGX
305.155,305.155,304.78,304.78,900,2021-07-28 17:15:00,ARGX
304.81,304.81,304.81,304.81,100,2021-07-28 17:20:00,ARGX
304.66,304.66,304.66,304.66,100,2021-07-28 17:30:00,ARGX
304.9516,304.9516,304.9516,304.9516,100,2021-07-28 17:40:00,ARGX
304.66,304.66,304.4,304.4,200,2021-07-28 17:55:00,ARGX
304.16,304.16,304.16,304.16,100,2021-07-28 18:05:00,ARGX
303.83,305.62,303.83,305.62,703,2021-07-28 18:20:00,ARGX
303.28,303.28,303.28,303.28,100,2021-07-28 18:25:00,ARGX
304.075,304.075,304.075,304.075,300,2021-07-28 18:30:00,ARGX
304.01,306.23,304.0,304.04,4400,2021-07-28 18:40:00,ARGX
304.4,304.655,304.02,304.655,3700,2021-07-28 18:45:00,ARGX
304.73,306.07,304.405,306.0096,700,2021-07-28 18:50:00,ARGX
305.92,306.815,305.92,306.815,400,2021-07-28 18:55:00,ARGX
306.52,306.52,306.52,306.52,100,2021-07-28 19:05:00,ARGX
305.74,306.545,305.545,306.545,900,2021-07-28 19:10:00,ARGX
307.05,307.38,305.985,305.985,400,2021-07-28 19:15:00,ARGX
307.31,308.7,306.65,307.045,600,2021-07-28 19:20:00,ARGX
307.17,309.0,307.17,307.94,414,2021-07-28 19:25:00,ARGX
309.16,309.62,307.585,308.5,700,2021-07-28 19:30:00,ARGX
309.33,309.33,307.84,307.84,300,2021-07-28 19:35:00,ARGX
308.93,308.93,306.73,307.305,1300,2021-07-28 19:40:00,ARGX
307.98,308.0,306.02,306.02,1195,2021-07-28 19:45:00,ARGX
307.5,308.35,306.11,308.28,4005,2021-07-28 19:50:00,ARGX
309.0,309.5,306.7,306.7,7561,2021-07-28 19:55:00,ARGX
307.5,307.5,307.5,307.5,4611,2021-07-28 20:00:00,ARGX
294.65,294.69,294.65,294.69,200,2021-07-29 11:45:00,ARGX
298.44,298.44,298.44,298.44,200,2021-07-29 12:20:00,ARGX
294.18,295.6,294.18,295.6,1238,2021-07-29 13:20:00,ARGX
296.72,298.69,295.0,295.33,10495,2021-07-29 13:30:00,ARGX
295.93,298.76,295.04,298.76,3600,2021-07-29 13:35:00,ARGX
298.87,299.65,298.84,299.365,1900,2021-07-29 13:40:00,ARGX
299.78,299.815,297.675,299.68,6066,2021-07-29 13:45:00,ARGX
299.16,299.78,299.01,299.57,5500,2021-07-29 13:50:00,ARGX
299.76,302.35,299.75,302.35,1100,2021-07-29 13:55:00,ARGX
302.5,302.65,301.65,302.33,1400,2021-07-29 14:00:00,ARGX
302.285,302.46,301.0,301.0,2700,2021-07-29 14:05:00,ARGX
301.375,301.445,301.375,301.445,333,2021-07-29 14:10:00,ARGX
301.405,302.16,300.16,300.16,1700,2021-07-29 14:15:00,ARGX
300.275,300.85,299.94,300.8,700,2021-07-29 14:20:00,ARGX
300.655,301.57,300.435,301.57,800,2021-07-29 14:25:00,ARGX
301.88,302.54,301.88,301.97,300,2021-07-29 14:30:00,ARGX
301.675,301.87,301.675,301.87,300,2021-07-29 14:35:00,ARGX
301.82,302.055,301.65,301.65,600,2021-07-29 14:40:00,ARGX
301.925,303.38,301.925,303.38,700,2021-07-29 14:45:00,ARGX
303.22,303.95,302.715,302.72,1622,2021-07-29 14:50:00,ARGX
301.92,302.36,301.5,301.715,900,2021-07-29 14:55:00,ARGX
301.89,302.21,301.65,302.21,800,2021-07-29 15:00:00,ARGX
301.72,302.64,301.42,301.5,2200,2021-07-29 15:05:00,ARGX
301.52,301.66,301.23,301.23,400,2021-07-29 15:10:00,ARGX
300.61,301.29,300.61,301.08,2100,2021-07-29 15:15:00,ARGX
300.57,300.57,299.99,299.99,400,2021-07-29 15:20:00,ARGX
300.32,300.38,299.6,300.015,616,2021-07-29 15:25:00,ARGX
300.72,300.72,300.72,300.72,100,2021-07-29 15:30:00,ARGX
301.72,301.72,300.715,300.715,300,2021-07-29 15:35:00,ARGX
300.86,300.86,300.41,300.475,300,2021-07-29 15:40:00,ARGX
301.46,301.46,300.78,300.78,200,2021-07-29 15:45:00,ARGX
300.6,300.8,300.12,300.585,400,2021-07-29 15:50:00,ARGX
300.59,300.835,300.59,300.76,311,2021-07-29 15:55:00,ARGX
300.835,300.835,300.835,300.835,100,2021-07-29 16:00:00,ARGX
300.78,300.78,300.78,300.78,100,2021-07-29 16:05:00,ARGX
300.77,300.99,300.77,300.99,200,2021-07-29 16:10:00,ARGX
300.985,300.985,300.985,300.985,100,2021-07-29 16:15:00,ARGX
300.62,301.295,300.48,300.765,841,2021-07-29 16:20:00,ARGX
300.78,301.14,300.78,301.14,300,2021-07-29 16:25:00,ARGX
300.62,301.07,300.22,300.455,1300,2021-07-29 16:30:00,ARGX
300.22,301.13,300.22,301.13,700,2021-07-29 16:40:00,ARGX
301.27,301.29,300.29,300.29,1089,2021-07-29 16:45:00,ARGX
300.99,301.08,300.99,301.08,600,2021-07-29 16:55:00,ARGX
300.28,300.32,300.28,300.32,300,2021-07-29 17:00:00,ARGX
300.31,300.83,300.31,300.83,200,2021-07-29 17:05:00,ARGX
300.135,300.135,299.65,299.87,900,2021-07-29 17:10:00,ARGX
299.52,299.675,299.07,299.07,639,2021-07-29 17:15:00,ARGX
299.21,299.89,299.21,299.395,900,2021-07-29 17:20:00,ARGX
299.415,299.915,299.415,299.915,700,2021-07-29 17:25:00,ARGX
299.18,299.18,298.89,299.065,300,2021-07-29 17:35:00,ARGX
298.18,298.51,298.18,298.51,300,2021-07-29 17:40:00,ARGX
296.24,297.57,296.03,297.57,400,2021-07-29 17:50:00,ARGX
296.74,297.03,295.8,296.215,674,2021-07-29 17:55:00,ARGX
296.05,296.05,295.48,295.48,400,2021-07-29 18:00:00,ARGX
295.46,296.05,295.01,295.01,600,2021-07-29 18:05:00,ARGX
295.04,295.105,294.48,294.98,1000,2021-07-29 18:10:00,ARGX
294.25,294.25,294.25,294.25,100,2021-07-29 18:15:00,ARGX
294.31,294.815,293.91,294.7,1285,2021-07-29 18:20:00,ARGX
294.49,294.705,294.3,294.66,700,2021-07-29 18:30:00,ARGX
295.12,295.16,294.69,294.715,800,2021-07-29 18:35:00,ARGX
294.46,294.94,294.46,294.85,1000,2021-07-29 18:40:00,ARGX
295.14,295.555,295.14,295.555,606,2021-07-29 18:45:00,ARGX
295.32,295.95,295.06,295.95,1200,2021-07-29 18:50:00,ARGX
295.68,295.68,295.04,295.54,900,2021-07-29 18:55:00,ARGX
295.49,296.22,295.49,296.22,1000,2021-07-29 19:00:00,ARGX
297.085,297.23,297.085,297.23,200,2021-07-29 19:05:00,ARGX
296.638,296.79,296.4,296.4,734,2021-07-29 19:10:00,ARGX
295.902,296.64,295.902,296.235,500,2021-07-29 19:15:00,ARGX
295.71,296.095,295.69,295.69,312,2021-07-29 19:20:00,ARGX
296.06,296.06,295.582,295.69,1000,2021-07-29 19:25:00,ARGX
295.37,295.66,295.3,295.66,1300,2021-07-29 19:30:00,ARGX
295.397,296.79,295.397,296.17,4300,2021-07-29 19:35:00,ARGX
296.68,296.68,296.265,296.265,300,2021-07-29 19:40:00,ARGX
296.31,296.54,296.075,296.38,1400,2021-07-29 19:45:00,ARGX
296.02,296.7,295.87,296.7,1400,2021-07-29 19:50:00,ARGX
296.52,297.2,296.265,296.6,7797,2021-07-29 19:55:00,ARGX
295.85,295.85,295.85,295.85,1770,2021-07-29 20:00:00,ARGX
295.85,295.85,295.85,295.85,378,2021-07-29 21:15:00,ARGX
303.11,303.39,303.11,303.39,200,2021-07-30 13:05:00,ARGX
303.97,304.3,303.0,303.0,2486,2021-07-30 13:30:00,ARGX
303.04,303.17,301.32,302.21,4506,2021-07-30 13:35:00,ARGX
302.39,303.81,302.39,303.81,300,2021-07-30 13:40:00,ARGX
303.2,303.2,301.72,301.73,500,2021-07-30 13:45:00,ARGX
301.82,303.82,301.82,303.82,300,2021-07-30 13:50:00,ARGX
304.37,304.91,304.37,304.585,700,2021-07-30 13:55:00,ARGX
303.53,304.59,303.51,304.4,500,2021-07-30 14:00:00,ARGX
305.37,306.15,305.05,305.49,900,2021-07-30 14:05:00,ARGX
305.47,305.47,305.47,305.47,100,2021-07-30 14:10:00,ARGX
305.67,305.67,304.74,304.74,400,2021-07-30 14:15:00,ARGX
304.5,305.19,304.5,305.19,500,2021-07-30 14:20:00,ARGX
305.54,305.54,304.57,304.57,500,2021-07-30 14:25:00,ARGX
304.55,304.55,304.55,304.55,100,2021-07-30 14:30:00,ARGX
304.18,304.61,304.18,304.61,1344,2021-07-30 14:35:00,ARGX
305.04,305.18,305.04,305.18,300,2021-07-30 14:40:00,ARGX
305.18,305.33,305.18,305.2475,607,2021-07-30 14:50:00,ARGX
305.17,305.38,304.98,304.98,539,2021-07-30 14:55:00,ARGX
304.57,304.84,304.085,304.085,800,2021-07-30 15:00:00,ARGX
304.61,305.39,304.61,305.39,200,2021-07-30 15:05:00,ARGX
305.46,305.46,305.33,305.33,200,2021-07-30 15:10:00,ARGX
305.33,305.49,305.26,305.26,400,2021-07-30 15:20:00,ARGX
305.68,306.06,305.56,306.06,900,2021-07-30 15:25:00,ARGX
304.885,304.885,304.885,304.885,100,2021-07-30 15:30:00,ARGX
304.785,304.785,304.785,304.785,100,2021-07-30 15:45:00,ARGX
304.0,304.0,304.0,304.0,100,2021-07-30 15:50:00,ARGX
304.23,305.18,304.23,305.18,200,2021-07-30 15:55:00,ARGX
305.235,305.235,305.0,305.0,200,2021-07-30 16:05:00,ARGX
304.74,304.74,304.24,304.24,200,2021-07-30 16:15:00,ARGX
304.68,304.68,304.0,304.0,1200,2021-07-30 16:20:00,ARGX
304.735,304.735,304.0,304.02,2087,2021-07-30 16:25:00,ARGX
304.07,304.07,303.4,303.4,897,2021-07-30 16:35:00,ARGX
304.01,304.01,303.37,303.37,200,2021-07-30 16:40:00,ARGX
304.21,304.47,304.21,304.47,200,2021-07-30 16:45:00,ARGX
304.65,304.65,304.65,304.65,100,2021-07-30 16:55:00,ARGX
304.67,304.67,303.92,303.92,200,2021-07-30 17:05:00,ARGX
304.03,304.03,304.03,304.03,200,2021-07-30 17:10:00,ARGX
304.03,304.03,304.03,304.03,200,2021-07-30 17:20:00,ARGX
303.805,303.805,303.12,303.12,300,2021-07-30 17:25:00,ARGX
303.23,303.23,303.23,303.23,100,2021-07-30 17:30:00,ARGX
303.64,303.64,303.32,303.32,200,2021-07-30 17:35:00,ARGX
303.24,303.24,303.24,303.24,100,2021-07-30 17:40:00,ARGX
303.13,303.13,303.13,303.13,100,2021-07-30 17:50:00,ARGX
303.23,304.07,303.23,303.825,5980,2021-07-30 17:55:00,ARGX
304.12,304.86,304.12,304.79,1147,2021-07-30 18:00:00,ARGX
304.76,304.76,304.58,304.605,500,2021-07-30 18:05:00,ARGX
304.43,304.43,303.845,303.845,1900,2021-07-30 18:10:00,ARGX
303.6,304.23,303.6,304.23,200,2021-07-30 18:15:00,ARGX
304.36,304.53,303.19,304.14,4285,2021-07-30 18:20:00,ARGX
304.33,304.73,304.33,304.61,2473,2021-07-30 18:25:00,ARGX
304.85,304.89,304.85,304.89,300,2021-07-30 18:30:00,ARGX
304.41,304.53,304.0023,304.0023,1831,2021-07-30 18:35:00,ARGX
303.5,304.49,303.5,304.2,3400,2021-07-30 18:40:00,ARGX
303.96,304.89,303.96,304.7,5225,2021-07-30 18:45:00,ARGX
304.72,305.56,304.72,305.56,1589,2021-07-30 18:50:00,ARGX
305.56,305.56,304.925,304.925,200,2021-07-30 18:55:00,ARGX
305.21,305.59,304.94,305.0775,1000,2021-07-30 19:00:00,ARGX
305.5,305.89,305.46,305.46,700,2021-07-30 19:05:00,ARGX
305.475,305.84,305.475,305.615,600,2021-07-30 19:10:00,ARGX
305.79,305.79,305.64,305.64,200,2021-07-30 19:15:00,ARGX
305.575,305.74,305.575,305.74,400,2021-07-30 19:20:00,ARGX
305.91,305.91,305.595,305.595,200,2021-07-30 19:25:00,ARGX
305.52,305.52,305.03,305.15,1760,2021-07-30 19:30:00,ARGX
305.14,305.14,304.39,304.665,700,2021-07-30 19:35:00,ARGX
304.67,304.92,304.05,304.92,2200,2021-07-30 19:40:00,ARGX
304.95,305.31,304.3,304.36,1300,2021-07-30 19:45:00,ARGX
303.12,305.53,303.12,304.03,10044,2021-07-30 19:50:00,ARGX
302.92,304.98,302.7,304.98,17056,2021-07-30 19:55:00,ARGX
304.43,304.43,304.43,304.43,13451,2021-07-30 20:00:00,ARGX
