open,high,low,close,volume,datetime,symbol
81.7,81.72,81.7,81.7,642,2021-10-01 13:27:00,AEP
81.74,81.74,81.74,81.74,100,2021-10-01 13:28:00,AEP
81.78,81.82,81.77,81.77,653,2021-10-01 13:29:00,AEP
81.8,81.8,81.35,81.44,29890,2021-10-01 13:30:00,AEP
81.385,81.659,81.385,81.6,4243,2021-10-01 13:31:00,AEP
81.58,81.58,81.4674,81.5,1772,2021-10-01 13:32:00,AEP
81.56,81.61,81.385,81.41,4491,2021-10-01 13:33:00,AEP
81.435,81.485,81.33,81.34,2800,2021-10-01 13:34:00,AEP
81.37,81.41,81.33,81.33,1100,2021-10-01 13:35:00,AEP
81.4,81.46,81.33,81.33,1576,2021-10-01 13:36:00,AEP
81.36,81.375,81.25,81.26,2640,2021-10-01 13:37:00,AEP
81.27,81.33,81.27,81.315,900,2021-10-01 13:38:00,AEP
81.37,81.48,81.37,81.41,3761,2021-10-01 13:39:00,AEP
81.41,81.5,81.4,81.47,3400,2021-10-01 13:40:00,AEP
81.49,81.55,81.39,81.39,9361,2021-10-01 13:41:00,AEP
81.41,81.5,81.37,81.48,2900,2021-10-01 13:42:00,AEP
81.42,81.46,81.37,81.44,2951,2021-10-01 13:43:00,AEP
81.35,81.35,81.29,81.29,600,2021-10-01 13:44:00,AEP
81.31,81.31,81.19,81.1991,3226,2021-10-01 13:45:00,AEP
81.18,81.23,81.13,81.23,4063,2021-10-01 13:46:00,AEP
81.24,81.29,81.2318,81.29,4271,2021-10-01 13:47:00,AEP
81.24,81.36,81.23,81.36,2247,2021-10-01 13:48:00,AEP
81.39,81.4,81.33,81.35,2659,2021-10-01 13:49:00,AEP
81.38,81.4,81.24,81.26,5644,2021-10-01 13:50:00,AEP
81.25,81.28,81.105,81.105,4426,2021-10-01 13:51:00,AEP
81.12,81.17,81.12,81.14,2100,2021-10-01 13:52:00,AEP
81.07,81.1,81.04,81.05,2009,2021-10-01 13:53:00,AEP
81.03,81.1,81.02,81.1,600,2021-10-01 13:54:00,AEP
81.1,81.12,81.01,81.02,4778,2021-10-01 13:55:00,AEP
81.01,81.06,80.97,81.02,4914,2021-10-01 13:56:00,AEP
81.01,81.08,81.01,81.08,3300,2021-10-01 13:57:00,AEP
81.1,81.12,81.06,81.1,6856,2021-10-01 13:58:00,AEP
81.1,81.31,81.1,81.29,32568,2021-10-01 13:59:00,AEP
81.28,81.32,81.16,81.32,29605,2021-10-01 14:00:00,AEP
81.32,81.33,81.16,81.21,13869,2021-10-01 14:01:00,AEP
81.21,81.21,81.07,81.07,14611,2021-10-01 14:02:00,AEP
81.05,81.1,81.03,81.03,6960,2021-10-01 14:03:00,AEP
81.015,81.015,80.93,80.94,6387,2021-10-01 14:04:00,AEP
80.965,80.99,80.88,80.96,8253,2021-10-01 14:05:00,AEP
80.95,81.14,80.95,81.08,7840,2021-10-01 14:06:00,AEP
81.12,81.28,81.12,81.28,3878,2021-10-01 14:07:00,AEP
81.28,81.36,81.2601,81.36,1600,2021-10-01 14:08:00,AEP
81.38,81.54,81.37,81.52,19586,2021-10-01 14:09:00,AEP
81.53,81.54,81.395,81.43,6365,2021-10-01 14:10:00,AEP
81.43,81.48,81.425,81.48,4082,2021-10-01 14:11:00,AEP
81.48,81.48,81.3499,81.3499,1150,2021-10-01 14:12:00,AEP
81.33,81.34,81.29,81.29,2586,2021-10-01 14:13:00,AEP
81.3,81.37,81.25,81.34,6393,2021-10-01 14:14:00,AEP
81.36,81.36,81.23,81.24,5483,2021-10-01 14:15:00,AEP
81.25,81.34,81.25,81.32,3610,2021-10-01 14:16:00,AEP
81.32,81.38,81.31,81.36,2629,2021-10-01 14:17:00,AEP
81.3775,81.435,81.3775,81.4,1990,2021-10-01 14:18:00,AEP
81.35,81.36,81.33,81.34,3269,2021-10-01 14:19:00,AEP
81.33,81.33,81.17,81.17,2100,2021-10-01 14:20:00,AEP
81.21,81.23,81.14,81.17,3394,2021-10-01 14:21:00,AEP
81.16,81.18,81.09,81.11,5151,2021-10-01 14:22:00,AEP
81.12,81.165,81.11,81.14,2400,2021-10-01 14:23:00,AEP
81.13,81.14,81.09,81.11,2622,2021-10-01 14:24:00,AEP
81.12,81.19,81.115,81.19,2450,2021-10-01 14:25:00,AEP
81.18,81.22,81.1759,81.21,4103,2021-10-01 14:26:00,AEP
81.225,81.24,81.2,81.2,1700,2021-10-01 14:27:00,AEP
81.15,81.25,81.15,81.22,4504,2021-10-01 14:28:00,AEP
81.22,81.25,81.22,81.24,5236,2021-10-01 14:29:00,AEP
81.22,81.32,81.22,81.29,6128,2021-10-01 14:30:00,AEP
81.29,81.3,81.23,81.3,3568,2021-10-01 14:31:00,AEP
81.3301,81.38,81.3,81.34,4538,2021-10-01 14:32:00,AEP
81.36,81.39,81.31,81.36,13125,2021-10-01 14:33:00,AEP
81.37,81.4,81.365,81.3951,3413,2021-10-01 14:34:00,AEP
81.39,81.43,81.37,81.43,4791,2021-10-01 14:35:00,AEP
81.44,81.5,81.42,81.42,3095,2021-10-01 14:36:00,AEP
81.44,81.47,81.39,81.44,5190,2021-10-01 14:37:00,AEP
81.43,81.44,81.4,81.42,3290,2021-10-01 14:38:00,AEP
81.43,81.45,81.36,81.36,2597,2021-10-01 14:39:00,AEP
81.36,81.38,81.33,81.37,4340,2021-10-01 14:40:00,AEP
81.385,81.48,81.38,81.47,3061,2021-10-01 14:41:00,AEP
81.46,81.47,81.41,81.42,4400,2021-10-01 14:42:00,AEP
81.42,81.43,81.37,81.43,2390,2021-10-01 14:43:00,AEP
81.44,81.44,81.36,81.37,3923,2021-10-01 14:44:00,AEP
81.38,81.42,81.37,81.4,7142,2021-10-01 14:45:00,AEP
81.42,81.42,81.3,81.39,4400,2021-10-01 14:46:00,AEP
81.37,81.4,81.34,81.39,3150,2021-10-01 14:47:00,AEP
81.38,81.45,81.37,81.4425,4719,2021-10-01 14:48:00,AEP
81.44,81.46,81.38,81.43,3700,2021-10-01 14:49:00,AEP
81.45,81.45,81.39,81.41,2912,2021-10-01 14:50:00,AEP
81.35,81.46,81.34,81.46,2541,2021-10-01 14:51:00,AEP
81.46,81.52,81.45,81.52,9491,2021-10-01 14:52:00,AEP
81.52,81.53,81.49,81.5,4177,2021-10-01 14:53:00,AEP
81.495,81.55,81.495,81.54,2727,2021-10-01 14:54:00,AEP
81.55,81.61,81.53,81.61,2900,2021-10-01 14:55:00,AEP
81.62,81.67,81.6,81.67,3253,2021-10-01 14:56:00,AEP
81.6899,81.69,81.66,81.69,2498,2021-10-01 14:57:00,AEP
81.68,81.7,81.66,81.67,2936,2021-10-01 14:58:00,AEP
81.69,81.72,81.69,81.7,2900,2021-10-01 14:59:00,AEP
81.7,81.7,81.66,81.7,3300,2021-10-01 15:00:00,AEP
81.71,81.71,81.66,81.67,3792,2021-10-01 15:01:00,AEP
81.66,81.67,81.61,81.6234,3705,2021-10-01 15:02:00,AEP
81.645,81.6551,81.63,81.6551,6050,2021-10-01 15:03:00,AEP
81.64,81.65,81.58,81.58,2995,2021-10-01 15:04:00,AEP
81.575,81.595,81.57,81.58,1800,2021-10-01 15:05:00,AEP
81.56,81.6,81.55,81.55,5877,2021-10-01 15:06:00,AEP
81.54,81.58,81.54,81.57,2531,2021-10-01 15:07:00,AEP
81.56,81.595,81.55,81.58,3548,2021-10-01 15:08:00,AEP
81.57,81.615,81.57,81.61,1780,2021-10-01 15:09:00,AEP
81.62,81.67,81.62,81.67,2510,2021-10-01 15:10:00,AEP
81.67,81.75,81.67,81.75,2500,2021-10-01 15:11:00,AEP
81.75,81.8,81.75,81.79,2797,2021-10-01 15:12:00,AEP
81.81,81.98,81.81,81.95,4400,2021-10-01 15:13:00,AEP
81.94,81.98,81.94,81.95,4890,2021-10-01 15:14:00,AEP
81.94,81.995,81.94,81.995,2065,2021-10-01 15:15:00,AEP
81.99,81.99,81.91,81.92,2300,2021-10-01 15:16:00,AEP
81.93,81.93,81.89,81.89,1390,2021-10-01 15:17:00,AEP
81.89,81.91,81.87,81.885,2430,2021-10-01 15:18:00,AEP
81.86,81.86,81.8,81.81,2484,2021-10-01 15:19:00,AEP
81.81,81.83,81.78,81.7853,4008,2021-10-01 15:20:00,AEP
81.79,81.81,81.78,81.81,1284,2021-10-01 15:21:00,AEP
81.84,81.87,81.82,81.86,2169,2021-10-01 15:22:00,AEP
81.87,81.87,81.8,81.81,4755,2021-10-01 15:23:00,AEP
81.8228,81.8617,81.82,81.8617,1726,2021-10-01 15:24:00,AEP
81.86,81.87,81.79,81.81,8970,2021-10-01 15:25:00,AEP
81.8,81.815,81.76,81.77,8664,2021-10-01 15:26:00,AEP
81.77,81.77,81.7,81.705,3280,2021-10-01 15:27:00,AEP
81.69,81.69,81.65,81.66,8780,2021-10-01 15:28:00,AEP
81.66,81.66,81.62,81.64,5553,2021-10-01 15:29:00,AEP
81.635,81.665,81.6285,81.6601,5696,2021-10-01 15:30:00,AEP
81.67,81.68,81.63,81.63,2791,2021-10-01 15:31:00,AEP
81.63,81.77,81.62,81.75,5612,2021-10-01 15:32:00,AEP
81.755,81.83,81.75,81.78,8232,2021-10-01 15:33:00,AEP
81.79,81.7928,81.75,81.7928,2730,2021-10-01 15:34:00,AEP
81.8,81.81,81.73,81.75,4365,2021-10-01 15:35:00,AEP
81.76,81.86,81.76,81.85,8199,2021-10-01 15:36:00,AEP
81.86,81.89,81.86,81.87,3000,2021-10-01 15:37:00,AEP
81.85,81.895,81.85,81.895,1056,2021-10-01 15:38:00,AEP
81.9038,81.9092,81.85,81.85,1627,2021-10-01 15:39:00,AEP
81.86,81.86,81.845,81.86,2034,2021-10-01 15:40:00,AEP
81.88,81.88,81.86,81.86,1355,2021-10-01 15:41:00,AEP
81.87,81.87,81.83,81.86,1625,2021-10-01 15:42:00,AEP
81.86,81.92,81.855,81.905,3106,2021-10-01 15:43:00,AEP
81.9,81.95,81.885,81.91,2768,2021-10-01 15:44:00,AEP
81.88,81.94,81.88,81.93,3103,2021-10-01 15:45:00,AEP
81.954,81.96,81.93,81.93,2455,2021-10-01 15:46:00,AEP
81.92,81.97,81.92,81.97,1000,2021-10-01 15:47:00,AEP
81.98,81.99,81.96,81.96,2800,2021-10-01 15:48:00,AEP
81.97,81.98,81.97,81.97,996,2021-10-01 15:49:00,AEP
81.96,81.97,81.96,81.96,13542,2021-10-01 15:50:00,AEP
81.96,81.97,81.89,81.89,4657,2021-10-01 15:51:00,AEP
81.9,81.93,81.89,81.93,2479,2021-10-01 15:52:00,AEP
81.98,81.99,81.95,81.97,2199,2021-10-01 15:53:00,AEP
81.98,82.04,81.98,82.03,2898,2021-10-01 15:54:00,AEP
82.035,82.035,81.99,81.99,2176,2021-10-01 15:55:00,AEP
81.97,81.98,81.91,81.91,400,2021-10-01 15:56:00,AEP
81.91,81.92,81.88,81.91,2220,2021-10-01 15:57:00,AEP
81.93,81.93,81.91,81.91,600,2021-10-01 15:58:00,AEP
81.92,81.92,81.87,81.88,1440,2021-10-01 15:59:00,AEP
81.87,81.935,81.87,81.895,2920,2021-10-01 16:00:00,AEP
81.89,81.9,81.86,81.87,5203,2021-10-01 16:01:00,AEP
81.88,81.9,81.86,81.885,3093,2021-10-01 16:02:00,AEP
81.89,81.89,81.87,81.88,2517,2021-10-01 16:03:00,AEP
81.9,81.9,81.86,81.87,1362,2021-10-01 16:04:00,AEP
81.87,81.8809,81.87,81.87,3745,2021-10-01 16:05:00,AEP
81.875,81.9,81.87,81.9,2064,2021-10-01 16:06:00,AEP
81.9,81.94,81.9,81.94,4000,2021-10-01 16:07:00,AEP
81.92,81.945,81.9,81.93,900,2021-10-01 16:08:00,AEP
81.929,81.995,81.929,81.99,4043,2021-10-01 16:09:00,AEP
81.99,82.02,81.98,81.99,5396,2021-10-01 16:10:00,AEP
81.97,82.01,81.95,82.01,3150,2021-10-01 16:11:00,AEP
82.02,82.07,82.02,82.06,8023,2021-10-01 16:12:00,AEP
82.07,82.07,82.03,82.03,4161,2021-10-01 16:13:00,AEP
82.02,82.02,81.98,81.99,6639,2021-10-01 16:14:00,AEP
82.02,82.025,81.95,81.95,5198,2021-10-01 16:15:00,AEP
81.95,81.965,81.91,81.96,5864,2021-10-01 16:16:00,AEP
81.97,81.97,81.935,81.97,3797,2021-10-01 16:17:00,AEP
81.95,81.95,81.89,81.89,1649,2021-10-01 16:18:00,AEP
81.91,81.95,81.91,81.95,2552,2021-10-01 16:19:00,AEP
81.94,82.0,81.94,81.975,2141,2021-10-01 16:20:00,AEP
81.97,81.97,81.93,81.9365,3113,2021-10-01 16:21:00,AEP
81.93,81.97,81.93,81.96,2550,2021-10-01 16:22:00,AEP
81.97,81.99,81.97,81.98,2685,2021-10-01 16:23:00,AEP
81.99,81.99,81.965,81.965,1430,2021-10-01 16:24:00,AEP
81.97,81.97,81.89,81.9,2750,2021-10-01 16:25:00,AEP
81.89,81.93,81.87,81.92,2000,2021-10-01 16:26:00,AEP
81.88,81.885,81.87,81.87,2677,2021-10-01 16:27:00,AEP
81.88,81.88,81.86,81.8633,1131,2021-10-01 16:28:00,AEP
81.87,81.88,81.87,81.875,1800,2021-10-01 16:29:00,AEP
81.875,81.9,81.86,81.9,2533,2021-10-01 16:30:00,AEP
81.9,81.92,81.9,81.9,1688,2021-10-01 16:31:00,AEP
81.89,81.8999,81.88,81.8899,1886,2021-10-01 16:32:00,AEP
81.88,81.91,81.87,81.91,1718,2021-10-01 16:33:00,AEP
81.88,81.88,81.86,81.87,969,2021-10-01 16:34:00,AEP
81.87,81.91,81.87,81.91,2793,2021-10-01 16:35:00,AEP
81.905,81.905,81.87,81.87,2190,2021-10-01 16:36:00,AEP
81.8633,81.9,81.86,81.89,3298,2021-10-01 16:37:00,AEP
81.89,81.89,81.86,81.87,5212,2021-10-01 16:38:00,AEP
81.86,81.87,81.75,81.83,9359,2021-10-01 16:39:00,AEP
81.83,81.89,81.8,81.88,14319,2021-10-01 16:40:00,AEP
81.88,81.92,81.88,81.91,1992,2021-10-01 16:41:00,AEP
81.92,81.92,81.89,81.92,2436,2021-10-01 16:42:00,AEP
81.9,81.9,81.88,81.9,1770,2021-10-01 16:43:00,AEP
81.89,81.92,81.88,81.92,2100,2021-10-01 16:44:00,AEP
81.895,81.9243,81.89,81.9201,1827,2021-10-01 16:45:00,AEP
81.9,81.92,81.9,81.92,1811,2021-10-01 16:46:00,AEP
81.915,81.92,81.895,81.92,2707,2021-10-01 16:47:00,AEP
81.915,81.92,81.85,81.85,2590,2021-10-01 16:48:00,AEP
81.83,81.87,81.83,81.86,2729,2021-10-01 16:49:00,AEP
81.87,81.87,81.82,81.82,1499,2021-10-01 16:50:00,AEP
81.83,81.86,81.83,81.835,1381,2021-10-01 16:51:00,AEP
81.83,81.83,81.8,81.82,3077,2021-10-01 16:52:00,AEP
81.825,81.825,81.815,81.82,1716,2021-10-01 16:53:00,AEP
81.82,81.835,81.82,81.83,2048,2021-10-01 16:54:00,AEP
81.84,81.85,81.79,81.83,2312,2021-10-01 16:55:00,AEP
81.83,81.855,81.8,81.8,3040,2021-10-01 16:56:00,AEP
81.805,81.805,81.78,81.79,2480,2021-10-01 16:57:00,AEP
81.8,81.8,81.76,81.76,1489,2021-10-01 16:58:00,AEP
81.76,81.76,81.69,81.71,3000,2021-10-01 16:59:00,AEP
81.71,81.73,81.68,81.685,1655,2021-10-01 17:00:00,AEP
81.68,81.74,81.675,81.72,2400,2021-10-01 17:01:00,AEP
81.72,81.72,81.63,81.645,1977,2021-10-01 17:02:00,AEP
81.65,81.69,81.645,81.69,5268,2021-10-01 17:03:00,AEP
81.69,81.69,81.64,81.64,700,2021-10-01 17:04:00,AEP
81.64,81.655,81.64,81.64,5753,2021-10-01 17:05:00,AEP
81.65,81.69,81.64,81.69,2013,2021-10-01 17:06:00,AEP
81.66,81.66,81.64,81.65,1100,2021-10-01 17:07:00,AEP
81.655,81.655,81.63,81.63,2932,2021-10-01 17:08:00,AEP
81.63,81.69,81.63,81.69,2300,2021-10-01 17:09:00,AEP
81.7,81.71,81.68,81.68,2390,2021-10-01 17:10:00,AEP
81.67,81.67,81.6459,81.6459,1956,2021-10-01 17:11:00,AEP
81.65,81.65,81.645,81.65,1200,2021-10-01 17:12:00,AEP
81.65,81.655,81.62,81.625,1673,2021-10-01 17:13:00,AEP
81.62,81.625,81.61,81.615,1721,2021-10-01 17:14:00,AEP
81.63,81.65,81.62,81.62,3416,2021-10-01 17:15:00,AEP
81.63,81.645,81.61,81.61,900,2021-10-01 17:16:00,AEP
81.6221,81.6221,81.61,81.61,1545,2021-10-01 17:17:00,AEP
81.61,81.61,81.605,81.61,1653,2021-10-01 17:18:00,AEP
81.61,81.61,81.57,81.57,1388,2021-10-01 17:19:00,AEP
81.56,81.57,81.54,81.57,2635,2021-10-01 17:20:00,AEP
81.55,81.55,81.52,81.52,1578,2021-10-01 17:21:00,AEP
81.515,81.515,81.46,81.46,1825,2021-10-01 17:22:00,AEP
81.455,81.49,81.445,81.47,3638,2021-10-01 17:23:00,AEP
81.4599,81.48,81.45,81.48,1621,2021-10-01 17:24:00,AEP
81.48,81.485,81.475,81.475,1488,2021-10-01 17:25:00,AEP
81.471,81.475,81.46,81.46,1972,2021-10-01 17:26:00,AEP
81.46,81.4763,81.46,81.47,2385,2021-10-01 17:27:00,AEP
81.48,81.48,81.4202,81.435,4073,2021-10-01 17:28:00,AEP
81.425,81.43,81.4,81.4,1290,2021-10-01 17:29:00,AEP
81.41,81.46,81.41,81.46,2524,2021-10-01 17:30:00,AEP
81.47,81.5,81.47,81.49,1448,2021-10-01 17:31:00,AEP
81.515,81.515,81.47,81.48,3504,2021-10-01 17:32:00,AEP
81.52,81.53,81.52,81.53,661,2021-10-01 17:33:00,AEP
81.53,81.54,81.52,81.52,1901,2021-10-01 17:34:00,AEP
81.535,81.55,81.53,81.55,600,2021-10-01 17:35:00,AEP
81.55,81.57,81.55,81.555,1290,2021-10-01 17:36:00,AEP
81.55,81.58,81.545,81.56,2002,2021-10-01 17:37:00,AEP
81.57,81.59,81.57,81.585,1520,2021-10-01 17:38:00,AEP
81.59,81.61,81.585,81.59,2689,2021-10-01 17:39:00,AEP
81.585,81.65,81.585,81.64,3531,2021-10-01 17:40:00,AEP
81.64,81.64,81.62,81.63,1675,2021-10-01 17:41:00,AEP
81.64,81.65,81.6317,81.6317,1024,2021-10-01 17:42:00,AEP
81.635,81.67,81.635,81.67,1928,2021-10-01 17:43:00,AEP
81.67,81.67,81.6599,81.67,3156,2021-10-01 17:44:00,AEP
81.675,81.685,81.67,81.68,800,2021-10-01 17:45:00,AEP
81.68,81.695,81.68,81.695,1307,2021-10-01 17:46:00,AEP
81.69,81.76,81.69,81.76,2300,2021-10-01 17:47:00,AEP
81.77,81.78,81.7,81.72,14797,2021-10-01 17:48:00,AEP
81.72,81.77,81.72,81.77,3372,2021-10-01 17:49:00,AEP
81.76,81.79,81.76,81.79,1600,2021-10-01 17:50:00,AEP
81.77,81.775,81.77,81.775,200,2021-10-01 17:51:00,AEP
81.77,81.82,81.76,81.81,4708,2021-10-01 17:52:00,AEP
81.81,81.82,81.81,81.815,1200,2021-10-01 17:53:00,AEP
81.79,81.8,81.78,81.78,1700,2021-10-01 17:54:00,AEP
81.79,81.79,81.74,81.77,2181,2021-10-01 17:55:00,AEP
81.75,81.76,81.7,81.7,700,2021-10-01 17:56:00,AEP
81.7,81.73,81.7,81.725,2323,2021-10-01 17:57:00,AEP
81.73,81.75,81.7,81.71,2686,2021-10-01 17:58:00,AEP
81.73,81.73,81.6641,81.68,1550,2021-10-01 17:59:00,AEP
81.68,81.72,81.68,81.72,2300,2021-10-01 18:00:00,AEP
81.72,81.72,81.68,81.69,677,2021-10-01 18:01:00,AEP
81.69,81.71,81.685,81.7,3222,2021-10-01 18:02:00,AEP
81.69,81.71,81.69,81.71,2007,2021-10-01 18:03:00,AEP
81.73,81.74,81.725,81.73,800,2021-10-01 18:04:00,AEP
81.725,81.74,81.71,81.71,2947,2021-10-01 18:05:00,AEP
81.695,81.78,81.69,81.78,2749,2021-10-01 18:06:00,AEP
81.82,81.82,81.81,81.82,1400,2021-10-01 18:07:00,AEP
81.8,81.825,81.8,81.82,1873,2021-10-01 18:08:00,AEP
81.815,81.84,81.8116,81.825,1644,2021-10-01 18:09:00,AEP
81.8049,81.85,81.795,81.84,3572,2021-10-01 18:10:00,AEP
81.85,81.85,81.79,81.81,3100,2021-10-01 18:11:00,AEP
81.83,81.86,81.83,81.8501,1785,2021-10-01 18:12:00,AEP
81.85,81.85,81.805,81.81,1585,2021-10-01 18:13:00,AEP
81.81,81.84,81.8,81.82,2579,2021-10-01 18:14:00,AEP
81.83,81.83,81.815,81.815,927,2021-10-01 18:15:00,AEP
81.82,81.84,81.82,81.84,1749,2021-10-01 18:16:00,AEP
81.83,81.85,81.82,81.84,9943,2021-10-01 18:17:00,AEP
81.845,81.845,81.815,81.82,5387,2021-10-01 18:18:00,AEP
81.82,81.82,81.81,81.81,1321,2021-10-01 18:19:00,AEP
81.82,81.87,81.82,81.87,3944,2021-10-01 18:20:00,AEP
81.8799,81.895,81.8799,81.895,2250,2021-10-01 18:21:00,AEP
81.9,81.91,81.89,81.89,2546,2021-10-01 18:22:00,AEP
81.89,81.895,81.88,81.895,1265,2021-10-01 18:23:00,AEP
81.88,81.885,81.86,81.86,1300,2021-10-01 18:24:00,AEP
81.86,81.88,81.86,81.87,5783,2021-10-01 18:25:00,AEP
81.87,81.8916,81.845,81.85,4638,2021-10-01 18:26:00,AEP
81.855,81.855,81.85,81.85,300,2021-10-01 18:27:00,AEP
81.8465,81.854,81.82,81.83,3156,2021-10-01 18:28:00,AEP
81.84,81.88,81.84,81.88,4369,2021-10-01 18:29:00,AEP
81.87,81.88,81.865,81.87,2513,2021-10-01 18:30:00,AEP
81.88,81.88,81.87,81.88,1571,2021-10-01 18:31:00,AEP
81.88,81.885,81.83,81.855,3116,2021-10-01 18:32:00,AEP
81.8608,81.87,81.84,81.84,4771,2021-10-01 18:33:00,AEP
81.835,81.84,81.82,81.84,7702,2021-10-01 18:34:00,AEP
81.84,81.91,81.84,81.91,4885,2021-10-01 18:35:00,AEP
81.91,81.92,81.9,81.9,2432,2021-10-01 18:36:00,AEP
81.89,81.89,81.875,81.88,2924,2021-10-01 18:37:00,AEP
81.875,81.89,81.86,81.8818,2806,2021-10-01 18:38:00,AEP
81.89,81.9,81.88,81.89,1628,2021-10-01 18:39:00,AEP
81.895,81.895,81.84,81.85,2288,2021-10-01 18:40:00,AEP
81.81,81.82,81.81,81.82,2070,2021-10-01 18:41:00,AEP
81.81,81.82,81.79,81.79,1200,2021-10-01 18:42:00,AEP
81.79,81.79,81.7,81.7,2132,2021-10-01 18:43:00,AEP
81.68,81.7,81.66,81.68,2310,2021-10-01 18:44:00,AEP
81.66,81.66,81.63,81.63,5477,2021-10-01 18:45:00,AEP
81.64,81.68,81.64,81.68,2200,2021-10-01 18:46:00,AEP
81.675,81.675,81.64,81.65,2322,2021-10-01 18:47:00,AEP
81.632,81.66,81.632,81.65,2402,2021-10-01 18:48:00,AEP
81.65,81.67,81.64,81.67,2306,2021-10-01 18:49:00,AEP
81.67,81.68,81.65,81.65,2322,2021-10-01 18:50:00,AEP
81.65,81.67,81.65,81.67,1171,2021-10-01 18:51:00,AEP
81.67,81.69,81.67,81.68,3117,2021-10-01 18:52:00,AEP
81.67,81.67,81.65,81.67,2330,2021-10-01 18:53:00,AEP
81.6779,81.69,81.6779,81.69,591,2021-10-01 18:54:00,AEP
81.6928,81.74,81.6928,81.74,2822,2021-10-01 18:55:00,AEP
81.73,81.75,81.72,81.75,2500,2021-10-01 18:56:00,AEP
81.7521,81.825,81.7521,81.82,7873,2021-10-01 18:57:00,AEP
81.825,81.85,81.825,81.84,6348,2021-10-01 18:58:00,AEP
81.84,81.84,81.79,81.79,2717,2021-10-01 18:59:00,AEP
81.79,81.85,81.79,81.85,7385,2021-10-01 19:00:00,AEP
81.84,81.89,81.84,81.89,2211,2021-10-01 19:01:00,AEP
81.89,81.89,81.8749,81.88,2205,2021-10-01 19:02:00,AEP
81.88,81.885,81.87,81.875,1426,2021-10-01 19:03:00,AEP
81.88,81.89,81.82,81.82,5482,2021-10-01 19:04:00,AEP
81.81,81.84,81.81,81.83,2804,2021-10-01 19:05:00,AEP
81.83,81.83,81.81,81.83,2623,2021-10-01 19:06:00,AEP
81.83,81.88,81.83,81.88,9236,2021-10-01 19:07:00,AEP
81.88,81.925,81.88,81.925,6315,2021-10-01 19:08:00,AEP
81.93,81.97,81.93,81.97,4489,2021-10-01 19:09:00,AEP
81.98,82.04,81.98,82.04,10240,2021-10-01 19:10:00,AEP
82.05,82.055,81.99,81.995,13798,2021-10-01 19:11:00,AEP
82.0,82.01,81.99,82.005,6123,2021-10-01 19:12:00,AEP
82.0,82.02,81.985,81.985,11033,2021-10-01 19:13:00,AEP
81.9899,81.995,81.96,81.995,13660,2021-10-01 19:14:00,AEP
82.0,82.025,82.0,82.025,2895,2021-10-01 19:15:00,AEP
82.02,82.05,82.02,82.045,5653,2021-10-01 19:16:00,AEP
82.04,82.045,81.97,81.975,7078,2021-10-01 19:17:00,AEP
81.97,81.975,81.91,81.91,11478,2021-10-01 19:18:00,AEP
81.91,81.96,81.91,81.955,8276,2021-10-01 19:19:00,AEP
81.96,82.035,81.96,82.035,11483,2021-10-01 19:20:00,AEP
82.04,82.04,81.955,81.955,6632,2021-10-01 19:21:00,AEP
81.96,81.96,81.92,81.92,2009,2021-10-01 19:22:00,AEP
81.92,81.93,81.905,81.91,4659,2021-10-01 19:23:00,AEP
81.905,81.905,81.87,81.88,3900,2021-10-01 19:24:00,AEP
81.88,81.88,81.85,81.85,1960,2021-10-01 19:25:00,AEP
81.85,81.88,81.83,81.845,5772,2021-10-01 19:26:00,AEP
81.845,81.855,81.795,81.8,4788,2021-10-01 19:27:00,AEP
81.81,81.835,81.8,81.835,4100,2021-10-01 19:28:00,AEP
81.815,81.815,81.8,81.8,1484,2021-10-01 19:29:00,AEP
81.8,81.8,81.76,81.77,2638,2021-10-01 19:30:00,AEP
81.775,81.775,81.72,81.74,6542,2021-10-01 19:31:00,AEP
81.74,81.75,81.69,81.69,4149,2021-10-01 19:32:00,AEP
81.69,81.74,81.69,81.74,4901,2021-10-01 19:33:00,AEP
81.76,81.81,81.755,81.81,4959,2021-10-01 19:34:00,AEP
81.8,81.8,81.76,81.77,2500,2021-10-01 19:35:00,AEP
81.765,81.765,81.72,81.72,2157,2021-10-01 19:36:00,AEP
81.72,81.725,81.67,81.67,5785,2021-10-01 19:37:00,AEP
81.66,81.66,81.61,81.61,2215,2021-10-01 19:38:00,AEP
81.6,81.605,81.55,81.55,1963,2021-10-01 19:39:00,AEP
81.53,81.58,81.5,81.575,7587,2021-10-01 19:40:00,AEP
81.575,81.585,81.54,81.57,9425,2021-10-01 19:41:00,AEP
81.565,81.565,81.52,81.54,5690,2021-10-01 19:42:00,AEP
81.55,81.56,81.52,81.56,3960,2021-10-01 19:43:00,AEP
81.555,81.56,81.505,81.555,5954,2021-10-01 19:44:00,AEP
81.54,81.6,81.535,81.54,5628,2021-10-01 19:45:00,AEP
81.54,81.56,81.47,81.47,5372,2021-10-01 19:46:00,AEP
81.48,81.51,81.47,81.475,10079,2021-10-01 19:47:00,AEP
81.475,81.56,81.4715,81.56,4378,2021-10-01 19:48:00,AEP
81.57,81.58,81.54,81.545,6730,2021-10-01 19:49:00,AEP
81.55,81.6,81.53,81.56,19606,2021-10-01 19:50:00,AEP
81.56,81.56,81.5,81.53,13167,2021-10-01 19:51:00,AEP
81.51,81.6,81.51,81.6,6733,2021-10-01 19:52:00,AEP
81.59,81.68,81.57,81.66,12288,2021-10-01 19:53:00,AEP
81.65,81.66,81.56,81.56,7068,2021-10-01 19:54:00,AEP
81.57,81.58,81.44,81.46,24469,2021-10-01 19:55:00,AEP
81.46,81.49,81.43,81.46,21747,2021-10-01 19:56:00,AEP
81.48,81.52,81.43,81.44,12703,2021-10-01 19:57:00,AEP
81.44,81.46,81.3,81.3049,32344,2021-10-01 19:58:00,AEP
81.32,81.38,81.29,81.38,106221,2021-10-01 19:59:00,AEP
81.38,81.38,81.38,81.38,284274,2021-10-01 20:00:00,AEP
81.38,81.38,81.23,81.23,7433,2021-10-01 20:01:00,AEP
81.38,81.38,81.38,81.38,16578,2021-10-01 20:02:00,AEP
81.38,81.38,81.38,81.38,22999,2021-10-01 20:03:00,AEP
81.36,81.36,81.36,81.36,400,2021-10-01 20:22:00,AEP
81.38,81.38,81.38,81.38,46726,2021-10-01 20:43:00,AEP
81.36,81.36,81.36,81.36,125,2021-10-01 20:50:00,AEP
81.47,81.47,81.47,81.47,100,2021-10-01 23:23:00,AEP
81.4,81.4,81.4,81.4,100,2021-10-01 23:45:00,AEP
81.36,81.38,81.36,81.38,676,2021-10-04 11:01:00,AEP
81.55,81.55,81.55,81.55,100,2021-10-04 11:05:00,AEP
81.59,81.59,81.59,81.59,200,2021-10-04 12:11:00,AEP
81.51,81.51,81.51,81.51,499,2021-10-04 13:18:00,AEP
81.5,81.5,81.5,81.5,8969,2021-10-04 13:25:00,AEP
81.29,81.29,81.29,81.29,200,2021-10-04 13:29:00,AEP
81.34,81.48,81.3,81.48,48693,2021-10-04 13:30:00,AEP
81.5727,81.79,81.52,81.79,2323,2021-10-04 13:31:00,AEP
81.79,81.79,81.73,81.76,1656,2021-10-04 13:32:00,AEP
81.8,81.88,81.72,81.77,1700,2021-10-04 13:33:00,AEP
81.8,81.89,81.8,81.88,1300,2021-10-04 13:34:00,AEP
81.88,81.935,81.82,81.82,3900,2021-10-04 13:35:00,AEP
81.885,81.95,81.86,81.8882,850,2021-10-04 13:36:00,AEP
81.96,81.99,81.96,81.99,933,2021-10-04 13:37:00,AEP
81.99,82.05,81.965,82.05,2900,2021-10-04 13:38:00,AEP
82.0667,82.15,82.0667,82.1,3002,2021-10-04 13:39:00,AEP
82.095,82.12,82.0,82.0,2700,2021-10-04 13:40:00,AEP
81.97,82.062,81.97,82.062,629,2021-10-04 13:41:00,AEP
82.07,82.14,82.03,82.14,600,2021-10-04 13:42:00,AEP
82.1,82.14,82.08,82.12,1917,2021-10-04 13:43:00,AEP
82.08,82.11,82.06,82.1087,4110,2021-10-04 13:44:00,AEP
82.16,82.2042,82.11,82.11,2444,2021-10-04 13:45:00,AEP
82.1,82.1,82.04,82.05,4587,2021-10-04 13:46:00,AEP
82.06,82.11,82.06,82.1,1858,2021-10-04 13:47:00,AEP
82.12,82.21,82.07,82.18,6229,2021-10-04 13:48:00,AEP
82.18,82.18,82.13,82.16,2489,2021-10-04 13:49:00,AEP
82.16,82.25,82.16,82.215,3576,2021-10-04 13:50:00,AEP
82.18,82.18,81.98,81.98,4462,2021-10-04 13:51:00,AEP
82.005,82.06,81.99,81.99,3979,2021-10-04 13:52:00,AEP
81.95,82.13,81.95,82.06,2544,2021-10-04 13:53:00,AEP
82.0,82.01,81.97,81.99,1774,2021-10-04 13:54:00,AEP
81.99,82.07,81.95,82.0058,3691,2021-10-04 13:55:00,AEP
82.02,82.05,81.95,81.97,3324,2021-10-04 13:56:00,AEP
81.98,82.03,81.96,82.03,3406,2021-10-04 13:57:00,AEP
82.03,82.045,81.95,82.01,4014,2021-10-04 13:58:00,AEP
82.01,82.0285,81.94,81.97,4252,2021-10-04 13:59:00,AEP
81.96,82.07,81.96,82.01,2600,2021-10-04 14:00:00,AEP
81.99,82.01,81.9136,81.96,5806,2021-10-04 14:01:00,AEP
81.93,81.95,81.87,81.88,2366,2021-10-04 14:02:00,AEP
81.88,81.93,81.85,81.91,4922,2021-10-04 14:03:00,AEP
81.91,81.91,81.82,81.895,4385,2021-10-04 14:04:00,AEP
81.91,81.93,81.86,81.87,5844,2021-10-04 14:05:00,AEP
81.86,81.86,81.76,81.79,5903,2021-10-04 14:06:00,AEP
81.79,81.88,81.79,81.88,3324,2021-10-04 14:07:00,AEP
81.86,81.92,81.835,81.9,3758,2021-10-04 14:08:00,AEP
81.89,81.91,81.87,81.91,2631,2021-10-04 14:09:00,AEP
81.89,81.98,81.89,81.97,4001,2021-10-04 14:10:00,AEP
81.96,81.99,81.87,81.99,3057,2021-10-04 14:11:00,AEP
82.0,82.16,82.0,82.14,2852,2021-10-04 14:12:00,AEP
82.12,82.225,82.12,82.16,5567,2021-10-04 14:13:00,AEP
82.17,82.21,82.17,82.18,1484,2021-10-04 14:14:00,AEP
82.18,82.2,82.09,82.09,2559,2021-10-04 14:15:00,AEP
82.06,82.13,82.05,82.12,1766,2021-10-04 14:16:00,AEP
82.09,82.13,82.0783,82.1258,3306,2021-10-04 14:17:00,AEP
82.1,82.2,82.1,82.17,5320,2021-10-04 14:18:00,AEP
82.195,82.31,82.195,82.29,11367,2021-10-04 14:19:00,AEP
82.31,82.31,82.27,82.27,7707,2021-10-04 14:20:00,AEP
82.28,82.28,82.19,82.22,6852,2021-10-04 14:21:00,AEP
82.21,82.27,82.2,82.24,6302,2021-10-04 14:22:00,AEP
82.25,82.25,82.17,82.17,9936,2021-10-04 14:23:00,AEP
82.17,82.18,82.04,82.04,4170,2021-10-04 14:24:00,AEP
82.05,82.0813,82.05,82.05,4909,2021-10-04 14:25:00,AEP
82.02,82.09,81.99,82.09,7145,2021-10-04 14:26:00,AEP
82.08,82.16,82.08,82.12,15711,2021-10-04 14:27:00,AEP
82.09,82.14,82.03,82.06,30070,2021-10-04 14:28:00,AEP
82.1,82.185,82.1,82.16,3160,2021-10-04 14:29:00,AEP
82.15,82.2,82.1,82.19,5011,2021-10-04 14:30:00,AEP
82.25,82.25,82.15,82.225,2071,2021-10-04 14:31:00,AEP
82.18,82.26,82.18,82.25,1900,2021-10-04 14:32:00,AEP
82.24,82.26,82.24,82.25,3212,2021-10-04 14:33:00,AEP
82.25,82.25,82.18,82.21,6116,2021-10-04 14:34:00,AEP
82.2,82.21,82.11,82.16,5322,2021-10-04 14:35:00,AEP
82.16,82.28,82.16,82.28,9562,2021-10-04 14:36:00,AEP
82.25,82.28,82.2,82.2,4093,2021-10-04 14:37:00,AEP
82.195,82.2,82.1,82.14,4004,2021-10-04 14:38:00,AEP
82.13,82.14,82.0371,82.08,2909,2021-10-04 14:39:00,AEP
82.08,82.13,82.06,82.06,2000,2021-10-04 14:40:00,AEP
82.07,82.13,82.06,82.13,3818,2021-10-04 14:41:00,AEP
82.14,82.21,82.14,82.2,3668,2021-10-04 14:42:00,AEP
82.2,82.24,82.19,82.22,3003,2021-10-04 14:43:00,AEP
82.21,82.2465,82.21,82.2465,1499,2021-10-04 14:44:00,AEP
82.215,82.26,82.18,82.24,6451,2021-10-04 14:45:00,AEP
82.21,82.27,82.18,82.27,2160,2021-10-04 14:46:00,AEP
82.27,82.32,82.25,82.3,3904,2021-10-04 14:47:00,AEP
82.33,82.36,82.29,82.29,3755,2021-10-04 14:48:00,AEP
82.29,82.34,82.28,82.33,4069,2021-10-04 14:49:00,AEP
82.36,82.47,82.36,82.47,4218,2021-10-04 14:50:00,AEP
82.43,82.43,82.34,82.36,2076,2021-10-04 14:51:00,AEP
82.37,82.38,82.34,82.37,2059,2021-10-04 14:52:00,AEP
82.41,82.41,82.3,82.32,5024,2021-10-04 14:53:00,AEP
82.31,82.3266,82.27,82.32,3175,2021-10-04 14:54:00,AEP
82.3,82.31,82.24,82.24,4794,2021-10-04 14:55:00,AEP
82.25,82.28,82.24,82.26,3898,2021-10-04 14:56:00,AEP
82.27,82.27,82.21,82.21,2867,2021-10-04 14:57:00,AEP
82.2,82.21,82.15,82.2001,3173,2021-10-04 14:58:00,AEP
82.2,82.2,82.07,82.1,5037,2021-10-04 14:59:00,AEP
82.12,82.12,82.07,82.1,2876,2021-10-04 15:00:00,AEP
82.11,82.12,82.02,82.11,6193,2021-10-04 15:01:00,AEP
82.11,82.13,82.06,82.06,6020,2021-10-04 15:02:00,AEP
82.06,82.095,82.05,82.095,1225,2021-10-04 15:03:00,AEP
82.07,82.07,82.03,82.04,3010,2021-10-04 15:04:00,AEP
82.05,82.0834,82.01,82.06,10965,2021-10-04 15:05:00,AEP
82.07,82.17,82.07,82.14,1700,2021-10-04 15:06:00,AEP
82.13,82.13,82.05,82.1,3171,2021-10-04 15:07:00,AEP
82.11,82.14,82.11,82.12,1581,2021-10-04 15:08:00,AEP
82.09,82.09,82.055,82.08,2010,2021-10-04 15:09:00,AEP
82.06,82.09,82.03,82.04,4659,2021-10-04 15:10:00,AEP
82.06,82.09,82.06,82.09,900,2021-10-04 15:11:00,AEP
82.09,82.14,82.07,82.14,2223,2021-10-04 15:12:00,AEP
82.14,82.2,82.14,82.2,2590,2021-10-04 15:13:00,AEP
82.2,82.2,82.139,82.15,2041,2021-10-04 15:14:00,AEP
82.18,82.22,82.14,82.21,3099,2021-10-04 15:15:00,AEP
82.23,82.2968,82.22,82.2968,2559,2021-10-04 15:16:00,AEP
82.3,82.33,82.2588,82.279,4835,2021-10-04 15:17:00,AEP
82.27,82.27,82.22,82.22,3332,2021-10-04 15:18:00,AEP
82.2,82.2,82.19,82.2,2160,2021-10-04 15:19:00,AEP
82.21,82.21,82.14,82.16,1790,2021-10-04 15:20:00,AEP
82.17,82.22,82.17,82.21,870,2021-10-04 15:21:00,AEP
82.22,82.22,82.18,82.19,2460,2021-10-04 15:22:00,AEP
82.19,82.26,82.19,82.23,1886,2021-10-04 15:23:00,AEP
82.25,82.25,82.19,82.19,2171,2021-10-04 15:24:00,AEP
82.2,82.25,82.19,82.25,2666,2021-10-04 15:25:00,AEP
82.24,82.33,82.22,82.33,3618,2021-10-04 15:26:00,AEP
82.31,82.35,82.27,82.27,1889,2021-10-04 15:27:00,AEP
82.29,82.29,82.26,82.26,2945,2021-10-04 15:28:00,AEP
82.27,82.28,82.2585,82.28,2569,2021-10-04 15:29:00,AEP
82.28,82.28,82.14,82.17,5459,2021-10-04 15:30:00,AEP
82.19,82.2,82.15,82.1801,1593,2021-10-04 15:31:00,AEP
82.18,82.18,82.12,82.16,3628,2021-10-04 15:32:00,AEP
82.17,82.19,82.15,82.16,1400,2021-10-04 15:33:00,AEP
82.17,82.19,82.15,82.17,5788,2021-10-04 15:34:00,AEP
82.16,82.21,82.09,82.11,4821,2021-10-04 15:35:00,AEP
82.12,82.18,82.105,82.16,2155,2021-10-04 15:36:00,AEP
82.16,82.16,82.12,82.12,2341,2021-10-04 15:37:00,AEP
82.13,82.17,82.09,82.09,3370,2021-10-04 15:38:00,AEP
82.08,82.1,82.05,82.07,2240,2021-10-04 15:39:00,AEP
82.05,82.07,82.05,82.05,3385,2021-10-04 15:40:00,AEP
82.045,82.14,82.045,82.12,2919,2021-10-04 15:41:00,AEP
82.13,82.19,82.12,82.19,2634,2021-10-04 15:42:00,AEP
82.19,82.195,82.13,82.15,2900,2021-10-04 15:43:00,AEP
82.13,82.19,82.1,82.19,1648,2021-10-04 15:44:00,AEP
82.15,82.19,82.14,82.14,2386,2021-10-04 15:45:00,AEP
82.14,82.22,82.12,82.2,3099,2021-10-04 15:46:00,AEP
82.2,82.22,82.18,82.22,4993,2021-10-04 15:47:00,AEP
82.235,82.24,82.22,82.24,500,2021-10-04 15:48:00,AEP
82.245,82.29,82.245,82.26,2000,2021-10-04 15:49:00,AEP
82.29,82.29,82.27,82.27,1196,2021-10-04 15:50:00,AEP
82.29,82.33,82.29,82.29,3032,2021-10-04 15:51:00,AEP
82.31,82.31,82.24,82.24,2050,2021-10-04 15:52:00,AEP
82.25,82.31,82.25,82.26,3986,2021-10-04 15:53:00,AEP
82.26,82.28,82.23,82.27,3477,2021-10-04 15:54:00,AEP
82.24,82.24,82.15,82.21,2329,2021-10-04 15:55:00,AEP
82.2297,82.26,82.21,82.2599,2094,2021-10-04 15:56:00,AEP
82.26,82.28,82.26,82.26,1100,2021-10-04 15:57:00,AEP
82.22,82.35,82.22,82.34,6891,2021-10-04 15:58:00,AEP
82.35,82.35,82.28,82.28,2119,2021-10-04 15:59:00,AEP
82.26,82.3699,82.26,82.3699,4445,2021-10-04 16:00:00,AEP
82.35,82.36,82.35,82.35,1900,2021-10-04 16:01:00,AEP
82.34,82.3499,82.325,82.33,2250,2021-10-04 16:02:00,AEP
82.33,82.34,82.32,82.33,1100,2021-10-04 16:03:00,AEP
82.34,82.37,82.32,82.32,2300,2021-10-04 16:04:00,AEP
82.33,82.34,82.31,82.31,2000,2021-10-04 16:05:00,AEP
82.325,82.3521,82.325,82.3521,5978,2021-10-04 16:06:00,AEP
82.35,82.37,82.34,82.37,13683,2021-10-04 16:07:00,AEP
82.375,82.38,82.36,82.36,800,2021-10-04 16:08:00,AEP
82.4,82.44,82.38,82.4,7770,2021-10-04 16:09:00,AEP
82.39,82.395,82.37,82.38,4176,2021-10-04 16:10:00,AEP
82.385,82.43,82.37,82.42,2835,2021-10-04 16:11:00,AEP
82.44,82.445,82.43,82.43,1400,2021-10-04 16:12:00,AEP
82.44,82.44,82.415,82.42,2755,2021-10-04 16:13:00,AEP
82.41,82.42,82.38,82.38,13571,2021-10-04 16:14:00,AEP
82.38,82.4,82.37,82.37,1413,2021-10-04 16:15:00,AEP
82.36,82.41,82.36,82.41,1500,2021-10-04 16:16:00,AEP
82.42,82.42,82.39,82.42,3042,2021-10-04 16:17:00,AEP
82.4194,82.4194,82.37,82.37,2307,2021-10-04 16:18:00,AEP
82.36,82.36,82.355,82.36,800,2021-10-04 16:19:00,AEP
82.38,82.38,82.36,82.36,1550,2021-10-04 16:20:00,AEP
82.37,82.37,82.34,82.34,3355,2021-10-04 16:21:00,AEP
82.33,82.375,82.33,82.3684,1200,2021-10-04 16:22:00,AEP
82.38,82.4,82.38,82.38,2589,2021-10-04 16:23:00,AEP
82.39,82.4,82.38,82.4,1600,2021-10-04 16:24:00,AEP
82.4,82.4,82.34,82.34,2296,2021-10-04 16:25:00,AEP
82.34,82.39,82.34,82.37,2600,2021-10-04 16:26:00,AEP
82.38,82.39,82.36,82.37,1100,2021-10-04 16:27:00,AEP
82.39,82.39,82.36,82.36,1418,2021-10-04 16:28:00,AEP
82.35,82.37,82.34,82.34,2400,2021-10-04 16:29:00,AEP
82.32,82.36,82.32,82.36,2548,2021-10-04 16:30:00,AEP
82.37,82.38,82.365,82.365,1895,2021-10-04 16:31:00,AEP
82.38,82.38,82.32,82.33,2626,2021-10-04 16:32:00,AEP
82.33,82.3686,82.33,82.34,2900,2021-10-04 16:33:00,AEP
82.35,82.36,82.35,82.35,586,2021-10-04 16:34:00,AEP
82.345,82.37,82.32,82.37,5290,2021-10-04 16:35:00,AEP
82.39,82.395,82.36,82.37,2183,2021-10-04 16:36:00,AEP
82.35,82.35,82.32,82.32,2611,2021-10-04 16:37:00,AEP
82.31,82.31,82.27,82.29,4872,2021-10-04 16:38:00,AEP
82.3,82.31,82.29,82.29,4876,2021-10-04 16:39:00,AEP
82.29,82.293,82.24,82.24,2371,2021-10-04 16:40:00,AEP
82.25,82.28,82.23,82.26,3397,2021-10-04 16:41:00,AEP
82.26,82.275,82.25,82.25,2555,2021-10-04 16:42:00,AEP
82.28,82.29,82.27,82.28,1140,2021-10-04 16:43:00,AEP
82.28,82.29,82.26,82.26,2642,2021-10-04 16:44:00,AEP
82.24,82.301,82.24,82.301,2300,2021-10-04 16:45:00,AEP
82.3,82.3013,82.2683,82.2683,4205,2021-10-04 16:46:00,AEP
82.27,82.28,82.24,82.245,4647,2021-10-04 16:47:00,AEP
82.26,82.31,82.26,82.31,1955,2021-10-04 16:48:00,AEP
82.31,82.31,82.28,82.29,1815,2021-10-04 16:49:00,AEP
82.33,82.36,82.33,82.36,1800,2021-10-04 16:50:00,AEP
82.36,82.36,82.31,82.315,3223,2021-10-04 16:51:00,AEP
82.32,82.33,82.295,82.31,2728,2021-10-04 16:52:00,AEP
82.33,82.37,82.33,82.37,2892,2021-10-04 16:53:00,AEP
82.355,82.41,82.33,82.4,2763,2021-10-04 16:54:00,AEP
82.4,82.435,82.4,82.405,2825,2021-10-04 16:55:00,AEP
82.4,82.4,82.37,82.38,3646,2021-10-04 16:56:00,AEP
82.38,82.3905,82.37,82.37,1300,2021-10-04 16:57:00,AEP
82.38,82.39,82.36,82.36,1850,2021-10-04 16:58:00,AEP
82.36,82.37,82.35,82.35,2723,2021-10-04 16:59:00,AEP
82.34,82.35,82.295,82.3,2492,2021-10-04 17:00:00,AEP
82.3,82.34,82.29,82.34,1400,2021-10-04 17:01:00,AEP
82.33,82.33,82.29,82.3,2600,2021-10-04 17:02:00,AEP
82.305,82.31,82.29,82.31,1751,2021-10-04 17:03:00,AEP
82.325,82.34,82.32,82.32,1767,2021-10-04 17:04:00,AEP
82.31,82.31,82.31,82.31,800,2021-10-04 17:05:00,AEP
82.33,82.36,82.32,82.35,2741,2021-10-04 17:06:00,AEP
82.36,82.4,82.34,82.3899,2150,2021-10-04 17:07:00,AEP
82.385,82.4391,82.38,82.4391,2111,2021-10-04 17:08:00,AEP
82.43,82.45,82.42,82.42,3127,2021-10-04 17:09:00,AEP
82.4,82.415,82.38,82.415,3000,2021-10-04 17:10:00,AEP
82.43,82.46,82.43,82.46,700,2021-10-04 17:11:00,AEP
82.455,82.455,82.455,82.455,100,2021-10-04 17:12:00,AEP
82.46,82.48,82.45,82.47,1380,2021-10-04 17:13:00,AEP
82.45,82.47,82.44,82.47,1589,2021-10-04 17:14:00,AEP
82.47,82.47,82.45,82.45,1259,2021-10-04 17:15:00,AEP
82.46,82.47,82.45,82.4516,2600,2021-10-04 17:16:00,AEP
82.44,82.44,82.43,82.43,1100,2021-10-04 17:17:00,AEP
82.43,82.51,82.42,82.51,7200,2021-10-04 17:18:00,AEP
82.51,82.535,82.505,82.535,3217,2021-10-04 17:19:00,AEP
82.53,82.54,82.5,82.525,10987,2021-10-04 17:20:00,AEP
82.53,82.55,82.53,82.55,3706,2021-10-04 17:21:00,AEP
82.55,82.585,82.535,82.585,3407,2021-10-04 17:22:00,AEP
82.59,82.62,82.59,82.62,2202,2021-10-04 17:23:00,AEP
82.62,82.6292,82.59,82.6,3800,2021-10-04 17:24:00,AEP
82.61,82.61,82.59,82.59,2300,2021-10-04 17:25:00,AEP
82.59,82.59,82.56,82.58,4888,2021-10-04 17:26:00,AEP
82.58,82.59,82.56,82.57,5110,2021-10-04 17:27:00,AEP
82.57,82.58,82.52,82.55,5500,2021-10-04 17:28:00,AEP
82.54,82.55,82.5,82.51,2207,2021-10-04 17:29:00,AEP
82.51,82.53,82.48,82.51,7512,2021-10-04 17:30:00,AEP
82.52,82.52,82.49,82.505,4100,2021-10-04 17:31:00,AEP
82.51,82.53,82.46,82.46,4028,2021-10-04 17:32:00,AEP
82.465,82.52,82.465,82.52,3458,2021-10-04 17:33:00,AEP
82.53,82.53,82.515,82.53,2423,2021-10-04 17:34:00,AEP
82.54,82.58,82.53,82.58,1983,2021-10-04 17:35:00,AEP
82.59,82.6152,82.58,82.6152,9595,2021-10-04 17:36:00,AEP
82.62,82.63,82.61,82.63,4980,2021-10-04 17:37:00,AEP
82.63,82.635,82.58,82.59,4533,2021-10-04 17:38:00,AEP
82.59,82.61,82.58,82.61,1764,2021-10-04 17:39:00,AEP
82.605,82.605,82.555,82.58,7581,2021-10-04 17:40:00,AEP
82.58,82.6,82.57,82.58,4141,2021-10-04 17:41:00,AEP
82.59,82.61,82.59,82.605,2488,2021-10-04 17:42:00,AEP
82.6,82.6099,82.595,82.6099,933,2021-10-04 17:43:00,AEP
82.61,82.62,82.6,82.6,4949,2021-10-04 17:44:00,AEP
82.6,82.6,82.56,82.57,3200,2021-10-04 17:45:00,AEP
82.55,82.55,82.52,82.535,1600,2021-10-04 17:46:00,AEP
82.53,82.55,82.53,82.55,2482,2021-10-04 17:47:00,AEP
82.555,82.58,82.55,82.58,3825,2021-10-04 17:48:00,AEP
82.57,82.5783,82.545,82.57,2695,2021-10-04 17:49:00,AEP
82.56,82.57,82.545,82.57,2629,2021-10-04 17:50:00,AEP
82.5711,82.585,82.565,82.585,1903,2021-10-04 17:51:00,AEP
82.58,82.59,82.5601,82.57,3082,2021-10-04 17:52:00,AEP
82.57,82.57,82.525,82.545,5164,2021-10-04 17:53:00,AEP
82.54,82.56,82.54,82.55,2677,2021-10-04 17:54:00,AEP
82.54,82.54,82.5,82.51,3712,2021-10-04 17:55:00,AEP
82.53,82.5459,82.52,82.53,2821,2021-10-04 17:56:00,AEP
82.535,82.535,82.5,82.52,1516,2021-10-04 17:57:00,AEP
82.52,82.5353,82.52,82.5353,2157,2021-10-04 17:58:00,AEP
82.52,82.52,82.48,82.48,2200,2021-10-04 17:59:00,AEP
82.48,82.5761,82.47,82.53,8492,2021-10-04 18:00:00,AEP
82.52,82.56,82.5,82.55,2100,2021-10-04 18:01:00,AEP
82.54,82.54,82.5,82.51,3695,2021-10-04 18:02:00,AEP
82.51,82.52,82.485,82.505,3100,2021-10-04 18:03:00,AEP
82.5,82.555,82.495,82.545,23422,2021-10-04 18:04:00,AEP
82.56,82.56,82.51,82.53,6768,2021-10-04 18:05:00,AEP
82.55,82.62,82.55,82.605,8260,2021-10-04 18:06:00,AEP
82.62,82.66,82.615,82.66,5153,2021-10-04 18:07:00,AEP
82.66,82.66,82.59,82.59,8701,2021-10-04 18:08:00,AEP
82.5925,82.6,82.59,82.59,2796,2021-10-04 18:09:00,AEP
82.59,82.6,82.575,82.59,3708,2021-10-04 18:10:00,AEP
82.605,82.66,82.585,82.595,21710,2021-10-04 18:11:00,AEP
82.595,82.595,82.535,82.54,5109,2021-10-04 18:12:00,AEP
82.53,82.56,82.53,82.56,3787,2021-10-04 18:13:00,AEP
82.56,82.56,82.53,82.55,2268,2021-10-04 18:14:00,AEP
82.57,82.62,82.565,82.62,2982,2021-10-04 18:15:00,AEP
82.62,82.63,82.6,82.62,2982,2021-10-04 18:16:00,AEP
82.62,82.66,82.61,82.66,2965,2021-10-04 18:17:00,AEP
82.66,82.68,82.645,82.68,10418,2021-10-04 18:18:00,AEP
82.68,82.7,82.67,82.7,3400,2021-10-04 18:19:00,AEP
82.71,82.7462,82.7,82.74,4744,2021-10-04 18:20:00,AEP
82.745,82.76,82.71,82.76,2954,2021-10-04 18:21:00,AEP
82.76,82.8,82.76,82.79,4138,2021-10-04 18:22:00,AEP
82.81,82.81,82.76,82.76,5353,2021-10-04 18:23:00,AEP
82.75,82.7699,82.74,82.745,3083,2021-10-04 18:24:00,AEP
82.75,82.75,82.7,82.74,2755,2021-10-04 18:25:00,AEP
82.74,82.74,82.72,82.73,2401,2021-10-04 18:26:00,AEP
82.72,82.75,82.71,82.725,3510,2021-10-04 18:27:00,AEP
82.72,82.72,82.71,82.72,1200,2021-10-04 18:28:00,AEP
82.74,82.775,82.74,82.76,7000,2021-10-04 18:29:00,AEP
82.76,82.78,82.75,82.76,6785,2021-10-04 18:30:00,AEP
82.775,82.79,82.74,82.74,15690,2021-10-04 18:31:00,AEP
82.74,82.75,82.68,82.68,12058,2021-10-04 18:32:00,AEP
82.7,82.76,82.7,82.745,2300,2021-10-04 18:33:00,AEP
82.74,82.76,82.73,82.74,3150,2021-10-04 18:34:00,AEP
82.735,82.7416,82.7,82.7,6450,2021-10-04 18:35:00,AEP
82.71,82.73,82.69,82.7,7863,2021-10-04 18:36:00,AEP
82.72,82.73,82.69,82.73,3061,2021-10-04 18:37:00,AEP
82.72,82.745,82.6983,82.7,3967,2021-10-04 18:38:00,AEP
82.7,82.72,82.68,82.69,6167,2021-10-04 18:39:00,AEP
82.68,82.685,82.62,82.65,6502,2021-10-04 18:40:00,AEP
82.64,82.66,82.64,82.66,1700,2021-10-04 18:41:00,AEP
82.665,82.68,82.63,82.68,2034,2021-10-04 18:42:00,AEP
82.68,82.69,82.64,82.64,3350,2021-10-04 18:43:00,AEP
82.64,82.64,82.61,82.6382,2389,2021-10-04 18:44:00,AEP
82.63,82.67,82.63,82.67,1969,2021-10-04 18:45:00,AEP
82.67,82.68,82.67,82.68,4394,2021-10-04 18:46:00,AEP
82.68,82.68,82.64,82.655,3195,2021-10-04 18:47:00,AEP
82.67,82.68,82.65,82.67,3860,2021-10-04 18:48:00,AEP
82.68,82.695,82.68,82.695,1518,2021-10-04 18:49:00,AEP
82.69,82.7,82.67,82.7,4520,2021-10-04 18:50:00,AEP
82.705,82.715,82.695,82.71,2774,2021-10-04 18:51:00,AEP
82.71,82.72,82.69,82.72,2475,2021-10-04 18:52:00,AEP
82.72,82.72,82.7,82.72,1125,2021-10-04 18:53:00,AEP
82.72,82.72,82.69,82.71,2833,2021-10-04 18:54:00,AEP
82.71,82.75,82.71,82.74,6110,2021-10-04 18:55:00,AEP
82.74,82.75,82.74,82.75,1544,2021-10-04 18:56:00,AEP
82.745,82.76,82.74,82.76,3852,2021-10-04 18:57:00,AEP
82.76,82.76,82.7,82.7,1419,2021-10-04 18:58:00,AEP
82.7,82.7,82.67,82.69,2942,2021-10-04 18:59:00,AEP
82.68,82.7,82.68,82.69,1726,2021-10-04 19:00:00,AEP
82.69,82.735,82.68,82.72,3600,2021-10-04 19:01:00,AEP
82.725,82.81,82.69,82.8,6757,2021-10-04 19:02:00,AEP
82.79,82.79,82.7618,82.7618,2116,2021-10-04 19:03:00,AEP
82.76,82.79,82.76,82.78,2023,2021-10-04 19:04:00,AEP
82.79,82.8386,82.78,82.8386,7271,2021-10-04 19:05:00,AEP
82.83,82.83,82.76,82.785,8248,2021-10-04 19:06:00,AEP
82.79,82.8,82.73,82.73,7112,2021-10-04 19:07:00,AEP
82.73,82.77,82.72,82.76,4281,2021-10-04 19:08:00,AEP
82.76,82.79,82.75,82.77,4074,2021-10-04 19:09:00,AEP
82.77,82.77,82.73,82.76,5189,2021-10-04 19:10:00,AEP
82.76,82.78,82.75,82.78,4784,2021-10-04 19:11:00,AEP
82.79,82.82,82.79,82.82,1051,2021-10-04 19:12:00,AEP
82.82,82.915,82.79,82.915,4581,2021-10-04 19:13:00,AEP
82.91,82.91,82.855,82.855,2835,2021-10-04 19:14:00,AEP
82.8601,82.8918,82.8601,82.88,5174,2021-10-04 19:15:00,AEP
82.88,82.88,82.83,82.835,5359,2021-10-04 19:16:00,AEP
82.835,82.865,82.77,82.78,18470,2021-10-04 19:17:00,AEP
82.78,82.83,82.78,82.83,4332,2021-10-04 19:18:00,AEP
82.83,82.84,82.81,82.83,5102,2021-10-04 19:19:00,AEP
82.84,82.87,82.83,82.84,7895,2021-10-04 19:20:00,AEP
82.84,82.85,82.78,82.8,39666,2021-10-04 19:21:00,AEP
82.8,82.81,82.75,82.75,3470,2021-10-04 19:22:00,AEP
82.76,82.79,82.76,82.79,1530,2021-10-04 19:23:00,AEP
82.78,82.8,82.78,82.8,1502,2021-10-04 19:24:00,AEP
82.8,82.855,82.8,82.85,4129,2021-10-04 19:25:00,AEP
82.85,82.8796,82.85,82.87,3463,2021-10-04 19:26:00,AEP
82.87,82.87,82.845,82.865,4045,2021-10-04 19:27:00,AEP
82.87,82.9,82.87,82.895,1845,2021-10-04 19:28:00,AEP
82.9,82.9,82.87,82.88,3025,2021-10-04 19:29:00,AEP
82.89,82.92,82.88,82.89,5273,2021-10-04 19:30:00,AEP
82.88,82.88,82.81,82.83,3889,2021-10-04 19:31:00,AEP
82.825,82.9,82.825,82.9,10384,2021-10-04 19:32:00,AEP
82.92,82.97,82.92,82.945,4013,2021-10-04 19:33:00,AEP
82.95,83.02,82.95,83.02,5791,2021-10-04 19:34:00,AEP
83.03,83.09,82.99,83.0,7240,2021-10-04 19:35:00,AEP
83.02,83.06,83.0,83.05,5891,2021-10-04 19:36:00,AEP
83.04,83.1,83.04,83.07,4838,2021-10-04 19:37:00,AEP
83.06,83.07,82.98,82.99,6061,2021-10-04 19:38:00,AEP
82.99,83.0,82.93,82.94,5407,2021-10-04 19:39:00,AEP
82.94,83.02,82.94,83.02,7352,2021-10-04 19:40:00,AEP
83.02,83.04,82.93,82.95,7823,2021-10-04 19:41:00,AEP
82.95,83.09,82.95,83.09,6945,2021-10-04 19:42:00,AEP
83.08,83.19,83.05,83.19,11060,2021-10-04 19:43:00,AEP
83.17,83.2,83.16,83.17,10713,2021-10-04 19:44:00,AEP
83.18,83.265,83.18,83.244,12258,2021-10-04 19:45:00,AEP
83.24,83.26,83.23,83.24,8039,2021-10-04 19:46:00,AEP
83.23,83.25,83.205,83.21,8470,2021-10-04 19:47:00,AEP
83.2388,83.27,83.18,83.27,11300,2021-10-04 19:48:00,AEP
83.285,83.34,83.285,83.3,16543,2021-10-04 19:49:00,AEP
83.28,83.28,82.94,82.98,42400,2021-10-04 19:50:00,AEP
82.98,83.01,82.93,82.93,21096,2021-10-04 19:51:00,AEP
82.93,83.01,82.9138,83.0,14096,2021-10-04 19:52:00,AEP
82.99,82.99,82.87,82.87,19235,2021-10-04 19:53:00,AEP
82.88,82.905,82.79,82.82,13207,2021-10-04 19:54:00,AEP
82.825,82.95,82.815,82.93,59167,2021-10-04 19:55:00,AEP
82.94,82.94,82.88,82.8976,45387,2021-10-04 19:56:00,AEP
82.895,83.03,82.87,83.0,51584,2021-10-04 19:57:00,AEP
83.0,83.13,82.995,83.095,45179,2021-10-04 19:58:00,AEP
83.1,83.1,83.02,83.05,69603,2021-10-04 19:59:00,AEP
83.04,83.04,83.04,83.04,386557,2021-10-04 20:00:00,AEP
83.04,83.04,83.04,83.04,194,2021-10-04 20:01:00,AEP
83.04,83.04,83.04,83.04,8557,2021-10-04 20:02:00,AEP
83.06,83.06,83.06,83.06,943,2021-10-04 20:24:00,AEP
83.04,83.04,83.04,83.04,100,2021-10-04 20:32:00,AEP
83.24,83.24,83.24,83.24,282,2021-10-05 13:25:00,AEP
83.07,83.07,83.07,83.07,427,2021-10-05 13:29:00,AEP
83.01,83.12,82.74,82.96,44570,2021-10-05 13:30:00,AEP
82.77,82.99,82.75,82.97,2563,2021-10-05 13:31:00,AEP
82.99,82.99,82.74,82.74,2922,2021-10-05 13:32:00,AEP
82.76,82.99,82.76,82.96,4066,2021-10-05 13:33:00,AEP
83.02,83.11,83.0,83.08,1313,2021-10-05 13:34:00,AEP
83.02,83.06,82.93,83.03,7095,2021-10-05 13:35:00,AEP
82.98,82.98,82.87,82.91,2880,2021-10-05 13:36:00,AEP
82.8416,82.92,82.8416,82.92,1040,2021-10-05 13:37:00,AEP
82.89,82.9,82.72,82.79,3990,2021-10-05 13:38:00,AEP
82.79,82.9,82.79,82.86,3300,2021-10-05 13:39:00,AEP
82.87,83.01,82.87,82.8805,3972,2021-10-05 13:40:00,AEP
82.95,82.96,82.9,82.93,5188,2021-10-05 13:41:00,AEP
82.93,82.97,82.8801,82.8801,7091,2021-10-05 13:42:00,AEP
82.9214,82.94,82.79,82.79,3689,2021-10-05 13:43:00,AEP
82.785,82.83,82.76,82.83,11047,2021-10-05 13:44:00,AEP
82.86,83.01,82.79,82.995,5198,2021-10-05 13:45:00,AEP
83.02,83.03,82.91,82.95,7516,2021-10-05 13:46:00,AEP
82.98,83.1943,82.98,83.14,3845,2021-10-05 13:47:00,AEP
83.1,83.1,83.05,83.07,1675,2021-10-05 13:48:00,AEP
82.99,83.0,82.87,82.9,2224,2021-10-05 13:49:00,AEP
82.91,82.985,82.9,82.91,5436,2021-10-05 13:50:00,AEP
82.93,83.055,82.93,83.055,1920,2021-10-05 13:51:00,AEP
83.085,83.085,83.02,83.02,584,2021-10-05 13:52:00,AEP
83.0,83.0,82.93,82.935,1284,2021-10-05 13:53:00,AEP
82.95,82.98,82.94,82.9612,1056,2021-10-05 13:54:00,AEP
82.965,83.0,82.95,82.95,1000,2021-10-05 13:55:00,AEP
82.96,82.96,82.91,82.94,3411,2021-10-05 13:56:00,AEP
82.95,83.07,82.95,83.07,3801,2021-10-05 13:57:00,AEP
83.07,83.07,82.98,82.98,3188,2021-10-05 13:58:00,AEP
83.0,83.14,82.98,83.07,3107,2021-10-05 13:59:00,AEP
83.1,83.27,83.1,83.24,3348,2021-10-05 14:00:00,AEP
83.24,83.33,83.24,83.28,4015,2021-10-05 14:01:00,AEP
83.27,83.28,83.22,83.28,4151,2021-10-05 14:02:00,AEP
83.28,83.32,83.25,83.26,3795,2021-10-05 14:03:00,AEP
83.27,83.27,83.23,83.23,3032,2021-10-05 14:04:00,AEP
83.19,83.19,83.14,83.18,1055,2021-10-05 14:05:00,AEP
83.2,83.25,83.2,83.23,811,2021-10-05 14:06:00,AEP
83.23,83.28,83.22,83.28,2435,2021-10-05 14:07:00,AEP
83.27,83.3,83.2698,83.27,1121,2021-10-05 14:08:00,AEP
83.3,83.335,83.3,83.31,2942,2021-10-05 14:09:00,AEP
83.28,83.29,83.28,83.28,1044,2021-10-05 14:10:00,AEP
83.31,83.35,83.31,83.32,1889,2021-10-05 14:11:00,AEP
83.33,83.36,83.3,83.3,3476,2021-10-05 14:12:00,AEP
83.3,83.3,83.2,83.211,2296,2021-10-05 14:13:00,AEP
83.2,83.3,83.2,83.3,2563,2021-10-05 14:14:00,AEP
83.33,83.34,83.31,83.34,4925,2021-10-05 14:15:00,AEP
83.31,83.32,83.3,83.31,459,2021-10-05 14:16:00,AEP
83.3,83.3,83.27,83.2997,950,2021-10-05 14:17:00,AEP
83.2815,83.33,83.23,83.23,4120,2021-10-05 14:18:00,AEP
83.2394,83.26,83.2394,83.245,1681,2021-10-05 14:19:00,AEP
83.26,83.35,83.26,83.32,1200,2021-10-05 14:20:00,AEP
83.265,83.27,83.22,83.25,2755,2021-10-05 14:21:00,AEP
83.2,83.25,83.15,83.17,3604,2021-10-05 14:22:00,AEP
83.19,83.2,83.155,83.16,1864,2021-10-05 14:23:00,AEP
83.17,83.2105,83.17,83.18,1967,2021-10-05 14:24:00,AEP
83.165,83.21,83.16,83.16,2712,2021-10-05 14:25:00,AEP
83.16,83.2,83.15,83.2,5630,2021-10-05 14:26:00,AEP
83.19,83.1999,83.16,83.1895,2330,2021-10-05 14:27:00,AEP
83.21,83.22,83.18,83.2,1414,2021-10-05 14:28:00,AEP
83.22,83.22,83.18,83.215,1000,2021-10-05 14:29:00,AEP
83.22,83.255,83.22,83.23,1781,2021-10-05 14:30:00,AEP
83.24,83.27,83.24,83.2538,1523,2021-10-05 14:31:00,AEP
83.265,83.265,83.24,83.24,346,2021-10-05 14:32:00,AEP
83.23,83.27,83.23,83.25,929,2021-10-05 14:33:00,AEP
83.25,83.2501,83.21,83.245,3394,2021-10-05 14:34:00,AEP
83.24,83.25,83.14,83.14,2661,2021-10-05 14:35:00,AEP
83.15,83.15,83.1046,83.1046,2118,2021-10-05 14:36:00,AEP
83.1,83.105,83.01,83.02,4491,2021-10-05 14:37:00,AEP
83.02,83.09,83.01,83.09,5193,2021-10-05 14:38:00,AEP
83.09,83.09,82.995,82.995,4813,2021-10-05 14:39:00,AEP
83.0,83.01,82.98,82.99,4342,2021-10-05 14:40:00,AEP
82.99,83.0,82.93,82.93,8231,2021-10-05 14:41:00,AEP
82.93,82.94,82.85,82.85,2988,2021-10-05 14:42:00,AEP
82.86,82.905,82.83,82.84,6090,2021-10-05 14:43:00,AEP
82.835,82.88,82.82,82.86,3593,2021-10-05 14:44:00,AEP
82.89,82.92,82.87,82.92,5666,2021-10-05 14:45:00,AEP
82.91,82.93,82.87,82.88,4597,2021-10-05 14:46:00,AEP
82.89,82.96,82.89,82.94,9575,2021-10-05 14:47:00,AEP
82.96,83.02,82.95,82.99,6466,2021-10-05 14:48:00,AEP
82.985,83.0,82.91,82.92,3404,2021-10-05 14:49:00,AEP
82.95,82.95,82.9,82.95,2056,2021-10-05 14:50:00,AEP
82.95,83.0,82.95,82.9958,2132,2021-10-05 14:51:00,AEP
82.98,82.99,82.95,82.97,2460,2021-10-05 14:52:00,AEP
83.01,83.0737,83.01,83.0737,2438,2021-10-05 14:53:00,AEP
83.06,83.07,83.03,83.03,1668,2021-10-05 14:54:00,AEP
83.03,83.03,82.91,82.91,2546,2021-10-05 14:55:00,AEP
82.94,82.97,82.94,82.96,1272,2021-10-05 14:56:00,AEP
82.95,82.985,82.94,82.985,1837,2021-10-05 14:57:00,AEP
82.9935,83.0,82.98,82.99,1547,2021-10-05 14:58:00,AEP
83.02,83.05,83.01,83.0256,1694,2021-10-05 14:59:00,AEP
83.03,83.03,82.93,82.93,2310,2021-10-05 15:00:00,AEP
82.92,82.92,82.895,82.9,1124,2021-10-05 15:01:00,AEP
82.965,82.98,82.965,82.98,500,2021-10-05 15:02:00,AEP
83.0,83.0,82.98,82.98,1817,2021-10-05 15:03:00,AEP
82.96,83.015,82.96,82.999,3680,2021-10-05 15:04:00,AEP
82.97,82.97,82.9443,82.9443,575,2021-10-05 15:05:00,AEP
82.95,82.98,82.94,82.95,4689,2021-10-05 15:06:00,AEP
82.94,82.95,82.94,82.95,3482,2021-10-05 15:07:00,AEP
82.94,82.95,82.89,82.94,4555,2021-10-05 15:08:00,AEP
82.94,82.96,82.94,82.96,300,2021-10-05 15:09:00,AEP
83.0,83.0,82.97,82.99,1100,2021-10-05 15:10:00,AEP
82.99,83.01,82.99,82.99,1496,2021-10-05 15:11:00,AEP
82.99,83.03,82.99,83.0229,1293,2021-10-05 15:12:00,AEP
83.02,83.02,82.98,82.98,1585,2021-10-05 15:13:00,AEP
83.0,83.05,82.98,83.05,3085,2021-10-05 15:14:00,AEP
83.05,83.0574,83.04,83.05,976,2021-10-05 15:15:00,AEP
83.06,83.06,83.04,83.04,580,2021-10-05 15:16:00,AEP
83.0461,83.0461,82.995,83.0,2088,2021-10-05 15:17:00,AEP
83.0,83.04,83.0,83.04,1300,2021-10-05 15:18:00,AEP
83.05,83.086,83.05,83.086,2939,2021-10-05 15:19:00,AEP
83.1,83.15,83.09,83.15,3041,2021-10-05 15:20:00,AEP
83.1497,83.1497,83.03,83.04,8647,2021-10-05 15:21:00,AEP
83.05,83.14,83.05,83.09,9305,2021-10-05 15:22:00,AEP
83.12,83.13,83.12,83.13,480,2021-10-05 15:23:00,AEP
83.12,83.13,83.0919,83.13,1752,2021-10-05 15:24:00,AEP
83.11,83.11,83.07,83.0778,1767,2021-10-05 15:25:00,AEP
83.105,83.105,83.09,83.09,1308,2021-10-05 15:26:00,AEP
83.08,83.08,83.06,83.06,354,2021-10-05 15:27:00,AEP
83.065,83.08,83.055,83.065,1608,2021-10-05 15:28:00,AEP
83.09,83.09,83.02,83.02,1137,2021-10-05 15:29:00,AEP
83.0,83.02,82.94,82.95,2036,2021-10-05 15:30:00,AEP
82.96,82.98,82.95,82.98,1649,2021-10-05 15:31:00,AEP
83.0,83.0,82.9652,82.971,2110,2021-10-05 15:32:00,AEP
82.97,82.97,82.95,82.95,1822,2021-10-05 15:33:00,AEP
82.94,82.99,82.94,82.98,2477,2021-10-05 15:34:00,AEP
82.98,82.98,82.94,82.9781,2142,2021-10-05 15:35:00,AEP
82.97,82.97,82.94,82.97,1176,2021-10-05 15:36:00,AEP
82.94,82.94,82.9,82.9,2784,2021-10-05 15:37:00,AEP
82.91,82.91,82.88,82.88,1176,2021-10-05 15:38:00,AEP
82.873,82.89,82.86,82.865,1768,2021-10-05 15:39:00,AEP
82.87,82.87,82.82,82.84,2173,2021-10-05 15:40:00,AEP
82.81,82.82,82.78,82.8,2330,2021-10-05 15:41:00,AEP
82.8,82.91,82.8,82.89,11238,2021-10-05 15:42:00,AEP
82.89,82.95,82.885,82.95,2865,2021-10-05 15:43:00,AEP
82.94,82.98,82.94,82.96,3039,2021-10-05 15:44:00,AEP
82.96,82.96,82.9519,82.9519,600,2021-10-05 15:45:00,AEP
82.955,83.01,82.955,83.01,11348,2021-10-05 15:46:00,AEP
83.02,83.03,82.98,82.98,4904,2021-10-05 15:47:00,AEP
82.99,83.055,82.99,83.055,600,2021-10-05 15:48:00,AEP
83.05,83.08,83.02,83.035,6731,2021-10-05 15:49:00,AEP
83.045,83.06,83.01,83.06,3837,2021-10-05 15:50:00,AEP
83.07,83.07,83.01,83.02,2984,2021-10-05 15:51:00,AEP
82.99,83.01,82.985,83.01,3591,2021-10-05 15:52:00,AEP
83.01,83.065,83.01,83.06,1709,2021-10-05 15:53:00,AEP
83.0535,83.06,83.0201,83.0201,1191,2021-10-05 15:54:00,AEP
83.03,83.1,83.02,83.075,7392,2021-10-05 15:55:00,AEP
83.06,83.06,83.025,83.025,898,2021-10-05 15:56:00,AEP
83.03,83.05,83.03,83.05,1814,2021-10-05 15:57:00,AEP
83.0425,83.07,83.04,83.07,1009,2021-10-05 15:58:00,AEP
83.06,83.0662,83.03,83.045,4287,2021-10-05 15:59:00,AEP
83.03,83.04,83.02,83.04,1220,2021-10-05 16:00:00,AEP
83.04,83.06,83.025,83.025,3911,2021-10-05 16:01:00,AEP
83.0013,83.02,83.0,83.0,2249,2021-10-05 16:02:00,AEP
82.99,83.0,82.98,82.99,1530,2021-10-05 16:03:00,AEP
83.0,83.0,83.0,83.0,445,2021-10-05 16:04:00,AEP
82.99,83.0,82.98,83.0,5771,2021-10-05 16:05:00,AEP
83.005,83.02,83.005,83.01,1777,2021-10-05 16:06:00,AEP
83.02,83.02,83.0,83.02,1700,2021-10-05 16:07:00,AEP
83.0,83.06,83.0,83.06,1840,2021-10-05 16:08:00,AEP
83.07,83.11,83.07,83.1,1787,2021-10-05 16:09:00,AEP
83.12,83.125,83.1,83.12,3710,2021-10-05 16:10:00,AEP
83.11,83.11,83.05,83.06,2622,2021-10-05 16:11:00,AEP
83.06,83.11,83.06,83.11,760,2021-10-05 16:12:00,AEP
83.09,83.1,83.08,83.08,1168,2021-10-05 16:13:00,AEP
83.07,83.07,83.05,83.05,2100,2021-10-05 16:14:00,AEP
83.055,83.055,83.04,83.045,1000,2021-10-05 16:15:00,AEP
83.0434,83.0434,83.005,83.015,4265,2021-10-05 16:16:00,AEP
83.015,83.015,82.99,83.0,1679,2021-10-05 16:17:00,AEP
83.005,83.01,82.995,82.995,774,2021-10-05 16:18:00,AEP
83.02,83.02,83.01,83.01,500,2021-10-05 16:19:00,AEP
83.015,83.07,83.015,83.0438,3151,2021-10-05 16:20:00,AEP
83.04,83.045,83.02,83.04,4719,2021-10-05 16:21:00,AEP
83.03,83.08,83.03,83.07,1921,2021-10-05 16:22:00,AEP
83.07,83.07,83.01,83.01,3533,2021-10-05 16:23:00,AEP
83.02,83.05,83.02,83.025,2214,2021-10-05 16:24:00,AEP
83.01,83.01,83.0,83.0,612,2021-10-05 16:25:00,AEP
83.01,83.01,83.01,83.01,100,2021-10-05 16:26:00,AEP
83.0,83.0,82.97,82.99,2287,2021-10-05 16:27:00,AEP
83.0018,83.02,82.99,83.01,3000,2021-10-05 16:28:00,AEP
83.0,83.01,83.0,83.01,1100,2021-10-05 16:29:00,AEP
83.0,83.0,82.95,82.96,2275,2021-10-05 16:30:00,AEP
82.95,82.95,82.93,82.93,2073,2021-10-05 16:31:00,AEP
82.96,82.98,82.96,82.98,1991,2021-10-05 16:32:00,AEP
82.9792,83.01,82.9792,83.01,2999,2021-10-05 16:33:00,AEP
83.01,83.01,83.01,83.01,300,2021-10-05 16:34:00,AEP
83.0,83.0,82.96,82.96,2380,2021-10-05 16:35:00,AEP
82.95,82.95,82.9258,82.93,874,2021-10-05 16:36:00,AEP
82.94,82.96,82.93,82.96,900,2021-10-05 16:37:00,AEP
82.9667,82.9667,82.93,82.935,1544,2021-10-05 16:38:00,AEP
82.93,82.94,82.92,82.92,3030,2021-10-05 16:39:00,AEP
82.91,82.91,82.9,82.905,10156,2021-10-05 16:40:00,AEP
82.91,82.95,82.91,82.95,2717,2021-10-05 16:41:00,AEP
82.95,82.95,82.945,82.945,854,2021-10-05 16:42:00,AEP
82.9483,82.965,82.945,82.96,2207,2021-10-05 16:43:00,AEP
82.9764,82.98,82.92,82.92,2359,2021-10-05 16:44:00,AEP
82.925,82.93,82.92,82.92,2036,2021-10-05 16:45:00,AEP
82.9083,82.9247,82.9,82.9,10454,2021-10-05 16:46:00,AEP
82.89,82.89,82.88,82.885,900,2021-10-05 16:47:00,AEP
82.885,82.885,82.875,82.875,600,2021-10-05 16:48:00,AEP
82.88,82.89,82.88,82.88,1283,2021-10-05 16:49:00,AEP
82.88,82.885,82.82,82.82,2551,2021-10-05 16:50:00,AEP
82.825,82.84,82.825,82.83,1112,2021-10-05 16:51:00,AEP
82.84,82.84,82.83,82.84,2870,2021-10-05 16:52:00,AEP
82.84,82.85,82.84,82.84,1800,2021-10-05 16:53:00,AEP
82.84,82.84,82.82,82.82,1349,2021-10-05 16:54:00,AEP
82.84,82.87,82.84,82.855,1663,2021-10-05 16:55:00,AEP
82.86,82.87,82.8548,82.86,2900,2021-10-05 16:56:00,AEP
82.85,82.876,82.85,82.87,2083,2021-10-05 16:57:00,AEP
82.88,82.9,82.88,82.89,1312,2021-10-05 16:58:00,AEP
82.894,82.894,82.88,82.88,326,2021-10-05 16:59:00,AEP
82.9,82.92,82.88,82.88,2933,2021-10-05 17:00:00,AEP
82.8718,82.875,82.83,82.83,1928,2021-10-05 17:01:00,AEP
82.835,82.87,82.835,82.87,1807,2021-10-05 17:02:00,AEP
82.86,82.86,82.86,82.86,1200,2021-10-05 17:03:00,AEP
82.855,82.86,82.85,82.86,400,2021-10-05 17:04:00,AEP
82.87,82.88,82.87,82.87,2056,2021-10-05 17:05:00,AEP
82.86,82.87,82.86,82.87,1041,2021-10-05 17:06:00,AEP
82.87,82.88,82.8694,82.88,2500,2021-10-05 17:07:00,AEP
82.89,82.895,82.88,82.895,1486,2021-10-05 17:08:00,AEP
82.8991,82.9,82.8991,82.9,1547,2021-10-05 17:09:00,AEP
82.91,82.9299,82.91,82.91,1394,2021-10-05 17:10:00,AEP
82.9,82.915,82.88,82.91,6759,2021-10-05 17:11:00,AEP
82.91,82.92,82.91,82.92,1261,2021-10-05 17:12:00,AEP
82.93,82.93,82.89,82.89,3223,2021-10-05 17:13:00,AEP
82.885,82.885,82.885,82.885,100,2021-10-05 17:14:00,AEP
82.88,82.88,82.86,82.87,2328,2021-10-05 17:15:00,AEP
82.87,82.91,82.87,82.9,2859,2021-10-05 17:16:00,AEP
82.9,82.95,82.9,82.95,1345,2021-10-05 17:17:00,AEP
82.9557,82.9557,82.91,82.91,1916,2021-10-05 17:18:00,AEP
82.915,82.94,82.915,82.94,300,2021-10-05 17:19:00,AEP
82.94,82.95,82.93,82.95,2729,2021-10-05 17:20:00,AEP
82.94,82.9499,82.94,82.94,1987,2021-10-05 17:21:00,AEP
82.93,82.94,82.93,82.94,600,2021-10-05 17:22:00,AEP
82.94,82.965,82.94,82.96,1906,2021-10-05 17:23:00,AEP
82.9637,82.97,82.95,82.955,1168,2021-10-05 17:24:00,AEP
82.96,82.9759,82.96,82.96,680,2021-10-05 17:25:00,AEP
82.94,82.94,82.91,82.91,1925,2021-10-05 17:26:00,AEP
82.91,82.91,82.9,82.91,1473,2021-10-05 17:27:00,AEP
82.91,82.92,82.9,82.91,1351,2021-10-05 17:29:00,AEP
82.93,82.93,82.92,82.93,1000,2021-10-05 17:30:00,AEP
82.94,82.95,82.925,82.93,2626,2021-10-05 17:31:00,AEP
82.92,82.92,82.9,82.9,1408,2021-10-05 17:32:00,AEP
82.915,82.925,82.91,82.925,949,2021-10-05 17:33:00,AEP
82.925,82.925,82.92,82.92,1393,2021-10-05 17:34:00,AEP
82.92,82.92,82.9,82.91,1462,2021-10-05 17:35:00,AEP
82.91,82.91,82.9,82.905,900,2021-10-05 17:36:00,AEP
82.9076,82.925,82.9,82.925,1036,2021-10-05 17:37:00,AEP
82.93,82.975,82.93,82.975,1171,2021-10-05 17:38:00,AEP
82.975,82.975,82.94,82.945,2504,2021-10-05 17:39:00,AEP
82.95,82.9857,82.95,82.9857,2447,2021-10-05 17:40:00,AEP
82.995,83.0168,82.995,83.0168,1428,2021-10-05 17:41:00,AEP
83.01,83.04,83.01,83.04,2427,2021-10-05 17:42:00,AEP
83.05,83.05,83.03,83.03,2392,2021-10-05 17:43:00,AEP
83.03,83.05,83.03,83.04,2516,2021-10-05 17:44:00,AEP
83.035,83.04,83.01,83.01,3288,2021-10-05 17:45:00,AEP
83.01,83.01,82.99,83.01,1070,2021-10-05 17:46:00,AEP
83.0,83.029,82.99,82.99,7090,2021-10-05 17:47:00,AEP
83.0099,83.01,82.9964,82.9997,1375,2021-10-05 17:48:00,AEP
82.995,83.015,82.995,83.01,1279,2021-10-05 17:49:00,AEP
83.02,83.02,83.02,83.02,300,2021-10-05 17:50:00,AEP
83.015,83.015,83.0,83.01,3544,2021-10-05 17:51:00,AEP
83.01,83.01,83.0028,83.005,1610,2021-10-05 17:52:00,AEP
83.01,83.015,82.99,82.99,4093,2021-10-05 17:53:00,AEP
83.0,83.0,82.99,82.99,1058,2021-10-05 17:54:00,AEP
82.985,82.985,82.955,82.96,1200,2021-10-05 17:55:00,AEP
82.96,82.97,82.96,82.97,1748,2021-10-05 17:56:00,AEP
82.965,82.985,82.965,82.985,900,2021-10-05 17:57:00,AEP
83.0,83.0099,83.0,83.005,496,2021-10-05 17:58:00,AEP
83.0,83.0,82.98,82.98,3928,2021-10-05 17:59:00,AEP
82.99,83.01,82.99,83.01,1200,2021-10-05 18:00:00,AEP
83.015,83.015,82.99,82.9978,1808,2021-10-05 18:01:00,AEP
82.99,83.0,82.99,83.0,816,2021-10-05 18:02:00,AEP
83.005,83.045,83.0,83.045,2470,2021-10-05 18:03:00,AEP
83.04,83.04,82.98,82.98,4210,2021-10-05 18:04:00,AEP
82.97,82.97,82.96,82.96,1043,2021-10-05 18:05:00,AEP
82.95,82.97,82.94,82.96,1767,2021-10-05 18:06:00,AEP
82.96,82.97,82.96,82.97,400,2021-10-05 18:07:00,AEP
82.96,82.96,82.895,82.895,9584,2021-10-05 18:08:00,AEP
82.9083,82.92,82.9083,82.92,1286,2021-10-05 18:09:00,AEP
82.92,82.92,82.8799,82.8799,2486,2021-10-05 18:10:00,AEP
82.88,82.89,82.88,82.89,400,2021-10-05 18:11:00,AEP
82.9,82.91,82.885,82.885,4738,2021-10-05 18:12:00,AEP
82.88,82.88,82.85,82.87,2788,2021-10-05 18:13:00,AEP
82.8801,82.89,82.87,82.87,1707,2021-10-05 18:14:00,AEP
82.87,82.88,82.86,82.8761,1408,2021-10-05 18:15:00,AEP
82.865,82.865,82.84,82.84,1563,2021-10-05 18:16:00,AEP
82.85,82.85,82.845,82.845,800,2021-10-05 18:17:00,AEP
82.845,82.855,82.845,82.855,2544,2021-10-05 18:18:00,AEP
82.85,82.87,82.845,82.861,1692,2021-10-05 18:19:00,AEP
82.87,82.887,82.865,82.887,2353,2021-10-05 18:20:00,AEP
82.88,82.9,82.86,82.89,1612,2021-10-05 18:21:00,AEP
82.9,82.915,82.9,82.91,1923,2021-10-05 18:22:00,AEP
82.9,82.9,82.89,82.895,612,2021-10-05 18:23:00,AEP
82.91,82.91,82.9,82.9,1237,2021-10-05 18:24:00,AEP
82.91,82.91,82.9081,82.9081,700,2021-10-05 18:25:00,AEP
82.915,82.935,82.915,82.93,1007,2021-10-05 18:26:00,AEP
82.94,82.94,82.93,82.94,543,2021-10-05 18:27:00,AEP
82.93,82.95,82.91,82.92,2637,2021-10-05 18:28:00,AEP
82.93,82.93,82.92,82.925,1278,2021-10-05 18:29:00,AEP
82.93,82.955,82.93,82.95,1179,2021-10-05 18:30:00,AEP
82.95,82.95,82.92,82.95,1652,2021-10-05 18:31:00,AEP
82.96,82.96,82.945,82.95,1431,2021-10-05 18:32:00,AEP
82.96,82.98,82.96,82.975,1300,2021-10-05 18:33:00,AEP
82.985,82.99,82.97,82.98,1245,2021-10-05 18:34:00,AEP
82.985,83.02,82.985,82.99,3783,2021-10-05 18:35:00,AEP
83.0,83.01,83.0,83.005,1300,2021-10-05 18:36:00,AEP
82.99,82.99,82.96,82.97,1163,2021-10-05 18:37:00,AEP
82.96,82.965,82.91,82.93,2549,2021-10-05 18:38:00,AEP
82.94,82.95,82.94,82.95,1100,2021-10-05 18:39:00,AEP
82.95,82.97,82.95,82.97,800,2021-10-05 18:40:00,AEP
82.97,82.97,82.93,82.93,3186,2021-10-05 18:41:00,AEP
82.93,82.93,82.91,82.925,1999,2021-10-05 18:42:00,AEP
82.92,82.93,82.92,82.93,700,2021-10-05 18:43:00,AEP
82.96,82.96,82.92,82.92,1965,2021-10-05 18:44:00,AEP
82.92,82.95,82.915,82.95,1050,2021-10-05 18:45:00,AEP
82.95,82.96,82.945,82.945,1573,2021-10-05 18:46:00,AEP
82.945,82.945,82.92,82.92,1156,2021-10-05 18:47:00,AEP
82.92,82.925,82.91,82.91,3465,2021-10-05 18:48:00,AEP
82.9024,82.92,82.9,82.92,3330,2021-10-05 18:49:00,AEP
82.925,82.945,82.925,82.935,1864,2021-10-05 18:50:00,AEP
82.94,82.94,82.92,82.92,1618,2021-10-05 18:51:00,AEP
82.92,82.94,82.92,82.94,1190,2021-10-05 18:52:00,AEP
82.935,82.94,82.93,82.93,900,2021-10-05 18:53:00,AEP
82.93,82.935,82.915,82.925,1979,2021-10-05 18:54:00,AEP
82.925,82.93,82.88,82.89,1363,2021-10-05 18:55:00,AEP
82.895,82.905,82.895,82.905,600,2021-10-05 18:56:00,AEP
82.9,82.9,82.85,82.855,3984,2021-10-05 18:57:00,AEP
82.86,82.89,82.86,82.86,3481,2021-10-05 18:58:00,AEP
82.85,82.86,82.83,82.84,11641,2021-10-05 18:59:00,AEP
82.84,82.84,82.785,82.795,4870,2021-10-05 19:00:00,AEP
82.79,82.81,82.78,82.79,1879,2021-10-05 19:01:00,AEP
82.78,82.82,82.765,82.7992,4434,2021-10-05 19:02:00,AEP
82.8,82.81,82.75,82.75,3059,2021-10-05 19:03:00,AEP
82.74,82.755,82.72,82.72,1150,2021-10-05 19:04:00,AEP
82.72,82.72,82.68,82.68,1672,2021-10-05 19:05:00,AEP
82.676,82.676,82.67,82.67,1517,2021-10-05 19:06:00,AEP
82.68,82.7,82.68,82.695,1357,2021-10-05 19:07:00,AEP
82.695,82.705,82.69,82.705,11786,2021-10-05 19:08:00,AEP
82.705,82.715,82.67,82.69,3322,2021-10-05 19:09:00,AEP
82.685,82.73,82.685,82.715,2481,2021-10-05 19:10:00,AEP
82.72,82.72,82.7,82.71,3626,2021-10-05 19:11:00,AEP
82.715,82.78,82.715,82.78,3157,2021-10-05 19:12:00,AEP
82.78,82.8,82.77,82.8,4403,2021-10-05 19:13:00,AEP
82.81,82.82,82.81,82.81,4158,2021-10-05 19:14:00,AEP
82.815,82.815,82.76,82.77,2696,2021-10-05 19:15:00,AEP
82.775,82.83,82.775,82.83,8443,2021-10-05 19:16:00,AEP
82.82,82.825,82.77,82.805,14563,2021-10-05 19:17:00,AEP
82.81,82.82,82.79,82.795,6758,2021-10-05 19:18:00,AEP
82.795,82.855,82.795,82.85,4821,2021-10-05 19:19:00,AEP
82.85,82.885,82.85,82.88,4105,2021-10-05 19:20:00,AEP
82.885,82.885,82.85,82.865,5765,2021-10-05 19:21:00,AEP
82.865,82.865,82.83,82.84,3886,2021-10-05 19:22:00,AEP
82.84,82.885,82.83,82.87,2862,2021-10-05 19:23:00,AEP
82.89,82.895,82.86,82.895,2154,2021-10-05 19:24:00,AEP
82.9,82.93,82.89,82.9,4725,2021-10-05 19:25:00,AEP
82.905,82.91,82.9,82.9,2628,2021-10-05 19:26:00,AEP
82.89,82.89,82.84,82.89,4046,2021-10-05 19:27:00,AEP
82.895,82.92,82.89,82.915,2905,2021-10-05 19:28:00,AEP
82.9,82.9,82.86,82.86,3570,2021-10-05 19:29:00,AEP
82.86,82.89,82.84,82.86,3581,2021-10-05 19:30:00,AEP
82.87,82.91,82.87,82.91,2796,2021-10-05 19:31:00,AEP
82.91,82.96,82.9,82.93,7750,2021-10-05 19:32:00,AEP
82.935,82.9598,82.91,82.95,3979,2021-10-05 19:33:00,AEP
82.94,83.01,82.94,83.01,4682,2021-10-05 19:34:00,AEP
83.0,83.05,83.0,83.05,7937,2021-10-05 19:35:00,AEP
83.04,83.05,83.0,83.0,4539,2021-10-05 19:36:00,AEP
83.0,83.01,82.98,82.99,6094,2021-10-05 19:37:00,AEP
82.995,83.035,82.995,83.0,4990,2021-10-05 19:38:00,AEP
83.01,83.09,82.9931,83.09,7044,2021-10-05 19:39:00,AEP
83.09,83.11,83.01,83.01,7831,2021-10-05 19:40:00,AEP
83.03,83.04,83.01,83.01,3999,2021-10-05 19:41:00,AEP
83.02,83.0399,83.0,83.0,5277,2021-10-05 19:42:00,AEP
83.0162,83.0162,82.99,82.99,4479,2021-10-05 19:43:00,AEP
83.0,83.07,82.995,83.07,6451,2021-10-05 19:44:00,AEP
83.06,83.06,82.99,83.0,8606,2021-10-05 19:45:00,AEP
83.0,83.03,83.0,83.02,5957,2021-10-05 19:46:00,AEP
83.015,83.02,82.99,82.995,10502,2021-10-05 19:47:00,AEP
83.0,83.04,82.99,83.025,7333,2021-10-05 19:48:00,AEP
83.02,83.035,83.005,83.035,9267,2021-10-05 19:49:00,AEP
83.05,83.14,83.03,83.13,25637,2021-10-05 19:50:00,AEP
83.13,83.17,83.1,83.16,17090,2021-10-05 19:51:00,AEP
83.165,83.18,83.13,83.145,30153,2021-10-05 19:52:00,AEP
83.13,83.185,83.11,83.17,42671,2021-10-05 19:53:00,AEP
83.17,83.17,83.095,83.105,33558,2021-10-05 19:54:00,AEP
83.11,83.125,83.09,83.12,18200,2021-10-05 19:55:00,AEP
83.11,83.135,83.09,83.115,20616,2021-10-05 19:56:00,AEP
83.12,83.13,83.1,83.1122,23121,2021-10-05 19:57:00,AEP
83.11,83.115,83.07,83.08,32976,2021-10-05 19:58:00,AEP
83.075,83.11,83.01,83.02,89921,2021-10-05 19:59:00,AEP
83.02,83.02,83.02,83.02,473418,2021-10-05 20:00:00,AEP
83.02,83.02,83.02,83.02,7301,2021-10-05 20:01:00,AEP
83.02,83.02,83.02,83.02,24068,2021-10-05 20:02:00,AEP
83.02,83.02,83.02,83.02,2521,2021-10-05 20:04:00,AEP
83.0199,83.0199,83.0199,83.0199,300,2021-10-05 23:59:00,AEP
82.9968,82.9968,82.9968,82.9968,127,2021-10-06 12:59:00,AEP
82.98,83.04,82.98,83.04,1270,2021-10-06 13:25:00,AEP
82.85,82.85,82.85,82.85,100,2021-10-06 13:29:00,AEP
82.75,82.83,82.54,82.645,29680,2021-10-06 13:30:00,AEP
82.73,82.73,82.6,82.695,1453,2021-10-06 13:31:00,AEP
82.72,82.93,82.72,82.93,2914,2021-10-06 13:32:00,AEP
82.85,82.88,82.6,82.67,5869,2021-10-06 13:33:00,AEP
82.72,82.73,82.56,82.6434,2100,2021-10-06 13:34:00,AEP
82.61,82.63,82.51,82.605,928,2021-10-06 13:35:00,AEP
82.61,82.61,82.58,82.58,1635,2021-10-06 13:36:00,AEP
82.63,82.74,82.63,82.74,1350,2021-10-06 13:37:00,AEP
82.78,82.78,82.66,82.66,5525,2021-10-06 13:38:00,AEP
82.69,82.78,82.67,82.71,1286,2021-10-06 13:39:00,AEP
82.76,82.855,82.76,82.85,1000,2021-10-06 13:40:00,AEP
82.87,82.91,82.86,82.87,1700,2021-10-06 13:41:00,AEP
82.88,82.92,82.8122,82.8122,2825,2021-10-06 13:42:00,AEP
82.79,82.87,82.73,82.87,1770,2021-10-06 13:43:00,AEP
82.92,82.98,82.86,82.875,2100,2021-10-06 13:44:00,AEP
82.89,82.89,82.76,82.76,4945,2021-10-06 13:45:00,AEP
82.79,82.805,82.77,82.79,1200,2021-10-06 13:46:00,AEP
82.81,82.82,82.65,82.69,4970,2021-10-06 13:47:00,AEP
82.7,82.7,82.64,82.64,2599,2021-10-06 13:48:00,AEP
82.64,82.8,82.62,82.76,1800,2021-10-06 13:49:00,AEP
82.79,82.79,82.65,82.655,1150,2021-10-06 13:50:00,AEP
82.67,82.7,82.65,82.66,1547,2021-10-06 13:51:00,AEP
82.63,82.63,82.57,82.6,2230,2021-10-06 13:52:00,AEP
82.595,82.6226,82.535,82.56,2525,2021-10-06 13:53:00,AEP
82.555,82.645,82.54,82.63,1835,2021-10-06 13:54:00,AEP
82.635,82.64,82.54,82.54,3200,2021-10-06 13:55:00,AEP
82.56,82.62,82.5501,82.62,900,2021-10-06 13:56:00,AEP
82.59,82.62,82.54,82.57,4257,2021-10-06 13:57:00,AEP
82.555,82.64,82.55,82.62,1213,2021-10-06 13:58:00,AEP
82.66,82.7,82.66,82.7,1522,2021-10-06 13:59:00,AEP
82.7,82.89,82.7,82.83,5010,2021-10-06 14:00:00,AEP
82.85,82.87,82.78,82.85,3724,2021-10-06 14:01:00,AEP
82.87,82.88,82.82,82.83,2200,2021-10-06 14:02:00,AEP
82.84,82.86,82.83,82.84,1100,2021-10-06 14:03:00,AEP
82.86,82.89,82.82,82.88,4695,2021-10-06 14:04:00,AEP
82.88,82.97,82.88,82.92,2700,2021-10-06 14:05:00,AEP
82.89,82.895,82.86,82.88,2503,2021-10-06 14:06:00,AEP
82.89,83.06,82.89,83.03,3281,2021-10-06 14:07:00,AEP
83.02,83.1,83.02,83.03,2200,2021-10-06 14:08:00,AEP
83.01,83.02,82.97,82.97,2715,2021-10-06 14:09:00,AEP
82.95,83.01,82.95,82.98,4832,2021-10-06 14:10:00,AEP
82.97,83.0,82.96,83.0,700,2021-10-06 14:11:00,AEP
82.99,83.015,82.96,83.015,920,2021-10-06 14:12:00,AEP
83.0,83.02,82.96,82.96,1400,2021-10-06 14:13:00,AEP
82.96,82.97,82.92,82.97,4818,2021-10-06 14:14:00,AEP
82.96,82.96,82.93,82.95,2236,2021-10-06 14:15:00,AEP
82.93,82.94,82.84,82.85,3156,2021-10-06 14:16:00,AEP
82.84,82.84,82.72,82.72,3252,2021-10-06 14:17:00,AEP
82.71,82.72,82.61,82.62,4328,2021-10-06 14:18:00,AEP
82.66,82.68,82.64,82.64,1039,2021-10-06 14:19:00,AEP
82.63,82.67,82.59,82.61,2235,2021-10-06 14:20:00,AEP
82.61,82.64,82.59,82.6,2507,2021-10-06 14:21:00,AEP
82.59,82.73,82.59,82.67,2823,2021-10-06 14:22:00,AEP
82.69,82.74,82.69,82.74,3381,2021-10-06 14:23:00,AEP
82.73,82.83,82.73,82.83,3750,2021-10-06 14:24:00,AEP
82.85,82.871,82.84,82.85,2909,2021-10-06 14:25:00,AEP
82.87,82.87,82.84,82.845,1501,2021-10-06 14:26:00,AEP
82.84,82.8843,82.84,82.84,4053,2021-10-06 14:27:00,AEP
82.86,82.905,82.86,82.88,6386,2021-10-06 14:28:00,AEP
82.88,82.9597,82.87,82.94,2800,2021-10-06 14:29:00,AEP
82.94,82.98,82.92,82.92,1542,2021-10-06 14:30:00,AEP
82.96,82.9939,82.94,82.97,1761,2021-10-06 14:31:00,AEP
82.96,82.98,82.945,82.945,700,2021-10-06 14:32:00,AEP
82.97,83.0,82.97,82.99,1310,2021-10-06 14:33:00,AEP
82.99,82.99,82.95,82.95,1800,2021-10-06 14:34:00,AEP
82.98,83.05,82.98,83.01,1200,2021-10-06 14:35:00,AEP
83.0439,83.07,83.02,83.0571,2861,2021-10-06 14:36:00,AEP
83.06,83.09,83.05,83.06,4810,2021-10-06 14:37:00,AEP
83.05,83.09,83.02,83.08,1507,2021-10-06 14:38:00,AEP
83.09,83.16,83.09,83.135,1750,2021-10-06 14:39:00,AEP
83.17,83.18,83.11,83.11,1985,2021-10-06 14:40:00,AEP
83.18,83.18,83.14,83.16,600,2021-10-06 14:41:00,AEP
83.1712,83.19,83.11,83.14,2477,2021-10-06 14:42:00,AEP
83.14,83.14,83.04,83.05,2615,2021-10-06 14:43:00,AEP
83.05,83.06,83.03,83.03,850,2021-10-06 14:44:00,AEP
83.08,83.12,83.06,83.06,2384,2021-10-06 14:45:00,AEP
83.06,83.065,83.03,83.04,2144,2021-10-06 14:46:00,AEP
83.04,83.04,82.96,83.0,4711,2021-10-06 14:47:00,AEP
82.99,83.0,82.91,82.91,2460,2021-10-06 14:48:00,AEP
82.92,83.03,82.91,83.03,3322,2021-10-06 14:49:00,AEP
83.05,83.08,83.02,83.08,6714,2021-10-06 14:50:00,AEP
83.07,83.085,83.05,83.05,6520,2021-10-06 14:51:00,AEP
83.0708,83.12,83.03,83.1,2812,2021-10-06 14:52:00,AEP
83.095,83.1,83.03,83.03,1400,2021-10-06 14:53:00,AEP
83.03,83.09,82.97,83.07,7800,2021-10-06 14:54:00,AEP
83.1,83.1,83.02,83.04,4996,2021-10-06 14:55:00,AEP
83.05,83.08,83.04,83.08,1750,2021-10-06 14:56:00,AEP
83.09,83.14,83.06,83.14,2400,2021-10-06 14:57:00,AEP
83.1097,83.175,83.1097,83.17,1875,2021-10-06 14:58:00,AEP
83.17,83.1884,83.15,83.15,2969,2021-10-06 14:59:00,AEP
83.16,83.17,83.12,83.14,3361,2021-10-06 15:00:00,AEP
83.15,83.22,83.145,83.22,2821,2021-10-06 15:01:00,AEP
83.2,83.2,83.15,83.1621,1667,2021-10-06 15:02:00,AEP
83.15,83.2,83.15,83.19,3400,2021-10-06 15:03:00,AEP
83.21,83.22,83.18,83.18,1549,2021-10-06 15:04:00,AEP
83.18,83.21,83.18,83.2,3200,2021-10-06 15:05:00,AEP
83.18,83.19,83.1436,83.18,3747,2021-10-06 15:06:00,AEP
83.195,83.205,83.19,83.19,1485,2021-10-06 15:07:00,AEP
83.17,83.17,83.1401,83.16,2644,2021-10-06 15:08:00,AEP
83.165,83.165,83.12,83.1556,2222,2021-10-06 15:09:00,AEP
83.185,83.185,83.14,83.15,2185,2021-10-06 15:10:00,AEP
83.15,83.18,83.15,83.155,1000,2021-10-06 15:11:00,AEP
83.18,83.23,83.18,83.215,2950,2021-10-06 15:12:00,AEP
83.22,83.23,83.19,83.2,1890,2021-10-06 15:13:00,AEP
83.19,83.21,83.17,83.207,3239,2021-10-06 15:14:00,AEP
83.21,83.28,83.21,83.26,4610,2021-10-06 15:15:00,AEP
83.255,83.255,83.24,83.245,1300,2021-10-06 15:16:00,AEP
83.24,83.25,83.23,83.23,4275,2021-10-06 15:17:00,AEP
83.22,83.28,83.21,83.28,1707,2021-10-06 15:18:00,AEP
83.28,83.315,83.28,83.315,1200,2021-10-06 15:19:00,AEP
83.32,83.36,83.3,83.36,4889,2021-10-06 15:20:00,AEP
83.36,83.36,83.3,83.36,1842,2021-10-06 15:21:00,AEP
83.37,83.38,83.36,83.3728,3043,2021-10-06 15:22:00,AEP
83.35,83.39,83.35,83.36,4943,2021-10-06 15:23:00,AEP
83.35,83.36,83.34,83.36,3611,2021-10-06 15:24:00,AEP
83.35,83.37,83.29,83.29,2979,2021-10-06 15:25:00,AEP
83.32,83.355,83.315,83.315,13193,2021-10-06 15:26:00,AEP
83.33,83.33,83.29,83.32,3705,2021-10-06 15:27:00,AEP
83.3188,83.33,83.25,83.25,2368,2021-10-06 15:28:00,AEP
83.25,83.32,83.25,83.28,4264,2021-10-06 15:29:00,AEP
83.29,83.31,83.22,83.255,4984,2021-10-06 15:30:00,AEP
83.26,83.29,83.25,83.25,3530,2021-10-06 15:31:00,AEP
83.24,83.27,83.24,83.27,3316,2021-10-06 15:32:00,AEP
83.27,83.27,83.21,83.23,4478,2021-10-06 15:33:00,AEP
83.22,83.24,83.205,83.23,3068,2021-10-06 15:34:00,AEP
83.23,83.23,83.18,83.18,3544,2021-10-06 15:35:00,AEP
83.18,83.19,83.16,83.16,900,2021-10-06 15:36:00,AEP
83.165,83.2,83.14,83.15,6957,2021-10-06 15:37:00,AEP
83.1444,83.1444,83.08,83.1,1840,2021-10-06 15:38:00,AEP
83.105,83.11,83.07,83.11,3965,2021-10-06 15:39:00,AEP
83.13,83.17,83.1,83.135,5325,2021-10-06 15:40:00,AEP
83.14,83.16,83.09,83.1,5110,2021-10-06 15:41:00,AEP
83.08,83.145,83.08,83.145,2300,2021-10-06 15:42:00,AEP
83.15,83.18,83.12,83.12,3023,2021-10-06 15:43:00,AEP
83.1,83.11,83.09,83.09,1400,2021-10-06 15:44:00,AEP
83.1,83.13,83.0502,83.13,3139,2021-10-06 15:45:00,AEP
83.12,83.14,83.06,83.06,2500,2021-10-06 15:46:00,AEP
83.06,83.07,83.01,83.01,4762,2021-10-06 15:47:00,AEP
83.01,83.02,82.99,83.0059,1953,2021-10-06 15:48:00,AEP
83.03,83.08,83.03,83.06,6211,2021-10-06 15:49:00,AEP
83.08,83.115,83.08,83.085,2714,2021-10-06 15:50:00,AEP
83.09,83.13,83.09,83.12,900,2021-10-06 15:51:00,AEP
83.12,83.12,83.11,83.11,2363,2021-10-06 15:52:00,AEP
83.11,83.145,83.11,83.145,1700,2021-10-06 15:53:00,AEP
83.155,83.155,83.13,83.14,2100,2021-10-06 15:54:00,AEP
83.14,83.15,83.12,83.14,3099,2021-10-06 15:55:00,AEP
83.13,83.13,83.11,83.12,2400,2021-10-06 15:56:00,AEP
83.12,83.12,83.1072,83.1072,1713,2021-10-06 15:57:00,AEP
83.115,83.1447,83.11,83.14,2450,2021-10-06 15:58:00,AEP
83.15,83.16,83.12,83.15,3167,2021-10-06 15:59:00,AEP
83.13,83.13,83.08,83.1,3111,2021-10-06 16:00:00,AEP
83.1175,83.12,83.08,83.1,6992,2021-10-06 16:01:00,AEP
83.09,83.11,83.07,83.08,4447,2021-10-06 16:02:00,AEP
83.08,83.0891,83.04,83.0891,9103,2021-10-06 16:03:00,AEP
83.08,83.09,83.07,83.085,7627,2021-10-06 16:04:00,AEP
83.08,83.135,83.08,83.1,5867,2021-10-06 16:05:00,AEP
83.08,83.1,83.015,83.015,4200,2021-10-06 16:06:00,AEP
83.02,83.04,83.02,83.025,1500,2021-10-06 16:07:00,AEP
83.01,83.01,82.98,82.98,900,2021-10-06 16:08:00,AEP
82.98,82.985,82.95,82.97,2255,2021-10-06 16:09:00,AEP
82.97,82.98,82.94,82.945,5120,2021-10-06 16:10:00,AEP
82.93,82.955,82.91,82.93,4267,2021-10-06 16:11:00,AEP
82.92,82.93,82.89,82.9,1719,2021-10-06 16:12:00,AEP
82.9079,82.925,82.9079,82.92,1222,2021-10-06 16:13:00,AEP
82.91,82.94,82.91,82.93,5152,2021-10-06 16:14:00,AEP
82.93,82.93,82.9,82.9,5871,2021-10-06 16:15:00,AEP
82.9,82.9,82.89,82.89,800,2021-10-06 16:16:00,AEP
82.89,82.94,82.88,82.93,4424,2021-10-06 16:17:00,AEP
82.93,82.97,82.93,82.95,2110,2021-10-06 16:18:00,AEP
82.95,82.9601,82.915,82.93,3084,2021-10-06 16:19:00,AEP
82.94,82.98,82.93,82.96,3558,2021-10-06 16:20:00,AEP
82.9761,82.9761,82.95,82.97,5659,2021-10-06 16:21:00,AEP
82.96,82.96,82.9,82.92,4166,2021-10-06 16:22:00,AEP
82.92,82.94,82.91,82.935,2838,2021-10-06 16:23:00,AEP
82.93,82.96,82.93,82.95,1600,2021-10-06 16:24:00,AEP
82.9599,82.9599,82.9,82.915,2550,2021-10-06 16:25:00,AEP
82.93,82.94,82.92,82.935,4525,2021-10-06 16:26:00,AEP
82.93,82.93,82.86,82.87,8030,2021-10-06 16:27:00,AEP
82.86,82.91,82.86,82.91,3998,2021-10-06 16:28:00,AEP
82.915,82.915,82.87,82.89,1700,2021-10-06 16:29:00,AEP
82.9,82.91,82.88,82.88,1556,2021-10-06 16:30:00,AEP
82.88,82.899,82.87,82.87,907,2021-10-06 16:31:00,AEP
82.86,82.88,82.86,82.88,1698,2021-10-06 16:32:00,AEP
82.86,82.92,82.86,82.92,2000,2021-10-06 16:33:00,AEP
82.93,82.93,82.9,82.93,1762,2021-10-06 16:34:00,AEP
82.94,82.95,82.94,82.94,1420,2021-10-06 16:35:00,AEP
82.94,82.95,82.94,82.95,1100,2021-10-06 16:36:00,AEP
82.947,82.99,82.935,82.98,4051,2021-10-06 16:37:00,AEP
82.975,82.99,82.97,82.97,2100,2021-10-06 16:38:00,AEP
82.98,82.98,82.97,82.97,1100,2021-10-06 16:39:00,AEP
82.99,83.0,82.97,82.985,3885,2021-10-06 16:40:00,AEP
82.97,82.9721,82.95,82.96,3085,2021-10-06 16:41:00,AEP
82.97,83.0,82.97,83.0,2245,2021-10-06 16:42:00,AEP
82.9905,82.9905,82.96,82.97,5222,2021-10-06 16:43:00,AEP
82.96,82.98,82.95,82.98,1476,2021-10-06 16:44:00,AEP
82.99,82.99,82.965,82.965,1200,2021-10-06 16:45:00,AEP
82.97,82.97,82.94,82.945,1600,2021-10-06 16:46:00,AEP
82.95,82.97,82.93,82.93,3300,2021-10-06 16:47:00,AEP
82.93,82.93,82.92,82.92,2584,2021-10-06 16:48:00,AEP
82.91,82.915,82.89,82.89,1400,2021-10-06 16:49:00,AEP
82.915,82.93,82.91,82.92,1200,2021-10-06 16:50:00,AEP
82.91,82.91,82.885,82.895,1500,2021-10-06 16:51:00,AEP
82.895,82.895,82.87,82.88,1100,2021-10-06 16:52:00,AEP
82.87,82.905,82.87,82.9,1719,2021-10-06 16:53:00,AEP
82.88,82.88,82.87,82.875,400,2021-10-06 16:54:00,AEP
82.87,82.909,82.87,82.88,2869,2021-10-06 16:55:00,AEP
82.89,82.89,82.85,82.86,1500,2021-10-06 16:56:00,AEP
82.865,82.87,82.865,82.87,300,2021-10-06 16:57:00,AEP
82.89,82.895,82.88,82.885,1200,2021-10-06 16:58:00,AEP
82.89,82.9,82.86,82.86,1903,2021-10-06 16:59:00,AEP
82.88,82.88,82.87,82.87,1900,2021-10-06 17:00:00,AEP
82.87,82.87,82.84,82.86,1400,2021-10-06 17:01:00,AEP
82.86,82.865,82.85,82.85,800,2021-10-06 17:02:00,AEP
82.84,82.845,82.82,82.82,2655,2021-10-06 17:03:00,AEP
82.83,82.86,82.83,82.86,2033,2021-10-06 17:04:00,AEP
82.86,82.86,82.81,82.84,1400,2021-10-06 17:05:00,AEP
82.815,82.86,82.81,82.86,1100,2021-10-06 17:06:00,AEP
82.85,82.85,82.83,82.83,2000,2021-10-06 17:07:00,AEP
82.83,82.88,82.83,82.88,2235,2021-10-06 17:08:00,AEP
82.89,82.91,82.86,82.875,3948,2021-10-06 17:09:00,AEP
82.885,82.89,82.88,82.88,1100,2021-10-06 17:10:00,AEP
82.86,82.93,82.86,82.904,5872,2021-10-06 17:11:00,AEP
82.9,82.9301,82.9,82.92,4500,2021-10-06 17:12:00,AEP
82.92,82.92,82.91,82.915,400,2021-10-06 17:13:00,AEP
82.93,82.96,82.93,82.96,1800,2021-10-06 17:14:00,AEP
82.96,83.0,82.95,83.0,1800,2021-10-06 17:15:00,AEP
83.0073,83.0073,83.0,83.0,820,2021-10-06 17:16:00,AEP
83.0,83.0,82.99,83.0,1300,2021-10-06 17:17:00,AEP
83.0,83.0,82.99,83.0,2587,2021-10-06 17:18:00,AEP
82.99,82.9954,82.98,82.98,1125,2021-10-06 17:19:00,AEP
83.0,83.01,83.0,83.0,3163,2021-10-06 17:20:00,AEP
83.005,83.015,82.99,83.015,1100,2021-10-06 17:21:00,AEP
83.015,83.07,83.015,83.0492,5197,2021-10-06 17:22:00,AEP
83.05,83.07,83.03,83.05,1275,2021-10-06 17:23:00,AEP
83.04,83.08,83.04,83.08,658,2021-10-06 17:24:00,AEP
83.08,83.08,83.065,83.065,1302,2021-10-06 17:25:00,AEP
83.07,83.09,83.06,83.09,2026,2021-10-06 17:26:00,AEP
83.09,83.09,83.09,83.09,1300,2021-10-06 17:27:00,AEP
83.1,83.1,83.08,83.08,2008,2021-10-06 17:28:00,AEP
83.07,83.1,83.07,83.1,2000,2021-10-06 17:29:00,AEP
83.11,83.15,83.1,83.15,2620,2021-10-06 17:30:00,AEP
83.15,83.21,83.15,83.2,3314,2021-10-06 17:31:00,AEP
83.19,83.19,83.13,83.14,1202,2021-10-06 17:32:00,AEP
83.1496,83.1834,83.1496,83.18,2539,2021-10-06 17:33:00,AEP
83.18,83.22,83.17,83.22,1300,2021-10-06 17:34:00,AEP
83.21,83.23,83.19,83.23,3367,2021-10-06 17:35:00,AEP
83.25,83.28,83.24,83.27,2250,2021-10-06 17:36:00,AEP
83.26,83.31,83.26,83.285,2504,2021-10-06 17:37:00,AEP
83.28,83.29,83.27,83.27,1900,2021-10-06 17:38:00,AEP
83.28,83.34,83.26,83.33,3370,2021-10-06 17:39:00,AEP
83.32,83.35,83.31,83.34,1800,2021-10-06 17:40:00,AEP
83.33,83.37,83.32,83.36,2511,2021-10-06 17:41:00,AEP
83.35,83.35,83.33,83.35,1629,2021-10-06 17:42:00,AEP
83.33,83.38,83.33,83.37,956,2021-10-06 17:43:00,AEP
83.37,83.4,83.365,83.365,1800,2021-10-06 17:44:00,AEP
83.37,83.38,83.36,83.38,780,2021-10-06 17:45:00,AEP
83.38,83.39,83.34,83.345,1100,2021-10-06 17:46:00,AEP
83.33,83.365,83.33,83.34,1800,2021-10-06 17:47:00,AEP
83.345,83.38,83.345,83.3691,3210,2021-10-06 17:48:00,AEP
83.37,83.39,83.365,83.39,1009,2021-10-06 17:49:00,AEP
83.38,83.4,83.36,83.39,4401,2021-10-06 17:50:00,AEP
83.395,83.395,83.33,83.34,2500,2021-10-06 17:51:00,AEP
83.35,83.415,83.35,83.415,3548,2021-10-06 17:52:00,AEP
83.415,83.43,83.4,83.41,4296,2021-10-06 17:53:00,AEP
83.42,83.47,83.42,83.47,1813,2021-10-06 17:54:00,AEP
83.465,83.52,83.46,83.51,2155,2021-10-06 17:55:00,AEP
83.51,83.5185,83.49,83.5,2200,2021-10-06 17:56:00,AEP
83.5058,83.5058,83.49,83.5,1024,2021-10-06 17:57:00,AEP
83.4916,83.55,83.485,83.55,2308,2021-10-06 17:58:00,AEP
83.55,83.55,83.54,83.54,1754,2021-10-06 17:59:00,AEP
83.56,83.57,83.535,83.5628,2780,2021-10-06 18:00:00,AEP
83.58,83.58,83.4269,83.435,6350,2021-10-06 18:01:00,AEP
83.47,83.52,83.47,83.48,1300,2021-10-06 18:02:00,AEP
83.48,83.54,83.48,83.525,1671,2021-10-06 18:03:00,AEP
83.54,83.59,83.52,83.59,4065,2021-10-06 18:04:00,AEP
83.58,83.58,83.52,83.545,2810,2021-10-06 18:05:00,AEP
83.545,83.56,83.535,83.55,1887,2021-10-06 18:06:00,AEP
83.54,83.58,83.54,83.58,1217,2021-10-06 18:07:00,AEP
83.57,83.57,83.54,83.56,2000,2021-10-06 18:08:00,AEP
83.56,83.56,83.545,83.56,2739,2021-10-06 18:09:00,AEP
83.5538,83.58,83.55,83.58,1732,2021-10-06 18:10:00,AEP
83.62,83.68,83.61,83.68,1541,2021-10-06 18:11:00,AEP
83.7,83.72,83.67,83.72,1909,2021-10-06 18:12:00,AEP
83.75,83.83,83.75,83.82,2600,2021-10-06 18:13:00,AEP
83.82,83.83,83.815,83.815,2000,2021-10-06 18:14:00,AEP
83.82,83.8313,83.81,83.82,2406,2021-10-06 18:15:00,AEP
83.81,83.81,83.79,83.795,2666,2021-10-06 18:16:00,AEP
83.81,83.83,83.81,83.82,918,2021-10-06 18:17:00,AEP
83.82,83.87,83.82,83.83,2847,2021-10-06 18:18:00,AEP
83.83,83.88,83.83,83.86,6733,2021-10-06 18:19:00,AEP
83.86,83.86,83.81,83.81,4900,2021-10-06 18:20:00,AEP
83.81,83.82,83.7999,83.8,1756,2021-10-06 18:21:00,AEP
83.83,83.845,83.83,83.84,1349,2021-10-06 18:22:00,AEP
83.84,83.84,83.82,83.83,1125,2021-10-06 18:23:00,AEP
83.83,83.83,83.79,83.81,2400,2021-10-06 18:24:00,AEP
83.83,83.84,83.805,83.8099,1735,2021-10-06 18:25:00,AEP
83.81,83.815,83.79,83.795,1000,2021-10-06 18:26:00,AEP
83.795,83.83,83.79,83.83,1676,2021-10-06 18:27:00,AEP
83.82,83.82,83.79,83.8,1900,2021-10-06 18:28:00,AEP
83.8,83.825,83.78,83.815,2261,2021-10-06 18:29:00,AEP
83.82,83.825,83.79,83.82,3700,2021-10-06 18:30:00,AEP
83.81,83.85,83.795,83.82,2000,2021-10-06 18:31:00,AEP
83.83,83.83,83.79,83.82,2723,2021-10-06 18:32:00,AEP
83.82,83.82,83.79,83.79,700,2021-10-06 18:33:00,AEP
83.82,83.84,83.81,83.81,1000,2021-10-06 18:34:00,AEP
83.82,83.84,83.795,83.795,2557,2021-10-06 18:35:00,AEP
83.8,83.8,83.785,83.79,1200,2021-10-06 18:36:00,AEP
83.78,83.82,83.78,83.8,2800,2021-10-06 18:37:00,AEP
83.8,83.85,83.8,83.85,2300,2021-10-06 18:38:00,AEP
83.855,83.88,83.83,83.88,3820,2021-10-06 18:39:00,AEP
83.89,83.925,83.88,83.88,4000,2021-10-06 18:40:00,AEP
83.895,83.9,83.89,83.9,500,2021-10-06 18:41:00,AEP
83.91,83.94,83.91,83.93,1301,2021-10-06 18:42:00,AEP
83.94,83.955,83.92,83.93,1600,2021-10-06 18:43:00,AEP
83.92,83.93,83.9101,83.915,1608,2021-10-06 18:44:00,AEP
83.93,83.947,83.93,83.93,2300,2021-10-06 18:45:00,AEP
83.95,83.959,83.945,83.95,1203,2021-10-06 18:46:00,AEP
83.95,83.96,83.942,83.942,1635,2021-10-06 18:47:00,AEP
83.95,83.955,83.945,83.95,1805,2021-10-06 18:48:00,AEP
83.935,83.935,83.915,83.92,1600,2021-10-06 18:49:00,AEP
83.93,83.98,83.93,83.97,1350,2021-10-06 18:50:00,AEP
83.98,83.98,83.951,83.97,7124,2021-10-06 18:51:00,AEP
83.95,83.97,83.92,83.95,5854,2021-10-06 18:52:00,AEP
83.955,83.955,83.94,83.94,900,2021-10-06 18:53:00,AEP
83.95,84.0,83.95,83.971,4440,2021-10-06 18:54:00,AEP
83.965,83.97,83.95,83.95,3061,2021-10-06 18:55:00,AEP
83.9522,83.9522,83.91,83.93,5502,2021-10-06 18:56:00,AEP
83.95,83.96,83.92,83.92,2538,2021-10-06 18:57:00,AEP
83.92,83.94,83.89,83.8929,2550,2021-10-06 18:58:00,AEP
83.89,83.91,83.89,83.91,822,2021-10-06 18:59:00,AEP
83.905,83.91,83.88,83.89,2400,2021-10-06 19:00:00,AEP
83.88,83.885,83.855,83.88,1700,2021-10-06 19:01:00,AEP
83.89,83.91,83.85,83.85,2400,2021-10-06 19:02:00,AEP
83.87,83.91,83.87,83.91,1400,2021-10-06 19:03:00,AEP
83.91,83.91,83.88,83.885,2797,2021-10-06 19:04:00,AEP
83.875,83.94,83.87,83.91,3911,2021-10-06 19:05:00,AEP
83.92,83.92,83.89,83.91,2720,2021-10-06 19:06:00,AEP
83.915,83.94,83.9,83.931,2605,2021-10-06 19:07:00,AEP
83.92,83.925,83.91,83.915,1258,2021-10-06 19:08:00,AEP
83.91,83.92,83.89,83.92,2465,2021-10-06 19:09:00,AEP
83.925,83.96,83.925,83.94,4300,2021-10-06 19:10:00,AEP
83.935,83.95,83.8966,83.95,2175,2021-10-06 19:11:00,AEP
83.9556,83.98,83.95,83.95,2400,2021-10-06 19:12:00,AEP
83.94,83.95,83.88,83.93,2873,2021-10-06 19:13:00,AEP
83.935,83.935,83.9,83.92,1400,2021-10-06 19:14:00,AEP
83.925,83.99,83.925,83.96,6126,2021-10-06 19:15:00,AEP
83.965,83.99,83.96,83.99,1900,2021-10-06 19:16:00,AEP
83.99,84.01,83.98,84.0,2355,2021-10-06 19:17:00,AEP
84.0,84.06,83.995,84.05,4301,2021-10-06 19:18:00,AEP
84.05,84.0618,84.03,84.045,2706,2021-10-06 19:19:00,AEP
84.04,84.06,84.02,84.04,2813,2021-10-06 19:20:00,AEP
84.05,84.08,84.03,84.07,4790,2021-10-06 19:21:00,AEP
84.08,84.08,84.03,84.03,2475,2021-10-06 19:22:00,AEP
84.0,84.04,83.99,84.02,2374,2021-10-06 19:23:00,AEP
84.015,84.03,83.99,84.03,2400,2021-10-06 19:24:00,AEP
84.035,84.035,83.95,83.95,3863,2021-10-06 19:25:00,AEP
83.97,83.98,83.955,83.98,2122,2021-10-06 19:26:00,AEP
83.98,83.99,83.95,83.97,4200,2021-10-06 19:27:00,AEP
83.97,83.975,83.94,83.975,3500,2021-10-06 19:28:00,AEP
83.975,84.01,83.975,84.01,2610,2021-10-06 19:29:00,AEP
84.02,84.07,84.01,84.04,4990,2021-10-06 19:30:00,AEP
84.04,84.11,84.04,84.11,3900,2021-10-06 19:31:00,AEP
84.1001,84.11,84.09,84.1,5540,2021-10-06 19:32:00,AEP
84.105,84.15,84.105,84.12,2712,2021-10-06 19:33:00,AEP
84.13,84.145,84.12,84.145,4075,2021-10-06 19:34:00,AEP
84.145,84.145,84.113,84.135,3450,2021-10-06 19:35:00,AEP
84.13,84.13,84.06,84.08,11305,2021-10-06 19:36:00,AEP
84.09,84.1184,84.065,84.0793,7470,2021-10-06 19:37:00,AEP
84.07,84.08,84.05,84.07,28975,2021-10-06 19:38:00,AEP
84.11,84.14,84.11,84.135,3274,2021-10-06 19:39:00,AEP
84.13,84.19,84.125,84.18,3400,2021-10-06 19:40:00,AEP
84.19,84.25,84.19,84.235,8993,2021-10-06 19:41:00,AEP
84.24,84.24,84.17,84.19,6768,2021-10-06 19:42:00,AEP
84.215,84.24,84.195,84.24,3160,2021-10-06 19:43:00,AEP
84.25,84.265,84.25,84.265,1978,2021-10-06 19:44:00,AEP
84.265,84.3,84.255,84.26,7696,2021-10-06 19:45:00,AEP
84.26,84.26,84.225,84.235,7583,2021-10-06 19:46:00,AEP
84.23,84.33,84.22,84.32,8548,2021-10-06 19:47:00,AEP
84.33,84.37,84.32,84.36,13090,2021-10-06 19:48:00,AEP
84.38,84.39,84.36,84.36,11118,2021-10-06 19:49:00,AEP
84.37,84.48,84.35,84.48,13526,2021-10-06 19:50:00,AEP
84.48,84.48,84.42,84.46,19925,2021-10-06 19:51:00,AEP
84.47,84.49,84.46,84.47,12817,2021-10-06 19:52:00,AEP
84.47,84.51,84.47,84.505,15835,2021-10-06 19:53:00,AEP
84.505,84.62,84.48,84.62,44667,2021-10-06 19:54:00,AEP
84.625,84.65,84.6,84.64,41557,2021-10-06 19:55:00,AEP
84.63,84.67,84.63,84.66,29960,2021-10-06 19:56:00,AEP
84.66,84.67,84.565,84.57,39221,2021-10-06 19:57:00,AEP
84.57,84.62,84.57,84.6,31435,2021-10-06 19:58:00,AEP
84.61,84.63,84.56,84.56,50127,2021-10-06 19:59:00,AEP
84.56,84.56,84.56,84.56,342804,2021-10-06 20:00:00,AEP
84.56,84.56,84.56,84.56,1484,2021-10-06 20:01:00,AEP
84.56,84.56,84.56,84.56,24991,2021-10-06 20:02:00,AEP
84.56,84.56,84.56,84.56,2851,2021-10-06 20:05:00,AEP
84.56,84.56,84.56,84.56,5746,2021-10-06 21:16:00,AEP
84.56,84.56,84.56,84.56,200,2021-10-06 22:05:00,AEP
84.94,85.08,84.94,84.99,2077,2021-10-07 13:25:00,AEP
84.82,84.85,84.6101,84.74,33122,2021-10-07 13:30:00,AEP
84.56,84.56,84.42,84.48,1141,2021-10-07 13:31:00,AEP
84.52,84.73,84.52,84.7,1308,2021-10-07 13:32:00,AEP
84.74,84.8999,84.73,84.8999,7371,2021-10-07 13:33:00,AEP
84.84,84.92,84.83,84.91,1350,2021-10-07 13:34:00,AEP
84.99,85.02,84.92,84.93,6480,2021-10-07 13:35:00,AEP
85.02,85.03,84.95,84.995,4434,2021-10-07 13:36:00,AEP
85.03,85.03,84.96,85.0,8061,2021-10-07 13:37:00,AEP
85.02,85.03,84.81,84.8618,2902,2021-10-07 13:38:00,AEP
84.86,84.91,84.73,84.73,4719,2021-10-07 13:39:00,AEP
84.75,84.78,84.62,84.68,5934,2021-10-07 13:40:00,AEP
84.73,84.85,84.71,84.7882,1900,2021-10-07 13:41:00,AEP
84.77,84.815,84.77,84.815,1300,2021-10-07 13:42:00,AEP
84.84,84.87,84.675,84.675,1610,2021-10-07 13:43:00,AEP
84.71,84.71,84.5925,84.5925,1063,2021-10-07 13:44:00,AEP
84.58,84.64,84.5301,84.5301,2470,2021-10-07 13:45:00,AEP
84.56,84.59,84.54,84.54,1100,2021-10-07 13:46:00,AEP
84.51,84.51,84.45,84.45,400,2021-10-07 13:47:00,AEP
84.45,84.5,84.45,84.5,1600,2021-10-07 13:48:00,AEP
84.5,84.54,84.495,84.54,1410,2021-10-07 13:49:00,AEP
84.57,84.67,84.57,84.65,1618,2021-10-07 13:50:00,AEP
84.69,84.72,84.66,84.71,1755,2021-10-07 13:51:00,AEP
84.72,84.8,84.71,84.79,2134,2021-10-07 13:52:00,AEP
84.78,84.78,84.69,84.69,864,2021-10-07 13:53:00,AEP
84.685,84.69,84.68,84.69,1500,2021-10-07 13:54:00,AEP
84.66,84.81,84.66,84.81,2178,2021-10-07 13:55:00,AEP
84.83,84.85,84.7622,84.85,8667,2021-10-07 13:56:00,AEP
84.9,84.9,84.81,84.8292,2383,2021-10-07 13:57:00,AEP
84.83,84.92,84.83,84.9,700,2021-10-07 13:58:00,AEP
84.93,84.99,84.93,84.99,3514,2021-10-07 13:59:00,AEP
85.0,85.04,84.96,85.03,3079,2021-10-07 14:00:00,AEP
85.03,85.04,84.95,84.97,2670,2021-10-07 14:01:00,AEP
84.96,85.09,84.95,85.0821,13174,2021-10-07 14:02:00,AEP
85.1,85.105,85.035,85.06,3904,2021-10-07 14:03:00,AEP
85.065,85.16,85.065,85.1407,1866,2021-10-07 14:04:00,AEP
85.134,85.15,85.08,85.12,2648,2021-10-07 14:05:00,AEP
85.13,85.15,85.11,85.14,11807,2021-10-07 14:06:00,AEP
85.14,85.21,85.14,85.19,3895,2021-10-07 14:07:00,AEP
85.165,85.1794,85.14,85.16,2299,2021-10-07 14:08:00,AEP
85.165,85.22,85.165,85.215,1251,2021-10-07 14:09:00,AEP
85.23,85.25,85.18,85.19,4777,2021-10-07 14:10:00,AEP
85.21,85.2134,85.13,85.13,3629,2021-10-07 14:11:00,AEP
85.14,85.165,85.09,85.09,1900,2021-10-07 14:12:00,AEP
85.105,85.15,85.08,85.13,3789,2021-10-07 14:13:00,AEP
85.1304,85.14,85.11,85.11,2184,2021-10-07 14:14:00,AEP
85.135,85.135,85.065,85.08,1590,2021-10-07 14:15:00,AEP
85.085,85.1,85.03,85.03,4343,2021-10-07 14:16:00,AEP
85.025,85.025,85.0,85.0,1176,2021-10-07 14:17:00,AEP
84.995,85.0424,84.9703,85.03,2079,2021-10-07 14:18:00,AEP
85.035,85.0527,84.97,84.985,1970,2021-10-07 14:19:00,AEP
84.99,85.0,84.96,84.96,1207,2021-10-07 14:20:00,AEP
84.95,84.96,84.92,84.94,900,2021-10-07 14:21:00,AEP
84.945,84.98,84.92,84.95,2737,2021-10-07 14:22:00,AEP
84.96,85.0,84.945,84.945,4940,2021-10-07 14:23:00,AEP
84.94,84.94,84.85,84.87,3563,2021-10-07 14:24:00,AEP
84.865,84.865,84.82,84.82,1556,2021-10-07 14:25:00,AEP
84.81,84.84,84.81,84.83,570,2021-10-07 14:26:00,AEP
84.84,84.87,84.84,84.8631,983,2021-10-07 14:27:00,AEP
84.8503,84.86,84.79,84.79,3559,2021-10-07 14:28:00,AEP
84.82,84.82,84.79,84.79,789,2021-10-07 14:29:00,AEP
84.78,84.82,84.77,84.77,2000,2021-10-07 14:30:00,AEP
84.77,84.79,84.71,84.74,3792,2021-10-07 14:31:00,AEP
84.76,84.85,84.76,84.84,1300,2021-10-07 14:32:00,AEP
84.83,84.88,84.83,84.86,1732,2021-10-07 14:33:00,AEP
84.84,84.84,84.78,84.78,1691,2021-10-07 14:34:00,AEP
84.77,84.77,84.73,84.74,2822,2021-10-07 14:35:00,AEP
84.745,84.785,84.73,84.785,1940,2021-10-07 14:36:00,AEP
84.8,84.805,84.73,84.74,3924,2021-10-07 14:37:00,AEP
84.74,84.74,84.71,84.725,1667,2021-10-07 14:38:00,AEP
84.73,84.7303,84.68,84.7055,3541,2021-10-07 14:39:00,AEP
84.7,84.7,84.67,84.69,6989,2021-10-07 14:40:00,AEP
84.68,84.69,84.66,84.66,1500,2021-10-07 14:41:00,AEP
84.68,84.71,84.68,84.695,2145,2021-10-07 14:42:00,AEP
84.69,84.69,84.6,84.62,3000,2021-10-07 14:43:00,AEP
84.62,84.67,84.62,84.6635,2568,2021-10-07 14:44:00,AEP
84.65,84.65,84.58,84.615,19743,2021-10-07 14:45:00,AEP
84.615,84.65,84.55,84.62,14871,2021-10-07 14:46:00,AEP
84.63,84.66,84.63,84.66,2650,2021-10-07 14:47:00,AEP
84.65,84.6631,84.64,84.6572,2380,2021-10-07 14:48:00,AEP
84.66,84.665,84.64,84.66,2151,2021-10-07 14:49:00,AEP
84.65,84.65,84.56,84.6,6570,2021-10-07 14:50:00,AEP
84.62,84.64,84.59,84.59,2215,2021-10-07 14:51:00,AEP
84.59,84.61,84.59,84.61,1435,2021-10-07 14:52:00,AEP
84.59,84.66,84.59,84.64,3500,2021-10-07 14:53:00,AEP
84.67,84.7,84.67,84.6866,2229,2021-10-07 14:54:00,AEP
84.69,84.795,84.69,84.795,5540,2021-10-07 14:55:00,AEP
84.8,84.84,84.71,84.71,5415,2021-10-07 14:56:00,AEP
84.735,84.75,84.735,84.74,900,2021-10-07 14:57:00,AEP
84.76,84.76,84.735,84.76,1666,2021-10-07 14:58:00,AEP
84.77,84.79,84.75,84.75,2000,2021-10-07 14:59:00,AEP
84.76,84.76,84.73,84.75,2200,2021-10-07 15:00:00,AEP
84.74,84.76,84.7377,84.7377,1421,2021-10-07 15:01:00,AEP
84.73,84.74,84.68,84.74,2944,2021-10-07 15:02:00,AEP
84.7084,84.71,84.695,84.7,1000,2021-10-07 15:03:00,AEP
84.7,84.73,84.695,84.73,6446,2021-10-07 15:04:00,AEP
84.73,84.73,84.7,84.71,2769,2021-10-07 15:05:00,AEP
84.71,84.72,84.69,84.69,6645,2021-10-07 15:06:00,AEP
84.685,84.69,84.645,84.66,3186,2021-10-07 15:07:00,AEP
84.66,84.67,84.63,84.63,1463,2021-10-07 15:08:00,AEP
84.62,84.62,84.5936,84.5936,1322,2021-10-07 15:09:00,AEP
84.6,84.6,84.57,84.57,922,2021-10-07 15:10:00,AEP
84.56,84.57,84.54,84.54,800,2021-10-07 15:11:00,AEP
84.52,84.52,84.52,84.52,100,2021-10-07 15:12:00,AEP
84.51,84.52,84.49,84.52,2145,2021-10-07 15:13:00,AEP
84.52,84.52,84.49,84.5,2170,2021-10-07 15:14:00,AEP
84.5,84.5,84.38,84.408,5298,2021-10-07 15:15:00,AEP
84.41,84.455,84.41,84.455,600,2021-10-07 15:16:00,AEP
84.47,84.47,84.43,84.43,2343,2021-10-07 15:17:00,AEP
84.46,84.48,84.46,84.46,426,2021-10-07 15:18:00,AEP
84.4714,84.4714,84.44,84.4541,1110,2021-10-07 15:19:00,AEP
84.4466,84.49,84.44,84.44,5171,2021-10-07 15:20:00,AEP
84.44,84.44,84.42,84.43,2500,2021-10-07 15:21:00,AEP
84.42,84.42,84.4,84.4,200,2021-10-07 15:22:00,AEP
84.4,84.4003,84.39,84.39,1100,2021-10-07 15:23:00,AEP
84.38,84.4,84.37,84.38,2611,2021-10-07 15:24:00,AEP
84.395,84.41,84.39,84.4,2362,2021-10-07 15:25:00,AEP
84.4,84.43,84.4,84.43,3419,2021-10-07 15:26:00,AEP
84.4231,84.4231,84.39,84.41,3100,2021-10-07 15:27:00,AEP
84.4239,84.45,84.4239,84.44,2573,2021-10-07 15:28:00,AEP
84.46,84.46,84.41,84.4153,2450,2021-10-07 15:29:00,AEP
84.42,84.47,84.4195,84.47,4100,2021-10-07 15:30:00,AEP
84.47,84.49,84.46,84.49,2084,2021-10-07 15:31:00,AEP
84.48,84.5224,84.48,84.52,2598,2021-10-07 15:32:00,AEP
84.52,84.54,84.5,84.54,3450,2021-10-07 15:33:00,AEP
84.53,84.53,84.51,84.51,1900,2021-10-07 15:34:00,AEP
84.505,84.52,84.49,84.51,2800,2021-10-07 15:35:00,AEP
84.515,84.565,84.5,84.56,1785,2021-10-07 15:36:00,AEP
84.55,84.55,84.5,84.54,2200,2021-10-07 15:37:00,AEP
84.55,84.6,84.55,84.6,1663,2021-10-07 15:38:00,AEP
84.59,84.59,84.53,84.55,105043,2021-10-07 15:39:00,AEP
84.55,84.61,84.55,84.6,1873,2021-10-07 15:40:00,AEP
84.6,84.62,84.59,84.62,1560,2021-10-07 15:41:00,AEP
84.61,84.63,84.6,84.62,1686,2021-10-07 15:42:00,AEP
84.63,84.67,84.62,84.67,834,2021-10-07 15:43:00,AEP
84.65,84.65,84.59,84.59,3324,2021-10-07 15:44:00,AEP
84.61,84.65,84.61,84.63,1442,2021-10-07 15:45:00,AEP
84.635,84.635,84.615,84.625,1512,2021-10-07 15:46:00,AEP
84.6,84.61,84.59,84.61,800,2021-10-07 15:47:00,AEP
84.61,84.615,84.6,84.605,1167,2021-10-07 15:48:00,AEP
84.6,84.61,84.59,84.6,6899,2021-10-07 15:49:00,AEP
84.59,84.59,84.53,84.5499,4111,2021-10-07 15:50:00,AEP
84.54,84.555,84.5,84.555,2408,2021-10-07 15:51:00,AEP
84.56,84.575,84.5544,84.575,925,2021-10-07 15:52:00,AEP
84.59,84.61,84.59,84.61,400,2021-10-07 15:53:00,AEP
84.605,84.605,84.58,84.58,3191,2021-10-07 15:54:00,AEP
84.58,84.58,84.565,84.57,1100,2021-10-07 15:55:00,AEP
84.56,84.56,84.54,84.54,1000,2021-10-07 15:56:00,AEP
84.54,84.55,84.53,84.53,7225,2021-10-07 15:57:00,AEP
84.57,84.57,84.56,84.565,973,2021-10-07 15:58:00,AEP
84.56,84.58,84.56,84.57,1500,2021-10-07 15:59:00,AEP
84.58,84.63,84.58,84.59,15718,2021-10-07 16:00:00,AEP
84.6,84.615,84.6,84.615,2399,2021-10-07 16:01:00,AEP
84.61,84.63,84.59,84.63,5815,2021-10-07 16:02:00,AEP
84.62,84.63,84.5538,84.56,4749,2021-10-07 16:03:00,AEP
84.56,84.6,84.55,84.56,3800,2021-10-07 16:04:00,AEP
84.56,84.56,84.545,84.545,920,2021-10-07 16:05:00,AEP
84.54,84.55,84.5,84.5,1240,2021-10-07 16:06:00,AEP
84.51,84.51,84.5033,84.5033,600,2021-10-07 16:07:00,AEP
84.505,84.51,84.505,84.51,500,2021-10-07 16:08:00,AEP
84.53,84.535,84.53,84.5346,1100,2021-10-07 16:09:00,AEP
84.53,84.53,84.49,84.49,2313,2021-10-07 16:10:00,AEP
84.5,84.52,84.5,84.52,1100,2021-10-07 16:11:00,AEP
84.51,84.51,84.505,84.505,800,2021-10-07 16:12:00,AEP
84.51,84.52,84.5,84.5,2689,2021-10-07 16:13:00,AEP
84.5081,84.52,84.5081,84.51,2100,2021-10-07 16:14:00,AEP
84.5,84.5,84.46,84.48,2300,2021-10-07 16:15:00,AEP
84.4899,84.4899,84.45,84.45,950,2021-10-07 16:16:00,AEP
84.44,84.44,84.4182,84.4182,678,2021-10-07 16:17:00,AEP
84.414,84.415,84.375,84.375,4130,2021-10-07 16:18:00,AEP
84.4,84.4,84.37,84.3703,1625,2021-10-07 16:19:00,AEP
84.36,84.36,84.32,84.32,700,2021-10-07 16:20:00,AEP
84.35,84.35,84.34,84.34,500,2021-10-07 16:21:00,AEP
84.355,84.37,84.355,84.36,480,2021-10-07 16:22:00,AEP
84.36,84.36,84.33,84.34,6620,2021-10-07 16:23:00,AEP
84.34,84.38,84.34,84.375,3031,2021-10-07 16:24:00,AEP
84.38,84.39,84.38,84.39,600,2021-10-07 16:25:00,AEP
84.39,84.4,84.39,84.4,564,2021-10-07 16:26:00,AEP
84.4,84.43,84.4,84.4235,800,2021-10-07 16:27:00,AEP
84.43,84.44,84.43,84.43,2748,2021-10-07 16:28:00,AEP
84.43,84.46,84.43,84.44,2277,2021-10-07 16:29:00,AEP
84.46,84.46,84.43,84.43,2138,2021-10-07 16:30:00,AEP
84.44,84.4483,84.44,84.44,1018,2021-10-07 16:31:00,AEP
84.44,84.45,84.44,84.45,900,2021-10-07 16:32:00,AEP
84.45,84.465,84.45,84.4574,1652,2021-10-07 16:33:00,AEP
84.46,84.465,84.44,84.44,2536,2021-10-07 16:34:00,AEP
84.4553,84.4642,84.44,84.4642,1267,2021-10-07 16:35:00,AEP
84.47,84.5,84.47,84.47,2092,2021-10-07 16:36:00,AEP
84.4634,84.48,84.4634,84.475,1927,2021-10-07 16:37:00,AEP
84.475,84.48,84.46,84.48,1580,2021-10-07 16:38:00,AEP
84.48,84.5,84.48,84.5,1638,2021-10-07 16:39:00,AEP
84.49,84.49,84.445,84.45,3247,2021-10-07 16:40:00,AEP
84.4599,84.4599,84.42,84.43,2550,2021-10-07 16:41:00,AEP
84.45,84.46,84.44,84.46,1034,2021-10-07 16:42:00,AEP
84.45,84.47,84.45,84.47,1168,2021-10-07 16:43:00,AEP
84.46,84.47,84.45,84.45,900,2021-10-07 16:44:00,AEP
84.44,84.44,84.39,84.39,2518,2021-10-07 16:45:00,AEP
84.3873,84.3873,84.38,84.38,622,2021-10-07 16:46:00,AEP
84.38,84.39,84.38,84.38,1800,2021-10-07 16:47:00,AEP
84.39,84.4,84.39,84.4,400,2021-10-07 16:48:00,AEP
84.41,84.41,84.39,84.41,2830,2021-10-07 16:49:00,AEP
84.42,84.43,84.415,84.43,3140,2021-10-07 16:50:00,AEP
84.43,84.46,84.42,84.46,2157,2021-10-07 16:51:00,AEP
84.45,84.48,84.44,84.47,3000,2021-10-07 16:52:00,AEP
84.49,84.5,84.465,84.465,2931,2021-10-07 16:53:00,AEP
84.474,84.474,84.44,84.442,2885,2021-10-07 16:54:00,AEP
84.43,84.4691,84.43,84.4691,600,2021-10-07 16:55:00,AEP
84.48,84.48,84.48,84.48,700,2021-10-07 16:56:00,AEP
84.48,84.5,84.47,84.48,1300,2021-10-07 16:57:00,AEP
84.475,84.5,84.475,84.5,1200,2021-10-07 16:58:00,AEP
84.51,84.54,84.51,84.52,3210,2021-10-07 16:59:00,AEP
84.52,84.53,84.51,84.52,1830,2021-10-07 17:00:00,AEP
84.52,84.53,84.5,84.53,3410,2021-10-07 17:01:00,AEP
84.54,84.54,84.49,84.49,1680,2021-10-07 17:02:00,AEP
84.495,84.495,84.47,84.475,1849,2021-10-07 17:03:00,AEP
84.475,84.48,84.465,84.465,1700,2021-10-07 17:04:00,AEP
84.505,84.505,84.505,84.505,100,2021-10-07 17:05:00,AEP
84.5,84.5,84.4759,84.4794,2088,2021-10-07 17:06:00,AEP
84.48,84.505,84.48,84.5,1807,2021-10-07 17:07:00,AEP
84.51,84.55,84.51,84.55,1200,2021-10-07 17:08:00,AEP
84.56,84.575,84.56,84.575,2302,2021-10-07 17:09:00,AEP
84.57,84.57,84.5478,84.56,984,2021-10-07 17:10:00,AEP
84.56,84.585,84.55,84.55,2508,2021-10-07 17:11:00,AEP
84.56,84.5757,84.56,84.56,360,2021-10-07 17:12:00,AEP
84.56,84.57,84.56,84.57,400,2021-10-07 17:13:00,AEP
84.57,84.5807,84.57,84.58,3558,2021-10-07 17:14:00,AEP
84.57,84.57,84.56,84.56,400,2021-10-07 17:15:00,AEP
84.57,84.58,84.54,84.55,2582,2021-10-07 17:16:00,AEP
84.53,84.54,84.53,84.54,1208,2021-10-07 17:18:00,AEP
84.52,84.52,84.4541,84.47,4112,2021-10-07 17:19:00,AEP
84.4799,84.4799,84.43,84.43,2156,2021-10-07 17:20:00,AEP
84.435,84.435,84.42,84.42,898,2021-10-07 17:21:00,AEP
84.42,84.46,84.42,84.45,2451,2021-10-07 17:22:00,AEP
84.465,84.49,84.465,84.49,1315,2021-10-07 17:23:00,AEP
84.5,84.55,84.5,84.55,3160,2021-10-07 17:24:00,AEP
84.54,84.56,84.53,84.55,7743,2021-10-07 17:25:00,AEP
84.56,84.5882,84.55,84.56,3407,2021-10-07 17:26:00,AEP
84.58,84.58,84.57,84.57,300,2021-10-07 17:27:00,AEP
84.58,84.61,84.58,84.59,2475,2021-10-07 17:28:00,AEP
84.58,84.6,84.58,84.59,1829,2021-10-07 17:29:00,AEP
84.5819,84.6084,84.58,84.59,1879,2021-10-07 17:30:00,AEP
84.58,84.59,84.55,84.56,1800,2021-10-07 17:31:00,AEP
84.57,84.57,84.56,84.56,400,2021-10-07 17:32:00,AEP
84.57,84.63,84.57,84.63,1746,2021-10-07 17:33:00,AEP
84.64,84.66,84.63,84.65,5330,2021-10-07 17:34:00,AEP
84.64,84.64,84.61,84.63,1962,2021-10-07 17:35:00,AEP
84.63,84.63,84.56,84.61,3178,2021-10-07 17:36:00,AEP
84.6,84.63,84.6,84.63,1180,2021-10-07 17:37:00,AEP
84.6248,84.635,84.62,84.62,1050,2021-10-07 17:38:00,AEP
84.62,84.62,84.61,84.61,1429,2021-10-07 17:39:00,AEP
84.6293,84.6293,84.6293,84.6293,500,2021-10-07 17:40:00,AEP
84.62,84.6201,84.59,84.59,1675,2021-10-07 17:41:00,AEP
84.6077,84.64,84.6077,84.62,4978,2021-10-07 17:42:00,AEP
84.62,84.67,84.62,84.66,2100,2021-10-07 17:43:00,AEP
84.67,84.675,84.61,84.62,3522,2021-10-07 17:44:00,AEP
84.63,84.63,84.58,84.58,1657,2021-10-07 17:45:00,AEP
84.5967,84.605,84.59,84.605,1907,2021-10-07 17:46:00,AEP
84.595,84.595,84.57,84.59,2596,2021-10-07 17:47:00,AEP
84.58,84.59,84.57,84.58,2569,2021-10-07 17:48:00,AEP
84.58,84.6,84.57,84.6,2610,2021-10-07 17:49:00,AEP
84.59,84.595,84.54,84.54,4591,2021-10-07 17:50:00,AEP
84.55,84.59,84.55,84.58,1300,2021-10-07 17:51:00,AEP
84.58,84.58,84.55,84.57,3439,2021-10-07 17:52:00,AEP
84.57,84.57,84.56,84.56,300,2021-10-07 17:53:00,AEP
84.53,84.53,84.53,84.53,400,2021-10-07 17:54:00,AEP
84.54,84.54,84.53,84.53,835,2021-10-07 17:55:00,AEP
84.52,84.535,84.52,84.52,1825,2021-10-07 17:56:00,AEP
84.53,84.53,84.53,84.53,1000,2021-10-07 17:57:00,AEP
84.53,84.545,84.53,84.54,1000,2021-10-07 17:58:00,AEP
84.53,84.53,84.51,84.51,800,2021-10-07 17:59:00,AEP
84.485,84.485,84.4814,84.4814,450,2021-10-07 18:00:00,AEP
84.48,84.48,84.43,84.43,2147,2021-10-07 18:01:00,AEP
84.43,84.45,84.42,84.42,2100,2021-10-07 18:02:00,AEP
84.4276,84.43,84.42,84.43,400,2021-10-07 18:03:00,AEP
84.43,84.43,84.41,84.4132,1407,2021-10-07 18:04:00,AEP
84.41,84.44,84.41,84.41,1309,2021-10-07 18:05:00,AEP
84.415,84.45,84.415,84.45,815,2021-10-07 18:06:00,AEP
84.4549,84.46,84.44,84.445,1501,2021-10-07 18:07:00,AEP
84.44,84.44,84.43,84.4351,2151,2021-10-07 18:08:00,AEP
84.425,84.425,84.42,84.42,500,2021-10-07 18:09:00,AEP
84.41,84.42,84.4,84.41,2400,2021-10-07 18:10:00,AEP
84.395,84.41,84.395,84.41,547,2021-10-07 18:11:00,AEP
84.42,84.44,84.415,84.435,2297,2021-10-07 18:12:00,AEP
84.43,84.43,84.41,84.41,1830,2021-10-07 18:13:00,AEP
84.41,84.41,84.375,84.38,2264,2021-10-07 18:14:00,AEP
84.375,84.3853,84.37,84.37,2117,2021-10-07 18:15:00,AEP
84.38,84.38,84.375,84.375,1379,2021-10-07 18:16:00,AEP
84.375,84.41,84.375,84.405,2749,2021-10-07 18:17:00,AEP
84.405,84.425,84.405,84.42,3204,2021-10-07 18:18:00,AEP
84.42,84.46,84.42,84.45,1524,2021-10-07 18:19:00,AEP
84.45,84.465,84.45,84.465,2688,2021-10-07 18:20:00,AEP
84.46,84.46,84.45,84.4531,2900,2021-10-07 18:21:00,AEP
84.46,84.46,84.41,84.415,4137,2021-10-07 18:22:00,AEP
84.4185,84.43,84.405,84.43,2114,2021-10-07 18:23:00,AEP
84.425,84.455,84.42,84.455,4719,2021-10-07 18:24:00,AEP
84.46,84.46,84.43,84.43,2400,2021-10-07 18:25:00,AEP
84.43,84.435,84.405,84.405,2738,2021-10-07 18:26:00,AEP
84.41,84.43,84.41,84.41,5801,2021-10-07 18:27:00,AEP
84.415,84.43,84.415,84.43,1900,2021-10-07 18:28:00,AEP
84.43,84.4493,84.42,84.425,3227,2021-10-07 18:29:00,AEP
84.425,84.425,84.405,84.41,2785,2021-10-07 18:30:00,AEP
84.405,84.41,84.395,84.4,2146,2021-10-07 18:31:00,AEP
84.405,84.415,84.405,84.415,3350,2021-10-07 18:32:00,AEP
84.415,84.415,84.3987,84.3987,1750,2021-10-07 18:33:00,AEP
84.395,84.395,84.38,84.385,1800,2021-10-07 18:34:00,AEP
84.375,84.395,84.37,84.385,3165,2021-10-07 18:35:00,AEP
84.38,84.38,84.345,84.345,3638,2021-10-07 18:36:00,AEP
84.34,84.34,84.31,84.31,700,2021-10-07 18:37:00,AEP
84.3,84.33,84.3,84.325,1600,2021-10-07 18:38:00,AEP
84.32,84.32,84.26,84.26,2460,2021-10-07 18:39:00,AEP
84.26,84.29,84.26,84.29,300,2021-10-07 18:40:00,AEP
84.295,84.325,84.295,84.32,1500,2021-10-07 18:41:00,AEP
84.32,84.32,84.29,84.29,1300,2021-10-07 18:42:00,AEP
84.3,84.345,84.3,84.33,1500,2021-10-07 18:43:00,AEP
84.31,84.315,84.29,84.29,1512,2021-10-07 18:44:00,AEP
84.28,84.28,84.22,84.23,4500,2021-10-07 18:45:00,AEP
84.225,84.239,84.2,84.2,1900,2021-10-07 18:46:00,AEP
84.19,84.2,84.18,84.19,1445,2021-10-07 18:47:00,AEP
84.19,84.2,84.19,84.2,1300,2021-10-07 18:48:00,AEP
84.205,84.21,84.195,84.195,800,2021-10-07 18:49:00,AEP
84.195,84.195,84.13,84.13,2095,2021-10-07 18:50:00,AEP
84.14,84.15,84.13,84.13,1700,2021-10-07 18:51:00,AEP
84.13,84.15,84.13,84.14,4325,2021-10-07 18:52:00,AEP
84.14,84.165,84.14,84.165,1000,2021-10-07 18:53:00,AEP
84.17,84.17,84.13,84.13,2393,2021-10-07 18:54:00,AEP
84.13,84.1363,84.12,84.1363,2086,2021-10-07 18:55:00,AEP
84.13,84.13,84.1,84.12,1600,2021-10-07 18:56:00,AEP
84.135,84.14,84.13,84.14,1319,2021-10-07 18:57:00,AEP
84.13,84.13,84.08,84.09,1306,2021-10-07 18:58:00,AEP
84.1,84.1,84.07,84.07,2700,2021-10-07 18:59:00,AEP
84.07,84.07,84.04,84.04,2100,2021-10-07 19:00:00,AEP
84.05,84.07,84.04,84.07,2496,2021-10-07 19:01:00,AEP
84.06,84.08,84.0,84.0,3995,2021-10-07 19:02:00,AEP
83.97,83.99,83.96,83.98,1324,2021-10-07 19:03:00,AEP
83.97,83.99,83.97,83.99,2112,2021-10-07 19:04:00,AEP
84.03,84.07,84.03,84.07,2400,2021-10-07 19:05:00,AEP
84.07,84.095,84.06,84.09,2392,2021-10-07 19:06:00,AEP
84.08,84.08,84.055,84.08,2000,2021-10-07 19:07:00,AEP
84.09,84.09,84.065,84.065,1510,2021-10-07 19:08:00,AEP
84.06,84.09,84.03,84.09,1826,2021-10-07 19:09:00,AEP
84.09,84.09,84.045,84.045,2102,2021-10-07 19:10:00,AEP
84.05,84.055,84.04,84.055,969,2021-10-07 19:11:00,AEP
84.06,84.13,84.055,84.13,3185,2021-10-07 19:12:00,AEP
84.12,84.14,84.12,84.14,1873,2021-10-07 19:13:00,AEP
84.15,84.17,84.14,84.1691,1995,2021-10-07 19:14:00,AEP
84.17,84.2,84.16,84.195,1750,2021-10-07 19:15:00,AEP
84.195,84.2495,84.195,84.24,2220,2021-10-07 19:16:00,AEP
84.25,84.265,84.24,84.265,1700,2021-10-07 19:17:00,AEP
84.25,84.25,84.23,84.245,1504,2021-10-07 19:18:00,AEP
84.24,84.27,84.235,84.25,10980,2021-10-07 19:19:00,AEP
84.25,84.26,84.23,84.235,2900,2021-10-07 19:20:00,AEP
84.24,84.245,84.2,84.215,5742,2021-10-07 19:21:00,AEP
84.21,84.21,84.16,84.195,5600,2021-10-07 19:22:00,AEP
84.195,84.195,84.15,84.165,2570,2021-10-07 19:23:00,AEP
84.175,84.25,84.17,84.25,2351,2021-10-07 19:24:00,AEP
84.24,84.24,84.175,84.18,2610,2021-10-07 19:25:00,AEP
84.18,84.215,84.17,84.21,2965,2021-10-07 19:26:00,AEP
84.18,84.18,84.1,84.11,3902,2021-10-07 19:27:00,AEP
84.115,84.15,84.115,84.14,2200,2021-10-07 19:28:00,AEP
84.14,84.21,84.13,84.21,2818,2021-10-07 19:29:00,AEP
84.205,84.205,84.155,84.205,5351,2021-10-07 19:30:00,AEP
84.2,84.27,84.2,84.25,4914,2021-10-07 19:31:00,AEP
84.24,84.26,84.23,84.25,1923,2021-10-07 19:32:00,AEP
84.27,84.28,84.23,84.26,3844,2021-10-07 19:33:00,AEP
84.265,84.265,84.21,84.22,2336,2021-10-07 19:34:00,AEP
84.22,84.22,84.13,84.14,6200,2021-10-07 19:35:00,AEP
84.135,84.155,84.13,84.145,4340,2021-10-07 19:36:00,AEP
84.14,84.155,84.07,84.09,2700,2021-10-07 19:37:00,AEP
84.09,84.115,84.08,84.095,3203,2021-10-07 19:38:00,AEP
84.1,84.16,84.1,84.15,2345,2021-10-07 19:39:00,AEP
84.155,84.21,84.155,84.2,2899,2021-10-07 19:40:00,AEP
84.2,84.2865,84.2,84.255,4521,2021-10-07 19:41:00,AEP
84.24,84.245,84.18,84.18,4600,2021-10-07 19:42:00,AEP
84.17,84.195,84.155,84.16,4437,2021-10-07 19:43:00,AEP
84.16,84.17,84.085,84.085,5336,2021-10-07 19:44:00,AEP
84.085,84.11,84.07,84.08,6179,2021-10-07 19:45:00,AEP
84.075,84.12,84.07,84.12,4100,2021-10-07 19:46:00,AEP
84.13,84.14,84.11,84.12,3939,2021-10-07 19:47:00,AEP
84.12,84.145,84.11,84.14,3970,2021-10-07 19:48:00,AEP
84.15,84.17,84.12,84.16,4830,2021-10-07 19:49:00,AEP
84.15,84.245,84.13,84.215,11257,2021-10-07 19:50:00,AEP
84.2,84.2,84.08,84.081,10780,2021-10-07 19:51:00,AEP
84.1,84.14,84.075,84.14,11741,2021-10-07 19:52:00,AEP
84.145,84.155,84.12,84.14,11115,2021-10-07 19:53:00,AEP
84.15,84.23,84.15,84.225,16139,2021-10-07 19:54:00,AEP
84.23,84.245,84.16,84.17,20472,2021-10-07 19:55:00,AEP
84.16,84.16,84.1,84.125,19441,2021-10-07 19:56:00,AEP
84.125,84.135,84.08,84.105,26641,2021-10-07 19:57:00,AEP
84.1023,84.115,84.075,84.095,36342,2021-10-07 19:58:00,AEP
84.1,84.16,84.1,84.13,55316,2021-10-07 19:59:00,AEP
84.14,84.14,84.14,84.14,282992,2021-10-07 20:00:00,AEP
84.1,84.1,84.1,84.1,486,2021-10-07 20:08:00,AEP
84.14,84.14,84.14,84.14,4196,2021-10-07 20:09:00,AEP
84.150096,84.150096,84.150096,84.150096,7049,2021-10-07 20:23:00,AEP
84.11,84.12,83.83,83.84,22235,2021-10-08 13:30:00,AEP
83.88,83.92,83.8,83.82,1650,2021-10-08 13:31:00,AEP
84.01,84.025,84.01,84.02,1200,2021-10-08 13:32:00,AEP
84.0,84.0,83.87,83.92,1000,2021-10-08 13:33:00,AEP
83.97,83.97,83.88,83.95,3300,2021-10-08 13:34:00,AEP
83.89,84.0,83.8697,83.94,3743,2021-10-08 13:35:00,AEP
83.95,83.96,83.92,83.925,3500,2021-10-08 13:36:00,AEP
83.93,84.01,83.93,83.9614,3405,2021-10-08 13:37:00,AEP
83.96,83.96,83.83,83.83,1815,2021-10-08 13:38:00,AEP
83.87,83.93,83.8,83.8,6388,2021-10-08 13:39:00,AEP
83.77,83.91,83.75,83.91,5800,2021-10-08 13:40:00,AEP
83.9,83.9,83.81,83.81,2920,2021-10-08 13:41:00,AEP
83.79,83.83,83.69,83.69,5312,2021-10-08 13:42:00,AEP
83.71,83.71,83.62,83.63,3714,2021-10-08 13:43:00,AEP
83.6,83.65,83.58,83.58,3570,2021-10-08 13:44:00,AEP
83.55,83.71,83.55,83.71,1700,2021-10-08 13:45:00,AEP
83.74,83.745,83.59,83.63,4375,2021-10-08 13:46:00,AEP
83.64,83.67,83.6169,83.63,3344,2021-10-08 13:47:00,AEP
83.61,83.64,83.59,83.64,1910,2021-10-08 13:48:00,AEP
83.66,83.6686,83.57,83.59,2360,2021-10-08 13:49:00,AEP
83.58,83.58,83.48,83.54,6685,2021-10-08 13:50:00,AEP
83.61,83.64,83.61,83.62,2531,2021-10-08 13:51:00,AEP
83.62,83.63,83.565,83.58,2521,2021-10-08 13:52:00,AEP
83.59,83.76,83.59,83.75,1368,2021-10-08 13:53:00,AEP
83.76,83.76,83.69,83.69,4000,2021-10-08 13:54:00,AEP
83.66,83.7,83.62,83.6599,3500,2021-10-08 13:55:00,AEP
83.67,83.73,83.67,83.72,4350,2021-10-08 13:56:00,AEP
83.74,83.8,83.72,83.795,7246,2021-10-08 13:57:00,AEP
83.81,83.88,83.81,83.88,4800,2021-10-08 13:58:00,AEP
83.88,83.89,83.82,83.821,2747,2021-10-08 13:59:00,AEP
83.84,83.89,83.84,83.85,3300,2021-10-08 14:00:00,AEP
83.91,83.94,83.88,83.89,5416,2021-10-08 14:01:00,AEP
83.95,84.03,83.95,83.98,6126,2021-10-08 14:02:00,AEP
83.96,84.0,83.94,84.0,2745,2021-10-08 14:03:00,AEP
83.995,83.995,83.94,83.95,2197,2021-10-08 14:04:00,AEP
83.95,84.01,83.95,83.995,1848,2021-10-08 14:05:00,AEP
83.98,84.05,83.98,84.04,500,2021-10-08 14:06:00,AEP
84.06,84.07,84.015,84.07,1962,2021-10-08 14:07:00,AEP
84.05,84.05,84.0,84.0,1886,2021-10-08 14:08:00,AEP
83.97,83.97,83.89,83.9,2675,2021-10-08 14:09:00,AEP
83.89,83.89,83.84,83.86,3135,2021-10-08 14:10:00,AEP
83.85,83.85,83.79,83.79,2200,2021-10-08 14:11:00,AEP
83.7765,83.79,83.74,83.74,1700,2021-10-08 14:12:00,AEP
83.72,83.73,83.7,83.7,1700,2021-10-08 14:13:00,AEP
83.67,83.71,83.67,83.71,1902,2021-10-08 14:14:00,AEP
83.7,83.7,83.62,83.62,1700,2021-10-08 14:15:00,AEP
83.6303,83.65,83.61,83.65,2432,2021-10-08 14:16:00,AEP
83.625,83.68,83.62,83.67,1700,2021-10-08 14:17:00,AEP
83.65,83.655,83.65,83.655,310,2021-10-08 14:18:00,AEP
83.69,83.7,83.67,83.67,1000,2021-10-08 14:19:00,AEP
83.68,83.69,83.62,83.63,3480,2021-10-08 14:20:00,AEP
83.62,83.655,83.59,83.65,5635,2021-10-08 14:21:00,AEP
83.6563,83.6563,83.59,83.63,2135,2021-10-08 14:22:00,AEP
83.62,83.63,83.62,83.62,1825,2021-10-08 14:23:00,AEP
83.61,83.61,83.57,83.58,1300,2021-10-08 14:24:00,AEP
83.55,83.55,83.51,83.53,1100,2021-10-08 14:25:00,AEP
83.555,83.56,83.49,83.52,2645,2021-10-08 14:26:00,AEP
83.515,83.54,83.515,83.54,1409,2021-10-08 14:27:00,AEP
83.55,83.57,83.54,83.57,1513,2021-10-08 14:28:00,AEP
83.58,83.58,83.51,83.51,6917,2021-10-08 14:29:00,AEP
83.55,83.6105,83.55,83.575,2100,2021-10-08 14:30:00,AEP
83.615,83.62,83.583,83.61,2440,2021-10-08 14:31:00,AEP
83.63,83.66,83.62,83.65,3843,2021-10-08 14:32:00,AEP
83.65,83.65,83.63,83.645,825,2021-10-08 14:33:00,AEP
83.63,83.65,83.6,83.64,3993,2021-10-08 14:34:00,AEP
83.64,83.64,83.62,83.62,300,2021-10-08 14:35:00,AEP
83.59,83.59,83.52,83.52,1800,2021-10-08 14:36:00,AEP
83.53,83.56,83.53,83.54,1100,2021-10-08 14:37:00,AEP
83.55,83.59,83.535,83.59,2576,2021-10-08 14:38:00,AEP
83.58,83.6,83.55,83.58,2130,2021-10-08 14:39:00,AEP
83.57,83.6,83.56,83.57,1865,2021-10-08 14:40:00,AEP
83.58,83.58,83.5,83.54,4576,2021-10-08 14:41:00,AEP
83.55,83.55,83.52,83.53,3199,2021-10-08 14:42:00,AEP
83.5501,83.62,83.5501,83.62,2130,2021-10-08 14:43:00,AEP
83.62,83.73,83.62,83.73,2869,2021-10-08 14:44:00,AEP
83.74,83.74,83.71,83.74,1400,2021-10-08 14:45:00,AEP
83.74,83.74,83.71,83.73,1900,2021-10-08 14:46:00,AEP
83.73,83.73,83.7085,83.72,3099,2021-10-08 14:47:00,AEP
83.71,83.71,83.665,83.69,4724,2021-10-08 14:48:00,AEP
83.685,83.7,83.68,83.69,3433,2021-10-08 14:49:00,AEP
83.67,83.67,83.61,83.62,6497,2021-10-08 14:50:00,AEP
83.59,83.59,83.57,83.58,1538,2021-10-08 14:51:00,AEP
83.53,83.53,83.5,83.525,1017,2021-10-08 14:52:00,AEP
83.52,83.52,83.48,83.5,1110,2021-10-08 14:53:00,AEP
83.5,83.51,83.49,83.51,890,2021-10-08 14:54:00,AEP
83.5,83.54,83.49,83.54,1500,2021-10-08 14:55:00,AEP
83.54,83.59,83.54,83.57,1025,2021-10-08 14:56:00,AEP
83.5791,83.61,83.57,83.58,1126,2021-10-08 14:57:00,AEP
83.63,83.64,83.63,83.64,320,2021-10-08 14:58:00,AEP
83.63,83.66,83.63,83.66,400,2021-10-08 14:59:00,AEP
83.66,83.68,83.65,83.68,1118,2021-10-08 15:00:00,AEP
83.68,83.68,83.61,83.64,2000,2021-10-08 15:01:00,AEP
83.6599,83.66,83.63,83.66,1394,2021-10-08 15:02:00,AEP
83.67,83.71,83.66,83.67,1308,2021-10-08 15:03:00,AEP
83.65,83.65,83.63,83.635,1145,2021-10-08 15:04:00,AEP
83.63,83.675,83.63,83.65,3000,2021-10-08 15:05:00,AEP
83.66,83.67,83.65,83.67,900,2021-10-08 15:06:00,AEP
83.66,83.67,83.66,83.67,5800,2021-10-08 15:07:00,AEP
83.67,83.67,83.64,83.64,1900,2021-10-08 15:08:00,AEP
83.64,83.66,83.64,83.64,2338,2021-10-08 15:09:00,AEP
83.66,83.66,83.65,83.66,1717,2021-10-08 15:10:00,AEP
83.65,83.67,83.58,83.59,5151,2021-10-08 15:11:00,AEP
83.59,83.59,83.56,83.57,2516,2021-10-08 15:12:00,AEP
83.57,83.58,83.56,83.57,1844,2021-10-08 15:13:00,AEP
83.56,83.61,83.56,83.61,4375,2021-10-08 15:14:00,AEP
83.61,83.61,83.595,83.605,2172,2021-10-08 15:15:00,AEP
83.63,83.645,83.625,83.645,1200,2021-10-08 15:16:00,AEP
83.65,83.69,83.65,83.69,1300,2021-10-08 15:17:00,AEP
83.73,83.75,83.72,83.75,1262,2021-10-08 15:18:00,AEP
83.75,83.78,83.75,83.77,3200,2021-10-08 15:19:00,AEP
83.76,83.785,83.76,83.785,1050,2021-10-08 15:20:00,AEP
83.78,83.785,83.775,83.78,1200,2021-10-08 15:21:00,AEP
83.7784,83.78,83.77,83.77,1700,2021-10-08 15:22:00,AEP
83.79,83.8,83.79,83.8,634,2021-10-08 15:23:00,AEP
83.812,83.82,83.8,83.81,4670,2021-10-08 15:24:00,AEP
83.806,83.83,83.76,83.79,3133,2021-10-08 15:25:00,AEP
83.8,83.8,83.77,83.77,600,2021-10-08 15:26:00,AEP
83.81,83.84,83.805,83.81,1462,2021-10-08 15:27:00,AEP
83.825,83.825,83.81,83.82,800,2021-10-08 15:28:00,AEP
83.825,83.825,83.82,83.82,500,2021-10-08 15:29:00,AEP
83.875,83.88,83.78,83.78,1809,2021-10-08 15:30:00,AEP
83.78,83.8,83.77,83.8,2019,2021-10-08 15:31:00,AEP
83.81,83.81,83.76,83.761,953,2021-10-08 15:32:00,AEP
83.76,83.79,83.76,83.79,1700,2021-10-08 15:33:00,AEP
83.78,83.79,83.77,83.79,812,2021-10-08 15:34:00,AEP
83.78,83.78,83.72,83.72,1400,2021-10-08 15:35:00,AEP
83.72,83.76,83.72,83.75,2047,2021-10-08 15:36:00,AEP
83.77,83.81,83.77,83.79,1641,2021-10-08 15:37:00,AEP
83.79,83.8,83.79,83.79,400,2021-10-08 15:38:00,AEP
83.79,83.8,83.79,83.79,907,2021-10-08 15:39:00,AEP
83.77,83.77,83.7668,83.7696,375,2021-10-08 15:40:00,AEP
83.77,83.79,83.75,83.79,1269,2021-10-08 15:41:00,AEP
83.795,83.8,83.79,83.8,828,2021-10-08 15:42:00,AEP
83.8,83.8,83.79,83.79,400,2021-10-08 15:43:00,AEP
83.78,83.78,83.775,83.78,1931,2021-10-08 15:44:00,AEP
83.79,83.8,83.77,83.78,1731,2021-10-08 15:45:00,AEP
83.79,83.79,83.77,83.77,400,2021-10-08 15:46:00,AEP
83.77,83.79,83.76,83.77,2168,2021-10-08 15:47:00,AEP
83.78,83.78,83.76,83.76,800,2021-10-08 15:48:00,AEP
83.765,83.79,83.76,83.79,3028,2021-10-08 15:49:00,AEP
83.8,83.82,83.79,83.81,2800,2021-10-08 15:50:00,AEP
83.82,83.82,83.8,83.81,1963,2021-10-08 15:51:00,AEP
83.8,83.8,83.78,83.79,1000,2021-10-08 15:52:00,AEP
83.8,83.8,83.77,83.78,1684,2021-10-08 15:53:00,AEP
83.7948,83.8,83.79,83.8,1801,2021-10-08 15:54:00,AEP
83.79,83.8,83.79,83.8,2050,2021-10-08 15:55:00,AEP
83.8,83.8,83.72,83.73,3207,2021-10-08 15:56:00,AEP
83.74,83.75,83.74,83.75,1305,2021-10-08 15:57:00,AEP
83.75,83.7617,83.75,83.75,1638,2021-10-08 15:58:00,AEP
83.76,83.76,83.74,83.75,1695,2021-10-08 15:59:00,AEP
83.745,83.745,83.73,83.73,2549,2021-10-08 16:00:00,AEP
83.74,83.745,83.72,83.725,902,2021-10-08 16:01:00,AEP
83.74,83.77,83.73,83.765,2200,2021-10-08 16:02:00,AEP
83.78,83.79,83.78,83.79,1666,2021-10-08 16:03:00,AEP
83.79,83.79,83.745,83.745,1379,2021-10-08 16:04:00,AEP
83.75,83.75,83.71,83.74,1300,2021-10-08 16:05:00,AEP
83.75,83.77,83.74,83.77,637,2021-10-08 16:06:00,AEP
83.775,83.795,83.775,83.78,2600,2021-10-08 16:07:00,AEP
83.78,83.78,83.77,83.78,1400,2021-10-08 16:08:00,AEP
83.75,83.77,83.75,83.77,564,2021-10-08 16:09:00,AEP
83.78,83.79,83.77,83.77,716,2021-10-08 16:10:00,AEP
83.75,83.76,83.75,83.76,200,2021-10-08 16:11:00,AEP
83.76,83.76,83.73,83.73,1100,2021-10-08 16:12:00,AEP
83.75,83.81,83.75,83.81,1300,2021-10-08 16:13:00,AEP
83.82,83.82,83.79,83.8014,1278,2021-10-08 16:14:00,AEP
83.8,83.8,83.77,83.78,3400,2021-10-08 16:15:00,AEP
83.78,83.78,83.75,83.76,1042,2021-10-08 16:16:00,AEP
83.75,83.77,83.75,83.77,2114,2021-10-08 16:17:00,AEP
83.77,83.785,83.77,83.78,1263,2021-10-08 16:18:00,AEP
83.78,83.79,83.78,83.79,1300,2021-10-08 16:19:00,AEP
83.8,83.8087,83.78,83.78,1452,2021-10-08 16:20:00,AEP
83.77,83.8198,83.77,83.8198,955,2021-10-08 16:21:00,AEP
83.81,83.85,83.81,83.85,2238,2021-10-08 16:22:00,AEP
83.85,83.85,83.84,83.85,500,2021-10-08 16:23:00,AEP
83.85,83.85,83.825,83.825,700,2021-10-08 16:24:00,AEP
83.84,83.86,83.83,83.85,4429,2021-10-08 16:25:00,AEP
83.85,83.87,83.85,83.85,750,2021-10-08 16:26:00,AEP
83.855,83.86,83.855,83.86,200,2021-10-08 16:27:00,AEP
83.86,83.87,83.86,83.865,726,2021-10-08 16:28:00,AEP
83.87,83.87,83.835,83.84,6347,2021-10-08 16:29:00,AEP
83.84,83.84,83.79,83.82,1984,2021-10-08 16:30:00,AEP
83.82,83.83,83.815,83.815,1614,2021-10-08 16:31:00,AEP
83.8,83.81,83.79,83.81,3017,2021-10-08 16:32:00,AEP
83.82,83.83,83.82,83.83,350,2021-10-08 16:33:00,AEP
83.84,83.85,83.84,83.85,2790,2021-10-08 16:34:00,AEP
83.86,83.86,83.86,83.86,900,2021-10-08 16:35:00,AEP
83.87,83.87,83.85,83.86,1786,2021-10-08 16:36:00,AEP
83.86,83.86,83.86,83.86,2053,2021-10-08 16:37:00,AEP
83.86,83.865,83.85,83.85,5073,2021-10-08 16:38:00,AEP
83.85,83.86,83.825,83.855,4386,2021-10-08 16:39:00,AEP
83.85,83.855,83.815,83.82,4257,2021-10-08 16:40:00,AEP
83.83,83.84,83.82,83.8381,2262,2021-10-08 16:41:00,AEP
83.83,83.83,83.77,83.79,4616,2021-10-08 16:42:00,AEP
83.795,83.8,83.78,83.78,500,2021-10-08 16:43:00,AEP
83.7917,83.81,83.7917,83.81,1322,2021-10-08 16:44:00,AEP
83.82,83.825,83.8,83.8,5765,2021-10-08 16:45:00,AEP
83.81,83.81,83.8,83.8,500,2021-10-08 16:46:00,AEP
83.79,83.81,83.785,83.81,2180,2021-10-08 16:47:00,AEP
83.805,83.82,83.805,83.815,6041,2021-10-08 16:48:00,AEP
83.81,83.85,83.81,83.85,1825,2021-10-08 16:49:00,AEP
83.845,83.845,83.84,83.84,800,2021-10-08 16:50:00,AEP
83.81,83.81,83.78,83.78,1200,2021-10-08 16:51:00,AEP
83.79,83.84,83.79,83.83,3685,2021-10-08 16:52:00,AEP
83.84,83.845,83.835,83.84,1729,2021-10-08 16:53:00,AEP
83.84,83.84,83.84,83.84,120,2021-10-08 16:54:00,AEP
83.85,83.86,83.825,83.84,2232,2021-10-08 16:55:00,AEP
83.84,83.845,83.81,83.81,1823,2021-10-08 16:56:00,AEP
83.8,83.835,83.8,83.825,766,2021-10-08 16:57:00,AEP
83.83,83.83,83.8,83.8,1361,2021-10-08 16:58:00,AEP
83.8,83.8,83.8,83.8,270,2021-10-08 16:59:00,AEP
83.8,83.8,83.78,83.79,1100,2021-10-08 17:00:00,AEP
83.78,83.78,83.76,83.76,600,2021-10-08 17:01:00,AEP
83.76,83.765,83.76,83.765,570,2021-10-08 17:02:00,AEP
83.77,83.78,83.77,83.78,1050,2021-10-08 17:03:00,AEP
83.78,83.805,83.78,83.8,1000,2021-10-08 17:04:00,AEP
83.81,83.84,83.81,83.82,2822,2021-10-08 17:05:00,AEP
83.8,83.8,83.79,83.79,1700,2021-10-08 17:06:00,AEP
83.78,83.78,83.775,83.775,472,2021-10-08 17:07:00,AEP
83.775,83.79,83.775,83.79,2300,2021-10-08 17:08:00,AEP
83.8,83.815,83.8,83.8,7598,2021-10-08 17:09:00,AEP
83.79,83.8,83.79,83.8,551,2021-10-08 17:10:00,AEP
83.835,83.835,83.815,83.82,2328,2021-10-08 17:11:00,AEP
83.825,83.83,83.825,83.83,1476,2021-10-08 17:12:00,AEP
83.835,83.84,83.825,83.835,900,2021-10-08 17:13:00,AEP
83.835,83.84,83.8246,83.825,1815,2021-10-08 17:14:00,AEP
83.825,83.825,83.77,83.79,11176,2021-10-08 17:15:00,AEP
83.78,83.79,83.75,83.75,1513,2021-10-08 17:16:00,AEP
83.76,83.76,83.72,83.72,2192,2021-10-08 17:17:00,AEP
83.72,83.72,83.72,83.72,100,2021-10-08 17:18:00,AEP
83.72,83.72,83.7,83.7,1500,2021-10-08 17:19:00,AEP
83.7,83.74,83.7,83.74,1673,2021-10-08 17:20:00,AEP
83.75,83.755,83.74,83.7445,1344,2021-10-08 17:21:00,AEP
83.74,83.74,83.72,83.73,1602,2021-10-08 17:22:00,AEP
83.73,83.745,83.73,83.74,700,2021-10-08 17:23:00,AEP
83.74,83.745,83.73,83.74,1775,2021-10-08 17:24:00,AEP
83.75,83.75,83.74,83.7483,856,2021-10-08 17:25:00,AEP
83.75,83.79,83.75,83.79,2238,2021-10-08 17:26:00,AEP
83.7883,83.805,83.785,83.805,1286,2021-10-08 17:27:00,AEP
83.8,83.83,83.8,83.83,1783,2021-10-08 17:28:00,AEP
83.83,83.83,83.82,83.82,1000,2021-10-08 17:29:00,AEP
83.81,83.825,83.8,83.82,1618,2021-10-08 17:30:00,AEP
83.83,83.84,83.83,83.84,860,2021-10-08 17:31:00,AEP
83.83,83.83,83.805,83.805,12300,2021-10-08 17:32:00,AEP
83.805,83.85,83.805,83.85,2350,2021-10-08 17:33:00,AEP
83.855,83.87,83.855,83.865,2685,2021-10-08 17:34:00,AEP
83.86,83.86,83.8505,83.86,1406,2021-10-08 17:35:00,AEP
83.8538,83.8579,83.84,83.845,1720,2021-10-08 17:36:00,AEP
83.855,83.855,83.84,83.855,2138,2021-10-08 17:37:00,AEP
83.86,83.88,83.835,83.845,6634,2021-10-08 17:38:00,AEP
83.845,83.85,83.833,83.833,800,2021-10-08 17:39:00,AEP
83.83,83.83,83.79,83.8,1212,2021-10-08 17:40:00,AEP
83.79,83.845,83.79,83.83,2728,2021-10-08 17:41:00,AEP
83.82,83.83,83.82,83.82,1192,2021-10-08 17:42:00,AEP
83.82,83.82,83.82,83.82,400,2021-10-08 17:43:00,AEP
83.82,83.83,83.8,83.8,1309,2021-10-08 17:44:00,AEP
83.81,83.83,83.81,83.821,4773,2021-10-08 17:45:00,AEP
83.83,83.84,83.82,83.82,2684,2021-10-08 17:46:00,AEP
83.805,83.805,83.78,83.8,2121,2021-10-08 17:47:00,AEP
83.81,83.84,83.81,83.84,1574,2021-10-08 17:48:00,AEP
83.835,83.845,83.82,83.84,2143,2021-10-08 17:49:00,AEP
83.845,83.845,83.82,83.83,1000,2021-10-08 17:50:00,AEP
83.82,83.8293,83.81,83.82,1460,2021-10-08 17:51:00,AEP
83.82,83.835,83.82,83.835,1159,2021-10-08 17:52:00,AEP
83.83,83.84,83.82,83.83,2058,2021-10-08 17:53:00,AEP
83.815,83.825,83.8096,83.8096,1591,2021-10-08 17:54:00,AEP
83.81,83.82,83.795,83.8116,1582,2021-10-08 17:55:00,AEP
83.82,83.85,83.81,83.835,9392,2021-10-08 17:56:00,AEP
83.845,83.845,83.8431,83.8431,338,2021-10-08 17:57:00,AEP
83.85,83.855,83.84,83.85,2150,2021-10-08 17:58:00,AEP
83.8401,83.845,83.8308,83.845,1149,2021-10-08 17:59:00,AEP
83.845,83.845,83.82,83.835,2385,2021-10-08 18:00:00,AEP
83.84,83.865,83.835,83.855,4040,2021-10-08 18:01:00,AEP
83.855,83.865,83.845,83.865,5086,2021-10-08 18:02:00,AEP
83.87,83.885,83.865,83.885,3014,2021-10-08 18:03:00,AEP
83.88,83.88,83.865,83.88,1927,2021-10-08 18:04:00,AEP
83.89,83.89,83.875,83.885,4623,2021-10-08 18:05:00,AEP
83.895,83.92,83.895,83.905,4682,2021-10-08 18:06:00,AEP
83.905,83.91,83.895,83.905,1707,2021-10-08 18:07:00,AEP
83.91,83.92,83.905,83.915,5036,2021-10-08 18:08:00,AEP
83.91,83.91,83.885,83.895,5725,2021-10-08 18:09:00,AEP
83.895,83.9,83.865,83.87,6465,2021-10-08 18:10:00,AEP
83.865,83.865,83.865,83.865,600,2021-10-08 18:11:00,AEP
83.865,83.87,83.8617,83.865,1445,2021-10-08 18:12:00,AEP
83.865,83.865,83.845,83.845,4511,2021-10-08 18:13:00,AEP
83.845,83.855,83.845,83.855,1870,2021-10-08 18:14:00,AEP
83.855,83.855,83.84,83.845,2577,2021-10-08 18:15:00,AEP
83.845,83.845,83.845,83.845,1300,2021-10-08 18:16:00,AEP
83.845,83.86,83.845,83.855,5490,2021-10-08 18:17:00,AEP
83.855,83.88,83.855,83.87,10408,2021-10-08 18:18:00,AEP
83.87,83.88,83.81,83.81,5758,2021-10-08 18:19:00,AEP
83.83,83.85,83.83,83.84,1800,2021-10-08 18:20:00,AEP
83.845,83.845,83.835,83.835,700,2021-10-08 18:21:00,AEP
83.835,83.85,83.835,83.845,3024,2021-10-08 18:22:00,AEP
83.8471,83.8471,83.83,83.84,3193,2021-10-08 18:23:00,AEP
83.83,83.83,83.8,83.8,800,2021-10-08 18:24:00,AEP
83.815,83.855,83.815,83.855,1847,2021-10-08 18:25:00,AEP
83.855,83.87,83.855,83.865,1344,2021-10-08 18:26:00,AEP
83.87,83.88,83.86,83.88,3440,2021-10-08 18:27:00,AEP
83.88,83.885,83.85,83.85,6465,2021-10-08 18:28:00,AEP
83.855,83.855,83.845,83.845,2955,2021-10-08 18:29:00,AEP
83.85,83.87,83.845,83.855,8173,2021-10-08 18:30:00,AEP
83.855,83.885,83.84,83.88,8451,2021-10-08 18:31:00,AEP
83.875,83.875,83.84,83.84,2940,2021-10-08 18:32:00,AEP
83.845,83.865,83.845,83.8606,3672,2021-10-08 18:33:00,AEP
83.865,83.875,83.865,83.875,4778,2021-10-08 18:34:00,AEP
83.875,83.875,83.865,83.865,508,2021-10-08 18:35:00,AEP
83.865,83.875,83.85,83.855,2680,2021-10-08 18:36:00,AEP
83.855,83.855,83.835,83.84,3420,2021-10-08 18:37:00,AEP
83.835,83.855,83.835,83.855,4400,2021-10-08 18:38:00,AEP
83.85,83.855,83.845,83.855,1403,2021-10-08 18:39:00,AEP
83.855,83.855,83.825,83.825,2900,2021-10-08 18:40:00,AEP
83.83,83.83,83.825,83.825,472,2021-10-08 18:41:00,AEP
83.82,83.825,83.8,83.81,2400,2021-10-08 18:42:00,AEP
83.81,83.835,83.81,83.82,2770,2021-10-08 18:43:00,AEP
83.83,83.84,83.8176,83.8176,2033,2021-10-08 18:44:00,AEP
83.82,83.84,83.815,83.83,600,2021-10-08 18:45:00,AEP
83.835,83.835,83.83,83.835,1100,2021-10-08 18:46:00,AEP
83.835,83.835,83.83,83.835,1089,2021-10-08 18:47:00,AEP
83.835,83.835,83.8,83.805,2940,2021-10-08 18:48:00,AEP
83.805,83.81,83.785,83.8,1400,2021-10-08 18:49:00,AEP
83.7917,83.805,83.79,83.805,1155,2021-10-08 18:50:00,AEP
83.805,83.82,83.8019,83.81,4509,2021-10-08 18:51:00,AEP
83.81,83.83,83.81,83.82,1200,2021-10-08 18:52:00,AEP
83.83,83.8332,83.805,83.8055,1996,2021-10-08 18:53:00,AEP
83.805,83.81,83.8,83.8,517,2021-10-08 18:54:00,AEP
83.8,83.8,83.78,83.795,2200,2021-10-08 18:55:00,AEP
83.795,83.795,83.775,83.775,1416,2021-10-08 18:56:00,AEP
83.78,83.78,83.77,83.7782,1280,2021-10-08 18:57:00,AEP
83.77,83.77,83.735,83.75,2100,2021-10-08 18:58:00,AEP
83.75,83.75,83.74,83.745,1875,2021-10-08 18:59:00,AEP
83.76,83.79,83.76,83.79,1828,2021-10-08 19:00:00,AEP
83.79,83.79,83.785,83.79,500,2021-10-08 19:01:00,AEP
83.795,83.81,83.79,83.8075,5627,2021-10-08 19:02:00,AEP
83.805,83.805,83.78,83.78,2884,2021-10-08 19:03:00,AEP
83.79,83.79,83.775,83.78,853,2021-10-08 19:04:00,AEP
83.78,83.78,83.74,83.7453,1993,2021-10-08 19:05:00,AEP
83.7418,83.745,83.74,83.745,1038,2021-10-08 19:06:00,AEP
83.74,83.775,83.74,83.775,3905,2021-10-08 19:07:00,AEP
83.79,83.805,83.77,83.805,10086,2021-10-08 19:08:00,AEP
83.805,83.85,83.795,83.84,3302,2021-10-08 19:09:00,AEP
83.84,83.84,83.835,83.835,600,2021-10-08 19:10:00,AEP
83.84,83.87,83.84,83.87,1312,2021-10-08 19:11:00,AEP
83.87,83.9,83.86,83.895,1779,2021-10-08 19:12:00,AEP
83.9,83.905,83.89,83.9,3110,2021-10-08 19:13:00,AEP
83.895,83.895,83.887,83.887,1246,2021-10-08 19:14:00,AEP
83.885,83.885,83.86,83.865,1039,2021-10-08 19:15:00,AEP
83.865,83.865,83.85,83.855,1000,2021-10-08 19:16:00,AEP
83.855,83.855,83.83,83.835,1994,2021-10-08 19:17:00,AEP
83.835,83.835,83.825,83.83,2032,2021-10-08 19:18:00,AEP
83.8215,83.825,83.81,83.82,1237,2021-10-08 19:19:00,AEP
83.82,83.82,83.795,83.805,1667,2021-10-08 19:20:00,AEP
83.81,83.83,83.81,83.83,1200,2021-10-08 19:21:00,AEP
83.825,83.855,83.81,83.85,5485,2021-10-08 19:22:00,AEP
83.85,83.8777,83.85,83.865,2316,2021-10-08 19:23:00,AEP
83.865,83.865,83.86,83.86,500,2021-10-08 19:24:00,AEP
83.86,83.88,83.86,83.88,1972,2021-10-08 19:25:00,AEP
83.89,83.89,83.88,83.88,550,2021-10-08 19:26:00,AEP
83.88,83.885,83.875,83.88,1665,2021-10-08 19:27:00,AEP
83.87,83.87,83.85,83.855,1400,2021-10-08 19:28:00,AEP
83.85,83.875,83.8411,83.87,3180,2021-10-08 19:29:00,AEP
83.88,83.9,83.88,83.895,2076,2021-10-08 19:30:00,AEP
83.89,83.925,83.88,83.92,3173,2021-10-08 19:31:00,AEP
83.925,83.925,83.875,83.9,2400,2021-10-08 19:32:00,AEP
83.915,83.915,83.88,83.9,1700,2021-10-08 19:33:00,AEP
83.8902,83.8902,83.86,83.865,3535,2021-10-08 19:34:00,AEP
83.87,83.87,83.8,83.82,14084,2021-10-08 19:35:00,AEP
83.82,83.82,83.7,83.72,8705,2021-10-08 19:36:00,AEP
83.73,83.73,83.69,83.69,300,2021-10-08 19:37:00,AEP
83.68,83.68,83.67,83.68,2034,2021-10-08 19:38:00,AEP
83.66,83.69,83.65,83.665,3966,2021-10-08 19:39:00,AEP
83.66,83.66,83.595,83.615,1252,2021-10-08 19:40:00,AEP
83.6,83.615,83.6,83.61,1010,2021-10-08 19:41:00,AEP
83.62,83.62,83.55,83.55,4777,2021-10-08 19:42:00,AEP
83.545,83.55,83.52,83.52,1700,2021-10-08 19:43:00,AEP
83.52,83.545,83.5133,83.52,3243,2021-10-08 19:44:00,AEP
83.51,83.58,83.51,83.56,4014,2021-10-08 19:45:00,AEP
83.56,83.62,83.56,83.6,4148,2021-10-08 19:46:00,AEP
83.58,83.62,83.58,83.62,2159,2021-10-08 19:47:00,AEP
83.615,83.625,83.605,83.61,2342,2021-10-08 19:48:00,AEP
83.61,83.625,83.59,83.59,3283,2021-10-08 19:49:00,AEP
83.57,83.57,83.52,83.56,8886,2021-10-08 19:50:00,AEP
83.555,83.59,83.54,83.59,5274,2021-10-08 19:51:00,AEP
83.585,83.61,83.565,83.61,7627,2021-10-08 19:52:00,AEP
83.61,83.615,83.585,83.615,6086,2021-10-08 19:53:00,AEP
83.61,83.615,83.58,83.6,6965,2021-10-08 19:54:00,AEP
83.6,83.65,83.595,83.62,15713,2021-10-08 19:55:00,AEP
83.61,83.67,83.6,83.67,9597,2021-10-08 19:56:00,AEP
83.66,83.69,83.635,83.66,16380,2021-10-08 19:57:00,AEP
83.66,83.69,83.645,83.645,12724,2021-10-08 19:58:00,AEP
83.65,83.66,83.58,83.61,24464,2021-10-08 19:59:00,AEP
83.58,83.58,83.58,83.58,261646,2021-10-08 20:00:00,AEP
83.58,83.58,83.58,83.58,7532,2021-10-08 20:01:00,AEP
83.58,83.58,83.58,83.58,58854,2021-10-08 20:02:00,AEP
83.6,83.6,83.6,83.6,499,2021-10-08 21:29:00,AEP
83.6,83.6,83.6,83.6,100,2021-10-08 21:52:00,AEP
83.58,83.58,83.58,83.58,31198,2021-10-11 12:36:00,AEP
83.35,83.35,83.35,83.35,100,2021-10-11 13:24:00,AEP
83.24,83.24,83.24,83.24,100,2021-10-11 13:27:00,AEP
83.52,83.56,83.07,83.0851,32430,2021-10-11 13:30:00,AEP
83.11,83.19,83.01,83.12,6404,2021-10-11 13:31:00,AEP
83.17,83.22,83.04,83.09,2973,2021-10-11 13:32:00,AEP
83.08,83.25,83.05,83.25,1400,2021-10-11 13:33:00,AEP
83.3,83.34,83.23,83.23,1650,2021-10-11 13:34:00,AEP
83.25,83.32,83.09,83.09,5086,2021-10-11 13:35:00,AEP
83.0618,83.14,83.0618,83.1,2558,2021-10-11 13:36:00,AEP
83.05,83.1,83.01,83.1,2950,2021-10-11 13:37:00,AEP
83.1,83.11,83.07,83.07,500,2021-10-11 13:38:00,AEP
83.03,83.03,82.9108,82.9108,2804,2021-10-11 13:39:00,AEP
82.95,83.04,82.91,83.04,2652,2021-10-11 13:40:00,AEP
83.08,83.08,82.95,82.95,2950,2021-10-11 13:41:00,AEP
82.96,83.07,82.96,83.0,1600,2021-10-11 13:42:00,AEP
83.04,83.11,83.04,83.1,2400,2021-10-11 13:43:00,AEP
83.13,83.22,83.13,83.22,1520,2021-10-11 13:44:00,AEP
83.15,83.15,82.99,82.99,3184,2021-10-11 13:45:00,AEP
82.99,83.1,82.98,83.1,2645,2021-10-11 13:46:00,AEP
83.05,83.05,82.94,83.02,7762,2021-10-11 13:47:00,AEP
82.97,83.0,82.89,82.89,1350,2021-10-11 13:48:00,AEP
82.89,82.9,82.83,82.84,1749,2021-10-11 13:49:00,AEP
82.84,82.93,82.84,82.93,1856,2021-10-11 13:50:00,AEP
83.0,83.0,82.93,82.98,3346,2021-10-11 13:51:00,AEP
82.96,83.02,82.9499,83.02,4285,2021-10-11 13:52:00,AEP
82.97,82.97,82.91,82.97,4616,2021-10-11 13:53:00,AEP
83.03,83.08,83.03,83.08,1686,2021-10-11 13:54:00,AEP
83.14,83.185,83.1219,83.18,2097,2021-10-11 13:55:00,AEP
83.21,83.249,83.18,83.249,2875,2021-10-11 13:56:00,AEP
83.16,83.21,83.16,83.2,1320,2021-10-11 13:57:00,AEP
83.26,83.26,83.255,83.26,300,2021-10-11 13:58:00,AEP
83.2501,83.34,83.25,83.34,2280,2021-10-11 13:59:00,AEP
83.38,83.425,83.33,83.425,4307,2021-10-11 14:00:00,AEP
83.47,83.48,83.36,83.3652,2773,2021-10-11 14:01:00,AEP
83.33,83.36,83.33,83.33,818,2021-10-11 14:02:00,AEP
83.35,83.41,83.35,83.39,1720,2021-10-11 14:03:00,AEP
83.38,83.47,83.38,83.47,1412,2021-10-11 14:04:00,AEP
83.4861,83.57,83.48,83.57,4729,2021-10-11 14:05:00,AEP
83.55,83.58,83.51,83.51,3371,2021-10-11 14:06:00,AEP
83.49,83.49,83.42,83.43,2350,2021-10-11 14:07:00,AEP
83.43,83.46,83.43,83.46,1268,2021-10-11 14:08:00,AEP
83.47,83.51,83.425,83.425,9275,2021-10-11 14:09:00,AEP
83.43,83.51,83.42,83.49,1588,2021-10-11 14:10:00,AEP
83.53,83.53,83.47,83.47,628,2021-10-11 14:11:00,AEP
83.45,83.45,83.39,83.41,2317,2021-10-11 14:12:00,AEP
83.395,83.47,83.395,83.42,1621,2021-10-11 14:13:00,AEP
83.39,83.41,83.37,83.37,1281,2021-10-11 14:14:00,AEP
83.38,83.38,83.38,83.38,200,2021-10-11 14:15:00,AEP
83.39,83.43,83.39,83.41,2892,2021-10-11 14:16:00,AEP
83.4,83.425,83.37,83.39,1927,2021-10-11 14:17:00,AEP
83.39,83.39,83.36,83.3601,2053,2021-10-11 14:18:00,AEP
83.345,83.36,83.3,83.3,2126,2021-10-11 14:19:00,AEP
83.3,83.41,83.3,83.41,3437,2021-10-11 14:20:00,AEP
83.35,83.35,83.31,83.31,1259,2021-10-11 14:21:00,AEP
83.275,83.28,83.24,83.27,1654,2021-10-11 14:22:00,AEP
83.25,83.32,83.25,83.32,881,2021-10-11 14:23:00,AEP
83.33,83.38,83.3299,83.38,2394,2021-10-11 14:24:00,AEP
83.37,83.3769,83.3305,83.365,1264,2021-10-11 14:25:00,AEP
83.33,83.33,83.225,83.25,7480,2021-10-11 14:26:00,AEP
83.265,83.31,83.26,83.28,2449,2021-10-11 14:27:00,AEP
83.28,83.28,83.2289,83.2289,1913,2021-10-11 14:28:00,AEP
83.22,83.31,83.22,83.3,9104,2021-10-11 14:29:00,AEP
83.3,83.32,83.28,83.305,2387,2021-10-11 14:30:00,AEP
83.31,83.315,83.26,83.277,7836,2021-10-11 14:31:00,AEP
83.26,83.26,83.22,83.23,800,2021-10-11 14:32:00,AEP
83.225,83.225,83.215,83.22,649,2021-10-11 14:33:00,AEP
83.23,83.28,83.23,83.275,1521,2021-10-11 14:34:00,AEP
83.24,83.2487,83.2,83.21,1899,2021-10-11 14:35:00,AEP
83.21,83.22,83.19,83.22,1264,2021-10-11 14:36:00,AEP
83.17,83.19,83.17,83.19,620,2021-10-11 14:37:00,AEP
83.22,83.2339,83.22,83.2339,790,2021-10-11 14:38:00,AEP
83.245,83.245,83.22,83.22,1030,2021-10-11 14:39:00,AEP
83.225,83.25,83.225,83.225,1446,2021-10-11 14:40:00,AEP
83.24,83.26,83.24,83.26,1307,2021-10-11 14:41:00,AEP
83.2798,83.28,83.265,83.27,997,2021-10-11 14:42:00,AEP
83.25,83.28,83.25,83.27,2735,2021-10-11 14:43:00,AEP
83.28,83.31,83.28,83.295,1611,2021-10-11 14:44:00,AEP
83.3,83.31,83.28,83.28,1797,2021-10-11 14:45:00,AEP
83.28,83.305,83.2745,83.305,1934,2021-10-11 14:46:00,AEP
83.31,83.32,83.28,83.31,2425,2021-10-11 14:47:00,AEP
83.315,83.315,83.28,83.29,7682,2021-10-11 14:48:00,AEP
83.285,83.31,83.28,83.29,4594,2021-10-11 14:49:00,AEP
83.28,83.28,83.23,83.245,3174,2021-10-11 14:50:00,AEP
83.245,83.27,83.24,83.26,2144,2021-10-11 14:51:00,AEP
83.24,83.26,83.23,83.253,2655,2021-10-11 14:52:00,AEP
83.26,83.27,83.25,83.25,469,2021-10-11 14:53:00,AEP
83.23,83.235,83.21,83.23,2220,2021-10-11 14:54:00,AEP
83.23,83.27,83.22,83.24,1314,2021-10-11 14:55:00,AEP
83.2407,83.27,83.2407,83.2671,1564,2021-10-11 14:56:00,AEP
83.26,83.285,83.25,83.25,4453,2021-10-11 14:57:00,AEP
83.25,83.3,83.24,83.295,2016,2021-10-11 14:58:00,AEP
83.295,83.3,83.2596,83.2596,4886,2021-10-11 14:59:00,AEP
83.25,83.2631,83.17,83.17,2035,2021-10-11 15:00:00,AEP
83.17,83.17,83.15,83.17,1665,2021-10-11 15:01:00,AEP
83.16,83.17,83.16,83.17,220,2021-10-11 15:02:00,AEP
83.2,83.22,83.2,83.21,1000,2021-10-11 15:03:00,AEP
83.18,83.22,83.18,83.22,1671,2021-10-11 15:04:00,AEP
83.235,83.25,83.235,83.24,687,2021-10-11 15:05:00,AEP
83.25,83.25,83.23,83.23,1540,2021-10-11 15:06:00,AEP
83.2,83.2,83.14,83.14,2100,2021-10-11 15:07:00,AEP
83.1585,83.1585,83.11,83.13,2945,2021-10-11 15:08:00,AEP
83.13,83.13,83.07,83.09,1176,2021-10-11 15:09:00,AEP
83.09,83.1,83.08,83.08,688,2021-10-11 15:10:00,AEP
83.05,83.06,83.045,83.06,948,2021-10-11 15:11:00,AEP
83.0585,83.06,83.03,83.03,1015,2021-10-11 15:12:00,AEP
83.03,83.03,82.96,82.96,2418,2021-10-11 15:13:00,AEP
82.98,82.9869,82.92,82.93,5712,2021-10-11 15:14:00,AEP
82.935,82.94,82.91,82.92,2022,2021-10-11 15:15:00,AEP
82.92,82.96,82.92,82.95,2844,2021-10-11 15:16:00,AEP
82.95,82.95,82.9181,82.92,800,2021-10-11 15:17:00,AEP
82.92,82.93,82.91,82.92,1286,2021-10-11 15:18:00,AEP
82.91,82.91,82.88,82.88,2753,2021-10-11 15:19:00,AEP
82.9,82.91,82.85,82.9,5218,2021-10-11 15:20:00,AEP
82.91,82.95,82.895,82.92,2741,2021-10-11 15:21:00,AEP
82.89,82.9,82.87,82.89,1940,2021-10-11 15:22:00,AEP
82.88,82.88,82.83,82.86,1864,2021-10-11 15:23:00,AEP
82.86,82.88,82.85,82.88,1849,2021-10-11 15:24:00,AEP
82.86,82.86,82.83,82.85,1405,2021-10-11 15:25:00,AEP
82.89,82.91,82.88,82.89,900,2021-10-11 15:26:00,AEP
82.895,82.9,82.86,82.86,2848,2021-10-11 15:27:00,AEP
82.86,82.865,82.85,82.8528,672,2021-10-11 15:28:00,AEP
82.8579,82.94,82.8579,82.9,1266,2021-10-11 15:29:00,AEP
82.92,82.92,82.89,82.91,900,2021-10-11 15:30:00,AEP
82.91,82.93,82.89,82.93,4209,2021-10-11 15:31:00,AEP
82.92,83.0,82.91,82.932,2799,2021-10-11 15:32:00,AEP
82.94,82.96,82.92,82.96,800,2021-10-11 15:33:00,AEP
82.975,83.0,82.975,83.0,823,2021-10-11 15:34:00,AEP
83.01,83.03,82.97,83.02,5323,2021-10-11 15:35:00,AEP
83.02,83.0517,83.0,83.0517,1080,2021-10-11 15:36:00,AEP
83.04,83.04,83.02,83.02,1403,2021-10-11 15:37:00,AEP
83.061,83.07,83.06,83.06,500,2021-10-11 15:38:00,AEP
83.05,83.13,83.05,83.1,3556,2021-10-11 15:39:00,AEP
83.09,83.12,83.08,83.08,800,2021-10-11 15:40:00,AEP
83.08,83.11,83.08,83.085,700,2021-10-11 15:41:00,AEP
83.09,83.11,83.09,83.1,1293,2021-10-11 15:42:00,AEP
83.09,83.1,83.07,83.078,1472,2021-10-11 15:43:00,AEP
83.09,83.12,83.07,83.11,1702,2021-10-11 15:44:00,AEP
83.11,83.115,83.09,83.11,1229,2021-10-11 15:45:00,AEP
83.11,83.11,83.07,83.08,860,2021-10-11 15:46:00,AEP
83.08,83.09,83.06,83.09,933,2021-10-11 15:47:00,AEP
83.1,83.13,83.0801,83.0801,2629,2021-10-11 15:48:00,AEP
83.08,83.09,83.06,83.06,3521,2021-10-11 15:49:00,AEP
83.07,83.07,83.04,83.06,6710,2021-10-11 15:50:00,AEP
83.065,83.11,83.065,83.11,1600,2021-10-11 15:51:00,AEP
83.1183,83.1183,83.095,83.095,1281,2021-10-11 15:52:00,AEP
83.1,83.1,83.06,83.06,1858,2021-10-11 15:53:00,AEP
83.04,83.04,82.98,83.0,3416,2021-10-11 15:54:00,AEP
83.01,83.015,82.99,82.99,780,2021-10-11 15:55:00,AEP
83.005,83.015,83.005,83.015,500,2021-10-11 15:56:00,AEP
83.01,83.01,82.965,82.965,659,2021-10-11 15:57:00,AEP
82.97,82.98,82.97,82.98,467,2021-10-11 15:58:00,AEP
82.96,82.98,82.96,82.98,400,2021-10-11 15:59:00,AEP
82.97,82.98,82.97,82.98,727,2021-10-11 16:00:00,AEP
82.97,82.97,82.95,82.95,584,2021-10-11 16:01:00,AEP
82.93,82.93,82.85,82.85,2068,2021-10-11 16:02:00,AEP
82.86,82.86,82.84,82.8482,730,2021-10-11 16:03:00,AEP
82.84,82.86,82.77,82.77,4059,2021-10-11 16:04:00,AEP
82.775,82.78,82.69,82.74,6955,2021-10-11 16:05:00,AEP
82.73,82.74,82.72,82.74,1193,2021-10-11 16:06:00,AEP
82.75,82.75,82.74,82.7456,651,2021-10-11 16:07:00,AEP
82.7368,82.7368,82.72,82.72,900,2021-10-11 16:08:00,AEP
82.7299,82.7299,82.71,82.71,2007,2021-10-11 16:09:00,AEP
82.72,82.73,82.71,82.72,1500,2021-10-11 16:10:00,AEP
82.73,82.73,82.67,82.67,1539,2021-10-11 16:11:00,AEP
82.67,82.69,82.66,82.685,3524,2021-10-11 16:12:00,AEP
82.69,82.71,82.68,82.71,1200,2021-10-11 16:13:00,AEP
82.7101,82.7101,82.65,82.65,1220,2021-10-11 16:14:00,AEP
82.62,82.64,82.62,82.63,1900,2021-10-11 16:15:00,AEP
82.63,82.64,82.62,82.64,594,2021-10-11 16:16:00,AEP
82.63,82.635,82.63,82.63,447,2021-10-11 16:17:00,AEP
82.62,82.625,82.57,82.59,4806,2021-10-11 16:18:00,AEP
82.59,82.59,82.55,82.55,400,2021-10-11 16:19:00,AEP
82.54,82.54,82.51,82.53,2772,2021-10-11 16:20:00,AEP
82.52,82.52,82.47,82.47,3958,2021-10-11 16:21:00,AEP
82.47,82.54,82.46,82.5,4792,2021-10-11 16:22:00,AEP
82.51,82.5321,82.5,82.5321,417,2021-10-11 16:23:00,AEP
82.54,82.57,82.5192,82.55,4649,2021-10-11 16:24:00,AEP
82.56,82.57,82.53,82.57,4968,2021-10-11 16:25:00,AEP
82.565,82.57,82.53,82.56,4796,2021-10-11 16:26:00,AEP
82.565,82.565,82.545,82.555,2465,2021-10-11 16:27:00,AEP
82.55,82.565,82.535,82.555,3333,2021-10-11 16:28:00,AEP
82.56,82.57,82.555,82.56,2800,2021-10-11 16:29:00,AEP
82.58,82.6,82.565,82.59,5680,2021-10-11 16:30:00,AEP
82.62,82.64,82.62,82.63,1900,2021-10-11 16:31:00,AEP
82.65,82.65,82.59,82.64,7500,2021-10-11 16:32:00,AEP
82.64,82.68,82.635,82.675,4520,2021-10-11 16:33:00,AEP
82.67,82.67,82.65,82.655,992,2021-10-11 16:34:00,AEP
82.675,82.685,82.675,82.675,740,2021-10-11 16:35:00,AEP
82.675,82.68,82.65,82.65,1359,2021-10-11 16:36:00,AEP
82.63,82.6708,82.63,82.6708,333,2021-10-11 16:37:00,AEP
82.68,82.685,82.675,82.685,702,2021-10-11 16:38:00,AEP
82.685,82.71,82.67,82.675,6708,2021-10-11 16:39:00,AEP
82.665,82.68,82.63,82.64,7460,2021-10-11 16:40:00,AEP
82.64,82.66,82.63,82.655,2401,2021-10-11 16:41:00,AEP
82.65,82.66,82.65,82.65,787,2021-10-11 16:42:00,AEP
82.66,82.67,82.64,82.649,1500,2021-10-11 16:43:00,AEP
82.64,82.64,82.63,82.635,2823,2021-10-11 16:44:00,AEP
82.63,82.63,82.57,82.605,4565,2021-10-11 16:45:00,AEP
82.605,82.61,82.585,82.605,6145,2021-10-11 16:46:00,AEP
82.6,82.6,82.53,82.53,13174,2021-10-11 16:47:00,AEP
82.525,82.53,82.495,82.5,8039,2021-10-11 16:48:00,AEP
82.5056,82.55,82.5056,82.51,4282,2021-10-11 16:49:00,AEP
82.525,82.525,82.5,82.52,600,2021-10-11 16:50:00,AEP
82.53,82.53,82.51,82.51,2422,2021-10-11 16:51:00,AEP
82.49,82.5,82.47,82.48,2700,2021-10-11 16:52:00,AEP
82.48,82.55,82.48,82.54,2077,2021-10-11 16:53:00,AEP
82.54,82.55,82.53,82.55,1496,2021-10-11 16:54:00,AEP
82.55,82.56,82.51,82.52,4526,2021-10-11 16:55:00,AEP
82.52,82.52,82.49,82.51,9205,2021-10-11 16:56:00,AEP
82.4962,82.4962,82.46,82.46,1650,2021-10-11 16:57:00,AEP
82.42,82.43,82.41,82.42,1400,2021-10-11 16:58:00,AEP
82.44,82.44,82.416,82.44,2205,2021-10-11 16:59:00,AEP
82.43,82.43,82.37,82.43,2600,2021-10-11 17:00:00,AEP
82.42,82.45,82.42,82.45,400,2021-10-11 17:01:00,AEP
82.46,82.47,82.41,82.41,1231,2021-10-11 17:02:00,AEP
82.43,82.44,82.42,82.43,1919,2021-10-11 17:03:00,AEP
82.43,82.437,82.42,82.42,1751,2021-10-11 17:04:00,AEP
82.45,82.46,82.45,82.46,700,2021-10-11 17:05:00,AEP
82.44,82.44,82.39,82.42,5758,2021-10-11 17:06:00,AEP
82.43,82.46,82.429,82.46,1417,2021-10-11 17:07:00,AEP
82.47,82.48,82.47,82.48,300,2021-10-11 17:08:00,AEP
82.465,82.49,82.465,82.49,1500,2021-10-11 17:09:00,AEP
82.49,82.5,82.46,82.48,2857,2021-10-11 17:10:00,AEP
82.47,82.51,82.47,82.5,1393,2021-10-11 17:11:00,AEP
82.51,82.51,82.5,82.5,400,2021-10-11 17:12:00,AEP
82.5,82.5302,82.5,82.53,635,2021-10-11 17:13:00,AEP
82.535,82.535,82.53,82.5301,830,2021-10-11 17:14:00,AEP
82.55,82.565,82.5,82.5,7180,2021-10-11 17:15:00,AEP
82.5,82.52,82.5,82.52,932,2021-10-11 17:16:00,AEP
82.545,82.545,82.52,82.525,1200,2021-10-11 17:17:00,AEP
82.525,82.55,82.525,82.55,4192,2021-10-11 17:18:00,AEP
82.57,82.57,82.555,82.5584,2979,2021-10-11 17:19:00,AEP
82.55,82.55,82.5097,82.52,1232,2021-10-11 17:20:00,AEP
82.525,82.525,82.51,82.51,1024,2021-10-11 17:21:00,AEP
82.51,82.55,82.51,82.52,2508,2021-10-11 17:22:00,AEP
82.53,82.53,82.51,82.51,500,2021-10-11 17:23:00,AEP
82.51,82.51,82.48,82.49,3569,2021-10-11 17:24:00,AEP
82.4998,82.5,82.47,82.47,1424,2021-10-11 17:25:00,AEP
82.47,82.47,82.46,82.46,1000,2021-10-11 17:26:00,AEP
82.474,82.475,82.42,82.42,2428,2021-10-11 17:27:00,AEP
82.43,82.45,82.43,82.45,320,2021-10-11 17:28:00,AEP
82.43,82.43,82.4,82.4,7695,2021-10-11 17:29:00,AEP
82.42,82.42,82.41,82.42,3065,2021-10-11 17:30:00,AEP
82.45,82.45,82.43,82.43,1366,2021-10-11 17:31:00,AEP
82.41,82.43,82.41,82.415,1140,2021-10-11 17:32:00,AEP
82.4,82.4,82.35,82.3585,1462,2021-10-11 17:33:00,AEP
82.37,82.38,82.3658,82.37,1846,2021-10-11 17:34:00,AEP
82.38,82.42,82.38,82.42,300,2021-10-11 17:35:00,AEP
82.42,82.44,82.4147,82.42,2057,2021-10-11 17:36:00,AEP
82.41,82.43,82.41,82.42,2034,2021-10-11 17:37:00,AEP
82.42,82.46,82.41,82.46,1147,2021-10-11 17:38:00,AEP
82.44,82.4449,82.43,82.43,1400,2021-10-11 17:39:00,AEP
82.4,82.4109,82.4,82.4109,1660,2021-10-11 17:40:00,AEP
82.42,82.46,82.42,82.45,1457,2021-10-11 17:41:00,AEP
82.45,82.45,82.42,82.4462,3100,2021-10-11 17:42:00,AEP
82.42,82.42,82.41,82.42,1938,2021-10-11 17:43:00,AEP
82.425,82.43,82.425,82.43,303,2021-10-11 17:44:00,AEP
82.425,82.425,82.39,82.39,2315,2021-10-11 17:45:00,AEP
82.38,82.4,82.365,82.365,3805,2021-10-11 17:46:00,AEP
82.37,82.37,82.32,82.32,2285,2021-10-11 17:47:00,AEP
82.3,82.3,82.26,82.28,2056,2021-10-11 17:48:00,AEP
82.29,82.31,82.259,82.2698,1537,2021-10-11 17:49:00,AEP
82.27,82.32,82.27,82.32,1212,2021-10-11 17:50:00,AEP
82.3,82.3,82.2878,82.2878,800,2021-10-11 17:51:00,AEP
82.26,82.289,82.26,82.28,2540,2021-10-11 17:52:00,AEP
82.28,82.29,82.28,82.29,450,2021-10-11 17:53:00,AEP
82.29,82.29,82.27,82.28,1212,2021-10-11 17:54:00,AEP
82.29,82.329,82.29,82.329,1289,2021-10-11 17:55:00,AEP
82.33,82.33,82.24,82.25,2915,2021-10-11 17:56:00,AEP
82.25,82.269,82.23,82.269,656,2021-10-11 17:57:00,AEP
82.275,82.28,82.27,82.27,728,2021-10-11 17:58:00,AEP
82.26,82.26,82.225,82.23,1700,2021-10-11 17:59:00,AEP
82.22,82.26,82.22,82.2425,1246,2021-10-11 18:00:00,AEP
82.2441,82.26,82.23,82.26,847,2021-10-11 18:01:00,AEP
82.245,82.245,82.23,82.24,2050,2021-10-11 18:02:00,AEP
82.245,82.28,82.245,82.28,2155,2021-10-11 18:03:00,AEP
82.27,82.27,82.24,82.24,1300,2021-10-11 18:04:00,AEP
82.26,82.265,82.26,82.265,300,2021-10-11 18:05:00,AEP
82.27,82.29,82.27,82.29,500,2021-10-11 18:06:00,AEP
82.2901,82.32,82.29,82.2963,1566,2021-10-11 18:07:00,AEP
82.3,82.33,82.3,82.31,1052,2021-10-11 18:08:00,AEP
82.3,82.305,82.3,82.305,1355,2021-10-11 18:09:00,AEP
82.34,82.34,82.329,82.33,1139,2021-10-11 18:10:00,AEP
82.32,82.35,82.31,82.35,1322,2021-10-11 18:11:00,AEP
82.34,82.35,82.34,82.35,1004,2021-10-11 18:12:00,AEP
82.34,82.34,82.34,82.34,1200,2021-10-11 18:13:00,AEP
82.35,82.37,82.35,82.37,1657,2021-10-11 18:14:00,AEP
82.36,82.39,82.36,82.39,800,2021-10-11 18:15:00,AEP
82.385,82.39,82.385,82.39,421,2021-10-11 18:16:00,AEP
82.37,82.37,82.36,82.36,922,2021-10-11 18:17:00,AEP
82.34,82.35,82.3101,82.32,1608,2021-10-11 18:18:00,AEP
82.32,82.3384,82.32,82.3384,395,2021-10-11 18:19:00,AEP
82.33,82.33,82.29,82.29,735,2021-10-11 18:20:00,AEP
82.31,82.345,82.31,82.34,3069,2021-10-11 18:21:00,AEP
82.33,82.33,82.3263,82.3263,686,2021-10-11 18:22:00,AEP
82.32,82.33,82.32,82.33,910,2021-10-11 18:23:00,AEP
82.31,82.31,82.29,82.29,931,2021-10-11 18:24:00,AEP
82.28,82.3,82.27,82.27,2580,2021-10-11 18:25:00,AEP
82.27,82.29,82.27,82.29,600,2021-10-11 18:26:00,AEP
82.295,82.295,82.295,82.295,209,2021-10-11 18:27:00,AEP
82.29,82.29,82.28,82.29,988,2021-10-11 18:28:00,AEP
82.29,82.32,82.285,82.3101,1700,2021-10-11 18:29:00,AEP
82.31,82.345,82.29,82.345,1889,2021-10-11 18:30:00,AEP
82.35,82.35,82.33,82.35,661,2021-10-11 18:31:00,AEP
82.35,82.35,82.35,82.35,500,2021-10-11 18:32:00,AEP
82.35,82.36,82.34,82.36,1840,2021-10-11 18:33:00,AEP
82.34,82.365,82.33,82.365,2056,2021-10-11 18:34:00,AEP
82.35,82.35,82.3,82.32,2105,2021-10-11 18:35:00,AEP
82.3299,82.3299,82.3173,82.3199,1355,2021-10-11 18:36:00,AEP
82.32,82.35,82.32,82.35,710,2021-10-11 18:37:00,AEP
82.345,82.345,82.34,82.34,600,2021-10-11 18:38:00,AEP
82.305,82.31,82.3,82.31,2011,2021-10-11 18:39:00,AEP
82.32,82.32,82.32,82.32,100,2021-10-11 18:40:00,AEP
82.325,82.325,82.28,82.3,6300,2021-10-11 18:41:00,AEP
82.29,82.3,82.27,82.3,906,2021-10-11 18:42:00,AEP
82.3,82.325,82.3,82.31,1991,2021-10-11 18:43:00,AEP
82.31,82.31,82.29,82.3,766,2021-10-11 18:44:00,AEP
82.3,82.3,82.286,82.29,1192,2021-10-11 18:45:00,AEP
82.2996,82.3,82.2996,82.3,1405,2021-10-11 18:46:00,AEP
82.295,82.295,82.28,82.28,1963,2021-10-11 18:47:00,AEP
82.28,82.28,82.27,82.28,800,2021-10-11 18:48:00,AEP
82.275,82.275,82.2543,82.2543,2330,2021-10-11 18:49:00,AEP
82.24,82.25,82.24,82.25,400,2021-10-11 18:50:00,AEP
82.25,82.25,82.22,82.25,3366,2021-10-11 18:51:00,AEP
82.24,82.25,82.24,82.25,777,2021-10-11 18:52:00,AEP
82.255,82.275,82.24,82.275,1205,2021-10-11 18:53:00,AEP
82.27,82.27,82.23,82.24,1584,2021-10-11 18:54:00,AEP
82.24,82.24,82.22,82.235,900,2021-10-11 18:55:00,AEP
82.24,82.275,82.24,82.275,2173,2021-10-11 18:56:00,AEP
82.3,82.31,82.28,82.31,12916,2021-10-11 18:57:00,AEP
82.33,82.34,82.3,82.34,3799,2021-10-11 18:58:00,AEP
82.34,82.35,82.315,82.315,1465,2021-10-11 18:59:00,AEP
82.3,82.37,82.3,82.37,1428,2021-10-11 19:00:00,AEP
82.36,82.39,82.36,82.39,755,2021-10-11 19:01:00,AEP
82.395,82.395,82.3862,82.3862,705,2021-10-11 19:02:00,AEP
82.385,82.3983,82.375,82.375,2220,2021-10-11 19:03:00,AEP
82.4,82.405,82.39,82.3917,1586,2021-10-11 19:04:00,AEP
82.4,82.4,82.4,82.4,700,2021-10-11 19:05:00,AEP
82.405,82.415,82.38,82.38,2159,2021-10-11 19:06:00,AEP
82.375,82.38,82.325,82.325,1619,2021-10-11 19:07:00,AEP
82.32,82.345,82.3,82.32,1968,2021-10-11 19:08:00,AEP
82.33,82.355,82.32,82.355,1218,2021-10-11 19:09:00,AEP
82.36,82.37,82.35,82.36,1257,2021-10-11 19:10:00,AEP
82.36,82.39,82.36,82.39,1122,2021-10-11 19:11:00,AEP
82.39,82.43,82.39,82.43,1322,2021-10-11 19:12:00,AEP
82.43,82.43,82.4053,82.43,2258,2021-10-11 19:13:00,AEP
82.44,82.46,82.44,82.46,6198,2021-10-11 19:14:00,AEP
82.47,82.47,82.43,82.43,1421,2021-10-11 19:15:00,AEP
82.42,82.47,82.42,82.46,1300,2021-10-11 19:16:00,AEP
82.45,82.45,82.41,82.45,2255,2021-10-11 19:17:00,AEP
82.46,82.48,82.44,82.44,1700,2021-10-11 19:18:00,AEP
82.435,82.44,82.435,82.44,200,2021-10-11 19:19:00,AEP
82.48,82.48,82.43,82.45,1752,2021-10-11 19:20:00,AEP
82.45,82.46,82.445,82.46,3019,2021-10-11 19:21:00,AEP
82.45,82.47,82.45,82.47,1500,2021-10-11 19:22:00,AEP
82.47,82.47,82.44,82.45,1684,2021-10-11 19:23:00,AEP
82.46,82.47,82.405,82.405,1409,2021-10-11 19:24:00,AEP
82.4,82.4,82.36,82.365,1300,2021-10-11 19:25:00,AEP
82.365,82.37,82.32,82.325,2951,2021-10-11 19:26:00,AEP
82.32,82.33,82.305,82.305,1584,2021-10-11 19:27:00,AEP
82.3,82.36,82.295,82.345,6351,2021-10-11 19:28:00,AEP
82.34,82.39,82.34,82.37,4416,2021-10-11 19:29:00,AEP
82.34,82.37,82.295,82.37,6194,2021-10-11 19:30:00,AEP
82.37,82.42,82.35,82.42,3264,2021-10-11 19:31:00,AEP
82.41,82.415,82.36,82.36,4759,2021-10-11 19:32:00,AEP
82.355,82.41,82.355,82.37,6524,2021-10-11 19:33:00,AEP
82.36,82.365,82.34,82.365,3388,2021-10-11 19:34:00,AEP
82.3501,82.38,82.34,82.38,3729,2021-10-11 19:35:00,AEP
82.38,82.4,82.37,82.37,3360,2021-10-11 19:36:00,AEP
82.375,82.38,82.325,82.3501,5034,2021-10-11 19:37:00,AEP
82.36,82.395,82.36,82.385,3881,2021-10-11 19:38:00,AEP
82.3819,82.435,82.38,82.435,4413,2021-10-11 19:39:00,AEP
82.43,82.475,82.4221,82.475,3489,2021-10-11 19:40:00,AEP
82.47,82.4739,82.415,82.42,3642,2021-10-11 19:41:00,AEP
82.42,82.42,82.395,82.41,1477,2021-10-11 19:42:00,AEP
82.41,82.49,82.41,82.49,4374,2021-10-11 19:43:00,AEP
82.48,82.5,82.46,82.46,6238,2021-10-11 19:44:00,AEP
82.445,82.4584,82.43,82.4319,3485,2021-10-11 19:45:00,AEP
82.435,82.45,82.385,82.405,8371,2021-10-11 19:46:00,AEP
82.4,82.41,82.4,82.405,1933,2021-10-11 19:47:00,AEP
82.403,82.403,82.35,82.3965,8359,2021-10-11 19:48:00,AEP
82.4,82.4001,82.35,82.39,4786,2021-10-11 19:49:00,AEP
82.38,82.38,82.3021,82.36,15705,2021-10-11 19:50:00,AEP
82.36,82.36,82.29,82.31,9393,2021-10-11 19:51:00,AEP
82.305,82.34,82.3,82.34,6276,2021-10-11 19:52:00,AEP
82.35,82.355,82.34,82.355,6859,2021-10-11 19:53:00,AEP
82.35,82.45,82.35,82.445,17563,2021-10-11 19:54:00,AEP
82.445,82.46,82.41,82.44,17281,2021-10-11 19:55:00,AEP
82.465,82.505,82.46,82.485,17500,2021-10-11 19:56:00,AEP
82.48,82.5,82.45,82.5,24872,2021-10-11 19:57:00,AEP
82.49,82.53,82.47,82.515,34573,2021-10-11 19:58:00,AEP
82.515,82.55,82.5,82.52,74020,2021-10-11 19:59:00,AEP
82.51,82.51,82.51,82.51,297222,2021-10-11 20:00:00,AEP
82.51,82.51,82.51,82.51,272219,2021-10-11 20:01:00,AEP
82.51,82.51,82.51,82.51,600,2021-10-11 20:10:00,AEP
82.51,82.51,82.51,82.51,5225,2021-10-11 20:12:00,AEP
82.65,82.65,82.58,82.58,2100,2021-10-12 13:29:00,AEP
82.56,82.56,82.22,82.26,22573,2021-10-12 13:30:00,AEP
82.285,82.37,82.27,82.34,1459,2021-10-12 13:31:00,AEP
82.27,82.45,82.23,82.43,2161,2021-10-12 13:32:00,AEP
82.44,82.48,82.35,82.35,4633,2021-10-12 13:33:00,AEP
82.35,82.525,82.31,82.44,7538,2021-10-12 13:34:00,AEP
82.44,82.519,82.44,82.519,1460,2021-10-12 13:35:00,AEP
82.5,82.5,82.38,82.41,1129,2021-10-12 13:36:00,AEP
82.37,82.44,82.37,82.41,1432,2021-10-12 13:37:00,AEP
82.38,82.4,82.36,82.38,1866,2021-10-12 13:38:00,AEP
82.43,82.455,82.41,82.41,850,2021-10-12 13:39:00,AEP
82.46,82.46,82.32,82.36,4691,2021-10-12 13:40:00,AEP
82.37,82.44,82.37,82.44,2501,2021-10-12 13:41:00,AEP
82.495,82.53,82.39,82.42,2800,2021-10-12 13:42:00,AEP
82.47,82.49,82.43,82.445,2015,2021-10-12 13:43:00,AEP
82.39,82.46,82.34,82.46,2100,2021-10-12 13:44:00,AEP
82.48,82.51,82.42,82.49,5264,2021-10-12 13:45:00,AEP
82.51,82.51,82.45,82.47,14818,2021-10-12 13:46:00,AEP
82.48,82.54,82.48,82.54,1385,2021-10-12 13:47:00,AEP
82.63,82.63,82.56,82.56,2141,2021-10-12 13:48:00,AEP
82.53,82.59,82.49,82.57,9480,2021-10-12 13:49:00,AEP
82.6,82.72,82.59,82.72,9700,2021-10-12 13:50:00,AEP
82.74,82.85,82.71,82.85,750,2021-10-12 13:51:00,AEP
82.86,82.9,82.84,82.885,2354,2021-10-12 13:52:00,AEP
82.88,82.94,82.87,82.87,500,2021-10-12 13:53:00,AEP
82.84,82.89,82.8201,82.89,5793,2021-10-12 13:54:00,AEP
82.85,82.93,82.85,82.88,3005,2021-10-12 13:55:00,AEP
82.88,82.88,82.875,82.875,300,2021-10-12 13:56:00,AEP
82.891,82.9,82.87,82.87,924,2021-10-12 13:57:00,AEP
82.91,82.91,82.8737,82.8737,4166,2021-10-12 13:58:00,AEP
82.87,82.9,82.87,82.87,4585,2021-10-12 13:59:00,AEP
82.83,82.88,82.8,82.86,17901,2021-10-12 14:00:00,AEP
82.87,82.875,82.75,82.81,5787,2021-10-12 14:01:00,AEP
82.78,82.78,82.75,82.755,2625,2021-10-12 14:02:00,AEP
82.74,82.79,82.73,82.79,2300,2021-10-12 14:03:00,AEP
82.8,82.85,82.72,82.72,2920,2021-10-12 14:04:00,AEP
82.74,82.78,82.73,82.74,3300,2021-10-12 14:05:00,AEP
82.7,82.74,82.7,82.74,900,2021-10-12 14:06:00,AEP
82.76,82.79,82.76,82.79,900,2021-10-12 14:07:00,AEP
82.7564,82.76,82.72,82.76,531,2021-10-12 14:08:00,AEP
82.7475,82.75,82.72,82.75,2996,2021-10-12 14:09:00,AEP
82.74,82.77,82.735,82.77,1629,2021-10-12 14:10:00,AEP
82.78,82.81,82.77,82.77,900,2021-10-12 14:11:00,AEP
82.74,82.77,82.74,82.745,1649,2021-10-12 14:12:00,AEP
82.7,82.8,82.7,82.8,2506,2021-10-12 14:13:00,AEP
82.781,82.81,82.781,82.795,4060,2021-10-12 14:14:00,AEP
82.795,82.84,82.785,82.83,24783,2021-10-12 14:15:00,AEP
82.82,82.87,82.82,82.84,16174,2021-10-12 14:16:00,AEP
82.84,82.84,82.71,82.71,4319,2021-10-12 14:17:00,AEP
82.72,82.76,82.67,82.76,1143,2021-10-12 14:18:00,AEP
82.74,82.74,82.72,82.73,1125,2021-10-12 14:19:00,AEP
82.69,82.76,82.68,82.75,1940,2021-10-12 14:20:00,AEP
82.77,82.77,82.7,82.7,1252,2021-10-12 14:21:00,AEP
82.69,82.69,82.63,82.64,3629,2021-10-12 14:22:00,AEP
82.63,82.65,82.62,82.65,2700,2021-10-12 14:23:00,AEP
82.64,82.64,82.58,82.6,2200,2021-10-12 14:24:00,AEP
82.6381,82.68,82.6381,82.68,1007,2021-10-12 14:25:00,AEP
82.67,82.71,82.645,82.69,3545,2021-10-12 14:26:00,AEP
82.69,82.7,82.63,82.63,4396,2021-10-12 14:27:00,AEP
82.645,82.65,82.6,82.62,1200,2021-10-12 14:28:00,AEP
82.63,82.69,82.6183,82.69,3153,2021-10-12 14:29:00,AEP
82.725,82.725,82.66,82.67,5059,2021-10-12 14:30:00,AEP
82.69,82.71,82.685,82.71,700,2021-10-12 14:31:00,AEP
82.67,82.68,82.64,82.66,2370,2021-10-12 14:32:00,AEP
82.69,82.79,82.69,82.78,2447,2021-10-12 14:33:00,AEP
82.8,82.8,82.75,82.77,4434,2021-10-12 14:34:00,AEP
82.73,82.7948,82.72,82.7948,1695,2021-10-12 14:35:00,AEP
82.77,82.81,82.77,82.81,1000,2021-10-12 14:36:00,AEP
82.8,82.86,82.79,82.84,11456,2021-10-12 14:37:00,AEP
82.85,82.85,82.77,82.82,10519,2021-10-12 14:38:00,AEP
82.818,82.84,82.81,82.84,1468,2021-10-12 14:39:00,AEP
82.841,82.87,82.81,82.83,7791,2021-10-12 14:40:00,AEP
82.835,82.84,82.82,82.83,1176,2021-10-12 14:41:00,AEP
82.84,82.84,82.805,82.84,1275,2021-10-12 14:42:00,AEP
82.82,82.84,82.82,82.825,5842,2021-10-12 14:43:00,AEP
82.805,82.835,82.74,82.74,7003,2021-10-12 14:44:00,AEP
82.75,82.79,82.75,82.77,1935,2021-10-12 14:45:00,AEP
82.77,82.77,82.72,82.72,1500,2021-10-12 14:46:00,AEP
82.72,82.76,82.72,82.74,2296,2021-10-12 14:47:00,AEP
82.75,82.76,82.73,82.73,4372,2021-10-12 14:48:00,AEP
82.74,82.74,82.71,82.7371,5569,2021-10-12 14:49:00,AEP
82.74,82.7699,82.74,82.76,1601,2021-10-12 14:50:00,AEP
82.74,82.75,82.72,82.72,1029,2021-10-12 14:51:00,AEP
82.72,82.72,82.7,82.7,800,2021-10-12 14:52:00,AEP
82.68,82.68,82.6531,82.67,2880,2021-10-12 14:53:00,AEP
82.7,82.72,82.69,82.72,2184,2021-10-12 14:54:00,AEP
82.71,82.74,82.69,82.74,1000,2021-10-12 14:55:00,AEP
82.74,82.795,82.74,82.795,2226,2021-10-12 14:56:00,AEP
82.825,82.86,82.825,82.84,1583,2021-10-12 14:57:00,AEP
82.835,82.835,82.8289,82.83,700,2021-10-12 14:58:00,AEP
82.83,82.83,82.775,82.775,11536,2021-10-12 14:59:00,AEP
82.78,82.82,82.78,82.82,3242,2021-10-12 15:00:00,AEP
82.82,82.8208,82.805,82.8208,730,2021-10-12 15:02:00,AEP
82.83,82.88,82.83,82.865,2400,2021-10-12 15:03:00,AEP
82.865,82.87,82.805,82.83,8225,2021-10-12 15:04:00,AEP
82.81,82.86,82.805,82.86,3281,2021-10-12 15:05:00,AEP
82.84,82.84,82.785,82.785,11026,2021-10-12 15:06:00,AEP
82.78,82.805,82.77,82.805,2106,2021-10-12 15:07:00,AEP
82.81,82.86,82.81,82.85,3500,2021-10-12 15:08:00,AEP
82.86,82.87,82.825,82.825,4507,2021-10-12 15:09:00,AEP
82.82,82.825,82.8,82.825,950,2021-10-12 15:10:00,AEP
82.82,82.82,82.79,82.8,3161,2021-10-12 15:11:00,AEP
82.795,82.84,82.79,82.84,1572,2021-10-12 15:12:00,AEP
82.86,82.89,82.86,82.875,1759,2021-10-12 15:13:00,AEP
82.885,82.885,82.85,82.855,1314,2021-10-12 15:14:00,AEP
82.87,82.87,82.835,82.835,1682,2021-10-12 15:15:00,AEP
82.82,82.83,82.79,82.83,1600,2021-10-12 15:16:00,AEP
82.84,82.84,82.825,82.825,637,2021-10-12 15:17:00,AEP
82.835,82.835,82.82,82.82,375,2021-10-12 15:18:00,AEP
82.8,82.8,82.77,82.77,1110,2021-10-12 15:19:00,AEP
82.76,82.765,82.76,82.76,340,2021-10-12 15:20:00,AEP
82.77,82.77,82.7,82.718,2681,2021-10-12 15:21:00,AEP
82.7224,82.76,82.7224,82.76,620,2021-10-12 15:22:00,AEP
82.785,82.785,82.785,82.785,104,2021-10-12 15:23:00,AEP
82.8,82.8,82.8,82.8,500,2021-10-12 15:24:00,AEP
82.8,82.84,82.8,82.828,3712,2021-10-12 15:25:00,AEP
82.81,82.8272,82.81,82.8109,1925,2021-10-12 15:26:00,AEP
82.82,82.83,82.75,82.795,7515,2021-10-12 15:27:00,AEP
82.79,82.805,82.78,82.8,1528,2021-10-12 15:28:00,AEP
82.79,82.84,82.78,82.84,3112,2021-10-12 15:29:00,AEP
82.83,82.85,82.83,82.84,1400,2021-10-12 15:30:00,AEP
82.84,82.86,82.84,82.8575,9783,2021-10-12 15:31:00,AEP
82.85,82.91,82.845,82.905,6133,2021-10-12 15:32:00,AEP
82.905,82.92,82.885,82.89,14478,2021-10-12 15:33:00,AEP
82.88,82.88,82.82,82.82,12190,2021-10-12 15:34:00,AEP
82.84,82.86,82.8,82.81,3304,2021-10-12 15:35:00,AEP
82.8,82.87,82.8,82.87,2459,2021-10-12 15:36:00,AEP
82.86,82.875,82.86,82.86,1250,2021-10-12 15:37:00,AEP
82.85,82.86,82.785,82.785,2011,2021-10-12 15:38:00,AEP
82.78,82.8,82.77,82.78,2523,2021-10-12 15:39:00,AEP
82.78,82.78,82.73,82.74,1569,2021-10-12 15:40:00,AEP
82.73,82.76,82.73,82.76,1100,2021-10-12 15:41:00,AEP
82.77,82.77,82.7,82.7,2797,2021-10-12 15:42:00,AEP
82.7,82.72,82.7,82.72,912,2021-10-12 15:43:00,AEP
82.71,82.71,82.71,82.71,500,2021-10-12 15:44:00,AEP
82.705,82.73,82.7,82.7,854,2021-10-12 15:45:00,AEP
82.71,82.71,82.7,82.7,843,2021-10-12 15:46:00,AEP
82.71,82.71,82.65,82.66,6200,2021-10-12 15:47:00,AEP
82.68,82.71,82.67,82.71,6099,2021-10-12 15:48:00,AEP
82.7,82.71,82.68,82.68,1244,2021-10-12 15:49:00,AEP
82.68,82.69,82.65,82.65,1450,2021-10-12 15:50:00,AEP
82.64,82.64,82.6,82.61,2083,2021-10-12 15:51:00,AEP
82.5999,82.5999,82.58,82.59,730,2021-10-12 15:52:00,AEP
82.585,82.585,82.57,82.57,400,2021-10-12 15:53:00,AEP
82.57,82.62,82.57,82.62,1145,2021-10-12 15:54:00,AEP
82.63,82.63,82.615,82.62,500,2021-10-12 15:55:00,AEP
82.62,82.64,82.62,82.64,857,2021-10-12 15:56:00,AEP
82.645,82.665,82.64,82.655,2390,2021-10-12 15:57:00,AEP
82.65,82.65,82.6382,82.64,400,2021-10-12 15:58:00,AEP
82.65,82.67,82.65,82.65,850,2021-10-12 15:59:00,AEP
82.67,82.69,82.645,82.68,2300,2021-10-12 16:00:00,AEP
82.69,82.6913,82.69,82.6913,300,2021-10-12 16:01:00,AEP
82.74,82.743,82.72,82.72,1257,2021-10-12 16:02:00,AEP
82.71,82.719,82.69,82.69,1250,2021-10-12 16:03:00,AEP
82.7,82.7,82.68,82.69,450,2021-10-12 16:04:00,AEP
82.7,82.7,82.67,82.67,846,2021-10-12 16:05:00,AEP
82.67,82.7,82.67,82.7,2400,2021-10-12 16:06:00,AEP
82.71,82.71,82.705,82.705,800,2021-10-12 16:07:00,AEP
82.71,82.72,82.69,82.7,900,2021-10-12 16:08:00,AEP
82.71,82.73,82.71,82.71,3929,2021-10-12 16:09:00,AEP
82.71,82.74,82.71,82.7393,1368,2021-10-12 16:10:00,AEP
82.75,82.79,82.75,82.78,1668,2021-10-12 16:11:00,AEP
82.76,82.76,82.76,82.76,100,2021-10-12 16:12:00,AEP
82.75,82.75,82.73,82.73,2300,2021-10-12 16:13:00,AEP
82.74,82.74,82.74,82.74,200,2021-10-12 16:14:00,AEP
82.7104,82.7104,82.68,82.69,3082,2021-10-12 16:16:00,AEP
82.7,82.7,82.7,82.7,300,2021-10-12 16:17:00,AEP
82.635,82.635,82.615,82.615,700,2021-10-12 16:18:00,AEP
82.64,82.67,82.64,82.66,1316,2021-10-12 16:19:00,AEP
82.67,82.695,82.67,82.695,635,2021-10-12 16:20:00,AEP
82.67,82.69,82.67,82.69,3300,2021-10-12 16:21:00,AEP
82.68,82.68,82.67,82.68,772,2021-10-12 16:22:00,AEP
82.6837,82.6837,82.67,82.67,425,2021-10-12 16:23:00,AEP
82.67,82.71,82.67,82.71,900,2021-10-12 16:24:00,AEP
82.69,82.695,82.69,82.695,200,2021-10-12 16:25:00,AEP
82.69,82.69,82.66,82.66,1300,2021-10-12 16:26:00,AEP
82.66,82.68,82.65,82.67,1400,2021-10-12 16:27:00,AEP
82.66,82.67,82.65,82.67,1100,2021-10-12 16:28:00,AEP
82.66,82.66,82.63,82.64,617,2021-10-12 16:29:00,AEP
82.65,82.65,82.63,82.63,1600,2021-10-12 16:30:00,AEP
82.615,82.64,82.614,82.6368,1015,2021-10-12 16:31:00,AEP
82.65,82.65,82.62,82.63,400,2021-10-12 16:32:00,AEP
82.61,82.62,82.59,82.6,7076,2021-10-12 16:33:00,AEP
82.56,82.58,82.51,82.51,1146,2021-10-12 16:34:00,AEP
82.52,82.54,82.48,82.48,3524,2021-10-12 16:35:00,AEP
82.48,82.48,82.47,82.47,674,2021-10-12 16:36:00,AEP
82.475,82.48,82.475,82.48,1762,2021-10-12 16:37:00,AEP
82.51,82.51,82.51,82.51,100,2021-10-12 16:38:00,AEP
82.53,82.53,82.52,82.52,576,2021-10-12 16:39:00,AEP
82.54,82.56,82.525,82.53,2463,2021-10-12 16:40:00,AEP
82.53,82.54,82.53,82.54,600,2021-10-12 16:41:00,AEP
82.54,82.54,82.53,82.54,600,2021-10-12 16:42:00,AEP
82.54,82.54,82.54,82.54,100,2021-10-12 16:43:00,AEP
82.55,82.55,82.55,82.55,100,2021-10-12 16:44:00,AEP
82.55,82.55,82.54,82.54,400,2021-10-12 16:45:00,AEP
82.525,82.545,82.49,82.545,4551,2021-10-12 16:46:00,AEP
82.5255,82.53,82.52,82.53,1718,2021-10-12 16:47:00,AEP
82.545,82.57,82.545,82.55,909,2021-10-12 16:48:00,AEP
82.56,82.56,82.56,82.56,100,2021-10-12 16:49:00,AEP
82.56,82.56,82.55,82.56,850,2021-10-12 16:50:00,AEP
82.56,82.57,82.56,82.57,448,2021-10-12 16:51:00,AEP
82.6,82.64,82.57,82.605,60203,2021-10-12 16:52:00,AEP
82.61,82.625,82.58,82.59,3973,2021-10-12 16:53:00,AEP
82.6,82.62,82.6,82.62,1000,2021-10-12 16:54:00,AEP
82.595,82.595,82.555,82.56,900,2021-10-12 16:55:00,AEP
82.56,82.585,82.56,82.56,671,2021-10-12 16:56:00,AEP
82.55,82.55,82.52,82.52,800,2021-10-12 16:57:00,AEP
82.515,82.52,82.5,82.5,400,2021-10-12 16:58:00,AEP
82.51,82.52,82.51,82.52,300,2021-10-12 16:59:00,AEP
82.525,82.525,82.525,82.525,100,2021-10-12 17:00:00,AEP
82.52,82.52,82.5,82.51,1056,2021-10-12 17:01:00,AEP
82.52,82.54,82.52,82.54,1100,2021-10-12 17:02:00,AEP
82.53,82.54,82.53,82.54,507,2021-10-12 17:03:00,AEP
82.55,82.58,82.55,82.57,500,2021-10-12 17:04:00,AEP
82.57,82.57,82.5502,82.57,1959,2021-10-12 17:05:00,AEP
82.58,82.58,82.53,82.56,1800,2021-10-12 17:06:00,AEP
82.56,82.57,82.56,82.56,658,2021-10-12 17:07:00,AEP
82.56,82.57,82.53,82.53,1513,2021-10-12 17:08:00,AEP
82.52,82.52,82.49,82.49,2318,2021-10-12 17:09:00,AEP
82.485,82.55,82.485,82.55,1545,2021-10-12 17:10:00,AEP
82.54,82.54,82.54,82.54,400,2021-10-12 17:11:00,AEP
82.55,82.55,82.54,82.54,500,2021-10-12 17:12:00,AEP
82.53,82.58,82.53,82.57,2919,2021-10-12 17:13:00,AEP
82.5843,82.5843,82.57,82.57,800,2021-10-12 17:14:00,AEP
82.58,82.59,82.57,82.5785,4163,2021-10-12 17:15:00,AEP
82.58,82.58,82.555,82.5569,4411,2021-10-12 17:16:00,AEP
82.55,82.55,82.55,82.55,500,2021-10-12 17:17:00,AEP
82.55,82.56,82.55,82.56,600,2021-10-12 17:18:00,AEP
82.5684,82.57,82.56,82.57,652,2021-10-12 17:19:00,AEP
82.58,82.58,82.5699,82.57,700,2021-10-12 17:20:00,AEP
82.57,82.59,82.57,82.58,1310,2021-10-12 17:21:00,AEP
82.57,82.57,82.5375,82.57,2220,2021-10-12 17:22:00,AEP
82.58,82.62,82.58,82.61,2656,2021-10-12 17:23:00,AEP
82.6,82.6,82.57,82.57,882,2021-10-12 17:24:00,AEP
82.57,82.59,82.57,82.59,600,2021-10-12 17:25:00,AEP
82.585,82.63,82.585,82.63,4577,2021-10-12 17:26:00,AEP
82.64,82.68,82.64,82.68,1425,2021-10-12 17:27:00,AEP
82.66,82.66,82.655,82.655,402,2021-10-12 17:28:00,AEP
82.67,82.6751,82.67,82.6751,600,2021-10-12 17:29:00,AEP
82.67,82.67,82.66,82.66,980,2021-10-12 17:30:00,AEP
82.67,82.68,82.655,82.655,3597,2021-10-12 17:31:00,AEP
82.645,82.655,82.63,82.63,10969,2021-10-12 17:32:00,AEP
82.63,82.64,82.61,82.63,1166,2021-10-12 17:33:00,AEP
82.62,82.62,82.61,82.61,200,2021-10-12 17:34:00,AEP
82.61,82.62,82.6,82.605,2730,2021-10-12 17:35:00,AEP
82.59,82.59,82.58,82.58,200,2021-10-12 17:36:00,AEP
82.58,82.61,82.58,82.6075,2169,2021-10-12 17:37:00,AEP
82.6,82.62,82.6,82.61,3407,2021-10-12 17:38:00,AEP
82.61,82.64,82.61,82.64,6544,2021-10-12 17:39:00,AEP
82.63,82.631,82.59,82.6,2253,2021-10-12 17:40:00,AEP
82.59,82.61,82.58,82.61,2081,2021-10-12 17:41:00,AEP
82.6127,82.6127,82.6,82.6,1221,2021-10-12 17:42:00,AEP
82.6,82.6102,82.6,82.6102,300,2021-10-12 17:43:00,AEP
82.61,82.615,82.6,82.6,544,2021-10-12 17:44:00,AEP
82.6,82.605,82.6,82.605,826,2021-10-12 17:45:00,AEP
82.61,82.62,82.59,82.59,2900,2021-10-12 17:46:00,AEP
82.6,82.66,82.6,82.655,2008,2021-10-12 17:47:00,AEP
82.67,82.67,82.6627,82.6627,300,2021-10-12 17:48:00,AEP
82.67,82.68,82.66,82.68,2077,2021-10-12 17:49:00,AEP
82.69,82.69,82.64,82.64,1145,2021-10-12 17:50:00,AEP
82.645,82.645,82.63,82.63,2020,2021-10-12 17:51:00,AEP
82.63,82.635,82.57,82.57,3931,2021-10-12 17:52:00,AEP
82.6,82.63,82.59,82.6,3332,2021-10-12 17:53:00,AEP
82.6,82.616,82.51,82.51,2246,2021-10-12 17:54:00,AEP
82.52,82.52,82.48,82.48,300,2021-10-12 17:55:00,AEP
82.46,82.5,82.46,82.5,962,2021-10-12 17:56:00,AEP
82.47,82.48,82.47,82.474,800,2021-10-12 17:57:00,AEP
82.475,82.49,82.475,82.49,695,2021-10-12 17:58:00,AEP
82.4837,82.51,82.4837,82.5,2973,2021-10-12 17:59:00,AEP
82.485,82.51,82.4802,82.4802,1329,2021-10-12 18:00:00,AEP
82.49,82.5,82.49,82.5,1554,2021-10-12 18:01:00,AEP
82.51,82.535,82.5098,82.535,1860,2021-10-12 18:02:00,AEP
82.5335,82.5335,82.52,82.53,750,2021-10-12 18:03:00,AEP
82.54,82.575,82.54,82.575,830,2021-10-12 18:04:00,AEP
82.54,82.55,82.54,82.55,785,2021-10-12 18:05:00,AEP
82.53,82.53,82.505,82.505,2168,2021-10-12 18:06:00,AEP
82.5,82.52,82.49,82.52,2900,2021-10-12 18:07:00,AEP
82.52,82.55,82.52,82.55,682,2021-10-12 18:08:00,AEP
82.56,82.56,82.56,82.56,200,2021-10-12 18:09:00,AEP
82.56,82.57,82.56,82.57,1129,2021-10-12 18:10:00,AEP
82.56,82.56,82.56,82.56,847,2021-10-12 18:11:00,AEP
82.545,82.545,82.53,82.53,400,2021-10-12 18:12:00,AEP
82.54,82.55,82.53,82.55,863,2021-10-12 18:13:00,AEP
82.55,82.57,82.55,82.56,900,2021-10-12 18:14:00,AEP
82.57,82.59,82.57,82.59,1278,2021-10-12 18:15:00,AEP
82.6,82.605,82.58,82.58,1861,2021-10-12 18:16:00,AEP
82.58,82.61,82.57,82.595,5003,2021-10-12 18:17:00,AEP
82.6,82.63,82.6,82.63,1400,2021-10-12 18:18:00,AEP
82.64,82.65,82.61,82.61,3332,2021-10-12 18:19:00,AEP
82.57,82.58,82.54,82.54,1987,2021-10-12 18:20:00,AEP
82.55,82.55,82.54,82.54,669,2021-10-12 18:21:00,AEP
82.5386,82.5507,82.53,82.55,1671,2021-10-12 18:22:00,AEP
82.53,82.55,82.52,82.54,1159,2021-10-12 18:24:00,AEP
82.54,82.54,82.53,82.54,1504,2021-10-12 18:25:00,AEP
82.53,82.535,82.53,82.535,300,2021-10-12 18:26:00,AEP
82.53,82.53,82.52,82.52,500,2021-10-12 18:27:00,AEP
82.52,82.52,82.51,82.51,300,2021-10-12 18:28:00,AEP
82.5046,82.52,82.5,82.52,1415,2021-10-12 18:29:00,AEP
82.54,82.57,82.54,82.57,1125,2021-10-12 18:30:00,AEP
82.5761,82.5761,82.5363,82.5363,2084,2021-10-12 18:31:00,AEP
82.54,82.54,82.5274,82.54,1146,2021-10-12 18:32:00,AEP
82.52,82.5699,82.52,82.5699,1075,2021-10-12 18:33:00,AEP
82.57,82.59,82.56,82.57,800,2021-10-12 18:34:00,AEP
82.58,82.59,82.58,82.59,400,2021-10-12 18:35:00,AEP
82.58,82.58,82.55,82.56,1051,2021-10-12 18:36:00,AEP
82.57,82.57,82.53,82.54,1700,2021-10-12 18:37:00,AEP
82.545,82.545,82.54,82.54,400,2021-10-12 18:38:00,AEP
82.55,82.55,82.51,82.52,3755,2021-10-12 18:39:00,AEP
82.54,82.5598,82.54,82.55,2000,2021-10-12 18:40:00,AEP
82.55,82.55,82.55,82.55,100,2021-10-12 18:41:00,AEP
82.55,82.55,82.5214,82.5214,628,2021-10-12 18:42:00,AEP
82.53,82.53,82.52,82.52,2900,2021-10-12 18:43:00,AEP
82.51,82.52,82.51,82.52,420,2021-10-12 18:44:00,AEP
82.515,82.52,82.515,82.52,257,2021-10-12 18:45:00,AEP
82.48,82.49,82.4784,82.49,849,2021-10-12 18:46:00,AEP
82.47,82.48,82.47,82.48,1475,2021-10-12 18:47:00,AEP
82.46,82.46,82.44,82.45,2492,2021-10-12 18:48:00,AEP
82.46,82.46,82.45,82.46,500,2021-10-12 18:49:00,AEP
82.48,82.48,82.47,82.48,811,2021-10-12 18:50:00,AEP
82.475,82.48,82.475,82.48,401,2021-10-12 18:51:00,AEP
82.485,82.5,82.485,82.5,709,2021-10-12 18:52:00,AEP
82.5,82.535,82.5,82.53,1512,2021-10-12 18:53:00,AEP
82.525,82.53,82.525,82.53,620,2021-10-12 18:54:00,AEP
82.555,82.555,82.48,82.495,7066,2021-10-12 18:55:00,AEP
82.475,82.53,82.47,82.53,1500,2021-10-12 18:56:00,AEP
82.49,82.54,82.49,82.49,2400,2021-10-12 18:57:00,AEP
82.48,82.49,82.47,82.47,1503,2021-10-12 18:58:00,AEP
82.48,82.49,82.46,82.46,1114,2021-10-12 18:59:00,AEP
82.465,82.47,82.45,82.47,671,2021-10-12 19:00:00,AEP
82.46,82.46,82.44,82.44,900,2021-10-12 19:01:00,AEP
82.46,82.46,82.46,82.46,500,2021-10-12 19:02:00,AEP
82.46,82.46,82.45,82.45,900,2021-10-12 19:03:00,AEP
82.44,82.445,82.44,82.445,1529,2021-10-12 19:04:00,AEP
82.45,82.51,82.45,82.5052,2171,2021-10-12 19:05:00,AEP
82.52,82.52,82.51,82.51,979,2021-10-12 19:06:00,AEP
82.5,82.52,82.485,82.505,2374,2021-10-12 19:07:00,AEP
82.51,82.52,82.505,82.505,1700,2021-10-12 19:08:00,AEP
82.5,82.53,82.5,82.53,500,2021-10-12 19:09:00,AEP
82.53,82.565,82.53,82.565,2206,2021-10-12 19:10:00,AEP
82.55,82.56,82.54,82.54,906,2021-10-12 19:11:00,AEP
82.54,82.56,82.53,82.53,1876,2021-10-12 19:12:00,AEP
82.54,82.54,82.505,82.52,2502,2021-10-12 19:13:00,AEP
82.51,82.53,82.49,82.49,900,2021-10-12 19:14:00,AEP
82.47,82.49,82.45,82.49,3100,2021-10-12 19:15:00,AEP
82.48,82.505,82.47,82.505,692,2021-10-12 19:16:00,AEP
82.47,82.53,82.47,82.53,2400,2021-10-12 19:17:00,AEP
82.52,82.52,82.51,82.52,900,2021-10-12 19:18:00,AEP
82.53,82.53,82.52,82.53,900,2021-10-12 19:19:00,AEP
82.54,82.54,82.5,82.5,2400,2021-10-12 19:20:00,AEP
82.51,82.52,82.5,82.51,513,2021-10-12 19:21:00,AEP
82.51,82.535,82.5,82.5,1651,2021-10-12 19:22:00,AEP
82.5,82.53,82.5,82.53,828,2021-10-12 19:23:00,AEP
82.53,82.54,82.51,82.52,2569,2021-10-12 19:24:00,AEP
82.51,82.51,82.48,82.48,1351,2021-10-12 19:25:00,AEP
82.48,82.49,82.4766,82.48,1272,2021-10-12 19:26:00,AEP
82.47,82.48,82.46,82.46,1378,2021-10-12 19:27:00,AEP
82.46,82.47,82.44,82.455,3766,2021-10-12 19:28:00,AEP
82.46,82.47,82.46,82.46,967,2021-10-12 19:29:00,AEP
82.46,82.51,82.46,82.51,2045,2021-10-12 19:30:00,AEP
82.505,82.5094,82.46,82.47,2950,2021-10-12 19:31:00,AEP
82.46,82.465,82.43,82.43,668,2021-10-12 19:32:00,AEP
82.43,82.44,82.39,82.39,3043,2021-10-12 19:33:00,AEP
82.4,82.41,82.385,82.39,2264,2021-10-12 19:34:00,AEP
82.39,82.39,82.37,82.37,1400,2021-10-12 19:35:00,AEP
82.37,82.38,82.33,82.33,1880,2021-10-12 19:36:00,AEP
82.33,82.335,82.305,82.33,2781,2021-10-12 19:37:00,AEP
82.32,82.32,82.31,82.31,350,2021-10-12 19:38:00,AEP
82.3245,82.355,82.32,82.32,2731,2021-10-12 19:39:00,AEP
82.31,82.35,82.305,82.31,1930,2021-10-12 19:40:00,AEP
82.33,82.34,82.31,82.33,2459,2021-10-12 19:41:00,AEP
82.33,82.34,82.32,82.32,2178,2021-10-12 19:42:00,AEP
82.32,82.33,82.31,82.315,5415,2021-10-12 19:43:00,AEP
82.31,82.32,82.245,82.25,6613,2021-10-12 19:44:00,AEP
82.255,82.28,82.24,82.275,4495,2021-10-12 19:45:00,AEP
82.27,82.3,82.26,82.28,5428,2021-10-12 19:46:00,AEP
82.27,82.31,82.2699,82.3,5574,2021-10-12 19:47:00,AEP
82.3,82.34,82.295,82.335,3206,2021-10-12 19:48:00,AEP
82.335,82.36,82.33,82.35,6580,2021-10-12 19:49:00,AEP
82.36,82.36,82.14,82.26,30156,2021-10-12 19:50:00,AEP
82.25,82.295,82.2138,82.29,12801,2021-10-12 19:51:00,AEP
82.29,82.36,82.29,82.3545,5901,2021-10-12 19:52:00,AEP
82.35,82.395,82.35,82.38,9935,2021-10-12 19:53:00,AEP
82.38,82.42,82.38,82.42,8642,2021-10-12 19:54:00,AEP
82.415,82.57,82.415,82.555,50707,2021-10-12 19:55:00,AEP
82.55,82.6,82.515,82.55,27795,2021-10-12 19:56:00,AEP
82.55,82.58,82.51,82.535,27633,2021-10-12 19:57:00,AEP
82.535,82.5949,82.53,82.5949,33542,2021-10-12 19:58:00,AEP
82.59,82.63,82.48,82.49,86530,2021-10-12 19:59:00,AEP
82.55,82.55,82.55,82.55,810399,2021-10-12 20:00:00,AEP
82.55,82.55,82.55,82.55,9979,2021-10-12 20:01:00,AEP
82.55,82.55,82.55,82.55,43381,2021-10-12 20:02:00,AEP
82.55,82.55,82.55,82.55,17957,2021-10-12 20:39:00,AEP
82.85,82.85,82.85,82.85,126,2021-10-13 11:21:00,AEP
82.526,82.526,82.526,82.526,176,2021-10-13 13:02:00,AEP
82.76,82.76,82.76,82.76,122,2021-10-13 13:13:00,AEP
82.98,83.07,82.98,83.07,955,2021-10-13 13:24:00,AEP
82.99,82.99,82.99,82.99,118,2021-10-13 13:26:00,AEP
82.62,82.62,82.62,82.62,237,2021-10-13 13:27:00,AEP
82.74,82.75,82.52,82.615,27808,2021-10-13 13:30:00,AEP
82.6595,82.85,82.6595,82.85,2900,2021-10-13 13:31:00,AEP
82.85,82.85,82.62,82.66,3358,2021-10-13 13:32:00,AEP
82.6401,82.6401,82.57,82.57,600,2021-10-13 13:33:00,AEP
82.54,82.57,82.445,82.47,3188,2021-10-13 13:34:00,AEP
82.47,82.59,82.46,82.59,9199,2021-10-13 13:35:00,AEP
82.66,82.66,82.61,82.61,2605,2021-10-13 13:36:00,AEP
82.535,82.55,82.505,82.515,7415,2021-10-13 13:37:00,AEP
82.5,82.52,82.42,82.45,2127,2021-10-13 13:38:00,AEP
82.44,82.526,82.41,82.52,3362,2021-10-13 13:39:00,AEP
82.51,82.52,82.44,82.44,4000,2021-10-13 13:40:00,AEP
82.4,82.45,82.35,82.39,3736,2021-10-13 13:41:00,AEP
82.37,82.39,82.31,82.31,2900,2021-10-13 13:42:00,AEP
82.3,82.33,82.29,82.29,1651,2021-10-13 13:43:00,AEP
82.29,82.31,82.29,82.3,400,2021-10-13 13:44:00,AEP
82.27,82.34,82.25,82.33,6722,2021-10-13 13:45:00,AEP
82.38,82.41,82.36,82.41,6940,2021-10-13 13:46:00,AEP
82.44,82.5,82.44,82.5,1303,2021-10-13 13:47:00,AEP
82.51,82.56,82.47,82.47,6863,2021-10-13 13:48:00,AEP
82.5,82.56,82.49,82.5,4180,2021-10-13 13:49:00,AEP
82.46,82.54,82.42,82.42,2738,2021-10-13 13:50:00,AEP
82.36,82.42,82.36,82.4,1801,2021-10-13 13:51:00,AEP
82.4,82.44,82.33,82.42,3245,2021-10-13 13:52:00,AEP
82.45,82.45,82.425,82.425,2333,2021-10-13 13:53:00,AEP
82.44,82.44,82.39,82.39,400,2021-10-13 13:54:00,AEP
82.36,82.41,82.35,82.38,4995,2021-10-13 13:55:00,AEP
82.38,82.4,82.33,82.35,6497,2021-10-13 13:56:00,AEP
82.4,82.43,82.37,82.41,1400,2021-10-13 13:57:00,AEP
82.3978,82.47,82.39,82.44,4919,2021-10-13 13:58:00,AEP
82.44,82.45,82.38,82.42,2228,2021-10-13 13:59:00,AEP
82.43,82.43,82.36,82.3735,3342,2021-10-13 14:00:00,AEP
82.38,82.38,82.23,82.23,1350,2021-10-13 14:01:00,AEP
82.2,82.2,82.12,82.12,3910,2021-10-13 14:02:00,AEP
82.15,82.16,82.1,82.115,1479,2021-10-13 14:03:00,AEP
82.16,82.1613,82.1,82.1,4679,2021-10-13 14:04:00,AEP
82.1,82.11,82.05,82.09,2250,2021-10-13 14:05:00,AEP
82.09,82.13,82.09,82.12,944,2021-10-13 14:06:00,AEP
82.145,82.145,82.12,82.12,817,2021-10-13 14:07:00,AEP
82.125,82.15,82.12,82.12,1965,2021-10-13 14:08:00,AEP
82.1,82.104,82.05,82.06,1870,2021-10-13 14:09:00,AEP
82.07,82.11,82.05,82.08,2604,2021-10-13 14:10:00,AEP
82.07,82.1,82.05,82.1,1700,2021-10-13 14:11:00,AEP
82.1,82.2,82.1,82.13,5624,2021-10-13 14:12:00,AEP
82.07,82.0901,82.07,82.085,536,2021-10-13 14:13:00,AEP
82.04,82.06,82.04,82.06,1003,2021-10-13 14:14:00,AEP
82.05,82.07,82.05,82.06,514,2021-10-13 14:15:00,AEP
82.04,82.1,82.04,82.07,1200,2021-10-13 14:16:00,AEP
82.06,82.065,82.03,82.04,1947,2021-10-13 14:17:00,AEP
82.02,82.03,81.97,81.97,8665,2021-10-13 14:18:00,AEP
81.99,82.026,81.99,81.99,820,2021-10-13 14:19:00,AEP
81.98,82.02,81.97,82.02,1013,2021-10-13 14:20:00,AEP
82.02,82.02,81.92,81.93,3504,2021-10-13 14:21:00,AEP
81.94,81.94,81.94,81.94,200,2021-10-13 14:22:00,AEP
81.96,81.96,81.891,81.91,2731,2021-10-13 14:23:00,AEP
81.91,81.98,81.91,81.97,1559,2021-10-13 14:24:00,AEP
81.985,82.0,81.9669,81.9669,800,2021-10-13 14:25:00,AEP
81.94,81.96,81.94,81.96,600,2021-10-13 14:26:00,AEP
81.93,81.96,81.93,81.95,1655,2021-10-13 14:27:00,AEP
81.92,81.92,81.85,81.86,5761,2021-10-13 14:28:00,AEP
81.88,81.925,81.86,81.91,1200,2021-10-13 14:29:00,AEP
81.94,82.01,81.94,81.95,2349,2021-10-13 14:30:00,AEP
81.97,81.98,81.9433,81.98,4711,2021-10-13 14:31:00,AEP
82.01,82.02,82.0,82.01,1558,2021-10-13 14:32:00,AEP
82.03,82.1,82.03,82.08,1169,2021-10-13 14:33:00,AEP
82.08,82.13,82.08,82.13,1500,2021-10-13 14:34:00,AEP
82.13,82.15,82.11,82.115,1622,2021-10-13 14:35:00,AEP
82.13,82.15,82.11,82.11,2062,2021-10-13 14:36:00,AEP
82.09,82.1,82.03,82.0497,4646,2021-10-13 14:37:00,AEP
82.035,82.1,82.035,82.1,731,2021-10-13 14:38:00,AEP
82.1,82.1,82.09,82.09,300,2021-10-13 14:39:00,AEP
82.07,82.08,82.06,82.07,1366,2021-10-13 14:40:00,AEP
82.03,82.04,82.03,82.04,501,2021-10-13 14:41:00,AEP
82.06,82.09,82.05,82.05,1514,2021-10-13 14:42:00,AEP
82.08,82.08,82.04,82.06,16568,2021-10-13 14:43:00,AEP
82.05,82.15,82.0401,82.15,3262,2021-10-13 14:44:00,AEP
82.15,82.16,82.14,82.158,1542,2021-10-13 14:45:00,AEP
82.18,82.18,82.105,82.12,12400,2021-10-13 14:46:00,AEP
82.1019,82.1267,82.1,82.1,2045,2021-10-13 14:47:00,AEP
82.1075,82.11,82.085,82.093,1412,2021-10-13 14:48:00,AEP
82.1,82.1,82.07,82.08,1620,2021-10-13 14:49:00,AEP
82.09,82.13,82.09,82.13,654,2021-10-13 14:50:00,AEP
82.14,82.14,82.12,82.12,617,2021-10-13 14:51:00,AEP
82.12,82.17,82.12,82.17,1180,2021-10-13 14:52:00,AEP
82.11,82.12,82.11,82.12,380,2021-10-13 14:53:00,AEP
82.13,82.13,82.09,82.09,812,2021-10-13 14:54:00,AEP
82.0957,82.11,82.06,82.1,3800,2021-10-13 14:55:00,AEP
82.12,82.12,82.11,82.12,1011,2021-10-13 14:56:00,AEP
82.14,82.15,82.125,82.15,500,2021-10-13 14:57:00,AEP
82.13,82.16,82.121,82.16,1178,2021-10-13 14:58:00,AEP
82.175,82.1754,82.15,82.15,2251,2021-10-13 14:59:00,AEP
82.13,82.15,82.12,82.13,1674,2021-10-13 15:00:00,AEP
82.15,82.18,82.12,82.13,2084,2021-10-13 15:01:00,AEP
82.14,82.15,82.109,82.11,4785,2021-10-13 15:02:00,AEP
82.12,82.12,82.095,82.11,520,2021-10-13 15:03:00,AEP
82.11,82.1345,82.1,82.1345,4318,2021-10-13 15:04:00,AEP
82.1,82.13,82.1,82.13,1461,2021-10-13 15:05:00,AEP
82.105,82.11,82.1,82.11,4550,2021-10-13 15:06:00,AEP
82.1,82.11,82.0873,82.11,1500,2021-10-13 15:07:00,AEP
82.1,82.1226,82.1,82.1226,528,2021-10-13 15:08:00,AEP
82.13,82.165,82.13,82.135,5729,2021-10-13 15:09:00,AEP
82.12,82.125,82.12,82.12,557,2021-10-13 15:10:00,AEP
82.13,82.15,82.13,82.14,1479,2021-10-13 15:11:00,AEP
82.15,82.19,82.14,82.14,2265,2021-10-13 15:12:00,AEP
82.17,82.185,82.16,82.185,3645,2021-10-13 15:13:00,AEP
82.17,82.18,82.16,82.17,2821,2021-10-13 15:14:00,AEP
82.17,82.18,82.15,82.15,9648,2021-10-13 15:15:00,AEP
82.14,82.15,82.1208,82.1208,1400,2021-10-13 15:16:00,AEP
82.14,82.2,82.14,82.1975,701,2021-10-13 15:17:00,AEP
82.19,82.2,82.15,82.16,7592,2021-10-13 15:18:00,AEP
82.16,82.17,82.13,82.16,3056,2021-10-13 15:19:00,AEP
82.16,82.165,82.16,82.16,1125,2021-10-13 15:20:00,AEP
82.15,82.15,82.14,82.14,300,2021-10-13 15:21:00,AEP
82.14,82.17,82.11,82.16,3277,2021-10-13 15:22:00,AEP
82.17,82.17,82.15,82.15,1100,2021-10-13 15:23:00,AEP
82.15,82.15,82.1308,82.14,2252,2021-10-13 15:24:00,AEP
82.13,82.13,82.11,82.11,2700,2021-10-13 15:25:00,AEP
82.13,82.13,82.11,82.11,680,2021-10-13 15:26:00,AEP
82.0971,82.1,82.0971,82.1,450,2021-10-13 15:27:00,AEP
82.1,82.13,82.1,82.12,1507,2021-10-13 15:28:00,AEP
82.14,82.165,82.13,82.165,600,2021-10-13 15:29:00,AEP
82.16,82.18,82.1284,82.18,3548,2021-10-13 15:30:00,AEP
82.165,82.185,82.16,82.185,3000,2021-10-13 15:31:00,AEP
82.2,82.22,82.19,82.19,2178,2021-10-13 15:32:00,AEP
82.2,82.21,82.165,82.165,4067,2021-10-13 15:33:00,AEP
82.165,82.185,82.16,82.18,7200,2021-10-13 15:34:00,AEP
82.175,82.21,82.16,82.21,2057,2021-10-13 15:35:00,AEP
82.215,82.22,82.19,82.19,4717,2021-10-13 15:36:00,AEP
82.19,82.19,82.16,82.175,20118,2021-10-13 15:37:00,AEP
82.18,82.18,82.16,82.175,13366,2021-10-13 15:38:00,AEP
82.175,82.22,82.175,82.19,10765,2021-10-13 15:39:00,AEP
82.19,82.22,82.19,82.21,14409,2021-10-13 15:40:00,AEP
82.225,82.25,82.225,82.23,6812,2021-10-13 15:41:00,AEP
82.23,82.25,82.21,82.25,9370,2021-10-13 15:42:00,AEP
82.26,82.34,82.26,82.34,8333,2021-10-13 15:43:00,AEP
82.4,82.4,82.365,82.365,2263,2021-10-13 15:44:00,AEP
82.38,82.4,82.38,82.4,2808,2021-10-13 15:45:00,AEP
82.4,82.41,82.39,82.41,5549,2021-10-13 15:46:00,AEP
82.415,82.445,82.415,82.445,2052,2021-10-13 15:47:00,AEP
82.45,82.47,82.45,82.47,4615,2021-10-13 15:48:00,AEP
82.47,82.51,82.45,82.495,4386,2021-10-13 15:49:00,AEP
82.46,82.48,82.46,82.475,900,2021-10-13 15:50:00,AEP
82.5,82.5,82.48,82.48,3554,2021-10-13 15:51:00,AEP
82.4894,82.505,82.47,82.5,4310,2021-10-13 15:52:00,AEP
82.51,82.52,82.5,82.51,1140,2021-10-13 15:53:00,AEP
82.52,82.53,82.515,82.515,700,2021-10-13 15:54:00,AEP
82.51,82.54,82.51,82.51,1593,2021-10-13 15:55:00,AEP
82.505,82.52,82.5,82.52,1050,2021-10-13 15:56:00,AEP
82.525,82.5262,82.47,82.475,1723,2021-10-13 15:57:00,AEP
82.47,82.47,82.4666,82.47,1051,2021-10-13 15:58:00,AEP
82.46,82.48,82.46,82.48,1228,2021-10-13 15:59:00,AEP
82.47,82.47,82.46,82.46,3830,2021-10-13 16:00:00,AEP
82.47,82.475,82.47,82.47,500,2021-10-13 16:01:00,AEP
82.47,82.52,82.47,82.51,1500,2021-10-13 16:02:00,AEP
82.51,82.515,82.51,82.515,548,2021-10-13 16:03:00,AEP
82.52,82.525,82.51,82.525,2155,2021-10-13 16:04:00,AEP
82.54,82.54,82.54,82.54,600,2021-10-13 16:05:00,AEP
82.54,82.54,82.51,82.52,2200,2021-10-13 16:06:00,AEP
82.52,82.53,82.52,82.52,500,2021-10-13 16:07:00,AEP
82.525,82.525,82.5118,82.515,930,2021-10-13 16:08:00,AEP
82.51,82.545,82.51,82.545,2100,2021-10-13 16:09:00,AEP
82.54,82.54,82.53,82.535,1341,2021-10-13 16:10:00,AEP
82.535,82.54,82.51,82.52,1981,2021-10-13 16:11:00,AEP
82.535,82.535,82.53,82.535,1178,2021-10-13 16:12:00,AEP
82.535,82.54,82.531,82.531,1143,2021-10-13 16:13:00,AEP
82.541,82.545,82.54,82.54,917,2021-10-13 16:14:00,AEP
82.535,82.54,82.53,82.54,1800,2021-10-13 16:15:00,AEP
82.53,82.53,82.51,82.52,1298,2021-10-13 16:16:00,AEP
82.53,82.54,82.525,82.54,3185,2021-10-13 16:17:00,AEP
82.55,82.59,82.55,82.59,2450,2021-10-13 16:18:00,AEP
82.595,82.605,82.595,82.6,979,2021-10-13 16:19:00,AEP
82.63,82.64,82.63,82.64,600,2021-10-13 16:20:00,AEP
82.635,82.645,82.635,82.645,1000,2021-10-13 16:21:00,AEP
82.665,82.67,82.6631,82.6631,550,2021-10-13 16:22:00,AEP
82.67,82.6786,82.65,82.66,2077,2021-10-13 16:23:00,AEP
82.66,82.66,82.63,82.64,1463,2021-10-13 16:24:00,AEP
82.6599,82.6599,82.64,82.645,685,2021-10-13 16:25:00,AEP
82.65,82.68,82.645,82.67,1272,2021-10-13 16:26:00,AEP
82.67,82.67,82.66,82.66,900,2021-10-13 16:27:00,AEP
82.6626,82.6626,82.6499,82.6499,1536,2021-10-13 16:28:00,AEP
82.6457,82.665,82.63,82.66,1300,2021-10-13 16:29:00,AEP
82.63,82.63,82.59,82.59,3293,2021-10-13 16:30:00,AEP
82.58,82.58,82.555,82.555,921,2021-10-13 16:31:00,AEP
82.55,82.55,82.54,82.55,2026,2021-10-13 16:32:00,AEP
82.55,82.555,82.54,82.54,1704,2021-10-13 16:33:00,AEP
82.54,82.54,82.54,82.54,460,2021-10-13 16:34:00,AEP
82.555,82.56,82.55,82.56,2300,2021-10-13 16:35:00,AEP
82.56,82.58,82.56,82.58,1700,2021-10-13 16:36:00,AEP
82.6,82.62,82.6,82.62,1000,2021-10-13 16:37:00,AEP
82.64,82.64,82.635,82.635,701,2021-10-13 16:38:00,AEP
82.64,82.66,82.63,82.6336,2390,2021-10-13 16:39:00,AEP
82.64,82.64,82.64,82.64,1309,2021-10-13 16:40:00,AEP
82.645,82.645,82.635,82.635,637,2021-10-13 16:41:00,AEP
82.64,82.65,82.62,82.62,2242,2021-10-13 16:42:00,AEP
82.63,82.67,82.63,82.655,1088,2021-10-13 16:43:00,AEP
82.6623,82.6623,82.66,82.66,1600,2021-10-13 16:44:00,AEP
82.66,82.66,82.65,82.65,200,2021-10-13 16:45:00,AEP
82.64,82.6639,82.64,82.6639,800,2021-10-13 16:46:00,AEP
82.65,82.69,82.65,82.68,1546,2021-10-13 16:47:00,AEP
82.67,82.68,82.67,82.68,200,2021-10-13 16:48:00,AEP
82.66,82.67,82.64,82.64,500,2021-10-13 16:49:00,AEP
82.64,82.64,82.63,82.63,800,2021-10-13 16:50:00,AEP
82.625,82.625,82.6,82.61,1165,2021-10-13 16:51:00,AEP
82.615,82.615,82.59,82.595,1451,2021-10-13 16:52:00,AEP
82.61,82.61,82.5882,82.59,420,2021-10-13 16:53:00,AEP
82.595,82.6154,82.595,82.61,400,2021-10-13 16:54:00,AEP
82.62,82.625,82.62,82.625,300,2021-10-13 16:55:00,AEP
82.63,82.64,82.615,82.62,1426,2021-10-13 16:56:00,AEP
82.625,82.625,82.62,82.62,400,2021-10-13 16:57:00,AEP
82.615,82.64,82.605,82.61,3000,2021-10-13 16:58:00,AEP
82.6136,82.63,82.6136,82.63,600,2021-10-13 16:59:00,AEP
82.61,82.63,82.6,82.61,700,2021-10-13 17:00:00,AEP
82.6,82.6,82.58,82.58,518,2021-10-13 17:01:00,AEP
82.57,82.62,82.57,82.62,2624,2021-10-13 17:02:00,AEP
82.635,82.68,82.635,82.67,4126,2021-10-13 17:03:00,AEP
82.66,82.66,82.63,82.66,1766,2021-10-13 17:04:00,AEP
82.66,82.667,82.6536,82.6536,1198,2021-10-13 17:05:00,AEP
82.66,82.66,82.635,82.64,1311,2021-10-13 17:06:00,AEP
82.645,82.6677,82.645,82.66,1766,2021-10-13 17:07:00,AEP
82.64,82.65,82.64,82.64,400,2021-10-13 17:08:00,AEP
82.63,82.65,82.62,82.65,1989,2021-10-13 17:09:00,AEP
82.641,82.67,82.641,82.67,931,2021-10-13 17:10:00,AEP
82.66,82.66,82.635,82.635,300,2021-10-13 17:11:00,AEP
82.635,82.7,82.625,82.7,1901,2021-10-13 17:12:00,AEP
82.71,82.72,82.71,82.72,405,2021-10-13 17:13:00,AEP
82.73,82.74,82.725,82.73,748,2021-10-13 17:14:00,AEP
82.73,82.73,82.73,82.73,100,2021-10-13 17:15:00,AEP
82.735,82.735,82.715,82.715,200,2021-10-13 17:16:00,AEP
82.72,82.74,82.715,82.74,1076,2021-10-13 17:17:00,AEP
82.75,82.76,82.75,82.76,921,2021-10-13 17:18:00,AEP
82.76,82.775,82.76,82.775,1419,2021-10-13 17:19:00,AEP
82.79,82.82,82.7832,82.81,4704,2021-10-13 17:20:00,AEP
82.82,82.82,82.78,82.78,1600,2021-10-13 17:21:00,AEP
82.79,82.79,82.77,82.775,1420,2021-10-13 17:22:00,AEP
82.78,82.79,82.78,82.7899,1041,2021-10-13 17:23:00,AEP
82.785,82.85,82.785,82.84,2851,2021-10-13 17:24:00,AEP
82.84,82.84,82.805,82.81,1237,2021-10-13 17:25:00,AEP
82.82,82.85,82.82,82.84,694,2021-10-13 17:26:00,AEP
82.845,82.85,82.84,82.85,1356,2021-10-13 17:27:00,AEP
82.87,82.88,82.855,82.86,1744,2021-10-13 17:28:00,AEP
82.855,82.875,82.855,82.87,986,2021-10-13 17:29:00,AEP
82.88,82.93,82.88,82.92,4418,2021-10-13 17:30:00,AEP
82.925,82.99,82.925,82.97,3808,2021-10-13 17:31:00,AEP
82.95,82.95,82.93,82.94,2347,2021-10-13 17:32:00,AEP
82.94,82.96,82.925,82.9292,2021,2021-10-13 17:33:00,AEP
82.93,82.935,82.93,82.935,932,2021-10-13 17:34:00,AEP
82.92,82.9478,82.915,82.9478,1840,2021-10-13 17:35:00,AEP
82.955,82.98,82.955,82.97,2400,2021-10-13 17:36:00,AEP
82.97,83.02,82.97,83.02,1804,2021-10-13 17:37:00,AEP
83.03,83.03,83.02,83.03,1562,2021-10-13 17:38:00,AEP
83.02,83.02,83.0,83.0,2300,2021-10-13 17:39:00,AEP
83.02,83.02,83.01,83.01,300,2021-10-13 17:40:00,AEP
83.0083,83.0083,83.0,83.0,400,2021-10-13 17:41:00,AEP
83.01,83.023,83.01,83.02,1942,2021-10-13 17:42:00,AEP
83.02,83.02,82.995,82.995,500,2021-10-13 17:43:00,AEP
82.99,83.01,82.99,83.01,859,2021-10-13 17:44:00,AEP
83.01,83.01,83.01,83.01,856,2021-10-13 17:45:00,AEP
83.02,83.04,83.015,83.04,1946,2021-10-13 17:46:00,AEP
83.03,83.03,82.985,83.01,3134,2021-10-13 17:47:00,AEP
83.0233,83.0233,83.02,83.022,585,2021-10-13 17:48:00,AEP
83.03,83.04,83.03,83.04,1534,2021-10-13 17:49:00,AEP
83.04,83.04,83.005,83.005,1356,2021-10-13 17:50:00,AEP
83.008,83.03,83.005,83.03,1580,2021-10-13 17:51:00,AEP
83.04,83.07,83.04,83.06,2196,2021-10-13 17:52:00,AEP
83.05,83.07,83.05,83.07,600,2021-10-13 17:53:00,AEP
83.06,83.0672,83.055,83.06,1328,2021-10-13 17:54:00,AEP
83.07,83.0783,83.06,83.06,1605,2021-10-13 17:55:00,AEP
83.08,83.1,83.08,83.09,1101,2021-10-13 17:56:00,AEP
83.09,83.1,83.08,83.08,1703,2021-10-13 17:57:00,AEP
83.075,83.08,83.07,83.07,2836,2021-10-13 17:58:00,AEP
83.07,83.08,83.02,83.03,2711,2021-10-13 17:59:00,AEP
83.04,83.04,82.99,83.01,3815,2021-10-13 18:00:00,AEP
83.0098,83.21,83.0001,83.18,6422,2021-10-13 18:01:00,AEP
83.18,83.18,83.13,83.13,2940,2021-10-13 18:02:00,AEP
83.13,83.18,83.06,83.07,5913,2021-10-13 18:03:00,AEP
83.11,83.13,83.08,83.09,2472,2021-10-13 18:04:00,AEP
83.11,83.11,83.1,83.1,1178,2021-10-13 18:05:00,AEP
83.1,83.12,83.09,83.09,1990,2021-10-13 18:06:00,AEP
83.08,83.08,82.9855,82.99,3724,2021-10-13 18:07:00,AEP
82.99,83.03,82.975,82.975,2555,2021-10-13 18:08:00,AEP
82.975,83.05,82.975,83.05,1651,2021-10-13 18:09:00,AEP
83.02,83.075,83.02,83.075,1784,2021-10-13 18:10:00,AEP
83.12,83.12,83.1,83.1,800,2021-10-13 18:11:00,AEP
83.11,83.13,83.11,83.13,694,2021-10-13 18:12:00,AEP
83.13,83.16,83.125,83.14,1751,2021-10-13 18:13:00,AEP
83.16,83.18,83.16,83.18,617,2021-10-13 18:14:00,AEP
83.2,83.2,83.15,83.17,2454,2021-10-13 18:15:00,AEP
83.17,83.17,83.11,83.16,3250,2021-10-13 18:16:00,AEP
83.165,83.17,83.11,83.11,3277,2021-10-13 18:17:00,AEP
83.12,83.16,83.12,83.16,2067,2021-10-13 18:18:00,AEP
83.18,83.18,83.13,83.15,1956,2021-10-13 18:19:00,AEP
83.17,83.2,83.17,83.195,2300,2021-10-13 18:20:00,AEP
83.2,83.2,83.18,83.18,1514,2021-10-13 18:21:00,AEP
83.18,83.2,83.1575,83.19,2577,2021-10-13 18:22:00,AEP
83.19,83.2,83.18,83.1901,1820,2021-10-13 18:23:00,AEP
83.209,83.21,83.18,83.18,3041,2021-10-13 18:24:00,AEP
83.17,83.185,83.16,83.18,1634,2021-10-13 18:25:00,AEP
83.2,83.2,83.15,83.15,1100,2021-10-13 18:26:00,AEP
83.16,83.1783,83.13,83.165,4239,2021-10-13 18:27:00,AEP
83.165,83.185,83.15,83.15,2596,2021-10-13 18:28:00,AEP
83.16,83.17,83.14,83.15,4180,2021-10-13 18:29:00,AEP
83.15,83.16,83.15,83.16,2412,2021-10-13 18:30:00,AEP
83.15,83.15,83.12,83.14,1763,2021-10-13 18:31:00,AEP
83.12,83.12,83.09,83.105,4727,2021-10-13 18:32:00,AEP
83.1,83.11,83.07,83.07,2576,2021-10-13 18:33:00,AEP
83.06,83.095,83.06,83.07,4157,2021-10-13 18:34:00,AEP
83.08,83.1,83.06,83.07,1248,2021-10-13 18:35:00,AEP
83.06,83.09,83.05,83.06,2919,2021-10-13 18:36:00,AEP
83.06,83.075,83.06,83.07,1611,2021-10-13 18:37:00,AEP
83.07,83.08,83.06,83.07,2167,2021-10-13 18:38:00,AEP
83.065,83.07,83.03,83.03,1393,2021-10-13 18:39:00,AEP
83.04,83.04,83.01,83.015,1596,2021-10-13 18:40:00,AEP
83.015,83.015,83.0,83.015,4801,2021-10-13 18:41:00,AEP
83.01,83.01,82.975,82.98,3904,2021-10-13 18:42:00,AEP
82.975,83.005,82.97,82.98,4554,2021-10-13 18:43:00,AEP
82.97,83.0,82.97,82.99,2000,2021-10-13 18:44:00,AEP
82.999,83.03,82.999,83.03,3748,2021-10-13 18:45:00,AEP
83.03,83.06,83.01,83.06,3070,2021-10-13 18:46:00,AEP
83.07,83.12,83.07,83.09,4299,2021-10-13 18:47:00,AEP
83.09,83.09,83.08,83.08,1863,2021-10-13 18:48:00,AEP
83.09,83.09,83.07,83.07,1100,2021-10-13 18:49:00,AEP
83.075,83.11,83.075,83.11,1319,2021-10-13 18:50:00,AEP
83.12,83.14,83.12,83.135,1600,2021-10-13 18:51:00,AEP
83.14,83.14,83.125,83.13,2368,2021-10-13 18:52:00,AEP
83.14,83.155,83.12,83.125,2806,2021-10-13 18:53:00,AEP
83.13,83.155,83.125,83.15,1498,2021-10-13 18:54:00,AEP
83.13,83.15,83.12,83.12,3220,2021-10-13 18:55:00,AEP
83.125,83.14,83.125,83.13,2885,2021-10-13 18:56:00,AEP
83.12,83.12,83.06,83.09,3223,2021-10-13 18:57:00,AEP
83.09,83.095,83.075,83.08,3016,2021-10-13 18:58:00,AEP
83.085,83.085,83.085,83.085,300,2021-10-13 18:59:00,AEP
83.085,83.1,83.055,83.09,6518,2021-10-13 19:00:00,AEP
83.085,83.09,83.05,83.05,4150,2021-10-13 19:01:00,AEP
83.06,83.08,83.04,83.04,2208,2021-10-13 19:02:00,AEP
83.03,83.03,82.99,82.99,3340,2021-10-13 19:03:00,AEP
82.975,82.98,82.97,82.975,1800,2021-10-13 19:04:00,AEP
82.97,83.01,82.96,82.995,2523,2021-10-13 19:05:00,AEP
83.02,83.07,83.02,83.07,1800,2021-10-13 19:06:00,AEP
83.065,83.1,83.065,83.1,2200,2021-10-13 19:07:00,AEP
83.1,83.13,83.085,83.1,3477,2021-10-13 19:08:00,AEP
83.12,83.15,83.11,83.15,1474,2021-10-13 19:09:00,AEP
83.14,83.15,83.13,83.14,2095,2021-10-13 19:10:00,AEP
83.15,83.17,83.13,83.14,5442,2021-10-13 19:11:00,AEP
83.135,83.135,83.09,83.12,4114,2021-10-13 19:12:00,AEP
83.11,83.11,83.095,83.1,1400,2021-10-13 19:13:00,AEP
83.1,83.11,83.1,83.11,1700,2021-10-13 19:14:00,AEP
83.12,83.17,83.115,83.155,4440,2021-10-13 19:15:00,AEP
83.16,83.16,83.15,83.15,3281,2021-10-13 19:16:00,AEP
83.15,83.19,83.15,83.17,3517,2021-10-13 19:17:00,AEP
83.175,83.215,83.17,83.2,3000,2021-10-13 19:18:00,AEP
83.205,83.205,83.15,83.17,5319,2021-10-13 19:19:00,AEP
83.165,83.195,83.165,83.1815,1906,2021-10-13 19:20:00,AEP
83.18,83.215,83.17,83.215,3036,2021-10-13 19:21:00,AEP
83.21,83.21,83.2,83.205,2079,2021-10-13 19:22:00,AEP
83.2,83.2,83.17,83.175,2457,2021-10-13 19:23:00,AEP
83.17,83.19,83.14,83.19,4421,2021-10-13 19:24:00,AEP
83.18,83.18,83.14,83.155,2000,2021-10-13 19:25:00,AEP
83.1532,83.21,83.1532,83.205,3488,2021-10-13 19:26:00,AEP
83.21,83.225,83.21,83.22,1438,2021-10-13 19:27:00,AEP
83.22,83.25,83.22,83.24,1399,2021-10-13 19:28:00,AEP
83.24,83.25,83.23,83.235,3891,2021-10-13 19:29:00,AEP
83.23,83.23,83.1515,83.175,8877,2021-10-13 19:30:00,AEP
83.175,83.19,83.175,83.175,8074,2021-10-13 19:31:00,AEP
83.175,83.185,83.1,83.1,7780,2021-10-13 19:32:00,AEP
83.11,83.125,83.1,83.125,6931,2021-10-13 19:33:00,AEP
83.12,83.125,83.1,83.12,5761,2021-10-13 19:34:00,AEP
83.1162,83.14,83.115,83.125,9535,2021-10-13 19:35:00,AEP
83.125,83.14,83.125,83.125,6080,2021-10-13 19:36:00,AEP
83.125,83.145,83.125,83.145,6148,2021-10-13 19:37:00,AEP
83.145,83.16,83.12,83.12,6119,2021-10-13 19:38:00,AEP
83.12,83.125,83.09,83.12,4274,2021-10-13 19:39:00,AEP
83.11,83.145,83.11,83.135,5576,2021-10-13 19:40:00,AEP
83.13,83.14,83.125,83.135,4962,2021-10-13 19:41:00,AEP
83.135,83.135,83.095,83.11,3800,2021-10-13 19:42:00,AEP
83.12,83.135,83.1,83.11,5200,2021-10-13 19:43:00,AEP
83.11,83.1402,83.11,83.1402,3794,2021-10-13 19:44:00,AEP
83.14,83.1535,83.12,83.1535,3460,2021-10-13 19:45:00,AEP
83.16,83.21,83.16,83.21,3500,2021-10-13 19:46:00,AEP
83.21,83.215,83.19,83.19,3816,2021-10-13 19:47:00,AEP
83.205,83.21,83.18,83.185,3692,2021-10-13 19:48:00,AEP
83.175,83.21,83.175,83.21,5781,2021-10-13 19:49:00,AEP
83.21,83.32,83.2,83.32,14886,2021-10-13 19:50:00,AEP
83.32,83.4,83.305,83.4,9706,2021-10-13 19:51:00,AEP
83.395,83.42,83.38,83.38,12137,2021-10-13 19:52:00,AEP
83.3778,83.41,83.37,83.39,8210,2021-10-13 19:53:00,AEP
83.4,83.49,83.4,83.46,14584,2021-10-13 19:54:00,AEP
83.47,83.47,83.41,83.42,15714,2021-10-13 19:55:00,AEP
83.425,83.46,83.41,83.44,13208,2021-10-13 19:56:00,AEP
83.445,83.445,83.38,83.44,22063,2021-10-13 19:57:00,AEP
83.435,83.46,83.39,83.46,28521,2021-10-13 19:58:00,AEP
83.45,83.52,83.43,83.47,57019,2021-10-13 19:59:00,AEP
83.46,83.46,83.46,83.46,407150,2021-10-13 20:00:00,AEP
83.46,83.46,83.46,83.46,27790,2021-10-13 20:01:00,AEP
83.46,83.46,83.46,83.46,2313,2021-10-13 20:05:00,AEP
83.97,84.18,83.97,84.18,1193,2021-10-14 13:27:00,AEP
83.91,83.95,83.69,83.7931,23498,2021-10-14 13:30:00,AEP
83.77,83.77,83.55,83.57,1800,2021-10-14 13:31:00,AEP
83.52,83.67,83.5178,83.67,2600,2021-10-14 13:32:00,AEP
83.66,83.7,83.66,83.6999,1400,2021-10-14 13:33:00,AEP
83.685,83.77,83.67,83.71,4693,2021-10-14 13:34:00,AEP
83.71,83.71,83.575,83.575,1000,2021-10-14 13:35:00,AEP
83.6,83.7,83.6,83.68,5750,2021-10-14 13:36:00,AEP
83.685,83.78,83.685,83.75,1413,2021-10-14 13:37:00,AEP
83.76,83.76,83.69,83.69,1600,2021-10-14 13:38:00,AEP
83.69,83.8,83.69,83.78,2166,2021-10-14 13:39:00,AEP
83.8151,83.9,83.78,83.78,2879,2021-10-14 13:40:00,AEP
83.781,83.83,83.765,83.8,2530,2021-10-14 13:41:00,AEP
83.79,83.81,83.76,83.79,1169,2021-10-14 13:42:00,AEP
83.755,83.82,83.755,83.82,3408,2021-10-14 13:43:00,AEP
83.82,83.82,83.73,83.75,1160,2021-10-14 13:44:00,AEP
83.76,83.8,83.71,83.71,16640,2021-10-14 13:45:00,AEP
83.7,83.72,83.66,83.72,4110,2021-10-14 13:46:00,AEP
83.73,83.78,83.7,83.77,19142,2021-10-14 13:47:00,AEP
83.76,83.79,83.69,83.69,6846,2021-10-14 13:48:00,AEP
83.7,83.71,83.66,83.68,7686,2021-10-14 13:49:00,AEP
83.65,83.74,83.62,83.62,11017,2021-10-14 13:50:00,AEP
83.665,83.72,83.64,83.72,4100,2021-10-14 13:51:00,AEP
83.74,83.76,83.645,83.675,6145,2021-10-14 13:52:00,AEP
83.65,83.66,83.64,83.65,2302,2021-10-14 13:53:00,AEP
83.67,83.75,83.66,83.75,4182,2021-10-14 13:54:00,AEP
83.78,83.78,83.705,83.715,6296,2021-10-14 13:55:00,AEP
83.72,83.74,83.69,83.7,11056,2021-10-14 13:56:00,AEP
83.69,83.69,83.66,83.67,2439,2021-10-14 13:57:00,AEP
83.6877,83.7,83.6476,83.69,1950,2021-10-14 13:58:00,AEP
83.71,83.725,83.7,83.7,1320,2021-10-14 13:59:00,AEP
83.7,83.84,83.695,83.83,1663,2021-10-14 14:00:00,AEP
83.845,83.89,83.83,83.84,3356,2021-10-14 14:01:00,AEP
83.84,83.905,83.84,83.86,4065,2021-10-14 14:02:00,AEP
83.86,83.87,83.81,83.81,3093,2021-10-14 14:03:00,AEP
83.8,83.82,83.78,83.815,2873,2021-10-14 14:04:00,AEP
83.815,83.815,83.75,83.765,5873,2021-10-14 14:05:00,AEP
83.765,83.77,83.7,83.7,8501,2021-10-14 14:06:00,AEP
83.68,83.68,83.665,83.6695,4063,2021-10-14 14:07:00,AEP
83.67,83.67,83.645,83.65,1227,2021-10-14 14:08:00,AEP
83.65,83.7,83.65,83.695,1043,2021-10-14 14:09:00,AEP
83.69,83.69,83.64,83.64,1720,2021-10-14 14:10:00,AEP
83.66,83.69,83.64,83.69,2223,2021-10-14 14:11:00,AEP
83.7,83.74,83.66,83.74,1361,2021-10-14 14:12:00,AEP
83.76,83.825,83.76,83.805,2953,2021-10-14 14:13:00,AEP
83.81,83.85,83.79,83.85,2874,2021-10-14 14:14:00,AEP
83.83,83.87,83.82,83.83,6034,2021-10-14 14:15:00,AEP
83.8,83.81,83.74,83.76,8795,2021-10-14 14:16:00,AEP
83.74,83.75,83.69,83.72,6061,2021-10-14 14:17:00,AEP
83.72,83.72,83.685,83.72,3943,2021-10-14 14:18:00,AEP
83.725,83.725,83.69,83.695,3749,2021-10-14 14:19:00,AEP
83.71,83.74,83.68,83.705,5959,2021-10-14 14:20:00,AEP
83.69,83.72,83.69,83.7,656,2021-10-14 14:21:00,AEP
83.71,83.74,83.705,83.73,4041,2021-10-14 14:22:00,AEP
83.735,83.75,83.665,83.69,10139,2021-10-14 14:23:00,AEP
83.7,83.74,83.695,83.715,5680,2021-10-14 14:24:00,AEP
83.715,83.715,83.64,83.655,6221,2021-10-14 14:25:00,AEP
83.65,83.65,83.64,83.6409,528,2021-10-14 14:26:00,AEP
83.66,83.7,83.66,83.7,2140,2021-10-14 14:27:00,AEP
83.7,83.7,83.69,83.7,1208,2021-10-14 14:28:00,AEP
83.7,83.705,83.6845,83.705,1511,2021-10-14 14:29:00,AEP
83.68,83.75,83.67,83.74,9949,2021-10-14 14:30:00,AEP
83.74,83.75,83.715,83.745,2970,2021-10-14 14:31:00,AEP
83.735,83.82,83.735,83.815,1542,2021-10-14 14:32:00,AEP
83.82,83.83,83.785,83.785,3874,2021-10-14 14:33:00,AEP
83.77,83.77,83.7,83.7,1473,2021-10-14 14:34:00,AEP
83.67,83.67,83.6,83.6,3864,2021-10-14 14:35:00,AEP
83.595,83.64,83.595,83.625,1945,2021-10-14 14:36:00,AEP
83.63,83.68,83.63,83.655,5698,2021-10-14 14:37:00,AEP
83.66,83.6851,83.66,83.6851,458,2021-10-14 14:38:00,AEP
83.69,83.69,83.61,83.61,1327,2021-10-14 14:39:00,AEP
83.65,83.69,83.65,83.69,932,2021-10-14 14:40:00,AEP
83.675,83.69,83.665,83.665,1801,2021-10-14 14:41:00,AEP
83.665,83.67,83.65,83.6588,3600,2021-10-14 14:42:00,AEP
83.65,83.66,83.6,83.605,2251,2021-10-14 14:43:00,AEP
83.61,83.61,83.54,83.54,2301,2021-10-14 14:44:00,AEP
83.5414,83.64,83.5414,83.64,1173,2021-10-14 14:45:00,AEP
83.65,83.65,83.63,83.63,651,2021-10-14 14:46:00,AEP
83.66,83.71,83.66,83.7,1517,2021-10-14 14:47:00,AEP
83.69,83.7,83.66,83.7,3651,2021-10-14 14:48:00,AEP
83.69,83.7,83.68,83.69,3946,2021-10-14 14:49:00,AEP
83.68,83.68,83.64,83.65,2967,2021-10-14 14:50:00,AEP
83.65,83.69,83.65,83.67,863,2021-10-14 14:51:00,AEP
83.68,83.71,83.675,83.68,1682,2021-10-14 14:52:00,AEP
83.674,83.674,83.65,83.67,620,2021-10-14 14:53:00,AEP
83.67,83.68,83.655,83.655,1454,2021-10-14 14:54:00,AEP
83.65,83.67,83.63,83.67,2073,2021-10-14 14:55:00,AEP
83.67,83.68,83.66,83.66,1871,2021-10-14 14:56:00,AEP
83.67,83.69,83.64,83.69,9285,2021-10-14 14:57:00,AEP
83.7237,83.73,83.67,83.68,8514,2021-10-14 14:58:00,AEP
83.68,83.73,83.68,83.71,44107,2021-10-14 14:59:00,AEP
83.72,83.84,83.72,83.8,6805,2021-10-14 15:00:00,AEP
83.78,83.79,83.74,83.74,4236,2021-10-14 15:01:00,AEP
83.75,83.75,83.695,83.71,8769,2021-10-14 15:02:00,AEP
83.73,83.75,83.7,83.7119,7801,2021-10-14 15:03:00,AEP
83.7,83.71,83.7,83.7,700,2021-10-14 15:04:00,AEP
83.71,83.805,83.71,83.79,2801,2021-10-14 15:05:00,AEP
83.78,83.86,83.755,83.855,26811,2021-10-14 15:06:00,AEP
83.88,83.91,83.88,83.9,3114,2021-10-14 15:07:00,AEP
83.8815,83.9,83.86,83.86,786,2021-10-14 15:08:00,AEP
83.84,83.84,83.81,83.8298,1902,2021-10-14 15:09:00,AEP
83.82,83.82,83.76,83.79,1456,2021-10-14 15:10:00,AEP
83.81,83.83,83.8,83.8,1688,2021-10-14 15:11:00,AEP
83.8,83.81,83.8,83.805,506,2021-10-14 15:12:00,AEP
83.76,83.76,83.73,83.73,2530,2021-10-14 15:13:00,AEP
83.715,83.72,83.7,83.7069,1787,2021-10-14 15:14:00,AEP
83.7,83.7,83.695,83.695,715,2021-10-14 15:15:00,AEP
83.69,83.69,83.64,83.67,2771,2021-10-14 15:16:00,AEP
83.655,83.67,83.645,83.645,1695,2021-10-14 15:17:00,AEP
83.64,83.67,83.63,83.67,1300,2021-10-14 15:18:00,AEP
83.65,83.65,83.64,83.65,400,2021-10-14 15:19:00,AEP
83.67,83.69,83.665,83.665,865,2021-10-14 15:20:00,AEP
83.67,83.695,83.67,83.69,1119,2021-10-14 15:21:00,AEP
83.7,83.7,83.695,83.695,950,2021-10-14 15:22:00,AEP
83.707,83.71,83.698,83.7,1400,2021-10-14 15:23:00,AEP
83.73,83.77,83.685,83.685,1360,2021-10-14 15:24:00,AEP
83.7,83.7,83.68,83.7,1356,2021-10-14 15:25:00,AEP
83.73,83.73,83.71,83.72,1100,2021-10-14 15:26:00,AEP
83.72,83.72,83.7035,83.7035,530,2021-10-14 15:27:00,AEP
83.7,83.71,83.69,83.71,1300,2021-10-14 15:28:00,AEP
83.72,83.72,83.72,83.72,751,2021-10-14 15:29:00,AEP
83.75,83.78,83.745,83.75,2190,2021-10-14 15:30:00,AEP
83.75,83.7519,83.7086,83.7086,3774,2021-10-14 15:31:00,AEP
83.72,83.75,83.72,83.75,1865,2021-10-14 15:32:00,AEP
83.745,83.76,83.73,83.735,3950,2021-10-14 15:33:00,AEP
83.74,83.8,83.74,83.78,1019,2021-10-14 15:34:00,AEP
83.77,83.77,83.735,83.755,2752,2021-10-14 15:35:00,AEP
83.76,83.785,83.72,83.72,4148,2021-10-14 15:36:00,AEP
83.69,83.73,83.69,83.73,648,2021-10-14 15:37:00,AEP
83.74,83.74,83.71,83.71,1557,2021-10-14 15:38:00,AEP
83.71,83.71,83.6807,83.6807,1733,2021-10-14 15:39:00,AEP
83.65,83.67,83.63,83.63,3800,2021-10-14 15:40:00,AEP
83.61,83.63,83.6,83.63,2372,2021-10-14 15:41:00,AEP
83.62,83.6208,83.605,83.62,1821,2021-10-14 15:42:00,AEP
83.63,83.63,83.62,83.62,900,2021-10-14 15:43:00,AEP
83.635,83.64,83.59,83.6,1748,2021-10-14 15:44:00,AEP
83.6,83.61,83.59,83.61,1900,2021-10-14 15:45:00,AEP
83.6,83.63,83.6,83.61,3100,2021-10-14 15:46:00,AEP
83.62,83.63,83.61,83.61,1449,2021-10-14 15:47:00,AEP
83.63,83.63,83.57,83.58,3241,2021-10-14 15:48:00,AEP
83.6,83.62,83.6,83.6,1100,2021-10-14 15:49:00,AEP
83.62,83.63,83.6,83.6,1700,2021-10-14 15:50:00,AEP
83.61,83.63,83.61,83.63,500,2021-10-14 15:51:00,AEP
83.6499,83.6499,83.62,83.62,830,2021-10-14 15:52:00,AEP
83.6,83.6,83.6,83.6,100,2021-10-14 15:53:00,AEP
83.595,83.61,83.59,83.61,500,2021-10-14 15:54:00,AEP
83.605,83.62,83.605,83.62,568,2021-10-14 15:55:00,AEP
83.62,83.64,83.62,83.64,2373,2021-10-14 15:56:00,AEP
83.65,83.66,83.6402,83.6423,1086,2021-10-14 15:57:00,AEP
83.645,83.71,83.645,83.69,2200,2021-10-14 15:58:00,AEP
83.69,83.71,83.69,83.69,1600,2021-10-14 15:59:00,AEP
83.69,83.73,83.69,83.72,2080,2021-10-14 16:00:00,AEP
83.73,83.79,83.73,83.79,1553,2021-10-14 16:01:00,AEP
83.78,83.78,83.76,83.76,807,2021-10-14 16:02:00,AEP
83.76,83.76,83.73,83.74,1600,2021-10-14 16:03:00,AEP
83.73,83.73,83.7142,83.73,3900,2021-10-14 16:04:00,AEP
83.73,83.7509,83.73,83.75,2300,2021-10-14 16:05:00,AEP
83.75,83.76,83.73,83.73,1718,2021-10-14 16:06:00,AEP
83.74,83.74,83.72,83.72,1158,2021-10-14 16:07:00,AEP
83.71,83.75,83.71,83.75,1200,2021-10-14 16:08:00,AEP
83.76,83.77,83.74,83.75,4801,2021-10-14 16:09:00,AEP
83.76,83.79,83.76,83.79,3650,2021-10-14 16:10:00,AEP
83.75,83.76,83.74,83.755,1000,2021-10-14 16:11:00,AEP
83.76,83.77,83.75,83.755,4470,2021-10-14 16:12:00,AEP
83.76,83.83,83.76,83.825,2882,2021-10-14 16:13:00,AEP
83.82,83.85,83.82,83.84,577,2021-10-14 16:14:00,AEP
83.82,83.82,83.805,83.805,600,2021-10-14 16:15:00,AEP
83.8,83.8,83.78,83.79,1300,2021-10-14 16:17:00,AEP
83.81,83.84,83.805,83.82,5100,2021-10-14 16:18:00,AEP
83.8,83.8,83.77,83.79,1340,2021-10-14 16:19:00,AEP
83.795,83.815,83.795,83.815,800,2021-10-14 16:20:00,AEP
83.81,83.82,83.805,83.82,1643,2021-10-14 16:21:00,AEP
83.82,83.82,83.8,83.801,962,2021-10-14 16:22:00,AEP
83.805,83.83,83.805,83.83,2664,2021-10-14 16:23:00,AEP
83.81,83.83,83.79,83.83,2632,2021-10-14 16:24:00,AEP
83.83,83.84,83.82,83.84,3464,2021-10-14 16:25:00,AEP
83.84,83.84,83.8,83.815,1003,2021-10-14 16:26:00,AEP
83.82,83.82,83.81,83.81,500,2021-10-14 16:27:00,AEP
83.81,83.815,83.805,83.815,1962,2021-10-14 16:28:00,AEP
83.82,83.82,83.8,83.805,3800,2021-10-14 16:29:00,AEP
83.8,83.8,83.775,83.79,972,2021-10-14 16:30:00,AEP
83.79,83.8,83.79,83.79,2270,2021-10-14 16:31:00,AEP
83.79,83.8,83.78,83.79,700,2021-10-14 16:32:00,AEP
83.785,83.785,83.755,83.76,2966,2021-10-14 16:33:00,AEP
83.77,83.8,83.77,83.79,1500,2021-10-14 16:34:00,AEP
83.79,83.83,83.79,83.83,2555,2021-10-14 16:35:00,AEP
83.82,83.88,83.81,83.86,2648,2021-10-14 16:36:00,AEP
83.85,83.855,83.85,83.85,412,2021-10-14 16:37:00,AEP
83.86,83.87,83.85,83.86,1300,2021-10-14 16:38:00,AEP
83.85,83.89,83.84,83.89,3021,2021-10-14 16:39:00,AEP
83.86,83.88,83.855,83.87,2300,2021-10-14 16:40:00,AEP
83.87,83.88,83.86,83.86,942,2021-10-14 16:41:00,AEP
83.88,83.88,83.88,83.88,700,2021-10-14 16:42:00,AEP
83.875,83.93,83.875,83.93,1799,2021-10-14 16:43:00,AEP
83.95,83.96,83.94,83.945,1778,2021-10-14 16:44:00,AEP
83.945,83.98,83.94,83.96,7447,2021-10-14 16:45:00,AEP
83.95,83.96,83.93,83.94,3820,2021-10-14 16:46:00,AEP
83.93,83.93,83.91,83.93,2500,2021-10-14 16:47:00,AEP
83.94,83.99,83.9347,83.98,1203,2021-10-14 16:49:00,AEP
83.98,84.0,83.9752,83.99,700,2021-10-14 16:50:00,AEP
83.99,84.03,83.99,84.03,3105,2021-10-14 16:51:00,AEP
84.035,84.035,84.025,84.025,700,2021-10-14 16:52:00,AEP
84.03,84.04,84.03,84.04,1009,2021-10-14 16:53:00,AEP
84.035,84.05,84.035,84.05,4215,2021-10-14 16:54:00,AEP
84.05,84.05,84.035,84.05,600,2021-10-14 16:55:00,AEP
84.04,84.04,84.03,84.04,500,2021-10-14 16:56:00,AEP
84.03,84.04,84.0,84.04,2000,2021-10-14 16:57:00,AEP
84.045,84.05,84.03,84.03,7187,2021-10-14 16:58:00,AEP
84.035,84.15,84.035,84.1237,12500,2021-10-14 16:59:00,AEP
84.11,84.17,84.11,84.17,8037,2021-10-14 17:00:00,AEP
84.16,84.16,84.13,84.13,2425,2021-10-14 17:01:00,AEP
84.14,84.14,84.1,84.14,2426,2021-10-14 17:02:00,AEP
84.16,84.16,84.14,84.15,1256,2021-10-14 17:03:00,AEP
84.155,84.155,84.105,84.105,600,2021-10-14 17:04:00,AEP
84.11,84.13,84.085,84.13,2712,2021-10-14 17:05:00,AEP
84.11,84.15,84.11,84.15,561,2021-10-14 17:06:00,AEP
84.15,84.18,84.15,84.17,754,2021-10-14 17:07:00,AEP
84.1799,84.18,84.13,84.18,3202,2021-10-14 17:08:00,AEP
84.16,84.17,84.13,84.17,1907,2021-10-14 17:09:00,AEP
84.16,84.18,84.16,84.16,600,2021-10-14 17:10:00,AEP
84.1303,84.14,84.1303,84.135,1700,2021-10-14 17:11:00,AEP
84.14,84.14,84.11,84.115,2242,2021-10-14 17:12:00,AEP
84.115,84.12,84.09,84.12,2700,2021-10-14 17:13:00,AEP
84.13,84.16,84.13,84.15,1930,2021-10-14 17:14:00,AEP
84.155,84.19,84.15,84.17,1987,2021-10-14 17:15:00,AEP
84.185,84.185,84.185,84.185,100,2021-10-14 17:16:00,AEP
84.18,84.195,84.17,84.18,4636,2021-10-14 17:17:00,AEP
84.185,84.19,84.18,84.19,2032,2021-10-14 17:18:00,AEP
84.185,84.23,84.185,84.2275,13748,2021-10-14 17:19:00,AEP
84.22,84.22,84.215,84.215,956,2021-10-14 17:20:00,AEP
84.2176,84.2176,84.2,84.2175,1257,2021-10-14 17:21:00,AEP
84.215,84.215,84.19,84.195,1900,2021-10-14 17:22:00,AEP
84.19,84.195,84.15,84.15,2876,2021-10-14 17:23:00,AEP
84.15,84.18,84.15,84.17,3129,2021-10-14 17:24:00,AEP
84.18,84.2,84.17,84.17,1448,2021-10-14 17:25:00,AEP
84.16,84.17,84.145,84.16,3540,2021-10-14 17:26:00,AEP
84.17,84.18,84.13,84.13,8743,2021-10-14 17:27:00,AEP
84.12,84.13,84.12,84.12,1614,2021-10-14 17:28:00,AEP
84.11,84.11,84.08,84.1,2000,2021-10-14 17:29:00,AEP
84.095,84.16,84.095,84.15,9413,2021-10-14 17:30:00,AEP
84.14,84.1458,84.14,84.14,756,2021-10-14 17:31:00,AEP
84.1375,84.1375,84.07,84.07,1971,2021-10-14 17:32:00,AEP
84.075,84.09,84.075,84.09,2897,2021-10-14 17:33:00,AEP
84.105,84.12,84.1,84.11,1769,2021-10-14 17:34:00,AEP
84.095,84.105,84.095,84.105,473,2021-10-14 17:35:00,AEP
84.115,84.1517,84.115,84.15,2095,2021-10-14 17:36:00,AEP
84.14,84.14,84.14,84.14,500,2021-10-14 17:37:00,AEP
84.15,84.16,84.1401,84.16,1039,2021-10-14 17:38:00,AEP
84.15,84.155,84.15,84.15,1001,2021-10-14 17:39:00,AEP
84.15,84.19,84.15,84.19,1176,2021-10-14 17:40:00,AEP
84.19,84.2,84.1701,84.2,1619,2021-10-14 17:41:00,AEP
84.21,84.229,84.2,84.21,746,2021-10-14 17:42:00,AEP
84.23,84.25,84.23,84.25,1784,2021-10-14 17:43:00,AEP
84.235,84.24,84.22,84.235,1363,2021-10-14 17:44:00,AEP
84.23,84.23,84.1901,84.22,2239,2021-10-14 17:45:00,AEP
84.22,84.22,84.21,84.21,615,2021-10-14 17:46:00,AEP
84.23,84.24,84.226,84.24,2174,2021-10-14 17:47:00,AEP
84.2332,84.24,84.21,84.22,4168,2021-10-14 17:48:00,AEP
84.23,84.23,84.21,84.22,1596,2021-10-14 17:49:00,AEP
84.215,84.215,84.2,84.2,532,2021-10-14 17:50:00,AEP
84.195,84.21,84.195,84.21,400,2021-10-14 17:51:00,AEP
84.195,84.2099,84.19,84.19,906,2021-10-14 17:52:00,AEP
84.19,84.1956,84.17,84.19,1300,2021-10-14 17:53:00,AEP
84.19,84.19,84.17,84.18,1002,2021-10-14 17:54:00,AEP
84.185,84.19,84.165,84.175,2713,2021-10-14 17:55:00,AEP
84.175,84.21,84.175,84.2,1900,2021-10-14 17:56:00,AEP
84.2,84.2,84.1927,84.1927,797,2021-10-14 17:57:00,AEP
84.18,84.185,84.1507,84.1507,920,2021-10-14 17:58:00,AEP
84.16,84.175,84.155,84.165,2169,2021-10-14 17:59:00,AEP
84.16,84.185,84.155,84.18,1544,2021-10-14 18:00:00,AEP
84.16,84.16,84.14,84.14,1713,2021-10-14 18:01:00,AEP
84.15,84.16,84.15,84.15,843,2021-10-14 18:02:00,AEP
84.15,84.16,84.15,84.16,514,2021-10-14 18:03:00,AEP
84.165,84.17,84.165,84.17,796,2021-10-14 18:04:00,AEP
84.17,84.175,84.165,84.17,757,2021-10-14 18:05:00,AEP
84.165,84.165,84.16,84.16,417,2021-10-14 18:06:00,AEP
84.165,84.17,84.145,84.15,3143,2021-10-14 18:07:00,AEP
84.14,84.16,84.135,84.16,1518,2021-10-14 18:08:00,AEP
84.15,84.165,84.145,84.161,1572,2021-10-14 18:09:00,AEP
84.16,84.17,84.14,84.165,2369,2021-10-14 18:10:00,AEP
84.17,84.21,84.17,84.21,1809,2021-10-14 18:11:00,AEP
84.2,84.21,84.19,84.21,1140,2021-10-14 18:12:00,AEP
84.21,84.21,84.21,84.21,500,2021-10-14 18:13:00,AEP
84.215,84.22,84.205,84.22,1658,2021-10-14 18:14:00,AEP
84.215,84.24,84.21,84.215,4642,2021-10-14 18:15:00,AEP
84.22,84.27,84.22,84.2636,5062,2021-10-14 18:16:00,AEP
84.2577,84.2577,84.205,84.21,1300,2021-10-14 18:17:00,AEP
84.21,84.2173,84.19,84.19,2974,2021-10-14 18:18:00,AEP
84.18,84.18,84.16,84.16,1477,2021-10-14 18:19:00,AEP
84.155,84.19,84.155,84.17,2448,2021-10-14 18:20:00,AEP
84.165,84.18,84.16,84.18,1936,2021-10-14 18:21:00,AEP
84.17,84.21,84.17,84.205,1756,2021-10-14 18:22:00,AEP
84.2,84.2,84.165,84.165,3052,2021-10-14 18:23:00,AEP
84.165,84.18,84.15,84.17,9517,2021-10-14 18:24:00,AEP
84.16,84.16,84.13,84.13,3428,2021-10-14 18:25:00,AEP
84.13,84.155,84.12,84.14,2395,2021-10-14 18:26:00,AEP
84.14,84.1533,84.135,84.15,800,2021-10-14 18:27:00,AEP
84.14,84.14,84.1,84.11,1808,2021-10-14 18:28:00,AEP
84.12,84.13,84.095,84.1,3242,2021-10-14 18:29:00,AEP
84.095,84.1,84.095,84.095,700,2021-10-14 18:30:00,AEP
84.095,84.11,84.06,84.11,2340,2021-10-14 18:31:00,AEP
84.1,84.14,84.1,84.12,4400,2021-10-14 18:32:00,AEP
84.125,84.14,84.11,84.12,6889,2021-10-14 18:33:00,AEP
84.13,84.15,84.125,84.1434,893,2021-10-14 18:34:00,AEP
84.14,84.14,84.12,84.14,3628,2021-10-14 18:35:00,AEP
84.14,84.14,84.11,84.135,3571,2021-10-14 18:36:00,AEP
84.15,84.17,84.15,84.15,2291,2021-10-14 18:37:00,AEP
84.14,84.17,84.14,84.1501,1447,2021-10-14 18:38:00,AEP
84.17,84.17,84.15,84.15,700,2021-10-14 18:39:00,AEP
84.155,84.155,84.1174,84.13,4062,2021-10-14 18:40:00,AEP
84.115,84.145,84.095,84.14,2026,2021-10-14 18:41:00,AEP
84.14,84.15,84.135,84.14,1000,2021-10-14 18:42:00,AEP
84.14,84.15,84.14,84.15,1088,2021-10-14 18:43:00,AEP
84.155,84.16,84.15,84.155,2248,2021-10-14 18:44:00,AEP
84.14,84.15,84.12,84.12,1899,2021-10-14 18:45:00,AEP
84.115,84.12,84.11,84.11,1139,2021-10-14 18:46:00,AEP
84.105,84.12,84.105,84.12,537,2021-10-14 18:47:00,AEP
84.11,84.11,84.1,84.1,700,2021-10-14 18:48:00,AEP
84.095,84.12,84.095,84.12,1981,2021-10-14 18:49:00,AEP
84.11,84.11,84.085,84.09,2187,2021-10-14 18:50:00,AEP
84.0899,84.09,84.07,84.09,1851,2021-10-14 18:51:00,AEP
84.1,84.1,84.08,84.09,4455,2021-10-14 18:52:00,AEP
84.09,84.11,84.09,84.105,629,2021-10-14 18:53:00,AEP
84.1,84.11,84.075,84.09,2438,2021-10-14 18:54:00,AEP
84.09,84.095,84.09,84.09,1119,2021-10-14 18:55:00,AEP
84.0967,84.0967,84.07,84.07,1295,2021-10-14 18:56:00,AEP
84.07,84.07,84.03,84.03,3728,2021-10-14 18:57:00,AEP
84.03,84.03,83.97,83.99,1631,2021-10-14 18:58:00,AEP
83.97,83.98,83.955,83.96,7864,2021-10-14 18:59:00,AEP
83.95,83.95,83.91,83.92,4125,2021-10-14 19:00:00,AEP
83.9107,83.93,83.885,83.93,7470,2021-10-14 19:01:00,AEP
83.93,83.93,83.9,83.9,754,2021-10-14 19:02:00,AEP
83.9,83.92,83.89,83.89,1900,2021-10-14 19:03:00,AEP
83.89,83.91,83.85,83.89,13654,2021-10-14 19:04:00,AEP
83.895,83.9,83.88,83.88,900,2021-10-14 19:05:00,AEP
83.85,83.87,83.85,83.855,5300,2021-10-14 19:06:00,AEP
83.84,83.84,83.83,83.83,800,2021-10-14 19:07:00,AEP
83.84,83.855,83.84,83.84,4900,2021-10-14 19:08:00,AEP
83.84,83.87,83.835,83.865,4104,2021-10-14 19:09:00,AEP
83.86,83.95,83.86,83.95,37120,2021-10-14 19:10:00,AEP
83.945,84.015,83.945,84.015,8601,2021-10-14 19:11:00,AEP
84.015,84.04,84.015,84.03,2691,2021-10-14 19:12:00,AEP
84.025,84.055,84.025,84.045,2445,2021-10-14 19:13:00,AEP
84.055,84.09,84.055,84.09,1567,2021-10-14 19:14:00,AEP
84.1,84.11,84.05,84.06,3178,2021-10-14 19:15:00,AEP
84.05,84.07,84.02,84.02,6403,2021-10-14 19:16:00,AEP
84.03,84.03,84.01,84.01,1400,2021-10-14 19:17:00,AEP
84.01,84.105,84.01,84.1,3215,2021-10-14 19:18:00,AEP
84.09,84.09,84.05,84.09,4225,2021-10-14 19:19:00,AEP
84.09,84.095,84.08,84.095,770,2021-10-14 19:20:00,AEP
84.1,84.12,84.08,84.08,2150,2021-10-14 19:21:00,AEP
84.075,84.09,84.055,84.09,2071,2021-10-14 19:22:00,AEP
84.09,84.11,84.08,84.09,2069,2021-10-14 19:23:00,AEP
84.06,84.075,84.06,84.06,2590,2021-10-14 19:24:00,AEP
84.065,84.07,84.06,84.065,800,2021-10-14 19:25:00,AEP
84.07,84.085,84.05,84.08,3291,2021-10-14 19:26:00,AEP
84.09,84.125,84.085,84.125,2812,2021-10-14 19:27:00,AEP
84.13,84.15,84.12,84.13,2264,2021-10-14 19:28:00,AEP
84.125,84.13,84.085,84.11,3200,2021-10-14 19:29:00,AEP
84.1,84.1,84.065,84.09,3451,2021-10-14 19:30:00,AEP
84.1,84.125,84.09,84.09,3000,2021-10-14 19:31:00,AEP
84.085,84.09,84.06,84.065,4484,2021-10-14 19:32:00,AEP
84.06,84.06,84.005,84.005,2355,2021-10-14 19:33:00,AEP
84.0,84.08,84.0,84.08,10800,2021-10-14 19:34:00,AEP
84.085,84.1,84.07,84.08,2688,2021-10-14 19:35:00,AEP
84.1,84.1,84.02,84.04,2392,2021-10-14 19:36:00,AEP
84.02,84.03,84.01,84.03,3284,2021-10-14 19:37:00,AEP
84.02,84.06,84.0,84.055,9983,2021-10-14 19:38:00,AEP
84.05,84.065,84.02,84.02,3890,2021-10-14 19:39:00,AEP
84.04,84.055,84.02,84.025,3873,2021-10-14 19:40:00,AEP
84.03,84.03,84.0,84.025,8949,2021-10-14 19:41:00,AEP
84.03,84.045,84.02,84.02,3073,2021-10-14 19:42:00,AEP
84.01,84.03,84.01,84.02,3351,2021-10-14 19:43:00,AEP
84.025,84.055,84.02,84.05,3147,2021-10-14 19:44:00,AEP
84.04,84.04,84.005,84.02,5060,2021-10-14 19:45:00,AEP
84.01,84.01,83.96,83.995,3583,2021-10-14 19:46:00,AEP
84.0,84.03,84.0,84.01,2761,2021-10-14 19:47:00,AEP
84.0,84.02,83.98,84.0175,6259,2021-10-14 19:48:00,AEP
84.02,84.025,84.01,84.01,3212,2021-10-14 19:49:00,AEP
84.02,84.09,84.01,84.06,8086,2021-10-14 19:50:00,AEP
84.055,84.065,84.0,84.06,10021,2021-10-14 19:51:00,AEP
84.06,84.105,84.06,84.105,8051,2021-10-14 19:52:00,AEP
84.105,84.11,84.07,84.08,7010,2021-10-14 19:53:00,AEP
84.08,84.11,84.05,84.065,10829,2021-10-14 19:54:00,AEP
84.07,84.07,84.01,84.035,11933,2021-10-14 19:55:00,AEP
84.02,84.0384,84.005,84.025,13815,2021-10-14 19:56:00,AEP
84.03,84.08,84.025,84.07,21227,2021-10-14 19:57:00,AEP
84.07,84.07,84.0,84.07,43681,2021-10-14 19:58:00,AEP
84.07,84.14,84.05,84.06,77342,2021-10-14 19:59:00,AEP
84.05,84.05,84.01,84.05,322293,2021-10-14 20:00:00,AEP
84.05,84.05,84.05,84.05,21372,2021-10-14 20:02:00,AEP
84.05,84.05,84.05,84.05,13626,2021-10-14 20:03:00,AEP
84.05,84.05,84.05,84.05,3736,2021-10-14 20:23:00,AEP
84.0,84.0,84.0,84.0,800,2021-10-14 21:04:00,AEP
84.0,84.0,84.0,84.0,200,2021-10-14 21:05:00,AEP
84.05,84.05,84.05,84.05,524,2021-10-15 12:29:00,AEP
84.31,84.32,84.31,84.31,733,2021-10-15 13:25:00,AEP
84.0,84.07,83.84,84.035,138512,2021-10-15 13:30:00,AEP
84.07,84.07,83.76,83.89,4546,2021-10-15 13:31:00,AEP
83.99,84.02,83.91,83.91,1817,2021-10-15 13:32:00,AEP
83.86,83.96,83.81,83.81,1534,2021-10-15 13:33:00,AEP
83.84,84.11,83.84,84.04,11626,2021-10-15 13:34:00,AEP
84.19,84.19,84.07,84.07,1200,2021-10-15 13:35:00,AEP
84.05,84.17,84.05,84.145,1215,2021-10-15 13:36:00,AEP
84.06,84.07,83.99,84.01,1250,2021-10-15 13:37:00,AEP
84.03,84.03,83.94,83.95,1100,2021-10-15 13:38:00,AEP
83.99,84.07,83.9,83.93,7700,2021-10-15 13:39:00,AEP
83.93,84.005,83.89,83.93,2400,2021-10-15 13:40:00,AEP
83.9299,84.04,83.9299,84.03,1655,2021-10-15 13:41:00,AEP
84.0112,84.02,84.0,84.02,400,2021-10-15 13:42:00,AEP
83.92,83.92,83.89,83.89,652,2021-10-15 13:43:00,AEP
83.89,83.91,83.85,83.89,5215,2021-10-15 13:44:00,AEP
83.86,83.99,83.83,83.98,5033,2021-10-15 13:45:00,AEP
83.95,84.02,83.95,83.97,2173,2021-10-15 13:46:00,AEP
84.04,84.12,84.04,84.045,2513,2021-10-15 13:47:00,AEP
84.08,84.15,84.05,84.13,5039,2021-10-15 13:48:00,AEP
84.14,84.16,84.05,84.055,2654,2021-10-15 13:49:00,AEP
84.055,84.14,84.055,84.12,3761,2021-10-15 13:50:00,AEP
84.125,84.125,84.01,84.02,2426,2021-10-15 13:51:00,AEP
84.03,84.05,83.98,84.05,3653,2021-10-15 13:52:00,AEP
84.035,84.065,84.025,84.06,1550,2021-10-15 13:53:00,AEP
84.05,84.13,84.05,84.12,1954,2021-10-15 13:54:00,AEP
84.145,84.215,84.145,84.16,3658,2021-10-15 13:55:00,AEP
84.14,84.21,84.1378,84.18,2651,2021-10-15 13:56:00,AEP
84.165,84.24,84.16,84.22,4003,2021-10-15 13:57:00,AEP
84.2706,84.2925,84.245,84.2501,1553,2021-10-15 13:58:00,AEP
84.25,84.26,84.24,84.26,500,2021-10-15 13:59:00,AEP
84.25,84.29,84.25,84.2834,1437,2021-10-15 14:00:00,AEP
84.3225,84.4,84.28,84.36,4050,2021-10-15 14:01:00,AEP
84.36,84.36,84.26,84.26,3554,2021-10-15 14:02:00,AEP
84.29,84.31,84.2601,84.27,5777,2021-10-15 14:03:00,AEP
84.28,84.38,84.28,84.38,1183,2021-10-15 14:04:00,AEP
84.33,84.33,84.29,84.31,600,2021-10-15 14:05:00,AEP
84.32,84.33,84.29,84.29,2300,2021-10-15 14:06:00,AEP
84.29,84.32,84.29,84.315,1015,2021-10-15 14:07:00,AEP
84.32,84.35,84.3,84.305,2657,2021-10-15 14:08:00,AEP
84.29,84.29,84.27,84.285,500,2021-10-15 14:09:00,AEP
84.31,84.32,84.2941,84.2941,1650,2021-10-15 14:10:00,AEP
84.27,84.28,84.26,84.26,2157,2021-10-15 14:11:00,AEP
84.31,84.315,84.275,84.3,9436,2021-10-15 14:12:00,AEP
84.31,84.32,84.31,84.32,1094,2021-10-15 14:13:00,AEP
84.34,84.37,84.315,84.32,2664,2021-10-15 14:14:00,AEP
84.3,84.36,84.3,84.32,1828,2021-10-15 14:15:00,AEP
84.335,84.335,84.28,84.29,22820,2021-10-15 14:16:00,AEP
84.31,84.33,84.31,84.33,500,2021-10-15 14:17:00,AEP
84.325,84.33,84.28,84.28,1876,2021-10-15 14:18:00,AEP
84.26,84.26,84.16,84.16,2377,2021-10-15 14:19:00,AEP
84.17,84.175,84.09,84.09,1129,2021-10-15 14:20:00,AEP
84.1,84.1,84.06,84.08,1085,2021-10-15 14:21:00,AEP
84.085,84.14,84.085,84.14,300,2021-10-15 14:22:00,AEP
84.12,84.12,84.11,84.11,622,2021-10-15 14:23:00,AEP
84.12,84.2,84.12,84.17,12400,2021-10-15 14:24:00,AEP
84.155,84.16,84.14,84.14,1802,2021-10-15 14:25:00,AEP
84.13,84.16,84.13,84.16,600,2021-10-15 14:26:00,AEP
84.16,84.175,84.16,84.1705,1100,2021-10-15 14:27:00,AEP
84.16,84.175,84.145,84.16,1358,2021-10-15 14:28:00,AEP
84.15,84.155,84.09,84.09,1562,2021-10-15 14:29:00,AEP
84.095,84.135,84.07,84.07,1208,2021-10-15 14:30:00,AEP
84.09,84.09,84.06,84.06,522,2021-10-15 14:31:00,AEP
84.08,84.08,84.08,84.08,100,2021-10-15 14:32:00,AEP
84.07,84.07,84.04,84.04,1461,2021-10-15 14:33:00,AEP
84.04,84.04,84.04,84.04,115,2021-10-15 14:34:00,AEP
84.0166,84.0166,84.01,84.01,1059,2021-10-15 14:35:00,AEP
84.01,84.0244,83.98,84.0244,1824,2021-10-15 14:36:00,AEP
84.01,84.04,84.01,84.04,930,2021-10-15 14:37:00,AEP
84.07,84.1008,84.03,84.1008,877,2021-10-15 14:38:00,AEP
84.1,84.1,84.08,84.08,300,2021-10-15 14:39:00,AEP
84.06,84.08,84.03,84.08,3049,2021-10-15 14:40:00,AEP
84.0601,84.08,84.0601,84.08,386,2021-10-15 14:41:00,AEP
84.08,84.08,84.07,84.07,353,2021-10-15 14:42:00,AEP
84.09,84.1,84.055,84.055,800,2021-10-15 14:43:00,AEP
84.05,84.06,84.03,84.03,2548,2021-10-15 14:44:00,AEP
84.0139,84.0309,84.0139,84.02,1500,2021-10-15 14:45:00,AEP
84.04,84.0717,84.04,84.07,480,2021-10-15 14:46:00,AEP
84.1,84.1,84.0843,84.0843,440,2021-10-15 14:47:00,AEP
84.11,84.11,84.06,84.06,2339,2021-10-15 14:48:00,AEP
84.08,84.1098,84.07,84.1098,820,2021-10-15 14:49:00,AEP
84.08,84.08,84.07,84.07,323,2021-10-15 14:50:00,AEP
84.06,84.06,84.0406,84.0445,582,2021-10-15 14:51:00,AEP
84.04,84.04,84.01,84.01,419,2021-10-15 14:52:00,AEP
84.0012,84.01,84.0,84.01,1800,2021-10-15 14:53:00,AEP
84.02,84.03,84.01,84.03,802,2021-10-15 14:54:00,AEP
84.04,84.04,83.945,83.945,1019,2021-10-15 14:55:00,AEP
83.93,83.96,83.93,83.955,705,2021-10-15 14:56:00,AEP
83.97,84.0,83.97,84.0,888,2021-10-15 14:57:00,AEP
84.0091,84.0091,83.98,83.99,923,2021-10-15 14:58:00,AEP
84.0,84.0,83.93,83.93,4670,2021-10-15 14:59:00,AEP
83.95,83.96,83.94,83.96,500,2021-10-15 15:00:00,AEP
83.965,83.965,83.96,83.96,300,2021-10-15 15:01:00,AEP
84.01,84.02,83.96,83.96,1131,2021-10-15 15:02:00,AEP
83.93,83.93,83.87,83.87,1367,2021-10-15 15:03:00,AEP
83.88,83.88,83.86,83.88,600,2021-10-15 15:04:00,AEP
83.85,83.87,83.85,83.85,730,2021-10-15 15:05:00,AEP
83.8682,83.8682,83.78,83.81,3031,2021-10-15 15:06:00,AEP
83.81,83.81,83.79,83.79,1428,2021-10-15 15:07:00,AEP
83.8,83.82,83.78,83.78,931,2021-10-15 15:08:00,AEP
83.77,83.8,83.77,83.8,681,2021-10-15 15:09:00,AEP
83.8,83.82,83.78,83.82,850,2021-10-15 15:10:00,AEP
83.82,83.82,83.79,83.79,737,2021-10-15 15:11:00,AEP
83.82,83.835,83.8,83.81,5350,2021-10-15 15:12:00,AEP
83.79,83.79,83.79,83.79,100,2021-10-15 15:13:00,AEP
83.78,83.79,83.73,83.75,760,2021-10-15 15:14:00,AEP
83.74,83.76,83.74,83.75,1002,2021-10-15 15:15:00,AEP
83.78,83.79,83.75,83.7699,2137,2021-10-15 15:16:00,AEP
83.78,83.79,83.765,83.765,1139,2021-10-15 15:17:00,AEP
83.76,83.7767,83.76,83.7767,1597,2021-10-15 15:18:00,AEP
83.76,83.765,83.73,83.73,1156,2021-10-15 15:19:00,AEP
83.7456,83.7456,83.66,83.66,2335,2021-10-15 15:20:00,AEP
83.67,83.72,83.67,83.7,1201,2021-10-15 15:21:00,AEP
83.7,83.7,83.65,83.65,702,2021-10-15 15:22:00,AEP
83.66,83.72,83.66,83.715,941,2021-10-15 15:23:00,AEP
83.71,83.71,83.71,83.71,606,2021-10-15 15:24:00,AEP
83.7,83.7,83.63,83.63,1910,2021-10-15 15:25:00,AEP
83.62,83.67,83.62,83.67,950,2021-10-15 15:26:00,AEP
83.655,83.69,83.655,83.685,1004,2021-10-15 15:27:00,AEP
83.69,83.71,83.66,83.66,2156,2021-10-15 15:28:00,AEP
83.69,83.71,83.6838,83.6838,787,2021-10-15 15:29:00,AEP
83.68,83.6814,83.62,83.62,8925,2021-10-15 15:30:00,AEP
83.61,83.62,83.6,83.62,711,2021-10-15 15:31:00,AEP
83.62,83.62,83.61,83.61,1419,2021-10-15 15:32:00,AEP
83.61,83.61,83.57,83.58,3762,2021-10-15 15:33:00,AEP
83.58,83.58,83.54,83.5681,750,2021-10-15 15:34:00,AEP
83.56,83.56,83.54,83.55,3007,2021-10-15 15:35:00,AEP
83.55,83.56,83.53,83.54,13735,2021-10-15 15:36:00,AEP
83.54,83.55,83.52,83.54,3436,2021-10-15 15:37:00,AEP
83.53,83.53,83.51,83.51,1618,2021-10-15 15:38:00,AEP
83.49,83.55,83.49,83.545,1281,2021-10-15 15:39:00,AEP
83.55,83.55,83.55,83.55,100,2021-10-15 15:40:00,AEP
83.55,83.55,83.5234,83.5234,1250,2021-10-15 15:41:00,AEP
83.52,83.54,83.52,83.54,1119,2021-10-15 15:42:00,AEP
83.53,83.54,83.52,83.54,1975,2021-10-15 15:43:00,AEP
83.55,83.55,83.475,83.51,2224,2021-10-15 15:44:00,AEP
83.52,83.52,83.5,83.5,872,2021-10-15 15:45:00,AEP
83.52,83.55,83.52,83.55,1075,2021-10-15 15:46:00,AEP
83.54,83.6,83.53,83.59,2446,2021-10-15 15:47:00,AEP
83.6,83.6,83.54,83.54,1592,2021-10-15 15:48:00,AEP
83.55,83.56,83.49,83.5,4616,2021-10-15 15:49:00,AEP
83.495,83.5,83.49,83.49,598,2021-10-15 15:50:00,AEP
83.51,83.51,83.45,83.45,926,2021-10-15 15:51:00,AEP
83.47,83.47,83.43,83.465,1610,2021-10-15 15:52:00,AEP
83.47,83.48,83.46,83.46,1246,2021-10-15 15:53:00,AEP
83.48,83.48,83.43,83.4599,2126,2021-10-15 15:54:00,AEP
83.47,83.48,83.43,83.43,1500,2021-10-15 15:55:00,AEP
83.43,83.445,83.39,83.4052,3206,2021-10-15 15:56:00,AEP
83.415,83.42,83.39,83.39,690,2021-10-15 15:57:00,AEP
83.39,83.41,83.39,83.41,1110,2021-10-15 15:58:00,AEP
83.4,83.4026,83.38,83.39,2447,2021-10-15 15:59:00,AEP
83.385,83.385,83.35,83.36,6436,2021-10-15 16:00:00,AEP
83.355,83.37,83.355,83.37,200,2021-10-15 16:01:00,AEP
83.38,83.4,83.36,83.36,2053,2021-10-15 16:02:00,AEP
83.38,83.39,83.38,83.39,926,2021-10-15 16:03:00,AEP
83.38,83.38,83.35,83.38,2560,2021-10-15 16:04:00,AEP
83.37,83.37,83.3,83.31,1719,2021-10-15 16:05:00,AEP
83.31,83.33,83.31,83.33,1484,2021-10-15 16:06:00,AEP
83.34,83.35,83.33,83.33,1476,2021-10-15 16:07:00,AEP
83.32,83.34,83.32,83.34,779,2021-10-15 16:08:00,AEP
83.345,83.35,83.34,83.35,612,2021-10-15 16:09:00,AEP
83.35,83.35,83.34,83.34,1445,2021-10-15 16:10:00,AEP
83.35,83.35,83.35,83.35,200,2021-10-15 16:11:00,AEP
83.35,83.41,83.35,83.41,596,2021-10-15 16:12:00,AEP
83.41,83.43,83.4029,83.43,971,2021-10-15 16:13:00,AEP
83.42,83.42,83.4,83.4,1152,2021-10-15 16:14:00,AEP
83.4265,83.43,83.4265,83.43,607,2021-10-15 16:15:00,AEP
83.43,83.465,83.42,83.46,2545,2021-10-15 16:16:00,AEP
83.47,83.49,83.465,83.48,1583,2021-10-15 16:17:00,AEP
83.505,83.505,83.46,83.475,1238,2021-10-15 16:18:00,AEP
83.48,83.48,83.45,83.45,1267,2021-10-15 16:19:00,AEP
83.445,83.45,83.445,83.45,300,2021-10-15 16:20:00,AEP
83.46,83.49,83.46,83.4847,959,2021-10-15 16:21:00,AEP
83.5,83.55,83.49,83.54,1700,2021-10-15 16:22:00,AEP
83.53,83.53,83.53,83.53,100,2021-10-15 16:23:00,AEP
83.52,83.54,83.51,83.53,1899,2021-10-15 16:24:00,AEP
83.51,83.52,83.51,83.52,400,2021-10-15 16:25:00,AEP
83.52,83.54,83.5,83.5,500,2021-10-15 16:26:00,AEP
83.51,83.53,83.5,83.53,1632,2021-10-15 16:27:00,AEP
83.54,83.55,83.54,83.54,851,2021-10-15 16:28:00,AEP
83.53,83.53,83.49,83.5035,1699,2021-10-15 16:29:00,AEP
83.52,83.525,83.52,83.52,500,2021-10-15 16:30:00,AEP
83.51,83.53,83.505,83.525,1688,2021-10-15 16:31:00,AEP
83.55,83.56,83.55,83.56,950,2021-10-15 16:32:00,AEP
83.57,83.595,83.56,83.56,1729,2021-10-15 16:33:00,AEP
83.57,83.57,83.54,83.54,849,2021-10-15 16:34:00,AEP
83.55,83.55,83.5301,83.5301,725,2021-10-15 16:35:00,AEP
83.55,83.55,83.54,83.54,767,2021-10-15 16:36:00,AEP
83.54,83.54,83.52,83.53,400,2021-10-15 16:37:00,AEP
83.54,83.54,83.52,83.52,474,2021-10-15 16:38:00,AEP
83.52,83.52,83.49,83.5022,815,2021-10-15 16:39:00,AEP
83.51,83.51,83.51,83.51,300,2021-10-15 16:40:00,AEP
83.51,83.515,83.51,83.51,481,2021-10-15 16:41:00,AEP
83.52,83.5276,83.52,83.5276,676,2021-10-15 16:42:00,AEP
83.53,83.55,83.53,83.54,600,2021-10-15 16:43:00,AEP
83.56,83.57,83.56,83.57,1320,2021-10-15 16:44:00,AEP
83.575,83.575,83.57,83.57,200,2021-10-15 16:45:00,AEP
83.58,83.6,83.58,83.6,462,2021-10-15 16:46:00,AEP
83.6,83.6,83.59,83.59,900,2021-10-15 16:47:00,AEP
83.58,83.58,83.56,83.58,1480,2021-10-15 16:48:00,AEP
83.58,83.58,83.5533,83.5533,833,2021-10-15 16:49:00,AEP
83.55,83.55,83.53,83.53,862,2021-10-15 16:50:00,AEP
83.52,83.55,83.52,83.53,1640,2021-10-15 16:51:00,AEP
83.535,83.535,83.53,83.53,742,2021-10-15 16:52:00,AEP
83.535,83.545,83.53,83.545,1423,2021-10-15 16:53:00,AEP
83.55,83.57,83.52,83.52,2148,2021-10-15 16:54:00,AEP
83.52,83.53,83.51,83.51,2584,2021-10-15 16:55:00,AEP
83.5,83.5,83.47,83.49,1964,2021-10-15 16:56:00,AEP
83.48,83.49,83.48,83.49,1447,2021-10-15 16:57:00,AEP
83.486,83.486,83.45,83.48,1441,2021-10-15 16:58:00,AEP
83.46,83.46,83.445,83.455,1858,2021-10-15 16:59:00,AEP
83.44,83.46,83.44,83.45,1476,2021-10-15 17:00:00,AEP
83.465,83.5,83.465,83.495,1025,2021-10-15 17:01:00,AEP
83.49,83.5,83.49,83.49,600,2021-10-15 17:02:00,AEP
83.5,83.5,83.47,83.47,933,2021-10-15 17:03:00,AEP
83.46,83.46,83.46,83.46,200,2021-10-15 17:04:00,AEP
83.46,83.46,83.43,83.43,700,2021-10-15 17:05:00,AEP
83.43,83.4603,83.43,83.4603,6559,2021-10-15 17:06:00,AEP
83.46,83.48,83.45,83.48,601,2021-10-15 17:07:00,AEP
83.4877,83.51,83.4877,83.49,2038,2021-10-15 17:08:00,AEP
83.5,83.505,83.48,83.505,1490,2021-10-15 17:09:00,AEP
83.5017,83.54,83.5017,83.53,1369,2021-10-15 17:10:00,AEP
83.52,83.52,83.52,83.52,200,2021-10-15 17:11:00,AEP
83.51,83.51,83.46,83.46,3392,2021-10-15 17:12:00,AEP
83.47,83.475,83.46,83.47,631,2021-10-15 17:13:00,AEP
83.46,83.47,83.43,83.4498,3543,2021-10-15 17:14:00,AEP
83.44,83.44,83.41,83.41,1160,2021-10-15 17:15:00,AEP
83.42,83.43,83.42,83.43,700,2021-10-15 17:16:00,AEP
83.4357,83.4357,83.41,83.41,300,2021-10-15 17:17:00,AEP
83.41,83.41,83.4,83.4,325,2021-10-15 17:18:00,AEP
83.39,83.42,83.39,83.4,3478,2021-10-15 17:19:00,AEP
83.39,83.41,83.39,83.41,735,2021-10-15 17:20:00,AEP
83.41,83.42,83.41,83.41,1058,2021-10-15 17:21:00,AEP
83.43,83.43,83.42,83.42,420,2021-10-15 17:22:00,AEP
83.42,83.46,83.42,83.45,1942,2021-10-15 17:23:00,AEP
83.47,83.47,83.46,83.46,1065,2021-10-15 17:24:00,AEP
83.46,83.465,83.41,83.42,5966,2021-10-15 17:25:00,AEP
83.43,83.43,83.415,83.415,664,2021-10-15 17:26:00,AEP
83.41,83.41,83.39,83.39,2154,2021-10-15 17:27:00,AEP
83.4,83.4,83.38,83.38,1198,2021-10-15 17:28:00,AEP
83.4088,83.4088,83.375,83.375,1360,2021-10-15 17:29:00,AEP
83.385,83.39,83.38,83.38,1012,2021-10-15 17:30:00,AEP
83.37,83.395,83.3699,83.39,2921,2021-10-15 17:31:00,AEP
83.3871,83.4,83.3871,83.4,1200,2021-10-15 17:32:00,AEP
83.39,83.4,83.385,83.395,1841,2021-10-15 17:33:00,AEP
83.4,83.41,83.4,83.41,300,2021-10-15 17:34:00,AEP
83.45,83.45,83.415,83.425,2656,2021-10-15 17:35:00,AEP
83.424,83.43,83.41,83.42,822,2021-10-15 17:36:00,AEP
83.43,83.43,83.43,83.43,100,2021-10-15 17:37:00,AEP
83.445,83.445,83.42,83.42,486,2021-10-15 17:38:00,AEP
83.41,83.41,83.4,83.4,1132,2021-10-15 17:39:00,AEP
83.43,83.46,83.43,83.46,400,2021-10-15 17:40:00,AEP
83.44,83.44,83.42,83.435,1023,2021-10-15 17:41:00,AEP
83.44,83.44,83.4351,83.4351,756,2021-10-15 17:42:00,AEP
83.44,83.45,83.43,83.43,2017,2021-10-15 17:43:00,AEP
83.4384,83.4599,83.43,83.4599,2758,2021-10-15 17:44:00,AEP
83.46,83.48,83.46,83.48,1033,2021-10-15 17:45:00,AEP
83.47,83.49,83.47,83.49,300,2021-10-15 17:46:00,AEP
83.485,83.5,83.47,83.5,1594,2021-10-15 17:47:00,AEP
83.5,83.5,83.455,83.4699,2352,2021-10-15 17:48:00,AEP
83.46,83.4627,83.45,83.4627,490,2021-10-15 17:49:00,AEP
83.48,83.51,83.48,83.51,1416,2021-10-15 17:50:00,AEP
83.52,83.52,83.52,83.52,250,2021-10-15 17:51:00,AEP
83.51,83.51,83.5,83.51,1539,2021-10-15 17:52:00,AEP
83.5172,83.52,83.5,83.5,765,2021-10-15 17:53:00,AEP
83.51,83.51,83.5,83.5,600,2021-10-15 17:54:00,AEP
83.51,83.51,83.47,83.47,2195,2021-10-15 17:55:00,AEP
83.4813,83.49,83.4813,83.49,586,2021-10-15 17:56:00,AEP
83.4799,83.4799,83.44,83.44,1087,2021-10-15 17:57:00,AEP
83.43,83.43,83.416,83.42,575,2021-10-15 17:58:00,AEP
83.41,83.43,83.39,83.39,1607,2021-10-15 17:59:00,AEP
83.4,83.4,83.39,83.39,797,2021-10-15 18:00:00,AEP
83.3779,83.4,83.3649,83.4,1209,2021-10-15 18:01:00,AEP
83.425,83.48,83.425,83.44,2526,2021-10-15 18:02:00,AEP
83.43,83.45,83.43,83.45,1440,2021-10-15 18:03:00,AEP
83.46,83.47,83.46,83.465,1465,2021-10-15 18:04:00,AEP
83.4699,83.4699,83.425,83.425,619,2021-10-15 18:05:00,AEP
83.44,83.44,83.44,83.44,601,2021-10-15 18:06:00,AEP
83.43,83.44,83.43,83.44,400,2021-10-15 18:08:00,AEP
83.46,83.475,83.46,83.4619,2045,2021-10-15 18:09:00,AEP
83.48,83.5,83.48,83.49,1471,2021-10-15 18:10:00,AEP
83.49,83.49,83.48,83.49,1301,2021-10-15 18:11:00,AEP
83.48,83.48,83.47,83.47,901,2021-10-15 18:12:00,AEP
83.48,83.48,83.47,83.48,4085,2021-10-15 18:13:00,AEP
83.46,83.47,83.46,83.46,1115,2021-10-15 18:14:00,AEP
83.47,83.47,83.45,83.45,1809,2021-10-15 18:15:00,AEP
83.44,83.45,83.43,83.43,2715,2021-10-15 18:16:00,AEP
83.43,83.44,83.42,83.42,1556,2021-10-15 18:17:00,AEP
83.425,83.44,83.41,83.44,1200,2021-10-15 18:18:00,AEP
83.46,83.46,83.4291,83.4556,1270,2021-10-15 18:19:00,AEP
83.45,83.47,83.45,83.46,929,2021-10-15 18:20:00,AEP
83.46,83.46,83.44,83.45,2304,2021-10-15 18:21:00,AEP
83.44,83.46,83.43,83.46,952,2021-10-15 18:22:00,AEP
83.44,83.5,83.44,83.475,2514,2021-10-15 18:23:00,AEP
83.47,83.48,83.45,83.48,2522,2021-10-15 18:24:00,AEP
83.485,83.5,83.485,83.5,400,2021-10-15 18:25:00,AEP
83.5,83.525,83.5,83.51,900,2021-10-15 18:26:00,AEP
83.51,83.51,83.47,83.47,1136,2021-10-15 18:27:00,AEP
83.47,83.47,83.46,83.46,1892,2021-10-15 18:28:00,AEP
83.455,83.455,83.44,83.45,834,2021-10-15 18:29:00,AEP
83.45,83.45,83.44,83.45,1240,2021-10-15 18:30:00,AEP
83.45,83.46,83.39,83.39,2909,2021-10-15 18:31:00,AEP
83.38,83.38,83.379,83.38,1201,2021-10-15 18:32:00,AEP
83.39,83.4,83.39,83.4,2179,2021-10-15 18:33:00,AEP
83.4,83.43,83.4,83.43,850,2021-10-15 18:34:00,AEP
83.43,83.43,83.41,83.42,872,2021-10-15 18:35:00,AEP
83.4004,83.41,83.4,83.4,1454,2021-10-15 18:36:00,AEP
83.4,83.41,83.4,83.405,990,2021-10-15 18:37:00,AEP
83.41,83.43,83.41,83.414,1738,2021-10-15 18:38:00,AEP
83.42,83.43,83.42,83.43,458,2021-10-15 18:39:00,AEP
83.44,83.44,83.37,83.37,4084,2021-10-15 18:40:00,AEP
83.38,83.3893,83.38,83.3893,308,2021-10-15 18:41:00,AEP
83.38,83.4,83.38,83.39,1773,2021-10-15 18:42:00,AEP
83.38,83.38,83.37,83.37,766,2021-10-15 18:43:00,AEP
83.36,83.36,83.32,83.35,4598,2021-10-15 18:44:00,AEP
83.33,83.33,83.32,83.32,714,2021-10-15 18:45:00,AEP
83.34,83.3598,83.34,83.35,1029,2021-10-15 18:46:00,AEP
83.34,83.35,83.34,83.35,1219,2021-10-15 18:47:00,AEP
83.36,83.37,83.34,83.35,3596,2021-10-15 18:48:00,AEP
83.35,83.36,83.35,83.36,600,2021-10-15 18:49:00,AEP
83.36,83.36,83.35,83.35,733,2021-10-15 18:50:00,AEP
83.35,83.36,83.3,83.31,2233,2021-10-15 18:51:00,AEP
83.31,83.315,83.3,83.31,1496,2021-10-15 18:52:00,AEP
83.3,83.33,83.29,83.33,3119,2021-10-15 18:53:00,AEP
83.325,83.325,83.2979,83.2979,1169,2021-10-15 18:54:00,AEP
83.3,83.31,83.3,83.3,600,2021-10-15 18:55:00,AEP
83.29,83.33,83.29,83.33,1652,2021-10-15 18:56:00,AEP
83.32,83.34,83.32,83.34,807,2021-10-15 18:57:00,AEP
83.35,83.36,83.345,83.36,1652,2021-10-15 18:58:00,AEP
83.36,83.36,83.34,83.34,1753,2021-10-15 18:59:00,AEP
83.34,83.37,83.34,83.36,2684,2021-10-15 19:00:00,AEP
83.36,83.36,83.3,83.325,3804,2021-10-15 19:01:00,AEP
83.33,83.34,83.33,83.34,850,2021-10-15 19:02:00,AEP
83.335,83.35,83.33,83.35,1243,2021-10-15 19:03:00,AEP
83.36,83.36,83.35,83.35,1558,2021-10-15 19:04:00,AEP
83.35,83.375,83.35,83.375,1423,2021-10-15 19:05:00,AEP
83.375,83.42,83.37,83.395,3514,2021-10-15 19:06:00,AEP
83.38,83.38,83.33,83.33,2962,2021-10-15 19:07:00,AEP
83.315,83.32,83.28,83.29,2214,2021-10-15 19:08:00,AEP
83.29,83.29,83.24,83.253,8221,2021-10-15 19:09:00,AEP
83.255,83.28,83.255,83.265,2057,2021-10-15 19:10:00,AEP
83.26,83.27,83.235,83.27,4523,2021-10-15 19:11:00,AEP
83.26,83.2894,83.25,83.27,2285,2021-10-15 19:12:00,AEP
83.27,83.33,83.27,83.32,2035,2021-10-15 19:13:00,AEP
83.34,83.378,83.34,83.375,1050,2021-10-15 19:14:00,AEP
83.36,83.37,83.345,83.36,2140,2021-10-15 19:15:00,AEP
83.36,83.4,83.36,83.4,981,2021-10-15 19:16:00,AEP
83.4,83.42,83.385,83.42,2911,2021-10-15 19:17:00,AEP
83.4,83.4,83.32,83.33,3797,2021-10-15 19:18:00,AEP
83.325,83.34,83.265,83.3,2997,2021-10-15 19:19:00,AEP
83.2976,83.3,83.29,83.3,1398,2021-10-15 19:20:00,AEP
83.295,83.295,83.235,83.235,4328,2021-10-15 19:21:00,AEP
83.235,83.235,83.21,83.235,4143,2021-10-15 19:22:00,AEP
83.235,83.25,83.225,83.25,1051,2021-10-15 19:23:00,AEP
83.26,83.31,83.26,83.3,3960,2021-10-15 19:24:00,AEP
83.29,83.3,83.27,83.29,2979,2021-10-15 19:25:00,AEP
83.285,83.285,83.27,83.27,2080,2021-10-15 19:26:00,AEP
83.26,83.27,83.24,83.24,3162,2021-10-15 19:27:00,AEP
83.24,83.33,83.24,83.33,5000,2021-10-15 19:28:00,AEP
83.33,83.33,83.305,83.31,1502,2021-10-15 19:29:00,AEP
83.32,83.355,83.32,83.35,2235,2021-10-15 19:30:00,AEP
83.34,83.34,83.28,83.28,3060,2021-10-15 19:31:00,AEP
83.295,83.35,83.295,83.34,5888,2021-10-15 19:32:00,AEP
83.335,83.335,83.295,83.32,2360,2021-10-15 19:33:00,AEP
83.35,83.37,83.34,83.36,4132,2021-10-15 19:34:00,AEP
83.38,83.41,83.38,83.385,3488,2021-10-15 19:35:00,AEP
83.38,83.38,83.26,83.2648,6159,2021-10-15 19:36:00,AEP
83.27,83.29,83.26,83.29,1574,2021-10-15 19:37:00,AEP
83.29,83.33,83.27,83.32,2288,2021-10-15 19:38:00,AEP
83.32,83.33,83.32,83.33,1869,2021-10-15 19:39:00,AEP
83.33,83.37,83.3,83.32,3919,2021-10-15 19:40:00,AEP
83.325,83.325,83.29,83.31,2925,2021-10-15 19:41:00,AEP
83.3,83.3,83.29,83.3,1500,2021-10-15 19:42:00,AEP
83.2906,83.295,83.28,83.29,1941,2021-10-15 19:43:00,AEP
83.3,83.31,83.29,83.31,1329,2021-10-15 19:44:00,AEP
83.32,83.33,83.29,83.31,4279,2021-10-15 19:45:00,AEP
83.31,83.345,83.3,83.345,2210,2021-10-15 19:46:00,AEP
83.35,83.42,83.35,83.42,4427,2021-10-15 19:47:00,AEP
83.42,83.45,83.41,83.445,3488,2021-10-15 19:48:00,AEP
83.44,83.46,83.43,83.44,6010,2021-10-15 19:49:00,AEP
83.43,83.43,83.38,83.385,6725,2021-10-15 19:50:00,AEP
83.39,83.41,83.38,83.4045,10217,2021-10-15 19:51:00,AEP
83.4,83.43,83.4,83.415,4913,2021-10-15 19:52:00,AEP
83.41,83.4166,83.385,83.4,9191,2021-10-15 19:53:00,AEP
83.4,83.45,83.39,83.45,11343,2021-10-15 19:54:00,AEP
83.48,83.51,83.45,83.51,17152,2021-10-15 19:55:00,AEP
83.505,83.55,83.505,83.535,16230,2021-10-15 19:56:00,AEP
83.54,83.58,83.52,83.54,25147,2021-10-15 19:57:00,AEP
83.54,83.57,83.52,83.555,21437,2021-10-15 19:58:00,AEP
83.55,83.55,83.47,83.48,31300,2021-10-15 19:59:00,AEP
83.49,83.49,83.49,83.49,344687,2021-10-15 20:00:00,AEP
83.49,83.49,83.49,83.49,196,2021-10-15 20:01:00,AEP
83.49,83.49,83.49,83.49,24259,2021-10-15 20:02:00,AEP
83.25,83.25,83.25,83.25,112,2021-10-18 12:30:00,AEP
83.07,83.07,83.07,83.07,241,2021-10-18 12:33:00,AEP
83.07,83.07,83.07,83.07,116,2021-10-18 12:36:00,AEP
83.08,83.08,83.08,83.08,149,2021-10-18 12:43:00,AEP
83.01,83.01,83.01,83.01,113,2021-10-18 12:50:00,AEP
83.02,83.02,83.01,83.01,200,2021-10-18 13:15:00,AEP
83.11,83.11,83.11,83.11,178,2021-10-18 13:25:00,AEP
83.25,83.25,83.056,83.09,35053,2021-10-18 13:30:00,AEP
83.05,83.05,82.77,82.77,2810,2021-10-18 13:31:00,AEP
82.89,82.93,82.86,82.93,500,2021-10-18 13:32:00,AEP
83.05,83.05,82.91,82.91,5658,2021-10-18 13:33:00,AEP
82.87,82.91,82.87,82.89,1500,2021-10-18 13:34:00,AEP
82.9,82.945,82.74,82.74,2900,2021-10-18 13:35:00,AEP
82.75,82.7878,82.71,82.7878,1544,2021-10-18 13:36:00,AEP
82.71,82.72,82.58,82.67,4011,2021-10-18 13:37:00,AEP
82.61,82.61,82.56,82.57,1100,2021-10-18 13:38:00,AEP
82.6,82.7,82.55,82.6216,5749,2021-10-18 13:39:00,AEP
82.57,82.71,82.57,82.71,5194,2021-10-18 13:40:00,AEP
82.69,82.73,82.62,82.64,2903,2021-10-18 13:41:00,AEP
82.65,82.65,82.58,82.62,3816,2021-10-18 13:42:00,AEP
82.59,82.605,82.53,82.53,6004,2021-10-18 13:43:00,AEP
82.52,82.54,82.48,82.53,2893,2021-10-18 13:44:00,AEP
82.62,82.67,82.54,82.54,1345,2021-10-18 13:45:00,AEP
82.51,82.58,82.51,82.535,1250,2021-10-18 13:46:00,AEP
82.52,82.53,82.41,82.435,5572,2021-10-18 13:47:00,AEP
82.4266,82.46,82.41,82.41,2059,2021-10-18 13:48:00,AEP
82.41,82.41,82.34,82.37,5100,2021-10-18 13:49:00,AEP
82.41,82.5,82.41,82.5,1917,2021-10-18 13:50:00,AEP
82.5,82.63,82.5,82.62,3146,2021-10-18 13:51:00,AEP
82.59,82.59,82.51,82.52,1280,2021-10-18 13:52:00,AEP
82.53,82.63,82.53,82.63,500,2021-10-18 13:53:00,AEP
82.66,82.67,82.6479,82.67,549,2021-10-18 13:54:00,AEP
82.68,82.72,82.68,82.715,903,2021-10-18 13:55:00,AEP
82.7297,82.7297,82.63,82.675,2703,2021-10-18 13:56:00,AEP
82.64,82.71,82.64,82.705,5725,2021-10-18 13:57:00,AEP
82.68,82.68,82.6201,82.661,2112,2021-10-18 13:58:00,AEP
82.63,82.63,82.54,82.54,3236,2021-10-18 13:59:00,AEP
82.57,82.659,82.57,82.63,5930,2021-10-18 14:00:00,AEP
82.635,82.635,82.55,82.6,1330,2021-10-18 14:01:00,AEP
82.6,82.68,82.6,82.68,3034,2021-10-18 14:02:00,AEP
82.705,82.78,82.705,82.78,942,2021-10-18 14:03:00,AEP
82.79,82.81,82.78,82.81,7601,2021-10-18 14:04:00,AEP
82.8,82.8199,82.785,82.795,1801,2021-10-18 14:05:00,AEP
82.78,82.78,82.76,82.76,2225,2021-10-18 14:06:00,AEP
82.775,82.85,82.775,82.79,3237,2021-10-18 14:07:00,AEP
82.81,82.83,82.785,82.82,1672,2021-10-18 14:08:00,AEP
82.83,82.83,82.75,82.765,1375,2021-10-18 14:09:00,AEP
82.78,82.78,82.65,82.65,2540,2021-10-18 14:10:00,AEP
82.69,82.78,82.69,82.78,1511,2021-10-18 14:11:00,AEP
82.775,82.775,82.71,82.735,785,2021-10-18 14:12:00,AEP
82.72,82.79,82.72,82.76,837,2021-10-18 14:13:00,AEP
82.76,82.78,82.72,82.73,5243,2021-10-18 14:14:00,AEP
82.7,82.745,82.69,82.745,940,2021-10-18 14:15:00,AEP
82.71,82.71,82.66,82.66,670,2021-10-18 14:16:00,AEP
82.64,82.65,82.61,82.64,2420,2021-10-18 14:17:00,AEP
82.69,82.69,82.655,82.655,300,2021-10-18 14:18:00,AEP
82.71,82.725,82.7073,82.725,475,2021-10-18 14:19:00,AEP
82.72,82.725,82.69,82.709,1468,2021-10-18 14:20:00,AEP
82.67,82.68,82.65,82.67,1018,2021-10-18 14:21:00,AEP
82.6867,82.76,82.6867,82.76,616,2021-10-18 14:22:00,AEP
82.73,82.73,82.68,82.68,1676,2021-10-18 14:23:00,AEP
82.69,82.71,82.66,82.66,1740,2021-10-18 14:24:00,AEP
82.71,82.775,82.71,82.775,1810,2021-10-18 14:25:00,AEP
82.7796,82.825,82.775,82.825,614,2021-10-18 14:26:00,AEP
82.82,82.825,82.75,82.75,6995,2021-10-18 14:27:00,AEP
82.755,82.78,82.75,82.78,1097,2021-10-18 14:28:00,AEP
82.8,82.805,82.8,82.805,220,2021-10-18 14:29:00,AEP
82.84,82.85,82.81,82.84,2409,2021-10-18 14:30:00,AEP
82.84,82.865,82.84,82.85,2971,2021-10-18 14:31:00,AEP
82.87,82.87,82.81,82.8225,1580,2021-10-18 14:32:00,AEP
82.83,82.89,82.83,82.89,1014,2021-10-18 14:33:00,AEP
82.93,82.94,82.93,82.94,600,2021-10-18 14:34:00,AEP
83.01,83.01,82.96,82.965,1910,2021-10-18 14:35:00,AEP
82.96,82.97,82.934,82.934,1505,2021-10-18 14:36:00,AEP
82.93,82.95,82.91,82.93,1762,2021-10-18 14:37:00,AEP
82.91,82.92,82.9,82.92,1400,2021-10-18 14:38:00,AEP
82.9,82.91,82.87,82.87,500,2021-10-18 14:39:00,AEP
82.89,82.895,82.88,82.89,825,2021-10-18 14:40:00,AEP
82.9,82.98,82.895,82.98,4460,2021-10-18 14:41:00,AEP
82.97,83.0,82.97,83.0,1723,2021-10-18 14:42:00,AEP
82.98,83.05,82.98,83.04,1167,2021-10-18 14:43:00,AEP
83.05,83.055,83.04,83.05,3947,2021-10-18 14:44:00,AEP
83.04,83.04,83.0082,83.0082,1537,2021-10-18 14:45:00,AEP
83.02,83.03,83.01,83.02,500,2021-10-18 14:46:00,AEP
83.057,83.057,83.012,83.012,1181,2021-10-18 14:47:00,AEP
83.03,83.11,83.03,83.11,1500,2021-10-18 14:48:00,AEP
83.09,83.106,83.09,83.1,730,2021-10-18 14:49:00,AEP
83.105,83.15,83.105,83.15,800,2021-10-18 14:50:00,AEP
83.135,83.135,83.06,83.07,2996,2021-10-18 14:51:00,AEP
83.05,83.05,83.03,83.03,600,2021-10-18 14:52:00,AEP
83.03,83.03,83.0,83.0,1015,2021-10-18 14:53:00,AEP
83.019,83.019,83.0,83.0,497,2021-10-18 14:54:00,AEP
83.0,83.045,82.98,83.045,1850,2021-10-18 14:55:00,AEP
83.05,83.05,83.05,83.05,453,2021-10-18 14:56:00,AEP
83.06,83.08,83.04,83.065,1106,2021-10-18 14:57:00,AEP
83.07,83.1098,83.065,83.1098,1205,2021-10-18 14:58:00,AEP
83.11,83.13,83.11,83.12,900,2021-10-18 14:59:00,AEP
83.12,83.125,83.08,83.1,3097,2021-10-18 15:00:00,AEP
83.075,83.085,83.07,83.085,1169,2021-10-18 15:01:00,AEP
83.1,83.109,83.08,83.08,1100,2021-10-18 15:03:00,AEP
83.08,83.125,83.07,83.125,1392,2021-10-18 15:04:00,AEP
83.12,83.12,83.1055,83.11,1460,2021-10-18 15:05:00,AEP
83.13,83.14,83.1267,83.14,1050,2021-10-18 15:06:00,AEP
83.14,83.16,83.14,83.16,762,2021-10-18 15:07:00,AEP
83.15,83.15,83.11,83.11,1679,2021-10-18 15:08:00,AEP
83.1144,83.1144,83.11,83.11,260,2021-10-18 15:09:00,AEP
83.13,83.13,83.09,83.09,1300,2021-10-18 15:10:00,AEP
83.09,83.1321,83.07,83.1321,2811,2021-10-18 15:11:00,AEP
83.1286,83.1286,83.1286,83.1286,147,2021-10-18 15:12:00,AEP
83.16,83.19,83.16,83.17,3082,2021-10-18 15:13:00,AEP
83.17,83.17,83.15,83.165,899,2021-10-18 15:14:00,AEP
83.19,83.21,83.18,83.21,2200,2021-10-18 15:15:00,AEP
83.225,83.23,83.225,83.225,600,2021-10-18 15:16:00,AEP
83.23,83.23,83.23,83.23,100,2021-10-18 15:17:00,AEP
83.25,83.25,83.205,83.205,1472,2021-10-18 15:18:00,AEP
83.25,83.26,83.23,83.26,455,2021-10-18 15:19:00,AEP
83.29,83.29,83.28,83.28,300,2021-10-18 15:20:00,AEP
83.25,83.27,83.24,83.27,755,2021-10-18 15:21:00,AEP
83.26,83.26,83.26,83.26,100,2021-10-18 15:22:00,AEP
83.26,83.26,83.22,83.22,812,2021-10-18 15:23:00,AEP
83.23,83.24,83.23,83.24,676,2021-10-18 15:24:00,AEP
83.25,83.25,83.2332,83.2332,2155,2021-10-18 15:25:00,AEP
83.24,83.26,83.24,83.25,1396,2021-10-18 15:26:00,AEP
83.27,83.27,83.22,83.225,1400,2021-10-18 15:27:00,AEP
83.2428,83.2428,83.24,83.24,709,2021-10-18 15:28:00,AEP
83.23,83.23,83.22,83.22,300,2021-10-18 15:29:00,AEP
83.2,83.23,83.18,83.23,3790,2021-10-18 15:30:00,AEP
83.23,83.24,83.23,83.24,6700,2021-10-18 15:31:00,AEP
83.24,83.24,83.23,83.24,1200,2021-10-18 15:32:00,AEP
83.26,83.31,83.26,83.31,350,2021-10-18 15:33:00,AEP
83.3,83.3,83.28,83.285,2197,2021-10-18 15:34:00,AEP
83.29,83.29,83.22,83.23,2700,2021-10-18 15:35:00,AEP
83.2205,83.24,83.2,83.24,3823,2021-10-18 15:36:00,AEP
83.23,83.23,83.2,83.21,700,2021-10-18 15:37:00,AEP
83.19,83.2,83.16,83.2,4644,2021-10-18 15:38:00,AEP
83.2,83.2,83.19,83.2,1300,2021-10-18 15:39:00,AEP
83.19,83.19,83.17,83.17,1200,2021-10-18 15:40:00,AEP
83.17,83.17,83.16,83.16,650,2021-10-18 15:41:00,AEP
83.15,83.15,83.13,83.13,681,2021-10-18 15:42:00,AEP
83.15,83.16,83.15,83.16,400,2021-10-18 15:43:00,AEP
83.15,83.15,83.15,83.15,300,2021-10-18 15:44:00,AEP
83.16,83.16,83.15,83.1584,1585,2021-10-18 15:45:00,AEP
83.155,83.16,83.15,83.16,1200,2021-10-18 15:46:00,AEP
83.15,83.15,83.15,83.15,669,2021-10-18 15:47:00,AEP
83.14,83.155,83.14,83.15,900,2021-10-18 15:48:00,AEP
83.13,83.13,83.12,83.12,450,2021-10-18 15:49:00,AEP
83.14,83.15,83.13,83.13,608,2021-10-18 15:50:00,AEP
83.13,83.14,83.09,83.09,3782,2021-10-18 15:51:00,AEP
83.1462,83.1487,83.1462,83.1487,1000,2021-10-18 15:52:00,AEP
83.14,83.14,83.14,83.14,200,2021-10-18 15:53:00,AEP
83.14,83.145,83.11,83.11,1400,2021-10-18 15:54:00,AEP
83.115,83.115,83.1,83.1,1200,2021-10-18 15:55:00,AEP
83.11,83.1152,83.09,83.11,3817,2021-10-18 15:56:00,AEP
83.115,83.168,83.115,83.168,5443,2021-10-18 15:57:00,AEP
83.1433,83.15,83.13,83.15,1175,2021-10-18 15:58:00,AEP
83.135,83.14,83.135,83.14,300,2021-10-18 15:59:00,AEP
83.165,83.17,83.12,83.12,2600,2021-10-18 16:00:00,AEP
83.135,83.135,83.135,83.135,200,2021-10-18 16:01:00,AEP
83.15,83.17,83.15,83.165,707,2021-10-18 16:02:00,AEP
83.185,83.185,83.17,83.18,1100,2021-10-18 16:03:00,AEP
83.18,83.18,83.175,83.175,306,2021-10-18 16:04:00,AEP
83.17,83.17,83.155,83.155,1802,2021-10-18 16:05:00,AEP
83.15,83.15,83.145,83.15,400,2021-10-18 16:06:00,AEP
83.18,83.18,83.18,83.18,200,2021-10-18 16:07:00,AEP
83.185,83.2,83.185,83.19,556,2021-10-18 16:08:00,AEP
83.1835,83.1835,83.18,83.18,780,2021-10-18 16:09:00,AEP
83.18,83.18,83.18,83.18,200,2021-10-18 16:10:00,AEP
83.185,83.2,83.185,83.2,800,2021-10-18 16:11:00,AEP
83.2,83.2,83.2,83.2,100,2021-10-18 16:12:00,AEP
83.22,83.22,83.21,83.21,750,2021-10-18 16:13:00,AEP
83.21,83.27,83.21,83.27,2131,2021-10-18 16:14:00,AEP
83.265,83.265,83.24,83.24,800,2021-10-18 16:15:00,AEP
83.24,83.245,83.23,83.24,1750,2021-10-18 16:16:00,AEP
83.25,83.25,83.23,83.23,856,2021-10-18 16:17:00,AEP
83.2304,83.2429,83.2253,83.2429,1450,2021-10-18 16:18:00,AEP
83.23,83.23,83.22,83.22,300,2021-10-18 16:19:00,AEP
83.22,83.22,83.2109,83.2109,1382,2021-10-18 16:20:00,AEP
83.22,83.22,83.185,83.185,2525,2021-10-18 16:21:00,AEP
83.1864,83.1864,83.17,83.17,3809,2021-10-18 16:22:00,AEP
83.17,83.17,83.1201,83.17,2413,2021-10-18 16:23:00,AEP
83.15,83.169,83.15,83.169,1952,2021-10-18 16:24:00,AEP
83.16,83.16,83.14,83.16,1029,2021-10-18 16:25:00,AEP
83.16,83.16,83.16,83.16,100,2021-10-18 16:26:00,AEP
83.16,83.16,83.15,83.15,612,2021-10-18 16:27:00,AEP
83.17,83.1837,83.17,83.18,1310,2021-10-18 16:28:00,AEP
83.175,83.175,83.16,83.16,980,2021-10-18 16:29:00,AEP
83.165,83.18,83.16,83.18,1300,2021-10-18 16:30:00,AEP
83.19,83.19,83.18,83.19,2005,2021-10-18 16:31:00,AEP
83.2,83.2,83.2,83.2,200,2021-10-18 16:32:00,AEP
83.21,83.2142,83.19,83.19,1400,2021-10-18 16:33:00,AEP
83.1972,83.2,83.1972,83.2,500,2021-10-18 16:34:00,AEP
83.2,83.2,83.18,83.18,1156,2021-10-18 16:35:00,AEP
83.18,83.19,83.17,83.19,388,2021-10-18 16:36:00,AEP
83.19,83.19,83.175,83.1775,760,2021-10-18 16:37:00,AEP
83.17,83.17,83.13,83.13,1700,2021-10-18 16:38:00,AEP
83.13,83.135,83.13,83.13,1025,2021-10-18 16:40:00,AEP
83.11,83.13,83.11,83.13,850,2021-10-18 16:41:00,AEP
83.14,83.14,83.14,83.14,400,2021-10-18 16:42:00,AEP
83.14,83.14,83.12,83.12,1100,2021-10-18 16:43:00,AEP
83.12,83.12,83.11,83.11,300,2021-10-18 16:44:00,AEP
83.1108,83.1108,83.09,83.09,1245,2021-10-18 16:45:00,AEP
83.09,83.1,83.08,83.085,1537,2021-10-18 16:46:00,AEP
83.08,83.08,83.06,83.0625,1697,2021-10-18 16:47:00,AEP
83.06,83.06,83.0509,83.0509,367,2021-10-18 16:48:00,AEP
83.0566,83.059,83.0272,83.0272,2922,2021-10-18 16:49:00,AEP
83.02,83.05,83.02,83.05,1755,2021-10-18 16:50:00,AEP
83.0405,83.0405,83.04,83.04,689,2021-10-18 16:51:00,AEP
83.06,83.06,83.05,83.055,1200,2021-10-18 16:52:00,AEP
83.055,83.055,83.03,83.03,1331,2021-10-18 16:53:00,AEP
83.03,83.04,83.02,83.02,500,2021-10-18 16:54:00,AEP
83.02,83.03,83.02,83.03,200,2021-10-18 16:55:00,AEP
83.03,83.05,83.03,83.05,1100,2021-10-18 16:56:00,AEP
83.05,83.05,83.05,83.05,400,2021-10-18 16:57:00,AEP
83.08,83.08,83.08,83.08,100,2021-10-18 16:58:00,AEP
83.07,83.07,83.05,83.05,500,2021-10-18 16:59:00,AEP
83.0771,83.0771,83.06,83.07,1552,2021-10-18 17:00:00,AEP
83.07,83.07,83.07,83.07,308,2021-10-18 17:01:00,AEP
83.07,83.08,83.07,83.075,2403,2021-10-18 17:02:00,AEP
83.07,83.08,83.07,83.07,600,2021-10-18 17:03:00,AEP
83.075,83.115,83.07,83.115,11700,2021-10-18 17:04:00,AEP
83.13,83.13,83.125,83.125,257,2021-10-18 17:05:00,AEP
83.13,83.13,83.13,83.13,593,2021-10-18 17:06:00,AEP
83.14,83.15,83.135,83.145,629,2021-10-18 17:07:00,AEP
83.165,83.165,83.15,83.155,619,2021-10-18 17:08:00,AEP
83.15,83.16,83.145,83.15,1549,2021-10-18 17:09:00,AEP
83.13,83.135,83.115,83.12,791,2021-10-18 17:10:00,AEP
83.125,83.15,83.125,83.145,1462,2021-10-18 17:11:00,AEP
83.15,83.15,83.13,83.13,1065,2021-10-18 17:12:00,AEP
83.125,83.13,83.1144,83.1144,847,2021-10-18 17:13:00,AEP
83.1254,83.1254,83.125,83.125,400,2021-10-18 17:14:00,AEP
83.12,83.12,83.12,83.12,682,2021-10-18 17:15:00,AEP
83.12,83.13,83.115,83.125,1084,2021-10-18 17:16:00,AEP
83.11,83.115,83.11,83.115,596,2021-10-18 17:17:00,AEP
83.11,83.1255,83.11,83.1255,825,2021-10-18 17:18:00,AEP
83.13,83.135,83.13,83.13,1127,2021-10-18 17:19:00,AEP
83.135,83.17,83.135,83.17,3566,2021-10-18 17:20:00,AEP
83.18,83.18,83.1,83.1,1710,2021-10-18 17:21:00,AEP
83.09,83.09,83.07,83.07,5461,2021-10-18 17:22:00,AEP
83.08,83.11,83.08,83.1,2023,2021-10-18 17:23:00,AEP
83.1,83.1,83.1,83.1,100,2021-10-18 17:24:00,AEP
83.08,83.1,83.06,83.09,1574,2021-10-18 17:25:00,AEP
83.1032,83.12,83.1013,83.105,879,2021-10-18 17:26:00,AEP
83.11,83.135,83.11,83.135,1000,2021-10-18 17:27:00,AEP
83.125,83.125,83.12,83.12,212,2021-10-18 17:28:00,AEP
83.1235,83.1235,83.09,83.1,809,2021-10-18 17:29:00,AEP
83.09,83.11,83.09,83.095,700,2021-10-18 17:30:00,AEP
83.1,83.1,83.08,83.0905,1017,2021-10-18 17:31:00,AEP
83.1,83.145,83.1,83.12,1600,2021-10-18 17:32:00,AEP
83.13,83.13,83.13,83.13,100,2021-10-18 17:33:00,AEP
83.1222,83.1222,83.1222,83.1222,100,2021-10-18 17:34:00,AEP
83.13,83.13,83.12,83.12,1051,2021-10-18 17:35:00,AEP
83.125,83.125,83.0976,83.0976,2363,2021-10-18 17:36:00,AEP
83.08,83.08,83.07,83.07,412,2021-10-18 17:37:00,AEP
83.0601,83.0768,83.06,83.065,1527,2021-10-18 17:38:00,AEP
83.05,83.05,83.03,83.04,1571,2021-10-18 17:39:00,AEP
83.01,83.01,83.01,83.01,100,2021-10-18 17:40:00,AEP
83.0,83.04,83.0,83.04,1800,2021-10-18 17:41:00,AEP
83.04,83.04,83.03,83.03,228,2021-10-18 17:42:00,AEP
83.025,83.025,83.01,83.02,997,2021-10-18 17:43:00,AEP
83.02,83.02,83.01,83.01,450,2021-10-18 17:44:00,AEP
83.0,83.0,82.97,82.97,3776,2021-10-18 17:45:00,AEP
82.9773,82.9773,82.95,82.95,1570,2021-10-18 17:46:00,AEP
82.93,82.93,82.92,82.93,763,2021-10-18 17:47:00,AEP
82.94,82.96,82.93,82.93,700,2021-10-18 17:48:00,AEP
82.9301,82.935,82.87,82.87,2718,2021-10-18 17:49:00,AEP
82.87,82.89,82.87,82.885,2181,2021-10-18 17:50:00,AEP
82.88,82.95,82.88,82.935,2208,2021-10-18 17:51:00,AEP
82.93,82.93,82.91,82.92,700,2021-10-18 17:52:00,AEP
82.8909,82.91,82.88,82.9,1999,2021-10-18 17:53:00,AEP
82.875,82.8901,82.875,82.8901,1670,2021-10-18 17:55:00,AEP
82.9,82.9,82.9,82.9,346,2021-10-18 17:57:00,AEP
82.9,82.905,82.895,82.9,1400,2021-10-18 17:58:00,AEP
82.895,82.895,82.85,82.865,1700,2021-10-18 17:59:00,AEP
82.86,82.86,82.85,82.86,1212,2021-10-18 18:00:00,AEP
82.86,82.8742,82.85,82.87,1042,2021-10-18 18:01:00,AEP
82.86,82.87,82.86,82.87,1173,2021-10-18 18:02:00,AEP
82.86,82.86,82.86,82.86,100,2021-10-18 18:03:00,AEP
82.86,82.86,82.85,82.855,1288,2021-10-18 18:04:00,AEP
82.855,82.92,82.855,82.92,1150,2021-10-18 18:05:00,AEP
82.9184,82.9184,82.87,82.87,1025,2021-10-18 18:06:00,AEP
82.8684,82.87,82.86,82.86,370,2021-10-18 18:07:00,AEP
82.87,82.8708,82.87,82.8708,730,2021-10-18 18:08:00,AEP
82.88,82.8883,82.88,82.885,829,2021-10-18 18:09:00,AEP
82.88,82.88,82.78,82.82,7145,2021-10-18 18:10:00,AEP
82.82,82.85,82.82,82.84,970,2021-10-18 18:11:00,AEP
82.83,82.83,82.83,82.83,215,2021-10-18 18:12:00,AEP
82.835,82.84,82.825,82.84,1246,2021-10-18 18:13:00,AEP
82.8122,82.835,82.8122,82.83,891,2021-10-18 18:14:00,AEP
82.82,82.82,82.79,82.8,1441,2021-10-18 18:15:00,AEP
82.8,82.82,82.8,82.8,1930,2021-10-18 18:16:00,AEP
82.81,82.82,82.81,82.82,800,2021-10-18 18:17:00,AEP
82.82,82.82,82.79,82.79,800,2021-10-18 18:18:00,AEP
82.78,82.78,82.765,82.765,1200,2021-10-18 18:19:00,AEP
82.77,82.79,82.765,82.785,1012,2021-10-18 18:20:00,AEP
82.785,82.789,82.76,82.76,755,2021-10-18 18:21:00,AEP
82.755,82.755,82.74,82.74,500,2021-10-18 18:22:00,AEP
82.73,82.75,82.725,82.75,1801,2021-10-18 18:23:00,AEP
82.75,82.75,82.735,82.735,960,2021-10-18 18:24:00,AEP
82.7346,82.79,82.7346,82.79,2225,2021-10-18 18:25:00,AEP
82.82,82.82,82.8,82.8001,1500,2021-10-18 18:26:00,AEP
82.7944,82.81,82.76,82.76,2852,2021-10-18 18:27:00,AEP
82.77,82.77,82.77,82.77,200,2021-10-18 18:28:00,AEP
82.79,82.83,82.79,82.81,1168,2021-10-18 18:29:00,AEP
82.8,82.83,82.79,82.83,2336,2021-10-18 18:30:00,AEP
82.84,82.85,82.84,82.85,2443,2021-10-18 18:31:00,AEP
82.85,82.8542,82.85,82.85,598,2021-10-18 18:32:00,AEP
82.845,82.845,82.845,82.845,100,2021-10-18 18:33:00,AEP
82.85,82.87,82.85,82.87,314,2021-10-18 18:34:00,AEP
82.88,82.89,82.88,82.89,500,2021-10-18 18:35:00,AEP
82.875,82.88,82.875,82.875,500,2021-10-18 18:36:00,AEP
82.9,82.91,82.9,82.9,416,2021-10-18 18:37:00,AEP
82.93,82.94,82.93,82.93,2568,2021-10-18 18:38:00,AEP
82.9284,82.96,82.9284,82.96,1300,2021-10-18 18:39:00,AEP
82.98,82.98,82.97,82.98,800,2021-10-18 18:40:00,AEP
82.97,82.97,82.97,82.97,600,2021-10-18 18:41:00,AEP
82.98,82.99,82.9799,82.98,750,2021-10-18 18:42:00,AEP
82.99,83.0,82.98,83.0,1150,2021-10-18 18:43:00,AEP
83.02,83.02,83.0,83.0,850,2021-10-18 18:44:00,AEP
83.02,83.045,83.02,83.02,744,2021-10-18 18:45:00,AEP
83.01,83.0314,83.01,83.03,1643,2021-10-18 18:46:00,AEP
83.02,83.02,83.01,83.02,697,2021-10-18 18:47:00,AEP
83.035,83.04,83.03,83.03,1140,2021-10-18 18:48:00,AEP
83.0384,83.0384,83.0384,83.0384,100,2021-10-18 18:49:00,AEP
83.04,83.09,83.04,83.08,1060,2021-10-18 18:50:00,AEP
83.09,83.09,83.075,83.075,800,2021-10-18 18:51:00,AEP
83.09,83.11,83.09,83.11,900,2021-10-18 18:52:00,AEP
83.11,83.12,83.11,83.12,462,2021-10-18 18:53:00,AEP
83.125,83.15,83.125,83.14,1141,2021-10-18 18:54:00,AEP
83.14,83.15,83.13,83.15,3630,2021-10-18 18:55:00,AEP
83.15,83.17,83.15,83.17,400,2021-10-18 18:56:00,AEP
83.17,83.185,83.16,83.165,3339,2021-10-18 18:57:00,AEP
83.16,83.18,83.16,83.18,1300,2021-10-18 18:58:00,AEP
83.17,83.17,83.17,83.17,400,2021-10-18 18:59:00,AEP
83.17,83.21,83.16,83.21,1800,2021-10-18 19:00:00,AEP
83.21,83.21,83.18,83.18,1200,2021-10-18 19:01:00,AEP
83.165,83.1719,83.16,83.1719,2250,2021-10-18 19:02:00,AEP
83.17,83.17,83.13,83.13,1862,2021-10-18 19:03:00,AEP
83.13,83.14,83.11,83.12,1255,2021-10-18 19:04:00,AEP
83.12,83.12,83.12,83.12,200,2021-10-18 19:05:00,AEP
83.1209,83.1209,83.08,83.09,1808,2021-10-18 19:06:00,AEP
83.09,83.11,83.09,83.11,500,2021-10-18 19:07:00,AEP
83.12,83.13,83.12,83.12,2387,2021-10-18 19:08:00,AEP
83.12,83.12,83.08,83.085,1196,2021-10-18 19:09:00,AEP
83.09,83.11,83.09,83.11,2267,2021-10-18 19:10:00,AEP
83.12,83.165,83.12,83.165,2303,2021-10-18 19:11:00,AEP
83.16,83.1657,83.16,83.1657,1161,2021-10-18 19:12:00,AEP
83.17,83.21,83.17,83.19,2112,2021-10-18 19:13:00,AEP
83.1968,83.1968,83.1899,83.1899,380,2021-10-18 19:14:00,AEP
83.18,83.18,83.17,83.17,200,2021-10-18 19:15:00,AEP
83.1784,83.1784,83.17,83.17,1373,2021-10-18 19:16:00,AEP
83.16,83.162,83.12,83.12,2422,2021-10-18 19:17:00,AEP
83.12,83.15,83.12,83.13,2064,2021-10-18 19:18:00,AEP
83.13,83.135,83.126,83.135,3380,2021-10-18 19:19:00,AEP
83.13,83.13,83.12,83.12,400,2021-10-18 19:20:00,AEP
83.11,83.12,83.11,83.12,1206,2021-10-18 19:21:00,AEP
83.125,83.1299,83.104,83.115,2310,2021-10-18 19:22:00,AEP
83.105,83.11,83.09,83.1,2420,2021-10-18 19:23:00,AEP
83.105,83.105,83.0913,83.095,1321,2021-10-18 19:24:00,AEP
83.11,83.12,83.07,83.08,2786,2021-10-18 19:25:00,AEP
83.09,83.14,83.08,83.13,1951,2021-10-18 19:26:00,AEP
83.13,83.13,83.11,83.12,2473,2021-10-18 19:27:00,AEP
83.13,83.13,83.12,83.13,1175,2021-10-18 19:28:00,AEP
83.11,83.13,83.085,83.09,1330,2021-10-18 19:29:00,AEP
83.06,83.08,83.04,83.04,2369,2021-10-18 19:30:00,AEP
83.05,83.055,83.01,83.0268,2100,2021-10-18 19:31:00,AEP
83.02,83.06,83.015,83.05,2480,2021-10-18 19:32:00,AEP
83.065,83.065,82.99,82.99,1981,2021-10-18 19:33:00,AEP
83.0,83.02,82.98,83.0,1542,2021-10-18 19:34:00,AEP
82.9834,82.9834,82.94,82.96,1488,2021-10-18 19:35:00,AEP
82.96,82.965,82.915,82.915,2022,2021-10-18 19:36:00,AEP
82.91,82.92,82.9,82.92,3947,2021-10-18 19:37:00,AEP
82.93,82.96,82.93,82.96,1930,2021-10-18 19:38:00,AEP
82.965,82.97,82.95,82.96,2273,2021-10-18 19:39:00,AEP
82.975,83.02,82.975,83.01,2726,2021-10-18 19:40:00,AEP
83.005,83.005,82.99,82.99,2105,2021-10-18 19:41:00,AEP
82.99,82.99,82.97,82.98,876,2021-10-18 19:42:00,AEP
82.965,82.985,82.965,82.97,1227,2021-10-18 19:43:00,AEP
82.965,82.985,82.965,82.965,4955,2021-10-18 19:44:00,AEP
82.97,83.01,82.96,83.01,4146,2021-10-18 19:45:00,AEP
83.005,83.01,82.975,82.985,4753,2021-10-18 19:46:00,AEP
82.99,83.03,82.99,82.995,15395,2021-10-18 19:47:00,AEP
83.0,83.02,82.99,83.02,7293,2021-10-18 19:48:00,AEP
83.015,83.06,83.015,83.055,6521,2021-10-18 19:49:00,AEP
83.06,83.185,83.0575,83.185,11045,2021-10-18 19:50:00,AEP
83.18,83.185,83.08,83.09,18694,2021-10-18 19:51:00,AEP
83.09,83.12,83.07,83.07,5536,2021-10-18 19:52:00,AEP
83.07,83.08,83.04,83.04,6371,2021-10-18 19:53:00,AEP
83.04,83.05,83.01,83.01,9389,2021-10-18 19:54:00,AEP
83.01,83.03,83.0,83.005,12351,2021-10-18 19:55:00,AEP
83.0,83.0,82.97,82.98,8354,2021-10-18 19:56:00,AEP
82.985,83.0,82.945,82.995,20757,2021-10-18 19:57:00,AEP
82.99,83.01,82.98,83.005,22174,2021-10-18 19:58:00,AEP
83.005,83.01,82.97,82.99,51255,2021-10-18 19:59:00,AEP
82.99,82.99,82.99,82.99,386331,2021-10-18 20:00:00,AEP
82.99,82.99,82.99,82.99,99911,2021-10-18 20:01:00,AEP
82.95,82.95,82.95,82.95,376,2021-10-18 20:10:00,AEP
82.95,82.95,82.95,82.95,371,2021-10-18 20:12:00,AEP
82.99,82.99,82.99,82.99,563,2021-10-18 20:34:00,AEP
82.99,82.99,82.99,82.99,37267,2021-10-18 20:37:00,AEP
82.99,82.99,82.99,82.99,20651,2021-10-18 20:38:00,AEP
83.5,83.5,83.5,83.5,250,2021-10-19 12:45:00,AEP
83.19,83.19,83.19,83.19,142,2021-10-19 13:25:00,AEP
83.35,83.6575,83.34,83.52,42765,2021-10-19 13:30:00,AEP
83.39,83.55,83.37,83.5297,3892,2021-10-19 13:31:00,AEP
83.525,83.58,83.44,83.44,9470,2021-10-19 13:32:00,AEP
83.4,83.58,83.4,83.42,6633,2021-10-19 13:33:00,AEP
83.395,83.44,83.31,83.31,5108,2021-10-19 13:34:00,AEP
83.31,83.47,83.28,83.47,3324,2021-10-19 13:35:00,AEP
83.48,83.505,83.41,83.43,2600,2021-10-19 13:36:00,AEP
83.48,83.57,83.48,83.5,2963,2021-10-19 13:37:00,AEP
83.49,83.495,83.38,83.38,3015,2021-10-19 13:38:00,AEP
83.4,83.46,83.36,83.45,5578,2021-10-19 13:39:00,AEP
83.5,83.545,83.46,83.46,3012,2021-10-19 13:40:00,AEP
83.46,83.49,83.4,83.4,2200,2021-10-19 13:41:00,AEP
83.46,83.46,83.44,83.45,677,2021-10-19 13:42:00,AEP
83.45,83.49,83.38,83.38,2000,2021-10-19 13:43:00,AEP
83.39,83.4,83.345,83.345,2369,2021-10-19 13:44:00,AEP
83.35,83.36,83.26,83.33,4515,2021-10-19 13:45:00,AEP
83.31,83.415,83.31,83.39,1624,2021-10-19 13:46:00,AEP
83.45,83.45,83.4,83.42,400,2021-10-19 13:47:00,AEP
83.41,83.41,83.34,83.34,368,2021-10-19 13:48:00,AEP
83.29,83.34,83.29,83.32,1600,2021-10-19 13:49:00,AEP
83.36,83.37,83.32,83.32,3113,2021-10-19 13:50:00,AEP
83.29,83.325,83.28,83.3,2405,2021-10-19 13:51:00,AEP
83.3,83.36,83.28,83.28,1386,2021-10-19 13:52:00,AEP
83.23,83.28,83.23,83.28,1426,2021-10-19 13:53:00,AEP
83.25,83.26,83.2,83.24,1102,2021-10-19 13:54:00,AEP
83.29,83.29,83.1895,83.22,1519,2021-10-19 13:55:00,AEP
83.21,83.27,83.21,83.27,1330,2021-10-19 13:56:00,AEP
83.33,83.37,83.33,83.35,2693,2021-10-19 13:57:00,AEP
83.36,83.42,83.34,83.42,3921,2021-10-19 13:58:00,AEP
83.4,83.42,83.39,83.39,1987,2021-10-19 13:59:00,AEP
83.42,83.48,83.42,83.44,2890,2021-10-19 14:00:00,AEP
83.43,83.459,83.39,83.39,4362,2021-10-19 14:01:00,AEP
83.41,83.45,83.38,83.45,1425,2021-10-19 14:02:00,AEP
83.47,83.47,83.4168,83.4168,4032,2021-10-19 14:03:00,AEP
83.42,83.42,83.31,83.31,1207,2021-10-19 14:04:00,AEP
83.29,83.34,83.29,83.34,1100,2021-10-19 14:05:00,AEP
83.365,83.37,83.34,83.37,600,2021-10-19 14:06:00,AEP
83.37,83.37,83.34,83.37,1100,2021-10-19 14:07:00,AEP
83.4,83.42,83.4,83.405,1130,2021-10-19 14:08:00,AEP
83.425,83.49,83.425,83.49,4035,2021-10-19 14:09:00,AEP
83.49,83.5,83.47,83.49,2220,2021-10-19 14:10:00,AEP
83.52,83.5814,83.52,83.58,4135,2021-10-19 14:11:00,AEP
83.58,83.58,83.57,83.58,800,2021-10-19 14:12:00,AEP
83.565,83.61,83.565,83.61,1300,2021-10-19 14:13:00,AEP
83.6058,83.63,83.565,83.565,2816,2021-10-19 14:14:00,AEP
83.58,83.58,83.52,83.545,1128,2021-10-19 14:15:00,AEP
83.52,83.52,83.52,83.52,230,2021-10-19 14:16:00,AEP
83.51,83.51,83.44,83.44,2604,2021-10-19 14:17:00,AEP
83.43,83.43,83.4,83.415,1800,2021-10-19 14:18:00,AEP
83.39,83.42,83.39,83.42,400,2021-10-19 14:19:00,AEP
83.43,83.4415,83.38,83.4,1200,2021-10-19 14:20:00,AEP
83.39,83.44,83.39,83.44,1284,2021-10-19 14:21:00,AEP
83.42,83.46,83.42,83.46,1400,2021-10-19 14:22:00,AEP
83.435,83.5,83.435,83.4902,3250,2021-10-19 14:23:00,AEP
83.5,83.51,83.49,83.505,1850,2021-10-19 14:24:00,AEP
83.509,83.509,83.49,83.505,1358,2021-10-19 14:25:00,AEP
83.51,83.51,83.48,83.48,1200,2021-10-19 14:26:00,AEP
83.5,83.52,83.48,83.495,2974,2021-10-19 14:27:00,AEP
83.485,83.485,83.4,83.4,4049,2021-10-19 14:28:00,AEP
83.41,83.41,83.36,83.405,1157,2021-10-19 14:29:00,AEP
83.4,83.46,83.4,83.46,2845,2021-10-19 14:30:00,AEP
83.47,83.4784,83.43,83.44,1982,2021-10-19 14:31:00,AEP
83.43,83.44,83.43,83.44,319,2021-10-19 14:32:00,AEP
83.45,83.46,83.43,83.46,1045,2021-10-19 14:33:00,AEP
83.43,83.45,83.426,83.45,986,2021-10-19 14:34:00,AEP
83.45,83.48,83.44,83.48,1100,2021-10-19 14:35:00,AEP
83.46,83.46,83.43,83.43,2000,2021-10-19 14:36:00,AEP
83.44,83.44,83.42,83.44,560,2021-10-19 14:37:00,AEP
83.45,83.51,83.45,83.5,5681,2021-10-19 14:38:00,AEP
83.505,83.53,83.505,83.52,3895,2021-10-19 14:39:00,AEP
83.52,83.53,83.5,83.5,4588,2021-10-19 14:40:00,AEP
83.52,83.59,83.52,83.56,2736,2021-10-19 14:41:00,AEP
83.58,83.58,83.57,83.5769,500,2021-10-19 14:42:00,AEP
83.59,83.6,83.5773,83.58,3600,2021-10-19 14:43:00,AEP
83.57,83.57,83.525,83.55,1300,2021-10-19 14:44:00,AEP
83.53,83.53,83.47,83.47,1200,2021-10-19 14:45:00,AEP
83.46,83.475,83.46,83.46,1300,2021-10-19 14:46:00,AEP
83.42,83.42,83.41,83.42,1200,2021-10-19 14:47:00,AEP
83.41,83.43,83.3999,83.43,4300,2021-10-19 14:48:00,AEP
83.41,83.43,83.41,83.43,1000,2021-10-19 14:49:00,AEP
83.42,83.42,83.39,83.4028,700,2021-10-19 14:50:00,AEP
83.41,83.41,83.3976,83.3976,600,2021-10-19 14:51:00,AEP
83.39,83.415,83.39,83.41,600,2021-10-19 14:52:00,AEP
83.4,83.4,83.36,83.36,1947,2021-10-19 14:53:00,AEP
83.35,83.35,83.32,83.34,1300,2021-10-19 14:54:00,AEP
83.34,83.36,83.28,83.29,2984,2021-10-19 14:55:00,AEP
83.29,83.29,83.24,83.25,4168,2021-10-19 14:56:00,AEP
83.24,83.2499,83.22,83.23,600,2021-10-19 14:57:00,AEP
83.23,83.2957,83.2102,83.28,1808,2021-10-19 14:58:00,AEP
83.29,83.29,83.24,83.245,1968,2021-10-19 14:59:00,AEP
83.26,83.28,83.26,83.265,700,2021-10-19 15:00:00,AEP
83.26,83.2759,83.26,83.27,950,2021-10-19 15:01:00,AEP
83.28,83.3168,83.28,83.3168,2242,2021-10-19 15:02:00,AEP
83.315,83.33,83.31,83.33,1200,2021-10-19 15:03:00,AEP
83.35,83.42,83.35,83.39,1553,2021-10-19 15:04:00,AEP
83.385,83.4185,83.385,83.4185,800,2021-10-19 15:05:00,AEP
83.42,83.43,83.41,83.42,1330,2021-10-19 15:06:00,AEP
83.43,83.43,83.38,83.39,1882,2021-10-19 15:07:00,AEP
83.38,83.39,83.36,83.385,1400,2021-10-19 15:08:00,AEP
83.37,83.39,83.36,83.38,2800,2021-10-19 15:09:00,AEP
83.37,83.4,83.34,83.36,1634,2021-10-19 15:10:00,AEP
83.3563,83.3563,83.315,83.32,1716,2021-10-19 15:11:00,AEP
83.32,83.35,83.32,83.35,1020,2021-10-19 15:12:00,AEP
83.36,83.41,83.36,83.41,543,2021-10-19 15:13:00,AEP
83.4,83.4,83.37,83.37,2500,2021-10-19 15:14:00,AEP
83.39,83.4,83.38,83.39,900,2021-10-19 15:15:00,AEP
83.3935,83.51,83.3935,83.49,4039,2021-10-19 15:16:00,AEP
83.5,83.515,83.49,83.5,2693,2021-10-19 15:17:00,AEP
83.4999,83.5,83.4918,83.5,865,2021-10-19 15:18:00,AEP
83.51,83.515,83.505,83.505,1114,2021-10-19 15:19:00,AEP
83.52,83.52,83.49,83.494,3044,2021-10-19 15:20:00,AEP
83.49,83.51,83.485,83.485,800,2021-10-19 15:21:00,AEP
83.48,83.5,83.47,83.48,1650,2021-10-19 15:22:00,AEP
83.475,83.49,83.47,83.49,802,2021-10-19 15:23:00,AEP
83.48,83.54,83.48,83.5,12033,2021-10-19 15:24:00,AEP
83.51,83.55,83.51,83.55,325,2021-10-19 15:25:00,AEP
83.5495,83.595,83.54,83.59,4213,2021-10-19 15:26:00,AEP
83.59,83.59,83.575,83.575,900,2021-10-19 15:27:00,AEP
83.57,83.575,83.57,83.57,900,2021-10-19 15:28:00,AEP
83.57,83.57,83.535,83.535,1100,2021-10-19 15:29:00,AEP
83.51,83.55,83.51,83.54,1000,2021-10-19 15:30:00,AEP
83.54,83.54,83.49,83.505,1397,2021-10-19 15:31:00,AEP
83.495,83.55,83.495,83.55,900,2021-10-19 15:32:00,AEP
83.54,83.54,83.51,83.51,2161,2021-10-19 15:33:00,AEP
83.49,83.495,83.465,83.465,1119,2021-10-19 15:34:00,AEP
83.465,83.4675,83.45,83.45,1759,2021-10-19 15:35:00,AEP
83.44,83.44,83.41,83.42,2300,2021-10-19 15:36:00,AEP
83.42,83.42,83.41,83.41,400,2021-10-19 15:37:00,AEP
83.43,83.46,83.43,83.43,800,2021-10-19 15:38:00,AEP
83.41,83.42,83.39,83.41,2900,2021-10-19 15:39:00,AEP
83.41,83.415,83.41,83.415,639,2021-10-19 15:40:00,AEP
83.425,83.43,83.425,83.43,200,2021-10-19 15:41:00,AEP
83.43,83.43,83.41,83.41,1920,2021-10-19 15:42:00,AEP
83.41,83.45,83.41,83.43,1479,2021-10-19 15:43:00,AEP
83.43,83.45,83.405,83.405,1796,2021-10-19 15:44:00,AEP
83.4156,83.43,83.4,83.41,1121,2021-10-19 15:45:00,AEP
83.4,83.4,83.4,83.4,200,2021-10-19 15:46:00,AEP
83.4,83.42,83.39,83.42,1414,2021-10-19 15:47:00,AEP
83.42,83.42,83.4,83.4,650,2021-10-19 15:48:00,AEP
83.41,83.41,83.4,83.4,1649,2021-10-19 15:49:00,AEP
83.39,83.39,83.37,83.37,1000,2021-10-19 15:50:00,AEP
83.36,83.365,83.32,83.32,1563,2021-10-19 15:51:00,AEP
83.33,83.35,83.33,83.35,600,2021-10-19 15:52:00,AEP
83.3559,83.39,83.3559,83.36,2160,2021-10-19 15:53:00,AEP
83.36,83.39,83.36,83.39,580,2021-10-19 15:54:00,AEP
83.38,83.38,83.35,83.37,2000,2021-10-19 15:55:00,AEP
83.38,83.42,83.38,83.39,3100,2021-10-19 15:56:00,AEP
83.4,83.4008,83.39,83.4,1125,2021-10-19 15:57:00,AEP
83.41,83.47,83.41,83.46,3525,2021-10-19 15:58:00,AEP
83.46,83.53,83.46,83.525,2200,2021-10-19 15:59:00,AEP
83.53,83.57,83.53,83.5591,1745,2021-10-19 16:00:00,AEP
83.58,83.58,83.56,83.5616,700,2021-10-19 16:01:00,AEP
83.565,83.63,83.555,83.61,3350,2021-10-19 16:02:00,AEP
83.61,83.61,83.6001,83.61,700,2021-10-19 16:03:00,AEP
83.61,83.64,83.6,83.62,2000,2021-10-19 16:04:00,AEP
83.62,83.62,83.59,83.62,2275,2021-10-19 16:05:00,AEP
83.61,83.63,83.61,83.63,500,2021-10-19 16:06:00,AEP
83.63,83.64,83.625,83.64,1700,2021-10-19 16:07:00,AEP
83.64,83.67,83.63,83.63,2508,2021-10-19 16:08:00,AEP
83.625,83.625,83.585,83.62,1611,2021-10-19 16:09:00,AEP
83.63,83.65,83.63,83.65,700,2021-10-19 16:10:00,AEP
83.64,83.665,83.64,83.665,300,2021-10-19 16:11:00,AEP
83.67,83.69,83.67,83.67,2018,2021-10-19 16:12:00,AEP
83.67,83.7,83.64,83.6925,7400,2021-10-19 16:13:00,AEP
83.7,83.71,83.7,83.7,3157,2021-10-19 16:14:00,AEP
83.71,83.73,83.7,83.71,1407,2021-10-19 16:15:00,AEP
83.715,83.74,83.71,83.74,2238,2021-10-19 16:16:00,AEP
83.74,83.7502,83.72,83.7502,2200,2021-10-19 16:17:00,AEP
83.7575,83.76,83.73,83.73,1039,2021-10-19 16:18:00,AEP
83.725,83.75,83.72,83.75,3974,2021-10-19 16:19:00,AEP
83.7561,83.805,83.74,83.75,4527,2021-10-19 16:20:00,AEP
83.7615,83.78,83.7466,83.7466,1557,2021-10-19 16:21:00,AEP
83.75,83.78,83.75,83.78,500,2021-10-19 16:22:00,AEP
83.76,83.76,83.75,83.76,600,2021-10-19 16:23:00,AEP
83.78,83.8,83.78,83.8,2087,2021-10-19 16:24:00,AEP
83.79,83.79,83.77,83.79,4980,2021-10-19 16:25:00,AEP
83.8,83.82,83.8,83.81,2438,2021-10-19 16:26:00,AEP
83.83,83.85,83.83,83.85,622,2021-10-19 16:27:00,AEP
83.83,83.85,83.83,83.85,1153,2021-10-19 16:28:00,AEP
83.85,83.85,83.835,83.835,1148,2021-10-19 16:29:00,AEP
83.835,83.86,83.835,83.86,2760,2021-10-19 16:30:00,AEP
83.86,83.9,83.85,83.89,1477,2021-10-19 16:31:00,AEP
83.895,83.91,83.89,83.89,4438,2021-10-19 16:32:00,AEP
83.9,83.9,83.89,83.89,1200,2021-10-19 16:33:00,AEP
83.89,83.92,83.87,83.92,3300,2021-10-19 16:34:00,AEP
83.91,83.91,83.89,83.89,1538,2021-10-19 16:35:00,AEP
83.893,83.9,83.885,83.89,3745,2021-10-19 16:36:00,AEP
83.9,83.91,83.895,83.91,843,2021-10-19 16:37:00,AEP
83.915,83.92,83.875,83.88,2631,2021-10-19 16:38:00,AEP
83.88,83.88,83.875,83.88,2559,2021-10-19 16:39:00,AEP
83.9,83.94,83.9,83.92,2800,2021-10-19 16:40:00,AEP
83.92,83.94,83.91,83.929,2301,2021-10-19 16:41:00,AEP
83.93,83.93,83.92,83.925,400,2021-10-19 16:42:00,AEP
83.92,83.94,83.92,83.93,800,2021-10-19 16:43:00,AEP
83.93,83.95,83.93,83.95,900,2021-10-19 16:44:00,AEP
83.94,83.94,83.93,83.94,2539,2021-10-19 16:45:00,AEP
83.93,83.935,83.91,83.93,1307,2021-10-19 16:46:00,AEP
83.93,83.93,83.93,83.93,100,2021-10-19 16:47:00,AEP
83.93,83.93,83.91,83.92,2486,2021-10-19 16:48:00,AEP
83.93,83.93,83.91,83.91,647,2021-10-19 16:49:00,AEP
83.925,83.925,83.925,83.925,500,2021-10-19 16:50:00,AEP
83.93,83.955,83.93,83.94,2060,2021-10-19 16:51:00,AEP
83.945,83.96,83.945,83.95,1096,2021-10-19 16:52:00,AEP
83.96,83.96,83.94,83.95,1941,2021-10-19 16:53:00,AEP
83.97,83.99,83.97,83.98,2812,2021-10-19 16:54:00,AEP
83.97,83.97,83.965,83.965,400,2021-10-19 16:55:00,AEP
83.965,83.965,83.96,83.96,1632,2021-10-19 16:56:00,AEP
83.96,83.96,83.94,83.94,951,2021-10-19 16:57:00,AEP
83.945,83.95,83.92,83.92,9439,2021-10-19 16:58:00,AEP
83.93,83.93,83.895,83.895,7298,2021-10-19 16:59:00,AEP
83.8926,83.91,83.87,83.871,4748,2021-10-19 17:00:00,AEP
83.865,83.88,83.835,83.84,8485,2021-10-19 17:01:00,AEP
83.845,83.85,83.81,83.82,22235,2021-10-19 17:02:00,AEP
83.825,83.86,83.82,83.82,10982,2021-10-19 17:03:00,AEP
83.81,83.835,83.8,83.8,9497,2021-10-19 17:04:00,AEP
83.7948,83.87,83.78,83.86,18233,2021-10-19 17:05:00,AEP
83.88,83.91,83.875,83.875,3900,2021-10-19 17:06:00,AEP
83.88,83.885,83.86,83.86,3179,2021-10-19 17:07:00,AEP
83.86,83.87,83.86,83.87,1700,2021-10-19 17:08:00,AEP
83.86,83.9,83.86,83.9,1000,2021-10-19 17:09:00,AEP
83.88,83.91,83.875,83.91,2854,2021-10-19 17:10:00,AEP
83.915,83.93,83.91,83.91,1962,2021-10-19 17:11:00,AEP
83.9,83.91,83.89,83.91,3000,2021-10-19 17:12:00,AEP
83.9,83.905,83.895,83.895,3300,2021-10-19 17:13:00,AEP
83.91,83.93,83.91,83.93,309,2021-10-19 17:14:00,AEP
83.93,83.9393,83.92,83.9393,1962,2021-10-19 17:15:00,AEP
83.92,83.92,83.885,83.885,3767,2021-10-19 17:16:00,AEP
83.89,83.89,83.88,83.88,520,2021-10-19 17:17:00,AEP
83.88,83.89,83.87,83.87,2100,2021-10-19 17:18:00,AEP
83.87,83.87,83.86,83.86,405,2021-10-19 17:19:00,AEP
83.855,83.855,83.83,83.83,2195,2021-10-19 17:20:00,AEP
83.835,83.835,83.79,83.81,4022,2021-10-19 17:21:00,AEP
83.8,83.805,83.78,83.78,700,2021-10-19 17:22:00,AEP
83.78,83.78,83.745,83.745,2973,2021-10-19 17:23:00,AEP
83.745,83.77,83.745,83.77,1599,2021-10-19 17:24:00,AEP
83.76,83.76,83.71,83.71,1200,2021-10-19 17:25:00,AEP
83.71,83.71,83.666,83.666,2807,2021-10-19 17:26:00,AEP
83.67,83.68,83.66,83.67,1590,2021-10-19 17:27:00,AEP
83.6717,83.68,83.65,83.65,6210,2021-10-19 17:28:00,AEP
83.63,83.65,83.62,83.645,1815,2021-10-19 17:29:00,AEP
83.65,83.655,83.64,83.64,600,2021-10-19 17:30:00,AEP
83.64,83.64,83.6,83.6,3209,2021-10-19 17:31:00,AEP
83.595,83.605,83.57,83.57,4734,2021-10-19 17:32:00,AEP
83.57,83.59,83.57,83.585,900,2021-10-19 17:33:00,AEP
83.585,83.645,83.585,83.64,1929,2021-10-19 17:34:00,AEP
83.63,83.63,83.605,83.6083,1832,2021-10-19 17:35:00,AEP
83.6,83.63,83.59,83.63,2636,2021-10-19 17:36:00,AEP
83.634,83.67,83.625,83.67,3300,2021-10-19 17:37:00,AEP
83.68,83.68,83.64,83.64,1239,2021-10-19 17:38:00,AEP
83.64,83.64,83.64,83.64,167,2021-10-19 17:39:00,AEP
83.63,83.63,83.6,83.6,747,2021-10-19 17:40:00,AEP
83.6,83.6,83.5534,83.58,3081,2021-10-19 17:41:00,AEP
83.595,83.6,83.59,83.6,1164,2021-10-19 17:42:00,AEP
83.59,83.62,83.59,83.595,2118,2021-10-19 17:43:00,AEP
83.59,83.595,83.59,83.595,495,2021-10-19 17:44:00,AEP
83.595,83.595,83.58,83.58,600,2021-10-19 17:45:00,AEP
83.58,83.6,83.575,83.6,2165,2021-10-19 17:46:00,AEP
83.59,83.59,83.58,83.585,600,2021-10-19 17:47:00,AEP
83.58,83.5998,83.58,83.5998,2070,2021-10-19 17:48:00,AEP
83.6,83.61,83.6,83.61,600,2021-10-19 17:49:00,AEP
83.625,83.63,83.6,83.605,4682,2021-10-19 17:50:00,AEP
83.61,83.63,83.58,83.5885,6382,2021-10-19 17:51:00,AEP
83.58,83.59,83.56,83.58,2835,2021-10-19 17:52:00,AEP
83.58,83.6,83.58,83.6,600,2021-10-19 17:53:00,AEP
83.595,83.61,83.59,83.6,876,2021-10-19 17:54:00,AEP
83.585,83.59,83.57,83.57,800,2021-10-19 17:55:00,AEP
83.57,83.575,83.53,83.54,1700,2021-10-19 17:56:00,AEP
83.54,83.59,83.54,83.575,2990,2021-10-19 17:57:00,AEP
83.58,83.585,83.54,83.55,3215,2021-10-19 17:58:00,AEP
83.55,83.56,83.55,83.56,913,2021-10-19 17:59:00,AEP
83.55,83.56,83.55,83.55,1146,2021-10-19 18:00:00,AEP
83.55,83.55,83.55,83.55,268,2021-10-19 18:01:00,AEP
83.545,83.57,83.545,83.57,5768,2021-10-19 18:02:00,AEP
83.565,83.58,83.5487,83.5502,4098,2021-10-19 18:03:00,AEP
83.55,83.57,83.545,83.56,2687,2021-10-19 18:04:00,AEP
83.57,83.625,83.56,83.625,3644,2021-10-19 18:05:00,AEP
83.63,83.65,83.63,83.65,1286,2021-10-19 18:06:00,AEP
83.65,83.65,83.613,83.62,3621,2021-10-19 18:07:00,AEP
83.64,83.6709,83.635,83.67,6195,2021-10-19 18:08:00,AEP
83.66,83.685,83.66,83.685,634,2021-10-19 18:09:00,AEP
83.68,83.68,83.68,83.68,700,2021-10-19 18:10:00,AEP
83.6999,83.6999,83.6999,83.6999,121,2021-10-19 18:11:00,AEP
83.68,83.6972,83.68,83.6972,1168,2021-10-19 18:12:00,AEP
83.72,83.76,83.72,83.75,3450,2021-10-19 18:13:00,AEP
83.74,83.74,83.71,83.71,1263,2021-10-19 18:14:00,AEP
83.705,83.73,83.68,83.71,5256,2021-10-19 18:15:00,AEP
83.71,83.73,83.7,83.725,8596,2021-10-19 18:16:00,AEP
83.73,83.74,83.73,83.74,600,2021-10-19 18:17:00,AEP
83.735,83.735,83.735,83.735,100,2021-10-19 18:18:00,AEP
83.7318,83.79,83.7318,83.76,8040,2021-10-19 18:19:00,AEP
83.76,83.8,83.76,83.7901,6300,2021-10-19 18:20:00,AEP
83.795,83.795,83.765,83.77,3942,2021-10-19 18:21:00,AEP
83.77,83.775,83.76,83.76,1400,2021-10-19 18:22:00,AEP
83.77,83.79,83.77,83.785,3566,2021-10-19 18:23:00,AEP
83.79,83.81,83.79,83.79,912,2021-10-19 18:24:00,AEP
83.78,83.81,83.775,83.8,2729,2021-10-19 18:25:00,AEP
83.795,83.84,83.795,83.84,2242,2021-10-19 18:26:00,AEP
83.83,83.85,83.83,83.84,3075,2021-10-19 18:27:00,AEP
83.84,83.865,83.84,83.86,3105,2021-10-19 18:28:00,AEP
83.87,83.9,83.865,83.89,2122,2021-10-19 18:29:00,AEP
83.88,83.88,83.87,83.87,1407,2021-10-19 18:30:00,AEP
83.88,83.895,83.85,83.87,2839,2021-10-19 18:31:00,AEP
83.85,83.85,83.83,83.83,1712,2021-10-19 18:32:00,AEP
83.83,83.865,83.83,83.8648,2343,2021-10-19 18:33:00,AEP
83.87,83.9,83.87,83.9,2962,2021-10-19 18:34:00,AEP
83.92,83.92,83.89,83.89,1300,2021-10-19 18:35:00,AEP
83.9,83.93,83.9,83.9,1232,2021-10-19 18:36:00,AEP
83.87,83.906,83.87,83.89,2035,2021-10-19 18:37:00,AEP
83.8842,83.9,83.8842,83.9,645,2021-10-19 18:38:00,AEP
83.8901,83.91,83.89,83.9,1842,2021-10-19 18:39:00,AEP
83.89,83.91,83.89,83.91,2706,2021-10-19 18:40:00,AEP
83.9,83.9,83.88,83.88,1943,2021-10-19 18:41:00,AEP
83.89,83.89,83.88,83.89,1000,2021-10-19 18:42:00,AEP
83.89,83.8947,83.855,83.855,6334,2021-10-19 18:43:00,AEP
83.85,83.89,83.85,83.875,4856,2021-10-19 18:44:00,AEP
83.875,83.88,83.87,83.875,840,2021-10-19 18:45:00,AEP
83.87,83.87,83.815,83.815,2564,2021-10-19 18:46:00,AEP
83.81,83.845,83.81,83.82,3091,2021-10-19 18:47:00,AEP
83.8426,83.847,83.8395,83.8395,1341,2021-10-19 18:48:00,AEP
83.845,83.85,83.845,83.85,500,2021-10-19 18:49:00,AEP
83.85,83.86,83.85,83.86,1497,2021-10-19 18:50:00,AEP
83.86,83.875,83.84,83.875,2404,2021-10-19 18:51:00,AEP
83.88,83.89,83.875,83.89,942,2021-10-19 18:52:00,AEP
83.89,83.895,83.88,83.88,1259,2021-10-19 18:53:00,AEP
83.8841,83.92,83.88,83.9,5752,2021-10-19 18:54:00,AEP
83.9,83.94,83.875,83.88,10452,2021-10-19 18:55:00,AEP
83.88,83.89,83.88,83.89,599,2021-10-19 18:56:00,AEP
83.89,83.89,83.87,83.875,400,2021-10-19 18:57:00,AEP
83.875,83.88,83.83,83.84,2648,2021-10-19 18:58:00,AEP
83.84,83.84,83.84,83.84,500,2021-10-19 18:59:00,AEP
83.84,83.84,83.78,83.79,3613,2021-10-19 19:00:00,AEP
83.78,83.82,83.7702,83.82,1237,2021-10-19 19:01:00,AEP
83.825,83.825,83.81,83.815,607,2021-10-19 19:02:00,AEP
83.815,83.815,83.815,83.815,200,2021-10-19 19:03:00,AEP
83.81,83.81,83.73,83.73,6030,2021-10-19 19:04:00,AEP
83.725,83.735,83.68,83.69,14232,2021-10-19 19:05:00,AEP
83.69,83.715,83.69,83.715,5822,2021-10-19 19:06:00,AEP
83.71,83.71,83.68,83.68,3921,2021-10-19 19:07:00,AEP
83.685,83.72,83.685,83.705,6815,2021-10-19 19:08:00,AEP
83.705,83.71,83.66,83.69,9636,2021-10-19 19:09:00,AEP
83.7,83.7,83.665,83.665,4264,2021-10-19 19:10:00,AEP
83.67,83.68,83.63,83.63,2401,2021-10-19 19:11:00,AEP
83.61,83.615,83.595,83.6,2496,2021-10-19 19:12:00,AEP
83.6,83.6,83.5926,83.5928,1714,2021-10-19 19:13:00,AEP
83.6,83.61,83.595,83.605,2127,2021-10-19 19:14:00,AEP
83.62,83.66,83.62,83.66,3223,2021-10-19 19:15:00,AEP
83.7,83.74,83.7,83.74,1300,2021-10-19 19:16:00,AEP
83.735,83.75,83.735,83.74,3083,2021-10-19 19:17:00,AEP
83.76,83.84,83.76,83.84,3708,2021-10-19 19:18:00,AEP
83.84,83.85,83.83,83.83,4987,2021-10-19 19:19:00,AEP
83.82,83.85,83.82,83.84,3177,2021-10-19 19:20:00,AEP
83.84,83.84,83.83,83.8302,1822,2021-10-19 19:21:00,AEP
83.84,83.84,83.83,83.83,1200,2021-10-19 19:22:00,AEP
83.83,83.86,83.825,83.85,2163,2021-10-19 19:23:00,AEP
83.855,83.86,83.845,83.845,1870,2021-10-19 19:24:00,AEP
83.84,83.85,83.835,83.84,2963,2021-10-19 19:25:00,AEP
83.84,83.84,83.835,83.8375,650,2021-10-19 19:26:00,AEP
83.835,83.865,83.835,83.85,5659,2021-10-19 19:27:00,AEP
83.85,83.85,83.8,83.805,4452,2021-10-19 19:28:00,AEP
83.81,83.85,83.81,83.85,1540,2021-10-19 19:29:00,AEP
83.85,83.9,83.84,83.84,14944,2021-10-19 19:30:00,AEP
83.86,83.89,83.86,83.87,3698,2021-10-19 19:31:00,AEP
83.855,83.855,83.81,83.81,1550,2021-10-19 19:32:00,AEP
83.82,83.87,83.82,83.845,5223,2021-10-19 19:33:00,AEP
83.845,83.85,83.84,83.84,1769,2021-10-19 19:34:00,AEP
83.845,83.85,83.82,83.825,3176,2021-10-19 19:35:00,AEP
83.83,83.83,83.8,83.81,4150,2021-10-19 19:36:00,AEP
83.815,83.83,83.81,83.8215,2927,2021-10-19 19:37:00,AEP
83.82,83.82,83.805,83.8099,4264,2021-10-19 19:38:00,AEP
83.815,83.845,83.8038,83.83,4687,2021-10-19 19:39:00,AEP
83.84,83.9,83.84,83.9,2399,2021-10-19 19:40:00,AEP
83.9,83.9,83.88,83.88,3590,2021-10-19 19:41:00,AEP
83.89,83.895,83.82,83.84,5874,2021-10-19 19:42:00,AEP
83.81,83.82,83.7954,83.8,2948,2021-10-19 19:43:00,AEP
83.79,83.79,83.75,83.75,3742,2021-10-19 19:44:00,AEP
83.76,83.81,83.76,83.81,10213,2021-10-19 19:45:00,AEP
83.8,83.8,83.78,83.78,4733,2021-10-19 19:46:00,AEP
83.785,83.8,83.7674,83.79,4339,2021-10-19 19:47:00,AEP
83.78,83.82,83.7699,83.82,4548,2021-10-19 19:48:00,AEP
83.81,83.84,83.8,83.84,4760,2021-10-19 19:49:00,AEP
83.83,83.83,83.76,83.805,16611,2021-10-19 19:50:00,AEP
83.81,83.82,83.785,83.79,6611,2021-10-19 19:51:00,AEP
83.78,83.83,83.76,83.83,12034,2021-10-19 19:52:00,AEP
83.84,83.89,83.84,83.88,7298,2021-10-19 19:53:00,AEP
83.885,83.89,83.74,83.82,38267,2021-10-19 19:54:00,AEP
83.8,83.84,83.77,83.805,32906,2021-10-19 19:55:00,AEP
83.8,83.805,83.74,83.75,28319,2021-10-19 19:56:00,AEP
83.76,83.81,83.7583,83.8,19849,2021-10-19 19:57:00,AEP
83.805,83.805,83.77,83.79,25910,2021-10-19 19:58:00,AEP
83.79,83.82,83.74,83.81,51229,2021-10-19 19:59:00,AEP
83.8,83.8,83.8,83.8,479031,2021-10-19 20:00:00,AEP
83.8,83.8,83.8,83.8,38423,2021-10-19 20:01:00,AEP
83.8,83.8,83.8,83.8,17814,2021-10-19 20:02:00,AEP
83.99,83.99,83.99,83.99,119,2021-10-19 20:04:00,AEP
83.8,83.8,83.8,83.8,150,2021-10-19 20:50:00,AEP
83.8,83.8,83.8,83.8,300,2021-10-19 21:25:00,AEP
84.06,84.4,83.93,84.4,1629,2021-10-20 13:25:00,AEP
84.45,84.48,84.27,84.27,993,2021-10-20 13:26:00,AEP
84.2,84.38,84.14,84.14,44403,2021-10-20 13:30:00,AEP
84.23,84.29,84.21,84.29,900,2021-10-20 13:31:00,AEP
84.325,84.3521,84.12,84.18,2713,2021-10-20 13:32:00,AEP
84.2,84.285,84.12,84.15,1400,2021-10-20 13:33:00,AEP
84.215,84.26,84.18,84.24,949,2021-10-20 13:34:00,AEP
84.23,84.245,84.14,84.19,2049,2021-10-20 13:35:00,AEP
84.208,84.355,84.18,84.305,3606,2021-10-20 13:36:00,AEP
84.26,84.26,84.17,84.17,1132,2021-10-20 13:37:00,AEP
84.22,84.27,84.195,84.255,2814,2021-10-20 13:38:00,AEP
84.25,84.385,84.25,84.385,6062,2021-10-20 13:39:00,AEP
84.39,84.41,84.36,84.37,5382,2021-10-20 13:40:00,AEP
84.36,84.39,84.28,84.37,6624,2021-10-20 13:41:00,AEP
84.37,84.445,84.35,84.35,2541,2021-10-20 13:42:00,AEP
84.41,84.44,84.38,84.38,2800,2021-10-20 13:43:00,AEP
84.405,84.44,84.36,84.41,1600,2021-10-20 13:44:00,AEP
84.4241,84.5,84.41,84.455,8844,2021-10-20 13:45:00,AEP
84.47,84.58,84.47,84.58,3405,2021-10-20 13:46:00,AEP
84.58,84.605,84.52,84.55,2289,2021-10-20 13:47:00,AEP
84.575,84.5995,84.535,84.55,600,2021-10-20 13:48:00,AEP
84.555,84.66,84.555,84.64,2625,2021-10-20 13:49:00,AEP
84.66,84.75,84.65,84.73,2868,2021-10-20 13:50:00,AEP
84.71,84.72,84.67,84.67,1376,2021-10-20 13:51:00,AEP
84.64,84.76,84.64,84.72,2792,2021-10-20 13:52:00,AEP
84.77,84.79,84.715,84.715,2176,2021-10-20 13:53:00,AEP
84.72,84.78,84.7,84.77,2014,2021-10-20 13:54:00,AEP
84.79,84.83,84.73,84.75,2300,2021-10-20 13:55:00,AEP
84.77,84.78,84.69,84.6907,4082,2021-10-20 13:56:00,AEP
84.7,84.73,84.67,84.71,2500,2021-10-20 13:57:00,AEP
84.695,84.76,84.695,84.74,3095,2021-10-20 13:58:00,AEP
84.74,84.74,84.69,84.69,3208,2021-10-20 13:59:00,AEP
84.7,84.795,84.69,84.74,3838,2021-10-20 14:00:00,AEP
84.7,84.78,84.695,84.78,615,2021-10-20 14:01:00,AEP
84.805,84.8619,84.805,84.84,2932,2021-10-20 14:02:00,AEP
84.85,84.88,84.85,84.88,800,2021-10-20 14:03:00,AEP
84.9,84.94,84.89,84.895,2920,2021-10-20 14:04:00,AEP
84.89,84.9,84.85,84.86,1900,2021-10-20 14:05:00,AEP
84.86,84.92,84.85,84.91,1875,2021-10-20 14:06:00,AEP
84.9,84.9,84.87,84.89,2000,2021-10-20 14:07:00,AEP
84.9,84.95,84.86,84.86,2450,2021-10-20 14:08:00,AEP
84.85,84.85,84.825,84.84,1960,2021-10-20 14:09:00,AEP
84.83,84.85,84.795,84.82,2142,2021-10-20 14:10:00,AEP
84.82,84.84,84.81,84.81,2472,2021-10-20 14:11:00,AEP
84.81,84.815,84.77,84.7725,4566,2021-10-20 14:12:00,AEP
84.775,84.775,84.71,84.74,3904,2021-10-20 14:13:00,AEP
84.73,84.76,84.71,84.71,1798,2021-10-20 14:14:00,AEP
84.73,84.86,84.73,84.84,2022,2021-10-20 14:15:00,AEP
84.86,84.865,84.77,84.792,1572,2021-10-20 14:16:00,AEP
84.795,84.81,84.78,84.795,1175,2021-10-20 14:17:00,AEP
84.83,84.85,84.825,84.825,2130,2021-10-20 14:18:00,AEP
84.83,84.83,84.79,84.79,2740,2021-10-20 14:19:00,AEP
84.785,84.81,84.765,84.8,4499,2021-10-20 14:20:00,AEP
84.78,84.81,84.74,84.7975,1971,2021-10-20 14:21:00,AEP
84.8,84.81,84.78,84.8,1577,2021-10-20 14:22:00,AEP
84.81,84.86,84.8,84.82,5508,2021-10-20 14:23:00,AEP
84.822,84.86,84.8,84.855,1392,2021-10-20 14:24:00,AEP
84.86,84.88,84.86,84.8799,4200,2021-10-20 14:25:00,AEP
84.86,84.94,84.86,84.935,5084,2021-10-20 14:26:00,AEP
84.95,84.98,84.95,84.96,6211,2021-10-20 14:27:00,AEP
84.96,84.975,84.95,84.97,1105,2021-10-20 14:28:00,AEP
84.98,85.05,84.97,85.05,6087,2021-10-20 14:29:00,AEP
85.03,85.03,84.93,84.95,5675,2021-10-20 14:30:00,AEP
84.93,84.98,84.93,84.98,3685,2021-10-20 14:31:00,AEP
84.98,85.0,84.98,84.99,1600,2021-10-20 14:32:00,AEP
84.99,85.0,84.96,84.96,2070,2021-10-20 14:33:00,AEP
84.97,85.0429,84.97,85.0304,4305,2021-10-20 14:34:00,AEP
85.02,85.05,85.01,85.015,3374,2021-10-20 14:35:00,AEP
85.005,85.04,85.0,85.03,2160,2021-10-20 14:36:00,AEP
85.025,85.05,85.025,85.03,1625,2021-10-20 14:37:00,AEP
85.04,85.07,85.035,85.05,2798,2021-10-20 14:38:00,AEP
85.05,85.05,85.0,85.01,4072,2021-10-20 14:39:00,AEP
85.005,85.01,84.99,84.99,1556,2021-10-20 14:40:00,AEP
84.99,85.0,84.98,85.0,825,2021-10-20 14:41:00,AEP
84.985,84.985,84.96,84.975,2016,2021-10-20 14:42:00,AEP
84.97,84.97,84.95,84.97,1400,2021-10-20 14:43:00,AEP
84.975,84.98,84.93,84.93,2809,2021-10-20 14:44:00,AEP
84.92,84.95,84.9,84.92,1757,2021-10-20 14:45:00,AEP
84.93,84.96,84.92,84.92,1868,2021-10-20 14:46:00,AEP
84.95,84.98,84.95,84.96,2200,2021-10-20 14:47:00,AEP
84.965,84.99,84.96,84.985,913,2021-10-20 14:48:00,AEP
84.98,84.98,84.93,84.9544,3978,2021-10-20 14:49:00,AEP
84.95,84.9566,84.94,84.94,800,2021-10-20 14:50:00,AEP
84.935,84.99,84.93,84.99,1700,2021-10-20 14:51:00,AEP
85.01,85.055,85.0,85.035,30710,2021-10-20 14:52:00,AEP
85.02,85.04,84.99,85.03,4900,2021-10-20 14:53:00,AEP
85.04,85.055,84.99,85.0,1734,2021-10-20 14:54:00,AEP
85.0,85.03,85.0,85.02,1160,2021-10-20 14:55:00,AEP
85.04,85.06,85.02,85.045,1906,2021-10-20 14:56:00,AEP
85.03,85.06,85.03,85.05,2158,2021-10-20 14:57:00,AEP
85.04,85.08,85.0047,85.035,4831,2021-10-20 14:58:00,AEP
85.03,85.05,85.02,85.03,3188,2021-10-20 14:59:00,AEP
85.03,85.09,85.03,85.09,2786,2021-10-20 15:00:00,AEP
85.08,85.09,85.05,85.06,5418,2021-10-20 15:01:00,AEP
85.0645,85.0645,85.055,85.055,427,2021-10-20 15:02:00,AEP
85.06,85.09,85.05,85.085,1489,2021-10-20 15:03:00,AEP
85.085,85.1155,85.08,85.1,43557,2021-10-20 15:04:00,AEP
85.13,85.21,85.13,85.195,6865,2021-10-20 15:05:00,AEP
85.2,85.21,85.184,85.205,3526,2021-10-20 15:06:00,AEP
85.215,85.3,85.215,85.24,6498,2021-10-20 15:07:00,AEP
85.24,85.27,85.24,85.26,1058,2021-10-20 15:08:00,AEP
85.24,85.25,85.16,85.18,3423,2021-10-20 15:09:00,AEP
85.17,85.17,85.16,85.16,500,2021-10-20 15:10:00,AEP
85.15,85.2,85.14,85.19,3310,2021-10-20 15:11:00,AEP
85.195,85.195,85.155,85.16,1600,2021-10-20 15:12:00,AEP
85.16,85.16,85.14,85.14,1500,2021-10-20 15:13:00,AEP
85.15,85.15,85.11,85.11,1250,2021-10-20 15:14:00,AEP
85.115,85.12,85.11,85.11,1466,2021-10-20 15:15:00,AEP
85.11,85.11,85.03,85.03,2291,2021-10-20 15:16:00,AEP
85.02,85.03,85.01,85.03,700,2021-10-20 15:17:00,AEP
85.0,85.0,84.96,84.99,1792,2021-10-20 15:18:00,AEP
85.01,85.04,85.01,85.04,300,2021-10-20 15:19:00,AEP
85.04,85.0424,85.03,85.03,600,2021-10-20 15:20:00,AEP
85.09,85.1,85.08,85.08,918,2021-10-20 15:21:00,AEP
85.09,85.09,85.055,85.055,1789,2021-10-20 15:22:00,AEP
85.05,85.08,85.05,85.08,800,2021-10-20 15:23:00,AEP
85.08,85.08,85.07,85.07,400,2021-10-20 15:24:00,AEP
85.1,85.11,85.0762,85.08,2350,2021-10-20 15:25:00,AEP
85.08,85.08,85.06,85.07,2528,2021-10-20 15:26:00,AEP
85.06,85.08,85.06,85.06,975,2021-10-20 15:27:00,AEP
85.06,85.09,85.06,85.08,1000,2021-10-20 15:28:00,AEP
85.07,85.09,85.035,85.05,1800,2021-10-20 15:29:00,AEP
85.06,85.09,85.04,85.05,3226,2021-10-20 15:30:00,AEP
85.07,85.09,85.07,85.09,500,2021-10-20 15:31:00,AEP
85.08,85.08,85.08,85.08,841,2021-10-20 15:32:00,AEP
85.08,85.085,85.06,85.06,3059,2021-10-20 15:33:00,AEP
85.05,85.05,85.03,85.045,1500,2021-10-20 15:34:00,AEP
85.03,85.035,85.02,85.02,800,2021-10-20 15:35:00,AEP
84.99,85.01,84.98,84.98,1700,2021-10-20 15:36:00,AEP
84.9799,84.9799,84.93,84.93,4062,2021-10-20 15:37:00,AEP
84.95,84.99,84.95,84.9884,2135,2021-10-20 15:38:00,AEP
84.98,85.03,84.97,85.025,1720,2021-10-20 15:39:00,AEP
85.04,85.06,85.04,85.05,1300,2021-10-20 15:40:00,AEP
85.05,85.06,85.03,85.03,2246,2021-10-20 15:41:00,AEP
85.02,85.03,84.97,84.98,2300,2021-10-20 15:42:00,AEP
84.97,84.975,84.93,84.93,827,2021-10-20 15:43:00,AEP
84.935,84.955,84.93,84.955,1100,2021-10-20 15:44:00,AEP
84.98,84.98,84.961,84.97,819,2021-10-20 15:45:00,AEP
84.96,85.021,84.96,85.02,1153,2021-10-20 15:46:00,AEP
85.02,85.02,84.98,84.9959,1374,2021-10-20 15:47:00,AEP
84.9984,84.9985,84.96,84.965,1685,2021-10-20 15:48:00,AEP
84.9603,84.9711,84.96,84.969,1685,2021-10-20 15:49:00,AEP
84.96,84.96,84.89,84.89,1300,2021-10-20 15:50:00,AEP
84.9,84.9,84.87,84.89,952,2021-10-20 15:51:00,AEP
84.89,84.915,84.89,84.915,200,2021-10-20 15:52:00,AEP
84.9393,84.95,84.93,84.95,1179,2021-10-20 15:53:00,AEP
84.935,84.935,84.92,84.92,2587,2021-10-20 15:54:00,AEP
84.935,84.98,84.935,84.975,1400,2021-10-20 15:55:00,AEP
84.98,84.98,84.93,84.94,1100,2021-10-20 15:56:00,AEP
84.93,84.95,84.93,84.95,800,2021-10-20 15:57:00,AEP
84.95,84.95,84.949,84.949,349,2021-10-20 15:58:00,AEP
84.94,84.99,84.93,84.99,2050,2021-10-20 15:59:00,AEP
85.0,85.01,84.995,85.01,891,2021-10-20 16:00:00,AEP
85.02,85.0725,85.02,85.0725,1827,2021-10-20 16:01:00,AEP
85.07,85.105,85.07,85.1,3006,2021-10-20 16:02:00,AEP
85.09,85.115,85.09,85.09,1950,2021-10-20 16:03:00,AEP
85.1,85.1,85.08,85.0847,1200,2021-10-20 16:04:00,AEP
85.07,85.09,85.07,85.085,500,2021-10-20 16:05:00,AEP
85.08,85.08,85.06,85.06,2834,2021-10-20 16:06:00,AEP
85.07,85.07,85.05,85.05,933,2021-10-20 16:07:00,AEP
85.05,85.05,85.04,85.04,304,2021-10-20 16:08:00,AEP
85.02,85.02,85.0,85.015,1600,2021-10-20 16:09:00,AEP
85.01,85.04,85.01,85.03,1100,2021-10-20 16:10:00,AEP
85.02,85.05,85.02,85.05,1000,2021-10-20 16:11:00,AEP
85.05,85.05,85.05,85.05,100,2021-10-20 16:12:00,AEP
85.04,85.06,85.04,85.06,751,2021-10-20 16:13:00,AEP
85.08,85.08,85.07,85.07,700,2021-10-20 16:14:00,AEP
85.075,85.09,85.075,85.08,900,2021-10-20 16:15:00,AEP
85.09,85.09,85.07,85.08,1350,2021-10-20 16:16:00,AEP
85.07,85.07,85.0601,85.0601,268,2021-10-20 16:17:00,AEP
85.07,85.08,85.06,85.08,890,2021-10-20 16:18:00,AEP
85.075,85.075,85.04,85.055,2540,2021-10-20 16:19:00,AEP
85.07,85.09,85.07,85.09,400,2021-10-20 16:20:00,AEP
85.0896,85.11,85.085,85.11,2568,2021-10-20 16:21:00,AEP
85.12,85.13,85.09,85.11,3232,2021-10-20 16:22:00,AEP
85.105,85.13,85.1,85.13,1460,2021-10-20 16:23:00,AEP
85.12,85.13,85.06,85.06,4282,2021-10-20 16:24:00,AEP
85.06,85.08,85.06,85.07,800,2021-10-20 16:25:00,AEP
85.075,85.09,85.075,85.09,537,2021-10-20 16:26:00,AEP
85.105,85.11,85.1,85.1,719,2021-10-20 16:27:00,AEP
85.1,85.1,85.08,85.1,3213,2021-10-20 16:28:00,AEP
85.09,85.09,85.08,85.09,815,2021-10-20 16:29:00,AEP
85.1,85.11,85.075,85.085,3406,2021-10-20 16:30:00,AEP
85.08,85.11,85.07,85.11,2600,2021-10-20 16:31:00,AEP
85.095,85.1,85.095,85.1,400,2021-10-20 16:32:00,AEP
85.1,85.105,85.1,85.1,800,2021-10-20 16:33:00,AEP
85.1,85.12,85.09,85.115,1670,2021-10-20 16:34:00,AEP
85.105,85.1082,85.105,85.105,400,2021-10-20 16:35:00,AEP
85.12,85.13,85.12,85.12,520,2021-10-20 16:36:00,AEP
85.13,85.15,85.13,85.14,826,2021-10-20 16:37:00,AEP
85.18,85.1899,85.165,85.1899,1025,2021-10-20 16:38:00,AEP
85.185,85.19,85.18,85.185,1139,2021-10-20 16:39:00,AEP
85.18,85.19,85.17,85.17,2244,2021-10-20 16:40:00,AEP
85.17,85.18,85.17,85.17,1111,2021-10-20 16:41:00,AEP
85.17,85.19,85.17,85.18,1100,2021-10-20 16:42:00,AEP
85.17,85.24,85.17,85.24,2701,2021-10-20 16:43:00,AEP
85.21,85.21,85.21,85.21,1000,2021-10-20 16:44:00,AEP
85.2,85.22,85.1802,85.22,2607,2021-10-20 16:45:00,AEP
85.22,85.22,85.2,85.2,2156,2021-10-20 16:46:00,AEP
85.205,85.22,85.2,85.205,2600,2021-10-20 16:47:00,AEP
85.2017,85.24,85.2017,85.23,1802,2021-10-20 16:48:00,AEP
85.23,85.23,85.19,85.2,2480,2021-10-20 16:49:00,AEP
85.205,85.26,85.205,85.25,4702,2021-10-20 16:50:00,AEP
85.25,85.26,85.245,85.26,5518,2021-10-20 16:51:00,AEP
85.26,85.265,85.23,85.23,2040,2021-10-20 16:52:00,AEP
85.23,85.23,85.2,85.204,975,2021-10-20 16:53:00,AEP
85.21,85.21,85.18,85.18,1900,2021-10-20 16:54:00,AEP
85.18,85.21,85.18,85.2,1200,2021-10-20 16:55:00,AEP
85.21,85.24,85.205,85.24,2208,2021-10-20 16:56:00,AEP
85.25,85.25,85.23,85.25,2126,2021-10-20 16:57:00,AEP
85.25,85.26,85.25,85.26,600,2021-10-20 16:58:00,AEP
85.26,85.27,85.26,85.265,900,2021-10-20 16:59:00,AEP
85.27,85.28,85.26,85.27,2600,2021-10-20 17:00:00,AEP
85.27,85.28,85.25,85.255,3618,2021-10-20 17:01:00,AEP
85.25,85.25,85.23,85.23,900,2021-10-20 17:02:00,AEP
85.225,85.2283,85.19,85.19,1410,2021-10-20 17:03:00,AEP
85.17,85.18,85.17,85.17,605,2021-10-20 17:04:00,AEP
85.18,85.18,85.16,85.16,900,2021-10-20 17:05:00,AEP
85.17,85.2,85.17,85.2,300,2021-10-20 17:06:00,AEP
85.18,85.19,85.18,85.185,900,2021-10-20 17:07:00,AEP
85.195,85.21,85.195,85.21,860,2021-10-20 17:08:00,AEP
85.21,85.2158,85.21,85.2158,355,2021-10-20 17:09:00,AEP
85.21,85.21,85.2,85.2,700,2021-10-20 17:10:00,AEP
85.21,85.21,85.195,85.2,1300,2021-10-20 17:11:00,AEP
85.195,85.195,85.175,85.18,2476,2021-10-20 17:12:00,AEP
85.19,85.19,85.16,85.17,1800,2021-10-20 17:13:00,AEP
85.17,85.21,85.17,85.2,3681,2021-10-20 17:14:00,AEP
85.195,85.22,85.19,85.205,8007,2021-10-20 17:15:00,AEP
85.202,85.25,85.2,85.245,5314,2021-10-20 17:16:00,AEP
85.25,85.25,85.2,85.205,3072,2021-10-20 17:17:00,AEP
85.205,85.215,85.2,85.215,1021,2021-10-20 17:18:00,AEP
85.2217,85.23,85.22,85.22,2000,2021-10-20 17:19:00,AEP
85.23,85.26,85.23,85.26,1525,2021-10-20 17:20:00,AEP
85.26,85.27,85.25,85.27,2693,2021-10-20 17:21:00,AEP
85.26,85.29,85.25,85.28,2763,2021-10-20 17:22:00,AEP
85.27,85.28,85.26,85.28,847,2021-10-20 17:23:00,AEP
85.2737,85.28,85.26,85.28,550,2021-10-20 17:24:00,AEP
85.28,85.28,85.27,85.28,735,2021-10-20 17:25:00,AEP
85.275,85.295,85.2701,85.295,3282,2021-10-20 17:26:00,AEP
85.29,85.295,85.28,85.29,3705,2021-10-20 17:27:00,AEP
85.2876,85.29,85.28,85.28,1503,2021-10-20 17:28:00,AEP
85.29,85.295,85.285,85.295,1050,2021-10-20 17:29:00,AEP
85.295,85.295,85.28,85.285,1581,2021-10-20 17:30:00,AEP
85.28,85.295,85.27,85.27,2200,2021-10-20 17:31:00,AEP
85.27,85.28,85.26,85.26,2100,2021-10-20 17:32:00,AEP
85.255,85.2575,85.25,85.25,1680,2021-10-20 17:33:00,AEP
85.25,85.25,85.22,85.22,1228,2021-10-20 17:34:00,AEP
85.215,85.225,85.2,85.225,1700,2021-10-20 17:35:00,AEP
85.225,85.2275,85.21,85.21,1865,2021-10-20 17:36:00,AEP
85.2281,85.24,85.225,85.24,2094,2021-10-20 17:37:00,AEP
85.23,85.24,85.22,85.225,1599,2021-10-20 17:38:00,AEP
85.225,85.225,85.21,85.22,1593,2021-10-20 17:39:00,AEP
85.215,85.215,85.205,85.205,1252,2021-10-20 17:40:00,AEP
85.2,85.21,85.18,85.18,2302,2021-10-20 17:41:00,AEP
85.19,85.2175,85.19,85.215,2310,2021-10-20 17:42:00,AEP
85.215,85.215,85.2,85.2,900,2021-10-20 17:43:00,AEP
85.2,85.2,85.17,85.18,2500,2021-10-20 17:44:00,AEP
85.19,85.195,85.18,85.19,2000,2021-10-20 17:45:00,AEP
85.1885,85.215,85.18,85.215,1384,2021-10-20 17:46:00,AEP
85.215,85.245,85.2104,85.24,3744,2021-10-20 17:47:00,AEP
85.25,85.27,85.25,85.26,3050,2021-10-20 17:48:00,AEP
85.265,85.2777,85.265,85.2777,200,2021-10-20 17:49:00,AEP
85.27,85.315,85.27,85.315,2884,2021-10-20 17:50:00,AEP
85.3199,85.3199,85.3,85.305,1848,2021-10-20 17:51:00,AEP
85.3,85.3075,85.3,85.3075,777,2021-10-20 17:52:00,AEP
85.305,85.31,85.3,85.3,1405,2021-10-20 17:53:00,AEP
85.305,85.305,85.27,85.27,3110,2021-10-20 17:54:00,AEP
85.275,85.275,85.2,85.2,3994,2021-10-20 17:55:00,AEP
85.2,85.2,85.15,85.16,2748,2021-10-20 17:56:00,AEP
85.165,85.17,85.16,85.16,500,2021-10-20 17:57:00,AEP
85.1584,85.16,85.15,85.16,1338,2021-10-20 17:58:00,AEP
85.1645,85.1645,85.15,85.15,1335,2021-10-20 17:59:00,AEP
85.14,85.14,85.13,85.14,2059,2021-10-20 18:00:00,AEP
85.14,85.14,85.1,85.14,2421,2021-10-20 18:01:00,AEP
85.145,85.1451,85.1,85.1001,3207,2021-10-20 18:02:00,AEP
85.11,85.12,85.07,85.07,2688,2021-10-20 18:03:00,AEP
85.07,85.11,85.07,85.095,3342,2021-10-20 18:04:00,AEP
85.085,85.11,85.085,85.09,2208,2021-10-20 18:05:00,AEP
85.09,85.14,85.09,85.12,3669,2021-10-20 18:06:00,AEP
85.12,85.135,85.115,85.135,915,2021-10-20 18:07:00,AEP
85.14,85.18,85.14,85.1701,1935,2021-10-20 18:08:00,AEP
85.175,85.175,85.16,85.16,2625,2021-10-20 18:09:00,AEP
85.16,85.17,85.14,85.14,4968,2021-10-20 18:10:00,AEP
85.14,85.15,85.13,85.15,2641,2021-10-20 18:11:00,AEP
85.16,85.17,85.13,85.13,2425,2021-10-20 18:12:00,AEP
85.135,85.135,85.125,85.13,1596,2021-10-20 18:13:00,AEP
85.14,85.14,85.12,85.12,1174,2021-10-20 18:14:00,AEP
85.13,85.13,85.129,85.129,1100,2021-10-20 18:15:00,AEP
85.13,85.135,85.13,85.13,1200,2021-10-20 18:16:00,AEP
85.12,85.12,85.09,85.1,3244,2021-10-20 18:17:00,AEP
85.0922,85.11,85.08,85.08,3500,2021-10-20 18:18:00,AEP
85.09,85.0975,85.03,85.03,3295,2021-10-20 18:19:00,AEP
85.04,85.045,85.01,85.02,2234,2021-10-20 18:20:00,AEP
85.015,85.015,84.98,85.0067,3671,2021-10-20 18:21:00,AEP
85.01,85.025,85.01,85.01,2338,2021-10-20 18:22:00,AEP
85.0009,85.015,85.0009,85.01,421,2021-10-20 18:23:00,AEP
85.0,85.0,84.96,84.96,3627,2021-10-20 18:24:00,AEP
84.96,84.9657,84.94,84.94,1200,2021-10-20 18:25:00,AEP
84.94,84.94,84.935,84.94,400,2021-10-20 18:26:00,AEP
84.93,84.94,84.93,84.94,1700,2021-10-20 18:27:00,AEP
84.93,84.93,84.89,84.89,1675,2021-10-20 18:28:00,AEP
84.89,84.895,84.88,84.895,2096,2021-10-20 18:29:00,AEP
84.895,84.93,84.895,84.93,1715,2021-10-20 18:30:00,AEP
84.94,84.965,84.938,84.965,2668,2021-10-20 18:31:00,AEP
84.96,84.96,84.92,84.94,5736,2021-10-20 18:32:00,AEP
84.945,84.945,84.88,84.9086,3811,2021-10-20 18:33:00,AEP
84.91,84.93,84.905,84.92,1900,2021-10-20 18:34:00,AEP
84.905,84.92,84.87,84.87,1502,2021-10-20 18:35:00,AEP
84.87,84.87,84.85,84.85,2442,2021-10-20 18:36:00,AEP
84.84,84.85,84.83,84.83,2745,2021-10-20 18:37:00,AEP
84.85,84.855,84.84,84.85,3071,2021-10-20 18:38:00,AEP
84.85,84.865,84.83,84.865,3972,2021-10-20 18:39:00,AEP
84.865,84.87,84.85,84.865,2788,2021-10-20 18:40:00,AEP
84.865,84.865,84.845,84.85,2751,2021-10-20 18:41:00,AEP
84.85,84.85,84.84,84.85,1336,2021-10-20 18:42:00,AEP
84.85,84.865,84.85,84.86,1200,2021-10-20 18:43:00,AEP
84.8627,84.865,84.85,84.86,2459,2021-10-20 18:44:00,AEP
84.86,84.865,84.86,84.86,1020,2021-10-20 18:45:00,AEP
84.86,84.87,84.85,84.87,4616,2021-10-20 18:46:00,AEP
84.86,84.86,84.85,84.855,931,2021-10-20 18:47:00,AEP
84.85,84.85,84.84,84.85,3544,2021-10-20 18:48:00,AEP
84.855,84.87,84.855,84.86,2011,2021-10-20 18:49:00,AEP
84.86,84.86,84.84,84.855,4848,2021-10-20 18:50:00,AEP
84.84,84.845,84.835,84.845,1590,2021-10-20 18:51:00,AEP
84.8401,84.855,84.8401,84.855,1527,2021-10-20 18:52:00,AEP
84.86,84.865,84.84,84.84,3906,2021-10-20 18:54:00,AEP
84.84,84.84,84.81,84.81,2135,2021-10-20 18:55:00,AEP
84.815,84.83,84.79,84.8,4800,2021-10-20 18:56:00,AEP
84.8,84.82,84.8,84.81,1900,2021-10-20 18:57:00,AEP
84.815,84.815,84.8,84.81,2500,2021-10-20 18:58:00,AEP
84.79,84.795,84.79,84.79,1011,2021-10-20 18:59:00,AEP
84.7977,84.84,84.7977,84.835,4151,2021-10-20 19:00:00,AEP
84.855,84.92,84.855,84.92,4021,2021-10-20 19:01:00,AEP
84.925,84.93,84.91,84.93,4763,2021-10-20 19:02:00,AEP
84.92,84.93,84.91,84.925,4004,2021-10-20 19:03:00,AEP
84.925,84.925,84.905,84.915,2094,2021-10-20 19:04:00,AEP
84.915,84.92,84.91,84.92,826,2021-10-20 19:05:00,AEP
84.92,84.92,84.895,84.92,3106,2021-10-20 19:06:00,AEP
84.915,84.915,84.905,84.91,2050,2021-10-20 19:07:00,AEP
84.91,84.925,84.89,84.8905,4035,2021-10-20 19:08:00,AEP
84.88,84.88,84.84,84.865,2553,2021-10-20 19:09:00,AEP
84.865,84.895,84.86,84.86,3499,2021-10-20 19:10:00,AEP
84.86,84.87,84.845,84.855,2637,2021-10-20 19:11:00,AEP
84.85,84.855,84.84,84.855,1503,2021-10-20 19:12:00,AEP
84.85,84.85,84.82,84.82,2395,2021-10-20 19:13:00,AEP
84.825,84.83,84.825,84.825,400,2021-10-20 19:14:00,AEP
84.82,84.82,84.76,84.78,13213,2021-10-20 19:15:00,AEP
84.78,84.825,84.78,84.825,3510,2021-10-20 19:16:00,AEP
84.825,84.865,84.825,84.865,2095,2021-10-20 19:17:00,AEP
84.865,84.8663,84.85,84.85,3348,2021-10-20 19:18:00,AEP
84.85,84.865,84.85,84.86,840,2021-10-20 19:19:00,AEP
84.85,84.86,84.83,84.85,4086,2021-10-20 19:20:00,AEP
84.8474,84.8474,84.83,84.845,2015,2021-10-20 19:21:00,AEP
84.85,84.8826,84.85,84.8826,3708,2021-10-20 19:22:00,AEP
84.88,84.885,84.865,84.885,1760,2021-10-20 19:23:00,AEP
84.885,84.885,84.855,84.855,3551,2021-10-20 19:24:00,AEP
84.85,84.895,84.84,84.895,5451,2021-10-20 19:25:00,AEP
84.895,84.895,84.84,84.85,5932,2021-10-20 19:26:00,AEP
84.845,84.845,84.82,84.82,900,2021-10-20 19:27:00,AEP
84.83,84.83,84.785,84.79,4512,2021-10-20 19:28:00,AEP
84.79,84.825,84.79,84.795,2770,2021-10-20 19:29:00,AEP
84.79,84.805,84.74,84.74,3554,2021-10-20 19:30:00,AEP
84.73,84.74,84.705,84.715,9540,2021-10-20 19:31:00,AEP
84.715,84.7171,84.67,84.68,6144,2021-10-20 19:32:00,AEP
84.685,84.695,84.67,84.675,3557,2021-10-20 19:33:00,AEP
84.68,84.705,84.68,84.685,4300,2021-10-20 19:34:00,AEP
84.68,84.68,84.6,84.61,3418,2021-10-20 19:35:00,AEP
84.6,84.6,84.5581,84.57,4137,2021-10-20 19:36:00,AEP
84.57,84.58,84.52,84.52,3883,2021-10-20 19:37:00,AEP
84.52,84.525,84.48,84.5197,7047,2021-10-20 19:38:00,AEP
84.5,84.515,84.49,84.51,2804,2021-10-20 19:39:00,AEP
84.5166,84.58,84.51,84.57,5180,2021-10-20 19:40:00,AEP
84.5885,84.6,84.56,84.59,3800,2021-10-20 19:41:00,AEP
84.6033,84.66,84.6033,84.65,3491,2021-10-20 19:42:00,AEP
84.65,84.6926,84.65,84.685,2571,2021-10-20 19:43:00,AEP
84.69,84.699,84.65,84.65,5176,2021-10-20 19:44:00,AEP
84.64,84.735,84.64,84.73,8970,2021-10-20 19:45:00,AEP
84.725,84.75,84.725,84.75,3147,2021-10-20 19:46:00,AEP
84.755,84.78,84.745,84.78,4074,2021-10-20 19:47:00,AEP
84.795,84.82,84.785,84.795,4815,2021-10-20 19:48:00,AEP
84.8,84.84,84.79,84.84,6445,2021-10-20 19:49:00,AEP
84.84,84.84,84.73,84.79,13545,2021-10-20 19:50:00,AEP
84.8,84.81,84.79,84.795,7113,2021-10-20 19:51:00,AEP
84.8,84.86,84.795,84.86,8229,2021-10-20 19:52:00,AEP
84.85,84.85,84.8,84.805,7644,2021-10-20 19:53:00,AEP
84.81,84.92,84.8,84.91,48814,2021-10-20 19:54:00,AEP
84.91,84.91,84.83,84.83,31641,2021-10-20 19:55:00,AEP
84.835,84.86,84.8,84.82,29058,2021-10-20 19:56:00,AEP
84.815,84.85,84.805,84.815,36058,2021-10-20 19:57:00,AEP
84.815,84.855,84.79,84.85,38529,2021-10-20 19:58:00,AEP
84.85,84.91,84.76,84.9,93500,2021-10-20 19:59:00,AEP
84.9,84.9,84.9,84.9,406805,2021-10-20 20:00:00,AEP
84.9,84.9,84.9,84.9,3947,2021-10-20 20:01:00,AEP
84.9,84.9,84.9,84.9,25892,2021-10-20 20:02:00,AEP
84.9,84.9,84.9,84.9,4237,2021-10-20 20:16:00,AEP
84.81,84.81,84.81,84.81,600,2021-10-20 20:57:00,AEP
84.75,84.75,84.75,84.75,101,2021-10-20 21:44:00,AEP
84.89,84.98,84.89,84.98,563,2021-10-21 13:27:00,AEP
84.79,85.05,84.5874,85.0,38112,2021-10-21 13:30:00,AEP
84.84,85.0,84.84,85.0,2525,2021-10-21 13:31:00,AEP
85.0,85.07,85.0,85.01,3032,2021-10-21 13:32:00,AEP
84.99,85.01,84.87,84.94,2075,2021-10-21 13:33:00,AEP
84.93,84.96,84.795,84.8,2574,2021-10-21 13:34:00,AEP
84.76,84.908,84.76,84.85,2996,2021-10-21 13:35:00,AEP
84.85,84.9,84.85,84.85,1642,2021-10-21 13:36:00,AEP
84.84,84.86,84.79,84.85,1911,2021-10-21 13:37:00,AEP
84.86,84.94,84.86,84.94,1516,2021-10-21 13:38:00,AEP
84.915,84.92,84.87,84.91,1076,2021-10-21 13:39:00,AEP
84.92,85.02,84.92,84.99,4555,2021-10-21 13:40:00,AEP
85.02,85.05,84.97,84.98,1810,2021-10-21 13:41:00,AEP
84.97,84.97,84.86,84.915,2205,2021-10-21 13:42:00,AEP
84.91,84.91,84.87,84.885,6196,2021-10-21 13:43:00,AEP
84.89,84.929,84.83,84.929,1439,2021-10-21 13:44:00,AEP
84.92,84.94,84.88,84.93,900,2021-10-21 13:45:00,AEP
84.9,84.93,84.851,84.851,2598,2021-10-21 13:46:00,AEP
84.863,84.97,84.863,84.96,1800,2021-10-21 13:47:00,AEP
84.98,84.98,84.92,84.96,1357,2021-10-21 13:48:00,AEP
84.94,84.99,84.9114,84.99,2470,2021-10-21 13:49:00,AEP
85.0,85.0169,84.95,84.95,1312,2021-10-21 13:50:00,AEP
84.95,84.97,84.95,84.97,200,2021-10-21 13:51:00,AEP
84.97,85.015,84.97,85.01,2248,2021-10-21 13:52:00,AEP
85.0,85.02,84.96,85.02,4551,2021-10-21 13:53:00,AEP
85.0,85.0,84.95,84.99,1417,2021-10-21 13:54:00,AEP
84.98,85.015,84.96,85.0,2239,2021-10-21 13:55:00,AEP
84.97,84.97,84.91,84.91,800,2021-10-21 13:56:00,AEP
84.9,84.95,84.86,84.95,4052,2021-10-21 13:57:00,AEP
84.94,84.95,84.92,84.92,894,2021-10-21 13:58:00,AEP
84.94,84.94,84.9,84.92,1700,2021-10-21 13:59:00,AEP
84.93,84.95,84.93,84.95,1194,2021-10-21 14:00:00,AEP
84.92,84.96,84.92,84.96,1506,2021-10-21 14:01:00,AEP
84.99,84.99,84.94,84.94,900,2021-10-21 14:02:00,AEP
84.93,84.98,84.93,84.98,765,2021-10-21 14:03:00,AEP
84.98,84.98,84.92,84.96,3401,2021-10-21 14:04:00,AEP
84.98,85.06,84.97,85.0,4158,2021-10-21 14:05:00,AEP
84.98,85.01,84.97,84.97,700,2021-10-21 14:06:00,AEP
84.9999,84.9999,84.94,84.97,592,2021-10-21 14:07:00,AEP
84.9536,84.98,84.95,84.98,1000,2021-10-21 14:08:00,AEP
84.99,85.02,84.99,85.015,2667,2021-10-21 14:09:00,AEP
85.02,85.06,85.01,85.06,700,2021-10-21 14:10:00,AEP
85.07,85.09,85.03,85.05,1669,2021-10-21 14:11:00,AEP
85.07,85.07,85.045,85.045,1401,2021-10-21 14:12:00,AEP
85.06,85.06,85.01,85.03,2565,2021-10-21 14:13:00,AEP
85.02,85.075,85.02,85.06,1794,2021-10-21 14:14:00,AEP
85.05,85.06,85.02,85.03,1500,2021-10-21 14:15:00,AEP
85.07,85.07,85.07,85.07,100,2021-10-21 14:16:00,AEP
85.07,85.125,85.06,85.095,2323,2021-10-21 14:17:00,AEP
85.08,85.09,85.06,85.09,1745,2021-10-21 14:18:00,AEP
85.07,85.09,85.03,85.03,500,2021-10-21 14:19:00,AEP
85.04,85.07,85.04,85.05,3802,2021-10-21 14:20:00,AEP
85.05,85.06,85.02,85.04,5200,2021-10-21 14:21:00,AEP
85.065,85.08,85.02,85.04,1985,2021-10-21 14:22:00,AEP
85.06,85.07,85.02,85.02,2637,2021-10-21 14:23:00,AEP
85.04,85.07,85.035,85.06,3847,2021-10-21 14:24:00,AEP
85.07,85.09,85.07,85.07,1434,2021-10-21 14:25:00,AEP
85.04,85.045,84.99,85.02,2932,2021-10-21 14:26:00,AEP
85.0,85.02,84.98,85.02,2500,2021-10-21 14:27:00,AEP
85.05,85.05,85.0,85.0,400,2021-10-21 14:28:00,AEP
85.0,85.04,85.0,85.03,1068,2021-10-21 14:29:00,AEP
85.055,85.08,85.055,85.08,3200,2021-10-21 14:30:00,AEP
85.1,85.1,85.07,85.085,1000,2021-10-21 14:31:00,AEP
85.08,85.08,85.07,85.08,400,2021-10-21 14:32:00,AEP
85.085,85.13,85.07,85.13,4315,2021-10-21 14:33:00,AEP
85.12,85.1352,85.11,85.1352,1755,2021-10-21 14:34:00,AEP
85.12,85.12,85.1,85.1,1003,2021-10-21 14:35:00,AEP
85.1,85.1,85.08,85.09,1200,2021-10-21 14:36:00,AEP
85.06,85.06,85.0,85.0,1355,2021-10-21 14:37:00,AEP
85.02,85.04,85.02,85.03,690,2021-10-21 14:38:00,AEP
85.025,85.035,85.01,85.035,1483,2021-10-21 14:39:00,AEP
85.03,85.03,84.98,84.99,865,2021-10-21 14:40:00,AEP
84.99,85.0,84.99,85.0,200,2021-10-21 14:41:00,AEP
84.97,84.98,84.96,84.98,1556,2021-10-21 14:42:00,AEP
84.99,84.99,84.94,84.96,2425,2021-10-21 14:43:00,AEP
84.94,84.95,84.91,84.95,1581,2021-10-21 14:44:00,AEP
84.93,84.93,84.87,84.88,923,2021-10-21 14:45:00,AEP
84.87,84.91,84.86,84.91,2100,2021-10-21 14:46:00,AEP
84.9103,84.96,84.9103,84.955,1586,2021-10-21 14:47:00,AEP
84.975,84.98,84.96,84.98,3738,2021-10-21 14:48:00,AEP
85.0,85.02,84.9873,85.01,1670,2021-10-21 14:49:00,AEP
85.01,85.01,84.99,85.005,1324,2021-10-21 14:50:00,AEP
85.005,85.04,85.005,85.04,1300,2021-10-21 14:51:00,AEP
85.03,85.055,85.01,85.01,1718,2021-10-21 14:52:00,AEP
85.01,85.02,85.005,85.02,800,2021-10-21 14:53:00,AEP
85.01,85.04,85.01,85.02,4949,2021-10-21 14:54:00,AEP
85.025,85.06,85.025,85.05,1236,2021-10-21 14:55:00,AEP
85.03,85.05,85.025,85.05,1444,2021-10-21 14:56:00,AEP
85.05,85.055,85.05,85.055,745,2021-10-21 14:57:00,AEP
85.05,85.06,85.05,85.055,1060,2021-10-21 14:58:00,AEP
85.05,85.05,85.03,85.04,1753,2021-10-21 14:59:00,AEP
85.0483,85.075,85.04,85.075,1674,2021-10-21 15:00:00,AEP
85.09,85.09,85.07,85.08,1602,2021-10-21 15:01:00,AEP
85.09,85.11,85.09,85.1,824,2021-10-21 15:02:00,AEP
85.115,85.115,85.06,85.06,719,2021-10-21 15:03:00,AEP
85.07,85.1,85.06,85.09,1242,2021-10-21 15:04:00,AEP
85.105,85.14,85.105,85.14,1300,2021-10-21 15:05:00,AEP
85.14,85.15,85.14,85.15,653,2021-10-21 15:06:00,AEP
85.14,85.15,85.13,85.15,535,2021-10-21 15:07:00,AEP
85.14,85.15,85.1337,85.15,510,2021-10-21 15:08:00,AEP
85.135,85.145,85.135,85.145,842,2021-10-21 15:09:00,AEP
85.145,85.15,85.12,85.12,1300,2021-10-21 15:10:00,AEP
85.11,85.11,85.08,85.11,919,2021-10-21 15:11:00,AEP
85.0955,85.0955,85.02,85.02,2546,2021-10-21 15:12:00,AEP
85.015,85.02,85.0,85.02,822,2021-10-21 15:13:00,AEP
85.02,85.03,85.01,85.03,1100,2021-10-21 15:14:00,AEP
85.02,85.09,85.02,85.09,1713,2021-10-21 15:15:00,AEP
85.09,85.09,85.05,85.055,1159,2021-10-21 15:16:00,AEP
85.05,85.06,85.05,85.06,441,2021-10-21 15:17:00,AEP
85.085,85.105,85.08,85.08,1094,2021-10-21 15:18:00,AEP
85.095,85.11,85.095,85.11,500,2021-10-21 15:19:00,AEP
85.12,85.12,85.08,85.09,1135,2021-10-21 15:20:00,AEP
85.095,85.095,85.085,85.09,800,2021-10-21 15:21:00,AEP
85.091,85.091,85.07,85.08,956,2021-10-21 15:22:00,AEP
85.08,85.1154,85.08,85.1154,488,2021-10-21 15:23:00,AEP
85.11,85.11,85.11,85.11,400,2021-10-21 15:24:00,AEP
85.125,85.13,85.12,85.12,606,2021-10-21 15:25:00,AEP
85.08,85.08,85.03,85.03,3789,2021-10-21 15:26:00,AEP
85.03,85.05,84.98,84.98,6965,2021-10-21 15:27:00,AEP
84.98,85.0,84.97,84.97,3168,2021-10-21 15:28:00,AEP
84.98,84.98,84.96,84.96,1400,2021-10-21 15:29:00,AEP
84.99,85.015,84.98,84.99,10370,2021-10-21 15:30:00,AEP
85.01,85.03,85.01,85.03,700,2021-10-21 15:31:00,AEP
85.02,85.07,85.0109,85.07,1542,2021-10-21 15:33:00,AEP
85.05,85.08,85.05,85.08,743,2021-10-21 15:34:00,AEP
85.075,85.12,85.075,85.09,1810,2021-10-21 15:35:00,AEP
85.07,85.07,85.01,85.01,1000,2021-10-21 15:36:00,AEP
85.02,85.06,85.02,85.06,1375,2021-10-21 15:37:00,AEP
85.06,85.06,85.015,85.015,860,2021-10-21 15:38:00,AEP
85.04,85.055,85.0,85.0,1285,2021-10-21 15:39:00,AEP
85.01,85.01,84.93,84.95,1900,2021-10-21 15:40:00,AEP
84.95,84.99,84.93,84.93,400,2021-10-21 15:41:00,AEP
84.97,84.97,84.95,84.95,225,2021-10-21 15:42:00,AEP
84.97,84.97,84.96,84.96,574,2021-10-21 15:43:00,AEP
84.95,84.95,84.9,84.91,1718,2021-10-21 15:44:00,AEP
84.89,84.91,84.86,84.91,1543,2021-10-21 15:45:00,AEP
84.925,84.94,84.925,84.94,878,2021-10-21 15:46:00,AEP
84.95,84.96,84.95,84.96,712,2021-10-21 15:47:00,AEP
84.97,84.97,84.97,84.97,400,2021-10-21 15:48:00,AEP
84.96,84.96,84.95,84.96,1130,2021-10-21 15:49:00,AEP
84.96,84.965,84.96,84.96,809,2021-10-21 15:50:00,AEP
84.95,84.96,84.93,84.95,1978,2021-10-21 15:51:00,AEP
84.95,84.95,84.94,84.94,400,2021-10-21 15:52:00,AEP
84.93,84.93,84.93,84.93,100,2021-10-21 15:53:00,AEP
84.9271,84.95,84.9271,84.95,1763,2021-10-21 15:54:00,AEP
84.94,84.94,84.92,84.92,400,2021-10-21 15:55:00,AEP
84.925,84.96,84.925,84.95,1000,2021-10-21 15:56:00,AEP
84.94,84.94,84.9279,84.93,1034,2021-10-21 15:57:00,AEP
84.94,84.99,84.94,84.99,3038,2021-10-21 15:58:00,AEP
84.9873,84.9873,84.9873,84.9873,210,2021-10-21 15:59:00,AEP
84.99,85.03,84.99,85.01,1405,2021-10-21 16:00:00,AEP
85.02,85.04,85.02,85.04,200,2021-10-21 16:01:00,AEP
85.0376,85.0376,85.01,85.01,1531,2021-10-21 16:02:00,AEP
85.03,85.03,84.99,84.99,1388,2021-10-21 16:03:00,AEP
84.9959,85.01,84.9959,85.0,1111,2021-10-21 16:04:00,AEP
85.0,85.01,85.0,85.01,319,2021-10-21 16:05:00,AEP
85.006,85.006,85.006,85.006,195,2021-10-21 16:06:00,AEP
84.99,85.0,84.98,85.0,900,2021-10-21 16:07:00,AEP
84.995,85.02,84.995,85.02,490,2021-10-21 16:08:00,AEP
85.01,85.01,85.01,85.01,100,2021-10-21 16:09:00,AEP
85.01,85.02,85.01,85.02,700,2021-10-21 16:10:00,AEP
85.02,85.0297,85.0,85.0,867,2021-10-21 16:11:00,AEP
85.01,85.01,85.005,85.005,400,2021-10-21 16:12:00,AEP
85.01,85.06,85.01,85.06,700,2021-10-21 16:13:00,AEP
85.06,85.06,85.04,85.04,1200,2021-10-21 16:14:00,AEP
85.05,85.06,85.04,85.0499,1063,2021-10-21 16:15:00,AEP
85.04,85.04,85.035,85.035,300,2021-10-21 16:16:00,AEP
85.0467,85.05,85.04,85.04,2096,2021-10-21 16:17:00,AEP
85.05,85.05,85.04,85.04,708,2021-10-21 16:18:00,AEP
85.035,85.04,85.02,85.02,3890,2021-10-21 16:19:00,AEP
85.0152,85.0152,85.01,85.01,216,2021-10-21 16:20:00,AEP
85.01,85.04,85.0,85.03,1800,2021-10-21 16:21:00,AEP
85.04,85.04,85.0,85.0,1927,2021-10-21 16:22:00,AEP
85.0,85.01,85.0,85.01,200,2021-10-21 16:23:00,AEP
84.98,85.01,84.96,85.01,1504,2021-10-21 16:24:00,AEP
85.0,85.02,85.0,85.02,1619,2021-10-21 16:25:00,AEP
85.03,85.04,85.03,85.03,1406,2021-10-21 16:26:00,AEP
85.02,85.02,84.99,85.0,619,2021-10-21 16:27:00,AEP
84.99,85.0,84.99,85.0,200,2021-10-21 16:28:00,AEP
85.0,85.01,85.0,85.01,500,2021-10-21 16:29:00,AEP
85.02,85.055,85.0135,85.05,3316,2021-10-21 16:30:00,AEP
85.05,85.05,85.03,85.03,700,2021-10-21 16:31:00,AEP
85.0296,85.03,85.01,85.01,412,2021-10-21 16:32:00,AEP
85.02,85.035,85.02,85.035,300,2021-10-21 16:33:00,AEP
85.0219,85.0219,85.0219,85.0219,250,2021-10-21 16:34:00,AEP
85.02,85.02,85.0,85.0,888,2021-10-21 16:35:00,AEP
85.01,85.02,85.01,85.02,615,2021-10-21 16:36:00,AEP
85.01,85.01,85.01,85.01,400,2021-10-21 16:37:00,AEP
85.02,85.04,85.01,85.01,2542,2021-10-21 16:38:00,AEP
85.01,85.01,85.0,85.0,498,2021-10-21 16:39:00,AEP
84.98,84.98,84.98,84.98,200,2021-10-21 16:40:00,AEP
84.98,84.985,84.98,84.98,878,2021-10-21 16:41:00,AEP
84.96,84.96,84.96,84.96,100,2021-10-21 16:42:00,AEP
84.95,84.95,84.94,84.95,2155,2021-10-21 16:43:00,AEP
84.96,84.98,84.96,84.9799,408,2021-10-21 16:44:00,AEP
84.97,84.9702,84.97,84.97,1376,2021-10-21 16:45:00,AEP
84.96,84.96,84.95,84.96,526,2021-10-21 16:46:00,AEP
84.95,84.95,84.95,84.95,600,2021-10-21 16:47:00,AEP
84.945,84.945,84.93,84.93,200,2021-10-21 16:48:00,AEP
84.92,84.92,84.91,84.92,1614,2021-10-21 16:49:00,AEP
84.92,84.92,84.92,84.92,200,2021-10-21 16:50:00,AEP
84.905,84.92,84.9,84.9,978,2021-10-21 16:51:00,AEP
84.905,84.91,84.905,84.905,300,2021-10-21 16:52:00,AEP
84.905,84.91,84.885,84.9,2739,2021-10-21 16:53:00,AEP
84.8782,84.895,84.8782,84.89,832,2021-10-21 16:54:00,AEP
84.87,84.875,84.87,84.87,900,2021-10-21 16:55:00,AEP
84.87,84.895,84.87,84.895,500,2021-10-21 16:56:00,AEP
84.88,84.9,84.88,84.9,800,2021-10-21 16:57:00,AEP
84.88,84.9,84.88,84.9,248,2021-10-21 16:58:00,AEP
84.905,84.905,84.89,84.9,1222,2021-10-21 16:59:00,AEP
84.91,84.91,84.9,84.91,600,2021-10-21 17:00:00,AEP
84.93,84.93,84.93,84.93,210,2021-10-21 17:01:00,AEP
84.92,84.92,84.92,84.92,200,2021-10-21 17:02:00,AEP
84.945,84.945,84.945,84.945,508,2021-10-21 17:03:00,AEP
84.96,84.96,84.93,84.9376,2561,2021-10-21 17:04:00,AEP
84.95,84.955,84.92,84.92,1406,2021-10-21 17:05:00,AEP
84.9381,84.94,84.9381,84.94,310,2021-10-21 17:06:00,AEP
84.9305,84.94,84.9305,84.94,610,2021-10-21 17:07:00,AEP
84.95,84.961,84.95,84.96,1803,2021-10-21 17:09:00,AEP
84.95,84.95,84.93,84.93,445,2021-10-21 17:10:00,AEP
84.96,85.0,84.96,84.98,6196,2021-10-21 17:11:00,AEP
84.99,85.015,84.99,85.015,456,2021-10-21 17:12:00,AEP
85.03,85.03,85.0167,85.0167,1550,2021-10-21 17:13:00,AEP
85.01,85.05,85.01,85.05,850,2021-10-21 17:14:00,AEP
85.04,85.04,85.04,85.04,119,2021-10-21 17:15:00,AEP
85.04,85.04,85.04,85.04,200,2021-10-21 17:16:00,AEP
85.05,85.05,85.04,85.05,2318,2021-10-21 17:17:00,AEP
85.05,85.05,85.03,85.04,1550,2021-10-21 17:18:00,AEP
85.04,85.05,85.04,85.04,1637,2021-10-21 17:19:00,AEP
85.04,85.04,85.03,85.03,747,2021-10-21 17:20:00,AEP
85.03,85.05,85.03,85.04,15942,2021-10-21 17:21:00,AEP
85.04,85.04,85.02,85.04,1704,2021-10-21 17:22:00,AEP
85.06,85.06,85.03,85.034,5290,2021-10-21 17:23:00,AEP
85.04,85.06,85.04,85.05,700,2021-10-21 17:24:00,AEP
85.05,85.05,85.04,85.05,700,2021-10-21 17:25:00,AEP
85.05,85.05,85.0499,85.05,580,2021-10-21 17:26:00,AEP
85.04,85.055,85.04,85.055,866,2021-10-21 17:27:00,AEP
85.04,85.04,85.04,85.04,100,2021-10-21 17:28:00,AEP
85.05,85.07,85.05,85.07,600,2021-10-21 17:29:00,AEP
85.08,85.09,85.08,85.09,527,2021-10-21 17:30:00,AEP
85.1,85.1,85.09,85.09,689,2021-10-21 17:31:00,AEP
85.09,85.095,85.09,85.095,800,2021-10-21 17:32:00,AEP
85.1,85.1,85.08,85.08,2690,2021-10-21 17:33:00,AEP
85.0881,85.09,85.0881,85.09,551,2021-10-21 17:34:00,AEP
85.1,85.1,85.09,85.09,300,2021-10-21 17:35:00,AEP
85.09,85.1,85.09,85.1,1100,2021-10-21 17:36:00,AEP
85.11,85.13,85.11,85.12,1007,2021-10-21 17:37:00,AEP
85.12,85.128,85.115,85.128,651,2021-10-21 17:38:00,AEP
85.11,85.11,85.1,85.1,300,2021-10-21 17:39:00,AEP
85.09,85.09,85.07,85.07,2319,2021-10-21 17:40:00,AEP
85.05,85.05,85.04,85.0452,403,2021-10-21 17:41:00,AEP
85.03,85.0483,85.02,85.04,4786,2021-10-21 17:42:00,AEP
85.035,85.035,85.025,85.03,550,2021-10-21 17:43:00,AEP
85.03,85.04,85.03,85.04,1959,2021-10-21 17:44:00,AEP
85.04,85.065,85.0365,85.05,1964,2021-10-21 17:45:00,AEP
85.03,85.039,85.0,85.039,1656,2021-10-21 17:46:00,AEP
85.03,85.04,85.03,85.03,900,2021-10-21 17:47:00,AEP
85.02,85.02,85.005,85.02,670,2021-10-21 17:48:00,AEP
85.01,85.0166,84.98,85.005,5402,2021-10-21 17:49:00,AEP
85.0,85.0153,85.0,85.01,1547,2021-10-21 17:50:00,AEP
85.01,85.04,85.01,85.04,2528,2021-10-21 17:51:00,AEP
85.05,85.05,85.05,85.05,200,2021-10-21 17:52:00,AEP
85.04,85.045,85.04,85.04,679,2021-10-21 17:53:00,AEP
85.02,85.02,85.02,85.02,100,2021-10-21 17:54:00,AEP
85.0278,85.03,85.02,85.0207,1723,2021-10-21 17:55:00,AEP
85.02,85.03,85.02,85.03,1105,2021-10-21 17:56:00,AEP
85.04,85.07,85.04,85.055,1168,2021-10-21 17:57:00,AEP
85.06,85.09,85.06,85.09,1218,2021-10-21 17:58:00,AEP
85.095,85.1,85.085,85.085,722,2021-10-21 17:59:00,AEP
85.08,85.1,85.08,85.085,983,2021-10-21 18:00:00,AEP
85.085,85.09,85.08,85.08,737,2021-10-21 18:01:00,AEP
85.085,85.085,85.085,85.085,100,2021-10-21 18:02:00,AEP
85.07,85.07,85.06,85.06,1817,2021-10-21 18:03:00,AEP
85.055,85.06,85.055,85.06,455,2021-10-21 18:04:00,AEP
85.06,85.0766,85.06,85.07,775,2021-10-21 18:05:00,AEP
85.07,85.085,85.0694,85.08,2970,2021-10-21 18:06:00,AEP
85.09,85.13,85.09,85.13,1231,2021-10-21 18:07:00,AEP
85.125,85.14,85.125,85.13,3175,2021-10-21 18:08:00,AEP
85.135,85.14,85.13,85.135,845,2021-10-21 18:09:00,AEP
85.12,85.13,85.11,85.11,1505,2021-10-21 18:10:00,AEP
85.11,85.11,85.1,85.1,1057,2021-10-21 18:11:00,AEP
85.11,85.11,85.1,85.1,200,2021-10-21 18:12:00,AEP
85.1,85.1,85.07,85.07,1838,2021-10-21 18:13:00,AEP
85.07,85.07,85.07,85.07,500,2021-10-21 18:14:00,AEP
85.0701,85.1,85.0701,85.1,1181,2021-10-21 18:15:00,AEP
85.1,85.105,85.08,85.105,1523,2021-10-21 18:16:00,AEP
85.1,85.1198,85.1,85.1198,734,2021-10-21 18:17:00,AEP
85.12,85.13,85.12,85.12,1400,2021-10-21 18:18:00,AEP
85.115,85.12,85.105,85.11,2830,2021-10-21 18:19:00,AEP
85.1,85.1,85.095,85.095,1055,2021-10-21 18:20:00,AEP
85.1,85.1,85.095,85.1,411,2021-10-21 18:21:00,AEP
85.1,85.11,85.0901,85.1,1472,2021-10-21 18:22:00,AEP
85.1,85.1,85.09,85.09,400,2021-10-21 18:23:00,AEP
85.09,85.09,85.075,85.08,1416,2021-10-21 18:24:00,AEP
85.09,85.095,85.085,85.09,1557,2021-10-21 18:25:00,AEP
85.095,85.0982,85.08,85.0982,1712,2021-10-21 18:26:00,AEP
85.08,85.095,85.08,85.085,1495,2021-10-21 18:27:00,AEP
85.06,85.06,85.05,85.06,682,2021-10-21 18:28:00,AEP
85.07,85.1,85.07,85.09,1200,2021-10-21 18:29:00,AEP
85.085,85.085,85.08,85.085,1145,2021-10-21 18:30:00,AEP
85.09,85.095,85.09,85.09,762,2021-10-21 18:31:00,AEP
85.09,85.1,85.06,85.06,2145,2021-10-21 18:32:00,AEP
85.07,85.08,85.07,85.08,600,2021-10-21 18:33:00,AEP
85.075,85.075,85.05,85.05,1471,2021-10-21 18:34:00,AEP
85.05,85.05,85.03,85.03,700,2021-10-21 18:35:00,AEP
85.03,85.055,85.03,85.05,1494,2021-10-21 18:36:00,AEP
85.05,85.06,85.04,85.04,1816,2021-10-21 18:37:00,AEP
85.04,85.06,85.04,85.06,800,2021-10-21 18:38:00,AEP
85.055,85.055,85.045,85.055,744,2021-10-21 18:39:00,AEP
85.05,85.05,85.04,85.04,532,2021-10-21 18:40:00,AEP
85.02,85.03,85.01,85.0237,1460,2021-10-21 18:41:00,AEP
85.02,85.025,85.02,85.025,500,2021-10-21 18:42:00,AEP
85.03,85.035,85.01,85.02,2197,2021-10-21 18:43:00,AEP
85.01,85.04,85.0,85.04,3533,2021-10-21 18:44:00,AEP
85.04,85.06,85.04,85.0529,1241,2021-10-21 18:45:00,AEP
85.0582,85.0582,85.05,85.05,461,2021-10-21 18:46:00,AEP
85.05,85.105,85.05,85.105,1627,2021-10-21 18:47:00,AEP
85.107,85.11,85.09,85.11,1532,2021-10-21 18:48:00,AEP
85.12,85.13,85.09,85.09,2630,2021-10-21 18:49:00,AEP
85.1,85.12,85.1,85.12,970,2021-10-21 18:50:00,AEP
85.11,85.11,85.08,85.103,1239,2021-10-21 18:51:00,AEP
85.12,85.13,85.115,85.13,2500,2021-10-21 18:52:00,AEP
85.13,85.13,85.11,85.11,1725,2021-10-21 18:53:00,AEP
85.12,85.15,85.12,85.13,3206,2021-10-21 18:54:00,AEP
85.12,85.12,85.115,85.115,1149,2021-10-21 18:55:00,AEP
85.11,85.15,85.11,85.15,921,2021-10-21 18:56:00,AEP
85.15,85.15,85.13,85.15,1020,2021-10-21 18:57:00,AEP
85.14,85.145,85.1395,85.1395,937,2021-10-21 18:58:00,AEP
85.13,85.13,85.13,85.13,400,2021-10-21 18:59:00,AEP
85.14,85.17,85.14,85.16,2105,2021-10-21 19:00:00,AEP
85.18,85.2,85.18,85.2,1658,2021-10-21 19:01:00,AEP
85.2066,85.21,85.19,85.2,1098,2021-10-21 19:02:00,AEP
85.21,85.21,85.19,85.2,1200,2021-10-21 19:03:00,AEP
85.17,85.19,85.15,85.18,3979,2021-10-21 19:04:00,AEP
85.19,85.21,85.19,85.2035,2029,2021-10-21 19:05:00,AEP
85.21,85.21,85.195,85.21,2109,2021-10-21 19:06:00,AEP
85.2,85.235,85.2,85.23,2084,2021-10-21 19:07:00,AEP
85.235,85.2443,85.235,85.235,2332,2021-10-21 19:08:00,AEP
85.21,85.21,85.2,85.21,800,2021-10-21 19:09:00,AEP
85.2,85.22,85.2,85.204,2221,2021-10-21 19:10:00,AEP
85.22,85.25,85.215,85.25,3180,2021-10-21 19:11:00,AEP
85.24,85.24,85.2349,85.235,561,2021-10-21 19:12:00,AEP
85.24,85.24,85.22,85.23,1720,2021-10-21 19:13:00,AEP
85.225,85.23,85.22,85.22,1116,2021-10-21 19:14:00,AEP
85.2118,85.2118,85.2,85.21,448,2021-10-21 19:15:00,AEP
85.21,85.22,85.18,85.2,3889,2021-10-21 19:16:00,AEP
85.2,85.21,85.2,85.21,3732,2021-10-21 19:17:00,AEP
85.2,85.26,85.2,85.25,4425,2021-10-21 19:18:00,AEP
85.25,85.25,85.21,85.21,1100,2021-10-21 19:19:00,AEP
85.22,85.26,85.22,85.25,2634,2021-10-21 19:20:00,AEP
85.24,85.2566,85.23,85.23,1222,2021-10-21 19:21:00,AEP
85.22,85.24,85.22,85.235,1041,2021-10-21 19:22:00,AEP
85.235,85.28,85.22,85.28,3030,2021-10-21 19:23:00,AEP
85.27,85.285,85.25,85.26,1702,2021-10-21 19:24:00,AEP
85.26,85.275,85.26,85.27,1930,2021-10-21 19:25:00,AEP
85.265,85.295,85.265,85.28,4377,2021-10-21 19:26:00,AEP
85.27,85.27,85.235,85.24,3000,2021-10-21 19:27:00,AEP
85.245,85.245,85.2,85.2,4776,2021-10-21 19:28:00,AEP
85.205,85.205,85.2,85.2024,1856,2021-10-21 19:29:00,AEP
85.205,85.205,85.18,85.19,8533,2021-10-21 19:30:00,AEP
85.195,85.195,85.15,85.17,11571,2021-10-21 19:31:00,AEP
85.165,85.195,85.165,85.17,2906,2021-10-21 19:32:00,AEP
85.16,85.18,85.15,85.16,2620,2021-10-21 19:33:00,AEP
85.13,85.13,85.1,85.13,3548,2021-10-21 19:34:00,AEP
85.13,85.14,85.09,85.14,4359,2021-10-21 19:35:00,AEP
85.15,85.18,85.15,85.1799,1315,2021-10-21 19:36:00,AEP
85.19,85.19,85.17,85.18,2520,2021-10-21 19:37:00,AEP
85.17,85.21,85.17,85.2,4683,2021-10-21 19:38:00,AEP
85.205,85.21,85.16,85.18,2614,2021-10-21 19:39:00,AEP
85.19,85.205,85.19,85.205,2710,2021-10-21 19:40:00,AEP
85.2,85.2,85.12,85.14,5016,2021-10-21 19:41:00,AEP
85.14,85.2,85.14,85.15,5220,2021-10-21 19:42:00,AEP
85.15,85.2,85.15,85.2,4806,2021-10-21 19:43:00,AEP
85.19,85.19,85.17,85.18,2830,2021-10-21 19:44:00,AEP
85.18,85.21,85.17,85.17,4143,2021-10-21 19:45:00,AEP
85.18,85.21,85.16,85.2,4698,2021-10-21 19:46:00,AEP
85.19,85.21,85.19,85.21,2016,2021-10-21 19:47:00,AEP
85.21,85.215,85.195,85.205,3631,2021-10-21 19:48:00,AEP
85.2,85.21,85.15,85.15,5596,2021-10-21 19:49:00,AEP
85.14,85.175,85.14,85.16,9396,2021-10-21 19:50:00,AEP
85.1629,85.1765,85.1,85.1,14454,2021-10-21 19:51:00,AEP
85.09,85.125,85.09,85.1201,10235,2021-10-21 19:52:00,AEP
85.13,85.155,85.13,85.14,7069,2021-10-21 19:53:00,AEP
85.14,85.175,85.14,85.16,7601,2021-10-21 19:54:00,AEP
85.17,85.205,85.16,85.195,15016,2021-10-21 19:55:00,AEP
85.195,85.205,85.18,85.19,7555,2021-10-21 19:56:00,AEP
85.19,85.2,85.18,85.2,12838,2021-10-21 19:57:00,AEP
85.2,85.225,85.19,85.19,19441,2021-10-21 19:58:00,AEP
85.2,85.22,85.2,85.21,26615,2021-10-21 19:59:00,AEP
85.2,85.2,85.2,85.2,328581,2021-10-21 20:00:00,AEP
85.2,85.2,85.2,85.2,954,2021-10-21 20:01:00,AEP
85.2,85.2,85.2,85.2,20857,2021-10-21 20:02:00,AEP
85.2,85.2,85.2,85.2,224,2021-10-21 20:03:00,AEP
85.2,85.2,85.2,85.2,127,2021-10-21 20:12:00,AEP
85.17,85.17,85.17,85.17,100,2021-10-21 20:13:00,AEP
85.17,85.17,85.17,85.17,200,2021-10-21 20:22:00,AEP
85.17,85.17,85.17,85.17,127,2021-10-21 20:23:00,AEP
85.2,85.2,85.2,85.2,1641,2021-10-21 20:54:00,AEP
85.22,85.22,85.22,85.22,646,2021-10-21 21:26:00,AEP
85.23,85.23,85.22,85.22,989,2021-10-21 21:28:00,AEP
85.22,85.22,85.22,85.22,474,2021-10-21 22:02:00,AEP
85.53,85.53,85.53,85.53,100,2021-10-22 13:25:00,AEP
85.51,85.51,85.51,85.51,116,2021-10-22 13:26:00,AEP
85.53,85.61,85.53,85.61,694,2021-10-22 13:27:00,AEP
85.57,85.64,85.57,85.57,714,2021-10-22 13:29:00,AEP
85.52,85.53,85.39,85.485,22195,2021-10-22 13:30:00,AEP
85.52,85.54,85.465,85.4874,1417,2021-10-22 13:31:00,AEP
85.46,85.4699,85.41,85.4699,535,2021-10-22 13:32:00,AEP
85.43,85.46,85.35,85.42,2924,2021-10-22 13:33:00,AEP
85.45,85.45,85.39,85.39,3101,2021-10-22 13:34:00,AEP
85.4,85.44,85.4,85.42,1665,2021-10-22 13:35:00,AEP
85.42,85.42,85.35,85.35,4170,2021-10-22 13:36:00,AEP
85.36,85.43,85.33,85.33,1104,2021-10-22 13:37:00,AEP
85.355,85.355,85.29,85.29,1200,2021-10-22 13:38:00,AEP
85.31,85.43,85.31,85.41,3104,2021-10-22 13:39:00,AEP
85.43,85.5,85.36,85.365,4200,2021-10-22 13:40:00,AEP
85.365,85.44,85.3502,85.43,1491,2021-10-22 13:41:00,AEP
85.5,85.5,85.5,85.5,506,2021-10-22 13:42:00,AEP
85.57,85.57,85.49,85.57,1917,2021-10-22 13:43:00,AEP
85.5664,85.6,85.5,85.53,2135,2021-10-22 13:44:00,AEP
85.54,85.69,85.53,85.69,7492,2021-10-22 13:45:00,AEP
85.67,85.7,85.65,85.675,3718,2021-10-22 13:46:00,AEP
85.68,85.73,85.59,85.605,21294,2021-10-22 13:47:00,AEP
85.62,85.66,85.6,85.64,2770,2021-10-22 13:48:00,AEP
85.615,85.66,85.545,85.545,11884,2021-10-22 13:49:00,AEP
85.545,85.585,85.515,85.585,21542,2021-10-22 13:50:00,AEP
85.6,85.615,85.58,85.59,6902,2021-10-22 13:51:00,AEP
85.55,85.55,85.51,85.51,2520,2021-10-22 13:52:00,AEP
85.51,85.63,85.51,85.615,1100,2021-10-22 13:53:00,AEP
85.6,85.605,85.53,85.55,1504,2021-10-22 13:54:00,AEP
85.545,85.56,85.545,85.56,500,2021-10-22 13:55:00,AEP
85.55,85.57,85.51,85.51,2690,2021-10-22 13:56:00,AEP
85.45,85.48,85.45,85.46,600,2021-10-22 13:57:00,AEP
85.43,85.43,85.4,85.4,200,2021-10-22 13:58:00,AEP
85.4,85.4,85.355,85.39,1962,2021-10-22 13:59:00,AEP
85.33,85.39,85.32,85.32,1255,2021-10-22 14:00:00,AEP
85.35,85.35,85.3,85.3471,1731,2021-10-22 14:01:00,AEP
85.34,85.385,85.34,85.365,2035,2021-10-22 14:02:00,AEP
85.38,85.38,85.31,85.31,2218,2021-10-22 14:03:00,AEP
85.3314,85.35,85.29,85.29,2186,2021-10-22 14:04:00,AEP
85.32,85.32,85.29,85.305,1480,2021-10-22 14:05:00,AEP
85.29,85.305,85.25,85.27,1550,2021-10-22 14:06:00,AEP
85.29,85.31,85.27,85.275,894,2021-10-22 14:07:00,AEP
85.3,85.3,85.2388,85.24,800,2021-10-22 14:08:00,AEP
85.21,85.25,85.21,85.22,800,2021-10-22 14:09:00,AEP
85.24,85.24,85.21,85.22,1300,2021-10-22 14:10:00,AEP
85.23,85.23,85.18,85.2,3181,2021-10-22 14:11:00,AEP
85.22,85.22,85.22,85.22,500,2021-10-22 14:12:00,AEP
85.18,85.21,85.17,85.17,500,2021-10-22 14:13:00,AEP
85.22,85.28,85.2,85.28,1600,2021-10-22 14:14:00,AEP
85.27,85.29,85.26,85.26,1700,2021-10-22 14:15:00,AEP
85.26,85.26,85.23,85.24,4647,2021-10-22 14:16:00,AEP
85.23,85.23,85.18,85.18,2720,2021-10-22 14:17:00,AEP
85.17,85.21,85.155,85.155,1200,2021-10-22 14:18:00,AEP
85.15,85.24,85.15,85.24,2680,2021-10-22 14:19:00,AEP
85.25,85.26,85.25,85.26,500,2021-10-22 14:20:00,AEP
85.29,85.3,85.27,85.28,1800,2021-10-22 14:22:00,AEP
85.285,85.3,85.27,85.3,1128,2021-10-22 14:23:00,AEP
85.28,85.3,85.28,85.3,1400,2021-10-22 14:24:00,AEP
85.29,85.3,85.29,85.3,875,2021-10-22 14:25:00,AEP
85.31,85.315,85.28,85.28,1100,2021-10-22 14:26:00,AEP
85.3,85.33,85.28,85.33,2300,2021-10-22 14:27:00,AEP
85.3438,85.3438,85.32,85.33,1240,2021-10-22 14:28:00,AEP
85.35,85.37,85.34,85.34,9049,2021-10-22 14:29:00,AEP
85.35,85.35,85.32,85.34,2972,2021-10-22 14:30:00,AEP
85.34,85.365,85.32,85.35,4329,2021-10-22 14:31:00,AEP
85.354,85.37,85.35,85.35,1195,2021-10-22 14:32:00,AEP
85.36,85.38,85.36,85.36,500,2021-10-22 14:33:00,AEP
85.38,85.4,85.36,85.39,1802,2021-10-22 14:34:00,AEP
85.38,85.4,85.36,85.4,1600,2021-10-22 14:35:00,AEP
85.39,85.39,85.39,85.39,800,2021-10-22 14:36:00,AEP
85.41,85.42,85.405,85.42,821,2021-10-22 14:37:00,AEP
85.44,85.44,85.4,85.41,3147,2021-10-22 14:38:00,AEP
85.42,85.47,85.42,85.47,900,2021-10-22 14:39:00,AEP
85.47,85.55,85.47,85.535,2748,2021-10-22 14:40:00,AEP
85.57,85.59,85.57,85.58,1321,2021-10-22 14:41:00,AEP
85.6,85.6,85.555,85.555,2786,2021-10-22 14:42:00,AEP
85.56,85.56,85.55,85.55,400,2021-10-22 14:43:00,AEP
85.59,85.59,85.56,85.57,3920,2021-10-22 14:44:00,AEP
85.55,85.61,85.55,85.61,2200,2021-10-22 14:45:00,AEP
85.615,85.6199,85.6,85.6,2711,2021-10-22 14:46:00,AEP
85.58,85.58,85.52,85.53,1200,2021-10-22 14:47:00,AEP
85.57,85.57,85.555,85.57,700,2021-10-22 14:48:00,AEP
85.63,85.63,85.63,85.63,148,2021-10-22 14:49:00,AEP
85.62,85.65,85.62,85.64,3428,2021-10-22 14:51:00,AEP
85.6518,85.6518,85.6518,85.6518,250,2021-10-22 14:52:00,AEP
85.68,85.7,85.68,85.7,1105,2021-10-22 14:53:00,AEP
85.71,85.71,85.69,85.69,400,2021-10-22 14:54:00,AEP
85.68,85.68,85.6501,85.67,1415,2021-10-22 14:55:00,AEP
85.67,85.7,85.67,85.69,1250,2021-10-22 14:56:00,AEP
85.6864,85.6864,85.65,85.65,1012,2021-10-22 14:57:00,AEP
85.6358,85.6358,85.62,85.62,1558,2021-10-22 14:58:00,AEP
85.63,85.645,85.585,85.585,3080,2021-10-22 14:59:00,AEP
85.57,85.57,85.53,85.53,1568,2021-10-22 15:00:00,AEP
85.54,85.55,85.52,85.55,2700,2021-10-22 15:01:00,AEP
85.48,85.52,85.45,85.52,3368,2021-10-22 15:02:00,AEP
85.51,85.5195,85.505,85.505,3168,2021-10-22 15:03:00,AEP
85.515,85.55,85.515,85.53,2556,2021-10-22 15:04:00,AEP
85.52,85.53,85.5,85.5,1200,2021-10-22 15:05:00,AEP
85.495,85.52,85.495,85.52,2815,2021-10-22 15:06:00,AEP
85.53,85.59,85.53,85.59,1000,2021-10-22 15:07:00,AEP
85.6,85.6,85.555,85.57,2125,2021-10-22 15:08:00,AEP
85.585,85.6,85.585,85.6,630,2021-10-22 15:09:00,AEP
85.615,85.615,85.58,85.59,1855,2021-10-22 15:10:00,AEP
85.58,85.59,85.58,85.59,861,2021-10-22 15:11:00,AEP
85.58,85.59,85.57,85.59,1641,2021-10-22 15:12:00,AEP
85.585,85.63,85.57,85.58,3400,2021-10-22 15:13:00,AEP
85.58,85.58,85.51,85.51,800,2021-10-22 15:14:00,AEP
85.5,85.53,85.496,85.505,1932,2021-10-22 15:15:00,AEP
85.51,85.5336,85.5,85.53,3542,2021-10-22 15:16:00,AEP
85.55,85.6,85.54,85.56,3129,2021-10-22 15:17:00,AEP
85.57,85.57,85.53,85.5449,1537,2021-10-22 15:18:00,AEP
85.59,85.595,85.56,85.56,1753,2021-10-22 15:19:00,AEP
85.58,85.58,85.55,85.58,700,2021-10-22 15:20:00,AEP
85.585,85.63,85.585,85.63,1000,2021-10-22 15:21:00,AEP
85.63,85.63,85.57,85.6,1300,2021-10-22 15:22:00,AEP
85.63,85.64,85.62,85.62,710,2021-10-22 15:23:00,AEP
85.62,85.62,85.61,85.61,681,2021-10-22 15:24:00,AEP
85.61,85.61,85.57,85.6,1252,2021-10-22 15:25:00,AEP
85.63,85.67,85.62,85.67,2382,2021-10-22 15:26:00,AEP
85.68,85.72,85.68,85.71,600,2021-10-22 15:27:00,AEP
85.7357,85.7357,85.715,85.725,653,2021-10-22 15:28:00,AEP
85.72,85.74,85.7,85.74,1982,2021-10-22 15:29:00,AEP
85.71,85.71,85.68,85.695,902,2021-10-22 15:30:00,AEP
85.67,85.69,85.66,85.66,1300,2021-10-22 15:31:00,AEP
85.65,85.705,85.64,85.7,3926,2021-10-22 15:32:00,AEP
85.69,85.71,85.69,85.7,1220,2021-10-22 15:33:00,AEP
85.725,85.725,85.67,85.67,5071,2021-10-22 15:34:00,AEP
85.66,85.66,85.61,85.65,1110,2021-10-22 15:35:00,AEP
85.65,85.69,85.65,85.6665,3688,2021-10-22 15:36:00,AEP
85.66,85.71,85.65,85.71,1870,2021-10-22 15:37:00,AEP
85.7175,85.729,85.66,85.66,2350,2021-10-22 15:38:00,AEP
85.65,85.71,85.65,85.7,1120,2021-10-22 15:39:00,AEP
85.7,85.78,85.69,85.76,4311,2021-10-22 15:40:00,AEP
85.75,85.79,85.73,85.79,5500,2021-10-22 15:41:00,AEP
85.79,85.81,85.73,85.73,3100,2021-10-22 15:42:00,AEP
85.74,85.76,85.7,85.74,1400,2021-10-22 15:43:00,AEP
85.74,85.78,85.74,85.78,1300,2021-10-22 15:44:00,AEP
85.77,85.785,85.76,85.76,1500,2021-10-22 15:45:00,AEP
85.75,85.76,85.72,85.76,1900,2021-10-22 15:46:00,AEP
85.75,85.775,85.73,85.775,2717,2021-10-22 15:47:00,AEP
85.74,85.8,85.74,85.8,1560,2021-10-22 15:48:00,AEP
85.81,85.83,85.74,85.76,3795,2021-10-22 15:49:00,AEP
85.76,85.79,85.75,85.76,1665,2021-10-22 15:50:00,AEP
85.79,85.84,85.79,85.8,1601,2021-10-22 15:51:00,AEP
85.78,85.8,85.78,85.79,1000,2021-10-22 15:52:00,AEP
85.79,85.82,85.79,85.82,495,2021-10-22 15:53:00,AEP
85.82,85.83,85.81,85.81,705,2021-10-22 15:54:00,AEP
85.81,85.845,85.79,85.84,1200,2021-10-22 15:55:00,AEP
85.83,85.835,85.79,85.81,1308,2021-10-22 15:56:00,AEP
85.8,85.82,85.79,85.79,700,2021-10-22 15:57:00,AEP
85.79,85.79,85.78,85.78,300,2021-10-22 15:58:00,AEP
85.79,85.79,85.77,85.77,716,2021-10-22 15:59:00,AEP
85.75,85.76,85.75,85.7585,1356,2021-10-22 16:00:00,AEP
85.75,85.76,85.7,85.75,2543,2021-10-22 16:01:00,AEP
85.72,85.74,85.72,85.72,1600,2021-10-22 16:02:00,AEP
85.7205,85.75,85.69,85.69,6919,2021-10-22 16:03:00,AEP
85.7,85.77,85.69,85.76,6127,2021-10-22 16:04:00,AEP
85.735,85.75,85.72,85.75,2382,2021-10-22 16:05:00,AEP
85.76,85.76,85.73,85.745,3475,2021-10-22 16:06:00,AEP
85.74,85.8,85.73,85.79,2569,2021-10-22 16:07:00,AEP
85.78,85.78,85.755,85.76,1667,2021-10-22 16:08:00,AEP
85.75,85.75,85.72,85.72,2429,2021-10-22 16:09:00,AEP
85.71,85.715,85.71,85.715,500,2021-10-22 16:10:00,AEP
85.71,85.71,85.68,85.69,2164,2021-10-22 16:11:00,AEP
85.71,85.72,85.7,85.72,1199,2021-10-22 16:12:00,AEP
85.72,85.72,85.67,85.7,5062,2021-10-22 16:13:00,AEP
85.7,85.73,85.695,85.715,2300,2021-10-22 16:14:00,AEP
85.715,85.715,85.68,85.69,3159,2021-10-22 16:15:00,AEP
85.68,85.7,85.68,85.7,635,2021-10-22 16:16:00,AEP
85.71,85.73,85.71,85.73,2051,2021-10-22 16:17:00,AEP
85.725,85.74,85.71,85.71,2952,2021-10-22 16:18:00,AEP
85.72,85.73,85.7153,85.72,1513,2021-10-22 16:19:00,AEP
85.72,85.74,85.7,85.74,3949,2021-10-22 16:20:00,AEP
85.72,85.73,85.69,85.69,1550,2021-10-22 16:21:00,AEP
85.69,85.7,85.69,85.69,1200,2021-10-22 16:22:00,AEP
85.695,85.7,85.67,85.68,2560,2021-10-22 16:23:00,AEP
85.68,85.705,85.68,85.7,3455,2021-10-22 16:24:00,AEP
85.69,85.71,85.68,85.69,1600,2021-10-22 16:25:00,AEP
85.69,85.69,85.67,85.67,1545,2021-10-22 16:26:00,AEP
85.68,85.7,85.68,85.69,1700,2021-10-22 16:27:00,AEP
85.7,85.715,85.7,85.71,1753,2021-10-22 16:28:00,AEP
85.72,85.72,85.71,85.72,1733,2021-10-22 16:29:00,AEP
85.7201,85.7201,85.7,85.701,1029,2021-10-22 16:30:00,AEP
85.715,85.72,85.715,85.715,300,2021-10-22 16:31:00,AEP
85.72,85.73,85.7,85.72,6225,2021-10-22 16:32:00,AEP
85.73,85.76,85.73,85.76,820,2021-10-22 16:33:00,AEP
85.767,85.767,85.767,85.767,300,2021-10-22 16:34:00,AEP
85.76,85.77,85.74,85.77,2358,2021-10-22 16:35:00,AEP
85.78,85.81,85.77,85.81,1410,2021-10-22 16:36:00,AEP
85.79,85.8,85.79,85.7964,768,2021-10-22 16:37:00,AEP
85.805,85.81,85.79,85.8,2310,2021-10-22 16:38:00,AEP
85.775,85.775,85.775,85.775,200,2021-10-22 16:39:00,AEP
85.78,85.78,85.77,85.7753,1467,2021-10-22 16:40:00,AEP
85.78,85.78,85.74,85.75,3786,2021-10-22 16:41:00,AEP
85.77,85.7793,85.755,85.76,2330,2021-10-22 16:42:00,AEP
85.78,85.78,85.77,85.771,2127,2021-10-22 16:43:00,AEP
85.777,85.78,85.76,85.765,4154,2021-10-22 16:44:00,AEP
85.77,85.7796,85.7699,85.7699,1238,2021-10-22 16:45:00,AEP
85.74,85.74,85.71,85.72,1519,2021-10-22 16:46:00,AEP
85.72,85.73,85.68,85.68,2182,2021-10-22 16:47:00,AEP
85.67,85.67,85.63,85.63,4923,2021-10-22 16:48:00,AEP
85.6,85.671,85.6,85.66,3265,2021-10-22 16:49:00,AEP
85.66,85.7,85.65,85.7,1700,2021-10-22 16:50:00,AEP
85.705,85.72,85.697,85.72,1380,2021-10-22 16:51:00,AEP
85.71,85.71,85.65,85.65,1000,2021-10-22 16:52:00,AEP
85.66,85.66,85.66,85.66,600,2021-10-22 16:53:00,AEP
85.645,85.645,85.64,85.64,1287,2021-10-22 16:54:00,AEP
85.63,85.63,85.63,85.63,400,2021-10-22 16:55:00,AEP
85.64,85.64,85.63,85.63,700,2021-10-22 16:56:00,AEP
85.63,85.65,85.62,85.64,2339,2021-10-22 16:57:00,AEP
85.67,85.67,85.62,85.65,2151,2021-10-22 16:58:00,AEP
85.67,85.68,85.67,85.68,500,2021-10-22 16:59:00,AEP
85.6896,85.6896,85.66,85.68,2048,2021-10-22 17:00:00,AEP
85.69,85.69,85.66,85.67,2166,2021-10-22 17:01:00,AEP
85.675,85.675,85.66,85.66,400,2021-10-22 17:02:00,AEP
85.66,85.6684,85.64,85.64,1604,2021-10-22 17:03:00,AEP
85.64,85.66,85.64,85.66,800,2021-10-22 17:04:00,AEP
85.66,85.675,85.655,85.6591,1306,2021-10-22 17:05:00,AEP
85.65,85.65,85.63,85.65,1594,2021-10-22 17:06:00,AEP
85.66,85.68,85.66,85.67,1580,2021-10-22 17:07:00,AEP
85.67,85.7,85.67,85.7,899,2021-10-22 17:08:00,AEP
85.7,85.7,85.67,85.68,1282,2021-10-22 17:09:00,AEP
85.69,85.69,85.69,85.69,200,2021-10-22 17:10:00,AEP
85.67,85.69,85.67,85.68,1500,2021-10-22 17:11:00,AEP
85.67,85.691,85.65,85.69,4690,2021-10-22 17:12:00,AEP
85.685,85.7,85.68,85.68,2153,2021-10-22 17:13:00,AEP
85.665,85.665,85.655,85.66,1600,2021-10-22 17:14:00,AEP
85.65,85.65,85.63,85.63,1400,2021-10-22 17:15:00,AEP
85.62,85.62,85.62,85.62,782,2021-10-22 17:16:00,AEP
85.6167,85.64,85.6167,85.64,625,2021-10-22 17:17:00,AEP
85.64,85.669,85.64,85.66,1190,2021-10-22 17:18:00,AEP
85.66,85.66,85.63,85.64,1600,2021-10-22 17:19:00,AEP
85.63,85.65,85.63,85.65,600,2021-10-22 17:20:00,AEP
85.65,85.66,85.65,85.66,404,2021-10-22 17:21:00,AEP
85.66,85.66,85.66,85.66,100,2021-10-22 17:22:00,AEP
85.67,85.68,85.67,85.68,900,2021-10-22 17:23:00,AEP
85.69,85.69,85.68,85.68,500,2021-10-22 17:24:00,AEP
85.67,85.67,85.65,85.65,2600,2021-10-22 17:25:00,AEP
85.6599,85.66,85.64,85.66,1583,2021-10-22 17:26:00,AEP
85.66,85.685,85.66,85.685,670,2021-10-22 17:27:00,AEP
85.69,85.71,85.69,85.71,400,2021-10-22 17:29:00,AEP
85.71,85.71,85.7,85.705,2321,2021-10-22 17:30:00,AEP
85.71,85.71,85.71,85.71,200,2021-10-22 17:31:00,AEP
85.6909,85.6909,85.6666,85.69,1131,2021-10-22 17:32:00,AEP
85.68,85.68,85.68,85.68,100,2021-10-22 17:33:00,AEP
85.68,85.71,85.68,85.71,2277,2021-10-22 17:34:00,AEP
85.7,85.7,85.66,85.7,2205,2021-10-22 17:35:00,AEP
85.7,85.71,85.7,85.7,1279,2021-10-22 17:36:00,AEP
85.68,85.68,85.68,85.68,984,2021-10-22 17:37:00,AEP
85.69,85.694,85.69,85.694,530,2021-10-22 17:38:00,AEP
85.695,85.695,85.66,85.66,2744,2021-10-22 17:39:00,AEP
85.66,85.69,85.66,85.67,2843,2021-10-22 17:40:00,AEP
85.67,85.675,85.66,85.67,1428,2021-10-22 17:41:00,AEP
85.6699,85.7,85.6699,85.69,1317,2021-10-22 17:42:00,AEP
85.69,85.69,85.66,85.66,2398,2021-10-22 17:43:00,AEP
85.67,85.68,85.65,85.65,4008,2021-10-22 17:44:00,AEP
85.63,85.64,85.625,85.64,528,2021-10-22 17:45:00,AEP
85.64,85.64,85.64,85.64,117,2021-10-22 17:46:00,AEP
85.64,85.66,85.64,85.66,799,2021-10-22 17:47:00,AEP
85.65,85.65,85.63,85.64,2470,2021-10-22 17:48:00,AEP
85.66,85.67,85.66,85.67,600,2021-10-22 17:49:00,AEP
85.68,85.68,85.67,85.67,461,2021-10-22 17:50:00,AEP
85.68,85.69,85.66,85.67,2458,2021-10-22 17:51:00,AEP
85.67,85.69,85.67,85.68,1700,2021-10-22 17:52:00,AEP
85.6795,85.6795,85.67,85.67,2474,2021-10-22 17:53:00,AEP
85.67,85.68,85.67,85.67,1509,2021-10-22 17:54:00,AEP
85.66,85.66,85.645,85.645,2500,2021-10-22 17:55:00,AEP
85.64,85.647,85.61,85.61,3184,2021-10-22 17:56:00,AEP
85.62,85.64,85.62,85.63,2782,2021-10-22 17:57:00,AEP
85.61,85.61,85.54,85.54,1132,2021-10-22 17:58:00,AEP
85.55,85.56,85.5,85.5,4978,2021-10-22 17:59:00,AEP
85.51,85.54,85.5,85.52,2117,2021-10-22 18:00:00,AEP
85.5,85.51,85.48,85.51,1800,2021-10-22 18:01:00,AEP
85.515,85.52,85.5,85.505,1550,2021-10-22 18:02:00,AEP
85.5,85.51,85.495,85.51,2651,2021-10-22 18:03:00,AEP
85.51,85.51,85.49,85.49,1315,2021-10-22 18:04:00,AEP
85.47,85.47,85.445,85.45,2700,2021-10-22 18:05:00,AEP
85.45,85.485,85.44,85.47,3300,2021-10-22 18:06:00,AEP
85.46,85.46,85.45,85.45,1175,2021-10-22 18:07:00,AEP
85.47,85.51,85.47,85.51,1255,2021-10-22 18:08:00,AEP
85.51,85.54,85.51,85.54,900,2021-10-22 18:09:00,AEP
85.54,85.56,85.54,85.55,1700,2021-10-22 18:10:00,AEP
85.555,85.56,85.53,85.55,2302,2021-10-22 18:11:00,AEP
85.56,85.575,85.55,85.575,1887,2021-10-22 18:12:00,AEP
85.58,85.6,85.55,85.55,2456,2021-10-22 18:13:00,AEP
85.545,85.56,85.54,85.5514,4836,2021-10-22 18:14:00,AEP
85.56,85.58,85.54,85.57,2675,2021-10-22 18:15:00,AEP
85.57,85.6,85.57,85.6,1432,2021-10-22 18:16:00,AEP
85.61,85.64,85.61,85.63,1845,2021-10-22 18:17:00,AEP
85.62,85.63,85.61,85.61,832,2021-10-22 18:18:00,AEP
85.61,85.61,85.6,85.6,1646,2021-10-22 18:19:00,AEP
85.6114,85.63,85.6,85.6,2426,2021-10-22 18:20:00,AEP
85.6,85.605,85.58,85.58,755,2021-10-22 18:21:00,AEP
85.59,85.61,85.59,85.61,1471,2021-10-22 18:22:00,AEP
85.61,85.69,85.61,85.64,7421,2021-10-22 18:23:00,AEP
85.63,85.69,85.63,85.69,1000,2021-10-22 18:24:00,AEP
85.68,85.68,85.64,85.65,4454,2021-10-22 18:25:00,AEP
85.65,85.66,85.6364,85.66,1871,2021-10-22 18:26:00,AEP
85.66,85.66,85.66,85.66,500,2021-10-22 18:27:00,AEP
85.66,85.67,85.64,85.64,1800,2021-10-22 18:28:00,AEP
85.65,85.68,85.65,85.67,1400,2021-10-22 18:29:00,AEP
85.67,85.7,85.67,85.68,1603,2021-10-22 18:30:00,AEP
85.68,85.75,85.67,85.75,2600,2021-10-22 18:31:00,AEP
85.75,85.75,85.72,85.745,3470,2021-10-22 18:32:00,AEP
85.77,85.77,85.725,85.735,1300,2021-10-22 18:33:00,AEP
85.7485,85.7485,85.715,85.72,2632,2021-10-22 18:34:00,AEP
85.71,85.74,85.71,85.74,747,2021-10-22 18:35:00,AEP
85.74,85.74,85.72,85.73,4949,2021-10-22 18:36:00,AEP
85.73,85.74,85.7277,85.735,3747,2021-10-22 18:37:00,AEP
85.72,85.74,85.715,85.715,2233,2021-10-22 18:38:00,AEP
85.715,85.72,85.705,85.7112,4354,2021-10-22 18:39:00,AEP
85.71,85.73,85.71,85.73,2128,2021-10-22 18:40:00,AEP
85.72,85.725,85.71,85.71,1500,2021-10-22 18:41:00,AEP
85.715,85.74,85.715,85.72,3650,2021-10-22 18:42:00,AEP
85.71,85.71,85.7,85.705,1275,2021-10-22 18:43:00,AEP
85.71,85.73,85.71,85.725,1218,2021-10-22 18:44:00,AEP
85.725,85.73,85.69,85.7,3445,2021-10-22 18:45:00,AEP
85.69,85.71,85.69,85.7,900,2021-10-22 18:46:00,AEP
85.7,85.725,85.7,85.72,1200,2021-10-22 18:47:00,AEP
85.71,85.71,85.7,85.7,1773,2021-10-22 18:48:00,AEP
85.69,85.73,85.69,85.72,3064,2021-10-22 18:49:00,AEP
85.73,85.74,85.725,85.735,3249,2021-10-22 18:50:00,AEP
85.725,85.76,85.725,85.76,1639,2021-10-22 18:51:00,AEP
85.765,85.77,85.75,85.75,3430,2021-10-22 18:52:00,AEP
85.745,85.75,85.74,85.75,1710,2021-10-22 18:53:00,AEP
85.75,85.75,85.725,85.75,1430,2021-10-22 18:54:00,AEP
85.75,85.75,85.72,85.735,2751,2021-10-22 18:55:00,AEP
85.72,85.73,85.72,85.72,1871,2021-10-22 18:56:00,AEP
85.715,85.715,85.685,85.685,863,2021-10-22 18:57:00,AEP
85.69,85.71,85.69,85.71,2989,2021-10-22 18:58:00,AEP
85.7,85.71,85.7,85.71,2075,2021-10-22 18:59:00,AEP
85.71,85.71,85.69,85.69,1200,2021-10-22 19:00:00,AEP
85.69,85.72,85.69,85.71,1500,2021-10-22 19:01:00,AEP
85.72,85.73,85.71,85.72,5418,2021-10-22 19:02:00,AEP
85.71,85.71,85.67,85.67,1500,2021-10-22 19:03:00,AEP
85.67,85.68,85.67,85.675,1428,2021-10-22 19:04:00,AEP
85.675,85.675,85.65,85.655,3574,2021-10-22 19:05:00,AEP
85.67,85.68,85.65,85.67,2300,2021-10-22 19:06:00,AEP
85.67,85.67,85.62,85.625,2135,2021-10-22 19:07:00,AEP
85.61,85.67,85.61,85.66,6072,2021-10-22 19:08:00,AEP
85.66,85.705,85.66,85.7,3500,2021-10-22 19:09:00,AEP
85.7,85.7,85.67,85.67,1768,2021-10-22 19:10:00,AEP
85.66,85.665,85.63,85.63,3045,2021-10-22 19:11:00,AEP
85.62,85.62,85.6,85.6,3200,2021-10-22 19:12:00,AEP
85.61,85.61,85.6,85.6,2300,2021-10-22 19:13:00,AEP
85.6,85.62,85.6,85.62,3584,2021-10-22 19:14:00,AEP
85.624,85.65,85.624,85.635,2732,2021-10-22 19:15:00,AEP
85.6357,85.67,85.6357,85.65,2261,2021-10-22 19:16:00,AEP
85.655,85.655,85.63,85.64,2512,2021-10-22 19:17:00,AEP
85.63,85.64,85.63,85.63,1200,2021-10-22 19:18:00,AEP
85.63,85.63,85.56,85.56,1427,2021-10-22 19:19:00,AEP
85.56,85.59,85.5365,85.59,7286,2021-10-22 19:20:00,AEP
85.61,85.62,85.6,85.62,2827,2021-10-22 19:21:00,AEP
85.64,85.65,85.64,85.65,1100,2021-10-22 19:22:00,AEP
85.66,85.67,85.65,85.65,2812,2021-10-22 19:23:00,AEP
85.64,85.66,85.64,85.66,1449,2021-10-22 19:24:00,AEP
85.64,85.655,85.64,85.65,3005,2021-10-22 19:25:00,AEP
85.67,85.6858,85.67,85.68,770,2021-10-22 19:26:00,AEP
85.67,85.69,85.65,85.65,1942,2021-10-22 19:27:00,AEP
85.655,85.675,85.63,85.675,3227,2021-10-22 19:28:00,AEP
85.6835,85.71,85.68,85.69,1480,2021-10-22 19:29:00,AEP
85.7,85.71,85.695,85.695,3087,2021-10-22 19:30:00,AEP
85.69,85.727,85.69,85.72,4195,2021-10-22 19:31:00,AEP
85.72,85.75,85.695,85.749,6663,2021-10-22 19:32:00,AEP
85.75,85.755,85.74,85.75,1398,2021-10-22 19:33:00,AEP
85.75,85.76,85.695,85.71,7169,2021-10-22 19:34:00,AEP
85.715,85.715,85.63,85.65,3720,2021-10-22 19:35:00,AEP
85.65,85.71,85.645,85.7,3733,2021-10-22 19:36:00,AEP
85.7,85.74,85.69,85.74,3797,2021-10-22 19:37:00,AEP
85.74,85.744,85.725,85.725,1500,2021-10-22 19:38:00,AEP
85.725,85.77,85.72,85.73,1841,2021-10-22 19:39:00,AEP
85.7,85.75,85.68,85.68,5692,2021-10-22 19:40:00,AEP
85.69,85.77,85.69,85.76,4577,2021-10-22 19:41:00,AEP
85.76,85.77,85.75,85.77,5795,2021-10-22 19:42:00,AEP
85.77,85.785,85.76,85.77,3319,2021-10-22 19:43:00,AEP
85.78,85.78,85.7418,85.76,4002,2021-10-22 19:44:00,AEP
85.76,85.79,85.76,85.78,7191,2021-10-22 19:45:00,AEP
85.77,85.795,85.76,85.795,18463,2021-10-22 19:46:00,AEP
85.795,85.83,85.795,85.82,5557,2021-10-22 19:47:00,AEP
85.82,85.82,85.77,85.77,6087,2021-10-22 19:48:00,AEP
85.78,85.78,85.745,85.754,6820,2021-10-22 19:49:00,AEP
85.765,85.795,85.745,85.795,10103,2021-10-22 19:50:00,AEP
85.79,85.81,85.75,85.78,11066,2021-10-22 19:51:00,AEP
85.77,85.78,85.72,85.73,11821,2021-10-22 19:52:00,AEP
85.72,85.725,85.69,85.69,12103,2021-10-22 19:53:00,AEP
85.69,85.71,85.61,85.63,17673,2021-10-22 19:54:00,AEP
85.65,85.67,85.605,85.615,17470,2021-10-22 19:55:00,AEP
85.61,85.61,85.54,85.545,21417,2021-10-22 19:56:00,AEP
85.545,85.605,85.545,85.57,21263,2021-10-22 19:57:00,AEP
85.571,85.59,85.56,85.59,13151,2021-10-22 19:58:00,AEP
85.59,85.625,85.57,85.6,26320,2021-10-22 19:59:00,AEP
85.58,85.58,85.58,85.58,261955,2021-10-22 20:00:00,AEP
85.58,85.58,85.58,85.58,16162,2021-10-22 20:01:00,AEP
85.58,85.58,85.58,85.58,18554,2021-10-22 20:02:00,AEP
85.5258,85.5258,85.5258,85.5258,190,2021-10-22 21:49:00,AEP
85.5243,85.5243,85.5243,85.5243,210,2021-10-22 21:52:00,AEP
85.86,85.86,85.86,85.86,100,2021-10-22 23:17:00,AEP
85.5,85.5,85.5,85.5,125,2021-10-25 12:32:00,AEP
85.67,85.67,85.67,85.67,100,2021-10-25 13:19:00,AEP
85.7,85.71,85.7,85.71,913,2021-10-25 13:25:00,AEP
85.57,85.66,85.38,85.38,41773,2021-10-25 13:30:00,AEP
85.38,85.38,85.235,85.235,2497,2021-10-25 13:31:00,AEP
85.2,85.25,85.14,85.24,3109,2021-10-25 13:32:00,AEP
85.16,85.16,84.97,84.97,2932,2021-10-25 13:33:00,AEP
85.0,85.0,84.89,84.895,1727,2021-10-25 13:34:00,AEP
84.85,84.94,84.815,84.83,3206,2021-10-25 13:35:00,AEP
84.855,84.9,84.79,84.88,2500,2021-10-25 13:36:00,AEP
84.9,84.98,84.88,84.95,1129,2021-10-25 13:37:00,AEP
84.95,85.03,84.87,85.0,2829,2021-10-25 13:38:00,AEP
84.98,85.06,84.98,85.04,2818,2021-10-25 13:39:00,AEP
85.06,85.17,84.99,85.15,4541,2021-10-25 13:40:00,AEP
85.06,85.22,85.05,85.205,2100,2021-10-25 13:41:00,AEP
85.18,85.22,85.17,85.21,4978,2021-10-25 13:42:00,AEP
85.215,85.215,85.19,85.21,1070,2021-10-25 13:43:00,AEP
85.24,85.33,85.24,85.28,4504,2021-10-25 13:44:00,AEP
85.35,85.41,85.33,85.4,3559,2021-10-25 13:45:00,AEP
85.42,85.4799,85.34,85.395,2891,2021-10-25 13:46:00,AEP
85.42,85.42,85.31,85.32,800,2021-10-25 13:47:00,AEP
85.25,85.31,85.21,85.3,1400,2021-10-25 13:48:00,AEP
85.3,85.35,85.27,85.34,1294,2021-10-25 13:49:00,AEP
85.36,85.3651,85.31,85.31,1075,2021-10-25 13:50:00,AEP
85.28,85.29,85.19,85.19,3000,2021-10-25 13:51:00,AEP
85.19,85.26,85.19,85.21,3584,2021-10-25 13:52:00,AEP
85.165,85.28,85.165,85.27,969,2021-10-25 13:53:00,AEP
85.3,85.3,85.26,85.2929,1358,2021-10-25 13:54:00,AEP
85.285,85.37,85.285,85.32,2038,2021-10-25 13:55:00,AEP
85.32,85.32,85.27,85.31,1228,2021-10-25 13:56:00,AEP
85.31,85.35,85.31,85.33,900,2021-10-25 13:57:00,AEP
85.3199,85.33,85.29,85.33,1000,2021-10-25 13:59:00,AEP
85.36,85.4,85.34,85.34,1925,2021-10-25 14:00:00,AEP
85.36,85.45,85.36,85.45,3756,2021-10-25 14:01:00,AEP
85.44,85.44,85.4,85.4,1109,2021-10-25 14:02:00,AEP
85.395,85.41,85.37,85.4,3248,2021-10-25 14:03:00,AEP
85.43,85.47,85.43,85.45,500,2021-10-25 14:04:00,AEP
85.47,85.485,85.44,85.46,890,2021-10-25 14:05:00,AEP
85.44,85.465,85.42,85.46,1400,2021-10-25 14:06:00,AEP
85.46,85.51,85.46,85.46,3891,2021-10-25 14:07:00,AEP
85.44,85.46,85.44,85.4529,1812,2021-10-25 14:08:00,AEP
85.47,85.47,85.415,85.415,1968,2021-10-25 14:09:00,AEP
85.41,85.42,85.41,85.42,479,2021-10-25 14:10:00,AEP
85.4,85.4,85.33,85.33,1910,2021-10-25 14:11:00,AEP
85.34,85.35,85.31,85.31,1500,2021-10-25 14:12:00,AEP
85.32,85.36,85.32,85.34,832,2021-10-25 14:13:00,AEP
85.34,85.34,85.26,85.27,2672,2021-10-25 14:14:00,AEP
85.26,85.26,85.25,85.25,1200,2021-10-25 14:15:00,AEP
85.25,85.28,85.2,85.27,3515,2021-10-25 14:16:00,AEP
85.27,85.27,85.25,85.25,1400,2021-10-25 14:17:00,AEP
85.26,85.34,85.25,85.31,4125,2021-10-25 14:18:00,AEP
85.32,85.37,85.29,85.365,1300,2021-10-25 14:19:00,AEP
85.37,85.37,85.34,85.34,2627,2021-10-25 14:20:00,AEP
85.28,85.29,85.28,85.28,400,2021-10-25 14:21:00,AEP
85.23,85.23,85.21,85.21,600,2021-10-25 14:22:00,AEP
85.2,85.22,85.18,85.2032,1300,2021-10-25 14:23:00,AEP
85.2,85.21,85.19,85.19,681,2021-10-25 14:24:00,AEP
85.18,85.18,85.13,85.13,1599,2021-10-25 14:25:00,AEP
85.14,85.14,85.12,85.12,700,2021-10-25 14:26:00,AEP
85.1,85.13,85.06,85.12,1831,2021-10-25 14:27:00,AEP
85.12,85.14,85.1097,85.14,715,2021-10-25 14:28:00,AEP
85.13,85.14,85.1,85.14,1953,2021-10-25 14:29:00,AEP
85.1456,85.1456,85.1,85.13,1855,2021-10-25 14:30:00,AEP
85.14,85.17,85.11,85.11,1050,2021-10-25 14:31:00,AEP
85.11,85.14,85.11,85.12,1641,2021-10-25 14:32:00,AEP
85.107,85.145,85.09,85.13,897,2021-10-25 14:33:00,AEP
85.15,85.15,85.0898,85.0898,1067,2021-10-25 14:34:00,AEP
85.09,85.12,85.06,85.12,2100,2021-10-25 14:35:00,AEP
85.09,85.09,85.0,85.01,5715,2021-10-25 14:36:00,AEP
85.02,85.06,85.02,85.06,1370,2021-10-25 14:37:00,AEP
85.07,85.1,85.07,85.0933,3745,2021-10-25 14:38:00,AEP
85.11,85.18,85.11,85.17,1000,2021-10-25 14:39:00,AEP
85.17,85.19,85.16,85.16,1500,2021-10-25 14:40:00,AEP
85.15,85.2,85.145,85.2,1932,2021-10-25 14:41:00,AEP
85.21,85.21,85.19,85.19,409,2021-10-25 14:42:00,AEP
85.19,85.24,85.19,85.22,1303,2021-10-25 14:43:00,AEP
85.215,85.22,85.2034,85.22,400,2021-10-25 14:44:00,AEP
85.21,85.21,85.21,85.21,300,2021-10-25 14:45:00,AEP
85.19,85.19,85.15,85.15,3248,2021-10-25 14:46:00,AEP
85.14,85.17,85.14,85.17,899,2021-10-25 14:47:00,AEP
85.16,85.16,85.11,85.11,2500,2021-10-25 14:48:00,AEP
85.105,85.14,85.1,85.13,3188,2021-10-25 14:49:00,AEP
85.13,85.1563,85.13,85.1563,319,2021-10-25 14:50:00,AEP
85.17,85.17,85.15,85.15,300,2021-10-25 14:51:00,AEP
85.17,85.2,85.17,85.2,400,2021-10-25 14:52:00,AEP
85.2,85.21,85.2,85.21,200,2021-10-25 14:53:00,AEP
85.21,85.22,85.2,85.2,1725,2021-10-25 14:54:00,AEP
85.2,85.22,85.19,85.22,2091,2021-10-25 14:55:00,AEP
85.22,85.23,85.22,85.23,530,2021-10-25 14:56:00,AEP
85.22,85.22,85.2,85.2,300,2021-10-25 14:57:00,AEP
85.2,85.22,85.2,85.22,900,2021-10-25 14:58:00,AEP
85.221,85.29,85.221,85.26,2100,2021-10-25 14:59:00,AEP
85.26,85.26,85.2,85.21,1401,2021-10-25 15:00:00,AEP
85.21,85.21,85.2,85.21,1000,2021-10-25 15:01:00,AEP
85.2395,85.27,85.2395,85.27,1070,2021-10-25 15:02:00,AEP
85.21,85.2212,85.19,85.19,970,2021-10-25 15:04:00,AEP
85.16,85.18,85.16,85.175,500,2021-10-25 15:05:00,AEP
85.15,85.16,85.145,85.16,700,2021-10-25 15:06:00,AEP
85.13,85.155,85.13,85.1504,1079,2021-10-25 15:07:00,AEP
85.12,85.1347,85.12,85.1347,300,2021-10-25 15:08:00,AEP
85.13,85.13,85.08,85.08,800,2021-10-25 15:09:00,AEP
85.08,85.09,85.06,85.09,900,2021-10-25 15:10:00,AEP
85.1,85.1,85.04,85.07,1491,2021-10-25 15:11:00,AEP
85.08,85.08,85.05,85.05,1100,2021-10-25 15:12:00,AEP
85.07,85.09,85.05,85.05,1725,2021-10-25 15:13:00,AEP
85.0603,85.11,85.0603,85.09,2544,2021-10-25 15:14:00,AEP
85.07,85.075,85.06,85.065,1400,2021-10-25 15:15:00,AEP
85.044,85.07,85.044,85.07,960,2021-10-25 15:16:00,AEP
85.06,85.1142,85.06,85.1142,2050,2021-10-25 15:17:00,AEP
85.09,85.13,85.09,85.13,417,2021-10-25 15:18:00,AEP
85.12,85.15,85.09,85.095,1417,2021-10-25 15:19:00,AEP
85.09,85.09,85.08,85.08,600,2021-10-25 15:20:00,AEP
85.06,85.065,85.06,85.065,275,2021-10-25 15:21:00,AEP
85.0377,85.0377,85.0199,85.0199,637,2021-10-25 15:22:00,AEP
85.02,85.02,84.99,85.0,2014,2021-10-25 15:23:00,AEP
85.03,85.04,85.03,85.03,1300,2021-10-25 15:24:00,AEP
85.025,85.05,85.025,85.05,800,2021-10-25 15:25:00,AEP
85.05,85.05,85.05,85.05,200,2021-10-25 15:26:00,AEP
85.06,85.1,85.06,85.1,730,2021-10-25 15:27:00,AEP
85.0749,85.0749,85.0749,85.0749,104,2021-10-25 15:28:00,AEP
85.08,85.12,85.08,85.12,2400,2021-10-25 15:29:00,AEP
85.12,85.179,85.09,85.179,3300,2021-10-25 15:30:00,AEP
85.18,85.23,85.18,85.23,1420,2021-10-25 15:31:00,AEP
85.22,85.27,85.215,85.27,1893,2021-10-25 15:32:00,AEP
85.28,85.295,85.265,85.295,1604,2021-10-25 15:33:00,AEP
85.3,85.31,85.26,85.26,1244,2021-10-25 15:34:00,AEP
85.28,85.35,85.27,85.275,5004,2021-10-25 15:35:00,AEP
85.23,85.23,85.1767,85.1767,360,2021-10-25 15:36:00,AEP
85.17,85.205,85.17,85.205,602,2021-10-25 15:37:00,AEP
85.22,85.22,85.22,85.22,100,2021-10-25 15:38:00,AEP
85.2142,85.25,85.2142,85.25,1244,2021-10-25 15:40:00,AEP
85.22,85.225,85.22,85.225,625,2021-10-25 15:41:00,AEP
85.225,85.245,85.21,85.22,2176,2021-10-25 15:42:00,AEP
85.21,85.21,85.17,85.175,905,2021-10-25 15:43:00,AEP
85.16,85.17,85.155,85.155,579,2021-10-25 15:44:00,AEP
85.155,85.155,85.12,85.12,630,2021-10-25 15:45:00,AEP
85.08,85.095,85.08,85.095,242,2021-10-25 15:46:00,AEP
85.11,85.11,85.05,85.05,600,2021-10-25 15:47:00,AEP
85.05,85.05,85.0,85.0,1825,2021-10-25 15:48:00,AEP
85.02,85.02,85.01,85.01,744,2021-10-25 15:49:00,AEP
85.02,85.045,85.02,85.045,1839,2021-10-25 15:50:00,AEP
85.04,85.04,85.02,85.04,500,2021-10-25 15:51:00,AEP
85.03,85.06,85.0299,85.06,1636,2021-10-25 15:52:00,AEP
85.07,85.09,85.07,85.07,400,2021-10-25 15:53:00,AEP
85.05,85.05,85.05,85.05,225,2021-10-25 15:54:00,AEP
85.05,85.06,85.05,85.06,568,2021-10-25 15:55:00,AEP
85.045,85.05,85.03,85.03,1230,2021-10-25 15:56:00,AEP
85.04,85.07,85.04,85.07,1600,2021-10-25 15:57:00,AEP
85.07,85.08,85.07,85.0732,1350,2021-10-25 15:59:00,AEP
85.08,85.08,85.08,85.08,200,2021-10-25 16:00:00,AEP
85.055,85.06,85.05,85.05,314,2021-10-25 16:01:00,AEP
85.035,85.07,85.035,85.07,1100,2021-10-25 16:02:00,AEP
85.1,85.1,85.085,85.085,200,2021-10-25 16:03:00,AEP
85.09,85.09,85.09,85.09,100,2021-10-25 16:04:00,AEP
85.07,85.07,85.02,85.03,2192,2021-10-25 16:05:00,AEP
85.04,85.0628,85.04,85.0628,623,2021-10-25 16:06:00,AEP
85.04,85.07,85.04,85.07,400,2021-10-25 16:07:00,AEP
85.1,85.1,85.1,85.1,300,2021-10-25 16:08:00,AEP
85.106,85.106,85.09,85.09,2214,2021-10-25 16:09:00,AEP
85.1,85.12,85.09,85.12,512,2021-10-25 16:10:00,AEP
85.16,85.17,85.155,85.17,800,2021-10-25 16:11:00,AEP
85.17,85.17,85.17,85.17,100,2021-10-25 16:12:00,AEP
85.18,85.19,85.17,85.18,515,2021-10-25 16:13:00,AEP
85.185,85.2016,85.185,85.2016,700,2021-10-25 16:14:00,AEP
85.2,85.225,85.195,85.225,1022,2021-10-25 16:15:00,AEP
85.24,85.24,85.23,85.23,1325,2021-10-25 16:16:00,AEP
85.2282,85.2282,85.2282,85.2282,122,2021-10-25 16:17:00,AEP
85.2116,85.22,85.21,85.21,1599,2021-10-25 16:18:00,AEP
85.21,85.24,85.197,85.24,1146,2021-10-25 16:19:00,AEP
85.245,85.245,85.23,85.23,300,2021-10-25 16:20:00,AEP
85.235,85.235,85.23,85.23,205,2021-10-25 16:21:00,AEP
85.2397,85.2397,85.2,85.22,1318,2021-10-25 16:22:00,AEP
85.2,85.23,85.2,85.23,500,2021-10-25 16:23:00,AEP
85.23,85.25,85.23,85.23,800,2021-10-25 16:24:00,AEP
85.24,85.279,85.24,85.27,883,2021-10-25 16:25:00,AEP
85.25,85.295,85.25,85.29,2017,2021-10-25 16:26:00,AEP
85.29,85.29,85.26,85.26,453,2021-10-25 16:27:00,AEP
85.265,85.29,85.2598,85.26,2615,2021-10-25 16:28:00,AEP
85.26,85.26,85.2368,85.26,1948,2021-10-25 16:30:00,AEP
85.26,85.26,85.26,85.26,200,2021-10-25 16:31:00,AEP
85.25,85.25,85.22,85.22,200,2021-10-25 16:32:00,AEP
85.23,85.25,85.21,85.245,1415,2021-10-25 16:33:00,AEP
85.235,85.235,85.23,85.23,200,2021-10-25 16:34:00,AEP
85.23,85.23,85.23,85.23,100,2021-10-25 16:35:00,AEP
85.205,85.205,85.1892,85.1892,522,2021-10-25 16:36:00,AEP
85.19,85.1965,85.1728,85.185,1705,2021-10-25 16:37:00,AEP
85.17,85.19,85.16,85.18,700,2021-10-25 16:38:00,AEP
85.15,85.15,85.15,85.15,1100,2021-10-25 16:39:00,AEP
85.15,85.15,85.15,85.15,300,2021-10-25 16:40:00,AEP
85.14,85.145,85.13,85.14,1000,2021-10-25 16:41:00,AEP
85.14,85.14,85.12,85.14,600,2021-10-25 16:42:00,AEP
85.13,85.16,85.13,85.16,600,2021-10-25 16:43:00,AEP
85.17,85.17,85.12,85.12,1099,2021-10-25 16:44:00,AEP
85.12,85.12,85.11,85.11,300,2021-10-25 16:45:00,AEP
85.115,85.115,85.1,85.1,536,2021-10-25 16:46:00,AEP
85.101,85.11,85.07,85.08,1239,2021-10-25 16:47:00,AEP
85.09,85.11,85.09,85.11,886,2021-10-25 16:48:00,AEP
85.1,85.1,85.08,85.09,1346,2021-10-25 16:49:00,AEP
85.1,85.1,85.06,85.07,3152,2021-10-25 16:50:00,AEP
85.07,85.095,85.05,85.05,1238,2021-10-25 16:51:00,AEP
85.04,85.09,85.04,85.09,800,2021-10-25 16:52:00,AEP
85.08,85.1,85.08,85.1,400,2021-10-25 16:53:00,AEP
85.11,85.13,85.11,85.12,1546,2021-10-25 16:54:00,AEP
85.12,85.15,85.12,85.14,1000,2021-10-25 16:55:00,AEP
85.12,85.12,85.1,85.12,1400,2021-10-25 16:56:00,AEP
85.12,85.18,85.12,85.13,4200,2021-10-25 16:57:00,AEP
85.135,85.135,85.13,85.13,410,2021-10-25 16:58:00,AEP
85.11,85.1261,85.11,85.12,1589,2021-10-25 16:59:00,AEP
85.1133,85.12,85.1133,85.12,600,2021-10-25 17:00:00,AEP
85.13,85.14,85.12,85.12,600,2021-10-25 17:01:00,AEP
85.12,85.125,85.12,85.125,300,2021-10-25 17:02:00,AEP
85.13,85.15,85.13,85.1403,578,2021-10-25 17:03:00,AEP
85.16,85.16,85.14,85.14,577,2021-10-25 17:05:00,AEP
85.15,85.16,85.15,85.16,957,2021-10-25 17:07:00,AEP
85.16,85.16,85.1515,85.16,13905,2021-10-25 17:08:00,AEP
85.175,85.175,85.15,85.16,1317,2021-10-25 17:09:00,AEP
85.17,85.18,85.1679,85.1679,782,2021-10-25 17:10:00,AEP
85.18,85.19,85.18,85.19,800,2021-10-25 17:11:00,AEP
85.18,85.18,85.175,85.175,400,2021-10-25 17:12:00,AEP
85.16,85.24,85.16,85.24,5326,2021-10-25 17:13:00,AEP
85.21,85.2262,85.21,85.2262,393,2021-10-25 17:14:00,AEP
85.21,85.25,85.2,85.25,1492,2021-10-25 17:15:00,AEP
85.25,85.2577,85.25,85.2577,1700,2021-10-25 17:16:00,AEP
85.25,85.25,85.23,85.24,1376,2021-10-25 17:17:00,AEP
85.22,85.22,85.2,85.2,1000,2021-10-25 17:18:00,AEP
85.1916,85.195,85.16,85.16,800,2021-10-25 17:19:00,AEP
85.15,85.15,85.145,85.145,271,2021-10-25 17:20:00,AEP
85.135,85.1377,85.1,85.11,1610,2021-10-25 17:21:00,AEP
85.12,85.15,85.12,85.15,1693,2021-10-25 17:22:00,AEP
85.13,85.13,85.13,85.13,300,2021-10-25 17:24:00,AEP
85.11,85.11,85.1,85.1,200,2021-10-25 17:25:00,AEP
85.11,85.12,85.1,85.12,3246,2021-10-25 17:26:00,AEP
85.125,85.125,85.125,85.125,392,2021-10-25 17:27:00,AEP
85.125,85.13,85.125,85.13,800,2021-10-25 17:28:00,AEP
85.14,85.17,85.14,85.16,600,2021-10-25 17:29:00,AEP
85.16,85.1619,85.12,85.13,3339,2021-10-25 17:30:00,AEP
85.14,85.14,85.13,85.13,919,2021-10-25 17:31:00,AEP
85.08,85.1,85.08,85.09,1538,2021-10-25 17:32:00,AEP
85.1,85.11,85.08,85.08,700,2021-10-25 17:33:00,AEP
85.09,85.09,85.0701,85.0701,900,2021-10-25 17:34:00,AEP
85.09,85.09,85.09,85.09,363,2021-10-25 17:35:00,AEP
85.0967,85.0967,85.08,85.08,676,2021-10-25 17:36:00,AEP
85.07,85.071,85.07,85.071,200,2021-10-25 17:37:00,AEP
85.08,85.08,85.08,85.08,530,2021-10-25 17:38:00,AEP
85.065,85.07,85.0643,85.07,1176,2021-10-25 17:39:00,AEP
85.07,85.07,85.02,85.02,1498,2021-10-25 17:40:00,AEP
85.04,85.04,85.04,85.04,1056,2021-10-25 17:41:00,AEP
85.05,85.06,85.04,85.04,616,2021-10-25 17:42:00,AEP
85.03,85.039,85.03,85.03,512,2021-10-25 17:43:00,AEP
85.04,85.04,85.03,85.04,727,2021-10-25 17:44:00,AEP
85.0201,85.0231,85.02,85.02,1071,2021-10-25 17:45:00,AEP
85.01,85.03,85.01,85.03,400,2021-10-25 17:46:00,AEP
85.03,85.055,85.03,85.05,1089,2021-10-25 17:47:00,AEP
85.04,85.055,85.02,85.055,4552,2021-10-25 17:48:00,AEP
85.055,85.055,85.04,85.04,1200,2021-10-25 17:49:00,AEP
85.06,85.07,85.0408,85.06,770,2021-10-25 17:50:00,AEP
85.05,85.07,85.05,85.0611,1157,2021-10-25 17:51:00,AEP
85.07,85.07,85.05,85.05,710,2021-10-25 17:52:00,AEP
85.06,85.06,85.06,85.06,200,2021-10-25 17:53:00,AEP
85.06,85.06,85.05,85.05,518,2021-10-25 17:54:00,AEP
85.045,85.045,85.02,85.02,200,2021-10-25 17:55:00,AEP
85.02,85.02,85.015,85.02,400,2021-10-25 17:56:00,AEP
85.02,85.02,84.99,85.005,3521,2021-10-25 17:57:00,AEP
85.01,85.0423,85.0,85.0423,1053,2021-10-25 17:58:00,AEP
85.0561,85.0598,85.0561,85.0598,310,2021-10-25 17:59:00,AEP
85.05,85.05,85.0,85.0,2005,2021-10-25 18:00:00,AEP
84.99,84.99,84.98,84.98,400,2021-10-25 18:01:00,AEP
84.98,84.99,84.97,84.97,1300,2021-10-25 18:02:00,AEP
84.97,84.99,84.95,84.99,3418,2021-10-25 18:03:00,AEP
84.99,84.995,84.99,84.99,1400,2021-10-25 18:04:00,AEP
84.98,84.99,84.97,84.98,1759,2021-10-25 18:05:00,AEP
84.98,85.01,84.98,85.01,400,2021-10-25 18:06:00,AEP
84.97,84.97,84.97,84.97,500,2021-10-25 18:07:00,AEP
84.97,84.98,84.97,84.97,500,2021-10-25 18:08:00,AEP
84.98,85.01,84.98,85.01,6113,2021-10-25 18:09:00,AEP
85.0,85.015,85.0,85.015,2705,2021-10-25 18:10:00,AEP
85.02,85.02,84.99,84.99,600,2021-10-25 18:11:00,AEP
85.0,85.0,85.0,85.0,100,2021-10-25 18:12:00,AEP
85.01,85.02,84.98,84.99,1217,2021-10-25 18:13:00,AEP
85.0,85.035,85.0,85.035,600,2021-10-25 18:14:00,AEP
85.04,85.06,85.04,85.04,400,2021-10-25 18:15:00,AEP
85.07,85.07,85.05,85.05,700,2021-10-25 18:16:00,AEP
85.06,85.08,85.06,85.08,300,2021-10-25 18:17:00,AEP
85.1,85.115,85.09,85.09,1200,2021-10-25 18:18:00,AEP
85.11,85.12,85.1,85.11,700,2021-10-25 18:19:00,AEP
85.1,85.1,85.095,85.095,200,2021-10-25 18:20:00,AEP
85.09,85.138,85.09,85.13,1198,2021-10-25 18:21:00,AEP
85.13,85.13,85.09,85.1,1909,2021-10-25 18:22:00,AEP
85.11,85.11,85.1,85.11,663,2021-10-25 18:23:00,AEP
85.12,85.12,85.1,85.1,1200,2021-10-25 18:24:00,AEP
85.115,85.12,85.1,85.1,1539,2021-10-25 18:25:00,AEP
85.1,85.1,85.07,85.08,1115,2021-10-25 18:26:00,AEP
85.095,85.1,85.04,85.06,3758,2021-10-25 18:27:00,AEP
85.07,85.07,85.04,85.05,1120,2021-10-25 18:28:00,AEP
85.06,85.09,85.06,85.07,1600,2021-10-25 18:29:00,AEP
85.0799,85.08,85.07,85.07,973,2021-10-25 18:30:00,AEP
85.07,85.075,85.05,85.05,1400,2021-10-25 18:31:00,AEP
85.04,85.045,85.01,85.04,1500,2021-10-25 18:32:00,AEP
85.03,85.06,85.03,85.03,2388,2021-10-25 18:33:00,AEP
85.03,85.03,85.0,85.02,3624,2021-10-25 18:34:00,AEP
85.03,85.0462,85.01,85.03,1814,2021-10-25 18:35:00,AEP
85.03,85.04,85.02,85.04,895,2021-10-25 18:36:00,AEP
85.02,85.02,84.997,85.005,984,2021-10-25 18:37:00,AEP
85.0191,85.0191,84.97,84.97,842,2021-10-25 18:38:00,AEP
84.99,85.0,84.99,84.99,770,2021-10-25 18:39:00,AEP
84.97,84.97,84.95,84.96,1533,2021-10-25 18:40:00,AEP
84.94,84.96,84.915,84.915,3691,2021-10-25 18:41:00,AEP
84.92,84.92,84.915,84.915,200,2021-10-25 18:42:00,AEP
84.93,84.93,84.9,84.92,6556,2021-10-25 18:43:00,AEP
84.93,84.94,84.93,84.935,1327,2021-10-25 18:44:00,AEP
84.94,84.94,84.92,84.92,900,2021-10-25 18:45:00,AEP
84.92,84.935,84.92,84.925,591,2021-10-25 18:46:00,AEP
84.925,84.95,84.925,84.95,700,2021-10-25 18:47:00,AEP
84.94,84.95,84.91,84.92,2482,2021-10-25 18:48:00,AEP
84.935,84.935,84.8999,84.8999,2600,2021-10-25 18:49:00,AEP
84.89,84.89,84.82,84.84,3961,2021-10-25 18:50:00,AEP
84.83,84.83,84.81,84.81,2230,2021-10-25 18:51:00,AEP
84.82,84.825,84.81,84.81,1100,2021-10-25 18:52:00,AEP
84.82,84.835,84.76,84.76,2000,2021-10-25 18:53:00,AEP
84.75,84.805,84.75,84.7932,2795,2021-10-25 18:54:00,AEP
84.8,84.8,84.765,84.77,1000,2021-10-25 18:55:00,AEP
84.79,84.82,84.79,84.81,1285,2021-10-25 18:56:00,AEP
84.815,84.815,84.79,84.79,1015,2021-10-25 18:57:00,AEP
84.79,84.79,84.75,84.75,3060,2021-10-25 18:58:00,AEP
84.7599,84.7599,84.73,84.73,1824,2021-10-25 18:59:00,AEP
84.72,84.72,84.7,84.71,2739,2021-10-25 19:00:00,AEP
84.7,84.7,84.68,84.7,4001,2021-10-25 19:01:00,AEP
84.71,84.745,84.71,84.74,1207,2021-10-25 19:02:00,AEP
84.75,84.75,84.73,84.73,1050,2021-10-25 19:03:00,AEP
84.71,84.725,84.7,84.72,2011,2021-10-25 19:04:00,AEP
84.73,84.73,84.73,84.73,300,2021-10-25 19:05:00,AEP
84.72,84.7398,84.7,84.7,8352,2021-10-25 19:06:00,AEP
84.71,84.72,84.71,84.71,774,2021-10-25 19:07:00,AEP
84.72,84.75,84.72,84.75,900,2021-10-25 19:08:00,AEP
84.74,84.76,84.74,84.74,3606,2021-10-25 19:09:00,AEP
84.74,84.7444,84.68,84.69,2321,2021-10-25 19:10:00,AEP
84.69,84.705,84.69,84.69,1200,2021-10-25 19:11:00,AEP
84.68,84.71,84.68,84.71,374,2021-10-25 19:12:00,AEP
84.72,84.7215,84.718,84.718,532,2021-10-25 19:13:00,AEP
84.715,84.74,84.71,84.74,1300,2021-10-25 19:14:00,AEP
84.74,84.78,84.73,84.77,1977,2021-10-25 19:15:00,AEP
84.76,84.76,84.745,84.745,300,2021-10-25 19:16:00,AEP
84.72,84.73,84.71,84.73,2071,2021-10-25 19:17:00,AEP
84.71,84.73,84.71,84.725,2525,2021-10-25 19:18:00,AEP
84.7144,84.72,84.7144,84.72,458,2021-10-25 19:19:00,AEP
84.719,84.72,84.67,84.685,8192,2021-10-25 19:20:00,AEP
84.69,84.735,84.69,84.735,1200,2021-10-25 19:21:00,AEP
84.76,84.78,84.75,84.77,1984,2021-10-25 19:22:00,AEP
84.77,84.78,84.76,84.76,1826,2021-10-25 19:23:00,AEP
84.77,84.78,84.76,84.76,1414,2021-10-25 19:24:00,AEP
84.764,84.79,84.764,84.79,1301,2021-10-25 19:25:00,AEP
84.77,84.8,84.77,84.795,1543,2021-10-25 19:26:00,AEP
84.78,84.79,84.76,84.79,1988,2021-10-25 19:27:00,AEP
84.785,84.79,84.78,84.79,708,2021-10-25 19:28:00,AEP
84.79,84.8,84.76,84.77,3745,2021-10-25 19:29:00,AEP
84.755,84.77,84.74,84.74,3602,2021-10-25 19:30:00,AEP
84.74,84.74,84.71,84.73,1400,2021-10-25 19:31:00,AEP
84.72,84.74,84.72,84.73,2706,2021-10-25 19:32:00,AEP
84.75,84.77,84.74,84.76,3150,2021-10-25 19:33:00,AEP
84.755,84.775,84.755,84.765,6062,2021-10-25 19:34:00,AEP
84.77,84.78,84.76,84.765,13447,2021-10-25 19:35:00,AEP
84.765,84.77,84.7603,84.77,5350,2021-10-25 19:36:00,AEP
84.765,84.805,84.765,84.805,4083,2021-10-25 19:37:00,AEP
84.8,84.83,84.79,84.83,2619,2021-10-25 19:38:00,AEP
84.84,84.84,84.82,84.82,1275,2021-10-25 19:39:00,AEP
84.7973,84.7973,84.78,84.795,2463,2021-10-25 19:40:00,AEP
84.78,84.795,84.78,84.795,1211,2021-10-25 19:41:00,AEP
84.805,84.825,84.8,84.81,1769,2021-10-25 19:42:00,AEP
84.82,84.845,84.82,84.83,1929,2021-10-25 19:43:00,AEP
84.8329,84.8329,84.8,84.8,1798,2021-10-25 19:44:00,AEP
84.79,84.79,84.77,84.78,3096,2021-10-25 19:45:00,AEP
84.77,84.77,84.7134,84.7134,3786,2021-10-25 19:46:00,AEP
84.705,84.76,84.705,84.755,2700,2021-10-25 19:47:00,AEP
84.755,84.755,84.73,84.735,3633,2021-10-25 19:48:00,AEP
84.74,84.76,84.725,84.76,3070,2021-10-25 19:49:00,AEP
84.77,84.83,84.77,84.78,27019,2021-10-25 19:50:00,AEP
84.78,84.7831,84.735,84.735,5526,2021-10-25 19:51:00,AEP
84.73,84.735,84.7,84.725,7603,2021-10-25 19:52:00,AEP
84.72,84.75,84.705,84.725,8090,2021-10-25 19:53:00,AEP
84.73,84.73,84.64,84.67,17752,2021-10-25 19:54:00,AEP
84.665,84.69,84.64,84.64,13810,2021-10-25 19:55:00,AEP
84.635,84.64,84.58,84.615,14574,2021-10-25 19:56:00,AEP
84.61,84.635,84.6,84.635,11723,2021-10-25 19:57:00,AEP
84.635,84.635,84.6,84.61,11633,2021-10-25 19:58:00,AEP
84.61,84.67,84.6,84.66,47716,2021-10-25 19:59:00,AEP
84.67,84.67,84.63,84.67,504434,2021-10-25 20:00:00,AEP
84.67,84.67,84.67,84.67,88163,2021-10-25 20:01:00,AEP
84.67,84.67,84.67,84.67,14051,2021-10-25 20:02:00,AEP
84.63,84.63,84.63,84.63,233,2021-10-25 20:09:00,AEP
84.73,84.73,84.73,84.73,254,2021-10-25 20:20:00,AEP
84.67,84.67,84.67,84.67,459,2021-10-25 21:04:00,AEP
84.67,84.67,84.67,84.67,107,2021-10-26 13:25:00,AEP
84.812,84.812,84.63,84.76,25789,2021-10-26 13:30:00,AEP
84.77,84.7818,84.77,84.7818,1520,2021-10-26 13:31:00,AEP
84.78,84.78,84.5925,84.65,1900,2021-10-26 13:32:00,AEP
84.67,84.72,84.52,84.57,4265,2021-10-26 13:33:00,AEP
84.62,84.67,84.5261,84.67,2106,2021-10-26 13:34:00,AEP
84.68,84.82,84.67,84.82,3415,2021-10-26 13:35:00,AEP
84.8,84.83,84.74,84.74,1800,2021-10-26 13:36:00,AEP
84.71,84.71,84.6,84.675,700,2021-10-26 13:37:00,AEP
84.68,84.68,84.6,84.6,900,2021-10-26 13:38:00,AEP
84.6,84.62,84.51,84.54,2631,2021-10-26 13:39:00,AEP
84.56,84.68,84.56,84.67,3844,2021-10-26 13:40:00,AEP
84.65,84.735,84.65,84.73,1800,2021-10-26 13:41:00,AEP
84.7,84.71,84.66,84.68,3761,2021-10-26 13:42:00,AEP
84.69,84.7,84.65,84.65,1300,2021-10-26 13:43:00,AEP
84.665,84.72,84.65,84.67,2210,2021-10-26 13:44:00,AEP
84.678,84.745,84.678,84.705,3296,2021-10-26 13:45:00,AEP
84.69,84.69,84.63,84.64,1400,2021-10-26 13:46:00,AEP
84.61,84.624,84.57,84.624,849,2021-10-26 13:47:00,AEP
84.669,84.76,84.669,84.76,1689,2021-10-26 13:48:00,AEP
84.74,84.78,84.73,84.73,1572,2021-10-26 13:49:00,AEP
84.735,84.735,84.72,84.72,300,2021-10-26 13:50:00,AEP
84.755,84.8099,84.71,84.79,2015,2021-10-26 13:51:00,AEP
84.805,84.82,84.74,84.74,2406,2021-10-26 13:52:00,AEP
84.73,84.735,84.72,84.73,2719,2021-10-26 13:53:00,AEP
84.76,84.78,84.73,84.755,6047,2021-10-26 13:54:00,AEP
84.73,84.78,84.73,84.775,3751,2021-10-26 13:55:00,AEP
84.76,84.86,84.76,84.85,3500,2021-10-26 13:56:00,AEP
84.84,84.84,84.8135,84.8135,1125,2021-10-26 13:57:00,AEP
84.81,84.81,84.76,84.775,2291,2021-10-26 13:58:00,AEP
84.79,84.805,84.78,84.8,1600,2021-10-26 13:59:00,AEP
84.81,84.81,84.72,84.735,7800,2021-10-26 14:00:00,AEP
84.73,84.75,84.7,84.72,8100,2021-10-26 14:01:00,AEP
84.71,84.79,84.71,84.79,4397,2021-10-26 14:02:00,AEP
84.76,84.795,84.76,84.795,1375,2021-10-26 14:03:00,AEP
84.795,84.8,84.76,84.78,3271,2021-10-26 14:04:00,AEP
84.76,84.76,84.71,84.71,1600,2021-10-26 14:05:00,AEP
84.71,84.725,84.69,84.71,2681,2021-10-26 14:06:00,AEP
84.69,84.73,84.69,84.71,1659,2021-10-26 14:07:00,AEP
84.7,84.84,84.7,84.82,5508,2021-10-26 14:08:00,AEP
84.825,84.83,84.79,84.805,2017,2021-10-26 14:09:00,AEP
84.8,84.8,84.73,84.73,1603,2021-10-26 14:10:00,AEP
84.7,84.735,84.68,84.69,3109,2021-10-26 14:11:00,AEP
84.68,84.765,84.68,84.765,3429,2021-10-26 14:12:00,AEP
84.765,84.765,84.69,84.69,1640,2021-10-26 14:13:00,AEP
84.69,84.71,84.655,84.665,3938,2021-10-26 14:14:00,AEP
84.6854,84.6854,84.665,84.67,3195,2021-10-26 14:15:00,AEP
84.68,84.68,84.67,84.67,1916,2021-10-26 14:16:00,AEP
84.67,84.69,84.66,84.67,2526,2021-10-26 14:17:00,AEP
84.68,84.7,84.68,84.69,1205,2021-10-26 14:18:00,AEP
84.71,84.76,84.71,84.76,2000,2021-10-26 14:19:00,AEP
84.76,84.77,84.72,84.72,1000,2021-10-26 14:20:00,AEP
84.72,84.75,84.655,84.69,2200,2021-10-26 14:21:00,AEP
84.68,84.72,84.68,84.72,2758,2021-10-26 14:22:00,AEP
84.7,84.7,84.67,84.68,1100,2021-10-26 14:23:00,AEP
84.66,84.66,84.6192,84.64,3549,2021-10-26 14:24:00,AEP
84.635,84.65,84.63,84.645,2594,2021-10-26 14:25:00,AEP
84.61,84.64,84.61,84.64,3434,2021-10-26 14:26:00,AEP
84.65,84.745,84.64,84.74,15646,2021-10-26 14:27:00,AEP
84.74,84.74,84.72,84.73,5075,2021-10-26 14:28:00,AEP
84.73,84.755,84.7,84.7,6299,2021-10-26 14:29:00,AEP
84.705,84.705,84.6136,84.66,3892,2021-10-26 14:30:00,AEP
84.65,84.73,84.65,84.72,3183,2021-10-26 14:31:00,AEP
84.72,84.72,84.7,84.72,900,2021-10-26 14:32:00,AEP
84.69,84.69,84.67,84.68,600,2021-10-26 14:33:00,AEP
84.69,84.69,84.65,84.67,1740,2021-10-26 14:34:00,AEP
84.68,84.71,84.67,84.71,1200,2021-10-26 14:35:00,AEP
84.69,84.71,84.635,84.65,1019,2021-10-26 14:36:00,AEP
84.63,84.63,84.62,84.62,1053,2021-10-26 14:37:00,AEP
84.63,84.64,84.59,84.59,4830,2021-10-26 14:38:00,AEP
84.59,84.65,84.58,84.61,3889,2021-10-26 14:39:00,AEP
84.6,84.6,84.59,84.59,1143,2021-10-26 14:40:00,AEP
84.6,84.64,84.595,84.62,5717,2021-10-26 14:41:00,AEP
84.62,84.655,84.61,84.64,2700,2021-10-26 14:42:00,AEP
84.63,84.65,84.6,84.6,3065,2021-10-26 14:43:00,AEP
84.59,84.59,84.54,84.54,4305,2021-10-26 14:44:00,AEP
84.5465,84.5465,84.48,84.49,4602,2021-10-26 14:45:00,AEP
84.5,84.525,84.49,84.52,3447,2021-10-26 14:46:00,AEP
84.53,84.557,84.5203,84.55,2380,2021-10-26 14:47:00,AEP
84.54,84.61,84.54,84.61,3100,2021-10-26 14:48:00,AEP
84.62,84.65,84.62,84.65,1603,2021-10-26 14:49:00,AEP
84.64,84.74,84.63,84.73,8036,2021-10-26 14:50:00,AEP
84.735,84.745,84.705,84.705,500,2021-10-26 14:51:00,AEP
84.705,84.705,84.6,84.604,2506,2021-10-26 14:52:00,AEP
84.61,84.63,84.59,84.59,900,2021-10-26 14:53:00,AEP
84.575,84.58,84.57,84.58,900,2021-10-26 14:54:00,AEP
84.57,84.64,84.56,84.625,3462,2021-10-26 14:55:00,AEP
84.62,84.66,84.62,84.64,3732,2021-10-26 14:56:00,AEP
84.66,84.67,84.66,84.66,500,2021-10-26 14:57:00,AEP
84.65,84.67,84.65,84.66,1415,2021-10-26 14:58:00,AEP
84.67,84.75,84.67,84.71,7956,2021-10-26 14:59:00,AEP
84.7,84.73,84.69,84.72,3300,2021-10-26 15:00:00,AEP
84.71,84.72,84.69,84.7,2110,2021-10-26 15:01:00,AEP
84.71,84.755,84.7,84.74,7888,2021-10-26 15:02:00,AEP
84.74,84.76,84.74,84.75,1904,2021-10-26 15:03:00,AEP
84.7301,84.76,84.71,84.74,5639,2021-10-26 15:04:00,AEP
84.75,84.82,84.75,84.7925,1535,2021-10-26 15:05:00,AEP
84.78,84.8,84.78,84.8,400,2021-10-26 15:06:00,AEP
84.79,84.865,84.79,84.81,3216,2021-10-26 15:07:00,AEP
84.81,84.85,84.81,84.85,1000,2021-10-26 15:08:00,AEP
84.87,84.87,84.83,84.84,1132,2021-10-26 15:09:00,AEP
84.83,84.8752,84.83,84.84,1895,2021-10-26 15:10:00,AEP
84.86,84.87,84.85,84.85,1000,2021-10-26 15:11:00,AEP
84.84,84.87,84.84,84.87,1100,2021-10-26 15:12:00,AEP
84.8712,84.8712,84.81,84.81,581,2021-10-26 15:13:00,AEP
84.8101,84.85,84.81,84.85,1220,2021-10-26 15:14:00,AEP
84.83,84.83,84.79,84.79,4952,2021-10-26 15:15:00,AEP
84.79,84.85,84.79,84.85,1648,2021-10-26 15:16:00,AEP
84.82,84.82,84.77,84.77,300,2021-10-26 15:17:00,AEP
84.75,84.75,84.7,84.7,1107,2021-10-26 15:18:00,AEP
84.685,84.7,84.67,84.695,1343,2021-10-26 15:19:00,AEP
84.67,84.68,84.67,84.68,300,2021-10-26 15:20:00,AEP
84.68,84.71,84.68,84.71,1249,2021-10-26 15:21:00,AEP
84.7058,84.7058,84.705,84.705,390,2021-10-26 15:22:00,AEP
84.69,84.73,84.69,84.73,1300,2021-10-26 15:23:00,AEP
84.72,84.7227,84.71,84.72,900,2021-10-26 15:24:00,AEP
84.72,84.76,84.72,84.74,1296,2021-10-26 15:25:00,AEP
84.705,84.71,84.7047,84.71,960,2021-10-26 15:26:00,AEP
84.74,84.75,84.74,84.75,1200,2021-10-26 15:27:00,AEP
84.75,84.77,84.75,84.77,300,2021-10-26 15:28:00,AEP
84.74,84.77,84.74,84.77,1814,2021-10-26 15:29:00,AEP
84.77,84.77,84.74,84.75,800,2021-10-26 15:30:00,AEP
84.75,84.82,84.74,84.81,4052,2021-10-26 15:31:00,AEP
84.8,84.825,84.8,84.82,1116,2021-10-26 15:32:00,AEP
84.8,84.83,84.795,84.82,2320,2021-10-26 15:33:00,AEP
84.835,84.835,84.8,84.83,2209,2021-10-26 15:34:00,AEP
84.83,84.86,84.82,84.83,2739,2021-10-26 15:35:00,AEP
84.84,84.89,84.84,84.885,3660,2021-10-26 15:36:00,AEP
84.89,84.89,84.865,84.865,500,2021-10-26 15:37:00,AEP
84.85,84.88,84.83,84.88,4159,2021-10-26 15:38:00,AEP
84.88,84.89,84.86,84.87,700,2021-10-26 15:39:00,AEP
84.875,84.8799,84.86,84.8696,1064,2021-10-26 15:40:00,AEP
84.86,84.88,84.86,84.87,1325,2021-10-26 15:41:00,AEP
84.86,84.86,84.81,84.81,730,2021-10-26 15:42:00,AEP
84.805,84.82,84.8,84.8,1873,2021-10-26 15:43:00,AEP
84.795,84.86,84.795,84.84,5274,2021-10-26 15:44:00,AEP
84.84,84.84,84.82,84.83,1699,2021-10-26 15:45:00,AEP
84.835,84.835,84.82,84.82,1965,2021-10-26 15:46:00,AEP
84.82,84.82,84.77,84.77,807,2021-10-26 15:47:00,AEP
84.77,84.77,84.74,84.77,1284,2021-10-26 15:48:00,AEP
84.775,84.775,84.76,84.769,500,2021-10-26 15:49:00,AEP
84.76,84.77,84.75,84.77,442,2021-10-26 15:50:00,AEP
84.7799,84.79,84.75,84.79,1400,2021-10-26 15:51:00,AEP
84.81,84.82,84.79,84.8,1800,2021-10-26 15:52:00,AEP
84.79,84.8019,84.785,84.8019,407,2021-10-26 15:53:00,AEP
84.8,84.8,84.76,84.76,900,2021-10-26 15:54:00,AEP
84.75,84.75,84.73,84.75,1551,2021-10-26 15:55:00,AEP
84.75,84.79,84.73,84.78,1400,2021-10-26 15:56:00,AEP
84.8,84.82,84.8,84.81,1055,2021-10-26 15:57:00,AEP
84.8,84.8,84.7634,84.78,321,2021-10-26 15:58:00,AEP
84.78,84.79,84.77,84.785,1162,2021-10-26 15:59:00,AEP
84.7938,84.92,84.78,84.91,17153,2021-10-26 16:00:00,AEP
84.89,84.9,84.88,84.88,2115,2021-10-26 16:01:00,AEP
84.89,84.925,84.89,84.925,687,2021-10-26 16:02:00,AEP
84.93,84.99,84.93,84.99,1100,2021-10-26 16:03:00,AEP
84.98,85.0,84.97,84.97,2422,2021-10-26 16:04:00,AEP
84.965,85.0,84.965,84.9996,4315,2021-10-26 16:05:00,AEP
85.0,85.015,84.98,85.01,2239,2021-10-26 16:06:00,AEP
85.0,85.0,84.97,84.98,1199,2021-10-26 16:07:00,AEP
85.0,85.025,84.985,84.985,5407,2021-10-26 16:08:00,AEP
84.99,84.99,84.94,84.98,6105,2021-10-26 16:09:00,AEP
84.96,84.97,84.93,84.93,1987,2021-10-26 16:10:00,AEP
84.93,84.94,84.925,84.94,4058,2021-10-26 16:11:00,AEP
84.94,84.95,84.895,84.93,9263,2021-10-26 16:12:00,AEP
84.94,84.97,84.94,84.96,1300,2021-10-26 16:13:00,AEP
84.97,84.97,84.93,84.93,4472,2021-10-26 16:14:00,AEP
84.92,84.92,84.89,84.9,4601,2021-10-26 16:15:00,AEP
84.89,84.915,84.86,84.915,10626,2021-10-26 16:16:00,AEP
84.91,84.915,84.865,84.88,7060,2021-10-26 16:17:00,AEP
84.9,84.9,84.87,84.87,655,2021-10-26 16:18:00,AEP
84.87,84.87,84.84,84.84,1616,2021-10-26 16:19:00,AEP
84.845,84.85,84.81,84.841,10644,2021-10-26 16:20:00,AEP
84.84,84.85,84.8,84.82,5681,2021-10-26 16:21:00,AEP
84.82,84.82,84.81,84.81,4088,2021-10-26 16:22:00,AEP
84.84,84.84,84.83,84.84,400,2021-10-26 16:23:00,AEP
84.845,84.86,84.845,84.86,1477,2021-10-26 16:24:00,AEP
84.8585,84.88,84.85,84.88,800,2021-10-26 16:25:00,AEP
84.85,84.85,84.83,84.83,992,2021-10-26 16:26:00,AEP
84.83,84.83,84.8,84.83,2193,2021-10-26 16:27:00,AEP
84.82,84.85,84.81,84.85,3446,2021-10-26 16:28:00,AEP
84.8403,84.88,84.8403,84.875,6509,2021-10-26 16:29:00,AEP
84.87,84.96,84.85,84.96,6675,2021-10-26 16:30:00,AEP
84.96,84.965,84.9234,84.965,2464,2021-10-26 16:31:00,AEP
84.96,84.99,84.96,84.97,1423,2021-10-26 16:32:00,AEP
84.95,84.95,84.93,84.934,1451,2021-10-26 16:33:00,AEP
84.93,84.96,84.93,84.9301,1020,2021-10-26 16:34:00,AEP
84.93,84.99,84.925,84.99,3800,2021-10-26 16:35:00,AEP
84.98,85.01,84.98,84.995,3147,2021-10-26 16:36:00,AEP
85.0,85.0,84.995,84.995,8497,2021-10-26 16:37:00,AEP
85.0,85.01,84.95,84.97,5010,2021-10-26 16:38:00,AEP
84.98,85.01,84.98,85.0069,2007,2021-10-26 16:39:00,AEP
85.01,85.0485,84.9984,85.03,4370,2021-10-26 16:40:00,AEP
85.03,85.0665,85.01,85.0665,4827,2021-10-26 16:41:00,AEP
85.1,85.11,85.1,85.11,200,2021-10-26 16:42:00,AEP
85.12,85.2,85.11,85.18,4116,2021-10-26 16:43:00,AEP
85.19,85.19,85.19,85.19,300,2021-10-26 16:44:00,AEP
85.15,85.23,85.15,85.22,2698,2021-10-26 16:45:00,AEP
85.24,85.26,85.21,85.26,3333,2021-10-26 16:46:00,AEP
85.25,85.28,85.24,85.2541,2447,2021-10-26 16:47:00,AEP
85.26,85.27,85.23,85.2532,3380,2021-10-26 16:48:00,AEP
85.245,85.3359,85.245,85.33,2503,2021-10-26 16:49:00,AEP
85.32,85.32,85.305,85.3171,3459,2021-10-26 16:50:00,AEP
85.3,85.3,85.285,85.295,2033,2021-10-26 16:51:00,AEP
85.29,85.34,85.28,85.335,14378,2021-10-26 16:52:00,AEP
85.34,85.34,85.28,85.28,2178,2021-10-26 16:53:00,AEP
85.275,85.3,85.27,85.3,3482,2021-10-26 16:54:00,AEP
85.32,85.32,85.285,85.295,2100,2021-10-26 16:55:00,AEP
85.28,85.287,85.27,85.27,1333,2021-10-26 16:56:00,AEP
85.26,85.26,85.22,85.22,1748,2021-10-26 16:57:00,AEP
85.22,85.2611,85.21,85.24,2385,2021-10-26 16:58:00,AEP
85.225,85.23,85.21,85.21,4131,2021-10-26 16:59:00,AEP
85.21,85.33,85.21,85.31,72057,2021-10-26 17:00:00,AEP
85.315,85.32,85.24,85.24,3114,2021-10-26 17:01:00,AEP
85.225,85.225,85.15,85.155,9271,2021-10-26 17:02:00,AEP
85.15,85.155,85.12,85.125,5202,2021-10-26 17:03:00,AEP
85.12,85.15,85.105,85.14,10695,2021-10-26 17:04:00,AEP
85.14,85.15,85.14,85.14,700,2021-10-26 17:05:00,AEP
85.14,85.14,85.12,85.12,2054,2021-10-26 17:06:00,AEP
85.14,85.17,85.14,85.17,1100,2021-10-26 17:07:00,AEP
85.165,85.165,85.16,85.16,575,2021-10-26 17:08:00,AEP
85.17,85.18,85.16,85.17,1488,2021-10-26 17:09:00,AEP
85.17,85.19,85.16,85.16,25600,2021-10-26 17:10:00,AEP
85.145,85.17,85.145,85.17,1541,2021-10-26 17:11:00,AEP
85.17,85.22,85.17,85.21,2830,2021-10-26 17:13:00,AEP
85.19,85.21,85.19,85.21,1258,2021-10-26 17:14:00,AEP
85.22,85.22,85.21,85.22,1032,2021-10-26 17:15:00,AEP
85.21,85.22,85.21,85.21,372,2021-10-26 17:16:00,AEP
85.21,85.22,85.21,85.22,700,2021-10-26 17:17:00,AEP
85.22,85.23,85.22,85.23,400,2021-10-26 17:18:00,AEP
85.24,85.24,85.23,85.23,900,2021-10-26 17:19:00,AEP
85.2,85.21,85.15,85.16,3455,2021-10-26 17:20:00,AEP
85.17,85.23,85.17,85.23,2036,2021-10-26 17:21:00,AEP
85.24,85.26,85.23,85.26,6393,2021-10-26 17:22:00,AEP
85.27,85.27,85.27,85.27,100,2021-10-26 17:23:00,AEP
85.28,85.29,85.28,85.29,1000,2021-10-26 17:24:00,AEP
85.23,85.24,85.23,85.24,400,2021-10-26 17:25:00,AEP
85.24,85.26,85.21,85.21,2072,2021-10-26 17:26:00,AEP
85.205,85.2165,85.195,85.2,2138,2021-10-26 17:27:00,AEP
85.2,85.21,85.195,85.205,2745,2021-10-26 17:28:00,AEP
85.2,85.23,85.185,85.185,4312,2021-10-26 17:29:00,AEP
85.19,85.195,85.15,85.16,14037,2021-10-26 17:30:00,AEP
85.1607,85.17,85.14,85.14,2910,2021-10-26 17:31:00,AEP
85.13,85.13,85.1,85.12,1782,2021-10-26 17:32:00,AEP
85.11,85.12,85.11,85.12,301,2021-10-26 17:33:00,AEP
85.12,85.12,85.0881,85.1,7544,2021-10-26 17:34:00,AEP
85.11,85.11,85.095,85.1,2556,2021-10-26 17:35:00,AEP
85.075,85.085,85.05,85.05,1154,2021-10-26 17:36:00,AEP
85.06,85.08,85.06,85.07,2050,2021-10-26 17:38:00,AEP
85.07,85.07,85.04,85.04,500,2021-10-26 17:39:00,AEP
85.045,85.06,85.03,85.055,1802,2021-10-26 17:40:00,AEP
85.05,85.06,85.05,85.06,400,2021-10-26 17:41:00,AEP
85.08,85.08,85.08,85.08,700,2021-10-26 17:42:00,AEP
85.09,85.11,85.09,85.1009,1126,2021-10-26 17:43:00,AEP
85.0666,85.0743,85.06,85.06,1912,2021-10-26 17:44:00,AEP
85.06,85.06,85.04,85.04,879,2021-10-26 17:46:00,AEP
85.03,85.06,85.03,85.06,2107,2021-10-26 17:47:00,AEP
85.0631,85.13,85.06,85.13,5994,2021-10-26 17:48:00,AEP
85.1301,85.1301,85.09,85.09,2360,2021-10-26 17:49:00,AEP
85.1,85.1097,85.085,85.0886,810,2021-10-26 17:50:00,AEP
85.08,85.09,85.08,85.08,625,2021-10-26 17:51:00,AEP
85.0607,85.0607,85.0,85.02,2949,2021-10-26 17:52:00,AEP
85.02,85.03,85.015,85.015,1100,2021-10-26 17:53:00,AEP
84.99,84.99,84.945,84.945,1621,2021-10-26 17:54:00,AEP
84.94,84.95,84.94,84.94,1700,2021-10-26 17:55:00,AEP
84.94,84.96,84.94,84.95,1161,2021-10-26 17:56:00,AEP
84.96,84.9712,84.96,84.9712,710,2021-10-26 17:57:00,AEP
84.99,84.99,84.98,84.98,1180,2021-10-26 17:58:00,AEP
84.98,84.98,84.93,84.9573,3798,2021-10-26 17:59:00,AEP
84.98,85.02,84.98,85.01,3455,2021-10-26 18:00:00,AEP
85.01,85.02,84.99,84.99,1966,2021-10-26 18:01:00,AEP
84.981,85.015,84.981,85.01,3325,2021-10-26 18:02:00,AEP
85.0,85.0,84.96,84.96,1322,2021-10-26 18:03:00,AEP
84.94,84.95,84.935,84.94,6145,2021-10-26 18:04:00,AEP
84.92,84.95,84.92,84.94,1200,2021-10-26 18:05:00,AEP
84.94,84.95,84.93,84.94,2877,2021-10-26 18:06:00,AEP
84.93,84.99,84.93,84.99,5500,2021-10-26 18:07:00,AEP
84.99,84.99,84.9868,84.99,400,2021-10-26 18:08:00,AEP
84.9775,84.9775,84.91,84.95,6974,2021-10-26 18:09:00,AEP
84.94,84.99,84.94,84.96,6361,2021-10-26 18:10:00,AEP
84.99,85.0,84.99,84.99,1164,2021-10-26 18:11:00,AEP
84.9927,85.0019,84.99,84.99,2396,2021-10-26 18:12:00,AEP
85.0,85.0,84.99,85.0,918,2021-10-26 18:13:00,AEP
84.99,84.99,84.96,84.96,2329,2021-10-26 18:14:00,AEP
84.9629,84.99,84.94,84.985,11023,2021-10-26 18:15:00,AEP
85.0,85.015,85.0,85.01,1089,2021-10-26 18:16:00,AEP
85.005,85.005,85.0,85.0,584,2021-10-26 18:17:00,AEP
84.99,84.99,84.985,84.99,400,2021-10-26 18:18:00,AEP
84.98,85.005,84.98,85.005,1810,2021-10-26 18:19:00,AEP
85.01,85.01,84.995,85.0098,5956,2021-10-26 18:20:00,AEP
85.0,85.015,85.0,85.01,1668,2021-10-26 18:21:00,AEP
84.99,84.99,84.96,84.96,808,2021-10-26 18:22:00,AEP
84.97,84.97,84.95,84.95,700,2021-10-26 18:23:00,AEP
84.9499,84.9499,84.9,84.91,4717,2021-10-26 18:24:00,AEP
84.92,84.95,84.92,84.95,3672,2021-10-26 18:25:00,AEP
84.94,84.94,84.94,84.94,500,2021-10-26 18:26:00,AEP
84.94,84.944,84.935,84.944,1721,2021-10-26 18:27:00,AEP
84.93,84.93,84.91,84.915,1049,2021-10-26 18:28:00,AEP
84.91,84.92,84.91,84.92,870,2021-10-26 18:29:00,AEP
84.91,84.94,84.91,84.94,1600,2021-10-26 18:31:00,AEP
84.93,84.94,84.93,84.94,800,2021-10-26 18:32:00,AEP
84.94,84.94,84.915,84.9199,3142,2021-10-26 18:33:00,AEP
84.9199,84.92,84.91,84.92,326,2021-10-26 18:34:00,AEP
84.915,84.915,84.91,84.91,540,2021-10-26 18:35:00,AEP
84.89,84.9,84.8673,84.895,2371,2021-10-26 18:36:00,AEP
84.895,84.9,84.895,84.9,200,2021-10-26 18:37:00,AEP
84.89,84.89,84.87,84.88,2000,2021-10-26 18:38:00,AEP
84.88,84.88,84.86,84.86,1370,2021-10-26 18:39:00,AEP
84.86,84.925,84.855,84.92,7572,2021-10-26 18:40:00,AEP
84.92,84.92,84.89,84.9,1400,2021-10-26 18:41:00,AEP
84.9043,84.97,84.9043,84.96,2257,2021-10-26 18:42:00,AEP
84.9629,84.969,84.96,84.965,1691,2021-10-26 18:43:00,AEP
84.97,84.985,84.97,84.985,900,2021-10-26 18:44:00,AEP
84.99,85.005,84.99,85.005,2725,2021-10-26 18:45:00,AEP
85.0,85.025,85.0,85.025,1000,2021-10-26 18:46:00,AEP
85.02,85.02,84.9992,85.01,1504,2021-10-26 18:47:00,AEP
85.0199,85.0199,84.991,85.0,1529,2021-10-26 18:48:00,AEP
85.01,85.01,84.99,84.99,1155,2021-10-26 18:49:00,AEP
84.9773,84.995,84.9773,84.995,1130,2021-10-26 18:50:00,AEP
84.981,84.9979,84.981,84.9979,703,2021-10-26 18:51:00,AEP
84.9876,84.997,84.98,84.99,911,2021-10-26 18:52:00,AEP
84.996,85.03,84.996,85.02,2224,2021-10-26 18:53:00,AEP
85.01,85.02,85.005,85.02,400,2021-10-26 18:54:00,AEP
85.03,85.04,85.03,85.04,1200,2021-10-26 18:55:00,AEP
85.0274,85.0274,85.025,85.025,633,2021-10-26 18:56:00,AEP
85.03,85.04,85.015,85.02,2435,2021-10-26 18:57:00,AEP
85.02,85.02,85.0025,85.01,770,2021-10-26 18:58:00,AEP
85.0,85.0,84.975,84.975,3143,2021-10-26 18:59:00,AEP
84.975,84.98,84.96,84.97,2439,2021-10-26 19:00:00,AEP
84.96,84.96,84.925,84.95,6333,2021-10-26 19:01:00,AEP
84.93,84.94,84.9236,84.94,5856,2021-10-26 19:02:00,AEP
84.94,84.94,84.925,84.93,3732,2021-10-26 19:03:00,AEP
84.94,84.975,84.94,84.97,2600,2021-10-26 19:04:00,AEP
84.97,84.98,84.9624,84.9624,2308,2021-10-26 19:05:00,AEP
84.965,84.965,84.945,84.945,1550,2021-10-26 19:06:00,AEP
84.95,84.96,84.945,84.945,2787,2021-10-26 19:07:00,AEP
84.945,84.945,84.93,84.93,965,2021-10-26 19:08:00,AEP
84.91,84.91,84.89,84.91,2800,2021-10-26 19:09:00,AEP
84.91,84.935,84.905,84.93,6641,2021-10-26 19:10:00,AEP
84.93,84.93,84.91,84.92,2665,2021-10-26 19:11:00,AEP
84.91,84.9199,84.88,84.88,1508,2021-10-26 19:12:00,AEP
84.89,84.9,84.88,84.895,3825,2021-10-26 19:13:00,AEP
84.89,84.89,84.88,84.88,1900,2021-10-26 19:14:00,AEP
84.88,84.88,84.85,84.85,2484,2021-10-26 19:15:00,AEP
84.85,84.85,84.84,84.85,700,2021-10-26 19:16:00,AEP
84.835,84.835,84.81,84.825,4013,2021-10-26 19:17:00,AEP
84.825,84.89,84.8221,84.885,4169,2021-10-26 19:18:00,AEP
84.89,84.91,84.865,84.91,7307,2021-10-26 19:19:00,AEP
84.91,84.96,84.91,84.96,2017,2021-10-26 19:20:00,AEP
84.97,84.975,84.94,84.94,7681,2021-10-26 19:21:00,AEP
84.94,84.95,84.92,84.93,6384,2021-10-26 19:22:00,AEP
84.92,84.93,84.91,84.92,5904,2021-10-26 19:23:00,AEP
84.92,84.92,84.885,84.885,4786,2021-10-26 19:24:00,AEP
84.89,84.905,84.88,84.88,5291,2021-10-26 19:25:00,AEP
84.9,84.9011,84.895,84.895,615,2021-10-26 19:26:00,AEP
84.895,84.8957,84.88,84.88,2203,2021-10-26 19:27:00,AEP
84.865,84.88,84.85,84.855,6505,2021-10-26 19:28:00,AEP
84.855,84.86,84.827,84.827,1706,2021-10-26 19:29:00,AEP
84.825,84.835,84.815,84.82,11555,2021-10-26 19:30:00,AEP
84.835,84.865,84.835,84.835,7156,2021-10-26 19:31:00,AEP
84.835,84.86,84.78,84.85,7504,2021-10-26 19:32:00,AEP
84.85,84.87,84.835,84.84,8721,2021-10-26 19:33:00,AEP
84.845,84.85,84.83,84.84,2825,2021-10-26 19:34:00,AEP
84.84,84.85,84.81,84.82,5394,2021-10-26 19:35:00,AEP
84.8,84.81,84.775,84.785,4570,2021-10-26 19:36:00,AEP
84.785,84.8,84.77,84.77,5611,2021-10-26 19:37:00,AEP
84.765,84.775,84.74,84.74,3560,2021-10-26 19:38:00,AEP
84.73,84.73,84.68,84.7,2894,2021-10-26 19:39:00,AEP
84.71,84.775,84.71,84.775,7268,2021-10-26 19:40:00,AEP
84.77,84.77,84.75,84.765,3983,2021-10-26 19:41:00,AEP
84.77,84.8,84.77,84.77,8179,2021-10-26 19:42:00,AEP
84.77,84.77,84.735,84.74,2557,2021-10-26 19:43:00,AEP
84.74,84.77,84.72,84.72,5880,2021-10-26 19:44:00,AEP
84.72,84.72,84.6234,84.63,15881,2021-10-26 19:45:00,AEP
84.63,84.66,84.615,84.615,22748,2021-10-26 19:46:00,AEP
84.62,84.665,84.61,84.66,16019,2021-10-26 19:47:00,AEP
84.6675,84.69,84.64,84.67,22138,2021-10-26 19:48:00,AEP
84.67,84.68,84.64,84.64,15252,2021-10-26 19:49:00,AEP
84.64,84.66,84.58,84.5875,27498,2021-10-26 19:50:00,AEP
84.58,84.59,84.555,84.555,24546,2021-10-26 19:51:00,AEP
84.56,84.585,84.555,84.58,17909,2021-10-26 19:52:00,AEP
84.57,84.575,84.485,84.49,22902,2021-10-26 19:53:00,AEP
84.48,84.515,84.4,84.49,46457,2021-10-26 19:54:00,AEP
84.495,84.5,84.46,84.48,23995,2021-10-26 19:55:00,AEP
84.48,84.485,84.45,84.46,15721,2021-10-26 19:56:00,AEP
84.465,84.5,84.46,84.5,35623,2021-10-26 19:57:00,AEP
84.5,84.5,84.43,84.4325,23877,2021-10-26 19:58:00,AEP
84.44,84.48,84.41,84.42,77170,2021-10-26 19:59:00,AEP
84.42,84.42,84.42,84.42,339913,2021-10-26 20:00:00,AEP
84.42,84.42,84.42,84.42,83999,2021-10-26 20:01:00,AEP
84.42,84.42,84.42,84.42,300,2021-10-26 20:02:00,AEP
84.42,84.42,84.42,84.42,6827,2021-10-26 20:03:00,AEP
84.47,84.47,84.47,84.47,400,2021-10-26 20:29:00,AEP
84.47,84.47,84.47,84.47,400,2021-10-26 20:30:00,AEP
85.02,85.03,85.02,85.03,1846,2021-10-26 20:32:00,AEP
85.03,85.48,85.03,85.03,686,2021-10-26 20:33:00,AEP
85.48,85.48,85.47,85.47,409,2021-10-26 20:40:00,AEP
86.08,86.08,86.08,86.08,300,2021-10-26 20:41:00,AEP
86.28,86.5,86.28,86.5,300,2021-10-26 20:50:00,AEP
84.42,84.42,84.42,84.42,41124,2021-10-26 20:57:00,AEP
84.520988,84.520988,84.520988,84.520988,658,2021-10-26 21:22:00,AEP
85.15,85.15,85.15,85.15,100,2021-10-27 12:00:00,AEP
85.15,85.15,85.15,85.15,100,2021-10-27 12:15:00,AEP
85.15,85.15,85.15,85.15,100,2021-10-27 12:42:00,AEP
85.15,85.15,85.15,85.15,100,2021-10-27 12:45:00,AEP
85.15,85.15,85.15,85.15,2876,2021-10-27 13:25:00,AEP
85.15,85.15,85.15,85.15,1032,2021-10-27 13:26:00,AEP
85.1,85.1,85.1,85.1,202,2021-10-27 13:27:00,AEP
85.7383,85.7383,85.18,85.18,48306,2021-10-27 13:30:00,AEP
85.215,85.3,85.215,85.24,6943,2021-10-27 13:31:00,AEP
85.27,85.27,85.07,85.14,7293,2021-10-27 13:32:00,AEP
85.13,85.195,85.085,85.15,7842,2021-10-27 13:33:00,AEP
85.155,85.36,85.12,85.36,16981,2021-10-27 13:34:00,AEP
85.33,85.35,85.12,85.26,130089,2021-10-27 13:35:00,AEP
85.2701,85.32,85.26,85.29,6467,2021-10-27 13:36:00,AEP
85.3,85.36,85.24,85.28,18290,2021-10-27 13:37:00,AEP
85.26,85.36,85.26,85.35,36199,2021-10-27 13:38:00,AEP
85.35,85.41,85.34,85.36,7763,2021-10-27 13:39:00,AEP
85.38,85.38,85.275,85.3,11743,2021-10-27 13:40:00,AEP
85.26,85.36,85.23,85.36,6610,2021-10-27 13:41:00,AEP
85.37,85.37,85.17,85.19,6401,2021-10-27 13:42:00,AEP
85.15,85.15,85.0,85.01,6561,2021-10-27 13:43:00,AEP
85.0,85.13,85.0,85.015,13818,2021-10-27 13:44:00,AEP
85.0,85.29,84.935,85.16,37019,2021-10-27 13:45:00,AEP
85.16,85.16,84.97,84.99,5592,2021-10-27 13:46:00,AEP
84.985,85.04,84.94,84.965,5043,2021-10-27 13:47:00,AEP
84.98,85.2,84.98,85.2,24970,2021-10-27 13:48:00,AEP
85.18,85.32,85.18,85.32,10243,2021-10-27 13:49:00,AEP
85.32,85.46,85.32,85.46,42352,2021-10-27 13:50:00,AEP
85.431,85.44,85.33,85.33,5161,2021-10-27 13:51:00,AEP
85.315,85.34,85.285,85.34,5821,2021-10-27 13:52:00,AEP
85.35,85.38,85.335,85.38,6048,2021-10-27 13:53:00,AEP
85.3516,85.3516,85.32,85.34,3965,2021-10-27 13:54:00,AEP
85.33,85.38,85.33,85.33,6949,2021-10-27 13:55:00,AEP
85.33,85.35,85.28,85.28,4100,2021-10-27 13:56:00,AEP
85.29,85.305,85.22,85.28,6005,2021-10-27 13:57:00,AEP
85.26,85.35,85.25,85.305,6778,2021-10-27 13:58:00,AEP
85.28,85.33,85.25,85.33,4900,2021-10-27 13:59:00,AEP
85.35,85.41,85.29,85.29,3700,2021-10-27 14:00:00,AEP
85.26,85.375,85.26,85.345,5000,2021-10-27 14:01:00,AEP
85.315,85.315,85.25,85.27,6713,2021-10-27 14:02:00,AEP
85.27,85.335,85.26,85.33,7020,2021-10-27 14:03:00,AEP
85.32,85.46,85.32,85.43,6377,2021-10-27 14:04:00,AEP
85.44,85.44,85.365,85.37,3600,2021-10-27 14:05:00,AEP
85.36,85.36,85.265,85.27,11651,2021-10-27 14:06:00,AEP
85.28,85.29,85.22,85.245,9210,2021-10-27 14:07:00,AEP
85.23,85.23,85.16,85.21,4779,2021-10-27 14:08:00,AEP
85.2,85.205,85.16,85.184,3971,2021-10-27 14:09:00,AEP
85.19,85.195,85.12,85.17,4915,2021-10-27 14:10:00,AEP
85.2031,85.235,85.17,85.19,6105,2021-10-27 14:11:00,AEP
85.19,85.24,85.17,85.19,10557,2021-10-27 14:12:00,AEP
85.19,85.27,85.19,85.19,6450,2021-10-27 14:13:00,AEP
85.19,85.21,85.11,85.13,5164,2021-10-27 14:14:00,AEP
85.15,85.15,85.015,85.04,6514,2021-10-27 14:15:00,AEP
85.0486,85.0486,84.92,84.92,7169,2021-10-27 14:16:00,AEP
84.91,84.91,84.88,84.89,3832,2021-10-27 14:17:00,AEP
84.9,84.94,84.88,84.92,7784,2021-10-27 14:18:00,AEP
84.92,84.92,84.89,84.89,1621,2021-10-27 14:19:00,AEP
84.89,84.91,84.85,84.85,1700,2021-10-27 14:20:00,AEP
84.86,84.93,84.85,84.93,3659,2021-10-27 14:21:00,AEP
84.92,84.9475,84.88,84.88,3757,2021-10-27 14:22:00,AEP
84.885,84.9103,84.82,84.82,3545,2021-10-27 14:23:00,AEP
84.78,84.79,84.75,84.76,2932,2021-10-27 14:24:00,AEP
84.76,84.81,84.75,84.81,4637,2021-10-27 14:25:00,AEP
84.805,84.8106,84.76,84.8106,3132,2021-10-27 14:26:00,AEP
84.79,84.79,84.745,84.745,4607,2021-10-27 14:27:00,AEP
84.75,84.79,84.73,84.78,5101,2021-10-27 14:28:00,AEP
84.805,84.84,84.8,84.83,2375,2021-10-27 14:29:00,AEP
84.85,84.96,84.85,84.94,7902,2021-10-27 14:30:00,AEP
84.95,84.99,84.95,84.95,5345,2021-10-27 14:31:00,AEP
84.93,84.94,84.91,84.915,2649,2021-10-27 14:32:00,AEP
84.91,84.96,84.91,84.91,2650,2021-10-27 14:33:00,AEP
84.92,85.01,84.92,85.0,8405,2021-10-27 14:34:00,AEP
85.0,85.03,84.93,84.93,8100,2021-10-27 14:35:00,AEP
84.92,84.95,84.89,84.93,4780,2021-10-27 14:36:00,AEP
84.94,84.96,84.88,84.88,2184,2021-10-27 14:37:00,AEP
84.88,84.88,84.85,84.85,444,2021-10-27 14:38:00,AEP
84.87,84.93,84.86,84.91,3839,2021-10-27 14:39:00,AEP
84.9,84.985,84.9,84.95,6700,2021-10-27 14:40:00,AEP
84.95,85.02,84.95,85.01,5058,2021-10-27 14:41:00,AEP
85.03,85.115,85.02,85.1,2415,2021-10-27 14:42:00,AEP
85.115,85.115,85.06,85.09,2891,2021-10-27 14:43:00,AEP
85.11,85.1399,85.09,85.13,4679,2021-10-27 14:44:00,AEP
85.14,85.2,85.11,85.2,3700,2021-10-27 14:45:00,AEP
85.21,85.24,85.21,85.21,4562,2021-10-27 14:46:00,AEP
85.22,85.27,85.22,85.22,5515,2021-10-27 14:47:00,AEP
85.21,85.2785,85.21,85.25,6622,2021-10-27 14:48:00,AEP
85.25,85.25,85.17,85.17,6146,2021-10-27 14:49:00,AEP
85.16,85.16,85.105,85.105,5036,2021-10-27 14:50:00,AEP
85.07,85.12,85.03,85.11,5235,2021-10-27 14:51:00,AEP
85.105,85.15,85.105,85.145,7894,2021-10-27 14:52:00,AEP
85.14,85.16,85.13,85.14,5378,2021-10-27 14:53:00,AEP
85.14,85.15,85.09,85.12,4142,2021-10-27 14:54:00,AEP
85.13,85.13,85.095,85.12,1762,2021-10-27 14:55:00,AEP
85.105,85.11,85.08,85.095,4562,2021-10-27 14:56:00,AEP
85.1,85.19,85.1,85.165,9065,2021-10-27 14:57:00,AEP
85.16,85.215,85.155,85.2,3208,2021-10-27 14:58:00,AEP
85.2,85.24,85.2,85.225,4144,2021-10-27 14:59:00,AEP
85.235,85.235,85.145,85.175,6954,2021-10-27 15:00:00,AEP
85.2,85.215,85.16,85.165,9623,2021-10-27 15:01:00,AEP
85.165,85.2,85.1638,85.165,5235,2021-10-27 15:02:00,AEP
85.16,85.25,85.155,85.25,4045,2021-10-27 15:03:00,AEP
85.25,85.25,85.225,85.24,1508,2021-10-27 15:04:00,AEP
85.24,85.31,85.23,85.31,15632,2021-10-27 15:05:00,AEP
85.31,85.32,85.29,85.305,50058,2021-10-27 15:06:00,AEP
85.31,85.315,85.19,85.195,9261,2021-10-27 15:07:00,AEP
85.18,85.18,85.1,85.1,7121,2021-10-27 15:08:00,AEP
85.1,85.13,85.05,85.1,13599,2021-10-27 15:09:00,AEP
85.085,85.09,85.07,85.09,4227,2021-10-27 15:10:00,AEP
85.1,85.14,85.07,85.14,11551,2021-10-27 15:11:00,AEP
85.14,85.16,85.09,85.095,12484,2021-10-27 15:12:00,AEP
85.09,85.13,85.081,85.11,5666,2021-10-27 15:13:00,AEP
85.11,85.14,85.1,85.1,10345,2021-10-27 15:14:00,AEP
85.1,85.12,85.08,85.09,12200,2021-10-27 15:15:00,AEP
85.09,85.095,85.07,85.075,2186,2021-10-27 15:16:00,AEP
85.07,85.07,85.025,85.04,3762,2021-10-27 15:17:00,AEP
85.04,85.07,85.04,85.05,3707,2021-10-27 15:18:00,AEP
85.05,85.05,84.96,84.96,82656,2021-10-27 15:19:00,AEP
84.96,85.02,84.9499,85.02,6000,2021-10-27 15:20:00,AEP
85.03,85.04,84.99,84.995,4605,2021-10-27 15:21:00,AEP
85.0,85.04,85.0,85.025,2762,2021-10-27 15:22:00,AEP
85.02,85.04,84.98,85.03,8335,2021-10-27 15:23:00,AEP
85.02,85.03,85.005,85.02,5063,2021-10-27 15:24:00,AEP
85.02,85.04,85.01,85.025,4299,2021-10-27 15:25:00,AEP
85.03,85.11,85.02,85.1,2801,2021-10-27 15:26:00,AEP
85.1,85.14,85.09,85.14,3173,2021-10-27 15:27:00,AEP
85.15,85.17,85.101,85.12,2600,2021-10-27 15:28:00,AEP
85.11,85.13,85.09,85.12,7703,2021-10-27 15:29:00,AEP
85.11,85.11,84.99,85.0,2635,2021-10-27 15:30:00,AEP
85.01,85.05,85.01,85.04,2100,2021-10-27 15:31:00,AEP
85.03,85.06,85.0,85.015,9591,2021-10-27 15:32:00,AEP
85.01,85.03,85.01,85.03,3924,2021-10-27 15:33:00,AEP
85.02,85.05,85.015,85.05,2146,2021-10-27 15:34:00,AEP
85.03,85.06,85.03,85.06,1214,2021-10-27 15:35:00,AEP
85.06,85.1,85.06,85.09,8146,2021-10-27 15:36:00,AEP
85.1,85.1,85.01,85.01,4141,2021-10-27 15:37:00,AEP
85.01,85.07,85.0,85.06,2931,2021-10-27 15:38:00,AEP
85.07,85.115,85.07,85.11,4130,2021-10-27 15:39:00,AEP
85.11,85.12,85.071,85.091,8797,2021-10-27 15:40:00,AEP
85.09,85.11,85.06,85.09,5575,2021-10-27 15:41:00,AEP
85.08,85.105,85.08,85.08,2390,2021-10-27 15:42:00,AEP
85.085,85.1099,85.07,85.1,7019,2021-10-27 15:43:00,AEP
85.1,85.1,85.065,85.1,3398,2021-10-27 15:44:00,AEP
85.08,85.135,85.07,85.125,6911,2021-10-27 15:45:00,AEP
85.111,85.12,85.091,85.11,3751,2021-10-27 15:46:00,AEP
85.09,85.1,85.07,85.084,2150,2021-10-27 15:47:00,AEP
85.08,85.105,85.07,85.09,3505,2021-10-27 15:48:00,AEP
85.1,85.1,85.04,85.05,3400,2021-10-27 15:49:00,AEP
85.05,85.1,85.05,85.09,1800,2021-10-27 15:50:00,AEP
85.11,85.1283,85.105,85.12,3782,2021-10-27 15:51:00,AEP
85.1,85.105,85.07,85.1,2378,2021-10-27 15:52:00,AEP
85.1,85.1,85.04,85.06,3449,2021-10-27 15:53:00,AEP
85.08,85.09,85.06,85.09,1116,2021-10-27 15:54:00,AEP
85.09,85.105,85.06,85.06,3920,2021-10-27 15:55:00,AEP
85.05,85.05,84.98,85.01,4152,2021-10-27 15:56:00,AEP
85.0,85.02,85.0,85.02,1800,2021-10-27 15:57:00,AEP
85.01,85.01,84.99,84.99,2250,2021-10-27 15:58:00,AEP
85.0,85.01,84.97,84.98,2346,2021-10-27 15:59:00,AEP
84.9882,84.99,84.96,84.99,2200,2021-10-27 16:00:00,AEP
84.96,84.98,84.9592,84.98,5605,2021-10-27 16:01:00,AEP
84.99,84.99,84.98,84.98,930,2021-10-27 16:02:00,AEP
84.98,84.99,84.98,84.99,3677,2021-10-27 16:03:00,AEP
84.99,84.99,84.965,84.965,4430,2021-10-27 16:04:00,AEP
84.97,85.01,84.96,85.01,3900,2021-10-27 16:05:00,AEP
85.01,85.04,85.01,85.03,1500,2021-10-27 16:06:00,AEP
85.04,85.04,85.0112,85.0112,2382,2021-10-27 16:07:00,AEP
85.01,85.02,85.0,85.01,2200,2021-10-27 16:08:00,AEP
85.03,85.06,85.03,85.06,949,2021-10-27 16:09:00,AEP
85.05,85.08,85.05,85.06,2456,2021-10-27 16:10:00,AEP
85.07,85.08,85.05,85.05,2321,2021-10-27 16:11:00,AEP
85.06,85.11,85.0536,85.11,4857,2021-10-27 16:12:00,AEP
85.1,85.1,85.09,85.09,1730,2021-10-27 16:13:00,AEP
85.095,85.095,85.05,85.055,4855,2021-10-27 16:14:00,AEP
85.06,85.08,85.06,85.06,2970,2021-10-27 16:15:00,AEP
85.063,85.063,85.001,85.001,11351,2021-10-27 16:16:00,AEP
85.005,85.005,84.95,84.97,4951,2021-10-27 16:17:00,AEP
85.0,85.0,84.98,84.98,1097,2021-10-27 16:18:00,AEP
84.985,84.99,84.96,84.96,1099,2021-10-27 16:19:00,AEP
84.95,84.95,84.91,84.91,4646,2021-10-27 16:20:00,AEP
84.92,84.925,84.89,84.9161,4483,2021-10-27 16:21:00,AEP
84.91,84.96,84.91,84.955,1878,2021-10-27 16:22:00,AEP
84.96,84.96,84.96,84.96,700,2021-10-27 16:23:00,AEP
84.97,84.98,84.94,84.97,2851,2021-10-27 16:24:00,AEP
84.98,85.005,84.98,84.99,2525,2021-10-27 16:25:00,AEP
84.97,84.97,84.96,84.96,1054,2021-10-27 16:26:00,AEP
84.9761,84.9761,84.96,84.97,1400,2021-10-27 16:27:00,AEP
84.95,84.95,84.916,84.92,4877,2021-10-27 16:28:00,AEP
84.91,84.92,84.88,84.88,4878,2021-10-27 16:29:00,AEP
84.87,84.87,84.84,84.865,3574,2021-10-27 16:30:00,AEP
84.84,84.84,84.81,84.81,1461,2021-10-27 16:31:00,AEP
84.81,84.81,84.7704,84.78,950,2021-10-27 16:32:00,AEP
84.78,84.83,84.7701,84.83,3630,2021-10-27 16:33:00,AEP
84.83,84.83,84.75,84.75,2134,2021-10-27 16:34:00,AEP
84.74,84.75,84.71,84.71,1875,2021-10-27 16:35:00,AEP
84.7,84.725,84.7,84.725,1965,2021-10-27 16:36:00,AEP
84.7189,84.7189,84.65,84.66,3125,2021-10-27 16:37:00,AEP
84.665,84.68,84.66,84.67,2346,2021-10-27 16:38:00,AEP
84.69,84.71,84.66,84.68,2511,2021-10-27 16:39:00,AEP
84.69,84.72,84.69,84.72,1454,2021-10-27 16:40:00,AEP
84.72,84.73,84.68,84.68,2508,2021-10-27 16:41:00,AEP
84.67,84.68,84.66,84.67,3627,2021-10-27 16:42:00,AEP
84.68,84.68,84.64,84.65,7221,2021-10-27 16:43:00,AEP
84.66,84.7,84.66,84.7,456,2021-10-27 16:44:00,AEP
84.71,84.73,84.71,84.71,4018,2021-10-27 16:45:00,AEP
84.73,84.73,84.7,84.7,1000,2021-10-27 16:46:00,AEP
84.69,84.7,84.68,84.68,1620,2021-10-27 16:47:00,AEP
84.67,84.67,84.66,84.67,2443,2021-10-27 16:48:00,AEP
84.67,84.71,84.67,84.69,4200,2021-10-27 16:49:00,AEP
84.7,84.74,84.7,84.74,1381,2021-10-27 16:50:00,AEP
84.74,84.74,84.71,84.74,2577,2021-10-27 16:51:00,AEP
84.735,84.765,84.735,84.76,2389,2021-10-27 16:52:00,AEP
84.75,84.75,84.72,84.72,600,2021-10-27 16:53:00,AEP
84.715,84.72,84.7117,84.72,400,2021-10-27 16:54:00,AEP
84.72,84.725,84.67,84.67,1600,2021-10-27 16:55:00,AEP
84.671,84.68,84.64,84.64,2823,2021-10-27 16:56:00,AEP
84.63,84.63,84.59,84.61,3805,2021-10-27 16:57:00,AEP
84.61,84.61,84.6,84.61,2833,2021-10-27 16:58:00,AEP
84.61,84.65,84.58,84.63,4507,2021-10-27 16:59:00,AEP
84.64,84.66,84.62,84.66,1400,2021-10-27 17:00:00,AEP
84.64,84.64,84.6,84.6,3410,2021-10-27 17:01:00,AEP
84.6,84.64,84.6,84.64,3900,2021-10-27 17:02:00,AEP
84.64,84.64,84.59,84.59,1000,2021-10-27 17:03:00,AEP
84.59,84.59,84.53,84.54,9479,2021-10-27 17:04:00,AEP
84.54,84.5577,84.54,84.555,1425,2021-10-27 17:05:00,AEP
84.55,84.61,84.55,84.59,4655,2021-10-27 17:06:00,AEP
84.59,84.59,84.585,84.59,1133,2021-10-27 17:07:00,AEP
84.59,84.59,84.56,84.56,1598,2021-10-27 17:08:00,AEP
84.545,84.555,84.545,84.55,1114,2021-10-27 17:09:00,AEP
84.53,84.55,84.48,84.499,13679,2021-10-27 17:10:00,AEP
84.49,84.5,84.48,84.48,2400,2021-10-27 17:11:00,AEP
84.48,84.51,84.48,84.5,4897,2021-10-27 17:12:00,AEP
84.5,84.505,84.5,84.5,1706,2021-10-27 17:13:00,AEP
84.52,84.535,84.505,84.525,9828,2021-10-27 17:14:00,AEP
84.52,84.52,84.5,84.51,1642,2021-10-27 17:15:00,AEP
84.51,84.517,84.51,84.515,500,2021-10-27 17:16:00,AEP
84.53,84.53,84.51,84.52,1565,2021-10-27 17:17:00,AEP
84.5142,84.52,84.49,84.49,671,2021-10-27 17:18:00,AEP
84.495,84.505,84.46,84.46,2783,2021-10-27 17:19:00,AEP
84.47,84.51,84.47,84.505,2373,2021-10-27 17:20:00,AEP
84.515,84.53,84.515,84.525,1568,2021-10-27 17:21:00,AEP
84.53,84.5392,84.52,84.525,2807,2021-10-27 17:22:00,AEP
84.52,84.53,84.5,84.5,4656,2021-10-27 17:23:00,AEP
84.505,84.51,84.48,84.48,2045,2021-10-27 17:24:00,AEP
84.47,84.49,84.47,84.48,9561,2021-10-27 17:25:00,AEP
84.48,84.48,84.455,84.46,2000,2021-10-27 17:26:00,AEP
84.47,84.485,84.47,84.485,1776,2021-10-27 17:27:00,AEP
84.485,84.54,84.48,84.53,13341,2021-10-27 17:28:00,AEP
84.55,84.59,84.55,84.59,2249,2021-10-27 17:29:00,AEP
84.58,84.6,84.56,84.57,3479,2021-10-27 17:30:00,AEP
84.575,84.59,84.575,84.59,1589,2021-10-27 17:31:00,AEP
84.6,84.62,84.59,84.62,1100,2021-10-27 17:32:00,AEP
84.6101,84.625,84.58,84.58,2009,2021-10-27 17:33:00,AEP
84.57,84.57,84.55,84.57,3794,2021-10-27 17:34:00,AEP
84.57,84.5756,84.53,84.53,3782,2021-10-27 17:35:00,AEP
84.525,84.55,84.525,84.54,2108,2021-10-27 17:36:00,AEP
84.535,84.55,84.53,84.54,2044,2021-10-27 17:37:00,AEP
84.54,84.6,84.54,84.6,1510,2021-10-27 17:38:00,AEP
84.6,84.615,84.58,84.59,3122,2021-10-27 17:39:00,AEP
84.58,84.61,84.58,84.61,1791,2021-10-27 17:40:00,AEP
84.61,84.61,84.56,84.56,3447,2021-10-27 17:41:00,AEP
84.56,84.565,84.56,84.56,604,2021-10-27 17:42:00,AEP
84.5342,84.5342,84.5,84.51,2144,2021-10-27 17:43:00,AEP
84.51,84.51,84.475,84.48,3184,2021-10-27 17:44:00,AEP
84.48,84.52,84.47,84.51,2988,2021-10-27 17:45:00,AEP
84.5,84.5,84.495,84.5,1262,2021-10-27 17:46:00,AEP
84.495,84.5256,84.495,84.5256,2600,2021-10-27 17:47:00,AEP
84.52,84.55,84.51,84.54,2200,2021-10-27 17:48:00,AEP
84.55,84.6,84.55,84.6,2400,2021-10-27 17:49:00,AEP
84.61,84.64,84.59,84.64,2338,2021-10-27 17:50:00,AEP
84.64,84.64,84.64,84.64,1521,2021-10-27 17:51:00,AEP
84.65,84.7,84.65,84.7,900,2021-10-27 17:52:00,AEP
84.7,84.705,84.695,84.7,2200,2021-10-27 17:53:00,AEP
84.71,84.75,84.71,84.74,1500,2021-10-27 17:54:00,AEP
84.74,84.785,84.74,84.785,857,2021-10-27 17:55:00,AEP
84.815,84.82,84.78,84.79,4816,2021-10-27 17:56:00,AEP
84.79,84.795,84.7716,84.78,1461,2021-10-27 17:57:00,AEP
84.785,84.81,84.77,84.8,5871,2021-10-27 17:58:00,AEP
84.79,84.82,84.77,84.82,2101,2021-10-27 17:59:00,AEP
84.8201,84.86,84.8201,84.85,1644,2021-10-27 18:00:00,AEP
84.85,84.85,84.8,84.81,5056,2021-10-27 18:01:00,AEP
84.83,84.83,84.81,84.82,2826,2021-10-27 18:02:00,AEP
84.815,84.825,84.81,84.82,3379,2021-10-27 18:03:00,AEP
84.81,84.81,84.78,84.785,2125,2021-10-27 18:04:00,AEP
84.79,84.8,84.76,84.78,6586,2021-10-27 18:05:00,AEP
84.76,84.8,84.76,84.7906,2200,2021-10-27 18:06:00,AEP
84.79,84.8,84.79,84.7986,1588,2021-10-27 18:07:00,AEP
84.8,84.81,84.79,84.7999,1603,2021-10-27 18:08:00,AEP
84.815,84.815,84.8,84.81,1000,2021-10-27 18:09:00,AEP
84.81,84.825,84.78,84.785,8648,2021-10-27 18:10:00,AEP
84.775,84.775,84.745,84.75,8784,2021-10-27 18:11:00,AEP
84.75,84.75,84.735,84.74,2142,2021-10-27 18:12:00,AEP
84.74,84.77,84.74,84.745,3781,2021-10-27 18:13:00,AEP
84.745,84.75,84.745,84.75,800,2021-10-27 18:14:00,AEP
84.74,84.765,84.74,84.75,4913,2021-10-27 18:15:00,AEP
84.755,84.77,84.75,84.75,5757,2021-10-27 18:16:00,AEP
84.7492,84.765,84.7492,84.75,3526,2021-10-27 18:17:00,AEP
84.75,84.755,84.74,84.74,1100,2021-10-27 18:18:00,AEP
84.75,84.755,84.75,84.75,1204,2021-10-27 18:19:00,AEP
84.745,84.765,84.74,84.74,4062,2021-10-27 18:20:00,AEP
84.7391,84.75,84.72,84.73,2550,2021-10-27 18:21:00,AEP
84.715,84.725,84.7,84.7,4018,2021-10-27 18:23:00,AEP
84.7,84.73,84.7,84.73,6383,2021-10-27 18:24:00,AEP
84.7275,84.7275,84.705,84.705,2641,2021-10-27 18:25:00,AEP
84.7,84.72,84.7,84.71,2051,2021-10-27 18:26:00,AEP
84.71,84.72,84.6902,84.72,2403,2021-10-27 18:27:00,AEP
84.73,84.735,84.725,84.73,1932,2021-10-27 18:28:00,AEP
84.735,84.735,84.72,84.72,3870,2021-10-27 18:29:00,AEP
84.725,84.76,84.725,84.75,6655,2021-10-27 18:30:00,AEP
84.745,84.745,84.715,84.715,2578,2021-10-27 18:31:00,AEP
84.73,84.73,84.725,84.73,2083,2021-10-27 18:32:00,AEP
84.735,84.745,84.72,84.725,2955,2021-10-27 18:33:00,AEP
84.725,84.745,84.725,84.73,4194,2021-10-27 18:34:00,AEP
84.735,84.76,84.735,84.745,2975,2021-10-27 18:35:00,AEP
84.75,84.76,84.73,84.745,4537,2021-10-27 18:36:00,AEP
84.745,84.765,84.745,84.76,2514,2021-10-27 18:37:00,AEP
84.7451,84.7451,84.74,84.74,2400,2021-10-27 18:38:00,AEP
84.74,84.74,84.7029,84.71,3410,2021-10-27 18:39:00,AEP
84.715,84.73,84.71,84.73,4357,2021-10-27 18:40:00,AEP
84.735,84.7358,84.72,84.725,2175,2021-10-27 18:41:00,AEP
84.7255,84.73,84.725,84.73,1600,2021-10-27 18:42:00,AEP
84.73,84.73,84.67,84.68,3333,2021-10-27 18:43:00,AEP
84.6743,84.6743,84.64,84.64,2000,2021-10-27 18:44:00,AEP
84.64,84.64,84.61,84.63,3476,2021-10-27 18:45:00,AEP
84.623,84.64,84.62,84.64,900,2021-10-27 18:46:00,AEP
84.64,84.66,84.64,84.655,3442,2021-10-27 18:47:00,AEP
84.65,84.65,84.61,84.62,4124,2021-10-27 18:48:00,AEP
84.62,84.655,84.62,84.655,1900,2021-10-27 18:49:00,AEP
84.6577,84.6577,84.64,84.65,2160,2021-10-27 18:50:00,AEP
84.655,84.655,84.64,84.64,2343,2021-10-27 18:51:00,AEP
84.635,84.635,84.625,84.63,1427,2021-10-27 18:52:00,AEP
84.63,84.65,84.63,84.65,3537,2021-10-27 18:53:00,AEP
84.64,84.655,84.635,84.65,3300,2021-10-27 18:54:00,AEP
84.63,84.63,84.605,84.62,4157,2021-10-27 18:55:00,AEP
84.62,84.64,84.62,84.64,700,2021-10-27 18:56:00,AEP
84.645,84.66,84.645,84.655,1500,2021-10-27 18:57:00,AEP
84.655,84.68,84.65,84.68,1832,2021-10-27 18:58:00,AEP
84.675,84.71,84.675,84.68,7921,2021-10-27 18:59:00,AEP
84.68,84.69,84.68,84.69,4122,2021-10-27 19:00:00,AEP
84.68,84.685,84.67,84.68,2476,2021-10-27 19:01:00,AEP
84.68,84.685,84.67,84.67,2180,2021-10-27 19:02:00,AEP
84.68,84.68,84.65,84.665,1755,2021-10-27 19:03:00,AEP
84.67,84.695,84.67,84.695,2612,2021-10-27 19:04:00,AEP
84.69,84.69,84.65,84.665,4853,2021-10-27 19:05:00,AEP
84.66,84.665,84.655,84.6607,3000,2021-10-27 19:06:00,AEP
84.665,84.74,84.665,84.73,5721,2021-10-27 19:07:00,AEP
84.725,84.73,84.72,84.73,1120,2021-10-27 19:08:00,AEP
84.73,84.765,84.73,84.765,5605,2021-10-27 19:09:00,AEP
84.765,84.78,84.75,84.753,5513,2021-10-27 19:10:00,AEP
84.75,84.753,84.615,84.62,34867,2021-10-27 19:11:00,AEP
84.615,84.7,84.615,84.69,9429,2021-10-27 19:12:00,AEP
84.69,84.71,84.675,84.7,14843,2021-10-27 19:13:00,AEP
84.695,84.735,84.695,84.72,5376,2021-10-27 19:14:00,AEP
84.7119,84.72,84.67,84.67,8189,2021-10-27 19:15:00,AEP
84.67,84.68,84.625,84.67,20623,2021-10-27 19:16:00,AEP
84.66,84.66,84.62,84.65,20645,2021-10-27 19:17:00,AEP
84.64,84.64,84.595,84.6,5651,2021-10-27 19:18:00,AEP
84.593,84.593,84.535,84.545,9696,2021-10-27 19:19:00,AEP
84.545,84.58,84.54,84.57,9822,2021-10-27 19:20:00,AEP
84.57,84.58,84.55,84.5616,4357,2021-10-27 19:21:00,AEP
84.565,84.58,84.545,84.545,6276,2021-10-27 19:22:00,AEP
84.54,84.54,84.5,84.515,5530,2021-10-27 19:23:00,AEP
84.52,84.55,84.49,84.49,4030,2021-10-27 19:24:00,AEP
84.49,84.51,84.49,84.51,2104,2021-10-27 19:25:00,AEP
84.54,84.54,84.51,84.525,12480,2021-10-27 19:26:00,AEP
84.52,84.52,84.445,84.455,14549,2021-10-27 19:27:00,AEP
84.475,84.475,84.425,84.435,7314,2021-10-27 19:28:00,AEP
84.435,84.55,84.435,84.54,6777,2021-10-27 19:29:00,AEP
84.53,84.58,84.51,84.575,6817,2021-10-27 19:30:00,AEP
84.575,84.61,84.545,84.545,7132,2021-10-27 19:31:00,AEP
84.54,84.54,84.51,84.52,6150,2021-10-27 19:32:00,AEP
84.51,84.51,84.48,84.495,7927,2021-10-27 19:33:00,AEP
84.5,84.54,84.5,84.535,5426,2021-10-27 19:34:00,AEP
84.535,84.55,84.51,84.535,6894,2021-10-27 19:35:00,AEP
84.54,84.56,84.505,84.53,6184,2021-10-27 19:36:00,AEP
84.525,84.525,84.495,84.505,4650,2021-10-27 19:37:00,AEP
84.5,84.51,84.48,84.48,9582,2021-10-27 19:38:00,AEP
84.485,84.51,84.475,84.485,6072,2021-10-27 19:39:00,AEP
84.485,84.6,84.485,84.595,5263,2021-10-27 19:40:00,AEP
84.59,84.59,84.525,84.535,7782,2021-10-27 19:41:00,AEP
84.535,84.55,84.515,84.535,10107,2021-10-27 19:42:00,AEP
84.535,84.535,84.495,84.52,10419,2021-10-27 19:43:00,AEP
84.525,84.54,84.505,84.505,12864,2021-10-27 19:44:00,AEP
84.51,84.545,84.505,84.545,10870,2021-10-27 19:45:00,AEP
84.54,84.54,84.49,84.5,10187,2021-10-27 19:46:00,AEP
84.51,84.535,84.495,84.51,7047,2021-10-27 19:47:00,AEP
84.51,84.51,84.48,84.495,6974,2021-10-27 19:48:00,AEP
84.5,84.5,84.46,84.475,11124,2021-10-27 19:49:00,AEP
84.48,84.53,84.47,84.515,13753,2021-10-27 19:50:00,AEP
84.52,84.57,84.51,84.55,8651,2021-10-27 19:51:00,AEP
84.55,84.555,84.52,84.53,13759,2021-10-27 19:52:00,AEP
84.53,84.56,84.525,84.545,11431,2021-10-27 19:53:00,AEP
84.54,84.545,84.44,84.46,39000,2021-10-27 19:54:00,AEP
84.46,84.495,84.42,84.47,33245,2021-10-27 19:55:00,AEP
84.47,84.47,84.385,84.395,35177,2021-10-27 19:56:00,AEP
84.4,84.415,84.335,84.335,53566,2021-10-27 19:57:00,AEP
84.33,84.37,84.3,84.3,42125,2021-10-27 19:58:00,AEP
84.315,84.33,84.08,84.3,179049,2021-10-27 19:59:00,AEP
84.3,84.3,84.3,84.3,390934,2021-10-27 20:00:00,AEP
84.3,84.3,84.3,84.3,12714,2021-10-27 20:01:00,AEP
84.3,84.3,84.3,84.3,11560,2021-10-27 20:02:00,AEP
84.3,84.3,84.3,84.3,1279,2021-10-27 20:35:00,AEP
84.3,84.3,84.3,84.3,100,2021-10-27 20:55:00,AEP
84.37,84.37,84.37,84.37,100,2021-10-28 12:11:00,AEP
84.33,84.33,84.33,84.33,100,2021-10-28 12:42:00,AEP
84.3,84.3,84.3,84.3,658,2021-10-28 13:03:00,AEP
84.11,84.11,84.11,84.11,100,2021-10-28 13:06:00,AEP
84.11,84.11,84.11,84.11,483,2021-10-28 13:10:00,AEP
84.0167,84.0167,84.0167,84.0167,150,2021-10-28 13:18:00,AEP
84.3,84.31,84.19,84.31,43005,2021-10-28 13:30:00,AEP
84.355,84.4,84.35,84.4,5000,2021-10-28 13:31:00,AEP
84.43,84.61,84.43,84.5601,4153,2021-10-28 13:32:00,AEP
84.595,84.6,84.51,84.53,3000,2021-10-28 13:33:00,AEP
84.54,84.755,84.525,84.7,4828,2021-10-28 13:34:00,AEP
84.73,84.87,84.7,84.815,5302,2021-10-28 13:35:00,AEP
84.845,84.89,84.81,84.855,1560,2021-10-28 13:36:00,AEP
84.82,84.87,84.82,84.855,1400,2021-10-28 13:37:00,AEP
84.855,84.93,84.82,84.88,9446,2021-10-28 13:38:00,AEP
84.91,84.93,84.7,84.7,4156,2021-10-28 13:39:00,AEP
84.66,84.73,84.56,84.58,7522,2021-10-28 13:40:00,AEP
84.56,84.56,84.4,84.4,3042,2021-10-28 13:41:00,AEP
84.34,84.41,84.29,84.3,8867,2021-10-28 13:42:00,AEP
84.23,84.26,84.05,84.06,7263,2021-10-28 13:43:00,AEP
84.02,84.11,84.02,84.08,10009,2021-10-28 13:44:00,AEP
84.1,84.27,84.055,84.27,10263,2021-10-28 13:45:00,AEP
84.25,84.38,84.24,84.29,7656,2021-10-28 13:46:00,AEP
84.2683,84.4,84.24,84.33,7318,2021-10-28 13:47:00,AEP
84.35,84.38,84.3,84.34,5282,2021-10-28 13:48:00,AEP
84.35,84.47,84.335,84.41,4638,2021-10-28 13:49:00,AEP
84.42,84.42,84.3,84.3,3953,2021-10-28 13:50:00,AEP
84.28,84.315,84.26,84.28,3232,2021-10-28 13:51:00,AEP
84.28,84.33,84.17,84.17,3000,2021-10-28 13:52:00,AEP
84.17,84.17,84.08,84.08,3352,2021-10-28 13:53:00,AEP
84.08,84.09,84.04,84.07,3185,2021-10-28 13:54:00,AEP
84.05,84.06,83.94,83.94,8689,2021-10-28 13:55:00,AEP
83.9384,84.02,83.92,83.95,4350,2021-10-28 13:56:00,AEP
83.93,83.94,83.89,83.895,3200,2021-10-28 13:57:00,AEP
83.91,84.0,83.91,83.995,3884,2021-10-28 13:58:00,AEP
84.01,84.1522,84.01,84.095,1815,2021-10-28 13:59:00,AEP
84.1,84.1,83.99,83.99,1929,2021-10-28 14:00:00,AEP
83.96,83.96,83.8,83.895,8991,2021-10-28 14:01:00,AEP
83.92,83.99,83.92,83.94,2700,2021-10-28 14:02:00,AEP
83.935,83.96,83.83,83.8333,3827,2021-10-28 14:03:00,AEP
83.83,83.84,83.8,83.83,4986,2021-10-28 14:04:00,AEP
83.82,83.915,83.82,83.87,5293,2021-10-28 14:05:00,AEP
83.86,83.87,83.8,83.82,2311,2021-10-28 14:06:00,AEP
83.8,83.88,83.8,83.87,1995,2021-10-28 14:07:00,AEP
83.85,83.87,83.83,83.845,2000,2021-10-28 14:08:00,AEP
83.835,83.85,83.78,83.8,5703,2021-10-28 14:09:00,AEP
83.8,83.82,83.77,83.7963,4059,2021-10-28 14:10:00,AEP
83.78,83.79,83.66,83.66,5832,2021-10-28 14:11:00,AEP
83.66,83.68,83.64,83.66,5778,2021-10-28 14:12:00,AEP
83.6596,83.6596,83.52,83.53,3341,2021-10-28 14:13:00,AEP
83.54,83.605,83.54,83.6,5300,2021-10-28 14:14:00,AEP
83.59,83.61,83.58,83.605,2653,2021-10-28 14:15:00,AEP
83.62,83.69,83.58,83.63,6115,2021-10-28 14:16:00,AEP
83.6443,83.73,83.63,83.73,2119,2021-10-28 14:17:00,AEP
83.73,83.73,83.595,83.63,3215,2021-10-28 14:18:00,AEP
83.67,83.69,83.621,83.621,2240,2021-10-28 14:19:00,AEP
83.645,83.69,83.63,83.66,4500,2021-10-28 14:20:00,AEP
83.665,83.8,83.66,83.77,5813,2021-10-28 14:21:00,AEP
83.755,83.755,83.66,83.68,2650,2021-10-28 14:22:00,AEP
83.675,83.675,83.65,83.6682,3644,2021-10-28 14:23:00,AEP
83.69,83.69,83.64,83.67,2797,2021-10-28 14:24:00,AEP
83.66,83.66,83.61,83.63,2900,2021-10-28 14:25:00,AEP
83.61,83.64,83.57,83.64,3400,2021-10-28 14:26:00,AEP
83.64,83.65,83.61,83.62,3000,2021-10-28 14:27:00,AEP
83.625,83.66,83.61,83.63,4218,2021-10-28 14:28:00,AEP
83.62,83.64,83.59,83.63,4079,2021-10-28 14:29:00,AEP
83.63,83.6425,83.585,83.6,7595,2021-10-28 14:30:00,AEP
83.59,83.615,83.58,83.6,4136,2021-10-28 14:31:00,AEP
83.61,83.61,83.55,83.57,4673,2021-10-28 14:32:00,AEP
83.57,83.57,83.55,83.56,2364,2021-10-28 14:33:00,AEP
83.58,83.67,83.58,83.665,2030,2021-10-28 14:34:00,AEP
83.67,83.685,83.64,83.65,5075,2021-10-28 14:35:00,AEP
83.65,83.7,83.64,83.64,3445,2021-10-28 14:36:00,AEP
83.62,83.63,83.58,83.61,5894,2021-10-28 14:37:00,AEP
83.64,83.69,83.64,83.665,5651,2021-10-28 14:38:00,AEP
83.665,83.67,83.62,83.62,2971,2021-10-28 14:39:00,AEP
83.6,83.6,83.585,83.59,1400,2021-10-28 14:40:00,AEP
83.59,83.62,83.59,83.6,1900,2021-10-28 14:41:00,AEP
83.6,83.63,83.6,83.63,3300,2021-10-28 14:42:00,AEP
83.63,83.63,83.62,83.63,3406,2021-10-28 14:43:00,AEP
83.62,83.66,83.61,83.66,5510,2021-10-28 14:44:00,AEP
83.65,83.66,83.62,83.66,3000,2021-10-28 14:45:00,AEP
83.73,83.76,83.73,83.75,6756,2021-10-28 14:46:00,AEP
83.755,83.755,83.68,83.71,6414,2021-10-28 14:47:00,AEP
83.7,83.755,83.7,83.74,2742,2021-10-28 14:48:00,AEP
83.745,83.82,83.745,83.8,2987,2021-10-28 14:49:00,AEP
83.815,83.85,83.78,83.79,6574,2021-10-28 14:50:00,AEP
83.79,83.79,83.745,83.755,3011,2021-10-28 14:51:00,AEP
83.755,83.765,83.7,83.7,3157,2021-10-28 14:52:00,AEP
83.695,83.74,83.695,83.73,3356,2021-10-28 14:53:00,AEP
83.73,83.755,83.73,83.73,6598,2021-10-28 14:54:00,AEP
83.73,83.75,83.72,83.73,9034,2021-10-28 14:55:00,AEP
83.73,83.75,83.715,83.73,5798,2021-10-28 14:56:00,AEP
83.735,83.82,83.73,83.82,8348,2021-10-28 14:57:00,AEP
83.82,83.96,83.81,83.96,3390,2021-10-28 14:58:00,AEP
83.96,84.025,83.96,84.025,4150,2021-10-28 14:59:00,AEP
84.06,84.18,84.06,84.18,6972,2021-10-28 15:00:00,AEP
84.2,84.21,84.19,84.21,2565,2021-10-28 15:01:00,AEP
84.21,84.225,84.1939,84.2,4678,2021-10-28 15:02:00,AEP
84.23,84.235,84.19,84.2,1300,2021-10-28 15:03:00,AEP
84.2,84.215,84.18,84.18,4623,2021-10-28 15:04:00,AEP
84.135,84.135,84.045,84.07,1941,2021-10-28 15:05:00,AEP
84.09,84.13,84.09,84.13,1480,2021-10-28 15:06:00,AEP
84.13,84.27,84.13,84.26,3301,2021-10-28 15:07:00,AEP
84.2728,84.2728,84.2,84.205,1665,2021-10-28 15:08:00,AEP
84.185,84.23,84.17,84.2,1212,2021-10-28 15:09:00,AEP
84.215,84.38,84.215,84.38,2400,2021-10-28 15:10:00,AEP
84.365,84.41,84.35,84.41,2142,2021-10-28 15:11:00,AEP
84.465,84.465,84.405,84.42,3580,2021-10-28 15:12:00,AEP
84.43,84.46,84.43,84.445,1936,2021-10-28 15:13:00,AEP
84.445,84.55,84.44,84.495,3500,2021-10-28 15:14:00,AEP
84.4746,84.5709,84.47,84.55,2021,2021-10-28 15:15:00,AEP
84.565,84.57,84.54,84.54,2938,2021-10-28 15:16:00,AEP
84.54,84.59,84.53,84.58,2080,2021-10-28 15:17:00,AEP
84.58,84.59,84.51,84.51,2875,2021-10-28 15:18:00,AEP
84.51,84.53,84.48,84.53,1500,2021-10-28 15:19:00,AEP
84.52,84.54,84.51,84.515,2886,2021-10-28 15:20:00,AEP
84.5,84.5185,84.5,84.5,771,2021-10-28 15:21:00,AEP
84.51,84.51,84.48,84.5,1658,2021-10-28 15:22:00,AEP
84.515,84.54,84.47,84.47,2390,2021-10-28 15:23:00,AEP
84.44,84.45,84.44,84.44,1100,2021-10-28 15:24:00,AEP
84.46,84.5,84.46,84.5,1300,2021-10-28 15:25:00,AEP
84.5,84.52,84.5,84.51,1894,2021-10-28 15:26:00,AEP
84.4844,84.5,84.44,84.44,1498,2021-10-28 15:27:00,AEP
84.45,84.45,84.39,84.39,1048,2021-10-28 15:28:00,AEP
84.35,84.43,84.35,84.43,4747,2021-10-28 15:29:00,AEP
84.43,84.53,84.42,84.495,1551,2021-10-28 15:30:00,AEP
84.48,84.49,84.38,84.38,1961,2021-10-28 15:31:00,AEP
84.39,84.4,84.38,84.391,3284,2021-10-28 15:32:00,AEP
84.38,84.44,84.37,84.42,2950,2021-10-28 15:33:00,AEP
84.43,84.525,84.43,84.5,2900,2021-10-28 15:34:00,AEP
84.51,84.525,84.49,84.49,2758,2021-10-28 15:35:00,AEP
84.5,84.57,84.49,84.57,3300,2021-10-28 15:36:00,AEP
84.595,84.595,84.57,84.57,2469,2021-10-28 15:37:00,AEP
84.57,84.73,84.57,84.73,2000,2021-10-28 15:38:00,AEP
84.705,84.705,84.64,84.67,4418,2021-10-28 15:39:00,AEP
84.68,84.77,84.6604,84.74,3408,2021-10-28 15:40:00,AEP
84.745,84.77,84.72,84.72,1512,2021-10-28 15:41:00,AEP
84.7192,84.72,84.66,84.66,2417,2021-10-28 15:42:00,AEP
84.675,84.675,84.53,84.55,9346,2021-10-28 15:43:00,AEP
84.56,84.58,84.56,84.57,2604,2021-10-28 15:44:00,AEP
84.57,84.6,84.56,84.57,2266,2021-10-28 15:45:00,AEP
84.575,84.62,84.566,84.6,2200,2021-10-28 15:46:00,AEP
84.58,84.5935,84.535,84.54,2299,2021-10-28 15:47:00,AEP
84.53,84.56,84.53,84.56,1851,2021-10-28 15:48:00,AEP
84.55,84.55,84.49,84.5,2089,2021-10-28 15:49:00,AEP
84.49,84.49,84.41,84.42,1266,2021-10-28 15:50:00,AEP
84.47,84.52,84.47,84.51,1901,2021-10-28 15:51:00,AEP
84.51,84.53,84.5009,84.53,1867,2021-10-28 15:52:00,AEP
84.55,84.56,84.53,84.56,3457,2021-10-28 15:53:00,AEP
84.57,84.6,84.57,84.57,2008,2021-10-28 15:54:00,AEP
84.56,84.594,84.56,84.58,780,2021-10-28 15:55:00,AEP
84.57,84.665,84.57,84.665,3130,2021-10-28 15:56:00,AEP
84.65,84.715,84.65,84.715,1598,2021-10-28 15:57:00,AEP
84.69,84.71,84.69,84.71,1517,2021-10-28 15:58:00,AEP
84.72,84.76,84.72,84.76,1368,2021-10-28 15:59:00,AEP
84.76,84.78,84.69,84.69,3592,2021-10-28 16:00:00,AEP
84.7,84.74,84.7,84.73,3935,2021-10-28 16:01:00,AEP
84.73,84.75,84.73,84.745,2335,2021-10-28 16:02:00,AEP
84.74,84.76,84.74,84.75,3074,2021-10-28 16:03:00,AEP
84.75,84.795,84.74,84.795,7020,2021-10-28 16:04:00,AEP
84.79,84.79,84.77,84.77,2157,2021-10-28 16:05:00,AEP
84.81,84.81,84.79,84.79,400,2021-10-28 16:06:00,AEP
84.81,84.8379,84.79,84.825,2117,2021-10-28 16:07:00,AEP
84.8241,84.83,84.8,84.81,2184,2021-10-28 16:08:00,AEP
84.81,84.82,84.81,84.8147,1529,2021-10-28 16:09:00,AEP
84.81,84.83,84.81,84.81,1534,2021-10-28 16:10:00,AEP
84.81,84.815,84.78,84.78,1472,2021-10-28 16:11:00,AEP
84.7864,84.795,84.776,84.795,1580,2021-10-28 16:12:00,AEP
84.8,84.8,84.77,84.78,3699,2021-10-28 16:13:00,AEP
84.775,84.81,84.775,84.79,800,2021-10-28 16:14:00,AEP
84.79,84.8,84.77,84.79,3351,2021-10-28 16:15:00,AEP
84.82,84.855,84.81,84.855,1918,2021-10-28 16:16:00,AEP
84.87,84.91,84.87,84.91,3216,2021-10-28 16:17:00,AEP
84.9142,84.9142,84.89,84.89,1003,2021-10-28 16:18:00,AEP
84.905,84.92,84.89,84.92,1142,2021-10-28 16:19:00,AEP
84.915,84.93,84.82,84.82,5739,2021-10-28 16:20:00,AEP
84.83,84.87,84.8299,84.87,3000,2021-10-28 16:21:00,AEP
84.88,84.91,84.87,84.87,2107,2021-10-28 16:22:00,AEP
84.86,84.885,84.85,84.87,2565,2021-10-28 16:23:00,AEP
84.89,84.89,84.87,84.87,3753,2021-10-28 16:24:00,AEP
84.87,84.9,84.87,84.9,1214,2021-10-28 16:25:00,AEP
84.91,84.96,84.9,84.96,1700,2021-10-28 16:26:00,AEP
84.98,84.9925,84.95,84.95,5160,2021-10-28 16:27:00,AEP
84.95,84.95,84.94,84.94,2101,2021-10-28 16:28:00,AEP
84.92,84.945,84.92,84.945,1855,2021-10-28 16:29:00,AEP
84.93,84.99,84.93,84.97,1683,2021-10-28 16:30:00,AEP
84.98,85.0,84.97,84.98,2012,2021-10-28 16:31:00,AEP
84.98,84.98,84.93,84.93,2122,2021-10-28 16:32:00,AEP
84.93,84.93,84.91,84.91,2150,2021-10-28 16:33:00,AEP
84.91,84.91,84.89,84.89,2297,2021-10-28 16:34:00,AEP
84.88,84.905,84.88,84.895,2213,2021-10-28 16:35:00,AEP
84.8817,84.89,84.88,84.8884,1516,2021-10-28 16:36:00,AEP
84.885,84.905,84.88,84.905,1900,2021-10-28 16:37:00,AEP
84.9,84.91,84.87,84.88,1421,2021-10-28 16:38:00,AEP
84.87,84.925,84.87,84.92,1587,2021-10-28 16:39:00,AEP
84.885,84.89,84.88,84.88,1000,2021-10-28 16:40:00,AEP
84.885,84.885,84.78,84.78,3839,2021-10-28 16:41:00,AEP
84.79,84.88,84.79,84.88,3383,2021-10-28 16:42:00,AEP
84.93,84.935,84.905,84.9107,1636,2021-10-28 16:43:00,AEP
84.92,84.94,84.91,84.94,1000,2021-10-28 16:44:00,AEP
84.94,84.94,84.93,84.93,1726,2021-10-28 16:45:00,AEP
84.94,84.94,84.91,84.91,2294,2021-10-28 16:46:00,AEP
84.91,84.94,84.91,84.94,1641,2021-10-28 16:47:00,AEP
84.94,84.95,84.9327,84.95,1941,2021-10-28 16:48:00,AEP
84.955,84.955,84.92,84.93,3420,2021-10-28 16:49:00,AEP
84.93,84.93,84.9,84.92,2331,2021-10-28 16:50:00,AEP
84.92,84.92,84.92,84.92,200,2021-10-28 16:51:00,AEP
84.92,84.9283,84.91,84.91,2487,2021-10-28 16:52:00,AEP
84.915,84.915,84.885,84.885,2641,2021-10-28 16:53:00,AEP
84.86,84.86,84.83,84.83,1331,2021-10-28 16:54:00,AEP
84.82,84.89,84.82,84.89,3980,2021-10-28 16:55:00,AEP
84.915,84.92,84.905,84.91,1708,2021-10-28 16:56:00,AEP
84.93,84.96,84.93,84.94,2828,2021-10-28 16:57:00,AEP
84.945,84.945,84.89,84.89,2000,2021-10-28 16:58:00,AEP
84.87,84.87,84.84,84.84,1725,2021-10-28 16:59:00,AEP
84.84,84.89,84.84,84.87,1200,2021-10-28 17:00:00,AEP
84.86,84.86,84.825,84.825,1200,2021-10-28 17:01:00,AEP
84.82,84.82,84.8,84.8,1233,2021-10-28 17:02:00,AEP
84.81,84.81,84.8,84.8,400,2021-10-28 17:03:00,AEP
84.8075,84.815,84.8075,84.81,400,2021-10-28 17:04:00,AEP
84.8,84.815,84.8,84.8037,500,2021-10-28 17:05:00,AEP
84.8,84.8,84.78,84.8,2161,2021-10-28 17:06:00,AEP
84.7908,84.85,84.785,84.83,2470,2021-10-28 17:07:00,AEP
84.84,84.84,84.81,84.825,800,2021-10-28 17:08:00,AEP
84.83,84.84,84.82,84.82,1032,2021-10-28 17:09:00,AEP
84.82,84.82,84.79,84.81,1315,2021-10-28 17:10:00,AEP
84.81,84.82,84.81,84.82,355,2021-10-28 17:11:00,AEP
84.82,84.83,84.815,84.83,1150,2021-10-28 17:12:00,AEP
84.83,84.87,84.83,84.851,2800,2021-10-28 17:13:00,AEP
84.86,84.87,84.83,84.83,2456,2021-10-28 17:14:00,AEP
84.83,84.845,84.83,84.83,2379,2021-10-28 17:15:00,AEP
84.84,84.865,84.83,84.865,1376,2021-10-28 17:16:00,AEP
84.86,84.86,84.84,84.84,798,2021-10-28 17:17:00,AEP
84.8302,84.84,84.8302,84.84,400,2021-10-28 17:18:00,AEP
84.85,84.85,84.84,84.84,1689,2021-10-28 17:19:00,AEP
84.85,84.86,84.85,84.86,700,2021-10-28 17:20:00,AEP
84.85,84.85,84.84,84.84,500,2021-10-28 17:21:00,AEP
84.845,84.87,84.845,84.86,600,2021-10-28 17:22:00,AEP
84.865,84.875,84.865,84.875,337,2021-10-28 17:23:00,AEP
84.87,84.87,84.84,84.84,2205,2021-10-28 17:24:00,AEP
84.8377,84.84,84.83,84.83,453,2021-10-28 17:25:00,AEP
84.82,84.82,84.805,84.805,504,2021-10-28 17:26:00,AEP
84.795,84.795,84.77,84.7782,800,2021-10-28 17:27:00,AEP
84.775,84.79,84.775,84.79,1404,2021-10-28 17:28:00,AEP
84.79,84.79,84.79,84.79,300,2021-10-28 17:29:00,AEP
84.78,84.78,84.75,84.76,1918,2021-10-28 17:30:00,AEP
84.72,84.74,84.72,84.74,4029,2021-10-28 17:31:00,AEP
84.75,84.75,84.72,84.75,1741,2021-10-28 17:32:00,AEP
84.75,84.79,84.75,84.79,2088,2021-10-28 17:33:00,AEP
84.78,84.78,84.78,84.78,300,2021-10-28 17:34:00,AEP
84.79,84.79,84.76,84.765,1076,2021-10-28 17:35:00,AEP
84.765,84.77,84.75,84.751,1655,2021-10-28 17:36:00,AEP
84.76,84.78,84.76,84.77,916,2021-10-28 17:37:00,AEP
84.78,84.78,84.76,84.76,1026,2021-10-28 17:38:00,AEP
84.76,84.779,84.75,84.77,1146,2021-10-28 17:39:00,AEP
84.78,84.78,84.78,84.78,200,2021-10-28 17:40:00,AEP
84.79,84.8,84.78,84.785,1256,2021-10-28 17:41:00,AEP
84.79,84.83,84.79,84.8096,2437,2021-10-28 17:42:00,AEP
84.81,84.84,84.8,84.84,1204,2021-10-28 17:43:00,AEP
84.82,84.84,84.81,84.81,1595,2021-10-28 17:44:00,AEP
84.795,84.8,84.77,84.77,900,2021-10-28 17:45:00,AEP
84.775,84.78,84.77,84.774,2000,2021-10-28 17:46:00,AEP
84.78,84.78,84.77,84.77,800,2021-10-28 17:47:00,AEP
84.78,84.789,84.78,84.78,604,2021-10-28 17:48:00,AEP
84.78,84.7852,84.78,84.78,500,2021-10-28 17:49:00,AEP
84.78,84.82,84.78,84.82,3403,2021-10-28 17:50:00,AEP
84.83,84.83,84.8,84.8,2470,2021-10-28 17:51:00,AEP
84.81,84.82,84.81,84.81,2038,2021-10-28 17:52:00,AEP
84.8,84.8,84.76,84.76,2557,2021-10-28 17:53:00,AEP
84.75,84.75,84.74,84.7463,1059,2021-10-28 17:54:00,AEP
84.75,84.76,84.74,84.75,2329,2021-10-28 17:55:00,AEP
84.75,84.76,84.73,84.73,1014,2021-10-28 17:56:00,AEP
84.71,84.72,84.705,84.705,2295,2021-10-28 17:57:00,AEP
84.705,84.73,84.7,84.7,1893,2021-10-28 17:58:00,AEP
84.7,84.72,84.7,84.7,2433,2021-10-28 17:59:00,AEP
84.695,84.695,84.68,84.68,940,2021-10-28 18:00:00,AEP
84.68,84.69,84.63,84.65,2845,2021-10-28 18:01:00,AEP
84.6563,84.66,84.65,84.655,1180,2021-10-28 18:02:00,AEP
84.66,84.67,84.66,84.67,1056,2021-10-28 18:03:00,AEP
84.6701,84.671,84.66,84.67,2088,2021-10-28 18:04:00,AEP
84.685,84.7094,84.685,84.7094,911,2021-10-28 18:05:00,AEP
84.7,84.73,84.7,84.72,1244,2021-10-28 18:06:00,AEP
84.74,84.75,84.73,84.74,3207,2021-10-28 18:07:00,AEP
84.75,84.75,84.73,84.74,1900,2021-10-28 18:08:00,AEP
84.75,84.75,84.685,84.69,3079,2021-10-28 18:09:00,AEP
84.69,84.7,84.69,84.69,1400,2021-10-28 18:10:00,AEP
84.69,84.7,84.69,84.695,1632,2021-10-28 18:11:00,AEP
84.69,84.7,84.685,84.685,1787,2021-10-28 18:12:00,AEP
84.685,84.7,84.685,84.697,2500,2021-10-28 18:13:00,AEP
84.695,84.695,84.62,84.62,5018,2021-10-28 18:14:00,AEP
84.63,84.63,84.61,84.61,2645,2021-10-28 18:15:00,AEP
84.62,84.67,84.62,84.66,2000,2021-10-28 18:16:00,AEP
84.66,84.67,84.64,84.64,1907,2021-10-28 18:17:00,AEP
84.645,84.68,84.645,84.68,1936,2021-10-28 18:18:00,AEP
84.67,84.7,84.67,84.7,1550,2021-10-28 18:19:00,AEP
84.7,84.7,84.6673,84.6673,2982,2021-10-28 18:20:00,AEP
84.69,84.69,84.65,84.67,1427,2021-10-28 18:21:00,AEP
84.65,84.67,84.64,84.65,1618,2021-10-28 18:22:00,AEP
84.64,84.64,84.6,84.61,2595,2021-10-28 18:23:00,AEP
84.6,84.62,84.6,84.62,900,2021-10-28 18:24:00,AEP
84.61,84.62,84.59,84.59,3573,2021-10-28 18:25:00,AEP
84.59,84.61,84.58,84.61,3053,2021-10-28 18:26:00,AEP
84.6,84.61,84.59,84.61,700,2021-10-28 18:27:00,AEP
84.595,84.61,84.57,84.575,1362,2021-10-28 18:28:00,AEP
84.58,84.5968,84.58,84.595,1683,2021-10-28 18:29:00,AEP
84.59,84.595,84.54,84.54,1459,2021-10-28 18:30:00,AEP
84.54,84.57,84.54,84.57,891,2021-10-28 18:31:00,AEP
84.57,84.58,84.56,84.57,1130,2021-10-28 18:32:00,AEP
84.55,84.56,84.55,84.56,820,2021-10-28 18:33:00,AEP
84.565,84.57,84.56,84.57,521,2021-10-28 18:34:00,AEP
84.59,84.6,84.585,84.6,1250,2021-10-28 18:35:00,AEP
84.61,84.61,84.55,84.57,5690,2021-10-28 18:36:00,AEP
84.58,84.6,84.57,84.58,2242,2021-10-28 18:37:00,AEP
84.57,84.6,84.57,84.6,1501,2021-10-28 18:38:00,AEP
84.62,84.65,84.61,84.65,3727,2021-10-28 18:39:00,AEP
84.68,84.695,84.67,84.67,1181,2021-10-28 18:40:00,AEP
84.67,84.7,84.66,84.68,14696,2021-10-28 18:41:00,AEP
84.7,84.7,84.68,84.68,2456,2021-10-28 18:42:00,AEP
84.69,84.72,84.69,84.72,1400,2021-10-28 18:43:00,AEP
84.72,84.74,84.71,84.71,2136,2021-10-28 18:44:00,AEP
84.705,84.705,84.66,84.67,2014,2021-10-28 18:45:00,AEP
84.67,84.7,84.65,84.7,2476,2021-10-28 18:46:00,AEP
84.709,84.709,84.69,84.7,300,2021-10-28 18:47:00,AEP
84.7,84.7,84.67,84.69,3499,2021-10-28 18:48:00,AEP
84.68,84.73,84.67,84.73,2511,2021-10-28 18:49:00,AEP
84.71,84.76,84.71,84.76,505,2021-10-28 18:50:00,AEP
84.75,84.76,84.73,84.735,1200,2021-10-28 18:51:00,AEP
84.73,84.735,84.7,84.735,3360,2021-10-28 18:52:00,AEP
84.73,84.74,84.73,84.74,2118,2021-10-28 18:53:00,AEP
84.725,84.73,84.69,84.69,3899,2021-10-28 18:54:00,AEP
84.7,84.7,84.58,84.58,11230,2021-10-28 18:55:00,AEP
84.585,84.585,84.55,84.57,5879,2021-10-28 18:56:00,AEP
84.565,84.58,84.51,84.515,3956,2021-10-28 18:57:00,AEP
84.515,84.515,84.45,84.465,5186,2021-10-28 18:58:00,AEP
84.465,84.47,84.36,84.36,10352,2021-10-28 18:59:00,AEP
84.38,84.45,84.375,84.44,7858,2021-10-28 19:00:00,AEP
84.435,84.5,84.43,84.47,5546,2021-10-28 19:01:00,AEP
84.47,84.48,84.47,84.47,1653,2021-10-28 19:02:00,AEP
84.48,84.565,84.47,84.565,3642,2021-10-28 19:03:00,AEP
84.55,84.55,84.53,84.53,1550,2021-10-28 19:04:00,AEP
84.535,84.5903,84.535,84.58,2300,2021-10-28 19:05:00,AEP
84.575,84.575,84.49,84.51,2997,2021-10-28 19:06:00,AEP
84.52,84.54,84.515,84.515,3095,2021-10-28 19:07:00,AEP
84.505,84.515,84.49,84.49,1500,2021-10-28 19:08:00,AEP
84.49,84.51,84.44,84.44,6258,2021-10-28 19:09:00,AEP
84.37,84.4,84.34,84.34,2584,2021-10-28 19:10:00,AEP
84.35,84.35,84.25,84.275,3778,2021-10-28 19:11:00,AEP
84.2675,84.3,84.26,84.3,5712,2021-10-28 19:12:00,AEP
84.3,84.31,84.29,84.29,4689,2021-10-28 19:13:00,AEP
84.295,84.3,84.28,84.3,1767,2021-10-28 19:14:00,AEP
84.305,84.31,84.24,84.24,10001,2021-10-28 19:15:00,AEP
84.24,84.24,84.17,84.18,4169,2021-10-28 19:16:00,AEP
84.185,84.2,84.15,84.2,4698,2021-10-28 19:17:00,AEP
84.2,84.27,84.19,84.24,3398,2021-10-28 19:18:00,AEP
84.23,84.24,84.18,84.2,3839,2021-10-28 19:19:00,AEP
84.2,84.24,84.2,84.24,3767,2021-10-28 19:20:00,AEP
84.235,84.25,84.22,84.25,2298,2021-10-28 19:21:00,AEP
84.26,84.26,84.23,84.255,1965,2021-10-28 19:22:00,AEP
84.25,84.26,84.24,84.255,5100,2021-10-28 19:23:00,AEP
84.25,84.25,84.2,84.2,4032,2021-10-28 19:24:00,AEP
84.18,84.2,84.15,84.15,6998,2021-10-28 19:25:00,AEP
84.16,84.19,84.16,84.185,2463,2021-10-28 19:26:00,AEP
84.18,84.195,84.16,84.16,3226,2021-10-28 19:27:00,AEP
84.16,84.165,84.11,84.1385,12640,2021-10-28 19:28:00,AEP
84.1378,84.14,84.11,84.14,5664,2021-10-28 19:29:00,AEP
84.14,84.15,84.06,84.11,9704,2021-10-28 19:30:00,AEP
84.12,84.19,84.11,84.19,3196,2021-10-28 19:31:00,AEP
84.195,84.195,84.14,84.16,2073,2021-10-28 19:32:00,AEP
84.17,84.185,84.17,84.17,3896,2021-10-28 19:33:00,AEP
84.17,84.17,84.08,84.11,5785,2021-10-28 19:34:00,AEP
84.11,84.14,84.09,84.11,3405,2021-10-28 19:35:00,AEP
84.12,84.15,84.09,84.145,9155,2021-10-28 19:36:00,AEP
84.16,84.24,84.16,84.21,3175,2021-10-28 19:37:00,AEP
84.23,84.23,84.16,84.17,11978,2021-10-28 19:38:00,AEP
84.17,84.17,84.155,84.155,2300,2021-10-28 19:39:00,AEP
84.16,84.205,84.16,84.19,4598,2021-10-28 19:40:00,AEP
84.18,84.24,84.15,84.235,6386,2021-10-28 19:41:00,AEP
84.235,84.25,84.17,84.205,11351,2021-10-28 19:42:00,AEP
84.205,84.26,84.2,84.2,6739,2021-10-28 19:43:00,AEP
84.205,84.32,84.205,84.305,4386,2021-10-28 19:44:00,AEP
84.32,84.35,84.3,84.3,4529,2021-10-28 19:45:00,AEP
84.31,84.32,84.28,84.28,6157,2021-10-28 19:46:00,AEP
84.28,84.31,84.28,84.3,10000,2021-10-28 19:47:00,AEP
84.29,84.309,84.28,84.305,7800,2021-10-28 19:48:00,AEP
84.305,84.345,84.29,84.345,11561,2021-10-28 19:49:00,AEP
84.345,84.47,84.345,84.45,21062,2021-10-28 19:50:00,AEP
84.46,84.475,84.42,84.475,6967,2021-10-28 19:51:00,AEP
84.49,84.505,84.48,84.48,8591,2021-10-28 19:52:00,AEP
84.465,84.6,84.465,84.5801,24904,2021-10-28 19:53:00,AEP
84.59,84.695,84.58,84.68,28002,2021-10-28 19:54:00,AEP
84.69,84.77,84.67,84.68,41320,2021-10-28 19:55:00,AEP
84.68,84.69,84.63,84.68,20740,2021-10-28 19:56:00,AEP
84.68,84.74,84.64,84.68,18645,2021-10-28 19:57:00,AEP
84.685,84.695,84.62,84.62,16864,2021-10-28 19:58:00,AEP
84.63,84.73,84.62,84.71,37769,2021-10-28 19:59:00,AEP
84.71,84.71,84.71,84.71,300697,2021-10-28 20:00:00,AEP
84.71,84.71,84.71,84.71,4353,2021-10-28 20:01:00,AEP
84.71,84.71,84.71,84.71,4583,2021-10-28 20:02:00,AEP
84.71,84.71,84.71,84.71,53261,2021-10-28 20:14:00,AEP
84.64,84.64,84.64,84.64,100,2021-10-28 20:30:00,AEP
84.77,84.77,84.77,84.77,618,2021-10-28 20:32:00,AEP
84.77,84.77,84.77,84.77,300,2021-10-28 20:39:00,AEP
84.77,84.77,84.77,84.77,220,2021-10-28 21:06:00,AEP
84.77,84.77,84.77,84.77,127,2021-10-28 21:20:00,AEP
84.77,84.77,84.77,84.77,441,2021-10-28 21:24:00,AEP
84.85,84.85,84.85,84.85,125,2021-10-29 13:25:00,AEP
84.71,84.88,84.38,84.45,27644,2021-10-29 13:30:00,AEP
84.49,84.64,84.45,84.55,6699,2021-10-29 13:31:00,AEP
84.63,84.83,84.63,84.83,3458,2021-10-29 13:32:00,AEP
84.83,84.94,84.75,84.94,3428,2021-10-29 13:33:00,AEP
84.93,85.1,84.93,85.0,14016,2021-10-29 13:34:00,AEP
84.98,85.01,84.94,84.98,5986,2021-10-29 13:35:00,AEP
84.97,85.0,84.85,84.88,2822,2021-10-29 13:36:00,AEP
84.9,84.96,84.86,84.88,5000,2021-10-29 13:37:00,AEP
84.82,84.98,84.8,84.98,4826,2021-10-29 13:38:00,AEP
85.03,85.11,85.02,85.07,10403,2021-10-29 13:39:00,AEP
85.07,85.12,85.0,85.05,14808,2021-10-29 13:40:00,AEP
85.0,85.015,84.89,84.96,6563,2021-10-29 13:41:00,AEP
84.925,84.97,84.89,84.9699,3400,2021-10-29 13:42:00,AEP
84.915,84.93,84.91,84.93,1282,2021-10-29 13:43:00,AEP
84.96,84.97,84.92,84.93,1572,2021-10-29 13:44:00,AEP
84.94,85.08,84.94,85.03,3471,2021-10-29 13:45:00,AEP
85.01,85.04,84.98,85.03,6117,2021-10-29 13:46:00,AEP
85.03,85.05,84.96,84.98,5486,2021-10-29 13:47:00,AEP
84.99,84.99,84.9,84.9,1200,2021-10-29 13:48:00,AEP
84.92,85.055,84.92,85.055,1850,2021-10-29 13:49:00,AEP
85.07,85.12,85.04,85.085,2725,2021-10-29 13:50:00,AEP
85.08,85.08,85.02,85.045,2994,2021-10-29 13:51:00,AEP
85.04,85.07,85.02,85.07,7504,2021-10-29 13:52:00,AEP
85.1,85.145,85.06,85.085,3883,2021-10-29 13:53:00,AEP
85.062,85.1,85.06,85.06,4400,2021-10-29 13:54:00,AEP
85.06,85.07,84.97,85.01,26828,2021-10-29 13:55:00,AEP
84.99,84.99,84.94,84.983,925,2021-10-29 13:56:00,AEP
84.97,84.97,84.87,84.87,1870,2021-10-29 13:57:00,AEP
84.87,84.88,84.84,84.85,900,2021-10-29 13:58:00,AEP
84.88,84.92,84.8701,84.92,535,2021-10-29 13:59:00,AEP
84.89,85.0,84.89,84.99,1931,2021-10-29 14:00:00,AEP
85.0,85.02,84.99,85.0,10202,2021-10-29 14:01:00,AEP
85.02,85.04,84.975,85.04,3987,2021-10-29 14:02:00,AEP
85.1,85.1,85.05,85.05,2089,2021-10-29 14:03:00,AEP
85.07,85.07,85.005,85.02,3283,2021-10-29 14:04:00,AEP
85.04,85.04,85.01,85.01,690,2021-10-29 14:05:00,AEP
85.04,85.08,85.04,85.07,2323,2021-10-29 14:06:00,AEP
85.04,85.08,85.04,85.06,5487,2021-10-29 14:07:00,AEP
85.04,85.16,85.02,85.16,1810,2021-10-29 14:08:00,AEP
85.14,85.14,85.07,85.07,2088,2021-10-29 14:09:00,AEP
85.08,85.11,85.06,85.11,4186,2021-10-29 14:10:00,AEP
85.118,85.118,85.03,85.03,452,2021-10-29 14:11:00,AEP
85.0584,85.09,85.0584,85.09,1021,2021-10-29 14:12:00,AEP
85.0897,85.0897,85.01,85.02,4286,2021-10-29 14:13:00,AEP
85.02,85.06,85.02,85.0225,1152,2021-10-29 14:14:00,AEP
85.0494,85.09,85.0494,85.08,2121,2021-10-29 14:15:00,AEP
85.12,85.13,85.11,85.12,600,2021-10-29 14:16:00,AEP
85.11,85.12,85.06,85.08,1900,2021-10-29 14:17:00,AEP
85.08,85.13,85.05,85.13,4607,2021-10-29 14:18:00,AEP
85.1092,85.13,85.1,85.13,1097,2021-10-29 14:19:00,AEP
85.15,85.24,85.15,85.23,2000,2021-10-29 14:20:00,AEP
85.21,85.22,85.1,85.1,2848,2021-10-29 14:21:00,AEP
85.1015,85.17,85.1015,85.17,2435,2021-10-29 14:22:00,AEP
85.12,85.14,85.1,85.1,1500,2021-10-29 14:24:00,AEP
85.13,85.13,85.12,85.12,1100,2021-10-29 14:25:00,AEP
85.12,85.135,85.08,85.08,2026,2021-10-29 14:26:00,AEP
85.12,85.17,85.11,85.11,3350,2021-10-29 14:27:00,AEP
85.11,85.195,85.11,85.195,1450,2021-10-29 14:28:00,AEP
85.195,85.21,85.18,85.2,2927,2021-10-29 14:29:00,AEP
85.25,85.25,85.15,85.17,2671,2021-10-29 14:30:00,AEP
85.15,85.19,85.12,85.19,2825,2021-10-29 14:31:00,AEP
85.18,85.2,85.13,85.13,1439,2021-10-29 14:32:00,AEP
85.12,85.145,85.12,85.14,600,2021-10-29 14:33:00,AEP
85.12,85.14,85.09,85.099,2422,2021-10-29 14:34:00,AEP
85.11,85.12,85.05,85.05,2764,2021-10-29 14:35:00,AEP
85.08,85.09,85.05,85.07,823,2021-10-29 14:36:00,AEP
85.07,85.1,85.07,85.07,2500,2021-10-29 14:37:00,AEP
85.08,85.12,85.08,85.12,800,2021-10-29 14:38:00,AEP
85.11,85.11,85.07,85.1,729,2021-10-29 14:39:00,AEP
85.09,85.09,85.06,85.08,1783,2021-10-29 14:40:00,AEP
85.092,85.092,85.0,85.04,3785,2021-10-29 14:41:00,AEP
85.03,85.05,85.0,85.0,900,2021-10-29 14:42:00,AEP
84.99,84.99,84.94,84.94,1400,2021-10-29 14:43:00,AEP
84.96,85.01,84.96,84.98,931,2021-10-29 14:44:00,AEP
84.97,84.97,84.935,84.97,2432,2021-10-29 14:45:00,AEP
84.975,84.99,84.965,84.98,700,2021-10-29 14:46:00,AEP
84.98,85.01,84.93,84.93,13400,2021-10-29 14:47:00,AEP
84.92,84.92,84.89,84.9,1197,2021-10-29 14:48:00,AEP
84.93,84.95,84.93,84.95,3444,2021-10-29 14:49:00,AEP
84.96,84.9997,84.96,84.97,2387,2021-10-29 14:50:00,AEP
84.95,84.96,84.9102,84.92,1910,2021-10-29 14:51:00,AEP
84.93,84.955,84.93,84.94,1750,2021-10-29 14:52:00,AEP
84.93,84.9328,84.92,84.9328,1629,2021-10-29 14:53:00,AEP
84.91,84.91,84.84,84.84,4516,2021-10-29 14:54:00,AEP
84.85,84.875,84.85,84.865,2955,2021-10-29 14:55:00,AEP
84.865,84.895,84.85,84.85,1920,2021-10-29 14:56:00,AEP
84.86,84.87,84.85,84.87,2037,2021-10-29 14:57:00,AEP
84.8581,84.8581,84.76,84.78,2517,2021-10-29 14:58:00,AEP
84.75,84.78,84.71,84.78,1374,2021-10-29 14:59:00,AEP
84.775,84.79,84.75,84.76,2026,2021-10-29 15:00:00,AEP
84.785,84.785,84.775,84.775,500,2021-10-29 15:01:00,AEP
84.77,84.77,84.7308,84.755,2497,2021-10-29 15:02:00,AEP
84.77,84.77,84.74,84.744,1520,2021-10-29 15:03:00,AEP
84.715,84.76,84.715,84.76,1850,2021-10-29 15:04:00,AEP
84.77,84.77,84.73,84.73,862,2021-10-29 15:05:00,AEP
84.74,84.77,84.72,84.75,1000,2021-10-29 15:06:00,AEP
84.77,84.8,84.77,84.7914,2300,2021-10-29 15:07:00,AEP
84.78,84.79,84.75,84.76,900,2021-10-29 15:08:00,AEP
84.75,84.75,84.71,84.73,2378,2021-10-29 15:09:00,AEP
84.74,84.785,84.74,84.765,1000,2021-10-29 15:10:00,AEP
84.765,84.77,84.75,84.77,600,2021-10-29 15:11:00,AEP
84.76,84.77,84.76,84.77,600,2021-10-29 15:12:00,AEP
84.78,84.78,84.74,84.74,400,2021-10-29 15:13:00,AEP
84.74,84.75,84.72,84.725,1556,2021-10-29 15:14:00,AEP
84.7,84.7,84.6995,84.7,325,2021-10-29 15:15:00,AEP
84.69,84.71,84.69,84.71,1000,2021-10-29 15:16:00,AEP
84.69,84.69,84.62,84.62,3481,2021-10-29 15:17:00,AEP
84.63,84.65,84.615,84.62,2630,2021-10-29 15:18:00,AEP
84.61,84.61,84.56,84.6,2508,2021-10-29 15:19:00,AEP
84.58,84.59,84.57,84.57,839,2021-10-29 15:20:00,AEP
84.57,84.59,84.57,84.59,1050,2021-10-29 15:21:00,AEP
84.59,84.59,84.56,84.56,200,2021-10-29 15:22:00,AEP
84.5142,84.53,84.5142,84.53,456,2021-10-29 15:23:00,AEP
84.51,84.53,84.5,84.53,2467,2021-10-29 15:24:00,AEP
84.54,84.5472,84.515,84.53,2664,2021-10-29 15:25:00,AEP
84.53,84.59,84.52,84.56,4760,2021-10-29 15:26:00,AEP
84.54,84.54,84.51,84.52,896,2021-10-29 15:27:00,AEP
84.53,84.54,84.53,84.54,300,2021-10-29 15:28:00,AEP
84.53,84.55,84.5296,84.53,2239,2021-10-29 15:29:00,AEP
84.54,84.58,84.54,84.57,2177,2021-10-29 15:30:00,AEP
84.58,84.58,84.58,84.58,100,2021-10-29 15:31:00,AEP
84.59,84.61,84.59,84.61,400,2021-10-29 15:32:00,AEP
84.6,84.62,84.59,84.617,1300,2021-10-29 15:33:00,AEP
84.61,84.65,84.61,84.65,1090,2021-10-29 15:34:00,AEP
84.63,84.65,84.59,84.635,3883,2021-10-29 15:35:00,AEP
84.6403,84.6403,84.63,84.64,2329,2021-10-29 15:36:00,AEP
84.63,84.63,84.62,84.62,206,2021-10-29 15:37:00,AEP
84.63,84.63,84.58,84.58,1925,2021-10-29 15:38:00,AEP
84.56,84.57,84.5576,84.57,803,2021-10-29 15:39:00,AEP
84.54,84.57,84.54,84.54,1829,2021-10-29 15:40:00,AEP
84.54,84.54,84.49,84.51,2907,2021-10-29 15:41:00,AEP
84.51,84.51,84.48,84.48,2899,2021-10-29 15:42:00,AEP
84.4498,84.46,84.4498,84.45,1194,2021-10-29 15:43:00,AEP
84.46,84.48,84.44,84.44,1550,2021-10-29 15:44:00,AEP
84.48,84.52,84.48,84.52,600,2021-10-29 15:45:00,AEP
84.55,84.55,84.51,84.52,1515,2021-10-29 15:46:00,AEP
84.52,84.53,84.52,84.53,801,2021-10-29 15:47:00,AEP
84.52,84.55,84.52,84.55,912,2021-10-29 15:48:00,AEP
84.54,84.545,84.54,84.545,380,2021-10-29 15:49:00,AEP
84.56,84.57,84.56,84.57,200,2021-10-29 15:50:00,AEP
84.565,84.59,84.565,84.57,1300,2021-10-29 15:51:00,AEP
84.58,84.59,84.58,84.58,3336,2021-10-29 15:52:00,AEP
84.57,84.62,84.57,84.61,1962,2021-10-29 15:53:00,AEP
84.62,84.64,84.61,84.64,5600,2021-10-29 15:54:00,AEP
84.64,84.67,84.64,84.6506,3739,2021-10-29 15:55:00,AEP
84.64,84.64,84.6,84.61,5060,2021-10-29 15:56:00,AEP
84.61,84.62,84.61,84.62,921,2021-10-29 15:57:00,AEP
84.61,84.65,84.61,84.65,2345,2021-10-29 15:58:00,AEP
84.65,84.67,84.65,84.67,4801,2021-10-29 15:59:00,AEP
84.68,84.71,84.67,84.67,2450,2021-10-29 16:00:00,AEP
84.66,84.68,84.645,84.67,1630,2021-10-29 16:01:00,AEP
84.68,84.71,84.66,84.69,4682,2021-10-29 16:02:00,AEP
84.71,84.72,84.69,84.72,2032,2021-10-29 16:03:00,AEP
84.71,84.71,84.685,84.685,1009,2021-10-29 16:04:00,AEP
84.71,84.71,84.69,84.7,900,2021-10-29 16:05:00,AEP
84.7,84.74,84.7,84.74,959,2021-10-29 16:06:00,AEP
84.76,84.8,84.76,84.79,4650,2021-10-29 16:07:00,AEP
84.81,84.811,84.8,84.8,4425,2021-10-29 16:08:00,AEP
84.8,84.81,84.7939,84.7939,534,2021-10-29 16:09:00,AEP
84.795,84.83,84.795,84.83,1300,2021-10-29 16:10:00,AEP
84.81,84.81,84.79,84.81,1237,2021-10-29 16:11:00,AEP
84.805,84.82,84.77,84.77,902,2021-10-29 16:12:00,AEP
84.77,84.77,84.73,84.73,1300,2021-10-29 16:13:00,AEP
84.72,84.73,84.71,84.71,3131,2021-10-29 16:14:00,AEP
84.73,84.74,84.73,84.74,717,2021-10-29 16:15:00,AEP
84.7386,84.7386,84.71,84.71,562,2021-10-29 16:16:00,AEP
84.7,84.71,84.7,84.71,800,2021-10-29 16:17:00,AEP
84.69,84.71,84.69,84.71,200,2021-10-29 16:18:00,AEP
84.69,84.7,84.69,84.69,980,2021-10-29 16:19:00,AEP
84.68,84.7,84.68,84.68,1100,2021-10-29 16:20:00,AEP
84.69,84.705,84.69,84.7,1192,2021-10-29 16:21:00,AEP
84.69,84.71,84.65,84.65,3682,2021-10-29 16:22:00,AEP
84.6704,84.7,84.665,84.7,2200,2021-10-29 16:23:00,AEP
84.7093,84.71,84.7022,84.7022,507,2021-10-29 16:24:00,AEP
84.69,84.72,84.69,84.7,2474,2021-10-29 16:25:00,AEP
84.71,84.77,84.71,84.77,3031,2021-10-29 16:26:00,AEP
84.76,84.77,84.75,84.75,700,2021-10-29 16:27:00,AEP
84.74,84.74,84.69,84.71,4534,2021-10-29 16:28:00,AEP
84.69,84.72,84.69,84.71,1200,2021-10-29 16:29:00,AEP
84.71,84.76,84.71,84.75,1796,2021-10-29 16:30:00,AEP
84.77,84.77,84.75,84.75,1457,2021-10-29 16:31:00,AEP
84.7539,84.77,84.74,84.74,1182,2021-10-29 16:32:00,AEP
84.74,84.755,84.74,84.75,600,2021-10-29 16:33:00,AEP
84.75,84.76,84.74,84.74,1353,2021-10-29 16:34:00,AEP
84.73,84.74,84.72,84.73,800,2021-10-29 16:35:00,AEP
84.71,84.745,84.71,84.745,1903,2021-10-29 16:36:00,AEP
84.73,84.73,84.72,84.72,300,2021-10-29 16:37:00,AEP
84.71,84.73,84.71,84.72,900,2021-10-29 16:38:00,AEP
84.71,84.74,84.71,84.74,2870,2021-10-29 16:39:00,AEP
84.74,84.74,84.71,84.71,1600,2021-10-29 16:40:00,AEP
84.72,84.73,84.71,84.72,800,2021-10-29 16:41:00,AEP
84.72,84.72,84.71,84.72,1000,2021-10-29 16:42:00,AEP
84.7,84.71,84.6999,84.71,1765,2021-10-29 16:43:00,AEP
84.705,84.72,84.69,84.72,862,2021-10-29 16:44:00,AEP
84.71,84.74,84.71,84.72,560,2021-10-29 16:45:00,AEP
84.71,84.71,84.71,84.71,200,2021-10-29 16:46:00,AEP
84.7,84.71,84.7,84.71,300,2021-10-29 16:47:00,AEP
84.69,84.71,84.69,84.71,400,2021-10-29 16:48:00,AEP
84.717,84.74,84.717,84.74,2000,2021-10-29 16:49:00,AEP
84.73,84.76,84.73,84.76,1878,2021-10-29 16:50:00,AEP
84.74,84.75,84.74,84.74,1000,2021-10-29 16:51:00,AEP
84.745,84.75,84.72,84.72,1795,2021-10-29 16:52:00,AEP
84.705,84.74,84.705,84.71,800,2021-10-29 16:53:00,AEP
84.715,84.7157,84.715,84.7157,225,2021-10-29 16:54:00,AEP
84.73,84.73,84.71,84.71,1000,2021-10-29 16:55:00,AEP
84.73,84.73,84.72,84.73,500,2021-10-29 16:56:00,AEP
84.75,84.75,84.73,84.73,800,2021-10-29 16:57:00,AEP
84.71,84.73,84.71,84.715,1513,2021-10-29 16:58:00,AEP
84.73,84.73,84.708,84.708,350,2021-10-29 16:59:00,AEP
84.71,84.715,84.695,84.71,1485,2021-10-29 17:00:00,AEP
84.71,84.71,84.7,84.7,973,2021-10-29 17:01:00,AEP
84.69,84.69,84.68,84.685,1000,2021-10-29 17:02:00,AEP
84.68,84.7,84.67,84.7,1226,2021-10-29 17:03:00,AEP
84.67,84.67,84.66,84.67,400,2021-10-29 17:04:00,AEP
84.66,84.66,84.64,84.659,1854,2021-10-29 17:05:00,AEP
84.67,84.67,84.65,84.67,1555,2021-10-29 17:06:00,AEP
84.6559,84.67,84.6559,84.67,1233,2021-10-29 17:07:00,AEP
84.66,84.67,84.64,84.64,400,2021-10-29 17:08:00,AEP
84.6236,84.63,84.62,84.62,1335,2021-10-29 17:09:00,AEP
84.61,84.61,84.61,84.61,100,2021-10-29 17:10:00,AEP
84.58,84.6,84.58,84.58,300,2021-10-29 17:11:00,AEP
84.61,84.62,84.61,84.62,824,2021-10-29 17:12:00,AEP
84.61,84.62,84.6,84.6,900,2021-10-29 17:13:00,AEP
84.62,84.62,84.59,84.614,1548,2021-10-29 17:14:00,AEP
84.61,84.65,84.61,84.64,1920,2021-10-29 17:15:00,AEP
84.63,84.63,84.62,84.625,475,2021-10-29 17:16:00,AEP
84.62,84.62,84.6,84.6,2530,2021-10-29 17:17:00,AEP
84.585,84.6,84.585,84.6,600,2021-10-29 17:18:00,AEP
84.6,84.61,84.59,84.61,400,2021-10-29 17:19:00,AEP
84.58,84.6,84.58,84.6,500,2021-10-29 17:20:00,AEP
84.6,84.6,84.58,84.59,600,2021-10-29 17:21:00,AEP
84.57,84.61,84.55,84.59,4055,2021-10-29 17:22:00,AEP
84.59,84.59,84.58,84.58,500,2021-10-29 17:23:00,AEP
84.55,84.57,84.55,84.57,300,2021-10-29 17:24:00,AEP
84.56,84.565,84.55,84.56,819,2021-10-29 17:25:00,AEP
84.553,84.56,84.54,84.55,2460,2021-10-29 17:26:00,AEP
84.55,84.55,84.5389,84.5389,1597,2021-10-29 17:27:00,AEP
84.52,84.56,84.52,84.56,1768,2021-10-29 17:28:00,AEP
84.54,84.56,84.54,84.56,676,2021-10-29 17:29:00,AEP
84.55,84.56,84.54,84.56,1200,2021-10-29 17:30:00,AEP
84.56,84.56,84.54,84.54,1200,2021-10-29 17:31:00,AEP
84.53,84.54,84.48,84.5,4560,2021-10-29 17:32:00,AEP
84.515,84.5256,84.51,84.5256,1018,2021-10-29 17:33:00,AEP
84.52,84.53,84.51,84.51,1100,2021-10-29 17:34:00,AEP
84.52,84.53,84.5,84.5,508,2021-10-29 17:35:00,AEP
84.5,84.5037,84.47,84.47,5125,2021-10-29 17:36:00,AEP
84.49,84.49,84.47,84.47,604,2021-10-29 17:37:00,AEP
84.48,84.48,84.4702,84.48,753,2021-10-29 17:38:00,AEP
84.47,84.48,84.46,84.47,800,2021-10-29 17:39:00,AEP
84.47,84.47,84.45,84.45,1200,2021-10-29 17:40:00,AEP
84.46,84.46,84.4496,84.4496,3309,2021-10-29 17:41:00,AEP
84.45,84.46,84.45,84.45,725,2021-10-29 17:42:00,AEP
84.4466,84.48,84.4466,84.46,1400,2021-10-29 17:43:00,AEP
84.4485,84.4485,84.42,84.42,639,2021-10-29 17:44:00,AEP
84.4296,84.47,84.4296,84.45,6856,2021-10-29 17:45:00,AEP
84.4543,84.4543,84.4501,84.4501,244,2021-10-29 17:46:00,AEP
84.46,84.47,84.45,84.47,1204,2021-10-29 17:47:00,AEP
84.45,84.46,84.44,84.44,2100,2021-10-29 17:48:00,AEP
84.44,84.44,84.42,84.42,753,2021-10-29 17:49:00,AEP
84.41,84.43,84.38,84.4,1500,2021-10-29 17:50:00,AEP
84.43,84.4491,84.42,84.43,1694,2021-10-29 17:51:00,AEP
84.435,84.45,84.42,84.45,1264,2021-10-29 17:52:00,AEP
84.45,84.47,84.45,84.47,300,2021-10-29 17:53:00,AEP
84.46,84.49,84.46,84.485,600,2021-10-29 17:54:00,AEP
84.48,84.49,84.47,84.49,836,2021-10-29 17:55:00,AEP
84.49,84.49,84.49,84.49,100,2021-10-29 17:56:00,AEP
84.48,84.5,84.47,84.5,800,2021-10-29 17:57:00,AEP
84.48,84.48,84.48,84.48,200,2021-10-29 17:58:00,AEP
84.51,84.51,84.51,84.51,700,2021-10-29 18:00:00,AEP
84.53,84.53,84.49,84.49,3928,2021-10-29 18:01:00,AEP
84.51,84.515,84.495,84.495,800,2021-10-29 18:02:00,AEP
84.5,84.51,84.49,84.51,923,2021-10-29 18:03:00,AEP
84.49,84.5,84.49,84.49,500,2021-10-29 18:04:00,AEP
84.48,84.48,84.45,84.45,1884,2021-10-29 18:05:00,AEP
84.44,84.45,84.38,84.395,2443,2021-10-29 18:06:00,AEP
84.37,84.38,84.37,84.37,507,2021-10-29 18:07:00,AEP
84.36,84.39,84.36,84.37,3488,2021-10-29 18:08:00,AEP
84.34,84.35,84.325,84.35,1865,2021-10-29 18:09:00,AEP
84.34,84.35,84.33,84.33,800,2021-10-29 18:10:00,AEP
84.33,84.33,84.29,84.29,1900,2021-10-29 18:11:00,AEP
84.28,84.31,84.26,84.26,5104,2021-10-29 18:12:00,AEP
84.265,84.27,84.25,84.26,1684,2021-10-29 18:13:00,AEP
84.26,84.26,84.24,84.24,2687,2021-10-29 18:14:00,AEP
84.24,84.26,84.24,84.26,980,2021-10-29 18:15:00,AEP
84.25,84.27,84.2479,84.25,1260,2021-10-29 18:16:00,AEP
84.27,84.27,84.25,84.25,400,2021-10-29 18:17:00,AEP
84.25,84.2582,84.23,84.23,1903,2021-10-29 18:18:00,AEP
84.25,84.25,84.24,84.24,910,2021-10-29 18:19:00,AEP
84.265,84.28,84.265,84.28,1000,2021-10-29 18:20:00,AEP
84.28,84.28,84.27,84.27,200,2021-10-29 18:21:00,AEP
84.26,84.3,84.26,84.27,1500,2021-10-29 18:22:00,AEP
84.28,84.31,84.28,84.31,1735,2021-10-29 18:23:00,AEP
84.29,84.3,84.27,84.27,1564,2021-10-29 18:24:00,AEP
84.26,84.29,84.2501,84.29,5273,2021-10-29 18:25:00,AEP
84.28,84.29,84.28,84.29,902,2021-10-29 18:26:00,AEP
84.29,84.3,84.27,84.3,1168,2021-10-29 18:27:00,AEP
84.3,84.31,84.3,84.31,451,2021-10-29 18:28:00,AEP
84.28,84.29,84.26,84.27,1150,2021-10-29 18:29:00,AEP
84.28,84.2887,84.28,84.2833,532,2021-10-29 18:30:00,AEP
84.29,84.29,84.28,84.29,600,2021-10-29 18:31:00,AEP
84.29,84.3,84.29,84.3,600,2021-10-29 18:32:00,AEP
84.28,84.31,84.27,84.29,3322,2021-10-29 18:33:00,AEP
84.27,84.31,84.27,84.3,2121,2021-10-29 18:34:00,AEP
84.3,84.31,84.3,84.31,200,2021-10-29 18:35:00,AEP
84.31,84.31,84.3,84.3,300,2021-10-29 18:36:00,AEP
84.29,84.33,84.29,84.33,2305,2021-10-29 18:37:00,AEP
84.32,84.3324,84.31,84.33,1369,2021-10-29 18:38:00,AEP
84.33,84.34,84.31,84.31,1013,2021-10-29 18:39:00,AEP
84.32,84.33,84.32,84.33,700,2021-10-29 18:40:00,AEP
84.33,84.34,84.31,84.34,2089,2021-10-29 18:41:00,AEP
84.33,84.35,84.33,84.34,1500,2021-10-29 18:42:00,AEP
84.34,84.37,84.34,84.37,1200,2021-10-29 18:43:00,AEP
84.36,84.36,84.36,84.36,535,2021-10-29 18:44:00,AEP
84.37,84.39,84.37,84.39,1325,2021-10-29 18:45:00,AEP
84.39,84.4,84.39,84.4,200,2021-10-29 18:46:00,AEP
84.38,84.39,84.38,84.3812,502,2021-10-29 18:47:00,AEP
84.4,84.43,84.395,84.425,1500,2021-10-29 18:48:00,AEP
84.42,84.435,84.415,84.43,2217,2021-10-29 18:49:00,AEP
84.43,84.455,84.43,84.45,2749,2021-10-29 18:50:00,AEP
84.45,84.47,84.45,84.47,400,2021-10-29 18:51:00,AEP
84.455,84.46,84.445,84.445,1000,2021-10-29 18:52:00,AEP
84.43,84.45,84.43,84.45,617,2021-10-29 18:53:00,AEP
84.45,84.45,84.42,84.45,3170,2021-10-29 18:54:00,AEP
84.42,84.44,84.42,84.42,1700,2021-10-29 18:55:00,AEP
84.41,84.42,84.4,84.4,1756,2021-10-29 18:56:00,AEP
84.4,84.4,84.37,84.37,1683,2021-10-29 18:57:00,AEP
84.38,84.38,84.33,84.34,2100,2021-10-29 18:58:00,AEP
84.34,84.37,84.34,84.3556,2206,2021-10-29 18:59:00,AEP
84.35,84.355,84.33,84.33,2300,2021-10-29 19:00:00,AEP
84.34,84.36,84.33,84.36,2624,2021-10-29 19:01:00,AEP
84.36,84.38,84.36,84.37,1536,2021-10-29 19:02:00,AEP
84.363,84.37,84.355,84.37,1128,2021-10-29 19:03:00,AEP
84.36,84.36,84.33,84.33,890,2021-10-29 19:04:00,AEP
84.335,84.36,84.335,84.36,1996,2021-10-29 19:05:00,AEP
84.35,84.35,84.329,84.33,930,2021-10-29 19:06:00,AEP
84.34,84.36,84.339,84.36,4219,2021-10-29 19:07:00,AEP
84.37,84.38,84.34,84.38,2337,2021-10-29 19:08:00,AEP
84.37,84.37,84.36,84.37,819,2021-10-29 19:09:00,AEP
84.365,84.37,84.36,84.36,1996,2021-10-29 19:10:00,AEP
84.36,84.36,84.31,84.31,3600,2021-10-29 19:11:00,AEP
84.32,84.33,84.3,84.3,3072,2021-10-29 19:12:00,AEP
84.29,84.3,84.28,84.28,3119,2021-10-29 19:13:00,AEP
84.28,84.28,84.25,84.26,700,2021-10-29 19:14:00,AEP
84.27,84.27,84.2,84.2,6439,2021-10-29 19:15:00,AEP
84.22,84.23,84.19,84.195,2733,2021-10-29 19:16:00,AEP
84.16,84.165,84.14,84.15,1028,2021-10-29 19:17:00,AEP
84.16,84.18,84.16,84.16,3037,2021-10-29 19:18:00,AEP
84.16,84.17,84.1303,84.17,4871,2021-10-29 19:19:00,AEP
84.19,84.22,84.17,84.215,3872,2021-10-29 19:20:00,AEP
84.22,84.245,84.2,84.245,4588,2021-10-29 19:21:00,AEP
84.24,84.24,84.22,84.22,573,2021-10-29 19:22:00,AEP
84.21,84.21,84.18,84.18,1721,2021-10-29 19:23:00,AEP
84.16,84.17,84.145,84.17,1843,2021-10-29 19:24:00,AEP
84.16,84.18,84.16,84.18,1700,2021-10-29 19:25:00,AEP
84.17,84.18,84.16,84.175,2229,2021-10-29 19:26:00,AEP
84.195,84.2,84.18,84.19,1311,2021-10-29 19:27:00,AEP
84.195,84.2239,84.195,84.205,1183,2021-10-29 19:28:00,AEP
84.215,84.24,84.215,84.24,500,2021-10-29 19:29:00,AEP
84.24,84.25,84.2,84.2,5004,2021-10-29 19:30:00,AEP
84.2085,84.21,84.1903,84.1903,1495,2021-10-29 19:31:00,AEP
84.2,84.23,84.2,84.22,3454,2021-10-29 19:32:00,AEP
84.215,84.22,84.2,84.2,4511,2021-10-29 19:33:00,AEP
84.175,84.21,84.17,84.18,3210,2021-10-29 19:34:00,AEP
84.165,84.2,84.155,84.2,7524,2021-10-29 19:35:00,AEP
84.2,84.215,84.2,84.215,1947,2021-10-29 19:36:00,AEP
84.22,84.23,84.2,84.21,3750,2021-10-29 19:37:00,AEP
84.215,84.255,84.21,84.25,4201,2021-10-29 19:38:00,AEP
84.25,84.26,84.25,84.26,1900,2021-10-29 19:39:00,AEP
84.26,84.35,84.26,84.345,3698,2021-10-29 19:40:00,AEP
84.34,84.42,84.34,84.41,3055,2021-10-29 19:41:00,AEP
84.4,84.43,84.39,84.4,6514,2021-10-29 19:42:00,AEP
84.395,84.43,84.37,84.425,5831,2021-10-29 19:43:00,AEP
84.41,84.46,84.41,84.44,2357,2021-10-29 19:44:00,AEP
84.43,84.47,84.43,84.465,5255,2021-10-29 19:45:00,AEP
84.47,84.5,84.46,84.49,5179,2021-10-29 19:46:00,AEP
84.5,84.51,84.465,84.48,5117,2021-10-29 19:47:00,AEP
84.49,84.51,84.48,84.5,5529,2021-10-29 19:48:00,AEP
84.495,84.51,84.48,84.485,3986,2021-10-29 19:49:00,AEP
84.49,85.1,84.49,84.67,51423,2021-10-29 19:50:00,AEP
84.69,84.75,84.685,84.73,14366,2021-10-29 19:51:00,AEP
84.73,84.74,84.68,84.68,7453,2021-10-29 19:52:00,AEP
84.7,84.71,84.67,84.71,11256,2021-10-29 19:53:00,AEP
84.73,85.05,84.7,84.83,51256,2021-10-29 19:54:00,AEP
84.82,84.9,84.82,84.84,26950,2021-10-29 19:55:00,AEP
84.84,84.86,84.75,84.77,25250,2021-10-29 19:56:00,AEP
84.77,84.87,84.73,84.74,28690,2021-10-29 19:57:00,AEP
84.74,84.76,84.72,84.76,29775,2021-10-29 19:58:00,AEP
84.75,84.76,84.69,84.7,51376,2021-10-29 19:59:00,AEP
84.71,84.71,84.71,84.71,754136,2021-10-29 20:00:00,AEP
84.71,84.71,84.71,84.71,6642,2021-10-29 20:01:00,AEP
84.71,84.71,84.71,84.71,549,2021-10-29 20:02:00,AEP
84.71,84.71,84.71,84.71,19502,2021-10-29 20:03:00,AEP
84.71,84.71,84.71,84.71,62822,2021-10-29 20:04:00,AEP
84.71,84.71,84.71,84.71,131510,2021-10-29 20:48:00,AEP
