open,high,low,close,volume,datetime,symbol
3.12,3.12,3.11,3.11,300,2021-10-01 13:30:00,DRTT
3.08,3.08,3.08,3.08,200,2021-10-01 13:35:00,DRTT
3.08,3.08,3.08,3.08,100,2021-10-01 14:03:00,DRTT
3.06,3.06,3.06,3.06,100,2021-10-01 14:11:00,DRTT
3.05,3.05,3.05,3.05,100,2021-10-01 14:19:00,DRTT
3.11,3.11,3.11,3.11,200,2021-10-01 16:07:00,DRTT
3.1199,3.1199,3.08,3.09,1500,2021-10-01 16:08:00,DRTT
3.12,3.12,3.12,3.12,100,2021-10-01 16:13:00,DRTT
3.13,3.13,3.13,3.13,100,2021-10-01 16:15:00,DRTT
3.13,3.13,3.09,3.09,200,2021-10-01 16:16:00,DRTT
3.13,3.13,3.13,3.13,100,2021-10-01 16:18:00,DRTT
3.13,3.13,3.1,3.1,200,2021-10-01 16:19:00,DRTT
3.13,3.13,3.1,3.1,200,2021-10-01 16:21:00,DRTT
3.14,3.14,3.11,3.11,200,2021-10-01 16:22:00,DRTT
3.16,3.16,3.13,3.13,1280,2021-10-01 16:25:00,DRTT
3.16,3.16,3.16,3.16,100,2021-10-01 16:27:00,DRTT
3.16,3.16,3.13,3.13,200,2021-10-01 16:29:00,DRTT
3.16,3.16,3.16,3.16,100,2021-10-01 16:30:00,DRTT
3.16,3.16,3.13,3.13,200,2021-10-01 16:32:00,DRTT
3.14,3.14,3.12,3.12,266,2021-10-01 16:33:00,DRTT
3.16,3.16,3.16,3.16,200,2021-10-01 16:34:00,DRTT
3.16,3.16,3.145,3.145,200,2021-10-01 16:37:00,DRTT
3.16,3.16,3.16,3.16,100,2021-10-01 16:38:00,DRTT
3.16,3.16,3.14,3.14,200,2021-10-01 16:40:00,DRTT
3.16,3.16,3.16,3.16,100,2021-10-01 16:41:00,DRTT
3.15,3.17,3.15,3.17,417,2021-10-01 16:43:00,DRTT
3.17,3.17,3.17,3.17,100,2021-10-01 16:44:00,DRTT
3.17,3.18,3.165,3.165,300,2021-10-01 16:46:00,DRTT
3.18,3.18,3.18,3.18,100,2021-10-01 16:50:00,DRTT
3.19,3.19,3.19,3.19,100,2021-10-01 16:51:00,DRTT
3.19,3.19,3.19,3.19,100,2021-10-01 16:53:00,DRTT
3.19,3.19,3.19,3.19,100,2021-10-01 16:55:00,DRTT
3.2,3.2,3.2,3.2,100,2021-10-01 16:57:00,DRTT
3.2,3.2,3.2,3.2,100,2021-10-01 16:59:00,DRTT
3.2,3.2,3.2,3.2,100,2021-10-01 17:01:00,DRTT
3.2,3.2,3.2,3.2,100,2021-10-01 17:04:00,DRTT
3.2,3.2,3.2,3.2,100,2021-10-01 17:06:00,DRTT
3.21,3.21,3.21,3.21,100,2021-10-01 17:08:00,DRTT
3.22,3.22,3.22,3.22,100,2021-10-01 17:10:00,DRTT
3.24,3.24,3.24,3.24,100,2021-10-01 17:12:00,DRTT
3.24,3.24,3.24,3.24,100,2021-10-01 17:15:00,DRTT
3.24,3.24,3.21,3.21,300,2021-10-01 17:17:00,DRTT
3.24,3.24,3.21,3.21,200,2021-10-01 17:19:00,DRTT
3.23,3.23,3.23,3.23,100,2021-10-01 17:22:00,DRTT
3.24,3.24,3.21,3.21,200,2021-10-01 17:24:00,DRTT
3.225,3.225,3.17,3.17,2800,2021-10-01 17:27:00,DRTT
3.16,3.17,3.14,3.14,2900,2021-10-01 17:28:00,DRTT
3.15,3.17,3.13,3.13,10251,2021-10-01 17:29:00,DRTT
3.1519,3.1519,3.12,3.12,850,2021-10-01 17:30:00,DRTT
3.16,3.17,3.145,3.17,800,2021-10-01 17:33:00,DRTT
3.15,3.15,3.15,3.15,320,2021-10-01 17:50:00,DRTT
3.1612,3.1612,3.1612,3.1612,100,2021-10-01 17:59:00,DRTT
3.1699,3.1699,3.1699,3.1699,100,2021-10-01 18:03:00,DRTT
3.13,3.13,3.13,3.13,1600,2021-10-01 19:19:00,DRTT
3.11,3.11,3.11,3.11,600,2021-10-01 19:20:00,DRTT
3.11,3.11,3.11,3.11,100,2021-10-01 19:34:00,DRTT
3.1,3.1,3.1,3.1,898,2021-10-01 19:57:00,DRTT
3.09,3.0936,3.08,3.09,1571,2021-10-01 19:58:00,DRTT
3.09,3.09,3.08,3.08,600,2021-10-01 19:59:00,DRTT
3.09,3.09,3.09,3.09,209,2021-10-01 20:00:00,DRTT
3.08,3.19,3.08,3.19,236,2021-10-04 13:30:00,DRTT
3.1391,3.1391,3.1391,3.1391,300,2021-10-04 13:33:00,DRTT
3.131,3.131,3.131,3.131,100,2021-10-04 13:34:00,DRTT
3.13,3.13,3.12,3.12,400,2021-10-04 13:35:00,DRTT
3.07,3.07,3.07,3.07,100,2021-10-04 13:44:00,DRTT
3.0899,3.0899,3.04,3.0499,6400,2021-10-04 13:59:00,DRTT
3.0599,3.06,3.0499,3.0499,2672,2021-10-04 14:00:00,DRTT
3.05,3.05,3.05,3.05,400,2021-10-04 14:09:00,DRTT
3.04,3.05,3.03,3.0499,8364,2021-10-04 14:15:00,DRTT
3.0207,3.0207,3.0207,3.0207,150,2021-10-04 14:26:00,DRTT
3.0201,3.0201,3.0201,3.0201,1000,2021-10-04 14:37:00,DRTT
3.0268,3.0268,3.02,3.0208,2000,2021-10-04 14:38:00,DRTT
3.01,3.031,3.01,3.031,2000,2021-10-04 14:39:00,DRTT
3.0187,3.0187,3.0187,3.0187,1000,2021-10-04 14:40:00,DRTT
3.0184,3.0184,3.0184,3.0184,1000,2021-10-04 14:41:00,DRTT
3.0126,3.0126,3.0126,3.0126,1000,2021-10-04 14:42:00,DRTT
3.0126,3.0126,3.01,3.01,1100,2021-10-04 14:44:00,DRTT
3.0017,3.0017,3.0017,3.0017,1000,2021-10-04 14:45:00,DRTT
3.0001,3.0001,3.0001,3.0001,6000,2021-10-04 15:03:00,DRTT
3.01,3.01,3.01,3.01,300,2021-10-04 15:20:00,DRTT
3.0,3.0,3.0,3.0,100,2021-10-04 15:33:00,DRTT
3.0,3.0,3.0,3.0,100,2021-10-04 15:37:00,DRTT
2.96,2.96,2.95,2.95,300,2021-10-04 15:41:00,DRTT
2.98,2.98,2.98,2.98,100,2021-10-04 15:42:00,DRTT
2.98,2.98,2.98,2.98,100,2021-10-04 15:43:00,DRTT
2.98,2.98,2.9796,2.9796,800,2021-10-04 15:57:00,DRTT
2.9826,2.9826,2.9826,2.9826,1000,2021-10-04 16:01:00,DRTT
3.0,3.0,3.0,3.0,200,2021-10-04 16:13:00,DRTT
2.9861,2.9861,2.9861,2.9861,600,2021-10-04 16:16:00,DRTT
2.9875,2.9875,2.9875,2.9875,5873,2021-10-04 16:18:00,DRTT
3.01,3.01,3.01,3.01,921,2021-10-04 16:28:00,DRTT
3.005,3.005,3.0,3.0,600,2021-10-04 16:29:00,DRTT
2.98,2.98,2.98,2.98,100,2021-10-04 16:42:00,DRTT
2.98,2.98,2.98,2.98,100,2021-10-04 16:46:00,DRTT
2.98,2.98,2.98,2.98,100,2021-10-04 16:54:00,DRTT
2.995,3.0087,2.995,2.995,2500,2021-10-04 16:57:00,DRTT
3.0055,3.0055,2.98,2.98,771,2021-10-04 16:58:00,DRTT
2.98,2.98,2.98,2.98,100,2021-10-04 17:04:00,DRTT
2.97,2.98,2.97,2.98,235,2021-10-04 17:05:00,DRTT
2.96,2.96,2.96,2.96,100,2021-10-04 17:07:00,DRTT
2.96,2.96,2.96,2.96,650,2021-10-04 17:11:00,DRTT
2.9737,2.9737,2.9737,2.9737,200,2021-10-04 17:56:00,DRTT
2.9776,2.9776,2.9776,2.9776,100,2021-10-04 18:01:00,DRTT
2.96,2.96,2.96,2.96,100,2021-10-04 18:34:00,DRTT
2.9602,2.9602,2.9602,2.9602,100,2021-10-04 18:35:00,DRTT
2.97,2.97,2.9689,2.9689,300,2021-10-04 19:03:00,DRTT
2.97,2.97,2.97,2.97,100,2021-10-04 19:45:00,DRTT
2.99,2.99,2.99,2.99,100,2021-10-04 19:57:00,DRTT
2.97,2.97,2.97,2.97,100,2021-10-04 19:59:00,DRTT
2.97,2.97,2.97,2.97,104,2021-10-05 13:30:00,DRTT
2.985,2.985,2.985,2.985,500,2021-10-05 14:01:00,DRTT
2.9865,2.9865,2.9865,2.9865,506,2021-10-05 14:20:00,DRTT
2.98,2.98,2.97,2.97,2950,2021-10-05 14:35:00,DRTT
2.94,2.94,2.94,2.94,700,2021-10-05 14:46:00,DRTT
2.951,2.96,2.951,2.96,1000,2021-10-05 15:14:00,DRTT
2.96,2.96,2.96,2.96,300,2021-10-05 15:32:00,DRTT
2.96,2.96,2.96,2.96,100,2021-10-05 15:37:00,DRTT
2.955,2.955,2.955,2.955,175,2021-10-05 17:11:00,DRTT
2.97,2.97,2.965,2.965,1000,2021-10-05 17:16:00,DRTT
2.9764,2.9764,2.9764,2.9764,1000,2021-10-05 17:19:00,DRTT
2.98,2.98,2.98,2.98,100,2021-10-05 17:20:00,DRTT
2.97,2.97,2.97,2.97,105,2021-10-05 18:10:00,DRTT
2.97,2.97,2.95,2.96,400,2021-10-05 19:29:00,DRTT
2.95,2.951,2.92,2.92,12332,2021-10-05 19:59:00,DRTT
2.97,2.97,2.97,2.97,100,2021-10-05 20:00:00,DRTT
2.9,2.9,2.9,2.9,1032,2021-10-06 13:30:00,DRTT
2.895,2.895,2.895,2.895,107,2021-10-06 13:33:00,DRTT
2.9,2.9,2.9,2.9,112,2021-10-06 13:34:00,DRTT
2.9,2.94,2.9,2.94,2107,2021-10-06 13:35:00,DRTT
2.9573,2.9573,2.9573,2.9573,100,2021-10-06 13:47:00,DRTT
2.93,2.93,2.93,2.93,200,2021-10-06 14:01:00,DRTT
2.895,2.895,2.895,2.895,100,2021-10-06 14:11:00,DRTT
2.89,2.89,2.89,2.89,100,2021-10-06 14:18:00,DRTT
2.9,2.95,2.9,2.95,7300,2021-10-06 14:25:00,DRTT
2.94,2.98,2.94,2.98,2300,2021-10-06 14:27:00,DRTT
2.9681,2.9681,2.9681,2.9681,200,2021-10-06 14:50:00,DRTT
2.94,2.95,2.94,2.94,6200,2021-10-06 15:10:00,DRTT
2.94,2.94,2.94,2.94,800,2021-10-06 15:19:00,DRTT
2.9489,2.9489,2.9489,2.9489,750,2021-10-06 15:24:00,DRTT
2.945,2.945,2.945,2.945,200,2021-10-06 15:45:00,DRTT
2.945,2.945,2.945,2.945,100,2021-10-06 15:52:00,DRTT
2.94,2.96,2.94,2.96,3999,2021-10-06 16:09:00,DRTT
2.95,2.95,2.95,2.95,400,2021-10-06 16:11:00,DRTT
2.94,2.94,2.94,2.94,400,2021-10-06 17:17:00,DRTT
2.9,2.9,2.89,2.89,1200,2021-10-06 17:26:00,DRTT
2.9454,2.9454,2.9454,2.9454,315,2021-10-06 17:33:00,DRTT
2.96,2.96,2.96,2.96,1750,2021-10-06 18:52:00,DRTT
2.96,2.96,2.96,2.96,300,2021-10-06 18:55:00,DRTT
2.9443,2.9443,2.9443,2.9443,145,2021-10-06 19:19:00,DRTT
2.95,2.95,2.95,2.95,150,2021-10-06 19:34:00,DRTT
2.959,2.959,2.959,2.959,100,2021-10-06 19:58:00,DRTT
2.93,2.94,2.93,2.94,510,2021-10-06 19:59:00,DRTT
2.91,2.91,2.91,2.91,500,2021-10-06 21:24:00,DRTT
2.93,3.0386,2.93,2.97,2200,2021-10-07 13:30:00,DRTT
2.92,2.92,2.91,2.91,3972,2021-10-07 13:31:00,DRTT
2.918,2.918,2.918,2.918,250,2021-10-07 13:32:00,DRTT
2.945,2.945,2.945,2.945,300,2021-10-07 13:33:00,DRTT
3.0155,3.04,3.0155,3.04,800,2021-10-07 13:35:00,DRTT
3.02,3.02,3.01,3.01,200,2021-10-07 13:36:00,DRTT
3.07,3.11,3.07,3.11,2742,2021-10-07 13:38:00,DRTT
3.12,3.12,3.12,3.12,1000,2021-10-07 13:40:00,DRTT
3.15,3.15,3.15,3.15,200,2021-10-07 13:43:00,DRTT
3.15,3.15,3.15,3.15,100,2021-10-07 13:44:00,DRTT
3.13,3.13,3.13,3.13,13600,2021-10-07 13:45:00,DRTT
3.135,3.135,3.135,3.135,200,2021-10-07 13:50:00,DRTT
3.135,3.135,3.135,3.135,200,2021-10-07 13:56:00,DRTT
3.12,3.12,3.12,3.12,998,2021-10-07 13:58:00,DRTT
3.12,3.12,3.12,3.12,1000,2021-10-07 14:01:00,DRTT
3.13,3.13,3.13,3.13,100,2021-10-07 14:13:00,DRTT
3.14,3.15,3.14,3.15,2300,2021-10-07 14:16:00,DRTT
3.16,3.16,3.15,3.15,300,2021-10-07 14:21:00,DRTT
3.19,3.19,3.19,3.19,100,2021-10-07 14:22:00,DRTT
3.2,3.2,3.2,3.2,3088,2021-10-07 14:25:00,DRTT
3.21,3.21,3.21,3.21,100,2021-10-07 14:32:00,DRTT
3.19,3.195,3.19,3.19,5039,2021-10-07 14:34:00,DRTT
3.171,3.171,3.171,3.171,100,2021-10-07 14:37:00,DRTT
3.17,3.1704,3.17,3.17,900,2021-10-07 14:38:00,DRTT
3.16,3.16,3.16,3.16,100,2021-10-07 14:47:00,DRTT
3.16,3.18,3.16,3.18,500,2021-10-07 14:48:00,DRTT
3.165,3.165,3.165,3.165,100,2021-10-07 15:02:00,DRTT
3.17,3.17,3.17,3.17,150,2021-10-07 15:05:00,DRTT
3.2,3.2,3.2,3.2,100,2021-10-07 15:16:00,DRTT
3.21,3.21,3.21,3.21,300,2021-10-07 15:18:00,DRTT
3.21,3.21,3.205,3.205,400,2021-10-07 15:19:00,DRTT
3.21,3.21,3.205,3.21,1300,2021-10-07 15:20:00,DRTT
3.21,3.21,3.205,3.21,500,2021-10-07 15:21:00,DRTT
3.21,3.21,3.21,3.21,500,2021-10-07 15:22:00,DRTT
3.21,3.21,3.205,3.21,400,2021-10-07 15:23:00,DRTT
3.202,3.202,3.202,3.202,500,2021-10-07 15:25:00,DRTT
3.18,3.18,3.18,3.18,100,2021-10-07 15:52:00,DRTT
3.14,3.1452,3.14,3.14,600,2021-10-07 16:14:00,DRTT
3.13,3.13,3.13,3.13,100,2021-10-07 16:52:00,DRTT
3.12,3.12,3.11,3.11,2900,2021-10-07 17:19:00,DRTT
3.12,3.14,3.12,3.14,200,2021-10-07 17:21:00,DRTT
3.14,3.15,3.14,3.15,405,2021-10-07 17:26:00,DRTT
3.18,3.18,3.18,3.18,100,2021-10-07 17:28:00,DRTT
3.19,3.19,3.19,3.19,100,2021-10-07 17:29:00,DRTT
3.19,3.19,3.19,3.19,100,2021-10-07 17:44:00,DRTT
3.18,3.18,3.18,3.18,100,2021-10-07 17:52:00,DRTT
3.18,3.18,3.17,3.17,300,2021-10-07 18:24:00,DRTT
3.1718,3.1718,3.17,3.17,2825,2021-10-07 18:41:00,DRTT
3.18,3.2,3.17,3.2,2169,2021-10-07 18:46:00,DRTT
3.2,3.2,3.2,3.2,200,2021-10-07 19:16:00,DRTT
3.1926,3.1926,3.1926,3.1926,100,2021-10-07 19:17:00,DRTT
3.19,3.19,3.18,3.18,880,2021-10-07 19:18:00,DRTT
3.19,3.19,3.18,3.18,200,2021-10-07 19:19:00,DRTT
3.195,3.195,3.195,3.195,100,2021-10-07 19:27:00,DRTT
3.195,3.195,3.195,3.195,100,2021-10-07 19:28:00,DRTT
3.2,3.2,3.2,3.2,100,2021-10-07 19:31:00,DRTT
3.2,3.2,3.2,3.2,800,2021-10-07 19:34:00,DRTT
3.2,3.2,3.2,3.2,573,2021-10-07 19:35:00,DRTT
3.21,3.211,3.21,3.21,1000,2021-10-07 19:36:00,DRTT
3.2,3.2,3.2,3.2,100,2021-10-07 19:40:00,DRTT
3.19,3.19,3.19,3.19,4252,2021-10-07 19:41:00,DRTT
3.1978,3.1978,3.1978,3.1978,100,2021-10-07 19:48:00,DRTT
3.19,3.19,3.18,3.18,3415,2021-10-07 19:49:00,DRTT
3.2,3.2,3.2,3.2,100,2021-10-07 19:52:00,DRTT
3.2,3.2,3.2,3.2,100,2021-10-07 19:55:00,DRTT
3.195,3.195,3.19,3.19,500,2021-10-07 19:59:00,DRTT
3.17,3.17,3.17,3.17,108,2021-10-08 13:30:00,DRTT
3.279,3.279,3.279,3.279,100,2021-10-08 13:40:00,DRTT
3.23,3.23,3.23,3.23,100,2021-10-08 13:41:00,DRTT
3.25,3.25,3.25,3.25,100,2021-10-08 13:49:00,DRTT
3.2299,3.2299,3.2,3.2,316,2021-10-08 16:18:00,DRTT
3.195,3.195,3.18,3.18,200,2021-10-08 16:19:00,DRTT
3.17,3.17,3.17,3.17,100,2021-10-08 16:29:00,DRTT
3.2,3.2,3.17,3.17,200,2021-10-08 16:33:00,DRTT
3.2,3.2,3.2,3.2,100,2021-10-08 17:18:00,DRTT
3.1945,3.1945,3.17,3.17,250,2021-10-08 17:23:00,DRTT
3.175,3.175,3.175,3.175,100,2021-10-08 17:37:00,DRTT
3.175,3.175,3.17,3.17,200,2021-10-08 17:52:00,DRTT
3.17,3.17,3.17,3.17,100,2021-10-08 19:05:00,DRTT
3.18,3.18,3.15,3.15,200,2021-10-08 19:26:00,DRTT
3.18,3.18,3.18,3.18,100,2021-10-08 19:38:00,DRTT
3.18,3.18,3.15,3.15,200,2021-10-08 19:44:00,DRTT
3.17,3.17,3.17,3.17,100,2021-10-08 19:48:00,DRTT
3.17,3.17,3.17,3.17,100,2021-10-08 19:50:00,DRTT
3.18,3.18,3.14,3.14,200,2021-10-08 19:52:00,DRTT
3.17,3.17,3.17,3.17,100,2021-10-08 19:53:00,DRTT
3.17,3.17,3.14,3.14,200,2021-10-08 19:55:00,DRTT
3.18,3.18,3.18,3.18,100,2021-10-08 19:59:00,DRTT
3.15,3.15,3.15,3.15,187,2021-10-11 13:30:00,DRTT
3.15,3.15,3.11,3.11,1449,2021-10-11 14:05:00,DRTT
3.13,3.13,3.13,3.13,318,2021-10-11 14:19:00,DRTT
3.1,3.1001,3.1,3.1001,2260,2021-10-11 15:28:00,DRTT
3.09,3.09,3.0852,3.0852,1000,2021-10-11 15:49:00,DRTT
3.063,3.063,3.063,3.063,500,2021-10-11 15:51:00,DRTT
3.06,3.0601,3.06,3.0601,200,2021-10-11 16:01:00,DRTT
3.09,3.09,3.06,3.06,1100,2021-10-11 16:03:00,DRTT
3.07,3.07,3.07,3.07,269,2021-10-11 16:07:00,DRTT
3.08,3.08,3.08,3.08,100,2021-10-11 16:16:00,DRTT
3.07,3.07,3.07,3.07,100,2021-10-11 16:17:00,DRTT
3.08,3.08,3.08,3.08,500,2021-10-11 16:18:00,DRTT
3.07,3.07,3.07,3.07,100,2021-10-11 16:27:00,DRTT
3.07,3.07,3.07,3.07,400,2021-10-11 16:29:00,DRTT
3.07,3.09,3.07,3.09,3201,2021-10-11 16:31:00,DRTT
3.09,3.1,3.09,3.1,2300,2021-10-11 16:33:00,DRTT
3.1,3.1,3.1,3.1,100,2021-10-11 16:43:00,DRTT
3.1,3.1,3.1,3.1,200,2021-10-11 16:45:00,DRTT
3.1,3.1,3.1,3.1,100,2021-10-11 16:47:00,DRTT
3.1,3.1,3.1,3.1,200,2021-10-11 16:48:00,DRTT
3.1,3.1,3.1,3.1,100,2021-10-11 16:50:00,DRTT
3.1,3.1,3.1,3.1,100,2021-10-11 16:52:00,DRTT
3.1,3.1,3.1,3.1,300,2021-10-11 16:53:00,DRTT
3.1,3.1,3.1,3.1,100,2021-10-11 16:55:00,DRTT
3.1,3.1,3.1,3.1,100,2021-10-11 16:57:00,DRTT
3.1,3.1,3.1,3.1,200,2021-10-11 16:58:00,DRTT
3.1,3.1,3.1,3.1,100,2021-10-11 17:00:00,DRTT
3.1,3.1,3.1,3.1,200,2021-10-11 17:02:00,DRTT
3.1,3.1,3.1,3.1,100,2021-10-11 17:04:00,DRTT
3.1,3.1,3.1,3.1,200,2021-10-11 17:05:00,DRTT
3.1,3.1,3.1,3.1,100,2021-10-11 17:07:00,DRTT
3.1,3.1,3.1,3.1,200,2021-10-11 17:09:00,DRTT
3.1,3.1,3.1,3.1,100,2021-10-11 17:11:00,DRTT
3.1,3.1,3.1,3.1,200,2021-10-11 17:12:00,DRTT
3.1,3.1,3.1,3.1,100,2021-10-11 17:14:00,DRTT
3.1,3.1,3.1,3.1,200,2021-10-11 17:16:00,DRTT
3.1,3.1,3.1,3.1,100,2021-10-11 17:17:00,DRTT
3.1,3.1,3.1,3.1,200,2021-10-11 17:19:00,DRTT
3.1,3.1,3.1,3.1,100,2021-10-11 17:21:00,DRTT
3.1,3.1,3.1,3.1,200,2021-10-11 17:23:00,DRTT
3.1,3.1,3.1,3.1,100,2021-10-11 17:24:00,DRTT
3.1,3.1,3.1,3.1,100,2021-10-11 17:26:00,DRTT
3.1,3.1,3.1,3.1,200,2021-10-11 17:28:00,DRTT
3.1,3.1,3.1,3.1,100,2021-10-11 17:30:00,DRTT
3.1,3.1,3.1,3.1,200,2021-10-11 17:31:00,DRTT
3.1,3.1,3.1,3.1,100,2021-10-11 17:33:00,DRTT
3.1,3.1,3.1,3.1,200,2021-10-11 17:35:00,DRTT
3.1,3.1,3.1,3.1,100,2021-10-11 17:36:00,DRTT
3.1,3.1,3.1,3.1,200,2021-10-11 17:38:00,DRTT
3.1,3.1,3.1,3.1,100,2021-10-11 17:40:00,DRTT
3.1,3.1,3.1,3.1,200,2021-10-11 17:42:00,DRTT
3.1,3.1,3.1,3.1,100,2021-10-11 17:43:00,DRTT
3.1,3.1043,3.1,3.1,700,2021-10-11 17:45:00,DRTT
3.1,3.1,3.1,3.1,200,2021-10-11 17:47:00,DRTT
3.1,3.1,3.1,3.1,100,2021-10-11 17:48:00,DRTT
3.1,3.1,3.1,3.1,200,2021-10-11 17:50:00,DRTT
3.1,3.1,3.1,3.1,100,2021-10-11 17:52:00,DRTT
3.1,3.1,3.1,3.1,200,2021-10-11 17:53:00,DRTT
3.1,3.1,3.1,3.1,100,2021-10-11 17:55:00,DRTT
3.1,3.1,3.1,3.1,200,2021-10-11 17:57:00,DRTT
3.1,3.1,3.1,3.1,100,2021-10-11 17:59:00,DRTT
3.1,3.1,3.1,3.1,200,2021-10-11 18:00:00,DRTT
3.1,3.1,3.1,3.1,100,2021-10-11 18:02:00,DRTT
3.1,3.1,3.1,3.1,200,2021-10-11 18:03:00,DRTT
3.1,3.1,3.1,3.1,100,2021-10-11 18:05:00,DRTT
3.1,3.1,3.1,3.1,100,2021-10-11 18:07:00,DRTT
3.11,3.11,3.11,3.11,100,2021-10-11 18:08:00,DRTT
3.1,3.1,3.1,3.1,100,2021-10-11 18:10:00,DRTT
3.1,3.1,3.1,3.1,100,2021-10-11 18:12:00,DRTT
3.1,3.1,3.1,3.1,100,2021-10-11 18:13:00,DRTT
3.1,3.1,3.1,3.1,100,2021-10-11 18:15:00,DRTT
3.1,3.1,3.1,3.1,100,2021-10-11 18:17:00,DRTT
3.1,3.1,3.1,3.1,100,2021-10-11 18:19:00,DRTT
3.08,3.08,3.08,3.08,100,2021-10-11 18:22:00,DRTT
3.07,3.07,3.07,3.07,100,2021-10-11 18:23:00,DRTT
3.07,3.07,3.07,3.07,100,2021-10-11 18:25:00,DRTT
3.1,3.1,3.1,3.1,100,2021-10-11 18:27:00,DRTT
3.1,3.1,3.1,3.1,100,2021-10-11 18:28:00,DRTT
3.07,3.07,3.07,3.07,100,2021-10-11 18:30:00,DRTT
3.07,3.07,3.07,3.07,100,2021-10-11 18:32:00,DRTT
3.07,3.07,3.07,3.07,100,2021-10-11 18:33:00,DRTT
3.07,3.07,3.07,3.07,100,2021-10-11 18:35:00,DRTT
3.07,3.07,3.07,3.07,100,2021-10-11 18:38:00,DRTT
3.07,3.07,3.07,3.07,100,2021-10-11 18:40:00,DRTT
3.07,3.07,3.07,3.07,100,2021-10-11 18:42:00,DRTT
3.07,3.07,3.07,3.07,100,2021-10-11 18:43:00,DRTT
3.07,3.07,3.07,3.07,100,2021-10-11 18:45:00,DRTT
3.07,3.07,3.07,3.07,100,2021-10-11 18:47:00,DRTT
3.07,3.07,3.07,3.07,100,2021-10-11 18:48:00,DRTT
3.07,3.07,3.07,3.07,100,2021-10-11 18:50:00,DRTT
3.07,3.07,3.07,3.07,100,2021-10-11 18:51:00,DRTT
3.07,3.07,3.07,3.07,100,2021-10-11 18:53:00,DRTT
3.07,3.07,3.07,3.07,100,2021-10-11 18:55:00,DRTT
3.07,3.07,3.07,3.07,100,2021-10-11 18:56:00,DRTT
3.07,3.07,3.07,3.07,100,2021-10-11 18:58:00,DRTT
3.07,3.07,3.07,3.07,100,2021-10-11 18:59:00,DRTT
3.07,3.07,3.07,3.07,100,2021-10-11 19:01:00,DRTT
3.07,3.07,3.07,3.07,100,2021-10-11 19:02:00,DRTT
3.07,3.07,3.07,3.07,100,2021-10-11 19:04:00,DRTT
3.09,3.09,3.09,3.09,100,2021-10-11 19:05:00,DRTT
3.09,3.09,3.09,3.09,100,2021-10-11 19:07:00,DRTT
3.09,3.09,3.09,3.09,100,2021-10-11 19:08:00,DRTT
3.09,3.09,3.09,3.09,100,2021-10-11 19:10:00,DRTT
3.09,3.09,3.09,3.09,100,2021-10-11 19:11:00,DRTT
3.09,3.09,3.09,3.09,100,2021-10-11 19:13:00,DRTT
3.09,3.09,3.09,3.09,100,2021-10-11 19:14:00,DRTT
3.09,3.13,3.09,3.13,7381,2021-10-11 19:16:00,DRTT
3.13,3.13,3.13,3.13,200,2021-10-11 19:26:00,DRTT
3.13,3.13,3.13,3.13,100,2021-10-11 19:27:00,DRTT
3.1399,3.1399,3.13,3.13,4400,2021-10-11 19:28:00,DRTT
3.13,3.13,3.13,3.13,200,2021-10-11 19:29:00,DRTT
3.13,3.13,3.13,3.13,100,2021-10-11 19:30:00,DRTT
3.13,3.13,3.13,3.13,100,2021-10-11 19:31:00,DRTT
3.13,3.13,3.13,3.13,200,2021-10-11 19:32:00,DRTT
3.13,3.13,3.13,3.13,100,2021-10-11 19:34:00,DRTT
3.13,3.13,3.13,3.13,200,2021-10-11 19:35:00,DRTT
3.13,3.13,3.13,3.13,100,2021-10-11 19:36:00,DRTT
3.13,3.13,3.13,3.13,200,2021-10-11 19:37:00,DRTT
3.13,3.13,3.13,3.13,100,2021-10-11 19:38:00,DRTT
3.13,3.13,3.13,3.13,200,2021-10-11 19:39:00,DRTT
3.13,3.13,3.13,3.13,100,2021-10-11 19:40:00,DRTT
3.13,3.1302,3.13,3.13,7964,2021-10-11 19:41:00,DRTT
3.13,3.13,3.13,3.13,200,2021-10-11 19:42:00,DRTT
3.13,3.13,3.13,3.13,100,2021-10-11 19:43:00,DRTT
3.13,3.13,3.13,3.13,200,2021-10-11 19:44:00,DRTT
3.13,3.13,3.13,3.13,100,2021-10-11 19:45:00,DRTT
3.13,3.13,3.13,3.13,200,2021-10-11 19:46:00,DRTT
3.13,3.13,3.13,3.13,200,2021-10-11 19:48:00,DRTT
3.13,3.13,3.13,3.13,100,2021-10-11 19:49:00,DRTT
3.11,3.11,3.11,3.11,100,2021-10-11 19:51:00,DRTT
3.08,3.08,3.08,3.08,200,2021-10-11 19:53:00,DRTT
3.08,3.08,3.08,3.08,100,2021-10-11 19:54:00,DRTT
3.08,3.08,3.08,3.08,300,2021-10-11 19:55:00,DRTT
3.08,3.08,3.08,3.08,500,2021-10-11 19:56:00,DRTT
3.08,3.08,3.07,3.07,600,2021-10-11 19:57:00,DRTT
3.06,3.06,3.06,3.06,600,2021-10-11 19:58:00,DRTT
3.06,3.06,3.06,3.06,1270,2021-10-11 19:59:00,DRTT
3.1,3.1,3.1,3.1,100,2021-10-11 20:00:00,DRTT
3.02,3.02,3.02,3.02,100,2021-10-12 13:30:00,DRTT
3.05,3.05,3.05,3.05,900,2021-10-12 13:32:00,DRTT
3.14,3.14,3.13,3.13,498,2021-10-12 13:40:00,DRTT
3.19,3.19,3.18,3.18,4100,2021-10-12 13:41:00,DRTT
3.21,3.21,3.19,3.19,200,2021-10-12 13:43:00,DRTT
3.21,3.23,3.18,3.19,4200,2021-10-12 13:44:00,DRTT
3.2001,3.24,3.2,3.21,500,2021-10-12 13:47:00,DRTT
3.23,3.24,3.21,3.24,700,2021-10-12 13:48:00,DRTT
3.2299,3.2299,3.2,3.2,900,2021-10-12 14:19:00,DRTT
3.2101,3.2101,3.21,3.21,1300,2021-10-12 14:20:00,DRTT
3.23,3.23,3.23,3.23,100,2021-10-12 14:23:00,DRTT
3.23,3.23,3.23,3.23,100,2021-10-12 14:27:00,DRTT
3.2299,3.2299,3.21,3.21,1300,2021-10-12 14:29:00,DRTT
3.23,3.23,3.23,3.23,100,2021-10-12 14:30:00,DRTT
3.23,3.23,3.23,3.23,100,2021-10-12 14:37:00,DRTT
3.23,3.23,3.23,3.23,100,2021-10-12 14:40:00,DRTT
3.23,3.23,3.2299,3.2299,800,2021-10-12 14:42:00,DRTT
3.24,3.2697,3.21,3.23,8827,2021-10-12 14:43:00,DRTT
3.27,3.27,3.26,3.26,800,2021-10-12 14:45:00,DRTT
3.28,3.29,3.28,3.29,400,2021-10-12 14:50:00,DRTT
3.28,3.28,3.2,3.2,13307,2021-10-12 14:55:00,DRTT
3.21,3.21,3.21,3.21,200,2021-10-12 14:56:00,DRTT
3.2035,3.2035,3.2,3.2,300,2021-10-12 15:01:00,DRTT
3.18,3.18,3.18,3.18,100,2021-10-12 15:05:00,DRTT
3.21,3.21,3.19,3.19,300,2021-10-12 15:09:00,DRTT
3.205,3.205,3.205,3.205,100,2021-10-12 15:12:00,DRTT
3.202,3.202,3.202,3.202,100,2021-10-12 15:15:00,DRTT
3.2101,3.2101,3.2101,3.2101,156,2021-10-12 15:17:00,DRTT
3.2,3.2,3.2,3.2,300,2021-10-12 15:23:00,DRTT
3.22,3.22,3.22,3.22,300,2021-10-12 15:26:00,DRTT
3.2,3.2,3.2,3.2,200,2021-10-12 15:31:00,DRTT
3.2145,3.2145,3.2145,3.2145,500,2021-10-12 15:34:00,DRTT
3.1835,3.1835,3.18,3.18,300,2021-10-12 15:40:00,DRTT
3.1835,3.1835,3.17,3.17,300,2021-10-12 15:49:00,DRTT
3.16,3.16,3.16,3.16,300,2021-10-12 15:57:00,DRTT
3.161,3.161,3.13,3.13,5600,2021-10-12 16:04:00,DRTT
3.13,3.14,3.13,3.13,300,2021-10-12 16:06:00,DRTT
3.13,3.14,3.13,3.13,300,2021-10-12 16:15:00,DRTT
3.12,3.13,3.12,3.13,300,2021-10-12 16:23:00,DRTT
3.14,3.14,3.14,3.14,100,2021-10-12 16:27:00,DRTT
3.1335,3.1335,3.13,3.13,200,2021-10-12 16:32:00,DRTT
3.15,3.15,3.15,3.15,300,2021-10-12 16:40:00,DRTT
3.13,3.1335,3.13,3.1335,200,2021-10-12 16:41:00,DRTT
3.1477,3.1477,3.1477,3.1477,350,2021-10-12 16:42:00,DRTT
3.1335,3.1335,3.13,3.13,200,2021-10-12 16:50:00,DRTT
3.1499,3.1499,3.1499,3.1499,5000,2021-10-12 16:56:00,DRTT
3.14,3.14,3.14,3.14,200,2021-10-12 16:57:00,DRTT
3.131,3.131,3.12,3.12,2600,2021-10-12 16:58:00,DRTT
3.12,3.12,3.12,3.12,100,2021-10-12 17:04:00,DRTT
3.12,3.12,3.12,3.12,400,2021-10-12 17:05:00,DRTT
3.12,3.12,3.12,3.12,200,2021-10-12 17:07:00,DRTT
3.14,3.14,3.14,3.14,100,2021-10-12 17:10:00,DRTT
3.14,3.14,3.14,3.14,100,2021-10-12 17:13:00,DRTT
3.13,3.13,3.13,3.13,200,2021-10-12 17:16:00,DRTT
3.14,3.14,3.14,3.14,400,2021-10-12 17:22:00,DRTT
3.13,3.13,3.13,3.13,200,2021-10-12 17:25:00,DRTT
3.1335,3.1335,3.13,3.13,200,2021-10-12 17:33:00,DRTT
3.13,3.13,3.13,3.13,200,2021-10-12 17:42:00,DRTT
3.14,3.14,3.1399,3.1399,700,2021-10-12 17:48:00,DRTT
3.1399,3.1399,3.13,3.13,1400,2021-10-12 17:49:00,DRTT
3.13,3.13,3.13,3.13,300,2021-10-12 17:51:00,DRTT
3.14,3.14,3.13,3.13,300,2021-10-12 17:59:00,DRTT
3.14,3.14,3.14,3.14,100,2021-10-12 18:01:00,DRTT
3.14,3.14,3.14,3.14,100,2021-10-12 18:04:00,DRTT
3.14,3.14,3.14,3.14,100,2021-10-12 18:07:00,DRTT
3.12,3.12,3.12,3.12,200,2021-10-12 18:08:00,DRTT
3.14,3.14,3.14,3.14,100,2021-10-12 18:16:00,DRTT
3.12,3.12,3.12,3.12,200,2021-10-12 18:17:00,DRTT
3.14,3.14,3.14,3.14,100,2021-10-12 18:19:00,DRTT
3.14,3.14,3.14,3.14,100,2021-10-12 18:22:00,DRTT
3.13,3.13,3.13,3.13,200,2021-10-12 18:26:00,DRTT
3.14,3.14,3.14,3.14,300,2021-10-12 18:28:00,DRTT
3.12,3.12,3.12,3.12,183,2021-10-12 18:34:00,DRTT
3.12,3.12,3.12,3.12,200,2021-10-12 18:43:00,DRTT
3.13,3.13,3.13,3.13,100,2021-10-12 18:46:00,DRTT
3.125,3.15,3.122,3.122,1600,2021-10-12 18:52:00,DRTT
3.16,3.16,3.16,3.16,500,2021-10-12 18:54:00,DRTT
3.16,3.16,3.16,3.16,300,2021-10-12 18:55:00,DRTT
3.16,3.16,3.16,3.16,200,2021-10-12 18:56:00,DRTT
3.16,3.16,3.16,3.16,100,2021-10-12 18:57:00,DRTT
3.16,3.16,3.16,3.16,100,2021-10-12 19:00:00,DRTT
3.16,3.16,3.1599,3.1599,800,2021-10-12 19:02:00,DRTT
3.17,3.17,3.17,3.17,100,2021-10-12 19:08:00,DRTT
3.17,3.175,3.17,3.175,200,2021-10-12 19:18:00,DRTT
3.175,3.175,3.175,3.175,200,2021-10-12 19:22:00,DRTT
3.1716,3.1716,3.17,3.17,200,2021-10-12 19:27:00,DRTT
3.175,3.175,3.175,3.175,200,2021-10-12 19:28:00,DRTT
3.18,3.18,3.18,3.18,100,2021-10-12 19:30:00,DRTT
3.18,3.18,3.18,3.18,200,2021-10-12 19:32:00,DRTT
3.18,3.18,3.18,3.18,100,2021-10-12 19:34:00,DRTT
3.18,3.18,3.18,3.18,100,2021-10-12 19:35:00,DRTT
3.18,3.18,3.18,3.18,300,2021-10-12 19:39:00,DRTT
3.19,3.19,3.19,3.19,100,2021-10-12 19:44:00,DRTT
3.185,3.19,3.185,3.185,2100,2021-10-12 19:45:00,DRTT
3.18,3.18,3.18,3.18,200,2021-10-12 19:50:00,DRTT
3.18,3.18,3.18,3.18,100,2021-10-12 19:51:00,DRTT
3.19,3.19,3.18,3.18,844,2021-10-12 19:55:00,DRTT
3.19,3.19,3.19,3.19,100,2021-10-12 19:56:00,DRTT
3.19,3.19,3.19,3.19,206,2021-10-12 19:57:00,DRTT
3.19,3.19,3.19,3.19,100,2021-10-12 19:59:00,DRTT
3.19,3.19,3.19,3.19,175,2021-10-13 13:30:00,DRTT
3.16,3.16,3.16,3.16,100,2021-10-13 13:52:00,DRTT
3.1577,3.1577,3.12,3.12,2694,2021-10-13 14:44:00,DRTT
3.15,3.15,3.13,3.13,2600,2021-10-13 15:36:00,DRTT
3.12,3.12,3.11,3.11,200,2021-10-13 16:25:00,DRTT
3.13,3.13,3.13,3.13,100,2021-10-13 18:30:00,DRTT
3.1395,3.1395,3.1395,3.1395,100,2021-10-13 18:59:00,DRTT
3.13,3.13,3.13,3.13,100,2021-10-13 19:00:00,DRTT
3.12,3.12,3.12,3.12,241,2021-10-13 19:24:00,DRTT
3.12,3.1217,3.11,3.11,3000,2021-10-13 19:52:00,DRTT
3.11,3.12,3.11,3.11,600,2021-10-13 19:56:00,DRTT
3.11,3.11,3.11,3.11,100,2021-10-13 19:58:00,DRTT
3.07,3.2,3.07,3.2,993,2021-10-14 13:30:00,DRTT
3.115,3.115,3.115,3.115,100,2021-10-14 13:36:00,DRTT
3.18,3.18,3.18,3.18,200,2021-10-14 14:07:00,DRTT
3.19,3.19,3.18,3.18,200,2021-10-14 14:09:00,DRTT
3.1999,3.1999,3.18,3.18,740,2021-10-14 14:15:00,DRTT
3.18,3.18,3.18,3.18,400,2021-10-14 14:23:00,DRTT
3.16,3.16,3.16,3.16,500,2021-10-14 15:16:00,DRTT
3.14,3.14,3.14,3.14,100,2021-10-14 15:54:00,DRTT
3.14,3.145,3.11,3.11,3800,2021-10-14 16:04:00,DRTT
3.14,3.15,3.12,3.12,1100,2021-10-14 16:10:00,DRTT
3.06,3.06,3.06,3.06,200,2021-10-14 17:13:00,DRTT
3.06,3.06,3.06,3.06,800,2021-10-14 17:16:00,DRTT
3.0833,3.0833,3.0833,3.0833,100,2021-10-14 17:17:00,DRTT
3.11,3.11,3.11,3.11,100,2021-10-14 18:35:00,DRTT
3.13,3.13,3.13,3.13,242,2021-10-15 13:30:00,DRTT
3.2272,3.2272,3.2272,3.2272,300,2021-10-15 13:50:00,DRTT
3.19,3.21,3.18,3.18,1300,2021-10-15 13:54:00,DRTT
3.17,3.17,3.16,3.16,600,2021-10-15 13:55:00,DRTT
3.21,3.21,3.19,3.19,200,2021-10-15 14:07:00,DRTT
3.17,3.17,3.13,3.13,400,2021-10-15 14:28:00,DRTT
3.13,3.13,3.1,3.1,700,2021-10-15 14:44:00,DRTT
3.1002,3.1002,3.1002,3.1002,5599,2021-10-15 14:45:00,DRTT
3.11,3.12,3.1,3.12,8700,2021-10-15 14:52:00,DRTT
3.1,3.1,3.1,3.1,200,2021-10-15 16:04:00,DRTT
3.1,3.1,3.1,3.1,100,2021-10-15 16:05:00,DRTT
3.1,3.1,3.1,3.1,100,2021-10-15 16:07:00,DRTT
3.1,3.1,3.1,3.1,100,2021-10-15 16:08:00,DRTT
3.1,3.1,3.1,3.1,300,2021-10-15 16:11:00,DRTT
3.1,3.1,3.1,3.1,100,2021-10-15 16:13:00,DRTT
3.1,3.12,3.1,3.12,200,2021-10-15 16:21:00,DRTT
3.14,3.14,3.14,3.14,189,2021-10-15 16:22:00,DRTT
3.16,3.16,3.16,3.16,100,2021-10-15 16:23:00,DRTT
3.16,3.16,3.16,3.16,100,2021-10-15 16:27:00,DRTT
3.17,3.17,3.17,3.17,100,2021-10-15 16:28:00,DRTT
3.17,3.17,3.17,3.17,200,2021-10-15 16:30:00,DRTT
3.1947,3.1947,3.1947,3.1947,500,2021-10-15 16:32:00,DRTT
3.21,3.21,3.21,3.21,100,2021-10-15 16:33:00,DRTT
3.21,3.21,3.21,3.21,100,2021-10-15 16:35:00,DRTT
3.22,3.22,3.22,3.22,300,2021-10-15 16:36:00,DRTT
3.24,3.24,3.24,3.24,100,2021-10-15 16:37:00,DRTT
3.24,3.24,3.24,3.24,100,2021-10-15 16:39:00,DRTT
3.28,3.28,3.2697,3.2697,200,2021-10-15 16:43:00,DRTT
3.28,3.28,3.28,3.28,100,2021-10-15 16:45:00,DRTT
3.28,3.28,3.28,3.28,100,2021-10-15 16:47:00,DRTT
3.28,3.28,3.28,3.28,100,2021-10-15 16:49:00,DRTT
3.29,3.29,3.29,3.29,100,2021-10-15 16:52:00,DRTT
3.29,3.29,3.29,3.29,100,2021-10-15 16:54:00,DRTT
3.29,3.29,3.29,3.29,100,2021-10-15 16:56:00,DRTT
3.29,3.29,3.29,3.29,100,2021-10-15 16:59:00,DRTT
3.3,3.3,3.3,3.3,100,2021-10-15 17:01:00,DRTT
3.34,3.34,3.34,3.34,100,2021-10-15 17:03:00,DRTT
3.31,3.31,3.31,3.31,100,2021-10-15 17:06:00,DRTT
3.31,3.31,3.31,3.31,100,2021-10-15 17:07:00,DRTT
3.31,3.31,3.31,3.31,506,2021-10-15 17:11:00,DRTT
3.33,3.33,3.33,3.33,100,2021-10-15 17:13:00,DRTT
3.33,3.33,3.29,3.29,200,2021-10-15 17:16:00,DRTT
3.29,3.29,3.27,3.27,600,2021-10-15 17:18:00,DRTT
3.2821,3.2821,3.24,3.24,1100,2021-10-15 17:23:00,DRTT
3.276,3.276,3.276,3.276,500,2021-10-15 17:25:00,DRTT
3.26,3.26,3.26,3.26,200,2021-10-15 17:29:00,DRTT
3.2658,3.2658,3.2658,3.2658,500,2021-10-15 17:31:00,DRTT
3.26,3.28,3.26,3.28,500,2021-10-15 17:33:00,DRTT
3.29,3.29,3.29,3.29,200,2021-10-15 17:35:00,DRTT
3.3,3.3,3.3,3.3,100,2021-10-15 17:36:00,DRTT
3.3,3.3,3.29,3.29,2100,2021-10-15 17:37:00,DRTT
3.2818,3.2818,3.28,3.28,600,2021-10-15 17:39:00,DRTT
3.2746,3.2746,3.2746,3.2746,500,2021-10-15 17:40:00,DRTT
3.28,3.28,3.28,3.28,100,2021-10-15 17:42:00,DRTT
3.28,3.28,3.28,3.28,100,2021-10-15 17:46:00,DRTT
3.28,3.28,3.28,3.28,100,2021-10-15 17:49:00,DRTT
3.28,3.28,3.28,3.28,100,2021-10-15 17:52:00,DRTT
3.275,3.28,3.275,3.28,300,2021-10-15 17:55:00,DRTT
3.28,3.28,3.28,3.28,100,2021-10-15 17:58:00,DRTT
3.2786,3.2786,3.2786,3.2786,500,2021-10-15 18:00:00,DRTT
3.28,3.28,3.28,3.28,100,2021-10-15 18:02:00,DRTT
3.28,3.28,3.28,3.28,100,2021-10-15 18:05:00,DRTT
3.2691,3.2746,3.2691,3.2746,2000,2021-10-15 18:09:00,DRTT
3.28,3.28,3.2747,3.2747,3000,2021-10-15 18:10:00,DRTT
3.26,3.2655,3.26,3.2655,1300,2021-10-15 18:11:00,DRTT
3.2572,3.2572,3.2572,3.2572,239,2021-10-15 19:15:00,DRTT
3.24,3.24,3.22,3.22,500,2021-10-15 19:35:00,DRTT
3.21,3.21,3.21,3.21,100,2021-10-15 19:45:00,DRTT
3.22,3.22,3.22,3.22,100,2021-10-15 19:59:00,DRTT
3.22,3.22,3.22,3.22,100,2021-10-18 13:30:00,DRTT
3.1601,3.1601,3.1601,3.1601,522,2021-10-18 13:56:00,DRTT
3.16,3.1605,3.16,3.1605,200,2021-10-18 13:57:00,DRTT
3.14,3.1405,3.14,3.1405,200,2021-10-18 14:22:00,DRTT
3.1301,3.1301,3.1301,3.1301,358,2021-10-18 14:23:00,DRTT
3.1599,3.1599,3.1599,3.1599,100,2021-10-18 14:40:00,DRTT
3.14,3.14,3.14,3.14,200,2021-10-18 14:51:00,DRTT
3.14,3.1412,3.12,3.12,3210,2021-10-18 15:06:00,DRTT
3.121,3.121,3.11,3.11,3000,2021-10-18 15:15:00,DRTT
3.1399,3.1399,3.1399,3.1399,100,2021-10-18 15:28:00,DRTT
3.1295,3.1399,3.1,3.1399,300,2021-10-18 15:29:00,DRTT
3.12,3.12,3.1,3.1,517,2021-10-18 15:31:00,DRTT
3.1399,3.1399,3.1399,3.1399,100,2021-10-18 15:32:00,DRTT
3.11,3.11,3.1,3.1,400,2021-10-18 15:50:00,DRTT
3.14,3.14,3.11,3.11,300,2021-10-18 15:57:00,DRTT
3.11,3.11,3.11,3.11,100,2021-10-18 16:08:00,DRTT
3.12,3.12,3.12,3.12,100,2021-10-18 16:13:00,DRTT
3.121,3.121,3.1,3.1,1900,2021-10-18 16:37:00,DRTT
3.1,3.1,3.1,3.1,800,2021-10-18 16:38:00,DRTT
3.12,3.12,3.12,3.12,100,2021-10-18 16:40:00,DRTT
3.12,3.12,3.1,3.1,4110,2021-10-18 16:58:00,DRTT
3.0999,3.0999,3.0999,3.0999,4000,2021-10-18 17:26:00,DRTT
3.08,3.08,3.08,3.08,200,2021-10-18 17:35:00,DRTT
3.09,3.09,3.09,3.09,900,2021-10-18 17:52:00,DRTT
3.08,3.08,3.08,3.08,200,2021-10-18 18:15:00,DRTT
3.0801,3.0801,3.0801,3.0801,1200,2021-10-18 18:38:00,DRTT
3.08,3.0801,3.06,3.06,3086,2021-10-18 18:39:00,DRTT
3.07,3.07,3.07,3.07,100,2021-10-18 18:51:00,DRTT
3.07,3.07,3.07,3.07,100,2021-10-18 18:55:00,DRTT
3.061,3.061,3.05,3.06,4454,2021-10-18 18:57:00,DRTT
3.051,3.051,3.05,3.05,3000,2021-10-18 18:59:00,DRTT
3.04,3.0401,3.04,3.0401,248,2021-10-18 19:01:00,DRTT
3.04,3.04,3.04,3.04,1997,2021-10-18 19:11:00,DRTT
3.04,3.04,3.04,3.04,103,2021-10-18 19:17:00,DRTT
3.07,3.07,3.0663,3.0663,300,2021-10-18 19:25:00,DRTT
3.0672,3.0672,3.0672,3.0672,250,2021-10-18 19:30:00,DRTT
3.08,3.08,3.08,3.08,900,2021-10-18 19:37:00,DRTT
3.0786,3.08,3.0763,3.0763,2800,2021-10-18 19:38:00,DRTT
3.08,3.08,3.08,3.08,1258,2021-10-18 19:39:00,DRTT
3.095,3.095,3.095,3.095,100,2021-10-18 19:52:00,DRTT
3.1,3.1,3.1,3.1,368,2021-10-18 19:53:00,DRTT
3.095,3.095,3.08,3.08,547,2021-10-18 19:58:00,DRTT
3.08,3.08,3.08,3.08,200,2021-10-18 19:59:00,DRTT
3.1699,3.1699,3.1699,3.1699,100,2021-10-19 14:51:00,DRTT
3.1755,3.1755,3.15,3.15,1400,2021-10-19 14:54:00,DRTT
3.15,3.15,3.15,3.15,200,2021-10-19 15:20:00,DRTT
3.15,3.15,3.15,3.15,200,2021-10-19 15:41:00,DRTT
3.15,3.15,3.15,3.15,100,2021-10-19 15:42:00,DRTT
3.15,3.15,3.15,3.15,200,2021-10-19 16:09:00,DRTT
3.19,3.19,3.18,3.18,700,2021-10-19 17:05:00,DRTT
3.2024,3.2024,3.2,3.2,300,2021-10-19 17:31:00,DRTT
3.2024,3.2024,3.2,3.2,300,2021-10-19 17:32:00,DRTT
3.2,3.2,3.19,3.19,1725,2021-10-19 17:39:00,DRTT
3.2,3.2,3.2,3.2,157,2021-10-19 17:41:00,DRTT
3.1801,3.1801,3.1801,3.1801,200,2021-10-19 17:58:00,DRTT
3.18,3.18,3.17,3.17,700,2021-10-19 18:27:00,DRTT
3.165,3.165,3.165,3.165,100,2021-10-19 19:06:00,DRTT
3.1662,3.1662,3.155,3.155,400,2021-10-19 19:15:00,DRTT
3.16,3.16,3.16,3.16,268,2021-10-20 13:30:00,DRTT
3.2,3.2,3.2,3.2,225,2021-10-20 13:43:00,DRTT
3.2,3.2,3.1,3.1,9521,2021-10-20 14:18:00,DRTT
3.15,3.15,3.15,3.15,200,2021-10-20 14:20:00,DRTT
3.15,3.15,3.15,3.15,100,2021-10-20 14:21:00,DRTT
3.1653,3.1653,3.1653,3.1653,100,2021-10-20 14:23:00,DRTT
3.15,3.15,3.15,3.15,100,2021-10-20 14:26:00,DRTT
3.2,3.2,3.11,3.11,7200,2021-10-20 14:34:00,DRTT
3.1,3.15,3.1,3.13,800,2021-10-20 14:35:00,DRTT
3.16,3.16,3.15,3.15,600,2021-10-20 14:36:00,DRTT
3.2,3.2,3.2,3.2,108,2021-10-20 15:11:00,DRTT
3.1989,3.1989,3.15,3.15,300,2021-10-20 15:16:00,DRTT
3.165,3.19,3.165,3.19,3740,2021-10-20 15:38:00,DRTT
3.19,3.19,3.19,3.19,100,2021-10-20 16:22:00,DRTT
3.168,3.168,3.168,3.168,125,2021-10-20 16:30:00,DRTT
3.18,3.18,3.18,3.18,592,2021-10-20 17:39:00,DRTT
3.16,3.16,3.16,3.16,200,2021-10-20 18:35:00,DRTT
3.16,3.17,3.16,3.17,200,2021-10-20 19:51:00,DRTT
3.15,3.15,3.15,3.15,170,2021-10-20 19:55:00,DRTT
3.16,3.16,3.16,3.16,200,2021-10-20 19:56:00,DRTT
3.17,3.17,3.15,3.17,790,2021-10-20 19:59:00,DRTT
3.14,3.14,3.14,3.14,348,2021-10-21 13:30:00,DRTT
3.15,3.15,3.15,3.15,100,2021-10-21 14:59:00,DRTT
3.15,3.15,3.15,3.15,137,2021-10-21 15:02:00,DRTT
3.0702,3.0702,3.0702,3.0702,270,2021-10-21 16:00:00,DRTT
3.0901,3.13,3.0901,3.13,2300,2021-10-21 16:41:00,DRTT
3.08,3.08,3.08,3.08,100,2021-10-21 16:44:00,DRTT
3.1,3.1,3.1,3.1,250,2021-10-21 16:55:00,DRTT
3.0999,3.0999,3.0999,3.0999,800,2021-10-21 17:44:00,DRTT
3.1,3.1,3.1,3.1,100,2021-10-21 18:15:00,DRTT
3.1,3.1,3.1,3.1,100,2021-10-21 18:23:00,DRTT
3.09,3.09,3.09,3.09,100,2021-10-21 18:32:00,DRTT
3.07,3.07,3.07,3.07,390,2021-10-21 19:34:00,DRTT
3.08,3.09,3.07,3.09,1032,2021-10-21 19:39:00,DRTT
3.0899,3.09,3.0899,3.09,600,2021-10-21 19:43:00,DRTT
3.06,3.06,3.06,3.06,152,2021-10-21 20:00:00,DRTT
3.05,3.16,3.05,3.16,300,2021-10-22 13:30:00,DRTT
3.16,3.16,3.16,3.16,200,2021-10-22 13:44:00,DRTT
3.15,3.15,3.15,3.15,200,2021-10-22 14:03:00,DRTT
3.15,3.15,3.15,3.15,100,2021-10-22 14:13:00,DRTT
3.16,3.16,3.16,3.16,200,2021-10-22 14:17:00,DRTT
3.1964,3.1964,3.15,3.15,800,2021-10-22 14:29:00,DRTT
3.2099,3.2099,3.2099,3.2099,100,2021-10-22 14:30:00,DRTT
3.1625,3.1625,3.15,3.15,650,2021-10-22 14:31:00,DRTT
3.14,3.14,3.13,3.13,200,2021-10-22 14:36:00,DRTT
3.14,3.18,3.12,3.12,2730,2021-10-22 14:59:00,DRTT
3.17,3.17,3.14,3.14,200,2021-10-22 15:01:00,DRTT
3.14,3.14,3.13,3.13,300,2021-10-22 15:07:00,DRTT
3.14,3.14,3.14,3.14,200,2021-10-22 15:09:00,DRTT
3.15,3.18,3.15,3.18,300,2021-10-22 15:24:00,DRTT
3.17,3.17,3.17,3.17,110,2021-10-22 15:38:00,DRTT
3.18,3.18,3.18,3.18,100,2021-10-22 15:44:00,DRTT
3.1501,3.17,3.15,3.17,800,2021-10-22 15:57:00,DRTT
3.1572,3.19,3.1572,3.19,620,2021-10-22 15:58:00,DRTT
3.165,3.165,3.165,3.165,200,2021-10-22 17:36:00,DRTT
3.1401,3.1401,3.1401,3.1401,125,2021-10-22 17:37:00,DRTT
3.165,3.19,3.12,3.145,5120,2021-10-22 17:55:00,DRTT
3.15,3.15,3.15,3.15,395,2021-10-22 18:01:00,DRTT
3.1369,3.1369,3.1369,3.1369,167,2021-10-22 18:29:00,DRTT
3.12,3.12,3.12,3.12,100,2021-10-22 19:59:00,DRTT
3.1,3.1,3.1,3.1,150,2021-10-25 13:30:00,DRTT
3.1499,3.1499,3.1499,3.1499,500,2021-10-25 13:50:00,DRTT
3.1421,3.1421,3.1,3.1,1035,2021-10-25 13:51:00,DRTT
3.13,3.13,3.13,3.13,500,2021-10-25 13:54:00,DRTT
3.15,3.15,3.15,3.15,300,2021-10-25 14:04:00,DRTT
3.1952,3.1952,3.15,3.15,2400,2021-10-25 14:20:00,DRTT
3.07,3.07,3.07,3.07,200,2021-10-25 16:12:00,DRTT
3.07,3.07,3.07,3.07,1000,2021-10-25 16:49:00,DRTT
3.08,3.08,3.08,3.08,163,2021-10-25 16:59:00,DRTT
3.0682,3.0682,3.0682,3.0682,150,2021-10-25 17:36:00,DRTT
3.07,3.07,3.07,3.07,299,2021-10-25 17:38:00,DRTT
3.03,3.03,3.03,3.03,100,2021-10-25 19:15:00,DRTT
3.03,3.0383,3.03,3.0383,600,2021-10-25 19:18:00,DRTT
3.05,3.05,3.05,3.05,500,2021-10-25 19:23:00,DRTT
3.05,3.05,3.05,3.05,500,2021-10-25 19:24:00,DRTT
3.06,3.06,3.06,3.06,800,2021-10-25 19:25:00,DRTT
3.08,3.08,3.08,3.08,500,2021-10-25 19:27:00,DRTT
3.08,3.08,3.08,3.08,2000,2021-10-25 19:28:00,DRTT
3.08,3.08,3.08,3.08,200,2021-10-25 19:29:00,DRTT
3.07,3.07,3.07,3.07,500,2021-10-25 19:31:00,DRTT
3.08,3.08,3.07,3.08,4400,2021-10-25 19:34:00,DRTT
3.08,3.08,3.08,3.08,900,2021-10-25 19:35:00,DRTT
3.08,3.08,3.08,3.08,900,2021-10-25 19:38:00,DRTT
3.08,3.08,3.08,3.08,400,2021-10-25 19:39:00,DRTT
3.08,3.08,3.07,3.08,2600,2021-10-25 19:40:00,DRTT
3.08,3.08,3.08,3.08,1100,2021-10-25 19:41:00,DRTT
3.08,3.1,3.08,3.1,8100,2021-10-25 19:43:00,DRTT
3.1,3.1,3.07,3.1,18400,2021-10-25 19:44:00,DRTT
3.1,3.1,3.1,3.1,1800,2021-10-25 19:47:00,DRTT
3.1,3.1,3.1,3.1,18100,2021-10-25 19:48:00,DRTT
3.1,3.1,3.1,3.1,16400,2021-10-25 19:49:00,DRTT
3.1,3.1,3.1,3.1,300,2021-10-25 19:51:00,DRTT
3.1,3.1,3.1,3.1,500,2021-10-25 19:53:00,DRTT
3.1,3.1,3.1,3.1,100,2021-10-25 19:55:00,DRTT
3.1,3.1,3.1,3.1,300,2021-10-25 19:56:00,DRTT
3.1,3.1,3.1,3.1,2000,2021-10-25 19:58:00,DRTT
3.1,3.1,3.1,3.1,300,2021-10-25 19:59:00,DRTT
3.07,3.07,3.07,3.07,100,2021-10-26 13:35:00,DRTT
3.04,3.04,3.04,3.04,100,2021-10-26 13:37:00,DRTT
3.065,3.065,3.065,3.065,435,2021-10-26 13:38:00,DRTT
3.089,3.12,3.0875,3.12,2796,2021-10-26 13:39:00,DRTT
3.1,3.1,3.1,3.1,700,2021-10-26 13:40:00,DRTT
3.1298,3.1298,3.1298,3.1298,1250,2021-10-26 13:48:00,DRTT
3.1,3.2,3.07,3.125,11853,2021-10-26 13:49:00,DRTT
3.1,3.11,3.0946,3.0946,10928,2021-10-26 13:50:00,DRTT
3.125,3.125,3.125,3.125,200,2021-10-26 13:56:00,DRTT
3.125,3.125,3.125,3.125,100,2021-10-26 13:57:00,DRTT
3.1,3.125,3.1,3.1,2000,2021-10-26 14:03:00,DRTT
3.1105,3.1105,3.11,3.11,700,2021-10-26 14:04:00,DRTT
3.09,3.09,3.09,3.09,100,2021-10-26 14:15:00,DRTT
3.09,3.09,3.09,3.09,231,2021-10-26 14:16:00,DRTT
3.09,3.09,3.09,3.09,100,2021-10-26 14:20:00,DRTT
3.09,3.09,3.09,3.09,100,2021-10-26 14:26:00,DRTT
3.09,3.09,3.09,3.09,100,2021-10-26 14:31:00,DRTT
3.09,3.09,3.09,3.09,100,2021-10-26 14:37:00,DRTT
3.09,3.09,3.09,3.09,100,2021-10-26 14:43:00,DRTT
3.09,3.09,3.09,3.09,100,2021-10-26 14:48:00,DRTT
3.09,3.09,3.09,3.09,100,2021-10-26 14:49:00,DRTT
3.09,3.1,3.09,3.1,600,2021-10-26 14:55:00,DRTT
3.09,3.09,3.09,3.09,200,2021-10-26 15:00:00,DRTT
3.09,3.09,3.09,3.09,300,2021-10-26 15:04:00,DRTT
3.1,3.1,3.07,3.1,900,2021-10-26 15:05:00,DRTT
3.095,3.095,3.095,3.095,100,2021-10-26 15:07:00,DRTT
3.09,3.09,3.09,3.09,200,2021-10-26 15:10:00,DRTT
3.084,3.084,3.084,3.084,160,2021-10-26 15:11:00,DRTT
3.09,3.09,3.09,3.09,1100,2021-10-26 15:12:00,DRTT
3.1,3.1,3.1,3.1,300,2021-10-26 15:15:00,DRTT
3.1,3.1,3.1,3.1,200,2021-10-26 15:17:00,DRTT
3.1,3.1002,3.1,3.1,6065,2021-10-26 15:35:00,DRTT
3.1,3.1,3.1,3.1,800,2021-10-26 15:36:00,DRTT
3.1,3.1,3.1,3.1,200,2021-10-26 15:38:00,DRTT
3.1,3.1,3.1,3.1,1100,2021-10-26 15:40:00,DRTT
3.1,3.1,3.1,3.1,100,2021-10-26 15:45:00,DRTT
3.1,3.1,3.1,3.1,3900,2021-10-26 16:00:00,DRTT
3.1,3.1,3.1,3.1,200,2021-10-26 16:02:00,DRTT
3.1,3.1,3.1,3.1,200,2021-10-26 16:03:00,DRTT
3.1,3.1,3.1,3.1,600,2021-10-26 16:05:00,DRTT
3.1,3.1,3.1,3.1,400,2021-10-26 16:06:00,DRTT
3.1,3.1,3.1,3.1,200,2021-10-26 16:08:00,DRTT
3.1,3.1,3.1,3.1,200,2021-10-26 16:10:00,DRTT
3.1,3.1,3.1,3.1,100,2021-10-26 16:11:00,DRTT
3.1,3.1,3.1,3.1,6451,2021-10-26 16:13:00,DRTT
3.1,3.1,3.1,3.1,200,2021-10-26 16:16:00,DRTT
3.1,3.1,3.1,3.1,100,2021-10-26 16:22:00,DRTT
3.1,3.1,3.1,3.1,100,2021-10-26 16:23:00,DRTT
3.1,3.1,3.1,3.1,200,2021-10-26 16:28:00,DRTT
3.1,3.1,3.1,3.1,100,2021-10-26 16:33:00,DRTT
3.1,3.1,3.1,3.1,200,2021-10-26 16:35:00,DRTT
3.1,3.1,3.1,3.1,100,2021-10-26 16:38:00,DRTT
3.1,3.1,3.1,3.1,300,2021-10-26 16:39:00,DRTT
3.1,3.1,3.1,3.1,100,2021-10-26 16:41:00,DRTT
3.1,3.1,3.1,3.1,100,2021-10-26 16:43:00,DRTT
3.1,3.1,3.1,3.1,200,2021-10-26 16:47:00,DRTT
3.1,3.1,3.1,3.1,100,2021-10-26 16:49:00,DRTT
3.1,3.1,3.1,3.1,300,2021-10-26 16:54:00,DRTT
3.1,3.1,3.1,3.1,100,2021-10-26 16:59:00,DRTT
3.1,3.1,3.1,3.1,200,2021-10-26 17:00:00,DRTT
3.1,3.1,3.1,3.1,100,2021-10-26 17:02:00,DRTT
3.1,3.1,3.1,3.1,200,2021-10-26 17:05:00,DRTT
3.1,3.1,3.1,3.1,100,2021-10-26 17:07:00,DRTT
3.1,3.1,3.1,3.1,100,2021-10-26 17:13:00,DRTT
3.1,3.1,3.1,3.1,200,2021-10-26 17:16:00,DRTT
3.1,3.1,3.08,3.08,300,2021-10-26 17:20:00,DRTT
3.06,3.06,3.06,3.06,100,2021-10-26 17:39:00,DRTT
3.09,3.09,3.09,3.09,500,2021-10-26 17:40:00,DRTT
3.06,3.06,3.06,3.06,100,2021-10-26 17:46:00,DRTT
3.06,3.06,3.06,3.06,200,2021-10-26 17:52:00,DRTT
3.06,3.06,3.06,3.06,100,2021-10-26 17:54:00,DRTT
3.06,3.06,3.06,3.06,100,2021-10-26 17:56:00,DRTT
3.06,3.06,3.06,3.06,100,2021-10-26 18:01:00,DRTT
3.06,3.06,3.06,3.06,220,2021-10-26 18:05:00,DRTT
3.05,3.05,3.05,3.05,100,2021-10-26 18:07:00,DRTT
3.05,3.0501,3.05,3.0501,10096,2021-10-26 18:10:00,DRTT
3.05,3.05,3.05,3.05,100,2021-10-26 18:12:00,DRTT
3.05,3.05,3.05,3.05,100,2021-10-26 18:15:00,DRTT
3.05,3.05,3.05,3.05,100,2021-10-26 18:16:00,DRTT
3.0583,3.0583,3.0583,3.0583,899,2021-10-26 18:18:00,DRTT
3.05,3.05,3.05,3.05,100,2021-10-26 18:22:00,DRTT
3.05,3.05,3.05,3.05,200,2021-10-26 18:25:00,DRTT
3.05,3.05,3.05,3.05,100,2021-10-26 18:27:00,DRTT
3.05,3.05,3.05,3.05,100,2021-10-26 18:33:00,DRTT
3.05,3.05,3.05,3.05,200,2021-10-26 18:39:00,DRTT
3.05,3.05,3.05,3.05,100,2021-10-26 18:43:00,DRTT
3.05,3.05,3.05,3.05,300,2021-10-26 18:44:00,DRTT
3.05,3.05,3.05,3.05,100,2021-10-26 18:48:00,DRTT
3.0651,3.0651,3.0588,3.0588,400,2021-10-26 18:58:00,DRTT
3.0601,3.0601,3.0601,3.0601,140,2021-10-26 18:59:00,DRTT
3.0616,3.0616,3.0616,3.0616,500,2021-10-26 19:00:00,DRTT
3.05,3.05,3.05,3.05,100,2021-10-26 19:05:00,DRTT
3.05,3.05,3.05,3.05,100,2021-10-26 19:09:00,DRTT
3.05,3.05,3.05,3.05,100,2021-10-26 19:14:00,DRTT
3.05,3.05,3.05,3.05,200,2021-10-26 19:16:00,DRTT
3.05,3.05,3.05,3.05,200,2021-10-26 19:25:00,DRTT
3.05,3.06,3.05,3.05,2400,2021-10-26 19:29:00,DRTT
3.055,3.055,3.055,3.055,200,2021-10-26 19:30:00,DRTT
3.06,3.06,3.06,3.06,200,2021-10-26 19:54:00,DRTT
3.07,3.07,3.07,3.07,100,2021-10-26 19:57:00,DRTT
3.07,3.07,3.07,3.07,300,2021-10-26 19:58:00,DRTT
3.07,3.07,3.07,3.07,100,2021-10-26 19:59:00,DRTT
3.045,3.045,3.045,3.045,200,2021-10-27 13:40:00,DRTT
3.07,3.07,3.07,3.07,100,2021-10-27 13:51:00,DRTT
3.07,3.07,3.056,3.056,200,2021-10-27 14:06:00,DRTT
3.05,3.05,3.05,3.05,100,2021-10-27 14:12:00,DRTT
3.05,3.06,3.05,3.06,200,2021-10-27 14:55:00,DRTT
3.07,3.07,3.07,3.07,250,2021-10-27 15:16:00,DRTT
3.06,3.06,3.06,3.06,500,2021-10-27 15:28:00,DRTT
3.07,3.07,3.07,3.07,100,2021-10-27 15:30:00,DRTT
3.065,3.065,3.065,3.065,100,2021-10-27 15:48:00,DRTT
3.07,3.07,3.07,3.07,100,2021-10-27 15:49:00,DRTT
3.07,3.07,3.07,3.07,500,2021-10-27 16:09:00,DRTT
3.07,3.07,3.07,3.07,100,2021-10-27 16:13:00,DRTT
3.07,3.07,3.07,3.07,200,2021-10-27 16:17:00,DRTT
3.07,3.07,3.07,3.07,700,2021-10-27 16:18:00,DRTT
3.0702,3.0702,3.0702,3.0702,1000,2021-10-27 16:32:00,DRTT
3.09,3.09,3.09,3.09,100,2021-10-27 16:53:00,DRTT
3.09,3.09,3.08,3.08,200,2021-10-27 16:54:00,DRTT
3.08,3.08,3.08,3.08,500,2021-10-27 17:04:00,DRTT
3.0796,3.0796,3.0796,3.0796,500,2021-10-27 17:09:00,DRTT
3.08,3.08,3.08,3.08,400,2021-10-27 17:25:00,DRTT
3.0873,3.0873,3.0873,3.0873,1000,2021-10-27 17:39:00,DRTT
3.08,3.08,3.08,3.08,100,2021-10-27 17:46:00,DRTT
3.08,3.08,3.08,3.08,400,2021-10-27 17:50:00,DRTT
3.08,3.08,3.08,3.08,100,2021-10-27 18:04:00,DRTT
3.0701,3.0701,3.0701,3.0701,400,2021-10-27 18:25:00,DRTT
3.07,3.07,3.06,3.06,200,2021-10-27 19:03:00,DRTT
3.065,3.065,3.065,3.065,100,2021-10-27 19:16:00,DRTT
3.05,3.06,3.05,3.06,762,2021-10-27 19:18:00,DRTT
3.06,3.06,3.06,3.06,100,2021-10-27 19:31:00,DRTT
3.055,3.055,3.055,3.055,600,2021-10-27 19:34:00,DRTT
3.06,3.07,3.06,3.07,1010,2021-10-27 19:46:00,DRTT
3.06,3.06,3.06,3.06,148,2021-10-27 19:50:00,DRTT
3.06,3.06,3.06,3.06,200,2021-10-27 19:54:00,DRTT
3.055,3.06,3.055,3.06,1010,2021-10-27 19:55:00,DRTT
3.05,3.05,3.05,3.05,100,2021-10-27 19:57:00,DRTT
3.05,3.06,3.05,3.06,2164,2021-10-27 19:58:00,DRTT
3.07,3.07,3.07,3.07,400,2021-10-27 19:59:00,DRTT
3.22,3.22,3.22,3.22,500,2021-10-27 22:13:00,DRTT
3.5,3.5,3.5,3.5,182,2021-10-28 12:02:00,DRTT
3.55,3.55,3.55,3.55,100,2021-10-28 12:08:00,DRTT
3.5499,3.55,3.5499,3.55,200,2021-10-28 12:19:00,DRTT
3.3999,3.3999,3.3999,3.3999,200,2021-10-28 12:35:00,DRTT
3.26,3.26,3.25,3.25,1150,2021-10-28 12:38:00,DRTT
3.2503,3.2503,3.2503,3.2503,100,2021-10-28 12:46:00,DRTT
3.22,3.22,3.22,3.22,500,2021-10-28 13:05:00,DRTT
3.21,3.21,3.21,3.21,100,2021-10-28 13:06:00,DRTT
3.14,3.14,3.14,3.14,200,2021-10-28 13:27:00,DRTT
3.14,3.2,3.1,3.11,7256,2021-10-28 13:30:00,DRTT
3.11,3.11,3.07,3.07,3250,2021-10-28 13:31:00,DRTT
3.0699,3.0699,3.0296,3.0296,1600,2021-10-28 13:32:00,DRTT
3.01,3.01,3.01,3.01,100,2021-10-28 13:33:00,DRTT
3.0499,3.0499,3.0499,3.0499,1634,2021-10-28 13:35:00,DRTT
3.0445,3.0445,3.0445,3.0445,350,2021-10-28 13:37:00,DRTT
3.0363,3.0363,3.0287,3.0349,1200,2021-10-28 13:40:00,DRTT
3.0259,3.0259,3.0259,3.0259,400,2021-10-28 13:41:00,DRTT
3.0499,3.0499,3.0499,3.0499,1000,2021-10-28 13:45:00,DRTT
3.0657,3.07,3.0619,3.07,1629,2021-10-28 13:47:00,DRTT
3.08,3.08,3.0799,3.0799,200,2021-10-28 13:48:00,DRTT
3.099,3.1,3.099,3.0999,5646,2021-10-28 13:49:00,DRTT
3.1,3.12,3.0999,3.12,1600,2021-10-28 13:50:00,DRTT
3.1199,3.1199,3.1199,3.1199,500,2021-10-28 13:58:00,DRTT
3.1,3.12,3.1,3.12,200,2021-10-28 13:59:00,DRTT
3.11,3.11,3.11,3.11,1000,2021-10-28 14:01:00,DRTT
3.1,3.1,3.1,3.1,100,2021-10-28 14:02:00,DRTT
3.0997,3.1,3.0997,3.1,600,2021-10-28 14:06:00,DRTT
3.1,3.1,3.0985,3.0985,400,2021-10-28 14:10:00,DRTT
3.1199,3.1199,3.1,3.1,2167,2021-10-28 14:16:00,DRTT
3.0912,3.0912,3.0912,3.0912,200,2021-10-28 14:18:00,DRTT
3.09,3.09,3.09,3.09,400,2021-10-28 14:20:00,DRTT
3.093,3.093,3.093,3.093,300,2021-10-28 14:23:00,DRTT
3.1,3.1,3.1,3.1,700,2021-10-28 14:25:00,DRTT
3.13,3.13,3.13,3.13,300,2021-10-28 14:34:00,DRTT
3.13,3.13,3.1296,3.13,300,2021-10-28 14:35:00,DRTT
3.14,3.14,3.13,3.13,1082,2021-10-28 14:39:00,DRTT
3.13,3.1488,3.13,3.1488,386,2021-10-28 14:40:00,DRTT
3.11,3.11,3.1,3.1,1300,2021-10-28 14:44:00,DRTT
3.1,3.1,3.08,3.08,1796,2021-10-28 14:45:00,DRTT
3.08,3.08,3.08,3.08,100,2021-10-28 14:46:00,DRTT
3.14,3.14,3.1,3.11,300,2021-10-28 14:55:00,DRTT
3.15,3.15,3.1,3.11,5600,2021-10-28 15:14:00,DRTT
3.08,3.08,3.08,3.08,100,2021-10-28 15:17:00,DRTT
3.1,3.1,3.1,3.1,200,2021-10-28 15:19:00,DRTT
3.12,3.12,3.12,3.12,100,2021-10-28 15:23:00,DRTT
3.12,3.12,3.1,3.12,300,2021-10-28 15:25:00,DRTT
3.12,3.13,3.11,3.13,700,2021-10-28 15:26:00,DRTT
3.11,3.14,3.11,3.14,298,2021-10-28 15:34:00,DRTT
3.14,3.14,3.13,3.13,700,2021-10-28 15:42:00,DRTT
3.1354,3.1354,3.13,3.13,200,2021-10-28 15:43:00,DRTT
3.14,3.15,3.14,3.14,1800,2021-10-28 15:44:00,DRTT
3.14,3.14,3.13,3.13,500,2021-10-28 15:45:00,DRTT
3.1472,3.1472,3.13,3.13,645,2021-10-28 15:46:00,DRTT
3.14,3.14,3.14,3.14,100,2021-10-28 15:48:00,DRTT
3.1351,3.1351,3.1351,3.1351,100,2021-10-28 15:55:00,DRTT
3.14,3.15,3.14,3.15,400,2021-10-28 15:57:00,DRTT
3.15,3.15,3.14,3.14,900,2021-10-28 16:04:00,DRTT
3.17,3.17,3.17,3.17,100,2021-10-28 16:06:00,DRTT
3.19,3.2,3.17,3.1896,5968,2021-10-28 16:07:00,DRTT
3.21,3.21,3.17,3.17,200,2021-10-28 16:10:00,DRTT
3.21,3.21,3.208,3.208,400,2021-10-28 16:11:00,DRTT
3.21,3.21,3.19,3.19,1244,2021-10-28 16:12:00,DRTT
3.18,3.22,3.18,3.19,1250,2021-10-28 16:13:00,DRTT
3.22,3.22,3.22,3.22,300,2021-10-28 16:16:00,DRTT
3.22,3.22,3.19,3.19,1200,2021-10-28 16:17:00,DRTT
3.2253,3.2253,3.21,3.21,1000,2021-10-28 16:39:00,DRTT
3.21,3.21,3.17,3.17,5278,2021-10-28 16:40:00,DRTT
3.2,3.2,3.2,3.2,400,2021-10-28 16:45:00,DRTT
3.18,3.18,3.18,3.18,318,2021-10-28 16:47:00,DRTT
3.185,3.185,3.185,3.185,3000,2021-10-28 16:49:00,DRTT
3.2,3.2,3.2,3.2,300,2021-10-28 16:54:00,DRTT
3.2073,3.2073,3.18,3.18,700,2021-10-28 16:56:00,DRTT
3.1811,3.195,3.1811,3.195,200,2021-10-28 16:58:00,DRTT
3.187,3.187,3.187,3.187,500,2021-10-28 17:01:00,DRTT
3.1899,3.19,3.1899,3.19,720,2021-10-28 17:02:00,DRTT
3.2,3.2,3.2,3.2,300,2021-10-28 17:03:00,DRTT
3.2,3.2,3.1999,3.1999,200,2021-10-28 17:04:00,DRTT
3.1915,3.1915,3.1915,3.1915,300,2021-10-28 17:15:00,DRTT
3.2,3.2,3.2,3.2,100,2021-10-28 17:17:00,DRTT
3.24,3.24,3.24,3.24,100,2021-10-28 17:41:00,DRTT
3.24,3.245,3.23,3.245,2600,2021-10-28 17:42:00,DRTT
3.2799,3.2799,3.25,3.25,1299,2021-10-28 17:52:00,DRTT
3.2761,3.2761,3.25,3.25,737,2021-10-28 17:53:00,DRTT
3.26,3.26,3.23,3.23,6099,2021-10-28 17:54:00,DRTT
3.21,3.21,3.2,3.2,3600,2021-10-28 17:55:00,DRTT
3.2399,3.2399,3.21,3.21,200,2021-10-28 17:57:00,DRTT
3.2,3.215,3.2,3.2,2250,2021-10-28 17:58:00,DRTT
3.2014,3.2014,3.2014,3.2014,100,2021-10-28 18:02:00,DRTT
3.218,3.218,3.2,3.2,700,2021-10-28 18:03:00,DRTT
3.21,3.22,3.2,3.2,1600,2021-10-28 18:06:00,DRTT
3.21,3.22,3.2,3.2,1600,2021-10-28 18:07:00,DRTT
3.21,3.22,3.21,3.2196,859,2021-10-28 18:18:00,DRTT
3.2299,3.23,3.2299,3.23,200,2021-10-28 18:21:00,DRTT
3.23,3.23,3.23,3.23,340,2021-10-28 18:22:00,DRTT
3.22,3.22,3.22,3.22,200,2021-10-28 18:23:00,DRTT
3.235,3.24,3.23,3.23,1600,2021-10-28 18:30:00,DRTT
3.22,3.23,3.22,3.2295,600,2021-10-28 18:33:00,DRTT
3.22,3.22,3.18,3.18,2700,2021-10-28 18:40:00,DRTT
3.1844,3.1844,3.18,3.18,700,2021-10-28 18:42:00,DRTT
3.195,3.195,3.195,3.195,100,2021-10-28 18:44:00,DRTT
3.185,3.1997,3.185,3.1997,500,2021-10-28 19:01:00,DRTT
3.18,3.18,3.18,3.18,200,2021-10-28 19:08:00,DRTT
3.19,3.19,3.19,3.19,500,2021-10-28 19:12:00,DRTT
3.17,3.17,3.17,3.17,100,2021-10-28 19:15:00,DRTT
3.1923,3.1923,3.1923,3.1923,150,2021-10-28 19:22:00,DRTT
3.1732,3.1732,3.17,3.17,700,2021-10-28 19:31:00,DRTT
3.2,3.2,3.17,3.17,400,2021-10-28 19:36:00,DRTT
3.19,3.195,3.19,3.195,299,2021-10-28 19:44:00,DRTT
3.1912,3.195,3.1912,3.195,800,2021-10-28 19:45:00,DRTT
3.2,3.2,3.195,3.195,300,2021-10-28 19:46:00,DRTT
3.1901,3.1901,3.1901,3.1901,2655,2021-10-28 19:51:00,DRTT
3.2,3.2,3.195,3.195,343,2021-10-28 19:53:00,DRTT
3.2,3.2,3.2,3.2,394,2021-10-28 19:54:00,DRTT
3.19,3.19,3.19,3.19,326,2021-10-28 19:55:00,DRTT
3.19,3.1979,3.19,3.1979,307,2021-10-28 19:56:00,DRTT
3.195,3.2,3.19,3.19,612,2021-10-28 19:57:00,DRTT
3.18,3.18,3.17,3.17,300,2021-10-28 19:58:00,DRTT
3.17,3.17,3.17,3.17,461,2021-10-28 19:59:00,DRTT
3.19,3.19,3.19,3.19,242,2021-10-28 20:00:00,DRTT
3.19,3.19,3.19,3.19,957,2021-10-29 13:30:00,DRTT
3.19,3.19,3.19,3.19,127,2021-10-29 13:31:00,DRTT
3.19,3.19,3.17,3.17,1358,2021-10-29 13:36:00,DRTT
3.21,3.22,3.21,3.22,200,2021-10-29 13:43:00,DRTT
3.2364,3.2364,3.1701,3.18,2166,2021-10-29 13:44:00,DRTT
3.2,3.2,3.2,3.2,100,2021-10-29 13:48:00,DRTT
3.21,3.22,3.21,3.22,200,2021-10-29 13:52:00,DRTT
3.24,3.24,3.24,3.24,100,2021-10-29 13:58:00,DRTT
3.215,3.215,3.215,3.215,154,2021-10-29 14:04:00,DRTT
3.2,3.2,3.2,3.2,100,2021-10-29 14:11:00,DRTT
3.17,3.17,3.14,3.14,2573,2021-10-29 14:35:00,DRTT
3.1672,3.1672,3.14,3.14,2600,2021-10-29 14:43:00,DRTT
3.14,3.14,3.14,3.14,100,2021-10-29 14:44:00,DRTT
3.17,3.17,3.17,3.17,100,2021-10-29 14:47:00,DRTT
3.14,3.18,3.14,3.18,417,2021-10-29 14:52:00,DRTT
3.16,3.18,3.14,3.14,3600,2021-10-29 14:57:00,DRTT
3.18,3.18,3.18,3.18,200,2021-10-29 14:58:00,DRTT
3.18,3.18,3.15,3.18,5700,2021-10-29 14:59:00,DRTT
3.19,3.23,3.185,3.23,3763,2021-10-29 15:02:00,DRTT
3.23,3.23,3.23,3.23,100,2021-10-29 15:03:00,DRTT
3.23,3.23,3.23,3.23,100,2021-10-29 15:04:00,DRTT
3.2399,3.2399,3.2399,3.2399,100,2021-10-29 15:09:00,DRTT
3.23,3.23,3.23,3.23,100,2021-10-29 15:11:00,DRTT
3.23,3.24,3.23,3.2399,700,2021-10-29 15:12:00,DRTT
3.25,3.25,3.22,3.22,200,2021-10-29 15:13:00,DRTT
3.25,3.25,3.25,3.25,100,2021-10-29 15:14:00,DRTT
3.2486,3.25,3.22,3.22,640,2021-10-29 15:15:00,DRTT
3.25,3.25,3.25,3.25,100,2021-10-29 15:16:00,DRTT
3.25,3.25,3.25,3.25,100,2021-10-29 15:18:00,DRTT
3.25,3.25,3.22,3.22,200,2021-10-29 15:19:00,DRTT
3.24,3.24,3.24,3.24,100,2021-10-29 15:20:00,DRTT
3.25,3.25,3.22,3.22,200,2021-10-29 15:21:00,DRTT
3.25,3.25,3.25,3.25,100,2021-10-29 15:23:00,DRTT
3.25,3.25,3.22,3.22,450,2021-10-29 15:24:00,DRTT
3.25,3.25,3.22,3.22,200,2021-10-29 15:26:00,DRTT
3.23,3.23,3.23,3.23,100,2021-10-29 15:29:00,DRTT
3.23,3.23,3.21,3.21,800,2021-10-29 15:31:00,DRTT
3.23,3.23,3.21,3.21,200,2021-10-29 15:37:00,DRTT
3.23,3.23,3.23,3.23,100,2021-10-29 15:41:00,DRTT
3.23,3.23,3.21,3.21,200,2021-10-29 15:43:00,DRTT
3.23,3.23,3.23,3.23,100,2021-10-29 15:46:00,DRTT
3.23,3.23,3.23,3.23,100,2021-10-29 15:47:00,DRTT
3.23,3.23,3.21,3.21,200,2021-10-29 15:48:00,DRTT
3.23,3.23,3.23,3.23,100,2021-10-29 15:50:00,DRTT
3.23,3.23,3.21,3.21,200,2021-10-29 15:51:00,DRTT
3.22,3.22,3.22,3.22,298,2021-10-29 15:52:00,DRTT
3.23,3.23,3.22,3.22,300,2021-10-29 15:55:00,DRTT
3.23,3.23,3.23,3.23,100,2021-10-29 15:56:00,DRTT
3.23,3.23,3.23,3.23,100,2021-10-29 15:57:00,DRTT
3.23,3.23,3.23,3.23,100,2021-10-29 15:59:00,DRTT
3.23,3.23,3.21,3.21,200,2021-10-29 16:00:00,DRTT
3.23,3.23,3.23,3.23,100,2021-10-29 16:05:00,DRTT
3.23,3.23,3.23,3.23,100,2021-10-29 16:06:00,DRTT
3.23,3.23,3.23,3.23,100,2021-10-29 16:08:00,DRTT
3.23,3.23,3.23,3.23,100,2021-10-29 16:09:00,DRTT
3.23,3.23,3.23,3.23,100,2021-10-29 16:11:00,DRTT
3.23,3.23,3.21,3.21,200,2021-10-29 16:12:00,DRTT
3.23,3.23,3.23,3.23,100,2021-10-29 16:14:00,DRTT
3.23,3.23,3.23,3.23,100,2021-10-29 16:15:00,DRTT
3.23,3.23,3.21,3.21,200,2021-10-29 16:19:00,DRTT
3.23,3.23,3.23,3.23,100,2021-10-29 16:20:00,DRTT
3.23,3.23,3.23,3.23,100,2021-10-29 16:22:00,DRTT
3.23,3.23,3.21,3.21,200,2021-10-29 16:23:00,DRTT
3.23,3.23,3.23,3.23,100,2021-10-29 16:25:00,DRTT
3.23,3.23,3.21,3.21,200,2021-10-29 16:27:00,DRTT
3.23,3.24,3.23,3.24,1472,2021-10-29 16:28:00,DRTT
3.24,3.24,3.24,3.24,100,2021-10-29 16:30:00,DRTT
3.24,3.24,3.24,3.24,100,2021-10-29 16:32:00,DRTT
3.24,3.24,3.24,3.24,250,2021-10-29 16:33:00,DRTT
3.24,3.24,3.24,3.24,100,2021-10-29 16:35:00,DRTT
3.25,3.25,3.25,3.25,100,2021-10-29 16:37:00,DRTT
3.24,3.24,3.24,3.24,100,2021-10-29 16:38:00,DRTT
3.24,3.24,3.24,3.24,100,2021-10-29 16:40:00,DRTT
3.24,3.24,3.24,3.24,100,2021-10-29 16:42:00,DRTT
3.24,3.24,3.24,3.24,100,2021-10-29 16:43:00,DRTT
3.24,3.24,3.24,3.24,100,2021-10-29 16:45:00,DRTT
3.24,3.24,3.24,3.24,100,2021-10-29 16:47:00,DRTT
3.24,3.24,3.24,3.24,100,2021-10-29 16:48:00,DRTT
3.2399,3.2399,3.22,3.22,2600,2021-10-29 16:50:00,DRTT
3.24,3.24,3.24,3.24,100,2021-10-29 17:01:00,DRTT
3.23,3.23,3.23,3.23,100,2021-10-29 17:02:00,DRTT
3.23,3.23,3.22,3.22,805,2021-10-29 17:03:00,DRTT
3.22,3.22,3.22,3.22,500,2021-10-29 17:05:00,DRTT
3.23,3.23,3.23,3.23,100,2021-10-29 17:15:00,DRTT
3.23,3.23,3.2,3.2,200,2021-10-29 17:17:00,DRTT
3.23,3.23,3.23,3.23,100,2021-10-29 17:19:00,DRTT
3.22,3.22,3.22,3.22,100,2021-10-29 17:21:00,DRTT
3.23,3.23,3.23,3.23,100,2021-10-29 17:22:00,DRTT
3.23,3.23,3.23,3.23,100,2021-10-29 17:24:00,DRTT
3.23,3.23,3.23,3.23,500,2021-10-29 17:25:00,DRTT
3.23,3.23,3.21,3.21,200,2021-10-29 17:33:00,DRTT
3.23,3.23,3.23,3.23,100,2021-10-29 17:35:00,DRTT
3.23,3.23,3.21,3.21,200,2021-10-29 17:37:00,DRTT
3.23,3.23,3.23,3.23,100,2021-10-29 17:39:00,DRTT
3.23,3.23,3.23,3.23,300,2021-10-29 17:40:00,DRTT
3.23,3.23,3.23,3.23,100,2021-10-29 17:41:00,DRTT
3.23,3.239,3.2299,3.2324,1000,2021-10-29 17:44:00,DRTT
3.239,3.24,3.22,3.225,3296,2021-10-29 17:45:00,DRTT
3.24,3.24,3.2399,3.24,1802,2021-10-29 17:46:00,DRTT
3.25,3.25,3.25,3.25,200,2021-10-29 17:47:00,DRTT
3.25,3.25,3.22,3.22,1200,2021-10-29 17:49:00,DRTT
3.2399,3.2399,3.22,3.22,439,2021-10-29 18:26:00,DRTT
3.229,3.23,3.229,3.23,310,2021-10-29 18:39:00,DRTT
3.22,3.23,3.21,3.21,1000,2021-10-29 18:42:00,DRTT
3.21,3.21,3.21,3.21,100,2021-10-29 18:56:00,DRTT
3.2,3.2,3.2,3.2,2200,2021-10-29 18:57:00,DRTT
3.22,3.22,3.22,3.22,100,2021-10-29 18:58:00,DRTT
3.2136,3.2136,3.2136,3.2136,102,2021-10-29 19:11:00,DRTT
3.22,3.22,3.22,3.22,890,2021-10-29 19:36:00,DRTT
3.215,3.215,3.215,3.215,100,2021-10-29 19:40:00,DRTT
3.22,3.22,3.22,3.22,203,2021-10-29 19:48:00,DRTT
3.2,3.2,3.2,3.2,100,2021-10-29 19:58:00,DRTT
3.2,3.22,3.2,3.2,748,2021-10-29 19:59:00,DRTT
