open,high,low,close,volume,datetime,symbol
2.46,2.46,2.46,2.46,100,2021-10-01 13:30:00,HUSN
2.42,2.42,2.42,2.42,300,2021-10-01 14:13:00,HUSN
2.42,2.42,2.42,2.42,300,2021-10-01 14:17:00,HUSN
2.41,2.4172,2.41,2.4172,200,2021-10-01 14:33:00,HUSN
2.4201,2.4201,2.4201,2.4201,100,2021-10-01 14:51:00,HUSN
2.435,2.435,2.435,2.435,1500,2021-10-01 15:00:00,HUSN
2.4249,2.4249,2.4249,2.4249,100,2021-10-01 15:08:00,HUSN
2.4446,2.448,2.444,2.448,800,2021-10-01 15:28:00,HUSN
2.43,2.43,2.43,2.43,2000,2021-10-01 15:37:00,HUSN
2.45,2.45,2.45,2.45,100,2021-10-01 15:44:00,HUSN
2.44,2.44,2.44,2.44,167,2021-10-01 15:52:00,HUSN
2.42,2.42,2.42,2.42,300,2021-10-01 16:07:00,HUSN
2.41,2.426,2.4,2.426,1650,2021-10-01 17:06:00,HUSN
2.39,2.39,2.39,2.39,100,2021-10-01 17:13:00,HUSN
2.4219,2.4219,2.4219,2.4219,200,2021-10-01 18:31:00,HUSN
2.42,2.42,2.42,2.42,300,2021-10-01 19:59:00,HUSN
2.3,2.32,2.3,2.31,5165,2021-10-04 13:30:00,HUSN
2.305,2.305,2.305,2.305,100,2021-10-04 13:31:00,HUSN
2.31,2.31,2.3093,2.3093,200,2021-10-04 13:32:00,HUSN
2.305,2.31,2.3,2.3,1281,2021-10-04 13:33:00,HUSN
2.3094,2.3094,2.3094,2.3094,200,2021-10-04 13:35:00,HUSN
2.305,2.305,2.305,2.305,100,2021-10-04 13:36:00,HUSN
2.3,2.3,2.3,2.3,900,2021-10-04 13:37:00,HUSN
2.3048,2.31,2.3048,2.31,490,2021-10-04 13:39:00,HUSN
2.31,2.31,2.3,2.3,1100,2021-10-04 13:40:00,HUSN
2.305,2.305,2.305,2.305,100,2021-10-04 13:43:00,HUSN
2.3,2.3,2.26,2.26,13785,2021-10-04 13:44:00,HUSN
2.28,2.28,2.28,2.28,490,2021-10-04 13:46:00,HUSN
2.2801,2.2822,2.2801,2.2822,500,2021-10-04 13:48:00,HUSN
2.2843,2.2843,2.2843,2.2843,2800,2021-10-04 13:49:00,HUSN
2.26,2.26,2.26,2.26,400,2021-10-04 13:50:00,HUSN
2.26,2.26,2.255,2.255,1400,2021-10-04 13:51:00,HUSN
2.26,2.26,2.26,2.26,2000,2021-10-04 13:52:00,HUSN
2.26,2.28,2.26,2.27,2499,2021-10-04 13:53:00,HUSN
2.26,2.26,2.26,2.26,2100,2021-10-04 13:54:00,HUSN
2.26,2.26,2.25,2.2597,6960,2021-10-04 14:00:00,HUSN
2.255,2.26,2.255,2.26,1600,2021-10-04 14:03:00,HUSN
2.26,2.26,2.2597,2.2597,1700,2021-10-04 14:05:00,HUSN
2.26,2.26,2.26,2.26,1180,2021-10-04 14:09:00,HUSN
2.2597,2.26,2.2597,2.2599,3600,2021-10-04 14:10:00,HUSN
2.27,2.3,2.2685,2.2754,3630,2021-10-04 14:13:00,HUSN
2.2811,2.2811,2.27,2.27,2198,2021-10-04 14:32:00,HUSN
2.2966,2.2966,2.2966,2.2966,200,2021-10-04 14:48:00,HUSN
2.27,2.27,2.27,2.27,100,2021-10-04 14:50:00,HUSN
2.2757,2.2757,2.2757,2.2757,2000,2021-10-04 14:59:00,HUSN
2.28,2.28,2.28,2.28,1000,2021-10-04 15:22:00,HUSN
2.28,2.28,2.275,2.275,1467,2021-10-04 15:23:00,HUSN
2.2929,2.2929,2.2929,2.2929,1000,2021-10-04 15:24:00,HUSN
2.3143,2.3143,2.3143,2.3143,4936,2021-10-04 15:39:00,HUSN
2.31,2.31,2.3098,2.3098,200,2021-10-04 15:44:00,HUSN
2.29,2.29,2.29,2.29,350,2021-10-04 16:39:00,HUSN
2.28,2.28,2.28,2.28,100,2021-10-04 16:40:00,HUSN
2.28,2.28,2.28,2.28,4700,2021-10-04 18:02:00,HUSN
2.2786,2.2786,2.2786,2.2786,300,2021-10-04 18:37:00,HUSN
2.28,2.28,2.28,2.28,100,2021-10-04 18:40:00,HUSN
2.28,2.28,2.28,2.28,539,2021-10-04 18:59:00,HUSN
2.27,2.27,2.27,2.27,428,2021-10-04 19:31:00,HUSN
2.26,2.26,2.24,2.25,4515,2021-10-04 19:39:00,HUSN
2.25,2.25,2.25,2.25,187,2021-10-04 19:40:00,HUSN
2.25,2.25,2.25,2.25,4539,2021-10-04 19:41:00,HUSN
2.25,2.27,2.25,2.27,1789,2021-10-04 19:45:00,HUSN
2.27,2.27,2.27,2.27,163,2021-10-04 19:59:00,HUSN
2.23,2.23,2.23,2.23,374,2021-10-04 20:00:00,HUSN
2.38,2.38,2.28,2.28,1099,2021-10-05 12:09:00,HUSN
2.38,2.3912,2.38,2.39,1550,2021-10-05 13:30:00,HUSN
2.38,2.38,2.38,2.38,800,2021-10-05 13:31:00,HUSN
2.38,2.3802,2.38,2.3802,800,2021-10-05 13:32:00,HUSN
2.38,2.38,2.38,2.38,400,2021-10-05 13:33:00,HUSN
2.38,2.39,2.38,2.39,800,2021-10-05 13:34:00,HUSN
2.39,2.39,2.39,2.39,500,2021-10-05 13:35:00,HUSN
2.388,2.388,2.36,2.36,1200,2021-10-05 13:36:00,HUSN
2.38,2.38,2.38,2.38,900,2021-10-05 13:37:00,HUSN
2.3888,2.3888,2.3888,2.3888,400,2021-10-05 13:40:00,HUSN
2.39,2.39,2.38,2.38,1000,2021-10-05 13:43:00,HUSN
2.37,2.3702,2.37,2.37,2300,2021-10-05 13:44:00,HUSN
2.39,2.39,2.38,2.38,800,2021-10-05 13:46:00,HUSN
2.38,2.38,2.376,2.38,5877,2021-10-05 13:49:00,HUSN
2.398,2.3999,2.3901,2.3901,1200,2021-10-05 13:53:00,HUSN
2.39,2.3902,2.3899,2.3899,4679,2021-10-05 13:54:00,HUSN
2.37,2.376,2.37,2.376,400,2021-10-05 13:56:00,HUSN
2.39,2.4,2.39,2.4,5088,2021-10-05 13:57:00,HUSN
2.405,2.405,2.4001,2.4001,5200,2021-10-05 13:58:00,HUSN
2.41,2.41,2.41,2.41,12755,2021-10-05 13:59:00,HUSN
2.44,2.44,2.44,2.44,1001,2021-10-05 14:00:00,HUSN
2.4,2.4,2.4,2.4,100,2021-10-05 14:02:00,HUSN
2.4,2.4,2.4,2.4,1552,2021-10-05 14:05:00,HUSN
2.4009,2.4009,2.4009,2.4009,1700,2021-10-05 14:22:00,HUSN
2.41,2.41,2.39,2.39,2356,2021-10-05 14:37:00,HUSN
2.4,2.4,2.4,2.4,1900,2021-10-05 14:38:00,HUSN
2.4,2.4,2.4,2.4,1100,2021-10-05 14:39:00,HUSN
2.4,2.4,2.4,2.4,400,2021-10-05 15:05:00,HUSN
2.385,2.385,2.385,2.385,134,2021-10-05 15:42:00,HUSN
2.4,2.4,2.4,2.4,100,2021-10-05 15:43:00,HUSN
2.4,2.4002,2.4,2.4002,560,2021-10-05 16:19:00,HUSN
2.4,2.4001,2.4,2.4001,440,2021-10-05 16:21:00,HUSN
2.4,2.4,2.4,2.4,200,2021-10-05 16:28:00,HUSN
2.4,2.4,2.4,2.4,500,2021-10-05 16:33:00,HUSN
2.4,2.4,2.4,2.4,211,2021-10-05 16:35:00,HUSN
2.3672,2.3672,2.3672,2.3672,289,2021-10-05 16:36:00,HUSN
2.3999,2.3999,2.3999,2.3999,103,2021-10-05 17:04:00,HUSN
2.3999,2.3999,2.3999,2.3999,104,2021-10-05 17:08:00,HUSN
2.4,2.41,2.4,2.4,1332,2021-10-05 17:57:00,HUSN
2.41,2.41,2.4099,2.4099,8000,2021-10-05 18:02:00,HUSN
2.3909,2.3909,2.3909,2.3909,100,2021-10-05 18:26:00,HUSN
2.4,2.4,2.4,2.4,500,2021-10-05 18:45:00,HUSN
2.4,2.4,2.4,2.4,400,2021-10-05 19:39:00,HUSN
2.4,2.4,2.4,2.4,548,2021-10-05 19:40:00,HUSN
2.4,2.41,2.38,2.41,2046,2021-10-05 19:59:00,HUSN
2.38,2.38,2.38,2.38,1000,2021-10-05 23:41:00,HUSN
2.28,2.28,2.28,2.28,200,2021-10-06 09:45:00,HUSN
2.37,2.37,2.37,2.37,231,2021-10-06 13:21:00,HUSN
2.4,2.4,2.4,2.4,267,2021-10-06 13:30:00,HUSN
2.3747,2.3747,2.3747,2.3747,110,2021-10-06 14:13:00,HUSN
2.4,2.4,2.4,2.4,300,2021-10-06 14:47:00,HUSN
2.42,2.42,2.41,2.41,237,2021-10-06 14:48:00,HUSN
2.4109,2.4109,2.4109,2.4109,500,2021-10-06 15:24:00,HUSN
2.41,2.41,2.41,2.41,400,2021-10-06 16:11:00,HUSN
2.41,2.41,2.41,2.41,100,2021-10-06 16:13:00,HUSN
2.4214,2.4214,2.4214,2.4214,198,2021-10-06 17:21:00,HUSN
2.41,2.41,2.41,2.41,200,2021-10-06 17:36:00,HUSN
2.41,2.41,2.41,2.41,100,2021-10-06 17:51:00,HUSN
2.44,2.46,2.44,2.44,3250,2021-10-06 17:59:00,HUSN
2.45,2.45,2.45,2.45,500,2021-10-06 18:30:00,HUSN
2.4557,2.4557,2.4557,2.4557,100,2021-10-06 18:52:00,HUSN
2.46,2.46,2.45,2.4562,5000,2021-10-06 19:01:00,HUSN
2.45,2.45,2.45,2.45,120,2021-10-06 19:48:00,HUSN
2.44,2.44,2.44,2.44,300,2021-10-06 19:59:00,HUSN
2.44,2.44,2.44,2.44,530,2021-10-06 20:00:00,HUSN
2.44,2.44,2.44,2.44,100,2021-10-06 20:23:00,HUSN
2.4,2.4,2.4,2.4,200,2021-10-07 12:08:00,HUSN
2.4452,2.4452,2.4452,2.4452,190,2021-10-07 13:55:00,HUSN
2.44,2.44,2.44,2.44,396,2021-10-07 14:13:00,HUSN
2.47,2.47,2.47,2.47,150,2021-10-07 14:32:00,HUSN
2.4585,2.4585,2.4585,2.4585,1800,2021-10-07 14:34:00,HUSN
2.4612,2.4612,2.4612,2.4612,210,2021-10-07 14:47:00,HUSN
2.48,2.48,2.48,2.48,300,2021-10-07 15:05:00,HUSN
2.5,2.5,2.5,2.5,638,2021-10-07 15:06:00,HUSN
2.52,2.52,2.52,2.52,100,2021-10-07 15:22:00,HUSN
2.5215,2.5215,2.5215,2.5215,1000,2021-10-07 15:36:00,HUSN
2.5208,2.5208,2.5,2.5,13148,2021-10-07 15:37:00,HUSN
2.5,2.5,2.5,2.5,100,2021-10-07 15:49:00,HUSN
2.496,2.496,2.496,2.496,400,2021-10-07 15:54:00,HUSN
2.495,2.495,2.495,2.495,200,2021-10-07 16:37:00,HUSN
2.5,2.5,2.5,2.5,990,2021-10-07 16:44:00,HUSN
2.49,2.4902,2.49,2.4902,1484,2021-10-07 16:57:00,HUSN
2.3901,2.3901,2.3901,2.3901,650,2021-10-07 16:59:00,HUSN
2.42,2.42,2.42,2.42,400,2021-10-07 17:04:00,HUSN
2.49,2.49,2.4855,2.4855,200,2021-10-07 17:10:00,HUSN
2.489,2.49,2.47,2.49,309,2021-10-07 19:59:00,HUSN
2.52,2.56,2.52,2.56,3500,2021-10-07 20:38:00,HUSN
2.5599,2.58,2.5599,2.58,3896,2021-10-07 20:39:00,HUSN
2.5501,2.5501,2.55,2.55,4000,2021-10-07 20:49:00,HUSN
2.5501,2.5501,2.5501,2.5501,100,2021-10-07 20:50:00,HUSN
2.49,2.49,2.49,2.49,300,2021-10-08 13:50:00,HUSN
2.49,2.49,2.49,2.49,500,2021-10-08 13:57:00,HUSN
2.411,2.45,2.411,2.45,400,2021-10-08 14:01:00,HUSN
2.486,2.486,2.486,2.486,100,2021-10-08 14:10:00,HUSN
2.49,2.5,2.49,2.5,560,2021-10-08 14:15:00,HUSN
2.53,2.56,2.53,2.56,550,2021-10-08 14:19:00,HUSN
2.5592,2.5592,2.5592,2.5592,400,2021-10-08 14:34:00,HUSN
2.56,2.56,2.56,2.56,899,2021-10-08 14:56:00,HUSN
2.53,2.53,2.53,2.53,989,2021-10-08 15:05:00,HUSN
2.525,2.525,2.525,2.525,300,2021-10-08 15:07:00,HUSN
2.5,2.5,2.5,2.5,300,2021-10-08 15:23:00,HUSN
2.5,2.5,2.5,2.5,780,2021-10-08 15:25:00,HUSN
2.52,2.53,2.52,2.53,750,2021-10-08 15:49:00,HUSN
2.56,2.56,2.56,2.56,902,2021-10-08 16:12:00,HUSN
2.535,2.535,2.535,2.535,500,2021-10-08 16:20:00,HUSN
2.56,2.56,2.56,2.56,100,2021-10-08 16:44:00,HUSN
2.58,2.58,2.58,2.58,400,2021-10-08 16:52:00,HUSN
2.59,2.59,2.59,2.59,427,2021-10-08 16:54:00,HUSN
2.58,2.58,2.58,2.58,900,2021-10-08 17:24:00,HUSN
2.54,2.54,2.53,2.53,6744,2021-10-08 17:34:00,HUSN
2.57,2.58,2.57,2.58,656,2021-10-08 17:45:00,HUSN
2.58,2.59,2.58,2.59,1000,2021-10-08 17:49:00,HUSN
2.5748,2.5748,2.5748,2.5748,638,2021-10-08 17:52:00,HUSN
2.6,2.6,2.6,2.6,598,2021-10-08 18:02:00,HUSN
2.61,2.61,2.6,2.6,1848,2021-10-08 18:11:00,HUSN
2.595,2.595,2.58,2.5806,2300,2021-10-08 18:13:00,HUSN
2.59,2.6,2.59,2.6,300,2021-10-08 18:35:00,HUSN
2.6,2.6,2.5982,2.5982,800,2021-10-08 18:36:00,HUSN
2.6,2.6,2.6,2.6,300,2021-10-08 18:41:00,HUSN
2.61,2.61,2.61,2.61,240,2021-10-08 18:43:00,HUSN
2.61,2.61,2.61,2.61,200,2021-10-08 18:46:00,HUSN
2.62,2.62,2.62,2.62,471,2021-10-08 18:51:00,HUSN
2.5601,2.5601,2.5601,2.5601,1100,2021-10-08 19:12:00,HUSN
2.57,2.57,2.56,2.56,400,2021-10-08 19:16:00,HUSN
2.55,2.55,2.55,2.55,300,2021-10-08 19:20:00,HUSN
2.55,2.55,2.55,2.55,126,2021-10-08 19:29:00,HUSN
2.55,2.55,2.55,2.55,609,2021-10-08 19:59:00,HUSN
2.5274,2.5274,2.5201,2.5201,703,2021-10-11 14:47:00,HUSN
2.5391,2.5391,2.5,2.5214,2813,2021-10-11 14:57:00,HUSN
2.5,2.5016,2.5,2.5016,2100,2021-10-11 15:00:00,HUSN
2.46,2.46,2.4501,2.4501,1000,2021-10-11 15:17:00,HUSN
2.47,2.47,2.45,2.452,7476,2021-10-11 15:56:00,HUSN
2.46,2.46,2.46,2.46,997,2021-10-11 17:43:00,HUSN
2.53,2.53,2.53,2.53,6530,2021-10-11 18:10:00,HUSN
2.48,2.48,2.48,2.48,600,2021-10-11 19:59:00,HUSN
2.52,2.52,2.52,2.52,200,2021-10-12 13:36:00,HUSN
2.4405,2.4405,2.4405,2.4405,100,2021-10-12 13:56:00,HUSN
2.44,2.44,2.44,2.44,100,2021-10-12 14:00:00,HUSN
2.48,2.48,2.44,2.44,1000,2021-10-12 14:19:00,HUSN
2.49,2.49,2.49,2.49,100,2021-10-12 15:48:00,HUSN
2.49,2.49,2.49,2.49,299,2021-10-12 16:15:00,HUSN
2.49,2.49,2.49,2.49,314,2021-10-12 16:18:00,HUSN
2.495,2.495,2.495,2.495,100,2021-10-12 17:12:00,HUSN
2.4903,2.4903,2.4903,2.4903,1000,2021-10-12 17:48:00,HUSN
2.495,2.495,2.46,2.46,4340,2021-10-12 17:49:00,HUSN
2.4501,2.4501,2.4501,2.4501,190,2021-10-12 17:56:00,HUSN
2.46,2.46,2.46,2.46,200,2021-10-12 19:02:00,HUSN
2.45,2.45,2.45,2.45,300,2021-10-12 19:32:00,HUSN
2.45,2.451,2.45,2.45,981,2021-10-12 19:35:00,HUSN
2.465,2.465,2.465,2.465,831,2021-10-12 19:56:00,HUSN
2.45,2.45,2.45,2.45,200,2021-10-12 19:59:00,HUSN
2.45,2.45,2.45,2.45,250,2021-10-12 20:48:00,HUSN
2.5,2.5,2.5,2.5,2700,2021-10-13 13:34:00,HUSN
2.4899,2.4899,2.4899,2.4899,100,2021-10-13 13:42:00,HUSN
2.451,2.451,2.45,2.45,748,2021-10-13 13:51:00,HUSN
2.4202,2.4202,2.4202,2.4202,7923,2021-10-13 13:58:00,HUSN
2.4217,2.4217,2.4217,2.4217,250,2021-10-13 14:22:00,HUSN
2.43,2.43,2.43,2.43,100,2021-10-13 14:36:00,HUSN
2.4863,2.4863,2.4863,2.4863,402,2021-10-13 15:04:00,HUSN
2.4899,2.4899,2.4899,2.4899,1500,2021-10-13 15:22:00,HUSN
2.45,2.45,2.45,2.45,200,2021-10-13 15:36:00,HUSN
2.4443,2.4443,2.4443,2.4443,200,2021-10-13 15:54:00,HUSN
2.44,2.44,2.44,2.44,300,2021-10-13 16:08:00,HUSN
2.5,2.5,2.5,2.5,4099,2021-10-13 17:27:00,HUSN
2.44,2.44,2.44,2.44,200,2021-10-13 17:58:00,HUSN
2.47,2.47,2.47,2.47,200,2021-10-13 18:41:00,HUSN
2.47,2.47,2.47,2.47,136,2021-10-13 19:07:00,HUSN
2.4982,2.4982,2.4982,2.4982,1000,2021-10-13 19:42:00,HUSN
2.485,2.5,2.48,2.48,850,2021-10-13 19:55:00,HUSN
2.519,2.519,2.48,2.48,6500,2021-10-13 19:59:00,HUSN
2.52,2.77,2.52,2.77,10536,2021-10-14 11:05:00,HUSN
2.77,2.88,2.63,2.71,5814,2021-10-14 11:06:00,HUSN
2.72,2.82,2.72,2.8,1050,2021-10-14 11:07:00,HUSN
2.84,2.84,2.84,2.84,100,2021-10-14 11:08:00,HUSN
2.84,3.0,2.83,2.85,6636,2021-10-14 11:09:00,HUSN
2.9,2.93,2.8,2.8,4844,2021-10-14 11:10:00,HUSN
2.89,3.0,2.89,3.0,1799,2021-10-14 11:11:00,HUSN
3.09,3.14,2.88,2.9,8708,2021-10-14 11:12:00,HUSN
2.88,2.99,2.8,2.86,7014,2021-10-14 11:13:00,HUSN
2.85,2.85,2.79,2.79,4000,2021-10-14 11:14:00,HUSN
2.78,2.8,2.73,2.73,2957,2021-10-14 11:15:00,HUSN
2.71,2.81,2.71,2.81,1693,2021-10-14 11:16:00,HUSN
2.86,3.0,2.86,3.0,2919,2021-10-14 11:17:00,HUSN
2.98,3.02,2.98,3.02,4801,2021-10-14 11:18:00,HUSN
3.03,3.05,2.91,3.0,4104,2021-10-14 11:19:00,HUSN
2.91,2.95,2.91,2.95,3840,2021-10-14 11:20:00,HUSN
2.95,2.99,2.95,2.95,3900,2021-10-14 11:21:00,HUSN
2.94,2.96,2.9,2.9,1747,2021-10-14 11:23:00,HUSN
2.92,2.92,2.76,2.76,5789,2021-10-14 11:24:00,HUSN
2.76,2.76,2.76,2.76,5450,2021-10-14 11:25:00,HUSN
2.83,2.85,2.83,2.85,2000,2021-10-14 11:26:00,HUSN
2.84,2.84,2.84,2.84,100,2021-10-14 11:27:00,HUSN
2.84,2.84,2.84,2.84,100,2021-10-14 11:28:00,HUSN
2.82,2.84,2.82,2.84,499,2021-10-14 11:30:00,HUSN
2.84,2.84,2.84,2.84,500,2021-10-14 11:31:00,HUSN
2.78,2.78,2.75,2.76,1800,2021-10-14 11:34:00,HUSN
2.76,2.76,2.76,2.76,249,2021-10-14 11:36:00,HUSN
2.76,2.76,2.75,2.75,291,2021-10-14 11:37:00,HUSN
2.73,2.73,2.73,2.73,200,2021-10-14 11:38:00,HUSN
2.74,2.74,2.74,2.74,100,2021-10-14 11:41:00,HUSN
2.74,2.74,2.74,2.74,300,2021-10-14 11:42:00,HUSN
2.74,2.74,2.74,2.74,100,2021-10-14 11:44:00,HUSN
2.8,2.8,2.8,2.8,100,2021-10-14 11:48:00,HUSN
2.8,2.81,2.8,2.81,200,2021-10-14 11:49:00,HUSN
2.83,2.85,2.83,2.84,2400,2021-10-14 11:51:00,HUSN
2.83,2.83,2.83,2.83,200,2021-10-14 11:55:00,HUSN
2.88,2.88,2.88,2.88,1021,2021-10-14 11:57:00,HUSN
2.88,2.88,2.88,2.88,100,2021-10-14 12:01:00,HUSN
2.88,2.88,2.88,2.88,100,2021-10-14 12:06:00,HUSN
2.87,2.88,2.87,2.88,2905,2021-10-14 12:07:00,HUSN
2.87,2.88,2.87,2.88,2547,2021-10-14 12:08:00,HUSN
2.88,2.96,2.88,2.9,6700,2021-10-14 12:09:00,HUSN
2.89,2.89,2.88,2.89,950,2021-10-14 12:10:00,HUSN
2.89,2.96,2.89,2.89,8100,2021-10-14 12:11:00,HUSN
2.93,2.93,2.93,2.93,1444,2021-10-14 12:12:00,HUSN
2.93,2.96,2.9,2.9,16262,2021-10-14 12:13:00,HUSN
2.95,2.96,2.95,2.96,325,2021-10-14 12:14:00,HUSN
2.95,2.95,2.9,2.9,3900,2021-10-14 12:15:00,HUSN
2.9,2.93,2.89,2.93,3250,2021-10-14 12:16:00,HUSN
2.9,2.9,2.9,2.9,200,2021-10-14 12:17:00,HUSN
2.89,2.9,2.84,2.84,5900,2021-10-14 12:18:00,HUSN
2.9,2.91,2.9,2.91,400,2021-10-14 12:19:00,HUSN
2.86,2.86,2.85,2.85,200,2021-10-14 12:21:00,HUSN
2.9,2.9,2.76,2.81,7047,2021-10-14 12:25:00,HUSN
2.83,2.87,2.83,2.87,400,2021-10-14 12:30:00,HUSN
2.76,2.77,2.59,2.59,10365,2021-10-14 12:31:00,HUSN
2.59,2.6,2.59,2.6,430,2021-10-14 12:32:00,HUSN
2.67,2.67,2.67,2.67,500,2021-10-14 12:33:00,HUSN
2.69,2.69,2.69,2.69,800,2021-10-14 12:35:00,HUSN
2.69,2.69,2.69,2.69,400,2021-10-14 12:38:00,HUSN
2.68,2.68,2.6,2.6,1530,2021-10-14 12:45:00,HUSN
2.6,2.6,2.6,2.6,800,2021-10-14 12:46:00,HUSN
2.6,2.63,2.6,2.63,600,2021-10-14 12:47:00,HUSN
2.67,2.68,2.66,2.68,2420,2021-10-14 12:48:00,HUSN
2.68,2.68,2.52,2.52,1680,2021-10-14 13:05:00,HUSN
2.61,2.61,2.61,2.61,500,2021-10-14 13:08:00,HUSN
2.64,2.65,2.64,2.65,450,2021-10-14 13:16:00,HUSN
2.69,2.69,2.61,2.61,4333,2021-10-14 13:30:00,HUSN
2.62,2.62,2.59,2.6,10761,2021-10-14 13:31:00,HUSN
2.601,2.645,2.601,2.645,640,2021-10-14 13:32:00,HUSN
2.6035,2.6719,2.5601,2.5601,1012,2021-10-14 13:35:00,HUSN
2.61,2.61,2.61,2.61,300,2021-10-14 13:37:00,HUSN
2.6,2.6,2.56,2.56,800,2021-10-14 13:38:00,HUSN
2.6158,2.6158,2.6158,2.6158,200,2021-10-14 13:39:00,HUSN
2.5825,2.5825,2.57,2.572,2000,2021-10-14 13:40:00,HUSN
2.57,2.61,2.57,2.61,307,2021-10-14 13:41:00,HUSN
2.58,2.6,2.57,2.6,3666,2021-10-14 13:43:00,HUSN
2.57,2.59,2.57,2.59,895,2021-10-14 13:45:00,HUSN
2.5701,2.5701,2.5701,2.5701,356,2021-10-14 13:46:00,HUSN
2.59,2.59,2.59,2.59,277,2021-10-14 13:49:00,HUSN
2.6,2.6,2.6,2.6,100,2021-10-14 13:52:00,HUSN
2.59,2.59,2.5898,2.5898,300,2021-10-14 13:53:00,HUSN
2.5889,2.5889,2.5889,2.5889,250,2021-10-14 13:57:00,HUSN
2.59,2.59,2.59,2.59,1000,2021-10-14 13:59:00,HUSN
2.59,2.61,2.59,2.61,1665,2021-10-14 14:02:00,HUSN
2.61,2.64,2.61,2.63,3079,2021-10-14 14:03:00,HUSN
2.6134,2.6134,2.6134,2.6134,200,2021-10-14 14:04:00,HUSN
2.6429,2.6429,2.6429,2.6429,400,2021-10-14 14:06:00,HUSN
2.6495,2.6495,2.6495,2.6495,400,2021-10-14 14:07:00,HUSN
2.64,2.64,2.64,2.64,100,2021-10-14 14:08:00,HUSN
2.65,2.67,2.65,2.67,1179,2021-10-14 14:10:00,HUSN
2.65,2.65,2.65,2.65,350,2021-10-14 14:11:00,HUSN
2.5804,2.5804,2.5804,2.5804,777,2021-10-14 14:12:00,HUSN
2.6104,2.6104,2.6104,2.6104,400,2021-10-14 14:14:00,HUSN
2.6351,2.6351,2.632,2.632,240,2021-10-14 14:15:00,HUSN
2.6,2.6053,2.6,2.6053,300,2021-10-14 14:23:00,HUSN
2.6026,2.64,2.6026,2.61,1000,2021-10-14 14:24:00,HUSN
2.6,2.6026,2.6,2.6026,750,2021-10-14 14:25:00,HUSN
2.64,2.64,2.6036,2.6036,550,2021-10-14 14:26:00,HUSN
2.6,2.6,2.6,2.6,1100,2021-10-14 14:28:00,HUSN
2.5802,2.5802,2.5802,2.5802,100,2021-10-14 14:37:00,HUSN
2.58,2.58,2.56,2.56,5298,2021-10-14 14:38:00,HUSN
2.55,2.55,2.42,2.4203,16100,2021-10-14 14:41:00,HUSN
2.455,2.455,2.455,2.455,600,2021-10-14 14:42:00,HUSN
2.4714,2.4714,2.46,2.46,1085,2021-10-14 14:43:00,HUSN
2.48,2.48,2.4777,2.4777,500,2021-10-14 14:44:00,HUSN
2.48,2.49,2.4482,2.49,11272,2021-10-14 14:45:00,HUSN
2.44,2.44,2.44,2.44,500,2021-10-14 14:47:00,HUSN
2.49,2.49,2.45,2.4899,6691,2021-10-14 14:48:00,HUSN
2.45,2.47,2.45,2.47,600,2021-10-14 14:49:00,HUSN
2.4548,2.4822,2.4548,2.4822,300,2021-10-14 14:50:00,HUSN
2.4838,2.4838,2.4838,2.4838,5020,2021-10-14 14:51:00,HUSN
2.4911,2.4911,2.49,2.49,200,2021-10-14 14:54:00,HUSN
2.4999,2.4999,2.4999,2.4999,3000,2021-10-14 14:55:00,HUSN
2.5,2.5,2.5,2.5,789,2021-10-14 14:56:00,HUSN
2.52,2.52,2.52,2.52,100,2021-10-14 14:57:00,HUSN
2.5499,2.5499,2.5499,2.5499,500,2021-10-14 14:58:00,HUSN
2.5845,2.5845,2.5845,2.5845,388,2021-10-14 14:59:00,HUSN
2.5637,2.5637,2.5637,2.5637,3112,2021-10-14 15:00:00,HUSN
2.55,2.554,2.55,2.554,400,2021-10-14 15:01:00,HUSN
2.52,2.55,2.4901,2.4901,10327,2021-10-14 15:02:00,HUSN
2.4945,2.4945,2.4945,2.4945,150,2021-10-14 15:03:00,HUSN
2.4925,2.4925,2.4925,2.4925,410,2021-10-14 15:04:00,HUSN
2.49,2.49,2.49,2.49,2674,2021-10-14 15:06:00,HUSN
2.5099,2.5099,2.5099,2.5099,2000,2021-10-14 15:09:00,HUSN
2.47,2.47,2.47,2.47,300,2021-10-14 15:12:00,HUSN
2.46,2.46,2.46,2.46,1000,2021-10-14 15:13:00,HUSN
2.44,2.4677,2.44,2.4401,1455,2021-10-14 15:16:00,HUSN
2.4401,2.455,2.4401,2.455,1500,2021-10-14 15:20:00,HUSN
2.45,2.45,2.45,2.45,400,2021-10-14 15:22:00,HUSN
2.445,2.445,2.445,2.445,200,2021-10-14 15:27:00,HUSN
2.45,2.45,2.45,2.45,400,2021-10-14 15:28:00,HUSN
2.4869,2.4869,2.4869,2.4869,304,2021-10-14 15:31:00,HUSN
2.4302,2.45,2.4302,2.45,3750,2021-10-14 15:34:00,HUSN
2.4301,2.4301,2.4301,2.4301,200,2021-10-14 15:37:00,HUSN
2.44,2.44,2.44,2.44,363,2021-10-14 15:42:00,HUSN
2.4401,2.4401,2.4401,2.4401,500,2021-10-14 15:46:00,HUSN
2.44,2.45,2.44,2.45,818,2021-10-14 15:48:00,HUSN
2.48,2.48,2.4684,2.48,4375,2021-10-14 15:49:00,HUSN
2.47,2.47,2.43,2.43,900,2021-10-14 15:55:00,HUSN
2.4765,2.4765,2.465,2.4692,1600,2021-10-14 16:03:00,HUSN
2.47,2.4796,2.47,2.4796,4882,2021-10-14 16:08:00,HUSN
2.45,2.45,2.45,2.45,325,2021-10-14 16:09:00,HUSN
2.4692,2.4692,2.4692,2.4692,300,2021-10-14 16:11:00,HUSN
2.4692,2.4692,2.45,2.45,600,2021-10-14 16:12:00,HUSN
2.4692,2.4692,2.4692,2.4692,900,2021-10-14 16:13:00,HUSN
2.4528,2.4753,2.4528,2.4753,1000,2021-10-14 16:14:00,HUSN
2.4753,2.4753,2.4753,2.4753,300,2021-10-14 16:15:00,HUSN
2.48,2.49,2.48,2.48,2901,2021-10-14 16:34:00,HUSN
2.49,2.49,2.48,2.48,600,2021-10-14 16:39:00,HUSN
2.48,2.49,2.48,2.48,13300,2021-10-14 16:43:00,HUSN
2.43,2.46,2.4,2.43,9984,2021-10-14 16:45:00,HUSN
2.4899,2.4899,2.4899,2.4899,602,2021-10-14 16:49:00,HUSN
2.49,2.49,2.48,2.488,900,2021-10-14 16:51:00,HUSN
2.4231,2.4231,2.4231,2.4231,100,2021-10-14 16:59:00,HUSN
2.44,2.46,2.44,2.44,4000,2021-10-14 17:12:00,HUSN
2.44,2.44,2.44,2.44,1000,2021-10-14 17:15:00,HUSN
2.46,2.46,2.451,2.46,1852,2021-10-14 17:30:00,HUSN
2.435,2.4557,2.435,2.4537,4000,2021-10-14 17:39:00,HUSN
2.435,2.435,2.435,2.435,100,2021-10-14 17:43:00,HUSN
2.4179,2.46,2.4141,2.46,1600,2021-10-14 17:44:00,HUSN
2.4202,2.4482,2.4141,2.44,2100,2021-10-14 17:46:00,HUSN
2.4482,2.4482,2.4482,2.4482,201,2021-10-14 17:47:00,HUSN
2.4599,2.4599,2.4599,2.4599,1000,2021-10-14 18:57:00,HUSN
2.4308,2.4308,2.4308,2.4308,2000,2021-10-14 19:14:00,HUSN
2.445,2.445,2.43,2.4301,541,2021-10-14 19:19:00,HUSN
2.445,2.445,2.445,2.445,100,2021-10-14 19:36:00,HUSN
2.4336,2.4336,2.4336,2.4336,141,2021-10-14 19:38:00,HUSN
2.4525,2.4525,2.4525,2.4525,985,2021-10-14 19:44:00,HUSN
2.45,2.45,2.45,2.45,200,2021-10-14 19:46:00,HUSN
2.46,2.46,2.46,2.46,1500,2021-10-14 19:50:00,HUSN
2.45,2.45,2.45,2.45,100,2021-10-14 19:52:00,HUSN
2.46,2.48,2.46,2.48,1078,2021-10-14 19:53:00,HUSN
2.46,2.46,2.44,2.44,964,2021-10-14 19:59:00,HUSN
2.47,2.47,2.47,2.47,917,2021-10-14 20:00:00,HUSN
2.41,2.41,2.41,2.41,100,2021-10-14 20:53:00,HUSN
2.41,2.41,2.41,2.41,100,2021-10-14 23:23:00,HUSN
2.46,2.46,2.46,2.46,320,2021-10-15 13:30:00,HUSN
2.4716,2.4716,2.47,2.4716,1546,2021-10-15 13:38:00,HUSN
2.4537,2.4537,2.4537,2.4537,195,2021-10-15 13:46:00,HUSN
2.45,2.45,2.4446,2.4446,262,2021-10-15 13:47:00,HUSN
2.4212,2.4212,2.4212,2.4212,602,2021-10-15 13:57:00,HUSN
2.42,2.42,2.42,2.42,290,2021-10-15 13:58:00,HUSN
2.41,2.4101,2.41,2.4101,972,2021-10-15 14:04:00,HUSN
2.4099,2.4099,2.4099,2.4099,100,2021-10-15 14:05:00,HUSN
2.4,2.4014,2.37,2.37,3346,2021-10-15 14:06:00,HUSN
2.4,2.4,2.4,2.4,2500,2021-10-15 14:07:00,HUSN
2.44,2.45,2.44,2.45,9983,2021-10-15 14:19:00,HUSN
2.4,2.4,2.4,2.4,200,2021-10-15 14:26:00,HUSN
2.43,2.43,2.43,2.43,700,2021-10-15 15:10:00,HUSN
2.44,2.44,2.4397,2.4397,1100,2021-10-15 15:56:00,HUSN
2.4,2.4,2.4,2.4,668,2021-10-15 16:18:00,HUSN
2.4001,2.4001,2.4001,2.4001,500,2021-10-15 16:43:00,HUSN
2.42,2.42,2.42,2.42,250,2021-10-15 16:48:00,HUSN
2.42,2.42,2.4,2.41,800,2021-10-15 17:08:00,HUSN
2.43,2.43,2.43,2.43,100,2021-10-15 17:09:00,HUSN
2.4101,2.4101,2.4101,2.4101,3900,2021-10-15 17:14:00,HUSN
2.43,2.43,2.43,2.43,200,2021-10-15 17:17:00,HUSN
2.42,2.42,2.42,2.42,1000,2021-10-15 17:42:00,HUSN
2.4101,2.4101,2.4101,2.4101,9178,2021-10-15 17:51:00,HUSN
2.43,2.45,2.42,2.45,2000,2021-10-15 17:59:00,HUSN
2.45,2.451,2.45,2.451,500,2021-10-15 18:16:00,HUSN
2.44,2.44,2.44,2.44,900,2021-10-15 19:12:00,HUSN
2.47,2.47,2.47,2.47,2763,2021-10-15 19:26:00,HUSN
2.47,2.48,2.455,2.48,3362,2021-10-15 19:27:00,HUSN
2.5,2.5,2.5,2.5,400,2021-10-15 19:28:00,HUSN
2.5,2.5,2.5,2.5,100,2021-10-15 19:45:00,HUSN
2.505,2.505,2.505,2.505,100,2021-10-15 19:50:00,HUSN
2.51,2.51,2.51,2.51,113,2021-10-15 19:54:00,HUSN
2.5,2.5,2.47,2.47,393,2021-10-15 19:59:00,HUSN
2.47,2.47,2.47,2.47,438,2021-10-15 20:00:00,HUSN
2.41,2.41,2.41,2.41,700,2021-10-15 20:59:00,HUSN
2.42,2.42,2.42,2.42,323,2021-10-18 13:30:00,HUSN
2.42,2.42,2.42,2.42,192,2021-10-18 13:37:00,HUSN
2.44,2.44,2.44,2.44,105,2021-10-18 13:42:00,HUSN
2.42,2.45,2.42,2.45,1600,2021-10-18 13:55:00,HUSN
2.465,2.5,2.465,2.5,200,2021-10-18 13:59:00,HUSN
2.47,2.49,2.47,2.49,200,2021-10-18 14:14:00,HUSN
2.49,2.49,2.47,2.49,1200,2021-10-18 14:24:00,HUSN
2.47,2.47,2.47,2.47,400,2021-10-18 14:27:00,HUSN
2.47,2.47,2.4695,2.4695,567,2021-10-18 14:36:00,HUSN
2.46,2.46,2.44,2.44,2898,2021-10-18 14:49:00,HUSN
2.465,2.49,2.465,2.49,400,2021-10-18 14:56:00,HUSN
2.45,2.45,2.45,2.45,100,2021-10-18 15:18:00,HUSN
2.44,2.44,2.38,2.41,10055,2021-10-18 15:21:00,HUSN
2.39,2.39,2.16,2.16,40051,2021-10-18 15:22:00,HUSN
2.19,2.19,2.06,2.08,84302,2021-10-18 15:23:00,HUSN
2.14,2.23,2.02,2.19,46533,2021-10-18 15:24:00,HUSN
2.22,2.22,2.18,2.19,3200,2021-10-18 15:25:00,HUSN
2.18,2.195,2.18,2.18,3500,2021-10-18 15:26:00,HUSN
2.18,2.21,2.18,2.2,3411,2021-10-18 15:27:00,HUSN
2.195,2.2,2.18,2.19,4042,2021-10-18 15:28:00,HUSN
2.2,2.22,2.18,2.19,13696,2021-10-18 15:29:00,HUSN
2.1909,2.1909,2.11,2.1435,6700,2021-10-18 15:30:00,HUSN
2.15,2.17,2.15,2.17,4922,2021-10-18 15:31:00,HUSN
2.14,2.14,2.14,2.14,599,2021-10-18 15:32:00,HUSN
2.2065,2.2065,2.2,2.2,400,2021-10-18 15:33:00,HUSN
2.19,2.23,2.19,2.209,10810,2021-10-18 15:34:00,HUSN
2.195,2.195,2.19,2.19,13300,2021-10-18 15:35:00,HUSN
2.21,2.21,2.21,2.21,5004,2021-10-18 15:37:00,HUSN
2.185,2.208,2.185,2.208,300,2021-10-18 15:38:00,HUSN
2.2,2.2297,2.2,2.2297,5600,2021-10-18 15:39:00,HUSN
2.22,2.22,2.22,2.22,1000,2021-10-18 15:41:00,HUSN
2.19,2.19,2.19,2.19,2100,2021-10-18 15:43:00,HUSN
2.2,2.2,2.2,2.2,121,2021-10-18 15:44:00,HUSN
2.19,2.2,2.19,2.2,400,2021-10-18 15:47:00,HUSN
2.22,2.22,2.22,2.22,300,2021-10-18 15:49:00,HUSN
2.22,2.23,2.22,2.22,1100,2021-10-18 15:50:00,HUSN
2.22,2.22,2.22,2.22,100,2021-10-18 15:51:00,HUSN
2.2299,2.2299,2.2299,2.2299,150,2021-10-18 15:52:00,HUSN
2.22,2.22,2.22,2.22,200,2021-10-18 15:54:00,HUSN
2.2287,2.2287,2.2287,2.2287,100,2021-10-18 15:55:00,HUSN
2.2289,2.2289,2.2289,2.2289,256,2021-10-18 15:56:00,HUSN
2.22,2.23,2.22,2.22,1600,2021-10-18 15:59:00,HUSN
2.23,2.23,2.21,2.21,1200,2021-10-18 16:02:00,HUSN
2.2159,2.2159,2.21,2.21,600,2021-10-18 16:03:00,HUSN
2.21,2.21,2.21,2.21,300,2021-10-18 16:04:00,HUSN
2.19,2.19,2.18,2.19,1499,2021-10-18 16:11:00,HUSN
2.18,2.19,2.18,2.1899,888,2021-10-18 16:12:00,HUSN
2.1989,2.2,2.1958,2.1958,1972,2021-10-18 16:18:00,HUSN
2.2269,2.2275,2.215,2.215,1200,2021-10-18 16:19:00,HUSN
2.215,2.215,2.2,2.2,3424,2021-10-18 16:20:00,HUSN
2.2094,2.21,2.2,2.2095,895,2021-10-18 16:22:00,HUSN
2.2,2.2,2.2,2.2,850,2021-10-18 16:23:00,HUSN
2.19,2.19,2.19,2.19,5200,2021-10-18 16:28:00,HUSN
2.18,2.18,2.14,2.15,15775,2021-10-18 16:29:00,HUSN
2.15,2.15,2.15,2.15,100,2021-10-18 16:30:00,HUSN
2.18,2.1946,2.179,2.179,4999,2021-10-18 16:34:00,HUSN
2.19,2.2,2.175,2.175,2450,2021-10-18 16:37:00,HUSN
2.1984,2.1984,2.1984,2.1984,100,2021-10-18 16:42:00,HUSN
2.2,2.24,2.19,2.199,6382,2021-10-18 16:45:00,HUSN
2.22,2.33,2.22,2.33,9777,2021-10-18 16:46:00,HUSN
2.28,2.4,2.275,2.275,9930,2021-10-18 16:47:00,HUSN
2.37,2.4,2.325,2.38,4758,2021-10-18 16:48:00,HUSN
2.3,2.3,2.29,2.29,1500,2021-10-18 17:02:00,HUSN
2.29,2.3,2.29,2.29,1390,2021-10-18 17:03:00,HUSN
2.27,2.27,2.252,2.252,1300,2021-10-18 17:04:00,HUSN
2.2601,2.2604,2.2601,2.2604,400,2021-10-18 17:11:00,HUSN
2.2626,2.275,2.2619,2.2627,2200,2021-10-18 17:12:00,HUSN
2.2627,2.265,2.26,2.265,2038,2021-10-18 17:13:00,HUSN
2.265,2.265,2.265,2.265,400,2021-10-18 17:14:00,HUSN
2.2605,2.2605,2.26,2.26,1480,2021-10-18 17:15:00,HUSN
2.2504,2.2504,2.2504,2.2504,1200,2021-10-18 17:16:00,HUSN
2.2527,2.27,2.25,2.25,2733,2021-10-18 17:21:00,HUSN
2.26,2.26,2.25,2.25,1000,2021-10-18 17:28:00,HUSN
2.2527,2.2527,2.25,2.25,300,2021-10-18 17:29:00,HUSN
2.2527,2.2527,2.2527,2.2527,300,2021-10-18 17:37:00,HUSN
2.25,2.25,2.25,2.25,234,2021-10-18 17:45:00,HUSN
2.2697,2.2697,2.2697,2.2697,300,2021-10-18 17:50:00,HUSN
2.2527,2.2527,2.2527,2.2527,300,2021-10-18 17:53:00,HUSN
2.26,2.26,2.26,2.26,100,2021-10-18 17:54:00,HUSN
2.2635,2.2635,2.262,2.262,200,2021-10-18 18:02:00,HUSN
2.2715,2.2715,2.2715,2.2715,1000,2021-10-18 18:06:00,HUSN
2.2627,2.2627,2.262,2.262,300,2021-10-18 18:09:00,HUSN
2.26,2.26,2.26,2.26,300,2021-10-18 18:10:00,HUSN
2.25,2.25,2.25,2.25,300,2021-10-18 18:17:00,HUSN
2.28,2.29,2.28,2.2886,992,2021-10-18 18:24:00,HUSN
2.252,2.252,2.252,2.252,300,2021-10-18 18:25:00,HUSN
2.27,2.27,2.27,2.27,100,2021-10-18 18:26:00,HUSN
2.28,2.28,2.28,2.28,100,2021-10-18 18:29:00,HUSN
2.29,2.29,2.28,2.28,2200,2021-10-18 18:31:00,HUSN
2.28,2.28,2.28,2.28,200,2021-10-18 18:32:00,HUSN
2.27,2.27,2.27,2.27,1000,2021-10-18 18:34:00,HUSN
2.27,2.2701,2.25,2.25,2730,2021-10-18 18:36:00,HUSN
2.25,2.279,2.25,2.265,3050,2021-10-18 18:44:00,HUSN
2.28,2.29,2.28,2.29,900,2021-10-18 18:48:00,HUSN
2.28,2.28,2.2792,2.28,350,2021-10-18 18:52:00,HUSN
2.2879,2.2879,2.2879,2.2879,482,2021-10-18 18:53:00,HUSN
2.28,2.29,2.28,2.29,983,2021-10-18 19:01:00,HUSN
2.27,2.29,2.27,2.29,590,2021-10-18 19:02:00,HUSN
2.3102,2.3102,2.3102,2.3102,200,2021-10-18 19:07:00,HUSN
2.2635,2.2635,2.262,2.262,300,2021-10-18 19:11:00,HUSN
2.28,2.28,2.28,2.28,100,2021-10-18 19:13:00,HUSN
2.26,2.2627,2.26,2.2627,300,2021-10-18 19:19:00,HUSN
2.2627,2.2627,2.2627,2.2627,300,2021-10-18 19:27:00,HUSN
2.2602,2.28,2.2602,2.28,5400,2021-10-18 19:34:00,HUSN
2.2627,2.2627,2.26,2.26,300,2021-10-18 19:35:00,HUSN
2.275,2.275,2.26,2.26,495,2021-10-18 19:41:00,HUSN
2.262,2.262,2.262,2.262,300,2021-10-18 19:43:00,HUSN
2.27,2.27,2.27,2.27,300,2021-10-18 19:45:00,HUSN
2.2702,2.2702,2.2702,2.2702,5651,2021-10-18 19:47:00,HUSN
2.27,2.28,2.27,2.28,300,2021-10-18 19:50:00,HUSN
2.2727,2.2727,2.2727,2.2727,100,2021-10-18 19:52:00,HUSN
2.28,2.28,2.27,2.28,300,2021-10-18 19:55:00,HUSN
2.28,2.28,2.26,2.275,849,2021-10-18 19:59:00,HUSN
2.26,2.26,2.26,2.26,462,2021-10-18 20:00:00,HUSN
2.26,2.26,2.22,2.22,947,2021-10-18 20:05:00,HUSN
2.26,2.26,2.26,2.26,100,2021-10-18 21:04:00,HUSN
2.33,2.33,2.33,2.33,200,2021-10-18 22:39:00,HUSN
2.27,2.27,2.27,2.27,100,2021-10-19 13:28:00,HUSN
2.2,2.28,2.2,2.28,4017,2021-10-19 13:30:00,HUSN
2.2826,2.2826,2.2826,2.2826,200,2021-10-19 13:31:00,HUSN
2.33,2.33,2.33,2.33,150,2021-10-19 13:35:00,HUSN
2.29,2.29,2.29,2.29,100,2021-10-19 13:45:00,HUSN
2.29,2.3,2.29,2.29,500,2021-10-19 13:53:00,HUSN
2.29,2.29,2.29,2.29,500,2021-10-19 13:54:00,HUSN
2.288,2.29,2.26,2.28,5300,2021-10-19 14:07:00,HUSN
2.2737,2.2737,2.2737,2.2737,1000,2021-10-19 14:09:00,HUSN
2.26,2.26,2.26,2.26,500,2021-10-19 14:15:00,HUSN
2.2101,2.2101,2.2101,2.2101,100,2021-10-19 14:16:00,HUSN
2.25,2.25,2.25,2.25,300,2021-10-19 14:21:00,HUSN
2.23,2.25,2.23,2.25,300,2021-10-19 14:22:00,HUSN
2.23,2.23,2.23,2.23,100,2021-10-19 14:49:00,HUSN
2.22,2.22,2.22,2.22,100,2021-10-19 15:00:00,HUSN
2.25,2.25,2.2101,2.2101,1020,2021-10-19 15:09:00,HUSN
2.2101,2.2101,2.2101,2.2101,100,2021-10-19 15:12:00,HUSN
2.25,2.29,2.25,2.29,5000,2021-10-19 15:17:00,HUSN
2.26,2.26,2.2446,2.2446,600,2021-10-19 15:34:00,HUSN
2.24,2.24,2.24,2.24,100,2021-10-19 15:36:00,HUSN
2.2501,2.2501,2.2501,2.2501,100,2021-10-19 15:49:00,HUSN
2.23,2.23,2.23,2.23,100,2021-10-19 16:04:00,HUSN
2.21,2.21,2.21,2.21,100,2021-10-19 16:30:00,HUSN
2.235,2.25,2.235,2.2498,1675,2021-10-19 16:48:00,HUSN
2.2555,2.2555,2.2555,2.2555,500,2021-10-19 16:49:00,HUSN
2.27,2.28,2.27,2.28,400,2021-10-19 16:56:00,HUSN
2.275,2.29,2.275,2.29,1199,2021-10-19 17:44:00,HUSN
2.2847,2.2847,2.2847,2.2847,100,2021-10-19 17:52:00,HUSN
2.2602,2.2602,2.2602,2.2602,3022,2021-10-19 17:55:00,HUSN
2.2601,2.28,2.2601,2.28,250,2021-10-19 17:58:00,HUSN
2.275,2.29,2.275,2.275,300,2021-10-19 17:59:00,HUSN
2.275,2.275,2.275,2.275,100,2021-10-19 18:20:00,HUSN
2.26,2.26,2.26,2.26,100,2021-10-19 18:29:00,HUSN
2.26,2.29,2.26,2.29,887,2021-10-19 18:37:00,HUSN
2.26,2.26,2.26,2.26,100,2021-10-19 18:42:00,HUSN
2.26,2.26,2.26,2.26,100,2021-10-19 18:48:00,HUSN
2.275,2.275,2.275,2.275,100,2021-10-19 18:55:00,HUSN
2.275,2.29,2.275,2.29,600,2021-10-19 18:58:00,HUSN
2.27,2.27,2.27,2.27,189,2021-10-19 18:59:00,HUSN
2.29,2.33,2.29,2.33,4994,2021-10-19 19:17:00,HUSN
2.2958,2.2958,2.29,2.29,3800,2021-10-19 19:21:00,HUSN
2.32,2.32,2.32,2.32,200,2021-10-19 19:28:00,HUSN
2.3,2.32,2.3,2.32,200,2021-10-19 19:33:00,HUSN
2.29,2.29,2.29,2.29,200,2021-10-19 19:38:00,HUSN
2.31,2.31,2.31,2.31,500,2021-10-19 19:39:00,HUSN
2.285,2.285,2.285,2.285,100,2021-10-19 19:42:00,HUSN
2.31,2.31,2.3,2.31,800,2021-10-19 19:44:00,HUSN
2.31,2.31,2.285,2.285,800,2021-10-19 19:45:00,HUSN
2.33,2.33,2.33,2.33,400,2021-10-19 19:46:00,HUSN
2.3001,2.35,2.3001,2.35,5200,2021-10-19 19:49:00,HUSN
2.3001,2.3001,2.3,2.3,11200,2021-10-19 19:50:00,HUSN
2.27,2.27,2.26,2.26,200,2021-10-19 19:58:00,HUSN
2.26,2.26,2.26,2.26,427,2021-10-19 19:59:00,HUSN
2.26,2.26,2.26,2.26,101,2021-10-19 20:00:00,HUSN
2.26,2.26,2.26,2.26,400,2021-10-19 20:12:00,HUSN
2.29,2.29,2.27,2.27,4700,2021-10-20 13:45:00,HUSN
2.28,2.28,2.28,2.28,2298,2021-10-20 13:58:00,HUSN
2.37,2.37,2.37,2.37,120,2021-10-20 14:31:00,HUSN
2.2403,2.2403,2.2403,2.2403,200,2021-10-20 14:53:00,HUSN
2.3228,2.3228,2.3228,2.3228,200,2021-10-20 15:09:00,HUSN
2.28,2.28,2.27,2.27,233,2021-10-20 15:26:00,HUSN
2.29,2.2915,2.27,2.27,3982,2021-10-20 16:45:00,HUSN
2.3098,2.3098,2.3098,2.3098,1000,2021-10-20 16:51:00,HUSN
2.27,2.27,2.24,2.2611,3993,2021-10-20 17:16:00,HUSN
2.22,2.2515,2.21,2.21,3860,2021-10-20 17:21:00,HUSN
2.2289,2.2289,2.2289,2.2289,120,2021-10-20 18:02:00,HUSN
2.28,2.28,2.28,2.28,500,2021-10-20 18:03:00,HUSN
2.295,2.295,2.295,2.295,500,2021-10-20 18:04:00,HUSN
2.295,2.295,2.295,2.295,1000,2021-10-20 18:21:00,HUSN
2.32,2.32,2.32,2.32,5000,2021-10-20 18:29:00,HUSN
2.31,2.31,2.31,2.31,1800,2021-10-20 18:33:00,HUSN
2.2801,2.2801,2.2801,2.2801,500,2021-10-20 18:52:00,HUSN
2.2812,2.2812,2.2812,2.2812,500,2021-10-20 18:53:00,HUSN
2.2807,2.2807,2.28,2.28,1000,2021-10-20 18:54:00,HUSN
2.3,2.3,2.3,2.3,100,2021-10-20 19:06:00,HUSN
2.29,2.29,2.27,2.27,1599,2021-10-20 19:07:00,HUSN
2.27,2.271,2.21,2.271,9964,2021-10-20 19:09:00,HUSN
2.2835,2.2835,2.25,2.25,2000,2021-10-20 19:10:00,HUSN
2.25,2.25,2.25,2.25,200,2021-10-20 19:11:00,HUSN
2.275,2.2952,2.26,2.29,23100,2021-10-20 19:13:00,HUSN
2.3138,2.3138,2.3138,2.3138,2000,2021-10-20 19:14:00,HUSN
2.2904,2.2904,2.2904,2.2904,11900,2021-10-20 19:15:00,HUSN
2.3125,2.32,2.31,2.3198,5401,2021-10-20 19:17:00,HUSN
2.3138,2.3138,2.31,2.31,625,2021-10-20 19:19:00,HUSN
2.3181,2.35,2.31,2.3284,4400,2021-10-20 19:20:00,HUSN
2.33,2.33,2.33,2.33,475,2021-10-20 19:26:00,HUSN
2.33,2.33,2.33,2.33,2290,2021-10-20 19:29:00,HUSN
2.27,2.27,2.27,2.27,1000,2021-10-20 19:33:00,HUSN
2.3289,2.3289,2.3289,2.3289,5500,2021-10-20 19:34:00,HUSN
2.3,2.44,2.3,2.4304,24073,2021-10-20 19:35:00,HUSN
2.38,2.38,2.37,2.38,1700,2021-10-20 19:36:00,HUSN
2.4,2.4,2.3665,2.3665,1200,2021-10-20 19:37:00,HUSN
2.4,2.4,2.395,2.395,264,2021-10-20 19:38:00,HUSN
2.39,2.39,2.39,2.39,400,2021-10-20 19:39:00,HUSN
2.3372,2.3372,2.3372,2.3372,450,2021-10-20 19:43:00,HUSN
2.33,2.39,2.33,2.3412,6700,2021-10-20 19:44:00,HUSN
2.3788,2.3788,2.3788,2.3788,500,2021-10-20 19:46:00,HUSN
2.3169,2.34,2.28,2.2905,12397,2021-10-20 19:48:00,HUSN
2.3241,2.3241,2.3,2.3,1000,2021-10-20 19:54:00,HUSN
2.3608,2.37,2.36,2.3612,3600,2021-10-20 19:56:00,HUSN
2.36,2.37,2.36,2.36,1200,2021-10-20 19:58:00,HUSN
2.39,2.39,2.38,2.38,660,2021-10-20 19:59:00,HUSN
2.37,2.37,2.37,2.37,518,2021-10-20 20:00:00,HUSN
2.37,2.37,2.37,2.37,220,2021-10-20 21:02:00,HUSN
2.43,2.43,2.43,2.43,130,2021-10-20 21:04:00,HUSN
2.43,2.43,2.43,2.43,150,2021-10-20 21:05:00,HUSN
2.4296,2.4296,2.4296,2.4296,364,2021-10-20 21:17:00,HUSN
2.37,2.37,2.37,2.37,250,2021-10-20 21:29:00,HUSN
2.37,2.37,2.37,2.37,300,2021-10-21 12:54:00,HUSN
2.4,2.43,2.4,2.43,476,2021-10-21 12:55:00,HUSN
2.43,2.43,2.43,2.43,4989,2021-10-21 12:57:00,HUSN
2.4499,2.45,2.4499,2.45,600,2021-10-21 13:02:00,HUSN
2.41,2.41,2.41,2.41,190,2021-10-21 13:28:00,HUSN
2.38,2.38,2.36,2.365,3400,2021-10-21 13:31:00,HUSN
2.3505,2.36,2.27,2.3097,15460,2021-10-21 13:32:00,HUSN
2.3465,2.3465,2.3465,2.3465,2500,2021-10-21 13:33:00,HUSN
2.33,2.33,2.33,2.33,451,2021-10-21 13:38:00,HUSN
2.34,2.34,2.33,2.33,849,2021-10-21 13:44:00,HUSN
2.3764,2.3764,2.3764,2.3764,1000,2021-10-21 13:45:00,HUSN
2.375,2.375,2.375,2.375,100,2021-10-21 13:54:00,HUSN
2.32,2.32,2.32,2.32,200,2021-10-21 14:03:00,HUSN
2.32,2.32,2.32,2.32,1000,2021-10-21 14:04:00,HUSN
2.428,2.428,2.428,2.428,100,2021-10-21 14:05:00,HUSN
2.3013,2.3013,2.3013,2.3013,125,2021-10-21 14:06:00,HUSN
2.33,2.399,2.33,2.399,2881,2021-10-21 14:20:00,HUSN
2.3938,2.3938,2.3938,2.3938,220,2021-10-21 14:24:00,HUSN
2.3058,2.3058,2.3058,2.3058,364,2021-10-21 14:37:00,HUSN
2.316,2.317,2.3,2.3,900,2021-10-21 14:44:00,HUSN
2.3265,2.3265,2.3265,2.3265,1500,2021-10-21 14:46:00,HUSN
2.3,2.3,2.3,2.3,111,2021-10-21 14:51:00,HUSN
2.3778,2.3778,2.3778,2.3778,300,2021-10-21 14:53:00,HUSN
2.31,2.314,2.28,2.314,3196,2021-10-21 14:54:00,HUSN
2.2701,2.2701,2.2701,2.2701,5000,2021-10-21 14:58:00,HUSN
2.2706,2.2706,2.2706,2.2706,1000,2021-10-21 14:59:00,HUSN
2.2713,2.2713,2.2713,2.2713,1900,2021-10-21 15:00:00,HUSN
2.3062,2.36,2.3062,2.313,6680,2021-10-21 15:15:00,HUSN
2.28,2.28,2.28,2.28,500,2021-10-21 15:24:00,HUSN
2.291,2.325,2.29,2.29,1600,2021-10-21 15:34:00,HUSN
2.29,2.29,2.29,2.29,100,2021-10-21 15:38:00,HUSN
2.2805,2.32,2.28,2.32,2462,2021-10-21 15:39:00,HUSN
2.31,2.3187,2.27,2.2735,3000,2021-10-21 15:40:00,HUSN
2.2735,2.2735,2.2735,2.2735,1000,2021-10-21 15:41:00,HUSN
2.2735,2.2735,2.2735,2.2735,1000,2021-10-21 15:44:00,HUSN
2.27,2.27,2.27,2.27,100,2021-10-21 15:45:00,HUSN
2.28,2.28,2.28,2.28,4000,2021-10-21 15:50:00,HUSN
2.28,2.28,2.28,2.28,146,2021-10-21 16:11:00,HUSN
2.316,2.34,2.316,2.3398,12500,2021-10-21 16:21:00,HUSN
2.33,2.35,2.33,2.35,2700,2021-10-21 16:36:00,HUSN
2.35,2.35,2.35,2.35,100,2021-10-21 16:37:00,HUSN
2.31,2.325,2.28,2.302,2700,2021-10-21 16:38:00,HUSN
2.3,2.31,2.3,2.31,3100,2021-10-21 16:39:00,HUSN
2.335,2.335,2.3111,2.3111,5000,2021-10-21 16:59:00,HUSN
2.335,2.335,2.31,2.3103,9700,2021-10-21 17:00:00,HUSN
2.353,2.353,2.353,2.353,2000,2021-10-21 17:12:00,HUSN
2.2913,2.2913,2.2913,2.2913,999,2021-10-21 17:14:00,HUSN
2.32,2.32,2.29,2.29,400,2021-10-21 17:34:00,HUSN
2.29,2.29,2.29,2.29,200,2021-10-21 17:38:00,HUSN
2.285,2.285,2.28,2.28,2080,2021-10-21 17:44:00,HUSN
2.2961,2.2961,2.2961,2.2961,1000,2021-10-21 17:50:00,HUSN
2.2832,2.2832,2.2832,2.2832,262,2021-10-21 18:12:00,HUSN
2.29,2.3,2.29,2.3,3004,2021-10-21 18:19:00,HUSN
2.29,2.29,2.28,2.2804,300,2021-10-21 18:23:00,HUSN
2.32,2.32,2.32,2.32,100,2021-10-21 18:35:00,HUSN
2.2972,2.2972,2.2972,2.2972,200,2021-10-21 18:37:00,HUSN
2.28,2.285,2.28,2.28,700,2021-10-21 19:21:00,HUSN
2.285,2.285,2.28,2.28,1205,2021-10-21 19:24:00,HUSN
2.27,2.27,2.22,2.22,15029,2021-10-21 19:39:00,HUSN
2.22,2.22,2.22,2.22,626,2021-10-21 19:42:00,HUSN
2.23,2.23,2.23,2.23,1100,2021-10-21 19:43:00,HUSN
2.2,2.2,2.2,2.2,2900,2021-10-21 19:44:00,HUSN
2.2,2.2324,2.2,2.2324,2704,2021-10-21 19:45:00,HUSN
2.2,2.21,2.2,2.21,1450,2021-10-21 19:46:00,HUSN
2.21,2.21,2.21,2.21,600,2021-10-21 19:47:00,HUSN
2.24,2.24,2.24,2.24,2000,2021-10-21 19:49:00,HUSN
2.21,2.2107,2.21,2.21,476,2021-10-21 19:51:00,HUSN
2.22,2.22,2.22,2.22,200,2021-10-21 19:54:00,HUSN
2.24,2.25,2.24,2.25,995,2021-10-21 19:56:00,HUSN
2.25,2.27,2.25,2.27,800,2021-10-21 19:57:00,HUSN
2.27,2.3,2.27,2.29,300,2021-10-21 19:59:00,HUSN
2.25,2.25,2.25,2.25,263,2021-10-21 20:00:00,HUSN
2.2,2.2,2.2,2.2,168,2021-10-21 21:34:00,HUSN
2.3,2.3,2.3,2.3,200,2021-10-21 22:37:00,HUSN
2.25,2.25,2.25,2.25,450,2021-10-21 23:58:00,HUSN
2.32,2.32,2.25,2.25,1100,2021-10-22 12:06:00,HUSN
2.25,2.25,2.25,2.25,1000,2021-10-22 12:07:00,HUSN
2.25,2.25,2.25,2.25,1100,2021-10-22 12:08:00,HUSN
2.25,2.25,2.25,2.25,100,2021-10-22 12:34:00,HUSN
2.24,2.24,2.24,2.24,500,2021-10-22 13:01:00,HUSN
2.24,2.24,2.24,2.24,2222,2021-10-22 13:30:00,HUSN
2.25,2.2557,2.24,2.2557,1800,2021-10-22 13:31:00,HUSN
2.2,2.2,2.17,2.17,2620,2021-10-22 13:33:00,HUSN
2.33,2.33,2.33,2.33,100,2021-10-22 13:43:00,HUSN
2.37,2.37,2.37,2.37,1000,2021-10-22 13:46:00,HUSN
2.33,2.33,2.3036,2.3036,200,2021-10-22 13:48:00,HUSN
2.22,2.23,2.21,2.21,1798,2021-10-22 13:51:00,HUSN
2.21,2.21,2.17,2.17,1100,2021-10-22 13:52:00,HUSN
2.2,2.2,2.2,2.2,400,2021-10-22 13:53:00,HUSN
2.1756,2.1756,2.1756,2.1756,452,2021-10-22 13:54:00,HUSN
2.26,2.27,2.2409,2.2409,2000,2021-10-22 13:58:00,HUSN
2.2582,2.2582,2.2582,2.2582,100,2021-10-22 14:00:00,HUSN
2.21,2.21,2.2008,2.2008,1000,2021-10-22 14:04:00,HUSN
2.2011,2.2011,2.2011,2.2011,1500,2021-10-22 14:10:00,HUSN
2.29,2.29,2.29,2.29,100,2021-10-22 14:30:00,HUSN
2.305,2.305,2.305,2.305,1000,2021-10-22 14:31:00,HUSN
2.3,2.3,2.3,2.3,481,2021-10-22 14:34:00,HUSN
2.2553,2.2553,2.2553,2.2553,1000,2021-10-22 14:44:00,HUSN
2.26,2.26,2.26,2.26,100,2021-10-22 14:49:00,HUSN
2.2413,2.2413,2.2413,2.2413,1000,2021-10-22 15:22:00,HUSN
2.213,2.2276,2.2,2.2276,3960,2021-10-22 15:29:00,HUSN
2.2,2.2154,2.17,2.2154,3812,2021-10-22 15:31:00,HUSN
2.17,2.17,2.16,2.16,277,2021-10-22 15:39:00,HUSN
2.1715,2.1715,2.1715,2.1715,1000,2021-10-22 15:40:00,HUSN
2.2176,2.2176,2.2176,2.2176,140,2021-10-22 15:58:00,HUSN
2.16,2.16,2.15,2.15,10964,2021-10-22 16:09:00,HUSN
2.16,2.16,2.13,2.13,1638,2021-10-22 16:11:00,HUSN
2.13,2.13,2.13,2.13,4679,2021-10-22 16:15:00,HUSN
2.13,2.13,2.13,2.13,821,2021-10-22 16:16:00,HUSN
2.13,2.13,2.13,2.13,100,2021-10-22 16:17:00,HUSN
2.12,2.13,2.12,2.13,3292,2021-10-22 16:19:00,HUSN
2.12,2.12,2.12,2.12,200,2021-10-22 16:20:00,HUSN
2.11,2.13,2.11,2.13,200,2021-10-22 16:22:00,HUSN
2.11,2.11,2.11,2.11,388,2021-10-22 16:23:00,HUSN
2.11,2.11,2.11,2.11,300,2021-10-22 16:25:00,HUSN
2.11,2.11,2.11,2.11,600,2021-10-22 16:28:00,HUSN
2.11,2.11,2.11,2.11,399,2021-10-22 16:31:00,HUSN
2.11,2.1135,2.11,2.1135,800,2021-10-22 16:33:00,HUSN
2.12,2.13,2.12,2.13,1200,2021-10-22 16:37:00,HUSN
2.13,2.13,2.13,2.13,100,2021-10-22 16:43:00,HUSN
2.12,2.12,2.12,2.12,100,2021-10-22 16:54:00,HUSN
2.1104,2.1104,2.1104,2.1104,1000,2021-10-22 17:01:00,HUSN
2.115,2.12,2.115,2.1158,1100,2021-10-22 17:05:00,HUSN
2.12,2.15,2.12,2.15,797,2021-10-22 17:07:00,HUSN
2.1571,2.1571,2.1571,2.1571,600,2021-10-22 17:27:00,HUSN
2.15,2.15,2.15,2.15,200,2021-10-22 17:28:00,HUSN
2.1234,2.1291,2.1234,2.1291,1100,2021-10-22 18:15:00,HUSN
2.1267,2.1267,2.1267,2.1267,224,2021-10-22 18:32:00,HUSN
2.11,2.11,2.11,2.11,100,2021-10-22 18:36:00,HUSN
2.11,2.11,2.11,2.11,100,2021-10-22 18:39:00,HUSN
2.11,2.11,2.11,2.11,100,2021-10-22 18:43:00,HUSN
2.11,2.11,2.11,2.11,100,2021-10-22 18:45:00,HUSN
2.12,2.13,2.12,2.1217,1100,2021-10-22 18:47:00,HUSN
2.1217,2.13,2.1217,2.1217,1600,2021-10-22 18:48:00,HUSN
2.13,2.13,2.1217,2.1217,1200,2021-10-22 18:49:00,HUSN
2.13,2.13,2.1217,2.1217,1004,2021-10-22 18:50:00,HUSN
2.12,2.12,2.12,2.12,100,2021-10-22 18:52:00,HUSN
2.11,2.11,2.11,2.11,200,2021-10-22 18:54:00,HUSN
2.14,2.14,2.14,2.14,1089,2021-10-22 19:16:00,HUSN
2.135,2.15,2.135,2.1375,600,2021-10-22 19:28:00,HUSN
2.13,2.15,2.13,2.15,1900,2021-10-22 19:48:00,HUSN
2.15,2.15,2.15,2.15,100,2021-10-22 19:51:00,HUSN
2.15,2.15,2.15,2.15,367,2021-10-22 19:59:00,HUSN
2.14,2.14,2.14,2.14,114,2021-10-22 20:00:00,HUSN
2.16,2.16,2.16,2.16,478,2021-10-25 12:47:00,HUSN
2.16,2.16,2.16,2.16,502,2021-10-25 13:00:00,HUSN
2.16,2.16,2.16,2.16,100,2021-10-25 13:03:00,HUSN
2.3297,2.3297,2.3297,2.3297,500,2021-10-25 13:31:00,HUSN
2.33,2.33,2.33,2.33,367,2021-10-25 13:32:00,HUSN
2.28,2.328,2.28,2.328,1662,2021-10-25 13:34:00,HUSN
2.16,2.16,2.16,2.16,404,2021-10-25 13:36:00,HUSN
2.17,2.17,2.16,2.16,235,2021-10-25 13:47:00,HUSN
2.185,2.185,2.185,2.185,1500,2021-10-25 14:20:00,HUSN
2.185,2.185,2.185,2.185,1500,2021-10-25 14:21:00,HUSN
2.22,2.22,2.22,2.22,900,2021-10-25 14:55:00,HUSN
2.22,2.22,2.22,2.22,200,2021-10-25 15:20:00,HUSN
2.2208,2.2208,2.2208,2.2208,500,2021-10-25 15:31:00,HUSN
2.2209,2.2209,2.2209,2.2209,264,2021-10-25 15:33:00,HUSN
2.2208,2.2208,2.2208,2.2208,400,2021-10-25 15:37:00,HUSN
2.22,2.22,2.22,2.22,100,2021-10-25 15:41:00,HUSN
2.22,2.2202,2.22,2.2202,1900,2021-10-25 15:45:00,HUSN
2.225,2.24,2.225,2.24,3173,2021-10-25 16:41:00,HUSN
2.22,2.22,2.22,2.22,1407,2021-10-25 16:47:00,HUSN
2.2247,2.2247,2.2247,2.2247,600,2021-10-25 16:58:00,HUSN
2.24,2.24,2.24,2.24,600,2021-10-25 17:10:00,HUSN
2.2273,2.2273,2.2273,2.2273,100,2021-10-25 17:21:00,HUSN
2.22,2.22,2.22,2.22,100,2021-10-25 17:26:00,HUSN
2.22,2.22,2.22,2.22,100,2021-10-25 17:36:00,HUSN
2.22,2.221,2.22,2.221,200,2021-10-25 17:43:00,HUSN
2.22,2.22,2.22,2.22,1100,2021-10-25 17:45:00,HUSN
2.22,2.22,2.22,2.22,100,2021-10-25 17:54:00,HUSN
2.22,2.22,2.22,2.22,100,2021-10-25 17:56:00,HUSN
2.22,2.22,2.22,2.22,200,2021-10-25 18:04:00,HUSN
2.22,2.22,2.22,2.22,100,2021-10-25 18:13:00,HUSN
2.22,2.22,2.22,2.22,15608,2021-10-25 18:23:00,HUSN
2.2,2.2,2.2,2.2,298,2021-10-25 18:25:00,HUSN
2.165,2.2,2.165,2.17,500,2021-10-25 18:33:00,HUSN
2.15,2.17,2.15,2.15,300,2021-10-25 18:35:00,HUSN
2.15,2.15,2.15,2.15,100,2021-10-25 19:23:00,HUSN
2.1643,2.1643,2.15,2.15,1000,2021-10-25 19:59:00,HUSN
2.15,2.15,2.15,2.15,113,2021-10-25 20:00:00,HUSN
2.15,2.15,2.15,2.15,242,2021-10-25 22:45:00,HUSN
2.15,2.15,2.15,2.15,662,2021-10-26 09:38:00,HUSN
2.18,2.18,2.18,2.18,302,2021-10-26 13:30:00,HUSN
2.18,2.18,2.18,2.18,100,2021-10-26 14:07:00,HUSN
2.18,2.1932,2.16,2.1932,998,2021-10-26 14:11:00,HUSN
2.1608,2.1608,2.16,2.16,600,2021-10-26 14:13:00,HUSN
2.2,2.2,2.2,2.2,100,2021-10-26 14:40:00,HUSN
2.22,2.22,2.15,2.15,5718,2021-10-26 14:47:00,HUSN
2.17,2.18,2.17,2.17,500,2021-10-26 15:21:00,HUSN
2.16,2.1654,2.16,2.16,1201,2021-10-26 15:50:00,HUSN
2.188,2.188,2.188,2.188,150,2021-10-26 16:38:00,HUSN
2.16,2.16,2.15,2.15,734,2021-10-26 16:41:00,HUSN
2.14,2.14,2.14,2.14,480,2021-10-26 17:26:00,HUSN
2.16,2.168,2.16,2.16,500,2021-10-26 17:27:00,HUSN
2.16,2.16,2.16,2.16,100,2021-10-26 17:28:00,HUSN
2.15,2.15,2.12,2.12,400,2021-10-26 17:36:00,HUSN
2.15,2.158,2.15,2.15,300,2021-10-26 18:09:00,HUSN
2.14,2.14,2.13,2.13,1625,2021-10-26 18:22:00,HUSN
2.1534,2.1534,2.1534,2.1534,4996,2021-10-26 18:28:00,HUSN
2.16,2.16,2.15,2.16,800,2021-10-26 18:34:00,HUSN
2.162,2.162,2.162,2.162,500,2021-10-26 19:41:00,HUSN
2.16,2.16,2.16,2.16,900,2021-10-26 19:56:00,HUSN
2.15,2.16,2.15,2.16,520,2021-10-26 19:57:00,HUSN
2.16,2.18,2.16,2.18,600,2021-10-26 19:58:00,HUSN
2.17,2.17,2.17,2.17,312,2021-10-26 20:00:00,HUSN
2.25,2.25,2.25,2.25,100,2021-10-26 20:05:00,HUSN
2.2,2.2,2.2,2.2,299,2021-10-26 21:59:00,HUSN
2.25,2.25,2.25,2.25,299,2021-10-26 22:50:00,HUSN
2.14,2.25,2.14,2.25,1855,2021-10-27 13:30:00,HUSN
2.252,2.252,2.25,2.25,2148,2021-10-27 13:33:00,HUSN
2.26,2.26,2.252,2.252,1000,2021-10-27 13:37:00,HUSN
2.25,2.25,2.25,2.25,1250,2021-10-27 13:39:00,HUSN
2.27,2.27,2.27,2.27,1100,2021-10-27 13:45:00,HUSN
2.28,2.28,2.28,2.28,2527,2021-10-27 13:46:00,HUSN
2.3193,2.3193,2.3,2.3087,600,2021-10-27 13:51:00,HUSN
2.3196,2.32,2.3,2.3,600,2021-10-27 13:52:00,HUSN
2.3181,2.3181,2.3,2.3,350,2021-10-27 13:53:00,HUSN
2.3,2.32,2.3,2.32,300,2021-10-27 13:54:00,HUSN
2.3,2.3018,2.289,2.289,500,2021-10-27 13:55:00,HUSN
2.3,2.3,2.28,2.2943,700,2021-10-27 13:56:00,HUSN
2.2943,2.2988,2.28,2.2988,600,2021-10-27 13:57:00,HUSN
2.2999,2.3,2.2999,2.3,2808,2021-10-27 14:04:00,HUSN
2.3,2.3,2.3,2.3,160,2021-10-27 14:12:00,HUSN
2.2915,2.2915,2.2915,2.2915,217,2021-10-27 14:19:00,HUSN
2.27,2.2707,2.25,2.2707,3306,2021-10-27 14:30:00,HUSN
2.25,2.2707,2.25,2.2707,1152,2021-10-27 14:31:00,HUSN
2.26,2.26,2.22,2.25,10200,2021-10-27 14:35:00,HUSN
2.29,2.29,2.29,2.29,227,2021-10-27 14:51:00,HUSN
2.3,2.3,2.3,2.3,550,2021-10-27 15:02:00,HUSN
2.28,2.2924,2.26,2.26,500,2021-10-27 15:08:00,HUSN
2.25,2.25,2.25,2.25,100,2021-10-27 15:14:00,HUSN
2.25,2.25,2.25,2.25,1762,2021-10-27 15:20:00,HUSN
2.255,2.255,2.255,2.255,190,2021-10-27 15:24:00,HUSN
2.26,2.26,2.26,2.26,200,2021-10-27 15:29:00,HUSN
2.2624,2.2624,2.2624,2.2624,300,2021-10-27 15:39:00,HUSN
2.3,2.3,2.3,2.3,100,2021-10-27 16:04:00,HUSN
2.27,2.27,2.25,2.25,2600,2021-10-27 16:30:00,HUSN
2.25,2.25,2.25,2.25,1464,2021-10-27 16:38:00,HUSN
2.2772,2.2772,2.2772,2.2772,800,2021-10-27 17:19:00,HUSN
2.2882,2.2882,2.25,2.25,1000,2021-10-27 17:20:00,HUSN
2.26,2.26,2.26,2.26,200,2021-10-27 17:48:00,HUSN
2.26,2.26,2.26,2.26,100,2021-10-27 18:07:00,HUSN
2.28,2.28,2.28,2.28,1200,2021-10-27 19:01:00,HUSN
2.28,2.28,2.28,2.28,1197,2021-10-27 19:03:00,HUSN
2.3,2.3,2.3,2.3,700,2021-10-27 19:04:00,HUSN
2.28,2.28,2.24,2.26,4303,2021-10-27 19:13:00,HUSN
2.27,2.27,2.26,2.26,400,2021-10-27 19:14:00,HUSN
2.27,2.27,2.27,2.27,216,2021-10-27 19:15:00,HUSN
2.23,2.23,2.23,2.23,133,2021-10-27 19:16:00,HUSN
2.24,2.24,2.24,2.24,300,2021-10-27 19:20:00,HUSN
2.25,2.28,2.25,2.28,504,2021-10-27 19:25:00,HUSN
2.2528,2.2528,2.2528,2.2528,227,2021-10-27 19:47:00,HUSN
2.279,2.279,2.279,2.279,1770,2021-10-27 19:48:00,HUSN
2.27,2.27,2.27,2.27,568,2021-10-27 19:55:00,HUSN
2.28,2.28,2.28,2.28,1382,2021-10-27 19:56:00,HUSN
2.289,2.289,2.289,2.289,100,2021-10-27 19:57:00,HUSN
2.2873,2.2873,2.2873,2.2873,727,2021-10-27 19:58:00,HUSN
2.29,2.29,2.29,2.29,2106,2021-10-27 19:59:00,HUSN
2.28,2.28,2.28,2.28,485,2021-10-27 20:00:00,HUSN
2.21,2.21,2.21,2.21,100,2021-10-27 20:33:00,HUSN
2.21,2.21,2.21,2.21,100,2021-10-28 13:18:00,HUSN
2.3,2.3,2.3,2.3,200,2021-10-28 13:27:00,HUSN
2.29,2.29,2.29,2.29,500,2021-10-28 13:29:00,HUSN
2.31,2.32,2.29,2.32,3432,2021-10-28 13:30:00,HUSN
2.32,2.32,2.32,2.32,100,2021-10-28 13:34:00,HUSN
2.31,2.31,2.31,2.31,1278,2021-10-28 13:38:00,HUSN
2.308,2.308,2.308,2.308,1000,2021-10-28 13:54:00,HUSN
2.31,2.31,2.31,2.31,358,2021-10-28 13:55:00,HUSN
2.28,2.2817,2.25,2.28,4942,2021-10-28 13:56:00,HUSN
2.24,2.24,2.24,2.24,600,2021-10-28 14:19:00,HUSN
2.3,2.3,2.3,2.3,500,2021-10-28 14:20:00,HUSN
2.29,2.31,2.29,2.31,2341,2021-10-28 14:26:00,HUSN
2.3001,2.3001,2.3001,2.3001,100,2021-10-28 14:35:00,HUSN
2.3,2.3,2.3,2.3,500,2021-10-28 14:39:00,HUSN
2.31,2.31,2.3063,2.3063,622,2021-10-28 15:09:00,HUSN
2.3005,2.3005,2.3005,2.3005,149,2021-10-28 15:11:00,HUSN
2.3005,2.3005,2.3005,2.3005,100,2021-10-28 15:21:00,HUSN
2.3002,2.3002,2.3002,2.3002,1800,2021-10-28 15:22:00,HUSN
2.3005,2.3005,2.3,2.3,400,2021-10-28 15:25:00,HUSN
2.3,2.3,2.3,2.3,100,2021-10-28 15:32:00,HUSN
2.3005,2.3005,2.3,2.3,200,2021-10-28 15:34:00,HUSN
2.3005,2.3005,2.3005,2.3005,100,2021-10-28 15:36:00,HUSN
2.31,2.31,2.31,2.31,100,2021-10-28 15:46:00,HUSN
2.3,2.3,2.26,2.26,3788,2021-10-28 15:59:00,HUSN
2.25,2.25,2.24,2.24,1098,2021-10-28 16:00:00,HUSN
2.2712,2.2712,2.2712,2.2712,200,2021-10-28 16:57:00,HUSN
2.28,2.28,2.28,2.28,4986,2021-10-28 16:59:00,HUSN
2.2502,2.2502,2.2502,2.2502,100,2021-10-28 18:29:00,HUSN
2.255,2.255,2.255,2.255,100,2021-10-28 18:31:00,HUSN
2.26,2.26,2.26,2.26,100,2021-10-28 18:32:00,HUSN
2.26,2.26,2.26,2.26,4999,2021-10-28 18:44:00,HUSN
2.26,2.26,2.26,2.26,100,2021-10-28 18:47:00,HUSN
2.253,2.253,2.2503,2.2503,1900,2021-10-28 18:57:00,HUSN
2.25,2.25,2.25,2.25,955,2021-10-28 19:01:00,HUSN
2.25,2.25,2.25,2.25,100,2021-10-28 19:02:00,HUSN
2.24,2.24,2.24,2.24,100,2021-10-28 19:03:00,HUSN
2.249,2.249,2.249,2.249,260,2021-10-28 19:04:00,HUSN
2.21,2.239,2.2,2.239,1802,2021-10-28 19:14:00,HUSN
2.2,2.2,2.2,2.2,115,2021-10-28 19:15:00,HUSN
2.24,2.24,2.24,2.24,100,2021-10-28 19:57:00,HUSN
2.26,2.26,2.26,2.26,300,2021-10-28 19:58:00,HUSN
2.22,2.22,2.22,2.22,173,2021-10-28 19:59:00,HUSN
2.24,2.24,2.24,2.24,126,2021-10-28 20:00:00,HUSN
2.24,2.24,2.24,2.24,149,2021-10-29 13:30:00,HUSN
2.26,2.26,2.26,2.26,100,2021-10-29 14:08:00,HUSN
2.2861,2.2861,2.2861,2.2861,372,2021-10-29 15:45:00,HUSN
2.3,2.3,2.285,2.3,2000,2021-10-29 16:13:00,HUSN
2.3,2.3,2.3,2.3,100,2021-10-29 16:18:00,HUSN
2.3,2.3,2.3,2.3,1100,2021-10-29 16:23:00,HUSN
2.28,2.28,2.28,2.28,100,2021-10-29 18:30:00,HUSN
2.2813,2.2813,2.2813,2.2813,1000,2021-10-29 18:32:00,HUSN
2.28,2.28,2.28,2.28,100,2021-10-29 18:47:00,HUSN
2.28,2.28,2.27,2.2752,2000,2021-10-29 19:03:00,HUSN
2.28,2.28,2.26,2.2727,8511,2021-10-29 19:04:00,HUSN
2.273,2.273,2.26,2.2702,4866,2021-10-29 19:10:00,HUSN
2.261,2.261,2.261,2.261,291,2021-10-29 19:22:00,HUSN
2.26,2.26,2.26,2.26,120,2021-10-29 19:50:00,HUSN
2.26,2.26,2.26,2.26,100,2021-10-29 19:53:00,HUSN
2.26,2.26,2.26,2.26,114,2021-10-29 20:00:00,HUSN
