open,high,low,close,volume,datetime,symbol
27.53,27.53,27.53,27.53,549,2021-10-01 13:30:00,SUSC
27.57,27.57,27.57,27.57,331,2021-10-01 13:41:00,SUSC
27.5721,27.5721,27.5721,27.5721,102,2021-10-01 13:50:00,SUSC
27.56,27.56,27.56,27.56,300,2021-10-01 13:51:00,SUSC
27.57,27.57,27.57,27.57,2100,2021-10-01 13:52:00,SUSC
27.57,27.57,27.57,27.57,3500,2021-10-01 13:54:00,SUSC
27.5601,27.58,27.5601,27.5799,1183,2021-10-01 13:55:00,SUSC
27.5472,27.55,27.5472,27.55,1654,2021-10-01 14:01:00,SUSC
27.5489,27.5489,27.5489,27.5489,172,2021-10-01 14:02:00,SUSC
27.5564,27.5584,27.5564,27.5584,654,2021-10-01 14:03:00,SUSC
27.56,27.56,27.5592,27.5592,1529,2021-10-01 14:04:00,SUSC
27.57,27.57,27.569,27.569,927,2021-10-01 14:07:00,SUSC
27.5766,27.5766,27.572,27.572,369,2021-10-01 14:08:00,SUSC
27.5668,27.5668,27.5668,27.5668,318,2021-10-01 14:09:00,SUSC
27.57,27.57,27.56,27.56,333,2021-10-01 14:10:00,SUSC
27.58,27.58,27.58,27.58,997,2021-10-01 14:12:00,SUSC
27.558,27.56,27.558,27.56,1016,2021-10-01 14:14:00,SUSC
27.56,27.56,27.56,27.56,604,2021-10-01 14:15:00,SUSC
27.555,27.5673,27.555,27.5673,1763,2021-10-01 14:18:00,SUSC
27.5667,27.5667,27.5667,27.5667,459,2021-10-01 14:21:00,SUSC
27.55,27.55,27.55,27.55,100,2021-10-01 14:22:00,SUSC
27.56,27.56,27.5599,27.5599,893,2021-10-01 14:24:00,SUSC
27.5536,27.5536,27.5536,27.5536,479,2021-10-01 14:26:00,SUSC
27.55,27.55,27.544,27.55,1079,2021-10-01 14:28:00,SUSC
27.55,27.55,27.55,27.55,1079,2021-10-01 14:29:00,SUSC
27.5546,27.5546,27.5546,27.5546,245,2021-10-01 14:42:00,SUSC
27.5581,27.5581,27.5581,27.5581,175,2021-10-01 14:48:00,SUSC
27.57,27.57,27.57,27.57,864,2021-10-01 14:59:00,SUSC
27.58,27.58,27.58,27.58,221,2021-10-01 15:00:00,SUSC
27.562,27.562,27.562,27.562,333,2021-10-01 15:02:00,SUSC
27.57,27.57,27.57,27.57,142,2021-10-01 15:03:00,SUSC
27.565,27.565,27.565,27.565,112,2021-10-01 15:06:00,SUSC
27.556,27.556,27.556,27.556,371,2021-10-01 15:11:00,SUSC
27.5526,27.5526,27.5526,27.5526,111,2021-10-01 15:12:00,SUSC
27.5564,27.5564,27.5564,27.5564,320,2021-10-01 15:17:00,SUSC
27.55,27.55,27.55,27.55,1772,2021-10-01 15:18:00,SUSC
27.549,27.55,27.549,27.5491,1007,2021-10-01 15:24:00,SUSC
27.545,27.545,27.545,27.545,2110,2021-10-01 15:34:00,SUSC
27.5489,27.5514,27.5489,27.5514,2305,2021-10-01 15:36:00,SUSC
27.55,27.55,27.55,27.55,182,2021-10-01 15:37:00,SUSC
27.5536,27.5536,27.5536,27.5536,353,2021-10-01 15:38:00,SUSC
27.55,27.5536,27.55,27.5536,790,2021-10-01 15:41:00,SUSC
27.5402,27.5402,27.5402,27.5402,329,2021-10-01 15:42:00,SUSC
27.565,27.565,27.565,27.565,161,2021-10-01 15:50:00,SUSC
27.57,27.57,27.57,27.57,500,2021-10-01 15:55:00,SUSC
27.57,27.57,27.57,27.57,640,2021-10-01 15:56:00,SUSC
27.5791,27.5791,27.5791,27.5791,1947,2021-10-01 15:57:00,SUSC
27.576,27.58,27.575,27.579,1365,2021-10-01 15:58:00,SUSC
27.58,27.58,27.5782,27.5782,574,2021-10-01 16:02:00,SUSC
27.58,27.58,27.58,27.58,132,2021-10-01 16:03:00,SUSC
27.56,27.56,27.56,27.56,520,2021-10-01 16:05:00,SUSC
27.5732,27.5732,27.57,27.57,606,2021-10-01 16:09:00,SUSC
27.575,27.575,27.575,27.575,164,2021-10-01 16:19:00,SUSC
27.571,27.571,27.571,27.571,974,2021-10-01 16:30:00,SUSC
27.568,27.568,27.568,27.568,181,2021-10-01 16:34:00,SUSC
27.57,27.57,27.5675,27.5675,466,2021-10-01 16:36:00,SUSC
27.5654,27.5654,27.5654,27.5654,143,2021-10-01 16:39:00,SUSC
27.5681,27.5681,27.5681,27.5681,720,2021-10-01 16:50:00,SUSC
27.5629,27.575,27.5629,27.575,13634,2021-10-01 16:51:00,SUSC
27.575,27.58,27.575,27.575,30494,2021-10-01 16:52:00,SUSC
27.5716,27.5716,27.5716,27.5716,425,2021-10-01 16:56:00,SUSC
27.575,27.575,27.575,27.575,180,2021-10-01 17:02:00,SUSC
27.578,27.578,27.578,27.578,333,2021-10-01 17:08:00,SUSC
27.58,27.58,27.5775,27.579,1039,2021-10-01 17:13:00,SUSC
27.58,27.58,27.58,27.58,2650,2021-10-01 17:14:00,SUSC
27.5836,27.5836,27.5836,27.5836,295,2021-10-01 17:17:00,SUSC
27.573,27.573,27.573,27.573,309,2021-10-01 17:19:00,SUSC
27.59,27.59,27.59,27.59,200,2021-10-01 17:24:00,SUSC
27.59,27.59,27.59,27.59,141,2021-10-01 17:25:00,SUSC
27.5876,27.5876,27.5876,27.5876,170,2021-10-01 17:27:00,SUSC
27.5901,27.596,27.5901,27.596,1299,2021-10-01 17:31:00,SUSC
27.6,27.6,27.6,27.6,4312,2021-10-01 17:32:00,SUSC
27.602,27.602,27.602,27.602,136,2021-10-01 17:41:00,SUSC
27.5964,27.6019,27.5964,27.6019,10998,2021-10-01 17:42:00,SUSC
27.5969,27.5969,27.5969,27.5969,616,2021-10-01 17:44:00,SUSC
27.6,27.6036,27.6,27.6036,368,2021-10-01 17:49:00,SUSC
27.6,27.6,27.6,27.6,100,2021-10-01 17:53:00,SUSC
27.5932,27.5932,27.5932,27.5932,120,2021-10-01 17:54:00,SUSC
27.598,27.598,27.598,27.598,312,2021-10-01 17:58:00,SUSC
27.5952,27.5952,27.5952,27.5952,1817,2021-10-01 18:01:00,SUSC
27.5864,27.5864,27.5864,27.5864,134,2021-10-01 18:11:00,SUSC
27.595,27.6,27.595,27.6,966,2021-10-01 18:24:00,SUSC
27.59,27.5968,27.59,27.5968,955,2021-10-01 18:29:00,SUSC
27.62,27.62,27.62,27.62,367,2021-10-01 18:32:00,SUSC
27.62,27.62,27.62,27.62,120,2021-10-01 18:33:00,SUSC
27.61,27.61,27.61,27.61,2998,2021-10-01 18:34:00,SUSC
27.615,27.62,27.615,27.6175,2250,2021-10-01 18:36:00,SUSC
27.6193,27.6193,27.6193,27.6193,1473,2021-10-01 18:39:00,SUSC
27.629,27.63,27.629,27.63,668,2021-10-01 18:44:00,SUSC
27.6354,27.6354,27.634,27.634,626,2021-10-01 18:51:00,SUSC
27.6383,27.6383,27.635,27.635,690,2021-10-01 18:52:00,SUSC
27.655,27.658,27.655,27.658,2765,2021-10-01 18:55:00,SUSC
27.6481,27.6507,27.64,27.65,2057,2021-10-01 18:59:00,SUSC
27.649,27.65,27.649,27.65,393,2021-10-01 19:00:00,SUSC
27.65,27.65,27.63,27.63,12712,2021-10-01 19:05:00,SUSC
27.6421,27.645,27.6421,27.645,1918,2021-10-01 19:06:00,SUSC
27.652,27.652,27.652,27.652,151,2021-10-01 19:12:00,SUSC
27.6424,27.6424,27.6424,27.6424,180,2021-10-01 19:14:00,SUSC
27.6476,27.6476,27.6476,27.6476,143,2021-10-01 19:15:00,SUSC
27.646,27.646,27.646,27.646,321,2021-10-01 19:16:00,SUSC
27.6499,27.6499,27.6499,27.6499,7350,2021-10-01 19:17:00,SUSC
27.645,27.6496,27.645,27.6496,1647,2021-10-01 19:20:00,SUSC
27.6247,27.625,27.6247,27.625,1697,2021-10-01 19:36:00,SUSC
27.63,27.63,27.63,27.63,100,2021-10-01 19:37:00,SUSC
27.63,27.6305,27.63,27.6305,535,2021-10-01 19:39:00,SUSC
27.625,27.625,27.625,27.625,466,2021-10-01 19:41:00,SUSC
27.6278,27.6278,27.6278,27.6278,249,2021-10-01 19:42:00,SUSC
27.6285,27.6285,27.625,27.625,1089,2021-10-01 19:44:00,SUSC
27.6214,27.6214,27.6214,27.6214,686,2021-10-01 19:45:00,SUSC
27.63,27.63,27.63,27.63,100,2021-10-01 19:51:00,SUSC
27.57,27.57,27.5636,27.5636,1272,2021-10-04 13:30:00,SUSC
27.562,27.5725,27.562,27.5725,1932,2021-10-04 13:34:00,SUSC
27.57,27.57,27.57,27.57,400,2021-10-04 13:37:00,SUSC
27.565,27.565,27.565,27.565,127,2021-10-04 13:42:00,SUSC
27.5463,27.5463,27.5463,27.5463,1156,2021-10-04 13:47:00,SUSC
27.5364,27.5364,27.5364,27.5364,714,2021-10-04 13:50:00,SUSC
27.5449,27.5449,27.5449,27.5449,260,2021-10-04 13:53:00,SUSC
27.53,27.53,27.53,27.53,1666,2021-10-04 13:55:00,SUSC
27.53,27.5389,27.53,27.5389,5310,2021-10-04 13:57:00,SUSC
27.539,27.54,27.539,27.54,3600,2021-10-04 14:00:00,SUSC
27.5392,27.5392,27.531,27.531,232,2021-10-04 14:01:00,SUSC
27.54,27.54,27.54,27.54,451,2021-10-04 14:03:00,SUSC
27.5482,27.5482,27.5482,27.5482,273,2021-10-04 14:04:00,SUSC
27.57,27.57,27.57,27.57,333,2021-10-04 14:07:00,SUSC
27.55,27.55,27.55,27.55,371,2021-10-04 14:08:00,SUSC
27.5496,27.55,27.545,27.55,1487,2021-10-04 14:13:00,SUSC
27.538,27.54,27.538,27.539,2125,2021-10-04 14:18:00,SUSC
27.5388,27.54,27.5388,27.539,916,2021-10-04 14:21:00,SUSC
27.56,27.56,27.56,27.56,8904,2021-10-04 14:23:00,SUSC
27.56,27.56,27.56,27.56,354,2021-10-04 14:24:00,SUSC
27.5598,27.5598,27.5598,27.5598,327,2021-10-04 14:25:00,SUSC
27.5578,27.5578,27.557,27.557,497,2021-10-04 14:26:00,SUSC
27.55,27.55,27.55,27.55,100,2021-10-04 14:27:00,SUSC
27.5599,27.56,27.5599,27.56,1230,2021-10-04 14:28:00,SUSC
27.56,27.56,27.56,27.56,507,2021-10-04 14:29:00,SUSC
27.56,27.56,27.559,27.559,200,2021-10-04 14:32:00,SUSC
27.56,27.56,27.56,27.56,100,2021-10-04 14:33:00,SUSC
27.5577,27.5577,27.5577,27.5577,333,2021-10-04 14:34:00,SUSC
27.57,27.5723,27.57,27.5723,1347,2021-10-04 14:36:00,SUSC
27.5759,27.5759,27.5608,27.5608,1506,2021-10-04 14:37:00,SUSC
27.586,27.586,27.586,27.586,368,2021-10-04 14:38:00,SUSC
27.59,27.59,27.59,27.59,108,2021-10-04 14:39:00,SUSC
27.58,27.58,27.58,27.58,100,2021-10-04 14:40:00,SUSC
27.5692,27.5692,27.5692,27.5692,1504,2021-10-04 14:41:00,SUSC
27.565,27.565,27.565,27.565,149,2021-10-04 14:42:00,SUSC
27.5603,27.5603,27.5603,27.5603,117,2021-10-04 14:45:00,SUSC
27.553,27.553,27.553,27.553,418,2021-10-04 14:46:00,SUSC
27.56,27.57,27.56,27.5699,1066,2021-10-04 14:47:00,SUSC
27.5698,27.5799,27.5604,27.5799,6754,2021-10-04 14:49:00,SUSC
27.57,27.58,27.57,27.58,2000,2021-10-04 14:53:00,SUSC
27.59,27.59,27.59,27.59,100,2021-10-04 14:54:00,SUSC
27.5811,27.5811,27.58,27.58,346,2021-10-04 14:56:00,SUSC
27.5874,27.59,27.5874,27.589,668,2021-10-04 14:57:00,SUSC
27.585,27.585,27.585,27.585,1136,2021-10-04 14:58:00,SUSC
27.58,27.58,27.58,27.58,100,2021-10-04 14:59:00,SUSC
27.5726,27.5726,27.5726,27.5726,415,2021-10-04 15:00:00,SUSC
27.57,27.57,27.57,27.57,158,2021-10-04 15:01:00,SUSC
27.57,27.57,27.57,27.57,107,2021-10-04 15:02:00,SUSC
27.58,27.58,27.58,27.58,100,2021-10-04 15:09:00,SUSC
27.57,27.57,27.57,27.57,100,2021-10-04 15:17:00,SUSC
27.57,27.57,27.5646,27.5646,688,2021-10-04 15:18:00,SUSC
27.56,27.56,27.56,27.56,100,2021-10-04 15:23:00,SUSC
27.56,27.56,27.5551,27.5551,302,2021-10-04 15:25:00,SUSC
27.56,27.56,27.5582,27.5582,2350,2021-10-04 15:26:00,SUSC
27.5613,27.5613,27.5613,27.5613,111,2021-10-04 15:28:00,SUSC
27.56,27.565,27.56,27.565,800,2021-10-04 15:29:00,SUSC
27.569,27.57,27.569,27.57,1645,2021-10-04 15:31:00,SUSC
27.565,27.565,27.565,27.565,100,2021-10-04 15:35:00,SUSC
27.565,27.565,27.565,27.565,300,2021-10-04 15:40:00,SUSC
27.5617,27.5617,27.5617,27.5617,174,2021-10-04 15:41:00,SUSC
27.57,27.57,27.57,27.57,150,2021-10-04 15:44:00,SUSC
27.57,27.57,27.57,27.57,100,2021-10-04 15:47:00,SUSC
27.5686,27.5686,27.5686,27.5686,176,2021-10-04 15:52:00,SUSC
27.57,27.57,27.57,27.57,100,2021-10-04 15:53:00,SUSC
27.57,27.57,27.57,27.57,257,2021-10-04 15:56:00,SUSC
27.5784,27.58,27.5784,27.58,1218,2021-10-04 15:58:00,SUSC
27.585,27.585,27.585,27.585,100,2021-10-04 16:01:00,SUSC
27.585,27.585,27.585,27.585,319,2021-10-04 16:05:00,SUSC
27.59,27.59,27.59,27.59,1586,2021-10-04 16:08:00,SUSC
27.59,27.59,27.59,27.59,100,2021-10-04 16:09:00,SUSC
27.59,27.59,27.59,27.59,100,2021-10-04 16:18:00,SUSC
27.585,27.585,27.585,27.585,259,2021-10-04 16:19:00,SUSC
27.585,27.585,27.585,27.585,100,2021-10-04 16:21:00,SUSC
27.59,27.59,27.59,27.59,609,2021-10-04 16:24:00,SUSC
27.59,27.59,27.59,27.59,100,2021-10-04 16:26:00,SUSC
27.5954,27.5984,27.58,27.58,586,2021-10-04 16:27:00,SUSC
27.6,27.6,27.599,27.599,5197,2021-10-04 16:30:00,SUSC
27.6,27.6,27.6,27.6,100,2021-10-04 16:33:00,SUSC
27.595,27.595,27.595,27.595,2421,2021-10-04 16:35:00,SUSC
27.6,27.6,27.6,27.6,100,2021-10-04 16:41:00,SUSC
27.6,27.6,27.6,27.6,151,2021-10-04 16:44:00,SUSC
27.595,27.595,27.595,27.595,167,2021-10-04 16:47:00,SUSC
27.6,27.6,27.6,27.6,100,2021-10-04 16:48:00,SUSC
27.5973,27.5999,27.5973,27.5999,1117,2021-10-04 16:51:00,SUSC
27.6,27.6,27.6,27.6,100,2021-10-04 16:54:00,SUSC
27.59,27.59,27.59,27.59,116,2021-10-04 16:59:00,SUSC
27.5933,27.5933,27.5933,27.5933,538,2021-10-04 17:01:00,SUSC
27.6,27.6,27.6,27.6,100,2021-10-04 17:02:00,SUSC
27.595,27.595,27.595,27.595,115,2021-10-04 17:04:00,SUSC
27.5919,27.5919,27.5919,27.5919,409,2021-10-04 17:05:00,SUSC
27.59,27.59,27.59,27.59,100,2021-10-04 17:09:00,SUSC
27.5871,27.5871,27.5837,27.5837,264,2021-10-04 17:11:00,SUSC
27.5862,27.5862,27.5862,27.5862,145,2021-10-04 17:13:00,SUSC
27.58,27.58,27.58,27.58,133,2021-10-04 17:15:00,SUSC
27.59,27.59,27.59,27.59,100,2021-10-04 17:17:00,SUSC
27.59,27.59,27.59,27.59,100,2021-10-04 17:25:00,SUSC
27.59,27.59,27.59,27.59,100,2021-10-04 17:33:00,SUSC
27.59,27.59,27.59,27.59,100,2021-10-04 17:39:00,SUSC
27.5885,27.5885,27.5885,27.5885,1012,2021-10-04 17:40:00,SUSC
27.58,27.58,27.58,27.58,100,2021-10-04 17:45:00,SUSC
27.5796,27.58,27.5796,27.58,468,2021-10-04 17:46:00,SUSC
27.59,27.59,27.59,27.59,100,2021-10-04 17:52:00,SUSC
27.5719,27.5719,27.5719,27.5719,124,2021-10-04 17:55:00,SUSC
27.59,27.59,27.59,27.59,100,2021-10-04 17:58:00,SUSC
27.59,27.59,27.59,27.59,100,2021-10-04 18:00:00,SUSC
27.585,27.585,27.585,27.585,163,2021-10-04 18:02:00,SUSC
27.59,27.59,27.59,27.59,100,2021-10-04 18:05:00,SUSC
27.58,27.58,27.58,27.58,2962,2021-10-04 18:09:00,SUSC
27.58,27.58,27.58,27.58,100,2021-10-04 18:11:00,SUSC
27.57,27.57,27.57,27.57,1045,2021-10-04 18:13:00,SUSC
27.58,27.58,27.58,27.58,100,2021-10-04 18:17:00,SUSC
27.578,27.578,27.578,27.578,1000,2021-10-04 18:20:00,SUSC
27.575,27.575,27.5735,27.5735,1905,2021-10-04 18:22:00,SUSC
27.58,27.58,27.58,27.58,100,2021-10-04 18:23:00,SUSC
27.575,27.575,27.575,27.575,401,2021-10-04 18:27:00,SUSC
27.575,27.575,27.575,27.575,164,2021-10-04 18:28:00,SUSC
27.58,27.58,27.58,27.58,100,2021-10-04 18:29:00,SUSC
27.5782,27.5782,27.5782,27.5782,401,2021-10-04 18:30:00,SUSC
27.58,27.58,27.58,27.58,355,2021-10-04 18:31:00,SUSC
27.5829,27.5829,27.5701,27.579,2836,2021-10-04 18:33:00,SUSC
27.58,27.58,27.58,27.58,339,2021-10-04 18:34:00,SUSC
27.59,27.59,27.5784,27.5784,493,2021-10-04 18:36:00,SUSC
27.58,27.58,27.58,27.58,120,2021-10-04 18:37:00,SUSC
27.58,27.58,27.57,27.57,214,2021-10-04 18:39:00,SUSC
27.5861,27.5861,27.585,27.585,580,2021-10-04 18:42:00,SUSC
27.59,27.59,27.59,27.59,100,2021-10-04 18:44:00,SUSC
27.585,27.585,27.585,27.585,140,2021-10-04 18:45:00,SUSC
27.585,27.585,27.585,27.585,355,2021-10-04 18:46:00,SUSC
27.5919,27.5919,27.5919,27.5919,1014,2021-10-04 18:48:00,SUSC
27.59,27.59,27.59,27.59,138,2021-10-04 18:49:00,SUSC
27.6,27.6,27.6,27.6,100,2021-10-04 18:50:00,SUSC
27.585,27.59,27.585,27.59,775,2021-10-04 18:55:00,SUSC
27.585,27.585,27.585,27.585,101,2021-10-04 18:56:00,SUSC
27.6,27.6,27.586,27.586,548,2021-10-04 19:01:00,SUSC
27.59,27.59,27.59,27.59,100,2021-10-04 19:06:00,SUSC
27.585,27.585,27.585,27.585,3607,2021-10-04 19:08:00,SUSC
27.5863,27.5863,27.5863,27.5863,122,2021-10-04 19:10:00,SUSC
27.58,27.58,27.58,27.58,100,2021-10-04 19:11:00,SUSC
27.5718,27.5718,27.5718,27.5718,5229,2021-10-04 19:14:00,SUSC
27.58,27.58,27.58,27.58,100,2021-10-04 19:15:00,SUSC
27.5788,27.5788,27.5788,27.5788,147,2021-10-04 19:19:00,SUSC
27.575,27.575,27.575,27.575,100,2021-10-04 19:20:00,SUSC
27.58,27.58,27.58,27.58,5693,2021-10-04 19:23:00,SUSC
27.58,27.58,27.58,27.58,100,2021-10-04 19:24:00,SUSC
27.58,27.58,27.58,27.58,100,2021-10-04 19:25:00,SUSC
27.5799,27.5799,27.5799,27.5799,499,2021-10-04 19:27:00,SUSC
27.5737,27.5737,27.5737,27.5737,594,2021-10-04 19:28:00,SUSC
27.5784,27.5784,27.5725,27.5725,645,2021-10-04 19:29:00,SUSC
27.58,27.58,27.58,27.58,100,2021-10-04 19:30:00,SUSC
27.5789,27.5789,27.5789,27.5789,620,2021-10-04 19:32:00,SUSC
27.59,27.59,27.58,27.58,1068,2021-10-04 19:34:00,SUSC
27.59,27.59,27.59,27.59,100,2021-10-04 19:38:00,SUSC
27.59,27.59,27.59,27.59,400,2021-10-04 19:39:00,SUSC
27.59,27.59,27.5875,27.59,1184,2021-10-04 19:40:00,SUSC
27.59,27.59,27.59,27.59,600,2021-10-04 19:41:00,SUSC
27.59,27.59,27.5865,27.59,4458,2021-10-04 19:42:00,SUSC
27.59,27.59,27.59,27.59,500,2021-10-04 19:43:00,SUSC
27.58,27.6,27.58,27.6,366,2021-10-04 19:45:00,SUSC
27.59,27.59,27.59,27.59,900,2021-10-04 19:46:00,SUSC
27.59,27.59,27.59,27.59,800,2021-10-04 19:47:00,SUSC
27.59,27.59,27.59,27.59,1200,2021-10-04 19:48:00,SUSC
27.59,27.59,27.5805,27.585,947,2021-10-04 19:49:00,SUSC
27.59,27.59,27.585,27.585,800,2021-10-04 19:50:00,SUSC
27.585,27.585,27.585,27.585,1000,2021-10-04 19:51:00,SUSC
27.585,27.585,27.585,27.585,900,2021-10-04 19:52:00,SUSC
27.585,27.585,27.585,27.585,800,2021-10-04 19:53:00,SUSC
27.585,27.585,27.58,27.585,2169,2021-10-04 19:54:00,SUSC
27.585,27.585,27.585,27.585,1300,2021-10-04 19:55:00,SUSC
27.585,27.59,27.585,27.59,1400,2021-10-04 19:56:00,SUSC
27.59,27.59,27.5829,27.59,1300,2021-10-04 19:57:00,SUSC
27.59,27.59,27.59,27.59,1600,2021-10-04 19:58:00,SUSC
27.59,27.59,27.59,27.59,1699,2021-10-04 19:59:00,SUSC
27.57,27.57,27.57,27.57,100,2021-10-05 13:28:00,SUSC
27.55,27.55,27.55,27.55,100,2021-10-05 13:29:00,SUSC
27.56,27.56,27.56,27.56,1736,2021-10-05 13:30:00,SUSC
27.565,27.565,27.565,27.565,362,2021-10-05 13:41:00,SUSC
27.5699,27.5699,27.5699,27.5699,140,2021-10-05 13:45:00,SUSC
27.57,27.57,27.57,27.57,1410,2021-10-05 13:48:00,SUSC
27.565,27.565,27.565,27.565,100,2021-10-05 13:50:00,SUSC
27.56,27.56,27.56,27.56,200,2021-10-05 13:51:00,SUSC
27.56,27.56,27.56,27.56,100,2021-10-05 13:54:00,SUSC
27.56,27.56,27.56,27.56,100,2021-10-05 13:55:00,SUSC
27.56,27.56,27.56,27.56,100,2021-10-05 13:56:00,SUSC
27.56,27.56,27.56,27.56,100,2021-10-05 13:58:00,SUSC
27.53,27.53,27.53,27.53,100,2021-10-05 14:00:00,SUSC
27.5381,27.5381,27.5229,27.5229,1231,2021-10-05 14:01:00,SUSC
27.54,27.54,27.54,27.54,100,2021-10-05 14:03:00,SUSC
27.5379,27.5379,27.5379,27.5379,381,2021-10-05 14:04:00,SUSC
27.5318,27.5318,27.5318,27.5318,107,2021-10-05 14:05:00,SUSC
27.54,27.54,27.539,27.539,588,2021-10-05 14:09:00,SUSC
27.5457,27.55,27.5457,27.55,655,2021-10-05 14:10:00,SUSC
27.5395,27.5395,27.5387,27.5387,995,2021-10-05 14:13:00,SUSC
27.55,27.55,27.55,27.55,483,2021-10-05 14:19:00,SUSC
27.536,27.536,27.536,27.536,449,2021-10-05 14:20:00,SUSC
27.535,27.535,27.535,27.535,100,2021-10-05 14:22:00,SUSC
27.535,27.535,27.535,27.535,546,2021-10-05 14:25:00,SUSC
27.53,27.53,27.53,27.53,160,2021-10-05 14:30:00,SUSC
27.53,27.535,27.53,27.535,200,2021-10-05 14:31:00,SUSC
27.53,27.53,27.53,27.53,200,2021-10-05 14:32:00,SUSC
27.53,27.53,27.53,27.53,400,2021-10-05 14:33:00,SUSC
27.4981,27.5027,27.4981,27.5027,833,2021-10-05 14:36:00,SUSC
27.5046,27.5046,27.5046,27.5046,186,2021-10-05 14:37:00,SUSC
27.5,27.5,27.4993,27.4993,1432,2021-10-05 14:39:00,SUSC
27.49,27.493,27.49,27.493,1415,2021-10-05 14:41:00,SUSC
27.495,27.495,27.4938,27.4938,376,2021-10-05 14:42:00,SUSC
27.5,27.5,27.5,27.5,400,2021-10-05 14:47:00,SUSC
27.51,27.51,27.51,27.51,100,2021-10-05 14:58:00,SUSC
27.5,27.5,27.5,27.5,113,2021-10-05 14:59:00,SUSC
27.5,27.5,27.5,27.5,100,2021-10-05 15:04:00,SUSC
27.4983,27.4983,27.4983,27.4983,665,2021-10-05 15:07:00,SUSC
27.49,27.49,27.49,27.49,830,2021-10-05 15:09:00,SUSC
27.5,27.5,27.5,27.5,1529,2021-10-05 15:10:00,SUSC
27.49,27.49,27.49,27.49,100,2021-10-05 15:11:00,SUSC
27.49,27.49,27.49,27.49,105,2021-10-05 15:14:00,SUSC
27.4845,27.4845,27.4845,27.4845,113,2021-10-05 15:17:00,SUSC
27.49,27.4921,27.49,27.4921,342,2021-10-05 15:18:00,SUSC
27.5,27.5,27.4958,27.4958,554,2021-10-05 15:22:00,SUSC
27.5032,27.5035,27.5032,27.5035,2211,2021-10-05 15:24:00,SUSC
27.505,27.5074,27.505,27.5074,547,2021-10-05 15:25:00,SUSC
27.5,27.5013,27.5,27.5013,343,2021-10-05 15:26:00,SUSC
27.5,27.5051,27.5,27.5051,355,2021-10-05 15:27:00,SUSC
27.51,27.51,27.51,27.51,100,2021-10-05 15:28:00,SUSC
27.505,27.5061,27.505,27.505,1235,2021-10-05 15:33:00,SUSC
27.5,27.5,27.5,27.5,100,2021-10-05 15:40:00,SUSC
27.49,27.49,27.49,27.49,184,2021-10-05 15:42:00,SUSC
27.4975,27.4975,27.4975,27.4975,118,2021-10-05 15:44:00,SUSC
27.49,27.49,27.49,27.49,100,2021-10-05 15:51:00,SUSC
27.4825,27.4825,27.4825,27.4825,157,2021-10-05 15:52:00,SUSC
27.4861,27.4861,27.4861,27.4861,315,2021-10-05 15:54:00,SUSC
27.485,27.485,27.485,27.485,250,2021-10-05 16:00:00,SUSC
27.485,27.487,27.485,27.487,6884,2021-10-05 16:01:00,SUSC
27.485,27.485,27.485,27.485,492,2021-10-05 16:03:00,SUSC
27.5,27.5,27.5,27.5,5645,2021-10-05 16:07:00,SUSC
27.49,27.49,27.49,27.49,355,2021-10-05 16:08:00,SUSC
27.489,27.489,27.489,27.489,200,2021-10-05 16:14:00,SUSC
27.488,27.488,27.488,27.488,104,2021-10-05 16:15:00,SUSC
27.495,27.495,27.495,27.495,379,2021-10-05 16:19:00,SUSC
27.499,27.499,27.499,27.499,100,2021-10-05 16:20:00,SUSC
27.5,27.5,27.5,27.5,100,2021-10-05 16:24:00,SUSC
27.5,27.5,27.5,27.5,520,2021-10-05 16:28:00,SUSC
27.51,27.51,27.51,27.51,100,2021-10-05 16:29:00,SUSC
27.5,27.5,27.5,27.5,103,2021-10-05 16:31:00,SUSC
27.49,27.51,27.49,27.51,201,2021-10-05 16:32:00,SUSC
27.4855,27.4855,27.4855,27.4855,277,2021-10-05 16:39:00,SUSC
27.49,27.49,27.49,27.49,470,2021-10-05 16:41:00,SUSC
27.49,27.498,27.49,27.4943,669,2021-10-05 16:45:00,SUSC
27.5,27.5,27.499,27.499,500,2021-10-05 16:46:00,SUSC
27.5,27.5,27.4957,27.4957,440,2021-10-05 16:52:00,SUSC
27.505,27.505,27.505,27.505,100,2021-10-05 16:57:00,SUSC
27.51,27.51,27.51,27.51,451,2021-10-05 16:58:00,SUSC
27.51,27.51,27.51,27.51,176,2021-10-05 17:00:00,SUSC
27.51,27.51,27.505,27.505,1121,2021-10-05 17:05:00,SUSC
27.518,27.518,27.518,27.518,200,2021-10-05 17:10:00,SUSC
27.52,27.52,27.52,27.52,100,2021-10-05 17:12:00,SUSC
27.52,27.52,27.5175,27.52,3902,2021-10-05 17:13:00,SUSC
27.52,27.52,27.52,27.52,100,2021-10-05 17:22:00,SUSC
27.5066,27.5066,27.5066,27.5066,106,2021-10-05 17:29:00,SUSC
27.5,27.5,27.5,27.5,100,2021-10-05 17:33:00,SUSC
27.5,27.5,27.499,27.5,856,2021-10-05 17:34:00,SUSC
27.49,27.49,27.49,27.49,173,2021-10-05 17:35:00,SUSC
27.518,27.518,27.518,27.518,200,2021-10-05 17:41:00,SUSC
27.5061,27.5061,27.505,27.505,621,2021-10-05 17:45:00,SUSC
27.51,27.51,27.51,27.51,100,2021-10-05 17:46:00,SUSC
27.51,27.51,27.492,27.492,453,2021-10-05 17:54:00,SUSC
27.4964,27.4976,27.4924,27.495,1480,2021-10-05 17:55:00,SUSC
27.495,27.495,27.495,27.495,654,2021-10-05 17:57:00,SUSC
27.5,27.5,27.5,27.5,352,2021-10-05 17:59:00,SUSC
27.5,27.5,27.5,27.5,100,2021-10-05 18:02:00,SUSC
27.499,27.499,27.499,27.499,200,2021-10-05 18:04:00,SUSC
27.4962,27.4962,27.495,27.495,1018,2021-10-05 18:05:00,SUSC
27.5,27.5,27.499,27.499,1755,2021-10-05 18:07:00,SUSC
27.5,27.5,27.5,27.5,100,2021-10-05 18:10:00,SUSC
27.5,27.5,27.5,27.5,544,2021-10-05 18:12:00,SUSC
27.51,27.51,27.5,27.5,200,2021-10-05 18:13:00,SUSC
27.5,27.5,27.5,27.5,100,2021-10-05 18:17:00,SUSC
27.49,27.49,27.49,27.49,1042,2021-10-05 18:19:00,SUSC
27.495,27.495,27.495,27.495,353,2021-10-05 18:24:00,SUSC
27.5,27.5,27.5,27.5,100,2021-10-05 18:27:00,SUSC
27.499,27.499,27.499,27.499,200,2021-10-05 18:28:00,SUSC
27.4954,27.4954,27.49,27.49,419,2021-10-05 18:29:00,SUSC
27.495,27.495,27.495,27.495,300,2021-10-05 18:31:00,SUSC
27.495,27.495,27.4922,27.4922,7252,2021-10-05 18:33:00,SUSC
27.49,27.495,27.49,27.495,1131,2021-10-05 18:34:00,SUSC
27.4941,27.4941,27.494,27.494,546,2021-10-05 18:35:00,SUSC
27.495,27.495,27.495,27.495,100,2021-10-05 18:39:00,SUSC
27.4988,27.4988,27.495,27.495,1619,2021-10-05 18:42:00,SUSC
27.495,27.495,27.495,27.495,100,2021-10-05 18:44:00,SUSC
27.4959,27.4959,27.495,27.495,2607,2021-10-05 18:45:00,SUSC
27.4945,27.4945,27.4945,27.4945,178,2021-10-05 18:51:00,SUSC
27.4901,27.4901,27.4901,27.4901,742,2021-10-05 18:52:00,SUSC
27.495,27.495,27.495,27.495,1419,2021-10-05 18:53:00,SUSC
27.495,27.495,27.495,27.495,350,2021-10-05 18:55:00,SUSC
27.495,27.495,27.495,27.495,200,2021-10-05 18:57:00,SUSC
27.499,27.499,27.499,27.499,1751,2021-10-05 18:59:00,SUSC
27.4959,27.4959,27.4959,27.4959,538,2021-10-05 19:00:00,SUSC
27.4901,27.494,27.4901,27.494,1093,2021-10-05 19:05:00,SUSC
27.475,27.48,27.475,27.4766,2506,2021-10-05 19:07:00,SUSC
27.48,27.48,27.48,27.48,100,2021-10-05 19:10:00,SUSC
27.48,27.48,27.48,27.48,100,2021-10-05 19:14:00,SUSC
27.479,27.479,27.479,27.479,100,2021-10-05 19:17:00,SUSC
27.48,27.48,27.48,27.48,100,2021-10-05 19:20:00,SUSC
27.48,27.48,27.47,27.48,3036,2021-10-05 19:21:00,SUSC
27.479,27.479,27.478,27.478,1909,2021-10-05 19:24:00,SUSC
27.48,27.48,27.48,27.48,321,2021-10-05 19:30:00,SUSC
27.48,27.48,27.4762,27.4762,1392,2021-10-05 19:31:00,SUSC
27.48,27.48,27.476,27.48,5971,2021-10-05 19:32:00,SUSC
27.48,27.48,27.4758,27.4758,1774,2021-10-05 19:33:00,SUSC
27.48,27.48,27.475,27.475,1196,2021-10-05 19:35:00,SUSC
27.483,27.483,27.47,27.48,1499,2021-10-05 19:36:00,SUSC
27.479,27.48,27.479,27.48,307,2021-10-05 19:39:00,SUSC
27.48,27.48,27.47,27.48,2008,2021-10-05 19:40:00,SUSC
27.48,27.48,27.48,27.48,100,2021-10-05 19:42:00,SUSC
27.475,27.475,27.475,27.475,300,2021-10-05 19:44:00,SUSC
27.475,27.475,27.4701,27.4746,8425,2021-10-05 19:45:00,SUSC
27.48,27.48,27.48,27.48,1981,2021-10-05 19:47:00,SUSC
27.4702,27.4818,27.4702,27.4818,1514,2021-10-05 19:48:00,SUSC
27.49,27.49,27.49,27.49,100,2021-10-05 19:49:00,SUSC
27.4763,27.4763,27.4763,27.4763,196,2021-10-05 19:51:00,SUSC
27.4939,27.4939,27.4939,27.4939,589,2021-10-05 19:56:00,SUSC
27.485,27.485,27.48,27.48,985,2021-10-05 19:59:00,SUSC
27.48,27.48,27.48,27.48,151,2021-10-05 20:00:00,SUSC
27.49,27.49,27.48,27.48,1888,2021-10-06 13:30:00,SUSC
27.4881,27.4881,27.4881,27.4881,525,2021-10-06 13:32:00,SUSC
27.5,27.5,27.495,27.495,1225,2021-10-06 13:36:00,SUSC
27.4967,27.4967,27.4967,27.4967,189,2021-10-06 13:45:00,SUSC
27.4974,27.4974,27.4974,27.4974,528,2021-10-06 13:49:00,SUSC
27.499,27.5,27.499,27.5,200,2021-10-06 13:50:00,SUSC
27.5,27.5,27.5,27.5,1420,2021-10-06 13:51:00,SUSC
27.5,27.5,27.5,27.5,798,2021-10-06 13:54:00,SUSC
27.4921,27.4921,27.4921,27.4921,2000,2021-10-06 13:56:00,SUSC
27.495,27.495,27.495,27.495,1500,2021-10-06 13:57:00,SUSC
27.4993,27.54,27.4993,27.51,4639,2021-10-06 14:01:00,SUSC
27.505,27.505,27.505,27.505,427,2021-10-06 14:04:00,SUSC
27.5009,27.5009,27.5009,27.5009,2100,2021-10-06 14:06:00,SUSC
27.503,27.503,27.503,27.503,364,2021-10-06 14:07:00,SUSC
27.505,27.505,27.505,27.505,276,2021-10-06 14:14:00,SUSC
27.5041,27.505,27.5041,27.505,751,2021-10-06 14:15:00,SUSC
27.51,27.51,27.51,27.51,291,2021-10-06 14:20:00,SUSC
27.505,27.505,27.505,27.505,451,2021-10-06 14:21:00,SUSC
27.505,27.505,27.505,27.505,200,2021-10-06 14:22:00,SUSC
27.506,27.506,27.505,27.505,648,2021-10-06 14:23:00,SUSC
27.505,27.5081,27.505,27.5081,719,2021-10-06 14:27:00,SUSC
27.505,27.505,27.505,27.505,200,2021-10-06 14:29:00,SUSC
27.5055,27.5095,27.5055,27.5095,7500,2021-10-06 14:30:00,SUSC
27.5084,27.5084,27.5084,27.5084,826,2021-10-06 14:32:00,SUSC
27.5083,27.5083,27.505,27.505,929,2021-10-06 14:33:00,SUSC
27.508,27.508,27.508,27.508,103,2021-10-06 14:35:00,SUSC
27.505,27.505,27.505,27.505,100,2021-10-06 14:37:00,SUSC
27.505,27.509,27.505,27.509,1454,2021-10-06 14:38:00,SUSC
27.5081,27.5081,27.505,27.505,625,2021-10-06 14:39:00,SUSC
27.5085,27.5085,27.505,27.505,857,2021-10-06 14:43:00,SUSC
27.51,27.51,27.51,27.51,200,2021-10-06 14:47:00,SUSC
27.509,27.509,27.509,27.509,100,2021-10-06 14:48:00,SUSC
27.5,27.5,27.5,27.5,200,2021-10-06 14:51:00,SUSC
27.5029,27.5029,27.5029,27.5029,604,2021-10-06 14:53:00,SUSC
27.505,27.505,27.505,27.505,200,2021-10-06 14:54:00,SUSC
27.505,27.5067,27.505,27.5067,1136,2021-10-06 14:55:00,SUSC
27.5019,27.5019,27.5019,27.5019,101,2021-10-06 14:56:00,SUSC
27.5,27.5,27.5,27.5,180,2021-10-06 14:57:00,SUSC
27.5017,27.505,27.5017,27.505,500,2021-10-06 15:00:00,SUSC
27.5033,27.5033,27.5033,27.5033,1651,2021-10-06 15:01:00,SUSC
27.505,27.505,27.505,27.505,200,2021-10-06 15:03:00,SUSC
27.5,27.505,27.5,27.5025,711,2021-10-06 15:06:00,SUSC
27.5,27.5,27.5,27.5,100,2021-10-06 15:07:00,SUSC
27.5,27.5,27.475,27.48,943,2021-10-06 15:08:00,SUSC
27.475,27.475,27.475,27.475,508,2021-10-06 15:09:00,SUSC
27.48,27.485,27.48,27.485,44060,2021-10-06 15:12:00,SUSC
27.485,27.485,27.485,27.485,137,2021-10-06 15:15:00,SUSC
27.4867,27.4867,27.4859,27.4859,5086,2021-10-06 15:16:00,SUSC
27.485,27.485,27.485,27.485,500,2021-10-06 15:17:00,SUSC
27.487,27.487,27.487,27.487,393,2021-10-06 15:18:00,SUSC
27.489,27.49,27.489,27.49,200,2021-10-06 15:20:00,SUSC
27.485,27.485,27.485,27.485,136,2021-10-06 15:21:00,SUSC
27.483,27.485,27.483,27.485,564,2021-10-06 15:22:00,SUSC
27.487,27.487,27.485,27.485,512,2021-10-06 15:23:00,SUSC
27.489,27.489,27.489,27.489,107,2021-10-06 15:24:00,SUSC
27.485,27.485,27.485,27.485,287,2021-10-06 15:27:00,SUSC
27.485,27.49,27.485,27.49,2207,2021-10-06 15:29:00,SUSC
27.487,27.49,27.487,27.49,2215,2021-10-06 15:33:00,SUSC
27.49,27.49,27.4875,27.4875,2057,2021-10-06 15:35:00,SUSC
27.49,27.49,27.49,27.49,200,2021-10-06 15:36:00,SUSC
27.484,27.484,27.484,27.484,366,2021-10-06 15:37:00,SUSC
27.489,27.489,27.489,27.489,474,2021-10-06 15:38:00,SUSC
27.4952,27.4952,27.4952,27.4952,463,2021-10-06 15:40:00,SUSC
27.49,27.49,27.49,27.49,14300,2021-10-06 15:42:00,SUSC
27.49,27.4962,27.49,27.49,7810,2021-10-06 15:43:00,SUSC
27.5,27.5,27.49,27.49,330,2021-10-06 15:46:00,SUSC
27.495,27.495,27.495,27.495,200,2021-10-06 15:49:00,SUSC
27.495,27.495,27.495,27.495,122,2021-10-06 15:51:00,SUSC
27.4939,27.4939,27.4939,27.4939,371,2021-10-06 15:53:00,SUSC
27.5,27.5,27.5,27.5,299,2021-10-06 15:55:00,SUSC
27.4937,27.495,27.49,27.49,2270,2021-10-06 15:57:00,SUSC
27.495,27.495,27.495,27.495,200,2021-10-06 15:58:00,SUSC
27.4972,27.4972,27.4972,27.4972,200,2021-10-06 16:01:00,SUSC
27.494,27.494,27.494,27.494,250,2021-10-06 16:02:00,SUSC
27.49,27.49,27.49,27.49,150,2021-10-06 16:05:00,SUSC
27.4941,27.495,27.4941,27.495,525,2021-10-06 16:06:00,SUSC
27.5,27.5,27.5,27.5,273,2021-10-06 16:07:00,SUSC
27.4965,27.4965,27.4965,27.4965,164,2021-10-06 16:09:00,SUSC
27.495,27.495,27.495,27.495,270,2021-10-06 16:15:00,SUSC
27.495,27.495,27.4935,27.4935,511,2021-10-06 16:16:00,SUSC
27.495,27.495,27.495,27.495,300,2021-10-06 16:26:00,SUSC
27.495,27.495,27.495,27.495,1075,2021-10-06 16:27:00,SUSC
27.495,27.495,27.495,27.495,2185,2021-10-06 16:30:00,SUSC
27.495,27.495,27.495,27.495,200,2021-10-06 16:34:00,SUSC
27.493,27.493,27.493,27.493,178,2021-10-06 16:38:00,SUSC
27.494,27.494,27.494,27.494,125,2021-10-06 16:39:00,SUSC
27.4991,27.4991,27.495,27.495,482,2021-10-06 16:42:00,SUSC
27.49,27.49,27.49,27.49,100,2021-10-06 16:46:00,SUSC
27.49,27.49,27.49,27.49,100,2021-10-06 16:47:00,SUSC
27.49,27.49,27.47,27.47,1400,2021-10-06 16:48:00,SUSC
27.47,27.47,27.47,27.47,300,2021-10-06 16:50:00,SUSC
27.47,27.47,27.47,27.47,200,2021-10-06 16:53:00,SUSC
27.469,27.469,27.4666,27.4666,1588,2021-10-06 16:54:00,SUSC
27.469,27.47,27.469,27.47,395,2021-10-06 16:57:00,SUSC
27.469,27.47,27.464,27.4675,1900,2021-10-06 17:01:00,SUSC
27.465,27.465,27.465,27.465,3342,2021-10-06 17:02:00,SUSC
27.465,27.465,27.465,27.465,100,2021-10-06 17:04:00,SUSC
27.465,27.465,27.465,27.465,375,2021-10-06 17:05:00,SUSC
27.465,27.465,27.465,27.465,100,2021-10-06 17:06:00,SUSC
27.465,27.465,27.465,27.465,200,2021-10-06 17:10:00,SUSC
27.4644,27.47,27.4644,27.47,314,2021-10-06 17:18:00,SUSC
27.47,27.47,27.47,27.47,300,2021-10-06 17:22:00,SUSC
27.465,27.465,27.465,27.465,200,2021-10-06 17:27:00,SUSC
27.465,27.465,27.465,27.465,305,2021-10-06 17:28:00,SUSC
27.4643,27.469,27.4643,27.469,830,2021-10-06 17:31:00,SUSC
27.465,27.465,27.465,27.465,200,2021-10-06 17:33:00,SUSC
27.465,27.465,27.465,27.465,200,2021-10-06 17:35:00,SUSC
27.47,27.47,27.47,27.47,200,2021-10-06 17:42:00,SUSC
27.469,27.47,27.469,27.47,318,2021-10-06 17:44:00,SUSC
27.4664,27.4664,27.4664,27.4664,271,2021-10-06 17:48:00,SUSC
27.47,27.47,27.47,27.47,200,2021-10-06 17:50:00,SUSC
27.462,27.462,27.462,27.462,235,2021-10-06 17:54:00,SUSC
27.47,27.47,27.47,27.47,200,2021-10-06 17:56:00,SUSC
27.4664,27.4664,27.4664,27.4664,1000,2021-10-06 17:57:00,SUSC
27.47,27.47,27.47,27.47,246,2021-10-06 18:02:00,SUSC
27.46,27.47,27.46,27.47,2770,2021-10-06 18:04:00,SUSC
27.48,27.48,27.48,27.48,200,2021-10-06 18:11:00,SUSC
27.475,27.475,27.475,27.475,200,2021-10-06 18:18:00,SUSC
27.4737,27.4737,27.4737,27.4737,135,2021-10-06 18:19:00,SUSC
27.4742,27.4742,27.4742,27.4742,1634,2021-10-06 18:23:00,SUSC
27.475,27.475,27.475,27.475,200,2021-10-06 18:24:00,SUSC
27.475,27.475,27.475,27.475,100,2021-10-06 18:29:00,SUSC
27.47,27.47,27.47,27.47,300,2021-10-06 18:30:00,SUSC
27.47,27.47,27.46,27.4648,684,2021-10-06 18:31:00,SUSC
27.459,27.46,27.459,27.46,201,2021-10-06 18:32:00,SUSC
27.459,27.459,27.459,27.459,221,2021-10-06 18:33:00,SUSC
27.458,27.46,27.455,27.455,798,2021-10-06 18:34:00,SUSC
27.46,27.46,27.46,27.46,100,2021-10-06 18:35:00,SUSC
27.45,27.45,27.45,27.45,200,2021-10-06 18:37:00,SUSC
27.4586,27.4586,27.4586,27.4586,115,2021-10-06 18:41:00,SUSC
27.46,27.46,27.46,27.46,200,2021-10-06 18:43:00,SUSC
27.46,27.46,27.46,27.46,200,2021-10-06 18:44:00,SUSC
27.46,27.46,27.46,27.46,300,2021-10-06 18:45:00,SUSC
27.459,27.46,27.4546,27.4546,790,2021-10-06 18:46:00,SUSC
27.46,27.46,27.46,27.46,8000,2021-10-06 18:49:00,SUSC
27.46,27.46,27.46,27.46,2000,2021-10-06 18:50:00,SUSC
27.47,27.47,27.47,27.47,300,2021-10-06 18:51:00,SUSC
27.47,27.475,27.47,27.475,2700,2021-10-06 18:52:00,SUSC
27.48,27.48,27.48,27.48,200,2021-10-06 18:54:00,SUSC
27.475,27.475,27.475,27.475,974,2021-10-06 18:55:00,SUSC
27.475,27.475,27.475,27.475,4000,2021-10-06 18:56:00,SUSC
27.475,27.475,27.475,27.475,2000,2021-10-06 18:57:00,SUSC
27.475,27.475,27.47,27.475,5004,2021-10-06 18:58:00,SUSC
27.475,27.475,27.475,27.475,3000,2021-10-06 18:59:00,SUSC
27.49,27.49,27.49,27.49,200,2021-10-06 19:00:00,SUSC
27.489,27.489,27.4796,27.4836,1884,2021-10-06 19:02:00,SUSC
27.4843,27.4843,27.4843,27.4843,1132,2021-10-06 19:09:00,SUSC
27.482,27.49,27.482,27.4875,1457,2021-10-06 19:10:00,SUSC
27.49,27.49,27.49,27.49,1108,2021-10-06 19:11:00,SUSC
27.489,27.489,27.489,27.489,204,2021-10-06 19:12:00,SUSC
27.4823,27.4823,27.4823,27.4823,299,2021-10-06 19:14:00,SUSC
27.4838,27.49,27.4838,27.49,603,2021-10-06 19:15:00,SUSC
27.48,27.48,27.48,27.48,440,2021-10-06 19:16:00,SUSC
27.485,27.485,27.485,27.485,197,2021-10-06 19:18:00,SUSC
27.485,27.485,27.485,27.485,205,2021-10-06 19:20:00,SUSC
27.49,27.49,27.49,27.49,170,2021-10-06 19:21:00,SUSC
27.489,27.489,27.4806,27.4838,583,2021-10-06 19:30:00,SUSC
27.49,27.49,27.49,27.49,500,2021-10-06 19:35:00,SUSC
27.49,27.49,27.49,27.49,539,2021-10-06 19:36:00,SUSC
27.49,27.49,27.49,27.49,100,2021-10-06 19:42:00,SUSC
27.4851,27.4851,27.4851,27.4851,109,2021-10-06 19:44:00,SUSC
27.4851,27.4851,27.4851,27.4851,464,2021-10-06 19:45:00,SUSC
27.485,27.4898,27.485,27.4898,2109,2021-10-06 19:46:00,SUSC
27.4856,27.49,27.4856,27.49,1473,2021-10-06 19:47:00,SUSC
27.4922,27.4922,27.4922,27.4922,547,2021-10-06 19:49:00,SUSC
27.49,27.49,27.49,27.49,1537,2021-10-06 19:50:00,SUSC
27.4999,27.4999,27.4999,27.4999,1364,2021-10-06 19:54:00,SUSC
27.49,27.49,27.49,27.49,100,2021-10-06 19:57:00,SUSC
27.495,27.495,27.495,27.495,900,2021-10-06 19:59:00,SUSC
27.43,27.43,27.43,27.43,830,2021-10-07 13:30:00,SUSC
27.44,27.44,27.44,27.44,700,2021-10-07 13:35:00,SUSC
27.4403,27.4403,27.4403,27.4403,293,2021-10-07 13:36:00,SUSC
27.43,27.43,27.43,27.43,600,2021-10-07 13:40:00,SUSC
27.43,27.43,27.43,27.43,14141,2021-10-07 13:41:00,SUSC
27.44,27.44,27.44,27.44,1070,2021-10-07 13:47:00,SUSC
27.435,27.435,27.435,27.435,900,2021-10-07 13:49:00,SUSC
27.4349,27.4349,27.4349,27.4349,159,2021-10-07 13:54:00,SUSC
27.435,27.435,27.435,27.435,171,2021-10-07 13:58:00,SUSC
27.4393,27.44,27.4393,27.4398,1465,2021-10-07 14:01:00,SUSC
27.45,27.45,27.45,27.45,5792,2021-10-07 14:02:00,SUSC
27.44,27.44,27.44,27.44,1003,2021-10-07 14:09:00,SUSC
27.44,27.44,27.439,27.439,1492,2021-10-07 14:10:00,SUSC
27.4385,27.4385,27.4385,27.4385,292,2021-10-07 14:12:00,SUSC
27.4481,27.45,27.4481,27.45,472,2021-10-07 14:14:00,SUSC
27.445,27.445,27.445,27.445,109,2021-10-07 14:15:00,SUSC
27.445,27.445,27.445,27.445,224,2021-10-07 14:16:00,SUSC
27.45,27.45,27.45,27.45,220,2021-10-07 14:19:00,SUSC
27.4409,27.4409,27.4402,27.4402,1256,2021-10-07 14:26:00,SUSC
27.4433,27.4433,27.4433,27.4433,281,2021-10-07 14:32:00,SUSC
27.44,27.45,27.44,27.4455,4465,2021-10-07 14:41:00,SUSC
27.4414,27.4414,27.4414,27.4414,800,2021-10-07 14:43:00,SUSC
27.45,27.45,27.45,27.45,102,2021-10-07 14:47:00,SUSC
27.445,27.445,27.445,27.445,683,2021-10-07 14:51:00,SUSC
27.445,27.445,27.445,27.445,300,2021-10-07 14:53:00,SUSC
27.45,27.45,27.45,27.45,373,2021-10-07 14:57:00,SUSC
27.4482,27.4482,27.4482,27.4482,838,2021-10-07 15:00:00,SUSC
27.445,27.445,27.445,27.445,254,2021-10-07 15:02:00,SUSC
27.445,27.445,27.445,27.445,259,2021-10-07 15:13:00,SUSC
27.45,27.45,27.45,27.45,106,2021-10-07 15:14:00,SUSC
27.445,27.445,27.445,27.445,544,2021-10-07 15:19:00,SUSC
27.445,27.445,27.445,27.445,2020,2021-10-07 15:20:00,SUSC
27.443,27.445,27.443,27.445,1113,2021-10-07 15:23:00,SUSC
27.4477,27.4477,27.4477,27.4477,260,2021-10-07 15:24:00,SUSC
27.4417,27.4417,27.4417,27.4417,883,2021-10-07 15:25:00,SUSC
27.4477,27.4477,27.4477,27.4477,275,2021-10-07 15:27:00,SUSC
27.445,27.45,27.445,27.4467,4000,2021-10-07 15:30:00,SUSC
27.445,27.445,27.445,27.445,632,2021-10-07 15:35:00,SUSC
27.445,27.445,27.445,27.445,1235,2021-10-07 15:36:00,SUSC
27.4423,27.4423,27.4423,27.4423,321,2021-10-07 15:42:00,SUSC
27.4419,27.4419,27.44,27.44,1418,2021-10-07 15:44:00,SUSC
27.4346,27.4346,27.4346,27.4346,182,2021-10-07 15:59:00,SUSC
27.4377,27.4377,27.4377,27.4377,323,2021-10-07 16:08:00,SUSC
27.43,27.43,27.43,27.43,200,2021-10-07 16:18:00,SUSC
27.43,27.43,27.41,27.41,575,2021-10-07 16:19:00,SUSC
27.409,27.409,27.409,27.409,100,2021-10-07 16:21:00,SUSC
27.404,27.406,27.404,27.406,325,2021-10-07 16:24:00,SUSC
27.4074,27.4074,27.4074,27.4074,148,2021-10-07 16:30:00,SUSC
27.405,27.405,27.405,27.405,539,2021-10-07 16:35:00,SUSC
27.416,27.416,27.416,27.416,137,2021-10-07 16:56:00,SUSC
27.413,27.413,27.413,27.413,346,2021-10-07 17:07:00,SUSC
27.4195,27.4195,27.4195,27.4195,126,2021-10-07 17:12:00,SUSC
27.42,27.425,27.4182,27.425,1100,2021-10-07 17:15:00,SUSC
27.43,27.43,27.425,27.425,1400,2021-10-07 17:16:00,SUSC
27.4288,27.4288,27.4288,27.4288,1000,2021-10-07 17:17:00,SUSC
27.43,27.43,27.429,27.429,1000,2021-10-07 17:18:00,SUSC
27.4257,27.4257,27.4257,27.4257,1263,2021-10-07 17:19:00,SUSC
27.4227,27.4227,27.4227,27.4227,241,2021-10-07 17:21:00,SUSC
27.4202,27.426,27.4202,27.426,5061,2021-10-07 17:28:00,SUSC
27.428,27.428,27.428,27.428,343,2021-10-07 17:34:00,SUSC
27.4221,27.425,27.4221,27.425,315,2021-10-07 17:35:00,SUSC
27.425,27.425,27.425,27.425,265,2021-10-07 17:37:00,SUSC
27.4285,27.4285,27.4285,27.4285,443,2021-10-07 17:45:00,SUSC
27.425,27.425,27.425,27.425,200,2021-10-07 17:48:00,SUSC
27.43,27.43,27.43,27.43,100,2021-10-07 17:49:00,SUSC
27.425,27.425,27.425,27.425,100,2021-10-07 17:51:00,SUSC
27.42,27.42,27.42,27.42,600,2021-10-07 18:09:00,SUSC
27.4278,27.4278,27.4278,27.4278,247,2021-10-07 18:12:00,SUSC
27.4245,27.4245,27.4245,27.4245,914,2021-10-07 18:15:00,SUSC
27.4255,27.4255,27.425,27.425,200,2021-10-07 18:16:00,SUSC
27.428,27.428,27.428,27.428,364,2021-10-07 18:18:00,SUSC
27.4255,27.43,27.4255,27.43,1847,2021-10-07 18:20:00,SUSC
27.42,27.42,27.42,27.42,500,2021-10-07 18:21:00,SUSC
27.42,27.42,27.42,27.42,300,2021-10-07 18:22:00,SUSC
27.42,27.4218,27.42,27.4218,692,2021-10-07 18:30:00,SUSC
27.43,27.43,27.42,27.42,498,2021-10-07 18:31:00,SUSC
27.405,27.4099,27.4,27.4,5998,2021-10-07 18:33:00,SUSC
27.402,27.402,27.402,27.402,146,2021-10-07 18:40:00,SUSC
27.405,27.4099,27.405,27.4099,772,2021-10-07 18:50:00,SUSC
27.4026,27.4026,27.4026,27.4026,155,2021-10-07 18:53:00,SUSC
27.41,27.41,27.41,27.41,100,2021-10-07 18:55:00,SUSC
27.4001,27.4001,27.4001,27.4001,168,2021-10-07 18:57:00,SUSC
27.41,27.41,27.41,27.41,138,2021-10-07 19:05:00,SUSC
27.4049,27.405,27.4,27.4,1472,2021-10-07 19:06:00,SUSC
27.4,27.406,27.4,27.405,1957,2021-10-07 19:08:00,SUSC
27.405,27.405,27.405,27.405,200,2021-10-07 19:09:00,SUSC
27.405,27.405,27.405,27.405,100,2021-10-07 19:11:00,SUSC
27.405,27.405,27.405,27.405,200,2021-10-07 19:13:00,SUSC
27.405,27.405,27.405,27.405,300,2021-10-07 19:14:00,SUSC
27.41,27.41,27.41,27.41,174,2021-10-07 19:15:00,SUSC
27.4,27.405,27.4,27.405,329,2021-10-07 19:16:00,SUSC
27.405,27.405,27.405,27.405,200,2021-10-07 19:18:00,SUSC
27.405,27.405,27.405,27.405,200,2021-10-07 19:20:00,SUSC
27.405,27.405,27.405,27.405,100,2021-10-07 19:21:00,SUSC
27.405,27.405,27.405,27.405,953,2021-10-07 19:22:00,SUSC
27.405,27.405,27.405,27.405,200,2021-10-07 19:24:00,SUSC
27.405,27.405,27.4026,27.4026,248,2021-10-07 19:25:00,SUSC
27.405,27.405,27.405,27.405,200,2021-10-07 19:26:00,SUSC
27.405,27.405,27.405,27.405,200,2021-10-07 19:28:00,SUSC
27.4,27.4,27.4,27.4,1500,2021-10-07 19:30:00,SUSC
27.4,27.4,27.4,27.4,200,2021-10-07 19:31:00,SUSC
27.39,27.39,27.39,27.39,200,2021-10-07 19:33:00,SUSC
27.385,27.39,27.385,27.39,304,2021-10-07 19:34:00,SUSC
27.385,27.385,27.385,27.385,856,2021-10-07 19:35:00,SUSC
27.39,27.39,27.39,27.39,200,2021-10-07 19:36:00,SUSC
27.3882,27.3882,27.3882,27.3882,165,2021-10-07 19:37:00,SUSC
27.39,27.39,27.39,27.39,200,2021-10-07 19:38:00,SUSC
27.385,27.385,27.385,27.385,200,2021-10-07 19:39:00,SUSC
27.385,27.385,27.385,27.385,200,2021-10-07 19:41:00,SUSC
27.385,27.385,27.385,27.385,200,2021-10-07 19:42:00,SUSC
27.3838,27.385,27.3838,27.385,5177,2021-10-07 19:43:00,SUSC
27.385,27.385,27.385,27.385,400,2021-10-07 19:45:00,SUSC
27.3838,27.385,27.3838,27.385,1298,2021-10-07 19:46:00,SUSC
27.385,27.385,27.385,27.385,200,2021-10-07 19:47:00,SUSC
27.3855,27.3855,27.385,27.385,628,2021-10-07 19:48:00,SUSC
27.385,27.385,27.385,27.385,200,2021-10-07 19:49:00,SUSC
27.385,27.385,27.385,27.385,200,2021-10-07 19:50:00,SUSC
27.39,27.39,27.39,27.39,200,2021-10-07 19:51:00,SUSC
27.39,27.39,27.39,27.39,200,2021-10-07 19:52:00,SUSC
27.395,27.395,27.39,27.39,400,2021-10-07 19:53:00,SUSC
27.39,27.39,27.39,27.39,400,2021-10-07 19:55:00,SUSC
27.39,27.39,27.39,27.39,200,2021-10-07 19:56:00,SUSC
27.385,27.385,27.385,27.385,400,2021-10-07 19:57:00,SUSC
27.39,27.39,27.39,27.39,300,2021-10-07 19:58:00,SUSC
27.385,27.39,27.385,27.39,485,2021-10-07 19:59:00,SUSC
27.39,27.39,27.39,27.39,315,2021-10-07 20:00:00,SUSC
27.38,27.38,27.38,27.38,100,2021-10-08 13:28:00,SUSC
27.37,27.37,27.37,27.37,100,2021-10-08 13:29:00,SUSC
27.38,27.38,27.35,27.35,3749,2021-10-08 13:30:00,SUSC
27.341,27.341,27.341,27.341,454,2021-10-08 13:36:00,SUSC
27.3219,27.3219,27.3219,27.3219,202,2021-10-08 13:42:00,SUSC
27.32,27.32,27.32,27.32,995,2021-10-08 13:44:00,SUSC
27.31,27.31,27.31,27.31,400,2021-10-08 13:45:00,SUSC
27.32,27.32,27.32,27.32,100,2021-10-08 13:52:00,SUSC
27.3145,27.3145,27.3145,27.3145,1103,2021-10-08 14:00:00,SUSC
27.315,27.315,27.315,27.315,355,2021-10-08 14:01:00,SUSC
27.3136,27.3136,27.3136,27.3136,360,2021-10-08 14:02:00,SUSC
27.315,27.315,27.315,27.315,1026,2021-10-08 14:03:00,SUSC
27.315,27.315,27.315,27.315,300,2021-10-08 14:06:00,SUSC
27.32,27.32,27.32,27.32,157,2021-10-08 14:08:00,SUSC
27.315,27.315,27.315,27.315,365,2021-10-08 14:10:00,SUSC
27.315,27.315,27.315,27.315,146,2021-10-08 14:14:00,SUSC
27.315,27.315,27.315,27.315,686,2021-10-08 14:15:00,SUSC
27.315,27.315,27.315,27.315,140,2021-10-08 14:25:00,SUSC
27.315,27.315,27.315,27.315,1129,2021-10-08 14:29:00,SUSC
27.3137,27.3137,27.3137,27.3137,214,2021-10-08 14:30:00,SUSC
27.315,27.315,27.315,27.315,119,2021-10-08 14:31:00,SUSC
27.315,27.315,27.315,27.315,954,2021-10-08 14:46:00,SUSC
27.315,27.315,27.315,27.315,454,2021-10-08 14:47:00,SUSC
27.315,27.315,27.315,27.315,111,2021-10-08 14:53:00,SUSC
27.315,27.315,27.3116,27.3116,256,2021-10-08 15:12:00,SUSC
27.315,27.315,27.315,27.315,167,2021-10-08 15:15:00,SUSC
27.31,27.31,27.31,27.31,600,2021-10-08 15:21:00,SUSC
27.3,27.3,27.3,27.3,600,2021-10-08 15:24:00,SUSC
27.27,27.27,27.27,27.27,100,2021-10-08 15:26:00,SUSC
27.28,27.28,27.28,27.28,640,2021-10-08 15:36:00,SUSC
27.279,27.279,27.275,27.275,299,2021-10-08 15:38:00,SUSC
27.28,27.28,27.28,27.28,906,2021-10-08 15:39:00,SUSC
27.28,27.28,27.28,27.28,100,2021-10-08 15:41:00,SUSC
27.2707,27.2707,27.2707,27.2707,111,2021-10-08 15:51:00,SUSC
27.28,27.28,27.28,27.28,100,2021-10-08 15:52:00,SUSC
27.2724,27.2724,27.2724,27.2724,504,2021-10-08 15:53:00,SUSC
27.2818,27.2818,27.2818,27.2818,916,2021-10-08 16:03:00,SUSC
27.28,27.28,27.28,27.28,135,2021-10-08 16:05:00,SUSC
27.289,27.29,27.289,27.29,237,2021-10-08 16:12:00,SUSC
27.2869,27.29,27.2869,27.29,485,2021-10-08 16:14:00,SUSC
27.2803,27.2803,27.2803,27.2803,270,2021-10-08 16:16:00,SUSC
27.29,27.29,27.29,27.29,189,2021-10-08 16:26:00,SUSC
27.285,27.285,27.285,27.285,200,2021-10-08 16:35:00,SUSC
27.29,27.29,27.29,27.29,100,2021-10-08 16:39:00,SUSC
27.2937,27.2937,27.2937,27.2937,1421,2021-10-08 16:44:00,SUSC
27.289,27.29,27.285,27.29,1284,2021-10-08 16:46:00,SUSC
27.2816,27.2816,27.2816,27.2816,883,2021-10-08 16:47:00,SUSC
27.2847,27.2847,27.2847,27.2847,503,2021-10-08 16:49:00,SUSC
27.285,27.285,27.2808,27.2808,399,2021-10-08 16:53:00,SUSC
27.2899,27.2899,27.2899,27.2899,916,2021-10-08 17:03:00,SUSC
27.2899,27.2899,27.2899,27.2899,212,2021-10-08 17:07:00,SUSC
27.281,27.281,27.281,27.281,4434,2021-10-08 17:10:00,SUSC
27.285,27.285,27.285,27.285,293,2021-10-08 17:12:00,SUSC
27.285,27.285,27.285,27.285,185,2021-10-08 17:16:00,SUSC
27.285,27.285,27.285,27.285,300,2021-10-08 17:23:00,SUSC
27.285,27.285,27.285,27.285,298,2021-10-08 17:24:00,SUSC
27.2836,27.2836,27.2836,27.2836,160,2021-10-08 17:25:00,SUSC
27.285,27.285,27.285,27.285,300,2021-10-08 17:26:00,SUSC
27.28,27.28,27.27,27.27,5446,2021-10-08 17:27:00,SUSC
27.27,27.27,27.27,27.27,300,2021-10-08 17:28:00,SUSC
27.275,27.275,27.275,27.275,284,2021-10-08 17:34:00,SUSC
27.2824,27.2825,27.2777,27.2825,4002,2021-10-08 17:38:00,SUSC
27.28,27.28,27.28,27.28,624,2021-10-08 17:41:00,SUSC
27.2792,27.2792,27.2792,27.2792,147,2021-10-08 17:42:00,SUSC
27.28,27.285,27.28,27.285,2053,2021-10-08 17:46:00,SUSC
27.2843,27.2843,27.2843,27.2843,207,2021-10-08 17:48:00,SUSC
27.2801,27.2818,27.2801,27.2818,4522,2021-10-08 17:49:00,SUSC
27.2802,27.29,27.2802,27.29,479,2021-10-08 17:54:00,SUSC
27.29,27.2937,27.29,27.2937,298,2021-10-08 17:56:00,SUSC
27.29,27.29,27.29,27.29,400,2021-10-08 18:01:00,SUSC
27.29,27.29,27.29,27.29,500,2021-10-08 18:02:00,SUSC
27.2959,27.2959,27.2959,27.2959,126,2021-10-08 18:03:00,SUSC
27.2917,27.295,27.2917,27.295,221,2021-10-08 18:06:00,SUSC
27.295,27.295,27.295,27.295,400,2021-10-08 18:11:00,SUSC
27.295,27.295,27.295,27.295,140,2021-10-08 18:12:00,SUSC
27.3,27.3,27.3,27.3,30000,2021-10-08 18:19:00,SUSC
27.295,27.295,27.295,27.295,100,2021-10-08 18:26:00,SUSC
27.295,27.295,27.295,27.295,484,2021-10-08 18:30:00,SUSC
27.295,27.295,27.295,27.295,561,2021-10-08 18:38:00,SUSC
27.295,27.295,27.295,27.295,185,2021-10-08 18:39:00,SUSC
27.29,27.295,27.29,27.295,638,2021-10-08 18:40:00,SUSC
27.2901,27.295,27.29,27.2901,3110,2021-10-08 18:43:00,SUSC
27.295,27.295,27.295,27.295,174,2021-10-08 18:46:00,SUSC
27.2951,27.2951,27.295,27.295,814,2021-10-08 18:52:00,SUSC
27.295,27.295,27.295,27.295,359,2021-10-08 18:53:00,SUSC
27.295,27.3,27.295,27.3,4719,2021-10-08 18:58:00,SUSC
27.295,27.295,27.295,27.295,211,2021-10-08 18:59:00,SUSC
27.295,27.3,27.295,27.3,5298,2021-10-08 19:00:00,SUSC
27.295,27.295,27.295,27.295,1125,2021-10-08 19:01:00,SUSC
27.295,27.295,27.295,27.295,120,2021-10-08 19:03:00,SUSC
27.295,27.295,27.295,27.295,100,2021-10-08 19:05:00,SUSC
27.295,27.295,27.295,27.295,100,2021-10-08 19:07:00,SUSC
27.2901,27.293,27.2901,27.293,300,2021-10-08 19:11:00,SUSC
27.295,27.295,27.295,27.295,1000,2021-10-08 19:12:00,SUSC
27.295,27.295,27.295,27.295,802,2021-10-08 19:22:00,SUSC
27.3,27.3,27.3,27.3,300,2021-10-08 19:23:00,SUSC
27.2944,27.2944,27.2944,27.2944,135,2021-10-08 19:25:00,SUSC
27.295,27.295,27.295,27.295,140,2021-10-08 19:29:00,SUSC
27.29,27.29,27.29,27.29,900,2021-10-08 19:30:00,SUSC
27.2829,27.2829,27.2829,27.2829,855,2021-10-08 19:31:00,SUSC
27.2892,27.2892,27.2892,27.2892,1310,2021-10-08 19:35:00,SUSC
27.289,27.289,27.289,27.289,100,2021-10-08 19:41:00,SUSC
27.2736,27.28,27.2736,27.279,1007,2021-10-08 19:43:00,SUSC
27.28,27.28,27.28,27.28,100,2021-10-08 19:44:00,SUSC
27.28,27.28,27.28,27.28,1161,2021-10-08 19:45:00,SUSC
27.28,27.28,27.28,27.28,1066,2021-10-08 19:48:00,SUSC
27.28,27.28,27.28,27.28,1394,2021-10-08 19:50:00,SUSC
27.2787,27.2787,27.2787,27.2787,152,2021-10-08 19:54:00,SUSC
27.28,27.28,27.28,27.28,200,2021-10-08 19:58:00,SUSC
27.285,27.285,27.285,27.285,164,2021-10-08 19:59:00,SUSC
27.29,27.29,27.29,27.29,300,2021-10-08 20:00:00,SUSC
27.24,27.24,27.24,27.24,929,2021-10-11 13:30:00,SUSC
27.24,27.24,27.24,27.24,468,2021-10-11 13:31:00,SUSC
27.27,27.27,27.26,27.26,500,2021-10-11 13:38:00,SUSC
27.276,27.276,27.276,27.276,163,2021-10-11 13:49:00,SUSC
27.27,27.27,27.27,27.27,100,2021-10-11 13:50:00,SUSC
27.275,27.275,27.275,27.275,863,2021-10-11 13:58:00,SUSC
27.27,27.27,27.2696,27.2696,425,2021-10-11 14:00:00,SUSC
27.27,27.27,27.269,27.269,1476,2021-10-11 14:02:00,SUSC
27.27,27.27,27.269,27.27,1727,2021-10-11 14:03:00,SUSC
27.27,27.27,27.27,27.27,506,2021-10-11 14:07:00,SUSC
27.27,27.27,27.27,27.27,183,2021-10-11 14:08:00,SUSC
27.28,27.28,27.28,27.28,483,2021-10-11 14:10:00,SUSC
27.28,27.28,27.28,27.28,340,2021-10-11 14:11:00,SUSC
27.28,27.28,27.28,27.28,1292,2021-10-11 14:12:00,SUSC
27.28,27.28,27.28,27.28,168,2021-10-11 14:13:00,SUSC
27.28,27.28,27.28,27.28,375,2021-10-11 14:15:00,SUSC
27.28,27.29,27.28,27.29,335,2021-10-11 14:16:00,SUSC
27.29,27.29,27.28,27.28,634,2021-10-11 14:17:00,SUSC
27.28,27.28,27.28,27.28,147,2021-10-11 14:18:00,SUSC
27.29,27.29,27.2899,27.2899,660,2021-10-11 14:19:00,SUSC
27.29,27.29,27.29,27.29,466,2021-10-11 14:20:00,SUSC
27.285,27.285,27.285,27.285,800,2021-10-11 14:21:00,SUSC
27.285,27.285,27.285,27.285,100,2021-10-11 14:24:00,SUSC
27.285,27.285,27.285,27.285,200,2021-10-11 14:27:00,SUSC
27.2823,27.2823,27.2823,27.2823,115,2021-10-11 14:28:00,SUSC
27.285,27.285,27.285,27.285,200,2021-10-11 14:34:00,SUSC
27.2815,27.285,27.2815,27.285,326,2021-10-11 14:36:00,SUSC
27.285,27.285,27.285,27.285,100,2021-10-11 14:37:00,SUSC
27.285,27.285,27.285,27.285,200,2021-10-11 14:38:00,SUSC
27.285,27.285,27.285,27.285,300,2021-10-11 14:41:00,SUSC
27.285,27.285,27.285,27.285,200,2021-10-11 14:43:00,SUSC
27.28,27.28,27.28,27.28,100,2021-10-11 14:44:00,SUSC
27.28,27.28,27.28,27.28,1544,2021-10-11 14:48:00,SUSC
27.255,27.255,27.255,27.255,254,2021-10-11 14:55:00,SUSC
27.27,27.27,27.27,27.27,200,2021-10-11 15:02:00,SUSC
27.2627,27.2627,27.2627,27.2627,235,2021-10-11 15:04:00,SUSC
27.27,27.27,27.27,27.27,200,2021-10-11 15:11:00,SUSC
27.27,27.27,27.27,27.27,110,2021-10-11 15:13:00,SUSC
27.26,27.264,27.26,27.264,1257,2021-10-11 15:16:00,SUSC
27.27,27.27,27.2663,27.2663,506,2021-10-11 15:17:00,SUSC
27.27,27.27,27.27,27.27,200,2021-10-11 15:19:00,SUSC
27.279,27.28,27.279,27.28,300,2021-10-11 15:23:00,SUSC
27.2784,27.2784,27.2784,27.2784,111,2021-10-11 15:25:00,SUSC
27.28,27.28,27.28,27.28,200,2021-10-11 15:27:00,SUSC
27.28,27.28,27.28,27.28,118,2021-10-11 15:31:00,SUSC
27.28,27.28,27.28,27.28,200,2021-10-11 15:34:00,SUSC
27.28,27.28,27.28,27.28,200,2021-10-11 15:41:00,SUSC
27.28,27.28,27.28,27.28,100,2021-10-11 15:48:00,SUSC
27.288,27.288,27.288,27.288,158,2021-10-11 15:49:00,SUSC
27.28,27.29,27.28,27.28,818,2021-10-11 15:51:00,SUSC
27.28,27.28,27.28,27.28,200,2021-10-11 15:52:00,SUSC
27.279,27.28,27.279,27.28,1667,2021-10-11 15:57:00,SUSC
27.275,27.275,27.275,27.275,181,2021-10-11 16:01:00,SUSC
27.275,27.275,27.275,27.275,200,2021-10-11 16:02:00,SUSC
27.27,27.27,27.27,27.27,2000,2021-10-11 16:03:00,SUSC
27.275,27.275,27.275,27.275,166,2021-10-11 16:04:00,SUSC
27.2732,27.2732,27.2732,27.2732,497,2021-10-11 16:05:00,SUSC
27.275,27.275,27.275,27.275,206,2021-10-11 16:06:00,SUSC
27.28,27.28,27.28,27.28,200,2021-10-11 16:11:00,SUSC
27.275,27.275,27.275,27.275,383,2021-10-11 16:22:00,SUSC
27.2722,27.2722,27.2722,27.2722,118,2021-10-11 16:23:00,SUSC
27.277,27.277,27.277,27.277,120,2021-10-11 16:26:00,SUSC
27.275,27.275,27.275,27.275,200,2021-10-11 16:31:00,SUSC
27.2721,27.2721,27.2721,27.2721,170,2021-10-11 16:33:00,SUSC
27.27,27.275,27.27,27.275,423,2021-10-11 16:35:00,SUSC
27.275,27.275,27.275,27.275,100,2021-10-11 16:39:00,SUSC
27.275,27.275,27.275,27.275,200,2021-10-11 16:40:00,SUSC
27.2721,27.2721,27.2721,27.2721,200,2021-10-11 16:41:00,SUSC
27.275,27.275,27.275,27.275,200,2021-10-11 16:48:00,SUSC
27.275,27.275,27.275,27.275,271,2021-10-11 16:53:00,SUSC
27.275,27.275,27.275,27.275,200,2021-10-11 16:55:00,SUSC
27.2701,27.2701,27.2701,27.2701,132,2021-10-11 17:02:00,SUSC
27.275,27.275,27.275,27.275,474,2021-10-11 17:03:00,SUSC
27.275,27.275,27.27,27.27,300,2021-10-11 17:04:00,SUSC
27.275,27.275,27.275,27.275,200,2021-10-11 17:05:00,SUSC
27.275,27.275,27.275,27.275,126,2021-10-11 17:06:00,SUSC
27.28,27.28,27.2748,27.2748,9699,2021-10-11 17:13:00,SUSC
27.275,27.2768,27.275,27.2768,1007,2021-10-11 17:16:00,SUSC
27.275,27.275,27.275,27.275,1925,2021-10-11 17:19:00,SUSC
27.275,27.275,27.275,27.275,200,2021-10-11 17:24:00,SUSC
27.271,27.271,27.271,27.271,178,2021-10-11 17:27:00,SUSC
27.274,27.274,27.274,27.274,110,2021-10-11 17:32:00,SUSC
27.275,27.275,27.275,27.275,200,2021-10-11 17:33:00,SUSC
27.275,27.275,27.275,27.275,363,2021-10-11 17:41:00,SUSC
27.275,27.28,27.275,27.275,2532,2021-10-11 17:48:00,SUSC
27.275,27.275,27.275,27.275,200,2021-10-11 17:49:00,SUSC
27.275,27.275,27.275,27.275,747,2021-10-11 17:52:00,SUSC
27.275,27.275,27.275,27.275,320,2021-10-11 17:56:00,SUSC
27.275,27.275,27.275,27.275,1056,2021-10-11 17:57:00,SUSC
27.2797,27.2797,27.2797,27.2797,191,2021-10-11 18:04:00,SUSC
27.275,27.2768,27.275,27.2768,409,2021-10-11 18:05:00,SUSC
27.275,27.275,27.275,27.275,321,2021-10-11 18:06:00,SUSC
27.275,27.275,27.275,27.275,200,2021-10-11 18:12:00,SUSC
27.275,27.28,27.275,27.275,8521,2021-10-11 18:16:00,SUSC
27.275,27.275,27.275,27.275,200,2021-10-11 18:17:00,SUSC
27.275,27.275,27.275,27.275,266,2021-10-11 18:19:00,SUSC
27.275,27.275,27.275,27.275,100,2021-10-11 18:21:00,SUSC
27.275,27.275,27.275,27.275,200,2021-10-11 18:22:00,SUSC
27.275,27.275,27.275,27.275,230,2021-10-11 18:28:00,SUSC
27.275,27.275,27.275,27.275,100,2021-10-11 18:29:00,SUSC
27.275,27.275,27.275,27.275,1107,2021-10-11 18:36:00,SUSC
27.27,27.275,27.27,27.275,1275,2021-10-11 18:47:00,SUSC
27.2704,27.2704,27.2704,27.2704,151,2021-10-11 18:53:00,SUSC
27.2725,27.2725,27.2725,27.2725,140,2021-10-11 19:00:00,SUSC
27.254,27.254,27.254,27.254,145,2021-10-11 19:06:00,SUSC
27.2599,27.2599,27.2599,27.2599,2531,2021-10-11 19:10:00,SUSC
27.2532,27.2532,27.2532,27.2532,518,2021-10-11 19:13:00,SUSC
27.2521,27.2541,27.2521,27.2541,1122,2021-10-11 19:14:00,SUSC
27.2527,27.2527,27.2527,27.2527,738,2021-10-11 19:15:00,SUSC
27.2537,27.255,27.25,27.25,1287,2021-10-11 19:21:00,SUSC
27.2532,27.2532,27.2532,27.2532,582,2021-10-11 19:23:00,SUSC
27.255,27.255,27.255,27.255,510,2021-10-11 19:25:00,SUSC
27.255,27.255,27.255,27.255,425,2021-10-11 19:29:00,SUSC
27.2517,27.2517,27.2517,27.2517,493,2021-10-11 19:34:00,SUSC
27.26,27.26,27.26,27.26,300,2021-10-11 19:38:00,SUSC
27.2532,27.2532,27.2532,27.2532,143,2021-10-11 19:39:00,SUSC
27.2528,27.2528,27.2528,27.2528,110,2021-10-11 19:41:00,SUSC
27.255,27.255,27.255,27.255,107,2021-10-11 19:46:00,SUSC
27.255,27.255,27.255,27.255,100,2021-10-11 19:49:00,SUSC
27.2528,27.2528,27.2528,27.2528,180,2021-10-11 19:51:00,SUSC
27.25,27.25,27.25,27.25,600,2021-10-11 19:54:00,SUSC
27.245,27.25,27.24,27.25,400,2021-10-11 19:59:00,SUSC
27.25,27.25,27.25,27.25,358,2021-10-11 20:00:00,SUSC
27.24,27.24,27.24,27.24,2332,2021-10-12 13:30:00,SUSC
27.29,27.29,27.29,27.29,200,2021-10-12 13:37:00,SUSC
27.29,27.29,27.29,27.29,146,2021-10-12 13:39:00,SUSC
27.3,27.3,27.3,27.3,500,2021-10-12 13:44:00,SUSC
27.3,27.32,27.3,27.3,3520,2021-10-12 13:48:00,SUSC
27.31,27.31,27.3075,27.3075,6891,2021-10-12 13:54:00,SUSC
27.3015,27.3015,27.3015,27.3015,303,2021-10-12 13:56:00,SUSC
27.3,27.3,27.29,27.3,7021,2021-10-12 13:57:00,SUSC
27.31,27.31,27.3063,27.31,1407,2021-10-12 13:58:00,SUSC
27.31,27.31,27.31,27.31,100,2021-10-12 13:59:00,SUSC
27.3117,27.3117,27.3117,27.3117,729,2021-10-12 14:00:00,SUSC
27.32,27.32,27.32,27.32,531,2021-10-12 14:01:00,SUSC
27.319,27.33,27.319,27.32,1142,2021-10-12 14:03:00,SUSC
27.34,27.34,27.34,27.34,425,2021-10-12 14:04:00,SUSC
27.329,27.329,27.329,27.329,140,2021-10-12 14:07:00,SUSC
27.33,27.33,27.33,27.33,140,2021-10-12 14:08:00,SUSC
27.34,27.34,27.34,27.34,1089,2021-10-12 14:13:00,SUSC
27.3394,27.3394,27.3394,27.3394,545,2021-10-12 14:14:00,SUSC
27.34,27.34,27.3375,27.3375,768,2021-10-12 14:17:00,SUSC
27.339,27.339,27.339,27.339,100,2021-10-12 14:20:00,SUSC
27.339,27.34,27.339,27.34,5405,2021-10-12 14:22:00,SUSC
27.3201,27.3201,27.3201,27.3201,253,2021-10-12 14:24:00,SUSC
27.34,27.34,27.34,27.34,238,2021-10-12 14:25:00,SUSC
27.3264,27.3264,27.3264,27.3264,152,2021-10-12 14:29:00,SUSC
27.3236,27.3236,27.3236,27.3236,581,2021-10-12 14:32:00,SUSC
27.329,27.329,27.329,27.329,400,2021-10-12 14:34:00,SUSC
27.325,27.325,27.325,27.325,511,2021-10-12 14:41:00,SUSC
27.31,27.31,27.31,27.31,160,2021-10-12 15:01:00,SUSC
27.312,27.312,27.312,27.312,142,2021-10-12 15:02:00,SUSC
27.31,27.3105,27.31,27.3105,915,2021-10-12 15:05:00,SUSC
27.3112,27.3112,27.3112,27.3112,1420,2021-10-12 15:11:00,SUSC
27.3,27.309,27.3,27.309,430,2021-10-12 15:16:00,SUSC
27.31,27.31,27.31,27.31,399,2021-10-12 15:17:00,SUSC
27.305,27.305,27.305,27.305,154,2021-10-12 15:21:00,SUSC
27.3105,27.3105,27.3105,27.3105,573,2021-10-12 15:26:00,SUSC
27.3087,27.3087,27.3087,27.3087,2193,2021-10-12 15:29:00,SUSC
27.304,27.304,27.304,27.304,184,2021-10-12 15:33:00,SUSC
27.305,27.305,27.305,27.305,100,2021-10-12 15:34:00,SUSC
27.3,27.3,27.3,27.3,100,2021-10-12 15:35:00,SUSC
27.3,27.3,27.3,27.3,100,2021-10-12 15:36:00,SUSC
27.3,27.3,27.3,27.3,926,2021-10-12 15:38:00,SUSC
27.2901,27.2901,27.2901,27.2901,2888,2021-10-12 15:40:00,SUSC
27.32,27.32,27.32,27.32,620,2021-10-12 15:49:00,SUSC
27.3135,27.3135,27.3135,27.3135,151,2021-10-12 15:50:00,SUSC
27.319,27.32,27.319,27.32,300,2021-10-12 15:51:00,SUSC
27.315,27.315,27.315,27.315,220,2021-10-12 15:52:00,SUSC
27.3165,27.3165,27.3165,27.3165,108,2021-10-12 15:54:00,SUSC
27.31,27.31,27.31,27.31,100,2021-10-12 15:58:00,SUSC
27.315,27.315,27.315,27.315,146,2021-10-12 16:03:00,SUSC
27.315,27.315,27.315,27.315,189,2021-10-12 16:11:00,SUSC
27.315,27.315,27.315,27.315,196,2021-10-12 16:20:00,SUSC
27.31,27.31,27.31,27.31,100,2021-10-12 16:26:00,SUSC
27.315,27.315,27.315,27.315,243,2021-10-12 16:41:00,SUSC
27.315,27.315,27.315,27.315,140,2021-10-12 16:47:00,SUSC
27.335,27.34,27.335,27.34,1891,2021-10-12 17:09:00,SUSC
27.34,27.34,27.34,27.34,100,2021-10-12 17:12:00,SUSC
27.339,27.34,27.339,27.34,1254,2021-10-12 17:15:00,SUSC
27.34,27.34,27.34,27.34,100,2021-10-12 17:24:00,SUSC
27.345,27.35,27.345,27.35,2156,2021-10-12 17:26:00,SUSC
27.345,27.345,27.345,27.345,634,2021-10-12 17:29:00,SUSC
27.34,27.3446,27.34,27.3446,568,2021-10-12 17:30:00,SUSC
27.3407,27.3407,27.3407,27.3407,481,2021-10-12 17:43:00,SUSC
27.34,27.34,27.34,27.34,200,2021-10-12 17:44:00,SUSC
27.35,27.35,27.3475,27.3475,408,2021-10-12 17:46:00,SUSC
27.35,27.35,27.341,27.341,257,2021-10-12 17:50:00,SUSC
27.35,27.35,27.35,27.35,366,2021-10-12 17:53:00,SUSC
27.35,27.35,27.35,27.35,649,2021-10-12 17:57:00,SUSC
27.345,27.345,27.345,27.345,254,2021-10-12 18:01:00,SUSC
27.35,27.35,27.35,27.35,3143,2021-10-12 18:02:00,SUSC
27.35,27.36,27.35,27.36,9271,2021-10-12 18:05:00,SUSC
27.35,27.35,27.35,27.35,2081,2021-10-12 18:06:00,SUSC
27.3446,27.3446,27.3446,27.3446,331,2021-10-12 18:11:00,SUSC
27.3442,27.3442,27.3442,27.3442,291,2021-10-12 18:12:00,SUSC
27.36,27.38,27.36,27.38,2007,2021-10-12 18:15:00,SUSC
27.359,27.36,27.359,27.36,200,2021-10-12 18:17:00,SUSC
27.355,27.355,27.35,27.3501,400,2021-10-12 18:18:00,SUSC
27.36,27.36,27.3558,27.3562,600,2021-10-12 18:19:00,SUSC
27.355,27.356,27.355,27.356,847,2021-10-12 18:35:00,SUSC
27.355,27.355,27.355,27.355,519,2021-10-12 18:36:00,SUSC
27.355,27.355,27.355,27.355,2454,2021-10-12 18:39:00,SUSC
27.355,27.36,27.355,27.36,591,2021-10-12 18:41:00,SUSC
27.3594,27.3594,27.3594,27.3594,194,2021-10-12 18:42:00,SUSC
27.3563,27.3563,27.3563,27.3563,200,2021-10-12 18:44:00,SUSC
27.359,27.359,27.359,27.359,167,2021-10-12 18:46:00,SUSC
27.359,27.359,27.359,27.359,288,2021-10-12 18:49:00,SUSC
27.3565,27.3565,27.3565,27.3565,1347,2021-10-12 18:52:00,SUSC
27.355,27.355,27.355,27.355,100,2021-10-12 18:56:00,SUSC
27.355,27.355,27.355,27.355,100,2021-10-12 18:58:00,SUSC
27.355,27.355,27.355,27.355,100,2021-10-12 19:01:00,SUSC
27.35,27.35,27.35,27.35,100,2021-10-12 19:04:00,SUSC
27.35,27.35,27.34,27.34,25468,2021-10-12 19:06:00,SUSC
27.35,27.355,27.35,27.355,389,2021-10-12 19:08:00,SUSC
27.355,27.3561,27.355,27.3561,3238,2021-10-12 19:09:00,SUSC
27.3534,27.3534,27.3534,27.3534,610,2021-10-12 19:15:00,SUSC
27.37,27.38,27.37,27.37,3465,2021-10-12 19:23:00,SUSC
27.365,27.365,27.35,27.351,400,2021-10-12 19:24:00,SUSC
27.36,27.36,27.36,27.36,200,2021-10-12 19:27:00,SUSC
27.369,27.37,27.365,27.365,1280,2021-10-12 19:29:00,SUSC
27.36,27.36,27.36,27.36,100,2021-10-12 19:34:00,SUSC
27.3559,27.3559,27.3559,27.3559,531,2021-10-12 19:36:00,SUSC
27.3584,27.36,27.3584,27.36,286,2021-10-12 19:38:00,SUSC
27.37,27.37,27.37,27.37,168,2021-10-12 19:40:00,SUSC
27.37,27.37,27.37,27.37,223,2021-10-12 19:46:00,SUSC
27.37,27.37,27.37,27.37,100,2021-10-12 19:47:00,SUSC
27.3698,27.3698,27.3698,27.3698,391,2021-10-12 19:48:00,SUSC
27.3768,27.3768,27.3768,27.3768,1172,2021-10-12 19:49:00,SUSC
27.37,27.375,27.37,27.375,205,2021-10-12 19:51:00,SUSC
27.38,27.38,27.38,27.38,100,2021-10-12 19:54:00,SUSC
27.39,27.41,27.38,27.38,8300,2021-10-12 19:57:00,SUSC
27.38,27.38,27.38,27.38,200,2021-10-12 19:58:00,SUSC
27.39,27.39,27.39,27.39,270,2021-10-12 19:59:00,SUSC
27.39,27.39,27.39,27.39,300,2021-10-12 20:00:00,SUSC
27.42,27.42,27.42,27.42,1266,2021-10-13 13:30:00,SUSC
27.44,27.45,27.44,27.45,6000,2021-10-13 13:31:00,SUSC
27.43,27.44,27.43,27.44,2400,2021-10-13 13:32:00,SUSC
27.44,27.44,27.44,27.44,300,2021-10-13 13:33:00,SUSC
27.46,27.46,27.46,27.46,100,2021-10-13 13:35:00,SUSC
27.4775,27.4775,27.4775,27.4775,399,2021-10-13 13:41:00,SUSC
27.47,27.47,27.47,27.47,1920,2021-10-13 13:48:00,SUSC
27.4636,27.4636,27.4636,27.4636,110,2021-10-13 13:49:00,SUSC
27.49,27.49,27.49,27.49,200,2021-10-13 14:00:00,SUSC
27.495,27.5,27.495,27.5,319,2021-10-13 14:02:00,SUSC
27.4755,27.4755,27.4755,27.4755,122,2021-10-13 14:03:00,SUSC
27.47,27.47,27.47,27.47,1000,2021-10-13 14:04:00,SUSC
27.49,27.49,27.49,27.49,229,2021-10-13 14:07:00,SUSC
27.49,27.49,27.489,27.489,564,2021-10-13 14:08:00,SUSC
27.4899,27.4899,27.4899,27.4899,557,2021-10-13 14:09:00,SUSC
27.4884,27.4884,27.4884,27.4884,125,2021-10-13 14:14:00,SUSC
27.49,27.49,27.49,27.49,171,2021-10-13 14:18:00,SUSC
27.49,27.49,27.4875,27.4875,346,2021-10-13 14:20:00,SUSC
27.487,27.487,27.4861,27.4861,1122,2021-10-13 14:27:00,SUSC
27.486,27.486,27.486,27.486,147,2021-10-13 14:28:00,SUSC
27.4802,27.4802,27.4802,27.4802,450,2021-10-13 14:30:00,SUSC
27.4872,27.4872,27.4872,27.4872,107,2021-10-13 14:34:00,SUSC
27.49,27.49,27.49,27.49,900,2021-10-13 14:43:00,SUSC
27.49,27.49,27.49,27.49,1200,2021-10-13 14:44:00,SUSC
27.4979,27.4979,27.4979,27.4979,134,2021-10-13 14:46:00,SUSC
27.5,27.5,27.4975,27.4975,284,2021-10-13 14:47:00,SUSC
27.5003,27.5003,27.5003,27.5003,867,2021-10-13 14:51:00,SUSC
27.5,27.5,27.5,27.5,135,2021-10-13 14:54:00,SUSC
27.51,27.51,27.51,27.51,172,2021-10-13 15:02:00,SUSC
27.5097,27.5097,27.5097,27.5097,1038,2021-10-13 15:03:00,SUSC
27.505,27.505,27.505,27.505,4518,2021-10-13 15:04:00,SUSC
27.5,27.5,27.48,27.48,600,2021-10-13 15:05:00,SUSC
27.47,27.47,27.47,27.47,2560,2021-10-13 15:08:00,SUSC
27.4682,27.4682,27.4682,27.4682,406,2021-10-13 15:11:00,SUSC
27.47,27.47,27.47,27.47,119,2021-10-13 15:12:00,SUSC
27.47,27.47,27.47,27.47,260,2021-10-13 15:13:00,SUSC
27.4635,27.4643,27.4635,27.4643,722,2021-10-13 15:20:00,SUSC
27.466,27.466,27.466,27.466,341,2021-10-13 15:30:00,SUSC
27.45,27.4534,27.45,27.4534,692,2021-10-13 15:38:00,SUSC
27.46,27.46,27.46,27.46,1060,2021-10-13 15:41:00,SUSC
27.4534,27.4534,27.4534,27.4534,278,2021-10-13 15:47:00,SUSC
27.453,27.453,27.453,27.453,106,2021-10-13 15:55:00,SUSC
27.46,27.46,27.46,27.46,280,2021-10-13 15:57:00,SUSC
27.46,27.46,27.46,27.46,130,2021-10-13 16:04:00,SUSC
27.4566,27.4566,27.45,27.45,2387,2021-10-13 16:05:00,SUSC
27.4524,27.455,27.4524,27.455,800,2021-10-13 16:07:00,SUSC
27.45,27.45,27.45,27.45,132,2021-10-13 16:16:00,SUSC
27.4534,27.4534,27.4534,27.4534,173,2021-10-13 16:21:00,SUSC
27.4584,27.46,27.4584,27.46,418,2021-10-13 16:24:00,SUSC
27.47,27.47,27.47,27.47,119,2021-10-13 16:33:00,SUSC
27.4778,27.4778,27.4778,27.4778,394,2021-10-13 16:41:00,SUSC
27.4701,27.4777,27.4701,27.471,1405,2021-10-13 16:44:00,SUSC
27.4991,27.4991,27.4991,27.4991,1926,2021-10-13 17:07:00,SUSC
27.495,27.495,27.495,27.495,146,2021-10-13 17:09:00,SUSC
27.51,27.51,27.51,27.51,100,2021-10-13 17:15:00,SUSC
27.505,27.505,27.505,27.505,100,2021-10-13 17:16:00,SUSC
27.5025,27.5025,27.501,27.501,456,2021-10-13 17:17:00,SUSC
27.505,27.505,27.505,27.505,389,2021-10-13 17:20:00,SUSC
27.505,27.505,27.505,27.505,108,2021-10-13 17:29:00,SUSC
27.5064,27.5064,27.5064,27.5064,289,2021-10-13 17:39:00,SUSC
27.505,27.505,27.505,27.505,141,2021-10-13 17:40:00,SUSC
27.505,27.505,27.505,27.505,2890,2021-10-13 17:44:00,SUSC
27.505,27.5099,27.505,27.5099,2274,2021-10-13 17:49:00,SUSC
27.505,27.505,27.505,27.505,200,2021-10-13 17:50:00,SUSC
27.5,27.505,27.5,27.505,438,2021-10-13 17:52:00,SUSC
27.5047,27.5047,27.5047,27.5047,247,2021-10-13 17:53:00,SUSC
27.505,27.505,27.505,27.505,400,2021-10-13 18:01:00,SUSC
27.505,27.505,27.505,27.505,200,2021-10-13 18:05:00,SUSC
27.5076,27.5076,27.5076,27.5076,726,2021-10-13 18:07:00,SUSC
27.5064,27.5064,27.5064,27.5064,992,2021-10-13 18:08:00,SUSC
27.5047,27.5047,27.5047,27.5047,155,2021-10-13 18:09:00,SUSC
27.51,27.51,27.5041,27.5041,693,2021-10-13 18:10:00,SUSC
27.505,27.505,27.505,27.505,100,2021-10-13 18:12:00,SUSC
27.505,27.505,27.505,27.505,100,2021-10-13 18:13:00,SUSC
27.5046,27.5046,27.5,27.5,2150,2021-10-13 18:16:00,SUSC
27.5,27.5064,27.5,27.5064,921,2021-10-13 18:22:00,SUSC
27.5099,27.5099,27.5099,27.5099,161,2021-10-13 18:25:00,SUSC
27.5014,27.51,27.5014,27.51,629,2021-10-13 18:33:00,SUSC
27.505,27.505,27.505,27.505,118,2021-10-13 18:36:00,SUSC
27.5076,27.5076,27.5076,27.5076,257,2021-10-13 18:37:00,SUSC
27.5045,27.5045,27.5045,27.5045,356,2021-10-13 18:42:00,SUSC
27.5021,27.505,27.5,27.5,730,2021-10-13 18:44:00,SUSC
27.5063,27.5063,27.5063,27.5063,113,2021-10-13 18:48:00,SUSC
27.505,27.505,27.505,27.505,100,2021-10-13 18:51:00,SUSC
27.5,27.5,27.5,27.5,998,2021-10-13 18:52:00,SUSC
27.5,27.5073,27.5,27.5044,2717,2021-10-13 18:53:00,SUSC
27.5072,27.5072,27.5072,27.5072,109,2021-10-13 18:57:00,SUSC
27.505,27.505,27.505,27.505,167,2021-10-13 18:58:00,SUSC
27.5043,27.5043,27.5043,27.5043,1062,2021-10-13 19:01:00,SUSC
27.505,27.505,27.505,27.505,297,2021-10-13 19:02:00,SUSC
27.505,27.5063,27.505,27.5063,1244,2021-10-13 19:03:00,SUSC
27.505,27.505,27.505,27.505,288,2021-10-13 19:08:00,SUSC
27.509,27.509,27.509,27.509,1820,2021-10-13 19:11:00,SUSC
27.509,27.509,27.5037,27.5079,944,2021-10-13 19:13:00,SUSC
27.5039,27.5039,27.5039,27.5039,134,2021-10-13 19:15:00,SUSC
27.5063,27.5063,27.5063,27.5063,157,2021-10-13 19:18:00,SUSC
27.5019,27.5019,27.5019,27.5019,164,2021-10-13 19:23:00,SUSC
27.5059,27.5059,27.5059,27.5059,1255,2021-10-13 19:25:00,SUSC
27.5072,27.5072,27.5072,27.5072,128,2021-10-13 19:27:00,SUSC
27.5071,27.5071,27.5071,27.5071,367,2021-10-13 19:29:00,SUSC
27.5,27.5,27.49,27.49,1100,2021-10-13 19:30:00,SUSC
27.49,27.49,27.49,27.49,100,2021-10-13 19:31:00,SUSC
27.4821,27.4821,27.4821,27.4821,137,2021-10-13 19:36:00,SUSC
27.5,27.5,27.5,27.5,300,2021-10-13 19:41:00,SUSC
27.497,27.497,27.497,27.497,331,2021-10-13 19:43:00,SUSC
27.5,27.51,27.495,27.5,6904,2021-10-13 19:50:00,SUSC
27.505,27.505,27.505,27.505,200,2021-10-13 19:51:00,SUSC
27.51,27.51,27.51,27.51,2400,2021-10-13 19:58:00,SUSC
27.51,27.51,27.51,27.51,100,2021-10-13 19:59:00,SUSC
27.51,27.51,27.51,27.51,300,2021-10-13 20:00:00,SUSC
27.53,27.53,27.53,27.53,4252,2021-10-14 13:30:00,SUSC
27.5432,27.5432,27.5432,27.5432,155,2021-10-14 13:31:00,SUSC
27.53,27.53,27.53,27.53,600,2021-10-14 13:34:00,SUSC
27.54,27.5458,27.54,27.5458,2502,2021-10-14 13:36:00,SUSC
27.5436,27.5436,27.5436,27.5436,985,2021-10-14 13:41:00,SUSC
27.54,27.54,27.54,27.54,122,2021-10-14 13:43:00,SUSC
27.54,27.54,27.54,27.54,200,2021-10-14 13:44:00,SUSC
27.545,27.545,27.545,27.545,1110,2021-10-14 13:45:00,SUSC
27.54,27.54,27.54,27.54,500,2021-10-14 13:54:00,SUSC
27.5425,27.5425,27.5425,27.5425,413,2021-10-14 13:55:00,SUSC
27.5499,27.5499,27.54,27.54,1499,2021-10-14 14:00:00,SUSC
27.56,27.56,27.56,27.56,300,2021-10-14 14:01:00,SUSC
27.558,27.558,27.5542,27.5542,765,2021-10-14 14:02:00,SUSC
27.56,27.56,27.558,27.56,1551,2021-10-14 14:03:00,SUSC
27.5582,27.5582,27.5582,27.5582,339,2021-10-14 14:04:00,SUSC
27.564,27.564,27.564,27.564,110,2021-10-14 14:05:00,SUSC
27.5581,27.5581,27.5581,27.5581,678,2021-10-14 14:08:00,SUSC
27.5657,27.5657,27.5657,27.5657,156,2021-10-14 14:09:00,SUSC
27.57,27.57,27.5697,27.5697,612,2021-10-14 14:13:00,SUSC
27.57,27.57,27.5658,27.5658,347,2021-10-14 14:16:00,SUSC
27.55,27.55,27.55,27.55,392,2021-10-14 14:21:00,SUSC
27.56,27.56,27.5501,27.5501,837,2021-10-14 14:22:00,SUSC
27.555,27.555,27.555,27.555,271,2021-10-14 14:23:00,SUSC
27.555,27.555,27.555,27.555,100,2021-10-14 14:24:00,SUSC
27.56,27.56,27.559,27.56,500,2021-10-14 14:25:00,SUSC
27.56,27.56,27.56,27.56,200,2021-10-14 14:34:00,SUSC
27.579,27.579,27.579,27.579,118,2021-10-14 14:38:00,SUSC
27.575,27.575,27.575,27.575,106,2021-10-14 14:39:00,SUSC
27.5704,27.5704,27.5704,27.5704,906,2021-10-14 14:43:00,SUSC
27.57,27.57,27.57,27.57,125,2021-10-14 14:45:00,SUSC
27.5829,27.5829,27.5829,27.5829,557,2021-10-14 15:11:00,SUSC
27.575,27.575,27.5727,27.5727,2104,2021-10-14 15:21:00,SUSC
27.5748,27.5748,27.5748,27.5748,220,2021-10-14 15:25:00,SUSC
27.5781,27.5781,27.5781,27.5781,359,2021-10-14 15:32:00,SUSC
27.575,27.575,27.575,27.575,234,2021-10-14 15:35:00,SUSC
27.58,27.58,27.58,27.58,405,2021-10-14 15:40:00,SUSC
27.57,27.57,27.57,27.57,100,2021-10-14 15:41:00,SUSC
27.585,27.585,27.585,27.585,1790,2021-10-14 15:54:00,SUSC
27.5834,27.5834,27.5834,27.5834,125,2021-10-14 15:56:00,SUSC
27.59,27.59,27.5882,27.59,1550,2021-10-14 16:02:00,SUSC
27.5863,27.5863,27.5863,27.5863,141,2021-10-14 16:05:00,SUSC
27.59,27.59,27.59,27.59,100,2021-10-14 16:06:00,SUSC
27.585,27.585,27.585,27.585,800,2021-10-14 16:08:00,SUSC
27.59,27.59,27.59,27.59,100,2021-10-14 16:15:00,SUSC
27.605,27.605,27.605,27.605,175,2021-10-14 16:20:00,SUSC
27.6034,27.6034,27.6034,27.6034,280,2021-10-14 16:21:00,SUSC
27.61,27.61,27.61,27.61,322,2021-10-14 16:25:00,SUSC
27.605,27.605,27.605,27.605,8165,2021-10-14 16:31:00,SUSC
27.61,27.61,27.605,27.605,644,2021-10-14 16:36:00,SUSC
27.606,27.606,27.606,27.606,150,2021-10-14 16:37:00,SUSC
27.6,27.6,27.6,27.6,100,2021-10-14 16:38:00,SUSC
27.6003,27.6003,27.6003,27.6003,251,2021-10-14 16:39:00,SUSC
27.605,27.605,27.605,27.605,168,2021-10-14 16:45:00,SUSC
27.6069,27.6069,27.6069,27.6069,117,2021-10-14 16:49:00,SUSC
27.605,27.605,27.605,27.605,201,2021-10-14 16:50:00,SUSC
27.6024,27.6024,27.6024,27.6024,281,2021-10-14 16:52:00,SUSC
27.6085,27.6085,27.6079,27.6079,1605,2021-10-14 17:08:00,SUSC
27.6,27.6,27.6,27.6,369,2021-10-14 17:09:00,SUSC
27.6036,27.6036,27.6036,27.6036,171,2021-10-14 17:10:00,SUSC
27.6,27.605,27.6,27.605,457,2021-10-14 17:13:00,SUSC
27.6,27.6,27.6,27.6,200,2021-10-14 17:19:00,SUSC
27.5864,27.5864,27.5864,27.5864,811,2021-10-14 17:23:00,SUSC
27.585,27.585,27.585,27.585,200,2021-10-14 17:26:00,SUSC
27.5826,27.5826,27.5826,27.5826,407,2021-10-14 17:27:00,SUSC
27.5804,27.5804,27.5804,27.5804,202,2021-10-14 17:29:00,SUSC
27.59,27.59,27.59,27.59,100,2021-10-14 17:41:00,SUSC
27.59,27.59,27.59,27.59,5142,2021-10-14 17:45:00,SUSC
27.59,27.59,27.59,27.59,100,2021-10-14 17:46:00,SUSC
27.58,27.58,27.56,27.56,33966,2021-10-14 17:47:00,SUSC
27.585,27.585,27.585,27.585,224,2021-10-14 17:48:00,SUSC
27.58,27.58,27.58,27.58,100,2021-10-14 17:50:00,SUSC
27.585,27.585,27.58,27.58,2989,2021-10-14 17:51:00,SUSC
27.59,27.59,27.58,27.59,3951,2021-10-14 18:00:00,SUSC
27.5888,27.5888,27.5888,27.5888,1099,2021-10-14 18:05:00,SUSC
27.5861,27.5861,27.5861,27.5861,158,2021-10-14 18:06:00,SUSC
27.59,27.59,27.59,27.59,400,2021-10-14 18:10:00,SUSC
27.585,27.585,27.585,27.585,129,2021-10-14 18:12:00,SUSC
27.59,27.59,27.59,27.59,100,2021-10-14 18:16:00,SUSC
27.585,27.585,27.585,27.585,158,2021-10-14 18:18:00,SUSC
27.585,27.585,27.585,27.585,325,2021-10-14 18:19:00,SUSC
27.58,27.58,27.58,27.58,627,2021-10-14 18:23:00,SUSC
27.5833,27.588,27.5833,27.588,2643,2021-10-14 18:32:00,SUSC
27.585,27.59,27.585,27.59,313,2021-10-14 18:33:00,SUSC
27.5879,27.59,27.5863,27.5863,1141,2021-10-14 18:34:00,SUSC
27.5839,27.5839,27.5839,27.5839,130,2021-10-14 18:35:00,SUSC
27.5876,27.5876,27.5876,27.5876,261,2021-10-14 18:38:00,SUSC
27.5861,27.5861,27.5861,27.5861,120,2021-10-14 18:40:00,SUSC
27.5861,27.5861,27.5861,27.5861,139,2021-10-14 18:41:00,SUSC
27.5878,27.5878,27.5878,27.5878,361,2021-10-14 18:43:00,SUSC
27.5825,27.5825,27.5825,27.5825,304,2021-10-14 18:45:00,SUSC
27.5866,27.5866,27.5866,27.5866,114,2021-10-14 18:48:00,SUSC
27.585,27.585,27.585,27.585,260,2021-10-14 18:51:00,SUSC
27.585,27.585,27.585,27.585,331,2021-10-14 18:52:00,SUSC
27.584,27.5881,27.584,27.5881,1001,2021-10-14 18:53:00,SUSC
27.59,27.59,27.59,27.59,100,2021-10-14 18:54:00,SUSC
27.59,27.59,27.59,27.59,300,2021-10-14 18:55:00,SUSC
27.59,27.59,27.5875,27.5875,696,2021-10-14 18:56:00,SUSC
27.585,27.585,27.585,27.585,166,2021-10-14 18:59:00,SUSC
27.58,27.58,27.58,27.58,261,2021-10-14 19:00:00,SUSC
27.59,27.59,27.59,27.59,235,2021-10-14 19:08:00,SUSC
27.5924,27.5924,27.5924,27.5924,105,2021-10-14 19:14:00,SUSC
27.5842,27.596,27.5842,27.596,606,2021-10-14 19:17:00,SUSC
27.5928,27.5928,27.5928,27.5928,105,2021-10-14 19:20:00,SUSC
27.59,27.59,27.59,27.59,100,2021-10-14 19:22:00,SUSC
27.5962,27.5962,27.5962,27.5962,143,2021-10-14 19:25:00,SUSC
27.595,27.595,27.595,27.595,700,2021-10-14 19:27:00,SUSC
27.6,27.6,27.6,27.6,300,2021-10-14 19:32:00,SUSC
27.6,27.6,27.6,27.6,3966,2021-10-14 19:33:00,SUSC
27.595,27.595,27.595,27.595,100,2021-10-14 19:37:00,SUSC
27.6,27.6,27.6,27.6,100,2021-10-14 19:45:00,SUSC
27.6,27.6,27.6,27.6,200,2021-10-14 19:46:00,SUSC
27.6,27.6,27.57,27.58,14700,2021-10-14 19:51:00,SUSC
27.6,27.6,27.599,27.599,239,2021-10-14 19:53:00,SUSC
27.59,27.59,27.59,27.59,106,2021-10-14 19:55:00,SUSC
27.59,27.59,27.59,27.59,1800,2021-10-14 19:59:00,SUSC
27.53,27.53,27.53,27.53,411,2021-10-15 13:30:00,SUSC
27.5,27.5,27.5,27.5,722,2021-10-15 13:38:00,SUSC
27.505,27.505,27.505,27.505,250,2021-10-15 13:48:00,SUSC
27.505,27.505,27.505,27.505,114,2021-10-15 13:50:00,SUSC
27.505,27.505,27.505,27.505,286,2021-10-15 13:55:00,SUSC
27.5,27.5,27.5,27.5,200,2021-10-15 13:56:00,SUSC
27.499,27.499,27.499,27.499,100,2021-10-15 13:58:00,SUSC
27.51,27.51,27.51,27.51,508,2021-10-15 14:01:00,SUSC
27.51,27.51,27.5075,27.5075,1148,2021-10-15 14:02:00,SUSC
27.52,27.52,27.52,27.52,106,2021-10-15 14:03:00,SUSC
27.51,27.51,27.51,27.51,112,2021-10-15 14:08:00,SUSC
27.52,27.52,27.52,27.52,1100,2021-10-15 14:13:00,SUSC
27.5183,27.5183,27.5183,27.5183,130,2021-10-15 14:14:00,SUSC
27.529,27.529,27.529,27.529,100,2021-10-15 14:26:00,SUSC
27.52,27.52,27.52,27.52,200,2021-10-15 14:32:00,SUSC
27.519,27.52,27.519,27.52,400,2021-10-15 14:41:00,SUSC
27.5167,27.5167,27.5167,27.5167,110,2021-10-15 14:43:00,SUSC
27.53,27.53,27.53,27.53,400,2021-10-15 14:52:00,SUSC
27.5328,27.5328,27.5328,27.5328,213,2021-10-15 14:53:00,SUSC
27.5329,27.5329,27.53,27.53,392,2021-10-15 15:03:00,SUSC
27.5268,27.5268,27.5268,27.5268,247,2021-10-15 15:08:00,SUSC
27.525,27.525,27.525,27.525,272,2021-10-15 15:13:00,SUSC
27.5235,27.5235,27.5235,27.5235,1286,2021-10-15 15:16:00,SUSC
27.53,27.53,27.53,27.53,100,2021-10-15 15:28:00,SUSC
27.525,27.5264,27.525,27.5264,633,2021-10-15 15:30:00,SUSC
27.525,27.525,27.52,27.52,2607,2021-10-15 15:33:00,SUSC
27.515,27.515,27.515,27.515,260,2021-10-15 15:46:00,SUSC
27.5135,27.5135,27.5135,27.5135,469,2021-10-15 15:53:00,SUSC
27.52,27.52,27.515,27.515,4572,2021-10-15 16:05:00,SUSC
27.515,27.515,27.515,27.515,176,2021-10-15 16:11:00,SUSC
27.5101,27.5101,27.5101,27.5101,360,2021-10-15 16:17:00,SUSC
27.5162,27.5162,27.5144,27.5144,657,2021-10-15 16:26:00,SUSC
27.5138,27.515,27.5138,27.515,231,2021-10-15 16:27:00,SUSC
27.511,27.511,27.511,27.511,122,2021-10-15 16:29:00,SUSC
27.5325,27.5325,27.5325,27.5325,500,2021-10-15 16:53:00,SUSC
27.535,27.54,27.535,27.535,500,2021-10-15 16:56:00,SUSC
27.535,27.535,27.535,27.535,200,2021-10-15 17:00:00,SUSC
27.54,27.54,27.54,27.54,880,2021-10-15 17:01:00,SUSC
27.5363,27.5363,27.5337,27.5337,488,2021-10-15 17:02:00,SUSC
27.535,27.535,27.535,27.535,100,2021-10-15 17:03:00,SUSC
27.535,27.535,27.535,27.535,182,2021-10-15 17:06:00,SUSC
27.535,27.535,27.535,27.535,100,2021-10-15 17:15:00,SUSC
27.535,27.535,27.535,27.535,900,2021-10-15 17:18:00,SUSC
27.535,27.535,27.535,27.535,1234,2021-10-15 17:25:00,SUSC
27.5399,27.5399,27.5399,27.5399,2703,2021-10-15 17:27:00,SUSC
27.535,27.535,27.535,27.535,100,2021-10-15 17:28:00,SUSC
27.535,27.535,27.535,27.535,100,2021-10-15 17:31:00,SUSC
27.535,27.535,27.535,27.535,100,2021-10-15 17:32:00,SUSC
27.535,27.535,27.535,27.535,100,2021-10-15 17:34:00,SUSC
27.5337,27.5337,27.532,27.532,381,2021-10-15 17:36:00,SUSC
27.535,27.535,27.535,27.535,379,2021-10-15 17:39:00,SUSC
27.5322,27.5322,27.5322,27.5322,100,2021-10-15 17:41:00,SUSC
27.535,27.535,27.535,27.535,149,2021-10-15 17:42:00,SUSC
27.5311,27.5311,27.5311,27.5311,725,2021-10-15 17:45:00,SUSC
27.5318,27.5318,27.5318,27.5318,306,2021-10-15 17:48:00,SUSC
27.535,27.535,27.535,27.535,100,2021-10-15 17:49:00,SUSC
27.53,27.5303,27.5101,27.5101,14691,2021-10-15 17:52:00,SUSC
27.5129,27.5129,27.5129,27.5129,113,2021-10-15 17:54:00,SUSC
27.5147,27.5147,27.5131,27.5131,391,2021-10-15 17:56:00,SUSC
27.5128,27.5128,27.5128,27.5128,125,2021-10-15 17:57:00,SUSC
27.515,27.515,27.515,27.515,258,2021-10-15 17:59:00,SUSC
27.51,27.51,27.51,27.51,9331,2021-10-15 18:03:00,SUSC
27.515,27.52,27.515,27.5153,1562,2021-10-15 18:05:00,SUSC
27.52,27.52,27.52,27.52,200,2021-10-15 18:10:00,SUSC
27.52,27.53,27.52,27.53,400,2021-10-15 18:11:00,SUSC
27.53,27.53,27.53,27.53,200,2021-10-15 18:12:00,SUSC
27.53,27.53,27.53,27.53,200,2021-10-15 18:13:00,SUSC
27.53,27.53,27.53,27.53,200,2021-10-15 18:14:00,SUSC
27.53,27.53,27.53,27.53,100,2021-10-15 18:18:00,SUSC
27.5245,27.5245,27.5245,27.5245,171,2021-10-15 18:19:00,SUSC
27.525,27.525,27.525,27.525,100,2021-10-15 18:23:00,SUSC
27.525,27.525,27.525,27.525,100,2021-10-15 18:24:00,SUSC
27.5235,27.525,27.5235,27.525,445,2021-10-15 18:25:00,SUSC
27.53,27.53,27.53,27.53,490,2021-10-15 18:26:00,SUSC
27.525,27.525,27.525,27.525,146,2021-10-15 18:27:00,SUSC
27.525,27.53,27.525,27.53,1746,2021-10-15 18:28:00,SUSC
27.529,27.529,27.529,27.529,182,2021-10-15 18:30:00,SUSC
27.5299,27.5299,27.525,27.525,446,2021-10-15 18:32:00,SUSC
27.53,27.53,27.5299,27.5299,692,2021-10-15 18:33:00,SUSC
27.525,27.525,27.525,27.525,475,2021-10-15 18:38:00,SUSC
27.5253,27.5253,27.5253,27.5253,840,2021-10-15 18:41:00,SUSC
27.525,27.5253,27.525,27.5253,951,2021-10-15 18:42:00,SUSC
27.524,27.524,27.524,27.524,154,2021-10-15 18:48:00,SUSC
27.53,27.53,27.53,27.53,100,2021-10-15 18:49:00,SUSC
27.529,27.529,27.529,27.529,118,2021-10-15 18:52:00,SUSC
27.53,27.53,27.53,27.53,100,2021-10-15 18:55:00,SUSC
27.515,27.515,27.515,27.515,625,2021-10-15 19:00:00,SUSC
27.5164,27.5164,27.5124,27.516,1606,2021-10-15 19:03:00,SUSC
27.52,27.52,27.5163,27.5163,716,2021-10-15 19:05:00,SUSC
27.52,27.52,27.513,27.513,5302,2021-10-15 19:08:00,SUSC
27.529,27.53,27.529,27.53,411,2021-10-15 19:12:00,SUSC
27.53,27.53,27.53,27.53,500,2021-10-15 19:16:00,SUSC
27.53,27.53,27.525,27.525,200,2021-10-15 19:21:00,SUSC
27.525,27.525,27.525,27.525,100,2021-10-15 19:22:00,SUSC
27.5234,27.5234,27.5234,27.5234,360,2021-10-15 19:26:00,SUSC
27.525,27.525,27.525,27.525,676,2021-10-15 19:28:00,SUSC
27.525,27.525,27.525,27.525,600,2021-10-15 19:32:00,SUSC
27.52,27.52,27.52,27.52,100,2021-10-15 19:33:00,SUSC
27.525,27.525,27.525,27.525,100,2021-10-15 19:35:00,SUSC
27.525,27.525,27.525,27.525,100,2021-10-15 19:39:00,SUSC
27.525,27.5253,27.525,27.5253,1415,2021-10-15 19:47:00,SUSC
27.525,27.525,27.525,27.525,100,2021-10-15 19:48:00,SUSC
27.5261,27.5261,27.5261,27.5261,365,2021-10-15 19:52:00,SUSC
27.53,27.53,27.53,27.53,100,2021-10-15 19:58:00,SUSC
27.53,27.53,27.52,27.52,870,2021-10-15 19:59:00,SUSC
27.53,27.53,27.53,27.53,300,2021-10-15 20:00:00,SUSC
27.47,27.47,27.47,27.47,3064,2021-10-18 13:30:00,SUSC
27.47,27.47,27.47,27.47,800,2021-10-18 13:32:00,SUSC
27.48,27.48,27.48,27.48,100,2021-10-18 13:33:00,SUSC
27.48,27.48,27.48,27.48,300,2021-10-18 13:34:00,SUSC
27.47,27.47,27.47,27.47,200,2021-10-18 13:35:00,SUSC
27.46,27.46,27.46,27.46,200,2021-10-18 13:46:00,SUSC
27.44,27.44,27.44,27.44,600,2021-10-18 13:47:00,SUSC
27.435,27.435,27.435,27.435,160,2021-10-18 13:48:00,SUSC
27.44,27.44,27.44,27.44,100,2021-10-18 13:55:00,SUSC
27.475,27.475,27.475,27.475,800,2021-10-18 13:56:00,SUSC
27.4804,27.4804,27.4804,27.4804,2581,2021-10-18 13:58:00,SUSC
27.472,27.472,27.472,27.472,107,2021-10-18 14:01:00,SUSC
27.49,27.49,27.49,27.49,356,2021-10-18 14:03:00,SUSC
27.5,27.5,27.4981,27.4981,1691,2021-10-18 14:04:00,SUSC
27.4982,27.5,27.495,27.495,939,2021-10-18 14:05:00,SUSC
27.5,27.5,27.499,27.499,1003,2021-10-18 14:06:00,SUSC
27.49,27.49,27.49,27.49,900,2021-10-18 14:07:00,SUSC
27.495,27.5,27.495,27.499,1584,2021-10-18 14:09:00,SUSC
27.5,27.5,27.5,27.5,148,2021-10-18 14:10:00,SUSC
27.5,27.5,27.5,27.5,365,2021-10-18 14:11:00,SUSC
27.5,27.5085,27.5,27.505,1428,2021-10-18 14:13:00,SUSC
27.5059,27.5059,27.5059,27.5059,204,2021-10-18 14:14:00,SUSC
27.5064,27.5064,27.5064,27.5064,479,2021-10-18 14:15:00,SUSC
27.5,27.5,27.5,27.5,500,2021-10-18 14:18:00,SUSC
27.495,27.495,27.495,27.495,300,2021-10-18 14:19:00,SUSC
27.5057,27.5057,27.5057,27.5057,310,2021-10-18 14:21:00,SUSC
27.5,27.5085,27.5,27.5085,673,2021-10-18 14:25:00,SUSC
27.5,27.5099,27.5,27.5099,2368,2021-10-18 14:27:00,SUSC
27.51,27.51,27.51,27.51,1500,2021-10-18 14:29:00,SUSC
27.5249,27.5249,27.52,27.52,683,2021-10-18 14:30:00,SUSC
27.52,27.52,27.5198,27.52,3460,2021-10-18 14:31:00,SUSC
27.515,27.515,27.515,27.515,1000,2021-10-18 14:34:00,SUSC
27.514,27.514,27.514,27.514,285,2021-10-18 14:36:00,SUSC
27.51,27.51,27.51,27.51,900,2021-10-18 14:58:00,SUSC
27.4891,27.4891,27.4891,27.4891,2139,2021-10-18 15:14:00,SUSC
27.48,27.48,27.48,27.48,100,2021-10-18 15:17:00,SUSC
27.48,27.48,27.48,27.48,100,2021-10-18 15:20:00,SUSC
27.47,27.47,27.47,27.47,100,2021-10-18 15:23:00,SUSC
27.4803,27.4803,27.4803,27.4803,393,2021-10-18 15:27:00,SUSC
27.49,27.49,27.49,27.49,300,2021-10-18 15:29:00,SUSC
27.493,27.493,27.493,27.493,100,2021-10-18 15:31:00,SUSC
27.49,27.49,27.49,27.49,100,2021-10-18 15:35:00,SUSC
27.4957,27.4957,27.4957,27.4957,545,2021-10-18 15:36:00,SUSC
27.4947,27.4947,27.4923,27.4923,4018,2021-10-18 15:39:00,SUSC
27.495,27.495,27.495,27.495,175,2021-10-18 15:52:00,SUSC
27.49,27.49,27.49,27.49,100,2021-10-18 16:00:00,SUSC
27.49,27.495,27.49,27.495,694,2021-10-18 16:09:00,SUSC
27.4967,27.4967,27.4967,27.4967,619,2021-10-18 16:23:00,SUSC
27.495,27.495,27.495,27.495,1057,2021-10-18 16:25:00,SUSC
27.49,27.49,27.48,27.48,400,2021-10-18 16:26:00,SUSC
27.4876,27.4899,27.4876,27.4899,1707,2021-10-18 16:27:00,SUSC
27.4814,27.4814,27.4814,27.4814,107,2021-10-18 16:33:00,SUSC
27.4801,27.4801,27.4801,27.4801,215,2021-10-18 16:39:00,SUSC
27.489,27.489,27.489,27.489,2011,2021-10-18 16:41:00,SUSC
27.465,27.47,27.465,27.469,4793,2021-10-18 16:50:00,SUSC
27.47,27.47,27.47,27.47,358,2021-10-18 16:51:00,SUSC
27.465,27.465,27.465,27.465,500,2021-10-18 16:52:00,SUSC
27.47,27.47,27.47,27.47,358,2021-10-18 16:54:00,SUSC
27.4682,27.4682,27.4682,27.4682,428,2021-10-18 16:55:00,SUSC
27.47,27.47,27.47,27.47,500,2021-10-18 16:56:00,SUSC
27.474,27.474,27.474,27.474,454,2021-10-18 16:57:00,SUSC
27.47,27.47,27.47,27.47,100,2021-10-18 17:03:00,SUSC
27.465,27.465,27.465,27.465,100,2021-10-18 17:07:00,SUSC
27.47,27.47,27.47,27.47,100,2021-10-18 17:11:00,SUSC
27.47,27.47,27.47,27.47,100,2021-10-18 17:17:00,SUSC
27.486,27.486,27.486,27.486,325,2021-10-18 17:29:00,SUSC
27.485,27.49,27.485,27.49,5108,2021-10-18 17:34:00,SUSC
27.4878,27.4878,27.4878,27.4878,364,2021-10-18 17:36:00,SUSC
27.49,27.49,27.49,27.49,103,2021-10-18 17:38:00,SUSC
27.49,27.49,27.49,27.49,100,2021-10-18 17:39:00,SUSC
27.49,27.49,27.49,27.49,328,2021-10-18 17:41:00,SUSC
27.505,27.509,27.505,27.505,743,2021-10-18 17:45:00,SUSC
27.509,27.509,27.509,27.509,453,2021-10-18 17:47:00,SUSC
27.51,27.51,27.51,27.51,118,2021-10-18 17:52:00,SUSC
27.53,27.53,27.53,27.53,351,2021-10-18 17:56:00,SUSC
27.525,27.525,27.525,27.525,100,2021-10-18 17:58:00,SUSC
27.525,27.525,27.525,27.525,550,2021-10-18 18:03:00,SUSC
27.52,27.52,27.52,27.52,100,2021-10-18 18:07:00,SUSC
27.525,27.53,27.525,27.525,2615,2021-10-18 18:09:00,SUSC
27.525,27.525,27.52,27.52,1420,2021-10-18 18:11:00,SUSC
27.53,27.53,27.53,27.53,152,2021-10-18 18:12:00,SUSC
27.525,27.525,27.525,27.525,646,2021-10-18 18:16:00,SUSC
27.52,27.525,27.52,27.525,473,2021-10-18 18:21:00,SUSC
27.525,27.525,27.525,27.525,100,2021-10-18 18:22:00,SUSC
27.5242,27.5242,27.5242,27.5242,104,2021-10-18 18:24:00,SUSC
27.525,27.525,27.525,27.525,189,2021-10-18 18:25:00,SUSC
27.525,27.525,27.525,27.525,100,2021-10-18 18:26:00,SUSC
27.525,27.525,27.525,27.525,1159,2021-10-18 18:27:00,SUSC
27.5246,27.5246,27.5246,27.5246,145,2021-10-18 18:28:00,SUSC
27.5277,27.5277,27.5277,27.5277,152,2021-10-18 18:29:00,SUSC
27.528,27.528,27.528,27.528,577,2021-10-18 18:31:00,SUSC
27.52,27.525,27.52,27.525,518,2021-10-18 18:33:00,SUSC
27.525,27.525,27.52,27.52,532,2021-10-18 18:36:00,SUSC
27.51,27.52,27.51,27.52,506,2021-10-18 18:38:00,SUSC
27.5,27.5198,27.5,27.5198,829,2021-10-18 18:40:00,SUSC
27.5136,27.5136,27.5136,27.5136,380,2021-10-18 18:51:00,SUSC
27.515,27.515,27.5133,27.515,776,2021-10-18 19:00:00,SUSC
27.52,27.52,27.52,27.52,100,2021-10-18 19:02:00,SUSC
27.52,27.52,27.5168,27.5168,201,2021-10-18 19:03:00,SUSC
27.52,27.52,27.52,27.52,1204,2021-10-18 19:05:00,SUSC
27.52,27.52,27.52,27.52,519,2021-10-18 19:06:00,SUSC
27.5246,27.5246,27.5246,27.5246,3075,2021-10-18 19:09:00,SUSC
27.525,27.525,27.525,27.525,525,2021-10-18 19:10:00,SUSC
27.53,27.53,27.53,27.53,300,2021-10-18 19:11:00,SUSC
27.53,27.53,27.53,27.53,800,2021-10-18 19:13:00,SUSC
27.53,27.53,27.53,27.53,500,2021-10-18 19:16:00,SUSC
27.5379,27.5393,27.5343,27.5343,829,2021-10-18 19:17:00,SUSC
27.5387,27.5387,27.5387,27.5387,1159,2021-10-18 19:18:00,SUSC
27.5326,27.535,27.5326,27.535,324,2021-10-18 19:22:00,SUSC
27.535,27.535,27.535,27.535,100,2021-10-18 19:23:00,SUSC
27.53,27.53,27.53,27.53,247,2021-10-18 19:25:00,SUSC
27.53,27.53,27.53,27.53,509,2021-10-18 19:28:00,SUSC
27.54,27.54,27.54,27.54,212,2021-10-18 19:31:00,SUSC
27.535,27.5354,27.53,27.5354,1158,2021-10-18 19:33:00,SUSC
27.5336,27.535,27.5316,27.535,1182,2021-10-18 19:34:00,SUSC
27.5336,27.535,27.5336,27.535,543,2021-10-18 19:35:00,SUSC
27.536,27.536,27.536,27.536,744,2021-10-18 19:36:00,SUSC
27.535,27.54,27.535,27.535,6875,2021-10-18 19:40:00,SUSC
27.53,27.53,27.51,27.53,20050,2021-10-18 19:42:00,SUSC
27.5348,27.5348,27.5348,27.5348,280,2021-10-18 19:44:00,SUSC
27.52,27.52,27.52,27.52,200,2021-10-18 19:46:00,SUSC
27.525,27.525,27.525,27.525,371,2021-10-18 19:48:00,SUSC
27.52,27.52,27.52,27.52,300,2021-10-18 19:50:00,SUSC
27.515,27.515,27.51,27.515,300,2021-10-18 19:51:00,SUSC
27.5138,27.5138,27.5138,27.5138,251,2021-10-18 19:53:00,SUSC
27.515,27.515,27.515,27.515,200,2021-10-18 19:54:00,SUSC
27.515,27.515,27.515,27.515,529,2021-10-18 19:55:00,SUSC
27.5141,27.5141,27.5141,27.5141,142,2021-10-18 19:57:00,SUSC
27.5121,27.5121,27.51,27.51,434,2021-10-18 19:58:00,SUSC
27.5,27.5,27.5,27.5,589,2021-10-18 19:59:00,SUSC
27.51,27.51,27.51,27.51,358,2021-10-18 20:00:00,SUSC
27.46,27.46,27.45,27.45,2373,2021-10-19 13:30:00,SUSC
27.44,27.44,27.44,27.44,400,2021-10-19 13:34:00,SUSC
27.43,27.43,27.43,27.43,5300,2021-10-19 13:38:00,SUSC
27.43,27.43,27.42,27.42,11155,2021-10-19 13:39:00,SUSC
27.43,27.43,27.425,27.425,2180,2021-10-19 13:42:00,SUSC
27.42,27.42,27.42,27.42,201,2021-10-19 13:49:00,SUSC
27.43,27.43,27.43,27.43,500,2021-10-19 13:50:00,SUSC
27.43,27.43,27.43,27.43,372,2021-10-19 13:51:00,SUSC
27.435,27.435,27.435,27.435,1715,2021-10-19 13:52:00,SUSC
27.41,27.41,27.41,27.41,209,2021-10-19 13:57:00,SUSC
27.4219,27.4219,27.42,27.42,326,2021-10-19 13:58:00,SUSC
27.43,27.43,27.429,27.43,1902,2021-10-19 14:02:00,SUSC
27.43,27.43,27.43,27.43,606,2021-10-19 14:03:00,SUSC
27.43,27.43,27.429,27.43,1677,2021-10-19 14:04:00,SUSC
27.4278,27.4278,27.4278,27.4278,246,2021-10-19 14:05:00,SUSC
27.42,27.43,27.42,27.43,728,2021-10-19 14:07:00,SUSC
27.44,27.44,27.44,27.44,538,2021-10-19 14:13:00,SUSC
27.4339,27.4339,27.4339,27.4339,158,2021-10-19 14:14:00,SUSC
27.43,27.43,27.43,27.43,188,2021-10-19 14:16:00,SUSC
27.43,27.43,27.43,27.43,118,2021-10-19 14:19:00,SUSC
27.43,27.43,27.43,27.43,400,2021-10-19 14:21:00,SUSC
27.43,27.43,27.43,27.43,6270,2021-10-19 14:33:00,SUSC
27.429,27.429,27.421,27.425,4623,2021-10-19 14:39:00,SUSC
27.42,27.42,27.4011,27.4011,1438,2021-10-19 14:50:00,SUSC
27.415,27.415,27.41,27.41,308,2021-10-19 14:54:00,SUSC
27.41,27.41,27.41,27.41,235,2021-10-19 14:59:00,SUSC
27.425,27.425,27.425,27.425,2560,2021-10-19 15:04:00,SUSC
27.4299,27.4299,27.4299,27.4299,688,2021-10-19 15:07:00,SUSC
27.4241,27.43,27.4241,27.429,668,2021-10-19 15:08:00,SUSC
27.43,27.43,27.4228,27.4228,203,2021-10-19 15:12:00,SUSC
27.4278,27.4278,27.4278,27.4278,118,2021-10-19 15:14:00,SUSC
27.427,27.427,27.427,27.427,118,2021-10-19 15:16:00,SUSC
27.42,27.42,27.42,27.42,148,2021-10-19 15:22:00,SUSC
27.425,27.425,27.425,27.425,100,2021-10-19 15:25:00,SUSC
27.4248,27.4248,27.4248,27.4248,377,2021-10-19 15:37:00,SUSC
27.425,27.425,27.425,27.425,740,2021-10-19 15:40:00,SUSC
27.42,27.42,27.41,27.41,300,2021-10-19 15:43:00,SUSC
27.4,27.4,27.4,27.4,114,2021-10-19 15:45:00,SUSC
27.4011,27.4011,27.4011,27.4011,1680,2021-10-19 16:00:00,SUSC
27.4149,27.4149,27.4149,27.4149,109,2021-10-19 16:01:00,SUSC
27.415,27.415,27.415,27.415,266,2021-10-19 16:20:00,SUSC
27.415,27.415,27.415,27.415,100,2021-10-19 16:22:00,SUSC
27.41,27.41,27.41,27.41,245,2021-10-19 16:25:00,SUSC
27.4123,27.4123,27.4123,27.4123,132,2021-10-19 16:32:00,SUSC
27.4161,27.4161,27.4161,27.4161,935,2021-10-19 16:34:00,SUSC
27.4173,27.4173,27.4173,27.4173,867,2021-10-19 16:35:00,SUSC
27.415,27.415,27.415,27.415,429,2021-10-19 16:37:00,SUSC
27.415,27.415,27.415,27.415,100,2021-10-19 16:39:00,SUSC
27.4159,27.4159,27.4159,27.4159,102,2021-10-19 16:44:00,SUSC
27.415,27.415,27.415,27.415,2075,2021-10-19 16:47:00,SUSC
27.415,27.415,27.4107,27.4107,388,2021-10-19 16:48:00,SUSC
27.4124,27.4124,27.4124,27.4124,125,2021-10-19 16:53:00,SUSC
27.415,27.415,27.415,27.415,100,2021-10-19 16:56:00,SUSC
27.4118,27.4118,27.4118,27.4118,500,2021-10-19 17:11:00,SUSC
27.4161,27.4161,27.4161,27.4161,295,2021-10-19 17:12:00,SUSC
27.42,27.42,27.4175,27.42,340,2021-10-19 17:16:00,SUSC
27.4162,27.4162,27.4162,27.4162,299,2021-10-19 17:19:00,SUSC
27.4223,27.4223,27.4223,27.4223,182,2021-10-19 17:30:00,SUSC
27.4234,27.4234,27.4234,27.4234,258,2021-10-19 17:42:00,SUSC
27.4114,27.4114,27.4114,27.4114,2339,2021-10-19 17:44:00,SUSC
27.429,27.429,27.429,27.429,100,2021-10-19 17:47:00,SUSC
27.4162,27.4162,27.4162,27.4162,194,2021-10-19 17:53:00,SUSC
27.4112,27.4112,27.4112,27.4112,485,2021-10-19 18:06:00,SUSC
27.42,27.42,27.42,27.42,200,2021-10-19 18:10:00,SUSC
27.4163,27.4163,27.4163,27.4163,160,2021-10-19 18:14:00,SUSC
27.4199,27.4199,27.4199,27.4199,559,2021-10-19 18:24:00,SUSC
27.4162,27.4162,27.415,27.415,2004,2021-10-19 18:26:00,SUSC
27.41,27.41,27.41,27.41,136,2021-10-19 18:27:00,SUSC
27.415,27.415,27.415,27.415,4324,2021-10-19 18:29:00,SUSC
27.4176,27.4176,27.4176,27.4176,103,2021-10-19 18:32:00,SUSC
27.42,27.42,27.415,27.4184,4636,2021-10-19 18:33:00,SUSC
27.415,27.415,27.415,27.415,1027,2021-10-19 18:34:00,SUSC
27.415,27.415,27.415,27.415,224,2021-10-19 18:39:00,SUSC
27.41,27.41,27.41,27.41,191,2021-10-19 18:42:00,SUSC
27.415,27.415,27.415,27.415,100,2021-10-19 18:43:00,SUSC
27.419,27.419,27.419,27.419,499,2021-10-19 18:44:00,SUSC
27.415,27.415,27.415,27.415,1143,2021-10-19 18:46:00,SUSC
27.42,27.42,27.42,27.42,150,2021-10-19 18:49:00,SUSC
27.415,27.415,27.415,27.415,182,2021-10-19 18:55:00,SUSC
27.4146,27.4146,27.4,27.4,1338,2021-10-19 18:58:00,SUSC
27.4,27.4,27.3958,27.3958,320,2021-10-19 19:01:00,SUSC
27.399,27.399,27.399,27.399,135,2021-10-19 19:03:00,SUSC
27.395,27.395,27.395,27.395,434,2021-10-19 19:05:00,SUSC
27.395,27.4,27.395,27.4,866,2021-10-19 19:12:00,SUSC
27.395,27.395,27.395,27.395,325,2021-10-19 19:13:00,SUSC
27.395,27.395,27.395,27.395,684,2021-10-19 19:14:00,SUSC
27.3965,27.3965,27.3965,27.3965,307,2021-10-19 19:15:00,SUSC
27.3939,27.3939,27.3939,27.3939,183,2021-10-19 19:17:00,SUSC
27.3963,27.3963,27.3963,27.3963,239,2021-10-19 19:18:00,SUSC
27.39,27.39,27.39,27.39,170,2021-10-19 19:26:00,SUSC
27.3941,27.3951,27.3913,27.395,18053,2021-10-19 19:30:00,SUSC
27.395,27.395,27.395,27.395,100,2021-10-19 19:33:00,SUSC
27.3905,27.3905,27.3905,27.3905,289,2021-10-19 19:34:00,SUSC
27.395,27.395,27.395,27.395,258,2021-10-19 19:36:00,SUSC
27.395,27.3961,27.395,27.3961,219,2021-10-19 19:39:00,SUSC
27.3913,27.3913,27.3913,27.3913,1094,2021-10-19 19:41:00,SUSC
27.4,27.4,27.3973,27.3979,796,2021-10-19 19:42:00,SUSC
27.3907,27.3907,27.3907,27.3907,210,2021-10-19 19:43:00,SUSC
27.395,27.395,27.395,27.395,512,2021-10-19 19:44:00,SUSC
27.399,27.399,27.399,27.399,370,2021-10-19 19:46:00,SUSC
27.395,27.395,27.395,27.395,100,2021-10-19 19:47:00,SUSC
27.3974,27.3974,27.3974,27.3974,235,2021-10-19 19:49:00,SUSC
27.395,27.395,27.395,27.395,100,2021-10-19 19:53:00,SUSC
27.39,27.39,27.39,27.39,400,2021-10-19 19:55:00,SUSC
27.38,27.38,27.38,27.38,100,2021-10-19 19:56:00,SUSC
27.383,27.385,27.383,27.385,1002,2021-10-19 19:58:00,SUSC
27.385,27.385,27.38,27.38,413,2021-10-19 19:59:00,SUSC
27.37,27.37,27.37,27.37,3002,2021-10-19 20:00:00,SUSC
27.39,27.39,27.38,27.38,300,2021-10-20 13:29:00,SUSC
27.37,27.37,27.37,27.37,2904,2021-10-20 13:30:00,SUSC
27.37,27.37,27.37,27.37,300,2021-10-20 13:32:00,SUSC
27.37,27.37,27.37,27.37,700,2021-10-20 13:33:00,SUSC
27.365,27.365,27.365,27.365,900,2021-10-20 13:37:00,SUSC
27.365,27.365,27.365,27.365,3000,2021-10-20 13:38:00,SUSC
27.3641,27.3641,27.355,27.355,2442,2021-10-20 13:43:00,SUSC
27.36,27.36,27.36,27.36,197,2021-10-20 13:46:00,SUSC
27.3625,27.3625,27.3625,27.3625,1789,2021-10-20 13:47:00,SUSC
27.3511,27.3511,27.3511,27.3511,1546,2021-10-20 13:48:00,SUSC
27.355,27.355,27.355,27.355,232,2021-10-20 13:50:00,SUSC
27.366,27.366,27.366,27.366,233,2021-10-20 13:56:00,SUSC
27.3692,27.3692,27.365,27.365,407,2021-10-20 14:02:00,SUSC
27.3681,27.37,27.36,27.3699,3992,2021-10-20 14:03:00,SUSC
27.3681,27.3681,27.368,27.368,516,2021-10-20 14:06:00,SUSC
27.37,27.37,27.36,27.36,1423,2021-10-20 14:12:00,SUSC
27.3654,27.3654,27.3654,27.3654,112,2021-10-20 14:13:00,SUSC
27.37,27.37,27.3697,27.37,763,2021-10-20 14:15:00,SUSC
27.37,27.37,27.37,27.37,800,2021-10-20 14:16:00,SUSC
27.3683,27.37,27.3683,27.37,1023,2021-10-20 14:17:00,SUSC
27.37,27.37,27.37,27.37,100,2021-10-20 14:21:00,SUSC
27.38,27.38,27.3782,27.3782,818,2021-10-20 14:25:00,SUSC
27.3876,27.3876,27.3876,27.3876,249,2021-10-20 14:28:00,SUSC
27.39,27.39,27.39,27.39,287,2021-10-20 14:32:00,SUSC
27.3804,27.3804,27.3804,27.3804,139,2021-10-20 14:39:00,SUSC
27.39,27.39,27.39,27.39,204,2021-10-20 14:42:00,SUSC
27.3811,27.3811,27.3811,27.3811,424,2021-10-20 14:43:00,SUSC
27.385,27.385,27.385,27.385,335,2021-10-20 14:48:00,SUSC
27.385,27.39,27.385,27.39,1390,2021-10-20 14:56:00,SUSC
27.385,27.385,27.385,27.385,123,2021-10-20 15:00:00,SUSC
27.3801,27.3801,27.3801,27.3801,1540,2021-10-20 15:01:00,SUSC
27.38,27.38,27.38,27.38,200,2021-10-20 15:02:00,SUSC
27.367,27.367,27.367,27.367,241,2021-10-20 15:04:00,SUSC
27.36,27.36,27.36,27.36,115,2021-10-20 15:07:00,SUSC
27.379,27.379,27.37,27.37,4112,2021-10-20 15:12:00,SUSC
27.37,27.37,27.37,27.37,300,2021-10-20 15:16:00,SUSC
27.3799,27.3799,27.3799,27.3799,128,2021-10-20 15:20:00,SUSC
27.37,27.37,27.37,27.37,100,2021-10-20 15:23:00,SUSC
27.3828,27.3828,27.3828,27.3828,199,2021-10-20 15:33:00,SUSC
27.3865,27.3865,27.3865,27.3865,292,2021-10-20 15:34:00,SUSC
27.3899,27.3899,27.3899,27.3899,165,2021-10-20 15:38:00,SUSC
27.38,27.38,27.38,27.38,1004,2021-10-20 15:39:00,SUSC
27.3896,27.3896,27.3832,27.3832,598,2021-10-20 15:41:00,SUSC
27.385,27.385,27.385,27.385,775,2021-10-20 15:42:00,SUSC
27.3865,27.3865,27.3865,27.3865,502,2021-10-20 15:52:00,SUSC
27.3869,27.3869,27.3869,27.3869,182,2021-10-20 15:55:00,SUSC
27.38,27.38,27.38,27.38,145,2021-10-20 15:57:00,SUSC
27.38,27.38,27.38,27.38,118,2021-10-20 15:58:00,SUSC
27.385,27.385,27.385,27.385,112,2021-10-20 16:07:00,SUSC
27.3832,27.3832,27.3832,27.3832,228,2021-10-20 16:14:00,SUSC
27.385,27.385,27.385,27.385,350,2021-10-20 16:17:00,SUSC
27.3866,27.3866,27.3834,27.3834,1191,2021-10-20 16:21:00,SUSC
27.38,27.38,27.38,27.38,409,2021-10-20 16:27:00,SUSC
27.3866,27.3866,27.3839,27.385,850,2021-10-20 16:33:00,SUSC
27.3836,27.3836,27.375,27.375,4227,2021-10-20 16:37:00,SUSC
27.375,27.375,27.375,27.375,900,2021-10-20 16:38:00,SUSC
27.375,27.375,27.375,27.375,213,2021-10-20 16:39:00,SUSC
27.38,27.38,27.38,27.38,2800,2021-10-20 16:40:00,SUSC
27.38,27.38,27.38,27.38,700,2021-10-20 16:43:00,SUSC
27.38,27.38,27.38,27.38,3500,2021-10-20 16:44:00,SUSC
27.38,27.38,27.375,27.375,2214,2021-10-20 16:45:00,SUSC
27.3763,27.3763,27.3763,27.3763,125,2021-10-20 16:47:00,SUSC
27.38,27.38,27.38,27.38,973,2021-10-20 16:48:00,SUSC
27.385,27.39,27.385,27.39,4600,2021-10-20 16:49:00,SUSC
27.39,27.39,27.39,27.39,419,2021-10-20 16:50:00,SUSC
27.4,27.4,27.4,27.4,100,2021-10-20 16:59:00,SUSC
27.4,27.4157,27.4,27.4157,516,2021-10-20 17:00:00,SUSC
27.41,27.41,27.4,27.4,700,2021-10-20 17:01:00,SUSC
27.39,27.39,27.39,27.39,500,2021-10-20 17:02:00,SUSC
27.3845,27.3845,27.3845,27.3845,178,2021-10-20 17:03:00,SUSC
27.38,27.38,27.3475,27.35,1900,2021-10-20 17:04:00,SUSC
27.35,27.35,27.35,27.35,200,2021-10-20 17:09:00,SUSC
27.35,27.3505,27.35,27.3505,7081,2021-10-20 17:12:00,SUSC
27.3526,27.3526,27.3526,27.3526,329,2021-10-20 17:16:00,SUSC
27.36,27.36,27.36,27.36,200,2021-10-20 17:17:00,SUSC
27.3682,27.3682,27.3682,27.3682,291,2021-10-20 17:19:00,SUSC
27.365,27.365,27.365,27.365,100,2021-10-20 17:20:00,SUSC
27.3607,27.3664,27.3607,27.3664,691,2021-10-20 17:21:00,SUSC
27.3689,27.3689,27.3689,27.3689,2937,2021-10-20 17:23:00,SUSC
27.3644,27.3644,27.3644,27.3644,1825,2021-10-20 17:26:00,SUSC
27.365,27.365,27.365,27.365,149,2021-10-20 17:28:00,SUSC
27.3613,27.3613,27.3613,27.3613,152,2021-10-20 17:30:00,SUSC
27.3645,27.3645,27.3645,27.3645,900,2021-10-20 17:31:00,SUSC
27.36,27.36,27.35,27.35,500,2021-10-20 17:35:00,SUSC
27.35,27.35,27.35,27.35,100,2021-10-20 17:36:00,SUSC
27.36,27.36,27.36,27.36,100,2021-10-20 17:46:00,SUSC
27.3512,27.3559,27.3512,27.3559,1687,2021-10-20 17:51:00,SUSC
27.3573,27.3573,27.3573,27.3573,110,2021-10-20 17:52:00,SUSC
27.358,27.358,27.358,27.358,515,2021-10-20 17:59:00,SUSC
27.3586,27.3586,27.3586,27.3586,1513,2021-10-20 18:02:00,SUSC
27.355,27.355,27.355,27.355,100,2021-10-20 18:04:00,SUSC
27.35,27.35,27.35,27.35,299,2021-10-20 18:05:00,SUSC
27.3578,27.3578,27.3578,27.3578,328,2021-10-20 18:10:00,SUSC
27.35,27.35,27.35,27.35,961,2021-10-20 18:14:00,SUSC
27.355,27.36,27.355,27.36,792,2021-10-20 18:16:00,SUSC
27.3542,27.3542,27.3542,27.3542,275,2021-10-20 18:18:00,SUSC
27.37,27.37,27.37,27.37,300,2021-10-20 18:20:00,SUSC
27.365,27.365,27.365,27.365,301,2021-10-20 18:21:00,SUSC
27.365,27.365,27.365,27.365,187,2021-10-20 18:22:00,SUSC
27.365,27.365,27.365,27.365,307,2021-10-20 18:23:00,SUSC
27.3641,27.3641,27.3641,27.3641,3740,2021-10-20 18:24:00,SUSC
27.36,27.36,27.36,27.36,206,2021-10-20 18:28:00,SUSC
27.37,27.37,27.37,27.37,100,2021-10-20 18:30:00,SUSC
27.369,27.37,27.36,27.37,3742,2021-10-20 18:32:00,SUSC
27.3679,27.3679,27.3679,27.3679,350,2021-10-20 18:33:00,SUSC
27.368,27.37,27.368,27.369,970,2021-10-20 18:34:00,SUSC
27.36,27.36,27.36,27.36,492,2021-10-20 18:37:00,SUSC
27.37,27.37,27.37,27.37,241,2021-10-20 18:38:00,SUSC
27.37,27.37,27.37,27.37,100,2021-10-20 18:39:00,SUSC
27.37,27.37,27.37,27.37,320,2021-10-20 18:40:00,SUSC
27.3742,27.3742,27.3742,27.3742,120,2021-10-20 18:42:00,SUSC
27.37,27.37,27.37,27.37,100,2021-10-20 18:43:00,SUSC
27.3665,27.3665,27.3665,27.3665,109,2021-10-20 18:45:00,SUSC
27.3687,27.3687,27.3687,27.3687,115,2021-10-20 18:47:00,SUSC
27.37,27.37,27.37,27.37,565,2021-10-20 18:51:00,SUSC
27.37,27.37,27.37,27.37,657,2021-10-20 18:52:00,SUSC
27.375,27.375,27.375,27.375,100,2021-10-20 18:58:00,SUSC
27.3738,27.3738,27.3738,27.3738,148,2021-10-20 19:00:00,SUSC
27.378,27.378,27.378,27.378,450,2021-10-20 19:04:00,SUSC
27.3738,27.3738,27.3738,27.3738,171,2021-10-20 19:05:00,SUSC
27.37,27.37,27.3635,27.3673,536,2021-10-20 19:07:00,SUSC
27.37,27.37,27.37,27.37,1494,2021-10-20 19:09:00,SUSC
27.36,27.3635,27.36,27.36,6932,2021-10-20 19:16:00,SUSC
27.3639,27.3639,27.3639,27.3639,909,2021-10-20 19:17:00,SUSC
27.368,27.368,27.368,27.368,587,2021-10-20 19:20:00,SUSC
27.3695,27.3695,27.3695,27.3695,112,2021-10-20 19:21:00,SUSC
27.3665,27.3665,27.3613,27.3613,2519,2021-10-20 19:23:00,SUSC
27.36,27.36,27.3565,27.3565,1713,2021-10-20 19:30:00,SUSC
27.35,27.35,27.35,27.35,200,2021-10-20 19:33:00,SUSC
27.3564,27.3564,27.3564,27.3564,468,2021-10-20 19:34:00,SUSC
27.3564,27.3564,27.3564,27.3564,205,2021-10-20 19:35:00,SUSC
27.345,27.345,27.345,27.345,1111,2021-10-20 19:37:00,SUSC
27.3427,27.3427,27.3427,27.3427,125,2021-10-20 19:38:00,SUSC
27.34,27.34,27.34,27.34,200,2021-10-20 19:42:00,SUSC
27.345,27.345,27.345,27.345,118,2021-10-20 19:43:00,SUSC
27.345,27.345,27.345,27.345,389,2021-10-20 19:45:00,SUSC
27.34,27.34,27.34,27.34,100,2021-10-20 19:50:00,SUSC
27.33,27.33,27.33,27.33,200,2021-10-20 19:52:00,SUSC
27.33,27.33,27.33,27.33,287,2021-10-20 19:53:00,SUSC
27.34,27.34,27.33,27.33,553,2021-10-20 19:59:00,SUSC
27.3,27.3,27.3,27.3,3326,2021-10-21 13:30:00,SUSC
27.31,27.31,27.31,27.31,200,2021-10-21 13:31:00,SUSC
27.29,27.3,27.29,27.3,1076,2021-10-21 13:38:00,SUSC
27.28,27.28,27.28,27.28,100,2021-10-21 13:42:00,SUSC
27.28,27.28,27.28,27.28,129,2021-10-21 13:50:00,SUSC
27.3,27.3,27.3,27.3,1615,2021-10-21 13:52:00,SUSC
27.2887,27.2887,27.2887,27.2887,165,2021-10-21 13:54:00,SUSC
27.2697,27.2697,27.2697,27.2697,456,2021-10-21 14:01:00,SUSC
27.2678,27.2678,27.2678,27.2678,153,2021-10-21 14:02:00,SUSC
27.27,27.27,27.27,27.27,200,2021-10-21 14:03:00,SUSC
27.27,27.27,27.27,27.27,300,2021-10-21 14:04:00,SUSC
27.28,27.28,27.28,27.28,100,2021-10-21 14:09:00,SUSC
27.2796,27.2799,27.279,27.2799,3788,2021-10-21 14:14:00,SUSC
27.275,27.275,27.275,27.275,200,2021-10-21 14:15:00,SUSC
27.2765,27.2765,27.2765,27.2765,164,2021-10-21 14:16:00,SUSC
27.2771,27.2771,27.2771,27.2771,1358,2021-10-21 14:25:00,SUSC
27.2762,27.2762,27.2762,27.2762,377,2021-10-21 14:28:00,SUSC
27.273,27.273,27.273,27.273,512,2021-10-21 14:31:00,SUSC
27.275,27.275,27.275,27.275,100,2021-10-21 14:35:00,SUSC
27.2701,27.2701,27.2701,27.2701,747,2021-10-21 14:44:00,SUSC
27.2722,27.2722,27.2722,27.2722,619,2021-10-21 14:48:00,SUSC
27.275,27.275,27.275,27.275,325,2021-10-21 14:49:00,SUSC
27.2731,27.2731,27.27,27.27,694,2021-10-21 15:08:00,SUSC
27.2795,27.2795,27.275,27.275,2834,2021-10-21 15:12:00,SUSC
27.27,27.27,27.27,27.27,1700,2021-10-21 15:16:00,SUSC
27.276,27.276,27.276,27.276,290,2021-10-21 15:18:00,SUSC
27.28,27.28,27.28,27.28,388,2021-10-21 15:23:00,SUSC
27.28,27.28,27.28,27.28,100,2021-10-21 15:24:00,SUSC
27.2881,27.2881,27.285,27.285,915,2021-10-21 15:25:00,SUSC
27.285,27.285,27.285,27.285,100,2021-10-21 15:26:00,SUSC
27.28,27.28,27.28,27.28,100,2021-10-21 15:27:00,SUSC
27.29,27.29,27.29,27.29,735,2021-10-21 15:31:00,SUSC
27.27,27.27,27.27,27.27,521,2021-10-21 15:35:00,SUSC
27.27,27.2799,27.27,27.279,8365,2021-10-21 15:36:00,SUSC
27.2672,27.27,27.2672,27.27,581,2021-10-21 15:40:00,SUSC
27.28,27.28,27.28,27.28,200,2021-10-21 15:46:00,SUSC
27.28,27.28,27.28,27.28,100,2021-10-21 15:48:00,SUSC
27.28,27.28,27.28,27.28,200,2021-10-21 15:49:00,SUSC
27.282,27.285,27.282,27.285,596,2021-10-21 15:51:00,SUSC
27.2826,27.2826,27.2826,27.2826,244,2021-10-21 15:52:00,SUSC
27.285,27.285,27.28,27.28,213,2021-10-21 16:05:00,SUSC
27.2827,27.2827,27.2827,27.2827,299,2021-10-21 16:06:00,SUSC
27.285,27.285,27.285,27.285,100,2021-10-21 16:10:00,SUSC
27.286,27.286,27.2827,27.2827,243,2021-10-21 16:15:00,SUSC
27.282,27.282,27.282,27.282,183,2021-10-21 16:16:00,SUSC
27.2875,27.2875,27.2875,27.2875,287,2021-10-21 16:18:00,SUSC
27.282,27.285,27.282,27.285,240,2021-10-21 16:20:00,SUSC
27.2839,27.2839,27.2839,27.2839,447,2021-10-21 16:27:00,SUSC
27.2824,27.2824,27.2824,27.2824,120,2021-10-21 16:28:00,SUSC
27.28,27.28,27.28,27.28,100,2021-10-21 16:29:00,SUSC
27.2801,27.2801,27.2801,27.2801,1497,2021-10-21 16:33:00,SUSC
27.2816,27.2816,27.2816,27.2816,463,2021-10-21 16:46:00,SUSC
27.2862,27.2862,27.2862,27.2862,183,2021-10-21 16:50:00,SUSC
27.285,27.285,27.285,27.285,119,2021-10-21 16:54:00,SUSC
27.28,27.28,27.28,27.28,100,2021-10-21 16:55:00,SUSC
27.285,27.285,27.285,27.285,327,2021-10-21 16:57:00,SUSC
27.2812,27.2812,27.2812,27.2812,101,2021-10-21 17:00:00,SUSC
27.29,27.29,27.2862,27.2862,741,2021-10-21 17:06:00,SUSC
27.2871,27.2871,27.2871,27.2871,127,2021-10-21 17:12:00,SUSC
27.29,27.29,27.29,27.29,6424,2021-10-21 17:13:00,SUSC
27.28,27.28,27.28,27.28,100,2021-10-21 17:17:00,SUSC
27.2819,27.2819,27.2819,27.2819,102,2021-10-21 17:20:00,SUSC
27.2802,27.2802,27.2802,27.2802,155,2021-10-21 17:26:00,SUSC
27.285,27.285,27.285,27.285,158,2021-10-21 17:33:00,SUSC
27.2834,27.2834,27.2834,27.2834,297,2021-10-21 17:41:00,SUSC
27.28,27.28,27.28,27.28,100,2021-10-21 17:42:00,SUSC
27.285,27.285,27.285,27.285,339,2021-10-21 17:45:00,SUSC
27.285,27.285,27.285,27.285,1460,2021-10-21 17:57:00,SUSC
27.2838,27.2838,27.2838,27.2838,133,2021-10-21 18:00:00,SUSC
27.2871,27.2871,27.285,27.285,866,2021-10-21 18:03:00,SUSC
27.28,27.2834,27.28,27.2834,365,2021-10-21 18:04:00,SUSC
27.28,27.28,27.28,27.28,500,2021-10-21 18:09:00,SUSC
27.28,27.28,27.28,27.28,100,2021-10-21 18:10:00,SUSC
27.28,27.28,27.28,27.28,100,2021-10-21 18:11:00,SUSC
27.26,27.26,27.26,27.26,500,2021-10-21 18:13:00,SUSC
27.27,27.27,27.265,27.265,410,2021-10-21 18:22:00,SUSC
27.265,27.265,27.265,27.265,1127,2021-10-21 18:25:00,SUSC
27.265,27.265,27.265,27.265,329,2021-10-21 18:26:00,SUSC
27.26,27.265,27.26,27.2635,1543,2021-10-21 18:29:00,SUSC
27.265,27.265,27.265,27.265,2262,2021-10-21 18:30:00,SUSC
27.2682,27.2682,27.2682,27.2682,739,2021-10-21 18:31:00,SUSC
27.2684,27.27,27.2684,27.27,706,2021-10-21 18:33:00,SUSC
27.26,27.2633,27.26,27.2633,1158,2021-10-21 18:41:00,SUSC
27.2524,27.2524,27.2524,27.2524,133,2021-10-21 18:42:00,SUSC
27.27,27.27,27.27,27.27,700,2021-10-21 18:44:00,SUSC
27.26,27.26,27.26,27.26,115,2021-10-21 18:46:00,SUSC
27.25,27.25,27.25,27.25,452,2021-10-21 18:47:00,SUSC
27.26,27.26,27.26,27.26,100,2021-10-21 18:49:00,SUSC
27.2722,27.2722,27.2722,27.2722,210,2021-10-21 18:50:00,SUSC
27.2699,27.2722,27.2623,27.2722,7913,2021-10-21 18:53:00,SUSC
27.278,27.278,27.278,27.278,1223,2021-10-21 18:54:00,SUSC
27.27,27.27,27.27,27.27,100,2021-10-21 18:55:00,SUSC
27.278,27.278,27.275,27.275,656,2021-10-21 18:59:00,SUSC
27.275,27.275,27.27,27.27,200,2021-10-21 19:00:00,SUSC
27.275,27.275,27.275,27.275,1072,2021-10-21 19:02:00,SUSC
27.2714,27.2714,27.2714,27.2714,140,2021-10-21 19:03:00,SUSC
27.275,27.275,27.27,27.27,2812,2021-10-21 19:04:00,SUSC
27.27,27.27,27.27,27.27,2600,2021-10-21 19:06:00,SUSC
27.275,27.275,27.275,27.275,175,2021-10-21 19:07:00,SUSC
27.27,27.27,27.27,27.27,9700,2021-10-21 19:08:00,SUSC
27.27,27.27,27.27,27.27,100,2021-10-21 19:09:00,SUSC
27.28,27.28,27.28,27.28,900,2021-10-21 19:15:00,SUSC
27.29,27.29,27.29,27.29,170,2021-10-21 19:16:00,SUSC
27.29,27.29,27.2858,27.29,490,2021-10-21 19:18:00,SUSC
27.285,27.285,27.285,27.285,100,2021-10-21 19:19:00,SUSC
27.2876,27.289,27.2858,27.2858,2216,2021-10-21 19:21:00,SUSC
27.285,27.285,27.285,27.285,1272,2021-10-21 19:24:00,SUSC
27.28,27.28,27.28,27.28,100,2021-10-21 19:27:00,SUSC
27.285,27.285,27.285,27.285,150,2021-10-21 19:30:00,SUSC
27.28,27.28,27.28,27.28,100,2021-10-21 19:31:00,SUSC
27.285,27.285,27.284,27.285,942,2021-10-21 19:33:00,SUSC
27.285,27.285,27.285,27.285,100,2021-10-21 19:35:00,SUSC
27.28,27.28,27.28,27.28,100,2021-10-21 19:37:00,SUSC
27.285,27.2898,27.2811,27.285,3372,2021-10-21 19:39:00,SUSC
27.29,27.29,27.285,27.285,1111,2021-10-21 19:40:00,SUSC
27.29,27.29,27.28,27.2859,3067,2021-10-21 19:42:00,SUSC
27.28,27.28,27.28,27.28,110,2021-10-21 19:47:00,SUSC
27.285,27.285,27.285,27.285,100,2021-10-21 19:49:00,SUSC
27.28,27.285,27.28,27.285,500,2021-10-21 19:50:00,SUSC
27.27,27.27,27.27,27.27,100,2021-10-21 19:52:00,SUSC
27.27,27.27,27.27,27.27,100,2021-10-21 19:54:00,SUSC
27.275,27.275,27.275,27.275,660,2021-10-21 19:55:00,SUSC
27.2728,27.2728,27.2728,27.2728,163,2021-10-21 19:58:00,SUSC
27.27,27.28,27.27,27.28,300,2021-10-21 19:59:00,SUSC
27.28,27.28,27.28,27.28,303,2021-10-21 20:00:00,SUSC
27.32,27.32,27.32,27.32,2073,2021-10-22 13:30:00,SUSC
27.32,27.32,27.32,27.32,500,2021-10-22 13:31:00,SUSC
27.32,27.32,27.32,27.32,400,2021-10-22 13:34:00,SUSC
27.325,27.34,27.325,27.33,25543,2021-10-22 13:37:00,SUSC
27.325,27.3259,27.325,27.3259,1020,2021-10-22 13:38:00,SUSC
27.33,27.34,27.325,27.325,4145,2021-10-22 13:44:00,SUSC
27.33,27.33,27.33,27.33,1595,2021-10-22 13:45:00,SUSC
27.33,27.33,27.33,27.33,1400,2021-10-22 13:48:00,SUSC
27.32,27.32,27.32,27.32,482,2021-10-22 13:52:00,SUSC
27.338,27.338,27.335,27.335,690,2021-10-22 14:01:00,SUSC
27.345,27.35,27.345,27.35,272,2021-10-22 14:03:00,SUSC
27.345,27.345,27.345,27.345,400,2021-10-22 14:05:00,SUSC
27.345,27.345,27.345,27.345,300,2021-10-22 14:07:00,SUSC
27.35,27.35,27.35,27.35,300,2021-10-22 14:11:00,SUSC
27.3471,27.3471,27.345,27.345,446,2021-10-22 14:13:00,SUSC
27.345,27.345,27.345,27.345,227,2021-10-22 14:14:00,SUSC
27.345,27.345,27.345,27.345,100,2021-10-22 14:15:00,SUSC
27.349,27.35,27.345,27.35,3646,2021-10-22 14:18:00,SUSC
27.345,27.3499,27.345,27.3499,1257,2021-10-22 14:20:00,SUSC
27.345,27.345,27.345,27.345,100,2021-10-22 14:21:00,SUSC
27.345,27.345,27.345,27.345,222,2021-10-22 14:22:00,SUSC
27.3485,27.3485,27.3485,27.3485,495,2021-10-22 14:29:00,SUSC
27.345,27.345,27.345,27.345,100,2021-10-22 14:31:00,SUSC
27.345,27.345,27.345,27.345,300,2021-10-22 14:39:00,SUSC
27.345,27.345,27.345,27.345,190,2021-10-22 14:41:00,SUSC
27.35,27.35,27.35,27.35,456,2021-10-22 14:45:00,SUSC
27.35,27.35,27.35,27.35,100,2021-10-22 14:46:00,SUSC
27.36,27.36,27.36,27.36,100,2021-10-22 14:52:00,SUSC
27.355,27.355,27.355,27.355,740,2021-10-22 14:54:00,SUSC
27.3571,27.3571,27.3571,27.3571,1637,2021-10-22 14:57:00,SUSC
27.36,27.36,27.36,27.36,200,2021-10-22 15:03:00,SUSC
27.3586,27.3609,27.3586,27.3609,374,2021-10-22 15:07:00,SUSC
27.36,27.36,27.36,27.36,100,2021-10-22 15:12:00,SUSC
27.36,27.36,27.36,27.36,300,2021-10-22 15:14:00,SUSC
27.33,27.33,27.33,27.33,1100,2021-10-22 15:15:00,SUSC
27.335,27.335,27.335,27.335,172,2021-10-22 15:16:00,SUSC
27.33,27.33,27.33,27.33,100,2021-10-22 15:19:00,SUSC
27.315,27.32,27.315,27.32,635,2021-10-22 15:21:00,SUSC
27.31,27.31,27.31,27.31,751,2021-10-22 15:23:00,SUSC
27.32,27.32,27.32,27.32,100,2021-10-22 15:28:00,SUSC
27.32,27.32,27.32,27.32,179,2021-10-22 15:30:00,SUSC
27.32,27.33,27.319,27.32,79472,2021-10-22 15:31:00,SUSC
27.32,27.33,27.32,27.32,253007,2021-10-22 15:35:00,SUSC
27.32,27.32,27.32,27.32,100,2021-10-22 15:37:00,SUSC
27.3232,27.3232,27.3232,27.3232,402,2021-10-22 15:40:00,SUSC
27.33,27.33,27.33,27.33,100,2021-10-22 15:45:00,SUSC
27.34,27.34,27.34,27.34,883,2021-10-22 15:46:00,SUSC
27.3398,27.3398,27.3398,27.3398,289,2021-10-22 15:47:00,SUSC
27.355,27.355,27.355,27.355,100,2021-10-22 15:56:00,SUSC
27.35,27.35,27.35,27.35,100,2021-10-22 15:58:00,SUSC
27.36,27.36,27.36,27.36,100,2021-10-22 16:00:00,SUSC
27.355,27.355,27.355,27.355,7300,2021-10-22 16:02:00,SUSC
27.36,27.36,27.36,27.36,600,2021-10-22 16:03:00,SUSC
27.365,27.365,27.365,27.365,1116,2021-10-22 16:09:00,SUSC
27.365,27.365,27.365,27.365,850,2021-10-22 16:10:00,SUSC
27.365,27.365,27.365,27.365,317,2021-10-22 16:11:00,SUSC
27.3627,27.3627,27.3627,27.3627,447,2021-10-22 16:14:00,SUSC
27.3625,27.3625,27.3625,27.3625,242,2021-10-22 16:15:00,SUSC
27.3601,27.3601,27.3601,27.3601,127,2021-10-22 16:17:00,SUSC
27.365,27.365,27.365,27.365,100,2021-10-22 16:20:00,SUSC
27.3667,27.3667,27.3667,27.3667,187,2021-10-22 16:30:00,SUSC
27.371,27.375,27.37,27.375,998,2021-10-22 16:31:00,SUSC
27.3723,27.3723,27.3723,27.3723,211,2021-10-22 16:35:00,SUSC
27.38,27.38,27.38,27.38,122,2021-10-22 16:42:00,SUSC
27.37,27.37,27.37,27.37,100,2021-10-22 16:44:00,SUSC
27.38,27.38,27.38,27.38,100,2021-10-22 16:53:00,SUSC
27.38,27.38,27.38,27.38,600,2021-10-22 16:57:00,SUSC
27.375,27.375,27.375,27.375,260,2021-10-22 16:59:00,SUSC
27.3773,27.3773,27.3773,27.3773,185,2021-10-22 17:00:00,SUSC
27.375,27.375,27.375,27.375,1531,2021-10-22 17:05:00,SUSC
27.375,27.375,27.375,27.375,137,2021-10-22 17:09:00,SUSC
27.37,27.37,27.37,27.37,100,2021-10-22 17:13:00,SUSC
27.38,27.38,27.38,27.38,307,2021-10-22 17:18:00,SUSC
27.37,27.3733,27.36,27.36,732,2021-10-22 17:30:00,SUSC
27.3512,27.3512,27.3512,27.3512,128,2021-10-22 17:33:00,SUSC
27.35,27.35,27.35,27.35,162,2021-10-22 17:36:00,SUSC
27.355,27.355,27.355,27.355,457,2021-10-22 17:37:00,SUSC
27.3505,27.3505,27.3505,27.3505,396,2021-10-22 17:39:00,SUSC
27.35,27.35,27.35,27.35,705,2021-10-22 17:42:00,SUSC
27.35,27.35,27.35,27.35,100,2021-10-22 17:44:00,SUSC
27.355,27.355,27.355,27.355,102,2021-10-22 17:46:00,SUSC
27.35,27.35,27.35,27.35,100,2021-10-22 17:49:00,SUSC
27.345,27.35,27.345,27.35,700,2021-10-22 17:51:00,SUSC
27.345,27.345,27.345,27.345,200,2021-10-22 17:55:00,SUSC
27.345,27.345,27.345,27.345,400,2021-10-22 17:56:00,SUSC
27.345,27.345,27.345,27.345,442,2021-10-22 18:07:00,SUSC
27.345,27.345,27.345,27.345,100,2021-10-22 18:13:00,SUSC
27.345,27.345,27.345,27.345,624,2021-10-22 18:17:00,SUSC
27.35,27.35,27.345,27.345,8593,2021-10-22 18:19:00,SUSC
27.345,27.345,27.345,27.345,760,2021-10-22 18:20:00,SUSC
27.3473,27.3473,27.345,27.345,1430,2021-10-22 18:33:00,SUSC
27.3473,27.3473,27.3473,27.3473,186,2021-10-22 18:36:00,SUSC
27.34,27.34,27.34,27.34,100,2021-10-22 18:38:00,SUSC
27.345,27.345,27.345,27.345,811,2021-10-22 18:41:00,SUSC
27.3413,27.3478,27.3413,27.3478,905,2021-10-22 18:42:00,SUSC
27.348,27.348,27.348,27.348,621,2021-10-22 18:44:00,SUSC
27.3445,27.3445,27.3445,27.3445,2299,2021-10-22 18:48:00,SUSC
27.345,27.345,27.34,27.345,3475,2021-10-22 18:49:00,SUSC
27.3455,27.3455,27.3455,27.3455,373,2021-10-22 18:53:00,SUSC
27.3456,27.3456,27.34,27.34,499,2021-10-22 18:58:00,SUSC
27.345,27.345,27.345,27.345,412,2021-10-22 18:59:00,SUSC
27.345,27.345,27.345,27.345,100,2021-10-22 19:03:00,SUSC
27.3439,27.3439,27.3439,27.3439,108,2021-10-22 19:05:00,SUSC
27.345,27.345,27.345,27.345,181,2021-10-22 19:07:00,SUSC
27.3482,27.3482,27.3482,27.3482,934,2021-10-22 19:10:00,SUSC
27.3434,27.35,27.3434,27.35,6374,2021-10-22 19:12:00,SUSC
27.3462,27.348,27.3462,27.348,842,2021-10-22 19:13:00,SUSC
27.34,27.34,27.34,27.34,100,2021-10-22 19:18:00,SUSC
27.345,27.35,27.345,27.35,623,2021-10-22 19:20:00,SUSC
27.34,27.34,27.34,27.34,714,2021-10-22 19:24:00,SUSC
27.35,27.355,27.35,27.355,800,2021-10-22 19:26:00,SUSC
27.3576,27.3576,27.3576,27.3576,328,2021-10-22 19:28:00,SUSC
27.3526,27.3526,27.3526,27.3526,904,2021-10-22 19:38:00,SUSC
27.35,27.35,27.35,27.35,208,2021-10-22 19:41:00,SUSC
27.355,27.355,27.355,27.355,641,2021-10-22 19:42:00,SUSC
27.35,27.35,27.35,27.35,155,2021-10-22 19:44:00,SUSC
27.355,27.355,27.355,27.355,425,2021-10-22 19:47:00,SUSC
27.3536,27.3536,27.3536,27.3536,279,2021-10-22 19:48:00,SUSC
27.3517,27.355,27.3517,27.355,457,2021-10-22 19:51:00,SUSC
27.36,27.36,27.36,27.36,203,2021-10-22 19:53:00,SUSC
27.355,27.355,27.355,27.355,557,2021-10-22 19:54:00,SUSC
27.36,27.36,27.36,27.36,1600,2021-10-22 19:58:00,SUSC
27.355,27.36,27.35,27.36,1516,2021-10-22 19:59:00,SUSC
27.36,27.36,27.36,27.36,142,2021-10-22 20:00:00,SUSC
27.36,27.36,27.36,27.36,449,2021-10-25 13:30:00,SUSC
27.3686,27.3686,27.3686,27.3686,330,2021-10-25 13:35:00,SUSC
27.39,27.39,27.39,27.39,300,2021-10-25 13:38:00,SUSC
27.39,27.39,27.39,27.39,800,2021-10-25 13:45:00,SUSC
27.39,27.4,27.39,27.395,3093,2021-10-25 13:50:00,SUSC
27.4,27.4,27.4,27.4,100,2021-10-25 13:55:00,SUSC
27.3995,27.3995,27.3933,27.3933,970,2021-10-25 14:01:00,SUSC
27.3991,27.4,27.3913,27.395,3273,2021-10-25 14:03:00,SUSC
27.395,27.395,27.395,27.395,4802,2021-10-25 14:04:00,SUSC
27.3979,27.3979,27.3979,27.3979,281,2021-10-25 14:06:00,SUSC
27.3901,27.395,27.3901,27.395,615,2021-10-25 14:07:00,SUSC
27.395,27.395,27.395,27.395,662,2021-10-25 14:08:00,SUSC
27.39,27.39,27.39,27.39,301,2021-10-25 14:09:00,SUSC
27.395,27.3979,27.395,27.395,1008,2021-10-25 14:12:00,SUSC
27.398,27.398,27.395,27.395,743,2021-10-25 14:14:00,SUSC
27.395,27.395,27.395,27.395,400,2021-10-25 14:21:00,SUSC
27.395,27.4,27.395,27.4,5768,2021-10-25 14:22:00,SUSC
27.3966,27.3966,27.395,27.395,419,2021-10-25 14:24:00,SUSC
27.4,27.4,27.4,27.4,892,2021-10-25 14:28:00,SUSC
27.3916,27.3916,27.3916,27.3916,120,2021-10-25 14:29:00,SUSC
27.4162,27.4162,27.41,27.41,470,2021-10-25 14:31:00,SUSC
27.405,27.405,27.405,27.405,1512,2021-10-25 14:33:00,SUSC
27.405,27.405,27.405,27.405,143,2021-10-25 14:35:00,SUSC
27.405,27.405,27.405,27.405,912,2021-10-25 14:36:00,SUSC
27.405,27.405,27.405,27.405,100,2021-10-25 14:37:00,SUSC
27.43,27.43,27.43,27.43,307,2021-10-25 14:41:00,SUSC
27.415,27.4167,27.415,27.4167,916,2021-10-25 14:45:00,SUSC
27.41,27.41,27.41,27.41,226,2021-10-25 14:51:00,SUSC
27.4199,27.4199,27.4199,27.4199,1209,2021-10-25 14:53:00,SUSC
27.41,27.41,27.41,27.41,505,2021-10-25 15:03:00,SUSC
27.41,27.4151,27.41,27.4151,277,2021-10-25 15:10:00,SUSC
27.415,27.415,27.415,27.415,590,2021-10-25 15:12:00,SUSC
27.415,27.415,27.415,27.415,210,2021-10-25 15:14:00,SUSC
27.414,27.414,27.414,27.414,613,2021-10-25 15:15:00,SUSC
27.418,27.418,27.4114,27.415,1003,2021-10-25 15:16:00,SUSC
27.415,27.415,27.415,27.415,2224,2021-10-25 15:25:00,SUSC
27.4175,27.4175,27.4175,27.4175,325,2021-10-25 15:29:00,SUSC
27.415,27.415,27.415,27.415,1991,2021-10-25 15:30:00,SUSC
27.41,27.415,27.41,27.415,492,2021-10-25 15:31:00,SUSC
27.415,27.42,27.415,27.4174,2932,2021-10-25 15:36:00,SUSC
27.415,27.415,27.415,27.415,100,2021-10-25 15:40:00,SUSC
27.415,27.415,27.415,27.415,109,2021-10-25 15:46:00,SUSC
27.42,27.42,27.42,27.42,2180,2021-10-25 15:48:00,SUSC
27.4196,27.4196,27.4196,27.4196,221,2021-10-25 15:51:00,SUSC
27.4199,27.4199,27.4199,27.4199,134,2021-10-25 15:57:00,SUSC
27.4183,27.4183,27.4183,27.4183,309,2021-10-25 15:58:00,SUSC
27.415,27.415,27.415,27.415,111,2021-10-25 16:02:00,SUSC
27.41,27.41,27.41,27.41,544,2021-10-25 16:11:00,SUSC
27.415,27.415,27.415,27.415,4489,2021-10-25 16:13:00,SUSC
27.4119,27.4119,27.4119,27.4119,396,2021-10-25 16:18:00,SUSC
27.415,27.415,27.415,27.415,179,2021-10-25 16:20:00,SUSC
27.4176,27.4176,27.4176,27.4176,308,2021-10-25 16:31:00,SUSC
27.415,27.415,27.415,27.415,200,2021-10-25 16:40:00,SUSC
27.42,27.42,27.42,27.42,2406,2021-10-25 16:43:00,SUSC
27.415,27.415,27.415,27.415,210,2021-10-25 16:52:00,SUSC
27.4176,27.4176,27.4176,27.4176,487,2021-10-25 16:53:00,SUSC
27.415,27.415,27.415,27.415,287,2021-10-25 16:58:00,SUSC
27.4148,27.4148,27.4148,27.4148,697,2021-10-25 17:07:00,SUSC
27.415,27.415,27.415,27.415,556,2021-10-25 17:21:00,SUSC
27.415,27.415,27.415,27.415,434,2021-10-25 17:26:00,SUSC
27.415,27.415,27.415,27.415,150,2021-10-25 17:29:00,SUSC
27.415,27.415,27.415,27.415,185,2021-10-25 17:34:00,SUSC
27.41,27.41,27.41,27.41,300,2021-10-25 17:52:00,SUSC
27.41,27.41,27.41,27.41,171,2021-10-25 17:53:00,SUSC
27.41,27.41,27.395,27.395,700,2021-10-25 17:54:00,SUSC
27.3914,27.3914,27.3914,27.3914,169,2021-10-25 17:56:00,SUSC
27.395,27.395,27.395,27.395,189,2021-10-25 17:59:00,SUSC
27.3981,27.3981,27.3981,27.3981,917,2021-10-25 18:02:00,SUSC
27.3913,27.3913,27.3913,27.3913,107,2021-10-25 18:04:00,SUSC
27.4,27.4,27.4,27.4,400,2021-10-25 18:05:00,SUSC
27.395,27.395,27.395,27.395,432,2021-10-25 18:07:00,SUSC
27.39,27.39,27.39,27.39,2850,2021-10-25 18:08:00,SUSC
27.3964,27.3964,27.3964,27.3964,558,2021-10-25 18:13:00,SUSC
27.4,27.4,27.4,27.4,100,2021-10-25 18:14:00,SUSC
27.4,27.4,27.4,27.4,300,2021-10-25 18:16:00,SUSC
27.4,27.4,27.3975,27.3975,1180,2021-10-25 18:18:00,SUSC
27.3976,27.3976,27.3976,27.3976,291,2021-10-25 18:23:00,SUSC
27.3959,27.3959,27.3959,27.3959,361,2021-10-25 18:24:00,SUSC
27.395,27.395,27.395,27.395,269,2021-10-25 18:26:00,SUSC
27.39,27.39,27.39,27.39,114,2021-10-25 18:31:00,SUSC
27.4,27.4,27.39,27.39,307,2021-10-25 18:34:00,SUSC
27.4,27.4,27.4,27.4,100,2021-10-25 18:35:00,SUSC
27.4,27.41,27.3975,27.3975,506,2021-10-25 18:36:00,SUSC
27.408,27.408,27.4017,27.4017,1185,2021-10-25 18:40:00,SUSC
27.4052,27.4052,27.4052,27.4052,500,2021-10-25 18:41:00,SUSC
27.404,27.404,27.404,27.404,140,2021-10-25 18:43:00,SUSC
27.4016,27.4016,27.4016,27.4016,626,2021-10-25 18:44:00,SUSC
27.405,27.405,27.405,27.405,611,2021-10-25 18:49:00,SUSC
27.405,27.405,27.405,27.405,100,2021-10-25 18:50:00,SUSC
27.4013,27.4013,27.4013,27.4013,529,2021-10-25 18:53:00,SUSC
27.405,27.405,27.405,27.405,100,2021-10-25 18:54:00,SUSC
27.4038,27.4038,27.4038,27.4038,489,2021-10-25 18:56:00,SUSC
27.405,27.405,27.4048,27.405,3703,2021-10-25 18:57:00,SUSC
27.41,27.41,27.41,27.41,200,2021-10-25 18:59:00,SUSC
27.4,27.4,27.4,27.4,413,2021-10-25 19:00:00,SUSC
27.4,27.4,27.4,27.4,130,2021-10-25 19:02:00,SUSC
27.405,27.405,27.405,27.405,215,2021-10-25 19:03:00,SUSC
27.402,27.402,27.402,27.402,299,2021-10-25 19:09:00,SUSC
27.4023,27.405,27.4023,27.405,818,2021-10-25 19:18:00,SUSC
27.4,27.4,27.37,27.37,1311,2021-10-25 19:20:00,SUSC
27.377,27.377,27.377,27.377,297,2021-10-25 19:23:00,SUSC
27.3701,27.3701,27.37,27.37,1604,2021-10-25 19:25:00,SUSC
27.373,27.373,27.373,27.373,800,2021-10-25 19:31:00,SUSC
27.3715,27.3715,27.37,27.37,1573,2021-10-25 19:33:00,SUSC
27.3735,27.3735,27.3735,27.3735,178,2021-10-25 19:34:00,SUSC
27.379,27.379,27.379,27.379,306,2021-10-25 19:37:00,SUSC
27.3715,27.3715,27.3715,27.3715,468,2021-10-25 19:38:00,SUSC
27.37,27.37,27.37,27.37,1167,2021-10-25 19:39:00,SUSC
27.3799,27.3799,27.3799,27.3799,4480,2021-10-25 19:43:00,SUSC
27.37,27.38,27.37,27.38,1268,2021-10-25 19:44:00,SUSC
27.375,27.375,27.375,27.375,1391,2021-10-25 19:49:00,SUSC
27.37,27.375,27.37,27.375,400,2021-10-25 19:58:00,SUSC
27.375,27.39,27.37,27.38,6230,2021-10-25 19:59:00,SUSC
27.38,27.38,27.38,27.38,300,2021-10-25 20:00:00,SUSC
27.33,27.33,27.33,27.33,200,2021-10-25 20:44:00,SUSC
27.42,27.42,27.42,27.42,493,2021-10-26 13:30:00,SUSC
27.405,27.405,27.405,27.405,2110,2021-10-26 13:46:00,SUSC
27.405,27.405,27.405,27.405,104,2021-10-26 13:47:00,SUSC
27.405,27.405,27.405,27.405,150,2021-10-26 13:57:00,SUSC
27.419,27.419,27.419,27.419,941,2021-10-26 14:00:00,SUSC
27.4171,27.4171,27.4171,27.4171,191,2021-10-26 14:01:00,SUSC
27.415,27.415,27.415,27.415,150,2021-10-26 14:02:00,SUSC
27.415,27.42,27.415,27.42,2148,2021-10-26 14:04:00,SUSC
27.415,27.415,27.4145,27.4145,583,2021-10-26 14:06:00,SUSC
27.415,27.415,27.415,27.415,384,2021-10-26 14:07:00,SUSC
27.42,27.42,27.42,27.42,500,2021-10-26 14:09:00,SUSC
27.415,27.42,27.415,27.415,5797,2021-10-26 14:10:00,SUSC
27.415,27.415,27.415,27.415,139,2021-10-26 14:12:00,SUSC
27.415,27.4194,27.415,27.4194,539,2021-10-26 14:13:00,SUSC
27.4171,27.4171,27.4171,27.4171,215,2021-10-26 14:18:00,SUSC
27.415,27.415,27.415,27.415,105,2021-10-26 14:21:00,SUSC
27.41,27.41,27.41,27.41,200,2021-10-26 14:22:00,SUSC
27.41,27.41,27.41,27.41,1267,2021-10-26 14:23:00,SUSC
27.41,27.41,27.41,27.41,350,2021-10-26 14:24:00,SUSC
27.38,27.38,27.38,27.38,200,2021-10-26 14:27:00,SUSC
27.39,27.39,27.39,27.39,218,2021-10-26 14:32:00,SUSC
27.39,27.39,27.39,27.39,200,2021-10-26 14:33:00,SUSC
27.4,27.4,27.4,27.4,267,2021-10-26 14:35:00,SUSC
27.405,27.405,27.405,27.405,764,2021-10-26 14:40:00,SUSC
27.4,27.41,27.4,27.41,301,2021-10-26 14:41:00,SUSC
27.4,27.4,27.4,27.4,145,2021-10-26 14:43:00,SUSC
27.405,27.405,27.405,27.405,320,2021-10-26 14:45:00,SUSC
27.403,27.403,27.403,27.403,773,2021-10-26 14:46:00,SUSC
27.405,27.405,27.405,27.405,181,2021-10-26 14:47:00,SUSC
27.41,27.41,27.41,27.41,224,2021-10-26 14:48:00,SUSC
27.405,27.405,27.405,27.405,1330,2021-10-26 14:49:00,SUSC
27.41,27.42,27.41,27.41,12308,2021-10-26 14:51:00,SUSC
27.41,27.41,27.41,27.41,1384,2021-10-26 14:52:00,SUSC
27.415,27.4157,27.415,27.4157,738,2021-10-26 15:04:00,SUSC
27.413,27.413,27.413,27.413,962,2021-10-26 15:16:00,SUSC
27.415,27.415,27.415,27.415,100,2021-10-26 15:17:00,SUSC
27.415,27.415,27.415,27.415,750,2021-10-26 15:19:00,SUSC
27.415,27.415,27.415,27.415,300,2021-10-26 15:23:00,SUSC
27.415,27.415,27.415,27.415,439,2021-10-26 15:24:00,SUSC
27.4197,27.4197,27.4197,27.4197,1800,2021-10-26 15:26:00,SUSC
27.415,27.415,27.415,27.415,100,2021-10-26 15:27:00,SUSC
27.42,27.42,27.42,27.42,1100,2021-10-26 15:31:00,SUSC
27.4125,27.4125,27.4125,27.4125,265,2021-10-26 15:32:00,SUSC
27.41,27.41,27.4027,27.4027,6220,2021-10-26 15:34:00,SUSC
27.4099,27.4099,27.4099,27.4099,109,2021-10-26 15:39:00,SUSC
27.41,27.415,27.41,27.415,930,2021-10-26 15:40:00,SUSC
27.415,27.415,27.415,27.415,717,2021-10-26 15:42:00,SUSC
27.42,27.42,27.42,27.42,270,2021-10-26 15:46:00,SUSC
27.415,27.415,27.415,27.415,200,2021-10-26 15:49:00,SUSC
27.415,27.415,27.415,27.415,400,2021-10-26 15:50:00,SUSC
27.4194,27.4194,27.4194,27.4194,186,2021-10-26 15:51:00,SUSC
27.41,27.41,27.41,27.41,8750,2021-10-26 15:55:00,SUSC
27.415,27.415,27.4145,27.4145,749,2021-10-26 15:58:00,SUSC
27.415,27.415,27.415,27.415,100,2021-10-26 15:59:00,SUSC
27.415,27.415,27.415,27.415,100,2021-10-26 16:00:00,SUSC
27.415,27.415,27.415,27.415,300,2021-10-26 16:04:00,SUSC
27.4161,27.4161,27.4161,27.4161,120,2021-10-26 16:13:00,SUSC
27.415,27.415,27.415,27.415,509,2021-10-26 16:21:00,SUSC
27.42,27.42,27.42,27.42,200,2021-10-26 16:22:00,SUSC
27.43,27.43,27.43,27.43,889,2021-10-26 16:24:00,SUSC
27.43,27.43,27.43,27.43,100,2021-10-26 16:27:00,SUSC
27.43,27.43,27.43,27.43,1117,2021-10-26 16:28:00,SUSC
27.4279,27.4279,27.4279,27.4279,108,2021-10-26 16:37:00,SUSC
27.425,27.425,27.425,27.425,131,2021-10-26 16:39:00,SUSC
27.425,27.425,27.425,27.425,282,2021-10-26 16:40:00,SUSC
27.4399,27.4399,27.4399,27.4399,108,2021-10-26 16:52:00,SUSC
27.43,27.433,27.43,27.433,554,2021-10-26 16:54:00,SUSC
27.439,27.439,27.439,27.439,100,2021-10-26 16:55:00,SUSC
27.435,27.435,27.435,27.435,500,2021-10-26 16:57:00,SUSC
27.439,27.44,27.439,27.44,925,2021-10-26 16:59:00,SUSC
27.45,27.45,27.45,27.45,100,2021-10-26 17:04:00,SUSC
27.448,27.448,27.448,27.448,100,2021-10-26 17:05:00,SUSC
27.4424,27.4424,27.4424,27.4424,1157,2021-10-26 17:09:00,SUSC
27.449,27.449,27.449,27.449,100,2021-10-26 17:11:00,SUSC
27.45,27.46,27.45,27.46,1584,2021-10-26 17:16:00,SUSC
27.455,27.455,27.455,27.455,500,2021-10-26 17:17:00,SUSC
27.4515,27.4554,27.4515,27.4554,1377,2021-10-26 17:20:00,SUSC
27.455,27.455,27.455,27.455,200,2021-10-26 17:22:00,SUSC
27.4515,27.4515,27.4515,27.4515,962,2021-10-26 17:24:00,SUSC
27.455,27.455,27.455,27.455,200,2021-10-26 17:27:00,SUSC
27.455,27.458,27.455,27.458,318,2021-10-26 17:28:00,SUSC
27.4561,27.4561,27.4561,27.4561,625,2021-10-26 17:29:00,SUSC
27.455,27.455,27.455,27.455,400,2021-10-26 17:30:00,SUSC
27.45,27.455,27.45,27.455,1131,2021-10-26 17:31:00,SUSC
27.45,27.45,27.45,27.45,110,2021-10-26 17:33:00,SUSC
27.455,27.455,27.455,27.455,100,2021-10-26 17:34:00,SUSC
27.455,27.455,27.455,27.455,100,2021-10-26 17:37:00,SUSC
27.455,27.455,27.455,27.455,113,2021-10-26 17:40:00,SUSC
27.45,27.45,27.45,27.45,390,2021-10-26 17:48:00,SUSC
27.46,27.46,27.455,27.455,400,2021-10-26 17:49:00,SUSC
27.455,27.455,27.455,27.455,272,2021-10-26 17:52:00,SUSC
27.45,27.45,27.45,27.45,664,2021-10-26 17:56:00,SUSC
27.4555,27.4555,27.4539,27.4539,518,2021-10-26 18:00:00,SUSC
27.46,27.46,27.455,27.455,1443,2021-10-26 18:06:00,SUSC
27.455,27.455,27.455,27.455,300,2021-10-26 18:10:00,SUSC
27.45,27.45,27.42,27.44,41460,2021-10-26 18:14:00,SUSC
27.44,27.44,27.43,27.43,300,2021-10-26 18:15:00,SUSC
27.44,27.44,27.44,27.44,102,2021-10-26 18:16:00,SUSC
27.4421,27.4421,27.44,27.44,1379,2021-10-26 18:17:00,SUSC
27.4496,27.4496,27.4474,27.4474,2298,2021-10-26 18:18:00,SUSC
27.45,27.45,27.45,27.45,709,2021-10-26 18:25:00,SUSC
27.455,27.455,27.455,27.455,100,2021-10-26 18:29:00,SUSC
27.455,27.455,27.455,27.455,288,2021-10-26 18:30:00,SUSC
27.4561,27.4561,27.4561,27.4561,215,2021-10-26 18:32:00,SUSC
27.45,27.455,27.45,27.455,2617,2021-10-26 18:33:00,SUSC
27.455,27.4599,27.455,27.4599,3649,2021-10-26 18:34:00,SUSC
27.45,27.46,27.45,27.4532,2461,2021-10-26 18:37:00,SUSC
27.46,27.46,27.46,27.46,100,2021-10-26 18:42:00,SUSC
27.465,27.4694,27.465,27.4694,5327,2021-10-26 18:48:00,SUSC
27.47,27.47,27.47,27.47,100,2021-10-26 18:51:00,SUSC
27.469,27.469,27.469,27.469,100,2021-10-26 18:52:00,SUSC
27.469,27.469,27.469,27.469,100,2021-10-26 18:55:00,SUSC
27.465,27.465,27.4617,27.4617,1226,2021-10-26 18:56:00,SUSC
27.4669,27.469,27.4669,27.469,517,2021-10-26 18:58:00,SUSC
27.465,27.465,27.465,27.465,400,2021-10-26 18:59:00,SUSC
27.4665,27.4665,27.4665,27.4665,154,2021-10-26 19:01:00,SUSC
27.465,27.465,27.465,27.465,250,2021-10-26 19:03:00,SUSC
27.4631,27.4631,27.4631,27.4631,326,2021-10-26 19:07:00,SUSC
27.465,27.465,27.465,27.465,742,2021-10-26 19:09:00,SUSC
27.4673,27.4673,27.465,27.465,688,2021-10-26 19:12:00,SUSC
27.47,27.47,27.47,27.47,870,2021-10-26 19:13:00,SUSC
27.465,27.465,27.465,27.465,300,2021-10-26 19:14:00,SUSC
27.465,27.465,27.465,27.465,306,2021-10-26 19:16:00,SUSC
27.465,27.465,27.465,27.465,100,2021-10-26 19:19:00,SUSC
27.465,27.465,27.465,27.465,150,2021-10-26 19:22:00,SUSC
27.4639,27.4639,27.4639,27.4639,121,2021-10-26 19:24:00,SUSC
27.465,27.465,27.465,27.465,200,2021-10-26 19:26:00,SUSC
27.465,27.4661,27.4614,27.4661,3477,2021-10-26 19:28:00,SUSC
27.465,27.465,27.465,27.465,150,2021-10-26 19:29:00,SUSC
27.465,27.465,27.465,27.465,200,2021-10-26 19:31:00,SUSC
27.465,27.465,27.465,27.465,200,2021-10-26 19:32:00,SUSC
27.465,27.47,27.465,27.47,8847,2021-10-26 19:36:00,SUSC
27.4701,27.4701,27.4701,27.4701,742,2021-10-26 19:37:00,SUSC
27.47,27.47,27.47,27.47,200,2021-10-26 19:38:00,SUSC
27.475,27.475,27.475,27.475,400,2021-10-26 19:41:00,SUSC
27.475,27.475,27.475,27.475,121,2021-10-26 19:42:00,SUSC
27.47,27.47,27.47,27.47,100,2021-10-26 19:43:00,SUSC
27.48,27.48,27.48,27.48,165,2021-10-26 19:44:00,SUSC
27.47,27.475,27.47,27.475,1444,2021-10-26 19:46:00,SUSC
27.48,27.48,27.475,27.475,476,2021-10-26 19:47:00,SUSC
27.48,27.48,27.48,27.48,197,2021-10-26 19:49:00,SUSC
27.47,27.47,27.47,27.47,1000,2021-10-26 19:50:00,SUSC
27.465,27.47,27.465,27.465,2689,2021-10-26 19:51:00,SUSC
27.4663,27.4663,27.4663,27.4663,396,2021-10-26 19:52:00,SUSC
27.465,27.465,27.465,27.465,1500,2021-10-26 19:56:00,SUSC
27.465,27.465,27.46,27.465,2200,2021-10-26 19:57:00,SUSC
27.46,27.465,27.46,27.46,2200,2021-10-26 19:58:00,SUSC
27.465,27.47,27.46,27.46,3689,2021-10-26 19:59:00,SUSC
27.46,27.46,27.46,27.46,3059,2021-10-26 20:00:00,SUSC
27.33,27.33,27.33,27.33,200,2021-10-27 11:09:00,SUSC
27.59,27.6,27.57,27.57,400,2021-10-27 13:28:00,SUSC
27.56,27.56,27.56,27.56,100,2021-10-27 13:29:00,SUSC
27.57,27.57,27.5698,27.5698,3119,2021-10-27 13:30:00,SUSC
27.59,27.59,27.59,27.59,200,2021-10-27 13:37:00,SUSC
27.595,27.595,27.595,27.595,200,2021-10-27 13:40:00,SUSC
27.6,27.6,27.6,27.6,405,2021-10-27 13:43:00,SUSC
27.61,27.61,27.61,27.61,200,2021-10-27 13:45:00,SUSC
27.61,27.61,27.61,27.61,1405,2021-10-27 13:46:00,SUSC
27.595,27.595,27.595,27.595,200,2021-10-27 13:47:00,SUSC
27.5956,27.5956,27.59,27.59,427,2021-10-27 13:50:00,SUSC
27.6,27.6,27.6,27.6,141,2021-10-27 13:58:00,SUSC
27.59,27.59,27.59,27.59,6900,2021-10-27 14:00:00,SUSC
27.5882,27.5882,27.57,27.57,390,2021-10-27 14:01:00,SUSC
27.576,27.576,27.576,27.576,659,2021-10-27 14:03:00,SUSC
27.5684,27.57,27.5684,27.57,280,2021-10-27 14:04:00,SUSC
27.565,27.565,27.565,27.565,100,2021-10-27 14:05:00,SUSC
27.565,27.565,27.56,27.56,300,2021-10-27 14:06:00,SUSC
27.5579,27.5579,27.555,27.555,907,2021-10-27 14:09:00,SUSC
27.56,27.56,27.5542,27.56,1307,2021-10-27 14:10:00,SUSC
27.555,27.555,27.555,27.555,160,2021-10-27 14:12:00,SUSC
27.55,27.55,27.535,27.5383,2144,2021-10-27 14:17:00,SUSC
27.535,27.535,27.535,27.535,1500,2021-10-27 14:18:00,SUSC
27.5351,27.5351,27.5351,27.5351,133,2021-10-27 14:19:00,SUSC
27.5436,27.5436,27.54,27.54,530,2021-10-27 14:23:00,SUSC
27.555,27.555,27.555,27.555,852,2021-10-27 14:25:00,SUSC
27.56,27.56,27.56,27.56,200,2021-10-27 14:26:00,SUSC
27.565,27.565,27.565,27.565,100,2021-10-27 14:28:00,SUSC
27.57,27.57,27.57,27.57,300,2021-10-27 14:29:00,SUSC
27.57,27.57,27.57,27.57,100,2021-10-27 14:30:00,SUSC
27.575,27.575,27.575,27.575,100,2021-10-27 14:31:00,SUSC
27.5882,27.5882,27.58,27.58,549,2021-10-27 14:42:00,SUSC
27.6,27.6,27.6,27.6,698,2021-10-27 14:46:00,SUSC
27.6,27.6,27.6,27.6,430,2021-10-27 14:52:00,SUSC
27.595,27.595,27.595,27.595,245,2021-10-27 14:56:00,SUSC
27.595,27.595,27.595,27.595,100,2021-10-27 14:58:00,SUSC
27.6,27.6,27.59,27.59,12808,2021-10-27 15:00:00,SUSC
27.5838,27.5838,27.5838,27.5838,547,2021-10-27 15:02:00,SUSC
27.5812,27.5812,27.5812,27.5812,247,2021-10-27 15:11:00,SUSC
27.5863,27.5863,27.585,27.585,440,2021-10-27 15:12:00,SUSC
27.5867,27.5867,27.5867,27.5867,133,2021-10-27 15:15:00,SUSC
27.5834,27.5834,27.5834,27.5834,149,2021-10-27 15:17:00,SUSC
27.5829,27.5829,27.5829,27.5829,323,2021-10-27 15:18:00,SUSC
27.5819,27.5819,27.5819,27.5819,519,2021-10-27 15:19:00,SUSC
27.58,27.58,27.58,27.58,132,2021-10-27 15:22:00,SUSC
27.585,27.585,27.58,27.58,358,2021-10-27 15:23:00,SUSC
27.5873,27.5873,27.5873,27.5873,699,2021-10-27 15:28:00,SUSC
27.5866,27.5867,27.5866,27.5867,424,2021-10-27 15:29:00,SUSC
27.5863,27.5863,27.5863,27.5863,116,2021-10-27 15:33:00,SUSC
27.57,27.57,27.57,27.57,100,2021-10-27 15:34:00,SUSC
27.565,27.565,27.565,27.565,300,2021-10-27 15:38:00,SUSC
27.57,27.579,27.5675,27.57,1314,2021-10-27 15:40:00,SUSC
27.58,27.58,27.58,27.58,1200,2021-10-27 15:42:00,SUSC
27.5857,27.5857,27.5857,27.5857,421,2021-10-27 15:44:00,SUSC
27.59,27.59,27.59,27.59,3360,2021-10-27 15:47:00,SUSC
27.6,27.6,27.6,27.6,267,2021-10-27 15:48:00,SUSC
27.595,27.595,27.595,27.595,200,2021-10-27 15:49:00,SUSC
27.595,27.595,27.5901,27.5901,312,2021-10-27 15:50:00,SUSC
27.5934,27.595,27.5934,27.595,2158,2021-10-27 15:54:00,SUSC
27.6,27.6,27.6,27.6,100,2021-10-27 15:56:00,SUSC
27.595,27.595,27.595,27.595,100,2021-10-27 15:57:00,SUSC
27.5901,27.5915,27.5901,27.5915,220,2021-10-27 15:58:00,SUSC
27.595,27.595,27.595,27.595,100,2021-10-27 16:00:00,SUSC
27.605,27.605,27.605,27.605,300,2021-10-27 16:04:00,SUSC
27.61,27.61,27.61,27.61,300,2021-10-27 16:07:00,SUSC
27.62,27.62,27.62,27.62,200,2021-10-27 16:11:00,SUSC
27.62,27.62,27.62,27.62,1300,2021-10-27 16:12:00,SUSC
27.62,27.62,27.62,27.62,200,2021-10-27 16:22:00,SUSC
27.625,27.63,27.62,27.62,964,2021-10-27 16:27:00,SUSC
27.6275,27.6275,27.6275,27.6275,793,2021-10-27 16:29:00,SUSC
27.6284,27.6284,27.62,27.62,2277,2021-10-27 16:31:00,SUSC
27.6264,27.6264,27.6264,27.6264,177,2021-10-27 16:36:00,SUSC
27.625,27.625,27.625,27.625,100,2021-10-27 16:41:00,SUSC
27.625,27.625,27.625,27.625,100,2021-10-27 16:51:00,SUSC
27.6266,27.6266,27.6266,27.6266,543,2021-10-27 16:52:00,SUSC
27.62,27.62,27.61,27.61,300,2021-10-27 16:57:00,SUSC
27.605,27.605,27.595,27.6,14399,2021-10-27 16:58:00,SUSC
27.605,27.605,27.605,27.605,100,2021-10-27 16:59:00,SUSC
27.615,27.615,27.615,27.615,100,2021-10-27 17:02:00,SUSC
27.615,27.615,27.615,27.615,420,2021-10-27 17:03:00,SUSC
27.62,27.635,27.62,27.635,400,2021-10-27 17:08:00,SUSC
27.63,27.63,27.63,27.63,138,2021-10-27 17:18:00,SUSC
27.6391,27.6391,27.6391,27.6391,1971,2021-10-27 17:21:00,SUSC
27.635,27.635,27.635,27.635,101,2021-10-27 17:23:00,SUSC
27.635,27.635,27.635,27.635,100,2021-10-27 17:24:00,SUSC
27.635,27.635,27.635,27.635,656,2021-10-27 17:25:00,SUSC
27.6341,27.6341,27.6341,27.6341,358,2021-10-27 17:28:00,SUSC
27.635,27.635,27.63,27.63,241,2021-10-27 17:30:00,SUSC
27.6337,27.635,27.6337,27.635,544,2021-10-27 17:33:00,SUSC
27.6338,27.6338,27.6338,27.6338,655,2021-10-27 17:38:00,SUSC
27.635,27.635,27.63,27.63,2018,2021-10-27 17:40:00,SUSC
27.6318,27.6318,27.6318,27.6318,293,2021-10-27 17:42:00,SUSC
27.635,27.635,27.635,27.635,200,2021-10-27 17:45:00,SUSC
27.6376,27.6376,27.6376,27.6376,127,2021-10-27 17:47:00,SUSC
27.635,27.635,27.635,27.635,100,2021-10-27 17:49:00,SUSC
27.6307,27.6307,27.6307,27.6307,289,2021-10-27 17:53:00,SUSC
27.65,27.65,27.6429,27.6429,388,2021-10-27 17:57:00,SUSC
27.645,27.645,27.645,27.645,100,2021-10-27 17:59:00,SUSC
27.645,27.645,27.645,27.645,200,2021-10-27 18:11:00,SUSC
27.65,27.65,27.65,27.65,255,2021-10-27 18:14:00,SUSC
27.64,27.64,27.64,27.64,1344,2021-10-27 18:19:00,SUSC
27.64,27.64,27.64,27.64,481,2021-10-27 18:25:00,SUSC
27.65,27.65,27.65,27.65,400,2021-10-27 18:26:00,SUSC
27.66,27.66,27.66,27.66,763,2021-10-27 18:30:00,SUSC
27.65,27.65,27.65,27.65,113,2021-10-27 18:34:00,SUSC
27.659,27.66,27.659,27.66,200,2021-10-27 18:36:00,SUSC
27.65,27.6632,27.65,27.66,2794,2021-10-27 18:37:00,SUSC
27.66,27.669,27.6598,27.669,2417,2021-10-27 18:38:00,SUSC
27.66,27.66,27.66,27.66,100,2021-10-27 18:40:00,SUSC
27.6534,27.6534,27.65,27.65,491,2021-10-27 18:41:00,SUSC
27.655,27.655,27.655,27.655,100,2021-10-27 18:46:00,SUSC
27.6533,27.6533,27.6533,27.6533,499,2021-10-27 18:48:00,SUSC
27.65,27.65,27.65,27.65,236,2021-10-27 18:51:00,SUSC
27.655,27.655,27.655,27.655,177,2021-10-27 18:52:00,SUSC
27.65,27.65,27.65,27.65,100,2021-10-27 19:00:00,SUSC
27.63,27.63,27.63,27.63,903,2021-10-27 19:11:00,SUSC
27.63,27.63,27.63,27.63,600,2021-10-27 19:14:00,SUSC
27.625,27.625,27.625,27.625,2043,2021-10-27 19:17:00,SUSC
27.6241,27.6241,27.6241,27.6241,521,2021-10-27 19:18:00,SUSC
27.621,27.621,27.621,27.621,521,2021-10-27 19:21:00,SUSC
27.6299,27.6299,27.6299,27.6299,2347,2021-10-27 19:22:00,SUSC
27.626,27.626,27.625,27.625,2568,2021-10-27 19:23:00,SUSC
27.625,27.625,27.625,27.625,100,2021-10-27 19:25:00,SUSC
27.625,27.625,27.625,27.625,200,2021-10-27 19:28:00,SUSC
27.6239,27.6239,27.6239,27.6239,981,2021-10-27 19:34:00,SUSC
27.625,27.625,27.625,27.625,180,2021-10-27 19:35:00,SUSC
27.62,27.62,27.61,27.61,3800,2021-10-27 19:36:00,SUSC
27.61,27.61,27.61,27.61,500,2021-10-27 19:37:00,SUSC
27.61,27.61,27.61,27.61,100,2021-10-27 19:38:00,SUSC
27.61,27.61,27.6,27.6,1712,2021-10-27 19:42:00,SUSC
27.61,27.61,27.6068,27.6068,1474,2021-10-27 19:44:00,SUSC
27.6134,27.615,27.6134,27.615,647,2021-10-27 19:45:00,SUSC
27.615,27.62,27.615,27.62,680,2021-10-27 19:46:00,SUSC
27.615,27.62,27.615,27.615,3166,2021-10-27 19:47:00,SUSC
27.62,27.62,27.62,27.62,833,2021-10-27 19:48:00,SUSC
27.62,27.62,27.615,27.615,555,2021-10-27 19:49:00,SUSC
27.615,27.615,27.615,27.615,200,2021-10-27 19:50:00,SUSC
27.619,27.63,27.6148,27.63,26749,2021-10-27 19:52:00,SUSC
27.62,27.62,27.62,27.62,100,2021-10-27 19:54:00,SUSC
27.615,27.615,27.615,27.615,8400,2021-10-27 19:55:00,SUSC
27.615,27.615,27.615,27.615,200,2021-10-27 19:57:00,SUSC
27.615,27.615,27.615,27.615,810,2021-10-27 19:59:00,SUSC
27.61,27.61,27.61,27.61,300,2021-10-27 20:00:00,SUSC
27.6,27.6,27.6,27.6,2188,2021-10-28 13:30:00,SUSC
27.62,27.63,27.62,27.63,200,2021-10-28 13:31:00,SUSC
27.615,27.615,27.615,27.615,100,2021-10-28 13:39:00,SUSC
27.61,27.61,27.585,27.585,7200,2021-10-28 13:41:00,SUSC
27.585,27.585,27.585,27.585,100,2021-10-28 13:42:00,SUSC
27.585,27.59,27.585,27.59,4000,2021-10-28 13:43:00,SUSC
27.595,27.595,27.595,27.595,100,2021-10-28 13:48:00,SUSC
27.59,27.59,27.59,27.59,200,2021-10-28 13:49:00,SUSC
27.59,27.59,27.59,27.59,800,2021-10-28 13:50:00,SUSC
27.58,27.58,27.5795,27.5795,2420,2021-10-28 13:51:00,SUSC
27.5721,27.5721,27.5721,27.5721,185,2021-10-28 13:55:00,SUSC
27.58,27.58,27.58,27.58,800,2021-10-28 13:58:00,SUSC
27.585,27.585,27.585,27.585,138,2021-10-28 13:59:00,SUSC
27.5895,27.6,27.58,27.6,1476,2021-10-28 14:01:00,SUSC
27.595,27.595,27.595,27.595,100,2021-10-28 14:02:00,SUSC
27.595,27.595,27.595,27.595,100,2021-10-28 14:03:00,SUSC
27.595,27.595,27.595,27.595,542,2021-10-28 14:04:00,SUSC
27.595,27.595,27.5922,27.5922,483,2021-10-28 14:05:00,SUSC
27.61,27.61,27.6,27.6,705,2021-10-28 14:07:00,SUSC
27.6,27.6,27.5982,27.5982,474,2021-10-28 14:09:00,SUSC
27.595,27.595,27.595,27.595,100,2021-10-28 14:10:00,SUSC
27.59,27.59,27.59,27.59,1100,2021-10-28 14:11:00,SUSC
27.5604,27.5604,27.5604,27.5604,2273,2021-10-28 14:12:00,SUSC
27.57,27.57,27.57,27.57,685,2021-10-28 14:13:00,SUSC
27.561,27.5683,27.561,27.5683,2490,2021-10-28 14:16:00,SUSC
27.565,27.565,27.565,27.565,100,2021-10-28 14:21:00,SUSC
27.565,27.565,27.565,27.565,100,2021-10-28 14:22:00,SUSC
27.565,27.568,27.565,27.565,504,2021-10-28 14:24:00,SUSC
27.565,27.565,27.565,27.565,100,2021-10-28 14:29:00,SUSC
27.56,27.565,27.56,27.565,436,2021-10-28 14:31:00,SUSC
27.565,27.565,27.565,27.565,100,2021-10-28 14:34:00,SUSC
27.565,27.565,27.565,27.565,100,2021-10-28 14:36:00,SUSC
27.565,27.565,27.565,27.565,100,2021-10-28 14:38:00,SUSC
27.565,27.565,27.565,27.565,200,2021-10-28 14:39:00,SUSC
27.56,27.56,27.56,27.56,300,2021-10-28 14:40:00,SUSC
27.568,27.568,27.568,27.568,580,2021-10-28 14:47:00,SUSC
27.565,27.565,27.565,27.565,100,2021-10-28 14:48:00,SUSC
27.57,27.57,27.565,27.565,400,2021-10-28 14:50:00,SUSC
27.565,27.565,27.565,27.565,100,2021-10-28 14:51:00,SUSC
27.565,27.565,27.565,27.565,200,2021-10-28 14:56:00,SUSC
27.565,27.565,27.565,27.565,100,2021-10-28 14:58:00,SUSC
27.565,27.565,27.565,27.565,420,2021-10-28 15:00:00,SUSC
27.565,27.565,27.565,27.565,100,2021-10-28 15:02:00,SUSC
27.565,27.565,27.5614,27.5614,422,2021-10-28 15:03:00,SUSC
27.5621,27.5621,27.5621,27.5621,351,2021-10-28 15:06:00,SUSC
27.565,27.565,27.565,27.565,100,2021-10-28 15:09:00,SUSC
27.565,27.565,27.565,27.565,100,2021-10-28 15:11:00,SUSC
27.565,27.565,27.565,27.565,100,2021-10-28 15:13:00,SUSC
27.565,27.57,27.565,27.57,200,2021-10-28 15:15:00,SUSC
27.57,27.57,27.5666,27.5666,475,2021-10-28 15:18:00,SUSC
27.57,27.57,27.57,27.57,100,2021-10-28 15:19:00,SUSC
27.565,27.575,27.563,27.57,1495,2021-10-28 15:20:00,SUSC
27.565,27.565,27.565,27.565,3222,2021-10-28 15:22:00,SUSC
27.565,27.565,27.565,27.565,100,2021-10-28 15:24:00,SUSC
27.5693,27.5693,27.565,27.565,306,2021-10-28 15:25:00,SUSC
27.565,27.565,27.565,27.565,100,2021-10-28 15:26:00,SUSC
27.57,27.57,27.57,27.57,200,2021-10-28 15:27:00,SUSC
27.57,27.57,27.57,27.57,125,2021-10-28 15:28:00,SUSC
27.58,27.58,27.575,27.575,300,2021-10-28 15:30:00,SUSC
27.575,27.575,27.575,27.575,100,2021-10-28 15:31:00,SUSC
27.575,27.575,27.575,27.575,100,2021-10-28 15:34:00,SUSC
27.575,27.575,27.5701,27.5701,200,2021-10-28 15:35:00,SUSC
27.575,27.575,27.575,27.575,100,2021-10-28 15:36:00,SUSC
27.5793,27.58,27.575,27.575,1011,2021-10-28 15:37:00,SUSC
27.5775,27.5775,27.575,27.575,1900,2021-10-28 15:38:00,SUSC
27.575,27.575,27.575,27.575,100,2021-10-28 15:39:00,SUSC
27.575,27.575,27.575,27.575,200,2021-10-28 15:41:00,SUSC
27.5769,27.5769,27.575,27.575,1369,2021-10-28 15:42:00,SUSC
27.575,27.575,27.575,27.575,100,2021-10-28 15:45:00,SUSC
27.575,27.575,27.575,27.575,100,2021-10-28 15:46:00,SUSC
27.575,27.575,27.575,27.575,200,2021-10-28 15:49:00,SUSC
27.575,27.575,27.575,27.575,176,2021-10-28 15:52:00,SUSC
27.575,27.575,27.575,27.575,100,2021-10-28 15:53:00,SUSC
27.575,27.575,27.575,27.575,100,2021-10-28 15:55:00,SUSC
27.57,27.57,27.57,27.57,133,2021-10-28 15:56:00,SUSC
27.575,27.575,27.575,27.575,100,2021-10-28 15:57:00,SUSC
27.57,27.57,27.57,27.57,600,2021-10-28 15:59:00,SUSC
27.57,27.57,27.57,27.57,300,2021-10-28 16:00:00,SUSC
27.5737,27.5737,27.5737,27.5737,213,2021-10-28 16:01:00,SUSC
27.575,27.575,27.575,27.575,309,2021-10-28 16:04:00,SUSC
27.57,27.5739,27.57,27.5739,582,2021-10-28 16:06:00,SUSC
27.57,27.57,27.545,27.545,1100,2021-10-28 16:07:00,SUSC
27.5464,27.5464,27.5464,27.5464,152,2021-10-28 16:11:00,SUSC
27.54,27.54,27.54,27.54,129,2021-10-28 16:14:00,SUSC
27.545,27.5464,27.54,27.5464,1077,2021-10-28 16:15:00,SUSC
27.55,27.55,27.55,27.55,129,2021-10-28 16:18:00,SUSC
27.55,27.55,27.5473,27.5473,1511,2021-10-28 16:21:00,SUSC
27.56,27.56,27.56,27.56,100,2021-10-28 16:34:00,SUSC
27.57,27.57,27.57,27.57,100,2021-10-28 16:35:00,SUSC
27.57,27.57,27.56,27.57,1330,2021-10-28 16:37:00,SUSC
27.57,27.57,27.57,27.57,100,2021-10-28 16:38:00,SUSC
27.565,27.565,27.565,27.565,100,2021-10-28 16:41:00,SUSC
27.565,27.565,27.565,27.565,200,2021-10-28 16:44:00,SUSC
27.565,27.565,27.5636,27.5636,3364,2021-10-28 16:45:00,SUSC
27.5667,27.5667,27.565,27.565,317,2021-10-28 16:48:00,SUSC
27.565,27.565,27.565,27.565,100,2021-10-28 16:50:00,SUSC
27.565,27.565,27.565,27.565,100,2021-10-28 16:51:00,SUSC
27.565,27.565,27.5623,27.5623,600,2021-10-28 16:55:00,SUSC
27.565,27.565,27.565,27.565,100,2021-10-28 16:57:00,SUSC
27.565,27.565,27.565,27.565,100,2021-10-28 16:58:00,SUSC
27.565,27.565,27.565,27.565,200,2021-10-28 17:00:00,SUSC
27.56,27.56,27.56,27.56,500,2021-10-28 17:01:00,SUSC
27.56,27.56,27.56,27.56,1180,2021-10-28 17:04:00,SUSC
27.56,27.56,27.56,27.56,1300,2021-10-28 17:06:00,SUSC
27.5517,27.5517,27.5517,27.5517,444,2021-10-28 17:12:00,SUSC
27.5566,27.5566,27.5566,27.5566,696,2021-10-28 17:15:00,SUSC
27.555,27.555,27.555,27.555,457,2021-10-28 17:17:00,SUSC
27.5572,27.5572,27.5572,27.5572,101,2021-10-28 17:22:00,SUSC
27.555,27.555,27.555,27.555,100,2021-10-28 17:27:00,SUSC
27.5577,27.5577,27.5541,27.5541,355,2021-10-28 17:28:00,SUSC
27.5571,27.5571,27.5571,27.5571,121,2021-10-28 17:32:00,SUSC
27.56,27.56,27.56,27.56,100,2021-10-28 17:33:00,SUSC
27.57,27.57,27.565,27.565,200,2021-10-28 17:34:00,SUSC
27.5669,27.5669,27.5669,27.5669,260,2021-10-28 17:35:00,SUSC
27.565,27.565,27.565,27.565,100,2021-10-28 17:36:00,SUSC
27.565,27.565,27.565,27.565,100,2021-10-28 17:40:00,SUSC
27.565,27.57,27.565,27.57,891,2021-10-28 17:44:00,SUSC
27.565,27.565,27.565,27.565,100,2021-10-28 17:45:00,SUSC
27.565,27.565,27.565,27.565,766,2021-10-28 17:48:00,SUSC
27.565,27.565,27.565,27.565,100,2021-10-28 17:49:00,SUSC
27.565,27.565,27.565,27.565,356,2021-10-28 17:51:00,SUSC
27.565,27.565,27.565,27.565,100,2021-10-28 17:52:00,SUSC
27.5666,27.5666,27.5666,27.5666,342,2021-10-28 17:53:00,SUSC
27.57,27.57,27.565,27.565,200,2021-10-28 17:55:00,SUSC
27.5666,27.5666,27.565,27.565,1100,2021-10-28 17:56:00,SUSC
27.565,27.565,27.5624,27.5624,306,2021-10-28 17:57:00,SUSC
27.5628,27.5628,27.5628,27.5628,456,2021-10-28 17:59:00,SUSC
27.57,27.57,27.5664,27.5664,2161,2021-10-28 18:01:00,SUSC
27.57,27.57,27.57,27.57,100,2021-10-28 18:02:00,SUSC
27.58,27.58,27.58,27.58,100,2021-10-28 18:04:00,SUSC
27.575,27.575,27.575,27.575,100,2021-10-28 18:05:00,SUSC
27.575,27.575,27.575,27.575,100,2021-10-28 18:06:00,SUSC
27.575,27.575,27.575,27.575,200,2021-10-28 18:07:00,SUSC
27.5736,27.5736,27.5736,27.5736,225,2021-10-28 18:08:00,SUSC
27.575,27.575,27.575,27.575,100,2021-10-28 18:09:00,SUSC
27.575,27.575,27.5715,27.5715,336,2021-10-28 18:10:00,SUSC
27.575,27.575,27.5721,27.575,1221,2021-10-28 18:11:00,SUSC
27.575,27.575,27.575,27.575,100,2021-10-28 18:12:00,SUSC
27.58,27.58,27.58,27.58,100,2021-10-28 18:13:00,SUSC
27.575,27.575,27.575,27.575,300,2021-10-28 18:14:00,SUSC
27.575,27.575,27.5738,27.5738,223,2021-10-28 18:15:00,SUSC
27.575,27.575,27.57,27.575,401,2021-10-28 18:16:00,SUSC
27.575,27.575,27.575,27.575,100,2021-10-28 18:18:00,SUSC
27.575,27.575,27.574,27.575,1289,2021-10-28 18:19:00,SUSC
27.575,27.575,27.575,27.575,100,2021-10-28 18:22:00,SUSC
27.575,27.575,27.575,27.575,766,2021-10-28 18:23:00,SUSC
27.575,27.575,27.575,27.575,100,2021-10-28 18:25:00,SUSC
27.5737,27.5737,27.5737,27.5737,224,2021-10-28 18:26:00,SUSC
27.575,27.575,27.575,27.575,100,2021-10-28 18:27:00,SUSC
27.575,27.575,27.575,27.575,200,2021-10-28 18:29:00,SUSC
27.575,27.575,27.575,27.575,100,2021-10-28 18:30:00,SUSC
27.575,27.575,27.575,27.575,100,2021-10-28 18:31:00,SUSC
27.58,27.58,27.575,27.58,6857,2021-10-28 18:32:00,SUSC
27.575,27.575,27.575,27.575,300,2021-10-28 18:33:00,SUSC
27.575,27.575,27.575,27.575,100,2021-10-28 18:34:00,SUSC
27.575,27.575,27.575,27.575,100,2021-10-28 18:35:00,SUSC
27.575,27.575,27.575,27.575,100,2021-10-28 18:36:00,SUSC
27.575,27.575,27.575,27.575,100,2021-10-28 18:37:00,SUSC
27.5763,27.5763,27.5763,27.5763,300,2021-10-28 18:38:00,SUSC
27.575,27.575,27.575,27.575,100,2021-10-28 18:39:00,SUSC
27.58,27.58,27.575,27.575,385,2021-10-28 18:40:00,SUSC
27.575,27.575,27.575,27.575,100,2021-10-28 18:41:00,SUSC
27.575,27.575,27.575,27.575,100,2021-10-28 18:44:00,SUSC
27.575,27.58,27.575,27.58,200,2021-10-28 18:45:00,SUSC
27.575,27.575,27.575,27.575,200,2021-10-28 18:48:00,SUSC
27.575,27.575,27.575,27.575,100,2021-10-28 18:49:00,SUSC
27.57,27.5763,27.57,27.575,680,2021-10-28 18:51:00,SUSC
27.575,27.575,27.575,27.575,100,2021-10-28 18:52:00,SUSC
27.575,27.575,27.575,27.575,200,2021-10-28 18:53:00,SUSC
27.5746,27.575,27.5746,27.575,1124,2021-10-28 18:54:00,SUSC
27.575,27.575,27.575,27.575,200,2021-10-28 18:56:00,SUSC
27.578,27.578,27.575,27.575,422,2021-10-28 18:57:00,SUSC
27.575,27.575,27.575,27.575,100,2021-10-28 18:58:00,SUSC
27.575,27.575,27.5724,27.575,736,2021-10-28 18:59:00,SUSC
27.58,27.58,27.575,27.575,200,2021-10-28 19:00:00,SUSC
27.575,27.575,27.575,27.575,100,2021-10-28 19:01:00,SUSC
27.575,27.575,27.575,27.575,100,2021-10-28 19:03:00,SUSC
27.5744,27.5744,27.5744,27.5744,200,2021-10-28 19:04:00,SUSC
27.575,27.58,27.575,27.58,1086,2021-10-28 19:05:00,SUSC
27.575,27.575,27.575,27.575,300,2021-10-28 19:07:00,SUSC
27.57,27.575,27.57,27.575,637,2021-10-28 19:08:00,SUSC
27.58,27.58,27.58,27.58,100,2021-10-28 19:11:00,SUSC
27.58,27.58,27.58,27.58,200,2021-10-28 19:12:00,SUSC
27.58,27.58,27.58,27.58,200,2021-10-28 19:14:00,SUSC
27.5763,27.5763,27.575,27.575,1023,2021-10-28 19:15:00,SUSC
27.575,27.575,27.575,27.575,200,2021-10-28 19:16:00,SUSC
27.575,27.575,27.5737,27.5737,1108,2021-10-28 19:17:00,SUSC
27.575,27.575,27.575,27.575,100,2021-10-28 19:18:00,SUSC
27.58,27.58,27.57,27.575,3498,2021-10-28 19:19:00,SUSC
27.575,27.5799,27.574,27.5799,4212,2021-10-28 19:21:00,SUSC
27.575,27.575,27.575,27.575,200,2021-10-28 19:23:00,SUSC
27.57,27.57,27.57,27.57,149,2021-10-28 19:24:00,SUSC
27.58,27.58,27.58,27.58,100,2021-10-28 19:25:00,SUSC
27.58,27.58,27.5754,27.5754,636,2021-10-28 19:26:00,SUSC
27.58,27.58,27.58,27.58,100,2021-10-28 19:27:00,SUSC
27.58,27.58,27.575,27.575,2812,2021-10-28 19:28:00,SUSC
27.58,27.58,27.57,27.575,929,2021-10-28 19:29:00,SUSC
27.575,27.58,27.575,27.58,6207,2021-10-28 19:30:00,SUSC
27.58,27.58,27.575,27.575,1972,2021-10-28 19:31:00,SUSC
27.58,27.58,27.58,27.58,100,2021-10-28 19:33:00,SUSC
27.58,27.58,27.575,27.575,200,2021-10-28 19:35:00,SUSC
27.575,27.575,27.575,27.575,200,2021-10-28 19:36:00,SUSC
27.575,27.575,27.575,27.575,100,2021-10-28 19:37:00,SUSC
27.575,27.575,27.575,27.575,155,2021-10-28 19:38:00,SUSC
27.575,27.575,27.575,27.575,200,2021-10-28 19:39:00,SUSC
27.575,27.575,27.575,27.575,100,2021-10-28 19:40:00,SUSC
27.575,27.575,27.575,27.575,100,2021-10-28 19:41:00,SUSC
27.575,27.575,27.575,27.575,100,2021-10-28 19:42:00,SUSC
27.575,27.575,27.575,27.575,200,2021-10-28 19:43:00,SUSC
27.575,27.575,27.575,27.575,200,2021-10-28 19:45:00,SUSC
27.575,27.575,27.575,27.575,100,2021-10-28 19:46:00,SUSC
27.575,27.575,27.575,27.575,200,2021-10-28 19:47:00,SUSC
27.575,27.575,27.575,27.575,100,2021-10-28 19:48:00,SUSC
27.575,27.575,27.575,27.575,590,2021-10-28 19:49:00,SUSC
27.575,27.575,27.575,27.575,100,2021-10-28 19:50:00,SUSC
27.575,27.575,27.575,27.575,400,2021-10-28 19:51:00,SUSC
27.575,27.575,27.575,27.575,425,2021-10-28 19:52:00,SUSC
27.575,27.575,27.575,27.575,200,2021-10-28 19:53:00,SUSC
27.58,27.58,27.575,27.575,900,2021-10-28 19:56:00,SUSC
27.58,27.58,27.58,27.58,100,2021-10-28 19:57:00,SUSC
27.575,27.575,27.575,27.575,300,2021-10-28 19:58:00,SUSC
27.58,27.58,27.575,27.575,1236,2021-10-28 19:59:00,SUSC
27.58,27.58,27.58,27.58,364,2021-10-28 20:00:00,SUSC
27.52,27.52,27.52,27.52,100,2021-10-28 20:22:00,SUSC
27.64,27.66,27.63,27.66,825,2021-10-29 13:25:00,SUSC
27.6,27.6,27.6,27.6,100,2021-10-29 13:26:00,SUSC
27.66,27.67,27.52,27.59,2400,2021-10-29 13:27:00,SUSC
27.49,27.51,27.48,27.48,3588,2021-10-29 13:28:00,SUSC
27.49,27.51,27.49,27.51,1300,2021-10-29 13:29:00,SUSC
27.52,27.52,27.5,27.5,17119,2021-10-29 13:30:00,SUSC
27.495,27.495,27.495,27.495,1031,2021-10-29 13:35:00,SUSC
27.495,27.495,27.495,27.495,105,2021-10-29 13:36:00,SUSC
27.495,27.495,27.495,27.495,102,2021-10-29 13:37:00,SUSC
27.5,27.5,27.5,27.5,625,2021-10-29 13:46:00,SUSC
27.4901,27.4901,27.4901,27.4901,725,2021-10-29 13:51:00,SUSC
27.5,27.51,27.499,27.51,1835,2021-10-29 13:52:00,SUSC
27.51,27.51,27.51,27.51,1576,2021-10-29 13:53:00,SUSC
27.52,27.52,27.52,27.52,592,2021-10-29 13:54:00,SUSC
27.52,27.52,27.52,27.52,1225,2021-10-29 13:59:00,SUSC
27.515,27.515,27.515,27.515,593,2021-10-29 14:00:00,SUSC
27.545,27.545,27.545,27.545,498,2021-10-29 14:07:00,SUSC
27.56,27.56,27.555,27.555,597,2021-10-29 14:10:00,SUSC
27.5484,27.5484,27.5484,27.5484,492,2021-10-29 14:11:00,SUSC
27.545,27.545,27.545,27.545,367,2021-10-29 14:14:00,SUSC
27.545,27.545,27.545,27.545,204,2021-10-29 14:15:00,SUSC
27.56,27.56,27.56,27.56,489,2021-10-29 14:22:00,SUSC
27.565,27.565,27.565,27.565,364,2021-10-29 14:24:00,SUSC
27.565,27.565,27.565,27.565,139,2021-10-29 14:25:00,SUSC
27.5622,27.565,27.5622,27.565,328,2021-10-29 14:27:00,SUSC
27.56,27.565,27.56,27.565,1162,2021-10-29 14:28:00,SUSC
27.565,27.565,27.565,27.565,127,2021-10-29 14:29:00,SUSC
27.565,27.565,27.565,27.565,120,2021-10-29 14:30:00,SUSC
27.5676,27.5676,27.56,27.56,518,2021-10-29 14:31:00,SUSC
27.575,27.575,27.575,27.575,381,2021-10-29 14:37:00,SUSC
27.5731,27.5731,27.5731,27.5731,304,2021-10-29 14:42:00,SUSC
27.575,27.575,27.575,27.575,100,2021-10-29 14:43:00,SUSC
27.575,27.575,27.575,27.575,100,2021-10-29 14:45:00,SUSC
27.575,27.575,27.575,27.575,453,2021-10-29 14:46:00,SUSC
27.575,27.575,27.575,27.575,100,2021-10-29 14:47:00,SUSC
27.57,27.57,27.57,27.57,111,2021-10-29 14:48:00,SUSC
27.575,27.575,27.575,27.575,103,2021-10-29 14:49:00,SUSC
27.575,27.575,27.575,27.575,102,2021-10-29 14:50:00,SUSC
27.575,27.575,27.575,27.575,103,2021-10-29 14:52:00,SUSC
27.575,27.575,27.57,27.57,3974,2021-10-29 14:54:00,SUSC
27.575,27.575,27.575,27.575,100,2021-10-29 14:55:00,SUSC
27.575,27.575,27.575,27.575,350,2021-10-29 14:56:00,SUSC
27.575,27.575,27.575,27.575,513,2021-10-29 14:58:00,SUSC
27.575,27.575,27.575,27.575,1055,2021-10-29 15:01:00,SUSC
27.57,27.575,27.57,27.575,430,2021-10-29 15:02:00,SUSC
27.575,27.575,27.575,27.575,388,2021-10-29 15:04:00,SUSC
27.575,27.575,27.575,27.575,100,2021-10-29 15:06:00,SUSC
27.575,27.575,27.575,27.575,102,2021-10-29 15:07:00,SUSC
27.57,27.57,27.57,27.57,100,2021-10-29 15:08:00,SUSC
27.57,27.57,27.55,27.55,900,2021-10-29 15:09:00,SUSC
27.558,27.558,27.558,27.558,165,2021-10-29 15:10:00,SUSC
27.56,27.56,27.56,27.56,400,2021-10-29 15:11:00,SUSC
27.5635,27.5635,27.5635,27.5635,393,2021-10-29 15:13:00,SUSC
27.565,27.565,27.565,27.565,358,2021-10-29 15:15:00,SUSC
27.565,27.565,27.565,27.565,161,2021-10-29 15:19:00,SUSC
27.5673,27.5673,27.5673,27.5673,166,2021-10-29 15:22:00,SUSC
27.58,27.58,27.58,27.58,100,2021-10-29 15:25:00,SUSC
27.58,27.58,27.58,27.58,100,2021-10-29 15:26:00,SUSC
27.585,27.585,27.585,27.585,296,2021-10-29 15:29:00,SUSC
27.5827,27.5827,27.5827,27.5827,113,2021-10-29 15:30:00,SUSC
27.585,27.585,27.5834,27.5834,389,2021-10-29 15:31:00,SUSC
27.585,27.585,27.585,27.585,101,2021-10-29 15:33:00,SUSC
27.585,27.5877,27.585,27.5877,591,2021-10-29 15:35:00,SUSC
27.5871,27.5871,27.585,27.585,210,2021-10-29 15:37:00,SUSC
27.585,27.585,27.585,27.585,104,2021-10-29 15:39:00,SUSC
27.585,27.585,27.585,27.585,101,2021-10-29 15:40:00,SUSC
27.585,27.585,27.585,27.585,204,2021-10-29 15:42:00,SUSC
27.585,27.585,27.585,27.585,202,2021-10-29 15:45:00,SUSC
27.585,27.59,27.585,27.59,1480,2021-10-29 15:46:00,SUSC
27.585,27.585,27.585,27.585,100,2021-10-29 15:47:00,SUSC
27.585,27.585,27.5845,27.5845,792,2021-10-29 15:49:00,SUSC
27.585,27.585,27.585,27.585,103,2021-10-29 15:50:00,SUSC
27.585,27.585,27.585,27.585,100,2021-10-29 15:55:00,SUSC
27.585,27.585,27.585,27.585,300,2021-10-29 15:56:00,SUSC
27.585,27.585,27.585,27.585,326,2021-10-29 15:57:00,SUSC
27.585,27.585,27.585,27.585,100,2021-10-29 16:00:00,SUSC
27.59,27.59,27.59,27.59,118,2021-10-29 16:01:00,SUSC
27.59,27.59,27.5858,27.5858,2025,2021-10-29 16:04:00,SUSC
27.59,27.59,27.59,27.59,2900,2021-10-29 16:07:00,SUSC
27.585,27.585,27.585,27.585,100,2021-10-29 16:08:00,SUSC
27.585,27.585,27.585,27.585,100,2021-10-29 16:13:00,SUSC
27.5896,27.59,27.5896,27.59,224,2021-10-29 16:15:00,SUSC
27.59,27.59,27.59,27.59,710,2021-10-29 16:17:00,SUSC
27.585,27.585,27.585,27.585,173,2021-10-29 16:21:00,SUSC
27.585,27.585,27.585,27.585,357,2021-10-29 16:24:00,SUSC
27.5893,27.5893,27.5893,27.5893,111,2021-10-29 16:27:00,SUSC
27.59,27.59,27.585,27.585,12182,2021-10-29 16:29:00,SUSC
27.5891,27.5891,27.5891,27.5891,2440,2021-10-29 16:31:00,SUSC
27.59,27.59,27.59,27.59,710,2021-10-29 16:32:00,SUSC
27.5897,27.5897,27.5897,27.5897,506,2021-10-29 16:39:00,SUSC
27.585,27.585,27.585,27.585,101,2021-10-29 16:45:00,SUSC
27.585,27.585,27.585,27.585,101,2021-10-29 16:48:00,SUSC
27.585,27.585,27.585,27.585,102,2021-10-29 16:50:00,SUSC
27.5847,27.5847,27.5847,27.5847,149,2021-10-29 16:53:00,SUSC
27.585,27.585,27.585,27.585,100,2021-10-29 16:54:00,SUSC
27.59,27.59,27.5848,27.5848,1026,2021-10-29 16:57:00,SUSC
27.585,27.585,27.55,27.55,59455,2021-10-29 17:00:00,SUSC
27.56,27.56,27.56,27.56,733,2021-10-29 17:01:00,SUSC
27.56,27.57,27.56,27.5675,630,2021-10-29 17:02:00,SUSC
27.57,27.57,27.57,27.57,251,2021-10-29 17:03:00,SUSC
27.565,27.565,27.565,27.565,131,2021-10-29 17:07:00,SUSC
27.575,27.575,27.575,27.575,500,2021-10-29 17:09:00,SUSC
27.58,27.58,27.58,27.58,100,2021-10-29 17:13:00,SUSC
27.575,27.575,27.575,27.575,105,2021-10-29 17:14:00,SUSC
27.5772,27.5772,27.5772,27.5772,271,2021-10-29 17:17:00,SUSC
27.575,27.575,27.575,27.575,181,2021-10-29 17:20:00,SUSC
27.5797,27.5797,27.5797,27.5797,2746,2021-10-29 17:24:00,SUSC
27.575,27.575,27.575,27.575,307,2021-10-29 17:28:00,SUSC
27.5787,27.5787,27.5787,27.5787,1200,2021-10-29 17:29:00,SUSC
27.58,27.58,27.58,27.58,166,2021-10-29 17:31:00,SUSC
27.57,27.57,27.57,27.57,166,2021-10-29 17:35:00,SUSC
27.575,27.575,27.575,27.575,1021,2021-10-29 17:39:00,SUSC
27.575,27.575,27.575,27.575,100,2021-10-29 17:40:00,SUSC
27.5766,27.5766,27.5766,27.5766,168,2021-10-29 17:53:00,SUSC
27.58,27.58,27.58,27.58,700,2021-10-29 17:55:00,SUSC
27.575,27.575,27.575,27.575,100,2021-10-29 17:56:00,SUSC
27.575,27.575,27.575,27.575,455,2021-10-29 17:57:00,SUSC
27.574,27.574,27.574,27.574,437,2021-10-29 18:03:00,SUSC
27.5713,27.5713,27.5713,27.5713,547,2021-10-29 18:07:00,SUSC
27.5776,27.5776,27.5776,27.5776,460,2021-10-29 18:08:00,SUSC
27.575,27.5799,27.575,27.5799,1849,2021-10-29 18:11:00,SUSC
27.58,27.58,27.58,27.58,710,2021-10-29 18:12:00,SUSC
27.58,27.58,27.58,27.58,700,2021-10-29 18:14:00,SUSC
27.58,27.58,27.58,27.58,400,2021-10-29 18:16:00,SUSC
27.5895,27.5895,27.585,27.585,1183,2021-10-29 18:18:00,SUSC
27.5855,27.5855,27.5855,27.5855,641,2021-10-29 18:19:00,SUSC
27.585,27.585,27.585,27.585,226,2021-10-29 18:22:00,SUSC
27.585,27.585,27.585,27.585,103,2021-10-29 18:24:00,SUSC
27.585,27.585,27.585,27.585,371,2021-10-29 18:26:00,SUSC
27.5877,27.5877,27.5877,27.5877,546,2021-10-29 18:32:00,SUSC
27.59,27.59,27.59,27.59,100,2021-10-29 18:33:00,SUSC
27.585,27.585,27.585,27.585,118,2021-10-29 18:34:00,SUSC
27.585,27.5898,27.585,27.5898,1410,2021-10-29 18:35:00,SUSC
27.59,27.59,27.585,27.585,710,2021-10-29 18:37:00,SUSC
27.5897,27.5897,27.5897,27.5897,154,2021-10-29 18:39:00,SUSC
27.585,27.585,27.585,27.585,100,2021-10-29 18:40:00,SUSC
27.59,27.59,27.59,27.59,500,2021-10-29 18:48:00,SUSC
27.59,27.59,27.59,27.59,700,2021-10-29 18:52:00,SUSC
27.58,27.58,27.58,27.58,547,2021-10-29 18:54:00,SUSC
27.59,27.59,27.59,27.59,400,2021-10-29 18:56:00,SUSC
27.5836,27.5836,27.5836,27.5836,826,2021-10-29 18:58:00,SUSC
27.585,27.585,27.585,27.585,100,2021-10-29 18:59:00,SUSC
27.58,27.59,27.58,27.59,1705,2021-10-29 19:00:00,SUSC
27.59,27.59,27.59,27.59,100,2021-10-29 19:05:00,SUSC
27.59,27.59,27.5887,27.5887,2588,2021-10-29 19:06:00,SUSC
27.59,27.59,27.59,27.59,961,2021-10-29 19:07:00,SUSC
27.6,27.6,27.6,27.6,200,2021-10-29 19:12:00,SUSC
27.595,27.595,27.595,27.595,178,2021-10-29 19:14:00,SUSC
27.6,27.6,27.6,27.6,2616,2021-10-29 19:15:00,SUSC
27.5961,27.5999,27.595,27.595,841,2021-10-29 19:16:00,SUSC
27.5901,27.5901,27.5901,27.5901,937,2021-10-29 19:17:00,SUSC
27.595,27.6,27.595,27.6,811,2021-10-29 19:19:00,SUSC
27.6,27.6,27.595,27.6,2958,2021-10-29 19:20:00,SUSC
27.6,27.6,27.6,27.6,100,2021-10-29 19:21:00,SUSC
27.5945,27.5945,27.5945,27.5945,156,2021-10-29 19:22:00,SUSC
27.595,27.6,27.595,27.5964,2729,2021-10-29 19:25:00,SUSC
27.5995,27.5995,27.5995,27.5995,257,2021-10-29 19:26:00,SUSC
27.6,27.6,27.6,27.6,100,2021-10-29 19:31:00,SUSC
27.61,27.61,27.61,27.61,700,2021-10-29 19:32:00,SUSC
27.59,27.59,27.59,27.59,249,2021-10-29 19:33:00,SUSC
27.61,27.62,27.61,27.62,869,2021-10-29 19:37:00,SUSC
27.615,27.615,27.615,27.615,700,2021-10-29 19:38:00,SUSC
27.615,27.615,27.615,27.615,400,2021-10-29 19:39:00,SUSC
27.6162,27.6162,27.6162,27.6162,134,2021-10-29 19:41:00,SUSC
27.615,27.615,27.615,27.615,400,2021-10-29 19:42:00,SUSC
27.62,27.62,27.615,27.615,1729,2021-10-29 19:43:00,SUSC
27.615,27.615,27.615,27.615,162,2021-10-29 19:48:00,SUSC
27.61,27.615,27.59,27.6,5100,2021-10-29 19:50:00,SUSC
27.6,27.6,27.6,27.6,500,2021-10-29 19:51:00,SUSC
27.6,27.6,27.6,27.6,100,2021-10-29 19:52:00,SUSC
27.595,27.595,27.59,27.59,1473,2021-10-29 19:55:00,SUSC
27.58,27.58,27.58,27.58,100,2021-10-29 19:58:00,SUSC
27.58,27.58,27.58,27.58,800,2021-10-29 19:59:00,SUSC
27.59,27.59,27.59,27.59,300,2021-10-29 20:00:00,SUSC
