open,high,low,close,volume,datetime,symbol
81.47,81.47,81.47,81.47,2659,2022-05-23 13:29:00,VCIT
81.47,81.47,81.38,81.42,36826,2022-05-23 13:30:00,VCIT
81.435,81.435,81.43,81.43,1620,2022-05-23 13:31:00,VCIT
81.4213,81.47,81.4213,81.47,2946,2022-05-23 13:32:00,VCIT
81.4642,81.5,81.4642,81.4993,1317,2022-05-23 13:33:00,VCIT
81.5,81.53,81.5,81.53,101713,2022-05-23 13:34:00,VCIT
81.54,81.54,81.53,81.53,1020,2022-05-23 13:35:00,VCIT
81.55,81.58,81.55,81.575,21541,2022-05-23 13:36:00,VCIT
81.59,81.59,81.58,81.59,4456,2022-05-23 13:37:00,VCIT
81.59,81.6,81.58,81.58,51480,2022-05-23 13:38:00,VCIT
81.59,81.595,81.59,81.59,27829,2022-05-23 13:39:00,VCIT
81.58,81.59,81.575,81.575,53944,2022-05-23 13:40:00,VCIT
81.58,81.585,81.58,81.58,8000,2022-05-23 13:41:00,VCIT
81.57,81.58,81.57,81.58,33480,2022-05-23 13:42:00,VCIT
81.58,81.59,81.58,81.58,9890,2022-05-23 13:43:00,VCIT
81.575,81.59,81.57,81.585,14472,2022-05-23 13:44:00,VCIT
81.585,81.6,81.585,81.591,6972,2022-05-23 13:45:00,VCIT
81.595,81.595,81.58,81.585,5417,2022-05-23 13:46:00,VCIT
81.59,81.6,81.585,81.59,4467,2022-05-23 13:47:00,VCIT
81.596,81.6,81.59,81.59,2483,2022-05-23 13:48:00,VCIT
81.595,81.595,81.56,81.56,21292,2022-05-23 13:49:00,VCIT
81.571,81.58,81.56,81.57,4680,2022-05-23 13:50:00,VCIT
81.575,81.578,81.56,81.561,1779,2022-05-23 13:51:00,VCIT
81.56,81.58,81.56,81.5799,5250,2022-05-23 13:52:00,VCIT
81.57,81.58,81.561,81.57,11582,2022-05-23 13:53:00,VCIT
81.58,81.585,81.5701,81.5735,20480,2022-05-23 13:54:00,VCIT
81.575,81.5785,81.57,81.57,10659,2022-05-23 13:55:00,VCIT
81.56,81.567,81.55,81.55,12267,2022-05-23 13:56:00,VCIT
81.55,81.565,81.5435,81.55,11745,2022-05-23 13:57:00,VCIT
81.55,81.55,81.53,81.53,2489,2022-05-23 13:58:00,VCIT
81.541,81.5439,81.533,81.5373,7262,2022-05-23 13:59:00,VCIT
81.54,81.54,81.52,81.52,8594,2022-05-23 14:00:00,VCIT
81.52,81.52,81.5039,81.51,10684,2022-05-23 14:01:00,VCIT
81.51,81.52,81.505,81.505,5621,2022-05-23 14:02:00,VCIT
81.5001,81.5142,81.5,81.5142,6603,2022-05-23 14:03:00,VCIT
81.505,81.51,81.475,81.475,32234,2022-05-23 14:04:00,VCIT
81.475,81.4842,81.463,81.47,44608,2022-05-23 14:05:00,VCIT
81.47,81.4771,81.465,81.47,7289,2022-05-23 14:06:00,VCIT
81.47,81.5,81.465,81.5,25641,2022-05-23 14:07:00,VCIT
81.49,81.4955,81.4846,81.4846,2079,2022-05-23 14:08:00,VCIT
81.485,81.4942,81.48,81.48,6100,2022-05-23 14:09:00,VCIT
81.49,81.49,81.472,81.49,8504,2022-05-23 14:10:00,VCIT
81.475,81.49,81.475,81.475,2877,2022-05-23 14:11:00,VCIT
81.485,81.496,81.4732,81.488,27165,2022-05-23 14:12:00,VCIT
81.49,81.5169,81.49,81.505,2632,2022-05-23 14:13:00,VCIT
81.5086,81.5086,81.5,81.5,12150,2022-05-23 14:14:00,VCIT
81.5,81.515,81.49,81.5142,12990,2022-05-23 14:15:00,VCIT
81.51,81.51,81.505,81.51,3852,2022-05-23 14:16:00,VCIT
81.51,81.52,81.5,81.52,7064,2022-05-23 14:17:00,VCIT
81.52,81.5261,81.52,81.525,1216,2022-05-23 14:18:00,VCIT
81.52,81.52,81.51,81.5135,28248,2022-05-23 14:19:00,VCIT
81.52,81.52,81.49,81.5,5104,2022-05-23 14:20:00,VCIT
81.5,81.53,81.5,81.522,2322,2022-05-23 14:21:00,VCIT
81.5255,81.5268,81.5,81.5268,8571,2022-05-23 14:22:00,VCIT
81.52,81.525,81.52,81.52,3197,2022-05-23 14:23:00,VCIT
81.5255,81.5255,81.51,81.51,4966,2022-05-23 14:24:00,VCIT
81.535,81.535,81.52,81.52,396,2022-05-23 14:25:00,VCIT
81.52,81.5278,81.51,81.52,21264,2022-05-23 14:26:00,VCIT
81.52,81.52,81.505,81.505,3947,2022-05-23 14:27:00,VCIT
81.51,81.5192,81.51,81.5192,2566,2022-05-23 14:28:00,VCIT
81.51,81.514,81.49,81.51,7037,2022-05-23 14:29:00,VCIT
81.51,81.51,81.4996,81.51,2922,2022-05-23 14:30:00,VCIT
81.51,81.5158,81.51,81.5158,3305,2022-05-23 14:31:00,VCIT
81.51,81.52,81.495,81.495,4725,2022-05-23 14:32:00,VCIT
81.4975,81.5,81.49,81.5,3142,2022-05-23 14:33:00,VCIT
81.49,81.51,81.49,81.51,3229,2022-05-23 14:34:00,VCIT
81.51,81.5177,81.5,81.505,11700,2022-05-23 14:35:00,VCIT
81.51,81.51,81.4931,81.495,6895,2022-05-23 14:36:00,VCIT
81.495,81.5,81.48,81.48,74678,2022-05-23 14:37:00,VCIT
81.48,81.499,81.475,81.499,6919,2022-05-23 14:38:00,VCIT
81.5,81.51,81.495,81.495,2256,2022-05-23 14:39:00,VCIT
81.5,81.5,81.494,81.494,3653,2022-05-23 14:40:00,VCIT
81.49,81.5,81.49,81.49,21131,2022-05-23 14:41:00,VCIT
81.49,81.49,81.4745,81.4745,3542,2022-05-23 14:42:00,VCIT
81.48,81.4855,81.48,81.48,1462,2022-05-23 14:43:00,VCIT
81.471,81.475,81.4604,81.47,5968,2022-05-23 14:44:00,VCIT
81.47,81.4772,81.47,81.47,630,2022-05-23 14:45:00,VCIT
81.4712,81.48,81.4712,81.4732,808,2022-05-23 14:46:00,VCIT
81.47,81.47,81.46,81.46,884,2022-05-23 14:47:00,VCIT
81.45,81.45,81.45,81.45,100,2022-05-23 14:48:00,VCIT
81.45,81.45,81.43,81.43,515,2022-05-23 14:49:00,VCIT
81.44,81.44,81.425,81.4392,5842,2022-05-23 14:50:00,VCIT
81.44,81.441,81.42,81.43,1938,2022-05-23 14:51:00,VCIT
81.435,81.435,81.42,81.42,1329,2022-05-23 14:52:00,VCIT
81.42,81.42,81.42,81.42,850,2022-05-23 14:53:00,VCIT
81.43,81.43,81.4131,81.415,4338,2022-05-23 14:54:00,VCIT
81.4165,81.4165,81.4,81.4,1239,2022-05-23 14:55:00,VCIT
81.395,81.4,81.39,81.395,3453,2022-05-23 14:56:00,VCIT
81.39,81.39,81.38,81.385,6888,2022-05-23 14:57:00,VCIT
81.385,81.39,81.38,81.39,1123,2022-05-23 14:58:00,VCIT
81.395,81.395,81.39,81.395,3569,2022-05-23 14:59:00,VCIT
81.4,81.41,81.3993,81.4,1527,2022-05-23 15:00:00,VCIT
81.4,81.42,81.4,81.42,3560,2022-05-23 15:01:00,VCIT
81.41,81.435,81.4,81.435,22399,2022-05-23 15:02:00,VCIT
81.44,81.445,81.435,81.4418,4439,2022-05-23 15:03:00,VCIT
81.44,81.45,81.4306,81.45,8166,2022-05-23 15:04:00,VCIT
81.45,81.45,81.441,81.445,1921,2022-05-23 15:05:00,VCIT
81.45,81.46,81.45,81.46,2960,2022-05-23 15:06:00,VCIT
81.46,81.4658,81.435,81.44,3454,2022-05-23 15:07:00,VCIT
81.44,81.45,81.435,81.435,8138,2022-05-23 15:08:00,VCIT
81.44,81.44,81.425,81.425,15644,2022-05-23 15:09:00,VCIT
81.425,81.43,81.41,81.415,55737,2022-05-23 15:10:00,VCIT
81.41,81.41,81.401,81.41,2995,2022-05-23 15:11:00,VCIT
81.41,81.41,81.4009,81.4009,306,2022-05-23 15:12:00,VCIT
81.4,81.4,81.39,81.39,3517,2022-05-23 15:13:00,VCIT
81.3985,81.4,81.3938,81.4,9316,2022-05-23 15:14:00,VCIT
81.4,81.4155,81.4,81.41,5246,2022-05-23 15:15:00,VCIT
81.42,81.42,81.4105,81.4105,3750,2022-05-23 15:16:00,VCIT
81.415,81.415,81.405,81.41,6420,2022-05-23 15:17:00,VCIT
81.41,81.415,81.39,81.39,4676,2022-05-23 15:18:00,VCIT
81.38,81.38,81.3737,81.3737,1152,2022-05-23 15:19:00,VCIT
81.37,81.38,81.3636,81.3742,4161,2022-05-23 15:20:00,VCIT
81.375,81.378,81.365,81.37,16854,2022-05-23 15:21:00,VCIT
81.37,81.37,81.36,81.36,176269,2022-05-23 15:22:00,VCIT
81.36,81.376,81.355,81.372,17863,2022-05-23 15:23:00,VCIT
81.37,81.38,81.37,81.38,13039,2022-05-23 15:24:00,VCIT
81.38,81.38,81.3603,81.365,31030,2022-05-23 15:25:00,VCIT
81.365,81.37,81.36,81.37,7735,2022-05-23 15:26:00,VCIT
81.38,81.38,81.36,81.36,10953,2022-05-23 15:27:00,VCIT
81.35,81.355,81.35,81.355,4627,2022-05-23 15:28:00,VCIT
81.3575,81.3591,81.355,81.355,2852,2022-05-23 15:29:00,VCIT
81.35,81.36,81.35,81.355,20987,2022-05-23 15:30:00,VCIT
81.3599,81.3599,81.35,81.355,3827,2022-05-23 15:31:00,VCIT
81.36,81.365,81.35,81.355,9558,2022-05-23 15:32:00,VCIT
81.3501,81.36,81.35,81.355,6148,2022-05-23 15:33:00,VCIT
81.35,81.36,81.35,81.355,5710,2022-05-23 15:34:00,VCIT
81.35,81.36,81.35,81.355,2485,2022-05-23 15:35:00,VCIT
81.35,81.3791,81.35,81.37,56253,2022-05-23 15:36:00,VCIT
81.375,81.375,81.37,81.37,8628,2022-05-23 15:37:00,VCIT
81.38,81.38,81.375,81.38,20984,2022-05-23 15:38:00,VCIT
81.38,81.3872,81.375,81.3872,5860,2022-05-23 15:39:00,VCIT
81.39,81.39,81.385,81.385,1955,2022-05-23 15:40:00,VCIT
81.385,81.385,81.38,81.38,5559,2022-05-23 15:41:00,VCIT
81.3899,81.39,81.3899,81.39,7982,2022-05-23 15:42:00,VCIT
81.38,81.39,81.38,81.385,2144,2022-05-23 15:43:00,VCIT
81.38,81.38,81.37,81.375,34336,2022-05-23 15:44:00,VCIT
81.37,81.375,81.3634,81.3739,4079,2022-05-23 15:45:00,VCIT
81.375,81.38,81.375,81.3763,403,2022-05-23 15:46:00,VCIT
81.375,81.39,81.375,81.389,12679,2022-05-23 15:47:00,VCIT
81.39,81.4,81.38,81.38,4577,2022-05-23 15:48:00,VCIT
81.39,81.3967,81.3795,81.38,6856,2022-05-23 15:49:00,VCIT
81.39,81.39,81.3845,81.39,1705,2022-05-23 15:50:00,VCIT
81.3842,81.39,81.3728,81.3728,1492,2022-05-23 15:51:00,VCIT
81.37,81.37,81.36,81.36,45372,2022-05-23 15:52:00,VCIT
81.37,81.38,81.3601,81.3744,2642,2022-05-23 15:53:00,VCIT
81.375,81.38,81.36,81.36,2661,2022-05-23 15:54:00,VCIT
81.37,81.37,81.3542,81.36,20903,2022-05-23 15:55:00,VCIT
81.36,81.37,81.36,81.37,10787,2022-05-23 15:56:00,VCIT
81.37,81.385,81.365,81.385,3000,2022-05-23 15:57:00,VCIT
81.39,81.395,81.39,81.395,1287,2022-05-23 15:58:00,VCIT
81.4,81.4065,81.4,81.4,2005,2022-05-23 15:59:00,VCIT
81.3967,81.4,81.391,81.395,709,2022-05-23 16:00:00,VCIT
81.395,81.395,81.395,81.395,168,2022-05-23 16:01:00,VCIT
81.395,81.395,81.38,81.39,5793,2022-05-23 16:02:00,VCIT
81.4,81.4,81.4,81.4,500,2022-05-23 16:03:00,VCIT
81.41,81.41,81.4,81.4,2686,2022-05-23 16:04:00,VCIT
81.395,81.395,81.395,81.395,200,2022-05-23 16:05:00,VCIT
81.3905,81.395,81.39,81.39,1698,2022-05-23 16:06:00,VCIT
81.39,81.39,81.3826,81.3885,2924,2022-05-23 16:07:00,VCIT
81.3885,81.3885,81.375,81.38,7571,2022-05-23 16:08:00,VCIT
81.38,81.38,81.36,81.37,9769,2022-05-23 16:09:00,VCIT
81.365,81.375,81.365,81.375,1150,2022-05-23 16:10:00,VCIT
81.375,81.375,81.37,81.375,5799,2022-05-23 16:11:00,VCIT
81.375,81.38,81.375,81.375,6598,2022-05-23 16:12:00,VCIT
81.372,81.372,81.37,81.3701,1933,2022-05-23 16:13:00,VCIT
81.37,81.3701,81.37,81.37,22290,2022-05-23 16:14:00,VCIT
81.365,81.375,81.365,81.37,5642,2022-05-23 16:15:00,VCIT
81.37,81.37,81.36,81.36,4585,2022-05-23 16:16:00,VCIT
81.355,81.355,81.355,81.355,750,2022-05-23 16:17:00,VCIT
81.35,81.355,81.345,81.345,3648,2022-05-23 16:18:00,VCIT
81.35,81.35,81.3441,81.3441,2326,2022-05-23 16:19:00,VCIT
81.345,81.3481,81.345,81.3481,299,2022-05-23 16:20:00,VCIT
81.35,81.36,81.34,81.355,13566,2022-05-23 16:21:00,VCIT
81.35,81.357,81.34,81.34,2600,2022-05-23 16:22:00,VCIT
81.34,81.345,81.3326,81.34,3657,2022-05-23 16:23:00,VCIT
81.331,81.335,81.331,81.335,1446,2022-05-23 16:24:00,VCIT
81.335,81.3358,81.3241,81.3241,5508,2022-05-23 16:25:00,VCIT
81.315,81.33,81.315,81.33,4380,2022-05-23 16:26:00,VCIT
81.3301,81.345,81.3301,81.34,3386,2022-05-23 16:27:00,VCIT
81.34,81.34,81.325,81.335,1906,2022-05-23 16:28:00,VCIT
81.335,81.35,81.33,81.34,18954,2022-05-23 16:29:00,VCIT
81.33,81.3301,81.33,81.33,4174,2022-05-23 16:30:00,VCIT
81.335,81.335,81.32,81.32,10741,2022-05-23 16:31:00,VCIT
81.315,81.325,81.31,81.32,4905,2022-05-23 16:32:00,VCIT
81.32,81.32,81.31,81.31,3427,2022-05-23 16:33:00,VCIT
81.3031,81.31,81.3031,81.3056,7123,2022-05-23 16:34:00,VCIT
81.31,81.315,81.3,81.3036,8680,2022-05-23 16:35:00,VCIT
81.31,81.32,81.31,81.315,2668,2022-05-23 16:36:00,VCIT
81.3101,81.315,81.31,81.3135,1433,2022-05-23 16:37:00,VCIT
81.32,81.32,81.315,81.32,67429,2022-05-23 16:38:00,VCIT
81.32,81.32,81.32,81.32,600,2022-05-23 16:39:00,VCIT
81.32,81.32,81.31,81.31,4123,2022-05-23 16:40:00,VCIT
81.31,81.315,81.3,81.303,403446,2022-05-23 16:41:00,VCIT
81.3046,81.3046,81.3046,81.3046,101,2022-05-23 16:42:00,VCIT
81.305,81.305,81.29,81.295,7396,2022-05-23 16:43:00,VCIT
81.295,81.3,81.29,81.3,18953,2022-05-23 16:44:00,VCIT
81.3046,81.31,81.3,81.3,2082,2022-05-23 16:45:00,VCIT
81.29,81.29,81.285,81.29,4041,2022-05-23 16:46:00,VCIT
81.29,81.2903,81.29,81.29,2024,2022-05-23 16:47:00,VCIT
81.29,81.3,81.29,81.295,5368,2022-05-23 16:48:00,VCIT
81.3,81.3,81.295,81.3,2559,2022-05-23 16:49:00,VCIT
81.3,81.3,81.295,81.295,922,2022-05-23 16:50:00,VCIT
81.29,81.295,81.28,81.28,1638,2022-05-23 16:51:00,VCIT
81.27,81.28,81.2542,81.26,5164,2022-05-23 16:52:00,VCIT
81.26,81.26,81.2519,81.255,2844,2022-05-23 16:53:00,VCIT
81.255,81.265,81.255,81.265,721,2022-05-23 16:54:00,VCIT
81.265,81.265,81.255,81.26,1275,2022-05-23 16:55:00,VCIT
81.25,81.255,81.25,81.2541,2040,2022-05-23 16:56:00,VCIT
81.26,81.26,81.2531,81.2531,776,2022-05-23 16:57:00,VCIT
81.26,81.265,81.26,81.26,1800,2022-05-23 16:58:00,VCIT
81.255,81.26,81.2533,81.26,959,2022-05-23 16:59:00,VCIT
81.255,81.255,81.255,81.255,100,2022-05-23 17:00:00,VCIT
81.255,81.265,81.2509,81.26,755,2022-05-23 17:01:00,VCIT
81.26,81.275,81.26,81.275,400,2022-05-23 17:02:00,VCIT
81.28,81.28,81.2625,81.27,1713,2022-05-23 17:03:00,VCIT
81.27,81.27,81.264,81.27,1364,2022-05-23 17:04:00,VCIT
81.27,81.285,81.27,81.28,4327,2022-05-23 17:05:00,VCIT
81.28,81.28,81.2797,81.2797,1005,2022-05-23 17:06:00,VCIT
81.275,81.28,81.275,81.2779,2136,2022-05-23 17:07:00,VCIT
81.27,81.27,81.26,81.265,1719,2022-05-23 17:08:00,VCIT
81.26,81.27,81.26,81.27,4055,2022-05-23 17:09:00,VCIT
81.28,81.28,81.28,81.28,300,2022-05-23 17:10:00,VCIT
81.2773,81.28,81.275,81.275,1116,2022-05-23 17:11:00,VCIT
81.275,81.28,81.275,81.28,1518,2022-05-23 17:13:00,VCIT
81.28,81.29,81.28,81.29,700,2022-05-23 17:14:00,VCIT
81.285,81.2855,81.28,81.28,2339,2022-05-23 17:15:00,VCIT
81.275,81.275,81.2601,81.27,6470,2022-05-23 17:16:00,VCIT
81.27,81.27,81.2655,81.27,1050,2022-05-23 17:17:00,VCIT
81.265,81.27,81.265,81.27,571,2022-05-23 17:18:00,VCIT
81.27,81.285,81.27,81.285,1131,2022-05-23 17:19:00,VCIT
81.285,81.29,81.285,81.285,1016,2022-05-23 17:20:00,VCIT
81.28,81.28,81.28,81.28,2260,2022-05-23 17:21:00,VCIT
81.28,81.29,81.28,81.29,400,2022-05-23 17:22:00,VCIT
81.285,81.3,81.285,81.3,274,2022-05-23 17:23:00,VCIT
81.295,81.3,81.29,81.2965,986,2022-05-23 17:24:00,VCIT
81.2914,81.2914,81.29,81.29,1710,2022-05-23 17:25:00,VCIT
81.295,81.305,81.295,81.305,3305,2022-05-23 17:26:00,VCIT
81.3012,81.3012,81.29,81.3,1260,2022-05-23 17:27:00,VCIT
81.2901,81.2901,81.2901,81.2901,607,2022-05-23 17:28:00,VCIT
81.3,81.31,81.295,81.3044,1161,2022-05-23 17:29:00,VCIT
81.3034,81.305,81.3034,81.305,1767,2022-05-23 17:30:00,VCIT
81.305,81.305,81.29,81.2955,4864,2022-05-23 17:31:00,VCIT
81.295,81.3142,81.295,81.31,3367,2022-05-23 17:32:00,VCIT
81.305,81.305,81.3,81.3,717,2022-05-23 17:33:00,VCIT
81.305,81.31,81.305,81.31,1300,2022-05-23 17:34:00,VCIT
81.312,81.3155,81.312,81.3155,2816,2022-05-23 17:36:00,VCIT
81.315,81.3193,81.31,81.3107,14566,2022-05-23 17:37:00,VCIT
81.315,81.315,81.315,81.315,548,2022-05-23 17:38:00,VCIT
81.315,81.3184,81.31,81.3117,3742,2022-05-23 17:39:00,VCIT
81.31,81.315,81.3,81.3,3819,2022-05-23 17:40:00,VCIT
81.3,81.31,81.3,81.305,5062,2022-05-23 17:41:00,VCIT
81.305,81.305,81.3,81.3,3684,2022-05-23 17:42:00,VCIT
81.3,81.3,81.297,81.297,1311,2022-05-23 17:43:00,VCIT
81.3009,81.31,81.3,81.3,14266,2022-05-23 17:44:00,VCIT
81.295,81.3,81.29,81.29,5396,2022-05-23 17:45:00,VCIT
81.295,81.2976,81.2934,81.295,13900,2022-05-23 17:46:00,VCIT
81.2983,81.3,81.2917,81.295,6187,2022-05-23 17:47:00,VCIT
81.295,81.2995,81.2936,81.295,11191,2022-05-23 17:48:00,VCIT
81.2955,81.3,81.285,81.2879,12307,2022-05-23 17:49:00,VCIT
81.285,81.285,81.285,81.285,4098,2022-05-23 17:50:00,VCIT
81.285,81.2879,81.28,81.284,67969,2022-05-23 17:51:00,VCIT
81.2862,81.2862,81.28,81.28,3251,2022-05-23 17:52:00,VCIT
81.285,81.2855,81.27,81.275,67270,2022-05-23 17:53:00,VCIT
81.28,81.28,81.275,81.28,5132,2022-05-23 17:54:00,VCIT
81.279,81.2844,81.265,81.27,4170,2022-05-23 17:55:00,VCIT
81.265,81.28,81.265,81.28,1805,2022-05-23 17:56:00,VCIT
81.275,81.275,81.275,81.275,462,2022-05-23 17:57:00,VCIT
81.275,81.28,81.2701,81.28,7232,2022-05-23 17:58:00,VCIT
81.2731,81.2855,81.2731,81.28,32016,2022-05-23 17:59:00,VCIT
81.28,81.2809,81.28,81.28,11659,2022-05-23 18:00:00,VCIT
81.2818,81.29,81.28,81.29,6453,2022-05-23 18:01:00,VCIT
81.3,81.3,81.29,81.29,5576,2022-05-23 18:02:00,VCIT
81.2978,81.2978,81.29,81.2933,3656,2022-05-23 18:03:00,VCIT
81.29,81.3,81.29,81.3,502,2022-05-23 18:04:00,VCIT
81.3,81.302,81.2942,81.2963,1565,2022-05-23 18:05:00,VCIT
81.3,81.307,81.3,81.3,942,2022-05-23 18:06:00,VCIT
81.3,81.3,81.29,81.29,12687,2022-05-23 18:07:00,VCIT
81.295,81.3,81.295,81.3,238,2022-05-23 18:08:00,VCIT
81.295,81.295,81.295,81.295,874,2022-05-23 18:09:00,VCIT
81.2999,81.3002,81.2999,81.3002,2129,2022-05-23 18:10:00,VCIT
81.3,81.3,81.285,81.2857,14811,2022-05-23 18:11:00,VCIT
81.2884,81.2884,81.275,81.2831,16083,2022-05-23 18:12:00,VCIT
81.28,81.28,81.28,81.28,892,2022-05-23 18:13:00,VCIT
81.29,81.29,81.2807,81.285,4868,2022-05-23 18:14:00,VCIT
81.29,81.29,81.28,81.28,10553,2022-05-23 18:15:00,VCIT
81.28,81.28,81.261,81.27,27747,2022-05-23 18:16:00,VCIT
81.27,81.27,81.26,81.265,21436,2022-05-23 18:17:00,VCIT
81.26,81.275,81.26,81.27,26847,2022-05-23 18:18:00,VCIT
81.27,81.2755,81.27,81.275,1463,2022-05-23 18:19:00,VCIT
81.2736,81.28,81.2736,81.28,21770,2022-05-23 18:20:00,VCIT
81.2716,81.28,81.2716,81.28,4348,2022-05-23 18:21:00,VCIT
81.28,81.28,81.2744,81.28,4270,2022-05-23 18:22:00,VCIT
81.28,81.29,81.28,81.29,1700,2022-05-23 18:23:00,VCIT
81.28,81.289,81.28,81.289,376,2022-05-23 18:24:00,VCIT
81.2869,81.2869,81.27,81.27,30179,2022-05-23 18:25:00,VCIT
81.27,81.27,81.254,81.254,8183,2022-05-23 18:26:00,VCIT
81.26,81.2665,81.26,81.263,1986,2022-05-23 18:27:00,VCIT
81.27,81.27,81.2638,81.265,5089,2022-05-23 18:28:00,VCIT
81.265,81.2699,81.25,81.255,7907,2022-05-23 18:29:00,VCIT
81.25,81.27,81.25,81.266,12015,2022-05-23 18:30:00,VCIT
81.27,81.28,81.27,81.27,4823,2022-05-23 18:31:00,VCIT
81.265,81.2669,81.265,81.2661,1725,2022-05-23 18:32:00,VCIT
81.2622,81.27,81.2619,81.27,4250,2022-05-23 18:33:00,VCIT
81.27,81.27,81.26,81.26,1313,2022-05-23 18:34:00,VCIT
81.265,81.27,81.26,81.26,763,2022-05-23 18:35:00,VCIT
81.2639,81.265,81.2639,81.265,709,2022-05-23 18:36:00,VCIT
81.265,81.2699,81.2645,81.265,1761,2022-05-23 18:37:00,VCIT
81.2625,81.2781,81.2625,81.2781,13871,2022-05-23 18:38:00,VCIT
81.28,81.2836,81.2706,81.28,1826,2022-05-23 18:39:00,VCIT
81.28,81.2899,81.28,81.286,5770,2022-05-23 18:40:00,VCIT
81.285,81.289,81.265,81.265,4695,2022-05-23 18:41:00,VCIT
81.2638,81.28,81.2638,81.28,3408,2022-05-23 18:42:00,VCIT
81.2799,81.29,81.2799,81.2855,1268,2022-05-23 18:43:00,VCIT
81.29,81.2986,81.29,81.29,24062,2022-05-23 18:44:00,VCIT
81.295,81.2999,81.285,81.285,19141,2022-05-23 18:45:00,VCIT
81.28,81.28,81.27,81.27,77108,2022-05-23 18:46:00,VCIT
81.2728,81.28,81.2728,81.28,362,2022-05-23 18:47:00,VCIT
81.2732,81.275,81.27,81.275,855,2022-05-23 18:48:00,VCIT
81.2742,81.28,81.27,81.2736,85311,2022-05-23 18:49:00,VCIT
81.27,81.28,81.27,81.28,2511,2022-05-23 18:50:00,VCIT
81.285,81.29,81.285,81.29,2350,2022-05-23 18:51:00,VCIT
81.285,81.29,81.28,81.2861,3970,2022-05-23 18:52:00,VCIT
81.28,81.28,81.2701,81.28,5408,2022-05-23 18:53:00,VCIT
81.28,81.28,81.27,81.27,450,2022-05-23 18:54:00,VCIT
81.27,81.28,81.27,81.28,1304,2022-05-23 18:55:00,VCIT
81.28,81.29,81.2742,81.29,3621,2022-05-23 18:56:00,VCIT
81.29,81.29,81.285,81.285,968,2022-05-23 18:57:00,VCIT
81.28,81.282,81.2709,81.282,6675,2022-05-23 18:58:00,VCIT
81.285,81.29,81.27,81.27,8553,2022-05-23 18:59:00,VCIT
81.27,81.275,81.2526,81.265,11382,2022-05-23 19:00:00,VCIT
81.26,81.27,81.26,81.265,4874,2022-05-23 19:01:00,VCIT
81.26,81.265,81.25,81.25,22780,2022-05-23 19:02:00,VCIT
81.25,81.255,81.24,81.25,18397,2022-05-23 19:03:00,VCIT
81.255,81.255,81.25,81.25,1576,2022-05-23 19:04:00,VCIT
81.245,81.255,81.24,81.245,23765,2022-05-23 19:05:00,VCIT
81.2476,81.2476,81.245,81.245,1370,2022-05-23 19:06:00,VCIT
81.2433,81.245,81.2431,81.2431,1373,2022-05-23 19:07:00,VCIT
81.2493,81.25,81.24,81.24,5383,2022-05-23 19:08:00,VCIT
81.2343,81.2371,81.23,81.2341,11276,2022-05-23 19:09:00,VCIT
81.23,81.24,81.23,81.24,5176,2022-05-23 19:10:00,VCIT
81.235,81.2399,81.23,81.235,2622,2022-05-23 19:11:00,VCIT
81.235,81.24,81.23,81.235,29527,2022-05-23 19:12:00,VCIT
81.23,81.235,81.23,81.235,28068,2022-05-23 19:13:00,VCIT
81.235,81.235,81.2336,81.2336,6367,2022-05-23 19:14:00,VCIT
81.2399,81.2399,81.23,81.235,1500,2022-05-23 19:15:00,VCIT
81.235,81.2384,81.23,81.2365,2326,2022-05-23 19:16:00,VCIT
81.235,81.25,81.235,81.245,15247,2022-05-23 19:17:00,VCIT
81.25,81.25,81.24,81.24,7460,2022-05-23 19:18:00,VCIT
81.24,81.245,81.24,81.24,8442,2022-05-23 19:19:00,VCIT
81.25,81.25,81.245,81.25,2464,2022-05-23 19:20:00,VCIT
81.25,81.25,81.24,81.2401,4800,2022-05-23 19:21:00,VCIT
81.24,81.25,81.24,81.24,5315,2022-05-23 19:22:00,VCIT
81.24,81.2529,81.24,81.2529,7244,2022-05-23 19:23:00,VCIT
81.2504,81.2563,81.2504,81.2533,4634,2022-05-23 19:24:00,VCIT
81.2537,81.26,81.2537,81.255,1605,2022-05-23 19:25:00,VCIT
81.26,81.26,81.25,81.25,12663,2022-05-23 19:26:00,VCIT
81.245,81.255,81.24,81.25,26719,2022-05-23 19:27:00,VCIT
81.25,81.26,81.25,81.2536,36848,2022-05-23 19:28:00,VCIT
81.255,81.255,81.2534,81.2534,1356,2022-05-23 19:29:00,VCIT
81.255,81.275,81.25,81.27,18985,2022-05-23 19:30:00,VCIT
81.27,81.275,81.27,81.27,17056,2022-05-23 19:31:00,VCIT
81.2658,81.2658,81.255,81.255,2469,2022-05-23 19:32:00,VCIT
81.2555,81.26,81.253,81.253,5272,2022-05-23 19:33:00,VCIT
81.26,81.2695,81.26,81.265,9673,2022-05-23 19:34:00,VCIT
81.265,81.265,81.26,81.26,62402,2022-05-23 19:35:00,VCIT
81.26,81.27,81.25,81.26,12816,2022-05-23 19:36:00,VCIT
81.255,81.26,81.25,81.25,8494,2022-05-23 19:37:00,VCIT
81.255,81.2566,81.25,81.25,1021,2022-05-23 19:38:00,VCIT
81.255,81.26,81.2516,81.2516,1532,2022-05-23 19:39:00,VCIT
81.255,81.2699,81.255,81.2699,16570,2022-05-23 19:40:00,VCIT
81.27,81.2864,81.27,81.2864,12134,2022-05-23 19:41:00,VCIT
81.28,81.28,81.27,81.2775,4276,2022-05-23 19:42:00,VCIT
81.28,81.285,81.28,81.2842,2726,2022-05-23 19:43:00,VCIT
81.28,81.3,81.28,81.3,6830,2022-05-23 19:44:00,VCIT
81.3,81.31,81.3,81.305,826,2022-05-23 19:45:00,VCIT
81.305,81.31,81.305,81.31,4869,2022-05-23 19:46:00,VCIT
81.315,81.32,81.3132,81.32,2368,2022-05-23 19:47:00,VCIT
81.32,81.32,81.31,81.315,25318,2022-05-23 19:48:00,VCIT
81.315,81.315,81.31,81.31,801,2022-05-23 19:49:00,VCIT
81.315,81.33,81.315,81.325,5206,2022-05-23 19:50:00,VCIT
81.32,81.3308,81.32,81.3308,13665,2022-05-23 19:51:00,VCIT
81.335,81.3399,81.33,81.3399,7459,2022-05-23 19:52:00,VCIT
81.335,81.335,81.33,81.3306,1115,2022-05-23 19:53:00,VCIT
81.3365,81.3365,81.3347,81.3347,507,2022-05-23 19:54:00,VCIT
81.34,81.35,81.34,81.345,1451,2022-05-23 19:55:00,VCIT
81.3443,81.345,81.33,81.335,1344,2022-05-23 19:56:00,VCIT
81.3325,81.35,81.3325,81.3494,4839,2022-05-23 19:57:00,VCIT
81.35,81.35,81.34,81.3457,9682,2022-05-23 19:58:00,VCIT
81.345,81.36,81.34,81.3432,51760,2022-05-23 19:59:00,VCIT
81.42,81.42,81.42,81.42,2828,2022-05-23 20:00:00,VCIT
81.1,81.1,81.1,81.1,527,2022-05-23 22:55:00,VCIT
82.21,82.21,82.2,82.2,600,2022-05-24 12:27:00,VCIT
82.21,82.21,82.2,82.2,400,2022-05-24 12:28:00,VCIT
82.8,82.8,82.8,82.8,600,2022-05-24 12:37:00,VCIT
81.5,81.61,81.5,81.61,33894,2022-05-24 13:30:00,VCIT
81.62,81.65,81.62,81.65,20418,2022-05-24 13:31:00,VCIT
81.65,81.7,81.645,81.69,42380,2022-05-24 13:32:00,VCIT
81.6742,81.69,81.6742,81.69,20329,2022-05-24 13:33:00,VCIT
81.69,81.7,81.68,81.69,5400,2022-05-24 13:34:00,VCIT
81.685,81.69,81.67,81.69,363634,2022-05-24 13:35:00,VCIT
81.69,81.71,81.69,81.71,800,2022-05-24 13:36:00,VCIT
81.705,81.73,81.705,81.72,2200,2022-05-24 13:37:00,VCIT
81.715,81.7402,81.715,81.7402,3053,2022-05-24 13:38:00,VCIT
81.745,81.775,81.745,81.77,6716,2022-05-24 13:39:00,VCIT
81.76,81.76,81.745,81.75,5807,2022-05-24 13:40:00,VCIT
81.7611,81.766,81.7611,81.766,1038,2022-05-24 13:41:00,VCIT
81.75,81.76,81.75,81.75,3400,2022-05-24 13:42:00,VCIT
81.755,81.759,81.7499,81.75,7300,2022-05-24 13:43:00,VCIT
81.745,81.745,81.745,81.745,366,2022-05-24 13:44:00,VCIT
81.75,81.82,81.75,81.82,17764,2022-05-24 13:45:00,VCIT
81.82,81.845,81.82,81.835,12850,2022-05-24 13:46:00,VCIT
81.835,81.84,81.8242,81.835,17760,2022-05-24 13:47:00,VCIT
81.835,81.855,81.835,81.855,35937,2022-05-24 13:48:00,VCIT
81.85,81.85,81.8401,81.845,36933,2022-05-24 13:49:00,VCIT
81.84,81.84,81.8244,81.83,3191,2022-05-24 13:50:00,VCIT
81.83,81.87,81.83,81.865,104824,2022-05-24 13:51:00,VCIT
81.865,81.87,81.84,81.84,18032,2022-05-24 13:52:00,VCIT
81.84,81.85,81.84,81.85,14724,2022-05-24 13:53:00,VCIT
81.84,81.845,81.83,81.84,4167,2022-05-24 13:54:00,VCIT
81.85,81.86,81.835,81.835,2956,2022-05-24 13:55:00,VCIT
81.83,81.83,81.82,81.82,54277,2022-05-24 13:56:00,VCIT
81.82,81.82,81.8141,81.815,7011,2022-05-24 13:57:00,VCIT
81.825,81.825,81.81,81.81,2761,2022-05-24 13:58:00,VCIT
81.8255,81.85,81.82,81.85,4196,2022-05-24 13:59:00,VCIT
81.85,81.88,81.85,81.87,14740,2022-05-24 14:00:00,VCIT
81.88,81.9,81.88,81.9,13507,2022-05-24 14:01:00,VCIT
81.8935,81.9008,81.8806,81.9,6962,2022-05-24 14:02:00,VCIT
81.9,81.91,81.89,81.91,10122,2022-05-24 14:03:00,VCIT
81.9206,81.93,81.91,81.9107,19618,2022-05-24 14:04:00,VCIT
81.91,81.915,81.89,81.89,11052,2022-05-24 14:05:00,VCIT
81.9,81.9155,81.895,81.9155,32131,2022-05-24 14:06:00,VCIT
81.92,81.9408,81.9113,81.9408,3123,2022-05-24 14:07:00,VCIT
81.93,81.93,81.92,81.93,3696,2022-05-24 14:08:00,VCIT
81.91,81.9127,81.9019,81.905,3556,2022-05-24 14:09:00,VCIT
81.9,81.91,81.8835,81.9001,16498,2022-05-24 14:10:00,VCIT
81.92,81.925,81.91,81.92,3487,2022-05-24 14:11:00,VCIT
81.925,81.94,81.9203,81.93,8167,2022-05-24 14:12:00,VCIT
81.93,81.94,81.93,81.93,7453,2022-05-24 14:13:00,VCIT
81.9328,81.9339,81.92,81.93,6251,2022-05-24 14:14:00,VCIT
81.93,81.93,81.9,81.9,19189,2022-05-24 14:15:00,VCIT
81.9,81.9,81.88,81.9,4431,2022-05-24 14:16:00,VCIT
81.9,81.92,81.89,81.92,101004,2022-05-24 14:17:00,VCIT
81.905,81.92,81.905,81.9102,6196,2022-05-24 14:18:00,VCIT
81.915,81.915,81.8842,81.89,7464,2022-05-24 14:19:00,VCIT
81.88,81.882,81.88,81.88,2399,2022-05-24 14:20:00,VCIT
81.885,81.885,81.86,81.86,8143,2022-05-24 14:21:00,VCIT
81.87,81.89,81.87,81.88,2726,2022-05-24 14:22:00,VCIT
81.8804,81.89,81.88,81.89,2910,2022-05-24 14:23:00,VCIT
81.89,81.89,81.86,81.87,11918,2022-05-24 14:24:00,VCIT
81.87,81.88,81.8655,81.875,13265,2022-05-24 14:25:00,VCIT
81.88,81.88,81.8701,81.8771,3443,2022-05-24 14:26:00,VCIT
81.87,81.9035,81.87,81.903,12246,2022-05-24 14:27:00,VCIT
81.905,81.9133,81.893,81.9,11507,2022-05-24 14:28:00,VCIT
81.895,81.9142,81.89,81.905,3564,2022-05-24 14:29:00,VCIT
81.905,81.915,81.9021,81.915,2907,2022-05-24 14:30:00,VCIT
81.9142,81.94,81.9142,81.94,6712,2022-05-24 14:31:00,VCIT
81.94,81.94,81.9232,81.94,4191,2022-05-24 14:32:00,VCIT
81.9465,81.95,81.9465,81.95,2450,2022-05-24 14:33:00,VCIT
81.95,81.95,81.935,81.94,4441,2022-05-24 14:34:00,VCIT
81.93,81.96,81.93,81.96,2085,2022-05-24 14:35:00,VCIT
81.96,81.96,81.94,81.94,5305,2022-05-24 14:36:00,VCIT
81.935,81.935,81.92,81.92,6666,2022-05-24 14:37:00,VCIT
81.92,81.9341,81.92,81.93,3714,2022-05-24 14:38:00,VCIT
81.9303,81.94,81.93,81.93,4316,2022-05-24 14:39:00,VCIT
81.93,81.93,81.905,81.905,2727,2022-05-24 14:40:00,VCIT
81.905,81.908,81.885,81.885,5268,2022-05-24 14:41:00,VCIT
81.89,81.89,81.885,81.885,5218,2022-05-24 14:42:00,VCIT
81.8838,81.8844,81.88,81.8818,5248,2022-05-24 14:43:00,VCIT
81.8804,81.8878,81.8801,81.8801,11653,2022-05-24 14:44:00,VCIT
81.89,81.905,81.89,81.9,25547,2022-05-24 14:45:00,VCIT
81.9013,81.91,81.89,81.91,2797,2022-05-24 14:46:00,VCIT
81.9,81.915,81.88,81.915,24020,2022-05-24 14:47:00,VCIT
81.92,81.94,81.92,81.94,1818,2022-05-24 14:48:00,VCIT
81.9484,81.952,81.946,81.95,8462,2022-05-24 14:49:00,VCIT
81.95,81.97,81.95,81.95,12719,2022-05-24 14:50:00,VCIT
81.95,81.955,81.94,81.94,12837,2022-05-24 14:51:00,VCIT
81.935,81.935,81.92,81.92,5957,2022-05-24 14:52:00,VCIT
81.92,81.9336,81.92,81.92,9785,2022-05-24 14:53:00,VCIT
81.93,81.93,81.92,81.93,1770,2022-05-24 14:54:00,VCIT
81.915,81.93,81.915,81.93,2921,2022-05-24 14:55:00,VCIT
81.9389,81.95,81.9389,81.95,2902,2022-05-24 14:56:00,VCIT
81.95,81.95,81.93,81.93,7570,2022-05-24 14:57:00,VCIT
81.93,81.94,81.93,81.94,2222,2022-05-24 14:58:00,VCIT
81.945,81.96,81.94,81.96,10553,2022-05-24 14:59:00,VCIT
81.96,81.961,81.95,81.961,2950,2022-05-24 15:00:00,VCIT
81.96,81.965,81.96,81.96,3308,2022-05-24 15:01:00,VCIT
81.96,81.96,81.94,81.94,810,2022-05-24 15:02:00,VCIT
81.9342,81.94,81.9342,81.94,1400,2022-05-24 15:03:00,VCIT
81.93,81.96,81.93,81.96,1678,2022-05-24 15:04:00,VCIT
81.96,81.96,81.96,81.96,2490,2022-05-24 15:05:00,VCIT
81.96,81.96,81.951,81.9545,7686,2022-05-24 15:06:00,VCIT
81.96,81.985,81.96,81.98,8054,2022-05-24 15:07:00,VCIT
81.99,82.0,81.99,81.995,2658,2022-05-24 15:08:00,VCIT
81.99,81.995,81.99,81.995,5586,2022-05-24 15:09:00,VCIT
81.99,82.0,81.9801,81.99,15627,2022-05-24 15:10:00,VCIT
81.9916,82.0,81.975,81.975,7527,2022-05-24 15:11:00,VCIT
81.97,81.99,81.965,81.985,13964,2022-05-24 15:12:00,VCIT
81.985,81.995,81.981,81.99,8369,2022-05-24 15:13:00,VCIT
81.99,81.9963,81.99,81.9963,2055,2022-05-24 15:14:00,VCIT
81.995,82.0,81.995,82.0,614,2022-05-24 15:15:00,VCIT
81.99,81.9981,81.975,81.975,18253,2022-05-24 15:16:00,VCIT
81.98,81.99,81.98,81.99,4602,2022-05-24 15:17:00,VCIT
81.98,81.985,81.97,81.98,5617,2022-05-24 15:18:00,VCIT
81.975,81.99,81.975,81.9838,2665,2022-05-24 15:19:00,VCIT
81.9927,81.995,81.97,81.97,12773,2022-05-24 15:20:00,VCIT
81.965,81.97,81.96,81.965,5657,2022-05-24 15:21:00,VCIT
81.96,81.96,81.94,81.94,2200,2022-05-24 15:22:00,VCIT
81.94,81.965,81.94,81.965,7522,2022-05-24 15:23:00,VCIT
81.95,81.96,81.95,81.955,17600,2022-05-24 15:24:00,VCIT
81.955,81.97,81.955,81.9604,14747,2022-05-24 15:25:00,VCIT
81.96,81.98,81.96,81.98,1530,2022-05-24 15:26:00,VCIT
81.98,81.98,81.965,81.97,5990,2022-05-24 15:27:00,VCIT
81.97,81.97,81.965,81.965,1063,2022-05-24 15:28:00,VCIT
81.97,81.97,81.96,81.96,16868,2022-05-24 15:29:00,VCIT
81.97,81.98,81.965,81.98,15467,2022-05-24 15:30:00,VCIT
81.98,81.98,81.98,81.98,1000,2022-05-24 15:31:00,VCIT
81.965,81.9663,81.965,81.9663,321,2022-05-24 15:32:00,VCIT
81.96,81.985,81.96,81.985,36851,2022-05-24 15:33:00,VCIT
81.99,82.01,81.99,82.01,19118,2022-05-24 15:34:00,VCIT
82.01,82.0175,82.0,82.0,80811,2022-05-24 15:35:00,VCIT
82.01,82.025,82.01,82.02,6392,2022-05-24 15:36:00,VCIT
82.02,82.02,82.0,82.0,7851,2022-05-24 15:37:00,VCIT
82.005,82.02,81.9916,82.015,18781,2022-05-24 15:38:00,VCIT
82.014,82.03,82.005,82.03,9317,2022-05-24 15:39:00,VCIT
82.03,82.03,82.02,82.025,42128,2022-05-24 15:40:00,VCIT
82.025,82.03,82.023,82.025,26512,2022-05-24 15:41:00,VCIT
82.025,82.04,82.025,82.04,22223,2022-05-24 15:42:00,VCIT
82.05,82.06,82.05,82.06,29920,2022-05-24 15:43:00,VCIT
82.065,82.08,82.06,82.06,46102,2022-05-24 15:44:00,VCIT
82.06,82.0699,82.05,82.055,16080,2022-05-24 15:45:00,VCIT
82.055,82.0558,82.05,82.05,9115,2022-05-24 15:46:00,VCIT
82.045,82.045,82.02,82.02,10037,2022-05-24 15:47:00,VCIT
82.02,82.03,82.02,82.0245,7574,2022-05-24 15:48:00,VCIT
82.02,82.0255,82.02,82.0255,671,2022-05-24 15:49:00,VCIT
82.02,82.025,82.02,82.025,2639,2022-05-24 15:50:00,VCIT
82.025,82.03,82.02,82.025,2224,2022-05-24 15:51:00,VCIT
82.025,82.03,82.01,82.015,19925,2022-05-24 15:52:00,VCIT
82.015,82.03,82.015,82.03,13572,2022-05-24 15:53:00,VCIT
82.03,82.04,82.03,82.035,1612,2022-05-24 15:54:00,VCIT
82.04,82.045,82.03,82.03,14413,2022-05-24 15:55:00,VCIT
82.03,82.04,82.02,82.0236,5071,2022-05-24 15:56:00,VCIT
82.025,82.025,82.02,82.02,29356,2022-05-24 15:57:00,VCIT
82.03,82.03,82.023,82.0234,2297,2022-05-24 15:58:00,VCIT
82.025,82.025,82.0145,82.0145,17678,2022-05-24 15:59:00,VCIT
82.01,82.03,82.01,82.03,20200,2022-05-24 16:00:00,VCIT
82.02,82.02,82.01,82.01,1600,2022-05-24 16:01:00,VCIT
82.01,82.011,82.01,82.011,7356,2022-05-24 16:02:00,VCIT
82.0115,82.02,82.0115,82.0142,7600,2022-05-24 16:03:00,VCIT
82.015,82.03,82.015,82.03,7049,2022-05-24 16:04:00,VCIT
82.0245,82.025,82.02,82.025,10164,2022-05-24 16:05:00,VCIT
82.025,82.04,82.02,82.03,125035,2022-05-24 16:06:00,VCIT
82.03,82.035,82.0158,82.025,39717,2022-05-24 16:07:00,VCIT
82.03,82.03,82.0223,82.0272,3323,2022-05-24 16:08:00,VCIT
82.03,82.035,82.02,82.02,35850,2022-05-24 16:09:00,VCIT
82.0228,82.0265,82.02,82.02,10280,2022-05-24 16:10:00,VCIT
82.03,82.03,82.0238,82.025,10931,2022-05-24 16:11:00,VCIT
82.025,82.03,82.02,82.02,2320,2022-05-24 16:12:00,VCIT
82.02,82.03,82.02,82.03,3133,2022-05-24 16:13:00,VCIT
82.0224,82.0224,82.01,82.0144,6542,2022-05-24 16:14:00,VCIT
82.02,82.02,82.01,82.015,130669,2022-05-24 16:15:00,VCIT
82.015,82.02,81.99,81.99,40670,2022-05-24 16:16:00,VCIT
81.99,81.99,81.97,81.978,6700,2022-05-24 16:17:00,VCIT
81.97,81.97,81.96,81.9636,3611,2022-05-24 16:18:00,VCIT
81.97,81.99,81.96,81.99,12043,2022-05-24 16:19:00,VCIT
81.99,82.01,81.99,82.01,4062,2022-05-24 16:20:00,VCIT
82.015,82.015,82.0,82.005,6631,2022-05-24 16:21:00,VCIT
82.0001,82.005,81.99,81.99,4077,2022-05-24 16:22:00,VCIT
81.9834,81.9839,81.9834,81.9839,1522,2022-05-24 16:23:00,VCIT
81.98,81.98,81.97,81.98,3335,2022-05-24 16:24:00,VCIT
81.977,81.98,81.9628,81.98,16804,2022-05-24 16:25:00,VCIT
81.98,81.98,81.97,81.9725,1238,2022-05-24 16:26:00,VCIT
81.96,81.96,81.96,81.96,1700,2022-05-24 16:27:00,VCIT
81.96,81.96,81.955,81.9585,2158,2022-05-24 16:28:00,VCIT
81.96,81.96,81.95,81.95,2438,2022-05-24 16:29:00,VCIT
81.95,81.96,81.95,81.96,3807,2022-05-24 16:30:00,VCIT
81.944,81.95,81.9433,81.95,1399,2022-05-24 16:31:00,VCIT
81.94,81.9508,81.94,81.94,3231,2022-05-24 16:32:00,VCIT
81.935,81.945,81.935,81.945,2335,2022-05-24 16:33:00,VCIT
81.95,81.95,81.9441,81.9441,3063,2022-05-24 16:34:00,VCIT
81.95,81.96,81.95,81.95,12214,2022-05-24 16:35:00,VCIT
81.96,81.97,81.96,81.965,20157,2022-05-24 16:36:00,VCIT
81.96,81.98,81.96,81.98,7881,2022-05-24 16:37:00,VCIT
81.97,81.98,81.97,81.98,1936,2022-05-24 16:38:00,VCIT
81.98,82.0041,81.98,82.0041,15434,2022-05-24 16:39:00,VCIT
82.015,82.015,82.01,82.01,4555,2022-05-24 16:40:00,VCIT
82.0,82.0,81.9901,81.9988,1765,2022-05-24 16:41:00,VCIT
82.0,82.0,81.995,81.995,2973,2022-05-24 16:42:00,VCIT
81.995,82.0,81.99,81.9965,20760,2022-05-24 16:43:00,VCIT
82.0,82.0,81.99,82.0,2578,2022-05-24 16:44:00,VCIT
82.0,82.0,81.99,82.0,2500,2022-05-24 16:45:00,VCIT
81.9955,82.0128,81.9955,82.0115,4005,2022-05-24 16:46:00,VCIT
82.0155,82.02,82.0155,82.02,501,2022-05-24 16:47:00,VCIT
82.02,82.037,82.02,82.03,3022,2022-05-24 16:48:00,VCIT
82.03,82.0399,82.025,82.025,4551,2022-05-24 16:49:00,VCIT
82.03,82.035,82.0227,82.023,4255,2022-05-24 16:50:00,VCIT
82.025,82.025,82.015,82.02,15392,2022-05-24 16:51:00,VCIT
82.02,82.02,82.0109,82.0109,2674,2022-05-24 16:52:00,VCIT
82.015,82.015,82.01,82.01,1300,2022-05-24 16:53:00,VCIT
82.01,82.01,82.0,82.005,1600,2022-05-24 16:54:00,VCIT
82.0,82.0,81.99,82.0,4411,2022-05-24 16:55:00,VCIT
82.0,82.0,81.99,82.0,3129,2022-05-24 16:56:00,VCIT
82.0,82.015,82.0,82.015,4726,2022-05-24 16:57:00,VCIT
82.01,82.015,82.01,82.015,6600,2022-05-24 16:58:00,VCIT
82.0135,82.02,82.0135,82.015,2363,2022-05-24 16:59:00,VCIT
82.015,82.015,82.015,82.015,300,2022-05-24 17:00:00,VCIT
82.0176,82.0176,81.995,81.995,8826,2022-05-24 17:01:00,VCIT
82.0,82.03,82.0,82.0,12690,2022-05-24 17:02:00,VCIT
81.9937,82.0,81.985,81.985,3952,2022-05-24 17:03:00,VCIT
82.0,82.0,81.99,81.9942,2479,2022-05-24 17:04:00,VCIT
81.9916,82.0,81.99,82.0,3042,2022-05-24 17:05:00,VCIT
82.015,82.02,82.015,82.02,1446,2022-05-24 17:06:00,VCIT
82.02,82.02,82.0101,82.0195,437,2022-05-24 17:07:00,VCIT
82.02,82.02,82.015,82.015,1748,2022-05-24 17:08:00,VCIT
82.015,82.03,82.015,82.0197,6957,2022-05-24 17:09:00,VCIT
82.02,82.03,82.02,82.03,1750,2022-05-24 17:10:00,VCIT
82.015,82.015,82.01,82.01,2930,2022-05-24 17:12:00,VCIT
82.015,82.015,82.0001,82.0002,12525,2022-05-24 17:13:00,VCIT
82.0,82.029,81.995,82.02,12308,2022-05-24 17:14:00,VCIT
82.02,82.03,82.02,82.0263,2755,2022-05-24 17:15:00,VCIT
82.025,82.03,82.0201,82.03,2702,2022-05-24 17:16:00,VCIT
82.03,82.03,82.0142,82.02,7325,2022-05-24 17:17:00,VCIT
82.025,82.025,82.015,82.015,2805,2022-05-24 17:18:00,VCIT
82.02,82.02,82.0142,82.02,1306,2022-05-24 17:19:00,VCIT
82.02,82.0292,82.02,82.0268,7857,2022-05-24 17:20:00,VCIT
82.03,82.04,82.03,82.04,1700,2022-05-24 17:21:00,VCIT
82.05,82.05,82.03,82.03,2162,2022-05-24 17:22:00,VCIT
82.03,82.04,82.03,82.0341,4387,2022-05-24 17:23:00,VCIT
82.0301,82.06,82.0301,82.06,35316,2022-05-24 17:24:00,VCIT
82.0611,82.0611,82.04,82.04,2056,2022-05-24 17:25:00,VCIT
82.0327,82.035,82.0327,82.035,403,2022-05-24 17:26:00,VCIT
82.035,82.04,82.03,82.035,2766,2022-05-24 17:27:00,VCIT
82.04,82.04,82.02,82.02,3383,2022-05-24 17:28:00,VCIT
82.0249,82.04,82.0249,82.04,5183,2022-05-24 17:29:00,VCIT
82.0389,82.04,82.0301,82.04,2844,2022-05-24 17:30:00,VCIT
82.04,82.04,82.031,82.04,2829,2022-05-24 17:31:00,VCIT
82.04,82.055,82.035,82.05,5196,2022-05-24 17:32:00,VCIT
82.055,82.06,82.05,82.06,890,2022-05-24 17:33:00,VCIT
82.055,82.055,82.055,82.055,893,2022-05-24 17:34:00,VCIT
82.05,82.05,82.0438,82.0455,6001,2022-05-24 17:35:00,VCIT
82.045,82.045,82.0401,82.045,8244,2022-05-24 17:36:00,VCIT
82.0474,82.05,82.04,82.04,12664,2022-05-24 17:37:00,VCIT
82.04,82.04,82.0333,82.0333,7665,2022-05-24 17:38:00,VCIT
82.03,82.035,82.023,82.025,7074,2022-05-24 17:39:00,VCIT
82.025,82.03,82.02,82.03,7017,2022-05-24 17:40:00,VCIT
82.03,82.05,82.03,82.03,12550,2022-05-24 17:41:00,VCIT
82.03,82.03,82.02,82.02,620,2022-05-24 17:42:00,VCIT
82.025,82.0281,82.02,82.025,4287,2022-05-24 17:43:00,VCIT
82.025,82.025,82.02,82.02,9105,2022-05-24 17:44:00,VCIT
82.02,82.02,82.015,82.015,1525,2022-05-24 17:45:00,VCIT
82.015,82.015,82.01,82.0127,2683,2022-05-24 17:46:00,VCIT
82.02,82.03,82.015,82.024,8463,2022-05-24 17:47:00,VCIT
82.025,82.0315,82.025,82.03,1501,2022-05-24 17:48:00,VCIT
82.0395,82.04,82.0337,82.0385,4865,2022-05-24 17:49:00,VCIT
82.04,82.045,82.04,82.04,2462,2022-05-24 17:50:00,VCIT
82.04,82.04,82.03,82.03,1889,2022-05-24 17:51:00,VCIT
82.03,82.04,82.03,82.04,2877,2022-05-24 17:52:00,VCIT
82.04,82.04,82.035,82.04,5047,2022-05-24 17:53:00,VCIT
82.03,82.03,82.0199,82.0199,3614,2022-05-24 17:54:00,VCIT
82.02,82.03,82.02,82.03,3055,2022-05-24 17:55:00,VCIT
82.025,82.03,82.025,82.03,2073,2022-05-24 17:56:00,VCIT
82.02,82.03,82.01,82.015,4239,2022-05-24 17:57:00,VCIT
82.0101,82.02,82.0,82.0,2847,2022-05-24 17:58:00,VCIT
82.01,82.015,82.01,82.01,13937,2022-05-24 17:59:00,VCIT
82.01,82.02,82.01,82.02,3641,2022-05-24 18:00:00,VCIT
82.02,82.03,82.02,82.03,1124,2022-05-24 18:01:00,VCIT
82.02,82.02,82.02,82.02,100,2022-05-24 18:02:00,VCIT
82.015,82.02,82.015,82.02,629,2022-05-24 18:03:00,VCIT
82.015,82.02,82.01,82.0143,8243,2022-05-24 18:04:00,VCIT
82.015,82.02,82.0103,82.015,5106,2022-05-24 18:05:00,VCIT
82.01,82.0158,82.01,82.01,7191,2022-05-24 18:06:00,VCIT
82.015,82.02,82.01,82.02,1800,2022-05-24 18:07:00,VCIT
82.0158,82.02,82.01,82.01,2525,2022-05-24 18:08:00,VCIT
82.015,82.04,82.015,82.04,4677,2022-05-24 18:09:00,VCIT
82.03,82.04,82.03,82.04,9244,2022-05-24 18:10:00,VCIT
82.04,82.05,82.04,82.045,6142,2022-05-24 18:11:00,VCIT
82.04,82.04,82.03,82.035,1900,2022-05-24 18:12:00,VCIT
82.025,82.03,82.0242,82.03,2292,2022-05-24 18:13:00,VCIT
82.025,82.03,82.01,82.01,5786,2022-05-24 18:14:00,VCIT
82.02,82.02,82.015,82.015,726,2022-05-24 18:15:00,VCIT
82.015,82.025,82.01,82.025,7066,2022-05-24 18:16:00,VCIT
82.025,82.03,82.015,82.02,5324,2022-05-24 18:17:00,VCIT
82.02,82.02,82.01,82.02,1514,2022-05-24 18:18:00,VCIT
82.02,82.025,82.0104,82.02,2125,2022-05-24 18:19:00,VCIT
82.025,82.03,82.015,82.02,5289,2022-05-24 18:20:00,VCIT
82.02,82.03,82.02,82.03,1810,2022-05-24 18:21:00,VCIT
82.03,82.03,82.03,82.03,1135,2022-05-24 18:22:00,VCIT
82.039,82.039,82.035,82.035,2024,2022-05-24 18:23:00,VCIT
82.03,82.04,82.03,82.04,7754,2022-05-24 18:24:00,VCIT
82.0338,82.05,82.0338,82.0441,6764,2022-05-24 18:25:00,VCIT
82.05,82.05,82.0427,82.045,7297,2022-05-24 18:26:00,VCIT
82.05,82.06,82.05,82.06,5016,2022-05-24 18:27:00,VCIT
82.0601,82.065,82.06,82.065,2781,2022-05-24 18:28:00,VCIT
82.0655,82.0674,82.0597,82.0597,2079,2022-05-24 18:29:00,VCIT
82.05,82.055,82.03,82.03,2134,2022-05-24 18:30:00,VCIT
82.035,82.04,82.03,82.0391,5367,2022-05-24 18:31:00,VCIT
82.04,82.04,82.03,82.04,1800,2022-05-24 18:32:00,VCIT
82.0397,82.04,82.03,82.035,8044,2022-05-24 18:33:00,VCIT
82.035,82.055,82.035,82.0495,26041,2022-05-24 18:34:00,VCIT
82.0484,82.05,82.0442,82.05,1016,2022-05-24 18:35:00,VCIT
82.0498,82.05,82.0342,82.035,4142,2022-05-24 18:36:00,VCIT
82.037,82.037,82.03,82.03,615,2022-05-24 18:37:00,VCIT
82.033,82.04,82.0301,82.0335,4574,2022-05-24 18:38:00,VCIT
82.04,82.04,82.035,82.035,5784,2022-05-24 18:39:00,VCIT
82.03,82.04,82.03,82.0344,2157,2022-05-24 18:40:00,VCIT
82.04,82.04,82.03,82.0399,1936,2022-05-24 18:41:00,VCIT
82.035,82.04,82.03,82.035,3039,2022-05-24 18:42:00,VCIT
82.0372,82.0372,82.0309,82.035,3906,2022-05-24 18:43:00,VCIT
82.035,82.07,82.035,82.05,7498,2022-05-24 18:44:00,VCIT
82.05,82.055,82.04,82.045,5195,2022-05-24 18:45:00,VCIT
82.05,82.05,82.045,82.05,13119,2022-05-24 18:46:00,VCIT
82.045,82.05,82.04,82.045,4813,2022-05-24 18:47:00,VCIT
82.04,82.045,82.035,82.035,10576,2022-05-24 18:48:00,VCIT
82.03,82.031,82.03,82.03,3300,2022-05-24 18:49:00,VCIT
82.03,82.03,82.02,82.0259,3306,2022-05-24 18:50:00,VCIT
82.0201,82.03,82.02,82.03,2173,2022-05-24 18:51:00,VCIT
82.025,82.03,82.02,82.02,2584,2022-05-24 18:52:00,VCIT
82.0262,82.0262,82.0122,82.02,11438,2022-05-24 18:53:00,VCIT
82.02,82.02,82.017,82.02,2514,2022-05-24 18:54:00,VCIT
82.0115,82.02,82.005,82.0099,1717,2022-05-24 18:55:00,VCIT
82.005,82.015,82.005,82.005,2961,2022-05-24 18:56:00,VCIT
82.001,82.01,82.001,82.005,853,2022-05-24 18:57:00,VCIT
82.0039,82.01,82.0039,82.01,1883,2022-05-24 18:58:00,VCIT
82.0009,82.0012,82.0,82.0,4436,2022-05-24 18:59:00,VCIT
82.01,82.01,81.99,81.995,4852,2022-05-24 19:00:00,VCIT
81.994,82.015,81.994,82.005,9559,2022-05-24 19:01:00,VCIT
82.0023,82.007,82.0023,82.007,3466,2022-05-24 19:02:00,VCIT
82.005,82.0279,82.005,82.021,48443,2022-05-24 19:03:00,VCIT
82.02,82.025,82.015,82.015,2243,2022-05-24 19:04:00,VCIT
82.015,82.015,82.01,82.015,2340,2022-05-24 19:05:00,VCIT
82.015,82.02,82.0108,82.02,461,2022-05-24 19:06:00,VCIT
82.0135,82.02,82.0135,82.0143,16576,2022-05-24 19:07:00,VCIT
82.02,82.04,82.02,82.0368,7366,2022-05-24 19:08:00,VCIT
82.035,82.04,82.03,82.04,22254,2022-05-24 19:09:00,VCIT
82.045,82.0659,82.045,82.055,9965,2022-05-24 19:10:00,VCIT
82.06,82.07,82.0527,82.0539,46305,2022-05-24 19:11:00,VCIT
82.055,82.0615,82.05,82.05,17097,2022-05-24 19:12:00,VCIT
82.055,82.06,82.05,82.0501,34276,2022-05-24 19:13:00,VCIT
82.05,82.06,82.04,82.06,54475,2022-05-24 19:14:00,VCIT
82.0518,82.0551,82.035,82.035,28512,2022-05-24 19:15:00,VCIT
82.035,82.0398,82.0342,82.0342,757,2022-05-24 19:16:00,VCIT
82.0355,82.04,82.03,82.04,8802,2022-05-24 19:17:00,VCIT
82.035,82.056,82.03,82.056,12924,2022-05-24 19:18:00,VCIT
82.06,82.06,82.0505,82.055,66686,2022-05-24 19:19:00,VCIT
82.06,82.06,82.05,82.055,7857,2022-05-24 19:20:00,VCIT
82.0578,82.06,82.05,82.06,4777,2022-05-24 19:21:00,VCIT
82.06,82.075,82.06,82.075,2813,2022-05-24 19:22:00,VCIT
82.07,82.07,82.07,82.07,1350,2022-05-24 19:23:00,VCIT
82.06,82.07,82.06,82.065,805,2022-05-24 19:24:00,VCIT
82.06,82.06,82.05,82.05,5036,2022-05-24 19:25:00,VCIT
82.055,82.055,82.04,82.045,4539,2022-05-24 19:26:00,VCIT
82.0446,82.0446,82.03,82.035,4964,2022-05-24 19:27:00,VCIT
82.035,82.035,82.02,82.02,5279,2022-05-24 19:28:00,VCIT
82.0215,82.03,82.0215,82.025,4263,2022-05-24 19:29:00,VCIT
82.03,82.03,82.0292,82.03,3873,2022-05-24 19:30:00,VCIT
82.04,82.04,82.0345,82.0399,4823,2022-05-24 19:31:00,VCIT
82.04,82.057,82.04,82.04,18090,2022-05-24 19:32:00,VCIT
82.04,82.05,82.04,82.05,12440,2022-05-24 19:33:00,VCIT
82.05,82.05,82.0423,82.049,11620,2022-05-24 19:34:00,VCIT
82.045,82.06,82.045,82.05,6161,2022-05-24 19:35:00,VCIT
82.06,82.09,82.06,82.09,8710,2022-05-24 19:36:00,VCIT
82.0832,82.09,82.0832,82.09,2407,2022-05-24 19:37:00,VCIT
82.085,82.09,82.083,82.09,4133,2022-05-24 19:38:00,VCIT
82.085,82.09,82.0801,82.089,3321,2022-05-24 19:39:00,VCIT
82.085,82.09,82.0801,82.085,15846,2022-05-24 19:40:00,VCIT
82.0856,82.09,82.08,82.09,2045,2022-05-24 19:41:00,VCIT
82.0813,82.09,82.08,82.09,7073,2022-05-24 19:42:00,VCIT
82.09,82.09,82.08,82.08,6222,2022-05-24 19:43:00,VCIT
82.075,82.075,82.06,82.0669,3973,2022-05-24 19:44:00,VCIT
82.07,82.07,82.06,82.0699,11585,2022-05-24 19:45:00,VCIT
82.0635,82.07,82.055,82.065,14843,2022-05-24 19:46:00,VCIT
82.065,82.1,82.065,82.1,235500,2022-05-24 19:47:00,VCIT
82.09,82.1,82.085,82.085,3725,2022-05-24 19:48:00,VCIT
82.09,82.09,82.075,82.08,15955,2022-05-24 19:49:00,VCIT
82.075,82.08,82.071,82.075,10408,2022-05-24 19:50:00,VCIT
82.07,82.07,82.055,82.06,6532,2022-05-24 19:51:00,VCIT
82.0548,82.06,82.0539,82.06,10976,2022-05-24 19:52:00,VCIT
82.06,82.06,82.0501,82.055,11759,2022-05-24 19:53:00,VCIT
82.055,82.055,82.04,82.04,17380,2022-05-24 19:54:00,VCIT
82.04,82.04,82.03,82.035,56123,2022-05-24 19:55:00,VCIT
82.035,82.04,82.0245,82.025,23159,2022-05-24 19:56:00,VCIT
82.025,82.03,82.01,82.025,69616,2022-05-24 19:57:00,VCIT
82.025,82.025,82.003,82.005,34495,2022-05-24 19:58:00,VCIT
82.01,82.02,81.99,82.02,153777,2022-05-24 19:59:00,VCIT
82.01,82.01,82.01,82.01,251579,2022-05-24 20:00:00,VCIT
82.01,82.01,82.01,82.01,2652,2022-05-24 20:01:00,VCIT
82.37,82.37,82.29,82.34,28223,2022-05-25 13:30:00,VCIT
82.3669,82.4,82.36,82.4,1521,2022-05-25 13:31:00,VCIT
82.44,82.44,82.43,82.44,4659,2022-05-25 13:32:00,VCIT
82.45,82.47,82.45,82.47,11344,2022-05-25 13:33:00,VCIT
82.46,82.47,82.46,82.46,3031,2022-05-25 13:34:00,VCIT
82.48,82.53,82.48,82.5,21879,2022-05-25 13:35:00,VCIT
82.53,82.58,82.53,82.57,3623,2022-05-25 13:36:00,VCIT
82.595,82.61,82.5914,82.61,2850,2022-05-25 13:37:00,VCIT
82.605,82.605,82.56,82.56,16190,2022-05-25 13:38:00,VCIT
82.57,82.57,82.542,82.542,5141,2022-05-25 13:39:00,VCIT
82.52,82.52,82.48,82.48,8580,2022-05-25 13:40:00,VCIT
82.48,82.48,82.38,82.38,91300,2022-05-25 13:41:00,VCIT
82.3799,82.38,82.37,82.37,2096,2022-05-25 13:42:00,VCIT
82.3616,82.375,82.36,82.37,6921,2022-05-25 13:43:00,VCIT
82.38,82.4,82.38,82.385,9365,2022-05-25 13:44:00,VCIT
82.38,82.4,82.38,82.3996,2632,2022-05-25 13:45:00,VCIT
82.39,82.39,82.3701,82.3801,8981,2022-05-25 13:46:00,VCIT
82.38,82.38,82.37,82.37,2004,2022-05-25 13:47:00,VCIT
82.36,82.37,82.35,82.36,4068,2022-05-25 13:48:00,VCIT
82.35,82.35,82.34,82.345,1758,2022-05-25 13:49:00,VCIT
82.36,82.36,82.33,82.33,5576,2022-05-25 13:50:00,VCIT
82.33,82.33,82.32,82.32,2048,2022-05-25 13:51:00,VCIT
82.32,82.325,82.32,82.32,3526,2022-05-25 13:52:00,VCIT
82.32,82.33,82.3136,82.33,2584,2022-05-25 13:53:00,VCIT
82.32,82.33,82.32,82.33,5257,2022-05-25 13:54:00,VCIT
82.331,82.331,82.32,82.32,21308,2022-05-25 13:55:00,VCIT
82.3108,82.32,82.3,82.31,6866,2022-05-25 13:56:00,VCIT
82.31,82.311,82.29,82.29,5726,2022-05-25 13:57:00,VCIT
82.29,82.295,82.29,82.295,2023,2022-05-25 13:58:00,VCIT
82.29,82.3035,82.29,82.3035,15477,2022-05-25 13:59:00,VCIT
82.3,82.3,82.28,82.28,8095,2022-05-25 14:00:00,VCIT
82.285,82.29,82.28,82.285,4664,2022-05-25 14:01:00,VCIT
82.282,82.3,82.28,82.2901,22215,2022-05-25 14:02:00,VCIT
82.295,82.31,82.29,82.31,1286,2022-05-25 14:03:00,VCIT
82.32,82.33,82.315,82.33,7721,2022-05-25 14:04:00,VCIT
82.335,82.35,82.335,82.345,23493,2022-05-25 14:05:00,VCIT
82.3409,82.355,82.3409,82.35,17776,2022-05-25 14:06:00,VCIT
82.35,82.36,82.345,82.345,5774,2022-05-25 14:07:00,VCIT
82.3467,82.3467,82.335,82.34,3903,2022-05-25 14:08:00,VCIT
82.34,82.34,82.31,82.31,14863,2022-05-25 14:09:00,VCIT
82.31,82.315,82.3,82.3,18061,2022-05-25 14:10:00,VCIT
82.305,82.33,82.305,82.33,46338,2022-05-25 14:11:00,VCIT
82.33,82.34,82.325,82.34,6552,2022-05-25 14:12:00,VCIT
82.3324,82.35,82.3324,82.3437,9266,2022-05-25 14:13:00,VCIT
82.35,82.35,82.32,82.3234,11235,2022-05-25 14:14:00,VCIT
82.32,82.335,82.32,82.33,15519,2022-05-25 14:15:00,VCIT
82.33,82.37,82.33,82.37,9794,2022-05-25 14:16:00,VCIT
82.37,82.38,82.36,82.37,9796,2022-05-25 14:17:00,VCIT
82.37,82.3901,82.37,82.39,39128,2022-05-25 14:18:00,VCIT
82.39,82.39,82.37,82.385,25071,2022-05-25 14:19:00,VCIT
82.385,82.39,82.385,82.385,18197,2022-05-25 14:20:00,VCIT
82.385,82.39,82.3801,82.39,5628,2022-05-25 14:21:00,VCIT
82.39,82.41,82.38,82.41,30631,2022-05-25 14:22:00,VCIT
82.4016,82.42,82.4016,82.42,5621,2022-05-25 14:23:00,VCIT
82.42,82.465,82.42,82.46,2864,2022-05-25 14:24:00,VCIT
82.45,82.4558,82.45,82.455,4113,2022-05-25 14:25:00,VCIT
82.4535,82.46,82.43,82.432,9911,2022-05-25 14:26:00,VCIT
82.43,82.435,82.425,82.43,10076,2022-05-25 14:27:00,VCIT
82.42,82.43,82.42,82.42,7638,2022-05-25 14:28:00,VCIT
82.425,82.43,82.42,82.43,17001,2022-05-25 14:29:00,VCIT
82.43,82.43,82.4202,82.43,4592,2022-05-25 14:30:00,VCIT
82.425,82.43,82.41,82.41,21117,2022-05-25 14:31:00,VCIT
82.43,82.45,82.425,82.45,6068,2022-05-25 14:32:00,VCIT
82.45,82.45,82.4401,82.45,3480,2022-05-25 14:33:00,VCIT
82.455,82.46,82.4506,82.46,3525,2022-05-25 14:34:00,VCIT
82.46,82.475,82.46,82.475,7807,2022-05-25 14:35:00,VCIT
82.475,82.475,82.435,82.44,14802,2022-05-25 14:36:00,VCIT
82.44,82.44,82.42,82.4255,31495,2022-05-25 14:37:00,VCIT
82.4297,82.43,82.4132,82.42,3749,2022-05-25 14:38:00,VCIT
82.42,82.43,82.42,82.4201,4325,2022-05-25 14:39:00,VCIT
82.425,82.425,82.415,82.42,2871,2022-05-25 14:40:00,VCIT
82.4288,82.43,82.42,82.425,5375,2022-05-25 14:41:00,VCIT
82.41,82.42,82.41,82.42,3514,2022-05-25 14:42:00,VCIT
82.42,82.43,82.4135,82.43,4649,2022-05-25 14:43:00,VCIT
82.43,82.44,82.425,82.44,3955,2022-05-25 14:44:00,VCIT
82.44,82.44,82.4355,82.44,2507,2022-05-25 14:45:00,VCIT
82.445,82.4501,82.445,82.45,119362,2022-05-25 14:46:00,VCIT
82.455,82.455,82.43,82.44,4120,2022-05-25 14:47:00,VCIT
82.44,82.44,82.43,82.4341,2829,2022-05-25 14:48:00,VCIT
82.44,82.445,82.44,82.445,4874,2022-05-25 14:49:00,VCIT
82.4442,82.455,82.4442,82.454,10699,2022-05-25 14:50:00,VCIT
82.46,82.46,82.44,82.44,24668,2022-05-25 14:51:00,VCIT
82.44,82.445,82.435,82.435,1610,2022-05-25 14:52:00,VCIT
82.44,82.45,82.44,82.4401,9629,2022-05-25 14:53:00,VCIT
82.45,82.455,82.45,82.45,2601,2022-05-25 14:54:00,VCIT
82.4545,82.46,82.4545,82.46,734,2022-05-25 14:55:00,VCIT
82.4524,82.46,82.45,82.45,3709,2022-05-25 14:56:00,VCIT
82.45,82.4509,82.44,82.44,3732,2022-05-25 14:57:00,VCIT
82.44,82.45,82.44,82.445,1813,2022-05-25 14:58:00,VCIT
82.45,82.465,82.45,82.46,1565,2022-05-25 14:59:00,VCIT
82.47,82.495,82.47,82.49,3240,2022-05-25 15:00:00,VCIT
82.49,82.5,82.49,82.49,1550,2022-05-25 15:01:00,VCIT
82.495,82.5,82.49,82.5,600,2022-05-25 15:02:00,VCIT
82.495,82.5,82.495,82.495,1000,2022-05-25 15:03:00,VCIT
82.5,82.5,82.49,82.49,2206,2022-05-25 15:04:00,VCIT
82.4975,82.4975,82.47,82.476,7205,2022-05-25 15:05:00,VCIT
82.475,82.485,82.47,82.485,4500,2022-05-25 15:06:00,VCIT
82.49,82.505,82.49,82.495,5553,2022-05-25 15:07:00,VCIT
82.49,82.49,82.4843,82.485,2589,2022-05-25 15:08:00,VCIT
82.485,82.485,82.475,82.475,10296,2022-05-25 15:09:00,VCIT
82.47,82.47,82.4637,82.47,2344,2022-05-25 15:10:00,VCIT
82.465,82.465,82.465,82.465,1786,2022-05-25 15:11:00,VCIT
82.47,82.4704,82.4644,82.4704,4134,2022-05-25 15:12:00,VCIT
82.48,82.49,82.472,82.485,1766,2022-05-25 15:13:00,VCIT
82.485,82.5,82.485,82.49,6223,2022-05-25 15:14:00,VCIT
82.49,82.4959,82.4826,82.49,3030,2022-05-25 15:15:00,VCIT
82.5,82.5064,82.49,82.495,1976,2022-05-25 15:16:00,VCIT
82.491,82.491,82.49,82.49,533,2022-05-25 15:17:00,VCIT
82.49,82.49,82.485,82.485,206,2022-05-25 15:18:00,VCIT
82.48,82.482,82.475,82.482,6580,2022-05-25 15:19:00,VCIT
82.4801,82.4801,82.47,82.47,1500,2022-05-25 15:20:00,VCIT
82.475,82.475,82.455,82.455,2384,2022-05-25 15:21:00,VCIT
82.46,82.47,82.455,82.465,3910,2022-05-25 15:22:00,VCIT
82.47,82.47,82.465,82.47,2305,2022-05-25 15:23:00,VCIT
82.48,82.48,82.47,82.47,500,2022-05-25 15:24:00,VCIT
82.46,82.465,82.455,82.46,4131,2022-05-25 15:25:00,VCIT
82.46,82.4701,82.455,82.46,10124,2022-05-25 15:26:00,VCIT
82.465,82.4658,82.46,82.46,1090,2022-05-25 15:27:00,VCIT
82.46,82.46,82.455,82.46,1200,2022-05-25 15:28:00,VCIT
82.465,82.47,82.465,82.47,3002,2022-05-25 15:29:00,VCIT
82.465,82.47,82.46,82.47,1420,2022-05-25 15:30:00,VCIT
82.47,82.48,82.4637,82.48,2401,2022-05-25 15:31:00,VCIT
82.48,82.48,82.47,82.47,3897,2022-05-25 15:32:00,VCIT
82.47,82.47,82.465,82.47,1539,2022-05-25 15:33:00,VCIT
82.465,82.475,82.46,82.475,1316,2022-05-25 15:34:00,VCIT
82.4737,82.475,82.46,82.46,1510,2022-05-25 15:35:00,VCIT
82.46,82.47,82.455,82.455,2025,2022-05-25 15:36:00,VCIT
82.45,82.45,82.4446,82.45,1297,2022-05-25 15:37:00,VCIT
82.45,82.46,82.45,82.46,1747,2022-05-25 15:38:00,VCIT
82.4408,82.455,82.4408,82.455,981,2022-05-25 15:39:00,VCIT
82.46,82.46,82.455,82.46,11081,2022-05-25 15:40:00,VCIT
82.45,82.4536,82.45,82.4536,1348,2022-05-25 15:41:00,VCIT
82.46,82.46,82.445,82.445,3951,2022-05-25 15:42:00,VCIT
82.44,82.455,82.44,82.455,4228,2022-05-25 15:43:00,VCIT
82.45,82.455,82.445,82.45,12418,2022-05-25 15:44:00,VCIT
82.4542,82.455,82.4542,82.455,562,2022-05-25 15:45:00,VCIT
82.455,82.46,82.4548,82.46,629,2022-05-25 15:46:00,VCIT
82.455,82.455,82.45,82.4516,1670,2022-05-25 15:47:00,VCIT
82.46,82.47,82.455,82.465,25236,2022-05-25 15:48:00,VCIT
82.465,82.47,82.4601,82.465,1419,2022-05-25 15:49:00,VCIT
82.465,82.47,82.465,82.465,632,2022-05-25 15:50:00,VCIT
82.465,82.48,82.465,82.48,18907,2022-05-25 15:51:00,VCIT
82.473,82.4775,82.47,82.475,4203,2022-05-25 15:52:00,VCIT
82.479,82.479,82.46,82.46,10709,2022-05-25 15:53:00,VCIT
82.455,82.46,82.45,82.455,800,2022-05-25 15:54:00,VCIT
82.455,82.46,82.45,82.451,20974,2022-05-25 15:55:00,VCIT
82.45,82.455,82.445,82.445,1363,2022-05-25 15:56:00,VCIT
82.44,82.45,82.44,82.45,3400,2022-05-25 15:57:00,VCIT
82.45,82.45,82.445,82.446,948,2022-05-25 15:58:00,VCIT
82.45,82.45,82.4439,82.45,2131,2022-05-25 15:59:00,VCIT
82.4432,82.45,82.44,82.44,2289,2022-05-25 16:00:00,VCIT
82.445,82.45,82.435,82.435,3670,2022-05-25 16:01:00,VCIT
82.44,82.44,82.4346,82.435,2161,2022-05-25 16:02:00,VCIT
82.435,82.435,82.4202,82.4202,1932,2022-05-25 16:03:00,VCIT
82.43,82.43,82.425,82.425,2100,2022-05-25 16:04:00,VCIT
82.42,82.425,82.42,82.425,5998,2022-05-25 16:05:00,VCIT
82.427,82.43,82.425,82.425,2537,2022-05-25 16:06:00,VCIT
82.4247,82.43,82.4247,82.43,2045,2022-05-25 16:07:00,VCIT
82.43,82.43,82.425,82.425,1412,2022-05-25 16:08:00,VCIT
82.4247,82.43,82.415,82.415,15329,2022-05-25 16:09:00,VCIT
82.411,82.411,82.405,82.405,1845,2022-05-25 16:10:00,VCIT
82.405,82.415,82.405,82.415,2377,2022-05-25 16:11:00,VCIT
82.415,82.42,82.415,82.42,2359,2022-05-25 16:12:00,VCIT
82.4265,82.4265,82.42,82.425,9900,2022-05-25 16:13:00,VCIT
82.42,82.4215,82.42,82.4215,1500,2022-05-25 16:14:00,VCIT
82.425,82.425,82.42,82.42,1790,2022-05-25 16:15:00,VCIT
82.415,82.415,82.405,82.412,13257,2022-05-25 16:16:00,VCIT
82.41,82.413,82.4,82.4,5306,2022-05-25 16:17:00,VCIT
82.39,82.39,82.39,82.39,2445,2022-05-25 16:18:00,VCIT
82.395,82.4,82.395,82.395,607,2022-05-25 16:19:00,VCIT
82.3949,82.3949,82.39,82.39,10089,2022-05-25 16:20:00,VCIT
82.3936,82.4,82.39,82.3935,4394,2022-05-25 16:21:00,VCIT
82.39,82.4,82.39,82.4,7855,2022-05-25 16:22:00,VCIT
82.405,82.41,82.4,82.405,2650,2022-05-25 16:23:00,VCIT
82.4006,82.4065,82.39,82.39,9715,2022-05-25 16:24:00,VCIT
82.3901,82.3999,82.385,82.3858,5636,2022-05-25 16:25:00,VCIT
82.39,82.3964,82.385,82.39,3436,2022-05-25 16:26:00,VCIT
82.39,82.39,82.385,82.385,3184,2022-05-25 16:27:00,VCIT
82.38,82.385,82.375,82.3799,7752,2022-05-25 16:28:00,VCIT
82.375,82.38,82.3745,82.3745,1930,2022-05-25 16:29:00,VCIT
82.375,82.38,82.375,82.375,2644,2022-05-25 16:30:00,VCIT
82.375,82.38,82.37,82.375,5682,2022-05-25 16:31:00,VCIT
82.375,82.39,82.375,82.39,1700,2022-05-25 16:32:00,VCIT
82.39,82.39,82.385,82.385,1100,2022-05-25 16:33:00,VCIT
82.385,82.385,82.36,82.36,366843,2022-05-25 16:34:00,VCIT
82.38,82.39,82.38,82.3899,1282,2022-05-25 16:35:00,VCIT
82.385,82.3865,82.37,82.37,5403,2022-05-25 16:36:00,VCIT
82.365,82.37,82.36,82.37,3152,2022-05-25 16:37:00,VCIT
82.3648,82.369,82.3648,82.365,1704,2022-05-25 16:38:00,VCIT
82.3645,82.365,82.355,82.355,1607,2022-05-25 16:39:00,VCIT
82.36,82.36,82.3547,82.355,2063,2022-05-25 16:40:00,VCIT
82.355,82.355,82.342,82.344,8915,2022-05-25 16:41:00,VCIT
82.35,82.35,82.345,82.345,3117,2022-05-25 16:42:00,VCIT
82.35,82.35,82.34,82.34,10332,2022-05-25 16:43:00,VCIT
82.3337,82.335,82.325,82.325,1515,2022-05-25 16:44:00,VCIT
82.325,82.33,82.3225,82.325,1576,2022-05-25 16:45:00,VCIT
82.325,82.33,82.325,82.33,952,2022-05-25 16:46:00,VCIT
82.33,82.33,82.3,82.32,497220,2022-05-25 16:47:00,VCIT
82.32,82.3274,82.32,82.32,97299,2022-05-25 16:48:00,VCIT
82.32,82.32,82.3,82.305,139475,2022-05-25 16:49:00,VCIT
82.305,82.3091,82.305,82.305,5184,2022-05-25 16:50:00,VCIT
82.305,82.305,82.305,82.305,710,2022-05-25 16:51:00,VCIT
82.31,82.31,82.301,82.305,4066,2022-05-25 16:52:00,VCIT
82.305,82.31,82.3026,82.31,1993,2022-05-25 16:53:00,VCIT
82.305,82.31,82.305,82.305,3142,2022-05-25 16:54:00,VCIT
82.305,82.31,82.305,82.305,1600,2022-05-25 16:55:00,VCIT
82.31,82.325,82.31,82.325,5532,2022-05-25 16:56:00,VCIT
82.325,82.3276,82.315,82.315,58906,2022-05-25 16:57:00,VCIT
82.315,82.315,82.31,82.315,101966,2022-05-25 16:58:00,VCIT
82.315,82.32,82.315,82.315,50666,2022-05-25 16:59:00,VCIT
82.315,82.32,82.3,82.3,17870,2022-05-25 17:00:00,VCIT
82.3,82.3,82.24,82.24,36659,2022-05-25 17:01:00,VCIT
82.24,82.29,82.23,82.29,92578,2022-05-25 17:02:00,VCIT
82.3,82.32,82.3,82.305,9729,2022-05-25 17:03:00,VCIT
82.29,82.29,82.29,82.29,460,2022-05-25 17:04:00,VCIT
82.29,82.295,82.29,82.295,2567,2022-05-25 17:05:00,VCIT
82.3,82.305,82.285,82.3,83404,2022-05-25 17:06:00,VCIT
82.3,82.305,82.29,82.305,11437,2022-05-25 17:07:00,VCIT
82.305,82.3094,82.3028,82.3028,24455,2022-05-25 17:08:00,VCIT
82.3082,82.31,82.3,82.305,33045,2022-05-25 17:09:00,VCIT
82.305,82.31,82.3042,82.3042,12500,2022-05-25 17:10:00,VCIT
82.3043,82.3055,82.3,82.305,21300,2022-05-25 17:11:00,VCIT
82.304,82.309,82.3,82.305,102193,2022-05-25 17:12:00,VCIT
82.3,82.31,82.295,82.31,70996,2022-05-25 17:13:00,VCIT
82.305,82.31,82.3,82.3,65845,2022-05-25 17:14:00,VCIT
82.295,82.3,82.29,82.295,8264,2022-05-25 17:15:00,VCIT
82.3,82.3135,82.3,82.3135,4711,2022-05-25 17:16:00,VCIT
82.32,82.32,82.315,82.32,2200,2022-05-25 17:17:00,VCIT
82.315,82.32,82.31,82.31,9459,2022-05-25 17:18:00,VCIT
82.3142,82.32,82.3142,82.315,601,2022-05-25 17:19:00,VCIT
82.32,82.33,82.3139,82.325,6254,2022-05-25 17:20:00,VCIT
82.33,82.33,82.32,82.32,45040,2022-05-25 17:21:00,VCIT
82.33,82.33,82.32,82.33,9899,2022-05-25 17:22:00,VCIT
82.3255,82.3278,82.31,82.315,7765,2022-05-25 17:23:00,VCIT
82.32,82.32,82.315,82.32,2070,2022-05-25 17:24:00,VCIT
82.32,82.32,82.3121,82.3121,2450,2022-05-25 17:25:00,VCIT
82.32,82.33,82.32,82.33,1300,2022-05-25 17:26:00,VCIT
82.3271,82.335,82.3271,82.335,6697,2022-05-25 17:27:00,VCIT
82.34,82.34,82.3399,82.34,536,2022-05-25 17:28:00,VCIT
82.33,82.34,82.33,82.335,33827,2022-05-25 17:29:00,VCIT
82.335,82.34,82.33,82.33,85378,2022-05-25 17:30:00,VCIT
82.33,82.33,82.3247,82.3247,116465,2022-05-25 17:31:00,VCIT
82.325,82.325,82.325,82.325,32995,2022-05-25 17:32:00,VCIT
82.325,82.325,82.325,82.325,11179,2022-05-25 17:33:00,VCIT
82.3275,82.3275,82.315,82.315,13495,2022-05-25 17:34:00,VCIT
82.315,82.32,82.31,82.31,41731,2022-05-25 17:35:00,VCIT
82.305,82.315,82.305,82.3101,5707,2022-05-25 17:36:00,VCIT
82.315,82.32,82.3101,82.315,77838,2022-05-25 17:37:00,VCIT
82.3155,82.32,82.315,82.315,28835,2022-05-25 17:38:00,VCIT
82.315,82.32,82.31,82.315,4151,2022-05-25 17:39:00,VCIT
82.315,82.32,82.31,82.312,24803,2022-05-25 17:40:00,VCIT
82.31,82.32,82.31,82.315,32590,2022-05-25 17:41:00,VCIT
82.315,82.32,82.31,82.31,25714,2022-05-25 17:42:00,VCIT
82.31,82.32,82.31,82.31,13095,2022-05-25 17:43:00,VCIT
82.31,82.3175,82.31,82.3158,3825,2022-05-25 17:44:00,VCIT
82.315,82.32,82.2937,82.295,10499,2022-05-25 17:45:00,VCIT
82.295,82.31,82.29,82.305,4990,2022-05-25 17:46:00,VCIT
82.3,82.3,82.2927,82.295,10168,2022-05-25 17:47:00,VCIT
82.295,82.3,82.293,82.3,1118,2022-05-25 17:48:00,VCIT
82.295,82.31,82.2901,82.31,15967,2022-05-25 17:49:00,VCIT
82.31,82.3191,82.3,82.3191,33977,2022-05-25 17:50:00,VCIT
82.32,82.32,82.32,82.32,2600,2022-05-25 17:52:00,VCIT
82.3282,82.3282,82.32,82.32,3051,2022-05-25 17:53:00,VCIT
82.3135,82.32,82.3101,82.315,6747,2022-05-25 17:54:00,VCIT
82.3101,82.32,82.3101,82.32,3025,2022-05-25 17:55:00,VCIT
82.31,82.315,82.31,82.31,6400,2022-05-25 17:56:00,VCIT
82.31,82.32,82.29,82.29,5323,2022-05-25 17:57:00,VCIT
82.2899,82.2899,82.285,82.285,936,2022-05-25 17:58:00,VCIT
82.285,82.285,82.26,82.2701,13385,2022-05-25 17:59:00,VCIT
82.27,82.2716,82.205,82.26,28544,2022-05-25 18:00:00,VCIT
82.2621,82.295,82.2621,82.287,7996,2022-05-25 18:01:00,VCIT
82.29,82.38,82.29,82.36,12205,2022-05-25 18:02:00,VCIT
82.36,82.36,82.2832,82.31,4540,2022-05-25 18:03:00,VCIT
82.325,82.335,82.325,82.33,1175,2022-05-25 18:04:00,VCIT
82.33,82.3398,82.32,82.32,2147,2022-05-25 18:05:00,VCIT
82.32,82.33,82.3,82.3108,8995,2022-05-25 18:06:00,VCIT
82.31,82.33,82.31,82.3104,4393,2022-05-25 18:07:00,VCIT
82.305,82.3261,82.295,82.3261,5850,2022-05-25 18:08:00,VCIT
82.32,82.32,82.305,82.315,2995,2022-05-25 18:09:00,VCIT
82.325,82.335,82.325,82.335,2312,2022-05-25 18:10:00,VCIT
82.325,82.34,82.325,82.33,920,2022-05-25 18:11:00,VCIT
82.33,82.3499,82.33,82.335,6276,2022-05-25 18:12:00,VCIT
82.34,82.36,82.34,82.36,3217,2022-05-25 18:13:00,VCIT
82.36,82.375,82.36,82.365,2757,2022-05-25 18:14:00,VCIT
82.37,82.37,82.35,82.37,1765,2022-05-25 18:15:00,VCIT
82.37,82.375,82.361,82.375,3275,2022-05-25 18:16:00,VCIT
82.38,82.38,82.37,82.37,1551,2022-05-25 18:17:00,VCIT
82.36,82.365,82.345,82.36,5537,2022-05-25 18:18:00,VCIT
82.36,82.365,82.3516,82.355,4448,2022-05-25 18:19:00,VCIT
82.36,82.3788,82.36,82.3788,6960,2022-05-25 18:20:00,VCIT
82.38,82.39,82.38,82.39,500,2022-05-25 18:21:00,VCIT
82.395,82.4,82.375,82.3755,9309,2022-05-25 18:22:00,VCIT
82.375,82.3755,82.37,82.371,6077,2022-05-25 18:23:00,VCIT
82.38,82.38,82.37,82.37,2618,2022-05-25 18:24:00,VCIT
82.36,82.37,82.36,82.37,1400,2022-05-25 18:25:00,VCIT
82.37,82.38,82.36,82.38,36461,2022-05-25 18:26:00,VCIT
82.38,82.39,82.38,82.385,129985,2022-05-25 18:27:00,VCIT
82.39,82.39,82.385,82.3893,10407,2022-05-25 18:28:00,VCIT
82.385,82.39,82.38,82.38,3973,2022-05-25 18:29:00,VCIT
82.38,82.385,82.38,82.385,1185,2022-05-25 18:30:00,VCIT
82.38,82.385,82.37,82.37,1933,2022-05-25 18:31:00,VCIT
82.37,82.375,82.36,82.36,6194,2022-05-25 18:32:00,VCIT
82.37,82.38,82.37,82.38,3137,2022-05-25 18:33:00,VCIT
82.38,82.39,82.37,82.39,3789,2022-05-25 18:34:00,VCIT
82.3905,82.395,82.3832,82.39,2283,2022-05-25 18:35:00,VCIT
82.39,82.3999,82.39,82.39,5341,2022-05-25 18:36:00,VCIT
82.39,82.4,82.39,82.4,2552,2022-05-25 18:37:00,VCIT
82.4,82.405,82.4,82.405,2916,2022-05-25 18:38:00,VCIT
82.405,82.41,82.4,82.4,1797,2022-05-25 18:39:00,VCIT
82.4,82.42,82.4,82.42,8750,2022-05-25 18:40:00,VCIT
82.42,82.435,82.415,82.435,13974,2022-05-25 18:41:00,VCIT
82.43,82.43,82.41,82.4242,10113,2022-05-25 18:42:00,VCIT
82.42,82.425,82.42,82.425,4121,2022-05-25 18:43:00,VCIT
82.4255,82.4269,82.415,82.415,23081,2022-05-25 18:44:00,VCIT
82.41,82.415,82.41,82.415,3318,2022-05-25 18:45:00,VCIT
82.42,82.43,82.4155,82.425,2947,2022-05-25 18:46:00,VCIT
82.4339,82.4401,82.4339,82.4401,2706,2022-05-25 18:47:00,VCIT
82.44,82.46,82.44,82.4537,14526,2022-05-25 18:48:00,VCIT
82.46,82.475,82.46,82.47,29520,2022-05-25 18:49:00,VCIT
82.47,82.48,82.47,82.47,4137,2022-05-25 18:50:00,VCIT
82.4764,82.4764,82.475,82.475,452,2022-05-25 18:51:00,VCIT
82.4765,82.48,82.46,82.4658,4032,2022-05-25 18:52:00,VCIT
82.47,82.47,82.46,82.46,12332,2022-05-25 18:53:00,VCIT
82.47,82.47,82.46,82.46,37310,2022-05-25 18:54:00,VCIT
82.47,82.47,82.464,82.464,5964,2022-05-25 18:55:00,VCIT
82.47,82.47,82.4631,82.465,74755,2022-05-25 18:56:00,VCIT
82.465,82.47,82.4601,82.4655,44115,2022-05-25 18:57:00,VCIT
82.465,82.47,82.46,82.4675,18975,2022-05-25 18:58:00,VCIT
82.465,82.47,82.455,82.47,63134,2022-05-25 18:59:00,VCIT
82.465,82.47,82.4635,82.465,48933,2022-05-25 19:00:00,VCIT
82.465,82.47,82.46,82.4675,18848,2022-05-25 19:01:00,VCIT
82.47,82.47,82.465,82.465,33004,2022-05-25 19:02:00,VCIT
82.465,82.47,82.465,82.465,238925,2022-05-25 19:03:00,VCIT
82.465,82.48,82.465,82.48,29754,2022-05-25 19:04:00,VCIT
82.48,82.49,82.47,82.47,32573,2022-05-25 19:05:00,VCIT
82.47,82.5,82.47,82.4727,103962,2022-05-25 19:06:00,VCIT
82.475,82.48,82.47,82.48,11666,2022-05-25 19:07:00,VCIT
82.475,82.49,82.465,82.465,40100,2022-05-25 19:08:00,VCIT
82.465,82.47,82.455,82.455,19767,2022-05-25 19:09:00,VCIT
82.455,82.4558,82.45,82.4558,1582,2022-05-25 19:10:00,VCIT
82.45,82.45,82.44,82.45,1800,2022-05-25 19:11:00,VCIT
82.45,82.45,82.445,82.445,1766,2022-05-25 19:12:00,VCIT
82.442,82.45,82.435,82.44,2605,2022-05-25 19:13:00,VCIT
82.435,82.435,82.4231,82.4231,5838,2022-05-25 19:14:00,VCIT
82.43,82.43,82.41,82.415,9675,2022-05-25 19:15:00,VCIT
82.415,82.42,82.4101,82.42,1100,2022-05-25 19:16:00,VCIT
82.42,82.42,82.4133,82.415,3028,2022-05-25 19:17:00,VCIT
82.42,82.42,82.4128,82.415,1230,2022-05-25 19:18:00,VCIT
82.42,82.42,82.4124,82.415,4158,2022-05-25 19:19:00,VCIT
82.413,82.42,82.413,82.42,1086,2022-05-25 19:20:00,VCIT
82.415,82.42,82.415,82.42,9396,2022-05-25 19:21:00,VCIT
82.42,82.435,82.42,82.435,1711,2022-05-25 19:22:00,VCIT
82.434,82.445,82.43,82.445,4550,2022-05-25 19:23:00,VCIT
82.44,82.45,82.44,82.45,3289,2022-05-25 19:24:00,VCIT
82.445,82.445,82.435,82.44,7617,2022-05-25 19:25:00,VCIT
82.44,82.45,82.44,82.45,2399,2022-05-25 19:26:00,VCIT
82.45,82.46,82.45,82.46,17305,2022-05-25 19:27:00,VCIT
82.46,82.47,82.455,82.47,1637,2022-05-25 19:28:00,VCIT
82.465,82.4675,82.463,82.465,5068,2022-05-25 19:29:00,VCIT
82.47,82.47,82.46,82.465,3560,2022-05-25 19:30:00,VCIT
82.4675,82.47,82.4609,82.4675,13444,2022-05-25 19:31:00,VCIT
82.465,82.47,82.455,82.455,5879,2022-05-25 19:32:00,VCIT
82.452,82.4564,82.45,82.4535,5460,2022-05-25 19:33:00,VCIT
82.455,82.456,82.45,82.45,2157,2022-05-25 19:34:00,VCIT
82.45,82.46,82.45,82.455,30147,2022-05-25 19:35:00,VCIT
82.46,82.46,82.445,82.445,8879,2022-05-25 19:36:00,VCIT
82.445,82.45,82.445,82.45,8477,2022-05-25 19:37:00,VCIT
82.45,82.46,82.45,82.46,9617,2022-05-25 19:38:00,VCIT
82.465,82.465,82.4542,82.4592,8574,2022-05-25 19:39:00,VCIT
82.46,82.46,82.45,82.455,8543,2022-05-25 19:40:00,VCIT
82.455,82.4575,82.45,82.45,26124,2022-05-25 19:41:00,VCIT
82.455,82.46,82.4535,82.455,36120,2022-05-25 19:42:00,VCIT
82.455,82.46,82.45,82.455,35064,2022-05-25 19:43:00,VCIT
82.455,82.46,82.453,82.453,108827,2022-05-25 19:44:00,VCIT
82.455,82.46,82.45,82.455,80085,2022-05-25 19:45:00,VCIT
82.4575,82.46,82.455,82.455,135741,2022-05-25 19:46:00,VCIT
82.45,82.46,82.45,82.455,80190,2022-05-25 19:47:00,VCIT
82.46,82.46,82.455,82.46,95576,2022-05-25 19:48:00,VCIT
82.455,82.455,82.4501,82.454,1077,2022-05-25 19:49:00,VCIT
82.45,82.455,82.445,82.45,16623,2022-05-25 19:50:00,VCIT
82.445,82.46,82.445,82.46,6198,2022-05-25 19:51:00,VCIT
82.455,82.495,82.455,82.495,55484,2022-05-25 19:52:00,VCIT
82.49,82.49,82.4702,82.4702,25891,2022-05-25 19:53:00,VCIT
82.475,82.48,82.47,82.475,102287,2022-05-25 19:54:00,VCIT
82.475,82.48,82.465,82.47,88204,2022-05-25 19:55:00,VCIT
82.465,82.47,82.46,82.46,86761,2022-05-25 19:56:00,VCIT
82.47,82.47,82.46,82.4642,266182,2022-05-25 19:57:00,VCIT
82.46,82.465,82.45,82.455,159182,2022-05-25 19:58:00,VCIT
82.45,82.45,82.44,82.445,50682,2022-05-25 19:59:00,VCIT
82.46,82.46,82.46,82.46,12142,2022-05-25 20:00:00,VCIT
82.75,82.75,82.65,82.68,31216,2022-05-26 13:30:00,VCIT
82.69,82.7,82.69,82.696,640,2022-05-26 13:31:00,VCIT
82.705,82.705,82.7,82.7,620,2022-05-26 13:32:00,VCIT
82.7,82.705,82.68,82.68,1650,2022-05-26 13:33:00,VCIT
82.69,82.69,82.685,82.685,403,2022-05-26 13:34:00,VCIT
82.71,82.74,82.71,82.74,1757,2022-05-26 13:35:00,VCIT
82.76,82.76,82.76,82.76,403,2022-05-26 13:36:00,VCIT
82.77,82.77,82.7608,82.765,1131,2022-05-26 13:37:00,VCIT
82.77,82.8,82.77,82.795,5851,2022-05-26 13:38:00,VCIT
82.795,82.805,82.7942,82.805,8397,2022-05-26 13:39:00,VCIT
82.8101,82.85,82.8101,82.85,3502,2022-05-26 13:40:00,VCIT
82.85,82.87,82.85,82.87,4662,2022-05-26 13:41:00,VCIT
82.865,82.88,82.865,82.88,2014,2022-05-26 13:42:00,VCIT
82.88,82.88,82.87,82.875,1822,2022-05-26 13:43:00,VCIT
82.875,82.8784,82.855,82.8691,9829,2022-05-26 13:44:00,VCIT
82.87,82.89,82.86,82.88,19411,2022-05-26 13:45:00,VCIT
82.885,82.89,82.88,82.89,1733,2022-05-26 13:46:00,VCIT
82.883,82.895,82.8635,82.8635,7981,2022-05-26 13:47:00,VCIT
82.865,82.865,82.8341,82.8341,844,2022-05-26 13:48:00,VCIT
82.835,82.84,82.83,82.83,1708,2022-05-26 13:49:00,VCIT
82.835,82.84,82.81,82.84,111979,2022-05-26 13:50:00,VCIT
82.85,82.85,82.8258,82.8258,2113,2022-05-26 13:51:00,VCIT
82.8385,82.845,82.835,82.835,1458,2022-05-26 13:52:00,VCIT
82.84,82.845,82.83,82.83,11043,2022-05-26 13:53:00,VCIT
82.84,82.84,82.825,82.83,1400,2022-05-26 13:54:00,VCIT
82.835,82.855,82.835,82.855,5506,2022-05-26 13:55:00,VCIT
82.86,82.88,82.86,82.88,1040,2022-05-26 13:56:00,VCIT
82.885,82.89,82.885,82.89,1371,2022-05-26 13:57:00,VCIT
82.8842,82.9,82.8842,82.8986,3286,2022-05-26 13:58:00,VCIT
82.9,82.91,82.9,82.905,3521,2022-05-26 13:59:00,VCIT
82.905,82.92,82.891,82.915,7077,2022-05-26 14:00:00,VCIT
82.925,82.925,82.91,82.91,16320,2022-05-26 14:01:00,VCIT
82.915,82.915,82.89,82.9,4116,2022-05-26 14:02:00,VCIT
82.9,82.9,82.8892,82.89,7400,2022-05-26 14:03:00,VCIT
82.89,82.9088,82.88,82.88,8716,2022-05-26 14:04:00,VCIT
82.88,82.8859,82.874,82.88,1538,2022-05-26 14:05:00,VCIT
82.88,82.89,82.88,82.88,1705,2022-05-26 14:06:00,VCIT
82.91,82.91,82.9,82.9,1566,2022-05-26 14:07:00,VCIT
82.9041,82.915,82.9041,82.915,4656,2022-05-26 14:08:00,VCIT
82.9192,82.9192,82.9099,82.9099,2015,2022-05-26 14:09:00,VCIT
82.92,82.92,82.91,82.92,3787,2022-05-26 14:10:00,VCIT
82.9169,82.92,82.91,82.92,762,2022-05-26 14:11:00,VCIT
82.915,82.915,82.89,82.9087,2701,2022-05-26 14:12:00,VCIT
82.9075,82.9075,82.905,82.905,1063,2022-05-26 14:13:00,VCIT
82.905,82.915,82.895,82.895,18023,2022-05-26 14:14:00,VCIT
82.895,82.895,82.895,82.895,400,2022-05-26 14:15:00,VCIT
82.89,82.9,82.89,82.895,136367,2022-05-26 14:16:00,VCIT
82.895,82.895,82.87,82.87,3560,2022-05-26 14:17:00,VCIT
82.87,82.88,82.87,82.87,1506,2022-05-26 14:18:00,VCIT
82.875,82.88,82.875,82.88,8514,2022-05-26 14:19:00,VCIT
82.88,82.89,82.88,82.89,37409,2022-05-26 14:20:00,VCIT
82.89,82.89,82.885,82.885,9211,2022-05-26 14:21:00,VCIT
82.885,82.8899,82.87,82.875,26138,2022-05-26 14:22:00,VCIT
82.8742,82.88,82.8742,82.875,3589,2022-05-26 14:23:00,VCIT
82.87,82.87,82.842,82.845,2193,2022-05-26 14:24:00,VCIT
82.85,82.87,82.85,82.87,7801,2022-05-26 14:25:00,VCIT
82.885,82.885,82.875,82.885,5148,2022-05-26 14:26:00,VCIT
82.885,82.9,82.88,82.88,12467,2022-05-26 14:27:00,VCIT
82.885,82.885,82.87,82.87,1846,2022-05-26 14:28:00,VCIT
82.871,82.875,82.87,82.875,13606,2022-05-26 14:29:00,VCIT
82.88,82.885,82.88,82.8842,11515,2022-05-26 14:30:00,VCIT
82.885,82.885,82.87,82.87,4713,2022-05-26 14:31:00,VCIT
82.86,82.86,82.8401,82.8401,13593,2022-05-26 14:32:00,VCIT
82.84,82.845,82.8301,82.834,2699,2022-05-26 14:33:00,VCIT
82.835,82.84,82.835,82.84,1038,2022-05-26 14:34:00,VCIT
82.84,82.84,82.83,82.83,1461,2022-05-26 14:35:00,VCIT
82.825,82.825,82.825,82.825,121,2022-05-26 14:36:00,VCIT
82.827,82.835,82.82,82.82,4769,2022-05-26 14:37:00,VCIT
82.82,82.82,82.8122,82.82,5117,2022-05-26 14:38:00,VCIT
82.81,82.815,82.8,82.815,3593,2022-05-26 14:39:00,VCIT
82.815,82.8156,82.805,82.805,24939,2022-05-26 14:40:00,VCIT
82.805,82.805,82.7779,82.78,18626,2022-05-26 14:41:00,VCIT
82.775,82.785,82.77,82.785,1869,2022-05-26 14:42:00,VCIT
82.77,82.775,82.765,82.765,1354,2022-05-26 14:43:00,VCIT
82.77,82.7758,82.77,82.7758,1159,2022-05-26 14:44:00,VCIT
82.77,82.79,82.77,82.78,9816,2022-05-26 14:45:00,VCIT
82.78,82.785,82.77,82.77,2359,2022-05-26 14:46:00,VCIT
82.77,82.7774,82.77,82.775,3106,2022-05-26 14:47:00,VCIT
82.77,82.775,82.75,82.755,26175,2022-05-26 14:48:00,VCIT
82.76,82.765,82.76,82.765,2229,2022-05-26 14:49:00,VCIT
82.77,82.77,82.765,82.765,2435,2022-05-26 14:50:00,VCIT
82.7636,82.775,82.7611,82.77,8540,2022-05-26 14:51:00,VCIT
82.77,82.7773,82.77,82.775,2992,2022-05-26 14:52:00,VCIT
82.77,82.795,82.77,82.795,2439,2022-05-26 14:53:00,VCIT
82.79,82.7958,82.77,82.77,3626,2022-05-26 14:54:00,VCIT
82.77,82.77,82.7642,82.77,3599,2022-05-26 14:55:00,VCIT
82.77,82.77,82.76,82.76,874,2022-05-26 14:56:00,VCIT
82.769,82.7699,82.76,82.76,17607,2022-05-26 14:57:00,VCIT
82.7537,82.755,82.74,82.745,2997,2022-05-26 14:58:00,VCIT
82.75,82.75,82.73,82.73,13615,2022-05-26 14:59:00,VCIT
82.735,82.735,82.72,82.725,8916,2022-05-26 15:00:00,VCIT
82.72,82.72,82.71,82.715,1793,2022-05-26 15:01:00,VCIT
82.71,82.71,82.6937,82.705,7464,2022-05-26 15:02:00,VCIT
82.7,82.7061,82.7,82.705,2121,2022-05-26 15:03:00,VCIT
82.705,82.705,82.68,82.68,5549,2022-05-26 15:04:00,VCIT
82.69,82.695,82.67,82.67,2700,2022-05-26 15:05:00,VCIT
82.66,82.665,82.645,82.66,4605,2022-05-26 15:06:00,VCIT
82.67,82.675,82.67,82.67,5789,2022-05-26 15:07:00,VCIT
82.67,82.675,82.67,82.67,2500,2022-05-26 15:08:00,VCIT
82.675,82.675,82.67,82.67,900,2022-05-26 15:09:00,VCIT
82.68,82.695,82.68,82.695,7496,2022-05-26 15:10:00,VCIT
82.6973,82.6982,82.6842,82.6842,8967,2022-05-26 15:11:00,VCIT
82.69,82.705,82.69,82.69,3291,2022-05-26 15:12:00,VCIT
82.7,82.7,82.68,82.685,3963,2022-05-26 15:13:00,VCIT
82.68,82.68,82.67,82.6775,2288,2022-05-26 15:14:00,VCIT
82.675,82.6758,82.6723,82.675,562,2022-05-26 15:15:00,VCIT
82.6728,82.679,82.67,82.67,306,2022-05-26 15:16:00,VCIT
82.67,82.675,82.6539,82.66,6958,2022-05-26 15:17:00,VCIT
82.665,82.675,82.665,82.6737,2156,2022-05-26 15:18:00,VCIT
82.6799,82.685,82.66,82.68,3038,2022-05-26 15:19:00,VCIT
82.6795,82.7,82.6795,82.7,2305,2022-05-26 15:20:00,VCIT
82.7142,82.72,82.71,82.716,1502,2022-05-26 15:21:00,VCIT
82.71,82.72,82.71,82.71,1020,2022-05-26 15:22:00,VCIT
82.7031,82.705,82.7,82.7,2459,2022-05-26 15:23:00,VCIT
82.697,82.7087,82.69,82.7,4851,2022-05-26 15:24:00,VCIT
82.7,82.7199,82.7,82.705,12512,2022-05-26 15:25:00,VCIT
82.7,82.71,82.69,82.71,5658,2022-05-26 15:26:00,VCIT
82.705,82.705,82.695,82.7019,6872,2022-05-26 15:27:00,VCIT
82.7,82.7,82.6966,82.6966,2112,2022-05-26 15:28:00,VCIT
82.695,82.6961,82.69,82.695,2233,2022-05-26 15:29:00,VCIT
82.695,82.6974,82.69,82.69,1100,2022-05-26 15:30:00,VCIT
82.695,82.7,82.6941,82.7,3335,2022-05-26 15:31:00,VCIT
82.71,82.72,82.71,82.72,600,2022-05-26 15:32:00,VCIT
82.7163,82.725,82.7113,82.7113,14316,2022-05-26 15:33:00,VCIT
82.715,82.72,82.695,82.6982,6267,2022-05-26 15:34:00,VCIT
82.7,82.7,82.685,82.685,47970,2022-05-26 15:35:00,VCIT
82.685,82.69,82.683,82.685,2585,2022-05-26 15:36:00,VCIT
82.685,82.6859,82.68,82.68,22958,2022-05-26 15:37:00,VCIT
82.685,82.685,82.685,82.685,8403,2022-05-26 15:38:00,VCIT
82.685,82.685,82.65,82.6553,29947,2022-05-26 15:39:00,VCIT
82.65,82.6554,82.65,82.655,9847,2022-05-26 15:40:00,VCIT
82.6532,82.66,82.651,82.653,7507,2022-05-26 15:41:00,VCIT
82.65,82.655,82.65,82.65,2645,2022-05-26 15:42:00,VCIT
82.647,82.66,82.647,82.66,6230,2022-05-26 15:43:00,VCIT
82.66,82.66,82.6501,82.6599,2255,2022-05-26 15:44:00,VCIT
82.665,82.665,82.6646,82.6646,973,2022-05-26 15:45:00,VCIT
82.67,82.6823,82.67,82.6823,18068,2022-05-26 15:46:00,VCIT
82.685,82.685,82.68,82.68,2650,2022-05-26 15:47:00,VCIT
82.68,82.685,82.68,82.685,1432,2022-05-26 15:48:00,VCIT
82.687,82.687,82.68,82.68,776,2022-05-26 15:49:00,VCIT
82.69,82.695,82.69,82.695,200,2022-05-26 15:50:00,VCIT
82.6949,82.7,82.6949,82.695,1315,2022-05-26 15:51:00,VCIT
82.6948,82.695,82.6935,82.695,949,2022-05-26 15:52:00,VCIT
82.7,82.7055,82.69,82.69,6833,2022-05-26 15:53:00,VCIT
82.695,82.695,82.69,82.695,2426,2022-05-26 15:54:00,VCIT
82.695,82.695,82.685,82.685,22579,2022-05-26 15:55:00,VCIT
82.685,82.685,82.685,82.685,1600,2022-05-26 15:56:00,VCIT
82.6878,82.69,82.68,82.68,4983,2022-05-26 15:57:00,VCIT
82.68,82.69,82.68,82.685,12747,2022-05-26 15:58:00,VCIT
82.68,82.685,82.68,82.685,6153,2022-05-26 15:59:00,VCIT
82.68,82.69,82.68,82.69,101345,2022-05-26 16:00:00,VCIT
82.69,82.69,82.68,82.685,90709,2022-05-26 16:01:00,VCIT
82.685,82.69,82.68,82.68,52529,2022-05-26 16:02:00,VCIT
82.69,82.69,82.68,82.685,122108,2022-05-26 16:03:00,VCIT
82.69,82.69,82.6842,82.685,43241,2022-05-26 16:04:00,VCIT
82.685,82.685,82.685,82.685,300,2022-05-26 16:05:00,VCIT
82.685,82.69,82.685,82.69,87942,2022-05-26 16:06:00,VCIT
82.685,82.69,82.68,82.685,48503,2022-05-26 16:07:00,VCIT
82.685,82.685,82.685,82.685,51353,2022-05-26 16:08:00,VCIT
82.685,82.685,82.685,82.685,2661,2022-05-26 16:09:00,VCIT
82.68,82.685,82.68,82.685,12724,2022-05-26 16:10:00,VCIT
82.69,82.69,82.68,82.68,40951,2022-05-26 16:11:00,VCIT
82.6826,82.69,82.6825,82.685,38668,2022-05-26 16:12:00,VCIT
82.685,82.69,82.685,82.685,60403,2022-05-26 16:13:00,VCIT
82.685,82.69,82.675,82.68,22665,2022-05-26 16:14:00,VCIT
82.675,82.68,82.675,82.676,621,2022-05-26 16:15:00,VCIT
82.68,82.68,82.675,82.675,18870,2022-05-26 16:16:00,VCIT
82.6737,82.6737,82.6737,82.6737,176,2022-05-26 16:17:00,VCIT
82.67,82.68,82.67,82.6731,3365,2022-05-26 16:18:00,VCIT
82.68,82.68,82.6749,82.675,23216,2022-05-26 16:19:00,VCIT
82.68,82.69,82.68,82.69,8104,2022-05-26 16:20:00,VCIT
82.685,82.685,82.67,82.68,18493,2022-05-26 16:21:00,VCIT
82.675,82.68,82.675,82.675,12787,2022-05-26 16:22:00,VCIT
82.671,82.671,82.65,82.655,21080,2022-05-26 16:23:00,VCIT
82.66,82.665,82.66,82.6601,8115,2022-05-26 16:24:00,VCIT
82.66,82.68,82.66,82.665,188706,2022-05-26 16:25:00,VCIT
82.665,82.665,82.665,82.665,282,2022-05-26 16:26:00,VCIT
82.67,82.67,82.67,82.67,600,2022-05-26 16:27:00,VCIT
82.6758,82.68,82.67,82.675,2562,2022-05-26 16:28:00,VCIT
82.675,82.675,82.6736,82.6736,1399,2022-05-26 16:29:00,VCIT
82.68,82.685,82.67,82.685,7339,2022-05-26 16:30:00,VCIT
82.68,82.68,82.675,82.675,10861,2022-05-26 16:31:00,VCIT
82.6799,82.6799,82.6799,82.6799,155,2022-05-26 16:32:00,VCIT
82.675,82.675,82.675,82.675,525,2022-05-26 16:33:00,VCIT
82.675,82.68,82.675,82.675,2670,2022-05-26 16:34:00,VCIT
82.675,82.68,82.67,82.672,23151,2022-05-26 16:35:00,VCIT
82.675,82.675,82.675,82.675,1174,2022-05-26 16:36:00,VCIT
82.6751,82.68,82.675,82.675,39649,2022-05-26 16:37:00,VCIT
82.67,82.675,82.67,82.675,17994,2022-05-26 16:38:00,VCIT
82.675,82.675,82.66,82.6601,11446,2022-05-26 16:39:00,VCIT
82.66,82.665,82.66,82.665,812,2022-05-26 16:40:00,VCIT
82.665,82.665,82.66,82.665,1546,2022-05-26 16:41:00,VCIT
82.66,82.67,82.66,82.665,1835,2022-05-26 16:42:00,VCIT
82.6687,82.6687,82.66,82.665,862,2022-05-26 16:43:00,VCIT
82.661,82.665,82.653,82.653,30904,2022-05-26 16:44:00,VCIT
82.653,82.655,82.645,82.645,610385,2022-05-26 16:45:00,VCIT
82.65,82.65,82.6458,82.6458,1711,2022-05-26 16:46:00,VCIT
82.645,82.65,82.64,82.645,4682,2022-05-26 16:47:00,VCIT
82.645,82.645,82.645,82.645,487,2022-05-26 16:48:00,VCIT
82.65,82.65,82.6474,82.6474,286,2022-05-26 16:49:00,VCIT
82.65,82.655,82.65,82.6535,47112,2022-05-26 16:50:00,VCIT
82.65,82.655,82.6268,82.63,36103,2022-05-26 16:51:00,VCIT
82.625,82.64,82.625,82.64,3823,2022-05-26 16:52:00,VCIT
82.64,82.645,82.635,82.635,1074,2022-05-26 16:53:00,VCIT
82.632,82.635,82.63,82.63,4164,2022-05-26 16:54:00,VCIT
82.625,82.6259,82.62,82.62,2700,2022-05-26 16:55:00,VCIT
82.62,82.63,82.62,82.63,2047,2022-05-26 16:56:00,VCIT
82.63,82.63,82.6216,82.6216,1117,2022-05-26 16:57:00,VCIT
82.63,82.635,82.625,82.625,7189,2022-05-26 16:58:00,VCIT
82.625,82.6364,82.625,82.6364,2847,2022-05-26 16:59:00,VCIT
82.64,82.64,82.635,82.635,1653,2022-05-26 17:00:00,VCIT
82.64,82.65,82.64,82.65,1824,2022-05-26 17:01:00,VCIT
82.6543,82.74,82.6543,82.71,75148,2022-05-26 17:02:00,VCIT
82.7,82.725,82.7,82.72,8427,2022-05-26 17:03:00,VCIT
82.72,82.725,82.71,82.71,6789,2022-05-26 17:04:00,VCIT
82.71,82.715,82.705,82.715,8800,2022-05-26 17:05:00,VCIT
82.73,82.75,82.73,82.75,1370,2022-05-26 17:06:00,VCIT
82.75,82.755,82.725,82.73,3115,2022-05-26 17:07:00,VCIT
82.73,82.73,82.725,82.725,4433,2022-05-26 17:08:00,VCIT
82.725,82.7408,82.72,82.74,2230,2022-05-26 17:09:00,VCIT
82.74,82.75,82.74,82.74,3800,2022-05-26 17:10:00,VCIT
82.735,82.735,82.71,82.7127,3557,2022-05-26 17:11:00,VCIT
82.72,82.73,82.715,82.73,3594,2022-05-26 17:12:00,VCIT
82.75,82.75,82.745,82.745,3045,2022-05-26 17:13:00,VCIT
82.7527,82.7563,82.7527,82.7563,1167,2022-05-26 17:14:00,VCIT
82.755,82.755,82.7436,82.745,3839,2022-05-26 17:15:00,VCIT
82.74,82.75,82.74,82.75,4411,2022-05-26 17:16:00,VCIT
82.76,82.765,82.75,82.76,1785,2022-05-26 17:17:00,VCIT
82.765,82.765,82.76,82.76,1871,2022-05-26 17:18:00,VCIT
82.755,82.76,82.755,82.755,522,2022-05-26 17:19:00,VCIT
82.7501,82.76,82.74,82.7465,8013,2022-05-26 17:20:00,VCIT
82.745,82.7461,82.73,82.735,10901,2022-05-26 17:21:00,VCIT
82.73,82.745,82.724,82.74,9558,2022-05-26 17:22:00,VCIT
82.74,82.7431,82.74,82.7431,1030,2022-05-26 17:23:00,VCIT
82.7468,82.75,82.745,82.75,1357,2022-05-26 17:24:00,VCIT
82.76,82.76,82.74,82.745,7668,2022-05-26 17:25:00,VCIT
82.75,82.753,82.74,82.753,1641,2022-05-26 17:26:00,VCIT
82.76,82.77,82.755,82.77,4272,2022-05-26 17:27:00,VCIT
82.765,82.765,82.75,82.76,5961,2022-05-26 17:28:00,VCIT
82.755,82.769,82.755,82.76,15065,2022-05-26 17:29:00,VCIT
82.757,82.77,82.757,82.76,18446,2022-05-26 17:30:00,VCIT
82.755,82.755,82.7401,82.7401,2947,2022-05-26 17:31:00,VCIT
82.74,82.74,82.72,82.72,1563,2022-05-26 17:32:00,VCIT
82.725,82.735,82.72,82.735,1769,2022-05-26 17:33:00,VCIT
82.735,82.735,82.725,82.725,662,2022-05-26 17:34:00,VCIT
82.725,82.725,82.72,82.72,1320,2022-05-26 17:35:00,VCIT
82.71,82.715,82.71,82.715,8752,2022-05-26 17:36:00,VCIT
82.715,82.72,82.715,82.716,2093,2022-05-26 17:37:00,VCIT
82.715,82.715,82.705,82.71,5454,2022-05-26 17:38:00,VCIT
82.705,82.715,82.7039,82.715,3389,2022-05-26 17:39:00,VCIT
82.715,82.7182,82.71,82.71,19046,2022-05-26 17:40:00,VCIT
82.715,82.715,82.71,82.7137,902,2022-05-26 17:41:00,VCIT
82.715,82.72,82.71,82.715,5140,2022-05-26 17:42:00,VCIT
82.71,82.715,82.7041,82.7098,3542,2022-05-26 17:43:00,VCIT
82.71,82.7167,82.71,82.7167,758,2022-05-26 17:44:00,VCIT
82.715,82.72,82.71,82.71,4612,2022-05-26 17:45:00,VCIT
82.705,82.71,82.7,82.7,10862,2022-05-26 17:46:00,VCIT
82.705,82.71,82.7,82.71,4751,2022-05-26 17:47:00,VCIT
82.7091,82.71,82.7039,82.71,5619,2022-05-26 17:48:00,VCIT
82.7048,82.71,82.7,82.7,6227,2022-05-26 17:49:00,VCIT
82.7,82.7055,82.7,82.7,3081,2022-05-26 17:50:00,VCIT
82.695,82.698,82.68,82.68,5283,2022-05-26 17:51:00,VCIT
82.68,82.68,82.67,82.67,4063,2022-05-26 17:52:00,VCIT
82.67,82.67,82.665,82.67,2646,2022-05-26 17:53:00,VCIT
82.675,82.68,82.67,82.68,7248,2022-05-26 17:54:00,VCIT
82.685,82.685,82.68,82.68,4414,2022-05-26 17:55:00,VCIT
82.685,82.69,82.685,82.69,5372,2022-05-26 17:56:00,VCIT
82.695,82.699,82.69,82.695,7594,2022-05-26 17:57:00,VCIT
82.7,82.705,82.7,82.7007,10072,2022-05-26 17:58:00,VCIT
82.705,82.705,82.6835,82.6835,3818,2022-05-26 17:59:00,VCIT
82.69,82.695,82.685,82.695,8601,2022-05-26 18:00:00,VCIT
82.7,82.7,82.6832,82.69,6462,2022-05-26 18:01:00,VCIT
82.685,82.685,82.6836,82.6836,343,2022-05-26 18:02:00,VCIT
82.6842,82.7,82.6842,82.7,7148,2022-05-26 18:03:00,VCIT
82.7,82.71,82.695,82.7,3765,2022-05-26 18:04:00,VCIT
82.705,82.705,82.68,82.6801,7232,2022-05-26 18:06:00,VCIT
82.69,82.695,82.69,82.695,4115,2022-05-26 18:07:00,VCIT
82.695,82.695,82.685,82.685,8510,2022-05-26 18:08:00,VCIT
82.685,82.685,82.6837,82.685,680,2022-05-26 18:09:00,VCIT
82.69,82.69,82.675,82.675,2612,2022-05-26 18:10:00,VCIT
82.675,82.6799,82.67,82.675,3781,2022-05-26 18:11:00,VCIT
82.675,82.675,82.655,82.66,19422,2022-05-26 18:12:00,VCIT
82.66,82.665,82.66,82.665,13378,2022-05-26 18:13:00,VCIT
82.665,82.665,82.665,82.665,300,2022-05-26 18:14:00,VCIT
82.665,82.665,82.655,82.655,6794,2022-05-26 18:15:00,VCIT
82.655,82.66,82.65,82.65,4974,2022-05-26 18:16:00,VCIT
82.65,82.6552,82.65,82.65,6431,2022-05-26 18:17:00,VCIT
82.645,82.6475,82.635,82.64,4670,2022-05-26 18:18:00,VCIT
82.645,82.65,82.645,82.65,14033,2022-05-26 18:19:00,VCIT
82.645,82.665,82.645,82.66,4802,2022-05-26 18:20:00,VCIT
82.66,82.66,82.65,82.65,4879,2022-05-26 18:21:00,VCIT
82.6467,82.65,82.645,82.65,5486,2022-05-26 18:22:00,VCIT
82.6499,82.6499,82.645,82.6475,465,2022-05-26 18:23:00,VCIT
82.6473,82.6473,82.645,82.645,1426,2022-05-26 18:25:00,VCIT
82.6467,82.6467,82.6401,82.6401,1548,2022-05-26 18:26:00,VCIT
82.645,82.645,82.635,82.64,10701,2022-05-26 18:27:00,VCIT
82.645,82.645,82.6413,82.6413,1172,2022-05-26 18:28:00,VCIT
82.645,82.6476,82.6442,82.6476,2919,2022-05-26 18:29:00,VCIT
82.645,82.65,82.645,82.645,2952,2022-05-26 18:30:00,VCIT
82.645,82.645,82.62,82.625,17328,2022-05-26 18:31:00,VCIT
82.62,82.62,82.6,82.6,9896,2022-05-26 18:32:00,VCIT
82.5939,82.6,82.5939,82.6,1721,2022-05-26 18:33:00,VCIT
82.605,82.615,82.605,82.615,831,2022-05-26 18:34:00,VCIT
82.615,82.62,82.61,82.615,1729,2022-05-26 18:35:00,VCIT
82.6161,82.62,82.605,82.62,8626,2022-05-26 18:36:00,VCIT
82.62,82.635,82.617,82.63,2785,2022-05-26 18:37:00,VCIT
82.625,82.6342,82.625,82.63,1069,2022-05-26 18:38:00,VCIT
82.63,82.63,82.63,82.63,892,2022-05-26 18:39:00,VCIT
82.6332,82.64,82.6332,82.64,647,2022-05-26 18:40:00,VCIT
82.64,82.645,82.635,82.645,2244,2022-05-26 18:41:00,VCIT
82.65,82.65,82.645,82.65,1313,2022-05-26 18:42:00,VCIT
82.644,82.655,82.64,82.655,10524,2022-05-26 18:43:00,VCIT
82.655,82.66,82.655,82.66,500,2022-05-26 18:44:00,VCIT
82.6549,82.665,82.6539,82.66,4333,2022-05-26 18:45:00,VCIT
82.67,82.67,82.66,82.665,2361,2022-05-26 18:46:00,VCIT
82.66,82.665,82.66,82.665,4568,2022-05-26 18:47:00,VCIT
82.665,82.665,82.6601,82.6601,1658,2022-05-26 18:48:00,VCIT
82.665,82.665,82.665,82.665,300,2022-05-26 18:49:00,VCIT
82.6635,82.665,82.6635,82.665,951,2022-05-26 18:50:00,VCIT
82.665,82.67,82.645,82.645,38877,2022-05-26 18:51:00,VCIT
82.64,82.64,82.635,82.64,2009,2022-05-26 18:52:00,VCIT
82.645,82.645,82.64,82.64,600,2022-05-26 18:53:00,VCIT
82.6464,82.65,82.64,82.65,2597,2022-05-26 18:54:00,VCIT
82.655,82.655,82.645,82.645,665,2022-05-26 18:55:00,VCIT
82.645,82.655,82.645,82.655,1151,2022-05-26 18:56:00,VCIT
82.65,82.655,82.647,82.65,1532,2022-05-26 18:57:00,VCIT
82.655,82.66,82.655,82.66,890,2022-05-26 18:58:00,VCIT
82.67,82.67,82.65,82.65,4988,2022-05-26 18:59:00,VCIT
82.65,82.65,82.645,82.645,2268,2022-05-26 19:00:00,VCIT
82.644,82.655,82.644,82.65,20598,2022-05-26 19:01:00,VCIT
82.655,82.6558,82.655,82.655,945,2022-05-26 19:02:00,VCIT
82.655,82.66,82.655,82.66,16005,2022-05-26 19:03:00,VCIT
82.6567,82.66,82.655,82.655,715,2022-05-26 19:04:00,VCIT
82.65,82.655,82.65,82.655,1670,2022-05-26 19:05:00,VCIT
82.659,82.659,82.655,82.655,1351,2022-05-26 19:06:00,VCIT
82.65,82.66,82.65,82.65,23326,2022-05-26 19:07:00,VCIT
82.655,82.655,82.654,82.655,861,2022-05-26 19:08:00,VCIT
82.6509,82.655,82.6509,82.655,719,2022-05-26 19:09:00,VCIT
82.6544,82.66,82.6544,82.66,4877,2022-05-26 19:10:00,VCIT
82.655,82.66,82.655,82.66,16732,2022-05-26 19:11:00,VCIT
82.655,82.66,82.655,82.66,4634,2022-05-26 19:12:00,VCIT
82.655,82.66,82.63,82.635,21692,2022-05-26 19:13:00,VCIT
82.635,82.635,82.63,82.63,2198,2022-05-26 19:14:00,VCIT
82.63,82.63,82.61,82.61,5582,2022-05-26 19:15:00,VCIT
82.595,82.609,82.595,82.605,15177,2022-05-26 19:16:00,VCIT
82.605,82.62,82.605,82.61,57837,2022-05-26 19:17:00,VCIT
82.6,82.605,82.6,82.605,1941,2022-05-26 19:18:00,VCIT
82.6,82.605,82.59,82.6,3756,2022-05-26 19:19:00,VCIT
82.6,82.61,82.6,82.61,10657,2022-05-26 19:20:00,VCIT
82.61,82.615,82.61,82.615,5443,2022-05-26 19:21:00,VCIT
82.615,82.64,82.6119,82.635,75296,2022-05-26 19:22:00,VCIT
82.635,82.645,82.635,82.6422,19360,2022-05-26 19:23:00,VCIT
82.64,82.65,82.64,82.6401,43859,2022-05-26 19:24:00,VCIT
82.65,82.66,82.65,82.655,40124,2022-05-26 19:25:00,VCIT
82.655,82.6551,82.65,82.655,3595,2022-05-26 19:26:00,VCIT
82.66,82.665,82.66,82.66,4327,2022-05-26 19:27:00,VCIT
82.655,82.665,82.655,82.665,2547,2022-05-26 19:28:00,VCIT
82.67,82.68,82.665,82.665,3600,2022-05-26 19:29:00,VCIT
82.665,82.67,82.665,82.67,16491,2022-05-26 19:30:00,VCIT
82.68,82.68,82.66,82.67,11054,2022-05-26 19:31:00,VCIT
82.675,82.6754,82.6701,82.675,1963,2022-05-26 19:32:00,VCIT
82.68,82.68,82.665,82.665,6170,2022-05-26 19:33:00,VCIT
82.665,82.675,82.66,82.675,12084,2022-05-26 19:34:00,VCIT
82.678,82.678,82.67,82.675,3090,2022-05-26 19:35:00,VCIT
82.675,82.68,82.67,82.68,9355,2022-05-26 19:36:00,VCIT
82.683,82.7,82.68,82.7,6497,2022-05-26 19:37:00,VCIT
82.7,82.705,82.69,82.7,26517,2022-05-26 19:38:00,VCIT
82.695,82.7,82.69,82.69,5707,2022-05-26 19:39:00,VCIT
82.6892,82.69,82.685,82.6879,5231,2022-05-26 19:40:00,VCIT
82.69,82.705,82.69,82.705,6459,2022-05-26 19:41:00,VCIT
82.7,82.71,82.7,82.7,9315,2022-05-26 19:42:00,VCIT
82.7,82.71,82.7,82.71,6321,2022-05-26 19:43:00,VCIT
82.705,82.72,82.705,82.72,4639,2022-05-26 19:44:00,VCIT
82.72,82.73,82.715,82.715,6782,2022-05-26 19:45:00,VCIT
82.7197,82.72,82.715,82.7158,2823,2022-05-26 19:46:00,VCIT
82.72,82.74,82.72,82.735,48667,2022-05-26 19:47:00,VCIT
82.735,82.75,82.735,82.75,3029,2022-05-26 19:48:00,VCIT
82.745,82.76,82.745,82.755,14993,2022-05-26 19:49:00,VCIT
82.76,82.785,82.755,82.78,15746,2022-05-26 19:50:00,VCIT
82.79,82.8,82.785,82.8,5134,2022-05-26 19:51:00,VCIT
82.79,82.8,82.79,82.795,6136,2022-05-26 19:52:00,VCIT
82.795,82.7965,82.785,82.785,5274,2022-05-26 19:53:00,VCIT
82.78,82.785,82.77,82.7799,54721,2022-05-26 19:54:00,VCIT
82.775,82.78,82.775,82.78,20485,2022-05-26 19:55:00,VCIT
82.78,82.78,82.77,82.775,8334,2022-05-26 19:56:00,VCIT
82.775,82.775,82.755,82.755,36082,2022-05-26 19:57:00,VCIT
82.755,82.76,82.73,82.74,29433,2022-05-26 19:58:00,VCIT
82.735,82.75,82.72,82.745,210240,2022-05-26 19:59:00,VCIT
82.77,82.77,82.77,82.77,226086,2022-05-26 20:00:00,VCIT
82.88,82.98,82.88,82.94,47516,2022-05-27 13:30:00,VCIT
82.98,82.98,82.98,82.98,7842,2022-05-27 13:31:00,VCIT
82.965,82.98,82.965,82.97,6810,2022-05-27 13:32:00,VCIT
82.97,82.99,82.955,82.99,9099,2022-05-27 13:33:00,VCIT
82.99,83.015,82.99,83.015,4912,2022-05-27 13:34:00,VCIT
83.03,83.04,83.02,83.02,20416,2022-05-27 13:35:00,VCIT
83.03,83.03,83.02,83.02,1606,2022-05-27 13:36:00,VCIT
83.02,83.02,83.005,83.0107,2639,2022-05-27 13:37:00,VCIT
83.015,83.06,83.015,83.06,5895,2022-05-27 13:38:00,VCIT
83.06,83.08,83.06,83.06,2589,2022-05-27 13:39:00,VCIT
83.045,83.07,83.04,83.065,6012,2022-05-27 13:40:00,VCIT
83.065,83.0737,83.0532,83.065,13791,2022-05-27 13:41:00,VCIT
83.06,83.07,83.06,83.06,2900,2022-05-27 13:42:00,VCIT
83.055,83.06,83.0517,83.055,6827,2022-05-27 13:43:00,VCIT
83.06,83.069,83.06,83.0682,7092,2022-05-27 13:44:00,VCIT
83.06,83.07,83.06,83.07,20083,2022-05-27 13:45:00,VCIT
83.08,83.08,83.07,83.07,4093,2022-05-27 13:46:00,VCIT
83.07,83.09,83.07,83.09,6160,2022-05-27 13:47:00,VCIT
83.09,83.095,83.09,83.095,5448,2022-05-27 13:48:00,VCIT
83.09,83.1,83.085,83.09,4462,2022-05-27 13:49:00,VCIT
83.08,83.095,83.06,83.06,2850,2022-05-27 13:50:00,VCIT
83.05,83.05,83.04,83.05,5058,2022-05-27 13:51:00,VCIT
83.06,83.075,83.06,83.07,4589,2022-05-27 13:52:00,VCIT
83.07,83.08,83.06,83.0738,2768,2022-05-27 13:53:00,VCIT
83.075,83.095,83.0716,83.09,3693,2022-05-27 13:54:00,VCIT
83.09,83.105,83.09,83.1,6050,2022-05-27 13:55:00,VCIT
83.105,83.125,83.105,83.12,12114,2022-05-27 13:56:00,VCIT
83.11,83.115,83.1,83.105,1967,2022-05-27 13:57:00,VCIT
83.1,83.105,83.095,83.105,1801,2022-05-27 13:58:00,VCIT
83.11,83.12,83.1,83.1,9582,2022-05-27 13:59:00,VCIT
83.11,83.12,83.11,83.11,1644,2022-05-27 14:00:00,VCIT
83.11,83.115,83.1,83.115,2251,2022-05-27 14:01:00,VCIT
83.1058,83.115,83.095,83.095,1502,2022-05-27 14:02:00,VCIT
83.1,83.115,83.1,83.1095,2020,2022-05-27 14:03:00,VCIT
83.11,83.125,83.105,83.125,7995,2022-05-27 14:04:00,VCIT
83.13,83.14,83.12,83.127,23595,2022-05-27 14:05:00,VCIT
83.1299,83.13,83.12,83.125,10913,2022-05-27 14:06:00,VCIT
83.13,83.13,83.12,83.12,7503,2022-05-27 14:07:00,VCIT
83.128,83.14,83.1236,83.14,4977,2022-05-27 14:08:00,VCIT
83.15,83.175,83.15,83.175,62323,2022-05-27 14:09:00,VCIT
83.17,83.185,83.17,83.175,1085,2022-05-27 14:10:00,VCIT
83.175,83.18,83.17,83.17,537,2022-05-27 14:11:00,VCIT
83.17,83.17,83.16,83.16,900,2022-05-27 14:12:00,VCIT
83.16,83.16,83.15,83.15,748,2022-05-27 14:13:00,VCIT
83.15,83.15,83.15,83.15,400,2022-05-27 14:14:00,VCIT
83.16,83.165,83.16,83.16,1310,2022-05-27 14:15:00,VCIT
83.16,83.16,83.15,83.15,3736,2022-05-27 14:16:00,VCIT
83.16,83.17,83.16,83.1692,961,2022-05-27 14:17:00,VCIT
83.17,83.17,83.16,83.16,1161,2022-05-27 14:18:00,VCIT
83.1606,83.17,83.15,83.15,18178,2022-05-27 14:19:00,VCIT
83.15,83.1542,83.15,83.15,745,2022-05-27 14:20:00,VCIT
83.14,83.14,83.13,83.13,378,2022-05-27 14:21:00,VCIT
83.13,83.1367,83.13,83.1367,3595,2022-05-27 14:22:00,VCIT
83.125,83.1459,83.125,83.1459,1121,2022-05-27 14:23:00,VCIT
83.145,83.145,83.13,83.13,1668,2022-05-27 14:24:00,VCIT
83.14,83.15,83.14,83.15,1691,2022-05-27 14:25:00,VCIT
83.15,83.155,83.13,83.14,2497,2022-05-27 14:26:00,VCIT
83.1399,83.14,83.12,83.125,20968,2022-05-27 14:27:00,VCIT
83.12,83.12,83.105,83.105,2987,2022-05-27 14:28:00,VCIT
83.105,83.105,83.095,83.1,8805,2022-05-27 14:29:00,VCIT
83.105,83.105,83.1,83.1,1201,2022-05-27 14:30:00,VCIT
83.1,83.115,83.1,83.115,5895,2022-05-27 14:31:00,VCIT
83.115,83.12,83.115,83.12,600,2022-05-27 14:32:00,VCIT
83.12,83.1255,83.12,83.12,3700,2022-05-27 14:33:00,VCIT
83.12,83.12,83.097,83.1,8290,2022-05-27 14:34:00,VCIT
83.105,83.1106,83.105,83.1106,9341,2022-05-27 14:35:00,VCIT
83.1199,83.12,83.1012,83.1012,8157,2022-05-27 14:36:00,VCIT
83.1,83.11,83.095,83.11,3771,2022-05-27 14:37:00,VCIT
83.11,83.115,83.1018,83.105,1161,2022-05-27 14:38:00,VCIT
83.105,83.105,83.09,83.1,404,2022-05-27 14:39:00,VCIT
83.1007,83.12,83.1,83.12,2801,2022-05-27 14:40:00,VCIT
83.12,83.12,83.1,83.1,2540,2022-05-27 14:41:00,VCIT
83.095,83.095,83.09,83.09,528,2022-05-27 14:42:00,VCIT
83.09,83.09,83.08,83.0805,20927,2022-05-27 14:43:00,VCIT
83.08,83.0865,83.08,83.0865,1755,2022-05-27 14:44:00,VCIT
83.09,83.0965,83.09,83.0965,2270,2022-05-27 14:45:00,VCIT
83.0916,83.0954,83.0758,83.0758,5228,2022-05-27 14:46:00,VCIT
83.08,83.1,83.08,83.085,4607,2022-05-27 14:47:00,VCIT
83.085,83.095,83.08,83.08,1600,2022-05-27 14:48:00,VCIT
83.085,83.09,83.08,83.08,1624,2022-05-27 14:49:00,VCIT
83.08,83.08,83.05,83.055,3471,2022-05-27 14:50:00,VCIT
83.055,83.055,83.05,83.05,692,2022-05-27 14:51:00,VCIT
83.055,83.055,83.04,83.04,1313,2022-05-27 14:52:00,VCIT
83.04,83.045,83.025,83.025,12303,2022-05-27 14:53:00,VCIT
83.02,83.025,83.01,83.01,14045,2022-05-27 14:54:00,VCIT
83.01,83.01,83.0,83.0,5050,2022-05-27 14:55:00,VCIT
82.995,82.995,82.965,82.97,646,2022-05-27 14:56:00,VCIT
82.9602,82.9602,82.96,82.96,723,2022-05-27 14:57:00,VCIT
82.955,82.955,82.944,82.944,1179,2022-05-27 14:58:00,VCIT
82.9458,82.96,82.9436,82.96,22651,2022-05-27 14:59:00,VCIT
82.96,82.9658,82.95,82.95,17423,2022-05-27 15:00:00,VCIT
82.95,82.95,82.9,82.9,7419,2022-05-27 15:01:00,VCIT
82.9,82.9,82.884,82.89,2835,2022-05-27 15:02:00,VCIT
82.89,82.89,82.875,82.875,12244,2022-05-27 15:03:00,VCIT
82.88,82.8909,82.88,82.89,5309,2022-05-27 15:04:00,VCIT
82.89,82.89,82.88,82.89,5810,2022-05-27 15:05:00,VCIT
82.89,82.896,82.885,82.885,2530,2022-05-27 15:06:00,VCIT
82.885,82.89,82.88,82.89,16586,2022-05-27 15:07:00,VCIT
82.89,82.89,82.88,82.88,3783,2022-05-27 15:08:00,VCIT
82.88,82.885,82.88,82.8801,2159,2022-05-27 15:09:00,VCIT
82.88,82.88,82.87,82.87,2651,2022-05-27 15:10:00,VCIT
82.87,82.875,82.87,82.87,1100,2022-05-27 15:11:00,VCIT
82.87,82.87,82.855,82.8658,1865,2022-05-27 15:12:00,VCIT
82.855,82.855,82.8491,82.8542,574,2022-05-27 15:13:00,VCIT
82.8542,82.855,82.85,82.855,2018,2022-05-27 15:14:00,VCIT
82.855,82.855,82.845,82.845,2281,2022-05-27 15:15:00,VCIT
82.845,82.85,82.84,82.85,7778,2022-05-27 15:16:00,VCIT
82.85,82.85,82.85,82.85,1337,2022-05-27 15:17:00,VCIT
82.845,82.8469,82.84,82.84,2323,2022-05-27 15:18:00,VCIT
82.85,82.855,82.85,82.854,926,2022-05-27 15:19:00,VCIT
82.856,82.865,82.856,82.865,14604,2022-05-27 15:20:00,VCIT
82.87,82.895,82.87,82.895,2100,2022-05-27 15:21:00,VCIT
82.89,82.895,82.89,82.895,2800,2022-05-27 15:22:00,VCIT
82.9,82.9082,82.9,82.9,2010,2022-05-27 15:23:00,VCIT
82.9068,82.9068,82.9,82.905,2585,2022-05-27 15:24:00,VCIT
82.895,82.895,82.89,82.89,627,2022-05-27 15:25:00,VCIT
82.8999,82.8999,82.89,82.89,1317,2022-05-27 15:26:00,VCIT
82.89,82.89,82.885,82.89,1175,2022-05-27 15:27:00,VCIT
82.89,82.89,82.88,82.89,6572,2022-05-27 15:28:00,VCIT
82.9,82.91,82.9,82.91,17515,2022-05-27 15:29:00,VCIT
82.91,82.915,82.905,82.91,11385,2022-05-27 15:30:00,VCIT
82.91,82.9192,82.91,82.9192,2859,2022-05-27 15:31:00,VCIT
82.925,82.94,82.925,82.94,2594,2022-05-27 15:32:00,VCIT
82.935,82.94,82.9337,82.94,1273,2022-05-27 15:33:00,VCIT
82.945,82.95,82.94,82.95,11533,2022-05-27 15:34:00,VCIT
82.955,82.955,82.945,82.95,7385,2022-05-27 15:35:00,VCIT
82.95,82.95,82.945,82.945,7760,2022-05-27 15:36:00,VCIT
82.945,82.955,82.945,82.95,4574,2022-05-27 15:37:00,VCIT
82.9435,82.9435,82.9435,82.9435,181,2022-05-27 15:38:00,VCIT
82.96,82.96,82.96,82.96,400,2022-05-27 15:39:00,VCIT
82.96,82.96,82.95,82.95,3178,2022-05-27 15:40:00,VCIT
82.945,82.945,82.945,82.945,100,2022-05-27 15:41:00,VCIT
82.946,82.946,82.946,82.946,180,2022-05-27 15:42:00,VCIT
82.94,82.9456,82.94,82.9456,744,2022-05-27 15:43:00,VCIT
82.945,82.945,82.93,82.93,533,2022-05-27 15:44:00,VCIT
82.93,82.955,82.93,82.95,4231,2022-05-27 15:45:00,VCIT
82.945,82.945,82.945,82.945,460,2022-05-27 15:46:00,VCIT
82.95,82.95,82.95,82.95,200,2022-05-27 15:47:00,VCIT
82.95,82.95,82.945,82.9499,2148,2022-05-27 15:48:00,VCIT
82.95,82.96,82.95,82.96,984,2022-05-27 15:49:00,VCIT
82.9606,82.965,82.9606,82.965,305,2022-05-27 15:50:00,VCIT
82.96,82.96,82.95,82.955,1220,2022-05-27 15:51:00,VCIT
82.96,82.9658,82.96,82.9658,2702,2022-05-27 15:52:00,VCIT
82.96,82.97,82.96,82.965,3232,2022-05-27 15:53:00,VCIT
82.97,82.9736,82.96,82.96,16964,2022-05-27 15:54:00,VCIT
82.985,82.985,82.97,82.98,1108,2022-05-27 15:55:00,VCIT
82.98,82.98,82.97,82.97,1574,2022-05-27 15:56:00,VCIT
82.96,82.96,82.9531,82.957,1105,2022-05-27 15:57:00,VCIT
82.955,82.955,82.955,82.955,3060,2022-05-27 15:58:00,VCIT
82.95,82.9565,82.94,82.9565,2206,2022-05-27 15:59:00,VCIT
82.96,82.96,82.96,82.96,600,2022-05-27 16:00:00,VCIT
82.96,82.9661,82.95,82.95,1650,2022-05-27 16:01:00,VCIT
82.95,82.95,82.945,82.945,330,2022-05-27 16:02:00,VCIT
82.95,82.95,82.945,82.945,1100,2022-05-27 16:03:00,VCIT
82.94,82.949,82.9331,82.94,970,2022-05-27 16:04:00,VCIT
82.935,82.935,82.93,82.935,1936,2022-05-27 16:05:00,VCIT
82.945,82.945,82.94,82.94,1790,2022-05-27 16:06:00,VCIT
82.945,82.946,82.945,82.946,1150,2022-05-27 16:07:00,VCIT
82.9401,82.9463,82.94,82.94,3076,2022-05-27 16:08:00,VCIT
82.935,82.935,82.93,82.93,7937,2022-05-27 16:09:00,VCIT
82.94,82.94,82.935,82.94,2119,2022-05-27 16:10:00,VCIT
82.947,82.955,82.945,82.955,828,2022-05-27 16:11:00,VCIT
82.9542,82.9563,82.95,82.95,4215,2022-05-27 16:12:00,VCIT
82.9599,82.9599,82.9428,82.945,6346,2022-05-27 16:13:00,VCIT
82.94,82.9468,82.94,82.9425,1458,2022-05-27 16:14:00,VCIT
82.9478,82.9484,82.93,82.93,2297,2022-05-27 16:15:00,VCIT
82.9293,82.9358,82.92,82.93,3264,2022-05-27 16:16:00,VCIT
82.94,82.94,82.94,82.94,1133,2022-05-27 16:17:00,VCIT
82.93,82.93,82.92,82.927,1741,2022-05-27 16:18:00,VCIT
82.92,82.925,82.9101,82.915,1780,2022-05-27 16:19:00,VCIT
82.91,82.92,82.895,82.915,6956,2022-05-27 16:20:00,VCIT
82.92,82.93,82.92,82.925,3417,2022-05-27 16:21:00,VCIT
82.936,82.936,82.936,82.936,242,2022-05-27 16:22:00,VCIT
82.93,82.935,82.93,82.935,1195,2022-05-27 16:23:00,VCIT
82.93,82.94,82.93,82.94,200,2022-05-27 16:24:00,VCIT
82.94,82.94,82.94,82.94,1201,2022-05-27 16:25:00,VCIT
82.935,82.935,82.93,82.93,400,2022-05-27 16:28:00,VCIT
82.94,82.94,82.93,82.93,1171,2022-05-27 16:29:00,VCIT
82.9262,82.9262,82.92,82.92,436,2022-05-27 16:30:00,VCIT
82.93,82.93,82.93,82.93,200,2022-05-27 16:31:00,VCIT
82.93,82.9332,82.925,82.93,1683,2022-05-27 16:32:00,VCIT
82.935,82.935,82.9242,82.9242,1351,2022-05-27 16:33:00,VCIT
82.93,82.93,82.93,82.93,994,2022-05-27 16:34:00,VCIT
82.94,82.94,82.935,82.935,1137,2022-05-27 16:35:00,VCIT
82.932,82.932,82.92,82.92,4781,2022-05-27 16:36:00,VCIT
82.915,82.929,82.91,82.9202,10785,2022-05-27 16:37:00,VCIT
82.93,82.93,82.925,82.9267,2455,2022-05-27 16:38:00,VCIT
82.93,82.94,82.93,82.93,2679,2022-05-27 16:39:00,VCIT
82.93,82.93,82.91,82.915,2825,2022-05-27 16:40:00,VCIT
82.91,82.92,82.91,82.92,1823,2022-05-27 16:41:00,VCIT
82.92,82.92,82.91,82.9157,1525,2022-05-27 16:42:00,VCIT
82.925,82.925,82.915,82.915,770,2022-05-27 16:43:00,VCIT
82.91,82.91,82.9,82.905,1863,2022-05-27 16:44:00,VCIT
82.91,82.91,82.9,82.905,300,2022-05-27 16:45:00,VCIT
82.902,82.915,82.902,82.915,1843,2022-05-27 16:46:00,VCIT
82.911,82.92,82.91,82.915,2723,2022-05-27 16:47:00,VCIT
82.915,82.92,82.91,82.91,1297,2022-05-27 16:48:00,VCIT
82.9121,82.9137,82.89,82.89,6546,2022-05-27 16:49:00,VCIT
82.8938,82.9,82.89,82.89,1336,2022-05-27 16:50:00,VCIT
82.89,82.89,82.89,82.89,182,2022-05-27 16:51:00,VCIT
82.8962,82.9,82.89,82.9,1250,2022-05-27 16:52:00,VCIT
82.9,82.9163,82.9,82.9163,7900,2022-05-27 16:53:00,VCIT
82.92,82.924,82.915,82.92,5336,2022-05-27 16:54:00,VCIT
82.93,82.94,82.93,82.9366,998,2022-05-27 16:55:00,VCIT
82.935,82.94,82.93,82.94,1220,2022-05-27 16:56:00,VCIT
82.9399,82.95,82.9399,82.94,1213,2022-05-27 16:57:00,VCIT
82.94,82.95,82.94,82.95,500,2022-05-27 16:58:00,VCIT
82.94,82.94,82.94,82.94,800,2022-05-27 16:59:00,VCIT
82.94,82.95,82.9316,82.95,3251,2022-05-27 17:00:00,VCIT
82.94,82.945,82.94,82.945,788,2022-05-27 17:01:00,VCIT
82.945,82.95,82.945,82.95,3010,2022-05-27 17:02:00,VCIT
82.94,82.94,82.93,82.94,855,2022-05-27 17:03:00,VCIT
82.945,82.945,82.94,82.94,1110,2022-05-27 17:04:00,VCIT
82.9336,82.94,82.9336,82.94,2314,2022-05-27 17:05:00,VCIT
82.945,82.945,82.935,82.935,4703,2022-05-27 17:06:00,VCIT
82.93,82.93,82.93,82.93,125,2022-05-27 17:07:00,VCIT
82.935,82.937,82.93,82.93,1954,2022-05-27 17:08:00,VCIT
82.93,82.93,82.925,82.93,3166,2022-05-27 17:09:00,VCIT
82.93,82.94,82.93,82.93,61856,2022-05-27 17:10:00,VCIT
82.94,82.945,82.94,82.94,2292,2022-05-27 17:11:00,VCIT
82.93,82.935,82.93,82.935,2543,2022-05-27 17:12:00,VCIT
82.93,82.94,82.93,82.935,33004,2022-05-27 17:13:00,VCIT
82.935,82.94,82.93,82.9326,1835,2022-05-27 17:14:00,VCIT
82.93,82.935,82.93,82.935,2712,2022-05-27 17:15:00,VCIT
82.935,82.935,82.9306,82.935,5440,2022-05-27 17:16:00,VCIT
82.93,82.935,82.93,82.9305,900,2022-05-27 17:17:00,VCIT
82.935,82.935,82.935,82.935,100,2022-05-27 17:18:00,VCIT
82.935,82.935,82.935,82.935,300,2022-05-27 17:19:00,VCIT
82.93,82.9373,82.93,82.935,1665,2022-05-27 17:20:00,VCIT
82.9323,82.935,82.93,82.93,2216,2022-05-27 17:21:00,VCIT
82.93,82.93,82.9136,82.917,7551,2022-05-27 17:22:00,VCIT
82.915,82.92,82.915,82.915,33328,2022-05-27 17:23:00,VCIT
82.914,82.92,82.914,82.9142,17270,2022-05-27 17:24:00,VCIT
82.915,82.915,82.905,82.905,5945,2022-05-27 17:25:00,VCIT
82.91,82.91,82.905,82.9095,16857,2022-05-27 17:26:00,VCIT
82.91,82.91,82.91,82.91,700,2022-05-27 17:27:00,VCIT
82.915,82.9199,82.915,82.915,1544,2022-05-27 17:28:00,VCIT
82.9194,82.92,82.915,82.92,3304,2022-05-27 17:29:00,VCIT
82.92,82.925,82.92,82.925,551,2022-05-27 17:30:00,VCIT
82.926,82.926,82.926,82.926,119,2022-05-27 17:31:00,VCIT
82.925,82.925,82.925,82.925,652,2022-05-27 17:32:00,VCIT
82.93,82.9373,82.93,82.9373,1152,2022-05-27 17:33:00,VCIT
82.9335,82.9361,82.93,82.93,2586,2022-05-27 17:34:00,VCIT
82.93,82.935,82.93,82.9304,1485,2022-05-27 17:35:00,VCIT
82.935,82.935,82.9318,82.9318,1322,2022-05-27 17:36:00,VCIT
82.9374,82.9374,82.9342,82.9342,1868,2022-05-27 17:37:00,VCIT
82.9306,82.935,82.9306,82.935,3184,2022-05-27 17:38:00,VCIT
82.935,82.935,82.93,82.93,1413,2022-05-27 17:39:00,VCIT
82.92,82.93,82.92,82.93,1114,2022-05-27 17:40:00,VCIT
82.93,82.93,82.93,82.93,100,2022-05-27 17:41:00,VCIT
82.936,82.94,82.936,82.94,700,2022-05-27 17:42:00,VCIT
82.945,82.95,82.945,82.95,1518,2022-05-27 17:43:00,VCIT
82.94,82.9433,82.935,82.9394,9147,2022-05-27 17:44:00,VCIT
82.9404,82.9404,82.94,82.94,386,2022-05-27 17:45:00,VCIT
82.94,82.94,82.935,82.935,220,2022-05-27 17:46:00,VCIT
82.945,82.945,82.945,82.945,6137,2022-05-27 17:48:00,VCIT
82.95,82.95,82.95,82.95,200,2022-05-27 17:50:00,VCIT
82.95,82.95,82.95,82.95,1549,2022-05-27 17:51:00,VCIT
82.944,82.944,82.944,82.944,450,2022-05-27 17:52:00,VCIT
82.945,82.945,82.945,82.945,4818,2022-05-27 17:53:00,VCIT
82.9439,82.9439,82.9439,82.9439,1662,2022-05-27 17:54:00,VCIT
82.95,82.95,82.95,82.95,300,2022-05-27 17:55:00,VCIT
82.955,82.965,82.955,82.965,1696,2022-05-27 17:56:00,VCIT
82.963,82.9685,82.96,82.96,1101,2022-05-27 17:57:00,VCIT
82.96,82.96,82.96,82.96,1817,2022-05-27 17:58:00,VCIT
82.955,82.965,82.955,82.96,2003,2022-05-27 17:59:00,VCIT
82.96,82.97,82.96,82.97,14633,2022-05-27 18:00:00,VCIT
82.966,82.97,82.955,82.96,2745,2022-05-27 18:01:00,VCIT
82.955,82.955,82.95,82.9544,971,2022-05-27 18:02:00,VCIT
82.955,82.955,82.95,82.95,2100,2022-05-27 18:03:00,VCIT
82.95,82.95,82.95,82.95,300,2022-05-27 18:04:00,VCIT
82.957,82.957,82.957,82.957,600,2022-05-27 18:05:00,VCIT
82.955,82.955,82.955,82.955,1968,2022-05-27 18:06:00,VCIT
82.9501,82.9501,82.95,82.95,600,2022-05-27 18:08:00,VCIT
82.955,82.955,82.95,82.95,2946,2022-05-27 18:09:00,VCIT
82.9421,82.9473,82.9421,82.9473,2254,2022-05-27 18:10:00,VCIT
82.95,82.955,82.95,82.955,8515,2022-05-27 18:11:00,VCIT
82.96,82.96,82.96,82.96,200,2022-05-27 18:12:00,VCIT
82.96,82.96,82.96,82.96,100,2022-05-27 18:13:00,VCIT
82.9604,82.9614,82.94,82.95,24718,2022-05-27 18:14:00,VCIT
82.945,82.95,82.945,82.95,931,2022-05-27 18:15:00,VCIT
82.947,82.947,82.945,82.945,2870,2022-05-27 18:16:00,VCIT
82.94,82.95,82.94,82.95,1256,2022-05-27 18:17:00,VCIT
82.9476,82.95,82.9476,82.95,701,2022-05-27 18:18:00,VCIT
82.95,82.95,82.945,82.9475,5026,2022-05-27 18:19:00,VCIT
82.95,82.95,82.95,82.95,120,2022-05-27 18:20:00,VCIT
82.945,82.95,82.94,82.945,12730,2022-05-27 18:21:00,VCIT
82.94,82.945,82.93,82.935,8534,2022-05-27 18:22:00,VCIT
82.94,82.94,82.94,82.94,100,2022-05-27 18:23:00,VCIT
82.9367,82.94,82.9367,82.94,10706,2022-05-27 18:24:00,VCIT
82.94,82.9467,82.94,82.9401,874,2022-05-27 18:25:00,VCIT
82.95,82.95,82.95,82.95,937,2022-05-27 18:26:00,VCIT
82.95,82.959,82.95,82.9501,1622,2022-05-27 18:27:00,VCIT
82.955,82.955,82.9504,82.9504,1433,2022-05-27 18:28:00,VCIT
82.96,82.96,82.95,82.95,1475,2022-05-27 18:29:00,VCIT
82.95,82.9565,82.95,82.9535,759,2022-05-27 18:30:00,VCIT
82.9556,82.9556,82.955,82.955,754,2022-05-27 18:31:00,VCIT
82.955,82.9564,82.955,82.9564,2347,2022-05-27 18:32:00,VCIT
82.955,82.955,82.955,82.955,100,2022-05-27 18:33:00,VCIT
82.955,82.955,82.955,82.955,245,2022-05-27 18:34:00,VCIT
82.955,82.96,82.9501,82.9501,3044,2022-05-27 18:35:00,VCIT
82.96,82.96,82.951,82.951,779,2022-05-27 18:36:00,VCIT
82.9584,82.9584,82.95,82.9532,8346,2022-05-27 18:37:00,VCIT
82.9539,82.96,82.95,82.955,1560,2022-05-27 18:38:00,VCIT
82.95,82.95,82.94,82.94,3893,2022-05-27 18:39:00,VCIT
82.94,82.9458,82.94,82.945,1182,2022-05-27 18:40:00,VCIT
82.945,82.945,82.935,82.935,3792,2022-05-27 18:41:00,VCIT
82.94,82.94,82.935,82.94,1031,2022-05-27 18:42:00,VCIT
82.9335,82.935,82.93,82.935,2143,2022-05-27 18:43:00,VCIT
82.935,82.935,82.935,82.935,1003,2022-05-27 18:44:00,VCIT
82.931,82.935,82.931,82.935,1437,2022-05-27 18:45:00,VCIT
82.935,82.94,82.93,82.935,1156,2022-05-27 18:46:00,VCIT
82.93,82.9399,82.925,82.925,3712,2022-05-27 18:47:00,VCIT
82.925,82.925,82.925,82.925,2470,2022-05-27 18:48:00,VCIT
82.93,82.935,82.93,82.935,7251,2022-05-27 18:49:00,VCIT
82.935,82.94,82.935,82.935,5857,2022-05-27 18:50:00,VCIT
82.94,82.94,82.94,82.94,292,2022-05-27 18:51:00,VCIT
82.9412,82.945,82.9412,82.945,949,2022-05-27 18:52:00,VCIT
82.945,82.95,82.945,82.945,1217,2022-05-27 18:53:00,VCIT
82.94,82.945,82.94,82.945,590,2022-05-27 18:54:00,VCIT
82.95,82.95,82.942,82.942,200,2022-05-27 18:55:00,VCIT
82.95,82.96,82.9407,82.96,36482,2022-05-27 18:56:00,VCIT
82.96,82.97,82.96,82.97,1054,2022-05-27 18:57:00,VCIT
82.965,82.97,82.9624,82.9624,1211,2022-05-27 18:58:00,VCIT
82.97,82.985,82.97,82.985,1981,2022-05-27 18:59:00,VCIT
82.98,82.9852,82.975,82.98,6680,2022-05-27 19:00:00,VCIT
82.98,82.98,82.97,82.975,2446,2022-05-27 19:01:00,VCIT
82.975,82.975,82.945,82.945,16094,2022-05-27 19:02:00,VCIT
82.947,82.955,82.947,82.955,1002,2022-05-27 19:03:00,VCIT
82.9601,82.97,82.96,82.97,16203,2022-05-27 19:04:00,VCIT
82.9625,82.99,82.9625,82.9835,834452,2022-05-27 19:05:00,VCIT
82.9839,82.985,82.9839,82.985,1159,2022-05-27 19:06:00,VCIT
82.99,83.0,82.99,82.995,5263,2022-05-27 19:07:00,VCIT
82.9903,82.995,82.9903,82.995,310,2022-05-27 19:08:00,VCIT
82.99,82.995,82.99,82.995,541,2022-05-27 19:09:00,VCIT
82.995,83.0,82.9901,83.0,1849,2022-05-27 19:10:00,VCIT
82.995,83.005,82.995,83.0001,1975,2022-05-27 19:11:00,VCIT
83.01,83.02,83.005,83.02,1462,2022-05-27 19:12:00,VCIT
83.0133,83.02,83.0123,83.015,1127,2022-05-27 19:13:00,VCIT
83.019,83.02,83.01,83.0136,3474,2022-05-27 19:14:00,VCIT
83.015,83.02,83.015,83.02,2319,2022-05-27 19:15:00,VCIT
83.019,83.02,83.0,83.0,15143,2022-05-27 19:16:00,VCIT
83.0,83.005,83.0,83.005,2054,2022-05-27 19:17:00,VCIT
83.005,83.0091,83.0001,83.0001,3120,2022-05-27 19:18:00,VCIT
83.005,83.005,83.0,83.005,3760,2022-05-27 19:19:00,VCIT
83.005,83.01,83.005,83.01,500,2022-05-27 19:20:00,VCIT
83.005,83.01,83.0035,83.01,16902,2022-05-27 19:21:00,VCIT
83.0042,83.015,83.0042,83.0116,4474,2022-05-27 19:22:00,VCIT
83.02,83.02,83.0101,83.02,1298,2022-05-27 19:23:00,VCIT
83.02,83.03,83.02,83.025,1404,2022-05-27 19:24:00,VCIT
83.03,83.05,83.03,83.05,1231,2022-05-27 19:25:00,VCIT
83.05,83.05,83.04,83.05,1275,2022-05-27 19:26:00,VCIT
83.0491,83.05,83.04,83.049,1944,2022-05-27 19:27:00,VCIT
83.04,83.05,83.04,83.049,7481,2022-05-27 19:28:00,VCIT
83.04,83.05,83.04,83.05,3848,2022-05-27 19:29:00,VCIT
83.04,83.05,83.04,83.04,9300,2022-05-27 19:30:00,VCIT
83.04,83.05,83.04,83.045,6824,2022-05-27 19:31:00,VCIT
83.045,83.045,83.04,83.04,7894,2022-05-27 19:32:00,VCIT
83.04,83.0458,83.04,83.04,6300,2022-05-27 19:33:00,VCIT
83.04,83.045,83.035,83.035,6055,2022-05-27 19:34:00,VCIT
83.03,83.03,83.01,83.02,7203,2022-05-27 19:35:00,VCIT
83.0199,83.0199,83.01,83.01,7436,2022-05-27 19:36:00,VCIT
83.015,83.015,83.015,83.015,100,2022-05-27 19:37:00,VCIT
83.015,83.02,83.01,83.02,6572,2022-05-27 19:38:00,VCIT
83.0139,83.025,83.0139,83.02,11089,2022-05-27 19:39:00,VCIT
83.024,83.0292,83.02,83.0209,10866,2022-05-27 19:40:00,VCIT
83.0263,83.03,83.02,83.025,11465,2022-05-27 19:41:00,VCIT
83.025,83.029,83.02,83.029,2471,2022-05-27 19:42:00,VCIT
83.02,83.032,83.02,83.032,30049,2022-05-27 19:43:00,VCIT
83.04,83.04,83.033,83.04,1781,2022-05-27 19:44:00,VCIT
83.03,83.031,83.03,83.031,3108,2022-05-27 19:45:00,VCIT
83.03,83.03,83.02,83.02,3056,2022-05-27 19:46:00,VCIT
83.015,83.03,83.01,83.03,19678,2022-05-27 19:47:00,VCIT
83.035,83.035,83.0301,83.035,1933,2022-05-27 19:48:00,VCIT
83.035,83.035,83.03,83.03,200,2022-05-27 19:49:00,VCIT
83.03,83.04,83.03,83.035,2700,2022-05-27 19:50:00,VCIT
83.035,83.04,83.035,83.04,1808,2022-05-27 19:51:00,VCIT
83.045,83.045,83.04,83.045,1006,2022-05-27 19:52:00,VCIT
83.035,83.035,83.025,83.03,3208,2022-05-27 19:53:00,VCIT
83.0241,83.03,83.023,83.03,4286,2022-05-27 19:54:00,VCIT
83.04,83.04,83.035,83.035,1914,2022-05-27 19:55:00,VCIT
83.04,83.04,83.03,83.03,1826,2022-05-27 19:56:00,VCIT
83.035,83.0375,83.02,83.03,24862,2022-05-27 19:57:00,VCIT
83.025,83.025,83.02,83.025,1659,2022-05-27 19:58:00,VCIT
83.03,83.04,83.03,83.03,30155,2022-05-27 19:59:00,VCIT
83.02,83.02,83.02,83.02,44258,2022-05-27 20:00:00,VCIT
82.75,82.75,82.75,82.75,193,2022-05-27 21:07:00,VCIT
