open,high,low,close,volume,datetime,symbol
29.81,29.81,29.8,29.8,802,2021-09-01 13:30:00,SDVY
29.72,29.72,29.71,29.71,1105,2021-09-01 13:32:00,SDVY
29.71,29.71,29.71,29.71,378,2021-09-01 13:33:00,SDVY
29.7,29.7,29.7,29.7,200,2021-09-01 13:38:00,SDVY
29.6578,29.6578,29.6578,29.6578,270,2021-09-01 13:40:00,SDVY
29.6,29.6,29.6,29.6,200,2021-09-01 13:44:00,SDVY
29.58,29.58,29.58,29.58,100,2021-09-01 13:45:00,SDVY
29.5525,29.5525,29.5525,29.5525,475,2021-09-01 13:48:00,SDVY
29.55,29.56,29.55,29.56,700,2021-09-01 13:49:00,SDVY
29.51,29.51,29.51,29.51,1000,2021-09-01 13:52:00,SDVY
29.455,29.455,29.455,29.455,400,2021-09-01 13:58:00,SDVY
29.55,29.55,29.53,29.5325,2844,2021-09-01 14:11:00,SDVY
29.5181,29.5265,29.5181,29.5265,1815,2021-09-01 14:15:00,SDVY
29.56,29.56,29.56,29.56,100,2021-09-01 14:38:00,SDVY
29.585,29.585,29.585,29.585,850,2021-09-01 14:40:00,SDVY
29.63,29.6301,29.63,29.63,970,2021-09-01 15:09:00,SDVY
29.57,29.57,29.57,29.57,100,2021-09-01 15:16:00,SDVY
29.5921,29.5921,29.5921,29.5921,240,2021-09-01 15:53:00,SDVY
29.59,29.59,29.59,29.59,231,2021-09-01 15:56:00,SDVY
29.64,29.64,29.64,29.64,100,2021-09-01 16:16:00,SDVY
29.67,29.67,29.67,29.67,200,2021-09-01 16:25:00,SDVY
29.6684,29.6684,29.6684,29.6684,588,2021-09-01 16:30:00,SDVY
29.74,29.75,29.74,29.75,1550,2021-09-01 16:40:00,SDVY
29.75,29.75,29.74,29.74,3450,2021-09-01 16:41:00,SDVY
29.73,29.73,29.73,29.73,200,2021-09-01 16:48:00,SDVY
29.76,29.76,29.76,29.76,596,2021-09-01 17:00:00,SDVY
29.74,29.75,29.74,29.75,2100,2021-09-01 17:02:00,SDVY
29.7349,29.75,29.7349,29.75,535,2021-09-01 17:10:00,SDVY
29.74,29.74,29.74,29.74,200,2021-09-01 17:13:00,SDVY
29.7213,29.7213,29.7213,29.7213,2525,2021-09-01 17:22:00,SDVY
29.73,29.73,29.73,29.73,170,2021-09-01 17:25:00,SDVY
29.73,29.73,29.73,29.73,100,2021-09-01 17:32:00,SDVY
29.7452,29.7452,29.7452,29.7452,200,2021-09-01 17:54:00,SDVY
29.738,29.738,29.738,29.738,435,2021-09-01 17:55:00,SDVY
29.758,29.758,29.758,29.758,340,2021-09-01 17:58:00,SDVY
29.75,29.75,29.75,29.75,100,2021-09-01 18:00:00,SDVY
29.7698,29.7698,29.76,29.76,505,2021-09-01 18:04:00,SDVY
29.76,29.76,29.76,29.76,680,2021-09-01 18:06:00,SDVY
29.75,29.75,29.75,29.75,100,2021-09-01 18:10:00,SDVY
29.74,29.74,29.74,29.74,100,2021-09-01 18:17:00,SDVY
29.7217,29.73,29.7217,29.73,400,2021-09-01 18:31:00,SDVY
29.7,29.7,29.7,29.7,3000,2021-09-01 18:51:00,SDVY
29.7,29.71,29.7,29.7,7100,2021-09-01 18:53:00,SDVY
29.7,29.7,29.7,29.7,4200,2021-09-01 18:54:00,SDVY
29.6777,29.6777,29.6777,29.6777,115,2021-09-01 19:03:00,SDVY
29.6698,29.6698,29.6698,29.6698,310,2021-09-01 19:06:00,SDVY
29.65,29.65,29.65,29.65,500,2021-09-01 19:07:00,SDVY
29.645,29.645,29.645,29.645,400,2021-09-01 19:09:00,SDVY
29.6407,29.645,29.6407,29.645,1011,2021-09-01 19:10:00,SDVY
29.66,29.66,29.66,29.66,516,2021-09-01 19:11:00,SDVY
29.695,29.695,29.695,29.695,538,2021-09-01 19:16:00,SDVY
29.6901,29.6901,29.6901,29.6901,195,2021-09-01 19:21:00,SDVY
29.695,29.695,29.695,29.695,221,2021-09-01 19:22:00,SDVY
29.66,29.66,29.66,29.66,505,2021-09-01 19:27:00,SDVY
29.635,29.635,29.635,29.635,171,2021-09-01 19:40:00,SDVY
29.61,29.63,29.61,29.63,345,2021-09-01 19:43:00,SDVY
29.65,29.65,29.65,29.65,357,2021-09-01 19:49:00,SDVY
29.71,29.71,29.71,29.71,200,2021-09-01 19:53:00,SDVY
29.66,29.66,29.66,29.66,246,2021-09-01 19:59:00,SDVY
29.68,29.68,29.68,29.68,501,2021-09-02 13:30:00,SDVY
29.685,29.69,29.685,29.69,3873,2021-09-02 13:42:00,SDVY
29.687,29.687,29.687,29.687,359,2021-09-02 13:55:00,SDVY
29.675,29.675,29.675,29.675,195,2021-09-02 13:56:00,SDVY
29.7,29.7,29.6956,29.6956,1043,2021-09-02 13:58:00,SDVY
29.7,29.7,29.689,29.699,1020,2021-09-02 13:59:00,SDVY
29.6881,29.6881,29.6881,29.6881,134,2021-09-02 14:00:00,SDVY
29.7401,29.7401,29.7401,29.7401,400,2021-09-02 14:09:00,SDVY
29.68,29.69,29.68,29.69,400,2021-09-02 14:13:00,SDVY
29.8,29.8,29.8,29.8,102,2021-09-02 14:51:00,SDVY
29.75,29.75,29.75,29.75,135,2021-09-02 14:53:00,SDVY
29.795,29.795,29.795,29.795,400,2021-09-02 15:05:00,SDVY
29.8139,29.8139,29.8139,29.8139,500,2021-09-02 15:29:00,SDVY
29.8129,29.8129,29.8129,29.8129,550,2021-09-02 15:35:00,SDVY
29.82,29.82,29.82,29.82,757,2021-09-02 15:36:00,SDVY
29.82,29.82,29.82,29.82,500,2021-09-02 15:37:00,SDVY
29.8033,29.8033,29.8033,29.8033,1000,2021-09-02 15:44:00,SDVY
29.8569,29.8569,29.8569,29.8569,837,2021-09-02 15:50:00,SDVY
29.8451,29.8451,29.8451,29.8451,167,2021-09-02 16:04:00,SDVY
29.81,29.81,29.81,29.81,113,2021-09-02 16:20:00,SDVY
29.78,29.78,29.78,29.78,200,2021-09-02 16:21:00,SDVY
29.81,29.81,29.81,29.81,1100,2021-09-02 16:29:00,SDVY
29.7928,29.808,29.7928,29.808,449,2021-09-02 16:32:00,SDVY
29.7851,29.7851,29.7851,29.7851,218,2021-09-02 16:40:00,SDVY
29.8274,29.8274,29.8274,29.8274,2019,2021-09-02 16:55:00,SDVY
29.81,29.81,29.81,29.81,189,2021-09-02 16:58:00,SDVY
29.79,29.79,29.79,29.79,3965,2021-09-02 17:06:00,SDVY
29.77,29.77,29.77,29.77,300,2021-09-02 17:24:00,SDVY
29.745,29.745,29.745,29.745,142,2021-09-02 17:35:00,SDVY
29.74,29.74,29.74,29.74,259,2021-09-02 17:36:00,SDVY
29.7021,29.7021,29.7021,29.7021,215,2021-09-02 18:08:00,SDVY
29.705,29.705,29.705,29.705,335,2021-09-02 18:22:00,SDVY
29.695,29.695,29.695,29.695,1217,2021-09-02 18:25:00,SDVY
29.6955,29.6955,29.6955,29.6955,182,2021-09-02 18:26:00,SDVY
29.7199,29.72,29.7199,29.72,200,2021-09-02 18:35:00,SDVY
29.68,29.71,29.68,29.71,504,2021-09-02 18:41:00,SDVY
29.7,29.7,29.7,29.7,395,2021-09-02 18:42:00,SDVY
29.7252,29.7252,29.7252,29.7252,180,2021-09-02 19:06:00,SDVY
29.72,29.72,29.72,29.72,200,2021-09-02 19:10:00,SDVY
29.7,29.7,29.7,29.7,821,2021-09-02 19:12:00,SDVY
29.72,29.72,29.72,29.72,923,2021-09-02 19:22:00,SDVY
29.698,29.698,29.698,29.698,742,2021-09-02 19:33:00,SDVY
29.72,29.72,29.72,29.72,5952,2021-09-02 19:35:00,SDVY
29.71,29.71,29.71,29.71,200,2021-09-02 19:38:00,SDVY
29.73,29.73,29.73,29.73,200,2021-09-02 19:40:00,SDVY
29.7061,29.7061,29.7061,29.7061,281,2021-09-02 19:42:00,SDVY
29.7101,29.7101,29.7101,29.7101,400,2021-09-02 19:46:00,SDVY
29.72,29.725,29.7199,29.725,428,2021-09-02 19:47:00,SDVY
29.78,29.78,29.78,29.78,228,2021-09-02 19:51:00,SDVY
29.74,29.74,29.74,29.74,500,2021-09-02 19:57:00,SDVY
29.7323,29.7323,29.7323,29.7323,1584,2021-09-02 19:58:00,SDVY
29.73,29.73,29.73,29.73,122,2021-09-02 19:59:00,SDVY
29.83,29.83,29.83,29.83,203,2021-09-02 20:00:00,SDVY
29.79,29.79,29.74,29.74,971,2021-09-03 13:30:00,SDVY
29.66,29.66,29.66,29.66,117,2021-09-03 13:40:00,SDVY
29.69,29.69,29.69,29.69,400,2021-09-03 13:50:00,SDVY
29.67,29.67,29.67,29.67,300,2021-09-03 13:51:00,SDVY
29.641,29.641,29.641,29.641,843,2021-09-03 14:00:00,SDVY
29.6025,29.6025,29.6025,29.6025,400,2021-09-03 14:01:00,SDVY
29.626,29.626,29.626,29.626,527,2021-09-03 14:02:00,SDVY
29.59,29.59,29.59,29.59,169,2021-09-03 14:03:00,SDVY
29.61,29.61,29.61,29.61,300,2021-09-03 14:06:00,SDVY
29.63,29.63,29.63,29.63,176,2021-09-03 14:08:00,SDVY
29.7033,29.7033,29.7033,29.7033,500,2021-09-03 14:16:00,SDVY
29.695,29.695,29.695,29.695,841,2021-09-03 14:20:00,SDVY
29.64,29.64,29.64,29.64,300,2021-09-03 14:23:00,SDVY
29.62,29.62,29.62,29.62,350,2021-09-03 14:31:00,SDVY
29.6372,29.6372,29.6372,29.6372,2000,2021-09-03 14:32:00,SDVY
29.6397,29.6397,29.6397,29.6397,219,2021-09-03 14:33:00,SDVY
29.604,29.604,29.604,29.604,100,2021-09-03 14:53:00,SDVY
29.61,29.61,29.61,29.61,168,2021-09-03 14:58:00,SDVY
29.6557,29.6557,29.6557,29.6557,675,2021-09-03 15:08:00,SDVY
29.5998,29.5998,29.5998,29.5998,100,2021-09-03 15:29:00,SDVY
29.56,29.56,29.56,29.56,340,2021-09-03 15:35:00,SDVY
29.5601,29.5601,29.5601,29.5601,250,2021-09-03 15:36:00,SDVY
29.58,29.58,29.58,29.58,300,2021-09-03 15:51:00,SDVY
29.5874,29.5874,29.5874,29.5874,249,2021-09-03 16:00:00,SDVY
29.57,29.57,29.57,29.57,400,2021-09-03 16:06:00,SDVY
29.565,29.565,29.565,29.565,100,2021-09-03 16:15:00,SDVY
29.58,29.58,29.5799,29.5799,352,2021-09-03 16:21:00,SDVY
29.595,29.595,29.595,29.595,512,2021-09-03 16:26:00,SDVY
29.5908,29.5908,29.5908,29.5908,140,2021-09-03 16:28:00,SDVY
29.63,29.63,29.63,29.63,400,2021-09-03 17:02:00,SDVY
29.6229,29.63,29.6229,29.63,337,2021-09-03 17:05:00,SDVY
29.6562,29.6562,29.6562,29.6562,329,2021-09-03 17:12:00,SDVY
29.69,29.69,29.69,29.69,400,2021-09-03 17:24:00,SDVY
29.68,29.68,29.68,29.68,26863,2021-09-03 17:25:00,SDVY
29.695,29.695,29.695,29.695,200,2021-09-03 17:27:00,SDVY
29.69,29.69,29.69,29.69,600,2021-09-03 17:28:00,SDVY
29.69,29.69,29.69,29.69,1400,2021-09-03 17:29:00,SDVY
29.7,29.7,29.7,29.7,603,2021-09-03 17:34:00,SDVY
29.7,29.7,29.69,29.69,2500,2021-09-03 17:35:00,SDVY
29.7063,29.7063,29.7,29.7,1585,2021-09-03 17:36:00,SDVY
29.72,29.72,29.72,29.72,300,2021-09-03 17:48:00,SDVY
29.72,29.72,29.72,29.72,1834,2021-09-03 17:58:00,SDVY
29.71,29.71,29.71,29.71,2138,2021-09-03 18:00:00,SDVY
29.71,29.71,29.71,29.71,100,2021-09-03 18:12:00,SDVY
29.68,29.68,29.68,29.68,239,2021-09-03 18:25:00,SDVY
29.685,29.685,29.685,29.685,165,2021-09-03 18:26:00,SDVY
29.68,29.68,29.68,29.68,326,2021-09-03 18:34:00,SDVY
29.69,29.69,29.69,29.69,100,2021-09-03 18:58:00,SDVY
29.71,29.71,29.71,29.71,200,2021-09-03 19:08:00,SDVY
29.7,29.7,29.7,29.7,855,2021-09-03 19:12:00,SDVY
29.69,29.69,29.69,29.69,1550,2021-09-03 19:16:00,SDVY
29.69,29.69,29.68,29.68,1965,2021-09-03 19:20:00,SDVY
29.68,29.68,29.68,29.68,100,2021-09-03 19:23:00,SDVY
29.67,29.67,29.67,29.67,200,2021-09-03 19:24:00,SDVY
29.6535,29.6535,29.6535,29.6535,679,2021-09-03 19:35:00,SDVY
29.64,29.64,29.64,29.64,740,2021-09-03 19:39:00,SDVY
29.64,29.64,29.64,29.64,200,2021-09-03 19:40:00,SDVY
29.6887,29.6887,29.6887,29.6887,270,2021-09-03 19:52:00,SDVY
29.61,29.61,29.61,29.61,213,2021-09-03 19:59:00,SDVY
29.67,29.67,29.63,29.63,902,2021-09-07 13:30:00,SDVY
29.6901,29.6901,29.6901,29.6901,845,2021-09-07 13:31:00,SDVY
29.62,29.62,29.62,29.62,200,2021-09-07 13:38:00,SDVY
29.62,29.62,29.62,29.62,9100,2021-09-07 13:41:00,SDVY
29.57,29.57,29.57,29.57,200,2021-09-07 13:47:00,SDVY
29.6281,29.6281,29.6281,29.6281,160,2021-09-07 13:53:00,SDVY
29.66,29.66,29.66,29.66,106,2021-09-07 13:54:00,SDVY
29.64,29.64,29.64,29.64,200,2021-09-07 14:04:00,SDVY
29.64,29.64,29.64,29.64,252,2021-09-07 14:06:00,SDVY
29.6,29.6,29.6,29.6,4000,2021-09-07 14:08:00,SDVY
29.58,29.58,29.58,29.58,100,2021-09-07 14:16:00,SDVY
29.59,29.59,29.59,29.59,100,2021-09-07 14:20:00,SDVY
29.55,29.55,29.55,29.55,100,2021-09-07 14:30:00,SDVY
29.46,29.48,29.46,29.48,1865,2021-09-07 14:34:00,SDVY
29.51,29.51,29.51,29.51,100,2021-09-07 14:45:00,SDVY
29.5,29.5,29.5,29.5,1471,2021-09-07 14:48:00,SDVY
29.51,29.51,29.51,29.51,100,2021-09-07 14:53:00,SDVY
29.4856,29.4856,29.4856,29.4856,255,2021-09-07 15:11:00,SDVY
29.51,29.51,29.51,29.51,300,2021-09-07 15:22:00,SDVY
29.51,29.51,29.51,29.51,183,2021-09-07 15:28:00,SDVY
29.5657,29.5657,29.5657,29.5657,676,2021-09-07 15:31:00,SDVY
29.47,29.47,29.47,29.47,1200,2021-09-07 15:42:00,SDVY
29.3933,29.3933,29.3933,29.3933,441,2021-09-07 15:58:00,SDVY
29.4283,29.4283,29.4283,29.4283,1700,2021-09-07 15:59:00,SDVY
29.41,29.4297,29.41,29.4297,252,2021-09-07 16:03:00,SDVY
29.389,29.389,29.389,29.389,300,2021-09-07 16:26:00,SDVY
29.38,29.38,29.38,29.38,500,2021-09-07 16:29:00,SDVY
29.389,29.4064,29.389,29.4064,2435,2021-09-07 16:33:00,SDVY
29.395,29.395,29.395,29.395,1000,2021-09-07 16:36:00,SDVY
29.39,29.39,29.39,29.39,5100,2021-09-07 16:41:00,SDVY
29.4,29.4,29.4,29.4,100,2021-09-07 16:44:00,SDVY
29.4374,29.4374,29.4374,29.4374,753,2021-09-07 16:48:00,SDVY
29.42,29.42,29.42,29.42,100,2021-09-07 16:51:00,SDVY
29.439,29.439,29.439,29.439,700,2021-09-07 16:57:00,SDVY
29.425,29.425,29.425,29.425,121,2021-09-07 17:10:00,SDVY
29.44,29.44,29.4358,29.44,952,2021-09-07 17:12:00,SDVY
29.41,29.41,29.41,29.41,250,2021-09-07 17:13:00,SDVY
29.45,29.46,29.45,29.45,2000,2021-09-07 17:17:00,SDVY
29.445,29.445,29.445,29.445,700,2021-09-07 17:18:00,SDVY
29.4263,29.4263,29.4263,29.4263,146,2021-09-07 17:23:00,SDVY
29.41,29.41,29.41,29.41,200,2021-09-07 17:36:00,SDVY
29.4439,29.4439,29.4439,29.4439,200,2021-09-07 17:46:00,SDVY
29.42,29.42,29.42,29.42,100,2021-09-07 17:51:00,SDVY
29.4273,29.4273,29.4273,29.4273,1000,2021-09-07 17:53:00,SDVY
29.435,29.435,29.435,29.435,700,2021-09-07 18:00:00,SDVY
29.445,29.445,29.445,29.445,660,2021-09-07 18:04:00,SDVY
29.43,29.4391,29.43,29.43,1755,2021-09-07 18:12:00,SDVY
29.4391,29.4391,29.4391,29.4391,485,2021-09-07 18:13:00,SDVY
29.4173,29.4173,29.4173,29.4173,167,2021-09-07 18:16:00,SDVY
29.3653,29.3653,29.3653,29.3653,280,2021-09-07 18:30:00,SDVY
29.36,29.36,29.36,29.36,400,2021-09-07 18:33:00,SDVY
29.3631,29.3631,29.3631,29.3631,500,2021-09-07 18:39:00,SDVY
29.365,29.365,29.365,29.365,140,2021-09-07 18:43:00,SDVY
29.35,29.35,29.35,29.35,455,2021-09-07 19:15:00,SDVY
29.35,29.35,29.35,29.35,960,2021-09-07 19:16:00,SDVY
29.34,29.34,29.34,29.34,1690,2021-09-07 19:18:00,SDVY
29.34,29.34,29.34,29.34,180,2021-09-07 19:35:00,SDVY
29.314,29.314,29.314,29.314,100,2021-09-07 19:43:00,SDVY
29.27,29.27,29.27,29.27,135,2021-09-07 19:59:00,SDVY
29.18,29.18,29.12,29.12,823,2021-09-08 13:30:00,SDVY
29.16,29.16,29.16,29.16,200,2021-09-08 13:46:00,SDVY
29.17,29.17,29.17,29.17,490,2021-09-08 13:48:00,SDVY
29.1,29.1,29.1,29.1,700,2021-09-08 13:51:00,SDVY
29.1,29.107,29.094,29.094,1719,2021-09-08 13:54:00,SDVY
29.1049,29.1049,29.1049,29.1049,108,2021-09-08 13:55:00,SDVY
29.1064,29.1064,29.1064,29.1064,184,2021-09-08 14:07:00,SDVY
29.0,29.0,29.0,29.0,190,2021-09-08 14:36:00,SDVY
28.9529,28.9529,28.9529,28.9529,200,2021-09-08 14:42:00,SDVY
28.9126,28.9126,28.9126,28.9126,1600,2021-09-08 14:46:00,SDVY
29.029,29.029,29.029,29.029,860,2021-09-08 15:09:00,SDVY
29.0444,29.0444,29.0444,29.0444,138,2021-09-08 15:13:00,SDVY
29.05,29.05,29.05,29.05,100,2021-09-08 15:16:00,SDVY
29.03,29.03,29.03,29.03,400,2021-09-08 15:33:00,SDVY
29.01,29.01,29.01,29.01,108,2021-09-08 15:35:00,SDVY
29.02,29.02,29.02,29.02,560,2021-09-08 15:40:00,SDVY
29.03,29.04,29.03,29.03,1800,2021-09-08 15:42:00,SDVY
29.03,29.03,29.0197,29.0197,2300,2021-09-08 15:43:00,SDVY
29.01,29.01,29.01,29.01,900,2021-09-08 15:44:00,SDVY
29.0061,29.0061,29.0061,29.0061,1010,2021-09-08 15:45:00,SDVY
29.03,29.03,29.02,29.02,940,2021-09-08 15:47:00,SDVY
28.99,28.99,28.99,28.99,400,2021-09-08 15:55:00,SDVY
29.0199,29.0199,29.0199,29.0199,1106,2021-09-08 15:56:00,SDVY
28.9945,28.9945,28.9945,28.9945,350,2021-09-08 15:58:00,SDVY
29.005,29.005,29.005,29.005,650,2021-09-08 16:00:00,SDVY
29.083,29.09,29.07,29.09,900,2021-09-08 16:02:00,SDVY
29.08,29.08,29.08,29.08,950,2021-09-08 16:04:00,SDVY
29.13,29.13,29.13,29.13,300,2021-09-08 16:13:00,SDVY
29.115,29.115,29.115,29.115,300,2021-09-08 16:15:00,SDVY
29.1399,29.1399,29.1399,29.1399,8181,2021-09-08 16:20:00,SDVY
29.13,29.13,29.13,29.13,300,2021-09-08 16:38:00,SDVY
29.13,29.14,29.13,29.14,3000,2021-09-08 16:45:00,SDVY
29.1199,29.1199,29.1199,29.1199,6242,2021-09-08 16:46:00,SDVY
29.1145,29.1145,29.1145,29.1145,165,2021-09-08 16:48:00,SDVY
29.067,29.067,29.067,29.067,142,2021-09-08 17:37:00,SDVY
29.06,29.06,29.06,29.06,300,2021-09-08 17:40:00,SDVY
29.055,29.055,29.055,29.055,102,2021-09-08 17:44:00,SDVY
29.04,29.04,29.04,29.04,200,2021-09-08 17:51:00,SDVY
29.0415,29.0415,29.0415,29.0415,235,2021-09-08 17:57:00,SDVY
29.06,29.06,29.06,29.06,134,2021-09-08 18:02:00,SDVY
29.0773,29.0773,29.0773,29.0773,1000,2021-09-08 18:07:00,SDVY
29.079,29.079,29.079,29.079,160,2021-09-08 18:10:00,SDVY
29.07,29.07,29.06,29.06,600,2021-09-08 18:15:00,SDVY
29.04,29.04,29.04,29.04,100,2021-09-08 18:18:00,SDVY
29.0344,29.0344,29.0344,29.0344,165,2021-09-08 18:28:00,SDVY
29.035,29.04,29.03,29.04,400,2021-09-08 18:29:00,SDVY
29.02,29.02,29.02,29.02,1000,2021-09-08 18:34:00,SDVY
29.0158,29.0276,29.0158,29.0276,992,2021-09-08 18:46:00,SDVY
29.03,29.03,29.03,29.03,200,2021-09-08 18:50:00,SDVY
29.055,29.055,29.055,29.055,244,2021-09-08 19:06:00,SDVY
29.055,29.055,29.0522,29.0522,651,2021-09-08 19:07:00,SDVY
29.06,29.06,29.06,29.06,184,2021-09-08 19:08:00,SDVY
29.055,29.055,29.055,29.055,166,2021-09-08 19:09:00,SDVY
29.0625,29.0625,29.0504,29.0504,655,2021-09-08 19:10:00,SDVY
29.0646,29.0646,29.0646,29.0646,103,2021-09-08 19:11:00,SDVY
29.0758,29.0758,29.0758,29.0758,520,2021-09-08 19:12:00,SDVY
29.0575,29.0575,29.0575,29.0575,102,2021-09-08 19:13:00,SDVY
29.0797,29.08,29.0797,29.08,509,2021-09-08 19:14:00,SDVY
29.08,29.08,29.08,29.08,754,2021-09-08 19:15:00,SDVY
29.08,29.08,29.08,29.08,280,2021-09-08 19:16:00,SDVY
29.0868,29.0868,29.0868,29.0868,500,2021-09-08 19:21:00,SDVY
29.088,29.09,29.088,29.09,1900,2021-09-08 19:23:00,SDVY
29.09,29.09,29.088,29.088,900,2021-09-08 19:24:00,SDVY
29.08,29.08,29.08,29.08,300,2021-09-08 19:27:00,SDVY
29.075,29.075,29.075,29.075,600,2021-09-08 19:28:00,SDVY
29.065,29.08,29.065,29.078,1800,2021-09-08 19:30:00,SDVY
29.08,29.08,29.05,29.07,4238,2021-09-08 19:31:00,SDVY
29.08,29.08,29.078,29.078,1100,2021-09-08 19:32:00,SDVY
29.07,29.07,29.0649,29.07,2899,2021-09-08 19:33:00,SDVY
29.08,29.08,29.078,29.08,3000,2021-09-08 19:34:00,SDVY
29.07,29.07,29.07,29.07,1000,2021-09-08 19:39:00,SDVY
29.0797,29.0797,29.0797,29.0797,1100,2021-09-08 19:42:00,SDVY
29.08,29.08,29.08,29.08,400,2021-09-08 19:49:00,SDVY
29.1,29.1,29.1,29.1,1000,2021-09-08 19:50:00,SDVY
29.06,29.06,29.06,29.06,200,2021-09-08 19:54:00,SDVY
29.05,29.1221,29.05,29.09,1070,2021-09-08 19:59:00,SDVY
28.98,28.98,28.98,28.98,149,2021-09-08 20:00:00,SDVY
29.02,29.05,29.02,29.05,720,2021-09-09 13:30:00,SDVY
29.12,29.12,29.12,29.12,300,2021-09-09 13:40:00,SDVY
29.0931,29.0931,29.0931,29.0931,112,2021-09-09 13:54:00,SDVY
29.11,29.11,29.11,29.11,775,2021-09-09 13:59:00,SDVY
29.25,29.25,29.25,29.25,400,2021-09-09 14:15:00,SDVY
29.245,29.245,29.2346,29.2346,782,2021-09-09 14:16:00,SDVY
29.2363,29.2363,29.2363,29.2363,150,2021-09-09 14:28:00,SDVY
29.21,29.21,29.21,29.21,100,2021-09-09 14:30:00,SDVY
29.2654,29.2654,29.2654,29.2654,500,2021-09-09 14:33:00,SDVY
29.2701,29.2701,29.2701,29.2701,137,2021-09-09 14:38:00,SDVY
29.2761,29.2761,29.2761,29.2761,242,2021-09-09 14:39:00,SDVY
29.275,29.275,29.275,29.275,203,2021-09-09 14:45:00,SDVY
29.22,29.22,29.22,29.22,300,2021-09-09 15:20:00,SDVY
29.2092,29.21,29.2092,29.21,200,2021-09-09 15:21:00,SDVY
29.21,29.21,29.21,29.21,100,2021-09-09 15:28:00,SDVY
29.19,29.21,29.19,29.2,6327,2021-09-09 15:32:00,SDVY
29.22,29.22,29.22,29.22,800,2021-09-09 15:39:00,SDVY
29.23,29.23,29.21,29.21,740,2021-09-09 16:03:00,SDVY
29.23,29.23,29.23,29.23,100,2021-09-09 16:39:00,SDVY
29.23,29.23,29.23,29.23,240,2021-09-09 16:40:00,SDVY
29.212,29.212,29.212,29.212,125,2021-09-09 16:41:00,SDVY
29.23,29.23,29.23,29.23,100,2021-09-09 16:46:00,SDVY
29.23,29.23,29.23,29.23,1155,2021-09-09 16:49:00,SDVY
29.21,29.21,29.21,29.21,100,2021-09-09 16:56:00,SDVY
29.22,29.22,29.22,29.22,100,2021-09-09 17:02:00,SDVY
29.22,29.22,29.22,29.22,300,2021-09-09 17:09:00,SDVY
29.19,29.23,29.19,29.23,502,2021-09-09 17:15:00,SDVY
29.13,29.13,29.13,29.13,500,2021-09-09 17:28:00,SDVY
29.1099,29.11,29.1099,29.11,1373,2021-09-09 17:34:00,SDVY
29.0943,29.0943,29.0943,29.0943,139,2021-09-09 17:36:00,SDVY
29.065,29.065,29.065,29.065,244,2021-09-09 17:40:00,SDVY
29.08,29.08,29.08,29.08,1000,2021-09-09 17:41:00,SDVY
29.09,29.09,29.0895,29.0895,1900,2021-09-09 17:43:00,SDVY
29.075,29.075,29.075,29.075,125,2021-09-09 17:44:00,SDVY
29.09,29.09,29.09,29.09,167,2021-09-09 17:45:00,SDVY
29.11,29.12,29.11,29.12,2300,2021-09-09 17:55:00,SDVY
29.1075,29.12,29.1075,29.12,270,2021-09-09 17:58:00,SDVY
29.1,29.1,29.0975,29.0975,600,2021-09-09 17:59:00,SDVY
29.09,29.09,29.09,29.09,100,2021-09-09 18:00:00,SDVY
29.078,29.078,29.078,29.078,500,2021-09-09 18:01:00,SDVY
29.12,29.12,29.12,29.12,300,2021-09-09 18:02:00,SDVY
29.051,29.051,29.051,29.051,250,2021-09-09 18:03:00,SDVY
29.06,29.06,29.06,29.06,150,2021-09-09 18:06:00,SDVY
29.08,29.08,29.08,29.08,100,2021-09-09 18:32:00,SDVY
29.06,29.07,29.06,29.07,25904,2021-09-09 18:43:00,SDVY
29.0785,29.0785,29.0785,29.0785,2764,2021-09-09 18:46:00,SDVY
29.1063,29.1063,29.1063,29.1063,400,2021-09-09 18:49:00,SDVY
29.13,29.13,29.13,29.13,236,2021-09-09 19:04:00,SDVY
29.1347,29.1347,29.1347,29.1347,899,2021-09-09 19:08:00,SDVY
29.15,29.15,29.15,29.15,300,2021-09-09 19:09:00,SDVY
29.1638,29.1638,29.1638,29.1638,100,2021-09-09 19:11:00,SDVY
29.15,29.15,29.15,29.15,287,2021-09-09 19:14:00,SDVY
29.135,29.135,29.135,29.135,539,2021-09-09 19:16:00,SDVY
29.1499,29.15,29.1228,29.1228,769,2021-09-09 19:22:00,SDVY
29.1567,29.1567,29.1567,29.1567,990,2021-09-09 19:28:00,SDVY
29.13,29.13,29.13,29.13,424,2021-09-09 19:31:00,SDVY
29.2001,29.2001,29.2001,29.2001,470,2021-09-09 19:39:00,SDVY
29.19,29.19,29.19,29.19,1000,2021-09-09 19:40:00,SDVY
29.18,29.18,29.18,29.18,315,2021-09-09 19:49:00,SDVY
29.11,29.11,29.1,29.1,500,2021-09-09 19:54:00,SDVY
29.1242,29.1242,29.11,29.11,1540,2021-09-09 19:55:00,SDVY
29.1128,29.1128,29.1128,29.1128,300,2021-09-09 19:56:00,SDVY
29.0975,29.0975,29.0975,29.0975,162,2021-09-09 19:57:00,SDVY
29.04,29.04,29.04,29.04,241,2021-09-09 19:59:00,SDVY
29.27,29.2741,29.26,29.26,2057,2021-09-10 13:30:00,SDVY
29.3572,29.3572,29.3572,29.3572,300,2021-09-10 13:32:00,SDVY
29.3377,29.3377,29.3377,29.3377,200,2021-09-10 13:33:00,SDVY
29.3412,29.3412,29.26,29.26,2034,2021-09-10 13:35:00,SDVY
29.25,29.25,29.25,29.25,200,2021-09-10 13:38:00,SDVY
29.23,29.23,29.23,29.23,200,2021-09-10 13:43:00,SDVY
29.205,29.205,29.205,29.205,293,2021-09-10 13:44:00,SDVY
29.155,29.155,29.155,29.155,400,2021-09-10 13:50:00,SDVY
29.1553,29.1553,29.1553,29.1553,400,2021-09-10 13:58:00,SDVY
29.1294,29.1294,29.1294,29.1294,922,2021-09-10 13:59:00,SDVY
29.09,29.09,29.09,29.09,2933,2021-09-10 14:01:00,SDVY
29.07,29.07,29.07,29.07,100,2021-09-10 14:18:00,SDVY
29.07,29.07,29.07,29.07,200,2021-09-10 14:21:00,SDVY
29.06,29.06,29.06,29.06,200,2021-09-10 14:23:00,SDVY
29.049,29.06,29.049,29.06,300,2021-09-10 14:25:00,SDVY
29.0499,29.0664,29.0499,29.0664,844,2021-09-10 14:26:00,SDVY
29.04,29.04,29.04,29.04,100,2021-09-10 14:27:00,SDVY
29.0643,29.0643,29.0643,29.0643,1000,2021-09-10 14:28:00,SDVY
28.9978,28.9978,28.9978,28.9978,152,2021-09-10 14:38:00,SDVY
28.9999,28.9999,28.9999,28.9999,150,2021-09-10 14:44:00,SDVY
28.97,28.97,28.97,28.97,195,2021-09-10 14:45:00,SDVY
28.98,28.98,28.98,28.98,300,2021-09-10 14:50:00,SDVY
29.0,29.0,29.0,29.0,100,2021-09-10 14:53:00,SDVY
28.932,28.932,28.932,28.932,100,2021-09-10 14:55:00,SDVY
28.97,28.97,28.97,28.97,100,2021-09-10 14:56:00,SDVY
28.98,28.98,28.975,28.975,1424,2021-09-10 14:57:00,SDVY
28.97,28.97,28.97,28.97,100,2021-09-10 15:00:00,SDVY
28.98,28.98,28.98,28.98,100,2021-09-10 15:03:00,SDVY
28.97,28.97,28.97,28.97,200,2021-09-10 15:06:00,SDVY
28.965,28.965,28.965,28.965,141,2021-09-10 15:30:00,SDVY
28.98,28.98,28.98,28.98,100,2021-09-10 15:31:00,SDVY
28.985,28.985,28.985,28.985,350,2021-09-10 15:32:00,SDVY
29.02,29.02,29.02,29.02,100,2021-09-10 15:36:00,SDVY
29.0457,29.0457,29.0457,29.0457,770,2021-09-10 15:39:00,SDVY
29.01,29.01,29.01,29.01,100,2021-09-10 15:49:00,SDVY
28.997,28.997,28.997,28.997,1000,2021-09-10 15:56:00,SDVY
29.025,29.025,29.025,29.025,360,2021-09-10 16:03:00,SDVY
29.04,29.04,29.04,29.04,100,2021-09-10 16:07:00,SDVY
29.0657,29.0657,29.0657,29.0657,250,2021-09-10 16:13:00,SDVY
29.0997,29.0997,29.0997,29.0997,1098,2021-09-10 16:27:00,SDVY
29.1356,29.1356,29.1356,29.1356,585,2021-09-10 16:45:00,SDVY
29.129,29.129,29.129,29.129,658,2021-09-10 16:54:00,SDVY
29.17,29.1799,29.17,29.1799,932,2021-09-10 17:18:00,SDVY
29.159,29.159,29.159,29.159,350,2021-09-10 17:23:00,SDVY
29.14,29.14,29.14,29.14,1714,2021-09-10 17:30:00,SDVY
29.1495,29.15,29.1495,29.15,2400,2021-09-10 17:35:00,SDVY
29.139,29.14,29.1347,29.1347,824,2021-09-10 17:36:00,SDVY
29.1468,29.1468,29.1468,29.1468,400,2021-09-10 17:38:00,SDVY
29.1283,29.1283,29.1283,29.1283,103,2021-09-10 17:41:00,SDVY
29.1028,29.1028,29.1006,29.1006,1571,2021-09-10 17:55:00,SDVY
29.1101,29.1101,29.1101,29.1101,100,2021-09-10 18:13:00,SDVY
29.1002,29.1002,29.1002,29.1002,100,2021-09-10 18:21:00,SDVY
29.049,29.049,29.049,29.049,162,2021-09-10 18:37:00,SDVY
29.08,29.08,29.08,29.08,180,2021-09-10 18:46:00,SDVY
29.07,29.07,29.0698,29.0698,308,2021-09-10 18:52:00,SDVY
29.07,29.07,29.07,29.07,151,2021-09-10 18:53:00,SDVY
29.075,29.075,29.075,29.075,152,2021-09-10 18:55:00,SDVY
29.0646,29.0646,29.0646,29.0646,117,2021-09-10 18:57:00,SDVY
29.05,29.05,29.05,29.05,100,2021-09-10 18:59:00,SDVY
29.0543,29.0543,29.0543,29.0543,103,2021-09-10 19:00:00,SDVY
29.04,29.04,29.04,29.04,300,2021-09-10 19:01:00,SDVY
29.04,29.04,29.04,29.04,344,2021-09-10 19:08:00,SDVY
29.015,29.0159,29.015,29.0159,464,2021-09-10 19:11:00,SDVY
29.01,29.01,29.01,29.01,400,2021-09-10 19:13:00,SDVY
29.02,29.02,29.0166,29.02,1672,2021-09-10 19:14:00,SDVY
29.028,29.03,29.028,29.03,1200,2021-09-10 19:16:00,SDVY
29.008,29.01,29.008,29.01,300,2021-09-10 19:19:00,SDVY
29.0041,29.0041,29.0041,29.0041,519,2021-09-10 19:21:00,SDVY
28.999,28.999,28.999,28.999,300,2021-09-10 19:23:00,SDVY
28.99,28.99,28.99,28.99,400,2021-09-10 19:24:00,SDVY
29.0038,29.01,29.0038,29.01,920,2021-09-10 19:26:00,SDVY
29.0052,29.0052,29.0,29.0,800,2021-09-10 19:27:00,SDVY
28.9805,28.9805,28.9805,28.9805,520,2021-09-10 19:34:00,SDVY
28.96,28.9669,28.95,28.95,320,2021-09-10 19:35:00,SDVY
28.945,28.945,28.945,28.945,124,2021-09-10 19:37:00,SDVY
28.948,28.9485,28.948,28.9485,1513,2021-09-10 19:40:00,SDVY
28.92,28.92,28.92,28.92,100,2021-09-10 19:42:00,SDVY
28.89,28.89,28.89,28.89,125,2021-09-10 19:46:00,SDVY
28.8756,28.8756,28.8756,28.8756,1620,2021-09-10 19:53:00,SDVY
28.84,28.84,28.84,28.84,400,2021-09-10 19:56:00,SDVY
28.83,28.83,28.83,28.83,200,2021-09-10 19:57:00,SDVY
28.82,28.82,28.82,28.82,297,2021-09-10 19:59:00,SDVY
28.92,28.92,28.92,28.92,434,2021-09-10 20:00:00,SDVY
28.98,28.98,28.98,28.98,500,2021-09-13 13:30:00,SDVY
28.98,29.05,28.98,29.05,1152,2021-09-13 13:34:00,SDVY
28.98,28.98,28.965,28.98,2400,2021-09-13 13:42:00,SDVY
28.9528,28.9528,28.9528,28.9528,852,2021-09-13 13:44:00,SDVY
28.96,28.96,28.96,28.96,100,2021-09-13 13:45:00,SDVY
29.05,29.05,29.02,29.02,200,2021-09-13 14:01:00,SDVY
28.94,28.94,28.94,28.94,200,2021-09-13 14:05:00,SDVY
28.93,28.93,28.93,28.93,100,2021-09-13 14:13:00,SDVY
28.9917,28.9917,28.9917,28.9917,344,2021-09-13 14:17:00,SDVY
29.02,29.06,29.02,29.06,2100,2021-09-13 14:20:00,SDVY
28.995,28.995,28.995,28.995,675,2021-09-13 14:32:00,SDVY
28.97,28.97,28.97,28.97,100,2021-09-13 14:34:00,SDVY
28.99,28.99,28.99,28.99,200,2021-09-13 14:38:00,SDVY
29.07,29.07,29.07,29.07,103,2021-09-13 14:54:00,SDVY
29.09,29.09,29.0546,29.0546,9460,2021-09-13 14:59:00,SDVY
29.0762,29.09,29.0762,29.09,400,2021-09-13 15:00:00,SDVY
29.07,29.07,29.07,29.07,171,2021-09-13 15:08:00,SDVY
28.94,28.94,28.94,28.94,500,2021-09-13 15:15:00,SDVY
28.959,28.96,28.959,28.96,500,2021-09-13 15:19:00,SDVY
29.05,29.05,29.035,29.035,800,2021-09-13 15:36:00,SDVY
29.02,29.02,29.02,29.02,200,2021-09-13 15:37:00,SDVY
29.03,29.04,29.03,29.04,300,2021-09-13 15:44:00,SDVY
29.011,29.011,29.011,29.011,235,2021-09-13 15:46:00,SDVY
29.01,29.01,29.01,29.01,100,2021-09-13 15:47:00,SDVY
28.99,28.99,28.99,28.99,126,2021-09-13 15:49:00,SDVY
29.019,29.019,29.019,29.019,100,2021-09-13 15:58:00,SDVY
28.99,28.99,28.99,28.99,431,2021-09-13 16:02:00,SDVY
29.0,29.0,29.0,29.0,500,2021-09-13 16:05:00,SDVY
29.0,29.0,29.0,29.0,500,2021-09-13 16:06:00,SDVY
29.03,29.03,29.03,29.03,200,2021-09-13 16:11:00,SDVY
29.049,29.049,29.049,29.049,100,2021-09-13 16:14:00,SDVY
28.9997,28.9997,28.9997,28.9997,200,2021-09-13 16:19:00,SDVY
29.02,29.02,29.02,29.02,600,2021-09-13 16:20:00,SDVY
29.02,29.02,29.02,29.02,150,2021-09-13 16:24:00,SDVY
28.99,28.99,28.99,28.99,100,2021-09-13 16:35:00,SDVY
28.95,28.95,28.95,28.95,218,2021-09-13 16:49:00,SDVY
28.9417,28.9417,28.9417,28.9417,1000,2021-09-13 16:55:00,SDVY
28.9668,28.9668,28.9668,28.9668,159,2021-09-13 17:01:00,SDVY
28.9692,28.9692,28.9692,28.9692,215,2021-09-13 17:10:00,SDVY
28.95,28.95,28.95,28.95,100,2021-09-13 17:22:00,SDVY
28.91,28.91,28.91,28.91,440,2021-09-13 17:43:00,SDVY
28.92,28.92,28.92,28.92,500,2021-09-13 17:53:00,SDVY
28.93,28.93,28.93,28.93,450,2021-09-13 18:02:00,SDVY
28.921,28.921,28.921,28.921,150,2021-09-13 18:10:00,SDVY
28.91,28.91,28.91,28.91,104,2021-09-13 18:19:00,SDVY
28.9097,28.9097,28.9097,28.9097,175,2021-09-13 18:23:00,SDVY
28.89,28.89,28.89,28.89,100,2021-09-13 18:26:00,SDVY
28.9,28.9,28.9,28.9,350,2021-09-13 18:30:00,SDVY
28.8844,28.8844,28.8844,28.8844,574,2021-09-13 18:34:00,SDVY
28.88,28.88,28.88,28.88,137,2021-09-13 19:02:00,SDVY
28.86,28.86,28.86,28.86,293,2021-09-13 19:04:00,SDVY
28.87,28.87,28.87,28.87,200,2021-09-13 19:07:00,SDVY
28.95,28.95,28.95,28.95,1882,2021-09-13 19:24:00,SDVY
28.9597,28.9597,28.9597,28.9597,427,2021-09-13 19:26:00,SDVY
28.9799,28.98,28.9799,28.98,2732,2021-09-13 19:31:00,SDVY
29.005,29.005,29.005,29.005,440,2021-09-13 19:38:00,SDVY
29.005,29.005,29.005,29.005,193,2021-09-13 19:39:00,SDVY
29.0,29.0,29.0,29.0,1030,2021-09-13 19:42:00,SDVY
28.9901,28.9901,28.9901,28.9901,175,2021-09-13 19:43:00,SDVY
29.05,29.05,29.04,29.04,208,2021-09-13 19:59:00,SDVY
29.08,29.08,29.08,29.08,2270,2021-09-14 13:30:00,SDVY
29.1878,29.1878,29.1878,29.1878,300,2021-09-14 13:35:00,SDVY
29.01,29.01,29.01,29.01,200,2021-09-14 13:44:00,SDVY
28.83,28.83,28.83,28.83,700,2021-09-14 14:07:00,SDVY
28.76,28.76,28.76,28.76,900,2021-09-14 14:28:00,SDVY
28.705,28.711,28.69,28.711,1275,2021-09-14 14:47:00,SDVY
28.74,28.74,28.74,28.74,100,2021-09-14 14:50:00,SDVY
28.745,28.745,28.745,28.745,400,2021-09-14 14:53:00,SDVY
28.7,28.7,28.7,28.7,100,2021-09-14 14:56:00,SDVY
28.7454,28.7454,28.7454,28.7454,418,2021-09-14 14:58:00,SDVY
28.7433,28.7433,28.7433,28.7433,150,2021-09-14 15:04:00,SDVY
28.7366,28.7366,28.7366,28.7366,348,2021-09-14 15:08:00,SDVY
28.7728,28.7736,28.7728,28.7736,2089,2021-09-14 15:39:00,SDVY
28.765,28.765,28.765,28.765,208,2021-09-14 15:41:00,SDVY
28.781,28.781,28.781,28.781,110,2021-09-14 16:03:00,SDVY
28.8,28.8,28.8,28.8,100,2021-09-14 16:08:00,SDVY
28.7894,28.7894,28.7894,28.7894,119,2021-09-14 16:23:00,SDVY
28.7899,28.7899,28.7899,28.7899,235,2021-09-14 16:26:00,SDVY
28.78,28.78,28.78,28.78,200,2021-09-14 16:36:00,SDVY
28.73,28.73,28.73,28.73,175,2021-09-14 16:52:00,SDVY
28.688,28.688,28.688,28.688,636,2021-09-14 17:05:00,SDVY
28.7175,28.73,28.7175,28.73,812,2021-09-14 17:43:00,SDVY
28.715,28.715,28.715,28.715,190,2021-09-14 17:55:00,SDVY
28.7,28.71,28.7,28.7,1500,2021-09-14 18:00:00,SDVY
28.6333,28.6333,28.6333,28.6333,600,2021-09-14 18:29:00,SDVY
28.605,28.605,28.605,28.605,187,2021-09-14 18:41:00,SDVY
28.555,28.555,28.555,28.555,168,2021-09-14 18:49:00,SDVY
28.5801,28.5801,28.5801,28.5801,100,2021-09-14 19:02:00,SDVY
28.589,28.589,28.589,28.589,267,2021-09-14 19:03:00,SDVY
28.5798,28.5798,28.5798,28.5798,199,2021-09-14 19:04:00,SDVY
28.5675,28.58,28.5675,28.58,210,2021-09-14 19:05:00,SDVY
28.6001,28.6001,28.6001,28.6001,300,2021-09-14 19:08:00,SDVY
28.5868,28.5868,28.5868,28.5868,100,2021-09-14 19:09:00,SDVY
28.5901,28.5901,28.5901,28.5901,100,2021-09-14 19:12:00,SDVY
28.555,28.5738,28.555,28.5738,200,2021-09-14 19:15:00,SDVY
28.5601,28.5601,28.5601,28.5601,100,2021-09-14 19:18:00,SDVY
28.57,28.57,28.57,28.57,127,2021-09-14 19:19:00,SDVY
28.5531,28.5531,28.5531,28.5531,159,2021-09-14 19:20:00,SDVY
28.555,28.58,28.555,28.58,353,2021-09-14 19:21:00,SDVY
28.589,28.589,28.589,28.589,657,2021-09-14 19:22:00,SDVY
28.6002,28.6002,28.6002,28.6002,100,2021-09-14 19:23:00,SDVY
28.5616,28.5616,28.5616,28.5616,241,2021-09-14 19:25:00,SDVY
28.5752,28.5752,28.5752,28.5752,500,2021-09-14 19:27:00,SDVY
28.58,28.58,28.58,28.58,794,2021-09-14 19:28:00,SDVY
28.5308,28.5308,28.5308,28.5308,200,2021-09-14 19:31:00,SDVY
28.53,28.53,28.53,28.53,115,2021-09-14 19:41:00,SDVY
28.5239,28.5239,28.5239,28.5239,400,2021-09-14 19:43:00,SDVY
28.565,28.565,28.565,28.565,400,2021-09-14 19:44:00,SDVY
28.5901,28.5901,28.5901,28.5901,100,2021-09-14 19:45:00,SDVY
28.5468,28.5468,28.5468,28.5468,100,2021-09-14 19:49:00,SDVY
28.5356,28.5356,28.5356,28.5356,1250,2021-09-14 19:58:00,SDVY
28.57,28.57,28.57,28.57,492,2021-09-15 13:30:00,SDVY
28.64,28.64,28.64,28.64,100,2021-09-15 13:44:00,SDVY
28.66,28.66,28.66,28.66,100,2021-09-15 13:45:00,SDVY
28.77,28.77,28.77,28.77,129,2021-09-15 13:50:00,SDVY
28.64,28.64,28.64,28.64,145,2021-09-15 14:18:00,SDVY
28.6099,28.6099,28.6099,28.6099,500,2021-09-15 14:45:00,SDVY
28.71,28.71,28.71,28.71,500,2021-09-15 15:04:00,SDVY
28.7597,28.7597,28.7597,28.7597,138,2021-09-15 15:16:00,SDVY
28.7866,28.7866,28.7866,28.7866,424,2021-09-15 15:21:00,SDVY
28.78,28.78,28.78,28.78,211,2021-09-15 15:33:00,SDVY
28.7929,28.7929,28.7929,28.7929,521,2021-09-15 15:47:00,SDVY
28.778,28.778,28.778,28.778,500,2021-09-15 15:49:00,SDVY
28.785,28.785,28.785,28.785,138,2021-09-15 15:50:00,SDVY
28.8058,28.8058,28.8058,28.8058,243,2021-09-15 15:52:00,SDVY
28.79,28.79,28.79,28.79,815,2021-09-15 16:09:00,SDVY
28.8242,28.8242,28.8242,28.8242,103,2021-09-15 16:20:00,SDVY
28.8264,28.8264,28.8264,28.8264,360,2021-09-15 16:23:00,SDVY
28.81,28.81,28.81,28.81,200,2021-09-15 16:34:00,SDVY
28.85,28.85,28.85,28.85,400,2021-09-15 16:44:00,SDVY
28.8216,28.8216,28.8216,28.8216,300,2021-09-15 17:02:00,SDVY
28.8608,28.8608,28.8608,28.8608,1031,2021-09-15 17:19:00,SDVY
28.88,28.89,28.88,28.88,29022,2021-09-15 17:23:00,SDVY
28.93,28.93,28.93,28.93,700,2021-09-15 17:44:00,SDVY
28.8797,28.8797,28.8797,28.8797,203,2021-09-15 18:18:00,SDVY
28.88,28.88,28.88,28.88,172,2021-09-15 18:19:00,SDVY
28.8501,28.8501,28.8501,28.8501,345,2021-09-15 18:20:00,SDVY
28.87,28.87,28.87,28.87,181,2021-09-15 18:29:00,SDVY
28.89,28.89,28.8897,28.8897,1100,2021-09-15 18:39:00,SDVY
28.88,28.88,28.88,28.88,200,2021-09-15 18:42:00,SDVY
28.885,28.885,28.885,28.885,427,2021-09-15 18:46:00,SDVY
28.89,28.89,28.89,28.89,150,2021-09-15 19:03:00,SDVY
28.91,28.91,28.91,28.91,195,2021-09-15 19:12:00,SDVY
28.9599,28.9599,28.93,28.93,897,2021-09-15 19:18:00,SDVY
28.9354,28.9354,28.9354,28.9354,367,2021-09-15 19:19:00,SDVY
28.93,28.93,28.93,28.93,200,2021-09-15 19:23:00,SDVY
28.94,28.94,28.9262,28.9262,820,2021-09-15 19:26:00,SDVY
28.96,28.96,28.96,28.96,1600,2021-09-15 19:39:00,SDVY
28.9596,28.9596,28.95,28.95,2550,2021-09-15 19:40:00,SDVY
28.95,28.95,28.95,28.95,2363,2021-09-15 19:41:00,SDVY
28.97,28.97,28.97,28.97,149,2021-09-15 19:47:00,SDVY
28.922,28.922,28.922,28.922,333,2021-09-15 19:52:00,SDVY
28.9163,28.9163,28.9163,28.9163,204,2021-09-15 19:53:00,SDVY
28.91,28.91,28.91,28.91,200,2021-09-15 19:56:00,SDVY
29.02,29.04,29.02,29.04,4494,2021-09-16 13:29:00,SDVY
29.0,29.0,28.97,28.97,14516,2021-09-16 13:30:00,SDVY
28.9403,28.9403,28.9403,28.9403,850,2021-09-16 13:41:00,SDVY
28.95,28.95,28.95,28.95,993,2021-09-16 13:42:00,SDVY
28.93,28.93,28.93,28.93,100,2021-09-16 13:49:00,SDVY
28.97,28.97,28.97,28.97,500,2021-09-16 13:52:00,SDVY
28.91,28.91,28.91,28.91,500,2021-09-16 13:54:00,SDVY
28.84,28.84,28.84,28.84,100,2021-09-16 14:09:00,SDVY
28.84,28.84,28.84,28.84,100,2021-09-16 14:16:00,SDVY
28.84,28.84,28.84,28.84,100,2021-09-16 14:19:00,SDVY
28.85,28.85,28.85,28.85,100,2021-09-16 14:21:00,SDVY
28.85,28.85,28.84,28.84,400,2021-09-16 14:24:00,SDVY
28.83,28.83,28.83,28.83,200,2021-09-16 14:26:00,SDVY
28.84,28.84,28.84,28.84,100,2021-09-16 14:35:00,SDVY
28.84,28.84,28.84,28.84,100,2021-09-16 14:40:00,SDVY
28.7955,28.7955,28.7955,28.7955,551,2021-09-16 14:49:00,SDVY
28.76,28.76,28.76,28.76,8300,2021-09-16 14:50:00,SDVY
28.76,28.7666,28.76,28.7666,211,2021-09-16 14:51:00,SDVY
28.78,28.78,28.78,28.78,150,2021-09-16 14:52:00,SDVY
28.76,28.76,28.76,28.76,6318,2021-09-16 14:53:00,SDVY
28.76,28.76,28.76,28.76,14061,2021-09-16 14:54:00,SDVY
28.7592,28.7592,28.7592,28.7592,109,2021-09-16 14:59:00,SDVY
28.8,28.8,28.8,28.8,100,2021-09-16 15:12:00,SDVY
28.829,28.829,28.829,28.829,450,2021-09-16 15:23:00,SDVY
28.87,28.87,28.87,28.87,180,2021-09-16 15:39:00,SDVY
28.86,28.86,28.86,28.86,500,2021-09-16 15:44:00,SDVY
28.84,28.84,28.84,28.84,200,2021-09-16 15:47:00,SDVY
28.855,28.855,28.855,28.855,521,2021-09-16 15:56:00,SDVY
28.8901,28.8901,28.8901,28.8901,310,2021-09-16 16:16:00,SDVY
28.89,28.8983,28.89,28.8983,390,2021-09-16 16:19:00,SDVY
28.9174,28.9174,28.9174,28.9174,169,2021-09-16 16:32:00,SDVY
28.9018,28.9018,28.9018,28.9018,103,2021-09-16 17:01:00,SDVY
28.905,28.905,28.905,28.905,350,2021-09-16 17:16:00,SDVY
28.9013,28.9013,28.9013,28.9013,174,2021-09-16 17:31:00,SDVY
28.8926,28.8926,28.8926,28.8926,350,2021-09-16 17:43:00,SDVY
28.8866,28.8866,28.8866,28.8866,160,2021-09-16 17:44:00,SDVY
28.9101,28.9101,28.9101,28.9101,350,2021-09-16 17:49:00,SDVY
28.96,28.96,28.96,28.96,112,2021-09-16 17:56:00,SDVY
28.96,28.96,28.96,28.96,230,2021-09-16 17:57:00,SDVY
28.931,28.931,28.931,28.931,692,2021-09-16 18:03:00,SDVY
28.9599,28.9599,28.9599,28.9599,170,2021-09-16 18:08:00,SDVY
28.9999,28.9999,28.9999,28.9999,146,2021-09-16 18:18:00,SDVY
28.9471,28.9471,28.9471,28.9471,575,2021-09-16 18:51:00,SDVY
28.965,28.965,28.965,28.965,342,2021-09-16 18:58:00,SDVY
28.995,29.01,28.99,28.99,3460,2021-09-16 19:15:00,SDVY
28.97,28.97,28.97,28.97,100,2021-09-16 19:16:00,SDVY
28.975,28.975,28.975,28.975,232,2021-09-16 19:20:00,SDVY
28.9666,28.9666,28.9666,28.9666,400,2021-09-16 19:27:00,SDVY
28.925,28.925,28.925,28.925,600,2021-09-16 19:29:00,SDVY
28.9402,28.9402,28.9402,28.9402,130,2021-09-16 19:34:00,SDVY
28.9401,28.9401,28.9401,28.9401,125,2021-09-16 19:42:00,SDVY
28.84,28.85,28.83,28.8302,3142,2021-09-16 19:55:00,SDVY
28.86,28.9,28.86,28.86,11200,2021-09-16 19:59:00,SDVY
28.895,28.895,28.895,28.895,501,2021-09-17 13:31:00,SDVY
28.89,28.89,28.89,28.89,1000,2021-09-17 13:39:00,SDVY
28.84,28.8634,28.84,28.8634,350,2021-09-17 13:44:00,SDVY
28.8067,28.8067,28.8067,28.8067,600,2021-09-17 13:53:00,SDVY
28.72,28.72,28.72,28.72,300,2021-09-17 13:56:00,SDVY
28.7736,28.7736,28.7736,28.7736,548,2021-09-17 14:00:00,SDVY
28.76,28.76,28.76,28.76,4400,2021-09-17 14:04:00,SDVY
28.76,28.76,28.76,28.76,400,2021-09-17 14:10:00,SDVY
28.7461,28.7461,28.7461,28.7461,106,2021-09-17 14:11:00,SDVY
28.74,28.74,28.73,28.73,457,2021-09-17 14:12:00,SDVY
28.66,28.66,28.66,28.66,100,2021-09-17 14:16:00,SDVY
28.669,28.669,28.669,28.669,265,2021-09-17 14:23:00,SDVY
28.65,28.65,28.65,28.65,300,2021-09-17 14:27:00,SDVY
28.6534,28.6534,28.6534,28.6534,150,2021-09-17 14:45:00,SDVY
28.7049,28.7049,28.7049,28.7049,350,2021-09-17 14:57:00,SDVY
28.7947,28.7947,28.7947,28.7947,250,2021-09-17 15:20:00,SDVY
28.67,28.67,28.67,28.67,100,2021-09-17 15:32:00,SDVY
28.7035,28.7035,28.7035,28.7035,150,2021-09-17 16:34:00,SDVY
28.695,28.695,28.695,28.695,283,2021-09-17 16:35:00,SDVY
28.7331,28.7331,28.7331,28.7331,1740,2021-09-17 16:39:00,SDVY
28.6681,28.6681,28.6681,28.6681,597,2021-09-17 17:16:00,SDVY
28.635,28.635,28.635,28.635,221,2021-09-17 17:36:00,SDVY
28.5972,28.5972,28.5972,28.5972,120,2021-09-17 17:46:00,SDVY
28.5686,28.5686,28.5686,28.5686,1000,2021-09-17 17:57:00,SDVY
28.5775,28.5775,28.5775,28.5775,1000,2021-09-17 17:59:00,SDVY
28.5877,28.5877,28.5877,28.5877,1000,2021-09-17 18:00:00,SDVY
28.56,28.56,28.56,28.56,170,2021-09-17 18:03:00,SDVY
28.5699,28.5699,28.5699,28.5699,190,2021-09-17 18:07:00,SDVY
28.5928,28.5928,28.5928,28.5928,1000,2021-09-17 18:16:00,SDVY
28.5868,28.5868,28.5868,28.5868,175,2021-09-17 18:19:00,SDVY
28.5828,28.5828,28.5828,28.5828,1000,2021-09-17 18:20:00,SDVY
28.5928,28.5928,28.5928,28.5928,1000,2021-09-17 18:26:00,SDVY
28.575,28.575,28.575,28.575,800,2021-09-17 18:28:00,SDVY
28.583,28.583,28.583,28.583,650,2021-09-17 18:29:00,SDVY
28.6097,28.6097,28.6097,28.6097,301,2021-09-17 18:45:00,SDVY
28.6156,28.6156,28.6156,28.6156,450,2021-09-17 18:46:00,SDVY
28.6274,28.6274,28.6274,28.6274,300,2021-09-17 18:49:00,SDVY
28.6304,28.6304,28.6304,28.6304,500,2021-09-17 18:52:00,SDVY
28.6228,28.6228,28.6228,28.6228,700,2021-09-17 18:53:00,SDVY
28.6001,28.6001,28.6001,28.6001,100,2021-09-17 18:55:00,SDVY
28.61,28.63,28.605,28.605,1200,2021-09-17 18:56:00,SDVY
28.6197,28.62,28.61,28.61,770,2021-09-17 19:03:00,SDVY
28.621,28.621,28.621,28.621,200,2021-09-17 19:08:00,SDVY
28.6197,28.6197,28.6197,28.6197,657,2021-09-17 19:12:00,SDVY
28.58,28.58,28.58,28.58,300,2021-09-17 19:27:00,SDVY
28.59,28.59,28.59,28.59,916,2021-09-17 19:30:00,SDVY
28.5933,28.5933,28.5933,28.5933,148,2021-09-17 19:32:00,SDVY
28.58,28.58,28.58,28.58,443,2021-09-17 19:33:00,SDVY
28.5827,28.5827,28.5827,28.5827,116,2021-09-17 19:37:00,SDVY
28.6321,28.6321,28.6321,28.6321,300,2021-09-17 19:51:00,SDVY
28.7572,28.7572,28.7572,28.7572,262,2021-09-17 19:56:00,SDVY
28.74,28.77,28.69,28.69,800,2021-09-17 19:59:00,SDVY
28.21,28.21,28.18,28.18,1216,2021-09-20 13:30:00,SDVY
28.04,28.04,28.04,28.04,100,2021-09-20 13:32:00,SDVY
28.2029,28.2029,28.2029,28.2029,500,2021-09-20 13:33:00,SDVY
28.0853,28.0853,28.0853,28.0853,300,2021-09-20 13:40:00,SDVY
28.23,28.23,28.23,28.23,100,2021-09-20 13:50:00,SDVY
28.195,28.195,28.195,28.195,200,2021-09-20 13:52:00,SDVY
28.115,28.115,28.115,28.115,1517,2021-09-20 14:01:00,SDVY
28.03,28.03,28.03,28.03,848,2021-09-20 14:21:00,SDVY
28.0,28.0,28.0,28.0,1200,2021-09-20 14:24:00,SDVY
28.0,28.0,28.0,28.0,520,2021-09-20 14:29:00,SDVY
28.01,28.01,28.01,28.01,200,2021-09-20 14:33:00,SDVY
28.009,28.009,28.009,28.009,177,2021-09-20 14:34:00,SDVY
28.1107,28.125,28.1107,28.125,299,2021-09-20 14:39:00,SDVY
28.08,28.08,28.08,28.08,102,2021-09-20 14:47:00,SDVY
28.078,28.0904,28.078,28.0904,1709,2021-09-20 14:57:00,SDVY
28.07,28.07,28.07,28.07,837,2021-09-20 14:58:00,SDVY
28.0613,28.0613,28.0613,28.0613,136,2021-09-20 15:00:00,SDVY
28.124,28.124,28.124,28.124,178,2021-09-20 15:08:00,SDVY
28.0331,28.0331,28.0331,28.0331,122,2021-09-20 15:23:00,SDVY
28.04,28.04,28.0375,28.0375,200,2021-09-20 15:25:00,SDVY
28.0333,28.0333,28.0333,28.0333,1000,2021-09-20 15:26:00,SDVY
27.995,27.995,27.995,27.995,333,2021-09-20 15:29:00,SDVY
27.9963,27.9963,27.9963,27.9963,989,2021-09-20 15:34:00,SDVY
27.9953,27.9953,27.9953,27.9953,240,2021-09-20 15:36:00,SDVY
27.97,27.97,27.95,27.95,1000,2021-09-20 15:45:00,SDVY
27.95,27.95,27.95,27.95,450,2021-09-20 15:50:00,SDVY
27.9629,27.9629,27.9629,27.9629,229,2021-09-20 15:52:00,SDVY
27.9478,27.9478,27.9478,27.9478,125,2021-09-20 15:55:00,SDVY
27.8924,27.8924,27.8924,27.8924,100,2021-09-20 16:03:00,SDVY
27.8938,27.8938,27.8938,27.8938,100,2021-09-20 16:04:00,SDVY
27.854,27.854,27.82,27.82,745,2021-09-20 16:09:00,SDVY
27.88,27.88,27.87,27.88,55754,2021-09-20 16:13:00,SDVY
27.88,27.89,27.88,27.89,10400,2021-09-20 16:14:00,SDVY
27.89,27.89,27.89,27.89,2700,2021-09-20 16:17:00,SDVY
27.89,27.89,27.89,27.89,1700,2021-09-20 16:18:00,SDVY
27.88,27.88,27.88,27.88,1000,2021-09-20 16:20:00,SDVY
27.85,27.85,27.85,27.85,1000,2021-09-20 16:21:00,SDVY
27.86,27.86,27.8515,27.8515,5818,2021-09-20 16:23:00,SDVY
27.9,27.9,27.9,27.9,10000,2021-09-20 16:28:00,SDVY
27.9,27.9,27.89,27.89,5554,2021-09-20 16:30:00,SDVY
27.897,27.897,27.897,27.897,1208,2021-09-20 16:31:00,SDVY
27.9162,27.9162,27.9162,27.9162,397,2021-09-20 16:39:00,SDVY
27.9152,27.9152,27.9,27.9,200,2021-09-20 16:41:00,SDVY
27.8962,27.8962,27.8962,27.8962,800,2021-09-20 16:51:00,SDVY
27.8624,27.8624,27.8624,27.8624,215,2021-09-20 16:55:00,SDVY
27.8848,27.8848,27.8848,27.8848,320,2021-09-20 16:56:00,SDVY
27.8482,27.8482,27.8482,27.8482,205,2021-09-20 17:00:00,SDVY
27.85,27.85,27.85,27.85,180,2021-09-20 17:01:00,SDVY
27.83,27.83,27.83,27.83,17959,2021-09-20 17:13:00,SDVY
27.88,27.899,27.8625,27.8625,5470,2021-09-20 17:28:00,SDVY
27.8717,27.8717,27.8717,27.8717,2110,2021-09-20 17:29:00,SDVY
27.8519,27.8546,27.8517,27.8546,4905,2021-09-20 17:31:00,SDVY
27.8615,27.8615,27.8615,27.8615,6000,2021-09-20 17:33:00,SDVY
27.8842,27.8842,27.8842,27.8842,120,2021-09-20 17:35:00,SDVY
27.89,27.89,27.89,27.89,100,2021-09-20 17:37:00,SDVY
27.9499,27.95,27.94,27.948,5506,2021-09-20 17:43:00,SDVY
27.92,27.92,27.92,27.92,100,2021-09-20 17:46:00,SDVY
27.9439,27.95,27.9439,27.95,200,2021-09-20 17:48:00,SDVY
27.96,27.96,27.96,27.96,224,2021-09-20 17:49:00,SDVY
27.96,27.96,27.96,27.96,400,2021-09-20 17:57:00,SDVY
27.9853,27.9853,27.9853,27.9853,360,2021-09-20 18:06:00,SDVY
27.924,27.924,27.924,27.924,100,2021-09-20 18:08:00,SDVY
27.9053,27.9053,27.9053,27.9053,400,2021-09-20 18:12:00,SDVY
27.88,27.88,27.88,27.88,179,2021-09-20 18:13:00,SDVY
27.8902,27.8902,27.8902,27.8902,193,2021-09-20 18:14:00,SDVY
27.8689,27.8689,27.8689,27.8689,144,2021-09-20 18:21:00,SDVY
27.83,27.83,27.83,27.83,100,2021-09-20 18:24:00,SDVY
27.84,27.84,27.84,27.84,352,2021-09-20 18:28:00,SDVY
27.84,27.84,27.84,27.84,233,2021-09-20 18:32:00,SDVY
27.8243,27.8243,27.8243,27.8243,100,2021-09-20 18:34:00,SDVY
27.77,27.77,27.77,27.77,196,2021-09-20 18:37:00,SDVY
27.8444,27.8444,27.8444,27.8444,175,2021-09-20 18:42:00,SDVY
27.8158,27.8174,27.8158,27.8174,1239,2021-09-20 18:44:00,SDVY
27.8158,27.8158,27.8158,27.8158,270,2021-09-20 18:46:00,SDVY
27.8693,27.8693,27.8693,27.8693,896,2021-09-20 18:58:00,SDVY
27.879,27.88,27.86,27.86,999,2021-09-20 19:02:00,SDVY
27.847,27.847,27.847,27.847,109,2021-09-20 19:04:00,SDVY
27.85,27.85,27.85,27.85,300,2021-09-20 19:11:00,SDVY
27.84,27.84,27.8015,27.82,1789,2021-09-20 19:19:00,SDVY
27.88,27.88,27.88,27.88,180,2021-09-20 19:23:00,SDVY
27.8532,27.8543,27.8532,27.8543,1640,2021-09-20 19:24:00,SDVY
27.8968,27.8968,27.8968,27.8968,150,2021-09-20 19:25:00,SDVY
27.9159,27.9159,27.915,27.915,1450,2021-09-20 19:26:00,SDVY
27.944,27.944,27.9251,27.9251,1360,2021-09-20 19:28:00,SDVY
27.9339,27.9339,27.9339,27.9339,934,2021-09-20 19:29:00,SDVY
27.97,27.97,27.97,27.97,208,2021-09-20 19:30:00,SDVY
27.96,27.96,27.96,27.96,350,2021-09-20 19:31:00,SDVY
28.0,28.0,28.0,28.0,1000,2021-09-20 19:32:00,SDVY
28.01,28.01,27.9992,27.9992,400,2021-09-20 19:33:00,SDVY
28.0415,28.0415,28.0415,28.0415,600,2021-09-20 19:42:00,SDVY
28.045,28.045,28.045,28.045,183,2021-09-20 19:43:00,SDVY
28.1703,28.1703,28.13,28.13,1800,2021-09-20 19:51:00,SDVY
28.1635,28.1635,28.1635,28.1635,100,2021-09-20 19:54:00,SDVY
28.2178,28.2178,28.14,28.14,500,2021-09-20 19:59:00,SDVY
28.26,28.26,28.26,28.26,1548,2021-09-21 13:30:00,SDVY
28.1225,28.1225,28.1225,28.1225,708,2021-09-21 13:55:00,SDVY
28.0661,28.07,28.0661,28.07,501,2021-09-21 14:16:00,SDVY
27.9,27.9,27.885,27.9,3500,2021-09-21 14:47:00,SDVY
27.9468,27.9468,27.9468,27.9468,350,2021-09-21 15:12:00,SDVY
27.9447,27.9447,27.9447,27.9447,255,2021-09-21 15:31:00,SDVY
28.0204,28.0204,28.02,28.02,700,2021-09-21 15:39:00,SDVY
28.02,28.02,28.02,28.02,113,2021-09-21 15:48:00,SDVY
28.0254,28.0254,28.0254,28.0254,200,2021-09-21 15:49:00,SDVY
28.11,28.11,28.107,28.107,1800,2021-09-21 16:11:00,SDVY
28.1,28.1,28.1,28.1,353,2021-09-21 16:21:00,SDVY
28.0664,28.0664,28.0664,28.0664,142,2021-09-21 16:28:00,SDVY
28.0775,28.09,28.0775,28.09,300,2021-09-21 16:40:00,SDVY
28.07,28.07,28.07,28.07,100,2021-09-21 16:43:00,SDVY
28.0,28.0,28.0,28.0,10000,2021-09-21 16:52:00,SDVY
28.0532,28.0532,28.0532,28.0532,107,2021-09-21 17:01:00,SDVY
28.0271,28.0271,28.0271,28.0271,375,2021-09-21 17:06:00,SDVY
28.05,28.05,28.05,28.05,350,2021-09-21 17:08:00,SDVY
28.0196,28.0196,28.0196,28.0196,150,2021-09-21 17:16:00,SDVY
28.03,28.03,28.03,28.03,100,2021-09-21 17:23:00,SDVY
27.98,27.98,27.98,27.98,500,2021-09-21 17:25:00,SDVY
28.02,28.02,28.02,28.02,100,2021-09-21 17:28:00,SDVY
27.9968,27.9968,27.9832,27.9832,450,2021-09-21 17:33:00,SDVY
28.0028,28.0028,28.0028,28.0028,100,2021-09-21 17:35:00,SDVY
28.0062,28.0062,28.0062,28.0062,875,2021-09-21 17:40:00,SDVY
27.9755,27.9755,27.9755,27.9755,145,2021-09-21 17:44:00,SDVY
27.985,27.985,27.985,27.985,100,2021-09-21 17:56:00,SDVY
27.9932,28.0068,27.9932,28.0068,530,2021-09-21 18:02:00,SDVY
28.0155,28.0155,28.01,28.01,1190,2021-09-21 18:03:00,SDVY
28.0,28.0,27.99,28.0,617,2021-09-21 18:19:00,SDVY
27.97,27.97,27.97,27.97,100,2021-09-21 18:23:00,SDVY
27.93,27.93,27.93,27.93,350,2021-09-21 18:26:00,SDVY
27.96,27.96,27.96,27.96,300,2021-09-21 18:30:00,SDVY
27.9601,27.9601,27.9601,27.9601,300,2021-09-21 18:34:00,SDVY
27.9671,27.9671,27.9671,27.9671,425,2021-09-21 18:35:00,SDVY
27.97,27.97,27.97,27.97,155,2021-09-21 18:42:00,SDVY
27.9897,27.9897,27.9897,27.9897,350,2021-09-21 18:44:00,SDVY
27.9769,27.9769,27.9769,27.9769,121,2021-09-21 18:49:00,SDVY
28.02,28.02,28.02,28.02,165,2021-09-21 19:08:00,SDVY
28.0997,28.0997,28.0997,28.0997,500,2021-09-21 19:28:00,SDVY
28.1,28.1,28.1,28.1,500,2021-09-21 19:34:00,SDVY
28.1183,28.1183,28.1183,28.1183,2200,2021-09-21 19:35:00,SDVY
28.0901,28.0901,28.0901,28.0901,150,2021-09-21 19:41:00,SDVY
28.06,28.06,28.06,28.06,581,2021-09-21 19:46:00,SDVY
28.025,28.025,28.0136,28.02,904,2021-09-21 19:50:00,SDVY
28.25,28.25,28.25,28.25,702,2021-09-22 13:30:00,SDVY
28.34,28.3631,28.34,28.34,2024,2021-09-22 13:58:00,SDVY
28.31,28.31,28.31,28.31,400,2021-09-22 14:04:00,SDVY
28.31,28.31,28.31,28.31,700,2021-09-22 14:05:00,SDVY
28.2159,28.2159,28.2159,28.2159,152,2021-09-22 14:30:00,SDVY
28.22,28.22,28.22,28.22,173,2021-09-22 14:40:00,SDVY
28.2602,28.29,28.2602,28.2776,2094,2021-09-22 14:42:00,SDVY
28.33,28.33,28.33,28.33,285,2021-09-22 15:00:00,SDVY
28.35,28.35,28.35,28.35,274,2021-09-22 15:01:00,SDVY
28.3419,28.3492,28.3196,28.3294,7262,2021-09-22 15:04:00,SDVY
28.35,28.35,28.3334,28.35,837,2021-09-22 15:05:00,SDVY
28.3305,28.3305,28.3305,28.3305,475,2021-09-22 15:12:00,SDVY
28.3883,28.3883,28.3883,28.3883,200,2021-09-22 15:21:00,SDVY
28.4251,28.4251,28.4251,28.4251,1758,2021-09-22 15:31:00,SDVY
28.4694,28.4694,28.4694,28.4694,4392,2021-09-22 15:36:00,SDVY
28.4582,28.46,28.4582,28.46,6194,2021-09-22 15:45:00,SDVY
28.4551,28.4551,28.43,28.43,710,2021-09-22 15:51:00,SDVY
28.4,28.4,28.4,28.4,125,2021-09-22 15:56:00,SDVY
28.405,28.405,28.4,28.4,1900,2021-09-22 16:08:00,SDVY
28.4,28.4,28.4,28.4,500,2021-09-22 16:10:00,SDVY
28.3918,28.3918,28.3918,28.3918,200,2021-09-22 16:14:00,SDVY
28.4034,28.4034,28.4034,28.4034,120,2021-09-22 16:15:00,SDVY
28.4195,28.4195,28.4195,28.4195,300,2021-09-22 16:28:00,SDVY
28.39,28.39,28.39,28.39,200,2021-09-22 16:31:00,SDVY
28.41,28.41,28.41,28.41,200,2021-09-22 16:43:00,SDVY
28.4063,28.4063,28.4063,28.4063,372,2021-09-22 16:47:00,SDVY
28.405,28.405,28.405,28.405,205,2021-09-22 16:50:00,SDVY
28.409,28.409,28.409,28.409,256,2021-09-22 16:51:00,SDVY
28.4,28.4,28.4,28.4,100,2021-09-22 16:52:00,SDVY
28.3799,28.38,28.3799,28.38,530,2021-09-22 16:55:00,SDVY
28.39,28.39,28.375,28.375,219,2021-09-22 16:57:00,SDVY
28.37,28.37,28.3682,28.3682,932,2021-09-22 17:07:00,SDVY
28.36,28.36,28.36,28.36,100,2021-09-22 17:15:00,SDVY
28.39,28.39,28.37,28.37,1363,2021-09-22 17:27:00,SDVY
28.3743,28.3743,28.3743,28.3743,1588,2021-09-22 17:28:00,SDVY
28.39,28.39,28.39,28.39,800,2021-09-22 17:38:00,SDVY
28.3856,28.41,28.3842,28.3898,8664,2021-09-22 17:39:00,SDVY
28.4,28.4,28.399,28.399,320,2021-09-22 17:40:00,SDVY
28.4075,28.42,28.4075,28.4173,1127,2021-09-22 17:45:00,SDVY
28.41,28.41,28.41,28.41,705,2021-09-22 17:48:00,SDVY
28.39,28.39,28.39,28.39,800,2021-09-22 17:51:00,SDVY
28.3839,28.41,28.3834,28.41,19059,2021-09-22 17:54:00,SDVY
28.41,28.41,28.3935,28.3935,2610,2021-09-22 17:58:00,SDVY
28.41,28.41,28.41,28.41,200,2021-09-22 17:59:00,SDVY
28.38,28.56,28.3675,28.38,4796,2021-09-22 18:00:00,SDVY
28.43,28.43,28.43,28.43,500,2021-09-22 18:01:00,SDVY
28.44,28.44,28.4121,28.44,6123,2021-09-22 18:02:00,SDVY
28.46,28.48,28.4594,28.46,3896,2021-09-22 18:03:00,SDVY
28.5018,28.5018,28.5018,28.5018,122,2021-09-22 18:04:00,SDVY
28.48,28.48,28.48,28.48,100,2021-09-22 18:05:00,SDVY
28.51,28.51,28.51,28.51,701,2021-09-22 18:11:00,SDVY
28.495,28.495,28.495,28.495,1000,2021-09-22 18:13:00,SDVY
28.5241,28.5241,28.5241,28.5241,175,2021-09-22 18:14:00,SDVY
28.52,28.52,28.52,28.52,100,2021-09-22 18:18:00,SDVY
28.4665,28.49,28.4665,28.4701,1819,2021-09-22 18:26:00,SDVY
28.485,28.485,28.485,28.485,102,2021-09-22 18:27:00,SDVY
28.5,28.5,28.5,28.5,100,2021-09-22 18:30:00,SDVY
28.49,28.49,28.49,28.49,100,2021-09-22 18:31:00,SDVY
28.5263,28.5263,28.51,28.5175,3796,2021-09-22 18:33:00,SDVY
28.5175,28.53,28.5175,28.52,1901,2021-09-22 18:34:00,SDVY
28.51,28.51,28.5,28.5,300,2021-09-22 18:36:00,SDVY
28.4138,28.4138,28.4138,28.4138,703,2021-09-22 18:40:00,SDVY
28.4284,28.44,28.4143,28.42,17984,2021-09-22 18:41:00,SDVY
28.43,28.43,28.43,28.43,200,2021-09-22 18:43:00,SDVY
28.35,28.35,28.35,28.35,100,2021-09-22 18:49:00,SDVY
28.3091,28.31,28.3071,28.31,3914,2021-09-22 18:50:00,SDVY
28.31,28.31,28.31,28.31,338,2021-09-22 18:51:00,SDVY
28.32,28.32,28.32,28.32,100,2021-09-22 18:52:00,SDVY
28.36,28.36,28.36,28.36,600,2021-09-22 18:53:00,SDVY
28.38,28.38,28.38,28.38,584,2021-09-22 18:54:00,SDVY
28.39,28.39,28.39,28.39,500,2021-09-22 18:55:00,SDVY
28.34,28.3685,28.34,28.3685,1054,2021-09-22 18:58:00,SDVY
28.37,28.37,28.37,28.37,100,2021-09-22 19:00:00,SDVY
28.3766,28.3766,28.3766,28.3766,350,2021-09-22 19:01:00,SDVY
28.38,28.4,28.3673,28.3834,26800,2021-09-22 19:03:00,SDVY
28.3871,28.3871,28.365,28.365,1887,2021-09-22 19:05:00,SDVY
28.37,28.38,28.36,28.38,2566,2021-09-22 19:06:00,SDVY
28.3616,28.3717,28.3616,28.3717,605,2021-09-22 19:07:00,SDVY
28.385,28.385,28.385,28.385,100,2021-09-22 19:08:00,SDVY
28.39,28.39,28.39,28.39,600,2021-09-22 19:10:00,SDVY
28.45,28.45,28.45,28.45,141,2021-09-22 19:16:00,SDVY
28.499,28.499,28.4652,28.49,19809,2021-09-22 19:21:00,SDVY
28.49,28.49,28.49,28.49,1300,2021-09-22 19:22:00,SDVY
28.5,28.5,28.49,28.49,700,2021-09-22 19:23:00,SDVY
28.454,28.454,28.454,28.454,250,2021-09-22 19:25:00,SDVY
28.47,28.47,28.47,28.47,181,2021-09-22 19:27:00,SDVY
28.4796,28.4796,28.4796,28.4796,195,2021-09-22 19:30:00,SDVY
28.46,28.46,28.4475,28.4475,400,2021-09-22 19:31:00,SDVY
28.45,28.45,28.45,28.45,200,2021-09-22 19:32:00,SDVY
28.44,28.44,28.44,28.44,300,2021-09-22 19:33:00,SDVY
28.45,28.45,28.45,28.45,100,2021-09-22 19:35:00,SDVY
28.4262,28.4262,28.4125,28.4125,1029,2021-09-22 19:45:00,SDVY
28.4008,28.4008,28.39,28.39,511,2021-09-22 19:48:00,SDVY
28.3,28.31,28.3,28.3,800,2021-09-22 19:59:00,SDVY
28.47,28.47,28.47,28.47,100,2021-09-23 13:29:00,SDVY
28.47,28.47,28.4,28.4,752,2021-09-23 13:30:00,SDVY
28.44,28.44,28.44,28.44,155,2021-09-23 13:33:00,SDVY
28.61,28.61,28.61,28.61,108,2021-09-23 13:46:00,SDVY
28.63,28.63,28.6,28.6,2180,2021-09-23 13:47:00,SDVY
28.66,28.66,28.66,28.66,100,2021-09-23 14:01:00,SDVY
28.67,28.67,28.67,28.67,300,2021-09-23 14:05:00,SDVY
28.65,28.65,28.65,28.65,250,2021-09-23 14:14:00,SDVY
28.65,28.65,28.65,28.65,370,2021-09-23 14:18:00,SDVY
28.675,28.675,28.675,28.675,1000,2021-09-23 14:22:00,SDVY
28.7054,28.7054,28.7054,28.7054,400,2021-09-23 14:37:00,SDVY
28.675,28.675,28.675,28.675,200,2021-09-23 14:38:00,SDVY
28.7055,28.7055,28.7055,28.7055,200,2021-09-23 14:39:00,SDVY
28.7256,28.7256,28.7256,28.7256,435,2021-09-23 14:40:00,SDVY
28.7249,28.7249,28.7249,28.7249,348,2021-09-23 14:41:00,SDVY
28.6976,28.7154,28.6976,28.7154,614,2021-09-23 14:42:00,SDVY
28.745,28.745,28.745,28.745,175,2021-09-23 14:50:00,SDVY
28.7796,28.7796,28.7796,28.7796,100,2021-09-23 15:11:00,SDVY
28.7381,28.7381,28.7381,28.7381,175,2021-09-23 15:15:00,SDVY
28.7597,28.7597,28.7597,28.7597,500,2021-09-23 15:16:00,SDVY
28.7397,28.7397,28.7397,28.7397,190,2021-09-23 15:17:00,SDVY
28.745,28.7641,28.745,28.7641,1946,2021-09-23 15:18:00,SDVY
28.768,28.768,28.76,28.76,400,2021-09-23 15:20:00,SDVY
28.76,28.76,28.76,28.76,100,2021-09-23 15:22:00,SDVY
28.7544,28.7725,28.7544,28.7725,850,2021-09-23 15:26:00,SDVY
28.8,28.8,28.8,28.8,8500,2021-09-23 15:33:00,SDVY
28.8,28.8,28.79,28.79,1100,2021-09-23 15:34:00,SDVY
28.7789,28.78,28.7789,28.78,2994,2021-09-23 15:36:00,SDVY
28.8055,28.8055,28.8055,28.8055,115,2021-09-23 15:38:00,SDVY
28.8,28.8,28.8,28.8,400,2021-09-23 15:40:00,SDVY
28.7974,28.7974,28.7974,28.7974,1735,2021-09-23 15:43:00,SDVY
28.7766,28.7766,28.7766,28.7766,1038,2021-09-23 16:03:00,SDVY
28.754,28.754,28.754,28.754,180,2021-09-23 16:04:00,SDVY
28.79,28.79,28.79,28.79,300,2021-09-23 16:07:00,SDVY
28.785,28.785,28.785,28.785,550,2021-09-23 16:20:00,SDVY
28.8,28.821,28.8,28.821,600,2021-09-23 16:22:00,SDVY
28.8234,28.8234,28.8234,28.8234,300,2021-09-23 16:24:00,SDVY
28.8,28.8,28.8,28.8,600,2021-09-23 16:26:00,SDVY
28.7852,28.7852,28.7852,28.7852,400,2021-09-23 16:30:00,SDVY
28.7748,28.7748,28.7748,28.7748,559,2021-09-23 16:34:00,SDVY
28.7992,28.7992,28.7992,28.7992,1400,2021-09-23 16:36:00,SDVY
28.8081,28.8081,28.8081,28.8081,2000,2021-09-23 16:47:00,SDVY
28.83,28.83,28.83,28.83,100,2021-09-23 17:05:00,SDVY
28.85,28.85,28.85,28.85,169,2021-09-23 17:06:00,SDVY
28.86,28.88,28.86,28.88,700,2021-09-23 17:17:00,SDVY
28.88,28.88,28.88,28.88,300,2021-09-23 17:21:00,SDVY
28.8501,28.8501,28.8501,28.8501,200,2021-09-23 17:27:00,SDVY
28.9269,28.9269,28.9269,28.9269,1200,2021-09-23 17:53:00,SDVY
28.9265,28.9265,28.9265,28.9265,1070,2021-09-23 17:56:00,SDVY
28.925,28.925,28.925,28.925,800,2021-09-23 17:58:00,SDVY
28.9254,28.9254,28.9254,28.9254,525,2021-09-23 17:59:00,SDVY
28.8821,28.8821,28.8821,28.8821,875,2021-09-23 18:01:00,SDVY
28.9341,28.9341,28.9341,28.9341,275,2021-09-23 18:03:00,SDVY
28.8752,28.8752,28.8752,28.8752,250,2021-09-23 18:07:00,SDVY
28.8976,28.8976,28.8976,28.8976,3000,2021-09-23 18:28:00,SDVY
28.8561,28.8561,28.8561,28.8561,140,2021-09-23 18:35:00,SDVY
28.8648,28.8648,28.8648,28.8648,500,2021-09-23 18:39:00,SDVY
28.8643,28.8643,28.8643,28.8643,500,2021-09-23 18:40:00,SDVY
28.79,28.79,28.79,28.79,200,2021-09-23 18:43:00,SDVY
28.8594,28.8594,28.8594,28.8594,105,2021-09-23 18:45:00,SDVY
28.81,28.8231,28.81,28.8231,214,2021-09-23 18:57:00,SDVY
28.8165,28.8165,28.8165,28.8165,400,2021-09-23 19:00:00,SDVY
28.8181,28.8181,28.8181,28.8181,3450,2021-09-23 19:08:00,SDVY
28.7301,28.7301,28.7301,28.7301,100,2021-09-23 19:16:00,SDVY
28.7641,28.7641,28.7641,28.7641,550,2021-09-23 19:17:00,SDVY
28.75,28.75,28.75,28.75,1177,2021-09-23 19:18:00,SDVY
28.765,28.765,28.765,28.765,296,2021-09-23 19:19:00,SDVY
28.77,28.77,28.74,28.74,1300,2021-09-23 19:22:00,SDVY
28.77,28.77,28.77,28.77,200,2021-09-23 19:28:00,SDVY
28.7609,28.7609,28.7609,28.7609,113,2021-09-23 19:30:00,SDVY
28.7699,28.7699,28.74,28.74,800,2021-09-23 19:32:00,SDVY
28.7597,28.7597,28.75,28.75,1450,2021-09-23 19:33:00,SDVY
28.73,28.73,28.722,28.73,728,2021-09-23 19:37:00,SDVY
28.74,28.74,28.74,28.74,900,2021-09-23 19:38:00,SDVY
28.74,28.74,28.74,28.74,1900,2021-09-23 19:40:00,SDVY
28.738,28.738,28.738,28.738,525,2021-09-23 19:41:00,SDVY
28.73,28.73,28.73,28.73,312,2021-09-23 19:45:00,SDVY
28.7389,28.7389,28.7389,28.7389,647,2021-09-23 19:47:00,SDVY
28.73,28.73,28.73,28.73,175,2021-09-23 19:48:00,SDVY
28.7,28.7,28.7,28.7,200,2021-09-23 19:55:00,SDVY
28.7326,28.7326,28.7326,28.7326,530,2021-09-23 19:56:00,SDVY
28.7,28.7,28.7,28.7,1000,2021-09-23 19:59:00,SDVY
28.65,28.65,28.65,28.65,200,2021-09-24 13:30:00,SDVY
28.6601,28.6601,28.6601,28.6601,263,2021-09-24 13:39:00,SDVY
28.7,28.7,28.7,28.7,100,2021-09-24 13:41:00,SDVY
28.72,28.73,28.72,28.73,1800,2021-09-24 13:42:00,SDVY
28.8201,28.8201,28.8201,28.8201,115,2021-09-24 14:05:00,SDVY
28.8361,28.8361,28.8361,28.8361,1372,2021-09-24 14:28:00,SDVY
28.83,28.83,28.83,28.83,175,2021-09-24 14:31:00,SDVY
28.81,28.81,28.81,28.81,2390,2021-09-24 14:43:00,SDVY
28.8059,28.8059,28.8059,28.8059,676,2021-09-24 14:46:00,SDVY
28.8249,28.84,28.8249,28.84,513,2021-09-24 14:47:00,SDVY
28.86,28.86,28.86,28.86,300,2021-09-24 15:16:00,SDVY
28.8616,28.8616,28.8616,28.8616,300,2021-09-24 15:18:00,SDVY
28.8704,28.8704,28.8704,28.8704,1000,2021-09-24 15:20:00,SDVY
28.85,28.85,28.85,28.85,400,2021-09-24 15:21:00,SDVY
28.86,28.86,28.86,28.86,124,2021-09-24 15:41:00,SDVY
28.9068,28.9068,28.9068,28.9068,320,2021-09-24 15:59:00,SDVY
28.9251,28.9251,28.9251,28.9251,116,2021-09-24 16:01:00,SDVY
28.9043,28.9043,28.9043,28.9043,244,2021-09-24 16:03:00,SDVY
28.9,28.9,28.9,28.9,229,2021-09-24 16:08:00,SDVY
28.9,28.9,28.9,28.9,2897,2021-09-24 16:25:00,SDVY
28.8733,28.8733,28.8733,28.8733,150,2021-09-24 16:48:00,SDVY
28.88,28.88,28.88,28.88,1300,2021-09-24 17:03:00,SDVY
28.87,28.87,28.87,28.87,175,2021-09-24 17:06:00,SDVY
28.8649,28.8649,28.8649,28.8649,215,2021-09-24 17:16:00,SDVY
28.8753,28.8753,28.8753,28.8753,100,2021-09-24 17:23:00,SDVY
28.86,28.86,28.86,28.86,242,2021-09-24 17:25:00,SDVY
28.8621,28.8621,28.8621,28.8621,719,2021-09-24 17:26:00,SDVY
28.85,28.87,28.85,28.87,5230,2021-09-24 17:32:00,SDVY
28.85,28.85,28.85,28.85,670,2021-09-24 17:33:00,SDVY
28.8574,28.8574,28.8574,28.8574,1000,2021-09-24 17:34:00,SDVY
28.865,28.865,28.865,28.865,700,2021-09-24 17:47:00,SDVY
28.88,28.88,28.88,28.88,200,2021-09-24 17:48:00,SDVY
28.8428,28.8428,28.8428,28.8428,632,2021-09-24 17:53:00,SDVY
28.865,28.87,28.86,28.865,600,2021-09-24 17:56:00,SDVY
28.8301,28.8301,28.8301,28.8301,1654,2021-09-24 18:00:00,SDVY
28.856,28.856,28.856,28.856,400,2021-09-24 18:17:00,SDVY
28.8599,28.8599,28.8599,28.8599,389,2021-09-24 18:32:00,SDVY
28.85,28.85,28.85,28.85,200,2021-09-24 19:06:00,SDVY
28.8742,28.8813,28.8742,28.8813,301,2021-09-24 19:16:00,SDVY
28.8699,28.8699,28.8699,28.8699,100,2021-09-24 19:19:00,SDVY
28.84,28.84,28.84,28.84,174,2021-09-24 19:42:00,SDVY
28.8468,28.8468,28.8468,28.8468,173,2021-09-24 19:43:00,SDVY
28.865,28.865,28.865,28.865,500,2021-09-24 19:52:00,SDVY
28.84,28.84,28.84,28.84,100,2021-09-24 19:55:00,SDVY
28.8131,28.8131,28.8131,28.8131,537,2021-09-24 19:57:00,SDVY
28.85,28.85,28.85,28.85,1100,2021-09-24 19:58:00,SDVY
28.8499,28.8499,28.77,28.77,1062,2021-09-24 19:59:00,SDVY
29.04,29.04,29.017,29.017,350,2021-09-27 13:37:00,SDVY
29.05,29.05,29.05,29.05,100,2021-09-27 13:40:00,SDVY
29.05,29.05,29.0412,29.0412,5480,2021-09-27 13:43:00,SDVY
29.1382,29.1382,29.106,29.106,7300,2021-09-27 13:48:00,SDVY
29.12,29.12,29.1179,29.1179,2700,2021-09-27 13:50:00,SDVY
29.15,29.155,29.1451,29.1451,3000,2021-09-27 13:56:00,SDVY
29.1999,29.1999,29.1999,29.1999,345,2021-09-27 14:10:00,SDVY
29.205,29.205,29.205,29.205,1000,2021-09-27 14:17:00,SDVY
29.2078,29.2078,29.2078,29.2078,4000,2021-09-27 14:22:00,SDVY
29.18,29.18,29.18,29.18,1500,2021-09-27 14:23:00,SDVY
29.2,29.2,29.2,29.2,750,2021-09-27 14:29:00,SDVY
29.2872,29.2872,29.2872,29.2872,2000,2021-09-27 14:32:00,SDVY
29.2272,29.2272,29.2272,29.2272,136,2021-09-27 14:50:00,SDVY
29.245,29.245,29.245,29.245,460,2021-09-27 14:52:00,SDVY
29.2504,29.2504,29.2504,29.2504,685,2021-09-27 14:55:00,SDVY
29.26,29.26,29.26,29.26,400,2021-09-27 15:04:00,SDVY
29.27,29.27,29.27,29.27,2000,2021-09-27 15:09:00,SDVY
29.27,29.27,29.2692,29.2692,750,2021-09-27 15:20:00,SDVY
29.2936,29.2936,29.2936,29.2936,1500,2021-09-27 15:35:00,SDVY
29.2749,29.2749,29.2749,29.2749,1500,2021-09-27 15:37:00,SDVY
29.28,29.28,29.28,29.28,695,2021-09-27 15:43:00,SDVY
29.255,29.255,29.255,29.255,300,2021-09-27 15:57:00,SDVY
29.2977,29.2977,29.2977,29.2977,340,2021-09-27 16:02:00,SDVY
29.3164,29.3164,29.3164,29.3164,440,2021-09-27 16:06:00,SDVY
29.3057,29.3057,29.3057,29.3057,153,2021-09-27 16:15:00,SDVY
29.3168,29.3168,29.3168,29.3168,715,2021-09-27 16:22:00,SDVY
29.31,29.31,29.31,29.31,414,2021-09-27 16:24:00,SDVY
29.3165,29.3165,29.3165,29.3165,200,2021-09-27 16:40:00,SDVY
29.2918,29.2918,29.2918,29.2918,401,2021-09-27 16:41:00,SDVY
29.3167,29.3167,29.3167,29.3167,340,2021-09-27 16:45:00,SDVY
29.2888,29.2888,29.2888,29.2888,500,2021-09-27 16:51:00,SDVY
29.285,29.285,29.285,29.285,150,2021-09-27 16:59:00,SDVY
29.3,29.3,29.2947,29.2947,2048,2021-09-27 17:29:00,SDVY
29.2964,29.2964,29.2964,29.2964,500,2021-09-27 17:30:00,SDVY
29.3089,29.3089,29.3089,29.3089,2048,2021-09-27 17:37:00,SDVY
29.31,29.31,29.302,29.302,1000,2021-09-27 17:44:00,SDVY
29.31,29.31,29.31,29.31,1200,2021-09-27 17:46:00,SDVY
29.32,29.32,29.32,29.32,350,2021-09-27 17:52:00,SDVY
29.32,29.32,29.32,29.32,250,2021-09-27 17:55:00,SDVY
29.33,29.33,29.33,29.33,400,2021-09-27 17:57:00,SDVY
29.356,29.356,29.356,29.356,350,2021-09-27 18:07:00,SDVY
29.3508,29.3508,29.3508,29.3508,3000,2021-09-27 18:08:00,SDVY
29.3577,29.3577,29.3461,29.3461,1102,2021-09-27 18:09:00,SDVY
29.3697,29.3697,29.3697,29.3697,225,2021-09-27 18:11:00,SDVY
29.355,29.355,29.355,29.355,800,2021-09-27 18:12:00,SDVY
29.367,29.37,29.36,29.37,2936,2021-09-27 18:14:00,SDVY
29.35,29.35,29.35,29.35,700,2021-09-27 18:15:00,SDVY
29.379,29.39,29.3765,29.3817,1694,2021-09-27 18:17:00,SDVY
29.39,29.39,29.39,29.39,1000,2021-09-27 18:19:00,SDVY
29.3997,29.3997,29.3997,29.3997,250,2021-09-27 18:20:00,SDVY
29.3801,29.3801,29.38,29.38,800,2021-09-27 18:22:00,SDVY
29.389,29.389,29.3775,29.3775,2000,2021-09-27 18:23:00,SDVY
29.39,29.39,29.39,29.39,4000,2021-09-27 18:24:00,SDVY
29.3717,29.3717,29.3717,29.3717,1500,2021-09-27 18:25:00,SDVY
29.3952,29.3952,29.3952,29.3952,1966,2021-09-27 18:27:00,SDVY
29.3981,29.3981,29.3981,29.3981,225,2021-09-27 18:29:00,SDVY
29.4072,29.4072,29.4072,29.4072,1000,2021-09-27 18:30:00,SDVY
29.3897,29.3897,29.3897,29.3897,100,2021-09-27 18:33:00,SDVY
29.3828,29.3828,29.3828,29.3828,620,2021-09-27 18:37:00,SDVY
29.3877,29.39,29.3865,29.3865,2900,2021-09-27 18:38:00,SDVY
29.38,29.38,29.38,29.38,102,2021-09-27 18:39:00,SDVY
29.37,29.37,29.37,29.37,200,2021-09-27 18:42:00,SDVY
29.3747,29.3747,29.3665,29.37,1350,2021-09-27 18:45:00,SDVY
29.3434,29.3434,29.3434,29.3434,273,2021-09-27 18:46:00,SDVY
29.36,29.36,29.3547,29.3547,2400,2021-09-27 18:49:00,SDVY
29.3378,29.3378,29.3378,29.3378,100,2021-09-27 18:53:00,SDVY
29.32,29.32,29.32,29.32,5000,2021-09-27 19:05:00,SDVY
29.3088,29.3088,29.3088,29.3088,1400,2021-09-27 19:06:00,SDVY
29.35,29.35,29.35,29.35,4200,2021-09-27 19:14:00,SDVY
29.34,29.34,29.34,29.34,3200,2021-09-27 19:16:00,SDVY
29.3234,29.3234,29.3234,29.3234,206,2021-09-27 19:17:00,SDVY
29.34,29.34,29.3365,29.3365,600,2021-09-27 19:18:00,SDVY
29.315,29.32,29.315,29.3179,1507,2021-09-27 19:24:00,SDVY
29.319,29.319,29.319,29.319,791,2021-09-27 19:25:00,SDVY
29.3105,29.3152,29.3033,29.3033,1940,2021-09-27 19:26:00,SDVY
29.3007,29.32,29.3007,29.31,3754,2021-09-27 19:28:00,SDVY
29.305,29.305,29.305,29.305,300,2021-09-27 19:33:00,SDVY
29.299,29.299,29.2947,29.2947,1040,2021-09-27 19:43:00,SDVY
29.2801,29.2801,29.2801,29.2801,664,2021-09-27 19:44:00,SDVY
29.289,29.289,29.289,29.289,240,2021-09-27 19:45:00,SDVY
29.2844,29.2844,29.2844,29.2844,125,2021-09-27 19:48:00,SDVY
29.25,29.25,29.25,29.25,200,2021-09-27 19:50:00,SDVY
29.24,29.24,29.24,29.24,100,2021-09-27 19:51:00,SDVY
29.2517,29.2517,29.2517,29.2517,100,2021-09-27 19:54:00,SDVY
29.2446,29.2446,29.2446,29.2446,225,2021-09-27 19:57:00,SDVY
29.2,29.25,29.2,29.25,11377,2021-09-27 19:59:00,SDVY
29.3,29.3,29.3,29.3,624,2021-09-27 20:00:00,SDVY
29.2206,29.2206,29.19,29.21,740,2021-09-28 13:30:00,SDVY
29.2441,29.2441,29.2441,29.2441,125,2021-09-28 13:37:00,SDVY
29.3599,29.3599,29.2594,29.2594,372,2021-09-28 13:38:00,SDVY
29.275,29.275,29.275,29.275,149,2021-09-28 13:39:00,SDVY
29.0,29.0,29.0,29.0,400,2021-09-28 14:07:00,SDVY
28.97,28.97,28.955,28.97,1208,2021-09-28 14:09:00,SDVY
28.95,28.95,28.95,28.95,173,2021-09-28 14:12:00,SDVY
28.869,28.869,28.869,28.869,350,2021-09-28 14:27:00,SDVY
28.87,28.87,28.87,28.87,600,2021-09-28 14:29:00,SDVY
28.91,28.91,28.91,28.91,300,2021-09-28 14:33:00,SDVY
28.9083,28.9083,28.9083,28.9083,400,2021-09-28 14:34:00,SDVY
29.046,29.046,29.046,29.046,500,2021-09-28 14:40:00,SDVY
29.035,29.035,29.035,29.035,325,2021-09-28 14:42:00,SDVY
29.03,29.03,29.03,29.03,3100,2021-09-28 14:43:00,SDVY
29.06,29.06,29.033,29.033,19009,2021-09-28 14:45:00,SDVY
29.0277,29.0584,29.0277,29.0584,2575,2021-09-28 14:46:00,SDVY
29.04,29.04,29.04,29.04,300,2021-09-28 14:49:00,SDVY
29.02,29.02,29.02,29.02,200,2021-09-28 14:50:00,SDVY
29.0766,29.0766,29.0766,29.0766,400,2021-09-28 14:54:00,SDVY
28.9851,28.9851,28.9851,28.9851,1486,2021-09-28 15:05:00,SDVY
28.98,28.98,28.98,28.98,500,2021-09-28 15:12:00,SDVY
28.92,28.92,28.92,28.92,100,2021-09-28 15:15:00,SDVY
28.9416,28.9416,28.9416,28.9416,100,2021-09-28 15:18:00,SDVY
28.9582,28.9582,28.9582,28.9582,300,2021-09-28 15:21:00,SDVY
28.965,28.965,28.965,28.965,300,2021-09-28 15:25:00,SDVY
28.95,28.95,28.95,28.95,1796,2021-09-28 15:28:00,SDVY
28.95,28.95,28.95,28.95,100,2021-09-28 15:29:00,SDVY
28.92,28.92,28.92,28.92,5000,2021-09-28 15:31:00,SDVY
28.9398,28.9398,28.9398,28.9398,661,2021-09-28 15:33:00,SDVY
28.9345,28.9345,28.9345,28.9345,500,2021-09-28 15:36:00,SDVY
28.959,28.959,28.959,28.959,200,2021-09-28 15:39:00,SDVY
28.91,28.91,28.91,28.91,300,2021-09-28 15:41:00,SDVY
28.88,28.8984,28.88,28.8984,3100,2021-09-28 15:54:00,SDVY
28.8609,28.8609,28.8609,28.8609,345,2021-09-28 16:04:00,SDVY
28.85,28.85,28.85,28.85,438,2021-09-28 16:09:00,SDVY
28.8585,28.8585,28.8583,28.8583,2780,2021-09-28 16:10:00,SDVY
28.9,28.9,28.9,28.9,100,2021-09-28 16:19:00,SDVY
28.87,28.87,28.87,28.87,400,2021-09-28 16:20:00,SDVY
28.89,28.89,28.89,28.89,110,2021-09-28 16:22:00,SDVY
28.88,28.88,28.88,28.88,332,2021-09-28 16:23:00,SDVY
28.8981,28.8981,28.8981,28.8981,326,2021-09-28 16:28:00,SDVY
28.8982,28.8982,28.8982,28.8982,500,2021-09-28 16:29:00,SDVY
28.888,28.888,28.888,28.888,1730,2021-09-28 16:32:00,SDVY
28.888,28.888,28.888,28.888,300,2021-09-28 16:33:00,SDVY
28.8961,28.9,28.8961,28.9,900,2021-09-28 16:34:00,SDVY
28.88,28.88,28.8797,28.88,1600,2021-09-28 16:36:00,SDVY
28.8401,28.8401,28.8401,28.8401,300,2021-09-28 16:42:00,SDVY
28.8301,28.8301,28.8301,28.8301,250,2021-09-28 16:49:00,SDVY
28.86,28.86,28.86,28.86,1000,2021-09-28 16:53:00,SDVY
28.83,28.83,28.83,28.83,100,2021-09-28 16:55:00,SDVY
28.8683,28.8683,28.8683,28.8683,459,2021-09-28 16:56:00,SDVY
28.8498,28.8498,28.83,28.83,250,2021-09-28 17:00:00,SDVY
28.8234,28.8234,28.8234,28.8234,174,2021-09-28 17:02:00,SDVY
28.8437,28.8437,28.8437,28.8437,100,2021-09-28 17:04:00,SDVY
28.8145,28.8145,28.8145,28.8145,100,2021-09-28 17:05:00,SDVY
28.87,28.87,28.87,28.87,335,2021-09-28 17:08:00,SDVY
28.8782,28.8782,28.8782,28.8782,400,2021-09-28 17:11:00,SDVY
28.8676,28.8676,28.8676,28.8676,100,2021-09-28 17:14:00,SDVY
28.8899,28.89,28.8837,28.8837,1381,2021-09-28 17:16:00,SDVY
28.89,28.89,28.89,28.89,183,2021-09-28 17:18:00,SDVY
28.9181,28.9181,28.9181,28.9181,518,2021-09-28 17:20:00,SDVY
28.9297,28.9297,28.9297,28.9297,125,2021-09-28 17:21:00,SDVY
28.92,28.92,28.92,28.92,100,2021-09-28 17:22:00,SDVY
28.9121,28.9121,28.9121,28.9121,180,2021-09-28 17:33:00,SDVY
28.92,28.92,28.92,28.92,500,2021-09-28 17:39:00,SDVY
28.86,28.8787,28.86,28.8787,400,2021-09-28 17:47:00,SDVY
28.8617,28.87,28.86,28.87,1992,2021-09-28 17:49:00,SDVY
28.88,28.88,28.88,28.88,400,2021-09-28 17:50:00,SDVY
28.8454,28.8454,28.8454,28.8454,106,2021-09-28 17:55:00,SDVY
28.855,28.855,28.855,28.855,100,2021-09-28 18:00:00,SDVY
28.84,28.84,28.84,28.84,300,2021-09-28 18:02:00,SDVY
28.84,28.84,28.8333,28.8333,694,2021-09-28 18:03:00,SDVY
28.8,28.8038,28.8,28.8038,650,2021-09-28 18:13:00,SDVY
28.79,28.79,28.79,28.79,1872,2021-09-28 18:14:00,SDVY
28.8062,28.8062,28.8062,28.8062,246,2021-09-28 18:15:00,SDVY
28.86,28.8791,28.86,28.8791,1300,2021-09-28 18:18:00,SDVY
28.875,28.875,28.8716,28.8716,617,2021-09-28 18:21:00,SDVY
28.88,28.88,28.88,28.88,600,2021-09-28 18:22:00,SDVY
28.89,28.89,28.89,28.89,500,2021-09-28 18:23:00,SDVY
28.9,28.9,28.9,28.9,400,2021-09-28 18:24:00,SDVY
28.88,28.88,28.88,28.88,200,2021-09-28 18:27:00,SDVY
28.91,28.91,28.9,28.9,2500,2021-09-28 18:30:00,SDVY
28.8662,28.8662,28.8662,28.8662,104,2021-09-28 18:38:00,SDVY
28.88,28.88,28.8675,28.8675,280,2021-09-28 18:41:00,SDVY
28.96,28.96,28.96,28.96,400,2021-09-28 18:46:00,SDVY
28.97,28.97,28.97,28.97,520,2021-09-28 18:47:00,SDVY
28.9589,28.9589,28.9589,28.9589,190,2021-09-28 18:59:00,SDVY
28.9699,28.9699,28.9699,28.9699,690,2021-09-28 19:00:00,SDVY
28.96,28.96,28.95,28.96,300,2021-09-28 19:01:00,SDVY
28.94,28.94,28.93,28.94,1118,2021-09-28 19:02:00,SDVY
28.97,28.97,28.97,28.97,1380,2021-09-28 19:03:00,SDVY
28.98,28.98,28.98,28.98,1000,2021-09-28 19:09:00,SDVY
28.9782,28.9782,28.9709,28.9709,1802,2021-09-28 19:10:00,SDVY
28.97,28.9735,28.97,28.9735,1370,2021-09-28 19:13:00,SDVY
28.97,28.97,28.97,28.97,2242,2021-09-28 19:14:00,SDVY
28.9518,28.98,28.9518,28.98,873,2021-09-28 19:15:00,SDVY
28.9777,28.9777,28.9777,28.9777,1399,2021-09-28 19:16:00,SDVY
28.9448,28.9448,28.9448,28.9448,217,2021-09-28 19:17:00,SDVY
28.97,28.97,28.97,28.97,449,2021-09-28 19:18:00,SDVY
28.9634,28.9634,28.9634,28.9634,350,2021-09-28 19:19:00,SDVY
28.9401,28.9401,28.9401,28.9401,250,2021-09-28 19:21:00,SDVY
28.8998,28.8998,28.8998,28.8998,200,2021-09-28 19:24:00,SDVY
28.85,28.8665,28.85,28.8665,671,2021-09-28 19:27:00,SDVY
28.8584,28.86,28.8584,28.86,3225,2021-09-28 19:31:00,SDVY
28.8642,28.8642,28.8642,28.8642,100,2021-09-28 19:32:00,SDVY
28.85,28.85,28.85,28.85,263,2021-09-28 19:33:00,SDVY
28.8362,28.8362,28.8362,28.8362,260,2021-09-28 19:34:00,SDVY
28.8388,28.8388,28.8388,28.8388,1733,2021-09-28 19:35:00,SDVY
28.9,28.9,28.9,28.9,400,2021-09-28 19:42:00,SDVY
28.8687,28.8687,28.8687,28.8687,5196,2021-09-28 19:45:00,SDVY
28.84,28.84,28.84,28.84,200,2021-09-28 19:46:00,SDVY
28.8287,28.83,28.8287,28.83,495,2021-09-28 19:47:00,SDVY
28.81,28.81,28.8003,28.8003,204,2021-09-28 19:49:00,SDVY
28.7092,28.7092,28.7092,28.7092,1000,2021-09-28 19:53:00,SDVY
28.82,28.82,28.82,28.82,176,2021-09-28 19:55:00,SDVY
28.776,28.776,28.7751,28.7751,1400,2021-09-28 19:56:00,SDVY
28.79,28.79,28.79,28.79,300,2021-09-28 19:59:00,SDVY
28.86,28.86,28.86,28.86,1336,2021-09-28 20:00:00,SDVY
28.9755,28.9755,28.9755,28.9755,1000,2021-09-29 13:30:00,SDVY
28.885,28.885,28.885,28.885,3000,2021-09-29 13:34:00,SDVY
28.79,28.81,28.79,28.79,5200,2021-09-29 13:35:00,SDVY
28.7501,28.7501,28.7501,28.7501,1000,2021-09-29 13:38:00,SDVY
28.76,28.766,28.76,28.766,853,2021-09-29 13:39:00,SDVY
28.8,28.8,28.8,28.8,300,2021-09-29 13:45:00,SDVY
28.79,28.8,28.79,28.8,200,2021-09-29 13:46:00,SDVY
28.81,28.81,28.81,28.81,200,2021-09-29 13:47:00,SDVY
28.8772,28.8772,28.87,28.87,1100,2021-09-29 13:55:00,SDVY
28.89,28.89,28.89,28.89,100,2021-09-29 14:01:00,SDVY
28.855,28.86,28.8475,28.8475,575,2021-09-29 14:03:00,SDVY
28.8299,28.83,28.82,28.83,552,2021-09-29 14:04:00,SDVY
28.8239,28.842,28.8239,28.842,1121,2021-09-29 14:06:00,SDVY
28.83,28.83,28.83,28.83,100,2021-09-29 14:11:00,SDVY
28.8604,28.8604,28.8604,28.8604,694,2021-09-29 14:16:00,SDVY
28.916,28.916,28.916,28.916,694,2021-09-29 14:21:00,SDVY
28.8696,28.8696,28.8696,28.8696,641,2021-09-29 15:09:00,SDVY
28.9163,28.9163,28.9163,28.9163,865,2021-09-29 15:12:00,SDVY
28.9099,28.9099,28.9099,28.9099,200,2021-09-29 15:18:00,SDVY
28.895,28.895,28.895,28.895,200,2021-09-29 15:19:00,SDVY
28.9,28.9,28.9,28.9,700,2021-09-29 15:21:00,SDVY
28.9,28.9,28.9,28.9,172,2021-09-29 15:23:00,SDVY
28.9099,28.9099,28.9099,28.9099,172,2021-09-29 15:28:00,SDVY
28.9,28.9,28.897,28.897,4120,2021-09-29 15:30:00,SDVY
28.8847,28.8847,28.8847,28.8847,172,2021-09-29 15:31:00,SDVY
28.8717,28.8717,28.8717,28.8717,172,2021-09-29 15:36:00,SDVY
28.85,28.85,28.85,28.85,172,2021-09-29 15:45:00,SDVY
28.8493,28.8493,28.8493,28.8493,1500,2021-09-29 15:54:00,SDVY
28.8556,28.8556,28.8556,28.8556,346,2021-09-29 15:55:00,SDVY
28.8964,28.8964,28.8964,28.8964,450,2021-09-29 16:02:00,SDVY
28.87,28.87,28.87,28.87,100,2021-09-29 16:06:00,SDVY
28.89,28.89,28.89,28.89,500,2021-09-29 16:08:00,SDVY
28.8946,28.8946,28.8946,28.8946,270,2021-09-29 16:09:00,SDVY
28.88,28.88,28.88,28.88,1000,2021-09-29 16:13:00,SDVY
28.8325,28.8325,28.8325,28.8325,400,2021-09-29 16:16:00,SDVY
28.85,28.85,28.85,28.85,1500,2021-09-29 16:20:00,SDVY
28.835,28.835,28.835,28.835,100,2021-09-29 16:35:00,SDVY
28.8319,28.8319,28.8319,28.8319,100,2021-09-29 17:01:00,SDVY
28.84,28.84,28.8358,28.8358,2400,2021-09-29 17:07:00,SDVY
28.82,28.82,28.82,28.82,200,2021-09-29 17:08:00,SDVY
28.83,28.83,28.83,28.83,200,2021-09-29 17:09:00,SDVY
28.8681,28.8681,28.8681,28.8681,256,2021-09-29 17:13:00,SDVY
28.883,28.883,28.883,28.883,150,2021-09-29 17:18:00,SDVY
28.8975,28.8975,28.8975,28.8975,300,2021-09-29 17:19:00,SDVY
28.9084,28.9084,28.9084,28.9084,3000,2021-09-29 17:22:00,SDVY
28.88,28.88,28.88,28.88,750,2021-09-29 17:25:00,SDVY
28.86,28.87,28.86,28.87,1983,2021-09-29 17:33:00,SDVY
28.8424,28.8424,28.8424,28.8424,132,2021-09-29 17:38:00,SDVY
28.838,28.838,28.83,28.83,1765,2021-09-29 17:41:00,SDVY
28.85,28.85,28.85,28.85,1025,2021-09-29 17:45:00,SDVY
28.8478,28.8478,28.8476,28.8476,778,2021-09-29 17:49:00,SDVY
28.8599,28.8599,28.8599,28.8599,128,2021-09-29 17:54:00,SDVY
28.86,28.86,28.86,28.86,175,2021-09-29 17:55:00,SDVY
28.8693,28.8693,28.8693,28.8693,1077,2021-09-29 17:56:00,SDVY
28.87,28.87,28.87,28.87,317,2021-09-29 17:57:00,SDVY
28.8635,28.865,28.8635,28.865,598,2021-09-29 17:58:00,SDVY
28.88,28.88,28.88,28.88,388,2021-09-29 18:00:00,SDVY
28.88,28.88,28.8772,28.8772,300,2021-09-29 18:01:00,SDVY
28.925,28.94,28.925,28.94,1176,2021-09-29 18:11:00,SDVY
28.939,28.939,28.939,28.939,1865,2021-09-29 18:18:00,SDVY
28.948,28.948,28.948,28.948,400,2021-09-29 18:19:00,SDVY
28.9296,28.9296,28.9296,28.9296,3000,2021-09-29 18:23:00,SDVY
28.925,28.94,28.925,28.9269,3565,2021-09-29 18:24:00,SDVY
28.9401,28.9401,28.935,28.935,1088,2021-09-29 18:28:00,SDVY
28.9407,28.9407,28.9407,28.9407,1000,2021-09-29 18:30:00,SDVY
28.969,28.969,28.969,28.969,345,2021-09-29 18:33:00,SDVY
28.95,28.96,28.9433,28.96,4152,2021-09-29 18:37:00,SDVY
28.95,28.95,28.95,28.95,200,2021-09-29 18:39:00,SDVY
28.96,28.96,28.96,28.96,345,2021-09-29 18:40:00,SDVY
28.98,28.98,28.98,28.98,517,2021-09-29 18:43:00,SDVY
28.945,28.945,28.945,28.945,200,2021-09-29 18:46:00,SDVY
28.96,28.96,28.96,28.96,2000,2021-09-29 18:50:00,SDVY
28.9361,28.9361,28.9361,28.9361,175,2021-09-29 18:51:00,SDVY
28.96,28.96,28.96,28.96,518,2021-09-29 18:52:00,SDVY
28.9309,28.9309,28.9309,28.9309,1000,2021-09-29 18:54:00,SDVY
28.9277,28.9277,28.92,28.92,1279,2021-09-29 18:55:00,SDVY
28.929,28.929,28.929,28.929,2593,2021-09-29 18:58:00,SDVY
28.94,28.94,28.94,28.94,1000,2021-09-29 18:59:00,SDVY
28.94,28.94,28.94,28.94,131,2021-09-29 19:00:00,SDVY
28.92,28.92,28.92,28.92,900,2021-09-29 19:01:00,SDVY
28.89,28.8982,28.8858,28.8982,2985,2021-09-29 19:05:00,SDVY
28.8927,28.8927,28.8927,28.8927,328,2021-09-29 19:08:00,SDVY
28.91,28.91,28.91,28.91,200,2021-09-29 19:12:00,SDVY
28.94,28.95,28.94,28.95,3251,2021-09-29 19:16:00,SDVY
28.9287,28.9467,28.9287,28.9467,1157,2021-09-29 19:17:00,SDVY
28.9661,28.9661,28.9661,28.9661,483,2021-09-29 19:19:00,SDVY
28.931,28.9471,28.931,28.9471,600,2021-09-29 19:20:00,SDVY
28.93,28.945,28.93,28.945,5675,2021-09-29 19:22:00,SDVY
28.945,28.95,28.945,28.945,1600,2021-09-29 19:24:00,SDVY
28.969,28.969,28.969,28.969,860,2021-09-29 19:26:00,SDVY
28.9663,28.9663,28.9663,28.9663,500,2021-09-29 19:28:00,SDVY
28.9656,28.9656,28.955,28.955,1200,2021-09-29 19:29:00,SDVY
28.9558,28.9558,28.9558,28.9558,515,2021-09-29 19:30:00,SDVY
28.9671,28.9671,28.9671,28.9671,1000,2021-09-29 19:34:00,SDVY
28.94,28.945,28.94,28.945,2700,2021-09-29 19:36:00,SDVY
28.94,28.94,28.94,28.94,500,2021-09-29 19:37:00,SDVY
28.9268,28.9268,28.9101,28.9101,946,2021-09-29 19:40:00,SDVY
28.91,28.91,28.91,28.91,300,2021-09-29 19:45:00,SDVY
28.8734,28.8734,28.86,28.86,734,2021-09-29 19:59:00,SDVY
29.04,29.04,28.95,28.95,4371,2021-09-30 13:30:00,SDVY
28.87,28.87,28.87,28.87,865,2021-09-30 13:35:00,SDVY
28.8546,28.8546,28.8546,28.8546,193,2021-09-30 13:36:00,SDVY
28.8,28.8,28.8,28.8,500,2021-09-30 13:38:00,SDVY
28.84,28.84,28.835,28.835,1200,2021-09-30 13:40:00,SDVY
28.8471,28.8471,28.8471,28.8471,172,2021-09-30 13:42:00,SDVY
28.86,28.86,28.86,28.86,200,2021-09-30 13:43:00,SDVY
28.919,28.919,28.919,28.919,172,2021-09-30 13:46:00,SDVY
28.9175,28.9175,28.9175,28.9175,300,2021-09-30 13:48:00,SDVY
28.938,28.938,28.938,28.938,3000,2021-09-30 13:53:00,SDVY
28.845,28.845,28.845,28.845,1208,2021-09-30 14:03:00,SDVY
28.7799,28.7799,28.77,28.77,1000,2021-09-30 14:14:00,SDVY
28.8,28.8,28.8,28.8,300,2021-09-30 14:16:00,SDVY
28.75,28.75,28.75,28.75,500,2021-09-30 14:22:00,SDVY
28.735,28.74,28.72,28.74,600,2021-09-30 14:24:00,SDVY
28.7363,28.7363,28.7363,28.7363,500,2021-09-30 14:25:00,SDVY
28.745,28.745,28.745,28.745,695,2021-09-30 14:27:00,SDVY
28.7525,28.7525,28.709,28.709,500,2021-09-30 14:28:00,SDVY
28.72,28.72,28.72,28.72,100,2021-09-30 14:29:00,SDVY
28.7447,28.75,28.7447,28.75,800,2021-09-30 14:38:00,SDVY
28.692,28.692,28.692,28.692,500,2021-09-30 15:01:00,SDVY
28.7399,28.7399,28.7399,28.7399,200,2021-09-30 15:11:00,SDVY
28.78,28.78,28.78,28.78,720,2021-09-30 15:16:00,SDVY
28.7541,28.7582,28.7541,28.7582,589,2021-09-30 15:21:00,SDVY
28.76,28.76,28.76,28.76,250,2021-09-30 15:22:00,SDVY
28.74,28.7548,28.74,28.7548,238,2021-09-30 15:24:00,SDVY
28.759,28.76,28.7517,28.76,883,2021-09-30 15:25:00,SDVY
28.745,28.745,28.745,28.745,225,2021-09-30 15:26:00,SDVY
28.74,28.75,28.74,28.75,470,2021-09-30 15:27:00,SDVY
28.7441,28.7441,28.7441,28.7441,222,2021-09-30 15:29:00,SDVY
28.7579,28.7579,28.7579,28.7579,216,2021-09-30 15:30:00,SDVY
28.7499,28.7499,28.74,28.7454,648,2021-09-30 15:31:00,SDVY
28.71,28.71,28.71,28.71,100,2021-09-30 15:34:00,SDVY
28.6464,28.6464,28.6464,28.6464,100,2021-09-30 15:38:00,SDVY
28.625,28.6385,28.625,28.6385,332,2021-09-30 15:40:00,SDVY
28.639,28.639,28.6369,28.6369,361,2021-09-30 15:41:00,SDVY
28.6379,28.6379,28.6379,28.6379,203,2021-09-30 15:44:00,SDVY
28.63,28.63,28.61,28.61,300,2021-09-30 15:46:00,SDVY
28.61,28.61,28.61,28.61,100,2021-09-30 15:47:00,SDVY
28.5945,28.5945,28.5945,28.5945,109,2021-09-30 15:48:00,SDVY
28.5843,28.59,28.566,28.59,514,2021-09-30 15:49:00,SDVY
28.585,28.585,28.585,28.585,213,2021-09-30 15:50:00,SDVY
28.6,28.6,28.5825,28.5825,268,2021-09-30 15:51:00,SDVY
28.575,28.575,28.575,28.575,107,2021-09-30 15:52:00,SDVY
28.55,28.55,28.55,28.55,6997,2021-09-30 16:06:00,SDVY
28.5,28.5,28.5,28.5,300,2021-09-30 16:08:00,SDVY
28.4824,28.4824,28.4824,28.4824,111,2021-09-30 16:09:00,SDVY
28.46,28.46,28.46,28.46,105,2021-09-30 16:10:00,SDVY
28.4283,28.4283,28.4283,28.4283,250,2021-09-30 16:30:00,SDVY
28.52,28.52,28.52,28.52,181,2021-09-30 16:55:00,SDVY
28.5377,28.5377,28.5377,28.5377,433,2021-09-30 17:08:00,SDVY
28.5459,28.5459,28.5459,28.5459,3936,2021-09-30 17:11:00,SDVY
28.5699,28.5699,28.5699,28.5699,232,2021-09-30 17:16:00,SDVY
28.54,28.54,28.52,28.52,300,2021-09-30 17:17:00,SDVY
28.5207,28.5207,28.5207,28.5207,362,2021-09-30 17:22:00,SDVY
28.5297,28.5297,28.5297,28.5297,350,2021-09-30 17:23:00,SDVY
28.42,28.42,28.42,28.42,100,2021-09-30 17:36:00,SDVY
28.47,28.47,28.47,28.47,1110,2021-09-30 17:41:00,SDVY
28.4979,28.4979,28.4979,28.4979,200,2021-09-30 17:47:00,SDVY
28.5197,28.5197,28.5197,28.5197,175,2021-09-30 17:50:00,SDVY
28.5947,28.5947,28.5947,28.5947,189,2021-09-30 18:11:00,SDVY
28.59,28.59,28.55,28.55,1840,2021-09-30 18:15:00,SDVY
28.5238,28.53,28.5238,28.53,12927,2021-09-30 18:19:00,SDVY
28.5098,28.5098,28.5098,28.5098,200,2021-09-30 18:22:00,SDVY
28.5136,28.5136,28.5136,28.5136,100,2021-09-30 18:27:00,SDVY
28.5443,28.5464,28.5443,28.5464,1150,2021-09-30 18:30:00,SDVY
28.56,28.56,28.56,28.56,250,2021-09-30 18:31:00,SDVY
28.55,28.56,28.55,28.56,1000,2021-09-30 18:36:00,SDVY
28.5358,28.5358,28.5358,28.5358,175,2021-09-30 18:39:00,SDVY
28.59,28.59,28.5775,28.5775,1795,2021-09-30 18:42:00,SDVY
28.5605,28.5605,28.5605,28.5605,224,2021-09-30 18:43:00,SDVY
28.579,28.579,28.579,28.579,300,2021-09-30 18:44:00,SDVY
28.5657,28.5657,28.5657,28.5657,260,2021-09-30 18:45:00,SDVY
28.59,28.59,28.59,28.59,200,2021-09-30 18:51:00,SDVY
28.58,28.58,28.58,28.58,384,2021-09-30 18:52:00,SDVY
28.58,28.58,28.56,28.56,1175,2021-09-30 18:53:00,SDVY
28.57,28.57,28.5567,28.5567,409,2021-09-30 18:55:00,SDVY
28.55,28.55,28.55,28.55,200,2021-09-30 18:57:00,SDVY
28.5437,28.5437,28.5437,28.5437,798,2021-09-30 18:59:00,SDVY
28.5484,28.5484,28.5262,28.5262,2965,2021-09-30 19:01:00,SDVY
28.4967,28.4967,28.4967,28.4967,600,2021-09-30 19:04:00,SDVY
28.5236,28.5236,28.5236,28.5236,742,2021-09-30 19:05:00,SDVY
28.53,28.53,28.53,28.53,200,2021-09-30 19:07:00,SDVY
28.54,28.54,28.5275,28.5275,314,2021-09-30 19:09:00,SDVY
28.5717,28.58,28.57,28.58,689,2021-09-30 19:18:00,SDVY
28.5377,28.5377,28.5377,28.5377,445,2021-09-30 19:20:00,SDVY
28.55,28.55,28.54,28.54,3150,2021-09-30 19:21:00,SDVY
28.534,28.534,28.534,28.534,1105,2021-09-30 19:23:00,SDVY
28.525,28.525,28.525,28.525,201,2021-09-30 19:26:00,SDVY
28.54,28.54,28.5365,28.54,1653,2021-09-30 19:28:00,SDVY
28.5387,28.5387,28.528,28.528,4271,2021-09-30 19:29:00,SDVY
28.5217,28.5217,28.5178,28.5178,410,2021-09-30 19:30:00,SDVY
28.5116,28.5116,28.5116,28.5116,1500,2021-09-30 19:31:00,SDVY
28.56,28.57,28.56,28.57,1100,2021-09-30 19:34:00,SDVY
28.55,28.55,28.5468,28.5468,400,2021-09-30 19:38:00,SDVY
28.5287,28.53,28.5287,28.529,2375,2021-09-30 19:40:00,SDVY
28.48,28.48,28.48,28.48,800,2021-09-30 19:44:00,SDVY
28.45,28.45,28.44,28.44,315,2021-09-30 19:45:00,SDVY
28.4575,28.4575,28.4575,28.4575,2000,2021-09-30 19:47:00,SDVY
28.4555,28.4555,28.4555,28.4555,175,2021-09-30 19:48:00,SDVY
28.44,28.44,28.44,28.44,1100,2021-09-30 19:49:00,SDVY
28.42,28.42,28.42,28.42,400,2021-09-30 19:50:00,SDVY
28.3564,28.3564,28.32,28.32,600,2021-09-30 19:58:00,SDVY
28.31,28.36,28.31,28.36,335,2021-09-30 19:59:00,SDVY
28.27,28.27,28.27,28.27,105,2021-09-30 20:00:00,SDVY
