open,high,low,close,volume,datetime,symbol
9.12,9.12,9.12,9.12,1470,2021-09-01 13:30:00,TCRX
9.12,9.12,9.12,9.12,143,2021-09-01 13:32:00,TCRX
9.11,9.11,9.11,9.11,800,2021-09-01 13:41:00,TCRX
9.14,9.14,9.11,9.14,400,2021-09-01 13:42:00,TCRX
9.16,9.16,9.16,9.16,100,2021-09-01 13:45:00,TCRX
9.16,9.16,9.16,9.16,100,2021-09-01 13:52:00,TCRX
9.19,9.2,9.19,9.2,300,2021-09-01 13:56:00,TCRX
9.2052,9.2052,9.15,9.15,200,2021-09-01 13:58:00,TCRX
9.155,9.155,9.155,9.155,100,2021-09-01 13:59:00,TCRX
9.19,9.19,9.19,9.19,100,2021-09-01 14:00:00,TCRX
9.1565,9.1565,9.15,9.15,350,2021-09-01 14:05:00,TCRX
9.175,9.175,9.175,9.175,100,2021-09-01 14:07:00,TCRX
9.175,9.175,9.15,9.175,1486,2021-09-01 14:09:00,TCRX
9.175,9.175,9.175,9.175,100,2021-09-01 14:13:00,TCRX
9.175,9.175,9.15,9.15,300,2021-09-01 14:16:00,TCRX
9.15,9.15,9.15,9.15,100,2021-09-01 14:17:00,TCRX
9.175,9.175,9.175,9.175,200,2021-09-01 14:30:00,TCRX
9.15,9.15,9.15,9.15,100,2021-09-01 14:35:00,TCRX
9.1563,9.175,9.15,9.15,1380,2021-09-01 14:42:00,TCRX
9.175,9.175,9.175,9.175,600,2021-09-01 14:45:00,TCRX
9.165,9.165,9.15,9.15,400,2021-09-01 14:56:00,TCRX
9.15,9.15,9.14,9.14,500,2021-09-01 14:58:00,TCRX
9.165,9.18,9.11,9.11,15900,2021-09-01 15:02:00,TCRX
9.12,9.12,9.12,9.12,100,2021-09-01 15:03:00,TCRX
9.15,9.15,9.07,9.15,4059,2021-09-01 15:07:00,TCRX
9.0752,9.0752,9.0752,9.0752,500,2021-09-01 15:16:00,TCRX
9.0701,9.0701,9.0701,9.0701,200,2021-09-01 15:21:00,TCRX
9.1,9.1,9.1,9.1,200,2021-09-01 15:22:00,TCRX
9.08,9.08,9.08,9.08,100,2021-09-01 15:29:00,TCRX
9.1,9.1,9.1,9.1,200,2021-09-01 15:33:00,TCRX
9.1,9.1,9.07,9.07,600,2021-09-01 15:38:00,TCRX
9.1,9.1,9.1,9.1,135,2021-09-01 15:39:00,TCRX
9.07,9.07,9.07,9.07,100,2021-09-01 15:45:00,TCRX
9.07,9.073,9.05,9.05,1600,2021-09-01 15:46:00,TCRX
9.02,9.02,9.02,9.02,100,2021-09-01 15:47:00,TCRX
9.0563,9.0563,9.0563,9.0563,1145,2021-09-01 15:48:00,TCRX
9.02,9.02,9.02,9.02,100,2021-09-01 16:05:00,TCRX
9.02,9.034,9.02,9.034,652,2021-09-01 16:07:00,TCRX
9.03,9.03,9.01,9.01,300,2021-09-01 16:13:00,TCRX
9.01,9.012,9.01,9.012,700,2021-09-01 16:14:00,TCRX
8.865,8.865,8.865,8.865,100,2021-09-01 16:23:00,TCRX
8.83,8.84,8.83,8.84,2712,2021-09-01 16:26:00,TCRX
9.03,9.03,9.03,9.03,559,2021-09-01 16:27:00,TCRX
8.9,8.9,8.9,8.9,500,2021-09-01 16:38:00,TCRX
8.82,8.82,8.82,8.82,100,2021-09-01 16:41:00,TCRX
8.9629,9.0,8.83,8.83,998,2021-09-01 16:56:00,TCRX
8.82,8.82,8.82,8.82,100,2021-09-01 16:59:00,TCRX
8.825,8.825,8.825,8.825,100,2021-09-01 17:17:00,TCRX
8.83,8.83,8.83,8.83,100,2021-09-01 17:36:00,TCRX
8.9666,8.9666,8.9666,8.9666,900,2021-09-01 17:53:00,TCRX
8.84,8.84,8.84,8.84,100,2021-09-01 17:54:00,TCRX
8.83,8.83,8.83,8.83,200,2021-09-01 18:12:00,TCRX
8.895,8.895,8.895,8.895,100,2021-09-01 18:14:00,TCRX
8.9,8.9,8.9,8.9,100,2021-09-01 18:27:00,TCRX
8.83,8.83,8.83,8.83,100,2021-09-01 18:30:00,TCRX
8.83,8.83,8.83,8.83,186,2021-09-01 18:33:00,TCRX
8.77,8.77,8.77,8.77,100,2021-09-01 18:48:00,TCRX
8.93,8.93,8.93,8.93,650,2021-09-01 18:50:00,TCRX
8.865,8.865,8.865,8.865,164,2021-09-01 18:51:00,TCRX
8.865,8.865,8.865,8.865,200,2021-09-01 18:52:00,TCRX
8.91,8.91,8.9,8.9,900,2021-09-01 18:54:00,TCRX
8.9,8.9,8.88,8.9,1100,2021-09-01 18:55:00,TCRX
8.877,8.8886,8.877,8.8886,375,2021-09-01 18:59:00,TCRX
8.9,8.9,8.9,8.9,200,2021-09-01 19:00:00,TCRX
8.9,8.9,8.9,8.9,221,2021-09-01 19:02:00,TCRX
8.85,8.9,8.85,8.85,960,2021-09-01 19:04:00,TCRX
8.76,8.76,8.76,8.76,100,2021-09-01 19:06:00,TCRX
8.76,8.76,8.76,8.76,100,2021-09-01 19:09:00,TCRX
8.76,8.76,8.76,8.76,440,2021-09-01 19:12:00,TCRX
8.92,8.92,8.76,8.76,250,2021-09-01 19:14:00,TCRX
8.76,8.76,8.76,8.76,100,2021-09-01 19:17:00,TCRX
8.82,8.82,8.82,8.82,100,2021-09-01 19:18:00,TCRX
8.76,8.76,8.76,8.76,100,2021-09-01 19:24:00,TCRX
8.76,8.76,8.76,8.76,100,2021-09-01 19:32:00,TCRX
8.77,8.77,8.77,8.77,100,2021-09-01 19:38:00,TCRX
8.76,8.76,8.76,8.76,100,2021-09-01 19:42:00,TCRX
8.82,8.83,8.815,8.815,400,2021-09-01 19:44:00,TCRX
8.82,8.83,8.8075,8.83,805,2021-09-01 19:45:00,TCRX
8.82,9.0,8.82,8.98,531,2021-09-01 19:59:00,TCRX
8.84,8.84,8.84,8.84,8085,2021-09-01 20:00:00,TCRX
8.99,8.99,8.99,8.99,762,2021-09-02 13:30:00,TCRX
8.971,8.971,8.82,8.905,640,2021-09-02 13:40:00,TCRX
8.8364,8.8364,8.8364,8.8364,200,2021-09-02 13:41:00,TCRX
8.825,8.825,8.82,8.82,200,2021-09-02 13:42:00,TCRX
8.825,8.905,8.825,8.905,250,2021-09-02 13:59:00,TCRX
8.905,8.905,8.82,8.82,2400,2021-09-02 14:03:00,TCRX
8.9759,8.9759,8.9759,8.9759,225,2021-09-02 14:11:00,TCRX
8.95,8.98,8.95,8.98,300,2021-09-02 14:13:00,TCRX
8.845,8.845,8.845,8.845,100,2021-09-02 14:15:00,TCRX
8.83,8.84,8.78,8.78,561,2021-09-02 14:31:00,TCRX
8.755,8.755,8.755,8.755,100,2021-09-02 14:33:00,TCRX
8.75,8.75,8.75,8.75,147,2021-09-02 14:35:00,TCRX
8.75,8.75,8.75,8.75,100,2021-09-02 14:51:00,TCRX
8.8399,8.84,8.75,8.84,1106,2021-09-02 15:02:00,TCRX
8.84,8.84,8.8,8.84,600,2021-09-02 15:03:00,TCRX
8.775,8.95,8.775,8.95,200,2021-09-02 15:09:00,TCRX
8.8975,8.8975,8.8975,8.8975,341,2021-09-02 15:16:00,TCRX
8.7952,8.7952,8.7952,8.7952,360,2021-09-02 15:19:00,TCRX
8.77,8.77,8.77,8.77,100,2021-09-02 15:28:00,TCRX
8.84,8.84,8.84,8.84,1087,2021-09-02 15:45:00,TCRX
8.785,8.785,8.785,8.785,100,2021-09-02 15:46:00,TCRX
8.8135,8.855,8.8135,8.855,600,2021-09-02 15:57:00,TCRX
8.84,8.84,8.84,8.84,299,2021-09-02 16:14:00,TCRX
8.7926,8.84,8.7926,8.84,500,2021-09-02 16:21:00,TCRX
8.81,8.82,8.81,8.82,400,2021-09-02 16:23:00,TCRX
8.8,8.8,8.8,8.8,100,2021-09-02 16:24:00,TCRX
8.78,8.78,8.78,8.78,100,2021-09-02 16:25:00,TCRX
8.77,8.77,8.77,8.77,200,2021-09-02 16:28:00,TCRX
8.83,8.83,8.79,8.79,200,2021-09-02 16:35:00,TCRX
8.75,8.75,8.75,8.75,100,2021-09-02 16:40:00,TCRX
8.79,8.79,8.79,8.79,200,2021-09-02 16:45:00,TCRX
8.76,8.76,8.76,8.76,100,2021-09-02 16:50:00,TCRX
8.75,8.75,8.75,8.75,100,2021-09-02 16:58:00,TCRX
8.7993,8.7993,8.7993,8.7993,200,2021-09-02 17:01:00,TCRX
8.82,8.83,8.82,8.83,200,2021-09-02 17:14:00,TCRX
8.75,8.75,8.75,8.75,100,2021-09-02 17:23:00,TCRX
8.83,8.83,8.83,8.83,100,2021-09-02 17:37:00,TCRX
8.75,8.75,8.75,8.75,100,2021-09-02 17:41:00,TCRX
8.79,8.79,8.79,8.79,100,2021-09-02 17:48:00,TCRX
8.75,8.75,8.75,8.75,100,2021-09-02 17:52:00,TCRX
8.8194,8.8194,8.8194,8.8194,100,2021-09-02 18:00:00,TCRX
8.75,8.75,8.75,8.75,100,2021-09-02 18:10:00,TCRX
8.79,8.82,8.79,8.82,300,2021-09-02 18:20:00,TCRX
8.75,8.75,8.75,8.75,100,2021-09-02 18:35:00,TCRX
8.82,8.89,8.82,8.89,400,2021-09-02 18:43:00,TCRX
8.7675,8.7675,8.7675,8.7675,100,2021-09-02 18:45:00,TCRX
8.75,8.75,8.75,8.75,100,2021-09-02 18:46:00,TCRX
8.7656,8.7656,8.7656,8.7656,200,2021-09-02 18:56:00,TCRX
8.81,8.82,8.81,8.82,200,2021-09-02 19:12:00,TCRX
8.83,8.83,8.83,8.83,100,2021-09-02 19:16:00,TCRX
8.75,8.75,8.75,8.75,100,2021-09-02 19:22:00,TCRX
8.84,8.84,8.84,8.84,100,2021-09-02 19:26:00,TCRX
8.75,8.75,8.75,8.75,100,2021-09-02 19:40:00,TCRX
8.84,8.84,8.84,8.84,300,2021-09-02 19:41:00,TCRX
8.8,8.8,8.8,8.8,100,2021-09-02 19:43:00,TCRX
8.7671,8.7671,8.7671,8.7671,273,2021-09-02 19:44:00,TCRX
8.84,8.85,8.84,8.85,300,2021-09-02 19:50:00,TCRX
8.84,8.84,8.84,8.84,200,2021-09-02 19:51:00,TCRX
8.8312,8.8312,8.8312,8.8312,125,2021-09-02 19:53:00,TCRX
8.87,8.87,8.87,8.87,100,2021-09-02 19:55:00,TCRX
8.88,8.89,8.85,8.85,830,2021-09-02 19:56:00,TCRX
8.85,8.85,8.85,8.85,100,2021-09-02 19:58:00,TCRX
8.84,8.98,8.79,8.96,1016,2021-09-02 19:59:00,TCRX
8.97,8.97,8.97,8.97,632,2021-09-02 20:00:00,TCRX
8.94,9.01,8.94,9.01,213,2021-09-03 13:30:00,TCRX
8.76,8.76,8.76,8.76,559,2021-09-03 13:40:00,TCRX
8.7781,8.7781,8.7781,8.7781,1124,2021-09-03 13:42:00,TCRX
8.8184,8.8184,8.8184,8.8184,175,2021-09-03 13:46:00,TCRX
8.875,8.98,8.83,8.83,5100,2021-09-03 13:52:00,TCRX
8.9633,8.9633,8.9633,8.9633,400,2021-09-03 13:54:00,TCRX
8.8116,8.8116,8.8116,8.8116,800,2021-09-03 13:55:00,TCRX
8.79,8.79,8.79,8.79,100,2021-09-03 13:59:00,TCRX
8.8,8.8,8.78,8.8,1000,2021-09-03 14:07:00,TCRX
8.9634,8.9634,8.9634,8.9634,500,2021-09-03 14:11:00,TCRX
8.86,8.86,8.79,8.79,1100,2021-09-03 14:12:00,TCRX
8.78,8.78,8.78,8.78,100,2021-09-03 14:17:00,TCRX
8.81,8.81,8.7,8.7,4300,2021-09-03 14:18:00,TCRX
8.7345,8.7345,8.7345,8.7345,150,2021-09-03 14:32:00,TCRX
8.834,8.834,8.834,8.834,114,2021-09-03 14:33:00,TCRX
8.735,8.735,8.735,8.735,100,2021-09-03 14:35:00,TCRX
8.74,8.74,8.74,8.74,2000,2021-09-03 14:49:00,TCRX
8.74,8.74,8.74,8.74,100,2021-09-03 14:50:00,TCRX
8.765,8.765,8.765,8.765,100,2021-09-03 14:53:00,TCRX
8.74,8.775,8.74,8.775,700,2021-09-03 14:55:00,TCRX
8.75,8.76,8.75,8.76,1100,2021-09-03 14:57:00,TCRX
8.71,8.75,8.71,8.75,400,2021-09-03 14:58:00,TCRX
8.75,8.75,8.75,8.75,200,2021-09-03 14:59:00,TCRX
8.71,8.71,8.7,8.7,2461,2021-09-03 15:02:00,TCRX
8.7,8.728,8.7,8.728,2100,2021-09-03 15:03:00,TCRX
8.7,8.7,8.7,8.7,2000,2021-09-03 15:06:00,TCRX
8.7,8.7,8.5,8.5,57690,2021-09-03 15:08:00,TCRX
8.74,8.795,8.74,8.795,200,2021-09-03 15:09:00,TCRX
8.75,8.75,8.75,8.75,100,2021-09-03 15:10:00,TCRX
8.68,8.68,8.66,8.66,300,2021-09-03 15:11:00,TCRX
8.79,8.83,8.79,8.83,497,2021-09-03 15:12:00,TCRX
8.9784,8.9784,8.9784,8.9784,110,2021-09-03 15:21:00,TCRX
8.855,8.86,8.855,8.86,200,2021-09-03 15:23:00,TCRX
8.76,8.76,8.76,8.76,120,2021-09-03 15:43:00,TCRX
8.74,8.74,8.74,8.74,100,2021-09-03 15:47:00,TCRX
8.8,8.8,8.8,8.8,100,2021-09-03 15:52:00,TCRX
8.845,8.895,8.845,8.85,1300,2021-09-03 16:00:00,TCRX
8.91,8.91,8.91,8.91,100,2021-09-03 16:01:00,TCRX
8.915,8.915,8.915,8.915,900,2021-09-03 16:02:00,TCRX
8.86,8.86,8.85,8.85,200,2021-09-03 16:03:00,TCRX
8.915,8.915,8.915,8.915,750,2021-09-03 16:05:00,TCRX
8.75,8.76,8.74,8.74,811,2021-09-03 16:18:00,TCRX
8.64,8.64,8.64,8.64,1100,2021-09-03 16:20:00,TCRX
8.64,8.64,8.64,8.64,300,2021-09-03 16:21:00,TCRX
8.64,8.64,8.64,8.64,100,2021-09-03 16:22:00,TCRX
8.75,8.81,8.75,8.81,300,2021-09-03 16:33:00,TCRX
8.76,8.76,8.76,8.76,100,2021-09-03 16:40:00,TCRX
8.77,8.77,8.77,8.77,200,2021-09-03 16:45:00,TCRX
8.77,8.77,8.64,8.64,1000,2021-09-03 16:52:00,TCRX
8.65,8.76,8.65,8.76,2175,2021-09-03 16:55:00,TCRX
8.66,8.66,8.66,8.66,100,2021-09-03 16:56:00,TCRX
8.6301,8.6301,8.6301,8.6301,150,2021-09-03 16:57:00,TCRX
8.63,8.63,8.63,8.63,100,2021-09-03 16:58:00,TCRX
8.69,8.69,8.69,8.69,100,2021-09-03 17:06:00,TCRX
8.695,8.695,8.695,8.695,100,2021-09-03 17:16:00,TCRX
8.69,8.725,8.6,8.6,5111,2021-09-03 17:17:00,TCRX
8.55,8.63,8.5,8.5675,2461,2021-09-03 17:21:00,TCRX
8.5135,8.5135,8.5135,8.5135,200,2021-09-03 17:29:00,TCRX
8.55,8.55,8.55,8.55,100,2021-09-03 17:34:00,TCRX
8.72,8.72,8.72,8.72,200,2021-09-03 17:48:00,TCRX
8.58,8.71,8.48,8.615,6900,2021-09-03 17:49:00,TCRX
8.509,8.72,8.48,8.48,600,2021-09-03 17:57:00,TCRX
8.5001,8.5001,8.5001,8.5001,100,2021-09-03 18:04:00,TCRX
8.7179,8.72,8.615,8.72,1050,2021-09-03 18:10:00,TCRX
8.4801,8.4801,8.4801,8.4801,500,2021-09-03 18:12:00,TCRX
8.58,8.71,8.58,8.71,3000,2021-09-03 18:18:00,TCRX
8.63,8.63,8.63,8.63,250,2021-09-03 18:21:00,TCRX
8.63,8.63,8.63,8.63,200,2021-09-03 18:31:00,TCRX
8.62,8.62,8.56,8.56,1190,2021-09-03 18:36:00,TCRX
8.62,8.64,8.62,8.63,2410,2021-09-03 18:37:00,TCRX
8.63,8.63,8.63,8.63,200,2021-09-03 18:40:00,TCRX
8.66,8.66,8.66,8.66,100,2021-09-03 18:51:00,TCRX
8.67,8.67,8.64,8.64,600,2021-09-03 18:55:00,TCRX
8.64,8.64,8.64,8.64,300,2021-09-03 18:56:00,TCRX
8.63,8.655,8.62,8.655,4257,2021-09-03 18:57:00,TCRX
8.61,8.61,8.61,8.61,1000,2021-09-03 18:58:00,TCRX
8.655,8.68,8.655,8.68,200,2021-09-03 18:59:00,TCRX
8.66,8.66,8.65,8.65,700,2021-09-03 19:09:00,TCRX
8.655,8.655,8.655,8.655,500,2021-09-03 19:23:00,TCRX
8.655,8.655,8.655,8.655,300,2021-09-03 19:25:00,TCRX
8.63,8.64,8.61,8.61,1131,2021-09-03 19:29:00,TCRX
8.655,8.745,8.55,8.7125,1900,2021-09-03 19:32:00,TCRX
8.72,8.72,8.72,8.72,100,2021-09-03 19:38:00,TCRX
8.55,8.55,8.55,8.55,100,2021-09-03 19:41:00,TCRX
8.68,8.68,8.68,8.68,100,2021-09-03 19:44:00,TCRX
8.675,8.675,8.675,8.675,100,2021-09-03 19:48:00,TCRX
8.665,8.665,8.665,8.665,500,2021-09-03 19:49:00,TCRX
8.63,8.63,8.58,8.58,400,2021-09-03 19:52:00,TCRX
8.64,8.64,8.64,8.64,200,2021-09-03 19:54:00,TCRX
8.63,8.63,8.63,8.63,200,2021-09-03 19:55:00,TCRX
8.635,8.635,8.635,8.635,100,2021-09-03 19:56:00,TCRX
8.64,8.64,8.64,8.64,400,2021-09-03 19:57:00,TCRX
8.63,8.69,8.63,8.69,700,2021-09-03 19:59:00,TCRX
8.52,8.52,8.52,8.52,1268,2021-09-03 20:00:00,TCRX
8.75,8.75,8.75,8.75,1514,2021-09-07 13:30:00,TCRX
8.9451,8.9451,8.9451,8.9451,100,2021-09-07 13:32:00,TCRX
9.0,9.0,9.0,9.0,2737,2021-09-07 13:38:00,TCRX
8.7577,8.875,8.75,8.75,1302,2021-09-07 13:42:00,TCRX
8.88,8.97,8.88,8.97,200,2021-09-07 13:46:00,TCRX
8.7729,8.875,8.76,8.875,545,2021-09-07 13:48:00,TCRX
9.0,9.0,9.0,9.0,100,2021-09-07 13:51:00,TCRX
9.0,9.0,8.75,8.75,1300,2021-09-07 13:53:00,TCRX
8.75,8.75,8.75,8.75,100,2021-09-07 13:54:00,TCRX
8.816,8.816,8.816,8.816,500,2021-09-07 13:56:00,TCRX
8.9,8.9,8.9,8.9,100,2021-09-07 14:00:00,TCRX
8.905,8.905,8.905,8.905,100,2021-09-07 14:01:00,TCRX
8.905,8.905,8.905,8.905,330,2021-09-07 14:02:00,TCRX
8.905,8.94,8.83,8.83,1000,2021-09-07 14:05:00,TCRX
8.81,8.81,8.81,8.81,200,2021-09-07 14:08:00,TCRX
8.825,8.825,8.825,8.825,100,2021-09-07 14:10:00,TCRX
8.89,8.89,8.89,8.89,200,2021-09-07 14:11:00,TCRX
8.85,8.85,8.85,8.85,300,2021-09-07 14:19:00,TCRX
8.9,8.9,8.9,8.9,200,2021-09-07 14:24:00,TCRX
8.92,8.92,8.92,8.92,100,2021-09-07 14:27:00,TCRX
8.9,8.92,8.9,8.92,200,2021-09-07 14:30:00,TCRX
8.87,8.925,8.87,8.925,300,2021-09-07 14:31:00,TCRX
8.9,8.9,8.9,8.9,200,2021-09-07 14:32:00,TCRX
8.925,8.925,8.925,8.925,200,2021-09-07 14:33:00,TCRX
8.935,8.935,8.935,8.935,100,2021-09-07 14:34:00,TCRX
8.98,8.98,8.96,8.96,693,2021-09-07 14:36:00,TCRX
8.875,8.93,8.875,8.93,2528,2021-09-07 14:39:00,TCRX
8.93,8.93,8.93,8.93,200,2021-09-07 14:41:00,TCRX
8.93,8.93,8.93,8.93,100,2021-09-07 14:43:00,TCRX
8.93,8.93,8.93,8.93,100,2021-09-07 14:44:00,TCRX
8.93,8.93,8.93,8.93,200,2021-09-07 14:51:00,TCRX
8.94,8.965,8.93,8.95,500,2021-09-07 14:58:00,TCRX
8.965,8.965,8.925,8.925,1000,2021-09-07 15:03:00,TCRX
8.93,8.93,8.93,8.93,100,2021-09-07 15:05:00,TCRX
8.93,8.93,8.93,8.93,400,2021-09-07 15:21:00,TCRX
8.93,8.93,8.93,8.93,100,2021-09-07 15:23:00,TCRX
8.93,8.93,8.93,8.93,100,2021-09-07 15:29:00,TCRX
8.9,8.93,8.9,8.93,600,2021-09-07 15:31:00,TCRX
8.93,8.93,8.93,8.93,100,2021-09-07 15:32:00,TCRX
8.93,8.93,8.93,8.93,200,2021-09-07 15:33:00,TCRX
8.93,8.93,8.93,8.93,100,2021-09-07 15:34:00,TCRX
8.93,8.93,8.93,8.93,569,2021-09-07 15:35:00,TCRX
8.93,8.98,8.93,8.93,300,2021-09-07 15:36:00,TCRX
8.93,8.93,8.93,8.93,100,2021-09-07 15:37:00,TCRX
8.92,8.92,8.92,8.92,1017,2021-09-07 15:39:00,TCRX
8.93,8.93,8.93,8.93,100,2021-09-07 15:40:00,TCRX
8.93,8.93,8.93,8.93,100,2021-09-07 15:42:00,TCRX
8.93,8.93,8.93,8.93,200,2021-09-07 15:43:00,TCRX
8.9,8.95,8.9,8.93,700,2021-09-07 15:45:00,TCRX
8.9,8.9,8.9,8.9,200,2021-09-07 15:46:00,TCRX
8.955,8.955,8.955,8.955,100,2021-09-07 15:48:00,TCRX
8.905,8.905,8.905,8.905,100,2021-09-07 15:57:00,TCRX
8.93,8.93,8.93,8.93,100,2021-09-07 16:05:00,TCRX
8.8787,8.8787,8.86,8.86,2000,2021-09-07 16:13:00,TCRX
8.8,8.86,8.8,8.86,300,2021-09-07 16:14:00,TCRX
8.86,8.86,8.86,8.86,100,2021-09-07 16:18:00,TCRX
8.86,8.86,8.86,8.86,100,2021-09-07 16:20:00,TCRX
8.86,8.88,8.8,8.86,737,2021-09-07 16:32:00,TCRX
8.86,8.86,8.86,8.86,100,2021-09-07 16:34:00,TCRX
8.86,8.87,8.86,8.86,6430,2021-09-07 16:35:00,TCRX
8.86,8.92,8.86,8.92,1012,2021-09-07 16:36:00,TCRX
8.88,8.92,8.88,8.92,600,2021-09-07 16:37:00,TCRX
8.88,8.96,8.81,8.9588,31098,2021-09-07 16:38:00,TCRX
8.88,8.88,8.81,8.81,600,2021-09-07 16:39:00,TCRX
8.75,8.75,8.75,8.75,128,2021-09-07 16:40:00,TCRX
8.825,8.825,8.825,8.825,100,2021-09-07 16:43:00,TCRX
8.825,8.825,8.825,8.825,100,2021-09-07 16:45:00,TCRX
8.825,8.825,8.825,8.825,100,2021-09-07 16:47:00,TCRX
8.82,8.82,8.82,8.82,100,2021-09-07 16:51:00,TCRX
8.825,8.825,8.825,8.825,100,2021-09-07 16:53:00,TCRX
8.825,8.825,8.825,8.825,400,2021-09-07 16:59:00,TCRX
8.76,8.9,8.76,8.86,533,2021-09-07 17:00:00,TCRX
8.86,8.86,8.86,8.86,100,2021-09-07 17:03:00,TCRX
8.86,8.86,8.86,8.86,100,2021-09-07 17:12:00,TCRX
8.89,8.9,8.89,8.9,600,2021-09-07 17:15:00,TCRX
8.9,8.9,8.9,8.9,800,2021-09-07 17:16:00,TCRX
8.9,8.9,8.89,8.89,1800,2021-09-07 17:18:00,TCRX
8.9,8.935,8.89,8.92,3900,2021-09-07 17:19:00,TCRX
8.88,8.92,8.88,8.915,400,2021-09-07 17:20:00,TCRX
8.9,8.9,8.9,8.9,300,2021-09-07 17:26:00,TCRX
8.905,8.905,8.905,8.905,400,2021-09-07 17:27:00,TCRX
8.905,8.905,8.905,8.905,200,2021-09-07 17:30:00,TCRX
8.905,8.905,8.905,8.905,100,2021-09-07 17:33:00,TCRX
8.905,8.905,8.905,8.905,200,2021-09-07 17:36:00,TCRX
8.9,8.9,8.9,8.9,100,2021-09-07 17:39:00,TCRX
8.9129,8.92,8.9,8.9,500,2021-09-07 17:40:00,TCRX
8.88,8.88,8.88,8.88,337,2021-09-07 17:44:00,TCRX
8.9,8.9,8.9,8.9,100,2021-09-07 17:49:00,TCRX
8.895,8.895,8.895,8.895,100,2021-09-07 17:52:00,TCRX
8.895,8.895,8.895,8.895,100,2021-09-07 17:53:00,TCRX
8.895,8.895,8.895,8.895,100,2021-09-07 18:00:00,TCRX
8.895,8.895,8.895,8.895,100,2021-09-07 18:03:00,TCRX
8.9,8.9,8.9,8.9,738,2021-09-07 18:05:00,TCRX
8.9,8.9,8.9,8.9,100,2021-09-07 18:08:00,TCRX
8.89,8.89,8.89,8.89,300,2021-09-07 18:09:00,TCRX
8.9,8.9,8.9,8.9,100,2021-09-07 18:10:00,TCRX
8.9,8.9,8.9,8.9,200,2021-09-07 18:11:00,TCRX
8.9,8.9,8.9,8.9,200,2021-09-07 18:14:00,TCRX
8.9,8.9,8.9,8.9,100,2021-09-07 18:15:00,TCRX
8.9,8.9,8.9,8.9,100,2021-09-07 18:20:00,TCRX
8.88,8.89,8.86,8.86,2514,2021-09-07 18:21:00,TCRX
8.9,8.9,8.78,8.78,200,2021-09-07 18:26:00,TCRX
8.9,8.9,8.9,8.9,100,2021-09-07 18:29:00,TCRX
8.9,8.9,8.9,8.9,100,2021-09-07 18:33:00,TCRX
8.83,8.83,8.83,8.83,100,2021-09-07 18:36:00,TCRX
8.9,8.9,8.9,8.9,100,2021-09-07 18:37:00,TCRX
8.89,8.89,8.84,8.84,200,2021-09-07 18:41:00,TCRX
8.84,8.84,8.84,8.84,100,2021-09-07 18:44:00,TCRX
8.84,8.84,8.84,8.84,100,2021-09-07 18:50:00,TCRX
8.84,8.84,8.84,8.84,100,2021-09-07 18:51:00,TCRX
8.9,8.9,8.9,8.9,100,2021-09-07 18:54:00,TCRX
8.84,8.84,8.84,8.84,200,2021-09-07 18:55:00,TCRX
8.84,8.84,8.84,8.84,100,2021-09-07 18:57:00,TCRX
8.9,8.9,8.9,8.9,100,2021-09-07 19:00:00,TCRX
8.86,8.86,8.84,8.84,200,2021-09-07 19:02:00,TCRX
8.9,8.9,8.9,8.9,100,2021-09-07 19:06:00,TCRX
8.85,8.9,8.85,8.9,900,2021-09-07 19:11:00,TCRX
8.88,8.905,8.88,8.88,1100,2021-09-07 19:12:00,TCRX
8.9,8.9,8.9,8.9,200,2021-09-07 19:14:00,TCRX
8.91,8.91,8.9,8.9,500,2021-09-07 19:15:00,TCRX
8.89,8.89,8.89,8.89,100,2021-09-07 19:18:00,TCRX
8.9,8.91,8.9,8.9,600,2021-09-07 19:19:00,TCRX
8.915,8.915,8.895,8.915,400,2021-09-07 19:20:00,TCRX
8.9,8.9,8.9,8.9,100,2021-09-07 19:22:00,TCRX
8.9,8.9,8.9,8.9,100,2021-09-07 19:25:00,TCRX
8.9,8.9,8.895,8.9,400,2021-09-07 19:28:00,TCRX
8.9,8.9,8.9,8.9,200,2021-09-07 19:30:00,TCRX
8.9,8.9,8.9,8.9,100,2021-09-07 19:31:00,TCRX
8.905,8.905,8.905,8.905,300,2021-09-07 19:32:00,TCRX
8.905,8.905,8.905,8.905,100,2021-09-07 19:33:00,TCRX
8.905,8.96,8.905,8.96,15823,2021-09-07 19:34:00,TCRX
8.92,8.955,8.92,8.955,200,2021-09-07 19:35:00,TCRX
8.955,8.955,8.955,8.955,100,2021-09-07 19:36:00,TCRX
8.955,8.955,8.92,8.92,200,2021-09-07 19:37:00,TCRX
8.955,8.955,8.94,8.94,3000,2021-09-07 19:38:00,TCRX
8.955,8.955,8.955,8.955,300,2021-09-07 19:39:00,TCRX
8.93,8.97,8.93,8.95,3074,2021-09-07 19:40:00,TCRX
8.97,8.97,8.97,8.97,200,2021-09-07 19:41:00,TCRX
8.97,8.97,8.93,8.93,1950,2021-09-07 19:42:00,TCRX
8.93,8.93,8.93,8.93,200,2021-09-07 19:43:00,TCRX
8.93,8.935,8.92,8.935,600,2021-09-07 19:44:00,TCRX
8.92,8.92,8.92,8.92,200,2021-09-07 19:45:00,TCRX
8.95,8.95,8.95,8.95,200,2021-09-07 19:46:00,TCRX
8.92,8.92,8.92,8.92,100,2021-09-07 19:48:00,TCRX
8.935,8.95,8.92,8.92,500,2021-09-07 19:50:00,TCRX
8.94,8.95,8.94,8.945,900,2021-09-07 19:52:00,TCRX
8.945,8.945,8.945,8.945,100,2021-09-07 19:53:00,TCRX
8.945,8.945,8.94,8.94,500,2021-09-07 19:54:00,TCRX
8.95,8.95,8.945,8.95,500,2021-09-07 19:55:00,TCRX
8.945,8.945,8.94,8.94,2907,2021-09-07 19:56:00,TCRX
8.945,8.945,8.945,8.945,100,2021-09-07 19:57:00,TCRX
8.945,9.0,8.945,8.96,5670,2021-09-07 19:58:00,TCRX
8.98,8.99,8.96,8.96,1109,2021-09-07 19:59:00,TCRX
8.99,8.99,8.99,8.99,2297,2021-09-07 20:00:00,TCRX
8.96,8.96,8.96,8.96,267,2021-09-08 13:30:00,TCRX
8.804,8.91,8.804,8.91,210,2021-09-08 13:36:00,TCRX
8.77,8.79,8.75,8.75,600,2021-09-08 13:44:00,TCRX
8.8327,8.8327,8.78,8.78,1100,2021-09-08 14:17:00,TCRX
8.75,8.75,8.75,8.75,100,2021-09-08 14:19:00,TCRX
8.75,8.79,8.75,8.79,1100,2021-09-08 14:39:00,TCRX
8.75,8.75,8.75,8.75,100,2021-09-08 14:46:00,TCRX
8.7501,8.78,8.75,8.78,1400,2021-09-08 14:52:00,TCRX
8.75,8.76,8.75,8.76,500,2021-09-08 15:00:00,TCRX
8.78,8.78,8.78,8.78,100,2021-09-08 15:10:00,TCRX
8.7809,8.7809,8.7809,8.7809,200,2021-09-08 15:13:00,TCRX
8.765,8.765,8.765,8.765,100,2021-09-08 15:15:00,TCRX
8.78,8.78,8.78,8.78,200,2021-09-08 15:16:00,TCRX
8.78,8.78,8.78,8.78,100,2021-09-08 15:42:00,TCRX
8.75,8.82,8.75,8.785,1287,2021-09-08 15:46:00,TCRX
8.7778,8.7778,8.72,8.73,1600,2021-09-08 15:51:00,TCRX
8.62,8.62,8.62,8.62,100,2021-09-08 16:19:00,TCRX
8.558,8.6,8.55,8.6,1804,2021-09-08 16:38:00,TCRX
8.62,8.62,8.62,8.62,300,2021-09-08 16:41:00,TCRX
8.63,8.63,8.63,8.63,100,2021-09-08 16:42:00,TCRX
8.66,8.72,8.66,8.72,821,2021-09-08 17:00:00,TCRX
8.526,8.526,8.526,8.526,120,2021-09-08 17:13:00,TCRX
8.61,8.61,8.61,8.61,100,2021-09-08 17:17:00,TCRX
8.65,8.71,8.64,8.71,719,2021-09-08 17:23:00,TCRX
8.74,8.77,8.7,8.735,2306,2021-09-08 17:25:00,TCRX
8.71,8.71,8.71,8.71,100,2021-09-08 17:43:00,TCRX
8.71,8.71,8.7,8.7,1007,2021-09-08 18:00:00,TCRX
8.72,8.72,8.71,8.71,200,2021-09-08 18:04:00,TCRX
8.71,8.71,8.71,8.71,100,2021-09-08 18:27:00,TCRX
8.8,8.8,8.8,8.8,100,2021-09-08 18:33:00,TCRX
8.75,8.75,8.75,8.75,100,2021-09-08 19:03:00,TCRX
8.7522,8.7522,8.75,8.75,520,2021-09-08 19:08:00,TCRX
8.76,8.76,8.76,8.76,200,2021-09-08 19:11:00,TCRX
8.75,8.75,8.75,8.75,100,2021-09-08 19:13:00,TCRX
8.75,8.755,8.75,8.755,1832,2021-09-08 19:14:00,TCRX
8.75,8.75,8.75,8.75,100,2021-09-08 19:17:00,TCRX
8.75,8.75,8.75,8.75,100,2021-09-08 19:21:00,TCRX
8.75,8.755,8.75,8.75,4600,2021-09-08 19:29:00,TCRX
8.75,8.75,8.695,8.695,2952,2021-09-08 19:30:00,TCRX
8.62,8.62,8.62,8.62,100,2021-09-08 19:33:00,TCRX
8.65,8.65,8.65,8.65,100,2021-09-08 19:34:00,TCRX
8.61,8.61,8.61,8.61,200,2021-09-08 19:39:00,TCRX
8.61,8.61,8.61,8.61,100,2021-09-08 19:45:00,TCRX
8.595,8.595,8.595,8.595,100,2021-09-08 19:47:00,TCRX
8.63,8.63,8.63,8.63,250,2021-09-08 19:52:00,TCRX
8.6211,8.6211,8.56,8.56,521,2021-09-08 19:57:00,TCRX
8.6,8.66,8.55,8.55,400,2021-09-08 19:59:00,TCRX
8.55,8.55,8.55,8.55,3183,2021-09-08 20:00:00,TCRX
8.6,8.62,8.6,8.62,327,2021-09-09 13:30:00,TCRX
8.6383,8.6383,8.6383,8.6383,200,2021-09-09 13:35:00,TCRX
8.68,8.68,8.68,8.68,100,2021-09-09 13:37:00,TCRX
8.68,8.68,8.68,8.68,125,2021-09-09 13:49:00,TCRX
8.67,8.67,8.67,8.67,100,2021-09-09 14:07:00,TCRX
8.67,8.67,8.67,8.67,400,2021-09-09 14:08:00,TCRX
8.65,8.65,8.65,8.65,100,2021-09-09 14:11:00,TCRX
8.65,8.65,8.65,8.65,100,2021-09-09 14:28:00,TCRX
8.6699,8.6699,8.65,8.65,300,2021-09-09 14:29:00,TCRX
8.64,8.64,8.42,8.42,2917,2021-09-09 14:37:00,TCRX
8.53,8.53,8.53,8.53,100,2021-09-09 14:38:00,TCRX
8.45,8.515,8.45,8.515,200,2021-09-09 14:44:00,TCRX
8.5099,8.5099,8.41,8.41,1769,2021-09-09 14:48:00,TCRX
8.48,8.48,8.45,8.45,200,2021-09-09 14:49:00,TCRX
8.48,8.55,8.48,8.55,5400,2021-09-09 14:50:00,TCRX
8.41,8.41,8.41,8.41,100,2021-09-09 14:57:00,TCRX
8.47,8.47,8.47,8.47,100,2021-09-09 15:02:00,TCRX
8.4145,8.4145,8.4145,8.4145,100,2021-09-09 15:03:00,TCRX
8.425,8.425,8.425,8.425,100,2021-09-09 15:09:00,TCRX
8.48,8.48,8.48,8.48,300,2021-09-09 15:10:00,TCRX
8.5,8.5,8.46,8.46,300,2021-09-09 15:47:00,TCRX
8.46,8.46,8.46,8.46,100,2021-09-09 15:53:00,TCRX
8.455,8.5,8.455,8.5,1300,2021-09-09 15:57:00,TCRX
8.46,8.46,8.46,8.46,100,2021-09-09 15:58:00,TCRX
8.475,8.5,8.45,8.5,2490,2021-09-09 16:09:00,TCRX
8.48,8.515,8.48,8.515,1300,2021-09-09 16:10:00,TCRX
8.515,8.515,8.515,8.515,106,2021-09-09 16:12:00,TCRX
8.5488,8.5488,8.515,8.515,2667,2021-09-09 16:20:00,TCRX
8.49,8.49,8.49,8.49,100,2021-09-09 16:24:00,TCRX
8.49,8.49,8.49,8.49,100,2021-09-09 16:26:00,TCRX
8.4667,8.4667,8.4667,8.4667,250,2021-09-09 16:32:00,TCRX
8.46,8.5,8.46,8.49,300,2021-09-09 16:34:00,TCRX
8.51,8.51,8.46,8.5,300,2021-09-09 16:35:00,TCRX
8.45,8.45,8.45,8.45,100,2021-09-09 16:40:00,TCRX
8.47,8.5,8.47,8.5,600,2021-09-09 16:44:00,TCRX
8.485,8.485,8.485,8.485,100,2021-09-09 16:51:00,TCRX
8.485,8.5,8.46,8.46,300,2021-09-09 16:54:00,TCRX
8.46,8.46,8.46,8.46,100,2021-09-09 17:00:00,TCRX
8.5,8.5,8.5,8.5,100,2021-09-09 17:12:00,TCRX
8.5,8.5,8.46,8.46,200,2021-09-09 17:21:00,TCRX
8.5,8.5,8.5,8.5,100,2021-09-09 17:22:00,TCRX
8.5,8.52,8.5,8.52,900,2021-09-09 17:24:00,TCRX
8.49,8.49,8.49,8.49,179,2021-09-09 17:25:00,TCRX
8.52,8.52,8.52,8.52,200,2021-09-09 17:29:00,TCRX
8.51,8.51,8.49,8.49,200,2021-09-09 17:33:00,TCRX
8.51,8.51,8.51,8.51,100,2021-09-09 17:38:00,TCRX
8.51,8.51,8.43,8.43,1478,2021-09-09 17:40:00,TCRX
8.42,8.42,8.42,8.42,100,2021-09-09 17:56:00,TCRX
8.4208,8.4208,8.4208,8.4208,900,2021-09-09 17:59:00,TCRX
8.43,8.43,8.43,8.43,109,2021-09-09 18:03:00,TCRX
8.42,8.42,8.28,8.28,1472,2021-09-09 18:05:00,TCRX
8.34,8.34,8.33,8.335,300,2021-09-09 18:06:00,TCRX
8.33,8.33,8.33,8.33,100,2021-09-09 18:07:00,TCRX
8.3407,8.3407,8.3407,8.3407,200,2021-09-09 18:10:00,TCRX
8.365,8.365,8.365,8.365,100,2021-09-09 18:16:00,TCRX
8.35,8.35,8.35,8.35,200,2021-09-09 18:17:00,TCRX
8.365,8.365,8.365,8.365,400,2021-09-09 18:27:00,TCRX
8.32,8.32,8.26,8.3,8400,2021-09-09 18:32:00,TCRX
8.28,8.38,8.27,8.27,3227,2021-09-09 18:33:00,TCRX
8.29,8.29,8.29,8.29,100,2021-09-09 18:38:00,TCRX
8.2601,8.29,8.2601,8.27,2200,2021-09-09 18:40:00,TCRX
8.26,8.26,8.26,8.26,100,2021-09-09 18:52:00,TCRX
8.3015,8.31,8.3015,8.31,244,2021-09-09 18:59:00,TCRX
8.275,8.28,8.275,8.28,300,2021-09-09 19:03:00,TCRX
8.34,8.34,8.31,8.31,300,2021-09-09 19:16:00,TCRX
8.265,8.265,8.265,8.265,100,2021-09-09 19:30:00,TCRX
8.3416,8.3416,8.3416,8.3416,334,2021-09-09 19:31:00,TCRX
8.34,8.34,8.34,8.34,100,2021-09-09 19:35:00,TCRX
8.34,8.34,8.3281,8.3281,594,2021-09-09 19:36:00,TCRX
8.3404,8.3404,8.27,8.27,300,2021-09-09 19:38:00,TCRX
8.34,8.34,8.34,8.34,100,2021-09-09 19:42:00,TCRX
8.3499,8.35,8.3499,8.35,700,2021-09-09 19:43:00,TCRX
8.38,8.39,8.38,8.39,300,2021-09-09 19:45:00,TCRX
8.4,8.4,8.4,8.4,200,2021-09-09 19:48:00,TCRX
8.5015,8.5015,8.5015,8.5015,500,2021-09-09 19:49:00,TCRX
8.49,8.49,8.49,8.49,100,2021-09-09 19:50:00,TCRX
8.48,8.48,8.48,8.48,100,2021-09-09 19:57:00,TCRX
8.49,8.49,8.49,8.49,200,2021-09-09 19:59:00,TCRX
8.36,8.36,8.36,8.36,1556,2021-09-09 20:00:00,TCRX
8.51,8.51,8.51,8.51,100,2021-09-09 20:49:00,TCRX
8.51,8.51,8.51,8.51,100,2021-09-09 20:50:00,TCRX
8.5,8.5,8.5,8.5,3000,2021-09-09 20:55:00,TCRX
8.5,8.5,8.5,8.5,500,2021-09-09 21:01:00,TCRX
8.5699,8.57,8.5699,8.57,311,2021-09-09 21:04:00,TCRX
8.66,8.66,8.66,8.66,500,2021-09-10 12:58:00,TCRX
9.0,9.0,9.0,9.0,500,2021-09-10 13:25:00,TCRX
8.73,8.98,8.73,8.98,3080,2021-09-10 13:30:00,TCRX
8.9282,8.9282,8.9282,8.9282,100,2021-09-10 13:31:00,TCRX
8.7547,8.8,8.7547,8.8,350,2021-09-10 13:32:00,TCRX
8.777,8.815,8.777,8.815,700,2021-09-10 13:33:00,TCRX
8.8,8.8,8.74,8.7468,1645,2021-09-10 13:34:00,TCRX
8.7,8.7003,8.66,8.6916,3736,2021-09-10 13:36:00,TCRX
8.6782,8.6782,8.66,8.66,364,2021-09-10 13:37:00,TCRX
8.7899,8.7899,8.7899,8.7899,500,2021-09-10 13:39:00,TCRX
8.725,8.725,8.725,8.725,100,2021-09-10 13:40:00,TCRX
8.77,8.77,8.77,8.77,100,2021-09-10 13:41:00,TCRX
8.695,8.695,8.695,8.695,100,2021-09-10 13:43:00,TCRX
8.75,8.75,8.75,8.75,100,2021-09-10 13:44:00,TCRX
8.65,8.65,8.65,8.65,200,2021-09-10 13:48:00,TCRX
8.6001,8.62,8.6,8.6038,3500,2021-09-10 14:06:00,TCRX
8.61,8.61,8.61,8.61,1000,2021-09-10 14:07:00,TCRX
8.5,8.5,8.5,8.5,400,2021-09-10 14:09:00,TCRX
8.5,8.5,8.5,8.5,146,2021-09-10 14:13:00,TCRX
8.475,8.475,8.475,8.475,400,2021-09-10 14:14:00,TCRX
8.4,8.4,8.4,8.4,200,2021-09-10 14:25:00,TCRX
8.39,8.39,8.39,8.39,119,2021-09-10 14:26:00,TCRX
8.36,8.36,8.36,8.36,157,2021-09-10 14:27:00,TCRX
8.37,8.37,8.37,8.37,100,2021-09-10 14:32:00,TCRX
8.36,8.36,8.36,8.36,100,2021-09-10 14:35:00,TCRX
8.35,8.35,8.35,8.35,100,2021-09-10 14:53:00,TCRX
8.35,8.35,8.35,8.35,900,2021-09-10 14:55:00,TCRX
8.33,8.33,8.32,8.32,375,2021-09-10 14:58:00,TCRX
8.39,8.39,8.39,8.39,100,2021-09-10 15:02:00,TCRX
8.37,8.37,8.37,8.37,100,2021-09-10 15:06:00,TCRX
8.365,8.365,8.365,8.365,100,2021-09-10 15:09:00,TCRX
8.37,8.37,8.37,8.37,200,2021-09-10 15:11:00,TCRX
8.34,8.34,8.34,8.34,900,2021-09-10 15:18:00,TCRX
8.31,8.31,8.27,8.27,1284,2021-09-10 15:31:00,TCRX
8.305,8.305,8.305,8.305,300,2021-09-10 15:35:00,TCRX
8.26,8.26,8.15,8.15,2865,2021-09-10 15:37:00,TCRX
8.2267,8.2267,8.2267,8.2267,300,2021-09-10 15:45:00,TCRX
8.2399,8.2399,8.2399,8.2399,125,2021-09-10 15:46:00,TCRX
8.1708,8.1708,8.16,8.16,799,2021-09-10 15:51:00,TCRX
8.2348,8.2348,8.2348,8.2348,731,2021-09-10 15:52:00,TCRX
8.18,8.18,8.18,8.18,100,2021-09-10 15:53:00,TCRX
8.2,8.21,8.19,8.19,800,2021-09-10 15:59:00,TCRX
8.24,8.24,8.24,8.24,250,2021-09-10 16:46:00,TCRX
8.23,8.23,8.23,8.23,100,2021-09-10 16:53:00,TCRX
8.22,8.22,8.22,8.22,125,2021-09-10 17:09:00,TCRX
8.24,8.24,8.22,8.22,300,2021-09-10 17:10:00,TCRX
8.23,8.23,8.22,8.22,895,2021-09-10 17:13:00,TCRX
8.21,8.21,8.21,8.21,100,2021-09-10 17:17:00,TCRX
8.21,8.22,8.21,8.22,200,2021-09-10 17:18:00,TCRX
8.235,8.2694,8.235,8.2694,1923,2021-09-10 17:35:00,TCRX
8.26,8.26,8.26,8.26,100,2021-09-10 17:36:00,TCRX
8.289,8.289,8.26,8.28,607,2021-09-10 17:42:00,TCRX
8.4202,8.4202,8.4202,8.4202,100,2021-09-10 18:02:00,TCRX
8.4,8.4,8.4,8.4,100,2021-09-10 18:04:00,TCRX
8.385,8.385,8.385,8.385,100,2021-09-10 18:06:00,TCRX
8.35,8.35,8.35,8.35,100,2021-09-10 18:07:00,TCRX
8.333,8.34,8.333,8.34,200,2021-09-10 18:11:00,TCRX
8.3573,8.3573,8.3573,8.3573,100,2021-09-10 18:12:00,TCRX
8.3538,8.3538,8.3538,8.3538,100,2021-09-10 18:13:00,TCRX
8.36,8.36,8.34,8.34,500,2021-09-10 18:14:00,TCRX
8.4403,8.4403,8.4403,8.4403,100,2021-09-10 18:34:00,TCRX
8.44,8.44,8.44,8.44,100,2021-09-10 18:35:00,TCRX
8.4473,8.4473,8.4473,8.4473,100,2021-09-10 18:36:00,TCRX
8.45,8.45,8.45,8.45,100,2021-09-10 18:37:00,TCRX
8.44,8.45,8.44,8.45,1224,2021-09-10 18:39:00,TCRX
8.45,8.47,8.45,8.4508,618,2021-09-10 18:45:00,TCRX
8.45,8.45,8.45,8.45,100,2021-09-10 18:46:00,TCRX
8.4,8.41,8.4,8.41,500,2021-09-10 18:50:00,TCRX
8.4,8.4,8.39,8.39,1721,2021-09-10 19:00:00,TCRX
8.41,8.41,8.34,8.34,2550,2021-09-10 19:06:00,TCRX
8.285,8.285,8.285,8.285,100,2021-09-10 19:09:00,TCRX
8.33,8.33,8.33,8.33,300,2021-09-10 19:11:00,TCRX
8.21,8.21,8.21,8.21,200,2021-09-10 19:12:00,TCRX
8.31,8.31,8.31,8.31,125,2021-09-10 19:16:00,TCRX
8.21,8.21,8.21,8.21,500,2021-09-10 19:32:00,TCRX
8.2,8.2,8.16,8.16,1395,2021-09-10 19:33:00,TCRX
8.205,8.205,8.205,8.205,300,2021-09-10 19:35:00,TCRX
8.22,8.22,8.22,8.22,517,2021-09-10 19:45:00,TCRX
8.15,8.16,8.15,8.16,200,2021-09-10 19:46:00,TCRX
8.13,8.13,8.13,8.13,100,2021-09-10 19:47:00,TCRX
8.165,8.2,8.165,8.2,600,2021-09-10 19:51:00,TCRX
8.19,8.22,8.19,8.22,814,2021-09-10 19:54:00,TCRX
8.2273,8.2273,8.2273,8.2273,100,2021-09-10 19:55:00,TCRX
8.22,8.22,8.21,8.21,300,2021-09-10 19:56:00,TCRX
8.21,8.23,8.21,8.22,924,2021-09-10 19:57:00,TCRX
8.2,8.2,8.2,8.2,200,2021-09-10 19:58:00,TCRX
8.2201,8.27,8.2201,8.27,724,2021-09-10 19:59:00,TCRX
8.21,8.21,8.21,8.21,4077,2021-09-10 20:00:00,TCRX
8.22,8.22,8.22,8.22,100,2021-09-13 13:29:00,TCRX
8.22,8.22,8.07,8.21,3160,2021-09-13 13:30:00,TCRX
8.2978,8.2978,8.16,8.16,1200,2021-09-13 13:42:00,TCRX
8.22,8.22,8.22,8.22,100,2021-09-13 13:50:00,TCRX
8.3001,8.3001,8.3001,8.3001,100,2021-09-13 13:53:00,TCRX
8.16,8.2,8.16,8.2,815,2021-09-13 13:58:00,TCRX
8.12,8.12,8.12,8.12,160,2021-09-13 14:00:00,TCRX
8.1,8.1,8.1,8.1,100,2021-09-13 14:02:00,TCRX
8.1,8.1,8.1,8.1,200,2021-09-13 14:03:00,TCRX
8.1075,8.1075,8.1075,8.1075,150,2021-09-13 14:04:00,TCRX
8.13,8.13,8.06,8.11,1951,2021-09-13 14:06:00,TCRX
8.1,8.11,8.06,8.1,2611,2021-09-13 14:07:00,TCRX
8.11,8.35,8.09,8.35,1250,2021-09-13 14:08:00,TCRX
8.12,8.12,8.12,8.12,100,2021-09-13 14:13:00,TCRX
8.1687,8.1687,8.1687,8.1687,180,2021-09-13 14:15:00,TCRX
8.07,8.07,8.07,8.07,100,2021-09-13 14:21:00,TCRX
8.12,8.12,8.07,8.0735,1300,2021-09-13 14:22:00,TCRX
8.07,8.08,8.06,8.06,983,2021-09-13 14:24:00,TCRX
8.05,8.05,7.98,7.98,1034,2021-09-13 14:25:00,TCRX
7.95,8.05,7.95,8.0,1008,2021-09-13 14:26:00,TCRX
7.9789,7.9789,7.95,7.95,225,2021-09-13 14:27:00,TCRX
7.85,7.85,7.85,7.85,100,2021-09-13 14:30:00,TCRX
7.87,7.87,7.87,7.87,100,2021-09-13 14:35:00,TCRX
7.87,7.87,7.87,7.87,100,2021-09-13 14:40:00,TCRX
7.87,7.88,7.87,7.88,200,2021-09-13 14:45:00,TCRX
7.87,7.87,7.87,7.87,100,2021-09-13 14:50:00,TCRX
7.86,7.86,7.86,7.86,100,2021-09-13 14:51:00,TCRX
8.0499,8.0499,8.0499,8.0499,200,2021-09-13 14:54:00,TCRX
7.87,7.945,7.87,7.945,500,2021-09-13 14:56:00,TCRX
7.945,7.945,7.945,7.945,100,2021-09-13 14:57:00,TCRX
7.87,7.87,7.87,7.87,100,2021-09-13 15:01:00,TCRX
7.895,7.895,7.895,7.895,100,2021-09-13 15:07:00,TCRX
7.895,7.895,7.895,7.895,100,2021-09-13 15:09:00,TCRX
7.86,7.86,7.86,7.86,100,2021-09-13 15:15:00,TCRX
7.871,7.895,7.871,7.895,300,2021-09-13 15:26:00,TCRX
7.895,7.895,7.895,7.895,100,2021-09-13 15:27:00,TCRX
7.87,7.87,7.87,7.87,200,2021-09-13 15:28:00,TCRX
7.86,7.86,7.86,7.86,100,2021-09-13 15:29:00,TCRX
7.88,7.88,7.88,7.88,100,2021-09-13 15:31:00,TCRX
7.86,7.86,7.83,7.83,1597,2021-09-13 15:35:00,TCRX
7.8,7.8,7.8,7.8,100,2021-09-13 15:36:00,TCRX
7.83,7.83,7.81,7.81,300,2021-09-13 15:39:00,TCRX
7.81,7.81,7.81,7.81,100,2021-09-13 15:40:00,TCRX
7.8,7.8,7.8,7.8,100,2021-09-13 15:42:00,TCRX
7.8,7.8,7.8,7.8,400,2021-09-13 15:44:00,TCRX
7.78,7.78,7.78,7.78,100,2021-09-13 15:45:00,TCRX
7.8,7.81,7.79,7.81,900,2021-09-13 15:47:00,TCRX
7.81,7.81,7.81,7.81,100,2021-09-13 15:56:00,TCRX
7.85,7.85,7.85,7.85,500,2021-09-13 16:03:00,TCRX
7.8231,7.8231,7.8231,7.8231,400,2021-09-13 16:05:00,TCRX
7.8,7.82,7.8,7.82,200,2021-09-13 16:06:00,TCRX
7.85,7.85,7.85,7.85,500,2021-09-13 16:07:00,TCRX
7.8512,7.8512,7.8512,7.8512,380,2021-09-13 16:11:00,TCRX
7.85,7.85,7.85,7.85,201,2021-09-13 16:12:00,TCRX
7.88,7.88,7.88,7.88,100,2021-09-13 16:13:00,TCRX
7.865,7.88,7.85,7.88,3000,2021-09-13 16:18:00,TCRX
7.8116,7.82,7.8116,7.82,400,2021-09-13 16:19:00,TCRX
7.83,7.83,7.83,7.83,300,2021-09-13 16:24:00,TCRX
7.81,7.81,7.81,7.81,300,2021-09-13 16:25:00,TCRX
7.81,7.81,7.81,7.81,100,2021-09-13 16:39:00,TCRX
7.81,7.81,7.81,7.81,134,2021-09-13 16:41:00,TCRX
7.815,7.815,7.815,7.815,100,2021-09-13 16:44:00,TCRX
7.825,7.84,7.81,7.84,700,2021-09-13 16:50:00,TCRX
7.78,7.78,7.78,7.78,100,2021-09-13 16:59:00,TCRX
7.809,7.81,7.7989,7.8,500,2021-09-13 17:02:00,TCRX
7.81,7.81,7.81,7.81,100,2021-09-13 17:08:00,TCRX
7.8,7.8,7.8,7.8,100,2021-09-13 17:09:00,TCRX
7.8341,7.84,7.8341,7.84,300,2021-09-13 17:20:00,TCRX
7.841,7.88,7.81,7.88,1505,2021-09-13 17:23:00,TCRX
7.88,7.88,7.88,7.88,100,2021-09-13 17:25:00,TCRX
7.84,7.84,7.84,7.84,300,2021-09-13 17:32:00,TCRX
7.82,7.82,7.81,7.81,200,2021-09-13 17:37:00,TCRX
7.87,7.87,7.87,7.87,140,2021-09-13 17:44:00,TCRX
7.82,7.87,7.82,7.87,200,2021-09-13 17:58:00,TCRX
7.84,7.88,7.84,7.88,1700,2021-09-13 18:08:00,TCRX
7.88,7.91,7.88,7.91,300,2021-09-13 18:09:00,TCRX
7.86,7.86,7.86,7.86,200,2021-09-13 18:13:00,TCRX
7.85,7.85,7.85,7.85,100,2021-09-13 18:28:00,TCRX
7.88,7.88,7.88,7.88,100,2021-09-13 18:29:00,TCRX
7.89,7.89,7.89,7.89,100,2021-09-13 18:31:00,TCRX
7.865,7.87,7.865,7.87,300,2021-09-13 18:33:00,TCRX
7.87,7.87,7.85,7.86,500,2021-09-13 18:47:00,TCRX
7.88,7.88,7.88,7.88,100,2021-09-13 18:52:00,TCRX
7.8543,7.8543,7.8543,7.8543,1000,2021-09-13 19:06:00,TCRX
7.8308,7.8308,7.83,7.83,400,2021-09-13 19:12:00,TCRX
7.83,7.83,7.83,7.83,229,2021-09-13 19:13:00,TCRX
7.83,7.83,7.81,7.81,1000,2021-09-13 19:14:00,TCRX
7.8105,7.8302,7.8105,7.8302,256,2021-09-13 19:19:00,TCRX
7.785,7.8,7.785,7.79,400,2021-09-13 19:30:00,TCRX
7.81,7.81,7.81,7.81,100,2021-09-13 19:31:00,TCRX
7.81,7.81,7.81,7.81,200,2021-09-13 19:32:00,TCRX
7.79,7.79,7.79,7.79,300,2021-09-13 19:37:00,TCRX
7.78,7.78,7.78,7.78,331,2021-09-13 19:38:00,TCRX
7.75,7.75,7.75,7.75,100,2021-09-13 19:42:00,TCRX
7.74,7.74,7.74,7.74,304,2021-09-13 19:44:00,TCRX
7.71,7.71,7.71,7.71,100,2021-09-13 19:45:00,TCRX
7.75,7.75,7.75,7.75,100,2021-09-13 19:50:00,TCRX
7.7,7.7,7.7,7.7,100,2021-09-13 19:57:00,TCRX
7.7,7.7,7.64,7.64,2920,2021-09-13 19:58:00,TCRX
7.6619,7.6619,7.57,7.61,1674,2021-09-13 19:59:00,TCRX
7.64,7.64,7.64,7.64,300,2021-09-13 20:00:00,TCRX
8.0,8.0,8.0,8.0,401,2021-09-14 13:28:00,TCRX
7.89,8.05,7.89,8.05,1835,2021-09-14 13:30:00,TCRX
8.03,8.03,8.03,8.03,634,2021-09-14 13:31:00,TCRX
7.9746,7.9746,7.75,7.75,400,2021-09-14 13:40:00,TCRX
7.6833,7.6833,7.6833,7.6833,350,2021-09-14 13:44:00,TCRX
7.6801,7.6801,7.6801,7.6801,300,2021-09-14 13:54:00,TCRX
7.97,7.97,7.97,7.97,100,2021-09-14 13:56:00,TCRX
7.83,7.83,7.83,7.83,750,2021-09-14 14:10:00,TCRX
7.83,7.83,7.83,7.83,100,2021-09-14 14:13:00,TCRX
7.712,7.712,7.712,7.712,150,2021-09-14 14:14:00,TCRX
7.71,7.92,7.71,7.92,200,2021-09-14 14:16:00,TCRX
7.72,7.72,7.72,7.72,100,2021-09-14 14:33:00,TCRX
7.88,7.88,7.72,7.75,400,2021-09-14 14:56:00,TCRX
7.8419,7.8419,7.8419,7.8419,128,2021-09-14 15:36:00,TCRX
7.77,7.77,7.77,7.77,100,2021-09-14 15:39:00,TCRX
7.7798,7.7798,7.7798,7.7798,225,2021-09-14 15:40:00,TCRX
7.85,7.85,7.75,7.75,300,2021-09-14 15:41:00,TCRX
7.7079,7.7079,7.7079,7.7079,1000,2021-09-14 15:43:00,TCRX
7.7,7.7,7.7,7.7,100,2021-09-14 15:44:00,TCRX
7.71,7.71,7.71,7.71,100,2021-09-14 15:53:00,TCRX
7.6678,7.7,7.64,7.64,1200,2021-09-14 15:57:00,TCRX
7.63,7.63,7.63,7.63,100,2021-09-14 16:11:00,TCRX
7.7,7.7,7.63,7.69,1148,2021-09-14 16:19:00,TCRX
7.63,7.63,7.63,7.63,100,2021-09-14 16:20:00,TCRX
7.65,7.65,7.6,7.645,1465,2021-09-14 16:21:00,TCRX
7.6,7.6,7.6,7.6,100,2021-09-14 16:30:00,TCRX
7.65,7.69,7.65,7.66,1197,2021-09-14 16:48:00,TCRX
7.65,7.65,7.65,7.65,283,2021-09-14 16:49:00,TCRX
7.645,7.645,7.645,7.645,1000,2021-09-14 16:50:00,TCRX
7.61,7.625,7.56,7.56,2171,2021-09-14 16:52:00,TCRX
7.54,7.54,7.54,7.54,100,2021-09-14 16:53:00,TCRX
7.52,7.52,7.52,7.52,100,2021-09-14 17:05:00,TCRX
7.59,7.59,7.59,7.59,100,2021-09-14 17:16:00,TCRX
7.6,7.6,7.6,7.6,100,2021-09-14 17:23:00,TCRX
7.625,7.625,7.625,7.625,298,2021-09-14 17:33:00,TCRX
7.6,7.6,7.6,7.6,100,2021-09-14 17:34:00,TCRX
7.6,7.6,7.52,7.555,731,2021-09-14 17:47:00,TCRX
7.5701,7.5701,7.5701,7.5701,100,2021-09-14 17:55:00,TCRX
7.58,7.665,7.54,7.54,1793,2021-09-14 18:10:00,TCRX
7.54,7.54,7.54,7.54,100,2021-09-14 18:20:00,TCRX
7.595,7.595,7.595,7.595,100,2021-09-14 18:29:00,TCRX
7.59,7.61,7.59,7.61,800,2021-09-14 18:37:00,TCRX
7.5883,7.5883,7.5883,7.5883,400,2021-09-14 18:38:00,TCRX
7.555,7.555,7.555,7.555,500,2021-09-14 18:39:00,TCRX
7.52,7.555,7.52,7.555,600,2021-09-14 18:49:00,TCRX
7.52,7.52,7.52,7.52,855,2021-09-14 18:50:00,TCRX
7.5,7.5,7.5,7.5,100,2021-09-14 18:54:00,TCRX
7.5,7.5,7.5,7.5,1872,2021-09-14 18:56:00,TCRX
7.5,7.5,7.5,7.5,700,2021-09-14 18:59:00,TCRX
7.52,7.52,7.5,7.5,200,2021-09-14 19:00:00,TCRX
7.51,7.51,7.51,7.51,100,2021-09-14 19:01:00,TCRX
7.5,7.5,7.5,7.5,482,2021-09-14 19:02:00,TCRX
7.51,7.51,7.51,7.51,100,2021-09-14 19:03:00,TCRX
7.51,7.51,7.5,7.5,200,2021-09-14 19:04:00,TCRX
7.5,7.5004,7.5,7.5004,1000,2021-09-14 19:05:00,TCRX
7.52,7.52,7.52,7.52,375,2021-09-14 19:06:00,TCRX
7.52,7.52,7.5,7.5,809,2021-09-14 19:07:00,TCRX
7.5,7.5,7.5,7.5,100,2021-09-14 19:15:00,TCRX
7.5,7.535,7.5,7.535,275,2021-09-14 19:20:00,TCRX
7.5,7.5,7.5,7.5,100,2021-09-14 19:25:00,TCRX
7.5,7.5,7.5,7.5,400,2021-09-14 19:29:00,TCRX
7.5,7.5,7.5,7.5,100,2021-09-14 19:32:00,TCRX
7.5,7.515,7.5,7.515,252,2021-09-14 19:33:00,TCRX
7.5,7.5,7.5,7.5,100,2021-09-14 19:34:00,TCRX
7.5,7.5,7.5,7.5,282,2021-09-14 19:35:00,TCRX
7.5,7.5,7.5,7.5,100,2021-09-14 19:36:00,TCRX
7.5,7.5,7.5,7.5,300,2021-09-14 19:41:00,TCRX
7.5,7.5,7.5,7.5,900,2021-09-14 19:44:00,TCRX
7.5,7.5,7.5,7.5,600,2021-09-14 19:45:00,TCRX
7.5,7.5,7.5,7.5,100,2021-09-14 19:46:00,TCRX
7.52,7.52,7.5,7.5,500,2021-09-14 19:47:00,TCRX
7.5,7.5,7.5,7.5,300,2021-09-14 19:48:00,TCRX
7.5,7.5,7.5,7.5,199,2021-09-14 19:49:00,TCRX
7.5,7.5,7.5,7.5,600,2021-09-14 19:50:00,TCRX
7.5,7.51,7.5,7.5,549,2021-09-14 19:51:00,TCRX
7.5,7.5,7.5,7.5,100,2021-09-14 19:54:00,TCRX
7.5,7.5,7.5,7.5,800,2021-09-14 19:55:00,TCRX
7.5,7.5,7.5,7.5,400,2021-09-14 19:56:00,TCRX
7.52,7.52,7.46,7.46,1298,2021-09-14 19:58:00,TCRX
7.47,7.47,7.435,7.45,950,2021-09-14 19:59:00,TCRX
7.53,7.53,7.53,7.53,3106,2021-09-14 20:00:00,TCRX
7.83,7.83,7.83,7.83,300,2021-09-15 13:29:00,TCRX
7.88,7.88,7.88,7.88,4800,2021-09-15 13:30:00,TCRX
7.745,7.745,7.745,7.745,300,2021-09-15 13:35:00,TCRX
7.72,7.72,7.72,7.72,250,2021-09-15 14:17:00,TCRX
7.53,7.53,7.5,7.5,800,2021-09-15 14:26:00,TCRX
7.501,7.501,7.501,7.501,100,2021-09-15 14:30:00,TCRX
7.512,7.512,7.5,7.5,600,2021-09-15 14:37:00,TCRX
7.65,7.65,7.51,7.51,300,2021-09-15 14:57:00,TCRX
7.5631,7.5631,7.51,7.51,800,2021-09-15 15:02:00,TCRX
7.51,7.51,7.51,7.51,100,2021-09-15 15:03:00,TCRX
7.5195,7.5195,7.51,7.51,332,2021-09-15 15:05:00,TCRX
7.55,7.55,7.55,7.55,100,2021-09-15 15:14:00,TCRX
7.545,7.561,7.545,7.55,900,2021-09-15 15:15:00,TCRX
7.59,7.59,7.59,7.59,210,2021-09-15 15:17:00,TCRX
7.55,7.55,7.55,7.55,300,2021-09-15 15:18:00,TCRX
7.54,7.54,7.52,7.52,300,2021-09-15 15:19:00,TCRX
7.5,7.5,7.43,7.43,1463,2021-09-15 15:24:00,TCRX
7.4,7.4,7.4,7.4,100,2021-09-15 15:29:00,TCRX
7.428,7.428,7.428,7.428,300,2021-09-15 15:32:00,TCRX
7.47,7.47,7.47,7.47,650,2021-09-15 15:43:00,TCRX
7.4,7.43,7.4,7.43,600,2021-09-15 15:45:00,TCRX
7.4,7.4,7.4,7.4,100,2021-09-15 15:48:00,TCRX
7.4,7.4,7.4,7.4,100,2021-09-15 15:50:00,TCRX
7.415,7.43,7.415,7.43,1100,2021-09-15 15:51:00,TCRX
7.45,7.45,7.45,7.45,200,2021-09-15 16:01:00,TCRX
7.5,7.5,7.45,7.45,1000,2021-09-15 16:04:00,TCRX
7.46,7.549,7.46,7.4966,2135,2021-09-15 16:08:00,TCRX
7.485,7.485,7.485,7.485,100,2021-09-15 16:10:00,TCRX
7.49,7.49,7.49,7.49,200,2021-09-15 16:20:00,TCRX
7.5,7.5586,7.5,7.5586,1000,2021-09-15 16:22:00,TCRX
7.4801,7.4801,7.4801,7.4801,5000,2021-09-15 16:30:00,TCRX
7.5,7.5,7.5,7.5,100,2021-09-15 16:35:00,TCRX
7.48,7.48,7.48,7.48,100,2021-09-15 16:39:00,TCRX
7.515,7.515,7.515,7.515,100,2021-09-15 16:40:00,TCRX
7.47,7.47,7.45,7.45,400,2021-09-15 16:51:00,TCRX
7.42,7.42,7.4,7.4,6270,2021-09-15 16:57:00,TCRX
7.36,7.36,7.36,7.36,100,2021-09-15 16:58:00,TCRX
7.3461,7.3461,7.3461,7.3461,200,2021-09-15 17:00:00,TCRX
7.3,7.3,7.3,7.3,100,2021-09-15 17:06:00,TCRX
7.3,7.42,7.3,7.42,400,2021-09-15 17:17:00,TCRX
7.3831,7.3831,7.31,7.31,1770,2021-09-15 17:39:00,TCRX
7.36,7.4,7.36,7.4,840,2021-09-15 17:40:00,TCRX
7.31,7.31,7.31,7.31,200,2021-09-15 17:41:00,TCRX
7.3999,7.3999,7.3,7.305,4374,2021-09-15 17:52:00,TCRX
7.3,7.3,7.3,7.3,100,2021-09-15 17:57:00,TCRX
7.35,7.35,7.35,7.35,100,2021-09-15 17:58:00,TCRX
7.31,7.31,7.31,7.31,100,2021-09-15 18:02:00,TCRX
7.35,7.4,7.3,7.4,600,2021-09-15 18:12:00,TCRX
7.29,7.29,7.28,7.28,415,2021-09-15 18:16:00,TCRX
7.34,7.4,7.34,7.4,875,2021-09-15 18:20:00,TCRX
7.29,7.29,7.28,7.28,2452,2021-09-15 18:31:00,TCRX
7.28,7.28,7.25,7.25,200,2021-09-15 18:36:00,TCRX
7.2101,7.2101,7.2101,7.2101,191,2021-09-15 18:38:00,TCRX
7.25,7.25,7.25,7.25,100,2021-09-15 18:40:00,TCRX
7.32,7.32,7.32,7.32,100,2021-09-15 18:42:00,TCRX
7.25,7.25,7.25,7.25,588,2021-09-15 18:43:00,TCRX
7.3151,7.3151,7.21,7.265,1399,2021-09-15 18:54:00,TCRX
7.2,7.2,7.2,7.2,100,2021-09-15 18:56:00,TCRX
7.21,7.21,7.21,7.21,100,2021-09-15 18:57:00,TCRX
7.21,7.21,7.21,7.21,200,2021-09-15 18:59:00,TCRX
7.21,7.21,7.21,7.21,100,2021-09-15 19:02:00,TCRX
7.22,7.22,7.22,7.22,200,2021-09-15 19:11:00,TCRX
7.25,7.33,7.25,7.33,200,2021-09-15 19:17:00,TCRX
7.2112,7.2112,7.2112,7.2112,100,2021-09-15 19:19:00,TCRX
7.22,7.22,7.22,7.22,200,2021-09-15 19:27:00,TCRX
7.2083,7.2083,7.2083,7.2083,1000,2021-09-15 19:28:00,TCRX
7.27,7.27,7.27,7.27,1000,2021-09-15 19:29:00,TCRX
7.2,7.2,7.15,7.15,2204,2021-09-15 19:31:00,TCRX
7.13,7.13,7.07,7.07,600,2021-09-15 19:36:00,TCRX
7.01,7.0563,6.995,6.995,2315,2021-09-15 19:38:00,TCRX
6.95,6.95,6.95,6.95,100,2021-09-15 19:39:00,TCRX
6.9981,6.9981,6.87,6.95,1462,2021-09-15 19:41:00,TCRX
6.93,6.93,6.9,6.9,602,2021-09-15 19:42:00,TCRX
6.88,6.88,6.85,6.85,616,2021-09-15 19:43:00,TCRX
6.86,6.86,6.86,6.86,200,2021-09-15 19:45:00,TCRX
6.844,6.844,6.844,6.844,200,2021-09-15 19:46:00,TCRX
6.87,6.9042,6.87,6.9042,440,2021-09-15 19:48:00,TCRX
6.9,6.9,6.85,6.85,200,2021-09-15 19:49:00,TCRX
6.87,6.89,6.85,6.85,1849,2021-09-15 19:50:00,TCRX
6.9,6.9,6.85,6.85,1100,2021-09-15 19:52:00,TCRX
6.85,6.8773,6.85,6.8773,200,2021-09-15 19:54:00,TCRX
6.85,6.85,6.85,6.85,234,2021-09-15 19:55:00,TCRX
6.81,6.85,6.81,6.85,675,2021-09-15 19:56:00,TCRX
6.92,6.92,6.85,6.85,1753,2021-09-15 19:57:00,TCRX
6.88,6.8847,6.85,6.85,1705,2021-09-15 19:58:00,TCRX
6.85,6.91,6.8,6.81,2579,2021-09-15 19:59:00,TCRX
6.87,6.87,6.87,6.87,16539,2021-09-15 20:00:00,TCRX
6.9,7.17,6.9,7.15,1956,2021-09-16 13:30:00,TCRX
7.075,7.24,6.92,6.92,1100,2021-09-16 13:32:00,TCRX
7.075,7.075,6.95,6.95,6300,2021-09-16 13:37:00,TCRX
7.035,7.035,7.035,7.035,2000,2021-09-16 13:40:00,TCRX
6.92,6.92,6.92,6.92,100,2021-09-16 13:44:00,TCRX
6.98,7.03,6.98,7.03,400,2021-09-16 13:45:00,TCRX
7.03,7.0304,6.9318,6.9318,11219,2021-09-16 13:46:00,TCRX
6.98,6.98,6.98,6.98,100,2021-09-16 13:48:00,TCRX
6.9663,6.9663,6.9663,6.9663,100,2021-09-16 13:49:00,TCRX
6.93,6.93,6.93,6.93,100,2021-09-16 13:51:00,TCRX
6.93,6.93,6.93,6.93,100,2021-09-16 13:53:00,TCRX
6.9,6.9018,6.9,6.9018,400,2021-09-16 13:55:00,TCRX
6.92,6.92,6.92,6.92,200,2021-09-16 13:57:00,TCRX
6.92,6.92,6.92,6.92,100,2021-09-16 13:58:00,TCRX
6.93,6.93,6.93,6.93,100,2021-09-16 14:02:00,TCRX
6.93,6.94,6.92,6.94,1210,2021-09-16 14:04:00,TCRX
6.96,6.96,6.96,6.96,404,2021-09-16 14:06:00,TCRX
7.0264,7.0264,7.0264,7.0264,200,2021-09-16 14:13:00,TCRX
6.97,6.97,6.97,6.97,200,2021-09-16 14:26:00,TCRX
6.98,7.01,6.98,6.98,600,2021-09-16 14:29:00,TCRX
7.0391,7.0391,6.98,6.98,1210,2021-09-16 14:34:00,TCRX
6.98,6.98,6.98,6.98,200,2021-09-16 14:35:00,TCRX
6.98,6.98,6.98,6.98,200,2021-09-16 14:36:00,TCRX
6.98,6.98,6.98,6.98,200,2021-09-16 14:37:00,TCRX
6.98,6.98,6.98,6.98,100,2021-09-16 14:43:00,TCRX
7.01,7.01,7.01,7.01,100,2021-09-16 14:45:00,TCRX
6.98,6.98,6.98,6.98,100,2021-09-16 14:46:00,TCRX
6.98,6.98,6.98,6.98,1107,2021-09-16 15:01:00,TCRX
7.0199,7.0199,7.0199,7.0199,1000,2021-09-16 15:07:00,TCRX
6.995,6.995,6.995,6.995,100,2021-09-16 15:08:00,TCRX
6.98,6.98,6.98,6.98,100,2021-09-16 15:15:00,TCRX
6.98,6.98,6.98,6.98,200,2021-09-16 15:17:00,TCRX
6.98,6.98,6.98,6.98,10353,2021-09-16 15:22:00,TCRX
6.98,6.98,6.98,6.98,100,2021-09-16 15:24:00,TCRX
6.985,6.99,6.98,6.98,1308,2021-09-16 15:27:00,TCRX
6.98,6.98,6.98,6.98,286,2021-09-16 15:32:00,TCRX
6.98,6.98,6.98,6.98,100,2021-09-16 15:38:00,TCRX
6.985,6.985,6.985,6.985,100,2021-09-16 15:44:00,TCRX
6.98,6.98,6.98,6.98,400,2021-09-16 15:45:00,TCRX
6.985,6.985,6.985,6.985,150,2021-09-16 15:49:00,TCRX
6.98,6.98,6.98,6.98,100,2021-09-16 15:50:00,TCRX
6.98,6.99,6.98,6.98,636,2021-09-16 15:51:00,TCRX
6.99,6.99,6.99,6.99,1100,2021-09-16 15:56:00,TCRX
6.98,6.98,6.98,6.98,100,2021-09-16 16:01:00,TCRX
6.98,6.98,6.98,6.98,100,2021-09-16 16:03:00,TCRX
6.985,6.985,6.985,6.985,100,2021-09-16 16:08:00,TCRX
6.99,7.0,6.99,6.99,400,2021-09-16 16:10:00,TCRX
6.99,7.045,6.99,7.045,300,2021-09-16 16:17:00,TCRX
6.99,6.99,6.98,6.98,300,2021-09-16 16:23:00,TCRX
6.98,6.98,6.98,6.98,100,2021-09-16 16:29:00,TCRX
6.98,6.98,6.98,6.98,100,2021-09-16 16:35:00,TCRX
6.98,6.98,6.98,6.98,200,2021-09-16 16:40:00,TCRX
6.98,6.98,6.98,6.98,100,2021-09-16 16:46:00,TCRX
7.0417,7.0417,7.0417,7.0417,112,2021-09-16 16:48:00,TCRX
6.98,6.98,6.98,6.98,100,2021-09-16 16:49:00,TCRX
6.98,6.98,6.98,6.98,200,2021-09-16 16:51:00,TCRX
6.98,6.98,6.98,6.98,100,2021-09-16 17:02:00,TCRX
6.98,6.98,6.98,6.98,100,2021-09-16 17:03:00,TCRX
6.985,6.985,6.985,6.985,100,2021-09-16 17:05:00,TCRX
6.99,6.99,6.99,6.99,100,2021-09-16 17:06:00,TCRX
6.99,6.99,6.99,6.99,800,2021-09-16 17:07:00,TCRX
6.96,6.96,6.96,6.96,100,2021-09-16 17:14:00,TCRX
6.9665,6.9665,6.9665,6.9665,500,2021-09-16 17:23:00,TCRX
6.97,6.97,6.96,6.96,800,2021-09-16 17:45:00,TCRX
6.96,6.96,6.96,6.96,100,2021-09-16 17:46:00,TCRX
6.96,6.96,6.96,6.96,200,2021-09-16 17:48:00,TCRX
6.9801,6.9801,6.97,6.97,270,2021-09-16 18:05:00,TCRX
6.98,6.98,6.98,6.98,300,2021-09-16 18:06:00,TCRX
6.97,6.97,6.97,6.97,200,2021-09-16 18:07:00,TCRX
6.9561,6.9561,6.92,6.92,900,2021-09-16 18:13:00,TCRX
6.91,6.91,6.9,6.9,600,2021-09-16 18:17:00,TCRX
6.92,6.92,6.92,6.92,100,2021-09-16 18:20:00,TCRX
6.9,6.92,6.9,6.92,1630,2021-09-16 18:21:00,TCRX
6.89,6.915,6.85,6.88,2950,2021-09-16 18:24:00,TCRX
6.88,6.88,6.88,6.88,200,2021-09-16 18:25:00,TCRX
6.9,6.9,6.875,6.875,620,2021-09-16 18:26:00,TCRX
6.9,6.9,6.9,6.9,150,2021-09-16 18:27:00,TCRX
6.885,6.885,6.885,6.885,100,2021-09-16 18:29:00,TCRX
6.87,6.91,6.87,6.895,2604,2021-09-16 18:31:00,TCRX
6.895,6.895,6.895,6.895,100,2021-09-16 18:32:00,TCRX
6.885,6.89,6.81,6.84,4857,2021-09-16 18:33:00,TCRX
6.825,6.825,6.825,6.825,100,2021-09-16 18:36:00,TCRX
6.81,6.81,6.8,6.8,383,2021-09-16 18:39:00,TCRX
6.8116,6.8116,6.76,6.76,200,2021-09-16 18:45:00,TCRX
6.8152,6.82,6.79,6.79,1300,2021-09-16 18:50:00,TCRX
6.8115,6.8115,6.8115,6.8115,180,2021-09-16 18:52:00,TCRX
6.7956,6.7956,6.76,6.76,200,2021-09-16 18:54:00,TCRX
6.79,6.79,6.79,6.79,200,2021-09-16 18:55:00,TCRX
6.795,6.82,6.795,6.815,1436,2021-09-16 18:56:00,TCRX
6.8315,6.8315,6.8315,6.8315,100,2021-09-16 19:00:00,TCRX
6.79,6.82,6.79,6.82,400,2021-09-16 19:09:00,TCRX
6.79,6.79,6.79,6.79,100,2021-09-16 19:15:00,TCRX
6.76,6.76,6.76,6.76,100,2021-09-16 19:30:00,TCRX
6.75,6.75,6.75,6.75,500,2021-09-16 19:31:00,TCRX
6.76,6.76,6.74,6.74,1002,2021-09-16 19:32:00,TCRX
6.7108,6.7108,6.7108,6.7108,250,2021-09-16 19:33:00,TCRX
6.7,6.7004,6.7,6.7004,1777,2021-09-16 19:34:00,TCRX
6.7434,6.7434,6.72,6.72,200,2021-09-16 19:35:00,TCRX
6.73,6.73,6.73,6.73,250,2021-09-16 19:36:00,TCRX
6.7,6.7,6.7,6.7,400,2021-09-16 19:38:00,TCRX
6.7296,6.7296,6.7,6.7,475,2021-09-16 19:43:00,TCRX
6.715,6.73,6.7,6.7,1184,2021-09-16 19:45:00,TCRX
6.7,6.71,6.7,6.71,2300,2021-09-16 19:47:00,TCRX
6.7,6.7,6.7,6.7,100,2021-09-16 19:48:00,TCRX
6.71,6.73,6.71,6.72,15020,2021-09-16 19:50:00,TCRX
6.72,6.72,6.72,6.72,100,2021-09-16 19:51:00,TCRX
6.72,6.72,6.71,6.71,332,2021-09-16 19:52:00,TCRX
6.71,6.72,6.71,6.72,400,2021-09-16 19:53:00,TCRX
6.71,6.76,6.71,6.76,4897,2021-09-16 19:54:00,TCRX
6.72,6.73,6.72,6.73,400,2021-09-16 19:55:00,TCRX
6.73,6.73,6.7,6.71,900,2021-09-16 19:56:00,TCRX
6.7,6.71,6.7,6.71,500,2021-09-16 19:57:00,TCRX
6.75,6.75,6.7,6.7,300,2021-09-16 19:58:00,TCRX
6.7287,6.74,6.68,6.68,3448,2021-09-16 19:59:00,TCRX
6.73,6.73,6.73,6.73,50060,2021-09-16 20:00:00,TCRX
6.62,7.0,6.62,7.0,2676,2021-09-17 13:30:00,TCRX
7.0201,7.0201,7.0,7.0,1400,2021-09-17 13:31:00,TCRX
7.0,7.0,7.0,7.0,923,2021-09-17 13:32:00,TCRX
7.0,7.0,7.0,7.0,100,2021-09-17 13:41:00,TCRX
6.7,6.74,6.67,6.67,2131,2021-09-17 13:59:00,TCRX
6.7714,6.7714,6.7714,6.7714,400,2021-09-17 14:07:00,TCRX
6.8,6.8,6.8,6.8,100,2021-09-17 14:10:00,TCRX
6.79,6.8,6.72,6.72,1700,2021-09-17 14:15:00,TCRX
6.66,6.68,6.65,6.65,549,2021-09-17 14:17:00,TCRX
6.7724,6.7724,6.7724,6.7724,100,2021-09-17 14:18:00,TCRX
6.66,6.66,6.66,6.66,100,2021-09-17 14:24:00,TCRX
6.77,6.77,6.67,6.7222,300,2021-09-17 14:25:00,TCRX
6.7193,6.7312,6.7193,6.7312,300,2021-09-17 14:26:00,TCRX
6.7582,6.7582,6.7582,6.7582,100,2021-09-17 14:27:00,TCRX
6.715,6.7473,6.715,6.7473,300,2021-09-17 14:30:00,TCRX
6.715,6.75,6.67,6.67,1300,2021-09-17 14:32:00,TCRX
6.7324,6.7324,6.63,6.63,1838,2021-09-17 14:33:00,TCRX
6.65,6.73,6.65,6.66,1300,2021-09-17 14:37:00,TCRX
6.65,6.65,6.64,6.64,200,2021-09-17 14:40:00,TCRX
6.7,6.7,6.7,6.7,100,2021-09-17 14:42:00,TCRX
6.65,6.65,6.65,6.65,100,2021-09-17 14:43:00,TCRX
6.67,6.67,6.67,6.67,100,2021-09-17 14:44:00,TCRX
6.65,6.65,6.65,6.65,100,2021-09-17 14:47:00,TCRX
6.65,6.65,6.65,6.65,100,2021-09-17 14:49:00,TCRX
6.65,6.7,6.65,6.7,200,2021-09-17 14:51:00,TCRX
6.6736,6.6736,6.64,6.64,600,2021-09-17 14:52:00,TCRX
6.665,6.665,6.665,6.665,100,2021-09-17 14:54:00,TCRX
6.667,6.667,6.667,6.667,100,2021-09-17 14:56:00,TCRX
6.6894,6.6894,6.6696,6.6696,200,2021-09-17 14:57:00,TCRX
6.64,6.64,6.64,6.64,100,2021-09-17 14:59:00,TCRX
6.64,6.64,6.64,6.64,100,2021-09-17 15:00:00,TCRX
6.66,6.66,6.64,6.64,200,2021-09-17 15:01:00,TCRX
6.66,6.66,6.64,6.64,300,2021-09-17 15:02:00,TCRX
6.655,6.68,6.655,6.6567,400,2021-09-17 15:03:00,TCRX
6.655,6.655,6.63,6.63,800,2021-09-17 15:04:00,TCRX
6.655,6.655,6.655,6.655,100,2021-09-17 15:05:00,TCRX
6.64,6.6717,6.64,6.67,1200,2021-09-17 15:06:00,TCRX
6.63,6.63,6.63,6.63,100,2021-09-17 15:08:00,TCRX
6.63,6.66,6.63,6.66,200,2021-09-17 15:11:00,TCRX
6.63,6.63,6.63,6.63,100,2021-09-17 15:13:00,TCRX
6.64,6.66,6.64,6.66,2008,2021-09-17 15:24:00,TCRX
6.64,6.64,6.64,6.64,100,2021-09-17 15:25:00,TCRX
6.63,6.63,6.63,6.63,100,2021-09-17 15:33:00,TCRX
6.63,6.655,6.63,6.63,404,2021-09-17 15:37:00,TCRX
6.68,6.68,6.68,6.68,200,2021-09-17 15:41:00,TCRX
6.63,6.63,6.63,6.63,100,2021-09-17 15:43:00,TCRX
6.63,6.63,6.63,6.63,784,2021-09-17 15:44:00,TCRX
6.63,6.63,6.63,6.63,100,2021-09-17 15:47:00,TCRX
6.63,6.63,6.57,6.57,4664,2021-09-17 15:48:00,TCRX
6.61,6.61,6.61,6.61,100,2021-09-17 15:54:00,TCRX
6.57,6.57,6.57,6.57,100,2021-09-17 15:55:00,TCRX
6.57,6.61,6.55,6.58,1700,2021-09-17 16:01:00,TCRX
6.6099,6.6099,6.54,6.6099,2100,2021-09-17 16:03:00,TCRX
6.589,6.589,6.54,6.54,1400,2021-09-17 16:04:00,TCRX
6.58,6.58,6.5643,6.57,1200,2021-09-17 16:05:00,TCRX
6.57,6.57,6.55,6.55,1599,2021-09-17 16:06:00,TCRX
6.58,6.58,6.58,6.58,100,2021-09-17 16:07:00,TCRX
6.5719,6.5719,6.5719,6.5719,100,2021-09-17 16:08:00,TCRX
6.5563,6.5563,6.5563,6.5563,114,2021-09-17 16:09:00,TCRX
6.575,6.575,6.56,6.57,700,2021-09-17 16:14:00,TCRX
6.5791,6.5791,6.5681,6.5681,1100,2021-09-17 16:15:00,TCRX
6.56,6.56,6.55,6.55,706,2021-09-17 16:16:00,TCRX
6.5486,6.5486,6.5486,6.5486,100,2021-09-17 16:20:00,TCRX
6.56,6.56,6.54,6.54,650,2021-09-17 16:21:00,TCRX
6.544,6.55,6.535,6.54,1351,2021-09-17 16:22:00,TCRX
6.54,6.54,6.52,6.54,830,2021-09-17 16:28:00,TCRX
6.56,6.56,6.56,6.56,100,2021-09-17 16:29:00,TCRX
6.54,6.54,6.54,6.54,100,2021-09-17 16:30:00,TCRX
6.52,6.52,6.52,6.52,100,2021-09-17 16:34:00,TCRX
6.54,6.54,6.54,6.54,100,2021-09-17 16:35:00,TCRX
6.52,6.52,6.5,6.5,3150,2021-09-17 16:36:00,TCRX
6.47,6.47,6.43,6.43,300,2021-09-17 16:37:00,TCRX
6.473,6.473,6.473,6.473,100,2021-09-17 16:38:00,TCRX
6.45,6.45,6.45,6.45,100,2021-09-17 16:44:00,TCRX
6.46,6.46,6.45,6.45,200,2021-09-17 16:45:00,TCRX
6.53,6.54,6.495,6.495,2704,2021-09-17 16:52:00,TCRX
6.52,6.52,6.47,6.52,900,2021-09-17 16:59:00,TCRX
6.52,6.52,6.52,6.52,100,2021-09-17 17:00:00,TCRX
6.58,6.58,6.58,6.58,200,2021-09-17 17:01:00,TCRX
6.58,6.59,6.58,6.59,650,2021-09-17 17:03:00,TCRX
6.59,6.59,6.59,6.59,100,2021-09-17 17:05:00,TCRX
6.62,6.62,6.613,6.62,890,2021-09-17 17:06:00,TCRX
6.62,6.62,6.62,6.62,100,2021-09-17 17:07:00,TCRX
6.6473,6.65,6.6473,6.65,300,2021-09-17 17:08:00,TCRX
6.635,6.635,6.635,6.635,102,2021-09-17 17:12:00,TCRX
6.6448,6.6448,6.6448,6.6448,100,2021-09-17 17:15:00,TCRX
6.61,6.61,6.61,6.61,100,2021-09-17 17:21:00,TCRX
6.61,6.61,6.61,6.61,100,2021-09-17 17:24:00,TCRX
6.61,6.61,6.61,6.61,852,2021-09-17 17:26:00,TCRX
6.57,6.57,6.57,6.57,400,2021-09-17 17:28:00,TCRX
6.55,6.55,6.52,6.52,300,2021-09-17 17:30:00,TCRX
6.48,6.51,6.48,6.51,300,2021-09-17 17:31:00,TCRX
6.51,6.54,6.51,6.52,600,2021-09-17 17:32:00,TCRX
6.515,6.515,6.515,6.515,200,2021-09-17 17:33:00,TCRX
6.55,6.55,6.54,6.54,757,2021-09-17 17:34:00,TCRX
6.59,6.59,6.59,6.59,494,2021-09-17 17:35:00,TCRX
6.5999,6.5999,6.5999,6.5999,1000,2021-09-17 17:41:00,TCRX
6.59,6.59,6.58,6.58,200,2021-09-17 17:43:00,TCRX
6.59,6.59,6.58,6.58,300,2021-09-17 17:45:00,TCRX
6.52,6.52,6.52,6.52,100,2021-09-17 17:52:00,TCRX
6.53,6.53,6.53,6.53,500,2021-09-17 17:56:00,TCRX
6.52,6.56,6.52,6.56,200,2021-09-17 17:59:00,TCRX
6.5999,6.625,6.52,6.52,8223,2021-09-17 18:01:00,TCRX
6.58,6.58,6.58,6.58,200,2021-09-17 18:02:00,TCRX
6.51,6.51,6.51,6.51,100,2021-09-17 18:12:00,TCRX
6.52,6.52,6.52,6.52,100,2021-09-17 18:15:00,TCRX
6.52,6.52,6.52,6.52,100,2021-09-17 18:17:00,TCRX
6.57,6.57,6.5549,6.5549,300,2021-09-17 18:18:00,TCRX
6.51,6.51,6.51,6.51,100,2021-09-17 18:19:00,TCRX
6.55,6.58,6.55,6.58,200,2021-09-17 18:21:00,TCRX
6.5303,6.5303,6.5303,6.5303,100,2021-09-17 18:26:00,TCRX
6.52,6.53,6.52,6.53,500,2021-09-17 18:28:00,TCRX
6.5,6.5,6.5,6.5,500,2021-09-17 18:31:00,TCRX
6.52,6.52,6.52,6.52,600,2021-09-17 18:36:00,TCRX
6.515,6.515,6.5,6.5,200,2021-09-17 18:37:00,TCRX
6.515,6.515,6.51,6.51,200,2021-09-17 18:38:00,TCRX
6.51,6.51,6.51,6.51,300,2021-09-17 18:39:00,TCRX
6.5,6.5,6.5,6.5,100,2021-09-17 18:40:00,TCRX
6.52,6.52,6.5,6.51,1100,2021-09-17 18:43:00,TCRX
6.5031,6.51,6.5,6.5,1000,2021-09-17 18:44:00,TCRX
6.5,6.5,6.5,6.5,100,2021-09-17 18:45:00,TCRX
6.49,6.49,6.49,6.49,100,2021-09-17 18:46:00,TCRX
6.485,6.485,6.485,6.485,700,2021-09-17 18:47:00,TCRX
6.49,6.5,6.49,6.5,600,2021-09-17 18:48:00,TCRX
6.495,6.495,6.495,6.495,100,2021-09-17 18:49:00,TCRX
6.495,6.495,6.495,6.495,300,2021-09-17 18:51:00,TCRX
6.5,6.52,6.5,6.52,1000,2021-09-17 18:52:00,TCRX
6.51,6.51,6.51,6.51,100,2021-09-17 18:54:00,TCRX
6.5287,6.5287,6.5287,6.5287,1600,2021-09-17 18:56:00,TCRX
6.51,6.51,6.51,6.51,800,2021-09-17 18:57:00,TCRX
6.4806,6.4806,6.4806,6.4806,300,2021-09-17 18:58:00,TCRX
6.51,6.53,6.51,6.53,1749,2021-09-17 18:59:00,TCRX
6.505,6.53,6.505,6.53,500,2021-09-17 19:01:00,TCRX
6.5299,6.5299,6.5299,6.5299,100,2021-09-17 19:02:00,TCRX
6.53,6.53,6.52,6.52,904,2021-09-17 19:03:00,TCRX
6.54,6.54,6.54,6.54,200,2021-09-17 19:04:00,TCRX
6.54,6.61,6.54,6.6,5315,2021-09-17 19:05:00,TCRX
6.6,6.6,6.6,6.6,400,2021-09-17 19:06:00,TCRX
6.5,6.6,6.5,6.6,300,2021-09-17 19:07:00,TCRX
6.57,6.6,6.57,6.6,200,2021-09-17 19:10:00,TCRX
6.57,6.57,6.57,6.57,100,2021-09-17 19:11:00,TCRX
6.535,6.535,6.535,6.535,100,2021-09-17 19:12:00,TCRX
6.54,6.56,6.54,6.56,200,2021-09-17 19:16:00,TCRX
6.57,6.57,6.57,6.57,300,2021-09-17 19:19:00,TCRX
6.59,6.599,6.59,6.599,1000,2021-09-17 19:22:00,TCRX
6.58,6.59,6.58,6.59,300,2021-09-17 19:24:00,TCRX
6.56,6.56,6.53,6.53,300,2021-09-17 19:25:00,TCRX
6.58,6.58,6.58,6.58,400,2021-09-17 19:26:00,TCRX
6.6,6.6,6.58,6.58,1527,2021-09-17 19:28:00,TCRX
6.58,6.58,6.58,6.58,300,2021-09-17 19:29:00,TCRX
6.6,6.61,6.56,6.61,1400,2021-09-17 19:35:00,TCRX
6.585,6.62,6.585,6.59,873,2021-09-17 19:37:00,TCRX
6.59,6.59,6.59,6.59,100,2021-09-17 19:39:00,TCRX
6.56,6.56,6.56,6.56,100,2021-09-17 19:41:00,TCRX
6.6,6.61,6.6,6.61,200,2021-09-17 19:42:00,TCRX
6.56,6.563,6.46,6.46,9941,2021-09-17 19:43:00,TCRX
6.53,6.58,6.52,6.52,600,2021-09-17 19:44:00,TCRX
6.475,6.475,6.475,6.475,100,2021-09-17 19:45:00,TCRX
6.48,6.48,6.48,6.48,100,2021-09-17 19:47:00,TCRX
6.47,6.47,6.47,6.47,200,2021-09-17 19:48:00,TCRX
6.49,6.49,6.45,6.45,217,2021-09-17 19:49:00,TCRX
6.44,6.46,6.38,6.43,10445,2021-09-17 19:50:00,TCRX
6.39,6.39,6.38,6.38,900,2021-09-17 19:51:00,TCRX
6.43,6.44,6.43,6.44,7827,2021-09-17 19:53:00,TCRX
6.44,6.5,6.4,6.42,12192,2021-09-17 19:54:00,TCRX
6.39,6.39,6.36,6.36,1837,2021-09-17 19:55:00,TCRX
6.35,6.3759,6.35,6.3759,6612,2021-09-17 19:56:00,TCRX
6.36,6.3694,6.31,6.31,1930,2021-09-17 19:57:00,TCRX
6.32,6.3474,6.32,6.32,2573,2021-09-17 19:58:00,TCRX
6.32,6.37,6.21,6.22,10244,2021-09-17 19:59:00,TCRX
6.24,6.24,6.24,6.24,128835,2021-09-17 20:00:00,TCRX
6.3,6.3,6.3,6.3,995,2021-09-17 22:37:00,TCRX
6.28,6.28,6.28,6.28,200,2021-09-20 11:39:00,TCRX
6.15,6.15,6.14,6.14,1035,2021-09-20 13:27:00,TCRX
6.14,6.14,6.14,6.14,892,2021-09-20 13:29:00,TCRX
6.08,6.2,6.08,6.2,7520,2021-09-20 13:30:00,TCRX
6.14,6.21,6.14,6.21,200,2021-09-20 13:31:00,TCRX
6.22,6.35,6.2,6.35,863,2021-09-20 13:32:00,TCRX
6.3,6.3,6.3,6.3,100,2021-09-20 13:33:00,TCRX
6.27,6.27,6.27,6.27,100,2021-09-20 13:36:00,TCRX
6.3,6.3,6.3,6.3,200,2021-09-20 13:39:00,TCRX
6.2979,6.3111,6.26,6.3111,5605,2021-09-20 13:43:00,TCRX
6.3,6.3,6.295,6.295,200,2021-09-20 13:44:00,TCRX
6.33,6.33,6.26,6.32,2400,2021-09-20 13:45:00,TCRX
6.25,6.25,6.25,6.25,100,2021-09-20 13:48:00,TCRX
6.25,6.25,6.25,6.25,100,2021-09-20 13:50:00,TCRX
6.25,6.25,6.25,6.25,100,2021-09-20 13:52:00,TCRX
6.25,6.33,6.25,6.33,200,2021-09-20 13:54:00,TCRX
6.29,6.29,6.29,6.29,100,2021-09-20 13:55:00,TCRX
6.25,6.29,6.25,6.29,300,2021-09-20 13:58:00,TCRX
6.29,6.29,6.29,6.29,100,2021-09-20 13:59:00,TCRX
6.29,6.29,6.29,6.29,400,2021-09-20 14:00:00,TCRX
6.25,6.25,6.25,6.25,100,2021-09-20 14:01:00,TCRX
6.27,6.2847,6.27,6.27,2816,2021-09-20 14:03:00,TCRX
6.27,6.27,6.27,6.27,3400,2021-09-20 14:04:00,TCRX
6.27,6.27,6.27,6.27,200,2021-09-20 14:05:00,TCRX
6.27,6.27,6.21,6.21,200,2021-09-20 14:07:00,TCRX
6.25,6.26,6.21,6.21,4734,2021-09-20 14:08:00,TCRX
6.225,6.225,6.225,6.225,100,2021-09-20 14:11:00,TCRX
6.25,6.25,6.21,6.25,7200,2021-09-20 14:13:00,TCRX
6.16,6.185,6.16,6.17,800,2021-09-20 14:15:00,TCRX
6.225,6.225,6.225,6.225,250,2021-09-20 14:16:00,TCRX
6.16,6.16,6.16,6.16,100,2021-09-20 14:20:00,TCRX
6.16,6.16,6.16,6.16,100,2021-09-20 14:21:00,TCRX
6.225,6.225,6.2,6.2,200,2021-09-20 14:24:00,TCRX
6.225,6.225,6.16,6.225,700,2021-09-20 14:26:00,TCRX
6.225,6.225,6.2,6.2,300,2021-09-20 14:27:00,TCRX
6.225,6.225,6.16,6.16,200,2021-09-20 14:31:00,TCRX
6.225,6.225,6.2,6.2,600,2021-09-20 14:33:00,TCRX
6.225,6.225,6.225,6.225,100,2021-09-20 14:34:00,TCRX
6.17,6.17,6.17,6.17,100,2021-09-20 14:35:00,TCRX
6.17,6.17,6.17,6.17,100,2021-09-20 14:36:00,TCRX
6.25,6.25,6.17,6.225,400,2021-09-20 14:38:00,TCRX
6.2,6.2,6.2,6.2,100,2021-09-20 14:39:00,TCRX
6.225,6.225,6.225,6.225,400,2021-09-20 14:40:00,TCRX
6.2899,6.2899,6.2,6.2,2000,2021-09-20 14:41:00,TCRX
6.2,6.225,6.2,6.225,1300,2021-09-20 14:42:00,TCRX
6.2,6.2,6.2,6.2,100,2021-09-20 14:44:00,TCRX
6.2,6.225,6.16,6.225,1500,2021-09-20 14:46:00,TCRX
6.25,6.28,6.2,6.2,4400,2021-09-20 14:48:00,TCRX
6.2,6.25,6.2,6.2,1736,2021-09-20 14:49:00,TCRX
6.235,6.235,6.23,6.235,600,2021-09-20 14:50:00,TCRX
6.235,6.235,6.235,6.235,300,2021-09-20 14:51:00,TCRX
6.26,6.26,6.26,6.26,100,2021-09-20 14:52:00,TCRX
6.25,6.25,6.25,6.25,100,2021-09-20 14:53:00,TCRX
6.25,6.281,6.2,6.2,800,2021-09-20 14:55:00,TCRX
6.225,6.2899,6.225,6.2899,500,2021-09-20 14:56:00,TCRX
6.28,6.28,6.28,6.28,100,2021-09-20 14:59:00,TCRX
6.22,6.22,6.22,6.22,50000,2021-09-20 15:02:00,TCRX
6.16,6.16,6.16,6.16,200,2021-09-20 15:03:00,TCRX
6.16,6.16,6.15,6.15,651,2021-09-20 15:04:00,TCRX
6.15,6.2699,6.15,6.15,1627,2021-09-20 15:06:00,TCRX
6.15,6.15,6.15,6.15,179,2021-09-20 15:07:00,TCRX
6.09,6.09,6.09,6.09,100,2021-09-20 15:13:00,TCRX
6.19,6.19,6.19,6.19,100,2021-09-20 15:16:00,TCRX
6.14,6.19,6.14,6.19,700,2021-09-20 15:17:00,TCRX
6.1,6.1,6.1,6.1,100,2021-09-20 15:19:00,TCRX
6.1,6.1,6.07,6.07,3909,2021-09-20 15:23:00,TCRX
6.0608,6.0608,6.0608,6.0608,918,2021-09-20 15:24:00,TCRX
6.06,6.1,6.06,6.1,200,2021-09-20 15:25:00,TCRX
6.06,6.06,6.06,6.06,100,2021-09-20 15:26:00,TCRX
6.1,6.1,6.1,6.1,100,2021-09-20 15:29:00,TCRX
6.0989,6.0989,6.0989,6.0989,1000,2021-09-20 15:32:00,TCRX
6.0876,6.12,6.08,6.12,4101,2021-09-20 15:38:00,TCRX
6.13,6.13,6.13,6.13,100,2021-09-20 15:43:00,TCRX
6.13,6.13,6.13,6.13,100,2021-09-20 15:54:00,TCRX
6.13,6.13,6.13,6.13,100,2021-09-20 16:00:00,TCRX
6.13,6.18,6.13,6.18,500,2021-09-20 16:05:00,TCRX
6.18,6.19,6.18,6.185,1100,2021-09-20 16:06:00,TCRX
6.24,6.24,6.24,6.24,100,2021-09-20 16:12:00,TCRX
6.2373,6.2373,6.15,6.15,300,2021-09-20 16:20:00,TCRX
6.23,6.23,6.195,6.21,500,2021-09-20 16:22:00,TCRX
6.15,6.15,6.15,6.15,100,2021-09-20 16:25:00,TCRX
6.19,6.19,6.19,6.19,100,2021-09-20 16:30:00,TCRX
6.19,6.19,6.19,6.19,100,2021-09-20 16:35:00,TCRX
6.205,6.205,6.135,6.135,800,2021-09-20 16:36:00,TCRX
6.175,6.175,6.175,6.175,100,2021-09-20 16:39:00,TCRX
6.175,6.175,6.175,6.175,200,2021-09-20 16:41:00,TCRX
6.21,6.21,6.21,6.21,100,2021-09-20 16:48:00,TCRX
6.19,6.19,6.19,6.19,100,2021-09-20 16:57:00,TCRX
6.205,6.22,6.205,6.21,1100,2021-09-20 16:59:00,TCRX
6.21,6.21,6.205,6.205,200,2021-09-20 17:00:00,TCRX
6.21,6.21,6.21,6.21,100,2021-09-20 17:02:00,TCRX
6.21,6.22,6.21,6.22,452,2021-09-20 17:04:00,TCRX
6.24,6.26,6.2395,6.24,1300,2021-09-20 17:05:00,TCRX
6.24,6.24,6.24,6.24,100,2021-09-20 17:11:00,TCRX
6.25,6.25,6.25,6.25,100,2021-09-20 17:16:00,TCRX
6.265,6.265,6.265,6.265,160,2021-09-20 17:19:00,TCRX
6.25,6.25,6.25,6.25,100,2021-09-20 17:21:00,TCRX
6.26,6.26,6.2,6.205,3302,2021-09-20 17:27:00,TCRX
6.225,6.25,6.225,6.25,820,2021-09-20 17:37:00,TCRX
6.27,6.27,6.26,6.26,1100,2021-09-20 17:45:00,TCRX
6.265,6.265,6.265,6.265,100,2021-09-20 17:46:00,TCRX
6.265,6.265,6.265,6.265,200,2021-09-20 17:48:00,TCRX
6.26,6.265,6.26,6.265,500,2021-09-20 17:50:00,TCRX
6.265,6.265,6.265,6.265,200,2021-09-20 17:51:00,TCRX
6.26,6.265,6.26,6.265,500,2021-09-20 17:56:00,TCRX
6.27,6.27,6.225,6.225,2200,2021-09-20 17:57:00,TCRX
6.22,6.22,6.22,6.22,100,2021-09-20 18:02:00,TCRX
6.22,6.22,6.22,6.22,100,2021-09-20 18:08:00,TCRX
6.22,6.22,6.22,6.22,100,2021-09-20 18:14:00,TCRX
6.25,6.25,6.25,6.25,400,2021-09-20 18:18:00,TCRX
6.22,6.22,6.22,6.22,100,2021-09-20 18:19:00,TCRX
6.22,6.22,6.22,6.22,100,2021-09-20 18:25:00,TCRX
6.22,6.2377,6.22,6.225,1200,2021-09-20 18:30:00,TCRX
6.22,6.225,6.22,6.225,200,2021-09-20 18:31:00,TCRX
6.25,6.25,6.25,6.25,400,2021-09-20 18:33:00,TCRX
6.23,6.23,6.23,6.23,100,2021-09-20 18:38:00,TCRX
6.24,6.24,6.24,6.24,1000,2021-09-20 18:41:00,TCRX
6.245,6.25,6.245,6.25,525,2021-09-20 18:43:00,TCRX
6.25,6.25,6.25,6.25,200,2021-09-20 18:47:00,TCRX
6.22,6.22,6.22,6.22,100,2021-09-20 18:56:00,TCRX
6.22,6.22,6.22,6.22,100,2021-09-20 19:02:00,TCRX
6.25,6.27,6.22,6.225,500,2021-09-20 19:04:00,TCRX
6.22,6.22,6.22,6.22,100,2021-09-20 19:07:00,TCRX
6.25,6.25,6.22,6.22,3100,2021-09-20 19:08:00,TCRX
6.23,6.23,6.23,6.23,100,2021-09-20 19:11:00,TCRX
6.22,6.22,6.22,6.22,100,2021-09-20 19:16:00,TCRX
6.22,6.22,6.22,6.22,100,2021-09-20 19:20:00,TCRX
6.22,6.22,6.2,6.2,4740,2021-09-20 19:21:00,TCRX
6.2,6.2,6.2,6.2,200,2021-09-20 19:22:00,TCRX
6.2,6.2451,6.2,6.2451,220,2021-09-20 19:24:00,TCRX
6.2,6.2,6.2,6.2,100,2021-09-20 19:27:00,TCRX
6.2,6.2,6.2,6.2,300,2021-09-20 19:28:00,TCRX
6.25,6.25,6.25,6.25,200,2021-09-20 19:35:00,TCRX
6.21,6.21,6.2,6.2,597,2021-09-20 19:41:00,TCRX
6.2007,6.2277,6.2007,6.2277,330,2021-09-20 19:42:00,TCRX
6.225,6.25,6.225,6.225,975,2021-09-20 19:45:00,TCRX
6.225,6.225,6.225,6.225,100,2021-09-20 19:49:00,TCRX
6.23,6.25,6.2,6.2,3333,2021-09-20 19:50:00,TCRX
6.25,6.25,6.2,6.2,600,2021-09-20 19:51:00,TCRX
6.235,6.25,6.21,6.24,2505,2021-09-20 19:52:00,TCRX
6.25,6.25,6.232,6.232,200,2021-09-20 19:54:00,TCRX
6.25,6.25,6.23,6.25,400,2021-09-20 19:55:00,TCRX
6.25,6.25,6.25,6.25,100,2021-09-20 19:56:00,TCRX
6.24,6.24,6.24,6.24,200,2021-09-20 19:57:00,TCRX
6.25,6.25,6.22,6.23,1940,2021-09-20 19:58:00,TCRX
6.25,6.25,6.21,6.21,1923,2021-09-20 19:59:00,TCRX
6.25,6.25,6.25,6.25,42692,2021-09-20 20:00:00,TCRX
6.28,6.28,6.28,6.28,896,2021-09-21 13:30:00,TCRX
6.2243,6.2243,6.2243,6.2243,300,2021-09-21 13:31:00,TCRX
6.18,6.2,6.18,6.2,200,2021-09-21 13:33:00,TCRX
6.12,6.2,6.1,6.1,400,2021-09-21 13:39:00,TCRX
6.1125,6.1125,6.1125,6.1125,200,2021-09-21 13:43:00,TCRX
6.15,6.15,6.15,6.15,150,2021-09-21 13:44:00,TCRX
6.1731,6.1999,6.12,6.1731,1100,2021-09-21 14:07:00,TCRX
6.1729,6.1729,6.1729,6.1729,200,2021-09-21 14:08:00,TCRX
6.12,6.12,6.12,6.12,100,2021-09-21 14:12:00,TCRX
6.12,6.12,6.12,6.12,300,2021-09-21 14:14:00,TCRX
6.165,6.165,6.165,6.165,100,2021-09-21 14:20:00,TCRX
6.165,6.165,6.165,6.165,100,2021-09-21 14:27:00,TCRX
6.15,6.15,6.15,6.15,760,2021-09-21 14:37:00,TCRX
6.1252,6.13,6.12,6.12,1373,2021-09-21 14:45:00,TCRX
6.16,6.16,6.16,6.16,100,2021-09-21 15:01:00,TCRX
6.16,6.16,6.16,6.16,100,2021-09-21 15:04:00,TCRX
6.165,6.17,6.165,6.17,300,2021-09-21 15:13:00,TCRX
6.17,6.215,6.17,6.215,5084,2021-09-21 15:15:00,TCRX
6.215,6.215,6.215,6.215,100,2021-09-21 15:17:00,TCRX
6.1651,6.1651,6.1651,6.1651,156,2021-09-21 15:29:00,TCRX
6.215,6.215,6.215,6.215,200,2021-09-21 15:31:00,TCRX
6.18,6.18,6.18,6.18,100,2021-09-21 15:42:00,TCRX
6.1546,6.185,6.1546,6.185,1600,2021-09-21 15:49:00,TCRX
6.16,6.16,6.16,6.16,200,2021-09-21 15:56:00,TCRX
6.19,6.219,6.16,6.185,2700,2021-09-21 15:59:00,TCRX
6.185,6.185,6.185,6.185,200,2021-09-21 16:00:00,TCRX
6.19,6.19,6.19,6.19,100,2021-09-21 16:01:00,TCRX
6.19,6.19,6.19,6.19,500,2021-09-21 16:05:00,TCRX
6.19,6.19,6.19,6.19,500,2021-09-21 16:07:00,TCRX
6.2,6.2,6.16,6.16,3607,2021-09-21 16:31:00,TCRX
6.175,6.175,6.175,6.175,200,2021-09-21 16:33:00,TCRX
6.1999,6.1999,6.16,6.175,3400,2021-09-21 16:34:00,TCRX
6.1591,6.1591,6.1591,6.1591,147,2021-09-21 16:35:00,TCRX
6.175,6.21,6.15,6.21,11169,2021-09-21 16:37:00,TCRX
6.15,6.15,6.15,6.15,100,2021-09-21 16:39:00,TCRX
6.21,6.21,6.21,6.21,100,2021-09-21 16:40:00,TCRX
6.2,6.2,6.16,6.16,5200,2021-09-21 16:43:00,TCRX
6.2,6.2,6.2,6.2,100,2021-09-21 16:45:00,TCRX
6.19,6.19,6.19,6.19,487,2021-09-21 16:46:00,TCRX
6.205,6.205,6.205,6.205,100,2021-09-21 16:49:00,TCRX
6.205,6.205,6.205,6.205,100,2021-09-21 16:51:00,TCRX
6.195,6.195,6.195,6.195,200,2021-09-21 16:52:00,TCRX
6.2,6.2,6.2,6.2,846,2021-09-21 16:53:00,TCRX
6.215,6.2299,6.215,6.215,2600,2021-09-21 16:56:00,TCRX
6.215,6.215,6.215,6.215,300,2021-09-21 16:59:00,TCRX
6.2236,6.2236,6.2,6.2,3637,2021-09-21 17:00:00,TCRX
6.215,6.215,6.215,6.215,100,2021-09-21 17:02:00,TCRX
6.215,6.215,6.215,6.215,100,2021-09-21 17:05:00,TCRX
6.215,6.215,6.215,6.215,100,2021-09-21 17:08:00,TCRX
6.2,6.215,6.2,6.215,200,2021-09-21 17:10:00,TCRX
6.215,6.215,6.215,6.215,100,2021-09-21 17:13:00,TCRX
6.2,6.2,6.2,6.2,100,2021-09-21 17:16:00,TCRX
6.23,6.23,6.23,6.23,100,2021-09-21 17:18:00,TCRX
6.215,6.215,6.215,6.215,429,2021-09-21 17:20:00,TCRX
6.215,6.215,6.215,6.215,100,2021-09-21 17:25:00,TCRX
6.215,6.215,6.215,6.215,100,2021-09-21 17:31:00,TCRX
6.2,6.215,6.2,6.215,200,2021-09-21 17:35:00,TCRX
6.2,6.2,6.2,6.2,100,2021-09-21 17:36:00,TCRX
6.215,6.215,6.215,6.215,100,2021-09-21 17:40:00,TCRX
6.215,6.215,6.2,6.215,4946,2021-09-21 17:41:00,TCRX
6.215,6.215,6.215,6.215,700,2021-09-21 17:42:00,TCRX
6.215,6.215,6.215,6.215,200,2021-09-21 17:46:00,TCRX
6.215,6.215,6.215,6.215,100,2021-09-21 17:54:00,TCRX
6.23,6.23,6.23,6.23,100,2021-09-21 17:57:00,TCRX
6.215,6.215,6.215,6.215,300,2021-09-21 18:00:00,TCRX
6.23,6.23,6.215,6.215,200,2021-09-21 18:03:00,TCRX
6.215,6.215,6.215,6.215,150,2021-09-21 18:04:00,TCRX
6.2,6.2,6.2,6.2,100,2021-09-21 18:09:00,TCRX
6.215,6.215,6.2,6.2,655,2021-09-21 18:12:00,TCRX
6.215,6.23,6.215,6.23,200,2021-09-21 18:21:00,TCRX
6.2,6.2,6.2,6.2,100,2021-09-21 18:24:00,TCRX
6.23,6.23,6.23,6.23,100,2021-09-21 18:25:00,TCRX
6.23,6.23,6.23,6.23,100,2021-09-21 18:29:00,TCRX
6.215,6.215,6.215,6.215,100,2021-09-21 18:33:00,TCRX
6.23,6.23,6.23,6.23,200,2021-09-21 18:35:00,TCRX
6.22,6.225,6.22,6.225,400,2021-09-21 18:37:00,TCRX
6.25,6.25,6.25,6.25,100,2021-09-21 18:40:00,TCRX
6.2262,6.2262,6.2262,6.2262,100,2021-09-21 18:42:00,TCRX
6.225,6.2286,6.225,6.225,400,2021-09-21 18:43:00,TCRX
6.225,6.225,6.225,6.225,100,2021-09-21 18:44:00,TCRX
6.25,6.25,6.25,6.25,100,2021-09-21 18:45:00,TCRX
6.25,6.25,6.25,6.25,100,2021-09-21 18:48:00,TCRX
6.25,6.26,6.25,6.26,312,2021-09-21 18:49:00,TCRX
6.265,6.265,6.265,6.265,335,2021-09-21 18:51:00,TCRX
6.25,6.25,6.25,6.25,100,2021-09-21 18:52:00,TCRX
6.28,6.28,6.28,6.28,100,2021-09-21 18:58:00,TCRX
6.2781,6.2781,6.2781,6.2781,100,2021-09-21 18:59:00,TCRX
6.27,6.2708,6.27,6.2708,200,2021-09-21 19:00:00,TCRX
6.279,6.3,6.279,6.28,900,2021-09-21 19:01:00,TCRX
6.3,6.3,6.3,6.3,100,2021-09-21 19:02:00,TCRX
6.31,6.31,6.3,6.3099,2586,2021-09-21 19:04:00,TCRX
6.31,6.33,6.29,6.29,3037,2021-09-21 19:05:00,TCRX
6.35,6.39,6.35,6.39,1410,2021-09-21 19:14:00,TCRX
6.38,6.4,6.37,6.4,1877,2021-09-21 19:15:00,TCRX
6.406,6.406,6.406,6.406,1000,2021-09-21 19:21:00,TCRX
6.4073,6.4073,6.4073,6.4073,500,2021-09-21 19:22:00,TCRX
6.406,6.406,6.406,6.406,1000,2021-09-21 19:26:00,TCRX
6.405,6.432,6.405,6.405,2668,2021-09-21 19:27:00,TCRX
6.425,6.425,6.4,6.4,1200,2021-09-21 19:29:00,TCRX
6.401,6.425,6.401,6.425,1000,2021-09-21 19:32:00,TCRX
6.4499,6.4499,6.4499,6.4499,250,2021-09-21 19:33:00,TCRX
6.44,6.45,6.44,6.45,782,2021-09-21 19:34:00,TCRX
6.44,6.44,6.425,6.425,500,2021-09-21 19:37:00,TCRX
6.417,6.417,6.417,6.417,500,2021-09-21 19:38:00,TCRX
6.4,6.4,6.4,6.4,100,2021-09-21 19:39:00,TCRX
6.4252,6.43,6.305,6.305,1887,2021-09-21 19:40:00,TCRX
6.38,6.4,6.365,6.365,800,2021-09-21 19:41:00,TCRX
6.42,6.48,6.3,6.48,1100,2021-09-21 19:42:00,TCRX
6.395,6.395,6.395,6.395,100,2021-09-21 19:43:00,TCRX
6.42,6.43,6.355,6.355,600,2021-09-21 19:50:00,TCRX
6.41,6.45,6.32,6.32,381,2021-09-21 19:53:00,TCRX
6.41,6.47,6.4,6.47,576,2021-09-21 19:54:00,TCRX
6.38,6.395,6.34,6.34,800,2021-09-21 19:58:00,TCRX
6.3,6.46,6.3,6.37,5299,2021-09-21 19:59:00,TCRX
6.45,6.45,6.45,6.45,45756,2021-09-21 20:00:00,TCRX
6.45,6.45,6.45,6.45,554,2021-09-22 13:30:00,TCRX
6.7699,6.7699,6.7699,6.7699,800,2021-09-22 13:45:00,TCRX
6.7464,6.7464,6.7464,6.7464,500,2021-09-22 13:47:00,TCRX
6.53,6.53,6.53,6.53,100,2021-09-22 13:48:00,TCRX
6.7257,6.7257,6.7257,6.7257,500,2021-09-22 13:51:00,TCRX
6.6547,6.6547,6.51,6.51,1100,2021-09-22 13:52:00,TCRX
6.5,6.5,6.5,6.5,100,2021-09-22 13:53:00,TCRX
6.5,6.5,6.5,6.5,507,2021-09-22 13:54:00,TCRX
6.53,6.53,6.53,6.53,100,2021-09-22 13:57:00,TCRX
6.53,6.53,6.36,6.36,1100,2021-09-22 14:01:00,TCRX
6.33,6.33,6.2008,6.2008,600,2021-09-22 14:02:00,TCRX
6.32,6.32,6.32,6.32,100,2021-09-22 14:08:00,TCRX
6.46,6.5103,6.46,6.5103,1100,2021-09-22 14:16:00,TCRX
6.59,6.6,6.59,6.6,600,2021-09-22 14:17:00,TCRX
6.49,6.51,6.49,6.49,300,2021-09-22 14:18:00,TCRX
6.52,6.52,6.5,6.5,200,2021-09-22 14:20:00,TCRX
6.5,6.5,6.5,6.5,100,2021-09-22 14:23:00,TCRX
6.32,6.45,6.25,6.26,25100,2021-09-22 14:26:00,TCRX
6.25,6.25,6.25,6.25,100,2021-09-22 14:28:00,TCRX
6.25,6.25,6.25,6.25,100,2021-09-22 14:33:00,TCRX
6.22,6.22,6.22,6.22,100,2021-09-22 14:35:00,TCRX
6.28,6.28,6.28,6.28,100,2021-09-22 14:36:00,TCRX
6.4,6.4,6.4,6.4,100,2021-09-22 14:41:00,TCRX
6.3,6.3,6.3,6.3,100,2021-09-22 14:43:00,TCRX
6.41,6.41,6.41,6.41,775,2021-09-22 14:44:00,TCRX
6.31,6.4,6.31,6.4,200,2021-09-22 14:45:00,TCRX
6.3,6.3,6.3,6.3,100,2021-09-22 14:48:00,TCRX
6.27,6.27,6.27,6.27,100,2021-09-22 14:50:00,TCRX
6.395,6.395,6.395,6.395,100,2021-09-22 14:51:00,TCRX
6.325,6.325,6.325,6.325,100,2021-09-22 14:52:00,TCRX
6.3,6.3,6.3,6.3,100,2021-09-22 14:53:00,TCRX
6.24,6.24,6.24,6.24,100,2021-09-22 14:58:00,TCRX
6.31,6.31,6.31,6.31,100,2021-09-22 15:01:00,TCRX
6.35,6.35,6.35,6.35,100,2021-09-22 15:03:00,TCRX
6.31,6.31,6.31,6.31,100,2021-09-22 15:05:00,TCRX
6.26,6.26,6.26,6.26,100,2021-09-22 15:08:00,TCRX
6.26,6.3,6.26,6.3,1993,2021-09-22 15:10:00,TCRX
6.33,6.33,6.33,6.33,100,2021-09-22 15:17:00,TCRX
6.271,6.271,6.271,6.271,100,2021-09-22 15:18:00,TCRX
6.4,6.4,6.4,6.4,158,2021-09-22 15:21:00,TCRX
6.37,6.385,6.37,6.385,300,2021-09-22 15:39:00,TCRX
6.34,6.34,6.34,6.34,100,2021-09-22 15:47:00,TCRX
6.27,6.27,6.27,6.27,100,2021-09-22 15:52:00,TCRX
6.276,6.276,6.276,6.276,100,2021-09-22 15:57:00,TCRX
6.26,6.26,6.26,6.26,100,2021-09-22 16:01:00,TCRX
6.26,6.26,6.26,6.26,100,2021-09-22 16:25:00,TCRX
6.26,6.26,6.26,6.26,100,2021-09-22 16:38:00,TCRX
6.34,6.34,6.34,6.34,100,2021-09-22 17:20:00,TCRX
6.3,6.35,6.3,6.35,700,2021-09-22 17:23:00,TCRX
6.28,6.28,6.28,6.28,100,2021-09-22 17:27:00,TCRX
6.3018,6.3018,6.3018,6.3018,600,2021-09-22 17:33:00,TCRX
6.26,6.26,6.26,6.26,100,2021-09-22 17:34:00,TCRX
6.27,6.29,6.27,6.29,200,2021-09-22 17:40:00,TCRX
6.29,6.29,6.29,6.29,250,2021-09-22 17:42:00,TCRX
6.33,6.33,6.33,6.33,100,2021-09-22 18:16:00,TCRX
6.3999,6.3999,6.3999,6.3999,240,2021-09-22 18:29:00,TCRX
6.3425,6.345,6.3425,6.345,369,2021-09-22 18:30:00,TCRX
6.345,6.345,6.345,6.345,100,2021-09-22 18:31:00,TCRX
6.34,6.34,6.34,6.34,100,2021-09-22 18:35:00,TCRX
6.29,6.29,6.29,6.29,100,2021-09-22 18:38:00,TCRX
6.2905,6.325,6.29,6.325,1200,2021-09-22 18:50:00,TCRX
6.26,6.26,6.26,6.26,100,2021-09-22 18:59:00,TCRX
6.26,6.26,6.26,6.26,100,2021-09-22 19:00:00,TCRX
6.25,6.315,6.25,6.315,600,2021-09-22 19:03:00,TCRX
6.26,6.26,6.26,6.26,100,2021-09-22 19:07:00,TCRX
6.315,6.315,6.315,6.315,200,2021-09-22 19:10:00,TCRX
6.3008,6.3008,6.3,6.3,1400,2021-09-22 19:24:00,TCRX
6.3168,6.345,6.31,6.31,2500,2021-09-22 19:31:00,TCRX
6.3132,6.3132,6.28,6.28,1366,2021-09-22 19:34:00,TCRX
6.24,6.24,6.24,6.24,300,2021-09-22 19:36:00,TCRX
6.23,6.2499,6.23,6.2317,900,2021-09-22 19:38:00,TCRX
6.2312,6.2312,6.21,6.21,400,2021-09-22 19:41:00,TCRX
6.23,6.2499,6.23,6.2499,200,2021-09-22 19:42:00,TCRX
6.2297,6.2311,6.2294,6.2311,1300,2021-09-22 19:44:00,TCRX
6.2233,6.2266,6.21,6.2266,2116,2021-09-22 19:45:00,TCRX
6.245,6.25,6.2,6.24,1600,2021-09-22 19:46:00,TCRX
6.2,6.2,6.2,6.2,100,2021-09-22 19:47:00,TCRX
6.25,6.25,6.25,6.25,400,2021-09-22 19:50:00,TCRX
6.24,6.24,6.24,6.24,300,2021-09-22 19:51:00,TCRX
6.2,6.2,6.2,6.2,100,2021-09-22 19:54:00,TCRX
6.2,6.2,6.18,6.18,700,2021-09-22 19:55:00,TCRX
6.18,6.18,6.18,6.18,200,2021-09-22 19:56:00,TCRX
6.16,6.18,6.16,6.17,700,2021-09-22 19:58:00,TCRX
6.16,6.19,6.16,6.17,763,2021-09-22 19:59:00,TCRX
6.17,6.17,6.17,6.17,4093,2021-09-22 20:00:00,TCRX
6.5,6.5,6.5,6.5,200,2021-09-22 23:15:00,TCRX
6.35,6.35,6.35,6.35,717,2021-09-23 13:09:00,TCRX
6.52,6.61,6.52,6.61,900,2021-09-23 13:28:00,TCRX
6.62,6.71,6.62,6.71,906,2021-09-23 13:29:00,TCRX
6.65,6.8,6.63,6.76,5285,2021-09-23 13:30:00,TCRX
6.6,6.79,6.51,6.79,1000,2021-09-23 13:31:00,TCRX
6.8699,6.8699,6.735,6.735,321,2021-09-23 13:32:00,TCRX
6.6,6.6,6.58,6.58,1120,2021-09-23 13:36:00,TCRX
6.58,6.58,6.58,6.58,10000,2021-09-23 13:37:00,TCRX
6.54,6.65,6.51,6.575,10415,2021-09-23 13:38:00,TCRX
6.615,6.615,6.615,6.615,1000,2021-09-23 13:39:00,TCRX
6.615,6.615,6.615,6.615,600,2021-09-23 13:40:00,TCRX
6.615,6.615,6.615,6.615,100,2021-09-23 13:41:00,TCRX
6.6426,6.6435,6.615,6.6435,809,2021-09-23 13:42:00,TCRX
6.63,6.63,6.625,6.625,200,2021-09-23 13:43:00,TCRX
6.63,6.8291,6.63,6.8291,3500,2021-09-23 13:44:00,TCRX
6.79,6.85,6.745,6.745,1685,2021-09-23 13:46:00,TCRX
6.68,6.75,6.68,6.75,500,2021-09-23 13:47:00,TCRX
6.68,6.75,6.68,6.68,1600,2021-09-23 13:48:00,TCRX
6.7999,6.7999,6.745,6.745,2100,2021-09-23 13:51:00,TCRX
6.789,6.789,6.789,6.789,600,2021-09-23 13:52:00,TCRX
6.745,6.79,6.745,6.79,270,2021-09-23 13:53:00,TCRX
6.784,6.8,6.745,6.745,1200,2021-09-23 13:54:00,TCRX
6.79,6.8,6.79,6.8,400,2021-09-23 13:55:00,TCRX
6.7937,6.805,6.7937,6.805,1700,2021-09-23 13:57:00,TCRX
6.78,6.78,6.78,6.78,200,2021-09-23 13:58:00,TCRX
6.78,6.78,6.69,6.69,2150,2021-09-23 13:59:00,TCRX
6.745,6.745,6.745,6.745,100,2021-09-23 14:02:00,TCRX
6.745,6.745,6.745,6.745,100,2021-09-23 14:03:00,TCRX
6.69,6.69,6.69,6.69,100,2021-09-23 14:08:00,TCRX
6.7528,6.7528,6.7528,6.7528,300,2021-09-23 14:10:00,TCRX
6.73,6.73,6.73,6.73,100,2021-09-23 14:11:00,TCRX
6.7,6.7,6.7,6.7,100,2021-09-23 14:12:00,TCRX
6.7072,6.7072,6.7072,6.7072,100,2021-09-23 14:13:00,TCRX
6.76,6.76,6.74,6.74,900,2021-09-23 14:15:00,TCRX
6.809,6.809,6.809,6.809,100,2021-09-23 14:17:00,TCRX
6.7878,6.86,6.7878,6.86,500,2021-09-23 14:18:00,TCRX
6.815,6.815,6.815,6.815,147,2021-09-23 14:20:00,TCRX
6.7739,6.8607,6.7739,6.8607,600,2021-09-23 14:21:00,TCRX
6.815,6.815,6.815,6.815,100,2021-09-23 14:24:00,TCRX
6.7875,6.7875,6.776,6.776,300,2021-09-23 14:25:00,TCRX
6.7836,6.7836,6.7836,6.7836,400,2021-09-23 14:26:00,TCRX
6.7837,6.7837,6.7837,6.7837,400,2021-09-23 14:27:00,TCRX
6.83,6.83,6.83,6.83,400,2021-09-23 14:28:00,TCRX
6.7881,6.7881,6.7881,6.7881,600,2021-09-23 14:29:00,TCRX
6.87,6.87,6.87,6.87,100,2021-09-23 14:31:00,TCRX
6.7727,6.7727,6.7727,6.7727,113,2021-09-23 14:34:00,TCRX
6.79,6.9,6.79,6.9,400,2021-09-23 14:36:00,TCRX
6.9,6.9,6.883,6.883,200,2021-09-23 14:37:00,TCRX
6.9,6.9,6.865,6.865,681,2021-09-23 14:39:00,TCRX
6.8,6.8,6.8,6.8,100,2021-09-23 14:41:00,TCRX
6.8763,6.8763,6.8763,6.8763,800,2021-09-23 14:42:00,TCRX
6.9,6.96,6.9,6.94,2300,2021-09-23 14:43:00,TCRX
6.924,6.924,6.92,6.92,500,2021-09-23 14:45:00,TCRX
6.92,6.92,6.92,6.92,180,2021-09-23 14:46:00,TCRX
6.92,6.965,6.9,6.965,2550,2021-09-23 14:47:00,TCRX
6.99,6.99,6.96,6.96,900,2021-09-23 14:48:00,TCRX
7.0,7.09,6.9854,7.075,1600,2021-09-23 14:49:00,TCRX
7.0796,7.0948,7.0796,7.0948,200,2021-09-23 14:50:00,TCRX
7.08,7.09,7.07,7.07,1700,2021-09-23 14:51:00,TCRX
7.0961,7.0961,7.0961,7.0961,100,2021-09-23 14:53:00,TCRX
7.105,7.105,7.09,7.1,800,2021-09-23 14:54:00,TCRX
7.1,7.1,7.1,7.1,200,2021-09-23 14:55:00,TCRX
7.028,7.028,7.028,7.028,349,2021-09-23 14:56:00,TCRX
7.12,7.12,7.12,7.12,300,2021-09-23 15:00:00,TCRX
7.12,7.1604,7.12,7.1604,200,2021-09-23 15:02:00,TCRX
7.17,7.2221,7.17,7.2221,3500,2021-09-23 15:05:00,TCRX
7.25,7.44,7.22,7.44,8735,2021-09-23 15:06:00,TCRX
7.42,7.42,7.35,7.35,1010,2021-09-23 15:07:00,TCRX
7.35,7.385,7.35,7.385,340,2021-09-23 15:08:00,TCRX
7.4,7.55,7.36,7.36,18126,2021-09-23 15:09:00,TCRX
7.39,7.39,7.28,7.38,2977,2021-09-23 15:10:00,TCRX
7.3892,7.3892,7.3892,7.3892,1487,2021-09-23 15:11:00,TCRX
7.1701,7.563,7.1701,7.48,4297,2021-09-23 15:12:00,TCRX
7.52,7.52,7.49,7.49,300,2021-09-23 15:13:00,TCRX
7.52,7.52,7.4,7.4716,6088,2021-09-23 15:14:00,TCRX
7.5,7.5,7.4815,7.4893,2400,2021-09-23 15:15:00,TCRX
7.5,7.5815,7.47,7.54,4174,2021-09-23 15:16:00,TCRX
7.54,7.56,7.54,7.56,700,2021-09-23 15:17:00,TCRX
7.552,7.6,7.552,7.5761,2031,2021-09-23 15:18:00,TCRX
7.5709,7.58,7.515,7.55,3203,2021-09-23 15:19:00,TCRX
7.55,7.55,7.43,7.43,1499,2021-09-23 15:20:00,TCRX
7.5699,7.58,7.56,7.56,4100,2021-09-23 15:22:00,TCRX
7.56,7.585,7.56,7.56,2300,2021-09-23 15:23:00,TCRX
7.56,7.5852,7.55,7.56,7125,2021-09-23 15:25:00,TCRX
7.635,7.7,7.58,7.6113,2355,2021-09-23 15:26:00,TCRX
7.645,7.67,7.645,7.6675,2450,2021-09-23 15:27:00,TCRX
7.67,7.76,7.67,7.7517,3300,2021-09-23 15:28:00,TCRX
7.78,7.78,7.52,7.65,8984,2021-09-23 15:29:00,TCRX
7.69,7.7,7.69,7.699,824,2021-09-23 15:30:00,TCRX
7.65,7.66,7.55,7.66,9485,2021-09-23 15:31:00,TCRX
7.65,7.6515,7.65,7.65,1772,2021-09-23 15:32:00,TCRX
7.6535,7.89,7.6535,7.84,5628,2021-09-23 15:33:00,TCRX
7.82,7.9199,7.81,7.855,9997,2021-09-23 15:34:00,TCRX
7.82,7.8695,7.78,7.82,3785,2021-09-23 15:35:00,TCRX
7.78,7.78,7.6901,7.7773,5975,2021-09-23 15:36:00,TCRX
7.78,7.84,7.78,7.84,1075,2021-09-23 15:37:00,TCRX
7.85,7.9,7.85,7.9,1937,2021-09-23 15:38:00,TCRX
7.9,7.9,7.801,7.8638,1912,2021-09-23 15:39:00,TCRX
7.87,7.87,7.86,7.86,800,2021-09-23 15:40:00,TCRX
7.8,7.9,7.8,7.85,1547,2021-09-23 15:41:00,TCRX
7.88,7.9,7.85,7.9,3716,2021-09-23 15:42:00,TCRX
7.8802,7.91,7.88,7.9004,4937,2021-09-23 15:43:00,TCRX
7.896,8.2,7.89,8.2,13598,2021-09-23 15:44:00,TCRX
8.19,8.19,7.985,8.06,10257,2021-09-23 15:45:00,TCRX
8.07,8.3,7.9947,8.3,28509,2021-09-23 15:46:00,TCRX
8.24,8.4,8.24,8.38,18895,2021-09-23 15:47:00,TCRX
8.36,8.46,8.17,8.3,34446,2021-09-23 15:48:00,TCRX
8.22,8.46,8.17,8.4,27785,2021-09-23 15:49:00,TCRX
8.37,8.47,8.23,8.3999,43694,2021-09-23 15:50:00,TCRX
8.31,8.31,8.21,8.21,12823,2021-09-23 15:51:00,TCRX
8.225,8.2299,8.1,8.1272,16754,2021-09-23 15:52:00,TCRX
8.1301,8.29,8.1301,8.1627,1994,2021-09-23 15:53:00,TCRX
8.1741,8.205,8.13,8.13,1384,2021-09-23 15:54:00,TCRX
8.24,8.24,8.18,8.19,2998,2021-09-23 15:55:00,TCRX
8.15,8.16,8.09,8.15,11591,2021-09-23 15:56:00,TCRX
8.17,8.22,8.17,8.22,2728,2021-09-23 15:57:00,TCRX
8.188,8.188,7.83,7.88,24083,2021-09-23 15:58:00,TCRX
7.9,8.05,7.8985,8.05,4948,2021-09-23 15:59:00,TCRX
8.0,8.0,7.88,7.9,3997,2021-09-23 16:00:00,TCRX
7.95,8.0372,7.88,7.94,1900,2021-09-23 16:01:00,TCRX
7.8922,7.95,7.88,7.88,2086,2021-09-23 16:02:00,TCRX
7.88,7.96,7.88,7.937,738,2021-09-23 16:03:00,TCRX
8.01,8.01,7.88,7.88,860,2021-09-23 16:04:00,TCRX
7.92,7.93,7.8201,7.9,5350,2021-09-23 16:05:00,TCRX
7.9,7.929,7.9,7.91,400,2021-09-23 16:06:00,TCRX
7.87,7.87,7.87,7.87,300,2021-09-23 16:07:00,TCRX
7.9,7.91,7.9,7.91,774,2021-09-23 16:08:00,TCRX
7.89,7.9299,7.89,7.9,1400,2021-09-23 16:09:00,TCRX
7.93,7.93,7.92,7.92,363,2021-09-23 16:10:00,TCRX
8.0,8.01,7.91,7.965,2845,2021-09-23 16:11:00,TCRX
8.0499,8.0499,7.95,7.95,1300,2021-09-23 16:12:00,TCRX
7.91,7.9416,7.9001,7.9416,1200,2021-09-23 16:13:00,TCRX
7.9,7.9354,7.75,7.9354,10064,2021-09-23 16:14:00,TCRX
7.825,7.825,7.825,7.825,100,2021-09-23 16:15:00,TCRX
7.84,7.89,7.84,7.89,3348,2021-09-23 16:16:00,TCRX
7.89,7.89,7.88,7.88,453,2021-09-23 16:17:00,TCRX
7.881,7.89,7.8327,7.848,3000,2021-09-23 16:18:00,TCRX
7.83,7.93,7.81,7.93,6666,2021-09-23 16:19:00,TCRX
7.8021,7.8604,7.8021,7.8604,3400,2021-09-23 16:20:00,TCRX
7.8801,7.89,7.8501,7.89,800,2021-09-23 16:21:00,TCRX
7.9272,7.9272,7.8,7.8,1100,2021-09-23 16:22:00,TCRX
7.94,7.95,7.8001,7.925,10968,2021-09-23 16:24:00,TCRX
7.95,7.95,7.8319,7.8319,1501,2021-09-23 16:25:00,TCRX
7.94,7.94,7.94,7.94,100,2021-09-23 16:26:00,TCRX
7.94,7.95,7.8328,7.94,1272,2021-09-23 16:27:00,TCRX
7.9154,7.9154,7.82,7.875,800,2021-09-23 16:28:00,TCRX
7.941,7.945,7.8115,7.9129,1350,2021-09-23 16:29:00,TCRX
7.9198,7.95,7.875,7.95,7100,2021-09-23 16:30:00,TCRX
7.8025,7.8125,7.8,7.8,7605,2021-09-23 16:31:00,TCRX
7.93,7.93,7.9119,7.9119,600,2021-09-23 16:35:00,TCRX
7.8,7.8,7.8,7.8,4850,2021-09-23 16:36:00,TCRX
7.865,7.865,7.865,7.865,800,2021-09-23 16:37:00,TCRX
7.9,7.9,7.9,7.9,100,2021-09-23 16:38:00,TCRX
7.9,7.9,7.865,7.865,200,2021-09-23 16:39:00,TCRX
7.93,7.93,7.87,7.87,2748,2021-09-23 16:43:00,TCRX
7.9,7.9001,7.9,7.9,1400,2021-09-23 16:45:00,TCRX
7.9416,7.95,7.9,7.9,1300,2021-09-23 16:46:00,TCRX
7.925,7.925,7.9,7.9,700,2021-09-23 16:47:00,TCRX
7.92,7.9497,7.85,7.9497,3225,2021-09-23 16:48:00,TCRX
7.9374,7.9374,7.9374,7.9374,100,2021-09-23 16:49:00,TCRX
7.9386,7.9386,7.9386,7.9386,1000,2021-09-23 16:50:00,TCRX
7.85,7.89,7.85,7.89,200,2021-09-23 16:52:00,TCRX
7.9299,7.9299,7.8527,7.8527,1100,2021-09-23 16:54:00,TCRX
7.89,7.89,7.89,7.89,200,2021-09-23 16:55:00,TCRX
7.85,7.85,7.85,7.85,100,2021-09-23 16:56:00,TCRX
7.87,7.87,7.87,7.87,100,2021-09-23 16:57:00,TCRX
7.87,7.87,7.8,7.8088,1007,2021-09-23 16:58:00,TCRX
7.85,7.85,7.84,7.85,300,2021-09-23 16:59:00,TCRX
7.81,7.81,7.7727,7.78,1568,2021-09-23 17:00:00,TCRX
7.7923,7.85,7.7923,7.85,1401,2021-09-23 17:01:00,TCRX
7.8132,7.8132,7.8132,7.8132,100,2021-09-23 17:03:00,TCRX
7.78,7.78,7.68,7.69,3548,2021-09-23 17:04:00,TCRX
7.75,7.7902,7.75,7.77,720,2021-09-23 17:05:00,TCRX
7.82,7.82,7.82,7.82,700,2021-09-23 17:06:00,TCRX
7.8159,7.8159,7.7907,7.7907,1200,2021-09-23 17:07:00,TCRX
7.8082,7.8082,7.8,7.8,300,2021-09-23 17:08:00,TCRX
7.7909,7.7909,7.78,7.78,250,2021-09-23 17:09:00,TCRX
7.78,7.78,7.78,7.78,126,2021-09-23 17:13:00,TCRX
7.82,7.82,7.82,7.82,100,2021-09-23 17:14:00,TCRX
7.82,7.82,7.82,7.82,500,2021-09-23 17:16:00,TCRX
7.89,8.0,7.89,8.0,3028,2021-09-23 17:17:00,TCRX
8.0158,8.02,7.94,7.95,12231,2021-09-23 17:18:00,TCRX
8.09,8.09,8.09,8.09,125,2021-09-23 17:19:00,TCRX
8.0742,8.0965,8.03,8.06,5085,2021-09-23 17:20:00,TCRX
8.08,8.08,8.0634,8.0634,1200,2021-09-23 17:21:00,TCRX
8.0102,8.0102,8.0102,8.0102,164,2021-09-23 17:22:00,TCRX
8.035,8.1399,8.035,8.13,5336,2021-09-23 17:24:00,TCRX
8.116,8.1399,8.04,8.08,600,2021-09-23 17:25:00,TCRX
8.1,8.1252,8.0801,8.1248,600,2021-09-23 17:26:00,TCRX
8.1,8.1,8.04,8.04,1250,2021-09-23 17:27:00,TCRX
8.0678,8.0678,7.9518,8.0667,3084,2021-09-23 17:28:00,TCRX
8.0473,8.0473,8.0473,8.0473,1000,2021-09-23 17:29:00,TCRX
7.955,7.955,7.84,7.84,800,2021-09-23 17:31:00,TCRX
7.94,8.0021,7.94,8.0021,2327,2021-09-23 17:32:00,TCRX
8.0,8.0,7.86,7.86,700,2021-09-23 17:33:00,TCRX
7.9668,7.9668,7.9668,7.9668,200,2021-09-23 17:34:00,TCRX
7.94,7.99,7.85,7.86,1040,2021-09-23 17:35:00,TCRX
7.9825,7.9825,7.84,7.84,1424,2021-09-23 17:36:00,TCRX
7.84,7.84,7.84,7.84,200,2021-09-23 17:37:00,TCRX
7.84,7.85,7.84,7.85,1030,2021-09-23 17:38:00,TCRX
7.88,7.99,7.88,7.99,3295,2021-09-23 17:40:00,TCRX
7.95,7.95,7.9271,7.9271,939,2021-09-23 17:42:00,TCRX
7.945,7.945,7.9,7.945,1500,2021-09-23 17:43:00,TCRX
7.98,8.12,7.98,8.12,4996,2021-09-23 17:44:00,TCRX
8.04,8.119,8.04,8.06,6086,2021-09-23 17:45:00,TCRX
8.0672,8.09,8.0672,8.09,348,2021-09-23 17:46:00,TCRX
8.06,8.07,8.035,8.035,935,2021-09-23 17:47:00,TCRX
7.94,8.1106,7.94,8.0,1339,2021-09-23 17:48:00,TCRX
8.06,8.06,8.06,8.06,147,2021-09-23 17:49:00,TCRX
8.06,8.12,8.03,8.03,3787,2021-09-23 17:50:00,TCRX
8.1389,8.19,8.1035,8.1871,2410,2021-09-23 17:51:00,TCRX
8.19,8.22,8.04,8.2,8367,2021-09-23 17:52:00,TCRX
8.19,8.2065,8.13,8.18,5249,2021-09-23 17:53:00,TCRX
8.22,8.22,8.205,8.22,5543,2021-09-23 17:54:00,TCRX
8.196,8.196,8.1927,8.1949,610,2021-09-23 17:55:00,TCRX
8.22,8.22,8.22,8.22,1355,2021-09-23 17:57:00,TCRX
8.22,8.22,8.22,8.22,1400,2021-09-23 17:58:00,TCRX
8.22,8.22,8.2181,8.2181,2209,2021-09-23 17:59:00,TCRX
8.2001,8.2035,8.06,8.07,8964,2021-09-23 18:00:00,TCRX
8.125,8.16,8.125,8.16,343,2021-09-23 18:01:00,TCRX
8.1907,8.1907,8.1907,8.1907,955,2021-09-23 18:02:00,TCRX
8.15,8.15,8.085,8.085,350,2021-09-23 18:05:00,TCRX
8.07,8.07,7.97,7.988,1669,2021-09-23 18:06:00,TCRX
8.01,8.01,8.01,8.01,400,2021-09-23 18:07:00,TCRX
8.1365,8.1979,8.0485,8.06,3190,2021-09-23 18:08:00,TCRX
8.06,8.0734,8.01,8.01,1730,2021-09-23 18:09:00,TCRX
8.03,8.03,8.0256,8.0256,800,2021-09-23 18:10:00,TCRX
8.1711,8.1711,8.105,8.105,1325,2021-09-23 18:11:00,TCRX
8.1,8.1,8.01,8.01,2300,2021-09-23 18:14:00,TCRX
8.06,8.06,7.92,7.92,938,2021-09-23 18:15:00,TCRX
7.931,8.06,7.931,8.01,4648,2021-09-23 18:16:00,TCRX
8.01,8.01,7.965,7.965,650,2021-09-23 18:17:00,TCRX
7.939,7.939,7.939,7.939,100,2021-09-23 18:18:00,TCRX
7.9222,7.9222,7.9222,7.9222,1223,2021-09-23 18:19:00,TCRX
7.955,7.955,7.91,7.91,300,2021-09-23 18:20:00,TCRX
7.9,8.0084,7.83,7.92,2740,2021-09-23 18:21:00,TCRX
7.875,7.875,7.875,7.875,100,2021-09-23 18:24:00,TCRX
7.84,7.85,7.73,7.73,7634,2021-09-23 18:26:00,TCRX
7.785,7.8488,7.73,7.8488,7200,2021-09-23 18:27:00,TCRX
7.7301,7.7301,7.7301,7.7301,500,2021-09-23 18:29:00,TCRX
7.805,7.87,7.805,7.87,200,2021-09-23 18:31:00,TCRX
7.91,7.91,7.87,7.87,1773,2021-09-23 18:32:00,TCRX
7.86,7.87,7.86,7.86,700,2021-09-23 18:33:00,TCRX
7.8969,7.9,7.8969,7.9,550,2021-09-23 18:37:00,TCRX
7.865,7.91,7.865,7.91,1175,2021-09-23 18:38:00,TCRX
7.8946,7.908,7.8946,7.8946,400,2021-09-23 18:40:00,TCRX
7.91,7.91,7.91,7.91,244,2021-09-23 18:41:00,TCRX
7.91,7.91,7.8027,7.85,1613,2021-09-23 18:45:00,TCRX
7.855,7.855,7.855,7.855,100,2021-09-23 18:46:00,TCRX
7.8383,7.8383,7.8383,7.8383,100,2021-09-23 18:47:00,TCRX
7.87,7.87,7.87,7.87,100,2021-09-23 18:49:00,TCRX
7.89,7.89,7.87,7.87,846,2021-09-23 18:50:00,TCRX
7.725,7.754,7.725,7.754,5800,2021-09-23 18:51:00,TCRX
7.9099,7.91,7.87,7.91,900,2021-09-23 18:52:00,TCRX
7.7993,7.7993,7.7993,7.7993,100,2021-09-23 18:53:00,TCRX
7.825,7.825,7.825,7.825,100,2021-09-23 18:54:00,TCRX
7.76,7.76,7.76,7.76,100,2021-09-23 18:56:00,TCRX
7.844,7.844,7.844,7.844,100,2021-09-23 18:57:00,TCRX
7.84,7.84,7.8272,7.8272,200,2021-09-23 18:58:00,TCRX
7.7638,7.79,7.7638,7.79,200,2021-09-23 18:59:00,TCRX
7.77,7.77,7.77,7.77,100,2021-09-23 19:00:00,TCRX
7.77,7.77,7.76,7.76,1204,2021-09-23 19:01:00,TCRX
7.798,7.798,7.798,7.798,214,2021-09-23 19:02:00,TCRX
7.8,7.8,7.76,7.8,1507,2021-09-23 19:05:00,TCRX
7.8,7.81,7.8,7.81,1068,2021-09-23 19:07:00,TCRX
7.81,7.81,7.81,7.81,1000,2021-09-23 19:13:00,TCRX
7.8,7.81,7.8,7.81,500,2021-09-23 19:15:00,TCRX
7.7969,7.7969,7.7969,7.7969,300,2021-09-23 19:17:00,TCRX
7.8,7.81,7.8,7.8,500,2021-09-23 19:18:00,TCRX
7.8,7.8,7.7886,7.7968,1200,2021-09-23 19:19:00,TCRX
7.7782,7.7782,7.7782,7.7782,281,2021-09-23 19:21:00,TCRX
7.77,7.79,7.77,7.77,350,2021-09-23 19:22:00,TCRX
7.76,7.785,7.76,7.785,1900,2021-09-23 19:23:00,TCRX
7.77,7.77,7.76,7.7673,1760,2021-09-23 19:24:00,TCRX
7.75,7.75,7.75,7.75,700,2021-09-23 19:25:00,TCRX
7.75,7.76,7.715,7.715,3827,2021-09-23 19:26:00,TCRX
7.71,7.7862,7.6917,7.74,5550,2021-09-23 19:27:00,TCRX
7.69,7.69,7.68,7.68,363,2021-09-23 19:28:00,TCRX
7.7,7.76,7.69,7.7151,2565,2021-09-23 19:29:00,TCRX
7.755,7.755,7.7213,7.7215,400,2021-09-23 19:30:00,TCRX
7.71,7.71,7.71,7.71,300,2021-09-23 19:31:00,TCRX
7.73,7.775,7.73,7.73,1300,2021-09-23 19:33:00,TCRX
7.73,7.73,7.73,7.73,100,2021-09-23 19:34:00,TCRX
7.73,7.73,7.73,7.73,100,2021-09-23 19:36:00,TCRX
7.7427,7.7427,7.7427,7.7427,1487,2021-09-23 19:38:00,TCRX
7.7383,7.77,7.7383,7.77,702,2021-09-23 19:39:00,TCRX
7.77,7.77,7.77,7.77,100,2021-09-23 19:40:00,TCRX
7.78,7.78,7.77,7.77,300,2021-09-23 19:41:00,TCRX
7.73,7.74,7.73,7.73,500,2021-09-23 19:42:00,TCRX
7.73,7.765,7.73,7.765,200,2021-09-23 19:43:00,TCRX
7.7301,7.77,7.72,7.74,1588,2021-09-23 19:44:00,TCRX
7.74,7.7879,7.74,7.7879,200,2021-09-23 19:45:00,TCRX
7.799,7.799,7.799,7.799,100,2021-09-23 19:46:00,TCRX
7.74,7.78,7.74,7.77,1634,2021-09-23 19:47:00,TCRX
7.765,7.765,7.765,7.765,100,2021-09-23 19:48:00,TCRX
7.765,7.765,7.74,7.74,975,2021-09-23 19:49:00,TCRX
7.74,7.74,7.74,7.74,124,2021-09-23 19:50:00,TCRX
7.74,7.78,7.74,7.765,1769,2021-09-23 19:51:00,TCRX
7.765,7.765,7.73,7.73,1704,2021-09-23 19:52:00,TCRX
7.74,7.8,7.74,7.79,4712,2021-09-23 19:53:00,TCRX
7.82,7.83,7.75,7.75,500,2021-09-23 19:54:00,TCRX
7.785,7.785,7.74,7.74,400,2021-09-23 19:55:00,TCRX
7.74,7.775,7.73,7.775,1493,2021-09-23 19:56:00,TCRX
7.73,7.73,7.72,7.73,1200,2021-09-23 19:57:00,TCRX
7.72,7.8083,7.7,7.75,2226,2021-09-23 19:58:00,TCRX
7.7,7.78,7.69,7.73,8151,2021-09-23 19:59:00,TCRX
7.69,7.69,7.69,7.69,6340,2021-09-23 20:00:00,TCRX
7.6,7.6,7.6,7.6,406,2021-09-23 20:12:00,TCRX
7.61,7.61,7.61,7.61,200,2021-09-23 20:14:00,TCRX
7.83,7.83,7.83,7.83,800,2021-09-23 20:51:00,TCRX
7.84,7.84,7.84,7.84,122,2021-09-23 20:57:00,TCRX
7.98,7.98,7.98,7.98,256,2021-09-23 23:06:00,TCRX
7.95,7.98,7.95,7.98,874,2021-09-23 23:36:00,TCRX
7.11,7.11,7.11,7.11,100,2021-09-24 08:10:00,TCRX
7.7,7.7,7.7,7.7,100,2021-09-24 13:28:00,TCRX
7.53,7.53,7.5,7.5201,3954,2021-09-24 13:30:00,TCRX
7.51,7.52,7.4,7.4,4150,2021-09-24 13:31:00,TCRX
7.41,7.4431,7.41,7.4431,400,2021-09-24 13:32:00,TCRX
7.4413,7.4413,7.4413,7.4413,164,2021-09-24 13:33:00,TCRX
7.4,7.4,7.4,7.4,500,2021-09-24 13:36:00,TCRX
7.46,7.46,7.4191,7.4191,2500,2021-09-24 13:37:00,TCRX
7.46,7.49,7.4315,7.49,752,2021-09-24 13:38:00,TCRX
7.5,7.5,7.48,7.48,1399,2021-09-24 13:39:00,TCRX
7.58,7.6,7.48,7.6,500,2021-09-24 13:42:00,TCRX
7.6,7.6,7.59,7.59,202,2021-09-24 13:46:00,TCRX
7.6,7.6,7.6,7.6,1000,2021-09-24 13:47:00,TCRX
7.53,7.58,7.53,7.58,200,2021-09-24 13:50:00,TCRX
7.58,7.58,7.58,7.58,500,2021-09-24 13:51:00,TCRX
7.53,7.55,7.53,7.55,200,2021-09-24 13:52:00,TCRX
7.54,7.54,7.54,7.54,100,2021-09-24 13:55:00,TCRX
7.61,7.6297,7.61,7.6297,200,2021-09-24 13:56:00,TCRX
7.5994,7.5994,7.5994,7.5994,149,2021-09-24 13:59:00,TCRX
7.53,7.53,7.53,7.53,100,2021-09-24 14:01:00,TCRX
7.53,7.53,7.52,7.52,1400,2021-09-24 14:02:00,TCRX
7.52,7.52,7.52,7.52,100,2021-09-24 14:03:00,TCRX
7.4734,7.4734,7.4734,7.4734,100,2021-09-24 14:05:00,TCRX
7.53,7.53,7.53,7.53,202,2021-09-24 14:08:00,TCRX
7.5884,7.5884,7.565,7.565,300,2021-09-24 14:09:00,TCRX
7.51,7.51,7.5,7.5,200,2021-09-24 14:13:00,TCRX
7.5201,7.5201,7.5201,7.5201,100,2021-09-24 14:19:00,TCRX
7.6029,7.6029,7.57,7.57,700,2021-09-24 14:20:00,TCRX
7.57,7.57,7.57,7.57,100,2021-09-24 14:23:00,TCRX
7.58,7.58,7.58,7.58,100,2021-09-24 14:25:00,TCRX
7.6299,7.6299,7.6299,7.6299,2000,2021-09-24 14:27:00,TCRX
7.54,7.54,7.54,7.54,100,2021-09-24 14:28:00,TCRX
7.5605,7.5605,7.5605,7.5605,100,2021-09-24 14:32:00,TCRX
7.57,7.57,7.57,7.57,100,2021-09-24 14:33:00,TCRX
7.55,7.55,7.55,7.55,152,2021-09-24 14:36:00,TCRX
7.62,7.62,7.62,7.62,500,2021-09-24 14:44:00,TCRX
7.61,7.62,7.61,7.62,300,2021-09-24 14:49:00,TCRX
7.63,7.76,7.56,7.75,6600,2021-09-24 14:51:00,TCRX
7.8524,7.93,7.8524,7.93,310,2021-09-24 14:56:00,TCRX
7.79,7.79,7.79,7.79,100,2021-09-24 14:58:00,TCRX
7.8315,7.8315,7.8315,7.8315,300,2021-09-24 14:59:00,TCRX
7.83,7.83,7.8281,7.8281,895,2021-09-24 15:07:00,TCRX
7.935,7.935,7.84,7.84,438,2021-09-24 15:10:00,TCRX
7.85,7.9365,7.85,7.91,2920,2021-09-24 15:11:00,TCRX
7.84,7.84,7.84,7.84,100,2021-09-24 15:12:00,TCRX
7.84,7.84,7.84,7.84,280,2021-09-24 15:17:00,TCRX
7.885,7.885,7.885,7.885,100,2021-09-24 15:20:00,TCRX
7.88,7.88,7.88,7.88,100,2021-09-24 15:21:00,TCRX
7.895,7.895,7.895,7.895,100,2021-09-24 15:31:00,TCRX
7.895,7.895,7.895,7.895,100,2021-09-24 15:32:00,TCRX
7.9284,7.9284,7.9284,7.9284,180,2021-09-24 15:37:00,TCRX
7.8622,7.8622,7.8622,7.8622,100,2021-09-24 15:39:00,TCRX
7.86,7.86,7.86,7.86,700,2021-09-24 15:40:00,TCRX
7.895,7.895,7.895,7.895,100,2021-09-24 15:44:00,TCRX
7.85,7.86,7.85,7.85,400,2021-09-24 15:45:00,TCRX
7.8843,7.8843,7.83,7.83,597,2021-09-24 15:52:00,TCRX
7.855,7.855,7.79,7.79,1500,2021-09-24 15:54:00,TCRX
7.81,7.81,7.81,7.81,100,2021-09-24 15:58:00,TCRX
7.81,7.8155,7.81,7.8155,208,2021-09-24 16:00:00,TCRX
7.82,7.83,7.82,7.83,300,2021-09-24 16:01:00,TCRX
7.82,7.82,7.82,7.82,100,2021-09-24 16:04:00,TCRX
7.74,7.74,7.65,7.65,200,2021-09-24 16:07:00,TCRX
7.6517,7.6517,7.6517,7.6517,1374,2021-09-24 16:08:00,TCRX
7.75,7.75,7.75,7.75,100,2021-09-24 16:09:00,TCRX
7.83,7.83,7.83,7.83,100,2021-09-24 16:10:00,TCRX
7.83,7.84,7.83,7.84,200,2021-09-24 16:11:00,TCRX
7.84,7.84,7.84,7.84,100,2021-09-24 16:14:00,TCRX
7.85,7.85,7.85,7.85,400,2021-09-24 16:20:00,TCRX
7.85,7.85,7.85,7.85,100,2021-09-24 16:21:00,TCRX
7.85,7.85,7.85,7.85,100,2021-09-24 16:22:00,TCRX
7.67,7.67,7.6334,7.6334,1301,2021-09-24 16:27:00,TCRX
7.725,7.725,7.725,7.725,100,2021-09-24 16:29:00,TCRX
7.82,7.82,7.82,7.82,100,2021-09-24 16:30:00,TCRX
7.75,7.75,7.75,7.75,100,2021-09-24 16:31:00,TCRX
7.64,7.65,7.62,7.62,500,2021-09-24 16:33:00,TCRX
7.61,7.61,7.61,7.61,642,2021-09-24 16:34:00,TCRX
7.72,7.79,7.72,7.79,200,2021-09-24 16:40:00,TCRX
7.84,7.84,7.84,7.84,100,2021-09-24 16:41:00,TCRX
7.84,7.84,7.84,7.84,100,2021-09-24 16:42:00,TCRX
7.69,7.72,7.69,7.72,300,2021-09-24 16:44:00,TCRX
7.66,7.66,7.66,7.66,100,2021-09-24 16:50:00,TCRX
7.77,7.77,7.77,7.77,200,2021-09-24 16:51:00,TCRX
7.79,7.79,7.79,7.79,100,2021-09-24 16:52:00,TCRX
7.7807,7.7807,7.7807,7.7807,2500,2021-09-24 16:53:00,TCRX
7.6715,7.7999,7.6715,7.7999,600,2021-09-24 16:55:00,TCRX
7.79,7.79,7.79,7.79,100,2021-09-24 17:00:00,TCRX
7.8,7.8,7.7,7.77,600,2021-09-24 17:01:00,TCRX
7.79,7.79,7.665,7.665,200,2021-09-24 17:02:00,TCRX
7.74,7.74,7.74,7.74,100,2021-09-24 17:04:00,TCRX
7.6,7.6,7.6,7.6,100,2021-09-24 17:05:00,TCRX
7.6,7.6,7.6,7.6,135,2021-09-24 17:08:00,TCRX
7.85,7.85,7.85,7.85,100,2021-09-24 17:09:00,TCRX
7.85,7.85,7.85,7.85,100,2021-09-24 17:10:00,TCRX
7.82,7.82,7.82,7.82,100,2021-09-24 17:11:00,TCRX
7.83,7.83,7.83,7.83,100,2021-09-24 17:12:00,TCRX
7.84,7.84,7.84,7.84,100,2021-09-24 17:14:00,TCRX
7.5723,7.5723,7.5723,7.5723,100,2021-09-24 17:15:00,TCRX
7.5776,7.5776,7.5765,7.5765,300,2021-09-24 17:16:00,TCRX
7.74,7.74,7.74,7.74,100,2021-09-24 17:20:00,TCRX
7.85,7.85,7.85,7.85,200,2021-09-24 17:21:00,TCRX
7.85,7.85,7.85,7.85,100,2021-09-24 17:22:00,TCRX
7.85,7.85,7.85,7.85,100,2021-09-24 17:24:00,TCRX
7.85,7.85,7.85,7.85,100,2021-09-24 17:30:00,TCRX
7.85,7.85,7.85,7.85,100,2021-09-24 17:31:00,TCRX
7.73,7.73,7.73,7.73,100,2021-09-24 17:32:00,TCRX
7.5301,7.5301,7.5301,7.5301,500,2021-09-24 17:33:00,TCRX
7.85,7.85,7.85,7.85,100,2021-09-24 17:34:00,TCRX
7.58,7.58,7.53,7.54,1388,2021-09-24 17:36:00,TCRX
7.54,7.54,7.53,7.53,562,2021-09-24 17:37:00,TCRX
7.5559,7.5559,7.5559,7.5559,1183,2021-09-24 17:42:00,TCRX
7.735,7.735,7.735,7.735,279,2021-09-24 17:45:00,TCRX
7.9419,7.9419,7.9419,7.9419,300,2021-09-24 17:47:00,TCRX
7.735,7.735,7.735,7.735,100,2021-09-24 17:53:00,TCRX
7.9,7.9,7.9,7.9,100,2021-09-24 18:00:00,TCRX
7.5789,7.5789,7.5789,7.5789,3000,2021-09-24 18:03:00,TCRX
7.57,7.85,7.57,7.85,200,2021-09-24 18:04:00,TCRX
7.8652,7.8652,7.72,7.72,593,2021-09-24 18:06:00,TCRX
7.87,7.87,7.87,7.87,100,2021-09-24 18:09:00,TCRX
7.87,7.87,7.87,7.87,100,2021-09-24 18:11:00,TCRX
7.88,7.88,7.88,7.88,100,2021-09-24 18:13:00,TCRX
7.89,7.89,7.89,7.89,100,2021-09-24 18:15:00,TCRX
7.89,7.89,7.89,7.89,100,2021-09-24 18:17:00,TCRX
7.89,7.89,7.89,7.89,100,2021-09-24 18:20:00,TCRX
7.89,7.89,7.89,7.89,100,2021-09-24 18:22:00,TCRX
7.84,7.84,7.84,7.84,100,2021-09-24 18:24:00,TCRX
7.84,7.84,7.84,7.84,100,2021-09-24 18:26:00,TCRX
7.7,7.7,7.7,7.7,300,2021-09-24 18:27:00,TCRX
7.695,7.695,7.695,7.695,100,2021-09-24 18:28:00,TCRX
7.85,7.85,7.85,7.85,100,2021-09-24 18:33:00,TCRX
7.83,7.84,7.83,7.84,210,2021-09-24 18:35:00,TCRX
7.84,7.84,7.84,7.84,100,2021-09-24 18:37:00,TCRX
7.7118,7.7118,7.7118,7.7118,451,2021-09-24 18:38:00,TCRX
7.83,7.835,7.77,7.835,500,2021-09-24 18:39:00,TCRX
7.84,7.84,7.84,7.84,100,2021-09-24 18:43:00,TCRX
7.84,7.84,7.84,7.84,110,2021-09-24 18:45:00,TCRX
7.84,7.84,7.84,7.84,100,2021-09-24 18:46:00,TCRX
7.77,7.77,7.77,7.77,100,2021-09-24 18:47:00,TCRX
7.84,7.84,7.84,7.84,100,2021-09-24 18:48:00,TCRX
7.84,7.84,7.84,7.84,110,2021-09-24 18:49:00,TCRX
7.84,7.84,7.84,7.84,100,2021-09-24 18:50:00,TCRX
7.85,7.85,7.85,7.85,200,2021-09-24 18:52:00,TCRX
7.85,7.85,7.85,7.85,100,2021-09-24 18:54:00,TCRX
7.775,7.775,7.775,7.775,100,2021-09-24 18:56:00,TCRX
7.77,7.77,7.77,7.77,100,2021-09-24 18:57:00,TCRX
7.85,7.85,7.85,7.85,100,2021-09-24 18:58:00,TCRX
7.85,7.85,7.85,7.85,100,2021-09-24 19:00:00,TCRX
7.85,7.94,7.85,7.94,1700,2021-09-24 19:02:00,TCRX
7.94,7.94,7.94,7.94,133,2021-09-24 19:03:00,TCRX
7.875,7.875,7.875,7.875,100,2021-09-24 19:04:00,TCRX
7.95,7.95,7.95,7.95,100,2021-09-24 19:06:00,TCRX
7.95,7.95,7.95,7.95,100,2021-09-24 19:08:00,TCRX
7.95,7.95,7.95,7.95,100,2021-09-24 19:10:00,TCRX
7.9034,7.9034,7.9034,7.9034,850,2021-09-24 19:11:00,TCRX
7.9273,7.95,7.9273,7.95,200,2021-09-24 19:12:00,TCRX
7.95,7.95,7.95,7.95,918,2021-09-24 19:13:00,TCRX
7.95,7.95,7.95,7.95,372,2021-09-24 19:15:00,TCRX
7.95,7.95,7.95,7.95,100,2021-09-24 19:17:00,TCRX
7.95,7.95,7.95,7.95,100,2021-09-24 19:20:00,TCRX
7.95,7.95,7.95,7.95,100,2021-09-24 19:21:00,TCRX
7.94,7.94,7.93,7.93,400,2021-09-24 19:22:00,TCRX
7.94,7.94,7.94,7.94,500,2021-09-24 19:23:00,TCRX
7.94,7.94,7.77,7.93,300,2021-09-24 19:25:00,TCRX
7.95,7.95,7.95,7.95,100,2021-09-24 19:27:00,TCRX
7.93,7.93,7.93,7.93,100,2021-09-24 19:29:00,TCRX
7.74,7.91,7.74,7.91,300,2021-09-24 19:30:00,TCRX
7.93,7.93,7.93,7.93,100,2021-09-24 19:31:00,TCRX
7.93,7.93,7.93,7.93,100,2021-09-24 19:32:00,TCRX
7.87,7.87,7.87,7.87,100,2021-09-24 19:33:00,TCRX
7.95,7.95,7.95,7.95,100,2021-09-24 19:35:00,TCRX
7.95,7.95,7.95,7.95,100,2021-09-24 19:36:00,TCRX
7.95,7.95,7.95,7.95,100,2021-09-24 19:37:00,TCRX
7.95,7.95,7.86,7.86,200,2021-09-24 19:38:00,TCRX
7.95,7.95,7.95,7.95,100,2021-09-24 19:39:00,TCRX
7.95,7.95,7.95,7.95,200,2021-09-24 19:40:00,TCRX
7.95,7.95,7.95,7.95,100,2021-09-24 19:41:00,TCRX
7.95,7.95,7.95,7.95,100,2021-09-24 19:42:00,TCRX
7.855,7.855,7.855,7.855,100,2021-09-24 19:43:00,TCRX
7.95,7.95,7.95,7.95,100,2021-09-24 19:44:00,TCRX
7.94,7.94,7.94,7.94,100,2021-09-24 19:45:00,TCRX
7.8,7.93,7.8,7.93,1000,2021-09-24 19:46:00,TCRX
7.95,7.95,7.95,7.95,200,2021-09-24 19:47:00,TCRX
7.95,7.95,7.95,7.95,100,2021-09-24 19:48:00,TCRX
7.95,7.95,7.95,7.95,200,2021-09-24 19:49:00,TCRX
7.95,7.95,7.76,7.93,400,2021-09-24 19:50:00,TCRX
7.95,7.95,7.95,7.95,100,2021-09-24 19:51:00,TCRX
7.93,7.93,7.93,7.93,300,2021-09-24 19:52:00,TCRX
7.9,7.9,7.9,7.9,200,2021-09-24 19:53:00,TCRX
7.9,7.9,7.79,7.9,500,2021-09-24 19:54:00,TCRX
7.89,7.9,7.85,7.89,600,2021-09-24 19:55:00,TCRX
7.89,7.93,7.87,7.9,1163,2021-09-24 19:56:00,TCRX
7.9,7.93,7.88,7.93,1230,2021-09-24 19:57:00,TCRX
7.94,7.94,7.85,7.92,515,2021-09-24 19:58:00,TCRX
7.93,7.94,7.79,7.79,3802,2021-09-24 19:59:00,TCRX
7.9,7.9,7.9,7.9,2079,2021-09-24 20:00:00,TCRX
7.95,7.95,7.95,7.95,100,2021-09-27 12:58:00,TCRX
8.07,8.07,8.07,8.07,1263,2021-09-27 13:30:00,TCRX
7.99,8.01,7.99,8.01,200,2021-09-27 13:33:00,TCRX
8.0099,8.0099,7.95,7.95,300,2021-09-27 13:36:00,TCRX
7.92,7.92,7.92,7.92,100,2021-09-27 13:37:00,TCRX
7.9,7.9,7.9,7.9,4918,2021-09-27 13:39:00,TCRX
7.93,7.93,7.93,7.93,100,2021-09-27 13:43:00,TCRX
7.955,7.955,7.955,7.955,100,2021-09-27 13:58:00,TCRX
7.9166,7.98,7.9166,7.98,300,2021-09-27 14:11:00,TCRX
7.98,7.98,7.98,7.98,100,2021-09-27 14:16:00,TCRX
7.9,7.9,7.9,7.9,100,2021-09-27 14:18:00,TCRX
7.9,7.9,7.9,7.9,600,2021-09-27 14:30:00,TCRX
7.92,7.92,7.92,7.92,288,2021-09-27 14:31:00,TCRX
8.0,8.0,8.0,8.0,119,2021-09-27 14:34:00,TCRX
7.9786,7.9786,7.9786,7.9786,300,2021-09-27 14:39:00,TCRX
8.0,8.0,8.0,8.0,500,2021-09-27 14:41:00,TCRX
7.9162,7.9162,7.9162,7.9162,107,2021-09-27 14:50:00,TCRX
7.95,7.95,7.95,7.95,500,2021-09-27 15:10:00,TCRX
7.99,7.99,7.99,7.99,300,2021-09-27 15:29:00,TCRX
7.9953,7.9953,7.9953,7.9953,1250,2021-09-27 15:31:00,TCRX
7.9125,7.9125,7.9125,7.9125,400,2021-09-27 15:43:00,TCRX
8.0,8.0,8.0,8.0,498,2021-09-27 15:55:00,TCRX
7.985,7.985,7.985,7.985,700,2021-09-27 15:58:00,TCRX
8.0559,8.0559,8.0559,8.0559,300,2021-09-27 16:04:00,TCRX
7.99,7.99,7.99,7.99,400,2021-09-27 16:15:00,TCRX
8.0573,8.0573,8.0573,8.0573,400,2021-09-27 16:22:00,TCRX
8.0359,8.0359,8.0359,8.0359,250,2021-09-27 16:45:00,TCRX
7.91,7.91,7.91,7.91,100,2021-09-27 16:49:00,TCRX
7.9101,7.9101,7.9101,7.9101,100,2021-09-27 16:50:00,TCRX
7.93,7.93,7.93,7.93,100,2021-09-27 16:54:00,TCRX
8.06,8.07,7.94,7.94,1000,2021-09-27 17:12:00,TCRX
7.9601,8.02,7.9601,8.02,3100,2021-09-27 17:40:00,TCRX
8.0276,8.0276,7.94,7.94,3300,2021-09-27 17:41:00,TCRX
7.99,7.99,7.99,7.99,100,2021-09-27 17:59:00,TCRX
7.99,7.99,7.99,7.99,100,2021-09-27 18:16:00,TCRX
8.0017,8.0017,8.0017,8.0017,109,2021-09-27 18:31:00,TCRX
7.99,7.99,7.99,7.99,100,2021-09-27 18:42:00,TCRX
8.015,8.015,8.015,8.015,3500,2021-09-27 18:48:00,TCRX
8.02,8.07,8.01,8.07,3005,2021-09-27 18:49:00,TCRX
8.06,8.07,8.06,8.07,200,2021-09-27 18:53:00,TCRX
8.07,8.07,8.07,8.07,1400,2021-09-27 18:58:00,TCRX
8.07,8.07,8.02,8.07,310,2021-09-27 19:05:00,TCRX
8.045,8.045,8.045,8.045,200,2021-09-27 19:14:00,TCRX
8.07,8.07,8.07,8.07,100,2021-09-27 19:25:00,TCRX
8.07,8.07,8.07,8.07,100,2021-09-27 19:27:00,TCRX
8.07,8.07,8.07,8.07,100,2021-09-27 19:29:00,TCRX
8.07,8.07,8.07,8.07,100,2021-09-27 19:32:00,TCRX
8.07,8.07,8.07,8.07,100,2021-09-27 19:34:00,TCRX
8.07,8.07,8.07,8.07,100,2021-09-27 19:36:00,TCRX
8.07,8.07,7.99,7.99,200,2021-09-27 19:37:00,TCRX
8.07,8.07,8.07,8.07,100,2021-09-27 19:40:00,TCRX
8.07,8.07,8.07,8.07,100,2021-09-27 19:41:00,TCRX
8.07,8.07,8.07,8.07,100,2021-09-27 19:42:00,TCRX
8.07,8.07,8.07,8.07,100,2021-09-27 19:44:00,TCRX
8.07,8.07,8.07,8.07,120,2021-09-27 19:46:00,TCRX
8.07,8.07,8.07,8.07,200,2021-09-27 19:47:00,TCRX
8.07,8.07,8.07,8.07,120,2021-09-27 19:48:00,TCRX
8.07,8.07,8.07,8.07,130,2021-09-27 19:49:00,TCRX
8.07,8.07,8.07,8.07,130,2021-09-27 19:51:00,TCRX
8.07,8.07,8.07,8.07,140,2021-09-27 19:52:00,TCRX
8.07,8.07,8.07,8.07,240,2021-09-27 19:53:00,TCRX
8.07,8.07,8.07,8.07,160,2021-09-27 19:55:00,TCRX
8.07,8.07,8.06,8.07,2210,2021-09-27 19:56:00,TCRX
8.07,8.07,8.07,8.07,200,2021-09-27 19:57:00,TCRX
8.02,8.07,8.02,8.07,310,2021-09-27 19:58:00,TCRX
8.07,8.07,8.06,8.07,4404,2021-09-27 19:59:00,TCRX
8.11,8.11,8.11,8.11,1553,2021-09-27 20:00:00,TCRX
8.14,8.15,8.14,8.15,1656,2021-09-27 21:22:00,TCRX
8.21,8.21,8.21,8.21,300,2021-09-27 21:32:00,TCRX
8.2599,8.2599,8.2599,8.2599,100,2021-09-27 21:55:00,TCRX
8.22,8.22,8.22,8.22,123,2021-09-28 09:41:00,TCRX
8.21,8.21,8.21,8.21,250,2021-09-28 12:05:00,TCRX
8.22,8.22,8.22,8.22,457,2021-09-28 12:12:00,TCRX
8.22,8.22,8.22,8.22,500,2021-09-28 12:13:00,TCRX
8.22,8.22,8.22,8.22,2000,2021-09-28 12:15:00,TCRX
8.22,8.22,8.22,8.22,100,2021-09-28 13:27:00,TCRX
8.34,8.35,8.34,8.35,300,2021-09-28 13:29:00,TCRX
8.47,8.5,8.47,8.5,1912,2021-09-28 13:30:00,TCRX
8.4999,8.4999,8.4999,8.4999,141,2021-09-28 13:31:00,TCRX
8.375,8.375,8.375,8.375,145,2021-09-28 13:32:00,TCRX
8.375,8.375,8.375,8.375,200,2021-09-28 13:33:00,TCRX
8.29,8.29,8.251,8.251,1023,2021-09-28 13:35:00,TCRX
8.2509,8.4199,8.2509,8.4199,2200,2021-09-28 13:40:00,TCRX
8.28,8.2858,8.2602,8.2741,1516,2021-09-28 13:42:00,TCRX
8.4007,8.4007,8.4007,8.4007,100,2021-09-28 13:43:00,TCRX
8.39,8.39,8.39,8.39,350,2021-09-28 13:46:00,TCRX
8.315,8.3599,8.315,8.3599,600,2021-09-28 13:48:00,TCRX
8.315,8.36,8.297,8.36,535,2021-09-28 13:49:00,TCRX
8.315,8.315,8.315,8.315,400,2021-09-28 13:50:00,TCRX
8.3,8.3,8.3,8.3,1040,2021-09-28 13:53:00,TCRX
8.3,8.3,8.3,8.3,300,2021-09-28 13:59:00,TCRX
8.3311,8.3311,8.3311,8.3311,250,2021-09-28 14:04:00,TCRX
8.36,8.36,8.36,8.36,120,2021-09-28 14:05:00,TCRX
8.33,8.33,8.33,8.33,100,2021-09-28 14:07:00,TCRX
8.3599,8.3599,8.3599,8.3599,100,2021-09-28 14:08:00,TCRX
8.33,8.33,8.33,8.33,400,2021-09-28 14:16:00,TCRX
8.3234,8.3551,8.3234,8.3551,1457,2021-09-28 14:18:00,TCRX
8.3,8.3,8.29,8.29,200,2021-09-28 14:22:00,TCRX
8.3,8.3393,8.3,8.3393,4900,2021-09-28 14:27:00,TCRX
8.2979,8.2979,8.2979,8.2979,125,2021-09-28 14:28:00,TCRX
8.29,8.36,8.29,8.36,1884,2021-09-28 14:31:00,TCRX
8.35,8.35,8.35,8.35,200,2021-09-28 14:38:00,TCRX
8.3395,8.3395,8.3395,8.3395,2000,2021-09-28 14:40:00,TCRX
8.34,8.35,8.34,8.35,1109,2021-09-28 14:41:00,TCRX
8.3359,8.36,8.3359,8.36,4100,2021-09-28 14:42:00,TCRX
8.395,8.395,8.395,8.395,500,2021-09-28 14:45:00,TCRX
8.3102,8.3102,8.3102,8.3102,250,2021-09-28 14:51:00,TCRX
8.2814,8.41,8.2814,8.41,2396,2021-09-28 14:57:00,TCRX
8.32,8.32,8.32,8.32,100,2021-09-28 15:05:00,TCRX
8.4,8.4,8.4,8.4,100,2021-09-28 15:10:00,TCRX
8.39,8.39,8.39,8.39,100,2021-09-28 15:13:00,TCRX
8.3912,8.3912,8.3912,8.3912,120,2021-09-28 15:25:00,TCRX
8.39,8.39,8.39,8.39,100,2021-09-28 15:31:00,TCRX
8.3923,8.3923,8.3923,8.3923,240,2021-09-28 15:38:00,TCRX
8.3903,8.3903,8.3903,8.3903,100,2021-09-28 15:47:00,TCRX
8.365,8.365,8.3363,8.3363,4740,2021-09-28 15:50:00,TCRX
8.365,8.365,8.365,8.365,1000,2021-09-28 15:51:00,TCRX
8.37,8.37,8.37,8.37,100,2021-09-28 15:52:00,TCRX
8.375,8.42,8.375,8.42,200,2021-09-28 15:58:00,TCRX
8.42,8.42,8.42,8.42,100,2021-09-28 16:01:00,TCRX
8.49,8.49,8.49,8.49,100,2021-09-28 16:07:00,TCRX
8.5,8.5,8.5,8.5,802,2021-09-28 16:08:00,TCRX
8.53,8.53,8.53,8.53,100,2021-09-28 16:26:00,TCRX
8.32,8.32,8.32,8.32,100,2021-09-28 16:29:00,TCRX
8.46,8.46,8.46,8.46,300,2021-09-28 16:37:00,TCRX
8.449,8.449,8.33,8.33,951,2021-09-28 16:46:00,TCRX
8.4318,8.4318,8.4318,8.4318,500,2021-09-28 16:47:00,TCRX
8.39,8.39,8.39,8.39,100,2021-09-28 16:57:00,TCRX
8.35,8.35,8.35,8.35,300,2021-09-28 17:01:00,TCRX
8.33,8.33,8.33,8.33,400,2021-09-28 17:23:00,TCRX
8.34,8.34,8.34,8.34,100,2021-09-28 17:34:00,TCRX
8.331,8.332,8.331,8.332,250,2021-09-28 17:35:00,TCRX
8.389,8.389,8.389,8.389,100,2021-09-28 17:55:00,TCRX
8.4,8.4,8.33,8.33,1900,2021-09-28 17:56:00,TCRX
8.395,8.5,8.395,8.4791,4729,2021-09-28 17:57:00,TCRX
8.432,8.432,8.432,8.432,500,2021-09-28 18:10:00,TCRX
8.4838,8.49,8.4838,8.49,700,2021-09-28 18:25:00,TCRX
8.415,8.415,8.35,8.35,200,2021-09-28 18:33:00,TCRX
8.43,8.43,8.43,8.43,200,2021-09-28 18:41:00,TCRX
8.43,8.44,8.43,8.44,200,2021-09-28 18:43:00,TCRX
8.4999,8.4999,8.4999,8.4999,150,2021-09-28 19:06:00,TCRX
8.5,8.5,8.5,8.5,3171,2021-09-28 19:09:00,TCRX
8.52,8.52,8.52,8.52,4500,2021-09-28 19:11:00,TCRX
8.52,8.52,8.52,8.52,500,2021-09-28 19:12:00,TCRX
8.54,8.54,8.54,8.54,100,2021-09-28 19:13:00,TCRX
8.56,8.56,8.56,8.56,100,2021-09-28 19:20:00,TCRX
8.5314,8.5314,8.5314,8.5314,200,2021-09-28 19:25:00,TCRX
8.505,8.505,8.505,8.505,500,2021-09-28 19:26:00,TCRX
8.47,8.47,8.47,8.47,250,2021-09-28 19:31:00,TCRX
8.47,8.48,8.45,8.45,1687,2021-09-28 19:36:00,TCRX
8.48,8.49,8.48,8.49,400,2021-09-28 19:37:00,TCRX
8.5,8.5,8.5,8.5,500,2021-09-28 19:38:00,TCRX
8.4544,8.4544,8.4544,8.4544,200,2021-09-28 19:41:00,TCRX
8.4796,8.4796,8.4796,8.4796,550,2021-09-28 19:49:00,TCRX
8.44,8.4477,8.44,8.4477,400,2021-09-28 19:52:00,TCRX
8.415,8.415,8.415,8.415,800,2021-09-28 19:53:00,TCRX
8.38,8.38,8.38,8.38,200,2021-09-28 19:54:00,TCRX
8.435,8.5,8.435,8.5,917,2021-09-28 19:59:00,TCRX
8.47,8.47,8.47,8.47,1619,2021-09-28 20:00:00,TCRX
8.54,8.54,8.54,8.54,182,2021-09-28 21:51:00,TCRX
8.54,8.54,8.54,8.54,100,2021-09-29 11:40:00,TCRX
8.53,8.54,8.53,8.54,200,2021-09-29 12:10:00,TCRX
8.52,8.52,8.52,8.52,100,2021-09-29 13:09:00,TCRX
8.5,8.5399,8.5,8.5399,1409,2021-09-29 13:30:00,TCRX
8.54,8.54,8.54,8.54,620,2021-09-29 13:33:00,TCRX
8.52,8.52,8.5,8.5,25000,2021-09-29 13:34:00,TCRX
8.5,8.5,8.35,8.35,1762,2021-09-29 13:35:00,TCRX
8.309,8.309,8.309,8.309,1000,2021-09-29 13:36:00,TCRX
8.2826,8.2826,8.2826,8.2826,1458,2021-09-29 13:37:00,TCRX
8.26,8.28,8.26,8.2602,1417,2021-09-29 13:38:00,TCRX
8.0746,8.0746,8.0746,8.0746,100,2021-09-29 13:40:00,TCRX
8.0301,8.0323,8.0301,8.0323,1000,2021-09-29 13:41:00,TCRX
8.063,8.063,8.03,8.05,1900,2021-09-29 13:42:00,TCRX
8.05,8.05,8.05,8.05,160,2021-09-29 13:45:00,TCRX
8.1,8.1,8.1,8.1,500,2021-09-29 13:50:00,TCRX
8.1,8.1,8.1,8.1,750,2021-09-29 13:52:00,TCRX
8.23,8.23,8.23,8.23,2000,2021-09-29 13:55:00,TCRX
8.21,8.21,8.21,8.21,150,2021-09-29 13:56:00,TCRX
8.32,8.32,8.32,8.32,122,2021-09-29 13:57:00,TCRX
8.21,8.21,8.21,8.21,169,2021-09-29 13:58:00,TCRX
8.1,8.1,8.1,8.1,1500,2021-09-29 14:02:00,TCRX
8.1561,8.1561,8.1561,8.1561,300,2021-09-29 14:04:00,TCRX
8.2357,8.2357,8.2357,8.2357,195,2021-09-29 14:07:00,TCRX
8.24,8.24,8.24,8.24,2000,2021-09-29 14:17:00,TCRX
8.17,8.24,8.17,8.24,700,2021-09-29 14:19:00,TCRX
8.1801,8.1801,8.1801,8.1801,150,2021-09-29 14:23:00,TCRX
8.17,8.17,8.17,8.17,200,2021-09-29 14:24:00,TCRX
8.24,8.24,8.24,8.24,400,2021-09-29 14:30:00,TCRX
8.24,8.24,8.24,8.24,1000,2021-09-29 14:31:00,TCRX
8.2257,8.2257,8.2257,8.2257,254,2021-09-29 14:33:00,TCRX
8.1088,8.1088,8.1088,8.1088,1000,2021-09-29 14:34:00,TCRX
8.2165,8.2165,8.2165,8.2165,159,2021-09-29 14:35:00,TCRX
8.23,8.23,8.23,8.23,300,2021-09-29 14:36:00,TCRX
8.24,8.24,8.24,8.24,200,2021-09-29 14:42:00,TCRX
8.17,8.17,8.17,8.17,100,2021-09-29 14:54:00,TCRX
8.24,8.24,8.175,8.175,800,2021-09-29 15:03:00,TCRX
8.181,8.181,8.181,8.181,100,2021-09-29 15:04:00,TCRX
8.1884,8.1884,8.1884,8.1884,120,2021-09-29 15:13:00,TCRX
8.24,8.24,8.24,8.24,141,2021-09-29 15:34:00,TCRX
8.24,8.24,8.24,8.24,222,2021-09-29 15:55:00,TCRX
8.25,8.25,8.2145,8.2145,400,2021-09-29 15:58:00,TCRX
8.25,8.25,8.25,8.25,600,2021-09-29 16:02:00,TCRX
8.25,8.25,8.25,8.25,300,2021-09-29 16:06:00,TCRX
8.24,8.24,8.24,8.24,100,2021-09-29 16:11:00,TCRX
8.24,8.24,8.24,8.24,230,2021-09-29 16:13:00,TCRX
8.25,8.25,8.25,8.25,700,2021-09-29 16:16:00,TCRX
8.25,8.25,8.25,8.25,200,2021-09-29 16:25:00,TCRX
8.18,8.18,8.18,8.18,1000,2021-09-29 16:29:00,TCRX
8.13,8.25,8.13,8.215,1300,2021-09-29 16:30:00,TCRX
8.18,8.18,8.18,8.18,200,2021-09-29 16:32:00,TCRX
8.1201,8.1201,8.1201,8.1201,3000,2021-09-29 16:40:00,TCRX
8.1171,8.1171,8.1171,8.1171,1000,2021-09-29 16:43:00,TCRX
8.1437,8.1437,8.1437,8.1437,200,2021-09-29 16:58:00,TCRX
8.1186,8.1186,8.1186,8.1186,500,2021-09-29 17:26:00,TCRX
8.17,8.17,8.17,8.17,100,2021-09-29 17:33:00,TCRX
8.2201,8.2201,8.2201,8.2201,500,2021-09-29 17:37:00,TCRX
8.22,8.22,8.22,8.22,590,2021-09-29 17:38:00,TCRX
8.165,8.165,8.165,8.165,100,2021-09-29 17:45:00,TCRX
8.11,8.11,8.11,8.11,100,2021-09-29 18:14:00,TCRX
8.11,8.11,8.11,8.11,100,2021-09-29 18:19:00,TCRX
8.1425,8.1425,8.1425,8.1425,100,2021-09-29 18:53:00,TCRX
8.1769,8.1769,8.1769,8.1769,150,2021-09-29 19:06:00,TCRX
8.175,8.175,8.175,8.175,200,2021-09-29 19:10:00,TCRX
8.14,8.14,8.14,8.14,100,2021-09-29 19:13:00,TCRX
8.1696,8.1696,8.1696,8.1696,150,2021-09-29 19:23:00,TCRX
8.2073,8.21,8.2073,8.21,200,2021-09-29 19:29:00,TCRX
8.21,8.28,8.21,8.28,1172,2021-09-29 19:51:00,TCRX
8.31,8.54,8.29,8.54,2213,2021-09-29 19:52:00,TCRX
8.59,8.61,8.57,8.61,2281,2021-09-29 19:53:00,TCRX
8.64,8.64,8.4,8.56,11939,2021-09-29 19:54:00,TCRX
8.57,8.61,8.505,8.61,800,2021-09-29 19:55:00,TCRX
8.31,8.31,8.31,8.31,395,2021-09-29 19:57:00,TCRX
8.63,8.63,8.63,8.63,100,2021-09-29 19:59:00,TCRX
8.59,8.59,8.59,8.59,249,2021-09-29 20:00:00,TCRX
8.59,8.59,8.56,8.5856,957,2021-09-30 13:30:00,TCRX
8.57,8.57,8.57,8.57,100,2021-09-30 13:31:00,TCRX
8.61,8.64,8.61,8.61,1252,2021-09-30 13:37:00,TCRX
8.61,8.61,8.61,8.61,100,2021-09-30 13:41:00,TCRX
8.61,8.61,8.61,8.61,100,2021-09-30 13:44:00,TCRX
8.61,8.61,8.61,8.61,100,2021-09-30 13:50:00,TCRX
8.61,8.61,8.61,8.61,100,2021-09-30 14:00:00,TCRX
8.61,8.63,8.54,8.595,861,2021-09-30 14:02:00,TCRX
8.5401,8.5401,8.5401,8.5401,200,2021-09-30 14:03:00,TCRX
8.57,8.57,8.57,8.57,100,2021-09-30 14:12:00,TCRX
8.595,8.595,8.595,8.595,213,2021-09-30 14:16:00,TCRX
8.57,8.61,8.5,8.61,3484,2021-09-30 14:17:00,TCRX
8.48,8.48,8.25,8.25,16582,2021-09-30 14:22:00,TCRX
8.25,8.2567,8.25,8.2567,10200,2021-09-30 14:24:00,TCRX
8.26,8.26,8.26,8.26,100,2021-09-30 14:26:00,TCRX
8.26,8.26,8.2575,8.2575,385,2021-09-30 14:30:00,TCRX
8.2882,8.2882,8.2882,8.2882,100,2021-09-30 14:32:00,TCRX
8.25,8.25,8.25,8.25,300,2021-09-30 14:38:00,TCRX
8.3,8.3,8.3,8.3,100,2021-09-30 14:46:00,TCRX
8.26,8.26,8.26,8.26,200,2021-09-30 15:45:00,TCRX
8.32,8.32,8.32,8.32,200,2021-09-30 15:47:00,TCRX
8.26,8.26,8.26,8.26,200,2021-09-30 16:00:00,TCRX
8.293,8.293,8.293,8.293,100,2021-09-30 16:07:00,TCRX
8.26,8.26,8.25,8.25,718,2021-09-30 16:27:00,TCRX
8.25,8.25,8.25,8.25,1800,2021-09-30 16:31:00,TCRX
8.2971,8.2971,8.2971,8.2971,1100,2021-09-30 16:39:00,TCRX
8.2578,8.2578,8.2578,8.2578,100,2021-09-30 16:41:00,TCRX
8.26,8.26,8.25,8.25,300,2021-09-30 16:42:00,TCRX
8.25,8.25,8.25,8.25,600,2021-09-30 16:45:00,TCRX
8.28,8.28,8.28,8.28,200,2021-09-30 17:06:00,TCRX
8.2938,8.2938,8.2938,8.2938,207,2021-09-30 17:22:00,TCRX
8.28,8.28,8.28,8.28,100,2021-09-30 17:26:00,TCRX
8.26,8.2601,8.26,8.2601,500,2021-09-30 17:27:00,TCRX
8.26,8.26,8.25,8.25,848,2021-09-30 17:35:00,TCRX
8.25,8.265,8.25,8.265,302,2021-09-30 17:41:00,TCRX
8.25,8.25,8.25,8.25,600,2021-09-30 17:50:00,TCRX
8.25,8.25,8.25,8.25,2400,2021-09-30 17:55:00,TCRX
8.25,8.25,8.25,8.25,100,2021-09-30 17:59:00,TCRX
8.25,8.25,8.25,8.25,500,2021-09-30 18:04:00,TCRX
8.25,8.26,8.25,8.26,368,2021-09-30 18:12:00,TCRX
8.25,8.25,8.25,8.25,700,2021-09-30 18:14:00,TCRX
8.25,8.25,8.25,8.25,100,2021-09-30 18:19:00,TCRX
8.25,8.25,8.25,8.25,100,2021-09-30 18:21:00,TCRX
8.25,8.25,8.25,8.25,300,2021-09-30 18:24:00,TCRX
8.25,8.25,8.25,8.25,1900,2021-09-30 18:25:00,TCRX
8.25,8.25,8.25,8.25,700,2021-09-30 18:26:00,TCRX
8.25,8.25,8.25,8.25,400,2021-09-30 18:28:00,TCRX
8.26,8.26,8.26,8.26,300,2021-09-30 18:33:00,TCRX
8.28,8.28,8.28,8.28,620,2021-09-30 18:35:00,TCRX
8.26,8.26,8.26,8.26,100,2021-09-30 19:01:00,TCRX
8.26,8.26,8.26,8.26,100,2021-09-30 19:30:00,TCRX
8.26,8.26,8.26,8.26,100,2021-09-30 19:41:00,TCRX
8.33,8.33,8.33,8.33,100,2021-09-30 19:42:00,TCRX
8.33,8.33,8.33,8.33,100,2021-09-30 19:53:00,TCRX
8.33,8.33,8.33,8.33,300,2021-09-30 19:54:00,TCRX
8.27,8.27,8.27,8.27,100,2021-09-30 19:56:00,TCRX
8.39,8.4,8.3,8.3,918,2021-09-30 19:59:00,TCRX
8.34,8.34,8.34,8.34,161,2021-09-30 20:00:00,TCRX
