open,high,low,close,volume,datetime,symbol
11.58,11.58,11.58,11.58,1252,2021-06-01 13:30:00,DLHC
11.718,11.718,11.6821,11.6821,900,2021-06-01 13:35:00,DLHC
11.72,11.97,11.69,11.84,5201,2021-06-01 13:40:00,DLHC
11.85,11.85,11.8,11.8,200,2021-06-01 13:45:00,DLHC
11.825,11.825,11.8,11.8,802,2021-06-01 14:00:00,DLHC
11.8,11.84,11.8,11.84,400,2021-06-01 14:10:00,DLHC
11.6469,11.6469,11.6469,11.6469,180,2021-06-01 14:30:00,DLHC
11.52,11.52,11.52,11.52,149,2021-06-01 14:45:00,DLHC
11.44,11.44,11.4377,11.4377,400,2021-06-01 15:25:00,DLHC
11.48,11.48,11.43,11.43,855,2021-06-01 15:35:00,DLHC
11.54,11.54,11.54,11.54,182,2021-06-01 15:40:00,DLHC
11.44,11.44,11.44,11.44,130,2021-06-01 16:15:00,DLHC
11.65,11.65,11.65,11.65,108,2021-06-01 16:35:00,DLHC
11.78,11.78,11.78,11.78,247,2021-06-01 16:50:00,DLHC
11.72,11.72,11.72,11.72,100,2021-06-01 17:00:00,DLHC
11.71,11.73,11.7,11.73,1400,2021-06-01 17:15:00,DLHC
11.7,11.7,11.6727,11.6727,200,2021-06-01 17:20:00,DLHC
11.6872,11.6872,11.6872,11.6872,100,2021-06-01 17:25:00,DLHC
11.68,11.68,11.67,11.6711,717,2021-06-01 17:30:00,DLHC
11.7399,11.7399,11.7399,11.7399,166,2021-06-01 19:00:00,DLHC
11.7399,11.7399,11.7399,11.7399,500,2021-06-01 19:05:00,DLHC
11.75,11.75,11.75,11.75,200,2021-06-01 19:15:00,DLHC
11.7084,11.7084,11.7084,11.7084,109,2021-06-01 19:30:00,DLHC
11.73,11.74,11.73,11.74,200,2021-06-01 19:50:00,DLHC
11.85,11.85,11.85,11.85,201,2021-06-01 20:00:00,DLHC
11.84,11.84,11.84,11.84,208,2021-06-02 13:30:00,DLHC
11.84,11.9,11.795,11.9,1900,2021-06-02 13:35:00,DLHC
11.94,11.97,11.93,11.97,830,2021-06-02 13:50:00,DLHC
11.75,11.75,11.75,11.75,200,2021-06-02 14:05:00,DLHC
11.865,11.865,11.865,11.865,250,2021-06-02 14:40:00,DLHC
11.98,11.99,11.98,11.9897,1039,2021-06-02 15:35:00,DLHC
11.915,11.915,11.915,11.915,100,2021-06-02 15:40:00,DLHC
11.915,11.915,11.915,11.915,900,2021-06-02 15:45:00,DLHC
11.9899,11.9899,11.98,11.98,234,2021-06-02 16:25:00,DLHC
11.74,11.74,11.74,11.74,200,2021-06-02 17:00:00,DLHC
11.74,11.74,11.74,11.74,100,2021-06-02 17:05:00,DLHC
11.85,11.85,11.74,11.74,500,2021-06-02 17:40:00,DLHC
11.845,11.845,11.845,11.845,400,2021-06-02 17:50:00,DLHC
11.865,11.865,11.865,11.865,309,2021-06-02 18:10:00,DLHC
11.915,11.915,11.915,11.915,170,2021-06-02 18:40:00,DLHC
11.8956,11.8956,11.8956,11.8956,400,2021-06-02 19:05:00,DLHC
11.9669,11.9669,11.9669,11.9669,134,2021-06-02 19:50:00,DLHC
11.9,11.9,11.9,11.9,200,2021-06-03 13:30:00,DLHC
11.7525,11.7525,11.7525,11.7525,100,2021-06-03 13:35:00,DLHC
11.65,11.65,11.54,11.54,1492,2021-06-03 13:50:00,DLHC
11.67,11.7,11.67,11.7,1070,2021-06-03 14:05:00,DLHC
11.67,11.67,11.67,11.67,200,2021-06-03 14:10:00,DLHC
11.86,11.86,11.69,11.69,2171,2021-06-03 14:15:00,DLHC
11.85,11.85,11.77,11.79,1100,2021-06-03 14:20:00,DLHC
11.8014,11.86,11.8006,11.86,636,2021-06-03 14:25:00,DLHC
11.7031,11.7031,11.7031,11.7031,149,2021-06-03 15:10:00,DLHC
11.63,11.63,11.63,11.63,230,2021-06-03 15:30:00,DLHC
11.57,11.57,11.57,11.57,900,2021-06-03 15:35:00,DLHC
11.735,11.735,11.735,11.735,200,2021-06-03 15:45:00,DLHC
11.745,11.745,11.745,11.745,100,2021-06-03 16:00:00,DLHC
11.89,11.89,11.89,11.89,100,2021-06-03 16:10:00,DLHC
11.88,11.89,11.88,11.89,200,2021-06-03 16:25:00,DLHC
11.9,11.9,11.817,11.817,400,2021-06-03 16:50:00,DLHC
11.74,11.74,11.74,11.74,100,2021-06-03 16:55:00,DLHC
11.7101,11.7101,11.7101,11.7101,500,2021-06-03 17:00:00,DLHC
11.72,11.74,11.67,11.67,1000,2021-06-03 17:40:00,DLHC
11.6,11.6737,11.6,11.6737,1700,2021-06-03 18:45:00,DLHC
11.7228,11.91,11.7228,11.91,320,2021-06-03 19:35:00,DLHC
11.91,11.91,11.91,11.91,100,2021-06-03 19:45:00,DLHC
11.95,11.96,11.95,11.96,236,2021-06-03 19:50:00,DLHC
11.8203,11.99,11.8203,11.99,1660,2021-06-03 19:55:00,DLHC
12.0,12.0,12.0,12.0,751,2021-06-03 20:00:00,DLHC
12.09,12.09,12.09,12.09,196,2021-06-04 13:30:00,DLHC
11.8081,11.8081,11.8081,11.8081,400,2021-06-04 13:40:00,DLHC
11.95,12.0,11.95,12.0,300,2021-06-04 13:55:00,DLHC
12.09,12.15,12.05,12.05,2710,2021-06-04 15:30:00,DLHC
12.25,12.34,12.25,12.34,694,2021-06-04 15:40:00,DLHC
12.1,12.1,12.1,12.1,100,2021-06-04 15:55:00,DLHC
12.08,12.08,12.08,12.08,200,2021-06-04 16:50:00,DLHC
12.19,12.19,12.19,12.19,100,2021-06-04 17:35:00,DLHC
12.3,12.3,12.3,12.3,151,2021-06-04 17:40:00,DLHC
12.2999,12.2999,12.2999,12.2999,451,2021-06-04 17:45:00,DLHC
12.29,12.29,12.29,12.29,200,2021-06-04 19:30:00,DLHC
12.3,12.3,12.3,12.3,113,2021-06-04 20:00:00,DLHC
12.4,12.4,12.4,12.4,1055,2021-06-07 13:30:00,DLHC
12.3474,12.37,12.3474,12.3699,450,2021-06-07 13:50:00,DLHC
12.34,12.34,12.34,12.34,592,2021-06-07 14:00:00,DLHC
12.361,12.361,12.361,12.361,150,2021-06-07 14:25:00,DLHC
12.36,12.36,12.36,12.36,500,2021-06-07 14:40:00,DLHC
12.38,12.41,12.3797,12.41,1917,2021-06-07 14:45:00,DLHC
12.36,12.36,12.36,12.36,1000,2021-06-07 14:50:00,DLHC
12.43,12.6,12.43,12.6,4709,2021-06-07 14:55:00,DLHC
12.6,12.68,12.6,12.6797,2750,2021-06-07 15:00:00,DLHC
12.71,12.77,12.71,12.77,1000,2021-06-07 15:35:00,DLHC
12.77,12.7919,12.77,12.7919,700,2021-06-07 15:45:00,DLHC
12.7919,12.7919,12.72,12.78,400,2021-06-07 15:50:00,DLHC
12.86,12.86,12.86,12.86,100,2021-06-07 16:15:00,DLHC
12.785,12.785,12.785,12.785,190,2021-06-07 16:50:00,DLHC
12.75,12.9,12.75,12.78,3028,2021-06-07 16:55:00,DLHC
12.79,12.79,12.79,12.79,100,2021-06-07 17:25:00,DLHC
12.79,12.79,12.79,12.79,500,2021-06-07 17:30:00,DLHC
12.958,12.958,12.958,12.958,164,2021-06-07 17:45:00,DLHC
12.8,12.8,12.8,12.8,100,2021-06-07 18:05:00,DLHC
12.8837,12.8837,12.8837,12.8837,100,2021-06-07 18:10:00,DLHC
12.87,13.0,12.87,13.0,600,2021-06-07 18:40:00,DLHC
12.945,12.945,12.89,12.89,800,2021-06-07 18:45:00,DLHC
12.83,12.83,12.74,12.74,564,2021-06-07 18:55:00,DLHC
12.7868,12.7868,12.7868,12.7868,200,2021-06-07 19:25:00,DLHC
12.89,12.89,12.89,12.89,100,2021-06-07 19:30:00,DLHC
12.95,12.95,12.9497,12.9497,461,2021-06-07 19:40:00,DLHC
12.92,12.92,12.92,12.92,100,2021-06-07 19:50:00,DLHC
12.9,12.9,12.9,12.9,110,2021-06-07 20:00:00,DLHC
13.0,13.0,12.99,13.0,2665,2021-06-08 13:50:00,DLHC
13.0,13.115,13.0,13.0,2413,2021-06-08 13:55:00,DLHC
13.075,13.075,13.075,13.075,200,2021-06-08 14:00:00,DLHC
13.1387,13.1387,13.02,13.02,1200,2021-06-08 14:05:00,DLHC
13.01,13.01,13.0,13.0,1804,2021-06-08 14:10:00,DLHC
12.77,12.77,12.77,12.77,100,2021-06-08 14:20:00,DLHC
12.77,12.77,12.77,12.77,200,2021-06-08 14:25:00,DLHC
12.77,12.82,12.77,12.82,200,2021-06-08 14:30:00,DLHC
12.82,12.82,12.82,12.82,100,2021-06-08 14:35:00,DLHC
12.85,12.85,12.82,12.82,200,2021-06-08 14:40:00,DLHC
12.82,12.82,12.82,12.82,100,2021-06-08 14:45:00,DLHC
12.85,12.85,12.77,12.77,400,2021-06-08 14:50:00,DLHC
12.75,12.75,12.75,12.75,200,2021-06-08 14:55:00,DLHC
12.75,12.75,12.75,12.75,100,2021-06-08 15:00:00,DLHC
12.75,12.75,12.75,12.75,100,2021-06-08 15:05:00,DLHC
12.75,12.75,12.75,12.75,200,2021-06-08 15:10:00,DLHC
12.75,12.75,12.75,12.75,100,2021-06-08 15:15:00,DLHC
12.75,12.75,12.75,12.75,100,2021-06-08 15:20:00,DLHC
12.75,12.75,12.75,12.75,100,2021-06-08 15:25:00,DLHC
12.75,12.75,12.75,12.75,200,2021-06-08 15:30:00,DLHC
12.75,12.75,12.75,12.75,100,2021-06-08 15:35:00,DLHC
12.75,12.75,12.75,12.75,100,2021-06-08 15:40:00,DLHC
12.75,12.78,12.75,12.78,200,2021-06-08 15:45:00,DLHC
12.78,12.78,12.78,12.78,100,2021-06-08 15:50:00,DLHC
12.78,12.78,12.78,12.78,100,2021-06-08 15:55:00,DLHC
12.78,12.78,12.78,12.78,100,2021-06-08 16:00:00,DLHC
12.78,12.78,12.78,12.78,100,2021-06-08 16:05:00,DLHC
12.78,12.78,12.78,12.78,100,2021-06-08 16:10:00,DLHC
12.78,12.78,12.78,12.78,100,2021-06-08 16:15:00,DLHC
12.78,12.78,12.78,12.78,100,2021-06-08 16:20:00,DLHC
12.78,13.03,12.78,12.9,2251,2021-06-08 16:25:00,DLHC
12.9,12.91,12.9,12.9,800,2021-06-08 16:30:00,DLHC
12.87,12.87,12.8,12.8,1557,2021-06-08 16:55:00,DLHC
12.79,12.79,12.79,12.79,100,2021-06-08 17:30:00,DLHC
12.79,12.79,12.79,12.79,100,2021-06-08 17:35:00,DLHC
12.79,12.79,12.79,12.79,100,2021-06-08 17:40:00,DLHC
12.79,12.79,12.79,12.79,100,2021-06-08 17:45:00,DLHC
12.79,12.79,12.79,12.79,100,2021-06-08 17:50:00,DLHC
12.79,12.79,12.79,12.79,100,2021-06-08 17:55:00,DLHC
12.85,12.85,12.8,12.8,539,2021-06-08 18:00:00,DLHC
12.8,12.8,12.8,12.8,100,2021-06-08 18:05:00,DLHC
12.85,12.85,12.85,12.85,100,2021-06-08 18:10:00,DLHC
12.85,12.85,12.85,12.85,100,2021-06-08 18:15:00,DLHC
12.85,12.85,12.85,12.85,100,2021-06-08 18:25:00,DLHC
12.78,12.78,12.78,12.78,100,2021-06-08 18:35:00,DLHC
12.79,12.79,12.79,12.79,100,2021-06-08 18:40:00,DLHC
12.79,12.79,12.79,12.79,100,2021-06-08 18:45:00,DLHC
12.79,12.79,12.79,12.79,200,2021-06-08 18:50:00,DLHC
12.8,12.8,12.8,12.8,100,2021-06-08 18:55:00,DLHC
12.8,12.8,12.8,12.8,200,2021-06-08 19:00:00,DLHC
12.8,12.8,12.8,12.8,100,2021-06-08 19:05:00,DLHC
12.8,12.8,12.8,12.8,100,2021-06-08 19:10:00,DLHC
12.8,12.8,12.8,12.8,100,2021-06-08 19:15:00,DLHC
12.8,12.8,12.8,12.8,200,2021-06-08 19:20:00,DLHC
12.92,12.92,12.8,12.8,300,2021-06-08 19:25:00,DLHC
12.8,12.8,12.8,12.8,200,2021-06-08 19:30:00,DLHC
12.8,12.8,12.8,12.8,200,2021-06-08 19:35:00,DLHC
12.8,12.8,12.8,12.8,200,2021-06-08 19:40:00,DLHC
12.8,12.81,12.8,12.81,400,2021-06-08 19:45:00,DLHC
12.81,12.83,12.81,12.81,500,2021-06-08 19:50:00,DLHC
12.81,12.83,12.81,12.81,656,2021-06-08 19:55:00,DLHC
12.81,12.81,12.81,12.81,601,2021-06-08 20:00:00,DLHC
12.89,12.89,12.89,12.89,101,2021-06-09 13:30:00,DLHC
12.79,12.79,12.79,12.79,2500,2021-06-09 13:50:00,DLHC
12.836,12.836,12.836,12.836,850,2021-06-09 13:55:00,DLHC
12.8,12.87,12.749,12.87,300,2021-06-09 14:05:00,DLHC
12.84,12.85,12.7,12.7,2296,2021-06-09 14:15:00,DLHC
12.83,12.83,12.83,12.83,200,2021-06-09 14:20:00,DLHC
12.7,12.7,12.7,12.7,100,2021-06-09 14:30:00,DLHC
12.8011,12.85,12.8011,12.85,877,2021-06-09 14:35:00,DLHC
12.8213,12.8213,12.8213,12.8213,100,2021-06-09 14:50:00,DLHC
12.7966,12.7966,12.7966,12.7966,300,2021-06-09 15:40:00,DLHC
12.7,12.87,12.7,12.87,500,2021-06-09 16:05:00,DLHC
12.7001,12.7001,12.7001,12.7001,300,2021-06-09 16:15:00,DLHC
12.8799,12.8799,12.8799,12.8799,100,2021-06-09 16:20:00,DLHC
12.79,12.87,12.79,12.87,1100,2021-06-09 16:45:00,DLHC
12.78,12.79,12.7,12.7,1964,2021-06-09 17:45:00,DLHC
12.55,12.55,12.54,12.54,200,2021-06-09 17:55:00,DLHC
12.4534,12.4534,12.4534,12.4534,2228,2021-06-09 18:35:00,DLHC
12.5275,12.73,12.5275,12.73,700,2021-06-09 18:50:00,DLHC
12.63,12.63,12.63,12.63,100,2021-06-09 19:15:00,DLHC
12.77,12.77,12.77,12.77,217,2021-06-09 20:00:00,DLHC
12.85,12.85,12.61,12.61,500,2021-06-10 13:30:00,DLHC
12.7,12.71,12.5101,12.71,1700,2021-06-10 13:35:00,DLHC
12.57,12.57,12.57,12.57,200,2021-06-10 13:45:00,DLHC
12.46,12.46,12.46,12.46,100,2021-06-10 14:05:00,DLHC
12.546,12.558,12.46,12.558,700,2021-06-10 14:10:00,DLHC
12.54,12.54,12.54,12.54,123,2021-06-10 14:15:00,DLHC
12.51,12.51,12.51,12.51,100,2021-06-10 14:30:00,DLHC
12.51,12.51,12.51,12.51,100,2021-06-10 14:45:00,DLHC
12.44,12.44,12.44,12.44,150,2021-06-10 15:05:00,DLHC
12.4711,12.4711,12.4,12.4,600,2021-06-10 15:15:00,DLHC
12.4792,12.4792,12.4,12.4,500,2021-06-10 15:20:00,DLHC
12.4,12.4,12.4,12.4,241,2021-06-10 15:25:00,DLHC
12.4001,12.41,12.4,12.41,450,2021-06-10 15:35:00,DLHC
12.435,12.435,12.435,12.435,100,2021-06-10 15:40:00,DLHC
12.4514,12.4514,12.4514,12.4514,850,2021-06-10 15:45:00,DLHC
12.24,12.27,12.24,12.27,200,2021-06-10 15:50:00,DLHC
12.25,12.25,12.25,12.25,395,2021-06-10 16:00:00,DLHC
12.3,12.3,12.3,12.3,100,2021-06-10 16:40:00,DLHC
12.3047,12.47,12.25,12.284,5147,2021-06-10 17:35:00,DLHC
12.45,12.47,12.45,12.47,500,2021-06-10 17:45:00,DLHC
12.25,12.25,12.25,12.25,100,2021-06-10 17:50:00,DLHC
12.23,12.23,12.23,12.23,100,2021-06-10 18:00:00,DLHC
12.23,12.23,12.23,12.23,100,2021-06-10 18:10:00,DLHC
12.24,12.27,12.232,12.232,700,2021-06-10 18:35:00,DLHC
12.21,12.21,12.14,12.14,880,2021-06-10 18:55:00,DLHC
12.14,12.14,12.1145,12.1145,200,2021-06-10 19:00:00,DLHC
12.07,12.07,12.07,12.07,100,2021-06-10 19:05:00,DLHC
12.135,12.16,12.135,12.16,400,2021-06-10 19:15:00,DLHC
12.17,12.17,12.17,12.17,800,2021-06-10 19:20:00,DLHC
12.15,12.17,12.15,12.17,500,2021-06-10 19:25:00,DLHC
12.07,12.09,12.07,12.09,300,2021-06-10 19:40:00,DLHC
12.29,12.29,12.29,12.29,224,2021-06-10 19:55:00,DLHC
12.29,12.29,12.29,12.29,310,2021-06-10 20:00:00,DLHC
12.29,12.29,12.29,12.29,235,2021-06-11 13:30:00,DLHC
12.42,12.42,12.35,12.35,1100,2021-06-11 14:05:00,DLHC
12.35,12.35,12.35,12.35,200,2021-06-11 14:10:00,DLHC
12.35,12.35,12.29,12.29,398,2021-06-11 14:35:00,DLHC
12.45,12.47,12.29,12.29,2100,2021-06-11 14:45:00,DLHC
12.29,12.29,12.29,12.29,100,2021-06-11 14:55:00,DLHC
12.29,12.29,12.29,12.29,218,2021-06-11 15:10:00,DLHC
12.29,12.29,12.29,12.29,100,2021-06-11 15:40:00,DLHC
12.29,12.29,12.12,12.16,2102,2021-06-11 17:10:00,DLHC
12.15,12.15,12.15,12.15,100,2021-06-11 17:15:00,DLHC
12.16,12.16,12.16,12.16,100,2021-06-11 17:40:00,DLHC
12.1897,12.1897,12.17,12.17,200,2021-06-11 18:35:00,DLHC
12.1201,12.1201,12.1201,12.1201,114,2021-06-11 18:50:00,DLHC
12.24,12.24,12.24,12.24,197,2021-06-11 20:00:00,DLHC
12.8582,12.8582,12.26,12.26,694,2021-06-14 13:30:00,DLHC
12.36,12.36,12.36,12.36,100,2021-06-14 13:35:00,DLHC
12.435,12.435,12.435,12.435,100,2021-06-14 13:55:00,DLHC
12.38,12.38,12.38,12.38,100,2021-06-14 14:00:00,DLHC
12.48,12.48,12.48,12.48,100,2021-06-14 14:10:00,DLHC
12.49,12.49,12.49,12.49,100,2021-06-14 14:20:00,DLHC
12.48,12.48,12.48,12.48,100,2021-06-14 14:25:00,DLHC
12.39,12.39,12.38,12.3812,500,2021-06-14 14:30:00,DLHC
12.38,12.4744,12.37,12.37,1343,2021-06-14 14:55:00,DLHC
12.36,12.36,12.36,12.36,200,2021-06-14 15:00:00,DLHC
12.41,12.42,12.4067,12.42,400,2021-06-14 15:05:00,DLHC
12.49,12.64,12.49,12.64,499,2021-06-14 15:25:00,DLHC
12.8,12.8,12.8,12.8,100,2021-06-14 15:35:00,DLHC
12.9099,12.9099,12.9099,12.9099,100,2021-06-14 15:50:00,DLHC
12.83,12.83,12.83,12.83,100,2021-06-14 16:00:00,DLHC
12.8999,12.8999,12.8999,12.8999,387,2021-06-14 16:05:00,DLHC
12.66,12.66,12.66,12.66,100,2021-06-14 16:25:00,DLHC
12.4601,12.4601,12.4601,12.4601,1000,2021-06-14 16:40:00,DLHC
12.601,12.601,12.59,12.59,1100,2021-06-14 16:50:00,DLHC
12.6392,12.6392,12.6392,12.6392,2000,2021-06-14 17:05:00,DLHC
12.67,12.67,12.67,12.67,100,2021-06-14 17:15:00,DLHC
12.73,12.73,12.46,12.46,400,2021-06-14 17:40:00,DLHC
12.74,12.74,12.5,12.5,700,2021-06-14 18:40:00,DLHC
12.4501,12.4501,12.4501,12.4501,387,2021-06-14 18:55:00,DLHC
12.6,12.6,12.6,12.6,100,2021-06-14 19:00:00,DLHC
12.57,12.57,12.57,12.57,200,2021-06-14 19:15:00,DLHC
12.6,12.6,12.6,12.6,100,2021-06-14 19:30:00,DLHC
12.6,12.6,12.49,12.49,600,2021-06-14 19:45:00,DLHC
12.71,12.71,12.71,12.71,100,2021-06-14 19:50:00,DLHC
12.72,12.7334,12.72,12.7334,200,2021-06-14 19:55:00,DLHC
12.49,12.49,12.49,12.49,302,2021-06-14 20:00:00,DLHC
12.73,12.73,12.73,12.73,100,2021-06-15 14:35:00,DLHC
12.4,12.4,12.4,12.4,590,2021-06-15 15:30:00,DLHC
12.55,12.55,12.55,12.55,100,2021-06-15 16:40:00,DLHC
12.4411,12.4411,12.4411,12.4411,1500,2021-06-15 16:45:00,DLHC
12.54,12.54,12.54,12.54,278,2021-06-15 18:00:00,DLHC
12.4,12.4,12.4,12.4,200,2021-06-15 18:30:00,DLHC
12.575,12.575,12.575,12.575,100,2021-06-15 19:20:00,DLHC
12.4756,12.4756,12.4756,12.4756,200,2021-06-15 19:45:00,DLHC
12.585,12.585,12.585,12.585,100,2021-06-15 19:55:00,DLHC
12.66,12.66,12.66,12.66,330,2021-06-16 13:30:00,DLHC
12.59,12.59,12.59,12.59,100,2021-06-16 13:35:00,DLHC
12.71,12.71,12.71,12.71,110,2021-06-16 14:45:00,DLHC
12.68,12.68,12.68,12.68,100,2021-06-16 14:55:00,DLHC
12.503,12.503,12.503,12.503,950,2021-06-16 15:05:00,DLHC
12.5409,12.5409,12.5409,12.5409,130,2021-06-16 18:20:00,DLHC
12.4575,12.4575,12.4575,12.4575,480,2021-06-16 19:45:00,DLHC
12.41,12.465,12.41,12.465,1697,2021-06-16 19:50:00,DLHC
12.465,12.55,12.36,12.36,4327,2021-06-16 19:55:00,DLHC
12.36,12.36,12.36,12.36,1190,2021-06-16 20:00:00,DLHC
12.02,12.02,12.02,12.02,4394,2021-06-17 13:30:00,DLHC
12.1711,12.1711,12.1711,12.1711,200,2021-06-17 13:45:00,DLHC
12.1,12.11,11.79,11.79,5098,2021-06-17 13:55:00,DLHC
11.82,11.82,11.82,11.82,430,2021-06-17 14:05:00,DLHC
11.82,11.82,11.82,11.82,420,2021-06-17 14:10:00,DLHC
11.7788,11.945,11.7788,11.945,800,2021-06-17 14:25:00,DLHC
11.81,11.84,11.7401,11.7401,400,2021-06-17 14:50:00,DLHC
11.96,11.96,11.96,11.96,150,2021-06-17 15:00:00,DLHC
11.74,11.8312,11.66,11.67,552,2021-06-17 15:30:00,DLHC
11.8,11.8,11.8,11.8,100,2021-06-17 15:55:00,DLHC
11.8771,11.8771,11.8771,11.8771,200,2021-06-17 16:05:00,DLHC
11.59,11.59,11.59,11.59,100,2021-06-17 16:25:00,DLHC
11.81,11.84,11.61,11.64,1056,2021-06-17 16:40:00,DLHC
11.59,11.59,11.56,11.56,200,2021-06-17 17:00:00,DLHC
11.7916,11.7916,11.7916,11.7916,371,2021-06-17 17:10:00,DLHC
11.54,11.54,11.5,11.5,330,2021-06-17 17:20:00,DLHC
11.48,11.48,11.46,11.46,242,2021-06-17 17:25:00,DLHC
11.48,11.48,11.2943,11.2943,1076,2021-06-17 17:45:00,DLHC
11.3863,11.3863,11.3863,11.3863,200,2021-06-17 18:05:00,DLHC
11.24,11.24,11.24,11.24,737,2021-06-17 18:20:00,DLHC
11.26,11.26,11.26,11.26,100,2021-06-17 18:40:00,DLHC
11.345,11.345,11.345,11.345,130,2021-06-17 19:15:00,DLHC
11.24,11.44,11.24,11.44,3000,2021-06-17 19:30:00,DLHC
11.4299,11.68,11.4298,11.68,2707,2021-06-17 19:35:00,DLHC
11.65,11.65,11.65,11.65,800,2021-06-17 19:40:00,DLHC
11.55,11.72,11.55,11.69,1700,2021-06-17 19:45:00,DLHC
11.68,11.68,11.6,11.66,1200,2021-06-17 19:50:00,DLHC
11.66,11.74,11.5,11.5,2761,2021-06-17 19:55:00,DLHC
11.5,11.5,11.5,11.5,400,2021-06-17 20:00:00,DLHC
11.5,11.5,11.5,11.5,653,2021-06-18 13:30:00,DLHC
11.773,11.773,11.773,11.773,100,2021-06-18 13:45:00,DLHC
11.8,11.8,11.8,11.8,1675,2021-06-18 13:55:00,DLHC
11.52,11.5463,11.52,11.5463,1150,2021-06-18 14:10:00,DLHC
11.5486,11.5486,11.5486,11.5486,500,2021-06-18 14:35:00,DLHC
11.645,11.645,11.645,11.645,263,2021-06-18 14:40:00,DLHC
11.5,11.55,11.5,11.55,849,2021-06-18 14:45:00,DLHC
11.56,11.56,11.56,11.56,100,2021-06-18 14:55:00,DLHC
11.5809,11.5809,11.5809,11.5809,390,2021-06-18 18:55:00,DLHC
11.645,11.645,11.5763,11.5763,907,2021-06-18 19:10:00,DLHC
11.53,11.6154,11.52,11.52,1486,2021-06-18 19:35:00,DLHC
11.67,11.67,11.67,11.67,6720,2021-06-18 20:00:00,DLHC
11.59,11.59,11.59,11.59,843,2021-06-21 13:30:00,DLHC
11.2901,11.2901,11.2901,11.2901,1000,2021-06-21 13:40:00,DLHC
11.3,11.3,11.3,11.3,100,2021-06-21 13:50:00,DLHC
11.485,11.5,11.32,11.32,1372,2021-06-21 13:55:00,DLHC
11.395,11.395,11.395,11.395,100,2021-06-21 14:05:00,DLHC
11.395,11.395,11.395,11.395,100,2021-06-21 14:15:00,DLHC
11.34,11.34,11.34,11.34,100,2021-06-21 14:20:00,DLHC
11.37,11.4,11.37,11.4,1200,2021-06-21 14:30:00,DLHC
11.475,11.475,11.475,11.475,100,2021-06-21 14:40:00,DLHC
11.47,11.47,11.47,11.47,100,2021-06-21 14:50:00,DLHC
11.46,11.46,11.46,11.46,100,2021-06-21 15:00:00,DLHC
11.46,11.46,11.4,11.46,500,2021-06-21 15:05:00,DLHC
11.5,11.5,11.33,11.33,1000,2021-06-21 15:10:00,DLHC
11.415,11.45,11.415,11.45,300,2021-06-21 15:35:00,DLHC
11.4896,11.49,11.47,11.49,1600,2021-06-21 15:45:00,DLHC
11.48,11.48,11.48,11.48,100,2021-06-21 15:50:00,DLHC
11.47,11.47,11.47,11.47,100,2021-06-21 16:00:00,DLHC
11.49,11.53,11.48,11.53,1400,2021-06-21 16:10:00,DLHC
11.53,11.53,11.53,11.53,100,2021-06-21 16:30:00,DLHC
11.549,11.549,11.549,11.549,850,2021-06-21 16:40:00,DLHC
11.53,11.53,11.53,11.53,100,2021-06-21 16:55:00,DLHC
11.53,11.53,11.53,11.53,100,2021-06-21 17:10:00,DLHC
11.67,11.69,11.67,11.69,200,2021-06-21 17:25:00,DLHC
11.53,11.53,11.53,11.53,100,2021-06-21 17:45:00,DLHC
11.69,11.69,11.5301,11.5301,1100,2021-06-21 17:50:00,DLHC
11.53,11.53,11.53,11.53,100,2021-06-21 18:00:00,DLHC
11.61,11.61,11.5687,11.5687,1506,2021-06-21 18:05:00,DLHC
11.53,11.53,11.53,11.53,100,2021-06-21 18:15:00,DLHC
11.53,11.53,11.53,11.53,100,2021-06-21 18:30:00,DLHC
11.53,11.53,11.53,11.53,100,2021-06-21 18:40:00,DLHC
11.53,11.53,11.53,11.53,100,2021-06-21 18:55:00,DLHC
11.61,11.61,11.61,11.61,109,2021-06-21 19:05:00,DLHC
11.53,11.53,11.53,11.53,100,2021-06-21 19:10:00,DLHC
11.53,11.53,11.53,11.53,300,2021-06-21 19:20:00,DLHC
11.53,11.53,11.53,11.53,100,2021-06-21 19:30:00,DLHC
11.58,11.58,11.58,11.58,100,2021-06-21 19:40:00,DLHC
11.66,11.67,11.5387,11.55,1752,2021-06-21 19:50:00,DLHC
11.53,11.54,11.53,11.53,1236,2021-06-21 19:55:00,DLHC
11.53,11.53,11.53,11.53,143,2021-06-21 20:00:00,DLHC
11.47,11.47,11.47,11.47,100,2021-06-22 14:00:00,DLHC
11.7,11.7,11.7,11.7,100,2021-06-22 14:10:00,DLHC
11.9,11.94,11.9,11.94,300,2021-06-22 14:15:00,DLHC
11.48,11.48,11.48,11.48,100,2021-06-22 14:25:00,DLHC
11.695,11.695,11.695,11.695,100,2021-06-22 15:00:00,DLHC
11.75,11.75,11.75,11.75,100,2021-06-22 15:15:00,DLHC
11.75,11.75,11.75,11.75,100,2021-06-22 15:20:00,DLHC
11.7422,11.7422,11.7422,11.7422,200,2021-06-22 15:40:00,DLHC
11.75,11.75,11.73,11.73,400,2021-06-22 16:30:00,DLHC
11.71,11.71,11.71,11.71,200,2021-06-22 16:35:00,DLHC
11.72,11.72,11.71,11.72,800,2021-06-22 17:00:00,DLHC
11.72,11.72,11.72,11.72,100,2021-06-22 17:05:00,DLHC
11.72,11.72,11.72,11.72,100,2021-06-22 17:25:00,DLHC
11.71,11.71,11.71,11.71,100,2021-06-22 17:30:00,DLHC
11.72,11.72,11.72,11.72,200,2021-06-22 17:35:00,DLHC
11.72,11.72,11.72,11.72,300,2021-06-22 17:40:00,DLHC
11.71,11.72,11.71,11.72,300,2021-06-22 17:45:00,DLHC
11.71,11.71,11.71,11.71,100,2021-06-22 17:50:00,DLHC
11.71,11.71,11.71,11.71,100,2021-06-22 17:55:00,DLHC
11.71,11.71,11.7,11.7,300,2021-06-22 18:00:00,DLHC
11.7,11.7,11.7,11.7,100,2021-06-22 18:15:00,DLHC
11.69,11.69,11.69,11.69,100,2021-06-22 18:40:00,DLHC
11.69,11.69,11.69,11.69,100,2021-06-22 19:20:00,DLHC
11.69,11.69,11.69,11.69,100,2021-06-22 19:25:00,DLHC
11.72,11.72,11.72,11.72,100,2021-06-22 19:40:00,DLHC
11.71,11.72,11.7,11.72,600,2021-06-22 19:45:00,DLHC
11.5363,11.595,11.5363,11.595,1190,2021-06-22 19:50:00,DLHC
11.71,11.71,11.71,11.71,223,2021-06-22 20:00:00,DLHC
11.49,11.49,11.49,11.49,100,2021-06-23 13:35:00,DLHC
11.7,11.72,11.7,11.72,973,2021-06-23 13:40:00,DLHC
11.67,11.67,11.67,11.67,100,2021-06-23 15:50:00,DLHC
11.52,11.52,11.51,11.51,200,2021-06-23 16:30:00,DLHC
11.6,11.68,11.6,11.68,200,2021-06-23 16:40:00,DLHC
11.6,11.6,11.6,11.6,100,2021-06-23 17:45:00,DLHC
11.69,11.69,11.66,11.66,200,2021-06-23 18:50:00,DLHC
11.3647,11.3647,11.3647,11.3647,183,2021-06-23 19:30:00,DLHC
11.59,11.59,11.59,11.59,200,2021-06-23 19:35:00,DLHC
11.6,11.6,11.6,11.6,200,2021-06-23 19:50:00,DLHC
11.6,11.6,11.55,11.6,500,2021-06-23 19:55:00,DLHC
11.5,11.5,11.5,11.5,1343,2021-06-23 20:00:00,DLHC
11.45,11.45,11.45,11.45,451,2021-06-24 13:30:00,DLHC
11.45,11.45,11.45,11.45,100,2021-06-24 13:50:00,DLHC
11.6,11.6,11.6,11.6,100,2021-06-24 14:10:00,DLHC
11.495,11.495,11.495,11.495,100,2021-06-24 14:35:00,DLHC
11.66,11.66,11.66,11.66,100,2021-06-24 15:15:00,DLHC
11.51,11.51,11.51,11.51,200,2021-06-24 15:20:00,DLHC
11.66,11.69,11.57,11.57,914,2021-06-24 15:35:00,DLHC
11.51,11.51,11.51,11.51,100,2021-06-24 15:40:00,DLHC
11.51,11.51,11.49,11.51,1200,2021-06-24 15:50:00,DLHC
11.74,11.74,11.74,11.74,200,2021-06-24 16:55:00,DLHC
11.639,11.7173,11.51,11.51,1700,2021-06-24 17:15:00,DLHC
11.51,11.51,11.51,11.51,100,2021-06-24 18:15:00,DLHC
11.59,11.59,11.59,11.59,222,2021-06-24 19:55:00,DLHC
11.57,11.57,11.57,11.57,184,2021-06-24 20:00:00,DLHC
11.57,11.57,11.57,11.57,200,2021-06-25 14:00:00,DLHC
11.4,11.4,11.4,11.4,100,2021-06-25 14:05:00,DLHC
11.71,11.72,11.51,11.51,400,2021-06-25 14:40:00,DLHC
11.52,11.52,11.505,11.505,500,2021-06-25 15:15:00,DLHC
11.5024,11.5024,11.5024,11.5024,100,2021-06-25 15:50:00,DLHC
11.5944,11.5944,11.5944,11.5944,200,2021-06-25 16:05:00,DLHC
11.5,11.5,11.5,11.5,100,2021-06-25 19:10:00,DLHC
11.545,11.545,11.545,11.545,1000,2021-06-25 19:35:00,DLHC
11.5306,11.5333,11.5306,11.5333,2070,2021-06-25 19:40:00,DLHC
11.51,11.5307,11.51,11.51,2114,2021-06-25 19:45:00,DLHC
11.51,11.51,11.47,11.51,3504,2021-06-25 19:50:00,DLHC
11.51,11.51,11.47,11.51,1772,2021-06-25 19:55:00,DLHC
11.49,11.49,11.49,11.49,18354,2021-06-25 20:00:00,DLHC
11.58,11.59,11.58,11.59,2462,2021-06-28 13:30:00,DLHC
11.4045,11.4045,11.4045,11.4045,500,2021-06-28 13:40:00,DLHC
11.59,11.7513,11.5714,11.7513,2474,2021-06-28 13:45:00,DLHC
11.59,11.6,11.59,11.6,400,2021-06-28 13:50:00,DLHC
11.46,11.46,11.46,11.46,100,2021-06-28 14:25:00,DLHC
11.44,11.45,11.44,11.45,640,2021-06-28 14:50:00,DLHC
11.4894,11.4894,11.4894,11.4894,400,2021-06-28 15:00:00,DLHC
11.43,11.43,11.43,11.43,1392,2021-06-28 15:30:00,DLHC
11.43,11.43,11.43,11.43,200,2021-06-28 15:55:00,DLHC
11.44,11.45,11.44,11.45,1598,2021-06-28 16:20:00,DLHC
11.59,11.59,11.52,11.52,250,2021-06-28 18:05:00,DLHC
11.59,11.59,11.59,11.59,100,2021-06-28 18:25:00,DLHC
11.59,11.59,11.59,11.59,100,2021-06-28 18:35:00,DLHC
11.6292,11.6292,11.6292,11.6292,100,2021-06-28 18:55:00,DLHC
11.72,11.72,11.72,11.72,100,2021-06-28 19:15:00,DLHC
11.665,11.665,11.665,11.665,183,2021-06-28 19:50:00,DLHC
11.63,11.63,11.6,11.6,626,2021-06-28 19:55:00,DLHC
11.65,11.65,11.65,11.65,101,2021-06-29 13:30:00,DLHC
11.7462,11.78,11.69,11.78,1588,2021-06-29 14:05:00,DLHC
11.8,11.8,11.8,11.8,300,2021-06-29 14:10:00,DLHC
11.8,11.8,11.8,11.8,200,2021-06-29 14:15:00,DLHC
11.8,11.8,11.8,11.8,660,2021-06-29 14:20:00,DLHC
11.95,11.95,11.95,11.95,100,2021-06-29 14:30:00,DLHC
11.9323,11.9323,11.86,11.86,538,2021-06-29 14:35:00,DLHC
11.87,11.93,11.87,11.92,332,2021-06-29 15:05:00,DLHC
11.8672,11.9,11.8672,11.9,800,2021-06-29 15:10:00,DLHC
11.9475,11.9475,11.9475,11.9475,300,2021-06-29 16:25:00,DLHC
11.89,11.89,11.89,11.89,125,2021-06-29 17:05:00,DLHC
11.85,11.895,11.85,11.895,1104,2021-06-29 17:50:00,DLHC
11.85,11.85,11.85,11.85,147,2021-06-29 18:10:00,DLHC
11.825,11.825,11.825,11.825,110,2021-06-29 18:25:00,DLHC
11.8532,11.8532,11.8532,11.8532,100,2021-06-29 18:30:00,DLHC
11.8914,11.8914,11.86,11.86,359,2021-06-29 18:35:00,DLHC
11.81,11.81,11.81,11.81,300,2021-06-29 19:10:00,DLHC
11.81,11.81,11.81,11.81,100,2021-06-29 19:15:00,DLHC
11.8,11.8,11.8,11.8,100,2021-06-29 19:20:00,DLHC
11.83,11.83,11.69,11.69,719,2021-06-29 19:25:00,DLHC
11.6601,11.81,11.6601,11.8,1118,2021-06-29 19:35:00,DLHC
11.92,11.92,11.92,11.92,100,2021-06-29 19:50:00,DLHC
11.805,11.9235,11.805,11.83,1336,2021-06-29 19:55:00,DLHC
11.69,11.69,11.69,11.69,151,2021-06-29 20:00:00,DLHC
11.5522,11.5522,11.5522,11.5522,150,2021-06-30 14:35:00,DLHC
11.8,11.8,11.72,11.72,400,2021-06-30 15:55:00,DLHC
11.73,11.73,11.73,11.73,100,2021-06-30 17:50:00,DLHC
11.57,11.57,11.57,11.57,260,2021-06-30 18:25:00,DLHC
11.67,11.72,11.47,11.47,1200,2021-06-30 18:45:00,DLHC
11.68,11.68,11.68,11.68,100,2021-06-30 19:20:00,DLHC
11.69,11.69,11.69,11.69,100,2021-06-30 19:40:00,DLHC
11.67,11.67,11.67,11.67,200,2021-06-30 19:45:00,DLHC
11.67,11.68,11.67,11.68,300,2021-06-30 19:50:00,DLHC
11.68,11.69,11.68,11.69,700,2021-06-30 19:55:00,DLHC
11.68,11.68,11.68,11.68,277,2021-06-30 20:00:00,DLHC
11.7,11.7,11.7,11.7,107,2021-07-01 13:30:00,DLHC
11.5533,11.5533,11.5507,11.5507,200,2021-07-01 15:15:00,DLHC
11.76,11.76,11.55,11.55,350,2021-07-01 16:15:00,DLHC
11.68,11.68,11.68,11.68,1061,2021-07-01 17:05:00,DLHC
11.68,11.68,11.68,11.68,230,2021-07-01 17:25:00,DLHC
11.68,11.68,11.68,11.68,351,2021-07-01 17:30:00,DLHC
11.57,11.57,11.57,11.57,351,2021-07-01 17:35:00,DLHC
11.77,11.79,11.77,11.786,850,2021-07-01 18:00:00,DLHC
11.7386,11.7386,11.7386,11.7386,400,2021-07-01 19:00:00,DLHC
11.46,11.46,11.46,11.46,171,2021-07-01 19:15:00,DLHC
11.4076,11.4076,11.4076,11.4076,268,2021-07-01 19:50:00,DLHC
11.5,11.5,11.5,11.5,528,2021-07-01 20:00:00,DLHC
11.28,11.28,11.28,11.28,4273,2021-07-02 13:30:00,DLHC
11.5141,11.5141,11.5141,11.5141,850,2021-07-02 13:40:00,DLHC
11.35,11.4917,11.35,11.35,985,2021-07-02 13:45:00,DLHC
11.35,11.3975,11.35,11.3975,300,2021-07-02 14:00:00,DLHC
11.3,11.3,11.2691,11.2691,200,2021-07-02 14:05:00,DLHC
11.18,11.18,11.025,11.1378,1778,2021-07-02 14:20:00,DLHC
11.11,11.11,11.1,11.1,475,2021-07-02 15:00:00,DLHC
11.1,11.1,11.1,11.1,707,2021-07-02 15:10:00,DLHC
11.1516,11.1516,11.1516,11.1516,100,2021-07-02 15:20:00,DLHC
11.1,11.1,11.0,11.0,525,2021-07-02 17:40:00,DLHC
10.96,10.96,10.96,10.96,272,2021-07-02 18:45:00,DLHC
10.94,10.94,10.94,10.94,100,2021-07-02 19:00:00,DLHC
10.8745,10.8745,10.86,10.86,1300,2021-07-02 19:10:00,DLHC
10.83,10.8507,10.77,10.8507,872,2021-07-02 19:15:00,DLHC
10.78,10.7892,10.75,10.7611,1712,2021-07-02 19:30:00,DLHC
10.69,10.69,10.67,10.67,500,2021-07-02 19:50:00,DLHC
10.67,10.71,10.62,10.71,1100,2021-07-02 19:55:00,DLHC
10.7,10.7,10.7,10.7,606,2021-07-02 20:00:00,DLHC
10.86,10.86,10.86,10.86,100,2021-07-06 13:20:00,DLHC
10.65,10.65,10.605,10.605,670,2021-07-06 13:30:00,DLHC
10.62,10.62,10.62,10.62,290,2021-07-06 14:00:00,DLHC
10.5619,10.5619,10.5619,10.5619,150,2021-07-06 14:35:00,DLHC
10.59,10.59,10.59,10.59,125,2021-07-06 14:40:00,DLHC
10.52,10.52,10.52,10.52,239,2021-07-06 14:55:00,DLHC
10.5236,10.5236,10.52,10.52,1190,2021-07-06 15:00:00,DLHC
10.52,10.52,10.52,10.52,1524,2021-07-06 15:05:00,DLHC
10.52,10.55,10.52,10.53,600,2021-07-06 15:10:00,DLHC
10.52,10.52,10.52,10.52,250,2021-07-06 15:15:00,DLHC
10.52,10.52,10.52,10.52,200,2021-07-06 15:20:00,DLHC
10.6,10.6,10.6,10.6,200,2021-07-06 15:30:00,DLHC
10.5831,10.59,10.58,10.59,600,2021-07-06 15:50:00,DLHC
10.6,10.6,10.6,10.6,1350,2021-07-06 15:55:00,DLHC
10.61,10.6102,10.61,10.6102,200,2021-07-06 16:15:00,DLHC
10.7,10.7,10.7,10.7,5000,2021-07-06 16:25:00,DLHC
10.7,10.7,10.7,10.7,219,2021-07-06 16:45:00,DLHC
10.7,10.7,10.7,10.7,260,2021-07-06 17:10:00,DLHC
10.7,10.7,10.6966,10.7,300,2021-07-06 17:30:00,DLHC
10.9563,10.9602,10.95,10.95,300,2021-07-06 17:35:00,DLHC
10.9458,10.9458,10.9458,10.9458,100,2021-07-06 17:40:00,DLHC
10.94,10.94,10.94,10.94,100,2021-07-06 17:50:00,DLHC
10.97,10.97,10.97,10.97,100,2021-07-06 17:55:00,DLHC
10.94,10.94,10.92,10.92,300,2021-07-06 18:35:00,DLHC
10.8174,10.8174,10.8174,10.8174,142,2021-07-06 18:40:00,DLHC
10.86,10.87,10.86,10.87,298,2021-07-06 18:55:00,DLHC
10.9874,10.9874,10.9874,10.9874,100,2021-07-06 19:00:00,DLHC
10.99,10.99,10.99,10.99,100,2021-07-06 19:10:00,DLHC
10.99,10.9973,10.99,10.9973,300,2021-07-06 19:20:00,DLHC
11.0,11.13,11.0,11.128,610,2021-07-06 19:30:00,DLHC
11.13,11.13,11.1282,11.1282,200,2021-07-06 19:45:00,DLHC
11.125,11.125,11.12,11.12,200,2021-07-06 19:50:00,DLHC
11.04,11.04,11.03,11.03,255,2021-07-06 19:55:00,DLHC
10.93,10.93,10.93,10.93,361,2021-07-06 20:00:00,DLHC
11.03,11.03,10.88,10.88,348,2021-07-07 13:30:00,DLHC
10.91,10.91,10.88,10.91,700,2021-07-07 13:55:00,DLHC
10.8827,10.91,10.88,10.88,500,2021-07-07 14:00:00,DLHC
10.85,10.86,10.85,10.86,400,2021-07-07 14:05:00,DLHC
10.83,10.83,10.8,10.8,500,2021-07-07 14:15:00,DLHC
10.71,10.71,10.63,10.69,376,2021-07-07 14:30:00,DLHC
10.69,10.715,10.6027,10.6027,1049,2021-07-07 14:35:00,DLHC
10.62,10.62,10.62,10.62,100,2021-07-07 14:40:00,DLHC
10.65,10.785,10.52,10.55,4107,2021-07-07 15:50:00,DLHC
10.54,10.92,10.51,10.9,7094,2021-07-07 15:55:00,DLHC
10.52,10.52,10.52,10.52,100,2021-07-07 17:45:00,DLHC
10.53,10.62,10.53,10.6,873,2021-07-07 18:25:00,DLHC
10.75,10.75,10.75,10.75,100,2021-07-07 18:50:00,DLHC
10.75,10.92,10.75,10.92,200,2021-07-07 19:10:00,DLHC
10.93,10.93,10.93,10.93,100,2021-07-07 19:20:00,DLHC
10.6,10.6,10.6,10.6,190,2021-07-08 13:30:00,DLHC
11.03,11.03,11.03,11.03,250,2021-07-08 13:35:00,DLHC
10.67,10.67,10.602,10.602,410,2021-07-08 13:55:00,DLHC
10.79,10.79,10.79,10.79,100,2021-07-08 14:55:00,DLHC
10.86,10.91,10.84,10.84,2489,2021-07-08 15:45:00,DLHC
10.72,10.77,10.72,10.77,300,2021-07-08 17:05:00,DLHC
10.96,10.96,10.96,10.96,100,2021-07-08 17:10:00,DLHC
10.8992,10.8992,10.8992,10.8992,100,2021-07-08 19:00:00,DLHC
10.785,10.785,10.785,10.785,200,2021-07-08 19:45:00,DLHC
10.94,10.94,10.94,10.94,180,2021-07-08 19:55:00,DLHC
10.91,10.91,10.91,10.91,183,2021-07-08 20:00:00,DLHC
10.85,10.85,10.85,10.85,200,2021-07-09 13:30:00,DLHC
10.7368,10.7368,10.7368,10.7368,700,2021-07-09 15:30:00,DLHC
10.8683,10.8683,10.8683,10.8683,432,2021-07-09 16:10:00,DLHC
10.74,10.74,10.73,10.73,200,2021-07-09 16:35:00,DLHC
10.55,10.55,10.55,10.55,100,2021-07-09 17:50:00,DLHC
10.5432,10.5432,10.51,10.51,1494,2021-07-09 18:50:00,DLHC
10.52,10.52,10.52,10.52,100,2021-07-09 19:20:00,DLHC
10.57,10.57,10.57,10.57,300,2021-07-09 19:35:00,DLHC
10.59,10.59,10.59,10.59,1000,2021-07-09 19:40:00,DLHC
10.56,10.56,10.56,10.56,100,2021-07-09 19:50:00,DLHC
10.52,10.52,10.51,10.5102,994,2021-07-12 13:40:00,DLHC
10.69,10.69,10.69,10.69,100,2021-07-12 13:50:00,DLHC
10.7084,10.7084,10.7084,10.7084,250,2021-07-12 15:20:00,DLHC
10.8424,10.8465,10.8424,10.8465,500,2021-07-12 15:25:00,DLHC
10.8699,10.8699,10.8699,10.8699,1000,2021-07-12 15:45:00,DLHC
10.69,10.69,10.69,10.69,500,2021-07-12 16:20:00,DLHC
10.69,10.69,10.69,10.69,531,2021-07-12 16:25:00,DLHC
10.7,10.75,10.7,10.75,1138,2021-07-12 16:35:00,DLHC
10.7,10.7,10.7,10.7,100,2021-07-12 17:00:00,DLHC
10.7,10.8,10.69,10.8,949,2021-07-12 17:45:00,DLHC
10.665,10.7,10.665,10.665,400,2021-07-12 19:10:00,DLHC
10.685,10.685,10.6,10.64,2100,2021-07-12 19:15:00,DLHC
10.685,10.7138,10.685,10.69,450,2021-07-12 19:20:00,DLHC
10.69,10.69,10.6627,10.67,500,2021-07-12 19:25:00,DLHC
10.66,10.66,10.65,10.65,300,2021-07-12 19:35:00,DLHC
10.64,10.64,10.64,10.64,300,2021-07-12 19:45:00,DLHC
10.67,10.67,10.67,10.67,200,2021-07-12 19:50:00,DLHC
10.67,10.67,10.67,10.67,100,2021-07-12 19:55:00,DLHC
10.65,10.65,10.65,10.65,365,2021-07-12 20:00:00,DLHC
10.72,10.72,10.72,10.72,100,2021-07-13 13:30:00,DLHC
10.7,10.7,10.7,10.7,100,2021-07-13 14:10:00,DLHC
10.55,10.5673,10.51,10.5673,635,2021-07-13 17:10:00,DLHC
10.52,10.52,10.52,10.52,454,2021-07-13 17:20:00,DLHC
10.55,10.55,10.55,10.55,100,2021-07-13 17:25:00,DLHC
10.69,10.7,10.51,10.51,360,2021-07-13 18:10:00,DLHC
10.69,10.69,10.69,10.69,200,2021-07-13 18:20:00,DLHC
10.685,10.685,10.685,10.685,250,2021-07-14 14:55:00,DLHC
10.68,10.68,10.68,10.68,100,2021-07-14 15:25:00,DLHC
10.51,10.51,10.51,10.51,979,2021-07-14 16:15:00,DLHC
10.5807,10.5807,10.5807,10.5807,260,2021-07-14 16:50:00,DLHC
10.62,10.62,10.62,10.62,500,2021-07-14 17:35:00,DLHC
10.55,10.55,10.55,10.55,300,2021-07-14 19:15:00,DLHC
10.55,10.55,10.51,10.51,1074,2021-07-14 19:30:00,DLHC
10.58,10.58,10.58,10.58,100,2021-07-14 19:35:00,DLHC
10.58,10.58,10.52,10.55,416,2021-07-14 19:55:00,DLHC
10.51,10.51,10.51,10.51,158,2021-07-14 20:00:00,DLHC
10.51,10.51,10.51,10.51,629,2021-07-15 14:55:00,DLHC
10.51,10.51,10.5,10.5,1655,2021-07-15 15:40:00,DLHC
10.46,10.46,10.4,10.4,1647,2021-07-15 15:45:00,DLHC
10.455,10.455,10.455,10.455,860,2021-07-15 15:50:00,DLHC
10.49,10.49,10.49,10.49,100,2021-07-15 16:55:00,DLHC
10.44,10.44,10.44,10.44,100,2021-07-15 17:10:00,DLHC
10.435,10.435,10.435,10.435,200,2021-07-15 17:20:00,DLHC
10.435,10.46,10.435,10.46,1100,2021-07-15 17:30:00,DLHC
10.455,10.51,10.455,10.51,600,2021-07-15 17:45:00,DLHC
10.45,10.45,10.45,10.45,163,2021-07-15 18:00:00,DLHC
10.445,10.445,10.445,10.445,1000,2021-07-15 18:10:00,DLHC
10.44,10.44,10.44,10.44,100,2021-07-15 18:20:00,DLHC
10.445,10.445,10.445,10.445,100,2021-07-15 19:20:00,DLHC
10.44,10.44,10.44,10.44,100,2021-07-15 19:55:00,DLHC
10.44,10.44,10.44,10.44,233,2021-07-15 20:00:00,DLHC
10.67,10.67,10.64,10.64,300,2021-07-16 14:20:00,DLHC
10.36,10.36,10.36,10.36,104,2021-07-16 14:40:00,DLHC
10.3601,10.3601,10.3601,10.3601,100,2021-07-16 15:30:00,DLHC
10.57,10.57,10.57,10.57,100,2021-07-16 18:40:00,DLHC
10.45,10.45,10.45,10.45,859,2021-07-16 18:50:00,DLHC
10.56,10.56,10.44,10.4902,622,2021-07-16 19:05:00,DLHC
10.54,10.54,10.54,10.54,700,2021-07-16 19:20:00,DLHC
10.69,10.69,10.68,10.68,941,2021-07-16 19:35:00,DLHC
10.4,10.4,10.4,10.4,1934,2021-07-16 20:00:00,DLHC
10.35,10.35,10.35,10.35,237,2021-07-19 13:30:00,DLHC
10.37,10.44,10.37,10.435,878,2021-07-19 13:35:00,DLHC
10.62,10.62,10.62,10.62,100,2021-07-19 13:45:00,DLHC
10.48,10.48,10.48,10.48,372,2021-07-19 13:50:00,DLHC
10.48,10.48,10.48,10.48,100,2021-07-19 13:55:00,DLHC
10.47,10.47,10.47,10.47,100,2021-07-19 14:05:00,DLHC
10.66,10.66,10.58,10.62,500,2021-07-19 14:40:00,DLHC
10.63,10.63,10.62,10.62,300,2021-07-19 14:45:00,DLHC
10.61,10.659,10.61,10.614,802,2021-07-19 15:05:00,DLHC
10.68,10.68,10.68,10.68,200,2021-07-19 15:20:00,DLHC
10.69,10.69,10.69,10.69,200,2021-07-19 15:25:00,DLHC
10.666,10.666,10.666,10.666,150,2021-07-19 16:05:00,DLHC
10.69,10.69,10.69,10.69,200,2021-07-19 16:15:00,DLHC
10.69,10.69,10.69,10.69,100,2021-07-19 16:30:00,DLHC
10.65,10.65,10.65,10.65,121,2021-07-19 16:40:00,DLHC
10.61,10.61,10.61,10.61,100,2021-07-19 17:00:00,DLHC
10.6514,10.6514,10.6514,10.6514,100,2021-07-19 17:30:00,DLHC
10.67,10.67,10.67,10.67,100,2021-07-19 17:40:00,DLHC
10.67,10.67,10.67,10.67,100,2021-07-19 17:45:00,DLHC
10.65,10.65,10.65,10.65,100,2021-07-19 17:50:00,DLHC
10.65,10.65,10.65,10.65,100,2021-07-19 18:00:00,DLHC
10.69,10.69,10.69,10.69,195,2021-07-19 18:45:00,DLHC
10.674,10.674,10.645,10.645,465,2021-07-19 18:50:00,DLHC
10.67,10.67,10.67,10.67,100,2021-07-19 18:55:00,DLHC
10.69,10.69,10.6,10.6,520,2021-07-19 19:00:00,DLHC
10.68,10.68,10.68,10.68,100,2021-07-19 19:30:00,DLHC
10.497,10.497,10.391,10.4,1499,2021-07-19 19:45:00,DLHC
10.47,10.58,10.47,10.58,700,2021-07-19 19:50:00,DLHC
10.6995,10.6995,10.6995,10.6995,100,2021-07-19 19:55:00,DLHC
10.65,10.65,10.65,10.65,205,2021-07-19 20:00:00,DLHC
10.67,10.67,10.67,10.67,100,2021-07-20 13:30:00,DLHC
10.69,10.69,10.69,10.69,100,2021-07-20 14:40:00,DLHC
10.66,10.66,10.66,10.66,100,2021-07-20 15:00:00,DLHC
10.525,10.525,10.525,10.525,100,2021-07-20 15:05:00,DLHC
10.7,10.7,10.7,10.7,100,2021-07-20 15:15:00,DLHC
10.67,10.7,10.615,10.615,300,2021-07-20 15:30:00,DLHC
10.54,10.54,10.54,10.54,100,2021-07-20 15:40:00,DLHC
10.67,10.67,10.67,10.67,100,2021-07-20 16:05:00,DLHC
10.7,10.7,10.615,10.615,250,2021-07-20 16:10:00,DLHC
10.55,10.7,10.55,10.7,300,2021-07-20 16:20:00,DLHC
10.67,10.67,10.67,10.67,100,2021-07-20 16:25:00,DLHC
10.7,10.81,10.7,10.81,1273,2021-07-20 16:35:00,DLHC
10.63,10.63,10.62,10.62,200,2021-07-20 16:40:00,DLHC
10.81,10.81,10.65,10.65,200,2021-07-20 16:50:00,DLHC
10.65,10.65,10.65,10.65,100,2021-07-20 17:00:00,DLHC
10.81,10.81,10.81,10.81,100,2021-07-20 17:05:00,DLHC
10.81,10.81,10.81,10.81,100,2021-07-20 17:20:00,DLHC
10.801,10.801,10.801,10.801,100,2021-07-20 17:45:00,DLHC
10.93,10.97,10.93,10.94,1590,2021-07-20 18:35:00,DLHC
10.99,10.99,10.99,10.99,100,2021-07-20 18:55:00,DLHC
10.97,10.97,10.97,10.97,100,2021-07-20 19:10:00,DLHC
10.99,10.99,10.99,10.99,100,2021-07-20 19:25:00,DLHC
10.94,10.94,10.94,10.94,100,2021-07-20 19:30:00,DLHC
10.96,10.98,10.96,10.98,300,2021-07-20 19:35:00,DLHC
10.96,10.96,10.96,10.96,100,2021-07-20 19:40:00,DLHC
11.0,11.0,11.0,11.0,200,2021-07-20 19:45:00,DLHC
10.99,11.0,10.91,10.91,862,2021-07-20 19:55:00,DLHC
10.88,10.88,10.88,10.88,6373,2021-07-20 20:00:00,DLHC
10.83,10.83,10.83,10.83,100,2021-07-21 13:30:00,DLHC
10.67,10.67,10.66,10.66,300,2021-07-21 14:20:00,DLHC
10.75,10.75,10.75,10.75,100,2021-07-21 15:35:00,DLHC
10.745,10.745,10.745,10.745,200,2021-07-21 15:45:00,DLHC
10.74,10.74,10.74,10.74,100,2021-07-21 15:50:00,DLHC
10.74,10.74,10.74,10.74,100,2021-07-21 16:00:00,DLHC
10.73,10.74,10.73,10.73,800,2021-07-21 16:05:00,DLHC
10.73,10.74,10.73,10.74,200,2021-07-21 16:20:00,DLHC
10.73,10.75,10.73,10.73,3905,2021-07-21 16:25:00,DLHC
10.725,10.725,10.725,10.725,100,2021-07-21 17:00:00,DLHC
10.715,10.7376,10.715,10.7376,300,2021-07-21 17:40:00,DLHC
10.71,10.71,10.71,10.71,100,2021-07-21 17:55:00,DLHC
10.71,10.71,10.71,10.71,100,2021-07-21 18:15:00,DLHC
10.71,10.71,10.71,10.71,100,2021-07-21 18:30:00,DLHC
10.71,10.71,10.71,10.71,100,2021-07-21 18:45:00,DLHC
10.71,10.71,10.71,10.71,100,2021-07-21 19:00:00,DLHC
10.715,10.715,10.715,10.715,100,2021-07-21 19:15:00,DLHC
10.725,10.725,10.725,10.725,100,2021-07-21 19:25:00,DLHC
10.725,10.725,10.725,10.725,100,2021-07-21 19:35:00,DLHC
10.715,10.715,10.715,10.715,100,2021-07-21 19:45:00,DLHC
10.7,10.71,10.7,10.71,500,2021-07-21 19:55:00,DLHC
10.71,10.71,10.71,10.71,1225,2021-07-21 20:00:00,DLHC
10.87,10.87,10.71,10.755,2700,2021-07-22 16:25:00,DLHC
10.705,10.74,10.705,10.74,1204,2021-07-22 16:40:00,DLHC
10.73,10.73,10.73,10.73,100,2021-07-22 16:45:00,DLHC
10.705,10.74,10.67,10.74,600,2021-07-22 16:50:00,DLHC
10.69,10.75,10.69,10.75,1200,2021-07-22 18:45:00,DLHC
10.8302,10.8302,10.8302,10.8302,100,2021-07-22 18:55:00,DLHC
10.8379,10.8379,10.8379,10.8379,100,2021-07-22 19:45:00,DLHC
10.82,10.82,10.82,10.82,100,2021-07-22 19:50:00,DLHC
10.82,10.82,10.81,10.81,200,2021-07-22 19:55:00,DLHC
10.81,10.81,10.81,10.81,107,2021-07-22 20:00:00,DLHC
10.7532,10.7532,10.7532,10.7532,100,2021-07-23 13:40:00,DLHC
10.72,10.72,10.72,10.72,100,2021-07-23 13:45:00,DLHC
10.6301,10.6301,10.6301,10.6301,100,2021-07-23 14:20:00,DLHC
10.6455,10.6455,10.6455,10.6455,131,2021-07-23 14:25:00,DLHC
10.71,10.71,10.71,10.71,100,2021-07-23 14:50:00,DLHC
10.72,10.72,10.7,10.7,200,2021-07-23 15:05:00,DLHC
10.6816,10.6816,10.6816,10.6816,200,2021-07-23 15:25:00,DLHC
10.83,10.83,10.83,10.83,100,2021-07-23 15:30:00,DLHC
10.74,10.74,10.74,10.74,100,2021-07-23 16:15:00,DLHC
10.82,10.82,10.6627,10.6627,588,2021-07-23 17:05:00,DLHC
10.67,10.67,10.632,10.66,450,2021-07-23 17:40:00,DLHC
10.72,10.72,10.72,10.72,231,2021-07-23 19:10:00,DLHC
10.73,10.73,10.72,10.72,900,2021-07-23 19:20:00,DLHC
10.73,10.73,10.73,10.73,800,2021-07-23 19:50:00,DLHC
10.91,10.94,10.82,10.82,2079,2021-07-23 19:55:00,DLHC
