open,high,low,close,volume,datetime,symbol
2.45,2.45,2.45,2.45,343,2021-08-23 13:10:00,ACER
2.43,2.43,2.43,2.43,406,2021-08-23 13:30:00,ACER
2.42,2.45,2.42,2.45,1699,2021-08-23 13:35:00,ACER
2.45,2.46,2.45,2.46,4157,2021-08-23 13:40:00,ACER
2.47,2.49,2.47,2.48,1512,2021-08-23 13:45:00,ACER
2.4846,2.51,2.47,2.47,7705,2021-08-23 13:50:00,ACER
2.47,2.5,2.47,2.48,4135,2021-08-23 13:55:00,ACER
2.48,2.48,2.48,2.48,800,2021-08-23 14:00:00,ACER
2.47,2.47,2.4212,2.43,15372,2021-08-23 14:05:00,ACER
2.4699,2.4699,2.4699,2.4699,100,2021-08-23 14:10:00,ACER
2.4624,2.4624,2.4624,2.4624,100,2021-08-23 14:20:00,ACER
2.47,2.47,2.47,2.47,2000,2021-08-23 14:25:00,ACER
2.47,2.5,2.45,2.4938,4725,2021-08-23 14:30:00,ACER
2.45,2.4885,2.45,2.4885,5505,2021-08-23 14:35:00,ACER
2.49,2.4981,2.49,2.4981,400,2021-08-23 14:40:00,ACER
2.48,2.48,2.45,2.45,2986,2021-08-23 14:45:00,ACER
2.4518,2.4518,2.4518,2.4518,100,2021-08-23 14:50:00,ACER
2.453,2.4836,2.453,2.48,700,2021-08-23 14:55:00,ACER
2.4548,2.4548,2.4548,2.4548,200,2021-08-23 15:00:00,ACER
2.45,2.45,2.45,2.45,517,2021-08-23 15:20:00,ACER
2.49,2.49,2.49,2.49,100,2021-08-23 15:25:00,ACER
2.49,2.49,2.49,2.49,600,2021-08-23 15:30:00,ACER
2.49,2.49,2.49,2.49,160,2021-08-23 15:35:00,ACER
2.4834,2.4834,2.4834,2.4834,100,2021-08-23 15:40:00,ACER
2.49,2.49,2.46,2.46,317,2021-08-23 16:05:00,ACER
2.46,2.46,2.46,2.46,100,2021-08-23 16:10:00,ACER
2.49,2.49,2.47,2.47,1200,2021-08-23 17:05:00,ACER
2.49,2.49,2.49,2.49,100,2021-08-23 17:10:00,ACER
2.48,2.48,2.48,2.48,2450,2021-08-23 17:20:00,ACER
2.48,2.49,2.48,2.49,1400,2021-08-23 17:30:00,ACER
2.4701,2.49,2.47,2.49,640,2021-08-23 17:35:00,ACER
2.4899,2.4899,2.4899,2.4899,200,2021-08-23 17:45:00,ACER
2.49,2.49,2.48,2.48,700,2021-08-23 17:50:00,ACER
2.48,2.48,2.48,2.48,100,2021-08-23 18:05:00,ACER
2.48,2.48,2.48,2.48,100,2021-08-23 18:15:00,ACER
2.48,2.48,2.47,2.48,300,2021-08-23 18:20:00,ACER
2.48,2.5,2.48,2.5,1225,2021-08-23 18:35:00,ACER
2.51,2.51,2.5025,2.5025,4249,2021-08-23 18:40:00,ACER
2.51,2.51,2.51,2.51,600,2021-08-23 18:45:00,ACER
2.51,2.51,2.51,2.51,1490,2021-08-23 18:55:00,ACER
2.5,2.5,2.48,2.5,3003,2021-08-23 19:15:00,ACER
2.46,2.48,2.46,2.48,944,2021-08-23 19:25:00,ACER
2.5,2.5,2.5,2.5,130,2021-08-23 19:30:00,ACER
2.5,2.5,2.5,2.5,200,2021-08-23 19:35:00,ACER
2.475,2.475,2.475,2.475,100,2021-08-23 19:40:00,ACER
2.48,2.5,2.48,2.5,850,2021-08-23 19:50:00,ACER
2.48,2.48,2.48,2.48,100,2021-08-23 19:55:00,ACER
2.45,2.45,2.45,2.45,961,2021-08-23 20:00:00,ACER
2.46,2.46,2.46,2.46,710,2021-08-23 22:50:00,ACER
2.6,2.6,2.6,2.6,450,2021-08-24 08:25:00,ACER
2.61,2.8,2.61,2.8,1700,2021-08-24 08:30:00,ACER
2.77,2.77,2.77,2.77,270,2021-08-24 08:35:00,ACER
2.7,2.7,2.6,2.6,3000,2021-08-24 08:50:00,ACER
2.6,2.6,2.55,2.55,1054,2021-08-24 08:55:00,ACER
2.51,2.51,2.51,2.51,225,2021-08-24 09:10:00,ACER
2.5,2.5,2.5,2.5,298,2021-08-24 09:50:00,ACER
2.46,2.46,2.46,2.46,170,2021-08-24 11:00:00,ACER
2.41,2.41,2.41,2.41,100,2021-08-24 11:20:00,ACER
2.43,2.43,2.42,2.42,1904,2021-08-24 11:35:00,ACER
2.48,2.48,2.48,2.48,540,2021-08-24 13:30:00,ACER
2.48,2.48,2.47,2.48,1700,2021-08-24 13:40:00,ACER
2.48,2.48,2.48,2.48,800,2021-08-24 13:45:00,ACER
2.4701,2.48,2.47,2.47,875,2021-08-24 13:50:00,ACER
2.48,2.48,2.48,2.48,100,2021-08-24 14:00:00,ACER
2.48,2.5,2.48,2.5,300,2021-08-24 14:10:00,ACER
2.5,2.5,2.5,2.5,1641,2021-08-24 14:25:00,ACER
2.5,2.5,2.5,2.5,2361,2021-08-24 14:30:00,ACER
2.4801,2.4801,2.4801,2.4801,150,2021-08-24 14:35:00,ACER
2.5,2.5,2.5,2.5,156,2021-08-24 14:40:00,ACER
2.4953,2.4953,2.4953,2.4953,1000,2021-08-24 14:55:00,ACER
2.5,2.5,2.5,2.5,2100,2021-08-24 15:00:00,ACER
2.5,2.5,2.5,2.5,1212,2021-08-24 15:05:00,ACER
2.5265,2.5265,2.52,2.52,600,2021-08-24 15:10:00,ACER
2.52,2.52,2.52,2.52,100,2021-08-24 15:15:00,ACER
2.4833,2.52,2.4833,2.52,400,2021-08-24 15:20:00,ACER
2.4808,2.52,2.4808,2.4981,2465,2021-08-24 15:40:00,ACER
2.48,2.48,2.48,2.48,100,2021-08-24 16:10:00,ACER
2.5,2.51,2.49,2.49,1825,2021-08-24 16:15:00,ACER
2.49,2.5,2.49,2.5,900,2021-08-24 16:40:00,ACER
2.49,2.49,2.49,2.49,300,2021-08-24 16:45:00,ACER
2.5,2.5,2.5,2.5,1000,2021-08-24 16:55:00,ACER
2.51,2.52,2.51,2.52,500,2021-08-24 17:05:00,ACER
2.52,2.52,2.52,2.52,200,2021-08-24 17:10:00,ACER
2.5273,2.53,2.5272,2.53,1903,2021-08-24 17:15:00,ACER
2.53,2.53,2.5214,2.5214,3434,2021-08-24 17:20:00,ACER
2.53,2.53,2.53,2.53,800,2021-08-24 17:25:00,ACER
2.53,2.53,2.53,2.53,150,2021-08-24 17:30:00,ACER
2.54,2.54,2.53,2.5306,3081,2021-08-24 17:35:00,ACER
2.53,2.5301,2.53,2.5301,1100,2021-08-24 17:40:00,ACER
2.535,2.55,2.535,2.55,9706,2021-08-24 17:45:00,ACER
2.55,2.55,2.5401,2.5401,872,2021-08-24 18:00:00,ACER
2.5441,2.5441,2.5441,2.5441,100,2021-08-24 18:15:00,ACER
2.54,2.54,2.52,2.531,1899,2021-08-24 18:20:00,ACER
2.5301,2.5301,2.5301,2.5301,1500,2021-08-24 18:35:00,ACER
2.5599,2.5599,2.5599,2.5599,3500,2021-08-24 18:50:00,ACER
2.56,2.56,2.53,2.53,300,2021-08-24 19:05:00,ACER
2.54,2.54,2.5302,2.5302,538,2021-08-24 19:15:00,ACER
2.55,2.55,2.5356,2.5356,626,2021-08-24 19:30:00,ACER
2.5699,2.57,2.5699,2.57,1126,2021-08-24 19:35:00,ACER
2.54,2.57,2.54,2.57,200,2021-08-24 19:50:00,ACER
2.56,2.56,2.56,2.56,215,2021-08-24 19:55:00,ACER
2.56,2.56,2.56,2.56,633,2021-08-24 20:00:00,ACER
2.54,2.54,2.54,2.54,221,2021-08-25 13:30:00,ACER
2.56,2.57,2.56,2.57,300,2021-08-25 13:40:00,ACER
2.56,2.57,2.56,2.57,3200,2021-08-25 13:45:00,ACER
2.59,2.59,2.59,2.59,100,2021-08-25 14:05:00,ACER
2.58,2.58,2.57,2.57,300,2021-08-25 14:20:00,ACER
2.57,2.57,2.57,2.57,1000,2021-08-25 14:30:00,ACER
2.5601,2.5601,2.5601,2.5601,500,2021-08-25 14:40:00,ACER
2.59,2.59,2.59,2.59,500,2021-08-25 14:45:00,ACER
2.59,2.6293,2.58,2.6293,5885,2021-08-25 14:50:00,ACER
2.6,2.6,2.59,2.6,1300,2021-08-25 14:55:00,ACER
2.6,2.61,2.5844,2.6,4397,2021-08-25 15:10:00,ACER
2.5972,2.6,2.5972,2.6,1195,2021-08-25 15:15:00,ACER
2.6,2.6,2.6,2.6,1000,2021-08-25 15:35:00,ACER
2.62,2.62,2.6128,2.6128,370,2021-08-25 15:45:00,ACER
2.63,2.63,2.63,2.63,4500,2021-08-25 15:55:00,ACER
2.63,2.63,2.63,2.63,400,2021-08-25 16:05:00,ACER
2.64,2.64,2.64,2.64,100,2021-08-25 16:10:00,ACER
2.64,2.65,2.6301,2.65,1200,2021-08-25 16:15:00,ACER
2.65,2.65,2.65,2.65,196,2021-08-25 16:20:00,ACER
2.646,2.646,2.646,2.646,100,2021-08-25 16:30:00,ACER
2.65,2.66,2.65,2.66,2939,2021-08-25 16:35:00,ACER
2.66,2.66,2.66,2.66,100,2021-08-25 16:40:00,ACER
2.66,2.66,2.65,2.65,1645,2021-08-25 17:05:00,ACER
2.65,2.65,2.65,2.65,545,2021-08-25 17:20:00,ACER
2.65,2.66,2.65,2.66,1500,2021-08-25 17:30:00,ACER
2.65,2.66,2.65,2.65,400,2021-08-25 17:35:00,ACER
2.65,2.65,2.65,2.65,220,2021-08-25 17:40:00,ACER
2.65,2.65,2.65,2.65,300,2021-08-25 17:45:00,ACER
2.65,2.6504,2.65,2.65,1820,2021-08-25 17:50:00,ACER
2.6699,2.6699,2.6699,2.6699,1250,2021-08-25 18:05:00,ACER
2.65,2.65,2.65,2.65,100,2021-08-25 18:30:00,ACER
2.635,2.635,2.635,2.635,200,2021-08-25 18:40:00,ACER
2.62,2.63,2.62,2.62,3418,2021-08-25 19:10:00,ACER
2.62,2.62,2.62,2.62,100,2021-08-25 19:20:00,ACER
2.64,2.64,2.62,2.62,1387,2021-08-25 19:35:00,ACER
2.62,2.62,2.6,2.61,4529,2021-08-25 19:40:00,ACER
2.6,2.6,2.59,2.59,8100,2021-08-25 19:45:00,ACER
2.59,2.59,2.58,2.58,5149,2021-08-25 19:50:00,ACER
2.6,2.6,2.58,2.58,1200,2021-08-25 19:55:00,ACER
2.58,2.58,2.58,2.58,2352,2021-08-25 20:00:00,ACER
2.58,2.58,2.58,2.58,100,2021-08-25 20:15:00,ACER
2.55,2.55,2.55,2.55,100,2021-08-25 20:35:00,ACER
2.7,2.7,2.7,2.7,143,2021-08-26 11:00:00,ACER
2.63,2.63,2.63,2.63,100,2021-08-26 11:40:00,ACER
2.6,2.6,2.6,2.6,100,2021-08-26 13:25:00,ACER
2.6,2.63,2.6,2.622,589,2021-08-26 13:30:00,ACER
2.63,2.63,2.6248,2.6248,1300,2021-08-26 13:35:00,ACER
2.6201,2.6201,2.6201,2.6201,1250,2021-08-26 13:45:00,ACER
2.64,2.65,2.63,2.65,5294,2021-08-26 14:00:00,ACER
2.654,2.69,2.654,2.66,2524,2021-08-26 14:05:00,ACER
2.69,2.69,2.68,2.68,200,2021-08-26 14:10:00,ACER
2.655,2.655,2.655,2.655,300,2021-08-26 14:15:00,ACER
2.668,2.668,2.668,2.668,1200,2021-08-26 14:25:00,ACER
2.67,2.67,2.669,2.669,4000,2021-08-26 14:30:00,ACER
2.6439,2.66,2.6439,2.66,725,2021-08-26 14:40:00,ACER
2.61,2.63,2.61,2.61,1714,2021-08-26 14:50:00,ACER
2.61,2.61,2.61,2.61,421,2021-08-26 14:55:00,ACER
2.5471,2.5471,2.5471,2.5471,200,2021-08-26 15:00:00,ACER
2.58,2.59,2.58,2.59,5011,2021-08-26 15:05:00,ACER
2.59,2.59,2.59,2.59,200,2021-08-26 15:15:00,ACER
2.6,2.6,2.58,2.58,986,2021-08-26 15:20:00,ACER
2.58,2.58,2.58,2.58,1845,2021-08-26 15:25:00,ACER
2.58,2.58,2.58,2.58,700,2021-08-26 15:30:00,ACER
2.58,2.58,2.58,2.58,1339,2021-08-26 15:35:00,ACER
2.61,2.61,2.61,2.61,100,2021-08-26 15:40:00,ACER
2.61,2.61,2.61,2.61,600,2021-08-26 16:05:00,ACER
2.6399,2.6399,2.6399,2.6399,114,2021-08-26 16:15:00,ACER
2.64,2.64,2.64,2.64,400,2021-08-26 16:25:00,ACER
2.64,2.64,2.64,2.64,100,2021-08-26 16:35:00,ACER
2.625,2.625,2.625,2.625,100,2021-08-26 16:40:00,ACER
2.64,2.64,2.64,2.64,100,2021-08-26 16:55:00,ACER
2.625,2.625,2.59,2.6106,11200,2021-08-26 17:00:00,ACER
2.61,2.61,2.61,2.61,2500,2021-08-26 17:20:00,ACER
2.61,2.61,2.61,2.61,200,2021-08-26 17:35:00,ACER
2.6,2.6,2.59,2.59,1600,2021-08-26 17:40:00,ACER
2.5801,2.6,2.5801,2.5811,739,2021-08-26 17:55:00,ACER
2.58,2.6,2.5601,2.5601,7085,2021-08-26 18:10:00,ACER
2.58,2.58,2.58,2.58,200,2021-08-26 18:35:00,ACER
2.58,2.58,2.58,2.58,100,2021-08-26 19:30:00,ACER
2.56,2.56,2.55,2.56,2100,2021-08-26 19:35:00,ACER
2.54,2.542,2.52,2.54,7182,2021-08-26 19:45:00,ACER
2.53,2.56,2.53,2.56,2100,2021-08-26 19:50:00,ACER
2.55,2.55,2.55,2.55,100,2021-08-26 19:55:00,ACER
2.57,2.57,2.57,2.57,527,2021-08-26 20:00:00,ACER
2.56,2.6,2.56,2.6,886,2021-08-27 13:30:00,ACER
2.59,2.59,2.59,2.59,150,2021-08-27 13:35:00,ACER
2.6,2.6,2.6,2.6,607,2021-08-27 13:45:00,ACER
2.59,2.59,2.57,2.57,4082,2021-08-27 14:00:00,ACER
2.56,2.56,2.56,2.56,400,2021-08-27 14:05:00,ACER
2.55,2.55,2.55,2.55,800,2021-08-27 14:15:00,ACER
2.5901,2.5901,2.59,2.59,300,2021-08-27 14:25:00,ACER
2.5803,2.5803,2.5803,2.5803,100,2021-08-27 14:30:00,ACER
2.6035,2.6035,2.6035,2.6035,3600,2021-08-27 14:40:00,ACER
2.61,2.61,2.61,2.61,400,2021-08-27 14:45:00,ACER
2.61,2.61,2.6,2.6,2786,2021-08-27 14:50:00,ACER
2.59,2.59,2.54,2.58,1594,2021-08-27 14:55:00,ACER
2.58,2.58,2.58,2.58,800,2021-08-27 15:10:00,ACER
2.58,2.58,2.58,2.58,700,2021-08-27 15:20:00,ACER
2.62,2.62,2.61,2.61,495,2021-08-27 15:35:00,ACER
2.62,2.62,2.59,2.59,400,2021-08-27 15:45:00,ACER
2.6,2.6,2.6,2.6,2450,2021-08-27 15:50:00,ACER
2.581,2.581,2.581,2.581,102,2021-08-27 16:05:00,ACER
2.61,2.61,2.61,2.61,200,2021-08-27 16:10:00,ACER
2.58,2.58,2.58,2.58,200,2021-08-27 16:20:00,ACER
2.57,2.57,2.57,2.57,100,2021-08-27 16:35:00,ACER
2.6,2.61,2.6,2.61,1955,2021-08-27 16:45:00,ACER
2.57,2.58,2.57,2.58,1784,2021-08-27 16:50:00,ACER
2.563,2.59,2.56,2.59,400,2021-08-27 17:20:00,ACER
2.62,2.62,2.595,2.62,5500,2021-08-27 17:45:00,ACER
2.619,2.619,2.57,2.57,5418,2021-08-27 17:50:00,ACER
2.61,2.6199,2.6,2.619,2600,2021-08-27 18:00:00,ACER
2.6135,2.62,2.6135,2.62,2750,2021-08-27 18:25:00,ACER
2.61,2.62,2.61,2.618,1800,2021-08-27 18:45:00,ACER
2.61,2.618,2.61,2.618,700,2021-08-27 18:50:00,ACER
2.62,2.63,2.62,2.63,553,2021-08-27 19:00:00,ACER
2.63,2.63,2.63,2.63,307,2021-08-27 19:20:00,ACER
2.63,2.63,2.63,2.63,200,2021-08-27 19:30:00,ACER
2.59,2.59,2.585,2.59,2969,2021-08-27 19:35:00,ACER
2.61,2.61,2.61,2.61,300,2021-08-27 19:45:00,ACER
2.57,2.57,2.57,2.57,200,2021-08-27 19:50:00,ACER
2.58,2.58,2.55,2.57,6817,2021-08-27 19:55:00,ACER
2.54,2.54,2.54,2.54,729,2021-08-27 20:00:00,ACER
2.51,2.51,2.46,2.46,500,2021-08-30 08:25:00,ACER
2.48,2.48,2.48,2.48,100,2021-08-30 12:45:00,ACER
2.55,2.62,2.54,2.62,1740,2021-08-30 13:30:00,ACER
2.545,2.545,2.545,2.545,400,2021-08-30 13:35:00,ACER
2.59,2.59,2.59,2.59,305,2021-08-30 13:45:00,ACER
2.54,2.5671,2.53,2.5671,1700,2021-08-30 13:50:00,ACER
2.53,2.54,2.53,2.532,526,2021-08-30 14:00:00,ACER
2.5301,2.5301,2.5301,2.5301,1000,2021-08-30 14:10:00,ACER
2.53,2.53,2.53,2.53,175,2021-08-30 14:35:00,ACER
2.55,2.58,2.55,2.58,775,2021-08-30 14:45:00,ACER
2.57,2.57,2.57,2.57,280,2021-08-30 15:10:00,ACER
2.56,2.56,2.555,2.56,1200,2021-08-30 15:30:00,ACER
2.5589,2.56,2.5589,2.56,460,2021-08-30 15:35:00,ACER
2.55,2.55,2.55,2.55,500,2021-08-30 15:40:00,ACER
2.56,2.56,2.56,2.56,700,2021-08-30 15:45:00,ACER
2.55,2.55,2.55,2.55,300,2021-08-30 15:55:00,ACER
2.57,2.57,2.5652,2.5652,800,2021-08-30 16:00:00,ACER
2.583,2.583,2.57,2.57,800,2021-08-30 16:15:00,ACER
2.5739,2.5739,2.5739,2.5739,499,2021-08-30 16:20:00,ACER
2.56,2.56,2.56,2.56,2008,2021-08-30 16:30:00,ACER
2.55,2.55,2.55,2.55,200,2021-08-30 16:40:00,ACER
2.57,2.5853,2.56,2.5853,2749,2021-08-30 16:45:00,ACER
2.58,2.58,2.58,2.58,100,2021-08-30 17:15:00,ACER
2.57,2.57,2.55,2.55,2200,2021-08-30 17:35:00,ACER
2.56,2.56,2.56,2.56,400,2021-08-30 17:40:00,ACER
2.59,2.59,2.59,2.59,200,2021-08-30 17:55:00,ACER
2.5884,2.5884,2.5884,2.5884,800,2021-08-30 18:15:00,ACER
2.59,2.59,2.55,2.55,1100,2021-08-30 18:40:00,ACER
2.55,2.55,2.54,2.55,3473,2021-08-30 18:50:00,ACER
2.55,2.55,2.55,2.55,666,2021-08-30 18:55:00,ACER
2.54,2.55,2.54,2.55,4583,2021-08-30 19:00:00,ACER
2.55,2.55,2.55,2.55,100,2021-08-30 19:05:00,ACER
2.54,2.55,2.54,2.55,400,2021-08-30 19:15:00,ACER
2.54,2.55,2.54,2.55,400,2021-08-30 19:20:00,ACER
2.57,2.57,2.57,2.57,200,2021-08-30 19:35:00,ACER
2.53,2.5662,2.53,2.5662,900,2021-08-30 19:50:00,ACER
2.53,2.53,2.53,2.53,550,2021-08-30 20:00:00,ACER
2.49,2.49,2.45,2.45,1834,2021-08-30 20:05:00,ACER
2.47,2.47,2.45,2.45,1110,2021-08-30 20:45:00,ACER
2.57,2.57,2.57,2.57,100,2021-08-30 23:45:00,ACER
2.51,2.6,2.51,2.6,477,2021-08-31 13:30:00,ACER
2.552,2.552,2.552,2.552,300,2021-08-31 13:35:00,ACER
2.6,2.62,2.6,2.62,200,2021-08-31 13:40:00,ACER
2.58,2.6,2.58,2.6,1400,2021-08-31 13:50:00,ACER
2.6099,2.6099,2.6099,2.6099,4000,2021-08-31 14:00:00,ACER
2.5501,2.5501,2.5501,2.5501,100,2021-08-31 14:05:00,ACER
2.6,2.61,2.55,2.55,5151,2021-08-31 14:30:00,ACER
2.55,2.5514,2.55,2.5514,331,2021-08-31 14:35:00,ACER
2.57,2.57,2.57,2.57,1500,2021-08-31 14:40:00,ACER
2.57,2.57,2.57,2.57,300,2021-08-31 14:45:00,ACER
2.57,2.57,2.57,2.57,250,2021-08-31 14:50:00,ACER
2.6099,2.6099,2.55,2.55,1035,2021-08-31 15:05:00,ACER
2.57,2.57,2.57,2.57,400,2021-08-31 15:15:00,ACER
2.57,2.58,2.57,2.57,1200,2021-08-31 15:30:00,ACER
2.61,2.61,2.61,2.61,100,2021-08-31 15:45:00,ACER
2.58,2.58,2.58,2.58,490,2021-08-31 15:55:00,ACER
2.595,2.595,2.595,2.595,2452,2021-08-31 16:20:00,ACER
2.59,2.59,2.59,2.59,1573,2021-08-31 16:25:00,ACER
2.58,2.6143,2.58,2.6143,2950,2021-08-31 16:30:00,ACER
2.5901,2.5901,2.5901,2.5901,1000,2021-08-31 16:35:00,ACER
2.605,2.605,2.605,2.605,300,2021-08-31 16:45:00,ACER
2.59,2.59,2.59,2.59,300,2021-08-31 17:10:00,ACER
2.59,2.61,2.59,2.61,500,2021-08-31 17:20:00,ACER
2.62,2.62,2.62,2.62,3800,2021-08-31 18:05:00,ACER
2.61,2.6118,2.61,2.61,3860,2021-08-31 18:15:00,ACER
2.61,2.63,2.61,2.61,2178,2021-08-31 18:35:00,ACER
2.6,2.61,2.6,2.6,1471,2021-08-31 18:45:00,ACER
2.59,2.62,2.59,2.62,500,2021-08-31 19:05:00,ACER
2.59,2.59,2.58,2.58,5199,2021-08-31 19:25:00,ACER
2.61,2.62,2.61,2.62,400,2021-08-31 19:45:00,ACER
2.62,2.62,2.62,2.62,787,2021-08-31 19:50:00,ACER
2.63,2.63,2.63,2.63,6305,2021-08-31 20:00:00,ACER
2.65,2.65,2.65,2.65,500,2021-08-31 22:50:00,ACER
2.65,2.65,2.65,2.65,200,2021-08-31 23:15:00,ACER
2.62,2.62,2.62,2.62,100,2021-09-01 12:45:00,ACER
2.7,2.7,2.7,2.7,1000,2021-09-01 12:55:00,ACER
2.69,2.69,2.69,2.69,460,2021-09-01 13:00:00,ACER
2.66,2.66,2.66,2.66,214,2021-09-01 13:30:00,ACER
2.67,2.69,2.67,2.69,585,2021-09-01 13:35:00,ACER
2.682,2.69,2.682,2.69,415,2021-09-01 13:40:00,ACER
2.67,2.67,2.66,2.66,400,2021-09-01 13:45:00,ACER
2.6791,2.68,2.6791,2.68,600,2021-09-01 13:50:00,ACER
2.6801,2.6801,2.6801,2.6801,819,2021-09-01 13:55:00,ACER
2.691,2.691,2.67,2.67,1014,2021-09-01 14:00:00,ACER
2.6736,2.6736,2.6736,2.6736,155,2021-09-01 14:05:00,ACER
2.67,2.68,2.67,2.68,1067,2021-09-01 14:15:00,ACER
2.6701,2.6701,2.6701,2.6701,1120,2021-09-01 14:35:00,ACER
2.68,2.68,2.68,2.68,400,2021-09-01 14:40:00,ACER
2.69,2.72,2.69,2.71,5198,2021-09-01 14:45:00,ACER
2.71,2.71,2.6801,2.6801,2394,2021-09-01 14:50:00,ACER
2.7,2.7,2.7,2.7,100,2021-09-01 15:10:00,ACER
2.69,2.72,2.69,2.72,3700,2021-09-01 15:20:00,ACER
2.72,2.73,2.69,2.72,9887,2021-09-01 15:25:00,ACER
2.7,2.7,2.69,2.69,200,2021-09-01 15:40:00,ACER
2.69,2.69,2.69,2.69,200,2021-09-01 16:10:00,ACER
2.69,2.69,2.69,2.69,100,2021-09-01 16:15:00,ACER
2.6701,2.69,2.6701,2.68,3560,2021-09-01 16:25:00,ACER
2.69,2.69,2.69,2.69,100,2021-09-01 16:35:00,ACER
2.67,2.67,2.67,2.67,100,2021-09-01 16:55:00,ACER
2.68,2.68,2.68,2.68,200,2021-09-01 17:05:00,ACER
2.68,2.68,2.6712,2.6712,683,2021-09-01 17:10:00,ACER
2.6701,2.6701,2.6701,2.6701,100,2021-09-01 17:20:00,ACER
2.69,2.69,2.69,2.69,200,2021-09-01 17:35:00,ACER
2.69,2.69,2.69,2.69,100,2021-09-01 17:50:00,ACER
2.6899,2.69,2.685,2.69,997,2021-09-01 18:00:00,ACER
2.69,2.69,2.67,2.67,300,2021-09-01 18:20:00,ACER
2.67,2.67,2.67,2.67,300,2021-09-01 18:35:00,ACER
2.6718,2.6718,2.6718,2.6718,100,2021-09-01 18:40:00,ACER
2.6716,2.68,2.6716,2.68,200,2021-09-01 18:45:00,ACER
2.69,2.69,2.69,2.69,200,2021-09-01 18:50:00,ACER
2.67,2.67,2.65,2.65,5332,2021-09-01 19:00:00,ACER
2.66,2.66,2.66,2.66,300,2021-09-01 19:05:00,ACER
2.66,2.68,2.66,2.68,400,2021-09-01 19:10:00,ACER
2.69,2.69,2.69,2.69,1220,2021-09-01 19:30:00,ACER
2.689,2.7,2.689,2.7,1100,2021-09-01 19:35:00,ACER
2.69,2.69,2.69,2.69,1878,2021-09-01 19:40:00,ACER
2.69,2.69,2.69,2.69,300,2021-09-01 19:45:00,ACER
2.69,2.69,2.69,2.69,195,2021-09-01 19:55:00,ACER
2.7,2.7,2.7,2.7,1867,2021-09-01 20:00:00,ACER
2.7,2.7,2.7,2.7,200,2021-09-01 20:35:00,ACER
2.62,2.62,2.6,2.6,533,2021-09-02 13:05:00,ACER
2.68,2.79,2.68,2.79,9111,2021-09-02 13:30:00,ACER
2.74,2.74,2.74,2.74,400,2021-09-02 13:40:00,ACER
2.6601,2.6601,2.6601,2.6601,120,2021-09-02 14:05:00,ACER
2.71,2.71,2.71,2.71,800,2021-09-02 14:10:00,ACER
2.685,2.685,2.685,2.685,247,2021-09-02 14:15:00,ACER
2.69,2.69,2.69,2.69,223,2021-09-02 14:25:00,ACER
2.68,2.68,2.68,2.68,120,2021-09-02 14:30:00,ACER
2.7,2.7,2.7,2.7,250,2021-09-02 14:35:00,ACER
2.7,2.7,2.7,2.7,400,2021-09-02 15:00:00,ACER
2.7,2.7,2.7,2.7,700,2021-09-02 15:10:00,ACER
2.68,2.68,2.65,2.66,4810,2021-09-02 15:15:00,ACER
2.66,2.66,2.66,2.66,12223,2021-09-02 15:20:00,ACER
2.65,2.67,2.65,2.67,1600,2021-09-02 15:25:00,ACER
2.6961,2.698,2.6961,2.698,500,2021-09-02 15:40:00,ACER
2.7,2.7,2.7,2.7,1599,2021-09-02 15:50:00,ACER
2.69,2.7,2.69,2.7,1300,2021-09-02 15:55:00,ACER
2.7,2.7,2.7,2.7,800,2021-09-02 16:00:00,ACER
2.69,2.69,2.69,2.69,100,2021-09-02 16:05:00,ACER
2.69,2.6993,2.69,2.6993,1200,2021-09-02 16:10:00,ACER
2.7,2.7,2.7,2.7,3500,2021-09-02 16:15:00,ACER
2.7,2.7,2.6915,2.6915,1700,2021-09-02 16:20:00,ACER
2.71,2.71,2.71,2.71,100,2021-09-02 16:30:00,ACER
2.72,2.73,2.71,2.73,5212,2021-09-02 16:35:00,ACER
2.71,2.71,2.66,2.67,10092,2021-09-02 16:55:00,ACER
2.67,2.67,2.67,2.67,200,2021-09-02 17:00:00,ACER
2.69,2.69,2.69,2.69,100,2021-09-02 17:05:00,ACER
2.71,2.71,2.71,2.71,1000,2021-09-02 17:20:00,ACER
2.71,2.71,2.69,2.69,505,2021-09-02 17:35:00,ACER
2.71,2.71,2.71,2.71,499,2021-09-02 17:45:00,ACER
2.7099,2.7099,2.7099,2.7099,3000,2021-09-02 18:00:00,ACER
2.6801,2.6801,2.6801,2.6801,200,2021-09-02 18:25:00,ACER
2.71,2.71,2.71,2.71,100,2021-09-02 18:30:00,ACER
2.71,2.71,2.71,2.71,300,2021-09-02 18:40:00,ACER
2.7018,2.7018,2.7018,2.7018,2000,2021-09-02 18:55:00,ACER
2.69,2.71,2.69,2.71,300,2021-09-02 19:00:00,ACER
2.71,2.71,2.71,2.71,600,2021-09-02 19:15:00,ACER
2.6924,2.6924,2.6924,2.6924,130,2021-09-02 19:25:00,ACER
2.71,2.71,2.71,2.71,200,2021-09-02 19:30:00,ACER
2.6907,2.71,2.6907,2.71,1530,2021-09-02 19:50:00,ACER
2.7,2.7,2.7,2.7,800,2021-09-02 19:55:00,ACER
2.7,2.7,2.7,2.7,161,2021-09-02 20:00:00,ACER
2.71,2.71,2.71,2.71,100,2021-09-02 21:10:00,ACER
2.75,2.8,2.75,2.78,4884,2021-09-02 21:35:00,ACER
2.78,2.78,2.78,2.78,950,2021-09-02 21:40:00,ACER
2.68,2.68,2.68,2.68,976,2021-09-03 11:35:00,ACER
2.7,2.7,2.62,2.62,902,2021-09-03 12:15:00,ACER
2.7,2.7,2.68,2.68,566,2021-09-03 13:30:00,ACER
2.73,2.73,2.73,2.73,200,2021-09-03 13:40:00,ACER
2.6971,2.6971,2.6971,2.6971,400,2021-09-03 13:45:00,ACER
2.6832,2.6832,2.6832,2.6832,500,2021-09-03 13:50:00,ACER
2.68,2.68,2.67,2.67,200,2021-09-03 14:00:00,ACER
2.68,2.68,2.68,2.68,641,2021-09-03 14:05:00,ACER
2.68,2.68,2.68,2.68,200,2021-09-03 14:10:00,ACER
2.68,2.68,2.67,2.67,300,2021-09-03 14:15:00,ACER
2.7,2.71,2.7,2.71,800,2021-09-03 14:55:00,ACER
2.71,2.71,2.71,2.71,401,2021-09-03 15:00:00,ACER
2.7,2.7,2.7,2.7,400,2021-09-03 15:35:00,ACER
2.69,2.69,2.69,2.69,300,2021-09-03 15:40:00,ACER
2.69,2.69,2.69,2.69,425,2021-09-03 15:45:00,ACER
2.69,2.69,2.65,2.65,7278,2021-09-03 15:55:00,ACER
2.65,2.65,2.63,2.63,13488,2021-09-03 16:00:00,ACER
2.7,2.7,2.7,2.7,100,2021-09-03 16:15:00,ACER
2.69,2.69,2.69,2.69,200,2021-09-03 16:20:00,ACER
2.675,2.675,2.675,2.675,100,2021-09-03 16:55:00,ACER
2.66,2.66,2.66,2.66,387,2021-09-03 17:10:00,ACER
2.68,2.68,2.68,2.68,200,2021-09-03 17:25:00,ACER
2.652,2.6527,2.652,2.6527,600,2021-09-03 17:35:00,ACER
2.66,2.66,2.66,2.66,100,2021-09-03 18:25:00,ACER
2.66,2.71,2.64,2.71,1466,2021-09-03 18:30:00,ACER
2.685,2.685,2.685,2.685,1500,2021-09-03 18:40:00,ACER
2.66,2.66,2.63,2.63,2200,2021-09-03 18:55:00,ACER
2.7,2.7,2.7,2.7,400,2021-09-03 19:00:00,ACER
2.645,2.645,2.645,2.645,100,2021-09-03 19:30:00,ACER
2.6799,2.6799,2.6799,2.6799,186,2021-09-03 19:50:00,ACER
2.67,2.67,2.67,2.67,500,2021-09-03 19:55:00,ACER
2.7,2.7,2.67,2.67,2381,2021-09-07 13:30:00,ACER
2.69,2.73,2.69,2.6949,542,2021-09-07 13:45:00,ACER
2.71,2.73,2.71,2.73,1100,2021-09-07 13:50:00,ACER
2.71,2.71,2.71,2.71,100,2021-09-07 14:00:00,ACER
2.73,2.73,2.72,2.72,410,2021-09-07 14:20:00,ACER
2.72,2.72,2.72,2.72,100,2021-09-07 14:35:00,ACER
2.7116,2.7116,2.7116,2.7116,1000,2021-09-07 14:40:00,ACER
2.7,2.7,2.66,2.66,1700,2021-09-07 14:50:00,ACER
2.7,2.7,2.7,2.7,1000,2021-09-07 15:00:00,ACER
2.7,2.7,2.7,2.7,100,2021-09-07 15:05:00,ACER
2.695,2.7,2.69,2.69,550,2021-09-07 15:10:00,ACER
2.6835,2.69,2.68,2.68,2500,2021-09-07 15:15:00,ACER
2.6933,2.6933,2.69,2.69,1100,2021-09-07 15:35:00,ACER
2.69,2.7,2.69,2.69,2201,2021-09-07 15:40:00,ACER
2.69,2.69,2.69,2.69,150,2021-09-07 16:05:00,ACER
2.7,2.7,2.69,2.7,1649,2021-09-07 16:20:00,ACER
2.7,2.7,2.7,2.7,200,2021-09-07 16:40:00,ACER
2.698,2.698,2.698,2.698,100,2021-09-07 16:45:00,ACER
2.7,2.7,2.7,2.7,298,2021-09-07 16:50:00,ACER
2.71,2.71,2.71,2.71,100,2021-09-07 16:55:00,ACER
2.71,2.71,2.7,2.7,300,2021-09-07 17:05:00,ACER
2.71,2.71,2.71,2.71,100,2021-09-07 17:30:00,ACER
2.72,2.72,2.72,2.72,100,2021-09-07 17:50:00,ACER
2.71,2.71,2.71,2.71,140,2021-09-07 17:55:00,ACER
2.715,2.715,2.715,2.715,100,2021-09-07 18:25:00,ACER
2.72,2.72,2.7142,2.7142,310,2021-09-07 18:35:00,ACER
2.71,2.72,2.71,2.72,400,2021-09-07 18:45:00,ACER
2.72,2.72,2.72,2.72,100,2021-09-07 19:05:00,ACER
2.72,2.72,2.72,2.72,895,2021-09-07 19:25:00,ACER
2.72,2.72,2.719,2.719,450,2021-09-07 19:40:00,ACER
2.72,2.72,2.72,2.72,200,2021-09-07 19:45:00,ACER
2.72,2.72,2.72,2.72,720,2021-09-07 19:50:00,ACER
2.73,2.73,2.73,2.73,418,2021-09-07 20:00:00,ACER
2.76,2.76,2.76,2.76,200,2021-09-08 10:35:00,ACER
2.73,2.73,2.73,2.73,846,2021-09-08 13:30:00,ACER
2.7419,2.75,2.7419,2.75,1360,2021-09-08 13:35:00,ACER
2.68,2.68,2.68,2.68,500,2021-09-08 13:50:00,ACER
2.7,2.7,2.7,2.7,100,2021-09-08 14:00:00,ACER
2.67,2.67,2.67,2.67,1700,2021-09-08 14:05:00,ACER
2.7,2.7,2.68,2.68,510,2021-09-08 14:15:00,ACER
2.7,2.7,2.7,2.7,1000,2021-09-08 14:20:00,ACER
2.66,2.66,2.66,2.66,601,2021-09-08 14:25:00,ACER
2.66,2.66,2.66,2.66,1934,2021-09-08 14:30:00,ACER
2.67,2.67,2.67,2.67,3740,2021-09-08 14:35:00,ACER
2.65,2.65,2.65,2.65,300,2021-09-08 14:40:00,ACER
2.61,2.61,2.6,2.6,1678,2021-09-08 14:45:00,ACER
2.61,2.61,2.61,2.61,200,2021-09-08 14:55:00,ACER
2.6307,2.6307,2.6307,2.6307,500,2021-09-08 15:00:00,ACER
2.61,2.6136,2.61,2.61,1932,2021-09-08 15:05:00,ACER
2.6467,2.6467,2.6467,2.6467,350,2021-09-08 15:15:00,ACER
2.63,2.63,2.63,2.63,4300,2021-09-08 15:30:00,ACER
2.64,2.64,2.64,2.64,100,2021-09-08 15:40:00,ACER
2.62,2.62,2.62,2.62,10000,2021-09-08 15:50:00,ACER
2.6216,2.6346,2.62,2.62,6241,2021-09-08 16:20:00,ACER
2.62,2.62,2.6,2.6,1500,2021-09-08 16:25:00,ACER
2.6,2.61,2.6,2.61,1497,2021-09-08 16:30:00,ACER
2.61,2.61,2.61,2.61,245,2021-09-08 16:35:00,ACER
2.6,2.6,2.6,2.6,139,2021-09-08 16:40:00,ACER
2.6184,2.6184,2.6184,2.6184,100,2021-09-08 17:05:00,ACER
2.62,2.62,2.61,2.61,400,2021-09-08 17:20:00,ACER
2.63,2.63,2.63,2.63,200,2021-09-08 17:30:00,ACER
2.63,2.63,2.63,2.63,100,2021-09-08 17:35:00,ACER
2.63,2.63,2.63,2.63,100,2021-09-08 17:45:00,ACER
2.6115,2.6115,2.6115,2.6115,100,2021-09-08 17:50:00,ACER
2.61,2.61,2.6,2.6,1860,2021-09-08 17:55:00,ACER
2.6,2.6,2.6,2.6,2670,2021-09-08 18:00:00,ACER
2.61,2.62,2.61,2.62,900,2021-09-08 18:05:00,ACER
2.6387,2.6387,2.6387,2.6387,100,2021-09-08 18:20:00,ACER
2.62,2.6201,2.62,2.6201,729,2021-09-08 18:45:00,ACER
2.6318,2.6318,2.6318,2.6318,500,2021-09-08 18:55:00,ACER
2.64,2.64,2.64,2.64,200,2021-09-08 19:15:00,ACER
2.68,2.68,2.68,2.68,100,2021-09-08 19:35:00,ACER
2.6608,2.7,2.6608,2.675,1625,2021-09-08 19:45:00,ACER
2.68,2.68,2.65,2.65,1565,2021-09-08 19:55:00,ACER
2.67,2.67,2.67,2.67,120,2021-09-08 20:00:00,ACER
2.69,2.69,2.665,2.665,997,2021-09-09 13:30:00,ACER
2.64,2.66,2.64,2.66,672,2021-09-09 13:45:00,ACER
2.66,2.66,2.66,2.66,1328,2021-09-09 13:50:00,ACER
2.65,2.65,2.65,2.65,1809,2021-09-09 13:55:00,ACER
2.62,2.62,2.62,2.62,252,2021-09-09 14:00:00,ACER
2.6301,2.6301,2.6301,2.6301,1000,2021-09-09 14:20:00,ACER
2.65,2.65,2.65,2.65,100,2021-09-09 14:25:00,ACER
2.64,2.645,2.64,2.64,1300,2021-09-09 15:00:00,ACER
2.6457,2.67,2.645,2.67,2790,2021-09-09 15:05:00,ACER
2.66,2.66,2.66,2.66,700,2021-09-09 15:45:00,ACER
2.65,2.65,2.64,2.64,1100,2021-09-09 15:50:00,ACER
2.645,2.645,2.645,2.645,217,2021-09-09 15:55:00,ACER
2.65,2.65,2.65,2.65,400,2021-09-09 16:05:00,ACER
2.66,2.66,2.66,2.66,500,2021-09-09 16:20:00,ACER
2.67,2.67,2.66,2.66,900,2021-09-09 16:35:00,ACER
2.66,2.69,2.64,2.64,6227,2021-09-09 17:10:00,ACER
2.6732,2.6732,2.6732,2.6732,460,2021-09-09 18:20:00,ACER
2.6845,2.6845,2.6845,2.6845,163,2021-09-09 18:45:00,ACER
2.69,2.69,2.69,2.69,200,2021-09-09 19:00:00,ACER
2.68,2.68,2.68,2.68,100,2021-09-09 19:10:00,ACER
2.68,2.68,2.6701,2.6701,3000,2021-09-09 19:15:00,ACER
2.675,2.68,2.675,2.68,200,2021-09-09 19:20:00,ACER
2.671,2.6792,2.671,2.6792,2995,2021-09-09 19:25:00,ACER
2.68,2.68,2.6799,2.68,2000,2021-09-09 19:30:00,ACER
2.68,2.69,2.68,2.69,1050,2021-09-09 19:35:00,ACER
2.6801,2.69,2.67,2.67,1434,2021-09-09 19:40:00,ACER
2.7,2.7,2.68,2.6801,1863,2021-09-09 19:45:00,ACER
2.7,2.7,2.7,2.7,200,2021-09-09 19:50:00,ACER
2.6978,2.7,2.68,2.7,540,2021-09-09 19:55:00,ACER
2.69,2.69,2.69,2.69,352,2021-09-09 20:00:00,ACER
2.7,2.7,2.7,2.7,2000,2021-09-09 21:40:00,ACER
2.7,2.7,2.7,2.7,930,2021-09-09 22:25:00,ACER
2.73,2.73,2.73,2.73,200,2021-09-10 11:30:00,ACER
2.73,2.73,2.73,2.73,201,2021-09-10 12:05:00,ACER
2.69,2.69,2.69,2.69,325,2021-09-10 13:30:00,ACER
2.6538,2.66,2.6538,2.6538,994,2021-09-10 14:00:00,ACER
2.65,2.665,2.65,2.665,1200,2021-09-10 14:05:00,ACER
2.68,2.68,2.665,2.665,1150,2021-09-10 14:10:00,ACER
2.6444,2.6444,2.6444,2.6444,125,2021-09-10 14:15:00,ACER
2.65,2.65,2.65,2.65,1000,2021-09-10 14:25:00,ACER
2.652,2.652,2.65,2.65,530,2021-09-10 14:35:00,ACER
2.65,2.652,2.65,2.652,300,2021-09-10 14:50:00,ACER
2.65,2.65,2.65,2.65,800,2021-09-10 15:15:00,ACER
2.6485,2.6485,2.6485,2.6485,1000,2021-09-10 15:25:00,ACER
2.64,2.65,2.625,2.64,695,2021-09-10 15:30:00,ACER
2.62,2.62,2.62,2.62,100,2021-09-10 15:35:00,ACER
2.64,2.64,2.6245,2.6245,1600,2021-09-10 15:45:00,ACER
2.625,2.625,2.625,2.625,200,2021-09-10 15:50:00,ACER
2.62,2.6227,2.62,2.62,1089,2021-09-10 15:55:00,ACER
2.62,2.65,2.62,2.65,500,2021-09-10 16:00:00,ACER
2.61,2.61,2.6,2.6,3355,2021-09-10 16:05:00,ACER
2.6027,2.66,2.6027,2.66,1940,2021-09-10 16:10:00,ACER
2.66,2.66,2.66,2.66,201,2021-09-10 16:25:00,ACER
2.64,2.64,2.64,2.64,100,2021-09-10 17:10:00,ACER
2.6402,2.6402,2.6402,2.6402,134,2021-09-10 17:40:00,ACER
2.6366,2.6366,2.6366,2.6366,2290,2021-09-10 18:05:00,ACER
2.6588,2.6588,2.6588,2.6588,1000,2021-09-10 18:15:00,ACER
2.66,2.66,2.66,2.66,100,2021-09-10 18:35:00,ACER
2.66,2.69,2.66,2.69,546,2021-09-10 18:40:00,ACER
2.685,2.6894,2.685,2.6894,570,2021-09-10 19:00:00,ACER
2.685,2.685,2.685,2.685,100,2021-09-10 19:15:00,ACER
2.7,2.7,2.7,2.7,100,2021-09-10 19:25:00,ACER
2.68,2.69,2.68,2.69,700,2021-09-10 19:30:00,ACER
2.68,2.68,2.66,2.6733,1917,2021-09-10 19:40:00,ACER
2.68,2.6962,2.6661,2.6962,708,2021-09-10 19:50:00,ACER
2.7,2.7,2.7,2.7,100,2021-09-10 19:55:00,ACER
2.68,2.68,2.68,2.68,241,2021-09-10 20:00:00,ACER
2.7,2.7,2.7,2.7,3753,2021-09-13 13:25:00,ACER
2.7,2.7,2.7,2.7,5743,2021-09-13 13:30:00,ACER
2.66,2.66,2.64,2.66,2100,2021-09-13 13:35:00,ACER
2.66,2.66,2.6174,2.6174,783,2021-09-13 13:40:00,ACER
2.7,2.7,2.7,2.7,100,2021-09-13 13:45:00,ACER
2.6328,2.6328,2.6328,2.6328,215,2021-09-13 14:05:00,ACER
2.6314,2.6314,2.6314,2.6314,628,2021-09-13 14:15:00,ACER
2.6599,2.6599,2.6599,2.6599,1000,2021-09-13 14:20:00,ACER
2.66,2.66,2.66,2.66,100,2021-09-13 14:30:00,ACER
2.66,2.66,2.66,2.66,600,2021-09-13 14:35:00,ACER
2.6642,2.6642,2.6605,2.6605,600,2021-09-13 14:50:00,ACER
2.67,2.67,2.67,2.67,1700,2021-09-13 15:25:00,ACER
2.67,2.67,2.67,2.67,630,2021-09-13 15:30:00,ACER
2.6642,2.67,2.6642,2.67,250,2021-09-13 15:35:00,ACER
2.66,2.66,2.66,2.66,220,2021-09-13 15:40:00,ACER
2.68,2.69,2.67,2.67,3325,2021-09-13 15:55:00,ACER
2.67,2.6878,2.67,2.68,2771,2021-09-13 16:05:00,ACER
2.69,2.69,2.69,2.69,400,2021-09-13 16:25:00,ACER
2.69,2.69,2.69,2.69,800,2021-09-13 16:30:00,ACER
2.6899,2.6899,2.6876,2.6876,3100,2021-09-13 16:40:00,ACER
2.68,2.69,2.67,2.69,1012,2021-09-13 16:45:00,ACER
2.69,2.69,2.69,2.69,282,2021-09-13 16:50:00,ACER
2.69,2.69,2.69,2.69,300,2021-09-13 17:10:00,ACER
2.69,2.69,2.69,2.69,600,2021-09-13 17:15:00,ACER
2.7,2.7,2.69,2.7,944,2021-09-13 17:25:00,ACER
2.6886,2.6886,2.6886,2.6886,150,2021-09-13 17:40:00,ACER
2.68,2.68,2.66,2.6675,5400,2021-09-13 17:55:00,ACER
2.685,2.685,2.685,2.685,100,2021-09-13 18:05:00,ACER
2.67,2.6783,2.64,2.64,6373,2021-09-13 18:10:00,ACER
2.63,2.64,2.63,2.64,200,2021-09-13 18:35:00,ACER
2.65,2.65,2.65,2.65,600,2021-09-13 18:55:00,ACER
2.63,2.6341,2.61,2.62,3066,2021-09-13 19:20:00,ACER
2.6209,2.64,2.6209,2.64,3243,2021-09-13 19:30:00,ACER
2.63,2.63,2.62,2.62,300,2021-09-13 19:35:00,ACER
2.629,2.629,2.6286,2.6286,2370,2021-09-13 19:40:00,ACER
2.6296,2.63,2.62,2.62,2645,2021-09-13 19:45:00,ACER
2.62,2.62,2.605,2.61,9492,2021-09-13 19:50:00,ACER
2.61,2.64,2.61,2.61,6420,2021-09-13 19:55:00,ACER
2.64,2.64,2.64,2.64,155,2021-09-13 20:00:00,ACER
2.52,2.52,2.51,2.51,2002,2021-09-13 22:50:00,ACER
2.6401,2.6401,2.6401,2.6401,100,2021-09-14 12:05:00,ACER
2.63,2.63,2.6,2.6,3004,2021-09-14 13:30:00,ACER
2.64,2.64,2.62,2.62,400,2021-09-14 13:35:00,ACER
2.6,2.6,2.6,2.6,500,2021-09-14 13:50:00,ACER
2.64,2.64,2.64,2.64,150,2021-09-14 14:05:00,ACER
2.61,2.61,2.61,2.61,100,2021-09-14 14:10:00,ACER
2.61,2.61,2.61,2.61,100,2021-09-14 14:20:00,ACER
2.61,2.61,2.61,2.61,650,2021-09-14 14:25:00,ACER
2.6,2.6,2.59,2.59,500,2021-09-14 14:30:00,ACER
2.585,2.59,2.585,2.59,200,2021-09-14 14:40:00,ACER
2.58,2.5823,2.58,2.5823,3500,2021-09-14 14:45:00,ACER
2.59,2.59,2.59,2.59,451,2021-09-14 14:50:00,ACER
2.58,2.58,2.58,2.58,314,2021-09-14 14:55:00,ACER
2.6289,2.6289,2.6,2.6,600,2021-09-14 15:00:00,ACER
2.58,2.58,2.58,2.58,1800,2021-09-14 15:05:00,ACER
2.58,2.58,2.58,2.58,5157,2021-09-14 15:10:00,ACER
2.585,2.61,2.57,2.57,1140,2021-09-14 15:25:00,ACER
2.605,2.605,2.605,2.605,100,2021-09-14 15:45:00,ACER
2.57,2.57,2.57,2.57,200,2021-09-14 15:55:00,ACER
2.59,2.59,2.59,2.59,100,2021-09-14 16:15:00,ACER
2.56,2.56,2.56,2.56,500,2021-09-14 16:40:00,ACER
2.56,2.56,2.56,2.56,1849,2021-09-14 16:45:00,ACER
2.56,2.565,2.55,2.565,2446,2021-09-14 16:50:00,ACER
2.565,2.565,2.565,2.565,1100,2021-09-14 16:55:00,ACER
2.55,2.5567,2.55,2.55,3152,2021-09-14 17:05:00,ACER
2.55,2.55,2.55,2.55,100,2021-09-14 17:10:00,ACER
2.58,2.58,2.55,2.55,200,2021-09-14 17:20:00,ACER
2.5242,2.5242,2.5242,2.5242,1000,2021-09-14 17:25:00,ACER
2.5216,2.5216,2.5216,2.5216,3000,2021-09-14 17:50:00,ACER
2.53,2.53,2.53,2.53,100,2021-09-14 17:55:00,ACER
2.53,2.53,2.53,2.53,150,2021-09-14 18:00:00,ACER
2.53,2.53,2.53,2.53,300,2021-09-14 18:05:00,ACER
2.55,2.55,2.5212,2.5212,2010,2021-09-14 18:10:00,ACER
2.5236,2.5236,2.5236,2.5236,300,2021-09-14 18:20:00,ACER
2.5499,2.5499,2.535,2.535,950,2021-09-14 18:30:00,ACER
2.55,2.55,2.55,2.55,870,2021-09-14 18:35:00,ACER
2.53,2.53,2.52,2.52,404,2021-09-14 18:45:00,ACER
2.5223,2.5223,2.5223,2.5223,1000,2021-09-14 18:55:00,ACER
2.535,2.535,2.535,2.535,100,2021-09-14 19:00:00,ACER
2.535,2.55,2.535,2.55,800,2021-09-14 19:05:00,ACER
2.53,2.53,2.53,2.53,100,2021-09-14 19:30:00,ACER
2.53,2.53,2.53,2.53,100,2021-09-14 19:40:00,ACER
2.55,2.55,2.55,2.55,1276,2021-09-14 19:55:00,ACER
2.52,2.52,2.52,2.52,1361,2021-09-14 20:00:00,ACER
2.56,2.56,2.56,2.56,200,2021-09-14 23:45:00,ACER
2.53,2.53,2.53,2.53,201,2021-09-15 13:30:00,ACER
2.5625,2.5625,2.5,2.5,5205,2021-09-15 13:35:00,ACER
2.52,2.52,2.4875,2.5,8860,2021-09-15 13:40:00,ACER
2.4883,2.53,2.4883,2.53,1617,2021-09-15 13:45:00,ACER
2.51,2.51,2.51,2.51,200,2021-09-15 13:50:00,ACER
2.5153,2.5499,2.5153,2.5499,1100,2021-09-15 14:00:00,ACER
2.5499,2.5499,2.5499,2.5499,1000,2021-09-15 14:10:00,ACER
2.547,2.547,2.547,2.547,700,2021-09-15 14:15:00,ACER
2.53,2.5482,2.53,2.5482,600,2021-09-15 14:20:00,ACER
2.55,2.55,2.55,2.55,318,2021-09-15 14:30:00,ACER
2.5697,2.5875,2.5697,2.5875,294,2021-09-15 14:40:00,ACER
2.6,2.6,2.58,2.59,3569,2021-09-15 14:45:00,ACER
2.58,2.58,2.55,2.55,1574,2021-09-15 15:10:00,ACER
2.54,2.54,2.54,2.54,478,2021-09-15 15:15:00,ACER
2.58,2.584,2.58,2.584,200,2021-09-15 15:20:00,ACER
2.54,2.545,2.54,2.545,345,2021-09-15 15:45:00,ACER
2.54,2.54,2.54,2.54,1400,2021-09-15 16:35:00,ACER
2.549,2.549,2.549,2.549,170,2021-09-15 16:40:00,ACER
2.59,2.59,2.59,2.59,200,2021-09-15 16:45:00,ACER
2.58,2.58,2.58,2.58,200,2021-09-15 16:50:00,ACER
2.5598,2.56,2.5598,2.56,700,2021-09-15 17:05:00,ACER
2.54,2.54,2.52,2.52,1100,2021-09-15 17:40:00,ACER
2.54,2.54,2.52,2.52,425,2021-09-15 17:50:00,ACER
2.52,2.52,2.52,2.52,200,2021-09-15 17:55:00,ACER
2.55,2.55,2.55,2.55,100,2021-09-15 18:15:00,ACER
2.55,2.55,2.52,2.52,340,2021-09-15 18:35:00,ACER
2.55,2.55,2.55,2.55,100,2021-09-15 18:45:00,ACER
2.55,2.55,2.55,2.55,500,2021-09-15 18:50:00,ACER
2.55,2.56,2.55,2.56,1187,2021-09-15 19:05:00,ACER
2.56,2.56,2.56,2.56,100,2021-09-15 19:20:00,ACER
2.565,2.565,2.565,2.565,100,2021-09-15 19:30:00,ACER
2.57,2.57,2.57,2.57,100,2021-09-15 19:35:00,ACER
2.566,2.568,2.566,2.568,200,2021-09-15 19:40:00,ACER
2.57,2.57,2.55,2.57,900,2021-09-15 19:55:00,ACER
2.57,2.57,2.57,2.57,417,2021-09-15 20:00:00,ACER
2.57,2.57,2.57,2.57,399,2021-09-16 12:40:00,ACER
2.52,2.52,2.51,2.51,563,2021-09-16 12:45:00,ACER
2.5,2.5,2.5,2.5,1000,2021-09-16 12:50:00,ACER
2.5,2.5754,2.5,2.5001,5047,2021-09-16 13:30:00,ACER
2.51,2.51,2.5,2.5,424,2021-09-16 13:35:00,ACER
2.5042,2.5042,2.5042,2.5042,1054,2021-09-16 13:50:00,ACER
2.56,2.56,2.56,2.56,100,2021-09-16 13:55:00,ACER
2.53,2.53,2.53,2.53,200,2021-09-16 14:00:00,ACER
2.53,2.53,2.49,2.5,8024,2021-09-16 14:05:00,ACER
2.4801,2.4801,2.4801,2.4801,5000,2021-09-16 14:10:00,ACER
2.4901,2.4901,2.4901,2.4901,2000,2021-09-16 14:25:00,ACER
2.55,2.55,2.55,2.55,100,2021-09-16 14:30:00,ACER
2.5,2.5,2.5,2.5,100,2021-09-16 14:45:00,ACER
2.5,2.5,2.5,2.5,400,2021-09-16 15:00:00,ACER
2.495,2.495,2.495,2.495,200,2021-09-16 15:40:00,ACER
2.493,2.493,2.493,2.493,1000,2021-09-16 15:50:00,ACER
2.5,2.5,2.5,2.5,400,2021-09-16 15:55:00,ACER
2.49,2.5,2.49,2.5,500,2021-09-16 16:05:00,ACER
2.49,2.49,2.49,2.49,200,2021-09-16 16:25:00,ACER
2.5,2.5,2.5,2.5,500,2021-09-16 16:40:00,ACER
2.5133,2.5133,2.51,2.51,439,2021-09-16 16:45:00,ACER
2.5799,2.5799,2.5799,2.5799,1000,2021-09-16 16:50:00,ACER
2.52,2.52,2.52,2.52,100,2021-09-16 17:05:00,ACER
2.49,2.49,2.4624,2.4624,920,2021-09-16 17:15:00,ACER
2.5,2.5,2.49,2.49,500,2021-09-16 17:35:00,ACER
2.5,2.5,2.5,2.5,1000,2021-09-16 17:40:00,ACER
2.495,2.5,2.495,2.5,1600,2021-09-16 17:45:00,ACER
2.56,2.56,2.56,2.56,100,2021-09-16 17:55:00,ACER
2.55,2.55,2.5464,2.5464,1100,2021-09-16 18:10:00,ACER
2.5399,2.5399,2.5399,2.5399,160,2021-09-16 18:25:00,ACER
2.5224,2.5224,2.5224,2.5224,180,2021-09-16 18:45:00,ACER
2.52,2.52,2.5,2.5,5000,2021-09-16 19:10:00,ACER
2.5,2.5,2.5,2.5,700,2021-09-16 19:15:00,ACER
2.5,2.5,2.5,2.5,2000,2021-09-16 19:20:00,ACER
2.49,2.49,2.49,2.49,1600,2021-09-16 19:35:00,ACER
2.5,2.5,2.5,2.5,300,2021-09-16 19:45:00,ACER
2.49,2.5,2.49,2.5,1478,2021-09-16 19:50:00,ACER
2.5,2.5,2.48,2.49,1907,2021-09-16 19:55:00,ACER
2.47,2.47,2.47,2.47,1311,2021-09-16 20:00:00,ACER
2.36,2.36,2.36,2.36,289,2021-09-17 12:25:00,ACER
2.48,2.48,2.48,2.48,600,2021-09-17 12:50:00,ACER
2.48,2.48,2.48,2.48,817,2021-09-17 13:30:00,ACER
2.48,2.515,2.48,2.515,1100,2021-09-17 13:45:00,ACER
2.4835,2.4835,2.48,2.48,506,2021-09-17 13:50:00,ACER
2.47,2.47,2.47,2.47,100,2021-09-17 14:05:00,ACER
2.505,2.505,2.505,2.505,100,2021-09-17 14:10:00,ACER
2.47,2.47,2.47,2.47,100,2021-09-17 14:20:00,ACER
2.495,2.495,2.495,2.495,100,2021-09-17 14:25:00,ACER
2.48,2.48,2.48,2.48,201,2021-09-17 14:40:00,ACER
2.515,2.515,2.515,2.515,100,2021-09-17 14:45:00,ACER
2.52,2.52,2.52,2.52,100,2021-09-17 15:10:00,ACER
2.49,2.49,2.49,2.49,100,2021-09-17 15:15:00,ACER
2.515,2.5394,2.515,2.5394,2000,2021-09-17 15:20:00,ACER
2.53,2.54,2.53,2.53,900,2021-09-17 15:30:00,ACER
2.515,2.515,2.515,2.515,100,2021-09-17 15:35:00,ACER
2.525,2.525,2.525,2.525,100,2021-09-17 15:50:00,ACER
2.525,2.525,2.51,2.51,200,2021-09-17 16:00:00,ACER
2.5265,2.527,2.5265,2.527,1045,2021-09-17 16:05:00,ACER
2.5,2.5,2.5,2.5,100,2021-09-17 16:20:00,ACER
2.5,2.51,2.5,2.51,300,2021-09-17 16:25:00,ACER
2.52,2.52,2.52,2.52,1300,2021-09-17 16:35:00,ACER
2.512,2.53,2.512,2.53,600,2021-09-17 16:40:00,ACER
2.55,2.55,2.55,2.55,350,2021-09-17 16:55:00,ACER
2.52,2.52,2.52,2.52,200,2021-09-17 17:30:00,ACER
2.52,2.52,2.52,2.52,500,2021-09-17 17:35:00,ACER
2.55,2.55,2.55,2.55,700,2021-09-17 18:20:00,ACER
2.535,2.535,2.535,2.535,1000,2021-09-17 18:40:00,ACER
2.5553,2.5553,2.5553,2.5553,394,2021-09-17 18:50:00,ACER
2.52,2.52,2.52,2.52,200,2021-09-17 19:15:00,ACER
2.56,2.56,2.56,2.56,100,2021-09-17 19:20:00,ACER
2.56,2.56,2.5301,2.5301,300,2021-09-17 19:35:00,ACER
2.5339,2.5339,2.5339,2.5339,100,2021-09-17 19:40:00,ACER
2.56,2.56,2.545,2.545,700,2021-09-17 19:45:00,ACER
2.5599,2.56,2.52,2.54,2562,2021-09-17 19:50:00,ACER
2.52,2.52,2.47,2.47,6406,2021-09-17 19:55:00,ACER
2.46,2.46,2.46,2.46,16749,2021-09-17 20:00:00,ACER
2.41,2.41,2.4,2.4,788,2021-09-17 21:50:00,ACER
2.4,2.4,2.36,2.36,1285,2021-09-17 21:55:00,ACER
2.43,2.43,2.43,2.43,294,2021-09-17 22:20:00,ACER
2.38,2.38,2.35,2.35,906,2021-09-17 22:25:00,ACER
2.4,2.4,2.4,2.4,706,2021-09-17 23:40:00,ACER
2.46,2.46,2.46,2.46,1000,2021-09-20 12:50:00,ACER
2.45,2.48,2.45,2.48,611,2021-09-20 13:05:00,ACER
2.4101,2.4101,2.4101,2.4101,1000,2021-09-20 13:15:00,ACER
2.43,2.43,2.412,2.42,2542,2021-09-20 13:30:00,ACER
2.55,2.55,2.5499,2.5499,1100,2021-09-20 13:35:00,ACER
2.5,2.51,2.5,2.51,5000,2021-09-20 13:40:00,ACER
2.52,2.52,2.46,2.46,1200,2021-09-20 13:50:00,ACER
2.4835,2.4835,2.4835,2.4835,300,2021-09-20 13:55:00,ACER
2.48,2.48,2.46,2.48,1400,2021-09-20 14:00:00,ACER
2.5173,2.5195,2.5038,2.51,3400,2021-09-20 14:15:00,ACER
2.4462,2.4462,2.4462,2.4462,204,2021-09-20 14:20:00,ACER
2.51,2.52,2.51,2.52,4067,2021-09-20 14:30:00,ACER
2.52,2.52,2.52,2.52,200,2021-09-20 14:35:00,ACER
2.5165,2.5195,2.51,2.51,1200,2021-09-20 14:40:00,ACER
2.47,2.47,2.47,2.47,100,2021-09-20 14:55:00,ACER
2.49,2.49,2.49,2.49,128,2021-09-20 15:05:00,ACER
2.51,2.51,2.51,2.51,856,2021-09-20 15:10:00,ACER
2.5045,2.5045,2.5045,2.5045,200,2021-09-20 15:35:00,ACER
2.49,2.49,2.49,2.49,100,2021-09-20 15:40:00,ACER
2.48,2.48,2.48,2.48,100,2021-09-20 15:50:00,ACER
2.495,2.495,2.495,2.495,2100,2021-09-20 15:55:00,ACER
2.5065,2.51,2.5,2.5,3042,2021-09-20 16:00:00,ACER
2.5099,2.52,2.5099,2.5199,11120,2021-09-20 16:05:00,ACER
2.4901,2.4901,2.4901,2.4901,405,2021-09-20 16:35:00,ACER
2.495,2.495,2.495,2.495,100,2021-09-20 16:40:00,ACER
2.4993,2.5083,2.4993,2.5083,350,2021-09-20 16:45:00,ACER
2.505,2.505,2.505,2.505,188,2021-09-20 17:00:00,ACER
2.5,2.5,2.5,2.5,500,2021-09-20 17:35:00,ACER
2.5183,2.5183,2.5,2.5,800,2021-09-20 18:00:00,ACER
2.5,2.52,2.5,2.52,200,2021-09-20 18:10:00,ACER
2.5,2.5,2.5,2.5,1000,2021-09-20 18:15:00,ACER
2.505,2.52,2.505,2.52,1700,2021-09-20 18:30:00,ACER
2.4911,2.4911,2.4911,2.4911,200,2021-09-20 18:35:00,ACER
2.49,2.49,2.47,2.47,2781,2021-09-20 18:50:00,ACER
2.49,2.49,2.49,2.49,200,2021-09-20 19:10:00,ACER
2.49,2.49,2.47,2.47,200,2021-09-20 19:20:00,ACER
2.47,2.4775,2.47,2.4775,1100,2021-09-20 19:30:00,ACER
2.52,2.52,2.52,2.52,100,2021-09-20 19:35:00,ACER
2.48,2.5,2.48,2.5,800,2021-09-20 19:40:00,ACER
2.48,2.486,2.48,2.48,700,2021-09-20 19:45:00,ACER
2.49,2.49,2.49,2.49,1220,2021-09-20 19:50:00,ACER
2.5,2.5,2.5,2.5,100,2021-09-20 19:55:00,ACER
2.52,2.52,2.52,2.52,306,2021-09-20 20:00:00,ACER
2.55,2.55,2.55,2.55,1271,2021-09-21 13:30:00,ACER
2.51,2.51,2.5,2.5,1348,2021-09-21 13:35:00,ACER
2.51,2.51,2.51,2.51,111,2021-09-21 13:40:00,ACER
2.51,2.51,2.49,2.5,2405,2021-09-21 13:45:00,ACER
2.5,2.505,2.5,2.505,350,2021-09-21 13:55:00,ACER
2.49,2.505,2.49,2.505,481,2021-09-21 14:15:00,ACER
2.4901,2.4901,2.4901,2.4901,1000,2021-09-21 14:20:00,ACER
2.49,2.49,2.49,2.49,1200,2021-09-21 14:30:00,ACER
2.4872,2.4872,2.482,2.482,499,2021-09-21 14:35:00,ACER
2.5199,2.5199,2.5199,2.5199,1000,2021-09-21 14:40:00,ACER
2.4924,2.4924,2.48,2.48,3000,2021-09-21 14:50:00,ACER
2.51,2.51,2.51,2.51,100,2021-09-21 15:10:00,ACER
2.51,2.51,2.51,2.51,900,2021-09-21 15:35:00,ACER
2.5188,2.5188,2.5188,2.5188,750,2021-09-21 16:20:00,ACER
2.5,2.5089,2.5,2.5089,299,2021-09-21 16:40:00,ACER
2.51,2.5198,2.51,2.5198,1300,2021-09-21 16:45:00,ACER
2.52,2.52,2.52,2.52,900,2021-09-21 16:50:00,ACER
2.5199,2.5199,2.51,2.51,6000,2021-09-21 17:00:00,ACER
2.5017,2.5017,2.5,2.5,769,2021-09-21 17:30:00,ACER
2.51,2.51,2.51,2.51,253,2021-09-21 17:35:00,ACER
2.52,2.52,2.52,2.52,200,2021-09-21 17:45:00,ACER
2.53,2.53,2.53,2.53,400,2021-09-21 17:50:00,ACER
2.56,2.56,2.56,2.56,1204,2021-09-21 18:00:00,ACER
2.5101,2.5101,2.5101,2.5101,125,2021-09-21 18:20:00,ACER
2.5456,2.5456,2.5456,2.5456,100,2021-09-21 18:35:00,ACER
2.52,2.52,2.52,2.52,700,2021-09-21 19:00:00,ACER
2.52,2.52,2.52,2.52,279,2021-09-21 19:05:00,ACER
2.5212,2.5212,2.52,2.52,600,2021-09-21 19:25:00,ACER
2.52,2.52,2.52,2.52,200,2021-09-21 19:30:00,ACER
2.52,2.55,2.52,2.55,1023,2021-09-21 19:35:00,ACER
2.54,2.54,2.54,2.54,1961,2021-09-21 19:45:00,ACER
2.548,2.548,2.52,2.52,1100,2021-09-21 19:50:00,ACER
2.52,2.52,2.52,2.52,200,2021-09-21 19:55:00,ACER
2.52,2.52,2.52,2.52,297,2021-09-21 20:00:00,ACER
2.5018,2.5018,2.5,2.5,319,2021-09-21 21:10:00,ACER
2.5,2.5,2.5,2.5,1306,2021-09-21 21:30:00,ACER
2.51,2.51,2.51,2.51,224,2021-09-22 13:30:00,ACER
2.51,2.51,2.51,2.51,1798,2021-09-22 13:40:00,ACER
2.51,2.51,2.51,2.51,4483,2021-09-22 13:45:00,ACER
2.54,2.54,2.52,2.5366,2700,2021-09-22 13:55:00,ACER
2.5101,2.5101,2.5101,2.5101,450,2021-09-22 14:00:00,ACER
2.5001,2.5001,2.5001,2.5001,450,2021-09-22 14:05:00,ACER
2.5,2.5,2.5,2.5,300,2021-09-22 14:10:00,ACER
2.5,2.5,2.49,2.4902,372,2021-09-22 14:55:00,ACER
2.49,2.5099,2.49,2.5099,2170,2021-09-22 15:00:00,ACER
2.49,2.5099,2.49,2.5099,1700,2021-09-22 15:05:00,ACER
2.5099,2.5099,2.49,2.5099,2100,2021-09-22 15:10:00,ACER
2.49,2.49,2.49,2.49,100,2021-09-22 15:15:00,ACER
2.495,2.53,2.495,2.53,997,2021-09-22 15:20:00,ACER
2.5043,2.5043,2.5043,2.5043,139,2021-09-22 15:30:00,ACER
2.515,2.515,2.515,2.515,203,2021-09-22 15:45:00,ACER
2.51,2.51,2.51,2.51,100,2021-09-22 15:50:00,ACER
2.51,2.51,2.51,2.51,100,2021-09-22 15:55:00,ACER
2.53,2.53,2.5285,2.5285,1200,2021-09-22 16:00:00,ACER
2.51,2.5178,2.51,2.5178,200,2021-09-22 16:20:00,ACER
2.5,2.5,2.5,2.5,973,2021-09-22 16:25:00,ACER
2.515,2.515,2.5,2.51,4800,2021-09-22 16:30:00,ACER
2.49,2.51,2.49,2.51,1100,2021-09-22 16:40:00,ACER
2.5299,2.5299,2.5299,2.5299,100,2021-09-22 17:05:00,ACER
2.5,2.5042,2.5,2.5042,800,2021-09-22 17:20:00,ACER
2.503,2.52,2.503,2.52,499,2021-09-22 17:25:00,ACER
2.52,2.52,2.52,2.52,500,2021-09-22 17:40:00,ACER
2.5,2.5,2.5,2.5,500,2021-09-22 18:00:00,ACER
2.5,2.52,2.5,2.52,1300,2021-09-22 18:10:00,ACER
2.54,2.54,2.54,2.54,225,2021-09-22 18:30:00,ACER
2.54,2.54,2.54,2.54,120,2021-09-22 18:40:00,ACER
2.56,2.56,2.56,2.56,155,2021-09-22 19:30:00,ACER
2.54,2.54,2.5,2.52,4197,2021-09-22 19:40:00,ACER
2.52,2.52,2.52,2.52,300,2021-09-22 19:55:00,ACER
2.55,2.55,2.55,2.55,483,2021-09-23 11:20:00,ACER
2.45,2.45,2.45,2.45,300,2021-09-23 12:05:00,ACER
2.52,2.52,2.52,2.52,100,2021-09-23 12:55:00,ACER
2.5,2.55,2.48,2.48,1995,2021-09-23 13:30:00,ACER
2.5552,2.5552,2.5552,2.5552,930,2021-09-23 13:40:00,ACER
2.535,2.535,2.535,2.535,1000,2021-09-23 13:50:00,ACER
2.535,2.5637,2.52,2.52,20176,2021-09-23 13:55:00,ACER
2.545,2.545,2.52,2.52,5500,2021-09-23 14:00:00,ACER
2.568,2.568,2.568,2.568,3500,2021-09-23 14:05:00,ACER
2.5101,2.5101,2.5101,2.5101,300,2021-09-23 14:25:00,ACER
2.52,2.52,2.52,2.52,100,2021-09-23 14:40:00,ACER
2.56,2.57,2.56,2.57,1937,2021-09-23 15:50:00,ACER
2.545,2.545,2.528,2.528,200,2021-09-23 16:10:00,ACER
2.55,2.55,2.55,2.55,2000,2021-09-23 16:30:00,ACER
2.5673,2.57,2.5301,2.5301,1495,2021-09-23 17:00:00,ACER
2.5301,2.5301,2.5301,2.5301,2000,2021-09-23 17:05:00,ACER
2.57,2.57,2.57,2.57,100,2021-09-23 17:10:00,ACER
2.549,2.549,2.549,2.549,400,2021-09-23 17:25:00,ACER
2.57,2.57,2.56,2.565,550,2021-09-23 17:40:00,ACER
2.565,2.58,2.565,2.58,3841,2021-09-23 17:50:00,ACER
2.575,2.58,2.575,2.58,1231,2021-09-23 17:55:00,ACER
2.59,2.59,2.59,2.59,400,2021-09-23 18:10:00,ACER
2.59,2.59,2.59,2.59,1000,2021-09-23 18:20:00,ACER
2.6,2.6,2.6,2.6,400,2021-09-23 18:30:00,ACER
2.59,2.59,2.59,2.59,500,2021-09-23 19:10:00,ACER
2.585,2.585,2.585,2.585,200,2021-09-23 19:20:00,ACER
2.58,2.58,2.58,2.58,197,2021-09-23 19:25:00,ACER
2.57,2.57,2.57,2.57,100,2021-09-23 19:45:00,ACER
2.59,2.59,2.585,2.585,400,2021-09-23 19:50:00,ACER
2.5506,2.5506,2.5506,2.5506,500,2021-09-23 20:00:00,ACER
2.56,2.59,2.56,2.59,489,2021-09-24 13:30:00,ACER
2.58,2.58,2.58,2.58,640,2021-09-24 13:45:00,ACER
2.57,2.5786,2.57,2.5786,1450,2021-09-24 14:05:00,ACER
2.56,2.5799,2.56,2.5799,517,2021-09-24 14:20:00,ACER
2.565,2.58,2.565,2.5797,5000,2021-09-24 14:25:00,ACER
2.55,2.55,2.55,2.55,2500,2021-09-24 14:35:00,ACER
2.59,2.59,2.59,2.59,2900,2021-09-24 14:45:00,ACER
2.5618,2.5618,2.56,2.56,5133,2021-09-24 15:15:00,ACER
2.59,2.59,2.59,2.59,200,2021-09-24 15:45:00,ACER
2.5724,2.5724,2.5724,2.5724,154,2021-09-24 15:50:00,ACER
2.58,2.58,2.58,2.58,333,2021-09-24 16:05:00,ACER
2.58,2.58,2.58,2.58,100,2021-09-24 16:10:00,ACER
2.56,2.5601,2.56,2.5601,2172,2021-09-24 16:15:00,ACER
2.58,2.58,2.58,2.58,1400,2021-09-24 16:25:00,ACER
2.58,2.58,2.58,2.58,1400,2021-09-24 16:35:00,ACER
2.5801,2.5801,2.5801,2.5801,670,2021-09-24 16:55:00,ACER
2.5999,2.5999,2.5999,2.5999,100,2021-09-24 17:10:00,ACER
2.58,2.58,2.58,2.58,136,2021-09-24 17:25:00,ACER
2.57,2.57,2.57,2.57,3000,2021-09-24 17:35:00,ACER
2.579,2.579,2.579,2.579,100,2021-09-24 17:40:00,ACER
2.572,2.572,2.5705,2.5705,1000,2021-09-24 17:45:00,ACER
2.58,2.58,2.56,2.56,406,2021-09-24 17:50:00,ACER
2.5601,2.5601,2.5601,2.5601,300,2021-09-24 17:55:00,ACER
2.56,2.566,2.56,2.56,2900,2021-09-24 18:05:00,ACER
2.5515,2.5515,2.55,2.55,2359,2021-09-24 18:15:00,ACER
2.57,2.57,2.57,2.57,200,2021-09-24 18:20:00,ACER
2.5784,2.5784,2.5784,2.5784,750,2021-09-24 18:25:00,ACER
2.56,2.56,2.56,2.56,100,2021-09-24 19:20:00,ACER
2.5601,2.5601,2.56,2.56,600,2021-09-24 19:25:00,ACER
2.56,2.56,2.56,2.56,1000,2021-09-24 19:50:00,ACER
