open,high,low,close,volume,datetime,symbol
40.6,40.6,40.6,40.6,750,2021-08-23 12:20:00,SKYW
40.4,40.4,40.4,40.4,250,2021-08-23 12:45:00,SKYW
40.6,40.6,40.6,40.6,130,2021-08-23 12:50:00,SKYW
40.79,40.84,40.55,40.63,18422,2021-08-23 13:30:00,SKYW
40.9,41.265,40.9,41.265,3013,2021-08-23 13:35:00,SKYW
41.32,41.575,41.3,41.42,7608,2021-08-23 13:40:00,SKYW
41.5,41.65,41.38,41.445,2788,2021-08-23 13:45:00,SKYW
41.55,41.73,41.54,41.69,8052,2021-08-23 13:50:00,SKYW
41.69,41.73,41.35,41.57,4834,2021-08-23 13:55:00,SKYW
41.57,41.57,41.0,41.0,7800,2021-08-23 14:00:00,SKYW
41.01,41.22,40.95,40.95,13383,2021-08-23 14:05:00,SKYW
41.08,41.2,41.08,41.17,1705,2021-08-23 14:10:00,SKYW
41.23,41.25,41.18,41.23,3130,2021-08-23 14:15:00,SKYW
41.15,41.19,41.11,41.11,1554,2021-08-23 14:20:00,SKYW
41.18,41.3294,41.18,41.27,5457,2021-08-23 14:25:00,SKYW
41.27,41.29,41.18,41.205,2151,2021-08-23 14:30:00,SKYW
41.31,41.33,41.305,41.31,400,2021-08-23 14:35:00,SKYW
41.31,41.37,41.29,41.37,5015,2021-08-23 14:40:00,SKYW
41.35,41.35,41.32,41.34,300,2021-08-23 14:45:00,SKYW
41.38,41.56,41.37,41.495,2740,2021-08-23 14:50:00,SKYW
41.54,41.54,41.47,41.49,1331,2021-08-23 14:55:00,SKYW
41.41,41.57,41.41,41.56,1393,2021-08-23 15:00:00,SKYW
41.57,41.61,41.56,41.56,2254,2021-08-23 15:05:00,SKYW
41.54,41.58,41.455,41.455,2633,2021-08-23 15:10:00,SKYW
41.41,41.43,41.385,41.385,850,2021-08-23 15:15:00,SKYW
41.41,41.54,41.41,41.505,2050,2021-08-23 15:20:00,SKYW
41.51,41.51,41.435,41.435,707,2021-08-23 15:25:00,SKYW
41.46,41.52,41.415,41.52,2358,2021-08-23 15:30:00,SKYW
41.44,41.5,41.43,41.43,2195,2021-08-23 15:35:00,SKYW
41.4,41.4,41.4,41.4,100,2021-08-23 15:40:00,SKYW
41.43,41.43,41.43,41.43,100,2021-08-23 15:45:00,SKYW
41.42,41.44,41.42,41.42,912,2021-08-23 15:50:00,SKYW
41.41,41.48,41.3726,41.48,1300,2021-08-23 15:55:00,SKYW
41.51,41.58,41.51,41.52,3629,2021-08-23 16:00:00,SKYW
41.52,41.521,41.35,41.35,8012,2021-08-23 16:05:00,SKYW
41.36,41.36,41.3,41.3,200,2021-08-23 16:10:00,SKYW
41.3,41.36,41.3,41.3,400,2021-08-23 16:15:00,SKYW
41.365,41.39,41.365,41.39,1360,2021-08-23 16:20:00,SKYW
41.34,41.37,41.34,41.34,400,2021-08-23 16:25:00,SKYW
41.375,41.41,41.375,41.41,400,2021-08-23 16:30:00,SKYW
41.425,41.425,41.36,41.365,2050,2021-08-23 16:35:00,SKYW
41.41,41.42,41.32,41.37,5509,2021-08-23 16:40:00,SKYW
41.39,41.5,41.39,41.46,3156,2021-08-23 16:45:00,SKYW
41.48,41.4829,41.33,41.4,34637,2021-08-23 16:55:00,SKYW
41.43,41.47,41.31,41.37,20100,2021-08-23 17:00:00,SKYW
41.44,41.44,41.34,41.34,7240,2021-08-23 17:05:00,SKYW
41.44,41.44,41.39,41.4,6404,2021-08-23 17:10:00,SKYW
41.35,41.4,41.29,41.29,800,2021-08-23 17:15:00,SKYW
41.345,41.41,41.345,41.41,1500,2021-08-23 17:20:00,SKYW
41.38,41.56,41.355,41.535,2995,2021-08-23 17:25:00,SKYW
41.56,41.57,41.49,41.52,8964,2021-08-23 17:30:00,SKYW
41.5,41.52,41.44,41.44,1262,2021-08-23 17:35:00,SKYW
41.41,41.41,41.4,41.41,500,2021-08-23 17:40:00,SKYW
41.38,41.38,41.37,41.375,690,2021-08-23 17:45:00,SKYW
41.33,41.34,41.2837,41.295,1530,2021-08-23 17:50:00,SKYW
41.28,41.37,41.28,41.33,1600,2021-08-23 17:55:00,SKYW
41.4,41.41,41.4,41.41,400,2021-08-23 18:00:00,SKYW
41.44,41.44,41.4,41.41,2100,2021-08-23 18:05:00,SKYW
41.41,41.415,41.4,41.4,1200,2021-08-23 18:10:00,SKYW
41.38,41.38,41.3399,41.35,1600,2021-08-23 18:15:00,SKYW
41.34,41.41,41.34,41.41,2499,2021-08-23 18:20:00,SKYW
41.42,41.53,41.42,41.53,7272,2021-08-23 18:25:00,SKYW
41.53,41.53,41.44,41.49,2809,2021-08-23 18:30:00,SKYW
41.505,41.55,41.505,41.53,770,2021-08-23 18:35:00,SKYW
41.52,41.52,41.44,41.45,1800,2021-08-23 18:40:00,SKYW
41.45,41.49,41.39,41.41,7459,2021-08-23 18:45:00,SKYW
41.41,41.49,41.4,41.46,18010,2021-08-23 18:50:00,SKYW
41.5,41.52,41.48,41.52,1647,2021-08-23 18:55:00,SKYW
41.49,41.49,41.44,41.44,500,2021-08-23 19:00:00,SKYW
41.48,41.49,41.45,41.46,1100,2021-08-23 19:05:00,SKYW
41.45,41.45,41.41,41.41,1864,2021-08-23 19:10:00,SKYW
41.4,41.495,41.38,41.49,2607,2021-08-23 19:15:00,SKYW
41.495,41.5,41.42,41.47,4824,2021-08-23 19:20:00,SKYW
41.485,41.51,41.47,41.48,2800,2021-08-23 19:25:00,SKYW
41.46,41.46,41.41,41.41,700,2021-08-23 19:30:00,SKYW
41.44,41.45,41.39,41.39,1815,2021-08-23 19:35:00,SKYW
41.37,41.49,41.36,41.49,3540,2021-08-23 19:40:00,SKYW
41.44,41.49,41.44,41.49,1514,2021-08-23 19:45:00,SKYW
41.47,41.55,41.465,41.49,5360,2021-08-23 19:50:00,SKYW
41.49,41.53,41.48,41.53,13498,2021-08-23 19:55:00,SKYW
41.48,41.48,41.48,41.48,40314,2021-08-23 20:00:00,SKYW
42.32,42.32,42.32,42.32,100,2021-08-24 11:20:00,SKYW
41.99,42.5,41.77,42.3028,17320,2021-08-24 13:30:00,SKYW
42.59,43.01,42.5112,43.01,3400,2021-08-24 13:35:00,SKYW
43.05,43.21,42.72,42.72,2981,2021-08-24 13:40:00,SKYW
42.98,43.18,42.98,43.12,2068,2021-08-24 13:45:00,SKYW
43.09,43.28,43.09,43.16,2878,2021-08-24 13:50:00,SKYW
43.04,43.095,42.91,43.005,3784,2021-08-24 13:55:00,SKYW
42.93,42.93,42.73,42.73,2342,2021-08-24 14:00:00,SKYW
42.67,42.715,42.63,42.63,2626,2021-08-24 14:05:00,SKYW
42.75,42.92,42.7,42.78,3023,2021-08-24 14:10:00,SKYW
42.8,42.8,42.8,42.8,500,2021-08-24 14:15:00,SKYW
42.74,42.74,42.6001,42.685,1622,2021-08-24 14:20:00,SKYW
42.68,42.77,42.68,42.77,484,2021-08-24 14:25:00,SKYW
42.81,42.86,42.73,42.86,1100,2021-08-24 14:30:00,SKYW
42.97,42.97,42.9,42.95,2210,2021-08-24 14:35:00,SKYW
42.97,43.08,42.9,42.935,7296,2021-08-24 14:40:00,SKYW
42.94,43.05,42.94,43.05,1569,2021-08-24 14:45:00,SKYW
43.03,43.16,43.03,43.16,939,2021-08-24 14:50:00,SKYW
43.16,43.19,43.14,43.16,1706,2021-08-24 14:55:00,SKYW
43.16,43.24,43.11,43.12,7238,2021-08-24 15:00:00,SKYW
43.09,43.09,43.0,43.05,1454,2021-08-24 15:05:00,SKYW
43.09,43.15,43.03,43.15,1299,2021-08-24 15:10:00,SKYW
43.19,43.19,43.15,43.16,500,2021-08-24 15:15:00,SKYW
43.15,43.16,43.1,43.11,3000,2021-08-24 15:20:00,SKYW
43.19,43.22,43.16,43.19,2260,2021-08-24 15:25:00,SKYW
43.13,43.21,43.13,43.19,2090,2021-08-24 15:30:00,SKYW
43.15,43.175,43.055,43.0557,6599,2021-08-24 15:35:00,SKYW
43.05,43.08,43.02,43.06,1626,2021-08-24 15:40:00,SKYW
43.08,43.085,43.045,43.045,3379,2021-08-24 15:45:00,SKYW
43.065,43.18,43.065,43.18,1270,2021-08-24 15:50:00,SKYW
43.13,43.17,43.1,43.11,704,2021-08-24 15:55:00,SKYW
43.09,43.13,43.09,43.09,300,2021-08-24 16:00:00,SKYW
43.13,43.17,43.1,43.1299,1811,2021-08-24 16:05:00,SKYW
43.13,43.16,43.12,43.13,680,2021-08-24 16:10:00,SKYW
43.17,43.27,43.13,43.27,4834,2021-08-24 16:15:00,SKYW
43.26,43.3,43.215,43.24,2454,2021-08-24 16:20:00,SKYW
43.235,43.31,43.2125,43.31,744,2021-08-24 16:25:00,SKYW
43.32,43.4499,43.3,43.4499,2080,2021-08-24 16:30:00,SKYW
43.4,43.4,43.345,43.345,2014,2021-08-24 16:35:00,SKYW
43.47,43.5,43.4173,43.495,1300,2021-08-24 16:40:00,SKYW
43.52,43.56,43.4601,43.56,1319,2021-08-24 16:45:00,SKYW
43.54,43.6,43.48,43.6,2119,2021-08-24 16:50:00,SKYW
43.565,43.65,43.565,43.62,8819,2021-08-24 16:55:00,SKYW
43.6227,43.68,43.57,43.57,4306,2021-08-24 17:00:00,SKYW
43.5416,43.6,43.4608,43.4709,8044,2021-08-24 17:05:00,SKYW
43.54,43.61,43.54,43.6,800,2021-08-24 17:10:00,SKYW
43.62,43.73,43.6175,43.715,3939,2021-08-24 17:15:00,SKYW
43.68,43.75,43.68,43.74,800,2021-08-24 17:20:00,SKYW
43.7,43.7208,43.66,43.7208,1500,2021-08-24 17:25:00,SKYW
43.75,43.75,43.6317,43.6317,3621,2021-08-24 17:30:00,SKYW
43.7,43.74,43.68,43.74,741,2021-08-24 17:35:00,SKYW
43.75,43.78,43.7265,43.76,2817,2021-08-24 17:40:00,SKYW
43.81,43.88,43.77,43.88,900,2021-08-24 17:45:00,SKYW
43.88,43.9,43.84,43.84,1895,2021-08-24 17:50:00,SKYW
43.92,43.94,43.88,43.88,600,2021-08-24 17:55:00,SKYW
43.87,43.87,43.78,43.81,871,2021-08-24 18:00:00,SKYW
43.795,43.82,43.77,43.82,1342,2021-08-24 18:05:00,SKYW
43.83,43.93,43.83,43.885,1389,2021-08-24 18:10:00,SKYW
43.9,43.91,43.76,43.76,829,2021-08-24 18:15:00,SKYW
43.76,43.76,43.64,43.64,950,2021-08-24 18:20:00,SKYW
43.59,43.74,43.59,43.74,1346,2021-08-24 18:25:00,SKYW
43.71,43.75,43.71,43.75,1181,2021-08-24 18:30:00,SKYW
43.75,43.76,43.72,43.72,1026,2021-08-24 18:35:00,SKYW
43.745,43.81,43.745,43.76,1168,2021-08-24 18:40:00,SKYW
43.755,43.81,43.755,43.81,3195,2021-08-24 18:45:00,SKYW
43.78,43.83,43.76,43.765,1327,2021-08-24 18:50:00,SKYW
43.77,43.82,43.73,43.73,935,2021-08-24 18:55:00,SKYW
43.735,43.76,43.69,43.715,900,2021-08-24 19:00:00,SKYW
43.74,43.81,43.715,43.81,1055,2021-08-24 19:05:00,SKYW
43.8,43.885,43.78,43.81,3177,2021-08-24 19:10:00,SKYW
43.82,43.85,43.8,43.85,1741,2021-08-24 19:15:00,SKYW
43.88,43.88,43.825,43.845,3775,2021-08-24 19:20:00,SKYW
43.87,43.87,43.79,43.85,5474,2021-08-24 19:25:00,SKYW
43.83,43.87,43.79,43.81,5295,2021-08-24 19:30:00,SKYW
43.8105,43.8518,43.805,43.82,3376,2021-08-24 19:35:00,SKYW
43.805,43.85,43.78,43.81,3200,2021-08-24 19:40:00,SKYW
43.81,43.88,43.78,43.87,7515,2021-08-24 19:45:00,SKYW
43.855,43.91,43.81,43.85,15513,2021-08-24 19:50:00,SKYW
43.845,43.99,43.845,43.98,18190,2021-08-24 19:55:00,SKYW
43.94,43.94,43.94,43.94,64860,2021-08-24 20:00:00,SKYW
44.36,44.85,44.08,44.79,18322,2021-08-25 13:25:00,SKYW
44.7,44.935,44.117,44.765,109035,2021-08-25 13:30:00,SKYW
44.89,46.1,44.875,46.1,46226,2021-08-25 13:35:00,SKYW
46.1,46.19,45.62,45.88,18437,2021-08-25 13:40:00,SKYW
45.77,46.79,45.7418,46.79,23575,2021-08-25 13:45:00,SKYW
46.87,46.89,46.51,46.79,18920,2021-08-25 13:50:00,SKYW
46.86,47.46,46.86,46.985,29758,2021-08-25 13:55:00,SKYW
47.04,47.16,46.965,47.13,8482,2021-08-25 14:00:00,SKYW
47.0,47.19,46.89,47.16,14162,2021-08-25 14:05:00,SKYW
47.09,47.24,47.04,47.08,8302,2021-08-25 14:10:00,SKYW
47.09,47.14,46.89,46.92,8702,2021-08-25 14:15:00,SKYW
46.92,47.0,46.69,46.885,15825,2021-08-25 14:20:00,SKYW
46.885,46.8972,46.42,46.81,13609,2021-08-25 14:25:00,SKYW
46.92,47.16,46.92,47.04,8695,2021-08-25 14:30:00,SKYW
46.92,47.32,46.91,47.27,5790,2021-08-25 14:35:00,SKYW
47.245,47.38,47.0946,47.26,5835,2021-08-25 14:40:00,SKYW
47.07,47.32,46.96,47.23,10632,2021-08-25 14:45:00,SKYW
47.23,47.38,46.96,46.9633,15936,2021-08-25 14:50:00,SKYW
46.9209,47.33,46.9,47.26,16892,2021-08-25 14:55:00,SKYW
47.09,47.39,47.09,47.36,18115,2021-08-25 15:00:00,SKYW
47.44,47.49,47.315,47.405,6343,2021-08-25 15:05:00,SKYW
47.425,47.725,47.41,47.415,16913,2021-08-25 15:10:00,SKYW
47.36,47.39,47.16,47.34,7399,2021-08-25 15:15:00,SKYW
47.36,47.68,47.36,47.6,7684,2021-08-25 15:20:00,SKYW
47.6,47.7,47.4,47.48,14343,2021-08-25 15:25:00,SKYW
47.46,47.56,47.45,47.54,10419,2021-08-25 15:30:00,SKYW
47.505,47.52,47.45,47.515,15626,2021-08-25 15:35:00,SKYW
47.49,47.56,47.26,47.305,12885,2021-08-25 15:40:00,SKYW
47.305,47.515,47.305,47.515,4328,2021-08-25 15:45:00,SKYW
47.515,47.68,47.515,47.61,3342,2021-08-25 15:50:00,SKYW
47.61,47.64,47.57,47.64,1500,2021-08-25 15:55:00,SKYW
47.62,47.69,47.62,47.68,2638,2021-08-25 16:00:00,SKYW
47.615,47.62,47.58,47.58,700,2021-08-25 16:05:00,SKYW
47.64,47.7,47.5701,47.65,3004,2021-08-25 16:10:00,SKYW
47.645,47.663,47.6161,47.645,1814,2021-08-25 16:15:00,SKYW
47.69,47.71,47.5,47.5,4845,2021-08-25 16:20:00,SKYW
47.545,47.59,47.43,47.46,3703,2021-08-25 16:25:00,SKYW
47.46,47.465,47.335,47.34,3350,2021-08-25 16:30:00,SKYW
47.34,47.41,47.3115,47.345,2295,2021-08-25 16:35:00,SKYW
47.3738,47.3738,47.29,47.3,3664,2021-08-25 16:40:00,SKYW
47.31,47.37,47.18,47.35,8286,2021-08-25 16:45:00,SKYW
47.39,47.56,47.39,47.56,1500,2021-08-25 16:50:00,SKYW
47.55,47.57,47.47,47.485,5542,2021-08-25 16:55:00,SKYW
47.47,47.525,47.45,47.485,2628,2021-08-25 17:00:00,SKYW
47.48,47.68,47.475,47.675,18886,2021-08-25 17:05:00,SKYW
47.68,47.7,47.65,47.69,1208,2021-08-25 17:10:00,SKYW
47.72,47.74,47.69,47.73,2845,2021-08-25 17:15:00,SKYW
47.74,47.82,47.59,47.59,12956,2021-08-25 17:20:00,SKYW
47.63,47.7025,47.63,47.69,4051,2021-08-25 17:25:00,SKYW
47.73,47.73,47.715,47.715,500,2021-08-25 17:30:00,SKYW
47.75,47.8,47.74,47.7964,1164,2021-08-25 17:35:00,SKYW
47.75,47.9,47.72,47.9,5404,2021-08-25 17:40:00,SKYW
47.9,47.9,47.82,47.88,5500,2021-08-25 17:45:00,SKYW
47.865,47.9,47.76,47.76,6650,2021-08-25 17:50:00,SKYW
47.71,47.735,47.7,47.72,1800,2021-08-25 17:55:00,SKYW
47.69,47.9,47.69,47.82,3079,2021-08-25 18:00:00,SKYW
47.84,47.97,47.836,47.92,3858,2021-08-25 18:05:00,SKYW
47.945,47.99,47.9338,47.9338,1600,2021-08-25 18:10:00,SKYW
47.91,47.91,47.89,47.9,2526,2021-08-25 18:15:00,SKYW
47.89,47.89,47.82,47.87,1350,2021-08-25 18:20:00,SKYW
47.89,47.95,47.88,47.9171,2525,2021-08-25 18:25:00,SKYW
47.94,47.94,47.8501,47.8501,3407,2021-08-25 18:30:00,SKYW
47.9067,47.9067,47.74,47.78,4418,2021-08-25 18:35:00,SKYW
47.81,47.83,47.77,47.815,3000,2021-08-25 18:40:00,SKYW
47.81,47.8134,47.74,47.7435,3324,2021-08-25 18:45:00,SKYW
47.74,47.75,47.6145,47.705,8757,2021-08-25 18:50:00,SKYW
47.72,47.8,47.66,47.78,3960,2021-08-25 18:55:00,SKYW
47.775,47.85,47.75,47.8,5647,2021-08-25 19:00:00,SKYW
47.785,47.81,47.65,47.74,12692,2021-08-25 19:05:00,SKYW
47.75,47.82,47.7,47.7,4720,2021-08-25 19:10:00,SKYW
47.72,47.81,47.69,47.81,6406,2021-08-25 19:15:00,SKYW
47.79,47.79,47.74,47.79,4767,2021-08-25 19:20:00,SKYW
47.818,47.88,47.818,47.85,5740,2021-08-25 19:25:00,SKYW
47.84,47.89,47.72,47.73,6957,2021-08-25 19:30:00,SKYW
47.72,47.8,47.7,47.72,8355,2021-08-25 19:35:00,SKYW
47.75,47.815,47.72,47.795,7369,2021-08-25 19:40:00,SKYW
47.795,47.82,47.755,47.815,9008,2021-08-25 19:45:00,SKYW
47.815,47.95,47.81,47.945,19020,2021-08-25 19:50:00,SKYW
47.95,47.96,47.86,47.95,31014,2021-08-25 19:55:00,SKYW
47.95,47.95,47.95,47.95,75635,2021-08-25 20:00:00,SKYW
47.91,47.91,47.91,47.91,200,2021-08-25 20:05:00,SKYW
47.9,47.9,47.9,47.9,436,2021-08-25 20:45:00,SKYW
47.95,47.95,47.95,47.95,1000,2021-08-25 21:25:00,SKYW
47.95,47.95,47.95,47.95,999,2021-08-25 21:55:00,SKYW
48.0,48.0,48.0,48.0,100,2021-08-26 12:30:00,SKYW
47.98,47.98,47.98,47.98,135,2021-08-26 12:40:00,SKYW
47.56,47.74,46.95,47.505,25497,2021-08-26 13:30:00,SKYW
47.455,47.625,47.04,47.19,15011,2021-08-26 13:35:00,SKYW
47.125,47.41,47.11,47.29,13200,2021-08-26 13:40:00,SKYW
47.43,47.6,47.29,47.385,8544,2021-08-26 13:45:00,SKYW
47.3,47.49,47.28,47.425,5210,2021-08-26 13:50:00,SKYW
47.525,47.58,47.38,47.5,8894,2021-08-26 13:55:00,SKYW
47.47,47.5623,47.32,47.4,7684,2021-08-26 14:00:00,SKYW
47.31,47.52,47.31,47.52,3100,2021-08-26 14:05:00,SKYW
47.52,47.52,47.38,47.495,3100,2021-08-26 14:10:00,SKYW
47.48,47.6,47.42,47.49,7970,2021-08-26 14:15:00,SKYW
47.455,47.525,47.43,47.47,2537,2021-08-26 14:20:00,SKYW
47.44,47.55,47.3,47.5,12681,2021-08-26 14:25:00,SKYW
47.49,47.56,47.2,47.2,18698,2021-08-26 14:30:00,SKYW
47.2817,47.44,47.255,47.44,5705,2021-08-26 14:35:00,SKYW
47.38,47.39,47.12,47.18,6722,2021-08-26 14:40:00,SKYW
47.18,47.23,46.98,46.99,3389,2021-08-26 14:45:00,SKYW
47.01,47.14,46.96,47.0,4806,2021-08-26 14:50:00,SKYW
47.045,47.07,47.0,47.07,2184,2021-08-26 14:55:00,SKYW
47.03,47.13,47.0,47.08,5292,2021-08-26 15:00:00,SKYW
47.075,47.1,46.98,47.09,1705,2021-08-26 15:05:00,SKYW
47.05,47.13,47.05,47.13,500,2021-08-26 15:10:00,SKYW
47.22,47.22,47.115,47.13,4111,2021-08-26 15:15:00,SKYW
47.14,47.42,47.14,47.42,1791,2021-08-26 15:20:00,SKYW
47.32,47.39,47.27,47.27,2228,2021-08-26 15:25:00,SKYW
47.275,47.34,47.21,47.24,1731,2021-08-26 15:30:00,SKYW
47.245,47.435,47.245,47.435,1200,2021-08-26 15:35:00,SKYW
47.48,47.55,47.3,47.43,7603,2021-08-26 15:40:00,SKYW
47.405,47.52,47.37,47.46,1294,2021-08-26 15:45:00,SKYW
47.5,47.5,47.37,47.37,1942,2021-08-26 15:50:00,SKYW
47.44,47.51,47.41,47.47,600,2021-08-26 15:55:00,SKYW
47.4,47.5,47.39,47.39,2253,2021-08-26 16:00:00,SKYW
47.4,47.42,47.29,47.33,2131,2021-08-26 16:05:00,SKYW
47.31,47.31,47.21,47.29,3356,2021-08-26 16:10:00,SKYW
47.28,47.34,47.23,47.34,2248,2021-08-26 16:15:00,SKYW
47.3,47.35,47.26,47.35,1400,2021-08-26 16:20:00,SKYW
47.31,47.42,47.29,47.32,2700,2021-08-26 16:25:00,SKYW
47.3899,47.39,47.35,47.39,1047,2021-08-26 16:30:00,SKYW
47.42,47.49,47.35,47.44,4105,2021-08-26 16:35:00,SKYW
47.37,47.4,47.36,47.38,2000,2021-08-26 16:40:00,SKYW
47.41,47.46,47.39,47.43,1096,2021-08-26 16:45:00,SKYW
47.45,47.45,47.3,47.35,2370,2021-08-26 16:50:00,SKYW
47.32,47.42,47.27,47.415,5573,2021-08-26 16:55:00,SKYW
47.4206,47.48,47.405,47.45,1918,2021-08-26 17:00:00,SKYW
47.41,47.43,47.32,47.32,800,2021-08-26 17:05:00,SKYW
47.4055,47.415,47.2,47.2,1520,2021-08-26 17:10:00,SKYW
47.31,47.31,47.16,47.16,2641,2021-08-26 17:15:00,SKYW
47.22,47.31,47.2,47.24,2558,2021-08-26 17:20:00,SKYW
47.23,47.35,47.23,47.35,1900,2021-08-26 17:25:00,SKYW
47.38,47.4075,47.295,47.3965,3741,2021-08-26 17:30:00,SKYW
47.37,47.43,47.37,47.37,1650,2021-08-26 17:35:00,SKYW
47.4007,47.5141,47.38,47.5141,2915,2021-08-26 17:40:00,SKYW
47.505,47.53,47.45,47.45,1374,2021-08-26 17:45:00,SKYW
47.53,47.675,47.51,47.675,4969,2021-08-26 17:50:00,SKYW
47.63,47.74,47.63,47.68,2089,2021-08-26 17:55:00,SKYW
47.61,47.61,47.4174,47.495,2201,2021-08-26 18:00:00,SKYW
47.46,47.53,47.44,47.44,5205,2021-08-26 18:05:00,SKYW
47.475,47.5,47.275,47.275,4593,2021-08-26 18:10:00,SKYW
47.335,47.35,47.23,47.24,3145,2021-08-26 18:15:00,SKYW
47.21,47.29,47.17,47.225,2706,2021-08-26 18:20:00,SKYW
47.23,47.34,47.23,47.3,1430,2021-08-26 18:25:00,SKYW
47.26,47.35,47.26,47.27,2859,2021-08-26 18:30:00,SKYW
47.26,47.32,47.2301,47.32,2400,2021-08-26 18:35:00,SKYW
47.36,47.37,47.3,47.3,2094,2021-08-26 18:40:00,SKYW
47.3,47.3,47.23,47.26,2954,2021-08-26 18:45:00,SKYW
47.17,47.22,47.095,47.2,3992,2021-08-26 18:50:00,SKYW
47.21,47.21,47.01,47.045,2574,2021-08-26 18:55:00,SKYW
47.08,47.09,46.88,46.93,6699,2021-08-26 19:00:00,SKYW
46.9,46.93,46.75,46.88,6447,2021-08-26 19:05:00,SKYW
46.87,46.92,46.87,46.92,1100,2021-08-26 19:10:00,SKYW
46.95,47.08,46.83,47.07,4877,2021-08-26 19:15:00,SKYW
47.06,47.15,47.05,47.08,2840,2021-08-26 19:20:00,SKYW
47.08,47.1,47.02,47.09,4109,2021-08-26 19:25:00,SKYW
47.1,47.22,47.1,47.19,3706,2021-08-26 19:30:00,SKYW
47.21,47.3,47.1,47.1,8470,2021-08-26 19:35:00,SKYW
47.135,47.18,47.07,47.07,4300,2021-08-26 19:40:00,SKYW
47.08,47.17,47.0,47.155,14981,2021-08-26 19:45:00,SKYW
47.18,47.18,47.06,47.1,14763,2021-08-26 19:50:00,SKYW
47.1,47.16,47.04,47.08,25755,2021-08-26 19:55:00,SKYW
47.03,47.03,47.03,47.03,41077,2021-08-26 20:00:00,SKYW
46.5,46.5,46.5,46.5,199,2021-08-26 23:05:00,SKYW
47.05,47.69,47.05,47.5,6043,2021-08-27 13:30:00,SKYW
47.5,47.89,47.42,47.68,7113,2021-08-27 13:35:00,SKYW
47.7,47.74,47.66,47.735,2961,2021-08-27 13:40:00,SKYW
47.78,47.78,47.6,47.6,814,2021-08-27 13:45:00,SKYW
47.42,47.52,47.4,47.4,546,2021-08-27 13:50:00,SKYW
47.34,47.45,47.28,47.45,1598,2021-08-27 13:55:00,SKYW
47.33,47.51,47.32,47.45,2168,2021-08-27 14:00:00,SKYW
47.605,47.65,47.35,47.36,2840,2021-08-27 14:05:00,SKYW
47.35,47.53,47.35,47.475,1400,2021-08-27 14:10:00,SKYW
47.48,47.53,47.3135,47.46,3600,2021-08-27 14:15:00,SKYW
47.485,47.53,47.45,47.52,760,2021-08-27 14:20:00,SKYW
47.53,47.66,47.48,47.66,4798,2021-08-27 14:25:00,SKYW
47.73,47.74,47.69,47.74,744,2021-08-27 14:30:00,SKYW
47.73,47.8,47.7,47.7302,2565,2021-08-27 14:35:00,SKYW
47.82,47.85,47.72,47.76,1600,2021-08-27 14:40:00,SKYW
47.79,47.86,47.76,47.86,4654,2021-08-27 14:45:00,SKYW
47.86,47.95,47.8,47.88,2642,2021-08-27 14:50:00,SKYW
47.925,48.18,47.925,48.03,5856,2021-08-27 14:55:00,SKYW
48.05,48.15,48.05,48.14,1342,2021-08-27 15:00:00,SKYW
48.1,48.2,48.06,48.2,2310,2021-08-27 15:05:00,SKYW
48.27,48.27,48.16,48.23,2176,2021-08-27 15:10:00,SKYW
48.23,48.35,48.18,48.35,6417,2021-08-27 15:15:00,SKYW
48.33,48.46,48.33,48.42,7310,2021-08-27 15:20:00,SKYW
48.43,48.43,48.28,48.32,1837,2021-08-27 15:25:00,SKYW
48.32,48.37,48.32,48.34,1700,2021-08-27 15:30:00,SKYW
48.33,48.4,48.3,48.4,2760,2021-08-27 15:35:00,SKYW
48.365,48.45,48.365,48.39,2200,2021-08-27 15:40:00,SKYW
48.39,48.53,48.39,48.51,7198,2021-08-27 15:45:00,SKYW
48.53,48.65,48.53,48.65,2607,2021-08-27 15:50:00,SKYW
48.69,48.75,48.6,48.6,1600,2021-08-27 15:55:00,SKYW
48.59,48.615,48.59,48.6,700,2021-08-27 16:00:00,SKYW
48.62,48.73,48.62,48.73,1260,2021-08-27 16:05:00,SKYW
48.73,48.73,48.66,48.72,1415,2021-08-27 16:10:00,SKYW
48.74,48.78,48.67,48.67,2919,2021-08-27 16:15:00,SKYW
48.71,48.78,48.67,48.77,1200,2021-08-27 16:20:00,SKYW
48.77,48.82,48.75,48.82,1400,2021-08-27 16:25:00,SKYW
48.8,48.93,48.78,48.93,2422,2021-08-27 16:30:00,SKYW
48.92,48.92,48.79,48.79,2100,2021-08-27 16:35:00,SKYW
48.81,48.83,48.76,48.79,4100,2021-08-27 16:40:00,SKYW
48.8,48.83,48.785,48.83,1000,2021-08-27 16:45:00,SKYW
48.79,48.79,48.47,48.47,5929,2021-08-27 16:50:00,SKYW
48.44,48.56,48.44,48.48,4937,2021-08-27 16:55:00,SKYW
48.44,48.51,48.44,48.46,2900,2021-08-27 17:00:00,SKYW
48.49,48.49,48.395,48.395,1300,2021-08-27 17:05:00,SKYW
48.36,48.36,48.18,48.27,7087,2021-08-27 17:10:00,SKYW
48.24,48.28,48.225,48.27,2252,2021-08-27 17:15:00,SKYW
48.28,48.355,48.28,48.3,1800,2021-08-27 17:20:00,SKYW
48.295,48.37,48.26,48.37,2621,2021-08-27 17:25:00,SKYW
48.39,48.47,48.39,48.39,850,2021-08-27 17:30:00,SKYW
48.4177,48.43,48.3621,48.3621,980,2021-08-27 17:35:00,SKYW
48.36,48.39,48.33,48.38,4103,2021-08-27 17:40:00,SKYW
48.39,48.44,48.39,48.41,600,2021-08-27 17:45:00,SKYW
48.4,48.4,48.32,48.32,1248,2021-08-27 17:50:00,SKYW
48.36,48.36,48.35,48.35,200,2021-08-27 17:55:00,SKYW
48.4,48.41,48.27,48.34,1117,2021-08-27 18:00:00,SKYW
48.34,48.36,48.33,48.36,1100,2021-08-27 18:05:00,SKYW
48.37,48.37,48.32,48.32,300,2021-08-27 18:10:00,SKYW
48.325,48.36,48.31,48.335,2717,2021-08-27 18:15:00,SKYW
48.36,48.36,48.3,48.36,1800,2021-08-27 18:20:00,SKYW
48.39,48.4,48.37,48.38,1200,2021-08-27 18:25:00,SKYW
48.39,48.42,48.36,48.3867,3380,2021-08-27 18:30:00,SKYW
48.37,48.385,48.33,48.35,2000,2021-08-27 18:35:00,SKYW
48.36,48.42,48.31,48.4,2939,2021-08-27 18:40:00,SKYW
48.41,48.48,48.38,48.48,2964,2021-08-27 18:45:00,SKYW
48.48,48.48,48.41,48.425,300,2021-08-27 18:50:00,SKYW
48.47,48.52,48.46,48.52,1300,2021-08-27 18:55:00,SKYW
48.54,48.58,48.52,48.5494,1600,2021-08-27 19:00:00,SKYW
48.48,48.48,48.36,48.3925,2968,2021-08-27 19:05:00,SKYW
48.41,48.43,48.36,48.36,2500,2021-08-27 19:10:00,SKYW
48.385,48.43,48.385,48.42,3551,2021-08-27 19:15:00,SKYW
48.39,48.416,48.33,48.36,1450,2021-08-27 19:20:00,SKYW
48.36,48.37,48.34,48.345,2054,2021-08-27 19:25:00,SKYW
48.33,48.35,48.22,48.25,4114,2021-08-27 19:30:00,SKYW
48.27,48.4,48.27,48.37,3600,2021-08-27 19:35:00,SKYW
48.38,48.43,48.36,48.41,4167,2021-08-27 19:40:00,SKYW
48.41,48.52,48.41,48.475,5773,2021-08-27 19:45:00,SKYW
48.49,48.53,48.46,48.47,6829,2021-08-27 19:50:00,SKYW
48.47,48.5,48.39,48.47,12891,2021-08-27 19:55:00,SKYW
48.47,48.47,48.47,48.47,88528,2021-08-27 20:00:00,SKYW
48.5,48.5,48.5,48.5,500,2021-08-27 21:30:00,SKYW
48.59,48.59,48.59,48.59,403,2021-08-30 13:25:00,SKYW
48.67,48.835,47.9405,47.9405,11057,2021-08-30 13:30:00,SKYW
47.815,47.95,47.63,47.66,4911,2021-08-30 13:35:00,SKYW
47.65,47.65,47.26,47.27,4526,2021-08-30 13:40:00,SKYW
47.185,47.46,47.15,47.46,1970,2021-08-30 13:45:00,SKYW
47.4,47.505,47.2949,47.505,3600,2021-08-30 13:50:00,SKYW
47.41,47.65,47.41,47.61,1919,2021-08-30 13:55:00,SKYW
47.52,47.52,47.26,47.3,4100,2021-08-30 14:00:00,SKYW
47.32,47.49,47.285,47.47,5905,2021-08-30 14:05:00,SKYW
47.51,47.545,47.19,47.19,3020,2021-08-30 14:10:00,SKYW
47.23,47.31,47.113,47.113,2721,2021-08-30 14:15:00,SKYW
47.28,47.3687,47.18,47.2462,1150,2021-08-30 14:20:00,SKYW
47.33,47.43,47.32,47.36,1239,2021-08-30 14:25:00,SKYW
47.15,47.15,46.85,46.86,10338,2021-08-30 14:30:00,SKYW
46.845,47.06,46.84,46.98,2987,2021-08-30 14:35:00,SKYW
47.0,47.09,46.9,46.9,1429,2021-08-30 14:40:00,SKYW
46.89,46.955,46.85,46.9,1604,2021-08-30 14:45:00,SKYW
46.91,46.96,46.82,46.95,1497,2021-08-30 14:50:00,SKYW
47.04,47.04,46.91,46.96,2870,2021-08-30 14:55:00,SKYW
46.95,46.99,46.85,46.89,2986,2021-08-30 15:00:00,SKYW
46.78,46.78,46.48,46.63,10699,2021-08-30 15:05:00,SKYW
46.59,46.73,46.55,46.7,1400,2021-08-30 15:10:00,SKYW
46.74,46.79,46.45,46.47,4094,2021-08-30 15:15:00,SKYW
46.47,46.52,46.42,46.42,3451,2021-08-30 15:20:00,SKYW
46.4699,46.4699,46.33,46.335,6768,2021-08-30 15:25:00,SKYW
46.34,46.4,46.29,46.4,3302,2021-08-30 15:30:00,SKYW
46.37,46.42,46.2,46.22,3570,2021-08-30 15:35:00,SKYW
46.235,46.28,46.11,46.27,4606,2021-08-30 15:40:00,SKYW
46.35,46.385,46.255,46.3,2520,2021-08-30 15:45:00,SKYW
46.3,46.33,46.15,46.15,1414,2021-08-30 15:50:00,SKYW
46.21,46.4,46.21,46.4,2447,2021-08-30 15:55:00,SKYW
46.47,46.6361,46.47,46.53,2346,2021-08-30 16:00:00,SKYW
46.52,46.52,46.42,46.425,900,2021-08-30 16:05:00,SKYW
46.42,46.43,46.39,46.42,1500,2021-08-30 16:10:00,SKYW
46.45,46.45,46.37,46.38,1021,2021-08-30 16:15:00,SKYW
46.4,46.45,46.34,46.44,3025,2021-08-30 16:20:00,SKYW
46.47,46.48,46.35,46.37,1000,2021-08-30 16:25:00,SKYW
46.38,46.535,46.38,46.51,3310,2021-08-30 16:30:00,SKYW
46.53,46.53,46.345,46.345,2187,2021-08-30 16:35:00,SKYW
46.3,46.33,46.29,46.29,1750,2021-08-30 16:40:00,SKYW
46.31,46.38,46.31,46.38,1100,2021-08-30 16:45:00,SKYW
46.3782,46.43,46.37,46.385,2000,2021-08-30 16:50:00,SKYW
46.405,46.405,46.28,46.305,1396,2021-08-30 16:55:00,SKYW
46.305,46.3799,46.305,46.37,1768,2021-08-30 17:00:00,SKYW
46.36,46.36,46.24,46.27,2596,2021-08-30 17:05:00,SKYW
46.28,46.32,46.28,46.28,1802,2021-08-30 17:10:00,SKYW
46.27,46.3,46.26,46.3,4103,2021-08-30 17:15:00,SKYW
46.29,46.33,46.27,46.33,2062,2021-08-30 17:20:00,SKYW
46.31,46.37,46.31,46.37,1500,2021-08-30 17:25:00,SKYW
46.38,46.51,46.37,46.51,2416,2021-08-30 17:30:00,SKYW
46.54,46.62,46.51,46.51,2073,2021-08-30 17:35:00,SKYW
46.57,46.6,46.57,46.6,1005,2021-08-30 17:40:00,SKYW
46.6,46.66,46.57,46.58,2829,2021-08-30 17:45:00,SKYW
46.58,46.59,46.57,46.57,910,2021-08-30 17:50:00,SKYW
46.57,46.66,46.57,46.65,2388,2021-08-30 17:55:00,SKYW
46.69,46.695,46.66,46.68,800,2021-08-30 18:00:00,SKYW
46.68,46.72,46.65,46.7,1275,2021-08-30 18:05:00,SKYW
46.65,46.69,46.62,46.68,3273,2021-08-30 18:10:00,SKYW
46.67,46.81,46.67,46.81,3577,2021-08-30 18:15:00,SKYW
46.805,46.86,46.77,46.77,4744,2021-08-30 18:20:00,SKYW
46.74,46.74,46.68,46.682,900,2021-08-30 18:25:00,SKYW
46.68,46.68,46.61,46.63,2146,2021-08-30 18:30:00,SKYW
46.63,46.64,46.58,46.58,2308,2021-08-30 18:35:00,SKYW
46.6,46.635,46.59,46.63,2221,2021-08-30 18:40:00,SKYW
46.64,46.69,46.635,46.69,1200,2021-08-30 18:45:00,SKYW
46.72,46.81,46.72,46.805,2000,2021-08-30 18:50:00,SKYW
46.84,46.88,46.715,46.715,3951,2021-08-30 18:55:00,SKYW
46.7,46.71,46.63,46.71,2200,2021-08-30 19:00:00,SKYW
46.79,46.79,46.58,46.58,6486,2021-08-30 19:05:00,SKYW
46.62,46.62,46.47,46.53,3916,2021-08-30 19:10:00,SKYW
46.55,46.58,46.49,46.49,4122,2021-08-30 19:15:00,SKYW
46.48,46.48,46.26,46.26,3155,2021-08-30 19:20:00,SKYW
46.32,46.35,46.28,46.29,2340,2021-08-30 19:25:00,SKYW
46.3,46.44,46.28,46.41,6018,2021-08-30 19:30:00,SKYW
46.39,46.39,46.26,46.26,3485,2021-08-30 19:35:00,SKYW
46.25,46.27,46.17,46.18,4516,2021-08-30 19:40:00,SKYW
46.18,46.33,46.13,46.33,11002,2021-08-30 19:45:00,SKYW
46.32,46.32,46.18,46.18,18230,2021-08-30 19:50:00,SKYW
46.195,46.22,46.12,46.21,25168,2021-08-30 19:55:00,SKYW
46.16,46.16,46.16,46.16,69216,2021-08-30 20:00:00,SKYW
45.9,46.795,45.7,46.6616,12636,2021-08-31 13:30:00,SKYW
46.8,46.8,46.42,46.45,4287,2021-08-31 13:35:00,SKYW
46.37,46.6,46.37,46.44,2991,2021-08-31 13:40:00,SKYW
46.37,46.37,45.835,46.105,2418,2021-08-31 13:45:00,SKYW
45.96,46.12,45.88,45.945,6435,2021-08-31 13:50:00,SKYW
45.89,46.225,45.89,46.05,2814,2021-08-31 13:55:00,SKYW
46.065,46.24,46.065,46.24,1482,2021-08-31 14:00:00,SKYW
46.08,46.08,45.97,46.0,3029,2021-08-31 14:05:00,SKYW
46.015,46.18,45.93,46.18,2000,2021-08-31 14:10:00,SKYW
46.25,46.485,46.17,46.45,1981,2021-08-31 14:15:00,SKYW
46.47,46.47,46.34,46.36,2221,2021-08-31 14:20:00,SKYW
46.25,46.29,46.15,46.215,4225,2021-08-31 14:25:00,SKYW
46.14,46.15,46.04,46.04,2586,2021-08-31 14:30:00,SKYW
45.91,45.975,45.8001,45.975,4250,2021-08-31 14:35:00,SKYW
46.0,46.17,45.93,46.12,2601,2021-08-31 14:40:00,SKYW
46.2,46.309,46.2,46.29,1734,2021-08-31 14:45:00,SKYW
46.29,46.41,46.29,46.36,2100,2021-08-31 14:50:00,SKYW
46.3,46.31,46.17,46.17,1780,2021-08-31 14:55:00,SKYW
46.17,46.17,46.08,46.1,2000,2021-08-31 15:00:00,SKYW
46.09,46.275,46.06,46.275,1909,2021-08-31 15:05:00,SKYW
46.26,46.27,46.2,46.25,1615,2021-08-31 15:10:00,SKYW
46.285,46.41,46.27,46.4,4668,2021-08-31 15:15:00,SKYW
46.42,46.565,46.42,46.53,1400,2021-08-31 15:20:00,SKYW
46.58,46.595,46.51,46.57,1147,2021-08-31 15:25:00,SKYW
46.595,46.615,46.5,46.52,1870,2021-08-31 15:30:00,SKYW
46.54,46.625,46.54,46.62,1724,2021-08-31 15:35:00,SKYW
46.635,46.79,46.635,46.79,1643,2021-08-31 15:40:00,SKYW
46.82,46.87,46.81,46.81,1400,2021-08-31 15:45:00,SKYW
46.78,46.81,46.68,46.68,2600,2021-08-31 15:50:00,SKYW
46.71,46.71,46.63,46.63,1600,2021-08-31 15:55:00,SKYW
46.64,46.69,46.57,46.66,2900,2021-08-31 16:00:00,SKYW
46.66,46.76,46.66,46.66,3201,2021-08-31 16:05:00,SKYW
46.66,46.665,46.6,46.655,1200,2021-08-31 16:10:00,SKYW
46.74,46.74,46.7,46.7,1844,2021-08-31 16:15:00,SKYW
46.7,46.79,46.69,46.69,2701,2021-08-31 16:20:00,SKYW
46.69,46.73,46.64,46.73,1900,2021-08-31 16:25:00,SKYW
46.71,46.73,46.68,46.72,2818,2021-08-31 16:30:00,SKYW
46.72,46.865,46.72,46.85,1403,2021-08-31 16:35:00,SKYW
46.865,47.06,46.865,47.005,4492,2021-08-31 16:40:00,SKYW
47.0,47.09,46.8,46.83,3752,2021-08-31 16:45:00,SKYW
46.84,47.04,46.84,46.99,1600,2021-08-31 16:50:00,SKYW
46.98,47.095,46.965,46.97,7102,2021-08-31 16:55:00,SKYW
46.97,47.01,46.9658,46.9658,610,2021-08-31 17:00:00,SKYW
47.01,47.025,46.91,46.91,2470,2021-08-31 17:05:00,SKYW
46.95,46.99,46.95,46.99,502,2021-08-31 17:10:00,SKYW
46.93,47.04,46.93,46.99,3100,2021-08-31 17:15:00,SKYW
47.015,47.015,46.94,46.95,2056,2021-08-31 17:20:00,SKYW
46.935,47.09,46.935,47.09,1100,2021-08-31 17:25:00,SKYW
47.1,47.105,47.0,47.04,7817,2021-08-31 17:30:00,SKYW
47.04,47.1599,47.02,47.05,3491,2021-08-31 17:35:00,SKYW
47.065,47.15,47.065,47.15,400,2021-08-31 17:40:00,SKYW
47.165,47.2,47.11,47.14,3090,2021-08-31 17:45:00,SKYW
47.12,47.15,47.11,47.15,2000,2021-08-31 17:50:00,SKYW
47.09,47.115,47.09,47.115,600,2021-08-31 17:55:00,SKYW
47.12,47.25,47.09,47.09,3057,2021-08-31 18:00:00,SKYW
47.0946,47.11,47.01,47.01,2400,2021-08-31 18:05:00,SKYW
47.04,47.04,46.96,46.995,700,2021-08-31 18:10:00,SKYW
46.96,47.005,46.9,46.95,3741,2021-08-31 18:15:00,SKYW
46.98,47.01,46.96,46.97,1470,2021-08-31 18:20:00,SKYW
46.99,47.02,46.89,46.9,3019,2021-08-31 18:25:00,SKYW
46.9,46.925,46.9,46.9,1900,2021-08-31 18:30:00,SKYW
46.925,46.96,46.91,46.95,1600,2021-08-31 18:35:00,SKYW
46.95,46.98,46.91,46.91,2930,2021-08-31 18:40:00,SKYW
46.935,46.99,46.89,46.8925,3200,2021-08-31 18:45:00,SKYW
46.85,46.88,46.85,46.88,500,2021-08-31 18:50:00,SKYW
46.86,46.94,46.855,46.94,1600,2021-08-31 18:55:00,SKYW
46.98,46.98,46.89,46.91,2673,2021-08-31 19:00:00,SKYW
46.89,46.92,46.85,46.85,3374,2021-08-31 19:05:00,SKYW
46.85,46.85,46.66,46.685,3700,2021-08-31 19:10:00,SKYW
46.7,46.715,46.66,46.66,2400,2021-08-31 19:15:00,SKYW
46.65,46.66,46.545,46.66,4400,2021-08-31 19:20:00,SKYW
46.7,46.71,46.56,46.58,3800,2021-08-31 19:25:00,SKYW
46.6,46.615,46.45,46.47,4719,2021-08-31 19:30:00,SKYW
46.465,46.49,46.4,46.41,10145,2021-08-31 19:35:00,SKYW
46.4,46.455,46.4,46.455,5542,2021-08-31 19:40:00,SKYW
46.47,46.66,46.47,46.56,7076,2021-08-31 19:45:00,SKYW
46.58,46.91,46.58,46.82,24280,2021-08-31 19:50:00,SKYW
46.8,46.8,46.6,46.61,28107,2021-08-31 19:55:00,SKYW
46.65,46.65,46.65,46.65,904305,2021-08-31 20:00:00,SKYW
46.66,46.66,46.66,46.66,100,2021-08-31 23:55:00,SKYW
46.31,46.82,46.05,46.08,9384,2021-09-01 13:30:00,SKYW
46.13,46.26,45.79,46.04,7105,2021-09-01 13:35:00,SKYW
46.04,46.04,45.7,45.705,6572,2021-09-01 13:40:00,SKYW
45.7499,45.7499,45.25,45.56,6221,2021-09-01 13:45:00,SKYW
45.679,45.78,45.5,45.71,2694,2021-09-01 13:50:00,SKYW
45.69,45.7,45.578,45.615,1150,2021-09-01 13:55:00,SKYW
45.67,46.0301,45.67,46.0301,1119,2021-09-01 14:00:00,SKYW
46.04,46.04,45.97,46.04,1610,2021-09-01 14:05:00,SKYW
46.0799,46.0799,45.76,45.89,3130,2021-09-01 14:10:00,SKYW
45.87,46.08,45.85,45.85,1507,2021-09-01 14:15:00,SKYW
45.81,46.05,45.79,46.0,2300,2021-09-01 14:20:00,SKYW
46.07,46.13,46.055,46.1,500,2021-09-01 14:25:00,SKYW
46.11,46.34,46.11,46.28,2105,2021-09-01 14:30:00,SKYW
46.23,46.23,46.065,46.065,808,2021-09-01 14:35:00,SKYW
46.12,46.22,46.06,46.06,1600,2021-09-01 14:40:00,SKYW
46.05,46.29,46.05,46.29,2569,2021-09-01 14:45:00,SKYW
46.26,46.42,46.22,46.38,5144,2021-09-01 14:50:00,SKYW
46.41,46.66,46.41,46.66,5411,2021-09-01 14:55:00,SKYW
46.6,46.6,46.36,46.36,2905,2021-09-01 15:00:00,SKYW
46.39,46.55,46.39,46.55,800,2021-09-01 15:05:00,SKYW
46.43,46.455,46.43,46.455,500,2021-09-01 15:10:00,SKYW
46.51,46.69,46.51,46.68,1000,2021-09-01 15:15:00,SKYW
46.63,46.67,46.62,46.67,1300,2021-09-01 15:20:00,SKYW
46.67,46.7,46.53,46.53,1700,2021-09-01 15:25:00,SKYW
46.5,46.54,46.44,46.54,1696,2021-09-01 15:30:00,SKYW
46.59,46.63,46.53,46.53,800,2021-09-01 15:35:00,SKYW
46.48,46.54,46.45,46.459,1500,2021-09-01 15:40:00,SKYW
46.495,46.495,46.34,46.34,1326,2021-09-01 15:45:00,SKYW
46.35,46.45,46.31,46.31,1300,2021-09-01 15:50:00,SKYW
46.325,46.42,46.11,46.12,12021,2021-09-01 15:55:00,SKYW
46.09,46.12,46.04,46.1,3024,2021-09-01 16:00:00,SKYW
46.09,46.16,46.06,46.16,1900,2021-09-01 16:05:00,SKYW
46.19,46.27,46.19,46.24,2700,2021-09-01 16:10:00,SKYW
46.28,46.29,46.24,46.29,1000,2021-09-01 16:15:00,SKYW
46.289,46.37,46.289,46.37,600,2021-09-01 16:20:00,SKYW
46.355,46.42,46.33,46.42,900,2021-09-01 16:25:00,SKYW
46.42,46.5,46.4,46.5,1300,2021-09-01 16:30:00,SKYW
46.51,46.56,46.495,46.495,2500,2021-09-01 16:35:00,SKYW
46.49,46.49,46.39,46.41,2717,2021-09-01 16:40:00,SKYW
46.41,46.425,46.39,46.42,900,2021-09-01 16:45:00,SKYW
46.43,46.45,46.39,46.39,1300,2021-09-01 16:50:00,SKYW
46.42,46.5,46.42,46.5,1036,2021-09-01 16:55:00,SKYW
46.51,46.51,46.445,46.445,800,2021-09-01 17:00:00,SKYW
46.385,46.41,46.385,46.41,300,2021-09-01 17:05:00,SKYW
46.41,46.47,46.4,46.425,1100,2021-09-01 17:10:00,SKYW
46.35,46.35,46.31,46.31,200,2021-09-01 17:15:00,SKYW
46.31,46.42,46.275,46.42,2910,2021-09-01 17:20:00,SKYW
46.43,46.435,46.35,46.35,1300,2021-09-01 17:25:00,SKYW
46.36,46.38,46.28,46.28,505,2021-09-01 17:30:00,SKYW
46.32,46.4,46.32,46.3743,900,2021-09-01 17:35:00,SKYW
46.41,46.435,46.385,46.385,1100,2021-09-01 17:40:00,SKYW
46.37,46.37,46.35,46.35,597,2021-09-01 17:45:00,SKYW
46.35,46.39,46.35,46.36,1200,2021-09-01 17:50:00,SKYW
46.29,46.29,46.24,46.28,300,2021-09-01 17:55:00,SKYW
46.2,46.215,46.1894,46.1894,900,2021-09-01 18:00:00,SKYW
46.22,46.2746,46.22,46.25,1000,2021-09-01 18:05:00,SKYW
46.24,46.29,46.2062,46.225,2000,2021-09-01 18:10:00,SKYW
46.25,46.259,46.2,46.2,1175,2021-09-01 18:15:00,SKYW
46.1701,46.19,46.15,46.16,2023,2021-09-01 18:20:00,SKYW
46.145,46.22,46.13,46.22,500,2021-09-01 18:25:00,SKYW
46.2,46.2,46.115,46.13,602,2021-09-01 18:30:00,SKYW
46.09,46.159,46.07,46.159,1314,2021-09-01 18:35:00,SKYW
46.12,46.15,46.1,46.12,1300,2021-09-01 18:40:00,SKYW
46.12,46.149,46.12,46.14,600,2021-09-01 18:45:00,SKYW
46.12,46.15,46.12,46.12,1200,2021-09-01 18:50:00,SKYW
46.12,46.14,46.09,46.11,2100,2021-09-01 18:55:00,SKYW
46.11,46.12,46.095,46.12,500,2021-09-01 19:00:00,SKYW
46.12,46.14,46.04,46.08,2100,2021-09-01 19:05:00,SKYW
46.03,46.105,46.03,46.075,1300,2021-09-01 19:10:00,SKYW
46.03,46.079,46.02,46.06,2248,2021-09-01 19:15:00,SKYW
46.06,46.095,46.03,46.085,900,2021-09-01 19:20:00,SKYW
46.06,46.1,46.05,46.09,1900,2021-09-01 19:25:00,SKYW
46.07,46.22,46.015,46.18,3859,2021-09-01 19:30:00,SKYW
46.185,46.185,46.04,46.04,1752,2021-09-01 19:35:00,SKYW
46.05,46.06,45.96,45.99,3596,2021-09-01 19:40:00,SKYW
46.02,46.11,46.0,46.07,3800,2021-09-01 19:45:00,SKYW
46.05,46.105,46.0216,46.08,5178,2021-09-01 19:50:00,SKYW
46.07,46.11,46.02,46.05,9614,2021-09-01 19:55:00,SKYW
46.05,46.05,46.05,46.05,54329,2021-09-01 20:00:00,SKYW
46.05,46.05,46.05,46.05,45011,2021-09-01 21:15:00,SKYW
46.25,46.25,46.25,46.25,200,2021-09-02 12:40:00,SKYW
46.2,46.2,46.2,46.2,2642,2021-09-02 13:30:00,SKYW
46.2,46.2,45.84,45.865,1810,2021-09-02 13:35:00,SKYW
45.96,45.96,45.55,45.74,1276,2021-09-02 13:40:00,SKYW
45.85,45.91,45.54,45.54,12762,2021-09-02 13:45:00,SKYW
45.37,45.54,45.37,45.54,300,2021-09-02 13:50:00,SKYW
45.59,45.59,45.57,45.57,500,2021-09-02 13:55:00,SKYW
45.955,46.14,45.955,46.03,2460,2021-09-02 14:05:00,SKYW
45.82,45.82,45.755,45.775,400,2021-09-02 14:10:00,SKYW
45.8982,46.01,45.8982,45.97,850,2021-09-02 14:15:00,SKYW
45.99,46.17,45.945,46.17,600,2021-09-02 14:20:00,SKYW
46.2,46.2,46.07,46.14,2307,2021-09-02 14:25:00,SKYW
46.24,46.29,46.18,46.29,912,2021-09-02 14:30:00,SKYW
46.1,46.395,46.09,46.36,7347,2021-09-02 14:35:00,SKYW
46.265,46.64,46.265,46.6,1864,2021-09-02 14:40:00,SKYW
46.6,46.63,46.5,46.5,1018,2021-09-02 14:45:00,SKYW
46.53,46.53,46.53,46.53,400,2021-09-02 14:50:00,SKYW
46.515,46.515,46.515,46.515,100,2021-09-02 14:55:00,SKYW
46.4996,46.68,46.4996,46.6753,3465,2021-09-02 15:00:00,SKYW
46.65,46.77,46.62,46.77,3139,2021-09-02 15:05:00,SKYW
46.79,46.82,46.7,46.7,2805,2021-09-02 15:10:00,SKYW
46.7,46.75,46.595,46.67,1900,2021-09-02 15:15:00,SKYW
46.725,46.725,46.69,46.7,1900,2021-09-02 15:20:00,SKYW
46.66,46.7602,46.625,46.625,1243,2021-09-02 15:25:00,SKYW
46.79,46.8,46.72,46.7235,1871,2021-09-02 15:30:00,SKYW
46.67,46.675,46.61,46.61,300,2021-09-02 15:35:00,SKYW
46.62,46.77,46.62,46.77,1569,2021-09-02 15:40:00,SKYW
46.86,46.89,46.86,46.89,400,2021-09-02 15:45:00,SKYW
46.84,46.89,46.79,46.79,5561,2021-09-02 15:50:00,SKYW
46.93,46.93,46.81,46.81,1100,2021-09-02 15:55:00,SKYW
46.82,46.82,46.735,46.735,309,2021-09-02 16:00:00,SKYW
46.7689,46.84,46.74,46.83,2300,2021-09-02 16:05:00,SKYW
46.8,46.8,46.72,46.72,700,2021-09-02 16:10:00,SKYW
46.73,46.73,46.67,46.67,300,2021-09-02 16:15:00,SKYW
46.705,46.7579,46.645,46.66,2569,2021-09-02 16:20:00,SKYW
46.7,46.83,46.7,46.83,700,2021-09-02 16:25:00,SKYW
46.82,46.88,46.8,46.88,600,2021-09-02 16:30:00,SKYW
46.91,46.91,46.84,46.85,1300,2021-09-02 16:35:00,SKYW
46.85,46.86,46.83,46.86,700,2021-09-02 16:40:00,SKYW
46.85,46.88,46.7356,46.79,3905,2021-09-02 16:45:00,SKYW
46.87,46.97,46.87,46.955,1973,2021-09-02 16:50:00,SKYW
47.0,47.1064,46.98,47.1064,2958,2021-09-02 16:55:00,SKYW
47.1199,47.1199,46.9,46.9,3200,2021-09-02 17:00:00,SKYW
46.95,47.0,46.95,46.99,900,2021-09-02 17:05:00,SKYW
47.03,47.03,47.0292,47.0292,625,2021-09-02 17:10:00,SKYW
47.06,47.06,47.0,47.02,500,2021-09-02 17:15:00,SKYW
47.02,47.03,46.9,46.9,1100,2021-09-02 17:20:00,SKYW
46.86,46.88,46.83,46.88,4700,2021-09-02 17:25:00,SKYW
46.87,46.95,46.87,46.91,900,2021-09-02 17:30:00,SKYW
46.86,46.87,46.8,46.85,840,2021-09-02 17:35:00,SKYW
46.95,46.95,46.9,46.9,1000,2021-09-02 17:40:00,SKYW
46.88,46.92,46.8201,46.87,4139,2021-09-02 17:45:00,SKYW
46.85,46.85,46.71,46.77,3600,2021-09-02 17:50:00,SKYW
46.78,46.78,46.7,46.7,3700,2021-09-02 17:55:00,SKYW
46.68,46.69,46.55,46.64,2400,2021-09-02 18:00:00,SKYW
46.602,46.72,46.55,46.71,11953,2021-09-02 18:05:00,SKYW
46.68,46.68,46.6,46.6,800,2021-09-02 18:10:00,SKYW
46.72,46.72,46.68,46.72,1000,2021-09-02 18:15:00,SKYW
46.73,46.73,46.67,46.67,1000,2021-09-02 18:20:00,SKYW
46.72,46.735,46.6396,46.68,2896,2021-09-02 18:25:00,SKYW
46.74,46.79,46.74,46.75,692,2021-09-02 18:30:00,SKYW
46.7183,46.7183,46.655,46.655,945,2021-09-02 18:35:00,SKYW
46.68,46.75,46.68,46.75,700,2021-09-02 18:40:00,SKYW
46.74,46.77,46.69,46.72,1400,2021-09-02 18:45:00,SKYW
46.75,46.785,46.75,46.785,1275,2021-09-02 18:50:00,SKYW
46.7784,46.85,46.7784,46.82,2358,2021-09-02 18:55:00,SKYW
46.84,46.85,46.8,46.83,1245,2021-09-02 19:00:00,SKYW
46.81,46.81,46.8,46.8,600,2021-09-02 19:05:00,SKYW
46.724,46.724,46.61,46.65,1986,2021-09-02 19:10:00,SKYW
46.65,46.725,46.65,46.71,1511,2021-09-02 19:15:00,SKYW
46.69,46.69,46.55,46.57,1200,2021-09-02 19:20:00,SKYW
46.59,46.66,46.565,46.62,817,2021-09-02 19:25:00,SKYW
46.58,46.58,46.52,46.52,1500,2021-09-02 19:30:00,SKYW
46.51,46.52,46.44,46.51,3627,2021-09-02 19:35:00,SKYW
46.515,46.52,46.46,46.48,2600,2021-09-02 19:40:00,SKYW
46.5,46.5,46.39,46.47,2300,2021-09-02 19:45:00,SKYW
46.44,46.59,46.43,46.47,10384,2021-09-02 19:50:00,SKYW
46.43,46.44,46.29,46.36,14419,2021-09-02 19:55:00,SKYW
46.37,46.37,46.37,46.37,40584,2021-09-02 20:00:00,SKYW
46.37,46.37,46.37,46.37,100,2021-09-02 21:00:00,SKYW
45.95,46.045,45.85,46.015,5196,2021-09-03 13:30:00,SKYW
46.0301,46.05,46.02,46.05,420,2021-09-03 13:35:00,SKYW
45.87,46.175,45.87,45.94,3849,2021-09-03 13:40:00,SKYW
46.165,46.44,46.165,46.44,1168,2021-09-03 13:45:00,SKYW
46.42,46.42,46.22,46.22,2018,2021-09-03 13:50:00,SKYW
46.22,46.46,46.2,46.46,6214,2021-09-03 13:55:00,SKYW
46.4,46.4,46.01,46.06,4784,2021-09-03 14:00:00,SKYW
45.91,46.005,45.91,45.99,1241,2021-09-03 14:05:00,SKYW
46.06,46.28,46.005,46.28,1219,2021-09-03 14:10:00,SKYW
46.28,46.28,46.23,46.26,558,2021-09-03 14:20:00,SKYW
46.24,46.24,46.123,46.22,1240,2021-09-03 14:25:00,SKYW
46.14,46.14,46.13,46.13,500,2021-09-03 14:30:00,SKYW
46.12,46.12,46.06,46.06,1696,2021-09-03 14:35:00,SKYW
46.01,46.01,46.0,46.0,1100,2021-09-03 14:40:00,SKYW
46.04,46.05,45.995,46.05,800,2021-09-03 14:45:00,SKYW
46.015,46.015,45.95,45.9556,2994,2021-09-03 14:50:00,SKYW
45.95,45.95,45.85,45.89,1369,2021-09-03 14:55:00,SKYW
46.01,46.01,45.97,45.97,2443,2021-09-03 15:00:00,SKYW
45.86,45.88,45.82,45.88,1500,2021-09-03 15:05:00,SKYW
45.85,45.85,45.85,45.85,100,2021-09-03 15:10:00,SKYW
45.79,45.79,45.62,45.62,810,2021-09-03 15:15:00,SKYW
45.58,45.58,45.5396,45.5396,300,2021-09-03 15:20:00,SKYW
45.51,45.53,45.4401,45.4401,1800,2021-09-03 15:25:00,SKYW
45.475,45.54,45.46,45.46,4550,2021-09-03 15:30:00,SKYW
45.42,45.53,45.42,45.506,1907,2021-09-03 15:35:00,SKYW
45.48,45.54,45.45,45.54,1217,2021-09-03 15:40:00,SKYW
45.52,45.58,45.52,45.54,500,2021-09-03 15:45:00,SKYW
45.51,45.54,45.48,45.54,423,2021-09-03 15:50:00,SKYW
45.49,45.5,45.45,45.45,741,2021-09-03 15:55:00,SKYW
45.34,45.34,45.26,45.29,1300,2021-09-03 16:00:00,SKYW
45.2893,45.29,45.24,45.2534,900,2021-09-03 16:05:00,SKYW
45.22,45.23,45.16,45.165,1303,2021-09-03 16:10:00,SKYW
45.18,45.229,45.18,45.229,2341,2021-09-03 16:15:00,SKYW
45.22,45.29,45.22,45.25,1400,2021-09-03 16:20:00,SKYW
45.26,45.27,45.24,45.24,400,2021-09-03 16:25:00,SKYW
45.29,45.29,45.21,45.25,500,2021-09-03 16:30:00,SKYW
45.22,45.22,45.17,45.19,500,2021-09-03 16:35:00,SKYW
45.24,45.29,45.24,45.29,200,2021-09-03 16:40:00,SKYW
45.3291,45.3291,45.22,45.27,715,2021-09-03 16:45:00,SKYW
45.26,45.27,45.26,45.27,200,2021-09-03 16:50:00,SKYW
45.24,45.24,45.22,45.22,200,2021-09-03 16:55:00,SKYW
45.25,45.32,45.25,45.2751,400,2021-09-03 17:00:00,SKYW
45.355,45.355,45.355,45.355,662,2021-09-03 17:05:00,SKYW
45.399,45.48,45.3895,45.48,2900,2021-09-03 17:10:00,SKYW
45.48,45.48,45.4617,45.4617,1290,2021-09-03 17:15:00,SKYW
45.485,45.53,45.485,45.495,1300,2021-09-03 17:20:00,SKYW
45.485,45.51,45.485,45.51,600,2021-09-03 17:25:00,SKYW
45.51,45.58,45.51,45.58,4525,2021-09-03 17:30:00,SKYW
45.5736,45.65,45.5736,45.65,3087,2021-09-03 17:35:00,SKYW
45.6206,45.6447,45.6,45.61,1624,2021-09-03 17:40:00,SKYW
45.6016,45.6492,45.6016,45.6492,400,2021-09-03 17:45:00,SKYW
45.69,45.7499,45.69,45.7499,1100,2021-09-03 17:50:00,SKYW
45.7,45.71,45.7,45.71,300,2021-09-03 17:55:00,SKYW
45.73,45.73,45.71,45.71,600,2021-09-03 18:00:00,SKYW
45.6801,45.6801,45.6801,45.6801,1000,2021-09-03 18:05:00,SKYW
45.73,45.8,45.73,45.8,632,2021-09-03 18:10:00,SKYW
45.84,45.85,45.83,45.8301,900,2021-09-03 18:15:00,SKYW
45.84,45.84,45.75,45.75,2700,2021-09-03 18:20:00,SKYW
45.75,45.75,45.68,45.68,600,2021-09-03 18:25:00,SKYW
45.69,45.69,45.65,45.66,600,2021-09-03 18:30:00,SKYW
45.66,45.69,45.64,45.69,1161,2021-09-03 18:35:00,SKYW
45.7,45.7,45.61,45.62,600,2021-09-03 18:40:00,SKYW
45.65,45.65,45.64,45.64,200,2021-09-03 18:45:00,SKYW
45.66,45.66,45.635,45.655,1928,2021-09-03 18:50:00,SKYW
45.63,45.635,45.63,45.635,300,2021-09-03 18:55:00,SKYW
45.65,45.7402,45.65,45.7402,1238,2021-09-03 19:00:00,SKYW
45.74,45.77,45.735,45.74,2200,2021-09-03 19:05:00,SKYW
45.7209,45.735,45.7,45.715,1940,2021-09-03 19:10:00,SKYW
45.69,45.69,45.67,45.69,610,2021-09-03 19:15:00,SKYW
45.695,45.76,45.68,45.74,1000,2021-09-03 19:20:00,SKYW
45.75,45.75,45.66,45.66,804,2021-09-03 19:25:00,SKYW
45.66,45.67,45.62,45.62,1500,2021-09-03 19:30:00,SKYW
45.61,45.61,45.545,45.55,1000,2021-09-03 19:35:00,SKYW
45.57,45.57,45.53,45.54,1160,2021-09-03 19:40:00,SKYW
45.53,45.58,45.53,45.58,2606,2021-09-03 19:45:00,SKYW
45.59,45.66,45.55,45.66,8621,2021-09-03 19:50:00,SKYW
45.68,45.68,45.54,45.55,5838,2021-09-03 19:55:00,SKYW
45.62,45.62,45.62,45.62,58760,2021-09-03 20:00:00,SKYW
45.62,45.62,45.62,45.62,1882,2021-09-03 20:45:00,SKYW
45.35,45.35,45.35,45.35,100,2021-09-07 13:25:00,SKYW
45.33,45.4502,45.15,45.3878,4623,2021-09-07 13:30:00,SKYW
45.39,45.62,45.38,45.4174,2646,2021-09-07 13:35:00,SKYW
45.56,45.64,45.44,45.6,1868,2021-09-07 13:40:00,SKYW
45.84,45.85,45.77,45.85,1012,2021-09-07 13:45:00,SKYW
45.96,46.16,45.875,46.1595,1902,2021-09-07 13:50:00,SKYW
45.94,45.94,45.63,45.63,1300,2021-09-07 13:55:00,SKYW
45.73,46.03,45.73,46.03,2655,2021-09-07 14:00:00,SKYW
46.14,46.14,45.97,45.97,1463,2021-09-07 14:05:00,SKYW
45.83,46.15,45.83,46.0162,2458,2021-09-07 14:10:00,SKYW
46.08,46.1473,46.08,46.1048,3279,2021-09-07 14:15:00,SKYW
46.08,46.21,46.01,46.01,2148,2021-09-07 14:20:00,SKYW
45.83,45.92,45.81,45.85,1426,2021-09-07 14:25:00,SKYW
45.85,45.85,45.68,45.68,4001,2021-09-07 14:30:00,SKYW
45.69,45.6931,45.57,45.6624,914,2021-09-07 14:35:00,SKYW
45.6,45.63,45.6,45.62,658,2021-09-07 14:40:00,SKYW
45.6,45.6,45.43,45.43,600,2021-09-07 14:45:00,SKYW
45.41,45.48,45.41,45.43,2305,2021-09-07 14:50:00,SKYW
45.45,45.5588,45.43,45.5588,641,2021-09-07 14:55:00,SKYW
45.501,45.501,45.29,45.29,644,2021-09-07 15:00:00,SKYW
45.33,45.39,45.32,45.39,900,2021-09-07 15:05:00,SKYW
45.215,45.39,45.215,45.37,900,2021-09-07 15:10:00,SKYW
45.38,45.38,45.3292,45.3292,1300,2021-09-07 15:15:00,SKYW
45.37,45.4,45.32,45.4,1247,2021-09-07 15:20:00,SKYW
45.47,45.47,45.47,45.47,100,2021-09-07 15:25:00,SKYW
45.595,45.65,45.57,45.65,800,2021-09-07 15:30:00,SKYW
45.6865,45.6865,45.63,45.65,959,2021-09-07 15:35:00,SKYW
45.58,45.58,45.52,45.52,400,2021-09-07 15:40:00,SKYW
45.55,45.58,45.5,45.5,1000,2021-09-07 15:45:00,SKYW
45.47,45.47,45.39,45.39,900,2021-09-07 15:50:00,SKYW
45.31,45.37,45.31,45.37,800,2021-09-07 15:55:00,SKYW
45.3917,45.45,45.3917,45.44,400,2021-09-07 16:00:00,SKYW
45.46,45.47,45.46,45.465,419,2021-09-07 16:05:00,SKYW
45.48,45.48,45.43,45.46,1831,2021-09-07 16:10:00,SKYW
45.31,45.34,45.31,45.31,300,2021-09-07 16:15:00,SKYW
45.34,45.34,45.33,45.34,604,2021-09-07 16:20:00,SKYW
45.41,45.49,45.39,45.49,643,2021-09-07 16:25:00,SKYW
45.52,45.52,45.43,45.43,712,2021-09-07 16:35:00,SKYW
45.46,45.6,45.46,45.6,500,2021-09-07 16:40:00,SKYW
45.56,45.57,45.56,45.57,424,2021-09-07 16:45:00,SKYW
45.6,45.6,45.6,45.6,100,2021-09-07 16:50:00,SKYW
45.6,45.62,45.57,45.57,1145,2021-09-07 16:55:00,SKYW
45.62,45.63,45.51,45.54,600,2021-09-07 17:00:00,SKYW
45.5999,45.5999,45.54,45.54,300,2021-09-07 17:05:00,SKYW
45.54,45.56,45.54,45.54,1300,2021-09-07 17:10:00,SKYW
45.56,45.595,45.56,45.595,343,2021-09-07 17:15:00,SKYW
45.6,45.6,45.57,45.6,500,2021-09-07 17:20:00,SKYW
45.59,45.6,45.58,45.58,400,2021-09-07 17:25:00,SKYW
45.6,45.6,45.58,45.58,200,2021-09-07 17:30:00,SKYW
45.58,45.62,45.56,45.62,917,2021-09-07 17:35:00,SKYW
45.6,45.67,45.6,45.67,200,2021-09-07 17:40:00,SKYW
45.67,45.7,45.67,45.7,300,2021-09-07 17:45:00,SKYW
45.68,45.7466,45.63,45.7466,1080,2021-09-07 17:50:00,SKYW
45.73,45.73,45.71,45.72,300,2021-09-07 17:55:00,SKYW
45.69,45.71,45.69,45.71,200,2021-09-07 18:00:00,SKYW
45.67,45.68,45.645,45.645,700,2021-09-07 18:05:00,SKYW
45.65,45.66,45.62,45.62,1710,2021-09-07 18:10:00,SKYW
45.6,45.6,45.577,45.577,200,2021-09-07 18:15:00,SKYW
45.54,45.56,45.54,45.56,602,2021-09-07 18:20:00,SKYW
45.53,45.56,45.53,45.56,600,2021-09-07 18:25:00,SKYW
45.51,45.65,45.51,45.65,1300,2021-09-07 18:30:00,SKYW
45.63,45.64,45.61,45.64,1656,2021-09-07 18:35:00,SKYW
45.6,45.6,45.51,45.51,300,2021-09-07 18:40:00,SKYW
45.58,45.62,45.57,45.62,1700,2021-09-07 18:45:00,SKYW
45.61,45.67,45.6,45.67,700,2021-09-07 18:50:00,SKYW
45.78,45.82,45.78,45.81,1049,2021-09-07 18:55:00,SKYW
45.8,45.83,45.8,45.83,200,2021-09-07 19:00:00,SKYW
45.8,45.82,45.78,45.8,648,2021-09-07 19:05:00,SKYW
45.78,45.82,45.76,45.76,601,2021-09-07 19:10:00,SKYW
45.77,45.8,45.76,45.76,1148,2021-09-07 19:15:00,SKYW
45.76,45.795,45.76,45.795,700,2021-09-07 19:20:00,SKYW
45.81,45.92,45.81,45.91,1000,2021-09-07 19:25:00,SKYW
45.89,46.01,45.88,46.01,1000,2021-09-07 19:30:00,SKYW
46.06,46.06,46.0,46.01,1459,2021-09-07 19:35:00,SKYW
45.98,45.98,45.93,45.97,1700,2021-09-07 19:40:00,SKYW
45.99,46.01,45.96,46.01,3489,2021-09-07 19:45:00,SKYW
46.0,46.01,45.92,45.92,2506,2021-09-07 19:50:00,SKYW
45.89,45.93,45.84,45.93,7243,2021-09-07 19:55:00,SKYW
45.93,45.93,45.93,45.93,18128,2021-09-07 20:00:00,SKYW
45.93,45.93,45.93,45.93,955,2021-09-07 21:30:00,SKYW
45.79,45.89,45.6302,45.89,3828,2021-09-08 13:30:00,SKYW
45.87,46.03,45.865,45.98,1916,2021-09-08 13:35:00,SKYW
46.08,46.08,45.96,46.015,1600,2021-09-08 13:40:00,SKYW
46.01,46.2,46.0,46.15,2801,2021-09-08 13:45:00,SKYW
46.21,46.21,46.11,46.11,1216,2021-09-08 13:50:00,SKYW
46.285,46.32,46.06,46.26,3099,2021-09-08 13:55:00,SKYW
46.26,46.28,45.93,45.93,1284,2021-09-08 14:00:00,SKYW
45.81,45.81,45.69,45.69,600,2021-09-08 14:05:00,SKYW
45.73,45.81,45.7068,45.81,1500,2021-09-08 14:10:00,SKYW
45.77,45.91,45.765,45.9,2400,2021-09-08 14:15:00,SKYW
45.85,45.9,45.77,45.82,3100,2021-09-08 14:20:00,SKYW
45.69,45.69,45.5203,45.5203,2761,2021-09-08 14:25:00,SKYW
45.475,45.475,45.41,45.44,1731,2021-09-08 14:30:00,SKYW
45.405,45.41,45.18,45.18,2151,2021-09-08 14:35:00,SKYW
45.16,45.16,45.08,45.08,1728,2021-09-08 14:40:00,SKYW
45.02,45.2025,44.9,45.2025,5808,2021-09-08 14:45:00,SKYW
45.14,45.14,45.03,45.03,700,2021-09-08 14:50:00,SKYW
44.92,45.04,44.92,44.97,1413,2021-09-08 14:55:00,SKYW
45.0013,45.06,44.94,44.97,1757,2021-09-08 15:00:00,SKYW
44.97,45.135,44.97,45.0306,3244,2021-09-08 15:05:00,SKYW
45.03,45.205,45.03,45.1905,7020,2021-09-08 15:10:00,SKYW
45.15,45.24,45.04,45.04,2550,2021-09-08 15:15:00,SKYW
44.92,44.92,44.75,44.81,620,2021-09-08 15:20:00,SKYW
44.86,44.91,44.635,44.65,2325,2021-09-08 15:25:00,SKYW
44.69,44.71,44.62,44.6315,1750,2021-09-08 15:30:00,SKYW
44.58,44.63,44.54,44.63,1101,2021-09-08 15:35:00,SKYW
44.66,44.71,44.63,44.65,1920,2021-09-08 15:40:00,SKYW
44.69,44.69,44.59,44.59,300,2021-09-08 15:45:00,SKYW
44.57,44.57,44.53,44.54,300,2021-09-08 15:50:00,SKYW
44.53,44.6,44.53,44.6,507,2021-09-08 15:55:00,SKYW
44.6,44.7,44.6,44.67,1269,2021-09-08 16:00:00,SKYW
44.81,44.81,44.81,44.81,200,2021-09-08 16:05:00,SKYW
44.86,44.86,44.78,44.83,500,2021-09-08 16:10:00,SKYW
44.78,44.78,44.77,44.77,400,2021-09-08 16:15:00,SKYW
44.88,44.89,44.85,44.85,1000,2021-09-08 16:20:00,SKYW
44.83,45.01,44.83,45.01,400,2021-09-08 16:25:00,SKYW
45.02,45.1199,45.02,45.1199,1300,2021-09-08 16:30:00,SKYW
45.05,45.12,45.05,45.09,300,2021-09-08 16:35:00,SKYW
45.11,45.11,45.05,45.09,1867,2021-09-08 16:40:00,SKYW
45.005,45.005,44.95,44.98,2784,2021-09-08 16:45:00,SKYW
44.97,45.01,44.94,45.0,2500,2021-09-08 16:50:00,SKYW
44.98,44.98,44.88,44.88,501,2021-09-08 16:55:00,SKYW
44.84,44.84,44.84,44.84,100,2021-09-08 17:00:00,SKYW
44.85,44.94,44.85,44.885,1300,2021-09-08 17:05:00,SKYW
44.85,44.85,44.85,44.85,200,2021-09-08 17:10:00,SKYW
44.8,44.83,44.8,44.83,500,2021-09-08 17:15:00,SKYW
44.84,44.895,44.84,44.89,600,2021-09-08 17:20:00,SKYW
44.875,44.9337,44.875,44.9148,1640,2021-09-08 17:25:00,SKYW
44.9231,44.93,44.88,44.88,875,2021-09-08 17:30:00,SKYW
44.86,44.86,44.79,44.79,200,2021-09-08 17:35:00,SKYW
44.73,44.73,44.73,44.73,252,2021-09-08 17:40:00,SKYW
44.76,44.79,44.69,44.69,1000,2021-09-08 17:45:00,SKYW
44.7,44.72,44.68,44.68,907,2021-09-08 17:50:00,SKYW
44.65,44.67,44.65,44.67,200,2021-09-08 17:55:00,SKYW
44.65,44.78,44.61,44.74,1807,2021-09-08 18:00:00,SKYW
44.73,44.79,44.7,44.73,8289,2021-09-08 18:05:00,SKYW
44.76,44.76,44.723,44.723,213,2021-09-08 18:10:00,SKYW
44.76,44.78,44.68,44.69,1000,2021-09-08 18:15:00,SKYW
44.6418,44.6567,44.55,44.56,1751,2021-09-08 18:20:00,SKYW
44.51,44.55,44.47,44.53,1202,2021-09-08 18:25:00,SKYW
44.57,44.6,44.57,44.6,600,2021-09-08 18:30:00,SKYW
44.6,44.61,44.59,44.61,800,2021-09-08 18:35:00,SKYW
44.64,44.675,44.59,44.675,1998,2021-09-08 18:40:00,SKYW
44.7,44.7299,44.7,44.71,1600,2021-09-08 18:45:00,SKYW
44.7599,44.76,44.71,44.76,720,2021-09-08 18:50:00,SKYW
44.73,44.78,44.72,44.76,1900,2021-09-08 18:55:00,SKYW
44.755,44.755,44.7,44.7175,1500,2021-09-08 19:00:00,SKYW
44.74,44.81,44.74,44.81,1200,2021-09-08 19:05:00,SKYW
44.82,44.8345,44.8,44.8248,2507,2021-09-08 19:10:00,SKYW
44.83,44.84,44.79,44.8,1853,2021-09-08 19:15:00,SKYW
44.795,44.82,44.795,44.805,900,2021-09-08 19:20:00,SKYW
44.78,44.78,44.73,44.75,1680,2021-09-08 19:25:00,SKYW
44.69,44.69,44.632,44.68,400,2021-09-08 19:30:00,SKYW
44.68,44.69,44.65,44.67,2210,2021-09-08 19:35:00,SKYW
44.67,44.69,44.62,44.67,2145,2021-09-08 19:40:00,SKYW
44.63,44.65,44.58,44.59,3894,2021-09-08 19:45:00,SKYW
44.59,44.66,44.575,44.62,6299,2021-09-08 19:50:00,SKYW
44.61,44.68,44.58,44.67,9019,2021-09-08 19:55:00,SKYW
44.59,44.59,44.59,44.59,35599,2021-09-08 20:00:00,SKYW
44.01,44.01,44.01,44.01,200,2021-09-09 12:55:00,SKYW
44.51,44.51,44.51,44.51,100,2021-09-09 13:25:00,SKYW
44.5,44.5,44.5,44.5,2281,2021-09-09 13:30:00,SKYW
44.94,44.94,44.94,44.94,100,2021-09-09 13:35:00,SKYW
44.84,44.84,44.81,44.815,800,2021-09-09 13:40:00,SKYW
44.82,44.905,44.65,44.905,1573,2021-09-09 13:45:00,SKYW
45.08,45.132,45.01,45.132,1625,2021-09-09 13:50:00,SKYW
45.24,45.5,45.24,45.5,1000,2021-09-09 13:55:00,SKYW
45.5,45.52,45.43,45.5,1208,2021-09-09 14:00:00,SKYW
45.57,45.69,45.53,45.67,1304,2021-09-09 14:05:00,SKYW
45.59,45.685,45.59,45.685,1479,2021-09-09 14:10:00,SKYW
45.59,45.67,45.59,45.67,200,2021-09-09 14:15:00,SKYW
45.64,45.64,45.54,45.6,968,2021-09-09 14:20:00,SKYW
45.64,45.77,45.59,45.725,1303,2021-09-09 14:25:00,SKYW
45.72,45.72,45.72,45.72,100,2021-09-09 14:30:00,SKYW
45.77,45.97,45.71,45.9439,2275,2021-09-09 14:35:00,SKYW
45.95,46.1026,45.905,46.1,2790,2021-09-09 14:40:00,SKYW
46.03,46.18,46.01,46.03,1374,2021-09-09 14:45:00,SKYW
46.0,46.03,46.0,46.02,850,2021-09-09 14:50:00,SKYW
46.0,46.19,45.96,46.06,3577,2021-09-09 14:55:00,SKYW
46.13,46.38,46.13,46.34,2340,2021-09-09 15:00:00,SKYW
46.41,46.45,46.3,46.44,2641,2021-09-09 15:05:00,SKYW
46.395,46.395,46.25,46.3421,2323,2021-09-09 15:10:00,SKYW
46.42,46.47,46.23,46.23,3093,2021-09-09 15:15:00,SKYW
46.2,46.27,46.0,46.0,4200,2021-09-09 15:20:00,SKYW
46.055,46.055,45.93,45.93,1956,2021-09-09 15:25:00,SKYW
45.9,45.95,45.866,45.95,1907,2021-09-09 15:30:00,SKYW
45.9065,45.94,45.9065,45.91,800,2021-09-09 15:35:00,SKYW
45.8475,45.8996,45.8475,45.8996,2093,2021-09-09 15:40:00,SKYW
45.88,45.88,45.6444,45.6444,3284,2021-09-09 15:45:00,SKYW
45.75,45.78,45.75,45.75,831,2021-09-09 15:50:00,SKYW
45.72,45.86,45.695,45.86,2214,2021-09-09 15:55:00,SKYW
45.885,45.93,45.77,45.77,554,2021-09-09 16:00:00,SKYW
45.84,45.92,45.7401,45.7401,1249,2021-09-09 16:05:00,SKYW
45.765,45.79,45.72,45.78,474,2021-09-09 16:10:00,SKYW
45.765,45.78,45.64,45.72,2040,2021-09-09 16:15:00,SKYW
45.72,45.83,45.72,45.83,694,2021-09-09 16:20:00,SKYW
45.88,45.98,45.84,45.91,800,2021-09-09 16:25:00,SKYW
45.93,46.03,45.86,45.99,8593,2021-09-09 16:30:00,SKYW
46.09,46.1,46.0,46.01,4080,2021-09-09 16:35:00,SKYW
46.0,46.05,46.0,46.05,1031,2021-09-09 16:40:00,SKYW
46.035,46.05,45.975,45.98,5425,2021-09-09 16:45:00,SKYW
45.97,45.97,45.91,45.92,3978,2021-09-09 16:50:00,SKYW
45.93,45.97,45.89,45.95,2179,2021-09-09 16:55:00,SKYW
45.93,45.98,45.93,45.98,500,2021-09-09 17:00:00,SKYW
46.1,46.1,45.99,45.99,695,2021-09-09 17:05:00,SKYW
46.09,46.09,46.0,46.0,1815,2021-09-09 17:10:00,SKYW
46.04,46.06,45.91,45.93,1000,2021-09-09 17:15:00,SKYW
45.9,45.9,45.7,45.7,3200,2021-09-09 17:20:00,SKYW
45.75,45.86,45.75,45.86,2400,2021-09-09 17:25:00,SKYW
45.86,45.86,45.745,45.86,1400,2021-09-09 17:30:00,SKYW
45.77,45.85,45.64,45.64,2113,2021-09-09 17:35:00,SKYW
45.64,45.74,45.64,45.695,700,2021-09-09 17:40:00,SKYW
45.71,45.78,45.7029,45.78,1184,2021-09-09 17:45:00,SKYW
45.77,45.78,45.73,45.735,1000,2021-09-09 17:50:00,SKYW
45.76,45.76,45.73,45.74,659,2021-09-09 17:55:00,SKYW
45.72,45.77,45.48,45.48,1700,2021-09-09 18:00:00,SKYW
45.48,45.56,45.48,45.55,800,2021-09-09 18:05:00,SKYW
45.57,45.63,45.57,45.63,1305,2021-09-09 18:10:00,SKYW
45.65,45.65,45.62,45.62,500,2021-09-09 18:15:00,SKYW
45.58,45.59,45.51,45.57,1100,2021-09-09 18:20:00,SKYW
45.63,45.63,45.57,45.57,600,2021-09-09 18:25:00,SKYW
45.57,45.64,45.54,45.55,410,2021-09-09 18:30:00,SKYW
45.5,45.5,45.41,45.42,1000,2021-09-09 18:35:00,SKYW
45.43,45.43,45.4,45.41,690,2021-09-09 18:40:00,SKYW
45.48,45.54,45.48,45.54,1200,2021-09-09 18:45:00,SKYW
45.46,45.46,45.29,45.32,900,2021-09-09 18:50:00,SKYW
45.38,45.38,45.33,45.36,1381,2021-09-09 18:55:00,SKYW
45.37,45.44,45.37,45.44,733,2021-09-09 19:00:00,SKYW
45.42,45.48,45.36,45.36,1768,2021-09-09 19:05:00,SKYW
45.4,45.48,45.4,45.48,500,2021-09-09 19:10:00,SKYW
45.2715,45.31,45.26,45.31,1612,2021-09-09 19:15:00,SKYW
45.295,45.34,45.23,45.34,2494,2021-09-09 19:20:00,SKYW
45.32,45.4,45.315,45.36,900,2021-09-09 19:25:00,SKYW
45.33,45.44,45.33,45.41,1300,2021-09-09 19:30:00,SKYW
45.43,45.55,45.43,45.54,600,2021-09-09 19:35:00,SKYW
45.53,45.62,45.53,45.61,1501,2021-09-09 19:40:00,SKYW
45.59,45.61,45.58,45.58,900,2021-09-09 19:45:00,SKYW
45.58,45.58,45.35,45.35,7345,2021-09-09 19:50:00,SKYW
45.36,45.44,45.26,45.3,25391,2021-09-09 19:55:00,SKYW
45.3,45.3,45.3,45.3,52198,2021-09-09 20:00:00,SKYW
45.3,45.3,45.3,45.3,1495,2021-09-09 21:05:00,SKYW
45.76,45.76,45.17,45.18,5444,2021-09-10 13:30:00,SKYW
45.16,45.16,44.75,44.93,14399,2021-09-10 13:35:00,SKYW
44.88,44.88,44.69,44.73,540,2021-09-10 13:40:00,SKYW
45.06,45.06,44.73,44.74,6472,2021-09-10 13:45:00,SKYW
44.73,44.87,44.6,44.79,13627,2021-09-10 13:50:00,SKYW
44.81,44.89,44.7,44.7993,14979,2021-09-10 13:55:00,SKYW
44.72,44.72,44.41,44.41,3724,2021-09-10 14:00:00,SKYW
44.46,44.5996,44.25,44.5996,2904,2021-09-10 14:05:00,SKYW
44.62,44.62,44.62,44.62,100,2021-09-10 14:10:00,SKYW
44.47,44.47,44.33,44.34,500,2021-09-10 14:15:00,SKYW
44.375,44.415,44.36,44.415,400,2021-09-10 14:20:00,SKYW
44.46,44.46,44.39,44.39,300,2021-09-10 14:25:00,SKYW
44.255,44.255,44.21,44.22,539,2021-09-10 14:30:00,SKYW
44.25,44.33,44.16,44.2191,2245,2021-09-10 14:35:00,SKYW
44.205,44.205,44.15,44.15,500,2021-09-10 14:40:00,SKYW
44.13,44.17,44.06,44.09,2071,2021-09-10 14:45:00,SKYW
44.06,44.08,44.06,44.06,1550,2021-09-10 14:50:00,SKYW
44.02,44.07,43.86,44.07,3791,2021-09-10 14:55:00,SKYW
43.98,44.04,43.93,44.04,1672,2021-09-10 15:00:00,SKYW
44.04,44.04,43.97,44.03,5300,2021-09-10 15:05:00,SKYW
44.03,44.05,43.97,44.0,1951,2021-09-10 15:10:00,SKYW
44.0,44.025,43.94,43.94,600,2021-09-10 15:15:00,SKYW
43.94,43.94,43.85,43.875,900,2021-09-10 15:20:00,SKYW
43.84,43.97,43.82,43.94,1610,2021-09-10 15:25:00,SKYW
43.875,44.05,43.875,44.05,700,2021-09-10 15:30:00,SKYW
44.02,44.02,43.93,43.9431,1371,2021-09-10 15:35:00,SKYW
43.935,43.94,43.93,43.94,638,2021-09-10 15:40:00,SKYW
43.975,44.0171,43.95,43.95,300,2021-09-10 15:45:00,SKYW
43.93,43.93,43.93,43.93,107,2021-09-10 15:50:00,SKYW
43.86,43.9,43.86,43.9,300,2021-09-10 15:55:00,SKYW
43.98,44.04,43.955,44.04,700,2021-09-10 16:00:00,SKYW
44.07,44.09,44.03,44.035,4932,2021-09-10 16:05:00,SKYW
44.08,44.1,44.08,44.1,478,2021-09-10 16:10:00,SKYW
44.19,44.2,44.16,44.2,400,2021-09-10 16:15:00,SKYW
44.2,44.37,44.2,44.37,700,2021-09-10 16:20:00,SKYW
44.38,44.43,44.33,44.42,1500,2021-09-10 16:25:00,SKYW
44.4,44.4,44.37,44.37,418,2021-09-10 16:30:00,SKYW
44.39,44.45,44.39,44.45,1200,2021-09-10 16:35:00,SKYW
44.455,44.455,44.295,44.295,443,2021-09-10 16:40:00,SKYW
44.33,44.33,44.33,44.33,200,2021-09-10 16:45:00,SKYW
44.175,44.27,44.175,44.235,1500,2021-09-10 16:50:00,SKYW
44.22,44.255,44.21,44.255,500,2021-09-10 16:55:00,SKYW
44.27,44.27,44.22,44.255,3842,2021-09-10 17:00:00,SKYW
44.19,44.19,44.14,44.14,900,2021-09-10 17:05:00,SKYW
44.145,44.19,44.145,44.19,400,2021-09-10 17:10:00,SKYW
44.18,44.21,44.11,44.15,500,2021-09-10 17:15:00,SKYW
44.02,44.0299,44.0,44.0,550,2021-09-10 17:25:00,SKYW
44.015,44.015,44.015,44.015,100,2021-09-10 17:30:00,SKYW
44.043,44.043,43.965,43.99,1200,2021-09-10 17:35:00,SKYW
44.03,44.03,43.99,43.99,300,2021-09-10 17:40:00,SKYW
43.92,43.94,43.91,43.94,500,2021-09-10 17:45:00,SKYW
43.965,43.965,43.86,43.865,2085,2021-09-10 17:50:00,SKYW
43.87,43.94,43.87,43.94,700,2021-09-10 17:55:00,SKYW
43.955,43.955,43.93,43.93,200,2021-09-10 18:00:00,SKYW
43.88,43.9,43.875,43.89,400,2021-09-10 18:05:00,SKYW
43.89,43.8981,43.87,43.8981,302,2021-09-10 18:10:00,SKYW
43.915,43.915,43.88,43.88,580,2021-09-10 18:15:00,SKYW
43.87,43.87,43.8082,43.8082,1700,2021-09-10 18:20:00,SKYW
43.8,43.8,43.8,43.8,117,2021-09-10 18:25:00,SKYW
43.76,43.76,43.59,43.59,4050,2021-09-10 18:30:00,SKYW
43.61,43.61,43.55,43.59,1079,2021-09-10 18:35:00,SKYW
43.57,43.63,43.57,43.63,753,2021-09-10 18:40:00,SKYW
43.625,43.625,43.59,43.5952,757,2021-09-10 18:45:00,SKYW
43.62,43.63,43.62,43.62,629,2021-09-10 18:50:00,SKYW
43.64,43.64,43.55,43.57,2654,2021-09-10 18:55:00,SKYW
43.545,43.57,43.52,43.57,600,2021-09-10 19:00:00,SKYW
43.55,43.57,43.5,43.5,1300,2021-09-10 19:05:00,SKYW
43.455,43.49,43.4,43.41,1450,2021-09-10 19:10:00,SKYW
43.42,43.45,43.34,43.36,10576,2021-09-10 19:15:00,SKYW
43.41,43.41,43.39,43.4,1400,2021-09-10 19:20:00,SKYW
43.4,43.535,43.4,43.5,1704,2021-09-10 19:25:00,SKYW
43.44,43.44,43.38,43.39,1860,2021-09-10 19:30:00,SKYW
43.335,43.345,43.27,43.345,1230,2021-09-10 19:35:00,SKYW
43.33,43.37,43.32,43.35,2467,2021-09-10 19:40:00,SKYW
43.32,43.37,43.2701,43.33,4956,2021-09-10 19:45:00,SKYW
43.34,43.34,43.1,43.26,9741,2021-09-10 19:50:00,SKYW
43.29,43.33,43.2,43.3,15498,2021-09-10 19:55:00,SKYW
43.3,43.3,43.3,43.3,218761,2021-09-10 20:00:00,SKYW
43.3,43.3,43.3,43.3,5495,2021-09-10 21:00:00,SKYW
44.11,44.11,43.32,43.46,5076,2021-09-13 13:30:00,SKYW
43.3183,43.46,43.3,43.36,936,2021-09-13 13:35:00,SKYW
43.38,43.5,43.38,43.44,2160,2021-09-13 13:40:00,SKYW
43.31,43.6809,43.31,43.54,3199,2021-09-13 13:45:00,SKYW
43.532,44.14,43.532,43.91,2134,2021-09-13 13:50:00,SKYW
43.915,44.13,43.75,43.88,1415,2021-09-13 13:55:00,SKYW
43.76,43.99,43.71,43.73,2510,2021-09-13 14:00:00,SKYW
43.76,43.875,43.65,43.67,9693,2021-09-13 14:05:00,SKYW
43.695,43.76,43.44,43.76,10520,2021-09-13 14:10:00,SKYW
44.0,44.36,44.0,44.35,1350,2021-09-13 14:15:00,SKYW
44.43,44.78,44.43,44.63,1807,2021-09-13 14:20:00,SKYW
44.68,44.75,44.57,44.64,1400,2021-09-13 14:25:00,SKYW
44.73,44.73,44.55,44.72,2205,2021-09-13 14:30:00,SKYW
44.79,45.01,44.75,44.99,4650,2021-09-13 14:35:00,SKYW
45.01,45.07,44.89,44.99,2666,2021-09-13 14:40:00,SKYW
45.12,45.23,45.06,45.19,2043,2021-09-13 14:45:00,SKYW
45.2,45.32,45.09,45.2604,3039,2021-09-13 14:50:00,SKYW
45.31,45.405,45.15,45.18,2100,2021-09-13 14:55:00,SKYW
45.29,45.37,45.18,45.28,2200,2021-09-13 15:00:00,SKYW
45.2582,45.4,45.21,45.21,4100,2021-09-13 15:05:00,SKYW
45.22,45.25,45.1,45.11,2500,2021-09-13 15:10:00,SKYW
45.12,45.4,45.12,45.37,3500,2021-09-13 15:15:00,SKYW
45.36,45.5,45.345,45.445,2000,2021-09-13 15:20:00,SKYW
45.47,45.5,45.42,45.42,600,2021-09-13 15:25:00,SKYW
45.42,45.465,45.2981,45.41,2957,2021-09-13 15:30:00,SKYW
45.5,45.5,45.315,45.49,2199,2021-09-13 15:35:00,SKYW
45.52,45.52,45.475,45.5,600,2021-09-13 15:40:00,SKYW
45.54,45.54,45.445,45.455,1600,2021-09-13 15:45:00,SKYW
45.41,45.5,45.41,45.5,919,2021-09-13 15:50:00,SKYW
45.6,45.7,45.6,45.67,1200,2021-09-13 15:55:00,SKYW
45.64,45.69,45.62,45.68,1700,2021-09-13 16:00:00,SKYW
45.75,45.765,45.62,45.64,2648,2021-09-13 16:05:00,SKYW
45.63,45.8,45.63,45.765,700,2021-09-13 16:10:00,SKYW
45.66,45.67,45.57,45.67,900,2021-09-13 16:15:00,SKYW
45.71,45.78,45.71,45.78,500,2021-09-13 16:20:00,SKYW
45.8,45.86,45.67,45.67,1700,2021-09-13 16:25:00,SKYW
45.73,45.8,45.66,45.79,1515,2021-09-13 16:30:00,SKYW
45.75,45.785,45.67,45.71,1000,2021-09-13 16:35:00,SKYW
45.67,45.7,45.47,45.6195,5100,2021-09-13 16:40:00,SKYW
45.6,45.62,45.5882,45.62,542,2021-09-13 16:45:00,SKYW
45.651,45.695,45.64,45.64,3100,2021-09-13 16:50:00,SKYW
45.64,45.64,45.58,45.6,1624,2021-09-13 16:55:00,SKYW
45.605,45.62,45.53,45.62,1400,2021-09-13 17:00:00,SKYW
45.6,45.655,45.6,45.61,1200,2021-09-13 17:05:00,SKYW
45.595,45.595,45.52,45.53,700,2021-09-13 17:10:00,SKYW
45.52,45.56,45.41,45.455,1400,2021-09-13 17:15:00,SKYW
45.49,45.49,45.3,45.33,3009,2021-09-13 17:20:00,SKYW
45.31,45.31,45.24,45.24,500,2021-09-13 17:25:00,SKYW
45.22,45.24,45.22,45.24,500,2021-09-13 17:30:00,SKYW
45.27,45.27,45.23,45.23,2400,2021-09-13 17:35:00,SKYW
45.21,45.21,45.12,45.12,3000,2021-09-13 17:40:00,SKYW
45.14,45.255,45.14,45.22,5634,2021-09-13 17:45:00,SKYW
45.22,45.24,45.201,45.23,1098,2021-09-13 17:50:00,SKYW
45.2697,45.27,45.175,45.2255,900,2021-09-13 17:55:00,SKYW
45.34,45.48,45.33,45.43,2116,2021-09-13 18:00:00,SKYW
45.34,45.4,45.34,45.395,1000,2021-09-13 18:05:00,SKYW
45.36,45.36,45.24,45.32,978,2021-09-13 18:10:00,SKYW
45.29,45.37,45.25,45.36,1512,2021-09-13 18:15:00,SKYW
45.3,45.33,45.232,45.237,2580,2021-09-13 18:20:00,SKYW
45.23,45.3,45.23,45.29,1000,2021-09-13 18:25:00,SKYW
45.28,45.36,45.27,45.35,1537,2021-09-13 18:30:00,SKYW
45.375,45.375,45.34,45.34,400,2021-09-13 18:35:00,SKYW
45.36,45.43,45.35,45.43,1100,2021-09-13 18:40:00,SKYW
45.435,45.55,45.385,45.525,1700,2021-09-13 18:45:00,SKYW
45.53,45.55,45.51,45.52,1333,2021-09-13 18:50:00,SKYW
45.46,45.62,45.46,45.6,1767,2021-09-13 18:55:00,SKYW
45.6,45.6,45.39,45.39,1871,2021-09-13 19:00:00,SKYW
45.36,45.565,45.36,45.5,2131,2021-09-13 19:05:00,SKYW
45.6,45.64,45.59,45.61,1650,2021-09-13 19:10:00,SKYW
45.6,45.73,45.6,45.68,4505,2021-09-13 19:15:00,SKYW
45.67,45.735,45.6,45.7,1900,2021-09-13 19:20:00,SKYW
45.695,45.77,45.695,45.71,1300,2021-09-13 19:25:00,SKYW
45.75,45.83,45.72,45.81,3770,2021-09-13 19:30:00,SKYW
45.79,45.81,45.73,45.755,2800,2021-09-13 19:35:00,SKYW
45.69,45.74,45.665,45.665,2969,2021-09-13 19:40:00,SKYW
45.69,45.75,45.69,45.72,3500,2021-09-13 19:45:00,SKYW
45.75,45.83,45.73,45.83,12159,2021-09-13 19:50:00,SKYW
45.82,45.9,45.77,45.83,13500,2021-09-13 19:55:00,SKYW
45.83,45.83,45.83,45.83,41855,2021-09-13 20:00:00,SKYW
45.96,45.96,45.96,45.96,107,2021-09-13 20:10:00,SKYW
46.24,46.24,46.24,46.24,130,2021-09-14 13:25:00,SKYW
46.23,46.23,46.03,46.03,4378,2021-09-14 13:30:00,SKYW
45.82,46.03,45.82,46.03,1211,2021-09-14 13:35:00,SKYW
45.715,45.715,45.32,45.5388,1917,2021-09-14 13:40:00,SKYW
45.44,45.59,45.42,45.42,9378,2021-09-14 13:45:00,SKYW
45.45,45.95,45.45,45.7163,15894,2021-09-14 13:50:00,SKYW
45.5301,45.56,45.53,45.55,664,2021-09-14 13:55:00,SKYW
45.28,45.28,45.0,45.1,10996,2021-09-14 14:00:00,SKYW
45.19,45.58,45.19,45.32,3400,2021-09-14 14:05:00,SKYW
45.32,45.32,45.09,45.17,1324,2021-09-14 14:10:00,SKYW
45.28,45.33,45.17,45.26,1225,2021-09-14 14:15:00,SKYW
45.34,45.355,45.09,45.09,2100,2021-09-14 14:20:00,SKYW
45.0,45.14,44.93,45.055,2111,2021-09-14 14:25:00,SKYW
44.95,44.95,44.78,44.78,1700,2021-09-14 14:30:00,SKYW
44.76,44.87,44.74,44.87,1400,2021-09-14 14:35:00,SKYW
44.93,44.93,44.772,44.93,650,2021-09-14 14:45:00,SKYW
44.99,45.14,44.99,45.08,1743,2021-09-14 14:50:00,SKYW
45.05,45.05,44.805,44.86,1300,2021-09-14 14:55:00,SKYW
44.85,44.85,44.85,44.85,100,2021-09-14 15:00:00,SKYW
44.845,44.845,44.845,44.845,100,2021-09-14 15:05:00,SKYW
44.88,44.96,44.87,44.9539,600,2021-09-14 15:10:00,SKYW
44.9823,45.0,44.93,44.95,573,2021-09-14 15:15:00,SKYW
44.91,44.94,44.91,44.94,400,2021-09-14 15:20:00,SKYW
44.89,44.89,44.89,44.89,100,2021-09-14 15:25:00,SKYW
44.91,44.91,44.91,44.91,100,2021-09-14 15:30:00,SKYW
44.95,44.95,44.9,44.91,728,2021-09-14 15:35:00,SKYW
44.9,44.9,44.9,44.9,200,2021-09-14 15:40:00,SKYW
44.9,44.9,44.86,44.88,600,2021-09-14 15:45:00,SKYW
44.83,44.9,44.83,44.9,500,2021-09-14 15:55:00,SKYW
44.93,44.9795,44.93,44.955,2000,2021-09-14 16:00:00,SKYW
45.005,45.04,44.98,45.04,1000,2021-09-14 16:05:00,SKYW
45.11,45.15,45.1,45.15,2260,2021-09-14 16:10:00,SKYW
45.19,45.24,45.165,45.165,4304,2021-09-14 16:15:00,SKYW
45.13,45.13,45.13,45.13,100,2021-09-14 16:20:00,SKYW
45.01,45.155,45.01,45.115,900,2021-09-14 16:25:00,SKYW
45.07,45.07,44.97,45.035,1300,2021-09-14 16:30:00,SKYW
45.035,45.08,45.035,45.07,500,2021-09-14 16:35:00,SKYW
45.04,45.04,44.98,44.98,750,2021-09-14 16:40:00,SKYW
45.0,45.12,45.0,45.1,600,2021-09-14 16:45:00,SKYW
45.09,45.09,45.05,45.05,200,2021-09-14 16:50:00,SKYW
45.015,45.015,45.015,45.015,100,2021-09-14 16:55:00,SKYW
45.02,45.02,44.96,44.96,400,2021-09-14 17:00:00,SKYW
44.94,44.94,44.87,44.87,200,2021-09-14 17:05:00,SKYW
44.87,44.905,44.85,44.88,2200,2021-09-14 17:10:00,SKYW
44.98,45.07,44.98,45.07,300,2021-09-14 17:15:00,SKYW
45.13,45.2,45.13,45.2,300,2021-09-14 17:20:00,SKYW
45.22,45.245,45.22,45.245,400,2021-09-14 17:25:00,SKYW
45.26,45.35,45.26,45.35,1800,2021-09-14 17:30:00,SKYW
45.4,45.4,45.36,45.36,495,2021-09-14 17:35:00,SKYW
45.385,45.4,45.35,45.4,600,2021-09-14 17:40:00,SKYW
45.41,45.43,45.31,45.31,3270,2021-09-14 17:45:00,SKYW
45.32,45.32,45.32,45.32,100,2021-09-14 17:50:00,SKYW
45.3,45.3,45.3,45.3,220,2021-09-14 17:55:00,SKYW
45.27,45.27,45.2,45.2,617,2021-09-14 18:00:00,SKYW
45.2,45.23,45.14,45.14,1638,2021-09-14 18:05:00,SKYW
45.14,45.14,45.08,45.08,200,2021-09-14 18:10:00,SKYW
45.065,45.12,45.065,45.1,800,2021-09-14 18:15:00,SKYW
45.08,45.11,45.07,45.11,700,2021-09-14 18:20:00,SKYW
45.07,45.09,45.02,45.02,401,2021-09-14 18:25:00,SKYW
44.85,44.86,44.85,44.86,500,2021-09-14 18:30:00,SKYW
44.81,44.84,44.8,44.81,1252,2021-09-14 18:35:00,SKYW
44.835,44.92,44.835,44.835,2132,2021-09-14 18:40:00,SKYW
44.82,44.825,44.73,44.76,1725,2021-09-14 18:45:00,SKYW
44.77,44.84,44.77,44.81,2683,2021-09-14 18:50:00,SKYW
44.835,44.905,44.835,44.905,400,2021-09-14 18:55:00,SKYW
44.9,44.9,44.76,44.795,400,2021-09-14 19:00:00,SKYW
44.765,44.88,44.76,44.88,1053,2021-09-14 19:05:00,SKYW
44.83,44.855,44.82,44.82,769,2021-09-14 19:10:00,SKYW
44.82,44.83,44.765,44.83,1100,2021-09-14 19:15:00,SKYW
44.8,44.93,44.8,44.915,1200,2021-09-14 19:20:00,SKYW
44.86,44.88,44.81,44.815,1000,2021-09-14 19:25:00,SKYW
44.81,44.81,44.74,44.81,900,2021-09-14 19:30:00,SKYW
44.79,44.9,44.78,44.9,1500,2021-09-14 19:35:00,SKYW
44.88,44.94,44.84,44.94,1800,2021-09-14 19:40:00,SKYW
44.975,45.03,44.85,44.865,4250,2021-09-14 19:45:00,SKYW
44.84,45.03,44.82,45.03,6107,2021-09-14 19:50:00,SKYW
45.01,45.1,45.0,45.1,8716,2021-09-14 19:55:00,SKYW
45.1,45.1,45.1,45.1,44902,2021-09-14 20:00:00,SKYW
44.91,44.91,44.85,44.85,257,2021-09-15 13:25:00,SKYW
44.9,45.05,44.17,44.18,19864,2021-09-15 13:30:00,SKYW
44.165,44.67,44.16,44.32,3319,2021-09-15 13:35:00,SKYW
44.48,44.48,44.1501,44.31,2982,2021-09-15 13:40:00,SKYW
44.67,45.24,44.67,45.24,7369,2021-09-15 13:45:00,SKYW
45.23,45.23,44.85,44.85,1759,2021-09-15 13:50:00,SKYW
44.9,45.03,44.87,45.03,3352,2021-09-15 13:55:00,SKYW
45.02,45.02,45.0,45.0,239,2021-09-15 14:00:00,SKYW
45.02,45.02,45.02,45.02,100,2021-09-15 14:05:00,SKYW
44.79,44.79,44.45,44.45,2121,2021-09-15 14:10:00,SKYW
44.56,44.57,44.53,44.53,640,2021-09-15 14:15:00,SKYW
44.59,44.59,44.59,44.59,100,2021-09-15 14:20:00,SKYW
44.71,44.72,44.65,44.65,400,2021-09-15 14:25:00,SKYW
44.76,44.77,44.68,44.73,600,2021-09-15 14:30:00,SKYW
44.73,44.73,44.4941,44.4941,800,2021-09-15 14:35:00,SKYW
44.49,44.5,44.49,44.49,300,2021-09-15 14:40:00,SKYW
44.42,44.42,44.27,44.385,900,2021-09-15 14:45:00,SKYW
44.43,44.51,44.34,44.36,600,2021-09-15 14:50:00,SKYW
44.37,44.38,44.33,44.33,700,2021-09-15 14:55:00,SKYW
44.4,44.525,44.4,44.525,200,2021-09-15 15:00:00,SKYW
44.74,44.79,44.69,44.69,1300,2021-09-15 15:10:00,SKYW
44.735,44.89,44.735,44.89,1100,2021-09-15 15:15:00,SKYW
44.865,44.865,44.73,44.82,1300,2021-09-15 15:20:00,SKYW
44.88,44.91,44.88,44.91,2700,2021-09-15 15:25:00,SKYW
44.835,44.835,44.835,44.835,890,2021-09-15 15:30:00,SKYW
44.855,44.86,44.855,44.86,361,2021-09-15 15:35:00,SKYW
44.92,44.92,44.89,44.89,200,2021-09-15 15:40:00,SKYW
44.92,44.92,44.83,44.87,927,2021-09-15 15:45:00,SKYW
44.8731,44.8731,44.82,44.87,1146,2021-09-15 15:50:00,SKYW
44.885,44.92,44.84,44.84,600,2021-09-15 15:55:00,SKYW
44.845,44.85,44.81,44.81,400,2021-09-15 16:00:00,SKYW
44.76,44.76,44.6805,44.6805,310,2021-09-15 16:05:00,SKYW
44.82,44.82,44.82,44.82,100,2021-09-15 16:10:00,SKYW
44.79,44.86,44.79,44.83,913,2021-09-15 16:15:00,SKYW
44.815,44.85,44.815,44.815,300,2021-09-15 16:20:00,SKYW
44.77,44.83,44.77,44.805,900,2021-09-15 16:25:00,SKYW
44.85,44.89,44.85,44.89,306,2021-09-15 16:30:00,SKYW
44.9,44.98,44.9,44.98,300,2021-09-15 16:35:00,SKYW
44.98,45.045,44.98,44.99,1357,2021-09-15 16:40:00,SKYW
44.98,44.98,44.98,44.98,200,2021-09-15 16:45:00,SKYW
44.96,45.01,44.94,45.01,300,2021-09-15 16:50:00,SKYW
44.985,45.01,44.92,44.97,700,2021-09-15 16:55:00,SKYW
44.93,44.93,44.93,44.93,300,2021-09-15 17:05:00,SKYW
44.96,44.96,44.9599,44.96,1055,2021-09-15 17:10:00,SKYW
44.954,44.954,44.954,44.954,100,2021-09-15 17:15:00,SKYW
44.97,44.97,44.94,44.95,400,2021-09-15 17:20:00,SKYW
45.05,45.0925,45.04,45.0402,1000,2021-09-15 17:25:00,SKYW
45.115,45.16,45.115,45.16,200,2021-09-15 17:30:00,SKYW
45.21,45.21,45.14,45.17,537,2021-09-15 17:35:00,SKYW
45.14,45.14,45.08,45.14,700,2021-09-15 17:40:00,SKYW
45.25,45.35,45.25,45.35,2363,2021-09-15 17:45:00,SKYW
45.32,45.32,45.215,45.215,700,2021-09-15 17:50:00,SKYW
45.185,45.2,45.14,45.16,400,2021-09-15 17:55:00,SKYW
45.2,45.2,45.2,45.2,100,2021-09-15 18:00:00,SKYW
45.08,45.14,45.08,45.14,300,2021-09-15 18:05:00,SKYW
45.15,45.2,45.12,45.2,1335,2021-09-15 18:10:00,SKYW
45.15,45.2,45.15,45.2,2050,2021-09-15 18:15:00,SKYW
45.19,45.19,45.13,45.13,600,2021-09-15 18:20:00,SKYW
45.11,45.15,45.11,45.14,2300,2021-09-15 18:25:00,SKYW
45.2,45.21,45.13,45.21,1100,2021-09-15 18:30:00,SKYW
45.24,45.245,45.19,45.19,2570,2021-09-15 18:35:00,SKYW
45.175,45.22,45.175,45.2,400,2021-09-15 18:40:00,SKYW
45.2,45.25,45.2,45.23,1600,2021-09-15 18:45:00,SKYW
45.22,45.22,45.15,45.155,900,2021-09-15 18:50:00,SKYW
45.21,45.21,45.1,45.12,750,2021-09-15 18:55:00,SKYW
45.09,45.1,45.06,45.1,700,2021-09-15 19:00:00,SKYW
45.15,45.17,45.15,45.17,200,2021-09-15 19:05:00,SKYW
45.14,45.215,45.14,45.205,2000,2021-09-15 19:10:00,SKYW
45.265,45.28,45.25,45.28,937,2021-09-15 19:15:00,SKYW
45.28,45.28,45.21,45.21,300,2021-09-15 19:20:00,SKYW
45.19,45.215,45.09,45.11,945,2021-09-15 19:25:00,SKYW
45.13,45.18,45.095,45.18,900,2021-09-15 19:30:00,SKYW
45.2,45.28,45.2,45.28,1590,2021-09-15 19:35:00,SKYW
45.28,45.34,45.28,45.34,1675,2021-09-15 19:40:00,SKYW
45.34,45.34,45.24,45.26,1700,2021-09-15 19:45:00,SKYW
45.2537,45.33,45.24,45.26,4143,2021-09-15 19:50:00,SKYW
45.23,45.31,45.23,45.25,7350,2021-09-15 19:55:00,SKYW
45.25,45.25,45.25,45.25,48979,2021-09-15 20:00:00,SKYW
45.66,46.15,45.39,46.15,5199,2021-09-16 13:30:00,SKYW
45.82,45.82,45.82,45.82,100,2021-09-16 13:35:00,SKYW
45.83,45.85,45.68,45.68,1600,2021-09-16 13:40:00,SKYW
45.71,45.8,45.54,45.8,8758,2021-09-16 13:45:00,SKYW
45.8,45.89,45.595,45.595,2256,2021-09-16 13:50:00,SKYW
45.66,45.66,45.52,45.54,800,2021-09-16 14:00:00,SKYW
45.57,45.63,45.34,45.57,1500,2021-09-16 14:05:00,SKYW
45.58,45.58,45.56,45.56,200,2021-09-16 14:10:00,SKYW
45.48,45.63,45.48,45.59,911,2021-09-16 14:15:00,SKYW
45.5477,45.55,45.53,45.55,450,2021-09-16 14:20:00,SKYW
45.65,45.68,45.59,45.63,600,2021-09-16 14:25:00,SKYW
45.6943,45.73,45.66,45.73,418,2021-09-16 14:30:00,SKYW
45.73,45.73,45.73,45.73,300,2021-09-16 14:35:00,SKYW
45.7153,45.7153,45.59,45.63,1681,2021-09-16 14:40:00,SKYW
45.52,45.76,45.5,45.76,500,2021-09-16 14:45:00,SKYW
45.62,45.62,45.57,45.58,300,2021-09-16 14:50:00,SKYW
45.31,45.42,45.31,45.41,800,2021-09-16 14:55:00,SKYW
45.59,45.59,45.52,45.52,200,2021-09-16 15:00:00,SKYW
45.58,45.59,45.42,45.43,7429,2021-09-16 15:05:00,SKYW
45.44,45.47,45.39,45.47,600,2021-09-16 15:10:00,SKYW
45.675,45.675,45.675,45.675,100,2021-09-16 15:15:00,SKYW
45.72,45.72,45.72,45.72,200,2021-09-16 15:20:00,SKYW
45.83,45.83,45.78,45.78,400,2021-09-16 15:25:00,SKYW
45.7609,45.7609,45.7609,45.7609,103,2021-09-16 15:30:00,SKYW
45.79,45.79,45.77,45.77,500,2021-09-16 15:35:00,SKYW
45.84,45.85,45.8,45.8,1000,2021-09-16 15:40:00,SKYW
45.76,45.77,45.76,45.77,619,2021-09-16 15:45:00,SKYW
45.89,45.9,45.89,45.9,304,2021-09-16 15:50:00,SKYW
45.7989,45.87,45.7989,45.87,480,2021-09-16 15:55:00,SKYW
45.85,45.91,45.8,45.82,1296,2021-09-16 16:00:00,SKYW
45.81,45.81,45.81,45.81,100,2021-09-16 16:05:00,SKYW
45.84,45.84,45.83,45.83,611,2021-09-16 16:10:00,SKYW
45.88,45.88,45.83,45.83,500,2021-09-16 16:15:00,SKYW
45.87,45.92,45.87,45.89,1404,2021-09-16 16:20:00,SKYW
45.885,45.885,45.885,45.885,106,2021-09-16 16:25:00,SKYW
45.907,45.94,45.907,45.94,420,2021-09-16 16:30:00,SKYW
46.0,46.03,46.0,46.03,575,2021-09-16 16:35:00,SKYW
46.0,46.06,46.0,46.06,632,2021-09-16 16:40:00,SKYW
46.19,46.19,46.05,46.05,1600,2021-09-16 16:50:00,SKYW
46.07,46.14,46.0283,46.135,810,2021-09-16 16:55:00,SKYW
46.12,46.16,46.12,46.16,200,2021-09-16 17:00:00,SKYW
46.18,46.19,46.09,46.19,1910,2021-09-16 17:05:00,SKYW
46.16,46.16,46.051,46.07,304,2021-09-16 17:10:00,SKYW
46.0578,46.15,46.0578,46.15,700,2021-09-16 17:15:00,SKYW
46.19,46.2,46.17,46.185,495,2021-09-16 17:20:00,SKYW
46.19,46.2,46.16,46.17,700,2021-09-16 17:25:00,SKYW
46.21,46.21,46.12,46.155,900,2021-09-16 17:30:00,SKYW
46.14,46.14,46.09,46.14,691,2021-09-16 17:35:00,SKYW
46.145,46.16,46.11,46.11,1189,2021-09-16 17:40:00,SKYW
46.16,46.2,46.16,46.2,1300,2021-09-16 17:45:00,SKYW
46.19,46.29,46.19,46.28,3414,2021-09-16 17:50:00,SKYW
46.37,46.37,46.31,46.3299,999,2021-09-16 17:55:00,SKYW
46.29,46.33,46.23,46.23,1200,2021-09-16 18:00:00,SKYW
46.33,46.33,46.29,46.29,500,2021-09-16 18:05:00,SKYW
46.32,46.39,46.28,46.315,2119,2021-09-16 18:10:00,SKYW
46.35,46.35,46.35,46.35,100,2021-09-16 18:15:00,SKYW
46.39,46.4,46.39,46.39,300,2021-09-16 18:20:00,SKYW
46.37,46.42,46.33,46.35,2009,2021-09-16 18:25:00,SKYW
46.43,46.43,46.4,46.405,400,2021-09-16 18:30:00,SKYW
46.37,46.39,46.33,46.3599,2600,2021-09-16 18:35:00,SKYW
46.35,46.35,46.23,46.25,700,2021-09-16 18:40:00,SKYW
46.24,46.25,46.24,46.25,300,2021-09-16 18:45:00,SKYW
46.22,46.25,46.22,46.25,966,2021-09-16 18:50:00,SKYW
46.29,46.36,46.29,46.305,7685,2021-09-16 18:55:00,SKYW
46.35,46.39,46.35,46.39,600,2021-09-16 19:00:00,SKYW
46.39,46.53,46.39,46.49,3992,2021-09-16 19:05:00,SKYW
46.48,46.48,46.42,46.42,400,2021-09-16 19:10:00,SKYW
46.46,46.46,46.36,46.36,1600,2021-09-16 19:15:00,SKYW
46.4,46.4,46.33,46.34,600,2021-09-16 19:20:00,SKYW
46.29,46.29,46.23,46.23,200,2021-09-16 19:25:00,SKYW
46.2,46.21,46.1501,46.17,4200,2021-09-16 19:30:00,SKYW
46.15,46.15,46.0,46.01,2600,2021-09-16 19:35:00,SKYW
46.0,46.005,45.91,45.97,6325,2021-09-16 19:40:00,SKYW
45.945,46.02,45.905,45.905,9306,2021-09-16 19:45:00,SKYW
45.92,45.97,45.92,45.96,6468,2021-09-16 19:50:00,SKYW
45.97,45.97,45.82,45.9,13029,2021-09-16 19:55:00,SKYW
45.9,45.9,45.9,45.9,37416,2021-09-16 20:00:00,SKYW
46.0,46.0,46.0,46.0,100,2021-09-16 20:05:00,SKYW
45.77,46.1,45.77,46.1,2200,2021-09-17 13:25:00,SKYW
46.13,46.53,46.13,46.39,44055,2021-09-17 13:30:00,SKYW
46.5,46.58,46.09,46.32,10050,2021-09-17 13:35:00,SKYW
46.49,46.62,46.43,46.47,7678,2021-09-17 13:40:00,SKYW
46.75,46.87,46.59,46.64,1900,2021-09-17 13:45:00,SKYW
46.78,46.99,46.75,46.84,1624,2021-09-17 13:50:00,SKYW
46.92,46.93,46.56,46.56,1680,2021-09-17 13:55:00,SKYW
46.79,46.815,46.7,46.7,600,2021-09-17 14:00:00,SKYW
46.64,46.64,46.48,46.63,600,2021-09-17 14:05:00,SKYW
46.52,46.86,46.52,46.73,2754,2021-09-17 14:10:00,SKYW
46.64,46.81,46.64,46.81,1406,2021-09-17 14:15:00,SKYW
46.755,46.755,46.7,46.7,854,2021-09-17 14:20:00,SKYW
46.575,46.64,46.5,46.5,800,2021-09-17 14:25:00,SKYW
46.23,46.265,46.19,46.265,500,2021-09-17 14:30:00,SKYW
46.34,46.38,46.24,46.38,1100,2021-09-17 14:35:00,SKYW
46.36,46.36,46.18,46.18,700,2021-09-17 14:40:00,SKYW
46.28,46.28,46.27,46.27,200,2021-09-17 14:45:00,SKYW
46.195,46.23,46.13,46.23,770,2021-09-17 14:50:00,SKYW
46.22,46.32,46.14,46.2,1840,2021-09-17 14:55:00,SKYW
46.16,46.18,46.1,46.17,1700,2021-09-17 15:00:00,SKYW
46.13,46.3,46.13,46.26,1100,2021-09-17 15:05:00,SKYW
46.24,46.2404,46.19,46.19,300,2021-09-17 15:10:00,SKYW
46.31,46.45,46.31,46.45,1000,2021-09-17 15:15:00,SKYW
46.51,46.51,46.51,46.51,100,2021-09-17 15:20:00,SKYW
46.46,46.48,46.35,46.37,1100,2021-09-17 15:25:00,SKYW
46.27,46.27,46.26,46.26,368,2021-09-17 15:30:00,SKYW
46.32,46.32,46.32,46.32,200,2021-09-17 15:35:00,SKYW
46.35,46.35,46.25,46.325,600,2021-09-17 15:40:00,SKYW
46.2254,46.37,46.2254,46.37,798,2021-09-17 15:45:00,SKYW
46.325,46.325,46.29,46.32,600,2021-09-17 15:50:00,SKYW
46.305,46.305,46.305,46.305,200,2021-09-17 15:55:00,SKYW
46.3,46.3,46.21,46.21,500,2021-09-17 16:00:00,SKYW
46.195,46.195,46.195,46.195,100,2021-09-17 16:05:00,SKYW
46.15,46.34,46.14,46.31,6575,2021-09-17 16:10:00,SKYW
46.2337,46.33,46.2337,46.31,710,2021-09-17 16:15:00,SKYW
46.2801,46.2801,46.2801,46.2801,175,2021-09-17 16:20:00,SKYW
46.36,46.41,46.28,46.28,600,2021-09-17 16:25:00,SKYW
46.28,46.28,46.28,46.28,200,2021-09-17 16:30:00,SKYW
46.33,46.35,46.32,46.35,1308,2021-09-17 16:35:00,SKYW
46.49,46.53,46.46,46.51,1045,2021-09-17 16:40:00,SKYW
46.55,46.55,46.5,46.5,500,2021-09-17 16:45:00,SKYW
46.48,46.54,46.48,46.49,869,2021-09-17 16:50:00,SKYW
46.48,46.48,46.37,46.37,496,2021-09-17 16:55:00,SKYW
46.37,46.42,46.29,46.41,4500,2021-09-17 17:00:00,SKYW
46.35,46.41,46.33,46.395,800,2021-09-17 17:05:00,SKYW
46.37,46.4,46.33,46.34,1570,2021-09-17 17:10:00,SKYW
46.305,46.32,46.251,46.29,720,2021-09-17 17:15:00,SKYW
46.29,46.295,46.21,46.23,1533,2021-09-17 17:20:00,SKYW
46.19,46.21,46.19,46.19,300,2021-09-17 17:25:00,SKYW
46.1,46.13,46.1,46.13,400,2021-09-17 17:30:00,SKYW
46.14,46.31,46.135,46.31,1452,2021-09-17 17:35:00,SKYW
46.27,46.31,46.26,46.28,1100,2021-09-17 17:40:00,SKYW
46.27,46.27,46.26,46.26,200,2021-09-17 17:45:00,SKYW
46.1,46.1,46.05,46.05,3670,2021-09-17 17:50:00,SKYW
46.1,46.13,46.02,46.05,400,2021-09-17 17:55:00,SKYW
46.11,46.11,46.06,46.06,200,2021-09-17 18:00:00,SKYW
46.02,46.04,46.01,46.04,600,2021-09-17 18:05:00,SKYW
46.0,46.01,45.96,45.96,900,2021-09-17 18:10:00,SKYW
45.92,45.92,45.84,45.84,600,2021-09-17 18:15:00,SKYW
45.86,45.88,45.8318,45.88,1083,2021-09-17 18:20:00,SKYW
45.78,45.84,45.78,45.78,300,2021-09-17 18:25:00,SKYW
45.75,45.79,45.745,45.745,1301,2021-09-17 18:30:00,SKYW
45.735,45.78,45.6301,45.78,1591,2021-09-17 18:35:00,SKYW
45.73,45.81,45.73,45.785,605,2021-09-17 18:40:00,SKYW
45.95,45.96,45.87,45.945,1300,2021-09-17 18:45:00,SKYW
45.9,46.02,45.9,45.93,972,2021-09-17 18:50:00,SKYW
45.99,46.07,45.99,46.03,1998,2021-09-17 18:55:00,SKYW
45.94,46.03,45.94,46.03,600,2021-09-17 19:00:00,SKYW
45.99,46.0461,45.97,46.04,973,2021-09-17 19:05:00,SKYW
45.99,45.99,45.99,45.99,100,2021-09-17 19:10:00,SKYW
45.96,46.05,45.96,46.02,2823,2021-09-17 19:15:00,SKYW
46.08,46.14,46.08,46.1301,1500,2021-09-17 19:20:00,SKYW
46.16,46.16,46.06,46.09,800,2021-09-17 19:25:00,SKYW
46.07,46.11,46.04,46.06,1800,2021-09-17 19:30:00,SKYW
46.1,46.1525,46.07,46.1,2860,2021-09-17 19:35:00,SKYW
46.14,46.18,46.135,46.175,2824,2021-09-17 19:40:00,SKYW
46.16,46.2,46.09,46.12,5417,2021-09-17 19:45:00,SKYW
46.28,46.68,46.24,46.58,33288,2021-09-17 19:50:00,SKYW
46.64,46.76,46.59,46.63,47711,2021-09-17 19:55:00,SKYW
46.66,46.66,46.66,46.66,371705,2021-09-17 20:00:00,SKYW
46.66,46.66,46.66,46.66,6512,2021-09-17 20:10:00,SKYW
45.68,46.0,45.45,45.5132,12891,2021-09-20 13:30:00,SKYW
45.75,45.75,45.16,45.5,8710,2021-09-20 13:35:00,SKYW
45.71,46.315,45.71,46.315,1131,2021-09-20 13:40:00,SKYW
46.2901,46.86,46.2901,46.8,2613,2021-09-20 13:45:00,SKYW
46.91,46.91,46.24,46.47,5133,2021-09-20 13:50:00,SKYW
46.0,46.0,46.0,46.0,600,2021-09-20 13:55:00,SKYW
45.91,45.91,45.8,45.8,500,2021-09-20 14:00:00,SKYW
46.07,46.4,45.9341,45.97,4700,2021-09-20 14:05:00,SKYW
46.01,46.3,45.99,46.3,700,2021-09-20 14:10:00,SKYW
46.21,46.24,45.97,45.97,2300,2021-09-20 14:15:00,SKYW
45.91,45.95,45.75,45.81,3952,2021-09-20 14:20:00,SKYW
45.85,45.85,45.63,45.63,1100,2021-09-20 14:25:00,SKYW
45.84,45.84,45.68,45.68,1000,2021-09-20 14:30:00,SKYW
45.85,46.25,45.85,46.25,5425,2021-09-20 14:35:00,SKYW
46.1,46.29,45.9,46.28,1091,2021-09-20 14:40:00,SKYW
46.04,46.37,46.04,46.37,1521,2021-09-20 14:45:00,SKYW
46.36,46.36,46.3,46.3,400,2021-09-20 14:50:00,SKYW
46.41,46.5249,46.41,46.5249,283,2021-09-20 14:55:00,SKYW
46.44,46.46,46.29,46.46,1200,2021-09-20 15:00:00,SKYW
46.51,46.64,46.48,46.64,900,2021-09-20 15:05:00,SKYW
46.4,46.4,46.37,46.37,200,2021-09-20 15:10:00,SKYW
46.23,46.23,46.15,46.15,400,2021-09-20 15:15:00,SKYW
46.115,46.21,46.09,46.09,600,2021-09-20 15:20:00,SKYW
46.15,46.19,46.08,46.17,900,2021-09-20 15:25:00,SKYW
46.17,46.17,46.04,46.05,800,2021-09-20 15:30:00,SKYW
46.0444,46.05,45.97,46.03,2800,2021-09-20 15:35:00,SKYW
46.119,46.119,45.93,45.93,1150,2021-09-20 15:40:00,SKYW
45.91,45.95,45.87,45.95,1200,2021-09-20 15:45:00,SKYW
46.05,46.08,46.01,46.08,501,2021-09-20 15:55:00,SKYW
46.15,46.2,46.07,46.17,4334,2021-09-20 16:00:00,SKYW
46.18,46.18,46.0,46.0,1000,2021-09-20 16:05:00,SKYW
46.05,46.13,46.05,46.13,910,2021-09-20 16:10:00,SKYW
46.125,46.24,46.125,46.24,1273,2021-09-20 16:15:00,SKYW
46.12,46.12,46.07,46.07,200,2021-09-20 16:20:00,SKYW
46.035,46.08,46.0,46.08,2995,2021-09-20 16:25:00,SKYW
46.12,46.15,45.97,45.97,3695,2021-09-20 16:30:00,SKYW
46.06,46.06,46.06,46.06,100,2021-09-20 16:35:00,SKYW
46.02,46.02,45.94,45.94,787,2021-09-20 16:40:00,SKYW
45.95,46.0,45.9,45.99,1100,2021-09-20 16:45:00,SKYW
45.89,45.9,45.89,45.9,200,2021-09-20 16:50:00,SKYW
45.86,45.91,45.85,45.85,1500,2021-09-20 16:55:00,SKYW
45.87,45.9,45.7915,45.7915,1000,2021-09-20 17:00:00,SKYW
45.79,45.84,45.76,45.78,1200,2021-09-20 17:05:00,SKYW
45.85,45.94,45.75,45.84,700,2021-09-20 17:10:00,SKYW
45.83,45.83,45.78,45.82,709,2021-09-20 17:15:00,SKYW
45.91,45.94,45.87,45.94,900,2021-09-20 17:20:00,SKYW
45.96,45.99,45.93,45.93,800,2021-09-20 17:25:00,SKYW
46.01,46.0197,45.95,46.01,2702,2021-09-20 17:30:00,SKYW
46.035,46.17,46.01,46.17,1154,2021-09-20 17:35:00,SKYW
46.2,46.24,46.15,46.15,999,2021-09-20 17:40:00,SKYW
46.14,46.25,46.14,46.25,600,2021-09-20 17:45:00,SKYW
46.35,46.35,46.27,46.29,600,2021-09-20 17:50:00,SKYW
46.3,46.36,46.25,46.36,400,2021-09-20 17:55:00,SKYW
46.38,46.43,46.31,46.43,900,2021-09-20 18:00:00,SKYW
46.31,46.35,46.31,46.35,200,2021-09-20 18:05:00,SKYW
46.21,46.21,46.21,46.21,100,2021-09-20 18:10:00,SKYW
46.12,46.18,46.12,46.18,1028,2021-09-20 18:15:00,SKYW
46.04,46.04,46.04,46.04,100,2021-09-20 18:20:00,SKYW
45.99,46.06,45.98,46.06,1050,2021-09-20 18:25:00,SKYW
46.0,46.03,45.99,45.99,1105,2021-09-20 18:30:00,SKYW
45.92,45.96,45.91,45.96,1364,2021-09-20 18:35:00,SKYW
46.15,46.15,46.04,46.1,800,2021-09-20 18:40:00,SKYW
46.11,46.12,46.02,46.06,2015,2021-09-20 18:45:00,SKYW
46.09,46.09,46.09,46.09,200,2021-09-20 18:50:00,SKYW
46.12,46.14,46.05,46.14,400,2021-09-20 18:55:00,SKYW
46.13,46.17,46.095,46.16,2250,2021-09-20 19:05:00,SKYW
46.16,46.2,46.12,46.2,891,2021-09-20 19:10:00,SKYW
46.07,46.16,46.07,46.09,1314,2021-09-20 19:15:00,SKYW
46.14,46.36,46.14,46.21,1110,2021-09-20 19:20:00,SKYW
46.35,46.455,46.345,46.42,1656,2021-09-20 19:25:00,SKYW
46.35,46.52,46.35,46.47,1325,2021-09-20 19:30:00,SKYW
46.54,46.7199,46.54,46.645,1300,2021-09-20 19:35:00,SKYW
46.6816,46.7,46.61,46.66,3250,2021-09-20 19:40:00,SKYW
46.675,46.7318,46.66,46.66,2800,2021-09-20 19:45:00,SKYW
46.72,46.79,46.69,46.74,7090,2021-09-20 19:50:00,SKYW
46.72,46.91,46.72,46.72,16389,2021-09-20 19:55:00,SKYW
46.73,46.73,46.73,46.73,41602,2021-09-20 20:00:00,SKYW
46.6,46.6,46.6,46.6,100,2021-09-21 11:00:00,SKYW
47.49,47.49,47.49,47.49,200,2021-09-21 12:05:00,SKYW
47.18,47.38,47.13,47.35,15316,2021-09-21 13:30:00,SKYW
47.46,47.48,47.32,47.48,1997,2021-09-21 13:35:00,SKYW
47.41,47.41,47.05,47.05,813,2021-09-21 13:40:00,SKYW
47.06,47.28,46.85,47.28,3513,2021-09-21 13:45:00,SKYW
47.2,47.2,46.88,46.91,4143,2021-09-21 13:50:00,SKYW
46.8,46.8199,46.45,46.72,4001,2021-09-21 13:55:00,SKYW
46.54,46.72,46.33,46.72,1161,2021-09-21 14:00:00,SKYW
46.64,46.64,46.2,46.2,1708,2021-09-21 14:05:00,SKYW
46.19,46.41,46.19,46.41,1100,2021-09-21 14:10:00,SKYW
46.4082,46.4082,46.0,46.0,3541,2021-09-21 14:15:00,SKYW
46.11,46.11,45.86,45.91,4726,2021-09-21 14:20:00,SKYW
45.8975,46.135,45.85,46.0415,1530,2021-09-21 14:25:00,SKYW
46.19,46.4199,46.15,46.18,2096,2021-09-21 14:30:00,SKYW
46.21,46.26,46.105,46.2,910,2021-09-21 14:35:00,SKYW
46.27,46.27,45.8,45.86,2787,2021-09-21 14:40:00,SKYW
45.81,45.82,45.68,45.68,900,2021-09-21 14:45:00,SKYW
45.58,45.68,45.53,45.65,1843,2021-09-21 14:50:00,SKYW
45.719,45.74,45.6,45.6,6380,2021-09-21 14:55:00,SKYW
45.66,45.8,45.53,45.8,1500,2021-09-21 15:00:00,SKYW
45.8,45.91,45.78,45.78,1900,2021-09-21 15:05:00,SKYW
45.84,45.84,45.61,45.61,1171,2021-09-21 15:10:00,SKYW
45.59,45.59,45.39,45.43,3219,2021-09-21 15:15:00,SKYW
45.41,45.45,45.34,45.38,1818,2021-09-21 15:20:00,SKYW
45.41,45.45,45.32,45.32,2080,2021-09-21 15:25:00,SKYW
45.34,45.57,45.23,45.57,1753,2021-09-21 15:30:00,SKYW
45.6,45.6,45.52,45.55,700,2021-09-21 15:35:00,SKYW
45.4975,45.4975,45.41,45.49,1200,2021-09-21 15:40:00,SKYW
45.49,45.599,45.49,45.599,812,2021-09-21 15:45:00,SKYW
45.48,45.53,45.41,45.49,700,2021-09-21 15:50:00,SKYW
45.45,45.57,45.45,45.56,1500,2021-09-21 15:55:00,SKYW
45.59,45.75,45.59,45.75,600,2021-09-21 16:00:00,SKYW
45.755,45.77,45.7,45.7,2369,2021-09-21 16:05:00,SKYW
45.72,45.79,45.72,45.79,600,2021-09-21 16:10:00,SKYW
45.69,45.71,45.67,45.67,1305,2021-09-21 16:15:00,SKYW
45.7,45.7,45.66,45.66,200,2021-09-21 16:20:00,SKYW
45.62,45.62,45.62,45.62,100,2021-09-21 16:25:00,SKYW
45.65,45.67,45.62,45.67,400,2021-09-21 16:30:00,SKYW
45.625,45.63,45.57,45.57,510,2021-09-21 16:35:00,SKYW
45.56,45.56,45.48,45.54,420,2021-09-21 16:40:00,SKYW
45.52,45.54,45.47,45.47,1400,2021-09-21 16:45:00,SKYW
45.4,45.4,45.25,45.35,1502,2021-09-21 16:50:00,SKYW
45.38,45.47,45.35,45.47,1100,2021-09-21 16:55:00,SKYW
45.48,45.48,45.48,45.48,200,2021-09-21 17:00:00,SKYW
45.43,45.43,45.43,45.43,200,2021-09-21 17:05:00,SKYW
45.43,45.43,45.43,45.43,252,2021-09-21 17:10:00,SKYW
45.37,45.45,45.335,45.45,1000,2021-09-21 17:15:00,SKYW
45.42,45.42,45.3,45.35,800,2021-09-21 17:20:00,SKYW
45.3,45.43,45.3,45.33,1350,2021-09-21 17:25:00,SKYW
45.2801,45.47,45.2801,45.4666,1338,2021-09-21 17:30:00,SKYW
45.4427,45.45,45.42,45.43,937,2021-09-21 17:35:00,SKYW
45.5,45.57,45.5,45.57,300,2021-09-21 17:40:00,SKYW
45.43,45.474,45.43,45.474,200,2021-09-21 17:45:00,SKYW
45.57,45.57,45.365,45.365,700,2021-09-21 17:50:00,SKYW
45.4,45.43,45.4,45.43,310,2021-09-21 17:55:00,SKYW
45.48,45.48,45.48,45.48,300,2021-09-21 18:00:00,SKYW
45.44,45.45,45.32,45.33,800,2021-09-21 18:05:00,SKYW
45.38,45.41,45.32,45.32,860,2021-09-21 18:10:00,SKYW
45.35,45.48,45.35,45.43,2490,2021-09-21 18:15:00,SKYW
45.42,45.4299,45.3,45.31,1600,2021-09-21 18:20:00,SKYW
45.285,45.33,45.285,45.33,301,2021-09-21 18:25:00,SKYW
45.33,45.33,45.285,45.285,1193,2021-09-21 18:30:00,SKYW
45.3,45.38,45.3,45.38,400,2021-09-21 18:35:00,SKYW
45.38,45.4,45.36,45.39,800,2021-09-21 18:40:00,SKYW
45.39,45.42,45.39,45.41,2000,2021-09-21 18:45:00,SKYW
45.44,45.59,45.4,45.43,5051,2021-09-21 18:50:00,SKYW
45.455,45.455,45.355,45.42,3300,2021-09-21 18:55:00,SKYW
45.42,45.53,45.36,45.4,1800,2021-09-21 19:00:00,SKYW
45.43,45.45,45.36,45.4,1700,2021-09-21 19:05:00,SKYW
45.39,45.49,45.37,45.49,4126,2021-09-21 19:10:00,SKYW
45.53,45.53,45.42,45.42,650,2021-09-21 19:15:00,SKYW
45.44,45.64,45.44,45.63,2184,2021-09-21 19:20:00,SKYW
45.64,45.69,45.62,45.65,2100,2021-09-21 19:25:00,SKYW
45.66,45.79,45.66,45.78,2245,2021-09-21 19:30:00,SKYW
45.79,45.81,45.76,45.77,1020,2021-09-21 19:35:00,SKYW
45.71,45.71,45.55,45.555,3400,2021-09-21 19:40:00,SKYW
45.52,45.52,45.41,45.44,4600,2021-09-21 19:45:00,SKYW
45.44,45.48,45.28,45.28,5504,2021-09-21 19:50:00,SKYW
45.33,45.39,45.24,45.24,10591,2021-09-21 19:55:00,SKYW
45.25,45.25,45.25,45.25,36507,2021-09-21 20:00:00,SKYW
45.97,46.09,45.97,46.09,3447,2021-09-22 13:30:00,SKYW
46.1,46.6412,46.03,46.6412,3514,2021-09-22 13:35:00,SKYW
46.71,46.93,46.39,46.54,5338,2021-09-22 13:40:00,SKYW
46.45,46.72,46.43,46.6,1084,2021-09-22 13:45:00,SKYW
46.79,46.94,46.72,46.77,5955,2021-09-22 13:50:00,SKYW
46.76,47.0,46.75,47.0,3834,2021-09-22 13:55:00,SKYW
47.09,47.09,46.8,46.8,750,2021-09-22 14:00:00,SKYW
46.71,46.73,46.61,46.73,510,2021-09-22 14:05:00,SKYW
46.65,46.9,46.62,46.88,7680,2021-09-22 14:10:00,SKYW
46.93,46.96,46.85,46.96,900,2021-09-22 14:15:00,SKYW
46.95,46.95,46.95,46.95,286,2021-09-22 14:20:00,SKYW
46.91,46.91,46.82,46.84,798,2021-09-22 14:25:00,SKYW
46.79,46.88,46.79,46.88,1500,2021-09-22 14:30:00,SKYW
46.8,46.92,46.8,46.85,1982,2021-09-22 14:35:00,SKYW
46.94,47.01,46.89,47.01,1269,2021-09-22 14:40:00,SKYW
46.92,47.07,46.92,47.07,500,2021-09-22 14:45:00,SKYW
47.07,47.13,46.98,47.03,5480,2021-09-22 14:50:00,SKYW
47.04,47.04,46.95,46.95,500,2021-09-22 14:55:00,SKYW
46.91,47.03,46.91,47.0299,1140,2021-09-22 15:00:00,SKYW
47.02,47.12,47.02,47.08,1199,2021-09-22 15:05:00,SKYW
46.96,47.08,46.96,47.08,982,2021-09-22 15:10:00,SKYW
47.2,47.2699,47.19,47.23,1439,2021-09-22 15:15:00,SKYW
47.3,47.31,47.28,47.28,900,2021-09-22 15:20:00,SKYW
47.25,47.31,47.19,47.25,3832,2021-09-22 15:25:00,SKYW
47.27,47.41,47.27,47.41,1857,2021-09-22 15:30:00,SKYW
47.4,47.4,47.3,47.365,729,2021-09-22 15:35:00,SKYW
47.33,47.372,47.26,47.26,2423,2021-09-22 15:40:00,SKYW
47.19,47.24,47.165,47.17,823,2021-09-22 15:50:00,SKYW
47.075,47.229,47.075,47.2,4401,2021-09-22 15:55:00,SKYW
47.2043,47.27,47.2043,47.27,1050,2021-09-22 16:00:00,SKYW
47.3115,47.3115,47.08,47.08,928,2021-09-22 16:05:00,SKYW
47.08,47.11,47.04,47.05,590,2021-09-22 16:10:00,SKYW
47.0201,47.04,46.98,46.98,800,2021-09-22 16:15:00,SKYW
46.99,46.99,46.96,46.98,300,2021-09-22 16:20:00,SKYW
46.96,47.05,46.96,47.05,300,2021-09-22 16:25:00,SKYW
47.07,47.119,47.07,47.119,513,2021-09-22 16:30:00,SKYW
47.11,47.11,47.11,47.11,100,2021-09-22 16:35:00,SKYW
47.09,47.09,47.0656,47.0656,300,2021-09-22 16:40:00,SKYW
47.07,47.09,47.07,47.08,568,2021-09-22 16:45:00,SKYW
47.15,47.15,47.07,47.07,423,2021-09-22 16:50:00,SKYW
47.06,47.06,47.0253,47.06,582,2021-09-22 17:00:00,SKYW
47.16,47.16,47.14,47.14,210,2021-09-22 17:05:00,SKYW
47.16,47.17,47.16,47.16,400,2021-09-22 17:10:00,SKYW
47.135,47.22,47.1305,47.22,600,2021-09-22 17:15:00,SKYW
47.319,47.35,47.26,47.3,500,2021-09-22 17:20:00,SKYW
47.3,47.305,47.3,47.305,220,2021-09-22 17:25:00,SKYW
47.3,47.345,47.3,47.345,917,2021-09-22 17:30:00,SKYW
47.35,47.45,47.3101,47.45,830,2021-09-22 17:35:00,SKYW
47.37,47.45,47.35,47.43,1544,2021-09-22 17:40:00,SKYW
47.42,47.42,47.35,47.37,606,2021-09-22 17:45:00,SKYW
47.31,47.31,47.18,47.18,2747,2021-09-22 17:50:00,SKYW
47.14,47.14,47.01,47.1,5406,2021-09-22 17:55:00,SKYW
47.01,47.3,46.85,47.3,11723,2021-09-22 18:00:00,SKYW
47.24,47.3699,47.22,47.27,800,2021-09-22 18:05:00,SKYW
47.43,47.47,47.41,47.41,400,2021-09-22 18:10:00,SKYW
47.41,47.56,47.41,47.545,3923,2021-09-22 18:15:00,SKYW
47.5699,47.5699,47.32,47.48,1697,2021-09-22 18:20:00,SKYW
47.68,47.71,47.5881,47.71,1312,2021-09-22 18:25:00,SKYW
47.77,47.85,47.65,47.83,2639,2021-09-22 18:30:00,SKYW
47.77,47.77,47.53,47.61,1500,2021-09-22 18:35:00,SKYW
47.51,47.6,47.44,47.49,1200,2021-09-22 18:40:00,SKYW
47.49,47.49,47.26,47.34,1345,2021-09-22 18:45:00,SKYW
47.3,47.48,47.21,47.44,600,2021-09-22 18:50:00,SKYW
47.42,47.42,47.36,47.3952,550,2021-09-22 18:55:00,SKYW
47.36,47.47,47.36,47.36,600,2021-09-22 19:00:00,SKYW
47.34,47.46,47.34,47.46,300,2021-09-22 19:05:00,SKYW
47.58,47.59,47.5,47.53,1400,2021-09-22 19:10:00,SKYW
47.54,47.57,47.54,47.57,746,2021-09-22 19:15:00,SKYW
47.585,47.6199,47.515,47.515,1616,2021-09-22 19:20:00,SKYW
47.55,47.55,47.46,47.53,960,2021-09-22 19:25:00,SKYW
47.45,47.45,47.42,47.44,500,2021-09-22 19:30:00,SKYW
47.38,47.39,47.38,47.39,500,2021-09-22 19:35:00,SKYW
47.4,47.41,47.19,47.2,2100,2021-09-22 19:40:00,SKYW
47.24,47.24,47.14,47.15,1250,2021-09-22 19:45:00,SKYW
47.08,47.24,47.08,47.16,3541,2021-09-22 19:50:00,SKYW
47.1,47.21,47.0303,47.14,7663,2021-09-22 19:55:00,SKYW
47.12,47.12,47.12,47.12,23748,2021-09-22 20:00:00,SKYW
47.12,47.12,47.12,47.12,30586,2021-09-22 21:10:00,SKYW
47.46,47.9025,47.15,47.9025,3467,2021-09-23 13:30:00,SKYW
47.75,48.01,47.75,48.01,1995,2021-09-23 13:35:00,SKYW
48.15,48.49,47.89,48.49,1400,2021-09-23 13:40:00,SKYW
48.37,48.37,48.173,48.26,900,2021-09-23 13:45:00,SKYW
48.28,48.3099,48.16,48.195,1453,2021-09-23 13:50:00,SKYW
48.12,48.3,48.12,48.3,1401,2021-09-23 13:55:00,SKYW
48.38,48.43,48.23,48.23,1712,2021-09-23 14:00:00,SKYW
48.46,48.46,48.12,48.225,3065,2021-09-23 14:05:00,SKYW
48.395,48.485,48.31,48.44,1910,2021-09-23 14:10:00,SKYW
48.4024,48.4024,48.4024,48.4024,100,2021-09-23 14:15:00,SKYW
48.37,48.4,48.27,48.36,1439,2021-09-23 14:20:00,SKYW
48.4486,48.6587,48.41,48.64,4393,2021-09-23 14:25:00,SKYW
48.66,48.66,48.49,48.5,1499,2021-09-23 14:30:00,SKYW
48.54,48.73,48.46,48.66,2100,2021-09-23 14:35:00,SKYW
48.6411,48.7,48.52,48.7,750,2021-09-23 14:40:00,SKYW
48.67,48.75,48.61,48.75,3878,2021-09-23 14:45:00,SKYW
48.63,48.81,48.63,48.75,3200,2021-09-23 14:50:00,SKYW
48.805,48.98,48.805,48.98,4409,2021-09-23 14:55:00,SKYW
48.92,48.93,48.8,48.87,4421,2021-09-23 15:00:00,SKYW
48.8626,48.9,48.8,48.8,600,2021-09-23 15:05:00,SKYW
48.83,48.92,48.83,48.9,740,2021-09-23 15:10:00,SKYW
48.97,49.13,48.93,49.03,7904,2021-09-23 15:15:00,SKYW
49.07,49.07,48.97,49.0,1502,2021-09-23 15:20:00,SKYW
48.9756,48.9756,48.81,48.81,1052,2021-09-23 15:25:00,SKYW
48.8,48.89,48.62,48.62,500,2021-09-23 15:30:00,SKYW
48.63,48.71,48.63,48.68,600,2021-09-23 15:35:00,SKYW
48.6535,48.7,48.64,48.64,1750,2021-09-23 15:40:00,SKYW
48.67,48.67,48.59,48.65,3020,2021-09-23 15:45:00,SKYW
48.64,48.65,48.63,48.63,400,2021-09-23 15:50:00,SKYW
48.6447,48.65,48.59,48.59,1300,2021-09-23 15:55:00,SKYW
48.64,48.65,48.63,48.63,700,2021-09-23 16:00:00,SKYW
48.63,48.65,48.6,48.6,600,2021-09-23 16:05:00,SKYW
48.62,48.6246,48.62,48.6246,207,2021-09-23 16:10:00,SKYW
48.68,48.72,48.68,48.7,471,2021-09-23 16:20:00,SKYW
48.68,48.75,48.64,48.7237,4214,2021-09-23 16:25:00,SKYW
48.75,48.75,48.695,48.73,1800,2021-09-23 16:30:00,SKYW
48.73,48.77,48.69,48.76,1239,2021-09-23 16:35:00,SKYW
48.789,48.88,48.7775,48.86,1200,2021-09-23 16:40:00,SKYW
48.87,49.02,48.87,49.02,2830,2021-09-23 16:45:00,SKYW
49.04,49.04,49.0,49.01,1306,2021-09-23 16:50:00,SKYW
49.04,49.04,48.88,48.88,3196,2021-09-23 16:55:00,SKYW
48.97,48.97,48.97,48.97,100,2021-09-23 17:00:00,SKYW
49.0,49.0,49.0,49.0,581,2021-09-23 17:05:00,SKYW
49.0,49.01,49.0,49.005,400,2021-09-23 17:10:00,SKYW
49.0091,49.0091,48.88,48.88,775,2021-09-23 17:15:00,SKYW
48.81,48.92,48.81,48.92,700,2021-09-23 17:20:00,SKYW
48.91,48.94,48.87,48.9,1343,2021-09-23 17:25:00,SKYW
48.92,48.92,48.9,48.9,848,2021-09-23 17:30:00,SKYW
48.8327,48.91,48.8313,48.9,1510,2021-09-23 17:35:00,SKYW
48.92,48.955,48.92,48.95,300,2021-09-23 17:40:00,SKYW
48.99,49.04,48.99,49.0072,602,2021-09-23 17:45:00,SKYW
49.03,49.06,49.02,49.0204,500,2021-09-23 17:50:00,SKYW
48.99,48.99,48.95,48.95,515,2021-09-23 17:55:00,SKYW
49.01,49.01,49.01,49.01,100,2021-09-23 18:00:00,SKYW
49.04,49.04,48.91,48.91,814,2021-09-23 18:05:00,SKYW
48.83,48.945,48.83,48.945,1520,2021-09-23 18:10:00,SKYW
48.95,49.12,48.95,49.1,3280,2021-09-23 18:15:00,SKYW
49.15,49.3072,49.15,49.27,5153,2021-09-23 18:20:00,SKYW
49.24,49.32,49.24,49.315,819,2021-09-23 18:25:00,SKYW
49.31,49.41,49.26,49.275,2600,2021-09-23 18:30:00,SKYW
49.325,49.42,49.27,49.27,2445,2021-09-23 18:35:00,SKYW
49.1,49.1,49.08,49.08,200,2021-09-23 18:40:00,SKYW
49.1311,49.1311,49.12,49.12,637,2021-09-23 18:45:00,SKYW
49.04,49.12,48.97,49.04,900,2021-09-23 18:50:00,SKYW
48.99,49.03,48.94,48.98,903,2021-09-23 18:55:00,SKYW
48.93,48.96,48.87,48.91,800,2021-09-23 19:00:00,SKYW
48.86,48.86,48.75,48.82,2801,2021-09-23 19:05:00,SKYW
48.75,48.86,48.75,48.86,1300,2021-09-23 19:10:00,SKYW
48.85,48.855,48.79,48.82,2295,2021-09-23 19:15:00,SKYW
48.84,48.89,48.84,48.89,384,2021-09-23 19:20:00,SKYW
48.91,48.98,48.9,48.915,3224,2021-09-23 19:25:00,SKYW
48.91,48.93,48.825,48.865,1331,2021-09-23 19:30:00,SKYW
48.89,49.0,48.89,49.0,4369,2021-09-23 19:35:00,SKYW
48.975,49.07,48.975,49.06,2438,2021-09-23 19:40:00,SKYW
49.05,49.0999,48.99,48.99,6947,2021-09-23 19:45:00,SKYW
48.97,49.06,48.81,48.975,6604,2021-09-23 19:50:00,SKYW
48.96,49.03,48.92,48.97,9805,2021-09-23 19:55:00,SKYW
48.96,48.96,48.96,48.96,34495,2021-09-23 20:00:00,SKYW
48.58,49.18,48.535,49.18,4946,2021-09-24 13:30:00,SKYW
49.1,49.1,48.99,49.08,700,2021-09-24 13:35:00,SKYW
49.23,49.46,49.12,49.42,6522,2021-09-24 13:40:00,SKYW
49.23,49.23,48.64,48.8,5094,2021-09-24 13:45:00,SKYW
48.85,49.4,48.85,49.215,1191,2021-09-24 13:50:00,SKYW
49.07,49.07,49.07,49.07,100,2021-09-24 13:55:00,SKYW
49.08,49.34,49.08,49.34,2300,2021-09-24 14:00:00,SKYW
49.46,49.63,49.25,49.58,6695,2021-09-24 14:05:00,SKYW
49.57,49.57,49.14,49.14,6087,2021-09-24 14:10:00,SKYW
49.15,49.23,49.15,49.23,300,2021-09-24 14:15:00,SKYW
49.32,49.53,49.32,49.53,600,2021-09-24 14:20:00,SKYW
49.52,49.66,49.52,49.66,925,2021-09-24 14:25:00,SKYW
49.73,49.77,49.54,49.6,2080,2021-09-24 14:30:00,SKYW
49.62,49.77,49.61,49.61,2815,2021-09-24 14:35:00,SKYW
49.69,49.81,49.685,49.81,1570,2021-09-24 14:40:00,SKYW
49.73,49.86,49.62,49.853,1900,2021-09-24 14:45:00,SKYW
49.9,49.96,49.8,49.8,700,2021-09-24 14:50:00,SKYW
49.8,49.91,49.77,49.865,2175,2021-09-24 14:55:00,SKYW
49.8605,49.95,49.81,49.86,2266,2021-09-24 15:00:00,SKYW
49.845,49.86,49.825,49.86,800,2021-09-24 15:05:00,SKYW
49.88,49.88,49.8799,49.8799,802,2021-09-24 15:10:00,SKYW
49.79,49.96,49.73,49.86,4366,2021-09-24 15:15:00,SKYW
49.9,49.93,49.85,49.93,1582,2021-09-24 15:20:00,SKYW
49.91,49.91,49.77,49.83,1918,2021-09-24 15:25:00,SKYW
49.92,49.935,49.86,49.915,1686,2021-09-24 15:30:00,SKYW
49.895,49.895,49.84,49.87,700,2021-09-24 15:35:00,SKYW
49.91,49.935,49.89,49.91,1100,2021-09-24 15:40:00,SKYW
49.98,50.07,49.975,50.04,5470,2021-09-24 15:45:00,SKYW
50.065,50.09,50.06,50.08,600,2021-09-24 15:50:00,SKYW
50.27,50.36,50.2399,50.2818,2900,2021-09-24 15:55:00,SKYW
50.31,50.32,50.04,50.1,28074,2021-09-24 16:00:00,SKYW
50.09,50.19,50.09,50.19,1500,2021-09-24 16:05:00,SKYW
50.2,50.21,50.2,50.21,200,2021-09-24 16:10:00,SKYW
50.19,50.19,50.14,50.145,950,2021-09-24 16:15:00,SKYW
50.13,50.1719,50.12,50.1719,666,2021-09-24 16:20:00,SKYW
50.17,50.19,50.12,50.12,1100,2021-09-24 16:25:00,SKYW
50.15,50.18,50.085,50.085,650,2021-09-24 16:30:00,SKYW
50.08,50.085,50.062,50.062,1100,2021-09-24 16:35:00,SKYW
50.05,50.11,50.04,50.08,1300,2021-09-24 16:40:00,SKYW
50.065,50.07,49.99,50.06,1000,2021-09-24 16:45:00,SKYW
50.02,50.02,50.01,50.01,400,2021-09-24 16:50:00,SKYW
50.01,50.015,49.965,49.97,1973,2021-09-24 16:55:00,SKYW
50.04,50.04,50.01,50.01,300,2021-09-24 17:00:00,SKYW
49.98,49.98,49.96,49.97,600,2021-09-24 17:05:00,SKYW
49.92,50.02,49.9,50.02,900,2021-09-24 17:10:00,SKYW
50.01,50.01,49.93,49.955,1100,2021-09-24 17:15:00,SKYW
50.04,50.06,50.01,50.06,850,2021-09-24 17:20:00,SKYW
50.02,50.045,50.02,50.045,600,2021-09-24 17:25:00,SKYW
50.09,50.1,50.0,50.0,780,2021-09-24 17:30:00,SKYW
50.02,50.02,50.0,50.005,800,2021-09-24 17:35:00,SKYW
50.02,50.02,49.95,49.95,250,2021-09-24 17:40:00,SKYW
50.03,50.05,50.03,50.03,600,2021-09-24 17:45:00,SKYW
50.02,50.02,49.93,49.99,3010,2021-09-24 17:50:00,SKYW
49.935,50.04,49.93,50.0,3400,2021-09-24 17:55:00,SKYW
50.0,50.03,49.98,49.99,3000,2021-09-24 18:00:00,SKYW
50.0,50.02,50.0,50.02,500,2021-09-24 18:05:00,SKYW
50.05,50.07,50.03,50.07,400,2021-09-24 18:10:00,SKYW
50.07,50.09,50.02,50.02,1400,2021-09-24 18:15:00,SKYW
50.05,50.0899,50.03,50.04,2500,2021-09-24 18:20:00,SKYW
50.07,50.07,50.01,50.05,400,2021-09-24 18:25:00,SKYW
50.03,50.03,50.0,50.0,1100,2021-09-24 18:30:00,SKYW
49.99,50.03,49.99,50.03,1500,2021-09-24 18:35:00,SKYW
50.04,50.04,50.035,50.035,400,2021-09-24 18:40:00,SKYW
50.07,50.11,50.06,50.11,1333,2021-09-24 18:45:00,SKYW
50.1,50.16,50.1,50.12,1607,2021-09-24 18:50:00,SKYW
50.15,50.16,50.11,50.12,1400,2021-09-24 18:55:00,SKYW
50.11,50.11,50.06,50.06,1000,2021-09-24 19:00:00,SKYW
50.055,50.07,49.985,50.0095,3020,2021-09-24 19:05:00,SKYW
50.08,50.1,50.05,50.075,600,2021-09-24 19:10:00,SKYW
50.09,50.13,50.05,50.05,1392,2021-09-24 19:15:00,SKYW
50.06,50.17,50.05,50.095,3000,2021-09-24 19:20:00,SKYW
50.09,50.13,50.08,50.105,900,2021-09-24 19:25:00,SKYW
50.13,50.14,50.08,50.14,2000,2021-09-24 19:30:00,SKYW
50.1,50.17,50.05,50.15,3300,2021-09-24 19:35:00,SKYW
50.155,50.3,50.155,50.25,3326,2021-09-24 19:40:00,SKYW
50.28,50.31,50.21,50.21,3451,2021-09-24 19:45:00,SKYW
50.225,50.33,50.16,50.16,9055,2021-09-24 19:50:00,SKYW
50.15,50.17,50.05,50.12,18545,2021-09-24 19:55:00,SKYW
50.07,50.07,50.07,50.07,30154,2021-09-24 20:00:00,SKYW
50.07,50.07,50.07,50.07,1365,2021-09-24 20:55:00,SKYW
50.15,50.15,50.15,50.15,200,2021-09-24 21:15:00,SKYW
49.68,49.68,49.68,49.68,100,2021-09-24 23:05:00,SKYW
