open,high,low,close,volume,datetime,symbol
134.01,134.4936,133.55,133.55,7556,2021-05-03 13:30:00,ZG
133.85,133.85,133.28,133.28,800,2021-05-03 13:31:00,ZG
133.8,133.94,133.63,133.9312,1660,2021-05-03 13:33:00,ZG
133.98,134.35,133.98,134.23,1960,2021-05-03 13:34:00,ZG
133.92,133.92,133.755,133.755,544,2021-05-03 13:35:00,ZG
133.87,133.87,133.87,133.87,200,2021-05-03 13:36:00,ZG
133.82,133.82,133.37,133.675,888,2021-05-03 13:37:00,ZG
133.82,133.82,133.26,133.33,400,2021-05-03 13:38:00,ZG
133.53,134.37,133.53,133.9836,1050,2021-05-03 13:39:00,ZG
133.85,134.44,133.85,134.44,1303,2021-05-03 13:40:00,ZG
134.71,134.71,134.68,134.68,200,2021-05-03 13:41:00,ZG
134.42,134.42,134.0,134.08,1348,2021-05-03 13:42:00,ZG
133.87,133.87,133.34,133.53,900,2021-05-03 13:43:00,ZG
133.56,133.71,133.56,133.71,300,2021-05-03 13:44:00,ZG
133.08,133.21,133.03,133.09,500,2021-05-03 13:45:00,ZG
132.93,132.96,132.64,132.64,500,2021-05-03 13:46:00,ZG
132.64,132.75,132.19,132.41,2003,2021-05-03 13:47:00,ZG
132.65,132.73,132.65,132.65,600,2021-05-03 13:48:00,ZG
132.62,132.635,132.37,132.37,1512,2021-05-03 13:49:00,ZG
132.26,132.46,132.23,132.46,400,2021-05-03 13:50:00,ZG
132.19,132.295,132.0801,132.0801,900,2021-05-03 13:51:00,ZG
132.19,132.19,131.86,132.1,2100,2021-05-03 13:52:00,ZG
132.35,132.68,132.33,132.59,803,2021-05-03 13:53:00,ZG
132.68,133.06,132.68,133.06,644,2021-05-03 13:54:00,ZG
132.78,133.2,132.63,133.18,3500,2021-05-03 13:55:00,ZG
133.05,133.19,132.95,133.14,2400,2021-05-03 13:56:00,ZG
132.88,132.95,132.6,132.63,500,2021-05-03 13:57:00,ZG
131.956,132.18,131.86,131.86,1000,2021-05-03 13:59:00,ZG
132.02,132.1,131.86,131.86,500,2021-05-03 14:00:00,ZG
131.9,132.61,131.89,132.61,700,2021-05-03 14:01:00,ZG
132.57,132.72,132.465,132.465,1600,2021-05-03 14:02:00,ZG
132.67,132.7,132.4708,132.7,700,2021-05-03 14:03:00,ZG
132.75,132.8,132.51,132.62,900,2021-05-03 14:04:00,ZG
132.74,132.94,132.74,132.94,200,2021-05-03 14:05:00,ZG
133.26,133.26,132.9445,132.9445,260,2021-05-03 14:06:00,ZG
133.09,133.13,133.09,133.13,900,2021-05-03 14:07:00,ZG
133.07,133.23,132.92,133.23,1100,2021-05-03 14:08:00,ZG
132.97,133.41,132.97,133.41,900,2021-05-03 14:09:00,ZG
133.28,133.28,133.02,133.07,1000,2021-05-03 14:10:00,ZG
133.11,133.18,133.11,133.15,800,2021-05-03 14:11:00,ZG
133.24,133.24,133.18,133.18,400,2021-05-03 14:12:00,ZG
133.33,133.33,133.27,133.27,200,2021-05-03 14:13:00,ZG
133.39,133.55,133.39,133.55,500,2021-05-03 14:14:00,ZG
133.46,133.76,133.46,133.76,1248,2021-05-03 14:15:00,ZG
133.78,133.955,133.6978,133.73,930,2021-05-03 14:16:00,ZG
133.91,133.9699,133.58,133.62,1803,2021-05-03 14:17:00,ZG
133.64,133.72,133.64,133.7,423,2021-05-03 14:18:00,ZG
133.44,133.625,133.4,133.47,1576,2021-05-03 14:19:00,ZG
133.71,133.73,133.71,133.73,400,2021-05-03 14:20:00,ZG
133.7736,133.8,133.12,133.12,4248,2021-05-03 14:21:00,ZG
133.2,133.21,133.07,133.07,800,2021-05-03 14:22:00,ZG
132.9,132.97,132.81,132.97,1237,2021-05-03 14:24:00,ZG
132.885,132.885,132.885,132.885,100,2021-05-03 14:25:00,ZG
132.83,132.83,132.78,132.785,500,2021-05-03 14:26:00,ZG
132.725,132.725,132.56,132.56,938,2021-05-03 14:28:00,ZG
132.42,132.625,132.42,132.57,1378,2021-05-03 14:29:00,ZG
132.6,132.625,132.5469,132.625,1500,2021-05-03 14:30:00,ZG
132.6606,132.68,132.41,132.41,1303,2021-05-03 14:31:00,ZG
132.68,132.68,132.68,132.68,100,2021-05-03 14:32:00,ZG
132.45,132.45,132.45,132.45,250,2021-05-03 14:33:00,ZG
132.8,132.8,132.68,132.68,300,2021-05-03 14:34:00,ZG
132.27,132.27,132.23,132.23,300,2021-05-03 14:37:00,ZG
132.25,132.25,131.9,131.9,200,2021-05-03 14:38:00,ZG
131.825,131.825,131.61,131.61,200,2021-05-03 14:39:00,ZG
131.65,131.78,131.61,131.78,1049,2021-05-03 14:40:00,ZG
131.82,131.85,131.7,131.7,814,2021-05-03 14:41:00,ZG
131.725,131.725,131.725,131.725,100,2021-05-03 14:42:00,ZG
131.725,131.79,131.64,131.73,1900,2021-05-03 14:44:00,ZG
131.61,131.82,131.4,131.82,1344,2021-05-03 14:45:00,ZG
131.7501,131.88,131.7501,131.88,428,2021-05-03 14:46:00,ZG
131.95,132.08,131.93,132.08,900,2021-05-03 14:47:00,ZG
131.955,131.955,131.955,131.955,115,2021-05-03 14:48:00,ZG
131.965,131.965,131.965,131.965,100,2021-05-03 14:49:00,ZG
131.66,131.84,131.66,131.75,500,2021-05-03 14:50:00,ZG
131.78,131.78,131.78,131.78,100,2021-05-03 14:51:00,ZG
131.56,131.56,131.42,131.4638,450,2021-05-03 14:52:00,ZG
131.33,131.42,131.18,131.42,1023,2021-05-03 14:53:00,ZG
131.15,131.25,131.15,131.18,600,2021-05-03 14:54:00,ZG
131.07,131.07,130.98,130.98,1810,2021-05-03 14:55:00,ZG
131.035,131.035,131.035,131.035,100,2021-05-03 14:56:00,ZG
131.03,131.03,130.9,130.96,500,2021-05-03 14:57:00,ZG
130.94,130.94,130.79,130.82,400,2021-05-03 14:58:00,ZG
130.77,130.8214,130.63,130.8214,1950,2021-05-03 14:59:00,ZG
130.68,130.81,130.64,130.81,300,2021-05-03 15:00:00,ZG
130.73,130.81,130.58,130.75,1600,2021-05-03 15:01:00,ZG
130.685,130.685,130.685,130.685,100,2021-05-03 15:02:00,ZG
130.75,130.75,130.66,130.7,400,2021-05-03 15:03:00,ZG
130.715,130.715,130.55,130.55,200,2021-05-03 15:04:00,ZG
130.65,130.65,130.6,130.6,300,2021-05-03 15:05:00,ZG
130.7,131.08,130.65,131.08,1200,2021-05-03 15:06:00,ZG
130.975,131.1,130.975,131.1,300,2021-05-03 15:07:00,ZG
130.92,131.24,130.92,131.11,700,2021-05-03 15:08:00,ZG
131.093,131.61,131.093,131.52,1555,2021-05-03 15:09:00,ZG
131.46,131.46,131.445,131.445,1490,2021-05-03 15:10:00,ZG
131.48,131.61,131.24,131.24,3100,2021-05-03 15:11:00,ZG
131.07,131.07,130.89,130.89,300,2021-05-03 15:12:00,ZG
130.76,130.76,130.76,130.76,100,2021-05-03 15:13:00,ZG
130.78,130.78,130.78,130.78,200,2021-05-03 15:14:00,ZG
131.02,131.02,131.02,131.02,100,2021-05-03 15:15:00,ZG
131.04,131.17,131.04,131.13,400,2021-05-03 15:17:00,ZG
131.0979,131.24,131.07,131.24,600,2021-05-03 15:18:00,ZG
131.08,131.08,131.08,131.08,100,2021-05-03 15:20:00,ZG
130.99,131.27,130.96,131.1952,1584,2021-05-03 15:21:00,ZG
131.29,131.35,131.29,131.35,500,2021-05-03 15:24:00,ZG
131.35,131.35,131.1,131.14,500,2021-05-03 15:25:00,ZG
130.95,131.01,130.95,131.01,300,2021-05-03 15:26:00,ZG
130.83,130.83,130.83,130.83,100,2021-05-03 15:28:00,ZG
130.65,130.74,130.65,130.729,315,2021-05-03 15:29:00,ZG
130.53,130.53,130.53,130.53,100,2021-05-03 15:30:00,ZG
130.63,130.63,130.49,130.51,533,2021-05-03 15:31:00,ZG
130.51,130.63,130.51,130.615,1300,2021-05-03 15:32:00,ZG
130.52,130.6,130.52,130.56,300,2021-05-03 15:33:00,ZG
130.62,130.67,130.38,130.38,600,2021-05-03 15:34:00,ZG
130.49,130.49,130.49,130.49,100,2021-05-03 15:35:00,ZG
130.4604,130.4604,130.4604,130.4604,116,2021-05-03 15:36:00,ZG
130.44,130.44,130.44,130.44,270,2021-05-03 15:37:00,ZG
130.44,130.46,130.2,130.305,1495,2021-05-03 15:38:00,ZG
130.32,130.32,130.32,130.32,100,2021-05-03 15:39:00,ZG
130.28,130.28,130.28,130.28,200,2021-05-03 15:40:00,ZG
130.39,130.39,130.39,130.39,100,2021-05-03 15:43:00,ZG
130.36,130.36,130.36,130.36,200,2021-05-03 15:44:00,ZG
130.375,130.42,130.3,130.42,587,2021-05-03 15:45:00,ZG
130.395,130.395,130.365,130.365,300,2021-05-03 15:46:00,ZG
130.39,130.47,130.223,130.435,837,2021-05-03 15:47:00,ZG
130.435,130.44,130.28,130.28,2375,2021-05-03 15:48:00,ZG
130.4,130.41,130.315,130.39,700,2021-05-03 15:50:00,ZG
130.35,130.35,130.25,130.285,300,2021-05-03 15:51:00,ZG
130.25,130.25,130.25,130.25,246,2021-05-03 15:52:00,ZG
130.35,130.37,130.3001,130.37,600,2021-05-03 15:53:00,ZG
130.5,130.51,130.39,130.51,1035,2021-05-03 15:54:00,ZG
130.4604,130.4604,130.4604,130.4604,100,2021-05-03 15:55:00,ZG
130.475,130.475,130.475,130.475,100,2021-05-03 15:56:00,ZG
130.495,130.67,130.495,130.67,1300,2021-05-03 15:57:00,ZG
130.69,130.695,130.69,130.695,200,2021-05-03 15:58:00,ZG
130.5517,130.675,130.532,130.64,2211,2021-05-03 15:59:00,ZG
130.66,130.66,130.66,130.66,100,2021-05-03 16:00:00,ZG
130.385,130.385,130.385,130.385,100,2021-05-03 16:01:00,ZG
130.335,130.335,130.28,130.28,200,2021-05-03 16:02:00,ZG
130.305,130.45,130.22,130.26,1344,2021-05-03 16:03:00,ZG
130.406,130.406,130.14,130.14,601,2021-05-03 16:04:00,ZG
130.13,130.206,130.13,130.206,297,2021-05-03 16:05:00,ZG
130.31,130.31,130.31,130.31,700,2021-05-03 16:06:00,ZG
130.4376,130.4376,130.33,130.33,300,2021-05-03 16:07:00,ZG
130.3718,130.3718,130.13,130.13,200,2021-05-03 16:10:00,ZG
130.17,130.17,130.17,130.17,100,2021-05-03 16:11:00,ZG
130.2,130.2,130.2,130.2,200,2021-05-03 16:12:00,ZG
130.08,130.08,130.03,130.03,300,2021-05-03 16:13:00,ZG
130.105,130.11,129.8,130.01,2462,2021-05-03 16:14:00,ZG
129.86,129.86,129.86,129.86,100,2021-05-03 16:15:00,ZG
130.0146,130.0146,129.91,129.91,673,2021-05-03 16:16:00,ZG
130.02,130.02,130.02,130.02,100,2021-05-03 16:17:00,ZG
130.05,130.1,129.97,129.98,800,2021-05-03 16:19:00,ZG
130.03,130.24,129.8667,130.24,600,2021-05-03 16:20:00,ZG
130.28,130.28,130.28,130.28,100,2021-05-03 16:21:00,ZG
130.29,130.29,130.29,130.29,100,2021-05-03 16:24:00,ZG
130.27,130.27,130.27,130.27,100,2021-05-03 16:26:00,ZG
129.8,129.8,129.8,129.8,100,2021-05-03 16:32:00,ZG
129.97,129.97,129.97,129.97,400,2021-05-03 16:34:00,ZG
129.865,129.865,129.8,129.8,300,2021-05-03 16:36:00,ZG
129.91,129.91,129.905,129.905,400,2021-05-03 16:37:00,ZG
129.925,129.925,129.925,129.925,100,2021-05-03 16:38:00,ZG
129.86,129.86,129.5,129.5,400,2021-05-03 16:39:00,ZG
129.84,129.84,129.62,129.62,300,2021-05-03 16:40:00,ZG
129.66,129.74,129.66,129.74,200,2021-05-03 16:41:00,ZG
129.88,129.93,129.88,129.93,200,2021-05-03 16:42:00,ZG
129.93,129.93,129.61,129.61,300,2021-05-03 16:43:00,ZG
129.56,129.67,129.56,129.65,650,2021-05-03 16:44:00,ZG
129.63,129.665,129.6,129.665,400,2021-05-03 16:45:00,ZG
129.635,129.635,129.5,129.5,473,2021-05-03 16:47:00,ZG
129.455,129.58,129.37,129.58,400,2021-05-03 16:48:00,ZG
129.43,129.45,129.35,129.35,400,2021-05-03 16:50:00,ZG
129.42,129.46,129.41,129.41,800,2021-05-03 16:51:00,ZG
129.3502,129.44,129.3444,129.435,515,2021-05-03 16:52:00,ZG
129.435,129.435,129.33,129.35,1142,2021-05-03 16:54:00,ZG
129.33,129.33,129.2364,129.2364,627,2021-05-03 16:55:00,ZG
129.325,129.325,129.325,129.325,100,2021-05-03 16:56:00,ZG
129.2,129.2,129.2,129.2,583,2021-05-03 16:57:00,ZG
129.16,129.16,129.16,129.16,333,2021-05-03 16:59:00,ZG
129.275,129.41,129.27,129.27,300,2021-05-03 17:00:00,ZG
129.275,129.275,129.275,129.275,100,2021-05-03 17:01:00,ZG
129.2,129.2,129.2,129.2,100,2021-05-03 17:02:00,ZG
129.11,129.11,128.81,128.87,900,2021-05-03 17:03:00,ZG
128.94,128.94,128.94,128.94,100,2021-05-03 17:04:00,ZG
129.11,129.11,129.11,129.11,100,2021-05-03 17:05:00,ZG
128.94,128.94,128.94,128.94,100,2021-05-03 17:07:00,ZG
128.975,129.02,128.975,129.02,250,2021-05-03 17:08:00,ZG
128.825,128.825,128.825,128.825,200,2021-05-03 17:10:00,ZG
129.02,129.02,129.02,129.02,100,2021-05-03 17:11:00,ZG
129.1321,129.1321,129.1321,129.1321,125,2021-05-03 17:14:00,ZG
129.01,129.08,128.935,128.9731,700,2021-05-03 17:15:00,ZG
129.1713,129.1713,129.1713,129.1713,100,2021-05-03 17:17:00,ZG
129.17,129.17,129.17,129.17,100,2021-05-03 17:20:00,ZG
129.01,129.16,129.01,129.16,200,2021-05-03 17:21:00,ZG
129.01,129.01,128.9,128.9,200,2021-05-03 17:22:00,ZG
128.81,128.81,128.81,128.81,100,2021-05-03 17:23:00,ZG
128.55,128.6,128.42,128.42,1341,2021-05-03 17:25:00,ZG
128.42,128.42,128.42,128.42,100,2021-05-03 17:26:00,ZG
128.44,128.44,128.31,128.31,500,2021-05-03 17:27:00,ZG
128.31,128.52,128.31,128.47,1100,2021-05-03 17:28:00,ZG
128.42,128.42,128.42,128.42,800,2021-05-03 17:30:00,ZG
128.56,128.56,128.56,128.56,100,2021-05-03 17:31:00,ZG
128.51,128.51,128.33,128.42,800,2021-05-03 17:33:00,ZG
128.2939,128.34,128.2939,128.34,200,2021-05-03 17:34:00,ZG
128.34,128.34,128.28,128.33,300,2021-05-03 17:35:00,ZG
128.11,128.19,128.11,128.185,652,2021-05-03 17:36:00,ZG
128.14,128.17,128.136,128.136,800,2021-05-03 17:37:00,ZG
128.05,128.135,128.02,128.135,500,2021-05-03 17:38:00,ZG
128.24,128.24,128.2102,128.2102,850,2021-05-03 17:39:00,ZG
128.24,128.47,128.24,128.47,1153,2021-05-03 17:40:00,ZG
128.4208,128.4208,128.4208,128.4208,240,2021-05-03 17:41:00,ZG
128.34,128.34,128.28,128.31,500,2021-05-03 17:42:00,ZG
128.37,128.46,128.36,128.46,400,2021-05-03 17:43:00,ZG
128.31,128.31,128.31,128.31,100,2021-05-03 17:44:00,ZG
128.2103,128.49,128.2103,128.49,300,2021-05-03 17:45:00,ZG
128.586,128.586,128.4,128.4,465,2021-05-03 17:46:00,ZG
128.705,128.83,128.64,128.64,650,2021-05-03 17:48:00,ZG
128.5165,128.5165,128.5165,128.5165,215,2021-05-03 17:50:00,ZG
128.51,128.51,128.51,128.51,100,2021-05-03 17:51:00,ZG
128.455,128.455,128.455,128.455,100,2021-05-03 17:52:00,ZG
128.47,128.47,128.47,128.47,100,2021-05-03 17:53:00,ZG
128.46,128.46,128.45,128.45,900,2021-05-03 17:54:00,ZG
128.51,128.51,128.3493,128.39,500,2021-05-03 17:55:00,ZG
128.33,128.33,128.33,128.33,100,2021-05-03 17:56:00,ZG
128.335,128.335,128.335,128.335,1000,2021-05-03 17:57:00,ZG
128.39,128.39,128.39,128.39,300,2021-05-03 17:59:00,ZG
128.62,128.62,128.5301,128.58,300,2021-05-03 18:00:00,ZG
128.6815,128.6815,128.53,128.53,400,2021-05-03 18:01:00,ZG
128.64,128.64,128.46,128.46,500,2021-05-03 18:02:00,ZG
128.61,128.66,128.49,128.49,300,2021-05-03 18:03:00,ZG
128.45,128.46,128.32,128.41,1120,2021-05-03 18:04:00,ZG
128.405,128.405,128.25,128.355,320,2021-05-03 18:05:00,ZG
128.45,128.47,128.3833,128.47,400,2021-05-03 18:06:00,ZG
128.74,128.76,128.74,128.76,200,2021-05-03 18:12:00,ZG
128.83,129.12,128.83,129.12,412,2021-05-03 18:14:00,ZG
129.04,129.09,129.02,129.02,500,2021-05-03 18:15:00,ZG
128.984,129.0897,128.984,129.0897,200,2021-05-03 18:16:00,ZG
129.12,129.25,129.12,129.25,300,2021-05-03 18:17:00,ZG
129.1261,129.1261,129.1261,129.1261,100,2021-05-03 18:18:00,ZG
129.15,129.15,129.09,129.09,300,2021-05-03 18:22:00,ZG
129.25,129.25,129.2,129.2,200,2021-05-03 18:23:00,ZG
129.23,129.23,129.23,129.23,100,2021-05-03 18:26:00,ZG
129.18,129.18,129.18,129.18,100,2021-05-03 18:27:00,ZG
129.31,129.38,129.31,129.34,400,2021-05-03 18:29:00,ZG
129.49,129.505,129.41,129.41,800,2021-05-03 18:30:00,ZG
129.3,129.3,129.3,129.3,200,2021-05-03 18:31:00,ZG
129.14,129.16,129.0,129.0,700,2021-05-03 18:35:00,ZG
128.99,128.99,128.89,128.93,1550,2021-05-03 18:36:00,ZG
128.91,128.91,128.91,128.91,100,2021-05-03 18:37:00,ZG
128.93,128.94,128.66,128.66,500,2021-05-03 18:38:00,ZG
128.56,128.86,128.56,128.73,1700,2021-05-03 18:39:00,ZG
128.57,128.57,128.57,128.57,200,2021-05-03 18:40:00,ZG
128.58,128.68,128.575,128.58,1310,2021-05-03 18:41:00,ZG
128.81,128.81,128.81,128.81,100,2021-05-03 18:42:00,ZG
128.59,128.59,128.59,128.59,100,2021-05-03 18:44:00,ZG
128.73,128.93,128.73,128.93,906,2021-05-03 18:46:00,ZG
128.855,128.855,128.79,128.79,300,2021-05-03 18:47:00,ZG
128.93,128.93,128.93,128.93,100,2021-05-03 18:49:00,ZG
129.0,129.0,128.88,128.88,400,2021-05-03 18:51:00,ZG
128.86,129.19,128.86,129.155,1500,2021-05-03 18:53:00,ZG
129.115,129.25,129.115,129.25,300,2021-05-03 18:54:00,ZG
129.34,129.35,129.03,129.2,1601,2021-05-03 18:55:00,ZG
129.2,129.2,129.2,129.2,100,2021-05-03 18:56:00,ZG
129.195,129.195,129.195,129.195,100,2021-05-03 18:57:00,ZG
129.02,129.15,129.02,129.15,300,2021-05-03 18:58:00,ZG
129.102,129.43,129.102,129.43,1402,2021-05-03 18:59:00,ZG
129.45,129.45,129.38,129.38,200,2021-05-03 19:00:00,ZG
129.08,129.09,129.06,129.09,390,2021-05-03 19:03:00,ZG
128.855,129.0,128.855,129.0,200,2021-05-03 19:06:00,ZG
128.95,129.01,128.92,129.0,1300,2021-05-03 19:08:00,ZG
128.96,128.965,128.96,128.965,300,2021-05-03 19:10:00,ZG
128.93,128.93,128.93,128.93,100,2021-05-03 19:11:00,ZG
128.92,128.92,128.92,128.92,100,2021-05-03 19:12:00,ZG
128.89,128.95,128.825,128.85,520,2021-05-03 19:13:00,ZG
128.85,128.85,128.85,128.85,100,2021-05-03 19:14:00,ZG
128.8,128.8,128.8,128.8,100,2021-05-03 19:15:00,ZG
128.85,128.85,128.74,128.75,400,2021-05-03 19:16:00,ZG
128.69,128.77,128.62,128.7,4200,2021-05-03 19:17:00,ZG
128.85,128.85,128.77,128.83,700,2021-05-03 19:18:00,ZG
128.83,128.87,128.83,128.87,292,2021-05-03 19:19:00,ZG
128.94,128.94,128.94,128.94,100,2021-05-03 19:20:00,ZG
128.9745,128.98,128.94,128.94,1100,2021-05-03 19:21:00,ZG
128.96,129.01,128.96,129.0,1601,2021-05-03 19:22:00,ZG
128.93,128.93,128.93,128.93,300,2021-05-03 19:23:00,ZG
128.88,128.88,128.88,128.88,100,2021-05-03 19:25:00,ZG
128.9717,128.9717,128.9717,128.9717,118,2021-05-03 19:26:00,ZG
128.975,128.975,128.975,128.975,100,2021-05-03 19:28:00,ZG
128.93,128.995,128.93,128.98,397,2021-05-03 19:29:00,ZG
129.06,129.17,129.06,129.16,600,2021-05-03 19:30:00,ZG
129.12,129.19,129.02,129.02,1119,2021-05-03 19:31:00,ZG
129.05,129.1,129.02,129.1,600,2021-05-03 19:32:00,ZG
129.08,129.08,129.08,129.08,100,2021-05-03 19:33:00,ZG
129.14,129.14,128.94,128.94,1200,2021-05-03 19:34:00,ZG
129.08,129.08,128.85,128.85,4434,2021-05-03 19:35:00,ZG
128.83,128.845,128.83,128.845,200,2021-05-03 19:36:00,ZG
128.825,128.97,128.825,128.945,757,2021-05-03 19:37:00,ZG
128.905,128.9699,128.905,128.9553,379,2021-05-03 19:38:00,ZG
128.91,128.97,128.86,128.9105,800,2021-05-03 19:39:00,ZG
128.921,128.97,128.915,128.915,300,2021-05-03 19:40:00,ZG
128.9605,129.19,128.9605,129.19,1399,2021-05-03 19:41:00,ZG
129.22,129.3519,129.22,129.3519,518,2021-05-03 19:42:00,ZG
129.31,129.3499,129.31,129.3499,303,2021-05-03 19:43:00,ZG
129.31,129.42,129.31,129.41,1401,2021-05-03 19:44:00,ZG
129.449,129.449,129.36,129.38,677,2021-05-03 19:45:00,ZG
129.33,129.37,129.19,129.37,1029,2021-05-03 19:46:00,ZG
129.3699,129.37,129.29,129.29,626,2021-05-03 19:47:00,ZG
129.32,129.32,129.2,129.2,600,2021-05-03 19:48:00,ZG
129.19,129.28,129.19,129.225,300,2021-05-03 19:49:00,ZG
129.3528,129.41,129.22,129.41,1518,2021-05-03 19:50:00,ZG
129.2612,129.35,129.22,129.22,1972,2021-05-03 19:51:00,ZG
129.21,129.3,129.14,129.225,2521,2021-05-03 19:52:00,ZG
129.23,129.25,129.11,129.11,1800,2021-05-03 19:53:00,ZG
129.06,129.16,128.9,129.15,4400,2021-05-03 19:54:00,ZG
129.13,129.34,129.08,129.195,6014,2021-05-03 19:55:00,ZG
129.13,129.33,129.13,129.33,1931,2021-05-03 19:56:00,ZG
129.25,129.25,129.09,129.11,1500,2021-05-03 19:57:00,ZG
129.13,129.27,129.0,129.06,3607,2021-05-03 19:58:00,ZG
129.12,129.19,129.0,129.11,4703,2021-05-03 19:59:00,ZG
129.08,129.08,129.08,129.08,33782,2021-05-03 20:00:00,ZG
129.09,129.09,129.09,129.09,260,2021-05-03 20:10:00,ZG
128.9435,128.9435,128.9435,128.9435,100,2021-05-03 20:26:00,ZG
129.45,129.45,129.45,129.45,100,2021-05-03 21:22:00,ZG
129.45,129.45,129.45,129.45,100,2021-05-03 21:23:00,ZG
129.452,129.452,129.452,129.452,250,2021-05-03 21:56:00,ZG
129.4,129.4,129.4,129.4,143,2021-05-03 22:02:00,ZG
128.93,128.93,128.93,128.93,359,2021-05-03 23:33:00,ZG
128.93,128.93,128.93,128.93,100,2021-05-03 23:55:00,ZG
129.41,129.41,129.41,129.41,106,2021-05-04 10:31:00,ZG
129.08,129.08,129.08,129.08,100,2021-05-04 11:04:00,ZG
127.3,127.3,127.3,127.3,220,2021-05-04 12:54:00,ZG
127.3,127.3,127.3,127.3,100,2021-05-04 12:58:00,ZG
127.5,127.5,127.5,127.5,252,2021-05-04 13:28:00,ZG
127.36,127.36,125.66,125.93,16503,2021-05-04 13:30:00,ZG
126.24,126.9999,126.24,126.5,1900,2021-05-04 13:31:00,ZG
125.99,125.99,124.6795,124.998,2127,2021-05-04 13:32:00,ZG
124.88,125.8297,124.88,125.8297,1765,2021-05-04 13:33:00,ZG
125.6,125.95,125.29,125.29,1500,2021-05-04 13:34:00,ZG
124.88,125.2175,124.88,125.1727,1100,2021-05-04 13:35:00,ZG
124.66,124.66,123.685,123.685,1260,2021-05-04 13:36:00,ZG
123.7375,124.09,123.685,123.7,2200,2021-05-04 13:37:00,ZG
123.5,124.2,123.5,124.195,3319,2021-05-04 13:38:00,ZG
124.21,124.5,124.185,124.44,3045,2021-05-04 13:39:00,ZG
124.5,124.85,124.34,124.68,2400,2021-05-04 13:40:00,ZG
124.54,124.54,123.9,124.0,1600,2021-05-04 13:41:00,ZG
124.25,124.77,124.25,124.41,2938,2021-05-04 13:42:00,ZG
124.27,124.38,124.21,124.38,1100,2021-05-04 13:43:00,ZG
124.34,124.34,123.518,123.96,2713,2021-05-04 13:44:00,ZG
123.41,123.41,122.71,122.85,1104,2021-05-04 13:45:00,ZG
122.76,122.82,122.0901,122.39,4179,2021-05-04 13:46:00,ZG
122.55,122.55,122.235,122.31,3513,2021-05-04 13:47:00,ZG
122.3,122.4718,122.3,122.4434,1818,2021-05-04 13:48:00,ZG
122.4329,123.08,122.25,123.08,4136,2021-05-04 13:49:00,ZG
122.91,123.3,122.91,123.2,3190,2021-05-04 13:50:00,ZG
122.91,122.975,122.71,122.71,2170,2021-05-04 13:51:00,ZG
123.02,123.32,122.54,122.87,6150,2021-05-04 13:52:00,ZG
123.09,123.09,123.05,123.07,601,2021-05-04 13:53:00,ZG
123.21,123.94,123.08,123.94,1500,2021-05-04 13:54:00,ZG
123.33,123.51,123.1,123.45,1800,2021-05-04 13:55:00,ZG
124.03,124.03,123.4,123.41,1600,2021-05-04 13:56:00,ZG
123.1673,123.61,123.1207,123.61,2225,2021-05-04 13:57:00,ZG
123.27,123.27,122.6128,122.6128,1100,2021-05-04 13:58:00,ZG
122.99,123.17,122.89,122.89,1627,2021-05-04 13:59:00,ZG
122.7,123.17,122.7,122.85,600,2021-05-04 14:00:00,ZG
122.68,123.065,122.52,122.52,400,2021-05-04 14:01:00,ZG
122.76,122.76,122.35,122.35,900,2021-05-04 14:02:00,ZG
122.31,122.42,122.15,122.18,800,2021-05-04 14:03:00,ZG
122.343,122.343,121.87,122.08,3619,2021-05-04 14:04:00,ZG
122.2287,122.2287,122.0,122.0,2396,2021-05-04 14:05:00,ZG
121.8,121.91,121.52,121.91,727,2021-05-04 14:06:00,ZG
122.19,122.215,121.9636,122.15,2333,2021-05-04 14:07:00,ZG
122.0,122.12,122.0,122.12,600,2021-05-04 14:08:00,ZG
122.04,122.3672,121.5032,121.5032,3130,2021-05-04 14:10:00,ZG
122.45,122.64,122.45,122.55,500,2021-05-04 14:11:00,ZG
122.5619,122.5619,122.5619,122.5619,174,2021-05-04 14:12:00,ZG
122.7,122.7597,122.52,122.7597,1418,2021-05-04 14:13:00,ZG
122.7502,122.7502,122.535,122.535,3606,2021-05-04 14:14:00,ZG
122.535,122.535,121.81,121.85,3375,2021-05-04 14:15:00,ZG
121.97,122.25,121.97,122.25,1300,2021-05-04 14:16:00,ZG
122.52,123.2,122.52,123.2,1840,2021-05-04 14:17:00,ZG
123.1524,123.1524,123.1524,123.1524,100,2021-05-04 14:18:00,ZG
123.1573,123.52,123.1573,123.52,700,2021-05-04 14:19:00,ZG
123.59,123.63,123.25,123.25,15556,2021-05-04 14:20:00,ZG
123.05,123.05,122.56,122.77,1799,2021-05-04 14:22:00,ZG
122.7627,122.81,122.535,122.68,8914,2021-05-04 14:23:00,ZG
123.06,123.56,122.955,123.18,1000,2021-05-04 14:24:00,ZG
123.15,123.2232,123.15,123.2232,200,2021-05-04 14:25:00,ZG
123.41,123.465,123.23,123.465,500,2021-05-04 14:26:00,ZG
123.715,123.715,123.715,123.715,200,2021-05-04 14:27:00,ZG
123.78,123.88,123.52,123.75,2200,2021-05-04 14:28:00,ZG
123.81,124.0515,123.81,124.0432,1400,2021-05-04 14:29:00,ZG
123.8,124.06,123.8,124.06,585,2021-05-04 14:30:00,ZG
123.5192,123.5192,123.5192,123.5192,300,2021-05-04 14:31:00,ZG
123.45,123.45,123.25,123.25,925,2021-05-04 14:32:00,ZG
123.405,123.405,123.08,123.08,650,2021-05-04 14:33:00,ZG
122.88,123.2,122.88,123.05,1403,2021-05-04 14:34:00,ZG
123.0551,123.35,122.81,123.35,1200,2021-05-04 14:35:00,ZG
123.4267,123.5,123.405,123.48,800,2021-05-04 14:36:00,ZG
123.485,123.77,123.38,123.38,1805,2021-05-04 14:37:00,ZG
123.32,123.32,123.2,123.29,300,2021-05-04 14:38:00,ZG
123.32,123.69,123.28,123.69,600,2021-05-04 14:39:00,ZG
123.71,123.71,123.71,123.71,100,2021-05-04 14:40:00,ZG
123.74,123.74,123.3547,123.51,2204,2021-05-04 14:41:00,ZG
123.27,123.3983,123.26,123.3983,500,2021-05-04 14:42:00,ZG
123.37,123.49,123.33,123.38,800,2021-05-04 14:43:00,ZG
123.2,123.2,122.89,122.89,500,2021-05-04 14:44:00,ZG
122.94,122.9946,122.85,122.85,350,2021-05-04 14:45:00,ZG
122.85,123.1,122.74,123.1,1094,2021-05-04 14:46:00,ZG
122.9,122.9,122.7708,122.7708,300,2021-05-04 14:47:00,ZG
122.62,122.62,122.16,122.16,2503,2021-05-04 14:48:00,ZG
122.0315,122.0315,122.0315,122.0315,300,2021-05-04 14:49:00,ZG
122.0,122.0,121.81,121.81,800,2021-05-04 14:50:00,ZG
121.89,122.2403,121.89,122.2403,900,2021-05-04 14:51:00,ZG
122.06,122.1,122.016,122.1,400,2021-05-04 14:52:00,ZG
121.62,121.74,121.62,121.635,950,2021-05-04 14:54:00,ZG
121.775,121.7754,121.52,121.67,800,2021-05-04 14:55:00,ZG
121.67,121.67,121.45,121.575,1150,2021-05-04 14:56:00,ZG
121.5,121.59,121.405,121.59,900,2021-05-04 14:57:00,ZG
121.4699,121.4699,121.21,121.25,425,2021-05-04 14:58:00,ZG
121.24,121.24,121.155,121.155,200,2021-05-04 14:59:00,ZG
121.2899,121.2899,121.0,121.0,300,2021-05-04 15:00:00,ZG
121.25,121.26,120.86,121.23,4500,2021-05-04 15:01:00,ZG
121.15,121.5,121.15,121.43,2900,2021-05-04 15:02:00,ZG
121.5727,121.5727,121.16,121.27,1056,2021-05-04 15:03:00,ZG
121.07,121.26,121.01,121.01,3500,2021-05-04 15:04:00,ZG
121.085,121.1599,120.89,121.1599,600,2021-05-04 15:05:00,ZG
120.8,120.97,120.67,120.97,1300,2021-05-04 15:06:00,ZG
121.04,121.34,121.04,121.34,1860,2021-05-04 15:07:00,ZG
121.365,121.365,121.365,121.365,100,2021-05-04 15:08:00,ZG
120.98,121.185,120.98,121.185,300,2021-05-04 15:09:00,ZG
121.05,121.09,120.91,120.91,500,2021-05-04 15:10:00,ZG
120.91,121.05,120.78,120.78,4702,2021-05-04 15:11:00,ZG
121.04,121.05,120.79,120.86,1581,2021-05-04 15:12:00,ZG
120.9823,120.9823,120.78,120.78,400,2021-05-04 15:13:00,ZG
120.74,120.81,120.66,120.7238,1403,2021-05-04 15:14:00,ZG
120.66,120.68,120.51,120.51,2141,2021-05-04 15:15:00,ZG
120.5492,120.55,120.425,120.46,803,2021-05-04 15:16:00,ZG
120.32,120.32,120.32,120.32,100,2021-05-04 15:17:00,ZG
120.32,120.68,120.32,120.56,1000,2021-05-04 15:18:00,ZG
120.585,120.75,120.321,120.465,4320,2021-05-04 15:19:00,ZG
120.42,120.53,120.42,120.53,200,2021-05-04 15:20:00,ZG
120.36,120.78,120.32,120.78,1300,2021-05-04 15:21:00,ZG
120.65,120.65,120.62,120.64,500,2021-05-04 15:22:00,ZG
120.41,120.61,120.4,120.4,1303,2021-05-04 15:23:00,ZG
120.41,120.575,120.39,120.39,1647,2021-05-04 15:24:00,ZG
120.38,120.405,120.29,120.29,400,2021-05-04 15:25:00,ZG
120.27,120.55,120.26,120.55,1847,2021-05-04 15:26:00,ZG
120.6533,121.0391,120.43,120.95,1907,2021-05-04 15:27:00,ZG
120.85,121.0791,120.7,121.0791,723,2021-05-04 15:28:00,ZG
120.8525,121.02,120.8525,120.95,900,2021-05-04 15:29:00,ZG
121.25,121.48,121.25,121.48,700,2021-05-04 15:30:00,ZG
121.21,121.555,121.21,121.47,1619,2021-05-04 15:31:00,ZG
121.7299,121.7299,121.23,121.4,450,2021-05-04 15:32:00,ZG
120.87,121.0,120.87,120.99,300,2021-05-04 15:33:00,ZG
120.67,120.67,120.67,120.67,100,2021-05-04 15:34:00,ZG
121.1099,121.1099,121.1099,121.1099,100,2021-05-04 15:35:00,ZG
120.885,120.885,120.7158,120.885,520,2021-05-04 15:36:00,ZG
120.78,120.78,120.6,120.6,700,2021-05-04 15:37:00,ZG
120.655,120.655,120.24,120.24,1100,2021-05-04 15:38:00,ZG
120.2,120.3,120.2,120.3,225,2021-05-04 15:39:00,ZG
120.25,120.4,120.2,120.4,400,2021-05-04 15:40:00,ZG
120.59,120.63,120.42,120.42,1000,2021-05-04 15:41:00,ZG
120.38,120.38,120.1,120.1,500,2021-05-04 15:42:00,ZG
120.09,120.205,120.08,120.08,450,2021-05-04 15:43:00,ZG
120.11,120.11,120.11,120.11,100,2021-05-04 15:44:00,ZG
120.09,120.2,119.72,119.82,7735,2021-05-04 15:45:00,ZG
119.985,120.12,119.8503,120.1,1206,2021-05-04 15:46:00,ZG
120.19,120.36,120.19,120.35,1350,2021-05-04 15:47:00,ZG
120.18,120.19,120.09,120.11,834,2021-05-04 15:48:00,ZG
120.17,120.3,120.14,120.28,900,2021-05-04 15:49:00,ZG
120.19,120.19,119.865,119.865,1116,2021-05-04 15:50:00,ZG
119.9394,119.9851,119.67,119.83,2350,2021-05-04 15:51:00,ZG
119.8,120.0,119.77,120.0,800,2021-05-04 15:52:00,ZG
119.92,119.92,119.73,119.73,400,2021-05-04 15:53:00,ZG
119.71,119.71,119.71,119.71,100,2021-05-04 15:54:00,ZG
119.47,119.67,119.47,119.67,500,2021-05-04 15:56:00,ZG
119.52,119.715,119.52,119.555,1650,2021-05-04 15:57:00,ZG
119.84,119.845,119.8,119.84,999,2021-05-04 15:58:00,ZG
119.9199,119.9199,119.61,119.71,400,2021-05-04 15:59:00,ZG
119.6,120.26,119.6,120.26,720,2021-05-04 16:00:00,ZG
120.22,120.39,120.22,120.37,731,2021-05-04 16:01:00,ZG
120.295,120.31,120.15,120.31,706,2021-05-04 16:02:00,ZG
120.23,120.24,120.17,120.18,1100,2021-05-04 16:03:00,ZG
120.185,120.27,120.185,120.27,302,2021-05-04 16:04:00,ZG
120.23,120.285,120.225,120.24,500,2021-05-04 16:05:00,ZG
120.36,120.36,120.22,120.255,600,2021-05-04 16:06:00,ZG
120.34,120.38,120.235,120.38,600,2021-05-04 16:07:00,ZG
120.455,120.769,120.455,120.65,700,2021-05-04 16:08:00,ZG
121.0,121.315,120.79,121.315,1700,2021-05-04 16:09:00,ZG
121.37,121.44,121.2558,121.37,1500,2021-05-04 16:10:00,ZG
121.5,121.68,121.39,121.68,1100,2021-05-04 16:11:00,ZG
121.53,121.7566,121.47,121.7566,2546,2021-05-04 16:12:00,ZG
121.49,121.57,121.42,121.57,500,2021-05-04 16:13:00,ZG
121.38,121.92,121.38,121.715,2800,2021-05-04 16:14:00,ZG
121.88,121.93,121.441,121.441,2028,2021-05-04 16:15:00,ZG
121.5081,121.54,121.37,121.49,700,2021-05-04 16:16:00,ZG
121.65,121.77,121.6,121.6,800,2021-05-04 16:17:00,ZG
121.3843,121.5558,121.18,121.18,1320,2021-05-04 16:18:00,ZG
121.1484,121.1484,121.0,121.01,1100,2021-05-04 16:19:00,ZG
121.2,121.21,120.88,120.88,850,2021-05-04 16:20:00,ZG
120.7,120.71,120.46,120.66,24501,2021-05-04 16:21:00,ZG
120.66,120.76,120.58,120.73,3400,2021-05-04 16:22:00,ZG
120.712,120.86,120.71,120.86,400,2021-05-04 16:23:00,ZG
120.745,120.745,120.745,120.745,100,2021-05-04 16:24:00,ZG
120.744,120.8,120.65,120.8,544,2021-05-04 16:25:00,ZG
120.6051,120.6051,120.6051,120.6051,100,2021-05-04 16:26:00,ZG
120.83,121.0,120.83,120.895,1906,2021-05-04 16:27:00,ZG
120.92,120.92,120.86,120.86,1600,2021-05-04 16:28:00,ZG
120.98,121.4485,120.98,121.28,2980,2021-05-04 16:29:00,ZG
121.31,121.68,121.31,121.68,300,2021-05-04 16:30:00,ZG
121.27,121.51,121.27,121.51,700,2021-05-04 16:31:00,ZG
121.47,122.0,121.23,121.71,9760,2021-05-04 16:32:00,ZG
121.63,121.63,121.09,121.21,9000,2021-05-04 16:33:00,ZG
121.2,121.28,121.05,121.25,3602,2021-05-04 16:34:00,ZG
121.17,121.59,121.13,121.59,2200,2021-05-04 16:35:00,ZG
121.41,121.511,121.17,121.38,600,2021-05-04 16:36:00,ZG
121.3,121.3,121.205,121.205,400,2021-05-04 16:37:00,ZG
121.12,121.35,121.12,121.35,700,2021-05-04 16:38:00,ZG
121.25,121.36,121.25,121.36,200,2021-05-04 16:39:00,ZG
121.67,121.67,121.67,121.67,100,2021-05-04 16:40:00,ZG
121.47,121.47,121.3386,121.3386,453,2021-05-04 16:41:00,ZG
121.14,121.21,121.0748,121.0748,400,2021-05-04 16:42:00,ZG
121.1118,121.25,121.05,121.25,3035,2021-05-04 16:43:00,ZG
121.38,121.38,121.23,121.23,200,2021-05-04 16:44:00,ZG
121.12,121.12,121.08,121.08,200,2021-05-04 16:45:00,ZG
120.95,121.03,120.95,121.03,300,2021-05-04 16:48:00,ZG
121.1,121.11,120.9,120.9,300,2021-05-04 16:49:00,ZG
121.09,121.41,121.09,121.41,1107,2021-05-04 16:50:00,ZG
121.3,121.48,121.3,121.4,903,2021-05-04 16:51:00,ZG
121.39,121.69,121.39,121.69,800,2021-05-04 16:52:00,ZG
121.81,121.81,121.81,121.81,200,2021-05-04 16:53:00,ZG
121.64,121.64,121.64,121.64,200,2021-05-04 16:54:00,ZG
121.57,121.82,121.56,121.82,1150,2021-05-04 16:55:00,ZG
121.76,121.92,121.76,121.91,2603,2021-05-04 16:56:00,ZG
121.77,121.86,121.67,121.67,794,2021-05-04 16:57:00,ZG
121.57,121.5762,121.43,121.5762,1300,2021-05-04 16:58:00,ZG
121.5871,121.5871,121.08,121.08,1025,2021-05-04 16:59:00,ZG
121.0,121.35,120.8662,121.3048,2160,2021-05-04 17:01:00,ZG
121.64,121.64,121.64,121.64,100,2021-05-04 17:02:00,ZG
121.59,121.6,121.49,121.49,498,2021-05-04 17:03:00,ZG
121.6,121.6,121.6,121.6,1100,2021-05-04 17:04:00,ZG
121.55,121.55,121.28,121.2968,430,2021-05-04 17:05:00,ZG
121.48,121.48,121.48,121.48,100,2021-05-04 17:06:00,ZG
121.66,121.66,121.66,121.66,200,2021-05-04 17:07:00,ZG
121.7,121.7,121.66,121.66,400,2021-05-04 17:08:00,ZG
121.63,121.835,121.58,121.835,1550,2021-05-04 17:09:00,ZG
121.62,121.62,121.6,121.6,400,2021-05-04 17:10:00,ZG
121.3,121.3,121.3,121.3,100,2021-05-04 17:11:00,ZG
121.15,121.37,121.15,121.37,300,2021-05-04 17:12:00,ZG
121.32,121.32,121.32,121.32,100,2021-05-04 17:13:00,ZG
121.48,121.48,121.48,121.48,200,2021-05-04 17:14:00,ZG
121.5,121.65,121.41,121.65,900,2021-05-04 17:15:00,ZG
121.5,121.5,121.5,121.5,100,2021-05-04 17:17:00,ZG
121.4999,121.4999,121.4999,121.4999,100,2021-05-04 17:18:00,ZG
121.32,121.32,121.29,121.31,400,2021-05-04 17:19:00,ZG
121.26,121.26,121.26,121.26,100,2021-05-04 17:20:00,ZG
121.01,121.01,121.01,121.01,100,2021-05-04 17:21:00,ZG
121.06,121.38,121.06,121.36,700,2021-05-04 17:22:00,ZG
121.33,121.59,121.33,121.59,900,2021-05-04 17:23:00,ZG
121.58,121.58,121.49,121.58,568,2021-05-04 17:24:00,ZG
121.66,121.81,121.65,121.81,1099,2021-05-04 17:25:00,ZG
122.0757,122.13,122.02,122.02,800,2021-05-04 17:26:00,ZG
122.04,122.04,121.9,121.9,300,2021-05-04 17:27:00,ZG
122.0708,122.0744,122.0708,122.0744,300,2021-05-04 17:29:00,ZG
121.87,121.87,121.82,121.82,2296,2021-05-04 17:30:00,ZG
121.8,121.8,121.6712,121.6712,500,2021-05-04 17:31:00,ZG
121.79,121.82,121.54,121.54,400,2021-05-04 17:32:00,ZG
121.62,121.74,121.62,121.74,400,2021-05-04 17:33:00,ZG
121.72,121.72,121.72,121.72,100,2021-05-04 17:34:00,ZG
121.9149,121.9149,121.7,121.75,1266,2021-05-04 17:35:00,ZG
121.57,121.98,121.57,121.82,1100,2021-05-04 17:37:00,ZG
121.75,121.77,121.7275,121.7275,988,2021-05-04 17:39:00,ZG
121.92,121.98,121.855,121.98,500,2021-05-04 17:40:00,ZG
121.99,121.99,121.9,121.9,300,2021-05-04 17:41:00,ZG
122.0,122.05,121.7375,121.7375,400,2021-05-04 17:42:00,ZG
121.665,121.665,121.495,121.495,580,2021-05-04 17:43:00,ZG
121.93,121.9853,121.93,121.9853,223,2021-05-04 17:44:00,ZG
121.96,122.14,121.96,122.0463,400,2021-05-04 17:45:00,ZG
122.045,122.045,121.78,121.96,700,2021-05-04 17:46:00,ZG
121.745,121.9,121.745,121.9,300,2021-05-04 17:47:00,ZG
121.8675,121.95,121.8275,121.91,400,2021-05-04 17:49:00,ZG
121.82,121.82,121.82,121.82,100,2021-05-04 17:50:00,ZG
121.855,121.895,121.72,121.72,400,2021-05-04 17:51:00,ZG
121.71,121.71,121.6401,121.6401,200,2021-05-04 17:52:00,ZG
121.78,121.78,121.78,121.78,100,2021-05-04 17:53:00,ZG
121.67,121.7494,121.57,121.57,11718,2021-05-04 17:54:00,ZG
121.6217,121.78,121.6217,121.68,1800,2021-05-04 17:55:00,ZG
121.8,121.8,121.8,121.8,100,2021-05-04 17:56:00,ZG
121.9175,122.04,121.89,121.89,890,2021-05-04 17:57:00,ZG
122.0775,122.0775,122.0775,122.0775,100,2021-05-04 17:58:00,ZG
122.184,122.184,122.03,122.03,500,2021-05-04 17:59:00,ZG
122.0,122.04,121.9,122.04,723,2021-05-04 18:00:00,ZG
121.77,121.8,121.67,121.67,600,2021-05-04 18:01:00,ZG
121.5952,121.67,121.5952,121.66,839,2021-05-04 18:02:00,ZG
121.76,121.76,121.55,121.55,300,2021-05-04 18:03:00,ZG
121.78,121.8,121.6,121.6,803,2021-05-04 18:04:00,ZG
121.7075,121.85,121.56,121.58,900,2021-05-04 18:05:00,ZG
121.43,121.43,121.43,121.43,100,2021-05-04 18:06:00,ZG
121.49,121.7,121.475,121.585,1200,2021-05-04 18:07:00,ZG
121.685,121.82,121.685,121.82,300,2021-05-04 18:08:00,ZG
121.89,121.9,121.89,121.9,200,2021-05-04 18:09:00,ZG
122.22,122.225,122.21,122.21,500,2021-05-04 18:10:00,ZG
122.38,122.38,122.145,122.25,818,2021-05-04 18:11:00,ZG
122.38,122.38,122.38,122.38,448,2021-05-04 18:12:00,ZG
122.85,122.99,122.81,122.986,500,2021-05-04 18:13:00,ZG
123.0,123.6,122.96,123.5,900,2021-05-04 18:14:00,ZG
123.765,123.765,123.3075,123.355,750,2021-05-04 18:15:00,ZG
123.14,123.405,123.14,123.24,300,2021-05-04 18:16:00,ZG
123.24,123.24,123.135,123.2325,400,2021-05-04 18:17:00,ZG
123.09,123.29,122.985,123.29,800,2021-05-04 18:18:00,ZG
123.2275,123.2275,123.1,123.1,600,2021-05-04 18:19:00,ZG
123.2,123.2,123.03,123.03,710,2021-05-04 18:20:00,ZG
123.0,123.0,123.0,123.0,2031,2021-05-04 18:21:00,ZG
122.93,122.93,122.93,122.93,200,2021-05-04 18:22:00,ZG
122.78,123.0503,122.78,123.01,700,2021-05-04 18:23:00,ZG
123.0,123.0,123.0,123.0,100,2021-05-04 18:24:00,ZG
123.055,123.12,122.7,122.72,1000,2021-05-04 18:25:00,ZG
122.9,122.9,122.9,122.9,250,2021-05-04 18:26:00,ZG
122.65,122.7,122.5646,122.5646,700,2021-05-04 18:28:00,ZG
122.58,122.58,122.58,122.58,100,2021-05-04 18:29:00,ZG
122.7,122.87,122.7,122.87,300,2021-05-04 18:30:00,ZG
122.71,123.1199,122.71,123.1199,450,2021-05-04 18:31:00,ZG
123.03,123.03,122.94,122.94,200,2021-05-04 18:32:00,ZG
122.785,122.785,122.785,122.785,100,2021-05-04 18:33:00,ZG
122.68,123.12,122.68,122.76,2800,2021-05-04 18:34:00,ZG
122.99,123.03,122.98,123.03,600,2021-05-04 18:35:00,ZG
123.0775,123.16,123.0775,123.16,200,2021-05-04 18:36:00,ZG
123.035,123.29,123.03,123.29,800,2021-05-04 18:37:00,ZG
123.14,123.15,122.985,122.985,1000,2021-05-04 18:38:00,ZG
123.08,123.35,123.08,123.32,3872,2021-05-04 18:40:00,ZG
123.25,123.395,123.17,123.18,1800,2021-05-04 18:41:00,ZG
123.5,123.7,123.5,123.69,1500,2021-05-04 18:42:00,ZG
123.535,123.71,123.535,123.7,1240,2021-05-04 18:43:00,ZG
123.8159,123.82,123.8159,123.82,600,2021-05-04 18:44:00,ZG
123.7875,123.7875,123.775,123.775,300,2021-05-04 18:45:00,ZG
123.785,123.785,123.73,123.77,900,2021-05-04 18:46:00,ZG
123.765,123.77,123.765,123.77,300,2021-05-04 18:47:00,ZG
123.79,124.03,123.76,124.03,2800,2021-05-04 18:48:00,ZG
123.87,123.99,123.855,123.96,2803,2021-05-04 18:49:00,ZG
123.98,124.38,123.95,124.31,11235,2021-05-04 18:50:00,ZG
124.24,124.24,124.13,124.18,2356,2021-05-04 18:51:00,ZG
124.26,124.37,124.24,124.24,900,2021-05-04 18:52:00,ZG
124.31,124.46,124.31,124.45,4225,2021-05-04 18:53:00,ZG
124.45,124.6,124.38,124.562,4106,2021-05-04 18:54:00,ZG
124.4439,124.67,124.4439,124.56,2000,2021-05-04 18:55:00,ZG
124.46,124.76,124.46,124.76,4496,2021-05-04 18:56:00,ZG
124.62,124.62,124.46,124.46,400,2021-05-04 18:57:00,ZG
124.47,124.5864,124.34,124.49,2550,2021-05-04 18:58:00,ZG
124.4,124.56,124.38,124.4,1306,2021-05-04 18:59:00,ZG
124.37,124.37,124.1,124.105,1150,2021-05-04 19:00:00,ZG
124.13,124.15,124.13,124.15,200,2021-05-04 19:01:00,ZG
124.105,124.105,123.9875,124.1,600,2021-05-04 19:02:00,ZG
124.2,124.52,124.17,124.52,1300,2021-05-04 19:03:00,ZG
124.485,124.6068,124.18,124.34,2970,2021-05-04 19:05:00,ZG
124.4319,124.4319,124.3627,124.3627,900,2021-05-04 19:07:00,ZG
124.25,124.26,124.13,124.14,817,2021-05-04 19:08:00,ZG
124.25,124.51,124.23,124.35,2031,2021-05-04 19:09:00,ZG
124.5,124.846,124.47,124.59,1900,2021-05-04 19:10:00,ZG
124.4301,124.4301,124.21,124.21,600,2021-05-04 19:11:00,ZG
124.3,124.3,124.12,124.12,500,2021-05-04 19:12:00,ZG
124.1,124.19,124.0,124.15,1735,2021-05-04 19:13:00,ZG
124.05,124.05,123.8,123.8799,900,2021-05-04 19:14:00,ZG
123.91,123.91,123.89,123.89,200,2021-05-04 19:15:00,ZG
123.9096,123.97,123.86,123.97,400,2021-05-04 19:16:00,ZG
123.92,123.96,123.92,123.96,300,2021-05-04 19:17:00,ZG
124.02,124.35,123.99,124.14,4199,2021-05-04 19:18:00,ZG
124.1691,124.1691,124.025,124.025,450,2021-05-04 19:19:00,ZG
124.01,124.01,123.8,123.91,525,2021-05-04 19:20:00,ZG
123.92,124.15,123.92,124.08,1350,2021-05-04 19:21:00,ZG
124.15,124.15,124.12,124.13,925,2021-05-04 19:22:00,ZG
124.21,124.21,123.89,123.89,600,2021-05-04 19:23:00,ZG
123.79,123.8,123.77,123.77,570,2021-05-04 19:24:00,ZG
123.82,124.0,123.82,124.0,400,2021-05-04 19:25:00,ZG
123.98,123.98,123.83,123.83,200,2021-05-04 19:26:00,ZG
123.74,123.74,123.52,123.6,1670,2021-05-04 19:27:00,ZG
123.665,123.74,123.56,123.7,900,2021-05-04 19:28:00,ZG
123.835,123.915,123.77,123.77,900,2021-05-04 19:29:00,ZG
123.66,123.8,123.58,123.705,1700,2021-05-04 19:30:00,ZG
123.7935,123.85,123.695,123.85,3801,2021-05-04 19:31:00,ZG
123.75,123.78,123.62,123.62,700,2021-05-04 19:32:00,ZG
123.575,123.94,123.575,123.94,4004,2021-05-04 19:33:00,ZG
123.935,124.03,123.83,123.9799,2216,2021-05-04 19:34:00,ZG
123.98,124.205,123.91,124.205,1500,2021-05-04 19:35:00,ZG
124.19,124.195,123.87,123.905,1513,2021-05-04 19:36:00,ZG
123.8,123.835,123.69,123.835,1956,2021-05-04 19:37:00,ZG
123.855,124.1,123.855,124.1,1052,2021-05-04 19:38:00,ZG
124.15,124.4499,124.15,124.405,794,2021-05-04 19:39:00,ZG
124.59,124.59,124.04,124.165,2550,2021-05-04 19:40:00,ZG
124.08,124.1974,123.97,123.97,1328,2021-05-04 19:41:00,ZG
123.995,124.32,123.93,124.26,10700,2021-05-04 19:42:00,ZG
124.19,124.19,123.86,123.8725,1843,2021-05-04 19:43:00,ZG
123.97,123.97,123.91,123.91,628,2021-05-04 19:44:00,ZG
123.87,123.9,123.65,123.77,4503,2021-05-04 19:45:00,ZG
123.72,123.72,123.42,123.44,6885,2021-05-04 19:46:00,ZG
123.44,123.76,123.43,123.75,3919,2021-05-04 19:47:00,ZG
123.765,123.8299,123.64,123.64,2150,2021-05-04 19:48:00,ZG
123.685,123.685,123.53,123.57,5123,2021-05-04 19:49:00,ZG
123.67,124.0226,123.67,124.0226,2354,2021-05-04 19:50:00,ZG
124.01,124.14,124.01,124.035,2100,2021-05-04 19:51:00,ZG
124.09,124.16,123.78,123.83,3931,2021-05-04 19:52:00,ZG
123.88,123.905,123.58,123.69,7461,2021-05-04 19:53:00,ZG
123.59,123.6,123.2,123.37,11584,2021-05-04 19:54:00,ZG
123.4,123.74,123.09,123.74,7846,2021-05-04 19:55:00,ZG
123.67,124.0067,123.52,124.0067,9968,2021-05-04 19:56:00,ZG
124.04,124.51,123.93,124.51,12684,2021-05-04 19:57:00,ZG
124.45,124.45,123.67,124.07,20920,2021-05-04 19:58:00,ZG
124.07,124.16,123.4,123.57,28354,2021-05-04 19:59:00,ZG
123.8,123.8,123.8,123.8,32421,2021-05-04 20:00:00,ZG
123.8,123.8,123.8,123.8,1740,2021-05-04 20:01:00,ZG
124.58,124.58,124.58,124.58,100,2021-05-04 20:02:00,ZG
124.7,124.7,124.55,124.55,549,2021-05-04 20:03:00,ZG
124.55,124.55,124.55,124.55,100,2021-05-04 20:04:00,ZG
124.94,130.0,124.94,129.0,949,2021-05-04 20:05:00,ZG
127.0,127.0,126.75,126.75,1770,2021-05-04 20:06:00,ZG
127.0,127.0,127.0,127.0,200,2021-05-04 20:07:00,ZG
127.45,130.0,127.45,129.59,7448,2021-05-04 20:08:00,ZG
129.99,130.0,128.4,128.5,1971,2021-05-04 20:09:00,ZG
128.02,128.02,127.5,128.0,7754,2021-05-04 20:10:00,ZG
127.0,127.02,122.95,125.85,1520,2021-05-04 20:11:00,ZG
126.88,126.88,124.0,124.8,1487,2021-05-04 20:12:00,ZG
124.8,124.8,123.88,123.88,2790,2021-05-04 20:13:00,ZG
124.0,124.0,122.99,123.5,3842,2021-05-04 20:14:00,ZG
123.5,124.48,122.74,122.99,19137,2021-05-04 20:15:00,ZG
122.6,122.99,122.12,122.59,2470,2021-05-04 20:16:00,ZG
122.59,124.29,122.59,124.29,1750,2021-05-04 20:17:00,ZG
124.29,124.48,124.1,124.45,1307,2021-05-04 20:18:00,ZG
124.0,124.0,124.0,124.0,100,2021-05-04 20:19:00,ZG
124.89,125.38,124.5,125.38,1011,2021-05-04 20:20:00,ZG
125.64,126.27,125.2,126.27,1419,2021-05-04 20:21:00,ZG
126.5,126.5,126.5,126.5,411,2021-05-04 20:22:00,ZG
126.51,126.59,126.25,126.25,400,2021-05-04 20:23:00,ZG
126.49,126.49,126.49,126.49,100,2021-05-04 20:24:00,ZG
125.2,125.2,125.2,125.2,200,2021-05-04 20:26:00,ZG
125.39,125.39,125.0,125.0,1347,2021-05-04 20:27:00,ZG
125.1,125.1,125.1,125.1,100,2021-05-04 20:30:00,ZG
125.12,125.12,125.12,125.12,440,2021-05-04 20:35:00,ZG
125.59,125.59,125.59,125.59,100,2021-05-04 20:38:00,ZG
126.0,126.49,126.0,126.49,2588,2021-05-04 20:41:00,ZG
126.62,126.95,126.62,126.95,4338,2021-05-04 20:42:00,ZG
127.0,127.0,127.0,127.0,100,2021-05-04 20:43:00,ZG
127.0,127.0,127.0,127.0,134,2021-05-04 20:44:00,ZG
127.5,128.85,127.5,128.85,2664,2021-05-04 20:45:00,ZG
128.99,128.99,128.99,128.99,100,2021-05-04 20:46:00,ZG
128.02,128.02,128.02,128.02,125,2021-05-04 20:47:00,ZG
127.8,128.0,127.8,127.85,500,2021-05-04 20:52:00,ZG
127.85,127.85,127.85,127.85,1530,2021-05-04 20:54:00,ZG
128.55,128.55,128.55,128.55,100,2021-05-04 20:55:00,ZG
128.6,128.6,128.6,128.6,483,2021-05-04 20:56:00,ZG
128.05,128.05,128.05,128.05,100,2021-05-04 21:02:00,ZG
128.05,128.05,128.05,128.05,204,2021-05-04 21:04:00,ZG
128.0,128.0,128.0,128.0,454,2021-05-04 21:05:00,ZG
128.02,128.03,128.0,128.0,707,2021-05-04 21:06:00,ZG
127.5,127.5,127.5,127.5,100,2021-05-04 21:07:00,ZG
127.9,127.9,127.9,127.9,680,2021-05-04 21:10:00,ZG
127.25,127.25,127.25,127.25,860,2021-05-04 21:19:00,ZG
127.8,127.8,127.8,127.8,1000,2021-05-04 21:42:00,ZG
127.8,127.8,127.8,127.8,1100,2021-05-04 21:43:00,ZG
128.5,128.5,128.5,128.5,424,2021-05-04 21:45:00,ZG
128.03,128.03,128.03,128.03,199,2021-05-04 21:48:00,ZG
128.02,128.02,128.02,128.02,400,2021-05-04 21:49:00,ZG
128.03,128.03,128.0,128.0,367,2021-05-04 21:51:00,ZG
127.75,127.75,127.75,127.75,300,2021-05-04 21:58:00,ZG
127.25,127.25,127.14,127.14,300,2021-05-04 22:36:00,ZG
127.0601,127.0601,127.0601,127.0601,120,2021-05-04 22:50:00,ZG
127.06,127.06,127.06,127.06,300,2021-05-04 22:51:00,ZG
127.66,127.66,127.66,127.66,100,2021-05-04 23:12:00,ZG
127.41,127.41,127.41,127.41,100,2021-05-04 23:14:00,ZG
127.41,127.41,127.41,127.41,600,2021-05-04 23:15:00,ZG
127.5,127.5,127.5,127.5,100,2021-05-04 23:34:00,ZG
127.26,127.26,127.26,127.26,100,2021-05-04 23:41:00,ZG
128.3,128.3,128.3,128.3,195,2021-05-05 10:18:00,ZG
127.0,127.0,127.0,127.0,103,2021-05-05 11:00:00,ZG
127.19,127.19,127.0,127.0,489,2021-05-05 11:21:00,ZG
127.0,127.0,127.0,127.0,1000,2021-05-05 11:23:00,ZG
126.2,126.2,126.2,126.2,400,2021-05-05 11:50:00,ZG
126.75,126.75,126.75,126.75,100,2021-05-05 12:03:00,ZG
126.01,126.01,126.01,126.01,400,2021-05-05 12:29:00,ZG
126.44,126.45,126.44,126.45,642,2021-05-05 12:44:00,ZG
126.01,126.01,126.01,126.01,100,2021-05-05 12:50:00,ZG
123.58,123.58,123.58,123.58,400,2021-05-05 12:57:00,ZG
125.5,125.5,125.5,125.5,200,2021-05-05 13:01:00,ZG
125.3,125.3,125.3,125.3,219,2021-05-05 13:11:00,ZG
124.14,124.14,124.14,124.14,100,2021-05-05 13:15:00,ZG
125.3,125.48,125.3,125.48,225,2021-05-05 13:19:00,ZG
124.7,124.7,124.7,124.7,100,2021-05-05 13:29:00,ZG
124.18,125.98,123.16,123.89,26888,2021-05-05 13:30:00,ZG
124.44,125.6348,124.31,125.44,9149,2021-05-05 13:31:00,ZG
125.2064,125.41,124.28,124.4,7157,2021-05-05 13:32:00,ZG
124.41,124.71,123.33,124.3029,4100,2021-05-05 13:33:00,ZG
124.77,124.93,124.41,124.41,2070,2021-05-05 13:34:00,ZG
124.2,124.2732,123.27,123.505,1509,2021-05-05 13:35:00,ZG
123.674,124.4,123.27,124.4,9252,2021-05-05 13:36:00,ZG
124.86,125.017,124.61,124.62,3000,2021-05-05 13:37:00,ZG
124.42,124.45,124.3101,124.45,700,2021-05-05 13:38:00,ZG
124.38,124.78,124.33,124.33,700,2021-05-05 13:39:00,ZG
124.375,124.775,124.23,124.51,4568,2021-05-05 13:40:00,ZG
124.37,124.74,124.29,124.74,2337,2021-05-05 13:41:00,ZG
124.76,124.76,124.66,124.66,800,2021-05-05 13:42:00,ZG
124.66,124.68,124.2601,124.52,1455,2021-05-05 13:43:00,ZG
124.2743,124.63,124.27,124.27,2000,2021-05-05 13:44:00,ZG
124.435,124.655,124.27,124.655,1420,2021-05-05 13:45:00,ZG
124.695,124.695,124.2,124.45,3203,2021-05-05 13:46:00,ZG
124.08,124.95,123.89,124.74,9851,2021-05-05 13:47:00,ZG
124.8293,125.3,124.76,125.22,3129,2021-05-05 13:48:00,ZG
125.34,125.34,124.76,125.04,7141,2021-05-05 13:49:00,ZG
124.93,124.99,124.5,124.68,3995,2021-05-05 13:50:00,ZG
124.58,124.965,124.38,124.41,2300,2021-05-05 13:51:00,ZG
124.155,124.1854,123.46,123.59,3060,2021-05-05 13:52:00,ZG
123.42,123.58,122.59,122.92,5858,2021-05-05 13:53:00,ZG
122.83,123.17,122.37,122.41,5289,2021-05-05 13:54:00,ZG
122.1914,122.57,121.84,122.13,9061,2021-05-05 13:55:00,ZG
122.05,122.29,121.57,121.63,2850,2021-05-05 13:56:00,ZG
121.52,121.57,121.2348,121.2348,1300,2021-05-05 13:57:00,ZG
121.0,121.24,120.37,120.69,11089,2021-05-05 13:58:00,ZG
120.76,120.78,119.0,119.08,13850,2021-05-05 13:59:00,ZG
119.07,119.48,118.05,118.15,8415,2021-05-05 14:00:00,ZG
118.13,119.22,118.13,118.69,22354,2021-05-05 14:01:00,ZG
118.44,118.94,118.23,118.79,14844,2021-05-05 14:02:00,ZG
118.94,119.49,118.64,119.27,8578,2021-05-05 14:03:00,ZG
118.97,119.21,117.97,118.38,7899,2021-05-05 14:04:00,ZG
118.38,118.625,117.725,118.49,17045,2021-05-05 14:05:00,ZG
118.32,118.9,118.0,118.52,7865,2021-05-05 14:06:00,ZG
118.7699,118.77,117.865,118.03,5059,2021-05-05 14:07:00,ZG
117.79,118.33,117.465,118.0,7303,2021-05-05 14:08:00,ZG
118.25,118.25,117.23,117.48,3660,2021-05-05 14:09:00,ZG
117.61,118.355,117.5,118.355,4618,2021-05-05 14:10:00,ZG
118.35,118.5062,118.07,118.4,2667,2021-05-05 14:11:00,ZG
118.429,119.09,118.429,119.09,3220,2021-05-05 14:12:00,ZG
119.01,119.01,118.76,118.88,1437,2021-05-05 14:13:00,ZG
119.0,119.0,118.46,118.72,2200,2021-05-05 14:14:00,ZG
118.98,119.29,118.85,119.07,1830,2021-05-05 14:15:00,ZG
118.7,119.28,118.7,119.28,2932,2021-05-05 14:16:00,ZG
119.2699,119.8,118.81,119.78,1757,2021-05-05 14:17:00,ZG
119.59,119.74,119.34,119.56,3562,2021-05-05 14:18:00,ZG
119.9,120.63,119.9,120.335,9950,2021-05-05 14:19:00,ZG
120.25,120.49,120.013,120.2,1700,2021-05-05 14:20:00,ZG
119.98,120.03,119.54,119.64,1500,2021-05-05 14:21:00,ZG
119.7,120.01,119.2,119.655,3669,2021-05-05 14:22:00,ZG
119.675,119.675,118.92,118.92,1187,2021-05-05 14:23:00,ZG
119.13,119.26,118.93,119.1654,866,2021-05-05 14:24:00,ZG
119.16,119.16,119.16,119.16,341,2021-05-05 14:25:00,ZG
119.03,119.7,119.03,119.45,2356,2021-05-05 14:26:00,ZG
119.23,119.23,118.88,119.1299,2400,2021-05-05 14:27:00,ZG
118.785,118.99,118.6,118.99,4235,2021-05-05 14:28:00,ZG
118.856,119.0,118.7501,118.88,1310,2021-05-05 14:29:00,ZG
119.23,119.23,118.81,118.81,406,2021-05-05 14:30:00,ZG
118.9195,118.92,118.68,118.68,2100,2021-05-05 14:31:00,ZG
118.61,118.61,118.43,118.43,800,2021-05-05 14:32:00,ZG
118.3071,118.51,118.3,118.3,700,2021-05-05 14:33:00,ZG
118.61,118.98,118.49,118.98,2950,2021-05-05 14:34:00,ZG
118.89,119.0627,118.88,119.0627,700,2021-05-05 14:35:00,ZG
119.09,119.19,118.99,119.19,4958,2021-05-05 14:36:00,ZG
119.0443,119.4,118.97,118.97,10013,2021-05-05 14:37:00,ZG
118.96,119.16,118.9101,119.16,1703,2021-05-05 14:38:00,ZG
119.17,119.19,119.14,119.19,837,2021-05-05 14:39:00,ZG
119.2408,119.41,119.15,119.3319,959,2021-05-05 14:40:00,ZG
119.687,119.9,119.62,119.9,1200,2021-05-05 14:41:00,ZG
120.0,120.3608,120.0,120.3208,1080,2021-05-05 14:42:00,ZG
120.05,120.74,120.05,120.54,1455,2021-05-05 14:43:00,ZG
120.59,120.59,120.5,120.5,900,2021-05-05 14:44:00,ZG
120.5,120.7432,120.5,120.7432,1027,2021-05-05 14:45:00,ZG
120.5,120.8777,120.39,120.68,9576,2021-05-05 14:46:00,ZG
120.72,120.72,120.66,120.67,600,2021-05-05 14:47:00,ZG
120.63,120.85,120.57,120.795,2936,2021-05-05 14:48:00,ZG
120.7,120.7899,120.36,120.36,1304,2021-05-05 14:49:00,ZG
120.38,120.77,120.38,120.54,600,2021-05-05 14:50:00,ZG
120.4424,120.4424,120.175,120.175,738,2021-05-05 14:51:00,ZG
120.19,120.49,120.1102,120.41,3449,2021-05-05 14:52:00,ZG
120.59,120.59,120.42,120.45,817,2021-05-05 14:53:00,ZG
120.48,120.71,120.47,120.71,1550,2021-05-05 14:54:00,ZG
120.66,121.0148,120.51,120.51,2400,2021-05-05 14:55:00,ZG
120.75,120.75,120.43,120.43,2230,2021-05-05 14:56:00,ZG
120.42,120.42,120.275,120.275,611,2021-05-05 14:57:00,ZG
120.46,120.64,120.2975,120.505,4184,2021-05-05 14:58:00,ZG
120.52,120.97,120.3607,120.97,1979,2021-05-05 14:59:00,ZG
121.0241,121.0241,120.68,120.69,563,2021-05-05 15:00:00,ZG
120.62,120.62,120.62,120.62,100,2021-05-05 15:01:00,ZG
120.64,120.9337,120.62,120.9337,2200,2021-05-05 15:02:00,ZG
120.8,121.04,120.8,121.0,7644,2021-05-05 15:03:00,ZG
121.15,121.219,121.0,121.0,800,2021-05-05 15:04:00,ZG
120.995,120.995,120.995,120.995,300,2021-05-05 15:05:00,ZG
121.005,121.2099,120.9,121.2099,1421,2021-05-05 15:06:00,ZG
120.9,120.9,120.6101,120.6101,1587,2021-05-05 15:07:00,ZG
120.805,120.805,120.49,120.49,600,2021-05-05 15:08:00,ZG
120.47,120.47,120.47,120.47,100,2021-05-05 15:09:00,ZG
120.53,120.54,120.4,120.49,1700,2021-05-05 15:10:00,ZG
120.49,120.49,120.37,120.37,400,2021-05-05 15:11:00,ZG
120.6,120.65,120.466,120.466,995,2021-05-05 15:12:00,ZG
120.67,120.67,120.67,120.67,334,2021-05-05 15:13:00,ZG
120.39,120.39,120.39,120.39,100,2021-05-05 15:14:00,ZG
120.2,120.4,120.2,120.26,1125,2021-05-05 15:15:00,ZG
120.2,120.52,120.2,120.52,695,2021-05-05 15:16:00,ZG
120.23,120.2958,120.23,120.245,800,2021-05-05 15:17:00,ZG
120.2901,120.2901,120.2901,120.2901,200,2021-05-05 15:18:00,ZG
120.3425,120.3425,120.33,120.34,300,2021-05-05 15:19:00,ZG
120.27,120.3,120.27,120.2945,747,2021-05-05 15:20:00,ZG
120.4327,120.4327,120.29,120.29,200,2021-05-05 15:21:00,ZG
120.2,120.76,120.18,120.6483,6500,2021-05-05 15:22:00,ZG
120.5456,120.5456,120.41,120.41,300,2021-05-05 15:23:00,ZG
120.14,120.38,120.14,120.23,1200,2021-05-05 15:24:00,ZG
120.2586,120.29,120.2586,120.29,300,2021-05-05 15:25:00,ZG
120.24,120.495,120.18,120.2,4205,2021-05-05 15:26:00,ZG
120.08,120.24,119.93,120.24,2500,2021-05-05 15:27:00,ZG
120.17,120.17,120.17,120.17,100,2021-05-05 15:28:00,ZG
119.98,120.07,119.8584,119.9,1100,2021-05-05 15:29:00,ZG
119.955,120.07,119.75,119.9673,1650,2021-05-05 15:30:00,ZG
120.07,120.45,120.06,120.3,1140,2021-05-05 15:31:00,ZG
120.34,120.43,120.34,120.42,300,2021-05-05 15:32:00,ZG
120.44,120.54,120.44,120.54,3739,2021-05-05 15:33:00,ZG
120.45,120.455,120.32,120.3208,1004,2021-05-05 15:34:00,ZG
120.4491,120.4491,120.12,120.12,600,2021-05-05 15:35:00,ZG
120.17,120.26,120.1,120.145,2570,2021-05-05 15:36:00,ZG
119.955,119.955,119.6275,119.6952,2032,2021-05-05 15:37:00,ZG
119.75,119.835,119.5272,119.6332,2600,2021-05-05 15:38:00,ZG
119.89,119.93,119.8402,119.8402,1729,2021-05-05 15:39:00,ZG
119.88,119.91,119.79,119.79,1300,2021-05-05 15:40:00,ZG
119.71,119.8001,119.71,119.8001,300,2021-05-05 15:41:00,ZG
119.82,119.82,119.59,119.78,2112,2021-05-05 15:42:00,ZG
119.8,119.9083,119.8,119.9083,1183,2021-05-05 15:43:00,ZG
119.79,119.83,119.705,119.83,1000,2021-05-05 15:44:00,ZG
119.7666,119.92,119.7666,119.92,520,2021-05-05 15:45:00,ZG
119.84,119.84,119.75,119.75,443,2021-05-05 15:46:00,ZG
119.94,119.94,119.835,119.8433,1000,2021-05-05 15:47:00,ZG
119.81,119.81,119.78,119.78,1198,2021-05-05 15:48:00,ZG
119.67,119.83,119.66,119.76,1383,2021-05-05 15:49:00,ZG
119.82,120.13,119.82,120.02,1100,2021-05-05 15:50:00,ZG
119.9919,119.9919,119.72,119.72,950,2021-05-05 15:52:00,ZG
119.65,119.65,119.65,119.65,100,2021-05-05 15:53:00,ZG
119.765,119.8407,119.765,119.8407,800,2021-05-05 15:54:00,ZG
119.8214,120.0,119.77,119.9,7104,2021-05-05 15:55:00,ZG
119.91,119.91,119.79,119.83,1100,2021-05-05 15:56:00,ZG
119.83,119.83,119.83,119.83,1100,2021-05-05 15:57:00,ZG
119.75,119.91,119.75,119.825,794,2021-05-05 15:58:00,ZG
119.83,119.83,119.83,119.83,100,2021-05-05 15:59:00,ZG
119.9062,119.91,119.76,119.76,600,2021-05-05 16:00:00,ZG
119.79,119.79,119.79,119.79,100,2021-05-05 16:01:00,ZG
119.7333,119.79,119.61,119.745,2400,2021-05-05 16:02:00,ZG
119.68,119.69,119.68,119.69,200,2021-05-05 16:03:00,ZG
119.63,119.63,119.42,119.42,905,2021-05-05 16:04:00,ZG
119.25,119.26,119.0855,119.26,1032,2021-05-05 16:05:00,ZG
119.27,119.43,119.27,119.43,1400,2021-05-05 16:06:00,ZG
119.395,119.4594,119.3819,119.4594,303,2021-05-05 16:07:00,ZG
119.34,119.3912,119.33,119.3912,600,2021-05-05 16:09:00,ZG
119.41,119.44,119.295,119.295,981,2021-05-05 16:10:00,ZG
119.46,119.89,119.45,119.84,1355,2021-05-05 16:11:00,ZG
119.84,119.84,119.84,119.84,114,2021-05-05 16:12:00,ZG
119.72,119.7953,119.6,119.6,1500,2021-05-05 16:13:00,ZG
119.7,119.7,119.16,119.41,3208,2021-05-05 16:14:00,ZG
119.4,119.4,119.34,119.34,714,2021-05-05 16:15:00,ZG
119.205,119.205,119.205,119.205,100,2021-05-05 16:16:00,ZG
119.2775,119.28,119.175,119.28,800,2021-05-05 16:17:00,ZG
119.3,119.39,119.3,119.33,800,2021-05-05 16:18:00,ZG
119.378,119.46,119.378,119.43,600,2021-05-05 16:19:00,ZG
119.53,119.65,119.53,119.61,638,2021-05-05 16:20:00,ZG
119.56,119.5729,119.35,119.35,1520,2021-05-05 16:22:00,ZG
119.36,119.36,119.26,119.26,640,2021-05-05 16:23:00,ZG
119.0,119.04,118.9,118.9,2627,2021-05-05 16:24:00,ZG
118.75,118.75,118.5062,118.75,5963,2021-05-05 16:25:00,ZG
118.67,118.766,118.52,118.65,1200,2021-05-05 16:26:00,ZG
118.525,118.79,118.525,118.79,1100,2021-05-05 16:27:00,ZG
118.7,118.7,118.54,118.54,905,2021-05-05 16:28:00,ZG
118.51,118.53,118.49,118.53,507,2021-05-05 16:29:00,ZG
118.57,118.57,118.44,118.44,1300,2021-05-05 16:30:00,ZG
118.45,118.52,118.37,118.47,3418,2021-05-05 16:31:00,ZG
118.47,118.6,118.47,118.55,500,2021-05-05 16:32:00,ZG
118.5899,118.7,118.54,118.56,1850,2021-05-05 16:33:00,ZG
118.465,118.465,118.1,118.1,1343,2021-05-05 16:34:00,ZG
118.09,118.09,117.81,118.0,10671,2021-05-05 16:35:00,ZG
118.04,118.19,117.91,118.19,1200,2021-05-05 16:36:00,ZG
118.195,118.25,117.98,118.17,704,2021-05-05 16:37:00,ZG
118.1,118.1,117.91,117.945,4120,2021-05-05 16:38:00,ZG
117.93,118.03,117.76,117.78,2099,2021-05-05 16:39:00,ZG
117.869,118.03,117.869,117.95,1849,2021-05-05 16:40:00,ZG
117.99,118.05,117.73,117.74,1900,2021-05-05 16:41:00,ZG
117.9342,117.9342,117.58,117.67,3402,2021-05-05 16:42:00,ZG
117.52,117.655,117.4,117.655,2546,2021-05-05 16:43:00,ZG
117.5305,117.58,117.45,117.58,3400,2021-05-05 16:44:00,ZG
117.7,117.77,117.602,117.77,1600,2021-05-05 16:45:00,ZG
117.74,118.02,117.74,118.02,800,2021-05-05 16:46:00,ZG
118.1,118.1,118.1,118.1,400,2021-05-05 16:47:00,ZG
118.04,118.245,118.04,118.245,700,2021-05-05 16:48:00,ZG
118.2576,118.2576,118.0,118.0,300,2021-05-05 16:49:00,ZG
118.1,118.1,117.7,117.8656,1000,2021-05-05 16:50:00,ZG
117.76,117.9383,117.72,117.8592,1350,2021-05-05 16:51:00,ZG
117.782,117.8599,117.42,117.71,2425,2021-05-05 16:52:00,ZG
117.6,117.6,117.5947,117.5947,600,2021-05-05 16:53:00,ZG
117.67,117.9494,117.67,117.9494,925,2021-05-05 16:54:00,ZG
117.74,117.76,117.73,117.7419,1278,2021-05-05 16:56:00,ZG
117.62,117.62,117.13,117.215,4800,2021-05-05 16:57:00,ZG
117.13,117.13,116.7144,116.7144,3698,2021-05-05 16:58:00,ZG
116.98,116.98,116.83,116.87,1324,2021-05-05 16:59:00,ZG
116.82,116.975,116.76,116.975,3100,2021-05-05 17:00:00,ZG
117.08,117.12,116.71,117.02,3817,2021-05-05 17:01:00,ZG
117.085,117.085,116.885,117.0789,1549,2021-05-05 17:02:00,ZG
116.853,116.87,116.71,116.78,1600,2021-05-05 17:03:00,ZG
116.93,116.93,116.58,116.58,1500,2021-05-05 17:04:00,ZG
117.03,117.275,117.03,117.16,900,2021-05-05 17:05:00,ZG
117.17,117.4125,117.17,117.315,1319,2021-05-05 17:06:00,ZG
117.23,117.34,117.2,117.2,500,2021-05-05 17:07:00,ZG
117.2843,117.335,117.11,117.335,861,2021-05-05 17:08:00,ZG
117.39,117.395,117.375,117.395,825,2021-05-05 17:09:00,ZG
117.12,117.3,117.12,117.14,700,2021-05-05 17:10:00,ZG
117.04,117.04,117.04,117.04,149,2021-05-05 17:11:00,ZG
117.02,117.19,116.9101,117.19,1845,2021-05-05 17:12:00,ZG
117.11,117.29,117.11,117.29,700,2021-05-05 17:13:00,ZG
117.26,117.565,117.26,117.29,4360,2021-05-05 17:14:00,ZG
117.34,117.34,117.14,117.14,603,2021-05-05 17:15:00,ZG
117.0,117.0,116.64,116.72,1600,2021-05-05 17:16:00,ZG
116.73,116.91,116.73,116.78,10100,2021-05-05 17:17:00,ZG
116.81,117.03,116.78,117.03,1800,2021-05-05 17:18:00,ZG
116.9,116.94,116.74,116.825,3100,2021-05-05 17:19:00,ZG
116.72,116.725,116.6301,116.72,1800,2021-05-05 17:21:00,ZG
116.74,116.75,116.63,116.67,1000,2021-05-05 17:22:00,ZG
116.74,116.98,116.705,116.835,1500,2021-05-05 17:23:00,ZG
116.85,116.977,116.725,116.977,2051,2021-05-05 17:25:00,ZG
116.85,116.88,116.85,116.875,400,2021-05-05 17:26:00,ZG
116.97,117.02,116.885,116.985,1100,2021-05-05 17:27:00,ZG
117.11,117.11,117.11,117.11,400,2021-05-05 17:28:00,ZG
117.04,117.2641,117.04,117.2641,245,2021-05-05 17:29:00,ZG
117.17,117.29,117.17,117.26,800,2021-05-05 17:30:00,ZG
117.27,117.38,117.225,117.35,2000,2021-05-05 17:31:00,ZG
117.3182,117.35,117.15,117.195,500,2021-05-05 17:32:00,ZG
117.18,117.2347,117.1425,117.17,7706,2021-05-05 17:33:00,ZG
117.12,117.12,116.89,116.9905,1218,2021-05-05 17:34:00,ZG
117.005,117.05,116.97,117.05,1700,2021-05-05 17:35:00,ZG
117.27,117.29,117.19,117.22,1419,2021-05-05 17:36:00,ZG
117.215,117.2776,117.215,117.2776,360,2021-05-05 17:38:00,ZG
117.3,117.3,117.3,117.3,100,2021-05-05 17:39:00,ZG
117.18,117.47,117.18,117.47,3621,2021-05-05 17:40:00,ZG
117.35,117.35,117.15,117.265,600,2021-05-05 17:41:00,ZG
117.25,117.35,117.25,117.35,700,2021-05-05 17:43:00,ZG
117.325,117.46,117.31,117.41,3198,2021-05-05 17:44:00,ZG
117.54,117.65,117.52,117.65,2000,2021-05-05 17:45:00,ZG
117.66,117.67,117.66,117.66,1162,2021-05-05 17:46:00,ZG
117.76,117.775,117.76,117.775,400,2021-05-05 17:47:00,ZG
117.68,117.72,117.65,117.72,700,2021-05-05 17:48:00,ZG
117.665,117.685,117.56,117.56,500,2021-05-05 17:49:00,ZG
117.66,117.69,117.54,117.655,3460,2021-05-05 17:50:00,ZG
117.8,117.805,117.705,117.805,450,2021-05-05 17:51:00,ZG
117.82,117.82,117.66,117.66,824,2021-05-05 17:52:00,ZG
117.56,117.56,117.515,117.515,408,2021-05-05 17:54:00,ZG
117.43,117.485,117.28,117.48,1392,2021-05-05 17:55:00,ZG
117.45,117.45,117.0,117.0,2129,2021-05-05 17:56:00,ZG
117.14,117.27,117.13,117.27,2803,2021-05-05 17:57:00,ZG
117.21,117.37,117.21,117.31,1527,2021-05-05 17:58:00,ZG
117.16,117.3047,117.16,117.3047,200,2021-05-05 17:59:00,ZG
117.155,117.35,117.155,117.2,1100,2021-05-05 18:00:00,ZG
117.06,117.06,117.06,117.06,100,2021-05-05 18:01:00,ZG
116.92,116.92,116.73,116.815,1359,2021-05-05 18:02:00,ZG
116.83,116.918,116.83,116.918,200,2021-05-05 18:03:00,ZG
116.72,116.72,116.61,116.61,300,2021-05-05 18:04:00,ZG
116.67,116.67,116.65,116.65,200,2021-05-05 18:05:00,ZG
116.8715,117.04,116.82,116.82,3317,2021-05-05 18:06:00,ZG
116.84,116.84,116.7,116.765,447,2021-05-05 18:07:00,ZG
116.77,116.99,116.61,116.985,4741,2021-05-05 18:08:00,ZG
116.955,116.955,116.83,116.83,600,2021-05-05 18:09:00,ZG
117.01,117.01,116.905,116.905,458,2021-05-05 18:10:00,ZG
117.04,117.31,116.915,117.31,1800,2021-05-05 18:11:00,ZG
117.28,117.3,117.2257,117.2257,850,2021-05-05 18:12:00,ZG
117.13,117.22,117.12,117.12,492,2021-05-05 18:13:00,ZG
117.27,117.335,117.27,117.335,2526,2021-05-05 18:14:00,ZG
117.202,117.32,117.202,117.32,274,2021-05-05 18:15:00,ZG
117.2,117.26,117.13,117.185,1400,2021-05-05 18:16:00,ZG
117.1,117.1089,116.94,117.01,805,2021-05-05 18:17:00,ZG
117.085,117.085,117.085,117.085,200,2021-05-05 18:18:00,ZG
117.075,117.075,116.91,116.975,1660,2021-05-05 18:19:00,ZG
117.05,117.19,117.05,117.15,3491,2021-05-05 18:20:00,ZG
117.2566,117.2566,117.24,117.24,307,2021-05-05 18:21:00,ZG
117.25,117.32,117.17,117.17,1000,2021-05-05 18:22:00,ZG
117.14,117.14,117.0701,117.0701,200,2021-05-05 18:23:00,ZG
117.2,117.23,116.99,116.99,1300,2021-05-05 18:24:00,ZG
117.005,117.1,117.005,117.1,1040,2021-05-05 18:25:00,ZG
117.09,117.09,116.83,116.83,300,2021-05-05 18:26:00,ZG
116.92,116.93,116.77,116.77,500,2021-05-05 18:28:00,ZG
116.83,116.91,116.83,116.91,200,2021-05-05 18:29:00,ZG
116.7171,116.98,116.7171,116.955,1600,2021-05-05 18:30:00,ZG
116.9504,116.96,116.77,116.77,1950,2021-05-05 18:31:00,ZG
116.77,116.865,116.64,116.7,2167,2021-05-05 18:32:00,ZG
116.71,116.76,116.59,116.74,1953,2021-05-05 18:33:00,ZG
116.54,116.572,116.4375,116.5,5050,2021-05-05 18:34:00,ZG
116.43,116.4799,116.32,116.32,565,2021-05-05 18:35:00,ZG
116.41,116.41,116.16,116.175,8087,2021-05-05 18:36:00,ZG
116.11,116.16,115.9,116.16,8776,2021-05-05 18:37:00,ZG
116.1,116.34,115.98,116.17,6260,2021-05-05 18:38:00,ZG
116.145,116.145,116.0,116.015,300,2021-05-05 18:39:00,ZG
116.0625,116.22,115.98,116.22,4752,2021-05-05 18:40:00,ZG
116.135,116.145,116.0864,116.11,800,2021-05-05 18:41:00,ZG
116.141,116.31,116.141,116.175,2760,2021-05-05 18:42:00,ZG
116.1,116.25,116.09,116.25,1509,2021-05-05 18:43:00,ZG
116.39,116.46,116.3076,116.4013,1400,2021-05-05 18:44:00,ZG
116.215,116.3316,116.215,116.315,817,2021-05-05 18:45:00,ZG
116.21,116.24,116.06,116.06,900,2021-05-05 18:46:00,ZG
116.02,116.12,115.95,116.075,1643,2021-05-05 18:47:00,ZG
115.995,115.995,115.995,115.995,100,2021-05-05 18:48:00,ZG
116.1,116.42,116.1,116.32,4860,2021-05-05 18:49:00,ZG
116.325,116.42,116.325,116.3357,1000,2021-05-05 18:50:00,ZG
116.45,116.45,116.11,116.3375,1205,2021-05-05 18:51:00,ZG
116.2074,116.21,116.2074,116.21,346,2021-05-05 18:52:00,ZG
116.238,116.238,115.89,116.0,5361,2021-05-05 18:53:00,ZG
115.968,115.968,115.8,115.8,774,2021-05-05 18:54:00,ZG
115.88,115.88,115.775,115.775,500,2021-05-05 18:55:00,ZG
115.651,115.75,115.55,115.6676,4939,2021-05-05 18:56:00,ZG
115.6735,115.6735,115.38,115.43,3551,2021-05-05 18:57:00,ZG
115.39,115.53,115.26,115.29,4138,2021-05-05 18:58:00,ZG
115.16,115.24,115.09,115.16,4982,2021-05-05 18:59:00,ZG
115.2161,115.2161,115.2,115.2,1845,2021-05-05 19:00:00,ZG
115.215,115.3054,114.88,114.93,7646,2021-05-05 19:01:00,ZG
114.95,114.95,114.5825,114.5825,8250,2021-05-05 19:02:00,ZG
114.575,114.81,114.55,114.57,3350,2021-05-05 19:03:00,ZG
114.475,114.62,114.475,114.6,1900,2021-05-05 19:04:00,ZG
114.6867,115.06,114.595,114.96,4700,2021-05-05 19:05:00,ZG
114.97,114.97,114.74,114.74,1748,2021-05-05 19:06:00,ZG
114.7,114.75,114.46,114.5273,1327,2021-05-05 19:07:00,ZG
114.45,114.45,114.05,114.18,3674,2021-05-05 19:08:00,ZG
114.28,114.48,113.84,113.92,13059,2021-05-05 19:09:00,ZG
113.6701,113.99,113.6701,113.696,5051,2021-05-05 19:10:00,ZG
113.94,113.94,113.6,113.72,1838,2021-05-05 19:11:00,ZG
113.67,113.99,113.67,113.99,925,2021-05-05 19:12:00,ZG
113.7501,113.83,113.63,113.82,6217,2021-05-05 19:13:00,ZG
113.9,114.0,113.84,113.84,4750,2021-05-05 19:14:00,ZG
113.825,113.9083,113.55,113.55,2051,2021-05-05 19:15:00,ZG
113.51,113.83,113.49,113.7625,3582,2021-05-05 19:16:00,ZG
113.7,113.78,113.6,113.63,3097,2021-05-05 19:17:00,ZG
113.72,113.98,113.72,113.94,675,2021-05-05 19:18:00,ZG
114.0,114.38,114.0,114.24,4661,2021-05-05 19:19:00,ZG
113.89,114.3209,113.8,114.105,6981,2021-05-05 19:20:00,ZG
114.2999,114.657,114.2999,114.657,1923,2021-05-05 19:21:00,ZG
114.3909,114.3909,113.83,113.88,1740,2021-05-05 19:22:00,ZG
113.63,113.8,113.5601,113.74,2859,2021-05-05 19:23:00,ZG
113.79,113.79,113.58,113.58,2459,2021-05-05 19:24:00,ZG
113.46,113.57,113.41,113.48,3852,2021-05-05 19:25:00,ZG
113.4002,113.94,113.4002,113.8,7519,2021-05-05 19:26:00,ZG
113.99,114.36,113.8464,114.28,2769,2021-05-05 19:27:00,ZG
114.2,114.27,114.19,114.245,900,2021-05-05 19:28:00,ZG
114.35,114.83,114.25,114.83,1550,2021-05-05 19:29:00,ZG
114.51,114.57,114.325,114.4292,4425,2021-05-05 19:30:00,ZG
114.14,114.6546,114.14,114.27,6065,2021-05-05 19:31:00,ZG
114.46,114.5399,114.4252,114.5399,1968,2021-05-05 19:32:00,ZG
114.4431,114.75,114.4431,114.5497,1650,2021-05-05 19:33:00,ZG
114.5497,114.7299,114.37,114.37,2618,2021-05-05 19:34:00,ZG
114.449,114.56,114.37,114.5197,2875,2021-05-05 19:35:00,ZG
114.5579,114.9799,114.5,114.9799,1867,2021-05-05 19:36:00,ZG
114.72,114.9164,114.49,114.49,1745,2021-05-05 19:37:00,ZG
114.49,114.9607,114.48,114.9607,3165,2021-05-05 19:38:00,ZG
114.81,114.86,114.7252,114.86,3033,2021-05-05 19:39:00,ZG
114.845,114.9599,114.7646,114.8147,2104,2021-05-05 19:40:00,ZG
114.69,114.89,114.69,114.819,3162,2021-05-05 19:41:00,ZG
114.72,114.7999,114.63,114.66,1474,2021-05-05 19:42:00,ZG
114.687,115.0,114.64,114.6813,3237,2021-05-05 19:43:00,ZG
114.46,114.74,114.46,114.62,2705,2021-05-05 19:44:00,ZG
114.63,114.895,114.48,114.715,5956,2021-05-05 19:45:00,ZG
114.82,114.99,114.82,114.99,3657,2021-05-05 19:46:00,ZG
115.0,115.2099,115.0,115.18,1666,2021-05-05 19:47:00,ZG
115.21,115.67,115.16,115.34,2775,2021-05-05 19:48:00,ZG
115.4,115.4699,115.09,115.21,2988,2021-05-05 19:49:00,ZG
115.07,115.2,114.8801,114.8801,6885,2021-05-05 19:50:00,ZG
114.96,115.0399,114.57,114.58,4568,2021-05-05 19:51:00,ZG
114.51,115.06,114.51,115.06,7318,2021-05-05 19:52:00,ZG
115.16,115.18,114.93,114.94,3166,2021-05-05 19:53:00,ZG
115.01,115.2,114.96,115.2,8247,2021-05-05 19:54:00,ZG
115.17,115.3245,115.17,115.28,2951,2021-05-05 19:55:00,ZG
115.24,115.29,115.14,115.215,5687,2021-05-05 19:56:00,ZG
115.339,115.38,115.22,115.34,5798,2021-05-05 19:57:00,ZG
115.35,115.35,114.85,114.89,11709,2021-05-05 19:58:00,ZG
114.89,115.27,114.84,115.27,7816,2021-05-05 19:59:00,ZG
115.26,115.26,115.26,115.26,62847,2021-05-05 20:00:00,ZG
115.26,115.26,115.16,115.16,709,2021-05-05 20:01:00,ZG
115.0,115.5,115.0,115.5,305,2021-05-05 20:04:00,ZG
115.48,115.48,115.48,115.48,117,2021-05-05 20:52:00,ZG
115.47,115.48,115.47,115.48,1164,2021-05-05 21:11:00,ZG
115.15,115.15,115.15,115.15,105,2021-05-05 21:19:00,ZG
115.0,115.0,115.0,115.0,2500,2021-05-05 21:20:00,ZG
115.4,115.4,115.4,115.4,100,2021-05-05 21:50:00,ZG
115.15,115.15,115.15,115.15,117,2021-05-05 23:51:00,ZG
115.0,115.0,115.0,115.0,407,2021-05-05 23:53:00,ZG
115.5,115.5,115.5,115.5,113,2021-05-06 11:58:00,ZG
115.5,115.5,115.5,115.5,373,2021-05-06 12:01:00,ZG
115.5,115.5,115.5,115.5,1500,2021-05-06 12:16:00,ZG
115.5,115.5,115.5,115.5,100,2021-05-06 12:17:00,ZG
115.76,116.5,115.2,115.95,1292,2021-05-06 13:28:00,ZG
116.04,116.04,115.72,115.72,200,2021-05-06 13:29:00,ZG
115.65,115.65,114.0,114.25,19616,2021-05-06 13:30:00,ZG
114.05,114.2,113.485,113.7141,4288,2021-05-06 13:31:00,ZG
113.42,113.853,113.0393,113.59,1100,2021-05-06 13:32:00,ZG
113.565,113.565,112.97,113.0,1000,2021-05-06 13:33:00,ZG
112.96,113.18,112.05,112.175,6392,2021-05-06 13:34:00,ZG
112.19,112.77,112.11,112.42,1500,2021-05-06 13:35:00,ZG
112.6,112.67,112.06,112.5,5103,2021-05-06 13:36:00,ZG
112.59,113.62,112.42,113.62,2648,2021-05-06 13:37:00,ZG
113.435,114.32,113.07,113.19,1750,2021-05-06 13:38:00,ZG
113.12,114.07,112.65,114.07,3698,2021-05-06 13:39:00,ZG
113.62,114.0,113.62,113.8,1000,2021-05-06 13:40:00,ZG
113.04,113.04,112.9374,112.9374,1100,2021-05-06 13:41:00,ZG
112.5,113.0789,112.5,112.535,1200,2021-05-06 13:42:00,ZG
112.5,112.69,112.07,112.13,4230,2021-05-06 13:43:00,ZG
112.13,112.98,112.13,112.745,2050,2021-05-06 13:44:00,ZG
112.495,112.99,112.495,112.99,923,2021-05-06 13:45:00,ZG
112.775,113.28,112.775,112.96,2765,2021-05-06 13:46:00,ZG
112.97,112.97,112.57,112.79,2803,2021-05-06 13:47:00,ZG
112.77,112.77,111.415,111.865,6723,2021-05-06 13:48:00,ZG
112.25,112.56,111.995,112.09,2322,2021-05-06 13:49:00,ZG
112.445,112.61,112.37,112.38,6034,2021-05-06 13:50:00,ZG
112.59,113.08,112.59,112.78,4362,2021-05-06 13:51:00,ZG
113.13,113.13,112.64,112.64,376,2021-05-06 13:52:00,ZG
112.44,112.44,111.64,111.64,1400,2021-05-06 13:53:00,ZG
111.365,111.4,111.01,111.01,2486,2021-05-06 13:54:00,ZG
110.7557,110.7557,110.435,110.435,204,2021-05-06 13:55:00,ZG
110.76,111.16,110.53,111.16,13704,2021-05-06 13:56:00,ZG
110.81,110.88,110.2,110.535,3483,2021-05-06 13:57:00,ZG
110.53,110.84,110.25,110.52,2931,2021-05-06 13:58:00,ZG
110.68,110.68,110.31,110.66,3581,2021-05-06 13:59:00,ZG
110.58,111.05,110.5,110.71,15022,2021-05-06 14:00:00,ZG
110.69,110.69,110.69,110.69,100,2021-05-06 14:01:00,ZG
110.66,110.7,110.25,110.66,13418,2021-05-06 14:02:00,ZG
110.695,110.81,110.43,110.43,1801,2021-05-06 14:03:00,ZG
110.555,110.995,110.35,110.95,5300,2021-05-06 14:04:00,ZG
110.8,111.0394,110.55,110.76,4147,2021-05-06 14:05:00,ZG
111.01,111.26,110.81,111.0,9760,2021-05-06 14:06:00,ZG
111.12,111.3,111.0,111.275,5189,2021-05-06 14:07:00,ZG
111.4245,111.4245,111.14,111.3853,2373,2021-05-06 14:08:00,ZG
111.25,111.435,110.82,111.14,7527,2021-05-06 14:09:00,ZG
111.14,111.5,111.07,111.28,8249,2021-05-06 14:10:00,ZG
111.21,111.4,111.16,111.16,1783,2021-05-06 14:11:00,ZG
111.4199,111.4199,110.96,111.15,12142,2021-05-06 14:12:00,ZG
111.15,111.2,111.12,111.19,561,2021-05-06 14:13:00,ZG
110.98,111.23,110.83,110.85,2400,2021-05-06 14:14:00,ZG
110.72,110.9671,110.71,110.9671,850,2021-05-06 14:15:00,ZG
110.86,110.91,110.42,110.42,3574,2021-05-06 14:16:00,ZG
110.28,110.3799,110.13,110.2,2200,2021-05-06 14:17:00,ZG
110.125,110.1489,109.55,109.82,11129,2021-05-06 14:18:00,ZG
109.66,109.89,109.48,109.48,2740,2021-05-06 14:19:00,ZG
109.48,109.6,109.48,109.505,1300,2021-05-06 14:20:00,ZG
109.5899,109.61,109.4076,109.61,11308,2021-05-06 14:21:00,ZG
109.47,109.66,109.3812,109.41,6271,2021-05-06 14:22:00,ZG
109.46,109.63,109.4,109.505,5872,2021-05-06 14:23:00,ZG
109.61,109.64,109.4818,109.61,6306,2021-05-06 14:24:00,ZG
109.64,109.75,109.45,109.75,4650,2021-05-06 14:25:00,ZG
109.68,110.0,109.58,110.0,7499,2021-05-06 14:26:00,ZG
109.86,109.91,109.7,109.751,1600,2021-05-06 14:27:00,ZG
109.835,109.92,109.44,109.48,8655,2021-05-06 14:28:00,ZG
109.445,109.49,109.33,109.41,1743,2021-05-06 14:29:00,ZG
109.4,109.81,109.39,109.695,3730,2021-05-06 14:30:00,ZG
109.68,109.695,109.68,109.695,400,2021-05-06 14:31:00,ZG
109.47,109.61,109.23,109.47,5366,2021-05-06 14:32:00,ZG
109.46,109.56,109.46,109.5,300,2021-05-06 14:33:00,ZG
109.42,109.71,109.395,109.68,1900,2021-05-06 14:34:00,ZG
109.55,110.0,109.4997,110.0,1794,2021-05-06 14:35:00,ZG
109.96,110.31,109.96,110.18,1550,2021-05-06 14:36:00,ZG
110.45,110.57,110.4,110.54,2774,2021-05-06 14:37:00,ZG
110.54,110.87,110.34,110.87,5708,2021-05-06 14:38:00,ZG
110.7615,111.0,110.74,110.96,15425,2021-05-06 14:39:00,ZG
111.0,111.12,110.94,111.11,5716,2021-05-06 14:40:00,ZG
111.11,111.28,110.92,111.065,13664,2021-05-06 14:41:00,ZG
110.92,111.0,110.815,110.91,1500,2021-05-06 14:42:00,ZG
110.84,110.96,110.7692,110.815,1000,2021-05-06 14:43:00,ZG
110.75,111.09,110.56,111.0,2403,2021-05-06 14:44:00,ZG
111.17,111.22,111.01,111.03,3141,2021-05-06 14:45:00,ZG
111.135,111.48,111.135,111.2092,1288,2021-05-06 14:46:00,ZG
111.23,111.38,111.11,111.17,1400,2021-05-06 14:47:00,ZG
111.15,111.15,110.89,110.89,1400,2021-05-06 14:48:00,ZG
110.88,110.91,110.22,110.38,1736,2021-05-06 14:49:00,ZG
110.2525,110.585,110.2525,110.585,1300,2021-05-06 14:50:00,ZG
110.6,110.605,110.49,110.605,800,2021-05-06 14:51:00,ZG
110.52,110.95,110.52,110.95,1465,2021-05-06 14:52:00,ZG
110.9,111.13,110.7901,110.98,3700,2021-05-06 14:53:00,ZG
110.94,111.2673,110.93,111.2673,2770,2021-05-06 14:54:00,ZG
111.2225,111.26,110.981,111.15,2120,2021-05-06 14:55:00,ZG
111.19,111.49,111.03,111.11,7800,2021-05-06 14:56:00,ZG
111.19,111.225,111.02,111.03,3000,2021-05-06 14:57:00,ZG
111.22,111.32,111.0157,111.275,4030,2021-05-06 14:58:00,ZG
111.36,111.67,111.21,111.67,3100,2021-05-06 14:59:00,ZG
111.64,111.64,111.38,111.515,1061,2021-05-06 15:00:00,ZG
111.42,111.47,111.17,111.17,1400,2021-05-06 15:01:00,ZG
111.09,111.205,110.82,110.94,3300,2021-05-06 15:02:00,ZG
111.05,111.12,110.9,111.0915,1667,2021-05-06 15:03:00,ZG
111.14,111.31,111.05,111.2944,1087,2021-05-06 15:04:00,ZG
111.549,111.58,111.42,111.49,5140,2021-05-06 15:05:00,ZG
111.3,111.3,111.12,111.12,400,2021-05-06 15:06:00,ZG
111.18,111.18,110.9,110.9,3298,2021-05-06 15:07:00,ZG
110.82,111.1,110.705,110.96,1572,2021-05-06 15:09:00,ZG
111.0,111.14,110.89,111.02,1584,2021-05-06 15:10:00,ZG
110.95,110.95,110.75,110.805,400,2021-05-06 15:11:00,ZG
110.99,111.0,110.76,110.88,1347,2021-05-06 15:12:00,ZG
111.0,111.0,110.53,110.53,4209,2021-05-06 15:13:00,ZG
110.6892,110.6892,110.53,110.66,1700,2021-05-06 15:14:00,ZG
110.75,110.83,110.71,110.825,1164,2021-05-06 15:15:00,ZG
111.0,111.4,111.0,111.33,5600,2021-05-06 15:16:00,ZG
111.32,111.8945,111.32,111.75,1901,2021-05-06 15:17:00,ZG
111.74,111.74,111.59,111.74,400,2021-05-06 15:18:00,ZG
111.63,111.63,111.63,111.63,150,2021-05-06 15:19:00,ZG
111.63,111.945,111.63,111.945,1600,2021-05-06 15:20:00,ZG
112.0,112.25,111.88,112.0,2442,2021-05-06 15:21:00,ZG
112.01,112.01,111.81,112.0,1860,2021-05-06 15:22:00,ZG
112.25,112.495,112.25,112.495,1500,2021-05-06 15:23:00,ZG
112.64,112.82,112.64,112.715,3240,2021-05-06 15:24:00,ZG
112.601,112.8539,112.601,112.8539,350,2021-05-06 15:25:00,ZG
112.63,112.93,112.61,112.82,1419,2021-05-06 15:26:00,ZG
112.675,112.81,112.57,112.81,800,2021-05-06 15:27:00,ZG
112.9,113.24,112.76,112.94,12228,2021-05-06 15:28:00,ZG
113.02,113.1699,112.97,113.1699,887,2021-05-06 15:29:00,ZG
113.17,113.17,113.0025,113.165,1002,2021-05-06 15:30:00,ZG
113.03,113.03,112.95,113.0,1765,2021-05-06 15:31:00,ZG
113.15,113.37,112.985,113.265,4522,2021-05-06 15:32:00,ZG
113.4,113.63,113.4,113.5,700,2021-05-06 15:33:00,ZG
113.92,114.04,113.74,113.78,1400,2021-05-06 15:34:00,ZG
113.98,114.27,113.94,114.265,1500,2021-05-06 15:35:00,ZG
114.35,114.38,114.1,114.325,1100,2021-05-06 15:36:00,ZG
114.41,114.41,114.06,114.06,1202,2021-05-06 15:37:00,ZG
114.052,114.29,114.052,114.29,1400,2021-05-06 15:38:00,ZG
114.47,114.5427,114.47,114.5427,6750,2021-05-06 15:39:00,ZG
114.5,114.77,114.5,114.77,700,2021-05-06 15:40:00,ZG
114.9,115.34,114.9,115.21,4450,2021-05-06 15:41:00,ZG
115.09,115.46,114.91,115.46,3100,2021-05-06 15:42:00,ZG
115.56,115.62,115.355,115.48,1400,2021-05-06 15:43:00,ZG
115.5997,115.61,115.46,115.61,1400,2021-05-06 15:45:00,ZG
115.54,115.54,115.1842,115.28,900,2021-05-06 15:46:00,ZG
114.6901,115.01,114.69,114.69,400,2021-05-06 15:47:00,ZG
114.68,114.68,114.38,114.51,600,2021-05-06 15:48:00,ZG
114.6,114.6,114.5,114.5,300,2021-05-06 15:49:00,ZG
114.54,114.63,114.4535,114.4535,2951,2021-05-06 15:50:00,ZG
114.66,114.69,114.62,114.67,517,2021-05-06 15:51:00,ZG
114.59,114.59,114.59,114.59,765,2021-05-06 15:52:00,ZG
114.8,115.07,114.8,115.06,2769,2021-05-06 15:53:00,ZG
115.035,115.035,115.02,115.02,200,2021-05-06 15:54:00,ZG
114.76,114.83,114.48,114.83,1100,2021-05-06 15:55:00,ZG
114.9,115.0604,114.78,114.89,3049,2021-05-06 15:56:00,ZG
114.8,114.8699,114.58,114.68,1995,2021-05-06 15:57:00,ZG
114.68,114.7,114.68,114.7,204,2021-05-06 15:58:00,ZG
114.66,114.73,114.61,114.68,900,2021-05-06 15:59:00,ZG
114.79,114.8,114.79,114.8,200,2021-05-06 16:00:00,ZG
114.6,114.6,114.19,114.19,1250,2021-05-06 16:01:00,ZG
114.225,114.225,114.15,114.15,900,2021-05-06 16:02:00,ZG
114.0,114.18,114.0,114.145,2197,2021-05-06 16:03:00,ZG
114.17,114.28,114.0775,114.17,5476,2021-05-06 16:04:00,ZG
114.165,114.165,113.89,114.0,1100,2021-05-06 16:05:00,ZG
113.935,113.935,113.82,113.88,700,2021-05-06 16:06:00,ZG
113.89,113.89,113.89,113.89,100,2021-05-06 16:07:00,ZG
113.855,113.855,113.77,113.77,625,2021-05-06 16:08:00,ZG
113.76,113.76,113.61,113.61,300,2021-05-06 16:09:00,ZG
113.5943,113.7,113.59,113.7,2900,2021-05-06 16:10:00,ZG
113.7,114.01,113.7,113.83,1387,2021-05-06 16:11:00,ZG
113.84,113.84,113.54,113.54,2394,2021-05-06 16:12:00,ZG
113.5,113.5,113.33,113.33,656,2021-05-06 16:13:00,ZG
113.295,113.41,113.275,113.3,700,2021-05-06 16:14:00,ZG
113.51,113.69,113.49,113.69,1100,2021-05-06 16:15:00,ZG
113.62,113.62,113.45,113.45,400,2021-05-06 16:16:00,ZG
114.0116,114.0116,114.0116,114.0116,200,2021-05-06 16:17:00,ZG
113.935,114.34,113.935,114.22,600,2021-05-06 16:18:00,ZG
114.435,114.435,114.32,114.32,300,2021-05-06 16:19:00,ZG
114.5799,114.785,114.51,114.785,400,2021-05-06 16:20:00,ZG
114.885,114.885,114.885,114.885,186,2021-05-06 16:21:00,ZG
114.885,114.96,114.885,114.96,400,2021-05-06 16:22:00,ZG
114.88,114.88,114.88,114.88,100,2021-05-06 16:23:00,ZG
114.9,115.0,114.9,115.0,713,2021-05-06 16:24:00,ZG
115.15,115.28,115.15,115.28,399,2021-05-06 16:25:00,ZG
115.45,115.59,115.45,115.59,300,2021-05-06 16:26:00,ZG
115.51,115.55,115.42,115.42,2980,2021-05-06 16:27:00,ZG
115.27,115.39,115.25,115.25,3440,2021-05-06 16:28:00,ZG
115.29,115.39,115.21,115.21,1501,2021-05-06 16:29:00,ZG
115.39,115.39,115.39,115.39,200,2021-05-06 16:30:00,ZG
115.21,115.21,115.15,115.15,200,2021-05-06 16:33:00,ZG
115.25,115.4,115.2071,115.245,1115,2021-05-06 16:34:00,ZG
115.14,115.17,115.03,115.03,1500,2021-05-06 16:35:00,ZG
115.09,115.22,115.09,115.22,500,2021-05-06 16:36:00,ZG
115.155,115.155,115.155,115.155,100,2021-05-06 16:37:00,ZG
115.25,115.3,115.25,115.3,800,2021-05-06 16:38:00,ZG
115.33,115.79,115.33,115.79,6018,2021-05-06 16:39:00,ZG
115.94,115.94,115.84,115.8848,2533,2021-05-06 16:40:00,ZG
115.8752,115.8752,115.775,115.775,200,2021-05-06 16:41:00,ZG
115.54,115.84,115.45,115.45,776,2021-05-06 16:42:00,ZG
115.31,115.38,115.25,115.38,500,2021-05-06 16:43:00,ZG
115.345,115.39,115.21,115.22,1500,2021-05-06 16:44:00,ZG
115.1301,115.3,114.93,114.93,1100,2021-05-06 16:45:00,ZG
114.955,115.16,114.72,115.16,2300,2021-05-06 16:46:00,ZG
115.01,115.075,114.88,114.9,1600,2021-05-06 16:47:00,ZG
114.92,115.11,114.92,115.07,1100,2021-05-06 16:48:00,ZG
115.03,115.27,114.81,115.27,1200,2021-05-06 16:49:00,ZG
115.32,115.42,115.1131,115.27,2522,2021-05-06 16:50:00,ZG
115.4,115.53,115.35,115.375,3652,2021-05-06 16:51:00,ZG
115.42,115.42,115.365,115.365,500,2021-05-06 16:52:00,ZG
115.32,115.32,115.27,115.31,600,2021-05-06 16:53:00,ZG
115.29,115.4,115.29,115.38,2200,2021-05-06 16:54:00,ZG
115.365,115.37,115.11,115.16,800,2021-05-06 16:55:00,ZG
115.17,115.19,115.01,115.03,1100,2021-05-06 16:56:00,ZG
115.07,115.12,114.98,115.12,600,2021-05-06 16:57:00,ZG
115.13,115.16,115.09,115.16,700,2021-05-06 16:58:00,ZG
115.17,115.29,115.06,115.29,1699,2021-05-06 16:59:00,ZG
115.3,115.33,115.23,115.31,1000,2021-05-06 17:00:00,ZG
115.44,115.44,115.26,115.355,1225,2021-05-06 17:01:00,ZG
115.43,115.45,115.24,115.31,2900,2021-05-06 17:02:00,ZG
115.19,115.355,115.19,115.355,1200,2021-05-06 17:03:00,ZG
115.325,115.43,115.21,115.35,800,2021-05-06 17:04:00,ZG
115.38,115.4,115.12,115.3,825,2021-05-06 17:05:00,ZG
115.09,115.22,114.98,115.03,1600,2021-05-06 17:06:00,ZG
115.1966,115.22,115.08,115.15,800,2021-05-06 17:07:00,ZG
115.17,115.21,114.97,115.21,1300,2021-05-06 17:08:00,ZG
115.27,115.38,115.265,115.35,800,2021-05-06 17:09:00,ZG
115.19,115.19,115.17,115.19,600,2021-05-06 17:10:00,ZG
114.98,114.98,114.91,114.91,3970,2021-05-06 17:11:00,ZG
114.85,114.88,114.71,114.82,1100,2021-05-06 17:12:00,ZG
114.92,115.27,114.92,115.215,1400,2021-05-06 17:13:00,ZG
115.25,115.25,114.98,114.98,400,2021-05-06 17:14:00,ZG
114.94,114.97,114.79,114.8347,1907,2021-05-06 17:15:00,ZG
114.79,114.83,114.7,114.73,670,2021-05-06 17:16:00,ZG
114.72,114.82,114.72,114.82,900,2021-05-06 17:17:00,ZG
114.88,114.88,114.59,114.64,800,2021-05-06 17:18:00,ZG
114.6,114.68,114.56,114.63,1100,2021-05-06 17:19:00,ZG
114.57,114.62,114.55,114.55,500,2021-05-06 17:20:00,ZG
114.5306,114.5306,114.5306,114.5306,200,2021-05-06 17:21:00,ZG
114.69,114.71,114.69,114.71,400,2021-05-06 17:22:00,ZG
114.24,114.38,114.21,114.38,500,2021-05-06 17:24:00,ZG
114.51,114.65,114.509,114.65,650,2021-05-06 17:25:00,ZG
114.625,114.625,114.53,114.56,500,2021-05-06 17:26:00,ZG
114.625,114.7109,114.3001,114.3001,500,2021-05-06 17:27:00,ZG
114.34,114.37,114.32,114.32,600,2021-05-06 17:28:00,ZG
114.35,114.35,114.16,114.195,900,2021-05-06 17:29:00,ZG
114.28,114.29,114.28,114.29,200,2021-05-06 17:30:00,ZG
114.285,114.38,114.285,114.37,500,2021-05-06 17:32:00,ZG
114.45,114.46,114.45,114.46,300,2021-05-06 17:33:00,ZG
114.79,114.79,114.76,114.76,200,2021-05-06 17:34:00,ZG
114.859,114.859,114.72,114.72,500,2021-05-06 17:35:00,ZG
114.7,114.7,114.67,114.67,400,2021-05-06 17:36:00,ZG
114.55,114.58,114.49,114.49,600,2021-05-06 17:38:00,ZG
114.56,114.56,114.35,114.35,500,2021-05-06 17:39:00,ZG
114.22,114.22,114.06,114.06,300,2021-05-06 17:40:00,ZG
113.84,113.84,113.8,113.8,400,2021-05-06 17:41:00,ZG
113.73,114.15,113.73,114.11,1617,2021-05-06 17:42:00,ZG
113.955,114.19,113.955,114.19,600,2021-05-06 17:43:00,ZG
114.11,114.11,114.02,114.02,300,2021-05-06 17:44:00,ZG
113.71,113.72,113.71,113.72,200,2021-05-06 17:45:00,ZG
113.99,114.13,113.85,113.85,1025,2021-05-06 17:46:00,ZG
113.84,113.89,113.78,113.89,900,2021-05-06 17:47:00,ZG
113.95,113.95,113.8047,113.946,1048,2021-05-06 17:49:00,ZG
113.84,114.13,113.84,114.13,6300,2021-05-06 17:50:00,ZG
114.13,114.28,114.1,114.22,4315,2021-05-06 17:51:00,ZG
114.29,114.29,114.21,114.21,400,2021-05-06 17:52:00,ZG
114.29,114.29,114.2,114.2,1800,2021-05-06 17:53:00,ZG
114.33,114.33,114.28,114.28,200,2021-05-06 17:54:00,ZG
114.29,114.29,114.195,114.195,300,2021-05-06 17:55:00,ZG
114.32,114.375,114.32,114.375,590,2021-05-06 17:56:00,ZG
114.36,114.36,114.3,114.3,400,2021-05-06 17:57:00,ZG
114.29,114.29,114.15,114.29,700,2021-05-06 17:58:00,ZG
114.32,114.39,114.32,114.39,400,2021-05-06 17:59:00,ZG
114.35,114.499,114.35,114.499,575,2021-05-06 18:00:00,ZG
114.35,114.35,114.35,114.35,500,2021-05-06 18:01:00,ZG
114.25,114.31,114.22,114.31,600,2021-05-06 18:02:00,ZG
114.44,114.58,114.4,114.58,723,2021-05-06 18:03:00,ZG
114.485,114.59,114.485,114.59,790,2021-05-06 18:04:00,ZG
114.595,114.6654,114.595,114.6654,475,2021-05-06 18:05:00,ZG
114.67,114.84,114.67,114.84,1100,2021-05-06 18:06:00,ZG
114.93,114.93,114.82,114.9,1000,2021-05-06 18:07:00,ZG
114.9,114.92,114.9,114.92,300,2021-05-06 18:08:00,ZG
114.9,115.0,114.7439,115.0,1606,2021-05-06 18:09:00,ZG
114.97,115.11,114.9661,115.0,3650,2021-05-06 18:10:00,ZG
115.09,115.16,115.09,115.16,500,2021-05-06 18:11:00,ZG
115.14,115.14,114.6,114.6,11087,2021-05-06 18:12:00,ZG
114.615,114.775,114.615,114.775,642,2021-05-06 18:13:00,ZG
114.969,114.969,114.67,114.67,701,2021-05-06 18:14:00,ZG
114.54,114.5975,114.46,114.55,6350,2021-05-06 18:15:00,ZG
114.535,114.535,114.27,114.53,4245,2021-05-06 18:16:00,ZG
114.69,114.69,114.48,114.48,600,2021-05-06 18:17:00,ZG
114.11,114.15,114.04,114.075,4400,2021-05-06 18:19:00,ZG
113.995,113.995,113.8,113.875,2319,2021-05-06 18:20:00,ZG
113.79,113.98,113.79,113.975,500,2021-05-06 18:21:00,ZG
113.91,113.94,113.8689,113.94,500,2021-05-06 18:22:00,ZG
113.995,114.1917,113.99,114.1917,2331,2021-05-06 18:23:00,ZG
114.1669,114.1669,114.0,114.13,300,2021-05-06 18:24:00,ZG
114.16,114.23,114.02,114.02,1100,2021-05-06 18:25:00,ZG
113.98,114.06,113.895,114.06,1920,2021-05-06 18:26:00,ZG
113.75,113.75,113.57,113.67,6620,2021-05-06 18:27:00,ZG
113.75,113.75,113.5101,113.5101,200,2021-05-06 18:28:00,ZG
113.28,113.28,113.28,113.28,200,2021-05-06 18:29:00,ZG
113.165,113.165,113.16,113.16,200,2021-05-06 18:30:00,ZG
113.1185,113.12,113.06,113.07,1217,2021-05-06 18:31:00,ZG
113.02,113.17,112.87,113.17,1458,2021-05-06 18:32:00,ZG
112.75,112.75,112.57,112.67,556,2021-05-06 18:34:00,ZG
112.68,112.68,112.68,112.68,100,2021-05-06 18:35:00,ZG
112.56,112.94,112.56,112.94,500,2021-05-06 18:36:00,ZG
112.78,113.1,112.7078,113.1,1940,2021-05-06 18:37:00,ZG
112.98,112.98,112.86,112.86,300,2021-05-06 18:39:00,ZG
113.14,113.16,113.015,113.16,862,2021-05-06 18:40:00,ZG
113.16,113.16,113.16,113.16,370,2021-05-06 18:41:00,ZG
112.94,112.94,112.94,112.94,100,2021-05-06 18:43:00,ZG
112.928,113.03,112.8376,112.97,930,2021-05-06 18:44:00,ZG
112.97,113.17,112.97,113.0,3677,2021-05-06 18:45:00,ZG
112.92,113.07,112.92,113.0,2310,2021-05-06 18:46:00,ZG
113.07,113.116,113.0,113.1,1450,2021-05-06 18:47:00,ZG
112.97,112.97,112.97,112.97,100,2021-05-06 18:48:00,ZG
112.91,112.91,112.82,112.82,200,2021-05-06 18:49:00,ZG
112.8,112.8,112.8,112.8,100,2021-05-06 18:50:00,ZG
112.82,112.88,112.6,112.8275,4200,2021-05-06 18:51:00,ZG
112.79,112.9,112.79,112.855,4344,2021-05-06 18:52:00,ZG
112.91,112.91,112.84,112.85,700,2021-05-06 18:53:00,ZG
112.85,112.85,112.83,112.83,700,2021-05-06 18:54:00,ZG
112.78,112.93,112.72,112.86,7900,2021-05-06 18:55:00,ZG
112.8,112.88,112.625,112.625,1400,2021-05-06 18:56:00,ZG
112.6,112.72,112.52,112.72,1713,2021-05-06 18:57:00,ZG
112.625,112.71,112.56,112.7,1210,2021-05-06 18:58:00,ZG
112.71,112.8,112.645,112.735,9420,2021-05-06 18:59:00,ZG
112.7,112.8,112.685,112.73,2700,2021-05-06 19:00:00,ZG
112.78,112.78,112.62,112.62,800,2021-05-06 19:01:00,ZG
112.53,112.57,112.442,112.442,600,2021-05-06 19:02:00,ZG
112.51,112.64,112.51,112.64,2374,2021-05-06 19:03:00,ZG
112.66,112.8049,112.64,112.8049,830,2021-05-06 19:04:00,ZG
112.8,112.85,112.76,112.83,3400,2021-05-06 19:05:00,ZG
112.83,112.83,112.75,112.75,200,2021-05-06 19:06:00,ZG
112.73,112.84,112.64,112.64,1200,2021-05-06 19:08:00,ZG
112.84,113.2158,112.81,113.16,2798,2021-05-06 19:09:00,ZG
113.14,113.225,113.13,113.14,2452,2021-05-06 19:10:00,ZG
113.14,113.2,113.09,113.1575,1300,2021-05-06 19:11:00,ZG
113.17,113.41,113.17,113.41,1655,2021-05-06 19:12:00,ZG
113.5525,113.5525,113.3409,113.3409,2131,2021-05-06 19:13:00,ZG
113.4,113.49,113.4,113.49,2100,2021-05-06 19:14:00,ZG
113.36,113.36,113.19,113.24,1291,2021-05-06 19:15:00,ZG
113.3,113.4,113.24,113.33,2413,2021-05-06 19:16:00,ZG
113.32,113.32,113.175,113.175,1395,2021-05-06 19:17:00,ZG
113.15,113.15,112.865,112.865,4246,2021-05-06 19:18:00,ZG
112.83,112.975,112.83,112.945,3940,2021-05-06 19:19:00,ZG
113.0,113.0,112.67,112.67,1518,2021-05-06 19:20:00,ZG
112.7,112.8,112.624,112.63,1857,2021-05-06 19:21:00,ZG
112.695,112.8,112.625,112.69,1400,2021-05-06 19:22:00,ZG
112.7538,112.85,112.705,112.82,20650,2021-05-06 19:23:00,ZG
112.76,113.08,112.75,113.0,19377,2021-05-06 19:24:00,ZG
113.05,113.14,113.04,113.075,1200,2021-05-06 19:25:00,ZG
113.15,113.51,113.15,113.48,1600,2021-05-06 19:26:00,ZG
113.505,113.61,113.4,113.4,1100,2021-05-06 19:27:00,ZG
113.35,113.49,113.35,113.43,900,2021-05-06 19:28:00,ZG
113.44,113.455,113.25,113.28,2080,2021-05-06 19:29:00,ZG
113.26,113.26,113.139,113.139,900,2021-05-06 19:30:00,ZG
113.23,113.34,113.18,113.34,2100,2021-05-06 19:31:00,ZG
113.41,113.415,113.32,113.32,300,2021-05-06 19:32:00,ZG
113.39,113.41,113.225,113.225,995,2021-05-06 19:33:00,ZG
113.2,113.2,112.96,113.13,3211,2021-05-06 19:34:00,ZG
113.14,113.41,113.11,113.36,2150,2021-05-06 19:35:00,ZG
113.42,113.68,113.42,113.645,1700,2021-05-06 19:36:00,ZG
113.75,113.75,113.66,113.72,1868,2021-05-06 19:37:00,ZG
113.82,114.07,113.82,114.07,3398,2021-05-06 19:38:00,ZG
114.06,114.06,113.875,113.885,1125,2021-05-06 19:39:00,ZG
113.96,114.04,113.83,113.86,11063,2021-05-06 19:40:00,ZG
113.94,114.2,113.94,114.15,4000,2021-05-06 19:41:00,ZG
114.0735,114.22,114.01,114.22,2392,2021-05-06 19:42:00,ZG
114.15,114.16,113.78,113.78,1865,2021-05-06 19:43:00,ZG
113.67,113.85,113.67,113.85,2694,2021-05-06 19:44:00,ZG
113.81,113.92,113.76,113.8,1489,2021-05-06 19:45:00,ZG
113.85,113.89,113.65,113.82,6397,2021-05-06 19:46:00,ZG
113.82,113.84,113.5122,113.76,10572,2021-05-06 19:47:00,ZG
113.745,113.81,113.68,113.8,5000,2021-05-06 19:48:00,ZG
113.8,113.89,113.77,113.86,5622,2021-05-06 19:49:00,ZG
113.86,114.26,113.83,114.08,9994,2021-05-06 19:50:00,ZG
114.125,114.14,113.91,113.91,22028,2021-05-06 19:51:00,ZG
113.97,114.0495,113.68,113.68,6601,2021-05-06 19:52:00,ZG
113.74,113.74,113.56,113.56,8442,2021-05-06 19:53:00,ZG
113.72,113.75,113.57,113.705,14071,2021-05-06 19:54:00,ZG
113.74,113.88,113.47,113.51,7875,2021-05-06 19:55:00,ZG
113.51,113.64,113.48,113.59,10790,2021-05-06 19:56:00,ZG
113.59,113.78,113.55,113.72,14713,2021-05-06 19:57:00,ZG
113.7,113.9,113.695,113.82,12335,2021-05-06 19:58:00,ZG
113.88,114.15,113.88,114.01,15471,2021-05-06 19:59:00,ZG
114.14,114.14,114.14,114.14,61538,2021-05-06 20:00:00,ZG
114.14,114.14,114.14,114.14,113,2021-05-06 20:01:00,ZG
114.14,114.14,114.14,114.14,190,2021-05-06 20:02:00,ZG
114.5,114.5,114.5,114.5,153,2021-05-06 22:04:00,ZG
114.5,114.5,114.5,114.5,100,2021-05-06 22:14:00,ZG
114.55,114.55,114.55,114.55,100,2021-05-06 23:13:00,ZG
114.2,114.2,114.2,114.2,194,2021-05-07 11:40:00,ZG
114.85,114.85,114.85,114.85,2480,2021-05-07 12:31:00,ZG
117.0,117.0,117.0,117.0,906,2021-05-07 12:55:00,ZG
116.99,116.99,116.99,116.99,1700,2021-05-07 12:58:00,ZG
116.99,116.99,116.99,116.99,368,2021-05-07 12:59:00,ZG
116.99,116.99,116.99,116.99,100,2021-05-07 13:05:00,ZG
117.0,117.0,117.0,117.0,999,2021-05-07 13:07:00,ZG
117.0,117.0,117.0,117.0,400,2021-05-07 13:23:00,ZG
117.0,117.0,117.0,117.0,100,2021-05-07 13:24:00,ZG
118.39,118.42,117.5,117.99,5279,2021-05-07 13:28:00,ZG
118.07,119.09,117.55,118.9984,26546,2021-05-07 13:30:00,ZG
118.905,119.46,118.7,118.88,4805,2021-05-07 13:31:00,ZG
119.0,119.9133,119.0,119.9133,2250,2021-05-07 13:32:00,ZG
119.56,119.89,119.35,119.725,1500,2021-05-07 13:33:00,ZG
119.89,119.89,119.14,119.42,5967,2021-05-07 13:34:00,ZG
119.49,119.49,119.35,119.35,300,2021-05-07 13:35:00,ZG
119.3672,120.0,119.3672,120.0,5285,2021-05-07 13:36:00,ZG
119.99,119.99,119.99,119.99,200,2021-05-07 13:37:00,ZG
119.56,120.0,119.56,120.0,962,2021-05-07 13:38:00,ZG
120.15,120.56,120.03,120.27,3371,2021-05-07 13:39:00,ZG
120.56,120.74,120.16,120.41,2415,2021-05-07 13:40:00,ZG
120.41,120.41,120.01,120.295,550,2021-05-07 13:41:00,ZG
120.325,120.5061,119.595,119.62,2136,2021-05-07 13:42:00,ZG
119.88,120.2966,119.56,119.71,2250,2021-05-07 13:43:00,ZG
119.4,120.22,119.4,120.11,1621,2021-05-07 13:44:00,ZG
120.08,120.19,119.81,120.04,750,2021-05-07 13:45:00,ZG
120.18,120.55,119.8,119.8,1267,2021-05-07 13:46:00,ZG
119.62,120.155,119.62,119.73,2300,2021-05-07 13:47:00,ZG
119.935,120.22,119.6,119.81,1500,2021-05-07 13:48:00,ZG
119.5,120.1,119.47,120.01,1748,2021-05-07 13:49:00,ZG
119.9,119.9,119.3185,119.35,1100,2021-05-07 13:50:00,ZG
119.28,119.75,119.07,119.75,4850,2021-05-07 13:51:00,ZG
119.56,119.96,119.56,119.89,900,2021-05-07 13:52:00,ZG
119.66,119.94,119.49,119.94,900,2021-05-07 13:53:00,ZG
119.77,119.87,119.47,119.81,1453,2021-05-07 13:54:00,ZG
119.83,119.845,119.16,119.285,1300,2021-05-07 13:55:00,ZG
119.295,119.53,118.995,119.19,1150,2021-05-07 13:56:00,ZG
119.21,119.595,119.03,119.57,1408,2021-05-07 13:57:00,ZG
119.21,119.74,119.161,119.74,1500,2021-05-07 13:58:00,ZG
119.735,119.735,119.33,119.49,700,2021-05-07 13:59:00,ZG
119.49,120.13,119.49,120.13,1193,2021-05-07 14:00:00,ZG
120.0,120.21,119.83,120.06,1000,2021-05-07 14:01:00,ZG
120.2016,120.39,120.0,120.39,5307,2021-05-07 14:02:00,ZG
120.47,120.93,120.3,120.79,9151,2021-05-07 14:03:00,ZG
120.9,121.24,120.89,120.89,3650,2021-05-07 14:04:00,ZG
120.84,121.28,120.81,121.28,1500,2021-05-07 14:05:00,ZG
121.31,121.4213,121.05,121.05,725,2021-05-07 14:06:00,ZG
120.954,120.954,120.81,120.9,400,2021-05-07 14:07:00,ZG
120.77,121.11,120.62,120.62,1100,2021-05-07 14:08:00,ZG
120.7,120.977,120.57,120.977,400,2021-05-07 14:09:00,ZG
120.9,121.01,120.85,121.01,1300,2021-05-07 14:10:00,ZG
121.1681,121.43,121.1681,121.42,1525,2021-05-07 14:11:00,ZG
121.45,121.49,121.04,121.37,2896,2021-05-07 14:12:00,ZG
121.07,121.38,120.89,121.0,907,2021-05-07 14:13:00,ZG
121.225,121.25,121.225,121.25,200,2021-05-07 14:14:00,ZG
121.35,121.35,120.88,120.88,1400,2021-05-07 14:15:00,ZG
121.08,121.12,121.08,121.11,600,2021-05-07 14:16:00,ZG
121.205,121.35,121.2,121.2,925,2021-05-07 14:17:00,ZG
121.2429,121.29,120.82,120.93,2237,2021-05-07 14:18:00,ZG
121.33,121.54,121.07,121.07,2027,2021-05-07 14:19:00,ZG
121.29,121.305,121.29,121.305,450,2021-05-07 14:20:00,ZG
121.15,121.3399,121.08,121.08,600,2021-05-07 14:21:00,ZG
121.34,121.48,121.2,121.23,3046,2021-05-07 14:22:00,ZG
121.35,121.35,121.08,121.29,3000,2021-05-07 14:23:00,ZG
121.21,121.23,120.95,121.23,638,2021-05-07 14:24:00,ZG
121.23,121.32,121.18,121.26,1571,2021-05-07 14:25:00,ZG
121.115,121.6,121.115,121.45,2325,2021-05-07 14:26:00,ZG
121.66,121.66,121.66,121.66,100,2021-05-07 14:27:00,ZG
121.53,121.53,121.2,121.2,2197,2021-05-07 14:28:00,ZG
121.32,121.34,121.03,121.03,300,2021-05-07 14:29:00,ZG
121.46,121.46,121.0753,121.23,600,2021-05-07 14:30:00,ZG
121.21,121.39,121.14,121.36,1100,2021-05-07 14:31:00,ZG
121.5559,121.5559,121.5559,121.5559,199,2021-05-07 14:32:00,ZG
121.35,121.35,121.05,121.05,1000,2021-05-07 14:33:00,ZG
121.27,121.27,121.24,121.24,200,2021-05-07 14:34:00,ZG
121.27,121.59,121.27,121.59,300,2021-05-07 14:35:00,ZG
121.75,121.8,121.53,121.53,1842,2021-05-07 14:36:00,ZG
121.4397,121.4397,121.4397,121.4397,100,2021-05-07 14:37:00,ZG
121.42,121.42,121.1,121.33,865,2021-05-07 14:38:00,ZG
121.5,121.5,121.21,121.21,750,2021-05-07 14:39:00,ZG
121.1653,121.5,121.1653,121.2797,590,2021-05-07 14:40:00,ZG
121.3738,121.3738,121.33,121.33,250,2021-05-07 14:41:00,ZG
121.58,121.75,121.58,121.75,344,2021-05-07 14:42:00,ZG
121.76,121.76,121.26,121.47,1300,2021-05-07 14:43:00,ZG
121.47,121.47,121.2701,121.2701,400,2021-05-07 14:44:00,ZG
121.5111,121.79,121.39,121.55,2994,2021-05-07 14:45:00,ZG
121.42,121.46,121.325,121.385,1511,2021-05-07 14:46:00,ZG
121.44,121.56,121.33,121.34,1400,2021-05-07 14:47:00,ZG
121.42,121.4768,121.09,121.17,1350,2021-05-07 14:48:00,ZG
121.115,121.18,121.115,121.18,230,2021-05-07 14:49:00,ZG
121.42,121.6021,121.32,121.6021,1689,2021-05-07 14:50:00,ZG
121.63,121.67,121.4,121.4,923,2021-05-07 14:51:00,ZG
121.4177,121.615,121.3914,121.615,1030,2021-05-07 14:52:00,ZG
121.705,121.7069,121.687,121.7069,399,2021-05-07 14:53:00,ZG
121.6,121.6,121.43,121.52,500,2021-05-07 14:54:00,ZG
121.48,121.48,121.395,121.395,200,2021-05-07 14:56:00,ZG
121.41,121.41,121.26,121.26,302,2021-05-07 14:57:00,ZG
121.37,121.54,121.37,121.54,300,2021-05-07 14:58:00,ZG
121.65,121.65,121.4101,121.54,700,2021-05-07 14:59:00,ZG
121.5,121.7234,121.455,121.455,2397,2021-05-07 15:00:00,ZG
121.61,121.75,121.27,121.27,899,2021-05-07 15:01:00,ZG
121.3143,121.3143,121.3143,121.3143,400,2021-05-07 15:02:00,ZG
121.3,121.37,121.26,121.2689,764,2021-05-07 15:03:00,ZG
121.1701,121.27,121.1701,121.27,200,2021-05-07 15:04:00,ZG
121.26,121.4,121.26,121.4,500,2021-05-07 15:05:00,ZG
121.16,121.4399,121.16,121.17,4320,2021-05-07 15:06:00,ZG
121.4499,121.4499,121.4499,121.4499,100,2021-05-07 15:07:00,ZG
121.3484,121.3484,121.185,121.185,700,2021-05-07 15:09:00,ZG
121.07,121.07,121.07,121.07,300,2021-05-07 15:11:00,ZG
121.2,121.2,120.95,120.97,817,2021-05-07 15:12:00,ZG
120.9021,120.9021,120.9021,120.9021,100,2021-05-07 15:13:00,ZG
120.92,121.0,120.92,120.98,456,2021-05-07 15:14:00,ZG
120.905,120.905,120.905,120.905,100,2021-05-07 15:16:00,ZG
121.01,121.17,121.01,121.17,630,2021-05-07 15:17:00,ZG
121.1399,121.1399,121.1399,121.1399,100,2021-05-07 15:18:00,ZG
121.1,121.1,120.9147,120.96,400,2021-05-07 15:19:00,ZG
120.925,120.945,120.84,120.945,742,2021-05-07 15:20:00,ZG
120.91,121.0776,120.91,121.0776,400,2021-05-07 15:21:00,ZG
121.065,121.065,120.8989,121.0,399,2021-05-07 15:22:00,ZG
121.06,121.06,120.78,120.78,1043,2021-05-07 15:23:00,ZG
120.84,121.15,120.84,121.15,502,2021-05-07 15:24:00,ZG
120.85,120.85,120.85,120.85,277,2021-05-07 15:26:00,ZG
120.86,120.86,120.82,120.82,500,2021-05-07 15:27:00,ZG
120.72,120.72,120.72,120.72,100,2021-05-07 15:28:00,ZG
120.8515,120.8515,120.8515,120.8515,130,2021-05-07 15:30:00,ZG
120.7,120.7,120.45,120.45,600,2021-05-07 15:31:00,ZG
120.45,120.45,120.45,120.45,349,2021-05-07 15:32:00,ZG
120.6529,120.6529,120.6529,120.6529,100,2021-05-07 15:33:00,ZG
120.58,120.58,120.58,120.58,200,2021-05-07 15:34:00,ZG
120.66,120.84,120.66,120.84,200,2021-05-07 15:35:00,ZG
120.93,120.93,120.77,120.85,550,2021-05-07 15:36:00,ZG
121.0499,121.0499,120.8,120.8,600,2021-05-07 15:37:00,ZG
120.69,120.69,120.6,120.65,500,2021-05-07 15:41:00,ZG
120.6,120.64,120.6,120.64,200,2021-05-07 15:42:00,ZG
120.74,120.78,120.74,120.78,200,2021-05-07 15:43:00,ZG
121.1,121.1,120.875,120.875,300,2021-05-07 15:45:00,ZG
120.92,120.92,120.9,120.9,400,2021-05-07 15:46:00,ZG
121.109,121.109,121.109,121.109,160,2021-05-07 15:47:00,ZG
120.98,121.06,120.98,121.06,300,2021-05-07 15:48:00,ZG
121.1,121.17,121.1,121.13,500,2021-05-07 15:49:00,ZG
121.22,121.24,121.22,121.23,600,2021-05-07 15:50:00,ZG
121.47,121.47,121.47,121.47,485,2021-05-07 15:51:00,ZG
121.396,121.396,121.396,121.396,900,2021-05-07 15:54:00,ZG
121.335,121.335,121.2001,121.2001,200,2021-05-07 15:55:00,ZG
121.305,121.305,121.305,121.305,100,2021-05-07 15:56:00,ZG
121.27,121.27,121.27,121.27,100,2021-05-07 15:57:00,ZG
121.12,121.12,121.08,121.08,200,2021-05-07 15:58:00,ZG
121.22,121.22,121.22,121.22,100,2021-05-07 15:59:00,ZG
121.1367,121.1367,120.8991,121.025,1292,2021-05-07 16:00:00,ZG
120.91,120.91,120.83,120.83,200,2021-05-07 16:01:00,ZG
120.865,120.865,120.69,120.69,700,2021-05-07 16:03:00,ZG
120.79,120.79,120.79,120.79,100,2021-05-07 16:05:00,ZG
120.6,120.6,120.6,120.6,100,2021-05-07 16:06:00,ZG
120.785,120.785,120.785,120.785,100,2021-05-07 16:08:00,ZG
120.8772,120.8772,120.8772,120.8772,150,2021-05-07 16:10:00,ZG
120.7,120.77,120.7,120.735,550,2021-05-07 16:11:00,ZG
120.6,120.63,120.6,120.63,200,2021-05-07 16:12:00,ZG
120.7,120.7,120.51,120.51,532,2021-05-07 16:13:00,ZG
120.31,120.31,120.31,120.31,200,2021-05-07 16:14:00,ZG
120.58,120.65,120.33,120.65,4942,2021-05-07 16:16:00,ZG
120.555,120.555,120.4535,120.555,700,2021-05-07 16:17:00,ZG
120.485,120.485,120.465,120.465,200,2021-05-07 16:18:00,ZG
120.53,120.77,120.53,120.73,2063,2021-05-07 16:19:00,ZG
120.83,120.83,120.83,120.83,100,2021-05-07 16:21:00,ZG
120.83,120.875,120.83,120.875,400,2021-05-07 16:23:00,ZG
120.75,120.75,120.61,120.74,377,2021-05-07 16:25:00,ZG
120.66,120.66,120.45,120.49,706,2021-05-07 16:27:00,ZG
120.485,120.5,120.485,120.5,591,2021-05-07 16:28:00,ZG
120.54,120.54,120.43,120.43,574,2021-05-07 16:29:00,ZG
120.35,120.485,120.32,120.485,1100,2021-05-07 16:30:00,ZG
120.4,120.44,120.39,120.44,300,2021-05-07 16:31:00,ZG
120.5,120.6,120.5,120.6,220,2021-05-07 16:32:00,ZG
120.5,120.5,120.5,120.5,100,2021-05-07 16:34:00,ZG
120.3,120.3,120.11,120.15,1900,2021-05-07 16:35:00,ZG
120.19,120.2633,120.17,120.2633,350,2021-05-07 16:36:00,ZG
120.28,120.28,120.1,120.1,350,2021-05-07 16:37:00,ZG
120.11,120.17,120.06,120.12,1200,2021-05-07 16:39:00,ZG
120.06,120.1396,120.05,120.075,484,2021-05-07 16:40:00,ZG
120.14,120.14,120.08,120.08,300,2021-05-07 16:41:00,ZG
120.01,120.07,119.87,119.965,3130,2021-05-07 16:42:00,ZG
119.97,120.0,119.97,119.99,400,2021-05-07 16:43:00,ZG
120.03,120.24,120.03,120.24,3200,2021-05-07 16:45:00,ZG
120.28,120.31,120.28,120.28,885,2021-05-07 16:46:00,ZG
120.2527,120.2527,120.2527,120.2527,500,2021-05-07 16:47:00,ZG
120.35,120.38,120.35,120.38,300,2021-05-07 16:48:00,ZG
120.27,120.27,120.24,120.24,200,2021-05-07 16:49:00,ZG
120.32,120.32,120.32,120.32,100,2021-05-07 16:50:00,ZG
120.43,120.47,120.3026,120.42,3367,2021-05-07 16:51:00,ZG
120.33,120.33,120.33,120.33,100,2021-05-07 16:52:00,ZG
120.18,120.18,120.18,120.18,100,2021-05-07 16:53:00,ZG
120.24,120.24,120.24,120.24,100,2021-05-07 16:54:00,ZG
120.26,120.39,120.26,120.39,300,2021-05-07 16:55:00,ZG
120.4,120.6,120.4,120.6,320,2021-05-07 16:56:00,ZG
120.6,120.72,120.6,120.62,600,2021-05-07 16:58:00,ZG
120.59,120.59,120.59,120.59,151,2021-05-07 16:59:00,ZG
120.4,120.53,120.36,120.36,400,2021-05-07 17:01:00,ZG
120.3,120.3,120.3,120.3,100,2021-05-07 17:02:00,ZG
120.25,120.25,120.0,120.0,1400,2021-05-07 17:06:00,ZG
119.91,119.91,119.91,119.91,100,2021-05-07 17:07:00,ZG
119.9496,120.03,119.9496,120.03,300,2021-05-07 17:09:00,ZG
120.24,120.3,120.24,120.275,300,2021-05-07 17:11:00,ZG
120.11,120.11,119.99,120.05,1005,2021-05-07 17:13:00,ZG
119.93,119.93,119.89,119.91,300,2021-05-07 17:14:00,ZG
119.85,119.85,119.5,119.5,800,2021-05-07 17:15:00,ZG
119.67,119.67,119.67,119.67,200,2021-05-07 17:16:00,ZG
119.8,119.8,119.8,119.8,100,2021-05-07 17:18:00,ZG
119.78,119.78,119.56,119.56,500,2021-05-07 17:19:00,ZG
119.7199,119.7199,119.3,119.36,1687,2021-05-07 17:21:00,ZG
119.38,119.39,119.38,119.39,200,2021-05-07 17:22:00,ZG
119.28,119.54,119.28,119.54,700,2021-05-07 17:23:00,ZG
119.63,119.74,119.61,119.74,400,2021-05-07 17:24:00,ZG
119.67,119.67,119.6,119.6,200,2021-05-07 17:25:00,ZG
119.67,119.77,119.64,119.64,800,2021-05-07 17:26:00,ZG
119.6,119.6,119.6,119.6,100,2021-05-07 17:27:00,ZG
119.4875,119.4875,119.4875,119.4875,100,2021-05-07 17:28:00,ZG
119.46,119.55,119.46,119.55,200,2021-05-07 17:29:00,ZG
119.74,119.93,119.74,119.92,500,2021-05-07 17:31:00,ZG
119.92,120.03,119.86,120.03,1200,2021-05-07 17:32:00,ZG
119.93,119.93,119.9,119.9,200,2021-05-07 17:33:00,ZG
119.89,119.9,119.89,119.9,400,2021-05-07 17:34:00,ZG
120.19,120.22,120.19,120.19,300,2021-05-07 17:35:00,ZG
120.17,120.279,120.17,120.19,425,2021-05-07 17:36:00,ZG
120.38,120.38,120.1155,120.16,571,2021-05-07 17:37:00,ZG
120.155,120.155,120.155,120.155,100,2021-05-07 17:40:00,ZG
120.0,120.15,119.93,119.93,1600,2021-05-07 17:41:00,ZG
119.8,119.9126,119.8,119.9126,700,2021-05-07 17:42:00,ZG
119.79,119.8,119.79,119.8,200,2021-05-07 17:43:00,ZG
119.83,119.83,119.82,119.82,200,2021-05-07 17:44:00,ZG
119.9,119.9,119.9,119.9,100,2021-05-07 17:45:00,ZG
119.98,119.98,119.98,119.98,100,2021-05-07 17:47:00,ZG
120.19,120.19,120.065,120.065,250,2021-05-07 17:48:00,ZG
119.99,119.99,119.75,119.75,800,2021-05-07 17:49:00,ZG
119.9,119.92,119.9,119.92,200,2021-05-07 17:50:00,ZG
119.8223,119.895,119.8223,119.895,540,2021-05-07 17:51:00,ZG
119.99,120.0999,119.99,120.0999,1200,2021-05-07 17:52:00,ZG
119.89,119.89,119.81,119.81,692,2021-05-07 17:53:00,ZG
119.58,119.58,119.58,119.58,100,2021-05-07 17:54:00,ZG
119.4,119.4,119.4,119.4,500,2021-05-07 17:55:00,ZG
119.3315,119.3315,119.16,119.33,400,2021-05-07 17:57:00,ZG
119.25,119.25,119.22,119.22,700,2021-05-07 17:58:00,ZG
119.03,119.2,119.03,119.2,600,2021-05-07 17:59:00,ZG
119.03,119.03,119.0,119.0,206,2021-05-07 18:00:00,ZG
118.59,118.59,118.59,118.59,100,2021-05-07 18:01:00,ZG
118.76,119.09,118.66,119.09,454,2021-05-07 18:02:00,ZG
119.2,119.2,118.95,118.95,200,2021-05-07 18:03:00,ZG
119.19,119.19,119.19,119.19,100,2021-05-07 18:05:00,ZG
119.34,119.34,119.195,119.195,350,2021-05-07 18:06:00,ZG
119.34,119.34,119.34,119.34,100,2021-05-07 18:08:00,ZG
119.56,119.835,119.56,119.835,501,2021-05-07 18:09:00,ZG
119.56,119.56,119.54,119.54,300,2021-05-07 18:10:00,ZG
119.25,119.25,119.17,119.17,300,2021-05-07 18:13:00,ZG
119.02,119.02,118.83,118.83,301,2021-05-07 18:14:00,ZG
118.71,119.03,118.71,119.03,774,2021-05-07 18:15:00,ZG
118.86,118.86,118.74,118.83,400,2021-05-07 18:16:00,ZG
118.87,118.87,118.78,118.78,300,2021-05-07 18:17:00,ZG
118.6,118.83,118.6,118.73,1189,2021-05-07 18:18:00,ZG
118.845,118.9029,118.845,118.9029,527,2021-05-07 18:19:00,ZG
118.82,118.82,118.82,118.82,200,2021-05-07 18:20:00,ZG
118.69,118.75,118.61,118.61,365,2021-05-07 18:21:00,ZG
118.61,118.61,118.61,118.61,100,2021-05-07 18:22:00,ZG
118.683,118.683,118.683,118.683,100,2021-05-07 18:23:00,ZG
119.22,119.27,119.16,119.27,600,2021-05-07 18:25:00,ZG
119.14,119.235,119.14,119.235,300,2021-05-07 18:26:00,ZG
119.22,119.22,119.22,119.22,100,2021-05-07 18:27:00,ZG
119.11,119.11,118.925,118.925,600,2021-05-07 18:28:00,ZG
118.83,118.94,118.83,118.83,301,2021-05-07 18:29:00,ZG
118.85,118.85,118.85,118.85,500,2021-05-07 18:30:00,ZG
118.69,118.69,118.6,118.6,203,2021-05-07 18:31:00,ZG
118.66,118.66,118.65,118.65,300,2021-05-07 18:32:00,ZG
118.64,118.64,118.64,118.64,200,2021-05-07 18:33:00,ZG
118.7,118.7,118.7,118.7,100,2021-05-07 18:34:00,ZG
118.58,118.58,118.58,118.58,100,2021-05-07 18:35:00,ZG
118.495,118.6,118.495,118.6,800,2021-05-07 18:39:00,ZG
118.61,118.64,118.5,118.5,871,2021-05-07 18:40:00,ZG
118.38,118.38,118.21,118.21,1100,2021-05-07 18:42:00,ZG
118.39,118.55,118.39,118.55,1356,2021-05-07 18:43:00,ZG
118.6,118.68,118.6,118.68,200,2021-05-07 18:44:00,ZG
119.14,119.14,118.78,118.78,1103,2021-05-07 18:47:00,ZG
118.98,118.98,118.98,118.98,302,2021-05-07 18:48:00,ZG
119.03,119.08,119.03,119.08,200,2021-05-07 18:49:00,ZG
119.51,119.52,119.31,119.5,796,2021-05-07 18:51:00,ZG
119.6399,119.6399,119.27,119.27,300,2021-05-07 18:52:00,ZG
119.2,119.2,119.2,119.2,100,2021-05-07 18:54:00,ZG
119.32,119.54,119.32,119.54,1100,2021-05-07 18:55:00,ZG
119.44,119.44,119.35,119.35,727,2021-05-07 18:56:00,ZG
119.662,119.662,119.662,119.662,400,2021-05-07 18:58:00,ZG
119.63,119.67,119.51,119.51,507,2021-05-07 18:59:00,ZG
119.62,119.62,119.55,119.55,200,2021-05-07 19:00:00,ZG
119.7,119.8,119.7,119.8,300,2021-05-07 19:01:00,ZG
119.7,119.73,119.7,119.73,304,2021-05-07 19:02:00,ZG
119.78,119.78,119.47,119.47,1208,2021-05-07 19:03:00,ZG
119.48,119.71,119.47,119.71,1240,2021-05-07 19:04:00,ZG
119.67,119.69,119.59,119.59,440,2021-05-07 19:05:00,ZG
119.65,119.65,119.52,119.52,400,2021-05-07 19:06:00,ZG
119.54,119.58,119.53,119.5316,600,2021-05-07 19:07:00,ZG
119.589,119.59,119.589,119.59,350,2021-05-07 19:08:00,ZG
119.7,119.7,119.7,119.7,100,2021-05-07 19:09:00,ZG
119.61,119.61,119.53,119.53,407,2021-05-07 19:10:00,ZG
119.53,119.53,119.53,119.53,100,2021-05-07 19:12:00,ZG
119.49,119.51,119.39,119.39,400,2021-05-07 19:13:00,ZG
119.32,119.33,119.27,119.27,900,2021-05-07 19:15:00,ZG
119.34,119.45,119.34,119.45,300,2021-05-07 19:16:00,ZG
119.42,119.5,119.42,119.5,559,2021-05-07 19:17:00,ZG
119.65,119.7,119.61,119.69,600,2021-05-07 19:18:00,ZG
119.62,119.62,119.62,119.62,100,2021-05-07 19:19:00,ZG
119.52,119.52,119.46,119.5,770,2021-05-07 19:20:00,ZG
119.51,119.54,119.5,119.52,1400,2021-05-07 19:21:00,ZG
119.44,119.44,119.44,119.44,100,2021-05-07 19:24:00,ZG
119.38,119.5476,119.38,119.54,719,2021-05-07 19:25:00,ZG
119.465,119.465,119.4,119.4,200,2021-05-07 19:26:00,ZG
119.26,119.26,119.26,119.26,100,2021-05-07 19:27:00,ZG
119.31,119.4,119.295,119.295,1500,2021-05-07 19:28:00,ZG
119.25,119.43,119.25,119.43,700,2021-05-07 19:29:00,ZG
119.43,119.56,119.23,119.23,731,2021-05-07 19:30:00,ZG
119.39,119.4,119.23,119.23,500,2021-05-07 19:31:00,ZG
119.28,119.28,119.15,119.15,403,2021-05-07 19:32:00,ZG
119.17,119.28,119.16,119.17,2500,2021-05-07 19:33:00,ZG
119.19,119.24,119.14,119.21,1300,2021-05-07 19:34:00,ZG
119.16,119.17,119.16,119.17,200,2021-05-07 19:35:00,ZG
119.25,119.29,119.25,119.29,550,2021-05-07 19:36:00,ZG
119.4,119.42,119.31,119.31,511,2021-05-07 19:37:00,ZG
119.23,119.23,119.0001,119.0001,403,2021-05-07 19:38:00,ZG
119.05,119.24,119.05,119.24,1515,2021-05-07 19:39:00,ZG
119.19,119.23,119.14,119.23,907,2021-05-07 19:40:00,ZG
119.22,119.3769,119.16,119.3,4422,2021-05-07 19:41:00,ZG
119.25,119.25,119.22,119.22,303,2021-05-07 19:42:00,ZG
119.4,119.4,119.2001,119.3,1213,2021-05-07 19:43:00,ZG
119.34,119.34,119.2443,119.2443,222,2021-05-07 19:44:00,ZG
119.3651,119.49,119.32,119.47,2969,2021-05-07 19:45:00,ZG
119.47,119.49,119.2801,119.2801,316,2021-05-07 19:46:00,ZG
119.28,119.308,119.11,119.216,1700,2021-05-07 19:47:00,ZG
119.29,119.33,119.215,119.215,811,2021-05-07 19:48:00,ZG
119.28,119.52,119.2003,119.52,1513,2021-05-07 19:49:00,ZG
119.81,119.81,119.33,119.42,1454,2021-05-07 19:50:00,ZG
119.41,119.5,119.365,119.45,2271,2021-05-07 19:51:00,ZG
119.5,119.5,119.31,119.31,4129,2021-05-07 19:52:00,ZG
119.47,119.54,119.27,119.27,8959,2021-05-07 19:53:00,ZG
119.2201,119.53,119.2201,119.27,6257,2021-05-07 19:54:00,ZG
119.395,119.395,119.18,119.2,5358,2021-05-07 19:55:00,ZG
119.26,119.32,119.15,119.3,3082,2021-05-07 19:56:00,ZG
119.3,119.34,119.12,119.25,6579,2021-05-07 19:57:00,ZG
119.29,119.33,119.1801,119.21,9466,2021-05-07 19:58:00,ZG
119.25,119.43,119.2,119.4,12462,2021-05-07 19:59:00,ZG
119.4,119.4,119.4,119.4,54274,2021-05-07 20:00:00,ZG
119.4,119.4,119.4,119.4,26939,2021-05-07 20:01:00,ZG
119.61,119.61,119.4,119.4,900,2021-05-07 21:42:00,ZG
121.0,121.0,121.0,121.0,100,2021-05-10 11:00:00,ZG
121.53,121.53,121.53,121.53,100,2021-05-10 12:30:00,ZG
118.0,118.0,118.0,118.0,100,2021-05-10 13:27:00,ZG
117.01,117.01,117.0,117.0,483,2021-05-10 13:28:00,ZG
117.01,117.01,117.01,117.01,100,2021-05-10 13:29:00,ZG
116.04,116.16,114.79,114.975,19062,2021-05-10 13:30:00,ZG
115.32,115.43,114.828,114.828,1901,2021-05-10 13:31:00,ZG
114.68,114.91,114.4,114.46,6257,2021-05-10 13:32:00,ZG
114.6,115.23,114.6,115.12,3152,2021-05-10 13:33:00,ZG
114.79,114.85,114.12,114.4,600,2021-05-10 13:34:00,ZG
114.8,114.9146,114.49,114.69,1500,2021-05-10 13:35:00,ZG
114.5,114.952,114.1,114.1,1402,2021-05-10 13:36:00,ZG
114.205,114.29,113.92,114.21,1900,2021-05-10 13:37:00,ZG
114.04,114.1599,113.69,113.99,400,2021-05-10 13:38:00,ZG
113.68,113.865,113.68,113.865,300,2021-05-10 13:39:00,ZG
113.56,113.72,113.5,113.5,1525,2021-05-10 13:40:00,ZG
113.3,113.7,113.2,113.665,3088,2021-05-10 13:41:00,ZG
113.85,114.51,113.85,114.51,3099,2021-05-10 13:43:00,ZG
114.315,114.4336,113.9553,114.245,950,2021-05-10 13:44:00,ZG
114.02,114.57,113.6,114.57,1691,2021-05-10 13:45:00,ZG
113.65,113.97,113.57,113.94,2200,2021-05-10 13:46:00,ZG
113.9925,113.995,113.87,113.87,600,2021-05-10 13:47:00,ZG
114.265,114.34,114.265,114.34,300,2021-05-10 13:48:00,ZG
114.14,114.25,114.0,114.0,660,2021-05-10 13:49:00,ZG
114.0,114.3085,114.0,114.04,2490,2021-05-10 13:50:00,ZG
113.6001,114.245,113.6001,114.245,480,2021-05-10 13:51:00,ZG
114.19,114.27,114.0,114.04,1312,2021-05-10 13:52:00,ZG
114.04,114.04,113.29,113.29,500,2021-05-10 13:53:00,ZG
113.64,113.64,113.1126,113.31,1010,2021-05-10 13:54:00,ZG
113.31,113.71,113.3,113.39,1501,2021-05-10 13:55:00,ZG
113.13,113.21,113.0,113.17,1900,2021-05-10 13:56:00,ZG
113.26,113.47,113.26,113.27,400,2021-05-10 13:57:00,ZG
113.28,113.44,113.27,113.44,400,2021-05-10 13:58:00,ZG
113.58,113.58,113.58,113.58,200,2021-05-10 13:59:00,ZG
113.35,113.49,113.2,113.39,1900,2021-05-10 14:00:00,ZG
113.39,113.39,113.06,113.32,1900,2021-05-10 14:01:00,ZG
113.5,113.5,113.29,113.29,600,2021-05-10 14:02:00,ZG
113.26,113.26,112.95,112.95,203,2021-05-10 14:03:00,ZG
113.15,113.464,113.03,113.03,400,2021-05-10 14:04:00,ZG
113.31,113.365,113.0,113.03,1616,2021-05-10 14:05:00,ZG
113.2,113.2,113.0,113.0,300,2021-05-10 14:06:00,ZG
113.27,113.59,113.1534,113.59,2401,2021-05-10 14:07:00,ZG
113.59,113.7,113.59,113.68,700,2021-05-10 14:08:00,ZG
113.84,113.88,113.68,113.68,558,2021-05-10 14:09:00,ZG
114.01,114.31,113.9,114.04,2988,2021-05-10 14:10:00,ZG
113.94,114.52,113.94,114.52,11160,2021-05-10 14:11:00,ZG
114.69,115.02,114.69,115.02,4363,2021-05-10 14:12:00,ZG
114.99,114.99,114.72,114.72,1035,2021-05-10 14:13:00,ZG
114.66,114.84,114.66,114.71,6700,2021-05-10 14:14:00,ZG
114.71,114.71,114.25,114.52,2773,2021-05-10 14:15:00,ZG
114.51,114.685,114.43,114.685,7187,2021-05-10 14:16:00,ZG
114.57,114.65,114.41,114.45,700,2021-05-10 14:17:00,ZG
114.38,114.75,114.38,114.69,1110,2021-05-10 14:18:00,ZG
114.82,115.07,114.82,115.07,900,2021-05-10 14:19:00,ZG
115.13,115.3799,115.06,115.16,1001,2021-05-10 14:20:00,ZG
115.13,115.247,115.13,115.247,720,2021-05-10 14:21:00,ZG
115.01,115.01,114.8283,114.85,800,2021-05-10 14:22:00,ZG
114.64,114.64,114.56,114.61,730,2021-05-10 14:23:00,ZG
114.31,114.31,114.31,114.31,200,2021-05-10 14:24:00,ZG
114.38,114.38,114.05,114.05,200,2021-05-10 14:25:00,ZG
114.08,114.21,113.94,114.21,1011,2021-05-10 14:26:00,ZG
114.1,114.1,113.79,113.85,1560,2021-05-10 14:27:00,ZG
113.85,114.1,113.78,113.78,904,2021-05-10 14:28:00,ZG
113.63,113.63,113.63,113.63,100,2021-05-10 14:29:00,ZG
113.63,113.65,113.45,113.45,710,2021-05-10 14:30:00,ZG
113.43,113.71,113.43,113.535,700,2021-05-10 14:31:00,ZG
113.46,113.84,113.46,113.68,2100,2021-05-10 14:32:00,ZG
113.675,113.675,113.58,113.645,400,2021-05-10 14:33:00,ZG
113.51,113.6175,113.47,113.6175,300,2021-05-10 14:34:00,ZG
113.405,113.73,113.3,113.68,814,2021-05-10 14:35:00,ZG
113.7,113.8425,113.7,113.8425,2400,2021-05-10 14:36:00,ZG
113.855,114.0,113.78,113.78,896,2021-05-10 14:37:00,ZG
113.43,113.71,113.43,113.71,500,2021-05-10 14:38:00,ZG
113.5,113.51,113.38,113.51,1230,2021-05-10 14:39:00,ZG
113.64,113.64,113.4,113.41,600,2021-05-10 14:40:00,ZG
113.2,113.23,113.12,113.165,1739,2021-05-10 14:41:00,ZG
113.0773,113.42,113.0,113.255,2963,2021-05-10 14:42:00,ZG
113.3099,113.5597,113.29,113.49,1218,2021-05-10 14:43:00,ZG
113.52,113.68,113.13,113.68,1000,2021-05-10 14:44:00,ZG
113.58,113.6584,113.515,113.6584,400,2021-05-10 14:45:00,ZG
113.375,113.375,113.25,113.25,3371,2021-05-10 14:46:00,ZG
113.21,113.21,112.97,113.0652,800,2021-05-10 14:47:00,ZG
113.05,113.05,112.76,112.76,1177,2021-05-10 14:48:00,ZG
112.96,112.97,112.745,112.885,1200,2021-05-10 14:49:00,ZG
112.87,113.06,112.8,112.8,2600,2021-05-10 14:50:00,ZG
112.82,113.22,112.82,113.1,1400,2021-05-10 14:51:00,ZG
113.04,113.05,112.847,112.847,2200,2021-05-10 14:52:00,ZG
113.135,113.135,113.115,113.115,200,2021-05-10 14:53:00,ZG
113.29,113.62,113.285,113.32,3618,2021-05-10 14:54:00,ZG
113.35,113.38,113.07,113.32,1504,2021-05-10 14:55:00,ZG
113.25,113.49,113.145,113.49,3500,2021-05-10 14:56:00,ZG
113.27,113.345,113.2,113.2001,900,2021-05-10 14:57:00,ZG
113.38,113.58,113.33,113.43,3067,2021-05-10 14:58:00,ZG
113.5899,113.5899,113.5899,113.5899,100,2021-05-10 14:59:00,ZG
113.6,113.75,113.54,113.685,1700,2021-05-10 15:00:00,ZG
113.64,113.7831,113.48,113.48,500,2021-05-10 15:01:00,ZG
113.295,113.295,113.295,113.295,100,2021-05-10 15:03:00,ZG
113.28,113.3,113.154,113.3,1300,2021-05-10 15:04:00,ZG
113.29,113.73,113.29,113.73,1200,2021-05-10 15:05:00,ZG
113.71,113.89,113.64,113.89,1513,2021-05-10 15:06:00,ZG
113.85,114.15,113.85,114.135,600,2021-05-10 15:07:00,ZG
114.01,114.06,113.93,114.055,1062,2021-05-10 15:08:00,ZG
113.95,113.95,113.95,113.95,1200,2021-05-10 15:09:00,ZG
113.7301,113.946,113.73,113.946,506,2021-05-10 15:12:00,ZG
113.86,113.97,113.81,113.81,900,2021-05-10 15:13:00,ZG
113.68,113.68,113.3102,113.3102,875,2021-05-10 15:14:00,ZG
113.1041,113.13,113.01,113.01,310,2021-05-10 15:15:00,ZG
113.09,113.09,113.08,113.08,200,2021-05-10 15:16:00,ZG
112.98,113.11,112.8,113.11,850,2021-05-10 15:17:00,ZG
112.99,113.17,112.99,113.17,400,2021-05-10 15:18:00,ZG
113.29,113.29,113.29,113.29,100,2021-05-10 15:19:00,ZG
113.68,113.68,113.53,113.53,200,2021-05-10 15:20:00,ZG
113.85,113.93,113.85,113.93,200,2021-05-10 15:22:00,ZG
113.72,113.815,113.72,113.815,200,2021-05-10 15:23:00,ZG
113.7704,113.7704,113.75,113.75,280,2021-05-10 15:24:00,ZG
113.78,113.78,113.72,113.72,748,2021-05-10 15:25:00,ZG
113.77,114.11,113.77,114.11,400,2021-05-10 15:26:00,ZG
113.78,113.78,113.78,113.78,100,2021-05-10 15:27:00,ZG
113.9699,113.9699,113.7712,113.7712,750,2021-05-10 15:28:00,ZG
113.94,113.94,113.94,113.94,200,2021-05-10 15:29:00,ZG
113.806,113.95,113.806,113.9159,600,2021-05-10 15:30:00,ZG
114.0417,114.0417,114.0417,114.0417,150,2021-05-10 15:31:00,ZG
114.01,114.01,113.8651,113.99,1068,2021-05-10 15:32:00,ZG
113.88,113.88,113.88,113.88,100,2021-05-10 15:33:00,ZG
113.88,114.1,113.88,114.1,416,2021-05-10 15:34:00,ZG
114.16,114.16,114.16,114.16,100,2021-05-10 15:36:00,ZG
114.265,114.265,114.22,114.22,400,2021-05-10 15:37:00,ZG
114.165,114.165,113.9,113.9,1082,2021-05-10 15:39:00,ZG
114.0,114.17,114.0,114.17,400,2021-05-10 15:40:00,ZG
114.09,114.19,113.889,114.114,1809,2021-05-10 15:41:00,ZG
114.32,114.32,114.07,114.07,400,2021-05-10 15:42:00,ZG
114.36,114.5,114.36,114.5,200,2021-05-10 15:43:00,ZG
114.5,114.79,114.47,114.79,1100,2021-05-10 15:44:00,ZG
115.0,115.09,115.0,115.09,350,2021-05-10 15:45:00,ZG
115.0332,115.19,114.8873,114.8873,800,2021-05-10 15:46:00,ZG
114.86,114.86,114.82,114.82,400,2021-05-10 15:47:00,ZG
114.88,115.0222,114.88,115.0222,600,2021-05-10 15:48:00,ZG
114.8951,114.96,114.8951,114.96,280,2021-05-10 15:49:00,ZG
114.96,114.97,114.75,114.75,300,2021-05-10 15:50:00,ZG
114.73,114.95,114.7,114.95,400,2021-05-10 15:51:00,ZG
114.81,114.94,114.7569,114.94,790,2021-05-10 15:52:00,ZG
114.76,114.76,114.76,114.76,100,2021-05-10 15:53:00,ZG
114.8,114.8,114.8,114.8,100,2021-05-10 15:54:00,ZG
114.93,115.14,114.93,115.14,300,2021-05-10 15:55:00,ZG
115.14,115.44,115.14,115.44,609,2021-05-10 15:56:00,ZG
115.35,115.35,115.35,115.35,100,2021-05-10 15:58:00,ZG
115.41,115.41,115.21,115.21,350,2021-05-10 16:00:00,ZG
115.29,115.38,115.29,115.38,500,2021-05-10 16:01:00,ZG
115.49,115.5,115.49,115.5,586,2021-05-10 16:02:00,ZG
115.475,115.555,115.4,115.555,300,2021-05-10 16:03:00,ZG
115.4,115.57,115.4,115.57,200,2021-05-10 16:04:00,ZG
115.48,115.64,115.47,115.61,3033,2021-05-10 16:05:00,ZG
115.7,115.78,115.4789,115.4789,1300,2021-05-10 16:06:00,ZG
115.64,115.9,115.64,115.9,500,2021-05-10 16:07:00,ZG
116.0,116.0,115.81,115.81,800,2021-05-10 16:08:00,ZG
116.05,116.09,115.49,115.49,5594,2021-05-10 16:09:00,ZG
115.39,115.8,115.39,115.8,2000,2021-05-10 16:10:00,ZG
115.69,115.69,115.679,115.679,400,2021-05-10 16:11:00,ZG
115.66,115.66,115.66,115.66,100,2021-05-10 16:12:00,ZG
116.0739,116.0739,115.945,115.945,2938,2021-05-10 16:14:00,ZG
115.98,116.09,115.82,115.82,400,2021-05-10 16:15:00,ZG
115.69,115.9,115.69,115.9,349,2021-05-10 16:16:00,ZG
115.54,115.57,115.54,115.57,500,2021-05-10 16:17:00,ZG
115.67,115.67,115.61,115.61,200,2021-05-10 16:18:00,ZG
115.5167,115.54,115.49,115.51,760,2021-05-10 16:19:00,ZG
115.61,115.61,115.42,115.42,594,2021-05-10 16:20:00,ZG
115.48,115.59,115.47,115.47,874,2021-05-10 16:22:00,ZG
115.4,115.47,115.4,115.47,539,2021-05-10 16:23:00,ZG
115.6083,115.6083,115.6083,115.6083,200,2021-05-10 16:24:00,ZG
115.63,115.67,115.5,115.5,500,2021-05-10 16:25:00,ZG
115.4,115.4,115.4,115.4,101,2021-05-10 16:26:00,ZG
115.18,115.2,115.18,115.2,200,2021-05-10 16:27:00,ZG
115.09,115.09,114.86,114.9491,350,2021-05-10 16:28:00,ZG
114.51,114.54,114.5,114.54,1000,2021-05-10 16:30:00,ZG
114.575,114.575,114.575,114.575,100,2021-05-10 16:31:00,ZG
114.41,114.46,114.4,114.46,400,2021-05-10 16:32:00,ZG
114.2319,114.2319,114.2319,114.2319,150,2021-05-10 16:34:00,ZG
114.25,114.25,114.24,114.24,207,2021-05-10 16:35:00,ZG
114.37,114.4,114.37,114.4,300,2021-05-10 16:36:00,ZG
114.37,114.39,114.28,114.28,1400,2021-05-10 16:38:00,ZG
114.15,114.555,114.15,114.49,950,2021-05-10 16:39:00,ZG
114.34,114.605,114.34,114.46,700,2021-05-10 16:40:00,ZG
114.4,114.4,114.4,114.4,100,2021-05-10 16:41:00,ZG
114.4372,114.4372,114.4372,114.4372,100,2021-05-10 16:42:00,ZG
114.38,114.38,114.38,114.38,100,2021-05-10 16:43:00,ZG
114.57,114.58,114.45,114.45,500,2021-05-10 16:44:00,ZG
114.44,114.4607,114.44,114.4607,200,2021-05-10 16:45:00,ZG
114.31,114.4774,114.23,114.4774,1322,2021-05-10 16:46:00,ZG
114.54,114.56,114.54,114.56,1053,2021-05-10 16:48:00,ZG
114.6534,114.6534,114.6534,114.6534,500,2021-05-10 16:49:00,ZG
114.67,114.67,114.67,114.67,2000,2021-05-10 16:52:00,ZG
114.5,114.515,114.34,114.43,1300,2021-05-10 16:53:00,ZG
114.28,114.28,114.28,114.28,100,2021-05-10 16:54:00,ZG
114.22,114.3375,114.22,114.3375,550,2021-05-10 16:55:00,ZG
114.36,114.36,114.36,114.36,400,2021-05-10 16:56:00,ZG
114.34,114.34,114.34,114.34,200,2021-05-10 16:57:00,ZG
114.31,114.335,114.31,114.335,500,2021-05-10 16:58:00,ZG
114.25,114.25,114.25,114.25,100,2021-05-10 17:00:00,ZG
114.07,114.07,113.96,113.96,200,2021-05-10 17:02:00,ZG
114.0301,114.26,114.0301,114.18,2500,2021-05-10 17:04:00,ZG
114.27,114.27,114.15,114.225,950,2021-05-10 17:05:00,ZG
114.07,114.07,114.07,114.07,100,2021-05-10 17:06:00,ZG
114.02,114.02,113.8,113.8,200,2021-05-10 17:07:00,ZG
114.03,114.03,113.83,113.925,700,2021-05-10 17:08:00,ZG
114.0,114.11,114.0,114.1,500,2021-05-10 17:09:00,ZG
113.93,114.17,113.93,114.17,609,2021-05-10 17:10:00,ZG
113.93,114.14,113.93,114.12,400,2021-05-10 17:11:00,ZG
114.16,114.26,114.16,114.26,900,2021-05-10 17:12:00,ZG
114.37,114.45,114.37,114.45,1150,2021-05-10 17:13:00,ZG
114.5,114.6,114.4,114.5,1300,2021-05-10 17:14:00,ZG
114.44,114.55,114.44,114.55,500,2021-05-10 17:15:00,ZG
114.61,114.67,114.61,114.67,700,2021-05-10 17:16:00,ZG
114.47,114.6,114.43,114.51,1600,2021-05-10 17:17:00,ZG
114.52,114.59,114.39,114.4,600,2021-05-10 17:18:00,ZG
114.46,114.68,114.39,114.65,1600,2021-05-10 17:19:00,ZG
114.67,114.86,114.67,114.86,600,2021-05-10 17:20:00,ZG
114.68,114.75,114.68,114.73,600,2021-05-10 17:21:00,ZG
114.73,114.85,114.73,114.75,600,2021-05-10 17:22:00,ZG
114.94,114.94,114.68,114.91,775,2021-05-10 17:23:00,ZG
114.84,114.84,114.84,114.84,110,2021-05-10 17:25:00,ZG
114.9,114.9,114.66,114.66,200,2021-05-10 17:27:00,ZG
114.75,114.81,114.69,114.81,1491,2021-05-10 17:28:00,ZG
114.93,114.93,114.6886,114.9074,319,2021-05-10 17:29:00,ZG
114.5,114.54,114.43,114.54,500,2021-05-10 17:30:00,ZG
114.55,114.55,114.3,114.3,1100,2021-05-10 17:31:00,ZG
114.48,114.7577,114.48,114.7577,900,2021-05-10 17:32:00,ZG
114.54,114.54,114.42,114.46,700,2021-05-10 17:33:00,ZG
114.24,114.46,114.24,114.24,1015,2021-05-10 17:35:00,ZG
114.25,114.25,114.25,114.25,200,2021-05-10 17:36:00,ZG
114.18,114.18,114.17,114.17,200,2021-05-10 17:37:00,ZG
114.27,114.3,114.19,114.19,300,2021-05-10 17:39:00,ZG
114.09,114.2,114.0138,114.09,1200,2021-05-10 17:40:00,ZG
114.155,114.155,114.155,114.155,100,2021-05-10 17:41:00,ZG
114.17,114.23,114.085,114.23,1000,2021-05-10 17:42:00,ZG
114.16,114.21,114.11,114.11,400,2021-05-10 17:43:00,ZG
114.18,114.25,114.18,114.25,400,2021-05-10 17:44:00,ZG
114.28,114.63,114.28,114.63,900,2021-05-10 17:45:00,ZG
114.25,114.25,114.11,114.24,601,2021-05-10 17:49:00,ZG
114.155,114.32,114.155,114.25,900,2021-05-10 17:50:00,ZG
114.05,114.05,114.05,114.05,100,2021-05-10 17:52:00,ZG
114.21,114.25,114.02,114.25,800,2021-05-10 17:53:00,ZG
114.2,114.21,114.2,114.21,500,2021-05-10 17:54:00,ZG
114.0536,114.17,114.01,114.01,500,2021-05-10 17:55:00,ZG
114.09,114.16,113.87,113.87,764,2021-05-10 17:56:00,ZG
113.8,114.33,113.8,114.32,1100,2021-05-10 17:57:00,ZG
114.42,114.42,114.42,114.42,100,2021-05-10 17:58:00,ZG
114.24,114.24,114.16,114.16,400,2021-05-10 17:59:00,ZG
114.12,114.18,114.12,114.18,200,2021-05-10 18:00:00,ZG
114.07,114.07,113.97,113.97,615,2021-05-10 18:01:00,ZG
114.08,114.08,113.82,113.82,200,2021-05-10 18:02:00,ZG
113.98,114.13,113.82,114.13,800,2021-05-10 18:03:00,ZG
114.05,114.2899,114.05,114.2899,200,2021-05-10 18:05:00,ZG
114.21,114.21,114.0,114.0,900,2021-05-10 18:07:00,ZG
114.08,114.23,114.08,114.23,400,2021-05-10 18:08:00,ZG
114.15,114.22,114.0,114.0,603,2021-05-10 18:09:00,ZG
114.03,114.03,114.03,114.03,100,2021-05-10 18:10:00,ZG
113.87,113.87,113.83,113.83,400,2021-05-10 18:11:00,ZG
113.87,114.1108,113.87,114.02,500,2021-05-10 18:12:00,ZG
113.88,114.0,113.86,114.0,400,2021-05-10 18:13:00,ZG
114.0,114.03,113.835,113.84,700,2021-05-10 18:14:00,ZG
113.86,113.86,113.52,113.6,1013,2021-05-10 18:15:00,ZG
113.43,113.43,113.43,113.43,100,2021-05-10 18:16:00,ZG
113.48,113.65,113.48,113.65,1000,2021-05-10 18:17:00,ZG
113.71,113.94,113.71,113.94,200,2021-05-10 18:18:00,ZG
113.8,113.88,113.8,113.88,300,2021-05-10 18:19:00,ZG
113.92,114.0,113.7,113.85,625,2021-05-10 18:20:00,ZG
113.77,113.81,113.77,113.8,550,2021-05-10 18:21:00,ZG
113.77,113.77,113.55,113.69,800,2021-05-10 18:22:00,ZG
113.625,113.98,113.625,113.85,1103,2021-05-10 18:23:00,ZG
114.0,114.0,113.98,113.98,200,2021-05-10 18:24:00,ZG
113.88,114.02,113.78,114.02,700,2021-05-10 18:25:00,ZG
114.15,114.15,114.15,114.15,200,2021-05-10 18:26:00,ZG
113.805,113.805,113.805,113.805,100,2021-05-10 18:27:00,ZG
113.71,113.71,113.71,113.71,200,2021-05-10 18:28:00,ZG
113.62,113.62,113.62,113.62,204,2021-05-10 18:29:00,ZG
113.58,113.58,113.43,113.46,400,2021-05-10 18:30:00,ZG
113.465,113.49,113.34,113.34,400,2021-05-10 18:31:00,ZG
113.55,113.58,113.55,113.58,300,2021-05-10 18:32:00,ZG
113.66,113.6801,113.66,113.6801,200,2021-05-10 18:34:00,ZG
113.83,113.83,113.57,113.57,400,2021-05-10 18:35:00,ZG
113.7,113.7,113.7,113.7,100,2021-05-10 18:37:00,ZG
113.7099,113.94,113.7099,113.94,700,2021-05-10 18:38:00,ZG
113.95,113.95,113.95,113.95,200,2021-05-10 18:39:00,ZG
113.95,113.95,113.95,113.95,224,2021-05-10 18:40:00,ZG
113.89,113.89,113.74,113.74,500,2021-05-10 18:41:00,ZG
113.94,113.94,113.79,113.795,400,2021-05-10 18:42:00,ZG
113.6212,113.6212,113.6212,113.6212,100,2021-05-10 18:43:00,ZG
113.68,113.68,113.62,113.62,500,2021-05-10 18:44:00,ZG
113.78,113.79,113.78,113.79,223,2021-05-10 18:46:00,ZG
113.61,113.61,113.56,113.56,204,2021-05-10 18:47:00,ZG
113.57,113.57,113.57,113.57,400,2021-05-10 18:49:00,ZG
113.515,113.515,113.515,113.515,200,2021-05-10 18:50:00,ZG
113.36,113.36,113.29,113.29,311,2021-05-10 18:51:00,ZG
113.25,113.27,113.12,113.12,1050,2021-05-10 18:52:00,ZG
113.13,113.13,113.13,113.13,100,2021-05-10 18:53:00,ZG
113.12,113.13,113.05,113.05,703,2021-05-10 18:54:00,ZG
113.09,113.09,112.835,112.835,1357,2021-05-10 18:55:00,ZG
112.93,113.01,112.93,112.9563,2000,2021-05-10 18:56:00,ZG
112.915,112.915,112.78,112.86,1475,2021-05-10 18:57:00,ZG
112.9,112.93,112.81,112.86,3100,2021-05-10 18:58:00,ZG
112.9,112.99,112.9,112.95,300,2021-05-10 18:59:00,ZG
112.91,113.0834,112.91,113.0834,1700,2021-05-10 19:00:00,ZG
112.99,113.09,112.99,113.08,609,2021-05-10 19:01:00,ZG
113.09,113.25,113.08,113.25,1806,2021-05-10 19:02:00,ZG
113.3,113.43,113.29,113.29,900,2021-05-10 19:03:00,ZG
113.25,113.5699,113.24,113.51,600,2021-05-10 19:04:00,ZG
113.35,113.5,113.35,113.5,200,2021-05-10 19:05:00,ZG
113.45,113.49,113.42,113.42,1175,2021-05-10 19:06:00,ZG
113.29,113.53,113.26,113.53,1272,2021-05-10 19:07:00,ZG
113.495,113.78,113.495,113.78,700,2021-05-10 19:08:00,ZG
113.84,113.92,113.6869,113.75,1270,2021-05-10 19:10:00,ZG
113.66,113.89,113.66,113.89,500,2021-05-10 19:11:00,ZG
113.6957,113.86,113.63,113.63,800,2021-05-10 19:12:00,ZG
113.67,113.88,113.67,113.77,400,2021-05-10 19:13:00,ZG
113.6544,113.706,113.51,113.51,675,2021-05-10 19:14:00,ZG
113.53,113.85,113.53,113.85,1940,2021-05-10 19:15:00,ZG
113.82,114.03,113.82,114.03,1040,2021-05-10 19:16:00,ZG
113.94,114.04,113.94,114.04,500,2021-05-10 19:17:00,ZG
113.85,113.85,113.85,113.85,606,2021-05-10 19:18:00,ZG
113.73,113.85,113.73,113.85,200,2021-05-10 19:19:00,ZG
113.8,113.87,113.45,113.45,551,2021-05-10 19:20:00,ZG
113.42,113.65,113.42,113.63,400,2021-05-10 19:21:00,ZG
113.51,113.86,113.51,113.86,900,2021-05-10 19:22:00,ZG
113.95,114.11,113.9,113.9,700,2021-05-10 19:23:00,ZG
114.11,114.19,114.02,114.02,1200,2021-05-10 19:24:00,ZG
114.18,114.18,114.17,114.17,400,2021-05-10 19:25:00,ZG
114.1,114.1,114.1,114.1,300,2021-05-10 19:27:00,ZG
114.23,114.25,114.1643,114.1643,300,2021-05-10 19:28:00,ZG
114.0201,114.0201,114.0,114.0,516,2021-05-10 19:29:00,ZG
113.84,114.01,113.84,114.01,874,2021-05-10 19:30:00,ZG
113.92,113.92,113.79,113.79,569,2021-05-10 19:31:00,ZG
113.84,113.84,113.66,113.66,400,2021-05-10 19:32:00,ZG
113.86,114.0727,113.78,114.0727,955,2021-05-10 19:34:00,ZG
113.84,113.84,113.84,113.84,250,2021-05-10 19:35:00,ZG
113.82,113.9799,113.82,113.9799,201,2021-05-10 19:36:00,ZG
113.8476,113.9199,113.72,113.78,740,2021-05-10 19:38:00,ZG
113.92,113.98,113.92,113.98,902,2021-05-10 19:39:00,ZG
113.94,113.94,113.885,113.885,200,2021-05-10 19:40:00,ZG
113.9642,113.9642,113.71,113.775,1043,2021-05-10 19:41:00,ZG
113.71,113.8499,113.71,113.7297,471,2021-05-10 19:42:00,ZG
113.71,113.88,113.7,113.88,1127,2021-05-10 19:43:00,ZG
113.72,113.78,113.72,113.78,376,2021-05-10 19:44:00,ZG
113.755,113.87,113.755,113.82,912,2021-05-10 19:45:00,ZG
113.88,113.91,113.8043,113.82,1575,2021-05-10 19:46:00,ZG
113.78,113.8474,113.67,113.71,962,2021-05-10 19:47:00,ZG
113.61,113.61,113.51,113.51,800,2021-05-10 19:48:00,ZG
113.504,113.9,113.42,113.84,1700,2021-05-10 19:49:00,ZG
114.07,114.1804,113.86,114.07,2925,2021-05-10 19:50:00,ZG
114.0785,114.0785,113.91,113.94,640,2021-05-10 19:51:00,ZG
113.95,114.12,113.94,113.94,2277,2021-05-10 19:52:00,ZG
113.92,114.13,113.84,114.13,1541,2021-05-10 19:53:00,ZG
114.3477,114.38,113.99,113.99,5839,2021-05-10 19:54:00,ZG
113.96,114.29,113.96,114.2,4897,2021-05-10 19:55:00,ZG
114.11,114.3,114.11,114.2829,350,2021-05-10 19:56:00,ZG
114.17,114.23,114.0,114.08,2640,2021-05-10 19:57:00,ZG
114.02,114.05,113.72,113.85,2292,2021-05-10 19:58:00,ZG
113.82,113.89,113.69,113.85,4894,2021-05-10 19:59:00,ZG
113.87,113.87,113.87,113.87,32861,2021-05-10 20:00:00,ZG
113.87,113.87,113.87,113.87,1312,2021-05-10 20:01:00,ZG
114.97,114.97,114.97,114.97,200,2021-05-10 20:13:00,ZG
113.87,113.87,113.87,113.87,143,2021-05-10 20:46:00,ZG
112.76,112.76,112.76,112.76,2200,2021-05-11 08:00:00,ZG
111.63,111.63,111.63,111.63,2219,2021-05-11 08:07:00,ZG
111.5,111.5,111.5,111.5,174,2021-05-11 08:11:00,ZG
110.1,110.1,110.1,110.1,100,2021-05-11 08:21:00,ZG
112.5,112.5,112.28,112.28,300,2021-05-11 11:00:00,ZG
108.79,108.79,108.03,108.03,600,2021-05-11 11:41:00,ZG
108.1,108.1,108.1,108.1,200,2021-05-11 11:42:00,ZG
108.49,108.49,108.49,108.49,100,2021-05-11 12:10:00,ZG
107.99,108.0,107.99,108.0,320,2021-05-11 12:36:00,ZG
108.0,108.0,108.0,108.0,220,2021-05-11 12:38:00,ZG
108.35,108.35,108.35,108.35,100,2021-05-11 12:45:00,ZG
106.38,106.38,106.35,106.35,265,2021-05-11 13:00:00,ZG
107.2,107.2,107.2,107.2,150,2021-05-11 13:21:00,ZG
108.79,108.79,108.72,108.72,200,2021-05-11 13:28:00,ZG
108.82,108.82,106.72,107.28,28091,2021-05-11 13:30:00,ZG
107.87,108.2,107.62,108.2,2275,2021-05-11 13:31:00,ZG
108.54,109.19,108.54,109.06,2674,2021-05-11 13:32:00,ZG
108.97,109.78,108.74,109.28,2356,2021-05-11 13:33:00,ZG
109.5,109.98,109.17,109.17,1905,2021-05-11 13:34:00,ZG
109.87,110.743,109.87,110.743,2471,2021-05-11 13:35:00,ZG
110.72,110.94,110.3201,110.3201,850,2021-05-11 13:36:00,ZG
110.65,111.1,109.59,110.38,4950,2021-05-11 13:37:00,ZG
110.3501,111.59,110.3501,111.59,700,2021-05-11 13:38:00,ZG
111.16,111.6199,111.005,111.005,600,2021-05-11 13:39:00,ZG
111.31,111.52,111.26,111.51,1900,2021-05-11 13:40:00,ZG
112.01,112.01,111.695,111.695,200,2021-05-11 13:41:00,ZG
112.01,112.01,111.195,111.9008,300,2021-05-11 13:42:00,ZG
112.0457,112.46,111.94,112.2,3705,2021-05-11 13:43:00,ZG
111.99,111.99,111.7,111.78,1100,2021-05-11 13:44:00,ZG
111.94,111.94,111.2024,111.2024,420,2021-05-11 13:45:00,ZG
111.35,111.75,111.07,111.66,1100,2021-05-11 13:46:00,ZG
111.9,111.9,111.68,111.68,1000,2021-05-11 13:47:00,ZG
111.76,112.125,111.76,111.76,1025,2021-05-11 13:48:00,ZG
112.155,112.17,111.88,111.88,800,2021-05-11 13:49:00,ZG
111.74,111.74,111.74,111.74,700,2021-05-11 13:50:00,ZG
112.19,112.25,112.16,112.25,600,2021-05-11 13:52:00,ZG
112.36,112.43,111.925,112.065,1200,2021-05-11 13:53:00,ZG
112.065,112.3,111.74,112.3,1500,2021-05-11 13:54:00,ZG
112.385,112.385,111.78,112.01,1800,2021-05-11 13:55:00,ZG
112.0029,112.3,112.0029,112.3,750,2021-05-11 13:57:00,ZG
111.83,112.85,111.83,112.84,1000,2021-05-11 13:58:00,ZG
112.57,112.57,112.57,112.57,100,2021-05-11 13:59:00,ZG
112.51,112.6,112.51,112.6,250,2021-05-11 14:01:00,ZG
112.56,112.56,112.14,112.14,400,2021-05-11 14:02:00,ZG
112.4,112.66,112.18,112.18,900,2021-05-11 14:03:00,ZG
112.55,112.6,112.55,112.6,200,2021-05-11 14:04:00,ZG
112.33,112.33,111.715,111.96,525,2021-05-11 14:05:00,ZG
111.93,111.93,111.6105,111.6105,550,2021-05-11 14:06:00,ZG
111.79,111.81,111.71,111.79,400,2021-05-11 14:07:00,ZG
111.47,111.49,111.44,111.49,400,2021-05-11 14:08:00,ZG
111.455,111.5,111.3,111.3,800,2021-05-11 14:09:00,ZG
111.43,111.485,111.29,111.29,400,2021-05-11 14:10:00,ZG
111.38,111.7262,111.27,111.68,1200,2021-05-11 14:11:00,ZG
111.87,112.28,111.86,112.28,1000,2021-05-11 14:12:00,ZG
112.08,112.08,111.05,111.05,1451,2021-05-11 14:13:00,ZG
111.05,111.51,111.05,111.1701,700,2021-05-11 14:14:00,ZG
110.92,110.92,110.57,110.57,600,2021-05-11 14:16:00,ZG
110.75,110.79,110.75,110.79,200,2021-05-11 14:17:00,ZG
111.025,111.12,110.96,111.06,800,2021-05-11 14:18:00,ZG
111.145,111.61,111.145,111.44,1000,2021-05-11 14:19:00,ZG
111.57,111.73,111.54,111.73,800,2021-05-11 14:20:00,ZG
111.94,111.97,111.71,111.71,500,2021-05-11 14:21:00,ZG
111.45,111.46,111.08,111.08,700,2021-05-11 14:22:00,ZG
111.42,111.42,111.42,111.42,100,2021-05-11 14:23:00,ZG
111.44,111.44,111.08,111.09,600,2021-05-11 14:24:00,ZG
111.05,111.25,110.47,110.47,3000,2021-05-11 14:25:00,ZG
110.43,110.43,110.371,110.371,900,2021-05-11 14:26:00,ZG
110.24,110.78,110.24,110.78,1502,2021-05-11 14:27:00,ZG
110.19,110.285,110.19,110.285,262,2021-05-11 14:28:00,ZG
110.0,110.37,110.0,110.32,882,2021-05-11 14:29:00,ZG
109.92,110.13,109.66,110.06,1200,2021-05-11 14:30:00,ZG
110.27,110.43,110.23,110.23,500,2021-05-11 14:31:00,ZG
109.7885,110.02,109.69,110.02,500,2021-05-11 14:33:00,ZG
110.1578,110.1578,109.94,110.01,700,2021-05-11 14:34:00,ZG
110.0,110.0,109.7505,109.87,700,2021-05-11 14:35:00,ZG
110.1,110.57,110.1,110.57,1700,2021-05-11 14:36:00,ZG
110.3,110.74,109.78,109.78,7000,2021-05-11 14:37:00,ZG
109.8825,109.8825,109.84,109.84,200,2021-05-11 14:38:00,ZG
110.125,110.26,110.125,110.26,800,2021-05-11 14:39:00,ZG
110.015,110.5,110.015,110.3575,2824,2021-05-11 14:40:00,ZG
110.27,110.63,110.27,110.56,600,2021-05-11 14:41:00,ZG
110.71,111.1399,110.3,110.58,1844,2021-05-11 14:42:00,ZG
111.01,111.145,110.88,111.11,2750,2021-05-11 14:43:00,ZG
111.25,111.59,111.04,111.15,2802,2021-05-11 14:44:00,ZG
111.09,111.43,111.09,111.43,400,2021-05-11 14:45:00,ZG
110.97,110.97,110.45,110.6,1100,2021-05-11 14:46:00,ZG
111.09,111.4,111.09,111.36,2200,2021-05-11 14:47:00,ZG
111.75,111.75,111.63,111.63,500,2021-05-11 14:48:00,ZG
112.0772,112.0772,112.0772,112.0772,106,2021-05-11 14:50:00,ZG
112.07,112.22,111.97,111.97,300,2021-05-11 14:52:00,ZG
112.5,112.5,112.26,112.26,200,2021-05-11 14:53:00,ZG
112.24,112.24,112.24,112.24,100,2021-05-11 14:54:00,ZG
112.5298,112.5298,112.4061,112.4061,300,2021-05-11 14:55:00,ZG
112.52,112.7,112.44,112.7,500,2021-05-11 14:56:00,ZG
112.85,113.33,112.85,113.33,1100,2021-05-11 14:57:00,ZG
113.16,113.16,112.95,112.95,496,2021-05-11 14:58:00,ZG
113.085,113.085,113.085,113.085,100,2021-05-11 14:59:00,ZG
112.425,112.47,112.36,112.36,400,2021-05-11 15:01:00,ZG
112.35,112.35,112.27,112.27,200,2021-05-11 15:02:00,ZG
112.5,112.51,112.49,112.49,300,2021-05-11 15:03:00,ZG
112.38,112.615,112.31,112.475,400,2021-05-11 15:04:00,ZG
112.6,112.85,112.51,112.7,1700,2021-05-11 15:06:00,ZG
112.78,112.9,112.64,112.9,803,2021-05-11 15:08:00,ZG
112.9,112.9,112.66,112.72,500,2021-05-11 15:09:00,ZG
112.58,112.83,112.58,112.83,200,2021-05-11 15:10:00,ZG
112.99,113.05,112.83,113.05,920,2021-05-11 15:11:00,ZG
113.3,113.3,113.03,113.03,550,2021-05-11 15:12:00,ZG
113.17,113.7458,113.17,113.7458,965,2021-05-11 15:14:00,ZG
113.49,113.49,113.3199,113.3199,655,2021-05-11 15:15:00,ZG
113.52,113.56,113.33,113.56,600,2021-05-11 15:16:00,ZG
113.765,113.8,113.6201,113.68,2598,2021-05-11 15:17:00,ZG
113.73,113.75,113.73,113.75,300,2021-05-11 15:18:00,ZG
113.63,113.72,113.6,113.67,500,2021-05-11 15:19:00,ZG
113.62,113.62,113.62,113.62,100,2021-05-11 15:20:00,ZG
113.84,114.0,113.84,113.9,833,2021-05-11 15:21:00,ZG
113.7201,113.8846,113.7,113.8846,900,2021-05-11 15:23:00,ZG
113.4974,113.7,113.4974,113.7,200,2021-05-11 15:24:00,ZG
113.53,113.53,113.52,113.52,242,2021-05-11 15:25:00,ZG
113.56,113.68,113.56,113.68,300,2021-05-11 15:26:00,ZG
113.53,113.65,113.46,113.65,850,2021-05-11 15:27:00,ZG
113.7836,113.7836,113.55,113.58,400,2021-05-11 15:28:00,ZG
113.63,113.63,113.63,113.63,200,2021-05-11 15:29:00,ZG
113.8119,113.8119,113.74,113.74,300,2021-05-11 15:30:00,ZG
113.58,113.58,113.58,113.58,100,2021-05-11 15:31:00,ZG
113.29,113.4,113.29,113.4,300,2021-05-11 15:32:00,ZG
113.495,113.55,113.495,113.51,300,2021-05-11 15:33:00,ZG
113.44,113.5,113.44,113.5,300,2021-05-11 15:34:00,ZG
113.42,113.42,113.415,113.415,300,2021-05-11 15:36:00,ZG
113.47,113.47,113.11,113.11,200,2021-05-11 15:40:00,ZG
113.24,113.24,112.9596,112.9596,200,2021-05-11 15:41:00,ZG
113.23,113.23,113.23,113.23,100,2021-05-11 15:42:00,ZG
113.1,113.19,113.1,113.19,200,2021-05-11 15:46:00,ZG
113.58,113.58,113.58,113.58,200,2021-05-11 15:47:00,ZG
113.55,114.065,113.55,114.065,1114,2021-05-11 15:48:00,ZG
114.04,114.04,113.89,114.035,900,2021-05-11 15:49:00,ZG
114.11,114.11,114.11,114.11,100,2021-05-11 15:50:00,ZG
114.085,114.265,114.0,114.25,1464,2021-05-11 15:51:00,ZG
114.325,114.36,114.18,114.32,1800,2021-05-11 15:52:00,ZG
114.2397,114.66,114.2397,114.66,916,2021-05-11 15:53:00,ZG
114.86,115.1532,114.86,115.1532,2590,2021-05-11 15:54:00,ZG
114.87,114.995,114.87,114.995,212,2021-05-11 15:55:00,ZG
114.75,115.09,114.75,115.07,5200,2021-05-11 15:56:00,ZG
114.85,114.97,114.7401,114.7801,1864,2021-05-11 15:57:00,ZG
114.93,114.93,114.82,114.82,700,2021-05-11 15:58:00,ZG
114.9,115.11,114.9,115.11,600,2021-05-11 15:59:00,ZG
114.97,115.08,114.9,114.995,1764,2021-05-11 16:00:00,ZG
115.18,115.62,115.16,115.62,1000,2021-05-11 16:01:00,ZG
115.435,115.435,115.1497,115.27,1400,2021-05-11 16:02:00,ZG
115.22,115.265,115.13,115.13,2100,2021-05-11 16:03:00,ZG
115.09,115.09,114.95,115.06,1100,2021-05-11 16:04:00,ZG
114.8,114.83,114.78,114.78,664,2021-05-11 16:05:00,ZG
114.835,114.835,114.835,114.835,200,2021-05-11 16:07:00,ZG
114.95,115.13,114.95,115.09,1619,2021-05-11 16:08:00,ZG
115.22,115.22,115.0,115.035,1450,2021-05-11 16:09:00,ZG
114.98,115.14,114.98,115.14,700,2021-05-11 16:10:00,ZG
115.135,115.135,115.02,115.135,1250,2021-05-11 16:11:00,ZG
115.205,115.26,115.13,115.13,1753,2021-05-11 16:12:00,ZG
114.8,114.8,114.8,114.8,204,2021-05-11 16:13:00,ZG
114.61,114.68,114.61,114.68,300,2021-05-11 16:14:00,ZG
114.87,115.18,114.87,115.18,1600,2021-05-11 16:15:00,ZG
115.025,115.06,115.025,115.06,200,2021-05-11 16:16:00,ZG
114.91,115.01,114.84,114.985,1498,2021-05-11 16:17:00,ZG
114.9,115.09,114.885,115.09,800,2021-05-11 16:18:00,ZG
114.965,115.04,114.965,114.965,600,2021-05-11 16:19:00,ZG
114.965,114.965,114.9,114.94,600,2021-05-11 16:20:00,ZG
114.8307,114.8307,114.8307,114.8307,300,2021-05-11 16:21:00,ZG
114.92,115.02,114.78,114.98,2000,2021-05-11 16:22:00,ZG
115.02,115.04,114.94,114.94,764,2021-05-11 16:23:00,ZG
114.94,115.16,114.91,115.16,400,2021-05-11 16:24:00,ZG
115.13,115.15,115.04,115.12,900,2021-05-11 16:25:00,ZG
115.1,115.1,114.9107,114.9107,1000,2021-05-11 16:26:00,ZG
114.78,114.78,114.78,114.78,138,2021-05-11 16:27:00,ZG
114.625,114.625,114.625,114.625,100,2021-05-11 16:28:00,ZG
114.64,114.64,114.64,114.64,200,2021-05-11 16:29:00,ZG
114.83,114.84,114.78,114.84,500,2021-05-11 16:30:00,ZG
114.855,114.855,114.85,114.85,500,2021-05-11 16:31:00,ZG
114.86,114.86,114.86,114.86,600,2021-05-11 16:32:00,ZG
114.78,114.855,114.48,114.71,1306,2021-05-11 16:33:00,ZG
114.55,114.55,114.55,114.55,100,2021-05-11 16:34:00,ZG
114.64,114.68,114.64,114.68,200,2021-05-11 16:35:00,ZG
114.7,114.7,114.42,114.54,400,2021-05-11 16:36:00,ZG
114.72,115.015,114.72,115.01,945,2021-05-11 16:37:00,ZG
115.06,115.26,115.06,115.26,694,2021-05-11 16:39:00,ZG
115.155,115.23,115.03,115.03,1300,2021-05-11 16:40:00,ZG
114.8,114.8,114.8,114.8,100,2021-05-11 16:42:00,ZG
114.93,114.97,114.93,114.97,200,2021-05-11 16:43:00,ZG
114.645,114.645,114.64,114.64,200,2021-05-11 16:46:00,ZG
114.5,114.5,114.5,114.5,237,2021-05-11 16:47:00,ZG
114.17,114.17,114.17,114.17,200,2021-05-11 16:49:00,ZG
114.0,114.0,113.89,113.89,200,2021-05-11 16:52:00,ZG
113.83,113.83,113.83,113.83,200,2021-05-11 16:53:00,ZG
113.81,113.8525,113.69,113.8525,700,2021-05-11 16:54:00,ZG
114.06,114.26,113.96,113.96,900,2021-05-11 16:55:00,ZG
114.1077,114.1077,114.1077,114.1077,100,2021-05-11 16:56:00,ZG
113.94,114.0,113.94,113.94,300,2021-05-11 16:57:00,ZG
113.855,113.93,113.855,113.93,600,2021-05-11 16:58:00,ZG
114.09,114.09,114.07,114.07,200,2021-05-11 17:00:00,ZG
114.16,114.16,114.16,114.16,100,2021-05-11 17:01:00,ZG
114.35,114.35,114.35,114.35,100,2021-05-11 17:02:00,ZG
114.7,114.7,114.7,114.7,100,2021-05-11 17:04:00,ZG
115.16,115.16,115.03,115.03,900,2021-05-11 17:05:00,ZG
114.84,114.87,114.84,114.87,200,2021-05-11 17:06:00,ZG
115.04,115.04,115.04,115.04,200,2021-05-11 17:07:00,ZG
115.08,115.16,114.76,114.76,900,2021-05-11 17:08:00,ZG
114.855,115.0,114.855,115.0,537,2021-05-11 17:09:00,ZG
115.01,115.01,114.83,114.83,200,2021-05-11 17:10:00,ZG
114.775,114.775,114.775,114.775,100,2021-05-11 17:11:00,ZG
114.85,114.85,114.62,114.62,200,2021-05-11 17:12:00,ZG
114.32,114.75,114.32,114.75,250,2021-05-11 17:16:00,ZG
114.75,114.845,114.75,114.845,300,2021-05-11 17:17:00,ZG
115.02,115.16,114.92,114.92,400,2021-05-11 17:18:00,ZG
114.875,114.95,114.875,114.95,200,2021-05-11 17:19:00,ZG
115.07,115.16,115.07,115.16,200,2021-05-11 17:21:00,ZG
115.04,115.04,114.98,114.98,200,2021-05-11 17:22:00,ZG
115.24,115.24,115.24,115.24,100,2021-05-11 17:23:00,ZG
115.28,115.28,115.28,115.28,100,2021-05-11 17:25:00,ZG
115.29,115.38,115.29,115.38,200,2021-05-11 17:26:00,ZG
115.45,115.5,115.45,115.5,200,2021-05-11 17:27:00,ZG
115.34,115.6,115.34,115.6,400,2021-05-11 17:28:00,ZG
115.61,115.61,115.46,115.54,1600,2021-05-11 17:30:00,ZG
115.64,115.64,115.64,115.64,100,2021-05-11 17:31:00,ZG
115.57,115.68,115.57,115.68,300,2021-05-11 17:32:00,ZG
115.665,115.665,115.665,115.665,800,2021-05-11 17:33:00,ZG
115.7,115.7,115.58,115.58,200,2021-05-11 17:34:00,ZG
115.98,115.98,115.84,115.84,1400,2021-05-11 17:35:00,ZG
115.505,115.505,115.505,115.505,100,2021-05-11 17:38:00,ZG
115.52,115.545,115.52,115.545,345,2021-05-11 17:39:00,ZG
115.6,115.6,115.6,115.6,100,2021-05-11 17:40:00,ZG
115.52,115.65,115.5,115.65,600,2021-05-11 17:41:00,ZG
115.8,115.8,115.68,115.68,300,2021-05-11 17:42:00,ZG
115.69,115.69,115.69,115.69,100,2021-05-11 17:43:00,ZG
115.735,115.735,115.705,115.705,422,2021-05-11 17:44:00,ZG
115.74,115.98,115.74,115.95,1420,2021-05-11 17:45:00,ZG
115.86,115.86,115.86,115.86,100,2021-05-11 17:46:00,ZG
115.86,115.86,115.75,115.75,200,2021-05-11 17:47:00,ZG
115.69,115.74,115.69,115.74,1109,2021-05-11 17:50:00,ZG
115.86,115.98,115.86,115.9,600,2021-05-11 17:51:00,ZG
115.86,115.86,115.86,115.86,100,2021-05-11 17:52:00,ZG
115.575,115.6936,115.39,115.39,700,2021-05-11 17:53:00,ZG
115.23,115.23,115.23,115.23,100,2021-05-11 17:54:00,ZG
115.26,115.28,115.1,115.28,8271,2021-05-11 17:55:00,ZG
115.315,115.315,115.285,115.285,380,2021-05-11 17:56:00,ZG
115.41,115.61,115.41,115.56,600,2021-05-11 17:57:00,ZG
115.68,115.74,115.37,115.37,700,2021-05-11 17:58:00,ZG
115.57,115.65,115.5,115.65,1200,2021-05-11 18:00:00,ZG
115.695,115.95,115.69,115.95,700,2021-05-11 18:03:00,ZG
116.0,116.055,115.92,115.92,1500,2021-05-11 18:04:00,ZG
116.025,116.025,115.79,115.79,300,2021-05-11 18:05:00,ZG
115.88,115.88,115.71,115.76,300,2021-05-11 18:06:00,ZG
115.77,115.77,115.77,115.77,160,2021-05-11 18:07:00,ZG
115.7,115.76,115.5,115.6,2865,2021-05-11 18:08:00,ZG
115.6,115.675,115.6,115.67,1300,2021-05-11 18:09:00,ZG
115.55,115.625,115.55,115.625,400,2021-05-11 18:10:00,ZG
115.625,115.66,115.44,115.44,6124,2021-05-11 18:11:00,ZG
115.16,115.16,114.8,114.8,647,2021-05-11 18:13:00,ZG
114.965,114.965,114.79,114.79,300,2021-05-11 18:14:00,ZG
115.035,115.035,115.035,115.035,100,2021-05-11 18:15:00,ZG
114.8828,114.8828,114.8828,114.8828,100,2021-05-11 18:16:00,ZG
115.03,115.31,115.03,115.31,500,2021-05-11 18:18:00,ZG
115.31,115.31,115.29,115.29,200,2021-05-11 18:19:00,ZG
115.38,115.38,115.38,115.38,100,2021-05-11 18:22:00,ZG
115.2891,115.2891,115.2,115.2,300,2021-05-11 18:24:00,ZG
115.385,115.5033,115.385,115.415,600,2021-05-11 18:25:00,ZG
115.66,115.66,115.66,115.66,100,2021-05-11 18:26:00,ZG
115.89,116.04,115.89,116.0,850,2021-05-11 18:27:00,ZG
116.0,116.04,116.0,116.04,300,2021-05-11 18:28:00,ZG
116.25,116.25,116.25,116.25,196,2021-05-11 18:29:00,ZG
116.18,116.18,115.46,115.46,200,2021-05-11 18:30:00,ZG
115.5,115.635,115.5,115.635,200,2021-05-11 18:31:00,ZG
115.93,115.93,115.93,115.93,100,2021-05-11 18:32:00,ZG
116.115,116.115,115.84,115.84,500,2021-05-11 18:34:00,ZG
115.96,116.02,115.92,115.94,400,2021-05-11 18:35:00,ZG
115.655,115.655,115.655,115.655,117,2021-05-11 18:36:00,ZG
115.58,115.58,115.58,115.58,100,2021-05-11 18:37:00,ZG
115.41,115.66,115.41,115.66,400,2021-05-11 18:38:00,ZG
115.63,115.76,115.6,115.69,1700,2021-05-11 18:39:00,ZG
115.73,115.9,115.6,115.78,2400,2021-05-11 18:40:00,ZG
115.8,116.04,115.78,115.86,2000,2021-05-11 18:41:00,ZG
115.89,116.04,115.81,115.91,2300,2021-05-11 18:42:00,ZG
116.06,116.18,115.81,116.18,2095,2021-05-11 18:43:00,ZG
116.21,116.36,116.16,116.36,1400,2021-05-11 18:44:00,ZG
116.34,116.49,116.01,116.49,2208,2021-05-11 18:45:00,ZG
116.46,116.46,116.24,116.36,1300,2021-05-11 18:46:00,ZG
116.43,116.43,116.035,116.06,2600,2021-05-11 18:47:00,ZG
116.045,116.22,115.93,116.215,4800,2021-05-11 18:48:00,ZG
116.23,116.37,116.015,116.26,3984,2021-05-11 18:49:00,ZG
116.4,116.46,116.13,116.31,1800,2021-05-11 18:50:00,ZG
116.37,116.43,116.2,116.23,2231,2021-05-11 18:51:00,ZG
116.16,116.17,115.795,116.02,2224,2021-05-11 18:52:00,ZG
116.05,116.81,116.04,116.81,2900,2021-05-11 18:53:00,ZG
116.725,116.8,116.35,116.47,3246,2021-05-11 18:54:00,ZG
116.485,116.82,116.485,116.82,1500,2021-05-11 18:55:00,ZG
116.74,116.99,116.64,116.78,1700,2021-05-11 18:56:00,ZG
116.86,116.94,116.56,116.56,2300,2021-05-11 18:57:00,ZG
116.54,116.72,116.445,116.53,3203,2021-05-11 18:58:00,ZG
116.64,116.73,116.075,116.27,2600,2021-05-11 18:59:00,ZG
116.3,116.58,116.16,116.22,2600,2021-05-11 19:00:00,ZG
116.2,116.4,116.16,116.34,2206,2021-05-11 19:01:00,ZG
116.18,116.55,116.18,116.46,2700,2021-05-11 19:02:00,ZG
116.47,116.47,116.29,116.42,2500,2021-05-11 19:03:00,ZG
116.42,116.42,116.155,116.24,2200,2021-05-11 19:04:00,ZG
116.31,116.38,116.17,116.17,3100,2021-05-11 19:05:00,ZG
116.245,116.38,116.12,116.325,2800,2021-05-11 19:06:00,ZG
116.325,116.54,116.3,116.3,4400,2021-05-11 19:07:00,ZG
116.265,116.27,116.155,116.27,2110,2021-05-11 19:08:00,ZG
116.25,116.26,115.89,116.12,2640,2021-05-11 19:09:00,ZG
116.09,116.26,115.955,116.13,3200,2021-05-11 19:10:00,ZG
116.3,116.3,116.1,116.12,1900,2021-05-11 19:11:00,ZG
116.18,116.2999,116.13,116.27,3405,2021-05-11 19:12:00,ZG
116.2,116.27,115.965,116.22,2800,2021-05-11 19:13:00,ZG
116.15,116.26,116.04,116.26,4100,2021-05-11 19:14:00,ZG
116.23,116.23,115.97,116.06,2400,2021-05-11 19:15:00,ZG
116.0,116.16,115.97,116.11,1400,2021-05-11 19:16:00,ZG
116.23,116.43,116.18,116.43,500,2021-05-11 19:17:00,ZG
116.73,116.75,116.69,116.69,400,2021-05-11 19:18:00,ZG
116.73,116.73,116.46,116.5,500,2021-05-11 19:19:00,ZG
116.73,116.8,116.63,116.795,545,2021-05-11 19:20:00,ZG
116.655,116.655,116.5,116.5,200,2021-05-11 19:21:00,ZG
116.36,116.36,116.36,116.36,100,2021-05-11 19:22:00,ZG
116.49,116.5,116.39,116.475,400,2021-05-11 19:23:00,ZG
116.6973,116.6973,116.285,116.555,1135,2021-05-11 19:24:00,ZG
116.59,116.71,116.59,116.71,300,2021-05-11 19:25:00,ZG
116.67,116.72,116.67,116.72,205,2021-05-11 19:26:00,ZG
116.745,116.93,116.585,116.8,1058,2021-05-11 19:27:00,ZG
116.85,116.86,116.74,116.8,1100,2021-05-11 19:28:00,ZG
116.87,116.91,116.72,116.817,990,2021-05-11 19:29:00,ZG
116.88,117.1822,116.845,117.03,1345,2021-05-11 19:30:00,ZG
116.85,116.85,116.445,116.57,1554,2021-05-11 19:31:00,ZG
116.43,116.56,116.43,116.56,617,2021-05-11 19:32:00,ZG
116.585,116.68,116.44,116.48,1248,2021-05-11 19:33:00,ZG
116.31,116.43,116.135,116.135,500,2021-05-11 19:34:00,ZG
116.18,116.32,116.0641,116.32,600,2021-05-11 19:35:00,ZG
116.14,116.28,115.885,115.885,800,2021-05-11 19:36:00,ZG
115.8644,116.24,115.8586,116.24,826,2021-05-11 19:37:00,ZG
116.3975,116.3975,116.12,116.17,800,2021-05-11 19:38:00,ZG
116.1069,116.25,116.02,116.12,901,2021-05-11 19:39:00,ZG
116.04,116.2,115.935,116.11,700,2021-05-11 19:40:00,ZG
116.24,116.28,115.94,115.94,2659,2021-05-11 19:41:00,ZG
115.94,116.24,115.94,116.24,546,2021-05-11 19:42:00,ZG
116.17,116.18,116.1,116.18,400,2021-05-11 19:43:00,ZG
116.04,116.3325,116.04,116.3325,502,2021-05-11 19:44:00,ZG
116.19,116.215,116.09,116.165,700,2021-05-11 19:45:00,ZG
116.27,116.41,116.19,116.26,1972,2021-05-11 19:46:00,ZG
116.41,116.41,116.22,116.2301,688,2021-05-11 19:47:00,ZG
116.4,116.4425,116.2,116.26,1250,2021-05-11 19:48:00,ZG
116.12,116.3075,116.12,116.2001,510,2021-05-11 19:49:00,ZG
116.13,116.21,115.91,115.91,2539,2021-05-11 19:50:00,ZG
115.93,116.24,115.92,116.102,1960,2021-05-11 19:51:00,ZG
116.1,116.2399,115.89,115.89,1400,2021-05-11 19:52:00,ZG
115.9875,115.9875,115.82,115.82,3087,2021-05-11 19:53:00,ZG
115.95,115.9725,115.65,115.685,5031,2021-05-11 19:54:00,ZG
115.69,115.94,115.62,115.757,3955,2021-05-11 19:55:00,ZG
115.79,115.87,115.67,115.77,2752,2021-05-11 19:56:00,ZG
115.79,116.0,115.7775,115.89,4225,2021-05-11 19:57:00,ZG
115.95,116.1,115.95,116.075,3985,2021-05-11 19:58:00,ZG
116.05,116.19,115.95,116.19,6805,2021-05-11 19:59:00,ZG
116.09,116.09,116.09,116.09,47033,2021-05-11 20:00:00,ZG
113.83,113.83,113.83,113.83,261,2021-05-12 13:27:00,ZG
112.72,112.72,112.72,112.72,500,2021-05-12 13:29:00,ZG
112.24,113.05,111.98,113.0,10269,2021-05-12 13:30:00,ZG
113.6697,113.91,113.6697,113.825,700,2021-05-12 13:31:00,ZG
113.32,113.78,113.0,113.77,1200,2021-05-12 13:32:00,ZG
113.95,114.17,113.95,114.17,400,2021-05-12 13:33:00,ZG
113.795,114.24,113.795,114.24,1450,2021-05-12 13:34:00,ZG
114.5,114.5,113.89,113.89,400,2021-05-12 13:35:00,ZG
113.345,113.64,113.345,113.64,695,2021-05-12 13:36:00,ZG
114.02,114.35,113.975,114.35,793,2021-05-12 13:37:00,ZG
114.24,114.24,113.73,113.73,500,2021-05-12 13:38:00,ZG
113.48,113.48,113.48,113.48,350,2021-05-12 13:39:00,ZG
113.34,113.34,113.34,113.34,100,2021-05-12 13:40:00,ZG
113.0,113.05,112.55,112.8622,1106,2021-05-12 13:41:00,ZG
112.84,113.62,112.84,113.62,879,2021-05-12 13:42:00,ZG
113.58,113.81,113.22,113.22,2159,2021-05-12 13:43:00,ZG
113.02,113.275,113.02,113.275,200,2021-05-12 13:44:00,ZG
113.51,113.73,113.46,113.73,1468,2021-05-12 13:45:00,ZG
113.76,114.12,113.62,113.62,700,2021-05-12 13:46:00,ZG
113.915,113.915,113.63,113.9025,1050,2021-05-12 13:47:00,ZG
113.49,113.85,113.49,113.85,200,2021-05-12 13:48:00,ZG
113.35,113.73,113.35,113.73,500,2021-05-12 13:49:00,ZG
113.36,113.36,113.0,113.25,300,2021-05-12 13:50:00,ZG
113.32,113.32,113.1,113.28,1100,2021-05-12 13:51:00,ZG
113.86,113.92,113.7,113.8543,1545,2021-05-12 13:52:00,ZG
113.523,113.523,113.523,113.523,100,2021-05-12 13:53:00,ZG
113.26,113.27,112.51,112.51,1607,2021-05-12 13:54:00,ZG
113.01,113.2799,112.84,113.2799,500,2021-05-12 13:55:00,ZG
112.8201,112.8201,112.8201,112.8201,100,2021-05-12 13:56:00,ZG
112.64,112.6867,112.44,112.44,1250,2021-05-12 13:57:00,ZG
112.4291,112.775,112.4291,112.775,384,2021-05-12 13:58:00,ZG
112.4,112.54,112.21,112.385,700,2021-05-12 13:59:00,ZG
112.39,112.46,112.0,112.0,908,2021-05-12 14:00:00,ZG
111.9271,111.9271,111.67,111.67,508,2021-05-12 14:01:00,ZG
111.79,112.18,111.68,112.18,1600,2021-05-12 14:02:00,ZG
112.215,112.215,112.16,112.16,200,2021-05-12 14:03:00,ZG
112.292,112.292,112.292,112.292,100,2021-05-12 14:04:00,ZG
112.25,112.7,112.175,112.66,400,2021-05-12 14:05:00,ZG
112.6499,112.65,112.43,112.65,406,2021-05-12 14:06:00,ZG
112.7901,112.7901,112.48,112.48,300,2021-05-12 14:07:00,ZG
112.34,112.435,112.34,112.435,200,2021-05-12 14:08:00,ZG
112.56,112.69,112.56,112.69,300,2021-05-12 14:09:00,ZG
112.46,112.46,112.35,112.35,300,2021-05-12 14:10:00,ZG
112.28,112.28,111.48,111.48,2473,2021-05-12 14:11:00,ZG
111.85,111.9,111.51,111.51,509,2021-05-12 14:12:00,ZG
111.67,111.67,111.44,111.44,200,2021-05-12 14:13:00,ZG
111.85,111.85,111.85,111.85,100,2021-05-12 14:15:00,ZG
111.51,111.51,111.14,111.14,634,2021-05-12 14:17:00,ZG
111.285,111.43,111.285,111.43,871,2021-05-12 14:18:00,ZG
111.385,111.59,111.385,111.49,2277,2021-05-12 14:20:00,ZG
111.735,111.98,111.64,111.8815,500,2021-05-12 14:21:00,ZG
111.61,111.61,111.37,111.37,1400,2021-05-12 14:22:00,ZG
111.77,111.9235,111.44,111.46,1700,2021-05-12 14:23:00,ZG
111.45,111.45,111.22,111.28,1533,2021-05-12 14:24:00,ZG
111.29,111.29,111.0,111.2,400,2021-05-12 14:25:00,ZG
111.22,111.22,111.22,111.22,200,2021-05-12 14:26:00,ZG
111.11,111.48,111.11,111.48,900,2021-05-12 14:27:00,ZG
111.425,111.425,111.235,111.35,700,2021-05-12 14:28:00,ZG
111.35,111.35,111.35,111.35,100,2021-05-12 14:29:00,ZG
111.05,111.16,111.0,111.11,2615,2021-05-12 14:30:00,ZG
111.115,111.43,111.115,111.43,1200,2021-05-12 14:31:00,ZG
111.05,111.05,110.9,110.9,703,2021-05-12 14:33:00,ZG
111.06,111.06,110.925,110.93,600,2021-05-12 14:35:00,ZG
110.7,110.7,110.64,110.64,300,2021-05-12 14:36:00,ZG
110.62,110.84,110.56,110.84,900,2021-05-12 14:37:00,ZG
110.85,110.85,110.72,110.72,300,2021-05-12 14:39:00,ZG
110.81,110.89,110.81,110.89,300,2021-05-12 14:40:00,ZG
110.91,111.0,110.71,110.71,11122,2021-05-12 14:41:00,ZG
110.78,110.78,110.7,110.7,300,2021-05-12 14:42:00,ZG
110.63,110.63,110.23,110.37,977,2021-05-12 14:43:00,ZG
110.46,110.56,110.42,110.56,300,2021-05-12 14:44:00,ZG
110.5,110.5,110.25,110.44,1336,2021-05-12 14:45:00,ZG
110.345,110.4,110.345,110.36,799,2021-05-12 14:46:00,ZG
110.3512,110.69,110.3512,110.69,700,2021-05-12 14:47:00,ZG
110.62,110.87,110.415,110.495,2143,2021-05-12 14:48:00,ZG
110.3,110.31,110.3,110.31,1100,2021-05-12 14:49:00,ZG
110.19,110.37,109.92,109.92,3307,2021-05-12 14:50:00,ZG
110.06,110.06,109.76,109.9,1299,2021-05-12 14:51:00,ZG
109.9,109.98,109.64,109.74,1400,2021-05-12 14:52:00,ZG
109.57,109.68,109.395,109.68,1000,2021-05-12 14:53:00,ZG
109.6,109.6,109.45,109.45,600,2021-05-12 14:54:00,ZG
109.57,109.8799,109.57,109.685,600,2021-05-12 14:55:00,ZG
109.6093,109.6093,109.25,109.25,500,2021-05-12 14:56:00,ZG
109.38,109.57,109.33,109.41,1520,2021-05-12 14:57:00,ZG
109.5525,109.64,109.5525,109.64,200,2021-05-12 14:58:00,ZG
109.72,109.78,109.64,109.715,860,2021-05-12 14:59:00,ZG
109.75,109.75,109.75,109.75,100,2021-05-12 15:00:00,ZG
109.86,109.95,109.86,109.95,200,2021-05-12 15:01:00,ZG
110.0399,110.0699,109.76,109.865,582,2021-05-12 15:02:00,ZG
109.48,109.48,109.48,109.48,100,2021-05-12 15:03:00,ZG
109.76,109.78,109.76,109.78,300,2021-05-12 15:04:00,ZG
110.091,110.091,110.091,110.091,100,2021-05-12 15:05:00,ZG
110.13,110.3,110.13,110.3,600,2021-05-12 15:06:00,ZG
110.35,110.35,110.35,110.35,174,2021-05-12 15:07:00,ZG
110.59,110.6929,110.59,110.6929,350,2021-05-12 15:09:00,ZG
110.65,110.91,110.65,110.91,200,2021-05-12 15:10:00,ZG
110.91,111.3977,110.9,111.23,9006,2021-05-12 15:11:00,ZG
111.16,111.33,111.08,111.24,2107,2021-05-12 15:12:00,ZG
111.44,111.48,111.25,111.25,500,2021-05-12 15:13:00,ZG
111.18,111.18,111.07,111.07,208,2021-05-12 15:14:00,ZG
111.31,111.32,111.31,111.32,469,2021-05-12 15:15:00,ZG
111.22,111.22,111.22,111.22,100,2021-05-12 15:16:00,ZG
111.11,111.11,110.9201,110.9201,510,2021-05-12 15:18:00,ZG
110.99,111.17,110.99,111.17,1250,2021-05-12 15:19:00,ZG
110.9,111.2299,110.89,111.114,2353,2021-05-12 15:20:00,ZG
110.77,110.88,110.76,110.82,1100,2021-05-12 15:21:00,ZG
110.71,110.71,110.45,110.45,2560,2021-05-12 15:22:00,ZG
110.5,110.63,110.5,110.63,982,2021-05-12 15:23:00,ZG
110.58,110.58,110.16,110.16,1875,2021-05-12 15:25:00,ZG
110.35,110.38,110.0554,110.25,1100,2021-05-12 15:26:00,ZG
110.25,110.32,110.0201,110.32,767,2021-05-12 15:27:00,ZG
110.12,110.46,110.02,110.46,850,2021-05-12 15:28:00,ZG
110.42,110.44,110.325,110.44,1650,2021-05-12 15:29:00,ZG
110.36,110.365,110.02,110.02,700,2021-05-12 15:30:00,ZG
109.9893,109.99,109.9893,109.99,323,2021-05-12 15:31:00,ZG
110.1,110.1,109.9,109.92,985,2021-05-12 15:32:00,ZG
110.0,110.16,110.0,110.16,987,2021-05-12 15:33:00,ZG
109.75,109.75,109.68,109.68,200,2021-05-12 15:34:00,ZG
109.7087,109.83,109.7087,109.83,308,2021-05-12 15:35:00,ZG
109.68,109.68,109.5,109.5,626,2021-05-12 15:36:00,ZG
109.27,109.27,109.27,109.27,100,2021-05-12 15:38:00,ZG
109.6,109.61,109.5,109.5,600,2021-05-12 15:39:00,ZG
109.33,109.33,108.9,108.9,4480,2021-05-12 15:40:00,ZG
109.2,109.38,109.18,109.38,900,2021-05-12 15:41:00,ZG
109.22,109.32,109.14,109.145,2813,2021-05-12 15:42:00,ZG
109.1,109.38,109.1,109.16,1286,2021-05-12 15:43:00,ZG
109.195,109.44,109.195,109.44,500,2021-05-12 15:44:00,ZG
109.34,109.45,109.34,109.4,703,2021-05-12 15:45:00,ZG
109.48,109.5,109.48,109.5,300,2021-05-12 15:46:00,ZG
109.4,109.595,109.4,109.595,613,2021-05-12 15:47:00,ZG
109.51,109.69,109.51,109.69,300,2021-05-12 15:48:00,ZG
109.5,109.57,109.17,109.17,21895,2021-05-12 15:50:00,ZG
109.0101,109.2,109.0,109.2,902,2021-05-12 15:52:00,ZG
108.9,108.9,108.9,108.9,200,2021-05-12 15:53:00,ZG
108.99,108.99,108.98,108.98,300,2021-05-12 15:54:00,ZG
108.92,108.92,108.8,108.8,780,2021-05-12 15:55:00,ZG
108.82,109.23,108.79,109.23,1703,2021-05-12 15:56:00,ZG
109.1967,109.23,109.1967,109.23,200,2021-05-12 15:58:00,ZG
109.225,109.225,109.15,109.15,470,2021-05-12 15:59:00,ZG
108.97,109.1,108.95,109.03,1400,2021-05-12 16:00:00,ZG
109.07,109.07,108.81,108.81,1100,2021-05-12 16:01:00,ZG
109.17,109.17,109.17,109.17,100,2021-05-12 16:02:00,ZG
109.01,109.01,108.86,108.86,719,2021-05-12 16:04:00,ZG
108.8,108.8,108.8,108.8,100,2021-05-12 16:05:00,ZG
108.8162,109.12,108.8162,109.12,700,2021-05-12 16:07:00,ZG
109.17,109.17,108.99,109.07,2719,2021-05-12 16:08:00,ZG
109.01,109.01,109.01,109.01,100,2021-05-12 16:09:00,ZG
108.94,109.0361,108.94,109.0361,242,2021-05-12 16:10:00,ZG
108.83,109.0,108.82,109.0,600,2021-05-12 16:11:00,ZG
108.97,108.97,108.97,108.97,100,2021-05-12 16:12:00,ZG
108.83,108.83,108.61,108.78,801,2021-05-12 16:14:00,ZG
108.45,108.45,108.32,108.32,650,2021-05-12 16:16:00,ZG
108.23,108.23,108.23,108.23,100,2021-05-12 16:17:00,ZG
108.36,108.38,108.3374,108.3542,829,2021-05-12 16:18:00,ZG
108.415,108.59,108.415,108.57,700,2021-05-12 16:19:00,ZG
108.58,108.67,108.58,108.67,433,2021-05-12 16:20:00,ZG
108.7,108.9,108.7,108.9,400,2021-05-12 16:21:00,ZG
108.82,109.0,108.82,109.0,300,2021-05-12 16:22:00,ZG
108.86,109.0,108.86,109.0,200,2021-05-12 16:23:00,ZG
109.2,109.2,109.12,109.12,350,2021-05-12 16:24:00,ZG
109.03,109.27,109.03,109.21,900,2021-05-12 16:25:00,ZG
109.22,109.22,109.04,109.04,600,2021-05-12 16:26:00,ZG
109.05,109.06,108.8739,108.92,800,2021-05-12 16:27:00,ZG
109.0,109.2,109.0,109.195,400,2021-05-12 16:29:00,ZG
109.17,109.17,109.0,109.04,975,2021-05-12 16:30:00,ZG
109.23,109.36,109.22,109.36,552,2021-05-12 16:31:00,ZG
109.55,109.82,109.53,109.54,950,2021-05-12 16:32:00,ZG
109.3835,109.475,109.3835,109.475,420,2021-05-12 16:33:00,ZG
109.41,109.44,109.35,109.4,2200,2021-05-12 16:34:00,ZG
109.465,109.4925,109.31,109.31,1075,2021-05-12 16:35:00,ZG
109.3329,109.3329,109.3329,109.3329,200,2021-05-12 16:36:00,ZG
109.11,109.15,109.11,109.11,1250,2021-05-12 16:37:00,ZG
108.73,108.73,108.73,108.73,100,2021-05-12 16:40:00,ZG
108.9,108.915,108.82,108.915,338,2021-05-12 16:41:00,ZG
109.1,109.1,109.08,109.08,200,2021-05-12 16:42:00,ZG
109.04,109.04,109.04,109.04,107,2021-05-12 16:43:00,ZG
109.2,109.2,109.18,109.18,200,2021-05-12 16:44:00,ZG
109.12,109.13,109.05,109.13,1320,2021-05-12 16:45:00,ZG
109.33,109.33,109.16,109.16,500,2021-05-12 16:46:00,ZG
109.0633,109.0633,109.0633,109.0633,100,2021-05-12 16:47:00,ZG
109.51,109.52,109.51,109.52,200,2021-05-12 16:48:00,ZG
109.48,109.535,109.2626,109.2626,300,2021-05-12 16:49:00,ZG
109.68,109.98,109.6701,109.85,1434,2021-05-12 16:51:00,ZG
109.87,109.87,109.71,109.82,500,2021-05-12 16:52:00,ZG
109.96,109.96,109.8,109.8,200,2021-05-12 16:53:00,ZG
109.89,109.89,109.89,109.89,200,2021-05-12 16:54:00,ZG
109.75,109.75,109.75,109.75,400,2021-05-12 16:55:00,ZG
109.78,109.78,109.78,109.78,300,2021-05-12 16:56:00,ZG
109.865,109.91,109.64,109.78,600,2021-05-12 16:57:00,ZG
109.71,109.71,109.71,109.71,2100,2021-05-12 16:58:00,ZG
109.91,110.27,109.91,110.27,300,2021-05-12 16:59:00,ZG
110.325,110.325,110.325,110.325,100,2021-05-12 17:01:00,ZG
110.32,110.32,110.32,110.32,100,2021-05-12 17:02:00,ZG
110.5773,110.5773,110.5773,110.5773,426,2021-05-12 17:03:00,ZG
110.53,110.7,110.48,110.56,1100,2021-05-12 17:04:00,ZG
110.7,110.7,110.58,110.6,900,2021-05-12 17:06:00,ZG
110.51,110.58,110.3,110.58,2858,2021-05-12 17:07:00,ZG
110.45,110.49,110.41,110.41,300,2021-05-12 17:08:00,ZG
110.5801,110.74,110.55,110.55,680,2021-05-12 17:09:00,ZG
110.48,110.48,110.48,110.48,100,2021-05-12 17:10:00,ZG
110.61,110.69,110.5531,110.69,2549,2021-05-12 17:11:00,ZG
110.5,110.5,110.5,110.5,100,2021-05-12 17:12:00,ZG
110.5863,110.65,110.3,110.3,778,2021-05-12 17:13:00,ZG
110.44,110.44,110.44,110.44,100,2021-05-12 17:15:00,ZG
110.38,110.75,110.36,110.36,800,2021-05-12 17:16:00,ZG
110.13,110.13,110.1,110.1,1200,2021-05-12 17:18:00,ZG
110.0431,110.0431,110.0431,110.0431,300,2021-05-12 17:19:00,ZG
110.0,110.0,109.83,109.83,600,2021-05-12 17:21:00,ZG
110.03,110.03,110.03,110.03,100,2021-05-12 17:22:00,ZG
109.76,109.76,109.76,109.76,100,2021-05-12 17:27:00,ZG
109.86,109.86,109.82,109.82,500,2021-05-12 17:28:00,ZG
109.75,109.75,109.75,109.75,129,2021-05-12 17:29:00,ZG
109.71,109.71,109.7,109.7,400,2021-05-12 17:30:00,ZG
109.89,109.91,109.89,109.91,200,2021-05-12 17:31:00,ZG
109.715,109.715,109.715,109.715,115,2021-05-12 17:33:00,ZG
109.98,110.07,109.96,110.01,720,2021-05-12 17:37:00,ZG
110.06,110.31,110.06,110.31,800,2021-05-12 17:38:00,ZG
110.1,110.12,109.77,109.77,600,2021-05-12 17:40:00,ZG
110.07,110.08,110.07,110.08,200,2021-05-12 17:42:00,ZG
110.0,110.0,109.9369,109.9369,417,2021-05-12 17:44:00,ZG
109.88,109.88,109.88,109.88,100,2021-05-12 17:46:00,ZG
109.88,109.88,109.87,109.87,213,2021-05-12 17:48:00,ZG
109.75,109.75,109.65,109.65,300,2021-05-12 17:49:00,ZG
109.78,109.82,109.78,109.82,200,2021-05-12 17:52:00,ZG
109.772,109.772,109.772,109.772,150,2021-05-12 17:53:00,ZG
109.89,109.89,109.89,109.89,100,2021-05-12 17:54:00,ZG
110.22,110.22,110.22,110.22,200,2021-05-12 17:55:00,ZG
110.17,110.17,110.16,110.16,200,2021-05-12 17:56:00,ZG
110.15,110.2599,110.14,110.15,800,2021-05-12 17:57:00,ZG
110.22,110.29,110.22,110.27,980,2021-05-12 17:58:00,ZG
110.08,110.08,110.08,110.08,100,2021-05-12 17:59:00,ZG
109.93,109.98,109.87,109.8912,662,2021-05-12 18:00:00,ZG
110.07,110.125,110.07,110.125,200,2021-05-12 18:03:00,ZG
109.945,109.945,109.94,109.94,235,2021-05-12 18:05:00,ZG
109.88,110.01,109.88,110.01,300,2021-05-12 18:06:00,ZG
110.015,110.015,110.015,110.015,125,2021-05-12 18:07:00,ZG
110.17,110.17,110.17,110.17,100,2021-05-12 18:08:00,ZG
110.2351,110.2351,110.2351,110.2351,200,2021-05-12 18:09:00,ZG
110.164,110.164,110.01,110.01,328,2021-05-12 18:10:00,ZG
109.82,109.82,109.82,109.82,100,2021-05-12 18:11:00,ZG
109.89,109.89,109.82,109.82,300,2021-05-12 18:12:00,ZG
109.78,109.78,109.78,109.78,100,2021-05-12 18:15:00,ZG
109.74,109.74,109.74,109.74,100,2021-05-12 18:16:00,ZG
109.84,109.84,109.75,109.75,303,2021-05-12 18:18:00,ZG
109.77,109.92,109.71,109.92,1203,2021-05-12 18:19:00,ZG
109.97,110.1,109.71,109.76,600,2021-05-12 18:20:00,ZG
109.55,109.55,109.55,109.55,150,2021-05-12 18:24:00,ZG
109.54,109.72,109.54,109.69,500,2021-05-12 18:25:00,ZG
109.75,109.75,109.7,109.7,216,2021-05-12 18:27:00,ZG
109.83,109.83,109.83,109.83,300,2021-05-12 18:28:00,ZG
109.66,109.79,109.66,109.79,300,2021-05-12 18:29:00,ZG
109.74,109.74,109.74,109.74,100,2021-05-12 18:30:00,ZG
109.755,109.785,109.755,109.785,208,2021-05-12 18:33:00,ZG
109.89,109.89,109.89,109.89,100,2021-05-12 18:34:00,ZG
110.07,110.07,109.73,109.73,600,2021-05-12 18:35:00,ZG
109.82,110.09,109.82,110.055,400,2021-05-12 18:36:00,ZG
110.04,110.26,110.04,110.26,900,2021-05-12 18:37:00,ZG
110.05,110.19,109.93,110.19,679,2021-05-12 18:40:00,ZG
110.07,110.07,110.05,110.05,300,2021-05-12 18:41:00,ZG
110.23,110.56,110.22,110.56,800,2021-05-12 18:42:00,ZG
110.69,110.69,110.45,110.45,750,2021-05-12 18:43:00,ZG
110.17,110.4,110.17,110.4,200,2021-05-12 18:44:00,ZG
110.34,110.34,110.34,110.34,145,2021-05-12 18:45:00,ZG
110.31,110.31,110.31,110.31,100,2021-05-12 18:46:00,ZG
110.17,110.17,110.11,110.11,308,2021-05-12 18:47:00,ZG
110.25,110.59,110.25,110.47,700,2021-05-12 18:48:00,ZG
110.43,110.43,110.34,110.34,300,2021-05-12 18:49:00,ZG
110.41,110.49,110.41,110.44,900,2021-05-12 18:50:00,ZG
110.35,110.35,110.35,110.35,120,2021-05-12 18:51:00,ZG
110.565,110.565,110.3,110.4,953,2021-05-12 18:53:00,ZG
110.42,110.43,110.37,110.37,300,2021-05-12 18:54:00,ZG
110.447,110.447,110.09,110.09,6372,2021-05-12 18:55:00,ZG
110.165,110.165,110.165,110.165,100,2021-05-12 18:57:00,ZG
110.01,110.03,109.87,110.03,600,2021-05-12 18:58:00,ZG
109.79,109.79,109.68,109.68,300,2021-05-12 18:59:00,ZG
109.78,109.78,109.4,109.4,1300,2021-05-12 19:00:00,ZG
109.475,109.475,109.475,109.475,100,2021-05-12 19:02:00,ZG
109.23,109.28,109.1201,109.1201,2900,2021-05-12 19:03:00,ZG
109.25,109.25,108.96,108.96,450,2021-05-12 19:05:00,ZG
109.24,109.24,109.23,109.23,300,2021-05-12 19:06:00,ZG
109.21,109.21,109.122,109.122,600,2021-05-12 19:07:00,ZG
109.18,109.45,109.18,109.45,900,2021-05-12 19:08:00,ZG
109.0586,109.0586,109.0586,109.0586,264,2021-05-12 19:10:00,ZG
109.145,109.18,109.145,109.18,400,2021-05-12 19:11:00,ZG
109.26,109.31,109.22,109.31,1031,2021-05-12 19:12:00,ZG
109.39,109.39,109.21,109.21,500,2021-05-12 19:13:00,ZG
109.27,109.27,109.27,109.27,100,2021-05-12 19:14:00,ZG
109.16,109.16,109.16,109.16,100,2021-05-12 19:15:00,ZG
109.11,109.33,109.11,109.33,400,2021-05-12 19:17:00,ZG
109.18,109.35,109.15,109.15,300,2021-05-12 19:18:00,ZG
109.04,109.04,108.92,108.92,400,2021-05-12 19:19:00,ZG
109.1,109.1,108.93,109.1,941,2021-05-12 19:20:00,ZG
108.98,108.98,108.98,108.98,100,2021-05-12 19:21:00,ZG
109.08,109.17,108.9754,109.11,2180,2021-05-12 19:22:00,ZG
109.16,109.16,109.11,109.11,400,2021-05-12 19:23:00,ZG
109.123,109.123,108.84,108.84,1072,2021-05-12 19:24:00,ZG
108.98,109.13,108.98,109.13,300,2021-05-12 19:25:00,ZG
109.23,109.6,109.23,109.37,900,2021-05-12 19:26:00,ZG
109.48,109.48,109.48,109.48,277,2021-05-12 19:27:00,ZG
109.4699,109.4699,109.4699,109.4699,250,2021-05-12 19:28:00,ZG
109.5887,109.5887,109.32,109.32,200,2021-05-12 19:29:00,ZG
109.495,109.63,109.49,109.49,1200,2021-05-12 19:30:00,ZG
109.6943,109.6943,109.6943,109.6943,100,2021-05-12 19:31:00,ZG
109.4,109.46,109.3,109.41,800,2021-05-12 19:32:00,ZG
109.55,109.71,109.45,109.71,1400,2021-05-12 19:33:00,ZG
109.83,109.83,109.76,109.8,500,2021-05-12 19:34:00,ZG
109.92,109.92,109.8,109.8725,400,2021-05-12 19:35:00,ZG
109.71,109.81,109.71,109.74,645,2021-05-12 19:36:00,ZG
109.68,109.84,109.62,109.83,903,2021-05-12 19:37:00,ZG
109.85,109.855,109.655,109.655,1128,2021-05-12 19:38:00,ZG
109.73,109.8499,109.61,109.8499,404,2021-05-12 19:39:00,ZG
109.66,109.66,109.58,109.58,507,2021-05-12 19:40:00,ZG
109.73,109.8711,109.5777,109.5777,2527,2021-05-12 19:41:00,ZG
109.7,109.7,109.58,109.6,627,2021-05-12 19:42:00,ZG
109.63,109.8699,109.56,109.8699,708,2021-05-12 19:43:00,ZG
109.75,109.87,109.74,109.75,1284,2021-05-12 19:44:00,ZG
109.85,109.89,109.77,109.89,601,2021-05-12 19:45:00,ZG
109.9,110.05,109.86,109.97,4098,2021-05-12 19:46:00,ZG
109.9,109.9675,109.82,109.82,400,2021-05-12 19:47:00,ZG
109.895,109.96,109.76,109.96,1300,2021-05-12 19:48:00,ZG
109.87,109.87,109.72,109.79,1356,2021-05-12 19:49:00,ZG
109.75,109.88,109.63,109.82,3006,2021-05-12 19:50:00,ZG
109.73,109.8325,109.58,109.63,13735,2021-05-12 19:51:00,ZG
109.61,109.73,109.5,109.5,1540,2021-05-12 19:52:00,ZG
109.5,109.58,109.43,109.58,2994,2021-05-12 19:53:00,ZG
109.6,109.8299,109.6,109.61,2610,2021-05-12 19:54:00,ZG
109.53,109.74,109.53,109.67,2157,2021-05-12 19:55:00,ZG
109.83,109.88,109.6794,109.88,2712,2021-05-12 19:56:00,ZG
109.84,110.0,109.84,110.0,2000,2021-05-12 19:57:00,ZG
109.88,110.05,109.88,109.95,3187,2021-05-12 19:58:00,ZG
109.94,109.94,109.66,109.88,6876,2021-05-12 19:59:00,ZG
109.87,109.87,109.87,109.87,87589,2021-05-12 20:00:00,ZG
109.87,109.87,109.87,109.87,2011,2021-05-12 20:01:00,ZG
109.85,109.85,109.85,109.85,112,2021-05-12 20:05:00,ZG
110.0,110.0,110.0,110.0,100,2021-05-12 20:07:00,ZG
109.0,109.0,109.0,109.0,100,2021-05-13 09:30:00,ZG
109.0,109.0,109.0,109.0,100,2021-05-13 09:33:00,ZG
109.02,109.02,109.02,109.02,100,2021-05-13 09:34:00,ZG
110.42,110.42,110.42,110.42,100,2021-05-13 11:32:00,ZG
110.99,112.5,110.51,112.11,8514,2021-05-13 13:30:00,ZG
112.42,112.42,111.4,111.79,1975,2021-05-13 13:31:00,ZG
111.97,112.4,111.81,112.4,300,2021-05-13 13:32:00,ZG
112.11,112.3599,111.755,111.755,800,2021-05-13 13:33:00,ZG
112.375,112.61,112.375,112.61,300,2021-05-13 13:34:00,ZG
112.27,112.91,112.1425,112.91,1832,2021-05-13 13:35:00,ZG
112.44,112.72,112.28,112.28,2043,2021-05-13 13:36:00,ZG
112.28,113.12,112.28,112.65,2950,2021-05-13 13:37:00,ZG
112.23,112.23,111.91,112.2,600,2021-05-13 13:38:00,ZG
111.97,111.97,111.45,111.45,1000,2021-05-13 13:39:00,ZG
111.27,111.54,111.27,111.54,200,2021-05-13 13:40:00,ZG
111.66,111.9425,111.1,111.1,3399,2021-05-13 13:41:00,ZG
111.2,111.2,111.2,111.2,300,2021-05-13 13:42:00,ZG
111.54,111.59,111.17,111.42,2800,2021-05-13 13:43:00,ZG
111.35,111.845,111.35,111.56,300,2021-05-13 13:45:00,ZG
111.73,112.0,111.27,111.27,2000,2021-05-13 13:46:00,ZG
111.27,111.44,110.99,111.07,1130,2021-05-13 13:47:00,ZG
111.12,111.12,110.99,110.99,200,2021-05-13 13:48:00,ZG
110.91,110.91,110.38,110.38,1685,2021-05-13 13:49:00,ZG
110.58,111.32,110.58,111.32,1100,2021-05-13 13:50:00,ZG
111.42,111.73,111.42,111.73,500,2021-05-13 13:51:00,ZG
111.87,112.08,111.84,112.08,1100,2021-05-13 13:52:00,ZG
112.28,112.45,112.09,112.09,1300,2021-05-13 13:53:00,ZG
112.33,113.0,112.33,112.73,700,2021-05-13 13:54:00,ZG
112.9,112.9,112.9,112.9,100,2021-05-13 13:55:00,ZG
113.1,113.1,112.71,112.715,700,2021-05-13 13:56:00,ZG
113.12,113.46,112.81,113.46,5130,2021-05-13 13:57:00,ZG
113.12,113.415,113.12,113.1401,1400,2021-05-13 13:58:00,ZG
113.46,113.46,113.46,113.46,500,2021-05-13 13:59:00,ZG
113.7,113.84,113.58,113.72,2030,2021-05-13 14:00:00,ZG
113.63,114.0,113.5,114.0,1820,2021-05-13 14:01:00,ZG
113.82,114.23,113.7,113.9,400,2021-05-13 14:02:00,ZG
113.75,113.79,113.75,113.79,200,2021-05-13 14:03:00,ZG
113.74,114.0,113.63,113.85,1900,2021-05-13 14:04:00,ZG
113.81,113.826,113.63,113.795,850,2021-05-13 14:05:00,ZG
113.8,113.93,113.675,113.705,2014,2021-05-13 14:06:00,ZG
113.49,113.51,113.35,113.35,700,2021-05-13 14:07:00,ZG
113.25,113.44,113.25,113.44,300,2021-05-13 14:08:00,ZG
113.29,113.49,113.15,113.15,800,2021-05-13 14:09:00,ZG
113.59,113.59,113.33,113.41,600,2021-05-13 14:11:00,ZG
113.21,113.23,112.99,113.12,1153,2021-05-13 14:12:00,ZG
113.43,113.4702,113.41,113.41,1300,2021-05-13 14:13:00,ZG
113.42,113.58,113.05,113.22,4360,2021-05-13 14:14:00,ZG
112.98,112.98,112.98,112.98,100,2021-05-13 14:15:00,ZG
112.82,112.8352,112.5,112.5,700,2021-05-13 14:16:00,ZG
112.52,112.59,112.405,112.405,400,2021-05-13 14:17:00,ZG
112.65,112.65,112.65,112.65,100,2021-05-13 14:18:00,ZG
112.85,112.85,112.73,112.73,500,2021-05-13 14:19:00,ZG
112.54,112.99,112.54,112.6,1900,2021-05-13 14:20:00,ZG
112.66,112.66,112.41,112.42,1387,2021-05-13 14:21:00,ZG
112.3037,112.3037,112.3037,112.3037,100,2021-05-13 14:22:00,ZG
112.575,112.87,112.575,112.87,1984,2021-05-13 14:23:00,ZG
113.17,113.3,112.99,113.12,1600,2021-05-13 14:24:00,ZG
113.36,113.36,113.12,113.18,400,2021-05-13 14:25:00,ZG
113.2,113.2,112.77,112.77,300,2021-05-13 14:26:00,ZG
112.93,112.96,112.81,112.81,300,2021-05-13 14:27:00,ZG
112.62,112.66,112.48,112.5799,1800,2021-05-13 14:28:00,ZG
112.57,112.7,112.57,112.6,799,2021-05-13 14:29:00,ZG
112.55,112.8,112.55,112.74,1200,2021-05-13 14:30:00,ZG
112.6,112.86,112.57,112.57,1200,2021-05-13 14:31:00,ZG
112.63,112.67,112.38,112.38,1400,2021-05-13 14:32:00,ZG
112.36,112.36,112.24,112.24,400,2021-05-13 14:33:00,ZG
112.35,112.49,112.35,112.49,300,2021-05-13 14:34:00,ZG
112.24,112.24,111.86,111.86,1405,2021-05-13 14:35:00,ZG
111.7978,111.7978,111.76,111.76,208,2021-05-13 14:36:00,ZG
112.15,112.15,111.82,111.82,600,2021-05-13 14:37:00,ZG
111.7525,111.7525,111.7,111.7,450,2021-05-13 14:38:00,ZG
111.98,112.13,111.82,111.82,1100,2021-05-13 14:39:00,ZG
112.08,112.08,111.82,111.82,600,2021-05-13 14:41:00,ZG
111.8319,111.9,111.585,111.88,3432,2021-05-13 14:42:00,ZG
111.7,111.71,111.3755,111.44,2140,2021-05-13 14:43:00,ZG
111.66,111.67,111.585,111.585,833,2021-05-13 14:44:00,ZG
111.3375,111.3375,111.03,111.03,200,2021-05-13 14:45:00,ZG
111.505,111.91,111.505,111.64,1015,2021-05-13 14:47:00,ZG
111.8,111.83,111.53,111.6925,630,2021-05-13 14:48:00,ZG
111.7624,111.79,111.7624,111.79,729,2021-05-13 14:49:00,ZG
111.79,111.98,111.79,111.84,1000,2021-05-13 14:50:00,ZG
111.62,111.62,111.55,111.55,200,2021-05-13 14:51:00,ZG
111.53,111.9,111.53,111.83,1330,2021-05-13 14:52:00,ZG
111.69,111.84,111.685,111.84,300,2021-05-13 14:53:00,ZG
111.84,112.19,111.825,112.06,903,2021-05-13 14:54:00,ZG
112.24,112.35,112.24,112.35,300,2021-05-13 14:55:00,ZG
112.245,112.245,111.94,111.94,300,2021-05-13 14:56:00,ZG
111.73,111.84,111.34,111.61,1000,2021-05-13 14:57:00,ZG
111.62,111.62,111.46,111.46,200,2021-05-13 14:58:00,ZG
111.355,111.46,111.1244,111.1244,476,2021-05-13 14:59:00,ZG
110.92,110.92,110.91,110.91,300,2021-05-13 15:00:00,ZG
110.3,110.72,110.3,110.49,1320,2021-05-13 15:02:00,ZG
110.57,110.94,110.56,110.94,1900,2021-05-13 15:03:00,ZG
110.89,110.89,110.89,110.89,100,2021-05-13 15:04:00,ZG
110.47,110.85,110.41,110.85,1400,2021-05-13 15:05:00,ZG
110.63,110.63,110.63,110.63,100,2021-05-13 15:07:00,ZG
110.6,110.6,110.22,110.45,1000,2021-05-13 15:08:00,ZG
110.34,110.53,110.21,110.53,2045,2021-05-13 15:09:00,ZG
110.1,110.105,110.1,110.105,400,2021-05-13 15:10:00,ZG
109.9226,110.18,109.9226,110.18,1000,2021-05-13 15:11:00,ZG
110.19,110.19,110.05,110.05,200,2021-05-13 15:12:00,ZG
110.0,110.0,110.0,110.0,200,2021-05-13 15:13:00,ZG
110.16,110.16,109.65,109.86,1000,2021-05-13 15:14:00,ZG
109.73,109.93,109.54,109.93,700,2021-05-13 15:15:00,ZG
110.0,110.01,109.8945,109.8945,650,2021-05-13 15:16:00,ZG
109.8,109.94,109.62,109.62,800,2021-05-13 15:17:00,ZG
109.855,109.8925,109.73,109.73,1178,2021-05-13 15:19:00,ZG
109.74,109.7925,109.49,109.7,500,2021-05-13 15:20:00,ZG
109.43,109.79,109.43,109.5,1960,2021-05-13 15:21:00,ZG
109.59,109.68,109.26,109.26,800,2021-05-13 15:22:00,ZG
109.28,109.57,109.2,109.57,877,2021-05-13 15:23:00,ZG
109.44,109.45,108.81,108.985,2400,2021-05-13 15:24:00,ZG
109.0,109.125,109.0,109.11,1100,2021-05-13 15:25:00,ZG
109.1,109.1,109.1,109.1,100,2021-05-13 15:26:00,ZG
109.0,109.1,108.96,108.96,400,2021-05-13 15:27:00,ZG
108.9,108.95,108.71,108.95,400,2021-05-13 15:28:00,ZG
108.95,108.95,108.68,108.795,400,2021-05-13 15:29:00,ZG
108.85,109.19,108.85,109.145,1945,2021-05-13 15:30:00,ZG
109.27,109.27,109.27,109.27,100,2021-05-13 15:31:00,ZG
109.27,109.45,109.27,109.45,400,2021-05-13 15:32:00,ZG
109.14,109.201,109.14,109.201,285,2021-05-13 15:33:00,ZG
109.2,109.2,109.2,109.2,100,2021-05-13 15:34:00,ZG
109.09,109.11,109.09,109.11,200,2021-05-13 15:35:00,ZG
109.3,109.325,109.01,109.325,550,2021-05-13 15:38:00,ZG
109.33,109.33,109.33,109.33,100,2021-05-13 15:39:00,ZG
109.11,109.15,109.01,109.15,400,2021-05-13 15:40:00,ZG
108.75,108.75,108.75,108.75,149,2021-05-13 15:41:00,ZG
108.74,108.74,108.74,108.74,100,2021-05-13 15:42:00,ZG
108.5,108.5,108.36,108.405,415,2021-05-13 15:43:00,ZG
108.32,108.32,108.2,108.2,850,2021-05-13 15:44:00,ZG
108.3,108.33,108.06,108.3,888,2021-05-13 15:45:00,ZG
108.11,108.38,108.11,108.18,903,2021-05-13 15:46:00,ZG
108.18,108.3,108.0801,108.11,855,2021-05-13 15:47:00,ZG
108.19,108.22,108.18,108.18,700,2021-05-13 15:48:00,ZG
108.15,108.24,108.15,108.24,300,2021-05-13 15:49:00,ZG
108.07,108.35,108.01,108.3,1700,2021-05-13 15:50:00,ZG
108.27,108.27,108.12,108.24,1126,2021-05-13 15:51:00,ZG
108.23,108.23,107.46,107.96,4547,2021-05-13 15:52:00,ZG
107.96,107.97,107.64,107.65,1200,2021-05-13 15:53:00,ZG
107.75,107.82,107.3825,107.56,1028,2021-05-13 15:54:00,ZG
107.68,107.7,107.4,107.4,1200,2021-05-13 15:55:00,ZG
107.51,107.51,107.34,107.365,700,2021-05-13 15:56:00,ZG
107.33,107.33,107.2,107.29,700,2021-05-13 15:57:00,ZG
107.3,107.34,107.02,107.02,2000,2021-05-13 15:58:00,ZG
107.18,107.21,106.96,106.96,1928,2021-05-13 15:59:00,ZG
107.53,107.53,107.19,107.4,300,2021-05-13 16:00:00,ZG
107.22,107.58,107.22,107.53,1600,2021-05-13 16:01:00,ZG
107.87,107.95,107.38,107.495,2000,2021-05-13 16:02:00,ZG
107.45,107.65,107.45,107.45,1103,2021-05-13 16:03:00,ZG
107.4,107.4,107.275,107.275,400,2021-05-13 16:04:00,ZG
107.2267,107.43,107.13,107.27,946,2021-05-13 16:05:00,ZG
107.315,107.51,107.315,107.42,303,2021-05-13 16:06:00,ZG
107.29,107.29,106.99,107.0281,600,2021-05-13 16:07:00,ZG
107.02,107.31,107.02,107.05,1262,2021-05-13 16:08:00,ZG
107.03,107.18,107.03,107.18,700,2021-05-13 16:09:00,ZG
107.79,107.92,107.79,107.92,362,2021-05-13 16:11:00,ZG
107.916,108.2,107.916,108.2,200,2021-05-13 16:12:00,ZG
107.865,107.985,107.865,107.985,500,2021-05-13 16:15:00,ZG
108.06,108.0779,107.98,107.98,400,2021-05-13 16:16:00,ZG
107.993,107.993,107.86,107.86,1552,2021-05-13 16:17:00,ZG
107.765,107.765,107.765,107.765,199,2021-05-13 16:18:00,ZG
107.93,107.93,107.72,107.72,200,2021-05-13 16:20:00,ZG
107.87,107.88,107.6282,107.6282,350,2021-05-13 16:22:00,ZG
107.4,107.42,107.285,107.285,300,2021-05-13 16:24:00,ZG
107.475,108.015,107.475,108.0,2310,2021-05-13 16:26:00,ZG
107.91,107.955,107.8,107.88,700,2021-05-13 16:27:00,ZG
107.68,107.82,107.68,107.82,200,2021-05-13 16:29:00,ZG
107.92,107.92,107.92,107.92,100,2021-05-13 16:30:00,ZG
108.25,108.25,108.06,108.06,490,2021-05-13 16:31:00,ZG
108.06,108.06,108.06,108.06,100,2021-05-13 16:32:00,ZG
108.38,108.38,108.38,108.38,100,2021-05-13 16:34:00,ZG
108.28,108.28,108.28,108.28,100,2021-05-13 16:35:00,ZG
107.9,107.9,107.895,107.895,200,2021-05-13 16:36:00,ZG
107.765,107.765,107.765,107.765,250,2021-05-13 16:37:00,ZG
107.8,107.83,107.68,107.83,400,2021-05-13 16:38:00,ZG
107.52,107.52,107.52,107.52,100,2021-05-13 16:39:00,ZG
107.46,107.46,107.46,107.46,100,2021-05-13 16:40:00,ZG
107.35,107.35,107.35,107.35,150,2021-05-13 16:41:00,ZG
107.435,107.44,107.435,107.44,200,2021-05-13 16:43:00,ZG
107.55,107.55,107.55,107.55,245,2021-05-13 16:44:00,ZG
107.34,107.34,107.34,107.34,100,2021-05-13 16:45:00,ZG
107.505,107.505,107.505,107.505,100,2021-05-13 16:46:00,ZG
107.4,107.4,107.4,107.4,100,2021-05-13 16:49:00,ZG
107.26,107.26,107.26,107.26,100,2021-05-13 16:50:00,ZG
107.32,107.32,107.01,107.01,500,2021-05-13 16:51:00,ZG
107.08,107.11,107.08,107.11,200,2021-05-13 16:52:00,ZG
107.0,107.0,107.0,107.0,100,2021-05-13 16:53:00,ZG
106.804,106.804,106.59,106.59,500,2021-05-13 16:55:00,ZG
106.46,106.62,106.46,106.62,943,2021-05-13 16:57:00,ZG
106.58,106.64,106.49,106.64,600,2021-05-13 16:58:00,ZG
106.63,106.63,106.63,106.63,100,2021-05-13 16:59:00,ZG
106.82,107.01,106.66,107.01,400,2021-05-13 17:02:00,ZG
106.89,106.91,106.59,106.73,1050,2021-05-13 17:03:00,ZG
106.715,106.715,106.715,106.715,100,2021-05-13 17:04:00,ZG
106.715,106.8992,106.6528,106.6528,586,2021-05-13 17:05:00,ZG
106.67,106.67,106.645,106.645,200,2021-05-13 17:06:00,ZG
106.865,106.865,106.865,106.865,100,2021-05-13 17:07:00,ZG
106.86,106.86,106.86,106.86,2429,2021-05-13 17:08:00,ZG
106.98,107.1,106.98,107.1,200,2021-05-13 17:09:00,ZG
106.855,106.86,106.855,106.86,300,2021-05-13 17:10:00,ZG
106.71,106.71,106.59,106.59,200,2021-05-13 17:11:00,ZG
106.83,107.2,106.78,106.89,1490,2021-05-13 17:12:00,ZG
106.8,107.07,106.8,107.07,200,2021-05-13 17:14:00,ZG
107.01,107.01,106.83,106.83,300,2021-05-13 17:15:00,ZG
106.9,106.9,106.81,106.81,600,2021-05-13 17:16:00,ZG
106.965,106.965,106.71,106.71,200,2021-05-13 17:17:00,ZG
106.815,106.815,106.6,106.6,300,2021-05-13 17:18:00,ZG
106.46,106.5,106.41,106.475,445,2021-05-13 17:19:00,ZG
106.35,106.35,106.35,106.35,100,2021-05-13 17:20:00,ZG
106.09,106.09,105.58,105.72,3832,2021-05-13 17:24:00,ZG
105.9925,105.9925,105.84,105.87,500,2021-05-13 17:25:00,ZG
106.14,106.14,106.08,106.08,300,2021-05-13 17:26:00,ZG
106.06,106.06,106.02,106.02,1624,2021-05-13 17:27:00,ZG
106.2825,106.2825,106.2825,106.2825,100,2021-05-13 17:28:00,ZG
106.1,106.1,106.1,106.1,100,2021-05-13 17:29:00,ZG
106.05,106.05,106.05,106.05,100,2021-05-13 17:30:00,ZG
106.17,106.17,106.17,106.17,100,2021-05-13 17:31:00,ZG
105.89,105.97,105.65,105.72,700,2021-05-13 17:32:00,ZG
105.755,105.755,105.59,105.65,500,2021-05-13 17:34:00,ZG
105.73,105.9599,105.69,105.69,5354,2021-05-13 17:35:00,ZG
105.81,105.81,105.5,105.5,600,2021-05-13 17:36:00,ZG
105.52,105.52,105.32,105.3683,1700,2021-05-13 17:38:00,ZG
105.565,106.0,105.565,105.86,1700,2021-05-13 17:39:00,ZG
106.0,106.05,105.96,106.05,802,2021-05-13 17:40:00,ZG
105.94,105.94,105.5144,105.5144,700,2021-05-13 17:41:00,ZG
105.46,105.72,105.46,105.64,725,2021-05-13 17:42:00,ZG
105.63,105.7025,105.63,105.7025,300,2021-05-13 17:43:00,ZG
105.66,105.7,105.66,105.7,300,2021-05-13 17:44:00,ZG
105.8625,105.8625,105.54,105.54,200,2021-05-13 17:45:00,ZG
105.2475,105.2475,105.24,105.24,822,2021-05-13 17:46:00,ZG
105.285,105.35,105.12,105.31,470,2021-05-13 17:47:00,ZG
105.2501,105.348,105.16,105.348,1200,2021-05-13 17:48:00,ZG
105.29,105.29,105.12,105.12,925,2021-05-13 17:49:00,ZG
105.34,105.43,105.28,105.43,500,2021-05-13 17:50:00,ZG
105.45,105.45,105.45,105.45,100,2021-05-13 17:51:00,ZG
105.598,105.96,105.598,105.86,600,2021-05-13 17:52:00,ZG
105.86,105.86,105.86,105.86,300,2021-05-13 17:53:00,ZG
106.16,106.16,106.1037,106.1134,455,2021-05-13 17:54:00,ZG
106.41,106.41,106.41,106.41,100,2021-05-13 17:55:00,ZG
106.14,106.14,106.14,106.14,100,2021-05-13 17:56:00,ZG
106.24,106.24,106.09,106.09,200,2021-05-13 17:58:00,ZG
106.03,106.03,106.0,106.0,293,2021-05-13 17:59:00,ZG
106.17,106.5,106.17,106.5,1528,2021-05-13 18:00:00,ZG
106.43,106.85,106.43,106.72,2950,2021-05-13 18:02:00,ZG
106.79,106.83,106.6875,106.83,600,2021-05-13 18:03:00,ZG
106.78,106.8316,106.63,106.8316,1100,2021-05-13 18:04:00,ZG
106.8099,106.8099,106.61,106.61,804,2021-05-13 18:05:00,ZG
106.6,107.39,106.59,107.35,1600,2021-05-13 18:06:00,ZG
107.39,107.54,107.16,107.34,3800,2021-05-13 18:07:00,ZG
107.57,107.57,107.48,107.48,200,2021-05-13 18:08:00,ZG
107.48,107.48,107.42,107.4725,500,2021-05-13 18:09:00,ZG
107.33,107.47,107.33,107.47,200,2021-05-13 18:10:00,ZG
107.48,107.48,107.48,107.48,100,2021-05-13 18:11:00,ZG
107.42,107.48,107.08,107.22,1500,2021-05-13 18:12:00,ZG
107.4,107.56,107.4,107.56,600,2021-05-13 18:13:00,ZG
107.54,107.56,107.45,107.45,632,2021-05-13 18:14:00,ZG
107.29,107.29,107.12,107.12,1300,2021-05-13 18:15:00,ZG
107.07,107.17,107.07,107.17,500,2021-05-13 18:16:00,ZG
107.31,107.31,107.01,107.01,300,2021-05-13 18:17:00,ZG
107.03,107.03,107.03,107.03,100,2021-05-13 18:18:00,ZG
106.93,106.93,106.75,106.75,200,2021-05-13 18:19:00,ZG
106.94,107.4,106.94,107.4,400,2021-05-13 18:20:00,ZG
107.34,107.34,107.13,107.2,736,2021-05-13 18:21:00,ZG
107.11,107.11,106.8,106.8,900,2021-05-13 18:22:00,ZG
106.88,106.88,106.83,106.83,440,2021-05-13 18:24:00,ZG
106.69,106.86,106.66,106.66,900,2021-05-13 18:25:00,ZG
106.7927,106.85,106.75,106.85,904,2021-05-13 18:26:00,ZG
106.73,106.85,106.73,106.79,300,2021-05-13 18:27:00,ZG
106.77,106.93,106.75,106.75,600,2021-05-13 18:28:00,ZG
106.85,106.85,106.72,106.72,400,2021-05-13 18:29:00,ZG
106.84,106.95,106.55,106.95,5000,2021-05-13 18:30:00,ZG
107.0,107.0,106.9,106.9,320,2021-05-13 18:31:00,ZG
106.81,106.81,106.81,106.81,100,2021-05-13 18:32:00,ZG
106.85,106.89,106.65,106.89,660,2021-05-13 18:33:00,ZG
106.91,107.02,106.78,107.02,600,2021-05-13 18:34:00,ZG
107.35,107.35,107.35,107.35,100,2021-05-13 18:35:00,ZG
107.43,107.43,107.43,107.43,200,2021-05-13 18:36:00,ZG
107.7,107.76,107.6071,107.76,400,2021-05-13 18:37:00,ZG
107.8699,107.8699,107.82,107.82,3512,2021-05-13 18:38:00,ZG
107.68,107.71,107.56,107.56,703,2021-05-13 18:40:00,ZG
107.65,107.86,107.63,107.86,500,2021-05-13 18:41:00,ZG
107.89,108.22,107.89,108.16,1365,2021-05-13 18:43:00,ZG
108.2925,108.2925,108.13,108.13,200,2021-05-13 18:44:00,ZG
108.01,108.01,107.78,107.78,400,2021-05-13 18:45:00,ZG
107.77,107.8,107.71,107.71,900,2021-05-13 18:46:00,ZG
107.78,107.78,107.78,107.78,100,2021-05-13 18:47:00,ZG
107.775,107.775,107.61,107.71,400,2021-05-13 18:48:00,ZG
107.6447,107.6447,107.6447,107.6447,100,2021-05-13 18:49:00,ZG
107.86,107.86,107.64,107.71,1100,2021-05-13 18:50:00,ZG
107.7,107.8,107.58,107.58,900,2021-05-13 18:52:00,ZG
107.66,107.72,107.63,107.7,1700,2021-05-13 18:53:00,ZG
107.75,107.75,107.67,107.67,1200,2021-05-13 18:54:00,ZG
107.58,107.61,107.5,107.54,800,2021-05-13 18:55:00,ZG
107.58,107.6,107.41,107.41,800,2021-05-13 18:56:00,ZG
107.48,107.48,107.48,107.48,100,2021-05-13 18:57:00,ZG
107.5,107.55,107.31,107.31,2005,2021-05-13 18:58:00,ZG
107.28,107.35,107.26,107.305,400,2021-05-13 18:59:00,ZG
107.45,107.61,107.32,107.565,900,2021-05-13 19:00:00,ZG
107.63,108.06,107.63,107.98,2051,2021-05-13 19:01:00,ZG
108.03,108.2,108.01,108.19,1100,2021-05-13 19:02:00,ZG
107.97,108.15,107.84,108.15,500,2021-05-13 19:03:00,ZG
108.0,108.025,107.99,108.025,400,2021-05-13 19:04:00,ZG
108.15,108.15,108.15,108.15,100,2021-05-13 19:05:00,ZG
108.15,108.15,108.02,108.02,341,2021-05-13 19:06:00,ZG
108.28,108.28,108.14,108.14,536,2021-05-13 19:07:00,ZG
108.15,108.158,108.0,108.158,816,2021-05-13 19:08:00,ZG
108.2,108.2,108.07,108.09,1158,2021-05-13 19:09:00,ZG
108.08,108.12,107.96,108.065,1150,2021-05-13 19:10:00,ZG
108.12,108.14,107.92,107.96,532,2021-05-13 19:11:00,ZG
107.855,107.855,107.74,107.74,200,2021-05-13 19:13:00,ZG
107.92,107.92,107.92,107.92,100,2021-05-13 19:15:00,ZG
108.025,108.025,108.02,108.02,800,2021-05-13 19:17:00,ZG
107.97,107.98,107.76,107.76,660,2021-05-13 19:18:00,ZG
107.86,107.89,107.86,107.89,200,2021-05-13 19:19:00,ZG
107.98,108.12,107.98,108.0,1225,2021-05-13 19:20:00,ZG
107.98,108.08,107.91,108.08,400,2021-05-13 19:21:00,ZG
107.8,107.84,107.67,107.68,600,2021-05-13 19:22:00,ZG
107.98,107.98,107.95,107.95,200,2021-05-13 19:24:00,ZG
107.98,107.98,107.98,107.98,100,2021-05-13 19:25:00,ZG
108.03,108.31,108.03,108.28,600,2021-05-13 19:26:00,ZG
108.35,108.35,108.35,108.35,100,2021-05-13 19:27:00,ZG
108.11,108.16,108.03,108.155,500,2021-05-13 19:28:00,ZG
108.25,108.26,108.25,108.26,300,2021-05-13 19:29:00,ZG
108.36,108.65,108.35,108.65,600,2021-05-13 19:30:00,ZG
108.7,108.7,108.6,108.6,300,2021-05-13 19:31:00,ZG
108.5832,108.65,108.56,108.65,452,2021-05-13 19:32:00,ZG
108.63,108.65,108.57,108.65,900,2021-05-13 19:33:00,ZG
108.52,108.61,108.515,108.61,600,2021-05-13 19:34:00,ZG
108.63,108.8,108.63,108.8,927,2021-05-13 19:35:00,ZG
108.73,108.73,108.49,108.605,500,2021-05-13 19:36:00,ZG
108.61,108.61,108.49,108.49,300,2021-05-13 19:37:00,ZG
108.52,108.52,108.52,108.52,151,2021-05-13 19:38:00,ZG
108.576,108.6,108.49,108.59,1384,2021-05-13 19:39:00,ZG
108.45,108.52,108.44,108.52,400,2021-05-13 19:40:00,ZG
108.595,108.595,108.595,108.595,100,2021-05-13 19:41:00,ZG
108.7,108.7,108.7,108.7,100,2021-05-13 19:42:00,ZG
108.75,108.96,108.6,108.69,1444,2021-05-13 19:43:00,ZG
108.76,108.82,108.76,108.775,400,2021-05-13 19:44:00,ZG
108.74,108.84,108.6,108.6,1800,2021-05-13 19:45:00,ZG
108.69,108.69,108.69,108.69,100,2021-05-13 19:46:00,ZG
108.6,108.68,108.5132,108.68,944,2021-05-13 19:47:00,ZG
108.6,108.76,108.6,108.72,1486,2021-05-13 19:48:00,ZG
108.61,108.67,108.6,108.61,719,2021-05-13 19:49:00,ZG
108.39,108.66,108.39,108.52,2000,2021-05-13 19:50:00,ZG
108.52,108.61,108.45,108.61,1100,2021-05-13 19:51:00,ZG
108.5,108.6,108.39,108.6,3192,2021-05-13 19:52:00,ZG
108.54,108.6408,108.38,108.47,1543,2021-05-13 19:53:00,ZG
108.49,108.54,108.23,108.29,3318,2021-05-13 19:54:00,ZG
108.4399,108.4399,108.24,108.28,664,2021-05-13 19:55:00,ZG
108.12,108.28,108.12,108.24,2455,2021-05-13 19:56:00,ZG
108.24,108.49,108.17,108.49,3702,2021-05-13 19:57:00,ZG
108.41,108.41,108.22,108.35,2725,2021-05-13 19:58:00,ZG
108.34,108.36,108.26,108.26,5425,2021-05-13 19:59:00,ZG
108.24,108.24,108.24,108.24,23664,2021-05-13 20:00:00,ZG
108.24,108.24,108.24,108.24,383,2021-05-13 20:02:00,ZG
108.11,108.11,108.11,108.11,102,2021-05-13 23:03:00,ZG
109.0,109.0,109.0,109.0,100,2021-05-13 23:54:00,ZG
110.0,110.0,110.0,110.0,2486,2021-05-14 11:10:00,ZG
110.03,110.03,110.0,110.0,200,2021-05-14 12:36:00,ZG
109.71,109.71,109.71,109.71,100,2021-05-14 13:12:00,ZG
110.13,110.13,110.11,110.11,300,2021-05-14 13:19:00,ZG
110.13,110.13,110.13,110.13,100,2021-05-14 13:28:00,ZG
109.22,110.8,109.1,110.8,13281,2021-05-14 13:30:00,ZG
110.77,110.84,110.37,110.8,3300,2021-05-14 13:31:00,ZG
110.62,110.8751,110.36,110.52,1750,2021-05-14 13:32:00,ZG
110.44,110.83,110.44,110.66,1100,2021-05-14 13:33:00,ZG
110.83,110.83,110.83,110.83,200,2021-05-14 13:34:00,ZG
111.3,111.3,111.3,111.3,100,2021-05-14 13:35:00,ZG
111.4953,111.5,110.84,110.84,1116,2021-05-14 13:36:00,ZG
111.19,111.19,110.52,110.97,693,2021-05-14 13:37:00,ZG
110.8,111.02,110.5,110.5,2134,2021-05-14 13:38:00,ZG
110.55,110.755,110.38,110.38,1707,2021-05-14 13:39:00,ZG
110.04,110.51,110.04,110.2711,1250,2021-05-14 13:40:00,ZG
110.49,110.49,109.78,109.91,700,2021-05-14 13:41:00,ZG
109.84,110.05,109.76,109.86,1400,2021-05-14 13:42:00,ZG
110.21,110.21,110.21,110.21,100,2021-05-14 13:43:00,ZG
110.01,110.19,109.98,110.1625,950,2021-05-14 13:44:00,ZG
109.93,110.8049,109.93,110.8049,400,2021-05-14 13:45:00,ZG
110.55,110.55,110.01,110.2,977,2021-05-14 13:46:00,ZG
110.27,110.68,110.25,110.68,400,2021-05-14 13:47:00,ZG
110.52,110.52,110.43,110.43,820,2021-05-14 13:48:00,ZG
110.375,110.375,110.16,110.24,700,2021-05-14 13:49:00,ZG
109.8,110.24,109.8,110.09,2200,2021-05-14 13:50:00,ZG
109.88,110.8808,109.88,110.4601,949,2021-05-14 13:51:00,ZG
110.47,110.905,110.47,110.905,1200,2021-05-14 13:52:00,ZG
111.03,111.2,110.98,111.2,1550,2021-05-14 13:53:00,ZG
111.4,111.4,111.1,111.18,500,2021-05-14 13:54:00,ZG
111.58,111.58,111.5,111.56,300,2021-05-14 13:56:00,ZG
111.5,112.06,111.38,112.06,1706,2021-05-14 13:57:00,ZG
112.28,112.28,112.28,112.28,100,2021-05-14 13:58:00,ZG
112.41,112.5,111.97,112.34,900,2021-05-14 13:59:00,ZG
112.25,112.52,112.0731,112.52,11886,2021-05-14 14:00:00,ZG
112.43,112.63,112.36,112.36,2400,2021-05-14 14:01:00,ZG
112.5,113.28,112.45,113.22,1600,2021-05-14 14:02:00,ZG
112.935,112.935,112.73,112.73,300,2021-05-14 14:03:00,ZG
112.87,112.93,112.68,112.93,908,2021-05-14 14:04:00,ZG
113.08,113.14,112.71,112.73,2497,2021-05-14 14:05:00,ZG
112.78,112.95,112.67,112.8,1550,2021-05-14 14:06:00,ZG
112.85,113.04,112.71,112.99,1865,2021-05-14 14:07:00,ZG
112.98,112.98,112.82,112.91,1100,2021-05-14 14:08:00,ZG
113.01,113.71,113.01,113.52,4973,2021-05-14 14:09:00,ZG
113.3101,113.4547,113.0961,113.0961,800,2021-05-14 14:10:00,ZG
113.09,113.66,113.0574,113.66,400,2021-05-14 14:11:00,ZG
113.21,113.53,113.21,113.4,1100,2021-05-14 14:12:00,ZG
113.51,113.59,113.35,113.59,1205,2021-05-14 14:13:00,ZG
113.35,113.5,113.35,113.435,900,2021-05-14 14:14:00,ZG
113.3,113.3,113.0,113.0,1721,2021-05-14 14:15:00,ZG
113.34,113.5,113.34,113.5,400,2021-05-14 14:16:00,ZG
113.31,113.31,113.0915,113.22,300,2021-05-14 14:17:00,ZG
113.14,113.14,112.95,112.95,450,2021-05-14 14:18:00,ZG
112.86,112.96,112.86,112.96,200,2021-05-14 14:20:00,ZG
113.02,113.02,113.01,113.01,200,2021-05-14 14:21:00,ZG
112.87,113.04,112.71,112.96,508,2021-05-14 14:22:00,ZG
112.95,113.0296,112.82,113.0296,800,2021-05-14 14:23:00,ZG
112.97,113.41,112.97,113.41,1831,2021-05-14 14:25:00,ZG
113.59,113.705,113.52,113.53,1300,2021-05-14 14:26:00,ZG
113.74,113.74,113.516,113.516,600,2021-05-14 14:27:00,ZG
113.71,113.92,113.7,113.8,1621,2021-05-14 14:28:00,ZG
113.88,113.985,113.73,113.73,1306,2021-05-14 14:29:00,ZG
113.88,113.88,113.7,113.7,300,2021-05-14 14:30:00,ZG
113.81,113.81,113.81,113.81,300,2021-05-14 14:31:00,ZG
113.63,113.63,113.63,113.63,500,2021-05-14 14:32:00,ZG
113.8478,113.8478,113.62,113.62,1081,2021-05-14 14:33:00,ZG
113.58,113.63,113.41,113.57,1700,2021-05-14 14:34:00,ZG
113.67,113.74,113.632,113.632,1500,2021-05-14 14:35:00,ZG
113.43,113.43,113.35,113.35,200,2021-05-14 14:36:00,ZG
113.46,113.76,113.46,113.71,927,2021-05-14 14:37:00,ZG
113.6003,113.65,113.6003,113.62,617,2021-05-14 14:38:00,ZG
113.75,113.75,113.75,113.75,1000,2021-05-14 14:39:00,ZG
113.99,114.0,113.99,114.0,989,2021-05-14 14:40:00,ZG
113.65,113.98,113.65,113.98,600,2021-05-14 14:41:00,ZG
113.83,113.97,113.83,113.97,300,2021-05-14 14:42:00,ZG
113.84,113.85,113.72,113.72,700,2021-05-14 14:43:00,ZG
113.6445,113.6445,113.4,113.4,300,2021-05-14 14:44:00,ZG
113.49,113.74,113.49,113.74,300,2021-05-14 14:45:00,ZG
113.76,113.8795,113.75,113.8795,900,2021-05-14 14:47:00,ZG
113.62,113.7399,113.52,113.7399,400,2021-05-14 14:49:00,ZG
113.92,114.08,113.92,114.08,1800,2021-05-14 14:51:00,ZG
113.8,113.86,113.78,113.86,300,2021-05-14 14:52:00,ZG
113.82,114.0,113.82,114.0,400,2021-05-14 14:53:00,ZG
113.79,113.79,113.7723,113.7723,450,2021-05-14 14:54:00,ZG
113.36,113.36,113.24,113.24,400,2021-05-14 14:56:00,ZG
113.39,113.39,113.39,113.39,400,2021-05-14 14:57:00,ZG
113.39,113.58,113.39,113.58,500,2021-05-14 14:58:00,ZG
113.59,113.73,113.57,113.73,500,2021-05-14 14:59:00,ZG
113.8796,113.8796,113.8796,113.8796,750,2021-05-14 15:00:00,ZG
113.48,113.48,113.05,113.09,1200,2021-05-14 15:01:00,ZG
113.2,113.21,113.2,113.21,200,2021-05-14 15:02:00,ZG
113.29,113.3,113.18,113.22,5918,2021-05-14 15:03:00,ZG
113.25,113.45,113.25,113.45,700,2021-05-14 15:04:00,ZG
113.45,113.55,113.35,113.37,800,2021-05-14 15:05:00,ZG
113.105,113.105,113.105,113.105,100,2021-05-14 15:06:00,ZG
113.33,113.53,113.33,113.4501,1572,2021-05-14 15:07:00,ZG
113.23,113.23,113.11,113.11,200,2021-05-14 15:08:00,ZG
113.2,113.26,113.0,113.26,1100,2021-05-14 15:10:00,ZG
113.44,113.62,113.44,113.62,400,2021-05-14 15:11:00,ZG
113.54,113.67,113.54,113.57,1500,2021-05-14 15:12:00,ZG
113.58,113.61,113.46,113.46,500,2021-05-14 15:13:00,ZG
113.62,113.645,113.52,113.52,5908,2021-05-14 15:14:00,ZG
113.51,113.51,113.48,113.48,300,2021-05-14 15:15:00,ZG
113.48,113.72,113.43,113.72,6532,2021-05-14 15:16:00,ZG
113.58,113.58,113.58,113.58,100,2021-05-14 15:17:00,ZG
113.39,113.57,113.29,113.51,678,2021-05-14 15:18:00,ZG
113.635,113.635,113.52,113.52,290,2021-05-14 15:20:00,ZG
113.5,113.5,113.38,113.38,686,2021-05-14 15:21:00,ZG
113.38,113.392,113.17,113.17,1436,2021-05-14 15:22:00,ZG
113.18,113.19,112.83,112.83,3412,2021-05-14 15:23:00,ZG
113.05,113.23,113.05,113.17,713,2021-05-14 15:24:00,ZG
113.2,113.2,113.2,113.2,100,2021-05-14 15:25:00,ZG
113.23,113.23,112.94,113.035,1074,2021-05-14 15:26:00,ZG
113.1033,113.1033,112.88,112.88,400,2021-05-14 15:27:00,ZG
112.81,112.81,112.54,112.77,700,2021-05-14 15:28:00,ZG
112.55,112.6,112.47,112.47,500,2021-05-14 15:29:00,ZG
112.57,112.71,112.57,112.71,522,2021-05-14 15:30:00,ZG
112.56,112.76,112.56,112.76,400,2021-05-14 15:31:00,ZG
112.53,112.53,112.53,112.53,158,2021-05-14 15:32:00,ZG
112.52,112.52,112.33,112.33,500,2021-05-14 15:33:00,ZG
112.345,112.46,112.345,112.46,300,2021-05-14 15:34:00,ZG
112.391,112.5799,112.391,112.44,2218,2021-05-14 15:35:00,ZG
112.715,112.715,112.715,112.715,150,2021-05-14 15:36:00,ZG
112.14,112.17,112.14,112.17,488,2021-05-14 15:37:00,ZG
112.191,112.25,112.17,112.25,1020,2021-05-14 15:38:00,ZG
112.285,112.44,112.22,112.44,300,2021-05-14 15:39:00,ZG
112.39,112.39,112.355,112.355,278,2021-05-14 15:40:00,ZG
112.3,112.3,112.26,112.26,500,2021-05-14 15:41:00,ZG
111.87,111.87,111.86,111.86,200,2021-05-14 15:42:00,ZG
112.0,112.02,111.72,112.0,904,2021-05-14 15:43:00,ZG
111.97,112.12,111.97,112.12,400,2021-05-14 15:45:00,ZG
112.33,112.33,112.33,112.33,100,2021-05-14 15:47:00,ZG
112.11,112.21,112.11,112.21,400,2021-05-14 15:48:00,ZG
112.23,112.23,112.23,112.23,100,2021-05-14 15:49:00,ZG
112.235,112.44,112.235,112.26,500,2021-05-14 15:50:00,ZG
112.4,112.5,112.4,112.5,1400,2021-05-14 15:51:00,ZG
112.32,112.32,112.32,112.32,100,2021-05-14 15:52:00,ZG
112.47,112.54,112.34,112.5,709,2021-05-14 15:53:00,ZG
112.66,112.66,112.66,112.66,100,2021-05-14 15:55:00,ZG
112.49,112.49,112.49,112.49,400,2021-05-14 15:56:00,ZG
112.42,112.42,112.42,112.42,100,2021-05-14 15:57:00,ZG
112.49,112.49,112.49,112.49,185,2021-05-14 15:58:00,ZG
112.4,112.4,112.32,112.32,200,2021-05-14 16:02:00,ZG
112.415,112.53,112.415,112.53,600,2021-05-14 16:03:00,ZG
112.61,112.61,112.61,112.61,300,2021-05-14 16:04:00,ZG
112.68,112.9999,112.585,112.84,2500,2021-05-14 16:05:00,ZG
112.97,112.99,112.85,112.88,1300,2021-05-14 16:06:00,ZG
112.94,113.0,112.855,112.92,1490,2021-05-14 16:07:00,ZG
112.53,112.81,112.53,112.81,400,2021-05-14 16:10:00,ZG
112.87,112.89,112.87,112.89,400,2021-05-14 16:11:00,ZG
112.89,112.9,112.73,112.89,600,2021-05-14 16:12:00,ZG
112.66,112.66,112.66,112.66,100,2021-05-14 16:13:00,ZG
112.63,112.63,112.63,112.63,175,2021-05-14 16:14:00,ZG
112.38,112.38,112.38,112.38,100,2021-05-14 16:16:00,ZG
112.51,112.51,112.51,112.51,200,2021-05-14 16:17:00,ZG
112.4118,112.4118,112.39,112.39,325,2021-05-14 16:18:00,ZG
112.33,112.37,112.33,112.37,300,2021-05-14 16:19:00,ZG
112.41,112.42,112.41,112.42,300,2021-05-14 16:20:00,ZG
112.46,112.46,112.46,112.46,100,2021-05-14 16:21:00,ZG
112.32,112.32,112.19,112.19,320,2021-05-14 16:22:00,ZG
112.0,112.17,112.0,112.1,3015,2021-05-14 16:26:00,ZG
112.085,112.085,112.085,112.085,200,2021-05-14 16:27:00,ZG
112.0008,112.0008,112.0008,112.0008,100,2021-05-14 16:28:00,ZG
112.0,112.05,111.91,112.04,1448,2021-05-14 16:30:00,ZG
111.86,111.86,111.86,111.86,100,2021-05-14 16:33:00,ZG
112.05,112.05,112.05,112.05,250,2021-05-14 16:34:00,ZG
111.63,111.63,111.63,111.63,100,2021-05-14 16:37:00,ZG
111.5,111.69,111.5,111.69,1868,2021-05-14 16:39:00,ZG
111.88,111.88,111.66,111.66,300,2021-05-14 16:40:00,ZG
111.57,111.57,111.52,111.52,200,2021-05-14 16:42:00,ZG
111.47,111.55,111.44,111.514,3402,2021-05-14 16:43:00,ZG
111.58,111.62,111.55,111.62,500,2021-05-14 16:44:00,ZG
111.6,111.6,111.6,111.6,100,2021-05-14 16:45:00,ZG
111.6039,111.8224,111.6039,111.8224,765,2021-05-14 16:46:00,ZG
111.99,111.99,111.74,111.865,6129,2021-05-14 16:47:00,ZG
111.83,111.8325,111.795,111.795,600,2021-05-14 16:48:00,ZG
111.88,111.885,111.88,111.88,500,2021-05-14 16:50:00,ZG
111.835,111.835,111.83,111.83,1000,2021-05-14 16:52:00,ZG
111.825,111.95,111.74,111.92,2200,2021-05-14 16:54:00,ZG
112.06,112.08,111.97,111.97,700,2021-05-14 16:56:00,ZG
111.93,112.02,111.93,112.02,200,2021-05-14 16:57:00,ZG
112.06,112.14,112.06,112.13,400,2021-05-14 16:58:00,ZG
112.0,112.05,112.0,112.05,200,2021-05-14 16:59:00,ZG
112.0,112.0,111.89,111.89,1500,2021-05-14 17:00:00,ZG
111.95,111.95,111.95,111.95,500,2021-05-14 17:01:00,ZG
111.82,111.8775,111.64,111.74,500,2021-05-14 17:02:00,ZG
111.66,111.66,111.66,111.66,110,2021-05-14 17:03:00,ZG
111.61,111.61,111.61,111.61,100,2021-05-14 17:04:00,ZG
111.615,111.69,111.615,111.69,200,2021-05-14 17:06:00,ZG
111.6,111.6,111.6,111.6,100,2021-05-14 17:08:00,ZG
111.73,111.73,111.73,111.73,100,2021-05-14 17:09:00,ZG
111.725,111.85,111.725,111.85,300,2021-05-14 17:12:00,ZG
111.72,111.72,111.72,111.72,100,2021-05-14 17:15:00,ZG
111.655,111.79,111.655,111.685,400,2021-05-14 17:16:00,ZG
111.79,111.79,111.79,111.79,200,2021-05-14 17:17:00,ZG
111.8982,111.92,111.8982,111.92,1200,2021-05-14 17:18:00,ZG
112.01,112.04,112.01,112.04,200,2021-05-14 17:19:00,ZG
111.9083,112.05,111.9083,112.0297,423,2021-05-14 17:21:00,ZG
112.0301,112.0301,112.0301,112.0301,100,2021-05-14 17:22:00,ZG
112.12,112.12,112.12,112.12,100,2021-05-14 17:23:00,ZG
112.12,112.12,112.01,112.01,700,2021-05-14 17:24:00,ZG
112.08,112.08,112.08,112.08,100,2021-05-14 17:25:00,ZG
112.16,112.16,112.16,112.16,100,2021-05-14 17:26:00,ZG
112.16,112.16,112.16,112.16,100,2021-05-14 17:27:00,ZG
112.2,112.2,112.2,112.2,100,2021-05-14 17:28:00,ZG
112.215,112.29,112.215,112.29,1779,2021-05-14 17:29:00,ZG
112.29,112.41,112.29,112.41,700,2021-05-14 17:30:00,ZG
112.48,112.48,112.2625,112.335,600,2021-05-14 17:31:00,ZG
112.32,112.32,112.09,112.09,2800,2021-05-14 17:32:00,ZG
111.91,111.92,111.91,111.92,200,2021-05-14 17:34:00,ZG
111.85,111.85,111.75,111.75,236,2021-05-14 17:35:00,ZG
111.835,111.95,111.835,111.95,428,2021-05-14 17:38:00,ZG
111.84,111.84,111.815,111.815,1200,2021-05-14 17:39:00,ZG
111.795,111.92,111.795,111.92,1500,2021-05-14 17:40:00,ZG
111.76,111.76,111.76,111.76,100,2021-05-14 17:41:00,ZG
111.76,111.76,111.755,111.755,300,2021-05-14 17:42:00,ZG
111.63,111.63,111.49,111.49,500,2021-05-14 17:43:00,ZG
111.51,111.5286,111.51,111.5286,2012,2021-05-14 17:44:00,ZG
111.5,111.5,111.5,111.5,100,2021-05-14 17:45:00,ZG
111.565,111.565,111.51,111.525,700,2021-05-14 17:49:00,ZG
111.6,111.64,111.6,111.64,300,2021-05-14 17:50:00,ZG
111.49,111.49,111.49,111.49,400,2021-05-14 17:51:00,ZG
111.55,111.63,111.55,111.63,800,2021-05-14 17:52:00,ZG
111.7,111.72,111.7,111.72,200,2021-05-14 17:53:00,ZG
111.56,111.58,111.535,111.57,1600,2021-05-14 17:54:00,ZG
111.65,111.71,111.65,111.7,500,2021-05-14 17:55:00,ZG
111.7,111.7,111.7,111.7,100,2021-05-14 17:56:00,ZG
111.625,111.625,111.625,111.625,400,2021-05-14 17:57:00,ZG
111.615,111.63,111.575,111.605,2415,2021-05-14 17:58:00,ZG
111.57,111.575,111.57,111.57,300,2021-05-14 17:59:00,ZG
111.55,111.585,111.49,111.56,1100,2021-05-14 18:00:00,ZG
111.7,111.72,111.7,111.72,600,2021-05-14 18:01:00,ZG
111.76,111.83,111.76,111.83,530,2021-05-14 18:03:00,ZG
111.83,111.98,111.83,111.98,600,2021-05-14 18:04:00,ZG
111.86,111.86,111.86,111.86,200,2021-05-14 18:05:00,ZG
112.13,112.13,111.945,111.945,335,2021-05-14 18:06:00,ZG
111.99,111.99,111.99,111.99,200,2021-05-14 18:08:00,ZG
111.895,111.99,111.88,111.99,1200,2021-05-14 18:10:00,ZG
112.03,112.09,112.03,112.06,602,2021-05-14 18:11:00,ZG
112.22,112.22,112.22,112.22,100,2021-05-14 18:12:00,ZG
112.38,112.38,112.38,112.38,200,2021-05-14 18:14:00,ZG
112.5232,112.5232,112.435,112.435,700,2021-05-14 18:15:00,ZG
112.45,112.45,112.39,112.39,405,2021-05-14 18:17:00,ZG
112.43,112.43,112.43,112.43,225,2021-05-14 18:18:00,ZG
112.49,112.49,112.4,112.4,350,2021-05-14 18:19:00,ZG
112.4,112.55,112.4,112.505,647,2021-05-14 18:21:00,ZG
112.56,112.74,112.56,112.74,1400,2021-05-14 18:23:00,ZG
112.73,112.73,112.73,112.73,100,2021-05-14 18:24:00,ZG
112.85,112.85,112.85,112.85,400,2021-05-14 18:26:00,ZG
113.0,113.0,112.98,112.98,300,2021-05-14 18:27:00,ZG
112.84,112.84,112.775,112.775,200,2021-05-14 18:28:00,ZG
112.86,112.86,112.86,112.86,100,2021-05-14 18:29:00,ZG
112.87,112.9,112.87,112.9,298,2021-05-14 18:30:00,ZG
113.0,113.0,113.0,113.0,200,2021-05-14 18:31:00,ZG
112.835,112.835,112.835,112.835,100,2021-05-14 18:33:00,ZG
112.781,113.0,112.781,112.9101,2500,2021-05-14 18:34:00,ZG
112.9,112.9,112.9,112.9,100,2021-05-14 18:36:00,ZG
112.81,112.97,112.81,112.97,698,2021-05-14 18:37:00,ZG
112.93,113.01,112.93,113.01,400,2021-05-14 18:38:00,ZG
113.2,113.24,113.19,113.19,905,2021-05-14 18:43:00,ZG
113.24,113.24,113.21,113.21,300,2021-05-14 18:44:00,ZG
113.3,113.38,113.3,113.38,200,2021-05-14 18:45:00,ZG
113.39,113.39,113.39,113.39,200,2021-05-14 18:46:00,ZG
113.37,113.37,113.305,113.305,200,2021-05-14 18:47:00,ZG
113.28,113.34,113.27,113.28,2656,2021-05-14 18:48:00,ZG
113.28,113.39,113.275,113.39,1020,2021-05-14 18:49:00,ZG
113.4,113.69,113.4,113.69,1200,2021-05-14 18:50:00,ZG
113.62,113.63,113.62,113.63,200,2021-05-14 18:51:00,ZG
113.65,113.68,113.65,113.68,200,2021-05-14 18:53:00,ZG
113.69,113.69,113.64,113.64,300,2021-05-14 18:54:00,ZG
113.59,113.59,113.56,113.59,472,2021-05-14 18:55:00,ZG
113.54,113.69,113.54,113.69,900,2021-05-14 18:56:00,ZG
113.59,113.59,113.53,113.53,400,2021-05-14 18:57:00,ZG
113.5966,113.5966,113.54,113.54,400,2021-05-14 18:58:00,ZG
113.53,113.56,113.45,113.45,300,2021-05-14 18:59:00,ZG
113.41,113.41,113.41,113.41,180,2021-05-14 19:00:00,ZG
113.45,113.45,113.18,113.18,300,2021-05-14 19:01:00,ZG
113.18,113.29,113.13,113.13,558,2021-05-14 19:02:00,ZG
112.92,112.92,112.92,112.92,100,2021-05-14 19:03:00,ZG
112.975,113.1966,112.975,113.065,437,2021-05-14 19:04:00,ZG
113.082,113.1,113.082,113.1,223,2021-05-14 19:05:00,ZG
113.21,113.2999,113.15,113.2999,556,2021-05-14 19:06:00,ZG
113.18,113.18,113.18,113.18,100,2021-05-14 19:07:00,ZG
113.1841,113.1841,113.1841,113.1841,108,2021-05-14 19:08:00,ZG
113.22,113.23,113.062,113.23,400,2021-05-14 19:09:00,ZG
113.2799,113.2799,113.21,113.22,303,2021-05-14 19:10:00,ZG
113.19,113.21,113.15,113.2,900,2021-05-14 19:11:00,ZG
113.07,113.1459,113.03,113.03,503,2021-05-14 19:12:00,ZG
113.0484,113.0484,112.92,112.965,809,2021-05-14 19:13:00,ZG
113.035,113.035,113.035,113.035,100,2021-05-14 19:14:00,ZG
113.14,113.19,113.14,113.19,200,2021-05-14 19:15:00,ZG
113.22,113.36,113.16,113.36,1603,2021-05-14 19:17:00,ZG
113.34,113.3786,113.34,113.3786,202,2021-05-14 19:18:00,ZG
113.29,113.3364,113.29,113.3364,300,2021-05-14 19:19:00,ZG
113.24,113.32,113.21,113.32,702,2021-05-14 19:20:00,ZG
113.232,113.3723,113.232,113.3723,499,2021-05-14 19:21:00,ZG
113.31,113.3363,113.22,113.22,612,2021-05-14 19:22:00,ZG
113.2,113.23,113.18,113.23,350,2021-05-14 19:23:00,ZG
113.22,113.26,113.21,113.2399,800,2021-05-14 19:24:00,ZG
113.27,113.32,113.14,113.14,2001,2021-05-14 19:25:00,ZG
113.15,113.15,113.15,113.15,100,2021-05-14 19:26:00,ZG
113.21,113.21,112.85,112.85,1000,2021-05-14 19:27:00,ZG
112.9999,112.9999,112.9999,112.9999,118,2021-05-14 19:28:00,ZG
113.1211,113.1211,113.08,113.08,205,2021-05-14 19:29:00,ZG
113.08,113.2499,113.0701,113.165,763,2021-05-14 19:30:00,ZG
113.2,113.2,113.2,113.2,300,2021-05-14 19:31:00,ZG
113.1,113.14,113.08,113.14,600,2021-05-14 19:32:00,ZG
113.11,113.1747,112.83,112.83,1025,2021-05-14 19:33:00,ZG
112.86,112.88,112.85,112.88,300,2021-05-14 19:34:00,ZG
112.9792,112.9792,112.96,112.96,316,2021-05-14 19:35:00,ZG
112.9,113.04,112.9,113.0,2986,2021-05-14 19:36:00,ZG
113.06,113.1,113.0295,113.0999,646,2021-05-14 19:38:00,ZG
113.02,113.1,112.94,113.1,1743,2021-05-14 19:39:00,ZG
113.13,113.13,113.0231,113.08,506,2021-05-14 19:40:00,ZG
113.01,113.045,112.99,113.0,512,2021-05-14 19:41:00,ZG
113.0583,113.15,113.0583,113.1,609,2021-05-14 19:42:00,ZG
113.18,113.18,113.0,113.0,1894,2021-05-14 19:43:00,ZG
113.04,113.11,113.04,113.11,501,2021-05-14 19:44:00,ZG
113.17,113.29,113.14,113.155,953,2021-05-14 19:45:00,ZG
113.19,113.235,113.14,113.21,1928,2021-05-14 19:46:00,ZG
113.27,113.27,113.1697,113.23,958,2021-05-14 19:47:00,ZG
113.12,113.21,113.11,113.198,1663,2021-05-14 19:48:00,ZG
113.22,113.25,113.122,113.15,1802,2021-05-14 19:49:00,ZG
113.15,113.17,113.01,113.17,3284,2021-05-14 19:50:00,ZG
113.23,113.23,113.11,113.13,1012,2021-05-14 19:51:00,ZG
113.03,113.2,113.03,113.2,1627,2021-05-14 19:52:00,ZG
113.24,113.28,113.162,113.2799,2223,2021-05-14 19:53:00,ZG
113.25,113.34,113.2,113.34,1844,2021-05-14 19:54:00,ZG
113.27,113.305,113.14,113.2,2458,2021-05-14 19:55:00,ZG
113.16,113.24,112.9901,113.09,1091,2021-05-14 19:56:00,ZG
113.11,113.35,113.04,113.34,3096,2021-05-14 19:57:00,ZG
113.33,113.42,113.33,113.39,2995,2021-05-14 19:58:00,ZG
113.35,113.53,113.27,113.32,10559,2021-05-14 19:59:00,ZG
113.32,113.32,112.92,113.32,23509,2021-05-14 20:00:00,ZG
113.32,113.32,113.32,113.32,853,2021-05-14 20:01:00,ZG
113.32,113.32,113.32,113.32,4817,2021-05-14 20:02:00,ZG
114.0,114.0,114.0,114.0,1942,2021-05-14 20:14:00,ZG
113.51,113.51,113.51,113.51,100,2021-05-14 21:25:00,ZG
