open,high,low,close,volume,datetime,symbol
13.26,13.44,13.26,13.32,21735,2020-12-01 14:30:00,TTMI
13.33,13.385,13.28,13.35,25019,2020-12-01 14:35:00,TTMI
13.34,13.37,13.32,13.37,18996,2020-12-01 14:40:00,TTMI
13.365,13.375,13.3148,13.32,19382,2020-12-01 14:45:00,TTMI
13.325,13.34,13.31,13.33,7009,2020-12-01 14:50:00,TTMI
13.33,13.345,13.31,13.34,13897,2020-12-01 14:55:00,TTMI
13.34,13.345,13.26,13.265,12263,2020-12-01 15:00:00,TTMI
13.27,13.34,13.265,13.325,25039,2020-12-01 15:05:00,TTMI
13.32,13.375,13.32,13.365,20351,2020-12-01 15:10:00,TTMI
13.36,13.38,13.35,13.37,20168,2020-12-01 15:15:00,TTMI
13.375,13.375,13.335,13.355,17882,2020-12-01 15:20:00,TTMI
13.36,13.36,13.3,13.305,16556,2020-12-01 15:25:00,TTMI
13.305,13.305,13.26,13.275,23729,2020-12-01 15:30:00,TTMI
13.275,13.2785,13.205,13.22,36750,2020-12-01 15:35:00,TTMI
13.2,13.24,13.2,13.215,11582,2020-12-01 15:40:00,TTMI
13.215,13.215,13.17,13.19,29923,2020-12-01 15:45:00,TTMI
13.18,13.205,13.17,13.205,10282,2020-12-01 15:50:00,TTMI
13.205,13.225,13.2,13.215,7413,2020-12-01 15:55:00,TTMI
13.215,13.235,13.2,13.21,21981,2020-12-01 16:00:00,TTMI
13.215,13.225,13.21,13.215,6506,2020-12-01 16:05:00,TTMI
13.21,13.22,13.2,13.205,7379,2020-12-01 16:10:00,TTMI
13.205,13.22,13.205,13.21,5139,2020-12-01 16:15:00,TTMI
13.215,13.22,13.2,13.205,8785,2020-12-01 16:20:00,TTMI
13.205,13.21,13.2,13.21,2300,2020-12-01 16:25:00,TTMI
13.205,13.21,13.18,13.195,19660,2020-12-01 16:30:00,TTMI
13.195,13.195,13.155,13.18,10046,2020-12-01 16:35:00,TTMI
13.19,13.235,13.19,13.21,6846,2020-12-01 16:40:00,TTMI
13.21,13.215,13.2,13.21,10465,2020-12-01 16:45:00,TTMI
13.2,13.215,13.2,13.215,4218,2020-12-01 16:50:00,TTMI
13.21,13.21,13.2,13.2,4428,2020-12-01 16:55:00,TTMI
13.2099,13.225,13.2,13.205,10708,2020-12-01 17:00:00,TTMI
13.2,13.21,13.195,13.195,4046,2020-12-01 17:05:00,TTMI
13.19,13.1999,13.19,13.1999,2636,2020-12-01 17:10:00,TTMI
13.195,13.1985,13.165,13.165,7782,2020-12-01 17:15:00,TTMI
13.17,13.21,13.17,13.2,56266,2020-12-01 17:20:00,TTMI
13.205,13.215,13.2,13.215,8184,2020-12-01 17:25:00,TTMI
13.215,13.22,13.2,13.205,6714,2020-12-01 17:30:00,TTMI
13.205,13.21,13.195,13.195,15207,2020-12-01 17:35:00,TTMI
13.2,13.2,13.19,13.195,2537,2020-12-01 17:40:00,TTMI
13.2,13.205,13.19,13.205,8257,2020-12-01 17:45:00,TTMI
13.21,13.21,13.19,13.195,8691,2020-12-01 17:50:00,TTMI
13.1901,13.2,13.17,13.175,16824,2020-12-01 17:55:00,TTMI
13.175,13.18,13.17,13.175,3843,2020-12-01 18:00:00,TTMI
13.175,13.1785,13.165,13.165,6288,2020-12-01 18:05:00,TTMI
13.165,13.165,13.15,13.155,5376,2020-12-01 18:10:00,TTMI
13.155,13.16,13.155,13.16,789,2020-12-01 18:15:00,TTMI
13.155,13.165,13.145,13.145,30338,2020-12-01 18:20:00,TTMI
13.15,13.16,13.145,13.155,13909,2020-12-01 18:25:00,TTMI
13.155,13.16,13.15,13.155,2212,2020-12-01 18:30:00,TTMI
13.155,13.16,13.145,13.155,21598,2020-12-01 18:35:00,TTMI
13.1639,13.18,13.16,13.175,9245,2020-12-01 18:40:00,TTMI
13.175,13.18,13.17,13.175,4736,2020-12-01 18:45:00,TTMI
13.175,13.18,13.17,13.175,5694,2020-12-01 18:50:00,TTMI
13.1799,13.18,13.17,13.18,36856,2020-12-01 18:55:00,TTMI
13.175,13.175,13.16,13.165,22655,2020-12-01 19:00:00,TTMI
13.17,13.17,13.16,13.17,6587,2020-12-01 19:05:00,TTMI
13.16,13.17,13.16,13.17,3659,2020-12-01 19:10:00,TTMI
13.17,13.17,13.165,13.165,2674,2020-12-01 19:15:00,TTMI
13.165,13.17,13.165,13.1699,4939,2020-12-01 19:20:00,TTMI
13.17,13.18,13.16,13.18,17190,2020-12-01 19:25:00,TTMI
13.175,13.18,13.14,13.14,14785,2020-12-01 19:30:00,TTMI
13.145,13.17,13.135,13.16,5665,2020-12-01 19:35:00,TTMI
13.165,13.185,13.165,13.185,9620,2020-12-01 19:40:00,TTMI
13.18,13.2085,13.18,13.2,3432,2020-12-01 19:45:00,TTMI
13.21,13.225,13.205,13.215,8500,2020-12-01 19:50:00,TTMI
13.22,13.22,13.2,13.2,7989,2020-12-01 19:55:00,TTMI
13.2,13.2,13.17,13.195,17097,2020-12-01 20:00:00,TTMI
13.19,13.2,13.15,13.15,14389,2020-12-01 20:05:00,TTMI
13.16,13.17,13.15,13.15,19962,2020-12-01 20:10:00,TTMI
13.15,13.16,13.15,13.1585,1480,2020-12-01 20:15:00,TTMI
13.16,13.17,13.15,13.16,13042,2020-12-01 20:20:00,TTMI
13.165,13.175,13.16,13.175,8571,2020-12-01 20:25:00,TTMI
13.175,13.18,13.14,13.15,60522,2020-12-01 20:30:00,TTMI
13.15,13.15,13.12,13.1399,33212,2020-12-01 20:35:00,TTMI
13.135,13.15,13.12,13.15,18954,2020-12-01 20:40:00,TTMI
13.14,13.165,13.14,13.165,51615,2020-12-01 20:45:00,TTMI
13.16,13.165,13.13,13.16,95528,2020-12-01 20:50:00,TTMI
13.155,13.16,13.105,13.13,160371,2020-12-01 20:55:00,TTMI
13.13,13.13,13.13,13.13,115640,2020-12-01 21:00:00,TTMI
13.13,13.13,13.13,13.13,72564,2020-12-01 21:10:00,TTMI
13.1,13.12,13.06,13.11,8591,2020-12-02 14:30:00,TTMI
13.12,13.17,13.05,13.16,14024,2020-12-02 14:35:00,TTMI
13.17,13.19,13.15,13.17,5707,2020-12-02 14:40:00,TTMI
13.18,13.26,13.18,13.24,9848,2020-12-02 14:45:00,TTMI
13.24,13.26,13.22,13.22,7624,2020-12-02 14:50:00,TTMI
13.22,13.26,13.22,13.23,11477,2020-12-02 14:55:00,TTMI
13.23,13.24,13.23,13.235,820,2020-12-02 15:00:00,TTMI
13.24,13.24,13.21,13.22,8798,2020-12-02 15:05:00,TTMI
13.23,13.24,13.225,13.23,11299,2020-12-02 15:10:00,TTMI
13.225,13.24,13.21,13.23,16764,2020-12-02 15:15:00,TTMI
13.23,13.24,13.23,13.24,4970,2020-12-02 15:20:00,TTMI
13.235,13.245,13.23,13.24,25625,2020-12-02 15:25:00,TTMI
13.235,13.24,13.22,13.22,23359,2020-12-02 15:30:00,TTMI
13.22,13.225,13.21,13.215,5239,2020-12-02 15:35:00,TTMI
13.22,13.23,13.2,13.23,14417,2020-12-02 15:40:00,TTMI
13.23,13.23,13.2,13.205,3342,2020-12-02 15:45:00,TTMI
13.2,13.23,13.195,13.23,10231,2020-12-02 15:50:00,TTMI
13.23,13.24,13.2,13.22,8813,2020-12-02 15:55:00,TTMI
13.23,13.23,13.22,13.225,3301,2020-12-02 16:00:00,TTMI
13.23,13.23,13.21,13.21,5797,2020-12-02 16:05:00,TTMI
13.21,13.21,13.2,13.2,6432,2020-12-02 16:10:00,TTMI
13.2,13.2,13.18,13.19,18985,2020-12-02 16:15:00,TTMI
13.19,13.19,13.18,13.19,3212,2020-12-02 16:20:00,TTMI
13.18,13.18,13.16,13.165,3389,2020-12-02 16:25:00,TTMI
13.17,13.175,13.15,13.15,5261,2020-12-02 16:30:00,TTMI
13.155,13.16,13.14,13.14,12553,2020-12-02 16:35:00,TTMI
13.145,13.15,13.12,13.15,11101,2020-12-02 16:40:00,TTMI
13.14,13.15,13.14,13.15,2430,2020-12-02 16:45:00,TTMI
13.155,13.16,13.155,13.155,1242,2020-12-02 16:50:00,TTMI
13.16,13.16,13.13,13.14,6327,2020-12-02 16:55:00,TTMI
13.135,13.145,13.115,13.13,9418,2020-12-02 17:00:00,TTMI
13.14,13.14,13.135,13.135,2226,2020-12-02 17:05:00,TTMI
13.14,13.14,13.13,13.14,2341,2020-12-02 17:10:00,TTMI
13.15,13.15,13.14,13.145,3712,2020-12-02 17:15:00,TTMI
13.145,13.15,13.14,13.14,6365,2020-12-02 17:20:00,TTMI
13.15,13.17,13.15,13.17,4688,2020-12-02 17:25:00,TTMI
13.175,13.175,13.155,13.16,7572,2020-12-02 17:30:00,TTMI
13.165,13.18,13.155,13.18,3786,2020-12-02 17:35:00,TTMI
13.18,13.19,13.17,13.175,7333,2020-12-02 17:40:00,TTMI
13.17,13.18,13.15,13.16,8062,2020-12-02 17:45:00,TTMI
13.16,13.17,13.15,13.16,7070,2020-12-02 17:50:00,TTMI
13.16,13.16,13.145,13.145,4213,2020-12-02 17:55:00,TTMI
13.145,13.15,13.14,13.145,2481,2020-12-02 18:00:00,TTMI
13.14,13.145,13.125,13.135,11381,2020-12-02 18:05:00,TTMI
13.13,13.1399,13.13,13.13,2587,2020-12-02 18:10:00,TTMI
13.12,13.125,13.12,13.125,2026,2020-12-02 18:15:00,TTMI
13.12,13.12,13.105,13.12,8544,2020-12-02 18:20:00,TTMI
13.11,13.13,13.11,13.125,6695,2020-12-02 18:25:00,TTMI
13.13,13.155,13.125,13.155,6425,2020-12-02 18:30:00,TTMI
13.155,13.2,13.155,13.2,4345,2020-12-02 18:35:00,TTMI
13.195,13.2,13.16,13.165,7612,2020-12-02 18:40:00,TTMI
13.17,13.18,13.155,13.18,11599,2020-12-02 18:45:00,TTMI
13.18,13.19,13.17,13.19,2306,2020-12-02 18:50:00,TTMI
13.19,13.2,13.18,13.185,6410,2020-12-02 18:55:00,TTMI
13.19,13.2,13.185,13.195,2483,2020-12-02 19:00:00,TTMI
13.1999,13.2,13.185,13.19,11038,2020-12-02 19:05:00,TTMI
13.19,13.1901,13.18,13.185,3183,2020-12-02 19:10:00,TTMI
13.19,13.2,13.185,13.2,7159,2020-12-02 19:15:00,TTMI
13.21,13.22,13.2,13.2,6465,2020-12-02 19:20:00,TTMI
13.205,13.22,13.205,13.22,12007,2020-12-02 19:25:00,TTMI
13.22,13.2301,13.22,13.23,4995,2020-12-02 19:30:00,TTMI
13.23,13.24,13.23,13.24,3018,2020-12-02 19:35:00,TTMI
13.235,13.24,13.23,13.24,2898,2020-12-02 19:40:00,TTMI
13.235,13.24,13.2315,13.2399,1857,2020-12-02 19:45:00,TTMI
13.24,13.24,13.235,13.24,2529,2020-12-02 19:50:00,TTMI
13.2399,13.24,13.235,13.24,7560,2020-12-02 19:55:00,TTMI
13.235,13.24,13.23,13.24,12977,2020-12-02 20:00:00,TTMI
13.24,13.275,13.24,13.26,15283,2020-12-02 20:05:00,TTMI
13.26,13.27,13.26,13.27,4928,2020-12-02 20:10:00,TTMI
13.27,13.28,13.245,13.255,15825,2020-12-02 20:15:00,TTMI
13.26,13.26,13.23,13.23,11155,2020-12-02 20:20:00,TTMI
13.23,13.24,13.23,13.23,2989,2020-12-02 20:25:00,TTMI
13.24,13.24,13.2,13.2,25336,2020-12-02 20:30:00,TTMI
13.2,13.21,13.19,13.19,26984,2020-12-02 20:35:00,TTMI
13.19,13.2,13.19,13.19,19573,2020-12-02 20:40:00,TTMI
13.19,13.2,13.19,13.19,14924,2020-12-02 20:45:00,TTMI
13.2,13.21,13.17,13.185,89032,2020-12-02 20:50:00,TTMI
13.185,13.2,13.18,13.18,81903,2020-12-02 20:55:00,TTMI
13.18,13.18,13.18,13.18,129596,2020-12-02 21:00:00,TTMI
13.22,13.31,13.19,13.235,11137,2020-12-03 14:30:00,TTMI
13.22,13.22,13.19,13.22,13870,2020-12-03 14:35:00,TTMI
13.22,13.29,13.21,13.29,10432,2020-12-03 14:40:00,TTMI
13.29,13.29,13.235,13.26,10906,2020-12-03 14:45:00,TTMI
13.25,13.29,13.24,13.29,10181,2020-12-03 14:50:00,TTMI
13.29,13.305,13.27,13.28,11130,2020-12-03 14:55:00,TTMI
13.29,13.29,13.27,13.28,19828,2020-12-03 15:00:00,TTMI
13.28,13.29,13.28,13.28,4365,2020-12-03 15:05:00,TTMI
13.28,13.29,13.28,13.285,13528,2020-12-03 15:10:00,TTMI
13.28,13.29,13.2799,13.29,10888,2020-12-03 15:15:00,TTMI
13.29,13.355,13.285,13.33,44961,2020-12-03 15:20:00,TTMI
13.33,13.37,13.33,13.36,15858,2020-12-03 15:25:00,TTMI
13.36,13.37,13.35,13.37,8468,2020-12-03 15:30:00,TTMI
13.37,13.38,13.365,13.38,7156,2020-12-03 15:35:00,TTMI
13.39,13.42,13.3899,13.41,7496,2020-12-03 15:40:00,TTMI
13.415,13.45,13.415,13.44,11054,2020-12-03 15:45:00,TTMI
13.435,13.445,13.425,13.425,5212,2020-12-03 15:50:00,TTMI
13.42,13.435,13.41,13.41,9608,2020-12-03 15:55:00,TTMI
13.41,13.43,13.41,13.415,10098,2020-12-03 16:00:00,TTMI
13.41,13.43,13.41,13.42,7716,2020-12-03 16:05:00,TTMI
13.42,13.42,13.37,13.405,17008,2020-12-03 16:10:00,TTMI
13.405,13.415,13.3899,13.39,15463,2020-12-03 16:15:00,TTMI
13.39,13.4,13.39,13.39,2401,2020-12-03 16:20:00,TTMI
13.38,13.405,13.38,13.405,12107,2020-12-03 16:25:00,TTMI
13.405,13.405,13.395,13.4,6838,2020-12-03 16:30:00,TTMI
13.395,13.4,13.39,13.3999,6802,2020-12-03 16:35:00,TTMI
13.39,13.4,13.375,13.375,7020,2020-12-03 16:40:00,TTMI
13.38,13.38,13.37,13.38,2781,2020-12-03 16:45:00,TTMI
13.375,13.38,13.37,13.37,3433,2020-12-03 16:50:00,TTMI
13.37,13.4,13.37,13.395,5626,2020-12-03 16:55:00,TTMI
13.4,13.41,13.395,13.4,9981,2020-12-03 17:00:00,TTMI
13.39,13.4099,13.39,13.405,3239,2020-12-03 17:05:00,TTMI
13.4,13.4,13.39,13.395,3278,2020-12-03 17:10:00,TTMI
13.39,13.395,13.38,13.38,4255,2020-12-03 17:15:00,TTMI
13.39,13.405,13.39,13.39,6930,2020-12-03 17:20:00,TTMI
13.3899,13.4,13.38,13.38,6365,2020-12-03 17:25:00,TTMI
13.38,13.39,13.38,13.38,3335,2020-12-03 17:30:00,TTMI
13.38,13.38,13.38,13.38,400,2020-12-03 17:35:00,TTMI
13.38,13.39,13.38,13.39,9021,2020-12-03 17:40:00,TTMI
13.39,13.39,13.38,13.39,4315,2020-12-03 17:45:00,TTMI
13.38,13.41,13.38,13.4085,18453,2020-12-03 17:50:00,TTMI
13.41,13.42,13.405,13.42,22917,2020-12-03 17:55:00,TTMI
13.425,13.425,13.415,13.4185,4013,2020-12-03 18:00:00,TTMI
13.41,13.43,13.405,13.43,8704,2020-12-03 18:05:00,TTMI
13.43,13.43,13.42,13.43,2799,2020-12-03 18:10:00,TTMI
13.43,13.43,13.425,13.43,4819,2020-12-03 18:15:00,TTMI
13.43,13.43,13.42,13.425,6991,2020-12-03 18:20:00,TTMI
13.425,13.435,13.42,13.43,15527,2020-12-03 18:25:00,TTMI
13.43,13.43,13.42,13.425,6746,2020-12-03 18:30:00,TTMI
13.43,13.43,13.41,13.41,5851,2020-12-03 18:35:00,TTMI
13.41,13.4185,13.4,13.4,3689,2020-12-03 18:40:00,TTMI
13.4,13.4,13.39,13.3999,3359,2020-12-03 18:45:00,TTMI
13.39,13.405,13.385,13.395,14713,2020-12-03 18:50:00,TTMI
13.39,13.39,13.38,13.385,2437,2020-12-03 18:55:00,TTMI
13.38,13.39,13.38,13.3899,13272,2020-12-03 19:00:00,TTMI
13.3885,13.39,13.38,13.385,5206,2020-12-03 19:05:00,TTMI
13.38,13.3899,13.38,13.38,3063,2020-12-03 19:10:00,TTMI
13.385,13.39,13.37,13.37,9199,2020-12-03 19:15:00,TTMI
13.37,13.3799,13.365,13.365,3743,2020-12-03 19:20:00,TTMI
13.36,13.36,13.34,13.3599,23941,2020-12-03 19:25:00,TTMI
13.35,13.355,13.35,13.355,2320,2020-12-03 19:30:00,TTMI
13.35,13.3586,13.34,13.345,5443,2020-12-03 19:35:00,TTMI
13.34,13.345,13.33,13.33,3321,2020-12-03 19:40:00,TTMI
13.335,13.34,13.33,13.335,4794,2020-12-03 19:45:00,TTMI
13.335,13.34,13.33,13.335,23642,2020-12-03 19:50:00,TTMI
13.335,13.335,13.3,13.3099,34803,2020-12-03 19:55:00,TTMI
13.305,13.31,13.28,13.31,26623,2020-12-03 20:00:00,TTMI
13.305,13.31,13.3,13.31,7262,2020-12-03 20:05:00,TTMI
13.305,13.31,13.305,13.305,10770,2020-12-03 20:10:00,TTMI
13.305,13.31,13.29,13.305,50366,2020-12-03 20:15:00,TTMI
13.305,13.318,13.3,13.305,26610,2020-12-03 20:20:00,TTMI
13.305,13.31,13.3,13.305,14348,2020-12-03 20:25:00,TTMI
13.31,13.31,13.29,13.305,39818,2020-12-03 20:30:00,TTMI
13.305,13.305,13.29,13.3,10281,2020-12-03 20:35:00,TTMI
13.29,13.295,13.25,13.295,44706,2020-12-03 20:40:00,TTMI
13.3,13.36,13.28,13.36,33301,2020-12-03 20:45:00,TTMI
13.37,13.38,13.34,13.35,44402,2020-12-03 20:50:00,TTMI
13.3415,13.37,13.31,13.32,129706,2020-12-03 20:55:00,TTMI
13.33,13.33,13.33,13.33,73831,2020-12-03 21:00:00,TTMI
13.41,13.49,13.29,13.46,11649,2020-12-04 14:30:00,TTMI
13.46,13.48,13.42,13.44,18443,2020-12-04 14:35:00,TTMI
13.44,13.46,13.43,13.46,8495,2020-12-04 14:40:00,TTMI
13.46,13.48,13.445,13.46,16373,2020-12-04 14:45:00,TTMI
13.46,13.48,13.435,13.46,11777,2020-12-04 14:50:00,TTMI
13.46,13.47,13.4499,13.46,7790,2020-12-04 14:55:00,TTMI
13.47,13.48,13.455,13.48,8609,2020-12-04 15:00:00,TTMI
13.48,13.49,13.48,13.485,14030,2020-12-04 15:05:00,TTMI
13.48,13.49,13.47,13.48,11165,2020-12-04 15:10:00,TTMI
13.485,13.49,13.48,13.485,15655,2020-12-04 15:15:00,TTMI
13.49,13.49,13.48,13.49,11503,2020-12-04 15:20:00,TTMI
13.49,13.49,13.48,13.49,4421,2020-12-04 15:25:00,TTMI
13.49,13.55,13.4807,13.505,27229,2020-12-04 15:30:00,TTMI
13.505,13.53,13.49,13.51,25131,2020-12-04 15:35:00,TTMI
13.5085,13.52,13.5,13.505,4556,2020-12-04 15:40:00,TTMI
13.5,13.52,13.4999,13.5,10689,2020-12-04 15:45:00,TTMI
13.5,13.51,13.49,13.51,8330,2020-12-04 15:50:00,TTMI
13.5,13.53,13.5,13.52,9809,2020-12-04 15:55:00,TTMI
13.52,13.54,13.52,13.54,13274,2020-12-04 16:00:00,TTMI
13.54,13.58,13.54,13.58,41865,2020-12-04 16:05:00,TTMI
13.582,13.62,13.582,13.62,10769,2020-12-04 16:10:00,TTMI
13.63,13.65,13.62,13.62,4833,2020-12-04 16:15:00,TTMI
13.62,13.63,13.61,13.63,27752,2020-12-04 16:20:00,TTMI
13.64,13.65,13.615,13.63,14278,2020-12-04 16:25:00,TTMI
13.62,13.63,13.62,13.63,8332,2020-12-04 16:30:00,TTMI
13.63,13.66,13.63,13.66,9218,2020-12-04 16:35:00,TTMI
13.665,13.67,13.64,13.65,10877,2020-12-04 16:40:00,TTMI
13.65,13.65,13.63,13.635,10163,2020-12-04 16:45:00,TTMI
13.65,13.66,13.6499,13.66,5482,2020-12-04 16:50:00,TTMI
13.66,13.66,13.63,13.63,7533,2020-12-04 16:55:00,TTMI
13.64,13.64,13.625,13.63,9802,2020-12-04 17:00:00,TTMI
13.625,13.625,13.615,13.615,9946,2020-12-04 17:05:00,TTMI
13.62,13.62,13.6085,13.61,8594,2020-12-04 17:10:00,TTMI
13.605,13.61,13.595,13.595,4193,2020-12-04 17:15:00,TTMI
13.595,13.61,13.595,13.605,9454,2020-12-04 17:20:00,TTMI
13.61,13.615,13.61,13.61,3436,2020-12-04 17:25:00,TTMI
13.605,13.63,13.605,13.63,5404,2020-12-04 17:30:00,TTMI
13.63,13.63,13.62,13.62,6918,2020-12-04 17:35:00,TTMI
13.61,13.61,13.61,13.61,1412,2020-12-04 17:40:00,TTMI
13.62,13.63,13.615,13.6285,4903,2020-12-04 17:45:00,TTMI
13.63,13.63,13.595,13.6,15950,2020-12-04 17:50:00,TTMI
13.6,13.605,13.6,13.605,1200,2020-12-04 17:55:00,TTMI
13.6085,13.6085,13.585,13.59,4093,2020-12-04 18:00:00,TTMI
13.59,13.59,13.58,13.585,4716,2020-12-04 18:05:00,TTMI
13.583,13.59,13.565,13.57,13228,2020-12-04 18:10:00,TTMI
13.57,13.58,13.56,13.56,7924,2020-12-04 18:15:00,TTMI
13.56,13.56,13.555,13.555,2442,2020-12-04 18:20:00,TTMI
13.5599,13.57,13.5599,13.56,9037,2020-12-04 18:25:00,TTMI
13.56,13.57,13.56,13.57,4581,2020-12-04 18:30:00,TTMI
13.58,13.59,13.58,13.59,3962,2020-12-04 18:35:00,TTMI
13.59,13.59,13.565,13.58,10292,2020-12-04 18:40:00,TTMI
13.59,13.59,13.58,13.58,5655,2020-12-04 18:45:00,TTMI
13.58,13.585,13.56,13.56,6202,2020-12-04 18:50:00,TTMI
13.555,13.555,13.545,13.545,6987,2020-12-04 18:55:00,TTMI
13.54,13.55,13.54,13.55,2325,2020-12-04 19:00:00,TTMI
13.545,13.56,13.54,13.55,9845,2020-12-04 19:05:00,TTMI
13.54,13.55,13.535,13.54,6995,2020-12-04 19:10:00,TTMI
13.54,13.54,13.535,13.54,8222,2020-12-04 19:15:00,TTMI
13.54,13.55,13.535,13.55,2406,2020-12-04 19:20:00,TTMI
13.545,13.545,13.535,13.54,9262,2020-12-04 19:25:00,TTMI
13.55,13.56,13.545,13.5575,7473,2020-12-04 19:30:00,TTMI
13.56,13.565,13.555,13.56,6414,2020-12-04 19:35:00,TTMI
13.56,13.58,13.55,13.575,8661,2020-12-04 19:40:00,TTMI
13.58,13.6,13.58,13.6,4228,2020-12-04 19:45:00,TTMI
13.6,13.61,13.58,13.58,15653,2020-12-04 19:50:00,TTMI
13.58,13.59,13.58,13.59,5355,2020-12-04 19:55:00,TTMI
13.59,13.605,13.58,13.59,11234,2020-12-04 20:00:00,TTMI
13.59,13.59,13.585,13.59,2815,2020-12-04 20:05:00,TTMI
13.59,13.59,13.58,13.59,3041,2020-12-04 20:10:00,TTMI
13.59,13.61,13.585,13.6,10619,2020-12-04 20:15:00,TTMI
13.6,13.6,13.58,13.58,6940,2020-12-04 20:20:00,TTMI
13.58,13.59,13.58,13.585,6492,2020-12-04 20:25:00,TTMI
13.585,13.59,13.58,13.5899,6138,2020-12-04 20:30:00,TTMI
13.585,13.59,13.58,13.585,7529,2020-12-04 20:35:00,TTMI
13.585,13.6,13.57,13.57,39281,2020-12-04 20:40:00,TTMI
13.575,13.575,13.545,13.56,44310,2020-12-04 20:45:00,TTMI
13.56,13.59,13.53,13.55,133964,2020-12-04 20:50:00,TTMI
13.55,13.56,13.46,13.5,236817,2020-12-04 20:55:00,TTMI
13.51,13.51,13.51,13.51,62166,2020-12-04 21:00:00,TTMI
13.6,13.6,13.58,13.58,300,2020-12-07 14:25:00,TTMI
13.55,13.71,13.51,13.71,75201,2020-12-07 14:30:00,TTMI
13.68,13.76,13.66,13.66,54746,2020-12-07 14:35:00,TTMI
13.66,13.665,13.6167,13.63,16514,2020-12-07 14:40:00,TTMI
13.64,13.645,13.56,13.56,12952,2020-12-07 14:45:00,TTMI
13.56,13.58,13.53,13.5385,13240,2020-12-07 14:50:00,TTMI
13.54,13.59,13.54,13.59,22171,2020-12-07 14:55:00,TTMI
13.58,13.59,13.57,13.575,12891,2020-12-07 15:00:00,TTMI
13.58,13.6,13.58,13.595,3199,2020-12-07 15:05:00,TTMI
13.595,13.625,13.585,13.61,13737,2020-12-07 15:10:00,TTMI
13.6,13.605,13.59,13.6,8574,2020-12-07 15:15:00,TTMI
13.6,13.605,13.58,13.59,9017,2020-12-07 15:20:00,TTMI
13.59,13.6,13.5885,13.5999,5368,2020-12-07 15:25:00,TTMI
13.6,13.61,13.5967,13.61,11671,2020-12-07 15:30:00,TTMI
13.615,13.625,13.61,13.61,8342,2020-12-07 15:35:00,TTMI
13.605,13.61,13.59,13.6,4401,2020-12-07 15:40:00,TTMI
13.59,13.61,13.58,13.61,12755,2020-12-07 15:45:00,TTMI
13.61,13.62,13.6,13.615,10914,2020-12-07 15:50:00,TTMI
13.615,13.615,13.59,13.59,7669,2020-12-07 15:55:00,TTMI
13.6,13.6,13.59,13.5999,7810,2020-12-07 16:00:00,TTMI
13.6,13.61,13.57,13.57,9549,2020-12-07 16:05:00,TTMI
13.57,13.585,13.56,13.575,24935,2020-12-07 16:10:00,TTMI
13.58,13.605,13.58,13.59,10082,2020-12-07 16:15:00,TTMI
13.59,13.6,13.585,13.59,5810,2020-12-07 16:20:00,TTMI
13.59,13.6,13.585,13.6,5026,2020-12-07 16:25:00,TTMI
13.6,13.605,13.58,13.58,8764,2020-12-07 16:30:00,TTMI
13.59,13.595,13.58,13.59,7577,2020-12-07 16:35:00,TTMI
13.595,13.6,13.59,13.59,4910,2020-12-07 16:40:00,TTMI
13.59,13.615,13.59,13.6,23017,2020-12-07 16:45:00,TTMI
13.6,13.61,13.6,13.6,3200,2020-12-07 16:50:00,TTMI
13.6,13.61,13.58,13.6,18372,2020-12-07 16:55:00,TTMI
13.6,13.6,13.5908,13.6,1384,2020-12-07 17:00:00,TTMI
13.6,13.62,13.6,13.62,7396,2020-12-07 17:05:00,TTMI
13.62,13.62,13.6,13.61,3312,2020-12-07 17:10:00,TTMI
13.61,13.62,13.605,13.61,7255,2020-12-07 17:15:00,TTMI
13.61,13.615,13.59,13.59,5497,2020-12-07 17:20:00,TTMI
13.59,13.595,13.59,13.59,2146,2020-12-07 17:25:00,TTMI
13.59,13.5985,13.58,13.58,3146,2020-12-07 17:30:00,TTMI
13.58,13.615,13.58,13.61,11572,2020-12-07 17:35:00,TTMI
13.615,13.615,13.615,13.615,100,2020-12-07 17:40:00,TTMI
13.62,13.62,13.61,13.61,3794,2020-12-07 17:45:00,TTMI
13.6,13.6085,13.6,13.6085,1557,2020-12-07 17:50:00,TTMI
13.61,13.61,13.59,13.59,8818,2020-12-07 17:55:00,TTMI
13.59,13.59,13.58,13.58,7752,2020-12-07 18:00:00,TTMI
13.58,13.595,13.58,13.595,6587,2020-12-07 18:05:00,TTMI
13.59,13.6,13.59,13.595,4004,2020-12-07 18:10:00,TTMI
13.595,13.61,13.595,13.6099,3296,2020-12-07 18:15:00,TTMI
13.61,13.619,13.6,13.605,8308,2020-12-07 18:20:00,TTMI
13.61,13.61,13.59,13.59,4980,2020-12-07 18:25:00,TTMI
13.59,13.6,13.58,13.6,11057,2020-12-07 18:30:00,TTMI
13.6,13.605,13.588,13.59,10932,2020-12-07 18:35:00,TTMI
13.59,13.59,13.57,13.57,8080,2020-12-07 18:40:00,TTMI
13.565,13.59,13.56,13.59,8105,2020-12-07 18:45:00,TTMI
13.59,13.605,13.59,13.6,5336,2020-12-07 18:50:00,TTMI
13.59,13.6,13.59,13.6,10305,2020-12-07 18:55:00,TTMI
13.6,13.6,13.585,13.585,4638,2020-12-07 19:00:00,TTMI
13.59,13.6,13.59,13.6,5796,2020-12-07 19:05:00,TTMI
13.6,13.61,13.5999,13.6,10990,2020-12-07 19:10:00,TTMI
13.6,13.61,13.59,13.59,6900,2020-12-07 19:15:00,TTMI
13.5985,13.6,13.59,13.59,3216,2020-12-07 19:20:00,TTMI
13.59,13.595,13.58,13.58,14731,2020-12-07 19:25:00,TTMI
13.58,13.59,13.58,13.58,2604,2020-12-07 19:30:00,TTMI
13.585,13.5899,13.54,13.545,9208,2020-12-07 19:35:00,TTMI
13.545,13.56,13.54,13.555,11331,2020-12-07 19:40:00,TTMI
13.55,13.56,13.55,13.55,1653,2020-12-07 19:45:00,TTMI
13.55,13.56,13.55,13.55,3481,2020-12-07 19:50:00,TTMI
13.55,13.56,13.53,13.555,16707,2020-12-07 19:55:00,TTMI
13.555,13.555,13.54,13.5499,6142,2020-12-07 20:00:00,TTMI
13.54,13.56,13.535,13.56,25333,2020-12-07 20:05:00,TTMI
13.57,13.57,13.56,13.565,1818,2020-12-07 20:10:00,TTMI
13.56,13.58,13.56,13.58,9290,2020-12-07 20:15:00,TTMI
13.57,13.58,13.56,13.56,5933,2020-12-07 20:20:00,TTMI
13.57,13.57,13.56,13.56,11201,2020-12-07 20:25:00,TTMI
13.57,13.59,13.56,13.59,14919,2020-12-07 20:30:00,TTMI
13.585,13.59,13.57,13.575,14783,2020-12-07 20:35:00,TTMI
13.575,13.575,13.56,13.5685,13687,2020-12-07 20:40:00,TTMI
13.565,13.57,13.54,13.555,43435,2020-12-07 20:45:00,TTMI
13.56,13.62,13.56,13.615,30266,2020-12-07 20:50:00,TTMI
13.62,13.6299,13.58,13.58,127318,2020-12-07 20:55:00,TTMI
13.58,13.58,13.58,13.58,59253,2020-12-07 21:00:00,TTMI
13.58,13.58,13.58,13.58,21254,2020-12-07 21:05:00,TTMI
13.49,13.67,13.16,13.59,14190,2020-12-08 14:30:00,TTMI
13.61,13.62,13.57,13.585,16886,2020-12-08 14:35:00,TTMI
13.59,13.595,13.55,13.555,8059,2020-12-08 14:40:00,TTMI
13.55,13.63,13.55,13.62,8222,2020-12-08 14:45:00,TTMI
13.62,13.64,13.62,13.6285,4215,2020-12-08 14:50:00,TTMI
13.63,13.64,13.62,13.62,3741,2020-12-08 14:55:00,TTMI
13.63,13.655,13.595,13.6099,17217,2020-12-08 15:00:00,TTMI
13.61,13.62,13.61,13.62,5055,2020-12-08 15:05:00,TTMI
13.62,13.63,13.6,13.6,8318,2020-12-08 15:10:00,TTMI
13.595,13.6,13.5585,13.57,10870,2020-12-08 15:15:00,TTMI
13.57,13.57,13.55,13.55,6286,2020-12-08 15:20:00,TTMI
13.56,13.56,13.54,13.54,6686,2020-12-08 15:25:00,TTMI
13.54,13.585,13.535,13.575,11753,2020-12-08 15:30:00,TTMI
13.575,13.58,13.565,13.57,8334,2020-12-08 15:35:00,TTMI
13.57,13.57,13.55,13.555,8984,2020-12-08 15:40:00,TTMI
13.55,13.55,13.5,13.5,14213,2020-12-08 15:45:00,TTMI
13.495,13.51,13.48,13.485,14253,2020-12-08 15:50:00,TTMI
13.49,13.49,13.465,13.47,5601,2020-12-08 15:55:00,TTMI
13.465,13.475,13.455,13.465,13292,2020-12-08 16:00:00,TTMI
13.465,13.49,13.465,13.485,20446,2020-12-08 16:05:00,TTMI
13.475,13.5,13.45,13.465,24867,2020-12-08 16:10:00,TTMI
13.46,13.47,13.45,13.46,11396,2020-12-08 16:15:00,TTMI
13.455,13.47,13.445,13.465,7114,2020-12-08 16:20:00,TTMI
13.465,13.48,13.455,13.46,8889,2020-12-08 16:25:00,TTMI
13.46,13.48,13.45,13.475,19626,2020-12-08 16:30:00,TTMI
13.475,13.48,13.465,13.475,15411,2020-12-08 16:35:00,TTMI
13.48,13.51,13.475,13.485,10097,2020-12-08 16:40:00,TTMI
13.485,13.51,13.485,13.505,11911,2020-12-08 16:45:00,TTMI
13.51,13.54,13.51,13.54,5923,2020-12-08 16:50:00,TTMI
13.54,13.54,13.53,13.53,10083,2020-12-08 16:55:00,TTMI
13.53,13.55,13.52,13.55,7505,2020-12-08 17:00:00,TTMI
13.555,13.555,13.5399,13.55,7127,2020-12-08 17:05:00,TTMI
13.56,13.58,13.56,13.58,13083,2020-12-08 17:10:00,TTMI
13.58,13.59,13.575,13.585,7370,2020-12-08 17:15:00,TTMI
13.58,13.58,13.58,13.58,6086,2020-12-08 17:20:00,TTMI
13.58,13.61,13.58,13.6,4905,2020-12-08 17:25:00,TTMI
13.61,13.615,13.6,13.6,10961,2020-12-08 17:30:00,TTMI
13.61,13.62,13.595,13.6,10284,2020-12-08 17:35:00,TTMI
13.595,13.605,13.595,13.595,4926,2020-12-08 17:40:00,TTMI
13.595,13.595,13.575,13.575,9547,2020-12-08 17:45:00,TTMI
13.58,13.59,13.575,13.585,5575,2020-12-08 17:50:00,TTMI
13.59,13.6,13.5899,13.595,4231,2020-12-08 17:55:00,TTMI
13.6,13.6,13.575,13.575,7705,2020-12-08 18:00:00,TTMI
13.58,13.58,13.56,13.57,9250,2020-12-08 18:05:00,TTMI
13.565,13.565,13.545,13.545,5785,2020-12-08 18:10:00,TTMI
13.55,13.55,13.545,13.545,5269,2020-12-08 18:15:00,TTMI
13.545,13.55,13.505,13.505,18542,2020-12-08 18:20:00,TTMI
13.515,13.52,13.515,13.515,3969,2020-12-08 18:25:00,TTMI
13.52,13.52,13.5,13.5,6279,2020-12-08 18:30:00,TTMI
13.505,13.53,13.495,13.495,19237,2020-12-08 18:35:00,TTMI
13.495,13.53,13.495,13.525,23923,2020-12-08 18:40:00,TTMI
13.525,13.525,13.525,13.525,1032,2020-12-08 18:45:00,TTMI
13.52,13.53,13.52,13.525,10194,2020-12-08 18:50:00,TTMI
13.525,13.53,13.515,13.515,4818,2020-12-08 18:55:00,TTMI
13.515,13.515,13.495,13.505,23590,2020-12-08 19:00:00,TTMI
13.5,13.51,13.495,13.495,21805,2020-12-08 19:05:00,TTMI
13.49,13.495,13.49,13.495,4284,2020-12-08 19:10:00,TTMI
13.5,13.5,13.495,13.495,5400,2020-12-08 19:15:00,TTMI
13.495,13.5,13.48,13.4962,15938,2020-12-08 19:20:00,TTMI
13.4999,13.52,13.495,13.515,17981,2020-12-08 19:25:00,TTMI
13.51,13.52,13.49,13.49,5936,2020-12-08 19:30:00,TTMI
13.49,13.49,13.48,13.48,3465,2020-12-08 19:35:00,TTMI
13.48,13.485,13.48,13.48,1190,2020-12-08 19:40:00,TTMI
13.485,13.49,13.48,13.485,2903,2020-12-08 19:45:00,TTMI
13.485,13.49,13.48,13.485,4560,2020-12-08 19:50:00,TTMI
13.485,13.49,13.48,13.485,2990,2020-12-08 19:55:00,TTMI
13.485,13.49,13.48,13.485,4308,2020-12-08 20:00:00,TTMI
13.485,13.4899,13.48,13.485,5243,2020-12-08 20:05:00,TTMI
13.48,13.485,13.46,13.465,27441,2020-12-08 20:10:00,TTMI
13.47,13.47,13.45,13.455,12450,2020-12-08 20:15:00,TTMI
13.455,13.46,13.45,13.455,5189,2020-12-08 20:20:00,TTMI
13.455,13.485,13.45,13.475,22062,2020-12-08 20:25:00,TTMI
13.475,13.505,13.475,13.505,27934,2020-12-08 20:30:00,TTMI
13.5,13.505,13.49,13.495,17972,2020-12-08 20:35:00,TTMI
13.4975,13.5,13.49,13.5,8531,2020-12-08 20:40:00,TTMI
13.5,13.54,13.495,13.53,21720,2020-12-08 20:45:00,TTMI
13.53,13.56,13.5,13.555,65707,2020-12-08 20:50:00,TTMI
13.555,13.5699,13.55,13.56,73057,2020-12-08 20:55:00,TTMI
13.56,13.56,13.56,13.56,331170,2020-12-08 21:00:00,TTMI
13.56,13.56,13.56,13.56,13222,2020-12-08 22:35:00,TTMI
13.57,13.57,13.57,13.57,259,2020-12-09 14:00:00,TTMI
13.64,13.64,13.57,13.61,14982,2020-12-09 14:30:00,TTMI
13.61,13.65,13.61,13.64,16837,2020-12-09 14:35:00,TTMI
13.65,13.65,13.59,13.63,22629,2020-12-09 14:40:00,TTMI
13.63,13.645,13.62,13.63,11567,2020-12-09 14:45:00,TTMI
13.62,13.62,13.58,13.61,22637,2020-12-09 14:50:00,TTMI
13.61,13.62,13.59,13.605,16593,2020-12-09 14:55:00,TTMI
13.6,13.61,13.56,13.58,20464,2020-12-09 15:00:00,TTMI
13.58,13.595,13.575,13.58,7495,2020-12-09 15:05:00,TTMI
13.58,13.58,13.53,13.54,6609,2020-12-09 15:10:00,TTMI
13.53,13.565,13.53,13.56,8887,2020-12-09 15:15:00,TTMI
13.5599,13.56,13.54,13.54,7530,2020-12-09 15:20:00,TTMI
13.54,13.55,13.535,13.55,3949,2020-12-09 15:25:00,TTMI
13.54,13.55,13.52,13.53,9325,2020-12-09 15:30:00,TTMI
13.52,13.52,13.48,13.495,11424,2020-12-09 15:35:00,TTMI
13.5,13.515,13.4999,13.505,3411,2020-12-09 15:40:00,TTMI
13.5,13.5,13.48,13.485,5740,2020-12-09 15:45:00,TTMI
13.48,13.495,13.48,13.48,7292,2020-12-09 15:50:00,TTMI
13.475,13.48,13.465,13.48,8053,2020-12-09 15:55:00,TTMI
13.48,13.5,13.47,13.5,6308,2020-12-09 16:00:00,TTMI
13.5,13.51,13.4985,13.5,4954,2020-12-09 16:05:00,TTMI
13.51,13.51,13.5,13.5,5228,2020-12-09 16:10:00,TTMI
13.495,13.5,13.48,13.49,7357,2020-12-09 16:15:00,TTMI
13.48,13.48,13.47,13.47,3521,2020-12-09 16:20:00,TTMI
13.47,13.49,13.47,13.49,2415,2020-12-09 16:25:00,TTMI
13.49,13.495,13.455,13.455,9481,2020-12-09 16:30:00,TTMI
13.4599,13.46,13.455,13.455,1013,2020-12-09 16:35:00,TTMI
13.455,13.455,13.415,13.425,11162,2020-12-09 16:40:00,TTMI
13.42,13.42,13.405,13.42,2683,2020-12-09 16:45:00,TTMI
13.415,13.42,13.4,13.405,4413,2020-12-09 16:50:00,TTMI
13.41,13.43,13.4,13.425,10174,2020-12-09 16:55:00,TTMI
13.42,13.43,13.41,13.41,4936,2020-12-09 17:00:00,TTMI
13.41,13.43,13.409,13.4241,5865,2020-12-09 17:05:00,TTMI
13.425,13.425,13.41,13.42,3500,2020-12-09 17:10:00,TTMI
13.42,13.43,13.41,13.41,3330,2020-12-09 17:15:00,TTMI
13.41,13.41,13.39,13.39,5364,2020-12-09 17:20:00,TTMI
13.385,13.39,13.375,13.375,6088,2020-12-09 17:25:00,TTMI
13.375,13.375,13.365,13.365,2971,2020-12-09 17:30:00,TTMI
13.365,13.365,13.345,13.345,6748,2020-12-09 17:35:00,TTMI
13.345,13.35,13.34,13.34,6981,2020-12-09 17:40:00,TTMI
13.34,13.34,13.315,13.32,11479,2020-12-09 17:45:00,TTMI
13.3273,13.36,13.315,13.36,6719,2020-12-09 17:50:00,TTMI
13.3585,13.375,13.3585,13.37,4329,2020-12-09 17:55:00,TTMI
13.37,13.37,13.345,13.355,8572,2020-12-09 18:00:00,TTMI
13.35,13.36,13.335,13.36,11014,2020-12-09 18:05:00,TTMI
13.365,13.365,13.33,13.33,6080,2020-12-09 18:10:00,TTMI
13.33,13.35,13.33,13.335,10385,2020-12-09 18:15:00,TTMI
13.345,13.345,13.33,13.33,2605,2020-12-09 18:20:00,TTMI
13.33,13.33,13.32,13.3285,12145,2020-12-09 18:25:00,TTMI
13.32,13.32,13.2899,13.2899,12004,2020-12-09 18:30:00,TTMI
13.285,13.3,13.275,13.28,10228,2020-12-09 18:35:00,TTMI
13.29,13.3,13.27,13.295,6680,2020-12-09 18:40:00,TTMI
13.29,13.31,13.29,13.31,10449,2020-12-09 18:45:00,TTMI
13.31,13.31,13.3,13.3,2500,2020-12-09 18:50:00,TTMI
13.3,13.31,13.3,13.31,21728,2020-12-09 18:55:00,TTMI
13.32,13.32,13.3,13.315,15110,2020-12-09 19:00:00,TTMI
13.3101,13.325,13.305,13.31,11856,2020-12-09 19:05:00,TTMI
13.31,13.31,13.3,13.305,3552,2020-12-09 19:10:00,TTMI
13.3,13.31,13.3,13.3085,2315,2020-12-09 19:15:00,TTMI
13.3,13.31,13.3,13.31,6030,2020-12-09 19:20:00,TTMI
13.305,13.33,13.305,13.33,7772,2020-12-09 19:25:00,TTMI
13.33,13.35,13.315,13.335,9533,2020-12-09 19:30:00,TTMI
13.33,13.33,13.31,13.3203,22337,2020-12-09 19:35:00,TTMI
13.33,13.34,13.315,13.335,17754,2020-12-09 19:40:00,TTMI
13.34,13.36,13.335,13.34,8157,2020-12-09 19:45:00,TTMI
13.3485,13.35,13.34,13.35,2873,2020-12-09 19:50:00,TTMI
13.35,13.365,13.345,13.365,5623,2020-12-09 19:55:00,TTMI
13.36,13.37,13.34,13.34,7605,2020-12-09 20:00:00,TTMI
13.345,13.37,13.345,13.3599,12587,2020-12-09 20:05:00,TTMI
13.36,13.36,13.34,13.34,5264,2020-12-09 20:10:00,TTMI
13.34,13.34,13.325,13.325,7302,2020-12-09 20:15:00,TTMI
13.33,13.33,13.27,13.27,10637,2020-12-09 20:20:00,TTMI
13.27,13.27,13.26,13.265,8788,2020-12-09 20:25:00,TTMI
13.26,13.27,13.24,13.25,17880,2020-12-09 20:30:00,TTMI
13.25,13.265,13.235,13.26,27405,2020-12-09 20:35:00,TTMI
13.25,13.299,13.24,13.299,15028,2020-12-09 20:40:00,TTMI
13.295,13.33,13.28,13.315,48150,2020-12-09 20:45:00,TTMI
13.31,13.35,13.29,13.34,77399,2020-12-09 20:50:00,TTMI
13.34,13.36,13.33,13.35,82176,2020-12-09 20:55:00,TTMI
13.34,13.34,13.34,13.34,119364,2020-12-09 21:00:00,TTMI
13.25,13.39,13.2,13.2,10763,2020-12-10 14:30:00,TTMI
13.17,13.22,13.17,13.2,8437,2020-12-10 14:35:00,TTMI
13.21,13.24,13.1999,13.23,11814,2020-12-10 14:40:00,TTMI
13.24,13.29,13.24,13.29,4758,2020-12-10 14:45:00,TTMI
13.29,13.31,13.255,13.27,6409,2020-12-10 14:50:00,TTMI
13.27,13.295,13.27,13.28,4611,2020-12-10 14:55:00,TTMI
13.29,13.29,13.26,13.29,3832,2020-12-10 15:00:00,TTMI
13.29,13.31,13.285,13.31,3461,2020-12-10 15:05:00,TTMI
13.3,13.34,13.3,13.325,8955,2020-12-10 15:10:00,TTMI
13.33,13.33,13.31,13.32,9110,2020-12-10 15:15:00,TTMI
13.32,13.39,13.32,13.37,12673,2020-12-10 15:20:00,TTMI
13.36,13.36,13.345,13.35,4207,2020-12-10 15:25:00,TTMI
13.3499,13.3499,13.33,13.33,2553,2020-12-10 15:30:00,TTMI
13.335,13.355,13.335,13.35,5297,2020-12-10 15:35:00,TTMI
13.35,13.35,13.325,13.325,7197,2020-12-10 15:40:00,TTMI
13.33,13.335,13.325,13.33,3487,2020-12-10 15:45:00,TTMI
13.335,13.35,13.335,13.35,2335,2020-12-10 15:50:00,TTMI
13.36,13.36,13.34,13.345,3419,2020-12-10 15:55:00,TTMI
13.345,13.3499,13.33,13.335,5062,2020-12-10 16:00:00,TTMI
13.335,13.34,13.305,13.305,11936,2020-12-10 16:05:00,TTMI
13.3,13.3,13.28,13.285,2130,2020-12-10 16:10:00,TTMI
13.285,13.305,13.2801,13.305,7004,2020-12-10 16:15:00,TTMI
13.31,13.32,13.3,13.32,11018,2020-12-10 16:20:00,TTMI
13.33,13.335,13.32,13.325,6192,2020-12-10 16:25:00,TTMI
13.32,13.32,13.31,13.32,4687,2020-12-10 16:30:00,TTMI
13.315,13.32,13.31,13.32,1912,2020-12-10 16:35:00,TTMI
13.31,13.33,13.31,13.3285,3973,2020-12-10 16:40:00,TTMI
13.33,13.34,13.315,13.32,11427,2020-12-10 16:45:00,TTMI
13.3,13.3,13.275,13.28,4877,2020-12-10 16:50:00,TTMI
13.28,13.28,13.27,13.275,1610,2020-12-10 16:55:00,TTMI
13.275,13.28,13.275,13.275,7171,2020-12-10 17:00:00,TTMI
13.275,13.28,13.275,13.275,2679,2020-12-10 17:05:00,TTMI
13.275,13.28,13.275,13.275,1902,2020-12-10 17:10:00,TTMI
13.28,13.28,13.275,13.28,3798,2020-12-10 17:15:00,TTMI
13.28,13.28,13.275,13.275,2353,2020-12-10 17:20:00,TTMI
13.28,13.31,13.28,13.29,14328,2020-12-10 17:25:00,TTMI
13.29,13.295,13.2806,13.2806,1866,2020-12-10 17:30:00,TTMI
13.29,13.29,13.28,13.29,1461,2020-12-10 17:35:00,TTMI
13.285,13.29,13.275,13.28,5896,2020-12-10 17:40:00,TTMI
13.275,13.285,13.265,13.265,9613,2020-12-10 17:45:00,TTMI
13.27,13.29,13.27,13.29,3897,2020-12-10 17:50:00,TTMI
13.285,13.29,13.285,13.285,1527,2020-12-10 17:55:00,TTMI
13.29,13.3,13.29,13.3,2193,2020-12-10 18:00:00,TTMI
13.295,13.3,13.295,13.295,4685,2020-12-10 18:05:00,TTMI
13.3,13.305,13.295,13.305,3591,2020-12-10 18:10:00,TTMI
13.305,13.32,13.305,13.315,3518,2020-12-10 18:15:00,TTMI
13.315,13.33,13.31,13.31,4207,2020-12-10 18:20:00,TTMI
13.32,13.32,13.31,13.31,1805,2020-12-10 18:25:00,TTMI
13.315,13.32,13.305,13.32,9085,2020-12-10 18:30:00,TTMI
13.32,13.32,13.3,13.3155,3579,2020-12-10 18:35:00,TTMI
13.315,13.32,13.305,13.31,10575,2020-12-10 18:40:00,TTMI
13.31,13.32,13.31,13.32,1700,2020-12-10 18:45:00,TTMI
13.315,13.33,13.315,13.33,4607,2020-12-10 18:50:00,TTMI
13.335,13.34,13.33,13.335,5174,2020-12-10 18:55:00,TTMI
13.335,13.3375,13.315,13.33,9234,2020-12-10 19:00:00,TTMI
13.3299,13.3299,13.3299,13.3299,261,2020-12-10 19:05:00,TTMI
13.32,13.32,13.3,13.3,6160,2020-12-10 19:10:00,TTMI
13.3,13.305,13.295,13.295,6035,2020-12-10 19:15:00,TTMI
13.29,13.2985,13.29,13.295,679,2020-12-10 19:20:00,TTMI
13.3,13.3,13.295,13.295,3550,2020-12-10 19:25:00,TTMI
13.295,13.3,13.29,13.295,2582,2020-12-10 19:30:00,TTMI
13.295,13.32,13.295,13.32,18751,2020-12-10 19:35:00,TTMI
13.33,13.33,13.315,13.325,5103,2020-12-10 19:40:00,TTMI
13.32,13.325,13.315,13.3199,7376,2020-12-10 19:45:00,TTMI
13.32,13.32,13.31,13.31,5146,2020-12-10 19:50:00,TTMI
13.31,13.32,13.3,13.3,6270,2020-12-10 19:55:00,TTMI
13.305,13.315,13.3,13.305,11608,2020-12-10 20:00:00,TTMI
13.305,13.31,13.3,13.31,3111,2020-12-10 20:05:00,TTMI
13.31,13.315,13.3,13.31,7753,2020-12-10 20:10:00,TTMI
13.32,13.325,13.31,13.325,11478,2020-12-10 20:15:00,TTMI
13.325,13.33,13.32,13.33,30422,2020-12-10 20:20:00,TTMI
13.32,13.33,13.31,13.31,8939,2020-12-10 20:25:00,TTMI
13.31,13.31,13.305,13.31,6306,2020-12-10 20:30:00,TTMI
13.305,13.35,13.3,13.345,19416,2020-12-10 20:35:00,TTMI
13.34,13.355,13.33,13.33,25628,2020-12-10 20:40:00,TTMI
13.33,13.34,13.33,13.335,8043,2020-12-10 20:45:00,TTMI
13.34,13.35,13.325,13.33,55903,2020-12-10 20:50:00,TTMI
13.3299,13.33,13.31,13.31,49829,2020-12-10 20:55:00,TTMI
13.32,13.32,13.32,13.32,47593,2020-12-10 21:00:00,TTMI
13.19,13.21,13.16,13.21,9228,2020-12-11 14:30:00,TTMI
13.19,13.215,13.18,13.2,7478,2020-12-11 14:35:00,TTMI
13.2,13.21,13.17,13.17,4000,2020-12-11 14:40:00,TTMI
13.17,13.2,13.16,13.16,3811,2020-12-11 14:45:00,TTMI
13.15,13.22,13.14,13.22,5395,2020-12-11 14:50:00,TTMI
13.235,13.25,13.22,13.225,2135,2020-12-11 14:55:00,TTMI
13.225,13.25,13.22,13.23,5090,2020-12-11 15:00:00,TTMI
13.225,13.23,13.22,13.22,1300,2020-12-11 15:05:00,TTMI
13.22,13.22,13.2,13.22,3057,2020-12-11 15:10:00,TTMI
13.225,13.23,13.21,13.215,3477,2020-12-11 15:15:00,TTMI
13.21,13.235,13.195,13.235,8038,2020-12-11 15:20:00,TTMI
13.24,13.245,13.24,13.24,1974,2020-12-11 15:25:00,TTMI
13.23,13.23,13.21,13.22,4788,2020-12-11 15:30:00,TTMI
13.22,13.23,13.21,13.21,4225,2020-12-11 15:35:00,TTMI
13.21,13.21,13.19,13.19,4564,2020-12-11 15:40:00,TTMI
13.19,13.19,13.175,13.175,2387,2020-12-11 15:45:00,TTMI
13.17,13.18,13.16,13.16,2449,2020-12-11 15:50:00,TTMI
13.16,13.17,13.145,13.16,11730,2020-12-11 15:55:00,TTMI
13.17,13.17,13.16,13.165,3300,2020-12-11 16:00:00,TTMI
13.165,13.17,13.15,13.15,2200,2020-12-11 16:05:00,TTMI
13.16,13.16,13.11,13.14,10228,2020-12-11 16:10:00,TTMI
13.15,13.16,13.14,13.16,2200,2020-12-11 16:15:00,TTMI
13.16,13.16,13.13,13.13,2955,2020-12-11 16:20:00,TTMI
13.12,13.12,13.1,13.1,3189,2020-12-11 16:25:00,TTMI
13.11,13.135,13.11,13.135,6711,2020-12-11 16:30:00,TTMI
13.13,13.13,13.105,13.12,9090,2020-12-11 16:35:00,TTMI
13.13,13.13,13.11,13.11,1900,2020-12-11 16:40:00,TTMI
13.11,13.12,13.11,13.11,1500,2020-12-11 16:45:00,TTMI
13.12,13.125,13.11,13.125,2543,2020-12-11 16:50:00,TTMI
13.125,13.15,13.115,13.12,8634,2020-12-11 16:55:00,TTMI
13.13,13.145,13.13,13.14,5789,2020-12-11 17:00:00,TTMI
13.15,13.15,13.13,13.13,865,2020-12-11 17:05:00,TTMI
13.13,13.13,13.11,13.115,7101,2020-12-11 17:10:00,TTMI
13.125,13.125,13.11,13.11,14711,2020-12-11 17:15:00,TTMI
13.11,13.14,13.11,13.135,25654,2020-12-11 17:20:00,TTMI
13.13,13.14,13.125,13.14,2400,2020-12-11 17:25:00,TTMI
13.135,13.15,13.13,13.135,3600,2020-12-11 17:30:00,TTMI
13.13,13.13,13.12,13.13,6542,2020-12-11 17:35:00,TTMI
13.13,13.13,13.125,13.125,3077,2020-12-11 17:40:00,TTMI
13.12,13.13,13.11,13.13,12910,2020-12-11 17:45:00,TTMI
13.135,13.19,13.13,13.18,21863,2020-12-11 17:50:00,TTMI
13.19,13.225,13.18,13.22,23349,2020-12-11 17:55:00,TTMI
13.21,13.245,13.21,13.245,45470,2020-12-11 18:00:00,TTMI
13.245,13.245,13.2,13.24,72717,2020-12-11 18:05:00,TTMI
13.25,13.255,13.22,13.225,21310,2020-12-11 18:10:00,TTMI
13.225,13.245,13.17,13.175,27120,2020-12-11 18:15:00,TTMI
13.17,13.18,13.13,13.15,31216,2020-12-11 18:20:00,TTMI
13.15,13.17,13.13,13.165,57632,2020-12-11 18:25:00,TTMI
13.165,13.18,13.16,13.17,25836,2020-12-11 18:30:00,TTMI
13.17,13.18,13.14,13.145,42662,2020-12-11 18:35:00,TTMI
13.145,13.145,13.115,13.13,16871,2020-12-11 18:40:00,TTMI
13.13,13.13,13.1,13.1,14551,2020-12-11 18:45:00,TTMI
13.1,13.13,13.075,13.13,19268,2020-12-11 18:50:00,TTMI
13.125,13.13,13.12,13.13,4489,2020-12-11 18:55:00,TTMI
13.13,13.16,13.13,13.15,21120,2020-12-11 19:00:00,TTMI
13.15,13.165,13.15,13.155,4243,2020-12-11 19:05:00,TTMI
13.15,13.17,13.15,13.17,3945,2020-12-11 19:10:00,TTMI
13.18,13.19,13.175,13.19,3338,2020-12-11 19:15:00,TTMI
13.19,13.2,13.18,13.2,4641,2020-12-11 19:20:00,TTMI
13.205,13.205,13.19,13.2,1893,2020-12-11 19:25:00,TTMI
13.19,13.21,13.19,13.21,5471,2020-12-11 19:30:00,TTMI
13.2,13.2,13.2,13.2,500,2020-12-11 19:35:00,TTMI
13.205,13.21,13.19,13.21,2696,2020-12-11 19:40:00,TTMI
13.2,13.21,13.2,13.2,1500,2020-12-11 19:45:00,TTMI
13.2,13.22,13.19,13.21,4891,2020-12-11 19:50:00,TTMI
13.21,13.24,13.2,13.23,14022,2020-12-11 19:55:00,TTMI
13.215,13.245,13.19,13.22,30180,2020-12-11 20:00:00,TTMI
13.22,13.225,13.22,13.22,3587,2020-12-11 20:05:00,TTMI
13.22,13.28,13.22,13.28,81006,2020-12-11 20:10:00,TTMI
13.28,13.3,13.25,13.295,6810,2020-12-11 20:15:00,TTMI
13.285,13.29,13.265,13.285,13737,2020-12-11 20:20:00,TTMI
13.285,13.3,13.27,13.295,12919,2020-12-11 20:25:00,TTMI
13.295,13.3,13.27,13.28,21728,2020-12-11 20:30:00,TTMI
13.28,13.3,13.275,13.29,12233,2020-12-11 20:35:00,TTMI
13.295,13.31,13.28,13.28,16231,2020-12-11 20:40:00,TTMI
13.28,13.29,13.275,13.28,19498,2020-12-11 20:45:00,TTMI
13.275,13.285,13.24,13.245,9107,2020-12-11 20:50:00,TTMI
13.24,13.26,13.235,13.25,29163,2020-12-11 20:55:00,TTMI
13.25,13.25,13.25,13.25,207160,2020-12-11 21:00:00,TTMI
13.25,13.25,13.25,13.25,76217,2020-12-11 21:05:00,TTMI
13.35,13.46,13.29,13.335,19130,2020-12-14 14:30:00,TTMI
13.32,13.43,13.32,13.43,8319,2020-12-14 14:35:00,TTMI
13.43,13.43,13.39,13.41,9971,2020-12-14 14:40:00,TTMI
13.41,13.41,13.355,13.375,7961,2020-12-14 14:45:00,TTMI
13.37,13.37,13.33,13.33,3470,2020-12-14 14:50:00,TTMI
13.32,13.34,13.31,13.33,2622,2020-12-14 14:55:00,TTMI
13.34,13.38,13.34,13.38,6105,2020-12-14 15:00:00,TTMI
13.39,13.41,13.39,13.405,3051,2020-12-14 15:05:00,TTMI
13.4,13.4,13.36,13.36,3800,2020-12-14 15:10:00,TTMI
13.36,13.36,13.34,13.34,3859,2020-12-14 15:15:00,TTMI
13.34,13.34,13.32,13.32,1619,2020-12-14 15:20:00,TTMI
13.31,13.33,13.3,13.32,5202,2020-12-14 15:25:00,TTMI
13.33,13.36,13.33,13.35,7300,2020-12-14 15:30:00,TTMI
13.35,13.35,13.32,13.34,3814,2020-12-14 15:35:00,TTMI
13.34,13.37,13.34,13.37,6225,2020-12-14 15:40:00,TTMI
13.36,13.36,13.345,13.35,2452,2020-12-14 15:45:00,TTMI
13.35,13.355,13.34,13.355,2839,2020-12-14 15:50:00,TTMI
13.36,13.36,13.33,13.33,5780,2020-12-14 15:55:00,TTMI
13.335,13.34,13.325,13.33,3516,2020-12-14 16:00:00,TTMI
13.325,13.36,13.325,13.34,4873,2020-12-14 16:05:00,TTMI
13.34,13.36,13.34,13.36,4353,2020-12-14 16:10:00,TTMI
13.37,13.4,13.37,13.375,3405,2020-12-14 16:15:00,TTMI
13.375,13.38,13.365,13.38,2900,2020-12-14 16:20:00,TTMI
13.3731,13.3731,13.34,13.36,16481,2020-12-14 16:25:00,TTMI
13.36,13.36,13.34,13.36,5202,2020-12-14 16:30:00,TTMI
13.36,13.39,13.36,13.38,53295,2020-12-14 16:35:00,TTMI
13.38,13.4,13.38,13.38,4643,2020-12-14 16:40:00,TTMI
13.385,13.39,13.375,13.39,4132,2020-12-14 16:45:00,TTMI
13.385,13.4,13.385,13.4,862,2020-12-14 16:50:00,TTMI
13.4,13.4,13.38,13.38,2446,2020-12-14 16:55:00,TTMI
13.375,13.375,13.36,13.37,4400,2020-12-14 17:00:00,TTMI
13.38,13.4,13.375,13.38,5103,2020-12-14 17:05:00,TTMI
13.375,13.375,13.375,13.375,300,2020-12-14 17:10:00,TTMI
13.37,13.37,13.34,13.35,5999,2020-12-14 17:15:00,TTMI
13.36,13.37,13.36,13.37,2542,2020-12-14 17:20:00,TTMI
13.36,13.375,13.36,13.36,5183,2020-12-14 17:25:00,TTMI
13.36,13.36,13.345,13.35,4125,2020-12-14 17:30:00,TTMI
13.35,13.36,13.35,13.36,2800,2020-12-14 17:35:00,TTMI
13.37,13.375,13.355,13.36,4606,2020-12-14 17:40:00,TTMI
13.36,13.36,13.345,13.345,1500,2020-12-14 17:45:00,TTMI
13.35,13.35,13.34,13.35,5033,2020-12-14 17:50:00,TTMI
13.34,13.345,13.335,13.345,3020,2020-12-14 17:55:00,TTMI
13.35,13.36,13.345,13.345,2900,2020-12-14 18:00:00,TTMI
13.345,13.345,13.315,13.315,8653,2020-12-14 18:05:00,TTMI
13.33,13.33,13.33,13.33,2100,2020-12-14 18:10:00,TTMI
13.33,13.335,13.325,13.335,2700,2020-12-14 18:15:00,TTMI
13.335,13.34,13.33,13.33,1375,2020-12-14 18:20:00,TTMI
13.33,13.33,13.32,13.32,2710,2020-12-14 18:25:00,TTMI
13.33,13.34,13.33,13.34,4299,2020-12-14 18:30:00,TTMI
13.34,13.36,13.34,13.355,1828,2020-12-14 18:35:00,TTMI
13.36,13.36,13.355,13.355,2621,2020-12-14 18:40:00,TTMI
13.35,13.36,13.35,13.355,7897,2020-12-14 18:45:00,TTMI
13.36,13.36,13.35,13.355,6905,2020-12-14 18:50:00,TTMI
13.36,13.36,13.345,13.35,11388,2020-12-14 18:55:00,TTMI
13.35,13.35,13.345,13.35,5211,2020-12-14 19:00:00,TTMI
13.34,13.35,13.34,13.35,1804,2020-12-14 19:05:00,TTMI
13.35,13.37,13.35,13.37,8207,2020-12-14 19:10:00,TTMI
13.37,13.375,13.345,13.37,9389,2020-12-14 19:15:00,TTMI
13.37,13.37,13.345,13.36,5776,2020-12-14 19:20:00,TTMI
13.355,13.36,13.34,13.35,7999,2020-12-14 19:25:00,TTMI
13.35,13.35,13.34,13.35,14789,2020-12-14 19:30:00,TTMI
13.34,13.34,13.32,13.33,5607,2020-12-14 19:35:00,TTMI
13.33,13.34,13.32,13.34,4846,2020-12-14 19:40:00,TTMI
13.33,13.34,13.33,13.335,3328,2020-12-14 19:45:00,TTMI
13.34,13.365,13.34,13.35,29812,2020-12-14 19:50:00,TTMI
13.355,13.39,13.355,13.39,5817,2020-12-14 19:55:00,TTMI
13.385,13.385,13.37,13.375,2638,2020-12-14 20:00:00,TTMI
13.375,13.375,13.355,13.36,13942,2020-12-14 20:05:00,TTMI
13.35,13.35,13.33,13.33,8706,2020-12-14 20:10:00,TTMI
13.33,13.35,13.32,13.35,9420,2020-12-14 20:15:00,TTMI
13.345,13.35,13.32,13.34,7917,2020-12-14 20:20:00,TTMI
13.335,13.35,13.33,13.33,10215,2020-12-14 20:25:00,TTMI
13.33,13.33,13.295,13.31,19425,2020-12-14 20:30:00,TTMI
13.31,13.325,13.28,13.28,9007,2020-12-14 20:35:00,TTMI
13.285,13.3,13.285,13.3,7056,2020-12-14 20:40:00,TTMI
13.29,13.345,13.285,13.34,29037,2020-12-14 20:45:00,TTMI
13.33,13.34,13.3,13.33,22226,2020-12-14 20:50:00,TTMI
13.32,13.33,13.29,13.3,32433,2020-12-14 20:55:00,TTMI
13.29,13.29,13.29,13.29,69789,2020-12-14 21:00:00,TTMI
13.41,13.51,13.2004,13.44,9821,2020-12-15 14:30:00,TTMI
13.47,13.49,13.44,13.45,12312,2020-12-15 14:35:00,TTMI
13.45,13.49,13.44,13.44,10563,2020-12-15 14:40:00,TTMI
13.44,13.44,13.43,13.435,1987,2020-12-15 14:45:00,TTMI
13.455,13.48,13.445,13.445,7839,2020-12-15 14:50:00,TTMI
13.44,13.445,13.42,13.43,2290,2020-12-15 14:55:00,TTMI
13.42,13.45,13.42,13.435,5828,2020-12-15 15:00:00,TTMI
13.435,13.47,13.435,13.45,3106,2020-12-15 15:05:00,TTMI
13.44,13.465,13.44,13.465,1374,2020-12-15 15:10:00,TTMI
13.45,13.48,13.45,13.48,6236,2020-12-15 15:15:00,TTMI
13.46,13.46,13.43,13.43,6009,2020-12-15 15:20:00,TTMI
13.43,13.435,13.415,13.43,3625,2020-12-15 15:25:00,TTMI
13.42,13.44,13.42,13.435,2500,2020-12-15 15:30:00,TTMI
13.44,13.44,13.42,13.42,8931,2020-12-15 15:35:00,TTMI
13.41,13.43,13.395,13.425,5046,2020-12-15 15:40:00,TTMI
13.43,13.45,13.425,13.445,3297,2020-12-15 15:45:00,TTMI
13.445,13.46,13.445,13.46,2100,2020-12-15 15:50:00,TTMI
13.465,13.47,13.445,13.445,3275,2020-12-15 15:55:00,TTMI
13.445,13.445,13.44,13.44,2093,2020-12-15 16:00:00,TTMI
13.43,13.44,13.415,13.44,4233,2020-12-15 16:05:00,TTMI
13.455,13.48,13.45,13.475,4200,2020-12-15 16:10:00,TTMI
13.47,13.47,13.455,13.455,1922,2020-12-15 16:15:00,TTMI
13.455,13.48,13.455,13.48,2300,2020-12-15 16:20:00,TTMI
13.475,13.475,13.465,13.465,5777,2020-12-15 16:25:00,TTMI
13.465,13.47,13.465,13.465,3345,2020-12-15 16:30:00,TTMI
13.47,13.47,13.46,13.47,4562,2020-12-15 16:35:00,TTMI
13.475,13.49,13.475,13.485,4752,2020-12-15 16:40:00,TTMI
13.485,13.485,13.475,13.475,2213,2020-12-15 16:45:00,TTMI
13.473,13.475,13.46,13.465,3000,2020-12-15 16:50:00,TTMI
13.465,13.48,13.465,13.475,10003,2020-12-15 16:55:00,TTMI
13.475,13.485,13.475,13.475,3358,2020-12-15 17:00:00,TTMI
13.475,13.475,13.46,13.46,3050,2020-12-15 17:05:00,TTMI
13.46,13.465,13.46,13.465,1400,2020-12-15 17:10:00,TTMI
13.465,13.48,13.46,13.465,6600,2020-12-15 17:15:00,TTMI
13.47,13.47,13.465,13.465,7397,2020-12-15 17:20:00,TTMI
13.47,13.47,13.45,13.455,2600,2020-12-15 17:25:00,TTMI
13.455,13.46,13.45,13.455,5700,2020-12-15 17:30:00,TTMI
13.455,13.465,13.455,13.465,2044,2020-12-15 17:35:00,TTMI
13.47,13.47,13.455,13.455,1895,2020-12-15 17:40:00,TTMI
13.46,13.475,13.45,13.475,11332,2020-12-15 17:45:00,TTMI
13.475,13.485,13.475,13.485,2200,2020-12-15 17:50:00,TTMI
13.48,13.485,13.475,13.485,2840,2020-12-15 17:55:00,TTMI
13.49,13.495,13.485,13.49,6487,2020-12-15 18:00:00,TTMI
13.495,13.495,13.465,13.465,6865,2020-12-15 18:05:00,TTMI
13.47,13.48,13.46,13.48,4093,2020-12-15 18:10:00,TTMI
13.485,13.495,13.48,13.495,2372,2020-12-15 18:15:00,TTMI
13.495,13.505,13.485,13.495,4766,2020-12-15 18:20:00,TTMI
13.5,13.5,13.485,13.485,8678,2020-12-15 18:25:00,TTMI
13.485,13.52,13.485,13.52,45291,2020-12-15 18:30:00,TTMI
13.525,13.535,13.52,13.535,14235,2020-12-15 18:35:00,TTMI
13.535,13.555,13.53,13.555,4643,2020-12-15 18:40:00,TTMI
13.555,13.57,13.555,13.565,2641,2020-12-15 18:45:00,TTMI
13.56,13.56,13.53,13.54,6690,2020-12-15 18:50:00,TTMI
13.535,13.54,13.535,13.54,1800,2020-12-15 18:55:00,TTMI
13.54,13.56,13.535,13.56,5600,2020-12-15 19:00:00,TTMI
13.555,13.57,13.555,13.565,3240,2020-12-15 19:05:00,TTMI
13.565,13.58,13.56,13.565,4441,2020-12-15 19:10:00,TTMI
13.57,13.58,13.565,13.58,3144,2020-12-15 19:15:00,TTMI
13.575,13.575,13.55,13.555,3955,2020-12-15 19:20:00,TTMI
13.56,13.575,13.555,13.575,6260,2020-12-15 19:25:00,TTMI
13.58,13.585,13.55,13.56,22889,2020-12-15 19:30:00,TTMI
13.565,13.6,13.565,13.59,9231,2020-12-15 19:35:00,TTMI
13.6,13.605,13.595,13.605,2500,2020-12-15 19:40:00,TTMI
13.605,13.615,13.6,13.61,2228,2020-12-15 19:45:00,TTMI
13.615,13.615,13.605,13.605,2294,2020-12-15 19:50:00,TTMI
13.61,13.61,13.595,13.595,12239,2020-12-15 19:55:00,TTMI
13.59,13.59,13.585,13.59,3500,2020-12-15 20:00:00,TTMI
13.585,13.6,13.58,13.595,6327,2020-12-15 20:05:00,TTMI
13.595,13.595,13.575,13.58,10900,2020-12-15 20:10:00,TTMI
13.58,13.58,13.555,13.57,24263,2020-12-15 20:15:00,TTMI
13.565,13.61,13.56,13.605,118319,2020-12-15 20:20:00,TTMI
13.59,13.595,13.565,13.59,39868,2020-12-15 20:25:00,TTMI
13.585,13.6,13.56,13.565,92274,2020-12-15 20:30:00,TTMI
13.56,13.59,13.56,13.58,19755,2020-12-15 20:35:00,TTMI
13.58,13.59,13.575,13.59,25301,2020-12-15 20:40:00,TTMI
13.59,13.61,13.58,13.6,78221,2020-12-15 20:45:00,TTMI
13.605,13.61,13.57,13.59,50358,2020-12-15 20:50:00,TTMI
13.6,13.665,13.58,13.62,204804,2020-12-15 20:55:00,TTMI
13.62,13.62,13.62,13.62,79518,2020-12-15 21:00:00,TTMI
13.72,13.75,13.64,13.69,15097,2020-12-16 14:30:00,TTMI
13.71,13.71,13.59,13.6,14597,2020-12-16 14:35:00,TTMI
13.6,13.6,13.525,13.53,10111,2020-12-16 14:40:00,TTMI
13.55,13.55,13.52,13.521,3859,2020-12-16 14:45:00,TTMI
13.55,13.57,13.545,13.55,900,2020-12-16 14:50:00,TTMI
13.545,13.545,13.51,13.53,2073,2020-12-16 14:55:00,TTMI
13.52,13.52,13.49,13.49,1546,2020-12-16 15:00:00,TTMI
13.48,13.48,13.46,13.47,3568,2020-12-16 15:05:00,TTMI
13.47,13.47,13.44,13.44,4578,2020-12-16 15:10:00,TTMI
13.45,13.52,13.45,13.52,12039,2020-12-16 15:15:00,TTMI
13.5,13.51,13.47,13.51,6255,2020-12-16 15:20:00,TTMI
13.53,13.53,13.505,13.505,1817,2020-12-16 15:25:00,TTMI
13.5,13.5,13.48,13.48,3872,2020-12-16 15:30:00,TTMI
13.48,13.49,13.46,13.47,3554,2020-12-16 15:35:00,TTMI
13.47,13.475,13.47,13.47,700,2020-12-16 15:40:00,TTMI
13.46,13.46,13.45,13.46,1729,2020-12-16 15:45:00,TTMI
13.46,13.465,13.4501,13.46,1725,2020-12-16 15:50:00,TTMI
13.45,13.45,13.44,13.44,2519,2020-12-16 15:55:00,TTMI
13.44,13.44,13.43,13.43,900,2020-12-16 16:00:00,TTMI
13.44,13.45,13.44,13.44,1683,2020-12-16 16:05:00,TTMI
13.44,13.45,13.42,13.45,7768,2020-12-16 16:10:00,TTMI
13.45,13.45,13.44,13.45,6685,2020-12-16 16:15:00,TTMI
13.46,13.46,13.46,13.46,1700,2020-12-16 16:20:00,TTMI
13.47,13.48,13.47,13.48,799,2020-12-16 16:25:00,TTMI
13.48,13.48,13.46,13.46,4393,2020-12-16 16:30:00,TTMI
13.47,13.47,13.45,13.455,69323,2020-12-16 16:35:00,TTMI
13.45,13.455,13.45,13.455,6537,2020-12-16 16:40:00,TTMI
13.46,13.49,13.46,13.49,4123,2020-12-16 16:45:00,TTMI
13.495,13.495,13.48,13.4872,2121,2020-12-16 16:50:00,TTMI
13.48,13.48,13.48,13.48,400,2020-12-16 16:55:00,TTMI
13.48,13.49,13.46,13.46,3751,2020-12-16 17:00:00,TTMI
13.46,13.47,13.46,13.46,2023,2020-12-16 17:05:00,TTMI
13.46,13.51,13.46,13.51,17559,2020-12-16 17:10:00,TTMI
13.51,13.52,13.51,13.52,7284,2020-12-16 17:15:00,TTMI
13.515,13.52,13.51,13.5125,1598,2020-12-16 17:20:00,TTMI
13.51,13.51,13.5,13.51,3815,2020-12-16 17:25:00,TTMI
13.51,13.51,13.5015,13.51,877,2020-12-16 17:30:00,TTMI
13.5,13.52,13.49,13.5194,7452,2020-12-16 17:35:00,TTMI
13.515,13.52,13.515,13.52,1000,2020-12-16 17:40:00,TTMI
13.52,13.53,13.52,13.52,3808,2020-12-16 17:45:00,TTMI
13.51,13.515,13.51,13.515,1400,2020-12-16 17:50:00,TTMI
13.52,13.52,13.51,13.51,700,2020-12-16 17:55:00,TTMI
13.52,13.53,13.51,13.525,3990,2020-12-16 18:00:00,TTMI
13.52,13.52,13.51,13.51,3419,2020-12-16 18:05:00,TTMI
13.51,13.51,13.5,13.5,1432,2020-12-16 18:10:00,TTMI
13.49,13.49,13.49,13.49,1900,2020-12-16 18:15:00,TTMI
13.49,13.495,13.48,13.485,2532,2020-12-16 18:20:00,TTMI
13.485,13.485,13.48,13.485,900,2020-12-16 18:25:00,TTMI
13.48,13.49,13.48,13.485,1607,2020-12-16 18:30:00,TTMI
13.4829,13.49,13.48,13.48,1300,2020-12-16 18:35:00,TTMI
13.48,13.49,13.46,13.49,17528,2020-12-16 18:40:00,TTMI
13.49,13.5,13.49,13.495,9596,2020-12-16 18:45:00,TTMI
13.495,13.51,13.495,13.51,3800,2020-12-16 18:50:00,TTMI
13.51,13.51,13.505,13.51,2827,2020-12-16 18:55:00,TTMI
13.52,13.53,13.515,13.515,4540,2020-12-16 19:00:00,TTMI
13.51,13.515,13.5,13.505,7073,2020-12-16 19:05:00,TTMI
13.505,13.54,13.5,13.535,30753,2020-12-16 19:10:00,TTMI
13.53,13.53,13.51,13.51,5081,2020-12-16 19:15:00,TTMI
13.505,13.525,13.505,13.525,8583,2020-12-16 19:20:00,TTMI
13.52,13.52,13.51,13.51,3128,2020-12-16 19:25:00,TTMI
13.51,13.54,13.51,13.52,7841,2020-12-16 19:30:00,TTMI
13.53,13.56,13.53,13.555,4325,2020-12-16 19:35:00,TTMI
13.555,13.58,13.545,13.565,8302,2020-12-16 19:40:00,TTMI
13.5624,13.59,13.56,13.59,5882,2020-12-16 19:45:00,TTMI
13.585,13.6,13.58,13.585,8530,2020-12-16 19:50:00,TTMI
13.59,13.605,13.585,13.6,8806,2020-12-16 19:55:00,TTMI
13.6,13.6,13.585,13.6,4315,2020-12-16 20:00:00,TTMI
13.59,13.6,13.58,13.6,5598,2020-12-16 20:05:00,TTMI
13.595,13.61,13.595,13.61,5990,2020-12-16 20:10:00,TTMI
13.615,13.625,13.605,13.625,6509,2020-12-16 20:15:00,TTMI
13.625,13.63,13.59,13.595,7579,2020-12-16 20:20:00,TTMI
13.595,13.61,13.59,13.61,7490,2020-12-16 20:25:00,TTMI
13.61,13.66,13.61,13.635,37184,2020-12-16 20:30:00,TTMI
13.635,13.64,13.625,13.64,33276,2020-12-16 20:35:00,TTMI
13.645,13.67,13.645,13.665,19187,2020-12-16 20:40:00,TTMI
13.665,13.685,13.65,13.65,21882,2020-12-16 20:45:00,TTMI
13.65,13.65,13.555,13.57,82760,2020-12-16 20:50:00,TTMI
13.575,13.61,13.56,13.58,112134,2020-12-16 20:55:00,TTMI
13.57,13.57,13.57,13.57,155089,2020-12-16 21:00:00,TTMI
13.55,13.58,13.54,13.58,2886,2020-12-17 14:00:00,TTMI
13.5,13.5,13.5,13.5,100,2020-12-17 14:05:00,TTMI
13.67,13.75,13.4,13.61,20183,2020-12-17 14:30:00,TTMI
13.7,13.7,13.61,13.64,21845,2020-12-17 14:35:00,TTMI
13.645,13.67,13.645,13.66,2900,2020-12-17 14:40:00,TTMI
13.66,13.68,13.655,13.68,4100,2020-12-17 14:45:00,TTMI
13.69,13.69,13.62,13.645,10922,2020-12-17 14:50:00,TTMI
13.64,13.64,13.6,13.605,4000,2020-12-17 14:55:00,TTMI
13.605,13.61,13.55,13.555,25941,2020-12-17 15:00:00,TTMI
13.555,13.595,13.55,13.59,3090,2020-12-17 15:05:00,TTMI
13.59,13.59,13.585,13.59,1400,2020-12-17 15:10:00,TTMI
13.58,13.6,13.58,13.6,3400,2020-12-17 15:15:00,TTMI
13.6,13.605,13.565,13.565,6843,2020-12-17 15:20:00,TTMI
13.57,13.62,13.55,13.61,3108,2020-12-17 15:25:00,TTMI
13.6,13.6,13.59,13.59,7523,2020-12-17 15:30:00,TTMI
13.58,13.585,13.55,13.55,4614,2020-12-17 15:35:00,TTMI
13.55,13.55,13.54,13.54,2903,2020-12-17 15:40:00,TTMI
13.54,13.56,13.54,13.56,1650,2020-12-17 15:45:00,TTMI
13.56,13.56,13.545,13.545,2403,2020-12-17 15:50:00,TTMI
13.545,13.545,13.535,13.54,2045,2020-12-17 15:55:00,TTMI
13.54,13.59,13.54,13.58,6552,2020-12-17 16:00:00,TTMI
13.58,13.6,13.58,13.6,5246,2020-12-17 16:05:00,TTMI
13.6,13.625,13.6,13.625,2800,2020-12-17 16:10:00,TTMI
13.63,13.63,13.61,13.61,1271,2020-12-17 16:15:00,TTMI
13.61,13.625,13.61,13.62,2500,2020-12-17 16:20:00,TTMI
13.625,13.625,13.6,13.61,2304,2020-12-17 16:25:00,TTMI
13.6,13.605,13.59,13.6,7400,2020-12-17 16:30:00,TTMI
13.595,13.62,13.595,13.62,2900,2020-12-17 16:35:00,TTMI
13.62,13.62,13.61,13.62,1044,2020-12-17 16:40:00,TTMI
13.62,13.63,13.61,13.625,4248,2020-12-17 16:45:00,TTMI
13.625,13.63,13.6,13.6,4162,2020-12-17 16:50:00,TTMI
13.6,13.615,13.6,13.615,944,2020-12-17 16:55:00,TTMI
13.61,13.615,13.61,13.61,826,2020-12-17 17:00:00,TTMI
13.61,13.61,13.59,13.595,3871,2020-12-17 17:05:00,TTMI
13.59,13.595,13.58,13.595,3393,2020-12-17 17:10:00,TTMI
13.595,13.61,13.59,13.61,2400,2020-12-17 17:15:00,TTMI
13.61,13.62,13.605,13.62,2266,2020-12-17 17:20:00,TTMI
13.62,13.62,13.62,13.62,900,2020-12-17 17:25:00,TTMI
13.62,13.66,13.62,13.62,4748,2020-12-17 17:30:00,TTMI
13.62,13.63,13.6,13.615,4768,2020-12-17 17:35:00,TTMI
13.61,13.625,13.61,13.61,3268,2020-12-17 17:40:00,TTMI
13.61,13.63,13.61,13.62,5500,2020-12-17 17:45:00,TTMI
13.625,13.64,13.625,13.63,2700,2020-12-17 17:50:00,TTMI
13.64,13.64,13.63,13.63,1600,2020-12-17 17:55:00,TTMI
13.63,13.63,13.625,13.625,2795,2020-12-17 18:00:00,TTMI
13.625,13.625,13.6,13.6,3692,2020-12-17 18:05:00,TTMI
13.6,13.615,13.59,13.6,4735,2020-12-17 18:10:00,TTMI
13.61,13.62,13.6,13.62,2962,2020-12-17 18:15:00,TTMI
13.61,13.615,13.6,13.6,1018,2020-12-17 18:20:00,TTMI
13.61,13.61,13.605,13.605,800,2020-12-17 18:25:00,TTMI
13.605,13.605,13.6,13.6,1400,2020-12-17 18:30:00,TTMI
13.61,13.64,13.6,13.64,10521,2020-12-17 18:35:00,TTMI
13.64,13.64,13.64,13.64,1000,2020-12-17 18:40:00,TTMI
13.6315,13.635,13.63,13.63,899,2020-12-17 18:45:00,TTMI
13.63,13.63,13.62,13.625,4418,2020-12-17 18:50:00,TTMI
13.625,13.625,13.61,13.61,2788,2020-12-17 18:55:00,TTMI
13.61,13.615,13.61,13.61,2015,2020-12-17 19:00:00,TTMI
13.61,13.625,13.61,13.62,6205,2020-12-17 19:05:00,TTMI
13.615,13.62,13.61,13.62,1700,2020-12-17 19:10:00,TTMI
13.62,13.64,13.62,13.64,3293,2020-12-17 19:15:00,TTMI
13.635,13.64,13.63,13.63,700,2020-12-17 19:20:00,TTMI
13.635,13.6399,13.63,13.635,1000,2020-12-17 19:25:00,TTMI
13.635,13.635,13.61,13.62,27151,2020-12-17 19:30:00,TTMI
13.615,13.625,13.605,13.61,24189,2020-12-17 19:35:00,TTMI
13.61,13.61,13.6,13.6,3500,2020-12-17 19:40:00,TTMI
13.6,13.6,13.58,13.58,4800,2020-12-17 19:45:00,TTMI
13.58,13.58,13.56,13.56,4464,2020-12-17 19:50:00,TTMI
13.56,13.565,13.545,13.5501,8802,2020-12-17 19:55:00,TTMI
13.55,13.56,13.52,13.52,9070,2020-12-17 20:00:00,TTMI
13.525,13.53,13.51,13.53,15742,2020-12-17 20:05:00,TTMI
13.525,13.55,13.52,13.55,9919,2020-12-17 20:10:00,TTMI
13.545,13.56,13.545,13.55,7398,2020-12-17 20:15:00,TTMI
13.56,13.56,13.54,13.54,5123,2020-12-17 20:20:00,TTMI
13.54,13.54,13.52,13.52,11667,2020-12-17 20:25:00,TTMI
13.52,13.53,13.51,13.52,18490,2020-12-17 20:30:00,TTMI
13.52,13.53,13.5,13.525,13878,2020-12-17 20:35:00,TTMI
13.525,13.53,13.52,13.52,7500,2020-12-17 20:40:00,TTMI
13.525,13.55,13.51,13.51,20367,2020-12-17 20:45:00,TTMI
13.51,13.55,13.51,13.55,25685,2020-12-17 20:50:00,TTMI
13.55,13.56,13.51,13.54,118050,2020-12-17 20:55:00,TTMI
13.54,13.54,13.54,13.54,91760,2020-12-17 21:00:00,TTMI
13.59,13.71,13.45,13.595,259191,2020-12-18 14:30:00,TTMI
13.56,13.56,13.47,13.48,20404,2020-12-18 14:35:00,TTMI
13.48,13.56,13.46,13.53,6744,2020-12-18 14:40:00,TTMI
13.52,13.52,13.455,13.475,12721,2020-12-18 14:45:00,TTMI
13.45,13.47,13.435,13.465,21296,2020-12-18 14:50:00,TTMI
13.47,13.47,13.41,13.41,26064,2020-12-18 14:55:00,TTMI
13.415,13.475,13.41,13.47,37092,2020-12-18 15:00:00,TTMI
13.47,13.525,13.465,13.525,9263,2020-12-18 15:05:00,TTMI
13.53,13.56,13.53,13.55,5998,2020-12-18 15:10:00,TTMI
13.555,13.56,13.55,13.56,5283,2020-12-18 15:15:00,TTMI
13.565,13.57,13.53,13.53,9919,2020-12-18 15:20:00,TTMI
13.53,13.53,13.515,13.52,6469,2020-12-18 15:25:00,TTMI
13.52,13.52,13.51,13.52,4500,2020-12-18 15:30:00,TTMI
13.515,13.53,13.495,13.495,9355,2020-12-18 15:35:00,TTMI
13.495,13.495,13.49,13.491,3951,2020-12-18 15:40:00,TTMI
13.49,13.49,13.48,13.485,3655,2020-12-18 15:45:00,TTMI
13.48,13.48,13.465,13.47,6550,2020-12-18 15:50:00,TTMI
13.46,13.47,13.46,13.465,6142,2020-12-18 15:55:00,TTMI
13.47,13.47,13.46,13.47,3398,2020-12-18 16:00:00,TTMI
13.465,13.465,13.43,13.435,5312,2020-12-18 16:05:00,TTMI
13.435,13.435,13.41,13.435,12533,2020-12-18 16:10:00,TTMI
13.435,13.435,13.41,13.415,4900,2020-12-18 16:15:00,TTMI
13.42,13.46,13.42,13.45,10383,2020-12-18 16:20:00,TTMI
13.455,13.46,13.44,13.44,4978,2020-12-18 16:25:00,TTMI
13.445,13.445,13.43,13.435,10038,2020-12-18 16:30:00,TTMI
13.435,13.435,13.43,13.435,7039,2020-12-18 16:35:00,TTMI
13.43,13.45,13.42,13.45,9547,2020-12-18 16:40:00,TTMI
13.45,13.45,13.43,13.435,8263,2020-12-18 16:45:00,TTMI
13.43,13.44,13.43,13.43,6676,2020-12-18 16:50:00,TTMI
13.435,13.435,13.425,13.43,8620,2020-12-18 16:55:00,TTMI
13.43,13.52,13.425,13.52,18193,2020-12-18 17:00:00,TTMI
13.51,13.51,13.5,13.51,7326,2020-12-18 17:05:00,TTMI
13.5,13.505,13.48,13.48,2654,2020-12-18 17:10:00,TTMI
13.485,13.485,13.48,13.48,1641,2020-12-18 17:15:00,TTMI
13.485,13.485,13.48,13.485,535,2020-12-18 17:20:00,TTMI
13.48,13.49,13.48,13.48,3885,2020-12-18 17:25:00,TTMI
13.485,13.5,13.485,13.495,9736,2020-12-18 17:30:00,TTMI
13.495,13.5,13.49,13.5,2299,2020-12-18 17:35:00,TTMI
13.5,13.5,13.48,13.48,4241,2020-12-18 17:40:00,TTMI
13.47,13.48,13.47,13.48,9386,2020-12-18 17:45:00,TTMI
13.48,13.5,13.475,13.48,4898,2020-12-18 17:50:00,TTMI
13.49,13.49,13.48,13.485,1700,2020-12-18 17:55:00,TTMI
13.49,13.49,13.48,13.49,11705,2020-12-18 18:00:00,TTMI
13.49,13.49,13.48,13.485,3315,2020-12-18 18:05:00,TTMI
13.49,13.49,13.465,13.475,6223,2020-12-18 18:10:00,TTMI
13.475,13.48,13.47,13.47,1800,2020-12-18 18:15:00,TTMI
13.475,13.48,13.45,13.455,4801,2020-12-18 18:20:00,TTMI
13.46,13.46,13.45,13.455,2802,2020-12-18 18:25:00,TTMI
13.455,13.455,13.44,13.45,4832,2020-12-18 18:30:00,TTMI
13.44,13.45,13.435,13.435,1830,2020-12-18 18:35:00,TTMI
13.435,13.44,13.425,13.4399,6071,2020-12-18 18:40:00,TTMI
13.44,13.44,13.42,13.42,3800,2020-12-18 18:45:00,TTMI
13.42,13.43,13.42,13.42,7772,2020-12-18 18:50:00,TTMI
13.42,13.43,13.41,13.42,5469,2020-12-18 18:55:00,TTMI
13.43,13.43,13.39,13.39,15004,2020-12-18 19:00:00,TTMI
13.39,13.395,13.39,13.39,1735,2020-12-18 19:05:00,TTMI
13.385,13.39,13.38,13.39,2100,2020-12-18 19:10:00,TTMI
13.38,13.39,13.38,13.385,3776,2020-12-18 19:15:00,TTMI
13.385,13.4,13.375,13.375,5177,2020-12-18 19:20:00,TTMI
13.3727,13.4,13.37,13.39,10165,2020-12-18 19:25:00,TTMI
13.4,13.41,13.37,13.41,25437,2020-12-18 19:30:00,TTMI
13.41,13.4655,13.41,13.45,17184,2020-12-18 19:35:00,TTMI
13.455,13.5,13.42,13.42,50761,2020-12-18 19:40:00,TTMI
13.42,13.425,13.41,13.425,10548,2020-12-18 19:45:00,TTMI
13.425,13.425,13.4,13.4,6608,2020-12-18 19:50:00,TTMI
13.4,13.43,13.4,13.41,31723,2020-12-18 19:55:00,TTMI
13.42,13.42,13.41,13.41,10015,2020-12-18 20:00:00,TTMI
13.415,13.43,13.41,13.425,8074,2020-12-18 20:05:00,TTMI
13.42,13.43,13.41,13.43,33743,2020-12-18 20:10:00,TTMI
13.44,13.44,13.41,13.41,9825,2020-12-18 20:15:00,TTMI
13.415,13.47,13.405,13.46,37344,2020-12-18 20:20:00,TTMI
13.46,13.47,13.44,13.47,17217,2020-12-18 20:25:00,TTMI
13.475,13.52,13.46,13.49,35708,2020-12-18 20:30:00,TTMI
13.49,13.5,13.48,13.5,12194,2020-12-18 20:35:00,TTMI
13.49,13.53,13.48,13.53,15279,2020-12-18 20:40:00,TTMI
13.53,13.545,13.505,13.505,30877,2020-12-18 20:45:00,TTMI
13.5,13.5,13.435,13.5,63853,2020-12-18 20:50:00,TTMI
13.5,13.52,13.47,13.49,69389,2020-12-18 20:55:00,TTMI
13.49,13.49,13.49,13.49,456123,2020-12-18 21:00:00,TTMI
13.49,13.49,13.49,13.49,25819,2020-12-18 21:15:00,TTMI
13.27,13.3,13.2,13.3,8386,2020-12-21 14:30:00,TTMI
13.25,13.285,13.22,13.2705,15715,2020-12-21 14:35:00,TTMI
13.27,13.285,13.23,13.28,21425,2020-12-21 14:40:00,TTMI
13.285,13.3,13.27,13.29,9499,2020-12-21 14:45:00,TTMI
13.3,13.32,13.29,13.315,8000,2020-12-21 14:50:00,TTMI
13.32,13.35,13.32,13.34,3303,2020-12-21 14:55:00,TTMI
13.33,13.35,13.3,13.31,8871,2020-12-21 15:00:00,TTMI
13.3,13.31,13.28,13.3,29126,2020-12-21 15:05:00,TTMI
13.31,13.32,13.285,13.285,8833,2020-12-21 15:10:00,TTMI
13.29,13.32,13.29,13.295,8369,2020-12-21 15:15:00,TTMI
13.29,13.32,13.29,13.3,3561,2020-12-21 15:20:00,TTMI
13.3,13.31,13.285,13.285,6973,2020-12-21 15:25:00,TTMI
13.28,13.295,13.27,13.28,15701,2020-12-21 15:30:00,TTMI
13.285,13.3,13.28,13.29,4114,2020-12-21 15:35:00,TTMI
13.3,13.305,13.29,13.29,10423,2020-12-21 15:40:00,TTMI
13.2987,13.31,13.285,13.31,34756,2020-12-21 15:45:00,TTMI
13.305,13.31,13.3,13.31,22894,2020-12-21 15:50:00,TTMI
13.31,13.34,13.3,13.31,21012,2020-12-21 15:55:00,TTMI
13.31,13.32,13.31,13.32,16828,2020-12-21 16:00:00,TTMI
13.32,13.35,13.32,13.34,27466,2020-12-21 16:05:00,TTMI
13.34,13.36,13.34,13.35,31955,2020-12-21 16:10:00,TTMI
13.35,13.36,13.35,13.36,9101,2020-12-21 16:15:00,TTMI
13.36,13.39,13.35,13.38,23008,2020-12-21 16:20:00,TTMI
13.38,13.38,13.37,13.37,2473,2020-12-21 16:25:00,TTMI
13.37,13.38,13.33,13.33,17715,2020-12-21 16:30:00,TTMI
13.32,13.39,13.31,13.39,27680,2020-12-21 16:35:00,TTMI
13.39,13.4,13.375,13.38,16502,2020-12-21 16:40:00,TTMI
13.375,13.38,13.37,13.38,11393,2020-12-21 16:45:00,TTMI
13.375,13.39,13.37,13.38,13407,2020-12-21 16:50:00,TTMI
13.385,13.39,13.36,13.365,11856,2020-12-21 16:55:00,TTMI
13.37,13.39,13.36,13.39,28995,2020-12-21 17:00:00,TTMI
13.39,13.4,13.37,13.37,9838,2020-12-21 17:05:00,TTMI
13.37,13.38,13.36,13.365,14000,2020-12-21 17:10:00,TTMI
13.365,13.375,13.36,13.36,19571,2020-12-21 17:15:00,TTMI
13.37,13.42,13.37,13.41,29082,2020-12-21 17:20:00,TTMI
13.42,13.43,13.4,13.41,16668,2020-12-21 17:25:00,TTMI
13.41,13.43,13.41,13.43,8243,2020-12-21 17:30:00,TTMI
13.425,13.46,13.42,13.46,13593,2020-12-21 17:35:00,TTMI
13.45,13.45,13.42,13.435,13326,2020-12-21 17:40:00,TTMI
13.435,13.49,13.435,13.49,17647,2020-12-21 17:45:00,TTMI
13.495,13.5,13.48,13.49,16575,2020-12-21 17:50:00,TTMI
13.49,13.5,13.485,13.485,10960,2020-12-21 17:55:00,TTMI
13.485,13.49,13.48,13.49,10957,2020-12-21 18:00:00,TTMI
13.49,13.5,13.46,13.465,26472,2020-12-21 18:05:00,TTMI
13.46,13.465,13.46,13.46,600,2020-12-21 18:10:00,TTMI
13.46,13.47,13.45,13.45,13705,2020-12-21 18:15:00,TTMI
13.45,13.46,13.44,13.45,8183,2020-12-21 18:20:00,TTMI
13.44,13.49,13.44,13.49,42160,2020-12-21 18:25:00,TTMI
13.49,13.53,13.49,13.525,20778,2020-12-21 18:30:00,TTMI
13.52,13.56,13.51,13.56,21105,2020-12-21 18:35:00,TTMI
13.56,13.57,13.54,13.55,15271,2020-12-21 18:40:00,TTMI
13.55,13.55,13.515,13.54,27091,2020-12-21 18:45:00,TTMI
13.54,13.54,13.54,13.54,18189,2020-12-21 18:50:00,TTMI
13.54,13.54,13.51,13.51,28592,2020-12-21 18:55:00,TTMI
13.51,13.52,13.5,13.51,22574,2020-12-21 19:00:00,TTMI
13.51,13.52,13.5,13.52,15852,2020-12-21 19:05:00,TTMI
13.52,13.52,13.5,13.5,18710,2020-12-21 19:10:00,TTMI
13.49,13.5,13.485,13.5,15188,2020-12-21 19:15:00,TTMI
13.49,13.5,13.49,13.495,13031,2020-12-21 19:20:00,TTMI
13.5,13.53,13.49,13.52,21754,2020-12-21 19:25:00,TTMI
13.53,13.54,13.53,13.54,10478,2020-12-21 19:30:00,TTMI
13.54,13.54,13.51,13.51,22436,2020-12-21 19:35:00,TTMI
13.5,13.5,13.47,13.47,8607,2020-12-21 19:40:00,TTMI
13.46,13.47,13.46,13.47,1906,2020-12-21 19:45:00,TTMI
13.465,13.47,13.46,13.46,5675,2020-12-21 19:50:00,TTMI
13.47,13.5,13.44,13.46,44256,2020-12-21 19:55:00,TTMI
13.46,13.48,13.44,13.48,41969,2020-12-21 20:00:00,TTMI
13.48,13.5,13.46,13.48,31441,2020-12-21 20:05:00,TTMI
13.48,13.48,13.47,13.47,16306,2020-12-21 20:10:00,TTMI
13.48,13.53,13.47,13.52,72908,2020-12-21 20:15:00,TTMI
13.52,13.52,13.47,13.48,18326,2020-12-21 20:20:00,TTMI
13.47,13.48,13.41,13.41,23411,2020-12-21 20:25:00,TTMI
13.41,13.48,13.41,13.43,81729,2020-12-21 20:30:00,TTMI
13.435,13.445,13.43,13.44,40800,2020-12-21 20:35:00,TTMI
13.435,13.44,13.43,13.44,21870,2020-12-21 20:40:00,TTMI
13.435,13.46,13.415,13.46,119814,2020-12-21 20:45:00,TTMI
13.46,13.51,13.46,13.465,124648,2020-12-21 20:50:00,TTMI
13.47,13.52,13.465,13.5,232659,2020-12-21 20:55:00,TTMI
13.51,13.51,13.51,13.51,153666,2020-12-21 21:00:00,TTMI
13.51,13.51,13.51,13.51,10345,2020-12-21 21:10:00,TTMI
13.71,13.71,13.71,13.71,500,2020-12-22 12:00:00,TTMI
13.62,13.62,13.31,13.5,71596,2020-12-22 14:30:00,TTMI
13.485,13.485,13.43,13.47,34486,2020-12-22 14:35:00,TTMI
13.47,13.59,13.47,13.555,20829,2020-12-22 14:40:00,TTMI
13.56,13.63,13.56,13.62,13164,2020-12-22 14:45:00,TTMI
13.625,13.6401,13.6,13.61,28186,2020-12-22 14:50:00,TTMI
13.61,13.61,13.6,13.61,12261,2020-12-22 14:55:00,TTMI
13.61,13.62,13.595,13.61,18559,2020-12-22 15:00:00,TTMI
13.615,13.67,13.615,13.645,13141,2020-12-22 15:05:00,TTMI
13.64,13.64,13.59,13.62,9807,2020-12-22 15:10:00,TTMI
13.62,13.64,13.6,13.6,11530,2020-12-22 15:15:00,TTMI
13.58,13.59,13.57,13.59,9900,2020-12-22 15:20:00,TTMI
13.595,13.6,13.56,13.58,7482,2020-12-22 15:25:00,TTMI
13.58,13.58,13.545,13.545,7112,2020-12-22 15:30:00,TTMI
13.535,13.56,13.53,13.545,15902,2020-12-22 15:35:00,TTMI
13.55,13.56,13.54,13.56,6112,2020-12-22 15:40:00,TTMI
13.555,13.56,13.54,13.54,11130,2020-12-22 15:45:00,TTMI
13.52,13.52,13.475,13.485,19684,2020-12-22 15:50:00,TTMI
13.48,13.49,13.48,13.49,11301,2020-12-22 15:55:00,TTMI
13.49,13.495,13.485,13.495,8515,2020-12-22 16:00:00,TTMI
13.5,13.52,13.475,13.475,13376,2020-12-22 16:05:00,TTMI
13.475,13.48,13.45,13.45,9141,2020-12-22 16:10:00,TTMI
13.45,13.47,13.45,13.47,18479,2020-12-22 16:15:00,TTMI
13.465,13.48,13.455,13.48,15767,2020-12-22 16:20:00,TTMI
13.475,13.49,13.475,13.49,3538,2020-12-22 16:25:00,TTMI
13.49,13.49,13.47,13.49,19070,2020-12-22 16:30:00,TTMI
13.485,13.49,13.47,13.475,10336,2020-12-22 16:35:00,TTMI
13.48,13.5,13.47,13.5,16590,2020-12-22 16:40:00,TTMI
13.51,13.51,13.49,13.51,16276,2020-12-22 16:45:00,TTMI
13.51,13.53,13.5,13.53,22795,2020-12-22 16:50:00,TTMI
13.53,13.55,13.53,13.55,25424,2020-12-22 16:55:00,TTMI
13.56,13.565,13.55,13.555,12986,2020-12-22 17:00:00,TTMI
13.55,13.56,13.55,13.56,7873,2020-12-22 17:05:00,TTMI
13.56,13.57,13.55,13.57,8273,2020-12-22 17:10:00,TTMI
13.57,13.575,13.56,13.565,19169,2020-12-22 17:15:00,TTMI
13.57,13.585,13.565,13.585,6866,2020-12-22 17:20:00,TTMI
13.585,13.6,13.58,13.58,9405,2020-12-22 17:25:00,TTMI
13.575,13.58,13.57,13.58,3076,2020-12-22 17:30:00,TTMI
13.58,13.59,13.575,13.59,14741,2020-12-22 17:35:00,TTMI
13.59,13.59,13.58,13.59,2875,2020-12-22 17:40:00,TTMI
13.59,13.62,13.59,13.615,17568,2020-12-22 17:45:00,TTMI
13.62,13.63,13.62,13.625,6419,2020-12-22 17:50:00,TTMI
13.63,13.64,13.62,13.62,9242,2020-12-22 17:55:00,TTMI
13.61,13.61,13.585,13.585,4482,2020-12-22 18:00:00,TTMI
13.585,13.59,13.58,13.58,3415,2020-12-22 18:05:00,TTMI
13.58,13.59,13.53,13.54,12967,2020-12-22 18:10:00,TTMI
13.55,13.56,13.54,13.555,13581,2020-12-22 18:15:00,TTMI
13.555,13.56,13.555,13.56,3344,2020-12-22 18:20:00,TTMI
13.555,13.56,13.555,13.56,9064,2020-12-22 18:25:00,TTMI
13.55,13.56,13.54,13.545,2600,2020-12-22 18:30:00,TTMI
13.55,13.55,13.54,13.54,10323,2020-12-22 18:35:00,TTMI
13.54,13.54,13.52,13.53,30223,2020-12-22 18:40:00,TTMI
13.53,13.56,13.52,13.56,24430,2020-12-22 18:45:00,TTMI
13.5636,13.57,13.56,13.57,11134,2020-12-22 18:50:00,TTMI
13.565,13.585,13.565,13.58,8514,2020-12-22 18:55:00,TTMI
13.585,13.59,13.585,13.59,10020,2020-12-22 19:00:00,TTMI
13.59,13.59,13.57,13.57,4785,2020-12-22 19:05:00,TTMI
13.575,13.58,13.57,13.57,3461,2020-12-22 19:10:00,TTMI
13.57,13.575,13.57,13.575,3199,2020-12-22 19:15:00,TTMI
13.57,13.58,13.57,13.57,5794,2020-12-22 19:20:00,TTMI
13.57,13.58,13.565,13.57,7024,2020-12-22 19:25:00,TTMI
13.57,13.5789,13.57,13.57,5639,2020-12-22 19:30:00,TTMI
13.57,13.57,13.555,13.565,16469,2020-12-22 19:35:00,TTMI
13.57,13.59,13.57,13.59,8052,2020-12-22 19:40:00,TTMI
13.59,13.6,13.585,13.6,10653,2020-12-22 19:45:00,TTMI
13.61,13.62,13.61,13.62,5100,2020-12-22 19:50:00,TTMI
13.62,13.63,13.615,13.63,12095,2020-12-22 19:55:00,TTMI
13.63,13.65,13.63,13.65,16562,2020-12-22 20:00:00,TTMI
13.65,13.66,13.65,13.66,7540,2020-12-22 20:05:00,TTMI
13.66,13.66,13.645,13.65,25141,2020-12-22 20:10:00,TTMI
13.65,13.66,13.65,13.65,3890,2020-12-22 20:15:00,TTMI
13.65,13.65,13.63,13.635,42122,2020-12-22 20:20:00,TTMI
13.635,13.64,13.585,13.595,25748,2020-12-22 20:25:00,TTMI
13.59,13.595,13.54,13.54,40289,2020-12-22 20:30:00,TTMI
13.54,13.55,13.49,13.52,65221,2020-12-22 20:35:00,TTMI
13.51,13.54,13.505,13.505,22829,2020-12-22 20:40:00,TTMI
13.505,13.55,13.505,13.52,72271,2020-12-22 20:45:00,TTMI
13.52,13.55,13.51,13.52,114299,2020-12-22 20:50:00,TTMI
13.52,13.56,13.51,13.51,164176,2020-12-22 20:55:00,TTMI
13.51,13.51,13.51,13.51,108188,2020-12-22 21:00:00,TTMI
13.6,13.6,13.6,13.6,200,2020-12-23 14:25:00,TTMI
13.68,13.68,13.49,13.61,20283,2020-12-23 14:30:00,TTMI
13.615,13.69,13.6,13.685,14573,2020-12-23 14:35:00,TTMI
13.685,13.72,13.68,13.72,2898,2020-12-23 14:40:00,TTMI
13.71,13.74,13.7,13.735,7676,2020-12-23 14:45:00,TTMI
13.75,13.7501,13.72,13.725,6744,2020-12-23 14:50:00,TTMI
13.72,13.72,13.7,13.7,3454,2020-12-23 14:55:00,TTMI
13.69,13.7,13.69,13.7,1700,2020-12-23 15:00:00,TTMI
13.69,13.69,13.64,13.65,5500,2020-12-23 15:05:00,TTMI
13.65,13.65,13.62,13.62,4600,2020-12-23 15:10:00,TTMI
13.6,13.6,13.56,13.56,4260,2020-12-23 15:15:00,TTMI
13.56,13.56,13.54,13.54,1900,2020-12-23 15:20:00,TTMI
13.54,13.54,13.53,13.53,1100,2020-12-23 15:25:00,TTMI
13.53,13.54,13.52,13.53,3639,2020-12-23 15:30:00,TTMI
13.54,13.58,13.53,13.58,24662,2020-12-23 15:35:00,TTMI
13.55,13.57,13.55,13.57,500,2020-12-23 15:40:00,TTMI
13.57,13.61,13.57,13.58,6598,2020-12-23 15:45:00,TTMI
13.58,13.6,13.57,13.59,2100,2020-12-23 15:50:00,TTMI
13.6,13.62,13.6,13.62,4409,2020-12-23 15:55:00,TTMI
13.62,13.64,13.62,13.635,3200,2020-12-23 16:00:00,TTMI
13.64,13.645,13.635,13.645,826,2020-12-23 16:05:00,TTMI
13.65,13.69,13.65,13.66,14746,2020-12-23 16:10:00,TTMI
13.65,13.66,13.65,13.65,3050,2020-12-23 16:15:00,TTMI
13.66,13.68,13.66,13.675,4230,2020-12-23 16:20:00,TTMI
13.68,13.69,13.68,13.69,900,2020-12-23 16:25:00,TTMI
13.69,13.69,13.68,13.6841,400,2020-12-23 16:30:00,TTMI
13.68,13.685,13.67,13.67,1845,2020-12-23 16:35:00,TTMI
13.67,13.715,13.67,13.705,5400,2020-12-23 16:50:00,TTMI
13.71,13.71,13.695,13.695,2778,2020-12-23 16:55:00,TTMI
13.69,13.69,13.68,13.685,1200,2020-12-23 17:00:00,TTMI
13.685,13.685,13.675,13.675,1000,2020-12-23 17:05:00,TTMI
13.675,13.68,13.675,13.6799,1009,2020-12-23 17:10:00,TTMI
13.67,13.67,13.66,13.66,300,2020-12-23 17:15:00,TTMI
13.66,13.66,13.65,13.65,4945,2020-12-23 17:20:00,TTMI
13.65,13.68,13.65,13.68,4925,2020-12-23 17:25:00,TTMI
13.69,13.69,13.68,13.685,1849,2020-12-23 17:30:00,TTMI
13.685,13.685,13.685,13.685,100,2020-12-23 17:35:00,TTMI
13.69,13.73,13.685,13.73,10557,2020-12-23 17:40:00,TTMI
13.725,13.74,13.725,13.74,7556,2020-12-23 17:45:00,TTMI
13.74,13.76,13.74,13.76,12846,2020-12-23 17:50:00,TTMI
13.75,13.77,13.75,13.765,19673,2020-12-23 17:55:00,TTMI
13.76,13.76,13.75,13.755,4683,2020-12-23 18:00:00,TTMI
13.76,13.76,13.76,13.76,683,2020-12-23 18:05:00,TTMI
13.77,13.77,13.75,13.75,6041,2020-12-23 18:10:00,TTMI
13.75,13.765,13.735,13.745,76162,2020-12-23 18:15:00,TTMI
13.75,13.76,13.75,13.76,3345,2020-12-23 18:20:00,TTMI
13.76,13.765,13.75,13.76,4705,2020-12-23 18:25:00,TTMI
13.76,13.76,13.76,13.76,262,2020-12-23 18:30:00,TTMI
13.765,13.765,13.75,13.75,6677,2020-12-23 18:35:00,TTMI
13.75,13.77,13.74,13.76,24537,2020-12-23 18:40:00,TTMI
13.75,13.76,13.75,13.755,530,2020-12-23 18:45:00,TTMI
13.7564,13.7564,13.755,13.755,1050,2020-12-23 18:50:00,TTMI
13.76,13.76,13.755,13.755,400,2020-12-23 18:55:00,TTMI
13.755,13.76,13.75,13.75,5551,2020-12-23 19:00:00,TTMI
13.76,13.76,13.745,13.755,16189,2020-12-23 19:05:00,TTMI
13.75,13.76,13.74,13.76,191254,2020-12-23 19:10:00,TTMI
13.78,13.78,13.755,13.76,4604,2020-12-23 19:15:00,TTMI
13.755,13.755,13.73,13.73,82964,2020-12-23 19:20:00,TTMI
13.71,13.71,13.67,13.67,8651,2020-12-23 19:25:00,TTMI
13.67,13.6878,13.67,13.6878,2914,2020-12-23 19:30:00,TTMI
13.685,13.685,13.685,13.685,1800,2020-12-23 19:35:00,TTMI
13.69,13.69,13.685,13.685,1400,2020-12-23 19:40:00,TTMI
13.68,13.69,13.68,13.68,400,2020-12-23 19:45:00,TTMI
13.685,13.685,13.685,13.685,200,2020-12-23 19:50:00,TTMI
13.685,13.69,13.67,13.67,2041,2020-12-23 19:55:00,TTMI
13.68,13.685,13.665,13.665,4511,2020-12-23 20:00:00,TTMI
13.665,13.69,13.665,13.69,4471,2020-12-23 20:05:00,TTMI
13.685,13.685,13.68,13.68,1300,2020-12-23 20:10:00,TTMI
13.67,13.67,13.67,13.67,100,2020-12-23 20:15:00,TTMI
13.67,13.675,13.67,13.67,2682,2020-12-23 20:20:00,TTMI
13.67,13.67,13.6512,13.6512,3176,2020-12-23 20:25:00,TTMI
13.66,13.68,13.64,13.64,6510,2020-12-23 20:30:00,TTMI
13.65,13.66,13.64,13.64,3649,2020-12-23 20:35:00,TTMI
13.65,13.68,13.64,13.67,18812,2020-12-23 20:40:00,TTMI
13.67,13.68,13.66,13.66,25040,2020-12-23 20:45:00,TTMI
13.66,13.67,13.61,13.61,62449,2020-12-23 20:50:00,TTMI
13.61,13.64,13.6,13.6,46668,2020-12-23 20:55:00,TTMI
13.6,13.6,13.6,13.6,58285,2020-12-23 21:00:00,TTMI
13.6,13.6,13.6,13.6,20499,2020-12-23 22:15:00,TTMI
13.68,13.745,13.58,13.58,13408,2020-12-24 14:30:00,TTMI
13.57,13.59,13.51,13.52,17212,2020-12-24 14:35:00,TTMI
13.53,13.56,13.53,13.54,1600,2020-12-24 14:40:00,TTMI
13.54,13.54,13.525,13.53,6546,2020-12-24 14:45:00,TTMI
13.53,13.53,13.5,13.52,5107,2020-12-24 14:50:00,TTMI
13.52,13.57,13.52,13.57,9920,2020-12-24 14:55:00,TTMI
13.575,13.645,13.57,13.64,40842,2020-12-24 15:00:00,TTMI
13.635,13.65,13.62,13.62,3045,2020-12-24 15:05:00,TTMI
13.61,13.63,13.61,13.63,3578,2020-12-24 15:10:00,TTMI
13.63,13.64,13.615,13.64,9473,2020-12-24 15:15:00,TTMI
13.64,13.64,13.6,13.61,2767,2020-12-24 15:20:00,TTMI
13.63,13.63,13.61,13.61,1400,2020-12-24 15:25:00,TTMI
13.605,13.64,13.605,13.64,9929,2020-12-24 15:30:00,TTMI
13.63,13.64,13.62,13.64,4237,2020-12-24 15:35:00,TTMI
13.655,13.66,13.65,13.65,3538,2020-12-24 15:40:00,TTMI
13.65,13.65,13.64,13.64,3209,2020-12-24 15:45:00,TTMI
13.65,13.655,13.63,13.63,16449,2020-12-24 15:50:00,TTMI
13.64,13.645,13.64,13.645,5057,2020-12-24 15:55:00,TTMI
13.64,13.64,13.63,13.63,3045,2020-12-24 16:00:00,TTMI
13.635,13.64,13.625,13.64,5819,2020-12-24 16:05:00,TTMI
13.65,13.655,13.65,13.655,3493,2020-12-24 16:10:00,TTMI
13.65,13.65,13.64,13.64,6185,2020-12-24 16:15:00,TTMI
13.65,13.67,13.65,13.67,5922,2020-12-24 16:20:00,TTMI
13.66,13.66,13.65,13.65,8015,2020-12-24 16:25:00,TTMI
13.65,13.68,13.64,13.675,16983,2020-12-24 16:30:00,TTMI
13.67,13.675,13.65,13.66,8858,2020-12-24 16:35:00,TTMI
13.66,13.66,13.655,13.66,500,2020-12-24 16:40:00,TTMI
13.665,13.67,13.66,13.66,1600,2020-12-24 16:45:00,TTMI
13.67,13.68,13.66,13.66,6653,2020-12-24 16:50:00,TTMI
13.66,13.665,13.66,13.665,200,2020-12-24 16:55:00,TTMI
13.66,13.66,13.645,13.645,5063,2020-12-24 17:00:00,TTMI
13.645,13.66,13.64,13.66,3753,2020-12-24 17:05:00,TTMI
13.67,13.675,13.67,13.675,1622,2020-12-24 17:10:00,TTMI
13.67,13.67,13.65,13.65,3309,2020-12-24 17:15:00,TTMI
13.65,13.66,13.645,13.655,7710,2020-12-24 17:20:00,TTMI
13.66,13.665,13.655,13.665,625,2020-12-24 17:25:00,TTMI
13.67,13.67,13.67,13.67,100,2020-12-24 17:30:00,TTMI
13.66,13.67,13.66,13.66,3627,2020-12-24 17:35:00,TTMI
13.67,13.675,13.665,13.675,1708,2020-12-24 17:40:00,TTMI
13.675,13.715,13.645,13.715,30027,2020-12-24 17:45:00,TTMI
13.72,13.735,13.7,13.735,13469,2020-12-24 17:50:00,TTMI
13.735,13.74,13.7,13.71,30371,2020-12-24 17:55:00,TTMI
13.71,13.71,13.7,13.71,54006,2020-12-24 18:00:00,TTMI
13.87,13.9954,13.74,13.855,26453,2020-12-28 14:30:00,TTMI
13.86,13.91,13.86,13.875,27913,2020-12-28 14:35:00,TTMI
13.875,13.89,13.825,13.825,31180,2020-12-28 14:40:00,TTMI
13.825,13.85,13.8,13.85,19176,2020-12-28 14:45:00,TTMI
13.85,13.86,13.8,13.805,20876,2020-12-28 14:50:00,TTMI
13.8,13.82,13.795,13.81,12022,2020-12-28 14:55:00,TTMI
13.805,13.84,13.795,13.84,25178,2020-12-28 15:00:00,TTMI
13.84,13.84,13.75,13.76,23197,2020-12-28 15:05:00,TTMI
13.77,13.8,13.76,13.78,7628,2020-12-28 15:10:00,TTMI
13.77,13.82,13.75,13.775,12733,2020-12-28 15:15:00,TTMI
13.78,13.81,13.78,13.805,14075,2020-12-28 15:20:00,TTMI
13.805,13.805,13.77,13.78,6077,2020-12-28 15:25:00,TTMI
13.78,13.79,13.78,13.785,4522,2020-12-28 15:30:00,TTMI
13.79,13.79,13.77,13.77,6634,2020-12-28 15:35:00,TTMI
13.77,13.77,13.73,13.735,4611,2020-12-28 15:40:00,TTMI
13.73,13.775,13.73,13.76,18277,2020-12-28 15:45:00,TTMI
13.755,13.8,13.755,13.795,14092,2020-12-28 15:50:00,TTMI
13.795,13.81,13.78,13.805,21668,2020-12-28 15:55:00,TTMI
13.8,13.815,13.785,13.8,10794,2020-12-28 16:00:00,TTMI
13.79,13.805,13.78,13.8,7020,2020-12-28 16:05:00,TTMI
13.79,13.79,13.77,13.775,2450,2020-12-28 16:10:00,TTMI
13.77,13.77,13.75,13.76,6063,2020-12-28 16:15:00,TTMI
13.76,13.76,13.7475,13.76,6112,2020-12-28 16:20:00,TTMI
13.76,13.76,13.75,13.75,3005,2020-12-28 16:25:00,TTMI
13.75,13.76,13.745,13.7543,10013,2020-12-28 16:30:00,TTMI
13.76,13.77,13.76,13.77,950,2020-12-28 16:35:00,TTMI
13.77,13.77,13.745,13.75,8388,2020-12-28 16:40:00,TTMI
13.75,13.75,13.74,13.745,7356,2020-12-28 16:45:00,TTMI
13.745,13.755,13.74,13.755,18619,2020-12-28 16:50:00,TTMI
13.75,13.76,13.745,13.745,6030,2020-12-28 16:55:00,TTMI
13.75,13.76,13.74,13.76,21739,2020-12-28 17:00:00,TTMI
13.755,13.755,13.75,13.75,500,2020-12-28 17:05:00,TTMI
13.75,13.775,13.75,13.775,7705,2020-12-28 17:10:00,TTMI
13.775,13.785,13.74,13.75,24668,2020-12-28 17:15:00,TTMI
13.74,13.75,13.74,13.745,1595,2020-12-28 17:20:00,TTMI
13.75,13.75,13.74,13.74,1050,2020-12-28 17:25:00,TTMI
13.74,13.74,13.73,13.73,7045,2020-12-28 17:30:00,TTMI
13.73,13.73,13.73,13.73,700,2020-12-28 17:35:00,TTMI
13.72,13.72,13.69,13.7,9951,2020-12-28 17:40:00,TTMI
13.7,13.7,13.68,13.68,4100,2020-12-28 17:45:00,TTMI
13.68,13.68,13.675,13.6785,2198,2020-12-28 17:50:00,TTMI
13.68,13.69,13.65,13.66,15182,2020-12-28 17:55:00,TTMI
13.66,13.68,13.65,13.68,14776,2020-12-28 18:00:00,TTMI
13.68,13.69,13.68,13.69,5222,2020-12-28 18:05:00,TTMI
13.69,13.71,13.68,13.7,10434,2020-12-28 18:10:00,TTMI
13.7,13.71,13.695,13.7,11346,2020-12-28 18:15:00,TTMI
13.7,13.71,13.695,13.7,6485,2020-12-28 18:20:00,TTMI
13.71,13.72,13.71,13.71,1280,2020-12-28 18:25:00,TTMI
13.7,13.7,13.695,13.7,5468,2020-12-28 18:30:00,TTMI
13.7,13.72,13.7,13.72,3238,2020-12-28 18:35:00,TTMI
13.71,13.71,13.7,13.71,1100,2020-12-28 18:40:00,TTMI
13.705,13.71,13.7,13.7,3500,2020-12-28 18:45:00,TTMI
13.7,13.72,13.7,13.71,3053,2020-12-28 18:50:00,TTMI
13.71,13.71,13.7,13.71,6303,2020-12-28 18:55:00,TTMI
13.7,13.7,13.7,13.7,500,2020-12-28 19:00:00,TTMI
13.7,13.7,13.69,13.69,1183,2020-12-28 19:05:00,TTMI
13.69,13.69,13.69,13.69,2421,2020-12-28 19:10:00,TTMI
13.68,13.7,13.68,13.6915,2600,2020-12-28 19:15:00,TTMI
13.695,13.71,13.695,13.71,1800,2020-12-28 19:20:00,TTMI
13.7,13.71,13.7,13.71,5542,2020-12-28 19:25:00,TTMI
13.71,13.73,13.71,13.73,4505,2020-12-28 19:30:00,TTMI
13.73,13.73,13.71,13.73,3830,2020-12-28 19:35:00,TTMI
13.73,13.76,13.73,13.76,16992,2020-12-28 19:40:00,TTMI
13.76,13.78,13.75,13.775,9324,2020-12-28 19:45:00,TTMI
13.77,13.78,13.76,13.78,2500,2020-12-28 19:50:00,TTMI
13.78,13.785,13.765,13.775,6445,2020-12-28 19:55:00,TTMI
13.77,13.77,13.77,13.77,1000,2020-12-28 20:00:00,TTMI
13.77,13.77,13.75,13.75,9389,2020-12-28 20:05:00,TTMI
13.76,13.76,13.75,13.75,3910,2020-12-28 20:10:00,TTMI
13.76,13.775,13.76,13.76,6608,2020-12-28 20:15:00,TTMI
13.765,13.77,13.75,13.77,7873,2020-12-28 20:20:00,TTMI
13.765,13.765,13.75,13.75,13747,2020-12-28 20:25:00,TTMI
13.76,13.77,13.76,13.76,2100,2020-12-28 20:30:00,TTMI
13.76,13.77,13.76,13.76,11616,2020-12-28 20:35:00,TTMI
13.76,13.76,13.75,13.755,2777,2020-12-28 20:40:00,TTMI
13.75,13.76,13.75,13.75,4495,2020-12-28 20:45:00,TTMI
13.75,13.77,13.74,13.755,62985,2020-12-28 20:50:00,TTMI
13.76,13.76,13.74,13.75,46137,2020-12-28 20:55:00,TTMI
13.75,13.75,13.75,13.75,97409,2020-12-28 21:00:00,TTMI
13.75,13.75,13.75,13.75,21254,2020-12-28 21:40:00,TTMI
13.75,13.75,13.75,13.75,11764,2020-12-28 22:10:00,TTMI
13.8,13.84,13.52,13.69,22691,2020-12-29 14:30:00,TTMI
13.68,13.68,13.64,13.67,5600,2020-12-29 14:35:00,TTMI
13.67,13.67,13.65,13.65,5616,2020-12-29 14:40:00,TTMI
13.66,13.7,13.645,13.69,45302,2020-12-29 14:45:00,TTMI
13.68,13.68,13.63,13.635,1668,2020-12-29 14:50:00,TTMI
13.635,13.645,13.6,13.64,5029,2020-12-29 14:55:00,TTMI
13.64,13.68,13.64,13.66,12386,2020-12-29 15:00:00,TTMI
13.65,13.67,13.63,13.665,9135,2020-12-29 15:05:00,TTMI
13.66,13.66,13.625,13.63,19904,2020-12-29 15:10:00,TTMI
13.625,13.635,13.59,13.59,15625,2020-12-29 15:15:00,TTMI
13.595,13.65,13.5946,13.63,9738,2020-12-29 15:20:00,TTMI
13.63,13.63,13.57,13.57,3100,2020-12-29 15:25:00,TTMI
13.56,13.6,13.55,13.6,11189,2020-12-29 15:30:00,TTMI
13.6,13.62,13.59,13.6,27828,2020-12-29 15:35:00,TTMI
13.61,13.64,13.61,13.64,4963,2020-12-29 15:40:00,TTMI
13.63,13.65,13.63,13.6499,5080,2020-12-29 15:45:00,TTMI
13.645,13.65,13.64,13.64,19695,2020-12-29 15:50:00,TTMI
13.65,13.685,13.65,13.67,10101,2020-12-29 15:55:00,TTMI
13.66,13.675,13.66,13.66,5899,2020-12-29 16:00:00,TTMI
13.66,13.66,13.645,13.66,3776,2020-12-29 16:05:00,TTMI
13.67,13.675,13.645,13.65,5739,2020-12-29 16:10:00,TTMI
13.65,13.68,13.64,13.68,12139,2020-12-29 16:15:00,TTMI
13.67,13.675,13.64,13.66,9724,2020-12-29 16:20:00,TTMI
13.665,13.69,13.665,13.675,7535,2020-12-29 16:25:00,TTMI
13.675,13.675,13.67,13.67,5084,2020-12-29 16:30:00,TTMI
13.675,13.68,13.675,13.675,300,2020-12-29 16:35:00,TTMI
13.67,13.675,13.67,13.67,6989,2020-12-29 16:40:00,TTMI
13.67,13.67,13.635,13.66,16909,2020-12-29 16:45:00,TTMI
13.66,13.67,13.64,13.66,17949,2020-12-29 16:50:00,TTMI
13.65,13.665,13.6475,13.665,11172,2020-12-29 16:55:00,TTMI
13.665,13.665,13.65,13.66,14807,2020-12-29 17:00:00,TTMI
13.66,13.66,13.65,13.655,900,2020-12-29 17:05:00,TTMI
13.65,13.65,13.58,13.59,46511,2020-12-29 17:10:00,TTMI
13.58,13.595,13.56,13.56,7342,2020-12-29 17:15:00,TTMI
13.56,13.5601,13.54,13.54,7927,2020-12-29 17:20:00,TTMI
13.545,13.565,13.545,13.55,2877,2020-12-29 17:25:00,TTMI
13.56,13.56,13.545,13.55,2476,2020-12-29 17:30:00,TTMI
13.55,13.56,13.535,13.535,7771,2020-12-29 17:35:00,TTMI
13.535,13.59,13.535,13.59,22643,2020-12-29 17:40:00,TTMI
13.585,13.59,13.575,13.585,13386,2020-12-29 17:45:00,TTMI
13.58,13.595,13.575,13.58,24472,2020-12-29 17:50:00,TTMI
13.585,13.585,13.56,13.56,5292,2020-12-29 17:55:00,TTMI
13.56,13.595,13.56,13.57,13551,2020-12-29 18:00:00,TTMI
13.575,13.575,13.57,13.57,1141,2020-12-29 18:05:00,TTMI
13.57,13.57,13.53,13.54,3157,2020-12-29 18:10:00,TTMI
13.53,13.53,13.52,13.52,4182,2020-12-29 18:15:00,TTMI
13.53,13.53,13.515,13.525,6313,2020-12-29 18:20:00,TTMI
13.525,13.525,13.525,13.525,577,2020-12-29 18:25:00,TTMI
13.52,13.57,13.52,13.56,19910,2020-12-29 18:30:00,TTMI
13.55,13.55,13.545,13.55,4783,2020-12-29 18:35:00,TTMI
13.545,13.557,13.54,13.55,12473,2020-12-29 18:40:00,TTMI
13.55,13.56,13.545,13.545,12171,2020-12-29 18:45:00,TTMI
13.545,13.55,13.54,13.545,4827,2020-12-29 18:50:00,TTMI
13.545,13.57,13.545,13.545,10955,2020-12-29 18:55:00,TTMI
13.55,13.55,13.54,13.55,7099,2020-12-29 19:00:00,TTMI
13.55,13.56,13.545,13.545,4817,2020-12-29 19:05:00,TTMI
13.545,13.55,13.54,13.55,11929,2020-12-29 19:10:00,TTMI
13.545,13.55,13.53,13.54,8095,2020-12-29 19:15:00,TTMI
13.54,13.55,13.535,13.54,9929,2020-12-29 19:20:00,TTMI
13.54,13.54,13.49,13.49,15951,2020-12-29 19:25:00,TTMI
13.5,13.5,13.47,13.475,13337,2020-12-29 19:30:00,TTMI
13.475,13.475,13.46,13.47,10419,2020-12-29 19:35:00,TTMI
13.47,13.49,13.47,13.485,9806,2020-12-29 19:40:00,TTMI
13.49,13.5,13.49,13.5,1000,2020-12-29 19:45:00,TTMI
13.5,13.52,13.495,13.5,20443,2020-12-29 19:50:00,TTMI
13.51,13.515,13.49,13.515,15604,2020-12-29 19:55:00,TTMI
13.51,13.53,13.51,13.53,16057,2020-12-29 20:00:00,TTMI
13.525,13.535,13.52,13.535,13016,2020-12-29 20:05:00,TTMI
13.54,13.56,13.54,13.56,18958,2020-12-29 20:10:00,TTMI
13.56,13.58,13.55,13.57,12873,2020-12-29 20:15:00,TTMI
13.575,13.595,13.57,13.59,30123,2020-12-29 20:20:00,TTMI
13.59,13.59,13.57,13.59,15742,2020-12-29 20:25:00,TTMI
13.59,13.61,13.59,13.6,22594,2020-12-29 20:30:00,TTMI
13.595,13.61,13.59,13.61,12982,2020-12-29 20:35:00,TTMI
13.6,13.61,13.58,13.595,29482,2020-12-29 20:40:00,TTMI
13.595,13.62,13.59,13.615,29900,2020-12-29 20:45:00,TTMI
13.61,13.615,13.58,13.605,106198,2020-12-29 20:50:00,TTMI
13.605,13.65,13.595,13.64,181265,2020-12-29 20:55:00,TTMI
13.63,13.63,13.63,13.63,129378,2020-12-29 21:00:00,TTMI
13.65,13.65,13.65,13.65,4358,2020-12-30 14:30:00,TTMI
13.64,13.84,13.64,13.84,25229,2020-12-30 14:35:00,TTMI
13.845,13.87,13.81,13.82,11945,2020-12-30 14:40:00,TTMI
13.83,13.88,13.82,13.855,10301,2020-12-30 14:45:00,TTMI
13.86,13.86,13.84,13.85,7000,2020-12-30 14:50:00,TTMI
13.84,13.845,13.805,13.83,31054,2020-12-30 14:55:00,TTMI
13.825,13.83,13.79,13.8046,16697,2020-12-30 15:00:00,TTMI
13.805,13.815,13.785,13.8,5898,2020-12-30 15:05:00,TTMI
13.8,13.825,13.795,13.81,5372,2020-12-30 15:10:00,TTMI
13.8098,13.82,13.8098,13.815,1499,2020-12-30 15:15:00,TTMI
13.82,13.83,13.81,13.81,6295,2020-12-30 15:20:00,TTMI
13.81,13.81,13.8,13.805,3037,2020-12-30 15:25:00,TTMI
13.81,13.81,13.79,13.805,21171,2020-12-30 15:30:00,TTMI
13.8,13.81,13.75,13.76,36888,2020-12-30 15:35:00,TTMI
13.76,13.77,13.755,13.77,5078,2020-12-30 15:40:00,TTMI
13.77,13.815,13.77,13.81,8603,2020-12-30 15:45:00,TTMI
13.805,13.81,13.795,13.795,3200,2020-12-30 15:50:00,TTMI
13.79,13.8,13.79,13.795,1809,2020-12-30 15:55:00,TTMI
13.795,13.8,13.79,13.79,2056,2020-12-30 16:00:00,TTMI
13.795,13.805,13.795,13.8,1820,2020-12-30 16:05:00,TTMI
13.8,13.81,13.8,13.81,4643,2020-12-30 16:10:00,TTMI
13.805,13.81,13.805,13.81,492,2020-12-30 16:15:00,TTMI
13.8,13.81,13.8,13.81,1299,2020-12-30 16:20:00,TTMI
13.81,13.815,13.8,13.81,10315,2020-12-30 16:25:00,TTMI
13.8,13.81,13.8,13.8,7869,2020-12-30 16:30:00,TTMI
13.8,13.81,13.8,13.8,11037,2020-12-30 16:35:00,TTMI
13.8,13.81,13.8,13.81,6249,2020-12-30 16:40:00,TTMI
13.81,13.81,13.795,13.795,12997,2020-12-30 16:45:00,TTMI
13.795,13.8,13.785,13.785,13725,2020-12-30 16:50:00,TTMI
13.785,13.79,13.75,13.75,23373,2020-12-30 16:55:00,TTMI
13.75,13.76,13.74,13.76,8162,2020-12-30 17:00:00,TTMI
13.755,13.765,13.755,13.765,6014,2020-12-30 17:05:00,TTMI
13.765,13.765,13.76,13.765,8061,2020-12-30 17:10:00,TTMI
13.77,13.78,13.765,13.77,6897,2020-12-30 17:15:00,TTMI
13.76,13.76,13.73,13.73,5330,2020-12-30 17:20:00,TTMI
13.73,13.73,13.7,13.7,9279,2020-12-30 17:25:00,TTMI
13.705,13.715,13.7015,13.715,3867,2020-12-30 17:30:00,TTMI
13.72,13.72,13.71,13.71,1200,2020-12-30 17:35:00,TTMI
13.71,13.715,13.7,13.7,1100,2020-12-30 17:40:00,TTMI
13.69,13.698,13.685,13.69,5763,2020-12-30 17:45:00,TTMI
13.68,13.685,13.675,13.675,500,2020-12-30 17:50:00,TTMI
13.67,13.695,13.67,13.695,4436,2020-12-30 17:55:00,TTMI
13.69,13.69,13.67,13.67,8695,2020-12-30 18:00:00,TTMI
13.67,13.69,13.67,13.685,4110,2020-12-30 18:05:00,TTMI
13.685,13.685,13.685,13.685,200,2020-12-30 18:10:00,TTMI
13.685,13.69,13.68,13.685,600,2020-12-30 18:15:00,TTMI
13.69,13.69,13.68,13.685,5900,2020-12-30 18:20:00,TTMI
13.69,13.69,13.66,13.66,1815,2020-12-30 18:25:00,TTMI
13.665,13.67,13.66,13.66,500,2020-12-30 18:30:00,TTMI
13.655,13.68,13.655,13.67,4061,2020-12-30 18:35:00,TTMI
13.67,13.67,13.66,13.66,1174,2020-12-30 18:40:00,TTMI
13.66,13.675,13.655,13.67,4000,2020-12-30 18:45:00,TTMI
13.66,13.67,13.65,13.65,1962,2020-12-30 18:50:00,TTMI
13.64,13.65,13.64,13.64,1400,2020-12-30 18:55:00,TTMI
13.64,13.66,13.64,13.66,5302,2020-12-30 19:00:00,TTMI
13.665,13.68,13.665,13.67,4356,2020-12-30 19:05:00,TTMI
13.675,13.69,13.655,13.68,5656,2020-12-30 19:10:00,TTMI
13.68,13.68,13.665,13.665,1254,2020-12-30 19:15:00,TTMI
13.66,13.68,13.66,13.67,1900,2020-12-30 19:20:00,TTMI
13.68,13.68,13.665,13.67,2100,2020-12-30 19:25:00,TTMI
13.675,13.675,13.665,13.675,1981,2020-12-30 19:30:00,TTMI
13.675,13.69,13.675,13.68,2605,2020-12-30 19:35:00,TTMI
13.68,13.6801,13.675,13.675,2100,2020-12-30 19:40:00,TTMI
13.675,13.71,13.67,13.7,6095,2020-12-30 19:45:00,TTMI
13.69,13.7,13.66,13.66,2697,2020-12-30 19:50:00,TTMI
13.66,13.67,13.66,13.67,2388,2020-12-30 19:55:00,TTMI
13.67,13.67,13.66,13.67,1970,2020-12-30 20:00:00,TTMI
13.67,13.67,13.66,13.67,1000,2020-12-30 20:05:00,TTMI
13.68,13.69,13.68,13.685,2800,2020-12-30 20:10:00,TTMI
13.68,13.685,13.67,13.67,2600,2020-12-30 20:15:00,TTMI
13.675,13.71,13.67,13.71,7151,2020-12-30 20:20:00,TTMI
13.7,13.73,13.7,13.73,11333,2020-12-30 20:25:00,TTMI
13.725,13.74,13.715,13.74,10854,2020-12-30 20:30:00,TTMI
13.74,13.76,13.73,13.75,14301,2020-12-30 20:35:00,TTMI
13.745,13.755,13.74,13.745,8959,2020-12-30 20:40:00,TTMI
13.745,13.755,13.735,13.745,32576,2020-12-30 20:45:00,TTMI
13.75,13.75,13.7,13.725,30752,2020-12-30 20:50:00,TTMI
13.72,13.73,13.69,13.69,77503,2020-12-30 20:55:00,TTMI
13.7,13.7,13.7,13.7,43492,2020-12-30 21:00:00,TTMI
13.75,13.9,13.72,13.75,45967,2020-12-31 14:30:00,TTMI
13.75,13.76,13.675,13.71,22949,2020-12-31 14:35:00,TTMI
13.71,13.75,13.71,13.74,17025,2020-12-31 14:40:00,TTMI
13.74,13.8,13.74,13.78,22280,2020-12-31 14:45:00,TTMI
13.77,13.77,13.72,13.75,21865,2020-12-31 14:50:00,TTMI
13.745,13.76,13.74,13.74,16704,2020-12-31 14:55:00,TTMI
13.75,13.78,13.74,13.78,20244,2020-12-31 15:00:00,TTMI
13.78,13.8,13.775,13.79,20181,2020-12-31 15:05:00,TTMI
13.79,13.79,13.765,13.77,21992,2020-12-31 15:10:00,TTMI
13.76,13.77,13.74,13.74,12545,2020-12-31 15:15:00,TTMI
13.74,13.78,13.74,13.775,18808,2020-12-31 15:20:00,TTMI
13.775,13.79,13.775,13.79,10708,2020-12-31 15:25:00,TTMI
13.785,13.79,13.75,13.75,12605,2020-12-31 15:30:00,TTMI
13.745,13.8,13.74,13.785,27050,2020-12-31 15:35:00,TTMI
13.79,13.81,13.785,13.8,22673,2020-12-31 15:40:00,TTMI
13.8,13.8,13.78,13.78,8532,2020-12-31 15:45:00,TTMI
13.78,13.78,13.75,13.75,10603,2020-12-31 15:50:00,TTMI
13.755,13.76,13.755,13.755,14603,2020-12-31 15:55:00,TTMI
13.76,13.78,13.7501,13.775,19684,2020-12-31 16:00:00,TTMI
13.785,13.79,13.76,13.76,8535,2020-12-31 16:05:00,TTMI
13.76,13.77,13.745,13.745,14060,2020-12-31 16:10:00,TTMI
13.75,13.77,13.75,13.77,10626,2020-12-31 16:15:00,TTMI
13.765,13.795,13.765,13.795,11255,2020-12-31 16:20:00,TTMI
13.8,13.81,13.76,13.77,20822,2020-12-31 16:25:00,TTMI
13.775,13.78,13.74,13.74,8811,2020-12-31 16:30:00,TTMI
13.745,13.76,13.74,13.75,25982,2020-12-31 16:35:00,TTMI
13.75,13.76,13.75,13.755,14343,2020-12-31 16:40:00,TTMI
13.755,13.76,13.745,13.745,21724,2020-12-31 16:45:00,TTMI
13.745,13.75,13.74,13.745,7613,2020-12-31 16:50:00,TTMI
13.745,13.75,13.745,13.745,4680,2020-12-31 16:55:00,TTMI
13.745,13.75,13.73,13.735,15089,2020-12-31 17:00:00,TTMI
13.735,13.76,13.735,13.76,28042,2020-12-31 17:05:00,TTMI
13.765,13.77,13.76,13.765,3374,2020-12-31 17:10:00,TTMI
13.76,13.765,13.715,13.725,14807,2020-12-31 17:15:00,TTMI
13.725,13.73,13.72,13.72,4720,2020-12-31 17:20:00,TTMI
13.725,13.73,13.72,13.72,8873,2020-12-31 17:25:00,TTMI
13.725,13.73,13.72,13.725,9288,2020-12-31 17:30:00,TTMI
13.725,13.75,13.72,13.725,17993,2020-12-31 17:35:00,TTMI
13.725,13.73,13.72,13.73,6100,2020-12-31 17:40:00,TTMI
13.73,13.73,13.71,13.71,6543,2020-12-31 17:45:00,TTMI
13.71,13.725,13.69,13.725,26973,2020-12-31 17:50:00,TTMI
13.7299,13.75,13.725,13.74,9313,2020-12-31 17:55:00,TTMI
13.73,13.73,13.725,13.725,1500,2020-12-31 18:00:00,TTMI
13.725,13.725,13.715,13.715,800,2020-12-31 18:05:00,TTMI
13.71,13.74,13.705,13.74,8146,2020-12-31 18:10:00,TTMI
13.745,13.765,13.74,13.7601,39375,2020-12-31 18:15:00,TTMI
13.76,13.76,13.75,13.75,603,2020-12-31 18:20:00,TTMI
13.75,13.765,13.745,13.7506,31972,2020-12-31 18:25:00,TTMI
13.75,13.78,13.75,13.77,13589,2020-12-31 18:30:00,TTMI
13.77,13.775,13.765,13.775,11082,2020-12-31 18:35:00,TTMI
13.77,13.775,13.77,13.775,2100,2020-12-31 18:40:00,TTMI
13.77,13.785,13.77,13.775,2167,2020-12-31 18:45:00,TTMI
13.77,13.775,13.765,13.77,11100,2020-12-31 18:50:00,TTMI
13.77,13.7964,13.77,13.7964,2719,2020-12-31 18:55:00,TTMI
13.795,13.8,13.79,13.8,500,2020-12-31 19:00:00,TTMI
13.8,13.81,13.795,13.805,4896,2020-12-31 19:05:00,TTMI
13.805,13.815,13.8,13.81,5509,2020-12-31 19:10:00,TTMI
13.81,13.815,13.81,13.81,700,2020-12-31 19:15:00,TTMI
13.815,13.815,13.81,13.81,1000,2020-12-31 19:20:00,TTMI
13.81,13.815,13.8,13.8,12590,2020-12-31 19:25:00,TTMI
13.8,13.815,13.795,13.815,5288,2020-12-31 19:30:00,TTMI
13.82,13.82,13.815,13.82,2781,2020-12-31 19:35:00,TTMI
13.83,13.835,13.825,13.835,1067,2020-12-31 19:40:00,TTMI
13.84,13.84,13.825,13.825,3298,2020-12-31 19:45:00,TTMI
13.82,13.82,13.815,13.815,2330,2020-12-31 19:50:00,TTMI
13.81,13.815,13.81,13.81,1270,2020-12-31 19:55:00,TTMI
13.81,13.835,13.8,13.8,14949,2020-12-31 20:00:00,TTMI
13.8,13.81,13.79,13.8,7889,2020-12-31 20:05:00,TTMI
13.79,13.79,13.785,13.785,3355,2020-12-31 20:10:00,TTMI
13.785,13.785,13.78,13.78,925,2020-12-31 20:15:00,TTMI
13.78,13.785,13.77,13.775,5089,2020-12-31 20:20:00,TTMI
13.77,13.78,13.765,13.77,23606,2020-12-31 20:25:00,TTMI
13.77,13.775,13.76,13.77,11109,2020-12-31 20:30:00,TTMI
13.78,13.83,13.77,13.81,33591,2020-12-31 20:35:00,TTMI
13.81,13.825,13.81,13.825,7944,2020-12-31 20:40:00,TTMI
13.83,13.845,13.82,13.82,18532,2020-12-31 20:45:00,TTMI
13.83,13.85,13.81,13.81,26174,2020-12-31 20:50:00,TTMI
13.82,13.84,13.76,13.8,194643,2020-12-31 20:55:00,TTMI
13.795,13.795,13.795,13.795,130899,2020-12-31 21:00:00,TTMI
13.795,13.795,13.795,13.795,24912,2020-12-31 21:30:00,TTMI
