open,high,low,close,volume,datetime,symbol
3.3,3.3,3.3,3.3,406,2021-08-23 13:30:00,SGBX
3.312,3.312,3.312,3.312,100,2021-08-23 13:32:00,SGBX
3.33,3.33,3.33,3.33,135,2021-08-23 13:35:00,SGBX
3.33,3.33,3.33,3.33,149,2021-08-23 13:37:00,SGBX
3.34,3.34,3.34,3.34,1000,2021-08-23 13:38:00,SGBX
3.35,3.355,3.35,3.355,1100,2021-08-23 13:39:00,SGBX
3.35,3.37,3.31,3.37,10300,2021-08-23 13:47:00,SGBX
3.4,3.44,3.39,3.4093,9600,2021-08-23 13:48:00,SGBX
3.4182,3.4182,3.4182,3.4182,500,2021-08-23 13:49:00,SGBX
3.4,3.4,3.35,3.3895,11700,2021-08-23 13:50:00,SGBX
3.41,3.48,3.3801,3.4378,11550,2021-08-23 13:51:00,SGBX
3.45,3.45,3.45,3.45,500,2021-08-23 13:52:00,SGBX
3.47,3.5,3.47,3.49,6039,2021-08-23 13:54:00,SGBX
3.49,3.49,3.49,3.49,200,2021-08-23 13:57:00,SGBX
3.41,3.4798,3.41,3.479,1299,2021-08-23 14:11:00,SGBX
3.42,3.42,3.42,3.42,140,2021-08-23 14:15:00,SGBX
3.3798,3.3798,3.3798,3.3798,100,2021-08-23 14:21:00,SGBX
3.41,3.41,3.41,3.41,100,2021-08-23 14:23:00,SGBX
3.405,3.405,3.405,3.405,140,2021-08-23 14:30:00,SGBX
3.41,3.41,3.41,3.41,225,2021-08-23 14:58:00,SGBX
3.3725,3.3725,3.3725,3.3725,400,2021-08-23 14:59:00,SGBX
3.395,3.395,3.395,3.395,500,2021-08-23 15:06:00,SGBX
3.365,3.37,3.36,3.37,1167,2021-08-23 15:34:00,SGBX
3.368,3.368,3.368,3.368,600,2021-08-23 15:45:00,SGBX
3.3601,3.3601,3.3601,3.3601,1499,2021-08-23 15:47:00,SGBX
3.37,3.37,3.37,3.37,300,2021-08-23 15:53:00,SGBX
3.38,3.38,3.38,3.38,200,2021-08-23 15:58:00,SGBX
3.39,3.39,3.39,3.39,1097,2021-08-23 15:59:00,SGBX
3.39,3.4219,3.39,3.4219,225,2021-08-23 16:09:00,SGBX
3.44,3.44,3.44,3.44,200,2021-08-23 16:20:00,SGBX
3.4,3.4,3.4,3.4,150,2021-08-23 16:29:00,SGBX
3.45,3.45,3.45,3.45,129,2021-08-23 16:30:00,SGBX
3.45,3.45,3.45,3.45,100,2021-08-23 16:35:00,SGBX
3.45,3.45,3.45,3.45,300,2021-08-23 16:41:00,SGBX
3.48,3.48,3.48,3.48,100,2021-08-23 16:44:00,SGBX
3.47,3.47,3.47,3.47,100,2021-08-23 16:45:00,SGBX
3.46,3.46,3.46,3.46,802,2021-08-23 16:51:00,SGBX
3.4401,3.4401,3.4401,3.4401,100,2021-08-23 17:01:00,SGBX
3.48,3.48,3.48,3.48,1214,2021-08-23 17:11:00,SGBX
3.46,3.46,3.4501,3.4501,18710,2021-08-23 17:13:00,SGBX
3.4685,3.4685,3.4685,3.4685,100,2021-08-23 17:14:00,SGBX
3.45,3.45,3.45,3.45,2325,2021-08-23 17:15:00,SGBX
3.45,3.45,3.45,3.45,100,2021-08-23 17:17:00,SGBX
3.46,3.46,3.45,3.46,19700,2021-08-23 17:18:00,SGBX
3.44,3.44,3.44,3.44,500,2021-08-23 17:47:00,SGBX
3.47,3.47,3.47,3.47,2000,2021-08-23 18:16:00,SGBX
3.4662,3.4662,3.4662,3.4662,500,2021-08-23 18:17:00,SGBX
3.4442,3.4442,3.4442,3.4442,100,2021-08-23 18:26:00,SGBX
3.4662,3.4662,3.4662,3.4662,1000,2021-08-23 18:29:00,SGBX
3.44,3.44,3.44,3.44,500,2021-08-23 18:36:00,SGBX
3.44,3.44,3.44,3.44,2363,2021-08-23 18:46:00,SGBX
3.44,3.44,3.44,3.44,100,2021-08-23 18:53:00,SGBX
3.44,3.44,3.43,3.43,2000,2021-08-23 18:57:00,SGBX
3.4,3.4,3.4,3.4,100,2021-08-23 18:59:00,SGBX
3.4225,3.4225,3.4225,3.4225,900,2021-08-23 19:16:00,SGBX
3.4247,3.4248,3.4247,3.4248,600,2021-08-23 19:21:00,SGBX
3.41,3.41,3.41,3.41,500,2021-08-23 19:42:00,SGBX
3.41,3.41,3.41,3.41,500,2021-08-23 19:51:00,SGBX
3.42,3.4465,3.41,3.44,1090,2021-08-23 19:56:00,SGBX
3.44,3.44,3.42,3.44,762,2021-08-23 19:59:00,SGBX
3.41,3.41,3.41,3.41,202,2021-08-23 20:00:00,SGBX
3.4001,3.4001,3.4001,3.4001,200,2021-08-23 20:05:00,SGBX
3.4001,3.4001,3.4001,3.4001,300,2021-08-23 20:06:00,SGBX
3.42,3.42,3.42,3.42,100,2021-08-23 20:24:00,SGBX
3.41,3.41,3.41,3.41,170,2021-08-23 21:21:00,SGBX
3.41,3.41,3.41,3.41,100,2021-08-23 21:22:00,SGBX
3.4,3.4,3.4,3.4,110,2021-08-23 22:32:00,SGBX
3.51,3.51,3.51,3.51,100,2021-08-24 11:48:00,SGBX
3.52,3.52,3.52,3.52,150,2021-08-24 13:17:00,SGBX
3.57,3.57,3.57,3.57,200,2021-08-24 13:26:00,SGBX
3.38,3.38,3.38,3.38,4291,2021-08-24 13:30:00,SGBX
3.49,3.49,3.49,3.49,500,2021-08-24 13:31:00,SGBX
3.37,3.37,3.37,3.37,700,2021-08-24 13:33:00,SGBX
3.37,3.37,3.37,3.37,604,2021-08-24 13:34:00,SGBX
3.4229,3.4229,3.4165,3.4165,1100,2021-08-24 13:40:00,SGBX
3.4292,3.4292,3.4292,3.4292,500,2021-08-24 13:50:00,SGBX
3.43,3.43,3.428,3.428,1500,2021-08-24 13:51:00,SGBX
3.4324,3.4324,3.4324,3.4324,580,2021-08-24 13:53:00,SGBX
3.45,3.45,3.45,3.45,200,2021-08-24 13:59:00,SGBX
3.4474,3.4474,3.4474,3.4474,100,2021-08-24 14:01:00,SGBX
3.4445,3.4445,3.4445,3.4445,445,2021-08-24 14:10:00,SGBX
3.4494,3.4494,3.4494,3.4494,3500,2021-08-24 14:12:00,SGBX
3.4301,3.4301,3.4301,3.4301,250,2021-08-24 14:17:00,SGBX
3.45,3.45,3.45,3.45,10577,2021-08-24 14:27:00,SGBX
3.4845,3.4845,3.4845,3.4845,250,2021-08-24 14:29:00,SGBX
3.48,3.48,3.48,3.48,100,2021-08-24 14:36:00,SGBX
3.485,3.4858,3.48,3.4858,350,2021-08-24 14:37:00,SGBX
3.4973,3.5,3.4973,3.5,326,2021-08-24 14:40:00,SGBX
3.54,3.54,3.54,3.54,400,2021-08-24 14:41:00,SGBX
3.5327,3.5327,3.53,3.53,500,2021-08-24 14:44:00,SGBX
3.5517,3.5517,3.5517,3.5517,100,2021-08-24 14:47:00,SGBX
3.53,3.53,3.53,3.53,130,2021-08-24 14:59:00,SGBX
3.5741,3.5741,3.5741,3.5741,100,2021-08-24 15:12:00,SGBX
3.56,3.56,3.56,3.56,100,2021-08-24 15:23:00,SGBX
3.57,3.57,3.57,3.57,100,2021-08-24 15:24:00,SGBX
3.5395,3.5395,3.5395,3.5395,225,2021-08-24 15:26:00,SGBX
3.53,3.53,3.53,3.53,200,2021-08-24 15:31:00,SGBX
3.57,3.57,3.57,3.57,100,2021-08-24 15:32:00,SGBX
3.5337,3.5337,3.5337,3.5337,200,2021-08-24 15:45:00,SGBX
3.53,3.53,3.53,3.53,200,2021-08-24 15:46:00,SGBX
3.5054,3.5054,3.5054,3.5054,258,2021-08-24 15:47:00,SGBX
3.53,3.53,3.53,3.53,253,2021-08-24 15:59:00,SGBX
3.5327,3.5327,3.5327,3.5327,100,2021-08-24 16:01:00,SGBX
3.569,3.569,3.569,3.569,1000,2021-08-24 16:04:00,SGBX
3.53,3.5352,3.52,3.525,1700,2021-08-24 16:06:00,SGBX
3.52,3.5206,3.48,3.48,9234,2021-08-24 16:10:00,SGBX
3.49,3.49,3.482,3.482,750,2021-08-24 16:17:00,SGBX
3.47,3.5,3.47,3.5,616,2021-08-24 16:31:00,SGBX
3.4675,3.4675,3.4675,3.4675,100,2021-08-24 16:34:00,SGBX
3.485,3.485,3.47,3.47,200,2021-08-24 16:35:00,SGBX
3.47,3.47,3.47,3.47,400,2021-08-24 16:49:00,SGBX
3.47,3.47,3.46,3.47,1900,2021-08-24 16:51:00,SGBX
3.46,3.46,3.46,3.46,100,2021-08-24 16:52:00,SGBX
3.46,3.46,3.46,3.46,100,2021-08-24 17:03:00,SGBX
3.45,3.45,3.4336,3.4336,560,2021-08-24 17:21:00,SGBX
3.44,3.44,3.44,3.44,135,2021-08-24 17:30:00,SGBX
3.4599,3.4599,3.4599,3.4599,200,2021-08-24 17:42:00,SGBX
3.4599,3.4599,3.44,3.44,750,2021-08-24 17:49:00,SGBX
3.44,3.44,3.44,3.44,200,2021-08-24 17:54:00,SGBX
3.44,3.44,3.43,3.43,2090,2021-08-24 18:04:00,SGBX
3.45,3.45,3.45,3.45,357,2021-08-24 18:16:00,SGBX
3.4327,3.435,3.43,3.43,800,2021-08-24 18:18:00,SGBX
3.41,3.4166,3.36,3.36,5680,2021-08-24 18:44:00,SGBX
3.3905,3.3905,3.3905,3.3905,110,2021-08-24 18:48:00,SGBX
3.3954,3.3954,3.3954,3.3954,100,2021-08-24 18:50:00,SGBX
3.3847,3.3847,3.3847,3.3847,150,2021-08-24 18:54:00,SGBX
3.37,3.37,3.37,3.37,200,2021-08-24 19:03:00,SGBX
3.35,3.37,3.35,3.35,618,2021-08-24 19:07:00,SGBX
3.3501,3.3501,3.35,3.35,450,2021-08-24 19:13:00,SGBX
3.37,3.37,3.37,3.37,100,2021-08-24 19:17:00,SGBX
3.37,3.375,3.36,3.36,2418,2021-08-24 19:19:00,SGBX
3.35,3.35,3.33,3.34,690,2021-08-24 19:20:00,SGBX
3.34,3.34,3.34,3.34,100,2021-08-24 19:24:00,SGBX
3.3393,3.3393,3.33,3.33,700,2021-08-24 19:26:00,SGBX
3.34,3.34,3.34,3.34,100,2021-08-24 19:28:00,SGBX
3.3121,3.3121,3.31,3.31,1100,2021-08-24 19:29:00,SGBX
3.33,3.33,3.33,3.33,500,2021-08-24 19:35:00,SGBX
3.34,3.34,3.32,3.32,6100,2021-08-24 19:38:00,SGBX
3.32,3.32,3.32,3.32,150,2021-08-24 19:41:00,SGBX
3.32,3.32,3.29,3.3,6548,2021-08-24 19:46:00,SGBX
3.3,3.3,3.3,3.3,100,2021-08-24 19:49:00,SGBX
3.31,3.31,3.29,3.29,4425,2021-08-24 19:50:00,SGBX
3.33,3.33,3.3,3.33,900,2021-08-24 19:52:00,SGBX
3.33,3.33,3.3,3.3,5400,2021-08-24 19:53:00,SGBX
3.34,3.34,3.3394,3.3394,688,2021-08-24 19:54:00,SGBX
3.335,3.3599,3.335,3.3599,1734,2021-08-24 19:55:00,SGBX
3.36,3.3835,3.36,3.3835,798,2021-08-24 19:56:00,SGBX
3.36,3.3649,3.36,3.36,1821,2021-08-24 19:57:00,SGBX
3.37,3.37,3.35,3.37,2597,2021-08-24 19:59:00,SGBX
3.35,3.35,3.35,3.35,1610,2021-08-24 20:00:00,SGBX
3.28,3.28,3.24,3.24,1716,2021-08-24 21:12:00,SGBX
3.35,3.35,3.35,3.35,207,2021-08-24 22:32:00,SGBX
3.35,3.35,3.35,3.35,2383,2021-08-25 13:30:00,SGBX
3.4499,3.4499,3.4499,3.4499,200,2021-08-25 13:38:00,SGBX
3.3702,3.3702,3.3612,3.3612,200,2021-08-25 13:41:00,SGBX
3.45,3.45,3.45,3.45,300,2021-08-25 13:45:00,SGBX
3.39,3.39,3.39,3.39,5000,2021-08-25 13:49:00,SGBX
3.425,3.425,3.4,3.4,10800,2021-08-25 13:50:00,SGBX
3.4,3.45,3.4,3.45,9929,2021-08-25 13:51:00,SGBX
3.47,3.47,3.47,3.47,200,2021-08-25 14:02:00,SGBX
3.46,3.46,3.46,3.46,4205,2021-08-25 14:04:00,SGBX
3.45,3.45,3.45,3.45,270,2021-08-25 14:07:00,SGBX
3.4735,3.4735,3.4735,3.4735,125,2021-08-25 14:10:00,SGBX
3.49,3.49,3.49,3.49,100,2021-08-25 14:11:00,SGBX
3.43,3.43,3.43,3.43,2000,2021-08-25 14:22:00,SGBX
3.45,3.5,3.4499,3.47,13075,2021-08-25 14:23:00,SGBX
3.46,3.55,3.46,3.55,13935,2021-08-25 14:24:00,SGBX
3.4801,3.51,3.4801,3.51,10000,2021-08-25 14:27:00,SGBX
3.48,3.4999,3.48,3.4999,500,2021-08-25 14:29:00,SGBX
3.49,3.49,3.49,3.49,10000,2021-08-25 14:30:00,SGBX
3.4451,3.4451,3.4451,3.4451,200,2021-08-25 14:36:00,SGBX
3.49,3.51,3.46,3.4962,11250,2021-08-25 14:39:00,SGBX
3.46,3.46,3.46,3.46,240,2021-08-25 14:45:00,SGBX
3.4874,3.4874,3.4874,3.4874,200,2021-08-25 14:49:00,SGBX
3.4999,3.54,3.48,3.54,11648,2021-08-25 14:50:00,SGBX
3.52,3.52,3.52,3.52,1500,2021-08-25 14:54:00,SGBX
3.52,3.52,3.52,3.52,100,2021-08-25 14:57:00,SGBX
3.53,3.535,3.52,3.52,2700,2021-08-25 15:16:00,SGBX
3.55,3.56,3.55,3.56,1990,2021-08-25 15:23:00,SGBX
3.61,3.62,3.54,3.54,2866,2021-08-25 15:24:00,SGBX
3.58,3.58,3.5694,3.5694,457,2021-08-25 15:28:00,SGBX
3.56,3.56,3.56,3.56,100,2021-08-25 15:30:00,SGBX
3.56,3.56,3.56,3.56,300,2021-08-25 15:31:00,SGBX
3.56,3.5613,3.56,3.5613,300,2021-08-25 15:33:00,SGBX
3.5601,3.5602,3.56,3.5602,2400,2021-08-25 15:34:00,SGBX
3.5795,3.6,3.5795,3.59,1535,2021-08-25 15:38:00,SGBX
3.61,3.61,3.61,3.61,500,2021-08-25 15:40:00,SGBX
3.61,3.61,3.61,3.61,294,2021-08-25 15:42:00,SGBX
3.6248,3.6248,3.59,3.59,520,2021-08-25 15:45:00,SGBX
3.59,3.59,3.59,3.59,100,2021-08-25 15:47:00,SGBX
3.5904,3.5904,3.5904,3.5904,500,2021-08-25 15:51:00,SGBX
3.595,3.6,3.595,3.6,300,2021-08-25 15:53:00,SGBX
3.6005,3.6005,3.6005,3.6005,400,2021-08-25 16:00:00,SGBX
3.61,3.61,3.61,3.61,100,2021-08-25 16:06:00,SGBX
3.62,3.62,3.61,3.61,656,2021-08-25 16:16:00,SGBX
3.5901,3.5901,3.5901,3.5901,100,2021-08-25 16:21:00,SGBX
3.58,3.58,3.58,3.58,100,2021-08-25 16:34:00,SGBX
3.58,3.58,3.58,3.58,100,2021-08-25 16:43:00,SGBX
3.58,3.58,3.57,3.57,695,2021-08-25 16:44:00,SGBX
3.579,3.579,3.579,3.579,500,2021-08-25 16:45:00,SGBX
3.629,3.629,3.629,3.629,100,2021-08-25 16:49:00,SGBX
3.58,3.58,3.58,3.58,100,2021-08-25 16:53:00,SGBX
3.581,3.581,3.581,3.581,100,2021-08-25 17:02:00,SGBX
3.58,3.5976,3.58,3.5976,200,2021-08-25 17:03:00,SGBX
3.6,3.6,3.6,3.6,300,2021-08-25 17:08:00,SGBX
3.5959,3.5959,3.5959,3.5959,100,2021-08-25 17:17:00,SGBX
3.6,3.6,3.6,3.6,100,2021-08-25 17:21:00,SGBX
3.5843,3.5843,3.5843,3.5843,318,2021-08-25 17:32:00,SGBX
3.57,3.57,3.57,3.57,100,2021-08-25 17:50:00,SGBX
3.56,3.56,3.56,3.56,100,2021-08-25 17:52:00,SGBX
3.57,3.57,3.57,3.57,100,2021-08-25 17:59:00,SGBX
3.56,3.56,3.56,3.56,100,2021-08-25 18:08:00,SGBX
3.57,3.57,3.57,3.57,900,2021-08-25 18:17:00,SGBX
3.58,3.58,3.58,3.58,100,2021-08-25 18:18:00,SGBX
3.5726,3.58,3.5726,3.58,446,2021-08-25 18:27:00,SGBX
3.571,3.571,3.571,3.571,517,2021-08-25 18:29:00,SGBX
3.5744,3.5744,3.5744,3.5744,132,2021-08-25 18:33:00,SGBX
3.57,3.57,3.57,3.57,100,2021-08-25 18:37:00,SGBX
3.57,3.57,3.57,3.57,200,2021-08-25 18:46:00,SGBX
3.57,3.57,3.57,3.57,100,2021-08-25 18:55:00,SGBX
3.5701,3.6043,3.5701,3.6043,200,2021-08-25 18:57:00,SGBX
3.605,3.605,3.605,3.605,400,2021-08-25 19:03:00,SGBX
3.58,3.58,3.58,3.58,100,2021-08-25 19:05:00,SGBX
3.6172,3.6172,3.6172,3.6172,500,2021-08-25 19:07:00,SGBX
3.59,3.59,3.58,3.5871,1000,2021-08-25 19:09:00,SGBX
3.5977,3.5978,3.5977,3.5978,200,2021-08-25 19:10:00,SGBX
3.61,3.61,3.61,3.61,100,2021-08-25 19:23:00,SGBX
3.605,3.605,3.605,3.605,400,2021-08-25 19:29:00,SGBX
3.62,3.62,3.62,3.62,1172,2021-08-25 19:34:00,SGBX
3.6,3.6,3.5601,3.5601,535,2021-08-25 19:43:00,SGBX
3.5741,3.5741,3.5741,3.5741,200,2021-08-25 19:47:00,SGBX
3.59,3.59,3.59,3.59,150,2021-08-25 19:51:00,SGBX
3.59,3.59,3.5701,3.59,5533,2021-08-25 19:53:00,SGBX
3.61,3.61,3.6,3.61,5047,2021-08-25 19:54:00,SGBX
3.584,3.584,3.584,3.584,398,2021-08-25 19:56:00,SGBX
3.59,3.59,3.59,3.59,200,2021-08-25 19:57:00,SGBX
3.5858,3.6,3.5858,3.6,2376,2021-08-25 19:59:00,SGBX
3.61,3.61,3.61,3.61,430,2021-08-25 20:00:00,SGBX
3.63,3.63,3.63,3.63,100,2021-08-25 20:31:00,SGBX
3.63,3.63,3.63,3.63,468,2021-08-25 20:33:00,SGBX
3.62,3.6548,3.62,3.6548,1223,2021-08-26 13:30:00,SGBX
3.644,3.71,3.6404,3.71,2555,2021-08-26 13:44:00,SGBX
3.7278,3.7278,3.7278,3.7278,1000,2021-08-26 13:45:00,SGBX
3.67,3.67,3.67,3.67,100,2021-08-26 13:46:00,SGBX
3.72,3.73,3.6601,3.6601,1869,2021-08-26 13:47:00,SGBX
3.75,3.8,3.74,3.74,10852,2021-08-26 13:48:00,SGBX
3.749,3.749,3.749,3.749,200,2021-08-26 13:51:00,SGBX
3.67,3.702,3.66,3.7,1400,2021-08-26 13:55:00,SGBX
3.7,3.7,3.7,3.7,500,2021-08-26 13:58:00,SGBX
3.6776,3.6776,3.6776,3.6776,111,2021-08-26 13:59:00,SGBX
3.6686,3.6686,3.6686,3.6686,107,2021-08-26 14:00:00,SGBX
3.739,3.739,3.739,3.739,100,2021-08-26 14:02:00,SGBX
3.74,3.74,3.7,3.72,1470,2021-08-26 14:03:00,SGBX
3.7,3.7,3.7,3.7,158,2021-08-26 14:08:00,SGBX
3.77,3.77,3.76,3.77,400,2021-08-26 14:22:00,SGBX
3.71,3.71,3.71,3.71,912,2021-08-26 14:23:00,SGBX
3.69,3.69,3.69,3.69,200,2021-08-26 14:24:00,SGBX
3.69,3.69,3.69,3.69,250,2021-08-26 14:25:00,SGBX
3.67,3.67,3.67,3.67,270,2021-08-26 14:32:00,SGBX
3.65,3.65,3.59,3.61,2292,2021-08-26 14:38:00,SGBX
3.61,3.61,3.56,3.56,673,2021-08-26 14:39:00,SGBX
3.5428,3.5428,3.53,3.53,1300,2021-08-26 14:50:00,SGBX
3.56,3.56,3.53,3.53,700,2021-08-26 14:57:00,SGBX
3.545,3.545,3.545,3.545,500,2021-08-26 14:58:00,SGBX
3.545,3.545,3.545,3.545,330,2021-08-26 15:00:00,SGBX
3.55,3.55,3.55,3.55,100,2021-08-26 15:01:00,SGBX
3.53,3.53,3.47,3.47,6055,2021-08-26 15:02:00,SGBX
3.5,3.5,3.5,3.5,150,2021-08-26 15:06:00,SGBX
3.51,3.511,3.47,3.47,1200,2021-08-26 15:10:00,SGBX
3.5,3.5,3.5,3.5,510,2021-08-26 15:13:00,SGBX
3.5,3.5,3.5,3.5,800,2021-08-26 15:17:00,SGBX
3.47,3.47,3.47,3.47,100,2021-08-26 15:18:00,SGBX
3.47,3.47,3.47,3.47,100,2021-08-26 15:19:00,SGBX
3.48,3.48,3.48,3.48,600,2021-08-26 15:26:00,SGBX
3.4999,3.5,3.4999,3.5,700,2021-08-26 15:29:00,SGBX
3.4976,3.4976,3.4976,3.4976,110,2021-08-26 15:32:00,SGBX
3.4984,3.5,3.4984,3.5,200,2021-08-26 15:36:00,SGBX
3.5,3.5,3.5,3.5,400,2021-08-26 15:39:00,SGBX
3.5,3.5006,3.5,3.5006,5627,2021-08-26 15:40:00,SGBX
3.53,3.53,3.53,3.53,566,2021-08-26 15:41:00,SGBX
3.5274,3.5274,3.5274,3.5274,331,2021-08-26 15:43:00,SGBX
3.51,3.51,3.47,3.47,3497,2021-08-26 15:46:00,SGBX
3.5232,3.5232,3.5232,3.5232,301,2021-08-26 16:16:00,SGBX
3.53,3.53,3.53,3.53,100,2021-08-26 16:17:00,SGBX
3.5464,3.5464,3.5464,3.5464,500,2021-08-26 16:18:00,SGBX
3.5227,3.5227,3.52,3.52,300,2021-08-26 16:26:00,SGBX
3.5253,3.5253,3.5253,3.5253,100,2021-08-26 16:32:00,SGBX
3.52,3.52,3.52,3.52,1200,2021-08-26 16:49:00,SGBX
3.5184,3.5184,3.5184,3.5184,100,2021-08-26 17:37:00,SGBX
3.5001,3.5001,3.5001,3.5001,100,2021-08-26 17:42:00,SGBX
3.5088,3.5088,3.5088,3.5088,2281,2021-08-26 17:45:00,SGBX
3.54,3.55,3.54,3.55,1300,2021-08-26 18:05:00,SGBX
3.64,3.64,3.64,3.64,100,2021-08-26 18:13:00,SGBX
3.6093,3.6093,3.6093,3.6093,250,2021-08-26 18:28:00,SGBX
3.6324,3.6324,3.6324,3.6324,100,2021-08-26 18:31:00,SGBX
3.62,3.62,3.62,3.62,350,2021-08-26 18:35:00,SGBX
3.61,3.61,3.61,3.61,100,2021-08-26 18:40:00,SGBX
3.5873,3.5873,3.5873,3.5873,170,2021-08-26 18:43:00,SGBX
3.6,3.602,3.6,3.602,315,2021-08-26 18:53:00,SGBX
3.65,3.65,3.65,3.65,1600,2021-08-26 18:56:00,SGBX
3.6599,3.6599,3.6599,3.6599,200,2021-08-26 18:59:00,SGBX
3.65,3.65,3.65,3.65,650,2021-08-26 19:02:00,SGBX
3.64,3.64,3.64,3.64,100,2021-08-26 19:03:00,SGBX
3.6158,3.6158,3.6101,3.6101,400,2021-08-26 19:04:00,SGBX
3.63,3.63,3.63,3.63,100,2021-08-26 19:05:00,SGBX
3.6373,3.64,3.6373,3.64,1700,2021-08-26 19:06:00,SGBX
3.64,3.65,3.64,3.645,5236,2021-08-26 19:07:00,SGBX
3.66,3.66,3.66,3.66,100,2021-08-26 19:12:00,SGBX
3.6732,3.6732,3.6732,3.6732,100,2021-08-26 19:15:00,SGBX
3.6758,3.6758,3.6758,3.6758,100,2021-08-26 19:16:00,SGBX
3.66,3.67,3.66,3.67,861,2021-08-26 19:30:00,SGBX
3.65,3.65,3.65,3.65,100,2021-08-26 19:33:00,SGBX
3.64,3.65,3.6191,3.6191,1450,2021-08-26 19:37:00,SGBX
3.61,3.61,3.61,3.61,100,2021-08-26 19:40:00,SGBX
3.61,3.61,3.61,3.61,300,2021-08-26 19:41:00,SGBX
3.6048,3.6048,3.6048,3.6048,300,2021-08-26 19:49:00,SGBX
3.6001,3.605,3.6,3.605,2700,2021-08-26 19:50:00,SGBX
3.595,3.595,3.58,3.58,250,2021-08-26 19:51:00,SGBX
3.6328,3.6328,3.615,3.615,400,2021-08-26 19:55:00,SGBX
3.6,3.6,3.56,3.56,1087,2021-08-26 19:59:00,SGBX
3.6,3.6,3.6,3.6,467,2021-08-26 20:00:00,SGBX
3.5072,3.5072,3.5072,3.5072,100,2021-08-26 20:49:00,SGBX
3.51,3.51,3.51,3.51,400,2021-08-26 23:52:00,SGBX
3.5,3.5,3.5,3.5,200,2021-08-27 13:04:00,SGBX
3.45,3.45,3.45,3.45,100,2021-08-27 13:28:00,SGBX
3.64,3.64,3.6,3.6,499,2021-08-27 13:30:00,SGBX
3.5171,3.5171,3.5171,3.5171,100,2021-08-27 13:31:00,SGBX
3.62,3.62,3.62,3.62,100,2021-08-27 13:40:00,SGBX
3.63,3.64,3.63,3.64,1151,2021-08-27 13:42:00,SGBX
3.6,3.65,3.598,3.65,6574,2021-08-27 13:43:00,SGBX
3.6609,3.6609,3.6609,3.6609,1000,2021-08-27 13:48:00,SGBX
3.6646,3.6646,3.6646,3.6646,500,2021-08-27 13:52:00,SGBX
3.64,3.6598,3.64,3.65,10356,2021-08-27 13:57:00,SGBX
3.68,3.68,3.68,3.68,300,2021-08-27 13:59:00,SGBX
3.6615,3.6615,3.6615,3.6615,500,2021-08-27 14:00:00,SGBX
3.6609,3.6609,3.6609,3.6609,300,2021-08-27 14:06:00,SGBX
3.62,3.62,3.61,3.6103,700,2021-08-27 14:15:00,SGBX
3.53,3.53,3.53,3.53,300,2021-08-27 14:19:00,SGBX
3.61,3.61,3.5446,3.5446,600,2021-08-27 14:20:00,SGBX
3.6,3.61,3.6,3.6,3345,2021-08-27 14:22:00,SGBX
3.61,3.61,3.61,3.61,100,2021-08-27 14:24:00,SGBX
3.61,3.61,3.61,3.61,700,2021-08-27 14:29:00,SGBX
3.61,3.61,3.61,3.61,131,2021-08-27 14:30:00,SGBX
3.66,3.66,3.66,3.66,150,2021-08-27 14:31:00,SGBX
3.62,3.62,3.62,3.62,1000,2021-08-27 14:38:00,SGBX
3.61,3.61,3.61,3.61,1000,2021-08-27 14:44:00,SGBX
3.6233,3.6233,3.6233,3.6233,300,2021-08-27 14:48:00,SGBX
3.596,3.596,3.596,3.596,200,2021-08-27 14:55:00,SGBX
3.635,3.635,3.635,3.635,500,2021-08-27 15:01:00,SGBX
3.6353,3.6353,3.6353,3.6353,1500,2021-08-27 15:02:00,SGBX
3.6,3.6,3.6,3.6,292,2021-08-27 15:12:00,SGBX
3.6053,3.6053,3.6053,3.6053,300,2021-08-27 15:17:00,SGBX
3.6114,3.6114,3.6114,3.6114,4500,2021-08-27 15:25:00,SGBX
3.6513,3.6513,3.6513,3.6513,100,2021-08-27 15:29:00,SGBX
3.6151,3.6151,3.6151,3.6151,200,2021-08-27 15:35:00,SGBX
3.6135,3.62,3.612,3.612,300,2021-08-27 15:40:00,SGBX
3.65,3.65,3.65,3.65,343,2021-08-27 16:39:00,SGBX
3.65,3.65,3.65,3.65,601,2021-08-27 16:42:00,SGBX
3.6242,3.635,3.6242,3.635,300,2021-08-27 16:51:00,SGBX
3.6245,3.6245,3.6245,3.6245,149,2021-08-27 16:55:00,SGBX
3.6254,3.6254,3.6254,3.6254,100,2021-08-27 17:00:00,SGBX
3.62,3.62,3.61,3.61,1518,2021-08-27 17:07:00,SGBX
3.6299,3.6299,3.6299,3.6299,100,2021-08-27 17:11:00,SGBX
3.61,3.61,3.61,3.61,1250,2021-08-27 17:22:00,SGBX
3.6119,3.6119,3.6119,3.6119,142,2021-08-27 17:28:00,SGBX
3.62,3.62,3.61,3.612,1250,2021-08-27 17:35:00,SGBX
3.62,3.62,3.62,3.62,200,2021-08-27 17:44:00,SGBX
3.62,3.62,3.62,3.62,1698,2021-08-27 17:50:00,SGBX
3.6123,3.6123,3.6123,3.6123,550,2021-08-27 17:51:00,SGBX
3.65,3.65,3.64,3.64,200,2021-08-27 17:52:00,SGBX
3.61,3.65,3.61,3.65,3150,2021-08-27 17:55:00,SGBX
3.649,3.68,3.646,3.68,3566,2021-08-27 17:56:00,SGBX
3.6595,3.6761,3.6595,3.6761,1150,2021-08-27 17:57:00,SGBX
3.687,3.7,3.65,3.66,5176,2021-08-27 17:58:00,SGBX
3.66,3.66,3.66,3.66,400,2021-08-27 17:59:00,SGBX
3.678,3.7399,3.678,3.7399,767,2021-08-27 18:00:00,SGBX
3.705,3.705,3.705,3.705,100,2021-08-27 18:04:00,SGBX
3.694,3.694,3.694,3.694,362,2021-08-27 18:05:00,SGBX
3.71,3.71,3.71,3.71,200,2021-08-27 18:12:00,SGBX
3.7,3.7,3.7,3.7,100,2021-08-27 18:15:00,SGBX
3.7157,3.7157,3.7,3.7,300,2021-08-27 18:17:00,SGBX
3.7043,3.7043,3.7043,3.7043,200,2021-08-27 18:29:00,SGBX
3.7,3.7006,3.7,3.7006,686,2021-08-27 18:36:00,SGBX
3.65,3.65,3.65,3.65,1245,2021-08-27 18:40:00,SGBX
3.65,3.65,3.64,3.64,1700,2021-08-27 18:47:00,SGBX
3.65,3.65,3.65,3.65,428,2021-08-27 18:48:00,SGBX
3.635,3.635,3.635,3.635,100,2021-08-27 18:50:00,SGBX
3.65,3.65,3.65,3.65,1169,2021-08-27 18:57:00,SGBX
3.68,3.68,3.68,3.68,1200,2021-08-27 18:58:00,SGBX
3.69,3.6901,3.69,3.6901,2579,2021-08-27 19:21:00,SGBX
3.6928,3.6928,3.6928,3.6928,452,2021-08-27 19:22:00,SGBX
3.72,3.72,3.72,3.72,100,2021-08-27 19:27:00,SGBX
3.6998,3.6998,3.6998,3.6998,500,2021-08-27 19:29:00,SGBX
3.69,3.69,3.69,3.69,200,2021-08-27 19:31:00,SGBX
3.6963,3.6963,3.6963,3.6963,400,2021-08-27 19:32:00,SGBX
3.69,3.69,3.69,3.69,353,2021-08-27 19:53:00,SGBX
3.69,3.69,3.69,3.69,300,2021-08-27 19:58:00,SGBX
3.71,3.71,3.68,3.68,1950,2021-08-27 19:59:00,SGBX
3.68,3.68,3.68,3.68,949,2021-08-27 20:00:00,SGBX
3.54,3.54,3.54,3.54,400,2021-08-27 23:11:00,SGBX
3.69,3.69,3.69,3.69,500,2021-08-30 12:59:00,SGBX
3.68,3.7243,3.68,3.7243,608,2021-08-30 13:30:00,SGBX
3.66,3.66,3.66,3.66,400,2021-08-30 13:38:00,SGBX
3.6,3.602,3.6,3.602,200,2021-08-30 13:44:00,SGBX
3.65,3.65,3.65,3.65,200,2021-08-30 13:48:00,SGBX
3.6304,3.69,3.6304,3.69,367,2021-08-30 13:55:00,SGBX
3.71,3.83,3.7082,3.81,12562,2021-08-30 14:00:00,SGBX
3.88,3.89,3.88,3.88,1888,2021-08-30 14:02:00,SGBX
3.86,3.94,3.86,3.92,40785,2021-08-30 14:03:00,SGBX
3.94,3.97,3.94,3.95,598,2021-08-30 14:04:00,SGBX
3.899,3.899,3.899,3.899,100,2021-08-30 14:05:00,SGBX
3.8861,3.8861,3.83,3.83,1100,2021-08-30 14:07:00,SGBX
3.88,3.88,3.87,3.87,12767,2021-08-30 14:08:00,SGBX
3.86,3.9,3.86,3.8995,20067,2021-08-30 14:09:00,SGBX
3.9456,3.9499,3.93,3.9499,3863,2021-08-30 14:11:00,SGBX
3.93,3.93,3.93,3.93,100,2021-08-30 14:12:00,SGBX
3.93,3.95,3.93,3.95,2424,2021-08-30 14:13:00,SGBX
3.9799,3.9799,3.9799,3.9799,100,2021-08-30 14:14:00,SGBX
3.96,3.96,3.96,3.96,1000,2021-08-30 14:15:00,SGBX
3.98,3.98,3.978,3.98,400,2021-08-30 14:16:00,SGBX
3.99,4.0077,3.99,4.0077,1399,2021-08-30 14:17:00,SGBX
4.04,4.07,4.04,4.06,2200,2021-08-30 14:18:00,SGBX
4.045,4.0507,4.02,4.02,3000,2021-08-30 14:19:00,SGBX
4.0637,4.0637,4.0,4.0,1117,2021-08-30 14:20:00,SGBX
4.0152,4.0152,4.0001,4.0001,430,2021-08-30 14:21:00,SGBX
4.0,4.0199,4.0,4.0199,3157,2021-08-30 14:23:00,SGBX
3.9492,3.9492,3.9492,3.9492,100,2021-08-30 14:24:00,SGBX
3.96,3.9601,3.86,3.86,8519,2021-08-30 14:26:00,SGBX
3.97,3.98,3.941,3.95,2200,2021-08-30 14:27:00,SGBX
4.01,4.0132,4.01,4.0132,1764,2021-08-30 14:28:00,SGBX
4.09,4.14,4.08,4.1398,6713,2021-08-30 14:29:00,SGBX
4.14,4.1634,4.135,4.135,1342,2021-08-30 14:30:00,SGBX
4.18,4.2,4.1535,4.175,12960,2021-08-30 14:31:00,SGBX
4.1999,4.2799,4.195,4.27,14117,2021-08-30 14:32:00,SGBX
4.263,4.4,4.25,4.3258,9503,2021-08-30 14:33:00,SGBX
4.4,4.5,4.27,4.27,18329,2021-08-30 14:34:00,SGBX
4.29,4.6,4.16,4.2,79951,2021-08-30 14:35:00,SGBX
4.25,4.34,4.2094,4.21,18052,2021-08-30 14:36:00,SGBX
4.29,4.29,4.243,4.243,600,2021-08-30 14:37:00,SGBX
4.21,4.294,4.16,4.2829,7046,2021-08-30 14:38:00,SGBX
4.2601,4.31,4.2601,4.2653,4831,2021-08-30 14:39:00,SGBX
4.2,4.2122,4.15,4.15,11739,2021-08-30 14:40:00,SGBX
4.1501,4.1501,4.15,4.15,950,2021-08-30 14:41:00,SGBX
4.1559,4.21,4.1559,4.21,500,2021-08-30 14:42:00,SGBX
4.195,4.22,4.17,4.1753,2002,2021-08-30 14:43:00,SGBX
4.1961,4.2021,4.1704,4.1704,3250,2021-08-30 14:44:00,SGBX
4.18,4.2037,4.15,4.2037,4541,2021-08-30 14:45:00,SGBX
4.15,4.24,4.15,4.24,11039,2021-08-30 14:46:00,SGBX
4.25,4.29,4.19,4.29,8986,2021-08-30 14:47:00,SGBX
4.22,4.22,4.22,4.22,250,2021-08-30 14:48:00,SGBX
4.2118,4.26,4.2118,4.26,2700,2021-08-30 14:50:00,SGBX
4.26,4.26,4.1501,4.2,1700,2021-08-30 14:51:00,SGBX
4.1685,4.24,4.1685,4.23,624,2021-08-30 14:52:00,SGBX
4.16,4.16,4.15,4.15,242,2021-08-30 14:53:00,SGBX
4.24,4.24,4.185,4.185,6500,2021-08-30 14:54:00,SGBX
4.18,4.25,4.1644,4.1644,5328,2021-08-30 14:55:00,SGBX
4.17,4.17,4.17,4.17,200,2021-08-30 14:57:00,SGBX
4.198,4.198,4.171,4.171,1000,2021-08-30 14:58:00,SGBX
4.2,4.24,4.2,4.238,1030,2021-08-30 15:00:00,SGBX
4.24,4.24,4.2134,4.2134,1100,2021-08-30 15:02:00,SGBX
4.2101,4.2134,4.2101,4.2134,750,2021-08-30 15:03:00,SGBX
4.21,4.21,4.21,4.21,100,2021-08-30 15:04:00,SGBX
4.2,4.2,4.19,4.19,200,2021-08-30 15:05:00,SGBX
4.1801,4.1955,4.1801,4.1955,800,2021-08-30 15:06:00,SGBX
4.18,4.18,4.17,4.17,770,2021-08-30 15:07:00,SGBX
4.165,4.165,4.165,4.165,100,2021-08-30 15:08:00,SGBX
4.15,4.15,4.0638,4.1083,4609,2021-08-30 15:09:00,SGBX
4.11,4.11,4.11,4.11,800,2021-08-30 15:10:00,SGBX
4.11,4.19,4.11,4.18,5005,2021-08-30 15:11:00,SGBX
4.2115,4.2115,4.2115,4.2115,100,2021-08-30 15:13:00,SGBX
4.22,4.22,4.19,4.19,5323,2021-08-30 15:16:00,SGBX
4.1804,4.1804,4.1804,4.1804,100,2021-08-30 15:17:00,SGBX
4.19,4.19,4.19,4.19,100,2021-08-30 15:20:00,SGBX
4.16,4.17,4.15,4.15,926,2021-08-30 15:21:00,SGBX
4.071,4.071,4.071,4.071,350,2021-08-30 15:29:00,SGBX
4.0778,4.0778,4.0778,4.0778,275,2021-08-30 15:31:00,SGBX
4.0858,4.0858,4.0858,4.0858,500,2021-08-30 15:32:00,SGBX
4.08,4.08,4.08,4.08,200,2021-08-30 15:34:00,SGBX
4.09,4.09,4.09,4.09,200,2021-08-30 15:42:00,SGBX
4.1199,4.1199,4.1199,4.1199,938,2021-08-30 15:44:00,SGBX
4.1203,4.1203,4.1203,4.1203,422,2021-08-30 15:46:00,SGBX
4.12,4.12,4.09,4.09,816,2021-08-30 15:52:00,SGBX
4.1082,4.1082,4.1082,4.1082,100,2021-08-30 15:55:00,SGBX
4.15,4.16,4.12,4.12,6228,2021-08-30 15:56:00,SGBX
4.15,4.15,4.12,4.12,2950,2021-08-30 15:57:00,SGBX
4.08,4.08,4.08,4.08,1000,2021-08-30 15:58:00,SGBX
4.13,4.13,4.13,4.13,2040,2021-08-30 16:03:00,SGBX
4.15,4.15,4.15,4.15,100,2021-08-30 16:04:00,SGBX
4.15,4.15,4.1057,4.1057,560,2021-08-30 16:09:00,SGBX
4.16,4.16,4.1,4.1,700,2021-08-30 16:10:00,SGBX
4.12,4.12,4.12,4.12,120,2021-08-30 16:16:00,SGBX
4.1,4.1,4.1,4.1,104,2021-08-30 16:22:00,SGBX
4.1,4.1,4.1,4.1,456,2021-08-30 16:33:00,SGBX
4.1,4.1,4.1,4.1,900,2021-08-30 16:39:00,SGBX
4.08,4.08,4.08,4.08,200,2021-08-30 16:40:00,SGBX
4.12,4.12,4.12,4.12,1000,2021-08-30 16:46:00,SGBX
4.14,4.14,4.12,4.12,2000,2021-08-30 16:47:00,SGBX
4.11,4.11,4.1,4.1,200,2021-08-30 16:56:00,SGBX
4.1,4.1,4.1,4.1,280,2021-08-30 16:57:00,SGBX
4.1,4.1,4.1,4.1,100,2021-08-30 16:58:00,SGBX
4.1001,4.1001,4.1001,4.1001,7690,2021-08-30 16:59:00,SGBX
4.101,4.14,4.08,4.115,5041,2021-08-30 17:04:00,SGBX
4.115,4.115,4.115,4.115,259,2021-08-30 17:05:00,SGBX
4.1155,4.1155,4.1155,4.1155,1000,2021-08-30 17:09:00,SGBX
4.1,4.11,4.1,4.11,1895,2021-08-30 17:10:00,SGBX
4.11,4.11,4.11,4.11,500,2021-08-30 17:11:00,SGBX
4.11,4.11,4.11,4.11,100,2021-08-30 17:14:00,SGBX
4.11,4.11,4.095,4.095,1023,2021-08-30 17:16:00,SGBX
4.1,4.1,4.1,4.1,100,2021-08-30 17:17:00,SGBX
4.083,4.1,4.081,4.081,859,2021-08-30 17:18:00,SGBX
4.0951,4.0951,4.0951,4.0951,100,2021-08-30 17:27:00,SGBX
4.111,4.111,4.111,4.111,183,2021-08-30 17:34:00,SGBX
4.1,4.1,4.1,4.1,100,2021-08-30 17:36:00,SGBX
4.1,4.1,4.0406,4.0406,1656,2021-08-30 17:39:00,SGBX
4.0551,4.0551,4.0551,4.0551,413,2021-08-30 17:44:00,SGBX
4.04,4.065,4.04,4.065,1050,2021-08-30 17:56:00,SGBX
4.0435,4.0525,4.0435,4.052,500,2021-08-30 17:59:00,SGBX
4.07,4.07,4.07,4.07,300,2021-08-30 18:16:00,SGBX
4.05,4.08,4.04,4.08,675,2021-08-30 18:24:00,SGBX
4.08,4.085,4.08,4.085,1197,2021-08-30 18:25:00,SGBX
4.0813,4.0813,4.0813,4.0813,1000,2021-08-30 18:32:00,SGBX
4.065,4.065,4.065,4.065,100,2021-08-30 18:39:00,SGBX
4.05,4.05,4.05,4.05,100,2021-08-30 18:40:00,SGBX
4.0706,4.0706,4.065,4.065,1100,2021-08-30 18:41:00,SGBX
4.08,4.08,4.05,4.05,200,2021-08-30 18:42:00,SGBX
4.0516,4.0516,4.0501,4.0501,1300,2021-08-30 18:44:00,SGBX
4.0524,4.0524,4.0524,4.0524,150,2021-08-30 18:48:00,SGBX
4.05,4.06,4.05,4.06,600,2021-08-30 18:52:00,SGBX
4.0699,4.0699,4.05,4.0501,2218,2021-08-30 18:57:00,SGBX
4.04,4.04,4.03,4.03,300,2021-08-30 18:58:00,SGBX
4.0275,4.03,4.0275,4.03,200,2021-08-30 18:59:00,SGBX
4.02,4.03,4.011,4.03,583,2021-08-30 19:07:00,SGBX
4.03,4.03,4.01,4.01,469,2021-08-30 19:10:00,SGBX
4.0121,4.0121,4.0121,4.0121,1000,2021-08-30 19:11:00,SGBX
4.0001,4.0001,4.0,4.0,500,2021-08-30 19:13:00,SGBX
4.0,4.0,4.0,4.0,1000,2021-08-30 19:16:00,SGBX
4.01,4.01,4.01,4.01,250,2021-08-30 19:17:00,SGBX
3.96,3.98,3.95,3.98,4340,2021-08-30 19:18:00,SGBX
3.98,3.98,3.965,3.98,1100,2021-08-30 19:21:00,SGBX
3.95,3.96,3.95,3.96,1100,2021-08-30 19:22:00,SGBX
3.915,3.915,3.915,3.915,200,2021-08-30 19:23:00,SGBX
3.9001,3.9001,3.9001,3.9001,100,2021-08-30 19:27:00,SGBX
3.916,3.9733,3.916,3.9733,1300,2021-08-30 19:30:00,SGBX
3.915,3.915,3.915,3.915,100,2021-08-30 19:32:00,SGBX
3.91,3.91,3.91,3.91,100,2021-08-30 19:38:00,SGBX
3.9145,3.9555,3.91,3.9555,1629,2021-08-30 19:39:00,SGBX
3.91,3.94,3.91,3.93,2300,2021-08-30 19:40:00,SGBX
3.93,3.9499,3.91,3.9473,1217,2021-08-30 19:41:00,SGBX
3.9468,3.95,3.93,3.93,2291,2021-08-30 19:42:00,SGBX
3.93,3.94,3.93,3.94,2876,2021-08-30 19:43:00,SGBX
3.95,3.96,3.95,3.96,1189,2021-08-30 19:44:00,SGBX
3.9825,3.99,3.96,3.96,5000,2021-08-30 19:45:00,SGBX
3.96,3.96,3.95,3.95,800,2021-08-30 19:46:00,SGBX
3.95,3.95,3.93,3.945,659,2021-08-30 19:48:00,SGBX
3.96,3.96,3.9525,3.96,800,2021-08-30 19:49:00,SGBX
3.95,3.96,3.9355,3.9355,1211,2021-08-30 19:50:00,SGBX
3.9445,3.9445,3.9445,3.9445,250,2021-08-30 19:51:00,SGBX
3.93,3.97,3.93,3.97,1578,2021-08-30 19:52:00,SGBX
3.96,3.96,3.96,3.96,100,2021-08-30 19:53:00,SGBX
3.935,3.935,3.93,3.93,400,2021-08-30 19:54:00,SGBX
3.955,3.98,3.93,3.93,2379,2021-08-30 19:55:00,SGBX
3.93,3.93,3.91,3.91,947,2021-08-30 19:56:00,SGBX
3.91,3.91,3.9,3.9,900,2021-08-30 19:57:00,SGBX
3.9,3.9,3.9,3.9,1000,2021-08-30 19:58:00,SGBX
3.94,3.9466,3.9,3.925,4668,2021-08-30 19:59:00,SGBX
3.925,3.925,3.925,3.925,1399,2021-08-30 20:00:00,SGBX
3.93,3.93,3.93,3.93,150,2021-08-30 20:50:00,SGBX
3.92,3.92,3.92,3.92,150,2021-08-30 20:59:00,SGBX
3.93,3.93,3.93,3.93,138,2021-08-31 11:40:00,SGBX
3.86,3.86,3.86,3.86,500,2021-08-31 13:29:00,SGBX
3.82,3.9,3.82,3.87,4339,2021-08-31 13:30:00,SGBX
3.858,3.86,3.858,3.86,450,2021-08-31 13:32:00,SGBX
3.81,3.81,3.81,3.81,100,2021-08-31 13:33:00,SGBX
3.8101,3.8101,3.8101,3.8101,300,2021-08-31 13:35:00,SGBX
3.89,3.89,3.89,3.89,200,2021-08-31 13:42:00,SGBX
3.9,3.96,3.9,3.92,1464,2021-08-31 13:43:00,SGBX
3.99,3.99,3.99,3.99,100,2021-08-31 13:45:00,SGBX
3.916,3.95,3.916,3.95,435,2021-08-31 13:49:00,SGBX
3.9128,3.9128,3.9128,3.9128,385,2021-08-31 13:53:00,SGBX
3.94,3.94,3.8474,3.8474,483,2021-08-31 13:54:00,SGBX
3.8627,3.872,3.86,3.872,1000,2021-08-31 14:03:00,SGBX
3.89,3.9,3.89,3.9,5200,2021-08-31 14:04:00,SGBX
3.9273,3.9273,3.9273,3.9273,150,2021-08-31 14:07:00,SGBX
3.93,3.93,3.93,3.93,200,2021-08-31 14:09:00,SGBX
3.9262,3.9262,3.9262,3.9262,500,2021-08-31 14:18:00,SGBX
3.9,3.9,3.9,3.9,199,2021-08-31 14:25:00,SGBX
3.92,3.92,3.92,3.92,1697,2021-08-31 14:28:00,SGBX
3.935,3.935,3.935,3.935,100,2021-08-31 14:30:00,SGBX
3.93,3.93,3.93,3.93,509,2021-08-31 14:33:00,SGBX
3.921,3.921,3.921,3.921,100,2021-08-31 14:39:00,SGBX
3.86,3.87,3.86,3.86,1200,2021-08-31 14:44:00,SGBX
3.91,3.91,3.8907,3.8907,696,2021-08-31 14:49:00,SGBX
3.9,3.9,3.9,3.9,1988,2021-08-31 14:54:00,SGBX
3.9,3.9,3.9,3.9,2002,2021-08-31 14:56:00,SGBX
3.8201,3.8201,3.8201,3.8201,500,2021-08-31 15:01:00,SGBX
3.86,3.86,3.86,3.86,250,2021-08-31 15:04:00,SGBX
3.875,3.875,3.875,3.875,100,2021-08-31 15:21:00,SGBX
3.8538,3.8553,3.8538,3.8553,700,2021-08-31 15:23:00,SGBX
3.85,3.85,3.85,3.85,158,2021-08-31 15:30:00,SGBX
3.85,3.85,3.85,3.85,591,2021-08-31 15:33:00,SGBX
3.8601,3.8601,3.8601,3.8601,100,2021-08-31 15:59:00,SGBX
3.88,3.88,3.88,3.88,926,2021-08-31 16:00:00,SGBX
3.9,3.9,3.9,3.9,800,2021-08-31 16:03:00,SGBX
3.94,3.94,3.93,3.93,779,2021-08-31 16:05:00,SGBX
3.94,3.98,3.94,3.98,981,2021-08-31 16:06:00,SGBX
3.95,3.9516,3.95,3.9516,436,2021-08-31 16:07:00,SGBX
3.95,3.95,3.95,3.95,100,2021-08-31 16:08:00,SGBX
3.94,3.94,3.9367,3.9367,300,2021-08-31 16:12:00,SGBX
3.9319,3.9319,3.9319,3.9319,100,2021-08-31 16:13:00,SGBX
3.93,3.93,3.93,3.93,411,2021-08-31 16:20:00,SGBX
3.9,3.9,3.9,3.9,200,2021-08-31 16:31:00,SGBX
3.9,3.9,3.9,3.9,3000,2021-08-31 16:35:00,SGBX
3.93,3.93,3.93,3.93,300,2021-08-31 16:39:00,SGBX
3.94,3.94,3.94,3.94,300,2021-08-31 16:42:00,SGBX
3.94,3.94,3.94,3.94,100,2021-08-31 16:46:00,SGBX
3.95,3.95,3.95,3.95,255,2021-08-31 16:50:00,SGBX
3.9822,3.9822,3.9822,3.9822,100,2021-08-31 16:57:00,SGBX
3.9733,3.9733,3.9733,3.9733,100,2021-08-31 16:58:00,SGBX
3.988,4.0,3.988,4.0,4895,2021-08-31 17:03:00,SGBX
4.0,4.0499,4.0,4.0499,1500,2021-08-31 17:04:00,SGBX
4.04,4.04,4.04,4.04,100,2021-08-31 17:06:00,SGBX
4.0,4.0,4.0,4.0,100,2021-08-31 17:09:00,SGBX
4.02,4.02,4.02,4.02,100,2021-08-31 17:10:00,SGBX
4.02,4.02,4.02,4.02,100,2021-08-31 17:11:00,SGBX
4.0205,4.03,4.0205,4.03,500,2021-08-31 17:12:00,SGBX
4.0241,4.0241,4.0241,4.0241,100,2021-08-31 17:13:00,SGBX
4.02,4.02,4.02,4.02,300,2021-08-31 17:16:00,SGBX
4.0,4.0,3.98,3.98,3787,2021-08-31 17:23:00,SGBX
3.98,3.98,3.9558,3.9558,750,2021-08-31 17:24:00,SGBX
3.9894,3.9894,3.9894,3.9894,200,2021-08-31 17:52:00,SGBX
3.96,3.96,3.96,3.96,1000,2021-08-31 17:53:00,SGBX
3.9756,3.9756,3.9756,3.9756,200,2021-08-31 18:08:00,SGBX
3.9657,3.9657,3.9657,3.9657,200,2021-08-31 18:28:00,SGBX
4.01,4.01,4.01,4.01,100,2021-08-31 18:32:00,SGBX
4.01,4.01,3.99,3.99,300,2021-08-31 18:33:00,SGBX
3.98,3.995,3.98,3.98,590,2021-08-31 18:35:00,SGBX
3.97,3.97,3.97,3.97,100,2021-08-31 18:36:00,SGBX
4.01,4.01,4.01,4.01,5000,2021-08-31 18:39:00,SGBX
3.998,4.05,3.998,4.05,2587,2021-08-31 18:42:00,SGBX
4.0146,4.05,4.0146,4.036,898,2021-08-31 18:43:00,SGBX
4.0409,4.0409,4.0409,4.0409,100,2021-08-31 19:01:00,SGBX
4.041,4.041,4.041,4.041,500,2021-08-31 19:03:00,SGBX
4.0445,4.0445,4.04,4.04,318,2021-08-31 19:07:00,SGBX
4.04,4.04,4.03,4.04,5733,2021-08-31 19:11:00,SGBX
3.99,3.99,3.99,3.99,100,2021-08-31 19:14:00,SGBX
4.039,4.039,4.039,4.039,100,2021-08-31 19:29:00,SGBX
4.04,4.04,4.04,4.04,1000,2021-08-31 19:30:00,SGBX
4.08,4.08,4.08,4.08,400,2021-08-31 19:31:00,SGBX
4.08,4.08,4.08,4.08,242,2021-08-31 19:36:00,SGBX
4.1,4.1,4.1,4.1,300,2021-08-31 19:37:00,SGBX
4.0677,4.0677,4.0677,4.0677,100,2021-08-31 19:38:00,SGBX
4.09,4.09,4.09,4.09,200,2021-08-31 19:39:00,SGBX
4.115,4.12,4.11,4.12,400,2021-08-31 19:41:00,SGBX
4.1092,4.1092,4.1092,4.1092,749,2021-08-31 19:44:00,SGBX
4.11,4.11,4.1,4.1,300,2021-08-31 19:45:00,SGBX
4.06,4.11,4.06,4.11,500,2021-08-31 19:46:00,SGBX
4.09,4.09,4.07,4.07,200,2021-08-31 19:48:00,SGBX
4.12,4.12,4.12,4.12,378,2021-08-31 19:53:00,SGBX
4.0897,4.0897,4.0897,4.0897,150,2021-08-31 19:54:00,SGBX
4.09,4.09,4.09,4.09,400,2021-08-31 19:57:00,SGBX
4.12,4.15,4.12,4.15,2342,2021-08-31 19:59:00,SGBX
4.15,4.15,4.15,4.15,4044,2021-08-31 20:00:00,SGBX
4.09,4.09,4.09,4.09,100,2021-09-01 12:25:00,SGBX
4.11,4.11,4.11,4.11,1586,2021-09-01 13:30:00,SGBX
4.1899,4.1899,4.1899,4.1899,1000,2021-09-01 13:31:00,SGBX
4.065,4.065,4.065,4.065,200,2021-09-01 13:33:00,SGBX
4.085,4.1,4.08,4.08,2753,2021-09-01 13:38:00,SGBX
4.09,4.09,4.07,4.07,500,2021-09-01 13:40:00,SGBX
4.1149,4.1149,4.1,4.1,1500,2021-09-01 13:46:00,SGBX
4.07,4.07,4.07,4.07,550,2021-09-01 13:53:00,SGBX
4.095,4.11,4.095,4.11,500,2021-09-01 13:54:00,SGBX
4.14,4.14,4.14,4.14,100,2021-09-01 14:02:00,SGBX
4.1499,4.1499,4.1499,4.1499,100,2021-09-01 14:08:00,SGBX
4.12,4.12,4.12,4.12,500,2021-09-01 14:24:00,SGBX
4.14,4.14,4.14,4.14,100,2021-09-01 14:27:00,SGBX
4.16,4.16,4.16,4.16,125,2021-09-01 14:40:00,SGBX
4.17,4.17,4.17,4.17,200,2021-09-01 14:41:00,SGBX
4.18,4.18,4.1797,4.1797,200,2021-09-01 14:42:00,SGBX
4.16,4.16,4.11,4.11,1100,2021-09-01 14:44:00,SGBX
4.1201,4.1201,4.1201,4.1201,350,2021-09-01 15:23:00,SGBX
4.14,4.14,4.14,4.14,100,2021-09-01 15:25:00,SGBX
4.14,4.14,4.14,4.14,250,2021-09-01 15:29:00,SGBX
4.14,4.14,4.14,4.14,200,2021-09-01 15:41:00,SGBX
4.15,4.15,4.15,4.15,679,2021-09-01 15:44:00,SGBX
4.15,4.15,4.15,4.15,100,2021-09-01 16:01:00,SGBX
4.1377,4.1377,4.1377,4.1377,725,2021-09-01 16:08:00,SGBX
4.12,4.12,4.12,4.12,300,2021-09-01 16:19:00,SGBX
4.11,4.11,4.11,4.11,112,2021-09-01 16:37:00,SGBX
4.11,4.11,4.11,4.11,500,2021-09-01 17:06:00,SGBX
4.1001,4.1001,4.1001,4.1001,276,2021-09-01 17:11:00,SGBX
4.1,4.1,4.1,4.1,1117,2021-09-01 17:17:00,SGBX
4.11,4.11,4.11,4.11,219,2021-09-01 17:19:00,SGBX
4.08,4.11,4.07,4.11,1603,2021-09-01 17:21:00,SGBX
4.1066,4.1066,4.1066,4.1066,100,2021-09-01 17:23:00,SGBX
4.07,4.07,4.07,4.07,100,2021-09-01 17:24:00,SGBX
4.08,4.08,4.08,4.08,100,2021-09-01 17:26:00,SGBX
4.08,4.08,4.08,4.08,100,2021-09-01 17:27:00,SGBX
4.0801,4.0801,4.0801,4.0801,7895,2021-09-01 17:36:00,SGBX
4.08,4.08,4.07,4.07,1449,2021-09-01 17:42:00,SGBX
4.035,4.12,4.035,4.0585,15065,2021-09-01 17:43:00,SGBX
4.073,4.073,4.06,4.062,2000,2021-09-01 18:21:00,SGBX
4.06,4.06,4.06,4.06,400,2021-09-01 18:23:00,SGBX
4.0601,4.0601,4.0601,4.0601,2000,2021-09-01 18:27:00,SGBX
4.06,4.06,4.06,4.06,140,2021-09-01 18:53:00,SGBX
4.1165,4.1165,4.11,4.11,305,2021-09-01 18:54:00,SGBX
4.1,4.11,4.1,4.1,4932,2021-09-01 18:56:00,SGBX
4.11,4.15,4.09,4.15,10133,2021-09-01 18:57:00,SGBX
4.09,4.09,4.09,4.09,200,2021-09-01 19:15:00,SGBX
4.1,4.1,4.1,4.1,124,2021-09-01 19:20:00,SGBX
4.1,4.15,4.09,4.13,6874,2021-09-01 19:21:00,SGBX
4.18,4.18,4.18,4.18,100,2021-09-01 19:26:00,SGBX
4.19,4.19,4.19,4.19,867,2021-09-01 19:29:00,SGBX
4.19,4.2,4.19,4.2,647,2021-09-01 19:33:00,SGBX
4.15,4.15,4.15,4.15,300,2021-09-01 19:37:00,SGBX
4.15,4.23,4.15,4.23,200,2021-09-01 19:39:00,SGBX
4.23,4.23,4.23,4.23,250,2021-09-01 19:40:00,SGBX
4.205,4.205,4.205,4.205,500,2021-09-01 19:43:00,SGBX
4.17,4.17,4.17,4.17,188,2021-09-01 19:45:00,SGBX
4.1873,4.1873,4.1873,4.1873,204,2021-09-01 19:46:00,SGBX
4.1945,4.1945,4.1945,4.1945,500,2021-09-01 19:48:00,SGBX
4.18,4.18,4.18,4.18,100,2021-09-01 19:49:00,SGBX
4.2,4.2,4.2,4.2,135,2021-09-01 19:50:00,SGBX
4.19,4.19,4.18,4.18,200,2021-09-01 19:52:00,SGBX
4.1565,4.1565,4.1565,4.1565,2000,2021-09-01 19:55:00,SGBX
4.138,4.138,4.138,4.138,110,2021-09-01 19:58:00,SGBX
4.165,4.2,4.165,4.2,500,2021-09-01 19:59:00,SGBX
4.16,4.16,4.16,4.16,554,2021-09-01 20:00:00,SGBX
4.0,4.0,4.0,4.0,136,2021-09-01 21:26:00,SGBX
4.1853,4.1853,4.1853,4.1853,400,2021-09-02 12:02:00,SGBX
4.2,4.2,4.2,4.2,447,2021-09-02 12:46:00,SGBX
4.25,4.25,4.12,4.12,200,2021-09-02 12:58:00,SGBX
4.13,4.13,4.13,4.13,729,2021-09-02 13:30:00,SGBX
4.12,4.16,4.12,4.16,2200,2021-09-02 13:42:00,SGBX
4.1735,4.1735,4.1373,4.1373,1325,2021-09-02 13:49:00,SGBX
4.2,4.2,4.2,4.2,100,2021-09-02 13:52:00,SGBX
4.2441,4.2441,4.2441,4.2441,296,2021-09-02 14:00:00,SGBX
4.18,4.18,4.18,4.18,200,2021-09-02 14:06:00,SGBX
4.18,4.18,4.18,4.18,200,2021-09-02 14:11:00,SGBX
4.24,4.24,4.24,4.24,150,2021-09-02 14:13:00,SGBX
4.21,4.21,4.21,4.21,1000,2021-09-02 14:20:00,SGBX
4.18,4.18,4.18,4.18,360,2021-09-02 14:24:00,SGBX
4.2141,4.2141,4.2141,4.2141,100,2021-09-02 14:25:00,SGBX
4.1963,4.1963,4.1963,4.1963,300,2021-09-02 14:28:00,SGBX
4.17,4.19,4.12,4.15,10079,2021-09-02 14:30:00,SGBX
4.09,4.09,4.09,4.09,400,2021-09-02 14:31:00,SGBX
4.1209,4.1209,4.1209,4.1209,1000,2021-09-02 14:33:00,SGBX
4.12,4.12,4.12,4.12,933,2021-09-02 14:35:00,SGBX
4.158,4.158,4.158,4.158,2500,2021-09-02 14:42:00,SGBX
4.19,4.19,4.19,4.19,100,2021-09-02 15:00:00,SGBX
4.2,4.2,4.2,4.2,200,2021-09-02 15:02:00,SGBX
4.175,4.175,4.175,4.175,100,2021-09-02 15:13:00,SGBX
4.2315,4.2315,4.2315,4.2315,103,2021-09-02 15:23:00,SGBX
4.195,4.195,4.195,4.195,100,2021-09-02 15:40:00,SGBX
4.1701,4.1701,4.1701,4.1701,500,2021-09-02 15:47:00,SGBX
4.1758,4.1758,4.1758,4.1758,359,2021-09-02 15:49:00,SGBX
4.1701,4.1701,4.1701,4.1701,100,2021-09-02 15:54:00,SGBX
4.1711,4.1776,4.1711,4.1776,225,2021-09-02 16:06:00,SGBX
4.18,4.18,4.18,4.18,150,2021-09-02 16:11:00,SGBX
4.18,4.18,4.18,4.18,100,2021-09-02 16:13:00,SGBX
4.21,4.21,4.21,4.21,100,2021-09-02 16:24:00,SGBX
4.18,4.18,4.18,4.18,500,2021-09-02 16:25:00,SGBX
4.205,4.205,4.205,4.205,300,2021-09-02 16:32:00,SGBX
4.19,4.19,4.1801,4.1801,1118,2021-09-02 16:48:00,SGBX
4.18,4.18,4.18,4.18,200,2021-09-02 16:49:00,SGBX
4.18,4.18,4.18,4.18,2000,2021-09-02 16:59:00,SGBX
4.1819,4.1819,4.1819,4.1819,300,2021-09-02 17:00:00,SGBX
4.22,4.22,4.22,4.22,1719,2021-09-02 17:20:00,SGBX
4.19,4.19,4.19,4.19,600,2021-09-02 17:24:00,SGBX
4.195,4.195,4.195,4.195,400,2021-09-02 17:26:00,SGBX
4.1974,4.1974,4.1974,4.1974,100,2021-09-02 17:36:00,SGBX
4.19,4.19,4.19,4.19,370,2021-09-02 17:37:00,SGBX
4.22,4.22,4.1849,4.1849,724,2021-09-02 17:51:00,SGBX
4.1775,4.1775,4.1775,4.1775,100,2021-09-02 17:54:00,SGBX
4.17,4.17,4.17,4.17,538,2021-09-02 18:05:00,SGBX
4.19,4.19,4.19,4.19,100,2021-09-02 18:13:00,SGBX
4.18,4.18,4.18,4.18,135,2021-09-02 18:18:00,SGBX
4.1709,4.1709,4.1709,4.1709,1000,2021-09-02 18:34:00,SGBX
4.16,4.16,4.16,4.16,500,2021-09-02 18:36:00,SGBX
4.13,4.15,4.13,4.15,461,2021-09-02 18:44:00,SGBX
4.13,4.13,4.13,4.13,1000,2021-09-02 18:47:00,SGBX
4.13,4.13,4.13,4.13,119,2021-09-02 18:51:00,SGBX
4.13,4.13,4.13,4.13,566,2021-09-02 18:59:00,SGBX
4.16,4.16,4.15,4.15,300,2021-09-02 19:01:00,SGBX
4.12,4.12,4.0906,4.0906,3597,2021-09-02 19:09:00,SGBX
4.1243,4.1243,4.1243,4.1243,100,2021-09-02 19:17:00,SGBX
4.13,4.13,4.13,4.13,400,2021-09-02 19:18:00,SGBX
4.13,4.13,4.13,4.13,400,2021-09-02 19:19:00,SGBX
4.13,4.13,4.13,4.13,200,2021-09-02 19:20:00,SGBX
4.12,4.12,4.12,4.12,100,2021-09-02 19:22:00,SGBX
4.15,4.15,4.15,4.15,100,2021-09-02 19:39:00,SGBX
4.15,4.16,4.14,4.14,4811,2021-09-02 19:41:00,SGBX
4.2,4.2,4.2,4.2,100,2021-09-02 19:48:00,SGBX
4.2,4.2,4.2,4.2,100,2021-09-02 19:49:00,SGBX
4.21,4.21,4.2,4.2,1719,2021-09-02 19:50:00,SGBX
4.17,4.17,4.17,4.17,5016,2021-09-02 19:52:00,SGBX
4.2,4.2,4.18,4.18,5000,2021-09-02 19:53:00,SGBX
4.16,4.16,4.16,4.16,100,2021-09-02 19:57:00,SGBX
4.185,4.185,4.16,4.16,200,2021-09-02 19:58:00,SGBX
4.21,4.24,4.21,4.24,700,2021-09-02 19:59:00,SGBX
4.19,4.19,4.19,4.19,398,2021-09-02 20:00:00,SGBX
4.24,4.24,4.24,4.24,100,2021-09-03 11:00:00,SGBX
4.23,4.23,4.23,4.23,500,2021-09-03 13:08:00,SGBX
4.2,4.2,4.15,4.15,1458,2021-09-03 13:30:00,SGBX
4.19,4.19,4.19,4.19,300,2021-09-03 13:31:00,SGBX
4.1562,4.1562,4.1562,4.1562,150,2021-09-03 13:34:00,SGBX
4.0654,4.0654,4.0654,4.0654,1000,2021-09-03 13:44:00,SGBX
4.11,4.11,4.11,4.11,100,2021-09-03 13:48:00,SGBX
4.1441,4.1441,4.1441,4.1441,100,2021-09-03 13:51:00,SGBX
4.145,4.15,4.144,4.15,3690,2021-09-03 13:55:00,SGBX
4.15,4.15,4.15,4.15,574,2021-09-03 13:58:00,SGBX
4.11,4.11,4.06,4.06,363,2021-09-03 14:10:00,SGBX
4.18,4.19,4.18,4.19,200,2021-09-03 14:14:00,SGBX
4.1674,4.1674,4.1674,4.1674,200,2021-09-03 14:26:00,SGBX
4.1318,4.1318,4.1318,4.1318,300,2021-09-03 14:30:00,SGBX
4.18,4.19,4.145,4.19,862,2021-09-03 14:45:00,SGBX
4.1,4.1,4.1,4.1,300,2021-09-03 14:54:00,SGBX
4.1067,4.1067,4.1067,4.1067,300,2021-09-03 14:55:00,SGBX
4.1,4.1,4.1,4.1,1000,2021-09-03 15:26:00,SGBX
4.115,4.115,4.115,4.115,300,2021-09-03 15:28:00,SGBX
4.0804,4.0804,4.0804,4.0804,2000,2021-09-03 15:32:00,SGBX
4.0804,4.0804,4.0804,4.0804,2000,2021-09-03 15:33:00,SGBX
4.1,4.1,4.1,4.1,392,2021-09-03 16:06:00,SGBX
4.0801,4.0801,4.0801,4.0801,110,2021-09-03 16:18:00,SGBX
4.15,4.15,4.115,4.115,410,2021-09-03 16:23:00,SGBX
4.15,4.15,4.15,4.15,100,2021-09-03 16:25:00,SGBX
4.15,4.15,4.15,4.15,100,2021-09-03 16:26:00,SGBX
4.15,4.15,4.15,4.15,100,2021-09-03 16:27:00,SGBX
4.15,4.15,4.15,4.15,100,2021-09-03 16:31:00,SGBX
4.0919,4.0919,4.0919,4.0919,1250,2021-09-03 16:39:00,SGBX
4.1,4.1,4.1,4.1,100,2021-09-03 16:41:00,SGBX
4.0963,4.0963,4.0963,4.0963,286,2021-09-03 16:45:00,SGBX
4.1,4.1,4.09,4.09,200,2021-09-03 16:55:00,SGBX
4.11,4.11,4.11,4.11,500,2021-09-03 17:02:00,SGBX
4.14,4.14,4.14,4.14,125,2021-09-03 17:05:00,SGBX
4.08,4.08,4.08,4.08,100,2021-09-03 17:15:00,SGBX
4.1499,4.15,4.1499,4.15,4996,2021-09-03 17:32:00,SGBX
4.15,4.15,4.15,4.15,1617,2021-09-03 17:33:00,SGBX
4.1634,4.1634,4.1634,4.1634,119,2021-09-03 17:48:00,SGBX
4.12,4.12,4.12,4.12,200,2021-09-03 17:54:00,SGBX
4.1032,4.1032,4.1032,4.1032,500,2021-09-03 18:03:00,SGBX
4.1364,4.1364,4.1364,4.1364,100,2021-09-03 18:18:00,SGBX
4.1164,4.1164,4.1164,4.1164,100,2021-09-03 18:54:00,SGBX
4.125,4.125,4.125,4.125,100,2021-09-03 18:57:00,SGBX
4.13,4.17,4.12,4.12,4974,2021-09-03 19:03:00,SGBX
4.13,4.13,4.13,4.13,100,2021-09-03 19:06:00,SGBX
4.15,4.15,4.15,4.15,350,2021-09-03 19:07:00,SGBX
4.17,4.2,4.17,4.2,5046,2021-09-03 19:17:00,SGBX
4.19,4.2,4.19,4.2,200,2021-09-03 19:19:00,SGBX
4.2,4.2,4.2,4.2,4995,2021-09-03 19:20:00,SGBX
4.2,4.2,4.2,4.2,2051,2021-09-03 19:21:00,SGBX
4.2,4.2,4.2,4.2,700,2021-09-03 19:24:00,SGBX
4.21,4.21,4.21,4.21,100,2021-09-03 19:26:00,SGBX
4.21,4.21,4.21,4.21,100,2021-09-03 19:27:00,SGBX
4.22,4.22,4.22,4.22,100,2021-09-03 19:31:00,SGBX
4.2,4.2,4.2,4.2,2748,2021-09-03 19:41:00,SGBX
4.22,4.22,4.22,4.22,500,2021-09-03 19:42:00,SGBX
4.2,4.2,4.2,4.2,100,2021-09-03 19:43:00,SGBX
4.2,4.2,4.2,4.2,100,2021-09-03 19:45:00,SGBX
4.22,4.22,4.22,4.22,328,2021-09-03 19:47:00,SGBX
4.19,4.19,4.19,4.19,500,2021-09-03 19:51:00,SGBX
4.22,4.22,4.22,4.22,500,2021-09-03 19:52:00,SGBX
4.193,4.193,4.193,4.193,400,2021-09-03 19:53:00,SGBX
4.2,4.2,4.2,4.2,500,2021-09-03 19:54:00,SGBX
4.22,4.22,4.22,4.22,100,2021-09-03 19:57:00,SGBX
4.22,4.26,4.22,4.26,4553,2021-09-03 19:58:00,SGBX
4.2291,4.28,4.2291,4.28,4581,2021-09-03 19:59:00,SGBX
4.26,4.26,4.26,4.26,132,2021-09-03 20:00:00,SGBX
4.27,4.27,4.27,4.27,1833,2021-09-03 20:37:00,SGBX
4.28,4.28,4.27,4.27,325,2021-09-03 20:38:00,SGBX
4.28,4.28,4.28,4.28,110,2021-09-03 20:45:00,SGBX
4.27,4.3,4.27,4.3,1826,2021-09-07 13:30:00,SGBX
4.3,4.3,4.29,4.29,3950,2021-09-07 13:31:00,SGBX
4.3039,4.3039,4.3039,4.3039,418,2021-09-07 13:33:00,SGBX
4.32,4.32,4.32,4.32,100,2021-09-07 13:35:00,SGBX
4.33,4.33,4.33,4.33,200,2021-09-07 13:45:00,SGBX
4.3008,4.3008,4.3008,4.3008,100,2021-09-07 13:47:00,SGBX
4.26,4.26,4.26,4.26,2000,2021-09-07 13:58:00,SGBX
4.27,4.27,4.27,4.27,100,2021-09-07 14:03:00,SGBX
4.27,4.27,4.27,4.27,398,2021-09-07 14:12:00,SGBX
4.2754,4.2754,4.2754,4.2754,200,2021-09-07 14:14:00,SGBX
4.32,4.32,4.32,4.32,100,2021-09-07 14:23:00,SGBX
4.26,4.26,4.26,4.26,1489,2021-09-07 14:32:00,SGBX
4.29,4.29,4.29,4.29,5000,2021-09-07 14:34:00,SGBX
4.2821,4.29,4.2821,4.29,2100,2021-09-07 14:35:00,SGBX
4.3001,4.3001,4.3001,4.3001,100,2021-09-07 14:36:00,SGBX
4.3024,4.3024,4.29,4.29,700,2021-09-07 14:41:00,SGBX
4.2901,4.2901,4.2901,4.2901,100,2021-09-07 14:43:00,SGBX
4.32,4.32,4.32,4.32,405,2021-09-07 14:45:00,SGBX
4.34,4.34,4.3395,4.3395,400,2021-09-07 14:47:00,SGBX
4.35,4.35,4.35,4.35,100,2021-09-07 14:49:00,SGBX
4.3312,4.3312,4.3312,4.3312,600,2021-09-07 14:50:00,SGBX
4.32,4.32,4.32,4.32,1999,2021-09-07 14:54:00,SGBX
4.29,4.29,4.29,4.29,300,2021-09-07 14:57:00,SGBX
4.31,4.31,4.31,4.31,100,2021-09-07 15:00:00,SGBX
4.338,4.338,4.338,4.338,100,2021-09-07 15:01:00,SGBX
4.34,4.34,4.34,4.34,500,2021-09-07 15:03:00,SGBX
4.32,4.32,4.32,4.32,200,2021-09-07 15:07:00,SGBX
4.31,4.31,4.31,4.31,100,2021-09-07 15:09:00,SGBX
4.2955,4.32,4.29,4.32,504,2021-09-07 15:11:00,SGBX
4.2957,4.2957,4.29,4.29,1000,2021-09-07 15:30:00,SGBX
4.33,4.33,4.32,4.33,900,2021-09-07 15:33:00,SGBX
4.32,4.32,4.32,4.32,200,2021-09-07 15:51:00,SGBX
4.32,4.33,4.32,4.33,200,2021-09-07 15:53:00,SGBX
4.33,4.33,4.33,4.33,700,2021-09-07 15:56:00,SGBX
4.33,4.33,4.33,4.33,200,2021-09-07 15:57:00,SGBX
4.33,4.33,4.33,4.33,300,2021-09-07 16:00:00,SGBX
4.315,4.33,4.315,4.33,300,2021-09-07 16:08:00,SGBX
4.3038,4.3038,4.3038,4.3038,232,2021-09-07 16:14:00,SGBX
4.32,4.32,4.32,4.32,100,2021-09-07 16:22:00,SGBX
4.3,4.3,4.3,4.3,400,2021-09-07 16:56:00,SGBX
4.3,4.3,4.3,4.3,100,2021-09-07 17:01:00,SGBX
4.2916,4.2916,4.29,4.29,400,2021-09-07 17:05:00,SGBX
4.3,4.3,4.3,4.3,200,2021-09-07 17:08:00,SGBX
4.32,4.32,4.32,4.32,200,2021-09-07 17:17:00,SGBX
4.32,4.32,4.32,4.32,351,2021-09-07 17:19:00,SGBX
4.33,4.33,4.3277,4.33,2451,2021-09-07 17:22:00,SGBX
4.3265,4.3265,4.3265,4.3265,700,2021-09-07 17:26:00,SGBX
4.32,4.32,4.32,4.32,100,2021-09-07 17:31:00,SGBX
4.3208,4.3208,4.3208,4.3208,100,2021-09-07 17:36:00,SGBX
4.33,4.33,4.33,4.33,100,2021-09-07 17:37:00,SGBX
4.33,4.33,4.33,4.33,200,2021-09-07 17:38:00,SGBX
4.33,4.33,4.3297,4.33,500,2021-09-07 17:42:00,SGBX
4.3286,4.3286,4.3286,4.3286,285,2021-09-07 17:43:00,SGBX
4.33,4.33,4.33,4.33,100,2021-09-07 17:48:00,SGBX
4.325,4.33,4.32,4.33,3700,2021-09-07 17:49:00,SGBX
4.33,4.33,4.33,4.33,700,2021-09-07 17:50:00,SGBX
4.3301,4.34,4.3301,4.34,600,2021-09-07 18:15:00,SGBX
4.33,4.33,4.33,4.33,100,2021-09-07 18:28:00,SGBX
4.33,4.33,4.32,4.32,200,2021-09-07 18:32:00,SGBX
4.32,4.39,4.3,4.38,10389,2021-09-07 18:41:00,SGBX
4.39,4.41,4.39,4.41,5115,2021-09-07 18:43:00,SGBX
4.395,4.395,4.395,4.395,2500,2021-09-07 18:47:00,SGBX
4.4489,4.4489,4.3411,4.3411,6194,2021-09-07 18:50:00,SGBX
4.34,4.38,4.31,4.38,10300,2021-09-07 18:52:00,SGBX
4.42,4.42,4.39,4.4194,10446,2021-09-07 18:53:00,SGBX
4.4,4.41,4.37,4.4096,1300,2021-09-07 18:54:00,SGBX
4.39,4.41,4.39,4.41,200,2021-09-07 18:55:00,SGBX
4.42,4.45,4.42,4.4289,9120,2021-09-07 18:56:00,SGBX
4.4899,4.4899,4.4899,4.4899,500,2021-09-07 19:00:00,SGBX
4.48,4.48,4.48,4.48,224,2021-09-07 19:07:00,SGBX
4.4,4.4,4.4,4.4,300,2021-09-07 19:10:00,SGBX
4.45,4.45,4.45,4.45,200,2021-09-07 19:12:00,SGBX
4.4523,4.4523,4.4523,4.4523,500,2021-09-07 19:13:00,SGBX
4.42,4.42,4.42,4.42,200,2021-09-07 19:15:00,SGBX
4.4713,4.4713,4.43,4.43,380,2021-09-07 19:17:00,SGBX
4.42,4.42,4.42,4.42,200,2021-09-07 19:19:00,SGBX
4.42,4.42,4.42,4.42,300,2021-09-07 19:20:00,SGBX
4.45,4.45,4.45,4.45,200,2021-09-07 19:21:00,SGBX
4.45,4.45,4.45,4.45,200,2021-09-07 19:22:00,SGBX
4.45,4.45,4.43,4.43,200,2021-09-07 19:23:00,SGBX
4.42,4.42,4.42,4.42,100,2021-09-07 19:24:00,SGBX
4.4,4.4,4.4,4.4,100,2021-09-07 19:26:00,SGBX
4.41,4.41,4.41,4.41,100,2021-09-07 19:28:00,SGBX
4.41,4.44,4.41,4.44,613,2021-09-07 19:30:00,SGBX
4.425,4.425,4.41,4.41,200,2021-09-07 19:32:00,SGBX
4.425,4.425,4.4,4.4,1100,2021-09-07 19:33:00,SGBX
4.4,4.4,4.4,4.4,200,2021-09-07 19:34:00,SGBX
4.435,4.435,4.435,4.435,100,2021-09-07 19:35:00,SGBX
4.42,4.42,4.42,4.42,740,2021-09-07 19:36:00,SGBX
4.38,4.38,4.38,4.38,100,2021-09-07 19:38:00,SGBX
4.4,4.4,4.4,4.4,300,2021-09-07 19:40:00,SGBX
4.38,4.38,4.38,4.38,300,2021-09-07 19:42:00,SGBX
4.39,4.405,4.39,4.405,300,2021-09-07 19:44:00,SGBX
4.39,4.39,4.39,4.39,100,2021-09-07 19:45:00,SGBX
4.39,4.39,4.39,4.39,200,2021-09-07 19:46:00,SGBX
4.38,4.38,4.38,4.38,100,2021-09-07 19:47:00,SGBX
4.38,4.38,4.38,4.38,100,2021-09-07 19:48:00,SGBX
4.385,4.385,4.385,4.385,100,2021-09-07 19:49:00,SGBX
4.385,4.385,4.37,4.37,400,2021-09-07 19:50:00,SGBX
4.37,4.37,4.37,4.37,1000,2021-09-07 19:51:00,SGBX
4.385,4.385,4.37,4.37,300,2021-09-07 19:52:00,SGBX
4.385,4.3999,4.37,4.385,5300,2021-09-07 19:53:00,SGBX
4.385,4.385,4.385,4.385,200,2021-09-07 19:54:00,SGBX
4.385,4.42,4.385,4.4,2917,2021-09-07 19:55:00,SGBX
4.4,4.4,4.4,4.4,100,2021-09-07 19:57:00,SGBX
4.415,4.415,4.4,4.4,4100,2021-09-07 19:58:00,SGBX
4.375,4.43,4.37,4.43,1300,2021-09-07 19:59:00,SGBX
4.37,4.37,4.37,4.37,1184,2021-09-08 13:30:00,SGBX
4.3601,4.3601,4.3601,4.3601,100,2021-09-08 13:31:00,SGBX
4.36,4.36,4.36,4.36,145,2021-09-08 13:35:00,SGBX
4.33,4.33,4.33,4.33,278,2021-09-08 13:37:00,SGBX
4.2969,4.2969,4.2969,4.2969,250,2021-09-08 13:42:00,SGBX
4.3499,4.3499,4.3499,4.3499,865,2021-09-08 13:52:00,SGBX
4.28,4.28,4.28,4.28,150,2021-09-08 13:57:00,SGBX
4.28,4.28,4.27,4.27,450,2021-09-08 14:00:00,SGBX
4.25,4.25,4.25,4.25,100,2021-09-08 14:20:00,SGBX
4.22,4.22,4.15,4.15,2422,2021-09-08 14:28:00,SGBX
4.1,4.1,4.09,4.09,4463,2021-09-08 14:29:00,SGBX
4.1,4.1,4.1,4.1,300,2021-09-08 14:32:00,SGBX
4.101,4.101,4.101,4.101,125,2021-09-08 14:33:00,SGBX
4.1,4.1,4.1,4.1,377,2021-09-08 14:38:00,SGBX
4.0977,4.0977,4.0977,4.0977,400,2021-09-08 14:39:00,SGBX
4.09,4.09,4.06,4.06,2315,2021-09-08 14:41:00,SGBX
4.06,4.0603,4.0,4.03,6818,2021-09-08 14:45:00,SGBX
4.02,4.02,4.0,4.002,1675,2021-09-08 14:46:00,SGBX
4.02,4.06,4.0199,4.03,5270,2021-09-08 14:49:00,SGBX
4.04,4.04,4.04,4.04,200,2021-09-08 14:50:00,SGBX
4.06,4.07,4.06,4.07,210,2021-09-08 14:53:00,SGBX
4.118,4.118,4.118,4.118,500,2021-09-08 14:54:00,SGBX
4.07,4.07,4.07,4.07,150,2021-09-08 14:55:00,SGBX
4.12,4.12,4.1,4.1,865,2021-09-08 14:56:00,SGBX
4.18,4.18,4.18,4.18,500,2021-09-08 14:59:00,SGBX
4.16,4.17,4.1,4.1,6119,2021-09-08 15:00:00,SGBX
4.06,4.1,4.03,4.07,11924,2021-09-08 15:03:00,SGBX
4.13,4.14,4.13,4.14,600,2021-09-08 15:07:00,SGBX
4.18,4.18,4.12,4.12,9998,2021-09-08 15:08:00,SGBX
4.125,4.125,4.125,4.125,100,2021-09-08 15:14:00,SGBX
4.175,4.175,4.175,4.175,354,2021-09-08 15:24:00,SGBX
4.1549,4.1549,4.1549,4.1549,120,2021-09-08 15:28:00,SGBX
4.15,4.15,4.15,4.15,314,2021-09-08 15:29:00,SGBX
4.08,4.13,4.05,4.13,8500,2021-09-08 15:33:00,SGBX
4.14,4.19,4.11,4.1602,5574,2021-09-08 15:34:00,SGBX
4.16,4.16,4.14,4.14,1353,2021-09-08 15:35:00,SGBX
4.17,4.19,4.17,4.19,1400,2021-09-08 15:37:00,SGBX
4.169,4.169,4.15,4.15,11831,2021-09-08 15:38:00,SGBX
4.16,4.16,4.16,4.16,100,2021-09-08 15:40:00,SGBX
4.155,4.1598,4.155,4.1598,800,2021-09-08 15:43:00,SGBX
4.155,4.155,4.155,4.155,300,2021-09-08 15:44:00,SGBX
4.1301,4.1301,4.1301,4.1301,150,2021-09-08 15:46:00,SGBX
4.155,4.155,4.1339,4.1339,984,2021-09-08 15:54:00,SGBX
4.1743,4.1743,4.1743,4.1743,200,2021-09-08 15:56:00,SGBX
4.14,4.14,4.13,4.13,300,2021-09-08 15:57:00,SGBX
4.13,4.13,4.13,4.13,4000,2021-09-08 16:35:00,SGBX
4.165,4.165,4.165,4.165,400,2021-09-08 16:43:00,SGBX
4.15,4.15,4.15,4.15,100,2021-09-08 16:46:00,SGBX
4.2,4.23,4.2,4.21,1900,2021-09-08 17:30:00,SGBX
4.23,4.23,4.15,4.15,9993,2021-09-08 17:33:00,SGBX
4.17,4.1832,4.17,4.1832,350,2021-09-08 17:41:00,SGBX
4.23,4.23,4.23,4.23,1000,2021-09-08 17:52:00,SGBX
4.25,4.25,4.2,4.2,300,2021-09-08 17:55:00,SGBX
4.2,4.2,4.2,4.2,150,2021-09-08 17:56:00,SGBX
4.24,4.25,4.24,4.25,500,2021-09-08 18:06:00,SGBX
4.24,4.24,4.24,4.24,190,2021-09-08 18:07:00,SGBX
4.2799,4.2799,4.2799,4.2799,500,2021-09-08 18:12:00,SGBX
4.21,4.211,4.15,4.202,9368,2021-09-08 18:19:00,SGBX
4.16,4.16,4.15,4.1502,5290,2021-09-08 18:35:00,SGBX
4.1646,4.1646,4.1646,4.1646,1008,2021-09-08 18:37:00,SGBX
4.1586,4.1586,4.1586,4.1586,243,2021-09-08 18:41:00,SGBX
4.15,4.15,4.15,4.15,500,2021-09-08 18:42:00,SGBX
4.1784,4.1784,4.1784,4.1784,127,2021-09-08 18:50:00,SGBX
4.18,4.18,4.15,4.17,9228,2021-09-08 18:54:00,SGBX
4.185,4.185,4.16,4.16,799,2021-09-08 18:59:00,SGBX
4.24,4.24,4.24,4.24,100,2021-09-08 19:29:00,SGBX
4.21,4.2103,4.1705,4.1705,3800,2021-09-08 19:36:00,SGBX
4.21,4.21,4.18,4.18,600,2021-09-08 19:37:00,SGBX
4.2,4.21,4.2,4.2,540,2021-09-08 19:38:00,SGBX
4.18,4.18,4.18,4.18,100,2021-09-08 19:50:00,SGBX
4.17,4.17,4.15,4.15,2143,2021-09-08 19:55:00,SGBX
4.165,4.17,4.15,4.16,900,2021-09-08 19:59:00,SGBX
4.17,4.17,4.17,4.17,163,2021-09-08 20:00:00,SGBX
4.15,4.15,4.15,4.15,126,2021-09-09 13:30:00,SGBX
4.105,4.105,4.105,4.105,558,2021-09-09 13:38:00,SGBX
4.06,4.06,4.06,4.06,100,2021-09-09 13:42:00,SGBX
4.1502,4.1502,4.1502,4.1502,187,2021-09-09 13:43:00,SGBX
4.09,4.09,4.09,4.09,150,2021-09-09 14:05:00,SGBX
4.09,4.09,4.09,4.09,100,2021-09-09 14:06:00,SGBX
4.0801,4.0801,4.0801,4.0801,200,2021-09-09 14:07:00,SGBX
4.15,4.15,4.15,4.15,683,2021-09-09 14:14:00,SGBX
4.1,4.1,4.1,4.1,200,2021-09-09 14:15:00,SGBX
4.12,4.12,4.12,4.12,111,2021-09-09 14:24:00,SGBX
4.1006,4.1006,4.1006,4.1006,597,2021-09-09 14:26:00,SGBX
4.14,4.17,4.14,4.17,895,2021-09-09 14:27:00,SGBX
4.135,4.135,4.135,4.135,500,2021-09-09 14:28:00,SGBX
4.13,4.13,4.13,4.13,250,2021-09-09 14:30:00,SGBX
4.11,4.11,4.11,4.11,100,2021-09-09 14:31:00,SGBX
4.22,4.22,4.22,4.22,101,2021-09-09 14:38:00,SGBX
4.15,4.15,4.15,4.15,500,2021-09-09 15:04:00,SGBX
4.1419,4.1419,4.1419,4.1419,700,2021-09-09 15:27:00,SGBX
4.15,4.15,4.15,4.15,167,2021-09-09 15:37:00,SGBX
4.1601,4.1601,4.1601,4.1601,3000,2021-09-09 15:42:00,SGBX
4.16,4.16,4.16,4.16,200,2021-09-09 15:49:00,SGBX
4.1704,4.185,4.1704,4.185,5100,2021-09-09 15:54:00,SGBX
4.2,4.21,4.2,4.21,273,2021-09-09 16:07:00,SGBX
4.1701,4.19,4.1701,4.19,9144,2021-09-09 16:20:00,SGBX
4.1904,4.1904,4.1904,4.1904,150,2021-09-09 16:24:00,SGBX
4.1701,4.1701,4.1701,4.1701,5000,2021-09-09 16:27:00,SGBX
4.17,4.17,4.17,4.17,1479,2021-09-09 16:41:00,SGBX
4.1602,4.1602,4.1602,4.1602,2000,2021-09-09 16:45:00,SGBX
4.15,4.15,4.15,4.15,636,2021-09-09 16:49:00,SGBX
4.13,4.133,4.13,4.1301,1787,2021-09-09 17:04:00,SGBX
4.09,4.09,4.09,4.09,500,2021-09-09 17:05:00,SGBX
4.0964,4.0964,4.0964,4.0964,333,2021-09-09 17:06:00,SGBX
4.1,4.1049,4.1,4.1049,4100,2021-09-09 17:10:00,SGBX
4.0933,4.0933,4.0933,4.0933,540,2021-09-09 17:11:00,SGBX
4.1032,4.1032,4.1,4.1,800,2021-09-09 17:28:00,SGBX
4.09,4.09,4.09,4.09,342,2021-09-09 17:36:00,SGBX
4.075,4.0897,4.075,4.0897,2000,2021-09-09 17:40:00,SGBX
4.06,4.06,4.01,4.01,1925,2021-09-09 17:41:00,SGBX
4.03,4.03,4.03,4.03,300,2021-09-09 18:00:00,SGBX
4.0699,4.07,4.05,4.07,6000,2021-09-09 18:02:00,SGBX
4.07,4.1,4.05,4.05,5200,2021-09-09 18:03:00,SGBX
4.0999,4.0999,4.0999,4.0999,5000,2021-09-09 18:06:00,SGBX
4.08,4.13,4.08,4.08,6486,2021-09-09 18:12:00,SGBX
4.12,4.12,4.12,4.12,100,2021-09-09 18:33:00,SGBX
4.11,4.11,4.11,4.11,927,2021-09-09 18:44:00,SGBX
4.095,4.095,4.095,4.095,100,2021-09-09 18:49:00,SGBX
4.0701,4.0701,4.0701,4.0701,1000,2021-09-09 18:50:00,SGBX
4.12,4.12,4.12,4.12,100,2021-09-09 18:51:00,SGBX
4.11,4.15,4.11,4.15,1111,2021-09-09 19:06:00,SGBX
4.17,4.17,4.17,4.17,100,2021-09-09 19:12:00,SGBX
4.1602,4.1602,4.1602,4.1602,5000,2021-09-09 19:13:00,SGBX
4.12,4.17,4.12,4.17,500,2021-09-09 19:14:00,SGBX
4.14,4.14,4.14,4.14,239,2021-09-09 19:15:00,SGBX
4.17,4.17,4.1685,4.1685,906,2021-09-09 19:16:00,SGBX
4.16,4.16,4.16,4.16,540,2021-09-09 19:17:00,SGBX
4.1526,4.1526,4.1526,4.1526,200,2021-09-09 19:18:00,SGBX
4.135,4.135,4.135,4.135,1100,2021-09-09 19:24:00,SGBX
4.14,4.15,4.14,4.15,1469,2021-09-09 19:25:00,SGBX
4.1582,4.1582,4.1582,4.1582,158,2021-09-09 19:28:00,SGBX
4.154,4.19,4.15,4.15,4000,2021-09-09 19:31:00,SGBX
4.22,4.22,4.22,4.22,100,2021-09-09 19:53:00,SGBX
4.19,4.19,4.19,4.19,594,2021-09-09 19:54:00,SGBX
4.22,4.22,4.22,4.22,200,2021-09-09 19:55:00,SGBX
4.22,4.22,4.22,4.22,100,2021-09-09 19:57:00,SGBX
4.17,4.17,4.16,4.16,500,2021-09-09 19:58:00,SGBX
4.16,4.16,4.11,4.11,1227,2021-09-09 19:59:00,SGBX
4.18,4.18,4.18,4.18,602,2021-09-09 20:00:00,SGBX
4.03,4.03,4.03,4.03,145,2021-09-09 23:40:00,SGBX
4.18,4.18,4.18,4.18,200,2021-09-10 12:30:00,SGBX
4.2,4.2,4.2,4.2,400,2021-09-10 12:31:00,SGBX
4.23,4.23,4.21,4.21,1765,2021-09-10 13:30:00,SGBX
4.24,4.28,4.2,4.2,4736,2021-09-10 13:36:00,SGBX
4.23,4.2561,4.23,4.2561,200,2021-09-10 13:37:00,SGBX
4.14,4.205,4.14,4.205,937,2021-09-10 13:38:00,SGBX
4.1401,4.1401,4.1401,4.1401,1000,2021-09-10 13:57:00,SGBX
4.15,4.15,4.14,4.14,1364,2021-09-10 14:04:00,SGBX
4.0893,4.0893,4.06,4.06,1564,2021-09-10 14:15:00,SGBX
4.095,4.095,4.095,4.095,520,2021-09-10 14:34:00,SGBX
4.0942,4.0942,4.0942,4.0942,150,2021-09-10 14:46:00,SGBX
4.12,4.12,4.12,4.12,494,2021-09-10 14:55:00,SGBX
4.12,4.12,4.12,4.12,100,2021-09-10 14:56:00,SGBX
4.1137,4.1137,4.1137,4.1137,100,2021-09-10 15:04:00,SGBX
4.1272,4.13,4.1272,4.13,950,2021-09-10 15:06:00,SGBX
4.15,4.15,4.15,4.15,241,2021-09-10 15:09:00,SGBX
4.1,4.11,4.1,4.1,1280,2021-09-10 15:13:00,SGBX
4.13,4.13,4.13,4.13,225,2021-09-10 15:49:00,SGBX
4.1301,4.1301,4.1301,4.1301,500,2021-09-10 15:54:00,SGBX
4.1827,4.1827,4.1827,4.1827,100,2021-09-10 16:01:00,SGBX
4.1569,4.1569,4.1569,4.1569,500,2021-09-10 16:06:00,SGBX
4.219,4.219,4.219,4.219,100,2021-09-10 16:08:00,SGBX
4.2222,4.2222,4.2222,4.2222,300,2021-09-10 16:20:00,SGBX
4.195,4.195,4.195,4.195,100,2021-09-10 16:23:00,SGBX
4.17,4.17,4.17,4.17,100,2021-09-10 16:35:00,SGBX
4.165,4.165,4.165,4.165,788,2021-09-10 16:44:00,SGBX
4.16,4.16,4.16,4.16,200,2021-09-10 16:49:00,SGBX
4.13,4.19,4.13,4.18,19532,2021-09-10 16:50:00,SGBX
4.18,4.18,4.18,4.18,100,2021-09-10 17:19:00,SGBX
4.18,4.18,4.18,4.18,200,2021-09-10 17:30:00,SGBX
4.1001,4.1001,4.1001,4.1001,200,2021-09-10 18:01:00,SGBX
4.15,4.15,4.15,4.15,566,2021-09-10 18:06:00,SGBX
4.1799,4.18,4.1799,4.18,2000,2021-09-10 18:10:00,SGBX
4.17,4.17,4.15,4.15,2348,2021-09-10 18:12:00,SGBX
4.17,4.2,4.1688,4.1688,4866,2021-09-10 18:23:00,SGBX
4.17,4.17,4.15,4.15,3875,2021-09-10 18:27:00,SGBX
4.13,4.13,4.13,4.13,260,2021-09-10 18:32:00,SGBX
4.15,4.15,4.15,4.15,1100,2021-09-10 18:47:00,SGBX
4.21,4.21,4.21,4.21,100,2021-09-10 18:54:00,SGBX
4.16,4.16,4.16,4.16,300,2021-09-10 18:58:00,SGBX
4.1,4.1,4.1,4.1,100,2021-09-10 19:08:00,SGBX
4.1,4.13,4.1,4.13,5317,2021-09-10 19:33:00,SGBX
4.139,4.139,4.139,4.139,100,2021-09-10 19:35:00,SGBX
4.1,4.14,4.1,4.1233,2613,2021-09-10 19:49:00,SGBX
4.115,4.115,4.115,4.115,300,2021-09-10 19:51:00,SGBX
4.09,4.09,4.09,4.09,314,2021-09-10 19:59:00,SGBX
4.07,4.08,4.07,4.08,643,2021-09-13 13:30:00,SGBX
4.0,4.0,4.0,4.0,3054,2021-09-13 13:32:00,SGBX
3.98,3.99,3.92,3.99,452,2021-09-13 13:34:00,SGBX
3.932,3.951,3.931,3.951,1000,2021-09-13 13:35:00,SGBX
3.92,3.92,3.92,3.92,500,2021-09-13 13:37:00,SGBX
3.9552,3.9552,3.9552,3.9552,100,2021-09-13 13:39:00,SGBX
4.015,4.015,4.015,4.015,200,2021-09-13 13:44:00,SGBX
4.0787,4.0787,4.0787,4.0787,100,2021-09-13 13:52:00,SGBX
3.9628,3.9628,3.9628,3.9628,200,2021-09-13 14:01:00,SGBX
4.0,4.0,4.0,4.0,3071,2021-09-13 14:08:00,SGBX
3.97,3.97,3.95,3.95,2716,2021-09-13 14:10:00,SGBX
4.03,4.03,4.03,4.03,200,2021-09-13 14:11:00,SGBX
3.9607,3.9607,3.9607,3.9607,2000,2021-09-13 14:13:00,SGBX
3.96,3.96,3.96,3.96,400,2021-09-13 14:17:00,SGBX
4.0204,4.0204,3.9635,3.9684,1800,2021-09-13 14:19:00,SGBX
3.97,3.97,3.97,3.97,200,2021-09-13 14:21:00,SGBX
3.9691,3.9691,3.9691,3.9691,250,2021-09-13 14:22:00,SGBX
3.97,3.97,3.96,3.96,13000,2021-09-13 14:27:00,SGBX
3.98,3.98,3.98,3.98,500,2021-09-13 15:06:00,SGBX
4.0,4.0,4.0,4.0,100,2021-09-13 15:11:00,SGBX
4.005,4.005,4.005,4.005,200,2021-09-13 15:28:00,SGBX
4.03,4.04,4.01,4.01,3128,2021-09-13 15:34:00,SGBX
4.03,4.0402,4.03,4.0402,1365,2021-09-13 15:35:00,SGBX
4.05,4.05,4.05,4.05,300,2021-09-13 15:42:00,SGBX
4.0128,4.0128,4.0128,4.0128,100,2021-09-13 15:49:00,SGBX
4.0392,4.0392,4.0392,4.0392,1200,2021-09-13 16:07:00,SGBX
4.01,4.01,4.01,4.01,250,2021-09-13 16:43:00,SGBX
4.04,4.04,4.04,4.04,164,2021-09-13 16:54:00,SGBX
4.047,4.047,4.047,4.047,593,2021-09-13 17:13:00,SGBX
4.0458,4.0458,4.0458,4.0458,250,2021-09-13 17:15:00,SGBX
4.0441,4.0441,4.0441,4.0441,100,2021-09-13 17:30:00,SGBX
4.0101,4.0101,4.0101,4.0101,110,2021-09-13 17:49:00,SGBX
4.05,4.05,4.05,4.05,698,2021-09-13 18:16:00,SGBX
4.04,4.04,4.04,4.04,270,2021-09-13 18:31:00,SGBX
4.032,4.04,4.01,4.022,6265,2021-09-13 18:37:00,SGBX
4.05,4.05,4.05,4.05,2000,2021-09-13 18:41:00,SGBX
4.035,4.05,4.035,4.05,2300,2021-09-13 18:42:00,SGBX
4.06,4.079,4.06,4.079,5000,2021-09-13 19:01:00,SGBX
4.07,4.0946,4.07,4.0946,5000,2021-09-13 19:03:00,SGBX
4.095,4.0999,4.095,4.0999,5200,2021-09-13 19:04:00,SGBX
4.07,4.07,4.07,4.07,100,2021-09-13 19:07:00,SGBX
4.0995,4.0995,4.0888,4.0888,5287,2021-09-13 19:10:00,SGBX
4.1,4.11,4.1,4.11,2300,2021-09-13 19:15:00,SGBX
4.12,4.14,4.12,4.14,2650,2021-09-13 19:17:00,SGBX
4.1906,4.1906,4.1906,4.1906,200,2021-09-13 19:18:00,SGBX
4.1103,4.1856,4.1103,4.1856,4866,2021-09-13 19:27:00,SGBX
4.101,4.101,4.101,4.101,350,2021-09-13 19:28:00,SGBX
4.1119,4.1119,4.1119,4.1119,3000,2021-09-13 19:31:00,SGBX
4.15,4.15,4.15,4.15,277,2021-09-13 19:37:00,SGBX
4.1541,4.1541,4.1541,4.1541,100,2021-09-13 19:38:00,SGBX
4.1,4.1,4.1,4.1,100,2021-09-13 19:41:00,SGBX
4.16,4.16,4.16,4.16,100,2021-09-13 19:45:00,SGBX
4.14,4.14,4.14,4.14,400,2021-09-13 19:59:00,SGBX
4.1,4.1,4.1,4.1,1873,2021-09-13 20:00:00,SGBX
4.01,4.01,4.01,4.01,175,2021-09-14 12:30:00,SGBX
3.99,3.99,3.99,3.99,301,2021-09-14 13:14:00,SGBX
4.1,4.1,4.1,4.1,644,2021-09-14 13:29:00,SGBX
4.17,4.17,4.025,4.09,2441,2021-09-14 13:30:00,SGBX
4.04,4.04,4.04,4.04,100,2021-09-14 13:31:00,SGBX
4.04,4.04,4.04,4.04,100,2021-09-14 13:32:00,SGBX
4.0185,4.0185,4.0185,4.0185,200,2021-09-14 13:39:00,SGBX
4.03,4.03,4.03,4.03,407,2021-09-14 13:45:00,SGBX
4.1,4.1,4.1,4.1,4000,2021-09-14 13:53:00,SGBX
4.0949,4.1,4.09,4.1,443,2021-09-14 13:54:00,SGBX
4.05,4.05,4.05,4.05,100,2021-09-14 13:59:00,SGBX
4.04,4.06,4.04,4.06,4080,2021-09-14 14:01:00,SGBX
4.0172,4.0172,4.0172,4.0172,300,2021-09-14 14:05:00,SGBX
4.031,4.032,4.02,4.02,2980,2021-09-14 14:10:00,SGBX
4.03,4.03,3.976,4.0,8170,2021-09-14 14:24:00,SGBX
3.9754,3.9754,3.97,3.9726,2246,2021-09-14 14:25:00,SGBX
3.97,3.97,3.97,3.97,100,2021-09-14 14:26:00,SGBX
3.99,3.99,3.99,3.99,100,2021-09-14 14:31:00,SGBX
3.9999,3.9999,3.9999,3.9999,143,2021-09-14 14:44:00,SGBX
3.994,3.994,3.994,3.994,100,2021-09-14 14:48:00,SGBX
3.985,4.07,3.985,4.07,17036,2021-09-14 15:07:00,SGBX
4.06,4.06,4.06,4.06,989,2021-09-14 15:14:00,SGBX
4.0501,4.075,4.0201,4.0201,12154,2021-09-14 15:16:00,SGBX
4.03,4.03,4.03,4.03,210,2021-09-14 15:19:00,SGBX
4.09,4.09,4.09,4.09,1000,2021-09-14 15:37:00,SGBX
4.05,4.05,4.05,4.05,126,2021-09-14 15:42:00,SGBX
4.09,4.09,4.09,4.09,284,2021-09-14 15:43:00,SGBX
4.09,4.09,4.09,4.09,100,2021-09-14 15:44:00,SGBX
4.08,4.08,4.08,4.08,100,2021-09-14 15:47:00,SGBX
4.05,4.05,4.05,4.05,1435,2021-09-14 16:23:00,SGBX
4.05,4.05,4.05,4.05,222,2021-09-14 16:28:00,SGBX
4.025,4.025,4.025,4.025,200,2021-09-14 16:33:00,SGBX
4.04,4.04,4.01,4.01,695,2021-09-14 16:38:00,SGBX
3.99,3.99,3.99,3.99,1000,2021-09-14 16:42:00,SGBX
3.9801,3.9801,3.9801,3.9801,588,2021-09-14 16:51:00,SGBX
3.9801,3.9801,3.9801,3.9801,200,2021-09-14 16:54:00,SGBX
4.04,4.04,4.04,4.04,200,2021-09-14 16:55:00,SGBX
4.03,4.03,4.03,4.03,100,2021-09-14 17:05:00,SGBX
3.995,3.995,3.995,3.995,100,2021-09-14 17:08:00,SGBX
3.9842,3.9842,3.9842,3.9842,432,2021-09-14 17:09:00,SGBX
3.99,3.99,3.99,3.99,100,2021-09-14 17:31:00,SGBX
3.98,3.98,3.96,3.96,660,2021-09-14 17:34:00,SGBX
3.99,3.99,3.99,3.99,3000,2021-09-14 17:37:00,SGBX
3.975,3.975,3.975,3.975,3000,2021-09-14 17:42:00,SGBX
4.0,4.0,3.99,3.99,200,2021-09-14 17:43:00,SGBX
3.954,3.975,3.95,3.975,2779,2021-09-14 17:48:00,SGBX
3.9301,3.9301,3.9301,3.9301,275,2021-09-14 17:51:00,SGBX
3.93,3.95,3.9,3.95,3643,2021-09-14 17:54:00,SGBX
3.93,3.93,3.93,3.93,622,2021-09-14 18:18:00,SGBX
3.9299,3.9299,3.9,3.9,2139,2021-09-14 18:19:00,SGBX
3.9208,3.9208,3.9,3.9,700,2021-09-14 18:21:00,SGBX
3.92,3.92,3.92,3.92,387,2021-09-14 18:22:00,SGBX
3.8997,3.8997,3.8997,3.8997,100,2021-09-14 18:28:00,SGBX
3.9232,3.9232,3.9232,3.9232,500,2021-09-14 18:32:00,SGBX
3.89,3.89,3.89,3.89,200,2021-09-14 18:49:00,SGBX
3.92,3.92,3.92,3.92,100,2021-09-14 18:54:00,SGBX
3.949,3.949,3.949,3.949,178,2021-09-14 18:57:00,SGBX
3.9001,3.92,3.9001,3.92,300,2021-09-14 19:28:00,SGBX
3.92,3.94,3.91,3.94,1107,2021-09-14 19:29:00,SGBX
3.9,3.906,3.89,3.906,800,2021-09-14 19:31:00,SGBX
3.88,3.88,3.88,3.88,500,2021-09-14 19:32:00,SGBX
3.91,3.91,3.91,3.91,500,2021-09-14 19:38:00,SGBX
3.892,3.92,3.88,3.92,4987,2021-09-14 19:41:00,SGBX
3.9244,3.9244,3.9244,3.9244,152,2021-09-14 19:45:00,SGBX
3.8858,3.8858,3.8858,3.8858,900,2021-09-14 19:46:00,SGBX
3.9,3.9199,3.9,3.9199,220,2021-09-14 19:48:00,SGBX
3.92,3.92,3.92,3.92,3997,2021-09-14 19:51:00,SGBX
3.89,3.89,3.89,3.89,100,2021-09-14 19:53:00,SGBX
3.9001,3.9363,3.9,3.9,2375,2021-09-14 19:55:00,SGBX
3.94,3.94,3.94,3.94,400,2021-09-14 19:57:00,SGBX
3.9373,3.9373,3.8943,3.9,2128,2021-09-14 19:58:00,SGBX
3.937,3.9378,3.9,3.9378,900,2021-09-14 19:59:00,SGBX
3.99,3.99,3.99,3.99,500,2021-09-14 20:01:00,SGBX
3.89,3.89,3.89,3.89,1543,2021-09-15 13:30:00,SGBX
3.89,3.89,3.89,3.89,2331,2021-09-15 13:31:00,SGBX
3.86,3.86,3.86,3.86,100,2021-09-15 13:33:00,SGBX
3.9895,3.9895,3.9895,3.9895,300,2021-09-15 13:40:00,SGBX
3.94,3.94,3.94,3.94,128,2021-09-15 13:49:00,SGBX
3.96,3.96,3.96,3.96,100,2021-09-15 13:54:00,SGBX
3.905,3.905,3.905,3.905,100,2021-09-15 13:55:00,SGBX
3.865,3.87,3.8601,3.862,800,2021-09-15 14:05:00,SGBX
3.949,3.949,3.949,3.949,100,2021-09-15 14:08:00,SGBX
3.87,3.87,3.801,3.801,14858,2021-09-15 14:09:00,SGBX
3.8,3.81,3.8,3.8,1050,2021-09-15 14:22:00,SGBX
3.8262,3.87,3.8262,3.87,700,2021-09-15 14:25:00,SGBX
3.8584,3.8584,3.8584,3.8584,125,2021-09-15 14:26:00,SGBX
3.845,3.845,3.845,3.845,500,2021-09-15 14:46:00,SGBX
3.8668,3.8668,3.8668,3.8668,1000,2021-09-15 14:48:00,SGBX
3.8699,3.8699,3.8699,3.8699,500,2021-09-15 14:50:00,SGBX
3.82,3.82,3.81,3.81,534,2021-09-15 14:52:00,SGBX
3.85,3.85,3.8,3.8,4569,2021-09-15 14:53:00,SGBX
3.8,3.8,3.78,3.78,200,2021-09-15 14:54:00,SGBX
3.79,3.79,3.79,3.79,100,2021-09-15 14:56:00,SGBX
3.82,3.82,3.82,3.82,900,2021-09-15 15:00:00,SGBX
3.82,3.82,3.82,3.82,200,2021-09-15 15:09:00,SGBX
3.8254,3.8254,3.8254,3.8254,500,2021-09-15 15:11:00,SGBX
3.83,3.83,3.83,3.83,300,2021-09-15 15:19:00,SGBX
3.79,3.79,3.78,3.78,538,2021-09-15 15:53:00,SGBX
3.841,3.841,3.841,3.841,100,2021-09-15 16:04:00,SGBX
3.8,3.8,3.8,3.8,651,2021-09-15 16:05:00,SGBX
3.8326,3.8326,3.8326,3.8326,134,2021-09-15 16:10:00,SGBX
3.828,3.828,3.828,3.828,100,2021-09-15 16:20:00,SGBX
3.7868,3.7868,3.7868,3.7868,184,2021-09-15 16:26:00,SGBX
3.84,3.84,3.84,3.84,7041,2021-09-15 16:27:00,SGBX
3.81,3.81,3.81,3.81,1000,2021-09-15 16:30:00,SGBX
3.8355,3.8355,3.8355,3.8355,313,2021-09-15 16:36:00,SGBX
3.815,3.815,3.815,3.815,500,2021-09-15 16:39:00,SGBX
3.815,3.815,3.815,3.815,100,2021-09-15 16:46:00,SGBX
3.815,3.84,3.815,3.84,400,2021-09-15 16:47:00,SGBX
3.84,3.85,3.84,3.85,686,2021-09-15 16:56:00,SGBX
3.85,3.8505,3.8499,3.8499,2544,2021-09-15 16:58:00,SGBX
3.85,3.85,3.85,3.85,1700,2021-09-15 17:27:00,SGBX
3.83,3.83,3.83,3.83,500,2021-09-15 17:31:00,SGBX
3.8142,3.8142,3.8142,3.8142,300,2021-09-15 17:32:00,SGBX
3.81,3.81,3.81,3.81,300,2021-09-15 17:33:00,SGBX
3.82,3.83,3.82,3.83,300,2021-09-15 17:46:00,SGBX
3.82,3.82,3.82,3.82,100,2021-09-15 18:00:00,SGBX
3.8265,3.8265,3.8265,3.8265,200,2021-09-15 18:23:00,SGBX
3.8,3.8,3.8,3.8,249,2021-09-15 18:27:00,SGBX
3.805,3.805,3.7201,3.7201,10747,2021-09-15 18:32:00,SGBX
3.75,3.79,3.75,3.79,300,2021-09-15 18:33:00,SGBX
3.8017,3.8017,3.8017,3.8017,100,2021-09-15 18:37:00,SGBX
3.75,3.7505,3.75,3.7505,500,2021-09-15 18:45:00,SGBX
3.75,3.76,3.75,3.76,300,2021-09-15 18:46:00,SGBX
3.7393,3.7393,3.7393,3.7393,250,2021-09-15 18:50:00,SGBX
3.7464,3.7464,3.7464,3.7464,100,2021-09-15 18:53:00,SGBX
3.75,3.75,3.75,3.75,5189,2021-09-15 18:58:00,SGBX
3.75,3.75,3.75,3.75,100,2021-09-15 19:04:00,SGBX
3.76,3.76,3.76,3.76,300,2021-09-15 19:05:00,SGBX
3.7465,3.76,3.7465,3.76,600,2021-09-15 19:08:00,SGBX
3.76,3.76,3.76,3.76,250,2021-09-15 19:10:00,SGBX
3.77,3.77,3.77,3.77,250,2021-09-15 19:11:00,SGBX
3.81,3.81,3.81,3.81,500,2021-09-15 19:23:00,SGBX
3.8,3.8,3.8,3.8,100,2021-09-15 19:29:00,SGBX
3.79,3.79,3.79,3.79,100,2021-09-15 19:33:00,SGBX
3.78,3.78,3.78,3.78,100,2021-09-15 19:35:00,SGBX
3.7935,3.7935,3.7935,3.7935,109,2021-09-15 19:40:00,SGBX
3.7999,3.7999,3.7999,3.7999,155,2021-09-15 19:44:00,SGBX
3.7951,3.7951,3.7951,3.7951,120,2021-09-15 19:47:00,SGBX
3.7601,3.7601,3.7601,3.7601,500,2021-09-15 19:48:00,SGBX
3.8314,3.8314,3.8314,3.8314,106,2021-09-15 19:49:00,SGBX
3.79,3.79,3.79,3.79,197,2021-09-15 19:52:00,SGBX
3.78,3.78,3.78,3.78,100,2021-09-15 19:56:00,SGBX
3.79,3.8,3.78,3.8,720,2021-09-15 19:57:00,SGBX
3.79,3.79,3.79,3.79,100,2021-09-15 19:58:00,SGBX
3.78,3.78,3.74,3.74,1658,2021-09-15 19:59:00,SGBX
3.74,3.74,3.74,3.74,597,2021-09-15 20:00:00,SGBX
3.71,3.71,3.71,3.71,1868,2021-09-15 20:57:00,SGBX
3.6,3.6,3.6,3.6,285,2021-09-15 20:58:00,SGBX
3.88,3.88,3.88,3.88,497,2021-09-15 23:51:00,SGBX
3.78,3.78,3.78,3.78,314,2021-09-16 13:30:00,SGBX
3.8399,3.8399,3.8399,3.8399,200,2021-09-16 13:34:00,SGBX
3.8221,3.8221,3.8221,3.8221,300,2021-09-16 13:42:00,SGBX
3.7401,3.7401,3.7401,3.7401,417,2021-09-16 13:45:00,SGBX
3.74,3.74,3.73,3.73,1462,2021-09-16 13:46:00,SGBX
3.75,3.75,3.75,3.75,267,2021-09-16 13:54:00,SGBX
3.72,3.72,3.72,3.72,300,2021-09-16 14:12:00,SGBX
3.812,3.812,3.812,3.812,265,2021-09-16 14:16:00,SGBX
3.75,3.75,3.75,3.75,100,2021-09-16 14:30:00,SGBX
3.7287,3.7287,3.7287,3.7287,100,2021-09-16 14:33:00,SGBX
3.7256,3.7256,3.7256,3.7256,458,2021-09-16 14:34:00,SGBX
3.76,3.76,3.76,3.76,1200,2021-09-16 14:37:00,SGBX
3.7941,3.7941,3.7941,3.7941,254,2021-09-16 14:38:00,SGBX
3.7401,3.7401,3.7401,3.7401,222,2021-09-16 14:40:00,SGBX
3.762,3.762,3.762,3.762,500,2021-09-16 14:49:00,SGBX
3.81,3.81,3.81,3.81,222,2021-09-16 14:51:00,SGBX
3.76,3.76,3.76,3.76,100,2021-09-16 14:55:00,SGBX
3.76,3.76,3.74,3.7503,1738,2021-09-16 15:02:00,SGBX
3.733,3.733,3.731,3.731,1000,2021-09-16 15:20:00,SGBX
3.73,3.74,3.73,3.74,300,2021-09-16 15:27:00,SGBX
3.719,3.719,3.719,3.719,100,2021-09-16 15:36:00,SGBX
3.72,3.72,3.72,3.72,100,2021-09-16 15:42:00,SGBX
3.72,3.72,3.71,3.7101,700,2021-09-16 15:45:00,SGBX
3.7039,3.7039,3.7,3.7,1250,2021-09-16 15:46:00,SGBX
3.675,3.675,3.67,3.67,438,2021-09-16 15:52:00,SGBX
3.66,3.66,3.66,3.66,146,2021-09-16 15:53:00,SGBX
3.67,3.67,3.66,3.66,1100,2021-09-16 15:59:00,SGBX
3.66,3.66,3.66,3.66,209,2021-09-16 16:01:00,SGBX
3.66,3.66,3.66,3.66,150,2021-09-16 16:07:00,SGBX
3.66,3.68,3.66,3.68,6250,2021-09-16 16:16:00,SGBX
3.6754,3.6792,3.6754,3.6792,600,2021-09-16 16:26:00,SGBX
3.67,3.67,3.67,3.67,449,2021-09-16 16:28:00,SGBX
3.675,3.68,3.675,3.68,200,2021-09-16 16:30:00,SGBX
3.67,3.67,3.67,3.67,1728,2021-09-16 16:40:00,SGBX
3.65,3.65,3.65,3.65,151,2021-09-16 16:42:00,SGBX
3.6447,3.6447,3.6447,3.6447,127,2021-09-16 16:47:00,SGBX
3.66,3.66,3.66,3.66,250,2021-09-16 16:59:00,SGBX
3.65,3.65,3.54,3.54,12949,2021-09-16 17:00:00,SGBX
3.5436,3.5436,3.51,3.51,606,2021-09-16 17:01:00,SGBX
3.55,3.55,3.55,3.55,400,2021-09-16 17:02:00,SGBX
3.63,3.6384,3.63,3.6384,600,2021-09-16 17:05:00,SGBX
3.6461,3.6461,3.6461,3.6461,9344,2021-09-16 17:06:00,SGBX
3.65,3.68,3.65,3.68,1850,2021-09-16 17:14:00,SGBX
3.628,3.628,3.628,3.628,500,2021-09-16 17:17:00,SGBX
3.64,3.68,3.64,3.68,1810,2021-09-16 17:18:00,SGBX
3.68,3.68,3.68,3.68,4200,2021-09-16 17:22:00,SGBX
3.67,3.68,3.67,3.68,5048,2021-09-16 17:33:00,SGBX
3.69,3.7,3.69,3.7,208,2021-09-16 17:37:00,SGBX
3.75,3.75,3.75,3.75,100,2021-09-16 17:41:00,SGBX
3.77,3.77,3.77,3.77,600,2021-09-16 18:11:00,SGBX
3.7307,3.79,3.7307,3.79,735,2021-09-16 18:26:00,SGBX
3.7327,3.7327,3.7327,3.7327,400,2021-09-16 18:30:00,SGBX
3.7486,3.7486,3.7486,3.7486,100,2021-09-16 18:43:00,SGBX
3.72,3.72,3.72,3.72,2743,2021-09-16 18:59:00,SGBX
3.735,3.735,3.735,3.735,100,2021-09-16 19:01:00,SGBX
3.72,3.72,3.72,3.72,165,2021-09-16 19:10:00,SGBX
3.75,3.75,3.75,3.75,450,2021-09-16 19:13:00,SGBX
3.72,3.725,3.72,3.72,1300,2021-09-16 19:29:00,SGBX
3.6831,3.6831,3.6831,3.6831,641,2021-09-16 19:33:00,SGBX
3.7093,3.7093,3.67,3.67,1000,2021-09-16 19:34:00,SGBX
3.6817,3.6817,3.6817,3.6817,100,2021-09-16 19:35:00,SGBX
3.6573,3.6573,3.6573,3.6573,151,2021-09-16 19:39:00,SGBX
3.66,3.66,3.66,3.66,200,2021-09-16 19:40:00,SGBX
3.7,3.71,3.7,3.71,575,2021-09-16 19:44:00,SGBX
3.705,3.705,3.705,3.705,100,2021-09-16 19:47:00,SGBX
3.68,3.6984,3.68,3.6984,286,2021-09-16 19:55:00,SGBX
3.6985,3.6985,3.6985,3.6985,275,2021-09-16 19:57:00,SGBX
3.7,3.7,3.67,3.7,1257,2021-09-16 19:59:00,SGBX
3.7,3.7,3.7,3.7,507,2021-09-16 20:00:00,SGBX
3.79,3.79,3.79,3.79,995,2021-09-16 21:18:00,SGBX
3.84,3.84,3.84,3.84,200,2021-09-16 22:43:00,SGBX
3.71,3.75,3.71,3.75,1015,2021-09-17 13:30:00,SGBX
3.8143,3.8143,3.8143,3.8143,500,2021-09-17 13:31:00,SGBX
3.785,3.785,3.785,3.785,257,2021-09-17 13:32:00,SGBX
3.755,3.755,3.755,3.755,500,2021-09-17 13:43:00,SGBX
3.8,3.8,3.8,3.8,1000,2021-09-17 14:18:00,SGBX
3.775,3.775,3.75,3.7612,2384,2021-09-17 14:29:00,SGBX
3.73,3.74,3.73,3.74,600,2021-09-17 14:34:00,SGBX
3.75,3.75,3.75,3.75,229,2021-09-17 14:54:00,SGBX
3.74,3.74,3.74,3.74,137,2021-09-17 14:56:00,SGBX
3.71,3.72,3.68,3.68,850,2021-09-17 15:31:00,SGBX
3.7,3.7,3.7,3.7,2000,2021-09-17 15:43:00,SGBX
3.74,3.74,3.74,3.74,950,2021-09-17 16:02:00,SGBX
3.72,3.72,3.72,3.72,200,2021-09-17 16:26:00,SGBX
3.738,3.738,3.738,3.738,210,2021-09-17 16:43:00,SGBX
3.74,3.78,3.74,3.78,3066,2021-09-17 16:47:00,SGBX
3.765,3.765,3.765,3.765,100,2021-09-17 17:01:00,SGBX
3.8,3.8,3.8,3.8,100,2021-09-17 17:02:00,SGBX
3.7631,3.7631,3.7631,3.7631,100,2021-09-17 17:06:00,SGBX
3.7999,3.7999,3.7999,3.7999,200,2021-09-17 17:24:00,SGBX
3.76,3.76,3.76,3.76,500,2021-09-17 17:33:00,SGBX
3.76,3.7652,3.76,3.7652,950,2021-09-17 17:37:00,SGBX
3.7792,3.7792,3.7792,3.7792,132,2021-09-17 17:55:00,SGBX
3.791,3.791,3.791,3.791,300,2021-09-17 17:58:00,SGBX
3.75,3.78,3.75,3.78,600,2021-09-17 18:24:00,SGBX
3.745,3.745,3.745,3.745,525,2021-09-17 18:55:00,SGBX
3.75,3.75,3.75,3.75,100,2021-09-17 18:57:00,SGBX
3.72,3.76,3.72,3.76,597,2021-09-17 18:58:00,SGBX
3.74,3.74,3.74,3.74,100,2021-09-17 19:00:00,SGBX
3.75,3.75,3.74,3.74,500,2021-09-17 19:01:00,SGBX
3.76,3.76,3.76,3.76,100,2021-09-17 19:02:00,SGBX
3.79,3.79,3.79,3.79,100,2021-09-17 19:25:00,SGBX
3.77,3.785,3.77,3.785,1800,2021-09-17 19:27:00,SGBX
3.83,3.83,3.83,3.83,100,2021-09-17 19:38:00,SGBX
3.86,3.86,3.86,3.86,1000,2021-09-17 19:40:00,SGBX
3.81,3.81,3.81,3.81,400,2021-09-17 19:41:00,SGBX
3.8101,3.8101,3.8101,3.8101,3760,2021-09-17 19:44:00,SGBX
3.8,3.8,3.8,3.8,200,2021-09-17 19:46:00,SGBX
3.84,3.85,3.8334,3.85,600,2021-09-17 19:50:00,SGBX
3.8543,3.8543,3.8543,3.8543,142,2021-09-17 19:54:00,SGBX
3.8556,3.8556,3.8556,3.8556,296,2021-09-17 19:56:00,SGBX
3.86,3.86,3.86,3.86,159,2021-09-17 19:57:00,SGBX
3.81,3.85,3.81,3.84,782,2021-09-17 19:59:00,SGBX
3.88,3.88,3.88,3.88,3505,2021-09-17 20:00:00,SGBX
3.7,3.7,3.7,3.7,500,2021-09-20 13:24:00,SGBX
3.7,3.7,3.7,3.7,540,2021-09-20 13:30:00,SGBX
3.6975,3.6975,3.69,3.69,518,2021-09-20 13:35:00,SGBX
3.69,3.69,3.69,3.69,170,2021-09-20 13:39:00,SGBX
3.701,3.701,3.701,3.701,1235,2021-09-20 13:45:00,SGBX
3.79,3.79,3.79,3.79,150,2021-09-20 13:59:00,SGBX
3.82,3.82,3.82,3.82,100,2021-09-20 14:03:00,SGBX
3.7554,3.7554,3.7554,3.7554,313,2021-09-20 14:10:00,SGBX
3.78,3.78,3.78,3.78,600,2021-09-20 14:11:00,SGBX
3.7653,3.7653,3.7653,3.7653,253,2021-09-20 14:16:00,SGBX
3.75,3.75,3.72,3.72,4910,2021-09-20 14:17:00,SGBX
3.735,3.735,3.735,3.735,1000,2021-09-20 14:20:00,SGBX
3.7083,3.7083,3.7,3.7,1086,2021-09-20 14:21:00,SGBX
3.7,3.7,3.7,3.7,300,2021-09-20 14:22:00,SGBX
3.68,3.68,3.68,3.68,137,2021-09-20 14:24:00,SGBX
3.67,3.67,3.67,3.67,100,2021-09-20 14:26:00,SGBX
3.66,3.66,3.65,3.65,900,2021-09-20 14:31:00,SGBX
3.63,3.63,3.59,3.59,4981,2021-09-20 14:34:00,SGBX
3.6325,3.6325,3.6325,3.6325,200,2021-09-20 14:36:00,SGBX
3.6328,3.6363,3.6328,3.6363,433,2021-09-20 14:37:00,SGBX
3.625,3.625,3.6,3.6,1027,2021-09-20 14:41:00,SGBX
3.63,3.63,3.63,3.63,600,2021-09-20 14:42:00,SGBX
3.64,3.64,3.64,3.64,200,2021-09-20 14:43:00,SGBX
3.6262,3.6262,3.6262,3.6262,138,2021-09-20 14:45:00,SGBX
3.6362,3.6362,3.6362,3.6362,221,2021-09-20 14:46:00,SGBX
3.625,3.63,3.625,3.63,400,2021-09-20 14:47:00,SGBX
3.61,3.61,3.6,3.6,900,2021-09-20 14:59:00,SGBX
3.5719,3.5719,3.5719,3.5719,200,2021-09-20 15:00:00,SGBX
3.5501,3.5848,3.55,3.55,1202,2021-09-20 15:03:00,SGBX
3.59,3.59,3.59,3.59,100,2021-09-20 15:04:00,SGBX
3.6399,3.6399,3.6399,3.6399,333,2021-09-20 15:05:00,SGBX
3.55,3.55,3.55,3.55,5490,2021-09-20 15:07:00,SGBX
3.5501,3.5501,3.5501,3.5501,2000,2021-09-20 15:13:00,SGBX
3.5567,3.5567,3.5567,3.5567,589,2021-09-20 15:14:00,SGBX
3.592,3.592,3.592,3.592,100,2021-09-20 15:17:00,SGBX
3.615,3.615,3.615,3.615,1928,2021-09-20 15:19:00,SGBX
3.6347,3.6347,3.6347,3.6347,300,2021-09-20 15:20:00,SGBX
3.63,3.64,3.63,3.64,1500,2021-09-20 15:21:00,SGBX
3.61,3.61,3.59,3.59,622,2021-09-20 15:30:00,SGBX
3.6,3.6,3.59,3.6,2800,2021-09-20 15:33:00,SGBX
3.59,3.59,3.59,3.59,100,2021-09-20 15:34:00,SGBX
3.59,3.59,3.59,3.59,300,2021-09-20 15:40:00,SGBX
3.58,3.58,3.58,3.58,227,2021-09-20 15:58:00,SGBX
3.57,3.57,3.565,3.565,470,2021-09-20 16:07:00,SGBX
3.57,3.57,3.57,3.57,145,2021-09-20 16:11:00,SGBX
3.6,3.6,3.6,3.6,350,2021-09-20 16:51:00,SGBX
3.6,3.6,3.6,3.6,100,2021-09-20 16:57:00,SGBX
3.5701,3.5701,3.5701,3.5701,500,2021-09-20 17:01:00,SGBX
3.605,3.605,3.605,3.605,700,2021-09-20 17:10:00,SGBX
3.6297,3.6297,3.6297,3.6297,420,2021-09-20 17:31:00,SGBX
3.62,3.62,3.62,3.62,100,2021-09-20 17:34:00,SGBX
3.6168,3.62,3.6168,3.62,700,2021-09-20 17:36:00,SGBX
3.6399,3.6399,3.6399,3.6399,5000,2021-09-20 17:51:00,SGBX
3.64,3.64,3.64,3.64,200,2021-09-20 17:54:00,SGBX
3.61,3.67,3.595,3.67,13509,2021-09-20 17:55:00,SGBX
3.6601,3.68,3.64,3.64,9916,2021-09-20 17:56:00,SGBX
3.6,3.6,3.59,3.59,200,2021-09-20 18:08:00,SGBX
3.59,3.59,3.59,3.59,500,2021-09-20 18:16:00,SGBX
3.58,3.59,3.58,3.59,883,2021-09-20 18:17:00,SGBX
3.5799,3.5799,3.5799,3.5799,250,2021-09-20 18:33:00,SGBX
3.5624,3.5624,3.5624,3.5624,100,2021-09-20 18:44:00,SGBX
3.5799,3.5799,3.5799,3.5799,100,2021-09-20 18:45:00,SGBX
3.555,3.555,3.555,3.555,100,2021-09-20 18:56:00,SGBX
3.56,3.56,3.56,3.56,300,2021-09-20 18:57:00,SGBX
3.56,3.56,3.56,3.56,100,2021-09-20 19:00:00,SGBX
3.5615,3.57,3.5615,3.57,700,2021-09-20 19:01:00,SGBX
3.57,3.57,3.57,3.57,500,2021-09-20 19:02:00,SGBX
3.56,3.56,3.55,3.55,1099,2021-09-20 19:06:00,SGBX
3.54,3.54,3.52,3.52,692,2021-09-20 19:17:00,SGBX
3.51,3.51,3.51,3.51,671,2021-09-20 19:18:00,SGBX
3.5096,3.5096,3.45,3.45,15708,2021-09-20 19:19:00,SGBX
3.42,3.45,3.41,3.45,9328,2021-09-20 19:20:00,SGBX
3.44,3.44,3.4,3.4,1233,2021-09-20 19:22:00,SGBX
3.55,3.55,3.55,3.55,240,2021-09-20 19:23:00,SGBX
3.49,3.49,3.47,3.47,1564,2021-09-20 19:24:00,SGBX
3.5499,3.5499,3.5,3.5,3383,2021-09-20 19:26:00,SGBX
3.41,3.42,3.4,3.4,3990,2021-09-20 19:28:00,SGBX
3.5,3.5,3.5,3.5,400,2021-09-20 19:30:00,SGBX
3.5065,3.5065,3.5065,3.5065,100,2021-09-20 19:33:00,SGBX
3.4836,3.4836,3.4836,3.4836,300,2021-09-20 19:35:00,SGBX
3.44,3.44,3.44,3.44,400,2021-09-20 19:37:00,SGBX
3.4399,3.4399,3.4,3.4,2960,2021-09-20 19:40:00,SGBX
3.3841,3.3841,3.3841,3.3841,300,2021-09-20 19:41:00,SGBX
3.3877,3.3877,3.3877,3.3877,500,2021-09-20 19:42:00,SGBX
3.38,3.38,3.38,3.38,100,2021-09-20 19:43:00,SGBX
3.38,3.39,3.37,3.39,3179,2021-09-20 19:45:00,SGBX
3.38,3.38,3.35,3.35,600,2021-09-20 19:46:00,SGBX
3.33,3.33,3.32,3.32,851,2021-09-20 19:47:00,SGBX
3.33,3.36,3.31,3.36,1507,2021-09-20 19:48:00,SGBX
3.34,3.359,3.34,3.359,2350,2021-09-20 19:49:00,SGBX
3.345,3.3473,3.345,3.3473,1100,2021-09-20 19:50:00,SGBX
3.3599,3.36,3.3599,3.36,400,2021-09-20 19:51:00,SGBX
3.358,3.358,3.358,3.358,600,2021-09-20 19:53:00,SGBX
3.3507,3.3507,3.3507,3.3507,271,2021-09-20 19:55:00,SGBX
3.35,3.35,3.3442,3.3442,405,2021-09-20 19:56:00,SGBX
3.35,3.35,3.3498,3.3498,400,2021-09-20 19:57:00,SGBX
3.36,3.36,3.3507,3.3507,250,2021-09-20 19:58:00,SGBX
3.36,3.36,3.35,3.36,816,2021-09-20 19:59:00,SGBX
3.35,3.35,3.35,3.35,496,2021-09-20 20:00:00,SGBX
3.4,3.4,3.4,3.4,119,2021-09-20 20:49:00,SGBX
3.4,3.4,3.4,3.4,269,2021-09-20 21:42:00,SGBX
3.5,3.5,3.5,3.5,105,2021-09-20 23:59:00,SGBX
3.5,3.5,3.5,3.5,128,2021-09-21 13:11:00,SGBX
3.42,3.4875,3.42,3.4875,4212,2021-09-21 13:30:00,SGBX
3.3839,3.4999,3.3839,3.4651,3050,2021-09-21 13:32:00,SGBX
3.4941,3.5,3.47,3.5,2503,2021-09-21 13:33:00,SGBX
3.5,3.5,3.5,3.5,100,2021-09-21 13:34:00,SGBX
3.4698,3.4698,3.4698,3.4698,300,2021-09-21 13:35:00,SGBX
3.46,3.46,3.46,3.46,160,2021-09-21 13:36:00,SGBX
3.435,3.435,3.43,3.43,393,2021-09-21 13:42:00,SGBX
3.43,3.43,3.43,3.43,800,2021-09-21 13:48:00,SGBX
3.42,3.43,3.42,3.4266,1319,2021-09-21 13:52:00,SGBX
3.42,3.42,3.42,3.42,100,2021-09-21 13:54:00,SGBX
3.41,3.42,3.41,3.42,1760,2021-09-21 13:56:00,SGBX
3.43,3.43,3.43,3.43,300,2021-09-21 13:57:00,SGBX
3.43,3.43,3.43,3.43,1000,2021-09-21 13:59:00,SGBX
3.4,3.4,3.4,3.4,927,2021-09-21 14:03:00,SGBX
3.39,3.4,3.39,3.4,879,2021-09-21 14:05:00,SGBX
3.3899,3.3899,3.3899,3.3899,200,2021-09-21 14:07:00,SGBX
3.3875,3.3875,3.3875,3.3875,591,2021-09-21 14:10:00,SGBX
3.37,3.37,3.37,3.37,1000,2021-09-21 14:13:00,SGBX
3.37,3.37,3.37,3.37,400,2021-09-21 14:14:00,SGBX
3.3871,3.3871,3.3871,3.3871,440,2021-09-21 14:19:00,SGBX
3.3899,3.3899,3.3899,3.3899,105,2021-09-21 14:25:00,SGBX
3.3762,3.3762,3.3762,3.3762,100,2021-09-21 14:26:00,SGBX
3.39,3.4,3.3865,3.4,2600,2021-09-21 14:32:00,SGBX
3.3801,3.3801,3.3801,3.3801,895,2021-09-21 14:42:00,SGBX
3.37,3.37,3.37,3.37,200,2021-09-21 14:43:00,SGBX
3.3607,3.3607,3.3607,3.3607,1000,2021-09-21 14:45:00,SGBX
3.369,3.369,3.369,3.369,500,2021-09-21 14:48:00,SGBX
3.3683,3.3683,3.3601,3.3601,4100,2021-09-21 14:50:00,SGBX
3.37,3.37,3.37,3.37,240,2021-09-21 14:55:00,SGBX
3.36,3.36,3.36,3.36,250,2021-09-21 14:58:00,SGBX
3.3504,3.36,3.3504,3.36,1100,2021-09-21 14:59:00,SGBX
3.35,3.35,3.35,3.35,717,2021-09-21 15:00:00,SGBX
3.3685,3.3685,3.3685,3.3685,596,2021-09-21 15:04:00,SGBX
3.36,3.36,3.35,3.35,209,2021-09-21 15:16:00,SGBX
3.3643,3.3643,3.3571,3.3571,600,2021-09-21 15:21:00,SGBX
3.3586,3.3586,3.3586,3.3586,1000,2021-09-21 15:27:00,SGBX
3.3601,3.3601,3.3601,3.3601,100,2021-09-21 15:37:00,SGBX
3.37,3.37,3.37,3.37,222,2021-09-21 15:38:00,SGBX
3.37,3.37,3.37,3.37,175,2021-09-21 15:45:00,SGBX
3.37,3.37,3.37,3.37,290,2021-09-21 15:46:00,SGBX
3.3607,3.3607,3.3607,3.3607,273,2021-09-21 15:51:00,SGBX
3.3699,3.37,3.3699,3.37,200,2021-09-21 15:52:00,SGBX
3.3699,3.3699,3.3699,3.3699,100,2021-09-21 16:07:00,SGBX
3.3669,3.3669,3.3669,3.3669,300,2021-09-21 16:13:00,SGBX
3.37,3.37,3.37,3.37,442,2021-09-21 16:14:00,SGBX
3.4,3.41,3.4,3.41,1532,2021-09-21 16:15:00,SGBX
3.4141,3.4141,3.4141,3.4141,145,2021-09-21 16:32:00,SGBX
3.41,3.41,3.41,3.41,125,2021-09-21 16:33:00,SGBX
3.41,3.41,3.41,3.41,126,2021-09-21 16:34:00,SGBX
3.4,3.48,3.4,3.4206,18400,2021-09-21 16:35:00,SGBX
3.43,3.43,3.43,3.43,1000,2021-09-21 16:37:00,SGBX
3.44,3.44,3.44,3.44,150,2021-09-21 16:47:00,SGBX
3.37,3.37,3.37,3.37,1700,2021-09-21 16:49:00,SGBX
3.4142,3.4142,3.4142,3.4142,100,2021-09-21 16:52:00,SGBX
3.38,3.38,3.38,3.38,100,2021-09-21 16:57:00,SGBX
3.4266,3.4432,3.4266,3.4432,376,2021-09-21 16:58:00,SGBX
3.4243,3.4243,3.4243,3.4243,250,2021-09-21 17:01:00,SGBX
3.43,3.43,3.43,3.43,2300,2021-09-21 17:33:00,SGBX
3.4045,3.4045,3.4045,3.4045,195,2021-09-21 17:34:00,SGBX
3.4299,3.4299,3.4299,3.4299,1000,2021-09-21 17:42:00,SGBX
3.4279,3.4299,3.415,3.4299,2100,2021-09-21 17:43:00,SGBX
3.4279,3.4279,3.4279,3.4279,1000,2021-09-21 17:44:00,SGBX
3.415,3.415,3.415,3.415,1750,2021-09-21 17:48:00,SGBX
3.4285,3.4285,3.4285,3.4285,500,2021-09-21 17:50:00,SGBX
3.4299,3.4299,3.4299,3.4299,2000,2021-09-21 17:52:00,SGBX
3.4064,3.4064,3.4064,3.4064,100,2021-09-21 18:04:00,SGBX
3.4275,3.4275,3.4275,3.4275,100,2021-09-21 18:22:00,SGBX
3.42,3.42,3.42,3.42,212,2021-09-21 18:24:00,SGBX
3.42,3.42,3.42,3.42,200,2021-09-21 18:28:00,SGBX
3.4115,3.4115,3.4115,3.4115,150,2021-09-21 18:32:00,SGBX
3.4101,3.4297,3.4101,3.4297,2888,2021-09-21 18:36:00,SGBX
3.41,3.41,3.4,3.4,1850,2021-09-21 18:38:00,SGBX
3.4,3.4,3.4,3.4,1200,2021-09-21 18:39:00,SGBX
3.43,3.43,3.43,3.43,100,2021-09-21 18:43:00,SGBX
3.4299,3.4299,3.4299,3.4299,600,2021-09-21 18:52:00,SGBX
3.42,3.42,3.41,3.41,525,2021-09-21 18:53:00,SGBX
3.435,3.435,3.435,3.435,2000,2021-09-21 19:23:00,SGBX
3.435,3.435,3.435,3.435,200,2021-09-21 19:32:00,SGBX
3.44,3.44,3.44,3.44,165,2021-09-21 19:55:00,SGBX
3.4499,3.4499,3.4483,3.4483,200,2021-09-21 19:56:00,SGBX
3.45,3.45,3.45,3.45,2422,2021-09-21 19:57:00,SGBX
3.4561,3.4561,3.4561,3.4561,100,2021-09-21 19:58:00,SGBX
3.47,3.47,3.455,3.455,290,2021-09-21 19:59:00,SGBX
3.48,3.48,3.48,3.48,2463,2021-09-21 20:00:00,SGBX
3.4,3.4,3.4,3.4,250,2021-09-21 21:32:00,SGBX
3.48,3.48,3.48,3.48,218,2021-09-22 13:04:00,SGBX
3.46,3.465,3.41,3.4616,939,2021-09-22 13:30:00,SGBX
3.47,3.47,3.4173,3.4173,5250,2021-09-22 13:34:00,SGBX
3.46,3.46,3.46,3.46,131,2021-09-22 13:35:00,SGBX
3.42,3.42,3.38,3.396,5050,2021-09-22 13:36:00,SGBX
3.39,3.39,3.39,3.39,100,2021-09-22 13:37:00,SGBX
3.35,3.35,3.35,3.35,200,2021-09-22 13:38:00,SGBX
3.31,3.31,3.31,3.31,250,2021-09-22 13:39:00,SGBX
3.384,3.47,3.384,3.47,1619,2021-09-22 13:40:00,SGBX
3.4621,3.4621,3.4621,3.4621,1000,2021-09-22 13:41:00,SGBX
3.4859,3.4859,3.46,3.4607,1878,2021-09-22 13:47:00,SGBX
3.4101,3.4101,3.4101,3.4101,800,2021-09-22 13:50:00,SGBX
3.4147,3.4147,3.4147,3.4147,600,2021-09-22 13:51:00,SGBX
3.48,3.48,3.47,3.48,300,2021-09-22 13:53:00,SGBX
3.445,3.445,3.41,3.445,2940,2021-09-22 13:54:00,SGBX
3.45,3.45,3.41,3.41,800,2021-09-22 13:58:00,SGBX
3.43,3.43,3.43,3.43,1412,2021-09-22 14:03:00,SGBX
3.439,3.439,3.439,3.439,100,2021-09-22 14:20:00,SGBX
3.4546,3.4546,3.4546,3.4546,100,2021-09-22 14:26:00,SGBX
3.43,3.4306,3.42,3.42,988,2021-09-22 14:28:00,SGBX
3.4394,3.4394,3.435,3.435,200,2021-09-22 14:40:00,SGBX
3.4846,3.4846,3.4846,3.4846,250,2021-09-22 14:57:00,SGBX
3.49,3.4913,3.49,3.4913,2921,2021-09-22 15:12:00,SGBX
3.49,3.5,3.49,3.5,300,2021-09-22 15:30:00,SGBX
3.4954,3.4954,3.4954,3.4954,100,2021-09-22 15:40:00,SGBX
3.4887,3.4987,3.4887,3.4987,3000,2021-09-22 16:03:00,SGBX
3.4824,3.4824,3.4824,3.4824,100,2021-09-22 16:12:00,SGBX
3.4912,3.4912,3.4912,3.4912,150,2021-09-22 16:29:00,SGBX
3.4738,3.4738,3.4738,3.4738,236,2021-09-22 16:31:00,SGBX
3.485,3.485,3.485,3.485,100,2021-09-22 16:35:00,SGBX
3.5,3.51,3.5,3.51,200,2021-09-22 16:37:00,SGBX
3.56,3.569,3.56,3.5686,4272,2021-09-22 16:39:00,SGBX
3.54,3.6,3.54,3.5539,5341,2021-09-22 16:41:00,SGBX
3.5355,3.55,3.5355,3.55,1052,2021-09-22 16:43:00,SGBX
3.6199,3.6199,3.571,3.571,5100,2021-09-22 16:44:00,SGBX
3.5831,3.5981,3.5831,3.5981,720,2021-09-22 16:48:00,SGBX
3.6041,3.6041,3.6041,3.6041,100,2021-09-22 16:51:00,SGBX
3.62,3.62,3.62,3.62,753,2021-09-22 16:57:00,SGBX
3.58,3.58,3.58,3.58,500,2021-09-22 17:21:00,SGBX
3.614,3.62,3.614,3.62,1000,2021-09-22 17:23:00,SGBX
3.6201,3.6201,3.6201,3.6201,145,2021-09-22 17:33:00,SGBX
3.6212,3.6212,3.6212,3.6212,800,2021-09-22 17:36:00,SGBX
3.65,3.65,3.65,3.65,100,2021-09-22 17:41:00,SGBX
3.67,3.68,3.67,3.68,900,2021-09-22 17:42:00,SGBX
3.6758,3.6758,3.6758,3.6758,100,2021-09-22 17:43:00,SGBX
3.6587,3.6587,3.625,3.625,4100,2021-09-22 17:53:00,SGBX
3.6599,3.6599,3.6599,3.6599,120,2021-09-22 17:54:00,SGBX
3.661,3.661,3.661,3.661,100,2021-09-22 17:55:00,SGBX
3.6001,3.6001,3.6,3.6,2500,2021-09-22 18:07:00,SGBX
3.625,3.625,3.625,3.625,300,2021-09-22 18:12:00,SGBX
3.64,3.6608,3.64,3.6608,3950,2021-09-22 18:18:00,SGBX
3.645,3.645,3.645,3.645,100,2021-09-22 18:21:00,SGBX
3.66,3.66,3.66,3.66,100,2021-09-22 18:44:00,SGBX
3.645,3.645,3.6301,3.6301,2000,2021-09-22 18:50:00,SGBX
3.645,3.645,3.645,3.645,100,2021-09-22 18:51:00,SGBX
3.66,3.67,3.66,3.67,200,2021-09-22 19:10:00,SGBX
3.6696,3.67,3.665,3.665,5000,2021-09-22 19:13:00,SGBX
3.68,3.68,3.68,3.68,2980,2021-09-22 19:14:00,SGBX
3.6993,3.6993,3.6993,3.6993,3000,2021-09-22 19:15:00,SGBX
3.7799,3.7799,3.7799,3.7799,200,2021-09-22 19:22:00,SGBX
3.73,3.73,3.72,3.72,2141,2021-09-22 19:24:00,SGBX
3.6863,3.6863,3.6863,3.6863,240,2021-09-22 19:28:00,SGBX
3.675,3.6754,3.675,3.6754,350,2021-09-22 19:30:00,SGBX
3.69,3.69,3.69,3.69,150,2021-09-22 19:31:00,SGBX
3.69,3.69,3.69,3.69,1040,2021-09-22 19:32:00,SGBX
3.7001,3.7248,3.7001,3.7248,1000,2021-09-22 19:34:00,SGBX
3.7,3.7,3.7,3.7,1300,2021-09-22 19:38:00,SGBX
3.71,3.75,3.71,3.75,4968,2021-09-22 19:41:00,SGBX
3.72,3.72,3.72,3.72,100,2021-09-22 19:45:00,SGBX
3.7249,3.7249,3.7249,3.7249,100,2021-09-22 19:50:00,SGBX
3.71,3.71,3.71,3.71,125,2021-09-22 19:51:00,SGBX
3.7242,3.7242,3.7242,3.7242,155,2021-09-22 19:56:00,SGBX
3.7,3.71,3.7,3.71,378,2021-09-22 19:59:00,SGBX
3.67,3.67,3.67,3.67,738,2021-09-22 20:00:00,SGBX
3.91,3.91,3.91,3.91,200,2021-09-22 22:17:00,SGBX
3.9,3.9,3.9,3.9,1000,2021-09-22 23:00:00,SGBX
3.8001,3.8001,3.8001,3.8001,250,2021-09-22 23:43:00,SGBX
3.8001,3.8001,3.8001,3.8001,150,2021-09-22 23:59:00,SGBX
3.8,3.8,3.8,3.8,400,2021-09-23 12:33:00,SGBX
3.88,3.88,3.88,3.88,100,2021-09-23 13:09:00,SGBX
3.8839,3.89,3.87,3.87,700,2021-09-23 13:10:00,SGBX
3.8899,3.8899,3.8899,3.8899,100,2021-09-23 13:14:00,SGBX
3.8,3.8,3.8,3.8,100,2021-09-23 13:25:00,SGBX
3.8805,3.8805,3.82,3.835,6301,2021-09-23 13:30:00,SGBX
3.8595,3.8595,3.8595,3.8595,1000,2021-09-23 13:31:00,SGBX
3.86,3.86,3.86,3.86,100,2021-09-23 13:32:00,SGBX
3.818,3.8598,3.818,3.8598,1200,2021-09-23 13:34:00,SGBX
3.83,3.83,3.83,3.83,300,2021-09-23 13:35:00,SGBX
3.8345,3.8569,3.8345,3.8569,410,2021-09-23 13:36:00,SGBX
3.8,3.8,3.8,3.8,1700,2021-09-23 13:38:00,SGBX
3.8,3.8,3.8,3.8,497,2021-09-23 13:40:00,SGBX
3.81,3.81,3.8,3.8099,4029,2021-09-23 13:41:00,SGBX
3.78,3.78,3.77,3.77,1100,2021-09-23 13:42:00,SGBX
3.77,3.77,3.77,3.77,250,2021-09-23 13:43:00,SGBX
3.75,3.75,3.75,3.75,100,2021-09-23 13:44:00,SGBX
3.76,3.76,3.72,3.72,4872,2021-09-23 13:45:00,SGBX
3.7629,3.7629,3.7629,3.7629,100,2021-09-23 13:50:00,SGBX
3.7699,3.7699,3.7251,3.7251,1200,2021-09-23 13:51:00,SGBX
3.7524,3.7524,3.7524,3.7524,100,2021-09-23 13:57:00,SGBX
3.75,3.75,3.75,3.75,400,2021-09-23 13:59:00,SGBX
3.79,3.79,3.79,3.79,200,2021-09-23 14:03:00,SGBX
3.79,3.79,3.79,3.79,200,2021-09-23 14:06:00,SGBX
3.7538,3.7538,3.7538,3.7538,350,2021-09-23 14:12:00,SGBX
3.77,3.77,3.77,3.77,479,2021-09-23 14:13:00,SGBX
3.7698,3.7698,3.7698,3.7698,100,2021-09-23 14:17:00,SGBX
3.77,3.77,3.75,3.75,550,2021-09-23 14:19:00,SGBX
3.7402,3.7402,3.7402,3.7402,100,2021-09-23 14:25:00,SGBX
3.7495,3.7495,3.7495,3.7495,200,2021-09-23 14:29:00,SGBX
3.725,3.735,3.715,3.735,2500,2021-09-23 14:31:00,SGBX
3.7001,3.7001,3.7001,3.7001,897,2021-09-23 14:34:00,SGBX
3.7,3.7,3.7,3.7,978,2021-09-23 14:41:00,SGBX
3.7001,3.7001,3.7001,3.7001,100,2021-09-23 14:43:00,SGBX
3.7018,3.7018,3.7018,3.7018,1286,2021-09-23 14:48:00,SGBX
3.74,3.74,3.74,3.74,200,2021-09-23 14:52:00,SGBX
3.7072,3.7072,3.7072,3.7072,100,2021-09-23 15:11:00,SGBX
3.734,3.734,3.734,3.734,120,2021-09-23 15:18:00,SGBX
3.7392,3.7392,3.7392,3.7392,106,2021-09-23 15:23:00,SGBX
3.7,3.7,3.7,3.7,328,2021-09-23 15:30:00,SGBX
3.7124,3.7124,3.7124,3.7124,2565,2021-09-23 15:31:00,SGBX
3.74,3.74,3.738,3.738,200,2021-09-23 15:33:00,SGBX
3.74,3.74,3.7347,3.7347,200,2021-09-23 15:38:00,SGBX
3.74,3.74,3.74,3.74,360,2021-09-23 15:45:00,SGBX
3.7055,3.7055,3.7055,3.7055,125,2021-09-23 15:53:00,SGBX
3.7001,3.7001,3.7001,3.7001,1242,2021-09-23 15:59:00,SGBX
3.7277,3.7277,3.7277,3.7277,150,2021-09-23 16:02:00,SGBX
3.7299,3.7299,3.7299,3.7299,536,2021-09-23 16:03:00,SGBX
3.7299,3.7299,3.7299,3.7299,144,2021-09-23 16:18:00,SGBX
3.7248,3.7248,3.7248,3.7248,100,2021-09-23 16:19:00,SGBX
3.7153,3.7153,3.7153,3.7153,100,2021-09-23 16:25:00,SGBX
3.7248,3.7248,3.7248,3.7248,100,2021-09-23 16:27:00,SGBX
3.73,3.73,3.73,3.73,669,2021-09-23 16:40:00,SGBX
3.72,3.72,3.72,3.72,200,2021-09-23 16:48:00,SGBX
3.72,3.72,3.72,3.72,100,2021-09-23 16:52:00,SGBX
3.7373,3.7373,3.7373,3.7373,2000,2021-09-23 16:57:00,SGBX
3.72,3.72,3.66,3.66,10717,2021-09-23 17:04:00,SGBX
3.67,3.67,3.67,3.67,100,2021-09-23 17:06:00,SGBX
3.65,3.69,3.64,3.665,482,2021-09-23 17:11:00,SGBX
3.6926,3.6926,3.6926,3.6926,150,2021-09-23 17:13:00,SGBX
3.6654,3.6654,3.6654,3.6654,150,2021-09-23 17:23:00,SGBX
3.7,3.7,3.7,3.7,600,2021-09-23 17:42:00,SGBX
3.69,3.69,3.68,3.68,320,2021-09-23 17:47:00,SGBX
3.7,3.7,3.7,3.7,100,2021-09-23 17:50:00,SGBX
3.706,3.706,3.706,3.706,200,2021-09-23 17:52:00,SGBX
3.7165,3.7165,3.7165,3.7165,405,2021-09-23 17:55:00,SGBX
3.72,3.72,3.72,3.72,100,2021-09-23 17:58:00,SGBX
3.7249,3.7249,3.7249,3.7249,100,2021-09-23 18:00:00,SGBX
3.7159,3.7159,3.7159,3.7159,250,2021-09-23 18:22:00,SGBX
3.6839,3.6839,3.68,3.68,1212,2021-09-23 18:23:00,SGBX
3.7076,3.7076,3.7,3.7,600,2021-09-23 18:30:00,SGBX
3.72,3.72,3.72,3.72,200,2021-09-23 18:33:00,SGBX
3.72,3.72,3.72,3.72,400,2021-09-23 18:34:00,SGBX
3.7233,3.7233,3.7233,3.7233,100,2021-09-23 18:42:00,SGBX
3.726,3.726,3.726,3.726,200,2021-09-23 18:43:00,SGBX
3.73,3.73,3.73,3.73,300,2021-09-23 18:44:00,SGBX
3.72,3.72,3.72,3.72,300,2021-09-23 18:57:00,SGBX
3.7359,3.7359,3.7359,3.7359,1000,2021-09-23 19:01:00,SGBX
3.73,3.73,3.73,3.73,100,2021-09-23 19:10:00,SGBX
3.7201,3.75,3.72,3.75,2061,2021-09-23 19:20:00,SGBX
3.74,3.74,3.74,3.74,496,2021-09-23 19:22:00,SGBX
3.734,3.734,3.734,3.734,100,2021-09-23 19:32:00,SGBX
3.74,3.75,3.74,3.75,698,2021-09-23 19:34:00,SGBX
3.73,3.73,3.73,3.73,100,2021-09-23 19:50:00,SGBX
3.7339,3.7339,3.7339,3.7339,100,2021-09-23 19:54:00,SGBX
3.73,3.73,3.73,3.73,200,2021-09-23 19:55:00,SGBX
3.7362,3.7362,3.7362,3.7362,210,2021-09-23 19:59:00,SGBX
3.75,3.83,3.75,3.83,2688,2021-09-23 20:00:00,SGBX
3.8319,3.8319,3.75,3.75,1625,2021-09-24 13:30:00,SGBX
3.68,3.6832,3.66,3.6832,2000,2021-09-24 13:36:00,SGBX
3.64,3.64,3.64,3.64,200,2021-09-24 13:39:00,SGBX
3.661,3.661,3.63,3.63,1000,2021-09-24 13:40:00,SGBX
3.65,3.65,3.65,3.65,100,2021-09-24 13:43:00,SGBX
3.65,3.6762,3.65,3.6762,1208,2021-09-24 13:50:00,SGBX
3.6401,3.6401,3.6401,3.6401,350,2021-09-24 13:54:00,SGBX
3.7623,3.7623,3.7623,3.7623,100,2021-09-24 13:56:00,SGBX
3.778,3.778,3.778,3.778,208,2021-09-24 13:59:00,SGBX
3.7477,3.7477,3.7477,3.7477,100,2021-09-24 14:01:00,SGBX
3.7507,3.7507,3.7507,3.7507,202,2021-09-24 14:04:00,SGBX
3.74,3.74,3.74,3.74,100,2021-09-24 14:05:00,SGBX
3.74,3.75,3.74,3.75,370,2021-09-24 14:37:00,SGBX
3.67,3.67,3.67,3.67,200,2021-09-24 14:42:00,SGBX
3.6724,3.6724,3.6724,3.6724,100,2021-09-24 14:45:00,SGBX
3.6634,3.6634,3.6634,3.6634,1450,2021-09-24 14:48:00,SGBX
3.6651,3.6651,3.6651,3.6651,750,2021-09-24 15:04:00,SGBX
3.711,3.711,3.711,3.711,100,2021-09-24 15:25:00,SGBX
3.69,3.69,3.69,3.69,150,2021-09-24 15:43:00,SGBX
3.66,3.66,3.65,3.65,2500,2021-09-24 15:54:00,SGBX
3.64,3.68,3.64,3.68,5449,2021-09-24 15:59:00,SGBX
3.6407,3.6407,3.6407,3.6407,100,2021-09-24 17:20:00,SGBX
3.6387,3.6387,3.6387,3.6387,200,2021-09-24 17:38:00,SGBX
3.6737,3.6737,3.6737,3.6737,100,2021-09-24 17:48:00,SGBX
3.71,3.71,3.71,3.71,200,2021-09-24 18:05:00,SGBX
3.7099,3.7099,3.7099,3.7099,500,2021-09-24 18:16:00,SGBX
3.6329,3.6329,3.6329,3.6329,3000,2021-09-24 18:24:00,SGBX
3.6328,3.6328,3.6328,3.6328,2000,2021-09-24 18:25:00,SGBX
3.71,3.71,3.71,3.71,100,2021-09-24 18:28:00,SGBX
3.682,3.682,3.682,3.682,100,2021-09-24 19:16:00,SGBX
3.6853,3.69,3.6853,3.69,300,2021-09-24 19:17:00,SGBX
3.65,3.65,3.61,3.61,6509,2021-09-24 19:25:00,SGBX
3.685,3.685,3.685,3.685,200,2021-09-24 19:33:00,SGBX
3.69,3.69,3.69,3.69,100,2021-09-24 19:40:00,SGBX
3.63,3.63,3.6092,3.6092,1932,2021-09-24 19:42:00,SGBX
3.68,3.68,3.68,3.68,100,2021-09-24 19:46:00,SGBX
3.63,3.63,3.59,3.59,8352,2021-09-24 19:51:00,SGBX
3.62,3.6535,3.62,3.6535,859,2021-09-24 19:52:00,SGBX
3.6427,3.6427,3.6427,3.6427,100,2021-09-24 19:54:00,SGBX
3.6427,3.6427,3.6427,3.6427,100,2021-09-24 19:55:00,SGBX
3.62,3.62,3.55,3.55,10900,2021-09-24 19:56:00,SGBX
3.59,3.62,3.57,3.62,1100,2021-09-24 19:59:00,SGBX
3.62,3.62,3.62,3.62,677,2021-09-24 20:00:00,SGBX
3.61,3.63,3.61,3.63,1338,2021-09-27 13:30:00,SGBX
3.5525,3.5525,3.5525,3.5525,580,2021-09-27 13:33:00,SGBX
3.64,3.64,3.64,3.64,120,2021-09-27 13:34:00,SGBX
3.6575,3.6575,3.6575,3.6575,553,2021-09-27 13:40:00,SGBX
3.5601,3.5601,3.5601,3.5601,1250,2021-09-27 13:47:00,SGBX
3.61,3.61,3.61,3.61,265,2021-09-27 14:07:00,SGBX
3.5828,3.5828,3.58,3.58,511,2021-09-27 14:11:00,SGBX
3.6,3.6,3.6,3.6,100,2021-09-27 14:16:00,SGBX
3.6,3.6,3.6,3.6,100,2021-09-27 14:17:00,SGBX
3.5839,3.59,3.5839,3.59,414,2021-09-27 14:19:00,SGBX
3.56,3.59,3.55,3.59,865,2021-09-27 14:20:00,SGBX
3.5559,3.5559,3.5559,3.5559,100,2021-09-27 14:34:00,SGBX
3.5899,3.5899,3.5899,3.5899,200,2021-09-27 14:36:00,SGBX
3.5736,3.5899,3.5736,3.5899,900,2021-09-27 14:50:00,SGBX
3.5757,3.5757,3.5757,3.5757,140,2021-09-27 14:55:00,SGBX
3.5757,3.5757,3.55,3.55,1502,2021-09-27 14:58:00,SGBX
3.54,3.54,3.54,3.54,1000,2021-09-27 15:07:00,SGBX
3.55,3.55,3.55,3.55,100,2021-09-27 15:25:00,SGBX
3.55,3.55,3.54,3.54,300,2021-09-27 15:27:00,SGBX
3.5447,3.5447,3.5447,3.5447,100,2021-09-27 15:46:00,SGBX
3.52,3.52,3.52,3.52,2500,2021-09-27 15:48:00,SGBX
3.52,3.52,3.52,3.52,600,2021-09-27 15:49:00,SGBX
3.52,3.52,3.52,3.52,2480,2021-09-27 15:50:00,SGBX
3.51,3.51,3.51,3.51,1100,2021-09-27 15:52:00,SGBX
3.51,3.5599,3.5,3.5599,2478,2021-09-27 15:54:00,SGBX
3.55,3.55,3.55,3.55,100,2021-09-27 15:59:00,SGBX
3.5562,3.5562,3.5562,3.5562,424,2021-09-27 16:01:00,SGBX
3.56,3.57,3.56,3.56,400,2021-09-27 16:09:00,SGBX
3.56,3.56,3.56,3.56,235,2021-09-27 16:10:00,SGBX
3.56,3.56,3.56,3.56,200,2021-09-27 16:16:00,SGBX
3.5307,3.5307,3.5307,3.5307,595,2021-09-27 16:23:00,SGBX
3.568,3.57,3.56,3.5691,1100,2021-09-27 16:36:00,SGBX
3.555,3.555,3.555,3.555,280,2021-09-27 16:37:00,SGBX
3.555,3.555,3.555,3.555,200,2021-09-27 16:42:00,SGBX
3.5699,3.5699,3.5699,3.5699,200,2021-09-27 16:45:00,SGBX
3.55,3.55,3.55,3.55,251,2021-09-27 16:50:00,SGBX
3.5863,3.5863,3.5863,3.5863,240,2021-09-27 16:55:00,SGBX
3.59,3.59,3.59,3.59,100,2021-09-27 17:06:00,SGBX
3.56,3.56,3.56,3.56,100,2021-09-27 17:21:00,SGBX
3.5799,3.5799,3.5799,3.5799,7000,2021-09-27 17:24:00,SGBX
3.58,3.58,3.58,3.58,100,2021-09-27 17:25:00,SGBX
3.58,3.58,3.58,3.58,100,2021-09-27 17:26:00,SGBX
3.5956,3.5956,3.5956,3.5956,100,2021-09-27 17:31:00,SGBX
3.58,3.59,3.58,3.59,300,2021-09-27 17:55:00,SGBX
3.59,3.59,3.59,3.59,100,2021-09-27 18:04:00,SGBX
3.6,3.6,3.58,3.5845,300,2021-09-27 18:05:00,SGBX
3.5898,3.5898,3.5898,3.5898,1644,2021-09-27 18:11:00,SGBX
3.59,3.5901,3.58,3.59,1500,2021-09-27 18:21:00,SGBX
3.5899,3.5899,3.5899,3.5899,100,2021-09-27 18:26:00,SGBX
3.59,3.59,3.59,3.59,300,2021-09-27 18:46:00,SGBX
3.5873,3.5873,3.5873,3.5873,100,2021-09-27 18:54:00,SGBX
3.585,3.585,3.585,3.585,100,2021-09-27 19:04:00,SGBX
3.59,3.59,3.59,3.59,270,2021-09-27 19:47:00,SGBX
3.5809,3.5809,3.5809,3.5809,100,2021-09-27 19:49:00,SGBX
3.59,3.59,3.59,3.59,100,2021-09-27 19:50:00,SGBX
3.5817,3.585,3.58,3.58,2655,2021-09-27 19:51:00,SGBX
3.58,3.58,3.58,3.58,200,2021-09-27 19:52:00,SGBX
3.565,3.565,3.55,3.55,1300,2021-09-27 19:57:00,SGBX
3.53,3.53,3.53,3.53,400,2021-09-27 19:58:00,SGBX
3.57,3.57,3.56,3.56,200,2021-09-27 19:59:00,SGBX
3.56,3.56,3.56,3.56,279,2021-09-27 20:00:00,SGBX
3.51,3.51,3.51,3.51,700,2021-09-28 13:30:00,SGBX
3.51,3.51,3.51,3.51,100,2021-09-28 13:31:00,SGBX
3.51,3.51,3.51,3.51,100,2021-09-28 13:42:00,SGBX
3.5,3.5,3.48,3.48,439,2021-09-28 13:48:00,SGBX
3.49,3.49,3.49,3.49,300,2021-09-28 13:51:00,SGBX
3.43,3.4446,3.43,3.4446,200,2021-09-28 14:05:00,SGBX
3.44,3.44,3.44,3.44,100,2021-09-28 14:06:00,SGBX
3.459,3.459,3.459,3.459,1000,2021-09-28 14:11:00,SGBX
3.458,3.458,3.458,3.458,200,2021-09-28 14:13:00,SGBX
3.458,3.458,3.458,3.458,230,2021-09-28 14:14:00,SGBX
3.4147,3.4147,3.4147,3.4147,250,2021-09-28 14:19:00,SGBX
3.41,3.41,3.41,3.41,196,2021-09-28 14:20:00,SGBX
3.4101,3.4101,3.4101,3.4101,1093,2021-09-28 14:23:00,SGBX
3.43,3.43,3.39,3.39,500,2021-09-28 14:26:00,SGBX
3.3968,3.3968,3.3968,3.3968,255,2021-09-28 14:35:00,SGBX
3.45,3.45,3.45,3.45,100,2021-09-28 14:37:00,SGBX
3.455,3.455,3.455,3.455,129,2021-09-28 14:51:00,SGBX
3.44,3.46,3.44,3.46,550,2021-09-28 14:59:00,SGBX
3.43,3.43,3.43,3.43,350,2021-09-28 15:01:00,SGBX
3.4659,3.4659,3.39,3.39,9990,2021-09-28 15:08:00,SGBX
3.3856,3.3856,3.3856,3.3856,188,2021-09-28 15:24:00,SGBX
3.38,3.38,3.38,3.38,200,2021-09-28 15:29:00,SGBX
3.43,3.43,3.43,3.43,100,2021-09-28 15:32:00,SGBX
3.43,3.43,3.43,3.43,1000,2021-09-28 15:39:00,SGBX
3.4001,3.44,3.4,3.44,2200,2021-09-28 15:49:00,SGBX
3.44,3.44,3.44,3.44,100,2021-09-28 16:04:00,SGBX
3.42,3.42,3.42,3.42,200,2021-09-28 16:09:00,SGBX
3.42,3.42,3.42,3.42,3670,2021-09-28 16:12:00,SGBX
3.4542,3.4542,3.4542,3.4542,100,2021-09-28 16:30:00,SGBX
3.4585,3.4585,3.4585,3.4585,100,2021-09-28 16:34:00,SGBX
3.4262,3.4262,3.4262,3.4262,132,2021-09-28 16:36:00,SGBX
3.4693,3.47,3.4693,3.47,500,2021-09-28 16:49:00,SGBX
3.45,3.45,3.45,3.45,100,2021-09-28 16:52:00,SGBX
3.463,3.463,3.463,3.463,100,2021-09-28 17:01:00,SGBX
3.42,3.42,3.42,3.42,400,2021-09-28 17:13:00,SGBX
3.4039,3.4039,3.4039,3.4039,500,2021-09-28 17:15:00,SGBX
3.44,3.44,3.44,3.44,200,2021-09-28 17:32:00,SGBX
3.44,3.44,3.41,3.41,1800,2021-09-28 17:33:00,SGBX
3.4443,3.4443,3.4443,3.4443,145,2021-09-28 17:36:00,SGBX
3.41,3.41,3.41,3.41,700,2021-09-28 17:51:00,SGBX
3.45,3.45,3.45,3.45,100,2021-09-28 18:14:00,SGBX
3.41,3.41,3.41,3.41,210,2021-09-28 18:39:00,SGBX
3.45,3.45,3.45,3.45,200,2021-09-28 18:43:00,SGBX
3.45,3.45,3.45,3.45,264,2021-09-28 18:54:00,SGBX
3.43,3.43,3.43,3.43,717,2021-09-28 19:00:00,SGBX
3.42,3.425,3.41,3.41,2370,2021-09-28 19:03:00,SGBX
3.42,3.42,3.4,3.4,1626,2021-09-28 19:06:00,SGBX
3.42,3.42,3.42,3.42,140,2021-09-28 19:08:00,SGBX
3.4271,3.4271,3.4271,3.4271,1000,2021-09-28 19:27:00,SGBX
3.4168,3.4168,3.4168,3.4168,1000,2021-09-28 19:36:00,SGBX
3.4187,3.4187,3.4187,3.4187,366,2021-09-28 19:40:00,SGBX
3.41,3.41,3.41,3.41,165,2021-09-28 19:46:00,SGBX
3.4,3.4,3.4,3.4,3402,2021-09-28 19:47:00,SGBX
3.4,3.4,3.4,3.4,7649,2021-09-28 19:48:00,SGBX
3.3999,3.3999,3.3999,3.3999,582,2021-09-28 19:54:00,SGBX
3.38,3.38,3.378,3.378,595,2021-09-28 19:55:00,SGBX
3.3614,3.3614,3.3614,3.3614,136,2021-09-28 19:57:00,SGBX
3.37,3.37,3.35,3.35,651,2021-09-28 19:58:00,SGBX
3.35,3.36,3.35,3.35,557,2021-09-28 19:59:00,SGBX
3.38,3.38,3.38,3.38,451,2021-09-28 20:00:00,SGBX
3.35,3.35,3.35,3.35,100,2021-09-28 20:04:00,SGBX
3.38,3.38,3.38,3.38,100,2021-09-28 20:17:00,SGBX
3.37,3.37,3.315,3.33,1081,2021-09-29 13:30:00,SGBX
3.4319,3.4319,3.4319,3.4319,150,2021-09-29 13:32:00,SGBX
3.4328,3.4328,3.4328,3.4328,295,2021-09-29 13:34:00,SGBX
3.41,3.41,3.41,3.41,200,2021-09-29 13:37:00,SGBX
3.4,3.4,3.4,3.4,115,2021-09-29 13:40:00,SGBX
3.385,3.385,3.385,3.385,100,2021-09-29 13:53:00,SGBX
3.385,3.385,3.385,3.385,200,2021-09-29 13:56:00,SGBX
3.385,3.4,3.29,3.33,3589,2021-09-29 13:59:00,SGBX
3.34,3.34,3.33,3.33,2443,2021-09-29 14:00:00,SGBX
3.306,3.306,3.3049,3.3049,484,2021-09-29 14:01:00,SGBX
3.3468,3.3468,3.3468,3.3468,1000,2021-09-29 14:02:00,SGBX
3.3,3.3,3.3,3.3,248,2021-09-29 14:03:00,SGBX
3.3394,3.3394,3.325,3.325,600,2021-09-29 14:06:00,SGBX
3.3048,3.3048,3.3048,3.3048,300,2021-09-29 14:07:00,SGBX
3.32,3.32,3.32,3.32,2117,2021-09-29 14:09:00,SGBX
3.3089,3.3089,3.29,3.3,2518,2021-09-29 14:11:00,SGBX
3.2911,3.2911,3.2911,3.2911,366,2021-09-29 14:13:00,SGBX
3.29,3.2982,3.29,3.2982,200,2021-09-29 14:14:00,SGBX
3.29,3.29,3.29,3.29,500,2021-09-29 14:17:00,SGBX
3.2983,3.3,3.2983,3.3,8033,2021-09-29 14:19:00,SGBX
3.3001,3.3001,3.3001,3.3001,4300,2021-09-29 14:21:00,SGBX
3.35,3.3624,3.35,3.3624,1000,2021-09-29 14:24:00,SGBX
3.3639,3.38,3.3639,3.3662,3676,2021-09-29 14:26:00,SGBX
3.3765,3.3765,3.3765,3.3765,200,2021-09-29 14:27:00,SGBX
3.365,3.38,3.365,3.38,1896,2021-09-29 14:28:00,SGBX
3.38,3.38,3.38,3.38,104,2021-09-29 14:30:00,SGBX
3.36,3.36,3.3482,3.3482,1380,2021-09-29 14:31:00,SGBX
3.35,3.35,3.35,3.35,3000,2021-09-29 14:32:00,SGBX
3.3726,3.3992,3.3726,3.3992,600,2021-09-29 14:34:00,SGBX
3.4,3.4,3.37,3.4,350,2021-09-29 14:35:00,SGBX
3.3887,3.3887,3.3887,3.3887,250,2021-09-29 14:37:00,SGBX
3.3849,3.3849,3.3849,3.3849,200,2021-09-29 14:55:00,SGBX
3.3765,3.3765,3.3765,3.3765,100,2021-09-29 14:57:00,SGBX
3.38,3.38,3.38,3.38,100,2021-09-29 15:06:00,SGBX
3.365,3.365,3.365,3.365,100,2021-09-29 15:26:00,SGBX
3.365,3.365,3.365,3.365,210,2021-09-29 15:31:00,SGBX
3.35,3.35,3.3,3.3,2280,2021-09-29 15:36:00,SGBX
3.364,3.364,3.364,3.364,100,2021-09-29 15:40:00,SGBX
3.37,3.37,3.37,3.37,100,2021-09-29 15:41:00,SGBX
3.33,3.33,3.33,3.33,100,2021-09-29 15:47:00,SGBX
3.3615,3.3615,3.36,3.36,200,2021-09-29 15:50:00,SGBX
3.37,3.37,3.37,3.37,300,2021-09-29 15:55:00,SGBX
3.345,3.345,3.345,3.345,2000,2021-09-29 16:12:00,SGBX
3.32,3.33,3.32,3.33,400,2021-09-29 16:20:00,SGBX
3.315,3.315,3.315,3.315,150,2021-09-29 16:23:00,SGBX
3.31,3.31,3.31,3.31,300,2021-09-29 16:29:00,SGBX
3.3,3.3,3.3,3.3,500,2021-09-29 16:32:00,SGBX
3.31,3.31,3.31,3.31,206,2021-09-29 16:34:00,SGBX
3.3019,3.3019,3.3019,3.3019,150,2021-09-29 16:46:00,SGBX
3.305,3.305,3.3,3.3,714,2021-09-29 16:48:00,SGBX
3.3,3.3,3.3,3.3,1278,2021-09-29 16:51:00,SGBX
3.28,3.28,3.28,3.28,200,2021-09-29 17:01:00,SGBX
3.29,3.29,3.29,3.29,100,2021-09-29 17:06:00,SGBX
3.2901,3.295,3.29,3.29,1296,2021-09-29 17:12:00,SGBX
3.28,3.28,3.28,3.28,500,2021-09-29 17:15:00,SGBX
3.2886,3.29,3.2886,3.29,200,2021-09-29 17:16:00,SGBX
3.28,3.285,3.2392,3.2392,14898,2021-09-29 17:26:00,SGBX
3.2499,3.2499,3.22,3.22,6747,2021-09-29 17:27:00,SGBX
3.22,3.22,3.22,3.22,326,2021-09-29 17:29:00,SGBX
3.2034,3.2034,3.2034,3.2034,334,2021-09-29 17:32:00,SGBX
3.2261,3.2261,3.2261,3.2261,150,2021-09-29 17:33:00,SGBX
3.2277,3.2277,3.22,3.22,600,2021-09-29 17:34:00,SGBX
3.215,3.215,3.215,3.215,300,2021-09-29 17:36:00,SGBX
3.23,3.23,3.23,3.23,1000,2021-09-29 17:38:00,SGBX
3.2747,3.2747,3.2747,3.2747,200,2021-09-29 17:40:00,SGBX
3.2899,3.2899,3.2809,3.2809,600,2021-09-29 17:44:00,SGBX
3.2855,3.2855,3.2855,3.2855,799,2021-09-29 17:51:00,SGBX
3.2782,3.2782,3.2782,3.2782,800,2021-09-29 17:57:00,SGBX
3.26,3.26,3.26,3.26,300,2021-09-29 18:03:00,SGBX
3.2773,3.278,3.2764,3.278,1950,2021-09-29 18:20:00,SGBX
3.2784,3.2784,3.2784,3.2784,500,2021-09-29 18:21:00,SGBX
3.2682,3.2682,3.2682,3.2682,3000,2021-09-29 18:23:00,SGBX
3.2799,3.2799,3.2799,3.2799,111,2021-09-29 18:26:00,SGBX
3.27,3.27,3.27,3.27,305,2021-09-29 18:32:00,SGBX
3.26,3.26,3.26,3.26,1185,2021-09-29 18:36:00,SGBX
3.24,3.24,3.24,3.24,399,2021-09-29 18:38:00,SGBX
3.23,3.23,3.23,3.23,2402,2021-09-29 18:45:00,SGBX
3.2206,3.2206,3.2206,3.2206,1000,2021-09-29 18:57:00,SGBX
3.22,3.22,3.22,3.22,100,2021-09-29 18:59:00,SGBX
3.21,3.2244,3.21,3.2244,1185,2021-09-29 19:05:00,SGBX
3.22,3.22,3.22,3.22,700,2021-09-29 19:12:00,SGBX
3.22,3.22,3.22,3.22,100,2021-09-29 19:14:00,SGBX
3.215,3.215,3.215,3.215,150,2021-09-29 19:18:00,SGBX
3.22,3.22,3.22,3.22,175,2021-09-29 19:21:00,SGBX
3.2199,3.2199,3.2,3.2,3773,2021-09-29 19:29:00,SGBX
3.2171,3.22,3.2171,3.22,300,2021-09-29 19:38:00,SGBX
3.2173,3.2182,3.2173,3.2182,200,2021-09-29 19:39:00,SGBX
3.2184,3.2184,3.21,3.21,400,2021-09-29 19:40:00,SGBX
3.21,3.21,3.205,3.2099,1572,2021-09-29 19:41:00,SGBX
3.205,3.2073,3.205,3.2073,1100,2021-09-29 19:42:00,SGBX
3.2073,3.2073,3.2073,3.2073,100,2021-09-29 19:43:00,SGBX
3.2088,3.2088,3.2088,3.2088,100,2021-09-29 19:44:00,SGBX
3.2099,3.2099,3.2099,3.2099,400,2021-09-29 19:46:00,SGBX
3.21,3.23,3.21,3.23,1800,2021-09-29 19:49:00,SGBX
3.23,3.23,3.229,3.23,384,2021-09-29 19:50:00,SGBX
3.22,3.22,3.22,3.22,100,2021-09-29 19:52:00,SGBX
3.22,3.22,3.22,3.22,200,2021-09-29 19:53:00,SGBX
3.21,3.21,3.21,3.21,287,2021-09-29 19:54:00,SGBX
3.22,3.22,3.21,3.21,691,2021-09-29 19:59:00,SGBX
3.21,3.21,3.21,3.21,200,2021-09-29 20:00:00,SGBX
3.22,3.22,3.22,3.22,100,2021-09-29 22:08:00,SGBX
3.22,3.22,3.22,3.22,1944,2021-09-30 11:28:00,SGBX
3.22,3.22,3.22,3.22,100,2021-09-30 11:35:00,SGBX
3.21,3.21,3.21,3.21,1980,2021-09-30 11:42:00,SGBX
3.22,3.22,3.21,3.21,2395,2021-09-30 11:50:00,SGBX
3.3,3.3,3.3,3.3,100,2021-09-30 13:19:00,SGBX
3.21,3.29,3.2,3.29,4352,2021-09-30 13:30:00,SGBX
3.2157,3.2157,3.201,3.201,1786,2021-09-30 13:32:00,SGBX
3.21,3.21,3.21,3.21,6000,2021-09-30 13:33:00,SGBX
3.25,3.25,3.25,3.25,100,2021-09-30 13:34:00,SGBX
3.26,3.26,3.26,3.26,100,2021-09-30 13:36:00,SGBX
3.2433,3.2433,3.2433,3.2433,200,2021-09-30 13:40:00,SGBX
3.2014,3.2014,3.2014,3.2014,512,2021-09-30 13:42:00,SGBX
3.1945,3.1945,3.1945,3.1945,500,2021-09-30 13:43:00,SGBX
3.2358,3.2358,3.2358,3.2358,250,2021-09-30 13:47:00,SGBX
3.1962,3.1962,3.1962,3.1962,188,2021-09-30 13:50:00,SGBX
3.2453,3.2453,3.1945,3.22,2000,2021-09-30 13:52:00,SGBX
3.2031,3.2031,3.2031,3.2031,500,2021-09-30 13:55:00,SGBX
3.21,3.21,3.21,3.21,886,2021-09-30 14:07:00,SGBX
3.2025,3.2025,3.2025,3.2025,500,2021-09-30 14:12:00,SGBX
3.22,3.22,3.22,3.22,150,2021-09-30 14:15:00,SGBX
3.2496,3.2496,3.2496,3.2496,1000,2021-09-30 14:19:00,SGBX
3.243,3.249,3.243,3.249,300,2021-09-30 14:22:00,SGBX
3.23,3.23,3.23,3.23,100,2021-09-30 14:25:00,SGBX
3.2122,3.2122,3.2122,3.2122,200,2021-09-30 14:27:00,SGBX
3.21,3.21,3.21,3.21,190,2021-09-30 14:28:00,SGBX
3.211,3.211,3.2005,3.2005,2400,2021-09-30 14:29:00,SGBX
3.2039,3.2039,3.2039,3.2039,500,2021-09-30 14:30:00,SGBX
3.2059,3.21,3.2059,3.21,1065,2021-09-30 14:39:00,SGBX
3.21,3.21,3.21,3.21,669,2021-09-30 14:42:00,SGBX
3.2499,3.2499,3.2499,3.2499,1000,2021-09-30 14:50:00,SGBX
3.2499,3.2499,3.2499,3.2499,1000,2021-09-30 14:52:00,SGBX
3.2,3.2,3.2,3.2,1455,2021-09-30 15:01:00,SGBX
3.2371,3.2371,3.2371,3.2371,1000,2021-09-30 15:02:00,SGBX
3.22,3.22,3.22,3.22,100,2021-09-30 15:04:00,SGBX
3.22,3.22,3.22,3.22,301,2021-09-30 15:08:00,SGBX
3.22,3.22,3.22,3.22,100,2021-09-30 15:10:00,SGBX
3.22,3.22,3.22,3.22,600,2021-09-30 15:16:00,SGBX
3.24,3.24,3.24,3.24,1000,2021-09-30 15:17:00,SGBX
3.2499,3.2499,3.2499,3.2499,2300,2021-09-30 15:31:00,SGBX
3.22,3.22,3.22,3.22,288,2021-09-30 15:34:00,SGBX
3.2,3.2,3.2,3.2,257,2021-09-30 15:38:00,SGBX
3.1801,3.1801,3.1801,3.1801,200,2021-09-30 15:39:00,SGBX
3.1999,3.1999,3.1999,3.1999,101,2021-09-30 15:43:00,SGBX
3.19,3.2,3.19,3.2,200,2021-09-30 15:48:00,SGBX
3.1806,3.1806,3.18,3.18,2221,2021-09-30 15:49:00,SGBX
3.18,3.1801,3.18,3.1801,200,2021-09-30 15:51:00,SGBX
3.2073,3.2073,3.2073,3.2073,300,2021-09-30 15:53:00,SGBX
3.1811,3.1811,3.1811,3.1811,300,2021-09-30 16:06:00,SGBX
3.2,3.2,3.2,3.2,490,2021-09-30 16:11:00,SGBX
3.2,3.2,3.2,3.2,1000,2021-09-30 16:15:00,SGBX
3.19,3.19,3.19,3.19,200,2021-09-30 16:22:00,SGBX
3.16,3.16,3.16,3.16,4122,2021-09-30 16:23:00,SGBX
3.16,3.16,3.16,3.16,500,2021-09-30 16:26:00,SGBX
3.16,3.16,3.16,3.16,300,2021-09-30 16:28:00,SGBX
3.16,3.2099,3.16,3.2099,1200,2021-09-30 16:29:00,SGBX
3.16,3.16,3.16,3.16,144,2021-09-30 16:31:00,SGBX
3.1967,3.1967,3.1967,3.1967,500,2021-09-30 16:41:00,SGBX
3.18,3.18,3.18,3.18,102,2021-09-30 16:52:00,SGBX
3.18,3.18,3.18,3.18,200,2021-09-30 17:00:00,SGBX
3.17,3.17,3.17,3.17,2347,2021-09-30 17:13:00,SGBX
3.19,3.19,3.19,3.19,200,2021-09-30 17:24:00,SGBX
3.1899,3.1899,3.1899,3.1899,100,2021-09-30 17:36:00,SGBX
3.1775,3.1775,3.1775,3.1775,150,2021-09-30 17:37:00,SGBX
3.175,3.175,3.175,3.175,100,2021-09-30 17:39:00,SGBX
3.175,3.175,3.175,3.175,200,2021-09-30 17:44:00,SGBX
3.1656,3.1656,3.1656,3.1656,100,2021-09-30 17:49:00,SGBX
3.16,3.16,3.16,3.16,100,2021-09-30 17:57:00,SGBX
3.1652,3.1652,3.1652,3.1652,100,2021-09-30 18:16:00,SGBX
3.18,3.18,3.18,3.18,4100,2021-09-30 18:18:00,SGBX
3.19,3.19,3.19,3.19,1031,2021-09-30 18:20:00,SGBX
3.19,3.19,3.19,3.19,200,2021-09-30 18:21:00,SGBX
3.2217,3.2217,3.2217,3.2217,835,2021-09-30 18:22:00,SGBX
3.2269,3.2269,3.2269,3.2269,500,2021-09-30 18:26:00,SGBX
3.2299,3.2299,3.2299,3.2299,300,2021-09-30 18:37:00,SGBX
3.2244,3.2244,3.2244,3.2244,100,2021-09-30 18:42:00,SGBX
3.2299,3.2299,3.2299,3.2299,100,2021-09-30 18:59:00,SGBX
3.2025,3.2025,3.2025,3.2025,450,2021-09-30 19:00:00,SGBX
3.2001,3.2001,3.2001,3.2001,100,2021-09-30 19:01:00,SGBX
3.23,3.23,3.23,3.23,925,2021-09-30 19:04:00,SGBX
3.24,3.25,3.24,3.25,600,2021-09-30 19:05:00,SGBX
3.26,3.26,3.26,3.26,201,2021-09-30 19:12:00,SGBX
3.255,3.255,3.255,3.255,200,2021-09-30 19:15:00,SGBX
3.255,3.255,3.255,3.255,100,2021-09-30 19:16:00,SGBX
3.26,3.26,3.26,3.26,100,2021-09-30 19:18:00,SGBX
3.244,3.244,3.244,3.244,150,2021-09-30 19:19:00,SGBX
3.2402,3.255,3.2402,3.255,750,2021-09-30 19:20:00,SGBX
3.245,3.245,3.245,3.245,100,2021-09-30 19:31:00,SGBX
3.25,3.25,3.25,3.25,600,2021-09-30 19:32:00,SGBX
3.2301,3.25,3.2301,3.25,1000,2021-09-30 19:45:00,SGBX
3.25,3.25,3.25,3.25,100,2021-09-30 19:51:00,SGBX
3.2543,3.2543,3.2543,3.2543,100,2021-09-30 19:58:00,SGBX
3.27,3.27,3.24,3.24,200,2021-09-30 19:59:00,SGBX
3.27,3.27,3.27,3.27,127,2021-09-30 20:00:00,SGBX
3.27,3.27,3.27,3.27,100,2021-09-30 20:12:00,SGBX
3.2721,3.2721,3.2721,3.2721,100,2021-09-30 20:23:00,SGBX
3.27,3.27,3.27,3.27,100,2021-09-30 20:27:00,SGBX
3.27,3.27,3.27,3.27,100,2021-09-30 21:58:00,SGBX
3.28,3.28,3.28,3.28,267,2021-10-01 13:30:00,SGBX
3.29,3.29,3.29,3.29,500,2021-10-01 13:37:00,SGBX
3.25,3.25,3.25,3.25,100,2021-10-01 13:44:00,SGBX
3.26,3.26,3.26,3.26,300,2021-10-01 13:45:00,SGBX
3.26,3.26,3.26,3.26,1106,2021-10-01 13:46:00,SGBX
3.2719,3.2719,3.2719,3.2719,904,2021-10-01 13:52:00,SGBX
3.26,3.26,3.26,3.26,300,2021-10-01 13:55:00,SGBX
3.26,3.3,3.26,3.3,201,2021-10-01 14:09:00,SGBX
3.27,3.27,3.27,3.27,300,2021-10-01 14:15:00,SGBX
3.27,3.27,3.27,3.27,100,2021-10-01 14:18:00,SGBX
3.27,3.27,3.27,3.27,200,2021-10-01 14:20:00,SGBX
3.26,3.26,3.26,3.26,200,2021-10-01 14:32:00,SGBX
3.26,3.26,3.25,3.25,1100,2021-10-01 14:40:00,SGBX
3.2989,3.2989,3.2989,3.2989,137,2021-10-01 14:42:00,SGBX
3.2735,3.2735,3.2735,3.2735,100,2021-10-01 14:50:00,SGBX
3.3,3.3,3.3,3.3,127,2021-10-01 15:00:00,SGBX
3.2664,3.2664,3.2664,3.2664,100,2021-10-01 15:04:00,SGBX
3.285,3.285,3.285,3.285,750,2021-10-01 15:21:00,SGBX
3.2909,3.2909,3.2909,3.2909,100,2021-10-01 15:32:00,SGBX
3.2816,3.2816,3.2816,3.2816,100,2021-10-01 15:45:00,SGBX
3.29,3.29,3.29,3.29,100,2021-10-01 15:47:00,SGBX
3.2926,3.2926,3.2926,3.2926,2500,2021-10-01 16:02:00,SGBX
3.295,3.295,3.295,3.295,400,2021-10-01 16:06:00,SGBX
3.2991,3.2991,3.2991,3.2991,108,2021-10-01 16:08:00,SGBX
3.29,3.29,3.29,3.29,300,2021-10-01 16:09:00,SGBX
3.29,3.29,3.29,3.29,560,2021-10-01 16:39:00,SGBX
3.285,3.285,3.285,3.285,156,2021-10-01 16:41:00,SGBX
3.3,3.3,3.3,3.3,1183,2021-10-01 16:58:00,SGBX
3.3,3.35,3.3,3.35,8607,2021-10-01 17:10:00,SGBX
3.3246,3.3246,3.3246,3.3246,208,2021-10-01 17:56:00,SGBX
3.335,3.335,3.335,3.335,600,2021-10-01 18:07:00,SGBX
3.32,3.32,3.32,3.32,109,2021-10-01 18:14:00,SGBX
3.3201,3.3201,3.3201,3.3201,145,2021-10-01 18:15:00,SGBX
3.35,3.4,3.35,3.4,437,2021-10-01 18:25:00,SGBX
3.41,3.41,3.41,3.41,200,2021-10-01 18:44:00,SGBX
3.4105,3.4105,3.4105,3.4105,642,2021-10-01 18:46:00,SGBX
3.412,3.412,3.412,3.412,1040,2021-10-01 18:51:00,SGBX
3.4201,3.44,3.4201,3.44,4300,2021-10-01 19:01:00,SGBX
3.43,3.43,3.43,3.43,200,2021-10-01 19:03:00,SGBX
3.43,3.43,3.43,3.43,100,2021-10-01 19:05:00,SGBX
3.42,3.42,3.42,3.42,754,2021-10-01 19:10:00,SGBX
3.42,3.42,3.42,3.42,394,2021-10-01 19:11:00,SGBX
3.42,3.42,3.42,3.42,200,2021-10-01 19:27:00,SGBX
3.42,3.42,3.42,3.42,285,2021-10-01 19:29:00,SGBX
3.405,3.405,3.4,3.4,500,2021-10-01 19:37:00,SGBX
3.4081,3.4081,3.4081,3.4081,400,2021-10-01 19:39:00,SGBX
3.4,3.4,3.4,3.4,100,2021-10-01 19:40:00,SGBX
3.36,3.37,3.36,3.36,608,2021-10-01 19:59:00,SGBX
3.38,3.38,3.38,3.38,327,2021-10-01 20:00:00,SGBX
3.46,3.46,3.46,3.46,600,2021-10-01 20:12:00,SGBX
3.45,3.45,3.45,3.45,170,2021-10-01 22:58:00,SGBX
