open,high,low,close,volume,datetime,symbol
2.99,2.99,2.99,2.99,100,2021-06-01 11:00:00,FLNT
2.91,2.91,2.91,2.91,100,2021-06-01 12:10:00,FLNT
2.9899,2.9899,2.9899,2.9899,668,2021-06-01 12:40:00,FLNT
2.99,2.99,2.99,2.99,150,2021-06-01 13:05:00,FLNT
2.93,2.955,2.93,2.9402,4783,2021-06-01 13:30:00,FLNT
2.94,2.95,2.94,2.95,973,2021-06-01 13:35:00,FLNT
2.97,2.9879,2.96,2.96,9407,2021-06-01 13:40:00,FLNT
2.96,2.96,2.94,2.94,4368,2021-06-01 13:45:00,FLNT
2.95,2.9501,2.93,2.95,7104,2021-06-01 13:50:00,FLNT
2.95,2.978,2.945,2.978,4690,2021-06-01 13:55:00,FLNT
2.975,2.99,2.97,2.985,4882,2021-06-01 14:00:00,FLNT
2.98,2.985,2.97,2.985,12950,2021-06-01 14:05:00,FLNT
2.985,2.985,2.9719,2.975,5143,2021-06-01 14:10:00,FLNT
2.9725,2.975,2.965,2.97,4338,2021-06-01 14:15:00,FLNT
2.975,2.98,2.9714,2.98,2627,2021-06-01 14:20:00,FLNT
2.985,2.99,2.981,2.99,3412,2021-06-01 14:25:00,FLNT
2.995,3.01,2.995,3.005,5146,2021-06-01 14:30:00,FLNT
3.01,3.01,2.99,2.99,17600,2021-06-01 14:35:00,FLNT
2.99,2.9989,2.981,2.995,5910,2021-06-01 14:40:00,FLNT
2.99,2.995,2.98,2.98,11505,2021-06-01 14:45:00,FLNT
2.9799,2.995,2.975,2.995,13792,2021-06-01 14:50:00,FLNT
3.0,3.0,2.97,2.98,43201,2021-06-01 14:55:00,FLNT
2.985,2.985,2.98,2.98,2100,2021-06-01 15:00:00,FLNT
2.98,2.985,2.97,2.98,7061,2021-06-01 15:05:00,FLNT
2.97,2.975,2.97,2.97,1300,2021-06-01 15:10:00,FLNT
2.98,2.99,2.98,2.99,14114,2021-06-01 15:15:00,FLNT
2.9822,2.99,2.98,2.98,528,2021-06-01 15:20:00,FLNT
2.985,2.985,2.98,2.985,900,2021-06-01 15:25:00,FLNT
2.99,2.99,2.985,2.985,1809,2021-06-01 15:30:00,FLNT
2.98,2.985,2.98,2.985,6322,2021-06-01 15:35:00,FLNT
2.985,2.985,2.98,2.985,5400,2021-06-01 15:40:00,FLNT
2.98,2.99,2.98,2.9889,1140,2021-06-01 15:45:00,FLNT
2.98,2.985,2.98,2.98,300,2021-06-01 15:50:00,FLNT
2.988,2.988,2.98,2.98,945,2021-06-01 15:55:00,FLNT
2.98,2.98,2.97,2.975,1457,2021-06-01 16:00:00,FLNT
2.975,2.975,2.97,2.975,400,2021-06-01 16:05:00,FLNT
2.97,2.97,2.97,2.97,100,2021-06-01 16:10:00,FLNT
2.975,2.975,2.975,2.975,100,2021-06-01 16:15:00,FLNT
2.97,2.98,2.97,2.978,875,2021-06-01 16:20:00,FLNT
2.97,2.98,2.97,2.977,850,2021-06-01 16:25:00,FLNT
2.97,2.9779,2.97,2.97,568,2021-06-01 16:30:00,FLNT
2.97,2.975,2.97,2.975,200,2021-06-01 16:35:00,FLNT
2.98,2.98,2.98,2.98,11900,2021-06-01 16:40:00,FLNT
2.985,2.99,2.98,2.99,3955,2021-06-01 16:45:00,FLNT
2.99,2.99,2.985,2.99,2500,2021-06-01 16:50:00,FLNT
2.99,2.99,2.981,2.99,13600,2021-06-01 16:55:00,FLNT
2.99,2.99,2.97,2.97,3800,2021-06-01 17:00:00,FLNT
2.97,2.985,2.97,2.98,2646,2021-06-01 17:05:00,FLNT
2.985,2.985,2.98,2.98,2092,2021-06-01 17:10:00,FLNT
2.985,2.985,2.98,2.985,863,2021-06-01 17:15:00,FLNT
2.98,2.985,2.98,2.985,400,2021-06-01 17:20:00,FLNT
2.99,3.01,2.985,3.005,11660,2021-06-01 17:25:00,FLNT
3.005,3.01,3.005,3.005,3680,2021-06-01 17:30:00,FLNT
3.01,3.015,3.01,3.015,700,2021-06-01 17:35:00,FLNT
3.01,3.015,3.01,3.01,2499,2021-06-01 17:40:00,FLNT
3.009,3.01,3.0,3.01,3815,2021-06-01 17:45:00,FLNT
3.015,3.02,3.01,3.015,1804,2021-06-01 17:50:00,FLNT
3.015,3.02,3.0101,3.015,6125,2021-06-01 17:55:00,FLNT
3.01,3.01,3.0,3.005,3205,2021-06-01 18:00:00,FLNT
3.0,3.005,2.99,3.005,2601,2021-06-01 18:05:00,FLNT
3.0014,3.01,3.0014,3.01,1402,2021-06-01 18:10:00,FLNT
3.0099,3.01,3.0,3.0,1878,2021-06-01 18:15:00,FLNT
3.01,3.01,3.0,3.005,10200,2021-06-01 18:20:00,FLNT
3.0,3.0015,3.0,3.0,1019,2021-06-01 18:25:00,FLNT
3.008,3.008,3.0,3.0,1864,2021-06-01 18:30:00,FLNT
3.005,3.005,3.0,3.005,1500,2021-06-01 18:35:00,FLNT
3.01,3.01,3.0,3.0,200,2021-06-01 18:40:00,FLNT
3.005,3.005,3.0,3.0,200,2021-06-01 18:45:00,FLNT
3.0,3.005,3.0,3.0,500,2021-06-01 18:50:00,FLNT
3.0,3.01,3.0,3.01,1657,2021-06-01 18:55:00,FLNT
3.01,3.015,3.01,3.015,2320,2021-06-01 19:00:00,FLNT
3.0199,3.0199,3.01,3.01,3667,2021-06-01 19:05:00,FLNT
3.015,3.015,3.01,3.01,1700,2021-06-01 19:10:00,FLNT
3.01,3.01,3.01,3.01,400,2021-06-01 19:15:00,FLNT
3.0,3.005,3.0,3.005,1810,2021-06-01 19:20:00,FLNT
3.005,3.005,3.0,3.0,1700,2021-06-01 19:25:00,FLNT
3.0099,3.0099,2.995,2.995,1050,2021-06-01 19:30:00,FLNT
3.0,3.005,3.0,3.005,1100,2021-06-01 19:35:00,FLNT
3.0,3.005,2.995,3.005,3553,2021-06-01 19:40:00,FLNT
3.0,3.01,3.0,3.0,450,2021-06-01 19:45:00,FLNT
3.0,3.01,3.0,3.0,7762,2021-06-01 19:50:00,FLNT
3.005,3.01,2.99,2.995,13864,2021-06-01 19:55:00,FLNT
2.99,2.99,2.99,2.99,31350,2021-06-01 20:00:00,FLNT
3.0299,3.0299,3.0299,3.0299,200,2021-06-01 20:45:00,FLNT
3.0119,3.0119,3.0119,3.0119,200,2021-06-01 20:55:00,FLNT
3.05,3.05,3.05,3.05,100,2021-06-02 11:45:00,FLNT
3.03,3.03,3.03,3.03,130,2021-06-02 13:15:00,FLNT
3.0,3.02,2.96,2.96,12787,2021-06-02 13:30:00,FLNT
2.97,2.985,2.96,2.9699,5882,2021-06-02 13:35:00,FLNT
2.97,2.99,2.97,2.98,2175,2021-06-02 13:40:00,FLNT
2.98,2.9878,2.965,2.9878,5300,2021-06-02 13:45:00,FLNT
2.98,2.98,2.98,2.98,300,2021-06-02 13:50:00,FLNT
2.99,2.99,2.95,2.9621,12928,2021-06-02 13:55:00,FLNT
2.96,2.975,2.96,2.975,3644,2021-06-02 14:00:00,FLNT
2.975,2.99,2.975,2.98,4300,2021-06-02 14:05:00,FLNT
2.98,2.98,2.9701,2.9701,3850,2021-06-02 14:10:00,FLNT
2.98,2.99,2.98,2.99,1001,2021-06-02 14:15:00,FLNT
2.99,2.99,2.99,2.99,541,2021-06-02 14:20:00,FLNT
2.9977,3.0,2.99,3.0,800,2021-06-02 14:25:00,FLNT
3.0,3.01,2.99,2.99,3823,2021-06-02 14:30:00,FLNT
2.98,2.98,2.975,2.975,2300,2021-06-02 14:35:00,FLNT
2.98,2.99,2.98,2.99,2266,2021-06-02 14:40:00,FLNT
3.0,3.0,2.99,2.99,500,2021-06-02 14:45:00,FLNT
3.0,3.0,2.99,2.995,1700,2021-06-02 14:50:00,FLNT
2.99,2.99,2.97,2.975,7036,2021-06-02 14:55:00,FLNT
2.97,2.98,2.97,2.975,1776,2021-06-02 15:00:00,FLNT
2.98,2.98,2.97,2.97,7791,2021-06-02 15:05:00,FLNT
2.97,2.975,2.96,2.96,1405,2021-06-02 15:10:00,FLNT
2.965,2.98,2.965,2.98,3699,2021-06-02 15:15:00,FLNT
2.98,2.99,2.98,2.99,2200,2021-06-02 15:20:00,FLNT
2.985,2.99,2.97,2.98,11002,2021-06-02 15:25:00,FLNT
2.975,2.98,2.97,2.975,1391,2021-06-02 15:30:00,FLNT
2.98,2.98,2.975,2.9788,935,2021-06-02 15:35:00,FLNT
2.98,2.99,2.98,2.99,6726,2021-06-02 15:40:00,FLNT
2.98,2.98,2.975,2.975,3163,2021-06-02 15:45:00,FLNT
2.975,2.98,2.975,2.98,2468,2021-06-02 15:50:00,FLNT
2.98,2.98,2.97,2.97,2098,2021-06-02 15:55:00,FLNT
2.9712,2.9712,2.96,2.96,1900,2021-06-02 16:00:00,FLNT
2.96,2.97,2.96,2.9614,2558,2021-06-02 16:05:00,FLNT
2.97,2.97,2.9601,2.9601,3550,2021-06-02 16:15:00,FLNT
2.96,2.96,2.9591,2.96,6412,2021-06-02 16:20:00,FLNT
2.96,2.965,2.955,2.965,1000,2021-06-02 16:25:00,FLNT
2.9684,2.97,2.9578,2.96,2139,2021-06-02 16:30:00,FLNT
2.9585,2.96,2.955,2.96,2884,2021-06-02 16:35:00,FLNT
2.97,2.97,2.97,2.97,100,2021-06-02 16:40:00,FLNT
2.97,2.97,2.955,2.96,1957,2021-06-02 16:45:00,FLNT
2.96,2.962,2.955,2.96,6009,2021-06-02 16:50:00,FLNT
2.96,2.96,2.95,2.96,2843,2021-06-02 16:55:00,FLNT
2.96,2.96,2.955,2.955,2600,2021-06-02 17:00:00,FLNT
2.9579,2.98,2.956,2.98,9640,2021-06-02 17:05:00,FLNT
2.975,2.975,2.95,2.96,5300,2021-06-02 17:10:00,FLNT
2.96,2.96,2.94,2.94,12527,2021-06-02 17:15:00,FLNT
2.94,2.94,2.925,2.925,9297,2021-06-02 17:20:00,FLNT
2.93,2.95,2.92,2.95,4390,2021-06-02 17:25:00,FLNT
2.945,2.945,2.94,2.941,2000,2021-06-02 17:30:00,FLNT
2.945,2.95,2.94,2.95,1826,2021-06-02 17:35:00,FLNT
2.94,2.94,2.93,2.94,2349,2021-06-02 17:40:00,FLNT
2.935,2.95,2.93,2.935,6637,2021-06-02 17:45:00,FLNT
2.94,2.96,2.94,2.96,26968,2021-06-02 17:50:00,FLNT
2.97,2.98,2.96,2.965,2600,2021-06-02 17:55:00,FLNT
2.965,2.98,2.965,2.98,1562,2021-06-02 18:00:00,FLNT
2.97,2.975,2.9687,2.9748,6481,2021-06-02 18:05:00,FLNT
2.975,2.975,2.96,2.96,1900,2021-06-02 18:10:00,FLNT
2.97,2.99,2.97,2.98,8000,2021-06-02 18:15:00,FLNT
2.975,2.99,2.975,2.985,3859,2021-06-02 18:20:00,FLNT
2.99,3.0,2.971,2.971,12351,2021-06-02 18:25:00,FLNT
2.975,2.99,2.971,2.975,9142,2021-06-02 18:30:00,FLNT
2.975,2.99,2.975,2.985,11620,2021-06-02 18:35:00,FLNT
2.9843,2.9843,2.97,2.9736,12803,2021-06-02 18:40:00,FLNT
2.98,2.98,2.96,2.96,11320,2021-06-02 18:45:00,FLNT
2.9619,2.9619,2.95,2.955,16612,2021-06-02 18:50:00,FLNT
2.955,2.97,2.955,2.967,16451,2021-06-02 18:55:00,FLNT
2.965,2.965,2.95,2.955,18857,2021-06-02 19:00:00,FLNT
2.955,2.96,2.955,2.96,8830,2021-06-02 19:05:00,FLNT
2.965,2.97,2.965,2.97,5047,2021-06-02 19:10:00,FLNT
2.97,2.98,2.97,2.9701,871,2021-06-02 19:15:00,FLNT
2.97,2.9792,2.97,2.97,4000,2021-06-02 19:20:00,FLNT
2.97,2.98,2.97,2.975,449,2021-06-02 19:25:00,FLNT
2.971,2.975,2.965,2.97,2555,2021-06-02 19:30:00,FLNT
2.965,2.97,2.965,2.97,1499,2021-06-02 19:35:00,FLNT
2.979,2.979,2.97,2.975,4150,2021-06-02 19:40:00,FLNT
2.975,2.975,2.975,2.975,100,2021-06-02 19:45:00,FLNT
2.98,2.99,2.975,2.99,8244,2021-06-02 19:50:00,FLNT
2.985,2.99,2.98,2.98,4624,2021-06-02 19:55:00,FLNT
2.99,2.99,2.95,2.95,18340,2021-06-02 20:00:00,FLNT
2.9601,2.9601,2.9601,2.9601,362,2021-06-02 20:20:00,FLNT
2.94,2.94,2.94,2.94,1000,2021-06-02 20:50:00,FLNT
2.94,2.94,2.94,2.94,150,2021-06-02 20:55:00,FLNT
2.9799,2.98,2.9799,2.98,1250,2021-06-02 21:10:00,FLNT
2.9,2.9,2.9,2.9,115,2021-06-03 12:35:00,FLNT
2.95,2.95,2.95,2.95,1000,2021-06-03 12:55:00,FLNT
2.95,2.95,2.95,2.95,1100,2021-06-03 13:00:00,FLNT
2.96,2.965,2.93,2.96,8089,2021-06-03 13:30:00,FLNT
2.97,2.975,2.9282,2.94,8740,2021-06-03 13:35:00,FLNT
2.94,2.955,2.9,2.9,9187,2021-06-03 13:40:00,FLNT
2.9001,2.935,2.9001,2.91,2830,2021-06-03 13:45:00,FLNT
2.9099,2.925,2.9,2.925,12041,2021-06-03 13:50:00,FLNT
2.92,2.94,2.92,2.93,2234,2021-06-03 13:55:00,FLNT
2.94,2.945,2.92,2.93,3360,2021-06-03 14:00:00,FLNT
2.935,2.9511,2.935,2.9511,2200,2021-06-03 14:05:00,FLNT
2.96,2.96,2.93,2.93,5483,2021-06-03 14:10:00,FLNT
2.93,2.93,2.91,2.93,6300,2021-06-03 14:15:00,FLNT
2.938,2.94,2.9301,2.935,550,2021-06-03 14:20:00,FLNT
2.93,2.93,2.92,2.93,2750,2021-06-03 14:25:00,FLNT
2.9299,2.94,2.9299,2.94,3684,2021-06-03 14:30:00,FLNT
2.94,2.94,2.9299,2.9299,4600,2021-06-03 14:35:00,FLNT
2.92,2.93,2.91,2.93,4772,2021-06-03 14:40:00,FLNT
2.93,2.9321,2.93,2.9321,2195,2021-06-03 14:45:00,FLNT
2.93,2.94,2.93,2.935,2761,2021-06-03 14:50:00,FLNT
2.935,2.94,2.92,2.93,4369,2021-06-03 14:55:00,FLNT
2.935,2.935,2.928,2.929,1752,2021-06-03 15:00:00,FLNT
2.93,2.93,2.9201,2.9201,1195,2021-06-03 15:05:00,FLNT
2.925,2.925,2.92,2.925,771,2021-06-03 15:10:00,FLNT
2.9285,2.9285,2.9,2.9,4584,2021-06-03 15:15:00,FLNT
2.905,2.915,2.9013,2.915,6065,2021-06-03 15:20:00,FLNT
2.92,2.92,2.905,2.91,2500,2021-06-03 15:25:00,FLNT
2.91,2.91,2.9,2.905,9892,2021-06-03 15:30:00,FLNT
2.91,2.91,2.905,2.905,1200,2021-06-03 15:35:00,FLNT
2.91,2.91,2.9,2.91,8593,2021-06-03 15:40:00,FLNT
2.9,2.905,2.88,2.89,24732,2021-06-03 15:45:00,FLNT
2.885,2.885,2.87,2.87,5258,2021-06-03 15:50:00,FLNT
2.879,2.88,2.87,2.87,4150,2021-06-03 15:55:00,FLNT
2.87,2.8788,2.87,2.8788,1200,2021-06-03 16:00:00,FLNT
2.8786,2.89,2.8786,2.8858,4898,2021-06-03 16:05:00,FLNT
2.88,2.89,2.88,2.88,800,2021-06-03 16:10:00,FLNT
2.88,2.888,2.87,2.88,4600,2021-06-03 16:15:00,FLNT
2.87,2.88,2.87,2.87,3859,2021-06-03 16:20:00,FLNT
2.8701,2.8799,2.87,2.8799,5000,2021-06-03 16:25:00,FLNT
2.87,2.875,2.87,2.87,700,2021-06-03 16:30:00,FLNT
2.87,2.875,2.87,2.875,300,2021-06-03 16:35:00,FLNT
2.87,2.8776,2.87,2.8776,900,2021-06-03 16:40:00,FLNT
2.8784,2.8784,2.87,2.875,1600,2021-06-03 16:45:00,FLNT
2.87,2.8799,2.87,2.87,2122,2021-06-03 16:50:00,FLNT
2.88,2.89,2.87,2.8885,5055,2021-06-03 16:55:00,FLNT
2.89,2.9,2.89,2.895,1300,2021-06-03 17:00:00,FLNT
2.895,2.895,2.88,2.885,3420,2021-06-03 17:05:00,FLNT
2.89,2.9,2.885,2.885,5084,2021-06-03 17:10:00,FLNT
2.885,2.885,2.88,2.88,204,2021-06-03 17:15:00,FLNT
2.885,2.89,2.8813,2.8813,700,2021-06-03 17:20:00,FLNT
2.88,2.89,2.88,2.89,5423,2021-06-03 17:25:00,FLNT
2.89,2.899,2.89,2.89,4425,2021-06-03 17:30:00,FLNT
2.885,2.8899,2.885,2.8899,4560,2021-06-03 17:35:00,FLNT
2.885,2.885,2.87,2.87,6942,2021-06-03 17:40:00,FLNT
2.87,2.885,2.87,2.88,5608,2021-06-03 17:45:00,FLNT
2.88,2.88,2.88,2.88,2006,2021-06-03 17:50:00,FLNT
2.88,2.88,2.8788,2.8788,3685,2021-06-03 17:55:00,FLNT
2.87,2.875,2.86,2.875,2575,2021-06-03 18:00:00,FLNT
2.87,2.875,2.87,2.87,1928,2021-06-03 18:05:00,FLNT
2.8718,2.8783,2.8701,2.8706,1415,2021-06-03 18:10:00,FLNT
2.87,2.89,2.87,2.89,10896,2021-06-03 18:15:00,FLNT
2.89,2.9,2.89,2.89,9412,2021-06-03 18:20:00,FLNT
2.9,2.91,2.8988,2.905,4083,2021-06-03 18:25:00,FLNT
2.91,2.91,2.895,2.9,2773,2021-06-03 18:30:00,FLNT
2.9,2.9,2.89,2.9,709,2021-06-03 18:35:00,FLNT
2.89,2.9,2.89,2.9,1600,2021-06-03 18:40:00,FLNT
2.9,2.9,2.89,2.895,3956,2021-06-03 18:45:00,FLNT
2.8906,2.8906,2.89,2.89,3240,2021-06-03 18:50:00,FLNT
2.89,2.895,2.89,2.895,2067,2021-06-03 18:55:00,FLNT
2.9,2.9,2.89,2.8943,2078,2021-06-03 19:00:00,FLNT
2.89,2.898,2.89,2.89,998,2021-06-03 19:05:00,FLNT
2.89,2.895,2.88,2.8892,13438,2021-06-03 19:10:00,FLNT
2.885,2.885,2.87,2.8701,4383,2021-06-03 19:15:00,FLNT
2.865,2.8686,2.86,2.865,6209,2021-06-03 19:20:00,FLNT
2.86,2.86,2.86,2.86,598,2021-06-03 19:25:00,FLNT
2.86,2.86,2.85,2.855,6252,2021-06-03 19:30:00,FLNT
2.85,2.8599,2.85,2.85,6715,2021-06-03 19:35:00,FLNT
2.85,2.86,2.85,2.85,3100,2021-06-03 19:40:00,FLNT
2.86,2.86,2.85,2.85,3600,2021-06-03 19:45:00,FLNT
2.855,2.86,2.85,2.85,4362,2021-06-03 19:50:00,FLNT
2.85,2.86,2.85,2.85,23940,2021-06-03 19:55:00,FLNT
2.855,2.855,2.855,2.855,14572,2021-06-03 20:00:00,FLNT
2.86,2.86,2.86,2.86,250,2021-06-03 20:30:00,FLNT
2.86,2.86,2.86,2.86,138,2021-06-03 21:00:00,FLNT
2.85,2.85,2.85,2.85,335,2021-06-03 22:20:00,FLNT
2.86,2.86,2.86,2.86,500,2021-06-04 12:55:00,FLNT
2.86,2.9054,2.86,2.87,7189,2021-06-04 13:30:00,FLNT
2.86,2.88,2.83,2.88,12649,2021-06-04 13:35:00,FLNT
2.9,2.9,2.87,2.88,3886,2021-06-04 13:40:00,FLNT
2.89,2.89,2.87,2.87,3298,2021-06-04 13:45:00,FLNT
2.88,2.89,2.87,2.87,2600,2021-06-04 13:50:00,FLNT
2.875,2.875,2.853,2.86,4599,2021-06-04 13:55:00,FLNT
2.8671,2.8679,2.85,2.85,3037,2021-06-04 14:00:00,FLNT
2.853,2.8577,2.845,2.845,3352,2021-06-04 14:05:00,FLNT
2.85,2.85,2.83,2.83,3365,2021-06-04 14:10:00,FLNT
2.84,2.855,2.835,2.855,4293,2021-06-04 14:15:00,FLNT
2.86,2.86,2.86,2.86,300,2021-06-04 14:20:00,FLNT
2.8601,2.865,2.8601,2.8631,1082,2021-06-04 14:25:00,FLNT
2.865,2.87,2.865,2.865,1600,2021-06-04 14:30:00,FLNT
2.865,2.9,2.865,2.87,39667,2021-06-04 14:35:00,FLNT
2.8775,2.8775,2.86,2.86,3946,2021-06-04 14:40:00,FLNT
2.86,2.875,2.86,2.87,1400,2021-06-04 14:45:00,FLNT
2.87,2.87,2.86,2.8601,1100,2021-06-04 14:50:00,FLNT
2.86,2.86,2.835,2.845,17983,2021-06-04 14:55:00,FLNT
2.85,2.85,2.85,2.85,113,2021-06-04 15:00:00,FLNT
2.85,2.85,2.85,2.85,251,2021-06-04 15:05:00,FLNT
2.85,2.85,2.84,2.84,1795,2021-06-04 15:10:00,FLNT
2.84,2.84,2.8301,2.835,2581,2021-06-04 15:15:00,FLNT
2.84,2.845,2.84,2.84,3956,2021-06-04 15:20:00,FLNT
2.84,2.85,2.835,2.85,10561,2021-06-04 15:25:00,FLNT
2.85,2.85,2.85,2.85,500,2021-06-04 15:30:00,FLNT
2.84,2.84,2.83,2.831,5141,2021-06-04 15:35:00,FLNT
2.84,2.84,2.8392,2.8392,405,2021-06-04 15:40:00,FLNT
2.84,2.85,2.84,2.85,1814,2021-06-04 15:45:00,FLNT
2.85,2.85,2.83,2.835,36227,2021-06-04 15:50:00,FLNT
2.835,2.835,2.835,2.835,100,2021-06-04 15:55:00,FLNT
2.84,2.85,2.84,2.845,12644,2021-06-04 16:00:00,FLNT
2.85,2.85,2.83,2.83,1502,2021-06-04 16:05:00,FLNT
2.84,2.86,2.84,2.8585,1942,2021-06-04 16:10:00,FLNT
2.855,2.855,2.855,2.855,100,2021-06-04 16:15:00,FLNT
2.86,2.86,2.86,2.86,488,2021-06-04 16:30:00,FLNT
2.8522,2.86,2.8514,2.8514,14482,2021-06-04 16:35:00,FLNT
2.85,2.86,2.84,2.86,7409,2021-06-04 16:40:00,FLNT
2.86,2.86,2.86,2.86,300,2021-06-04 16:45:00,FLNT
2.8593,2.8593,2.8593,2.8593,122,2021-06-04 16:50:00,FLNT
2.86,2.8601,2.86,2.86,2296,2021-06-04 16:55:00,FLNT
2.87,2.87,2.87,2.87,2500,2021-06-04 17:00:00,FLNT
2.87,2.87,2.865,2.865,1322,2021-06-04 17:05:00,FLNT
2.8699,2.8699,2.86,2.86,3971,2021-06-04 17:10:00,FLNT
2.86,2.8689,2.86,2.8689,1750,2021-06-04 17:15:00,FLNT
2.86,2.86,2.86,2.86,700,2021-06-04 17:20:00,FLNT
2.87,2.87,2.87,2.87,200,2021-06-04 17:30:00,FLNT
2.86,2.86,2.86,2.86,500,2021-06-04 17:35:00,FLNT
2.8622,2.8622,2.8622,2.8622,114,2021-06-04 17:40:00,FLNT
2.8691,2.87,2.86,2.86,15871,2021-06-04 17:45:00,FLNT
2.87,2.87,2.863,2.8698,800,2021-06-04 17:50:00,FLNT
2.87,2.87,2.865,2.865,200,2021-06-04 17:55:00,FLNT
2.87,2.87,2.87,2.87,1792,2021-06-04 18:00:00,FLNT
2.8706,2.8706,2.8706,2.8706,120,2021-06-04 18:10:00,FLNT
2.88,2.88,2.87,2.88,3900,2021-06-04 18:15:00,FLNT
2.87,2.88,2.87,2.875,1900,2021-06-04 18:20:00,FLNT
2.87,2.8779,2.87,2.8779,280,2021-06-04 18:25:00,FLNT
2.8799,2.88,2.87,2.87,5796,2021-06-04 18:30:00,FLNT
2.87,2.875,2.86,2.87,6412,2021-06-04 18:35:00,FLNT
2.87,2.88,2.87,2.88,400,2021-06-04 18:40:00,FLNT
2.8798,2.8798,2.8798,2.8798,100,2021-06-04 18:45:00,FLNT
2.87,2.885,2.87,2.885,2777,2021-06-04 18:50:00,FLNT
2.8878,2.89,2.88,2.885,5440,2021-06-04 18:55:00,FLNT
2.88,2.89,2.88,2.8879,2700,2021-06-04 19:00:00,FLNT
2.88,2.89,2.88,2.8821,2925,2021-06-04 19:05:00,FLNT
2.88,2.88,2.8701,2.8701,2300,2021-06-04 19:10:00,FLNT
2.87,2.87,2.87,2.87,200,2021-06-04 19:15:00,FLNT
2.87,2.87,2.87,2.87,100,2021-06-04 19:20:00,FLNT
2.87,2.88,2.87,2.87,1000,2021-06-04 19:25:00,FLNT
2.875,2.875,2.87,2.87,800,2021-06-04 19:30:00,FLNT
2.87,2.875,2.86,2.8601,6282,2021-06-04 19:35:00,FLNT
2.87,2.89,2.87,2.89,9590,2021-06-04 19:40:00,FLNT
2.89,2.89,2.88,2.88,1200,2021-06-04 19:45:00,FLNT
2.88,2.88,2.87,2.88,7938,2021-06-04 19:50:00,FLNT
2.88,2.89,2.87,2.88,16593,2021-06-04 19:55:00,FLNT
2.88,2.88,2.88,2.88,43087,2021-06-04 20:00:00,FLNT
2.81,2.81,2.81,2.81,100,2021-06-04 20:15:00,FLNT
2.99,2.99,2.99,2.99,100,2021-06-07 12:20:00,FLNT
2.91,2.94,2.88,2.9,7869,2021-06-07 13:30:00,FLNT
2.8917,2.895,2.86,2.88,12614,2021-06-07 13:35:00,FLNT
2.9,2.9018,2.88,2.9018,10246,2021-06-07 13:40:00,FLNT
2.9013,2.915,2.9,2.91,10976,2021-06-07 13:45:00,FLNT
2.9001,2.92,2.9,2.9,4305,2021-06-07 13:50:00,FLNT
2.91,2.94,2.91,2.94,13392,2021-06-07 13:55:00,FLNT
2.94,2.94,2.93,2.935,2700,2021-06-07 14:00:00,FLNT
2.94,2.9572,2.94,2.9511,4332,2021-06-07 14:05:00,FLNT
2.95,2.9502,2.9311,2.945,8677,2021-06-07 14:10:00,FLNT
2.945,2.945,2.92,2.92,6659,2021-06-07 14:15:00,FLNT
2.92,2.94,2.92,2.94,4063,2021-06-07 14:20:00,FLNT
2.95,2.96,2.945,2.96,3176,2021-06-07 14:25:00,FLNT
2.97,2.976,2.97,2.975,7400,2021-06-07 14:30:00,FLNT
2.97,2.9788,2.97,2.9788,2415,2021-06-07 14:35:00,FLNT
2.977,2.977,2.97,2.97,2007,2021-06-07 14:40:00,FLNT
2.965,2.97,2.965,2.97,1465,2021-06-07 14:45:00,FLNT
2.97,2.9702,2.97,2.9701,6023,2021-06-07 14:50:00,FLNT
2.965,2.965,2.96,2.965,6414,2021-06-07 14:55:00,FLNT
2.96,2.98,2.96,2.97,5728,2021-06-07 15:00:00,FLNT
2.97,2.98,2.97,2.98,600,2021-06-07 15:05:00,FLNT
2.98,2.99,2.98,2.99,2300,2021-06-07 15:10:00,FLNT
2.99,2.99,2.98,2.985,2214,2021-06-07 15:15:00,FLNT
2.9821,2.99,2.975,2.98,2830,2021-06-07 15:20:00,FLNT
2.9715,2.98,2.9715,2.98,1428,2021-06-07 15:25:00,FLNT
2.975,2.975,2.97,2.97,6007,2021-06-07 15:30:00,FLNT
2.9744,2.9744,2.97,2.97,3200,2021-06-07 15:35:00,FLNT
2.97,2.97,2.96,2.965,550,2021-06-07 15:40:00,FLNT
2.9667,2.9667,2.965,2.965,400,2021-06-07 15:45:00,FLNT
2.962,2.965,2.962,2.965,304,2021-06-07 15:50:00,FLNT
2.965,2.97,2.965,2.97,700,2021-06-07 15:55:00,FLNT
2.969,2.969,2.965,2.965,486,2021-06-07 16:00:00,FLNT
2.9699,2.9699,2.9699,2.9699,338,2021-06-07 16:05:00,FLNT
2.965,2.965,2.965,2.965,100,2021-06-07 16:10:00,FLNT
2.9699,2.98,2.9699,2.98,2139,2021-06-07 16:15:00,FLNT
2.97,2.97,2.97,2.97,100,2021-06-07 16:20:00,FLNT
2.975,2.9799,2.97,2.97,4126,2021-06-07 16:25:00,FLNT
2.9711,2.9771,2.965,2.97,3872,2021-06-07 16:30:00,FLNT
2.9625,2.98,2.9625,2.98,1500,2021-06-07 16:35:00,FLNT
2.9715,2.972,2.97,2.972,412,2021-06-07 16:40:00,FLNT
2.98,2.98,2.9719,2.9719,450,2021-06-07 16:45:00,FLNT
2.9723,2.9723,2.9723,2.9723,100,2021-06-07 16:50:00,FLNT
2.975,2.98,2.975,2.98,980,2021-06-07 16:55:00,FLNT
2.975,2.975,2.97,2.975,1100,2021-06-07 17:00:00,FLNT
2.98,2.98,2.96,2.96,13377,2021-06-07 17:05:00,FLNT
2.9575,2.96,2.945,2.945,12066,2021-06-07 17:10:00,FLNT
2.945,2.945,2.945,2.945,200,2021-06-07 17:15:00,FLNT
2.941,2.9421,2.941,2.9421,350,2021-06-07 17:20:00,FLNT
2.945,2.945,2.93,2.93,5823,2021-06-07 17:25:00,FLNT
2.935,2.94,2.935,2.94,300,2021-06-07 17:30:00,FLNT
2.94,2.945,2.935,2.945,3575,2021-06-07 17:35:00,FLNT
2.945,2.96,2.94,2.96,3532,2021-06-07 17:40:00,FLNT
2.952,2.9535,2.95,2.9535,500,2021-06-07 17:45:00,FLNT
2.95,2.96,2.95,2.9501,4589,2021-06-07 17:50:00,FLNT
2.95,2.95,2.94,2.95,6433,2021-06-07 17:55:00,FLNT
2.96,2.965,2.955,2.9632,4198,2021-06-07 18:00:00,FLNT
2.9699,2.9699,2.9699,2.9699,1000,2021-06-07 18:05:00,FLNT
2.965,2.98,2.965,2.9721,3536,2021-06-07 18:10:00,FLNT
2.98,2.98,2.97,2.97,1050,2021-06-07 18:15:00,FLNT
2.98,2.98,2.9721,2.975,489,2021-06-07 18:20:00,FLNT
2.975,2.975,2.9713,2.9713,1917,2021-06-07 18:25:00,FLNT
2.9706,2.98,2.9701,2.9701,5888,2021-06-07 18:30:00,FLNT
2.975,2.98,2.975,2.98,500,2021-06-07 18:35:00,FLNT
2.975,2.98,2.975,2.98,1075,2021-06-07 18:40:00,FLNT
2.975,2.975,2.975,2.975,100,2021-06-07 18:45:00,FLNT
2.9741,2.975,2.97,2.975,1959,2021-06-07 18:50:00,FLNT
2.975,2.98,2.9713,2.98,2914,2021-06-07 18:55:00,FLNT
2.98,2.98,2.98,2.98,4300,2021-06-07 19:00:00,FLNT
2.975,2.975,2.975,2.975,300,2021-06-07 19:05:00,FLNT
2.975,2.98,2.971,2.971,2100,2021-06-07 19:10:00,FLNT
2.975,2.98,2.975,2.9788,400,2021-06-07 19:15:00,FLNT
2.975,2.98,2.96,2.97,12130,2021-06-07 19:20:00,FLNT
2.96,2.97,2.96,2.97,3043,2021-06-07 19:25:00,FLNT
2.97,2.98,2.97,2.98,17707,2021-06-07 19:30:00,FLNT
2.98,3.015,2.97,3.015,40018,2021-06-07 19:35:00,FLNT
3.015,3.05,3.012,3.05,24861,2021-06-07 19:40:00,FLNT
3.06,3.07,3.05,3.055,41498,2021-06-07 19:45:00,FLNT
3.0599,3.08,3.04,3.08,45249,2021-06-07 19:50:00,FLNT
3.075,3.1,3.06,3.1,91204,2021-06-07 19:55:00,FLNT
3.09,3.09,3.09,3.09,8409,2021-06-07 20:00:00,FLNT
3.09,3.09,3.09,3.09,100,2021-06-07 20:05:00,FLNT
3.11,3.11,3.11,3.11,325,2021-06-07 20:15:00,FLNT
3.02,3.02,3.02,3.02,100,2021-06-07 20:20:00,FLNT
3.1074,3.1074,3.0944,3.0944,700,2021-06-07 20:40:00,FLNT
3.1,3.1,3.1,3.1,100,2021-06-07 20:50:00,FLNT
3.09,3.09,3.09,3.09,361,2021-06-07 23:10:00,FLNT
3.16,3.17,3.16,3.17,400,2021-06-08 12:30:00,FLNT
3.0535,3.14,3.0535,3.1,8103,2021-06-08 13:30:00,FLNT
3.09,3.09,3.05,3.08,14705,2021-06-08 13:35:00,FLNT
3.0781,3.1,3.0781,3.091,1750,2021-06-08 13:40:00,FLNT
3.0925,3.0925,3.04,3.05,17969,2021-06-08 13:45:00,FLNT
3.05,3.05,3.02,3.03,3200,2021-06-08 13:50:00,FLNT
3.0301,3.05,3.0301,3.0401,2099,2021-06-08 13:55:00,FLNT
3.05,3.05,3.0392,3.0392,3717,2021-06-08 14:00:00,FLNT
3.0326,3.0406,3.0312,3.04,8179,2021-06-08 14:05:00,FLNT
3.05,3.05,3.05,3.05,2803,2021-06-08 14:10:00,FLNT
3.05,3.0699,3.04,3.0699,3800,2021-06-08 14:15:00,FLNT
3.06,3.07,3.06,3.07,5740,2021-06-08 14:20:00,FLNT
3.075,3.095,3.075,3.09,5027,2021-06-08 14:25:00,FLNT
3.085,3.09,3.0608,3.07,17094,2021-06-08 14:30:00,FLNT
3.0799,3.08,3.05,3.05,11952,2021-06-08 14:35:00,FLNT
3.055,3.055,3.03,3.0499,16275,2021-06-08 14:40:00,FLNT
3.05,3.05,3.05,3.05,1400,2021-06-08 14:45:00,FLNT
3.06,3.06,3.045,3.048,6035,2021-06-08 14:50:00,FLNT
3.04,3.045,3.04,3.04,4350,2021-06-08 14:55:00,FLNT
3.0401,3.05,3.035,3.035,7569,2021-06-08 15:00:00,FLNT
3.035,3.045,3.03,3.045,2700,2021-06-08 15:05:00,FLNT
3.045,3.0488,3.025,3.025,14513,2021-06-08 15:10:00,FLNT
3.025,3.03,3.01,3.015,8300,2021-06-08 15:15:00,FLNT
3.015,3.02,3.005,3.02,3850,2021-06-08 15:20:00,FLNT
3.015,3.03,3.011,3.03,4375,2021-06-08 15:25:00,FLNT
3.0292,3.03,3.0201,3.0207,4797,2021-06-08 15:30:00,FLNT
3.02,3.02,3.01,3.02,10495,2021-06-08 15:35:00,FLNT
3.015,3.0199,3.01,3.0199,3603,2021-06-08 15:40:00,FLNT
3.015,3.0177,3.015,3.0177,600,2021-06-08 15:45:00,FLNT
3.01,3.02,3.01,3.02,820,2021-06-08 15:50:00,FLNT
3.02,3.02,3.02,3.02,100,2021-06-08 15:55:00,FLNT
3.02,3.03,3.02,3.0289,3348,2021-06-08 16:00:00,FLNT
3.03,3.03,3.02,3.02,6120,2021-06-08 16:05:00,FLNT
3.02,3.02,3.01,3.01,2050,2021-06-08 16:10:00,FLNT
3.01,3.01,3.01,3.01,400,2021-06-08 16:15:00,FLNT
3.01,3.02,3.01,3.015,584,2021-06-08 16:20:00,FLNT
3.015,3.015,3.015,3.015,100,2021-06-08 16:25:00,FLNT
3.01,3.04,3.01,3.04,5217,2021-06-08 16:30:00,FLNT
3.04,3.04,3.04,3.04,1957,2021-06-08 16:35:00,FLNT
3.05,3.05,3.04,3.04,12817,2021-06-08 16:40:00,FLNT
3.04,3.05,3.04,3.05,982,2021-06-08 16:45:00,FLNT
3.04,3.04,3.04,3.04,500,2021-06-08 16:50:00,FLNT
3.04,3.05,3.04,3.045,1900,2021-06-08 16:55:00,FLNT
3.04,3.0415,3.03,3.03,17735,2021-06-08 17:00:00,FLNT
3.03,3.03,3.03,3.03,2000,2021-06-08 17:05:00,FLNT
3.03,3.04,3.03,3.03,5057,2021-06-08 17:10:00,FLNT
3.03,3.04,3.03,3.03,4185,2021-06-08 17:15:00,FLNT
3.03,3.04,3.03,3.03,1795,2021-06-08 17:20:00,FLNT
3.03,3.0302,3.03,3.03,1600,2021-06-08 17:25:00,FLNT
3.03,3.035,3.03,3.035,1100,2021-06-08 17:30:00,FLNT
3.03,3.04,3.03,3.035,7597,2021-06-08 17:35:00,FLNT
3.03,3.04,3.03,3.04,1900,2021-06-08 17:40:00,FLNT
3.04,3.055,3.035,3.055,5150,2021-06-08 17:45:00,FLNT
3.0585,3.0585,3.04,3.04,4905,2021-06-08 17:50:00,FLNT
3.04,3.05,3.04,3.045,1400,2021-06-08 17:55:00,FLNT
3.04,3.05,3.04,3.05,2758,2021-06-08 18:00:00,FLNT
3.05,3.05,3.04,3.045,5964,2021-06-08 18:05:00,FLNT
3.05,3.0599,3.05,3.05,6031,2021-06-08 18:10:00,FLNT
3.0579,3.0586,3.05,3.05,2858,2021-06-08 18:15:00,FLNT
3.0578,3.0578,3.05,3.05,864,2021-06-08 18:20:00,FLNT
3.05,3.05,3.05,3.05,595,2021-06-08 18:25:00,FLNT
3.05,3.05,3.05,3.05,1691,2021-06-08 18:30:00,FLNT
3.06,3.06,3.04,3.04,2477,2021-06-08 18:35:00,FLNT
3.04,3.04,3.04,3.04,200,2021-06-08 18:40:00,FLNT
3.045,3.055,3.045,3.05,5797,2021-06-08 18:45:00,FLNT
3.05,3.055,3.05,3.05,2033,2021-06-08 18:50:00,FLNT
3.05,3.0682,3.05,3.0682,4309,2021-06-08 18:55:00,FLNT
3.06,3.06,3.05,3.06,6172,2021-06-08 19:00:00,FLNT
3.065,3.065,3.05,3.055,4497,2021-06-08 19:05:00,FLNT
3.055,3.07,3.055,3.065,3245,2021-06-08 19:10:00,FLNT
3.0624,3.065,3.05,3.055,3862,2021-06-08 19:15:00,FLNT
3.05,3.06,3.05,3.05,5349,2021-06-08 19:20:00,FLNT
3.05,3.05,3.05,3.05,1000,2021-06-08 19:25:00,FLNT
3.05,3.06,3.05,3.05,2700,2021-06-08 19:30:00,FLNT
3.055,3.06,3.05,3.0583,3264,2021-06-08 19:35:00,FLNT
3.05,3.06,3.05,3.055,4336,2021-06-08 19:40:00,FLNT
3.055,3.06,3.05,3.05,4200,2021-06-08 19:45:00,FLNT
3.055,3.055,3.05,3.05,6407,2021-06-08 19:50:00,FLNT
3.05,3.06,3.04,3.045,25044,2021-06-08 19:55:00,FLNT
3.05,3.05,3.05,3.05,19665,2021-06-08 20:00:00,FLNT
3.05,3.05,3.05,3.05,200,2021-06-08 20:30:00,FLNT
3.0214,3.0214,3.02,3.02,2700,2021-06-08 20:35:00,FLNT
3.0236,3.0236,3.02,3.02,1101,2021-06-08 21:10:00,FLNT
3.0499,3.0499,3.0499,3.0499,200,2021-06-08 21:40:00,FLNT
3.05,3.05,3.05,3.05,100,2021-06-08 23:50:00,FLNT
3.04,3.06,3.04,3.06,7337,2021-06-09 13:30:00,FLNT
3.0653,3.0886,3.0653,3.085,6804,2021-06-09 13:35:00,FLNT
3.0809,3.0821,3.0517,3.0821,6337,2021-06-09 13:40:00,FLNT
3.085,3.11,3.07,3.08,6187,2021-06-09 13:45:00,FLNT
3.085,3.085,3.06,3.06,6604,2021-06-09 13:50:00,FLNT
3.07,3.095,3.07,3.09,9611,2021-06-09 13:55:00,FLNT
3.1,3.1,3.09,3.09,3720,2021-06-09 14:00:00,FLNT
3.0801,3.11,3.0801,3.105,6726,2021-06-09 14:05:00,FLNT
3.11,3.115,3.1,3.115,4400,2021-06-09 14:10:00,FLNT
3.11,3.11,3.09,3.09,3034,2021-06-09 14:15:00,FLNT
3.1,3.12,3.1,3.115,8280,2021-06-09 14:20:00,FLNT
3.125,3.14,3.125,3.14,3664,2021-06-09 14:25:00,FLNT
3.13,3.13,3.12,3.13,5269,2021-06-09 14:30:00,FLNT
3.125,3.1286,3.125,3.128,800,2021-06-09 14:35:00,FLNT
3.1221,3.1228,3.1,3.11,5912,2021-06-09 14:40:00,FLNT
3.11,3.1173,3.095,3.095,5600,2021-06-09 14:45:00,FLNT
3.1,3.1101,3.1,3.11,2869,2021-06-09 14:50:00,FLNT
3.11,3.11,3.1099,3.1099,511,2021-06-09 14:55:00,FLNT
3.11,3.12,3.11,3.12,621,2021-06-09 15:00:00,FLNT
3.12,3.129,3.1199,3.1199,4410,2021-06-09 15:05:00,FLNT
3.115,3.1187,3.11,3.1187,900,2021-06-09 15:10:00,FLNT
3.11,3.12,3.11,3.12,14856,2021-06-09 15:15:00,FLNT
3.1278,3.1278,3.12,3.12,200,2021-06-09 15:20:00,FLNT
3.125,3.125,3.1222,3.125,315,2021-06-09 15:25:00,FLNT
3.12,3.1299,3.12,3.125,11700,2021-06-09 15:30:00,FLNT
3.12,3.12,3.11,3.11,8148,2021-06-09 15:35:00,FLNT
3.105,3.115,3.105,3.115,1905,2021-06-09 15:40:00,FLNT
3.1186,3.12,3.115,3.115,490,2021-06-09 15:45:00,FLNT
3.115,3.12,3.1,3.1,1800,2021-06-09 15:50:00,FLNT
3.11,3.11,3.095,3.105,11039,2021-06-09 15:55:00,FLNT
3.1001,3.105,3.1,3.105,1400,2021-06-09 16:00:00,FLNT
3.1089,3.12,3.1089,3.115,14149,2021-06-09 16:05:00,FLNT
3.11,3.115,3.11,3.115,650,2021-06-09 16:10:00,FLNT
3.11,3.12,3.11,3.11,570,2021-06-09 16:15:00,FLNT
3.11,3.125,3.11,3.125,1300,2021-06-09 16:20:00,FLNT
3.125,3.13,3.125,3.125,819,2021-06-09 16:25:00,FLNT
3.125,3.13,3.125,3.13,477,2021-06-09 16:30:00,FLNT
3.1315,3.1315,3.1315,3.1315,138,2021-06-09 16:35:00,FLNT
3.135,3.15,3.135,3.1458,6514,2021-06-09 16:40:00,FLNT
3.14,3.14,3.13,3.13,12541,2021-06-09 16:45:00,FLNT
3.13,3.14,3.13,3.13,10658,2021-06-09 16:50:00,FLNT
3.125,3.13,3.125,3.13,1400,2021-06-09 16:55:00,FLNT
3.12,3.12,3.12,3.12,100,2021-06-09 17:00:00,FLNT
3.12,3.14,3.12,3.13,4785,2021-06-09 17:05:00,FLNT
3.13,3.14,3.13,3.14,300,2021-06-09 17:10:00,FLNT
3.135,3.135,3.13,3.13,300,2021-06-09 17:15:00,FLNT
3.13,3.13,3.13,3.13,100,2021-06-09 17:20:00,FLNT
3.14,3.14,3.135,3.14,2171,2021-06-09 17:25:00,FLNT
3.1399,3.1399,3.12,3.12,8000,2021-06-09 17:30:00,FLNT
3.12,3.1251,3.115,3.115,4052,2021-06-09 17:35:00,FLNT
3.115,3.115,3.11,3.115,2864,2021-06-09 17:40:00,FLNT
3.119,3.119,3.115,3.115,1300,2021-06-09 17:45:00,FLNT
3.115,3.115,3.115,3.115,200,2021-06-09 17:50:00,FLNT
3.1199,3.125,3.11,3.12,15955,2021-06-09 17:55:00,FLNT
3.12,3.125,3.12,3.12,1500,2021-06-09 18:00:00,FLNT
3.12,3.12,3.11,3.11,1636,2021-06-09 18:05:00,FLNT
3.11,3.11,3.11,3.11,400,2021-06-09 18:10:00,FLNT
3.11,3.11,3.11,3.11,200,2021-06-09 18:15:00,FLNT
3.11,3.115,3.11,3.11,400,2021-06-09 18:20:00,FLNT
3.115,3.115,3.11,3.11,400,2021-06-09 18:25:00,FLNT
3.115,3.115,3.1001,3.1001,3738,2021-06-09 18:30:00,FLNT
3.105,3.12,3.1,3.11,16613,2021-06-09 18:35:00,FLNT
3.115,3.12,3.11,3.12,1200,2021-06-09 18:40:00,FLNT
3.11,3.12,3.11,3.1186,1703,2021-06-09 18:45:00,FLNT
3.12,3.12,3.115,3.12,400,2021-06-09 18:50:00,FLNT
3.115,3.13,3.11,3.12,5866,2021-06-09 18:55:00,FLNT
3.125,3.125,3.115,3.115,3600,2021-06-09 19:00:00,FLNT
3.115,3.115,3.105,3.11,3040,2021-06-09 19:05:00,FLNT
3.105,3.105,3.105,3.105,2400,2021-06-09 19:10:00,FLNT
3.105,3.1099,3.1,3.105,5101,2021-06-09 19:15:00,FLNT
3.105,3.11,3.1,3.105,1600,2021-06-09 19:20:00,FLNT
3.105,3.105,3.09,3.095,13400,2021-06-09 19:25:00,FLNT
3.1,3.1,3.09,3.1,2890,2021-06-09 19:30:00,FLNT
3.09,3.1,3.09,3.095,6107,2021-06-09 19:35:00,FLNT
3.095,3.095,3.07,3.075,6452,2021-06-09 19:40:00,FLNT
3.075,3.08,3.07,3.07,2150,2021-06-09 19:45:00,FLNT
3.075,3.09,3.07,3.08,10898,2021-06-09 19:50:00,FLNT
3.09,3.09,3.08,3.09,8921,2021-06-09 19:55:00,FLNT
3.08,3.08,3.08,3.08,9919,2021-06-09 20:00:00,FLNT
3.03,3.03,3.03,3.03,200,2021-06-09 22:55:00,FLNT
3.03,3.03,3.03,3.03,1490,2021-06-09 23:10:00,FLNT
3.02,3.02,3.0,3.0,14569,2021-06-09 23:40:00,FLNT
3.08,3.08,3.08,3.08,1166,2021-06-10 12:55:00,FLNT
3.1,3.1,3.07,3.08,23579,2021-06-10 13:30:00,FLNT
3.085,3.11,3.07,3.09,13769,2021-06-10 13:35:00,FLNT
3.1,3.1,3.065,3.08,31366,2021-06-10 13:40:00,FLNT
3.08,3.09,3.075,3.09,2700,2021-06-10 13:45:00,FLNT
3.08,3.09,3.07,3.08,10272,2021-06-10 13:50:00,FLNT
3.0721,3.085,3.0721,3.08,700,2021-06-10 13:55:00,FLNT
3.0869,3.1,3.08,3.1,3847,2021-06-10 14:00:00,FLNT
3.095,3.105,3.095,3.1,1600,2021-06-10 14:05:00,FLNT
3.1,3.1022,3.09,3.09,4400,2021-06-10 14:10:00,FLNT
3.095,3.1,3.09,3.1,3360,2021-06-10 14:15:00,FLNT
3.095,3.095,3.095,3.095,200,2021-06-10 14:20:00,FLNT
3.0921,3.095,3.08,3.085,3523,2021-06-10 14:25:00,FLNT
3.09,3.09,3.07,3.075,5105,2021-06-10 14:30:00,FLNT
3.075,3.075,3.05,3.055,7304,2021-06-10 14:35:00,FLNT
3.055,3.06,3.0501,3.055,5290,2021-06-10 14:40:00,FLNT
3.055,3.055,3.03,3.035,17045,2021-06-10 14:45:00,FLNT
3.03,3.05,3.03,3.04,6593,2021-06-10 14:50:00,FLNT
3.035,3.045,3.025,3.045,8640,2021-06-10 14:55:00,FLNT
3.045,3.045,3.035,3.0393,3790,2021-06-10 15:00:00,FLNT
3.03,3.04,3.03,3.035,2713,2021-06-10 15:05:00,FLNT
3.03,3.0399,3.03,3.035,3500,2021-06-10 15:10:00,FLNT
3.035,3.035,3.03,3.035,1200,2021-06-10 15:15:00,FLNT
3.035,3.04,3.03,3.04,400,2021-06-10 15:20:00,FLNT
3.035,3.04,3.035,3.04,600,2021-06-10 15:25:00,FLNT
3.035,3.045,3.035,3.04,2000,2021-06-10 15:30:00,FLNT
3.05,3.05,3.04,3.04,700,2021-06-10 15:35:00,FLNT
3.04,3.045,3.035,3.04,4000,2021-06-10 15:40:00,FLNT
3.05,3.05,3.04,3.045,878,2021-06-10 15:45:00,FLNT
3.045,3.0491,3.03,3.035,3027,2021-06-10 15:50:00,FLNT
3.035,3.04,3.03,3.03,1600,2021-06-10 15:55:00,FLNT
3.035,3.04,3.03,3.04,1600,2021-06-10 16:00:00,FLNT
3.035,3.04,3.03,3.04,9968,2021-06-10 16:05:00,FLNT
3.04,3.04,3.035,3.035,787,2021-06-10 16:10:00,FLNT
3.035,3.04,3.03,3.03,1207,2021-06-10 16:15:00,FLNT
3.035,3.035,3.03,3.03,600,2021-06-10 16:20:00,FLNT
3.035,3.035,3.035,3.035,600,2021-06-10 16:25:00,FLNT
3.035,3.04,3.03,3.035,900,2021-06-10 16:30:00,FLNT
3.035,3.0358,3.035,3.035,700,2021-06-10 16:35:00,FLNT
3.03,3.05,3.03,3.045,1700,2021-06-10 16:40:00,FLNT
3.045,3.045,3.04,3.04,700,2021-06-10 16:45:00,FLNT
3.045,3.05,3.04,3.045,2500,2021-06-10 16:50:00,FLNT
3.0487,3.0487,3.04,3.042,1071,2021-06-10 16:55:00,FLNT
3.04,3.04,3.035,3.035,2000,2021-06-10 17:00:00,FLNT
3.035,3.035,3.035,3.035,300,2021-06-10 17:05:00,FLNT
3.035,3.035,3.035,3.035,400,2021-06-10 17:10:00,FLNT
3.04,3.045,3.04,3.04,1600,2021-06-10 17:15:00,FLNT
3.04,3.04,3.04,3.04,510,2021-06-10 17:20:00,FLNT
3.04,3.045,3.04,3.04,1199,2021-06-10 17:25:00,FLNT
3.05,3.05,3.035,3.035,2951,2021-06-10 17:30:00,FLNT
3.04,3.04,3.035,3.035,1918,2021-06-10 17:35:00,FLNT
3.035,3.035,3.03,3.035,800,2021-06-10 17:40:00,FLNT
3.035,3.04,3.03,3.0301,2599,2021-06-10 17:45:00,FLNT
3.035,3.035,3.035,3.035,500,2021-06-10 17:50:00,FLNT
3.035,3.04,3.03,3.04,1200,2021-06-10 17:55:00,FLNT
3.035,3.04,3.03,3.035,800,2021-06-10 18:00:00,FLNT
3.035,3.04,3.035,3.035,5324,2021-06-10 18:05:00,FLNT
3.03,3.03,3.02,3.025,7675,2021-06-10 18:10:00,FLNT
3.025,3.025,3.023,3.025,1598,2021-06-10 18:15:00,FLNT
3.025,3.025,3.015,3.015,2000,2021-06-10 18:20:00,FLNT
3.015,3.0186,3.01,3.0186,2109,2021-06-10 18:25:00,FLNT
3.015,3.0199,3.015,3.015,500,2021-06-10 18:30:00,FLNT
3.015,3.02,3.0109,3.015,2950,2021-06-10 18:35:00,FLNT
3.015,3.03,3.015,3.025,3074,2021-06-10 18:40:00,FLNT
3.025,3.025,3.0213,3.0213,800,2021-06-10 18:45:00,FLNT
3.025,3.0285,3.025,3.0285,765,2021-06-10 18:50:00,FLNT
3.025,3.025,3.025,3.025,700,2021-06-10 18:55:00,FLNT
3.025,3.025,3.0101,3.015,2891,2021-06-10 19:00:00,FLNT
3.02,3.03,3.02,3.03,1588,2021-06-10 19:05:00,FLNT
3.025,3.025,3.025,3.025,400,2021-06-10 19:10:00,FLNT
3.025,3.025,3.025,3.025,300,2021-06-10 19:15:00,FLNT
3.03,3.03,3.025,3.025,400,2021-06-10 19:20:00,FLNT
3.025,3.03,3.025,3.03,543,2021-06-10 19:25:00,FLNT
3.025,3.03,3.015,3.015,5585,2021-06-10 19:30:00,FLNT
3.015,3.015,3.01,3.01,1010,2021-06-10 19:35:00,FLNT
3.011,3.02,3.011,3.015,1816,2021-06-10 19:40:00,FLNT
3.015,3.02,3.01,3.015,1300,2021-06-10 19:45:00,FLNT
3.015,3.03,3.01,3.02,3456,2021-06-10 19:50:00,FLNT
3.03,3.03,3.02,3.03,15859,2021-06-10 19:55:00,FLNT
3.03,3.03,3.03,3.03,12244,2021-06-10 20:00:00,FLNT
3.05,3.05,3.05,3.05,300,2021-06-10 20:20:00,FLNT
3.0,3.0,3.0,3.0,200,2021-06-11 12:55:00,FLNT
3.03,3.06,3.02,3.0496,5457,2021-06-11 13:30:00,FLNT
3.05,3.07,3.05,3.055,992,2021-06-11 13:35:00,FLNT
3.075,3.095,3.0701,3.09,4040,2021-06-11 13:40:00,FLNT
3.075,3.075,3.0701,3.075,500,2021-06-11 13:45:00,FLNT
3.07,3.075,3.07,3.075,3211,2021-06-11 13:50:00,FLNT
3.075,3.075,3.05,3.06,1600,2021-06-11 13:55:00,FLNT
3.065,3.08,3.055,3.08,1300,2021-06-11 14:00:00,FLNT
3.075,3.075,3.075,3.075,200,2021-06-11 14:05:00,FLNT
3.0714,3.0714,3.05,3.06,21194,2021-06-11 14:10:00,FLNT
3.055,3.07,3.05,3.07,2900,2021-06-11 14:15:00,FLNT
3.06,3.065,3.06,3.065,1100,2021-06-11 14:20:00,FLNT
3.065,3.08,3.065,3.08,1000,2021-06-11 14:25:00,FLNT
3.075,3.075,3.07,3.0709,700,2021-06-11 14:30:00,FLNT
3.075,3.075,3.06,3.06,2399,2021-06-11 14:35:00,FLNT
3.065,3.07,3.06,3.065,6663,2021-06-11 14:40:00,FLNT
3.06,3.07,3.06,3.065,1801,2021-06-11 14:45:00,FLNT
3.07,3.07,3.06,3.06,500,2021-06-11 14:50:00,FLNT
3.06,3.069,3.06,3.069,1938,2021-06-11 14:55:00,FLNT
3.065,3.075,3.06,3.07,8278,2021-06-11 15:00:00,FLNT
3.08,3.09,3.07,3.085,7269,2021-06-11 15:05:00,FLNT
3.09,3.11,3.08,3.085,8742,2021-06-11 15:10:00,FLNT
3.085,3.09,3.08,3.08,610,2021-06-11 15:15:00,FLNT
3.081,3.085,3.08,3.085,1430,2021-06-11 15:20:00,FLNT
3.08,3.085,3.08,3.08,2000,2021-06-11 15:25:00,FLNT
3.075,3.075,3.055,3.055,13170,2021-06-11 15:30:00,FLNT
3.055,3.055,3.05,3.05,800,2021-06-11 15:35:00,FLNT
3.05,3.055,3.05,3.05,900,2021-06-11 15:40:00,FLNT
3.05,3.06,3.05,3.06,700,2021-06-11 15:45:00,FLNT
3.055,3.055,3.05,3.055,900,2021-06-11 15:50:00,FLNT
3.05,3.06,3.05,3.06,799,2021-06-11 15:55:00,FLNT
3.055,3.065,3.05,3.065,2664,2021-06-11 16:00:00,FLNT
3.065,3.07,3.06,3.065,1700,2021-06-11 16:05:00,FLNT
3.065,3.065,3.06,3.065,900,2021-06-11 16:10:00,FLNT
3.06,3.065,3.06,3.065,900,2021-06-11 16:15:00,FLNT
3.065,3.07,3.065,3.065,500,2021-06-11 16:20:00,FLNT
3.065,3.065,3.065,3.065,400,2021-06-11 16:25:00,FLNT
3.065,3.065,3.06,3.065,2636,2021-06-11 16:30:00,FLNT
3.065,3.07,3.06,3.065,3127,2021-06-11 16:35:00,FLNT
3.065,3.065,3.065,3.065,1302,2021-06-11 16:40:00,FLNT
3.065,3.065,3.06,3.065,400,2021-06-11 16:45:00,FLNT
3.065,3.07,3.06,3.065,12700,2021-06-11 16:50:00,FLNT
3.06,3.065,3.06,3.06,500,2021-06-11 16:55:00,FLNT
3.06,3.065,3.05,3.06,3526,2021-06-11 17:00:00,FLNT
3.055,3.07,3.055,3.065,2138,2021-06-11 17:05:00,FLNT
3.0625,3.07,3.0625,3.065,850,2021-06-11 17:10:00,FLNT
3.07,3.07,3.06,3.07,2300,2021-06-11 17:15:00,FLNT
3.06,3.065,3.06,3.065,700,2021-06-11 17:20:00,FLNT
3.06,3.065,3.06,3.065,400,2021-06-11 17:25:00,FLNT
3.0609,3.065,3.06,3.06,11795,2021-06-11 17:30:00,FLNT
3.065,3.065,3.06,3.065,4056,2021-06-11 17:35:00,FLNT
3.06,3.065,3.055,3.06,11968,2021-06-11 17:40:00,FLNT
3.055,3.06,3.05,3.06,2950,2021-06-11 17:45:00,FLNT
3.05,3.055,3.05,3.05,3796,2021-06-11 17:50:00,FLNT
3.055,3.055,3.055,3.055,200,2021-06-11 17:55:00,FLNT
3.055,3.055,3.05,3.055,1808,2021-06-11 18:00:00,FLNT
3.06,3.06,3.04,3.05,2790,2021-06-11 18:05:00,FLNT
3.05,3.06,3.05,3.055,5279,2021-06-11 18:15:00,FLNT
3.06,3.0699,3.06,3.065,8898,2021-06-11 18:20:00,FLNT
3.065,3.065,3.055,3.055,2200,2021-06-11 18:25:00,FLNT
3.05,3.055,3.05,3.05,1098,2021-06-11 18:30:00,FLNT
3.055,3.055,3.055,3.055,200,2021-06-11 18:35:00,FLNT
3.055,3.06,3.05,3.0534,3350,2021-06-11 18:40:00,FLNT
3.06,3.06,3.05,3.055,3091,2021-06-11 18:50:00,FLNT
3.055,3.055,3.045,3.045,9336,2021-06-11 18:55:00,FLNT
3.045,3.05,3.041,3.05,600,2021-06-11 19:00:00,FLNT
3.045,3.06,3.045,3.06,7694,2021-06-11 19:05:00,FLNT
3.05,3.06,3.05,3.05,450,2021-06-11 19:10:00,FLNT
3.05,3.06,3.05,3.055,4199,2021-06-11 19:15:00,FLNT
3.055,3.055,3.05,3.05,900,2021-06-11 19:20:00,FLNT
3.05,3.055,3.05,3.05,300,2021-06-11 19:25:00,FLNT
3.05,3.065,3.05,3.065,3163,2021-06-11 19:30:00,FLNT
3.065,3.08,3.063,3.08,4931,2021-06-11 19:35:00,FLNT
3.075,3.08,3.07,3.07,2200,2021-06-11 19:40:00,FLNT
3.075,3.075,3.075,3.075,200,2021-06-11 19:45:00,FLNT
3.08,3.085,3.07,3.075,9401,2021-06-11 19:50:00,FLNT
3.08,3.09,3.07,3.09,8464,2021-06-11 19:55:00,FLNT
3.09,3.09,3.08,3.08,30618,2021-06-11 20:00:00,FLNT
3.1,3.1,3.1,3.1,500,2021-06-11 20:20:00,FLNT
3.06,3.06,3.05,3.05,469,2021-06-11 21:40:00,FLNT
3.02,3.02,3.0,3.0,1000,2021-06-11 21:55:00,FLNT
3.0,3.0,3.0,3.0,500,2021-06-11 22:10:00,FLNT
3.07,3.15,3.07,3.15,7288,2021-06-14 13:30:00,FLNT
3.14,3.18,3.13,3.18,1825,2021-06-14 13:35:00,FLNT
3.17,3.17,3.14,3.15,4000,2021-06-14 13:40:00,FLNT
3.15,3.17,3.15,3.1606,3545,2021-06-14 13:45:00,FLNT
3.165,3.17,3.14,3.147,4142,2021-06-14 13:50:00,FLNT
3.14,3.16,3.14,3.16,2200,2021-06-14 13:55:00,FLNT
3.1599,3.16,3.13,3.14,4800,2021-06-14 14:00:00,FLNT
3.15,3.15,3.125,3.14,3548,2021-06-14 14:05:00,FLNT
3.14,3.14,3.14,3.14,600,2021-06-14 14:10:00,FLNT
3.14,3.15,3.14,3.14,2918,2021-06-14 14:15:00,FLNT
3.14,3.15,3.13,3.13,3550,2021-06-14 14:20:00,FLNT
3.13,3.1308,3.125,3.13,2200,2021-06-14 14:25:00,FLNT
3.13,3.13,3.12,3.12,960,2021-06-14 14:30:00,FLNT
3.11,3.11,3.1,3.105,5398,2021-06-14 14:35:00,FLNT
3.11,3.12,3.11,3.1199,3181,2021-06-14 14:40:00,FLNT
3.11,3.12,3.11,3.1199,1600,2021-06-14 14:45:00,FLNT
3.12,3.13,3.1199,3.125,7167,2021-06-14 14:50:00,FLNT
3.13,3.13,3.12,3.12,871,2021-06-14 14:55:00,FLNT
3.13,3.13,3.1229,3.125,965,2021-06-14 15:00:00,FLNT
3.13,3.13,3.12,3.125,2500,2021-06-14 15:05:00,FLNT
3.12,3.135,3.12,3.135,3855,2021-06-14 15:10:00,FLNT
3.135,3.135,3.135,3.135,600,2021-06-14 15:15:00,FLNT
3.135,3.135,3.13,3.13,400,2021-06-14 15:20:00,FLNT
3.14,3.14,3.1301,3.14,2879,2021-06-14 15:25:00,FLNT
3.14,3.14,3.13,3.13,3300,2021-06-14 15:30:00,FLNT
3.1384,3.1384,3.12,3.12,6600,2021-06-14 15:35:00,FLNT
3.13,3.13,3.12,3.13,2881,2021-06-14 15:40:00,FLNT
3.13,3.135,3.13,3.13,1570,2021-06-14 15:45:00,FLNT
3.14,3.14,3.13,3.14,2059,2021-06-14 15:50:00,FLNT
3.13,3.14,3.13,3.135,5850,2021-06-14 15:55:00,FLNT
3.1389,3.15,3.1389,3.14,3062,2021-06-14 16:00:00,FLNT
3.14,3.15,3.14,3.145,4674,2021-06-14 16:05:00,FLNT
3.15,3.15,3.14,3.14,1000,2021-06-14 16:10:00,FLNT
3.14,3.15,3.14,3.15,1000,2021-06-14 16:15:00,FLNT
3.147,3.15,3.14,3.14,1873,2021-06-14 16:20:00,FLNT
3.145,3.145,3.14,3.145,618,2021-06-14 16:25:00,FLNT
3.145,3.145,3.145,3.145,1000,2021-06-14 16:30:00,FLNT
3.145,3.145,3.145,3.145,200,2021-06-14 16:35:00,FLNT
3.15,3.15,3.145,3.145,600,2021-06-14 16:40:00,FLNT
3.145,3.145,3.145,3.145,430,2021-06-14 16:45:00,FLNT
3.145,3.15,3.145,3.15,200,2021-06-14 16:50:00,FLNT
3.145,3.15,3.14,3.15,5000,2021-06-14 16:55:00,FLNT
3.145,3.145,3.145,3.145,600,2021-06-14 17:00:00,FLNT
3.1499,3.1499,3.145,3.145,800,2021-06-14 17:05:00,FLNT
3.145,3.145,3.1448,3.145,700,2021-06-14 17:10:00,FLNT
3.145,3.145,3.145,3.145,553,2021-06-14 17:15:00,FLNT
3.145,3.145,3.145,3.145,771,2021-06-14 17:20:00,FLNT
3.1433,3.1479,3.1411,3.145,1275,2021-06-14 17:25:00,FLNT
3.145,3.145,3.1419,3.1419,500,2021-06-14 17:30:00,FLNT
3.14,3.145,3.13,3.135,5424,2021-06-14 17:35:00,FLNT
3.135,3.14,3.13,3.13,3637,2021-06-14 17:40:00,FLNT
3.135,3.14,3.13,3.135,1203,2021-06-14 17:45:00,FLNT
3.135,3.1391,3.13,3.135,1750,2021-06-14 17:50:00,FLNT
3.135,3.14,3.135,3.14,600,2021-06-14 17:55:00,FLNT
3.135,3.135,3.135,3.135,684,2021-06-14 18:00:00,FLNT
3.135,3.135,3.12,3.12,9941,2021-06-14 18:05:00,FLNT
3.12,3.125,3.1117,3.115,1550,2021-06-14 18:10:00,FLNT
3.115,3.12,3.115,3.115,1000,2021-06-14 18:15:00,FLNT
3.12,3.12,3.115,3.115,600,2021-06-14 18:20:00,FLNT
3.115,3.12,3.1085,3.1085,5916,2021-06-14 18:25:00,FLNT
3.105,3.11,3.105,3.105,3197,2021-06-14 18:30:00,FLNT
3.105,3.1099,3.105,3.105,500,2021-06-14 18:35:00,FLNT
3.105,3.11,3.1008,3.11,1350,2021-06-14 18:40:00,FLNT
3.11,3.11,3.095,3.095,2000,2021-06-14 18:45:00,FLNT
3.095,3.1,3.09,3.095,2800,2021-06-14 18:50:00,FLNT
3.095,3.095,3.08,3.085,1800,2021-06-14 18:55:00,FLNT
3.08,3.085,3.08,3.085,200,2021-06-14 19:00:00,FLNT
3.08,3.08,3.075,3.075,1600,2021-06-14 19:05:00,FLNT
3.075,3.075,3.07,3.075,500,2021-06-14 19:10:00,FLNT
3.0701,3.08,3.07,3.08,3517,2021-06-14 19:15:00,FLNT
3.07,3.09,3.07,3.085,2100,2021-06-14 19:20:00,FLNT
3.09,3.09,3.085,3.085,300,2021-06-14 19:25:00,FLNT
3.08,3.09,3.07,3.07,3887,2021-06-14 19:30:00,FLNT
3.075,3.075,3.07,3.075,704,2021-06-14 19:35:00,FLNT
3.07,3.08,3.07,3.075,1200,2021-06-14 19:40:00,FLNT
3.0787,3.08,3.07,3.07,944,2021-06-14 19:45:00,FLNT
3.07,3.07,3.06,3.07,3789,2021-06-14 19:50:00,FLNT
3.065,3.08,3.06,3.08,7679,2021-06-14 19:55:00,FLNT
3.07,3.07,3.07,3.07,21139,2021-06-14 20:00:00,FLNT
3.07,3.07,3.07,3.07,176,2021-06-14 21:15:00,FLNT
3.1,3.1,3.1,3.1,200,2021-06-14 22:30:00,FLNT
3.03,3.03,3.03,3.03,100,2021-06-14 23:50:00,FLNT
3.03,3.03,3.03,3.03,300,2021-06-14 23:55:00,FLNT
3.08,3.08,3.08,3.08,217,2021-06-15 12:10:00,FLNT
3.08,3.09,3.05,3.05,8333,2021-06-15 13:30:00,FLNT
3.07,3.07,3.0482,3.05,7296,2021-06-15 13:35:00,FLNT
3.05,3.06,3.0355,3.055,2449,2021-06-15 13:40:00,FLNT
3.06,3.07,3.055,3.06,8281,2021-06-15 13:45:00,FLNT
3.065,3.075,3.065,3.07,3497,2021-06-15 13:50:00,FLNT
3.07,3.07,3.05,3.05,4800,2021-06-15 13:55:00,FLNT
3.05,3.06,3.05,3.05,3339,2021-06-15 14:00:00,FLNT
3.04,3.04,3.02,3.035,3022,2021-06-15 14:05:00,FLNT
3.03,3.03,3.03,3.03,588,2021-06-15 14:10:00,FLNT
3.025,3.025,3.0,3.02,9248,2021-06-15 14:15:00,FLNT
3.02,3.02,3.01,3.01,1366,2021-06-15 14:20:00,FLNT
3.01,3.01,2.97,2.98,10148,2021-06-15 14:25:00,FLNT
2.98,2.99,2.98,2.99,2075,2021-06-15 14:30:00,FLNT
3.0,3.0,2.98,2.99,5244,2021-06-15 14:35:00,FLNT
2.992,3.01,2.992,3.01,1403,2021-06-15 14:45:00,FLNT
3.0083,3.0099,3.0082,3.0099,1300,2021-06-15 14:50:00,FLNT
3.01,3.01,3.01,3.01,500,2021-06-15 14:55:00,FLNT
3.005,3.02,3.005,3.015,1100,2021-06-15 15:00:00,FLNT
3.02,3.02,3.01,3.015,4703,2021-06-15 15:05:00,FLNT
3.0,3.0199,3.0,3.0199,3700,2021-06-15 15:10:00,FLNT
3.01,3.01,2.995,3.0,5286,2021-06-15 15:20:00,FLNT
3.0,3.0,2.985,2.99,5394,2021-06-15 15:25:00,FLNT
2.99,2.995,2.985,2.995,5899,2021-06-15 15:30:00,FLNT
2.995,2.995,2.985,2.985,732,2021-06-15 15:35:00,FLNT
2.99,2.995,2.981,2.995,3893,2021-06-15 15:40:00,FLNT
2.9901,2.9987,2.9901,2.9987,1100,2021-06-15 15:45:00,FLNT
2.995,3.0,2.98,2.985,4878,2021-06-15 15:50:00,FLNT
2.985,2.985,2.98,2.98,586,2021-06-15 15:55:00,FLNT
2.985,2.99,2.985,2.985,1052,2021-06-15 16:00:00,FLNT
2.9879,2.9893,2.985,2.985,2700,2021-06-15 16:05:00,FLNT
2.985,2.985,2.985,2.985,100,2021-06-15 16:10:00,FLNT
2.9899,2.99,2.975,2.9799,3407,2021-06-15 16:15:00,FLNT
2.975,2.975,2.97,2.9709,1345,2021-06-15 16:20:00,FLNT
2.975,2.975,2.97,2.975,500,2021-06-15 16:25:00,FLNT
2.98,2.98,2.975,2.98,2056,2021-06-15 16:30:00,FLNT
2.97,2.978,2.97,2.975,800,2021-06-15 16:35:00,FLNT
2.975,2.975,2.965,2.965,1833,2021-06-15 16:40:00,FLNT
2.965,2.965,2.9615,2.9615,200,2021-06-15 16:45:00,FLNT
2.9619,2.97,2.96,2.965,3948,2021-06-15 16:50:00,FLNT
2.965,2.97,2.965,2.97,500,2021-06-15 16:55:00,FLNT
2.97,2.97,2.965,2.967,849,2021-06-15 17:00:00,FLNT
2.965,2.975,2.965,2.975,500,2021-06-15 17:05:00,FLNT
2.98,2.98,2.98,2.98,100,2021-06-15 17:10:00,FLNT
2.97,2.975,2.96,2.96,6874,2021-06-15 17:15:00,FLNT
2.96,2.97,2.96,2.968,1310,2021-06-15 17:20:00,FLNT
2.9673,2.9673,2.96,2.96,735,2021-06-15 17:25:00,FLNT
2.965,2.965,2.96,2.96,200,2021-06-15 17:30:00,FLNT
2.9685,2.9685,2.94,2.94,8178,2021-06-15 17:40:00,FLNT
2.95,2.95,2.945,2.945,1500,2021-06-15 17:45:00,FLNT
2.94,2.945,2.94,2.945,669,2021-06-15 17:50:00,FLNT
2.94,2.945,2.935,2.945,5400,2021-06-15 17:55:00,FLNT
2.945,2.95,2.945,2.95,796,2021-06-15 18:00:00,FLNT
2.95,2.955,2.9498,2.955,3320,2021-06-15 18:05:00,FLNT
2.9579,2.9591,2.955,2.955,1866,2021-06-15 18:10:00,FLNT
2.955,2.96,2.95,2.96,1400,2021-06-15 18:15:00,FLNT
2.96,2.965,2.96,2.965,1520,2021-06-15 18:20:00,FLNT
2.97,2.97,2.965,2.965,3801,2021-06-15 18:25:00,FLNT
2.97,2.97,2.965,2.965,4651,2021-06-15 18:30:00,FLNT
2.965,2.97,2.9606,2.965,2700,2021-06-15 18:40:00,FLNT
2.965,2.965,2.965,2.965,600,2021-06-15 18:45:00,FLNT
2.965,2.965,2.95,2.95,11612,2021-06-15 18:50:00,FLNT
2.95,2.95,2.94,2.945,5900,2021-06-15 18:55:00,FLNT
2.945,2.945,2.94,2.945,1092,2021-06-15 19:00:00,FLNT
2.94,2.945,2.94,2.945,1400,2021-06-15 19:05:00,FLNT
2.94,2.949,2.94,2.945,1100,2021-06-15 19:10:00,FLNT
2.9485,2.9485,2.945,2.945,900,2021-06-15 19:15:00,FLNT
2.945,2.95,2.94,2.945,2000,2021-06-15 19:20:00,FLNT
2.9485,2.95,2.92,2.92,12258,2021-06-15 19:25:00,FLNT
2.91,2.9371,2.9,2.93,10874,2021-06-15 19:30:00,FLNT
2.925,2.925,2.915,2.915,3617,2021-06-15 19:35:00,FLNT
2.91,2.92,2.91,2.91,1985,2021-06-15 19:40:00,FLNT
2.91,2.92,2.91,2.915,8854,2021-06-15 19:45:00,FLNT
2.91,2.92,2.905,2.9099,10807,2021-06-15 19:50:00,FLNT
2.91,2.93,2.91,2.92,15637,2021-06-15 19:55:00,FLNT
2.93,2.93,2.93,2.93,27720,2021-06-15 20:00:00,FLNT
2.99,2.99,2.98,2.99,300,2021-06-15 20:45:00,FLNT
2.98,2.98,2.98,2.98,320,2021-06-15 21:00:00,FLNT
2.96,2.96,2.96,2.96,100,2021-06-15 23:20:00,FLNT
2.94,2.9715,2.92,2.93,11066,2021-06-16 13:30:00,FLNT
2.93,2.94,2.91,2.94,5650,2021-06-16 13:35:00,FLNT
2.935,2.95,2.935,2.95,500,2021-06-16 13:40:00,FLNT
2.9477,2.9477,2.92,2.925,2883,2021-06-16 13:45:00,FLNT
2.93,2.93,2.925,2.925,2000,2021-06-16 13:50:00,FLNT
2.92,2.92,2.91,2.91,3911,2021-06-16 13:55:00,FLNT
2.9113,2.92,2.91,2.92,1700,2021-06-16 14:00:00,FLNT
2.92,2.93,2.92,2.9289,600,2021-06-16 14:05:00,FLNT
2.93,2.94,2.93,2.935,1850,2021-06-16 14:10:00,FLNT
2.94,2.96,2.94,2.96,2653,2021-06-16 14:15:00,FLNT
2.9599,2.9599,2.94,2.94,2200,2021-06-16 14:20:00,FLNT
2.93,2.935,2.93,2.935,600,2021-06-16 14:25:00,FLNT
2.93,2.94,2.93,2.94,1000,2021-06-16 14:30:00,FLNT
2.935,2.95,2.93,2.945,3223,2021-06-16 14:35:00,FLNT
2.9489,2.9489,2.9489,2.9489,100,2021-06-16 14:40:00,FLNT
2.945,2.948,2.94,2.948,1700,2021-06-16 14:45:00,FLNT
2.945,2.95,2.94,2.9401,3482,2021-06-16 14:50:00,FLNT
2.94,2.94,2.93,2.935,2855,2021-06-16 14:55:00,FLNT
2.94,2.94,2.94,2.94,500,2021-06-16 15:00:00,FLNT
2.935,2.935,2.93,2.93,200,2021-06-16 15:05:00,FLNT
2.9278,2.93,2.9226,2.9226,400,2021-06-16 15:10:00,FLNT
2.925,2.925,2.925,2.925,1100,2021-06-16 15:20:00,FLNT
2.9285,2.93,2.9285,2.93,200,2021-06-16 15:25:00,FLNT
2.92,2.925,2.92,2.925,600,2021-06-16 15:30:00,FLNT
2.925,2.925,2.925,2.925,100,2021-06-16 15:35:00,FLNT
2.9221,2.94,2.9201,2.935,2712,2021-06-16 15:40:00,FLNT
2.93,2.935,2.93,2.9312,2489,2021-06-16 15:45:00,FLNT
2.935,2.939,2.935,2.939,437,2021-06-16 15:50:00,FLNT
2.94,2.94,2.93,2.94,550,2021-06-16 15:55:00,FLNT
2.94,2.9479,2.94,2.945,2159,2021-06-16 16:00:00,FLNT
2.945,2.945,2.93,2.93,3327,2021-06-16 16:10:00,FLNT
2.93,2.935,2.93,2.935,400,2021-06-16 16:15:00,FLNT
2.935,2.935,2.935,2.935,200,2021-06-16 16:20:00,FLNT
2.93,2.93,2.915,2.9189,3945,2021-06-16 16:25:00,FLNT
2.915,2.915,2.91,2.915,500,2021-06-16 16:30:00,FLNT
2.91,2.915,2.91,2.915,200,2021-06-16 16:35:00,FLNT
2.915,2.92,2.915,2.92,300,2021-06-16 16:40:00,FLNT
2.913,2.913,2.91,2.91,1100,2021-06-16 16:45:00,FLNT
2.91,2.915,2.91,2.915,200,2021-06-16 16:50:00,FLNT
2.91,2.925,2.91,2.92,2444,2021-06-16 16:55:00,FLNT
2.925,2.925,2.925,2.925,200,2021-06-16 17:05:00,FLNT
2.925,2.93,2.925,2.93,500,2021-06-16 17:10:00,FLNT
2.92,2.92,2.92,2.92,200,2021-06-16 17:15:00,FLNT
2.925,2.925,2.915,2.915,600,2021-06-16 17:25:00,FLNT
2.91,2.9117,2.91,2.9117,1402,2021-06-16 17:30:00,FLNT
2.915,2.93,2.915,2.925,1492,2021-06-16 17:35:00,FLNT
2.925,2.925,2.92,2.92,200,2021-06-16 17:45:00,FLNT
2.93,2.93,2.93,2.93,1000,2021-06-16 17:50:00,FLNT
2.935,2.935,2.93,2.93,516,2021-06-16 17:55:00,FLNT
2.91,2.915,2.91,2.91,1783,2021-06-16 18:00:00,FLNT
2.92,2.925,2.92,2.92,1140,2021-06-16 18:05:00,FLNT
2.92,2.92,2.909,2.909,1450,2021-06-16 18:10:00,FLNT
2.9,2.905,2.88,2.88,12245,2021-06-16 18:15:00,FLNT
2.89,2.9,2.88,2.895,4708,2021-06-16 18:20:00,FLNT
2.895,2.905,2.895,2.905,1381,2021-06-16 18:25:00,FLNT
2.905,2.91,2.905,2.91,1800,2021-06-16 18:30:00,FLNT
2.91,2.91,2.9,2.9,600,2021-06-16 18:35:00,FLNT
2.9,2.9,2.88,2.88,900,2021-06-16 18:40:00,FLNT
2.88,2.8899,2.87,2.8899,2320,2021-06-16 18:45:00,FLNT
2.89,2.895,2.885,2.893,1508,2021-06-16 18:50:00,FLNT
2.89,2.89,2.89,2.89,1300,2021-06-16 18:55:00,FLNT
2.895,2.9082,2.8923,2.9,2211,2021-06-16 19:00:00,FLNT
2.905,2.91,2.905,2.9058,1308,2021-06-16 19:05:00,FLNT
2.91,2.915,2.91,2.91,1000,2021-06-16 19:10:00,FLNT
2.915,2.915,2.915,2.915,100,2021-06-16 19:15:00,FLNT
2.92,2.93,2.92,2.93,2847,2021-06-16 19:20:00,FLNT
2.93,2.935,2.92,2.9278,1100,2021-06-16 19:25:00,FLNT
2.92,2.92,2.92,2.92,800,2021-06-16 19:30:00,FLNT
2.915,2.915,2.915,2.915,300,2021-06-16 19:35:00,FLNT
2.92,2.93,2.91,2.92,3200,2021-06-16 19:40:00,FLNT
2.925,2.9288,2.92,2.92,471,2021-06-16 19:45:00,FLNT
2.92,2.92,2.91,2.91,2997,2021-06-16 19:50:00,FLNT
2.92,2.92,2.91,2.915,9183,2021-06-16 19:55:00,FLNT
2.91,2.91,2.91,2.91,36792,2021-06-16 20:00:00,FLNT
2.94,2.94,2.94,2.94,900,2021-06-17 13:00:00,FLNT
2.91,3.02,2.91,3.02,21094,2021-06-17 13:30:00,FLNT
3.015,3.03,2.9882,2.9902,9149,2021-06-17 13:35:00,FLNT
2.9825,2.99,2.94,2.95,7488,2021-06-17 13:40:00,FLNT
2.95,2.97,2.95,2.97,1721,2021-06-17 13:45:00,FLNT
2.9699,2.975,2.96,2.965,9906,2021-06-17 13:50:00,FLNT
2.97,2.97,2.95,2.95,3999,2021-06-17 13:55:00,FLNT
2.95,2.97,2.95,2.97,2529,2021-06-17 14:00:00,FLNT
2.98,2.98,2.965,2.965,2713,2021-06-17 14:05:00,FLNT
2.97,2.98,2.96,2.98,2510,2021-06-17 14:10:00,FLNT
2.98,2.98,2.9701,2.98,540,2021-06-17 14:15:00,FLNT
2.98,2.99,2.9797,2.985,2246,2021-06-17 14:20:00,FLNT
2.99,2.99,2.985,2.99,577,2021-06-17 14:25:00,FLNT
2.985,2.99,2.965,2.965,3000,2021-06-17 14:30:00,FLNT
2.97,2.975,2.97,2.97,1400,2021-06-17 14:35:00,FLNT
2.975,2.9784,2.97,2.9784,1301,2021-06-17 14:40:00,FLNT
2.98,2.98,2.965,2.965,2400,2021-06-17 14:45:00,FLNT
2.965,2.965,2.965,2.965,100,2021-06-17 14:50:00,FLNT
2.965,2.9677,2.965,2.9677,269,2021-06-17 14:55:00,FLNT
2.96,2.96,2.96,2.96,1300,2021-06-17 15:00:00,FLNT
2.955,2.96,2.95,2.96,604,2021-06-17 15:05:00,FLNT
2.95,2.955,2.95,2.95,1599,2021-06-17 15:10:00,FLNT
2.955,2.955,2.945,2.945,1700,2021-06-17 15:15:00,FLNT
2.94,2.94,2.94,2.94,100,2021-06-17 15:20:00,FLNT
2.945,2.945,2.94,2.945,827,2021-06-17 15:25:00,FLNT
2.9487,2.9487,2.9487,2.9487,250,2021-06-17 15:30:00,FLNT
2.945,2.945,2.93,2.94,14501,2021-06-17 15:35:00,FLNT
2.935,2.94,2.93,2.93,300,2021-06-17 15:40:00,FLNT
2.93,2.94,2.93,2.93,3100,2021-06-17 15:45:00,FLNT
2.93,2.9301,2.91,2.91,16974,2021-06-17 15:50:00,FLNT
2.92,2.92,2.9,2.9,4435,2021-06-17 15:55:00,FLNT
2.9,2.915,2.9,2.9,6199,2021-06-17 16:00:00,FLNT
2.9018,2.91,2.9,2.9001,1290,2021-06-17 16:05:00,FLNT
2.9,2.9012,2.9,2.9,2898,2021-06-17 16:10:00,FLNT
2.9,2.9,2.89,2.89,4146,2021-06-17 16:15:00,FLNT
2.89,2.895,2.89,2.895,1600,2021-06-17 16:20:00,FLNT
2.895,2.895,2.88,2.88,1200,2021-06-17 16:25:00,FLNT
2.8886,2.89,2.88,2.885,2966,2021-06-17 16:30:00,FLNT
2.885,2.91,2.885,2.91,4049,2021-06-17 16:35:00,FLNT
2.915,2.915,2.915,2.915,1200,2021-06-17 16:40:00,FLNT
2.915,2.92,2.91,2.92,5700,2021-06-17 16:45:00,FLNT
2.911,2.92,2.91,2.92,7400,2021-06-17 16:50:00,FLNT
2.93,2.93,2.925,2.925,200,2021-06-17 16:55:00,FLNT
2.925,2.93,2.925,2.925,400,2021-06-17 17:00:00,FLNT
2.93,2.94,2.925,2.935,987,2021-06-17 17:05:00,FLNT
2.94,2.94,2.935,2.935,300,2021-06-17 17:10:00,FLNT
2.935,2.935,2.935,2.935,100,2021-06-17 17:15:00,FLNT
2.935,2.935,2.93,2.93,200,2021-06-17 17:20:00,FLNT
2.93,2.94,2.93,2.935,600,2021-06-17 17:25:00,FLNT
2.9312,2.935,2.9312,2.935,2000,2021-06-17 17:30:00,FLNT
2.935,2.935,2.935,2.935,100,2021-06-17 17:35:00,FLNT
2.94,2.94,2.935,2.935,700,2021-06-17 17:40:00,FLNT
2.935,2.935,2.93,2.93,300,2021-06-17 17:45:00,FLNT
2.93,2.935,2.93,2.935,200,2021-06-17 17:55:00,FLNT
2.9303,2.9303,2.93,2.93,200,2021-06-17 18:00:00,FLNT
2.935,2.935,2.935,2.935,100,2021-06-17 18:05:00,FLNT
2.935,2.94,2.935,2.935,700,2021-06-17 18:10:00,FLNT
2.935,2.94,2.93,2.935,710,2021-06-17 18:15:00,FLNT
2.9399,2.9399,2.935,2.935,1200,2021-06-17 18:20:00,FLNT
2.94,2.95,2.935,2.935,6151,2021-06-17 18:25:00,FLNT
2.93,2.93,2.93,2.93,2617,2021-06-17 18:30:00,FLNT
2.935,2.94,2.935,2.935,1339,2021-06-17 18:35:00,FLNT
2.935,2.935,2.935,2.935,200,2021-06-17 18:40:00,FLNT
2.94,2.94,2.9214,2.925,2150,2021-06-17 18:45:00,FLNT
2.93,2.93,2.925,2.925,400,2021-06-17 18:50:00,FLNT
2.925,2.925,2.91,2.91,3492,2021-06-17 18:55:00,FLNT
2.91,2.92,2.91,2.92,1400,2021-06-17 19:00:00,FLNT
2.925,2.9293,2.9213,2.925,614,2021-06-17 19:05:00,FLNT
2.925,2.945,2.925,2.945,2800,2021-06-17 19:10:00,FLNT
2.935,2.94,2.93,2.93,795,2021-06-17 19:15:00,FLNT
2.925,2.925,2.915,2.92,1199,2021-06-17 19:20:00,FLNT
2.915,2.9189,2.915,2.915,722,2021-06-17 19:25:00,FLNT
2.92,2.93,2.92,2.925,1200,2021-06-17 19:30:00,FLNT
2.925,2.93,2.925,2.93,400,2021-06-17 19:35:00,FLNT
2.9299,2.9299,2.9297,2.9297,209,2021-06-17 19:40:00,FLNT
2.93,2.93,2.92,2.92,3170,2021-06-17 19:45:00,FLNT
2.915,2.92,2.91,2.915,5642,2021-06-17 19:50:00,FLNT
2.91,2.93,2.91,2.93,11444,2021-06-17 19:55:00,FLNT
2.92,2.92,2.92,2.92,15081,2021-06-17 20:00:00,FLNT
2.85,2.85,2.85,2.85,100,2021-06-18 13:25:00,FLNT
2.85,2.88,2.82,2.87,52455,2021-06-18 13:30:00,FLNT
2.85,2.9,2.85,2.89,2761,2021-06-18 13:35:00,FLNT
2.89,2.895,2.89,2.8901,2208,2021-06-18 13:40:00,FLNT
2.885,2.885,2.8801,2.8801,300,2021-06-18 13:45:00,FLNT
2.88,2.885,2.835,2.835,9562,2021-06-18 13:50:00,FLNT
2.84,2.8592,2.84,2.8582,1374,2021-06-18 13:55:00,FLNT
2.86,2.8676,2.85,2.855,4057,2021-06-18 14:00:00,FLNT
2.8586,2.875,2.8586,2.865,1700,2021-06-18 14:05:00,FLNT
2.865,2.875,2.8501,2.87,1620,2021-06-18 14:10:00,FLNT
2.86,2.86,2.845,2.845,2468,2021-06-18 14:15:00,FLNT
2.84,2.855,2.84,2.855,3686,2021-06-18 14:20:00,FLNT
2.8599,2.865,2.855,2.865,7300,2021-06-18 14:25:00,FLNT
2.87,2.87,2.85,2.86,2200,2021-06-18 14:30:00,FLNT
2.861,2.87,2.86,2.87,4464,2021-06-18 14:35:00,FLNT
2.86,2.86,2.86,2.86,500,2021-06-18 14:40:00,FLNT
2.86,2.88,2.86,2.88,5536,2021-06-18 14:45:00,FLNT
2.875,2.875,2.86,2.865,1268,2021-06-18 14:50:00,FLNT
2.865,2.87,2.865,2.87,1300,2021-06-18 14:55:00,FLNT
2.88,2.88,2.88,2.88,300,2021-06-18 15:00:00,FLNT
2.875,2.875,2.875,2.875,500,2021-06-18 15:05:00,FLNT
2.88,2.88,2.865,2.865,1466,2021-06-18 15:10:00,FLNT
2.86,2.86,2.86,2.86,100,2021-06-18 15:15:00,FLNT
2.87,2.87,2.8638,2.8638,500,2021-06-18 15:20:00,FLNT
2.86,2.86,2.855,2.855,1200,2021-06-18 15:25:00,FLNT
2.855,2.86,2.855,2.86,1300,2021-06-18 15:30:00,FLNT
2.87,2.885,2.87,2.885,975,2021-06-18 15:35:00,FLNT
2.8849,2.885,2.8849,2.885,500,2021-06-18 15:40:00,FLNT
2.885,2.885,2.865,2.87,1213,2021-06-18 15:45:00,FLNT
2.86,2.86,2.86,2.86,100,2021-06-18 15:50:00,FLNT
2.8615,2.87,2.8615,2.865,552,2021-06-18 15:55:00,FLNT
2.8601,2.87,2.86,2.86,594,2021-06-18 16:00:00,FLNT
2.87,2.87,2.86,2.865,3091,2021-06-18 16:05:00,FLNT
2.86,2.86,2.86,2.86,650,2021-06-18 16:10:00,FLNT
2.865,2.865,2.865,2.865,100,2021-06-18 16:15:00,FLNT
2.86,2.86,2.86,2.86,100,2021-06-18 16:20:00,FLNT
2.8601,2.87,2.8601,2.87,546,2021-06-18 16:25:00,FLNT
2.865,2.87,2.85,2.85,2246,2021-06-18 16:30:00,FLNT
2.8587,2.86,2.8509,2.855,1600,2021-06-18 16:35:00,FLNT
2.855,2.865,2.855,2.865,3300,2021-06-18 16:40:00,FLNT
2.865,2.8699,2.86,2.8699,3375,2021-06-18 16:45:00,FLNT
2.865,2.865,2.865,2.865,300,2021-06-18 16:50:00,FLNT
2.865,2.865,2.865,2.865,200,2021-06-18 16:55:00,FLNT
2.865,2.865,2.86,2.86,200,2021-06-18 17:00:00,FLNT
2.86,2.865,2.86,2.865,200,2021-06-18 17:05:00,FLNT
2.865,2.865,2.865,2.865,200,2021-06-18 17:10:00,FLNT
2.865,2.865,2.865,2.865,100,2021-06-18 17:15:00,FLNT
2.8699,2.8699,2.85,2.85,4100,2021-06-18 17:20:00,FLNT
2.855,2.858,2.855,2.858,249,2021-06-18 17:25:00,FLNT
2.855,2.855,2.855,2.855,100,2021-06-18 17:30:00,FLNT
2.855,2.855,2.855,2.855,200,2021-06-18 17:40:00,FLNT
2.855,2.86,2.855,2.86,200,2021-06-18 17:45:00,FLNT
2.855,2.8584,2.855,2.8584,816,2021-06-18 17:50:00,FLNT
2.855,2.855,2.855,2.855,100,2021-06-18 17:55:00,FLNT
2.855,2.86,2.855,2.86,1100,2021-06-18 18:00:00,FLNT
2.855,2.855,2.855,2.855,300,2021-06-18 18:05:00,FLNT
2.855,2.855,2.855,2.855,100,2021-06-18 18:10:00,FLNT
2.855,2.859,2.84,2.84,14706,2021-06-18 18:20:00,FLNT
2.84,2.84,2.835,2.84,1300,2021-06-18 18:25:00,FLNT
2.835,2.835,2.81,2.81,7362,2021-06-18 18:35:00,FLNT
2.815,2.82,2.8,2.805,3111,2021-06-18 18:40:00,FLNT
2.805,2.805,2.805,2.805,500,2021-06-18 18:45:00,FLNT
2.805,2.8207,2.79,2.8116,19296,2021-06-18 18:50:00,FLNT
2.8189,2.82,2.8,2.8088,1800,2021-06-18 18:55:00,FLNT
2.81,2.818,2.81,2.818,1800,2021-06-18 19:00:00,FLNT
2.82,2.83,2.81,2.82,2400,2021-06-18 19:05:00,FLNT
2.825,2.83,2.82,2.83,500,2021-06-18 19:10:00,FLNT
2.83,2.83,2.82,2.82,401,2021-06-18 19:15:00,FLNT
2.8301,2.8301,2.8301,2.8301,100,2021-06-18 19:20:00,FLNT
2.835,2.835,2.835,2.835,200,2021-06-18 19:25:00,FLNT
2.84,2.84,2.83,2.835,2000,2021-06-18 19:30:00,FLNT
2.835,2.84,2.835,2.835,1200,2021-06-18 19:35:00,FLNT
2.84,2.845,2.83,2.845,1137,2021-06-18 19:40:00,FLNT
2.845,2.85,2.83,2.83,2951,2021-06-18 19:45:00,FLNT
2.825,2.85,2.82,2.82,23555,2021-06-18 19:50:00,FLNT
2.84,2.84,2.82,2.82,10063,2021-06-18 19:55:00,FLNT
2.84,2.84,2.84,2.84,66429,2021-06-18 20:00:00,FLNT
2.85,2.85,2.85,2.85,500,2021-06-18 23:40:00,FLNT
2.79,2.79,2.69,2.69,6980,2021-06-21 08:50:00,FLNT
2.82,2.82,2.81,2.81,500,2021-06-21 11:00:00,FLNT
2.78,2.8,2.76,2.76,1188,2021-06-21 12:45:00,FLNT
2.8,2.97,2.8,2.84,10175,2021-06-21 13:15:00,FLNT
2.85,2.85,2.8301,2.84,8342,2021-06-21 13:30:00,FLNT
2.84,2.84,2.77,2.805,57210,2021-06-21 13:35:00,FLNT
2.81,2.8199,2.8,2.8199,6315,2021-06-21 13:40:00,FLNT
2.81,2.82,2.79,2.815,10446,2021-06-21 13:45:00,FLNT
2.815,2.83,2.81,2.83,3055,2021-06-21 13:50:00,FLNT
2.825,2.825,2.81,2.825,1900,2021-06-21 13:55:00,FLNT
2.83,2.84,2.82,2.84,4962,2021-06-21 14:00:00,FLNT
2.8309,2.835,2.8309,2.835,317,2021-06-21 14:05:00,FLNT
2.835,2.86,2.83,2.84,5724,2021-06-21 14:15:00,FLNT
2.83,2.8362,2.81,2.83,1400,2021-06-21 14:20:00,FLNT
2.83,2.83,2.825,2.83,1741,2021-06-21 14:25:00,FLNT
2.82,2.83,2.81,2.81,21601,2021-06-21 14:30:00,FLNT
2.82,2.82,2.81,2.82,1700,2021-06-21 14:35:00,FLNT
2.81,2.82,2.81,2.81,957,2021-06-21 14:40:00,FLNT
2.8181,2.82,2.81,2.81,750,2021-06-21 14:45:00,FLNT
2.8199,2.8199,2.8,2.8,20188,2021-06-21 14:50:00,FLNT
2.8,2.81,2.8,2.8,2550,2021-06-21 14:55:00,FLNT
2.8,2.81,2.8,2.8,1400,2021-06-21 15:00:00,FLNT
2.81,2.83,2.8,2.825,4501,2021-06-21 15:05:00,FLNT
2.825,2.835,2.82,2.82,4292,2021-06-21 15:10:00,FLNT
2.83,2.83,2.82,2.82,1000,2021-06-21 15:15:00,FLNT
2.82,2.83,2.81,2.815,3063,2021-06-21 15:25:00,FLNT
2.81,2.82,2.8,2.8,4018,2021-06-21 15:30:00,FLNT
2.81,2.81,2.8,2.8,2190,2021-06-21 15:35:00,FLNT
2.8,2.81,2.8,2.8095,1900,2021-06-21 15:40:00,FLNT
2.8,2.81,2.8,2.81,699,2021-06-21 15:45:00,FLNT
2.8087,2.81,2.79,2.8,4105,2021-06-21 15:50:00,FLNT
2.8,2.81,2.8,2.805,1900,2021-06-21 15:55:00,FLNT
2.8025,2.8025,2.8025,2.8025,333,2021-06-21 16:00:00,FLNT
2.81,2.81,2.8,2.8,1500,2021-06-21 16:05:00,FLNT
2.795,2.795,2.77,2.78,26063,2021-06-21 16:10:00,FLNT
2.78,2.79,2.78,2.79,14696,2021-06-21 16:15:00,FLNT
2.79,2.8,2.79,2.8,6579,2021-06-21 16:20:00,FLNT
2.8,2.8,2.8,2.8,200,2021-06-21 16:25:00,FLNT
2.79,2.79,2.78,2.79,4770,2021-06-21 16:30:00,FLNT
2.78,2.78,2.78,2.78,200,2021-06-21 16:35:00,FLNT
2.78,2.8,2.78,2.8,1861,2021-06-21 16:40:00,FLNT
2.7901,2.8,2.79,2.8,9100,2021-06-21 16:45:00,FLNT
2.795,2.8,2.79,2.79,500,2021-06-21 16:50:00,FLNT
2.8,2.8,2.78,2.78,4238,2021-06-21 16:55:00,FLNT
2.781,2.79,2.78,2.79,1200,2021-06-21 17:00:00,FLNT
2.7801,2.79,2.7801,2.79,1281,2021-06-21 17:05:00,FLNT
2.782,2.79,2.78,2.79,2200,2021-06-21 17:10:00,FLNT
2.79,2.79,2.78,2.79,3900,2021-06-21 17:15:00,FLNT
2.7987,2.805,2.7987,2.805,1500,2021-06-21 17:20:00,FLNT
2.8078,2.81,2.8,2.8,2215,2021-06-21 17:25:00,FLNT
2.815,2.82,2.815,2.82,200,2021-06-21 17:30:00,FLNT
2.82,2.82,2.82,2.82,100,2021-06-21 17:35:00,FLNT
2.82,2.82,2.8,2.8,1600,2021-06-21 17:40:00,FLNT
2.8,2.8,2.8,2.8,100,2021-06-21 17:45:00,FLNT
2.801,2.815,2.8,2.815,7300,2021-06-21 17:55:00,FLNT
2.81,2.81,2.81,2.81,900,2021-06-21 18:00:00,FLNT
2.81,2.8277,2.81,2.8277,5030,2021-06-21 18:05:00,FLNT
2.83,2.83,2.8293,2.83,3600,2021-06-21 18:10:00,FLNT
2.825,2.825,2.825,2.825,1109,2021-06-21 18:15:00,FLNT
2.825,2.83,2.825,2.83,800,2021-06-21 18:20:00,FLNT
2.825,2.83,2.825,2.83,1141,2021-06-21 18:25:00,FLNT
2.8201,2.8201,2.82,2.82,300,2021-06-21 18:30:00,FLNT
2.8212,2.8212,2.8212,2.8212,100,2021-06-21 18:35:00,FLNT
2.82,2.825,2.82,2.825,675,2021-06-21 18:40:00,FLNT
2.8285,2.83,2.8285,2.83,777,2021-06-21 18:45:00,FLNT
2.82,2.83,2.82,2.825,1961,2021-06-21 18:50:00,FLNT
2.8278,2.83,2.825,2.825,500,2021-06-21 18:55:00,FLNT
2.825,2.825,2.822,2.822,519,2021-06-21 19:00:00,FLNT
2.825,2.83,2.82,2.82,1798,2021-06-21 19:05:00,FLNT
2.82,2.825,2.82,2.825,298,2021-06-21 19:10:00,FLNT
2.83,2.83,2.8214,2.8214,755,2021-06-21 19:15:00,FLNT
2.83,2.83,2.818,2.818,2109,2021-06-21 19:20:00,FLNT
2.82,2.82,2.81,2.815,2131,2021-06-21 19:25:00,FLNT
2.817,2.82,2.815,2.815,2487,2021-06-21 19:30:00,FLNT
2.815,2.825,2.81,2.825,5697,2021-06-21 19:35:00,FLNT
2.825,2.83,2.825,2.83,783,2021-06-21 19:40:00,FLNT
2.825,2.83,2.825,2.825,4130,2021-06-21 19:45:00,FLNT
2.83,2.84,2.82,2.84,7964,2021-06-21 19:50:00,FLNT
2.84,2.85,2.835,2.845,26887,2021-06-21 19:55:00,FLNT
2.84,2.84,2.84,2.84,44305,2021-06-21 20:00:00,FLNT
2.83,2.83,2.83,2.83,1000,2021-06-22 13:25:00,FLNT
2.86,2.86,2.8365,2.85,8255,2021-06-22 13:30:00,FLNT
2.86,2.865,2.8507,2.865,4600,2021-06-22 13:35:00,FLNT
2.865,2.8695,2.85,2.8599,11843,2021-06-22 13:40:00,FLNT
2.86,2.88,2.86,2.88,4078,2021-06-22 13:45:00,FLNT
2.87,2.875,2.86,2.86,8981,2021-06-22 13:50:00,FLNT
2.86,2.86,2.86,2.86,202,2021-06-22 13:55:00,FLNT
2.86,2.87,2.86,2.86,5144,2021-06-22 14:00:00,FLNT
2.86,2.87,2.84,2.84,11433,2021-06-22 14:05:00,FLNT
2.8479,2.8479,2.83,2.83,4025,2021-06-22 14:10:00,FLNT
2.84,2.84,2.84,2.84,400,2021-06-22 14:15:00,FLNT
2.8422,2.8484,2.825,2.825,2135,2021-06-22 14:20:00,FLNT
2.825,2.83,2.82,2.83,2700,2021-06-22 14:25:00,FLNT
2.825,2.8299,2.8102,2.82,12332,2021-06-22 14:30:00,FLNT
2.81,2.81,2.81,2.81,300,2021-06-22 14:35:00,FLNT
2.82,2.82,2.815,2.815,1125,2021-06-22 14:40:00,FLNT
2.81,2.82,2.81,2.82,2100,2021-06-22 14:45:00,FLNT
2.82,2.82,2.82,2.82,200,2021-06-22 14:50:00,FLNT
2.83,2.83,2.82,2.83,800,2021-06-22 14:55:00,FLNT
2.8291,2.835,2.825,2.8316,4290,2021-06-22 15:05:00,FLNT
2.84,2.84,2.84,2.84,1000,2021-06-22 15:15:00,FLNT
2.8301,2.835,2.8301,2.835,950,2021-06-22 15:20:00,FLNT
2.839,2.84,2.83,2.84,1940,2021-06-22 15:25:00,FLNT
2.83,2.84,2.83,2.835,1799,2021-06-22 15:30:00,FLNT
2.84,2.8488,2.83,2.8441,4273,2021-06-22 15:35:00,FLNT
2.84,2.841,2.84,2.84,2808,2021-06-22 15:45:00,FLNT
2.835,2.835,2.83,2.83,368,2021-06-22 15:50:00,FLNT
2.835,2.835,2.82,2.83,3903,2021-06-22 15:55:00,FLNT
2.83,2.83,2.825,2.825,600,2021-06-22 16:00:00,FLNT
2.825,2.83,2.825,2.825,593,2021-06-22 16:05:00,FLNT
2.8299,2.8299,2.82,2.8201,4700,2021-06-22 16:10:00,FLNT
2.82,2.82,2.82,2.82,400,2021-06-22 16:15:00,FLNT
2.82,2.825,2.82,2.825,900,2021-06-22 16:20:00,FLNT
2.825,2.825,2.8209,2.8209,1833,2021-06-22 16:25:00,FLNT
2.82,2.82,2.82,2.82,300,2021-06-22 16:30:00,FLNT
2.825,2.83,2.825,2.83,400,2021-06-22 16:35:00,FLNT
2.83,2.83,2.83,2.83,898,2021-06-22 16:45:00,FLNT
2.82,2.8201,2.82,2.8201,1901,2021-06-22 16:55:00,FLNT
2.83,2.83,2.8216,2.825,1300,2021-06-22 17:00:00,FLNT
2.825,2.825,2.825,2.825,300,2021-06-22 17:05:00,FLNT
2.82,2.829,2.82,2.829,1800,2021-06-22 17:10:00,FLNT
2.82,2.8205,2.82,2.82,500,2021-06-22 17:15:00,FLNT
2.83,2.83,2.83,2.83,500,2021-06-22 17:20:00,FLNT
2.825,2.83,2.82,2.83,1785,2021-06-22 17:25:00,FLNT
2.82,2.83,2.82,2.83,999,2021-06-22 17:35:00,FLNT
2.8359,2.84,2.8359,2.84,200,2021-06-22 17:40:00,FLNT
2.84,2.84,2.835,2.835,200,2021-06-22 17:45:00,FLNT
2.835,2.835,2.83,2.83,500,2021-06-22 17:50:00,FLNT
2.83,2.83,2.83,2.83,249,2021-06-22 17:55:00,FLNT
2.83,2.835,2.83,2.835,400,2021-06-22 18:00:00,FLNT
2.83,2.83,2.83,2.83,200,2021-06-22 18:05:00,FLNT
2.835,2.835,2.8321,2.8321,300,2021-06-22 18:10:00,FLNT
2.84,2.84,2.8301,2.8301,900,2021-06-22 18:15:00,FLNT
2.83,2.835,2.83,2.835,500,2021-06-22 18:20:00,FLNT
2.84,2.84,2.84,2.84,300,2021-06-22 18:25:00,FLNT
2.8301,2.8301,2.8301,2.8301,500,2021-06-22 18:30:00,FLNT
2.8393,2.84,2.83,2.84,4103,2021-06-22 18:35:00,FLNT
2.845,2.85,2.845,2.85,288,2021-06-22 18:45:00,FLNT
2.85,2.85,2.845,2.85,2300,2021-06-22 18:55:00,FLNT
2.84,2.84,2.84,2.84,200,2021-06-22 19:00:00,FLNT
2.84,2.845,2.835,2.835,2757,2021-06-22 19:05:00,FLNT
2.8399,2.8399,2.83,2.83,500,2021-06-22 19:10:00,FLNT
2.83,2.835,2.83,2.835,300,2021-06-22 19:15:00,FLNT
2.835,2.845,2.83,2.84,3700,2021-06-22 19:20:00,FLNT
2.85,2.85,2.84,2.84,2254,2021-06-22 19:25:00,FLNT
2.85,2.85,2.85,2.85,2542,2021-06-22 19:30:00,FLNT
2.85,2.87,2.85,2.86,4863,2021-06-22 19:45:00,FLNT
2.87,2.88,2.86,2.8706,12466,2021-06-22 19:50:00,FLNT
2.88,2.88,2.86,2.86,11657,2021-06-22 19:55:00,FLNT
2.87,2.87,2.87,2.87,28042,2021-06-22 20:00:00,FLNT
2.87,2.87,2.87,2.87,160,2021-06-22 21:00:00,FLNT
2.87,2.88,2.87,2.88,938,2021-06-22 22:55:00,FLNT
2.9,2.9,2.9,2.9,300,2021-06-23 12:05:00,FLNT
2.9,2.94,2.9,2.93,7760,2021-06-23 13:30:00,FLNT
2.93,2.96,2.93,2.955,6617,2021-06-23 13:35:00,FLNT
2.96,2.99,2.96,2.985,17034,2021-06-23 13:40:00,FLNT
2.99,2.99,2.95,2.95,9848,2021-06-23 13:45:00,FLNT
2.96,2.96,2.96,2.96,730,2021-06-23 13:50:00,FLNT
2.96,2.965,2.95,2.965,2459,2021-06-23 13:55:00,FLNT
2.96,2.9618,2.95,2.96,6202,2021-06-23 14:00:00,FLNT
2.97,2.98,2.97,2.975,2016,2021-06-23 14:05:00,FLNT
2.98,2.98,2.97,2.975,11730,2021-06-23 14:10:00,FLNT
2.98,2.98,2.971,2.971,683,2021-06-23 14:15:00,FLNT
2.9799,2.98,2.97,2.9712,1000,2021-06-23 14:20:00,FLNT
2.98,2.98,2.97,2.97,1000,2021-06-23 14:25:00,FLNT
2.979,2.98,2.965,2.965,2494,2021-06-23 14:30:00,FLNT
2.9611,2.9611,2.9611,2.9611,150,2021-06-23 14:35:00,FLNT
2.96,2.965,2.95,2.95,3600,2021-06-23 14:40:00,FLNT
2.95,2.9518,2.93,2.93,5750,2021-06-23 14:45:00,FLNT
2.9201,2.93,2.92,2.93,8600,2021-06-23 14:50:00,FLNT
2.925,2.9399,2.925,2.9399,4900,2021-06-23 14:55:00,FLNT
2.935,2.94,2.93,2.93,1400,2021-06-23 15:00:00,FLNT
2.93,2.93,2.92,2.92,1270,2021-06-23 15:05:00,FLNT
2.9115,2.92,2.9115,2.919,1600,2021-06-23 15:10:00,FLNT
2.92,2.9387,2.92,2.9387,3250,2021-06-23 15:15:00,FLNT
2.9307,2.935,2.93,2.935,3500,2021-06-23 15:20:00,FLNT
2.93,2.937,2.93,2.935,1600,2021-06-23 15:25:00,FLNT
2.93,2.94,2.93,2.93,1690,2021-06-23 15:30:00,FLNT
2.94,2.94,2.94,2.94,100,2021-06-23 15:40:00,FLNT
2.93,2.93,2.93,2.93,300,2021-06-23 15:45:00,FLNT
2.935,2.94,2.93,2.94,1271,2021-06-23 15:50:00,FLNT
2.9301,2.94,2.9301,2.935,752,2021-06-23 15:55:00,FLNT
2.9301,2.9301,2.93,2.93,900,2021-06-23 16:00:00,FLNT
2.932,2.94,2.932,2.94,1300,2021-06-23 16:05:00,FLNT
2.94,2.94,2.93,2.93,200,2021-06-23 16:10:00,FLNT
2.94,2.94,2.93,2.935,1500,2021-06-23 16:15:00,FLNT
2.935,2.94,2.93,2.93,1200,2021-06-23 16:20:00,FLNT
2.9384,2.94,2.93,2.93,800,2021-06-23 16:25:00,FLNT
2.94,2.94,2.94,2.94,100,2021-06-23 16:30:00,FLNT
2.94,2.94,2.93,2.93,2440,2021-06-23 16:35:00,FLNT
2.92,2.93,2.92,2.93,2800,2021-06-23 16:40:00,FLNT
2.92,2.92,2.92,2.92,100,2021-06-23 16:45:00,FLNT
2.93,2.93,2.93,2.93,250,2021-06-23 16:50:00,FLNT
2.925,2.929,2.92,2.929,800,2021-06-23 16:55:00,FLNT
2.92,2.92,2.92,2.92,504,2021-06-23 17:00:00,FLNT
2.93,2.93,2.93,2.93,400,2021-06-23 17:05:00,FLNT
2.9291,2.93,2.92,2.9289,2106,2021-06-23 17:10:00,FLNT
2.92,2.925,2.92,2.92,500,2021-06-23 17:15:00,FLNT
2.93,2.93,2.93,2.93,3000,2021-06-23 17:20:00,FLNT
2.93,2.95,2.93,2.95,6066,2021-06-23 17:25:00,FLNT
2.955,2.96,2.955,2.96,1786,2021-06-23 17:30:00,FLNT
2.9613,2.97,2.9613,2.97,850,2021-06-23 17:45:00,FLNT
2.97,2.97,2.97,2.97,200,2021-06-23 17:55:00,FLNT
2.96,2.965,2.96,2.965,300,2021-06-23 18:00:00,FLNT
2.96,2.96,2.96,2.96,100,2021-06-23 18:05:00,FLNT
2.96,2.96,2.96,2.96,200,2021-06-23 18:10:00,FLNT
2.961,2.961,2.95,2.95,3541,2021-06-23 18:15:00,FLNT
2.95,2.955,2.95,2.95,700,2021-06-23 18:20:00,FLNT
2.95,2.96,2.95,2.9597,18730,2021-06-23 18:25:00,FLNT
2.96,2.97,2.96,2.96,1000,2021-06-23 18:30:00,FLNT
2.965,2.97,2.96,2.96,1900,2021-06-23 18:35:00,FLNT
2.96,2.9689,2.96,2.96,1150,2021-06-23 18:40:00,FLNT
2.96,2.97,2.96,2.96,12200,2021-06-23 18:45:00,FLNT
2.96,2.98,2.96,2.98,2762,2021-06-23 18:50:00,FLNT
2.975,2.985,2.9713,2.985,2740,2021-06-23 18:55:00,FLNT
2.99,2.99,2.985,2.985,400,2021-06-23 19:00:00,FLNT
2.9815,2.9815,2.9815,2.9815,500,2021-06-23 19:05:00,FLNT
2.985,2.985,2.98,2.98,384,2021-06-23 19:10:00,FLNT
2.99,3.0,2.99,3.0,5546,2021-06-23 19:20:00,FLNT
3.01,3.01,3.005,3.01,1200,2021-06-23 19:25:00,FLNT
3.005,3.0058,3.005,3.005,1209,2021-06-23 19:30:00,FLNT
3.0009,3.01,3.0009,3.005,624,2021-06-23 19:35:00,FLNT
3.009,3.01,3.0,3.005,2500,2021-06-23 19:40:00,FLNT
3.0,3.0,2.99,2.99,10845,2021-06-23 19:45:00,FLNT
2.99,3.0,2.99,3.0,7696,2021-06-23 19:50:00,FLNT
2.9917,3.0,2.99,2.99,12777,2021-06-23 19:55:00,FLNT
3.0,3.0,3.0,3.0,31207,2021-06-23 20:00:00,FLNT
3.07,3.07,3.07,3.07,160,2021-06-24 13:00:00,FLNT
3.01,3.03,2.99,3.0,14150,2021-06-24 13:30:00,FLNT
2.995,3.025,2.991,3.025,2382,2021-06-24 13:35:00,FLNT
3.015,3.015,3.015,3.015,100,2021-06-24 13:40:00,FLNT
3.0112,3.0112,2.99,3.01,5819,2021-06-24 13:45:00,FLNT
3.0,3.0,2.98,2.9914,2300,2021-06-24 13:50:00,FLNT
3.0,3.0,2.99,2.99,3400,2021-06-24 13:55:00,FLNT
2.98,2.985,2.96,2.96,4838,2021-06-24 14:00:00,FLNT
2.97,2.98,2.97,2.9721,3400,2021-06-24 14:05:00,FLNT
2.98,2.98,2.975,2.9799,650,2021-06-24 14:10:00,FLNT
2.975,2.98,2.97,2.97,800,2021-06-24 14:15:00,FLNT
2.971,2.98,2.971,2.98,800,2021-06-24 14:20:00,FLNT
2.975,2.975,2.9712,2.975,1100,2021-06-24 14:25:00,FLNT
2.98,2.98,2.975,2.98,2950,2021-06-24 14:30:00,FLNT
2.975,2.98,2.975,2.98,400,2021-06-24 14:35:00,FLNT
2.9789,2.9789,2.975,2.975,936,2021-06-24 14:40:00,FLNT
2.9786,2.98,2.97,2.98,2419,2021-06-24 14:45:00,FLNT
2.98,2.98,2.975,2.975,1100,2021-06-24 14:50:00,FLNT
2.98,2.98,2.98,2.98,729,2021-06-24 15:00:00,FLNT
2.99,3.0,2.985,3.0,700,2021-06-24 15:05:00,FLNT
2.995,2.995,2.995,2.995,200,2021-06-24 15:10:00,FLNT
2.995,2.9979,2.995,2.9979,200,2021-06-24 15:15:00,FLNT
3.0,3.01,3.0,3.005,4997,2021-06-24 15:20:00,FLNT
3.01,3.02,3.01,3.01,1984,2021-06-24 15:25:00,FLNT
3.015,3.02,3.0114,3.015,1900,2021-06-24 15:30:00,FLNT
3.015,3.02,3.015,3.015,1200,2021-06-24 15:35:00,FLNT
3.011,3.015,3.011,3.015,202,2021-06-24 15:40:00,FLNT
3.0174,3.02,3.015,3.015,3200,2021-06-24 15:45:00,FLNT
3.0101,3.0179,3.0101,3.0179,625,2021-06-24 15:50:00,FLNT
3.02,3.03,3.02,3.0201,3519,2021-06-24 15:55:00,FLNT
3.0299,3.035,3.025,3.035,3780,2021-06-24 16:00:00,FLNT
3.035,3.035,3.03,3.03,3375,2021-06-24 16:05:00,FLNT
3.02,3.02,3.02,3.02,400,2021-06-24 16:10:00,FLNT
3.03,3.03,3.025,3.025,820,2021-06-24 16:15:00,FLNT
3.03,3.03,3.03,3.03,718,2021-06-24 16:25:00,FLNT
3.0299,3.03,3.02,3.03,685,2021-06-24 16:30:00,FLNT
3.025,3.025,3.025,3.025,613,2021-06-24 16:35:00,FLNT
3.025,3.025,3.025,3.025,100,2021-06-24 16:40:00,FLNT
3.025,3.025,3.01,3.01,4492,2021-06-24 16:50:00,FLNT
3.0001,3.0001,3.0,3.0,1604,2021-06-24 16:55:00,FLNT
3.01,3.02,3.01,3.015,1300,2021-06-24 17:05:00,FLNT
3.01,3.01,3.0,3.0,4200,2021-06-24 17:10:00,FLNT
3.0,3.005,2.9998,3.0,1450,2021-06-24 17:15:00,FLNT
3.0,3.0,3.0,3.0,3700,2021-06-24 17:20:00,FLNT
2.995,2.995,2.995,2.995,1100,2021-06-24 17:25:00,FLNT
2.995,2.9999,2.99,2.995,460,2021-06-24 17:30:00,FLNT
2.9986,2.9986,2.9986,2.9986,167,2021-06-24 17:35:00,FLNT
2.995,3.0,2.99,2.99,2300,2021-06-24 17:40:00,FLNT
2.9988,3.0,2.995,2.995,300,2021-06-24 17:45:00,FLNT
2.995,2.995,2.99,2.9948,975,2021-06-24 17:50:00,FLNT
2.995,2.995,2.9916,2.9916,500,2021-06-24 17:55:00,FLNT
3.0,3.01,3.0,3.005,1515,2021-06-24 18:00:00,FLNT
3.0,3.005,3.0,3.005,900,2021-06-24 18:05:00,FLNT
3.01,3.02,3.01,3.02,1000,2021-06-24 18:10:00,FLNT
3.02,3.02,3.02,3.02,100,2021-06-24 18:15:00,FLNT
3.015,3.02,3.015,3.015,3800,2021-06-24 18:20:00,FLNT
3.018,3.018,3.015,3.015,200,2021-06-24 18:25:00,FLNT
3.02,3.04,3.02,3.04,12178,2021-06-24 18:30:00,FLNT
3.035,3.035,3.035,3.035,200,2021-06-24 18:35:00,FLNT
3.03,3.04,3.03,3.04,1586,2021-06-24 18:40:00,FLNT
3.035,3.035,3.035,3.035,200,2021-06-24 18:45:00,FLNT
3.035,3.045,3.035,3.045,1100,2021-06-24 18:50:00,FLNT
3.04,3.045,3.025,3.025,18114,2021-06-24 18:55:00,FLNT
3.03,3.03,3.025,3.025,330,2021-06-24 19:00:00,FLNT
3.025,3.03,3.025,3.03,1835,2021-06-24 19:05:00,FLNT
3.03,3.05,3.025,3.045,19214,2021-06-24 19:10:00,FLNT
3.045,3.05,3.04,3.05,4304,2021-06-24 19:15:00,FLNT
3.0499,3.05,3.045,3.0452,1264,2021-06-24 19:20:00,FLNT
3.045,3.045,3.0401,3.0401,400,2021-06-24 19:25:00,FLNT
3.0421,3.045,3.0421,3.045,300,2021-06-24 19:30:00,FLNT
3.0422,3.045,3.0422,3.045,200,2021-06-24 19:35:00,FLNT
3.04,3.05,3.04,3.045,1345,2021-06-24 19:40:00,FLNT
3.0485,3.05,3.04,3.04,1227,2021-06-24 19:45:00,FLNT
3.04,3.05,3.04,3.04,3544,2021-06-24 19:50:00,FLNT
3.04,3.07,3.04,3.06,27081,2021-06-24 19:55:00,FLNT
3.05,3.05,2.91,2.91,26607,2021-06-24 20:00:00,FLNT
3.01,3.01,3.01,3.01,500,2021-06-24 22:30:00,FLNT
3.04,3.04,3.04,3.04,150,2021-06-25 12:30:00,FLNT
3.04,3.04,3.04,3.04,200,2021-06-25 13:15:00,FLNT
3.04,3.04,3.04,3.04,100,2021-06-25 13:20:00,FLNT
3.05,3.07,3.04,3.0699,6679,2021-06-25 13:30:00,FLNT
3.06,3.06,3.04,3.055,2056,2021-06-25 13:35:00,FLNT
3.06,3.075,3.06,3.072,2370,2021-06-25 13:40:00,FLNT
3.08,3.085,3.07,3.08,2411,2021-06-25 13:45:00,FLNT
3.075,3.08,3.075,3.075,800,2021-06-25 13:50:00,FLNT
3.07,3.07,3.05,3.061,4180,2021-06-25 13:55:00,FLNT
3.06,3.08,3.05,3.08,4025,2021-06-25 14:00:00,FLNT
3.09,3.0979,3.08,3.0979,4336,2021-06-25 14:05:00,FLNT
3.099,3.099,3.0812,3.0812,5000,2021-06-25 14:10:00,FLNT
3.09,3.1087,3.08,3.1,16865,2021-06-25 14:15:00,FLNT
3.1,3.1,3.0801,3.089,6462,2021-06-25 14:20:00,FLNT
3.0801,3.0801,3.0801,3.0801,800,2021-06-25 14:25:00,FLNT
3.09,3.09,3.08,3.08,600,2021-06-25 14:30:00,FLNT
3.09,3.09,3.085,3.09,2457,2021-06-25 14:35:00,FLNT
3.0873,3.09,3.0813,3.0813,1416,2021-06-25 14:40:00,FLNT
3.08,3.08,3.08,3.08,100,2021-06-25 14:45:00,FLNT
3.08,3.08,3.075,3.075,1195,2021-06-25 14:50:00,FLNT
3.0784,3.0784,3.0784,3.0784,100,2021-06-25 15:05:00,FLNT
3.0701,3.0723,3.0701,3.0723,700,2021-06-25 15:10:00,FLNT
3.07,3.075,3.07,3.075,800,2021-06-25 15:15:00,FLNT
3.08,3.08,3.08,3.08,100,2021-06-25 15:25:00,FLNT
3.075,3.075,3.075,3.075,101,2021-06-25 15:45:00,FLNT
3.0799,3.085,3.07,3.085,4572,2021-06-25 15:50:00,FLNT
3.085,3.085,3.085,3.085,100,2021-06-25 15:55:00,FLNT
3.0899,3.1,3.0899,3.095,3280,2021-06-25 16:00:00,FLNT
3.1,3.1078,3.09,3.1078,1530,2021-06-25 16:05:00,FLNT
3.1,3.1,3.09,3.09,2124,2021-06-25 16:10:00,FLNT
3.095,3.095,3.095,3.095,200,2021-06-25 16:20:00,FLNT
3.09,3.09,3.09,3.09,800,2021-06-25 16:25:00,FLNT
3.08,3.08,3.08,3.08,275,2021-06-25 16:30:00,FLNT
3.09,3.09,3.08,3.08,1700,2021-06-25 16:35:00,FLNT
3.0922,3.098,3.0922,3.098,250,2021-06-25 16:40:00,FLNT
3.0948,3.0948,3.09,3.0901,1314,2021-06-25 16:45:00,FLNT
3.0919,3.0919,3.0919,3.0919,231,2021-06-25 16:50:00,FLNT
3.1,3.1,3.1,3.1,200,2021-06-25 16:55:00,FLNT
3.09,3.09,3.09,3.09,162,2021-06-25 17:00:00,FLNT
3.095,3.095,3.095,3.095,590,2021-06-25 17:05:00,FLNT
3.09,3.095,3.09,3.095,600,2021-06-25 17:10:00,FLNT
3.1,3.1,3.1,3.1,100,2021-06-25 17:15:00,FLNT
3.09,3.09,3.09,3.09,100,2021-06-25 17:30:00,FLNT
3.095,3.095,3.07,3.075,20018,2021-06-25 17:40:00,FLNT
3.07,3.07,3.06,3.07,4213,2021-06-25 17:45:00,FLNT
3.0792,3.0792,3.0792,3.0792,100,2021-06-25 17:55:00,FLNT
3.08,3.08,3.07,3.08,1720,2021-06-25 18:05:00,FLNT
3.0723,3.0723,3.0723,3.0723,100,2021-06-25 18:15:00,FLNT
3.079,3.079,3.079,3.079,500,2021-06-25 18:20:00,FLNT
3.07,3.07,3.06,3.06,2947,2021-06-25 18:25:00,FLNT
3.065,3.065,3.065,3.065,200,2021-06-25 18:30:00,FLNT
3.06,3.06,3.06,3.06,100,2021-06-25 18:35:00,FLNT
3.0693,3.0693,3.04,3.04,8707,2021-06-25 18:45:00,FLNT
3.04,3.04,3.03,3.035,4850,2021-06-25 18:50:00,FLNT
3.035,3.035,3.01,3.02,19218,2021-06-25 18:55:00,FLNT
3.02,3.02,3.005,3.005,4299,2021-06-25 19:00:00,FLNT
3.01,3.02,3.005,3.015,17513,2021-06-25 19:05:00,FLNT
3.015,3.015,3.01,3.015,600,2021-06-25 19:10:00,FLNT
3.015,3.015,3.015,3.015,100,2021-06-25 19:15:00,FLNT
3.01,3.01,2.98,2.985,29010,2021-06-25 19:20:00,FLNT
2.985,2.99,2.98,2.985,6465,2021-06-25 19:25:00,FLNT
2.99,2.99,2.98,2.985,21155,2021-06-25 19:30:00,FLNT
2.985,2.99,2.98,2.985,2900,2021-06-25 19:35:00,FLNT
2.98,2.99,2.98,2.99,2249,2021-06-25 19:40:00,FLNT
2.98,2.995,2.98,2.9801,15859,2021-06-25 19:45:00,FLNT
2.97,2.97,2.91,2.929,51449,2021-06-25 19:50:00,FLNT
2.92,2.96,2.92,2.93,72467,2021-06-25 19:55:00,FLNT
2.91,2.91,2.91,2.91,231414,2021-06-25 20:00:00,FLNT
2.91,2.91,2.91,2.91,13588,2021-06-25 20:35:00,FLNT
2.97,2.97,2.97,2.97,100,2021-06-25 20:50:00,FLNT
2.95,2.95,2.95,2.95,277,2021-06-28 11:00:00,FLNT
2.95,2.95,2.95,2.95,100,2021-06-28 11:20:00,FLNT
3.0,3.0,3.0,3.0,769,2021-06-28 13:00:00,FLNT
3.0,3.0,3.0,3.0,231,2021-06-28 13:25:00,FLNT
2.96,3.03,2.96,3.01,14548,2021-06-28 13:30:00,FLNT
3.01,3.06,3.01,3.06,16152,2021-06-28 13:35:00,FLNT
3.0599,3.06,3.0,3.01,10935,2021-06-28 13:40:00,FLNT
3.015,3.02,3.01,3.01,9732,2021-06-28 13:45:00,FLNT
3.005,3.005,2.98,2.98,4174,2021-06-28 13:50:00,FLNT
2.99,3.025,2.99,3.015,4864,2021-06-28 13:55:00,FLNT
3.015,3.015,3.01,3.01,3698,2021-06-28 14:00:00,FLNT
3.01,3.01,3.01,3.01,100,2021-06-28 14:05:00,FLNT
3.005,3.035,3.005,3.035,4599,2021-06-28 14:15:00,FLNT
3.03,3.03,3.03,3.03,4000,2021-06-28 14:20:00,FLNT
3.03,3.05,3.02,3.045,21832,2021-06-28 14:25:00,FLNT
3.045,3.0487,3.04,3.045,4155,2021-06-28 14:30:00,FLNT
3.05,3.05,3.04,3.04,800,2021-06-28 14:35:00,FLNT
3.0401,3.045,3.0223,3.025,8693,2021-06-28 14:40:00,FLNT
3.028,3.028,3.028,3.028,100,2021-06-28 14:45:00,FLNT
3.03,3.06,3.03,3.06,9136,2021-06-28 14:50:00,FLNT
3.0579,3.06,3.0515,3.06,700,2021-06-28 14:55:00,FLNT
3.055,3.06,3.05,3.06,302,2021-06-28 15:00:00,FLNT
3.06,3.06,3.06,3.06,800,2021-06-28 15:05:00,FLNT
3.05,3.07,3.05,3.07,2737,2021-06-28 15:10:00,FLNT
3.0788,3.0788,3.0788,3.0788,800,2021-06-28 15:15:00,FLNT
3.075,3.08,3.07,3.07,2114,2021-06-28 15:20:00,FLNT
3.08,3.08,3.07,3.07,2133,2021-06-28 15:25:00,FLNT
3.07,3.07,3.07,3.07,1197,2021-06-28 15:30:00,FLNT
3.062,3.07,3.062,3.07,400,2021-06-28 15:35:00,FLNT
3.07,3.07,3.0679,3.0679,400,2021-06-28 15:45:00,FLNT
3.061,3.07,3.061,3.065,2494,2021-06-28 15:50:00,FLNT
3.07,3.08,3.07,3.08,6022,2021-06-28 15:55:00,FLNT
3.09,3.09,3.085,3.09,500,2021-06-28 16:00:00,FLNT
3.09,3.09,3.09,3.09,400,2021-06-28 16:05:00,FLNT
3.0816,3.09,3.07,3.075,3099,2021-06-28 16:10:00,FLNT
3.0791,3.0791,3.0791,3.0791,1000,2021-06-28 16:15:00,FLNT
3.075,3.08,3.075,3.08,1550,2021-06-28 16:20:00,FLNT
3.075,3.08,3.07,3.07,4549,2021-06-28 16:30:00,FLNT
3.0715,3.0715,3.05,3.0578,3652,2021-06-28 16:35:00,FLNT
3.05,3.0522,3.04,3.04,8602,2021-06-28 16:40:00,FLNT
3.045,3.045,3.04,3.045,500,2021-06-28 16:45:00,FLNT
3.04,3.05,3.04,3.04,1801,2021-06-28 16:50:00,FLNT
3.04,3.05,3.04,3.04,1899,2021-06-28 16:55:00,FLNT
3.04,3.04,3.03,3.03,2200,2021-06-28 17:00:00,FLNT
3.02,3.025,3.01,3.015,2671,2021-06-28 17:05:00,FLNT
3.015,3.02,3.01,3.01,1150,2021-06-28 17:10:00,FLNT
3.01,3.015,3.01,3.01,300,2021-06-28 17:20:00,FLNT
3.01,3.01,2.99,2.99,2800,2021-06-28 17:25:00,FLNT
3.0,3.01,3.0,3.005,1600,2021-06-28 17:35:00,FLNT
3.01,3.03,3.0,3.025,4900,2021-06-28 17:40:00,FLNT
3.03,3.03,3.03,3.03,400,2021-06-28 17:45:00,FLNT
3.022,3.03,3.02,3.03,14520,2021-06-28 17:50:00,FLNT
3.03,3.03,3.03,3.03,260,2021-06-28 18:00:00,FLNT
3.0394,3.04,3.03,3.04,1356,2021-06-28 18:10:00,FLNT
3.0399,3.0399,3.035,3.035,1600,2021-06-28 18:15:00,FLNT
3.0328,3.04,3.03,3.035,7983,2021-06-28 18:20:00,FLNT
3.035,3.035,3.02,3.02,2100,2021-06-28 18:25:00,FLNT
3.02,3.025,3.02,3.025,590,2021-06-28 18:30:00,FLNT
3.02,3.02,3.015,3.015,2520,2021-06-28 18:35:00,FLNT
3.015,3.015,3.01,3.013,1300,2021-06-28 18:40:00,FLNT
3.02,3.02,3.015,3.015,302,2021-06-28 18:45:00,FLNT
3.02,3.02,3.02,3.02,100,2021-06-28 18:50:00,FLNT
3.02,3.02,2.99,3.0,12742,2021-06-28 18:55:00,FLNT
2.995,3.0,2.995,2.995,566,2021-06-28 19:00:00,FLNT
2.995,3.0,2.99,3.0,800,2021-06-28 19:05:00,FLNT
2.995,2.995,2.995,2.995,300,2021-06-28 19:10:00,FLNT
2.9988,3.01,2.99,3.005,4587,2021-06-28 19:15:00,FLNT
3.005,3.01,3.005,3.005,1821,2021-06-28 19:20:00,FLNT
3.009,3.01,3.005,3.005,2100,2021-06-28 19:25:00,FLNT
3.01,3.01,3.005,3.005,7700,2021-06-28 19:30:00,FLNT
3.005,3.005,3.0,3.005,1300,2021-06-28 19:35:00,FLNT
3.005,3.01,3.0,3.005,7600,2021-06-28 19:40:00,FLNT
3.0076,3.01,3.0,3.01,1529,2021-06-28 19:45:00,FLNT
3.0,3.0,2.99,3.0,10296,2021-06-28 19:50:00,FLNT
2.995,3.0,2.98,2.985,20497,2021-06-28 19:55:00,FLNT
2.98,2.98,2.98,2.98,21994,2021-06-28 20:00:00,FLNT
2.99,3.03,2.98,3.02,3276,2021-06-29 13:30:00,FLNT
3.04,3.04,3.01,3.01,2481,2021-06-29 13:35:00,FLNT
3.025,3.04,3.01,3.02,10520,2021-06-29 13:40:00,FLNT
3.02,3.03,3.015,3.02,5140,2021-06-29 13:45:00,FLNT
3.03,3.03,3.025,3.03,2500,2021-06-29 13:50:00,FLNT
3.04,3.04,3.03,3.03,5100,2021-06-29 13:55:00,FLNT
3.04,3.04,3.0,3.0,3199,2021-06-29 14:00:00,FLNT
3.0,3.0,2.99,2.99,1266,2021-06-29 14:05:00,FLNT
2.9999,3.0,2.99,2.99,400,2021-06-29 14:10:00,FLNT
2.9885,3.0,2.9885,3.0,2200,2021-06-29 14:15:00,FLNT
3.0,3.0,2.99,3.0,1925,2021-06-29 14:20:00,FLNT
2.98,2.9829,2.98,2.9829,200,2021-06-29 14:25:00,FLNT
3.0,3.0,2.995,2.995,700,2021-06-29 14:30:00,FLNT
2.9901,3.0,2.99,3.0,2765,2021-06-29 14:35:00,FLNT
3.0,3.0,3.0,3.0,1000,2021-06-29 14:40:00,FLNT
3.0,3.0,2.96,2.96,10877,2021-06-29 14:45:00,FLNT
2.9602,2.98,2.95,2.98,5470,2021-06-29 14:50:00,FLNT
2.975,2.975,2.96,2.9685,2383,2021-06-29 14:55:00,FLNT
2.96,2.96,2.95,2.95,2200,2021-06-29 15:00:00,FLNT
2.9601,2.967,2.9601,2.967,4100,2021-06-29 15:05:00,FLNT
2.965,2.97,2.96,2.96,1100,2021-06-29 15:10:00,FLNT
2.9662,2.9705,2.9662,2.9705,6100,2021-06-29 15:15:00,FLNT
2.975,2.975,2.975,2.975,436,2021-06-29 15:20:00,FLNT
2.97,2.97,2.97,2.97,600,2021-06-29 15:30:00,FLNT
2.96,2.963,2.96,2.96,1305,2021-06-29 15:40:00,FLNT
2.9609,2.9609,2.96,2.96,1700,2021-06-29 15:50:00,FLNT
2.955,2.965,2.955,2.96,3722,2021-06-29 15:55:00,FLNT
2.96,2.96,2.95,2.9599,600,2021-06-29 16:00:00,FLNT
2.96,2.96,2.955,2.96,1300,2021-06-29 16:10:00,FLNT
2.97,2.97,2.96,2.9619,2390,2021-06-29 16:15:00,FLNT
2.97,2.97,2.9601,2.9601,600,2021-06-29 16:20:00,FLNT
2.97,2.97,2.97,2.97,841,2021-06-29 16:25:00,FLNT
2.9679,2.9699,2.96,2.9678,600,2021-06-29 16:35:00,FLNT
2.9699,2.98,2.965,2.98,2699,2021-06-29 16:40:00,FLNT
2.98,2.99,2.98,2.98,3850,2021-06-29 16:45:00,FLNT
2.9887,2.9887,2.98,2.98,600,2021-06-29 16:55:00,FLNT
2.985,3.0,2.985,3.0,1500,2021-06-29 17:05:00,FLNT
2.995,2.995,2.99,2.99,1200,2021-06-29 17:10:00,FLNT
2.99,2.99,2.9801,2.9801,1150,2021-06-29 17:15:00,FLNT
2.99,2.99,2.98,2.985,4237,2021-06-29 17:20:00,FLNT
2.99,2.99,2.98,2.985,2300,2021-06-29 17:30:00,FLNT
2.99,2.99,2.9811,2.9811,350,2021-06-29 17:35:00,FLNT
2.9873,2.99,2.985,2.99,6900,2021-06-29 17:40:00,FLNT
2.99,2.99,2.99,2.99,200,2021-06-29 17:45:00,FLNT
2.99,2.99,2.985,2.99,3760,2021-06-29 17:50:00,FLNT
2.9929,2.9929,2.9929,2.9929,1790,2021-06-29 17:55:00,FLNT
2.99,3.0,2.99,3.0,3500,2021-06-29 18:00:00,FLNT
2.9903,3.01,2.9903,3.01,5001,2021-06-29 18:05:00,FLNT
3.005,3.008,3.0,3.0,400,2021-06-29 18:10:00,FLNT
3.0099,3.0099,3.0,3.0077,600,2021-06-29 18:15:00,FLNT
3.0099,3.0188,3.0,3.0097,11414,2021-06-29 18:20:00,FLNT
3.0099,3.0099,3.0,3.003,3900,2021-06-29 18:25:00,FLNT
3.0,3.0,3.0,3.0,2069,2021-06-29 18:30:00,FLNT
2.99,2.99,2.99,2.99,381,2021-06-29 18:35:00,FLNT
2.99,3.0,2.99,3.0,1600,2021-06-29 18:40:00,FLNT
3.005,3.01,3.0,3.01,750,2021-06-29 18:45:00,FLNT
3.0,3.0,3.0,3.0,420,2021-06-29 18:50:00,FLNT
3.0,3.01,3.0,3.01,2800,2021-06-29 19:00:00,FLNT
3.0179,3.0179,3.01,3.01,300,2021-06-29 19:05:00,FLNT
3.015,3.015,3.01,3.01,200,2021-06-29 19:10:00,FLNT
3.0199,3.0199,3.0199,3.0199,200,2021-06-29 19:15:00,FLNT
3.015,3.015,3.0,3.0,2560,2021-06-29 19:20:00,FLNT
3.0,3.0,2.99,2.995,1200,2021-06-29 19:25:00,FLNT
2.99,2.99,2.99,2.99,400,2021-06-29 19:30:00,FLNT
2.995,2.995,2.995,2.995,100,2021-06-29 19:35:00,FLNT
2.995,3.0,2.98,3.0,8627,2021-06-29 19:40:00,FLNT
2.9977,2.9977,2.99,2.99,900,2021-06-29 19:45:00,FLNT
2.995,3.005,2.985,3.0,5700,2021-06-29 19:50:00,FLNT
3.0,3.01,2.99,3.0,8917,2021-06-29 19:55:00,FLNT
3.0,3.0,3.0,3.0,7076,2021-06-29 20:00:00,FLNT
3.039,3.04,3.039,3.04,2000,2021-06-29 20:10:00,FLNT
2.95,2.95,2.95,2.95,100,2021-06-29 21:25:00,FLNT
2.9801,2.9801,2.9801,2.9801,150,2021-06-29 21:35:00,FLNT
3.0,3.01,2.97,2.9842,12258,2021-06-30 13:30:00,FLNT
2.98,2.98,2.96,2.97,800,2021-06-30 13:35:00,FLNT
2.99,2.99,2.96,2.96,3534,2021-06-30 13:40:00,FLNT
2.96,2.96,2.96,2.96,200,2021-06-30 13:45:00,FLNT
2.96,2.97,2.96,2.97,1082,2021-06-30 13:50:00,FLNT
2.96,2.965,2.96,2.96,2776,2021-06-30 13:55:00,FLNT
2.97,2.98,2.97,2.98,1300,2021-06-30 14:00:00,FLNT
3.0,3.0,2.99,2.99,200,2021-06-30 14:05:00,FLNT
2.99,2.99,2.98,2.98,500,2021-06-30 14:10:00,FLNT
2.99,3.0,2.99,3.0,500,2021-06-30 14:20:00,FLNT
3.01,3.01,3.0,3.0,1400,2021-06-30 14:25:00,FLNT
3.0,3.0,2.99,2.99,1400,2021-06-30 14:30:00,FLNT
2.9908,2.9908,2.98,2.98,1700,2021-06-30 14:35:00,FLNT
2.98,2.98,2.98,2.98,100,2021-06-30 14:40:00,FLNT
2.98,2.98,2.95,2.95,4598,2021-06-30 14:45:00,FLNT
2.95,2.96,2.92,2.92,11238,2021-06-30 14:50:00,FLNT
2.9257,2.95,2.92,2.94,1900,2021-06-30 14:55:00,FLNT
2.94,2.96,2.93,2.93,14750,2021-06-30 15:00:00,FLNT
2.9292,2.94,2.92,2.94,2536,2021-06-30 15:05:00,FLNT
2.92,2.9374,2.92,2.935,1799,2021-06-30 15:10:00,FLNT
2.9301,2.9301,2.93,2.93,1123,2021-06-30 15:15:00,FLNT
2.94,2.95,2.93,2.945,2391,2021-06-30 15:20:00,FLNT
2.94,2.95,2.94,2.95,200,2021-06-30 15:25:00,FLNT
2.95,2.9508,2.945,2.9508,1297,2021-06-30 15:30:00,FLNT
2.955,2.96,2.955,2.96,1400,2021-06-30 15:35:00,FLNT
2.96,2.96,2.9584,2.9584,1200,2021-06-30 15:40:00,FLNT
2.95,2.96,2.95,2.96,510,2021-06-30 15:45:00,FLNT
2.95,2.95,2.95,2.95,100,2021-06-30 15:50:00,FLNT
2.96,2.96,2.95,2.95,300,2021-06-30 15:55:00,FLNT
2.955,2.955,2.955,2.955,150,2021-06-30 16:00:00,FLNT
2.96,2.96,2.96,2.96,100,2021-06-30 16:10:00,FLNT
2.9501,2.96,2.95,2.955,1274,2021-06-30 16:20:00,FLNT
2.955,2.96,2.955,2.96,438,2021-06-30 16:25:00,FLNT
2.9589,2.97,2.95,2.97,3000,2021-06-30 16:30:00,FLNT
2.96,2.97,2.96,2.96,3800,2021-06-30 16:35:00,FLNT
2.965,2.97,2.96,2.96,1700,2021-06-30 16:40:00,FLNT
2.975,2.9783,2.97,2.9783,677,2021-06-30 16:45:00,FLNT
2.975,2.98,2.97,2.97,2300,2021-06-30 16:50:00,FLNT
2.975,2.975,2.975,2.975,100,2021-06-30 16:55:00,FLNT
2.975,2.975,2.96,2.96,3800,2021-06-30 17:00:00,FLNT
2.96,2.97,2.96,2.9665,400,2021-06-30 17:05:00,FLNT
2.96,2.96,2.96,2.96,100,2021-06-30 17:10:00,FLNT
2.96,2.965,2.96,2.965,400,2021-06-30 17:15:00,FLNT
2.96,2.96,2.96,2.96,100,2021-06-30 17:20:00,FLNT
2.97,2.97,2.96,2.97,2200,2021-06-30 17:25:00,FLNT
2.97,2.97,2.96,2.96,2200,2021-06-30 17:30:00,FLNT
2.96,2.96,2.96,2.96,200,2021-06-30 17:35:00,FLNT
2.9601,2.9601,2.96,2.96,3573,2021-06-30 17:40:00,FLNT
2.96,2.9615,2.96,2.96,1100,2021-06-30 17:45:00,FLNT
2.965,2.98,2.96,2.97,5854,2021-06-30 17:50:00,FLNT
2.96,2.96,2.96,2.96,200,2021-06-30 17:55:00,FLNT
2.965,2.965,2.96,2.96,800,2021-06-30 18:05:00,FLNT
2.9612,2.975,2.96,2.975,1562,2021-06-30 18:15:00,FLNT
2.97,2.97,2.97,2.97,400,2021-06-30 18:20:00,FLNT
2.98,2.98,2.97,2.98,1100,2021-06-30 18:30:00,FLNT
2.99,2.99,2.97,2.98,12052,2021-06-30 18:35:00,FLNT
2.98,2.98,2.98,2.98,400,2021-06-30 18:40:00,FLNT
2.98,2.98,2.97,2.97,3470,2021-06-30 18:45:00,FLNT
2.965,2.965,2.965,2.965,100,2021-06-30 18:50:00,FLNT
2.965,2.97,2.965,2.97,3100,2021-06-30 19:00:00,FLNT
2.96,2.97,2.96,2.97,500,2021-06-30 19:05:00,FLNT
2.97,2.97,2.96,2.96,600,2021-06-30 19:10:00,FLNT
2.97,2.97,2.97,2.97,100,2021-06-30 19:15:00,FLNT
2.965,2.97,2.96,2.96,1500,2021-06-30 19:20:00,FLNT
2.965,2.965,2.96,2.96,1005,2021-06-30 19:25:00,FLNT
2.96,2.96,2.96,2.96,1679,2021-06-30 19:30:00,FLNT
2.95,2.95,2.93,2.93,7406,2021-06-30 19:35:00,FLNT
2.935,2.935,2.92,2.93,3892,2021-06-30 19:40:00,FLNT
2.92,2.935,2.92,2.93,8786,2021-06-30 19:45:00,FLNT
2.93,2.935,2.93,2.935,1725,2021-06-30 19:50:00,FLNT
2.93,2.94,2.93,2.93,14589,2021-06-30 19:55:00,FLNT
2.93,2.93,2.93,2.93,20424,2021-06-30 20:00:00,FLNT
2.9305,2.9305,2.93,2.93,884,2021-06-30 21:25:00,FLNT
2.94,2.97,2.94,2.945,4678,2021-07-01 13:30:00,FLNT
2.9453,2.96,2.94,2.955,3083,2021-07-01 13:35:00,FLNT
2.96,2.96,2.9108,2.9108,6551,2021-07-01 13:40:00,FLNT
2.92,2.925,2.88,2.89,4743,2021-07-01 13:45:00,FLNT
2.895,2.9,2.88,2.88,3900,2021-07-01 13:50:00,FLNT
2.8968,2.8968,2.86,2.87,27427,2021-07-01 13:55:00,FLNT
2.87,2.889,2.86,2.86,4648,2021-07-01 14:00:00,FLNT
2.86,2.87,2.86,2.87,1130,2021-07-01 14:05:00,FLNT
2.86,2.875,2.86,2.875,1468,2021-07-01 14:10:00,FLNT
2.87,2.87,2.86,2.86,2666,2021-07-01 14:15:00,FLNT
2.87,2.875,2.86,2.875,3250,2021-07-01 14:20:00,FLNT
2.87,2.87,2.86,2.86,800,2021-07-01 14:25:00,FLNT
2.8776,2.8776,2.86,2.87,1420,2021-07-01 14:30:00,FLNT
2.87,2.878,2.87,2.87,1200,2021-07-01 14:35:00,FLNT
2.87,2.87,2.86,2.86,1200,2021-07-01 14:40:00,FLNT
2.87,2.87,2.865,2.87,300,2021-07-01 14:45:00,FLNT
2.86,2.88,2.86,2.87,1600,2021-07-01 14:50:00,FLNT
2.87,2.87,2.86,2.8688,1000,2021-07-01 14:55:00,FLNT
2.86,2.87,2.86,2.86,600,2021-07-01 15:00:00,FLNT
2.8691,2.88,2.86,2.86,1722,2021-07-01 15:05:00,FLNT
2.8699,2.8699,2.82,2.8383,42294,2021-07-01 15:10:00,FLNT
2.83,2.84,2.82,2.82,7620,2021-07-01 15:15:00,FLNT
2.82,2.8201,2.81,2.81,5509,2021-07-01 15:20:00,FLNT
2.81,2.82,2.81,2.8188,3446,2021-07-01 15:25:00,FLNT
2.81,2.8282,2.81,2.82,2992,2021-07-01 15:30:00,FLNT
2.829,2.8299,2.81,2.82,3001,2021-07-01 15:35:00,FLNT
2.8189,2.83,2.81,2.825,5316,2021-07-01 15:40:00,FLNT
2.82,2.83,2.82,2.82,13430,2021-07-01 15:45:00,FLNT
2.82,2.825,2.82,2.82,2000,2021-07-01 15:50:00,FLNT
2.82,2.829,2.82,2.82,1200,2021-07-01 15:55:00,FLNT
2.83,2.83,2.79,2.7981,14478,2021-07-01 16:00:00,FLNT
2.79,2.8,2.78,2.7988,15240,2021-07-01 16:05:00,FLNT
2.79,2.8,2.79,2.795,800,2021-07-01 16:10:00,FLNT
2.795,2.795,2.78,2.78,2550,2021-07-01 16:15:00,FLNT
2.78,2.79,2.78,2.781,2500,2021-07-01 16:20:00,FLNT
2.78,2.7999,2.78,2.7999,3700,2021-07-01 16:25:00,FLNT
2.79,2.7991,2.79,2.79,1133,2021-07-01 16:30:00,FLNT
2.795,2.8,2.795,2.8,750,2021-07-01 16:35:00,FLNT
2.79,2.8,2.79,2.79,2500,2021-07-01 16:40:00,FLNT
2.7999,2.7999,2.79,2.79,825,2021-07-01 16:45:00,FLNT
2.795,2.8,2.79,2.79,5100,2021-07-01 16:50:00,FLNT
2.79,2.79,2.78,2.78,6214,2021-07-01 16:55:00,FLNT
2.7885,2.7885,2.78,2.7879,6122,2021-07-01 17:00:00,FLNT
2.7876,2.7876,2.78,2.785,700,2021-07-01 17:05:00,FLNT
2.79,2.79,2.78,2.7883,2513,2021-07-01 17:10:00,FLNT
2.79,2.79,2.785,2.785,914,2021-07-01 17:15:00,FLNT
2.7888,2.798,2.7888,2.79,3608,2021-07-01 17:20:00,FLNT
2.79,2.7999,2.79,2.7999,1100,2021-07-01 17:25:00,FLNT
2.79,2.79,2.78,2.78,3434,2021-07-01 17:30:00,FLNT
2.78,2.78,2.78,2.78,100,2021-07-01 17:35:00,FLNT
2.78,2.78,2.78,2.78,300,2021-07-01 17:40:00,FLNT
2.78,2.78,2.78,2.78,2775,2021-07-01 17:45:00,FLNT
2.77,2.77,2.76,2.762,2080,2021-07-01 17:50:00,FLNT
2.76,2.7699,2.76,2.765,1500,2021-07-01 17:55:00,FLNT
2.7692,2.77,2.76,2.7699,5120,2021-07-01 18:00:00,FLNT
2.76,2.7686,2.76,2.765,800,2021-07-01 18:05:00,FLNT
2.76,2.7678,2.76,2.76,500,2021-07-01 18:10:00,FLNT
2.76,2.7679,2.75,2.755,20164,2021-07-01 18:15:00,FLNT
2.755,2.7599,2.755,2.755,1600,2021-07-01 18:20:00,FLNT
2.755,2.76,2.75,2.76,800,2021-07-01 18:25:00,FLNT
2.76,2.765,2.755,2.765,5000,2021-07-01 18:30:00,FLNT
2.77,2.77,2.76,2.769,1944,2021-07-01 18:35:00,FLNT
2.76,2.765,2.76,2.765,1550,2021-07-01 18:40:00,FLNT
2.77,2.77,2.76,2.76,758,2021-07-01 18:45:00,FLNT
2.76,2.7691,2.76,2.76,1083,2021-07-01 18:50:00,FLNT
2.76,2.769,2.76,2.765,5100,2021-07-01 18:55:00,FLNT
2.76,2.77,2.76,2.76,1120,2021-07-01 19:00:00,FLNT
2.77,2.7765,2.76,2.7765,2869,2021-07-01 19:05:00,FLNT
2.77,2.7778,2.77,2.77,300,2021-07-01 19:10:00,FLNT
2.77,2.77,2.77,2.77,200,2021-07-01 19:15:00,FLNT
2.77,2.775,2.77,2.77,5100,2021-07-01 19:20:00,FLNT
2.76,2.775,2.76,2.775,14483,2021-07-01 19:25:00,FLNT
2.7701,2.78,2.77,2.775,1000,2021-07-01 19:30:00,FLNT
2.775,2.78,2.77,2.78,1904,2021-07-01 19:35:00,FLNT
2.78,2.79,2.78,2.789,6465,2021-07-01 19:40:00,FLNT
2.78,2.79,2.78,2.79,10908,2021-07-01 19:45:00,FLNT
2.78,2.8,2.78,2.795,9583,2021-07-01 19:50:00,FLNT
2.79,2.81,2.79,2.81,20914,2021-07-01 19:55:00,FLNT
2.8,2.8,2.8,2.8,14658,2021-07-01 20:00:00,FLNT
2.77,2.77,2.77,2.77,100,2021-07-01 20:10:00,FLNT
2.8,2.8,2.8,2.8,300,2021-07-01 21:10:00,FLNT
2.84,2.84,2.84,2.84,313,2021-07-01 22:00:00,FLNT
2.84,2.84,2.84,2.84,120,2021-07-01 22:05:00,FLNT
2.8,2.8,2.8,2.8,100,2021-07-02 10:55:00,FLNT
2.7999,2.7999,2.7999,2.7999,1092,2021-07-02 13:10:00,FLNT
2.79,2.81,2.79,2.79,5897,2021-07-02 13:30:00,FLNT
2.795,2.82,2.795,2.82,3100,2021-07-02 13:35:00,FLNT
2.81,2.8181,2.795,2.798,2629,2021-07-02 13:40:00,FLNT
2.79,2.79,2.785,2.785,200,2021-07-02 13:45:00,FLNT
2.79,2.79,2.77,2.77,1521,2021-07-02 13:50:00,FLNT
2.77,2.77,2.76,2.76,3831,2021-07-02 13:55:00,FLNT
2.765,2.7788,2.76,2.7788,8983,2021-07-02 14:00:00,FLNT
2.78,2.79,2.775,2.775,3097,2021-07-02 14:05:00,FLNT
2.78,2.79,2.78,2.79,700,2021-07-02 14:10:00,FLNT
2.7907,2.81,2.79,2.81,5475,2021-07-02 14:15:00,FLNT
2.81,2.81,2.79,2.79,2389,2021-07-02 14:20:00,FLNT
2.795,2.7988,2.79,2.79,5609,2021-07-02 14:25:00,FLNT
2.78,2.78,2.77,2.77,3751,2021-07-02 14:30:00,FLNT
2.78,2.78,2.77,2.7789,2122,2021-07-02 14:35:00,FLNT
2.78,2.78,2.77,2.78,500,2021-07-02 14:40:00,FLNT
2.775,2.775,2.775,2.775,1300,2021-07-02 14:45:00,FLNT
2.77,2.77,2.76,2.76,822,2021-07-02 14:50:00,FLNT
2.76,2.765,2.76,2.765,1800,2021-07-02 14:55:00,FLNT
2.7678,2.7678,2.7678,2.7678,100,2021-07-02 15:00:00,FLNT
2.77,2.78,2.765,2.7724,1990,2021-07-02 15:05:00,FLNT
2.77,2.77,2.765,2.765,800,2021-07-02 15:10:00,FLNT
2.76,2.7687,2.76,2.7606,2873,2021-07-02 15:15:00,FLNT
2.765,2.77,2.765,2.77,1298,2021-07-02 15:20:00,FLNT
2.7699,2.7699,2.7699,2.7699,1000,2021-07-02 15:25:00,FLNT
2.7699,2.7699,2.7699,2.7699,500,2021-07-02 15:30:00,FLNT
2.76,2.765,2.752,2.76,10252,2021-07-02 15:35:00,FLNT
2.75,2.75,2.75,2.75,750,2021-07-02 15:40:00,FLNT
2.7513,2.76,2.7513,2.76,225,2021-07-02 15:50:00,FLNT
2.755,2.755,2.7546,2.7546,458,2021-07-02 15:55:00,FLNT
2.75,2.76,2.75,2.75,6687,2021-07-02 16:00:00,FLNT
2.75,2.75,2.735,2.735,7886,2021-07-02 16:05:00,FLNT
2.7399,2.7399,2.7399,2.7399,500,2021-07-02 16:10:00,FLNT
2.735,2.74,2.732,2.732,4215,2021-07-02 16:15:00,FLNT
2.7307,2.7307,2.7307,2.7307,188,2021-07-02 16:20:00,FLNT
2.735,2.735,2.73,2.73,1872,2021-07-02 16:25:00,FLNT
2.73,2.75,2.73,2.75,3661,2021-07-02 16:30:00,FLNT
2.7422,2.75,2.7422,2.745,4100,2021-07-02 16:35:00,FLNT
2.74,2.7421,2.74,2.7401,976,2021-07-02 16:40:00,FLNT
2.745,2.745,2.7401,2.7401,700,2021-07-02 16:45:00,FLNT
2.745,2.745,2.74,2.74,300,2021-07-02 16:50:00,FLNT
2.7465,2.75,2.7465,2.75,1700,2021-07-02 16:55:00,FLNT
2.74,2.74,2.74,2.74,100,2021-07-02 17:00:00,FLNT
2.75,2.765,2.75,2.76,11314,2021-07-02 17:05:00,FLNT
2.75,2.7669,2.75,2.7613,9096,2021-07-02 17:10:00,FLNT
2.7683,2.7688,2.7621,2.765,1183,2021-07-02 17:15:00,FLNT
2.765,2.765,2.7621,2.7621,1269,2021-07-02 17:20:00,FLNT
2.765,2.765,2.76,2.76,1795,2021-07-02 17:25:00,FLNT
2.7688,2.77,2.7617,2.77,1254,2021-07-02 17:30:00,FLNT
2.765,2.765,2.7608,2.7608,1400,2021-07-02 17:35:00,FLNT
2.765,2.765,2.7612,2.7612,200,2021-07-02 17:40:00,FLNT
2.765,2.765,2.765,2.765,100,2021-07-02 17:45:00,FLNT
2.7613,2.7613,2.7613,2.7613,166,2021-07-02 17:50:00,FLNT
2.765,2.765,2.765,2.765,200,2021-07-02 17:55:00,FLNT
2.7627,2.765,2.762,2.765,600,2021-07-02 18:00:00,FLNT
2.76,2.76,2.755,2.7592,2459,2021-07-02 18:05:00,FLNT
2.755,2.755,2.755,2.755,200,2021-07-02 18:10:00,FLNT
2.76,2.76,2.76,2.76,100,2021-07-02 18:15:00,FLNT
2.7501,2.7501,2.7501,2.7501,100,2021-07-02 18:20:00,FLNT
2.76,2.77,2.755,2.765,2000,2021-07-02 18:25:00,FLNT
2.765,2.765,2.76,2.76,200,2021-07-02 18:30:00,FLNT
2.7601,2.765,2.7601,2.765,1188,2021-07-02 18:35:00,FLNT
2.7612,2.77,2.7601,2.7601,800,2021-07-02 18:40:00,FLNT
2.77,2.77,2.76,2.765,500,2021-07-02 18:45:00,FLNT
2.77,2.77,2.7621,2.7621,4500,2021-07-02 18:50:00,FLNT
2.77,2.77,2.7622,2.7622,700,2021-07-02 18:55:00,FLNT
2.765,2.765,2.765,2.765,266,2021-07-02 19:00:00,FLNT
2.765,2.77,2.765,2.765,1400,2021-07-02 19:05:00,FLNT
2.765,2.765,2.75,2.75,1814,2021-07-02 19:10:00,FLNT
2.755,2.76,2.75,2.75,600,2021-07-02 19:15:00,FLNT
2.75,2.76,2.75,2.75,400,2021-07-02 19:20:00,FLNT
2.75,2.76,2.75,2.7588,2321,2021-07-02 19:25:00,FLNT
2.75,2.7511,2.75,2.75,304,2021-07-02 19:30:00,FLNT
2.75,2.755,2.75,2.755,1438,2021-07-02 19:35:00,FLNT
2.755,2.755,2.75,2.75,300,2021-07-02 19:40:00,FLNT
2.75,2.765,2.75,2.765,1896,2021-07-02 19:45:00,FLNT
2.76,2.76,2.74,2.74,4107,2021-07-02 19:50:00,FLNT
2.75,2.75,2.74,2.75,5453,2021-07-02 19:55:00,FLNT
2.74,2.74,2.74,2.74,18767,2021-07-02 20:00:00,FLNT
2.74,2.74,2.74,2.74,100,2021-07-02 21:40:00,FLNT
2.74,2.74,2.74,2.74,500,2021-07-02 23:10:00,FLNT
2.74,2.74,2.74,2.74,500,2021-07-02 23:45:00,FLNT
2.74,2.74,2.74,2.74,100,2021-07-02 23:50:00,FLNT
