open,high,low,close,volume,datetime,symbol
9.3,9.3,9.27,9.27,3118,2021-06-01 13:30:00,LYTS
9.38,9.38,9.38,9.38,150,2021-06-01 13:31:00,LYTS
9.315,9.315,9.315,9.315,100,2021-06-01 13:32:00,LYTS
9.39,9.39,9.39,9.39,200,2021-06-01 13:43:00,LYTS
9.405,9.405,9.405,9.405,110,2021-06-01 13:50:00,LYTS
9.39,9.39,9.315,9.315,398,2021-06-01 13:52:00,LYTS
9.345,9.345,9.345,9.345,100,2021-06-01 13:57:00,LYTS
9.32,9.32,9.32,9.32,100,2021-06-01 14:02:00,LYTS
9.31,9.33,9.31,9.3135,1480,2021-06-01 14:04:00,LYTS
9.31,9.31,9.2527,9.28,560,2021-06-01 14:11:00,LYTS
9.26,9.26,9.26,9.26,350,2021-06-01 14:17:00,LYTS
9.26,9.26,9.25,9.25,434,2021-06-01 14:25:00,LYTS
9.26,9.26,9.222,9.222,200,2021-06-01 14:26:00,LYTS
9.23,9.23,9.23,9.23,100,2021-06-01 14:27:00,LYTS
9.25,9.26,9.25,9.26,350,2021-06-01 14:30:00,LYTS
9.25,9.27,9.25,9.27,423,2021-06-01 14:39:00,LYTS
9.24,9.24,9.23,9.24,600,2021-06-01 14:40:00,LYTS
9.2107,9.24,9.2107,9.23,300,2021-06-01 14:41:00,LYTS
9.27,9.28,9.27,9.28,200,2021-06-01 14:42:00,LYTS
9.26,9.28,9.26,9.28,300,2021-06-01 14:43:00,LYTS
9.28,9.33,9.28,9.33,700,2021-06-01 14:44:00,LYTS
9.3,9.3,9.27,9.27,300,2021-06-01 14:46:00,LYTS
9.28,9.28,9.28,9.28,100,2021-06-01 14:52:00,LYTS
9.26,9.26,9.24,9.24,300,2021-06-01 14:54:00,LYTS
9.23,9.23,9.23,9.23,200,2021-06-01 14:57:00,LYTS
9.21,9.21,9.21,9.21,300,2021-06-01 15:00:00,LYTS
9.17,9.17,9.17,9.17,100,2021-06-01 15:02:00,LYTS
9.17,9.17,9.17,9.17,100,2021-06-01 15:03:00,LYTS
9.19,9.21,9.185,9.19,1400,2021-06-01 15:06:00,LYTS
9.22,9.22,9.21,9.21,300,2021-06-01 15:07:00,LYTS
9.24,9.28,9.24,9.28,400,2021-06-01 15:09:00,LYTS
9.29,9.29,9.28,9.28,300,2021-06-01 15:28:00,LYTS
9.27,9.27,9.27,9.27,100,2021-06-01 15:29:00,LYTS
9.24,9.24,9.24,9.24,300,2021-06-01 15:32:00,LYTS
9.23,9.23,9.23,9.23,600,2021-06-01 15:36:00,LYTS
9.24,9.26,9.24,9.26,326,2021-06-01 15:39:00,LYTS
9.25,9.25,9.25,9.25,100,2021-06-01 15:41:00,LYTS
9.26,9.27,9.26,9.27,301,2021-06-01 15:43:00,LYTS
9.24,9.24,9.24,9.24,613,2021-06-01 15:53:00,LYTS
9.21,9.21,9.21,9.21,410,2021-06-01 15:57:00,LYTS
9.21,9.21,9.21,9.21,100,2021-06-01 15:58:00,LYTS
9.2,9.2,9.19,9.19,1120,2021-06-01 16:01:00,LYTS
9.2,9.2,9.19,9.2,1542,2021-06-01 16:02:00,LYTS
9.2,9.2,9.2,9.2,100,2021-06-01 16:05:00,LYTS
9.19,9.19,9.19,9.19,100,2021-06-01 16:07:00,LYTS
9.19,9.19,9.19,9.19,404,2021-06-01 16:09:00,LYTS
9.2,9.21,9.2,9.21,400,2021-06-01 16:15:00,LYTS
9.2,9.2,9.2,9.2,100,2021-06-01 16:16:00,LYTS
9.21,9.21,9.21,9.21,700,2021-06-01 16:19:00,LYTS
9.25,9.25,9.22,9.22,900,2021-06-01 16:33:00,LYTS
9.2,9.2,9.2,9.2,100,2021-06-01 16:35:00,LYTS
9.2,9.2,9.17,9.17,1000,2021-06-01 16:37:00,LYTS
9.19,9.19,9.19,9.19,100,2021-06-01 16:42:00,LYTS
9.19,9.19,9.19,9.19,100,2021-06-01 16:45:00,LYTS
9.17,9.17,9.16,9.16,800,2021-06-01 16:58:00,LYTS
9.16,9.18,9.15,9.15,700,2021-06-01 16:59:00,LYTS
9.15,9.15,9.15,9.15,200,2021-06-01 17:00:00,LYTS
9.18,9.18,9.18,9.18,158,2021-06-01 17:01:00,LYTS
9.17,9.175,9.17,9.175,400,2021-06-01 17:02:00,LYTS
9.19,9.19,9.19,9.19,720,2021-06-01 17:08:00,LYTS
9.18,9.18,9.18,9.18,100,2021-06-01 17:17:00,LYTS
9.17,9.17,9.16,9.16,661,2021-06-01 17:18:00,LYTS
9.14,9.14,9.14,9.14,100,2021-06-01 17:21:00,LYTS
9.13,9.13,9.13,9.13,300,2021-06-01 17:25:00,LYTS
9.15,9.15,9.15,9.15,100,2021-06-01 17:27:00,LYTS
9.15,9.15,9.15,9.15,100,2021-06-01 17:30:00,LYTS
9.13,9.13,9.13,9.13,100,2021-06-01 17:31:00,LYTS
9.13,9.145,9.13,9.145,400,2021-06-01 17:36:00,LYTS
9.13,9.145,9.13,9.145,500,2021-06-01 17:40:00,LYTS
9.14,9.14,9.14,9.14,300,2021-06-01 17:41:00,LYTS
9.15,9.15,9.15,9.15,200,2021-06-01 17:42:00,LYTS
9.13,9.13,9.13,9.13,100,2021-06-01 17:48:00,LYTS
9.12,9.12,9.12,9.12,200,2021-06-01 17:50:00,LYTS
9.09,9.09,9.08,9.08,1100,2021-06-01 17:53:00,LYTS
9.095,9.095,9.095,9.095,100,2021-06-01 17:54:00,LYTS
9.095,9.095,9.095,9.095,100,2021-06-01 17:56:00,LYTS
9.08,9.08,9.08,9.08,100,2021-06-01 18:03:00,LYTS
9.11,9.11,9.1,9.1,300,2021-06-01 18:11:00,LYTS
9.09,9.09,9.09,9.09,200,2021-06-01 18:18:00,LYTS
9.09,9.09,9.09,9.09,100,2021-06-01 18:21:00,LYTS
9.08,9.08,9.08,9.08,300,2021-06-01 18:23:00,LYTS
9.07,9.07,9.07,9.07,100,2021-06-01 18:29:00,LYTS
9.07,9.07,9.07,9.07,100,2021-06-01 18:31:00,LYTS
9.07,9.07,9.07,9.07,100,2021-06-01 18:33:00,LYTS
9.07,9.07,9.06,9.06,500,2021-06-01 18:35:00,LYTS
9.08,9.09,9.08,9.09,200,2021-06-01 18:36:00,LYTS
9.09,9.105,9.09,9.105,300,2021-06-01 18:37:00,LYTS
9.1,9.11,9.1,9.11,200,2021-06-01 18:43:00,LYTS
9.12,9.12,9.12,9.12,100,2021-06-01 18:44:00,LYTS
9.1,9.1,9.1,9.1,100,2021-06-01 18:45:00,LYTS
9.11,9.11,9.11,9.11,100,2021-06-01 18:46:00,LYTS
9.08,9.08,9.08,9.08,200,2021-06-01 18:47:00,LYTS
9.0804,9.0804,9.06,9.06,600,2021-06-01 18:48:00,LYTS
9.04,9.04,9.04,9.04,100,2021-06-01 18:49:00,LYTS
9.05,9.05,9.05,9.05,600,2021-06-01 18:50:00,LYTS
9.0404,9.0404,9.0404,9.0404,100,2021-06-01 18:51:00,LYTS
9.04,9.06,9.04,9.06,300,2021-06-01 18:52:00,LYTS
9.06,9.09,9.04,9.09,1100,2021-06-01 18:53:00,LYTS
9.09,9.09,9.05,9.05,700,2021-06-01 18:54:00,LYTS
9.05,9.05,9.05,9.05,100,2021-06-01 18:56:00,LYTS
9.08,9.08,9.04,9.04,1575,2021-06-01 18:57:00,LYTS
9.03,9.05,9.03,9.05,600,2021-06-01 18:58:00,LYTS
9.05,9.05,9.05,9.05,481,2021-06-01 18:59:00,LYTS
9.03,9.03,9.03,9.03,100,2021-06-01 19:00:00,LYTS
9.01,9.035,9.0,9.035,1784,2021-06-01 19:02:00,LYTS
9.0,9.0,9.0,9.0,100,2021-06-01 19:03:00,LYTS
9.0,9.0,8.97,8.97,898,2021-06-01 19:04:00,LYTS
9.0,9.08,9.0,9.08,1100,2021-06-01 19:05:00,LYTS
9.09,9.09,9.065,9.065,400,2021-06-01 19:06:00,LYTS
9.09,9.09,9.065,9.09,600,2021-06-01 19:07:00,LYTS
9.095,9.095,9.095,9.095,2000,2021-06-01 19:09:00,LYTS
9.095,9.095,9.095,9.095,4100,2021-06-01 19:10:00,LYTS
9.1,9.13,9.1,9.13,312,2021-06-01 19:11:00,LYTS
9.125,9.125,9.125,9.125,2000,2021-06-01 19:15:00,LYTS
9.1115,9.1115,9.1,9.1,453,2021-06-01 19:16:00,LYTS
9.08,9.1,9.08,9.1,700,2021-06-01 19:20:00,LYTS
9.095,9.095,9.095,9.095,400,2021-06-01 19:22:00,LYTS
9.09,9.09,9.08,9.08,200,2021-06-01 19:25:00,LYTS
9.095,9.1,9.09,9.1,500,2021-06-01 19:27:00,LYTS
9.09,9.09,9.09,9.09,100,2021-06-01 19:28:00,LYTS
9.095,9.095,9.095,9.095,100,2021-06-01 19:29:00,LYTS
9.095,9.1099,9.095,9.095,600,2021-06-01 19:30:00,LYTS
9.1059,9.1059,9.1059,9.1059,200,2021-06-01 19:31:00,LYTS
9.07,9.07,9.06,9.06,366,2021-06-01 19:34:00,LYTS
9.06,9.0605,9.05,9.05,789,2021-06-01 19:35:00,LYTS
9.065,9.065,9.065,9.065,300,2021-06-01 19:37:00,LYTS
9.06,9.06,9.05,9.05,1200,2021-06-01 19:38:00,LYTS
9.065,9.07,9.065,9.07,500,2021-06-01 19:39:00,LYTS
9.06,9.06,9.06,9.06,300,2021-06-01 19:42:00,LYTS
9.03,9.045,9.03,9.045,200,2021-06-01 19:43:00,LYTS
9.03,9.03,9.03,9.03,100,2021-06-01 19:44:00,LYTS
9.03,9.055,9.03,9.04,700,2021-06-01 19:45:00,LYTS
9.04,9.04,9.04,9.04,300,2021-06-01 19:47:00,LYTS
9.04,9.04,9.03,9.03,400,2021-06-01 19:49:00,LYTS
9.04,9.073,9.04,9.06,1160,2021-06-01 19:50:00,LYTS
9.04,9.06,9.04,9.04,1485,2021-06-01 19:51:00,LYTS
9.04,9.04,9.0,9.0,5140,2021-06-01 19:52:00,LYTS
8.99,9.02,8.98,8.98,1019,2021-06-01 19:53:00,LYTS
9.01,9.03,9.01,9.03,650,2021-06-01 19:54:00,LYTS
9.05,9.06,9.03,9.04,900,2021-06-01 19:55:00,LYTS
9.05,9.05,9.02,9.03,2000,2021-06-01 19:56:00,LYTS
9.04,9.04,9.01,9.01,1900,2021-06-01 19:57:00,LYTS
9.01,9.01,8.99,8.99,1100,2021-06-01 19:58:00,LYTS
9.015,9.015,8.99,8.99,4329,2021-06-01 19:59:00,LYTS
9.03,9.03,9.03,9.03,11322,2021-06-01 20:00:00,LYTS
9.03,9.03,9.03,9.03,1067,2021-06-01 20:01:00,LYTS
9.09,9.19,9.09,9.19,3686,2021-06-02 13:30:00,LYTS
9.035,9.035,8.99,8.99,776,2021-06-02 13:37:00,LYTS
8.97,8.98,8.96,8.98,425,2021-06-02 13:40:00,LYTS
8.935,8.935,8.935,8.935,100,2021-06-02 13:42:00,LYTS
8.935,8.98,8.935,8.935,1300,2021-06-02 13:51:00,LYTS
8.99,8.99,8.99,8.99,100,2021-06-02 13:54:00,LYTS
8.94,8.94,8.93,8.94,1000,2021-06-02 13:57:00,LYTS
8.92,8.96,8.92,8.95,800,2021-06-02 13:58:00,LYTS
8.97,8.98,8.94,8.945,1050,2021-06-02 14:01:00,LYTS
8.96,8.975,8.96,8.975,450,2021-06-02 14:09:00,LYTS
8.95,8.95,8.92,8.93,1451,2021-06-02 14:24:00,LYTS
8.92,8.92,8.92,8.92,200,2021-06-02 14:25:00,LYTS
8.93,8.94,8.93,8.93,600,2021-06-02 14:27:00,LYTS
8.91,8.94,8.91,8.94,400,2021-06-02 14:28:00,LYTS
8.945,8.97,8.9407,8.955,1000,2021-06-02 14:30:00,LYTS
8.97,8.97,8.97,8.97,100,2021-06-02 14:32:00,LYTS
8.94,8.95,8.94,8.95,400,2021-06-02 14:35:00,LYTS
8.96,8.96,8.95,8.95,300,2021-06-02 14:41:00,LYTS
8.94,8.94,8.94,8.94,100,2021-06-02 14:46:00,LYTS
8.94,8.94,8.94,8.94,388,2021-06-02 14:53:00,LYTS
8.92,8.92,8.92,8.92,100,2021-06-02 14:57:00,LYTS
8.9117,8.9117,8.9117,8.9117,130,2021-06-02 14:59:00,LYTS
8.91,8.91,8.88,8.88,900,2021-06-02 15:07:00,LYTS
8.88,8.88,8.88,8.88,100,2021-06-02 15:17:00,LYTS
8.895,8.895,8.895,8.895,100,2021-06-02 15:18:00,LYTS
8.865,8.865,8.865,8.865,200,2021-06-02 15:27:00,LYTS
8.85,8.85,8.85,8.85,100,2021-06-02 15:28:00,LYTS
8.865,8.865,8.865,8.865,100,2021-06-02 15:35:00,LYTS
8.85,8.85,8.85,8.85,108,2021-06-02 15:55:00,LYTS
8.85,8.87,8.85,8.86,4723,2021-06-02 16:08:00,LYTS
8.86,8.9,8.85,8.9,2125,2021-06-02 16:11:00,LYTS
8.89,8.9,8.89,8.9,300,2021-06-02 16:18:00,LYTS
8.9,8.9,8.9,8.9,200,2021-06-02 16:28:00,LYTS
8.9,8.9,8.9,8.9,855,2021-06-02 16:29:00,LYTS
8.9,8.9,8.9,8.9,387,2021-06-02 16:31:00,LYTS
8.91,8.91,8.91,8.91,307,2021-06-02 16:35:00,LYTS
8.93,8.93,8.93,8.93,100,2021-06-02 16:55:00,LYTS
8.93,8.93,8.93,8.93,100,2021-06-02 17:02:00,LYTS
8.93,8.93,8.93,8.93,600,2021-06-02 17:07:00,LYTS
8.95,8.95,8.93,8.93,700,2021-06-02 17:10:00,LYTS
8.89,8.9,8.89,8.9,1500,2021-06-02 17:11:00,LYTS
8.9,8.9,8.9,8.9,191,2021-06-02 17:16:00,LYTS
8.91,8.94,8.91,8.94,732,2021-06-02 17:18:00,LYTS
8.925,8.925,8.925,8.925,100,2021-06-02 17:23:00,LYTS
8.91,8.91,8.91,8.91,300,2021-06-02 17:27:00,LYTS
8.9,8.9,8.9,8.9,100,2021-06-02 17:30:00,LYTS
8.91,8.91,8.9,8.9,400,2021-06-02 17:43:00,LYTS
8.9,8.9,8.88,8.895,902,2021-06-02 17:44:00,LYTS
8.91,8.91,8.91,8.91,400,2021-06-02 17:45:00,LYTS
8.9,8.9,8.9,8.9,300,2021-06-02 17:47:00,LYTS
8.9,8.9,8.9,8.9,493,2021-06-02 17:48:00,LYTS
8.885,8.94,8.885,8.9,2652,2021-06-02 17:49:00,LYTS
8.94,8.94,8.94,8.94,100,2021-06-02 17:52:00,LYTS
8.92,8.92,8.92,8.92,100,2021-06-02 17:55:00,LYTS
8.95,8.95,8.95,8.95,200,2021-06-02 18:01:00,LYTS
8.935,8.935,8.935,8.935,446,2021-06-02 18:03:00,LYTS
8.935,8.935,8.935,8.935,100,2021-06-02 18:05:00,LYTS
8.95,8.95,8.92,8.92,748,2021-06-02 18:07:00,LYTS
8.91,8.91,8.9,8.91,600,2021-06-02 18:11:00,LYTS
8.895,8.895,8.895,8.895,138,2021-06-02 18:12:00,LYTS
8.88,8.885,8.88,8.885,600,2021-06-02 18:13:00,LYTS
8.91,8.91,8.91,8.91,200,2021-06-02 18:22:00,LYTS
8.91,8.91,8.91,8.91,256,2021-06-02 18:23:00,LYTS
8.92,8.92,8.92,8.92,500,2021-06-02 18:29:00,LYTS
8.925,8.925,8.925,8.925,100,2021-06-02 18:33:00,LYTS
8.925,8.925,8.925,8.925,100,2021-06-02 18:34:00,LYTS
8.91,8.91,8.91,8.91,419,2021-06-02 18:35:00,LYTS
8.906,8.906,8.906,8.906,1680,2021-06-02 18:38:00,LYTS
8.9,8.92,8.89,8.92,700,2021-06-02 18:42:00,LYTS
8.9,8.9,8.9,8.9,100,2021-06-02 18:45:00,LYTS
8.91,8.91,8.91,8.91,300,2021-06-02 18:47:00,LYTS
8.9,8.9,8.9,8.9,400,2021-06-02 18:54:00,LYTS
8.89,8.91,8.89,8.9,1448,2021-06-02 18:55:00,LYTS
8.93,8.94,8.93,8.93,450,2021-06-02 19:00:00,LYTS
8.93,8.93,8.93,8.93,683,2021-06-02 19:02:00,LYTS
8.92,8.92,8.92,8.92,100,2021-06-02 19:18:00,LYTS
8.91,8.92,8.91,8.92,600,2021-06-02 19:22:00,LYTS
8.92,8.93,8.92,8.93,865,2021-06-02 19:23:00,LYTS
8.95,8.95,8.95,8.95,200,2021-06-02 19:26:00,LYTS
8.95,8.95,8.94,8.94,700,2021-06-02 19:27:00,LYTS
8.94,8.94,8.94,8.94,200,2021-06-02 19:28:00,LYTS
8.94,8.94,8.94,8.94,100,2021-06-02 19:30:00,LYTS
8.93,8.93,8.92,8.92,200,2021-06-02 19:32:00,LYTS
8.92,8.93,8.92,8.93,300,2021-06-02 19:33:00,LYTS
8.93,8.93,8.93,8.93,200,2021-06-02 19:34:00,LYTS
8.93,8.93,8.93,8.93,100,2021-06-02 19:35:00,LYTS
8.93,8.93,8.93,8.93,200,2021-06-02 19:37:00,LYTS
8.92,8.93,8.91,8.93,400,2021-06-02 19:39:00,LYTS
8.93,8.93,8.91,8.93,1260,2021-06-02 19:40:00,LYTS
8.93,8.93,8.915,8.92,300,2021-06-02 19:41:00,LYTS
8.91,8.91,8.91,8.91,200,2021-06-02 19:43:00,LYTS
8.915,8.915,8.915,8.915,100,2021-06-02 19:44:00,LYTS
8.915,8.92,8.915,8.92,200,2021-06-02 19:45:00,LYTS
8.915,8.93,8.915,8.93,1134,2021-06-02 19:46:00,LYTS
8.95,8.95,8.94,8.94,1100,2021-06-02 19:50:00,LYTS
8.94,8.94,8.93,8.93,1200,2021-06-02 19:51:00,LYTS
8.94,8.95,8.94,8.95,600,2021-06-02 19:54:00,LYTS
8.93,8.93,8.93,8.93,100,2021-06-02 19:55:00,LYTS
8.94,8.94,8.93,8.93,600,2021-06-02 19:57:00,LYTS
8.93,8.94,8.93,8.94,600,2021-06-02 19:58:00,LYTS
8.94,8.96,8.93,8.95,3111,2021-06-02 19:59:00,LYTS
8.96,8.96,8.96,8.96,5717,2021-06-02 20:00:00,LYTS
8.86,8.86,8.86,8.86,859,2021-06-03 13:30:00,LYTS
8.87,8.87,8.85,8.85,200,2021-06-03 13:31:00,LYTS
8.88,8.95,8.88,8.95,1200,2021-06-03 13:37:00,LYTS
8.88,8.88,8.88,8.88,100,2021-06-03 13:44:00,LYTS
8.88,8.88,8.88,8.88,400,2021-06-03 13:45:00,LYTS
8.84,8.84,8.82,8.82,400,2021-06-03 13:48:00,LYTS
8.81,8.81,8.81,8.81,100,2021-06-03 13:58:00,LYTS
8.81,8.81,8.8,8.81,580,2021-06-03 13:59:00,LYTS
8.815,8.815,8.815,8.815,100,2021-06-03 14:03:00,LYTS
8.8,8.82,8.79,8.82,1842,2021-06-03 14:08:00,LYTS
8.75,8.785,8.75,8.785,408,2021-06-03 14:12:00,LYTS
8.82,8.82,8.82,8.82,100,2021-06-03 14:14:00,LYTS
8.76,8.76,8.76,8.76,100,2021-06-03 14:19:00,LYTS
8.77,8.77,8.77,8.77,100,2021-06-03 14:20:00,LYTS
8.79,8.82,8.79,8.8,920,2021-06-03 14:21:00,LYTS
8.815,8.88,8.815,8.878,2700,2021-06-03 14:27:00,LYTS
8.845,8.845,8.845,8.845,100,2021-06-03 14:30:00,LYTS
8.845,8.845,8.845,8.845,100,2021-06-03 14:31:00,LYTS
8.87,8.87,8.87,8.87,100,2021-06-03 14:36:00,LYTS
8.9,8.9,8.9,8.9,100,2021-06-03 14:40:00,LYTS
8.93,8.93,8.93,8.93,411,2021-06-03 14:42:00,LYTS
8.88,8.88,8.88,8.88,100,2021-06-03 14:45:00,LYTS
8.9,8.9,8.9,8.9,100,2021-06-03 14:47:00,LYTS
8.9,8.9,8.9,8.9,562,2021-06-03 14:48:00,LYTS
8.895,8.895,8.895,8.895,100,2021-06-03 14:50:00,LYTS
8.87,8.87,8.87,8.87,200,2021-06-03 14:51:00,LYTS
8.8925,8.8925,8.8925,8.8925,100,2021-06-03 14:53:00,LYTS
8.87,8.87,8.87,8.87,100,2021-06-03 14:55:00,LYTS
8.89,8.89,8.89,8.89,100,2021-06-03 14:58:00,LYTS
8.91,8.91,8.91,8.91,100,2021-06-03 15:02:00,LYTS
8.96,8.96,8.96,8.96,100,2021-06-03 15:06:00,LYTS
8.93,8.93,8.93,8.93,100,2021-06-03 15:17:00,LYTS
8.93,8.93,8.93,8.93,100,2021-06-03 15:22:00,LYTS
8.925,8.925,8.925,8.925,100,2021-06-03 15:27:00,LYTS
8.91,8.91,8.91,8.91,300,2021-06-03 15:35:00,LYTS
8.92,8.92,8.92,8.92,300,2021-06-03 15:45:00,LYTS
8.95,8.95,8.95,8.95,100,2021-06-03 15:47:00,LYTS
8.92,8.92,8.92,8.92,100,2021-06-03 15:54:00,LYTS
8.94,8.94,8.94,8.94,100,2021-06-03 15:58:00,LYTS
8.94,8.94,8.935,8.935,200,2021-06-03 16:01:00,LYTS
8.935,8.935,8.935,8.935,100,2021-06-03 16:07:00,LYTS
8.94,8.94,8.94,8.94,200,2021-06-03 16:15:00,LYTS
8.92,8.92,8.92,8.92,400,2021-06-03 16:26:00,LYTS
8.925,8.925,8.925,8.925,100,2021-06-03 16:27:00,LYTS
8.91,8.91,8.91,8.91,500,2021-06-03 16:28:00,LYTS
8.9,8.9,8.9,8.9,200,2021-06-03 16:35:00,LYTS
8.9,8.91,8.9,8.91,300,2021-06-03 16:36:00,LYTS
8.91,8.91,8.91,8.91,100,2021-06-03 16:38:00,LYTS
8.9,8.9,8.9,8.9,100,2021-06-03 16:40:00,LYTS
8.91,8.91,8.91,8.91,100,2021-06-03 16:47:00,LYTS
8.885,8.9,8.885,8.9,200,2021-06-03 16:48:00,LYTS
8.86,8.86,8.86,8.86,100,2021-06-03 16:52:00,LYTS
8.85,8.86,8.85,8.86,500,2021-06-03 16:54:00,LYTS
8.87,8.87,8.87,8.87,100,2021-06-03 16:56:00,LYTS
8.86,8.86,8.86,8.86,300,2021-06-03 16:58:00,LYTS
8.86,8.86,8.86,8.86,200,2021-06-03 17:00:00,LYTS
8.88,8.88,8.88,8.88,100,2021-06-03 17:03:00,LYTS
8.865,8.865,8.865,8.865,100,2021-06-03 17:04:00,LYTS
8.84,8.85,8.84,8.85,388,2021-06-03 17:09:00,LYTS
8.85,8.85,8.85,8.85,100,2021-06-03 17:13:00,LYTS
8.84,8.84,8.84,8.84,100,2021-06-03 17:27:00,LYTS
8.835,8.835,8.835,8.835,100,2021-06-03 17:34:00,LYTS
8.82,8.82,8.82,8.82,800,2021-06-03 17:42:00,LYTS
8.82,8.82,8.82,8.82,100,2021-06-03 17:44:00,LYTS
8.8,8.8,8.8,8.8,100,2021-06-03 17:57:00,LYTS
8.81,8.81,8.81,8.81,100,2021-06-03 17:58:00,LYTS
8.82,8.82,8.82,8.82,240,2021-06-03 17:59:00,LYTS
8.82,8.82,8.82,8.82,250,2021-06-03 18:00:00,LYTS
8.8,8.8,8.8,8.8,200,2021-06-03 18:01:00,LYTS
8.81,8.81,8.81,8.81,100,2021-06-03 18:04:00,LYTS
8.82,8.82,8.82,8.82,1174,2021-06-03 18:08:00,LYTS
8.82,8.83,8.82,8.825,1500,2021-06-03 18:10:00,LYTS
8.84,8.84,8.84,8.84,100,2021-06-03 18:11:00,LYTS
8.84,8.84,8.84,8.84,100,2021-06-03 18:12:00,LYTS
8.83,8.83,8.82,8.82,500,2021-06-03 18:16:00,LYTS
8.82,8.82,8.82,8.82,100,2021-06-03 18:17:00,LYTS
8.82,8.82,8.82,8.82,100,2021-06-03 18:19:00,LYTS
8.82,8.82,8.82,8.82,100,2021-06-03 18:20:00,LYTS
8.82,8.82,8.8,8.8,981,2021-06-03 18:22:00,LYTS
8.8,8.8,8.8,8.8,360,2021-06-03 18:24:00,LYTS
8.77,8.77,8.77,8.77,100,2021-06-03 18:25:00,LYTS
8.78,8.8,8.78,8.8,376,2021-06-03 18:26:00,LYTS
8.8,8.8,8.8,8.8,100,2021-06-03 18:27:00,LYTS
8.8,8.8,8.8,8.8,100,2021-06-03 18:33:00,LYTS
8.805,8.805,8.79,8.79,300,2021-06-03 18:42:00,LYTS
8.79,8.79,8.77,8.77,794,2021-06-03 18:45:00,LYTS
8.79,8.79,8.79,8.79,100,2021-06-03 18:49:00,LYTS
8.8038,8.8038,8.79,8.79,857,2021-06-03 18:55:00,LYTS
8.78,8.7877,8.78,8.7877,586,2021-06-03 19:03:00,LYTS
8.78,8.8,8.78,8.8,500,2021-06-03 19:04:00,LYTS
8.79,8.79,8.79,8.79,1050,2021-06-03 19:05:00,LYTS
8.805,8.805,8.805,8.805,2500,2021-06-03 19:08:00,LYTS
8.78,8.78,8.78,8.78,200,2021-06-03 19:09:00,LYTS
8.795,8.795,8.795,8.795,2300,2021-06-03 19:10:00,LYTS
8.795,8.8,8.795,8.8,1400,2021-06-03 19:11:00,LYTS
8.805,8.83,8.805,8.83,200,2021-06-03 19:13:00,LYTS
8.815,8.815,8.815,8.815,200,2021-06-03 19:14:00,LYTS
8.82,8.82,8.82,8.82,100,2021-06-03 19:15:00,LYTS
8.82,8.82,8.82,8.82,100,2021-06-03 19:19:00,LYTS
8.88,8.88,8.84,8.84,800,2021-06-03 19:27:00,LYTS
8.82,8.82,8.82,8.82,100,2021-06-03 19:29:00,LYTS
8.82,8.82,8.82,8.82,2000,2021-06-03 19:31:00,LYTS
8.82,8.82,8.815,8.815,11196,2021-06-03 19:32:00,LYTS
8.81,8.81,8.81,8.81,100,2021-06-03 19:34:00,LYTS
8.8,8.8,8.8,8.8,200,2021-06-03 19:35:00,LYTS
8.8,8.81,8.8,8.81,800,2021-06-03 19:36:00,LYTS
8.81,8.81,8.81,8.81,300,2021-06-03 19:37:00,LYTS
8.82,8.82,8.815,8.815,5900,2021-06-03 19:40:00,LYTS
8.815,8.815,8.815,8.815,200,2021-06-03 19:42:00,LYTS
8.83,8.83,8.83,8.83,200,2021-06-03 19:43:00,LYTS
8.82,8.82,8.82,8.82,100,2021-06-03 19:44:00,LYTS
8.815,8.82,8.815,8.82,200,2021-06-03 19:45:00,LYTS
8.82,8.82,8.82,8.82,100,2021-06-03 19:47:00,LYTS
8.815,8.82,8.815,8.82,300,2021-06-03 19:48:00,LYTS
8.87,8.87,8.87,8.87,100,2021-06-03 19:49:00,LYTS
8.88,8.89,8.88,8.89,300,2021-06-03 19:50:00,LYTS
8.84,8.84,8.84,8.84,100,2021-06-03 19:51:00,LYTS
8.87,8.87,8.87,8.87,100,2021-06-03 19:52:00,LYTS
8.84,8.84,8.82,8.82,300,2021-06-03 19:53:00,LYTS
8.82,8.82,8.82,8.82,100,2021-06-03 19:54:00,LYTS
8.83,8.85,8.83,8.85,400,2021-06-03 19:55:00,LYTS
8.82,8.83,8.8,8.8,7999,2021-06-03 19:56:00,LYTS
8.81,8.825,8.81,8.82,5200,2021-06-03 19:57:00,LYTS
8.82,8.84,8.82,8.82,3303,2021-06-03 19:58:00,LYTS
8.83,8.83,8.79,8.8,9793,2021-06-03 19:59:00,LYTS
8.82,8.82,8.82,8.82,4020,2021-06-03 20:00:00,LYTS
8.88,8.88,8.88,8.88,207,2021-06-04 13:30:00,LYTS
8.87,8.87,8.85,8.85,400,2021-06-04 13:33:00,LYTS
8.83,8.83,8.83,8.83,100,2021-06-04 13:36:00,LYTS
8.83,8.84,8.82,8.82,6837,2021-06-04 13:40:00,LYTS
8.81,8.81,8.81,8.81,108,2021-06-04 13:42:00,LYTS
8.885,8.885,8.885,8.885,100,2021-06-04 13:47:00,LYTS
8.82,8.82,8.82,8.82,100,2021-06-04 13:48:00,LYTS
8.905,8.95,8.905,8.95,200,2021-06-04 14:00:00,LYTS
8.88,8.88,8.88,8.88,600,2021-06-04 14:06:00,LYTS
8.84,8.85,8.83,8.85,400,2021-06-04 14:14:00,LYTS
8.835,8.835,8.835,8.835,100,2021-06-04 14:15:00,LYTS
8.81,8.83,8.81,8.83,1100,2021-06-04 14:20:00,LYTS
8.85,8.85,8.85,8.85,100,2021-06-04 14:23:00,LYTS
8.86,8.86,8.835,8.835,300,2021-06-04 14:29:00,LYTS
8.84,8.84,8.83,8.83,500,2021-06-04 14:30:00,LYTS
8.85,8.85,8.81,8.84,600,2021-06-04 14:35:00,LYTS
8.85,8.85,8.85,8.85,200,2021-06-04 14:36:00,LYTS
8.85,8.85,8.85,8.85,200,2021-06-04 14:37:00,LYTS
8.85,8.85,8.85,8.85,100,2021-06-04 14:38:00,LYTS
8.82,8.84,8.81,8.84,1220,2021-06-04 14:40:00,LYTS
8.85,8.85,8.85,8.85,100,2021-06-04 14:42:00,LYTS
8.85,8.85,8.85,8.85,100,2021-06-04 14:46:00,LYTS
8.85,8.85,8.85,8.85,100,2021-06-04 14:49:00,LYTS
8.855,8.855,8.855,8.855,100,2021-06-04 14:50:00,LYTS
8.84,8.84,8.84,8.84,700,2021-06-04 14:51:00,LYTS
8.845,8.845,8.845,8.845,100,2021-06-04 14:52:00,LYTS
8.83,8.835,8.83,8.835,300,2021-06-04 15:01:00,LYTS
8.83,8.835,8.83,8.835,400,2021-06-04 15:06:00,LYTS
8.8452,8.8452,8.8452,8.8452,261,2021-06-04 15:11:00,LYTS
8.81,8.81,8.81,8.81,100,2021-06-04 15:12:00,LYTS
8.8,8.8,8.8,8.8,1279,2021-06-04 15:14:00,LYTS
8.8,8.8,8.8,8.8,100,2021-06-04 15:15:00,LYTS
8.805,8.82,8.805,8.82,800,2021-06-04 15:25:00,LYTS
8.82,8.82,8.82,8.82,100,2021-06-04 15:26:00,LYTS
8.83,8.83,8.82,8.82,750,2021-06-04 15:30:00,LYTS
8.84,8.85,8.83,8.85,300,2021-06-04 15:32:00,LYTS
8.85,8.85,8.85,8.85,100,2021-06-04 15:33:00,LYTS
8.88,8.88,8.88,8.88,200,2021-06-04 15:36:00,LYTS
8.85,8.85,8.84,8.84,300,2021-06-04 15:38:00,LYTS
8.86,8.88,8.86,8.88,200,2021-06-04 15:39:00,LYTS
8.83,8.83,8.83,8.83,400,2021-06-04 15:40:00,LYTS
8.83,8.83,8.83,8.83,300,2021-06-04 15:45:00,LYTS
8.845,8.845,8.845,8.845,100,2021-06-04 15:49:00,LYTS
8.83,8.83,8.83,8.83,100,2021-06-04 15:50:00,LYTS
8.83,8.84,8.83,8.84,400,2021-06-04 15:52:00,LYTS
8.84,8.84,8.84,8.84,100,2021-06-04 15:54:00,LYTS
8.84,8.84,8.81,8.81,800,2021-06-04 15:56:00,LYTS
8.8,8.8,8.8,8.8,600,2021-06-04 16:00:00,LYTS
8.8,8.8,8.78,8.8,300,2021-06-04 16:01:00,LYTS
8.8,8.82,8.8,8.805,1200,2021-06-04 16:02:00,LYTS
8.82,8.82,8.82,8.82,100,2021-06-04 16:04:00,LYTS
8.815,8.815,8.815,8.815,100,2021-06-04 16:06:00,LYTS
8.81,8.81,8.81,8.81,400,2021-06-04 16:18:00,LYTS
8.815,8.815,8.815,8.815,100,2021-06-04 16:27:00,LYTS
8.85,8.85,8.85,8.85,100,2021-06-04 16:31:00,LYTS
8.81,8.81,8.81,8.81,800,2021-06-04 16:34:00,LYTS
8.82,8.82,8.82,8.82,100,2021-06-04 16:35:00,LYTS
8.835,8.835,8.835,8.835,100,2021-06-04 16:47:00,LYTS
8.835,8.835,8.835,8.835,100,2021-06-04 16:52:00,LYTS
8.82,8.82,8.82,8.82,600,2021-06-04 16:56:00,LYTS
8.81,8.81,8.81,8.81,100,2021-06-04 16:58:00,LYTS
8.802,8.802,8.802,8.802,200,2021-06-04 17:00:00,LYTS
8.815,8.815,8.815,8.815,100,2021-06-04 17:04:00,LYTS
8.8,8.8,8.8,8.8,100,2021-06-04 17:09:00,LYTS
8.805,8.805,8.805,8.805,100,2021-06-04 17:15:00,LYTS
8.78,8.78,8.78,8.78,100,2021-06-04 17:32:00,LYTS
8.79,8.79,8.78,8.78,300,2021-06-04 17:39:00,LYTS
8.79,8.79,8.79,8.79,100,2021-06-04 17:40:00,LYTS
8.8,8.8,8.8,8.8,100,2021-06-04 17:43:00,LYTS
8.805,8.805,8.805,8.805,1100,2021-06-04 17:44:00,LYTS
8.8,8.8,8.8,8.8,100,2021-06-04 17:49:00,LYTS
8.82,8.82,8.82,8.82,100,2021-06-04 17:50:00,LYTS
8.83,8.83,8.83,8.83,100,2021-06-04 17:54:00,LYTS
8.8,8.8,8.8,8.8,300,2021-06-04 17:59:00,LYTS
8.83,8.84,8.81,8.81,600,2021-06-04 18:00:00,LYTS
8.825,8.825,8.825,8.825,100,2021-06-04 18:02:00,LYTS
8.825,8.825,8.825,8.825,200,2021-06-04 18:03:00,LYTS
8.82,8.82,8.82,8.82,200,2021-06-04 18:05:00,LYTS
8.82,8.83,8.815,8.83,1400,2021-06-04 18:12:00,LYTS
8.83,8.83,8.83,8.83,400,2021-06-04 18:13:00,LYTS
8.82,8.82,8.82,8.82,536,2021-06-04 18:18:00,LYTS
8.81,8.81,8.81,8.81,100,2021-06-04 18:22:00,LYTS
8.83,8.83,8.83,8.83,100,2021-06-04 18:23:00,LYTS
8.81,8.815,8.81,8.815,576,2021-06-04 18:27:00,LYTS
8.815,8.815,8.815,8.815,100,2021-06-04 18:28:00,LYTS
8.8,8.8,8.8,8.8,200,2021-06-04 18:32:00,LYTS
8.815,8.83,8.815,8.83,500,2021-06-04 18:33:00,LYTS
8.81,8.81,8.8,8.8,500,2021-06-04 18:35:00,LYTS
8.8,8.8,8.8,8.8,200,2021-06-04 18:36:00,LYTS
8.8,8.8,8.8,8.8,200,2021-06-04 18:38:00,LYTS
8.8,8.81,8.8,8.81,200,2021-06-04 18:39:00,LYTS
8.83,8.83,8.83,8.83,100,2021-06-04 18:40:00,LYTS
8.81,8.81,8.79,8.79,440,2021-06-04 18:41:00,LYTS
8.8,8.8,8.8,8.8,100,2021-06-04 18:42:00,LYTS
8.805,8.805,8.805,8.805,100,2021-06-04 18:51:00,LYTS
8.8,8.8,8.8,8.8,400,2021-06-04 18:58:00,LYTS
8.78,8.8,8.78,8.8,200,2021-06-04 19:05:00,LYTS
8.78,8.78,8.78,8.78,100,2021-06-04 19:06:00,LYTS
8.8,8.8,8.8,8.8,100,2021-06-04 19:07:00,LYTS
8.79,8.79,8.79,8.79,100,2021-06-04 19:11:00,LYTS
8.79,8.79,8.79,8.79,100,2021-06-04 19:22:00,LYTS
8.785,8.785,8.785,8.785,100,2021-06-04 19:23:00,LYTS
8.79,8.79,8.78,8.78,300,2021-06-04 19:24:00,LYTS
8.79,8.79,8.79,8.79,100,2021-06-04 19:26:00,LYTS
8.78,8.78,8.78,8.78,200,2021-06-04 19:27:00,LYTS
8.79,8.79,8.79,8.79,100,2021-06-04 19:28:00,LYTS
8.8,8.8,8.8,8.8,227,2021-06-04 19:29:00,LYTS
8.79,8.79,8.79,8.79,100,2021-06-04 19:32:00,LYTS
8.7805,8.7805,8.7805,8.7805,174,2021-06-04 19:36:00,LYTS
8.79,8.79,8.79,8.79,100,2021-06-04 19:37:00,LYTS
8.8,8.8,8.8,8.8,100,2021-06-04 19:40:00,LYTS
8.8,8.8,8.8,8.8,100,2021-06-04 19:41:00,LYTS
8.8,8.8,8.8,8.8,100,2021-06-04 19:42:00,LYTS
8.795,8.795,8.795,8.795,100,2021-06-04 19:43:00,LYTS
8.79,8.8,8.79,8.8,863,2021-06-04 19:44:00,LYTS
8.8,8.8039,8.8,8.8039,256,2021-06-04 19:45:00,LYTS
8.8,8.8,8.785,8.785,320,2021-06-04 19:46:00,LYTS
8.77,8.79,8.77,8.79,800,2021-06-04 19:50:00,LYTS
8.8,8.8,8.8,8.8,104,2021-06-04 19:51:00,LYTS
8.8,8.8,8.79,8.8,1300,2021-06-04 19:53:00,LYTS
8.8,8.81,8.79,8.79,1117,2021-06-04 19:54:00,LYTS
8.795,8.8,8.795,8.8,300,2021-06-04 19:55:00,LYTS
8.77,8.79,8.77,8.79,1111,2021-06-04 19:56:00,LYTS
8.8,8.8,8.77,8.775,811,2021-06-04 19:57:00,LYTS
8.78,8.8,8.78,8.8,867,2021-06-04 19:58:00,LYTS
8.77,8.77,8.76,8.76,2300,2021-06-04 19:59:00,LYTS
8.76,8.76,8.76,8.76,10789,2021-06-04 20:00:00,LYTS
8.75,8.75,8.75,8.75,400,2021-06-04 22:11:00,LYTS
8.9,8.9,8.9,8.9,100,2021-06-07 13:25:00,LYTS
8.89,8.89,8.79,8.79,10796,2021-06-07 13:30:00,LYTS
8.77,8.77,8.77,8.77,663,2021-06-07 13:42:00,LYTS
8.77,8.77,8.77,8.77,100,2021-06-07 13:47:00,LYTS
8.8,8.83,8.8,8.83,500,2021-06-07 13:48:00,LYTS
8.805,8.805,8.805,8.805,400,2021-06-07 13:51:00,LYTS
8.77,8.77,8.755,8.755,944,2021-06-07 13:53:00,LYTS
8.76,8.76,8.76,8.76,100,2021-06-07 13:55:00,LYTS
8.76,8.76,8.76,8.76,100,2021-06-07 13:57:00,LYTS
8.76,8.76,8.76,8.76,616,2021-06-07 14:02:00,LYTS
8.76,8.76,8.75,8.76,478,2021-06-07 14:03:00,LYTS
8.76,8.76,8.76,8.76,100,2021-06-07 14:04:00,LYTS
8.76,8.76,8.76,8.76,200,2021-06-07 14:06:00,LYTS
8.76,8.78,8.76,8.76,800,2021-06-07 14:07:00,LYTS
8.77,8.79,8.77,8.79,513,2021-06-07 14:12:00,LYTS
8.78,8.78,8.78,8.78,200,2021-06-07 14:13:00,LYTS
8.77,8.77,8.76,8.76,247,2021-06-07 14:16:00,LYTS
8.76,8.76,8.76,8.76,600,2021-06-07 14:18:00,LYTS
8.75,8.76,8.735,8.75,977,2021-06-07 14:19:00,LYTS
8.75,8.76,8.75,8.75,400,2021-06-07 14:20:00,LYTS
8.76,8.77,8.76,8.76,854,2021-06-07 14:24:00,LYTS
8.77,8.77,8.76,8.76,200,2021-06-07 14:25:00,LYTS
8.76,8.76,8.76,8.76,500,2021-06-07 14:26:00,LYTS
8.775,8.775,8.775,8.775,100,2021-06-07 14:27:00,LYTS
8.765,8.765,8.765,8.765,100,2021-06-07 14:33:00,LYTS
8.76,8.77,8.76,8.76,300,2021-06-07 14:36:00,LYTS
8.77,8.77,8.76,8.765,700,2021-06-07 14:37:00,LYTS
8.77,8.8,8.77,8.8,1900,2021-06-07 14:38:00,LYTS
8.79,8.79,8.79,8.79,163,2021-06-07 14:39:00,LYTS
8.795,8.795,8.795,8.795,100,2021-06-07 14:40:00,LYTS
8.79,8.79,8.79,8.79,300,2021-06-07 14:41:00,LYTS
8.8,8.8,8.8,8.8,100,2021-06-07 14:42:00,LYTS
8.79,8.79,8.79,8.79,500,2021-06-07 14:49:00,LYTS
8.78,8.78,8.78,8.78,100,2021-06-07 14:50:00,LYTS
8.78,8.78,8.78,8.78,294,2021-06-07 14:51:00,LYTS
8.78,8.78,8.76,8.77,3968,2021-06-07 14:52:00,LYTS
8.74,8.74,8.74,8.74,142,2021-06-07 14:54:00,LYTS
8.72,8.72,8.72,8.72,363,2021-06-07 14:58:00,LYTS
8.71,8.73,8.71,8.73,700,2021-06-07 14:59:00,LYTS
8.72,8.72,8.72,8.72,300,2021-06-07 15:02:00,LYTS
8.7,8.7,8.7,8.7,100,2021-06-07 15:04:00,LYTS
8.7,8.7,8.69,8.69,200,2021-06-07 15:05:00,LYTS
8.69,8.69,8.67,8.67,600,2021-06-07 15:06:00,LYTS
8.66,8.66,8.66,8.66,400,2021-06-07 15:09:00,LYTS
8.65,8.65,8.65,8.65,100,2021-06-07 15:14:00,LYTS
8.64,8.66,8.64,8.66,700,2021-06-07 15:15:00,LYTS
8.64,8.64,8.64,8.64,100,2021-06-07 15:21:00,LYTS
8.64,8.64,8.64,8.64,200,2021-06-07 15:24:00,LYTS
8.62,8.63,8.62,8.63,800,2021-06-07 15:26:00,LYTS
8.64,8.64,8.64,8.64,100,2021-06-07 15:27:00,LYTS
8.63,8.64,8.63,8.64,400,2021-06-07 15:29:00,LYTS
8.63,8.63,8.63,8.63,400,2021-06-07 15:30:00,LYTS
8.64,8.64,8.64,8.64,3000,2021-06-07 15:31:00,LYTS
8.62,8.62,8.61,8.62,571,2021-06-07 15:32:00,LYTS
8.59,8.59,8.59,8.59,400,2021-06-07 15:33:00,LYTS
8.61,8.61,8.61,8.61,100,2021-06-07 15:35:00,LYTS
8.6,8.6,8.59,8.59,600,2021-06-07 15:36:00,LYTS
8.6,8.6,8.59,8.59,400,2021-06-07 15:40:00,LYTS
8.59,8.61,8.59,8.6,800,2021-06-07 15:41:00,LYTS
8.6,8.6,8.6,8.6,400,2021-06-07 15:42:00,LYTS
8.59,8.59,8.585,8.585,650,2021-06-07 15:44:00,LYTS
8.59,8.59,8.59,8.59,200,2021-06-07 15:45:00,LYTS
8.59,8.59,8.59,8.59,400,2021-06-07 15:46:00,LYTS
8.595,8.6,8.595,8.6,401,2021-06-07 15:47:00,LYTS
8.59,8.59,8.59,8.59,373,2021-06-07 15:48:00,LYTS
8.59,8.59,8.575,8.575,890,2021-06-07 15:49:00,LYTS
8.59,8.59,8.58,8.58,600,2021-06-07 15:50:00,LYTS
8.58,8.6,8.57,8.59,500,2021-06-07 15:55:00,LYTS
8.57,8.57,8.57,8.57,100,2021-06-07 16:01:00,LYTS
8.56,8.56,8.56,8.56,200,2021-06-07 16:02:00,LYTS
8.56,8.56,8.56,8.56,100,2021-06-07 16:05:00,LYTS
8.565,8.57,8.565,8.57,400,2021-06-07 16:06:00,LYTS
8.58,8.59,8.58,8.59,400,2021-06-07 16:07:00,LYTS
8.595,8.595,8.595,8.595,261,2021-06-07 16:08:00,LYTS
8.57,8.58,8.56,8.56,500,2021-06-07 16:15:00,LYTS
8.6,8.6,8.59,8.59,2200,2021-06-07 16:17:00,LYTS
8.59,8.59,8.59,8.59,500,2021-06-07 16:18:00,LYTS
8.59,8.59,8.57,8.57,200,2021-06-07 16:20:00,LYTS
8.58,8.58,8.58,8.58,100,2021-06-07 16:23:00,LYTS
8.59,8.59,8.59,8.59,1000,2021-06-07 16:24:00,LYTS
8.58,8.58,8.575,8.58,999,2021-06-07 16:31:00,LYTS
8.57,8.57,8.56,8.56,620,2021-06-07 16:32:00,LYTS
8.56,8.56,8.56,8.56,100,2021-06-07 16:34:00,LYTS
8.56,8.57,8.56,8.57,600,2021-06-07 16:35:00,LYTS
8.55,8.57,8.55,8.57,300,2021-06-07 16:41:00,LYTS
8.565,8.565,8.565,8.565,300,2021-06-07 16:43:00,LYTS
8.57,8.57,8.565,8.57,1200,2021-06-07 16:50:00,LYTS
8.58,8.59,8.58,8.58,650,2021-06-07 16:57:00,LYTS
8.595,8.595,8.595,8.595,400,2021-06-07 16:58:00,LYTS
8.58,8.58,8.58,8.58,200,2021-06-07 17:01:00,LYTS
8.58,8.58,8.58,8.58,1000,2021-06-07 17:02:00,LYTS
8.58,8.58,8.56,8.56,1100,2021-06-07 17:03:00,LYTS
8.57,8.57,8.57,8.57,100,2021-06-07 17:04:00,LYTS
8.56,8.56,8.56,8.56,100,2021-06-07 17:05:00,LYTS
8.58,8.58,8.58,8.58,500,2021-06-07 17:07:00,LYTS
8.5879,8.5879,8.5879,8.5879,100,2021-06-07 17:08:00,LYTS
8.5875,8.5875,8.585,8.585,500,2021-06-07 17:17:00,LYTS
8.59,8.59,8.585,8.585,793,2021-06-07 17:20:00,LYTS
8.58,8.58,8.58,8.58,195,2021-06-07 17:22:00,LYTS
8.57,8.57,8.57,8.57,100,2021-06-07 17:23:00,LYTS
8.57,8.57,8.57,8.57,1600,2021-06-07 17:27:00,LYTS
8.57,8.57,8.57,8.57,100,2021-06-07 17:32:00,LYTS
8.57,8.57,8.57,8.57,200,2021-06-07 17:33:00,LYTS
8.58,8.58,8.57,8.575,616,2021-06-07 17:34:00,LYTS
8.58,8.58,8.58,8.58,400,2021-06-07 17:35:00,LYTS
8.59,8.59,8.58,8.58,400,2021-06-07 17:36:00,LYTS
8.58,8.58,8.58,8.58,100,2021-06-07 17:37:00,LYTS
8.585,8.585,8.58,8.58,855,2021-06-07 17:39:00,LYTS
8.58,8.58,8.58,8.58,400,2021-06-07 17:42:00,LYTS
8.575,8.58,8.575,8.58,800,2021-06-07 17:46:00,LYTS
8.575,8.585,8.575,8.585,928,2021-06-07 17:50:00,LYTS
8.58,8.58,8.58,8.58,100,2021-06-07 17:51:00,LYTS
8.58,8.58,8.58,8.58,2600,2021-06-07 17:52:00,LYTS
8.58,8.58,8.58,8.58,600,2021-06-07 17:53:00,LYTS
8.58,8.58,8.58,8.58,100,2021-06-07 17:55:00,LYTS
8.57,8.57,8.57,8.57,100,2021-06-07 17:56:00,LYTS
8.58,8.58,8.57,8.58,4599,2021-06-07 17:57:00,LYTS
8.575,8.575,8.56,8.56,1800,2021-06-07 17:59:00,LYTS
8.56,8.57,8.555,8.565,2000,2021-06-07 18:00:00,LYTS
8.565,8.57,8.565,8.57,411,2021-06-07 18:01:00,LYTS
8.56,8.57,8.56,8.57,2300,2021-06-07 18:05:00,LYTS
8.575,8.575,8.575,8.575,100,2021-06-07 18:06:00,LYTS
8.575,8.575,8.575,8.575,124,2021-06-07 18:07:00,LYTS
8.575,8.575,8.575,8.575,100,2021-06-07 18:08:00,LYTS
8.58,8.58,8.58,8.58,500,2021-06-07 18:09:00,LYTS
8.58,8.58,8.58,8.58,200,2021-06-07 18:10:00,LYTS
8.59,8.5975,8.585,8.585,949,2021-06-07 18:13:00,LYTS
8.57,8.585,8.57,8.585,300,2021-06-07 18:14:00,LYTS
8.57,8.58,8.57,8.58,600,2021-06-07 18:17:00,LYTS
8.58,8.58,8.58,8.58,100,2021-06-07 18:19:00,LYTS
8.59,8.59,8.585,8.585,770,2021-06-07 18:21:00,LYTS
8.585,8.585,8.585,8.585,800,2021-06-07 18:22:00,LYTS
8.58,8.58,8.575,8.58,1501,2021-06-07 18:23:00,LYTS
8.58,8.585,8.58,8.58,900,2021-06-07 18:24:00,LYTS
8.58,8.58,8.58,8.58,121,2021-06-07 18:26:00,LYTS
8.575,8.575,8.575,8.575,471,2021-06-07 18:28:00,LYTS
8.58,8.59,8.58,8.585,1559,2021-06-07 18:32:00,LYTS
8.585,8.585,8.585,8.585,100,2021-06-07 18:33:00,LYTS
8.57,8.58,8.57,8.58,3394,2021-06-07 18:34:00,LYTS
8.57,8.57,8.57,8.57,500,2021-06-07 18:36:00,LYTS
8.57,8.57,8.57,8.57,1462,2021-06-07 18:37:00,LYTS
8.57,8.57,8.57,8.57,175,2021-06-07 18:39:00,LYTS
8.57,8.57,8.57,8.57,1122,2021-06-07 18:40:00,LYTS
8.56,8.56,8.56,8.56,120,2021-06-07 18:42:00,LYTS
8.57,8.57,8.56,8.56,300,2021-06-07 18:45:00,LYTS
8.57,8.575,8.565,8.565,1039,2021-06-07 18:48:00,LYTS
8.58,8.58,8.58,8.58,200,2021-06-07 18:50:00,LYTS
8.58,8.58,8.57,8.57,921,2021-06-07 18:51:00,LYTS
8.5883,8.5883,8.5883,8.5883,400,2021-06-07 18:52:00,LYTS
8.58,8.58,8.58,8.58,400,2021-06-07 18:53:00,LYTS
8.58,8.59,8.575,8.58,722,2021-06-07 18:54:00,LYTS
8.58,8.58,8.58,8.58,100,2021-06-07 18:56:00,LYTS
8.57,8.575,8.57,8.575,500,2021-06-07 19:00:00,LYTS
8.57,8.57,8.57,8.57,100,2021-06-07 19:01:00,LYTS
8.56,8.56,8.56,8.56,100,2021-06-07 19:03:00,LYTS
8.56,8.56,8.56,8.56,100,2021-06-07 19:04:00,LYTS
8.56,8.57,8.56,8.57,500,2021-06-07 19:05:00,LYTS
8.57,8.57,8.57,8.57,235,2021-06-07 19:06:00,LYTS
8.58,8.58,8.57,8.58,1610,2021-06-07 19:07:00,LYTS
8.57,8.58,8.57,8.58,200,2021-06-07 19:08:00,LYTS
8.58,8.58,8.56,8.56,2743,2021-06-07 19:09:00,LYTS
8.58,8.58,8.58,8.58,145,2021-06-07 19:10:00,LYTS
8.56,8.57,8.56,8.57,1546,2021-06-07 19:11:00,LYTS
8.57,8.57,8.57,8.57,100,2021-06-07 19:13:00,LYTS
8.56,8.56,8.56,8.56,200,2021-06-07 19:15:00,LYTS
8.57,8.57,8.57,8.57,100,2021-06-07 19:17:00,LYTS
8.56,8.56,8.56,8.56,100,2021-06-07 19:19:00,LYTS
8.57,8.575,8.56,8.575,400,2021-06-07 19:20:00,LYTS
8.5775,8.5775,8.5775,8.5775,600,2021-06-07 19:22:00,LYTS
8.58,8.58,8.58,8.58,796,2021-06-07 19:24:00,LYTS
8.59,8.59,8.59,8.59,100,2021-06-07 19:27:00,LYTS
8.58,8.58,8.58,8.58,200,2021-06-07 19:31:00,LYTS
8.58,8.58,8.58,8.58,100,2021-06-07 19:33:00,LYTS
8.58,8.58,8.58,8.58,200,2021-06-07 19:34:00,LYTS
8.59,8.595,8.58,8.58,1700,2021-06-07 19:36:00,LYTS
8.58,8.58,8.57,8.58,666,2021-06-07 19:37:00,LYTS
8.58,8.58,8.575,8.575,200,2021-06-07 19:38:00,LYTS
8.58,8.59,8.575,8.58,725,2021-06-07 19:39:00,LYTS
8.58,8.58,8.57,8.57,200,2021-06-07 19:43:00,LYTS
8.5899,8.5899,8.5899,8.5899,230,2021-06-07 19:46:00,LYTS
8.59,8.59,8.59,8.59,100,2021-06-07 19:48:00,LYTS
8.575,8.575,8.575,8.575,100,2021-06-07 19:49:00,LYTS
8.58,8.58,8.58,8.58,300,2021-06-07 19:50:00,LYTS
8.58,8.58,8.575,8.575,661,2021-06-07 19:51:00,LYTS
8.575,8.575,8.575,8.575,100,2021-06-07 19:52:00,LYTS
8.575,8.575,8.575,8.575,621,2021-06-07 19:54:00,LYTS
8.57,8.57,8.565,8.565,682,2021-06-07 19:55:00,LYTS
8.565,8.565,8.56,8.56,1855,2021-06-07 19:56:00,LYTS
8.55,8.56,8.55,8.56,233,2021-06-07 19:57:00,LYTS
8.56,8.56,8.55,8.55,452,2021-06-07 19:58:00,LYTS
8.55,8.55,8.53,8.54,9115,2021-06-07 19:59:00,LYTS
8.54,8.54,8.54,8.54,12051,2021-06-07 20:00:00,LYTS
8.56,8.56,8.56,8.56,213,2021-06-08 13:30:00,LYTS
8.55,8.55,8.55,8.55,300,2021-06-08 13:34:00,LYTS
8.55,8.55,8.55,8.55,100,2021-06-08 13:35:00,LYTS
8.6,8.6,8.6,8.6,100,2021-06-08 13:36:00,LYTS
8.56,8.57,8.56,8.57,567,2021-06-08 13:44:00,LYTS
8.55,8.55,8.55,8.55,923,2021-06-08 13:52:00,LYTS
8.5,8.51,8.5,8.51,627,2021-06-08 13:53:00,LYTS
8.51,8.515,8.51,8.515,1100,2021-06-08 13:54:00,LYTS
8.51,8.51,8.47,8.47,6204,2021-06-08 13:57:00,LYTS
8.46,8.46,8.46,8.46,100,2021-06-08 13:58:00,LYTS
8.46,8.46,8.45,8.45,400,2021-06-08 13:59:00,LYTS
8.48,8.5,8.48,8.49,1282,2021-06-08 14:00:00,LYTS
8.485,8.485,8.485,8.485,100,2021-06-08 14:03:00,LYTS
8.48,8.48,8.46,8.46,400,2021-06-08 14:05:00,LYTS
8.47,8.47,8.47,8.47,200,2021-06-08 14:06:00,LYTS
8.47,8.47,8.47,8.47,2000,2021-06-08 14:07:00,LYTS
8.49,8.49,8.49,8.49,683,2021-06-08 14:11:00,LYTS
8.5094,8.5094,8.5094,8.5094,500,2021-06-08 14:13:00,LYTS
8.5,8.5,8.5,8.5,1998,2021-06-08 14:18:00,LYTS
8.5,8.51,8.5,8.51,800,2021-06-08 14:19:00,LYTS
8.52,8.52,8.52,8.52,700,2021-06-08 14:20:00,LYTS
8.52,8.52,8.52,8.52,200,2021-06-08 14:21:00,LYTS
8.55,8.55,8.55,8.55,100,2021-06-08 14:22:00,LYTS
8.55,8.55,8.55,8.55,600,2021-06-08 14:34:00,LYTS
8.545,8.545,8.545,8.545,100,2021-06-08 14:44:00,LYTS
8.56,8.56,8.56,8.56,100,2021-06-08 14:50:00,LYTS
8.56,8.57,8.56,8.57,700,2021-06-08 14:53:00,LYTS
8.57,8.57,8.57,8.57,200,2021-06-08 14:55:00,LYTS
8.56,8.56,8.56,8.56,100,2021-06-08 14:58:00,LYTS
8.55,8.55,8.55,8.55,100,2021-06-08 15:10:00,LYTS
8.53,8.53,8.5,8.53,1400,2021-06-08 15:14:00,LYTS
8.495,8.495,8.495,8.495,300,2021-06-08 15:15:00,LYTS
8.47,8.47,8.47,8.47,100,2021-06-08 15:23:00,LYTS
8.485,8.485,8.485,8.485,100,2021-06-08 15:25:00,LYTS
8.46,8.46,8.46,8.46,100,2021-06-08 15:27:00,LYTS
8.5,8.51,8.5,8.51,300,2021-06-08 15:30:00,LYTS
8.5,8.51,8.5,8.5,1078,2021-06-08 15:33:00,LYTS
8.47,8.49,8.47,8.49,400,2021-06-08 15:38:00,LYTS
8.51,8.51,8.48,8.48,300,2021-06-08 15:42:00,LYTS
8.49,8.49,8.49,8.49,100,2021-06-08 15:43:00,LYTS
8.5,8.5,8.5,8.5,500,2021-06-08 15:49:00,LYTS
8.49,8.51,8.485,8.51,2253,2021-06-08 15:50:00,LYTS
8.52,8.52,8.52,8.52,200,2021-06-08 15:51:00,LYTS
8.54,8.55,8.53,8.55,6630,2021-06-08 15:58:00,LYTS
8.53,8.53,8.53,8.53,100,2021-06-08 15:59:00,LYTS
8.53,8.53,8.53,8.53,400,2021-06-08 16:03:00,LYTS
8.53,8.53,8.53,8.53,100,2021-06-08 16:04:00,LYTS
8.52,8.52,8.52,8.52,100,2021-06-08 16:08:00,LYTS
8.535,8.535,8.535,8.535,100,2021-06-08 16:10:00,LYTS
8.535,8.535,8.535,8.535,100,2021-06-08 16:13:00,LYTS
8.52,8.535,8.52,8.535,300,2021-06-08 16:17:00,LYTS
8.52,8.52,8.52,8.52,100,2021-06-08 16:19:00,LYTS
8.53,8.54,8.53,8.54,400,2021-06-08 16:20:00,LYTS
8.54,8.54,8.54,8.54,200,2021-06-08 16:24:00,LYTS
8.54,8.54,8.54,8.54,400,2021-06-08 16:26:00,LYTS
8.54,8.57,8.54,8.565,2913,2021-06-08 16:28:00,LYTS
8.59,8.59,8.59,8.59,100,2021-06-08 16:31:00,LYTS
8.59,8.59,8.59,8.59,200,2021-06-08 16:45:00,LYTS
8.575,8.5894,8.575,8.5894,900,2021-06-08 16:46:00,LYTS
8.575,8.575,8.56,8.575,16700,2021-06-08 16:47:00,LYTS
8.56,8.56,8.55,8.56,1343,2021-06-08 16:57:00,LYTS
8.56,8.56,8.56,8.56,100,2021-06-08 17:02:00,LYTS
8.53,8.53,8.53,8.53,200,2021-06-08 17:04:00,LYTS
8.54,8.54,8.54,8.54,1950,2021-06-08 17:05:00,LYTS
8.55,8.55,8.55,8.55,100,2021-06-08 17:06:00,LYTS
8.54,8.55,8.54,8.54,819,2021-06-08 17:10:00,LYTS
8.54,8.54,8.54,8.54,100,2021-06-08 17:17:00,LYTS
8.54,8.55,8.54,8.54,1068,2021-06-08 17:19:00,LYTS
8.54,8.56,8.53,8.56,13202,2021-06-08 17:20:00,LYTS
8.57,8.57,8.57,8.57,100,2021-06-08 17:21:00,LYTS
8.55,8.55,8.55,8.55,150,2021-06-08 17:22:00,LYTS
8.57,8.57,8.57,8.57,100,2021-06-08 17:28:00,LYTS
8.57,8.57,8.57,8.57,400,2021-06-08 17:30:00,LYTS
8.57,8.59,8.57,8.58,1501,2021-06-08 17:33:00,LYTS
8.59,8.59,8.59,8.59,200,2021-06-08 17:34:00,LYTS
8.59,8.6,8.59,8.59,1600,2021-06-08 17:35:00,LYTS
8.58,8.58,8.58,8.58,200,2021-06-08 17:40:00,LYTS
8.57,8.57,8.54,8.55,11035,2021-06-08 17:41:00,LYTS
8.55,8.55,8.55,8.55,500,2021-06-08 17:42:00,LYTS
8.55,8.55,8.55,8.55,398,2021-06-08 17:43:00,LYTS
8.55,8.55,8.55,8.55,274,2021-06-08 17:52:00,LYTS
8.55,8.56,8.55,8.56,16780,2021-06-08 17:56:00,LYTS
8.57,8.57,8.555,8.555,200,2021-06-08 18:00:00,LYTS
8.53,8.53,8.53,8.53,100,2021-06-08 18:04:00,LYTS
8.55,8.55,8.55,8.55,200,2021-06-08 18:06:00,LYTS
8.53,8.53,8.53,8.53,100,2021-06-08 18:08:00,LYTS
8.55,8.57,8.55,8.555,500,2021-06-08 18:12:00,LYTS
8.57,8.57,8.57,8.57,200,2021-06-08 18:13:00,LYTS
8.58,8.595,8.58,8.59,1113,2021-06-08 18:15:00,LYTS
8.59,8.59,8.59,8.59,1300,2021-06-08 18:16:00,LYTS
8.59,8.59,8.58,8.585,730,2021-06-08 18:17:00,LYTS
8.59,8.59,8.59,8.59,1400,2021-06-08 18:18:00,LYTS
8.6,8.63,8.6,8.63,727,2021-06-08 18:19:00,LYTS
8.65,8.66,8.65,8.66,200,2021-06-08 18:22:00,LYTS
8.645,8.645,8.645,8.645,100,2021-06-08 18:26:00,LYTS
8.665,8.665,8.665,8.665,100,2021-06-08 18:30:00,LYTS
8.665,8.665,8.665,8.665,100,2021-06-08 18:31:00,LYTS
8.665,8.665,8.665,8.665,100,2021-06-08 18:32:00,LYTS
8.65,8.66,8.64,8.64,429,2021-06-08 18:33:00,LYTS
8.65,8.65,8.65,8.65,100,2021-06-08 18:35:00,LYTS
8.65,8.66,8.63,8.64,1500,2021-06-08 18:36:00,LYTS
8.635,8.65,8.635,8.65,200,2021-06-08 18:44:00,LYTS
8.6292,8.6292,8.6292,8.6292,202,2021-06-08 18:46:00,LYTS
8.65,8.65,8.65,8.65,900,2021-06-08 18:52:00,LYTS
8.65,8.65,8.65,8.65,100,2021-06-08 18:53:00,LYTS
8.65,8.65,8.645,8.65,1200,2021-06-08 18:55:00,LYTS
8.65,8.65,8.65,8.65,100,2021-06-08 18:56:00,LYTS
8.64,8.64,8.64,8.64,800,2021-06-08 18:59:00,LYTS
8.64,8.64,8.64,8.64,100,2021-06-08 19:01:00,LYTS
8.645,8.645,8.645,8.645,100,2021-06-08 19:03:00,LYTS
8.645,8.645,8.645,8.645,4110,2021-06-08 19:06:00,LYTS
8.65,8.65,8.65,8.65,400,2021-06-08 19:08:00,LYTS
8.66,8.66,8.66,8.66,425,2021-06-08 19:10:00,LYTS
8.66,8.66,8.66,8.66,100,2021-06-08 19:14:00,LYTS
8.66,8.66,8.66,8.66,100,2021-06-08 19:15:00,LYTS
8.65,8.655,8.65,8.65,800,2021-06-08 19:17:00,LYTS
8.655,8.655,8.655,8.655,100,2021-06-08 19:19:00,LYTS
8.655,8.655,8.655,8.655,700,2021-06-08 19:20:00,LYTS
8.655,8.655,8.655,8.655,766,2021-06-08 19:21:00,LYTS
8.65,8.65,8.64,8.64,475,2021-06-08 19:23:00,LYTS
8.64,8.64,8.64,8.64,100,2021-06-08 19:25:00,LYTS
8.64,8.64,8.64,8.64,300,2021-06-08 19:27:00,LYTS
8.62,8.62,8.605,8.6175,500,2021-06-08 19:28:00,LYTS
8.6,8.6,8.6,8.6,600,2021-06-08 19:29:00,LYTS
8.6,8.6,8.6,8.6,1400,2021-06-08 19:30:00,LYTS
8.59,8.6,8.59,8.6,600,2021-06-08 19:31:00,LYTS
8.6,8.6,8.6,8.6,200,2021-06-08 19:32:00,LYTS
8.59,8.59,8.59,8.59,100,2021-06-08 19:34:00,LYTS
8.595,8.605,8.595,8.6,2466,2021-06-08 19:35:00,LYTS
8.6,8.6,8.6,8.6,435,2021-06-08 19:36:00,LYTS
8.6,8.6,8.6,8.6,400,2021-06-08 19:39:00,LYTS
8.6,8.6,8.6,8.6,100,2021-06-08 19:40:00,LYTS
8.59,8.6,8.59,8.6,200,2021-06-08 19:41:00,LYTS
8.6,8.6,8.57,8.57,900,2021-06-08 19:42:00,LYTS
8.565,8.565,8.565,8.565,100,2021-06-08 19:43:00,LYTS
8.57,8.59,8.57,8.59,900,2021-06-08 19:44:00,LYTS
8.585,8.585,8.585,8.585,300,2021-06-08 19:46:00,LYTS
8.585,8.59,8.55,8.55,2414,2021-06-08 19:47:00,LYTS
8.55,8.55,8.55,8.55,200,2021-06-08 19:48:00,LYTS
8.56,8.58,8.56,8.58,624,2021-06-08 19:49:00,LYTS
8.58,8.61,8.58,8.61,434,2021-06-08 19:50:00,LYTS
8.61,8.61,8.61,8.61,300,2021-06-08 19:51:00,LYTS
8.61,8.61,8.61,8.61,200,2021-06-08 19:52:00,LYTS
8.61,8.61,8.61,8.61,201,2021-06-08 19:53:00,LYTS
8.6,8.615,8.6,8.615,451,2021-06-08 19:54:00,LYTS
8.615,8.615,8.61,8.61,522,2021-06-08 19:55:00,LYTS
8.61,8.61,8.58,8.58,2345,2021-06-08 19:56:00,LYTS
8.59,8.59,8.56,8.56,400,2021-06-08 19:57:00,LYTS
8.6,8.6,8.56,8.6,891,2021-06-08 19:58:00,LYTS
8.6,8.6,8.57,8.57,1340,2021-06-08 19:59:00,LYTS
8.59,8.59,8.59,8.59,13055,2021-06-08 20:00:00,LYTS
8.62,8.62,8.62,8.62,485,2021-06-09 13:30:00,LYTS
8.645,8.67,8.62,8.65,7837,2021-06-09 13:59:00,LYTS
8.65,8.67,8.65,8.67,300,2021-06-09 14:02:00,LYTS
8.73,8.73,8.73,8.73,100,2021-06-09 14:09:00,LYTS
8.7,8.76,8.7,8.76,2100,2021-06-09 14:10:00,LYTS
8.78,8.78,8.69,8.72,2400,2021-06-09 14:13:00,LYTS
8.69,8.69,8.69,8.69,100,2021-06-09 14:14:00,LYTS
8.67,8.67,8.59,8.59,4352,2021-06-09 14:15:00,LYTS
8.6,8.6,8.6,8.6,400,2021-06-09 14:16:00,LYTS
8.6,8.6,8.6,8.6,100,2021-06-09 14:19:00,LYTS
8.605,8.605,8.605,8.605,100,2021-06-09 14:23:00,LYTS
8.6,8.6,8.6,8.6,200,2021-06-09 14:26:00,LYTS
8.6,8.6,8.6,8.6,300,2021-06-09 14:28:00,LYTS
8.605,8.605,8.6,8.605,300,2021-06-09 14:32:00,LYTS
8.6,8.6,8.6,8.6,100,2021-06-09 14:33:00,LYTS
8.59,8.64,8.59,8.64,900,2021-06-09 14:34:00,LYTS
8.59,8.59,8.59,8.59,100,2021-06-09 14:35:00,LYTS
8.59,8.59,8.59,8.59,100,2021-06-09 14:36:00,LYTS
8.59,8.59,8.59,8.59,100,2021-06-09 14:41:00,LYTS
8.57,8.57,8.57,8.57,629,2021-06-09 14:42:00,LYTS
8.59,8.59,8.59,8.59,100,2021-06-09 14:44:00,LYTS
8.59,8.59,8.59,8.59,100,2021-06-09 14:50:00,LYTS
8.59,8.59,8.59,8.59,100,2021-06-09 14:55:00,LYTS
8.595,8.61,8.595,8.595,400,2021-06-09 15:00:00,LYTS
8.595,8.595,8.595,8.595,200,2021-06-09 15:05:00,LYTS
8.595,8.595,8.595,8.595,100,2021-06-09 15:08:00,LYTS
8.6,8.61,8.595,8.595,778,2021-06-09 15:11:00,LYTS
8.605,8.605,8.605,8.605,100,2021-06-09 15:15:00,LYTS
8.605,8.605,8.605,8.605,100,2021-06-09 15:16:00,LYTS
8.59,8.59,8.59,8.59,100,2021-06-09 15:17:00,LYTS
8.605,8.605,8.605,8.605,100,2021-06-09 15:20:00,LYTS
8.605,8.605,8.605,8.605,100,2021-06-09 15:23:00,LYTS
8.605,8.605,8.605,8.605,300,2021-06-09 15:29:00,LYTS
8.6,8.61,8.6,8.61,1100,2021-06-09 15:30:00,LYTS
8.61,8.61,8.61,8.61,100,2021-06-09 15:32:00,LYTS
8.61,8.61,8.61,8.61,100,2021-06-09 15:38:00,LYTS
8.61,8.61,8.61,8.61,100,2021-06-09 15:39:00,LYTS
8.61,8.61,8.61,8.61,100,2021-06-09 15:41:00,LYTS
8.6,8.6,8.6,8.6,305,2021-06-09 15:43:00,LYTS
8.5839,8.5839,8.5839,8.5839,300,2021-06-09 15:47:00,LYTS
8.58,8.58,8.58,8.58,100,2021-06-09 15:52:00,LYTS
8.59,8.59,8.59,8.59,117,2021-06-09 15:59:00,LYTS
8.6,8.6,8.6,8.6,100,2021-06-09 16:00:00,LYTS
8.595,8.595,8.595,8.595,100,2021-06-09 16:14:00,LYTS
8.6,8.609,8.595,8.605,1450,2021-06-09 16:24:00,LYTS
8.58,8.595,8.58,8.58,322,2021-06-09 16:27:00,LYTS
8.58,8.58,8.58,8.58,220,2021-06-09 16:30:00,LYTS
8.58,8.58,8.58,8.58,100,2021-06-09 16:31:00,LYTS
8.61,8.61,8.6,8.6,300,2021-06-09 16:33:00,LYTS
8.6,8.605,8.59,8.6,1400,2021-06-09 16:37:00,LYTS
8.61,8.61,8.61,8.61,100,2021-06-09 16:40:00,LYTS
8.61,8.62,8.61,8.62,400,2021-06-09 16:42:00,LYTS
8.61,8.61,8.61,8.61,100,2021-06-09 16:43:00,LYTS
8.62,8.62,8.61,8.61,400,2021-06-09 16:45:00,LYTS
8.61,8.61,8.61,8.61,200,2021-06-09 16:50:00,LYTS
8.61,8.61,8.61,8.61,100,2021-06-09 16:51:00,LYTS
8.61,8.61,8.61,8.61,100,2021-06-09 16:52:00,LYTS
8.6,8.6,8.6,8.6,100,2021-06-09 16:56:00,LYTS
8.61,8.61,8.61,8.61,100,2021-06-09 16:59:00,LYTS
8.61,8.61,8.61,8.61,100,2021-06-09 17:01:00,LYTS
8.61,8.61,8.61,8.61,100,2021-06-09 17:04:00,LYTS
8.61,8.61,8.61,8.61,685,2021-06-09 17:17:00,LYTS
8.62,8.62,8.62,8.62,100,2021-06-09 17:18:00,LYTS
8.62,8.62,8.62,8.62,100,2021-06-09 17:19:00,LYTS
8.615,8.615,8.6,8.61,2322,2021-06-09 17:20:00,LYTS
8.62,8.62,8.61,8.62,800,2021-06-09 17:21:00,LYTS
8.62,8.62,8.62,8.62,100,2021-06-09 17:22:00,LYTS
8.62,8.62,8.62,8.62,100,2021-06-09 17:23:00,LYTS
8.62,8.62,8.61,8.61,580,2021-06-09 17:24:00,LYTS
8.61,8.6225,8.61,8.6225,220,2021-06-09 17:25:00,LYTS
8.6225,8.6225,8.6225,8.6225,100,2021-06-09 17:26:00,LYTS
8.6225,8.6225,8.615,8.615,200,2021-06-09 17:27:00,LYTS
8.63,8.63,8.63,8.63,100,2021-06-09 17:28:00,LYTS
8.615,8.615,8.615,8.615,100,2021-06-09 17:29:00,LYTS
8.615,8.63,8.615,8.63,200,2021-06-09 17:30:00,LYTS
8.63,8.63,8.63,8.63,100,2021-06-09 17:31:00,LYTS
8.63,8.63,8.63,8.63,100,2021-06-09 17:32:00,LYTS
8.62,8.62,8.6,8.6,337,2021-06-09 17:34:00,LYTS
8.64,8.64,8.64,8.64,100,2021-06-09 17:35:00,LYTS
8.64,8.64,8.58,8.58,1100,2021-06-09 17:36:00,LYTS
8.58,8.59,8.58,8.59,300,2021-06-09 17:37:00,LYTS
8.6,8.6,8.6,8.6,100,2021-06-09 17:38:00,LYTS
8.6,8.6,8.6,8.6,100,2021-06-09 17:39:00,LYTS
8.6,8.6,8.6,8.6,100,2021-06-09 17:40:00,LYTS
8.6,8.6,8.6,8.6,100,2021-06-09 17:41:00,LYTS
8.6,8.6,8.6,8.6,100,2021-06-09 17:42:00,LYTS
8.6,8.6,8.6,8.6,100,2021-06-09 17:43:00,LYTS
8.6,8.6,8.6,8.6,400,2021-06-09 17:44:00,LYTS
8.6,8.6,8.6,8.6,613,2021-06-09 17:52:00,LYTS
8.6,8.6,8.6,8.6,1401,2021-06-09 17:53:00,LYTS
8.6,8.6,8.6,8.6,200,2021-06-09 17:59:00,LYTS
8.6,8.6,8.6,8.6,441,2021-06-09 18:06:00,LYTS
8.595,8.595,8.595,8.595,200,2021-06-09 18:12:00,LYTS
8.59,8.59,8.59,8.59,200,2021-06-09 18:14:00,LYTS
8.6,8.6,8.6,8.6,100,2021-06-09 18:28:00,LYTS
8.6,8.6,8.6,8.6,100,2021-06-09 18:29:00,LYTS
8.6,8.6,8.6,8.6,100,2021-06-09 18:31:00,LYTS
8.6,8.6,8.59,8.59,200,2021-06-09 18:35:00,LYTS
8.6,8.6,8.6,8.6,1091,2021-06-09 18:36:00,LYTS
8.59,8.59,8.59,8.59,100,2021-06-09 18:38:00,LYTS
8.585,8.585,8.585,8.585,100,2021-06-09 18:40:00,LYTS
8.57,8.57,8.57,8.57,559,2021-06-09 18:43:00,LYTS
8.6,8.6,8.585,8.585,200,2021-06-09 18:51:00,LYTS
8.6,8.6,8.6,8.6,100,2021-06-09 18:52:00,LYTS
8.6,8.6,8.6,8.6,100,2021-06-09 18:53:00,LYTS
8.585,8.585,8.585,8.585,100,2021-06-09 18:55:00,LYTS
8.59,8.59,8.59,8.59,100,2021-06-09 18:57:00,LYTS
8.585,8.585,8.585,8.585,100,2021-06-09 19:01:00,LYTS
8.59,8.6,8.59,8.6,400,2021-06-09 19:04:00,LYTS
8.59,8.59,8.58,8.58,400,2021-06-09 19:09:00,LYTS
8.58,8.58,8.58,8.58,200,2021-06-09 19:13:00,LYTS
8.55,8.55,8.55,8.55,100,2021-06-09 19:17:00,LYTS
8.565,8.565,8.565,8.565,100,2021-06-09 19:19:00,LYTS
8.565,8.57,8.565,8.57,200,2021-06-09 19:20:00,LYTS
8.55,8.565,8.55,8.565,1327,2021-06-09 19:23:00,LYTS
8.58,8.58,8.58,8.58,100,2021-06-09 19:27:00,LYTS
8.565,8.565,8.565,8.565,294,2021-06-09 19:31:00,LYTS
8.565,8.565,8.555,8.555,500,2021-06-09 19:32:00,LYTS
8.57,8.57,8.56,8.56,824,2021-06-09 19:33:00,LYTS
8.565,8.58,8.565,8.57,1330,2021-06-09 19:37:00,LYTS
8.575,8.58,8.57,8.575,1321,2021-06-09 19:38:00,LYTS
8.575,8.575,8.575,8.575,224,2021-06-09 19:39:00,LYTS
8.57,8.57,8.57,8.57,2200,2021-06-09 19:41:00,LYTS
8.56,8.57,8.56,8.57,599,2021-06-09 19:44:00,LYTS
8.56,8.565,8.56,8.565,200,2021-06-09 19:45:00,LYTS
8.55,8.55,8.55,8.55,640,2021-06-09 19:50:00,LYTS
8.56,8.56,8.56,8.56,200,2021-06-09 19:51:00,LYTS
8.56,8.56,8.56,8.56,300,2021-06-09 19:52:00,LYTS
8.56,8.56,8.56,8.56,100,2021-06-09 19:53:00,LYTS
8.55,8.55,8.55,8.55,100,2021-06-09 19:54:00,LYTS
8.56,8.56,8.55,8.55,1273,2021-06-09 19:55:00,LYTS
8.54,8.55,8.54,8.55,314,2021-06-09 19:57:00,LYTS
8.55,8.5575,8.55,8.55,1212,2021-06-09 19:58:00,LYTS
8.54,8.55,8.52,8.55,1954,2021-06-09 19:59:00,LYTS
8.56,8.56,8.56,8.56,14901,2021-06-09 20:00:00,LYTS
8.56,8.56,8.56,8.56,460,2021-06-10 13:30:00,LYTS
8.53,8.53,8.53,8.53,100,2021-06-10 13:31:00,LYTS
8.72,8.72,8.72,8.72,100,2021-06-10 13:32:00,LYTS
8.545,8.545,8.51,8.51,405,2021-06-10 13:35:00,LYTS
8.51,8.52,8.5,8.5,400,2021-06-10 13:43:00,LYTS
8.51,8.51,8.51,8.51,200,2021-06-10 13:49:00,LYTS
8.555,8.555,8.53,8.53,490,2021-06-10 13:54:00,LYTS
8.555,8.555,8.54,8.54,675,2021-06-10 14:05:00,LYTS
8.54,8.54,8.54,8.54,300,2021-06-10 14:09:00,LYTS
8.525,8.525,8.51,8.51,300,2021-06-10 14:11:00,LYTS
8.51,8.51,8.51,8.51,100,2021-06-10 14:13:00,LYTS
8.535,8.535,8.535,8.535,100,2021-06-10 14:17:00,LYTS
8.53,8.53,8.53,8.53,100,2021-06-10 14:25:00,LYTS
8.53,8.53,8.51,8.53,400,2021-06-10 14:26:00,LYTS
8.525,8.525,8.525,8.525,400,2021-06-10 14:29:00,LYTS
8.525,8.525,8.525,8.525,100,2021-06-10 14:30:00,LYTS
8.51,8.51,8.51,8.51,200,2021-06-10 14:31:00,LYTS
8.51,8.51,8.51,8.51,311,2021-06-10 14:32:00,LYTS
8.51,8.51,8.51,8.51,100,2021-06-10 14:33:00,LYTS
8.51,8.51,8.51,8.51,100,2021-06-10 14:34:00,LYTS
8.51,8.51,8.51,8.51,600,2021-06-10 14:36:00,LYTS
8.5,8.505,8.5,8.505,3709,2021-06-10 14:39:00,LYTS
8.5,8.5,8.49,8.49,2551,2021-06-10 14:40:00,LYTS
8.46,8.49,8.46,8.49,200,2021-06-10 14:45:00,LYTS
8.45,8.45,8.45,8.45,100,2021-06-10 14:53:00,LYTS
8.45,8.45,8.45,8.45,249,2021-06-10 14:56:00,LYTS
8.45,8.48,8.45,8.48,200,2021-06-10 14:59:00,LYTS
8.48,8.48,8.48,8.48,100,2021-06-10 15:00:00,LYTS
8.5,8.57,8.5,8.57,5900,2021-06-10 15:04:00,LYTS
8.545,8.545,8.545,8.545,200,2021-06-10 15:08:00,LYTS
8.545,8.545,8.545,8.545,100,2021-06-10 15:11:00,LYTS
8.56,8.56,8.52,8.52,400,2021-06-10 15:20:00,LYTS
8.51,8.51,8.51,8.51,100,2021-06-10 15:25:00,LYTS
8.52,8.52,8.52,8.52,900,2021-06-10 15:30:00,LYTS
8.5,8.5,8.5,8.5,336,2021-06-10 15:39:00,LYTS
8.5,8.52,8.5,8.52,200,2021-06-10 15:41:00,LYTS
8.51,8.51,8.51,8.51,200,2021-06-10 15:44:00,LYTS
8.5,8.5,8.5,8.5,200,2021-06-10 15:54:00,LYTS
8.5,8.5,8.46,8.46,287,2021-06-10 15:55:00,LYTS
8.47,8.495,8.47,8.495,957,2021-06-10 15:56:00,LYTS
8.47,8.47,8.47,8.47,100,2021-06-10 15:57:00,LYTS
8.48,8.48,8.48,8.48,179,2021-06-10 16:11:00,LYTS
8.5,8.5,8.5,8.5,100,2021-06-10 16:15:00,LYTS
8.49,8.51,8.49,8.51,300,2021-06-10 16:22:00,LYTS
8.48,8.48,8.48,8.48,200,2021-06-10 16:31:00,LYTS
8.48,8.48,8.48,8.48,100,2021-06-10 16:35:00,LYTS
8.5,8.5,8.5,8.5,200,2021-06-10 16:38:00,LYTS
8.51,8.51,8.48,8.48,200,2021-06-10 16:52:00,LYTS
8.495,8.495,8.495,8.495,1100,2021-06-10 16:53:00,LYTS
8.48,8.48,8.48,8.48,100,2021-06-10 16:56:00,LYTS
8.48,8.485,8.47,8.47,1350,2021-06-10 16:58:00,LYTS
8.48,8.48,8.48,8.48,200,2021-06-10 17:00:00,LYTS
8.49,8.495,8.49,8.495,200,2021-06-10 17:04:00,LYTS
8.535,8.535,8.535,8.535,100,2021-06-10 17:11:00,LYTS
8.55,8.55,8.55,8.55,200,2021-06-10 17:20:00,LYTS
8.52,8.52,8.47,8.47,3647,2021-06-10 17:24:00,LYTS
8.47,8.47,8.47,8.47,237,2021-06-10 17:26:00,LYTS
8.47,8.47,8.47,8.47,100,2021-06-10 17:31:00,LYTS
8.46,8.49,8.46,8.49,300,2021-06-10 17:44:00,LYTS
8.5,8.5,8.5,8.5,100,2021-06-10 17:57:00,LYTS
8.495,8.495,8.495,8.495,100,2021-06-10 17:59:00,LYTS
8.495,8.495,8.495,8.495,100,2021-06-10 18:02:00,LYTS
8.49,8.5073,8.47,8.47,600,2021-06-10 18:05:00,LYTS
8.47,8.5,8.47,8.5,404,2021-06-10 18:06:00,LYTS
8.47,8.47,8.47,8.47,555,2021-06-10 18:10:00,LYTS
8.46,8.46,8.46,8.46,100,2021-06-10 18:11:00,LYTS
8.4873,8.4873,8.4873,8.4873,100,2021-06-10 18:14:00,LYTS
8.46,8.46,8.46,8.46,200,2021-06-10 18:22:00,LYTS
8.46,8.46,8.46,8.46,100,2021-06-10 18:24:00,LYTS
8.45,8.45,8.45,8.45,100,2021-06-10 18:30:00,LYTS
8.455,8.47,8.455,8.47,200,2021-06-10 18:34:00,LYTS
8.47,8.47,8.45,8.45,200,2021-06-10 18:41:00,LYTS
8.46,8.46,8.45,8.45,500,2021-06-10 18:43:00,LYTS
8.46,8.47,8.46,8.47,300,2021-06-10 18:50:00,LYTS
8.45,8.455,8.45,8.455,200,2021-06-10 18:51:00,LYTS
8.46,8.46,8.46,8.46,300,2021-06-10 19:05:00,LYTS
8.46,8.46,8.45,8.45,300,2021-06-10 19:08:00,LYTS
8.45,8.45,8.45,8.45,229,2021-06-10 19:11:00,LYTS
8.45,8.45,8.45,8.45,100,2021-06-10 19:13:00,LYTS
8.47,8.47,8.46,8.46,300,2021-06-10 19:15:00,LYTS
8.46,8.46,8.45,8.45,200,2021-06-10 19:19:00,LYTS
8.46,8.46,8.42,8.42,700,2021-06-10 19:21:00,LYTS
8.45,8.45,8.45,8.45,217,2021-06-10 19:25:00,LYTS
8.43,8.43,8.43,8.43,200,2021-06-10 19:32:00,LYTS
8.43,8.44,8.42,8.42,300,2021-06-10 19:36:00,LYTS
8.43,8.43,8.42,8.42,487,2021-06-10 19:37:00,LYTS
8.44,8.44,8.43,8.43,247,2021-06-10 19:38:00,LYTS
8.44,8.44,8.44,8.44,100,2021-06-10 19:41:00,LYTS
8.44,8.44,8.44,8.44,300,2021-06-10 19:45:00,LYTS
8.45,8.46,8.45,8.46,400,2021-06-10 19:46:00,LYTS
8.47,8.47,8.455,8.461,1484,2021-06-10 19:50:00,LYTS
8.4459,8.47,8.44,8.444,779,2021-06-10 19:51:00,LYTS
8.46,8.46,8.435,8.435,1000,2021-06-10 19:55:00,LYTS
8.44,8.445,8.43,8.445,1251,2021-06-10 19:57:00,LYTS
8.445,8.445,8.43,8.43,400,2021-06-10 19:58:00,LYTS
8.43,8.47,8.42,8.45,1800,2021-06-10 19:59:00,LYTS
8.47,8.47,8.47,8.47,5796,2021-06-10 20:00:00,LYTS
8.24,8.24,8.24,8.24,120,2021-06-10 21:12:00,LYTS
8.47,8.47,8.47,8.47,388,2021-06-11 13:30:00,LYTS
8.45,8.45,8.45,8.45,200,2021-06-11 13:31:00,LYTS
8.46,8.46,8.42,8.45,2003,2021-06-11 13:38:00,LYTS
8.475,8.475,8.475,8.475,100,2021-06-11 13:39:00,LYTS
8.47,8.47,8.47,8.47,100,2021-06-11 13:41:00,LYTS
8.485,8.49,8.485,8.49,200,2021-06-11 13:43:00,LYTS
8.49,8.49,8.49,8.49,200,2021-06-11 13:44:00,LYTS
8.5,8.5,8.5,8.5,100,2021-06-11 13:47:00,LYTS
8.4775,8.4775,8.46,8.46,580,2021-06-11 13:57:00,LYTS
8.46,8.46,8.46,8.46,110,2021-06-11 13:58:00,LYTS
8.43,8.43,8.43,8.43,300,2021-06-11 14:00:00,LYTS
8.455,8.455,8.455,8.455,100,2021-06-11 14:01:00,LYTS
8.46,8.46,8.46,8.46,110,2021-06-11 14:06:00,LYTS
8.45,8.45,8.435,8.44,1295,2021-06-11 14:11:00,LYTS
8.42,8.42,8.42,8.42,300,2021-06-11 14:17:00,LYTS
8.4,8.4,8.38,8.4,1322,2021-06-11 14:28:00,LYTS
8.405,8.43,8.405,8.43,200,2021-06-11 14:29:00,LYTS
8.42,8.445,8.42,8.445,500,2021-06-11 14:30:00,LYTS
8.43,8.43,8.43,8.43,100,2021-06-11 14:39:00,LYTS
8.445,8.445,8.445,8.445,100,2021-06-11 14:49:00,LYTS
8.43,8.43,8.42,8.42,457,2021-06-11 14:50:00,LYTS
8.425,8.44,8.425,8.44,1200,2021-06-11 14:52:00,LYTS
8.44,8.44,8.44,8.44,117,2021-06-11 14:53:00,LYTS
8.43,8.449,8.42,8.43,1453,2021-06-11 15:07:00,LYTS
8.43,8.43,8.43,8.43,100,2021-06-11 15:08:00,LYTS
8.42,8.42,8.42,8.42,100,2021-06-11 15:10:00,LYTS
8.4275,8.43,8.4275,8.43,300,2021-06-11 15:17:00,LYTS
8.41,8.42,8.41,8.41,971,2021-06-11 15:19:00,LYTS
8.41,8.41,8.41,8.41,499,2021-06-11 15:24:00,LYTS
8.41,8.42,8.41,8.42,300,2021-06-11 15:25:00,LYTS
8.41,8.41,8.41,8.41,125,2021-06-11 15:26:00,LYTS
8.41,8.41,8.4,8.4,425,2021-06-11 15:27:00,LYTS
8.4,8.4,8.4,8.4,440,2021-06-11 15:32:00,LYTS
8.4,8.4,8.4,8.4,426,2021-06-11 15:35:00,LYTS
8.41,8.41,8.41,8.41,100,2021-06-11 15:39:00,LYTS
8.38,8.38,8.38,8.38,100,2021-06-11 15:48:00,LYTS
8.4,8.45,8.4,8.45,1074,2021-06-11 15:49:00,LYTS
8.39,8.39,8.39,8.39,100,2021-06-11 15:50:00,LYTS
8.405,8.42,8.4,8.4,300,2021-06-11 15:57:00,LYTS
8.4,8.4,8.391,8.391,300,2021-06-11 15:58:00,LYTS
8.4,8.4,8.4,8.4,100,2021-06-11 16:00:00,LYTS
8.44,8.44,8.44,8.44,365,2021-06-11 16:01:00,LYTS
8.43,8.43,8.43,8.43,204,2021-06-11 16:08:00,LYTS
8.455,8.455,8.455,8.455,200,2021-06-11 16:11:00,LYTS
8.445,8.445,8.445,8.445,100,2021-06-11 16:20:00,LYTS
8.41,8.41,8.41,8.41,1238,2021-06-11 16:22:00,LYTS
8.41,8.43,8.39,8.39,2400,2021-06-11 16:26:00,LYTS
8.4,8.41,8.38,8.41,1648,2021-06-11 16:35:00,LYTS
8.38,8.38,8.38,8.38,100,2021-06-11 16:36:00,LYTS
8.38,8.38,8.38,8.38,100,2021-06-11 16:39:00,LYTS
8.395,8.395,8.395,8.395,100,2021-06-11 16:47:00,LYTS
8.38,8.39,8.38,8.38,723,2021-06-11 16:48:00,LYTS
8.37,8.37,8.37,8.37,100,2021-06-11 16:58:00,LYTS
8.37,8.37,8.37,8.37,100,2021-06-11 17:02:00,LYTS
8.395,8.395,8.38,8.38,200,2021-06-11 17:05:00,LYTS
8.38,8.38,8.38,8.38,200,2021-06-11 17:09:00,LYTS
8.395,8.41,8.395,8.4025,300,2021-06-11 17:17:00,LYTS
8.39,8.39,8.36,8.36,1600,2021-06-11 17:20:00,LYTS
8.38,8.38,8.38,8.38,100,2021-06-11 17:22:00,LYTS
8.38,8.38,8.375,8.375,200,2021-06-11 17:24:00,LYTS
8.39,8.39,8.39,8.39,100,2021-06-11 17:27:00,LYTS
8.37,8.3758,8.37,8.3758,3100,2021-06-11 17:28:00,LYTS
8.365,8.365,8.35,8.35,4200,2021-06-11 17:29:00,LYTS
8.365,8.395,8.365,8.39,2019,2021-06-11 17:30:00,LYTS
8.4,8.4,8.395,8.4,770,2021-06-11 17:41:00,LYTS
8.39,8.39,8.39,8.39,100,2021-06-11 17:42:00,LYTS
8.3921,8.3921,8.3921,8.3921,140,2021-06-11 17:45:00,LYTS
8.39,8.39,8.39,8.39,200,2021-06-11 17:51:00,LYTS
8.39,8.39,8.39,8.39,900,2021-06-11 17:52:00,LYTS
8.38,8.39,8.38,8.39,200,2021-06-11 17:55:00,LYTS
8.39,8.39,8.39,8.39,100,2021-06-11 18:01:00,LYTS
8.39,8.39,8.385,8.385,416,2021-06-11 18:03:00,LYTS
8.39,8.39,8.39,8.39,300,2021-06-11 18:06:00,LYTS
8.38,8.39,8.38,8.39,200,2021-06-11 18:07:00,LYTS
8.38,8.39,8.38,8.38,400,2021-06-11 18:08:00,LYTS
8.39,8.39,8.39,8.39,100,2021-06-11 18:09:00,LYTS
8.4,8.4,8.4,8.4,204,2021-06-11 18:17:00,LYTS
8.41,8.41,8.41,8.41,100,2021-06-11 18:20:00,LYTS
8.4,8.4,8.4,8.4,100,2021-06-11 18:26:00,LYTS
8.38,8.38,8.38,8.38,200,2021-06-11 18:27:00,LYTS
8.39,8.39,8.39,8.39,100,2021-06-11 18:28:00,LYTS
8.38,8.38,8.38,8.38,433,2021-06-11 18:31:00,LYTS
8.39,8.39,8.39,8.39,100,2021-06-11 18:36:00,LYTS
8.39,8.39,8.39,8.39,1000,2021-06-11 18:38:00,LYTS
8.39,8.4,8.385,8.4,1294,2021-06-11 18:40:00,LYTS
8.37,8.37,8.37,8.37,100,2021-06-11 18:41:00,LYTS
8.4,8.4,8.4,8.4,100,2021-06-11 18:48:00,LYTS
8.385,8.385,8.385,8.385,100,2021-06-11 18:51:00,LYTS
8.4,8.4,8.4,8.4,100,2021-06-11 18:54:00,LYTS
8.3999,8.3999,8.38,8.38,1100,2021-06-11 18:56:00,LYTS
8.39,8.43,8.39,8.43,800,2021-06-11 18:57:00,LYTS
8.42,8.42,8.42,8.42,725,2021-06-11 19:09:00,LYTS
8.41,8.41,8.41,8.41,100,2021-06-11 19:14:00,LYTS
8.425,8.425,8.425,8.425,100,2021-06-11 19:18:00,LYTS
8.4119,8.4119,8.41,8.41,250,2021-06-11 19:19:00,LYTS
8.41,8.42,8.41,8.41,500,2021-06-11 19:22:00,LYTS
8.41,8.41,8.4,8.41,700,2021-06-11 19:25:00,LYTS
8.41,8.41,8.41,8.41,200,2021-06-11 19:27:00,LYTS
8.41,8.41,8.41,8.41,200,2021-06-11 19:29:00,LYTS
8.41,8.41,8.41,8.41,300,2021-06-11 19:30:00,LYTS
8.41,8.41,8.41,8.41,200,2021-06-11 19:31:00,LYTS
8.41,8.41,8.41,8.41,500,2021-06-11 19:33:00,LYTS
8.41,8.42,8.41,8.41,700,2021-06-11 19:34:00,LYTS
8.42,8.43,8.42,8.42,400,2021-06-11 19:36:00,LYTS
8.42,8.42,8.42,8.42,580,2021-06-11 19:37:00,LYTS
8.41,8.415,8.41,8.415,405,2021-06-11 19:39:00,LYTS
8.415,8.415,8.4,8.4,284,2021-06-11 19:40:00,LYTS
8.41,8.41,8.41,8.41,200,2021-06-11 19:42:00,LYTS
8.41,8.43,8.41,8.43,200,2021-06-11 19:49:00,LYTS
8.41,8.41,8.41,8.41,200,2021-06-11 19:50:00,LYTS
8.43,8.43,8.43,8.43,275,2021-06-11 19:53:00,LYTS
8.45,8.45,8.43,8.43,496,2021-06-11 19:54:00,LYTS
8.43,8.43,8.43,8.43,1288,2021-06-11 19:55:00,LYTS
8.41,8.41,8.4,8.4,200,2021-06-11 19:56:00,LYTS
8.43,8.43,8.43,8.43,100,2021-06-11 19:57:00,LYTS
8.4,8.43,8.4,8.4,1957,2021-06-11 19:59:00,LYTS
8.42,8.42,8.42,8.42,6274,2021-06-11 20:00:00,LYTS
8.36,8.36,8.36,8.36,745,2021-06-14 13:30:00,LYTS
8.42,8.42,8.42,8.42,100,2021-06-14 13:31:00,LYTS
8.36,8.36,8.36,8.36,765,2021-06-14 13:40:00,LYTS
8.33,8.33,8.33,8.33,300,2021-06-14 13:41:00,LYTS
8.33,8.355,8.33,8.355,650,2021-06-14 13:42:00,LYTS
8.35,8.35,8.35,8.35,400,2021-06-14 13:49:00,LYTS
8.365,8.365,8.365,8.365,500,2021-06-14 13:50:00,LYTS
8.3799,8.3799,8.3799,8.3799,2000,2021-06-14 13:52:00,LYTS
8.35,8.35,8.34,8.34,1576,2021-06-14 13:56:00,LYTS
8.33,8.33,8.32,8.32,597,2021-06-14 13:58:00,LYTS
8.33,8.33,8.33,8.33,200,2021-06-14 14:04:00,LYTS
8.32,8.32,8.31,8.31,589,2021-06-14 14:09:00,LYTS
8.325,8.325,8.32,8.32,200,2021-06-14 14:10:00,LYTS
8.33,8.33,8.33,8.33,200,2021-06-14 14:15:00,LYTS
8.3257,8.3257,8.3257,8.3257,100,2021-06-14 14:17:00,LYTS
8.3,8.3,8.3,8.3,100,2021-06-14 14:18:00,LYTS
8.31,8.31,8.31,8.31,100,2021-06-14 14:21:00,LYTS
8.32,8.345,8.32,8.345,300,2021-06-14 14:23:00,LYTS
8.32,8.32,8.32,8.32,400,2021-06-14 14:31:00,LYTS
8.3,8.3,8.3,8.3,200,2021-06-14 14:33:00,LYTS
8.305,8.305,8.25,8.25,3060,2021-06-14 14:34:00,LYTS
8.275,8.275,8.275,8.275,200,2021-06-14 14:35:00,LYTS
8.26,8.27,8.25,8.27,1200,2021-06-14 14:36:00,LYTS
8.3,8.3,8.29,8.3,608,2021-06-14 14:37:00,LYTS
8.28,8.28,8.28,8.28,405,2021-06-14 14:42:00,LYTS
8.27,8.27,8.27,8.27,100,2021-06-14 14:43:00,LYTS
8.27,8.27,8.27,8.27,471,2021-06-14 14:45:00,LYTS
8.275,8.275,8.275,8.275,100,2021-06-14 14:48:00,LYTS
8.28,8.28,8.28,8.28,100,2021-06-14 14:53:00,LYTS
8.29,8.29,8.29,8.29,267,2021-06-14 15:02:00,LYTS
8.295,8.295,8.295,8.295,100,2021-06-14 15:08:00,LYTS
8.3,8.3,8.3,8.3,100,2021-06-14 15:12:00,LYTS
8.31,8.31,8.305,8.305,400,2021-06-14 15:15:00,LYTS
8.305,8.305,8.305,8.305,100,2021-06-14 15:16:00,LYTS
8.31,8.315,8.31,8.31,449,2021-06-14 15:19:00,LYTS
8.31,8.31,8.31,8.31,100,2021-06-14 15:21:00,LYTS
8.315,8.315,8.315,8.315,200,2021-06-14 15:23:00,LYTS
8.32,8.35,8.31,8.31,600,2021-06-14 15:24:00,LYTS
8.33,8.33,8.33,8.33,400,2021-06-14 15:25:00,LYTS
8.33,8.33,8.31,8.31,300,2021-06-14 15:26:00,LYTS
8.36,8.36,8.32,8.335,500,2021-06-14 15:29:00,LYTS
8.335,8.335,8.31,8.31,400,2021-06-14 15:30:00,LYTS
8.33,8.35,8.33,8.35,300,2021-06-14 15:31:00,LYTS
8.34,8.34,8.34,8.34,300,2021-06-14 15:33:00,LYTS
8.325,8.325,8.325,8.325,300,2021-06-14 15:35:00,LYTS
8.325,8.34,8.325,8.34,200,2021-06-14 15:38:00,LYTS
8.3,8.3,8.3,8.3,100,2021-06-14 15:46:00,LYTS
8.31,8.32,8.31,8.32,1100,2021-06-14 15:52:00,LYTS
8.3,8.3,8.3,8.3,129,2021-06-14 15:59:00,LYTS
8.31,8.31,8.305,8.305,500,2021-06-14 16:23:00,LYTS
8.3,8.3,8.3,8.3,100,2021-06-14 16:24:00,LYTS
8.3,8.3,8.29,8.29,222,2021-06-14 16:32:00,LYTS
8.29,8.29,8.27,8.27,493,2021-06-14 16:39:00,LYTS
8.275,8.275,8.275,8.275,100,2021-06-14 16:44:00,LYTS
8.27,8.27,8.25,8.25,900,2021-06-14 16:47:00,LYTS
8.25,8.25,8.25,8.25,427,2021-06-14 16:49:00,LYTS
8.25,8.25,8.25,8.25,300,2021-06-14 16:52:00,LYTS
8.265,8.265,8.25,8.25,200,2021-06-14 16:53:00,LYTS
8.265,8.28,8.265,8.28,700,2021-06-14 16:55:00,LYTS
8.265,8.265,8.265,8.265,100,2021-06-14 16:56:00,LYTS
8.25,8.25,8.25,8.25,284,2021-06-14 17:01:00,LYTS
8.265,8.265,8.265,8.265,200,2021-06-14 17:06:00,LYTS
8.265,8.265,8.25,8.25,200,2021-06-14 17:07:00,LYTS
8.265,8.28,8.26,8.28,792,2021-06-14 17:13:00,LYTS
8.26,8.26,8.26,8.26,200,2021-06-14 17:15:00,LYTS
8.25,8.26,8.25,8.25,808,2021-06-14 17:20:00,LYTS
8.255,8.255,8.255,8.255,600,2021-06-14 17:21:00,LYTS
8.255,8.255,8.255,8.255,100,2021-06-14 17:22:00,LYTS
8.25,8.26,8.25,8.26,502,2021-06-14 17:23:00,LYTS
8.26,8.26,8.26,8.26,2500,2021-06-14 17:25:00,LYTS
8.26,8.26,8.25,8.25,373,2021-06-14 17:29:00,LYTS
8.25,8.25,8.25,8.25,100,2021-06-14 17:35:00,LYTS
8.255,8.255,8.255,8.255,200,2021-06-14 17:43:00,LYTS
8.25,8.26,8.25,8.26,600,2021-06-14 17:47:00,LYTS
8.25,8.25,8.25,8.25,100,2021-06-14 17:54:00,LYTS
8.24,8.25,8.24,8.25,1088,2021-06-14 17:56:00,LYTS
8.24,8.25,8.24,8.25,4613,2021-06-14 17:57:00,LYTS
8.26,8.275,8.26,8.275,300,2021-06-14 17:59:00,LYTS
8.285,8.285,8.26,8.26,200,2021-06-14 18:00:00,LYTS
8.285,8.285,8.285,8.285,400,2021-06-14 18:11:00,LYTS
8.26,8.26,8.26,8.26,535,2021-06-14 18:12:00,LYTS
8.28,8.28,8.28,8.28,100,2021-06-14 18:14:00,LYTS
8.28,8.28,8.28,8.28,100,2021-06-14 18:15:00,LYTS
8.28,8.28,8.28,8.28,495,2021-06-14 18:18:00,LYTS
8.26,8.26,8.26,8.26,500,2021-06-14 18:19:00,LYTS
8.27,8.27,8.26,8.26,352,2021-06-14 18:23:00,LYTS
8.26,8.26,8.26,8.26,100,2021-06-14 18:24:00,LYTS
8.28,8.28,8.27,8.27,200,2021-06-14 18:28:00,LYTS
8.27,8.27,8.27,8.27,100,2021-06-14 18:35:00,LYTS
8.27,8.27,8.27,8.27,100,2021-06-14 18:40:00,LYTS
8.27,8.275,8.27,8.275,200,2021-06-14 18:48:00,LYTS
8.275,8.275,8.275,8.275,200,2021-06-14 18:53:00,LYTS
8.26,8.27,8.26,8.27,326,2021-06-14 18:56:00,LYTS
8.27,8.27,8.27,8.27,100,2021-06-14 18:57:00,LYTS
8.26,8.26,8.26,8.26,100,2021-06-14 18:59:00,LYTS
8.265,8.265,8.265,8.265,100,2021-06-14 19:01:00,LYTS
8.26,8.26,8.26,8.26,247,2021-06-14 19:04:00,LYTS
8.25,8.25,8.25,8.25,100,2021-06-14 19:05:00,LYTS
8.25,8.26,8.25,8.26,300,2021-06-14 19:06:00,LYTS
8.25,8.255,8.25,8.25,426,2021-06-14 19:09:00,LYTS
8.25,8.25,8.23,8.24,1969,2021-06-14 19:13:00,LYTS
8.24,8.25,8.24,8.25,300,2021-06-14 19:15:00,LYTS
8.24,8.24,8.24,8.24,300,2021-06-14 19:16:00,LYTS
8.25,8.25,8.24,8.24,333,2021-06-14 19:20:00,LYTS
8.24,8.24,8.24,8.24,100,2021-06-14 19:21:00,LYTS
8.24,8.24,8.24,8.24,100,2021-06-14 19:28:00,LYTS
8.25,8.25,8.25,8.25,100,2021-06-14 19:35:00,LYTS
8.24,8.24,8.24,8.24,200,2021-06-14 19:36:00,LYTS
8.24,8.24,8.24,8.24,200,2021-06-14 19:37:00,LYTS
8.24,8.24,8.24,8.24,100,2021-06-14 19:41:00,LYTS
8.24,8.24,8.24,8.24,200,2021-06-14 19:42:00,LYTS
8.23,8.24,8.23,8.24,636,2021-06-14 19:43:00,LYTS
8.24,8.24,8.24,8.24,3800,2021-06-14 19:44:00,LYTS
8.24,8.24,8.23,8.24,1521,2021-06-14 19:45:00,LYTS
8.23,8.23,8.23,8.23,100,2021-06-14 19:46:00,LYTS
8.24,8.2427,8.23,8.23,1200,2021-06-14 19:47:00,LYTS
8.235,8.235,8.235,8.235,100,2021-06-14 19:49:00,LYTS
8.23,8.25,8.23,8.24,1756,2021-06-14 19:50:00,LYTS
8.24,8.24,8.24,8.24,300,2021-06-14 19:51:00,LYTS
8.25,8.25,8.24,8.24,300,2021-06-14 19:52:00,LYTS
8.24,8.24,8.24,8.24,391,2021-06-14 19:53:00,LYTS
8.24,8.24,8.24,8.24,650,2021-06-14 19:54:00,LYTS
8.24,8.24,8.23,8.24,908,2021-06-14 19:55:00,LYTS
8.23,8.24,8.23,8.24,221,2021-06-14 19:56:00,LYTS
8.23,8.25,8.23,8.24,1635,2021-06-14 19:57:00,LYTS
8.23,8.23,8.23,8.23,100,2021-06-14 19:58:00,LYTS
8.23,8.24,8.22,8.24,2385,2021-06-14 19:59:00,LYTS
8.24,8.24,8.24,8.24,10920,2021-06-14 20:00:00,LYTS
8.21,8.24,8.21,8.24,981,2021-06-15 13:30:00,LYTS
8.24,8.24,8.24,8.24,955,2021-06-15 13:31:00,LYTS
8.26,8.26,8.25,8.25,900,2021-06-15 13:32:00,LYTS
8.25,8.25,8.25,8.25,804,2021-06-15 13:35:00,LYTS
8.25,8.25,8.25,8.25,400,2021-06-15 13:36:00,LYTS
8.225,8.25,8.225,8.25,1300,2021-06-15 13:38:00,LYTS
8.215,8.215,8.215,8.215,600,2021-06-15 13:45:00,LYTS
8.21,8.22,8.21,8.22,296,2021-06-15 13:46:00,LYTS
8.2,8.2,8.2,8.2,379,2021-06-15 13:54:00,LYTS
8.21,8.21,8.2,8.2,11650,2021-06-15 14:00:00,LYTS
8.2,8.2,8.19,8.19,1039,2021-06-15 14:01:00,LYTS
8.18,8.18,8.18,8.18,100,2021-06-15 14:04:00,LYTS
8.18,8.18,8.18,8.18,471,2021-06-15 14:05:00,LYTS
8.17,8.17,8.17,8.17,200,2021-06-15 14:09:00,LYTS
8.18,8.18,8.18,8.18,300,2021-06-15 14:11:00,LYTS
8.18,8.18,8.18,8.18,100,2021-06-15 14:12:00,LYTS
8.2,8.2,8.2,8.2,197,2021-06-15 14:18:00,LYTS
8.18,8.18,8.18,8.18,700,2021-06-15 14:21:00,LYTS
8.195,8.195,8.195,8.195,600,2021-06-15 14:22:00,LYTS
8.195,8.195,8.195,8.195,600,2021-06-15 14:24:00,LYTS
8.18,8.18,8.17,8.17,632,2021-06-15 14:25:00,LYTS
8.175,8.175,8.17,8.17,524,2021-06-15 14:26:00,LYTS
8.175,8.175,8.175,8.175,100,2021-06-15 14:29:00,LYTS
8.19,8.1996,8.19,8.1996,1179,2021-06-15 14:34:00,LYTS
8.17,8.17,8.17,8.17,100,2021-06-15 14:36:00,LYTS
8.175,8.175,8.175,8.175,100,2021-06-15 14:37:00,LYTS
8.19,8.19,8.18,8.18,300,2021-06-15 14:46:00,LYTS
8.19,8.2,8.19,8.2,1500,2021-06-15 14:50:00,LYTS
8.2,8.2,8.2,8.2,100,2021-06-15 14:51:00,LYTS
8.19,8.19,8.19,8.19,600,2021-06-15 14:54:00,LYTS
8.185,8.185,8.185,8.185,100,2021-06-15 14:58:00,LYTS
8.17,8.17,8.17,8.17,100,2021-06-15 15:01:00,LYTS
8.185,8.185,8.17,8.17,1200,2021-06-15 15:04:00,LYTS
8.18,8.18,8.17,8.17,599,2021-06-15 15:09:00,LYTS
8.185,8.185,8.17,8.17,1475,2021-06-15 15:17:00,LYTS
8.185,8.185,8.185,8.185,100,2021-06-15 15:19:00,LYTS
8.19,8.19,8.19,8.19,200,2021-06-15 15:21:00,LYTS
8.17,8.17,8.17,8.17,200,2021-06-15 15:26:00,LYTS
8.17,8.17,8.17,8.17,1218,2021-06-15 15:27:00,LYTS
8.17,8.17,8.17,8.17,100,2021-06-15 15:28:00,LYTS
8.17,8.17,8.17,8.17,4025,2021-06-15 15:31:00,LYTS
8.16,8.16,8.16,8.16,100,2021-06-15 15:38:00,LYTS
8.17,8.17,8.17,8.17,200,2021-06-15 15:39:00,LYTS
8.15,8.1899,8.15,8.17,1300,2021-06-15 15:44:00,LYTS
8.16,8.1652,8.16,8.1652,225,2021-06-15 15:50:00,LYTS
8.16,8.16,8.16,8.16,100,2021-06-15 15:52:00,LYTS
8.17,8.17,8.17,8.17,300,2021-06-15 15:58:00,LYTS
8.17,8.17,8.17,8.17,100,2021-06-15 15:59:00,LYTS
8.18,8.18,8.17,8.17,700,2021-06-15 16:02:00,LYTS
8.165,8.165,8.16,8.16,200,2021-06-15 16:04:00,LYTS
8.16,8.16,8.16,8.16,100,2021-06-15 16:05:00,LYTS
8.16,8.16,8.155,8.155,281,2021-06-15 16:09:00,LYTS
8.16,8.16,8.16,8.16,100,2021-06-15 16:18:00,LYTS
8.16,8.16,8.16,8.16,1200,2021-06-15 16:19:00,LYTS
8.16,8.16,8.16,8.16,200,2021-06-15 16:21:00,LYTS
8.16,8.16,8.16,8.16,100,2021-06-15 16:23:00,LYTS
8.16,8.16,8.16,8.16,300,2021-06-15 16:27:00,LYTS
8.16,8.16,8.16,8.16,100,2021-06-15 16:30:00,LYTS
8.16,8.16,8.16,8.16,100,2021-06-15 16:35:00,LYTS
8.16,8.16,8.15,8.15,1400,2021-06-15 16:37:00,LYTS
8.17,8.18,8.17,8.17,988,2021-06-15 16:40:00,LYTS
8.18,8.18,8.18,8.18,300,2021-06-15 16:41:00,LYTS
8.19,8.19,8.18,8.18,400,2021-06-15 16:43:00,LYTS
8.18,8.18,8.18,8.18,200,2021-06-15 16:44:00,LYTS
8.235,8.235,8.235,8.235,200,2021-06-15 16:49:00,LYTS
8.22,8.22,8.22,8.22,776,2021-06-15 16:55:00,LYTS
8.21,8.21,8.21,8.21,100,2021-06-15 16:58:00,LYTS
8.21,8.21,8.21,8.21,102,2021-06-15 17:02:00,LYTS
8.21,8.21,8.21,8.21,200,2021-06-15 17:03:00,LYTS
8.21,8.21,8.21,8.21,100,2021-06-15 17:04:00,LYTS
8.21,8.21,8.21,8.21,100,2021-06-15 17:05:00,LYTS
8.2,8.2,8.2,8.2,100,2021-06-15 17:07:00,LYTS
8.215,8.215,8.215,8.215,100,2021-06-15 17:11:00,LYTS
8.2,8.2,8.2,8.2,433,2021-06-15 17:18:00,LYTS
8.215,8.215,8.215,8.215,400,2021-06-15 17:21:00,LYTS
8.2,8.2,8.2,8.2,200,2021-06-15 17:24:00,LYTS
8.21,8.21,8.21,8.21,100,2021-06-15 17:26:00,LYTS
8.2,8.21,8.2,8.21,1400,2021-06-15 17:30:00,LYTS
8.2,8.2,8.2,8.2,100,2021-06-15 17:32:00,LYTS
8.215,8.215,8.215,8.215,600,2021-06-15 17:36:00,LYTS
8.22,8.23,8.21,8.22,800,2021-06-15 17:39:00,LYTS
8.22,8.23,8.219,8.225,2600,2021-06-15 17:40:00,LYTS
8.23,8.23,8.23,8.23,100,2021-06-15 17:41:00,LYTS
8.23,8.23,8.23,8.23,100,2021-06-15 17:42:00,LYTS
8.23,8.23,8.23,8.23,200,2021-06-15 17:43:00,LYTS
8.25,8.25,8.2425,8.25,800,2021-06-15 17:45:00,LYTS
8.24,8.24,8.24,8.24,100,2021-06-15 17:47:00,LYTS
8.24,8.24,8.24,8.24,100,2021-06-15 17:48:00,LYTS
8.24,8.24,8.225,8.225,2812,2021-06-15 17:49:00,LYTS
8.22,8.2325,8.22,8.2325,700,2021-06-15 17:59:00,LYTS
8.225,8.225,8.225,8.225,1300,2021-06-15 18:00:00,LYTS
8.225,8.225,8.225,8.225,800,2021-06-15 18:01:00,LYTS
8.225,8.23,8.225,8.23,4100,2021-06-15 18:02:00,LYTS
8.225,8.225,8.225,8.225,100,2021-06-15 18:03:00,LYTS
8.225,8.225,8.225,8.225,100,2021-06-15 18:04:00,LYTS
8.225,8.225,8.225,8.225,1500,2021-06-15 18:11:00,LYTS
8.225,8.225,8.22,8.22,4774,2021-06-15 18:14:00,LYTS
8.22,8.22,8.22,8.22,1100,2021-06-15 18:15:00,LYTS
8.23,8.24,8.22,8.24,3200,2021-06-15 18:16:00,LYTS
8.23,8.24,8.23,8.24,1400,2021-06-15 18:17:00,LYTS
8.235,8.25,8.235,8.24,1600,2021-06-15 18:18:00,LYTS
8.235,8.25,8.235,8.25,200,2021-06-15 18:20:00,LYTS
8.23,8.23,8.23,8.23,100,2021-06-15 18:22:00,LYTS
8.235,8.235,8.235,8.235,737,2021-06-15 18:24:00,LYTS
8.23,8.23,8.23,8.23,500,2021-06-15 18:26:00,LYTS
8.24,8.24,8.24,8.24,100,2021-06-15 18:27:00,LYTS
8.23,8.23,8.23,8.23,100,2021-06-15 18:34:00,LYTS
8.23,8.23,8.21,8.21,1700,2021-06-15 18:35:00,LYTS
8.22,8.22,8.22,8.22,100,2021-06-15 18:36:00,LYTS
8.23,8.23,8.23,8.23,100,2021-06-15 18:37:00,LYTS
8.23,8.23,8.23,8.23,700,2021-06-15 18:38:00,LYTS
8.23,8.23,8.23,8.23,100,2021-06-15 18:40:00,LYTS
8.2306,8.2306,8.2306,8.2306,100,2021-06-15 18:42:00,LYTS
8.22,8.22,8.22,8.22,900,2021-06-15 18:45:00,LYTS
8.22,8.23,8.22,8.23,200,2021-06-15 18:46:00,LYTS
8.22,8.23,8.22,8.225,922,2021-06-15 18:47:00,LYTS
8.22,8.22,8.22,8.22,1600,2021-06-15 18:51:00,LYTS
8.22,8.22,8.22,8.22,100,2021-06-15 18:52:00,LYTS
8.225,8.225,8.225,8.225,100,2021-06-15 18:53:00,LYTS
8.225,8.225,8.225,8.225,100,2021-06-15 18:54:00,LYTS
8.22,8.22,8.22,8.22,100,2021-06-15 18:57:00,LYTS
8.22,8.22,8.22,8.22,200,2021-06-15 18:58:00,LYTS
8.22,8.22,8.22,8.22,100,2021-06-15 18:59:00,LYTS
8.22,8.22,8.22,8.22,100,2021-06-15 19:01:00,LYTS
8.22,8.22,8.21,8.21,663,2021-06-15 19:06:00,LYTS
8.22,8.22,8.22,8.22,200,2021-06-15 19:08:00,LYTS
8.21,8.21,8.21,8.21,100,2021-06-15 19:10:00,LYTS
8.21,8.215,8.21,8.215,4665,2021-06-15 19:11:00,LYTS
8.21,8.21,8.205,8.205,500,2021-06-15 19:14:00,LYTS
8.19,8.205,8.19,8.205,1200,2021-06-15 19:16:00,LYTS
8.2,8.2,8.19,8.19,200,2021-06-15 19:17:00,LYTS
8.19,8.19,8.19,8.19,100,2021-06-15 19:18:00,LYTS
8.1901,8.1901,8.1901,8.1901,125,2021-06-15 19:20:00,LYTS
8.19,8.19,8.19,8.19,300,2021-06-15 19:22:00,LYTS
8.19,8.19,8.19,8.19,300,2021-06-15 19:24:00,LYTS
8.18,8.18,8.18,8.18,200,2021-06-15 19:32:00,LYTS
8.19,8.19,8.18,8.19,1700,2021-06-15 19:35:00,LYTS
8.18,8.18,8.18,8.18,100,2021-06-15 19:36:00,LYTS
8.18,8.18,8.18,8.18,1400,2021-06-15 19:37:00,LYTS
8.2,8.2,8.19,8.19,500,2021-06-15 19:39:00,LYTS
8.18,8.2,8.18,8.19,2100,2021-06-15 19:40:00,LYTS
8.19,8.19,8.19,8.19,1100,2021-06-15 19:41:00,LYTS
8.18,8.18,8.18,8.18,100,2021-06-15 19:42:00,LYTS
8.19,8.19,8.19,8.19,100,2021-06-15 19:43:00,LYTS
8.19,8.19,8.19,8.19,300,2021-06-15 19:44:00,LYTS
8.19,8.19,8.1818,8.1818,503,2021-06-15 19:46:00,LYTS
8.185,8.185,8.18,8.18,715,2021-06-15 19:47:00,LYTS
8.18,8.18,8.18,8.18,100,2021-06-15 19:48:00,LYTS
8.18,8.18,8.18,8.18,100,2021-06-15 19:49:00,LYTS
8.18,8.185,8.18,8.185,1900,2021-06-15 19:50:00,LYTS
8.18,8.18,8.18,8.18,100,2021-06-15 19:51:00,LYTS
8.18,8.185,8.18,8.185,600,2021-06-15 19:52:00,LYTS
8.18,8.18,8.18,8.18,100,2021-06-15 19:53:00,LYTS
8.185,8.185,8.18,8.18,515,2021-06-15 19:54:00,LYTS
8.18,8.185,8.18,8.185,2095,2021-06-15 19:55:00,LYTS
8.185,8.185,8.17,8.17,2135,2021-06-15 19:56:00,LYTS
8.17,8.19,8.16,8.19,2305,2021-06-15 19:57:00,LYTS
8.17,8.185,8.17,8.17,400,2021-06-15 19:58:00,LYTS
8.2,8.22,8.19,8.21,3671,2021-06-15 19:59:00,LYTS
8.21,8.21,8.21,8.21,17992,2021-06-15 20:00:00,LYTS
8.22,8.22,8.22,8.22,550,2021-06-16 13:30:00,LYTS
8.16,8.17,8.15,8.15,4506,2021-06-16 13:37:00,LYTS
8.15,8.15,8.15,8.15,1297,2021-06-16 13:38:00,LYTS
8.04,8.04,8.02,8.04,400,2021-06-16 13:39:00,LYTS
8.01,8.01,8.01,8.01,400,2021-06-16 13:42:00,LYTS
8.04,8.04,8.04,8.04,100,2021-06-16 13:43:00,LYTS
8.025,8.0682,8.025,8.0682,1025,2021-06-16 13:44:00,LYTS
8.025,8.05,8.025,8.05,635,2021-06-16 13:47:00,LYTS
8.08,8.0873,8.08,8.0873,1600,2021-06-16 13:48:00,LYTS
8.11,8.11,8.11,8.11,100,2021-06-16 13:53:00,LYTS
8.11,8.11,8.11,8.11,100,2021-06-16 13:54:00,LYTS
8.06,8.105,8.05,8.05,50658,2021-06-16 13:58:00,LYTS
8.07,8.07,8.07,8.07,440,2021-06-16 14:00:00,LYTS
8.07,8.09,8.07,8.09,700,2021-06-16 14:02:00,LYTS
8.06,8.1194,8.06,8.1194,900,2021-06-16 14:03:00,LYTS
8.09,8.09,8.09,8.09,100,2021-06-16 14:07:00,LYTS
8.12,8.13,8.12,8.12,364,2021-06-16 14:08:00,LYTS
8.15,8.15,8.15,8.15,3008,2021-06-16 14:11:00,LYTS
8.15,8.15,8.15,8.15,100,2021-06-16 14:13:00,LYTS
8.17,8.17,8.14,8.15,400,2021-06-16 14:18:00,LYTS
8.14,8.14,8.13,8.13,500,2021-06-16 14:22:00,LYTS
8.12,8.12,8.12,8.12,100,2021-06-16 14:25:00,LYTS
8.08,8.08,8.08,8.08,100,2021-06-16 14:29:00,LYTS
8.08,8.08,8.08,8.08,100,2021-06-16 14:31:00,LYTS
8.11,8.11,8.08,8.08,200,2021-06-16 14:33:00,LYTS
8.11,8.11,8.11,8.11,200,2021-06-16 14:35:00,LYTS
8.105,8.105,8.105,8.105,200,2021-06-16 14:36:00,LYTS
8.1,8.1,8.1,8.1,200,2021-06-16 14:38:00,LYTS
8.1,8.12,8.1,8.12,300,2021-06-16 14:39:00,LYTS
8.17,8.17,8.17,8.17,100,2021-06-16 14:41:00,LYTS
8.145,8.145,8.12,8.145,400,2021-06-16 14:43:00,LYTS
8.11,8.11,8.11,8.11,100,2021-06-16 14:48:00,LYTS
8.095,8.095,8.095,8.095,100,2021-06-16 14:49:00,LYTS
8.08,8.09,8.08,8.09,300,2021-06-16 14:52:00,LYTS
8.12,8.12,8.12,8.12,786,2021-06-16 14:55:00,LYTS
8.125,8.125,8.125,8.125,100,2021-06-16 14:57:00,LYTS
8.13,8.14,8.05,8.14,101608,2021-06-16 14:58:00,LYTS
8.14,8.14,8.135,8.135,322,2021-06-16 14:59:00,LYTS
8.135,8.135,8.135,8.135,100,2021-06-16 15:01:00,LYTS
8.135,8.135,8.135,8.135,100,2021-06-16 15:03:00,LYTS
8.135,8.135,8.135,8.135,100,2021-06-16 15:05:00,LYTS
8.135,8.135,8.135,8.135,100,2021-06-16 15:06:00,LYTS
8.135,8.14,8.125,8.14,300,2021-06-16 15:07:00,LYTS
8.115,8.14,8.115,8.14,900,2021-06-16 15:09:00,LYTS
8.145,8.16,8.145,8.15,2400,2021-06-16 15:11:00,LYTS
8.17,8.17,8.17,8.17,200,2021-06-16 15:12:00,LYTS
8.15,8.15,8.15,8.15,200,2021-06-16 15:13:00,LYTS
8.15,8.15,8.145,8.145,1700,2021-06-16 15:14:00,LYTS
8.14,8.14,8.14,8.14,100,2021-06-16 15:15:00,LYTS
8.145,8.16,8.14,8.15,8934,2021-06-16 15:17:00,LYTS
8.15,8.155,8.14,8.14,600,2021-06-16 15:18:00,LYTS
8.19,8.19,8.19,8.19,200,2021-06-16 15:23:00,LYTS
8.175,8.175,8.175,8.175,200,2021-06-16 15:24:00,LYTS
8.17,8.17,8.16,8.16,900,2021-06-16 15:27:00,LYTS
8.165,8.17,8.165,8.17,400,2021-06-16 15:28:00,LYTS
8.17,8.17,8.17,8.17,302,2021-06-16 15:29:00,LYTS
8.17,8.17,8.16,8.16,1839,2021-06-16 15:31:00,LYTS
8.165,8.165,8.165,8.165,600,2021-06-16 15:32:00,LYTS
8.165,8.165,8.165,8.165,500,2021-06-16 15:33:00,LYTS
8.165,8.17,8.165,8.165,1800,2021-06-16 15:34:00,LYTS
8.165,8.17,8.16,8.16,700,2021-06-16 15:35:00,LYTS
8.18,8.18,8.16,8.16,1300,2021-06-16 15:36:00,LYTS
8.16,8.16,8.16,8.16,100,2021-06-16 15:37:00,LYTS
8.1675,8.175,8.16,8.175,300,2021-06-16 15:39:00,LYTS
8.17,8.17,8.16,8.16,600,2021-06-16 15:40:00,LYTS
8.14,8.16,8.14,8.16,1000,2021-06-16 15:41:00,LYTS
8.15,8.15,8.14,8.14,650,2021-06-16 15:42:00,LYTS
8.15,8.15,8.14,8.14,338,2021-06-16 15:43:00,LYTS
8.14,8.14,8.14,8.14,100,2021-06-16 15:44:00,LYTS
8.14,8.145,8.14,8.145,759,2021-06-16 15:50:00,LYTS
8.15,8.15,8.14,8.15,1925,2021-06-16 15:51:00,LYTS
8.145,8.145,8.13,8.13,400,2021-06-16 15:52:00,LYTS
8.135,8.135,8.135,8.135,122,2021-06-16 15:55:00,LYTS
8.13,8.13,8.13,8.13,300,2021-06-16 15:56:00,LYTS
8.13,8.13,8.13,8.13,800,2021-06-16 16:00:00,LYTS
8.13,8.13,8.13,8.13,100,2021-06-16 16:01:00,LYTS
8.13,8.13,8.13,8.13,300,2021-06-16 16:03:00,LYTS
8.125,8.125,8.125,8.125,100,2021-06-16 16:05:00,LYTS
8.12,8.12,8.12,8.12,300,2021-06-16 16:06:00,LYTS
8.12,8.12,8.12,8.12,100,2021-06-16 16:09:00,LYTS
8.105,8.105,8.09,8.09,1400,2021-06-16 16:17:00,LYTS
8.1,8.1,8.09,8.09,900,2021-06-16 16:18:00,LYTS
8.1,8.11,8.1,8.11,700,2021-06-16 16:21:00,LYTS
8.1025,8.1025,8.1,8.1,200,2021-06-16 16:22:00,LYTS
8.1,8.1,8.1,8.1,100,2021-06-16 16:25:00,LYTS
8.09,8.1098,8.09,8.1098,1000,2021-06-16 16:29:00,LYTS
8.09,8.1,8.09,8.1,400,2021-06-16 16:31:00,LYTS
8.09,8.09,8.09,8.09,200,2021-06-16 16:40:00,LYTS
8.105,8.105,8.105,8.105,200,2021-06-16 16:43:00,LYTS
8.1,8.1,8.1,8.1,100,2021-06-16 16:44:00,LYTS
8.105,8.105,8.105,8.105,500,2021-06-16 16:46:00,LYTS
8.11,8.15,8.1,8.15,8066,2021-06-16 16:49:00,LYTS
8.15,8.15,8.15,8.15,100,2021-06-16 16:52:00,LYTS
8.13,8.13,8.13,8.13,200,2021-06-16 16:53:00,LYTS
8.14,8.14,8.14,8.14,100,2021-06-16 16:54:00,LYTS
8.14,8.14,8.14,8.14,100,2021-06-16 16:56:00,LYTS
8.14,8.14,8.14,8.14,100,2021-06-16 16:57:00,LYTS
8.15,8.15,8.15,8.15,100,2021-06-16 16:59:00,LYTS
8.14,8.14,8.13,8.13,1776,2021-06-16 17:04:00,LYTS
8.13,8.13,8.13,8.13,100,2021-06-16 17:06:00,LYTS
8.13,8.135,8.13,8.135,200,2021-06-16 17:08:00,LYTS
8.13,8.13,8.125,8.125,4488,2021-06-16 17:09:00,LYTS
8.125,8.125,8.125,8.125,100,2021-06-16 17:10:00,LYTS
8.11,8.11,8.11,8.11,100,2021-06-16 17:11:00,LYTS
8.11,8.11,8.11,8.11,100,2021-06-16 17:13:00,LYTS
8.11,8.11,8.11,8.11,100,2021-06-16 17:20:00,LYTS
8.11,8.11,8.1,8.1,300,2021-06-16 17:23:00,LYTS
8.105,8.105,8.1,8.1,642,2021-06-16 17:24:00,LYTS
8.1,8.1,8.1,8.1,200,2021-06-16 17:27:00,LYTS
8.1,8.1,8.1,8.1,130,2021-06-16 17:28:00,LYTS
8.105,8.105,8.1,8.1,200,2021-06-16 17:30:00,LYTS
8.105,8.105,8.1,8.1,200,2021-06-16 17:34:00,LYTS
8.105,8.12,8.1,8.105,2750,2021-06-16 17:35:00,LYTS
8.1,8.1,8.1,8.1,400,2021-06-16 17:40:00,LYTS
8.105,8.105,8.1,8.1,1100,2021-06-16 17:41:00,LYTS
8.1,8.1,8.1,8.1,100,2021-06-16 17:44:00,LYTS
8.1,8.1,8.1,8.1,100,2021-06-16 17:46:00,LYTS
8.11,8.11,8.1,8.1,200,2021-06-16 17:47:00,LYTS
8.105,8.105,8.105,8.105,100,2021-06-16 17:48:00,LYTS
8.1,8.1,8.1,8.1,300,2021-06-16 17:49:00,LYTS
8.1,8.1,8.08,8.09,2823,2021-06-16 17:51:00,LYTS
8.08,8.08,8.08,8.08,870,2021-06-16 17:52:00,LYTS
8.085,8.09,8.085,8.09,889,2021-06-16 17:54:00,LYTS
8.1,8.14,8.1,8.1,1719,2021-06-16 17:55:00,LYTS
8.1,8.1,8.1,8.1,100,2021-06-16 17:56:00,LYTS
8.1,8.1,8.1,8.1,100,2021-06-16 17:57:00,LYTS
8.09,8.09,8.09,8.09,100,2021-06-16 18:00:00,LYTS
8.09,8.09,8.09,8.09,100,2021-06-16 18:01:00,LYTS
8.11,8.11,8.11,8.11,200,2021-06-16 18:03:00,LYTS
8.125,8.125,8.125,8.125,100,2021-06-16 18:04:00,LYTS
8.1,8.1,8.1,8.1,200,2021-06-16 18:05:00,LYTS
8.1,8.15,8.1,8.11,76348,2021-06-16 18:07:00,LYTS
8.16,8.16,8.15,8.15,200,2021-06-16 18:08:00,LYTS
8.17,8.17,8.17,8.17,200,2021-06-16 18:11:00,LYTS
8.17,8.17,8.17,8.17,100,2021-06-16 18:12:00,LYTS
8.145,8.145,8.145,8.145,100,2021-06-16 18:13:00,LYTS
8.145,8.145,8.145,8.145,100,2021-06-16 18:14:00,LYTS
8.16,8.16,8.16,8.16,200,2021-06-16 18:15:00,LYTS
8.16,8.16,8.145,8.145,200,2021-06-16 18:16:00,LYTS
8.155,8.155,8.155,8.155,100,2021-06-16 18:18:00,LYTS
8.16,8.16,8.155,8.155,300,2021-06-16 18:20:00,LYTS
8.155,8.155,8.155,8.155,100,2021-06-16 18:21:00,LYTS
8.155,8.155,8.155,8.155,200,2021-06-16 18:22:00,LYTS
8.155,8.16,8.15,8.15,300,2021-06-16 18:23:00,LYTS
8.155,8.17,8.15,8.16,3018,2021-06-16 18:24:00,LYTS
8.16,8.17,8.16,8.17,3374,2021-06-16 18:25:00,LYTS
8.165,8.165,8.165,8.165,240,2021-06-16 18:26:00,LYTS
8.17,8.17,8.17,8.17,234,2021-06-16 18:27:00,LYTS
8.17,8.17,8.17,8.17,100,2021-06-16 18:28:00,LYTS
8.17,8.17,8.17,8.17,303,2021-06-16 18:29:00,LYTS
8.17,8.17,8.16,8.17,700,2021-06-16 18:30:00,LYTS
8.16,8.17,8.16,8.17,934,2021-06-16 18:31:00,LYTS
8.16,8.16,8.14,8.15,2150,2021-06-16 18:32:00,LYTS
8.145,8.15,8.14,8.145,1100,2021-06-16 18:33:00,LYTS
8.145,8.145,8.14,8.14,300,2021-06-16 18:35:00,LYTS
8.15,8.15,8.135,8.145,2302,2021-06-16 18:37:00,LYTS
8.145,8.15,8.145,8.145,3788,2021-06-16 18:38:00,LYTS
8.145,8.145,8.14,8.14,337,2021-06-16 18:39:00,LYTS
8.15,8.15,8.145,8.145,8840,2021-06-16 18:40:00,LYTS
8.145,8.145,8.145,8.145,100,2021-06-16 18:41:00,LYTS
8.145,8.145,8.145,8.145,200,2021-06-16 18:42:00,LYTS
8.145,8.145,8.145,8.145,100,2021-06-16 18:43:00,LYTS
8.14,8.14,8.14,8.14,5450,2021-06-16 18:44:00,LYTS
8.135,8.14,8.13,8.14,1703,2021-06-16 18:47:00,LYTS
8.135,8.135,8.135,8.135,200,2021-06-16 18:49:00,LYTS
8.135,8.14,8.135,8.14,500,2021-06-16 18:50:00,LYTS
8.135,8.135,8.135,8.135,400,2021-06-16 18:51:00,LYTS
8.135,8.135,8.135,8.135,318,2021-06-16 18:52:00,LYTS
8.135,8.135,8.135,8.135,800,2021-06-16 18:53:00,LYTS
8.135,8.14,8.135,8.135,400,2021-06-16 18:54:00,LYTS
8.135,8.135,8.135,8.135,400,2021-06-16 18:55:00,LYTS
8.135,8.135,8.135,8.135,100,2021-06-16 18:56:00,LYTS
8.135,8.135,8.135,8.135,100,2021-06-16 18:57:00,LYTS
8.135,8.14,8.11,8.125,5325,2021-06-16 18:59:00,LYTS
8.125,8.125,8.105,8.105,2534,2021-06-16 19:00:00,LYTS
8.105,8.11,8.105,8.105,1145,2021-06-16 19:01:00,LYTS
8.11,8.15,8.1,8.15,5518,2021-06-16 19:02:00,LYTS
8.135,8.135,8.135,8.135,100,2021-06-16 19:03:00,LYTS
8.135,8.135,8.135,8.135,100,2021-06-16 19:04:00,LYTS
8.13,8.13,8.13,8.13,770,2021-06-16 19:05:00,LYTS
8.13,8.135,8.13,8.13,800,2021-06-16 19:06:00,LYTS
8.13,8.13,8.13,8.13,300,2021-06-16 19:07:00,LYTS
8.125,8.125,8.125,8.125,300,2021-06-16 19:08:00,LYTS
8.125,8.125,8.12,8.12,400,2021-06-16 19:09:00,LYTS
8.125,8.125,8.125,8.125,300,2021-06-16 19:10:00,LYTS
8.125,8.125,8.125,8.125,100,2021-06-16 19:11:00,LYTS
8.125,8.125,8.12,8.125,900,2021-06-16 19:12:00,LYTS
8.12,8.125,8.12,8.125,500,2021-06-16 19:13:00,LYTS
8.125,8.125,8.12,8.12,982,2021-06-16 19:14:00,LYTS
8.125,8.125,8.125,8.125,100,2021-06-16 19:16:00,LYTS
8.12,8.12,8.12,8.12,100,2021-06-16 19:18:00,LYTS
8.125,8.125,8.125,8.125,100,2021-06-16 19:19:00,LYTS
8.125,8.13,8.125,8.13,1164,2021-06-16 19:20:00,LYTS
8.13,8.13,8.12,8.12,600,2021-06-16 19:21:00,LYTS
8.13,8.13,8.13,8.13,400,2021-06-16 19:22:00,LYTS
8.125,8.13,8.125,8.13,200,2021-06-16 19:23:00,LYTS
8.13,8.13,8.13,8.13,500,2021-06-16 19:24:00,LYTS
8.13,8.13,8.125,8.125,1004,2021-06-16 19:25:00,LYTS
8.125,8.125,8.125,8.125,100,2021-06-16 19:26:00,LYTS
8.125,8.125,8.125,8.125,200,2021-06-16 19:27:00,LYTS
8.125,8.125,8.11,8.11,1107,2021-06-16 19:28:00,LYTS
8.115,8.115,8.115,8.115,100,2021-06-16 19:29:00,LYTS
8.11,8.12,8.11,8.115,1045,2021-06-16 19:30:00,LYTS
8.115,8.115,8.115,8.115,200,2021-06-16 19:31:00,LYTS
8.11,8.11,8.11,8.11,400,2021-06-16 19:32:00,LYTS
8.11,8.11,8.1,8.105,4683,2021-06-16 19:35:00,LYTS
8.105,8.105,8.105,8.105,200,2021-06-16 19:36:00,LYTS
8.105,8.105,8.1,8.105,63803,2021-06-16 19:37:00,LYTS
8.11,8.11,8.095,8.095,1100,2021-06-16 19:38:00,LYTS
8.095,8.1,8.095,8.1,1274,2021-06-16 19:39:00,LYTS
8.095,8.1,8.095,8.1,300,2021-06-16 19:40:00,LYTS
8.1,8.1,8.1,8.1,1344,2021-06-16 19:41:00,LYTS
8.1,8.1,8.1,8.1,1008,2021-06-16 19:42:00,LYTS
8.095,8.095,8.095,8.095,100,2021-06-16 19:44:00,LYTS
8.1,8.1,8.1,8.1,200,2021-06-16 19:45:00,LYTS
8.095,8.095,8.08,8.08,998,2021-06-16 19:46:00,LYTS
8.085,8.085,8.085,8.085,100,2021-06-16 19:47:00,LYTS
8.09,8.09,8.08,8.085,2405,2021-06-16 19:49:00,LYTS
8.1,8.1,8.1,8.1,100,2021-06-16 19:50:00,LYTS
8.095,8.095,8.095,8.095,300,2021-06-16 19:52:00,LYTS
8.095,8.095,8.09,8.09,300,2021-06-16 19:53:00,LYTS
8.09,8.09,8.085,8.09,2089,2021-06-16 19:54:00,LYTS
8.09,8.1,8.09,8.09,1000,2021-06-16 19:55:00,LYTS
8.1,8.1,8.09,8.09,400,2021-06-16 19:56:00,LYTS
8.08,8.1,8.08,8.09,1464,2021-06-16 19:57:00,LYTS
8.1,8.1,8.08,8.08,1561,2021-06-16 19:58:00,LYTS
8.09,8.09,8.08,8.09,2621,2021-06-16 19:59:00,LYTS
8.08,8.08,8.08,8.08,22615,2021-06-16 20:00:00,LYTS
8.11,8.11,8.11,8.11,2013,2021-06-17 13:30:00,LYTS
8.115,8.115,8.06,8.06,403,2021-06-17 13:32:00,LYTS
8.115,8.115,8.115,8.115,203,2021-06-17 13:33:00,LYTS
8.07,8.07,8.06,8.06,300,2021-06-17 13:35:00,LYTS
8.11,8.11,8.11,8.11,300,2021-06-17 13:36:00,LYTS
8.1,8.1,8.1,8.1,200,2021-06-17 13:40:00,LYTS
8.1,8.1,8.1,8.1,200,2021-06-17 13:41:00,LYTS
8.1,8.1,8.05,8.05,1981,2021-06-17 13:42:00,LYTS
8.05,8.05,8.05,8.05,100,2021-06-17 13:44:00,LYTS
8.05,8.05,8.05,8.05,700,2021-06-17 13:45:00,LYTS
8.06,8.06,8.05,8.05,200,2021-06-17 13:47:00,LYTS
8.05,8.05,8.05,8.05,100,2021-06-17 13:48:00,LYTS
8.05,8.05,8.05,8.05,200,2021-06-17 13:50:00,LYTS
8.08,8.08,8.065,8.065,1900,2021-06-17 13:51:00,LYTS
8.065,8.065,8.05,8.05,200,2021-06-17 13:52:00,LYTS
8.05,8.05,8.05,8.05,4709,2021-06-17 13:53:00,LYTS
8.02,8.02,8.02,8.02,100,2021-06-17 13:56:00,LYTS
8.01,8.01,8.01,8.01,400,2021-06-17 13:57:00,LYTS
8.0,8.01,8.0,8.005,825,2021-06-17 13:58:00,LYTS
8.005,8.01,8.005,8.01,900,2021-06-17 13:59:00,LYTS
8.01,8.01,8.01,8.01,800,2021-06-17 14:00:00,LYTS
8.02,8.02,8.02,8.02,100,2021-06-17 14:01:00,LYTS
8.02,8.02,8.02,8.02,100,2021-06-17 14:05:00,LYTS
8.02,8.02,8.02,8.02,100,2021-06-17 14:07:00,LYTS
8.03,8.03,8.02,8.02,200,2021-06-17 14:09:00,LYTS
8.02,8.02,8.01,8.01,200,2021-06-17 14:10:00,LYTS
8.01,8.02,8.01,8.02,3561,2021-06-17 14:11:00,LYTS
8.02,8.02,8.02,8.02,100,2021-06-17 14:12:00,LYTS
8.0399,8.04,8.025,8.026,1000,2021-06-17 14:13:00,LYTS
8.0351,8.045,8.03,8.04,1535,2021-06-17 14:14:00,LYTS
8.06,8.06,8.06,8.06,200,2021-06-17 14:16:00,LYTS
8.08,8.08,8.055,8.055,700,2021-06-17 14:18:00,LYTS
8.055,8.06,8.055,8.06,962,2021-06-17 14:20:00,LYTS
8.05,8.05,8.05,8.05,100,2021-06-17 14:21:00,LYTS
8.05,8.05,8.05,8.05,200,2021-06-17 14:22:00,LYTS
8.04,8.04,8.04,8.04,100,2021-06-17 14:26:00,LYTS
8.03,8.04,8.02,8.04,1532,2021-06-17 14:30:00,LYTS
8.02,8.02,8.02,8.02,200,2021-06-17 14:32:00,LYTS
8.02,8.02,8.02,8.02,100,2021-06-17 14:35:00,LYTS
8.04,8.04,8.04,8.04,200,2021-06-17 14:36:00,LYTS
8.03,8.03,8.03,8.03,100,2021-06-17 14:39:00,LYTS
8.02,8.02,8.02,8.02,100,2021-06-17 14:41:00,LYTS
8.025,8.025,8.025,8.025,100,2021-06-17 14:42:00,LYTS
8.02,8.02,8.02,8.02,290,2021-06-17 14:43:00,LYTS
8.025,8.025,8.025,8.025,600,2021-06-17 14:44:00,LYTS
8.025,8.025,8.025,8.025,100,2021-06-17 14:45:00,LYTS
8.02,8.02,8.02,8.02,200,2021-06-17 14:46:00,LYTS
8.02,8.02,8.02,8.02,260,2021-06-17 14:47:00,LYTS
8.02,8.02,8.0,8.0,4555,2021-06-17 14:48:00,LYTS
8.0,8.0,8.0,8.0,100,2021-06-17 14:50:00,LYTS
8.0,8.0,8.0,8.0,2180,2021-06-17 14:51:00,LYTS
8.0,8.005,8.0,8.0,800,2021-06-17 14:53:00,LYTS
8.0,8.0,8.0,8.0,100,2021-06-17 14:54:00,LYTS
8.0,8.01,8.0,8.0,582,2021-06-17 14:55:00,LYTS
8.0,8.0,8.0,8.0,200,2021-06-17 14:56:00,LYTS
8.0,8.0,8.0,8.0,100,2021-06-17 14:57:00,LYTS
8.0,8.0,8.0,8.0,200,2021-06-17 14:59:00,LYTS
8.0,8.0,8.0,8.0,900,2021-06-17 15:02:00,LYTS
8.0,8.005,8.0,8.005,455,2021-06-17 15:03:00,LYTS
8.0,8.0,8.0,8.0,100,2021-06-17 15:04:00,LYTS
8.0,8.0,8.0,8.0,100,2021-06-17 15:06:00,LYTS
8.0,8.005,8.0,8.005,1092,2021-06-17 15:07:00,LYTS
8.0,8.0,8.0,8.0,200,2021-06-17 15:08:00,LYTS
8.005,8.005,7.95,7.95,10439,2021-06-17 15:09:00,LYTS
7.95,7.95,7.95,7.95,100,2021-06-17 15:11:00,LYTS
7.95,7.955,7.95,7.955,1600,2021-06-17 15:12:00,LYTS
7.95,7.95,7.95,7.95,300,2021-06-17 15:13:00,LYTS
7.95,7.95,7.95,7.95,200,2021-06-17 15:14:00,LYTS
7.955,7.955,7.955,7.955,100,2021-06-17 15:15:00,LYTS
7.95,7.955,7.95,7.955,600,2021-06-17 15:16:00,LYTS
7.95,7.95,7.95,7.95,602,2021-06-17 15:17:00,LYTS
7.95,7.95,7.95,7.95,100,2021-06-17 15:18:00,LYTS
7.95,7.95,7.95,7.95,200,2021-06-17 15:19:00,LYTS
7.95,7.95,7.95,7.95,100,2021-06-17 15:20:00,LYTS
7.95,7.95,7.95,7.95,300,2021-06-17 15:22:00,LYTS
7.95,7.95,7.95,7.95,100,2021-06-17 15:23:00,LYTS
7.95,7.95,7.95,7.95,200,2021-06-17 15:24:00,LYTS
7.95,7.95,7.87,7.878,1426,2021-06-17 15:25:00,LYTS
7.9099,7.9099,7.885,7.885,300,2021-06-17 15:26:00,LYTS
7.9,7.9,7.9,7.9,700,2021-06-17 15:27:00,LYTS
7.9127,7.93,7.9127,7.93,600,2021-06-17 15:28:00,LYTS
7.92,7.92,7.92,7.92,300,2021-06-17 15:30:00,LYTS
7.91,7.91,7.91,7.91,400,2021-06-17 15:38:00,LYTS
7.91,7.92,7.91,7.92,1700,2021-06-17 15:41:00,LYTS
7.91,7.9167,7.91,7.9101,6200,2021-06-17 15:42:00,LYTS
7.91,7.915,7.873,7.873,5842,2021-06-17 15:43:00,LYTS
7.87,7.87,7.85,7.8692,6322,2021-06-17 15:45:00,LYTS
7.8691,7.8691,7.8691,7.8691,1000,2021-06-17 15:46:00,LYTS
7.87,7.87,7.87,7.87,200,2021-06-17 15:48:00,LYTS
7.875,7.875,7.875,7.875,100,2021-06-17 15:49:00,LYTS
7.875,7.875,7.85,7.8602,11178,2021-06-17 15:50:00,LYTS
7.87,7.87,7.87,7.87,200,2021-06-17 15:51:00,LYTS
7.87,7.87,7.87,7.87,300,2021-06-17 15:53:00,LYTS
7.865,7.865,7.865,7.865,100,2021-06-17 15:55:00,LYTS
7.85,7.85,7.85,7.85,800,2021-06-17 15:58:00,LYTS
7.855,7.86,7.855,7.86,2620,2021-06-17 15:59:00,LYTS
7.855,7.855,7.855,7.855,100,2021-06-17 16:00:00,LYTS
7.86,7.86,7.855,7.855,200,2021-06-17 16:01:00,LYTS
7.865,7.865,7.8528,7.865,350,2021-06-17 16:03:00,LYTS
7.855,7.86,7.855,7.86,400,2021-06-17 16:04:00,LYTS
7.88,7.885,7.88,7.885,904,2021-06-17 16:05:00,LYTS
7.9,7.9,7.9,7.9,100,2021-06-17 16:06:00,LYTS
7.9,7.9,7.9,7.9,100,2021-06-17 16:09:00,LYTS
7.9,7.9,7.9,7.9,200,2021-06-17 16:11:00,LYTS
7.885,7.885,7.885,7.885,200,2021-06-17 16:13:00,LYTS
7.885,7.885,7.865,7.865,800,2021-06-17 16:15:00,LYTS
7.865,7.865,7.865,7.865,300,2021-06-17 16:16:00,LYTS
7.865,7.865,7.865,7.865,100,2021-06-17 16:17:00,LYTS
7.865,7.865,7.86,7.865,307,2021-06-17 16:18:00,LYTS
7.865,7.865,7.865,7.865,400,2021-06-17 16:19:00,LYTS
7.865,7.87,7.865,7.87,400,2021-06-17 16:20:00,LYTS
7.865,7.865,7.865,7.865,100,2021-06-17 16:21:00,LYTS
7.8625,7.8625,7.8625,7.8625,100,2021-06-17 16:23:00,LYTS
7.865,7.865,7.86,7.86,200,2021-06-17 16:24:00,LYTS
7.855,7.855,7.855,7.855,200,2021-06-17 16:27:00,LYTS
7.855,7.855,7.855,7.855,100,2021-06-17 16:28:00,LYTS
7.855,7.855,7.855,7.855,200,2021-06-17 16:29:00,LYTS
7.85,7.855,7.845,7.855,1014,2021-06-17 16:30:00,LYTS
7.86,7.86,7.86,7.86,216,2021-06-17 16:31:00,LYTS
7.855,7.855,7.855,7.855,100,2021-06-17 16:32:00,LYTS
7.86,7.86,7.86,7.86,100,2021-06-17 16:35:00,LYTS
7.865,7.865,7.865,7.865,100,2021-06-17 16:36:00,LYTS
7.85,7.85,7.85,7.85,200,2021-06-17 16:37:00,LYTS
7.85,7.85,7.84,7.84,400,2021-06-17 16:42:00,LYTS
7.84,7.84,7.84,7.84,100,2021-06-17 16:44:00,LYTS
7.83,7.83,7.83,7.83,100,2021-06-17 16:50:00,LYTS
7.835,7.835,7.83,7.83,2700,2021-06-17 16:51:00,LYTS
7.835,7.835,7.835,7.835,400,2021-06-17 16:52:00,LYTS
7.84,7.85,7.84,7.85,900,2021-06-17 16:54:00,LYTS
7.85,7.8712,7.85,7.8712,2414,2021-06-17 16:59:00,LYTS
7.875,7.89,7.8712,7.89,1799,2021-06-17 17:00:00,LYTS
7.8893,7.9,7.882,7.9,2100,2021-06-17 17:01:00,LYTS
7.895,7.895,7.895,7.895,100,2021-06-17 17:02:00,LYTS
7.92,7.92,7.92,7.92,426,2021-06-17 17:05:00,LYTS
7.915,7.915,7.915,7.915,100,2021-06-17 17:11:00,LYTS
7.915,7.915,7.915,7.915,100,2021-06-17 17:14:00,LYTS
7.9,7.9,7.9,7.9,100,2021-06-17 17:16:00,LYTS
7.9,7.9,7.9,7.9,100,2021-06-17 17:17:00,LYTS
7.91,7.92,7.91,7.92,1200,2021-06-17 17:21:00,LYTS
7.94,7.94,7.94,7.94,100,2021-06-17 17:22:00,LYTS
7.93,7.94,7.93,7.94,300,2021-06-17 17:25:00,LYTS
7.95,7.96,7.95,7.96,200,2021-06-17 17:26:00,LYTS
7.945,7.945,7.945,7.945,100,2021-06-17 17:27:00,LYTS
7.945,7.945,7.935,7.935,200,2021-06-17 17:28:00,LYTS
7.93,7.93,7.92,7.92,300,2021-06-17 17:31:00,LYTS
7.95,7.95,7.95,7.95,100,2021-06-17 17:32:00,LYTS
7.92,7.92,7.92,7.92,200,2021-06-17 17:33:00,LYTS
7.92,7.92,7.92,7.92,100,2021-06-17 17:35:00,LYTS
7.94,7.94,7.92,7.94,600,2021-06-17 17:39:00,LYTS
7.89,7.89,7.89,7.89,100,2021-06-17 17:41:00,LYTS
7.89,7.89,7.89,7.89,100,2021-06-17 17:42:00,LYTS
7.91,7.91,7.88,7.88,700,2021-06-17 17:44:00,LYTS
7.89,7.89,7.89,7.89,100,2021-06-17 17:46:00,LYTS
7.91,7.91,7.91,7.91,300,2021-06-17 17:47:00,LYTS
7.89,7.89,7.88,7.89,500,2021-06-17 17:49:00,LYTS
7.88,7.88,7.88,7.88,100,2021-06-17 17:51:00,LYTS
7.9,7.9,7.88,7.88,200,2021-06-17 17:52:00,LYTS
7.88,7.88,7.88,7.88,100,2021-06-17 17:56:00,LYTS
7.875,7.875,7.875,7.875,100,2021-06-17 17:57:00,LYTS
7.86,7.86,7.86,7.86,100,2021-06-17 17:58:00,LYTS
7.85,7.85,7.85,7.85,100,2021-06-17 18:00:00,LYTS
7.86,7.86,7.85,7.85,400,2021-06-17 18:01:00,LYTS
7.855,7.855,7.855,7.855,200,2021-06-17 18:03:00,LYTS
7.855,7.855,7.855,7.855,200,2021-06-17 18:04:00,LYTS
7.855,7.865,7.855,7.865,400,2021-06-17 18:05:00,LYTS
7.865,7.865,7.865,7.865,100,2021-06-17 18:08:00,LYTS
7.84,7.84,7.84,7.84,100,2021-06-17 18:16:00,LYTS
7.86,7.86,7.84,7.84,1400,2021-06-17 18:18:00,LYTS
7.85,7.85,7.85,7.85,1500,2021-06-17 18:19:00,LYTS
7.85,7.86,7.845,7.86,600,2021-06-17 18:20:00,LYTS
7.855,7.855,7.855,7.855,300,2021-06-17 18:23:00,LYTS
7.855,7.855,7.855,7.855,100,2021-06-17 18:24:00,LYTS
7.85,7.85,7.85,7.85,100,2021-06-17 18:28:00,LYTS
7.86,7.86,7.86,7.86,100,2021-06-17 18:33:00,LYTS
7.86,7.87,7.86,7.87,500,2021-06-17 18:35:00,LYTS
7.86,7.86,7.86,7.86,103,2021-06-17 18:38:00,LYTS
7.86,7.86,7.86,7.86,100,2021-06-17 18:42:00,LYTS
7.88,7.88,7.88,7.88,145,2021-06-17 18:43:00,LYTS
7.8799,7.8799,7.86,7.87,6160,2021-06-17 18:45:00,LYTS
7.87,7.88,7.87,7.88,1100,2021-06-17 18:46:00,LYTS
7.88,7.89,7.88,7.89,700,2021-06-17 18:47:00,LYTS
7.9,7.9,7.9,7.9,600,2021-06-17 18:53:00,LYTS
7.9,7.9,7.9,7.9,700,2021-06-17 18:54:00,LYTS
7.89,7.89,7.89,7.89,400,2021-06-17 18:57:00,LYTS
7.9,7.9,7.9,7.9,200,2021-06-17 19:02:00,LYTS
7.9,7.9,7.9,7.9,300,2021-06-17 19:03:00,LYTS
7.9,7.9,7.9,7.9,600,2021-06-17 19:05:00,LYTS
7.89,7.89,7.89,7.89,100,2021-06-17 19:06:00,LYTS
7.89,7.89,7.88,7.88,900,2021-06-17 19:08:00,LYTS
7.89,7.89,7.885,7.885,400,2021-06-17 19:09:00,LYTS
7.89,7.89,7.89,7.89,200,2021-06-17 19:10:00,LYTS
7.91,7.91,7.91,7.91,100,2021-06-17 19:11:00,LYTS
7.9,7.9,7.9,7.9,400,2021-06-17 19:12:00,LYTS
7.89,7.89,7.89,7.89,100,2021-06-17 19:13:00,LYTS
7.88,7.88,7.88,7.88,100,2021-06-17 19:17:00,LYTS
7.87,7.87,7.87,7.87,400,2021-06-17 19:22:00,LYTS
7.86,7.86,7.86,7.86,114,2021-06-17 19:24:00,LYTS
7.855,7.855,7.855,7.855,100,2021-06-17 19:25:00,LYTS
7.84,7.84,7.84,7.84,100,2021-06-17 19:27:00,LYTS
7.855,7.87,7.855,7.855,400,2021-06-17 19:28:00,LYTS
7.855,7.855,7.855,7.855,200,2021-06-17 19:29:00,LYTS
7.855,7.86,7.855,7.86,200,2021-06-17 19:30:00,LYTS
7.87,7.87,7.87,7.87,500,2021-06-17 19:31:00,LYTS
7.86,7.86,7.86,7.86,119,2021-06-17 19:32:00,LYTS
7.86,7.91,7.86,7.91,1959,2021-06-17 19:33:00,LYTS
7.91,7.91,7.91,7.91,300,2021-06-17 19:34:00,LYTS
7.91,7.91,7.91,7.91,100,2021-06-17 19:35:00,LYTS
7.91,7.92,7.91,7.91,312,2021-06-17 19:36:00,LYTS
7.91,7.91,7.91,7.91,200,2021-06-17 19:37:00,LYTS
7.9,7.9,7.9,7.9,107,2021-06-17 19:38:00,LYTS
7.905,7.905,7.905,7.905,400,2021-06-17 19:39:00,LYTS
7.9,7.9,7.9,7.9,300,2021-06-17 19:41:00,LYTS
7.88,7.9,7.88,7.9,500,2021-06-17 19:43:00,LYTS
7.87,7.87,7.87,7.87,300,2021-06-17 19:45:00,LYTS
7.86,7.86,7.86,7.86,482,2021-06-17 19:46:00,LYTS
7.86,7.86,7.86,7.86,100,2021-06-17 19:47:00,LYTS
7.85,7.85,7.85,7.85,200,2021-06-17 19:49:00,LYTS
7.85,7.85,7.83,7.835,2188,2021-06-17 19:50:00,LYTS
7.82,7.83,7.82,7.82,800,2021-06-17 19:51:00,LYTS
7.825,7.83,7.81,7.83,1200,2021-06-17 19:52:00,LYTS
7.82,7.83,7.82,7.83,400,2021-06-17 19:53:00,LYTS
7.825,7.83,7.82,7.82,400,2021-06-17 19:54:00,LYTS
7.83,7.84,7.825,7.825,625,2021-06-17 19:55:00,LYTS
7.82,7.835,7.82,7.83,900,2021-06-17 19:56:00,LYTS
7.83,7.84,7.81,7.81,1919,2021-06-17 19:57:00,LYTS
7.81,7.82,7.8,7.8,1169,2021-06-17 19:58:00,LYTS
7.82,7.84,7.8,7.84,2055,2021-06-17 19:59:00,LYTS
7.83,7.83,7.83,7.83,15497,2021-06-17 20:00:00,LYTS
7.83,7.83,7.83,7.83,203,2021-06-17 20:01:00,LYTS
7.69,7.69,7.69,7.69,100,2021-06-18 13:29:00,LYTS
7.68,7.78,7.68,7.74,31237,2021-06-18 13:30:00,LYTS
7.72,7.72,7.69,7.69,500,2021-06-18 13:37:00,LYTS
7.68,7.68,7.68,7.68,200,2021-06-18 13:38:00,LYTS
7.705,7.705,7.625,7.625,500,2021-06-18 13:39:00,LYTS
7.68,7.68,7.68,7.68,100,2021-06-18 13:41:00,LYTS
7.72,7.83,7.68,7.83,1500,2021-06-18 13:46:00,LYTS
7.75,7.75,7.75,7.75,100,2021-06-18 13:48:00,LYTS
7.75,7.75,7.75,7.75,100,2021-06-18 13:49:00,LYTS
7.75,7.75,7.75,7.75,100,2021-06-18 13:50:00,LYTS
7.75,7.75,7.75,7.75,100,2021-06-18 13:51:00,LYTS
7.74,7.74,7.64,7.64,4550,2021-06-18 13:52:00,LYTS
7.64,7.67,7.64,7.67,700,2021-06-18 13:53:00,LYTS
7.66,7.66,7.66,7.66,100,2021-06-18 14:00:00,LYTS
7.6756,7.6756,7.66,7.66,400,2021-06-18 14:02:00,LYTS
7.65,7.65,7.65,7.65,1000,2021-06-18 14:03:00,LYTS
7.63,7.63,7.63,7.63,100,2021-06-18 14:04:00,LYTS
7.63,7.63,7.62,7.62,200,2021-06-18 14:05:00,LYTS
7.63,7.63,7.63,7.63,200,2021-06-18 14:06:00,LYTS
7.63,7.63,7.63,7.63,200,2021-06-18 14:07:00,LYTS
7.62,7.62,7.62,7.62,200,2021-06-18 14:08:00,LYTS
7.62,7.62,7.62,7.62,525,2021-06-18 14:09:00,LYTS
7.62,7.65,7.62,7.6395,4094,2021-06-18 14:11:00,LYTS
7.68,7.68,7.68,7.68,100,2021-06-18 14:12:00,LYTS
7.68,7.68,7.68,7.68,100,2021-06-18 14:15:00,LYTS
7.68,7.68,7.675,7.675,1500,2021-06-18 14:17:00,LYTS
7.675,7.675,7.6686,7.6686,271,2021-06-18 14:18:00,LYTS
7.675,7.675,7.62,7.62,7192,2021-06-18 14:19:00,LYTS
7.61,7.61,7.61,7.61,300,2021-06-18 14:23:00,LYTS
7.58,7.59,7.58,7.59,300,2021-06-18 14:25:00,LYTS
7.5958,7.5958,7.5958,7.5958,1000,2021-06-18 14:27:00,LYTS
7.58,7.59,7.58,7.59,200,2021-06-18 14:30:00,LYTS
7.575,7.575,7.575,7.575,200,2021-06-18 14:31:00,LYTS
7.575,7.575,7.575,7.575,100,2021-06-18 14:32:00,LYTS
7.59,7.595,7.575,7.59,800,2021-06-18 14:33:00,LYTS
7.59,7.59,7.56,7.56,207,2021-06-18 14:34:00,LYTS
7.59,7.59,7.59,7.59,100,2021-06-18 14:35:00,LYTS
7.57,7.57,7.57,7.57,1000,2021-06-18 14:36:00,LYTS
7.609,7.61,7.609,7.61,375,2021-06-18 14:37:00,LYTS
7.64,7.65,7.64,7.65,500,2021-06-18 14:38:00,LYTS
7.68,7.68,7.68,7.68,100,2021-06-18 14:44:00,LYTS
7.67,7.67,7.62,7.62,1497,2021-06-18 14:45:00,LYTS
7.6315,7.65,7.6315,7.65,300,2021-06-18 14:46:00,LYTS
7.64,7.64,7.64,7.64,100,2021-06-18 14:47:00,LYTS
7.645,7.65,7.645,7.6499,1300,2021-06-18 14:48:00,LYTS
7.64,7.64,7.64,7.64,100,2021-06-18 14:52:00,LYTS
7.6422,7.6422,7.6422,7.6422,1000,2021-06-18 14:55:00,LYTS
7.61,7.61,7.61,7.61,1000,2021-06-18 14:56:00,LYTS
7.62,7.64,7.62,7.64,1200,2021-06-18 14:58:00,LYTS
7.645,7.645,7.645,7.645,100,2021-06-18 14:59:00,LYTS
7.645,7.645,7.62,7.62,500,2021-06-18 15:00:00,LYTS
7.62,7.62,7.62,7.62,200,2021-06-18 15:03:00,LYTS
7.62,7.62,7.62,7.62,300,2021-06-18 15:04:00,LYTS
7.62,7.62,7.62,7.62,100,2021-06-18 15:05:00,LYTS
7.61,7.61,7.61,7.61,100,2021-06-18 15:06:00,LYTS
7.62,7.62,7.62,7.62,100,2021-06-18 15:07:00,LYTS
7.62,7.62,7.61,7.61,400,2021-06-18 15:08:00,LYTS
7.6295,7.6295,7.6295,7.6295,100,2021-06-18 15:10:00,LYTS
7.605,7.6295,7.59,7.59,300,2021-06-18 15:11:00,LYTS
7.605,7.605,7.605,7.605,500,2021-06-18 15:12:00,LYTS
7.58,7.58,7.58,7.58,100,2021-06-18 15:13:00,LYTS
7.58,7.5972,7.58,7.58,1200,2021-06-18 15:14:00,LYTS
7.595,7.595,7.58,7.58,1100,2021-06-18 15:15:00,LYTS
7.58,7.58,7.57,7.57,728,2021-06-18 15:16:00,LYTS
7.56,7.58,7.56,7.58,300,2021-06-18 15:17:00,LYTS
7.58,7.58,7.56,7.575,1100,2021-06-18 15:18:00,LYTS
7.5775,7.5775,7.5775,7.5775,100,2021-06-18 15:19:00,LYTS
7.575,7.575,7.575,7.575,200,2021-06-18 15:20:00,LYTS
7.56,7.56,7.56,7.56,100,2021-06-18 15:22:00,LYTS
7.56,7.6,7.56,7.6,3643,2021-06-18 15:23:00,LYTS
7.6,7.6,7.6,7.6,100,2021-06-18 15:24:00,LYTS
7.6,7.6,7.6,7.6,700,2021-06-18 15:25:00,LYTS
7.6,7.6,7.6,7.6,300,2021-06-18 15:26:00,LYTS
7.59,7.59,7.59,7.59,1000,2021-06-18 15:30:00,LYTS
7.59,7.59,7.59,7.59,400,2021-06-18 15:31:00,LYTS
7.61,7.61,7.61,7.61,413,2021-06-18 15:33:00,LYTS
7.61,7.61,7.61,7.61,100,2021-06-18 15:34:00,LYTS
7.63,7.63,7.63,7.63,100,2021-06-18 15:35:00,LYTS
7.655,7.655,7.655,7.655,100,2021-06-18 15:38:00,LYTS
7.63,7.63,7.63,7.63,100,2021-06-18 15:42:00,LYTS
7.655,7.655,7.63,7.645,1242,2021-06-18 15:43:00,LYTS
7.63,7.63,7.63,7.63,100,2021-06-18 15:44:00,LYTS
7.64,7.64,7.64,7.64,100,2021-06-18 15:46:00,LYTS
7.63,7.64,7.59,7.61,3300,2021-06-18 15:47:00,LYTS
7.61,7.61,7.61,7.61,400,2021-06-18 15:48:00,LYTS
7.61,7.63,7.61,7.625,551,2021-06-18 15:49:00,LYTS
7.62,7.65,7.62,7.65,2200,2021-06-18 15:51:00,LYTS
7.64,7.65,7.62,7.62,2239,2021-06-18 15:52:00,LYTS
7.62,7.62,7.6,7.61,3429,2021-06-18 15:53:00,LYTS
7.605,7.65,7.605,7.65,1700,2021-06-18 15:54:00,LYTS
7.65,7.66,7.63,7.63,1400,2021-06-18 15:55:00,LYTS
7.63,7.63,7.56,7.56,4190,2021-06-18 15:56:00,LYTS
7.56,7.61,7.56,7.61,3500,2021-06-18 15:57:00,LYTS
7.65,7.65,7.64,7.64,900,2021-06-18 15:58:00,LYTS
7.64,7.64,7.64,7.64,300,2021-06-18 15:59:00,LYTS
7.68,7.68,7.63,7.63,1000,2021-06-18 16:00:00,LYTS
7.64,7.64,7.62,7.64,500,2021-06-18 16:01:00,LYTS
7.63,7.63,7.63,7.63,700,2021-06-18 16:02:00,LYTS
7.62,7.64,7.61,7.61,1300,2021-06-18 16:04:00,LYTS
7.62,7.62,7.62,7.62,300,2021-06-18 16:05:00,LYTS
7.63,7.63,7.6,7.605,1700,2021-06-18 16:06:00,LYTS
7.6,7.6,7.6,7.6,2700,2021-06-18 16:07:00,LYTS
7.61,7.66,7.61,7.645,2457,2021-06-18 16:08:00,LYTS
7.64,7.64,7.6,7.61,2000,2021-06-18 16:09:00,LYTS
7.67,7.67,7.63,7.63,700,2021-06-18 16:10:00,LYTS
7.64,7.64,7.64,7.64,500,2021-06-18 16:11:00,LYTS
7.645,7.645,7.645,7.645,1100,2021-06-18 16:13:00,LYTS
7.635,7.635,7.635,7.635,1000,2021-06-18 16:15:00,LYTS
7.62,7.62,7.6,7.605,2562,2021-06-18 16:16:00,LYTS
7.6,7.6,7.6,7.6,100,2021-06-18 16:17:00,LYTS
7.61,7.61,7.61,7.61,100,2021-06-18 16:18:00,LYTS
7.6,7.6,7.6,7.6,100,2021-06-18 16:20:00,LYTS
7.61,7.61,7.61,7.61,100,2021-06-18 16:21:00,LYTS
7.61,7.61,7.61,7.61,100,2021-06-18 16:23:00,LYTS
7.62,7.62,7.61,7.62,800,2021-06-18 16:24:00,LYTS
7.615,7.62,7.615,7.62,400,2021-06-18 16:25:00,LYTS
7.62,7.62,7.62,7.62,200,2021-06-18 16:26:00,LYTS
7.62,7.63,7.62,7.63,1800,2021-06-18 16:27:00,LYTS
7.64,7.64,7.63,7.64,600,2021-06-18 16:29:00,LYTS
7.64,7.645,7.63,7.63,1200,2021-06-18 16:30:00,LYTS
7.65,7.65,7.65,7.65,100,2021-06-18 16:32:00,LYTS
7.63,7.63,7.63,7.63,100,2021-06-18 16:33:00,LYTS
7.63,7.63,7.625,7.625,5426,2021-06-18 16:34:00,LYTS
7.61,7.61,7.61,7.61,300,2021-06-18 16:35:00,LYTS
7.61,7.61,7.61,7.61,100,2021-06-18 16:36:00,LYTS
7.6,7.61,7.6,7.6,600,2021-06-18 16:37:00,LYTS
7.62,7.62,7.62,7.62,100,2021-06-18 16:38:00,LYTS
7.6001,7.61,7.6,7.6,1200,2021-06-18 16:39:00,LYTS
7.61,7.61,7.61,7.61,100,2021-06-18 16:40:00,LYTS
7.61,7.61,7.61,7.61,100,2021-06-18 16:42:00,LYTS
7.62,7.62,7.62,7.62,999,2021-06-18 16:43:00,LYTS
7.625,7.63,7.62,7.62,1400,2021-06-18 16:46:00,LYTS
7.63,7.63,7.6275,7.63,3900,2021-06-18 16:47:00,LYTS
7.64,7.64,7.64,7.64,100,2021-06-18 16:48:00,LYTS
7.63,7.63,7.63,7.63,200,2021-06-18 16:52:00,LYTS
7.64,7.64,7.64,7.64,100,2021-06-18 16:54:00,LYTS
7.63,7.63,7.61,7.61,731,2021-06-18 17:00:00,LYTS
7.615,7.615,7.61,7.61,200,2021-06-18 17:01:00,LYTS
7.615,7.615,7.61,7.61,200,2021-06-18 17:03:00,LYTS
7.61,7.61,7.61,7.61,100,2021-06-18 17:04:00,LYTS
7.61,7.61,7.61,7.61,200,2021-06-18 17:05:00,LYTS
7.6,7.6,7.6,7.6,100,2021-06-18 17:06:00,LYTS
7.61,7.61,7.61,7.61,100,2021-06-18 17:07:00,LYTS
7.61,7.61,7.61,7.61,100,2021-06-18 17:08:00,LYTS
7.61,7.61,7.61,7.61,200,2021-06-18 17:09:00,LYTS
7.61,7.62,7.61,7.62,999,2021-06-18 17:10:00,LYTS
7.63,7.65,7.63,7.6425,1600,2021-06-18 17:14:00,LYTS
7.65,7.65,7.65,7.65,100,2021-06-18 17:15:00,LYTS
7.64,7.64,7.63,7.63,500,2021-06-18 17:16:00,LYTS
7.635,7.64,7.635,7.64,900,2021-06-18 17:17:00,LYTS
7.66,7.66,7.645,7.645,1000,2021-06-18 17:20:00,LYTS
7.66,7.66,7.66,7.66,100,2021-06-18 17:21:00,LYTS
7.63,7.645,7.63,7.645,200,2021-06-18 17:24:00,LYTS
7.65,7.66,7.65,7.66,1100,2021-06-18 17:25:00,LYTS
7.66,7.66,7.65,7.65,300,2021-06-18 17:26:00,LYTS
7.64,7.64,7.64,7.64,1288,2021-06-18 17:30:00,LYTS
7.64,7.64,7.625,7.63,3912,2021-06-18 17:31:00,LYTS
7.635,7.64,7.62,7.63,6747,2021-06-18 17:32:00,LYTS
7.65,7.65,7.65,7.65,100,2021-06-18 17:33:00,LYTS
7.695,7.695,7.68,7.685,800,2021-06-18 17:34:00,LYTS
7.685,7.685,7.67,7.67,200,2021-06-18 17:35:00,LYTS
7.705,7.705,7.705,7.705,500,2021-06-18 17:36:00,LYTS
7.705,7.73,7.705,7.73,600,2021-06-18 17:37:00,LYTS
7.7,7.7,7.69,7.69,3086,2021-06-18 17:38:00,LYTS
7.66,7.69,7.66,7.66,535,2021-06-18 17:39:00,LYTS
7.655,7.67,7.655,7.67,3500,2021-06-18 17:40:00,LYTS
7.67,7.68,7.65,7.68,6972,2021-06-18 17:41:00,LYTS
7.68,7.71,7.68,7.695,1312,2021-06-18 17:42:00,LYTS
7.695,7.695,7.67,7.67,1113,2021-06-18 17:43:00,LYTS
7.67,7.7,7.665,7.7,1226,2021-06-18 17:44:00,LYTS
7.7,7.7,7.69,7.69,720,2021-06-18 17:45:00,LYTS
7.68,7.69,7.675,7.68,1728,2021-06-18 17:46:00,LYTS
7.685,7.685,7.67,7.67,1624,2021-06-18 17:47:00,LYTS
7.7,7.7,7.69,7.7,1167,2021-06-18 17:48:00,LYTS
7.7,7.7,7.7,7.7,100,2021-06-18 17:49:00,LYTS
7.7,7.7,7.7,7.7,613,2021-06-18 17:50:00,LYTS
7.7,7.7,7.7,7.7,100,2021-06-18 17:51:00,LYTS
7.73,7.73,7.73,7.73,100,2021-06-18 17:53:00,LYTS
7.725,7.725,7.68,7.68,1952,2021-06-18 17:54:00,LYTS
7.67,7.67,7.66,7.67,2204,2021-06-18 17:55:00,LYTS
7.67,7.67,7.67,7.67,400,2021-06-18 17:56:00,LYTS
7.64,7.69,7.64,7.69,550,2021-06-18 17:57:00,LYTS
7.67,7.69,7.67,7.675,1519,2021-06-18 17:59:00,LYTS
7.69,7.69,7.67,7.67,2350,2021-06-18 18:00:00,LYTS
7.685,7.685,7.66,7.68,2116,2021-06-18 18:01:00,LYTS
7.7,7.7,7.695,7.695,1439,2021-06-18 18:02:00,LYTS
7.73,7.73,7.68,7.7,1000,2021-06-18 18:03:00,LYTS
7.68,7.7,7.66,7.66,2147,2021-06-18 18:04:00,LYTS
7.68,7.76,7.68,7.758,4944,2021-06-18 18:05:00,LYTS
7.74,7.7695,7.74,7.7695,1024,2021-06-18 18:06:00,LYTS
7.773,7.773,7.735,7.76,1262,2021-06-18 18:07:00,LYTS
7.78,7.795,7.78,7.795,611,2021-06-18 18:08:00,LYTS
7.81,7.81,7.81,7.81,300,2021-06-18 18:09:00,LYTS
7.775,7.775,7.775,7.775,100,2021-06-18 18:10:00,LYTS
7.76,7.76,7.72,7.72,900,2021-06-18 18:11:00,LYTS
7.745,7.745,7.745,7.745,100,2021-06-18 18:12:00,LYTS
7.76,7.77,7.76,7.77,300,2021-06-18 18:13:00,LYTS
7.78,7.78,7.78,7.78,135,2021-06-18 18:14:00,LYTS
7.765,7.78,7.765,7.77,1348,2021-06-18 18:15:00,LYTS
7.77,7.77,7.77,7.77,183,2021-06-18 18:16:00,LYTS
7.77,7.77,7.77,7.77,200,2021-06-18 18:17:00,LYTS
7.77,7.77,7.76,7.765,1242,2021-06-18 18:18:00,LYTS
7.7501,7.7501,7.75,7.75,1100,2021-06-18 18:19:00,LYTS
7.755,7.755,7.755,7.755,1100,2021-06-18 18:20:00,LYTS
7.75,7.76,7.74,7.74,1485,2021-06-18 18:22:00,LYTS
7.73,7.73,7.73,7.73,100,2021-06-18 18:26:00,LYTS
7.74,7.745,7.73,7.73,1727,2021-06-18 18:28:00,LYTS
7.715,7.715,7.715,7.715,911,2021-06-18 18:30:00,LYTS
7.69,7.69,7.69,7.69,100,2021-06-18 18:31:00,LYTS
7.715,7.715,7.715,7.715,100,2021-06-18 18:32:00,LYTS
7.72,7.72,7.72,7.72,100,2021-06-18 18:33:00,LYTS
7.71,7.71,7.71,7.71,200,2021-06-18 18:34:00,LYTS
7.7,7.7,7.69,7.69,200,2021-06-18 18:35:00,LYTS
7.715,7.715,7.69,7.69,214,2021-06-18 18:36:00,LYTS
7.69,7.705,7.69,7.7,419,2021-06-18 18:39:00,LYTS
7.705,7.705,7.68,7.68,200,2021-06-18 18:40:00,LYTS
7.68,7.68,7.68,7.68,100,2021-06-18 18:41:00,LYTS
7.68,7.695,7.68,7.695,412,2021-06-18 18:43:00,LYTS
7.67,7.67,7.67,7.67,100,2021-06-18 18:44:00,LYTS
7.7,7.7,7.7,7.7,100,2021-06-18 18:45:00,LYTS
7.69,7.69,7.69,7.69,100,2021-06-18 18:46:00,LYTS
7.69,7.69,7.69,7.69,100,2021-06-18 18:47:00,LYTS
7.68,7.68,7.68,7.68,100,2021-06-18 18:48:00,LYTS
7.67,7.67,7.67,7.67,100,2021-06-18 18:49:00,LYTS
7.68,7.69,7.68,7.68,316,2021-06-18 18:50:00,LYTS
7.68,7.68,7.68,7.68,100,2021-06-18 18:51:00,LYTS
7.68,7.68,7.68,7.68,100,2021-06-18 18:53:00,LYTS
7.69,7.695,7.69,7.695,539,2021-06-18 18:55:00,LYTS
7.67,7.7022,7.67,7.695,1563,2021-06-18 18:58:00,LYTS
7.69,7.69,7.69,7.69,100,2021-06-18 19:00:00,LYTS
7.68,7.7,7.68,7.69,1098,2021-06-18 19:01:00,LYTS
7.69,7.69,7.67,7.69,300,2021-06-18 19:02:00,LYTS
7.69,7.69,7.67,7.67,400,2021-06-18 19:03:00,LYTS
7.69,7.69,7.69,7.69,218,2021-06-18 19:04:00,LYTS
7.7,7.7,7.7,7.7,800,2021-06-18 19:05:00,LYTS
7.68,7.68,7.68,7.68,100,2021-06-18 19:07:00,LYTS
7.7,7.7,7.695,7.695,903,2021-06-18 19:08:00,LYTS
7.7,7.7,7.6912,7.6912,1190,2021-06-18 19:10:00,LYTS
7.695,7.695,7.68,7.68,200,2021-06-18 19:11:00,LYTS
7.695,7.695,7.695,7.695,200,2021-06-18 19:13:00,LYTS
7.7,7.7,7.7,7.7,100,2021-06-18 19:14:00,LYTS
7.7,7.7,7.69,7.69,711,2021-06-18 19:15:00,LYTS
7.67,7.6891,7.67,7.6891,1130,2021-06-18 19:16:00,LYTS
7.68,7.68,7.68,7.68,412,2021-06-18 19:18:00,LYTS
7.68,7.68,7.68,7.68,100,2021-06-18 19:19:00,LYTS
7.68,7.685,7.68,7.685,700,2021-06-18 19:20:00,LYTS
7.68,7.68,7.68,7.68,628,2021-06-18 19:21:00,LYTS
7.68,7.68,7.68,7.68,100,2021-06-18 19:22:00,LYTS
7.69,7.69,7.69,7.69,200,2021-06-18 19:23:00,LYTS
7.7,7.7,7.7,7.7,600,2021-06-18 19:24:00,LYTS
7.7,7.7,7.7,7.7,405,2021-06-18 19:25:00,LYTS
7.7,7.72,7.7,7.7,900,2021-06-18 19:26:00,LYTS
7.7,7.7,7.7,7.7,428,2021-06-18 19:27:00,LYTS
7.7196,7.7196,7.67,7.67,5926,2021-06-18 19:28:00,LYTS
7.66,7.66,7.65,7.65,200,2021-06-18 19:29:00,LYTS
7.68,7.69,7.67,7.67,1570,2021-06-18 19:30:00,LYTS
7.67,7.67,7.67,7.67,300,2021-06-18 19:31:00,LYTS
7.67,7.68,7.66,7.68,700,2021-06-18 19:32:00,LYTS
7.675,7.675,7.675,7.675,1300,2021-06-18 19:33:00,LYTS
7.66,7.66,7.66,7.66,100,2021-06-18 19:34:00,LYTS
7.675,7.675,7.675,7.675,100,2021-06-18 19:35:00,LYTS
7.65,7.655,7.65,7.655,300,2021-06-18 19:36:00,LYTS
7.65,7.665,7.65,7.65,400,2021-06-18 19:38:00,LYTS
7.65,7.65,7.63,7.63,9567,2021-06-18 19:39:00,LYTS
7.64,7.65,7.64,7.645,700,2021-06-18 19:40:00,LYTS
7.65,7.68,7.65,7.68,1549,2021-06-18 19:43:00,LYTS
7.69,7.69,7.69,7.69,500,2021-06-18 19:45:00,LYTS
7.67,7.67,7.67,7.67,200,2021-06-18 19:46:00,LYTS
7.665,7.668,7.658,7.658,500,2021-06-18 19:47:00,LYTS
7.67,7.67,7.64,7.64,700,2021-06-18 19:48:00,LYTS
7.68,7.69,7.66,7.69,1070,2021-06-18 19:49:00,LYTS
7.66,7.66,7.63,7.66,700,2021-06-18 19:50:00,LYTS
7.64,7.655,7.64,7.64,1500,2021-06-18 19:52:00,LYTS
7.67,7.67,7.67,7.67,3700,2021-06-18 19:53:00,LYTS
7.66,7.66,7.66,7.66,300,2021-06-18 19:54:00,LYTS
7.66,7.66,7.66,7.66,1100,2021-06-18 19:55:00,LYTS
7.66,7.695,7.66,7.685,2979,2021-06-18 19:56:00,LYTS
7.68,7.68,7.655,7.67,1900,2021-06-18 19:57:00,LYTS
7.67,7.67,7.65,7.65,2287,2021-06-18 19:58:00,LYTS
7.65,7.67,7.63,7.67,5940,2021-06-18 19:59:00,LYTS
7.66,7.67,7.66,7.67,61207,2021-06-18 20:00:00,LYTS
7.67,7.67,7.67,7.67,1499,2021-06-18 20:01:00,LYTS
7.74,7.74,7.74,7.74,1515,2021-06-21 13:30:00,LYTS
7.695,7.695,7.695,7.695,100,2021-06-21 13:32:00,LYTS
7.72,7.75,7.72,7.75,562,2021-06-21 13:37:00,LYTS
7.76,7.76,7.76,7.76,200,2021-06-21 13:42:00,LYTS
7.72,7.72,7.72,7.72,100,2021-06-21 13:45:00,LYTS
7.745,7.745,7.745,7.745,100,2021-06-21 13:48:00,LYTS
7.75,7.76,7.75,7.75,907,2021-06-21 13:50:00,LYTS
7.765,7.78,7.715,7.725,1400,2021-06-21 13:51:00,LYTS
7.71,7.74,7.71,7.71,300,2021-06-21 13:56:00,LYTS
7.73,7.75,7.73,7.75,2743,2021-06-21 13:58:00,LYTS
7.78,7.78,7.78,7.78,100,2021-06-21 14:00:00,LYTS
7.785,7.785,7.785,7.785,100,2021-06-21 14:01:00,LYTS
7.8,7.8,7.8,7.8,300,2021-06-21 14:03:00,LYTS
7.8,7.8072,7.79,7.8072,970,2021-06-21 14:04:00,LYTS
7.8,7.8,7.79,7.79,1120,2021-06-21 14:05:00,LYTS
7.805,7.805,7.79,7.79,700,2021-06-21 14:06:00,LYTS
7.795,7.795,7.75,7.75,1804,2021-06-21 14:07:00,LYTS
7.78,7.79,7.78,7.79,1700,2021-06-21 14:08:00,LYTS
7.8,7.8,7.785,7.8,300,2021-06-21 14:09:00,LYTS
7.78,7.79,7.74,7.75,11000,2021-06-21 14:10:00,LYTS
7.75,7.8,7.745,7.8,2446,2021-06-21 14:11:00,LYTS
7.775,7.8,7.775,7.795,400,2021-06-21 14:12:00,LYTS
7.795,7.795,7.795,7.795,600,2021-06-21 14:13:00,LYTS
7.79,7.79,7.79,7.79,200,2021-06-21 14:14:00,LYTS
7.81,7.82,7.79,7.8,3600,2021-06-21 14:15:00,LYTS
7.8,7.8,7.79,7.79,3729,2021-06-21 14:16:00,LYTS
7.79,7.79,7.77,7.77,400,2021-06-21 14:17:00,LYTS
7.75,7.75,7.745,7.745,1200,2021-06-21 14:18:00,LYTS
7.74,7.75,7.735,7.74,2800,2021-06-21 14:19:00,LYTS
7.74,7.75,7.74,7.75,1636,2021-06-21 14:20:00,LYTS
7.75,7.79,7.75,7.79,3047,2021-06-21 14:23:00,LYTS
7.78,7.78,7.78,7.78,600,2021-06-21 14:25:00,LYTS
7.77,7.77,7.75,7.755,600,2021-06-21 14:26:00,LYTS
7.75,7.75,7.7327,7.7327,12090,2021-06-21 14:27:00,LYTS
7.75,7.75,7.745,7.745,1200,2021-06-21 14:28:00,LYTS
7.745,7.745,7.745,7.745,200,2021-06-21 14:29:00,LYTS
7.73,7.735,7.71,7.73,600,2021-06-21 14:30:00,LYTS
7.735,7.735,7.735,7.735,300,2021-06-21 14:31:00,LYTS
7.71,7.71,7.71,7.71,100,2021-06-21 14:32:00,LYTS
7.72,7.73,7.72,7.73,400,2021-06-21 14:33:00,LYTS
7.73,7.73,7.73,7.73,100,2021-06-21 14:34:00,LYTS
7.73,7.73,7.73,7.73,200,2021-06-21 14:35:00,LYTS
7.71,7.71,7.71,7.71,200,2021-06-21 14:37:00,LYTS
7.71,7.71,7.71,7.71,100,2021-06-21 14:38:00,LYTS
7.7,7.72,7.7,7.72,200,2021-06-21 14:40:00,LYTS
7.72,7.74,7.71,7.74,21100,2021-06-21 14:41:00,LYTS
7.72,7.72,7.72,7.72,200,2021-06-21 14:43:00,LYTS
7.72,7.735,7.72,7.735,3422,2021-06-21 14:44:00,LYTS
7.75,7.75,7.75,7.75,104,2021-06-21 14:45:00,LYTS
7.73,7.73,7.72,7.72,4165,2021-06-21 14:46:00,LYTS
7.72,7.74,7.72,7.74,300,2021-06-21 14:47:00,LYTS
7.725,7.73,7.725,7.725,15300,2021-06-21 14:48:00,LYTS
7.725,7.73,7.725,7.73,1299,2021-06-21 14:49:00,LYTS
7.73,7.73,7.725,7.73,504,2021-06-21 14:50:00,LYTS
7.725,7.725,7.725,7.725,300,2021-06-21 14:51:00,LYTS
7.72,7.73,7.72,7.73,500,2021-06-21 14:52:00,LYTS
7.73,7.73,7.725,7.73,600,2021-06-21 14:53:00,LYTS
7.725,7.725,7.725,7.725,400,2021-06-21 14:54:00,LYTS
7.725,7.73,7.725,7.73,1300,2021-06-21 14:55:00,LYTS
7.73,7.73,7.725,7.725,400,2021-06-21 14:56:00,LYTS
7.73,7.73,7.725,7.725,200,2021-06-21 14:57:00,LYTS
7.725,7.725,7.725,7.725,100,2021-06-21 14:58:00,LYTS
7.725,7.73,7.72,7.72,400,2021-06-21 14:59:00,LYTS
7.725,7.725,7.725,7.725,100,2021-06-21 15:00:00,LYTS
7.73,7.73,7.725,7.725,1192,2021-06-21 15:01:00,LYTS
7.73,7.73,7.72,7.73,900,2021-06-21 15:02:00,LYTS
7.74,7.74,7.74,7.74,18900,2021-06-21 15:03:00,LYTS
7.74,7.74,7.74,7.74,200,2021-06-21 15:04:00,LYTS
7.74,7.74,7.74,7.74,100,2021-06-21 15:06:00,LYTS
7.745,7.75,7.74,7.75,330,2021-06-21 15:07:00,LYTS
7.74,7.74,7.725,7.73,400,2021-06-21 15:09:00,LYTS
7.73,7.73,7.73,7.73,1431,2021-06-21 15:10:00,LYTS
7.75,7.75,7.75,7.75,420,2021-06-21 15:13:00,LYTS
7.75,7.755,7.75,7.755,600,2021-06-21 15:15:00,LYTS
7.755,7.755,7.755,7.755,100,2021-06-21 15:16:00,LYTS
7.755,7.755,7.755,7.755,100,2021-06-21 15:17:00,LYTS
7.75,7.75,7.74,7.74,1003,2021-06-21 15:18:00,LYTS
7.73,7.74,7.73,7.74,200,2021-06-21 15:20:00,LYTS
7.74,7.74,7.74,7.74,1000,2021-06-21 15:21:00,LYTS
7.75,7.75,7.75,7.75,400,2021-06-21 15:22:00,LYTS
7.74,7.74,7.74,7.74,100,2021-06-21 15:25:00,LYTS
7.745,7.745,7.745,7.745,500,2021-06-21 15:26:00,LYTS
7.76,7.76,7.76,7.76,500,2021-06-21 15:27:00,LYTS
7.745,7.745,7.745,7.745,100,2021-06-21 15:29:00,LYTS
7.73,7.73,7.73,7.73,300,2021-06-21 15:30:00,LYTS
7.71,7.725,7.71,7.725,300,2021-06-21 15:31:00,LYTS
7.71,7.71,7.71,7.71,100,2021-06-21 15:32:00,LYTS
7.71,7.71,7.71,7.71,100,2021-06-21 15:33:00,LYTS
7.72,7.72,7.72,7.72,100,2021-06-21 15:34:00,LYTS
7.7,7.7,7.7,7.7,100,2021-06-21 15:35:00,LYTS
7.73,7.73,7.7,7.715,300,2021-06-21 15:37:00,LYTS
7.7,7.7,7.7,7.7,100,2021-06-21 15:38:00,LYTS
7.7,7.7,7.7,7.7,100,2021-06-21 15:39:00,LYTS
7.7,7.7,7.7,7.7,100,2021-06-21 15:40:00,LYTS
7.71,7.71,7.71,7.71,100,2021-06-21 15:41:00,LYTS
7.72,7.72,7.72,7.72,1057,2021-06-21 15:42:00,LYTS
7.7,7.7,7.7,7.7,100,2021-06-21 15:47:00,LYTS
7.73,7.74,7.73,7.73,1000,2021-06-21 15:48:00,LYTS
7.74,7.75,7.74,7.75,1200,2021-06-21 15:51:00,LYTS
7.755,7.755,7.755,7.755,107,2021-06-21 15:52:00,LYTS
7.75,7.75,7.75,7.75,300,2021-06-21 15:54:00,LYTS
7.75,7.75,7.75,7.75,100,2021-06-21 15:55:00,LYTS
7.75,7.75,7.75,7.75,100,2021-06-21 15:56:00,LYTS
7.74,7.745,7.74,7.745,200,2021-06-21 15:57:00,LYTS
7.75,7.75,7.75,7.75,100,2021-06-21 15:58:00,LYTS
7.74,7.75,7.7312,7.75,4290,2021-06-21 16:00:00,LYTS
7.74,7.74,7.74,7.74,300,2021-06-21 16:01:00,LYTS
7.74,7.74,7.74,7.74,300,2021-06-21 16:04:00,LYTS
7.73,7.75,7.73,7.75,200,2021-06-21 16:06:00,LYTS
7.74,7.74,7.73,7.73,200,2021-06-21 16:07:00,LYTS
7.74,7.74,7.73,7.73,200,2021-06-21 16:08:00,LYTS
7.73,7.73,7.73,7.73,8946,2021-06-21 16:09:00,LYTS
7.72,7.72,7.71,7.71,700,2021-06-21 16:11:00,LYTS
7.71,7.71,7.71,7.71,100,2021-06-21 16:12:00,LYTS
7.71,7.71,7.71,7.71,1073,2021-06-21 16:14:00,LYTS
7.715,7.715,7.715,7.715,100,2021-06-21 16:19:00,LYTS
7.71,7.71,7.69,7.705,600,2021-06-21 16:20:00,LYTS
7.7,7.7,7.7,7.7,100,2021-06-21 16:21:00,LYTS
7.7,7.7,7.7,7.7,800,2021-06-21 16:23:00,LYTS
7.69,7.69,7.69,7.69,300,2021-06-21 16:24:00,LYTS
7.69,7.69,7.69,7.69,300,2021-06-21 16:26:00,LYTS
7.69,7.7,7.69,7.7,3100,2021-06-21 16:27:00,LYTS
7.69,7.69,7.69,7.69,400,2021-06-21 16:28:00,LYTS
7.69,7.69,7.69,7.69,100,2021-06-21 16:29:00,LYTS
7.69,7.7,7.685,7.685,600,2021-06-21 16:30:00,LYTS
7.69,7.715,7.69,7.715,2319,2021-06-21 16:31:00,LYTS
7.725,7.725,7.725,7.725,100,2021-06-21 16:34:00,LYTS
7.735,7.735,7.72,7.72,500,2021-06-21 16:35:00,LYTS
7.71,7.71,7.71,7.71,100,2021-06-21 16:36:00,LYTS
7.72,7.72,7.72,7.72,100,2021-06-21 16:37:00,LYTS
7.71,7.71,7.71,7.71,100,2021-06-21 16:38:00,LYTS
7.72,7.72,7.72,7.72,700,2021-06-21 16:40:00,LYTS
7.71,7.71,7.71,7.71,800,2021-06-21 16:42:00,LYTS
7.7,7.71,7.7,7.71,700,2021-06-21 16:46:00,LYTS
7.72,7.72,7.72,7.72,100,2021-06-21 16:48:00,LYTS
7.725,7.725,7.725,7.725,100,2021-06-21 16:50:00,LYTS
7.73,7.76,7.73,7.76,5905,2021-06-21 16:51:00,LYTS
7.76,7.76,7.76,7.76,300,2021-06-21 16:55:00,LYTS
7.75,7.77,7.75,7.76,5500,2021-06-21 16:56:00,LYTS
7.76,7.76,7.76,7.76,100,2021-06-21 16:57:00,LYTS
7.8,7.8,7.8,7.8,200,2021-06-21 16:58:00,LYTS
7.7899,7.7899,7.76,7.76,200,2021-06-21 17:00:00,LYTS
7.76,7.76,7.76,7.76,300,2021-06-21 17:02:00,LYTS
7.75,7.76,7.745,7.76,1600,2021-06-21 17:06:00,LYTS
7.76,7.78,7.76,7.77,2008,2021-06-21 17:07:00,LYTS
7.77,7.78,7.77,7.77,700,2021-06-21 17:08:00,LYTS
7.76,7.77,7.755,7.76,2099,2021-06-21 17:09:00,LYTS
7.75,7.76,7.745,7.76,6500,2021-06-21 17:10:00,LYTS
7.74,7.75,7.74,7.745,1800,2021-06-21 17:15:00,LYTS
7.745,7.75,7.745,7.75,1800,2021-06-21 17:16:00,LYTS
7.755,7.755,7.75,7.75,400,2021-06-21 17:18:00,LYTS
7.75,7.75,7.75,7.75,100,2021-06-21 17:19:00,LYTS
7.75,7.75,7.75,7.75,100,2021-06-21 17:21:00,LYTS
7.75,7.75,7.75,7.75,100,2021-06-21 17:22:00,LYTS
7.75,7.75,7.75,7.75,200,2021-06-21 17:23:00,LYTS
7.755,7.755,7.73,7.73,1990,2021-06-21 17:24:00,LYTS
7.73,7.73,7.73,7.73,300,2021-06-21 17:27:00,LYTS
7.72,7.72,7.72,7.72,200,2021-06-21 17:28:00,LYTS
7.72,7.72,7.715,7.72,1325,2021-06-21 17:29:00,LYTS
7.72,7.72,7.72,7.72,638,2021-06-21 17:30:00,LYTS
7.715,7.715,7.715,7.715,100,2021-06-21 17:36:00,LYTS
7.72,7.72,7.71,7.71,200,2021-06-21 17:38:00,LYTS
7.72,7.72,7.72,7.72,100,2021-06-21 17:41:00,LYTS
7.71,7.71,7.71,7.71,100,2021-06-21 17:43:00,LYTS
7.71,7.71,7.69,7.69,900,2021-06-21 17:44:00,LYTS
7.68,7.68,7.68,7.68,100,2021-06-21 17:46:00,LYTS
7.68,7.69,7.68,7.68,1406,2021-06-21 17:49:00,LYTS
7.68,7.68,7.68,7.68,100,2021-06-21 17:50:00,LYTS
7.68,7.7,7.68,7.7,200,2021-06-21 17:51:00,LYTS
7.695,7.7183,7.695,7.71,2687,2021-06-21 17:52:00,LYTS
7.71,7.73,7.71,7.73,300,2021-06-21 17:56:00,LYTS
7.71,7.71,7.71,7.71,100,2021-06-21 17:58:00,LYTS
7.73,7.73,7.72,7.73,1258,2021-06-21 18:00:00,LYTS
7.73,7.73,7.73,7.73,100,2021-06-21 18:03:00,LYTS
7.72,7.72,7.72,7.72,600,2021-06-21 18:04:00,LYTS
7.7,7.7,7.7,7.7,100,2021-06-21 18:07:00,LYTS
7.69,7.72,7.69,7.72,678,2021-06-21 18:08:00,LYTS
7.72,7.725,7.72,7.72,900,2021-06-21 18:09:00,LYTS
7.725,7.73,7.72,7.73,5300,2021-06-21 18:10:00,LYTS
7.72,7.72,7.71,7.71,5400,2021-06-21 18:16:00,LYTS
7.72,7.72,7.72,7.72,600,2021-06-21 18:17:00,LYTS
7.72,7.72,7.72,7.72,300,2021-06-21 18:18:00,LYTS
7.73,7.73,7.72,7.72,200,2021-06-21 18:19:00,LYTS
7.72,7.72,7.715,7.715,400,2021-06-21 18:20:00,LYTS
7.72,7.72,7.72,7.72,100,2021-06-21 18:22:00,LYTS
7.715,7.72,7.715,7.72,400,2021-06-21 18:23:00,LYTS
7.72,7.72,7.715,7.72,2263,2021-06-21 18:25:00,LYTS
7.72,7.72,7.715,7.72,8710,2021-06-21 18:26:00,LYTS
7.72,7.72,7.72,7.72,200,2021-06-21 18:27:00,LYTS
7.715,7.715,7.715,7.715,5000,2021-06-21 18:28:00,LYTS
7.72,7.72,7.715,7.72,1100,2021-06-21 18:30:00,LYTS
7.73,7.73,7.72,7.73,601,2021-06-21 18:33:00,LYTS
7.73,7.73,7.72,7.72,1216,2021-06-21 18:36:00,LYTS
7.725,7.73,7.725,7.73,1594,2021-06-21 18:38:00,LYTS
7.73,7.74,7.73,7.73,1200,2021-06-21 18:39:00,LYTS
7.73,7.73,7.73,7.73,200,2021-06-21 18:40:00,LYTS
7.725,7.725,7.72,7.725,6818,2021-06-21 18:42:00,LYTS
7.73,7.73,7.73,7.73,100,2021-06-21 18:43:00,LYTS
7.725,7.74,7.72,7.73,1497,2021-06-21 18:45:00,LYTS
7.73,7.73,7.73,7.73,100,2021-06-21 18:50:00,LYTS
7.72,7.73,7.72,7.73,200,2021-06-21 18:53:00,LYTS
7.74,7.74,7.74,7.74,100,2021-06-21 18:55:00,LYTS
7.72,7.72,7.72,7.72,100,2021-06-21 18:56:00,LYTS
7.725,7.725,7.725,7.725,300,2021-06-21 19:00:00,LYTS
7.73,7.73,7.73,7.73,300,2021-06-21 19:02:00,LYTS
7.74,7.74,7.74,7.74,100,2021-06-21 19:03:00,LYTS
7.73,7.73,7.73,7.73,231,2021-06-21 19:05:00,LYTS
7.75,7.75,7.75,7.75,100,2021-06-21 19:08:00,LYTS
7.75,7.75,7.74,7.75,3159,2021-06-21 19:10:00,LYTS
7.75,7.75,7.75,7.75,100,2021-06-21 19:11:00,LYTS
7.76,7.76,7.76,7.76,100,2021-06-21 19:13:00,LYTS
7.75,7.76,7.75,7.76,200,2021-06-21 19:17:00,LYTS
7.76,7.76,7.75,7.75,300,2021-06-21 19:18:00,LYTS
7.75,7.75,7.745,7.745,6478,2021-06-21 19:19:00,LYTS
7.745,7.745,7.745,7.745,100,2021-06-21 19:20:00,LYTS
7.74,7.74,7.74,7.74,100,2021-06-21 19:21:00,LYTS
7.74,7.74,7.74,7.74,100,2021-06-21 19:22:00,LYTS
7.74,7.74,7.74,7.74,100,2021-06-21 19:23:00,LYTS
7.74,7.74,7.74,7.74,100,2021-06-21 19:24:00,LYTS
7.74,7.745,7.735,7.735,1780,2021-06-21 19:25:00,LYTS
7.735,7.74,7.735,7.735,16800,2021-06-21 19:27:00,LYTS
7.735,7.735,7.735,7.735,100,2021-06-21 19:28:00,LYTS
7.735,7.735,7.73,7.73,200,2021-06-21 19:29:00,LYTS
7.73,7.7375,7.73,7.73,3422,2021-06-21 19:30:00,LYTS
7.73,7.735,7.73,7.735,200,2021-06-21 19:31:00,LYTS
7.735,7.735,7.72,7.72,7930,2021-06-21 19:32:00,LYTS
7.715,7.73,7.715,7.73,300,2021-06-21 19:33:00,LYTS
7.72,7.72,7.72,7.72,200,2021-06-21 19:34:00,LYTS
7.71,7.71,7.71,7.71,100,2021-06-21 19:35:00,LYTS
7.72,7.72,7.71,7.71,300,2021-06-21 19:36:00,LYTS
7.71,7.71,7.71,7.71,200,2021-06-21 19:37:00,LYTS
7.71,7.71,7.705,7.71,2300,2021-06-21 19:38:00,LYTS
7.71,7.715,7.71,7.715,420,2021-06-21 19:39:00,LYTS
7.72,7.72,7.72,7.72,600,2021-06-21 19:45:00,LYTS
7.715,7.715,7.715,7.715,100,2021-06-21 19:49:00,LYTS
7.72,7.72,7.715,7.715,2501,2021-06-21 19:50:00,LYTS
7.715,7.715,7.715,7.715,100,2021-06-21 19:51:00,LYTS
7.71,7.71,7.71,7.71,886,2021-06-21 19:52:00,LYTS
7.71,7.71,7.7,7.7,960,2021-06-21 19:53:00,LYTS
7.7,7.71,7.7,7.71,2174,2021-06-21 19:54:00,LYTS
7.71,7.71,7.7,7.7,6382,2021-06-21 19:55:00,LYTS
7.695,7.7,7.68,7.685,1156,2021-06-21 19:56:00,LYTS
7.685,7.685,7.66,7.66,1000,2021-06-21 19:57:00,LYTS
7.68,7.71,7.68,7.71,1454,2021-06-21 19:58:00,LYTS
7.7,7.73,7.7,7.72,1444,2021-06-21 19:59:00,LYTS
7.72,7.72,7.72,7.72,13974,2021-06-21 20:00:00,LYTS
7.72,7.72,7.72,7.72,804,2021-06-21 20:01:00,LYTS
7.83,7.83,7.83,7.83,100,2021-06-21 23:37:00,LYTS
7.74,7.74,7.74,7.74,100,2021-06-22 13:29:00,LYTS
7.75,7.75,7.7,7.7,4382,2021-06-22 13:30:00,LYTS
7.7687,7.7687,7.7687,7.7687,1000,2021-06-22 13:33:00,LYTS
7.67,7.67,7.67,7.67,100,2021-06-22 13:36:00,LYTS
7.65,7.6518,7.6,7.6,2392,2021-06-22 13:39:00,LYTS
7.6,7.6,7.6,7.6,100,2021-06-22 13:44:00,LYTS
7.66,7.66,7.63,7.66,600,2021-06-22 13:45:00,LYTS
7.66,7.66,7.66,7.66,100,2021-06-22 13:46:00,LYTS
7.6,7.6,7.6,7.6,1200,2021-06-22 13:49:00,LYTS
7.6,7.6,7.6,7.6,100,2021-06-22 13:50:00,LYTS
7.63,7.64,7.56,7.56,4862,2021-06-22 13:52:00,LYTS
7.56,7.59,7.56,7.59,2399,2021-06-22 14:01:00,LYTS
7.56,7.56,7.56,7.56,1700,2021-06-22 14:02:00,LYTS
7.56,7.56,7.56,7.56,100,2021-06-22 14:03:00,LYTS
7.56,7.56,7.56,7.56,100,2021-06-22 14:04:00,LYTS
7.575,7.575,7.575,7.575,100,2021-06-22 14:05:00,LYTS
7.56,7.56,7.56,7.56,100,2021-06-22 14:06:00,LYTS
7.56,7.57,7.54,7.57,2350,2021-06-22 14:07:00,LYTS
7.555,7.555,7.54,7.54,500,2021-06-22 14:08:00,LYTS
7.52,7.52,7.52,7.52,200,2021-06-22 14:09:00,LYTS
7.53,7.53,7.525,7.53,1251,2021-06-22 14:10:00,LYTS
7.54,7.54,7.54,7.54,100,2021-06-22 14:15:00,LYTS
7.52,7.53,7.52,7.53,400,2021-06-22 14:19:00,LYTS
7.535,7.535,7.535,7.535,400,2021-06-22 14:20:00,LYTS
7.53,7.53,7.5,7.5,1447,2021-06-22 14:23:00,LYTS
7.5,7.5,7.5,7.5,3280,2021-06-22 14:24:00,LYTS
7.505,7.51,7.46,7.46,4843,2021-06-22 14:26:00,LYTS
7.47,7.47,7.47,7.47,100,2021-06-22 14:28:00,LYTS
7.4762,7.4762,7.45,7.45,3977,2021-06-22 14:29:00,LYTS
7.47,7.49,7.47,7.49,823,2021-06-22 14:30:00,LYTS
7.49,7.49,7.48,7.48,1466,2021-06-22 14:31:00,LYTS
7.505,7.52,7.505,7.52,2500,2021-06-22 14:32:00,LYTS
7.5,7.5,7.5,7.5,100,2021-06-22 14:37:00,LYTS
7.5,7.5,7.5,7.5,100,2021-06-22 14:39:00,LYTS
7.535,7.55,7.535,7.55,300,2021-06-22 14:43:00,LYTS
7.52,7.52,7.52,7.52,400,2021-06-22 14:46:00,LYTS
7.525,7.525,7.525,7.525,300,2021-06-22 14:48:00,LYTS
7.525,7.525,7.525,7.525,100,2021-06-22 14:49:00,LYTS
7.52,7.52,7.52,7.52,100,2021-06-22 14:51:00,LYTS
7.51,7.51,7.49,7.495,1941,2021-06-22 14:52:00,LYTS
7.51,7.51,7.495,7.51,3467,2021-06-22 14:55:00,LYTS
7.53,7.53,7.53,7.53,100,2021-06-22 14:58:00,LYTS
7.52,7.52,7.52,7.52,100,2021-06-22 15:00:00,LYTS
7.52,7.52,7.52,7.52,100,2021-06-22 15:02:00,LYTS
7.52,7.525,7.52,7.525,1296,2021-06-22 15:04:00,LYTS
7.525,7.55,7.525,7.54,3662,2021-06-22 15:06:00,LYTS
7.54,7.54,7.54,7.54,100,2021-06-22 15:07:00,LYTS
7.5483,7.5483,7.5483,7.5483,390,2021-06-22 15:08:00,LYTS
7.54,7.54,7.54,7.54,100,2021-06-22 15:09:00,LYTS
7.54,7.54,7.53,7.53,500,2021-06-22 15:10:00,LYTS
7.52,7.52,7.51,7.515,4526,2021-06-22 15:11:00,LYTS
7.5189,7.52,7.515,7.52,1010,2021-06-22 15:12:00,LYTS
7.515,7.535,7.515,7.535,665,2021-06-22 15:13:00,LYTS
7.55,7.55,7.55,7.55,1961,2021-06-22 15:15:00,LYTS
7.54,7.54,7.54,7.54,300,2021-06-22 15:16:00,LYTS
7.54,7.54,7.54,7.54,100,2021-06-22 15:17:00,LYTS
7.54,7.555,7.54,7.555,300,2021-06-22 15:19:00,LYTS
7.54,7.54,7.54,7.54,100,2021-06-22 15:21:00,LYTS
7.56,7.56,7.54,7.545,2400,2021-06-22 15:22:00,LYTS
7.545,7.545,7.5103,7.5103,1250,2021-06-22 15:23:00,LYTS
7.52,7.52,7.515,7.515,2200,2021-06-22 15:24:00,LYTS
7.52,7.52,7.515,7.515,300,2021-06-22 15:25:00,LYTS
7.52,7.53,7.515,7.52,1100,2021-06-22 15:28:00,LYTS
7.525,7.5291,7.525,7.5291,1000,2021-06-22 15:30:00,LYTS
7.525,7.525,7.525,7.525,200,2021-06-22 15:32:00,LYTS
7.525,7.525,7.525,7.525,100,2021-06-22 15:35:00,LYTS
7.52,7.52,7.52,7.52,100,2021-06-22 15:36:00,LYTS
7.515,7.515,7.515,7.515,200,2021-06-22 15:37:00,LYTS
7.515,7.515,7.515,7.515,100,2021-06-22 15:38:00,LYTS
7.51,7.51,7.48,7.4804,5349,2021-06-22 15:40:00,LYTS
7.4821,7.4821,7.4821,7.4821,190,2021-06-22 15:41:00,LYTS
7.48,7.48,7.46,7.46,1085,2021-06-22 15:44:00,LYTS
7.45,7.45,7.42,7.42,1850,2021-06-22 15:45:00,LYTS
7.445,7.5,7.445,7.465,1800,2021-06-22 15:48:00,LYTS
7.5,7.53,7.5,7.52,3590,2021-06-22 15:49:00,LYTS
7.51,7.51,7.495,7.495,200,2021-06-22 15:50:00,LYTS
7.51,7.51,7.495,7.51,600,2021-06-22 15:51:00,LYTS
7.53,7.53,7.53,7.53,100,2021-06-22 16:00:00,LYTS
7.54,7.5401,7.53,7.5401,1400,2021-06-22 16:01:00,LYTS
7.54,7.54,7.47,7.47,3300,2021-06-22 16:02:00,LYTS
7.47,7.48,7.46,7.47,3113,2021-06-22 16:03:00,LYTS
7.47,7.47,7.47,7.47,100,2021-06-22 16:04:00,LYTS
7.47,7.48,7.47,7.48,1400,2021-06-22 16:05:00,LYTS
7.51,7.52,7.51,7.52,400,2021-06-22 16:08:00,LYTS
7.53,7.53,7.53,7.53,100,2021-06-22 16:09:00,LYTS
7.52,7.52,7.51,7.52,400,2021-06-22 16:10:00,LYTS
7.51,7.51,7.51,7.51,300,2021-06-22 16:11:00,LYTS
7.51,7.51,7.5,7.5,500,2021-06-22 16:12:00,LYTS
7.51,7.51,7.51,7.51,200,2021-06-22 16:13:00,LYTS
7.495,7.51,7.495,7.51,2760,2021-06-22 16:15:00,LYTS
7.505,7.505,7.5,7.5,1000,2021-06-22 16:16:00,LYTS
7.5,7.5099,7.5,7.5,4305,2021-06-22 16:17:00,LYTS
7.505,7.51,7.5,7.505,4639,2021-06-22 16:18:00,LYTS
7.5,7.5,7.5,7.5,100,2021-06-22 16:20:00,LYTS
7.5,7.5,7.5,7.5,100,2021-06-22 16:26:00,LYTS
7.51,7.51,7.51,7.51,100,2021-06-22 16:35:00,LYTS
7.51,7.51,7.51,7.51,206,2021-06-22 16:40:00,LYTS
7.505,7.505,7.5,7.5,200,2021-06-22 16:41:00,LYTS
7.51,7.51,7.505,7.51,1707,2021-06-22 16:42:00,LYTS
7.512,7.512,7.512,7.512,500,2021-06-22 16:45:00,LYTS
7.5,7.52,7.5,7.52,600,2021-06-22 16:48:00,LYTS
7.5,7.5,7.5,7.5,505,2021-06-22 17:02:00,LYTS
7.5,7.5,7.5,7.5,500,2021-06-22 17:03:00,LYTS
7.5,7.5,7.5,7.5,100,2021-06-22 17:05:00,LYTS
7.5,7.5,7.5,7.5,100,2021-06-22 17:07:00,LYTS
7.5,7.5,7.5,7.5,100,2021-06-22 17:11:00,LYTS
7.5,7.51,7.5,7.51,1256,2021-06-22 17:12:00,LYTS
7.5,7.5,7.5,7.5,500,2021-06-22 17:16:00,LYTS
7.5,7.5,7.5,7.5,600,2021-06-22 17:18:00,LYTS
7.52,7.52,7.51,7.5173,565,2021-06-22 17:20:00,LYTS
7.51,7.51,7.51,7.51,200,2021-06-22 17:23:00,LYTS
7.51,7.52,7.51,7.52,1600,2021-06-22 17:24:00,LYTS
7.51,7.51,7.51,7.51,200,2021-06-22 17:25:00,LYTS
7.5,7.52,7.5,7.52,600,2021-06-22 17:27:00,LYTS
7.505,7.505,7.505,7.505,400,2021-06-22 17:28:00,LYTS
7.5,7.5,7.5,7.5,100,2021-06-22 17:29:00,LYTS
7.5,7.5,7.5,7.5,100,2021-06-22 17:30:00,LYTS
7.51,7.51,7.51,7.51,100,2021-06-22 17:31:00,LYTS
7.51,7.51,7.51,7.51,200,2021-06-22 17:33:00,LYTS
7.505,7.505,7.505,7.505,100,2021-06-22 17:34:00,LYTS
7.505,7.51,7.505,7.505,300,2021-06-22 17:37:00,LYTS
7.505,7.505,7.505,7.505,100,2021-06-22 17:38:00,LYTS
7.505,7.505,7.505,7.505,2700,2021-06-22 17:39:00,LYTS
7.505,7.505,7.5,7.505,2800,2021-06-22 17:40:00,LYTS
7.51,7.51,7.51,7.51,400,2021-06-22 17:41:00,LYTS
7.51,7.51,7.505,7.505,1104,2021-06-22 17:43:00,LYTS
7.505,7.505,7.505,7.505,1900,2021-06-22 17:46:00,LYTS
7.505,7.505,7.505,7.505,100,2021-06-22 17:49:00,LYTS
7.51,7.51,7.51,7.51,1090,2021-06-22 17:51:00,LYTS
7.505,7.51,7.505,7.51,799,2021-06-22 17:52:00,LYTS
7.5,7.5,7.5,7.5,600,2021-06-22 17:53:00,LYTS
7.52,7.52,7.52,7.52,300,2021-06-22 18:01:00,LYTS
7.51,7.51,7.51,7.51,500,2021-06-22 18:02:00,LYTS
7.5175,7.5175,7.515,7.515,500,2021-06-22 18:06:00,LYTS
7.515,7.515,7.515,7.515,100,2021-06-22 18:09:00,LYTS
7.515,7.52,7.515,7.52,440,2021-06-22 18:10:00,LYTS
7.515,7.52,7.515,7.515,700,2021-06-22 18:11:00,LYTS
7.52,7.52,7.515,7.515,1880,2021-06-22 18:15:00,LYTS
7.515,7.52,7.515,7.52,9578,2021-06-22 18:16:00,LYTS
7.52,7.54,7.52,7.54,4289,2021-06-22 18:17:00,LYTS
7.54,7.54,7.54,7.54,300,2021-06-22 18:19:00,LYTS
7.55,7.55,7.55,7.55,2195,2021-06-22 18:20:00,LYTS
7.57,7.57,7.57,7.57,100,2021-06-22 18:21:00,LYTS
7.56,7.58,7.56,7.58,1600,2021-06-22 18:22:00,LYTS
7.58,7.6,7.52,7.52,6838,2021-06-22 18:23:00,LYTS
7.53,7.58,7.53,7.57,9550,2021-06-22 18:24:00,LYTS
7.59,7.59,7.58,7.58,200,2021-06-22 18:25:00,LYTS
7.64,7.64,7.59,7.59,2600,2021-06-22 18:26:00,LYTS
7.62,7.62,7.62,7.62,100,2021-06-22 18:27:00,LYTS
7.6,7.6,7.6,7.6,100,2021-06-22 18:28:00,LYTS
7.6,7.6001,7.58,7.58,2426,2021-06-22 18:29:00,LYTS
7.59,7.6,7.57,7.57,1000,2021-06-22 18:30:00,LYTS
7.56,7.56,7.56,7.56,100,2021-06-22 18:31:00,LYTS
7.57,7.58,7.57,7.58,765,2021-06-22 18:36:00,LYTS
7.57,7.57,7.57,7.57,700,2021-06-22 18:37:00,LYTS
7.56,7.58,7.56,7.58,2133,2021-06-22 18:38:00,LYTS
7.58,7.58,7.58,7.58,500,2021-06-22 18:44:00,LYTS
7.59,7.61,7.59,7.61,200,2021-06-22 18:46:00,LYTS
7.6,7.6,7.6,7.6,210,2021-06-22 18:48:00,LYTS
7.59,7.59,7.58,7.58,306,2021-06-22 18:49:00,LYTS
7.56,7.56,7.56,7.56,200,2021-06-22 18:51:00,LYTS
7.56,7.56,7.56,7.56,500,2021-06-22 18:53:00,LYTS
7.56,7.56,7.56,7.56,200,2021-06-22 18:54:00,LYTS
7.55,7.55,7.55,7.55,100,2021-06-22 18:56:00,LYTS
7.55,7.55,7.55,7.55,300,2021-06-22 18:57:00,LYTS
7.55,7.55,7.55,7.55,100,2021-06-22 19:01:00,LYTS
7.55,7.55,7.55,7.55,200,2021-06-22 19:02:00,LYTS
7.56,7.56,7.56,7.56,400,2021-06-22 19:04:00,LYTS
7.55,7.55,7.52,7.52,600,2021-06-22 19:05:00,LYTS
7.535,7.535,7.535,7.535,200,2021-06-22 19:06:00,LYTS
7.52,7.535,7.52,7.535,200,2021-06-22 19:08:00,LYTS
7.53,7.53,7.53,7.53,2858,2021-06-22 19:09:00,LYTS
7.53,7.53,7.52,7.52,400,2021-06-22 19:10:00,LYTS
7.52,7.53,7.52,7.52,2157,2021-06-22 19:11:00,LYTS
7.52,7.52,7.515,7.515,3300,2021-06-22 19:12:00,LYTS
7.52,7.52,7.51,7.515,300,2021-06-22 19:13:00,LYTS
7.5,7.5,7.5,7.5,100,2021-06-22 19:14:00,LYTS
7.515,7.515,7.515,7.515,200,2021-06-22 19:15:00,LYTS
7.515,7.515,7.5,7.515,1400,2021-06-22 19:16:00,LYTS
7.53,7.53,7.51,7.51,300,2021-06-22 19:17:00,LYTS
7.52,7.53,7.52,7.52,7300,2021-06-22 19:18:00,LYTS
7.52,7.52,7.52,7.52,500,2021-06-22 19:19:00,LYTS
7.52,7.545,7.52,7.545,7400,2021-06-22 19:20:00,LYTS
7.545,7.55,7.545,7.55,3159,2021-06-22 19:21:00,LYTS
7.55,7.55,7.55,7.55,700,2021-06-22 19:22:00,LYTS
7.54,7.55,7.54,7.55,800,2021-06-22 19:24:00,LYTS
7.55,7.55,7.55,7.55,116,2021-06-22 19:26:00,LYTS
7.54,7.54,7.54,7.54,100,2021-06-22 19:27:00,LYTS
7.54,7.54,7.54,7.54,776,2021-06-22 19:28:00,LYTS
7.52,7.535,7.52,7.535,700,2021-06-22 19:30:00,LYTS
7.535,7.535,7.529,7.529,228,2021-06-22 19:31:00,LYTS
7.53,7.54,7.53,7.535,961,2021-06-22 19:32:00,LYTS
7.535,7.535,7.535,7.535,500,2021-06-22 19:33:00,LYTS
7.535,7.535,7.535,7.535,300,2021-06-22 19:34:00,LYTS
7.535,7.54,7.53,7.54,2052,2021-06-22 19:35:00,LYTS
7.53,7.54,7.53,7.54,1900,2021-06-22 19:36:00,LYTS
7.54,7.54,7.535,7.54,400,2021-06-22 19:37:00,LYTS
7.54,7.54,7.54,7.54,200,2021-06-22 19:38:00,LYTS
7.54,7.54,7.535,7.535,800,2021-06-22 19:39:00,LYTS
7.535,7.535,7.525,7.53,871,2021-06-22 19:40:00,LYTS
7.525,7.525,7.52,7.52,2600,2021-06-22 19:41:00,LYTS
7.52,7.52,7.51,7.51,900,2021-06-22 19:42:00,LYTS
7.51,7.51,7.5,7.51,406,2021-06-22 19:43:00,LYTS
7.51,7.51,7.505,7.51,3253,2021-06-22 19:44:00,LYTS
7.525,7.54,7.525,7.54,400,2021-06-22 19:45:00,LYTS
7.52,7.54,7.52,7.54,300,2021-06-22 19:47:00,LYTS
7.53,7.53,7.53,7.53,300,2021-06-22 19:48:00,LYTS
7.53,7.54,7.53,7.54,2400,2021-06-22 19:49:00,LYTS
7.55,7.57,7.55,7.57,1224,2021-06-22 19:50:00,LYTS
7.55,7.55,7.55,7.55,130,2021-06-22 19:51:00,LYTS
7.56,7.56,7.52,7.53,2167,2021-06-22 19:52:00,LYTS
7.55,7.57,7.545,7.57,3529,2021-06-22 19:54:00,LYTS
7.57,7.57,7.56,7.56,700,2021-06-22 19:55:00,LYTS
7.57,7.57,7.56,7.57,2711,2021-06-22 19:56:00,LYTS
7.56,7.58,7.56,7.56,820,2021-06-22 19:57:00,LYTS
7.555,7.56,7.55,7.55,2418,2021-06-22 19:58:00,LYTS
7.55,7.57,7.53,7.56,3555,2021-06-22 19:59:00,LYTS
7.57,7.57,7.57,7.57,32822,2021-06-22 20:00:00,LYTS
7.6,7.6,7.6,7.6,963,2021-06-23 13:30:00,LYTS
7.59,7.59,7.55,7.55,2468,2021-06-23 13:36:00,LYTS
7.52,7.52,7.52,7.52,100,2021-06-23 13:38:00,LYTS
7.52,7.52,7.52,7.52,368,2021-06-23 13:39:00,LYTS
7.535,7.535,7.535,7.535,100,2021-06-23 13:42:00,LYTS
7.53,7.53,7.5001,7.5001,200,2021-06-23 13:45:00,LYTS
7.54,7.54,7.54,7.54,200,2021-06-23 13:47:00,LYTS
7.545,7.545,7.545,7.545,100,2021-06-23 13:50:00,LYTS
7.545,7.56,7.545,7.56,200,2021-06-23 13:51:00,LYTS
7.54,7.54,7.54,7.54,300,2021-06-23 13:53:00,LYTS
7.54,7.54,7.54,7.54,105,2021-06-23 13:54:00,LYTS
7.53,7.535,7.53,7.53,1100,2021-06-23 13:56:00,LYTS
7.53,7.53,7.53,7.53,100,2021-06-23 13:57:00,LYTS
7.51,7.52,7.51,7.52,300,2021-06-23 13:58:00,LYTS
7.52,7.54,7.5,7.5,2800,2021-06-23 13:59:00,LYTS
7.52,7.52,7.52,7.52,2600,2021-06-23 14:01:00,LYTS
7.5,7.52,7.5,7.52,300,2021-06-23 14:02:00,LYTS
7.52,7.52,7.52,7.52,6100,2021-06-23 14:03:00,LYTS
7.52,7.52,7.52,7.52,200,2021-06-23 14:04:00,LYTS
7.53,7.53,7.52,7.52,1422,2021-06-23 14:05:00,LYTS
7.53,7.53,7.53,7.53,100,2021-06-23 14:06:00,LYTS
7.52,7.52,7.52,7.52,204,2021-06-23 14:08:00,LYTS
7.53,7.54,7.53,7.54,4836,2021-06-23 14:09:00,LYTS
7.555,7.555,7.555,7.555,200,2021-06-23 14:12:00,LYTS
7.55,7.55,7.55,7.55,2500,2021-06-23 14:13:00,LYTS
7.55,7.57,7.55,7.55,2800,2021-06-23 14:14:00,LYTS
7.55,7.55,7.55,7.55,800,2021-06-23 14:15:00,LYTS
7.56,7.56,7.545,7.56,300,2021-06-23 14:17:00,LYTS
7.535,7.535,7.53,7.53,2230,2021-06-23 14:19:00,LYTS
7.53,7.53,7.53,7.53,300,2021-06-23 14:20:00,LYTS
7.52,7.52,7.52,7.52,100,2021-06-23 14:22:00,LYTS
7.52,7.52,7.51,7.51,200,2021-06-23 14:23:00,LYTS
7.51,7.52,7.51,7.515,1100,2021-06-23 14:24:00,LYTS
7.51,7.52,7.51,7.5175,1960,2021-06-23 14:25:00,LYTS
7.515,7.515,7.515,7.515,667,2021-06-23 14:26:00,LYTS
7.515,7.515,7.515,7.515,161,2021-06-23 14:27:00,LYTS
7.5,7.5,7.5,7.5,100,2021-06-23 14:30:00,LYTS
7.5,7.5,7.5,7.5,100,2021-06-23 14:31:00,LYTS
7.5,7.5,7.49,7.495,1003,2021-06-23 14:34:00,LYTS
7.495,7.495,7.495,7.495,2600,2021-06-23 14:35:00,LYTS
7.48,7.48,7.48,7.48,100,2021-06-23 14:36:00,LYTS
7.46,7.46,7.46,7.46,100,2021-06-23 14:37:00,LYTS
7.465,7.49,7.465,7.49,4177,2021-06-23 14:38:00,LYTS
7.53,7.53,7.53,7.53,100,2021-06-23 14:39:00,LYTS
7.5,7.5,7.5,7.5,100,2021-06-23 14:43:00,LYTS
7.49,7.495,7.49,7.495,2598,2021-06-23 14:44:00,LYTS
7.475,7.475,7.475,7.475,100,2021-06-23 14:45:00,LYTS
7.46,7.475,7.46,7.475,700,2021-06-23 14:46:00,LYTS
7.46,7.475,7.46,7.475,200,2021-06-23 14:47:00,LYTS
7.475,7.475,7.46,7.46,200,2021-06-23 14:48:00,LYTS
7.46,7.46,7.46,7.46,100,2021-06-23 14:49:00,LYTS
7.46,7.46,7.46,7.46,100,2021-06-23 14:50:00,LYTS
7.46,7.46,7.445,7.445,1760,2021-06-23 14:51:00,LYTS
7.445,7.445,7.445,7.445,100,2021-06-23 14:52:00,LYTS
7.445,7.445,7.44,7.44,510,2021-06-23 14:53:00,LYTS
7.445,7.46,7.445,7.46,3522,2021-06-23 14:54:00,LYTS
7.465,7.47,7.465,7.465,5702,2021-06-23 14:59:00,LYTS
7.47,7.47,7.47,7.47,100,2021-06-23 15:00:00,LYTS
7.465,7.47,7.465,7.465,400,2021-06-23 15:01:00,LYTS
7.465,7.465,7.465,7.465,400,2021-06-23 15:02:00,LYTS
7.46,7.46,7.46,7.46,100,2021-06-23 15:03:00,LYTS
7.47,7.5,7.465,7.47,2921,2021-06-23 15:05:00,LYTS
7.48,7.48,7.47,7.47,700,2021-06-23 15:14:00,LYTS
7.465,7.465,7.46,7.46,227,2021-06-23 15:15:00,LYTS
7.46,7.46,7.46,7.46,100,2021-06-23 15:16:00,LYTS
7.46,7.46,7.46,7.46,100,2021-06-23 15:17:00,LYTS
7.46,7.46,7.46,7.46,100,2021-06-23 15:18:00,LYTS
7.46,7.47,7.46,7.47,1100,2021-06-23 15:19:00,LYTS
7.465,7.47,7.46,7.47,1590,2021-06-23 15:20:00,LYTS
7.47,7.48,7.47,7.48,2026,2021-06-23 15:21:00,LYTS
7.4992,7.5,7.495,7.5,700,2021-06-23 15:26:00,LYTS
7.49,7.49,7.49,7.49,703,2021-06-23 15:30:00,LYTS
7.48,7.48,7.48,7.48,200,2021-06-23 15:31:00,LYTS
7.47,7.47,7.47,7.47,100,2021-06-23 15:32:00,LYTS
7.47,7.47,7.47,7.47,100,2021-06-23 15:33:00,LYTS
7.475,7.475,7.475,7.475,100,2021-06-23 15:34:00,LYTS
7.475,7.48,7.475,7.48,2120,2021-06-23 15:35:00,LYTS
7.475,7.475,7.47,7.47,200,2021-06-23 15:36:00,LYTS
7.4793,7.4793,7.4793,7.4793,1000,2021-06-23 15:38:00,LYTS
7.475,7.48,7.475,7.48,3200,2021-06-23 15:39:00,LYTS
7.475,7.475,7.475,7.475,200,2021-06-23 15:41:00,LYTS
7.475,7.475,7.47,7.47,200,2021-06-23 15:44:00,LYTS
7.475,7.475,7.475,7.475,700,2021-06-23 15:45:00,LYTS
7.475,7.475,7.47,7.47,200,2021-06-23 15:46:00,LYTS
7.475,7.475,7.475,7.475,300,2021-06-23 15:49:00,LYTS
7.47,7.47,7.47,7.47,100,2021-06-23 15:50:00,LYTS
7.475,7.475,7.475,7.475,400,2021-06-23 15:53:00,LYTS
7.47,7.47,7.465,7.465,2171,2021-06-23 15:54:00,LYTS
7.465,7.47,7.46,7.46,1299,2021-06-23 15:55:00,LYTS
7.47,7.47,7.46,7.465,300,2021-06-23 15:59:00,LYTS
7.46,7.46,7.46,7.46,200,2021-06-23 16:00:00,LYTS
7.46,7.47,7.46,7.465,2786,2021-06-23 16:02:00,LYTS
7.465,7.465,7.465,7.465,100,2021-06-23 16:03:00,LYTS
7.46,7.47,7.46,7.47,1300,2021-06-23 16:05:00,LYTS
7.47,7.47,7.465,7.47,3405,2021-06-23 16:06:00,LYTS
7.49,7.49,7.48,7.49,21492,2021-06-23 16:07:00,LYTS
7.49,7.505,7.49,7.505,898,2021-06-23 16:08:00,LYTS
7.51,7.51,7.51,7.51,400,2021-06-23 16:10:00,LYTS
7.51,7.51,7.51,7.51,100,2021-06-23 16:11:00,LYTS
7.51,7.51,7.51,7.51,100,2021-06-23 16:13:00,LYTS
7.49,7.49,7.49,7.49,100,2021-06-23 16:16:00,LYTS
7.49,7.49,7.49,7.49,100,2021-06-23 16:17:00,LYTS
7.49,7.51,7.49,7.51,200,2021-06-23 16:18:00,LYTS
7.5,7.5,7.5,7.5,1600,2021-06-23 16:21:00,LYTS
7.49,7.49,7.49,7.49,100,2021-06-23 16:23:00,LYTS
7.49,7.49,7.49,7.49,100,2021-06-23 16:25:00,LYTS
7.49,7.49,7.49,7.49,100,2021-06-23 16:27:00,LYTS
7.51,7.53,7.5,7.53,1832,2021-06-23 16:28:00,LYTS
7.515,7.515,7.515,7.515,146,2021-06-23 16:29:00,LYTS
7.515,7.515,7.515,7.515,100,2021-06-23 16:30:00,LYTS
7.5,7.51,7.5,7.51,300,2021-06-23 16:32:00,LYTS
7.52,7.53,7.52,7.53,1904,2021-06-23 16:35:00,LYTS
7.55,7.55,7.55,7.55,100,2021-06-23 16:37:00,LYTS
7.53,7.53,7.53,7.53,500,2021-06-23 16:39:00,LYTS
7.52,7.52,7.515,7.515,400,2021-06-23 16:40:00,LYTS
7.49,7.49,7.49,7.49,200,2021-06-23 16:44:00,LYTS
7.5,7.5,7.5,7.5,1440,2021-06-23 16:47:00,LYTS
7.51,7.51,7.51,7.51,200,2021-06-23 16:48:00,LYTS
7.4921,7.4921,7.4921,7.4921,156,2021-06-23 16:54:00,LYTS
7.5,7.5,7.5,7.5,100,2021-06-23 16:55:00,LYTS
7.5,7.5,7.5,7.5,100,2021-06-23 16:56:00,LYTS
7.5,7.5,7.49,7.5,514,2021-06-23 16:59:00,LYTS
7.5,7.51,7.5,7.51,700,2021-06-23 17:00:00,LYTS
7.51,7.51,7.51,7.51,100,2021-06-23 17:01:00,LYTS
7.505,7.505,7.505,7.505,100,2021-06-23 17:03:00,LYTS
7.51,7.54,7.51,7.54,1109,2021-06-23 17:05:00,LYTS
7.54,7.54,7.54,7.54,100,2021-06-23 17:09:00,LYTS
7.53,7.53,7.53,7.53,100,2021-06-23 17:10:00,LYTS
7.54,7.54,7.53,7.53,390,2021-06-23 17:11:00,LYTS
7.53,7.53,7.53,7.53,100,2021-06-23 17:14:00,LYTS
7.54,7.54,7.53,7.54,1616,2021-06-23 17:15:00,LYTS
7.56,7.59,7.56,7.59,1480,2021-06-23 17:16:00,LYTS
7.62,7.62,7.61,7.61,200,2021-06-23 17:17:00,LYTS
7.61,7.61,7.61,7.61,100,2021-06-23 17:18:00,LYTS
7.6,7.6,7.59,7.595,984,2021-06-23 17:20:00,LYTS
7.595,7.595,7.595,7.595,100,2021-06-23 17:21:00,LYTS
7.59,7.59,7.59,7.59,502,2021-06-23 17:23:00,LYTS
7.59,7.61,7.59,7.61,824,2021-06-23 17:24:00,LYTS
7.6,7.6,7.6,7.6,104,2021-06-23 17:34:00,LYTS
7.61,7.61,7.61,7.61,100,2021-06-23 17:35:00,LYTS
7.6,7.6,7.6,7.6,100,2021-06-23 17:36:00,LYTS
7.6,7.6,7.6,7.6,201,2021-06-23 17:38:00,LYTS
7.6,7.6,7.6,7.6,206,2021-06-23 17:40:00,LYTS
7.6,7.6,7.6,7.6,104,2021-06-23 17:41:00,LYTS
7.6,7.6,7.6,7.6,100,2021-06-23 17:42:00,LYTS
7.61,7.62,7.6,7.62,2473,2021-06-23 17:43:00,LYTS
7.61,7.62,7.61,7.62,200,2021-06-23 17:44:00,LYTS
7.62,7.62,7.62,7.62,100,2021-06-23 17:45:00,LYTS
7.62,7.62,7.62,7.62,100,2021-06-23 17:51:00,LYTS
7.62,7.62,7.615,7.615,1089,2021-06-23 17:53:00,LYTS
7.62,7.63,7.62,7.63,2800,2021-06-23 17:55:00,LYTS
7.64,7.65,7.64,7.65,1400,2021-06-23 17:59:00,LYTS
7.645,7.6499,7.645,7.6499,900,2021-06-23 18:00:00,LYTS
7.64,7.64,7.62,7.62,1112,2021-06-23 18:01:00,LYTS
7.62,7.625,7.62,7.625,300,2021-06-23 18:02:00,LYTS
7.61,7.61,7.61,7.61,100,2021-06-23 18:05:00,LYTS
7.61,7.61,7.61,7.61,100,2021-06-23 18:06:00,LYTS
7.61,7.61,7.61,7.61,100,2021-06-23 18:10:00,LYTS
7.6,7.6,7.6,7.6,100,2021-06-23 18:11:00,LYTS
7.605,7.62,7.6,7.61,2200,2021-06-23 18:13:00,LYTS
7.605,7.605,7.605,7.605,100,2021-06-23 18:14:00,LYTS
7.605,7.61,7.6,7.61,700,2021-06-23 18:15:00,LYTS
7.595,7.6,7.595,7.6,400,2021-06-23 18:16:00,LYTS
7.6,7.6,7.6,7.6,300,2021-06-23 18:17:00,LYTS
7.6,7.6,7.6,7.6,200,2021-06-23 18:18:00,LYTS
7.6,7.6,7.6,7.6,100,2021-06-23 18:20:00,LYTS
7.6,7.6,7.6,7.6,100,2021-06-23 18:22:00,LYTS
7.6,7.61,7.59,7.59,1300,2021-06-23 18:23:00,LYTS
7.59,7.61,7.59,7.61,700,2021-06-23 18:24:00,LYTS
7.605,7.605,7.605,7.605,100,2021-06-23 18:25:00,LYTS
7.605,7.62,7.605,7.61,2764,2021-06-23 18:26:00,LYTS
7.61,7.61,7.61,7.61,100,2021-06-23 18:27:00,LYTS
7.615,7.615,7.6,7.6,400,2021-06-23 18:28:00,LYTS
7.58,7.58,7.58,7.58,100,2021-06-23 18:31:00,LYTS
7.58,7.58,7.58,7.58,100,2021-06-23 18:33:00,LYTS
7.57,7.57,7.57,7.57,201,2021-06-23 18:35:00,LYTS
7.57,7.58,7.57,7.58,1402,2021-06-23 18:37:00,LYTS
7.57,7.58,7.57,7.57,721,2021-06-23 18:39:00,LYTS
7.57,7.57,7.56,7.56,200,2021-06-23 18:40:00,LYTS
7.565,7.565,7.56,7.56,305,2021-06-23 18:41:00,LYTS
7.56,7.56,7.56,7.56,100,2021-06-23 18:43:00,LYTS
7.56,7.56,7.56,7.56,100,2021-06-23 18:44:00,LYTS
7.565,7.565,7.56,7.565,973,2021-06-23 18:46:00,LYTS
7.56,7.56,7.56,7.56,300,2021-06-23 18:47:00,LYTS
7.56,7.56,7.56,7.56,100,2021-06-23 18:50:00,LYTS
7.57,7.57,7.56,7.56,805,2021-06-23 18:52:00,LYTS
7.57,7.58,7.56,7.58,2200,2021-06-23 18:54:00,LYTS
7.6,7.6,7.59,7.59,200,2021-06-23 18:55:00,LYTS
7.59,7.59,7.585,7.5898,944,2021-06-23 18:56:00,LYTS
7.58,7.585,7.58,7.585,200,2021-06-23 18:57:00,LYTS
7.58,7.58,7.58,7.58,200,2021-06-23 18:58:00,LYTS
7.57,7.57,7.57,7.57,200,2021-06-23 19:00:00,LYTS
7.57,7.57,7.57,7.57,100,2021-06-23 19:01:00,LYTS
7.58,7.58,7.575,7.575,800,2021-06-23 19:02:00,LYTS
7.58,7.58,7.58,7.58,200,2021-06-23 19:03:00,LYTS
7.57,7.57,7.57,7.57,100,2021-06-23 19:04:00,LYTS
7.57,7.58,7.57,7.58,700,2021-06-23 19:05:00,LYTS
7.58,7.58,7.5798,7.5798,200,2021-06-23 19:06:00,LYTS
7.575,7.575,7.57,7.575,800,2021-06-23 19:07:00,LYTS
7.57,7.5798,7.57,7.5798,400,2021-06-23 19:08:00,LYTS
7.57,7.58,7.57,7.58,200,2021-06-23 19:09:00,LYTS
7.58,7.58,7.57,7.57,200,2021-06-23 19:10:00,LYTS
7.57,7.57,7.57,7.57,204,2021-06-23 19:11:00,LYTS
7.57,7.58,7.57,7.58,1500,2021-06-23 19:12:00,LYTS
7.58,7.58,7.58,7.58,100,2021-06-23 19:13:00,LYTS
7.57,7.5798,7.57,7.575,458,2021-06-23 19:14:00,LYTS
7.57,7.57,7.57,7.57,206,2021-06-23 19:15:00,LYTS
7.57,7.57,7.55,7.55,2415,2021-06-23 19:16:00,LYTS
7.56,7.56,7.55,7.55,600,2021-06-23 19:17:00,LYTS
7.56,7.56,7.55,7.55,700,2021-06-23 19:18:00,LYTS
7.56,7.56,7.55,7.55,400,2021-06-23 19:19:00,LYTS
7.56,7.565,7.55,7.565,800,2021-06-23 19:20:00,LYTS
7.56,7.565,7.56,7.565,200,2021-06-23 19:21:00,LYTS
7.56,7.56,7.56,7.56,100,2021-06-23 19:22:00,LYTS
7.56,7.56,7.56,7.56,200,2021-06-23 19:23:00,LYTS
7.56,7.56,7.55,7.555,5701,2021-06-23 19:24:00,LYTS
7.55,7.555,7.55,7.55,303,2021-06-23 19:27:00,LYTS
7.55,7.55,7.55,7.55,100,2021-06-23 19:28:00,LYTS
7.55,7.55,7.55,7.55,300,2021-06-23 19:29:00,LYTS
7.555,7.555,7.55,7.555,1100,2021-06-23 19:30:00,LYTS
7.55,7.56,7.55,7.555,1401,2021-06-23 19:31:00,LYTS
7.555,7.56,7.55,7.55,500,2021-06-23 19:32:00,LYTS
7.555,7.555,7.55,7.555,300,2021-06-23 19:33:00,LYTS
7.555,7.555,7.55,7.55,830,2021-06-23 19:34:00,LYTS
7.55,7.555,7.55,7.555,200,2021-06-23 19:35:00,LYTS
7.55,7.555,7.55,7.55,700,2021-06-23 19:36:00,LYTS
7.55,7.555,7.55,7.555,300,2021-06-23 19:37:00,LYTS
7.555,7.555,7.53,7.53,5485,2021-06-23 19:38:00,LYTS
7.53,7.54,7.53,7.54,1606,2021-06-23 19:39:00,LYTS
7.55,7.56,7.55,7.56,400,2021-06-23 19:40:00,LYTS
7.58,7.59,7.58,7.59,200,2021-06-23 19:41:00,LYTS
7.56,7.56,7.56,7.56,100,2021-06-23 19:42:00,LYTS
7.575,7.59,7.56,7.59,300,2021-06-23 19:43:00,LYTS
7.57,7.57,7.57,7.57,100,2021-06-23 19:44:00,LYTS
7.57,7.57,7.57,7.57,100,2021-06-23 19:45:00,LYTS
7.56,7.56,7.55,7.56,600,2021-06-23 19:46:00,LYTS
7.55,7.56,7.55,7.56,200,2021-06-23 19:47:00,LYTS
7.56,7.57,7.55,7.56,865,2021-06-23 19:48:00,LYTS
7.56,7.56,7.555,7.56,606,2021-06-23 19:49:00,LYTS
7.55,7.57,7.55,7.57,300,2021-06-23 19:50:00,LYTS
7.56,7.56,7.55,7.55,924,2021-06-23 19:51:00,LYTS
7.555,7.56,7.55,7.55,1104,2021-06-23 19:52:00,LYTS
7.56,7.56,7.55,7.55,605,2021-06-23 19:53:00,LYTS
7.555,7.58,7.55,7.58,2879,2021-06-23 19:54:00,LYTS
7.57,7.58,7.57,7.57,862,2021-06-23 19:55:00,LYTS
7.57,7.58,7.57,7.58,700,2021-06-23 19:56:00,LYTS
7.575,7.58,7.57,7.57,2991,2021-06-23 19:57:00,LYTS
7.58,7.59,7.58,7.585,1695,2021-06-23 19:58:00,LYTS
7.58,7.61,7.58,7.59,2865,2021-06-23 19:59:00,LYTS
7.6,7.6,7.6,7.6,23366,2021-06-23 20:00:00,LYTS
7.6,7.6,7.6,7.6,8281,2021-06-23 20:01:00,LYTS
7.64,7.64,7.64,7.64,588,2021-06-24 13:30:00,LYTS
7.65,7.68,7.65,7.68,300,2021-06-24 13:32:00,LYTS
7.67,7.67,7.67,7.67,300,2021-06-24 13:33:00,LYTS
7.68,7.68,7.62,7.62,1159,2021-06-24 13:34:00,LYTS
7.59,7.675,7.59,7.675,300,2021-06-24 13:38:00,LYTS
7.59,7.59,7.59,7.59,100,2021-06-24 13:39:00,LYTS
7.58,7.6,7.53,7.59,1360,2021-06-24 13:40:00,LYTS
7.59,7.59,7.59,7.59,946,2021-06-24 13:45:00,LYTS
7.5785,7.5785,7.5785,7.5785,100,2021-06-24 13:47:00,LYTS
7.585,7.585,7.585,7.585,500,2021-06-24 13:50:00,LYTS
7.56,7.56,7.54,7.56,1050,2021-06-24 13:51:00,LYTS
7.5599,7.5599,7.51,7.51,2300,2021-06-24 13:52:00,LYTS
7.51,7.51,7.5,7.5,400,2021-06-24 13:53:00,LYTS
7.5,7.515,7.49,7.49,1000,2021-06-24 13:54:00,LYTS
7.48,7.49,7.43,7.43,3400,2021-06-24 13:55:00,LYTS
7.48,7.49,7.48,7.49,1000,2021-06-24 13:58:00,LYTS
7.49,7.49,7.49,7.49,200,2021-06-24 13:59:00,LYTS
7.495,7.495,7.495,7.495,100,2021-06-24 14:01:00,LYTS
7.49,7.5,7.49,7.5,300,2021-06-24 14:04:00,LYTS
7.49,7.49,7.49,7.49,100,2021-06-24 14:05:00,LYTS
7.48,7.48,7.48,7.48,1505,2021-06-24 14:06:00,LYTS
7.48,7.48,7.4797,7.4797,2068,2021-06-24 14:07:00,LYTS
7.47,7.47,7.45,7.45,1800,2021-06-24 14:08:00,LYTS
7.45,7.45,7.45,7.45,600,2021-06-24 14:11:00,LYTS
7.465,7.465,7.45,7.45,1000,2021-06-24 14:12:00,LYTS
7.45,7.45,7.45,7.45,200,2021-06-24 14:15:00,LYTS
7.46,7.46,7.46,7.46,1000,2021-06-24 14:16:00,LYTS
7.46,7.46,7.46,7.46,100,2021-06-24 14:17:00,LYTS
7.45,7.45,7.43,7.43,2385,2021-06-24 14:18:00,LYTS
7.42,7.46,7.42,7.46,2400,2021-06-24 14:19:00,LYTS
7.46,7.46,7.46,7.46,100,2021-06-24 14:21:00,LYTS
7.47,7.47,7.47,7.47,100,2021-06-24 14:22:00,LYTS
7.46,7.46,7.46,7.46,100,2021-06-24 14:23:00,LYTS
7.46,7.46,7.46,7.46,1160,2021-06-24 14:24:00,LYTS
7.45,7.455,7.44,7.44,3644,2021-06-24 14:26:00,LYTS
7.44,7.44,7.42,7.42,830,2021-06-24 14:27:00,LYTS
7.42,7.43,7.42,7.43,200,2021-06-24 14:28:00,LYTS
7.42,7.44,7.42,7.435,1900,2021-06-24 14:29:00,LYTS
7.43,7.43,7.43,7.43,1500,2021-06-24 14:30:00,LYTS
7.43,7.43,7.43,7.43,100,2021-06-24 14:31:00,LYTS
7.43,7.43,7.42,7.42,700,2021-06-24 14:32:00,LYTS
7.44,7.44,7.44,7.44,104,2021-06-24 14:33:00,LYTS
7.44,7.44,7.43,7.43,1204,2021-06-24 14:34:00,LYTS
7.43,7.43,7.42,7.42,400,2021-06-24 14:35:00,LYTS
7.42,7.44,7.42,7.44,1800,2021-06-24 14:36:00,LYTS
7.45,7.45,7.45,7.45,239,2021-06-24 14:38:00,LYTS
7.43,7.43,7.43,7.43,1379,2021-06-24 14:40:00,LYTS
7.42,7.42,7.42,7.42,100,2021-06-24 14:42:00,LYTS
7.42,7.42,7.42,7.42,100,2021-06-24 14:47:00,LYTS
7.42,7.42,7.42,7.42,100,2021-06-24 14:48:00,LYTS
7.42,7.42,7.42,7.42,1100,2021-06-24 14:49:00,LYTS
7.42,7.42,7.42,7.42,100,2021-06-24 14:50:00,LYTS
7.42,7.42,7.42,7.42,4288,2021-06-24 14:51:00,LYTS
7.41,7.43,7.41,7.415,2500,2021-06-24 14:52:00,LYTS
7.41,7.42,7.4,7.4,1700,2021-06-24 14:55:00,LYTS
7.4,7.4,7.4,7.4,200,2021-06-24 14:56:00,LYTS
7.4001,7.4001,7.4,7.4,470,2021-06-24 14:57:00,LYTS
7.39,7.39,7.39,7.39,100,2021-06-24 14:58:00,LYTS
7.39,7.39,7.39,7.39,100,2021-06-24 15:00:00,LYTS
7.39,7.39,7.39,7.39,200,2021-06-24 15:01:00,LYTS
7.39,7.3937,7.39,7.3937,200,2021-06-24 15:02:00,LYTS
7.39,7.39,7.39,7.39,100,2021-06-24 15:03:00,LYTS
7.39,7.4,7.38,7.4,518,2021-06-24 15:04:00,LYTS
7.37,7.37,7.37,7.37,100,2021-06-24 15:05:00,LYTS
7.37,7.38,7.37,7.38,200,2021-06-24 15:07:00,LYTS
7.37,7.37,7.37,7.37,100,2021-06-24 15:09:00,LYTS
7.37,7.37,7.37,7.37,100,2021-06-24 15:10:00,LYTS
7.37,7.38,7.37,7.37,402,2021-06-24 15:11:00,LYTS
7.36,7.37,7.36,7.3627,414,2021-06-24 15:12:00,LYTS
7.36,7.36,7.36,7.36,100,2021-06-24 15:13:00,LYTS
7.38,7.38,7.37,7.37,1975,2021-06-24 15:14:00,LYTS
7.375,7.375,7.375,7.375,100,2021-06-24 15:15:00,LYTS
7.375,7.375,7.375,7.375,195,2021-06-24 15:16:00,LYTS
7.36,7.36,7.36,7.36,500,2021-06-24 15:18:00,LYTS
7.365,7.365,7.365,7.365,122,2021-06-24 15:19:00,LYTS
7.38,7.38,7.37,7.37,200,2021-06-24 15:20:00,LYTS
7.38,7.3825,7.375,7.38,1600,2021-06-24 15:21:00,LYTS
7.38,7.38,7.38,7.38,1200,2021-06-24 15:22:00,LYTS
7.38,7.41,7.38,7.41,1400,2021-06-24 15:23:00,LYTS
7.429,7.43,7.42,7.42,1400,2021-06-24 15:24:00,LYTS
7.4217,7.4217,7.4217,7.4217,200,2021-06-24 15:29:00,LYTS
7.42,7.42,7.42,7.42,100,2021-06-24 15:32:00,LYTS
7.4,7.4,7.4,7.4,100,2021-06-24 15:34:00,LYTS
7.4,7.4,7.39,7.39,300,2021-06-24 15:35:00,LYTS
7.38,7.38,7.38,7.38,700,2021-06-24 15:37:00,LYTS
7.37,7.37,7.36,7.36,375,2021-06-24 15:39:00,LYTS
7.35,7.35,7.35,7.35,100,2021-06-24 15:43:00,LYTS
7.35,7.35,7.35,7.35,100,2021-06-24 15:44:00,LYTS
7.35,7.36,7.34,7.35,1952,2021-06-24 15:45:00,LYTS
7.34,7.34,7.32,7.32,200,2021-06-24 15:46:00,LYTS
7.34,7.34,7.33,7.33,400,2021-06-24 15:47:00,LYTS
7.32,7.34,7.32,7.33,1274,2021-06-24 15:48:00,LYTS
7.3327,7.37,7.33,7.35,2929,2021-06-24 15:53:00,LYTS
7.37,7.37,7.37,7.37,200,2021-06-24 15:55:00,LYTS
7.3899,7.3899,7.365,7.365,2600,2021-06-24 15:57:00,LYTS
7.38,7.38,7.37,7.38,1042,2021-06-24 15:58:00,LYTS
7.375,7.39,7.375,7.38,3300,2021-06-24 16:03:00,LYTS
7.41,7.44,7.4099,7.44,1800,2021-06-24 16:07:00,LYTS
7.45,7.45,7.45,7.45,100,2021-06-24 16:08:00,LYTS
7.43,7.43,7.43,7.43,500,2021-06-24 16:14:00,LYTS
7.43,7.439,7.43,7.439,700,2021-06-24 16:17:00,LYTS
7.43,7.43,7.42,7.42,2121,2021-06-24 16:18:00,LYTS
7.41,7.42,7.41,7.42,500,2021-06-24 16:19:00,LYTS
7.4,7.41,7.4,7.41,600,2021-06-24 16:20:00,LYTS
7.4,7.4,7.4,7.4,380,2021-06-24 16:21:00,LYTS
7.4,7.4,7.4,7.4,1700,2021-06-24 16:22:00,LYTS
7.4,7.4,7.4,7.4,200,2021-06-24 16:23:00,LYTS
7.4,7.4,7.4,7.4,1000,2021-06-24 16:24:00,LYTS
7.41,7.41,7.4,7.405,3954,2021-06-24 16:25:00,LYTS
7.4,7.4,7.39,7.39,2175,2021-06-24 16:26:00,LYTS
7.385,7.385,7.385,7.385,100,2021-06-24 16:29:00,LYTS
7.385,7.385,7.385,7.385,600,2021-06-24 16:30:00,LYTS
7.37,7.385,7.37,7.385,257,2021-06-24 16:31:00,LYTS
7.38,7.38,7.37,7.37,490,2021-06-24 16:32:00,LYTS
7.37,7.39,7.37,7.38,1688,2021-06-24 16:33:00,LYTS
7.395,7.395,7.395,7.395,500,2021-06-24 16:35:00,LYTS
7.37,7.37,7.37,7.37,100,2021-06-24 16:36:00,LYTS
7.395,7.395,7.395,7.395,100,2021-06-24 16:40:00,LYTS
7.42,7.42,7.42,7.42,100,2021-06-24 16:41:00,LYTS
7.41,7.41,7.41,7.41,100,2021-06-24 16:43:00,LYTS
7.41,7.41,7.41,7.41,600,2021-06-24 16:44:00,LYTS
7.41,7.41,7.4,7.4,200,2021-06-24 16:46:00,LYTS
7.4,7.4,7.4,7.4,200,2021-06-24 16:49:00,LYTS
7.41,7.41,7.41,7.41,100,2021-06-24 16:50:00,LYTS
7.41,7.41,7.41,7.41,100,2021-06-24 16:52:00,LYTS
7.41,7.41,7.41,7.41,400,2021-06-24 16:53:00,LYTS
7.41,7.41,7.41,7.41,600,2021-06-24 16:54:00,LYTS
7.41,7.41,7.41,7.41,100,2021-06-24 16:55:00,LYTS
7.4,7.4,7.4,7.4,100,2021-06-24 16:57:00,LYTS
7.41,7.41,7.41,7.41,100,2021-06-24 17:00:00,LYTS
7.42,7.42,7.42,7.42,899,2021-06-24 17:01:00,LYTS
7.4596,7.5,7.4596,7.5,1500,2021-06-24 17:02:00,LYTS
7.53,7.53,7.53,7.53,800,2021-06-24 17:05:00,LYTS
7.54,7.54,7.525,7.525,791,2021-06-24 17:07:00,LYTS
7.49,7.49,7.49,7.49,100,2021-06-24 17:08:00,LYTS
7.54,7.55,7.53,7.53,1200,2021-06-24 17:10:00,LYTS
7.53,7.58,7.52,7.58,3200,2021-06-24 17:11:00,LYTS
7.59,7.61,7.56,7.56,2612,2021-06-24 17:12:00,LYTS
7.575,7.6,7.575,7.575,1800,2021-06-24 17:13:00,LYTS
7.6399,7.6399,7.6399,7.6399,100,2021-06-24 17:15:00,LYTS
7.61,7.64,7.61,7.64,300,2021-06-24 17:16:00,LYTS
7.64,7.65,7.64,7.65,1338,2021-06-24 17:17:00,LYTS
7.65,7.68,7.64,7.68,1344,2021-06-24 17:19:00,LYTS
7.64,7.68,7.64,7.65,700,2021-06-24 17:20:00,LYTS
7.68,7.68,7.68,7.68,200,2021-06-24 17:21:00,LYTS
7.68,7.68,7.65,7.665,2809,2021-06-24 17:22:00,LYTS
7.665,7.665,7.65,7.65,300,2021-06-24 17:23:00,LYTS
7.68,7.68,7.65,7.665,700,2021-06-24 17:24:00,LYTS
7.665,7.665,7.665,7.665,100,2021-06-24 17:25:00,LYTS
7.67,7.67,7.65,7.66,400,2021-06-24 17:27:00,LYTS
7.67,7.67,7.66,7.66,600,2021-06-24 17:28:00,LYTS
7.66,7.66,7.64,7.66,1191,2021-06-24 17:29:00,LYTS
7.64,7.64,7.64,7.64,300,2021-06-24 17:30:00,LYTS
7.65,7.65,7.65,7.65,200,2021-06-24 17:32:00,LYTS
7.64,7.65,7.64,7.65,200,2021-06-24 17:33:00,LYTS
7.66,7.66,7.66,7.66,200,2021-06-24 17:34:00,LYTS
7.66,7.66,7.65,7.65,300,2021-06-24 17:35:00,LYTS
7.66,7.66,7.64,7.66,600,2021-06-24 17:36:00,LYTS
7.65,7.66,7.65,7.66,200,2021-06-24 17:37:00,LYTS
7.66,7.69,7.66,7.66,2073,2021-06-24 17:38:00,LYTS
7.66,7.69,7.66,7.66,2376,2021-06-24 17:39:00,LYTS
7.69,7.73,7.67,7.73,1298,2021-06-24 17:40:00,LYTS
7.71,7.715,7.69,7.715,300,2021-06-24 17:41:00,LYTS
7.73,7.73,7.73,7.73,100,2021-06-24 17:42:00,LYTS
7.73,7.74,7.73,7.74,500,2021-06-24 17:43:00,LYTS
7.74,7.74,7.74,7.74,100,2021-06-24 17:44:00,LYTS
7.74,7.74,7.74,7.74,300,2021-06-24 17:45:00,LYTS
7.72,7.74,7.72,7.72,400,2021-06-24 17:46:00,LYTS
7.72,7.72,7.72,7.72,100,2021-06-24 17:47:00,LYTS
7.72,7.72,7.72,7.72,200,2021-06-24 17:49:00,LYTS
7.72,7.72,7.72,7.72,200,2021-06-24 17:50:00,LYTS
7.72,7.79,7.7,7.785,3924,2021-06-24 17:51:00,LYTS
7.785,7.785,7.76,7.76,300,2021-06-24 17:52:00,LYTS
7.785,7.785,7.785,7.785,100,2021-06-24 17:53:00,LYTS
7.8,7.81,7.8,7.81,700,2021-06-24 17:54:00,LYTS
7.79,7.79,7.79,7.79,100,2021-06-24 17:55:00,LYTS
7.8,7.84,7.8,7.84,400,2021-06-24 17:56:00,LYTS
7.845,7.87,7.845,7.87,627,2021-06-24 17:58:00,LYTS
7.8253,7.87,7.8253,7.87,615,2021-06-24 18:00:00,LYTS
7.82,7.845,7.82,7.845,300,2021-06-24 18:01:00,LYTS
7.85,7.87,7.85,7.85,1045,2021-06-24 18:03:00,LYTS
7.83,7.845,7.83,7.83,500,2021-06-24 18:04:00,LYTS
7.845,7.845,7.82,7.82,900,2021-06-24 18:05:00,LYTS
7.82,7.82,7.78,7.815,5901,2021-06-24 18:06:00,LYTS
7.83,7.83,7.8,7.82,900,2021-06-24 18:07:00,LYTS
7.82,7.82,7.82,7.82,100,2021-06-24 18:08:00,LYTS
7.81,7.81,7.81,7.81,100,2021-06-24 18:09:00,LYTS
7.805,7.805,7.805,7.805,1449,2021-06-24 18:12:00,LYTS
7.8,7.8,7.8,7.8,200,2021-06-24 18:13:00,LYTS
7.8,7.83,7.78,7.82,12305,2021-06-24 18:14:00,LYTS
7.78,7.83,7.78,7.82,1600,2021-06-24 18:15:00,LYTS
7.859,7.859,7.859,7.859,101,2021-06-24 18:17:00,LYTS
7.86,7.86,7.845,7.86,300,2021-06-24 18:19:00,LYTS
7.83,7.84,7.83,7.84,200,2021-06-24 18:20:00,LYTS
7.84,7.84,7.82,7.82,300,2021-06-24 18:21:00,LYTS
7.82,7.83,7.8,7.8,1000,2021-06-24 18:22:00,LYTS
7.79,7.8,7.77,7.79,1000,2021-06-24 18:23:00,LYTS
7.77,7.77,7.77,7.77,100,2021-06-24 18:24:00,LYTS
7.77,7.81,7.77,7.81,2000,2021-06-24 18:27:00,LYTS
7.815,7.82,7.815,7.82,600,2021-06-24 18:30:00,LYTS
7.78,7.78,7.78,7.78,100,2021-06-24 18:31:00,LYTS
7.83,7.83,7.83,7.83,100,2021-06-24 18:35:00,LYTS
7.805,7.805,7.805,7.805,100,2021-06-24 18:38:00,LYTS
7.8,7.81,7.8,7.81,300,2021-06-24 18:40:00,LYTS
7.82,7.82,7.82,7.82,323,2021-06-24 18:41:00,LYTS
7.81,7.82,7.81,7.81,963,2021-06-24 18:42:00,LYTS
7.81,7.82,7.81,7.82,900,2021-06-24 18:44:00,LYTS
7.82,7.85,7.8199,7.85,2062,2021-06-24 18:45:00,LYTS
7.85,7.85,7.85,7.85,100,2021-06-24 18:46:00,LYTS
7.85,7.85,7.85,7.85,300,2021-06-24 18:47:00,LYTS
7.845,7.85,7.835,7.84,1300,2021-06-24 18:48:00,LYTS
7.84,7.91,7.84,7.91,5705,2021-06-24 18:49:00,LYTS
7.87,7.89,7.86,7.89,300,2021-06-24 18:51:00,LYTS
7.86,7.86,7.86,7.86,124,2021-06-24 18:52:00,LYTS
7.875,7.875,7.875,7.875,100,2021-06-24 18:53:00,LYTS
7.86,7.86,7.86,7.86,100,2021-06-24 18:54:00,LYTS
7.82,7.89,7.82,7.89,3162,2021-06-24 18:56:00,LYTS
7.8701,7.9,7.87,7.9,900,2021-06-24 18:57:00,LYTS
7.885,7.885,7.885,7.885,100,2021-06-24 18:58:00,LYTS
7.88,7.88,7.88,7.88,100,2021-06-24 19:01:00,LYTS
7.875,7.875,7.875,7.875,100,2021-06-24 19:02:00,LYTS
7.88,7.89,7.87,7.89,3074,2021-06-24 19:04:00,LYTS
7.87,7.88,7.87,7.87,2899,2021-06-24 19:05:00,LYTS
7.87,7.875,7.87,7.875,695,2021-06-24 19:06:00,LYTS
7.87,7.87,7.87,7.87,400,2021-06-24 19:07:00,LYTS
7.87,7.87,7.84,7.845,5497,2021-06-24 19:08:00,LYTS
7.845,7.845,7.845,7.845,100,2021-06-24 19:11:00,LYTS
7.86,7.86,7.86,7.86,100,2021-06-24 19:12:00,LYTS
7.845,7.845,7.845,7.845,100,2021-06-24 19:13:00,LYTS
7.845,7.86,7.845,7.86,500,2021-06-24 19:14:00,LYTS
7.845,7.845,7.845,7.845,100,2021-06-24 19:15:00,LYTS
7.845,7.86,7.845,7.86,600,2021-06-24 19:16:00,LYTS
7.86,7.89,7.85,7.89,3063,2021-06-24 19:17:00,LYTS
7.91,7.92,7.9,7.92,1000,2021-06-24 19:18:00,LYTS
7.92,7.93,7.92,7.93,800,2021-06-24 19:19:00,LYTS
7.93,7.93,7.905,7.93,700,2021-06-24 19:20:00,LYTS
7.9,7.92,7.89,7.915,700,2021-06-24 19:21:00,LYTS
7.915,7.915,7.915,7.915,365,2021-06-24 19:22:00,LYTS
7.915,7.915,7.915,7.915,400,2021-06-24 19:23:00,LYTS
7.9,7.915,7.9,7.91,400,2021-06-24 19:24:00,LYTS
7.91,7.91,7.91,7.91,400,2021-06-24 19:25:00,LYTS
7.91,7.91,7.91,7.91,200,2021-06-24 19:26:00,LYTS
7.92,7.92,7.92,7.92,755,2021-06-24 19:27:00,LYTS
7.93,7.98,7.93,7.98,2099,2021-06-24 19:28:00,LYTS
7.98,7.98,7.955,7.955,418,2021-06-24 19:29:00,LYTS
7.955,7.955,7.955,7.955,169,2021-06-24 19:30:00,LYTS
7.955,7.955,7.955,7.955,200,2021-06-24 19:31:00,LYTS
7.955,7.955,7.955,7.955,121,2021-06-24 19:32:00,LYTS
7.955,7.97,7.93,7.955,2421,2021-06-24 19:33:00,LYTS
7.955,7.955,7.955,7.955,200,2021-06-24 19:34:00,LYTS
7.96,7.96,7.96,7.96,100,2021-06-24 19:35:00,LYTS
7.95,7.97,7.94,7.95,1700,2021-06-24 19:36:00,LYTS
7.95,7.95,7.93,7.95,800,2021-06-24 19:37:00,LYTS
7.94,7.94,7.94,7.94,200,2021-06-24 19:38:00,LYTS
7.94,7.94,7.925,7.925,900,2021-06-24 19:39:00,LYTS
7.925,7.925,7.925,7.925,100,2021-06-24 19:40:00,LYTS
7.925,7.925,7.925,7.925,100,2021-06-24 19:41:00,LYTS
7.92,7.92,7.92,7.92,600,2021-06-24 19:42:00,LYTS
7.92,7.93,7.92,7.93,500,2021-06-24 19:43:00,LYTS
7.925,7.925,7.925,7.925,200,2021-06-24 19:44:00,LYTS
7.91,7.91,7.91,7.91,100,2021-06-24 19:46:00,LYTS
7.91,7.91,7.89,7.89,2100,2021-06-24 19:47:00,LYTS
7.89,7.93,7.89,7.915,3729,2021-06-24 19:48:00,LYTS
7.93,7.93,7.93,7.93,138,2021-06-24 19:49:00,LYTS
7.92,7.98,7.92,7.98,5154,2021-06-24 19:50:00,LYTS
7.97,7.97,7.93,7.94,2638,2021-06-24 19:51:00,LYTS
7.93,7.93,7.92,7.925,600,2021-06-24 19:52:00,LYTS
7.925,7.94,7.91,7.925,1491,2021-06-24 19:53:00,LYTS
7.925,7.96,7.92,7.95,2343,2021-06-24 19:54:00,LYTS
7.935,7.94,7.93,7.94,500,2021-06-24 19:55:00,LYTS
7.93,7.95,7.93,7.935,1937,2021-06-24 19:56:00,LYTS
7.935,7.97,7.935,7.97,2918,2021-06-24 19:57:00,LYTS
7.96,7.97,7.95,7.97,2199,2021-06-24 19:58:00,LYTS
7.96,8.0,7.96,7.99,8776,2021-06-24 19:59:00,LYTS
7.97,7.97,7.97,7.97,11875,2021-06-24 20:00:00,LYTS
7.85,7.94,7.85,7.94,12034,2021-06-25 13:30:00,LYTS
7.87,7.98,7.87,7.98,600,2021-06-25 13:32:00,LYTS
7.94,7.94,7.94,7.94,100,2021-06-25 13:36:00,LYTS
7.94,7.97,7.92,7.97,300,2021-06-25 13:37:00,LYTS
7.94,7.94,7.94,7.94,200,2021-06-25 13:39:00,LYTS
7.92,7.96,7.92,7.96,1238,2021-06-25 13:41:00,LYTS
7.94,7.98,7.93,7.97,1500,2021-06-25 13:43:00,LYTS
7.99,7.99,7.99,7.99,1100,2021-06-25 13:46:00,LYTS
8.02,8.02,8.02,8.02,100,2021-06-25 13:48:00,LYTS
7.98,8.0,7.96,7.965,2300,2021-06-25 13:50:00,LYTS
7.95,7.96,7.95,7.96,200,2021-06-25 13:51:00,LYTS
7.95,7.98,7.95,7.98,400,2021-06-25 13:52:00,LYTS
7.95,7.95,7.95,7.95,200,2021-06-25 13:53:00,LYTS
7.96,7.97,7.96,7.97,500,2021-06-25 13:54:00,LYTS
7.96,7.98,7.96,7.97,800,2021-06-25 13:55:00,LYTS
7.97,7.97,7.97,7.97,100,2021-06-25 13:56:00,LYTS
7.97,8.03,7.97,8.01,2640,2021-06-25 13:57:00,LYTS
7.99,8.01,7.97,7.97,1700,2021-06-25 13:58:00,LYTS
7.995,7.995,7.995,7.995,100,2021-06-25 14:00:00,LYTS
7.995,8.07,7.995,8.07,1500,2021-06-25 14:01:00,LYTS
8.03,8.07,8.0,8.055,5000,2021-06-25 14:02:00,LYTS
8.055,8.08,8.04,8.075,901,2021-06-25 14:03:00,LYTS
8.075,8.1,8.075,8.075,900,2021-06-25 14:04:00,LYTS
8.075,8.18,8.07,8.18,6755,2021-06-25 14:05:00,LYTS
8.14,8.19,8.135,8.19,2887,2021-06-25 14:06:00,LYTS
8.19,8.19,8.14,8.16,1600,2021-06-25 14:07:00,LYTS
8.19,8.23,8.19,8.23,1015,2021-06-25 14:08:00,LYTS
8.23,8.23,8.19,8.23,1771,2021-06-25 14:09:00,LYTS
8.215,8.215,8.215,8.215,300,2021-06-25 14:10:00,LYTS
8.24,8.24,8.215,8.215,200,2021-06-25 14:11:00,LYTS
8.215,8.24,8.21,8.21,600,2021-06-25 14:12:00,LYTS
8.21,8.23,8.21,8.21,700,2021-06-25 14:13:00,LYTS
8.21,8.23,8.205,8.205,500,2021-06-25 14:14:00,LYTS
8.205,8.205,8.205,8.205,100,2021-06-25 14:15:00,LYTS
8.205,8.22,8.205,8.205,500,2021-06-25 14:17:00,LYTS
8.205,8.22,8.205,8.205,400,2021-06-25 14:18:00,LYTS
8.22,8.24,8.22,8.24,1214,2021-06-25 14:19:00,LYTS
8.24,8.25,8.24,8.24,400,2021-06-25 14:20:00,LYTS
8.24,8.24,8.24,8.24,146,2021-06-25 14:21:00,LYTS
8.24,8.28,8.23,8.27,2572,2021-06-25 14:22:00,LYTS
8.27,8.32,8.27,8.32,700,2021-06-25 14:23:00,LYTS
8.31,8.31,8.3,8.3,200,2021-06-25 14:24:00,LYTS
8.31,8.31,8.29,8.29,400,2021-06-25 14:25:00,LYTS
8.28,8.28,8.26,8.26,2094,2021-06-25 14:26:00,LYTS
8.27,8.3,8.27,8.285,600,2021-06-25 14:27:00,LYTS
8.285,8.3,8.285,8.3,600,2021-06-25 14:28:00,LYTS
8.2775,8.2775,8.2775,8.2775,100,2021-06-25 14:29:00,LYTS
8.285,8.285,8.285,8.285,300,2021-06-25 14:30:00,LYTS
8.285,8.29,8.25,8.29,1792,2021-06-25 14:31:00,LYTS
8.275,8.29,8.275,8.29,200,2021-06-25 14:32:00,LYTS
8.29,8.29,8.275,8.275,200,2021-06-25 14:33:00,LYTS
8.275,8.275,8.275,8.275,300,2021-06-25 14:35:00,LYTS
8.2603,8.3,8.26,8.3,5341,2021-06-25 14:36:00,LYTS
8.27,8.3,8.25,8.275,2408,2021-06-25 14:37:00,LYTS
8.2587,8.3,8.25,8.3,900,2021-06-25 14:38:00,LYTS
8.275,8.3,8.25,8.251,1000,2021-06-25 14:39:00,LYTS
8.251,8.3,8.251,8.275,400,2021-06-25 14:40:00,LYTS
8.3,8.3,8.25,8.25,1600,2021-06-25 14:41:00,LYTS
8.3,8.3,8.285,8.3,300,2021-06-25 14:42:00,LYTS
8.3,8.3,8.27,8.3,400,2021-06-25 14:43:00,LYTS
8.285,8.285,8.285,8.285,100,2021-06-25 14:44:00,LYTS
8.285,8.3,8.27,8.27,426,2021-06-25 14:45:00,LYTS
8.3,8.3,8.3,8.3,100,2021-06-25 14:46:00,LYTS
8.285,8.3,8.285,8.3,200,2021-06-25 14:47:00,LYTS
8.3,8.3,8.285,8.285,300,2021-06-25 14:48:00,LYTS
8.285,8.34,8.285,8.34,1705,2021-06-25 14:49:00,LYTS
8.37,8.37,8.34,8.345,2100,2021-06-25 14:50:00,LYTS
8.33,8.33,8.33,8.33,125,2021-06-25 14:51:00,LYTS
8.335,8.39,8.33,8.36,1978,2021-06-25 14:52:00,LYTS
8.3301,8.36,8.3301,8.3422,600,2021-06-25 14:53:00,LYTS
8.3364,8.36,8.3301,8.3362,900,2021-06-25 14:54:00,LYTS
8.345,8.36,8.345,8.36,200,2021-06-25 14:55:00,LYTS
8.3404,8.36,8.331,8.3423,2610,2021-06-25 14:57:00,LYTS
8.345,8.36,8.3364,8.345,1100,2021-06-25 14:58:00,LYTS
8.36,8.4,8.35,8.4,7286,2021-06-25 14:59:00,LYTS
8.39,8.41,8.38,8.39,1251,2021-06-25 15:00:00,LYTS
8.39,8.39,8.38,8.38,200,2021-06-25 15:02:00,LYTS
8.37,8.39,8.37,8.39,500,2021-06-25 15:03:00,LYTS
8.36,8.36,8.35,8.36,475,2021-06-25 15:04:00,LYTS
8.355,8.355,8.355,8.355,100,2021-06-25 15:05:00,LYTS
8.33,8.33,8.33,8.33,100,2021-06-25 15:07:00,LYTS
8.3,8.3,8.28,8.28,200,2021-06-25 15:08:00,LYTS
8.3,8.3,8.3,8.3,300,2021-06-25 15:09:00,LYTS
8.3,8.3,8.3,8.3,100,2021-06-25 15:10:00,LYTS
8.305,8.305,8.305,8.305,100,2021-06-25 15:12:00,LYTS
8.29,8.305,8.29,8.305,300,2021-06-25 15:14:00,LYTS
8.29,8.29,8.29,8.29,200,2021-06-25 15:15:00,LYTS
8.305,8.305,8.29,8.305,300,2021-06-25 15:16:00,LYTS
8.305,8.32,8.29,8.32,1800,2021-06-25 15:18:00,LYTS
8.29,8.305,8.27,8.27,1701,2021-06-25 15:20:00,LYTS
8.27,8.33,8.27,8.33,2611,2021-06-25 15:21:00,LYTS
8.3,8.32,8.29,8.32,900,2021-06-25 15:23:00,LYTS
8.295,8.295,8.295,8.295,100,2021-06-25 15:26:00,LYTS
8.295,8.295,8.295,8.295,100,2021-06-25 15:27:00,LYTS
8.28,8.28,8.28,8.28,100,2021-06-25 15:28:00,LYTS
8.295,8.32,8.295,8.32,200,2021-06-25 15:30:00,LYTS
8.28,8.295,8.28,8.295,200,2021-06-25 15:31:00,LYTS
8.295,8.295,8.295,8.295,200,2021-06-25 15:32:00,LYTS
8.28,8.28,8.27,8.27,200,2021-06-25 15:33:00,LYTS
8.28,8.295,8.28,8.295,400,2021-06-25 15:35:00,LYTS
8.28,8.28,8.28,8.28,100,2021-06-25 15:36:00,LYTS
8.295,8.295,8.27,8.295,400,2021-06-25 15:37:00,LYTS
8.295,8.295,8.28,8.295,300,2021-06-25 15:38:00,LYTS
8.28,8.3,8.28,8.28,525,2021-06-25 15:39:00,LYTS
8.28,8.3,8.28,8.3,1449,2021-06-25 15:40:00,LYTS
8.28,8.28,8.27,8.28,500,2021-06-25 15:41:00,LYTS
8.28,8.28,8.27,8.27,300,2021-06-25 15:42:00,LYTS
8.29,8.33,8.29,8.31,1909,2021-06-25 15:43:00,LYTS
8.305,8.305,8.305,8.305,100,2021-06-25 15:44:00,LYTS
8.305,8.305,8.305,8.305,100,2021-06-25 15:46:00,LYTS
8.305,8.33,8.305,8.33,200,2021-06-25 15:47:00,LYTS
8.305,8.305,8.305,8.305,100,2021-06-25 15:48:00,LYTS
8.305,8.305,8.305,8.305,100,2021-06-25 15:50:00,LYTS
8.29,8.305,8.29,8.305,200,2021-06-25 15:51:00,LYTS
8.29,8.305,8.29,8.305,200,2021-06-25 15:52:00,LYTS
8.28,8.3,8.28,8.28,600,2021-06-25 15:53:00,LYTS
8.3,8.3,8.3,8.3,100,2021-06-25 15:54:00,LYTS
8.29,8.3,8.28,8.3,300,2021-06-25 15:55:00,LYTS
8.28,8.3,8.28,8.3,730,2021-06-25 15:56:00,LYTS
8.3,8.31,8.3,8.31,300,2021-06-25 15:58:00,LYTS
8.3,8.3,8.28,8.3,2168,2021-06-25 15:59:00,LYTS
8.28,8.3,8.26,8.3,500,2021-06-25 16:00:00,LYTS
8.3,8.33,8.275,8.33,2592,2021-06-25 16:01:00,LYTS
8.29,8.29,8.29,8.29,100,2021-06-25 16:02:00,LYTS
8.33,8.33,8.33,8.33,300,2021-06-25 16:03:00,LYTS
8.29,8.29,8.29,8.29,100,2021-06-25 16:05:00,LYTS
8.3,8.33,8.3,8.31,300,2021-06-25 16:07:00,LYTS
8.305,8.33,8.3,8.305,1000,2021-06-25 16:09:00,LYTS
8.29,8.29,8.26,8.26,505,2021-06-25 16:10:00,LYTS
8.28,8.28,8.26,8.28,300,2021-06-25 16:11:00,LYTS
8.27,8.275,8.27,8.275,200,2021-06-25 16:13:00,LYTS
8.28,8.28,8.26,8.275,400,2021-06-25 16:14:00,LYTS
8.25,8.265,8.25,8.25,323,2021-06-25 16:15:00,LYTS
8.25,8.26,8.25,8.26,500,2021-06-25 16:16:00,LYTS
8.26,8.26,8.26,8.26,100,2021-06-25 16:17:00,LYTS
8.25,8.26,8.25,8.26,423,2021-06-25 16:18:00,LYTS
8.25,8.26,8.25,8.26,800,2021-06-25 16:19:00,LYTS
8.26,8.26,8.25,8.25,523,2021-06-25 16:20:00,LYTS
8.25,8.26,8.25,8.26,600,2021-06-25 16:21:00,LYTS
8.25,8.26,8.2,8.2,2978,2021-06-25 16:22:00,LYTS
8.2,8.215,8.18,8.18,503,2021-06-25 16:24:00,LYTS
8.18,8.2,8.18,8.2,800,2021-06-25 16:25:00,LYTS
8.18,8.19,8.18,8.19,200,2021-06-25 16:26:00,LYTS
8.17,8.185,8.17,8.17,700,2021-06-25 16:27:00,LYTS
8.17,8.19,8.165,8.19,2000,2021-06-25 16:28:00,LYTS
8.17,8.17,8.17,8.17,100,2021-06-25 16:29:00,LYTS
8.17,8.17,8.16,8.16,334,2021-06-25 16:30:00,LYTS
8.18,8.185,8.18,8.185,1400,2021-06-25 16:31:00,LYTS
8.17,8.185,8.17,8.185,300,2021-06-25 16:32:00,LYTS
8.17,8.17,8.17,8.17,100,2021-06-25 16:33:00,LYTS
8.185,8.185,8.17,8.17,500,2021-06-25 16:34:00,LYTS
8.185,8.185,8.17,8.18,403,2021-06-25 16:35:00,LYTS
8.175,8.175,8.17,8.175,900,2021-06-25 16:36:00,LYTS
8.18,8.19,8.18,8.185,400,2021-06-25 16:37:00,LYTS
8.185,8.185,8.17,8.185,500,2021-06-25 16:38:00,LYTS
8.185,8.185,8.17,8.185,400,2021-06-25 16:39:00,LYTS
8.17,8.17,8.17,8.17,103,2021-06-25 16:40:00,LYTS
8.18,8.18,8.18,8.18,200,2021-06-25 16:41:00,LYTS
8.16,8.17,8.16,8.17,1000,2021-06-25 16:42:00,LYTS
8.175,8.19,8.17,8.17,500,2021-06-25 16:43:00,LYTS
8.17,8.18,8.17,8.18,700,2021-06-25 16:44:00,LYTS
8.18,8.185,8.18,8.185,400,2021-06-25 16:45:00,LYTS
8.2,8.23,8.2,8.23,600,2021-06-25 16:46:00,LYTS
8.2,8.2,8.17,8.2,400,2021-06-25 16:47:00,LYTS
8.17,8.23,8.17,8.23,500,2021-06-25 16:48:00,LYTS
8.2,8.23,8.18,8.23,600,2021-06-25 16:49:00,LYTS
8.23,8.24,8.19,8.19,700,2021-06-25 16:50:00,LYTS
8.21,8.24,8.21,8.21,400,2021-06-25 16:51:00,LYTS
8.24,8.24,8.24,8.24,300,2021-06-25 16:52:00,LYTS
8.24,8.24,8.205,8.205,200,2021-06-25 16:53:00,LYTS
8.22,8.25,8.21,8.25,900,2021-06-25 16:54:00,LYTS
8.22,8.22,8.2,8.2,200,2021-06-25 16:55:00,LYTS
8.22,8.23,8.21,8.21,400,2021-06-25 16:56:00,LYTS
8.23,8.24,8.22,8.24,500,2021-06-25 16:57:00,LYTS
8.22,8.22,8.22,8.22,100,2021-06-25 16:58:00,LYTS
8.22,8.24,8.22,8.24,400,2021-06-25 16:59:00,LYTS
8.24,8.24,8.235,8.235,300,2021-06-25 17:00:00,LYTS
8.235,8.26,8.235,8.245,300,2021-06-25 17:01:00,LYTS
8.245,8.245,8.23,8.23,200,2021-06-25 17:02:00,LYTS
8.245,8.25,8.245,8.25,200,2021-06-25 17:03:00,LYTS
8.24,8.24,8.24,8.24,300,2021-06-25 17:04:00,LYTS
8.24,8.26,8.24,8.26,300,2021-06-25 17:05:00,LYTS
8.24,8.24,8.24,8.24,200,2021-06-25 17:06:00,LYTS
8.24,8.24,8.23,8.23,200,2021-06-25 17:07:00,LYTS
8.24,8.25,8.24,8.24,300,2021-06-25 17:08:00,LYTS
8.24,8.24,8.22,8.23,674,2021-06-25 17:09:00,LYTS
8.23,8.25,8.23,8.23,903,2021-06-25 17:10:00,LYTS
8.22,8.26,8.22,8.26,923,2021-06-25 17:11:00,LYTS
8.23,8.23,8.23,8.23,269,2021-06-25 17:12:00,LYTS
8.245,8.245,8.24,8.24,200,2021-06-25 17:13:00,LYTS
8.23,8.25,8.23,8.23,909,2021-06-25 17:14:00,LYTS
8.235,8.25,8.235,8.235,500,2021-06-25 17:16:00,LYTS
8.22,8.26,8.22,8.26,300,2021-06-25 17:17:00,LYTS
8.23,8.23,8.23,8.23,100,2021-06-25 17:18:00,LYTS
8.24,8.26,8.24,8.26,2346,2021-06-25 17:19:00,LYTS
8.23,8.23,8.23,8.23,100,2021-06-25 17:20:00,LYTS
8.245,8.25,8.245,8.25,200,2021-06-25 17:21:00,LYTS
8.24,8.24,8.24,8.24,100,2021-06-25 17:22:00,LYTS
8.24,8.25,8.23,8.23,1628,2021-06-25 17:23:00,LYTS
8.23,8.23,8.23,8.23,100,2021-06-25 17:24:00,LYTS
8.24,8.24,8.24,8.24,100,2021-06-25 17:25:00,LYTS
8.22,8.23,8.22,8.23,200,2021-06-25 17:26:00,LYTS
8.23,8.23,8.23,8.23,100,2021-06-25 17:27:00,LYTS
8.22,8.23,8.22,8.23,300,2021-06-25 17:28:00,LYTS
8.23,8.24,8.23,8.24,200,2021-06-25 17:29:00,LYTS
8.23,8.23,8.23,8.23,100,2021-06-25 17:30:00,LYTS
8.23,8.23,8.22,8.23,403,2021-06-25 17:31:00,LYTS
8.22,8.22,8.22,8.22,227,2021-06-25 17:32:00,LYTS
8.22,8.24,8.22,8.23,1418,2021-06-25 17:33:00,LYTS
8.22,8.22,8.22,8.22,100,2021-06-25 17:34:00,LYTS
8.23,8.23,8.23,8.23,100,2021-06-25 17:35:00,LYTS
8.23,8.27,8.23,8.23,1030,2021-06-25 17:36:00,LYTS
8.25,8.25,8.25,8.25,100,2021-06-25 17:37:00,LYTS
8.25,8.27,8.25,8.25,400,2021-06-25 17:38:00,LYTS
8.25,8.25,8.25,8.25,100,2021-06-25 17:39:00,LYTS
8.25,8.25,8.25,8.25,200,2021-06-25 17:40:00,LYTS
8.25,8.25,8.25,8.25,300,2021-06-25 17:41:00,LYTS
8.25,8.25,8.24,8.24,200,2021-06-25 17:42:00,LYTS
8.25,8.25,8.25,8.25,300,2021-06-25 17:43:00,LYTS
8.25,8.25,8.25,8.25,200,2021-06-25 17:44:00,LYTS
8.25,8.25,8.24,8.25,300,2021-06-25 17:45:00,LYTS
8.24,8.26,8.24,8.24,300,2021-06-25 17:46:00,LYTS
8.23,8.27,8.23,8.27,400,2021-06-25 17:47:00,LYTS
8.25,8.26,8.24,8.24,500,2021-06-25 17:48:00,LYTS
8.26,8.27,8.24,8.27,1200,2021-06-25 17:49:00,LYTS
8.255,8.26,8.25,8.25,400,2021-06-25 17:51:00,LYTS
8.245,8.26,8.23,8.245,2320,2021-06-25 17:53:00,LYTS
8.245,8.26,8.23,8.25,505,2021-06-25 17:54:00,LYTS
8.23,8.23,8.23,8.23,100,2021-06-25 17:55:00,LYTS
8.22,8.22,8.22,8.22,100,2021-06-25 17:56:00,LYTS
8.225,8.24,8.225,8.225,400,2021-06-25 17:57:00,LYTS
8.225,8.225,8.225,8.225,100,2021-06-25 17:58:00,LYTS
8.21,8.22,8.21,8.21,500,2021-06-25 17:59:00,LYTS
8.2,8.2,8.2,8.2,100,2021-06-25 18:00:00,LYTS
8.2,8.26,8.2,8.25,1577,2021-06-25 18:01:00,LYTS
8.24,8.24,8.21,8.24,300,2021-06-25 18:02:00,LYTS
8.225,8.225,8.225,8.225,100,2021-06-25 18:03:00,LYTS
8.225,8.24,8.21,8.24,400,2021-06-25 18:04:00,LYTS
8.225,8.24,8.2,8.24,500,2021-06-25 18:06:00,LYTS
8.21,8.225,8.21,8.225,200,2021-06-25 18:07:00,LYTS
8.2,8.23,8.2,8.23,1000,2021-06-25 18:08:00,LYTS
8.2,8.21,8.2,8.21,326,2021-06-25 18:09:00,LYTS
8.2,8.2,8.2,8.2,100,2021-06-25 18:10:00,LYTS
8.2,8.2,8.195,8.195,300,2021-06-25 18:11:00,LYTS
8.18,8.18,8.18,8.18,100,2021-06-25 18:12:00,LYTS
8.18,8.195,8.17,8.17,300,2021-06-25 18:13:00,LYTS
8.195,8.195,8.17,8.17,400,2021-06-25 18:14:00,LYTS
8.17,8.19,8.15,8.15,500,2021-06-25 18:15:00,LYTS
8.14,8.2,8.14,8.2,890,2021-06-25 18:16:00,LYTS
8.17,8.17,8.15,8.16,300,2021-06-25 18:17:00,LYTS
8.17,8.19,8.16,8.16,300,2021-06-25 18:18:00,LYTS
8.19,8.19,8.175,8.175,200,2021-06-25 18:19:00,LYTS
8.175,8.19,8.15,8.16,600,2021-06-25 18:20:00,LYTS
8.16,8.19,8.16,8.19,200,2021-06-25 18:21:00,LYTS
8.16,8.175,8.16,8.175,400,2021-06-25 18:22:00,LYTS
8.175,8.2,8.16,8.16,400,2021-06-25 18:23:00,LYTS
8.175,8.2,8.16,8.16,500,2021-06-25 18:24:00,LYTS
8.15,8.175,8.15,8.175,200,2021-06-25 18:25:00,LYTS
8.16,8.2,8.15,8.15,500,2021-06-25 18:26:00,LYTS
8.16,8.2,8.16,8.16,500,2021-06-25 18:27:00,LYTS
8.17,8.215,8.15,8.215,1500,2021-06-25 18:28:00,LYTS
8.19,8.23,8.18,8.2,2084,2021-06-25 18:29:00,LYTS
8.18,8.19,8.18,8.19,400,2021-06-25 18:30:00,LYTS
8.185,8.2,8.17,8.17,600,2021-06-25 18:31:00,LYTS
8.185,8.185,8.185,8.185,100,2021-06-25 18:32:00,LYTS
8.17,8.21,8.17,8.17,600,2021-06-25 18:33:00,LYTS
8.21,8.21,8.185,8.185,400,2021-06-25 18:34:00,LYTS
8.21,8.21,8.16,8.2,400,2021-06-25 18:35:00,LYTS
8.16,8.2,8.16,8.16,500,2021-06-25 18:36:00,LYTS
8.16,8.21,8.16,8.17,1000,2021-06-25 18:37:00,LYTS
8.17,8.2,8.17,8.185,909,2021-06-25 18:38:00,LYTS
8.185,8.185,8.185,8.185,100,2021-06-25 18:39:00,LYTS
8.17,8.17,8.17,8.17,100,2021-06-25 18:40:00,LYTS
8.16,8.175,8.16,8.175,200,2021-06-25 18:41:00,LYTS
8.16,8.16,8.16,8.16,400,2021-06-25 18:42:00,LYTS
8.17,8.18,8.17,8.175,700,2021-06-25 18:43:00,LYTS
8.175,8.2,8.175,8.195,600,2021-06-25 18:44:00,LYTS
8.215,8.22,8.19,8.21,1100,2021-06-25 18:45:00,LYTS
8.17,8.2,8.17,8.1905,400,2021-06-25 18:46:00,LYTS
8.19,8.205,8.18,8.18,919,2021-06-25 18:47:00,LYTS
8.21,8.21,8.18,8.18,200,2021-06-25 18:48:00,LYTS
8.18,8.205,8.17,8.2,900,2021-06-25 18:49:00,LYTS
8.2,8.205,8.18,8.18,400,2021-06-25 18:50:00,LYTS
8.23,8.23,8.18,8.18,400,2021-06-25 18:51:00,LYTS
8.18,8.23,8.18,8.23,600,2021-06-25 18:52:00,LYTS
8.2,8.24,8.2,8.24,700,2021-06-25 18:53:00,LYTS
8.23,8.24,8.22,8.24,1200,2021-06-25 18:54:00,LYTS
8.24,8.24,8.22,8.24,300,2021-06-25 18:55:00,LYTS
8.24,8.28,8.24,8.24,1274,2021-06-25 18:56:00,LYTS
8.26,8.26,8.24,8.24,200,2021-06-25 18:57:00,LYTS
8.25,8.255,8.23,8.23,400,2021-06-25 18:58:00,LYTS
8.27,8.27,8.255,8.255,300,2021-06-25 18:59:00,LYTS
8.24,8.255,8.24,8.255,300,2021-06-25 19:00:00,LYTS
8.255,8.28,8.255,8.28,600,2021-06-25 19:01:00,LYTS
8.29,8.31,8.26,8.26,1200,2021-06-25 19:02:00,LYTS
8.28,8.31,8.26,8.26,3150,2021-06-25 19:03:00,LYTS
8.31,8.31,8.26,8.3,1979,2021-06-25 19:04:00,LYTS
8.275,8.3,8.26,8.28,500,2021-06-25 19:05:00,LYTS
8.26,8.28,8.26,8.28,500,2021-06-25 19:06:00,LYTS
8.26,8.3,8.26,8.3,345,2021-06-25 19:07:00,LYTS
8.28,8.31,8.27,8.31,2200,2021-06-25 19:08:00,LYTS
8.32,8.33,8.305,8.305,300,2021-06-25 19:09:00,LYTS
8.305,8.33,8.29,8.29,300,2021-06-25 19:10:00,LYTS
8.3,8.32,8.3,8.3,400,2021-06-25 19:11:00,LYTS
8.33,8.33,8.3,8.3,500,2021-06-25 19:12:00,LYTS
8.33,8.35,8.31,8.35,1562,2021-06-25 19:13:00,LYTS
8.335,8.36,8.32,8.35,500,2021-06-25 19:14:00,LYTS
8.32,8.35,8.3,8.3,3225,2021-06-25 19:15:00,LYTS
8.3,8.35,8.3,8.3,706,2021-06-25 19:16:00,LYTS
8.31,8.34,8.31,8.33,1644,2021-06-25 19:17:00,LYTS
8.33,8.35,8.32,8.32,1180,2021-06-25 19:18:00,LYTS
8.31,8.34,8.31,8.34,606,2021-06-25 19:19:00,LYTS
8.335,8.4,8.33,8.4,1993,2021-06-25 19:20:00,LYTS
8.365,8.4,8.365,8.4,800,2021-06-25 19:21:00,LYTS
8.34,8.39,8.34,8.3696,2200,2021-06-25 19:22:00,LYTS
8.355,8.37,8.34,8.3696,2203,2021-06-25 19:23:00,LYTS
8.35,8.42,8.35,8.42,2400,2021-06-25 19:24:00,LYTS
8.395,8.42,8.37,8.42,821,2021-06-25 19:25:00,LYTS
8.395,8.42,8.38,8.42,600,2021-06-25 19:26:00,LYTS
8.38,8.42,8.38,8.42,1500,2021-06-25 19:27:00,LYTS
8.405,8.46,8.39,8.45,4200,2021-06-25 19:28:00,LYTS
8.42,8.48,8.42,8.455,4579,2021-06-25 19:29:00,LYTS
8.48,8.48,8.41,8.41,6180,2021-06-25 19:30:00,LYTS
8.41,8.43,8.38,8.43,2633,2021-06-25 19:31:00,LYTS
8.39,8.4,8.385,8.385,800,2021-06-25 19:32:00,LYTS
8.385,8.43,8.38,8.43,1495,2021-06-25 19:33:00,LYTS
8.44,8.45,8.42,8.435,1000,2021-06-25 19:34:00,LYTS
8.44,8.46,8.44,8.46,1305,2021-06-25 19:35:00,LYTS
8.445,8.47,8.43,8.44,3021,2021-06-25 19:36:00,LYTS
8.43,8.44,8.415,8.415,1500,2021-06-25 19:37:00,LYTS
8.41,8.42,8.4,8.415,1850,2021-06-25 19:38:00,LYTS
8.39,8.42,8.39,8.39,2635,2021-06-25 19:39:00,LYTS
8.36,8.38,8.36,8.37,1480,2021-06-25 19:40:00,LYTS
8.39,8.43,8.39,8.39,3102,2021-06-25 19:41:00,LYTS
8.42,8.46,8.405,8.45,7657,2021-06-25 19:42:00,LYTS
8.42,8.44,8.41,8.44,766,2021-06-25 19:43:00,LYTS
8.435,8.47,8.435,8.45,3012,2021-06-25 19:44:00,LYTS
8.43,8.45,8.43,8.45,1853,2021-06-25 19:45:00,LYTS
8.45,8.47,8.44,8.44,1100,2021-06-25 19:46:00,LYTS
8.43,8.46,8.43,8.445,1701,2021-06-25 19:47:00,LYTS
8.45,8.46,8.445,8.445,1100,2021-06-25 19:48:00,LYTS
8.445,8.445,8.44,8.44,800,2021-06-25 19:49:00,LYTS
8.43,8.43,8.31,8.375,17464,2021-06-25 19:50:00,LYTS
8.375,8.375,8.32,8.32,2000,2021-06-25 19:51:00,LYTS
8.34,8.36,8.32,8.36,8118,2021-06-25 19:52:00,LYTS
8.32,8.36,8.3,8.31,4203,2021-06-25 19:53:00,LYTS
8.31,8.32,8.23,8.25,6549,2021-06-25 19:54:00,LYTS
8.22,8.29,8.21,8.25,9793,2021-06-25 19:55:00,LYTS
8.27,8.3,8.23,8.25,8984,2021-06-25 19:56:00,LYTS
8.23,8.28,8.21,8.27,4747,2021-06-25 19:57:00,LYTS
8.23,8.29,8.22,8.25,7152,2021-06-25 19:58:00,LYTS
8.27,8.31,8.25,8.26,15768,2021-06-25 19:59:00,LYTS
8.24,8.24,8.24,8.24,2642507,2021-06-25 20:00:00,LYTS
8.24,8.24,8.24,8.24,59540,2021-06-25 20:03:00,LYTS
8.24,8.24,8.24,8.24,210696,2021-06-25 20:04:00,LYTS
8.27,8.3,8.27,8.3,4665,2021-06-28 13:30:00,LYTS
8.32,8.32,8.32,8.32,100,2021-06-28 13:32:00,LYTS
8.25,8.25,8.25,8.25,100,2021-06-28 13:34:00,LYTS
8.26,8.26,8.24,8.24,740,2021-06-28 13:37:00,LYTS
8.21,8.2273,8.21,8.21,400,2021-06-28 13:40:00,LYTS
8.2082,8.2082,8.19,8.19,700,2021-06-28 13:41:00,LYTS
8.18,8.18,8.18,8.18,100,2021-06-28 13:44:00,LYTS
8.1873,8.1873,8.1873,8.1873,100,2021-06-28 13:45:00,LYTS
8.16,8.16,8.11,8.11,280,2021-06-28 13:46:00,LYTS
8.12,8.12,8.12,8.12,100,2021-06-28 13:48:00,LYTS
8.1,8.15,8.1,8.15,500,2021-06-28 13:49:00,LYTS
8.185,8.185,8.185,8.185,100,2021-06-28 13:51:00,LYTS
8.19,8.19,8.19,8.19,100,2021-06-28 13:52:00,LYTS
8.245,8.245,8.245,8.245,100,2021-06-28 13:53:00,LYTS
8.21,8.21,8.21,8.21,100,2021-06-28 13:54:00,LYTS
8.2,8.2,8.14,8.14,500,2021-06-28 13:55:00,LYTS
8.17,8.17,8.17,8.17,100,2021-06-28 14:04:00,LYTS
8.17,8.1772,8.17,8.1772,238,2021-06-28 14:05:00,LYTS
8.11,8.11,8.11,8.11,100,2021-06-28 14:07:00,LYTS
8.12,8.12,8.12,8.12,171,2021-06-28 14:08:00,LYTS
8.12,8.13,8.12,8.12,523,2021-06-28 14:09:00,LYTS
8.16,8.16,8.16,8.16,100,2021-06-28 14:10:00,LYTS
8.12,8.12,8.12,8.12,200,2021-06-28 14:12:00,LYTS
8.16,8.16,8.16,8.16,200,2021-06-28 14:22:00,LYTS
8.15,8.2,8.13,8.13,400,2021-06-28 14:23:00,LYTS
8.1318,8.1318,8.1318,8.1318,187,2021-06-28 14:25:00,LYTS
8.1516,8.18,8.13,8.18,1400,2021-06-28 14:35:00,LYTS
8.13,8.14,8.07,8.1,4300,2021-06-28 14:36:00,LYTS
8.1,8.1,8.09,8.09,500,2021-06-28 14:38:00,LYTS
8.1,8.11,8.1,8.1,1900,2021-06-28 14:39:00,LYTS
8.09,8.09,8.09,8.09,146,2021-06-28 14:40:00,LYTS
8.11,8.11,8.11,8.11,100,2021-06-28 14:43:00,LYTS
8.08,8.08,8.08,8.08,100,2021-06-28 14:44:00,LYTS
8.1,8.11,8.1,8.11,300,2021-06-28 14:45:00,LYTS
8.12,8.12,8.12,8.12,100,2021-06-28 14:46:00,LYTS
8.105,8.105,8.105,8.105,100,2021-06-28 14:48:00,LYTS
8.09,8.09,8.09,8.09,469,2021-06-28 14:49:00,LYTS
8.105,8.12,8.105,8.12,300,2021-06-28 14:50:00,LYTS
8.1173,8.12,8.09,8.09,1538,2021-06-28 14:53:00,LYTS
8.11,8.1699,8.11,8.1699,1900,2021-06-28 14:54:00,LYTS
8.1201,8.145,8.1201,8.145,4100,2021-06-28 14:55:00,LYTS
8.145,8.145,8.145,8.145,100,2021-06-28 14:56:00,LYTS
8.145,8.145,8.145,8.145,122,2021-06-28 14:57:00,LYTS
8.145,8.145,8.145,8.145,122,2021-06-28 14:59:00,LYTS
8.145,8.17,8.145,8.168,700,2021-06-28 15:00:00,LYTS
8.17,8.17,8.1699,8.1699,400,2021-06-28 15:01:00,LYTS
8.17,8.17,8.17,8.17,100,2021-06-28 15:04:00,LYTS
8.145,8.145,8.14,8.14,200,2021-06-28 15:05:00,LYTS
8.1561,8.1561,8.1561,8.1561,244,2021-06-28 15:07:00,LYTS
8.1573,8.1573,8.1573,8.1573,100,2021-06-28 15:08:00,LYTS
8.145,8.145,8.145,8.145,100,2021-06-28 15:09:00,LYTS
8.16,8.16,8.16,8.16,100,2021-06-28 15:10:00,LYTS
8.16,8.16,8.16,8.16,100,2021-06-28 15:13:00,LYTS
8.16,8.16,8.16,8.16,100,2021-06-28 15:14:00,LYTS
8.16,8.16,8.145,8.145,400,2021-06-28 15:15:00,LYTS
8.15,8.15,8.14,8.14,200,2021-06-28 15:16:00,LYTS
8.15,8.15,8.14,8.14,200,2021-06-28 15:17:00,LYTS
8.15,8.15,8.15,8.15,100,2021-06-28 15:18:00,LYTS
8.16,8.17,8.16,8.17,400,2021-06-28 15:21:00,LYTS
8.2,8.2,8.2,8.2,200,2021-06-28 15:22:00,LYTS
8.2,8.2,8.2,8.2,100,2021-06-28 15:23:00,LYTS
8.21,8.21,8.2,8.2,400,2021-06-28 15:25:00,LYTS
8.205,8.24,8.205,8.24,200,2021-06-28 15:27:00,LYTS
8.21,8.21,8.21,8.21,100,2021-06-28 15:28:00,LYTS
8.2,8.2,8.2,8.2,100,2021-06-28 15:35:00,LYTS
8.2,8.2,8.2,8.2,100,2021-06-28 15:36:00,LYTS
8.17,8.17,8.17,8.17,100,2021-06-28 15:42:00,LYTS
8.185,8.185,8.185,8.185,100,2021-06-28 15:43:00,LYTS
8.19,8.19,8.19,8.19,200,2021-06-28 15:45:00,LYTS
8.21,8.21,8.21,8.21,100,2021-06-28 15:46:00,LYTS
8.19,8.1935,8.19,8.19,535,2021-06-28 15:47:00,LYTS
8.19,8.19,8.19,8.19,100,2021-06-28 15:48:00,LYTS
8.195,8.195,8.195,8.195,200,2021-06-28 15:49:00,LYTS
8.195,8.195,8.195,8.195,100,2021-06-28 15:54:00,LYTS
8.195,8.195,8.195,8.195,200,2021-06-28 15:55:00,LYTS
8.195,8.195,8.195,8.195,100,2021-06-28 16:02:00,LYTS
8.195,8.195,8.195,8.195,100,2021-06-28 16:03:00,LYTS
8.195,8.195,8.195,8.195,200,2021-06-28 16:04:00,LYTS
8.21,8.21,8.21,8.21,100,2021-06-28 16:06:00,LYTS
8.195,8.195,8.195,8.195,100,2021-06-28 16:08:00,LYTS
8.195,8.2,8.195,8.2,600,2021-06-28 16:09:00,LYTS
8.195,8.195,8.195,8.195,300,2021-06-28 16:10:00,LYTS
8.18,8.21,8.18,8.21,2300,2021-06-28 16:12:00,LYTS
8.16,8.18,8.15,8.18,463,2021-06-28 16:13:00,LYTS
8.18,8.18,8.18,8.18,100,2021-06-28 16:16:00,LYTS
8.18,8.2,8.18,8.2,700,2021-06-28 16:17:00,LYTS
8.21,8.21,8.195,8.195,200,2021-06-28 16:22:00,LYTS
8.195,8.195,8.18,8.19,300,2021-06-28 16:25:00,LYTS
8.21,8.21,8.21,8.21,100,2021-06-28 16:26:00,LYTS
8.19,8.19,8.19,8.19,200,2021-06-28 16:28:00,LYTS
8.19,8.19,8.19,8.19,100,2021-06-28 16:30:00,LYTS
8.19,8.19,8.19,8.19,200,2021-06-28 16:31:00,LYTS
8.18,8.2,8.18,8.195,2200,2021-06-28 16:35:00,LYTS
8.21,8.21,8.21,8.21,200,2021-06-28 16:36:00,LYTS
8.19,8.19,8.19,8.19,100,2021-06-28 16:38:00,LYTS
8.19,8.21,8.19,8.195,400,2021-06-28 16:39:00,LYTS
8.195,8.195,8.18,8.18,200,2021-06-28 16:42:00,LYTS
8.195,8.195,8.195,8.195,100,2021-06-28 16:45:00,LYTS
8.18,8.18,8.18,8.18,100,2021-06-28 16:48:00,LYTS
8.195,8.195,8.195,8.195,176,2021-06-28 16:55:00,LYTS
8.195,8.195,8.195,8.195,100,2021-06-28 16:59:00,LYTS
8.195,8.195,8.195,8.195,100,2021-06-28 17:00:00,LYTS
8.195,8.195,8.195,8.195,200,2021-06-28 17:02:00,LYTS
8.205,8.205,8.205,8.205,100,2021-06-28 17:04:00,LYTS
8.2,8.21,8.19,8.19,5100,2021-06-28 17:07:00,LYTS
8.17,8.17,8.17,8.17,642,2021-06-28 17:10:00,LYTS
8.18,8.18,8.17,8.17,200,2021-06-28 17:12:00,LYTS
8.21,8.21,8.21,8.21,100,2021-06-28 17:13:00,LYTS
8.17,8.17,8.17,8.17,100,2021-06-28 17:14:00,LYTS
8.17,8.19,8.12,8.19,1900,2021-06-28 17:17:00,LYTS
8.19,8.21,8.19,8.21,300,2021-06-28 17:18:00,LYTS
8.165,8.165,8.165,8.165,100,2021-06-28 17:27:00,LYTS
8.12,8.2,8.12,8.2,400,2021-06-28 17:29:00,LYTS
8.15,8.15,8.15,8.15,100,2021-06-28 17:37:00,LYTS
8.14,8.2,8.14,8.2,2200,2021-06-28 17:38:00,LYTS
8.2,8.2,8.2,8.2,100,2021-06-28 17:39:00,LYTS
8.2,8.2,8.2,8.2,100,2021-06-28 17:42:00,LYTS
8.2,8.2,8.2,8.2,200,2021-06-28 17:43:00,LYTS
8.2,8.2,8.2,8.2,300,2021-06-28 17:45:00,LYTS
8.21,8.21,8.21,8.21,100,2021-06-28 17:47:00,LYTS
8.21,8.21,8.21,8.21,100,2021-06-28 17:49:00,LYTS
8.2,8.2,8.2,8.2,100,2021-06-28 17:51:00,LYTS
8.18,8.18,8.18,8.18,100,2021-06-28 17:52:00,LYTS
8.2,8.2,8.18,8.18,200,2021-06-28 17:54:00,LYTS
8.2,8.2,8.18,8.2,300,2021-06-28 17:55:00,LYTS
8.15,8.15,8.15,8.15,100,2021-06-28 17:57:00,LYTS
8.2,8.2,8.2,8.2,200,2021-06-28 17:58:00,LYTS
8.18,8.2,8.18,8.2,200,2021-06-28 17:59:00,LYTS
8.16,8.16,8.16,8.16,100,2021-06-28 18:00:00,LYTS
8.18,8.18,8.18,8.18,100,2021-06-28 18:01:00,LYTS
8.2094,8.2094,8.18,8.18,900,2021-06-28 18:03:00,LYTS
8.2,8.2,8.2,8.2,200,2021-06-28 18:05:00,LYTS
8.185,8.21,8.185,8.19,600,2021-06-28 18:06:00,LYTS
8.175,8.19,8.17,8.19,1477,2021-06-28 18:07:00,LYTS
8.18,8.2,8.18,8.2,200,2021-06-28 18:08:00,LYTS
8.185,8.2,8.185,8.2,300,2021-06-28 18:10:00,LYTS
8.185,8.185,8.185,8.185,100,2021-06-28 18:12:00,LYTS
8.185,8.21,8.185,8.21,200,2021-06-28 18:14:00,LYTS
8.185,8.2,8.16,8.2,700,2021-06-28 18:16:00,LYTS
8.2,8.2,8.2,8.2,100,2021-06-28 18:17:00,LYTS
8.2,8.2,8.2,8.2,100,2021-06-28 18:18:00,LYTS
8.2,8.2,8.2,8.2,300,2021-06-28 18:20:00,LYTS
8.19,8.19,8.19,8.19,100,2021-06-28 18:26:00,LYTS
8.19,8.2,8.19,8.1999,500,2021-06-28 18:29:00,LYTS
8.2,8.2,8.19,8.2,500,2021-06-28 18:30:00,LYTS
8.21,8.21,8.21,8.21,300,2021-06-28 18:31:00,LYTS
8.19,8.19,8.19,8.19,100,2021-06-28 18:32:00,LYTS
8.18,8.2,8.17,8.2,500,2021-06-28 18:33:00,LYTS
8.17,8.2,8.17,8.195,500,2021-06-28 18:35:00,LYTS
8.19,8.19,8.19,8.19,100,2021-06-28 18:41:00,LYTS
8.2,8.2,8.185,8.185,600,2021-06-28 18:42:00,LYTS
8.19,8.2,8.17,8.2,1000,2021-06-28 18:43:00,LYTS
8.2,8.2,8.17,8.17,300,2021-06-28 18:45:00,LYTS
8.2,8.2,8.2,8.2,200,2021-06-28 18:48:00,LYTS
8.19,8.19,8.17,8.17,200,2021-06-28 18:50:00,LYTS
8.19,8.2,8.17,8.2,300,2021-06-28 18:51:00,LYTS
8.17,8.17,8.17,8.17,200,2021-06-28 18:55:00,LYTS
8.19,8.19,8.19,8.19,100,2021-06-28 18:56:00,LYTS
8.205,8.205,8.205,8.205,100,2021-06-28 18:59:00,LYTS
8.19,8.19,8.19,8.19,100,2021-06-28 19:00:00,LYTS
8.17,8.2,8.17,8.2,1166,2021-06-28 19:03:00,LYTS
8.18,8.21,8.17,8.2,3256,2021-06-28 19:06:00,LYTS
8.195,8.215,8.195,8.215,600,2021-06-28 19:07:00,LYTS
8.22,8.22,8.22,8.22,100,2021-06-28 19:08:00,LYTS
8.225,8.225,8.21,8.215,500,2021-06-28 19:10:00,LYTS
8.23,8.23,8.23,8.23,800,2021-06-28 19:15:00,LYTS
8.22,8.22,8.21,8.21,600,2021-06-28 19:19:00,LYTS
8.17,8.17,8.17,8.17,200,2021-06-28 19:20:00,LYTS
8.12,8.12,8.12,8.12,100,2021-06-28 19:23:00,LYTS
8.09,8.09,8.09,8.09,100,2021-06-28 19:24:00,LYTS
8.12,8.12,8.12,8.12,100,2021-06-28 19:28:00,LYTS
8.1,8.1,8.09,8.1,1044,2021-06-28 19:31:00,LYTS
8.1,8.13,8.1,8.12,1600,2021-06-28 19:32:00,LYTS
8.12,8.12,8.12,8.12,100,2021-06-28 19:33:00,LYTS
8.12,8.13,8.12,8.13,1000,2021-06-28 19:36:00,LYTS
8.13,8.13,8.12,8.12,400,2021-06-28 19:37:00,LYTS
8.12,8.12,8.12,8.12,400,2021-06-28 19:40:00,LYTS
8.12,8.125,8.12,8.125,400,2021-06-28 19:41:00,LYTS
8.12,8.12,8.12,8.12,100,2021-06-28 19:43:00,LYTS
8.14,8.14,8.125,8.13,3236,2021-06-28 19:44:00,LYTS
8.13,8.13,8.08,8.1,1252,2021-06-28 19:45:00,LYTS
8.11,8.11,8.08,8.11,600,2021-06-28 19:50:00,LYTS
8.1,8.15,8.1,8.15,2873,2021-06-28 19:51:00,LYTS
8.135,8.135,8.12,8.12,500,2021-06-28 19:54:00,LYTS
8.15,8.15,8.15,8.15,300,2021-06-28 19:55:00,LYTS
8.14,8.16,8.13,8.15,3267,2021-06-28 19:56:00,LYTS
8.145,8.15,8.14,8.15,1495,2021-06-28 19:57:00,LYTS
8.14,8.14,8.12,8.12,1112,2021-06-28 19:58:00,LYTS
8.12,8.13,8.08,8.12,6576,2021-06-28 19:59:00,LYTS
8.12,8.12,8.12,8.12,16640,2021-06-28 20:00:00,LYTS
8.1,8.15,8.1,8.15,1994,2021-06-29 13:30:00,LYTS
8.23,8.24,8.121,8.121,1300,2021-06-29 13:31:00,LYTS
8.225,8.225,8.225,8.225,200,2021-06-29 13:32:00,LYTS
8.165,8.165,8.165,8.165,100,2021-06-29 13:33:00,LYTS
8.175,8.175,8.175,8.175,100,2021-06-29 13:34:00,LYTS
8.14,8.18,8.13,8.14,700,2021-06-29 13:37:00,LYTS
8.125,8.125,8.1,8.1,300,2021-06-29 13:38:00,LYTS
8.11,8.12,8.11,8.12,300,2021-06-29 13:42:00,LYTS
8.08,8.08,8.08,8.08,100,2021-06-29 13:43:00,LYTS
8.11,8.11,8.11,8.11,100,2021-06-29 13:52:00,LYTS
8.11,8.11,8.11,8.11,100,2021-06-29 13:54:00,LYTS
8.135,8.135,8.135,8.135,100,2021-06-29 14:00:00,LYTS
8.13,8.13,8.095,8.095,1699,2021-06-29 14:03:00,LYTS
8.1,8.135,8.1,8.135,3343,2021-06-29 14:04:00,LYTS
8.14,8.14,8.14,8.14,100,2021-06-29 14:05:00,LYTS
8.16,8.16,8.16,8.16,392,2021-06-29 14:06:00,LYTS
8.14,8.14,8.14,8.14,100,2021-06-29 14:09:00,LYTS
8.14,8.14,8.14,8.14,250,2021-06-29 14:10:00,LYTS
8.12,8.12,8.12,8.12,100,2021-06-29 14:11:00,LYTS
8.12,8.12,8.12,8.12,100,2021-06-29 14:12:00,LYTS
8.12,8.12,8.09,8.09,500,2021-06-29 14:13:00,LYTS
8.1,8.1,8.09,8.1,800,2021-06-29 14:14:00,LYTS
8.1,8.1,8.1,8.1,100,2021-06-29 14:16:00,LYTS
8.09,8.09,8.09,8.09,302,2021-06-29 14:19:00,LYTS
8.09,8.095,8.09,8.095,200,2021-06-29 14:21:00,LYTS
8.095,8.11,8.08,8.1,1400,2021-06-29 14:22:00,LYTS
8.12,8.12,8.12,8.12,100,2021-06-29 14:24:00,LYTS
8.08,8.08,8.08,8.08,100,2021-06-29 14:30:00,LYTS
8.07,8.07,8.07,8.07,100,2021-06-29 14:33:00,LYTS
8.08,8.08,8.08,8.08,200,2021-06-29 14:35:00,LYTS
8.09,8.12,8.09,8.09,300,2021-06-29 14:37:00,LYTS
8.1,8.1,8.09,8.09,200,2021-06-29 14:43:00,LYTS
8.08,8.08,8.08,8.08,100,2021-06-29 14:44:00,LYTS
8.08,8.08,8.07,8.07,400,2021-06-29 14:45:00,LYTS
8.06,8.06,8.06,8.06,100,2021-06-29 14:47:00,LYTS
8.08,8.08,8.08,8.08,100,2021-06-29 14:49:00,LYTS
8.07,8.07,8.07,8.07,200,2021-06-29 14:50:00,LYTS
8.06,8.06,8.06,8.06,100,2021-06-29 14:52:00,LYTS
8.08,8.08,8.08,8.08,100,2021-06-29 14:53:00,LYTS
8.09,8.09,8.08,8.08,597,2021-06-29 14:59:00,LYTS
8.09,8.09,8.09,8.09,400,2021-06-29 15:00:00,LYTS
8.09,8.09,8.09,8.09,100,2021-06-29 15:01:00,LYTS
8.1,8.1,8.09,8.09,200,2021-06-29 15:03:00,LYTS
8.09,8.09,8.09,8.09,300,2021-06-29 15:07:00,LYTS
8.11,8.11,8.11,8.11,100,2021-06-29 15:12:00,LYTS
8.105,8.105,8.105,8.105,100,2021-06-29 15:14:00,LYTS
8.0946,8.0946,8.0946,8.0946,200,2021-06-29 15:16:00,LYTS
8.09,8.09,8.09,8.09,100,2021-06-29 15:17:00,LYTS
8.12,8.12,8.12,8.12,100,2021-06-29 15:18:00,LYTS
8.105,8.105,8.09,8.09,4466,2021-06-29 15:21:00,LYTS
8.1,8.11,8.1,8.11,1100,2021-06-29 15:22:00,LYTS
8.11,8.13,8.11,8.13,1400,2021-06-29 15:23:00,LYTS
8.14,8.14,8.12,8.12,200,2021-06-29 15:28:00,LYTS
8.1,8.1,8.1,8.1,100,2021-06-29 15:31:00,LYTS
8.11,8.11,8.105,8.105,200,2021-06-29 15:33:00,LYTS
8.08,8.11,8.08,8.11,300,2021-06-29 15:35:00,LYTS
8.11,8.11,8.11,8.11,230,2021-06-29 15:36:00,LYTS
8.07,8.085,8.07,8.085,1000,2021-06-29 15:39:00,LYTS
8.09,8.1,8.09,8.1,200,2021-06-29 15:41:00,LYTS
8.1,8.1,8.1,8.1,500,2021-06-29 15:44:00,LYTS
8.09,8.09,8.09,8.09,500,2021-06-29 15:45:00,LYTS
8.09,8.09,8.09,8.09,100,2021-06-29 15:47:00,LYTS
8.09,8.09,8.09,8.09,100,2021-06-29 15:51:00,LYTS
8.1,8.115,8.1,8.115,400,2021-06-29 15:54:00,LYTS
8.0901,8.0901,8.0901,8.0901,200,2021-06-29 15:56:00,LYTS
8.13,8.13,8.13,8.13,1400,2021-06-29 16:01:00,LYTS
8.12,8.12,8.12,8.12,300,2021-06-29 16:05:00,LYTS
8.11,8.11,8.1,8.1,300,2021-06-29 16:08:00,LYTS
8.11,8.11,8.11,8.11,2800,2021-06-29 16:09:00,LYTS
8.05,8.05,8.05,8.05,300,2021-06-29 16:19:00,LYTS
8.09,8.09,8.09,8.09,100,2021-06-29 16:22:00,LYTS
8.11,8.11,8.11,8.11,300,2021-06-29 16:24:00,LYTS
8.09,8.09,8.09,8.09,100,2021-06-29 16:32:00,LYTS
8.09,8.09,8.09,8.09,200,2021-06-29 16:42:00,LYTS
8.085,8.085,8.085,8.085,100,2021-06-29 16:43:00,LYTS
8.0999,8.1,8.0999,8.1,6600,2021-06-29 16:47:00,LYTS
8.09,8.09,8.09,8.09,860,2021-06-29 16:49:00,LYTS
8.105,8.105,8.105,8.105,100,2021-06-29 16:51:00,LYTS
8.105,8.105,8.105,8.105,100,2021-06-29 16:54:00,LYTS
8.09,8.09,8.09,8.09,100,2021-06-29 16:57:00,LYTS
8.1,8.11,8.09,8.11,1100,2021-06-29 16:58:00,LYTS
8.115,8.115,8.115,8.115,400,2021-06-29 17:00:00,LYTS
8.11,8.11,8.11,8.11,100,2021-06-29 17:04:00,LYTS
8.1,8.1,8.1,8.1,100,2021-06-29 17:12:00,LYTS
8.105,8.11,8.105,8.11,200,2021-06-29 17:16:00,LYTS
8.1,8.1,8.1,8.1,100,2021-06-29 17:21:00,LYTS
8.12,8.12,8.12,8.12,1010,2021-06-29 17:24:00,LYTS
8.12,8.145,8.12,8.145,4011,2021-06-29 17:25:00,LYTS
8.14,8.14,8.13,8.13,600,2021-06-29 17:26:00,LYTS
8.13,8.13,8.13,8.13,200,2021-06-29 17:28:00,LYTS
8.13,8.13,8.13,8.13,100,2021-06-29 17:30:00,LYTS
8.14,8.14,8.13,8.13,400,2021-06-29 17:31:00,LYTS
8.13,8.13,8.12,8.12,200,2021-06-29 17:32:00,LYTS
8.12,8.12,8.12,8.12,100,2021-06-29 17:33:00,LYTS
8.12,8.12,8.12,8.12,300,2021-06-29 17:34:00,LYTS
8.09,8.09,8.09,8.09,308,2021-06-29 17:42:00,LYTS
8.08,8.08,8.07,8.07,500,2021-06-29 18:01:00,LYTS
8.0748,8.0756,8.0748,8.0756,400,2021-06-29 18:03:00,LYTS
8.09,8.09,8.09,8.09,700,2021-06-29 18:09:00,LYTS
8.09,8.09,8.09,8.09,598,2021-06-29 18:11:00,LYTS
8.09,8.09,8.09,8.09,100,2021-06-29 18:14:00,LYTS
8.09,8.09,8.09,8.09,100,2021-06-29 18:16:00,LYTS
8.08,8.09,8.07,8.07,600,2021-06-29 18:17:00,LYTS
8.075,8.075,8.07,8.07,200,2021-06-29 18:22:00,LYTS
8.06,8.06,8.05,8.05,5402,2021-06-29 18:23:00,LYTS
8.05,8.05,8.05,8.05,625,2021-06-29 18:24:00,LYTS
8.05,8.05,8.05,8.05,200,2021-06-29 18:26:00,LYTS
8.01,8.01,8.01,8.01,502,2021-06-29 18:28:00,LYTS
8.01,8.01,8.01,8.01,300,2021-06-29 18:29:00,LYTS
8.01,8.01,8.01,8.01,100,2021-06-29 18:30:00,LYTS
8.01,8.03,8.0,8.03,6767,2021-06-29 18:31:00,LYTS
7.98,7.98,7.98,7.98,307,2021-06-29 18:34:00,LYTS
7.97,7.97,7.94,7.94,1201,2021-06-29 18:35:00,LYTS
7.95,7.95,7.94,7.94,901,2021-06-29 18:36:00,LYTS
7.955,7.955,7.955,7.955,100,2021-06-29 18:37:00,LYTS
7.94,7.94,7.94,7.94,200,2021-06-29 18:38:00,LYTS
7.97,7.97,7.95,7.95,300,2021-06-29 18:40:00,LYTS
7.95,7.97,7.95,7.965,1380,2021-06-29 18:42:00,LYTS
7.97,7.97,7.97,7.97,100,2021-06-29 18:49:00,LYTS
7.99,7.99,7.99,7.99,100,2021-06-29 18:53:00,LYTS
7.99,7.99,7.99,7.99,100,2021-06-29 18:58:00,LYTS
8.0,8.0,8.0,8.0,500,2021-06-29 19:00:00,LYTS
8.01,8.01,8.01,8.01,200,2021-06-29 19:07:00,LYTS
8.01,8.02,8.0,8.0,6026,2021-06-29 19:09:00,LYTS
8.02,8.02,8.02,8.02,100,2021-06-29 19:12:00,LYTS
8.02,8.03,8.015,8.03,600,2021-06-29 19:13:00,LYTS
8.01,8.03,8.01,8.025,521,2021-06-29 19:14:00,LYTS
8.025,8.025,8.025,8.025,100,2021-06-29 19:17:00,LYTS
8.025,8.025,8.025,8.025,100,2021-06-29 19:18:00,LYTS
8.025,8.04,8.025,8.025,300,2021-06-29 19:21:00,LYTS
8.03,8.03,8.01,8.01,600,2021-06-29 19:23:00,LYTS
8.03,8.03,8.03,8.03,100,2021-06-29 19:24:00,LYTS
8.03,8.03,8.03,8.03,100,2021-06-29 19:25:00,LYTS
8.02,8.02,8.02,8.02,100,2021-06-29 19:26:00,LYTS
8.02,8.02,8.02,8.02,300,2021-06-29 19:29:00,LYTS
8.01,8.02,8.01,8.01,746,2021-06-29 19:30:00,LYTS
8.0,8.02,8.0,8.0,1100,2021-06-29 19:33:00,LYTS
8.01,8.01,8.01,8.01,300,2021-06-29 19:39:00,LYTS
8.02,8.02,8.01,8.01,800,2021-06-29 19:41:00,LYTS
8.01,8.03,8.01,8.02,1613,2021-06-29 19:42:00,LYTS
8.02,8.02,8.02,8.02,100,2021-06-29 19:44:00,LYTS
8.02,8.02,8.01,8.01,500,2021-06-29 19:45:00,LYTS
8.02,8.02,8.01,8.02,400,2021-06-29 19:46:00,LYTS
8.02,8.02,8.01,8.01,200,2021-06-29 19:48:00,LYTS
8.01,8.01,8.01,8.01,1100,2021-06-29 19:49:00,LYTS
8.0,8.02,8.0,8.01,800,2021-06-29 19:50:00,LYTS
8.01,8.01,8.01,8.01,200,2021-06-29 19:51:00,LYTS
8.0,8.01,8.0,8.01,2313,2021-06-29 19:52:00,LYTS
8.0,8.0,8.0,8.0,300,2021-06-29 19:54:00,LYTS
8.006,8.01,8.0,8.0,2925,2021-06-29 19:55:00,LYTS
8.01,8.01,7.99,8.0,1300,2021-06-29 19:56:00,LYTS
7.99,8.01,7.99,8.0,1399,2021-06-29 19:57:00,LYTS
8.0,8.0,7.99,7.99,2472,2021-06-29 19:58:00,LYTS
7.99,8.0,7.97,7.97,3507,2021-06-29 19:59:00,LYTS
7.97,7.97,7.97,7.97,13595,2021-06-29 20:00:00,LYTS
7.96,7.96,7.96,7.96,618,2021-06-30 13:30:00,LYTS
8.05,8.05,8.05,8.05,100,2021-06-30 13:40:00,LYTS
7.98,8.04,7.98,8.04,200,2021-06-30 13:44:00,LYTS
7.97,7.97,7.87,7.87,1352,2021-06-30 13:46:00,LYTS
7.86,7.92,7.86,7.92,300,2021-06-30 13:47:00,LYTS
7.92,7.92,7.92,7.92,725,2021-06-30 13:49:00,LYTS
7.9125,7.9125,7.9125,7.9125,1000,2021-06-30 13:50:00,LYTS
7.91,7.92,7.91,7.92,300,2021-06-30 13:51:00,LYTS
7.85,7.9159,7.85,7.9159,200,2021-06-30 13:59:00,LYTS
7.949,7.949,7.884,7.9084,700,2021-06-30 14:00:00,LYTS
7.9069,7.9288,7.9069,7.9288,200,2021-06-30 14:01:00,LYTS
7.9399,7.9399,7.92,7.92,200,2021-06-30 14:04:00,LYTS
7.93,7.93,7.93,7.93,100,2021-06-30 14:05:00,LYTS
7.92,7.92,7.92,7.92,324,2021-06-30 14:08:00,LYTS
7.89,7.89,7.89,7.89,900,2021-06-30 14:09:00,LYTS
7.9,7.9,7.86,7.86,304,2021-06-30 14:16:00,LYTS
7.85,7.85,7.85,7.85,320,2021-06-30 14:20:00,LYTS
7.82,7.82,7.82,7.82,100,2021-06-30 14:21:00,LYTS
7.8328,7.855,7.82,7.855,1000,2021-06-30 14:23:00,LYTS
7.85,7.851,7.84,7.851,300,2021-06-30 14:26:00,LYTS
7.87,7.9,7.82,7.9,1600,2021-06-30 14:30:00,LYTS
7.84,7.84,7.84,7.84,100,2021-06-30 14:31:00,LYTS
7.88,7.88,7.88,7.88,100,2021-06-30 14:33:00,LYTS
7.89,7.89,7.89,7.89,100,2021-06-30 14:37:00,LYTS
7.87,7.87,7.86,7.87,699,2021-06-30 14:49:00,LYTS
7.86,7.86,7.86,7.86,111,2021-06-30 14:50:00,LYTS
7.86,7.86,7.84,7.85,900,2021-06-30 14:53:00,LYTS
7.83,7.83,7.82,7.82,200,2021-06-30 14:55:00,LYTS
7.845,7.845,7.845,7.845,100,2021-06-30 14:57:00,LYTS
7.8578,7.8578,7.8578,7.8578,100,2021-06-30 15:01:00,LYTS
7.84,7.84,7.84,7.84,200,2021-06-30 15:07:00,LYTS
7.85,7.85,7.85,7.85,100,2021-06-30 15:14:00,LYTS
7.85,7.875,7.84,7.875,1300,2021-06-30 15:17:00,LYTS
7.875,7.89,7.875,7.89,200,2021-06-30 15:21:00,LYTS
7.89,7.89,7.89,7.89,200,2021-06-30 15:22:00,LYTS
7.9,7.9,7.9,7.9,100,2021-06-30 15:23:00,LYTS
7.9,7.9,7.9,7.9,100,2021-06-30 15:24:00,LYTS
7.88,7.88,7.88,7.88,200,2021-06-30 15:25:00,LYTS
7.89,7.89,7.89,7.89,100,2021-06-30 15:26:00,LYTS
7.88,7.88,7.88,7.88,100,2021-06-30 15:27:00,LYTS
7.89,7.89,7.89,7.89,200,2021-06-30 15:29:00,LYTS
7.89,7.89,7.89,7.89,100,2021-06-30 15:30:00,LYTS
7.9,7.9,7.87,7.87,200,2021-06-30 15:31:00,LYTS
7.9,7.9,7.9,7.9,100,2021-06-30 15:33:00,LYTS
7.89,7.89,7.89,7.89,100,2021-06-30 15:34:00,LYTS
7.9,7.9,7.9,7.9,200,2021-06-30 15:36:00,LYTS
7.9,7.9,7.9,7.9,400,2021-06-30 15:37:00,LYTS
7.92,7.92,7.92,7.92,300,2021-06-30 15:41:00,LYTS
7.91,7.91,7.9,7.91,400,2021-06-30 15:44:00,LYTS
7.9,7.9,7.9,7.9,942,2021-06-30 15:47:00,LYTS
7.89,7.89,7.89,7.89,200,2021-06-30 15:48:00,LYTS
7.865,7.865,7.865,7.865,100,2021-06-30 15:54:00,LYTS
7.86,7.86,7.84,7.84,898,2021-06-30 16:07:00,LYTS
7.845,7.86,7.845,7.86,2100,2021-06-30 16:11:00,LYTS
7.85,7.86,7.83,7.86,410,2021-06-30 16:12:00,LYTS
7.85,7.85,7.85,7.85,200,2021-06-30 16:13:00,LYTS
7.84,7.84,7.84,7.84,100,2021-06-30 16:15:00,LYTS
7.84,7.84,7.84,7.84,100,2021-06-30 16:22:00,LYTS
7.85,7.85,7.84,7.84,1104,2021-06-30 16:24:00,LYTS
7.84,7.84,7.84,7.84,300,2021-06-30 16:25:00,LYTS
7.85,7.85,7.85,7.85,100,2021-06-30 16:28:00,LYTS
7.83,7.83,7.83,7.83,628,2021-06-30 16:30:00,LYTS
7.84,7.84,7.84,7.84,200,2021-06-30 16:39:00,LYTS
7.84,7.84,7.84,7.84,100,2021-06-30 16:43:00,LYTS
7.85,7.85,7.84,7.8429,800,2021-06-30 16:46:00,LYTS
7.85,7.85,7.85,7.85,300,2021-06-30 16:47:00,LYTS
7.85,7.85,7.85,7.85,100,2021-06-30 16:48:00,LYTS
7.84,7.84,7.84,7.84,100,2021-06-30 16:49:00,LYTS
7.845,7.845,7.845,7.845,200,2021-06-30 16:51:00,LYTS
7.85,7.85,7.85,7.85,200,2021-06-30 16:54:00,LYTS
7.85,7.85,7.85,7.85,100,2021-06-30 16:56:00,LYTS
7.85,7.85,7.85,7.85,100,2021-06-30 16:57:00,LYTS
7.85,7.865,7.85,7.85,500,2021-06-30 17:00:00,LYTS
7.855,7.855,7.855,7.855,100,2021-06-30 17:01:00,LYTS
7.87,7.87,7.87,7.87,200,2021-06-30 17:05:00,LYTS
7.87,7.87,7.8627,7.8651,1000,2021-06-30 17:06:00,LYTS
7.87,7.89,7.86,7.86,712,2021-06-30 17:07:00,LYTS
7.88,7.88,7.88,7.88,100,2021-06-30 17:09:00,LYTS
7.89,7.89,7.89,7.89,200,2021-06-30 17:14:00,LYTS
7.89,7.89,7.88,7.88,200,2021-06-30 17:15:00,LYTS
7.89,7.89,7.89,7.89,300,2021-06-30 17:16:00,LYTS
7.89,7.89,7.89,7.89,100,2021-06-30 17:18:00,LYTS
7.885,7.885,7.885,7.885,100,2021-06-30 17:19:00,LYTS
7.88,7.88,7.88,7.88,500,2021-06-30 17:22:00,LYTS
7.875,7.875,7.875,7.875,100,2021-06-30 17:23:00,LYTS
7.875,7.875,7.84,7.87,2100,2021-06-30 17:26:00,LYTS
7.86,7.87,7.86,7.86,1504,2021-06-30 17:34:00,LYTS
7.86,7.86,7.85,7.85,200,2021-06-30 17:39:00,LYTS
7.86,7.87,7.86,7.86,1400,2021-06-30 17:44:00,LYTS
7.86,7.86,7.86,7.86,700,2021-06-30 17:45:00,LYTS
7.86,7.86,7.86,7.86,100,2021-06-30 17:47:00,LYTS
7.86,7.86,7.86,7.86,100,2021-06-30 17:48:00,LYTS
7.86,7.86,7.86,7.86,100,2021-06-30 17:50:00,LYTS
7.86,7.86,7.86,7.86,400,2021-06-30 17:52:00,LYTS
7.86,7.86,7.86,7.86,200,2021-06-30 17:56:00,LYTS
7.86,7.86,7.86,7.86,100,2021-06-30 17:59:00,LYTS
7.86,7.86,7.86,7.86,100,2021-06-30 18:00:00,LYTS
7.86,7.86,7.86,7.86,100,2021-06-30 18:01:00,LYTS
7.86,7.86,7.86,7.86,100,2021-06-30 18:03:00,LYTS
7.86,7.86,7.86,7.86,100,2021-06-30 18:04:00,LYTS
7.86,7.86,7.86,7.86,100,2021-06-30 18:06:00,LYTS
7.87,7.875,7.84,7.84,3465,2021-06-30 18:07:00,LYTS
7.835,7.835,7.82,7.83,1760,2021-06-30 18:08:00,LYTS
7.84,7.85,7.84,7.85,700,2021-06-30 18:16:00,LYTS
7.86,7.86,7.86,7.86,100,2021-06-30 18:19:00,LYTS
7.86,7.86,7.86,7.86,200,2021-06-30 18:21:00,LYTS
7.86,7.89,7.86,7.88,3835,2021-06-30 18:23:00,LYTS
7.88,7.89,7.88,7.89,300,2021-06-30 18:24:00,LYTS
7.89,7.89,7.88,7.89,600,2021-06-30 18:25:00,LYTS
7.885,7.885,7.885,7.885,200,2021-06-30 18:26:00,LYTS
7.89,7.89,7.89,7.89,300,2021-06-30 18:28:00,LYTS
7.89,7.89,7.87,7.87,1087,2021-06-30 18:29:00,LYTS
7.88,7.88,7.88,7.88,100,2021-06-30 18:30:00,LYTS
7.88,7.88,7.88,7.88,600,2021-06-30 18:31:00,LYTS
7.88,7.88,7.88,7.88,100,2021-06-30 18:32:00,LYTS
7.88,7.91,7.88,7.895,7200,2021-06-30 18:33:00,LYTS
7.9,7.9,7.9,7.9,400,2021-06-30 18:34:00,LYTS
7.9,7.9,7.84,7.84,1500,2021-06-30 18:35:00,LYTS
7.87,7.885,7.87,7.885,800,2021-06-30 18:37:00,LYTS
7.9,7.91,7.9,7.905,1800,2021-06-30 18:38:00,LYTS
7.92,7.92,7.92,7.92,100,2021-06-30 18:40:00,LYTS
7.92,7.92,7.92,7.92,300,2021-06-30 18:41:00,LYTS
7.92,7.92,7.92,7.92,100,2021-06-30 18:42:00,LYTS
7.94,7.94,7.94,7.94,100,2021-06-30 18:43:00,LYTS
7.94,7.94,7.94,7.94,100,2021-06-30 18:44:00,LYTS
7.95,7.95,7.95,7.95,200,2021-06-30 18:46:00,LYTS
7.955,7.955,7.955,7.955,100,2021-06-30 18:47:00,LYTS
7.955,7.955,7.955,7.955,200,2021-06-30 18:48:00,LYTS
7.96,7.96,7.96,7.96,100,2021-06-30 18:49:00,LYTS
7.96,7.96,7.95,7.95,200,2021-06-30 18:50:00,LYTS
7.95,7.95,7.94,7.94,300,2021-06-30 18:51:00,LYTS
7.94,7.945,7.92,7.94,1000,2021-06-30 18:53:00,LYTS
7.94,7.94,7.94,7.94,100,2021-06-30 18:55:00,LYTS
7.94,7.94,7.94,7.94,500,2021-06-30 18:56:00,LYTS
7.94,7.94,7.94,7.94,100,2021-06-30 18:57:00,LYTS
7.94,7.945,7.94,7.945,700,2021-06-30 18:58:00,LYTS
7.92,7.94,7.92,7.94,200,2021-06-30 19:00:00,LYTS
7.95,7.95,7.95,7.95,100,2021-06-30 19:03:00,LYTS
7.95,7.95,7.95,7.95,100,2021-06-30 19:04:00,LYTS
7.95,7.95,7.95,7.95,100,2021-06-30 19:05:00,LYTS
7.95,7.955,7.95,7.95,550,2021-06-30 19:07:00,LYTS
7.96,7.96,7.96,7.96,408,2021-06-30 19:10:00,LYTS
7.96,7.96,7.96,7.96,300,2021-06-30 19:11:00,LYTS
7.955,7.955,7.94,7.94,400,2021-06-30 19:13:00,LYTS
7.9496,7.95,7.9496,7.95,200,2021-06-30 19:14:00,LYTS
7.96,7.96,7.9599,7.9599,800,2021-06-30 19:15:00,LYTS
7.98,7.98,7.98,7.98,300,2021-06-30 19:16:00,LYTS
7.98,7.98,7.97,7.9796,400,2021-06-30 19:17:00,LYTS
7.98,7.98,7.98,7.98,200,2021-06-30 19:18:00,LYTS
7.99,7.99,7.99,7.99,300,2021-06-30 19:21:00,LYTS
7.98,7.98,7.98,7.98,200,2021-06-30 19:22:00,LYTS
7.98,7.98,7.945,7.945,2727,2021-06-30 19:23:00,LYTS
7.95,7.95,7.95,7.95,200,2021-06-30 19:26:00,LYTS
7.95,7.95,7.94,7.94,300,2021-06-30 19:29:00,LYTS
7.94,7.94,7.94,7.94,200,2021-06-30 19:30:00,LYTS
7.94,7.94,7.94,7.94,300,2021-06-30 19:31:00,LYTS
7.935,7.935,7.91,7.91,500,2021-06-30 19:32:00,LYTS
7.92,7.92,7.92,7.92,100,2021-06-30 19:33:00,LYTS
7.93,7.93,7.93,7.93,1096,2021-06-30 19:34:00,LYTS
7.93,7.94,7.93,7.94,200,2021-06-30 19:35:00,LYTS
7.94,7.945,7.94,7.945,300,2021-06-30 19:36:00,LYTS
7.94,7.94,7.94,7.94,100,2021-06-30 19:37:00,LYTS
7.95,7.95,7.94,7.95,300,2021-06-30 19:38:00,LYTS
7.945,7.95,7.945,7.95,200,2021-06-30 19:39:00,LYTS
7.95,7.95,7.95,7.95,200,2021-06-30 19:40:00,LYTS
7.96,7.96,7.96,7.96,400,2021-06-30 19:41:00,LYTS
7.965,7.965,7.965,7.965,400,2021-06-30 19:42:00,LYTS
7.965,7.965,7.96,7.96,700,2021-06-30 19:43:00,LYTS
7.95,7.97,7.95,7.97,916,2021-06-30 19:46:00,LYTS
7.97,7.97,7.95,7.955,800,2021-06-30 19:47:00,LYTS
7.95,7.96,7.95,7.95,300,2021-06-30 19:48:00,LYTS
7.94,7.94,7.94,7.94,100,2021-06-30 19:49:00,LYTS
7.95,7.95,7.95,7.95,100,2021-06-30 19:50:00,LYTS
7.96,7.96,7.96,7.96,600,2021-06-30 19:51:00,LYTS
7.965,7.97,7.965,7.97,600,2021-06-30 19:52:00,LYTS
7.97,7.98,7.97,7.98,1418,2021-06-30 19:53:00,LYTS
7.975,7.975,7.95,7.95,2361,2021-06-30 19:54:00,LYTS
7.945,7.965,7.945,7.965,1300,2021-06-30 19:55:00,LYTS
7.98,7.98,7.97,7.98,1400,2021-06-30 19:56:00,LYTS
7.97,8.01,7.97,8.0,7988,2021-06-30 19:57:00,LYTS
8.01,8.01,7.98,7.98,9263,2021-06-30 19:58:00,LYTS
7.98,8.01,7.97,8.0,9958,2021-06-30 19:59:00,LYTS
8.01,8.01,8.01,8.01,10523,2021-06-30 20:00:00,LYTS
8.07,8.07,8.07,8.07,702,2021-07-01 13:30:00,LYTS
8.14,8.15,8.14,8.15,200,2021-07-01 13:31:00,LYTS
8.09,8.09,8.06,8.06,450,2021-07-01 13:36:00,LYTS
8.07,8.07,8.07,8.07,100,2021-07-01 13:37:00,LYTS
8.05,8.05,8.04,8.045,400,2021-07-01 13:38:00,LYTS
8.045,8.045,8.045,8.045,100,2021-07-01 13:39:00,LYTS
8.03,8.03,8.03,8.03,100,2021-07-01 13:40:00,LYTS
8.04,8.05,8.03,8.05,1844,2021-07-01 13:42:00,LYTS
8.05,8.1,8.05,8.1,1749,2021-07-01 13:43:00,LYTS
8.07,8.07,8.06,8.06,200,2021-07-01 13:44:00,LYTS
8.06,8.06,8.04,8.04,300,2021-07-01 13:45:00,LYTS
8.05,8.05,8.05,8.05,100,2021-07-01 13:50:00,LYTS
8.0699,8.0699,8.05,8.05,600,2021-07-01 13:52:00,LYTS
8.05,8.05,8.01,8.02,1579,2021-07-01 13:55:00,LYTS
8.03,8.03,8.03,8.03,100,2021-07-01 13:56:00,LYTS
8.04,8.04,8.04,8.04,100,2021-07-01 13:57:00,LYTS
8.025,8.025,8.025,8.025,100,2021-07-01 13:58:00,LYTS
8.025,8.025,8.025,8.025,100,2021-07-01 13:59:00,LYTS
8.025,8.025,8.0,8.0,1273,2021-07-01 14:00:00,LYTS
7.9654,8.0,7.96,8.0,3439,2021-07-01 14:02:00,LYTS
7.97,7.97,7.97,7.97,200,2021-07-01 14:03:00,LYTS
7.96,7.96,7.96,7.96,100,2021-07-01 14:05:00,LYTS
7.95,7.95,7.95,7.95,100,2021-07-01 14:06:00,LYTS
7.96,7.96,7.96,7.96,100,2021-07-01 14:07:00,LYTS
7.98,8.0,7.98,8.0,1100,2021-07-01 14:08:00,LYTS
8.0,8.01,7.99,7.99,2201,2021-07-01 14:11:00,LYTS
7.96,7.96,7.96,7.96,1000,2021-07-01 14:13:00,LYTS
7.97,7.97,7.97,7.97,100,2021-07-01 14:15:00,LYTS
7.97,7.97,7.97,7.97,100,2021-07-01 14:17:00,LYTS
8.0,8.03,8.0,8.03,1000,2021-07-01 14:18:00,LYTS
8.03,8.04,8.01,8.04,2650,2021-07-01 14:20:00,LYTS
7.9907,8.01,7.9907,8.01,2200,2021-07-01 14:21:00,LYTS
7.99,7.995,7.99,7.995,200,2021-07-01 14:27:00,LYTS
7.98,7.99,7.98,7.99,520,2021-07-01 14:29:00,LYTS
7.97,7.98,7.97,7.98,800,2021-07-01 14:30:00,LYTS
7.99,7.99,7.96,7.97,2428,2021-07-01 14:35:00,LYTS
7.95,7.955,7.93,7.93,1000,2021-07-01 14:39:00,LYTS
7.92,7.935,7.91,7.92,944,2021-07-01 14:42:00,LYTS
7.92,7.95,7.91,7.93,1834,2021-07-01 14:43:00,LYTS
7.9374,7.9374,7.9374,7.9374,100,2021-07-01 14:44:00,LYTS
7.95,7.95,7.92,7.95,400,2021-07-01 14:45:00,LYTS
7.92,7.94,7.92,7.94,400,2021-07-01 14:48:00,LYTS
7.92,7.92,7.91,7.91,1444,2021-07-01 14:50:00,LYTS
7.93,7.95,7.93,7.95,300,2021-07-01 14:52:00,LYTS
7.985,7.985,7.985,7.985,100,2021-07-01 14:54:00,LYTS
8.03,8.03,8.03,8.03,300,2021-07-01 14:55:00,LYTS
7.99,7.99,7.98,7.98,2400,2021-07-01 14:57:00,LYTS
7.97,7.995,7.97,7.995,1200,2021-07-01 14:58:00,LYTS
8.0,8.0,8.0,8.0,100,2021-07-01 15:04:00,LYTS
7.99,7.99,7.99,7.99,100,2021-07-01 15:05:00,LYTS
7.98,7.99,7.95,7.96,2600,2021-07-01 15:06:00,LYTS
7.96,7.96,7.95,7.95,200,2021-07-01 15:08:00,LYTS
7.95,7.95,7.95,7.95,200,2021-07-01 15:09:00,LYTS
7.94,7.95,7.94,7.94,600,2021-07-01 15:10:00,LYTS
7.94,7.96,7.94,7.96,800,2021-07-01 15:11:00,LYTS
7.96,7.96,7.94,7.95,500,2021-07-01 15:14:00,LYTS
7.96,7.96,7.96,7.96,166,2021-07-01 15:15:00,LYTS
7.96,7.97,7.96,7.97,200,2021-07-01 15:16:00,LYTS
7.955,7.955,7.955,7.955,100,2021-07-01 15:18:00,LYTS
7.96,7.97,7.96,7.97,400,2021-07-01 15:20:00,LYTS
7.97,7.97,7.97,7.97,100,2021-07-01 15:21:00,LYTS
7.955,7.97,7.94,7.94,500,2021-07-01 15:24:00,LYTS
7.94,7.94,7.94,7.94,100,2021-07-01 15:25:00,LYTS
7.92,7.92,7.91,7.91,200,2021-07-01 15:27:00,LYTS
7.92,7.945,7.89,7.945,800,2021-07-01 15:29:00,LYTS
7.96,7.99,7.95,7.99,1200,2021-07-01 15:31:00,LYTS
7.97,7.98,7.96,7.96,1300,2021-07-01 15:36:00,LYTS
7.94,7.94,7.94,7.94,400,2021-07-01 15:38:00,LYTS
7.9255,7.9255,7.9255,7.9255,542,2021-07-01 15:39:00,LYTS
7.94,7.94,7.94,7.94,100,2021-07-01 15:40:00,LYTS
7.94,7.94,7.94,7.94,303,2021-07-01 15:41:00,LYTS
7.94,7.94,7.92,7.93,900,2021-07-01 15:43:00,LYTS
7.93,7.96,7.93,7.95,1942,2021-07-01 15:46:00,LYTS
7.945,7.945,7.945,7.945,100,2021-07-01 15:47:00,LYTS
7.95,7.95,7.95,7.95,100,2021-07-01 15:49:00,LYTS
7.95,7.95,7.95,7.95,400,2021-07-01 15:50:00,LYTS
7.95,7.96,7.95,7.95,805,2021-07-01 15:51:00,LYTS
7.95,7.95,7.92,7.92,1121,2021-07-01 15:53:00,LYTS
7.92,7.92,7.92,7.92,100,2021-07-01 15:55:00,LYTS
7.94,7.95,7.94,7.95,500,2021-07-01 15:56:00,LYTS
7.96,7.96,7.96,7.96,300,2021-07-01 15:57:00,LYTS
7.95,7.95,7.95,7.95,100,2021-07-01 16:04:00,LYTS
7.935,7.935,7.92,7.92,500,2021-07-01 16:07:00,LYTS
7.88,7.91,7.88,7.91,1000,2021-07-01 16:09:00,LYTS
7.91,7.91,7.895,7.9,700,2021-07-01 16:14:00,LYTS
7.88,7.88,7.87,7.87,200,2021-07-01 16:15:00,LYTS
7.86,7.87,7.86,7.86,1893,2021-07-01 16:20:00,LYTS
7.9,7.9,7.9,7.9,600,2021-07-01 16:28:00,LYTS
7.915,7.915,7.915,7.915,100,2021-07-01 16:30:00,LYTS
7.935,7.935,7.935,7.935,100,2021-07-01 16:33:00,LYTS
7.93,7.93,7.93,7.93,150,2021-07-01 16:35:00,LYTS
7.93,7.94,7.92,7.93,1377,2021-07-01 16:39:00,LYTS
7.91,7.93,7.91,7.93,949,2021-07-01 16:44:00,LYTS
7.9,7.91,7.89,7.9,1100,2021-07-01 16:48:00,LYTS
7.91,7.91,7.87,7.885,844,2021-07-01 16:51:00,LYTS
7.9,7.9,7.895,7.895,1000,2021-07-01 16:55:00,LYTS
7.91,7.91,7.91,7.91,400,2021-07-01 16:56:00,LYTS
7.9,7.9,7.9,7.9,500,2021-07-01 16:57:00,LYTS
7.88,7.88,7.88,7.88,100,2021-07-01 17:01:00,LYTS
7.87,7.88,7.87,7.88,200,2021-07-01 17:02:00,LYTS
7.88,7.89,7.88,7.89,700,2021-07-01 17:04:00,LYTS
7.86,7.86,7.86,7.86,500,2021-07-01 17:06:00,LYTS
7.83,7.86,7.83,7.86,900,2021-07-01 17:10:00,LYTS
7.86,7.86,7.86,7.86,100,2021-07-01 17:11:00,LYTS
7.86,7.86,7.86,7.86,100,2021-07-01 17:12:00,LYTS
7.895,7.895,7.895,7.895,100,2021-07-01 17:14:00,LYTS
7.88,7.88,7.875,7.875,600,2021-07-01 17:15:00,LYTS
7.87,7.88,7.86,7.86,1664,2021-07-01 17:20:00,LYTS
7.87,7.87,7.87,7.87,104,2021-07-01 17:21:00,LYTS
7.865,7.88,7.865,7.88,600,2021-07-01 17:24:00,LYTS
7.87,7.87,7.85,7.86,1040,2021-07-01 17:26:00,LYTS
7.86,7.88,7.86,7.88,1300,2021-07-01 17:27:00,LYTS
7.86,7.86,7.84,7.84,200,2021-07-01 17:31:00,LYTS
7.86,7.86,7.86,7.86,650,2021-07-01 17:35:00,LYTS
7.87,7.87,7.86,7.86,1900,2021-07-01 17:37:00,LYTS
7.84,7.86,7.84,7.86,300,2021-07-01 17:38:00,LYTS
7.85,7.85,7.85,7.85,100,2021-07-01 17:39:00,LYTS
7.85,7.85,7.83,7.83,200,2021-07-01 17:40:00,LYTS
7.84,7.84,7.84,7.84,100,2021-07-01 17:43:00,LYTS
7.85,7.85,7.85,7.85,100,2021-07-01 17:44:00,LYTS
7.84,7.84,7.84,7.84,399,2021-07-01 17:46:00,LYTS
7.85,7.85,7.84,7.84,300,2021-07-01 17:47:00,LYTS
7.845,7.845,7.84,7.84,1005,2021-07-01 17:48:00,LYTS
7.83,7.83,7.83,7.83,239,2021-07-01 17:49:00,LYTS
7.83,7.83,7.83,7.83,100,2021-07-01 17:52:00,LYTS
7.84,7.85,7.84,7.85,400,2021-07-01 17:53:00,LYTS
7.85,7.85,7.84,7.85,805,2021-07-01 17:56:00,LYTS
7.83,7.83,7.83,7.83,100,2021-07-01 17:57:00,LYTS
7.82,7.82,7.82,7.82,300,2021-07-01 17:59:00,LYTS
7.83,7.83,7.815,7.83,1044,2021-07-01 18:03:00,LYTS
7.82,7.83,7.82,7.83,203,2021-07-01 18:04:00,LYTS
7.82,7.82,7.82,7.82,200,2021-07-01 18:05:00,LYTS
7.83,7.83,7.82,7.82,200,2021-07-01 18:06:00,LYTS
7.83,7.83,7.83,7.83,200,2021-07-01 18:09:00,LYTS
7.81,7.81,7.81,7.81,100,2021-07-01 18:10:00,LYTS
7.81,7.81,7.8,7.8,544,2021-07-01 18:11:00,LYTS
7.79,7.79,7.79,7.79,200,2021-07-01 18:12:00,LYTS
7.79,7.8,7.79,7.8,500,2021-07-01 18:13:00,LYTS
7.79,7.81,7.78,7.795,2395,2021-07-01 18:15:00,LYTS
7.805,7.82,7.805,7.82,200,2021-07-01 18:17:00,LYTS
7.85,7.85,7.85,7.85,100,2021-07-01 18:18:00,LYTS
7.81,7.81,7.81,7.81,500,2021-07-01 18:19:00,LYTS
7.82,7.82,7.82,7.82,100,2021-07-01 18:21:00,LYTS
7.815,7.83,7.815,7.83,300,2021-07-01 18:22:00,LYTS
7.83,7.83,7.83,7.83,100,2021-07-01 18:24:00,LYTS
7.84,7.84,7.84,7.84,100,2021-07-01 18:25:00,LYTS
7.84,7.84,7.84,7.84,100,2021-07-01 18:27:00,LYTS
7.85,7.85,7.85,7.85,300,2021-07-01 18:30:00,LYTS
7.86,7.86,7.83,7.83,1317,2021-07-01 18:32:00,LYTS
7.83,7.84,7.83,7.83,900,2021-07-01 18:34:00,LYTS
7.82,7.82,7.81,7.82,1100,2021-07-01 18:38:00,LYTS
7.83,7.84,7.83,7.84,1200,2021-07-01 18:43:00,LYTS
7.85,7.85,7.85,7.85,100,2021-07-01 18:44:00,LYTS
7.83,7.83,7.83,7.83,600,2021-07-01 18:45:00,LYTS
7.83,7.83,7.83,7.83,764,2021-07-01 18:49:00,LYTS
7.83,7.83,7.83,7.83,546,2021-07-01 18:50:00,LYTS
7.82,7.83,7.8,7.815,6955,2021-07-01 18:53:00,LYTS
7.82,7.82,7.82,7.82,344,2021-07-01 18:56:00,LYTS
7.815,7.815,7.78,7.79,7373,2021-07-01 18:57:00,LYTS
7.79,7.79,7.79,7.79,100,2021-07-01 18:59:00,LYTS
7.78,7.78,7.76,7.76,464,2021-07-01 19:00:00,LYTS
7.75,7.78,7.75,7.78,300,2021-07-01 19:01:00,LYTS
7.76,7.76,7.76,7.76,200,2021-07-01 19:02:00,LYTS
7.78,7.795,7.78,7.795,1436,2021-07-01 19:03:00,LYTS
7.79,7.81,7.79,7.81,649,2021-07-01 19:04:00,LYTS
7.805,7.82,7.805,7.82,492,2021-07-01 19:05:00,LYTS
7.82,7.83,7.82,7.83,549,2021-07-01 19:06:00,LYTS
7.85,7.85,7.81,7.82,2356,2021-07-01 19:07:00,LYTS
7.82,7.82,7.82,7.82,200,2021-07-01 19:10:00,LYTS
7.81,7.81,7.81,7.81,600,2021-07-01 19:11:00,LYTS
7.805,7.805,7.805,7.805,171,2021-07-01 19:12:00,LYTS
7.82,7.845,7.82,7.845,900,2021-07-01 19:13:00,LYTS
7.835,7.835,7.835,7.835,100,2021-07-01 19:14:00,LYTS
7.835,7.835,7.835,7.835,100,2021-07-01 19:17:00,LYTS
7.85,7.85,7.84,7.85,1448,2021-07-01 19:18:00,LYTS
7.85,7.85,7.83,7.83,824,2021-07-01 19:23:00,LYTS
7.82,7.82,7.82,7.82,100,2021-07-01 19:24:00,LYTS
7.81,7.83,7.8,7.81,1844,2021-07-01 19:25:00,LYTS
7.82,7.82,7.81,7.82,300,2021-07-01 19:26:00,LYTS
7.81,7.84,7.8,7.84,942,2021-07-01 19:28:00,LYTS
7.83,7.83,7.83,7.83,3831,2021-07-01 19:30:00,LYTS
7.825,7.825,7.82,7.82,300,2021-07-01 19:31:00,LYTS
7.82,7.82,7.82,7.82,100,2021-07-01 19:32:00,LYTS
7.83,7.83,7.82,7.82,435,2021-07-01 19:34:00,LYTS
7.82,7.82,7.82,7.82,1598,2021-07-01 19:37:00,LYTS
7.83,7.845,7.83,7.845,500,2021-07-01 19:38:00,LYTS
7.85,7.85,7.85,7.85,100,2021-07-01 19:39:00,LYTS
7.85,7.85,7.845,7.845,500,2021-07-01 19:40:00,LYTS
7.83,7.83,7.82,7.82,800,2021-07-01 19:41:00,LYTS
7.8299,7.8299,7.81,7.81,227,2021-07-01 19:43:00,LYTS
7.81,7.82,7.79,7.82,1100,2021-07-01 19:44:00,LYTS
7.81,7.82,7.81,7.82,500,2021-07-01 19:45:00,LYTS
7.83,7.83,7.8,7.81,1757,2021-07-01 19:46:00,LYTS
7.81,7.81,7.8,7.8,601,2021-07-01 19:47:00,LYTS
7.8,7.8,7.79,7.79,1144,2021-07-01 19:48:00,LYTS
7.78,7.78,7.78,7.78,400,2021-07-01 19:49:00,LYTS
7.79,7.805,7.79,7.805,4127,2021-07-01 19:50:00,LYTS
7.805,7.805,7.78,7.78,1631,2021-07-01 19:51:00,LYTS
7.78,7.8,7.78,7.8,900,2021-07-01 19:52:00,LYTS
7.78,7.79,7.78,7.79,400,2021-07-01 19:53:00,LYTS
7.79,7.79,7.79,7.79,399,2021-07-01 19:54:00,LYTS
7.78,7.78,7.77,7.77,1331,2021-07-01 19:55:00,LYTS
7.775,7.775,7.76,7.76,2715,2021-07-01 19:56:00,LYTS
7.765,7.79,7.765,7.79,2186,2021-07-01 19:57:00,LYTS
7.78,7.78,7.76,7.77,1032,2021-07-01 19:58:00,LYTS
7.78,7.8,7.77,7.8,2573,2021-07-01 19:59:00,LYTS
7.79,7.79,7.79,7.79,4298,2021-07-01 20:00:00,LYTS
7.81,7.81,7.81,7.81,1393,2021-07-02 13:30:00,LYTS
8.08,8.09,8.04,8.04,300,2021-07-02 13:31:00,LYTS
7.8,7.91,7.785,7.785,421,2021-07-02 13:32:00,LYTS
8.03,8.03,8.02,8.02,200,2021-07-02 13:33:00,LYTS
8.01,8.01,8.01,8.01,100,2021-07-02 13:34:00,LYTS
8.0,8.0,7.925,7.925,200,2021-07-02 13:35:00,LYTS
8.03,8.03,7.935,7.935,400,2021-07-02 13:39:00,LYTS
7.96,7.96,7.905,7.905,900,2021-07-02 13:42:00,LYTS
7.875,7.875,7.87,7.87,200,2021-07-02 13:43:00,LYTS
7.82,7.865,7.82,7.865,400,2021-07-02 13:44:00,LYTS
7.855,7.855,7.855,7.855,100,2021-07-02 13:46:00,LYTS
7.875,7.875,7.875,7.875,146,2021-07-02 13:47:00,LYTS
7.9,7.9,7.85,7.85,700,2021-07-02 13:48:00,LYTS
7.85,7.85,7.85,7.85,100,2021-07-02 13:56:00,LYTS
7.815,7.82,7.8,7.81,6131,2021-07-02 13:57:00,LYTS
7.82,7.83,7.81,7.81,850,2021-07-02 13:58:00,LYTS
7.81,7.81,7.81,7.81,600,2021-07-02 13:59:00,LYTS
7.81,7.8199,7.795,7.795,4200,2021-07-02 14:00:00,LYTS
7.8,7.83,7.8,7.83,3866,2021-07-02 14:01:00,LYTS
7.84,7.84,7.84,7.84,100,2021-07-02 14:02:00,LYTS
7.84,7.88,7.84,7.88,300,2021-07-02 14:03:00,LYTS
7.88,7.88,7.83,7.83,1600,2021-07-02 14:04:00,LYTS
7.88,7.88,7.85,7.85,300,2021-07-02 14:05:00,LYTS
7.83,7.83,7.825,7.825,200,2021-07-02 14:06:00,LYTS
7.82,7.85,7.82,7.85,302,2021-07-02 14:07:00,LYTS
7.84,7.87,7.835,7.835,400,2021-07-02 14:10:00,LYTS
7.825,7.825,7.825,7.825,200,2021-07-02 14:11:00,LYTS
7.82,7.82,7.82,7.82,100,2021-07-02 14:13:00,LYTS
7.85,7.85,7.81,7.81,300,2021-07-02 14:14:00,LYTS
7.85,7.855,7.85,7.855,300,2021-07-02 14:16:00,LYTS
7.86,7.86,7.86,7.86,100,2021-07-02 14:17:00,LYTS
7.86,7.86,7.86,7.86,100,2021-07-02 14:19:00,LYTS
7.91,7.91,7.91,7.91,100,2021-07-02 14:20:00,LYTS
7.91,7.94,7.91,7.94,450,2021-07-02 14:21:00,LYTS
7.895,7.895,7.895,7.895,100,2021-07-02 14:22:00,LYTS
7.89,7.895,7.87,7.87,600,2021-07-02 14:23:00,LYTS
7.84,7.84,7.84,7.84,100,2021-07-02 14:25:00,LYTS
7.855,7.855,7.855,7.855,100,2021-07-02 14:26:00,LYTS
7.87,7.88,7.87,7.87,2800,2021-07-02 14:28:00,LYTS
7.91,7.92,7.91,7.92,200,2021-07-02 14:29:00,LYTS
7.92,7.92,7.905,7.92,951,2021-07-02 14:30:00,LYTS
7.92,7.92,7.92,7.92,100,2021-07-02 14:31:00,LYTS
7.92,7.935,7.92,7.92,346,2021-07-02 14:32:00,LYTS
7.925,7.925,7.925,7.925,171,2021-07-02 14:33:00,LYTS
7.92,7.92,7.92,7.92,241,2021-07-02 14:34:00,LYTS
7.92,7.92,7.91,7.91,241,2021-07-02 14:35:00,LYTS
7.895,7.895,7.895,7.895,100,2021-07-02 14:36:00,LYTS
7.915,7.915,7.915,7.915,100,2021-07-02 14:38:00,LYTS
7.94,7.94,7.94,7.94,300,2021-07-02 14:40:00,LYTS
7.92,7.93,7.92,7.93,200,2021-07-02 14:41:00,LYTS
7.915,7.915,7.915,7.915,200,2021-07-02 14:43:00,LYTS
7.9,7.9,7.9,7.9,100,2021-07-02 14:45:00,LYTS
7.885,7.885,7.885,7.885,100,2021-07-02 14:48:00,LYTS
7.91,7.91,7.885,7.885,300,2021-07-02 14:50:00,LYTS
7.87,7.87,7.87,7.87,100,2021-07-02 14:52:00,LYTS
7.84,7.84,7.84,7.84,100,2021-07-02 14:53:00,LYTS
7.89,7.89,7.86,7.86,200,2021-07-02 14:54:00,LYTS
7.86,7.86,7.86,7.86,100,2021-07-02 14:55:00,LYTS
7.855,7.855,7.855,7.855,200,2021-07-02 14:56:00,LYTS
7.865,7.865,7.865,7.865,100,2021-07-02 14:57:00,LYTS
7.87,7.87,7.87,7.87,200,2021-07-02 14:59:00,LYTS
7.86,7.88,7.85,7.85,300,2021-07-02 15:00:00,LYTS
7.835,7.835,7.835,7.835,100,2021-07-02 15:03:00,LYTS
7.84,7.84,7.84,7.84,100,2021-07-02 15:04:00,LYTS
7.85,7.85,7.84,7.84,300,2021-07-02 15:05:00,LYTS
7.84,7.87,7.84,7.87,2346,2021-07-02 15:06:00,LYTS
7.86,7.86,7.86,7.86,100,2021-07-02 15:07:00,LYTS
7.88,7.88,7.88,7.88,100,2021-07-02 15:10:00,LYTS
7.88,7.88,7.86,7.86,300,2021-07-02 15:11:00,LYTS
7.87,7.87,7.87,7.87,100,2021-07-02 15:12:00,LYTS
7.84,7.84,7.825,7.825,200,2021-07-02 15:16:00,LYTS
7.85,7.86,7.85,7.86,400,2021-07-02 15:20:00,LYTS
7.855,7.855,7.855,7.855,100,2021-07-02 15:21:00,LYTS
7.86,7.86,7.86,7.86,100,2021-07-02 15:23:00,LYTS
7.865,7.865,7.84,7.855,671,2021-07-02 15:26:00,LYTS
7.865,7.865,7.865,7.865,125,2021-07-02 15:29:00,LYTS
7.855,7.855,7.855,7.855,100,2021-07-02 15:30:00,LYTS
7.855,7.855,7.855,7.855,100,2021-07-02 15:32:00,LYTS
7.87,7.87,7.87,7.87,100,2021-07-02 15:34:00,LYTS
7.86,7.86,7.86,7.86,200,2021-07-02 15:36:00,LYTS
7.865,7.865,7.865,7.865,200,2021-07-02 15:38:00,LYTS
7.86,7.86,7.86,7.86,100,2021-07-02 15:43:00,LYTS
7.86,7.86,7.86,7.86,200,2021-07-02 15:44:00,LYTS
7.86,7.87,7.86,7.87,400,2021-07-02 15:45:00,LYTS
7.865,7.87,7.865,7.87,400,2021-07-02 15:49:00,LYTS
7.875,7.875,7.875,7.875,100,2021-07-02 15:51:00,LYTS
7.88,7.88,7.88,7.88,100,2021-07-02 15:52:00,LYTS
7.88,7.89,7.88,7.89,400,2021-07-02 15:54:00,LYTS
7.89,7.89,7.89,7.89,100,2021-07-02 15:55:00,LYTS
7.88,7.88,7.88,7.88,100,2021-07-02 15:56:00,LYTS
7.885,7.885,7.88,7.88,200,2021-07-02 15:58:00,LYTS
7.88,7.88,7.88,7.88,100,2021-07-02 16:00:00,LYTS
7.87,7.87,7.87,7.87,1100,2021-07-02 16:01:00,LYTS
7.855,7.855,7.855,7.855,100,2021-07-02 16:02:00,LYTS
7.85,7.85,7.84,7.84,300,2021-07-02 16:03:00,LYTS
7.85,7.85,7.85,7.85,300,2021-07-02 16:04:00,LYTS
7.865,7.865,7.865,7.865,100,2021-07-02 16:06:00,LYTS
7.85,7.85,7.85,7.85,100,2021-07-02 16:07:00,LYTS
7.83,7.85,7.83,7.85,200,2021-07-02 16:12:00,LYTS
7.85,7.85,7.85,7.85,100,2021-07-02 16:16:00,LYTS
7.85,7.85,7.85,7.85,100,2021-07-02 16:17:00,LYTS
7.85,7.85,7.83,7.83,200,2021-07-02 16:18:00,LYTS
7.845,7.845,7.845,7.845,300,2021-07-02 16:19:00,LYTS
7.86,7.86,7.86,7.86,100,2021-07-02 16:21:00,LYTS
7.84,7.84,7.84,7.84,200,2021-07-02 16:23:00,LYTS
7.835,7.84,7.83,7.84,300,2021-07-02 16:27:00,LYTS
7.835,7.835,7.835,7.835,100,2021-07-02 16:29:00,LYTS
7.84,7.84,7.83,7.83,200,2021-07-02 16:30:00,LYTS
7.83,7.83,7.83,7.83,200,2021-07-02 16:31:00,LYTS
7.83,7.83,7.83,7.83,100,2021-07-02 16:33:00,LYTS
7.83,7.83,7.82,7.83,400,2021-07-02 16:34:00,LYTS
7.835,7.835,7.835,7.835,100,2021-07-02 16:42:00,LYTS
7.835,7.835,7.835,7.835,510,2021-07-02 16:44:00,LYTS
7.84,7.88,7.84,7.88,750,2021-07-02 16:45:00,LYTS
7.865,7.865,7.86,7.865,300,2021-07-02 16:49:00,LYTS
7.855,7.86,7.855,7.86,400,2021-07-02 16:53:00,LYTS
7.865,7.865,7.865,7.865,100,2021-07-02 16:54:00,LYTS
7.87,7.87,7.87,7.87,100,2021-07-02 16:57:00,LYTS
7.87,7.87,7.87,7.87,100,2021-07-02 16:58:00,LYTS
7.86,7.86,7.86,7.86,100,2021-07-02 16:59:00,LYTS
7.86,7.86,7.86,7.86,100,2021-07-02 17:02:00,LYTS
7.87,7.87,7.87,7.87,200,2021-07-02 17:03:00,LYTS
7.87,7.88,7.87,7.88,900,2021-07-02 17:05:00,LYTS
7.86,7.86,7.86,7.86,100,2021-07-02 17:06:00,LYTS
7.87,7.87,7.87,7.87,100,2021-07-02 17:12:00,LYTS
7.89,7.89,7.88,7.88,599,2021-07-02 17:14:00,LYTS
7.87,7.89,7.87,7.89,500,2021-07-02 17:17:00,LYTS
7.89,7.9,7.89,7.9,200,2021-07-02 17:18:00,LYTS
7.895,7.895,7.895,7.895,100,2021-07-02 17:21:00,LYTS
7.89,7.89,7.89,7.89,200,2021-07-02 17:25:00,LYTS
7.875,7.875,7.875,7.875,100,2021-07-02 17:26:00,LYTS
7.88,7.9,7.88,7.9,601,2021-07-02 17:28:00,LYTS
7.89,7.89,7.87,7.87,200,2021-07-02 17:31:00,LYTS
7.88,7.88,7.88,7.88,100,2021-07-02 17:32:00,LYTS
7.88,7.88,7.88,7.88,100,2021-07-02 17:35:00,LYTS
7.9,7.9,7.9,7.9,100,2021-07-02 17:36:00,LYTS
7.89,7.89,7.86,7.86,200,2021-07-02 17:38:00,LYTS
7.875,7.875,7.875,7.875,100,2021-07-02 17:41:00,LYTS
7.89,7.89,7.89,7.89,914,2021-07-02 17:42:00,LYTS
7.905,7.905,7.88,7.88,300,2021-07-02 17:43:00,LYTS
7.885,7.885,7.885,7.885,200,2021-07-02 17:44:00,LYTS
7.895,7.895,7.895,7.895,400,2021-07-02 17:45:00,LYTS
7.89,7.89,7.885,7.89,300,2021-07-02 17:46:00,LYTS
7.88,7.88,7.88,7.88,300,2021-07-02 17:50:00,LYTS
7.87,7.88,7.87,7.88,200,2021-07-02 17:51:00,LYTS
7.86,7.87,7.86,7.87,200,2021-07-02 17:53:00,LYTS
7.87,7.87,7.87,7.87,100,2021-07-02 17:55:00,LYTS
7.87,7.87,7.87,7.87,600,2021-07-02 17:56:00,LYTS
7.84,7.84,7.84,7.84,100,2021-07-02 17:57:00,LYTS
7.845,7.85,7.84,7.85,500,2021-07-02 17:58:00,LYTS
7.88,7.88,7.88,7.88,378,2021-07-02 18:03:00,LYTS
7.88,7.88,7.88,7.88,100,2021-07-02 18:04:00,LYTS
7.885,7.885,7.885,7.885,322,2021-07-02 18:05:00,LYTS
7.885,7.885,7.885,7.885,100,2021-07-02 18:06:00,LYTS
7.885,7.885,7.88,7.88,300,2021-07-02 18:07:00,LYTS
7.88,7.88,7.88,7.88,100,2021-07-02 18:09:00,LYTS
7.9,7.9,7.9,7.9,100,2021-07-02 18:10:00,LYTS
7.89,7.89,7.89,7.89,100,2021-07-02 18:11:00,LYTS
7.89,7.9,7.89,7.9,200,2021-07-02 18:12:00,LYTS
7.89,7.89,7.89,7.89,100,2021-07-02 18:15:00,LYTS
7.87,7.87,7.87,7.87,100,2021-07-02 18:17:00,LYTS
7.885,7.885,7.885,7.885,100,2021-07-02 18:18:00,LYTS
7.9,7.9,7.9,7.9,100,2021-07-02 18:19:00,LYTS
7.88,7.88,7.865,7.865,200,2021-07-02 18:23:00,LYTS
7.875,7.875,7.875,7.875,100,2021-07-02 18:24:00,LYTS
7.875,7.875,7.875,7.875,100,2021-07-02 18:27:00,LYTS
7.875,7.875,7.86,7.87,600,2021-07-02 18:28:00,LYTS
7.83,7.85,7.83,7.85,200,2021-07-02 18:29:00,LYTS
7.845,7.845,7.83,7.845,392,2021-07-02 18:30:00,LYTS
7.85,7.85,7.84,7.84,200,2021-07-02 18:37:00,LYTS
7.845,7.845,7.845,7.845,200,2021-07-02 18:42:00,LYTS
7.84,7.845,7.84,7.845,500,2021-07-02 18:45:00,LYTS
7.84,7.845,7.84,7.845,200,2021-07-02 18:47:00,LYTS
7.845,7.845,7.845,7.845,100,2021-07-02 18:52:00,LYTS
7.845,7.845,7.845,7.845,100,2021-07-02 18:53:00,LYTS
7.845,7.845,7.845,7.845,171,2021-07-02 18:54:00,LYTS
7.845,7.845,7.845,7.845,100,2021-07-02 18:55:00,LYTS
7.84,7.845,7.84,7.845,200,2021-07-02 18:56:00,LYTS
7.835,7.835,7.835,7.835,100,2021-07-02 18:57:00,LYTS
7.835,7.835,7.835,7.835,100,2021-07-02 18:58:00,LYTS
7.83,7.83,7.83,7.83,100,2021-07-02 19:01:00,LYTS
7.835,7.835,7.835,7.835,100,2021-07-02 19:02:00,LYTS
7.835,7.835,7.83,7.83,850,2021-07-02 19:03:00,LYTS
7.825,7.84,7.825,7.83,800,2021-07-02 19:04:00,LYTS
7.845,7.845,7.845,7.845,200,2021-07-02 19:07:00,LYTS
7.87,7.87,7.84,7.84,300,2021-07-02 19:08:00,LYTS
7.855,7.855,7.845,7.845,200,2021-07-02 19:09:00,LYTS
7.845,7.845,7.845,7.845,200,2021-07-02 19:10:00,LYTS
7.845,7.845,7.845,7.845,100,2021-07-02 19:12:00,LYTS
7.845,7.845,7.845,7.845,300,2021-07-02 19:13:00,LYTS
7.845,7.845,7.845,7.845,100,2021-07-02 19:15:00,LYTS
7.85,7.85,7.85,7.85,100,2021-07-02 19:16:00,LYTS
7.85,7.85,7.84,7.84,300,2021-07-02 19:17:00,LYTS
7.825,7.83,7.825,7.83,400,2021-07-02 19:18:00,LYTS
7.82,7.83,7.82,7.83,554,2021-07-02 19:19:00,LYTS
7.8,7.8,7.8,7.8,100,2021-07-02 19:21:00,LYTS
7.815,7.815,7.815,7.815,100,2021-07-02 19:22:00,LYTS
7.81,7.81,7.81,7.81,400,2021-07-02 19:24:00,LYTS
7.81,7.81,7.81,7.81,100,2021-07-02 19:25:00,LYTS
7.81,7.81,7.81,7.81,100,2021-07-02 19:26:00,LYTS
7.81,7.81,7.81,7.81,100,2021-07-02 19:27:00,LYTS
7.81,7.81,7.81,7.81,200,2021-07-02 19:31:00,LYTS
7.815,7.815,7.815,7.815,100,2021-07-02 19:32:00,LYTS
7.815,7.815,7.81,7.815,300,2021-07-02 19:34:00,LYTS
7.81,7.81,7.78,7.79,940,2021-07-02 19:35:00,LYTS
7.8,7.8,7.8,7.8,799,2021-07-02 19:36:00,LYTS
7.805,7.82,7.805,7.82,500,2021-07-02 19:37:00,LYTS
7.82,7.82,7.82,7.82,100,2021-07-02 19:41:00,LYTS
7.8107,7.8107,7.81,7.81,719,2021-07-02 19:42:00,LYTS
7.81,7.81,7.79,7.805,1690,2021-07-02 19:43:00,LYTS
7.79,7.79,7.79,7.79,500,2021-07-02 19:44:00,LYTS
7.77,7.78,7.77,7.78,354,2021-07-02 19:45:00,LYTS
7.79,7.8,7.79,7.8,900,2021-07-02 19:46:00,LYTS
7.79,7.79,7.77,7.77,300,2021-07-02 19:48:00,LYTS
7.76,7.76,7.76,7.76,302,2021-07-02 19:49:00,LYTS
7.77,7.78,7.77,7.78,1000,2021-07-02 19:50:00,LYTS
7.78,7.78,7.78,7.78,300,2021-07-02 19:51:00,LYTS
7.77,7.78,7.77,7.78,1700,2021-07-02 19:53:00,LYTS
7.79,7.79,7.7835,7.7835,500,2021-07-02 19:54:00,LYTS
7.78,7.785,7.77,7.77,1073,2021-07-02 19:56:00,LYTS
7.78,7.78,7.77,7.77,300,2021-07-02 19:57:00,LYTS
7.78,7.78,7.78,7.78,100,2021-07-02 19:58:00,LYTS
7.8,7.8,7.8,7.8,464,2021-07-02 19:59:00,LYTS
7.77,7.77,7.77,7.77,9778,2021-07-02 20:00:00,LYTS
