open,high,low,close,volume,datetime,symbol
5.35,5.35,5.35,5.35,100,2021-06-01 10:30:00,VNTR
5.35,5.35,5.35,5.35,200,2021-06-01 10:31:00,VNTR
5.39,5.39,5.39,5.39,100,2021-06-01 10:39:00,VNTR
5.39,5.39,5.39,5.39,10000,2021-06-01 11:06:00,VNTR
5.4,5.4,5.4,5.4,1980,2021-06-01 11:13:00,VNTR
5.39,5.39,5.35,5.35,681,2021-06-01 11:14:00,VNTR
5.34,5.41,5.34,5.41,400,2021-06-01 11:15:00,VNTR
5.44,5.44,5.44,5.44,100,2021-06-01 11:16:00,VNTR
5.5,5.5,5.44,5.48,380,2021-06-01 11:17:00,VNTR
5.49,5.49,5.35,5.35,1739,2021-06-01 11:18:00,VNTR
5.23,5.23,5.2,5.2,800,2021-06-01 11:20:00,VNTR
5.15,5.15,4.97,5.14,709,2021-06-01 11:21:00,VNTR
5.1,5.1,4.97,4.97,3291,2021-06-01 11:23:00,VNTR
5.13,5.14,5.13,5.14,200,2021-06-01 11:28:00,VNTR
4.99,4.99,4.99,4.99,100,2021-06-01 11:39:00,VNTR
5.1499,5.1499,5.1499,5.1499,100,2021-06-01 11:59:00,VNTR
5.0,5.0,5.0,5.0,100,2021-06-01 12:01:00,VNTR
5.02,5.02,5.0,5.0,1000,2021-06-01 12:05:00,VNTR
5.0,5.0,5.0,5.0,1000,2021-06-01 12:06:00,VNTR
5.14,5.14,5.14,5.14,100,2021-06-01 12:11:00,VNTR
5.12,5.12,5.12,5.12,200,2021-06-01 12:31:00,VNTR
5.12,5.12,5.12,5.12,2000,2021-06-01 12:44:00,VNTR
5.12,5.12,5.12,5.12,1000,2021-06-01 12:47:00,VNTR
5.12,5.12,5.12,5.12,1000,2021-06-01 12:48:00,VNTR
5.12,5.12,5.12,5.12,100,2021-06-01 12:50:00,VNTR
5.12,5.12,5.12,5.12,412,2021-06-01 12:58:00,VNTR
5.15,5.15,5.15,5.15,1991,2021-06-01 13:00:00,VNTR
5.15,5.15,5.15,5.15,500,2021-06-01 13:18:00,VNTR
5.15,5.15,5.15,5.15,300,2021-06-01 13:19:00,VNTR
5.11,5.16,5.11,5.16,7813,2021-06-01 13:30:00,VNTR
5.132,5.132,5.132,5.132,200,2021-06-01 13:31:00,VNTR
5.14,5.165,5.1358,5.165,4576,2021-06-01 13:32:00,VNTR
5.16,5.16,5.1471,5.1471,3116,2021-06-01 13:33:00,VNTR
5.16,5.1957,5.16,5.1957,3874,2021-06-01 13:34:00,VNTR
5.1854,5.22,5.1854,5.22,15781,2021-06-01 13:35:00,VNTR
5.25,5.26,5.235,5.25,1420,2021-06-01 13:36:00,VNTR
5.15,5.15,5.15,5.15,400,2021-06-01 13:37:00,VNTR
5.2262,5.2262,5.1685,5.22,2400,2021-06-01 13:38:00,VNTR
5.1728,5.1728,5.1728,5.1728,200,2021-06-01 13:39:00,VNTR
5.2099,5.21,5.2099,5.21,1100,2021-06-01 13:40:00,VNTR
5.2,5.21,5.1363,5.21,2500,2021-06-01 13:41:00,VNTR
5.1818,5.25,5.1818,5.23,3593,2021-06-01 13:42:00,VNTR
5.1601,5.205,5.1601,5.205,6377,2021-06-01 13:43:00,VNTR
5.17,5.23,5.17,5.23,5300,2021-06-01 13:44:00,VNTR
5.2116,5.2116,5.195,5.195,500,2021-06-01 13:45:00,VNTR
5.22,5.22,5.1701,5.195,4950,2021-06-01 13:46:00,VNTR
5.195,5.195,5.16,5.16,2500,2021-06-01 13:47:00,VNTR
5.18,5.18,5.18,5.18,1200,2021-06-01 13:48:00,VNTR
5.16,5.16,5.16,5.16,588,2021-06-01 13:49:00,VNTR
5.18,5.18,5.165,5.165,200,2021-06-01 13:50:00,VNTR
5.165,5.165,5.165,5.165,100,2021-06-01 13:52:00,VNTR
5.15,5.16,5.121,5.132,5344,2021-06-01 13:53:00,VNTR
5.139,5.139,5.111,5.13,3900,2021-06-01 13:54:00,VNTR
5.1,5.115,5.1,5.11,901,2021-06-01 13:55:00,VNTR
5.1216,5.1216,5.1,5.1,3000,2021-06-01 13:56:00,VNTR
5.1,5.1,5.08,5.0899,2213,2021-06-01 13:57:00,VNTR
5.07,5.12,5.07,5.09,2639,2021-06-01 13:58:00,VNTR
5.12,5.12,5.0507,5.085,2930,2021-06-01 13:59:00,VNTR
5.06,5.09,5.06,5.09,1093,2021-06-01 14:00:00,VNTR
5.07,5.08,5.06,5.06,600,2021-06-01 14:01:00,VNTR
5.09,5.09,5.09,5.09,200,2021-06-01 14:03:00,VNTR
5.12,5.12,5.0897,5.1,400,2021-06-01 14:04:00,VNTR
5.08,5.0903,5.08,5.0903,300,2021-06-01 14:05:00,VNTR
5.1,5.1,5.07,5.07,2868,2021-06-01 14:06:00,VNTR
5.0632,5.0632,5.0632,5.0632,100,2021-06-01 14:08:00,VNTR
5.0638,5.0638,5.0638,5.0638,200,2021-06-01 14:09:00,VNTR
5.0612,5.08,5.03,5.03,1246,2021-06-01 14:10:00,VNTR
5.01,5.04,5.01,5.04,500,2021-06-01 14:11:00,VNTR
5.0576,5.0576,5.0576,5.0576,300,2021-06-01 14:12:00,VNTR
5.04,5.05,5.03,5.05,876,2021-06-01 14:13:00,VNTR
5.01,5.04,5.01,5.03,5900,2021-06-01 14:14:00,VNTR
5.04,5.04,5.0,5.0,6223,2021-06-01 14:15:00,VNTR
5.0,5.0,4.95,4.95,14434,2021-06-01 14:16:00,VNTR
4.95,4.96,4.92,4.96,3047,2021-06-01 14:17:00,VNTR
4.955,4.955,4.955,4.955,100,2021-06-01 14:19:00,VNTR
4.955,4.97,4.955,4.96,849,2021-06-01 14:20:00,VNTR
4.9545,4.975,4.9545,4.975,300,2021-06-01 14:21:00,VNTR
4.96,4.96,4.96,4.96,700,2021-06-01 14:22:00,VNTR
4.97,4.97,4.97,4.97,100,2021-06-01 14:25:00,VNTR
4.97,4.97,4.97,4.97,200,2021-06-01 14:26:00,VNTR
4.97,4.97,4.97,4.97,100,2021-06-01 14:27:00,VNTR
4.97,4.98,4.97,4.98,300,2021-06-01 14:28:00,VNTR
4.98,4.98,4.98,4.98,1300,2021-06-01 14:29:00,VNTR
4.98,5.0,4.98,4.9992,4366,2021-06-01 14:30:00,VNTR
5.0,5.0,4.98,4.98,9371,2021-06-01 14:31:00,VNTR
4.98,4.99,4.94,4.95,7733,2021-06-01 14:32:00,VNTR
4.95,4.96,4.95,4.95,300,2021-06-01 14:33:00,VNTR
4.95,4.95,4.95,4.95,100,2021-06-01 14:34:00,VNTR
4.96,4.96,4.96,4.96,100,2021-06-01 14:35:00,VNTR
4.96,4.96,4.95,4.95,1400,2021-06-01 14:36:00,VNTR
4.94,4.94,4.93,4.935,900,2021-06-01 14:37:00,VNTR
4.95,4.95,4.935,4.95,1700,2021-06-01 14:38:00,VNTR
4.95,4.95,4.95,4.95,500,2021-06-01 14:40:00,VNTR
4.95,4.96,4.95,4.96,600,2021-06-01 14:41:00,VNTR
4.96,4.99,4.943,4.99,510,2021-06-01 14:42:00,VNTR
4.99,4.99,4.99,4.99,200,2021-06-01 14:43:00,VNTR
4.99,4.99,4.99,4.99,400,2021-06-01 14:44:00,VNTR
4.99,4.99,4.99,4.99,500,2021-06-01 14:45:00,VNTR
4.99,4.99,4.9851,4.99,3000,2021-06-01 14:46:00,VNTR
4.99,4.99,4.99,4.99,500,2021-06-01 14:47:00,VNTR
4.99,4.99,4.99,4.99,700,2021-06-01 14:48:00,VNTR
4.99,4.99,4.99,4.99,500,2021-06-01 14:49:00,VNTR
4.99,4.99,4.99,4.99,400,2021-06-01 14:50:00,VNTR
4.99,4.99,4.98,4.98,800,2021-06-01 14:51:00,VNTR
4.9888,5.0,4.9888,5.0,600,2021-06-01 14:52:00,VNTR
5.0,5.0,4.9801,5.0,1000,2021-06-01 14:53:00,VNTR
5.0,5.0,5.0,5.0,1700,2021-06-01 14:54:00,VNTR
5.0,5.0,5.0,5.0,400,2021-06-01 14:55:00,VNTR
5.0,5.0,5.0,5.0,1400,2021-06-01 14:56:00,VNTR
5.0,5.0,4.985,4.985,16946,2021-06-01 14:57:00,VNTR
4.99,5.0,4.99,5.0,816,2021-06-01 14:58:00,VNTR
4.9983,5.0,4.9983,5.0,17480,2021-06-01 14:59:00,VNTR
5.02,5.02,5.0,5.0,500,2021-06-01 15:00:00,VNTR
5.02,5.02,5.01,5.01,2466,2021-06-01 15:01:00,VNTR
5.01,5.01,5.0,5.0,325,2021-06-01 15:02:00,VNTR
5.02,5.02,5.015,5.02,2107,2021-06-01 15:03:00,VNTR
5.02,5.03,5.02,5.03,10859,2021-06-01 15:04:00,VNTR
5.04,5.04,5.035,5.04,1200,2021-06-01 15:05:00,VNTR
5.04,5.04,5.025,5.0299,8545,2021-06-01 15:06:00,VNTR
5.035,5.035,5.035,5.035,100,2021-06-01 15:10:00,VNTR
5.035,5.035,5.035,5.035,100,2021-06-01 15:11:00,VNTR
5.04,5.04,5.02,5.02,4029,2021-06-01 15:13:00,VNTR
5.0173,5.0173,5.0173,5.0173,175,2021-06-01 15:15:00,VNTR
5.03,5.03,5.03,5.03,100,2021-06-01 15:17:00,VNTR
5.04,5.04,5.04,5.04,100,2021-06-01 15:19:00,VNTR
5.04,5.04,5.04,5.04,1111,2021-06-01 15:20:00,VNTR
5.04,5.04,5.04,5.04,1100,2021-06-01 15:21:00,VNTR
5.04,5.04,5.035,5.0395,400,2021-06-01 15:23:00,VNTR
5.035,5.035,5.031,5.031,563,2021-06-01 15:24:00,VNTR
5.04,5.04,5.0305,5.04,700,2021-06-01 15:25:00,VNTR
5.04,5.04,5.04,5.04,1272,2021-06-01 15:26:00,VNTR
5.04,5.04,5.04,5.04,500,2021-06-01 15:27:00,VNTR
5.04,5.04,5.04,5.04,600,2021-06-01 15:28:00,VNTR
5.04,5.04,5.04,5.04,2050,2021-06-01 15:29:00,VNTR
5.03,5.035,5.03,5.03,1134,2021-06-01 15:30:00,VNTR
5.025,5.025,5.025,5.025,100,2021-06-01 15:31:00,VNTR
5.025,5.025,5.025,5.025,400,2021-06-01 15:32:00,VNTR
5.025,5.03,5.025,5.03,995,2021-06-01 15:33:00,VNTR
5.025,5.025,5.025,5.025,100,2021-06-01 15:34:00,VNTR
5.03,5.04,5.03,5.035,11032,2021-06-01 15:35:00,VNTR
5.04,5.07,5.035,5.07,5070,2021-06-01 15:36:00,VNTR
5.09,5.1,5.09,5.0999,8690,2021-06-01 15:37:00,VNTR
5.0925,5.11,5.0925,5.11,5972,2021-06-01 15:38:00,VNTR
5.1,5.15,5.1,5.15,3800,2021-06-01 15:39:00,VNTR
5.165,5.18,5.15,5.18,1000,2021-06-01 15:41:00,VNTR
5.18,5.18,5.165,5.165,300,2021-06-01 15:42:00,VNTR
5.165,5.18,5.15,5.15,400,2021-06-01 15:43:00,VNTR
5.18,5.18,5.135,5.135,4413,2021-06-01 15:44:00,VNTR
5.12,5.1275,5.1,5.1,2640,2021-06-01 15:45:00,VNTR
5.11,5.11,5.08,5.09,1701,2021-06-01 15:46:00,VNTR
5.0701,5.0701,5.0701,5.0701,2000,2021-06-01 15:47:00,VNTR
5.085,5.085,5.085,5.085,100,2021-06-01 15:48:00,VNTR
5.085,5.085,5.085,5.085,100,2021-06-01 15:50:00,VNTR
5.1,5.115,5.1,5.115,970,2021-06-01 15:53:00,VNTR
5.115,5.13,5.115,5.13,400,2021-06-01 15:54:00,VNTR
5.13,5.15,5.13,5.15,843,2021-06-01 15:55:00,VNTR
5.145,5.1489,5.145,5.1456,690,2021-06-01 15:56:00,VNTR
5.15,5.17,5.15,5.17,846,2021-06-01 15:57:00,VNTR
5.17,5.17,5.17,5.17,300,2021-06-01 15:59:00,VNTR
5.17,5.19,5.17,5.19,1879,2021-06-01 16:00:00,VNTR
5.19,5.19,5.162,5.162,1200,2021-06-01 16:01:00,VNTR
5.185,5.2,5.185,5.2,304,2021-06-01 16:02:00,VNTR
5.17,5.17,5.15,5.15,3106,2021-06-01 16:05:00,VNTR
5.175,5.175,5.175,5.175,240,2021-06-01 16:06:00,VNTR
5.175,5.175,5.175,5.175,168,2021-06-01 16:07:00,VNTR
5.175,5.19,5.17,5.19,1662,2021-06-01 16:08:00,VNTR
5.175,5.175,5.175,5.175,151,2021-06-01 16:09:00,VNTR
5.165,5.17,5.165,5.17,547,2021-06-01 16:10:00,VNTR
5.17,5.19,5.17,5.18,472,2021-06-01 16:11:00,VNTR
5.19,5.19,5.19,5.19,1968,2021-06-01 16:12:00,VNTR
5.19,5.19,5.18,5.19,2247,2021-06-01 16:13:00,VNTR
5.19,5.19,5.19,5.19,728,2021-06-01 16:14:00,VNTR
5.19,5.19,5.185,5.19,2055,2021-06-01 16:15:00,VNTR
5.19,5.19,5.185,5.19,1252,2021-06-01 16:16:00,VNTR
5.19,5.21,5.19,5.2,1022,2021-06-01 16:17:00,VNTR
5.2,5.22,5.18,5.21,15225,2021-06-01 16:18:00,VNTR
5.2,5.21,5.17,5.2,5467,2021-06-01 16:19:00,VNTR
5.1701,5.2,5.1701,5.2,1100,2021-06-01 16:20:00,VNTR
5.2,5.2,5.19,5.2,564,2021-06-01 16:23:00,VNTR
5.2,5.2,5.19,5.2,6994,2021-06-01 16:24:00,VNTR
5.2,5.2,5.2,5.2,540,2021-06-01 16:25:00,VNTR
5.19,5.19,5.19,5.19,100,2021-06-01 16:26:00,VNTR
5.2,5.2,5.18,5.18,3352,2021-06-01 16:27:00,VNTR
5.18,5.185,5.18,5.185,2674,2021-06-01 16:28:00,VNTR
5.19,5.2,5.18,5.2,900,2021-06-01 16:29:00,VNTR
5.21,5.21,5.21,5.21,100,2021-06-01 16:31:00,VNTR
5.21,5.21,5.21,5.21,700,2021-06-01 16:32:00,VNTR
5.21,5.21,5.21,5.21,100,2021-06-01 16:33:00,VNTR
5.21,5.21,5.2,5.21,678,2021-06-01 16:34:00,VNTR
5.21,5.22,5.21,5.22,300,2021-06-01 16:35:00,VNTR
5.22,5.24,5.2109,5.24,1908,2021-06-01 16:36:00,VNTR
5.23,5.24,5.23,5.24,200,2021-06-01 16:38:00,VNTR
5.24,5.24,5.24,5.24,200,2021-06-01 16:39:00,VNTR
5.24,5.24,5.225,5.225,2014,2021-06-01 16:40:00,VNTR
5.24,5.25,5.24,5.25,200,2021-06-01 16:41:00,VNTR
5.23,5.23,5.23,5.23,250,2021-06-01 16:42:00,VNTR
5.24,5.24,5.215,5.215,4420,2021-06-01 16:44:00,VNTR
5.215,5.215,5.213,5.215,1824,2021-06-01 16:45:00,VNTR
5.21,5.21,5.205,5.205,473,2021-06-01 16:46:00,VNTR
5.1959,5.2,5.19,5.2,1864,2021-06-01 16:47:00,VNTR
5.205,5.22,5.205,5.205,600,2021-06-01 16:48:00,VNTR
5.205,5.205,5.205,5.205,346,2021-06-01 16:49:00,VNTR
5.205,5.2099,5.205,5.2099,452,2021-06-01 16:50:00,VNTR
5.195,5.195,5.18,5.18,1600,2021-06-01 16:51:00,VNTR
5.195,5.21,5.18,5.18,1213,2021-06-01 16:52:00,VNTR
5.18,5.21,5.18,5.2023,640,2021-06-01 16:55:00,VNTR
5.21,5.21,5.21,5.21,200,2021-06-01 16:56:00,VNTR
5.21,5.21,5.21,5.21,200,2021-06-01 16:57:00,VNTR
5.21,5.21,5.16,5.16,2951,2021-06-01 16:58:00,VNTR
5.17,5.2,5.15,5.17,1892,2021-06-01 16:59:00,VNTR
5.17,5.17,5.17,5.17,100,2021-06-01 17:00:00,VNTR
5.1601,5.19,5.1601,5.19,1682,2021-06-01 17:01:00,VNTR
5.17,5.17,5.17,5.17,130,2021-06-01 17:03:00,VNTR
5.19,5.2,5.18,5.18,600,2021-06-01 17:04:00,VNTR
5.195,5.195,5.195,5.195,351,2021-06-01 17:05:00,VNTR
5.18,5.18,5.17,5.18,1625,2021-06-01 17:06:00,VNTR
5.1936,5.1936,5.1936,5.1936,600,2021-06-01 17:08:00,VNTR
5.2,5.2,5.18,5.18,250,2021-06-01 17:11:00,VNTR
5.2,5.2,5.2,5.2,100,2021-06-01 17:12:00,VNTR
5.18,5.2,5.18,5.2,200,2021-06-01 17:13:00,VNTR
5.2,5.21,5.2,5.21,400,2021-06-01 17:14:00,VNTR
5.2099,5.21,5.2,5.21,1269,2021-06-01 17:15:00,VNTR
5.2,5.2,5.2,5.2,292,2021-06-01 17:16:00,VNTR
5.1931,5.1931,5.1931,5.1931,400,2021-06-01 17:20:00,VNTR
5.2075,5.2075,5.19,5.19,1125,2021-06-01 17:22:00,VNTR
5.1999,5.1999,5.18,5.18,1890,2021-06-01 17:23:00,VNTR
5.1638,5.1638,5.1638,5.1638,200,2021-06-01 17:26:00,VNTR
5.16,5.17,5.155,5.16,2217,2021-06-01 17:27:00,VNTR
5.15,5.165,5.13,5.13,6441,2021-06-01 17:28:00,VNTR
5.12,5.13,5.12,5.13,880,2021-06-01 17:29:00,VNTR
5.11,5.12,5.11,5.12,1300,2021-06-01 17:30:00,VNTR
5.1117,5.12,5.11,5.11,1148,2021-06-01 17:31:00,VNTR
5.11,5.11,5.09,5.09,1382,2021-06-01 17:32:00,VNTR
5.09,5.105,5.09,5.1,3071,2021-06-01 17:33:00,VNTR
5.11,5.11,5.11,5.11,100,2021-06-01 17:34:00,VNTR
5.11,5.1158,5.11,5.11,1200,2021-06-01 17:35:00,VNTR
5.12,5.12,5.11,5.11,298,2021-06-01 17:37:00,VNTR
5.12,5.12,5.12,5.12,100,2021-06-01 17:38:00,VNTR
5.13,5.13,5.115,5.115,1900,2021-06-01 17:40:00,VNTR
5.1266,5.1266,5.1266,5.1266,100,2021-06-01 17:41:00,VNTR
5.12,5.13,5.12,5.12,3200,2021-06-01 17:44:00,VNTR
5.13,5.13,5.13,5.13,100,2021-06-01 17:48:00,VNTR
5.13,5.13,5.13,5.13,100,2021-06-01 17:49:00,VNTR
5.13,5.14,5.13,5.14,887,2021-06-01 17:50:00,VNTR
5.1553,5.1553,5.1553,5.1553,300,2021-06-01 17:53:00,VNTR
5.1534,5.16,5.1386,5.16,1180,2021-06-01 17:55:00,VNTR
5.155,5.155,5.155,5.155,200,2021-06-01 17:59:00,VNTR
5.175,5.175,5.14,5.15,2300,2021-06-01 18:03:00,VNTR
5.14,5.145,5.1301,5.145,2327,2021-06-01 18:04:00,VNTR
5.145,5.145,5.13,5.13,916,2021-06-01 18:05:00,VNTR
5.14,5.14,5.14,5.14,100,2021-06-01 18:08:00,VNTR
5.15,5.15,5.1474,5.15,600,2021-06-01 18:09:00,VNTR
5.15,5.16,5.15,5.16,552,2021-06-01 18:10:00,VNTR
5.15,5.1515,5.14,5.14,1659,2021-06-01 18:13:00,VNTR
5.15,5.16,5.15,5.16,200,2021-06-01 18:17:00,VNTR
5.15,5.15,5.15,5.15,100,2021-06-01 18:18:00,VNTR
5.1593,5.16,5.1401,5.16,600,2021-06-01 18:19:00,VNTR
5.16,5.16,5.16,5.16,200,2021-06-01 18:21:00,VNTR
5.16,5.165,5.16,5.165,2677,2021-06-01 18:22:00,VNTR
5.16,5.16,5.15,5.15,1983,2021-06-01 18:23:00,VNTR
5.14,5.155,5.14,5.155,2334,2021-06-01 18:24:00,VNTR
5.14,5.1467,5.14,5.1467,200,2021-06-01 18:25:00,VNTR
5.14,5.14,5.14,5.14,249,2021-06-01 18:26:00,VNTR
5.17,5.17,5.155,5.155,200,2021-06-01 18:30:00,VNTR
5.17,5.17,5.17,5.17,200,2021-06-01 18:31:00,VNTR
5.155,5.155,5.14,5.155,1100,2021-06-01 18:33:00,VNTR
5.155,5.17,5.155,5.17,200,2021-06-01 18:34:00,VNTR
5.14,5.14,5.14,5.14,100,2021-06-01 18:36:00,VNTR
5.17,5.17,5.17,5.17,247,2021-06-01 18:37:00,VNTR
5.14,5.14,5.14,5.14,100,2021-06-01 18:38:00,VNTR
5.17,5.17,5.14,5.14,1900,2021-06-01 18:40:00,VNTR
5.14,5.14,5.14,5.14,171,2021-06-01 18:41:00,VNTR
5.17,5.17,5.17,5.17,100,2021-06-01 18:42:00,VNTR
5.155,5.155,5.14,5.155,2163,2021-06-01 18:44:00,VNTR
5.14,5.14,5.14,5.14,100,2021-06-01 18:45:00,VNTR
5.17,5.17,5.17,5.17,200,2021-06-01 18:48:00,VNTR
5.17,5.17,5.155,5.155,820,2021-06-01 18:51:00,VNTR
5.14,5.155,5.14,5.14,450,2021-06-01 18:54:00,VNTR
5.14,5.155,5.14,5.155,2500,2021-06-01 18:55:00,VNTR
5.17,5.17,5.17,5.17,200,2021-06-01 18:56:00,VNTR
5.14,5.16,5.14,5.15,1882,2021-06-01 18:58:00,VNTR
5.145,5.145,5.14,5.14,300,2021-06-01 18:59:00,VNTR
5.13,5.13,5.13,5.13,600,2021-06-01 19:00:00,VNTR
5.13,5.135,5.13,5.135,256,2021-06-01 19:01:00,VNTR
5.135,5.135,5.135,5.135,147,2021-06-01 19:02:00,VNTR
5.13,5.13,5.13,5.13,1217,2021-06-01 19:03:00,VNTR
5.14,5.15,5.14,5.15,673,2021-06-01 19:04:00,VNTR
5.15,5.15,5.15,5.15,142,2021-06-01 19:07:00,VNTR
5.15,5.15,5.15,5.15,773,2021-06-01 19:09:00,VNTR
5.155,5.155,5.135,5.135,1263,2021-06-01 19:10:00,VNTR
5.135,5.135,5.135,5.135,166,2021-06-01 19:11:00,VNTR
5.125,5.125,5.12,5.12,1010,2021-06-01 19:12:00,VNTR
5.13,5.15,5.13,5.15,671,2021-06-01 19:13:00,VNTR
5.15,5.15,5.15,5.15,300,2021-06-01 19:14:00,VNTR
5.15,5.15,5.15,5.15,114,2021-06-01 19:15:00,VNTR
5.15,5.15,5.15,5.15,797,2021-06-01 19:18:00,VNTR
5.145,5.145,5.145,5.145,100,2021-06-01 19:19:00,VNTR
5.15,5.15,5.15,5.15,163,2021-06-01 19:20:00,VNTR
5.14,5.14,5.1391,5.1391,600,2021-06-01 19:21:00,VNTR
5.13,5.15,5.13,5.14,300,2021-06-01 19:22:00,VNTR
5.13,5.14,5.13,5.14,1626,2021-06-01 19:24:00,VNTR
5.12,5.12,5.12,5.12,300,2021-06-01 19:27:00,VNTR
5.13,5.13,5.12,5.12,600,2021-06-01 19:28:00,VNTR
5.11,5.13,5.11,5.12,2200,2021-06-01 19:30:00,VNTR
5.11,5.12,5.11,5.12,200,2021-06-01 19:32:00,VNTR
5.12,5.13,5.12,5.13,240,2021-06-01 19:33:00,VNTR
5.13,5.13,5.12,5.12,2967,2021-06-01 19:34:00,VNTR
5.115,5.12,5.115,5.12,1604,2021-06-01 19:35:00,VNTR
5.12,5.13,5.12,5.12,300,2021-06-01 19:37:00,VNTR
5.12,5.12,5.12,5.12,200,2021-06-01 19:38:00,VNTR
5.12,5.12,5.11,5.11,247,2021-06-01 19:39:00,VNTR
5.12,5.12,5.12,5.12,100,2021-06-01 19:40:00,VNTR
5.125,5.125,5.125,5.125,100,2021-06-01 19:41:00,VNTR
5.11,5.11,5.11,5.11,100,2021-06-01 19:42:00,VNTR
5.11,5.12,5.11,5.12,600,2021-06-01 19:43:00,VNTR
5.12,5.12,5.11,5.12,1336,2021-06-01 19:44:00,VNTR
5.12,5.12,5.12,5.12,745,2021-06-01 19:45:00,VNTR
5.11,5.114,5.11,5.114,200,2021-06-01 19:46:00,VNTR
5.1104,5.12,5.11,5.12,800,2021-06-01 19:47:00,VNTR
5.13,5.13,5.11,5.11,200,2021-06-01 19:48:00,VNTR
5.11,5.1299,5.11,5.12,503,2021-06-01 19:49:00,VNTR
5.12,5.13,5.11,5.11,4999,2021-06-01 19:50:00,VNTR
5.12,5.12,5.11,5.11,2900,2021-06-01 19:51:00,VNTR
5.1182,5.12,5.115,5.115,1386,2021-06-01 19:52:00,VNTR
5.115,5.13,5.115,5.125,4996,2021-06-01 19:53:00,VNTR
5.13,5.13,5.12,5.13,7332,2021-06-01 19:54:00,VNTR
5.13,5.13,5.11,5.1183,729,2021-06-01 19:55:00,VNTR
5.11,5.12,5.11,5.115,749,2021-06-01 19:56:00,VNTR
5.115,5.12,5.11,5.115,2828,2021-06-01 19:57:00,VNTR
5.12,5.12,5.115,5.12,2799,2021-06-01 19:58:00,VNTR
5.13,5.17,5.12,5.16,21619,2021-06-01 19:59:00,VNTR
5.17,5.17,5.17,5.17,6110,2021-06-01 20:00:00,VNTR
5.15,5.15,5.15,5.15,180,2021-06-01 21:21:00,VNTR
5.11,5.11,5.11,5.11,115,2021-06-01 21:44:00,VNTR
5.25,5.25,5.25,5.25,593,2021-06-01 22:06:00,VNTR
5.25,5.25,5.25,5.25,388,2021-06-01 22:11:00,VNTR
5.17,5.17,5.17,5.17,100,2021-06-02 11:00:00,VNTR
5.15,5.15,5.15,5.15,100,2021-06-02 12:48:00,VNTR
5.15,5.15,5.15,5.15,300,2021-06-02 13:07:00,VNTR
5.15,5.15,5.11,5.11,900,2021-06-02 13:09:00,VNTR
5.11,5.11,5.11,5.11,570,2021-06-02 13:14:00,VNTR
5.16,5.16,5.16,5.16,400,2021-06-02 13:27:00,VNTR
5.16,5.16,5.16,5.16,500,2021-06-02 13:29:00,VNTR
5.1,5.11,4.96,4.99,48781,2021-06-02 13:30:00,VNTR
4.952,5.06,4.952,5.06,5036,2021-06-02 13:31:00,VNTR
5.0334,5.12,5.0334,5.1,900,2021-06-02 13:32:00,VNTR
5.02,5.02,5.01,5.01,490,2021-06-02 13:33:00,VNTR
4.98,5.1,4.95,5.0757,2737,2021-06-02 13:34:00,VNTR
5.1,5.1,4.9653,5.08,1482,2021-06-02 13:35:00,VNTR
5.096,5.096,5.09,5.09,1200,2021-06-02 13:37:00,VNTR
5.0199,5.0199,5.0199,5.0199,200,2021-06-02 13:39:00,VNTR
4.99,5.08,4.98,5.08,6094,2021-06-02 13:40:00,VNTR
5.04,5.09,5.03,5.09,824,2021-06-02 13:42:00,VNTR
5.07,5.08,5.05,5.05,1476,2021-06-02 13:43:00,VNTR
5.0999,5.1,5.065,5.065,3400,2021-06-02 13:44:00,VNTR
5.08,5.08,5.03,5.03,520,2021-06-02 13:45:00,VNTR
5.03,5.03,5.02,5.02,1036,2021-06-02 13:46:00,VNTR
5.1,5.1,5.07,5.07,2184,2021-06-02 13:47:00,VNTR
5.05,5.0599,5.05,5.0599,1109,2021-06-02 13:48:00,VNTR
5.0101,5.0101,5.0101,5.0101,100,2021-06-02 13:49:00,VNTR
5.035,5.035,5.03,5.03,600,2021-06-02 13:50:00,VNTR
5.0426,5.0426,5.0426,5.0426,100,2021-06-02 13:51:00,VNTR
5.04,5.04,5.04,5.04,600,2021-06-02 13:53:00,VNTR
5.04,5.04,5.04,5.04,5164,2021-06-02 13:55:00,VNTR
5.01,5.02,5.01,5.02,2500,2021-06-02 13:56:00,VNTR
5.0,5.0,4.99,4.99,7909,2021-06-02 13:57:00,VNTR
4.99,5.03,4.99,5.03,944,2021-06-02 13:58:00,VNTR
5.06,5.07,5.06,5.07,662,2021-06-02 14:00:00,VNTR
5.07,5.1,5.07,5.08,4291,2021-06-02 14:01:00,VNTR
5.06,5.1,5.06,5.07,1415,2021-06-02 14:03:00,VNTR
5.09,5.12,5.08,5.08,841,2021-06-02 14:04:00,VNTR
5.08,5.11,5.08,5.11,1750,2021-06-02 14:05:00,VNTR
5.1,5.1,5.08,5.085,5069,2021-06-02 14:06:00,VNTR
5.06,5.0709,5.06,5.0709,200,2021-06-02 14:07:00,VNTR
5.0579,5.0579,5.0579,5.0579,100,2021-06-02 14:08:00,VNTR
5.05,5.07,5.05,5.07,300,2021-06-02 14:10:00,VNTR
5.08,5.08,5.08,5.08,100,2021-06-02 14:11:00,VNTR
5.06,5.1,5.06,5.1,200,2021-06-02 14:13:00,VNTR
5.06,5.1,5.06,5.1,300,2021-06-02 14:14:00,VNTR
5.06,5.06,5.06,5.06,100,2021-06-02 14:15:00,VNTR
5.06,5.06,5.06,5.06,291,2021-06-02 14:16:00,VNTR
5.075,5.075,5.075,5.075,100,2021-06-02 14:17:00,VNTR
5.0887,5.0887,5.0887,5.0887,200,2021-06-02 14:18:00,VNTR
5.0895,5.0895,5.0895,5.0895,200,2021-06-02 14:25:00,VNTR
5.0999,5.0999,5.02,5.02,2000,2021-06-02 14:26:00,VNTR
5.015,5.0342,5.01,5.0342,5798,2021-06-02 14:27:00,VNTR
5.045,5.05,5.025,5.05,3500,2021-06-02 14:29:00,VNTR
5.04,5.04,5.04,5.04,1116,2021-06-02 14:30:00,VNTR
5.03,5.04,5.01,5.01,5400,2021-06-02 14:31:00,VNTR
5.01,5.01,5.01,5.01,100,2021-06-02 14:32:00,VNTR
5.01,5.02,5.0,5.0,14065,2021-06-02 14:33:00,VNTR
4.97,4.9727,4.97,4.97,1100,2021-06-02 14:34:00,VNTR
4.975,4.975,4.975,4.975,200,2021-06-02 14:35:00,VNTR
4.96,4.96,4.94,4.955,3482,2021-06-02 14:36:00,VNTR
4.955,4.955,4.955,4.955,300,2021-06-02 14:37:00,VNTR
4.95,4.95,4.95,4.95,200,2021-06-02 14:38:00,VNTR
4.96,4.96,4.96,4.96,1500,2021-06-02 14:39:00,VNTR
4.9615,4.9615,4.9615,4.9615,100,2021-06-02 14:40:00,VNTR
4.97,4.97,4.97,4.97,400,2021-06-02 14:41:00,VNTR
4.9873,4.99,4.9873,4.99,300,2021-06-02 14:42:00,VNTR
4.99,5.02,4.99,5.0,11670,2021-06-02 14:43:00,VNTR
5.02,5.02,5.02,5.02,300,2021-06-02 14:44:00,VNTR
5.02,5.03,5.02,5.03,200,2021-06-02 14:45:00,VNTR
5.03,5.03,5.02,5.02,1600,2021-06-02 14:46:00,VNTR
5.02,5.02,5.02,5.02,100,2021-06-02 14:47:00,VNTR
5.02,5.02,5.02,5.02,100,2021-06-02 14:48:00,VNTR
5.02,5.02,5.02,5.02,200,2021-06-02 14:49:00,VNTR
5.01,5.01,5.01,5.01,100,2021-06-02 14:52:00,VNTR
4.99,4.99,4.99,4.99,600,2021-06-02 14:55:00,VNTR
5.005,5.01,5.005,5.01,250,2021-06-02 14:56:00,VNTR
5.02,5.02,5.02,5.02,500,2021-06-02 14:57:00,VNTR
5.04,5.04,5.025,5.025,589,2021-06-02 14:58:00,VNTR
5.01,5.01,5.0,5.01,1293,2021-06-02 14:59:00,VNTR
4.995,5.04,4.995,5.04,2978,2021-06-02 15:01:00,VNTR
5.08,5.08,5.07,5.075,3300,2021-06-02 15:02:00,VNTR
5.09,5.09,5.09,5.09,200,2021-06-02 15:03:00,VNTR
5.09,5.09,5.09,5.09,200,2021-06-02 15:04:00,VNTR
5.07,5.07,5.07,5.07,400,2021-06-02 15:05:00,VNTR
5.07,5.07,5.07,5.07,800,2021-06-02 15:06:00,VNTR
5.08,5.08,5.08,5.08,100,2021-06-02 15:07:00,VNTR
5.0773,5.08,5.075,5.075,600,2021-06-02 15:09:00,VNTR
5.07,5.07,5.07,5.07,200,2021-06-02 15:10:00,VNTR
5.07,5.07,5.07,5.07,297,2021-06-02 15:11:00,VNTR
5.06,5.06,5.06,5.06,807,2021-06-02 15:12:00,VNTR
5.06,5.06,5.06,5.06,100,2021-06-02 15:15:00,VNTR
5.07,5.0877,5.07,5.0877,1000,2021-06-02 15:16:00,VNTR
5.076,5.076,5.076,5.076,500,2021-06-02 15:17:00,VNTR
5.07,5.07,5.07,5.07,100,2021-06-02 15:19:00,VNTR
5.07,5.08,5.07,5.08,600,2021-06-02 15:20:00,VNTR
5.07,5.09,5.07,5.09,200,2021-06-02 15:21:00,VNTR
5.09,5.09,5.08,5.08,1102,2021-06-02 15:22:00,VNTR
5.08,5.08,5.08,5.08,1529,2021-06-02 15:23:00,VNTR
5.09,5.09,5.09,5.09,100,2021-06-02 15:25:00,VNTR
5.07,5.09,5.07,5.0899,1309,2021-06-02 15:26:00,VNTR
5.07,5.07,5.07,5.07,300,2021-06-02 15:27:00,VNTR
5.05,5.05,5.05,5.05,100,2021-06-02 15:28:00,VNTR
5.05,5.0665,5.03,5.03,633,2021-06-02 15:29:00,VNTR
5.04,5.04,5.04,5.04,300,2021-06-02 15:33:00,VNTR
5.04,5.04,5.04,5.04,900,2021-06-02 15:37:00,VNTR
5.0385,5.0385,5.0385,5.0385,100,2021-06-02 15:39:00,VNTR
5.04,5.04,5.04,5.04,200,2021-06-02 15:40:00,VNTR
5.04,5.05,5.0399,5.0399,700,2021-06-02 15:42:00,VNTR
5.04,5.04,5.04,5.04,1461,2021-06-02 15:48:00,VNTR
5.06,5.06,5.06,5.06,100,2021-06-02 15:49:00,VNTR
5.0253,5.0253,5.0253,5.0253,1000,2021-06-02 15:53:00,VNTR
5.06,5.06,5.06,5.06,114,2021-06-02 15:56:00,VNTR
5.02,5.02,5.02,5.02,100,2021-06-02 15:57:00,VNTR
5.05,5.05,5.05,5.05,100,2021-06-02 16:01:00,VNTR
5.07,5.07,5.065,5.07,401,2021-06-02 16:05:00,VNTR
5.07,5.07,5.06,5.06,400,2021-06-02 16:06:00,VNTR
5.07,5.07,5.07,5.07,100,2021-06-02 16:07:00,VNTR
5.05,5.05,5.05,5.05,100,2021-06-02 16:17:00,VNTR
5.0673,5.07,5.0673,5.07,1111,2021-06-02 16:19:00,VNTR
5.06,5.07,5.06,5.0682,540,2021-06-02 16:20:00,VNTR
5.06,5.06,5.06,5.06,100,2021-06-02 16:22:00,VNTR
5.04,5.05,5.04,5.04,571,2021-06-02 16:25:00,VNTR
5.03,5.03,5.03,5.03,100,2021-06-02 16:26:00,VNTR
5.04,5.04,5.04,5.04,100,2021-06-02 16:27:00,VNTR
5.03,5.03,5.01,5.01,17132,2021-06-02 16:32:00,VNTR
4.99,4.99,4.98,4.98,2152,2021-06-02 16:33:00,VNTR
4.98,5.0,4.98,5.0,261,2021-06-02 16:34:00,VNTR
5.03,5.03,4.9904,4.9904,723,2021-06-02 16:35:00,VNTR
5.01,5.01,5.01,5.01,100,2021-06-02 16:39:00,VNTR
4.99,4.99,4.99,4.99,100,2021-06-02 16:40:00,VNTR
5.03,5.03,5.0,5.0,200,2021-06-02 16:41:00,VNTR
5.03,5.03,5.03,5.03,200,2021-06-02 16:42:00,VNTR
5.03,5.03,5.03,5.03,100,2021-06-02 16:43:00,VNTR
5.03,5.03,5.03,5.03,1200,2021-06-02 16:44:00,VNTR
5.03,5.03,5.0085,5.0085,1100,2021-06-02 16:45:00,VNTR
5.03,5.03,5.03,5.03,300,2021-06-02 16:46:00,VNTR
5.03,5.03,5.0,5.0,200,2021-06-02 16:47:00,VNTR
5.03,5.03,5.03,5.03,100,2021-06-02 16:48:00,VNTR
5.03,5.03,5.03,5.03,100,2021-06-02 16:49:00,VNTR
5.03,5.03,5.03,5.03,200,2021-06-02 16:50:00,VNTR
5.02,5.04,5.02,5.04,200,2021-06-02 16:52:00,VNTR
5.04,5.04,5.04,5.04,200,2021-06-02 16:54:00,VNTR
5.02,5.02,5.02,5.02,300,2021-06-02 16:58:00,VNTR
5.02,5.02,5.02,5.02,732,2021-06-02 16:59:00,VNTR
5.02,5.02,5.02,5.02,100,2021-06-02 17:00:00,VNTR
5.01,5.01,5.01,5.01,200,2021-06-02 17:05:00,VNTR
4.98,4.98,4.98,4.98,1100,2021-06-02 17:10:00,VNTR
4.975,4.975,4.975,4.975,100,2021-06-02 17:12:00,VNTR
4.97,4.97,4.96,4.96,200,2021-06-02 17:23:00,VNTR
4.96,4.96,4.96,4.96,100,2021-06-02 17:24:00,VNTR
4.95,4.95,4.95,4.95,200,2021-06-02 17:29:00,VNTR
4.96,4.96,4.96,4.96,100,2021-06-02 17:32:00,VNTR
4.9768,4.9768,4.9768,4.9768,300,2021-06-02 17:35:00,VNTR
4.9574,4.9574,4.9574,4.9574,197,2021-06-02 17:36:00,VNTR
4.95,4.95,4.95,4.95,2000,2021-06-02 17:38:00,VNTR
4.95,4.95,4.91,4.91,1071,2021-06-02 17:41:00,VNTR
4.92,4.93,4.91,4.91,3544,2021-06-02 17:42:00,VNTR
4.93,4.97,4.93,4.97,1700,2021-06-02 17:43:00,VNTR
4.96,4.96,4.96,4.96,100,2021-06-02 17:46:00,VNTR
4.96,4.96,4.96,4.96,100,2021-06-02 17:47:00,VNTR
4.94,4.95,4.94,4.95,200,2021-06-02 17:51:00,VNTR
4.95,4.95,4.95,4.95,915,2021-06-02 17:53:00,VNTR
4.95,4.95,4.95,4.95,100,2021-06-02 17:54:00,VNTR
4.95,4.95,4.93,4.93,300,2021-06-02 17:55:00,VNTR
4.9441,4.9441,4.9441,4.9441,300,2021-06-02 17:57:00,VNTR
4.95,4.95,4.95,4.95,187,2021-06-02 17:58:00,VNTR
4.95,4.95,4.93,4.938,2000,2021-06-02 17:59:00,VNTR
4.95,4.95,4.95,4.95,200,2021-06-02 18:00:00,VNTR
4.95,4.95,4.9359,4.95,1080,2021-06-02 18:01:00,VNTR
4.9363,4.9363,4.92,4.92,200,2021-06-02 18:02:00,VNTR
4.94,4.94,4.94,4.94,100,2021-06-02 18:04:00,VNTR
4.95,4.95,4.95,4.95,300,2021-06-02 18:07:00,VNTR
4.96,4.97,4.96,4.97,200,2021-06-02 18:08:00,VNTR
4.97,4.97,4.97,4.97,100,2021-06-02 18:09:00,VNTR
4.97,4.97,4.97,4.97,1100,2021-06-02 18:10:00,VNTR
4.93,4.93,4.93,4.93,100,2021-06-02 18:15:00,VNTR
4.97,4.97,4.97,4.97,100,2021-06-02 18:17:00,VNTR
4.93,4.94,4.88,4.92,3004,2021-06-02 18:22:00,VNTR
4.92,4.92,4.92,4.92,192,2021-06-02 18:23:00,VNTR
4.93,4.93,4.88,4.88,500,2021-06-02 18:24:00,VNTR
4.93,4.93,4.93,4.93,400,2021-06-02 18:25:00,VNTR
4.905,4.91,4.905,4.91,600,2021-06-02 18:27:00,VNTR
4.91,4.91,4.9011,4.9011,1326,2021-06-02 18:29:00,VNTR
4.905,4.905,4.905,4.905,100,2021-06-02 18:30:00,VNTR
4.91,4.94,4.91,4.94,10746,2021-06-02 18:31:00,VNTR
4.94,4.94,4.94,4.94,300,2021-06-02 18:32:00,VNTR
4.94,4.94,4.94,4.94,100,2021-06-02 18:33:00,VNTR
4.94,4.96,4.94,4.96,1460,2021-06-02 18:34:00,VNTR
4.98,4.98,4.98,4.98,100,2021-06-02 18:35:00,VNTR
4.965,4.965,4.965,4.965,500,2021-06-02 18:37:00,VNTR
4.985,5.0296,4.985,5.0296,4687,2021-06-02 18:39:00,VNTR
5.0,5.0,4.99,4.99,200,2021-06-02 18:40:00,VNTR
5.0,5.0,5.0,5.0,200,2021-06-02 18:41:00,VNTR
5.0,5.01,5.0,5.0,300,2021-06-02 18:42:00,VNTR
4.99,5.01,4.99,5.01,200,2021-06-02 18:43:00,VNTR
5.01,5.01,4.99,5.01,400,2021-06-02 18:45:00,VNTR
5.01,5.01,5.01,5.01,100,2021-06-02 18:46:00,VNTR
4.99,4.99,4.99,4.99,300,2021-06-02 18:47:00,VNTR
4.99,4.99,4.98,4.98,600,2021-06-02 18:48:00,VNTR
4.965,4.965,4.965,4.965,500,2021-06-02 18:49:00,VNTR
4.95,4.95,4.95,4.95,100,2021-06-02 18:50:00,VNTR
4.9685,4.9685,4.9685,4.9685,100,2021-06-02 18:52:00,VNTR
4.9683,4.9683,4.9683,4.9683,100,2021-06-02 18:59:00,VNTR
4.97,4.99,4.97,4.99,4379,2021-06-02 19:00:00,VNTR
4.99,4.99,4.99,4.99,200,2021-06-02 19:02:00,VNTR
4.99,4.99,4.99,4.99,869,2021-06-02 19:03:00,VNTR
4.9941,4.9941,4.9941,4.9941,100,2021-06-02 19:04:00,VNTR
4.98,4.98,4.98,4.98,342,2021-06-02 19:05:00,VNTR
4.96,4.96,4.96,4.96,600,2021-06-02 19:06:00,VNTR
4.95,4.95,4.95,4.95,100,2021-06-02 19:07:00,VNTR
4.96,4.96,4.96,4.96,100,2021-06-02 19:08:00,VNTR
4.99,4.99,4.99,4.99,753,2021-06-02 19:11:00,VNTR
5.02,5.02,5.0,5.003,18917,2021-06-02 19:13:00,VNTR
5.02,5.02,4.99,5.02,300,2021-06-02 19:16:00,VNTR
5.02,5.02,5.02,5.02,200,2021-06-02 19:19:00,VNTR
5.005,5.02,5.005,5.02,200,2021-06-02 19:20:00,VNTR
5.01,5.02,5.01,5.02,400,2021-06-02 19:21:00,VNTR
5.01,5.01,5.01,5.01,100,2021-06-02 19:22:00,VNTR
5.01,5.01,5.01,5.01,100,2021-06-02 19:23:00,VNTR
5.01,5.01,5.01,5.01,100,2021-06-02 19:24:00,VNTR
5.005,5.01,5.0,5.0,1412,2021-06-02 19:25:00,VNTR
4.985,4.985,4.985,4.985,100,2021-06-02 19:26:00,VNTR
4.995,4.995,4.995,4.995,100,2021-06-02 19:34:00,VNTR
4.995,4.995,4.995,4.995,100,2021-06-02 19:38:00,VNTR
4.995,4.995,4.98,4.98,1425,2021-06-02 19:39:00,VNTR
4.98,4.98,4.975,4.975,470,2021-06-02 19:41:00,VNTR
4.975,4.975,4.975,4.975,100,2021-06-02 19:43:00,VNTR
4.985,4.985,4.97,4.97,1900,2021-06-02 19:44:00,VNTR
4.965,4.965,4.965,4.965,200,2021-06-02 19:45:00,VNTR
4.96,4.96,4.96,4.96,100,2021-06-02 19:46:00,VNTR
4.97,4.98,4.97,4.98,2223,2021-06-02 19:47:00,VNTR
4.98,4.98,4.98,4.98,573,2021-06-02 19:48:00,VNTR
4.99,4.99,4.98,4.98,3100,2021-06-02 19:49:00,VNTR
4.98,4.98,4.98,4.98,300,2021-06-02 19:50:00,VNTR
4.99,5.0,4.99,5.0,450,2021-06-02 19:51:00,VNTR
4.98,4.98,4.975,4.975,1743,2021-06-02 19:52:00,VNTR
4.9715,4.98,4.97,4.975,5700,2021-06-02 19:54:00,VNTR
4.97,4.9718,4.97,4.9718,732,2021-06-02 19:55:00,VNTR
4.97,4.97,4.955,4.955,4939,2021-06-02 19:56:00,VNTR
4.95,4.955,4.95,4.955,1106,2021-06-02 19:57:00,VNTR
4.955,4.96,4.95,4.95,3461,2021-06-02 19:58:00,VNTR
4.949,4.95,4.93,4.93,6939,2021-06-02 19:59:00,VNTR
4.93,4.93,4.93,4.93,12690,2021-06-02 20:01:00,VNTR
4.84,4.84,4.84,4.84,148,2021-06-02 20:16:00,VNTR
4.96,4.98,4.96,4.98,3261,2021-06-03 13:30:00,VNTR
4.98,4.98,4.98,4.98,2295,2021-06-03 13:32:00,VNTR
4.91,4.91,4.85,4.865,4500,2021-06-03 13:33:00,VNTR
4.86,4.86,4.85,4.85,200,2021-06-03 13:34:00,VNTR
4.9169,4.9169,4.86,4.86,2300,2021-06-03 13:35:00,VNTR
4.88,4.94,4.88,4.93,2350,2021-06-03 13:36:00,VNTR
4.93,4.93,4.9,4.9,1617,2021-06-03 13:37:00,VNTR
4.88,4.91,4.86,4.9,525,2021-06-03 13:39:00,VNTR
4.84,4.84,4.84,4.84,100,2021-06-03 13:44:00,VNTR
4.82,4.82,4.82,4.82,400,2021-06-03 13:45:00,VNTR
4.84,4.85,4.84,4.85,636,2021-06-03 13:46:00,VNTR
4.88,4.88,4.87,4.87,235,2021-06-03 13:47:00,VNTR
4.87,4.87,4.87,4.87,637,2021-06-03 13:48:00,VNTR
4.87,4.87,4.87,4.87,663,2021-06-03 13:49:00,VNTR
4.865,4.865,4.865,4.865,800,2021-06-03 13:50:00,VNTR
4.89,4.89,4.89,4.89,181,2021-06-03 13:55:00,VNTR
4.89,4.89,4.86,4.86,200,2021-06-03 13:59:00,VNTR
4.86,4.93,4.86,4.93,300,2021-06-03 14:00:00,VNTR
4.88,4.88,4.87,4.88,412,2021-06-03 14:02:00,VNTR
4.87,4.87,4.87,4.87,200,2021-06-03 14:03:00,VNTR
4.885,4.885,4.885,4.885,2000,2021-06-03 14:13:00,VNTR
4.885,4.885,4.86,4.86,2888,2021-06-03 14:15:00,VNTR
4.88,4.88,4.85,4.85,469,2021-06-03 14:18:00,VNTR
4.89,4.89,4.888,4.888,200,2021-06-03 14:20:00,VNTR
4.8903,4.8903,4.8903,4.8903,500,2021-06-03 14:23:00,VNTR
4.8551,4.8551,4.85,4.85,600,2021-06-03 14:24:00,VNTR
4.9,4.9,4.9,4.9,350,2021-06-03 14:26:00,VNTR
4.8563,4.86,4.8563,4.86,450,2021-06-03 14:27:00,VNTR
4.9,4.9,4.9,4.9,1423,2021-06-03 14:33:00,VNTR
4.92,4.92,4.92,4.92,100,2021-06-03 14:36:00,VNTR
4.925,4.925,4.91,4.91,600,2021-06-03 14:46:00,VNTR
4.935,4.935,4.935,4.935,500,2021-06-03 14:47:00,VNTR
4.94,4.94,4.94,4.94,100,2021-06-03 14:48:00,VNTR
4.95,4.97,4.95,4.95,2948,2021-06-03 14:49:00,VNTR
4.9201,4.9201,4.9201,4.9201,500,2021-06-03 14:50:00,VNTR
4.945,4.9478,4.945,4.9478,200,2021-06-03 14:51:00,VNTR
4.9628,4.9628,4.9628,4.9628,100,2021-06-03 14:54:00,VNTR
4.955,4.955,4.94,4.94,1987,2021-06-03 14:56:00,VNTR
4.94,4.94,4.93,4.93,670,2021-06-03 14:57:00,VNTR
4.94,4.94,4.94,4.94,100,2021-06-03 14:58:00,VNTR
4.94,4.94,4.94,4.94,100,2021-06-03 15:00:00,VNTR
4.93,4.93,4.92,4.92,1082,2021-06-03 15:02:00,VNTR
4.91,4.91,4.91,4.91,100,2021-06-03 15:03:00,VNTR
4.9321,4.9321,4.9321,4.9321,100,2021-06-03 15:05:00,VNTR
4.925,4.925,4.925,4.925,100,2021-06-03 15:06:00,VNTR
4.91,4.91,4.91,4.91,400,2021-06-03 15:08:00,VNTR
4.925,4.925,4.925,4.925,200,2021-06-03 15:09:00,VNTR
4.91,4.9399,4.91,4.9399,400,2021-06-03 15:10:00,VNTR
4.93,4.93,4.93,4.93,100,2021-06-03 15:11:00,VNTR
4.91,4.91,4.91,4.91,100,2021-06-03 15:12:00,VNTR
4.93,4.93,4.91,4.91,200,2021-06-03 15:14:00,VNTR
4.93,4.93,4.93,4.93,200,2021-06-03 15:16:00,VNTR
4.91,4.91,4.91,4.91,301,2021-06-03 15:22:00,VNTR
4.91,4.915,4.91,4.915,240,2021-06-03 15:23:00,VNTR
4.93,4.94,4.93,4.94,200,2021-06-03 15:24:00,VNTR
4.94,4.94,4.925,4.925,725,2021-06-03 15:27:00,VNTR
4.93,4.93,4.91,4.91,300,2021-06-03 15:28:00,VNTR
4.91,4.91,4.91,4.91,100,2021-06-03 15:29:00,VNTR
4.91,4.91,4.91,4.91,100,2021-06-03 15:36:00,VNTR
4.93,4.93,4.91,4.91,1300,2021-06-03 15:38:00,VNTR
4.91,4.91,4.91,4.91,400,2021-06-03 15:39:00,VNTR
4.93,4.93,4.93,4.93,100,2021-06-03 15:40:00,VNTR
4.93,4.93,4.93,4.93,100,2021-06-03 15:46:00,VNTR
4.92,4.92,4.92,4.92,1898,2021-06-03 15:47:00,VNTR
4.92,4.95,4.92,4.935,5700,2021-06-03 15:48:00,VNTR
4.965,4.965,4.965,4.965,100,2021-06-03 15:55:00,VNTR
4.965,4.99,4.965,4.99,600,2021-06-03 15:56:00,VNTR
4.965,4.965,4.965,4.965,100,2021-06-03 15:57:00,VNTR
4.965,4.965,4.965,4.965,100,2021-06-03 15:59:00,VNTR
4.96,4.97,4.96,4.97,200,2021-06-03 16:00:00,VNTR
4.97,4.97,4.97,4.97,5000,2021-06-03 16:01:00,VNTR
4.97,4.97,4.97,4.97,100,2021-06-03 16:02:00,VNTR
4.97,4.97,4.95,4.95,950,2021-06-03 16:04:00,VNTR
4.95,4.95,4.95,4.95,200,2021-06-03 16:05:00,VNTR
4.95,4.95,4.95,4.95,300,2021-06-03 16:06:00,VNTR
4.95,4.95,4.95,4.95,100,2021-06-03 16:07:00,VNTR
4.95,4.95,4.95,4.95,100,2021-06-03 16:09:00,VNTR
4.95,4.95,4.95,4.95,200,2021-06-03 16:10:00,VNTR
4.9551,4.96,4.9551,4.96,1100,2021-06-03 16:11:00,VNTR
4.95,4.95,4.95,4.95,300,2021-06-03 16:12:00,VNTR
4.95,4.95,4.95,4.95,100,2021-06-03 16:16:00,VNTR
4.95,4.95,4.95,4.95,200,2021-06-03 16:17:00,VNTR
4.95,4.95,4.95,4.95,100,2021-06-03 16:19:00,VNTR
4.95,4.95,4.95,4.95,100,2021-06-03 16:22:00,VNTR
4.95,4.95,4.95,4.95,200,2021-06-03 16:23:00,VNTR
4.94,4.94,4.94,4.94,600,2021-06-03 16:25:00,VNTR
4.94,4.94,4.94,4.94,100,2021-06-03 16:26:00,VNTR
4.93,4.93,4.93,4.93,100,2021-06-03 16:28:00,VNTR
4.93,4.93,4.93,4.93,600,2021-06-03 16:30:00,VNTR
4.92,4.92,4.92,4.92,498,2021-06-03 16:36:00,VNTR
4.92,4.92,4.92,4.92,100,2021-06-03 16:37:00,VNTR
4.93,4.93,4.93,4.93,200,2021-06-03 16:38:00,VNTR
4.93,4.93,4.93,4.93,100,2021-06-03 16:39:00,VNTR
4.9201,4.9201,4.92,4.92,1487,2021-06-03 16:40:00,VNTR
4.94,4.94,4.93,4.93,400,2021-06-03 16:43:00,VNTR
4.93,4.93,4.93,4.93,100,2021-06-03 16:45:00,VNTR
4.92,4.92,4.92,4.92,800,2021-06-03 16:47:00,VNTR
4.92,4.92,4.92,4.92,100,2021-06-03 16:48:00,VNTR
4.9299,4.9299,4.9299,4.9299,500,2021-06-03 16:53:00,VNTR
4.93,4.93,4.93,4.93,136,2021-06-03 16:59:00,VNTR
4.93,4.93,4.92,4.93,400,2021-06-03 17:00:00,VNTR
4.91,4.91,4.91,4.91,100,2021-06-03 17:01:00,VNTR
4.91,4.91,4.91,4.91,121,2021-06-03 17:02:00,VNTR
4.93,4.96,4.91,4.91,17638,2021-06-03 17:05:00,VNTR
4.91,4.92,4.91,4.92,600,2021-06-03 17:06:00,VNTR
4.95,4.95,4.92,4.9377,2500,2021-06-03 17:08:00,VNTR
4.95,4.95,4.95,4.95,500,2021-06-03 17:09:00,VNTR
4.95,4.95,4.95,4.95,500,2021-06-03 17:11:00,VNTR
4.96,4.96,4.96,4.96,200,2021-06-03 17:12:00,VNTR
4.96,4.96,4.96,4.96,200,2021-06-03 17:13:00,VNTR
4.96,4.96,4.96,4.96,300,2021-06-03 17:14:00,VNTR
4.96,4.97,4.96,4.97,500,2021-06-03 17:15:00,VNTR
4.97,4.97,4.97,4.97,200,2021-06-03 17:16:00,VNTR
4.97,4.97,4.97,4.97,100,2021-06-03 17:17:00,VNTR
4.98,4.99,4.98,4.99,200,2021-06-03 17:18:00,VNTR
5.0,5.0,5.0,5.0,200,2021-06-03 17:19:00,VNTR
5.0,5.0,5.0,5.0,200,2021-06-03 17:20:00,VNTR
5.0,5.0,5.0,5.0,100,2021-06-03 17:22:00,VNTR
5.0,5.0,5.0,5.0,100,2021-06-03 17:23:00,VNTR
5.0,5.0,5.0,5.0,100,2021-06-03 17:24:00,VNTR
4.95,5.0,4.95,5.0,300,2021-06-03 17:25:00,VNTR
4.9923,5.0,4.9923,5.0,600,2021-06-03 17:27:00,VNTR
4.9741,4.9741,4.9741,4.9741,100,2021-06-03 17:29:00,VNTR
5.0,5.0,4.96,4.96,300,2021-06-03 17:30:00,VNTR
4.9736,4.9736,4.9736,4.9736,100,2021-06-03 17:33:00,VNTR
5.0,5.0,4.96,4.96,300,2021-06-03 17:35:00,VNTR
5.0,5.0,5.0,5.0,100,2021-06-03 17:36:00,VNTR
4.96,4.96,4.96,4.96,150,2021-06-03 17:37:00,VNTR
5.0,5.0,5.0,5.0,200,2021-06-03 17:39:00,VNTR
5.0,5.0,5.0,5.0,1947,2021-06-03 17:40:00,VNTR
5.0,5.0,5.0,5.0,100,2021-06-03 17:42:00,VNTR
4.96,4.96,4.96,4.96,100,2021-06-03 17:43:00,VNTR
5.0,5.0,5.0,5.0,100,2021-06-03 17:44:00,VNTR
5.0,5.0,5.0,5.0,100,2021-06-03 17:47:00,VNTR
4.985,4.985,4.96,4.96,1271,2021-06-03 17:48:00,VNTR
4.97,4.97,4.96,4.96,451,2021-06-03 17:51:00,VNTR
4.93,4.93,4.93,4.93,100,2021-06-03 17:53:00,VNTR
4.96,4.96,4.96,4.96,100,2021-06-03 17:54:00,VNTR
4.96,4.96,4.96,4.96,100,2021-06-03 17:58:00,VNTR
4.93,4.93,4.93,4.93,100,2021-06-03 18:04:00,VNTR
4.96,4.96,4.96,4.96,100,2021-06-03 18:07:00,VNTR
4.96,4.96,4.96,4.96,100,2021-06-03 18:15:00,VNTR
4.92,4.93,4.92,4.92,368,2021-06-03 18:16:00,VNTR
4.92,4.92,4.92,4.92,228,2021-06-03 18:17:00,VNTR
4.93,4.93,4.915,4.915,600,2021-06-03 18:18:00,VNTR
4.915,4.915,4.915,4.915,100,2021-06-03 18:19:00,VNTR
4.915,4.915,4.915,4.915,100,2021-06-03 18:25:00,VNTR
4.93,4.93,4.93,4.93,200,2021-06-03 18:32:00,VNTR
4.9146,4.9146,4.9146,4.9146,100,2021-06-03 18:35:00,VNTR
4.91,4.91,4.9,4.9,508,2021-06-03 18:39:00,VNTR
4.9,4.91,4.9,4.91,249,2021-06-03 18:42:00,VNTR
4.92,4.93,4.92,4.92,300,2021-06-03 18:43:00,VNTR
4.91,4.91,4.91,4.91,205,2021-06-03 18:47:00,VNTR
4.92,4.92,4.92,4.92,100,2021-06-03 18:52:00,VNTR
4.91,4.91,4.91,4.91,100,2021-06-03 18:58:00,VNTR
4.93,4.93,4.93,4.93,200,2021-06-03 19:02:00,VNTR
4.92,4.92,4.91,4.91,467,2021-06-03 19:03:00,VNTR
4.92,4.92,4.92,4.92,197,2021-06-03 19:06:00,VNTR
4.92,4.94,4.92,4.94,200,2021-06-03 19:17:00,VNTR
4.91,4.91,4.91,4.91,460,2021-06-03 19:19:00,VNTR
4.91,4.91,4.91,4.91,810,2021-06-03 19:20:00,VNTR
4.92,4.92,4.9199,4.9199,600,2021-06-03 19:24:00,VNTR
4.9,4.92,4.9,4.92,2176,2021-06-03 19:26:00,VNTR
4.92,4.92,4.92,4.92,100,2021-06-03 19:28:00,VNTR
4.91,4.92,4.91,4.92,200,2021-06-03 19:29:00,VNTR
4.93,4.93,4.925,4.93,500,2021-06-03 19:36:00,VNTR
4.92,4.92,4.92,4.92,1000,2021-06-03 19:37:00,VNTR
4.925,4.925,4.91,4.91,2040,2021-06-03 19:38:00,VNTR
4.905,4.905,4.905,4.905,100,2021-06-03 19:40:00,VNTR
4.91,4.92,4.91,4.92,1059,2021-06-03 19:41:00,VNTR
4.91,4.92,4.91,4.92,391,2021-06-03 19:42:00,VNTR
4.93,4.93,4.93,4.93,100,2021-06-03 19:44:00,VNTR
4.93,4.93,4.93,4.93,100,2021-06-03 19:45:00,VNTR
4.92,4.92,4.92,4.92,500,2021-06-03 19:46:00,VNTR
4.91,4.93,4.91,4.93,958,2021-06-03 19:47:00,VNTR
4.92,4.92,4.92,4.92,100,2021-06-03 19:48:00,VNTR
4.92,4.93,4.92,4.93,300,2021-06-03 19:49:00,VNTR
4.93,4.935,4.93,4.93,827,2021-06-03 19:50:00,VNTR
4.935,4.935,4.935,4.935,100,2021-06-03 19:51:00,VNTR
4.93,4.93,4.93,4.93,794,2021-06-03 19:52:00,VNTR
4.93,4.93,4.93,4.93,100,2021-06-03 19:53:00,VNTR
4.93,4.93,4.92,4.93,839,2021-06-03 19:54:00,VNTR
4.93,4.94,4.93,4.93,400,2021-06-03 19:55:00,VNTR
4.94,4.94,4.92,4.92,719,2021-06-03 19:56:00,VNTR
4.93,4.93,4.925,4.93,409,2021-06-03 19:57:00,VNTR
4.93,4.93,4.925,4.93,804,2021-06-03 19:58:00,VNTR
4.93,4.94,4.9,4.91,6217,2021-06-03 19:59:00,VNTR
4.92,4.92,4.92,4.92,7748,2021-06-03 20:00:00,VNTR
4.9,4.9,4.9,4.9,100,2021-06-04 13:05:00,VNTR
4.9,4.9,4.9,4.9,100,2021-06-04 13:07:00,VNTR
4.94,4.94,4.94,4.94,671,2021-06-04 13:30:00,VNTR
4.95,4.95,4.95,4.95,100,2021-06-04 13:49:00,VNTR
4.9,4.9,4.9,4.9,525,2021-06-04 13:53:00,VNTR
4.9,4.9,4.9,4.9,1518,2021-06-04 13:54:00,VNTR
4.891,4.891,4.891,4.891,100,2021-06-04 13:59:00,VNTR
4.9,4.9,4.9,4.9,205,2021-06-04 14:00:00,VNTR
4.86,4.86,4.86,4.86,667,2021-06-04 14:02:00,VNTR
4.87,4.9,4.87,4.9,303,2021-06-04 14:05:00,VNTR
4.9,4.9,4.86,4.861,2050,2021-06-04 14:06:00,VNTR
4.87,4.9,4.85,4.87,6466,2021-06-04 14:07:00,VNTR
4.86,4.86,4.86,4.86,300,2021-06-04 14:09:00,VNTR
4.86,4.86,4.86,4.86,100,2021-06-04 14:10:00,VNTR
4.86,4.86,4.86,4.86,300,2021-06-04 14:13:00,VNTR
4.83,4.83,4.83,4.83,100,2021-06-04 14:14:00,VNTR
4.83,4.83,4.83,4.83,100,2021-06-04 14:15:00,VNTR
4.84,4.84,4.84,4.84,1060,2021-06-04 14:17:00,VNTR
4.85,4.85,4.85,4.85,1000,2021-06-04 14:18:00,VNTR
4.83,4.83,4.83,4.83,100,2021-06-04 14:20:00,VNTR
4.84,4.84,4.84,4.84,500,2021-06-04 14:22:00,VNTR
4.84,4.86,4.84,4.84,2065,2021-06-04 14:23:00,VNTR
4.89,4.89,4.89,4.89,100,2021-06-04 14:29:00,VNTR
4.865,4.865,4.865,4.865,100,2021-06-04 14:30:00,VNTR
4.89,4.89,4.89,4.89,100,2021-06-04 14:32:00,VNTR
4.86,4.86,4.86,4.86,100,2021-06-04 14:37:00,VNTR
4.86,4.86,4.85,4.85,201,2021-06-04 14:42:00,VNTR
4.85,4.86,4.85,4.86,204,2021-06-04 14:44:00,VNTR
4.85,4.85,4.85,4.85,100,2021-06-04 14:46:00,VNTR
4.87,4.87,4.86,4.86,699,2021-06-04 14:47:00,VNTR
4.86,4.86,4.86,4.86,100,2021-06-04 14:54:00,VNTR
4.86,4.865,4.86,4.865,700,2021-06-04 14:56:00,VNTR
4.84,4.86,4.8,4.8,25999,2021-06-04 14:57:00,VNTR
4.8,4.81,4.8,4.8,3746,2021-06-04 14:58:00,VNTR
4.82,4.82,4.82,4.82,2001,2021-06-04 14:59:00,VNTR
4.8499,4.8499,4.82,4.82,200,2021-06-04 15:01:00,VNTR
4.85,4.85,4.85,4.85,2999,2021-06-04 15:03:00,VNTR
4.84,4.84,4.84,4.84,100,2021-06-04 15:07:00,VNTR
4.84,4.8573,4.84,4.8573,300,2021-06-04 15:09:00,VNTR
4.85,4.85,4.85,4.85,500,2021-06-04 15:14:00,VNTR
4.84,4.84,4.83,4.83,500,2021-06-04 15:18:00,VNTR
4.8384,4.8384,4.8384,4.8384,200,2021-06-04 15:19:00,VNTR
4.83,4.83,4.82,4.82,1092,2021-06-04 15:21:00,VNTR
4.82,4.82,4.82,4.82,100,2021-06-04 15:22:00,VNTR
4.83,4.83,4.83,4.83,900,2021-06-04 15:24:00,VNTR
4.835,4.835,4.835,4.835,1000,2021-06-04 15:27:00,VNTR
4.835,4.835,4.82,4.82,800,2021-06-04 15:28:00,VNTR
4.81,4.81,4.81,4.81,100,2021-06-04 15:34:00,VNTR
4.8138,4.8138,4.8138,4.8138,100,2021-06-04 15:35:00,VNTR
4.825,4.825,4.825,4.825,100,2021-06-04 15:36:00,VNTR
4.81,4.81,4.81,4.81,100,2021-06-04 15:44:00,VNTR
4.81,4.83,4.81,4.83,200,2021-06-04 15:46:00,VNTR
4.81,4.81,4.81,4.81,100,2021-06-04 15:47:00,VNTR
4.81,4.81,4.81,4.81,100,2021-06-04 15:49:00,VNTR
4.82,4.82,4.82,4.82,932,2021-06-04 15:50:00,VNTR
4.8269,4.8269,4.8269,4.8269,140,2021-06-04 15:52:00,VNTR
4.8269,4.8269,4.8269,4.8269,140,2021-06-04 15:53:00,VNTR
4.82,4.82,4.82,4.82,200,2021-06-04 15:54:00,VNTR
4.82,4.82,4.82,4.82,400,2021-06-04 15:57:00,VNTR
4.81,4.81,4.81,4.81,100,2021-06-04 16:11:00,VNTR
4.81,4.81,4.81,4.81,100,2021-06-04 16:13:00,VNTR
4.81,4.81,4.81,4.81,100,2021-06-04 16:15:00,VNTR
4.82,4.825,4.82,4.82,1700,2021-06-04 16:16:00,VNTR
4.81,4.81,4.81,4.81,100,2021-06-04 16:17:00,VNTR
4.81,4.81,4.81,4.81,100,2021-06-04 16:19:00,VNTR
4.81,4.81,4.81,4.81,100,2021-06-04 16:20:00,VNTR
4.83,4.835,4.83,4.835,1175,2021-06-04 16:22:00,VNTR
4.85,4.85,4.85,4.85,100,2021-06-04 16:36:00,VNTR
4.83,4.84,4.83,4.84,1273,2021-06-04 16:44:00,VNTR
4.8431,4.8431,4.8431,4.8431,600,2021-06-04 16:45:00,VNTR
4.85,4.85,4.85,4.85,450,2021-06-04 16:49:00,VNTR
4.86,4.86,4.86,4.86,100,2021-06-04 16:51:00,VNTR
4.85,4.855,4.85,4.855,640,2021-06-04 16:54:00,VNTR
4.86,4.86,4.86,4.86,410,2021-06-04 16:56:00,VNTR
4.87,4.87,4.87,4.87,701,2021-06-04 17:05:00,VNTR
4.87,4.87,4.865,4.87,2100,2021-06-04 17:15:00,VNTR
4.86,4.86,4.86,4.86,100,2021-06-04 17:22:00,VNTR
4.86,4.86,4.86,4.86,100,2021-06-04 17:23:00,VNTR
4.85,4.85,4.85,4.85,100,2021-06-04 17:31:00,VNTR
4.85,4.85,4.85,4.85,100,2021-06-04 17:33:00,VNTR
4.85,4.8527,4.85,4.85,300,2021-06-04 17:37:00,VNTR
4.85,4.85,4.85,4.85,100,2021-06-04 17:39:00,VNTR
4.84,4.84,4.84,4.84,100,2021-06-04 17:41:00,VNTR
4.84,4.84,4.84,4.84,100,2021-06-04 17:43:00,VNTR
4.845,4.845,4.845,4.845,100,2021-06-04 17:46:00,VNTR
4.85,4.85,4.83,4.83,200,2021-06-04 17:49:00,VNTR
4.83,4.83,4.83,4.83,100,2021-06-04 17:53:00,VNTR
4.85,4.86,4.85,4.86,825,2021-06-04 17:58:00,VNTR
4.86,4.86,4.86,4.86,110,2021-06-04 18:05:00,VNTR
4.87,4.87,4.86,4.865,401,2021-06-04 18:11:00,VNTR
4.88,4.88,4.88,4.88,2300,2021-06-04 18:14:00,VNTR
4.85,4.85,4.85,4.85,100,2021-06-04 18:20:00,VNTR
4.8699,4.87,4.8699,4.87,900,2021-06-04 18:26:00,VNTR
4.87,4.87,4.87,4.87,701,2021-06-04 18:27:00,VNTR
4.87,4.87,4.87,4.87,200,2021-06-04 18:43:00,VNTR
4.87,4.87,4.87,4.87,200,2021-06-04 18:44:00,VNTR
4.87,4.87,4.87,4.87,600,2021-06-04 18:47:00,VNTR
4.86,4.86,4.86,4.86,200,2021-06-04 18:48:00,VNTR
4.87,4.87,4.87,4.87,100,2021-06-04 18:51:00,VNTR
4.86,4.87,4.86,4.87,3099,2021-06-04 19:03:00,VNTR
4.88,4.88,4.86,4.86,200,2021-06-04 19:04:00,VNTR
4.87,4.87,4.87,4.87,110,2021-06-04 19:07:00,VNTR
4.87,4.87,4.87,4.87,100,2021-06-04 19:11:00,VNTR
4.86,4.86,4.86,4.86,300,2021-06-04 19:24:00,VNTR
4.88,4.88,4.88,4.88,100,2021-06-04 19:31:00,VNTR
4.8717,4.8717,4.8717,4.8717,106,2021-06-04 19:35:00,VNTR
4.86,4.87,4.86,4.87,898,2021-06-04 19:36:00,VNTR
4.8799,4.8799,4.8799,4.8799,100,2021-06-04 19:38:00,VNTR
4.87,4.87,4.87,4.87,100,2021-06-04 19:43:00,VNTR
4.87,4.87,4.87,4.87,100,2021-06-04 19:45:00,VNTR
4.87,4.87,4.87,4.87,700,2021-06-04 19:46:00,VNTR
4.8799,4.8799,4.875,4.875,310,2021-06-04 19:49:00,VNTR
4.87,4.87,4.86,4.87,1436,2021-06-04 19:50:00,VNTR
4.8501,4.855,4.8501,4.855,202,2021-06-04 19:53:00,VNTR
4.86,4.88,4.86,4.87,1100,2021-06-04 19:54:00,VNTR
4.8797,4.8797,4.87,4.87,10573,2021-06-04 19:55:00,VNTR
4.88,4.88,4.87,4.875,6900,2021-06-04 19:56:00,VNTR
4.87,4.88,4.87,4.875,11776,2021-06-04 19:57:00,VNTR
4.87,4.88,4.87,4.875,14553,2021-06-04 19:58:00,VNTR
4.88,4.91,4.875,4.91,18412,2021-06-04 19:59:00,VNTR
4.91,4.91,4.91,4.91,4446,2021-06-04 20:00:00,VNTR
4.91,4.91,4.91,4.91,1629,2021-06-04 20:01:00,VNTR
4.91,4.91,4.91,4.91,1410,2021-06-07 13:30:00,VNTR
4.91,4.92,4.86,4.895,2853,2021-06-07 13:35:00,VNTR
4.93,4.93,4.89,4.89,4100,2021-06-07 13:37:00,VNTR
4.89,4.89,4.89,4.89,970,2021-06-07 13:38:00,VNTR
4.84,4.84,4.84,4.84,100,2021-06-07 13:39:00,VNTR
4.875,4.875,4.875,4.875,100,2021-06-07 13:41:00,VNTR
4.91,4.91,4.91,4.91,100,2021-06-07 13:43:00,VNTR
4.905,4.905,4.905,4.905,100,2021-06-07 13:44:00,VNTR
4.905,4.905,4.905,4.905,101,2021-06-07 13:46:00,VNTR
4.9211,4.9299,4.9211,4.9299,600,2021-06-07 13:48:00,VNTR
4.93,4.93,4.93,4.93,300,2021-06-07 13:49:00,VNTR
4.9436,4.9436,4.9436,4.9436,800,2021-06-07 13:51:00,VNTR
4.9,4.9,4.9,4.9,100,2021-06-07 13:54:00,VNTR
4.9,4.9,4.9,4.9,100,2021-06-07 13:58:00,VNTR
4.9,4.9,4.88,4.88,1800,2021-06-07 14:00:00,VNTR
4.88,4.8999,4.88,4.8999,500,2021-06-07 14:04:00,VNTR
4.86,4.86,4.86,4.86,100,2021-06-07 14:07:00,VNTR
4.8785,4.8785,4.8785,4.8785,100,2021-06-07 14:17:00,VNTR
4.87,4.87,4.86,4.86,200,2021-06-07 14:18:00,VNTR
4.86,4.86,4.86,4.86,300,2021-06-07 14:26:00,VNTR
4.86,4.86,4.86,4.86,100,2021-06-07 14:28:00,VNTR
4.855,4.855,4.855,4.855,200,2021-06-07 14:31:00,VNTR
4.83,4.83,4.83,4.83,700,2021-06-07 14:34:00,VNTR
4.83,4.83,4.83,4.83,100,2021-06-07 14:35:00,VNTR
4.83,4.83,4.83,4.83,100,2021-06-07 14:37:00,VNTR
4.86,4.86,4.86,4.86,100,2021-06-07 14:41:00,VNTR
4.83,4.8553,4.83,4.8553,350,2021-06-07 14:43:00,VNTR
4.83,4.83,4.8,4.813,794,2021-06-07 14:52:00,VNTR
4.81,4.82,4.81,4.82,400,2021-06-07 14:53:00,VNTR
4.82,4.82,4.81,4.81,200,2021-06-07 14:56:00,VNTR
4.81,4.8145,4.81,4.8145,1532,2021-06-07 14:57:00,VNTR
4.81,4.81,4.81,4.81,100,2021-06-07 14:58:00,VNTR
4.8,4.8,4.8,4.8,100,2021-06-07 14:59:00,VNTR
4.82,4.82,4.81,4.81,458,2021-06-07 15:01:00,VNTR
4.81,4.81,4.81,4.81,400,2021-06-07 15:03:00,VNTR
4.82,4.82,4.8042,4.8042,200,2021-06-07 15:05:00,VNTR
4.8,4.8,4.8,4.8,1902,2021-06-07 15:11:00,VNTR
4.79,4.79,4.77,4.77,1008,2021-06-07 15:13:00,VNTR
4.7601,4.7601,4.7601,4.7601,180,2021-06-07 15:15:00,VNTR
4.77,4.805,4.77,4.805,1100,2021-06-07 15:16:00,VNTR
4.79,4.79,4.79,4.79,100,2021-06-07 15:19:00,VNTR
4.7981,4.7981,4.7981,4.7981,120,2021-06-07 15:24:00,VNTR
4.805,4.805,4.79,4.79,200,2021-06-07 15:25:00,VNTR
4.79,4.79,4.785,4.785,948,2021-06-07 15:26:00,VNTR
4.77,4.77,4.77,4.77,147,2021-06-07 15:27:00,VNTR
4.77,4.77,4.77,4.77,100,2021-06-07 15:28:00,VNTR
4.785,4.785,4.785,4.785,100,2021-06-07 15:29:00,VNTR
4.78,4.78,4.78,4.78,100,2021-06-07 15:31:00,VNTR
4.8,4.81,4.8,4.81,450,2021-06-07 15:32:00,VNTR
4.79,4.79,4.79,4.79,100,2021-06-07 15:38:00,VNTR
4.83,4.83,4.79,4.79,5455,2021-06-07 15:39:00,VNTR
4.8,4.8,4.795,4.795,200,2021-06-07 15:44:00,VNTR
4.79,4.79,4.79,4.79,100,2021-06-07 15:47:00,VNTR
4.8,4.8,4.8,4.8,300,2021-06-07 15:48:00,VNTR
4.79,4.79,4.79,4.79,100,2021-06-07 15:49:00,VNTR
4.8,4.8,4.8,4.8,208,2021-06-07 15:51:00,VNTR
4.79,4.795,4.79,4.795,300,2021-06-07 15:52:00,VNTR
4.79,4.79,4.79,4.79,200,2021-06-07 15:53:00,VNTR
4.805,4.805,4.805,4.805,200,2021-06-07 16:12:00,VNTR
4.79,4.79,4.79,4.79,100,2021-06-07 16:13:00,VNTR
4.8167,4.82,4.76,4.77,5214,2021-06-07 16:20:00,VNTR
4.7815,4.7815,4.7815,4.7815,1700,2021-06-07 16:23:00,VNTR
4.78,4.78,4.78,4.78,100,2021-06-07 16:32:00,VNTR
4.79,4.79,4.78,4.78,200,2021-06-07 16:33:00,VNTR
4.785,4.8,4.785,4.8,800,2021-06-07 16:35:00,VNTR
4.795,4.795,4.79,4.79,1288,2021-06-07 16:38:00,VNTR
4.79,4.79,4.77,4.77,2000,2021-06-07 16:39:00,VNTR
4.77,4.79,4.77,4.79,1200,2021-06-07 16:40:00,VNTR
4.79,4.79,4.79,4.79,300,2021-06-07 16:41:00,VNTR
4.78,4.78,4.77,4.77,1590,2021-06-07 16:43:00,VNTR
4.77,4.78,4.77,4.77,1800,2021-06-07 16:44:00,VNTR
4.77,4.78,4.765,4.77,5449,2021-06-07 16:45:00,VNTR
4.8,4.81,4.78,4.78,5916,2021-06-07 16:46:00,VNTR
4.78,4.78,4.77,4.78,2700,2021-06-07 16:47:00,VNTR
4.8,4.8,4.8,4.8,300,2021-06-07 16:48:00,VNTR
4.79,4.8,4.79,4.8,800,2021-06-07 16:49:00,VNTR
4.81,4.8399,4.8,4.8399,4288,2021-06-07 16:50:00,VNTR
4.82,4.82,4.81,4.81,605,2021-06-07 16:51:00,VNTR
4.81,4.81,4.805,4.805,270,2021-06-07 16:52:00,VNTR
4.81,4.81,4.805,4.805,501,2021-06-07 16:53:00,VNTR
4.81,4.815,4.805,4.815,448,2021-06-07 16:56:00,VNTR
4.81,4.81,4.81,4.81,600,2021-06-07 16:58:00,VNTR
4.805,4.805,4.805,4.805,100,2021-06-07 17:01:00,VNTR
4.805,4.805,4.805,4.805,104,2021-06-07 17:02:00,VNTR
4.8,4.8,4.8,4.8,100,2021-06-07 17:03:00,VNTR
4.8,4.8,4.8,4.8,100,2021-06-07 17:05:00,VNTR
4.8,4.8,4.8,4.8,100,2021-06-07 17:06:00,VNTR
4.8,4.8,4.8,4.8,100,2021-06-07 17:09:00,VNTR
4.81,4.81,4.81,4.81,300,2021-06-07 17:10:00,VNTR
4.82,4.82,4.82,4.82,2000,2021-06-07 17:11:00,VNTR
4.815,4.815,4.815,4.815,100,2021-06-07 17:13:00,VNTR
4.8,4.8,4.8,4.8,100,2021-06-07 17:20:00,VNTR
4.81,4.81,4.81,4.81,800,2021-06-07 17:23:00,VNTR
4.81,4.8144,4.81,4.8144,271,2021-06-07 17:24:00,VNTR
4.81,4.81,4.81,4.81,100,2021-06-07 17:25:00,VNTR
4.81,4.81,4.81,4.81,100,2021-06-07 17:29:00,VNTR
4.81,4.81,4.81,4.81,1087,2021-06-07 17:30:00,VNTR
4.81,4.81,4.81,4.81,100,2021-06-07 17:37:00,VNTR
4.8331,4.8399,4.8331,4.8399,1000,2021-06-07 17:41:00,VNTR
4.81,4.81,4.81,4.81,100,2021-06-07 17:43:00,VNTR
4.82,4.82,4.81,4.81,500,2021-06-07 17:47:00,VNTR
4.81,4.81,4.81,4.81,100,2021-06-07 17:48:00,VNTR
4.815,4.815,4.815,4.815,100,2021-06-07 17:49:00,VNTR
4.81,4.81,4.81,4.81,100,2021-06-07 17:50:00,VNTR
4.82,4.82,4.815,4.82,300,2021-06-07 17:51:00,VNTR
4.82,4.82,4.82,4.82,100,2021-06-07 17:52:00,VNTR
4.83,4.83,4.83,4.83,100,2021-06-07 17:53:00,VNTR
4.82,4.82,4.82,4.82,100,2021-06-07 17:58:00,VNTR
4.82,4.82,4.81,4.81,1139,2021-06-07 17:59:00,VNTR
4.81,4.81,4.81,4.81,1159,2021-06-07 18:00:00,VNTR
4.8,4.8,4.79,4.8,600,2021-06-07 18:05:00,VNTR
4.79,4.79,4.79,4.79,100,2021-06-07 18:09:00,VNTR
4.805,4.805,4.805,4.805,999,2021-06-07 18:15:00,VNTR
4.805,4.81,4.8,4.8,600,2021-06-07 18:17:00,VNTR
4.8,4.8,4.78,4.78,1387,2021-06-07 18:20:00,VNTR
4.79,4.79,4.79,4.79,400,2021-06-07 18:21:00,VNTR
4.78,4.78,4.78,4.78,100,2021-06-07 18:27:00,VNTR
4.79,4.79,4.79,4.79,300,2021-06-07 18:29:00,VNTR
4.8,4.8,4.8,4.8,150,2021-06-07 18:32:00,VNTR
4.8,4.8,4.8,4.8,600,2021-06-07 18:38:00,VNTR
4.8,4.8,4.8,4.8,700,2021-06-07 18:41:00,VNTR
4.79,4.79,4.79,4.79,100,2021-06-07 18:44:00,VNTR
4.805,4.805,4.805,4.805,100,2021-06-07 18:55:00,VNTR
4.8,4.8,4.795,4.795,1555,2021-06-07 18:56:00,VNTR
4.79,4.79,4.79,4.79,841,2021-06-07 18:58:00,VNTR
4.79,4.79,4.79,4.79,200,2021-06-07 18:59:00,VNTR
4.785,4.785,4.785,4.785,350,2021-06-07 19:01:00,VNTR
4.78,4.78,4.78,4.78,100,2021-06-07 19:02:00,VNTR
4.785,4.785,4.785,4.785,799,2021-06-07 19:07:00,VNTR
4.785,4.785,4.785,4.785,399,2021-06-07 19:08:00,VNTR
4.79,4.79,4.79,4.79,500,2021-06-07 19:11:00,VNTR
4.79,4.79,4.79,4.79,350,2021-06-07 19:20:00,VNTR
4.8,4.8,4.8,4.8,522,2021-06-07 19:24:00,VNTR
4.8,4.8,4.79,4.79,501,2021-06-07 19:25:00,VNTR
4.79,4.7901,4.775,4.775,1583,2021-06-07 19:27:00,VNTR
4.7701,4.7701,4.77,4.77,1610,2021-06-07 19:28:00,VNTR
4.77,4.77,4.76,4.76,1286,2021-06-07 19:32:00,VNTR
4.76,4.76,4.76,4.76,300,2021-06-07 19:33:00,VNTR
4.7615,4.7615,4.7615,4.7615,250,2021-06-07 19:35:00,VNTR
4.76,4.76,4.76,4.76,200,2021-06-07 19:36:00,VNTR
4.765,4.765,4.765,4.765,444,2021-06-07 19:37:00,VNTR
4.76,4.76,4.76,4.76,100,2021-06-07 19:39:00,VNTR
4.7601,4.7601,4.7601,4.7601,200,2021-06-07 19:41:00,VNTR
4.76,4.765,4.76,4.765,500,2021-06-07 19:43:00,VNTR
4.76,4.76,4.76,4.76,100,2021-06-07 19:44:00,VNTR
4.76,4.76,4.76,4.76,8655,2021-06-07 19:45:00,VNTR
4.76,4.76,4.74,4.74,2831,2021-06-07 19:46:00,VNTR
4.74,4.74,4.74,4.74,200,2021-06-07 19:47:00,VNTR
4.74,4.74,4.74,4.74,200,2021-06-07 19:48:00,VNTR
4.72,4.7299,4.71,4.7299,1150,2021-06-07 19:49:00,VNTR
4.71,4.735,4.71,4.735,2274,2021-06-07 19:50:00,VNTR
4.73,4.73,4.73,4.73,200,2021-06-07 19:51:00,VNTR
4.73,4.73,4.73,4.73,100,2021-06-07 19:52:00,VNTR
4.73,4.7301,4.73,4.7301,425,2021-06-07 19:53:00,VNTR
4.73,4.7315,4.72,4.7201,2211,2021-06-07 19:54:00,VNTR
4.725,4.725,4.72,4.72,1642,2021-06-07 19:55:00,VNTR
4.72,4.7214,4.72,4.7213,537,2021-06-07 19:56:00,VNTR
4.73,4.73,4.71,4.71,1431,2021-06-07 19:57:00,VNTR
4.71,4.7256,4.71,4.71,2145,2021-06-07 19:58:00,VNTR
4.7258,4.73,4.7,4.73,4420,2021-06-07 19:59:00,VNTR
4.72,4.72,4.72,4.72,3841,2021-06-07 20:00:00,VNTR
4.72,4.72,4.72,4.72,200,2021-06-07 20:13:00,VNTR
4.66,4.67,4.66,4.67,1250,2021-06-07 20:17:00,VNTR
4.74,4.7789,4.74,4.7789,1154,2021-06-08 13:30:00,VNTR
4.7703,4.7703,4.7703,4.7703,100,2021-06-08 13:31:00,VNTR
4.7,4.7,4.66,4.66,413,2021-06-08 13:33:00,VNTR
4.6893,4.6893,4.6893,4.6893,140,2021-06-08 13:41:00,VNTR
4.6735,4.6735,4.6735,4.6735,100,2021-06-08 13:42:00,VNTR
4.67,4.69,4.66,4.69,1901,2021-06-08 13:47:00,VNTR
4.68,4.69,4.68,4.69,449,2021-06-08 13:48:00,VNTR
4.68,4.69,4.68,4.68,1196,2021-06-08 13:56:00,VNTR
4.67,4.73,4.66,4.6663,12089,2021-06-08 13:57:00,VNTR
4.66,4.71,4.58,4.67,33815,2021-06-08 13:58:00,VNTR
4.67,4.72,4.62,4.6945,24873,2021-06-08 13:59:00,VNTR
4.6831,4.75,4.6831,4.75,3498,2021-06-08 14:00:00,VNTR
4.75,4.816,4.73,4.79,22202,2021-06-08 14:01:00,VNTR
4.79,4.805,4.79,4.805,2564,2021-06-08 14:02:00,VNTR
4.79,4.8199,4.79,4.8199,621,2021-06-08 14:03:00,VNTR
4.79,4.79,4.79,4.79,458,2021-06-08 14:04:00,VNTR
4.79,4.79,4.79,4.79,100,2021-06-08 14:05:00,VNTR
4.79,4.79,4.775,4.79,5870,2021-06-08 14:06:00,VNTR
4.775,4.775,4.775,4.775,400,2021-06-08 14:07:00,VNTR
4.775,4.775,4.775,4.775,2000,2021-06-08 14:08:00,VNTR
4.76,4.76,4.76,4.76,100,2021-06-08 14:09:00,VNTR
4.76,4.76,4.76,4.76,100,2021-06-08 14:10:00,VNTR
4.76,4.77,4.76,4.77,1627,2021-06-08 14:12:00,VNTR
4.79,4.79,4.79,4.79,100,2021-06-08 14:13:00,VNTR
4.79,4.8,4.79,4.8,1551,2021-06-08 14:14:00,VNTR
4.8,4.8,4.8,4.8,8700,2021-06-08 14:15:00,VNTR
4.77,4.77,4.77,4.77,351,2021-06-08 14:16:00,VNTR
4.77,4.77,4.76,4.76,435,2021-06-08 14:19:00,VNTR
4.75,4.75,4.72,4.72,200,2021-06-08 14:20:00,VNTR
4.74,4.7696,4.74,4.7696,2386,2021-06-08 14:22:00,VNTR
4.76,4.76,4.76,4.76,100,2021-06-08 14:24:00,VNTR
4.74,4.74,4.74,4.74,520,2021-06-08 14:25:00,VNTR
4.77,4.78,4.77,4.78,200,2021-06-08 14:26:00,VNTR
4.76,4.76,4.76,4.76,218,2021-06-08 14:27:00,VNTR
4.76,4.76,4.76,4.76,547,2021-06-08 14:29:00,VNTR
4.76,4.8,4.76,4.8,2056,2021-06-08 14:30:00,VNTR
4.7801,4.7801,4.7801,4.7801,1000,2021-06-08 14:39:00,VNTR
4.7888,4.7888,4.786,4.786,511,2021-06-08 14:43:00,VNTR
4.7811,4.7811,4.7811,4.7811,400,2021-06-08 14:45:00,VNTR
4.78,4.78,4.78,4.78,100,2021-06-08 14:47:00,VNTR
4.7832,4.7832,4.7832,4.7832,200,2021-06-08 14:49:00,VNTR
4.79,4.8,4.79,4.8,1000,2021-06-08 14:52:00,VNTR
4.805,4.805,4.805,4.805,300,2021-06-08 14:53:00,VNTR
4.8,4.805,4.8,4.805,300,2021-06-08 14:55:00,VNTR
4.805,4.81,4.805,4.81,1120,2021-06-08 14:57:00,VNTR
4.8101,4.8101,4.8101,4.8101,168,2021-06-08 15:00:00,VNTR
4.81,4.81,4.79,4.79,1900,2021-06-08 15:01:00,VNTR
4.7848,4.7848,4.7848,4.7848,277,2021-06-08 15:03:00,VNTR
4.7801,4.7801,4.7801,4.7801,1500,2021-06-08 15:04:00,VNTR
4.7851,4.7851,4.78,4.78,483,2021-06-08 15:06:00,VNTR
4.78,4.78,4.78,4.78,100,2021-06-08 15:07:00,VNTR
4.77,4.77,4.77,4.77,241,2021-06-08 15:11:00,VNTR
4.77,4.77,4.76,4.76,741,2021-06-08 15:13:00,VNTR
4.74,4.75,4.74,4.7423,1360,2021-06-08 15:14:00,VNTR
4.74,4.74,4.72,4.72,51200,2021-06-08 15:15:00,VNTR
4.7279,4.735,4.7201,4.726,948,2021-06-08 15:17:00,VNTR
4.72,4.735,4.72,4.735,690,2021-06-08 15:18:00,VNTR
4.73,4.73,4.72,4.72,1032,2021-06-08 15:19:00,VNTR
4.72,4.72,4.68,4.69,3985,2021-06-08 15:20:00,VNTR
4.705,4.705,4.69,4.69,500,2021-06-08 15:21:00,VNTR
4.69,4.705,4.69,4.69,2400,2021-06-08 15:22:00,VNTR
4.69,4.69,4.69,4.69,100,2021-06-08 15:23:00,VNTR
4.69,4.69,4.69,4.69,100,2021-06-08 15:24:00,VNTR
4.72,4.72,4.7,4.7,694,2021-06-08 15:25:00,VNTR
4.72,4.73,4.72,4.7255,2260,2021-06-08 15:26:00,VNTR
4.75,4.75,4.74,4.74,648,2021-06-08 15:27:00,VNTR
4.74,4.74,4.74,4.74,270,2021-06-08 15:30:00,VNTR
4.76,4.76,4.76,4.76,400,2021-06-08 15:31:00,VNTR
4.765,4.765,4.765,4.765,1000,2021-06-08 15:35:00,VNTR
4.75,4.75,4.75,4.75,100,2021-06-08 15:37:00,VNTR
4.765,4.765,4.765,4.765,208,2021-06-08 15:38:00,VNTR
4.75,4.75,4.75,4.75,100,2021-06-08 15:39:00,VNTR
4.75,4.75,4.75,4.75,100,2021-06-08 15:41:00,VNTR
4.75,4.77,4.75,4.76,1622,2021-06-08 15:42:00,VNTR
4.765,4.78,4.765,4.78,300,2021-06-08 15:43:00,VNTR
4.76,4.76,4.7567,4.7567,400,2021-06-08 15:44:00,VNTR
4.77,4.77,4.76,4.76,301,2021-06-08 15:51:00,VNTR
4.76,4.76,4.76,4.76,100,2021-06-08 15:53:00,VNTR
4.7632,4.7632,4.7632,4.7632,144,2021-06-08 15:54:00,VNTR
4.76,4.76,4.76,4.76,100,2021-06-08 15:55:00,VNTR
4.76,4.76,4.76,4.76,100,2021-06-08 15:57:00,VNTR
4.76,4.76,4.76,4.76,100,2021-06-08 16:00:00,VNTR
4.76,4.76,4.76,4.76,100,2021-06-08 16:01:00,VNTR
4.77,4.77,4.77,4.77,100,2021-06-08 16:02:00,VNTR
4.76,4.76,4.76,4.76,100,2021-06-08 16:03:00,VNTR
4.76,4.76,4.76,4.76,100,2021-06-08 16:05:00,VNTR
4.76,4.76,4.76,4.76,100,2021-06-08 16:06:00,VNTR
4.76,4.76,4.76,4.76,100,2021-06-08 16:08:00,VNTR
4.78,4.78,4.78,4.78,600,2021-06-08 16:09:00,VNTR
4.8,4.8,4.8,4.8,100,2021-06-08 16:10:00,VNTR
4.8,4.8,4.8,4.8,291,2021-06-08 16:14:00,VNTR
4.8,4.8,4.8,4.8,200,2021-06-08 16:15:00,VNTR
4.8199,4.8199,4.8199,4.8199,900,2021-06-08 16:19:00,VNTR
4.81,4.81,4.8032,4.8032,524,2021-06-08 16:20:00,VNTR
4.8,4.8,4.8,4.8,100,2021-06-08 16:37:00,VNTR
4.82,4.82,4.82,4.82,200,2021-06-08 16:38:00,VNTR
4.8,4.8,4.8,4.8,100,2021-06-08 16:39:00,VNTR
4.8,4.8,4.8,4.8,100,2021-06-08 16:41:00,VNTR
4.81,4.81,4.8,4.8,500,2021-06-08 16:42:00,VNTR
4.8,4.8,4.8,4.8,100,2021-06-08 16:46:00,VNTR
4.8,4.8,4.77,4.77,231,2021-06-08 16:47:00,VNTR
4.79,4.79,4.79,4.79,500,2021-06-08 16:48:00,VNTR
4.8,4.8,4.8,4.8,500,2021-06-08 16:49:00,VNTR
4.8,4.8,4.8,4.8,100,2021-06-08 16:53:00,VNTR
4.8,4.8,4.8,4.8,100,2021-06-08 16:58:00,VNTR
4.81,4.81,4.81,4.81,200,2021-06-08 17:02:00,VNTR
4.81,4.81,4.81,4.81,100,2021-06-08 17:03:00,VNTR
4.81,4.85,4.81,4.845,6645,2021-06-08 17:09:00,VNTR
4.84,4.84,4.84,4.84,100,2021-06-08 17:10:00,VNTR
4.8699,4.8699,4.8699,4.8699,100,2021-06-08 17:15:00,VNTR
4.85,4.85,4.84,4.84,1598,2021-06-08 17:17:00,VNTR
4.85,4.85,4.84,4.84,1000,2021-06-08 17:19:00,VNTR
4.85,4.85,4.85,4.85,850,2021-06-08 17:22:00,VNTR
4.85,4.85,4.85,4.85,200,2021-06-08 17:23:00,VNTR
4.84,4.84,4.84,4.84,100,2021-06-08 17:26:00,VNTR
4.841,4.841,4.841,4.841,500,2021-06-08 17:28:00,VNTR
4.85,4.85,4.84,4.84,900,2021-06-08 17:29:00,VNTR
4.838,4.838,4.838,4.838,2500,2021-06-08 17:30:00,VNTR
4.83,4.83,4.83,4.83,100,2021-06-08 17:31:00,VNTR
4.84,4.84,4.83,4.84,900,2021-06-08 17:32:00,VNTR
4.8301,4.8301,4.83,4.83,2100,2021-06-08 17:33:00,VNTR
4.83,4.83,4.83,4.83,100,2021-06-08 17:35:00,VNTR
4.83,4.83,4.83,4.83,100,2021-06-08 17:36:00,VNTR
4.83,4.84,4.83,4.84,1400,2021-06-08 17:39:00,VNTR
4.84,4.84,4.84,4.84,500,2021-06-08 17:40:00,VNTR
4.84,4.84,4.84,4.84,100,2021-06-08 17:51:00,VNTR
4.84,4.84,4.84,4.84,100,2021-06-08 17:55:00,VNTR
4.83,4.83,4.83,4.83,1000,2021-06-08 17:56:00,VNTR
4.835,4.85,4.835,4.85,400,2021-06-08 18:02:00,VNTR
4.85,4.85,4.85,4.85,209,2021-06-08 18:03:00,VNTR
4.85,4.855,4.85,4.85,4542,2021-06-08 18:05:00,VNTR
4.8567,4.8567,4.8567,4.8567,250,2021-06-08 18:08:00,VNTR
4.84,4.84,4.84,4.84,100,2021-06-08 18:11:00,VNTR
4.8401,4.8401,4.8401,4.8401,250,2021-06-08 18:13:00,VNTR
4.84,4.84,4.84,4.84,971,2021-06-08 18:15:00,VNTR
4.84,4.84,4.84,4.84,400,2021-06-08 18:16:00,VNTR
4.8462,4.8462,4.83,4.83,300,2021-06-08 18:17:00,VNTR
4.84,4.845,4.84,4.84,27500,2021-06-08 18:25:00,VNTR
4.83,4.83,4.83,4.83,200,2021-06-08 18:27:00,VNTR
4.84,4.84,4.83,4.83,211,2021-06-08 18:28:00,VNTR
4.83,4.83,4.83,4.83,140,2021-06-08 18:30:00,VNTR
4.83,4.83,4.83,4.83,400,2021-06-08 18:31:00,VNTR
4.83,4.83,4.83,4.83,400,2021-06-08 18:32:00,VNTR
4.82,4.82,4.82,4.82,100,2021-06-08 18:34:00,VNTR
4.79,4.79,4.79,4.79,100,2021-06-08 18:35:00,VNTR
4.79,4.79,4.79,4.79,300,2021-06-08 18:36:00,VNTR
4.79,4.79,4.79,4.79,100,2021-06-08 18:37:00,VNTR
4.79,4.79,4.79,4.79,100,2021-06-08 18:38:00,VNTR
4.79,4.79,4.79,4.79,100,2021-06-08 18:39:00,VNTR
4.79,4.79,4.79,4.79,100,2021-06-08 18:40:00,VNTR
4.79,4.79,4.79,4.79,200,2021-06-08 18:41:00,VNTR
4.79,4.79,4.79,4.79,300,2021-06-08 18:43:00,VNTR
4.8,4.8,4.79,4.79,475,2021-06-08 18:44:00,VNTR
4.79,4.79,4.79,4.79,200,2021-06-08 18:45:00,VNTR
4.79,4.8,4.79,4.8,300,2021-06-08 18:46:00,VNTR
4.8,4.81,4.8,4.8,676,2021-06-08 18:47:00,VNTR
4.81,4.82,4.81,4.82,500,2021-06-08 18:48:00,VNTR
4.815,4.815,4.81,4.81,400,2021-06-08 18:56:00,VNTR
4.81,4.81,4.81,4.81,100,2021-06-08 18:58:00,VNTR
4.82,4.82,4.82,4.82,100,2021-06-08 18:59:00,VNTR
4.81,4.81,4.81,4.81,200,2021-06-08 19:00:00,VNTR
4.82,4.82,4.82,4.82,100,2021-06-08 19:02:00,VNTR
4.82,4.82,4.82,4.82,100,2021-06-08 19:03:00,VNTR
4.83,4.83,4.83,4.83,100,2021-06-08 19:04:00,VNTR
4.835,4.835,4.83,4.83,400,2021-06-08 19:06:00,VNTR
4.82,4.82,4.82,4.82,100,2021-06-08 19:07:00,VNTR
4.825,4.825,4.815,4.82,600,2021-06-08 19:08:00,VNTR
4.83,4.83,4.83,4.83,600,2021-06-08 19:10:00,VNTR
4.81,4.81,4.81,4.81,200,2021-06-08 19:18:00,VNTR
4.8245,4.8245,4.8245,4.8245,500,2021-06-08 19:21:00,VNTR
4.82,4.82,4.82,4.82,100,2021-06-08 19:22:00,VNTR
4.81,4.81,4.81,4.81,100,2021-06-08 19:23:00,VNTR
4.81,4.81,4.81,4.81,100,2021-06-08 19:25:00,VNTR
4.81,4.81,4.81,4.81,100,2021-06-08 19:29:00,VNTR
4.81,4.81,4.81,4.81,100,2021-06-08 19:30:00,VNTR
4.83,4.83,4.83,4.83,200,2021-06-08 19:34:00,VNTR
4.82,4.82,4.82,4.82,100,2021-06-08 19:35:00,VNTR
4.8499,4.8499,4.8499,4.8499,120,2021-06-08 19:36:00,VNTR
4.83,4.84,4.83,4.84,300,2021-06-08 19:39:00,VNTR
4.85,4.85,4.85,4.85,100,2021-06-08 19:41:00,VNTR
4.83,4.83,4.83,4.83,100,2021-06-08 19:43:00,VNTR
4.84,4.84,4.84,4.84,600,2021-06-08 19:44:00,VNTR
4.835,4.84,4.835,4.84,400,2021-06-08 19:45:00,VNTR
4.85,4.855,4.8437,4.8437,2650,2021-06-08 19:46:00,VNTR
4.84,4.85,4.84,4.84,300,2021-06-08 19:49:00,VNTR
4.84,4.84,4.84,4.84,100,2021-06-08 19:50:00,VNTR
4.8565,4.8565,4.84,4.84,541,2021-06-08 19:51:00,VNTR
4.85,4.85,4.85,4.85,200,2021-06-08 19:52:00,VNTR
4.84,4.86,4.84,4.85,2819,2021-06-08 19:53:00,VNTR
4.84,4.85,4.84,4.84,600,2021-06-08 19:54:00,VNTR
4.84,4.85,4.8399,4.85,1922,2021-06-08 19:55:00,VNTR
4.83,4.85,4.83,4.85,1150,2021-06-08 19:56:00,VNTR
4.85,4.86,4.835,4.86,14672,2021-06-08 19:57:00,VNTR
4.85,4.86,4.84,4.84,2912,2021-06-08 19:58:00,VNTR
4.85,4.85,4.84,4.85,6611,2021-06-08 19:59:00,VNTR
4.85,4.85,4.85,4.85,12130,2021-06-08 20:00:00,VNTR
5.0,5.0,5.0,5.0,100,2021-06-08 22:15:00,VNTR
4.9,5.01,4.9,5.01,1800,2021-06-09 12:48:00,VNTR
5.01,5.01,5.01,5.01,100,2021-06-09 13:14:00,VNTR
5.01,5.01,5.01,5.01,377,2021-06-09 13:20:00,VNTR
4.88,4.88,4.88,4.88,1684,2021-06-09 13:30:00,VNTR
4.9,4.9,4.85,4.85,2341,2021-06-09 13:31:00,VNTR
4.85,4.88,4.85,4.88,1239,2021-06-09 13:32:00,VNTR
4.92,4.92,4.92,4.92,138,2021-06-09 13:33:00,VNTR
4.88,4.88,4.88,4.88,100,2021-06-09 13:34:00,VNTR
4.88,4.88,4.88,4.88,1100,2021-06-09 13:36:00,VNTR
4.86,4.86,4.86,4.86,100,2021-06-09 13:37:00,VNTR
4.85,4.85,4.85,4.85,300,2021-06-09 13:40:00,VNTR
4.81,4.81,4.81,4.81,1183,2021-06-09 13:41:00,VNTR
4.77,4.785,4.77,4.785,300,2021-06-09 13:42:00,VNTR
4.76,4.76,4.76,4.76,100,2021-06-09 13:44:00,VNTR
4.765,4.765,4.76,4.76,200,2021-06-09 13:46:00,VNTR
4.76,4.76,4.76,4.76,100,2021-06-09 13:48:00,VNTR
4.76,4.78,4.76,4.76,1525,2021-06-09 13:50:00,VNTR
4.79,4.79,4.79,4.79,100,2021-06-09 13:56:00,VNTR
4.79,4.79,4.79,4.79,500,2021-06-09 13:57:00,VNTR
4.8,4.8222,4.8,4.8,3063,2021-06-09 13:59:00,VNTR
4.813,4.86,4.81,4.82,7400,2021-06-09 14:00:00,VNTR
4.85,4.85,4.82,4.82,2062,2021-06-09 14:03:00,VNTR
4.86,4.92,4.86,4.92,10302,2021-06-09 14:04:00,VNTR
4.92,4.92,4.9,4.9,1297,2021-06-09 14:05:00,VNTR
4.87,4.87,4.85,4.85,200,2021-06-09 14:07:00,VNTR
4.9,4.9,4.9,4.9,100,2021-06-09 14:09:00,VNTR
4.9,4.9,4.9,4.9,100,2021-06-09 14:10:00,VNTR
4.9,4.9,4.85,4.9,300,2021-06-09 14:11:00,VNTR
4.9,4.9,4.9,4.9,100,2021-06-09 14:12:00,VNTR
4.9,4.9,4.9,4.9,300,2021-06-09 14:13:00,VNTR
4.87,4.9,4.87,4.9,750,2021-06-09 14:14:00,VNTR
4.85,4.9,4.85,4.9,200,2021-06-09 14:15:00,VNTR
4.9,4.9,4.9,4.9,100,2021-06-09 14:17:00,VNTR
4.9,4.9,4.84,4.84,200,2021-06-09 14:19:00,VNTR
4.9,4.9,4.9,4.9,100,2021-06-09 14:20:00,VNTR
4.86,4.86,4.86,4.86,374,2021-06-09 14:26:00,VNTR
4.86,4.86,4.84,4.84,774,2021-06-09 14:27:00,VNTR
4.87,4.87,4.87,4.87,100,2021-06-09 14:28:00,VNTR
4.84,4.84,4.83,4.83,480,2021-06-09 14:30:00,VNTR
4.84,4.84,4.84,4.84,377,2021-06-09 14:32:00,VNTR
4.828,4.828,4.828,4.828,270,2021-06-09 14:34:00,VNTR
4.84,4.84,4.84,4.84,100,2021-06-09 14:35:00,VNTR
4.83,4.85,4.83,4.85,505,2021-06-09 14:36:00,VNTR
4.83,4.83,4.83,4.83,204,2021-06-09 14:37:00,VNTR
4.83,4.83,4.83,4.83,100,2021-06-09 14:38:00,VNTR
4.86,4.87,4.86,4.87,200,2021-06-09 14:40:00,VNTR
4.8607,4.8607,4.8607,4.8607,300,2021-06-09 14:49:00,VNTR
4.82,4.82,4.82,4.82,100,2021-06-09 14:50:00,VNTR
4.83,4.83,4.83,4.83,200,2021-06-09 14:53:00,VNTR
4.84,4.84,4.84,4.84,100,2021-06-09 14:54:00,VNTR
4.83,4.83,4.83,4.83,400,2021-06-09 14:55:00,VNTR
4.83,4.83,4.83,4.83,429,2021-06-09 14:56:00,VNTR
4.83,4.83,4.83,4.83,100,2021-06-09 14:58:00,VNTR
4.835,4.835,4.835,4.835,120,2021-06-09 15:03:00,VNTR
4.82,4.85,4.82,4.85,400,2021-06-09 15:04:00,VNTR
4.82,4.82,4.82,4.82,100,2021-06-09 15:12:00,VNTR
4.83,4.835,4.83,4.835,404,2021-06-09 15:15:00,VNTR
4.82,4.82,4.82,4.82,229,2021-06-09 15:16:00,VNTR
4.8163,4.83,4.81,4.81,600,2021-06-09 15:20:00,VNTR
4.825,4.825,4.825,4.825,1000,2021-06-09 15:29:00,VNTR
4.83,4.83,4.83,4.83,200,2021-06-09 15:32:00,VNTR
4.83,4.83,4.83,4.83,1300,2021-06-09 15:35:00,VNTR
4.83,4.84,4.83,4.84,1091,2021-06-09 15:36:00,VNTR
4.825,4.825,4.825,4.825,200,2021-06-09 15:39:00,VNTR
4.825,4.825,4.825,4.825,100,2021-06-09 15:44:00,VNTR
4.825,4.825,4.825,4.825,100,2021-06-09 15:46:00,VNTR
4.835,4.835,4.81,4.81,390,2021-06-09 15:47:00,VNTR
4.825,4.825,4.825,4.825,100,2021-06-09 15:50:00,VNTR
4.84,4.84,4.84,4.84,300,2021-06-09 15:59:00,VNTR
4.83,4.83,4.83,4.83,200,2021-06-09 16:04:00,VNTR
4.84,4.85,4.84,4.84,791,2021-06-09 16:10:00,VNTR
4.84,4.84,4.82,4.82,8541,2021-06-09 16:13:00,VNTR
4.82,4.835,4.82,4.82,1200,2021-06-09 16:14:00,VNTR
4.8,4.82,4.7,4.74,42209,2021-06-09 16:15:00,VNTR
4.72,4.77,4.72,4.76,2160,2021-06-09 16:16:00,VNTR
4.755,4.78,4.75,4.78,1251,2021-06-09 16:17:00,VNTR
4.755,4.78,4.75,4.75,1251,2021-06-09 16:18:00,VNTR
4.79,4.79,4.79,4.79,100,2021-06-09 16:19:00,VNTR
4.76,4.79,4.75,4.79,446,2021-06-09 16:20:00,VNTR
4.77,4.77,4.75,4.76,2522,2021-06-09 16:21:00,VNTR
4.76,4.82,4.76,4.82,1100,2021-06-09 16:22:00,VNTR
4.82,4.82,4.82,4.82,600,2021-06-09 16:23:00,VNTR
4.82,4.83,4.78,4.83,700,2021-06-09 16:24:00,VNTR
4.83,4.83,4.83,4.83,485,2021-06-09 16:25:00,VNTR
4.83,4.83,4.805,4.83,413,2021-06-09 16:26:00,VNTR
4.83,4.84,4.83,4.84,300,2021-06-09 16:27:00,VNTR
4.84,4.84,4.84,4.84,300,2021-06-09 16:28:00,VNTR
4.84,4.84,4.84,4.84,600,2021-06-09 16:29:00,VNTR
4.84,4.84,4.84,4.84,600,2021-06-09 16:30:00,VNTR
4.83,4.83,4.83,4.83,300,2021-06-09 16:31:00,VNTR
4.8,4.83,4.8,4.82,3610,2021-06-09 16:32:00,VNTR
4.82,4.82,4.82,4.82,100,2021-06-09 16:33:00,VNTR
4.79,4.82,4.79,4.82,900,2021-06-09 16:34:00,VNTR
4.82,4.82,4.79,4.8,800,2021-06-09 16:35:00,VNTR
4.83,4.83,4.79,4.79,600,2021-06-09 16:36:00,VNTR
4.79,4.83,4.79,4.83,500,2021-06-09 16:37:00,VNTR
4.83,4.83,4.79,4.79,1200,2021-06-09 16:38:00,VNTR
4.79,4.79,4.75,4.76,9246,2021-06-09 16:39:00,VNTR
4.74,4.74,4.74,4.74,100,2021-06-09 16:40:00,VNTR
4.74,4.74,4.74,4.74,100,2021-06-09 16:41:00,VNTR
4.755,4.755,4.755,4.755,100,2021-06-09 16:42:00,VNTR
4.755,4.775,4.755,4.775,1300,2021-06-09 16:43:00,VNTR
4.78,4.78,4.78,4.78,100,2021-06-09 16:44:00,VNTR
4.79,4.79,4.79,4.79,104,2021-06-09 16:46:00,VNTR
4.79,4.8,4.785,4.785,2660,2021-06-09 16:47:00,VNTR
4.785,4.785,4.785,4.785,100,2021-06-09 16:48:00,VNTR
4.8,4.8,4.7923,4.8,450,2021-06-09 16:49:00,VNTR
4.8,4.8,4.8,4.8,100,2021-06-09 16:50:00,VNTR
4.8,4.8,4.8,4.8,100,2021-06-09 16:51:00,VNTR
4.785,4.8,4.785,4.8,1741,2021-06-09 16:52:00,VNTR
4.78,4.8,4.78,4.8,316,2021-06-09 16:53:00,VNTR
4.8,4.8,4.8,4.8,100,2021-06-09 16:54:00,VNTR
4.785,4.8,4.785,4.785,10100,2021-06-09 16:55:00,VNTR
4.8,4.8,4.8,4.8,100,2021-06-09 16:56:00,VNTR
4.8,4.8,4.7997,4.8,300,2021-06-09 16:57:00,VNTR
4.8,4.8,4.8,4.8,400,2021-06-09 16:58:00,VNTR
4.785,4.785,4.785,4.785,200,2021-06-09 17:00:00,VNTR
4.8,4.8,4.77,4.77,300,2021-06-09 17:01:00,VNTR
4.8,4.8,4.8,4.8,200,2021-06-09 17:02:00,VNTR
4.78,4.78,4.78,4.78,504,2021-06-09 17:03:00,VNTR
4.78,4.79,4.78,4.78,400,2021-06-09 17:04:00,VNTR
4.76,4.78,4.76,4.76,900,2021-06-09 17:05:00,VNTR
4.76,4.76,4.76,4.76,400,2021-06-09 17:07:00,VNTR
4.76,4.76,4.76,4.76,200,2021-06-09 17:08:00,VNTR
4.77,4.77,4.77,4.77,200,2021-06-09 17:13:00,VNTR
4.77,4.77,4.77,4.77,500,2021-06-09 17:14:00,VNTR
4.8,4.8,4.77,4.77,200,2021-06-09 17:18:00,VNTR
4.77,4.77,4.77,4.77,400,2021-06-09 17:19:00,VNTR
4.785,4.785,4.77,4.77,770,2021-06-09 17:26:00,VNTR
4.785,4.785,4.785,4.785,500,2021-06-09 17:27:00,VNTR
4.77,4.77,4.76,4.76,16729,2021-06-09 17:29:00,VNTR
4.77,4.7898,4.75,4.75,10500,2021-06-09 17:30:00,VNTR
4.74,4.74,4.74,4.74,456,2021-06-09 17:31:00,VNTR
4.74,4.74,4.7,4.7,9900,2021-06-09 17:33:00,VNTR
4.72,4.72,4.72,4.72,100,2021-06-09 17:34:00,VNTR
4.73,4.75,4.73,4.75,200,2021-06-09 17:35:00,VNTR
4.735,4.735,4.735,4.735,100,2021-06-09 17:36:00,VNTR
4.735,4.735,4.735,4.735,200,2021-06-09 17:37:00,VNTR
4.735,4.735,4.715,4.715,3125,2021-06-09 17:38:00,VNTR
4.715,4.715,4.69,4.71,3370,2021-06-09 17:39:00,VNTR
4.68,4.7,4.67,4.695,7362,2021-06-09 17:40:00,VNTR
4.71,4.71,4.695,4.695,3360,2021-06-09 17:41:00,VNTR
4.695,4.71,4.695,4.71,200,2021-06-09 17:42:00,VNTR
4.705,4.705,4.705,4.705,700,2021-06-09 17:43:00,VNTR
4.705,4.75,4.705,4.75,2000,2021-06-09 17:44:00,VNTR
4.74,4.74,4.74,4.74,220,2021-06-09 17:45:00,VNTR
4.75,4.76,4.75,4.76,300,2021-06-09 17:46:00,VNTR
4.76,4.76,4.75,4.76,700,2021-06-09 17:47:00,VNTR
4.765,4.78,4.75,4.765,1449,2021-06-09 17:48:00,VNTR
4.78,4.78,4.765,4.78,600,2021-06-09 17:49:00,VNTR
4.78,4.78,4.76,4.775,2861,2021-06-09 17:50:00,VNTR
4.76,4.76,4.755,4.755,400,2021-06-09 17:51:00,VNTR
4.76,4.76,4.76,4.76,225,2021-06-09 17:53:00,VNTR
4.76,4.76,4.745,4.7487,4900,2021-06-09 17:54:00,VNTR
4.7599,4.77,4.745,4.77,4155,2021-06-09 17:55:00,VNTR
4.78,4.79,4.77,4.79,1569,2021-06-09 17:56:00,VNTR
4.8,4.825,4.8,4.825,4204,2021-06-09 17:57:00,VNTR
4.825,4.8499,4.825,4.8408,7382,2021-06-09 17:58:00,VNTR
4.83,4.87,4.83,4.87,1711,2021-06-09 17:59:00,VNTR
4.87,4.89,4.86,4.89,8512,2021-06-09 18:00:00,VNTR
4.87,4.899,4.87,4.885,3200,2021-06-09 18:01:00,VNTR
4.8995,4.91,4.885,4.8999,11901,2021-06-09 18:02:00,VNTR
4.9,4.9,4.89,4.9,11800,2021-06-09 18:03:00,VNTR
4.9,4.9,4.9,4.9,3694,2021-06-09 18:04:00,VNTR
4.9,4.92,4.89,4.92,2919,2021-06-09 18:05:00,VNTR
4.93,4.93,4.89,4.89,10909,2021-06-09 18:06:00,VNTR
4.9,4.94,4.9,4.94,1430,2021-06-09 18:08:00,VNTR
4.93,4.93,4.915,4.93,3480,2021-06-09 18:09:00,VNTR
4.92,4.92,4.91,4.91,869,2021-06-09 18:11:00,VNTR
4.91,4.91,4.91,4.91,125,2021-06-09 18:12:00,VNTR
4.91,4.91,4.91,4.91,125,2021-06-09 18:13:00,VNTR
4.93,4.93,4.92,4.92,210,2021-06-09 18:14:00,VNTR
4.91,4.91,4.89,4.89,1746,2021-06-09 18:15:00,VNTR
4.9,4.9,4.9,4.9,1000,2021-06-09 18:16:00,VNTR
4.88,4.89,4.88,4.89,200,2021-06-09 18:17:00,VNTR
4.8833,4.8833,4.8833,4.8833,500,2021-06-09 18:18:00,VNTR
4.88,4.89,4.88,4.89,1000,2021-06-09 18:22:00,VNTR
4.895,4.9,4.895,4.9,421,2021-06-09 18:24:00,VNTR
4.9157,4.9157,4.89,4.89,2761,2021-06-09 18:25:00,VNTR
4.88,4.88,4.87,4.87,500,2021-06-09 18:26:00,VNTR
4.87,4.87,4.87,4.87,200,2021-06-09 18:27:00,VNTR
4.87,4.87,4.87,4.87,100,2021-06-09 18:28:00,VNTR
4.885,4.885,4.87,4.87,1535,2021-06-09 18:30:00,VNTR
4.89,4.89,4.89,4.89,100,2021-06-09 18:32:00,VNTR
4.89,4.89,4.89,4.89,100,2021-06-09 18:33:00,VNTR
4.86,4.87,4.86,4.87,300,2021-06-09 18:34:00,VNTR
4.89,4.89,4.89,4.89,539,2021-06-09 18:35:00,VNTR
4.91,4.91,4.91,4.91,100,2021-06-09 18:37:00,VNTR
4.906,4.92,4.906,4.91,2800,2021-06-09 18:38:00,VNTR
4.91,4.91,4.91,4.91,100,2021-06-09 18:39:00,VNTR
4.94,4.94,4.94,4.94,100,2021-06-09 18:41:00,VNTR
4.925,4.94,4.92,4.94,1608,2021-06-09 18:42:00,VNTR
4.95,4.95,4.95,4.95,1225,2021-06-09 18:44:00,VNTR
4.95,4.96,4.95,4.96,200,2021-06-09 18:47:00,VNTR
4.95,4.95,4.92,4.92,4968,2021-06-09 18:48:00,VNTR
4.93,4.93,4.93,4.93,300,2021-06-09 18:49:00,VNTR
4.94,4.94,4.9,4.9,9275,2021-06-09 18:59:00,VNTR
4.9,4.905,4.9,4.9,5415,2021-06-09 19:00:00,VNTR
4.9,4.905,4.9,4.905,400,2021-06-09 19:01:00,VNTR
4.905,4.905,4.905,4.905,300,2021-06-09 19:04:00,VNTR
4.92,4.92,4.92,4.92,200,2021-06-09 19:05:00,VNTR
4.93,4.93,4.93,4.93,100,2021-06-09 19:06:00,VNTR
4.93,4.93,4.93,4.93,100,2021-06-09 19:07:00,VNTR
4.92,4.92,4.92,4.92,100,2021-06-09 19:08:00,VNTR
4.89,4.93,4.89,4.93,5910,2021-06-09 19:09:00,VNTR
4.93,4.93,4.93,4.93,100,2021-06-09 19:10:00,VNTR
4.91,4.91,4.91,4.91,100,2021-06-09 19:12:00,VNTR
4.9,4.93,4.9,4.93,200,2021-06-09 19:13:00,VNTR
4.89,4.89,4.89,4.89,200,2021-06-09 19:14:00,VNTR
4.93,4.93,4.93,4.93,100,2021-06-09 19:15:00,VNTR
4.91,4.93,4.89,4.93,500,2021-06-09 19:16:00,VNTR
4.91,4.91,4.91,4.91,100,2021-06-09 19:17:00,VNTR
4.93,4.93,4.91,4.91,200,2021-06-09 19:18:00,VNTR
4.92,4.92,4.92,4.92,100,2021-06-09 19:20:00,VNTR
4.89,4.89,4.88,4.88,300,2021-06-09 19:21:00,VNTR
4.87,4.87,4.87,4.87,100,2021-06-09 19:22:00,VNTR
4.87,4.9,4.87,4.9,300,2021-06-09 19:25:00,VNTR
4.87,4.87,4.87,4.87,291,2021-06-09 19:26:00,VNTR
4.87,4.87,4.87,4.87,100,2021-06-09 19:28:00,VNTR
4.87,4.87,4.865,4.865,200,2021-06-09 19:29:00,VNTR
4.88,4.88,4.87,4.87,1619,2021-06-09 19:30:00,VNTR
4.86,4.87,4.86,4.87,1488,2021-06-09 19:34:00,VNTR
4.88,4.89,4.88,4.89,1000,2021-06-09 19:35:00,VNTR
4.8728,4.8728,4.8728,4.8728,245,2021-06-09 19:37:00,VNTR
4.8701,4.8701,4.87,4.87,391,2021-06-09 19:40:00,VNTR
4.87,4.87,4.83,4.83,4989,2021-06-09 19:41:00,VNTR
4.83,4.845,4.83,4.83,500,2021-06-09 19:42:00,VNTR
4.83,4.8301,4.83,4.83,484,2021-06-09 19:43:00,VNTR
4.83,4.83,4.83,4.83,448,2021-06-09 19:44:00,VNTR
4.83,4.83,4.81,4.81,3024,2021-06-09 19:45:00,VNTR
4.79,4.79,4.79,4.79,900,2021-06-09 19:46:00,VNTR
4.79,4.8091,4.79,4.79,1700,2021-06-09 19:47:00,VNTR
4.79,4.79,4.79,4.79,700,2021-06-09 19:48:00,VNTR
4.79,4.81,4.79,4.79,2811,2021-06-09 19:49:00,VNTR
4.79,4.79,4.79,4.79,100,2021-06-09 19:50:00,VNTR
4.79,4.79,4.79,4.79,1009,2021-06-09 19:51:00,VNTR
4.79,4.81,4.79,4.81,3950,2021-06-09 19:52:00,VNTR
4.81,4.8199,4.8,4.8,800,2021-06-09 19:53:00,VNTR
4.8,4.82,4.8,4.815,3410,2021-06-09 19:54:00,VNTR
4.815,4.815,4.8,4.8,300,2021-06-09 19:55:00,VNTR
4.8001,4.815,4.8,4.8,1773,2021-06-09 19:56:00,VNTR
4.815,4.815,4.8,4.803,2486,2021-06-09 19:57:00,VNTR
4.8,4.81,4.79,4.79,4845,2021-06-09 19:58:00,VNTR
4.79,4.81,4.78,4.81,3017,2021-06-09 19:59:00,VNTR
4.8,4.8,4.8,4.8,5551,2021-06-09 20:00:00,VNTR
4.87,4.87,4.87,4.87,1861,2021-06-10 13:30:00,VNTR
4.8301,4.8301,4.83,4.83,416,2021-06-10 13:32:00,VNTR
4.85,4.85,4.7689,4.7689,11010,2021-06-10 13:35:00,VNTR
4.8,4.8,4.8,4.8,100,2021-06-10 13:36:00,VNTR
4.81,4.81,4.81,4.81,100,2021-06-10 13:37:00,VNTR
4.81,4.8101,4.81,4.8101,850,2021-06-10 13:38:00,VNTR
4.81,4.81,4.8,4.8,710,2021-06-10 13:39:00,VNTR
4.832,4.832,4.832,4.832,463,2021-06-10 13:40:00,VNTR
4.78,4.78,4.78,4.78,100,2021-06-10 13:42:00,VNTR
4.8598,4.8598,4.8598,4.8598,200,2021-06-10 13:43:00,VNTR
4.815,4.815,4.815,4.815,300,2021-06-10 13:44:00,VNTR
4.8059,4.8059,4.75,4.75,3751,2021-06-10 13:51:00,VNTR
4.77,4.77,4.77,4.77,416,2021-06-10 13:55:00,VNTR
4.7818,4.7818,4.7818,4.7818,222,2021-06-10 13:57:00,VNTR
4.79,4.79,4.79,4.79,100,2021-06-10 13:58:00,VNTR
4.75,4.75,4.75,4.75,100,2021-06-10 14:01:00,VNTR
4.75,4.75,4.75,4.75,3173,2021-06-10 14:02:00,VNTR
4.76,4.76,4.76,4.76,826,2021-06-10 14:05:00,VNTR
4.7339,4.7339,4.7339,4.7339,100,2021-06-10 14:09:00,VNTR
4.749,4.75,4.749,4.75,3147,2021-06-10 14:10:00,VNTR
4.72,4.72,4.72,4.72,300,2021-06-10 14:14:00,VNTR
4.7427,4.7427,4.7427,4.7427,100,2021-06-10 14:21:00,VNTR
4.73,4.73,4.73,4.73,900,2021-06-10 14:23:00,VNTR
4.73,4.7304,4.72,4.72,2054,2021-06-10 14:24:00,VNTR
4.73,4.7301,4.73,4.7301,1887,2021-06-10 14:25:00,VNTR
4.72,4.725,4.71,4.71,1100,2021-06-10 14:26:00,VNTR
4.71,4.74,4.71,4.74,200,2021-06-10 14:28:00,VNTR
4.71,4.71,4.71,4.71,1101,2021-06-10 14:30:00,VNTR
4.7,4.7,4.7,4.7,1185,2021-06-10 14:31:00,VNTR
4.68,4.68,4.68,4.68,200,2021-06-10 14:32:00,VNTR
4.69,4.69,4.69,4.69,100,2021-06-10 14:34:00,VNTR
4.69,4.7,4.69,4.7,200,2021-06-10 14:35:00,VNTR
4.67,4.67,4.67,4.67,200,2021-06-10 14:40:00,VNTR
4.68,4.68,4.68,4.68,350,2021-06-10 14:42:00,VNTR
4.7,4.7,4.7,4.7,2771,2021-06-10 14:43:00,VNTR
4.71,4.71,4.71,4.71,104,2021-06-10 14:44:00,VNTR
4.71,4.71,4.7,4.7,1700,2021-06-10 14:49:00,VNTR
4.7,4.7,4.7,4.7,528,2021-06-10 14:50:00,VNTR
4.72,4.72,4.72,4.72,100,2021-06-10 14:52:00,VNTR
4.71,4.71,4.71,4.71,200,2021-06-10 14:53:00,VNTR
4.7,4.7,4.7,4.7,200,2021-06-10 14:54:00,VNTR
4.69,4.69,4.69,4.69,109,2021-06-10 14:55:00,VNTR
4.6999,4.6999,4.6999,4.6999,500,2021-06-10 14:56:00,VNTR
4.7,4.7,4.7,4.7,222,2021-06-10 14:57:00,VNTR
4.68,4.68,4.68,4.68,100,2021-06-10 15:00:00,VNTR
4.7099,4.7099,4.69,4.69,850,2021-06-10 15:04:00,VNTR
4.67,4.67,4.67,4.67,3000,2021-06-10 15:05:00,VNTR
4.71,4.71,4.71,4.71,589,2021-06-10 15:09:00,VNTR
4.725,4.725,4.725,4.725,300,2021-06-10 15:11:00,VNTR
4.735,4.77,4.73,4.77,9958,2021-06-10 15:13:00,VNTR
4.76,4.76,4.73,4.73,305,2021-06-10 15:14:00,VNTR
4.76,4.76,4.76,4.76,100,2021-06-10 15:16:00,VNTR
4.76,4.76,4.76,4.76,100,2021-06-10 15:17:00,VNTR
4.73,4.745,4.69,4.6995,89433,2021-06-10 15:19:00,VNTR
4.715,4.715,4.715,4.715,500,2021-06-10 15:23:00,VNTR
4.74,4.74,4.74,4.74,100,2021-06-10 15:27:00,VNTR
4.74,4.74,4.69,4.69,300,2021-06-10 15:28:00,VNTR
4.74,4.74,4.74,4.74,100,2021-06-10 15:29:00,VNTR
4.74,4.74,4.74,4.74,100,2021-06-10 15:30:00,VNTR
4.74,4.74,4.735,4.735,1376,2021-06-10 15:32:00,VNTR
4.74,4.75,4.74,4.7475,900,2021-06-10 15:33:00,VNTR
4.77,4.77,4.75,4.77,512,2021-06-10 15:34:00,VNTR
4.745,4.745,4.745,4.745,100,2021-06-10 15:35:00,VNTR
4.75,4.75,4.745,4.7475,3002,2021-06-10 15:36:00,VNTR
4.74,4.74,4.74,4.74,12600,2021-06-10 15:37:00,VNTR
4.74,4.74,4.74,4.74,300,2021-06-10 15:39:00,VNTR
4.75,4.75,4.74,4.74,200,2021-06-10 15:42:00,VNTR
4.74,4.745,4.74,4.74,300,2021-06-10 15:43:00,VNTR
4.74,4.76,4.74,4.76,400,2021-06-10 15:44:00,VNTR
4.76,4.76,4.74,4.74,200,2021-06-10 15:45:00,VNTR
4.76,4.76,4.74,4.745,1700,2021-06-10 15:46:00,VNTR
4.745,4.76,4.745,4.75,300,2021-06-10 15:47:00,VNTR
4.76,4.76,4.75,4.75,300,2021-06-10 15:48:00,VNTR
4.745,4.75,4.745,4.75,200,2021-06-10 15:50:00,VNTR
4.76,4.76,4.745,4.745,1900,2021-06-10 15:51:00,VNTR
4.745,4.745,4.745,4.745,300,2021-06-10 15:53:00,VNTR
4.75,4.76,4.745,4.75,503,2021-06-10 15:54:00,VNTR
4.75,4.75,4.745,4.745,400,2021-06-10 15:55:00,VNTR
4.745,4.76,4.74,4.74,3100,2021-06-10 15:56:00,VNTR
4.73,4.74,4.73,4.74,300,2021-06-10 15:57:00,VNTR
4.74,4.74,4.74,4.74,100,2021-06-10 16:01:00,VNTR
4.74,4.74,4.74,4.74,100,2021-06-10 16:02:00,VNTR
4.74,4.7474,4.73,4.74,1145,2021-06-10 16:03:00,VNTR
4.74,4.74,4.73,4.73,5700,2021-06-10 16:04:00,VNTR
4.74,4.74,4.71,4.71,4535,2021-06-10 16:05:00,VNTR
4.72,4.72,4.72,4.72,100,2021-06-10 16:06:00,VNTR
4.71,4.71,4.71,4.71,100,2021-06-10 16:08:00,VNTR
4.71,4.71,4.71,4.71,300,2021-06-10 16:10:00,VNTR
4.71,4.71,4.7,4.7,1055,2021-06-10 16:11:00,VNTR
4.69,4.69,4.69,4.69,200,2021-06-10 16:12:00,VNTR
4.69,4.69,4.69,4.69,500,2021-06-10 16:13:00,VNTR
4.69,4.69,4.69,4.69,100,2021-06-10 16:14:00,VNTR
4.69,4.69,4.69,4.69,300,2021-06-10 16:15:00,VNTR
4.69,4.69,4.69,4.69,200,2021-06-10 16:16:00,VNTR
4.71,4.71,4.69,4.69,3140,2021-06-10 16:17:00,VNTR
4.6912,4.72,4.69,4.72,3233,2021-06-10 16:18:00,VNTR
4.74,4.74,4.74,4.74,200,2021-06-10 16:26:00,VNTR
4.74,4.74,4.74,4.74,100,2021-06-10 16:28:00,VNTR
4.73,4.73,4.73,4.73,100,2021-06-10 16:29:00,VNTR
4.74,4.74,4.71,4.71,800,2021-06-10 16:30:00,VNTR
4.71,4.71,4.71,4.71,400,2021-06-10 16:31:00,VNTR
4.725,4.725,4.725,4.725,100,2021-06-10 16:33:00,VNTR
4.725,4.725,4.725,4.725,100,2021-06-10 16:35:00,VNTR
4.71,4.71,4.71,4.71,300,2021-06-10 16:37:00,VNTR
4.72,4.72,4.72,4.72,200,2021-06-10 16:40:00,VNTR
4.72,4.72,4.72,4.72,1129,2021-06-10 16:41:00,VNTR
4.69,4.69,4.69,4.69,200,2021-06-10 16:42:00,VNTR
4.69,4.69,4.69,4.69,100,2021-06-10 16:43:00,VNTR
4.69,4.705,4.69,4.705,200,2021-06-10 16:44:00,VNTR
4.69,4.69,4.69,4.69,400,2021-06-10 16:45:00,VNTR
4.69,4.69,4.69,4.69,200,2021-06-10 16:48:00,VNTR
4.69,4.69,4.69,4.69,200,2021-06-10 16:49:00,VNTR
4.69,4.69,4.69,4.69,100,2021-06-10 16:51:00,VNTR
4.7199,4.7199,4.69,4.7138,1050,2021-06-10 16:52:00,VNTR
4.69,4.69,4.69,4.69,200,2021-06-10 16:53:00,VNTR
4.69,4.705,4.69,4.705,200,2021-06-10 16:55:00,VNTR
4.69,4.69,4.69,4.69,100,2021-06-10 16:56:00,VNTR
4.69,4.72,4.69,4.69,500,2021-06-10 16:57:00,VNTR
4.69,4.69,4.69,4.69,100,2021-06-10 16:58:00,VNTR
4.69,4.69,4.69,4.69,1771,2021-06-10 16:59:00,VNTR
4.68,4.68,4.68,4.68,100,2021-06-10 17:00:00,VNTR
4.68,4.68,4.68,4.68,300,2021-06-10 17:01:00,VNTR
4.68,4.68,4.68,4.68,800,2021-06-10 17:02:00,VNTR
4.675,4.68,4.67,4.675,1500,2021-06-10 17:03:00,VNTR
4.68,4.69,4.675,4.69,3500,2021-06-10 17:04:00,VNTR
4.69,4.73,4.69,4.73,6965,2021-06-10 17:05:00,VNTR
4.73,4.73,4.72,4.72,506,2021-06-10 17:08:00,VNTR
4.72,4.72,4.72,4.72,3642,2021-06-10 17:09:00,VNTR
4.72,4.72,4.72,4.72,200,2021-06-10 17:11:00,VNTR
4.72,4.72,4.72,4.72,200,2021-06-10 17:12:00,VNTR
4.72,4.73,4.71,4.73,400,2021-06-10 17:13:00,VNTR
4.72,4.72,4.72,4.72,200,2021-06-10 17:14:00,VNTR
4.72,4.72,4.71,4.71,300,2021-06-10 17:15:00,VNTR
4.73,4.73,4.72,4.72,200,2021-06-10 17:16:00,VNTR
4.71,4.73,4.71,4.73,4368,2021-06-10 17:17:00,VNTR
4.71,4.73,4.71,4.73,17330,2021-06-10 17:18:00,VNTR
4.71,4.71,4.71,4.71,200,2021-06-10 17:20:00,VNTR
4.71,4.71,4.71,4.71,200,2021-06-10 17:21:00,VNTR
4.71,4.71,4.71,4.71,3084,2021-06-10 17:22:00,VNTR
4.7132,4.7132,4.71,4.71,1786,2021-06-10 17:23:00,VNTR
4.71,4.72,4.71,4.72,1600,2021-06-10 17:24:00,VNTR
4.72,4.73,4.71,4.72,11360,2021-06-10 17:25:00,VNTR
4.73,4.73,4.73,4.73,500,2021-06-10 17:27:00,VNTR
4.7135,4.73,4.7135,4.73,250,2021-06-10 17:28:00,VNTR
4.73,4.74,4.72,4.74,2008,2021-06-10 17:29:00,VNTR
4.74,4.74,4.73,4.73,600,2021-06-10 17:30:00,VNTR
4.75,4.75,4.75,4.75,300,2021-06-10 17:32:00,VNTR
4.75,4.8,4.75,4.79,10774,2021-06-10 17:33:00,VNTR
4.81,4.81,4.81,4.81,200,2021-06-10 17:34:00,VNTR
4.81,4.81,4.79,4.81,1800,2021-06-10 17:35:00,VNTR
4.81,4.81,4.77,4.8,15800,2021-06-10 17:36:00,VNTR
4.8,4.81,4.77,4.81,11879,2021-06-10 17:37:00,VNTR
4.8,4.8,4.8,4.8,300,2021-06-10 17:38:00,VNTR
4.8,4.81,4.8,4.81,300,2021-06-10 17:39:00,VNTR
4.8,4.81,4.8,4.81,400,2021-06-10 17:40:00,VNTR
4.81,4.81,4.81,4.81,200,2021-06-10 17:41:00,VNTR
4.81,4.81,4.79,4.79,1580,2021-06-10 17:43:00,VNTR
4.79,4.79,4.79,4.79,270,2021-06-10 17:44:00,VNTR
4.79,4.81,4.79,4.81,370,2021-06-10 17:45:00,VNTR
4.79,4.81,4.79,4.8,400,2021-06-10 17:46:00,VNTR
4.81,4.81,4.79,4.81,300,2021-06-10 17:47:00,VNTR
4.8,4.8,4.8,4.8,300,2021-06-10 17:48:00,VNTR
4.7901,4.81,4.7901,4.81,500,2021-06-10 17:49:00,VNTR
4.79,4.79,4.79,4.79,397,2021-06-10 17:50:00,VNTR
4.82,4.82,4.81,4.81,200,2021-06-10 17:51:00,VNTR
4.8,4.82,4.8,4.82,300,2021-06-10 17:52:00,VNTR
4.8,4.8,4.8,4.8,500,2021-06-10 17:53:00,VNTR
4.79,4.79,4.79,4.79,1170,2021-06-10 17:54:00,VNTR
4.77,4.77,4.77,4.77,100,2021-06-10 17:55:00,VNTR
4.77,4.77,4.77,4.77,200,2021-06-10 17:56:00,VNTR
4.77,4.77,4.77,4.77,400,2021-06-10 17:57:00,VNTR
4.77,4.77,4.77,4.77,100,2021-06-10 17:58:00,VNTR
4.77,4.77,4.77,4.77,200,2021-06-10 17:59:00,VNTR
4.77,4.77,4.77,4.77,200,2021-06-10 18:00:00,VNTR
4.77,4.77,4.77,4.77,1000,2021-06-10 18:01:00,VNTR
4.76,4.76,4.76,4.76,100,2021-06-10 18:03:00,VNTR
4.76,4.76,4.76,4.76,200,2021-06-10 18:08:00,VNTR
4.76,4.76,4.76,4.76,238,2021-06-10 18:09:00,VNTR
4.77,4.78,4.77,4.78,8087,2021-06-10 18:10:00,VNTR
4.77,4.79,4.77,4.79,5356,2021-06-10 18:12:00,VNTR
4.79,4.79,4.78,4.78,300,2021-06-10 18:13:00,VNTR
4.79,4.79,4.79,4.79,100,2021-06-10 18:15:00,VNTR
4.78,4.79,4.78,4.79,200,2021-06-10 18:16:00,VNTR
4.785,4.79,4.785,4.79,200,2021-06-10 18:17:00,VNTR
4.79,4.8,4.785,4.8,1800,2021-06-10 18:18:00,VNTR
4.8,4.82,4.8,4.815,11467,2021-06-10 18:19:00,VNTR
4.815,4.83,4.815,4.82,5778,2021-06-10 18:20:00,VNTR
4.82,4.84,4.82,4.84,300,2021-06-10 18:21:00,VNTR
4.84,4.84,4.84,4.84,100,2021-06-10 18:23:00,VNTR
4.84,4.85,4.84,4.85,1400,2021-06-10 18:24:00,VNTR
4.85,4.86,4.85,4.86,885,2021-06-10 18:25:00,VNTR
4.88,4.89,4.87,4.87,3454,2021-06-10 18:26:00,VNTR
4.8384,4.85,4.8301,4.85,750,2021-06-10 18:30:00,VNTR
4.87,4.87,4.87,4.87,200,2021-06-10 18:31:00,VNTR
4.87,4.87,4.83,4.83,400,2021-06-10 18:32:00,VNTR
4.8404,4.87,4.8404,4.87,200,2021-06-10 18:33:00,VNTR
4.87,4.87,4.87,4.87,200,2021-06-10 18:34:00,VNTR
4.87,4.87,4.87,4.87,100,2021-06-10 18:35:00,VNTR
4.83,4.86,4.83,4.86,400,2021-06-10 18:36:00,VNTR
4.85,4.85,4.85,4.85,100,2021-06-10 18:38:00,VNTR
4.83,4.85,4.83,4.85,200,2021-06-10 18:39:00,VNTR
4.85,4.85,4.84,4.85,400,2021-06-10 18:40:00,VNTR
4.85,4.85,4.84,4.84,1200,2021-06-10 18:41:00,VNTR
4.85,4.85,4.85,4.85,200,2021-06-10 18:42:00,VNTR
4.85,4.85,4.85,4.85,200,2021-06-10 18:43:00,VNTR
4.84,4.85,4.84,4.85,300,2021-06-10 18:44:00,VNTR
4.845,4.85,4.845,4.85,3700,2021-06-10 18:45:00,VNTR
4.85,4.85,4.85,4.85,100,2021-06-10 18:46:00,VNTR
4.85,4.85,4.85,4.85,300,2021-06-10 18:47:00,VNTR
4.86,4.86,4.85,4.85,300,2021-06-10 18:49:00,VNTR
4.85,4.85,4.8401,4.8401,300,2021-06-10 18:50:00,VNTR
4.86,4.86,4.86,4.86,100,2021-06-10 18:51:00,VNTR
4.85,4.86,4.85,4.86,200,2021-06-10 18:52:00,VNTR
4.85,4.85,4.85,4.85,300,2021-06-10 18:53:00,VNTR
4.85,4.85,4.85,4.85,500,2021-06-10 18:54:00,VNTR
4.85,4.85,4.84,4.845,3948,2021-06-10 18:55:00,VNTR
4.845,4.85,4.845,4.85,432,2021-06-10 18:56:00,VNTR
4.8563,4.8563,4.8563,4.8563,150,2021-06-10 18:57:00,VNTR
4.8577,4.8577,4.85,4.85,1600,2021-06-10 18:58:00,VNTR
4.85,4.85,4.84,4.84,3000,2021-06-10 18:59:00,VNTR
4.84,4.84,4.84,4.84,300,2021-06-10 19:00:00,VNTR
4.83,4.83,4.83,4.83,100,2021-06-10 19:01:00,VNTR
4.83,4.83,4.83,4.83,1280,2021-06-10 19:02:00,VNTR
4.83,4.83,4.83,4.83,408,2021-06-10 19:03:00,VNTR
4.81,4.81,4.81,4.81,100,2021-06-10 19:04:00,VNTR
4.81,4.81,4.81,4.81,100,2021-06-10 19:05:00,VNTR
4.81,4.81,4.81,4.81,100,2021-06-10 19:07:00,VNTR
4.81,4.81,4.81,4.81,1000,2021-06-10 19:09:00,VNTR
4.81,4.81,4.81,4.81,100,2021-06-10 19:10:00,VNTR
4.81,4.81,4.81,4.81,100,2021-06-10 19:11:00,VNTR
4.8355,4.8355,4.8355,4.8355,500,2021-06-10 19:12:00,VNTR
4.825,4.85,4.825,4.849,3000,2021-06-10 19:13:00,VNTR
4.845,4.85,4.8412,4.85,656,2021-06-10 19:14:00,VNTR
4.845,4.85,4.845,4.845,400,2021-06-10 19:15:00,VNTR
4.845,4.85,4.845,4.85,300,2021-06-10 19:16:00,VNTR
4.87,4.87,4.845,4.8647,1300,2021-06-10 19:17:00,VNTR
4.845,4.8452,4.845,4.8452,600,2021-06-10 19:18:00,VNTR
4.85,4.85,4.85,4.85,1100,2021-06-10 19:19:00,VNTR
4.86,4.87,4.85,4.87,600,2021-06-10 19:20:00,VNTR
4.85,4.87,4.85,4.85,9317,2021-06-10 19:21:00,VNTR
4.85,4.85,4.85,4.85,100,2021-06-10 19:22:00,VNTR
4.85,4.8599,4.85,4.8567,700,2021-06-10 19:23:00,VNTR
4.85,4.85,4.85,4.85,5800,2021-06-10 19:24:00,VNTR
4.84,4.85,4.84,4.84,4900,2021-06-10 19:25:00,VNTR
4.84,4.85,4.84,4.85,500,2021-06-10 19:27:00,VNTR
4.85,4.86,4.835,4.84,13105,2021-06-10 19:28:00,VNTR
4.85,4.86,4.835,4.85,11987,2021-06-10 19:29:00,VNTR
4.845,4.87,4.845,4.87,2125,2021-06-10 19:30:00,VNTR
4.84,4.84,4.83,4.83,1300,2021-06-10 19:33:00,VNTR
4.83,4.83,4.83,4.83,100,2021-06-10 19:34:00,VNTR
4.82,4.82,4.8,4.8,5000,2021-06-10 19:35:00,VNTR
4.8,4.8,4.8,4.8,100,2021-06-10 19:37:00,VNTR
4.8,4.8,4.8,4.8,400,2021-06-10 19:39:00,VNTR
4.8297,4.8297,4.8,4.8,3100,2021-06-10 19:40:00,VNTR
4.8,4.8,4.8,4.8,100,2021-06-10 19:41:00,VNTR
4.81,4.81,4.81,4.81,100,2021-06-10 19:42:00,VNTR
4.8,4.8,4.8,4.8,100,2021-06-10 19:43:00,VNTR
4.8,4.8,4.8,4.8,400,2021-06-10 19:45:00,VNTR
4.8,4.83,4.8,4.83,200,2021-06-10 19:46:00,VNTR
4.83,4.83,4.8,4.8,300,2021-06-10 19:47:00,VNTR
4.8,4.8,4.8,4.8,3172,2021-06-10 19:48:00,VNTR
4.8,4.8,4.8,4.8,1800,2021-06-10 19:49:00,VNTR
4.8,4.8,4.8,4.8,100,2021-06-10 19:50:00,VNTR
4.8,4.81,4.8,4.81,200,2021-06-10 19:51:00,VNTR
4.8,4.8,4.8,4.8,300,2021-06-10 19:52:00,VNTR
4.8,4.8,4.8,4.8,100,2021-06-10 19:53:00,VNTR
4.82,4.82,4.8,4.81,2600,2021-06-10 19:54:00,VNTR
4.81,4.81,4.8,4.81,2900,2021-06-10 19:55:00,VNTR
4.81,4.84,4.81,4.84,25062,2021-06-10 19:56:00,VNTR
4.84,4.87,4.84,4.87,4395,2021-06-10 19:57:00,VNTR
4.86,4.86,4.85,4.85,2071,2021-06-10 19:58:00,VNTR
4.84,4.85,4.84,4.84,23285,2021-06-10 19:59:00,VNTR
4.84,4.84,4.84,4.84,2850,2021-06-10 20:00:00,VNTR
4.89,4.89,4.89,4.89,2908,2021-06-11 13:30:00,VNTR
4.895,4.895,4.895,4.895,670600,2021-06-11 13:31:00,VNTR
4.935,4.94,4.85,4.935,5335,2021-06-11 13:32:00,VNTR
4.93,5.0,4.925,5.0,15046,2021-06-11 13:33:00,VNTR
5.047,5.15,5.045,5.07,9628,2021-06-11 13:34:00,VNTR
5.07,5.16,5.03,5.15,10853,2021-06-11 13:35:00,VNTR
5.115,5.15,5.06,5.115,10040,2021-06-11 13:36:00,VNTR
5.11,5.15,5.07,5.13,7191,2021-06-11 13:37:00,VNTR
5.05,5.1,5.03,5.1,8895,2021-06-11 13:38:00,VNTR
5.1,5.1,5.079,5.079,640,2021-06-11 13:39:00,VNTR
5.01,5.05,5.01,5.05,1150,2021-06-11 13:40:00,VNTR
5.05,5.1,5.05,5.09,7515,2021-06-11 13:41:00,VNTR
5.0201,5.065,5.02,5.065,1240,2021-06-11 13:42:00,VNTR
5.1,5.11,5.094,5.11,2500,2021-06-11 13:43:00,VNTR
5.054,5.11,5.04,5.11,1999,2021-06-11 13:44:00,VNTR
5.09,5.11,5.09,5.105,5746,2021-06-11 13:45:00,VNTR
5.11,5.11,5.1,5.11,4504,2021-06-11 13:46:00,VNTR
5.11,5.15,5.1099,5.13,1700,2021-06-11 13:47:00,VNTR
5.15,5.24,5.15,5.19,29935,2021-06-11 13:48:00,VNTR
5.16,5.2399,5.16,5.192,6048,2021-06-11 13:49:00,VNTR
5.24,5.24,5.19,5.215,1600,2021-06-11 13:50:00,VNTR
5.21,5.24,5.19,5.202,7520,2021-06-11 13:51:00,VNTR
5.202,5.23,5.202,5.23,3584,2021-06-11 13:52:00,VNTR
5.23,5.23,5.21,5.23,3676,2021-06-11 13:53:00,VNTR
5.23,5.23,5.185,5.205,17876,2021-06-11 13:54:00,VNTR
5.2,5.22,5.195,5.2,7666,2021-06-11 13:55:00,VNTR
5.2,5.2,5.2,5.2,300,2021-06-11 13:56:00,VNTR
5.22,5.22,5.19,5.22,2681,2021-06-11 13:57:00,VNTR
5.21,5.24,5.19,5.23,10812,2021-06-11 13:58:00,VNTR
5.24,5.29,5.24,5.27,14720,2021-06-11 13:59:00,VNTR
5.26,5.34,5.26,5.315,10630,2021-06-11 14:00:00,VNTR
5.32,5.34,5.29,5.29,22720,2021-06-11 14:01:00,VNTR
5.305,5.32,5.23,5.26,9718,2021-06-11 14:02:00,VNTR
5.28,5.28,5.25,5.28,1250,2021-06-11 14:03:00,VNTR
5.3,5.32,5.24,5.27,12719,2021-06-11 14:04:00,VNTR
5.2646,5.265,5.25,5.265,2800,2021-06-11 14:05:00,VNTR
5.25,5.27,5.25,5.2595,4200,2021-06-11 14:06:00,VNTR
5.25,5.25,5.205,5.25,3805,2021-06-11 14:07:00,VNTR
5.2495,5.2495,5.2495,5.2495,100,2021-06-11 14:08:00,VNTR
5.225,5.235,5.16,5.18,15503,2021-06-11 14:09:00,VNTR
5.1664,5.17,5.16,5.16,800,2021-06-11 14:10:00,VNTR
5.16,5.16,5.16,5.16,200,2021-06-11 14:11:00,VNTR
5.2,5.2,5.16,5.18,2426,2021-06-11 14:12:00,VNTR
5.16,5.18,5.16,5.18,1405,2021-06-11 14:13:00,VNTR
5.16,5.16,5.16,5.16,1400,2021-06-11 14:15:00,VNTR
5.16,5.16,5.15,5.16,5960,2021-06-11 14:16:00,VNTR
5.16,5.1662,5.15,5.15,3610,2021-06-11 14:17:00,VNTR
5.16,5.16,5.16,5.16,450,2021-06-11 14:19:00,VNTR
5.16,5.16,5.15,5.15,200,2021-06-11 14:20:00,VNTR
5.16,5.1675,5.16,5.1675,37745,2021-06-11 14:21:00,VNTR
5.165,5.2,5.165,5.2,35246,2021-06-11 14:22:00,VNTR
5.18,5.18,5.18,5.18,300,2021-06-11 14:23:00,VNTR
5.2,5.25,5.1955,5.235,5599,2021-06-11 14:24:00,VNTR
5.25,5.26,5.25,5.25,600,2021-06-11 14:25:00,VNTR
5.26,5.29,5.255,5.28,6052,2021-06-11 14:26:00,VNTR
5.3,5.3,5.23,5.235,5533,2021-06-11 14:27:00,VNTR
5.211,5.26,5.211,5.26,613,2021-06-11 14:28:00,VNTR
5.235,5.235,5.235,5.235,100,2021-06-11 14:29:00,VNTR
5.22,5.22,5.22,5.22,100,2021-06-11 14:30:00,VNTR
5.24,5.24,5.22,5.22,200,2021-06-11 14:31:00,VNTR
5.25,5.25,5.235,5.25,400,2021-06-11 14:32:00,VNTR
5.235,5.25,5.235,5.25,300,2021-06-11 14:33:00,VNTR
5.22,5.25,5.22,5.23,300,2021-06-11 14:34:00,VNTR
5.23,5.23,5.22,5.22,3788,2021-06-11 14:35:00,VNTR
5.23,5.23,5.22,5.22,1150,2021-06-11 14:36:00,VNTR
5.22,5.22,5.215,5.215,800,2021-06-11 14:37:00,VNTR
5.215,5.215,5.19,5.19,3589,2021-06-11 14:38:00,VNTR
5.185,5.185,5.1627,5.17,2000,2021-06-11 14:39:00,VNTR
5.17,5.19,5.17,5.19,1709,2021-06-11 14:40:00,VNTR
5.185,5.1885,5.185,5.1885,344,2021-06-11 14:41:00,VNTR
5.185,5.185,5.17,5.17,320,2021-06-11 14:42:00,VNTR
5.2,5.2,5.18,5.19,644,2021-06-11 14:45:00,VNTR
5.18,5.18,5.17,5.17,1210,2021-06-11 14:46:00,VNTR
5.17,5.17,5.1601,5.17,3900,2021-06-11 14:47:00,VNTR
5.17,5.17,5.17,5.17,100,2021-06-11 14:48:00,VNTR
5.16,5.16,5.15,5.15,2395,2021-06-11 14:49:00,VNTR
5.14,5.14,5.14,5.14,400,2021-06-11 14:50:00,VNTR
5.15,5.19,5.15,5.19,2600,2021-06-11 14:51:00,VNTR
5.17,5.18,5.17,5.176,1268,2021-06-11 14:52:00,VNTR
5.18,5.19,5.17,5.19,3491,2021-06-11 14:53:00,VNTR
5.19,5.19,5.19,5.19,320,2021-06-11 14:54:00,VNTR
5.19,5.19,5.17,5.18,1071,2021-06-11 14:55:00,VNTR
5.1701,5.1701,5.17,5.17,900,2021-06-11 14:56:00,VNTR
5.1727,5.1727,5.16,5.16,1100,2021-06-11 14:57:00,VNTR
5.1501,5.16,5.1501,5.16,400,2021-06-11 14:58:00,VNTR
5.15,5.16,5.15,5.16,400,2021-06-11 14:59:00,VNTR
5.16,5.16,5.15,5.15,471,2021-06-11 15:00:00,VNTR
5.18,5.18,5.165,5.17,400,2021-06-11 15:02:00,VNTR
5.17,5.185,5.17,5.17,6100,2021-06-11 15:03:00,VNTR
5.17,5.17,5.17,5.17,320,2021-06-11 15:04:00,VNTR
5.17,5.17,5.17,5.17,400,2021-06-11 15:05:00,VNTR
5.16,5.16,5.145,5.1542,2475,2021-06-11 15:06:00,VNTR
5.145,5.145,5.13,5.13,200,2021-06-11 15:07:00,VNTR
5.14,5.14,5.14,5.14,700,2021-06-11 15:08:00,VNTR
5.14,5.14,5.14,5.14,400,2021-06-11 15:09:00,VNTR
5.14,5.14,5.13,5.13,200,2021-06-11 15:10:00,VNTR
5.15,5.16,5.14,5.16,6591,2021-06-11 15:11:00,VNTR
5.16,5.16,5.15,5.15,300,2021-06-11 15:12:00,VNTR
5.155,5.17,5.155,5.17,600,2021-06-11 15:13:00,VNTR
5.165,5.165,5.165,5.165,200,2021-06-11 15:14:00,VNTR
5.165,5.17,5.16,5.17,1250,2021-06-11 15:15:00,VNTR
5.18,5.18,5.18,5.18,100,2021-06-11 15:16:00,VNTR
5.17,5.17,5.17,5.17,100,2021-06-11 15:23:00,VNTR
5.18,5.18,5.18,5.18,300,2021-06-11 15:26:00,VNTR
5.18,5.18,5.18,5.18,100,2021-06-11 15:27:00,VNTR
5.18,5.18,5.17,5.18,1544,2021-06-11 15:34:00,VNTR
5.18,5.18,5.17,5.17,838,2021-06-11 15:35:00,VNTR
5.18,5.18,5.173,5.177,1200,2021-06-11 15:36:00,VNTR
5.175,5.175,5.175,5.175,122,2021-06-11 15:37:00,VNTR
5.175,5.175,5.14,5.15,7502,2021-06-11 15:38:00,VNTR
5.15,5.165,5.15,5.15,3340,2021-06-11 15:39:00,VNTR
5.14,5.16,5.14,5.15,16900,2021-06-11 15:40:00,VNTR
5.15,5.15,5.14,5.15,2600,2021-06-11 15:41:00,VNTR
5.15,5.155,5.125,5.14,10297,2021-06-11 15:42:00,VNTR
5.135,5.135,5.12,5.12,900,2021-06-11 15:43:00,VNTR
5.12,5.12,5.0574,5.07,9335,2021-06-11 15:44:00,VNTR
5.06,5.07,5.055,5.07,15093,2021-06-11 15:45:00,VNTR
5.065,5.105,5.065,5.09,1950,2021-06-11 15:46:00,VNTR
5.08,5.08,5.05,5.07,2000,2021-06-11 15:47:00,VNTR
5.07,5.07,5.06,5.06,322,2021-06-11 15:48:00,VNTR
5.06,5.06,5.06,5.06,400,2021-06-11 15:49:00,VNTR
5.06,5.06,5.06,5.06,400,2021-06-11 15:50:00,VNTR
5.06,5.06,5.06,5.06,300,2021-06-11 15:51:00,VNTR
5.06,5.06,5.06,5.06,500,2021-06-11 15:52:00,VNTR
5.06,5.08,5.06,5.06,1790,2021-06-11 15:53:00,VNTR
5.07,5.07,5.06,5.06,13599,2021-06-11 15:54:00,VNTR
5.06,5.06,5.06,5.06,1466,2021-06-11 15:55:00,VNTR
5.06,5.06,5.06,5.06,600,2021-06-11 15:56:00,VNTR
5.05,5.08,5.05,5.08,2300,2021-06-11 15:57:00,VNTR
5.075,5.09,5.075,5.09,200,2021-06-11 15:58:00,VNTR
5.075,5.075,5.075,5.075,100,2021-06-11 15:59:00,VNTR
5.09,5.09,5.09,5.09,300,2021-06-11 16:00:00,VNTR
5.13,5.13,5.13,5.13,100,2021-06-11 16:01:00,VNTR
5.13,5.135,5.13,5.135,1600,2021-06-11 16:02:00,VNTR
5.141,5.141,5.141,5.141,120,2021-06-11 16:04:00,VNTR
5.12,5.135,5.12,5.135,700,2021-06-11 16:05:00,VNTR
5.15,5.15,5.135,5.135,200,2021-06-11 16:06:00,VNTR
5.12,5.12,5.11,5.11,2373,2021-06-11 16:07:00,VNTR
5.11,5.11,5.105,5.105,773,2021-06-11 16:08:00,VNTR
5.105,5.105,5.105,5.105,100,2021-06-11 16:09:00,VNTR
5.1183,5.1183,5.105,5.105,300,2021-06-11 16:10:00,VNTR
5.12,5.12,5.1,5.1,400,2021-06-11 16:12:00,VNTR
5.1,5.1,5.1,5.1,100,2021-06-11 16:13:00,VNTR
5.12,5.12,5.11,5.11,6400,2021-06-11 16:16:00,VNTR
5.11,5.11,5.11,5.11,100,2021-06-11 16:17:00,VNTR
5.11,5.11,5.11,5.11,100,2021-06-11 16:18:00,VNTR
5.1,5.1,5.1,5.1,100,2021-06-11 16:19:00,VNTR
5.1,5.11,5.1,5.1,4546,2021-06-11 16:21:00,VNTR
5.1,5.1,5.1,5.1,100,2021-06-11 16:22:00,VNTR
5.1,5.1,5.08,5.08,3253,2021-06-11 16:23:00,VNTR
5.08,5.08,5.075,5.075,200,2021-06-11 16:24:00,VNTR
5.075,5.09,5.075,5.08,1900,2021-06-11 16:25:00,VNTR
5.07,5.07,5.07,5.07,200,2021-06-11 16:26:00,VNTR
5.06,5.06,5.06,5.06,100,2021-06-11 16:27:00,VNTR
5.07,5.07,5.06,5.06,800,2021-06-11 16:28:00,VNTR
5.07,5.07,5.07,5.07,100,2021-06-11 16:29:00,VNTR
5.065,5.065,5.065,5.065,100,2021-06-11 16:32:00,VNTR
5.075,5.075,5.075,5.075,100,2021-06-11 16:33:00,VNTR
5.09,5.09,5.09,5.09,500,2021-06-11 16:35:00,VNTR
5.075,5.08,5.0601,5.0601,600,2021-06-11 16:36:00,VNTR
5.06,5.06,5.06,5.06,18806,2021-06-11 16:38:00,VNTR
5.075,5.12,5.075,5.12,4000,2021-06-11 16:39:00,VNTR
5.12,5.12,5.12,5.12,100,2021-06-11 16:40:00,VNTR
5.11,5.11,5.1,5.11,400,2021-06-11 16:42:00,VNTR
5.11,5.13,5.11,5.13,900,2021-06-11 16:43:00,VNTR
5.15,5.15,5.15,5.15,100,2021-06-11 16:44:00,VNTR
5.1462,5.1462,5.13,5.13,2301,2021-06-11 16:45:00,VNTR
5.13,5.13,5.13,5.13,400,2021-06-11 16:47:00,VNTR
5.12,5.13,5.07,5.11,10515,2021-06-11 16:49:00,VNTR
5.1,5.1,5.1,5.1,100,2021-06-11 16:50:00,VNTR
5.1,5.115,5.1,5.115,215,2021-06-11 16:51:00,VNTR
5.13,5.13,5.1,5.1,200,2021-06-11 16:52:00,VNTR
5.115,5.14,5.115,5.13,801,2021-06-11 16:53:00,VNTR
5.13,5.13,5.125,5.125,400,2021-06-11 16:56:00,VNTR
5.11,5.11,5.11,5.11,2391,2021-06-11 16:57:00,VNTR
5.125,5.125,5.125,5.125,200,2021-06-11 17:00:00,VNTR
5.125,5.125,5.125,5.125,100,2021-06-11 17:01:00,VNTR
5.125,5.125,5.125,5.125,100,2021-06-11 17:06:00,VNTR
5.125,5.125,5.125,5.125,300,2021-06-11 17:08:00,VNTR
5.13,5.13,5.13,5.13,100,2021-06-11 17:10:00,VNTR
5.14,5.14,5.14,5.14,300,2021-06-11 17:13:00,VNTR
5.135,5.135,5.135,5.135,100,2021-06-11 17:14:00,VNTR
5.135,5.135,5.135,5.135,100,2021-06-11 17:15:00,VNTR
5.15,5.17,5.15,5.17,600,2021-06-11 17:16:00,VNTR
5.17,5.19,5.16,5.18,3106,2021-06-11 17:21:00,VNTR
5.17,5.18,5.17,5.18,600,2021-06-11 17:22:00,VNTR
5.18,5.18,5.17,5.18,3901,2021-06-11 17:25:00,VNTR
5.19,5.19,5.18,5.18,329,2021-06-11 17:26:00,VNTR
5.185,5.185,5.185,5.185,100,2021-06-11 17:27:00,VNTR
5.1825,5.1825,5.1825,5.1825,100,2021-06-11 17:28:00,VNTR
5.185,5.2,5.185,5.2,1600,2021-06-11 17:29:00,VNTR
5.193,5.193,5.193,5.193,200,2021-06-11 17:30:00,VNTR
5.19,5.19,5.175,5.18,1213,2021-06-11 17:31:00,VNTR
5.18,5.18,5.18,5.18,100,2021-06-11 17:32:00,VNTR
5.19,5.19,5.18,5.18,1400,2021-06-11 17:35:00,VNTR
5.18,5.18,5.15,5.15,4473,2021-06-11 17:36:00,VNTR
5.15,5.165,5.15,5.16,400,2021-06-11 17:37:00,VNTR
5.165,5.165,5.165,5.165,100,2021-06-11 17:38:00,VNTR
5.165,5.165,5.16,5.16,600,2021-06-11 17:39:00,VNTR
5.17,5.17,5.17,5.17,500,2021-06-11 17:43:00,VNTR
5.1701,5.1701,5.1701,5.1701,2000,2021-06-11 17:47:00,VNTR
5.17,5.17,5.17,5.17,1238,2021-06-11 17:48:00,VNTR
5.19,5.2,5.19,5.1932,1900,2021-06-11 17:51:00,VNTR
5.195,5.195,5.195,5.195,100,2021-06-11 17:52:00,VNTR
5.195,5.195,5.1803,5.1803,1271,2021-06-11 17:55:00,VNTR
5.195,5.195,5.195,5.195,1000,2021-06-11 17:57:00,VNTR
5.2,5.2,5.2,5.2,800,2021-06-11 17:58:00,VNTR
5.19,5.19,5.19,5.19,175,2021-06-11 18:02:00,VNTR
5.1985,5.1985,5.1985,5.1985,100,2021-06-11 18:03:00,VNTR
5.2,5.2,5.2,5.2,500,2021-06-11 18:06:00,VNTR
5.21,5.21,5.21,5.21,200,2021-06-11 18:09:00,VNTR
5.21,5.22,5.21,5.22,4598,2021-06-11 18:10:00,VNTR
5.215,5.22,5.215,5.215,300,2021-06-11 18:11:00,VNTR
5.21,5.215,5.205,5.205,6883,2021-06-11 18:12:00,VNTR
5.205,5.2092,5.205,5.2092,400,2021-06-11 18:13:00,VNTR
5.2091,5.2091,5.2091,5.2091,200,2021-06-11 18:14:00,VNTR
5.21,5.21,5.21,5.21,500,2021-06-11 18:15:00,VNTR
5.215,5.215,5.21,5.21,679,2021-06-11 18:16:00,VNTR
5.2181,5.2181,5.2181,5.2181,300,2021-06-11 18:17:00,VNTR
5.22,5.24,5.21,5.24,53281,2021-06-11 18:18:00,VNTR
5.24,5.25,5.24,5.25,600,2021-06-11 18:19:00,VNTR
5.25,5.26,5.25,5.25,5508,2021-06-11 18:20:00,VNTR
5.255,5.255,5.255,5.255,400,2021-06-11 18:21:00,VNTR
5.26,5.26,5.26,5.26,110,2021-06-11 18:22:00,VNTR
5.25,5.25,5.25,5.25,1000,2021-06-11 18:23:00,VNTR
5.2685,5.2685,5.26,5.26,2488,2021-06-11 18:24:00,VNTR
5.25,5.26,5.25,5.26,500,2021-06-11 18:26:00,VNTR
5.25,5.25,5.25,5.25,290,2021-06-11 18:27:00,VNTR
5.25,5.26,5.25,5.255,1960,2021-06-11 18:28:00,VNTR
5.255,5.255,5.255,5.255,119,2021-06-11 18:29:00,VNTR
5.25,5.25,5.25,5.25,500,2021-06-11 18:30:00,VNTR
5.255,5.255,5.255,5.255,1122,2021-06-11 18:31:00,VNTR
5.26,5.26,5.26,5.26,780,2021-06-11 18:32:00,VNTR
5.27,5.27,5.27,5.27,1000,2021-06-11 18:34:00,VNTR
5.2628,5.2628,5.2628,5.2628,850,2021-06-11 18:35:00,VNTR
5.27,5.27,5.27,5.27,100,2021-06-11 18:40:00,VNTR
5.265,5.265,5.265,5.265,300,2021-06-11 18:42:00,VNTR
5.265,5.265,5.2604,5.2612,1522,2021-06-11 18:43:00,VNTR
5.2622,5.2622,5.2622,5.2622,100,2021-06-11 18:44:00,VNTR
5.265,5.27,5.265,5.27,1400,2021-06-11 18:45:00,VNTR
5.26,5.26,5.26,5.26,200,2021-06-11 18:46:00,VNTR
5.276,5.276,5.276,5.276,500,2021-06-11 18:47:00,VNTR
5.27,5.27,5.27,5.27,200,2021-06-11 18:55:00,VNTR
5.2746,5.2746,5.27,5.27,1331,2021-06-11 18:56:00,VNTR
5.26,5.26,5.26,5.26,100,2021-06-11 18:57:00,VNTR
5.26,5.26,5.26,5.26,100,2021-06-11 18:58:00,VNTR
5.26,5.29,5.26,5.29,5707,2021-06-11 18:59:00,VNTR
5.3,5.3,5.295,5.3,2500,2021-06-11 19:00:00,VNTR
5.3,5.31,5.3,5.31,2427,2021-06-11 19:01:00,VNTR
5.31,5.32,5.31,5.31,1521,2021-06-11 19:02:00,VNTR
5.31,5.31,5.31,5.31,742,2021-06-11 19:03:00,VNTR
5.31,5.32,5.31,5.3164,1020,2021-06-11 19:04:00,VNTR
5.31,5.31,5.31,5.31,171,2021-06-11 19:05:00,VNTR
5.3,5.3,5.29,5.3,9379,2021-06-11 19:06:00,VNTR
5.285,5.29,5.28,5.29,3870,2021-06-11 19:07:00,VNTR
5.29,5.29,5.29,5.29,200,2021-06-11 19:08:00,VNTR
5.28,5.28,5.28,5.28,200,2021-06-11 19:09:00,VNTR
5.29,5.299,5.29,5.29,900,2021-06-11 19:10:00,VNTR
5.29,5.31,5.29,5.295,8109,2021-06-11 19:11:00,VNTR
5.295,5.295,5.295,5.295,500,2021-06-11 19:12:00,VNTR
5.28,5.3,5.28,5.3,1250,2021-06-11 19:13:00,VNTR
5.3,5.3001,5.3,5.3,13349,2021-06-11 19:15:00,VNTR
5.28,5.2846,5.28,5.2846,300,2021-06-11 19:16:00,VNTR
5.28,5.32,5.28,5.32,4800,2021-06-11 19:18:00,VNTR
5.31,5.31,5.31,5.31,300,2021-06-11 19:19:00,VNTR
5.3,5.3188,5.3,5.31,2300,2021-06-11 19:20:00,VNTR
5.31,5.31,5.31,5.31,100,2021-06-11 19:22:00,VNTR
5.31,5.35,5.31,5.3497,8275,2021-06-11 19:24:00,VNTR
5.335,5.36,5.335,5.36,9002,2021-06-11 19:25:00,VNTR
5.365,5.365,5.365,5.365,350,2021-06-11 19:26:00,VNTR
5.36,5.36,5.355,5.36,1498,2021-06-11 19:27:00,VNTR
5.37,5.37,5.3699,5.3699,1073,2021-06-11 19:28:00,VNTR
5.35,5.35,5.31,5.34,6811,2021-06-11 19:29:00,VNTR
5.36,5.36,5.33,5.3381,1400,2021-06-11 19:30:00,VNTR
5.34,5.34,5.32,5.32,1600,2021-06-11 19:32:00,VNTR
5.32,5.32,5.32,5.32,2700,2021-06-11 19:33:00,VNTR
5.3201,5.335,5.3201,5.335,1464,2021-06-11 19:34:00,VNTR
5.3325,5.3325,5.3325,5.3325,250,2021-06-11 19:35:00,VNTR
5.3461,5.3461,5.32,5.335,1909,2021-06-11 19:36:00,VNTR
5.335,5.35,5.335,5.335,5629,2021-06-11 19:37:00,VNTR
5.335,5.335,5.335,5.335,100,2021-06-11 19:38:00,VNTR
5.32,5.32,5.32,5.32,400,2021-06-11 19:39:00,VNTR
5.3459,5.3499,5.33,5.33,3256,2021-06-11 19:40:00,VNTR
5.33,5.3399,5.32,5.3359,792,2021-06-11 19:41:00,VNTR
5.32,5.3399,5.32,5.3399,554,2021-06-11 19:42:00,VNTR
5.3214,5.3399,5.3214,5.3399,706,2021-06-11 19:43:00,VNTR
5.335,5.3383,5.32,5.3217,1593,2021-06-11 19:44:00,VNTR
5.32,5.33,5.31,5.31,2519,2021-06-11 19:45:00,VNTR
5.31,5.33,5.31,5.31,4023,2021-06-11 19:46:00,VNTR
5.31,5.32,5.25,5.25,9673,2021-06-11 19:47:00,VNTR
5.26,5.31,5.26,5.28,26847,2021-06-11 19:48:00,VNTR
5.29,5.29,5.27,5.27,6133,2021-06-11 19:49:00,VNTR
5.265,5.3,5.265,5.29,5985,2021-06-11 19:50:00,VNTR
5.296,5.2999,5.29,5.29,1378,2021-06-11 19:51:00,VNTR
5.29,5.31,5.29,5.31,30471,2021-06-11 19:52:00,VNTR
5.305,5.31,5.305,5.31,1700,2021-06-11 19:53:00,VNTR
5.305,5.3086,5.29,5.29,6637,2021-06-11 19:54:00,VNTR
5.3,5.31,5.29,5.2999,7204,2021-06-11 19:55:00,VNTR
5.3,5.3266,5.27,5.27,12007,2021-06-11 19:56:00,VNTR
5.27,5.29,5.26,5.26,5666,2021-06-11 19:57:00,VNTR
5.26,5.29,5.24,5.25,23420,2021-06-11 19:58:00,VNTR
5.25,5.29,5.19,5.24,32972,2021-06-11 19:59:00,VNTR
5.24,5.24,5.24,5.24,6646,2021-06-11 20:00:00,VNTR
5.26,5.26,5.26,5.26,119,2021-06-11 20:34:00,VNTR
5.38,5.38,5.38,5.38,100,2021-06-11 21:03:00,VNTR
5.26,5.26,5.26,5.26,100,2021-06-11 23:36:00,VNTR
5.28,5.28,5.28,5.28,3000,2021-06-14 13:03:00,VNTR
5.3499,5.3499,5.33,5.34,4400,2021-06-14 13:11:00,VNTR
5.3,5.3,5.3,5.3,422,2021-06-14 13:15:00,VNTR
5.32,5.32,5.32,5.32,100,2021-06-14 13:19:00,VNTR
5.3,5.3,5.3,5.3,565,2021-06-14 13:20:00,VNTR
5.34,5.34,5.28,5.28,1100,2021-06-14 13:21:00,VNTR
5.33,5.33,5.33,5.33,100,2021-06-14 13:24:00,VNTR
5.28,5.28,5.28,5.28,300,2021-06-14 13:26:00,VNTR
5.25,5.25,5.25,5.25,100,2021-06-14 13:27:00,VNTR
5.25,5.25,5.25,5.25,100,2021-06-14 13:29:00,VNTR
5.3,5.3,5.29,5.29,12102,2021-06-14 13:30:00,VNTR
5.3,5.355,5.3,5.355,8953,2021-06-14 13:31:00,VNTR
5.38,5.38,5.33,5.3383,4300,2021-06-14 13:32:00,VNTR
5.33,5.349,5.33,5.349,1618,2021-06-14 13:33:00,VNTR
5.31,5.31,5.31,5.31,237,2021-06-14 13:34:00,VNTR
5.3,5.3,5.29,5.29,918,2021-06-14 13:36:00,VNTR
5.28,5.2838,5.25,5.25,3300,2021-06-14 13:37:00,VNTR
5.25,5.25,5.25,5.25,437,2021-06-14 13:38:00,VNTR
5.25,5.27,5.24,5.245,5365,2021-06-14 13:39:00,VNTR
5.245,5.245,5.245,5.245,700,2021-06-14 13:40:00,VNTR
5.26,5.26,5.24,5.24,8230,2021-06-14 13:41:00,VNTR
5.23,5.23,5.23,5.23,210,2021-06-14 13:43:00,VNTR
5.23,5.24,5.23,5.24,1157,2021-06-14 13:44:00,VNTR
5.26,5.27,5.25,5.26,4540,2021-06-14 13:45:00,VNTR
5.285,5.285,5.26,5.27,3310,2021-06-14 13:46:00,VNTR
5.261,5.27,5.26,5.27,760,2021-06-14 13:47:00,VNTR
5.26,5.28,5.26,5.28,600,2021-06-14 13:48:00,VNTR
5.28,5.3,5.27,5.29,3679,2021-06-14 13:49:00,VNTR
5.26,5.26,5.23,5.23,1600,2021-06-14 13:50:00,VNTR
5.25,5.25,5.23,5.23,300,2021-06-14 13:51:00,VNTR
5.23,5.25,5.23,5.235,600,2021-06-14 13:52:00,VNTR
5.2494,5.25,5.2442,5.25,5300,2021-06-14 13:55:00,VNTR
5.25,5.25,5.221,5.25,400,2021-06-14 13:56:00,VNTR
5.25,5.28,5.25,5.26,400,2021-06-14 13:57:00,VNTR
5.28,5.28,5.28,5.28,500,2021-06-14 13:59:00,VNTR
5.28,5.28,5.28,5.28,200,2021-06-14 14:00:00,VNTR
5.29,5.29,5.29,5.29,100,2021-06-14 14:01:00,VNTR
5.28,5.3,5.28,5.295,500,2021-06-14 14:02:00,VNTR
5.28,5.28,5.28,5.28,100,2021-06-14 14:03:00,VNTR
5.28,5.28,5.28,5.28,12800,2021-06-14 14:04:00,VNTR
5.3,5.3,5.285,5.285,400,2021-06-14 14:05:00,VNTR
5.285,5.32,5.28,5.31,3830,2021-06-14 14:06:00,VNTR
5.31,5.31,5.3,5.3,3715,2021-06-14 14:07:00,VNTR
5.31,5.33,5.31,5.33,6450,2021-06-14 14:08:00,VNTR
5.32,5.36,5.31,5.36,6880,2021-06-14 14:09:00,VNTR
5.34,5.36,5.32,5.36,2400,2021-06-14 14:10:00,VNTR
5.34,5.35,5.34,5.35,600,2021-06-14 14:11:00,VNTR
5.3445,5.36,5.3445,5.36,1045,2021-06-14 14:12:00,VNTR
5.38,5.39,5.365,5.39,7881,2021-06-14 14:13:00,VNTR
5.39,5.46,5.39,5.41,46572,2021-06-14 14:14:00,VNTR
5.42,5.45,5.4196,5.43,7895,2021-06-14 14:15:00,VNTR
5.45,5.48,5.43,5.45,18879,2021-06-14 14:16:00,VNTR
5.4699,5.53,5.45,5.49,35053,2021-06-14 14:17:00,VNTR
5.5,5.54,5.44,5.46,48683,2021-06-14 14:18:00,VNTR
5.5261,5.5261,5.47,5.47,9455,2021-06-14 14:19:00,VNTR
5.53,5.53,5.43,5.44,7759,2021-06-14 14:20:00,VNTR
5.46,5.49,5.45,5.475,1600,2021-06-14 14:21:00,VNTR
5.47,5.48,5.46,5.46,6951,2021-06-14 14:22:00,VNTR
5.46,5.49,5.45,5.455,2350,2021-06-14 14:23:00,VNTR
5.455,5.49,5.44,5.49,6050,2021-06-14 14:24:00,VNTR
5.48,5.48,5.46,5.48,4217,2021-06-14 14:25:00,VNTR
5.47,5.47,5.43,5.46,10794,2021-06-14 14:26:00,VNTR
5.46,5.47,5.445,5.46,4400,2021-06-14 14:27:00,VNTR
5.4554,5.46,5.45,5.45,1180,2021-06-14 14:28:00,VNTR
5.45,5.46,5.44,5.45,5350,2021-06-14 14:29:00,VNTR
5.47,5.49,5.47,5.47,3350,2021-06-14 14:30:00,VNTR
5.47,5.47,5.45,5.45,2050,2021-06-14 14:31:00,VNTR
5.45,5.465,5.45,5.465,350,2021-06-14 14:32:00,VNTR
5.465,5.465,5.465,5.465,100,2021-06-14 14:33:00,VNTR
5.46,5.46,5.46,5.46,100,2021-06-14 14:34:00,VNTR
5.475,5.4899,5.4603,5.4639,2550,2021-06-14 14:35:00,VNTR
5.46,5.48,5.44,5.47,22088,2021-06-14 14:36:00,VNTR
5.45,5.48,5.45,5.45,2046,2021-06-14 14:37:00,VNTR
5.4799,5.49,5.475,5.49,7500,2021-06-14 14:38:00,VNTR
5.49,5.52,5.49,5.515,11737,2021-06-14 14:39:00,VNTR
5.51,5.55,5.51,5.55,5120,2021-06-14 14:40:00,VNTR
5.55,5.55,5.55,5.55,893,2021-06-14 14:41:00,VNTR
5.54,5.58,5.54,5.58,7682,2021-06-14 14:42:00,VNTR
5.58,5.76,5.5701,5.76,52233,2021-06-14 14:43:00,VNTR
5.76,5.85,5.6,5.635,64306,2021-06-14 14:44:00,VNTR
5.6368,5.67,5.6,5.62,26023,2021-06-14 14:45:00,VNTR
5.6201,5.64,5.62,5.62,2523,2021-06-14 14:46:00,VNTR
5.63,5.63,5.62,5.6252,696,2021-06-14 14:47:00,VNTR
5.62,5.635,5.615,5.62,7811,2021-06-14 14:48:00,VNTR
5.6133,5.6827,5.6101,5.68,16914,2021-06-14 14:49:00,VNTR
5.67,5.67,5.6502,5.6607,2054,2021-06-14 14:50:00,VNTR
5.65,5.65,5.625,5.635,2204,2021-06-14 14:51:00,VNTR
5.625,5.645,5.62,5.62,5726,2021-06-14 14:52:00,VNTR
5.6499,5.6499,5.62,5.628,1380,2021-06-14 14:53:00,VNTR
5.605,5.63,5.605,5.63,1928,2021-06-14 14:54:00,VNTR
5.61,5.62,5.59,5.62,1353,2021-06-14 14:55:00,VNTR
5.615,5.64,5.61,5.615,8358,2021-06-14 14:56:00,VNTR
5.61,5.62,5.595,5.61,5582,2021-06-14 14:57:00,VNTR
5.6,5.66,5.595,5.66,16720,2021-06-14 14:58:00,VNTR
5.64,5.66,5.64,5.65,2354,2021-06-14 14:59:00,VNTR
5.6513,5.66,5.61,5.62,4993,2021-06-14 15:00:00,VNTR
5.63,5.6301,5.615,5.6175,3963,2021-06-14 15:01:00,VNTR
5.615,5.62,5.6,5.6175,2600,2021-06-14 15:02:00,VNTR
5.62,5.63,5.615,5.6292,5117,2021-06-14 15:03:00,VNTR
5.6499,5.6499,5.62,5.63,1087,2021-06-14 15:04:00,VNTR
5.63,5.64,5.61,5.62,3892,2021-06-14 15:05:00,VNTR
5.61,5.61,5.59,5.605,4628,2021-06-14 15:06:00,VNTR
5.61,5.65,5.6082,5.65,1519,2021-06-14 15:07:00,VNTR
5.64,5.65,5.63,5.63,700,2021-06-14 15:08:00,VNTR
5.63,5.63,5.63,5.63,250,2021-06-14 15:09:00,VNTR
5.63,5.63,5.51,5.51,9566,2021-06-14 15:12:00,VNTR
5.51,5.53,5.51,5.51,6337,2021-06-14 15:13:00,VNTR
5.54,5.59,5.54,5.575,3289,2021-06-14 15:14:00,VNTR
5.58,5.58,5.58,5.58,200,2021-06-14 15:15:00,VNTR
5.5799,5.58,5.54,5.54,2127,2021-06-14 15:16:00,VNTR
5.55,5.55,5.55,5.55,900,2021-06-14 15:17:00,VNTR
5.55,5.56,5.55,5.56,700,2021-06-14 15:18:00,VNTR
5.57,5.57,5.57,5.57,300,2021-06-14 15:19:00,VNTR
5.58,5.58,5.54,5.56,3718,2021-06-14 15:20:00,VNTR
5.55,5.575,5.54,5.575,3327,2021-06-14 15:22:00,VNTR
5.57,5.57,5.57,5.57,591,2021-06-14 15:23:00,VNTR
5.56,5.57,5.55,5.57,10300,2021-06-14 15:24:00,VNTR
5.55,5.55,5.55,5.55,200,2021-06-14 15:25:00,VNTR
5.55,5.56,5.54,5.55,1822,2021-06-14 15:26:00,VNTR
5.55,5.55,5.55,5.55,500,2021-06-14 15:27:00,VNTR
5.56,5.56,5.53,5.53,200,2021-06-14 15:28:00,VNTR
5.53,5.53,5.53,5.53,400,2021-06-14 15:29:00,VNTR
5.56,5.56,5.53,5.56,1000,2021-06-14 15:30:00,VNTR
5.53,5.53,5.52,5.53,5397,2021-06-14 15:31:00,VNTR
5.53,5.53,5.52,5.53,3450,2021-06-14 15:32:00,VNTR
5.53,5.53,5.5287,5.5287,800,2021-06-14 15:33:00,VNTR
5.53,5.53,5.49,5.5,13565,2021-06-14 15:34:00,VNTR
5.4921,5.4921,5.4921,5.4921,200,2021-06-14 15:35:00,VNTR
5.49,5.5,5.48,5.5,2806,2021-06-14 15:36:00,VNTR
5.49,5.5,5.49,5.5,4548,2021-06-14 15:37:00,VNTR
5.49,5.49,5.49,5.49,1000,2021-06-14 15:38:00,VNTR
5.49,5.5,5.45,5.48,6079,2021-06-14 15:39:00,VNTR
5.48,5.5,5.48,5.48,3802,2021-06-14 15:40:00,VNTR
5.486,5.49,5.486,5.49,1100,2021-06-14 15:41:00,VNTR
5.482,5.4985,5.482,5.4985,3500,2021-06-14 15:42:00,VNTR
5.5,5.5,5.5,5.5,100,2021-06-14 15:43:00,VNTR
5.5,5.53,5.4998,5.5,13297,2021-06-14 15:44:00,VNTR
5.5,5.5,5.475,5.5,1030,2021-06-14 15:45:00,VNTR
5.5,5.5,5.5,5.5,100,2021-06-14 15:46:00,VNTR
5.49,5.5,5.49,5.5,300,2021-06-14 15:47:00,VNTR
5.5,5.5,5.48,5.5,796,2021-06-14 15:48:00,VNTR
5.4963,5.4963,5.4963,5.4963,200,2021-06-14 15:49:00,VNTR
5.5,5.5,5.49,5.49,200,2021-06-14 15:50:00,VNTR
5.5,5.5,5.5,5.5,100,2021-06-14 15:51:00,VNTR
5.4825,5.4825,5.4825,5.4825,500,2021-06-14 15:52:00,VNTR
5.5,5.5,5.495,5.5,487,2021-06-14 15:53:00,VNTR
5.4882,5.4882,5.4882,5.4882,100,2021-06-14 15:54:00,VNTR
5.4809,5.5,5.48,5.5,1600,2021-06-14 15:55:00,VNTR
5.49,5.5,5.49,5.5,2350,2021-06-14 15:56:00,VNTR
5.49,5.49,5.49,5.49,400,2021-06-14 15:57:00,VNTR
5.5,5.5,5.5,5.5,640,2021-06-14 15:58:00,VNTR
5.485,5.49,5.485,5.49,741,2021-06-14 16:01:00,VNTR
5.5,5.5,5.5,5.5,100,2021-06-14 16:02:00,VNTR
5.485,5.485,5.485,5.485,100,2021-06-14 16:04:00,VNTR
5.485,5.485,5.485,5.485,400,2021-06-14 16:05:00,VNTR
5.48,5.48,5.47,5.475,1733,2021-06-14 16:07:00,VNTR
5.48,5.48,5.48,5.48,506,2021-06-14 16:08:00,VNTR
5.48,5.48,5.4763,5.48,1550,2021-06-14 16:10:00,VNTR
5.48,5.49,5.48,5.49,300,2021-06-14 16:11:00,VNTR
5.486,5.486,5.486,5.486,100,2021-06-14 16:12:00,VNTR
5.48,5.48,5.48,5.48,335,2021-06-14 16:13:00,VNTR
5.475,5.48,5.475,5.48,200,2021-06-14 16:14:00,VNTR
5.48,5.48,5.4799,5.4799,600,2021-06-14 16:16:00,VNTR
5.48,5.4801,5.48,5.4801,5000,2021-06-14 16:18:00,VNTR
5.5,5.5,5.5,5.5,100,2021-06-14 16:19:00,VNTR
5.5,5.5,5.5,5.5,5000,2021-06-14 16:21:00,VNTR
5.5,5.51,5.5,5.51,6925,2021-06-14 16:23:00,VNTR
5.5,5.5,5.5,5.5,100,2021-06-14 16:24:00,VNTR
5.49,5.49,5.49,5.49,200,2021-06-14 16:25:00,VNTR
5.48,5.49,5.48,5.49,7082,2021-06-14 16:26:00,VNTR
5.4801,5.4801,5.4801,5.4801,1500,2021-06-14 16:27:00,VNTR
5.49,5.49,5.49,5.49,195,2021-06-14 16:28:00,VNTR
5.48,5.48,5.48,5.48,500,2021-06-14 16:29:00,VNTR
5.48,5.49,5.47,5.49,1650,2021-06-14 16:30:00,VNTR
5.4962,5.4962,5.4962,5.4962,100,2021-06-14 16:32:00,VNTR
5.4704,5.4704,5.4704,5.4704,1000,2021-06-14 16:33:00,VNTR
5.48,5.49,5.48,5.49,407,2021-06-14 16:34:00,VNTR
5.48,5.48,5.48,5.48,100,2021-06-14 16:36:00,VNTR
5.4815,5.4815,5.4815,5.4815,1000,2021-06-14 16:37:00,VNTR
5.47,5.47,5.47,5.47,200,2021-06-14 16:39:00,VNTR
5.47,5.47,5.46,5.46,4420,2021-06-14 16:42:00,VNTR
5.46,5.46,5.46,5.46,295,2021-06-14 16:43:00,VNTR
5.46,5.467,5.46,5.467,905,2021-06-14 16:44:00,VNTR
5.47,5.47,5.43,5.45,4574,2021-06-14 16:45:00,VNTR
5.48,5.48,5.47,5.47,400,2021-06-14 16:47:00,VNTR
5.47,5.47,5.47,5.47,931,2021-06-14 16:48:00,VNTR
5.465,5.465,5.465,5.465,100,2021-06-14 16:49:00,VNTR
5.4675,5.4675,5.4675,5.4675,293,2021-06-14 16:51:00,VNTR
5.47,5.47,5.47,5.47,146,2021-06-14 16:52:00,VNTR
5.47,5.47,5.47,5.47,948,2021-06-14 16:53:00,VNTR
5.46,5.46,5.46,5.46,100,2021-06-14 16:54:00,VNTR
5.47,5.47,5.47,5.47,100,2021-06-14 16:55:00,VNTR
5.47,5.49,5.47,5.49,3121,2021-06-14 16:56:00,VNTR
5.4701,5.4701,5.4701,5.4701,2000,2021-06-14 16:57:00,VNTR
5.5,5.5,5.47,5.5,8250,2021-06-14 17:01:00,VNTR
5.5,5.5,5.5,5.5,100,2021-06-14 17:03:00,VNTR
5.47,5.5,5.47,5.5,400,2021-06-14 17:07:00,VNTR
5.48,5.5,5.48,5.5,826,2021-06-14 17:09:00,VNTR
5.5,5.5,5.48,5.5,1057,2021-06-14 17:10:00,VNTR
5.4902,5.5,5.4902,5.5,5200,2021-06-14 17:12:00,VNTR
5.48,5.48,5.48,5.48,100,2021-06-14 17:13:00,VNTR
5.5,5.5,5.5,5.5,100,2021-06-14 17:15:00,VNTR
5.4983,5.4983,5.4983,5.4983,1000,2021-06-14 17:18:00,VNTR
5.49,5.49,5.49,5.49,1400,2021-06-14 17:19:00,VNTR
5.49,5.49,5.49,5.49,100,2021-06-14 17:20:00,VNTR
5.48,5.49,5.48,5.49,1700,2021-06-14 17:21:00,VNTR
5.49,5.5,5.49,5.5,1206,2021-06-14 17:22:00,VNTR
5.5,5.5,5.5,5.5,402,2021-06-14 17:23:00,VNTR
5.51,5.51,5.51,5.51,100,2021-06-14 17:24:00,VNTR
5.5,5.5,5.49,5.49,1856,2021-06-14 17:25:00,VNTR
5.49,5.5,5.49,5.5,700,2021-06-14 17:27:00,VNTR
5.49,5.49,5.48,5.48,2884,2021-06-14 17:29:00,VNTR
5.5,5.5,5.5,5.5,100,2021-06-14 17:30:00,VNTR
5.49,5.49,5.49,5.49,186,2021-06-14 17:32:00,VNTR
5.49,5.49,5.49,5.49,100,2021-06-14 17:33:00,VNTR
5.5,5.5,5.5,5.5,100,2021-06-14 17:35:00,VNTR
5.49,5.49,5.4818,5.485,1148,2021-06-14 17:41:00,VNTR
5.485,5.485,5.485,5.485,100,2021-06-14 17:42:00,VNTR
5.485,5.485,5.485,5.485,100,2021-06-14 17:43:00,VNTR
5.48,5.49,5.48,5.48,1427,2021-06-14 17:44:00,VNTR
5.485,5.49,5.485,5.49,1620,2021-06-14 17:45:00,VNTR
5.485,5.485,5.475,5.475,1000,2021-06-14 17:46:00,VNTR
5.47,5.47,5.47,5.47,100,2021-06-14 17:50:00,VNTR
5.48,5.5,5.475,5.49,9720,2021-06-14 17:51:00,VNTR
5.5,5.5,5.5,5.5,100,2021-06-14 17:52:00,VNTR
5.5,5.5,5.5,5.5,100,2021-06-14 17:56:00,VNTR
5.48,5.48,5.46,5.48,1898,2021-06-14 17:57:00,VNTR
5.45,5.45,5.45,5.45,100,2021-06-14 18:00:00,VNTR
5.45,5.47,5.45,5.47,700,2021-06-14 18:01:00,VNTR
5.47,5.47,5.47,5.47,100,2021-06-14 18:08:00,VNTR
5.45,5.45,5.45,5.45,100,2021-06-14 18:11:00,VNTR
5.45,5.46,5.45,5.46,1610,2021-06-14 18:12:00,VNTR
5.45,5.45,5.445,5.445,1850,2021-06-14 18:13:00,VNTR
5.445,5.445,5.445,5.445,100,2021-06-14 18:15:00,VNTR
5.45,5.45,5.435,5.435,1016,2021-06-14 18:17:00,VNTR
5.445,5.45,5.445,5.445,700,2021-06-14 18:18:00,VNTR
5.445,5.445,5.445,5.445,100,2021-06-14 18:19:00,VNTR
5.445,5.46,5.445,5.46,200,2021-06-14 18:20:00,VNTR
5.43,5.46,5.43,5.44,1518,2021-06-14 18:21:00,VNTR
5.43,5.43,5.4,5.42,7018,2021-06-14 18:22:00,VNTR
5.42,5.4211,5.41,5.4211,1200,2021-06-14 18:23:00,VNTR
5.42,5.42,5.42,5.42,293,2021-06-14 18:24:00,VNTR
5.42,5.42,5.4,5.415,4568,2021-06-14 18:25:00,VNTR
5.4175,5.4175,5.4175,5.4175,100,2021-06-14 18:26:00,VNTR
5.42,5.42,5.415,5.415,1200,2021-06-14 18:27:00,VNTR
5.415,5.415,5.415,5.415,100,2021-06-14 18:28:00,VNTR
5.41,5.42,5.41,5.41,2418,2021-06-14 18:30:00,VNTR
5.41,5.43,5.41,5.43,2550,2021-06-14 18:31:00,VNTR
5.42,5.43,5.42,5.43,200,2021-06-14 18:32:00,VNTR
5.42,5.42,5.41,5.41,200,2021-06-14 18:33:00,VNTR
5.43,5.43,5.43,5.43,1746,2021-06-14 18:34:00,VNTR
5.425,5.435,5.4241,5.435,4154,2021-06-14 18:37:00,VNTR
5.46,5.46,5.45,5.45,703,2021-06-14 18:38:00,VNTR
5.46,5.46,5.4407,5.4407,350,2021-06-14 18:39:00,VNTR
5.446,5.46,5.446,5.46,1100,2021-06-14 18:40:00,VNTR
5.445,5.445,5.445,5.445,100,2021-06-14 18:41:00,VNTR
5.46,5.46,5.445,5.46,302,2021-06-14 18:42:00,VNTR
5.448,5.448,5.445,5.445,600,2021-06-14 18:43:00,VNTR
5.445,5.46,5.445,5.46,300,2021-06-14 18:44:00,VNTR
5.445,5.445,5.445,5.445,397,2021-06-14 18:45:00,VNTR
5.445,5.445,5.445,5.445,100,2021-06-14 18:46:00,VNTR
5.4436,5.4436,5.44,5.44,400,2021-06-14 18:47:00,VNTR
5.43,5.45,5.43,5.45,1330,2021-06-14 18:48:00,VNTR
5.44,5.44,5.44,5.44,391,2021-06-14 18:49:00,VNTR
5.43,5.43,5.43,5.43,200,2021-06-14 18:50:00,VNTR
5.45,5.45,5.4,5.42,2369,2021-06-14 18:51:00,VNTR
5.41,5.41,5.41,5.41,1100,2021-06-14 18:52:00,VNTR
5.42,5.42,5.41,5.41,700,2021-06-14 18:53:00,VNTR
5.41,5.41,5.39,5.39,1500,2021-06-14 18:54:00,VNTR
5.39,5.39,5.37,5.37,300,2021-06-14 18:56:00,VNTR
5.3701,5.4,5.37,5.4,2200,2021-06-14 18:57:00,VNTR
5.385,5.4,5.385,5.4,300,2021-06-14 18:58:00,VNTR
5.39,5.43,5.39,5.43,5616,2021-06-14 18:59:00,VNTR
5.41,5.41,5.41,5.41,400,2021-06-14 19:00:00,VNTR
5.425,5.44,5.425,5.44,400,2021-06-14 19:03:00,VNTR
5.43,5.43,5.4,5.4,1500,2021-06-14 19:05:00,VNTR
5.41,5.41,5.41,5.41,100,2021-06-14 19:06:00,VNTR
5.4,5.4,5.4,5.4,836,2021-06-14 19:07:00,VNTR
5.41,5.41,5.4,5.41,674,2021-06-14 19:08:00,VNTR
5.4,5.41,5.4,5.41,1069,2021-06-14 19:09:00,VNTR
5.42,5.42,5.41,5.41,3235,2021-06-14 19:10:00,VNTR
5.41,5.42,5.41,5.42,470,2021-06-14 19:11:00,VNTR
5.42,5.43,5.42,5.43,3575,2021-06-14 19:12:00,VNTR
5.46,5.46,5.42,5.425,2333,2021-06-14 19:13:00,VNTR
5.42,5.42,5.42,5.42,100,2021-06-14 19:15:00,VNTR
5.42,5.42,5.42,5.42,100,2021-06-14 19:16:00,VNTR
5.41,5.41,5.41,5.41,100,2021-06-14 19:17:00,VNTR
5.42,5.42,5.42,5.42,100,2021-06-14 19:18:00,VNTR
5.41,5.41,5.41,5.41,100,2021-06-14 19:19:00,VNTR
5.41,5.41,5.41,5.41,100,2021-06-14 19:20:00,VNTR
5.41,5.41,5.41,5.41,1300,2021-06-14 19:21:00,VNTR
5.4,5.41,5.4,5.41,1460,2021-06-14 19:22:00,VNTR
5.42,5.42,5.4,5.42,300,2021-06-14 19:23:00,VNTR
5.4129,5.4129,5.4129,5.4129,200,2021-06-14 19:24:00,VNTR
5.41,5.41,5.41,5.41,100,2021-06-14 19:25:00,VNTR
5.42,5.42,5.4,5.4,300,2021-06-14 19:26:00,VNTR
5.4,5.43,5.4,5.43,2381,2021-06-14 19:28:00,VNTR
5.4,5.4,5.4,5.4,500,2021-06-14 19:29:00,VNTR
5.4,5.4,5.38,5.38,900,2021-06-14 19:31:00,VNTR
5.39,5.39,5.38,5.38,465,2021-06-14 19:32:00,VNTR
5.385,5.39,5.3812,5.3879,950,2021-06-14 19:33:00,VNTR
5.385,5.41,5.385,5.4,27853,2021-06-14 19:34:00,VNTR
5.4,5.41,5.4,5.41,300,2021-06-14 19:35:00,VNTR
5.405,5.41,5.405,5.41,300,2021-06-14 19:36:00,VNTR
5.405,5.42,5.405,5.415,2699,2021-06-14 19:37:00,VNTR
5.42,5.42,5.415,5.42,500,2021-06-14 19:38:00,VNTR
5.415,5.445,5.415,5.445,1217,2021-06-14 19:39:00,VNTR
5.46,5.47,5.445,5.47,17318,2021-06-14 19:40:00,VNTR
5.47,5.47,5.455,5.47,700,2021-06-14 19:41:00,VNTR
5.45,5.48,5.45,5.48,1008,2021-06-14 19:42:00,VNTR
5.4701,5.49,5.47,5.47,8687,2021-06-14 19:43:00,VNTR
5.47,5.47,5.44,5.445,6441,2021-06-14 19:44:00,VNTR
5.46,5.46,5.445,5.445,700,2021-06-14 19:45:00,VNTR
5.445,5.445,5.43,5.4415,1188,2021-06-14 19:46:00,VNTR
5.43,5.43,5.43,5.43,200,2021-06-14 19:47:00,VNTR
5.44,5.4401,5.42,5.43,6152,2021-06-14 19:48:00,VNTR
5.43,5.43,5.42,5.42,300,2021-06-14 19:49:00,VNTR
5.43,5.44,5.43,5.43,1915,2021-06-14 19:50:00,VNTR
5.43,5.4468,5.43,5.4468,962,2021-06-14 19:51:00,VNTR
5.44,5.44,5.435,5.435,2186,2021-06-14 19:52:00,VNTR
5.44,5.45,5.44,5.45,1596,2021-06-14 19:53:00,VNTR
5.445,5.47,5.445,5.46,4170,2021-06-14 19:54:00,VNTR
5.46,5.47,5.44,5.445,8934,2021-06-14 19:55:00,VNTR
5.445,5.46,5.44,5.46,5532,2021-06-14 19:56:00,VNTR
5.46,5.467,5.45,5.467,2905,2021-06-14 19:57:00,VNTR
5.46,5.47,5.43,5.43,3594,2021-06-14 19:58:00,VNTR
5.44,5.46,5.42,5.42,33734,2021-06-14 19:59:00,VNTR
5.44,5.44,5.44,5.44,6278,2021-06-14 20:00:00,VNTR
5.54,5.79,5.54,5.54,1895,2021-06-14 20:51:00,VNTR
5.56,5.56,5.55,5.55,500,2021-06-14 20:52:00,VNTR
5.55,5.55,5.4,5.4,1650,2021-06-14 20:53:00,VNTR
5.45,5.45,5.45,5.45,200,2021-06-15 13:28:00,VNTR
5.51,5.52,5.44,5.45,3655,2021-06-15 13:30:00,VNTR
5.4349,5.52,5.4349,5.465,5750,2021-06-15 13:32:00,VNTR
5.455,5.455,5.41,5.4124,1442,2021-06-15 13:33:00,VNTR
5.4211,5.4211,5.4211,5.4211,100,2021-06-15 13:34:00,VNTR
5.41,5.46,5.41,5.46,1200,2021-06-15 13:35:00,VNTR
5.41,5.42,5.41,5.41,1500,2021-06-15 13:40:00,VNTR
5.4352,5.44,5.41,5.41,400,2021-06-15 13:41:00,VNTR
5.4192,5.4192,5.4192,5.4192,1000,2021-06-15 13:42:00,VNTR
5.4398,5.4398,5.42,5.42,1200,2021-06-15 13:43:00,VNTR
5.42,5.44,5.4,5.43,22213,2021-06-15 13:44:00,VNTR
5.44,5.45,5.44,5.44,854,2021-06-15 13:46:00,VNTR
5.47,5.47,5.47,5.47,100,2021-06-15 13:48:00,VNTR
5.46,5.46,5.45,5.45,200,2021-06-15 13:51:00,VNTR
5.45,5.45,5.42,5.42,6031,2021-06-15 13:55:00,VNTR
5.4,5.44,5.4,5.41,5037,2021-06-15 14:00:00,VNTR
5.43,5.47,5.43,5.45,1600,2021-06-15 14:02:00,VNTR
5.45,5.45,5.45,5.45,167,2021-06-15 14:03:00,VNTR
5.46,5.46,5.46,5.46,1000,2021-06-15 14:04:00,VNTR
5.45,5.45,5.45,5.45,958,2021-06-15 14:05:00,VNTR
5.44,5.44,5.43,5.43,714,2021-06-15 14:06:00,VNTR
5.41,5.41,5.41,5.41,300,2021-06-15 14:09:00,VNTR
5.41,5.41,5.4,5.405,15803,2021-06-15 14:10:00,VNTR
5.41,5.42,5.41,5.42,600,2021-06-15 14:11:00,VNTR
5.42,5.42,5.381,5.381,10972,2021-06-15 14:15:00,VNTR
5.39,5.39,5.38,5.38,2800,2021-06-15 14:16:00,VNTR
5.38,5.4,5.36,5.362,8966,2021-06-15 14:17:00,VNTR
5.37,5.38,5.37,5.38,971,2021-06-15 14:18:00,VNTR
5.37,5.37,5.365,5.365,3697,2021-06-15 14:19:00,VNTR
5.36,5.365,5.36,5.36,24400,2021-06-15 14:20:00,VNTR
5.36,5.36,5.36,5.36,950,2021-06-15 14:21:00,VNTR
5.36,5.3601,5.36,5.3601,5400,2021-06-15 14:23:00,VNTR
5.35,5.35,5.32,5.335,2650,2021-06-15 14:24:00,VNTR
5.35,5.35,5.34,5.34,1287,2021-06-15 14:26:00,VNTR
5.3487,5.35,5.3487,5.35,2100,2021-06-15 14:27:00,VNTR
5.34,5.34,5.34,5.34,696,2021-06-15 14:28:00,VNTR
5.3201,5.33,5.27,5.28,40291,2021-06-15 14:29:00,VNTR
5.27,5.28,5.21,5.23,50622,2021-06-15 14:30:00,VNTR
5.22,5.25,5.18,5.25,64435,2021-06-15 14:31:00,VNTR
5.25,5.27,5.25,5.27,4300,2021-06-15 14:32:00,VNTR
5.2423,5.29,5.2423,5.29,383,2021-06-15 14:33:00,VNTR
5.265,5.265,5.265,5.265,100,2021-06-15 14:34:00,VNTR
5.27,5.29,5.2501,5.29,2900,2021-06-15 14:35:00,VNTR
5.29,5.3,5.27,5.28,4400,2021-06-15 14:36:00,VNTR
5.29,5.32,5.28,5.32,1900,2021-06-15 14:37:00,VNTR
5.32,5.34,5.305,5.34,1430,2021-06-15 14:38:00,VNTR
5.34,5.34,5.3,5.34,6842,2021-06-15 14:39:00,VNTR
5.32,5.34,5.32,5.34,1340,2021-06-15 14:40:00,VNTR
5.32,5.34,5.3156,5.34,900,2021-06-15 14:41:00,VNTR
5.34,5.34,5.34,5.34,400,2021-06-15 14:42:00,VNTR
5.34,5.34,5.32,5.32,11510,2021-06-15 14:43:00,VNTR
5.34,5.34,5.33,5.33,300,2021-06-15 14:44:00,VNTR
5.34,5.34,5.3241,5.34,2200,2021-06-15 14:45:00,VNTR
5.32,5.34,5.32,5.34,2400,2021-06-15 14:46:00,VNTR
5.33,5.33,5.3036,5.33,4900,2021-06-15 14:47:00,VNTR
5.3048,5.33,5.3048,5.33,1489,2021-06-15 14:48:00,VNTR
5.32,5.36,5.3,5.36,4441,2021-06-15 14:49:00,VNTR
5.34,5.36,5.34,5.36,8256,2021-06-15 14:50:00,VNTR
5.36,5.36,5.36,5.36,195,2021-06-15 14:51:00,VNTR
5.36,5.37,5.36,5.36,800,2021-06-15 14:52:00,VNTR
5.36,5.37,5.36,5.37,971,2021-06-15 14:53:00,VNTR
5.37,5.38,5.36,5.38,300,2021-06-15 14:56:00,VNTR
5.37,5.38,5.37,5.38,387,2021-06-15 14:57:00,VNTR
5.38,5.38,5.38,5.38,200,2021-06-15 14:58:00,VNTR
5.38,5.38,5.38,5.38,100,2021-06-15 15:00:00,VNTR
5.37,5.37,5.33,5.33,1366,2021-06-15 15:01:00,VNTR
5.295,5.295,5.29,5.29,200,2021-06-15 15:04:00,VNTR
5.29,5.29,5.2627,5.285,2300,2021-06-15 15:05:00,VNTR
5.28,5.3,5.275,5.3,1500,2021-06-15 15:06:00,VNTR
5.31,5.31,5.31,5.31,100,2021-06-15 15:09:00,VNTR
5.285,5.285,5.285,5.285,1000,2021-06-15 15:15:00,VNTR
5.29,5.31,5.29,5.31,1000,2021-06-15 15:17:00,VNTR
5.31,5.32,5.31,5.32,1900,2021-06-15 15:18:00,VNTR
5.34,5.36,5.34,5.36,1300,2021-06-15 15:24:00,VNTR
5.35,5.36,5.35,5.36,300,2021-06-15 15:25:00,VNTR
5.357,5.357,5.357,5.357,100,2021-06-15 15:26:00,VNTR
5.35,5.35,5.3444,5.3444,800,2021-06-15 15:28:00,VNTR
5.34,5.34,5.325,5.325,1114,2021-06-15 15:30:00,VNTR
5.325,5.325,5.325,5.325,100,2021-06-15 15:31:00,VNTR
5.31,5.32,5.31,5.32,10062,2021-06-15 15:32:00,VNTR
5.31,5.31,5.31,5.31,100,2021-06-15 15:33:00,VNTR
5.31,5.31,5.31,5.31,624,2021-06-15 15:34:00,VNTR
5.31,5.31,5.31,5.31,100,2021-06-15 15:35:00,VNTR
5.31,5.31,5.3,5.31,3100,2021-06-15 15:37:00,VNTR
5.31,5.31,5.31,5.31,100,2021-06-15 15:38:00,VNTR
5.31,5.31,5.31,5.31,100,2021-06-15 15:39:00,VNTR
5.31,5.31,5.31,5.31,100,2021-06-15 15:40:00,VNTR
5.31,5.31,5.31,5.31,100,2021-06-15 15:41:00,VNTR
5.305,5.31,5.305,5.31,2500,2021-06-15 15:43:00,VNTR
5.313,5.32,5.31,5.32,2847,2021-06-15 15:45:00,VNTR
5.31,5.31,5.3,5.3,700,2021-06-15 15:46:00,VNTR
5.3,5.3,5.3,5.3,100,2021-06-15 15:47:00,VNTR
5.305,5.305,5.305,5.305,100,2021-06-15 15:50:00,VNTR
5.3,5.3,5.29,5.3,900,2021-06-15 15:53:00,VNTR
5.28,5.28,5.28,5.28,850,2021-06-15 15:56:00,VNTR
5.265,5.265,5.265,5.265,200,2021-06-15 15:59:00,VNTR
5.27,5.274,5.27,5.274,700,2021-06-15 16:00:00,VNTR
5.27,5.27,5.27,5.27,200,2021-06-15 16:01:00,VNTR
5.27,5.27,5.26,5.26,5548,2021-06-15 16:02:00,VNTR
5.27,5.27,5.27,5.27,100,2021-06-15 16:03:00,VNTR
5.27,5.3,5.27,5.29,3568,2021-06-15 16:04:00,VNTR
5.28,5.28,5.26,5.26,599,2021-06-15 16:05:00,VNTR
5.275,5.275,5.275,5.275,100,2021-06-15 16:07:00,VNTR
5.26,5.26,5.26,5.26,100,2021-06-15 16:08:00,VNTR
5.28,5.28,5.28,5.28,1300,2021-06-15 16:09:00,VNTR
5.275,5.28,5.2707,5.28,800,2021-06-15 16:11:00,VNTR
5.28,5.28,5.28,5.28,100,2021-06-15 16:12:00,VNTR
5.275,5.28,5.275,5.28,600,2021-06-15 16:13:00,VNTR
5.275,5.275,5.275,5.275,100,2021-06-15 16:14:00,VNTR
5.275,5.275,5.275,5.275,1000,2021-06-15 16:15:00,VNTR
5.275,5.28,5.275,5.28,700,2021-06-15 16:17:00,VNTR
5.275,5.275,5.275,5.275,500,2021-06-15 16:18:00,VNTR
5.275,5.275,5.275,5.275,500,2021-06-15 16:19:00,VNTR
5.28,5.28,5.275,5.275,600,2021-06-15 16:20:00,VNTR
5.275,5.275,5.275,5.275,2413,2021-06-15 16:21:00,VNTR
5.28,5.28,5.28,5.28,347,2021-06-15 16:22:00,VNTR
5.275,5.275,5.275,5.275,500,2021-06-15 16:23:00,VNTR
5.275,5.28,5.275,5.28,900,2021-06-15 16:24:00,VNTR
5.28,5.31,5.28,5.295,6621,2021-06-15 16:25:00,VNTR
5.3,5.32,5.3,5.32,3620,2021-06-15 16:26:00,VNTR
5.31,5.31,5.31,5.31,200,2021-06-15 16:27:00,VNTR
5.32,5.32,5.32,5.32,100,2021-06-15 16:28:00,VNTR
5.31,5.31,5.2704,5.2704,1757,2021-06-15 16:30:00,VNTR
5.295,5.295,5.295,5.295,500,2021-06-15 16:33:00,VNTR
5.295,5.3,5.295,5.295,1200,2021-06-15 16:35:00,VNTR
5.295,5.295,5.295,5.295,600,2021-06-15 16:36:00,VNTR
5.295,5.295,5.295,5.295,500,2021-06-15 16:37:00,VNTR
5.295,5.295,5.29,5.29,300,2021-06-15 16:38:00,VNTR
5.295,5.295,5.295,5.295,350,2021-06-15 16:39:00,VNTR
5.29,5.29,5.29,5.29,500,2021-06-15 16:40:00,VNTR
5.29,5.29,5.29,5.29,500,2021-06-15 16:41:00,VNTR
5.3,5.3,5.3,5.3,800,2021-06-15 16:42:00,VNTR
5.3,5.3,5.3,5.3,400,2021-06-15 16:43:00,VNTR
5.3,5.3,5.3,5.3,2939,2021-06-15 16:44:00,VNTR
5.3,5.31,5.3,5.31,3916,2021-06-15 16:45:00,VNTR
5.31,5.31,5.31,5.31,2107,2021-06-15 16:46:00,VNTR
5.31,5.31,5.31,5.31,100,2021-06-15 16:47:00,VNTR
5.3,5.3,5.3,5.3,200,2021-06-15 16:52:00,VNTR
5.3,5.3,5.3,5.3,100,2021-06-15 16:55:00,VNTR
5.31,5.31,5.31,5.31,500,2021-06-15 16:56:00,VNTR
5.3,5.3,5.295,5.295,1200,2021-06-15 16:57:00,VNTR
5.295,5.295,5.295,5.295,500,2021-06-15 16:58:00,VNTR
5.295,5.3,5.295,5.3,1200,2021-06-15 16:59:00,VNTR
5.295,5.295,5.295,5.295,500,2021-06-15 17:00:00,VNTR
5.3,5.3,5.295,5.3,700,2021-06-15 17:01:00,VNTR
5.3,5.3,5.295,5.295,700,2021-06-15 17:02:00,VNTR
5.295,5.295,5.295,5.295,1000,2021-06-15 17:03:00,VNTR
5.3,5.3,5.295,5.295,400,2021-06-15 17:04:00,VNTR
5.295,5.295,5.295,5.295,800,2021-06-15 17:05:00,VNTR
5.3,5.3,5.3,5.3,100,2021-06-15 17:06:00,VNTR
5.3,5.3,5.295,5.295,600,2021-06-15 17:07:00,VNTR
5.295,5.2975,5.295,5.2975,900,2021-06-15 17:08:00,VNTR
5.295,5.3001,5.295,5.3001,9543,2021-06-15 17:09:00,VNTR
5.3,5.3,5.29,5.29,7364,2021-06-15 17:10:00,VNTR
5.29,5.29,5.29,5.29,1000,2021-06-15 17:11:00,VNTR
5.3,5.3002,5.3,5.3,1200,2021-06-15 17:12:00,VNTR
5.3,5.3,5.3,5.3,200,2021-06-15 17:14:00,VNTR
5.31,5.31,5.31,5.31,100,2021-06-15 17:15:00,VNTR
5.3,5.3,5.295,5.295,2601,2021-06-15 17:16:00,VNTR
5.3,5.3,5.3,5.3,100,2021-06-15 17:17:00,VNTR
5.3,5.3,5.3,5.3,400,2021-06-15 17:19:00,VNTR
5.31,5.325,5.31,5.325,863,2021-06-15 17:21:00,VNTR
5.32,5.33,5.32,5.325,1700,2021-06-15 17:23:00,VNTR
5.325,5.325,5.325,5.325,100,2021-06-15 17:28:00,VNTR
5.325,5.33,5.325,5.33,500,2021-06-15 17:31:00,VNTR
5.325,5.325,5.325,5.325,100,2021-06-15 17:33:00,VNTR
5.325,5.33,5.325,5.33,10100,2021-06-15 17:34:00,VNTR
5.33,5.33,5.3275,5.3275,300,2021-06-15 17:35:00,VNTR
5.32,5.32,5.32,5.32,500,2021-06-15 17:36:00,VNTR
5.33,5.33,5.33,5.33,100,2021-06-15 17:39:00,VNTR
5.33,5.37,5.33,5.37,4184,2021-06-15 17:40:00,VNTR
5.37,5.37,5.36,5.37,5853,2021-06-15 17:41:00,VNTR
5.3601,5.4,5.3601,5.4,7563,2021-06-15 17:42:00,VNTR
5.39,5.4,5.39,5.4,600,2021-06-15 17:44:00,VNTR
5.4,5.41,5.4,5.41,1000,2021-06-15 17:45:00,VNTR
5.4,5.4055,5.4,5.4055,828,2021-06-15 17:46:00,VNTR
5.41,5.41,5.4099,5.41,4900,2021-06-15 17:48:00,VNTR
5.41,5.41,5.41,5.41,400,2021-06-15 17:49:00,VNTR
5.4,5.4,5.4,5.4,200,2021-06-15 17:51:00,VNTR
5.4,5.4,5.4,5.4,100,2021-06-15 17:52:00,VNTR
5.4028,5.4028,5.4,5.4,600,2021-06-15 17:53:00,VNTR
5.41,5.42,5.41,5.42,1200,2021-06-15 17:55:00,VNTR
5.41,5.41,5.41,5.41,500,2021-06-15 17:56:00,VNTR
5.42,5.42,5.42,5.42,100,2021-06-15 17:58:00,VNTR
5.42,5.42,5.415,5.415,2000,2021-06-15 18:00:00,VNTR
5.42,5.42,5.4101,5.415,2000,2021-06-15 18:01:00,VNTR
5.41,5.415,5.41,5.41,500,2021-06-15 18:02:00,VNTR
5.4,5.4,5.4,5.4,100,2021-06-15 18:05:00,VNTR
5.4,5.4,5.4,5.4,100,2021-06-15 18:08:00,VNTR
5.4,5.4,5.38,5.38,2684,2021-06-15 18:10:00,VNTR
5.37,5.37,5.37,5.37,100,2021-06-15 18:13:00,VNTR
5.36,5.36,5.35,5.35,725,2021-06-15 18:14:00,VNTR
5.35,5.35,5.35,5.35,100,2021-06-15 18:15:00,VNTR
5.35,5.35,5.35,5.35,200,2021-06-15 18:16:00,VNTR
5.37,5.37,5.37,5.37,200,2021-06-15 18:17:00,VNTR
5.35,5.35,5.35,5.35,200,2021-06-15 18:18:00,VNTR
5.35,5.37,5.33,5.37,3862,2021-06-15 18:20:00,VNTR
5.36,5.37,5.36,5.36,1100,2021-06-15 18:21:00,VNTR
5.36,5.36,5.36,5.36,100,2021-06-15 18:23:00,VNTR
5.37,5.37,5.36,5.37,762,2021-06-15 18:24:00,VNTR
5.37,5.4,5.36,5.4,3826,2021-06-15 18:25:00,VNTR
5.4,5.4,5.4,5.4,361,2021-06-15 18:28:00,VNTR
5.41,5.41,5.41,5.41,100,2021-06-15 18:34:00,VNTR
5.4,5.4,5.4,5.4,5221,2021-06-15 18:35:00,VNTR
5.4,5.4,5.4,5.4,800,2021-06-15 18:36:00,VNTR
5.4,5.4,5.4,5.4,200,2021-06-15 18:38:00,VNTR
5.4,5.41,5.4,5.41,4847,2021-06-15 18:39:00,VNTR
5.41,5.44,5.4,5.44,4171,2021-06-15 18:40:00,VNTR
5.455,5.46,5.445,5.46,767,2021-06-15 18:41:00,VNTR
5.46,5.46,5.44,5.44,6094,2021-06-15 18:43:00,VNTR
5.44,5.44,5.44,5.44,400,2021-06-15 18:44:00,VNTR
5.46,5.46,5.46,5.46,100,2021-06-15 18:45:00,VNTR
5.45,5.46,5.45,5.45,400,2021-06-15 18:46:00,VNTR
5.45,5.45,5.45,5.45,1155,2021-06-15 18:47:00,VNTR
5.45,5.45,5.45,5.45,200,2021-06-15 18:48:00,VNTR
5.45,5.46,5.45,5.46,289,2021-06-15 18:50:00,VNTR
5.455,5.475,5.455,5.475,3827,2021-06-15 18:51:00,VNTR
5.48,5.48,5.48,5.48,100,2021-06-15 18:52:00,VNTR
5.48,5.48,5.47,5.47,600,2021-06-15 18:53:00,VNTR
5.48,5.49,5.48,5.49,600,2021-06-15 18:54:00,VNTR
5.49,5.49,5.49,5.49,500,2021-06-15 18:55:00,VNTR
5.48,5.48,5.48,5.48,340,2021-06-15 18:56:00,VNTR
5.48,5.49,5.47,5.48,7275,2021-06-15 18:57:00,VNTR
5.485,5.49,5.485,5.49,502,2021-06-15 18:58:00,VNTR
5.48,5.52,5.47,5.49,23611,2021-06-15 19:00:00,VNTR
5.51,5.51,5.51,5.51,600,2021-06-15 19:01:00,VNTR
5.51,5.52,5.51,5.52,1200,2021-06-15 19:02:00,VNTR
5.51,5.51,5.5,5.51,767,2021-06-15 19:03:00,VNTR
5.5,5.5,5.49,5.49,1907,2021-06-15 19:04:00,VNTR
5.48,5.49,5.48,5.49,200,2021-06-15 19:05:00,VNTR
5.5038,5.5038,5.475,5.475,1007,2021-06-15 19:06:00,VNTR
5.48,5.48,5.48,5.48,100,2021-06-15 19:07:00,VNTR
5.48,5.48,5.47,5.48,300,2021-06-15 19:08:00,VNTR
5.465,5.48,5.465,5.465,884,2021-06-15 19:09:00,VNTR
5.48,5.55,5.465,5.52,31497,2021-06-15 19:10:00,VNTR
5.52,5.54,5.52,5.53,1351,2021-06-15 19:11:00,VNTR
5.5325,5.54,5.5325,5.5325,1603,2021-06-15 19:12:00,VNTR
5.5325,5.5325,5.5325,5.5325,400,2021-06-15 19:13:00,VNTR
5.5325,5.54,5.5325,5.54,600,2021-06-15 19:14:00,VNTR
5.5217,5.525,5.5217,5.525,4385,2021-06-15 19:15:00,VNTR
5.525,5.57,5.525,5.57,13780,2021-06-15 19:16:00,VNTR
5.5575,5.57,5.51,5.525,20432,2021-06-15 19:17:00,VNTR
5.5101,5.52,5.5,5.5,1306,2021-06-15 19:18:00,VNTR
5.5165,5.5165,5.48,5.48,1800,2021-06-15 19:19:00,VNTR
5.475,5.475,5.475,5.475,500,2021-06-15 19:20:00,VNTR
5.475,5.49,5.475,5.49,400,2021-06-15 19:21:00,VNTR
5.4651,5.4651,5.4651,5.4651,500,2021-06-15 19:22:00,VNTR
5.49,5.49,5.475,5.49,400,2021-06-15 19:23:00,VNTR
5.51,5.51,5.5,5.5,3031,2021-06-15 19:25:00,VNTR
5.49,5.4937,5.48,5.48,2500,2021-06-15 19:26:00,VNTR
5.48,5.48,5.48,5.48,939,2021-06-15 19:27:00,VNTR
5.48,5.48,5.48,5.48,300,2021-06-15 19:29:00,VNTR
5.49,5.49,5.49,5.49,754,2021-06-15 19:30:00,VNTR
5.49,5.49,5.49,5.49,100,2021-06-15 19:31:00,VNTR
5.46,5.495,5.46,5.495,1865,2021-06-15 19:32:00,VNTR
5.49,5.5,5.485,5.49,12498,2021-06-15 19:33:00,VNTR
5.49,5.49,5.487,5.49,2637,2021-06-15 19:34:00,VNTR
5.495,5.5,5.49,5.49,1375,2021-06-15 19:35:00,VNTR
5.49,5.5,5.49,5.49,3300,2021-06-15 19:36:00,VNTR
5.48,5.48,5.48,5.48,4077,2021-06-15 19:37:00,VNTR
5.48,5.48,5.48,5.48,100,2021-06-15 19:38:00,VNTR
5.48,5.48,5.48,5.48,844,2021-06-15 19:39:00,VNTR
5.49,5.5,5.48,5.5,1522,2021-06-15 19:40:00,VNTR
5.49,5.51,5.49,5.51,802,2021-06-15 19:41:00,VNTR
5.5,5.53,5.4966,5.52,5839,2021-06-15 19:42:00,VNTR
5.5101,5.5101,5.51,5.51,1400,2021-06-15 19:43:00,VNTR
5.525,5.54,5.51,5.525,2624,2021-06-15 19:44:00,VNTR
5.5325,5.5325,5.48,5.48,3444,2021-06-15 19:45:00,VNTR
5.49,5.5,5.48,5.48,1500,2021-06-15 19:46:00,VNTR
5.48,5.49,5.46,5.48,1300,2021-06-15 19:47:00,VNTR
5.48,5.48,5.46,5.47,400,2021-06-15 19:48:00,VNTR
5.47,5.48,5.46,5.48,400,2021-06-15 19:49:00,VNTR
5.46,5.48,5.46,5.465,3425,2021-06-15 19:50:00,VNTR
5.46,5.47,5.45,5.465,2800,2021-06-15 19:51:00,VNTR
5.4675,5.4675,5.465,5.465,700,2021-06-15 19:52:00,VNTR
5.4734,5.49,5.47,5.49,1766,2021-06-15 19:53:00,VNTR
5.48,5.5,5.48,5.5,6030,2021-06-15 19:54:00,VNTR
5.4975,5.51,5.48,5.5,3784,2021-06-15 19:55:00,VNTR
5.49,5.5198,5.48,5.48,7214,2021-06-15 19:56:00,VNTR
5.495,5.5,5.48,5.48,3200,2021-06-15 19:57:00,VNTR
5.48,5.5,5.48,5.48,4232,2021-06-15 19:58:00,VNTR
5.48,5.5,5.47,5.49,10159,2021-06-15 19:59:00,VNTR
5.48,5.48,5.48,5.48,9797,2021-06-15 20:00:00,VNTR
5.43,5.43,5.43,5.43,1672,2021-06-16 13:30:00,VNTR
5.375,5.375,5.31,5.31,450,2021-06-16 13:31:00,VNTR
5.375,5.375,5.375,5.375,200,2021-06-16 13:32:00,VNTR
5.37,5.4,5.37,5.4,300,2021-06-16 13:34:00,VNTR
5.3696,5.48,5.3696,5.48,5403,2021-06-16 13:35:00,VNTR
5.45,5.45,5.45,5.45,1000,2021-06-16 13:36:00,VNTR
5.48,5.48,5.48,5.48,800,2021-06-16 13:37:00,VNTR
5.49,5.49,5.49,5.49,100,2021-06-16 13:38:00,VNTR
5.4275,5.4275,5.4275,5.4275,2700,2021-06-16 13:39:00,VNTR
5.41,5.41,5.41,5.41,100,2021-06-16 13:40:00,VNTR
5.445,5.47,5.445,5.47,460,2021-06-16 13:41:00,VNTR
5.47,5.47,5.47,5.47,200,2021-06-16 13:45:00,VNTR
5.47,5.47,5.41,5.41,300,2021-06-16 13:49:00,VNTR
5.445,5.445,5.445,5.445,194,2021-06-16 13:50:00,VNTR
5.445,5.445,5.445,5.445,150,2021-06-16 13:51:00,VNTR
5.4418,5.45,5.41,5.44,8950,2021-06-16 13:52:00,VNTR
5.475,5.475,5.47,5.47,450,2021-06-16 13:53:00,VNTR
5.445,5.445,5.445,5.445,100,2021-06-16 13:54:00,VNTR
5.455,5.455,5.4303,5.4303,355,2021-06-16 13:55:00,VNTR
5.43,5.43,5.43,5.43,115,2021-06-16 13:56:00,VNTR
5.42,5.42,5.405,5.405,700,2021-06-16 13:57:00,VNTR
5.4122,5.43,5.39,5.43,2190,2021-06-16 13:58:00,VNTR
5.423,5.423,5.423,5.423,100,2021-06-16 13:59:00,VNTR
5.44,5.44,5.44,5.44,200,2021-06-16 14:00:00,VNTR
5.4038,5.4132,5.4038,5.4132,4930,2021-06-16 14:01:00,VNTR
5.42,5.42,5.42,5.42,115,2021-06-16 14:02:00,VNTR
5.44,5.44,5.44,5.44,100,2021-06-16 14:03:00,VNTR
5.4001,5.41,5.4001,5.41,200,2021-06-16 14:04:00,VNTR
5.44,5.44,5.44,5.44,100,2021-06-16 14:05:00,VNTR
5.44,5.48,5.44,5.48,300,2021-06-16 14:06:00,VNTR
5.47,5.47,5.47,5.47,100,2021-06-16 14:08:00,VNTR
5.47,5.47,5.47,5.47,300,2021-06-16 14:10:00,VNTR
5.47,5.5,5.47,5.47,4592,2021-06-16 14:14:00,VNTR
5.44,5.44,5.44,5.44,100,2021-06-16 14:16:00,VNTR
5.45,5.45,5.43,5.435,900,2021-06-16 14:18:00,VNTR
5.44,5.44,5.44,5.44,132,2021-06-16 14:19:00,VNTR
5.42,5.42,5.42,5.42,179,2021-06-16 14:20:00,VNTR
5.42,5.42,5.4,5.4,4097,2021-06-16 14:21:00,VNTR
5.37,5.37,5.37,5.37,309,2021-06-16 14:22:00,VNTR
5.39,5.39,5.37,5.37,604,2021-06-16 14:23:00,VNTR
5.35,5.36,5.335,5.335,407,2021-06-16 14:24:00,VNTR
5.335,5.335,5.326,5.326,396,2021-06-16 14:25:00,VNTR
5.32,5.335,5.32,5.335,3852,2021-06-16 14:27:00,VNTR
5.35,5.35,5.35,5.35,1950,2021-06-16 14:28:00,VNTR
5.38,5.38,5.38,5.38,100,2021-06-16 14:29:00,VNTR
5.39,5.39,5.39,5.39,200,2021-06-16 14:30:00,VNTR
5.41,5.42,5.41,5.42,524,2021-06-16 14:33:00,VNTR
5.42,5.42,5.42,5.42,300,2021-06-16 14:35:00,VNTR
5.42,5.435,5.41,5.41,481,2021-06-16 14:36:00,VNTR
5.44,5.44,5.41,5.41,700,2021-06-16 14:37:00,VNTR
5.4,5.4,5.39,5.4,445,2021-06-16 14:38:00,VNTR
5.395,5.395,5.37,5.37,215,2021-06-16 14:40:00,VNTR
5.42,5.43,5.42,5.43,200,2021-06-16 14:42:00,VNTR
5.43,5.43,5.43,5.43,200,2021-06-16 14:44:00,VNTR
5.425,5.425,5.425,5.425,200,2021-06-16 14:46:00,VNTR
5.41,5.41,5.4,5.41,662,2021-06-16 14:49:00,VNTR
5.41,5.42,5.39,5.39,4298,2021-06-16 14:50:00,VNTR
5.41,5.41,5.41,5.41,100,2021-06-16 14:53:00,VNTR
5.41,5.42,5.41,5.412,2706,2021-06-16 14:54:00,VNTR
5.4078,5.4078,5.4078,5.4078,370,2021-06-16 14:55:00,VNTR
5.42,5.42,5.42,5.42,215,2021-06-16 14:56:00,VNTR
5.44,5.44,5.44,5.44,200,2021-06-16 14:57:00,VNTR
5.43,5.43,5.43,5.43,400,2021-06-16 14:59:00,VNTR
5.47,5.47,5.47,5.47,200,2021-06-16 15:01:00,VNTR
5.45,5.45,5.45,5.45,100,2021-06-16 15:02:00,VNTR
5.45,5.47,5.45,5.47,671,2021-06-16 15:03:00,VNTR
5.47,5.47,5.4692,5.47,1000,2021-06-16 15:04:00,VNTR
5.47,5.47,5.47,5.47,200,2021-06-16 15:05:00,VNTR
5.455,5.455,5.455,5.455,200,2021-06-16 15:07:00,VNTR
5.47,5.47,5.47,5.47,434,2021-06-16 15:09:00,VNTR
5.47,5.47,5.47,5.47,200,2021-06-16 15:10:00,VNTR
5.465,5.465,5.44,5.45,1219,2021-06-16 15:11:00,VNTR
5.45,5.45,5.45,5.45,200,2021-06-16 15:14:00,VNTR
5.45,5.46,5.45,5.46,730,2021-06-16 15:16:00,VNTR
5.48,5.48,5.48,5.48,100,2021-06-16 15:20:00,VNTR
5.48,5.48,5.48,5.48,100,2021-06-16 15:22:00,VNTR
5.48,5.48,5.48,5.48,100,2021-06-16 15:24:00,VNTR
5.47,5.49,5.46,5.49,2488,2021-06-16 15:26:00,VNTR
5.475,5.475,5.475,5.475,100,2021-06-16 15:27:00,VNTR
5.46,5.46,5.46,5.46,900,2021-06-16 15:30:00,VNTR
5.475,5.475,5.475,5.475,197,2021-06-16 15:31:00,VNTR
5.475,5.49,5.475,5.49,200,2021-06-16 15:34:00,VNTR
5.4601,5.4601,5.4601,5.4601,119,2021-06-16 15:35:00,VNTR
5.464,5.48,5.46,5.47,5000,2021-06-16 15:36:00,VNTR
5.4602,5.4602,5.4602,5.4602,2910,2021-06-16 15:38:00,VNTR
5.465,5.48,5.465,5.48,3599,2021-06-16 15:40:00,VNTR
5.4701,5.49,5.46,5.46,7059,2021-06-16 15:41:00,VNTR
5.445,5.445,5.445,5.445,100,2021-06-16 15:43:00,VNTR
5.45,5.45,5.45,5.45,100,2021-06-16 15:48:00,VNTR
5.49,5.49,5.49,5.49,100,2021-06-16 15:51:00,VNTR
5.49,5.49,5.49,5.49,1117,2021-06-16 15:53:00,VNTR
5.48,5.48,5.48,5.48,100,2021-06-16 15:54:00,VNTR
5.5,5.5,5.5,5.5,294,2021-06-16 15:57:00,VNTR
5.4901,5.51,5.4901,5.51,5200,2021-06-16 15:59:00,VNTR
5.49,5.49,5.46,5.48,2284,2021-06-16 16:00:00,VNTR
5.49,5.49,5.49,5.49,100,2021-06-16 16:04:00,VNTR
5.46,5.47,5.43,5.43,5798,2021-06-16 16:07:00,VNTR
5.47,5.475,5.47,5.475,200,2021-06-16 16:08:00,VNTR
5.4601,5.49,5.4601,5.49,5200,2021-06-16 16:09:00,VNTR
5.4601,5.4601,5.4601,5.4601,5000,2021-06-16 16:11:00,VNTR
5.4601,5.49,5.4601,5.49,5200,2021-06-16 16:12:00,VNTR
5.4601,5.4675,5.4601,5.4675,6100,2021-06-16 16:13:00,VNTR
5.48,5.48,5.43,5.445,13495,2021-06-16 16:14:00,VNTR
5.45,5.46,5.45,5.46,200,2021-06-16 16:15:00,VNTR
5.46,5.46,5.46,5.46,500,2021-06-16 16:16:00,VNTR
5.46,5.46,5.45,5.45,665,2021-06-16 16:18:00,VNTR
5.46,5.46,5.46,5.46,200,2021-06-16 16:20:00,VNTR
5.46,5.46,5.46,5.46,100,2021-06-16 16:21:00,VNTR
5.445,5.46,5.445,5.46,599,2021-06-16 16:22:00,VNTR
5.47,5.47,5.47,5.47,688,2021-06-16 16:23:00,VNTR
5.46,5.47,5.46,5.47,2300,2021-06-16 16:24:00,VNTR
5.5,5.5,5.5,5.5,100,2021-06-16 16:25:00,VNTR
5.5,5.5,5.5,5.5,200,2021-06-16 16:27:00,VNTR
5.5,5.5,5.5,5.5,200,2021-06-16 16:30:00,VNTR
5.5,5.5,5.5,5.5,100,2021-06-16 16:31:00,VNTR
5.5,5.5,5.5,5.5,100,2021-06-16 16:33:00,VNTR
5.47,5.49,5.47,5.49,900,2021-06-16 16:34:00,VNTR
5.49,5.49,5.48,5.48,600,2021-06-16 16:35:00,VNTR
5.4843,5.4843,5.4843,5.4843,200,2021-06-16 16:36:00,VNTR
5.47,5.47,5.47,5.47,100,2021-06-16 16:37:00,VNTR
5.48,5.48,5.475,5.475,394,2021-06-16 16:38:00,VNTR
5.46,5.475,5.45,5.46,1424,2021-06-16 16:39:00,VNTR
5.45,5.45,5.45,5.45,100,2021-06-16 16:40:00,VNTR
5.47,5.47,5.47,5.47,196,2021-06-16 16:44:00,VNTR
5.47,5.47,5.47,5.47,600,2021-06-16 16:46:00,VNTR
5.465,5.47,5.45,5.45,701,2021-06-16 16:48:00,VNTR
5.45,5.47,5.4301,5.47,7200,2021-06-16 16:49:00,VNTR
5.4629,5.4629,5.4629,5.4629,200,2021-06-16 16:51:00,VNTR
5.45,5.45,5.45,5.45,100,2021-06-16 16:52:00,VNTR
5.47,5.47,5.47,5.47,200,2021-06-16 16:53:00,VNTR
5.47,5.475,5.4644,5.475,4703,2021-06-16 16:54:00,VNTR
5.5,5.5,5.485,5.485,1100,2021-06-16 16:55:00,VNTR
5.5,5.5,5.5,5.5,200,2021-06-16 16:57:00,VNTR
5.49,5.5,5.49,5.5,300,2021-06-16 16:58:00,VNTR
5.5,5.5,5.5,5.5,803,2021-06-16 17:00:00,VNTR
5.52,5.52,5.52,5.52,200,2021-06-16 17:01:00,VNTR
5.52,5.52,5.52,5.52,100,2021-06-16 17:02:00,VNTR
5.52,5.52,5.52,5.52,193,2021-06-16 17:03:00,VNTR
5.5,5.51,5.49,5.505,1119,2021-06-16 17:05:00,VNTR
5.52,5.52,5.52,5.52,200,2021-06-16 17:07:00,VNTR
5.49,5.5,5.49,5.5,1100,2021-06-16 17:08:00,VNTR
5.52,5.52,5.52,5.52,600,2021-06-16 17:10:00,VNTR
5.52,5.52,5.52,5.52,100,2021-06-16 17:11:00,VNTR
5.53,5.53,5.53,5.53,300,2021-06-16 17:14:00,VNTR
5.53,5.56,5.5295,5.545,5336,2021-06-16 17:15:00,VNTR
5.56,5.56,5.56,5.56,11702,2021-06-16 17:17:00,VNTR
5.56,5.59,5.56,5.575,1259,2021-06-16 17:18:00,VNTR
5.57,5.58,5.57,5.58,200,2021-06-16 17:19:00,VNTR
5.56,5.57,5.56,5.56,3338,2021-06-16 17:20:00,VNTR
5.55,5.56,5.55,5.56,1075,2021-06-16 17:21:00,VNTR
5.56,5.56,5.56,5.56,200,2021-06-16 17:24:00,VNTR
5.545,5.56,5.545,5.56,600,2021-06-16 17:27:00,VNTR
5.545,5.56,5.545,5.545,300,2021-06-16 17:28:00,VNTR
5.5359,5.5359,5.5359,5.5359,200,2021-06-16 17:29:00,VNTR
5.56,5.56,5.56,5.56,100,2021-06-16 17:30:00,VNTR
5.56,5.56,5.56,5.56,400,2021-06-16 17:31:00,VNTR
5.56,5.56,5.53,5.53,1202,2021-06-16 17:32:00,VNTR
5.55,5.55,5.55,5.55,200,2021-06-16 17:33:00,VNTR
5.53,5.53,5.53,5.53,500,2021-06-16 17:35:00,VNTR
5.51,5.51,5.51,5.51,100,2021-06-16 17:38:00,VNTR
5.53,5.53,5.53,5.53,3710,2021-06-16 17:39:00,VNTR
5.565,5.565,5.565,5.565,200,2021-06-16 17:40:00,VNTR
5.58,5.58,5.58,5.58,200,2021-06-16 17:41:00,VNTR
5.54,5.54,5.54,5.54,949,2021-06-16 17:44:00,VNTR
5.555,5.555,5.555,5.555,100,2021-06-16 17:47:00,VNTR
5.57,5.57,5.57,5.57,500,2021-06-16 17:48:00,VNTR
5.55,5.55,5.54,5.55,900,2021-06-16 17:50:00,VNTR
5.539,5.54,5.539,5.54,1300,2021-06-16 17:52:00,VNTR
5.54,5.54,5.54,5.54,600,2021-06-16 17:53:00,VNTR
5.54,5.56,5.54,5.55,879,2021-06-16 17:54:00,VNTR
5.57,5.57,5.57,5.57,200,2021-06-16 17:58:00,VNTR
5.55,5.55,5.52,5.52,406,2021-06-16 18:00:00,VNTR
5.54,5.54,5.54,5.54,100,2021-06-16 18:01:00,VNTR
5.51,5.51,5.5,5.5,2115,2021-06-16 18:02:00,VNTR
5.56,5.56,5.55,5.555,400,2021-06-16 18:04:00,VNTR
5.52,5.52,5.52,5.52,100,2021-06-16 18:06:00,VNTR
5.5148,5.55,5.5148,5.55,550,2021-06-16 18:07:00,VNTR
5.55,5.55,5.55,5.55,593,2021-06-16 18:09:00,VNTR
5.55,5.59,5.55,5.58,3328,2021-06-16 18:10:00,VNTR
5.57,5.585,5.57,5.585,1100,2021-06-16 18:11:00,VNTR
5.59,5.59,5.5899,5.59,6500,2021-06-16 18:12:00,VNTR
5.56,5.57,5.55,5.55,300,2021-06-16 18:13:00,VNTR
5.54,5.56,5.54,5.56,570,2021-06-16 18:15:00,VNTR
5.55,5.55,5.54,5.54,1520,2021-06-16 18:16:00,VNTR
5.54,5.54,5.54,5.54,557,2021-06-16 18:17:00,VNTR
5.53,5.53,5.52,5.53,2900,2021-06-16 18:18:00,VNTR
5.53,5.53,5.52,5.52,400,2021-06-16 18:19:00,VNTR
5.53,5.53,5.53,5.53,200,2021-06-16 18:20:00,VNTR
5.525,5.525,5.525,5.525,700,2021-06-16 18:22:00,VNTR
5.54,5.55,5.54,5.55,2900,2021-06-16 18:23:00,VNTR
5.55,5.57,5.55,5.56,1000,2021-06-16 18:24:00,VNTR
5.55,5.56,5.55,5.56,400,2021-06-16 18:25:00,VNTR
5.58,5.58,5.58,5.58,200,2021-06-16 18:26:00,VNTR
5.58,5.58,5.58,5.58,100,2021-06-16 18:28:00,VNTR
5.55,5.57,5.545,5.57,1600,2021-06-16 18:30:00,VNTR
5.555,5.555,5.555,5.555,100,2021-06-16 18:31:00,VNTR
5.54,5.55,5.54,5.55,200,2021-06-16 18:32:00,VNTR
5.57,5.57,5.57,5.57,100,2021-06-16 18:33:00,VNTR
5.57,5.59,5.57,5.59,600,2021-06-16 18:34:00,VNTR
5.585,5.585,5.585,5.585,200,2021-06-16 18:35:00,VNTR
5.59,5.59,5.59,5.59,100,2021-06-16 18:37:00,VNTR
5.59,5.62,5.58,5.62,10739,2021-06-16 18:38:00,VNTR
5.6,5.613,5.6,5.613,1360,2021-06-16 18:39:00,VNTR
5.57,5.63,5.57,5.63,3500,2021-06-16 18:40:00,VNTR
5.57,5.61,5.57,5.6,1119,2021-06-16 18:41:00,VNTR
5.57,5.57,5.57,5.57,200,2021-06-16 18:42:00,VNTR
5.57,5.57,5.56,5.57,900,2021-06-16 18:43:00,VNTR
5.555,5.57,5.555,5.57,300,2021-06-16 18:44:00,VNTR
5.55,5.57,5.5419,5.57,2518,2021-06-16 18:45:00,VNTR
5.555,5.555,5.53,5.54,6968,2021-06-16 18:46:00,VNTR
5.54,5.57,5.54,5.55,1189,2021-06-16 18:47:00,VNTR
5.545,5.55,5.5305,5.5305,2849,2021-06-16 18:49:00,VNTR
5.54,5.54,5.54,5.54,404,2021-06-16 18:50:00,VNTR
5.55,5.57,5.55,5.555,600,2021-06-16 18:51:00,VNTR
5.57,5.57,5.57,5.57,100,2021-06-16 18:52:00,VNTR
5.58,5.58,5.58,5.58,100,2021-06-16 18:53:00,VNTR
5.56,5.56,5.56,5.56,200,2021-06-16 18:54:00,VNTR
5.61,5.61,5.61,5.61,200,2021-06-16 18:55:00,VNTR
5.61,5.61,5.6099,5.61,7600,2021-06-16 18:56:00,VNTR
5.57,5.6,5.57,5.6,800,2021-06-16 18:57:00,VNTR
5.59,5.595,5.58,5.58,1049,2021-06-16 18:59:00,VNTR
5.57,5.59,5.57,5.58,1177,2021-06-16 19:00:00,VNTR
5.59,5.59,5.59,5.59,100,2021-06-16 19:01:00,VNTR
5.585,5.6,5.585,5.6,200,2021-06-16 19:03:00,VNTR
5.6,5.6,5.6,5.6,100,2021-06-16 19:04:00,VNTR
5.61,5.61,5.595,5.595,200,2021-06-16 19:05:00,VNTR
5.595,5.62,5.57,5.575,1001,2021-06-16 19:06:00,VNTR
5.6,5.6,5.57,5.57,200,2021-06-16 19:07:00,VNTR
5.6,5.6,5.57,5.57,400,2021-06-16 19:08:00,VNTR
5.585,5.585,5.585,5.585,100,2021-06-16 19:09:00,VNTR
5.6,5.6,5.6,5.6,100,2021-06-16 19:10:00,VNTR
5.6,5.6,5.6,5.6,163,2021-06-16 19:12:00,VNTR
5.58,5.59,5.58,5.59,1563,2021-06-16 19:16:00,VNTR
5.59,5.59,5.59,5.59,100,2021-06-16 19:17:00,VNTR
5.6,5.6,5.6,5.6,133,2021-06-16 19:20:00,VNTR
5.6,5.6,5.59,5.59,1430,2021-06-16 19:22:00,VNTR
5.58,5.59,5.58,5.5899,400,2021-06-16 19:23:00,VNTR
5.585,5.59,5.585,5.59,300,2021-06-16 19:27:00,VNTR
5.58,5.58,5.56,5.56,627,2021-06-16 19:28:00,VNTR
5.56,5.56,5.56,5.56,100,2021-06-16 19:29:00,VNTR
5.57,5.57,5.57,5.57,100,2021-06-16 19:30:00,VNTR
5.56,5.56,5.55,5.55,2200,2021-06-16 19:31:00,VNTR
5.55,5.55,5.55,5.55,100,2021-06-16 19:32:00,VNTR
5.55,5.555,5.55,5.555,300,2021-06-16 19:33:00,VNTR
5.56,5.56,5.56,5.56,3106,2021-06-16 19:34:00,VNTR
5.575,5.5846,5.575,5.5846,600,2021-06-16 19:35:00,VNTR
5.578,5.59,5.575,5.59,18695,2021-06-16 19:36:00,VNTR
5.56,5.56,5.56,5.56,139,2021-06-16 19:37:00,VNTR
5.575,5.5847,5.575,5.575,800,2021-06-16 19:39:00,VNTR
5.575,5.575,5.575,5.575,100,2021-06-16 19:40:00,VNTR
5.575,5.59,5.575,5.59,700,2021-06-16 19:41:00,VNTR
5.59,5.59,5.57,5.59,1020,2021-06-16 19:43:00,VNTR
5.59,5.59,5.575,5.58,1000,2021-06-16 19:44:00,VNTR
5.58,5.58,5.57,5.57,1100,2021-06-16 19:45:00,VNTR
5.57,5.595,5.57,5.575,2580,2021-06-16 19:46:00,VNTR
5.58,5.58,5.58,5.58,100,2021-06-16 19:47:00,VNTR
5.59,5.59,5.59,5.59,100,2021-06-16 19:48:00,VNTR
5.59,5.59,5.59,5.59,200,2021-06-16 19:49:00,VNTR
5.59,5.59,5.59,5.59,200,2021-06-16 19:50:00,VNTR
5.58,5.5864,5.57,5.58,967,2021-06-16 19:51:00,VNTR
5.57,5.58,5.56,5.57,4900,2021-06-16 19:52:00,VNTR
5.57,5.59,5.56,5.585,4409,2021-06-16 19:53:00,VNTR
5.585,5.59,5.58,5.585,2375,2021-06-16 19:54:00,VNTR
5.58,5.59,5.565,5.57,6850,2021-06-16 19:55:00,VNTR
5.58,5.585,5.58,5.585,1047,2021-06-16 19:56:00,VNTR
5.58,5.585,5.56,5.57,8639,2021-06-16 19:57:00,VNTR
5.57,5.58,5.57,5.58,5392,2021-06-16 19:58:00,VNTR
5.58,5.58,5.56,5.56,6920,2021-06-16 19:59:00,VNTR
5.56,5.56,5.56,5.56,10975,2021-06-16 20:00:00,VNTR
5.51,5.51,5.51,5.51,5305,2021-06-17 13:30:00,VNTR
5.56,5.56,5.56,5.56,100,2021-06-17 13:33:00,VNTR
5.56,5.6,5.53,5.6,400,2021-06-17 13:35:00,VNTR
5.565,5.565,5.565,5.565,145,2021-06-17 13:36:00,VNTR
5.55,5.55,5.55,5.55,100,2021-06-17 13:37:00,VNTR
5.6,5.6,5.6,5.6,100,2021-06-17 13:38:00,VNTR
5.53,5.6,5.53,5.6,200,2021-06-17 13:39:00,VNTR
5.565,5.565,5.565,5.565,100,2021-06-17 13:40:00,VNTR
5.55,5.55,5.51,5.52,5774,2021-06-17 13:41:00,VNTR
5.505,5.505,5.505,5.505,600,2021-06-17 13:43:00,VNTR
5.4922,5.5,5.475,5.475,1700,2021-06-17 13:44:00,VNTR
5.475,5.49,5.475,5.49,471,2021-06-17 13:45:00,VNTR
5.5071,5.5071,5.48,5.48,1500,2021-06-17 13:49:00,VNTR
5.495,5.495,5.495,5.495,400,2021-06-17 13:50:00,VNTR
5.48,5.5,5.48,5.5,1200,2021-06-17 13:51:00,VNTR
5.5,5.5,5.5,5.5,200,2021-06-17 13:52:00,VNTR
5.49,5.49,5.49,5.49,950,2021-06-17 13:54:00,VNTR
5.49,5.495,5.46,5.46,1490,2021-06-17 13:55:00,VNTR
5.4676,5.4676,5.4676,5.4676,500,2021-06-17 13:56:00,VNTR
5.46,5.48,5.46,5.47,2000,2021-06-17 13:57:00,VNTR
5.46,5.46,5.46,5.46,100,2021-06-17 13:59:00,VNTR
5.47,5.475,5.47,5.475,1264,2021-06-17 14:00:00,VNTR
5.4677,5.4677,5.4677,5.4677,200,2021-06-17 14:01:00,VNTR
5.475,5.475,5.475,5.475,100,2021-06-17 14:02:00,VNTR
5.47,5.48,5.47,5.48,1400,2021-06-17 14:03:00,VNTR
5.47,5.48,5.46,5.46,1100,2021-06-17 14:04:00,VNTR
5.4627,5.47,5.45,5.45,2100,2021-06-17 14:05:00,VNTR
5.45,5.45,5.45,5.45,700,2021-06-17 14:06:00,VNTR
5.45,5.45,5.425,5.425,10951,2021-06-17 14:07:00,VNTR
5.42,5.46,5.41,5.46,2942,2021-06-17 14:08:00,VNTR
5.45,5.45,5.45,5.45,285,2021-06-17 14:09:00,VNTR
5.41,5.41,5.41,5.41,200,2021-06-17 14:10:00,VNTR
5.43,5.43,5.43,5.43,100,2021-06-17 14:11:00,VNTR
5.42,5.435,5.38,5.38,4442,2021-06-17 14:13:00,VNTR
5.38,5.38,5.38,5.38,300,2021-06-17 14:14:00,VNTR
5.38,5.4,5.38,5.4,1380,2021-06-17 14:15:00,VNTR
5.405,5.44,5.405,5.44,1000,2021-06-17 14:16:00,VNTR
5.46,5.46,5.445,5.46,600,2021-06-17 14:17:00,VNTR
5.46,5.48,5.46,5.48,600,2021-06-17 14:18:00,VNTR
5.45,5.54,5.45,5.54,6281,2021-06-17 14:19:00,VNTR
5.52,5.54,5.49,5.49,2846,2021-06-17 14:20:00,VNTR
5.49,5.49,5.45,5.45,446,2021-06-17 14:21:00,VNTR
5.465,5.495,5.465,5.48,1605,2021-06-17 14:22:00,VNTR
5.49,5.49,5.49,5.49,200,2021-06-17 14:24:00,VNTR
5.48,5.48,5.48,5.48,600,2021-06-17 14:26:00,VNTR
5.48,5.48,5.48,5.48,200,2021-06-17 14:27:00,VNTR
5.46,5.48,5.45,5.455,1300,2021-06-17 14:28:00,VNTR
5.45,5.46,5.44,5.46,1000,2021-06-17 14:29:00,VNTR
5.46,5.46,5.45,5.455,500,2021-06-17 14:30:00,VNTR
5.45,5.45,5.39,5.39,1159,2021-06-17 14:31:00,VNTR
5.39,5.39,5.37,5.37,1000,2021-06-17 14:32:00,VNTR
5.38,5.38,5.38,5.38,100,2021-06-17 14:33:00,VNTR
5.38,5.38,5.38,5.38,400,2021-06-17 14:35:00,VNTR
5.38,5.38,5.3581,5.365,1300,2021-06-17 14:36:00,VNTR
5.37,5.38,5.34,5.38,16100,2021-06-17 14:37:00,VNTR
5.38,5.38,5.37,5.37,1200,2021-06-17 14:38:00,VNTR
5.37,5.37,5.37,5.37,500,2021-06-17 14:39:00,VNTR
5.37,5.37,5.36,5.36,200,2021-06-17 14:40:00,VNTR
5.36,5.36,5.35,5.36,5505,2021-06-17 14:41:00,VNTR
5.37,5.37,5.37,5.37,100,2021-06-17 14:42:00,VNTR
5.37,5.37,5.37,5.37,100,2021-06-17 14:43:00,VNTR
5.36,5.36,5.36,5.36,100,2021-06-17 14:44:00,VNTR
5.37,5.37,5.37,5.37,300,2021-06-17 14:45:00,VNTR
5.38,5.38,5.3038,5.3038,7317,2021-06-17 14:47:00,VNTR
5.3,5.32,5.279,5.3,5540,2021-06-17 14:48:00,VNTR
5.33,5.33,5.305,5.305,730,2021-06-17 14:49:00,VNTR
5.3047,5.33,5.3,5.31,2727,2021-06-17 14:50:00,VNTR
5.3,5.3,5.3,5.3,1635,2021-06-17 14:52:00,VNTR
5.29,5.29,5.28,5.28,1110,2021-06-17 14:53:00,VNTR
5.275,5.275,5.22,5.22,5745,2021-06-17 14:54:00,VNTR
5.26,5.26,5.245,5.245,1400,2021-06-17 14:56:00,VNTR
5.245,5.245,5.23,5.23,6076,2021-06-17 14:57:00,VNTR
5.22,5.23,5.19,5.1938,3650,2021-06-17 14:58:00,VNTR
5.21,5.21,5.19,5.19,1949,2021-06-17 14:59:00,VNTR
5.19,5.19,5.19,5.19,300,2021-06-17 15:01:00,VNTR
5.18,5.18,5.18,5.18,100,2021-06-17 15:02:00,VNTR
5.18,5.19,5.17,5.175,1000,2021-06-17 15:04:00,VNTR
5.19,5.19,5.19,5.19,4000,2021-06-17 15:05:00,VNTR
5.19,5.2,5.175,5.19,1000,2021-06-17 15:06:00,VNTR
5.17,5.17,5.14,5.16,1113,2021-06-17 15:07:00,VNTR
5.155,5.17,5.11,5.17,5453,2021-06-17 15:08:00,VNTR
5.16,5.17,5.16,5.17,4200,2021-06-17 15:09:00,VNTR
5.17,5.17,5.15,5.15,860,2021-06-17 15:10:00,VNTR
5.14,5.14,5.13,5.14,900,2021-06-17 15:11:00,VNTR
5.14,5.14,5.13,5.13,200,2021-06-17 15:12:00,VNTR
5.12,5.14,5.11,5.11,20900,2021-06-17 15:13:00,VNTR
5.125,5.15,5.125,5.15,2400,2021-06-17 15:14:00,VNTR
5.13,5.13,5.13,5.13,300,2021-06-17 15:15:00,VNTR
5.13,5.13,5.13,5.13,100,2021-06-17 15:16:00,VNTR
5.15,5.16,5.14,5.14,400,2021-06-17 15:18:00,VNTR
5.19,5.19,5.15,5.16,874,2021-06-17 15:20:00,VNTR
5.1401,5.155,5.1401,5.155,2750,2021-06-17 15:21:00,VNTR
5.14,5.14,5.13,5.14,773,2021-06-17 15:22:00,VNTR
5.1128,5.13,5.1128,5.12,2400,2021-06-17 15:23:00,VNTR
5.11,5.11,5.06,5.07,17624,2021-06-17 15:24:00,VNTR
5.08,5.09,5.08,5.08,400,2021-06-17 15:25:00,VNTR
5.08,5.12,5.08,5.095,3211,2021-06-17 15:26:00,VNTR
5.09,5.09,5.09,5.09,300,2021-06-17 15:27:00,VNTR
5.08,5.08,5.08,5.08,400,2021-06-17 15:28:00,VNTR
5.07,5.07,5.07,5.07,200,2021-06-17 15:29:00,VNTR
5.075,5.075,5.06,5.07,400,2021-06-17 15:30:00,VNTR
5.08,5.1,5.07,5.1,1050,2021-06-17 15:31:00,VNTR
5.08,5.08,5.08,5.08,200,2021-06-17 15:32:00,VNTR
5.08,5.11,5.08,5.11,600,2021-06-17 15:33:00,VNTR
5.11,5.11,5.11,5.11,100,2021-06-17 15:34:00,VNTR
5.11,5.11,5.1,5.1,5491,2021-06-17 15:35:00,VNTR
5.07,5.09,5.07,5.07,1388,2021-06-17 15:36:00,VNTR
5.07,5.07,5.06,5.06,600,2021-06-17 15:37:00,VNTR
5.06,5.06,5.05,5.05,300,2021-06-17 15:38:00,VNTR
5.06,5.06,5.05,5.05,2300,2021-06-17 15:39:00,VNTR
5.04,5.06,5.02,5.04,3581,2021-06-17 15:40:00,VNTR
5.045,5.06,5.03,5.03,300,2021-06-17 15:41:00,VNTR
5.03,5.1,5.03,5.085,8624,2021-06-17 15:42:00,VNTR
5.07,5.07,5.07,5.07,200,2021-06-17 15:43:00,VNTR
5.07,5.07,5.07,5.07,100,2021-06-17 15:44:00,VNTR
5.07,5.07,5.065,5.07,3637,2021-06-17 15:46:00,VNTR
5.0757,5.08,5.0503,5.0503,3000,2021-06-17 15:47:00,VNTR
5.065,5.08,5.065,5.08,1200,2021-06-17 15:48:00,VNTR
5.07,5.07,5.07,5.07,912,2021-06-17 15:49:00,VNTR
5.06,5.07,5.05,5.05,4971,2021-06-17 15:50:00,VNTR
5.0234,5.04,5.02,5.04,3300,2021-06-17 15:51:00,VNTR
5.04,5.06,5.04,5.06,10647,2021-06-17 15:52:00,VNTR
5.02,5.02,5.02,5.02,100,2021-06-17 15:55:00,VNTR
5.06,5.06,5.06,5.06,100,2021-06-17 15:56:00,VNTR
5.02,5.05,5.02,5.05,1100,2021-06-17 15:57:00,VNTR
5.0541,5.0541,5.04,5.05,16668,2021-06-17 15:58:00,VNTR
5.03,5.06,5.02,5.06,12400,2021-06-17 15:59:00,VNTR
5.06,5.06,5.06,5.06,1250,2021-06-17 16:00:00,VNTR
5.06,5.06,5.06,5.06,500,2021-06-17 16:01:00,VNTR
5.06,5.08,5.06,5.07,800,2021-06-17 16:02:00,VNTR
5.06,5.06,5.06,5.06,100,2021-06-17 16:04:00,VNTR
5.085,5.085,5.085,5.085,500,2021-06-17 16:06:00,VNTR
5.085,5.085,5.085,5.085,800,2021-06-17 16:07:00,VNTR
5.085,5.085,5.085,5.085,400,2021-06-17 16:08:00,VNTR
5.0999,5.0999,5.07,5.07,3179,2021-06-17 16:09:00,VNTR
5.075,5.075,5.07,5.07,320,2021-06-17 16:10:00,VNTR
5.07,5.07,5.07,5.07,2600,2021-06-17 16:11:00,VNTR
5.08,5.08,5.065,5.065,200,2021-06-17 16:12:00,VNTR
5.065,5.065,5.065,5.065,800,2021-06-17 16:13:00,VNTR
5.065,5.065,5.0549,5.065,5506,2021-06-17 16:14:00,VNTR
5.065,5.065,5.065,5.065,322,2021-06-17 16:15:00,VNTR
5.065,5.065,5.05,5.065,370,2021-06-17 16:16:00,VNTR
5.05,5.05,5.035,5.035,4153,2021-06-17 16:17:00,VNTR
5.035,5.035,5.0015,5.03,5127,2021-06-17 16:18:00,VNTR
5.01,5.01,5.01,5.01,100,2021-06-17 16:19:00,VNTR
5.01,5.01,4.97,4.9927,5600,2021-06-17 16:20:00,VNTR
4.99,4.995,4.99,4.995,900,2021-06-17 16:21:00,VNTR
4.975,4.975,4.91,4.95,26443,2021-06-17 16:23:00,VNTR
4.915,4.95,4.91,4.95,5153,2021-06-17 16:24:00,VNTR
4.95,4.95,4.95,4.95,1292,2021-06-17 16:25:00,VNTR
4.95,4.95,4.95,4.95,300,2021-06-17 16:26:00,VNTR
4.94,4.95,4.94,4.95,200,2021-06-17 16:27:00,VNTR
4.91,4.91,4.91,4.91,100,2021-06-17 16:28:00,VNTR
4.944,4.944,4.944,4.944,1000,2021-06-17 16:29:00,VNTR
4.91,4.94,4.91,4.94,200,2021-06-17 16:30:00,VNTR
4.95,4.96,4.9377,4.96,2600,2021-06-17 16:32:00,VNTR
4.95,4.95,4.94,4.95,400,2021-06-17 16:34:00,VNTR
4.95,4.97,4.95,4.97,400,2021-06-17 16:35:00,VNTR
4.96,4.98,4.96,4.98,400,2021-06-17 16:36:00,VNTR
4.9651,4.9651,4.96,4.96,500,2021-06-17 16:37:00,VNTR
4.96,4.96,4.95,4.95,1081,2021-06-17 16:38:00,VNTR
4.94,4.945,4.94,4.94,550,2021-06-17 16:39:00,VNTR
4.94,4.94,4.94,4.94,200,2021-06-17 16:40:00,VNTR
4.92,4.921,4.91,4.91,1942,2021-06-17 16:41:00,VNTR
4.9101,4.93,4.91,4.91,2783,2021-06-17 16:42:00,VNTR
4.92,4.93,4.9197,4.9269,1600,2021-06-17 16:43:00,VNTR
4.92,4.93,4.91,4.91,2600,2021-06-17 16:44:00,VNTR
4.91,4.94,4.91,4.93,1000,2021-06-17 16:46:00,VNTR
4.93,4.94,4.93,4.94,1482,2021-06-17 16:47:00,VNTR
4.94,4.95,4.94,4.95,709,2021-06-17 16:48:00,VNTR
4.98,4.98,4.98,4.98,100,2021-06-17 16:49:00,VNTR
4.97,4.97,4.95,4.97,670,2021-06-17 16:50:00,VNTR
4.95,4.95,4.95,4.95,100,2021-06-17 16:51:00,VNTR
4.965,4.98,4.95,4.98,2313,2021-06-17 16:52:00,VNTR
4.98,4.98,4.98,4.98,100,2021-06-17 16:53:00,VNTR
4.98,4.98,4.98,4.98,100,2021-06-17 16:54:00,VNTR
4.98,4.98,4.94,4.94,1722,2021-06-17 16:55:00,VNTR
4.9376,4.9376,4.91,4.925,1040,2021-06-17 16:56:00,VNTR
4.91,4.9113,4.91,4.91,1100,2021-06-17 16:57:00,VNTR
4.91,4.91,4.9,4.9,200,2021-06-17 16:58:00,VNTR
4.9,4.9,4.9,4.9,300,2021-06-17 16:59:00,VNTR
4.9,4.93,4.9,4.9,600,2021-06-17 17:00:00,VNTR
4.9,4.91,4.89,4.89,5899,2021-06-17 17:01:00,VNTR
4.89,4.91,4.89,4.893,9761,2021-06-17 17:02:00,VNTR
4.895,4.895,4.895,4.895,100,2021-06-17 17:03:00,VNTR
4.895,4.895,4.88,4.88,2387,2021-06-17 17:04:00,VNTR
4.885,4.9,4.885,4.895,2100,2021-06-17 17:05:00,VNTR
4.895,4.91,4.895,4.91,1200,2021-06-17 17:06:00,VNTR
4.91,4.91,4.91,4.91,300,2021-06-17 17:07:00,VNTR
4.91,4.96,4.91,4.96,1600,2021-06-17 17:08:00,VNTR
4.97,4.975,4.96,4.965,7600,2021-06-17 17:09:00,VNTR
4.965,4.965,4.965,4.965,100,2021-06-17 17:10:00,VNTR
4.97,4.98,4.95,4.98,400,2021-06-17 17:11:00,VNTR
4.965,4.965,4.965,4.965,100,2021-06-17 17:12:00,VNTR
4.98,4.98,4.98,4.98,100,2021-06-17 17:13:00,VNTR
4.965,4.98,4.965,4.98,300,2021-06-17 17:14:00,VNTR
4.98,4.99,4.975,4.99,1100,2021-06-17 17:15:00,VNTR
4.99,4.99,4.985,4.985,700,2021-06-17 17:16:00,VNTR
4.99,4.99,4.985,4.9884,5438,2021-06-17 17:17:00,VNTR
4.99,5.02,4.985,5.02,1401,2021-06-17 17:18:00,VNTR
5.02,5.02,5.0126,5.02,400,2021-06-17 17:19:00,VNTR
5.02,5.03,5.02,5.03,400,2021-06-17 17:20:00,VNTR
5.01,5.02,5.01,5.01,400,2021-06-17 17:21:00,VNTR
5.03,5.03,4.9901,5.03,575,2021-06-17 17:22:00,VNTR
5.03,5.03,5.01,5.01,900,2021-06-17 17:23:00,VNTR
5.03,5.03,5.01,5.01,400,2021-06-17 17:24:00,VNTR
5.03,5.03,5.03,5.03,100,2021-06-17 17:25:00,VNTR
5.03,5.03,5.03,5.03,100,2021-06-17 17:26:00,VNTR
5.03,5.04,5.03,5.04,350,2021-06-17 17:27:00,VNTR
5.03,5.04,5.03,5.04,200,2021-06-17 17:28:00,VNTR
5.04,5.04,5.02,5.02,900,2021-06-17 17:29:00,VNTR
5.04,5.05,5.04,5.05,6184,2021-06-17 17:30:00,VNTR
5.05,5.05,5.035,5.035,400,2021-06-17 17:31:00,VNTR
5.05,5.05,5.04,5.04,300,2021-06-17 17:32:00,VNTR
5.05,5.05,5.04,5.04,800,2021-06-17 17:33:00,VNTR
5.05,5.05,5.04,5.05,300,2021-06-17 17:34:00,VNTR
5.04,5.05,5.04,5.04,1250,2021-06-17 17:35:00,VNTR
5.05,5.06,5.04,5.06,3438,2021-06-17 17:36:00,VNTR
5.06,5.08,5.06,5.08,900,2021-06-17 17:37:00,VNTR
5.08,5.08,5.08,5.08,100,2021-06-17 17:38:00,VNTR
5.08,5.08,5.065,5.08,300,2021-06-17 17:39:00,VNTR
5.08,5.08,5.0543,5.08,1600,2021-06-17 17:40:00,VNTR
5.05,5.07,5.05,5.07,12569,2021-06-17 17:41:00,VNTR
5.07,5.075,5.0698,5.075,1500,2021-06-17 17:44:00,VNTR
5.07,5.07,5.07,5.07,600,2021-06-17 17:46:00,VNTR
5.08,5.1,5.08,5.1,1538,2021-06-17 17:47:00,VNTR
5.1,5.11,5.1,5.1,4601,2021-06-17 17:48:00,VNTR
5.11,5.11,5.085,5.085,1700,2021-06-17 17:49:00,VNTR
5.085,5.085,5.07,5.07,1100,2021-06-17 17:53:00,VNTR
5.09,5.09,5.09,5.09,200,2021-06-17 17:55:00,VNTR
5.07,5.07,5.07,5.07,702,2021-06-17 17:56:00,VNTR
5.06,5.06,5.06,5.06,100,2021-06-17 17:57:00,VNTR
5.065,5.08,5.065,5.08,1400,2021-06-17 17:58:00,VNTR
5.07,5.09,5.07,5.09,2014,2021-06-17 17:59:00,VNTR
5.09,5.09,5.09,5.09,200,2021-06-17 18:00:00,VNTR
5.11,5.11,5.07,5.09,1059,2021-06-17 18:01:00,VNTR
5.07,5.11,5.07,5.09,700,2021-06-17 18:02:00,VNTR
5.09,5.09,5.03,5.05,2285,2021-06-17 18:03:00,VNTR
5.05,5.05,5.03,5.03,4500,2021-06-17 18:04:00,VNTR
5.05,5.05,5.03,5.03,900,2021-06-17 18:05:00,VNTR
5.05,5.05,5.05,5.05,600,2021-06-17 18:06:00,VNTR
5.07,5.07,5.03,5.03,3366,2021-06-17 18:07:00,VNTR
5.035,5.035,5.03,5.03,1500,2021-06-17 18:08:00,VNTR
5.02,5.02,5.02,5.02,100,2021-06-17 18:09:00,VNTR
5.04,5.04,5.025,5.04,1200,2021-06-17 18:10:00,VNTR
5.04,5.04,5.025,5.025,200,2021-06-17 18:11:00,VNTR
5.04,5.04,5.02,5.02,1100,2021-06-17 18:12:00,VNTR
5.05,5.05,5.035,5.035,1900,2021-06-17 18:13:00,VNTR
5.035,5.04,5.0301,5.035,3746,2021-06-17 18:14:00,VNTR
5.035,5.035,5.035,5.035,495,2021-06-17 18:15:00,VNTR
5.035,5.035,5.035,5.035,405,2021-06-17 18:16:00,VNTR
5.03,5.03,5.005,5.005,1880,2021-06-17 18:17:00,VNTR
5.005,5.02,5.0,5.015,2961,2021-06-17 18:18:00,VNTR
5.015,5.015,5.015,5.015,200,2021-06-17 18:19:00,VNTR
5.01,5.01,5.01,5.01,100,2021-06-17 18:20:00,VNTR
5.0,5.0,5.0,5.0,300,2021-06-17 18:21:00,VNTR
5.0,5.0,5.0,5.0,1423,2021-06-17 18:22:00,VNTR
5.0,5.0,4.985,4.9878,706,2021-06-17 18:23:00,VNTR
4.98,4.985,4.98,4.98,822,2021-06-17 18:24:00,VNTR
4.98,4.985,4.98,4.985,3300,2021-06-17 18:25:00,VNTR
4.98,4.9801,4.98,4.98,3809,2021-06-17 18:26:00,VNTR
4.98,4.98,4.98,4.98,2600,2021-06-17 18:27:00,VNTR
4.98,4.98,4.98,4.98,3602,2021-06-17 18:28:00,VNTR
4.96,4.96,4.96,4.96,300,2021-06-17 18:30:00,VNTR
4.96,4.9601,4.96,4.9601,300,2021-06-17 18:31:00,VNTR
4.96,4.96,4.96,4.96,300,2021-06-17 18:32:00,VNTR
4.96,4.96,4.96,4.96,800,2021-06-17 18:33:00,VNTR
4.965,4.965,4.96,4.96,500,2021-06-17 18:34:00,VNTR
4.962,4.962,4.96,4.9605,1700,2021-06-17 18:35:00,VNTR
4.96,4.965,4.96,4.965,500,2021-06-17 18:36:00,VNTR
4.965,4.965,4.935,4.94,2324,2021-06-17 18:37:00,VNTR
4.935,4.935,4.935,4.935,400,2021-06-17 18:38:00,VNTR
4.93,4.935,4.93,4.93,400,2021-06-17 18:39:00,VNTR
4.935,4.935,4.93,4.935,446,2021-06-17 18:40:00,VNTR
4.935,4.94,4.93,4.94,500,2021-06-17 18:41:00,VNTR
4.935,4.935,4.93,4.935,500,2021-06-17 18:42:00,VNTR
4.93,4.94,4.93,4.93,400,2021-06-17 18:43:00,VNTR
4.935,4.935,4.93,4.93,1100,2021-06-17 18:44:00,VNTR
4.935,4.935,4.92,4.92,1300,2021-06-17 18:45:00,VNTR
4.925,4.925,4.92,4.92,400,2021-06-17 18:46:00,VNTR
4.925,4.925,4.92,4.92,300,2021-06-17 18:47:00,VNTR
4.92,4.92,4.92,4.92,300,2021-06-17 18:48:00,VNTR
4.925,4.925,4.92,4.925,400,2021-06-17 18:49:00,VNTR
4.925,4.925,4.905,4.905,1200,2021-06-17 18:50:00,VNTR
4.905,4.905,4.905,4.905,400,2021-06-17 18:51:00,VNTR
4.9,4.905,4.9,4.9,500,2021-06-17 18:52:00,VNTR
4.885,4.89,4.88,4.88,998,2021-06-17 18:53:00,VNTR
4.88,4.88,4.88,4.88,100,2021-06-17 18:54:00,VNTR
4.88,4.88,4.88,4.88,100,2021-06-17 18:55:00,VNTR
4.88,4.9,4.88,4.9,720,2021-06-17 18:56:00,VNTR
4.89,4.89,4.88,4.88,815,2021-06-17 18:57:00,VNTR
4.88,4.89,4.88,4.89,500,2021-06-17 18:58:00,VNTR
4.885,4.89,4.88,4.89,480,2021-06-17 18:59:00,VNTR
4.89,4.89,4.885,4.89,300,2021-06-17 19:00:00,VNTR
4.8853,4.8853,4.885,4.885,4300,2021-06-17 19:01:00,VNTR
4.885,4.9,4.885,4.9,1200,2021-06-17 19:02:00,VNTR
4.9,4.905,4.9,4.905,720,2021-06-17 19:03:00,VNTR
4.91,4.93,4.91,4.93,696,2021-06-17 19:04:00,VNTR
4.92,4.92,4.92,4.92,100,2021-06-17 19:05:00,VNTR
4.9116,4.92,4.9101,4.92,1439,2021-06-17 19:06:00,VNTR
4.92,4.92,4.92,4.92,171,2021-06-17 19:07:00,VNTR
4.92,4.92,4.92,4.92,200,2021-06-17 19:09:00,VNTR
4.92,4.92,4.92,4.92,300,2021-06-17 19:10:00,VNTR
4.92,4.93,4.92,4.92,400,2021-06-17 19:11:00,VNTR
4.92,4.92,4.91,4.9101,1500,2021-06-17 19:12:00,VNTR
4.92,4.92,4.895,4.895,1411,2021-06-17 19:13:00,VNTR
4.895,4.895,4.88,4.88,550,2021-06-17 19:14:00,VNTR
4.895,4.915,4.88,4.91,4578,2021-06-17 19:15:00,VNTR
4.91,4.92,4.91,4.91,300,2021-06-17 19:16:00,VNTR
4.91,4.91,4.91,4.91,200,2021-06-17 19:17:00,VNTR
4.915,4.915,4.895,4.895,400,2021-06-17 19:18:00,VNTR
4.895,4.91,4.88,4.88,900,2021-06-17 19:19:00,VNTR
4.8801,4.895,4.8801,4.895,1900,2021-06-17 19:20:00,VNTR
4.88,4.89,4.88,4.89,700,2021-06-17 19:21:00,VNTR
4.89,4.91,4.89,4.91,7730,2021-06-17 19:22:00,VNTR
4.92,4.94,4.915,4.94,4300,2021-06-17 19:23:00,VNTR
4.91,4.91,4.91,4.91,100,2021-06-17 19:24:00,VNTR
4.91,4.93,4.91,4.93,907,2021-06-17 19:25:00,VNTR
4.9001,4.9001,4.9001,4.9001,200,2021-06-17 19:26:00,VNTR
4.9484,4.9484,4.93,4.93,905,2021-06-17 19:28:00,VNTR
4.915,4.92,4.9,4.9,900,2021-06-17 19:29:00,VNTR
4.8901,4.9,4.88,4.88,600,2021-06-17 19:30:00,VNTR
4.88,4.88,4.88,4.88,682,2021-06-17 19:31:00,VNTR
4.89,4.89,4.88,4.89,500,2021-06-17 19:32:00,VNTR
4.89,4.9,4.89,4.9,2087,2021-06-17 19:33:00,VNTR
4.93,4.93,4.9058,4.915,630,2021-06-17 19:34:00,VNTR
4.93,4.93,4.9,4.9,600,2021-06-17 19:35:00,VNTR
4.93,4.93,4.9001,4.93,900,2021-06-17 19:36:00,VNTR
4.93,4.93,4.915,4.925,1100,2021-06-17 19:37:00,VNTR
4.93,4.93,4.93,4.93,2093,2021-06-17 19:38:00,VNTR
4.93,4.93,4.93,4.93,200,2021-06-17 19:39:00,VNTR
4.9201,4.93,4.92,4.925,4602,2021-06-17 19:40:00,VNTR
4.93,4.96,4.93,4.94,2845,2021-06-17 19:41:00,VNTR
4.95,4.95,4.94,4.94,1529,2021-06-17 19:42:00,VNTR
4.94,4.94,4.93,4.93,3738,2021-06-17 19:43:00,VNTR
4.93,4.95,4.93,4.95,1233,2021-06-17 19:44:00,VNTR
4.9301,4.9301,4.92,4.92,2932,2021-06-17 19:45:00,VNTR
4.9227,4.93,4.92,4.9238,1100,2021-06-17 19:46:00,VNTR
4.92,4.92,4.915,4.915,1400,2021-06-17 19:47:00,VNTR
4.915,4.92,4.91,4.91,1222,2021-06-17 19:48:00,VNTR
4.915,4.92,4.9116,4.9116,1569,2021-06-17 19:49:00,VNTR
4.91,4.92,4.91,4.92,5419,2021-06-17 19:50:00,VNTR
4.91,4.92,4.91,4.92,1494,2021-06-17 19:51:00,VNTR
4.92,4.92,4.905,4.905,3970,2021-06-17 19:52:00,VNTR
4.905,4.91,4.9,4.91,600,2021-06-17 19:53:00,VNTR
4.91,4.91,4.9,4.9001,3213,2021-06-17 19:54:00,VNTR
4.9001,4.91,4.895,4.895,6536,2021-06-17 19:55:00,VNTR
4.895,4.8995,4.895,4.895,5200,2021-06-17 19:56:00,VNTR
4.9,4.9,4.89,4.9,8042,2021-06-17 19:57:00,VNTR
4.9,4.9,4.89,4.8999,8333,2021-06-17 19:58:00,VNTR
4.8946,4.96,4.89,4.93,41143,2021-06-17 19:59:00,VNTR
4.91,4.91,4.91,4.91,4120,2021-06-17 20:00:00,VNTR
5.03,5.03,5.03,5.03,424,2021-06-18 12:52:00,VNTR
5.03,5.04,4.95,4.95,4314,2021-06-18 13:30:00,VNTR
4.94,4.94,4.89,4.89,2128,2021-06-18 13:31:00,VNTR
4.89,4.89,4.89,4.89,100,2021-06-18 13:32:00,VNTR
4.9468,4.9899,4.9468,4.9899,282,2021-06-18 13:33:00,VNTR
4.88,4.89,4.8,4.8,2149,2021-06-18 13:34:00,VNTR
4.83,4.83,4.81,4.8101,1099,2021-06-18 13:35:00,VNTR
4.87,4.87,4.81,4.81,200,2021-06-18 13:38:00,VNTR
4.87,4.87,4.87,4.87,197,2021-06-18 13:42:00,VNTR
4.84,4.85,4.82,4.825,1000,2021-06-18 13:43:00,VNTR
4.82,4.82,4.79,4.79,2200,2021-06-18 13:45:00,VNTR
4.81,4.81,4.78,4.78,3197,2021-06-18 13:46:00,VNTR
4.795,4.795,4.7601,4.79,5934,2021-06-18 13:47:00,VNTR
4.79,4.79,4.77,4.77,1971,2021-06-18 13:48:00,VNTR
4.8,4.8211,4.8,4.8211,300,2021-06-18 13:49:00,VNTR
4.84,4.84,4.84,4.84,200,2021-06-18 13:50:00,VNTR
4.86,4.86,4.82,4.82,2670,2021-06-18 13:51:00,VNTR
4.84,4.84,4.82,4.84,639,2021-06-18 13:52:00,VNTR
4.84,4.84,4.84,4.84,1361,2021-06-18 13:53:00,VNTR
4.84,4.84,4.78,4.78,1200,2021-06-18 13:54:00,VNTR
4.8,4.805,4.8,4.805,300,2021-06-18 13:55:00,VNTR
4.82,4.82,4.82,4.82,1100,2021-06-18 13:56:00,VNTR
4.8,4.8,4.77,4.795,1706,2021-06-18 13:57:00,VNTR
4.79,4.815,4.79,4.79,5433,2021-06-18 13:59:00,VNTR
4.8,4.87,4.79,4.84,3400,2021-06-18 14:00:00,VNTR
4.84,4.84,4.82,4.82,817,2021-06-18 14:01:00,VNTR
4.83,4.85,4.82,4.825,1282,2021-06-18 14:02:00,VNTR
4.825,4.86,4.825,4.86,200,2021-06-18 14:03:00,VNTR
4.825,4.8589,4.8,4.8589,404,2021-06-18 14:04:00,VNTR
4.79,4.85,4.79,4.825,400,2021-06-18 14:05:00,VNTR
4.7901,4.7901,4.7901,4.7901,200,2021-06-18 14:06:00,VNTR
4.815,4.815,4.815,4.815,100,2021-06-18 14:08:00,VNTR
4.8,4.8,4.8,4.8,100,2021-06-18 14:09:00,VNTR
4.805,4.805,4.805,4.805,100,2021-06-18 14:10:00,VNTR
4.795,4.795,4.795,4.795,300,2021-06-18 14:11:00,VNTR
4.8,4.8,4.8,4.8,229,2021-06-18 14:12:00,VNTR
4.8109,4.8109,4.79,4.79,3454,2021-06-18 14:13:00,VNTR
4.79,4.805,4.79,4.8,700,2021-06-18 14:14:00,VNTR
4.79,4.805,4.79,4.805,500,2021-06-18 14:15:00,VNTR
4.79,4.79,4.785,4.785,839,2021-06-18 14:16:00,VNTR
4.785,4.79,4.785,4.79,600,2021-06-18 14:17:00,VNTR
4.79,4.79,4.79,4.79,200,2021-06-18 14:18:00,VNTR
4.79,4.79,4.78,4.78,550,2021-06-18 14:19:00,VNTR
4.785,4.785,4.765,4.7731,7293,2021-06-18 14:20:00,VNTR
4.77,4.77,4.765,4.77,905,2021-06-18 14:21:00,VNTR
4.77,4.785,4.77,4.785,300,2021-06-18 14:22:00,VNTR
4.77,4.785,4.77,4.785,500,2021-06-18 14:23:00,VNTR
4.77,4.79,4.7638,4.79,14810,2021-06-18 14:24:00,VNTR
4.795,4.795,4.795,4.795,200,2021-06-18 14:25:00,VNTR
4.795,4.795,4.795,4.795,100,2021-06-18 14:26:00,VNTR
4.8,4.8,4.8,4.8,600,2021-06-18 14:27:00,VNTR
4.8,4.8,4.8,4.8,900,2021-06-18 14:28:00,VNTR
4.795,4.795,4.79,4.79,500,2021-06-18 14:29:00,VNTR
4.79,4.79,4.79,4.79,100,2021-06-18 14:30:00,VNTR
4.7999,4.7999,4.78,4.79,804,2021-06-18 14:31:00,VNTR
4.79,4.79,4.79,4.79,100,2021-06-18 14:32:00,VNTR
4.79,4.81,4.79,4.81,1100,2021-06-18 14:33:00,VNTR
4.81,4.81,4.79,4.79,2200,2021-06-18 14:34:00,VNTR
4.79,4.79,4.79,4.79,700,2021-06-18 14:35:00,VNTR
4.79,4.795,4.79,4.795,320,2021-06-18 14:36:00,VNTR
4.795,4.795,4.795,4.795,200,2021-06-18 14:37:00,VNTR
4.795,4.795,4.795,4.795,100,2021-06-18 14:38:00,VNTR
4.795,4.795,4.795,4.795,200,2021-06-18 14:39:00,VNTR
4.79,4.79,4.78,4.78,400,2021-06-18 14:40:00,VNTR
4.78,4.78,4.77,4.77,2100,2021-06-18 14:41:00,VNTR
4.77,4.77,4.77,4.77,597,2021-06-18 14:42:00,VNTR
4.77,4.77,4.77,4.77,100,2021-06-18 14:43:00,VNTR
4.76,4.77,4.76,4.77,301,2021-06-18 14:44:00,VNTR
4.77,4.77,4.77,4.77,1000,2021-06-18 14:45:00,VNTR
4.77,4.77,4.76,4.76,300,2021-06-18 14:46:00,VNTR
4.77,4.77,4.77,4.77,300,2021-06-18 14:47:00,VNTR
4.78,4.79,4.77,4.79,1282,2021-06-18 14:48:00,VNTR
4.7701,4.81,4.7701,4.81,2200,2021-06-18 14:49:00,VNTR
4.795,4.805,4.795,4.805,900,2021-06-18 14:50:00,VNTR
4.805,4.805,4.79,4.79,700,2021-06-18 14:51:00,VNTR
4.795,4.795,4.795,4.795,200,2021-06-18 14:53:00,VNTR
4.795,4.795,4.795,4.795,100,2021-06-18 14:55:00,VNTR
4.8,4.81,4.8,4.81,300,2021-06-18 14:56:00,VNTR
4.8,4.8,4.8,4.8,200,2021-06-18 14:57:00,VNTR
4.8,4.82,4.8,4.82,700,2021-06-18 14:58:00,VNTR
4.8,4.8,4.78,4.8,600,2021-06-18 14:59:00,VNTR
4.8,4.8,4.8,4.8,200,2021-06-18 15:01:00,VNTR
4.8,4.8,4.8,4.8,100,2021-06-18 15:02:00,VNTR
4.8,4.8,4.8,4.8,300,2021-06-18 15:03:00,VNTR
4.8,4.8,4.8,4.8,200,2021-06-18 15:04:00,VNTR
4.8154,4.8154,4.795,4.795,554,2021-06-18 15:05:00,VNTR
4.78,4.78,4.78,4.78,100,2021-06-18 15:06:00,VNTR
4.78,4.79,4.78,4.79,200,2021-06-18 15:07:00,VNTR
4.79,4.7976,4.79,4.7976,400,2021-06-18 15:10:00,VNTR
4.7801,4.79,4.78,4.78,10400,2021-06-18 15:11:00,VNTR
4.7801,4.7801,4.7801,4.7801,2690,2021-06-18 15:12:00,VNTR
4.79,4.79,4.78,4.78,300,2021-06-18 15:13:00,VNTR
4.79,4.79,4.79,4.79,582,2021-06-18 15:14:00,VNTR
4.78,4.79,4.77,4.77,4231,2021-06-18 15:15:00,VNTR
4.78,4.78,4.77,4.77,300,2021-06-18 15:16:00,VNTR
4.775,4.775,4.77,4.77,851,2021-06-18 15:17:00,VNTR
4.77,4.77,4.77,4.77,1400,2021-06-18 15:18:00,VNTR
4.77,4.77,4.77,4.77,100,2021-06-18 15:19:00,VNTR
4.77,4.77,4.76,4.76,300,2021-06-18 15:20:00,VNTR
4.77,4.77,4.77,4.77,426,2021-06-18 15:21:00,VNTR
4.77,4.77,4.77,4.77,100,2021-06-18 15:22:00,VNTR
4.77,4.77,4.77,4.77,100,2021-06-18 15:23:00,VNTR
4.77,4.77,4.77,4.77,300,2021-06-18 15:24:00,VNTR
4.77,4.77,4.77,4.77,418,2021-06-18 15:25:00,VNTR
4.77,4.77,4.77,4.77,100,2021-06-18 15:26:00,VNTR
4.77,4.77,4.77,4.77,100,2021-06-18 15:27:00,VNTR
4.76,4.76,4.745,4.745,6905,2021-06-18 15:28:00,VNTR
4.74,4.74,4.73,4.735,2100,2021-06-18 15:29:00,VNTR
4.735,4.735,4.735,4.735,100,2021-06-18 15:30:00,VNTR
4.735,4.75,4.735,4.75,400,2021-06-18 15:31:00,VNTR
4.735,4.75,4.73,4.73,2800,2021-06-18 15:32:00,VNTR
4.72,4.73,4.72,4.73,200,2021-06-18 15:33:00,VNTR
4.745,4.745,4.745,4.745,100,2021-06-18 15:34:00,VNTR
4.745,4.745,4.745,4.745,200,2021-06-18 15:35:00,VNTR
4.75,4.75,4.75,4.75,100,2021-06-18 15:36:00,VNTR
4.76,4.76,4.75,4.76,645,2021-06-18 15:37:00,VNTR
4.755,4.755,4.75,4.75,500,2021-06-18 15:38:00,VNTR
4.745,4.745,4.745,4.745,100,2021-06-18 15:39:00,VNTR
4.745,4.745,4.745,4.745,300,2021-06-18 15:40:00,VNTR
4.745,4.745,4.745,4.745,200,2021-06-18 15:41:00,VNTR
4.745,4.745,4.745,4.745,3191,2021-06-18 15:42:00,VNTR
4.745,4.745,4.745,4.745,100,2021-06-18 15:43:00,VNTR
4.745,4.745,4.745,4.745,100,2021-06-18 15:44:00,VNTR
4.7401,4.75,4.7401,4.75,587,2021-06-18 15:45:00,VNTR
4.745,4.75,4.745,4.745,500,2021-06-18 15:46:00,VNTR
4.745,4.745,4.745,4.745,100,2021-06-18 15:47:00,VNTR
4.745,4.745,4.745,4.745,200,2021-06-18 15:48:00,VNTR
4.745,4.745,4.745,4.745,200,2021-06-18 15:49:00,VNTR
4.745,4.745,4.745,4.745,200,2021-06-18 15:50:00,VNTR
4.745,4.745,4.745,4.745,100,2021-06-18 15:51:00,VNTR
4.745,4.745,4.745,4.745,100,2021-06-18 15:52:00,VNTR
4.74,4.75,4.74,4.745,489,2021-06-18 15:53:00,VNTR
4.742,4.745,4.742,4.745,300,2021-06-18 15:54:00,VNTR
4.745,4.745,4.745,4.745,200,2021-06-18 15:55:00,VNTR
4.745,4.75,4.745,4.75,600,2021-06-18 15:56:00,VNTR
4.745,4.745,4.745,4.745,200,2021-06-18 15:57:00,VNTR
4.745,4.745,4.74,4.74,1282,2021-06-18 15:59:00,VNTR
4.745,4.75,4.745,4.745,600,2021-06-18 16:00:00,VNTR
4.74,4.745,4.74,4.74,592,2021-06-18 16:01:00,VNTR
4.74,4.74,4.73,4.73,485,2021-06-18 16:02:00,VNTR
4.73,4.73,4.73,4.73,200,2021-06-18 16:03:00,VNTR
4.73,4.73,4.73,4.73,100,2021-06-18 16:04:00,VNTR
4.73,4.73,4.73,4.73,100,2021-06-18 16:05:00,VNTR
4.73,4.73,4.73,4.73,100,2021-06-18 16:08:00,VNTR
4.74,4.74,4.73,4.73,9016,2021-06-18 16:09:00,VNTR
4.73,4.73,4.73,4.73,200,2021-06-18 16:10:00,VNTR
4.73,4.73,4.715,4.715,500,2021-06-18 16:12:00,VNTR
4.72,4.72,4.71,4.72,999,2021-06-18 16:14:00,VNTR
4.71,4.72,4.71,4.72,200,2021-06-18 16:15:00,VNTR
4.72,4.72,4.72,4.72,100,2021-06-18 16:16:00,VNTR
4.72,4.72,4.71,4.71,283,2021-06-18 16:17:00,VNTR
4.72,4.72,4.72,4.72,100,2021-06-18 16:18:00,VNTR
4.73,4.73,4.72,4.72,770,2021-06-18 16:19:00,VNTR
4.72,4.72,4.72,4.72,100,2021-06-18 16:20:00,VNTR
4.72,4.72,4.72,4.72,100,2021-06-18 16:21:00,VNTR
4.71,4.71,4.68,4.685,5365,2021-06-18 16:22:00,VNTR
4.685,4.685,4.67,4.67,200,2021-06-18 16:23:00,VNTR
4.6837,4.6837,4.6837,4.6837,200,2021-06-18 16:24:00,VNTR
4.69,4.69,4.69,4.69,200,2021-06-18 16:25:00,VNTR
4.69,4.69,4.69,4.69,100,2021-06-18 16:26:00,VNTR
4.69,4.69,4.68,4.685,2140,2021-06-18 16:28:00,VNTR
4.685,4.685,4.68,4.68,663,2021-06-18 16:29:00,VNTR
4.68,4.685,4.67,4.67,2287,2021-06-18 16:30:00,VNTR
4.67,4.68,4.67,4.68,487,2021-06-18 16:31:00,VNTR
4.67,4.67,4.67,4.67,505,2021-06-18 16:32:00,VNTR
4.6601,4.67,4.66,4.67,1659,2021-06-18 16:33:00,VNTR
4.675,4.675,4.66,4.67,14139,2021-06-18 16:34:00,VNTR
4.67,4.67,4.67,4.67,100,2021-06-18 16:35:00,VNTR
4.66,4.67,4.66,4.67,400,2021-06-18 16:36:00,VNTR
4.67,4.67,4.67,4.67,100,2021-06-18 16:37:00,VNTR
4.67,4.67,4.67,4.67,100,2021-06-18 16:38:00,VNTR
4.661,4.67,4.661,4.67,1100,2021-06-18 16:42:00,VNTR
4.66,4.67,4.66,4.67,400,2021-06-18 16:43:00,VNTR
4.66,4.66,4.66,4.66,525,2021-06-18 16:44:00,VNTR
4.66,4.66,4.645,4.645,1892,2021-06-18 16:45:00,VNTR
4.64,4.645,4.64,4.645,746,2021-06-18 16:46:00,VNTR
4.645,4.645,4.645,4.645,100,2021-06-18 16:48:00,VNTR
4.645,4.645,4.64,4.64,1000,2021-06-18 16:49:00,VNTR
4.64,4.645,4.635,4.635,587,2021-06-18 16:50:00,VNTR
4.635,4.635,4.62,4.625,894,2021-06-18 16:51:00,VNTR
4.6205,4.625,4.62,4.62,1200,2021-06-18 16:53:00,VNTR
4.625,4.625,4.62,4.62,800,2021-06-18 16:54:00,VNTR
4.62,4.625,4.62,4.62,553,2021-06-18 16:55:00,VNTR
4.625,4.625,4.62,4.62,200,2021-06-18 16:56:00,VNTR
4.625,4.625,4.61,4.61,950,2021-06-18 16:57:00,VNTR
4.615,4.615,4.615,4.615,100,2021-06-18 16:58:00,VNTR
4.615,4.615,4.615,4.615,200,2021-06-18 16:59:00,VNTR
4.61,4.615,4.61,4.615,1584,2021-06-18 17:00:00,VNTR
4.615,4.615,4.61,4.61,500,2021-06-18 17:01:00,VNTR
4.6119,4.63,4.6119,4.615,4240,2021-06-18 17:02:00,VNTR
4.615,4.615,4.615,4.615,100,2021-06-18 17:03:00,VNTR
4.615,4.615,4.615,4.615,100,2021-06-18 17:04:00,VNTR
4.615,4.615,4.615,4.615,200,2021-06-18 17:05:00,VNTR
4.615,4.62,4.615,4.615,550,2021-06-18 17:06:00,VNTR
4.615,4.615,4.58,4.59,5993,2021-06-18 17:07:00,VNTR
4.595,4.6,4.595,4.6,500,2021-06-18 17:08:00,VNTR
4.605,4.605,4.605,4.605,300,2021-06-18 17:09:00,VNTR
4.605,4.605,4.6,4.6,200,2021-06-18 17:10:00,VNTR
4.605,4.605,4.605,4.605,200,2021-06-18 17:11:00,VNTR
4.6001,4.6001,4.6001,4.6001,200,2021-06-18 17:12:00,VNTR
4.605,4.605,4.605,4.605,200,2021-06-18 17:13:00,VNTR
4.605,4.605,4.6,4.605,300,2021-06-18 17:15:00,VNTR
4.61,4.615,4.61,4.615,300,2021-06-18 17:16:00,VNTR
4.61,4.61,4.61,4.61,100,2021-06-18 17:17:00,VNTR
4.61,4.61,4.61,4.61,400,2021-06-18 17:18:00,VNTR
4.61,4.61,4.61,4.61,1700,2021-06-18 17:22:00,VNTR
4.62,4.62,4.6,4.62,8810,2021-06-18 17:23:00,VNTR
4.61,4.62,4.6,4.62,426,2021-06-18 17:24:00,VNTR
4.62,4.62,4.6101,4.6101,200,2021-06-18 17:27:00,VNTR
4.615,4.615,4.615,4.615,100,2021-06-18 17:29:00,VNTR
4.615,4.615,4.615,4.615,100,2021-06-18 17:34:00,VNTR
4.615,4.63,4.615,4.63,700,2021-06-18 17:36:00,VNTR
4.63,4.66,4.63,4.65,4050,2021-06-18 17:40:00,VNTR
4.65,4.65,4.65,4.65,100,2021-06-18 17:41:00,VNTR
4.65,4.66,4.65,4.66,2198,2021-06-18 17:42:00,VNTR
4.665,4.665,4.66,4.66,950,2021-06-18 17:43:00,VNTR
4.66,4.66,4.65,4.65,9542,2021-06-18 17:44:00,VNTR
4.655,4.655,4.655,4.655,300,2021-06-18 17:45:00,VNTR
4.655,4.655,4.655,4.655,100,2021-06-18 17:46:00,VNTR
4.65,4.65,4.65,4.65,100,2021-06-18 17:48:00,VNTR
4.65,4.65,4.65,4.65,100,2021-06-18 17:49:00,VNTR
4.65,4.65,4.64,4.64,200,2021-06-18 17:53:00,VNTR
4.65,4.65,4.65,4.65,100,2021-06-18 17:54:00,VNTR
4.65,4.66,4.6401,4.6401,1799,2021-06-18 17:55:00,VNTR
4.64,4.65,4.64,4.65,529,2021-06-18 17:57:00,VNTR
4.64,4.64,4.64,4.64,100,2021-06-18 17:58:00,VNTR
4.63,4.63,4.62,4.62,400,2021-06-18 17:59:00,VNTR
4.63,4.63,4.625,4.625,300,2021-06-18 18:00:00,VNTR
4.625,4.625,4.61,4.61,356,2021-06-18 18:01:00,VNTR
4.62,4.62,4.62,4.62,100,2021-06-18 18:02:00,VNTR
4.625,4.625,4.625,4.625,100,2021-06-18 18:04:00,VNTR
4.625,4.625,4.625,4.625,200,2021-06-18 18:08:00,VNTR
4.6365,4.6365,4.61,4.61,1200,2021-06-18 18:09:00,VNTR
4.61,4.61,4.61,4.61,500,2021-06-18 18:10:00,VNTR
4.62,4.62,4.62,4.62,200,2021-06-18 18:11:00,VNTR
4.61,4.615,4.61,4.615,200,2021-06-18 18:14:00,VNTR
4.615,4.615,4.615,4.615,100,2021-06-18 18:15:00,VNTR
4.61,4.61,4.6,4.605,980,2021-06-18 18:17:00,VNTR
4.6,4.615,4.6,4.615,6659,2021-06-18 18:18:00,VNTR
4.615,4.62,4.615,4.615,2200,2021-06-18 18:19:00,VNTR
4.615,4.615,4.615,4.615,100,2021-06-18 18:20:00,VNTR
4.62,4.62,4.62,4.62,100,2021-06-18 18:21:00,VNTR
4.615,4.615,4.615,4.615,100,2021-06-18 18:22:00,VNTR
4.615,4.62,4.615,4.62,200,2021-06-18 18:23:00,VNTR
4.62,4.62,4.62,4.62,1000,2021-06-18 18:24:00,VNTR
4.63,4.63,4.63,4.63,1400,2021-06-18 18:25:00,VNTR
4.63,4.63,4.63,4.63,1252,2021-06-18 18:26:00,VNTR
4.63,4.6399,4.63,4.63,1300,2021-06-18 18:27:00,VNTR
4.63,4.63,4.63,4.63,100,2021-06-18 18:28:00,VNTR
4.63,4.63,4.63,4.63,100,2021-06-18 18:29:00,VNTR
4.63,4.63,4.62,4.62,300,2021-06-18 18:30:00,VNTR
4.6148,4.62,4.61,4.62,2400,2021-06-18 18:31:00,VNTR
4.62,4.63,4.62,4.62,600,2021-06-18 18:32:00,VNTR
4.62,4.62,4.61,4.61,1100,2021-06-18 18:33:00,VNTR
4.61,4.62,4.61,4.61,500,2021-06-18 18:34:00,VNTR
4.61,4.61,4.61,4.61,200,2021-06-18 18:35:00,VNTR
4.61,4.62,4.61,4.62,700,2021-06-18 18:36:00,VNTR
4.61,4.615,4.61,4.615,5158,2021-06-18 18:37:00,VNTR
4.62,4.62,4.61,4.61,500,2021-06-18 18:38:00,VNTR
4.61,4.615,4.61,4.615,300,2021-06-18 18:39:00,VNTR
4.615,4.615,4.615,4.615,100,2021-06-18 18:40:00,VNTR
4.62,4.62,4.61,4.62,400,2021-06-18 18:41:00,VNTR
4.63,4.63,4.63,4.63,292,2021-06-18 18:42:00,VNTR
4.61,4.61,4.61,4.61,200,2021-06-18 18:43:00,VNTR
4.61,4.615,4.61,4.615,3000,2021-06-18 18:44:00,VNTR
4.615,4.615,4.615,4.615,600,2021-06-18 18:46:00,VNTR
4.615,4.615,4.615,4.615,100,2021-06-18 18:47:00,VNTR
4.61,4.62,4.61,4.62,200,2021-06-18 18:48:00,VNTR
4.61,4.62,4.61,4.615,1150,2021-06-18 18:49:00,VNTR
4.61,4.62,4.61,4.62,2150,2021-06-18 18:51:00,VNTR
4.615,4.615,4.615,4.615,100,2021-06-18 18:52:00,VNTR
4.615,4.62,4.615,4.62,200,2021-06-18 18:53:00,VNTR
4.61,4.62,4.61,4.61,600,2021-06-18 18:54:00,VNTR
4.615,4.615,4.615,4.615,100,2021-06-18 18:56:00,VNTR
4.615,4.62,4.615,4.62,600,2021-06-18 18:57:00,VNTR
4.62,4.62,4.62,4.62,100,2021-06-18 18:58:00,VNTR
4.61,4.62,4.6,4.61,7042,2021-06-18 18:59:00,VNTR
4.605,4.605,4.595,4.595,1200,2021-06-18 19:00:00,VNTR
4.595,4.595,4.59,4.59,214,2021-06-18 19:02:00,VNTR
4.595,4.595,4.595,4.595,100,2021-06-18 19:03:00,VNTR
4.6,4.6,4.6,4.6,100,2021-06-18 19:05:00,VNTR
4.5901,4.6,4.5901,4.595,500,2021-06-18 19:07:00,VNTR
4.595,4.595,4.595,4.595,100,2021-06-18 19:08:00,VNTR
4.59,4.59,4.59,4.59,158,2021-06-18 19:09:00,VNTR
4.595,4.595,4.58,4.585,6340,2021-06-18 19:10:00,VNTR
4.5899,4.59,4.58,4.58,997,2021-06-18 19:11:00,VNTR
4.58,4.585,4.58,4.585,4100,2021-06-18 19:12:00,VNTR
4.58,4.58,4.5501,4.555,14533,2021-06-18 19:13:00,VNTR
4.555,4.555,4.55,4.55,870,2021-06-18 19:14:00,VNTR
4.555,4.555,4.55,4.555,425,2021-06-18 19:15:00,VNTR
4.555,4.555,4.555,4.555,300,2021-06-18 19:16:00,VNTR
4.555,4.56,4.555,4.5596,4454,2021-06-18 19:17:00,VNTR
4.56,4.57,4.56,4.57,3596,2021-06-18 19:18:00,VNTR
4.57,4.57,4.57,4.57,100,2021-06-18 19:19:00,VNTR
4.57,4.58,4.57,4.575,1411,2021-06-18 19:20:00,VNTR
4.57,4.59,4.57,4.59,200,2021-06-18 19:21:00,VNTR
4.575,4.585,4.57,4.585,1640,2021-06-18 19:22:00,VNTR
4.58,4.58,4.58,4.58,300,2021-06-18 19:23:00,VNTR
4.57,4.59,4.57,4.59,1612,2021-06-18 19:24:00,VNTR
4.58,4.58,4.58,4.58,100,2021-06-18 19:25:00,VNTR
4.58,4.58,4.58,4.58,200,2021-06-18 19:26:00,VNTR
4.58,4.59,4.575,4.59,1575,2021-06-18 19:27:00,VNTR
4.585,4.585,4.58,4.58,600,2021-06-18 19:28:00,VNTR
4.58,4.58,4.58,4.58,700,2021-06-18 19:29:00,VNTR
4.58,4.62,4.58,4.6,30044,2021-06-18 19:30:00,VNTR
4.605,4.6096,4.5901,4.5901,1640,2021-06-18 19:31:00,VNTR
4.6,4.605,4.5901,4.5901,304,2021-06-18 19:32:00,VNTR
4.605,4.61,4.6,4.605,2514,2021-06-18 19:33:00,VNTR
4.6014,4.605,4.6,4.6,951,2021-06-18 19:34:00,VNTR
4.595,4.6,4.5841,4.59,1529,2021-06-18 19:35:00,VNTR
4.5816,4.585,4.5816,4.585,206,2021-06-18 19:36:00,VNTR
4.5812,4.5812,4.57,4.5719,1143,2021-06-18 19:37:00,VNTR
4.575,4.58,4.5701,4.5701,328,2021-06-18 19:38:00,VNTR
4.58,4.59,4.58,4.59,3264,2021-06-18 19:39:00,VNTR
4.58,4.585,4.5717,4.5717,1203,2021-06-18 19:40:00,VNTR
4.5714,4.58,4.5701,4.58,1155,2021-06-18 19:41:00,VNTR
4.575,4.575,4.5701,4.5701,287,2021-06-18 19:42:00,VNTR
4.58,4.59,4.58,4.59,2866,2021-06-18 19:43:00,VNTR
4.6,4.6,4.59,4.5901,893,2021-06-18 19:44:00,VNTR
4.59,4.59,4.58,4.58,2152,2021-06-18 19:45:00,VNTR
4.59,4.6,4.59,4.59,1600,2021-06-18 19:46:00,VNTR
4.5801,4.5828,4.58,4.58,1101,2021-06-18 19:47:00,VNTR
4.575,4.575,4.57,4.5718,836,2021-06-18 19:48:00,VNTR
4.58,4.595,4.57,4.584,5162,2021-06-18 19:49:00,VNTR
4.5801,4.59,4.5801,4.59,471,2021-06-18 19:50:00,VNTR
4.59,4.6,4.58,4.5831,5453,2021-06-18 19:51:00,VNTR
4.59,4.59,4.59,4.59,700,2021-06-18 19:52:00,VNTR
4.58,4.59,4.58,4.5801,2897,2021-06-18 19:53:00,VNTR
4.59,4.59,4.58,4.585,2942,2021-06-18 19:54:00,VNTR
4.5813,4.5813,4.57,4.57,1833,2021-06-18 19:55:00,VNTR
4.575,4.58,4.57,4.57,6579,2021-06-18 19:56:00,VNTR
4.5701,4.58,4.56,4.56,7322,2021-06-18 19:57:00,VNTR
4.56,4.5875,4.56,4.58,10191,2021-06-18 19:58:00,VNTR
4.58,4.6,4.57,4.59,21431,2021-06-18 19:59:00,VNTR
4.6,4.6,4.6,4.6,65228,2021-06-18 20:00:00,VNTR
4.6,4.6,4.6,4.6,1000,2021-06-18 21:05:00,VNTR
4.6001,4.6001,4.6001,4.6001,500,2021-06-18 23:05:00,VNTR
4.6001,4.6001,4.6001,4.6001,500,2021-06-18 23:06:00,VNTR
4.6001,4.6001,4.6001,4.6001,1000,2021-06-18 23:21:00,VNTR
4.6001,4.6001,4.6001,4.6001,700,2021-06-18 23:22:00,VNTR
4.6,4.74,4.6,4.6,8960,2021-06-21 13:30:00,VNTR
4.6,4.68,4.6,4.62,815,2021-06-21 13:31:00,VNTR
4.62,4.675,4.62,4.64,738,2021-06-21 13:32:00,VNTR
4.65,4.68,4.65,4.65,750,2021-06-21 13:33:00,VNTR
4.65,4.65,4.6,4.6,1455,2021-06-21 13:34:00,VNTR
4.61,4.61,4.61,4.61,100,2021-06-21 13:35:00,VNTR
4.635,4.635,4.635,4.635,100,2021-06-21 13:36:00,VNTR
4.61,4.6405,4.61,4.6405,371,2021-06-21 13:37:00,VNTR
4.659,4.659,4.61,4.61,1280,2021-06-21 13:38:00,VNTR
4.61,4.615,4.6,4.615,5122,2021-06-21 13:39:00,VNTR
4.63,4.63,4.6292,4.6292,696,2021-06-21 13:40:00,VNTR
4.63,4.645,4.63,4.645,820,2021-06-21 13:41:00,VNTR
4.645,4.645,4.645,4.645,200,2021-06-21 13:42:00,VNTR
4.64,4.64,4.64,4.64,100,2021-06-21 13:43:00,VNTR
4.61,4.635,4.61,4.635,200,2021-06-21 13:44:00,VNTR
4.65,4.66,4.64,4.66,300,2021-06-21 13:46:00,VNTR
4.64,4.655,4.62,4.635,1700,2021-06-21 13:47:00,VNTR
4.62,4.625,4.6,4.625,2338,2021-06-21 13:48:00,VNTR
4.6,4.625,4.6,4.6,300,2021-06-21 13:49:00,VNTR
4.6,4.625,4.6,4.625,300,2021-06-21 13:50:00,VNTR
4.61,4.61,4.57,4.59,1350,2021-06-21 13:52:00,VNTR
4.59,4.59,4.59,4.59,100,2021-06-21 13:53:00,VNTR
4.59,4.62,4.57,4.5965,2968,2021-06-21 13:54:00,VNTR
4.63,4.63,4.63,4.63,100,2021-06-21 13:55:00,VNTR
4.63,4.63,4.63,4.63,100,2021-06-21 13:56:00,VNTR
4.6,4.63,4.6,4.63,200,2021-06-21 13:57:00,VNTR
4.63,4.63,4.63,4.63,200,2021-06-21 13:58:00,VNTR
4.6,4.62,4.57,4.585,3103,2021-06-21 13:59:00,VNTR
4.58,4.58,4.575,4.575,200,2021-06-21 14:00:00,VNTR
4.575,4.59,4.57,4.58,637,2021-06-21 14:01:00,VNTR
4.57,4.585,4.57,4.585,802,2021-06-21 14:03:00,VNTR
4.57,4.575,4.56,4.56,400,2021-06-21 14:04:00,VNTR
4.575,4.575,4.56,4.56,300,2021-06-21 14:05:00,VNTR
4.575,4.575,4.56,4.56,200,2021-06-21 14:07:00,VNTR
4.57,4.575,4.56,4.57,4309,2021-06-21 14:08:00,VNTR
4.57,4.57,4.56,4.56,7900,2021-06-21 14:09:00,VNTR
4.575,4.575,4.57,4.57,500,2021-06-21 14:10:00,VNTR
4.57,4.57,4.57,4.57,200,2021-06-21 14:11:00,VNTR
4.57,4.57,4.56,4.57,400,2021-06-21 14:12:00,VNTR
4.57,4.57,4.57,4.57,300,2021-06-21 14:13:00,VNTR
4.57,4.57,4.57,4.57,500,2021-06-21 14:14:00,VNTR
4.56,4.57,4.56,4.57,4103,2021-06-21 14:15:00,VNTR
4.56,4.57,4.56,4.57,1100,2021-06-21 14:16:00,VNTR
4.57,4.57,4.57,4.57,200,2021-06-21 14:17:00,VNTR
4.57,4.57,4.56,4.565,300,2021-06-21 14:18:00,VNTR
4.58,4.58,4.57,4.57,1100,2021-06-21 14:19:00,VNTR
4.575,4.575,4.575,4.575,190,2021-06-21 14:20:00,VNTR
4.59,4.59,4.57,4.58,2593,2021-06-21 14:21:00,VNTR
4.59,4.59,4.57,4.57,897,2021-06-21 14:22:00,VNTR
4.6,4.62,4.595,4.62,808,2021-06-21 14:24:00,VNTR
4.6,4.605,4.6,4.6,1000,2021-06-21 14:25:00,VNTR
4.59,4.605,4.59,4.605,300,2021-06-21 14:26:00,VNTR
4.605,4.605,4.6,4.605,491,2021-06-21 14:27:00,VNTR
4.605,4.605,4.59,4.605,400,2021-06-21 14:28:00,VNTR
4.605,4.605,4.6,4.6,200,2021-06-21 14:29:00,VNTR
4.605,4.605,4.605,4.605,100,2021-06-21 14:30:00,VNTR
4.605,4.605,4.59,4.605,5300,2021-06-21 14:31:00,VNTR
4.59,4.595,4.58,4.58,818,2021-06-21 14:32:00,VNTR
4.595,4.595,4.595,4.595,100,2021-06-21 14:33:00,VNTR
4.6,4.6,4.59,4.6,1103,2021-06-21 14:34:00,VNTR
4.6,4.6,4.595,4.595,200,2021-06-21 14:35:00,VNTR
4.6,4.6,4.6,4.6,100,2021-06-21 14:36:00,VNTR
4.595,4.595,4.59,4.59,720,2021-06-21 14:37:00,VNTR
4.605,4.605,4.605,4.605,100,2021-06-21 14:38:00,VNTR
4.59,4.61,4.59,4.6,1600,2021-06-21 14:39:00,VNTR
4.6,4.6,4.6,4.6,200,2021-06-21 14:40:00,VNTR
4.6,4.6,4.6,4.6,300,2021-06-21 14:41:00,VNTR
4.6,4.6,4.59,4.6,300,2021-06-21 14:42:00,VNTR
4.6,4.6,4.6,4.6,100,2021-06-21 14:43:00,VNTR
4.6,4.6066,4.6,4.6066,318,2021-06-21 14:44:00,VNTR
4.59,4.6,4.59,4.59,400,2021-06-21 14:45:00,VNTR
4.6,4.6,4.59,4.595,4981,2021-06-21 14:46:00,VNTR
4.6,4.6,4.6,4.6,500,2021-06-21 14:48:00,VNTR
4.6,4.6,4.6,4.6,908,2021-06-21 14:49:00,VNTR
4.6,4.6,4.6,4.6,416,2021-06-21 14:50:00,VNTR
4.6,4.6,4.59,4.59,200,2021-06-21 14:51:00,VNTR
4.6,4.6,4.57,4.57,2224,2021-06-21 14:52:00,VNTR
4.565,4.59,4.565,4.57,1170,2021-06-21 14:53:00,VNTR
4.59,4.59,4.58,4.58,1100,2021-06-21 14:55:00,VNTR
4.57,4.57,4.56,4.56,300,2021-06-21 14:56:00,VNTR
4.57,4.57,4.57,4.57,100,2021-06-21 14:57:00,VNTR
4.57,4.6,4.57,4.6,2796,2021-06-21 14:58:00,VNTR
4.59,4.59,4.59,4.59,100,2021-06-21 14:59:00,VNTR
4.595,4.595,4.59,4.59,1218,2021-06-21 15:00:00,VNTR
4.6,4.6,4.6,4.6,200,2021-06-21 15:01:00,VNTR
4.585,4.585,4.57,4.57,563,2021-06-21 15:02:00,VNTR
4.59,4.5997,4.57,4.58,10888,2021-06-21 15:03:00,VNTR
4.57,4.57,4.565,4.57,800,2021-06-21 15:04:00,VNTR
4.58,4.58,4.58,4.58,1014,2021-06-21 15:05:00,VNTR
4.585,4.585,4.585,4.585,200,2021-06-21 15:06:00,VNTR
4.59,4.59,4.59,4.59,200,2021-06-21 15:07:00,VNTR
4.585,4.6099,4.58,4.595,1364,2021-06-21 15:08:00,VNTR
4.61,4.61,4.61,4.61,100,2021-06-21 15:09:00,VNTR
4.61,4.61,4.59,4.6,1400,2021-06-21 15:10:00,VNTR
4.61,4.615,4.6,4.615,1116,2021-06-21 15:11:00,VNTR
4.61,4.63,4.61,4.62,1058,2021-06-21 15:12:00,VNTR
4.63,4.63,4.62,4.62,500,2021-06-21 15:13:00,VNTR
4.62,4.62,4.62,4.62,803,2021-06-21 15:14:00,VNTR
4.62,4.63,4.62,4.62,3001,2021-06-21 15:15:00,VNTR
4.62,4.62,4.61,4.61,2246,2021-06-21 15:16:00,VNTR
4.62,4.62,4.62,4.62,100,2021-06-21 15:17:00,VNTR
4.62,4.635,4.62,4.63,2338,2021-06-21 15:18:00,VNTR
4.62,4.62,4.61,4.61,300,2021-06-21 15:19:00,VNTR
4.64,4.64,4.64,4.64,100,2021-06-21 15:20:00,VNTR
4.64,4.64,4.64,4.64,100,2021-06-21 15:21:00,VNTR
4.64,4.64,4.64,4.64,100,2021-06-21 15:22:00,VNTR
4.625,4.645,4.625,4.645,600,2021-06-21 15:23:00,VNTR
4.65,4.65,4.65,4.65,2100,2021-06-21 15:24:00,VNTR
4.65,4.655,4.65,4.65,2403,2021-06-21 15:25:00,VNTR
4.65,4.65,4.65,4.65,200,2021-06-21 15:26:00,VNTR
4.65,4.65,4.65,4.65,921,2021-06-21 15:29:00,VNTR
4.65,4.65,4.65,4.65,200,2021-06-21 15:31:00,VNTR
4.65,4.65,4.65,4.65,643,2021-06-21 15:32:00,VNTR
4.65,4.65,4.64,4.64,618,2021-06-21 15:33:00,VNTR
4.65,4.65,4.65,4.65,217,2021-06-21 15:35:00,VNTR
4.65,4.65,4.65,4.65,100,2021-06-21 15:37:00,VNTR
4.65,4.65,4.64,4.64,602,2021-06-21 15:38:00,VNTR
4.64,4.65,4.64,4.65,300,2021-06-21 15:39:00,VNTR
4.65,4.65,4.65,4.65,118,2021-06-21 15:40:00,VNTR
4.6401,4.66,4.64,4.66,1100,2021-06-21 15:41:00,VNTR
4.65,4.65,4.65,4.65,100,2021-06-21 15:42:00,VNTR
4.655,4.67,4.655,4.67,2337,2021-06-21 15:45:00,VNTR
4.665,4.665,4.665,4.665,100,2021-06-21 15:46:00,VNTR
4.665,4.67,4.665,4.67,299,2021-06-21 15:48:00,VNTR
4.665,4.67,4.66,4.66,2821,2021-06-21 15:49:00,VNTR
4.67,4.67,4.66,4.66,325,2021-06-21 15:51:00,VNTR
4.6622,4.67,4.6622,4.67,515,2021-06-21 15:53:00,VNTR
4.665,4.665,4.665,4.665,100,2021-06-21 15:54:00,VNTR
4.665,4.665,4.66,4.665,300,2021-06-21 15:56:00,VNTR
4.67,4.6725,4.66,4.66,993,2021-06-21 15:58:00,VNTR
4.675,4.675,4.66,4.66,875,2021-06-21 16:00:00,VNTR
4.675,4.675,4.675,4.675,295,2021-06-21 16:01:00,VNTR
4.66,4.675,4.66,4.67,300,2021-06-21 16:03:00,VNTR
4.66,4.66,4.66,4.66,100,2021-06-21 16:05:00,VNTR
4.66,4.66,4.66,4.66,217,2021-06-21 16:06:00,VNTR
4.66,4.66,4.66,4.66,631,2021-06-21 16:07:00,VNTR
4.66,4.66,4.66,4.66,400,2021-06-21 16:08:00,VNTR
4.65,4.65,4.65,4.65,100,2021-06-21 16:10:00,VNTR
4.67,4.67,4.65,4.65,300,2021-06-21 16:11:00,VNTR
4.66,4.66,4.66,4.66,200,2021-06-21 16:12:00,VNTR
4.65,4.65,4.65,4.65,100,2021-06-21 16:13:00,VNTR
4.66,4.67,4.66,4.67,200,2021-06-21 16:14:00,VNTR
4.6531,4.6531,4.6531,4.6531,125,2021-06-21 16:15:00,VNTR
4.66,4.66,4.66,4.66,100,2021-06-21 16:17:00,VNTR
4.66,4.66,4.66,4.66,200,2021-06-21 16:19:00,VNTR
4.66,4.66,4.66,4.66,100,2021-06-21 16:20:00,VNTR
4.66,4.66,4.66,4.66,100,2021-06-21 16:21:00,VNTR
4.67,4.67,4.66,4.67,537,2021-06-21 16:23:00,VNTR
4.66,4.66,4.66,4.66,100,2021-06-21 16:25:00,VNTR
4.66,4.67,4.66,4.66,408,2021-06-21 16:26:00,VNTR
4.65,4.66,4.65,4.66,1200,2021-06-21 16:28:00,VNTR
4.66,4.66,4.66,4.66,100,2021-06-21 16:29:00,VNTR
4.66,4.66,4.66,4.66,100,2021-06-21 16:30:00,VNTR
4.66,4.66,4.65,4.65,200,2021-06-21 16:32:00,VNTR
4.66,4.66,4.66,4.66,100,2021-06-21 16:33:00,VNTR
4.66,4.66,4.66,4.66,400,2021-06-21 16:34:00,VNTR
4.66,4.66,4.66,4.66,200,2021-06-21 16:35:00,VNTR
4.66,4.66,4.66,4.66,200,2021-06-21 16:37:00,VNTR
4.67,4.7,4.67,4.67,4986,2021-06-21 16:38:00,VNTR
4.665,4.665,4.65,4.65,1662,2021-06-21 16:40:00,VNTR
4.657,4.657,4.65,4.65,807,2021-06-21 16:41:00,VNTR
4.65,4.65,4.65,4.65,100,2021-06-21 16:42:00,VNTR
4.6501,4.6501,4.65,4.65,3300,2021-06-21 16:44:00,VNTR
4.6501,4.6501,4.65,4.65,2000,2021-06-21 16:46:00,VNTR
4.66,4.66,4.65,4.66,1400,2021-06-21 16:47:00,VNTR
4.65,4.65,4.645,4.65,2193,2021-06-21 16:48:00,VNTR
4.64,4.645,4.64,4.645,200,2021-06-21 16:49:00,VNTR
4.65,4.65,4.65,4.65,903,2021-06-21 16:51:00,VNTR
4.65,4.65,4.65,4.65,200,2021-06-21 16:52:00,VNTR
4.66,4.66,4.65,4.65,1436,2021-06-21 16:53:00,VNTR
4.66,4.66,4.66,4.66,100,2021-06-21 16:54:00,VNTR
4.66,4.66,4.66,4.66,100,2021-06-21 16:55:00,VNTR
4.66,4.66,4.65,4.65,200,2021-06-21 16:56:00,VNTR
4.65,4.65,4.65,4.65,100,2021-06-21 16:57:00,VNTR
4.65,4.65,4.65,4.65,100,2021-06-21 16:59:00,VNTR
4.66,4.67,4.65,4.65,1100,2021-06-21 17:00:00,VNTR
4.66,4.66,4.66,4.66,325,2021-06-21 17:01:00,VNTR
4.65,4.65,4.65,4.65,1100,2021-06-21 17:03:00,VNTR
4.65,4.66,4.65,4.66,391,2021-06-21 17:05:00,VNTR
4.65,4.65,4.65,4.65,200,2021-06-21 17:07:00,VNTR
4.65,4.65,4.65,4.65,100,2021-06-21 17:09:00,VNTR
4.65,4.65,4.65,4.65,200,2021-06-21 17:10:00,VNTR
4.65,4.65,4.65,4.65,100,2021-06-21 17:12:00,VNTR
4.67,4.67,4.67,4.67,100,2021-06-21 17:13:00,VNTR
4.66,4.66,4.65,4.65,600,2021-06-21 17:14:00,VNTR
4.65,4.66,4.65,4.66,1600,2021-06-21 17:16:00,VNTR
4.66,4.66,4.66,4.66,100,2021-06-21 17:19:00,VNTR
4.66,4.66,4.66,4.66,100,2021-06-21 17:20:00,VNTR
4.65,4.66,4.65,4.65,5000,2021-06-21 17:21:00,VNTR
4.6699,4.6699,4.65,4.65,807,2021-06-21 17:22:00,VNTR
4.65,4.65,4.64,4.645,1744,2021-06-21 17:23:00,VNTR
4.645,4.645,4.64,4.64,500,2021-06-21 17:24:00,VNTR
4.63,4.63,4.63,4.63,100,2021-06-21 17:25:00,VNTR
4.635,4.64,4.635,4.64,600,2021-06-21 17:26:00,VNTR
4.65,4.65,4.65,4.65,100,2021-06-21 17:28:00,VNTR
4.64,4.64,4.64,4.64,300,2021-06-21 17:29:00,VNTR
4.65,4.65,4.65,4.65,100,2021-06-21 17:30:00,VNTR
4.64,4.64,4.64,4.64,100,2021-06-21 17:31:00,VNTR
4.64,4.64,4.64,4.64,200,2021-06-21 17:32:00,VNTR
4.67,4.67,4.64,4.64,4200,2021-06-21 17:34:00,VNTR
4.65,4.6525,4.64,4.64,1013,2021-06-21 17:35:00,VNTR
4.65,4.65,4.65,4.65,100,2021-06-21 17:36:00,VNTR
4.64,4.64,4.64,4.64,100,2021-06-21 17:37:00,VNTR
4.6444,4.6444,4.6444,4.6444,1050,2021-06-21 17:38:00,VNTR
4.64,4.64,4.64,4.64,100,2021-06-21 17:39:00,VNTR
4.64,4.64,4.64,4.64,200,2021-06-21 17:40:00,VNTR
4.64,4.65,4.64,4.65,1451,2021-06-21 17:41:00,VNTR
4.64,4.64,4.63,4.63,500,2021-06-21 17:42:00,VNTR
4.63,4.63,4.58,4.6,22443,2021-06-21 17:43:00,VNTR
4.61,4.62,4.61,4.62,771,2021-06-21 17:44:00,VNTR
4.6001,4.63,4.6001,4.63,346,2021-06-21 17:45:00,VNTR
4.625,4.625,4.625,4.625,100,2021-06-21 17:48:00,VNTR
4.625,4.625,4.625,4.625,100,2021-06-21 17:49:00,VNTR
4.61,4.62,4.61,4.62,300,2021-06-21 17:50:00,VNTR
4.6297,4.6297,4.61,4.61,2200,2021-06-21 17:51:00,VNTR
4.61,4.62,4.61,4.62,300,2021-06-21 17:52:00,VNTR
4.62,4.62,4.6,4.6,2196,2021-06-21 17:53:00,VNTR
4.61,4.64,4.61,4.64,1643,2021-06-21 17:54:00,VNTR
4.62,4.62,4.62,4.62,100,2021-06-21 17:56:00,VNTR
4.62,4.64,4.62,4.62,616,2021-06-21 17:57:00,VNTR
4.63,4.63,4.63,4.63,100,2021-06-21 17:58:00,VNTR
4.62,4.62,4.62,4.62,100,2021-06-21 17:59:00,VNTR
4.64,4.65,4.63,4.63,1000,2021-06-21 18:00:00,VNTR
4.63,4.63,4.63,4.63,3737,2021-06-21 18:01:00,VNTR
4.63,4.63,4.61,4.61,28276,2021-06-21 18:02:00,VNTR
4.61,4.625,4.61,4.615,1244,2021-06-21 18:03:00,VNTR
4.61,4.62,4.6,4.6,1720,2021-06-21 18:04:00,VNTR
4.605,4.605,4.58,4.59,1600,2021-06-21 18:05:00,VNTR
4.61,4.61,4.59,4.59,346,2021-06-21 18:06:00,VNTR
4.6,4.61,4.59,4.59,522,2021-06-21 18:07:00,VNTR
4.61,4.61,4.59,4.59,422,2021-06-21 18:08:00,VNTR
4.59,4.61,4.59,4.59,400,2021-06-21 18:09:00,VNTR
4.61,4.61,4.59,4.6,346,2021-06-21 18:10:00,VNTR
4.59,4.6,4.59,4.59,300,2021-06-21 18:11:00,VNTR
4.59,4.6,4.59,4.59,300,2021-06-21 18:12:00,VNTR
4.59,4.59,4.59,4.59,100,2021-06-21 18:13:00,VNTR
4.59,4.6,4.59,4.6,400,2021-06-21 18:14:00,VNTR
4.6,4.6,4.6,4.6,320,2021-06-21 18:15:00,VNTR
4.6,4.61,4.59,4.6,500,2021-06-21 18:16:00,VNTR
4.59,4.605,4.59,4.6,600,2021-06-21 18:17:00,VNTR
4.605,4.605,4.59,4.59,619,2021-06-21 18:18:00,VNTR
4.6,4.6199,4.59,4.6199,540,2021-06-21 18:19:00,VNTR
4.6,4.605,4.6,4.6,650,2021-06-21 18:20:00,VNTR
4.59,4.62,4.59,4.62,7762,2021-06-21 18:21:00,VNTR
4.6,4.63,4.6,4.6,9752,2021-06-21 18:22:00,VNTR
4.61,4.61,4.61,4.61,100,2021-06-21 18:24:00,VNTR
4.59,4.59,4.59,4.59,100,2021-06-21 18:25:00,VNTR
4.62,4.62,4.62,4.62,100,2021-06-21 18:26:00,VNTR
4.62,4.63,4.62,4.62,1882,2021-06-21 18:27:00,VNTR
4.63,4.63,4.62,4.63,1300,2021-06-21 18:29:00,VNTR
4.62,4.64,4.62,4.64,200,2021-06-21 18:30:00,VNTR
4.635,4.64,4.635,4.635,593,2021-06-21 18:31:00,VNTR
4.63,4.63,4.63,4.63,522,2021-06-21 18:32:00,VNTR
4.625,4.625,4.62,4.62,200,2021-06-21 18:33:00,VNTR
4.625,4.625,4.625,4.625,202,2021-06-21 18:34:00,VNTR
4.625,4.625,4.625,4.625,224,2021-06-21 18:35:00,VNTR
4.62,4.62,4.61,4.61,2133,2021-06-21 18:37:00,VNTR
4.62,4.64,4.62,4.63,3781,2021-06-21 18:38:00,VNTR
4.63,4.63,4.63,4.63,100,2021-06-21 18:40:00,VNTR
4.63,4.63,4.63,4.63,200,2021-06-21 18:41:00,VNTR
4.63,4.63,4.63,4.63,493,2021-06-21 18:42:00,VNTR
4.62,4.62,4.62,4.62,400,2021-06-21 18:43:00,VNTR
4.62,4.63,4.62,4.63,600,2021-06-21 18:44:00,VNTR
4.63,4.64,4.63,4.64,300,2021-06-21 18:47:00,VNTR
4.63,4.63,4.63,4.63,200,2021-06-21 18:49:00,VNTR
4.63,4.635,4.62,4.62,3937,2021-06-21 18:51:00,VNTR
4.62,4.62,4.61,4.61,300,2021-06-21 18:52:00,VNTR
4.62,4.62,4.61,4.62,300,2021-06-21 18:53:00,VNTR
4.61,4.62,4.61,4.62,200,2021-06-21 18:54:00,VNTR
4.61,4.61,4.61,4.61,100,2021-06-21 18:55:00,VNTR
4.61,4.63,4.61,4.63,200,2021-06-21 18:57:00,VNTR
4.62,4.62,4.61,4.61,300,2021-06-21 18:58:00,VNTR
4.61,4.63,4.61,4.63,550,2021-06-21 18:59:00,VNTR
4.63,4.63,4.63,4.63,300,2021-06-21 19:00:00,VNTR
4.635,4.635,4.635,4.635,100,2021-06-21 19:01:00,VNTR
4.63,4.63,4.63,4.63,600,2021-06-21 19:02:00,VNTR
4.63,4.63,4.63,4.63,370,2021-06-21 19:03:00,VNTR
4.63,4.63,4.63,4.63,1300,2021-06-21 19:05:00,VNTR
4.63,4.63,4.63,4.63,100,2021-06-21 19:06:00,VNTR
4.63,4.63,4.63,4.63,501,2021-06-21 19:07:00,VNTR
4.62,4.63,4.595,4.6,11848,2021-06-21 19:08:00,VNTR
4.61,4.61,4.6,4.6,1330,2021-06-21 19:09:00,VNTR
4.6,4.61,4.6,4.61,800,2021-06-21 19:10:00,VNTR
4.61,4.61,4.6,4.6,1011,2021-06-21 19:11:00,VNTR
4.61,4.61,4.61,4.61,810,2021-06-21 19:12:00,VNTR
4.6,4.6,4.6,4.6,450,2021-06-21 19:13:00,VNTR
4.6,4.6,4.59,4.59,1265,2021-06-21 19:14:00,VNTR
4.595,4.63,4.59,4.59,16603,2021-06-21 19:15:00,VNTR
4.595,4.62,4.595,4.61,42860,2021-06-21 19:16:00,VNTR
4.61,4.61,4.61,4.61,200,2021-06-21 19:17:00,VNTR
4.61,4.61,4.61,4.61,417,2021-06-21 19:18:00,VNTR
4.61,4.61,4.61,4.61,668,2021-06-21 19:19:00,VNTR
4.6,4.6,4.6,4.6,300,2021-06-21 19:20:00,VNTR
4.6,4.6,4.59,4.59,1130,2021-06-21 19:21:00,VNTR
4.59,4.61,4.59,4.6,922,2021-06-21 19:22:00,VNTR
4.59,4.6,4.59,4.6,147510,2021-06-21 19:23:00,VNTR
4.6,4.65,4.6,4.635,11263,2021-06-21 19:24:00,VNTR
4.65,4.665,4.65,4.665,669,2021-06-21 19:26:00,VNTR
4.67,4.67,4.655,4.655,1455,2021-06-21 19:27:00,VNTR
4.65,4.67,4.65,4.67,621,2021-06-21 19:28:00,VNTR
4.65,4.65,4.65,4.65,300,2021-06-21 19:29:00,VNTR
4.65,4.65,4.65,4.65,200,2021-06-21 19:30:00,VNTR
4.65,4.65,4.65,4.65,200,2021-06-21 19:31:00,VNTR
4.65,4.65,4.65,4.65,200,2021-06-21 19:32:00,VNTR
4.67,4.67,4.65,4.65,773,2021-06-21 19:33:00,VNTR
4.665,4.665,4.64,4.64,1331,2021-06-21 19:34:00,VNTR
4.645,4.645,4.645,4.645,200,2021-06-21 19:35:00,VNTR
4.65,4.665,4.65,4.665,1000,2021-06-21 19:36:00,VNTR
4.65,4.665,4.65,4.66,1599,2021-06-21 19:37:00,VNTR
4.65,4.65,4.65,4.65,200,2021-06-21 19:38:00,VNTR
4.66,4.66,4.65,4.65,200,2021-06-21 19:39:00,VNTR
4.65,4.65,4.65,4.65,100,2021-06-21 19:40:00,VNTR
4.66,4.66,4.66,4.66,100,2021-06-21 19:42:00,VNTR
4.66,4.67,4.65,4.65,2275,2021-06-21 19:43:00,VNTR
4.65,4.65,4.65,4.65,1000,2021-06-21 19:44:00,VNTR
4.66,4.66,4.66,4.66,300,2021-06-21 19:45:00,VNTR
4.65,4.665,4.65,4.665,400,2021-06-21 19:46:00,VNTR
4.65,4.65,4.65,4.65,388,2021-06-21 19:47:00,VNTR
4.65,4.65,4.65,4.65,100,2021-06-21 19:48:00,VNTR
4.67,4.67,4.67,4.67,100,2021-06-21 19:49:00,VNTR
4.67,4.67,4.66,4.67,600,2021-06-21 19:50:00,VNTR
4.67,4.68,4.67,4.68,300,2021-06-21 19:51:00,VNTR
4.68,4.69,4.68,4.68,830,2021-06-21 19:52:00,VNTR
4.69,4.7,4.68,4.7,5950,2021-06-21 19:53:00,VNTR
4.69,4.69,4.685,4.685,2331,2021-06-21 19:54:00,VNTR
4.69,4.7,4.66,4.675,4070,2021-06-21 19:55:00,VNTR
4.66,4.665,4.65,4.65,1102,2021-06-21 19:56:00,VNTR
4.68,4.68,4.645,4.645,3591,2021-06-21 19:57:00,VNTR
4.65,4.65,4.64,4.65,3105,2021-06-21 19:58:00,VNTR
4.645,4.68,4.645,4.68,10331,2021-06-21 19:59:00,VNTR
4.66,4.66,4.66,4.66,8146,2021-06-21 20:00:00,VNTR
4.59,4.59,4.59,4.59,200,2021-06-21 21:46:00,VNTR
4.66,4.66,4.66,4.66,500,2021-06-22 12:58:00,VNTR
4.68,4.68,4.66,4.66,3305,2021-06-22 13:30:00,VNTR
4.66,4.66,4.66,4.66,224,2021-06-22 13:32:00,VNTR
4.69,4.69,4.69,4.69,150,2021-06-22 13:33:00,VNTR
4.74,4.75,4.67,4.67,1505,2021-06-22 13:36:00,VNTR
4.67,4.67,4.67,4.67,100,2021-06-22 13:39:00,VNTR
4.64,4.64,4.64,4.64,100,2021-06-22 13:40:00,VNTR
4.61,4.61,4.61,4.61,100,2021-06-22 13:42:00,VNTR
4.6663,4.6663,4.635,4.635,315,2021-06-22 13:43:00,VNTR
4.61,4.61,4.61,4.61,100,2021-06-22 13:45:00,VNTR
4.63,4.63,4.63,4.63,200,2021-06-22 13:47:00,VNTR
4.61,4.61,4.61,4.61,100,2021-06-22 13:48:00,VNTR
4.59,4.6617,4.59,4.6617,2262,2021-06-22 13:49:00,VNTR
4.642,4.66,4.61,4.61,2443,2021-06-22 13:51:00,VNTR
4.63,4.63,4.63,4.63,482,2021-06-22 13:52:00,VNTR
4.606,4.63,4.606,4.63,672,2021-06-22 13:53:00,VNTR
4.6,4.6,4.56,4.56,708,2021-06-22 13:54:00,VNTR
4.575,4.59,4.56,4.59,2094,2021-06-22 13:55:00,VNTR
4.57,4.61,4.57,4.59,1169,2021-06-22 13:56:00,VNTR
4.6,4.6,4.59,4.6,3149,2021-06-22 13:57:00,VNTR
4.595,4.61,4.595,4.61,700,2021-06-22 13:58:00,VNTR
4.595,4.62,4.595,4.62,499,2021-06-22 13:59:00,VNTR
4.62,4.65,4.62,4.625,602,2021-06-22 14:00:00,VNTR
4.625,4.625,4.6,4.6,200,2021-06-22 14:01:00,VNTR
4.59,4.59,4.59,4.59,100,2021-06-22 14:02:00,VNTR
4.59,4.615,4.59,4.615,1600,2021-06-22 14:06:00,VNTR
4.6,4.6,4.6,4.6,200,2021-06-22 14:12:00,VNTR
4.6,4.61,4.59,4.61,4466,2021-06-22 14:13:00,VNTR
4.6,4.6,4.6,4.6,100,2021-06-22 14:14:00,VNTR
4.6,4.61,4.6,4.6,2200,2021-06-22 14:15:00,VNTR
4.59,4.59,4.59,4.59,100,2021-06-22 14:17:00,VNTR
4.59,4.59,4.59,4.59,100,2021-06-22 14:18:00,VNTR
4.6,4.605,4.6,4.605,1600,2021-06-22 14:19:00,VNTR
4.6,4.61,4.6,4.61,1100,2021-06-22 14:20:00,VNTR
4.62,4.62,4.62,4.62,400,2021-06-22 14:21:00,VNTR
4.64,4.64,4.63,4.63,700,2021-06-22 14:22:00,VNTR
4.62,4.62,4.61,4.61,400,2021-06-22 14:23:00,VNTR
4.62,4.62,4.6,4.6,274,2021-06-22 14:24:00,VNTR
4.615,4.615,4.615,4.615,5175,2021-06-22 14:25:00,VNTR
4.615,4.63,4.6,4.6,600,2021-06-22 14:27:00,VNTR
4.615,4.63,4.615,4.615,600,2021-06-22 14:29:00,VNTR
4.61,4.625,4.61,4.625,700,2021-06-22 14:30:00,VNTR
4.64,4.64,4.62,4.62,400,2021-06-22 14:32:00,VNTR
4.62,4.62,4.61,4.615,1100,2021-06-22 14:33:00,VNTR
4.62,4.62,4.62,4.62,100,2021-06-22 14:35:00,VNTR
4.61,4.61,4.61,4.61,100,2021-06-22 14:38:00,VNTR
4.62,4.62,4.615,4.62,700,2021-06-22 14:40:00,VNTR
4.62,4.645,4.62,4.645,1730,2021-06-22 14:41:00,VNTR
4.66,4.66,4.66,4.66,100,2021-06-22 14:43:00,VNTR
4.645,4.645,4.645,4.645,300,2021-06-22 14:44:00,VNTR
4.645,4.645,4.645,4.645,200,2021-06-22 14:45:00,VNTR
4.645,4.645,4.63,4.645,700,2021-06-22 14:46:00,VNTR
4.6554,4.6554,4.6554,4.6554,1500,2021-06-22 14:48:00,VNTR
4.64,4.6453,4.64,4.6453,239,2021-06-22 14:49:00,VNTR
4.65,4.66,4.64,4.64,902,2021-06-22 14:50:00,VNTR
4.65,4.65,4.65,4.65,100,2021-06-22 14:51:00,VNTR
4.66,4.66,4.66,4.66,100,2021-06-22 14:52:00,VNTR
4.66,4.665,4.66,4.665,720,2021-06-22 14:53:00,VNTR
4.64,4.64,4.64,4.64,100,2021-06-22 14:55:00,VNTR
4.64,4.65,4.64,4.65,200,2021-06-22 14:56:00,VNTR
4.66,4.67,4.65,4.67,864,2021-06-22 14:57:00,VNTR
4.6823,4.6823,4.6823,4.6823,214,2021-06-22 14:58:00,VNTR
4.665,4.665,4.665,4.665,200,2021-06-22 14:59:00,VNTR
4.6899,4.69,4.6899,4.69,313,2021-06-22 15:00:00,VNTR
4.68,4.68,4.665,4.68,600,2021-06-22 15:01:00,VNTR
4.67,4.68,4.67,4.68,1100,2021-06-22 15:02:00,VNTR
4.69,4.69,4.69,4.69,100,2021-06-22 15:03:00,VNTR
4.71,4.71,4.695,4.695,300,2021-06-22 15:05:00,VNTR
4.695,4.71,4.695,4.71,200,2021-06-22 15:06:00,VNTR
4.7,4.7,4.69,4.7,970,2021-06-22 15:07:00,VNTR
4.69,4.69,4.69,4.69,100,2021-06-22 15:08:00,VNTR
4.68,4.68,4.68,4.68,100,2021-06-22 15:09:00,VNTR
4.68,4.68,4.68,4.68,200,2021-06-22 15:11:00,VNTR
4.68,4.69,4.67,4.69,4209,2021-06-22 15:12:00,VNTR
4.69,4.7,4.69,4.69,2392,2021-06-22 15:13:00,VNTR
4.71,4.71,4.71,4.71,100,2021-06-22 15:15:00,VNTR
4.71,4.71,4.71,4.71,100,2021-06-22 15:17:00,VNTR
4.71,4.71,4.71,4.71,100,2021-06-22 15:18:00,VNTR
4.71,4.71,4.71,4.71,100,2021-06-22 15:19:00,VNTR
4.7,4.7,4.6875,4.6875,300,2021-06-22 15:20:00,VNTR
4.69,4.69,4.69,4.69,100,2021-06-22 15:22:00,VNTR
4.69,4.69,4.69,4.69,500,2021-06-22 15:24:00,VNTR
4.69,4.69,4.69,4.69,1399,2021-06-22 15:28:00,VNTR
4.68,4.68,4.67,4.67,2100,2021-06-22 15:29:00,VNTR
4.67,4.67,4.67,4.67,100,2021-06-22 15:30:00,VNTR
4.67,4.67,4.67,4.67,100,2021-06-22 15:31:00,VNTR
4.67,4.67,4.66,4.66,800,2021-06-22 15:32:00,VNTR
4.66,4.66,4.66,4.66,200,2021-06-22 15:34:00,VNTR
4.66,4.66,4.66,4.66,100,2021-06-22 15:36:00,VNTR
4.65,4.65,4.65,4.65,3465,2021-06-22 15:37:00,VNTR
4.65,4.65,4.65,4.65,200,2021-06-22 15:38:00,VNTR
4.65,4.65,4.64,4.64,600,2021-06-22 15:39:00,VNTR
4.65,4.66,4.65,4.66,1160,2021-06-22 15:41:00,VNTR
4.675,4.675,4.66,4.66,200,2021-06-22 15:46:00,VNTR
4.67,4.67,4.67,4.67,100,2021-06-22 15:50:00,VNTR
4.66,4.66,4.66,4.66,100,2021-06-22 15:51:00,VNTR
4.66,4.67,4.66,4.67,300,2021-06-22 15:52:00,VNTR
4.66,4.66,4.66,4.66,100,2021-06-22 15:53:00,VNTR
4.6601,4.6601,4.66,4.66,2800,2021-06-22 15:54:00,VNTR
4.66,4.66,4.66,4.66,200,2021-06-22 15:55:00,VNTR
4.66,4.66,4.65,4.6505,3698,2021-06-22 15:56:00,VNTR
4.66,4.66,4.66,4.66,740,2021-06-22 15:58:00,VNTR
4.66,4.66,4.66,4.66,100,2021-06-22 16:01:00,VNTR
4.66,4.66,4.66,4.66,200,2021-06-22 16:02:00,VNTR
4.665,4.665,4.66,4.66,200,2021-06-22 16:05:00,VNTR
4.66,4.66,4.66,4.66,100,2021-06-22 16:06:00,VNTR
4.66,4.66,4.66,4.66,200,2021-06-22 16:08:00,VNTR
4.65,4.65,4.65,4.65,100,2021-06-22 16:09:00,VNTR
4.65,4.65,4.65,4.65,100,2021-06-22 16:10:00,VNTR
4.65,4.65,4.65,4.65,100,2021-06-22 16:12:00,VNTR
4.65,4.65,4.65,4.65,300,2021-06-22 16:13:00,VNTR
4.65,4.65,4.65,4.65,100,2021-06-22 16:15:00,VNTR
4.65,4.65,4.65,4.65,500,2021-06-22 16:16:00,VNTR
4.65,4.65,4.65,4.65,100,2021-06-22 16:17:00,VNTR
4.64,4.64,4.64,4.64,200,2021-06-22 16:19:00,VNTR
4.65,4.66,4.65,4.66,1800,2021-06-22 16:22:00,VNTR
4.64,4.655,4.64,4.655,300,2021-06-22 16:28:00,VNTR
4.655,4.655,4.655,4.655,100,2021-06-22 16:29:00,VNTR
4.64,4.65,4.64,4.65,200,2021-06-22 16:31:00,VNTR
4.65,4.65,4.63,4.63,5350,2021-06-22 16:33:00,VNTR
4.63,4.63,4.63,4.63,600,2021-06-22 16:34:00,VNTR
4.63,4.63,4.63,4.63,100,2021-06-22 16:36:00,VNTR
4.645,4.645,4.645,4.645,100,2021-06-22 16:37:00,VNTR
4.63,4.63,4.63,4.63,100,2021-06-22 16:38:00,VNTR
4.63,4.63,4.63,4.63,200,2021-06-22 16:39:00,VNTR
4.64,4.64,4.63,4.63,400,2021-06-22 16:40:00,VNTR
4.63,4.64,4.63,4.64,200,2021-06-22 16:42:00,VNTR
4.63,4.63,4.63,4.63,100,2021-06-22 16:43:00,VNTR
4.63,4.63,4.63,4.63,100,2021-06-22 16:46:00,VNTR
4.65,4.65,4.63,4.63,1400,2021-06-22 16:48:00,VNTR
4.64,4.64,4.64,4.64,297,2021-06-22 16:49:00,VNTR
4.63,4.635,4.63,4.635,623,2021-06-22 16:51:00,VNTR
4.62,4.62,4.62,4.62,100,2021-06-22 16:54:00,VNTR
4.62,4.62,4.62,4.62,100,2021-06-22 16:55:00,VNTR
4.62,4.62,4.62,4.62,100,2021-06-22 16:57:00,VNTR
4.62,4.635,4.62,4.635,284,2021-06-22 16:59:00,VNTR
4.62,4.62,4.62,4.62,200,2021-06-22 17:00:00,VNTR
4.62,4.62,4.62,4.62,300,2021-06-22 17:02:00,VNTR
4.62,4.62,4.62,4.62,100,2021-06-22 17:03:00,VNTR
4.635,4.635,4.635,4.635,100,2021-06-22 17:05:00,VNTR
4.65,4.65,4.62,4.62,600,2021-06-22 17:07:00,VNTR
4.62,4.62,4.62,4.62,100,2021-06-22 17:08:00,VNTR
4.65,4.65,4.63,4.63,800,2021-06-22 17:09:00,VNTR
4.64,4.64,4.63,4.63,1100,2021-06-22 17:11:00,VNTR
4.635,4.635,4.635,4.635,200,2021-06-22 17:14:00,VNTR
4.63,4.63,4.61,4.62,300,2021-06-22 17:15:00,VNTR
4.62,4.62,4.62,4.62,702,2021-06-22 17:18:00,VNTR
4.62,4.62,4.62,4.62,100,2021-06-22 17:19:00,VNTR
4.62,4.62,4.62,4.62,100,2021-06-22 17:20:00,VNTR
4.62,4.62,4.62,4.62,100,2021-06-22 17:21:00,VNTR
4.62,4.62,4.62,4.62,250,2021-06-22 17:22:00,VNTR
4.62,4.62,4.62,4.62,100,2021-06-22 17:23:00,VNTR
4.63,4.63,4.63,4.63,100,2021-06-22 17:24:00,VNTR
4.62,4.62,4.62,4.62,200,2021-06-22 17:25:00,VNTR
4.61,4.625,4.61,4.625,300,2021-06-22 17:26:00,VNTR
4.625,4.64,4.625,4.64,300,2021-06-22 17:29:00,VNTR
4.61,4.61,4.61,4.61,100,2021-06-22 17:30:00,VNTR
4.625,4.625,4.625,4.625,200,2021-06-22 17:31:00,VNTR
4.62,4.62,4.62,4.62,100,2021-06-22 17:35:00,VNTR
4.625,4.625,4.625,4.625,100,2021-06-22 17:36:00,VNTR
4.62,4.62,4.62,4.62,100,2021-06-22 17:37:00,VNTR
4.62,4.62,4.61,4.61,16400,2021-06-22 17:38:00,VNTR
4.615,4.63,4.61,4.63,1400,2021-06-22 17:39:00,VNTR
4.6201,4.6201,4.61,4.61,27151,2021-06-22 17:41:00,VNTR
4.62,4.63,4.61,4.61,12538,2021-06-22 17:42:00,VNTR
4.61,4.62,4.61,4.62,700,2021-06-22 17:43:00,VNTR
4.62,4.62,4.61,4.62,1549,2021-06-22 17:46:00,VNTR
4.62,4.63,4.62,4.63,724,2021-06-22 17:48:00,VNTR
4.64,4.64,4.64,4.64,680,2021-06-22 17:49:00,VNTR
4.654,4.654,4.654,4.654,500,2021-06-22 17:50:00,VNTR
4.65,4.65,4.65,4.65,100,2021-06-22 17:51:00,VNTR
4.65,4.65,4.65,4.65,446,2021-06-22 17:52:00,VNTR
4.65,4.67,4.65,4.67,400,2021-06-22 17:56:00,VNTR
4.67,4.7024,4.66,4.7,5629,2021-06-22 17:57:00,VNTR
4.7064,4.7064,4.68,4.68,1200,2021-06-22 17:59:00,VNTR
4.695,4.695,4.695,4.695,100,2021-06-22 18:04:00,VNTR
4.71,4.71,4.71,4.71,100,2021-06-22 18:05:00,VNTR
4.7,4.7,4.7,4.7,100,2021-06-22 18:06:00,VNTR
4.7,4.7,4.7,4.7,1500,2021-06-22 18:07:00,VNTR
4.7,4.7,4.7,4.7,100,2021-06-22 18:09:00,VNTR
4.7,4.7,4.68,4.68,1782,2021-06-22 18:10:00,VNTR
4.68,4.7083,4.67,4.68,5471,2021-06-22 18:11:00,VNTR
4.695,4.695,4.695,4.695,100,2021-06-22 18:15:00,VNTR
4.68,4.68,4.68,4.68,100,2021-06-22 18:18:00,VNTR
4.68,4.7021,4.68,4.7021,1000,2021-06-22 18:19:00,VNTR
4.7,4.71,4.7,4.71,500,2021-06-22 18:20:00,VNTR
4.7,4.7,4.7,4.7,100,2021-06-22 18:21:00,VNTR
4.7,4.7,4.7,4.7,1000,2021-06-22 18:23:00,VNTR
4.68,4.68,4.68,4.68,100,2021-06-22 18:24:00,VNTR
4.68,4.68,4.68,4.68,100,2021-06-22 18:25:00,VNTR
4.68,4.68,4.68,4.68,100,2021-06-22 18:26:00,VNTR
4.695,4.695,4.695,4.695,100,2021-06-22 18:28:00,VNTR
4.7,4.7,4.69,4.69,1400,2021-06-22 18:30:00,VNTR
4.7,4.7098,4.7,4.7098,800,2021-06-22 18:32:00,VNTR
4.69,4.69,4.69,4.69,500,2021-06-22 18:33:00,VNTR
4.68,4.68,4.68,4.68,800,2021-06-22 18:35:00,VNTR
4.68,4.68,4.68,4.68,100,2021-06-22 18:36:00,VNTR
4.68,4.69,4.68,4.685,800,2021-06-22 18:37:00,VNTR
4.68,4.68,4.68,4.68,100,2021-06-22 18:43:00,VNTR
4.69,4.7,4.69,4.7,300,2021-06-22 18:46:00,VNTR
4.68,4.695,4.68,4.695,200,2021-06-22 18:47:00,VNTR
4.68,4.7,4.68,4.69,400,2021-06-22 18:50:00,VNTR
4.69,4.6998,4.69,4.6998,6669,2021-06-22 18:51:00,VNTR
4.69,4.705,4.69,4.705,1703,2021-06-22 18:52:00,VNTR
4.705,4.705,4.705,4.705,100,2021-06-22 18:53:00,VNTR
4.69,4.69,4.69,4.69,100,2021-06-22 18:54:00,VNTR
4.69,4.69,4.69,4.69,717,2021-06-22 18:58:00,VNTR
4.685,4.705,4.68,4.705,744,2021-06-22 18:59:00,VNTR
4.69,4.69,4.69,4.69,100,2021-06-22 19:00:00,VNTR
4.69,4.69,4.69,4.69,100,2021-06-22 19:04:00,VNTR
4.705,4.705,4.705,4.705,100,2021-06-22 19:06:00,VNTR
4.69,4.69,4.69,4.69,200,2021-06-22 19:10:00,VNTR
4.69,4.69,4.69,4.69,100,2021-06-22 19:14:00,VNTR
4.705,4.705,4.705,4.705,257,2021-06-22 19:15:00,VNTR
4.705,4.705,4.705,4.705,300,2021-06-22 19:16:00,VNTR
4.69,4.715,4.69,4.7,4607,2021-06-22 19:17:00,VNTR
4.7,4.71,4.69,4.7,2700,2021-06-22 19:18:00,VNTR
4.7,4.7,4.7,4.7,100,2021-06-22 19:19:00,VNTR
4.7,4.71,4.7,4.7,7653,2021-06-22 19:20:00,VNTR
4.7,4.7,4.7,4.7,195,2021-06-22 19:21:00,VNTR
4.7,4.705,4.7,4.705,1214,2021-06-22 19:22:00,VNTR
4.71,4.71,4.69,4.69,1600,2021-06-22 19:26:00,VNTR
4.69,4.7,4.69,4.69,1100,2021-06-22 19:28:00,VNTR
4.7,4.7,4.69,4.7,1500,2021-06-22 19:29:00,VNTR
4.72,4.72,4.7,4.7,904,2021-06-22 19:30:00,VNTR
4.7,4.71,4.7,4.71,400,2021-06-22 19:31:00,VNTR
4.7006,4.7006,4.7006,4.7006,100,2021-06-22 19:34:00,VNTR
4.705,4.72,4.705,4.72,400,2021-06-22 19:35:00,VNTR
4.71,4.71,4.71,4.71,100,2021-06-22 19:36:00,VNTR
4.705,4.705,4.705,4.705,100,2021-06-22 19:37:00,VNTR
4.69,4.69,4.69,4.69,200,2021-06-22 19:38:00,VNTR
4.7,4.71,4.69,4.7,800,2021-06-22 19:39:00,VNTR
4.7,4.7,4.7,4.7,100,2021-06-22 19:40:00,VNTR
4.7,4.7,4.68,4.69,2742,2021-06-22 19:41:00,VNTR
4.69,4.69,4.68,4.68,200,2021-06-22 19:42:00,VNTR
4.695,4.695,4.695,4.695,100,2021-06-22 19:43:00,VNTR
4.68,4.68,4.68,4.68,100,2021-06-22 19:44:00,VNTR
4.68,4.68,4.68,4.68,100,2021-06-22 19:45:00,VNTR
4.68,4.68,4.66,4.675,3164,2021-06-22 19:46:00,VNTR
4.66,4.675,4.66,4.66,500,2021-06-22 19:47:00,VNTR
4.66,4.69,4.66,4.67,911,2021-06-22 19:49:00,VNTR
4.67,4.69,4.66,4.68,1564,2021-06-22 19:50:00,VNTR
4.675,4.69,4.66,4.66,900,2021-06-22 19:51:00,VNTR
4.69,4.69,4.66,4.66,200,2021-06-22 19:52:00,VNTR
4.675,4.685,4.67,4.685,1400,2021-06-22 19:53:00,VNTR
4.67,4.68,4.67,4.68,600,2021-06-22 19:54:00,VNTR
4.67,4.685,4.65,4.65,3474,2021-06-22 19:55:00,VNTR
4.65,4.65,4.63,4.63,3653,2021-06-22 19:56:00,VNTR
4.63,4.645,4.62,4.63,16394,2021-06-22 19:57:00,VNTR
4.63,4.66,4.63,4.65,27632,2021-06-22 19:58:00,VNTR
4.65,4.67,4.63,4.66,8120,2021-06-22 19:59:00,VNTR
4.67,4.67,4.67,4.67,8965,2021-06-22 20:00:00,VNTR
4.7,4.7,4.7,4.7,6335,2021-06-23 13:30:00,VNTR
4.752,4.752,4.7478,4.7478,2500,2021-06-23 13:41:00,VNTR
4.71,4.742,4.71,4.742,2728,2021-06-23 13:43:00,VNTR
4.77,4.79,4.77,4.77,1193,2021-06-23 13:45:00,VNTR
4.7799,4.7799,4.74,4.74,5100,2021-06-23 13:54:00,VNTR
4.78,4.78,4.78,4.78,100,2021-06-23 13:55:00,VNTR
4.78,4.78,4.74,4.74,963,2021-06-23 13:56:00,VNTR
4.73,4.73,4.73,4.73,100,2021-06-23 14:00:00,VNTR
4.72,4.72,4.72,4.72,100,2021-06-23 14:01:00,VNTR
4.73,4.75,4.73,4.735,1600,2021-06-23 14:04:00,VNTR
4.72,4.72,4.72,4.72,100,2021-06-23 14:05:00,VNTR
4.75,4.75,4.75,4.75,624,2021-06-23 14:06:00,VNTR
4.76,4.76,4.74,4.74,300,2021-06-23 14:07:00,VNTR
4.74,4.74,4.7,4.7,3597,2021-06-23 14:16:00,VNTR
4.75,4.75,4.7,4.7,1100,2021-06-23 14:18:00,VNTR
4.7,4.7,4.7,4.7,100,2021-06-23 14:20:00,VNTR
4.71,4.71,4.71,4.71,3825,2021-06-23 14:21:00,VNTR
4.71,4.71,4.71,4.71,220,2021-06-23 14:22:00,VNTR
4.75,4.76,4.75,4.76,680,2021-06-23 14:25:00,VNTR
4.74,4.74,4.73,4.73,323,2021-06-23 14:28:00,VNTR
4.726,4.726,4.726,4.726,1500,2021-06-23 14:31:00,VNTR
4.72,4.73,4.72,4.73,1876,2021-06-23 14:34:00,VNTR
4.735,4.735,4.735,4.735,100,2021-06-23 14:36:00,VNTR
4.72,4.72,4.72,4.72,100,2021-06-23 14:37:00,VNTR
4.7138,4.7138,4.7138,4.7138,103,2021-06-23 14:38:00,VNTR
4.74,4.74,4.74,4.74,600,2021-06-23 14:39:00,VNTR
4.74,4.74,4.74,4.74,200,2021-06-23 14:40:00,VNTR
4.74,4.74,4.74,4.74,500,2021-06-23 14:41:00,VNTR
4.71,4.74,4.71,4.74,800,2021-06-23 14:42:00,VNTR
4.71,4.74,4.71,4.74,600,2021-06-23 14:43:00,VNTR
4.71,4.73,4.71,4.72,500,2021-06-23 14:44:00,VNTR
4.72,4.73,4.72,4.73,942,2021-06-23 14:45:00,VNTR
4.735,4.735,4.735,4.735,100,2021-06-23 14:46:00,VNTR
4.73,4.73,4.73,4.73,250,2021-06-23 14:48:00,VNTR
4.73,4.73,4.7239,4.7239,400,2021-06-23 14:50:00,VNTR
4.72,4.72,4.72,4.72,700,2021-06-23 14:51:00,VNTR
4.72,4.72,4.72,4.72,100,2021-06-23 14:52:00,VNTR
4.72,4.72,4.72,4.72,392,2021-06-23 14:53:00,VNTR
4.725,4.725,4.725,4.725,100,2021-06-23 14:55:00,VNTR
4.72,4.7271,4.71,4.71,1770,2021-06-23 15:03:00,VNTR
4.71,4.71,4.71,4.71,100,2021-06-23 15:05:00,VNTR
4.7,4.72,4.69,4.72,5614,2021-06-23 15:07:00,VNTR
4.73,4.75,4.73,4.75,3598,2021-06-23 15:12:00,VNTR
4.77,4.77,4.77,4.77,100,2021-06-23 15:14:00,VNTR
4.76,4.76,4.76,4.76,100,2021-06-23 15:17:00,VNTR
4.76,4.76,4.76,4.76,100,2021-06-23 15:19:00,VNTR
4.76,4.78,4.76,4.78,2339,2021-06-23 15:20:00,VNTR
4.79,4.79,4.78,4.78,9300,2021-06-23 15:21:00,VNTR
4.78,4.78,4.78,4.78,200,2021-06-23 15:26:00,VNTR
4.77,4.77,4.75,4.75,200,2021-06-23 15:29:00,VNTR
4.75,4.78,4.75,4.78,1280,2021-06-23 15:30:00,VNTR
4.79,4.79,4.79,4.79,100,2021-06-23 15:31:00,VNTR
4.775,4.79,4.775,4.79,200,2021-06-23 15:35:00,VNTR
4.76,4.76,4.76,4.76,100,2021-06-23 15:39:00,VNTR
4.76,4.76,4.76,4.76,100,2021-06-23 15:41:00,VNTR
4.76,4.76,4.76,4.76,100,2021-06-23 15:43:00,VNTR
4.76,4.76,4.76,4.76,200,2021-06-23 15:46:00,VNTR
4.76,4.76,4.76,4.76,460,2021-06-23 15:47:00,VNTR
4.76,4.77,4.76,4.77,576,2021-06-23 15:48:00,VNTR
4.7601,4.7601,4.7601,4.7601,100,2021-06-23 15:58:00,VNTR
4.76,4.76,4.76,4.76,100,2021-06-23 16:00:00,VNTR
4.76,4.76,4.76,4.76,100,2021-06-23 16:02:00,VNTR
4.76,4.76,4.76,4.76,100,2021-06-23 16:05:00,VNTR
4.76,4.76,4.76,4.76,100,2021-06-23 16:07:00,VNTR
4.76,4.76,4.76,4.76,100,2021-06-23 16:08:00,VNTR
4.7613,4.79,4.7613,4.79,1300,2021-06-23 16:11:00,VNTR
4.78,4.78,4.78,4.78,100,2021-06-23 16:15:00,VNTR
4.78,4.78,4.78,4.78,100,2021-06-23 16:18:00,VNTR
4.78,4.78,4.78,4.78,100,2021-06-23 16:22:00,VNTR
4.78,4.8,4.78,4.8,500,2021-06-23 16:26:00,VNTR
4.8,4.815,4.8,4.8,18211,2021-06-23 16:27:00,VNTR
4.8075,4.8075,4.8,4.8,600,2021-06-23 16:28:00,VNTR
4.8,4.8,4.8,4.8,7594,2021-06-23 16:29:00,VNTR
4.78,4.78,4.78,4.78,100,2021-06-23 16:34:00,VNTR
4.78,4.78,4.78,4.78,200,2021-06-23 16:35:00,VNTR
4.78,4.78,4.78,4.78,100,2021-06-23 16:36:00,VNTR
4.78,4.78,4.78,4.78,300,2021-06-23 16:37:00,VNTR
4.78,4.78,4.78,4.78,200,2021-06-23 16:38:00,VNTR
4.78,4.78,4.78,4.78,100,2021-06-23 16:39:00,VNTR
4.77,4.77,4.75,4.75,400,2021-06-23 16:40:00,VNTR
4.75,4.75,4.75,4.75,100,2021-06-23 16:41:00,VNTR
4.75,4.75,4.75,4.75,200,2021-06-23 16:42:00,VNTR
4.75,4.75,4.75,4.75,100,2021-06-23 16:43:00,VNTR
4.76,4.76,4.76,4.76,300,2021-06-23 16:44:00,VNTR
4.76,4.76,4.75,4.75,200,2021-06-23 16:45:00,VNTR
4.75,4.75,4.75,4.75,200,2021-06-23 16:46:00,VNTR
4.7787,4.7787,4.75,4.75,449,2021-06-23 16:47:00,VNTR
4.77,4.785,4.77,4.785,1622,2021-06-23 16:48:00,VNTR
4.7899,4.7899,4.7899,4.7899,400,2021-06-23 16:58:00,VNTR
4.77,4.77,4.77,4.77,100,2021-06-23 17:00:00,VNTR
4.77,4.77,4.77,4.77,100,2021-06-23 17:02:00,VNTR
4.78,4.78,4.78,4.78,200,2021-06-23 17:04:00,VNTR
4.78,4.78,4.78,4.78,1100,2021-06-23 17:05:00,VNTR
4.79,4.79,4.79,4.79,368,2021-06-23 17:07:00,VNTR
4.79,4.79,4.78,4.78,300,2021-06-23 17:18:00,VNTR
4.8,4.815,4.8,4.8,2300,2021-06-23 17:21:00,VNTR
4.8,4.8,4.8,4.8,1600,2021-06-23 17:22:00,VNTR
4.8,4.81,4.8,4.81,2200,2021-06-23 17:24:00,VNTR
4.8,4.8,4.8,4.8,1600,2021-06-23 17:27:00,VNTR
4.8,4.8,4.8,4.8,200,2021-06-23 17:29:00,VNTR
4.8,4.8,4.8,4.8,100,2021-06-23 17:30:00,VNTR
4.8,4.8004,4.8,4.8,1541,2021-06-23 17:31:00,VNTR
4.79,4.79,4.79,4.79,100,2021-06-23 17:34:00,VNTR
4.805,4.805,4.805,4.805,317,2021-06-23 17:36:00,VNTR
4.805,4.805,4.805,4.805,300,2021-06-23 17:39:00,VNTR
4.805,4.805,4.805,4.805,255,2021-06-23 17:40:00,VNTR
4.8,4.8,4.8,4.8,316,2021-06-23 17:41:00,VNTR
4.79,4.79,4.79,4.79,100,2021-06-23 17:42:00,VNTR
4.79,4.79,4.79,4.79,100,2021-06-23 17:43:00,VNTR
4.79,4.79,4.79,4.79,100,2021-06-23 17:45:00,VNTR
4.79,4.79,4.79,4.79,100,2021-06-23 17:48:00,VNTR
4.79,4.79,4.79,4.79,100,2021-06-23 17:51:00,VNTR
4.795,4.795,4.79,4.79,200,2021-06-23 17:52:00,VNTR
4.79,4.79,4.79,4.79,100,2021-06-23 17:53:00,VNTR
4.7981,4.7981,4.7981,4.7981,100,2021-06-23 17:56:00,VNTR
4.8,4.805,4.8,4.805,1992,2021-06-23 17:57:00,VNTR
4.8,4.8099,4.8,4.805,636,2021-06-23 17:58:00,VNTR
4.8,4.8,4.8,4.8,200,2021-06-23 17:59:00,VNTR
4.8,4.8,4.78,4.78,300,2021-06-23 18:01:00,VNTR
4.77,4.77,4.77,4.77,100,2021-06-23 18:08:00,VNTR
4.79,4.805,4.79,4.79,1710,2021-06-23 18:09:00,VNTR
4.7916,4.805,4.7916,4.805,630,2021-06-23 18:11:00,VNTR
4.805,4.805,4.805,4.805,100,2021-06-23 18:12:00,VNTR
4.8,4.8,4.8,4.8,200,2021-06-23 18:14:00,VNTR
4.78,4.78,4.78,4.78,300,2021-06-23 18:20:00,VNTR
4.7801,4.8,4.78,4.8,2449,2021-06-23 18:21:00,VNTR
4.8,4.8,4.8,4.8,300,2021-06-23 18:22:00,VNTR
4.78,4.8,4.78,4.8,599,2021-06-23 18:24:00,VNTR
4.78,4.78,4.78,4.78,120,2021-06-23 18:31:00,VNTR
4.8,4.8,4.78,4.78,710,2021-06-23 18:33:00,VNTR
4.78,4.79,4.78,4.78,850,2021-06-23 18:34:00,VNTR
4.785,4.785,4.785,4.785,200,2021-06-23 18:37:00,VNTR
4.78,4.78,4.78,4.78,200,2021-06-23 18:40:00,VNTR
4.7899,4.79,4.78,4.78,619,2021-06-23 18:42:00,VNTR
4.78,4.79,4.78,4.78,1200,2021-06-23 18:44:00,VNTR
4.8097,4.8097,4.8097,4.8097,1000,2021-06-23 18:48:00,VNTR
4.78,4.78,4.78,4.78,100,2021-06-23 18:50:00,VNTR
4.7838,4.8,4.78,4.8,699,2021-06-23 18:54:00,VNTR
4.78,4.78,4.78,4.78,400,2021-06-23 18:57:00,VNTR
4.79,4.79,4.79,4.79,100,2021-06-23 19:01:00,VNTR
4.79,4.79,4.79,4.79,100,2021-06-23 19:02:00,VNTR
4.79,4.79,4.79,4.79,100,2021-06-23 19:03:00,VNTR
4.79,4.79,4.78,4.78,600,2021-06-23 19:04:00,VNTR
4.78,4.78,4.78,4.78,100,2021-06-23 19:07:00,VNTR
4.79,4.79,4.79,4.79,100,2021-06-23 19:08:00,VNTR
4.79,4.8,4.78,4.78,1888,2021-06-23 19:09:00,VNTR
4.79,4.79,4.79,4.79,100,2021-06-23 19:10:00,VNTR
4.78,4.78,4.78,4.78,100,2021-06-23 19:11:00,VNTR
4.78,4.78,4.78,4.78,100,2021-06-23 19:12:00,VNTR
4.77,4.77,4.75,4.75,1113,2021-06-23 19:15:00,VNTR
4.76,4.7601,4.76,4.7601,1200,2021-06-23 19:18:00,VNTR
4.76,4.76,4.76,4.76,100,2021-06-23 19:20:00,VNTR
4.76,4.76,4.76,4.76,100,2021-06-23 19:21:00,VNTR
4.76,4.76,4.76,4.76,100,2021-06-23 19:22:00,VNTR
4.76,4.76,4.76,4.76,100,2021-06-23 19:25:00,VNTR
4.76,4.76,4.76,4.76,100,2021-06-23 19:27:00,VNTR
4.76,4.77,4.76,4.77,400,2021-06-23 19:28:00,VNTR
4.78,4.78,4.775,4.775,1484,2021-06-23 19:30:00,VNTR
4.76,4.76,4.76,4.76,996,2021-06-23 19:38:00,VNTR
4.76,4.76,4.76,4.76,100,2021-06-23 19:39:00,VNTR
4.76,4.775,4.76,4.775,300,2021-06-23 19:40:00,VNTR
4.77,4.78,4.77,4.77,1400,2021-06-23 19:41:00,VNTR
4.77,4.77,4.77,4.77,100,2021-06-23 19:43:00,VNTR
4.78,4.78,4.78,4.78,2700,2021-06-23 19:44:00,VNTR
4.77,4.77,4.77,4.77,200,2021-06-23 19:45:00,VNTR
4.77,4.785,4.77,4.785,3411,2021-06-23 19:46:00,VNTR
4.77,4.77,4.77,4.77,100,2021-06-23 19:47:00,VNTR
4.7898,4.7898,4.78,4.78,1100,2021-06-23 19:49:00,VNTR
4.77,4.7852,4.77,4.7852,201,2021-06-23 19:50:00,VNTR
4.77,4.7705,4.76,4.7705,3900,2021-06-23 19:51:00,VNTR
4.775,4.79,4.775,4.78,600,2021-06-23 19:52:00,VNTR
4.78,4.78,4.76,4.76,3800,2021-06-23 19:53:00,VNTR
4.77,4.79,4.77,4.79,7554,2021-06-23 19:54:00,VNTR
4.79,4.79,4.79,4.79,653,2021-06-23 19:55:00,VNTR
4.78,4.8,4.78,4.8,2935,2021-06-23 19:56:00,VNTR
4.8,4.8,4.78,4.79,2771,2021-06-23 19:57:00,VNTR
4.78,4.8,4.77,4.78,7532,2021-06-23 19:58:00,VNTR
4.78,4.79,4.76,4.78,10614,2021-06-23 19:59:00,VNTR
4.78,4.78,4.78,4.78,1602,2021-06-23 20:00:00,VNTR
4.78,4.78,4.78,4.78,100,2021-06-23 20:17:00,VNTR
4.9299,4.9299,4.9299,4.9299,100,2021-06-24 13:09:00,VNTR
4.83,4.83,4.83,4.83,2041,2021-06-24 13:30:00,VNTR
4.82,4.82,4.801,4.801,400,2021-06-24 13:35:00,VNTR
4.8,4.8,4.74,4.75,5120,2021-06-24 13:36:00,VNTR
4.76,4.76,4.76,4.76,300,2021-06-24 13:38:00,VNTR
4.76,4.77,4.76,4.77,1400,2021-06-24 13:39:00,VNTR
4.78,4.78,4.78,4.78,300,2021-06-24 13:41:00,VNTR
4.78,4.78,4.78,4.78,100,2021-06-24 13:43:00,VNTR
4.76,4.76,4.76,4.76,100,2021-06-24 13:44:00,VNTR
4.7638,4.7638,4.76,4.76,1400,2021-06-24 13:46:00,VNTR
4.76,4.76,4.76,4.76,293,2021-06-24 13:48:00,VNTR
4.76,4.76,4.76,4.76,500,2021-06-24 13:49:00,VNTR
4.73,4.75,4.73,4.75,800,2021-06-24 13:51:00,VNTR
4.72,4.72,4.72,4.72,100,2021-06-24 13:52:00,VNTR
4.75,4.75,4.74,4.74,1353,2021-06-24 13:54:00,VNTR
4.74,4.74,4.74,4.74,100,2021-06-24 13:56:00,VNTR
4.74,4.74,4.74,4.74,100,2021-06-24 13:57:00,VNTR
4.74,4.74,4.74,4.74,300,2021-06-24 13:59:00,VNTR
4.7401,4.7401,4.74,4.74,413,2021-06-24 14:00:00,VNTR
4.75,4.75,4.75,4.75,6528,2021-06-24 14:01:00,VNTR
4.73,4.73,4.73,4.73,100,2021-06-24 14:02:00,VNTR
4.7499,4.7499,4.73,4.73,2300,2021-06-24 14:04:00,VNTR
4.75,4.76,4.75,4.76,900,2021-06-24 14:05:00,VNTR
4.7699,4.77,4.7699,4.7699,1704,2021-06-24 14:07:00,VNTR
4.765,4.765,4.765,4.765,1895,2021-06-24 14:09:00,VNTR
4.7799,4.7799,4.75,4.75,4200,2021-06-24 14:10:00,VNTR
4.75,4.75,4.75,4.75,100,2021-06-24 14:11:00,VNTR
4.78,4.78,4.76,4.76,200,2021-06-24 14:13:00,VNTR
4.76,4.76,4.76,4.76,100,2021-06-24 14:14:00,VNTR
4.76,4.76,4.76,4.76,100,2021-06-24 14:15:00,VNTR
4.76,4.7799,4.76,4.7799,650,2021-06-24 14:16:00,VNTR
4.78,4.78,4.78,4.78,600,2021-06-24 14:19:00,VNTR
4.79,4.8,4.79,4.8,17200,2021-06-24 14:20:00,VNTR
4.79,4.79,4.79,4.79,200,2021-06-24 14:23:00,VNTR
4.775,4.775,4.775,4.775,320,2021-06-24 14:24:00,VNTR
4.76,4.76,4.76,4.76,300,2021-06-24 14:26:00,VNTR
4.76,4.76,4.76,4.76,100,2021-06-24 14:30:00,VNTR
4.76,4.76,4.76,4.76,100,2021-06-24 14:32:00,VNTR
4.76,4.76,4.76,4.76,200,2021-06-24 14:33:00,VNTR
4.76,4.76,4.76,4.76,100,2021-06-24 14:35:00,VNTR
4.76,4.76,4.76,4.76,224,2021-06-24 14:36:00,VNTR
4.75,4.75,4.75,4.75,849,2021-06-24 14:38:00,VNTR
4.7592,4.7592,4.74,4.74,368,2021-06-24 14:39:00,VNTR
4.75,4.75,4.75,4.75,100,2021-06-24 14:40:00,VNTR
4.74,4.74,4.74,4.74,200,2021-06-24 14:41:00,VNTR
4.73,4.73,4.73,4.73,1214,2021-06-24 14:42:00,VNTR
4.74,4.77,4.74,4.77,4400,2021-06-24 14:44:00,VNTR
4.7471,4.7471,4.7471,4.7471,100,2021-06-24 14:49:00,VNTR
4.76,4.76,4.73,4.73,200,2021-06-24 14:50:00,VNTR
4.73,4.73,4.73,4.73,200,2021-06-24 14:52:00,VNTR
4.73,4.75,4.73,4.75,600,2021-06-24 14:53:00,VNTR
4.75,4.75,4.75,4.75,300,2021-06-24 14:54:00,VNTR
4.76,4.76,4.76,4.76,500,2021-06-24 14:58:00,VNTR
4.75,4.76,4.75,4.76,200,2021-06-24 15:01:00,VNTR
4.75,4.75,4.75,4.75,100,2021-06-24 15:03:00,VNTR
4.75,4.75,4.75,4.75,100,2021-06-24 15:04:00,VNTR
4.75,4.76,4.75,4.76,200,2021-06-24 15:05:00,VNTR
4.75,4.76,4.75,4.76,600,2021-06-24 15:08:00,VNTR
4.75,4.75,4.75,4.75,100,2021-06-24 15:09:00,VNTR
4.75,4.75,4.75,4.75,100,2021-06-24 15:11:00,VNTR
4.75,4.75,4.75,4.75,100,2021-06-24 15:13:00,VNTR
4.75,4.75,4.75,4.75,710,2021-06-24 15:15:00,VNTR
4.74,4.76,4.74,4.76,300,2021-06-24 15:18:00,VNTR
4.76,4.76,4.76,4.76,200,2021-06-24 15:21:00,VNTR
4.76,4.76,4.76,4.76,200,2021-06-24 15:25:00,VNTR
4.77,4.77,4.77,4.77,200,2021-06-24 15:26:00,VNTR
4.76,4.76,4.76,4.76,100,2021-06-24 15:28:00,VNTR
4.76,4.76,4.76,4.76,100,2021-06-24 15:30:00,VNTR
4.78,4.78,4.77,4.77,200,2021-06-24 15:32:00,VNTR
4.78,4.78,4.78,4.78,800,2021-06-24 15:35:00,VNTR
4.78,4.78,4.78,4.78,100,2021-06-24 15:37:00,VNTR
4.78,4.78,4.78,4.78,200,2021-06-24 15:39:00,VNTR
4.78,4.7833,4.78,4.7833,544,2021-06-24 15:45:00,VNTR
4.7973,4.7973,4.7973,4.7973,900,2021-06-24 15:50:00,VNTR
4.8,4.815,4.8,4.815,2860,2021-06-24 15:52:00,VNTR
4.81,4.8796,4.8,4.86,52952,2021-06-24 15:53:00,VNTR
4.88,4.88,4.8649,4.8649,700,2021-06-24 15:54:00,VNTR
4.864,4.864,4.864,4.864,104,2021-06-24 15:56:00,VNTR
4.86,4.86,4.8501,4.8501,921,2021-06-24 15:57:00,VNTR
4.85,4.85,4.85,4.85,100,2021-06-24 15:58:00,VNTR
4.84,4.84,4.84,4.84,900,2021-06-24 16:00:00,VNTR
4.84,4.85,4.84,4.8497,400,2021-06-24 16:01:00,VNTR
4.85,4.86,4.84,4.849,15896,2021-06-24 16:03:00,VNTR
4.85,4.85,4.85,4.85,1000,2021-06-24 16:04:00,VNTR
4.84,4.84,4.84,4.84,1711,2021-06-24 16:08:00,VNTR
4.8313,4.8313,4.8313,4.8313,206,2021-06-24 16:09:00,VNTR
4.8499,4.8499,4.8499,4.8499,100,2021-06-24 16:10:00,VNTR
4.84,4.85,4.8345,4.85,4500,2021-06-24 16:11:00,VNTR
4.83,4.83,4.83,4.83,100,2021-06-24 16:12:00,VNTR
4.83,4.87,4.83,4.87,17940,2021-06-24 16:13:00,VNTR
4.88,4.91,4.87,4.895,10727,2021-06-24 16:14:00,VNTR
4.88,4.88,4.88,4.88,100,2021-06-24 16:21:00,VNTR
4.88,4.88,4.88,4.88,1000,2021-06-24 16:23:00,VNTR
4.88,4.88,4.88,4.88,100,2021-06-24 16:25:00,VNTR
4.89,4.89,4.89,4.89,100,2021-06-24 16:27:00,VNTR
4.9,4.92,4.9,4.9,4081,2021-06-24 16:29:00,VNTR
4.895,4.895,4.895,4.895,100,2021-06-24 16:32:00,VNTR
4.91,4.91,4.91,4.91,136,2021-06-24 16:35:00,VNTR
4.895,4.91,4.895,4.8975,1100,2021-06-24 16:37:00,VNTR
4.93,4.93,4.93,4.93,100,2021-06-24 16:40:00,VNTR
4.9298,4.93,4.92,4.93,700,2021-06-24 16:45:00,VNTR
4.93,4.93,4.93,4.93,405,2021-06-24 16:47:00,VNTR
4.95,4.95,4.95,4.95,100,2021-06-24 16:48:00,VNTR
4.95,4.95,4.95,4.95,100,2021-06-24 16:49:00,VNTR
4.93,4.93,4.93,4.93,100,2021-06-24 16:50:00,VNTR
4.95,4.95,4.95,4.95,100,2021-06-24 16:52:00,VNTR
4.93,4.93,4.93,4.93,100,2021-06-24 16:53:00,VNTR
4.95,4.97,4.95,4.97,2830,2021-06-24 16:55:00,VNTR
4.962,4.962,4.962,4.962,100,2021-06-24 16:56:00,VNTR
4.975,4.99,4.97,4.99,1000,2021-06-24 16:59:00,VNTR
4.99,4.99,4.99,4.99,100,2021-06-24 17:01:00,VNTR
4.975,4.975,4.975,4.975,100,2021-06-24 17:02:00,VNTR
4.975,4.975,4.975,4.975,200,2021-06-24 17:03:00,VNTR
4.9601,4.9601,4.9601,4.9601,100,2021-06-24 17:05:00,VNTR
4.97,4.98,4.97,4.97,1700,2021-06-24 17:06:00,VNTR
4.99,4.99,4.98,4.99,2990,2021-06-24 17:08:00,VNTR
4.98,4.98,4.97,4.97,700,2021-06-24 17:11:00,VNTR
4.965,4.965,4.965,4.965,200,2021-06-24 17:13:00,VNTR
4.965,4.98,4.95,4.98,3200,2021-06-24 17:14:00,VNTR
4.97,4.97,4.97,4.97,100,2021-06-24 17:16:00,VNTR
4.97,4.97,4.97,4.97,400,2021-06-24 17:17:00,VNTR
4.98,4.98,4.98,4.98,2000,2021-06-24 17:19:00,VNTR
4.95,4.98,4.95,4.98,700,2021-06-24 17:21:00,VNTR
4.97,4.97,4.97,4.97,100,2021-06-24 17:22:00,VNTR
4.9601,4.9601,4.9601,4.9601,500,2021-06-24 17:23:00,VNTR
4.97,4.97,4.97,4.97,100,2021-06-24 17:25:00,VNTR
4.97,4.97,4.97,4.97,100,2021-06-24 17:28:00,VNTR
4.98,4.98,4.98,4.98,100,2021-06-24 17:32:00,VNTR
4.97,4.97,4.97,4.97,100,2021-06-24 17:33:00,VNTR
4.97,4.97,4.97,4.97,100,2021-06-24 17:36:00,VNTR
4.97,4.97,4.97,4.97,100,2021-06-24 17:38:00,VNTR
4.98,4.98,4.98,4.98,100,2021-06-24 17:40:00,VNTR
4.97,4.98,4.97,4.98,204,2021-06-24 17:43:00,VNTR
4.9601,5.04,4.9601,5.04,7182,2021-06-24 17:44:00,VNTR
5.05,5.05,5.03,5.03,300,2021-06-24 17:45:00,VNTR
5.05,5.05,5.05,5.05,460,2021-06-24 17:46:00,VNTR
5.05,5.05,5.05,5.05,400,2021-06-24 17:47:00,VNTR
5.03,5.03,5.03,5.03,100,2021-06-24 17:48:00,VNTR
5.03,5.05,5.03,5.05,847,2021-06-24 17:50:00,VNTR
5.03,5.04,5.03,5.04,375,2021-06-24 17:51:00,VNTR
5.045,5.045,5.045,5.045,100,2021-06-24 17:52:00,VNTR
5.045,5.045,5.045,5.045,200,2021-06-24 17:54:00,VNTR
5.04,5.04,5.04,5.04,200,2021-06-24 17:55:00,VNTR
5.04,5.04,5.04,5.04,100,2021-06-24 17:56:00,VNTR
5.0301,5.0301,5.03,5.03,2640,2021-06-24 17:58:00,VNTR
5.03,5.03,5.025,5.025,385,2021-06-24 18:00:00,VNTR
5.05,5.05,5.05,5.05,500,2021-06-24 18:03:00,VNTR
5.04,5.04,5.04,5.04,200,2021-06-24 18:04:00,VNTR
5.04,5.04,5.04,5.04,423,2021-06-24 18:05:00,VNTR
5.04,5.05,5.04,5.05,1384,2021-06-24 18:06:00,VNTR
5.045,5.05,5.045,5.05,600,2021-06-24 18:07:00,VNTR
5.06,5.06,5.06,5.06,100,2021-06-24 18:08:00,VNTR
5.05,5.05,5.04,5.04,250,2021-06-24 18:10:00,VNTR
5.04,5.04,5.02,5.02,1200,2021-06-24 18:11:00,VNTR
5.015,5.015,5.015,5.015,100,2021-06-24 18:15:00,VNTR
5.015,5.015,5.0,5.0,6023,2021-06-24 18:23:00,VNTR
5.0004,5.04,5.0,5.04,24210,2021-06-24 18:24:00,VNTR
5.04,5.04,5.04,5.04,630,2021-06-24 18:27:00,VNTR
5.05,5.05,5.04,5.04,300,2021-06-24 18:28:00,VNTR
5.035,5.035,5.02,5.02,200,2021-06-24 18:29:00,VNTR
5.02,5.04,5.02,5.03,800,2021-06-24 18:31:00,VNTR
5.02,5.02,5.02,5.02,100,2021-06-24 18:32:00,VNTR
5.02,5.02,5.02,5.02,1114,2021-06-24 18:33:00,VNTR
5.02,5.02,5.02,5.02,100,2021-06-24 18:34:00,VNTR
5.01,5.02,5.01,5.02,3888,2021-06-24 18:35:00,VNTR
5.01,5.01,5.01,5.01,400,2021-06-24 18:36:00,VNTR
5.0199,5.0199,5.0,5.0,2092,2021-06-24 18:37:00,VNTR
5.0078,5.0112,5.0,5.0,3132,2021-06-24 18:38:00,VNTR
5.0,5.0,5.0,5.0,100,2021-06-24 18:39:00,VNTR
5.01,5.02,5.0,5.0,300,2021-06-24 18:41:00,VNTR
5.01,5.02,5.01,5.02,200,2021-06-24 18:42:00,VNTR
5.0,5.0,5.0,5.0,100,2021-06-24 18:43:00,VNTR
5.0,5.0,5.0,5.0,100,2021-06-24 18:44:00,VNTR
5.0,5.03,5.0,5.03,2300,2021-06-24 18:48:00,VNTR
5.0392,5.0392,5.0392,5.0392,250,2021-06-24 18:49:00,VNTR
5.0363,5.0363,5.0363,5.0363,200,2021-06-24 18:51:00,VNTR
5.03,5.06,5.03,5.04,12560,2021-06-24 18:53:00,VNTR
5.03,5.03,5.02,5.02,900,2021-06-24 18:54:00,VNTR
5.0101,5.0101,5.0101,5.0101,350,2021-06-24 18:56:00,VNTR
5.0101,5.0101,5.0101,5.0101,200,2021-06-24 18:57:00,VNTR
5.03,5.06,5.03,5.05,10700,2021-06-24 18:59:00,VNTR
5.06,5.06,5.0339,5.0339,304,2021-06-24 19:02:00,VNTR
5.05,5.05,5.03,5.03,600,2021-06-24 19:05:00,VNTR
5.02,5.03,5.02,5.03,200,2021-06-24 19:13:00,VNTR
5.02,5.03,5.02,5.03,200,2021-06-24 19:15:00,VNTR
5.02,5.04,5.02,5.04,200,2021-06-24 19:16:00,VNTR
5.02,5.02,5.02,5.02,100,2021-06-24 19:18:00,VNTR
5.03,5.03,5.02,5.02,762,2021-06-24 19:19:00,VNTR
5.02,5.02,5.01,5.01,1290,2021-06-24 19:21:00,VNTR
5.0,5.02,4.99,5.02,14265,2021-06-24 19:24:00,VNTR
5.01,5.01,5.01,5.01,100,2021-06-24 19:28:00,VNTR
5.01,5.01,5.01,5.01,100,2021-06-24 19:29:00,VNTR
5.02,5.02,5.0159,5.0159,200,2021-06-24 19:31:00,VNTR
5.01,5.01,5.01,5.01,100,2021-06-24 19:33:00,VNTR
5.0,5.0,5.0,5.0,200,2021-06-24 19:34:00,VNTR
5.0,5.0,5.0,5.0,124,2021-06-24 19:35:00,VNTR
5.0,5.02,5.0,5.02,2600,2021-06-24 19:36:00,VNTR
5.0,5.01,5.0,5.01,800,2021-06-24 19:38:00,VNTR
5.01,5.01,5.01,5.01,100,2021-06-24 19:39:00,VNTR
5.02,5.02,5.0,5.0,1624,2021-06-24 19:40:00,VNTR
5.0,5.01,5.0,5.01,400,2021-06-24 19:41:00,VNTR
5.0099,5.02,5.0099,5.02,1500,2021-06-24 19:42:00,VNTR
5.02,5.02,5.02,5.02,1058,2021-06-24 19:43:00,VNTR
5.02,5.02,5.01,5.02,701,2021-06-24 19:44:00,VNTR
5.02,5.03,5.01,5.03,400,2021-06-24 19:45:00,VNTR
5.01,5.01,5.0,5.0,2045,2021-06-24 19:47:00,VNTR
5.02,5.02,5.0,5.0,300,2021-06-24 19:48:00,VNTR
5.0,5.0,5.0,5.0,100,2021-06-24 19:49:00,VNTR
5.02,5.04,5.01,5.01,1790,2021-06-24 19:50:00,VNTR
5.02,5.03,5.02,5.03,2488,2021-06-24 19:51:00,VNTR
5.02,5.02,5.01,5.02,300,2021-06-24 19:52:00,VNTR
5.02,5.03,5.0,5.0,1900,2021-06-24 19:53:00,VNTR
5.0028,5.02,5.0,5.0,9100,2021-06-24 19:54:00,VNTR
5.0,5.02,5.0,5.0,5300,2021-06-24 19:55:00,VNTR
5.005,5.02,5.0,5.02,3303,2021-06-24 19:56:00,VNTR
5.01,5.03,5.01,5.01,2288,2021-06-24 19:57:00,VNTR
5.02,5.03,5.01,5.03,900,2021-06-24 19:58:00,VNTR
5.03,5.04,5.01,5.03,8284,2021-06-24 19:59:00,VNTR
5.03,5.03,5.03,5.03,31755,2021-06-24 20:00:00,VNTR
5.1,5.1,5.1,5.1,100,2021-06-25 11:00:00,VNTR
5.1,5.1,5.1,5.1,100,2021-06-25 11:14:00,VNTR
5.04,5.04,5.04,5.04,6257,2021-06-25 13:30:00,VNTR
5.045,5.045,5.04,5.04,263,2021-06-25 13:33:00,VNTR
5.04,5.04,5.0,5.03,468,2021-06-25 13:35:00,VNTR
5.04,5.06,5.04,5.06,1274,2021-06-25 13:37:00,VNTR
5.06,5.06,5.06,5.06,100,2021-06-25 13:38:00,VNTR
5.04,5.08,5.04,5.05,572,2021-06-25 13:40:00,VNTR
5.0401,5.06,5.0401,5.06,300,2021-06-25 13:41:00,VNTR
5.06,5.06,5.06,5.06,100,2021-06-25 13:42:00,VNTR
5.08,5.08,5.08,5.08,100,2021-06-25 13:43:00,VNTR
5.05,5.05,5.05,5.05,100,2021-06-25 13:44:00,VNTR
5.08,5.08,5.05,5.05,200,2021-06-25 13:46:00,VNTR
5.05,5.05,5.05,5.05,100,2021-06-25 13:48:00,VNTR
5.08,5.08,5.06,5.06,200,2021-06-25 13:50:00,VNTR
5.05,5.05,5.05,5.05,200,2021-06-25 13:51:00,VNTR
5.05,5.05,5.05,5.05,200,2021-06-25 13:52:00,VNTR
5.0706,5.0706,5.0706,5.0706,900,2021-06-25 13:53:00,VNTR
5.06,5.06,5.055,5.055,200,2021-06-25 13:54:00,VNTR
5.07,5.07,5.05,5.06,3770,2021-06-25 13:55:00,VNTR
5.04,5.04,5.04,5.04,100,2021-06-25 13:56:00,VNTR
5.04,5.055,5.04,5.055,800,2021-06-25 13:58:00,VNTR
5.04,5.04,5.03,5.03,997,2021-06-25 14:00:00,VNTR
5.025,5.025,5.025,5.025,100,2021-06-25 14:01:00,VNTR
5.025,5.05,5.0,5.05,3000,2021-06-25 14:03:00,VNTR
5.05,5.05,5.05,5.05,200,2021-06-25 14:04:00,VNTR
5.05,5.05,5.05,5.05,100,2021-06-25 14:07:00,VNTR
5.03,5.03,5.03,5.03,100,2021-06-25 14:08:00,VNTR
5.05,5.05,5.05,5.05,100,2021-06-25 14:09:00,VNTR
5.03,5.08,5.03,5.08,948,2021-06-25 14:10:00,VNTR
5.07,5.09,5.07,5.09,400,2021-06-25 14:11:00,VNTR
5.0974,5.11,5.0935,5.1,5116,2021-06-25 14:12:00,VNTR
5.11,5.11,5.11,5.11,100,2021-06-25 14:13:00,VNTR
5.13,5.13,5.13,5.13,100,2021-06-25 14:14:00,VNTR
5.13,5.13,5.12,5.12,300,2021-06-25 14:15:00,VNTR
5.11,5.13,5.11,5.12,1600,2021-06-25 14:16:00,VNTR
5.12,5.12,5.1,5.11,2296,2021-06-25 14:17:00,VNTR
5.085,5.085,5.085,5.085,100,2021-06-25 14:18:00,VNTR
5.085,5.085,5.07,5.07,200,2021-06-25 14:20:00,VNTR
5.06,5.06,5.06,5.06,100,2021-06-25 14:21:00,VNTR
5.06,5.0969,5.06,5.0969,200,2021-06-25 14:23:00,VNTR
5.06,5.06,5.06,5.06,100,2021-06-25 14:24:00,VNTR
5.06,5.06,5.06,5.06,100,2021-06-25 14:28:00,VNTR
5.06,5.075,5.06,5.075,300,2021-06-25 14:30:00,VNTR
5.075,5.08,5.05,5.08,10151,2021-06-25 14:31:00,VNTR
5.08,5.08,5.065,5.065,800,2021-06-25 14:32:00,VNTR
5.065,5.065,5.065,5.065,100,2021-06-25 14:34:00,VNTR
5.06,5.08,5.06,5.075,1202,2021-06-25 14:36:00,VNTR
5.075,5.075,5.075,5.075,200,2021-06-25 14:38:00,VNTR
5.075,5.09,5.075,5.09,300,2021-06-25 14:42:00,VNTR
5.09,5.095,5.075,5.095,32555,2021-06-25 14:44:00,VNTR
5.09,5.09,5.09,5.09,300,2021-06-25 14:45:00,VNTR
5.09,5.09,5.09,5.09,100,2021-06-25 14:46:00,VNTR
5.09,5.095,5.09,5.095,620,2021-06-25 14:47:00,VNTR
5.095,5.095,5.095,5.095,1400,2021-06-25 14:49:00,VNTR
5.09,5.095,5.07,5.09,2622,2021-06-25 14:50:00,VNTR
5.06,5.06,5.06,5.06,500,2021-06-25 14:51:00,VNTR
5.08,5.08,5.08,5.08,9863,2021-06-25 14:54:00,VNTR
5.09,5.095,5.09,5.095,942,2021-06-25 14:55:00,VNTR
5.09,5.0915,5.09,5.0915,2000,2021-06-25 14:56:00,VNTR
5.1,5.11,5.095,5.11,1700,2021-06-25 14:57:00,VNTR
5.13,5.13,5.13,5.13,100,2021-06-25 14:58:00,VNTR
5.12,5.12,5.12,5.12,100,2021-06-25 15:00:00,VNTR
5.11,5.11,5.11,5.11,300,2021-06-25 15:01:00,VNTR
5.105,5.1293,5.1,5.1293,600,2021-06-25 15:02:00,VNTR
5.1,5.1,5.1,5.1,100,2021-06-25 15:03:00,VNTR
5.115,5.115,5.115,5.115,100,2021-06-25 15:04:00,VNTR
5.115,5.121,5.11,5.121,1469,2021-06-25 15:05:00,VNTR
5.1299,5.1299,5.1299,5.1299,200,2021-06-25 15:06:00,VNTR
5.115,5.115,5.1,5.1,591,2021-06-25 15:07:00,VNTR
5.115,5.115,5.1,5.1,200,2021-06-25 15:08:00,VNTR
5.1,5.115,5.1,5.115,200,2021-06-25 15:11:00,VNTR
5.1,5.1,5.1,5.1,100,2021-06-25 15:12:00,VNTR
5.11,5.11,5.11,5.11,500,2021-06-25 15:13:00,VNTR
5.1,5.11,5.1,5.11,200,2021-06-25 15:15:00,VNTR
5.11,5.11,5.11,5.11,200,2021-06-25 15:17:00,VNTR
5.11,5.11,5.1,5.1,2705,2021-06-25 15:20:00,VNTR
5.08,5.08,5.08,5.08,326,2021-06-25 15:21:00,VNTR
5.09,5.09,5.08,5.08,200,2021-06-25 15:22:00,VNTR
5.08,5.08,5.08,5.08,100,2021-06-25 15:24:00,VNTR
5.08,5.08,5.08,5.08,100,2021-06-25 15:25:00,VNTR
5.08,5.08,5.08,5.08,100,2021-06-25 15:26:00,VNTR
5.09,5.09,5.08,5.08,300,2021-06-25 15:27:00,VNTR
5.09,5.09,5.09,5.09,400,2021-06-25 15:29:00,VNTR
5.08,5.08,5.05,5.05,7055,2021-06-25 15:31:00,VNTR
5.05,5.08,5.05,5.08,200,2021-06-25 15:34:00,VNTR
5.05,5.065,5.05,5.065,1477,2021-06-25 15:35:00,VNTR
5.05,5.065,5.01,5.01,1266,2021-06-25 15:36:00,VNTR
5.02,5.06,5.02,5.05,4400,2021-06-25 15:39:00,VNTR
5.05,5.0696,5.05,5.0696,200,2021-06-25 15:41:00,VNTR
5.07,5.07,5.07,5.07,28179,2021-06-25 15:42:00,VNTR
5.07,5.07,5.07,5.07,100,2021-06-25 15:44:00,VNTR
5.07,5.07,5.07,5.07,100,2021-06-25 15:47:00,VNTR
5.06,5.06,5.06,5.06,100,2021-06-25 15:48:00,VNTR
5.07,5.07,5.07,5.07,100,2021-06-25 15:49:00,VNTR
5.07,5.09,5.07,5.07,1620,2021-06-25 15:50:00,VNTR
5.05,5.09,5.05,5.09,200,2021-06-25 15:51:00,VNTR
5.07,5.07,5.07,5.07,100,2021-06-25 15:52:00,VNTR
5.05,5.05,5.05,5.05,100,2021-06-25 15:53:00,VNTR
5.09,5.09,5.09,5.09,100,2021-06-25 15:55:00,VNTR
5.07,5.07,5.05,5.05,200,2021-06-25 15:56:00,VNTR
5.05,5.09,5.05,5.09,300,2021-06-25 15:59:00,VNTR
5.07,5.07,5.07,5.07,200,2021-06-25 16:00:00,VNTR
5.07,5.07,5.07,5.07,300,2021-06-25 16:01:00,VNTR
5.08,5.09,5.075,5.09,600,2021-06-25 16:02:00,VNTR
5.06,5.06,5.06,5.06,100,2021-06-25 16:03:00,VNTR
5.075,5.09,5.07,5.07,600,2021-06-25 16:04:00,VNTR
5.09,5.09,5.08,5.08,200,2021-06-25 16:06:00,VNTR
5.09,5.09,5.08,5.08,400,2021-06-25 16:08:00,VNTR
5.08,5.09,5.08,5.09,200,2021-06-25 16:10:00,VNTR
5.09,5.09,5.0827,5.0827,1100,2021-06-25 16:11:00,VNTR
5.09,5.09,5.09,5.09,300,2021-06-25 16:12:00,VNTR
5.08,5.12,5.08,5.105,28039,2021-06-25 16:13:00,VNTR
5.1,5.1,5.08,5.09,2600,2021-06-25 16:14:00,VNTR
5.08,5.095,5.08,5.08,1000,2021-06-25 16:15:00,VNTR
5.09,5.09,5.08,5.08,600,2021-06-25 16:16:00,VNTR
5.08,5.08,5.08,5.08,300,2021-06-25 16:17:00,VNTR
5.08,5.08,5.08,5.08,200,2021-06-25 16:18:00,VNTR
5.06,5.06,5.06,5.06,100,2021-06-25 16:19:00,VNTR
5.06,5.06,5.06,5.06,100,2021-06-25 16:21:00,VNTR
5.06,5.06,5.06,5.06,100,2021-06-25 16:23:00,VNTR
5.08,5.09,5.08,5.09,200,2021-06-25 16:25:00,VNTR
5.06,5.06,5.06,5.06,100,2021-06-25 16:27:00,VNTR
5.07,5.07,5.07,5.07,1500,2021-06-25 16:28:00,VNTR
5.09,5.09,5.06,5.06,200,2021-06-25 16:30:00,VNTR
5.1,5.1,5.08,5.08,2818,2021-06-25 16:31:00,VNTR
5.08,5.08,5.08,5.08,100,2021-06-25 16:32:00,VNTR
5.08,5.08,5.08,5.08,200,2021-06-25 16:33:00,VNTR
5.08,5.08,5.08,5.08,100,2021-06-25 16:34:00,VNTR
5.07,5.07,5.07,5.07,100,2021-06-25 16:35:00,VNTR
5.0601,5.1,5.06,5.08,550,2021-06-25 16:38:00,VNTR
5.08,5.08,5.08,5.08,100,2021-06-25 16:39:00,VNTR
5.08,5.08,5.08,5.08,200,2021-06-25 16:40:00,VNTR
5.08,5.08,5.08,5.08,112,2021-06-25 16:41:00,VNTR
5.08,5.08,5.08,5.08,100,2021-06-25 16:42:00,VNTR
5.1,5.1,5.1,5.1,100,2021-06-25 16:43:00,VNTR
5.07,5.1,5.07,5.09,600,2021-06-25 16:45:00,VNTR
5.08,5.08,5.08,5.08,200,2021-06-25 16:46:00,VNTR
5.09,5.09,5.09,5.09,100,2021-06-25 16:47:00,VNTR
5.08,5.09,5.06,5.08,7355,2021-06-25 16:48:00,VNTR
5.08,5.08,5.08,5.08,500,2021-06-25 16:50:00,VNTR
5.08,5.08,5.07,5.07,200,2021-06-25 16:53:00,VNTR
5.07,5.07,5.07,5.07,100,2021-06-25 16:54:00,VNTR
5.07,5.07,5.07,5.07,100,2021-06-25 16:55:00,VNTR
5.04,5.04,5.04,5.04,100,2021-06-25 16:58:00,VNTR
5.05,5.05,5.05,5.05,100,2021-06-25 16:59:00,VNTR
5.05,5.05,5.03,5.03,200,2021-06-25 17:01:00,VNTR
5.05,5.05,5.05,5.05,200,2021-06-25 17:02:00,VNTR
5.05,5.0525,5.05,5.0525,600,2021-06-25 17:03:00,VNTR
5.06,5.06,5.05,5.05,800,2021-06-25 17:05:00,VNTR
5.05,5.05,5.05,5.05,2000,2021-06-25 17:06:00,VNTR
5.06,5.06,5.06,5.06,100,2021-06-25 17:07:00,VNTR
5.06,5.08,5.06,5.08,200,2021-06-25 17:10:00,VNTR
5.06,5.06,5.06,5.06,200,2021-06-25 17:11:00,VNTR
5.05,5.05,5.05,5.05,100,2021-06-25 17:12:00,VNTR
5.06,5.06,5.06,5.06,100,2021-06-25 17:13:00,VNTR
5.0599,5.0599,5.0599,5.0599,1500,2021-06-25 17:14:00,VNTR
5.05,5.05,5.05,5.05,100,2021-06-25 17:15:00,VNTR
5.06,5.06,5.04,5.0598,15700,2021-06-25 17:17:00,VNTR
5.06,5.06,5.05,5.05,500,2021-06-25 17:18:00,VNTR
5.06,5.06,5.05,5.05,200,2021-06-25 17:21:00,VNTR
5.06,5.06,5.06,5.06,100,2021-06-25 17:23:00,VNTR
5.05,5.05,5.05,5.05,100,2021-06-25 17:24:00,VNTR
5.05,5.055,5.0401,5.05,5503,2021-06-25 17:26:00,VNTR
5.06,5.06,5.05,5.05,557,2021-06-25 17:28:00,VNTR
5.06,5.06,5.0599,5.0599,845,2021-06-25 17:29:00,VNTR
5.06,5.06,5.06,5.06,356,2021-06-25 17:30:00,VNTR
5.05,5.05,5.05,5.05,800,2021-06-25 17:32:00,VNTR
5.05,5.05,5.05,5.05,200,2021-06-25 17:35:00,VNTR
5.05,5.05,5.05,5.05,100,2021-06-25 17:36:00,VNTR
5.06,5.06,5.0572,5.0572,1100,2021-06-25 17:39:00,VNTR
5.05,5.05,5.05,5.05,1500,2021-06-25 17:41:00,VNTR
5.05,5.05,5.05,5.05,100,2021-06-25 17:42:00,VNTR
5.05,5.06,5.05,5.06,200,2021-06-25 17:46:00,VNTR
5.05,5.05,5.05,5.05,200,2021-06-25 17:48:00,VNTR
5.04,5.075,5.04,5.075,1468,2021-06-25 17:50:00,VNTR
5.0601,5.0601,5.0601,5.0601,100,2021-06-25 17:51:00,VNTR
5.06,5.075,5.06,5.075,200,2021-06-25 17:52:00,VNTR
5.06,5.06,5.06,5.06,200,2021-06-25 17:53:00,VNTR
5.075,5.075,5.075,5.075,100,2021-06-25 17:54:00,VNTR
5.07,5.08,5.06,5.07,1650,2021-06-25 17:55:00,VNTR
5.07,5.07,5.07,5.07,300,2021-06-25 17:56:00,VNTR
5.07,5.07,5.06,5.06,321,2021-06-25 17:58:00,VNTR
5.06,5.07,5.06,5.07,300,2021-06-25 18:00:00,VNTR
5.07,5.07,5.07,5.07,100,2021-06-25 18:03:00,VNTR
5.06,5.06,5.06,5.06,100,2021-06-25 18:04:00,VNTR
5.06,5.06,5.06,5.06,100,2021-06-25 18:06:00,VNTR
5.06,5.06,5.03,5.04,6873,2021-06-25 18:07:00,VNTR
5.04,5.04,5.04,5.04,800,2021-06-25 18:08:00,VNTR
5.035,5.035,5.035,5.035,100,2021-06-25 18:11:00,VNTR
5.04,5.04,4.9865,4.9865,11833,2021-06-25 18:12:00,VNTR
4.99,4.99,4.99,4.99,400,2021-06-25 18:14:00,VNTR
5.0,5.03,4.99,5.03,52155,2021-06-25 18:15:00,VNTR
5.03,5.03,5.03,5.03,400,2021-06-25 18:16:00,VNTR
5.045,5.05,5.0,5.0,32423,2021-06-25 18:18:00,VNTR
5.0,5.0,4.99,4.9955,11364,2021-06-25 18:19:00,VNTR
4.9977,4.9977,4.99,4.99,1300,2021-06-25 18:20:00,VNTR
4.98,4.99,4.98,4.99,550,2021-06-25 18:21:00,VNTR
4.99,5.0,4.99,5.0,5614,2021-06-25 18:23:00,VNTR
4.99,4.99,4.99,4.99,100,2021-06-25 18:25:00,VNTR
4.99,4.99,4.99,4.99,500,2021-06-25 18:26:00,VNTR
4.99,4.99,4.99,4.99,100,2021-06-25 18:27:00,VNTR
4.9801,5.03,4.9801,5.03,28373,2021-06-25 18:28:00,VNTR
5.0,5.02,5.0,5.02,810,2021-06-25 18:29:00,VNTR
5.03,5.04,5.03,5.04,600,2021-06-25 18:30:00,VNTR
5.04,5.04,5.04,5.04,339,2021-06-25 18:32:00,VNTR
5.04,5.04,5.035,5.035,932,2021-06-25 18:33:00,VNTR
5.04,5.0476,5.04,5.0476,1212,2021-06-25 18:34:00,VNTR
5.05,5.05,5.05,5.05,100,2021-06-25 18:35:00,VNTR
5.05,5.05,5.05,5.05,100,2021-06-25 18:36:00,VNTR
5.04,5.04,5.04,5.04,100,2021-06-25 18:37:00,VNTR
5.05,5.05,5.04,5.04,300,2021-06-25 18:40:00,VNTR
5.05,5.05,5.05,5.05,100,2021-06-25 18:41:00,VNTR
5.04,5.05,5.04,5.045,2166,2021-06-25 18:43:00,VNTR
5.045,5.05,5.045,5.0499,1682,2021-06-25 18:44:00,VNTR
5.05,5.05,5.05,5.05,300,2021-06-25 18:45:00,VNTR
5.05,5.05,5.04,5.05,1300,2021-06-25 18:46:00,VNTR
5.045,5.045,5.045,5.045,100,2021-06-25 18:47:00,VNTR
5.05,5.05,5.045,5.045,300,2021-06-25 18:50:00,VNTR
5.05,5.05,5.05,5.05,813,2021-06-25 18:51:00,VNTR
5.05,5.05,5.05,5.05,100,2021-06-25 18:52:00,VNTR
5.05,5.05,5.05,5.05,4360,2021-06-25 18:55:00,VNTR
5.041,5.05,5.041,5.05,1690,2021-06-25 18:56:00,VNTR
5.045,5.045,5.045,5.045,100,2021-06-25 18:57:00,VNTR
5.05,5.05,5.05,5.05,100,2021-06-25 18:58:00,VNTR
5.045,5.05,5.045,5.05,700,2021-06-25 19:00:00,VNTR
5.05,5.05,5.05,5.05,503,2021-06-25 19:01:00,VNTR
5.045,5.045,5.045,5.045,100,2021-06-25 19:03:00,VNTR
5.05,5.05,5.05,5.05,100,2021-06-25 19:05:00,VNTR
5.0459,5.0459,5.0459,5.0459,1000,2021-06-25 19:06:00,VNTR
5.04,5.05,5.04,5.05,3654,2021-06-25 19:07:00,VNTR
5.045,5.045,5.045,5.045,100,2021-06-25 19:10:00,VNTR
5.05,5.05,5.05,5.05,100,2021-06-25 19:12:00,VNTR
5.04,5.05,5.04,5.05,1499,2021-06-25 19:13:00,VNTR
5.04,5.04,5.04,5.04,100,2021-06-25 19:16:00,VNTR
5.04,5.045,5.04,5.045,300,2021-06-25 19:19:00,VNTR
5.04,5.05,5.04,5.04,1700,2021-06-25 19:20:00,VNTR
5.04,5.05,5.04,5.05,300,2021-06-25 19:21:00,VNTR
5.04,5.05,5.04,5.05,797,2021-06-25 19:24:00,VNTR
5.045,5.05,5.04,5.05,3536,2021-06-25 19:25:00,VNTR
5.04,5.04,5.04,5.04,100,2021-06-25 19:26:00,VNTR
5.045,5.045,5.04,5.045,600,2021-06-25 19:27:00,VNTR
5.04,5.05,5.04,5.05,2200,2021-06-25 19:28:00,VNTR
5.045,5.05,5.045,5.045,1800,2021-06-25 19:29:00,VNTR
5.045,5.05,5.045,5.05,919,2021-06-25 19:30:00,VNTR
5.05,5.05,5.04,5.04,2624,2021-06-25 19:31:00,VNTR
5.04,5.05,5.04,5.05,200,2021-06-25 19:32:00,VNTR
5.05,5.05,5.05,5.05,200,2021-06-25 19:33:00,VNTR
5.04,5.04,5.04,5.04,100,2021-06-25 19:34:00,VNTR
5.04,5.05,5.03,5.04,1732,2021-06-25 19:35:00,VNTR
5.045,5.05,5.04,5.05,4800,2021-06-25 19:36:00,VNTR
5.04,5.05,5.04,5.05,3600,2021-06-25 19:37:00,VNTR
5.04,5.04,5.04,5.04,100,2021-06-25 19:38:00,VNTR
5.04,5.048,5.04,5.048,336,2021-06-25 19:40:00,VNTR
5.045,5.05,5.04,5.05,1100,2021-06-25 19:42:00,VNTR
5.045,5.045,5.04,5.04,200,2021-06-25 19:43:00,VNTR
5.04,5.05,5.035,5.035,1800,2021-06-25 19:44:00,VNTR
5.03,5.035,5.03,5.03,500,2021-06-25 19:45:00,VNTR
5.04,5.04,5.04,5.04,100,2021-06-25 19:46:00,VNTR
5.035,5.035,5.035,5.035,702,2021-06-25 19:47:00,VNTR
5.03,5.04,5.03,5.0399,10500,2021-06-25 19:48:00,VNTR
5.035,5.04,5.03,5.03,464,2021-06-25 19:49:00,VNTR
5.04,5.04,5.01,5.01,4229,2021-06-25 19:50:00,VNTR
5.0,5.01,5.0,5.01,200,2021-06-25 19:51:00,VNTR
5.02,5.02,5.0,5.01,632,2021-06-25 19:52:00,VNTR
5.02,5.02,4.99,4.99,3805,2021-06-25 19:53:00,VNTR
4.99,5.0,4.99,4.99,582,2021-06-25 19:54:00,VNTR
4.995,5.0,4.97,4.975,3783,2021-06-25 19:55:00,VNTR
4.97,5.02,4.97,5.0,4565,2021-06-25 19:56:00,VNTR
4.99,4.99,4.98,4.98,920,2021-06-25 19:57:00,VNTR
4.985,4.99,4.97,4.97,9882,2021-06-25 19:58:00,VNTR
4.975,4.98,4.97,4.97,8119,2021-06-25 19:59:00,VNTR
4.97,4.97,4.97,4.97,25720,2021-06-25 20:00:00,VNTR
4.96,4.97,4.96,4.97,1490,2021-06-25 20:24:00,VNTR
4.95,4.95,4.95,4.95,1000,2021-06-25 21:33:00,VNTR
4.88,4.88,4.86,4.86,400,2021-06-28 11:38:00,VNTR
4.98,4.98,4.98,4.98,100,2021-06-28 13:27:00,VNTR
5.02,5.11,4.96,5.0,3504,2021-06-28 13:30:00,VNTR
4.95,4.97,4.95,4.97,300,2021-06-28 13:31:00,VNTR
4.92,4.925,4.8902,4.925,884,2021-06-28 13:33:00,VNTR
4.9,4.9,4.9,4.9,100,2021-06-28 13:34:00,VNTR
4.925,4.925,4.925,4.925,1216,2021-06-28 13:35:00,VNTR
4.88,4.9,4.85,4.88,9200,2021-06-28 13:36:00,VNTR
4.89,4.89,4.88,4.88,1012,2021-06-28 13:37:00,VNTR
4.88,4.88,4.88,4.88,200,2021-06-28 13:38:00,VNTR
4.875,4.875,4.85,4.85,347,2021-06-28 13:39:00,VNTR
4.87,4.87,4.85,4.8569,403,2021-06-28 13:42:00,VNTR
4.8617,4.8617,4.8617,4.8617,180,2021-06-28 13:43:00,VNTR
4.8699,4.8699,4.8699,4.8699,100,2021-06-28 13:44:00,VNTR
4.83,4.83,4.81,4.82,4994,2021-06-28 13:45:00,VNTR
4.795,4.81,4.77,4.81,5700,2021-06-28 13:46:00,VNTR
4.7953,4.7953,4.7953,4.7953,500,2021-06-28 13:47:00,VNTR
4.8039,4.8039,4.8039,4.8039,150,2021-06-28 13:48:00,VNTR
4.8,4.8,4.79,4.8,3276,2021-06-28 13:49:00,VNTR
4.825,4.825,4.825,4.825,100,2021-06-28 13:51:00,VNTR
4.825,4.825,4.825,4.825,100,2021-06-28 13:53:00,VNTR
4.83,4.83,4.82,4.82,700,2021-06-28 14:05:00,VNTR
4.82,4.82,4.82,4.82,324,2021-06-28 14:06:00,VNTR
4.806,4.82,4.8,4.805,3974,2021-06-28 14:07:00,VNTR
4.8,4.8,4.79,4.8,414,2021-06-28 14:08:00,VNTR
4.8,4.8,4.8,4.8,100,2021-06-28 14:11:00,VNTR
4.78,4.78,4.7281,4.7281,3067,2021-06-28 14:12:00,VNTR
4.79,4.79,4.79,4.79,100,2021-06-28 14:15:00,VNTR
4.8,4.8,4.8,4.8,573,2021-06-28 14:16:00,VNTR
4.8,4.84,4.79,4.84,3522,2021-06-28 14:18:00,VNTR
4.825,4.825,4.825,4.825,100,2021-06-28 14:22:00,VNTR
4.8,4.8,4.8,4.8,153,2021-06-28 14:25:00,VNTR
4.819,4.819,4.819,4.819,200,2021-06-28 14:26:00,VNTR
4.83,4.83,4.83,4.83,100,2021-06-28 14:27:00,VNTR
4.83,4.83,4.83,4.83,100,2021-06-28 14:33:00,VNTR
4.8,4.81,4.8,4.81,2792,2021-06-28 14:34:00,VNTR
4.78,4.78,4.77,4.775,2572,2021-06-28 14:35:00,VNTR
4.74,4.74,4.74,4.74,100,2021-06-28 14:38:00,VNTR
4.755,4.755,4.755,4.755,200,2021-06-28 14:39:00,VNTR
4.74,4.7475,4.73,4.7475,944,2021-06-28 14:42:00,VNTR
4.76,4.77,4.76,4.76,768,2021-06-28 14:44:00,VNTR
4.79,4.79,4.79,4.79,730,2021-06-28 14:48:00,VNTR
4.79,4.8,4.79,4.8,400,2021-06-28 14:49:00,VNTR
4.81,4.81,4.81,4.81,400,2021-06-28 14:51:00,VNTR
4.81,4.81,4.78,4.78,1651,2021-06-28 14:52:00,VNTR
4.7801,4.7801,4.7801,4.7801,100,2021-06-28 14:53:00,VNTR
4.81,4.81,4.81,4.81,200,2021-06-28 14:54:00,VNTR
4.81,4.81,4.81,4.81,200,2021-06-28 14:55:00,VNTR
4.83,4.83,4.83,4.83,200,2021-06-28 14:56:00,VNTR
4.83,4.83,4.83,4.83,200,2021-06-28 14:58:00,VNTR
4.83,4.83,4.8,4.8,1500,2021-06-28 14:59:00,VNTR
4.815,4.815,4.8,4.815,1000,2021-06-28 15:00:00,VNTR
4.8,4.8,4.79,4.795,700,2021-06-28 15:01:00,VNTR
4.795,4.795,4.795,4.795,100,2021-06-28 15:02:00,VNTR
4.795,4.795,4.795,4.795,400,2021-06-28 15:05:00,VNTR
4.81,4.81,4.78,4.78,400,2021-06-28 15:06:00,VNTR
4.805,4.825,4.805,4.825,1676,2021-06-28 15:07:00,VNTR
4.81,4.81,4.81,4.81,600,2021-06-28 15:08:00,VNTR
4.81,4.81,4.81,4.81,104,2021-06-28 15:10:00,VNTR
4.81,4.83,4.81,4.83,700,2021-06-28 15:11:00,VNTR
4.81,4.81,4.805,4.805,900,2021-06-28 15:12:00,VNTR
4.8,4.8,4.8,4.8,1302,2021-06-28 15:13:00,VNTR
4.8,4.8069,4.79,4.8069,500,2021-06-28 15:14:00,VNTR
4.8064,4.8064,4.8,4.8,300,2021-06-28 15:16:00,VNTR
4.79,4.795,4.775,4.78,3331,2021-06-28 15:17:00,VNTR
4.79,4.79,4.79,4.79,100,2021-06-28 15:20:00,VNTR
4.79,4.79,4.79,4.79,200,2021-06-28 15:21:00,VNTR
4.8,4.81,4.8,4.81,200,2021-06-28 15:22:00,VNTR
4.79,4.79,4.79,4.79,200,2021-06-28 15:23:00,VNTR
4.77,4.79,4.77,4.79,200,2021-06-28 15:24:00,VNTR
4.81,4.81,4.79,4.79,200,2021-06-28 15:25:00,VNTR
4.79,4.79,4.79,4.79,200,2021-06-28 15:26:00,VNTR
4.8,4.8,4.8,4.8,100,2021-06-28 15:27:00,VNTR
4.79,4.81,4.79,4.81,1000,2021-06-28 15:28:00,VNTR
4.8026,4.8026,4.785,4.785,2720,2021-06-28 15:29:00,VNTR
4.77,4.77,4.76,4.765,2891,2021-06-28 15:30:00,VNTR
4.765,4.78,4.765,4.78,796,2021-06-28 15:31:00,VNTR
4.78,4.78,4.78,4.78,300,2021-06-28 15:34:00,VNTR
4.79,4.79,4.78,4.78,200,2021-06-28 15:35:00,VNTR
4.78,4.78,4.78,4.78,300,2021-06-28 15:36:00,VNTR
4.79,4.79,4.79,4.79,100,2021-06-28 15:37:00,VNTR
4.79,4.79,4.78,4.78,426,2021-06-28 15:38:00,VNTR
4.78,4.78,4.78,4.78,400,2021-06-28 15:39:00,VNTR
4.79,4.79,4.79,4.79,100,2021-06-28 15:40:00,VNTR
4.78,4.78,4.78,4.78,100,2021-06-28 15:41:00,VNTR
4.78,4.78,4.78,4.78,200,2021-06-28 15:42:00,VNTR
4.79,4.79,4.7732,4.78,650,2021-06-28 15:43:00,VNTR
4.78,4.78,4.78,4.78,200,2021-06-28 15:44:00,VNTR
4.79,4.79,4.76,4.76,1700,2021-06-28 15:45:00,VNTR
4.76,4.76,4.75,4.75,694,2021-06-28 15:46:00,VNTR
4.76,4.765,4.76,4.765,645,2021-06-28 15:50:00,VNTR
4.765,4.765,4.765,4.765,200,2021-06-28 15:51:00,VNTR
4.78,4.78,4.75,4.75,420,2021-06-28 15:52:00,VNTR
4.765,4.765,4.765,4.765,200,2021-06-28 15:53:00,VNTR
4.765,4.765,4.765,4.765,325,2021-06-28 15:54:00,VNTR
4.78,4.78,4.78,4.78,100,2021-06-28 15:55:00,VNTR
4.765,4.765,4.765,4.765,400,2021-06-28 15:56:00,VNTR
4.765,4.765,4.765,4.765,100,2021-06-28 15:57:00,VNTR
4.78,4.785,4.77,4.785,1100,2021-06-28 15:58:00,VNTR
4.785,4.785,4.785,4.785,100,2021-06-28 15:59:00,VNTR
4.8,4.8,4.8,4.8,200,2021-06-28 16:00:00,VNTR
4.8,4.8,4.8,4.8,200,2021-06-28 16:01:00,VNTR
4.8,4.8,4.79,4.79,1409,2021-06-28 16:02:00,VNTR
4.79,4.79,4.79,4.79,200,2021-06-28 16:03:00,VNTR
4.8,4.8,4.8,4.8,200,2021-06-28 16:04:00,VNTR
4.8,4.8,4.79,4.79,300,2021-06-28 16:05:00,VNTR
4.8,4.8,4.76,4.76,4659,2021-06-28 16:06:00,VNTR
4.765,4.765,4.765,4.765,100,2021-06-28 16:09:00,VNTR
4.77,4.77,4.77,4.77,100,2021-06-28 16:10:00,VNTR
4.76,4.76,4.75,4.755,3501,2021-06-28 16:11:00,VNTR
4.75,4.75,4.745,4.745,2050,2021-06-28 16:12:00,VNTR
4.76,4.76,4.76,4.76,100,2021-06-28 16:13:00,VNTR
4.76,4.76,4.76,4.76,130,2021-06-28 16:15:00,VNTR
4.76,4.76,4.76,4.76,200,2021-06-28 16:16:00,VNTR
4.76,4.775,4.76,4.775,1700,2021-06-28 16:17:00,VNTR
4.79,4.79,4.79,4.79,100,2021-06-28 16:18:00,VNTR
4.78,4.7899,4.78,4.7899,700,2021-06-28 16:19:00,VNTR
4.79,4.79,4.79,4.79,100,2021-06-28 16:20:00,VNTR
4.79,4.79,4.79,4.79,300,2021-06-28 16:21:00,VNTR
4.785,4.785,4.785,4.785,200,2021-06-28 16:22:00,VNTR
4.785,4.8,4.785,4.8,500,2021-06-28 16:23:00,VNTR
4.785,4.785,4.785,4.785,300,2021-06-28 16:24:00,VNTR
4.785,4.785,4.785,4.785,200,2021-06-28 16:25:00,VNTR
4.8,4.8,4.8,4.8,100,2021-06-28 16:26:00,VNTR
4.785,4.785,4.785,4.785,200,2021-06-28 16:27:00,VNTR
4.8,4.8,4.8,4.8,100,2021-06-28 16:28:00,VNTR
4.8,4.8,4.785,4.785,300,2021-06-28 16:29:00,VNTR
4.785,4.785,4.785,4.785,200,2021-06-28 16:30:00,VNTR
4.8,4.8,4.8,4.8,200,2021-06-28 16:31:00,VNTR
4.785,4.785,4.785,4.785,200,2021-06-28 16:32:00,VNTR
4.785,4.785,4.785,4.785,100,2021-06-28 16:35:00,VNTR
4.785,4.785,4.785,4.785,100,2021-06-28 16:36:00,VNTR
4.77,4.77,4.765,4.765,500,2021-06-28 16:38:00,VNTR
4.76,4.7605,4.75,4.7605,5943,2021-06-28 16:41:00,VNTR
4.745,4.76,4.745,4.76,3831,2021-06-28 16:42:00,VNTR
4.75,4.76,4.75,4.76,7713,2021-06-28 16:45:00,VNTR
4.77,4.77,4.77,4.77,100,2021-06-28 16:50:00,VNTR
4.77,4.77,4.77,4.77,120,2021-06-28 16:51:00,VNTR
4.77,4.77,4.77,4.77,100,2021-06-28 16:57:00,VNTR
4.75,4.75,4.73,4.74,6636,2021-06-28 17:00:00,VNTR
4.73,4.73,4.72,4.72,747,2021-06-28 17:02:00,VNTR
4.71,4.7105,4.71,4.71,3300,2021-06-28 17:03:00,VNTR
4.71,4.72,4.71,4.72,1900,2021-06-28 17:08:00,VNTR
4.725,4.725,4.725,4.725,100,2021-06-28 17:14:00,VNTR
4.73,4.73,4.73,4.73,100,2021-06-28 17:16:00,VNTR
4.74,4.74,4.73,4.74,1500,2021-06-28 17:17:00,VNTR
4.74,4.74,4.735,4.735,200,2021-06-28 17:18:00,VNTR
4.74,4.74,4.74,4.74,100,2021-06-28 17:20:00,VNTR
4.73,4.73,4.72,4.72,9137,2021-06-28 17:23:00,VNTR
4.71,4.71,4.71,4.71,3000,2021-06-28 17:24:00,VNTR
4.7,4.71,4.69,4.7,4955,2021-06-28 17:26:00,VNTR
4.69,4.69,4.69,4.69,200,2021-06-28 17:27:00,VNTR
4.695,4.695,4.695,4.695,199,2021-06-28 17:28:00,VNTR
4.71,4.71,4.7,4.7,300,2021-06-28 17:30:00,VNTR
4.69,4.71,4.69,4.7,2000,2021-06-28 17:31:00,VNTR
4.7,4.7,4.7,4.7,510,2021-06-28 17:32:00,VNTR
4.72,4.72,4.72,4.72,100,2021-06-28 17:35:00,VNTR
4.705,4.705,4.705,4.705,100,2021-06-28 17:36:00,VNTR
4.72,4.72,4.72,4.72,100,2021-06-28 17:39:00,VNTR
4.7157,4.7157,4.7157,4.7157,1000,2021-06-28 17:40:00,VNTR
4.72,4.72,4.72,4.72,100,2021-06-28 17:42:00,VNTR
4.72,4.72,4.72,4.72,1326,2021-06-28 17:43:00,VNTR
4.74,4.74,4.74,4.74,100,2021-06-28 17:44:00,VNTR
4.74,4.74,4.74,4.74,100,2021-06-28 17:47:00,VNTR
4.73,4.74,4.73,4.74,200,2021-06-28 17:49:00,VNTR
4.74,4.74,4.74,4.74,200,2021-06-28 17:52:00,VNTR
4.74,4.74,4.7325,4.7325,206,2021-06-28 17:56:00,VNTR
4.74,4.74,4.73,4.74,2802,2021-06-28 17:57:00,VNTR
4.76,4.76,4.76,4.76,100,2021-06-28 18:00:00,VNTR
4.745,4.76,4.745,4.76,900,2021-06-28 18:03:00,VNTR
4.76,4.76,4.73,4.73,300,2021-06-28 18:06:00,VNTR
4.73,4.74,4.73,4.74,2800,2021-06-28 18:07:00,VNTR
4.74,4.74,4.73,4.73,200,2021-06-28 18:08:00,VNTR
4.74,4.74,4.72,4.72,1130,2021-06-28 18:09:00,VNTR
4.73,4.73,4.73,4.73,100,2021-06-28 18:14:00,VNTR
4.72,4.73,4.72,4.73,200,2021-06-28 18:17:00,VNTR
4.73,4.73,4.73,4.73,200,2021-06-28 18:18:00,VNTR
4.725,4.725,4.725,4.725,100,2021-06-28 18:19:00,VNTR
4.73,4.73,4.73,4.73,100,2021-06-28 18:20:00,VNTR
4.735,4.735,4.735,4.735,300,2021-06-28 18:21:00,VNTR
4.735,4.735,4.735,4.735,100,2021-06-28 18:23:00,VNTR
4.735,4.735,4.735,4.735,200,2021-06-28 18:25:00,VNTR
4.74,4.74,4.74,4.74,100,2021-06-28 18:26:00,VNTR
4.76,4.76,4.76,4.76,100,2021-06-28 18:27:00,VNTR
4.7599,4.7599,4.73,4.745,3013,2021-06-28 18:28:00,VNTR
4.76,4.76,4.745,4.76,6000,2021-06-28 18:30:00,VNTR
4.7838,4.7838,4.7838,4.7838,209,2021-06-28 18:31:00,VNTR
4.78,4.78,4.78,4.78,300,2021-06-28 18:32:00,VNTR
4.77,4.77,4.77,4.77,800,2021-06-28 18:33:00,VNTR
4.77,4.77,4.77,4.77,400,2021-06-28 18:35:00,VNTR
4.77,4.77,4.77,4.77,100,2021-06-28 18:37:00,VNTR
4.77,4.77,4.77,4.77,100,2021-06-28 18:39:00,VNTR
4.77,4.78,4.77,4.78,1100,2021-06-28 18:40:00,VNTR
4.78,4.78,4.77,4.77,700,2021-06-28 18:42:00,VNTR
4.77,4.77,4.77,4.77,100,2021-06-28 18:46:00,VNTR
4.77,4.77,4.77,4.77,200,2021-06-28 18:48:00,VNTR
4.755,4.77,4.755,4.77,200,2021-06-28 18:49:00,VNTR
4.77,4.77,4.77,4.77,100,2021-06-28 18:50:00,VNTR
4.77,4.77,4.74,4.75,2873,2021-06-28 18:51:00,VNTR
4.745,4.75,4.745,4.75,405,2021-06-28 18:52:00,VNTR
4.76,4.78,4.76,4.78,500,2021-06-28 18:53:00,VNTR
4.78,4.78,4.78,4.78,100,2021-06-28 18:54:00,VNTR
4.76,4.76,4.76,4.76,200,2021-06-28 18:56:00,VNTR
4.78,4.78,4.78,4.78,100,2021-06-28 18:58:00,VNTR
4.76,4.7687,4.76,4.7687,700,2021-06-28 19:00:00,VNTR
4.76,4.76,4.76,4.76,100,2021-06-28 19:01:00,VNTR
4.77,4.77,4.76,4.76,800,2021-06-28 19:02:00,VNTR
4.76,4.76,4.76,4.76,500,2021-06-28 19:04:00,VNTR
4.76,4.76,4.76,4.76,200,2021-06-28 19:05:00,VNTR
4.78,4.78,4.78,4.78,100,2021-06-28 19:07:00,VNTR
4.76,4.76,4.76,4.76,300,2021-06-28 19:08:00,VNTR
4.76,4.78,4.76,4.76,300,2021-06-28 19:09:00,VNTR
4.76,4.76,4.76,4.76,100,2021-06-28 19:10:00,VNTR
4.78,4.78,4.78,4.78,100,2021-06-28 19:11:00,VNTR
4.78,4.78,4.78,4.78,100,2021-06-28 19:12:00,VNTR
4.74,4.78,4.74,4.78,200,2021-06-28 19:14:00,VNTR
4.78,4.78,4.78,4.78,100,2021-06-28 19:15:00,VNTR
4.77,4.77,4.77,4.77,300,2021-06-28 19:17:00,VNTR
4.74,4.76,4.71,4.76,4623,2021-06-28 19:18:00,VNTR
4.76,4.76,4.76,4.76,100,2021-06-28 19:20:00,VNTR
4.76,4.76,4.76,4.76,100,2021-06-28 19:21:00,VNTR
4.76,4.76,4.76,4.76,100,2021-06-28 19:22:00,VNTR
4.76,4.76,4.73,4.73,200,2021-06-28 19:24:00,VNTR
4.76,4.76,4.76,4.76,100,2021-06-28 19:25:00,VNTR
4.73,4.76,4.73,4.76,850,2021-06-28 19:26:00,VNTR
4.76,4.76,4.76,4.76,200,2021-06-28 19:27:00,VNTR
4.74,4.755,4.74,4.755,827,2021-06-28 19:28:00,VNTR
4.755,4.755,4.755,4.755,200,2021-06-28 19:29:00,VNTR
4.755,4.77,4.755,4.76,2719,2021-06-28 19:30:00,VNTR
4.77,4.77,4.76,4.76,300,2021-06-28 19:31:00,VNTR
4.77,4.77,4.77,4.77,100,2021-06-28 19:32:00,VNTR
4.78,4.78,4.77,4.78,1500,2021-06-28 19:33:00,VNTR
4.78,4.78,4.78,4.78,100,2021-06-28 19:34:00,VNTR
4.79,4.79,4.79,4.79,100,2021-06-28 19:35:00,VNTR
4.79,4.79,4.79,4.79,200,2021-06-28 19:36:00,VNTR
4.775,4.8,4.775,4.7846,4923,2021-06-28 19:37:00,VNTR
4.775,4.79,4.775,4.79,200,2021-06-28 19:39:00,VNTR
4.78,4.78,4.78,4.78,100,2021-06-28 19:40:00,VNTR
4.78,4.78,4.78,4.78,100,2021-06-28 19:41:00,VNTR
4.78,4.78,4.75,4.76,1700,2021-06-28 19:42:00,VNTR
4.755,4.755,4.755,4.755,100,2021-06-28 19:43:00,VNTR
4.77,4.77,4.77,4.77,1400,2021-06-28 19:44:00,VNTR
4.77,4.78,4.765,4.78,1061,2021-06-28 19:45:00,VNTR
4.78,4.78,4.78,4.78,300,2021-06-28 19:46:00,VNTR
4.765,4.78,4.765,4.78,300,2021-06-28 19:47:00,VNTR
4.7638,4.78,4.7638,4.78,575,2021-06-28 19:48:00,VNTR
4.78,4.78,4.78,4.78,300,2021-06-28 19:49:00,VNTR
4.78,4.79,4.77,4.77,4600,2021-06-28 19:50:00,VNTR
4.75,4.75,4.75,4.75,246,2021-06-28 19:51:00,VNTR
4.78,4.78,4.75,4.78,400,2021-06-28 19:52:00,VNTR
4.78,4.78,4.78,4.78,100,2021-06-28 19:53:00,VNTR
4.78,4.78,4.78,4.78,200,2021-06-28 19:54:00,VNTR
4.78,4.78,4.77,4.77,800,2021-06-28 19:55:00,VNTR
4.77,4.78,4.76,4.78,500,2021-06-28 19:56:00,VNTR
4.77,4.78,4.76,4.77,1492,2021-06-28 19:57:00,VNTR
4.76,4.77,4.76,4.77,1600,2021-06-28 19:58:00,VNTR
4.77,4.77,4.75,4.76,6315,2021-06-28 19:59:00,VNTR
4.77,4.77,4.77,4.77,7402,2021-06-28 20:00:00,VNTR
4.72,4.72,4.72,4.72,6077,2021-06-29 13:30:00,VNTR
4.77,4.77,4.77,4.77,100,2021-06-29 13:36:00,VNTR
4.7067,4.7067,4.7067,4.7067,109,2021-06-29 13:43:00,VNTR
4.7053,4.7053,4.7053,4.7053,100,2021-06-29 13:45:00,VNTR
4.71,4.71,4.71,4.71,200,2021-06-29 13:47:00,VNTR
4.7,4.75,4.7,4.75,2871,2021-06-29 13:50:00,VNTR
4.75,4.79,4.75,4.79,1080,2021-06-29 13:51:00,VNTR
4.79,4.79,4.79,4.79,249,2021-06-29 13:52:00,VNTR
4.81,4.81,4.81,4.81,187,2021-06-29 13:55:00,VNTR
4.84,4.84,4.84,4.84,208,2021-06-29 13:57:00,VNTR
4.8323,4.84,4.8323,4.84,400,2021-06-29 13:59:00,VNTR
4.78,4.79,4.78,4.78,300,2021-06-29 14:01:00,VNTR
4.78,4.78,4.78,4.78,250,2021-06-29 14:02:00,VNTR
4.78,4.78,4.78,4.78,250,2021-06-29 14:03:00,VNTR
4.77,4.83,4.77,4.83,360,2021-06-29 14:06:00,VNTR
4.765,4.765,4.765,4.765,100,2021-06-29 14:12:00,VNTR
4.8,4.805,4.8,4.805,200,2021-06-29 14:14:00,VNTR
4.7941,4.7941,4.7941,4.7941,104,2021-06-29 14:17:00,VNTR
4.7401,4.7401,4.7401,4.7401,400,2021-06-29 14:31:00,VNTR
4.74,4.75,4.72,4.72,571,2021-06-29 14:37:00,VNTR
4.74,4.74,4.715,4.74,400,2021-06-29 14:38:00,VNTR
4.715,4.715,4.715,4.715,100,2021-06-29 14:39:00,VNTR
4.71,4.73,4.69,4.69,1838,2021-06-29 14:47:00,VNTR
4.73,4.73,4.7299,4.7299,4100,2021-06-29 14:48:00,VNTR
4.705,4.705,4.69,4.69,300,2021-06-29 14:49:00,VNTR
4.72,4.75,4.72,4.725,7935,2021-06-29 14:50:00,VNTR
4.75,4.75,4.75,4.75,100,2021-06-29 14:51:00,VNTR
4.7,4.73,4.7,4.7,300,2021-06-29 14:52:00,VNTR
4.7,4.7,4.7,4.7,400,2021-06-29 14:53:00,VNTR
4.73,4.73,4.73,4.73,200,2021-06-29 14:54:00,VNTR
4.71,4.71,4.71,4.71,100,2021-06-29 14:56:00,VNTR
4.71,4.71,4.71,4.71,100,2021-06-29 14:57:00,VNTR
4.72,4.72,4.7,4.7,300,2021-06-29 14:59:00,VNTR
4.7,4.7,4.7,4.7,100,2021-06-29 15:00:00,VNTR
4.7,4.7,4.7,4.7,300,2021-06-29 15:03:00,VNTR
4.74,4.74,4.74,4.74,200,2021-06-29 15:10:00,VNTR
4.71,4.74,4.71,4.74,800,2021-06-29 15:12:00,VNTR
4.74,4.74,4.73,4.73,1300,2021-06-29 15:17:00,VNTR
4.76,4.77,4.74,4.77,775,2021-06-29 15:20:00,VNTR
4.74,4.74,4.74,4.74,270,2021-06-29 15:32:00,VNTR
4.74,4.74,4.74,4.74,1569,2021-06-29 15:33:00,VNTR
4.74,4.74,4.74,4.74,608,2021-06-29 15:35:00,VNTR
4.74,4.74,4.74,4.74,169,2021-06-29 15:36:00,VNTR
4.74,4.74,4.74,4.74,100,2021-06-29 15:37:00,VNTR
4.72,4.72,4.72,4.72,150,2021-06-29 15:38:00,VNTR
4.78,4.78,4.73,4.73,200,2021-06-29 15:49:00,VNTR
4.77,4.77,4.77,4.77,380,2021-06-29 15:52:00,VNTR
4.72,4.72,4.72,4.72,300,2021-06-29 15:53:00,VNTR
4.74,4.75,4.72,4.72,500,2021-06-29 16:05:00,VNTR
4.7346,4.7346,4.7346,4.7346,500,2021-06-29 16:06:00,VNTR
4.72,4.76,4.72,4.76,300,2021-06-29 16:14:00,VNTR
4.72,4.73,4.72,4.72,600,2021-06-29 16:15:00,VNTR
4.72,4.72,4.72,4.72,100,2021-06-29 16:17:00,VNTR
4.7,4.7,4.7,4.7,100,2021-06-29 16:18:00,VNTR
4.7,4.7,4.7,4.7,100,2021-06-29 16:23:00,VNTR
4.7,4.7,4.69,4.69,762,2021-06-29 16:24:00,VNTR
4.69,4.73,4.69,4.73,500,2021-06-29 16:25:00,VNTR
4.68,4.68,4.68,4.68,100,2021-06-29 16:28:00,VNTR
4.68,4.71,4.67,4.67,2500,2021-06-29 16:31:00,VNTR
4.66,4.66,4.66,4.66,900,2021-06-29 16:33:00,VNTR
4.68,4.68,4.68,4.68,100,2021-06-29 16:34:00,VNTR
4.67,4.67,4.67,4.67,100,2021-06-29 16:36:00,VNTR
4.66,4.6601,4.66,4.6601,200,2021-06-29 16:38:00,VNTR
4.6766,4.6766,4.67,4.67,600,2021-06-29 16:41:00,VNTR
4.6573,4.6573,4.6573,4.6573,500,2021-06-29 16:42:00,VNTR
4.65,4.67,4.65,4.67,200,2021-06-29 16:43:00,VNTR
4.67,4.67,4.67,4.67,100,2021-06-29 16:44:00,VNTR
4.65,4.65,4.65,4.65,100,2021-06-29 16:49:00,VNTR
4.6706,4.6706,4.6706,4.6706,113,2021-06-29 16:51:00,VNTR
4.6544,4.6544,4.6544,4.6544,500,2021-06-29 16:52:00,VNTR
4.68,4.68,4.68,4.68,100,2021-06-29 16:53:00,VNTR
4.6617,4.68,4.6617,4.68,7200,2021-06-29 16:54:00,VNTR
4.65,4.65,4.65,4.65,100,2021-06-29 16:55:00,VNTR
4.65,4.65,4.65,4.65,100,2021-06-29 16:59:00,VNTR
4.65,4.66,4.65,4.66,200,2021-06-29 17:01:00,VNTR
4.65,4.66,4.65,4.66,200,2021-06-29 17:02:00,VNTR
4.65,4.665,4.65,4.66,300,2021-06-29 17:04:00,VNTR
4.66,4.66,4.64,4.64,2788,2021-06-29 17:06:00,VNTR
4.67,4.67,4.67,4.67,100,2021-06-29 17:07:00,VNTR
4.64,4.64,4.64,4.64,200,2021-06-29 17:09:00,VNTR
4.64,4.67,4.64,4.67,385,2021-06-29 17:13:00,VNTR
4.64,4.655,4.64,4.6458,1284,2021-06-29 17:15:00,VNTR
4.66,4.66,4.64,4.64,200,2021-06-29 17:16:00,VNTR
4.64,4.64,4.64,4.64,200,2021-06-29 17:19:00,VNTR
4.66,4.66,4.66,4.66,900,2021-06-29 17:20:00,VNTR
4.66,4.66,4.65,4.65,200,2021-06-29 17:21:00,VNTR
4.65,4.65,4.65,4.65,100,2021-06-29 17:23:00,VNTR
4.65,4.65,4.65,4.65,100,2021-06-29 17:26:00,VNTR
4.665,4.665,4.665,4.665,100,2021-06-29 17:35:00,VNTR
4.65,4.66,4.65,4.65,600,2021-06-29 17:45:00,VNTR
4.66,4.69,4.66,4.69,1190,2021-06-29 17:53:00,VNTR
4.69,4.69,4.69,4.69,200,2021-06-29 17:54:00,VNTR
4.65,4.65,4.65,4.65,100,2021-06-29 17:55:00,VNTR
4.69,4.69,4.69,4.69,100,2021-06-29 17:56:00,VNTR
4.67,4.67,4.67,4.67,200,2021-06-29 17:57:00,VNTR
4.65,4.65,4.65,4.65,100,2021-06-29 18:02:00,VNTR
4.67,4.69,4.67,4.69,1100,2021-06-29 18:06:00,VNTR
4.67,4.67,4.67,4.67,100,2021-06-29 18:10:00,VNTR
4.69,4.72,4.69,4.72,3553,2021-06-29 18:12:00,VNTR
4.7,4.71,4.7,4.71,1575,2021-06-29 18:16:00,VNTR
4.71,4.71,4.7,4.7,200,2021-06-29 18:17:00,VNTR
4.71,4.73,4.71,4.71,3210,2021-06-29 18:25:00,VNTR
4.71,4.74,4.71,4.74,2000,2021-06-29 18:26:00,VNTR
4.74,4.74,4.74,4.74,100,2021-06-29 18:27:00,VNTR
4.725,4.725,4.725,4.725,100,2021-06-29 18:36:00,VNTR
4.71,4.72,4.71,4.72,500,2021-06-29 18:43:00,VNTR
4.7,4.715,4.7,4.715,1200,2021-06-29 18:45:00,VNTR
4.7,4.72,4.7,4.7,10207,2021-06-29 18:47:00,VNTR
4.72,4.72,4.7,4.72,800,2021-06-29 18:48:00,VNTR
4.7,4.71,4.7,4.7,700,2021-06-29 18:49:00,VNTR
4.712,4.712,4.712,4.712,500,2021-06-29 19:02:00,VNTR
4.71,4.71,4.71,4.71,100,2021-06-29 19:03:00,VNTR
4.71,4.71,4.71,4.71,400,2021-06-29 19:12:00,VNTR
4.7178,4.7178,4.715,4.715,200,2021-06-29 19:16:00,VNTR
4.71,4.715,4.705,4.71,1713,2021-06-29 19:22:00,VNTR
4.7,4.71,4.7,4.71,2489,2021-06-29 19:28:00,VNTR
4.71,4.71,4.71,4.71,200,2021-06-29 19:29:00,VNTR
4.71,4.71,4.71,4.71,100,2021-06-29 19:30:00,VNTR
4.72,4.72,4.72,4.72,100,2021-06-29 19:33:00,VNTR
4.72,4.72,4.71,4.71,300,2021-06-29 19:39:00,VNTR
4.71,4.72,4.7015,4.71,2745,2021-06-29 19:40:00,VNTR
4.72,4.72,4.71,4.71,655,2021-06-29 19:41:00,VNTR
4.72,4.72,4.71,4.71,474,2021-06-29 19:43:00,VNTR
4.7,4.72,4.7,4.72,1654,2021-06-29 19:44:00,VNTR
4.72,4.72,4.72,4.72,212,2021-06-29 19:46:00,VNTR
4.725,4.725,4.725,4.725,100,2021-06-29 19:47:00,VNTR
4.71,4.72,4.71,4.72,200,2021-06-29 19:48:00,VNTR
4.71,4.71,4.7,4.71,1830,2021-06-29 19:50:00,VNTR
4.71,4.72,4.71,4.72,2020,2021-06-29 19:51:00,VNTR
4.72,4.72,4.72,4.72,171,2021-06-29 19:52:00,VNTR
4.71,4.71,4.71,4.71,685,2021-06-29 19:53:00,VNTR
4.71,4.71,4.71,4.71,100,2021-06-29 19:54:00,VNTR
4.72,4.72,4.71,4.71,807,2021-06-29 19:55:00,VNTR
4.71,4.71,4.7,4.7,200,2021-06-29 19:56:00,VNTR
4.7,4.71,4.68,4.71,25043,2021-06-29 19:57:00,VNTR
4.71,4.71,4.68,4.71,4129,2021-06-29 19:58:00,VNTR
4.71,4.72,4.69,4.69,2785,2021-06-29 19:59:00,VNTR
4.69,4.69,4.69,4.69,3755,2021-06-29 20:00:00,VNTR
4.98,4.98,4.98,4.98,300,2021-06-30 09:21:00,VNTR
4.45,4.45,4.45,4.45,300,2021-06-30 09:23:00,VNTR
4.4,4.4,4.4,4.4,200,2021-06-30 10:52:00,VNTR
4.69,4.69,4.69,4.69,300,2021-06-30 12:09:00,VNTR
4.67,4.67,4.63,4.63,1331,2021-06-30 13:30:00,VNTR
4.6835,4.6835,4.6835,4.6835,100,2021-06-30 13:31:00,VNTR
4.6944,4.6944,4.6944,4.6944,1000,2021-06-30 13:40:00,VNTR
4.64,4.7,4.64,4.7,300,2021-06-30 13:41:00,VNTR
4.7,4.77,4.7,4.7101,3733,2021-06-30 13:42:00,VNTR
4.72,4.9,4.72,4.83,18544,2021-06-30 13:43:00,VNTR
4.83,4.86,4.83,4.83,570,2021-06-30 13:44:00,VNTR
4.83,4.83,4.83,4.83,200,2021-06-30 13:45:00,VNTR
4.845,4.915,4.8,4.91,14284,2021-06-30 13:46:00,VNTR
4.87,4.89,4.8,4.8,11555,2021-06-30 13:48:00,VNTR
4.8001,4.85,4.78,4.84,15400,2021-06-30 13:49:00,VNTR
4.83,4.8721,4.83,4.86,17486,2021-06-30 13:50:00,VNTR
4.88,4.9,4.86,4.9,9041,2021-06-30 13:51:00,VNTR
4.87,4.905,4.79,4.79,71050,2021-06-30 13:52:00,VNTR
4.79,4.79,4.75,4.77,2200,2021-06-30 13:53:00,VNTR
4.75,4.78,4.75,4.75,800,2021-06-30 13:54:00,VNTR
4.75,4.75,4.75,4.75,1300,2021-06-30 13:55:00,VNTR
4.745,4.7499,4.715,4.718,2755,2021-06-30 13:56:00,VNTR
4.73,4.78,4.715,4.74,6344,2021-06-30 13:57:00,VNTR
4.76,4.7725,4.73,4.76,1700,2021-06-30 13:58:00,VNTR
4.74,4.74,4.73,4.73,300,2021-06-30 13:59:00,VNTR
4.73,4.73,4.73,4.73,1800,2021-06-30 14:00:00,VNTR
4.73,4.73,4.72,4.72,400,2021-06-30 14:01:00,VNTR
4.72,4.745,4.72,4.745,400,2021-06-30 14:02:00,VNTR
4.72,4.73,4.7,4.7,2859,2021-06-30 14:03:00,VNTR
4.7,4.71,4.7,4.7,700,2021-06-30 14:04:00,VNTR
4.7,4.7,4.7,4.7,800,2021-06-30 14:05:00,VNTR
4.7,4.73,4.7,4.7,900,2021-06-30 14:06:00,VNTR
4.7,4.765,4.7,4.765,2989,2021-06-30 14:07:00,VNTR
4.76,4.76,4.76,4.76,200,2021-06-30 14:08:00,VNTR
4.76,4.76,4.76,4.76,100,2021-06-30 14:09:00,VNTR
4.75,4.75,4.74,4.74,931,2021-06-30 14:10:00,VNTR
4.75,4.75,4.73,4.73,366,2021-06-30 14:11:00,VNTR
4.73,4.73,4.73,4.73,100,2021-06-30 14:12:00,VNTR
4.73,4.7604,4.73,4.747,8782,2021-06-30 14:13:00,VNTR
4.74,4.759,4.72,4.74,2280,2021-06-30 14:14:00,VNTR
4.735,4.735,4.735,4.735,100,2021-06-30 14:15:00,VNTR
4.735,4.74,4.72,4.72,400,2021-06-30 14:16:00,VNTR
4.7171,4.7338,4.71,4.725,1012,2021-06-30 14:17:00,VNTR
4.725,4.725,4.725,4.725,200,2021-06-30 14:18:00,VNTR
4.725,4.74,4.725,4.74,43768,2021-06-30 14:19:00,VNTR
4.74,4.74,4.72,4.73,700,2021-06-30 14:20:00,VNTR
4.72,4.72,4.72,4.72,100,2021-06-30 14:21:00,VNTR
4.72,4.72,4.71,4.71,300,2021-06-30 14:22:00,VNTR
4.71,4.71,4.69,4.69,2126,2021-06-30 14:23:00,VNTR
4.69,4.69,4.69,4.69,500,2021-06-30 14:24:00,VNTR
4.69,4.7304,4.69,4.69,1010,2021-06-30 14:25:00,VNTR
4.69,4.69,4.69,4.69,700,2021-06-30 14:26:00,VNTR
4.69,4.69,4.69,4.69,500,2021-06-30 14:27:00,VNTR
4.69,4.7,4.69,4.7,300,2021-06-30 14:28:00,VNTR
4.69,4.7007,4.69,4.69,710,2021-06-30 14:29:00,VNTR
4.69,4.69,4.69,4.69,600,2021-06-30 14:30:00,VNTR
4.69,4.695,4.66,4.67,1230,2021-06-30 14:31:00,VNTR
4.66,4.66,4.66,4.66,300,2021-06-30 14:32:00,VNTR
4.66,4.66,4.66,4.66,300,2021-06-30 14:33:00,VNTR
4.66,4.67,4.66,4.67,200,2021-06-30 14:34:00,VNTR
4.68,4.68,4.68,4.68,300,2021-06-30 14:35:00,VNTR
4.68,4.68,4.68,4.68,200,2021-06-30 14:36:00,VNTR
4.68,4.68,4.68,4.68,300,2021-06-30 14:37:00,VNTR
4.68,4.72,4.68,4.72,200,2021-06-30 14:38:00,VNTR
4.68,4.68,4.68,4.68,300,2021-06-30 14:39:00,VNTR
4.68,4.71,4.68,4.71,200,2021-06-30 14:40:00,VNTR
4.68,4.68,4.68,4.68,200,2021-06-30 14:41:00,VNTR
4.68,4.68,4.68,4.68,300,2021-06-30 14:42:00,VNTR
4.68,4.69,4.68,4.69,400,2021-06-30 14:43:00,VNTR
4.68,4.68,4.68,4.68,100,2021-06-30 14:45:00,VNTR
4.68,4.68,4.68,4.68,100,2021-06-30 14:46:00,VNTR
4.68,4.68,4.68,4.68,100,2021-06-30 14:47:00,VNTR
4.67,4.71,4.67,4.71,1000,2021-06-30 14:48:00,VNTR
4.71,4.71,4.71,4.71,100,2021-06-30 14:57:00,VNTR
4.7238,4.7238,4.7238,4.7238,212,2021-06-30 15:00:00,VNTR
4.7,4.7,4.7,4.7,100,2021-06-30 15:01:00,VNTR
4.71,4.71,4.7,4.7,300,2021-06-30 15:02:00,VNTR
4.72,4.72,4.72,4.72,300,2021-06-30 15:04:00,VNTR
4.7,4.7,4.67,4.67,481,2021-06-30 15:05:00,VNTR
4.67,4.67,4.67,4.67,100,2021-06-30 15:07:00,VNTR
4.67,4.7,4.67,4.69,2900,2021-06-30 15:09:00,VNTR
4.69,4.69,4.69,4.69,100,2021-06-30 15:14:00,VNTR
4.69,4.69,4.69,4.69,100,2021-06-30 15:15:00,VNTR
4.69,4.69,4.69,4.69,100,2021-06-30 15:16:00,VNTR
4.71,4.71,4.69,4.69,347,2021-06-30 15:17:00,VNTR
4.69,4.69,4.69,4.69,100,2021-06-30 15:19:00,VNTR
4.67,4.67,4.67,4.67,100,2021-06-30 15:27:00,VNTR
4.67,4.68,4.67,4.672,700,2021-06-30 15:33:00,VNTR
4.69,4.69,4.69,4.69,200,2021-06-30 15:34:00,VNTR
4.67,4.67,4.67,4.67,100,2021-06-30 15:40:00,VNTR
4.69,4.69,4.69,4.69,100,2021-06-30 15:41:00,VNTR
4.67,4.67,4.67,4.67,100,2021-06-30 15:42:00,VNTR
4.7063,4.7063,4.69,4.69,600,2021-06-30 15:52:00,VNTR
4.71,4.71,4.71,4.71,883,2021-06-30 15:53:00,VNTR
4.72,4.72,4.71,4.71,200,2021-06-30 15:55:00,VNTR
4.72,4.73,4.72,4.72,1600,2021-06-30 15:56:00,VNTR
4.7,4.7,4.7,4.7,100,2021-06-30 15:59:00,VNTR
4.7,4.7,4.7,4.7,100,2021-06-30 16:01:00,VNTR
4.7,4.7,4.68,4.68,600,2021-06-30 16:02:00,VNTR
4.69,4.69,4.68,4.69,491,2021-06-30 16:03:00,VNTR
4.69,4.69,4.69,4.69,200,2021-06-30 16:04:00,VNTR
4.7,4.7,4.7,4.7,1000,2021-06-30 16:05:00,VNTR
4.7,4.7,4.7,4.7,300,2021-06-30 16:06:00,VNTR
4.7,4.7,4.68,4.69,400,2021-06-30 16:07:00,VNTR
4.7,4.7,4.7,4.7,100,2021-06-30 16:10:00,VNTR
4.69,4.6972,4.68,4.68,800,2021-06-30 16:17:00,VNTR
4.68,4.68,4.68,4.68,100,2021-06-30 16:19:00,VNTR
4.69,4.69,4.69,4.69,100,2021-06-30 16:24:00,VNTR
4.69,4.69,4.69,4.69,200,2021-06-30 16:29:00,VNTR
4.7,4.715,4.7,4.715,875,2021-06-30 16:30:00,VNTR
4.73,4.73,4.72,4.72,200,2021-06-30 16:32:00,VNTR
4.73,4.735,4.73,4.735,1054,2021-06-30 16:34:00,VNTR
4.73,4.74,4.73,4.74,3305,2021-06-30 16:35:00,VNTR
4.7317,4.7317,4.7317,4.7317,237,2021-06-30 16:37:00,VNTR
4.73,4.73,4.72,4.72,888,2021-06-30 16:41:00,VNTR
4.71,4.71,4.71,4.71,100,2021-06-30 16:44:00,VNTR
4.71,4.71,4.71,4.71,100,2021-06-30 16:45:00,VNTR
4.72,4.72,4.72,4.72,100,2021-06-30 16:46:00,VNTR
4.72,4.72,4.72,4.72,200,2021-06-30 16:47:00,VNTR
4.7188,4.7188,4.7188,4.7188,500,2021-06-30 16:51:00,VNTR
4.715,4.715,4.715,4.715,100,2021-06-30 16:52:00,VNTR
4.72,4.72,4.72,4.72,300,2021-06-30 16:53:00,VNTR
4.74,4.74,4.74,4.74,200,2021-06-30 16:57:00,VNTR
4.72,4.72,4.72,4.72,100,2021-06-30 16:58:00,VNTR
4.73,4.73,4.73,4.73,220,2021-06-30 17:00:00,VNTR
4.73,4.73,4.73,4.73,100,2021-06-30 17:01:00,VNTR
4.72,4.72,4.72,4.72,100,2021-06-30 17:03:00,VNTR
4.74,4.74,4.73,4.74,875,2021-06-30 17:08:00,VNTR
4.73,4.74,4.73,4.74,600,2021-06-30 17:10:00,VNTR
4.73,4.73,4.73,4.73,100,2021-06-30 17:13:00,VNTR
4.73,4.73,4.73,4.73,100,2021-06-30 17:15:00,VNTR
4.73,4.73,4.73,4.73,100,2021-06-30 17:16:00,VNTR
4.73,4.73,4.73,4.73,100,2021-06-30 17:18:00,VNTR
4.73,4.73,4.73,4.73,100,2021-06-30 17:25:00,VNTR
4.73,4.73,4.73,4.73,100,2021-06-30 17:26:00,VNTR
4.73,4.73,4.73,4.73,300,2021-06-30 17:27:00,VNTR
4.72,4.72,4.72,4.72,100,2021-06-30 17:30:00,VNTR
4.72,4.72,4.72,4.72,100,2021-06-30 17:31:00,VNTR
4.725,4.73,4.725,4.73,700,2021-06-30 17:33:00,VNTR
4.72,4.72,4.72,4.72,200,2021-06-30 17:38:00,VNTR
4.72,4.72,4.72,4.72,100,2021-06-30 17:40:00,VNTR
4.72,4.72,4.72,4.72,100,2021-06-30 17:41:00,VNTR
4.72,4.72,4.72,4.72,100,2021-06-30 17:44:00,VNTR
4.72,4.72,4.72,4.72,100,2021-06-30 17:45:00,VNTR
4.73,4.74,4.73,4.73,600,2021-06-30 17:46:00,VNTR
4.7351,4.7351,4.7351,4.7351,100,2021-06-30 17:47:00,VNTR
4.72,4.72,4.72,4.72,100,2021-06-30 17:49:00,VNTR
4.72,4.72,4.72,4.72,100,2021-06-30 17:51:00,VNTR
4.72,4.72,4.72,4.72,100,2021-06-30 17:55:00,VNTR
4.72,4.72,4.72,4.72,100,2021-06-30 17:56:00,VNTR
4.72,4.72,4.72,4.72,100,2021-06-30 17:58:00,VNTR
4.72,4.72,4.72,4.72,100,2021-06-30 17:59:00,VNTR
4.74,4.74,4.74,4.74,200,2021-06-30 18:00:00,VNTR
4.73,4.73,4.73,4.73,100,2021-06-30 18:01:00,VNTR
4.72,4.72,4.72,4.72,100,2021-06-30 18:02:00,VNTR
4.72,4.72,4.72,4.72,100,2021-06-30 18:03:00,VNTR
4.73,4.73,4.72,4.72,450,2021-06-30 18:05:00,VNTR
4.72,4.72,4.72,4.72,100,2021-06-30 18:06:00,VNTR
4.72,4.72,4.72,4.72,100,2021-06-30 18:08:00,VNTR
4.72,4.72,4.72,4.72,100,2021-06-30 18:09:00,VNTR
4.72,4.72,4.72,4.72,100,2021-06-30 18:10:00,VNTR
4.73,4.73,4.73,4.73,100,2021-06-30 18:11:00,VNTR
4.72,4.74,4.72,4.74,200,2021-06-30 18:13:00,VNTR
4.72,4.72,4.72,4.72,100,2021-06-30 18:15:00,VNTR
4.72,4.7263,4.72,4.7263,400,2021-06-30 18:16:00,VNTR
4.74,4.74,4.73,4.74,970,2021-06-30 18:17:00,VNTR
4.735,4.735,4.735,4.735,200,2021-06-30 18:21:00,VNTR
4.7238,4.74,4.72,4.72,2380,2021-06-30 18:23:00,VNTR
4.7262,4.73,4.72,4.73,1300,2021-06-30 18:24:00,VNTR
4.74,4.74,4.74,4.74,100,2021-06-30 18:25:00,VNTR
4.72,4.73,4.72,4.73,200,2021-06-30 18:27:00,VNTR
4.72,4.7234,4.72,4.7234,200,2021-06-30 18:28:00,VNTR
4.72,4.72,4.72,4.72,100,2021-06-30 18:29:00,VNTR
4.72,4.73,4.72,4.73,200,2021-06-30 18:31:00,VNTR
4.72,4.72,4.72,4.72,100,2021-06-30 18:32:00,VNTR
4.72,4.72,4.72,4.72,100,2021-06-30 18:33:00,VNTR
4.72,4.72,4.72,4.72,100,2021-06-30 18:34:00,VNTR
4.74,4.74,4.73,4.73,300,2021-06-30 18:35:00,VNTR
4.72,4.72,4.72,4.72,100,2021-06-30 18:36:00,VNTR
4.72,4.72,4.72,4.72,100,2021-06-30 18:37:00,VNTR
4.72,4.72,4.72,4.72,100,2021-06-30 18:38:00,VNTR
4.72,4.72,4.72,4.72,100,2021-06-30 18:40:00,VNTR
4.72,4.72,4.72,4.72,100,2021-06-30 18:41:00,VNTR
4.7368,4.74,4.73,4.73,802,2021-06-30 18:42:00,VNTR
4.74,4.74,4.74,4.74,200,2021-06-30 18:43:00,VNTR
4.75,4.75,4.74,4.74,200,2021-06-30 18:47:00,VNTR
4.73,4.73,4.73,4.73,100,2021-06-30 18:48:00,VNTR
4.73,4.73,4.73,4.73,100,2021-06-30 18:49:00,VNTR
4.73,4.73,4.73,4.73,100,2021-06-30 18:50:00,VNTR
4.73,4.73,4.73,4.73,100,2021-06-30 18:51:00,VNTR
4.73,4.73,4.73,4.73,100,2021-06-30 18:52:00,VNTR
4.73,4.73,4.73,4.73,100,2021-06-30 18:54:00,VNTR
4.73,4.73,4.73,4.73,100,2021-06-30 18:55:00,VNTR
4.73,4.73,4.73,4.73,100,2021-06-30 18:56:00,VNTR
4.74,4.74,4.74,4.74,100,2021-06-30 18:57:00,VNTR
4.75,4.75,4.73,4.73,200,2021-06-30 18:58:00,VNTR
4.73,4.73,4.73,4.73,100,2021-06-30 19:00:00,VNTR
4.73,4.73,4.73,4.73,100,2021-06-30 19:01:00,VNTR
4.73,4.74,4.73,4.74,400,2021-06-30 19:02:00,VNTR
4.73,4.73,4.73,4.73,100,2021-06-30 19:06:00,VNTR
4.73,4.73,4.73,4.73,100,2021-06-30 19:07:00,VNTR
4.73,4.73,4.73,4.73,100,2021-06-30 19:08:00,VNTR
4.73,4.74,4.73,4.73,1098,2021-06-30 19:09:00,VNTR
4.73,4.73,4.73,4.73,100,2021-06-30 19:10:00,VNTR
4.74,4.74,4.74,4.74,400,2021-06-30 19:11:00,VNTR
4.75,4.79,4.75,4.79,19186,2021-06-30 19:14:00,VNTR
4.79,4.79,4.77,4.77,1301,2021-06-30 19:15:00,VNTR
4.77,4.77,4.77,4.77,100,2021-06-30 19:17:00,VNTR
4.77,4.77,4.77,4.77,600,2021-06-30 19:20:00,VNTR
4.76,4.76,4.76,4.76,300,2021-06-30 19:22:00,VNTR
4.76,4.76,4.76,4.76,200,2021-06-30 19:23:00,VNTR
4.76,4.76,4.76,4.76,300,2021-06-30 19:24:00,VNTR
4.75,4.77,4.75,4.77,600,2021-06-30 19:25:00,VNTR
4.77,4.78,4.77,4.78,1098,2021-06-30 19:26:00,VNTR
4.78,4.78,4.77,4.78,6212,2021-06-30 19:27:00,VNTR
4.775,4.775,4.775,4.775,100,2021-06-30 19:29:00,VNTR
4.775,4.78,4.76,4.78,400,2021-06-30 19:30:00,VNTR
4.78,4.78,4.78,4.78,3100,2021-06-30 19:31:00,VNTR
4.78,4.78,4.78,4.78,200,2021-06-30 19:32:00,VNTR
4.7867,4.7867,4.7867,4.7867,209,2021-06-30 19:33:00,VNTR
4.77,4.77,4.77,4.77,100,2021-06-30 19:35:00,VNTR
4.77,4.78,4.77,4.77,2832,2021-06-30 19:36:00,VNTR
4.75,4.75,4.75,4.75,500,2021-06-30 19:37:00,VNTR
4.75,4.75,4.75,4.75,400,2021-06-30 19:38:00,VNTR
4.75,4.75,4.75,4.75,200,2021-06-30 19:39:00,VNTR
4.75,4.78,4.75,4.75,600,2021-06-30 19:40:00,VNTR
4.765,4.765,4.75,4.75,350,2021-06-30 19:41:00,VNTR
4.75,4.7501,4.75,4.75,800,2021-06-30 19:42:00,VNTR
4.75,4.75,4.75,4.75,400,2021-06-30 19:43:00,VNTR
4.75,4.75,4.75,4.75,400,2021-06-30 19:44:00,VNTR
4.75,4.78,4.75,4.765,500,2021-06-30 19:45:00,VNTR
4.75,4.75,4.75,4.75,400,2021-06-30 19:46:00,VNTR
4.75,4.75,4.75,4.75,400,2021-06-30 19:47:00,VNTR
4.75,4.765,4.75,4.765,300,2021-06-30 19:48:00,VNTR
4.75,4.77,4.75,4.77,400,2021-06-30 19:49:00,VNTR
4.76,4.76,4.76,4.76,600,2021-06-30 19:50:00,VNTR
4.76,4.76,4.76,4.76,300,2021-06-30 19:51:00,VNTR
4.76,4.7699,4.75,4.75,1600,2021-06-30 19:52:00,VNTR
4.755,4.76,4.75,4.75,2313,2021-06-30 19:53:00,VNTR
4.75,4.77,4.75,4.77,1621,2021-06-30 19:54:00,VNTR
4.77,4.78,4.77,4.77,2306,2021-06-30 19:55:00,VNTR
4.78,4.78,4.768,4.768,868,2021-06-30 19:56:00,VNTR
4.77,4.78,4.77,4.77,900,2021-06-30 19:57:00,VNTR
4.78,4.78,4.77,4.78,7438,2021-06-30 19:58:00,VNTR
4.76,4.77,4.73,4.74,10218,2021-06-30 19:59:00,VNTR
4.74,4.74,4.74,4.74,6236,2021-06-30 20:00:00,VNTR
4.79,4.8,4.79,4.8,3200,2021-06-30 20:07:00,VNTR
4.79,4.79,4.79,4.79,1808,2021-07-01 13:30:00,VNTR
4.785,4.785,4.785,4.785,1000,2021-07-01 13:33:00,VNTR
4.79,4.79,4.77,4.77,200,2021-07-01 13:34:00,VNTR
4.75,4.75,4.75,4.75,600,2021-07-01 13:36:00,VNTR
4.75,4.75,4.75,4.75,100,2021-07-01 13:37:00,VNTR
4.75,4.75,4.68,4.68,4200,2021-07-01 13:38:00,VNTR
4.69,4.73,4.69,4.73,500,2021-07-01 13:39:00,VNTR
4.718,4.718,4.718,4.718,3400,2021-07-01 13:41:00,VNTR
4.71,4.71,4.71,4.71,100,2021-07-01 13:42:00,VNTR
4.71,4.71,4.71,4.71,100,2021-07-01 13:43:00,VNTR
4.71,4.74,4.71,4.74,516,2021-07-01 13:44:00,VNTR
4.7283,4.7283,4.69,4.69,312,2021-07-01 13:46:00,VNTR
4.68,4.69,4.68,4.69,948,2021-07-01 13:47:00,VNTR
4.68,4.685,4.68,4.685,2311,2021-07-01 13:48:00,VNTR
4.68,4.68,4.68,4.68,200,2021-07-01 13:50:00,VNTR
4.69,4.69,4.6701,4.69,1700,2021-07-01 13:51:00,VNTR
4.7,4.7,4.7,4.7,100,2021-07-01 13:52:00,VNTR
4.67,4.685,4.67,4.685,200,2021-07-01 13:53:00,VNTR
4.675,4.675,4.675,4.675,100,2021-07-01 13:56:00,VNTR
4.67,4.67,4.67,4.67,100,2021-07-01 13:57:00,VNTR
4.67,4.67,4.67,4.67,100,2021-07-01 13:58:00,VNTR
4.67,4.67,4.67,4.67,100,2021-07-01 13:59:00,VNTR
4.66,4.66,4.66,4.66,200,2021-07-01 14:00:00,VNTR
4.685,4.685,4.67,4.68,1299,2021-07-01 14:01:00,VNTR
4.68,4.68,4.68,4.68,1000,2021-07-01 14:02:00,VNTR
4.67,4.67,4.67,4.67,100,2021-07-01 14:04:00,VNTR
4.67,4.67,4.67,4.67,100,2021-07-01 14:05:00,VNTR
4.69,4.69,4.69,4.69,498,2021-07-01 14:06:00,VNTR
4.68,4.68,4.68,4.68,100,2021-07-01 14:07:00,VNTR
4.71,4.71,4.71,4.71,200,2021-07-01 14:08:00,VNTR
4.71,4.71,4.71,4.71,100,2021-07-01 14:10:00,VNTR
4.71,4.73,4.71,4.73,700,2021-07-01 14:11:00,VNTR
4.71,4.71,4.71,4.71,100,2021-07-01 14:12:00,VNTR
4.71,4.72,4.71,4.72,200,2021-07-01 14:14:00,VNTR
4.71,4.71,4.71,4.71,100,2021-07-01 14:16:00,VNTR
4.73,4.73,4.73,4.73,200,2021-07-01 14:17:00,VNTR
4.73,4.73,4.725,4.725,201,2021-07-01 14:18:00,VNTR
4.71,4.74,4.71,4.74,350,2021-07-01 14:19:00,VNTR
4.72,4.72,4.72,4.72,100,2021-07-01 14:20:00,VNTR
4.72,4.72,4.72,4.72,100,2021-07-01 14:22:00,VNTR
4.73,4.73,4.73,4.73,100,2021-07-01 14:23:00,VNTR
4.73,4.73,4.73,4.73,100,2021-07-01 14:25:00,VNTR
4.73,4.75,4.73,4.75,1476,2021-07-01 14:26:00,VNTR
4.74,4.74,4.74,4.74,100,2021-07-01 14:28:00,VNTR
4.73,4.73,4.73,4.73,100,2021-07-01 14:31:00,VNTR
4.71,4.71,4.71,4.71,200,2021-07-01 14:32:00,VNTR
4.71,4.71,4.71,4.71,100,2021-07-01 14:33:00,VNTR
4.71,4.71,4.71,4.71,100,2021-07-01 14:34:00,VNTR
4.71,4.71,4.69,4.69,17567,2021-07-01 14:36:00,VNTR
4.7,4.7,4.7,4.7,100,2021-07-01 14:37:00,VNTR
4.71,4.72,4.7,4.72,1100,2021-07-01 14:38:00,VNTR
4.725,4.725,4.725,4.725,100,2021-07-01 14:40:00,VNTR
4.71,4.71,4.71,4.71,100,2021-07-01 14:43:00,VNTR
4.71,4.71,4.71,4.71,100,2021-07-01 14:45:00,VNTR
4.71,4.71,4.71,4.71,100,2021-07-01 14:46:00,VNTR
4.71,4.71,4.71,4.71,100,2021-07-01 14:47:00,VNTR
4.71,4.71,4.71,4.71,100,2021-07-01 14:49:00,VNTR
4.71,4.74,4.71,4.725,300,2021-07-01 14:50:00,VNTR
4.74,4.74,4.74,4.74,100,2021-07-01 14:52:00,VNTR
4.71,4.71,4.71,4.71,100,2021-07-01 14:53:00,VNTR
4.71,4.71,4.71,4.71,100,2021-07-01 14:54:00,VNTR
4.71,4.71,4.71,4.71,200,2021-07-01 14:55:00,VNTR
4.72,4.72,4.72,4.72,100,2021-07-01 15:00:00,VNTR
4.71,4.71,4.71,4.71,100,2021-07-01 15:03:00,VNTR
4.7172,4.7172,4.71,4.71,1200,2021-07-01 15:05:00,VNTR
4.72,4.72,4.72,4.72,100,2021-07-01 15:06:00,VNTR
4.7299,4.735,4.7299,4.73,4185,2021-07-01 15:10:00,VNTR
4.73,4.735,4.73,4.73,1154,2021-07-01 15:11:00,VNTR
4.73,4.73,4.725,4.725,913,2021-07-01 15:12:00,VNTR
4.73,4.73,4.73,4.73,400,2021-07-01 15:13:00,VNTR
4.7,4.7,4.7,4.7,100,2021-07-01 15:14:00,VNTR
4.71,4.71,4.7,4.7027,400,2021-07-01 15:16:00,VNTR
4.7,4.7,4.7,4.7,100,2021-07-01 15:17:00,VNTR
4.7,4.7,4.7,4.7,100,2021-07-01 15:18:00,VNTR
4.7,4.7,4.7,4.7,100,2021-07-01 15:19:00,VNTR
4.7,4.7,4.7,4.7,200,2021-07-01 15:21:00,VNTR
4.67,4.685,4.67,4.685,200,2021-07-01 15:22:00,VNTR
4.685,4.685,4.685,4.685,200,2021-07-01 15:24:00,VNTR
4.69,4.705,4.69,4.705,700,2021-07-01 15:26:00,VNTR
4.7084,4.71,4.7084,4.71,500,2021-07-01 15:27:00,VNTR
4.72,4.72,4.72,4.72,299,2021-07-01 15:28:00,VNTR
4.73,4.74,4.73,4.74,1104,2021-07-01 15:30:00,VNTR
4.73,4.73,4.73,4.73,100,2021-07-01 15:32:00,VNTR
4.72,4.72,4.72,4.72,200,2021-07-01 15:33:00,VNTR
4.71,4.71,4.71,4.71,200,2021-07-01 15:35:00,VNTR
4.71,4.71,4.71,4.71,100,2021-07-01 15:36:00,VNTR
4.71,4.71,4.71,4.71,100,2021-07-01 15:37:00,VNTR
4.72,4.72,4.71,4.72,2700,2021-07-01 15:38:00,VNTR
4.7162,4.7162,4.7162,4.7162,520,2021-07-01 15:41:00,VNTR
4.7,4.7,4.7,4.7,100,2021-07-01 15:43:00,VNTR
4.7,4.7,4.7,4.7,100,2021-07-01 15:45:00,VNTR
4.7,4.7,4.7,4.7,100,2021-07-01 15:46:00,VNTR
4.7,4.7,4.7,4.7,100,2021-07-01 15:48:00,VNTR
4.7,4.7,4.7,4.7,100,2021-07-01 15:49:00,VNTR
4.71,4.72,4.71,4.72,500,2021-07-01 15:51:00,VNTR
4.73,4.73,4.73,4.73,700,2021-07-01 15:54:00,VNTR
4.72,4.72,4.72,4.72,200,2021-07-01 15:56:00,VNTR
4.7,4.7,4.7,4.7,100,2021-07-01 15:58:00,VNTR
4.7,4.7,4.7,4.7,100,2021-07-01 16:01:00,VNTR
4.7,4.7,4.7,4.7,100,2021-07-01 16:03:00,VNTR
4.7,4.7,4.7,4.7,202,2021-07-01 16:05:00,VNTR
4.7,4.7,4.7,4.7,200,2021-07-01 16:06:00,VNTR
4.7,4.7,4.7,4.7,100,2021-07-01 16:08:00,VNTR
4.7,4.7,4.7,4.7,100,2021-07-01 16:10:00,VNTR
4.69,4.69,4.69,4.69,200,2021-07-01 16:11:00,VNTR
4.69,4.69,4.69,4.69,100,2021-07-01 16:12:00,VNTR
4.69,4.69,4.69,4.69,300,2021-07-01 16:14:00,VNTR
4.69,4.69,4.69,4.69,100,2021-07-01 16:15:00,VNTR
4.68,4.69,4.68,4.69,600,2021-07-01 16:16:00,VNTR
4.6998,4.7,4.69,4.69,1159,2021-07-01 16:21:00,VNTR
4.7,4.7,4.7,4.7,100,2021-07-01 16:22:00,VNTR
4.7,4.7,4.69,4.69,400,2021-07-01 16:25:00,VNTR
4.69,4.69,4.69,4.69,100,2021-07-01 16:26:00,VNTR
4.69,4.69,4.69,4.69,100,2021-07-01 16:28:00,VNTR
4.71,4.72,4.7,4.72,960,2021-07-01 16:30:00,VNTR
4.74,4.74,4.74,4.74,600,2021-07-01 16:31:00,VNTR
4.74,4.74,4.71,4.74,25300,2021-07-01 16:32:00,VNTR
4.725,4.725,4.71,4.71,300,2021-07-01 16:34:00,VNTR
4.725,4.725,4.725,4.725,100,2021-07-01 16:36:00,VNTR
4.725,4.725,4.71,4.72,400,2021-07-01 16:42:00,VNTR
4.72,4.72,4.72,4.72,200,2021-07-01 16:44:00,VNTR
4.72,4.72,4.72,4.72,100,2021-07-01 16:45:00,VNTR
4.72,4.72,4.72,4.72,200,2021-07-01 16:46:00,VNTR
4.73,4.73,4.73,4.73,401,2021-07-01 16:47:00,VNTR
4.74,4.74,4.74,4.74,100,2021-07-01 16:48:00,VNTR
4.74,4.74,4.7301,4.7301,760,2021-07-01 16:49:00,VNTR
4.73,4.73,4.73,4.73,100,2021-07-01 16:53:00,VNTR
4.725,4.725,4.725,4.725,300,2021-07-01 16:54:00,VNTR
4.72,4.72,4.72,4.72,200,2021-07-01 16:57:00,VNTR
4.72,4.72,4.72,4.72,100,2021-07-01 16:59:00,VNTR
4.71,4.71,4.71,4.71,100,2021-07-01 17:01:00,VNTR
4.71,4.71,4.71,4.71,100,2021-07-01 17:02:00,VNTR
4.72,4.72,4.72,4.72,200,2021-07-01 17:03:00,VNTR
4.72,4.73,4.72,4.73,260,2021-07-01 17:04:00,VNTR
4.72,4.72,4.72,4.72,220,2021-07-01 17:08:00,VNTR
4.72,4.73,4.72,4.73,300,2021-07-01 17:09:00,VNTR
4.73,4.73,4.72,4.72,500,2021-07-01 17:14:00,VNTR
4.71,4.71,4.71,4.71,100,2021-07-01 17:15:00,VNTR
4.71,4.72,4.71,4.72,475,2021-07-01 17:16:00,VNTR
4.72,4.72,4.72,4.72,200,2021-07-01 17:19:00,VNTR
4.72,4.72,4.72,4.72,200,2021-07-01 17:20:00,VNTR
4.725,4.725,4.71,4.71,4089,2021-07-01 17:24:00,VNTR
4.7244,4.7244,4.71,4.71,300,2021-07-01 17:25:00,VNTR
4.7,4.7,4.7,4.7,100,2021-07-01 17:27:00,VNTR
4.7,4.7,4.7,4.7,100,2021-07-01 17:28:00,VNTR
4.7,4.7,4.7,4.7,100,2021-07-01 17:30:00,VNTR
4.7,4.7,4.7,4.7,100,2021-07-01 17:32:00,VNTR
4.7,4.7,4.7,4.7,100,2021-07-01 17:34:00,VNTR
4.7,4.7,4.7,4.7,100,2021-07-01 17:35:00,VNTR
4.7,4.715,4.7,4.715,200,2021-07-01 17:37:00,VNTR
4.7,4.7,4.7,4.7,800,2021-07-01 17:38:00,VNTR
4.7,4.7001,4.7,4.7001,400,2021-07-01 17:39:00,VNTR
4.71,4.71,4.705,4.705,300,2021-07-01 17:41:00,VNTR
4.7,4.7,4.7,4.7,100,2021-07-01 17:45:00,VNTR
4.7,4.7,4.7,4.7,200,2021-07-01 17:46:00,VNTR
4.71,4.71,4.71,4.71,400,2021-07-01 17:47:00,VNTR
4.7,4.7,4.7,4.7,200,2021-07-01 17:50:00,VNTR
4.705,4.705,4.705,4.705,800,2021-07-01 17:51:00,VNTR
4.7,4.7,4.7,4.7,100,2021-07-01 17:53:00,VNTR
4.7076,4.7076,4.7076,4.7076,100,2021-07-01 17:54:00,VNTR
4.7,4.7,4.7,4.7,100,2021-07-01 17:55:00,VNTR
4.71,4.71,4.71,4.71,100,2021-07-01 17:56:00,VNTR
4.7,4.7,4.7,4.7,100,2021-07-01 17:57:00,VNTR
4.7,4.7,4.7,4.7,100,2021-07-01 17:58:00,VNTR
4.71,4.71,4.705,4.71,300,2021-07-01 17:59:00,VNTR
4.7,4.7,4.7,4.7,897,2021-07-01 18:04:00,VNTR
4.69,4.69,4.69,4.69,100,2021-07-01 18:06:00,VNTR
4.69,4.69,4.69,4.69,100,2021-07-01 18:07:00,VNTR
4.69,4.69,4.69,4.69,100,2021-07-01 18:09:00,VNTR
4.69,4.69,4.69,4.69,100,2021-07-01 18:11:00,VNTR
4.69,4.69,4.69,4.69,200,2021-07-01 18:13:00,VNTR
4.68,4.68,4.68,4.68,100,2021-07-01 18:16:00,VNTR
4.68,4.68,4.68,4.68,100,2021-07-01 18:18:00,VNTR
4.68,4.68,4.68,4.68,100,2021-07-01 18:19:00,VNTR
4.68,4.68,4.68,4.68,100,2021-07-01 18:21:00,VNTR
4.68,4.687,4.675,4.675,3941,2021-07-01 18:23:00,VNTR
4.675,4.675,4.675,4.675,100,2021-07-01 18:24:00,VNTR
4.68,4.68,4.68,4.68,1500,2021-07-01 18:25:00,VNTR
4.695,4.695,4.6801,4.689,475,2021-07-01 18:30:00,VNTR
4.69,4.69,4.69,4.69,100,2021-07-01 18:33:00,VNTR
4.695,4.7,4.69,4.7,5429,2021-07-01 18:34:00,VNTR
4.69,4.71,4.69,4.71,313,2021-07-01 18:38:00,VNTR
4.69,4.69,4.69,4.69,100,2021-07-01 18:39:00,VNTR
4.69,4.69,4.69,4.69,100,2021-07-01 18:41:00,VNTR
4.69,4.69,4.69,4.69,100,2021-07-01 18:43:00,VNTR
4.69,4.69,4.69,4.69,100,2021-07-01 18:44:00,VNTR
4.69,4.69,4.69,4.69,100,2021-07-01 18:46:00,VNTR
4.69,4.69,4.69,4.69,100,2021-07-01 18:48:00,VNTR
4.69,4.7,4.69,4.7,940,2021-07-01 18:49:00,VNTR
4.71,4.71,4.71,4.71,100,2021-07-01 18:51:00,VNTR
4.7,4.7,4.7,4.7,100,2021-07-01 18:52:00,VNTR
4.7,4.7,4.7,4.7,1666,2021-07-01 18:53:00,VNTR
4.7,4.7198,4.7,4.7198,600,2021-07-01 18:54:00,VNTR
4.7,4.7,4.7,4.7,300,2021-07-01 18:55:00,VNTR
4.69,4.69,4.69,4.69,100,2021-07-01 18:58:00,VNTR
4.69,4.7023,4.69,4.7023,420,2021-07-01 19:00:00,VNTR
4.7,4.7,4.7,4.7,100,2021-07-01 19:01:00,VNTR
4.7,4.7013,4.7,4.7,346,2021-07-01 19:03:00,VNTR
4.6901,4.6901,4.6901,4.6901,123,2021-07-01 19:05:00,VNTR
4.69,4.69,4.69,4.69,100,2021-07-01 19:06:00,VNTR
4.69,4.69,4.69,4.69,100,2021-07-01 19:07:00,VNTR
4.6901,4.6901,4.69,4.69,215,2021-07-01 19:08:00,VNTR
4.68,4.68,4.68,4.68,100,2021-07-01 19:09:00,VNTR
4.68,4.68,4.68,4.68,100,2021-07-01 19:11:00,VNTR
4.6801,4.6801,4.68,4.68,207,2021-07-01 19:12:00,VNTR
4.6814,4.6814,4.68,4.68,303,2021-07-01 19:13:00,VNTR
4.68,4.68,4.68,4.68,100,2021-07-01 19:14:00,VNTR
4.68,4.6801,4.68,4.6801,212,2021-07-01 19:16:00,VNTR
4.68,4.68,4.68,4.68,100,2021-07-01 19:17:00,VNTR
4.68,4.6827,4.68,4.6827,212,2021-07-01 19:18:00,VNTR
4.68,4.68,4.68,4.68,100,2021-07-01 19:19:00,VNTR
4.6701,4.6701,4.67,4.67,233,2021-07-01 19:20:00,VNTR
4.67,4.67,4.67,4.67,100,2021-07-01 19:21:00,VNTR
4.66,4.6601,4.66,4.6601,240,2021-07-01 19:22:00,VNTR
4.66,4.66,4.66,4.66,100,2021-07-01 19:23:00,VNTR
4.6601,4.6601,4.6601,4.6601,153,2021-07-01 19:24:00,VNTR
4.66,4.66,4.66,4.66,100,2021-07-01 19:25:00,VNTR
4.66,4.66,4.66,4.66,100,2021-07-01 19:26:00,VNTR
4.66,4.66,4.66,4.66,100,2021-07-01 19:27:00,VNTR
4.6618,4.665,4.6618,4.665,274,2021-07-01 19:28:00,VNTR
4.68,4.68,4.6618,4.6618,336,2021-07-01 19:30:00,VNTR
4.66,4.66,4.66,4.66,200,2021-07-01 19:31:00,VNTR
4.6601,4.665,4.6601,4.665,273,2021-07-01 19:32:00,VNTR
4.66,4.67,4.655,4.67,1202,2021-07-01 19:33:00,VNTR
4.66,4.66,4.654,4.654,223,2021-07-01 19:34:00,VNTR
4.65,4.65,4.65,4.65,100,2021-07-01 19:35:00,VNTR
4.65,4.6536,4.65,4.6536,284,2021-07-01 19:36:00,VNTR
4.65,4.65,4.65,4.65,200,2021-07-01 19:37:00,VNTR
4.65,4.65,4.65,4.65,200,2021-07-01 19:38:00,VNTR
4.6501,4.6501,4.6501,4.6501,104,2021-07-01 19:39:00,VNTR
4.65,4.6538,4.65,4.6501,488,2021-07-01 19:40:00,VNTR
4.66,4.66,4.65,4.6541,633,2021-07-01 19:41:00,VNTR
4.65,4.66,4.65,4.6501,606,2021-07-01 19:42:00,VNTR
4.66,4.66,4.655,4.655,200,2021-07-01 19:43:00,VNTR
4.655,4.655,4.65,4.6501,1287,2021-07-01 19:44:00,VNTR
4.655,4.655,4.655,4.655,300,2021-07-01 19:45:00,VNTR
4.67,4.67,4.67,4.67,100,2021-07-01 19:46:00,VNTR
4.6501,4.67,4.65,4.67,2419,2021-07-01 19:47:00,VNTR
4.65,4.66,4.65,4.66,1270,2021-07-01 19:48:00,VNTR
4.66,4.67,4.65,4.66,1682,2021-07-01 19:49:00,VNTR
4.65,4.66,4.65,4.66,600,2021-07-01 19:50:00,VNTR
4.65,4.66,4.64,4.645,2705,2021-07-01 19:51:00,VNTR
4.64,4.645,4.64,4.645,860,2021-07-01 19:52:00,VNTR
4.64,4.6401,4.64,4.6401,624,2021-07-01 19:53:00,VNTR
4.64,4.645,4.64,4.645,1258,2021-07-01 19:54:00,VNTR
4.645,4.645,4.63,4.63,2903,2021-07-01 19:55:00,VNTR
4.64,4.64,4.635,4.635,300,2021-07-01 19:56:00,VNTR
4.635,4.66,4.635,4.65,3092,2021-07-01 19:57:00,VNTR
4.6425,4.66,4.64,4.64,933,2021-07-01 19:58:00,VNTR
4.6428,4.66,4.64,4.66,2678,2021-07-01 19:59:00,VNTR
4.64,4.64,4.64,4.64,3629,2021-07-01 20:00:00,VNTR
4.6,4.6,4.6,4.6,134,2021-07-01 23:18:00,VNTR
4.66,4.66,4.66,4.66,1034,2021-07-02 13:30:00,VNTR
4.71,4.71,4.71,4.71,100,2021-07-02 13:31:00,VNTR
4.65,4.7,4.65,4.7,500,2021-07-02 13:32:00,VNTR
4.6974,4.6974,4.61,4.61,2400,2021-07-02 13:33:00,VNTR
4.6,4.6,4.6,4.6,100,2021-07-02 13:34:00,VNTR
4.6,4.64,4.56,4.56,6661,2021-07-02 13:35:00,VNTR
4.6,4.6,4.6,4.6,500,2021-07-02 13:36:00,VNTR
4.56,4.6057,4.53,4.6057,2435,2021-07-02 13:37:00,VNTR
4.6054,4.6054,4.522,4.522,829,2021-07-02 13:38:00,VNTR
4.56,4.58,4.545,4.545,2452,2021-07-02 13:39:00,VNTR
4.545,4.545,4.53,4.53,1100,2021-07-02 13:40:00,VNTR
4.57,4.57,4.54,4.57,2192,2021-07-02 13:41:00,VNTR
4.53,4.555,4.53,4.555,1200,2021-07-02 13:49:00,VNTR
4.54,4.54,4.51,4.51,2708,2021-07-02 13:51:00,VNTR
4.51,4.525,4.51,4.51,6030,2021-07-02 13:52:00,VNTR
4.51,4.51,4.44,4.465,17108,2021-07-02 13:53:00,VNTR
4.47,4.51,4.47,4.5,1800,2021-07-02 13:54:00,VNTR
4.49,4.51,4.47,4.485,5332,2021-07-02 13:55:00,VNTR
4.47,4.47,4.47,4.47,100,2021-07-02 13:56:00,VNTR
4.48,4.48,4.48,4.48,100,2021-07-02 13:58:00,VNTR
4.48,4.48,4.44,4.44,3041,2021-07-02 13:59:00,VNTR
4.44,4.46,4.44,4.46,2646,2021-07-02 14:00:00,VNTR
4.45,4.47,4.45,4.46,4686,2021-07-02 14:01:00,VNTR
4.46,4.46,4.46,4.46,1206,2021-07-02 14:02:00,VNTR
4.45,4.45,4.45,4.45,3227,2021-07-02 14:03:00,VNTR
4.45,4.45,4.45,4.45,300,2021-07-02 14:04:00,VNTR
4.4599,4.4599,4.4599,4.4599,100,2021-07-02 14:05:00,VNTR
4.4599,4.46,4.44,4.46,300,2021-07-02 14:06:00,VNTR
4.44,4.44,4.44,4.44,100,2021-07-02 14:08:00,VNTR
4.44,4.45,4.44,4.44,1300,2021-07-02 14:09:00,VNTR
4.44,4.44,4.42,4.42,1336,2021-07-02 14:10:00,VNTR
4.43,4.44,4.43,4.44,960,2021-07-02 14:11:00,VNTR
4.4409,4.46,4.4409,4.46,4099,2021-07-02 14:12:00,VNTR
4.455,4.455,4.4,4.4,12208,2021-07-02 14:13:00,VNTR
4.4,4.4,4.37,4.382,15648,2021-07-02 14:14:00,VNTR
4.385,4.385,4.35,4.37,12046,2021-07-02 14:15:00,VNTR
4.3701,4.4,4.37,4.4,10947,2021-07-02 14:16:00,VNTR
4.37,4.41,4.37,4.41,3300,2021-07-02 14:17:00,VNTR
4.39,4.435,4.39,4.42,4909,2021-07-02 14:18:00,VNTR
4.415,4.45,4.415,4.45,3450,2021-07-02 14:19:00,VNTR
4.4498,4.4499,4.4498,4.4499,350,2021-07-02 14:20:00,VNTR
4.44,4.45,4.41,4.4404,1377,2021-07-02 14:21:00,VNTR
4.45,4.45,4.41,4.42,6150,2021-07-02 14:22:00,VNTR
4.42,4.4357,4.42,4.4357,650,2021-07-02 14:23:00,VNTR
4.42,4.48,4.42,4.43,21084,2021-07-02 14:24:00,VNTR
4.47,4.5,4.47,4.5,1180,2021-07-02 14:27:00,VNTR
4.4953,4.5,4.48,4.48,1300,2021-07-02 14:28:00,VNTR
4.5,4.52,4.48,4.5109,1655,2021-07-02 14:29:00,VNTR
4.52,4.52,4.5038,4.5038,620,2021-07-02 14:30:00,VNTR
4.5,4.5,4.46,4.46,3135,2021-07-02 14:31:00,VNTR
4.46,4.46,4.46,4.46,200,2021-07-02 14:32:00,VNTR
4.46,4.46,4.46,4.46,300,2021-07-02 14:33:00,VNTR
4.46,4.5,4.46,4.46,1600,2021-07-02 14:34:00,VNTR
4.48,4.48,4.46,4.46,500,2021-07-02 14:35:00,VNTR
4.46,4.49,4.44,4.44,1553,2021-07-02 14:36:00,VNTR
4.46,4.46,4.44,4.44,200,2021-07-02 14:37:00,VNTR
4.46,4.46,4.44,4.44,200,2021-07-02 14:38:00,VNTR
4.46,4.48,4.46,4.48,1054,2021-07-02 14:39:00,VNTR
4.49,4.51,4.49,4.51,300,2021-07-02 14:40:00,VNTR
4.5,4.51,4.47,4.51,904,2021-07-02 14:41:00,VNTR
4.51,4.51,4.49,4.49,540,2021-07-02 14:42:00,VNTR
4.5,4.52,4.5,4.52,200,2021-07-02 14:43:00,VNTR
4.52,4.52,4.52,4.52,200,2021-07-02 14:44:00,VNTR
4.52,4.54,4.5,4.52,2888,2021-07-02 14:45:00,VNTR
4.54,4.54,4.53,4.53,600,2021-07-02 14:46:00,VNTR
4.53,4.54,4.5,4.5,2200,2021-07-02 14:50:00,VNTR
4.5,4.5,4.5,4.5,100,2021-07-02 14:52:00,VNTR
4.5,4.505,4.5,4.5,871,2021-07-02 14:53:00,VNTR
4.51,4.52,4.51,4.52,594,2021-07-02 14:54:00,VNTR
4.52,4.52,4.51,4.51,200,2021-07-02 14:55:00,VNTR
4.52,4.52,4.52,4.52,100,2021-07-02 14:56:00,VNTR
4.54,4.54,4.52,4.535,1000,2021-07-02 14:57:00,VNTR
4.54,4.54,4.535,4.535,300,2021-07-02 14:58:00,VNTR
4.54,4.54,4.535,4.535,200,2021-07-02 14:59:00,VNTR
4.55,4.55,4.55,4.55,1100,2021-07-02 15:00:00,VNTR
4.55,4.56,4.53,4.53,1400,2021-07-02 15:01:00,VNTR
4.545,4.545,4.53,4.53,965,2021-07-02 15:02:00,VNTR
4.53,4.55,4.52,4.55,1100,2021-07-02 15:03:00,VNTR
4.535,4.55,4.535,4.55,300,2021-07-02 15:04:00,VNTR
4.55,4.55,4.55,4.55,100,2021-07-02 15:05:00,VNTR
4.535,4.5409,4.52,4.52,300,2021-07-02 15:06:00,VNTR
4.52,4.52,4.52,4.52,100,2021-07-02 15:08:00,VNTR
4.53,4.53,4.53,4.53,200,2021-07-02 15:10:00,VNTR
4.52,4.52,4.52,4.52,704,2021-07-02 15:11:00,VNTR
4.52,4.52,4.52,4.52,166,2021-07-02 15:12:00,VNTR
4.52,4.52,4.52,4.52,220,2021-07-02 15:14:00,VNTR
4.52,4.52,4.495,4.5,2534,2021-07-02 15:15:00,VNTR
4.49,4.49,4.49,4.49,200,2021-07-02 15:16:00,VNTR
4.48,4.48,4.48,4.48,200,2021-07-02 15:18:00,VNTR
4.51,4.51,4.51,4.51,700,2021-07-02 15:22:00,VNTR
4.4701,4.4701,4.4701,4.4701,400,2021-07-02 15:23:00,VNTR
4.48,4.49,4.47,4.47,10499,2021-07-02 15:24:00,VNTR
4.5,4.5,4.47,4.485,2700,2021-07-02 15:25:00,VNTR
4.47,4.47,4.47,4.47,100,2021-07-02 15:26:00,VNTR
4.47,4.48,4.46,4.46,5955,2021-07-02 15:28:00,VNTR
4.46,4.47,4.45,4.45,2900,2021-07-02 15:30:00,VNTR
4.45,4.45,4.45,4.45,100,2021-07-02 15:31:00,VNTR
4.4638,4.4638,4.45,4.45,300,2021-07-02 15:32:00,VNTR
4.47,4.49,4.47,4.49,2053,2021-07-02 15:33:00,VNTR
4.48,4.48,4.45,4.45,951,2021-07-02 15:36:00,VNTR
4.47,4.49,4.47,4.49,900,2021-07-02 15:42:00,VNTR
4.46,4.46,4.46,4.46,600,2021-07-02 15:43:00,VNTR
4.47,4.47,4.47,4.47,1400,2021-07-02 15:47:00,VNTR
4.48,4.48,4.48,4.48,1300,2021-07-02 15:49:00,VNTR
4.47,4.48,4.46,4.47,4713,2021-07-02 15:50:00,VNTR
4.4799,4.4799,4.475,4.475,400,2021-07-02 15:51:00,VNTR
4.47,4.47,4.47,4.47,100,2021-07-02 15:52:00,VNTR
4.47,4.47,4.44,4.44,4455,2021-07-02 15:56:00,VNTR
4.44,4.44,4.44,4.44,100,2021-07-02 15:58:00,VNTR
4.44,4.44,4.44,4.44,200,2021-07-02 15:59:00,VNTR
4.45,4.47,4.45,4.46,1100,2021-07-02 16:00:00,VNTR
4.47,4.48,4.47,4.48,800,2021-07-02 16:03:00,VNTR
4.485,4.5,4.48,4.49,1600,2021-07-02 16:05:00,VNTR
4.48,4.5,4.48,4.5,623,2021-07-02 16:06:00,VNTR
4.48,4.48,4.45,4.46,5351,2021-07-02 16:07:00,VNTR
4.461,4.461,4.461,4.461,100,2021-07-02 16:10:00,VNTR
4.45,4.45,4.45,4.45,100,2021-07-02 16:12:00,VNTR
4.47,4.49,4.45,4.45,700,2021-07-02 16:13:00,VNTR
4.47,4.47,4.45,4.45,200,2021-07-02 16:15:00,VNTR
4.45,4.45,4.45,4.45,100,2021-07-02 16:16:00,VNTR
4.48,4.48,4.48,4.48,100,2021-07-02 16:18:00,VNTR
4.45,4.47,4.45,4.45,900,2021-07-02 16:19:00,VNTR
4.48,4.48,4.48,4.48,100,2021-07-02 16:21:00,VNTR
4.45,4.47,4.44,4.44,2375,2021-07-02 16:23:00,VNTR
4.44,4.4452,4.44,4.4452,700,2021-07-02 16:24:00,VNTR
4.44,4.44,4.44,4.44,300,2021-07-02 16:25:00,VNTR
4.47,4.47,4.47,4.47,100,2021-07-02 16:28:00,VNTR
4.47,4.47,4.47,4.47,800,2021-07-02 16:30:00,VNTR
4.44,4.44,4.44,4.44,100,2021-07-02 16:31:00,VNTR
4.44,4.45,4.42,4.42,3875,2021-07-02 16:32:00,VNTR
4.435,4.435,4.435,4.435,200,2021-07-02 16:34:00,VNTR
4.42,4.42,4.42,4.42,100,2021-07-02 16:36:00,VNTR
4.45,4.45,4.45,4.45,325,2021-07-02 16:38:00,VNTR
4.45,4.45,4.42,4.42,200,2021-07-02 16:39:00,VNTR
4.45,4.45,4.435,4.435,258,2021-07-02 16:40:00,VNTR
4.45,4.45,4.45,4.45,246,2021-07-02 16:41:00,VNTR
4.45,4.45,4.42,4.45,1246,2021-07-02 16:42:00,VNTR
4.46,4.46,4.445,4.445,204,2021-07-02 16:43:00,VNTR
4.445,4.47,4.445,4.47,1204,2021-07-02 16:44:00,VNTR
4.47,4.47,4.455,4.47,629,2021-07-02 16:45:00,VNTR
4.48,4.49,4.48,4.49,800,2021-07-02 16:46:00,VNTR
4.4876,4.515,4.4876,4.4895,11872,2021-07-02 16:47:00,VNTR
4.5,4.5,4.5,4.5,100,2021-07-02 16:48:00,VNTR
4.495,4.52,4.495,4.52,800,2021-07-02 16:49:00,VNTR
4.5062,4.5062,4.5062,4.5062,1000,2021-07-02 16:50:00,VNTR
4.52,4.52,4.52,4.52,222,2021-07-02 16:51:00,VNTR
4.49,4.5,4.49,4.5,200,2021-07-02 16:52:00,VNTR
4.51,4.51,4.48,4.48,300,2021-07-02 16:54:00,VNTR
4.48,4.495,4.48,4.495,200,2021-07-02 16:55:00,VNTR
4.48,4.51,4.48,4.51,200,2021-07-02 16:56:00,VNTR
4.48,4.48,4.48,4.48,100,2021-07-02 16:57:00,VNTR
4.48,4.48,4.48,4.48,100,2021-07-02 16:58:00,VNTR
4.51,4.51,4.495,4.495,900,2021-07-02 16:59:00,VNTR
4.48,4.495,4.48,4.495,1100,2021-07-02 17:00:00,VNTR
4.48,4.48,4.48,4.48,100,2021-07-02 17:02:00,VNTR
4.495,4.495,4.495,4.495,100,2021-07-02 17:03:00,VNTR
4.51,4.52,4.505,4.52,1300,2021-07-02 17:05:00,VNTR
4.5299,4.53,4.515,4.53,3422,2021-07-02 17:07:00,VNTR
4.55,4.55,4.55,4.55,700,2021-07-02 17:08:00,VNTR
4.545,4.545,4.54,4.54,200,2021-07-02 17:09:00,VNTR
4.56,4.56,4.56,4.56,884,2021-07-02 17:10:00,VNTR
4.56,4.56,4.55,4.55,3757,2021-07-02 17:11:00,VNTR
4.55,4.55,4.52,4.52,1304,2021-07-02 17:12:00,VNTR
4.5366,4.5366,4.5366,4.5366,221,2021-07-02 17:13:00,VNTR
4.52,4.53,4.52,4.53,200,2021-07-02 17:14:00,VNTR
4.52,4.52,4.52,4.52,100,2021-07-02 17:16:00,VNTR
4.52,4.52,4.52,4.52,100,2021-07-02 17:18:00,VNTR
4.54,4.54,4.54,4.54,350,2021-07-02 17:19:00,VNTR
4.52,4.52,4.52,4.52,100,2021-07-02 17:22:00,VNTR
4.53,4.53,4.52,4.52,1100,2021-07-02 17:26:00,VNTR
4.52,4.52,4.52,4.52,100,2021-07-02 17:29:00,VNTR
4.525,4.525,4.52,4.52,700,2021-07-02 17:30:00,VNTR
4.525,4.525,4.525,4.525,100,2021-07-02 17:31:00,VNTR
4.525,4.525,4.525,4.525,400,2021-07-02 17:32:00,VNTR
4.53,4.54,4.53,4.54,1851,2021-07-02 17:37:00,VNTR
4.535,4.535,4.535,4.535,100,2021-07-02 17:38:00,VNTR
4.54,4.55,4.54,4.55,1915,2021-07-02 17:41:00,VNTR
4.56,4.56,4.545,4.545,2072,2021-07-02 17:45:00,VNTR
4.545,4.545,4.545,4.545,100,2021-07-02 17:48:00,VNTR
4.545,4.56,4.545,4.555,1300,2021-07-02 17:52:00,VNTR
4.55,4.55,4.54,4.54,2400,2021-07-02 17:54:00,VNTR
4.54,4.54,4.53,4.54,1100,2021-07-02 17:55:00,VNTR
4.54,4.54,4.54,4.54,100,2021-07-02 17:56:00,VNTR
4.53,4.53,4.53,4.53,100,2021-07-02 18:00:00,VNTR
4.535,4.535,4.535,4.535,100,2021-07-02 18:02:00,VNTR
4.535,4.54,4.535,4.54,200,2021-07-02 18:03:00,VNTR
4.535,4.535,4.535,4.535,100,2021-07-02 18:04:00,VNTR
4.53,4.53,4.52,4.52,776,2021-07-02 18:06:00,VNTR
4.525,4.525,4.525,4.525,300,2021-07-02 18:10:00,VNTR
4.525,4.525,4.525,4.525,200,2021-07-02 18:11:00,VNTR
4.53,4.55,4.53,4.55,1000,2021-07-02 18:12:00,VNTR
4.54,4.54,4.54,4.54,100,2021-07-02 18:14:00,VNTR
4.55,4.55,4.55,4.55,100,2021-07-02 18:15:00,VNTR
4.55,4.55,4.5302,4.5302,210,2021-07-02 18:17:00,VNTR
4.55,4.55,4.55,4.55,100,2021-07-02 18:18:00,VNTR
4.53,4.55,4.53,4.55,421,2021-07-02 18:20:00,VNTR
4.54,4.55,4.54,4.55,700,2021-07-02 18:21:00,VNTR
4.54,4.54,4.54,4.54,100,2021-07-02 18:22:00,VNTR
4.54,4.54,4.54,4.54,200,2021-07-02 18:23:00,VNTR
4.54,4.54,4.54,4.54,100,2021-07-02 18:24:00,VNTR
4.54,4.54,4.54,4.54,100,2021-07-02 18:26:00,VNTR
4.54,4.54,4.54,4.54,100,2021-07-02 18:27:00,VNTR
4.54,4.54,4.54,4.54,200,2021-07-02 18:30:00,VNTR
4.55,4.55,4.55,4.55,1800,2021-07-02 18:31:00,VNTR
4.55,4.55,4.55,4.55,338,2021-07-02 18:32:00,VNTR
4.54,4.55,4.54,4.55,200,2021-07-02 18:36:00,VNTR
4.545,4.55,4.53,4.53,1300,2021-07-02 18:37:00,VNTR
4.535,4.535,4.535,4.535,200,2021-07-02 18:38:00,VNTR
4.54,4.54,4.535,4.535,500,2021-07-02 18:40:00,VNTR
4.535,4.535,4.535,4.535,100,2021-07-02 18:41:00,VNTR
4.535,4.535,4.535,4.535,100,2021-07-02 18:42:00,VNTR
4.53,4.5384,4.53,4.5384,420,2021-07-02 18:43:00,VNTR
4.53,4.535,4.53,4.535,200,2021-07-02 18:44:00,VNTR
4.535,4.535,4.535,4.535,100,2021-07-02 18:45:00,VNTR
4.535,4.535,4.535,4.535,100,2021-07-02 18:47:00,VNTR
4.535,4.535,4.535,4.535,200,2021-07-02 18:48:00,VNTR
4.535,4.54,4.535,4.54,1100,2021-07-02 18:50:00,VNTR
4.54,4.54,4.54,4.54,100,2021-07-02 18:52:00,VNTR
4.54,4.55,4.54,4.55,200,2021-07-02 18:53:00,VNTR
4.54,4.54,4.54,4.54,100,2021-07-02 18:55:00,VNTR
4.5301,4.54,4.5301,4.54,1100,2021-07-02 18:57:00,VNTR
4.54,4.54,4.54,4.54,200,2021-07-02 18:58:00,VNTR
4.55,4.55,4.54,4.55,1200,2021-07-02 19:00:00,VNTR
4.54,4.54,4.54,4.54,200,2021-07-02 19:01:00,VNTR
4.54,4.54,4.53,4.54,300,2021-07-02 19:04:00,VNTR
4.535,4.535,4.535,4.535,100,2021-07-02 19:05:00,VNTR
4.535,4.535,4.535,4.535,440,2021-07-02 19:06:00,VNTR
4.535,4.535,4.535,4.535,200,2021-07-02 19:08:00,VNTR
4.53,4.53,4.53,4.53,100,2021-07-02 19:09:00,VNTR
4.535,4.535,4.535,4.535,200,2021-07-02 19:10:00,VNTR
4.535,4.535,4.535,4.535,200,2021-07-02 19:11:00,VNTR
4.54,4.545,4.54,4.545,1400,2021-07-02 19:12:00,VNTR
4.5344,4.54,4.53,4.535,3041,2021-07-02 19:14:00,VNTR
4.535,4.535,4.52,4.52,3317,2021-07-02 19:15:00,VNTR
4.52,4.52,4.52,4.52,100,2021-07-02 19:16:00,VNTR
4.52,4.52,4.49,4.505,11249,2021-07-02 19:17:00,VNTR
4.4963,4.4963,4.49,4.49,600,2021-07-02 19:18:00,VNTR
4.505,4.505,4.49,4.49,200,2021-07-02 19:22:00,VNTR
4.49,4.5,4.48,4.49,1510,2021-07-02 19:23:00,VNTR
4.49,4.49,4.49,4.49,300,2021-07-02 19:25:00,VNTR
4.49,4.49,4.49,4.49,200,2021-07-02 19:26:00,VNTR
4.495,4.5,4.48,4.495,1000,2021-07-02 19:27:00,VNTR
4.499,4.499,4.495,4.495,200,2021-07-02 19:28:00,VNTR
4.5,4.51,4.49,4.49,9227,2021-07-02 19:29:00,VNTR
4.49,4.5,4.49,4.5,400,2021-07-02 19:30:00,VNTR
4.5,4.5,4.5,4.5,3300,2021-07-02 19:31:00,VNTR
4.49,4.5,4.475,4.475,902,2021-07-02 19:32:00,VNTR
4.475,4.475,4.475,4.475,400,2021-07-02 19:33:00,VNTR
4.475,4.49,4.475,4.49,400,2021-07-02 19:35:00,VNTR
4.475,4.475,4.46,4.475,700,2021-07-02 19:36:00,VNTR
4.49,4.5,4.49,4.5,1050,2021-07-02 19:38:00,VNTR
4.5,4.5,4.5,4.5,900,2021-07-02 19:39:00,VNTR
4.49,4.49,4.49,4.49,100,2021-07-02 19:40:00,VNTR
4.5,4.5,4.5,4.5,1861,2021-07-02 19:41:00,VNTR
4.5,4.5,4.48,4.48,3600,2021-07-02 19:42:00,VNTR
4.49,4.49,4.48,4.48,806,2021-07-02 19:43:00,VNTR
4.46,4.46,4.46,4.46,400,2021-07-02 19:44:00,VNTR
4.475,4.475,4.46,4.46,600,2021-07-02 19:45:00,VNTR
4.49,4.49,4.49,4.49,200,2021-07-02 19:47:00,VNTR
4.475,4.49,4.475,4.49,200,2021-07-02 19:48:00,VNTR
4.475,4.49,4.475,4.49,556,2021-07-02 19:49:00,VNTR
4.49,4.49,4.48,4.48,200,2021-07-02 19:50:00,VNTR
4.46,4.48,4.46,4.48,1083,2021-07-02 19:51:00,VNTR
4.46,4.47,4.46,4.47,200,2021-07-02 19:52:00,VNTR
4.46,4.47,4.45,4.455,5760,2021-07-02 19:53:00,VNTR
4.46,4.46,4.45,4.455,1976,2021-07-02 19:54:00,VNTR
4.455,4.48,4.45,4.46,12196,2021-07-02 19:55:00,VNTR
4.46,4.47,4.46,4.47,3813,2021-07-02 19:56:00,VNTR
4.47,4.48,4.47,4.48,2200,2021-07-02 19:57:00,VNTR
4.48,4.48,4.47,4.48,3210,2021-07-02 19:58:00,VNTR
4.48,4.48,4.44,4.44,5670,2021-07-02 19:59:00,VNTR
4.44,4.44,4.44,4.44,3887,2021-07-02 20:00:00,VNTR
