open,high,low,close,volume,datetime,symbol
43.25,43.25,43.185,43.225,7447,2021-04-13 13:30:00,HALO
43.5,43.5,43.44,43.465,1382,2021-04-13 13:31:00,HALO
43.51,43.62,43.51,43.62,11147,2021-04-13 13:33:00,HALO
43.65,43.755,43.65,43.745,1200,2021-04-13 13:35:00,HALO
43.86,43.9,43.85,43.86,700,2021-04-13 13:37:00,HALO
43.88,43.88,43.79,43.87,1980,2021-04-13 13:38:00,HALO
43.86,43.99,43.86,43.99,585,2021-04-13 13:39:00,HALO
43.94,44.09,43.93,44.09,3700,2021-04-13 13:40:00,HALO
44.02,44.09,43.98,44.03,908,2021-04-13 13:42:00,HALO
43.96,44.09,43.9,43.96,9942,2021-04-13 13:43:00,HALO
43.955,43.955,43.84,43.95,1100,2021-04-13 13:44:00,HALO
43.87,43.87,43.76,43.76,600,2021-04-13 13:45:00,HALO
43.76,43.89,43.76,43.89,630,2021-04-13 13:46:00,HALO
43.75,43.81,43.72,43.81,500,2021-04-13 13:49:00,HALO
43.83,43.83,43.83,43.83,100,2021-04-13 13:50:00,HALO
43.75,43.91,43.75,43.91,300,2021-04-13 13:51:00,HALO
43.92,43.98,43.92,43.98,300,2021-04-13 13:52:00,HALO
43.9,43.935,43.89,43.89,870,2021-04-13 13:53:00,HALO
43.825,43.88,43.825,43.88,400,2021-04-13 13:54:00,HALO
43.84,43.84,43.84,43.84,100,2021-04-13 13:55:00,HALO
43.84,43.86,43.84,43.86,400,2021-04-13 13:56:00,HALO
43.9,43.97,43.83,43.94,1514,2021-04-13 13:57:00,HALO
43.89,43.89,43.89,43.89,100,2021-04-13 13:58:00,HALO
43.87,43.89,43.85,43.85,300,2021-04-13 14:00:00,HALO
43.85,43.85,43.77,43.79,800,2021-04-13 14:01:00,HALO
43.79,43.89,43.76,43.76,2097,2021-04-13 14:02:00,HALO
43.74,43.74,43.55,43.55,317,2021-04-13 14:03:00,HALO
43.63,43.63,43.55,43.55,400,2021-04-13 14:04:00,HALO
43.55,43.55,43.45,43.45,491,2021-04-13 14:05:00,HALO
43.44,43.44,43.4,43.41,300,2021-04-13 14:07:00,HALO
43.42,43.45,43.4,43.44,1132,2021-04-13 14:08:00,HALO
43.45,43.45,43.43,43.43,500,2021-04-13 14:09:00,HALO
43.48,43.51,43.39,43.43,700,2021-04-13 14:10:00,HALO
43.42,43.53,43.42,43.53,1900,2021-04-13 14:11:00,HALO
43.53,43.53,43.46,43.49,500,2021-04-13 14:12:00,HALO
43.45,43.4732,43.45,43.4732,200,2021-04-13 14:13:00,HALO
43.485,43.485,43.45,43.47,300,2021-04-13 14:14:00,HALO
43.5,43.625,43.45,43.57,1949,2021-04-13 14:15:00,HALO
43.59,43.59,43.58,43.58,300,2021-04-13 14:17:00,HALO
43.545,43.56,43.545,43.56,300,2021-04-13 14:18:00,HALO
43.58,43.58,43.57,43.57,888,2021-04-13 14:19:00,HALO
43.54,43.565,43.51,43.56,600,2021-04-13 14:20:00,HALO
43.61,43.61,43.61,43.61,300,2021-04-13 14:21:00,HALO
43.61,43.61,43.57,43.5987,404,2021-04-13 14:22:00,HALO
43.65,43.69,43.65,43.68,700,2021-04-13 14:23:00,HALO
43.645,43.68,43.645,43.68,642,2021-04-13 14:24:00,HALO
43.72,43.73,43.72,43.72,800,2021-04-13 14:25:00,HALO
43.74,43.81,43.74,43.785,300,2021-04-13 14:26:00,HALO
43.78,43.78,43.76,43.76,200,2021-04-13 14:27:00,HALO
43.74,43.74,43.67,43.69,1500,2021-04-13 14:30:00,HALO
43.69,43.69,43.66,43.66,200,2021-04-13 14:31:00,HALO
43.7,43.75,43.7,43.73,950,2021-04-13 14:32:00,HALO
43.75,43.75,43.75,43.75,100,2021-04-13 14:33:00,HALO
43.75,43.75,43.71,43.71,200,2021-04-13 14:34:00,HALO
43.71,43.71,43.69,43.69,200,2021-04-13 14:35:00,HALO
43.72,43.7599,43.68,43.68,300,2021-04-13 14:36:00,HALO
43.65,43.65,43.65,43.65,100,2021-04-13 14:37:00,HALO
43.61,43.61,43.59,43.61,1145,2021-04-13 14:38:00,HALO
43.59,43.59,43.47,43.47,1800,2021-04-13 14:39:00,HALO
43.5,43.5,43.5,43.5,100,2021-04-13 14:40:00,HALO
43.46,43.5,43.4,43.5,2158,2021-04-13 14:41:00,HALO
43.505,43.505,43.505,43.505,342,2021-04-13 14:42:00,HALO
43.515,43.56,43.51,43.52,1800,2021-04-13 14:43:00,HALO
43.54,43.55,43.51,43.55,800,2021-04-13 14:44:00,HALO
43.59,43.64,43.59,43.62,1000,2021-04-13 14:45:00,HALO
43.59,43.59,43.59,43.59,100,2021-04-13 14:46:00,HALO
43.61,43.63,43.61,43.63,600,2021-04-13 14:48:00,HALO
43.59,43.61,43.5,43.5,1300,2021-04-13 14:49:00,HALO
43.51,43.545,43.5,43.5,1490,2021-04-13 14:50:00,HALO
43.48,43.51,43.42,43.42,2672,2021-04-13 14:51:00,HALO
43.385,43.445,43.385,43.445,1629,2021-04-13 14:52:00,HALO
43.455,43.505,43.455,43.48,1600,2021-04-13 14:53:00,HALO
43.52,43.52,43.42,43.465,520,2021-04-13 14:55:00,HALO
43.465,43.465,43.465,43.465,300,2021-04-13 14:56:00,HALO
43.5,43.5525,43.5,43.55,2050,2021-04-13 14:57:00,HALO
43.51,43.51,43.51,43.51,100,2021-04-13 14:58:00,HALO
43.54,43.57,43.54,43.57,1214,2021-04-13 14:59:00,HALO
43.51,43.51,43.47,43.47,600,2021-04-13 15:00:00,HALO
43.39,43.485,43.39,43.485,200,2021-04-13 15:01:00,HALO
43.44,43.475,43.39,43.425,5404,2021-04-13 15:02:00,HALO
43.41,43.43,43.395,43.43,1100,2021-04-13 15:03:00,HALO
43.48,43.48,43.45,43.48,1250,2021-04-13 15:04:00,HALO
43.5,43.56,43.5,43.56,1900,2021-04-13 15:05:00,HALO
43.58,43.66,43.58,43.66,4654,2021-04-13 15:06:00,HALO
43.655,43.71,43.655,43.71,500,2021-04-13 15:07:00,HALO
43.7,43.775,43.7,43.77,2050,2021-04-13 15:08:00,HALO
43.74,43.82,43.74,43.81,2412,2021-04-13 15:09:00,HALO
43.81,43.8499,43.695,43.695,2526,2021-04-13 15:10:00,HALO
43.69,43.69,43.69,43.69,100,2021-04-13 15:11:00,HALO
43.6825,43.73,43.66,43.73,3096,2021-04-13 15:12:00,HALO
43.76,43.76,43.69,43.69,2078,2021-04-13 15:13:00,HALO
43.685,43.72,43.685,43.72,300,2021-04-13 15:14:00,HALO
43.66,43.71,43.66,43.7,4888,2021-04-13 15:15:00,HALO
43.67,43.69,43.62,43.62,2505,2021-04-13 15:16:00,HALO
43.62,43.62,43.615,43.615,200,2021-04-13 15:17:00,HALO
43.55,43.55,43.55,43.55,100,2021-04-13 15:18:00,HALO
43.55,43.6,43.535,43.57,5071,2021-04-13 15:19:00,HALO
43.57,43.575,43.51,43.54,2600,2021-04-13 15:20:00,HALO
43.545,43.545,43.53,43.545,2000,2021-04-13 15:21:00,HALO
43.52,43.64,43.51,43.63,4509,2021-04-13 15:22:00,HALO
43.6554,43.6554,43.55,43.555,1900,2021-04-13 15:23:00,HALO
43.575,43.575,43.54,43.54,500,2021-04-13 15:24:00,HALO
43.5,43.54,43.42,43.42,1280,2021-04-13 15:25:00,HALO
43.505,43.54,43.505,43.53,1144,2021-04-13 15:27:00,HALO
43.515,43.54,43.515,43.54,300,2021-04-13 15:28:00,HALO
43.59,43.6,43.54,43.6,1410,2021-04-13 15:29:00,HALO
43.62,43.62,43.59,43.6,1200,2021-04-13 15:30:00,HALO
43.62,43.64,43.62,43.64,400,2021-04-13 15:31:00,HALO
43.635,43.67,43.635,43.66,1100,2021-04-13 15:32:00,HALO
43.73,43.73,43.7,43.7,900,2021-04-13 15:33:00,HALO
43.7,43.76,43.7,43.76,4596,2021-04-13 15:34:00,HALO
43.69,43.72,43.64,43.65,1600,2021-04-13 15:35:00,HALO
43.64,43.64,43.58,43.58,300,2021-04-13 15:36:00,HALO
43.585,43.585,43.55,43.55,200,2021-04-13 15:37:00,HALO
43.55,43.57,43.55,43.57,654,2021-04-13 15:38:00,HALO
43.58,43.58,43.55,43.55,400,2021-04-13 15:39:00,HALO
43.54,43.54,43.53,43.53,200,2021-04-13 15:40:00,HALO
43.55,43.56,43.55,43.55,600,2021-04-13 15:41:00,HALO
43.5517,43.555,43.53,43.53,302,2021-04-13 15:43:00,HALO
43.5,43.535,43.5,43.535,500,2021-04-13 15:44:00,HALO
43.56,43.56,43.53,43.53,1100,2021-04-13 15:45:00,HALO
43.51,43.51,43.46,43.465,700,2021-04-13 15:46:00,HALO
43.43,43.43,43.42,43.42,200,2021-04-13 15:47:00,HALO
43.45,43.45,43.45,43.45,400,2021-04-13 15:49:00,HALO
43.44,43.44,43.39,43.44,500,2021-04-13 15:50:00,HALO
43.47,43.49,43.41,43.45,1400,2021-04-13 15:51:00,HALO
43.45,43.46,43.45,43.46,200,2021-04-13 15:52:00,HALO
43.4,43.45,43.4,43.45,200,2021-04-13 15:53:00,HALO
43.45,43.45,43.41,43.41,200,2021-04-13 15:54:00,HALO
43.4,43.425,43.4,43.42,300,2021-04-13 15:55:00,HALO
43.41,43.43,43.41,43.42,500,2021-04-13 15:56:00,HALO
43.42,43.42,43.42,43.42,100,2021-04-13 15:57:00,HALO
43.39,43.39,43.36,43.36,300,2021-04-13 15:58:00,HALO
43.43,43.43,43.4,43.4,1100,2021-04-13 15:59:00,HALO
43.43,43.43,43.43,43.43,300,2021-04-13 16:00:00,HALO
43.42,43.42,43.4,43.42,400,2021-04-13 16:01:00,HALO
43.41,43.41,43.38,43.41,500,2021-04-13 16:02:00,HALO
43.41,43.42,43.41,43.415,600,2021-04-13 16:03:00,HALO
43.394,43.415,43.38,43.4,1100,2021-04-13 16:05:00,HALO
43.375,43.375,43.375,43.375,100,2021-04-13 16:06:00,HALO
43.365,43.365,43.33,43.36,600,2021-04-13 16:07:00,HALO
43.33,43.38,43.33,43.3625,3000,2021-04-13 16:09:00,HALO
43.39,43.405,43.39,43.405,2100,2021-04-13 16:10:00,HALO
43.41,43.42,43.41,43.42,200,2021-04-13 16:11:00,HALO
43.41,43.42,43.4,43.42,800,2021-04-13 16:12:00,HALO
43.41,43.41,43.3986,43.3986,300,2021-04-13 16:13:00,HALO
43.39,43.39,43.39,43.39,600,2021-04-13 16:14:00,HALO
43.37,43.37,43.37,43.37,100,2021-04-13 16:15:00,HALO
43.35,43.35,43.33,43.33,600,2021-04-13 16:16:00,HALO
43.3,43.325,43.3,43.325,400,2021-04-13 16:17:00,HALO
43.3,43.35,43.3,43.35,810,2021-04-13 16:18:00,HALO
43.3,43.3,43.25,43.25,800,2021-04-13 16:19:00,HALO
43.3064,43.3064,43.23,43.23,600,2021-04-13 16:21:00,HALO
43.18,43.18,43.17,43.17,400,2021-04-13 16:22:00,HALO
43.21,43.21,43.21,43.21,200,2021-04-13 16:23:00,HALO
43.21,43.21,43.21,43.21,330,2021-04-13 16:24:00,HALO
43.19,43.21,43.19,43.21,200,2021-04-13 16:25:00,HALO
43.21,43.25,43.21,43.24,2055,2021-04-13 16:26:00,HALO
43.23,43.23,43.23,43.23,100,2021-04-13 16:27:00,HALO
43.2,43.2,43.2,43.2,100,2021-04-13 16:28:00,HALO
43.17,43.17,43.17,43.17,200,2021-04-13 16:29:00,HALO
43.135,43.135,43.135,43.135,100,2021-04-13 16:30:00,HALO
43.145,43.2,43.145,43.2,600,2021-04-13 16:31:00,HALO
43.23,43.24,43.23,43.24,600,2021-04-13 16:32:00,HALO
43.26,43.26,43.23,43.23,822,2021-04-13 16:33:00,HALO
43.24,43.26,43.24,43.26,300,2021-04-13 16:34:00,HALO
43.27,43.28,43.26,43.28,600,2021-04-13 16:35:00,HALO
43.3,43.3,43.3,43.3,100,2021-04-13 16:36:00,HALO
43.31,43.33,43.31,43.33,225,2021-04-13 16:37:00,HALO
43.35,43.365,43.35,43.365,300,2021-04-13 16:38:00,HALO
43.33,43.3425,43.33,43.34,800,2021-04-13 16:39:00,HALO
43.345,43.345,43.345,43.345,100,2021-04-13 16:40:00,HALO
43.345,43.35,43.33,43.35,700,2021-04-13 16:41:00,HALO
43.335,43.38,43.33,43.369,1632,2021-04-13 16:42:00,HALO
43.325,43.325,43.32,43.32,300,2021-04-13 16:43:00,HALO
43.29,43.29,43.29,43.29,100,2021-04-13 16:44:00,HALO
43.23,43.23,43.19,43.19,300,2021-04-13 16:46:00,HALO
43.17,43.21,43.15,43.21,600,2021-04-13 16:49:00,HALO
43.185,43.21,43.185,43.21,200,2021-04-13 16:50:00,HALO
43.185,43.185,43.16,43.18,400,2021-04-13 16:51:00,HALO
43.19,43.19,43.18,43.19,500,2021-04-13 16:53:00,HALO
43.17,43.18,43.155,43.17,1400,2021-04-13 16:54:00,HALO
43.16,43.17,43.15,43.15,600,2021-04-13 16:55:00,HALO
43.155,43.155,43.155,43.155,100,2021-04-13 16:56:00,HALO
43.15,43.17,43.15,43.15,400,2021-04-13 16:57:00,HALO
43.13,43.13,43.13,43.13,300,2021-04-13 16:58:00,HALO
43.125,43.16,43.1,43.16,1100,2021-04-13 16:59:00,HALO
43.13,43.13,43.13,43.13,200,2021-04-13 17:00:00,HALO
43.11,43.15,43.11,43.12,1719,2021-04-13 17:01:00,HALO
43.1,43.13,43.1,43.13,200,2021-04-13 17:02:00,HALO
43.12,43.12,43.12,43.12,100,2021-04-13 17:03:00,HALO
43.15,43.15,43.15,43.15,100,2021-04-13 17:04:00,HALO
43.17,43.17,43.16,43.17,600,2021-04-13 17:06:00,HALO
43.14,43.17,43.14,43.17,200,2021-04-13 17:07:00,HALO
43.16,43.19,43.16,43.185,1000,2021-04-13 17:08:00,HALO
43.185,43.185,43.15,43.16,1412,2021-04-13 17:09:00,HALO
43.16,43.19,43.16,43.18,1075,2021-04-13 17:10:00,HALO
43.2,43.2,43.2,43.2,100,2021-04-13 17:11:00,HALO
43.185,43.2,43.17,43.2,700,2021-04-13 17:12:00,HALO
43.2,43.205,43.18,43.18,1313,2021-04-13 17:13:00,HALO
43.19,43.22,43.18,43.22,1700,2021-04-13 17:16:00,HALO
43.24,43.25,43.235,43.25,400,2021-04-13 17:18:00,HALO
43.25,43.27,43.25,43.27,1400,2021-04-13 17:19:00,HALO
43.27,43.28,43.27,43.28,600,2021-04-13 17:20:00,HALO
43.29,43.29,43.27,43.28,900,2021-04-13 17:21:00,HALO
43.29,43.3,43.29,43.3,600,2021-04-13 17:22:00,HALO
43.3,43.32,43.3,43.31,1181,2021-04-13 17:23:00,HALO
43.31,43.33,43.31,43.33,200,2021-04-13 17:25:00,HALO
43.33,43.34,43.3,43.34,2771,2021-04-13 17:27:00,HALO
43.33,43.38,43.33,43.38,1278,2021-04-13 17:28:00,HALO
43.39,43.43,43.38,43.43,2000,2021-04-13 17:29:00,HALO
43.44,43.44,43.435,43.435,990,2021-04-13 17:30:00,HALO
43.45,43.48,43.445,43.48,2500,2021-04-13 17:31:00,HALO
43.485,43.51,43.485,43.51,800,2021-04-13 17:32:00,HALO
43.515,43.54,43.51,43.53,3096,2021-04-13 17:33:00,HALO
43.53,43.54,43.53,43.54,500,2021-04-13 17:34:00,HALO
43.54,43.55,43.53,43.55,1200,2021-04-13 17:35:00,HALO
43.56,43.56,43.56,43.56,200,2021-04-13 17:36:00,HALO
43.56,43.565,43.545,43.545,800,2021-04-13 17:37:00,HALO
43.57,43.57,43.553,43.56,768,2021-04-13 17:38:00,HALO
43.55,43.56,43.54,43.55,1100,2021-04-13 17:39:00,HALO
43.54,43.56,43.54,43.555,1207,2021-04-13 17:40:00,HALO
43.57,43.57,43.555,43.57,400,2021-04-13 17:41:00,HALO
43.555,43.61,43.555,43.61,1300,2021-04-13 17:42:00,HALO
43.595,43.595,43.56,43.56,1600,2021-04-13 17:43:00,HALO
43.58,43.6,43.58,43.6,1700,2021-04-13 17:45:00,HALO
43.6,43.6,43.59,43.59,300,2021-04-13 17:46:00,HALO
43.6,43.6061,43.6,43.6061,300,2021-04-13 17:47:00,HALO
43.5947,43.66,43.5947,43.65,2409,2021-04-13 17:48:00,HALO
43.635,43.66,43.635,43.64,1200,2021-04-13 17:49:00,HALO
43.65,43.67,43.645,43.67,1325,2021-04-13 17:50:00,HALO
43.675,43.675,43.65,43.65,1975,2021-04-13 17:51:00,HALO
43.66,43.67,43.645,43.67,1746,2021-04-13 17:52:00,HALO
43.655,43.67,43.655,43.67,496,2021-04-13 17:53:00,HALO
43.67,43.68,43.6699,43.68,1826,2021-04-13 17:54:00,HALO
43.68,43.7,43.68,43.69,1100,2021-04-13 17:55:00,HALO
43.7,43.71,43.7,43.71,400,2021-04-13 17:56:00,HALO
43.71,43.76,43.7,43.755,1500,2021-04-13 17:57:00,HALO
43.755,43.755,43.725,43.725,800,2021-04-13 17:58:00,HALO
43.74,43.75,43.74,43.75,1600,2021-04-13 17:59:00,HALO
43.75,43.76,43.75,43.75,1200,2021-04-13 18:00:00,HALO
43.7699,43.7699,43.75,43.755,1100,2021-04-13 18:01:00,HALO
43.755,43.755,43.74,43.74,500,2021-04-13 18:02:00,HALO
43.75,43.775,43.74,43.74,1000,2021-04-13 18:03:00,HALO
43.745,43.745,43.745,43.745,200,2021-04-13 18:04:00,HALO
43.72,43.75,43.72,43.75,200,2021-04-13 18:05:00,HALO
43.725,43.725,43.725,43.725,100,2021-04-13 18:06:00,HALO
43.73,43.76,43.73,43.75,600,2021-04-13 18:07:00,HALO
43.745,43.745,43.745,43.745,200,2021-04-13 18:08:00,HALO
43.745,43.745,43.745,43.745,200,2021-04-13 18:09:00,HALO
43.73,43.745,43.72,43.73,600,2021-04-13 18:10:00,HALO
43.74,43.74,43.74,43.74,700,2021-04-13 18:12:00,HALO
43.735,43.76,43.735,43.76,1200,2021-04-13 18:14:00,HALO
43.76,43.84,43.76,43.81,2400,2021-04-13 18:15:00,HALO
43.81,43.83,43.81,43.83,1483,2021-04-13 18:16:00,HALO
43.805,43.805,43.74,43.75,1400,2021-04-13 18:17:00,HALO
43.775,43.775,43.775,43.775,300,2021-04-13 18:18:00,HALO
43.775,43.775,43.775,43.775,100,2021-04-13 18:19:00,HALO
43.77,43.81,43.77,43.81,1210,2021-04-13 18:20:00,HALO
43.815,43.815,43.8,43.8,400,2021-04-13 18:21:00,HALO
43.79,43.79,43.79,43.79,100,2021-04-13 18:22:00,HALO
43.81,43.81,43.78,43.8,1341,2021-04-13 18:23:00,HALO
43.8,43.8,43.8,43.8,100,2021-04-13 18:25:00,HALO
43.8,43.8,43.8,43.8,100,2021-04-13 18:26:00,HALO
43.8,43.8,43.8,43.8,100,2021-04-13 18:27:00,HALO
43.7904,43.81,43.7904,43.81,200,2021-04-13 18:28:00,HALO
43.805,43.805,43.805,43.805,100,2021-04-13 18:29:00,HALO
43.81,43.855,43.8,43.85,2500,2021-04-13 18:30:00,HALO
43.85,43.85,43.84,43.85,1600,2021-04-13 18:31:00,HALO
43.86,43.86,43.86,43.86,300,2021-04-13 18:32:00,HALO
43.87,43.885,43.86,43.885,3653,2021-04-13 18:33:00,HALO
43.9,43.9,43.89,43.89,500,2021-04-13 18:34:00,HALO
43.89,43.91,43.89,43.909,753,2021-04-13 18:35:00,HALO
43.895,43.895,43.89,43.89,300,2021-04-13 18:37:00,HALO
43.88,43.88,43.87,43.87,600,2021-04-13 18:38:00,HALO
43.88,43.89,43.87,43.89,1200,2021-04-13 18:39:00,HALO
43.9,43.905,43.9,43.9,1200,2021-04-13 18:40:00,HALO
43.91,43.94,43.91,43.935,1000,2021-04-13 18:41:00,HALO
43.95,43.955,43.94,43.955,599,2021-04-13 18:42:00,HALO
43.92,43.94,43.92,43.94,1526,2021-04-13 18:43:00,HALO
43.94,43.97,43.94,43.96,3004,2021-04-13 18:45:00,HALO
43.95,44.03,43.95,44.03,2852,2021-04-13 18:46:00,HALO
44.0,44.02,44.0,44.02,200,2021-04-13 18:47:00,HALO
44.02,44.08,44.02,44.06,1904,2021-04-13 18:48:00,HALO
44.07,44.09,44.07,44.09,800,2021-04-13 18:49:00,HALO
44.085,44.12,44.085,44.1,500,2021-04-13 18:50:00,HALO
44.1,44.13,44.1,44.13,400,2021-04-13 18:51:00,HALO
44.12,44.12,44.095,44.1,548,2021-04-13 18:52:00,HALO
44.105,44.14,44.105,44.105,1463,2021-04-13 18:53:00,HALO
44.105,44.105,44.105,44.105,100,2021-04-13 18:54:00,HALO
44.1,44.13,44.1,44.13,600,2021-04-13 18:55:00,HALO
44.08,44.1,44.05,44.08,2034,2021-04-13 18:56:00,HALO
44.08,44.08,44.08,44.08,200,2021-04-13 18:57:00,HALO
44.08,44.11,44.08,44.095,513,2021-04-13 18:58:00,HALO
44.08,44.08,44.05,44.05,500,2021-04-13 18:59:00,HALO
44.05,44.11,44.05,44.11,1600,2021-04-13 19:00:00,HALO
44.145,44.145,44.13,44.13,1100,2021-04-13 19:01:00,HALO
44.08,44.11,44.08,44.105,700,2021-04-13 19:02:00,HALO
44.105,44.105,44.105,44.105,400,2021-04-13 19:03:00,HALO
44.105,44.105,44.08,44.105,600,2021-04-13 19:04:00,HALO
44.1,44.125,44.1,44.125,1300,2021-04-13 19:05:00,HALO
44.13,44.15,44.13,44.15,1110,2021-04-13 19:06:00,HALO
44.15,44.16,44.12,44.14,1140,2021-04-13 19:07:00,HALO
44.15,44.175,44.15,44.175,400,2021-04-13 19:08:00,HALO
44.175,44.18,44.17,44.17,300,2021-04-13 19:09:00,HALO
44.18,44.2,44.18,44.18,1707,2021-04-13 19:10:00,HALO
44.2,44.21,44.2,44.21,321,2021-04-13 19:11:00,HALO
44.22,44.23,44.19,44.19,1000,2021-04-13 19:12:00,HALO
44.22,44.22,44.195,44.195,300,2021-04-13 19:13:00,HALO
44.21,44.23,44.21,44.23,1100,2021-04-13 19:14:00,HALO
44.24,44.35,44.24,44.35,6705,2021-04-13 19:15:00,HALO
44.32,44.32,44.29,44.2988,900,2021-04-13 19:16:00,HALO
44.27,44.27,44.22,44.245,816,2021-04-13 19:17:00,HALO
44.24,44.24,44.24,44.24,400,2021-04-13 19:18:00,HALO
44.24,44.245,44.21,44.245,1500,2021-04-13 19:19:00,HALO
44.245,44.3,44.245,44.265,600,2021-04-13 19:20:00,HALO
44.265,44.265,44.265,44.265,100,2021-04-13 19:21:00,HALO
44.25,44.255,44.25,44.255,200,2021-04-13 19:22:00,HALO
44.26,44.26,44.23,44.235,400,2021-04-13 19:23:00,HALO
44.26,44.29,44.26,44.29,400,2021-04-13 19:24:00,HALO
44.29,44.29,44.22,44.27,2200,2021-04-13 19:25:00,HALO
44.25,44.265,44.19,44.215,1300,2021-04-13 19:26:00,HALO
44.21,44.21,44.16,44.19,855,2021-04-13 19:27:00,HALO
44.185,44.2,44.14,44.17,1400,2021-04-13 19:28:00,HALO
44.175,44.175,44.17,44.17,500,2021-04-13 19:29:00,HALO
44.17,44.17,44.14,44.14,1100,2021-04-13 19:30:00,HALO
44.165,44.19,44.14,44.185,2700,2021-04-13 19:31:00,HALO
44.19,44.23,44.19,44.215,8039,2021-04-13 19:32:00,HALO
44.22,44.28,44.19,44.255,6240,2021-04-13 19:33:00,HALO
44.255,44.255,44.245,44.25,1040,2021-04-13 19:34:00,HALO
44.24,44.27,44.23,44.26,22293,2021-04-13 19:35:00,HALO
44.27,44.28,44.26,44.28,8599,2021-04-13 19:36:00,HALO
44.28,44.295,44.28,44.295,90087,2021-04-13 19:37:00,HALO
44.29,44.305,44.29,44.3,4223,2021-04-13 19:38:00,HALO
44.305,44.33,44.3,44.3,3707,2021-04-13 19:39:00,HALO
44.34,44.36,44.25,44.25,6499,2021-04-13 19:40:00,HALO
44.29,44.38,44.29,44.35,17056,2021-04-13 19:41:00,HALO
44.36,44.36,44.33,44.33,2993,2021-04-13 19:42:00,HALO
44.315,44.38,44.29,44.37,2800,2021-04-13 19:43:00,HALO
44.37,44.43,44.37,44.415,2380,2021-04-13 19:44:00,HALO
44.415,44.46,44.4,44.44,3627,2021-04-13 19:45:00,HALO
44.43,44.49,44.4,44.44,10106,2021-04-13 19:46:00,HALO
44.44,44.45,44.41,44.45,5918,2021-04-13 19:47:00,HALO
44.455,44.5,44.44,44.48,15097,2021-04-13 19:48:00,HALO
44.4,44.44,44.4,44.415,1100,2021-04-13 19:49:00,HALO
44.4,44.44,44.335,44.43,6110,2021-04-13 19:50:00,HALO
44.44,44.52,44.41,44.49,7477,2021-04-13 19:51:00,HALO
44.5,44.5,44.46,44.475,5218,2021-04-13 19:52:00,HALO
44.485,44.51,44.46,44.5,6043,2021-04-13 19:53:00,HALO
44.5,44.51,44.42,44.42,8638,2021-04-13 19:54:00,HALO
44.425,44.5,44.415,44.5,8657,2021-04-13 19:55:00,HALO
44.48,44.53,44.45,44.45,6780,2021-04-13 19:56:00,HALO
44.4516,44.52,44.45,44.4901,13337,2021-04-13 19:57:00,HALO
44.49,44.5,44.43,44.43,13365,2021-04-13 19:58:00,HALO
44.43,44.51,44.43,44.49,18946,2021-04-13 19:59:00,HALO
44.48,44.48,44.4,44.48,116952,2021-04-13 20:00:00,HALO
44.48,44.48,44.48,44.48,103,2021-04-13 20:01:00,HALO
43.65,43.65,43.26,43.3,1439,2021-04-13 20:02:00,HALO
44.38,44.38,44.38,44.38,200,2021-04-13 20:25:00,HALO
44.72,44.96,44.72,44.96,5355,2021-04-14 13:30:00,HALO
44.8458,44.87,44.78,44.87,900,2021-04-14 13:31:00,HALO
44.865,44.865,44.865,44.865,100,2021-04-14 13:32:00,HALO
44.91,44.99,44.91,44.99,1400,2021-04-14 13:33:00,HALO
44.98,45.105,44.87,45.105,9588,2021-04-14 13:34:00,HALO
45.2,45.27,45.12,45.12,800,2021-04-14 13:35:00,HALO
45.13,45.19,45.13,45.17,1200,2021-04-14 13:36:00,HALO
45.16,45.44,45.1553,45.39,2400,2021-04-14 13:37:00,HALO
45.45,45.45,45.28,45.38,1000,2021-04-14 13:38:00,HALO
45.38,45.4,45.38,45.4,459,2021-04-14 13:39:00,HALO
45.44,45.47,45.282,45.31,2929,2021-04-14 13:40:00,HALO
45.36,45.39,45.33,45.37,499,2021-04-14 13:41:00,HALO
45.37,45.41,45.24,45.24,7877,2021-04-14 13:42:00,HALO
45.27,45.35,45.235,45.35,858,2021-04-14 13:43:00,HALO
45.37,45.37,45.28,45.34,1141,2021-04-14 13:44:00,HALO
45.34,45.37,45.29,45.35,1981,2021-04-14 13:45:00,HALO
45.37,45.37,45.35,45.35,394,2021-04-14 13:46:00,HALO
45.29,45.32,45.29,45.32,800,2021-04-14 13:47:00,HALO
45.36,45.36,45.36,45.36,100,2021-04-14 13:48:00,HALO
45.38,45.42,45.38,45.42,500,2021-04-14 13:49:00,HALO
45.315,45.47,45.27,45.445,9373,2021-04-14 13:50:00,HALO
45.44,45.44,45.36,45.36,2900,2021-04-14 13:51:00,HALO
45.34,45.3884,45.34,45.3884,210,2021-04-14 13:52:00,HALO
45.4,45.42,45.32,45.34,900,2021-04-14 13:53:00,HALO
45.31,45.315,45.2,45.23,7118,2021-04-14 13:54:00,HALO
45.28,45.41,45.26,45.28,7640,2021-04-14 13:55:00,HALO
45.34,45.44,45.34,45.435,1600,2021-04-14 13:56:00,HALO
45.405,45.48,45.37,45.38,4700,2021-04-14 13:57:00,HALO
45.425,45.5699,45.38,45.55,9447,2021-04-14 13:58:00,HALO
45.51,45.56,45.51,45.525,600,2021-04-14 13:59:00,HALO
45.46,45.53,45.42,45.42,1600,2021-04-14 14:00:00,HALO
45.41,45.41,45.41,45.41,300,2021-04-14 14:01:00,HALO
45.43,45.46,45.42,45.45,1606,2021-04-14 14:02:00,HALO
45.445,45.57,45.445,45.53,1000,2021-04-14 14:03:00,HALO
45.61,45.675,45.6,45.6,1601,2021-04-14 14:04:00,HALO
45.57,45.6,45.5,45.54,1962,2021-04-14 14:06:00,HALO
45.53,45.57,45.47,45.5,965,2021-04-14 14:07:00,HALO
45.455,45.57,45.455,45.57,1625,2021-04-14 14:08:00,HALO
45.59,45.605,45.59,45.605,500,2021-04-14 14:09:00,HALO
45.63,45.67,45.625,45.66,1320,2021-04-14 14:10:00,HALO
45.66,45.67,45.58,45.6,1674,2021-04-14 14:11:00,HALO
45.58,45.58,45.56,45.56,500,2021-04-14 14:12:00,HALO
45.6,45.6,45.56,45.585,400,2021-04-14 14:13:00,HALO
45.585,45.62,45.51,45.51,2100,2021-04-14 14:14:00,HALO
45.56,45.57,45.56,45.56,683,2021-04-14 14:15:00,HALO
45.59,45.59,45.475,45.52,3603,2021-04-14 14:16:00,HALO
45.48,45.5,45.41,45.435,8500,2021-04-14 14:17:00,HALO
45.45,45.5,45.44,45.44,2200,2021-04-14 14:18:00,HALO
45.47,45.6,45.47,45.6,1002,2021-04-14 14:19:00,HALO
45.59,45.59,45.545,45.545,973,2021-04-14 14:20:00,HALO
45.57,45.66,45.5,45.66,3413,2021-04-14 14:21:00,HALO
45.66,45.71,45.63,45.71,700,2021-04-14 14:22:00,HALO
45.69,45.69,45.69,45.69,100,2021-04-14 14:23:00,HALO
45.68,45.745,45.66,45.745,1400,2021-04-14 14:24:00,HALO
45.75,45.82,45.74,45.74,3700,2021-04-14 14:25:00,HALO
45.76,45.76,45.76,45.76,100,2021-04-14 14:26:00,HALO
45.8,45.8,45.71,45.725,1800,2021-04-14 14:27:00,HALO
45.71,45.77,45.69,45.745,900,2021-04-14 14:28:00,HALO
45.77,45.83,45.74,45.75,3710,2021-04-14 14:29:00,HALO
45.77,45.9,45.75,45.865,5006,2021-04-14 14:30:00,HALO
45.855,45.89,45.83,45.86,2817,2021-04-14 14:31:00,HALO
45.888,45.965,45.888,45.94,1062,2021-04-14 14:32:00,HALO
45.95,46.02,45.93,45.98,6611,2021-04-14 14:33:00,HALO
46.04,46.04,45.995,46.04,1459,2021-04-14 14:34:00,HALO
45.995,46.03,45.995,46.03,300,2021-04-14 14:35:00,HALO
46.03,46.05,45.96,45.96,1822,2021-04-14 14:36:00,HALO
45.96,45.995,45.88,45.91,5227,2021-04-14 14:37:00,HALO
45.91,45.9725,45.89,45.94,4632,2021-04-14 14:38:00,HALO
45.94,45.94,45.94,45.94,300,2021-04-14 14:39:00,HALO
45.91,45.92,45.88,45.92,1100,2021-04-14 14:40:00,HALO
45.89,45.95,45.8693,45.9132,2350,2021-04-14 14:41:00,HALO
45.93,45.93,45.93,45.93,100,2021-04-14 14:42:00,HALO
45.95,45.98,45.95,45.98,1800,2021-04-14 14:43:00,HALO
45.965,46.0,45.96,45.98,4700,2021-04-14 14:44:00,HALO
46.0,46.0,45.98,45.98,500,2021-04-14 14:45:00,HALO
45.9773,46.1,45.95,46.04,8910,2021-04-14 14:46:00,HALO
46.08,46.08,46.07,46.07,200,2021-04-14 14:47:00,HALO
46.08,46.15,46.0,46.11,9885,2021-04-14 14:48:00,HALO
46.14,46.16,46.115,46.14,1635,2021-04-14 14:49:00,HALO
46.12,46.17,46.09,46.09,4000,2021-04-14 14:50:00,HALO
46.055,46.06,46.05,46.05,500,2021-04-14 14:51:00,HALO
46.05,46.05,45.95,45.9873,1953,2021-04-14 14:52:00,HALO
45.965,46.06,45.9485,46.06,3500,2021-04-14 14:53:00,HALO
46.02,46.06,45.99,46.03,2213,2021-04-14 14:54:00,HALO
46.06,46.07,46.06,46.07,200,2021-04-14 14:55:00,HALO
46.09,46.14,46.09,46.13,2000,2021-04-14 14:56:00,HALO
46.1,46.14,46.1,46.14,200,2021-04-14 14:57:00,HALO
46.105,46.15,46.105,46.1401,1823,2021-04-14 14:58:00,HALO
46.11,46.14,46.11,46.11,600,2021-04-14 14:59:00,HALO
46.15,46.15,46.15,46.15,300,2021-04-14 15:00:00,HALO
46.08,46.15,46.07,46.12,2261,2021-04-14 15:01:00,HALO
46.0795,46.13,46.07,46.13,3074,2021-04-14 15:02:00,HALO
46.07,46.2,46.07,46.18,16017,2021-04-14 15:03:00,HALO
46.2,46.21,46.14,46.14,6792,2021-04-14 15:04:00,HALO
46.18,46.2,46.1701,46.2,1043,2021-04-14 15:05:00,HALO
46.22,46.22,46.14,46.21,4285,2021-04-14 15:06:00,HALO
46.19,46.23,46.19,46.23,450,2021-04-14 15:07:00,HALO
46.23,46.3,46.23,46.29,1000,2021-04-14 15:08:00,HALO
46.27,46.3,46.27,46.28,767,2021-04-14 15:09:00,HALO
46.28,46.44,46.28,46.4,4000,2021-04-14 15:10:00,HALO
46.4,46.4,46.31,46.335,6279,2021-04-14 15:11:00,HALO
46.335,46.39,46.335,46.39,1200,2021-04-14 15:12:00,HALO
46.405,46.45,46.37,46.45,3086,2021-04-14 15:13:00,HALO
46.46,46.57,46.4398,46.5,5822,2021-04-14 15:14:00,HALO
46.53,46.56,46.49,46.49,2888,2021-04-14 15:15:00,HALO
46.47,46.49,46.425,46.46,4897,2021-04-14 15:16:00,HALO
46.41,46.415,46.22,46.22,1972,2021-04-14 15:17:00,HALO
46.255,46.255,46.2,46.235,800,2021-04-14 15:18:00,HALO
46.225,46.225,46.12,46.14,2617,2021-04-14 15:19:00,HALO
46.135,46.135,45.985,45.985,1500,2021-04-14 15:20:00,HALO
45.985,46.005,45.89,46.005,3448,2021-04-14 15:21:00,HALO
46.005,46.005,45.97,45.975,500,2021-04-14 15:22:00,HALO
45.975,45.975,45.97,45.97,200,2021-04-14 15:23:00,HALO
45.94,46.02,45.91,46.02,3400,2021-04-14 15:24:00,HALO
45.995,45.995,45.94,45.94,1950,2021-04-14 15:25:00,HALO
45.8418,45.96,45.8418,45.93,1500,2021-04-14 15:26:00,HALO
45.93,45.99,45.93,45.99,2532,2021-04-14 15:27:00,HALO
46.01,46.025,45.93,45.95,3200,2021-04-14 15:28:00,HALO
45.92,45.935,45.91,45.915,2000,2021-04-14 15:29:00,HALO
45.915,45.915,45.9,45.91,400,2021-04-14 15:30:00,HALO
45.92,45.92,45.92,45.92,200,2021-04-14 15:31:00,HALO
45.92,45.92,45.86,45.9,1700,2021-04-14 15:32:00,HALO
45.92,45.93,45.9,45.93,600,2021-04-14 15:33:00,HALO
45.93,45.95,45.91,45.91,2543,2021-04-14 15:34:00,HALO
45.91,46.035,45.892,46.035,2000,2021-04-14 15:35:00,HALO
46.005,46.09,46.005,46.09,3200,2021-04-14 15:36:00,HALO
46.11,46.11,46.05,46.09,800,2021-04-14 15:37:00,HALO
46.11,46.17,46.08,46.17,1000,2021-04-14 15:38:00,HALO
46.205,46.205,46.12,46.16,3879,2021-04-14 15:39:00,HALO
46.16,46.16,46.13,46.14,1600,2021-04-14 15:40:00,HALO
46.15,46.16,46.14,46.145,890,2021-04-14 15:41:00,HALO
46.17,46.23,46.17,46.23,1200,2021-04-14 15:42:00,HALO
46.2,46.215,46.16,46.2,4455,2021-04-14 15:43:00,HALO
46.24,46.24,46.23,46.23,1243,2021-04-14 15:44:00,HALO
46.26,46.26,46.26,46.26,450,2021-04-14 15:45:00,HALO
46.28,46.29,46.27,46.27,400,2021-04-14 15:46:00,HALO
46.29,46.32,46.23,46.2701,6628,2021-04-14 15:47:00,HALO
46.32,46.32,46.275,46.31,1399,2021-04-14 15:48:00,HALO
46.32,46.35,46.32,46.32,600,2021-04-14 15:49:00,HALO
46.34,46.43,46.31,46.43,8031,2021-04-14 15:50:00,HALO
46.385,46.48,46.36,46.48,4730,2021-04-14 15:51:00,HALO
46.47,46.47,46.43,46.43,1859,2021-04-14 15:52:00,HALO
46.43,46.58,46.43,46.52,17905,2021-04-14 15:53:00,HALO
46.51,46.55,46.47,46.52,5605,2021-04-14 15:54:00,HALO
46.49,46.59,46.49,46.58,4701,2021-04-14 15:55:00,HALO
46.55,46.7,46.55,46.57,13592,2021-04-14 15:56:00,HALO
46.54,46.555,46.52,46.5325,3686,2021-04-14 15:57:00,HALO
46.55,46.55,46.525,46.525,400,2021-04-14 15:58:00,HALO
46.525,46.56,46.525,46.56,553,2021-04-14 15:59:00,HALO
46.515,46.62,46.49,46.595,2557,2021-04-14 16:00:00,HALO
46.595,46.595,46.525,46.54,5836,2021-04-14 16:01:00,HALO
46.52,46.52,46.43,46.43,1392,2021-04-14 16:02:00,HALO
46.43,46.46,46.4098,46.43,1640,2021-04-14 16:03:00,HALO
46.43,46.43,46.34,46.34,3590,2021-04-14 16:04:00,HALO
46.3,46.3,46.18,46.18,300,2021-04-14 16:05:00,HALO
46.1001,46.215,46.1001,46.215,1600,2021-04-14 16:06:00,HALO
46.215,46.25,46.21,46.24,1757,2021-04-14 16:07:00,HALO
46.245,46.27,46.22,46.27,1766,2021-04-14 16:08:00,HALO
46.29,46.34,46.26,46.32,2340,2021-04-14 16:09:00,HALO
46.28,46.32,46.27,46.32,1900,2021-04-14 16:10:00,HALO
46.32,46.35,46.32,46.345,1200,2021-04-14 16:11:00,HALO
46.345,46.37,46.345,46.35,500,2021-04-14 16:12:00,HALO
46.33,46.35,46.3,46.3,13900,2021-04-14 16:13:00,HALO
46.34,46.34,46.34,46.34,200,2021-04-14 16:14:00,HALO
46.34,46.35,46.33,46.35,400,2021-04-14 16:15:00,HALO
46.37,46.4,46.36,46.36,2275,2021-04-14 16:16:00,HALO
46.375,46.38,46.35,46.375,3755,2021-04-14 16:17:00,HALO
46.35,46.355,46.325,46.325,1319,2021-04-14 16:18:00,HALO
46.35,46.38,46.35,46.38,200,2021-04-14 16:19:00,HALO
46.38,46.38,46.35,46.38,2200,2021-04-14 16:20:00,HALO
46.38,46.39,46.38,46.38,400,2021-04-14 16:21:00,HALO
46.38,46.395,46.37,46.39,800,2021-04-14 16:22:00,HALO
46.39,46.39,46.38,46.39,500,2021-04-14 16:23:00,HALO
46.38,46.38,46.28,46.29,3342,2021-04-14 16:24:00,HALO
46.285,46.285,46.285,46.285,300,2021-04-14 16:25:00,HALO
46.32,46.32,46.23,46.26,400,2021-04-14 16:26:00,HALO
46.28,46.28,46.16,46.2,600,2021-04-14 16:27:00,HALO
46.19,46.2,46.165,46.17,3074,2021-04-14 16:28:00,HALO
46.16,46.16,46.16,46.16,600,2021-04-14 16:29:00,HALO
46.16,46.16,46.1,46.13,600,2021-04-14 16:30:00,HALO
46.15,46.15,46.15,46.15,200,2021-04-14 16:31:00,HALO
46.12,46.15,46.1,46.15,2000,2021-04-14 16:32:00,HALO
46.17,46.23,46.17,46.23,900,2021-04-14 16:33:00,HALO
46.24,46.27,46.21,46.23,600,2021-04-14 16:34:00,HALO
46.24,46.24,46.24,46.24,300,2021-04-14 16:35:00,HALO
46.26,46.26,46.22,46.23,400,2021-04-14 16:36:00,HALO
46.25,46.25,46.22,46.235,471,2021-04-14 16:37:00,HALO
46.24,46.26,46.23,46.26,400,2021-04-14 16:38:00,HALO
46.27,46.29,46.27,46.29,800,2021-04-14 16:39:00,HALO
46.31,46.31,46.31,46.31,451,2021-04-14 16:40:00,HALO
46.34,46.34,46.305,46.305,500,2021-04-14 16:41:00,HALO
46.305,46.32,46.3,46.32,500,2021-04-14 16:42:00,HALO
46.31,46.31,46.27,46.27,1369,2021-04-14 16:43:00,HALO
46.28,46.28,46.28,46.28,691,2021-04-14 16:44:00,HALO
46.26,46.29,46.24,46.29,1200,2021-04-14 16:45:00,HALO
46.32,46.35,46.32,46.32,1418,2021-04-14 16:46:00,HALO
46.32,46.36,46.32,46.36,990,2021-04-14 16:47:00,HALO
46.37,46.43,46.37,46.4262,1100,2021-04-14 16:48:00,HALO
46.43,46.43,46.35,46.4,891,2021-04-14 16:49:00,HALO
46.41,46.43,46.3905,46.43,400,2021-04-14 16:50:00,HALO
46.44,46.45,46.38,46.4,1100,2021-04-14 16:51:00,HALO
46.41,46.41,46.385,46.385,1025,2021-04-14 16:52:00,HALO
46.37,46.37,46.36,46.37,800,2021-04-14 16:53:00,HALO
46.34,46.35,46.31,46.335,1418,2021-04-14 16:54:00,HALO
46.31,46.335,46.3,46.3,500,2021-04-14 16:55:00,HALO
46.3,46.33,46.3,46.33,200,2021-04-14 16:56:00,HALO
46.33,46.34,46.28,46.34,913,2021-04-14 16:57:00,HALO
46.31,46.31,46.3,46.3,200,2021-04-14 16:58:00,HALO
46.305,46.33,46.305,46.33,500,2021-04-14 16:59:00,HALO
46.36,46.365,46.34,46.34,2037,2021-04-14 17:00:00,HALO
46.34,46.37,46.34,46.37,500,2021-04-14 17:01:00,HALO
46.39,46.42,46.38,46.38,1000,2021-04-14 17:02:00,HALO
46.36,46.38,46.355,46.38,1900,2021-04-14 17:03:00,HALO
46.37,46.37,46.34,46.37,1930,2021-04-14 17:04:00,HALO
46.38,46.38,46.38,46.38,100,2021-04-14 17:05:00,HALO
46.38,46.445,46.38,46.43,1200,2021-04-14 17:06:00,HALO
46.43,46.43,46.39,46.39,900,2021-04-14 17:07:00,HALO
46.395,46.4,46.38,46.4,500,2021-04-14 17:08:00,HALO
46.37,46.38,46.365,46.38,800,2021-04-14 17:09:00,HALO
46.36,46.36,46.31,46.3184,2676,2021-04-14 17:10:00,HALO
46.33,46.33,46.31,46.33,453,2021-04-14 17:11:00,HALO
46.31,46.31,46.27,46.29,700,2021-04-14 17:12:00,HALO
46.3,46.32,46.3,46.32,1969,2021-04-14 17:13:00,HALO
46.32,46.35,46.32,46.35,500,2021-04-14 17:14:00,HALO
46.35,46.37,46.35,46.37,1994,2021-04-14 17:15:00,HALO
46.37,46.39,46.37,46.37,1400,2021-04-14 17:16:00,HALO
46.4,46.41,46.39,46.39,1069,2021-04-14 17:17:00,HALO
46.39,46.45,46.39,46.43,3001,2021-04-14 17:19:00,HALO
46.44,46.46,46.38,46.46,1500,2021-04-14 17:20:00,HALO
46.47,46.48,46.4028,46.4028,2449,2021-04-14 17:21:00,HALO
46.46,46.5,46.46,46.475,3503,2021-04-14 17:22:00,HALO
46.49,46.52,46.45,46.47,1700,2021-04-14 17:23:00,HALO
46.47,46.47,46.47,46.47,100,2021-04-14 17:24:00,HALO
46.46,46.52,46.46,46.495,800,2021-04-14 17:25:00,HALO
46.48,46.48,46.46,46.48,1500,2021-04-14 17:26:00,HALO
46.475,46.51,46.475,46.505,1714,2021-04-14 17:27:00,HALO
46.52,46.54,46.515,46.53,2588,2021-04-14 17:28:00,HALO
46.55,46.55,46.5,46.5,1878,2021-04-14 17:29:00,HALO
46.48,46.5,46.48,46.5,400,2021-04-14 17:30:00,HALO
46.48,46.51,46.48,46.51,900,2021-04-14 17:31:00,HALO
46.51,46.55,46.51,46.55,1500,2021-04-14 17:32:00,HALO
46.54,46.54,46.49,46.49,2366,2021-04-14 17:33:00,HALO
46.505,46.52,46.49,46.495,1400,2021-04-14 17:34:00,HALO
46.5,46.51,46.45,46.45,6726,2021-04-14 17:35:00,HALO
46.51,46.53,46.49,46.53,910,2021-04-14 17:36:00,HALO
46.5,46.51,46.49,46.49,1000,2021-04-14 17:37:00,HALO
46.5,46.5,46.42,46.45,1908,2021-04-14 17:38:00,HALO
46.45,46.5,46.45,46.48,1007,2021-04-14 17:39:00,HALO
46.5,46.51,46.46,46.46,1200,2021-04-14 17:40:00,HALO
46.475,46.475,46.475,46.475,100,2021-04-14 17:41:00,HALO
46.5,46.5,46.485,46.485,400,2021-04-14 17:42:00,HALO
46.51,46.51,46.47,46.505,1100,2021-04-14 17:43:00,HALO
46.505,46.505,46.47,46.5,800,2021-04-14 17:44:00,HALO
46.485,46.485,46.485,46.485,300,2021-04-14 17:45:00,HALO
46.485,46.51,46.46,46.46,500,2021-04-14 17:46:00,HALO
46.48,46.51,46.48,46.5,700,2021-04-14 17:48:00,HALO
46.49,46.51,46.49,46.51,300,2021-04-14 17:49:00,HALO
46.5,46.51,46.475,46.475,1220,2021-04-14 17:50:00,HALO
46.46,46.46,46.4,46.44,1485,2021-04-14 17:51:00,HALO
46.44,46.44,46.39,46.41,600,2021-04-14 17:52:00,HALO
46.41,46.41,46.35,46.355,800,2021-04-14 17:53:00,HALO
46.32,46.355,46.28,46.305,850,2021-04-14 17:54:00,HALO
46.32,46.3607,46.3,46.32,2425,2021-04-14 17:55:00,HALO
46.35,46.37,46.345,46.345,1000,2021-04-14 17:57:00,HALO
46.32,46.34,46.26,46.26,1950,2021-04-14 17:58:00,HALO
46.21,46.21,46.17,46.17,812,2021-04-14 17:59:00,HALO
46.14,46.14,46.06,46.06,500,2021-04-14 18:01:00,HALO
46.05,46.1,45.98,46.1,1950,2021-04-14 18:02:00,HALO
46.11,46.12,46.01,46.01,1719,2021-04-14 18:03:00,HALO
46.04,46.17,46.04,46.16,2300,2021-04-14 18:04:00,HALO
46.13,46.13,46.03,46.06,2889,2021-04-14 18:05:00,HALO
46.0,46.0,45.965,45.965,426,2021-04-14 18:06:00,HALO
46.0,46.04,46.0,46.04,900,2021-04-14 18:07:00,HALO
46.03,46.04,46.03,46.04,300,2021-04-14 18:08:00,HALO
45.97,45.97,45.9,45.9,1000,2021-04-14 18:09:00,HALO
45.87,45.87,45.87,45.87,100,2021-04-14 18:10:00,HALO
45.9,45.93,45.88,45.88,1278,2021-04-14 18:11:00,HALO
45.875,46.0,45.875,45.99,1000,2021-04-14 18:12:00,HALO
45.97,45.98,45.92,45.97,3300,2021-04-14 18:13:00,HALO
45.975,45.975,45.975,45.975,200,2021-04-14 18:14:00,HALO
45.98,45.98,45.98,45.98,100,2021-04-14 18:15:00,HALO
46.0,46.02,45.95,45.95,1400,2021-04-14 18:16:00,HALO
45.98,46.02,45.98,46.02,700,2021-04-14 18:17:00,HALO
46.0,46.0,45.97,45.98,1286,2021-04-14 18:18:00,HALO
45.99,45.99,45.99,45.99,100,2021-04-14 18:19:00,HALO
46.02,46.02,46.012,46.012,550,2021-04-14 18:20:00,HALO
46.03,46.09,46.03,46.08,1200,2021-04-14 18:21:00,HALO
46.08,46.1,46.05,46.1,800,2021-04-14 18:22:00,HALO
46.09,46.125,46.09,46.12,1200,2021-04-14 18:23:00,HALO
46.09,46.09,46.085,46.085,200,2021-04-14 18:24:00,HALO
46.12,46.12,46.11,46.11,300,2021-04-14 18:25:00,HALO
46.085,46.12,46.085,46.12,600,2021-04-14 18:26:00,HALO
46.14,46.15,46.1,46.115,800,2021-04-14 18:27:00,HALO
46.13,46.14,46.125,46.125,1660,2021-04-14 18:28:00,HALO
46.125,46.13,46.08,46.1,1695,2021-04-14 18:29:00,HALO
46.14,46.14,46.135,46.135,400,2021-04-14 18:30:00,HALO
46.145,46.17,46.14,46.17,300,2021-04-14 18:31:00,HALO
46.185,46.21,46.18,46.21,2800,2021-04-14 18:32:00,HALO
46.21,46.23,46.19,46.21,2700,2021-04-14 18:33:00,HALO
46.21,46.21,46.21,46.21,200,2021-04-14 18:34:00,HALO
46.22,46.27,46.22,46.22,2100,2021-04-14 18:35:00,HALO
46.225,46.27,46.225,46.24,300,2021-04-14 18:36:00,HALO
46.16,46.19,46.15,46.19,900,2021-04-14 18:37:00,HALO
46.19,46.19,46.16,46.18,700,2021-04-14 18:38:00,HALO
46.18,46.19,46.165,46.19,300,2021-04-14 18:39:00,HALO
46.19,46.2,46.18,46.18,950,2021-04-14 18:40:00,HALO
46.2,46.24,46.19,46.22,2400,2021-04-14 18:41:00,HALO
46.22,46.26,46.22,46.235,1316,2021-04-14 18:42:00,HALO
46.26,46.28,46.26,46.28,808,2021-04-14 18:43:00,HALO
46.28,46.28,46.25,46.25,1300,2021-04-14 18:44:00,HALO
46.26,46.26,46.25,46.25,600,2021-04-14 18:45:00,HALO
46.27,46.29,46.24,46.27,1100,2021-04-14 18:46:00,HALO
46.29,46.3,46.285,46.3,1200,2021-04-14 18:47:00,HALO
46.28,46.28,46.22,46.22,4204,2021-04-14 18:48:00,HALO
46.22,46.22,46.15,46.15,600,2021-04-14 18:49:00,HALO
46.155,46.155,46.06,46.075,4966,2021-04-14 18:50:00,HALO
46.05,46.05,45.99,45.99,2000,2021-04-14 18:51:00,HALO
45.99,45.99,45.99,45.99,600,2021-04-14 18:52:00,HALO
45.94,45.99,45.94,45.955,1100,2021-04-14 18:53:00,HALO
45.91,45.98,45.91,45.96,1298,2021-04-14 18:54:00,HALO
45.91,45.93,45.895,45.895,916,2021-04-14 18:55:00,HALO
45.895,45.97,45.86,45.93,4818,2021-04-14 18:56:00,HALO
45.99,46.03,45.99,46.03,1500,2021-04-14 18:57:00,HALO
45.98,45.98,45.965,45.965,300,2021-04-14 18:58:00,HALO
45.97,46.02,45.955,45.995,6416,2021-04-14 18:59:00,HALO
45.98,46.05,45.95,46.045,6573,2021-04-14 19:00:00,HALO
46.06,46.08,46.03,46.05,3598,2021-04-14 19:01:00,HALO
46.04,46.07,46.04,46.04,400,2021-04-14 19:02:00,HALO
46.07,46.12,46.04,46.04,3209,2021-04-14 19:03:00,HALO
46.08,46.12,46.08,46.11,630,2021-04-14 19:04:00,HALO
46.045,46.06,45.98,46.005,1500,2021-04-14 19:05:00,HALO
46.04,46.06,46.02,46.02,500,2021-04-14 19:06:00,HALO
46.02,46.04,46.005,46.02,2635,2021-04-14 19:07:00,HALO
45.99,46.005,45.93,45.93,1010,2021-04-14 19:08:00,HALO
45.96,45.96,45.9,45.92,2253,2021-04-14 19:09:00,HALO
45.9,45.91,45.85,45.85,1100,2021-04-14 19:10:00,HALO
45.71,45.75,45.66,45.66,990,2021-04-14 19:11:00,HALO
45.71,45.77,45.64,45.77,400,2021-04-14 19:12:00,HALO
45.76,45.89,45.76,45.86,5707,2021-04-14 19:13:00,HALO
45.83,45.86,45.83,45.855,400,2021-04-14 19:14:00,HALO
45.85,45.89,45.8,45.8,1700,2021-04-14 19:15:00,HALO
45.88,45.88,45.84,45.88,500,2021-04-14 19:16:00,HALO
45.88,45.915,45.87,45.915,3225,2021-04-14 19:17:00,HALO
45.93,45.96,45.92,45.94,1600,2021-04-14 19:18:00,HALO
45.955,45.955,45.92,45.92,2025,2021-04-14 19:19:00,HALO
45.92,45.92,45.85,45.85,16500,2021-04-14 19:20:00,HALO
45.85,45.89,45.85,45.89,1000,2021-04-14 19:21:00,HALO
45.91,45.95,45.91,45.945,1200,2021-04-14 19:22:00,HALO
45.945,45.9725,45.945,45.9725,900,2021-04-14 19:23:00,HALO
45.97,45.99,45.94,45.94,1800,2021-04-14 19:24:00,HALO
45.98,45.98,45.94,45.97,1600,2021-04-14 19:25:00,HALO
45.98,45.98,45.96,45.97,1400,2021-04-14 19:26:00,HALO
45.99,45.99,45.96,45.96,500,2021-04-14 19:27:00,HALO
45.96,45.98,45.95,45.97,400,2021-04-14 19:28:00,HALO
45.97,45.97,45.95,45.965,3032,2021-04-14 19:29:00,HALO
45.98,45.98,45.965,45.97,1500,2021-04-14 19:30:00,HALO
45.96,45.975,45.95,45.97,3000,2021-04-14 19:31:00,HALO
45.975,45.99,45.975,45.975,700,2021-04-14 19:32:00,HALO
45.975,46.0,45.97,45.99,2600,2021-04-14 19:33:00,HALO
45.97,45.985,45.96,45.96,2980,2021-04-14 19:34:00,HALO
45.965,45.965,45.92,45.95,2510,2021-04-14 19:35:00,HALO
45.925,45.925,45.85,45.87,2000,2021-04-14 19:36:00,HALO
45.87,45.89,45.87,45.89,2957,2021-04-14 19:37:00,HALO
45.89,45.94,45.88,45.9,5522,2021-04-14 19:38:00,HALO
45.88,45.92,45.8701,45.9,2220,2021-04-14 19:39:00,HALO
45.9,45.93,45.87,45.89,3640,2021-04-14 19:40:00,HALO
45.89,45.89,45.78,45.8,7200,2021-04-14 19:41:00,HALO
45.84,45.84,45.75,45.75,2534,2021-04-14 19:42:00,HALO
45.75,45.76,45.71,45.76,3132,2021-04-14 19:43:00,HALO
45.77,45.82,45.76,45.82,3600,2021-04-14 19:44:00,HALO
45.82,45.88,45.82,45.88,3445,2021-04-14 19:45:00,HALO
45.85,45.87,45.82,45.8525,5351,2021-04-14 19:46:00,HALO
45.855,45.89,45.855,45.89,3120,2021-04-14 19:47:00,HALO
45.9,45.9,45.87,45.9,4376,2021-04-14 19:48:00,HALO
45.88,45.89,45.86,45.89,1600,2021-04-14 19:49:00,HALO
45.89,45.98,45.89,45.96,7074,2021-04-14 19:50:00,HALO
45.97,45.97,45.9,45.95,3400,2021-04-14 19:51:00,HALO
45.96,45.97,45.89,45.94,6450,2021-04-14 19:52:00,HALO
45.94,45.94,45.87,45.87,5687,2021-04-14 19:53:00,HALO
45.9,45.9,45.855,45.88,12592,2021-04-14 19:54:00,HALO
45.88,45.94,45.81,45.9125,13430,2021-04-14 19:55:00,HALO
45.93,45.95,45.87,45.95,9151,2021-04-14 19:56:00,HALO
45.95,45.95,45.92,45.95,9257,2021-04-14 19:57:00,HALO
45.95,45.95,45.885,45.92,16115,2021-04-14 19:58:00,HALO
45.9,45.96,45.86,45.95,26349,2021-04-14 19:59:00,HALO
45.95,45.95,45.95,45.95,113106,2021-04-14 20:00:00,HALO
45.95,45.95,45.95,45.95,3241,2021-04-14 20:01:00,HALO
46.45,46.45,46.14,46.14,6903,2021-04-15 13:30:00,HALO
46.36,46.39,46.36,46.384,600,2021-04-15 13:31:00,HALO
46.215,46.59,46.215,46.59,1300,2021-04-15 13:32:00,HALO
46.61,46.61,46.41,46.55,614,2021-04-15 13:33:00,HALO
46.55,46.62,46.47,46.48,4703,2021-04-15 13:34:00,HALO
46.58,46.6089,46.55,46.58,1588,2021-04-15 13:35:00,HALO
46.57,46.58,46.36,46.575,1808,2021-04-15 13:36:00,HALO
46.745,46.8099,46.42,46.51,8652,2021-04-15 13:37:00,HALO
46.43,46.59,46.43,46.575,1150,2021-04-15 13:38:00,HALO
46.53,46.6,46.45,46.6,3250,2021-04-15 13:39:00,HALO
46.5,46.62,46.5,46.62,500,2021-04-15 13:40:00,HALO
46.71,46.72,46.71,46.72,300,2021-04-15 13:41:00,HALO
46.74,46.82,46.6,46.79,1500,2021-04-15 13:42:00,HALO
46.86,46.94,46.79,46.86,17612,2021-04-15 13:43:00,HALO
46.91,46.93,46.78,46.82,3052,2021-04-15 13:44:00,HALO
46.87,46.97,46.76,46.86,1761,2021-04-15 13:45:00,HALO
46.835,46.87,46.83,46.83,400,2021-04-15 13:46:00,HALO
46.86,46.86,46.65,46.65,1400,2021-04-15 13:47:00,HALO
46.65,46.79,46.615,46.73,1700,2021-04-15 13:48:00,HALO
46.765,46.84,46.765,46.8,600,2021-04-15 13:49:00,HALO
46.84,46.97,46.8,46.96,1837,2021-04-15 13:50:00,HALO
46.945,47.0399,46.89,46.94,8300,2021-04-15 13:51:00,HALO
46.94,46.95,46.76,46.95,2759,2021-04-15 13:52:00,HALO
46.91,46.9499,46.81,46.81,450,2021-04-15 13:53:00,HALO
46.88,47.02,46.88,46.97,1371,2021-04-15 13:54:00,HALO
47.02,47.02,46.92,46.96,1012,2021-04-15 13:55:00,HALO
46.9301,47.0,46.9301,46.995,3430,2021-04-15 13:56:00,HALO
46.985,47.03,46.94,46.94,2900,2021-04-15 13:57:00,HALO
46.965,47.02,46.9,46.98,4385,2021-04-15 13:58:00,HALO
47.03,47.12,47.03,47.12,900,2021-04-15 13:59:00,HALO
47.095,47.095,47.07,47.07,500,2021-04-15 14:00:00,HALO
47.07,47.1,46.93,46.98,3300,2021-04-15 14:01:00,HALO
46.9,46.945,46.845,46.9,6332,2021-04-15 14:02:00,HALO
46.895,46.895,46.8,46.83,5799,2021-04-15 14:03:00,HALO
46.91,46.95,46.85,46.94,900,2021-04-15 14:04:00,HALO
46.97,46.97,46.82,46.83,1400,2021-04-15 14:05:00,HALO
46.89,46.89,46.82,46.82,1228,2021-04-15 14:06:00,HALO
46.86,46.86,46.81,46.81,800,2021-04-15 14:07:00,HALO
46.81,46.81,46.67,46.69,2049,2021-04-15 14:08:00,HALO
46.6701,46.71,46.65,46.66,2200,2021-04-15 14:09:00,HALO
46.66,46.75,46.66,46.66,2200,2021-04-15 14:10:00,HALO
46.67,46.71,46.65,46.655,2160,2021-04-15 14:11:00,HALO
46.67,46.72,46.5,46.5,3948,2021-04-15 14:12:00,HALO
46.52,46.52,46.44,46.47,4104,2021-04-15 14:13:00,HALO
46.53,46.54,46.48,46.5,1050,2021-04-15 14:14:00,HALO
46.5,46.53,46.48,46.53,700,2021-04-15 14:15:00,HALO
46.48,46.51,46.38,46.38,3203,2021-04-15 14:16:00,HALO
46.39,46.49,46.39,46.45,3347,2021-04-15 14:17:00,HALO
46.42,46.47,46.41,46.44,2000,2021-04-15 14:18:00,HALO
46.5,46.54,46.5,46.5,500,2021-04-15 14:19:00,HALO
46.56,46.605,46.52,46.605,2300,2021-04-15 14:20:00,HALO
46.6,46.65,46.6,46.62,2198,2021-04-15 14:21:00,HALO
46.625,46.77,46.625,46.73,2225,2021-04-15 14:22:00,HALO
46.71,46.74,46.71,46.735,2700,2021-04-15 14:23:00,HALO
46.76,46.84,46.76,46.83,1700,2021-04-15 14:24:00,HALO
46.805,46.84,46.77,46.77,1200,2021-04-15 14:25:00,HALO
46.8058,46.8058,46.77,46.795,366,2021-04-15 14:26:00,HALO
46.795,46.83,46.77,46.805,700,2021-04-15 14:27:00,HALO
46.81,46.83,46.77,46.8,900,2021-04-15 14:28:00,HALO
46.77,46.79,46.7,46.745,3687,2021-04-15 14:29:00,HALO
46.745,46.7986,46.69,46.69,7117,2021-04-15 14:30:00,HALO
46.69,46.72,46.55,46.56,5155,2021-04-15 14:31:00,HALO
46.53,46.53,46.47,46.52,2765,2021-04-15 14:32:00,HALO
46.55,46.55,46.47,46.47,925,2021-04-15 14:33:00,HALO
46.44,46.49,46.435,46.47,2200,2021-04-15 14:34:00,HALO
46.58,46.59,46.51,46.51,2600,2021-04-15 14:36:00,HALO
46.45,46.55,46.45,46.5,700,2021-04-15 14:37:00,HALO
46.525,46.55,46.525,46.55,200,2021-04-15 14:38:00,HALO
46.565,46.58,46.45,46.45,1800,2021-04-15 14:39:00,HALO
46.47,46.505,46.43,46.45,3491,2021-04-15 14:40:00,HALO
46.45,46.45,46.45,46.45,300,2021-04-15 14:41:00,HALO
46.47,46.47,46.43,46.46,952,2021-04-15 14:42:00,HALO
46.42,46.455,46.37,46.405,4376,2021-04-15 14:43:00,HALO
46.44,46.53,46.44,46.5,2400,2021-04-15 14:44:00,HALO
46.49,46.56,46.49,46.52,1100,2021-04-15 14:45:00,HALO
46.555,46.555,46.52,46.52,200,2021-04-15 14:46:00,HALO
46.57,46.61,46.53,46.61,1600,2021-04-15 14:47:00,HALO
46.625,46.65,46.59,46.64,1549,2021-04-15 14:48:00,HALO
46.63,46.63,46.55,46.55,2600,2021-04-15 14:49:00,HALO
46.54,46.58,46.54,46.55,700,2021-04-15 14:50:00,HALO
46.57,46.62,46.57,46.62,860,2021-04-15 14:51:00,HALO
46.61,46.72,46.61,46.72,700,2021-04-15 14:52:00,HALO
46.68,46.73,46.67,46.725,1980,2021-04-15 14:53:00,HALO
46.725,46.75,46.725,46.75,1800,2021-04-15 14:54:00,HALO
46.76,46.76,46.72,46.76,500,2021-04-15 14:55:00,HALO
46.75,46.75,46.745,46.745,800,2021-04-15 14:56:00,HALO
46.74,46.74,46.69,46.7,3905,2021-04-15 14:57:00,HALO
46.695,46.6984,46.695,46.6984,227,2021-04-15 14:58:00,HALO
46.72,46.735,46.6575,46.6575,3449,2021-04-15 14:59:00,HALO
46.665,46.705,46.665,46.705,900,2021-04-15 15:00:00,HALO
46.69,46.69,46.69,46.69,100,2021-04-15 15:01:00,HALO
46.7,46.7,46.66,46.665,2218,2021-04-15 15:02:00,HALO
46.665,46.665,46.665,46.665,500,2021-04-15 15:03:00,HALO
46.67,46.67,46.62,46.64,4144,2021-04-15 15:04:00,HALO
46.64,46.7,46.6,46.69,3600,2021-04-15 15:05:00,HALO
46.69,46.69,46.69,46.69,100,2021-04-15 15:06:00,HALO
46.71,46.7228,46.68,46.705,905,2021-04-15 15:07:00,HALO
46.705,46.705,46.675,46.68,2700,2021-04-15 15:08:00,HALO
46.67,46.75,46.67,46.72,3150,2021-04-15 15:09:00,HALO
46.7,46.7,46.6,46.61,2469,2021-04-15 15:10:00,HALO
46.6,46.629,46.5,46.53,2245,2021-04-15 15:11:00,HALO
46.5,46.5,46.39,46.39,5144,2021-04-15 15:12:00,HALO
46.39,46.42,46.36,46.37,2350,2021-04-15 15:13:00,HALO
46.37,46.37,46.37,46.37,100,2021-04-15 15:14:00,HALO
46.37,46.37,46.3,46.3,900,2021-04-15 15:15:00,HALO
46.3,46.32,46.08,46.09,7871,2021-04-15 15:17:00,HALO
46.08,46.1454,46.08,46.1454,500,2021-04-15 15:18:00,HALO
46.1,46.2,46.1,46.2,2606,2021-04-15 15:19:00,HALO
46.18,46.24,46.14,46.19,2100,2021-04-15 15:20:00,HALO
46.18,46.18,46.18,46.18,342,2021-04-15 15:21:00,HALO
46.18,46.18,46.09,46.09,700,2021-04-15 15:22:00,HALO
46.13,46.19,46.13,46.18,1888,2021-04-15 15:23:00,HALO
46.19,46.19,46.19,46.19,900,2021-04-15 15:24:00,HALO
46.16,46.16,46.11,46.11,1100,2021-04-15 15:25:00,HALO
46.14,46.21,46.14,46.195,1941,2021-04-15 15:26:00,HALO
46.23,46.27,46.23,46.27,800,2021-04-15 15:28:00,HALO
46.24,46.24,46.23,46.24,979,2021-04-15 15:29:00,HALO
46.27,46.27,46.25,46.25,300,2021-04-15 15:30:00,HALO
46.28,46.31,46.28,46.28,600,2021-04-15 15:31:00,HALO
46.3,46.325,46.285,46.325,1000,2021-04-15 15:32:00,HALO
46.34,46.36,46.34,46.36,400,2021-04-15 15:33:00,HALO
46.34,46.4,46.34,46.4,600,2021-04-15 15:34:00,HALO
46.4,46.44,46.39,46.39,3300,2021-04-15 15:35:00,HALO
46.39,46.39,46.36,46.36,600,2021-04-15 15:36:00,HALO
46.39,46.395,46.355,46.395,3200,2021-04-15 15:37:00,HALO
46.39,46.41,46.38,46.38,800,2021-04-15 15:38:00,HALO
46.43,46.49,46.42,46.49,450,2021-04-15 15:39:00,HALO
46.49,46.49,46.49,46.49,200,2021-04-15 15:40:00,HALO
46.47,46.5,46.45,46.49,900,2021-04-15 15:41:00,HALO
46.45,46.5,46.45,46.45,377,2021-04-15 15:42:00,HALO
46.525,46.55,46.48,46.49,3970,2021-04-15 15:44:00,HALO
46.52,46.53,46.52,46.52,440,2021-04-15 15:46:00,HALO
46.52,46.55,46.49,46.49,1500,2021-04-15 15:47:00,HALO
46.51,46.51,46.51,46.51,100,2021-04-15 15:48:00,HALO
46.49,46.49,46.49,46.49,300,2021-04-15 15:49:00,HALO
46.51,46.55,46.5,46.54,1113,2021-04-15 15:50:00,HALO
46.5,46.519,46.48,46.48,1127,2021-04-15 15:51:00,HALO
46.5,46.5,46.46,46.47,1544,2021-04-15 15:52:00,HALO
46.48,46.48,46.48,46.48,100,2021-04-15 15:53:00,HALO
46.48,46.535,46.48,46.535,1750,2021-04-15 15:55:00,HALO
46.56,46.57,46.53,46.53,400,2021-04-15 15:56:00,HALO
46.56,46.56,46.47,46.47,2200,2021-04-15 15:57:00,HALO
46.51,46.51,46.5,46.5,1175,2021-04-15 15:58:00,HALO
46.495,46.495,46.46,46.46,1500,2021-04-15 15:59:00,HALO
46.48,46.48,46.42,46.42,2300,2021-04-15 16:01:00,HALO
46.4,46.4,46.32,46.32,1080,2021-04-15 16:03:00,HALO
46.31,46.36,46.31,46.31,1000,2021-04-15 16:05:00,HALO
46.31,46.317,46.15,46.15,9092,2021-04-15 16:06:00,HALO
46.22,46.3,46.22,46.26,3510,2021-04-15 16:07:00,HALO
46.29,46.35,46.29,46.3,2450,2021-04-15 16:08:00,HALO
46.29,46.29,46.29,46.29,400,2021-04-15 16:09:00,HALO
46.25,46.28,46.22,46.23,1000,2021-04-15 16:10:00,HALO
46.23,46.23,46.17,46.17,400,2021-04-15 16:11:00,HALO
46.1784,46.1784,46.1784,46.1784,100,2021-04-15 16:12:00,HALO
46.25,46.28,46.22,46.22,1345,2021-04-15 16:13:00,HALO
46.22,46.25,46.19,46.19,2683,2021-04-15 16:14:00,HALO
46.23,46.29,46.23,46.29,700,2021-04-15 16:15:00,HALO
46.29,46.36,46.29,46.36,1200,2021-04-15 16:16:00,HALO
46.34,46.42,46.34,46.39,1000,2021-04-15 16:17:00,HALO
46.36,46.375,46.33,46.345,1281,2021-04-15 16:18:00,HALO
46.37,46.37,46.32,46.32,300,2021-04-15 16:19:00,HALO
46.37,46.41,46.37,46.41,600,2021-04-15 16:20:00,HALO
46.42,46.42,46.42,46.42,200,2021-04-15 16:21:00,HALO
46.41,46.43,46.36,46.36,3000,2021-04-15 16:22:00,HALO
46.409,46.409,46.409,46.409,100,2021-04-15 16:23:00,HALO
46.37,46.38,46.29,46.29,900,2021-04-15 16:25:00,HALO
46.29,46.29,46.28,46.28,200,2021-04-15 16:26:00,HALO
46.27,46.2725,46.27,46.2725,600,2021-04-15 16:27:00,HALO
46.28,46.28,46.28,46.28,1031,2021-04-15 16:28:00,HALO
46.26,46.26,46.26,46.26,400,2021-04-15 16:29:00,HALO
46.26,46.29,46.24,46.28,1700,2021-04-15 16:30:00,HALO
46.33,46.36,46.3,46.32,2200,2021-04-15 16:32:00,HALO
46.32,46.32,46.29,46.32,500,2021-04-15 16:33:00,HALO
46.32,46.32,46.29,46.29,500,2021-04-15 16:34:00,HALO
46.31,46.32,46.29,46.29,300,2021-04-15 16:35:00,HALO
46.32,46.32,46.28,46.29,1100,2021-04-15 16:36:00,HALO
46.27,46.27,46.22,46.23,1400,2021-04-15 16:37:00,HALO
46.26,46.27,46.21,46.24,3062,2021-04-15 16:38:00,HALO
46.25,46.25,46.16,46.16,1882,2021-04-15 16:39:00,HALO
46.2,46.21,46.19,46.19,1150,2021-04-15 16:40:00,HALO
46.2,46.2,46.16,46.17,400,2021-04-15 16:41:00,HALO
46.19,46.19,46.16,46.18,1850,2021-04-15 16:42:00,HALO
46.16,46.19,46.12,46.19,5388,2021-04-15 16:43:00,HALO
46.17,46.17,46.17,46.17,400,2021-04-15 16:44:00,HALO
46.19,46.22,46.18,46.18,1587,2021-04-15 16:45:00,HALO
46.175,46.18,46.15,46.18,300,2021-04-15 16:47:00,HALO
46.18,46.19,46.18,46.18,300,2021-04-15 16:48:00,HALO
46.15,46.17,46.12,46.16,3412,2021-04-15 16:49:00,HALO
46.2,46.23,46.2,46.23,650,2021-04-15 16:51:00,HALO
46.25,46.26,46.25,46.26,300,2021-04-15 16:52:00,HALO
46.235,46.285,46.21,46.285,900,2021-04-15 16:53:00,HALO
46.25,46.26,46.25,46.26,500,2021-04-15 16:54:00,HALO
46.25,46.25,46.22,46.22,1400,2021-04-15 16:55:00,HALO
46.24,46.25,46.23,46.25,912,2021-04-15 16:56:00,HALO
46.25,46.26,46.25,46.26,200,2021-04-15 16:58:00,HALO
46.29,46.32,46.28,46.29,1945,2021-04-15 16:59:00,HALO
46.34,46.35,46.32,46.32,900,2021-04-15 17:00:00,HALO
46.35,46.35,46.315,46.315,2399,2021-04-15 17:01:00,HALO
46.3,46.33,46.29,46.33,1738,2021-04-15 17:02:00,HALO
46.34,46.35,46.34,46.35,437,2021-04-15 17:03:00,HALO
46.35,46.38,46.35,46.38,1312,2021-04-15 17:04:00,HALO
46.405,46.46,46.405,46.46,400,2021-04-15 17:05:00,HALO
46.44,46.44,46.39,46.39,1800,2021-04-15 17:06:00,HALO
46.37,46.37,46.37,46.37,300,2021-04-15 17:08:00,HALO
46.36,46.38,46.34,46.34,1200,2021-04-15 17:09:00,HALO
46.26,46.27,46.26,46.27,300,2021-04-15 17:11:00,HALO
46.29,46.305,46.29,46.305,1328,2021-04-15 17:12:00,HALO
46.29,46.29,46.26,46.26,400,2021-04-15 17:13:00,HALO
46.25,46.26,46.23,46.26,1990,2021-04-15 17:14:00,HALO
46.27,46.27,46.27,46.27,562,2021-04-15 17:15:00,HALO
46.27,46.32,46.27,46.315,550,2021-04-15 17:16:00,HALO
46.34,46.36,46.34,46.355,800,2021-04-15 17:17:00,HALO
46.35,46.38,46.35,46.37,2500,2021-04-15 17:18:00,HALO
46.39,46.4,46.38,46.38,500,2021-04-15 17:19:00,HALO
46.36,46.36,46.35,46.35,200,2021-04-15 17:20:00,HALO
46.35,46.35,46.34,46.34,500,2021-04-15 17:21:00,HALO
46.35,46.35,46.35,46.35,300,2021-04-15 17:22:00,HALO
46.37,46.38,46.36,46.36,500,2021-04-15 17:23:00,HALO
46.38,46.38,46.38,46.38,200,2021-04-15 17:24:00,HALO
46.365,46.37,46.365,46.37,200,2021-04-15 17:25:00,HALO
46.37,46.39,46.37,46.38,700,2021-04-15 17:26:00,HALO
46.38,46.38,46.38,46.38,200,2021-04-15 17:27:00,HALO
46.38,46.39,46.34,46.36,2172,2021-04-15 17:28:00,HALO
46.36,46.37,46.36,46.37,600,2021-04-15 17:29:00,HALO
46.38,46.42,46.38,46.42,900,2021-04-15 17:30:00,HALO
46.47,46.48,46.46,46.46,1650,2021-04-15 17:31:00,HALO
46.48,46.48,46.48,46.48,100,2021-04-15 17:33:00,HALO
46.5,46.5,46.5,46.5,1000,2021-04-15 17:34:00,HALO
46.5,46.5,46.49,46.495,300,2021-04-15 17:35:00,HALO
46.51,46.52,46.51,46.52,400,2021-04-15 17:36:00,HALO
46.51,46.53,46.51,46.52,500,2021-04-15 17:37:00,HALO
46.53,46.53,46.48,46.48,1500,2021-04-15 17:38:00,HALO
46.48,46.52,46.48,46.51,800,2021-04-15 17:39:00,HALO
46.5,46.5,46.5,46.5,100,2021-04-15 17:40:00,HALO
46.53,46.55,46.5,46.55,700,2021-04-15 17:41:00,HALO
46.54,46.54,46.54,46.54,100,2021-04-15 17:42:00,HALO
46.57,46.57,46.53,46.57,300,2021-04-15 17:43:00,HALO
46.56,46.56,46.55,46.55,200,2021-04-15 17:44:00,HALO
46.545,46.545,46.47,46.49,3950,2021-04-15 17:45:00,HALO
46.51,46.51,46.5,46.5,300,2021-04-15 17:46:00,HALO
46.48,46.48,46.38,46.38,1700,2021-04-15 17:47:00,HALO
46.43,46.45,46.43,46.45,750,2021-04-15 17:48:00,HALO
46.43,46.4389,46.39,46.39,531,2021-04-15 17:49:00,HALO
46.45,46.5,46.45,46.47,733,2021-04-15 17:50:00,HALO
46.46,46.46,46.44,46.44,400,2021-04-15 17:51:00,HALO
46.45,46.455,46.38,46.38,3156,2021-04-15 17:52:00,HALO
46.424,46.43,46.424,46.43,300,2021-04-15 17:53:00,HALO
46.43,46.43,46.41,46.41,300,2021-04-15 17:54:00,HALO
46.44,46.44,46.44,46.44,200,2021-04-15 17:55:00,HALO
46.42,46.42,46.42,46.42,100,2021-04-15 17:56:00,HALO
46.44,46.45,46.43,46.45,700,2021-04-15 17:57:00,HALO
46.44,46.44,46.435,46.435,200,2021-04-15 17:58:00,HALO
46.45,46.45,46.45,46.45,300,2021-04-15 17:59:00,HALO
46.46,46.46,46.41,46.41,2600,2021-04-15 18:00:00,HALO
46.43,46.43,46.42,46.43,600,2021-04-15 18:01:00,HALO
46.45,46.455,46.41,46.41,1200,2021-04-15 18:02:00,HALO
46.43,46.45,46.42,46.42,1101,2021-04-15 18:03:00,HALO
46.45,46.46,46.45,46.45,400,2021-04-15 18:04:00,HALO
46.44,46.5,46.44,46.495,700,2021-04-15 18:05:00,HALO
46.49,46.49,46.465,46.465,800,2021-04-15 18:06:00,HALO
46.48,46.5,46.465,46.5,709,2021-04-15 18:07:00,HALO
46.48,46.48,46.41,46.45,2400,2021-04-15 18:08:00,HALO
46.48,46.515,46.47,46.515,601,2021-04-15 18:09:00,HALO
46.5,46.5,46.48,46.48,200,2021-04-15 18:10:00,HALO
46.48,46.48,46.46,46.48,1549,2021-04-15 18:11:00,HALO
46.475,46.475,46.475,46.475,100,2021-04-15 18:12:00,HALO
46.49,46.49,46.35,46.35,2000,2021-04-15 18:13:00,HALO
46.35,46.37,46.34,46.37,892,2021-04-15 18:14:00,HALO
46.4,46.459,46.38,46.448,2250,2021-04-15 18:15:00,HALO
46.41,46.41,46.41,46.41,200,2021-04-15 18:16:00,HALO
46.4,46.425,46.37,46.37,1016,2021-04-15 18:17:00,HALO
46.41,46.44,46.37,46.43,800,2021-04-15 18:18:00,HALO
46.45,46.47,46.44,46.45,700,2021-04-15 18:19:00,HALO
46.46,46.49,46.46,46.49,600,2021-04-15 18:20:00,HALO
46.5,46.5,46.46,46.48,1290,2021-04-15 18:21:00,HALO
46.5,46.53,46.47,46.53,3220,2021-04-15 18:22:00,HALO
46.55,46.62,46.55,46.62,1100,2021-04-15 18:23:00,HALO
46.62,46.62,46.53,46.54,2050,2021-04-15 18:24:00,HALO
46.57,46.59,46.55,46.55,1918,2021-04-15 18:25:00,HALO
46.55,46.57,46.55,46.56,400,2021-04-15 18:26:00,HALO
46.59,46.6,46.56,46.6,700,2021-04-15 18:28:00,HALO
46.6,46.6,46.56,46.6,500,2021-04-15 18:29:00,HALO
46.6,46.62,46.56,46.56,2056,2021-04-15 18:30:00,HALO
46.55,46.55,46.48,46.48,1300,2021-04-15 18:31:00,HALO
46.45,46.48,46.42,46.42,1111,2021-04-15 18:32:00,HALO
46.42,46.42,46.42,46.42,200,2021-04-15 18:33:00,HALO
46.42,46.43,46.37,46.38,3400,2021-04-15 18:34:00,HALO
46.395,46.395,46.395,46.395,100,2021-04-15 18:35:00,HALO
46.42,46.42,46.37,46.39,700,2021-04-15 18:36:00,HALO
46.405,46.405,46.37,46.37,1299,2021-04-15 18:37:00,HALO
46.37,46.37,46.29,46.29,900,2021-04-15 18:38:00,HALO
46.29,46.29,46.19,46.21,1100,2021-04-15 18:39:00,HALO
46.2,46.22,46.17,46.21,1500,2021-04-15 18:40:00,HALO
46.15,46.15,46.15,46.15,582,2021-04-15 18:41:00,HALO
46.15,46.15,46.09,46.09,600,2021-04-15 18:42:00,HALO
46.03,46.03,46.02,46.02,733,2021-04-15 18:43:00,HALO
46.1,46.1,46.04,46.07,6069,2021-04-15 18:44:00,HALO
46.09,46.11,46.08,46.08,1500,2021-04-15 18:45:00,HALO
46.05,46.05,46.05,46.05,100,2021-04-15 18:46:00,HALO
46.06,46.08,46.03,46.03,700,2021-04-15 18:47:00,HALO
46.08,46.08,46.0,46.03,2008,2021-04-15 18:48:00,HALO
46.03,46.03,45.95,45.95,1500,2021-04-15 18:49:00,HALO
46.01,46.08,46.01,46.05,3100,2021-04-15 18:50:00,HALO
46.01,46.01,46.01,46.01,100,2021-04-15 18:51:00,HALO
46.05,46.05,46.02,46.02,200,2021-04-15 18:52:00,HALO
46.03,46.05,46.01,46.04,1600,2021-04-15 18:53:00,HALO
46.01,46.04,45.99,46.03,1353,2021-04-15 18:54:00,HALO
46.02,46.02,46.0,46.0,600,2021-04-15 18:56:00,HALO
46.02,46.03,45.99,45.99,920,2021-04-15 18:57:00,HALO
46.03,46.045,45.99,46.03,1500,2021-04-15 18:58:00,HALO
46.06,46.07,46.04,46.04,1494,2021-04-15 19:00:00,HALO
46.06,46.09,46.04,46.06,602,2021-04-15 19:01:00,HALO
46.07,46.09,46.06,46.08,900,2021-04-15 19:02:00,HALO
46.07,46.09,46.07,46.09,300,2021-04-15 19:03:00,HALO
46.08,46.09,46.05,46.09,300,2021-04-15 19:04:00,HALO
46.1,46.12,46.09,46.1,3600,2021-04-15 19:05:00,HALO
46.1,46.1,46.09,46.09,537,2021-04-15 19:06:00,HALO
46.1,46.1,46.1,46.1,100,2021-04-15 19:07:00,HALO
46.09,46.09,46.0,46.02,3600,2021-04-15 19:08:00,HALO
45.99,45.99,45.99,45.99,200,2021-04-15 19:09:00,HALO
45.99,45.99,45.9001,45.9167,2403,2021-04-15 19:10:00,HALO
45.95,45.95,45.92,45.94,1200,2021-04-15 19:11:00,HALO
45.91,45.91,45.89,45.89,800,2021-04-15 19:12:00,HALO
45.84,45.856,45.84,45.856,400,2021-04-15 19:13:00,HALO
45.84,45.84,45.84,45.84,400,2021-04-15 19:14:00,HALO
45.83,45.845,45.83,45.83,600,2021-04-15 19:15:00,HALO
45.845,45.88,45.845,45.85,2643,2021-04-15 19:16:00,HALO
45.85,45.87,45.82,45.87,2193,2021-04-15 19:17:00,HALO
45.87,45.94,45.87,45.94,700,2021-04-15 19:18:00,HALO
45.95,45.99,45.93,45.97,3036,2021-04-15 19:19:00,HALO
46.0,46.0,45.94,45.96,500,2021-04-15 19:20:00,HALO
45.97,46.02,45.97,46.02,500,2021-04-15 19:21:00,HALO
46.005,46.005,45.988,45.99,900,2021-04-15 19:22:00,HALO
46.0,46.02,46.0,46.02,590,2021-04-15 19:23:00,HALO
46.02,46.07,46.02,46.05,900,2021-04-15 19:24:00,HALO
46.11,46.11,46.11,46.11,300,2021-04-15 19:25:00,HALO
46.05,46.05,46.01,46.01,3278,2021-04-15 19:26:00,HALO
46.01,46.01,45.97,45.985,1400,2021-04-15 19:27:00,HALO
46.0,46.02,46.0,46.0,1000,2021-04-15 19:28:00,HALO
46.0,46.0,45.97,45.97,783,2021-04-15 19:29:00,HALO
46.0,46.04,46.0,46.03,2250,2021-04-15 19:30:00,HALO
46.04,46.06,46.03,46.05,1640,2021-04-15 19:31:00,HALO
46.04,46.08,46.04,46.08,1600,2021-04-15 19:32:00,HALO
46.085,46.11,46.085,46.1,2100,2021-04-15 19:33:00,HALO
46.1,46.1,46.07,46.1,1110,2021-04-15 19:34:00,HALO
46.13,46.13,46.09,46.13,1200,2021-04-15 19:35:00,HALO
46.105,46.12,46.1,46.12,800,2021-04-15 19:36:00,HALO
46.11,46.14,46.09,46.09,1582,2021-04-15 19:37:00,HALO
46.1,46.1,46.08,46.08,1800,2021-04-15 19:38:00,HALO
46.085,46.09,46.07,46.07,1649,2021-04-15 19:39:00,HALO
46.08,46.08,46.02,46.02,2996,2021-04-15 19:40:00,HALO
46.03,46.04,46.01,46.04,2638,2021-04-15 19:41:00,HALO
46.04,46.05,46.02,46.05,1000,2021-04-15 19:42:00,HALO
46.04,46.08,46.04,46.08,2000,2021-04-15 19:43:00,HALO
46.09,46.1,46.085,46.09,1000,2021-04-15 19:44:00,HALO
46.09,46.12,46.09,46.12,1400,2021-04-15 19:45:00,HALO
46.1,46.15,46.08,46.15,3639,2021-04-15 19:46:00,HALO
46.16,46.17,46.13,46.15,2546,2021-04-15 19:47:00,HALO
46.16,46.2,46.16,46.18,3300,2021-04-15 19:48:00,HALO
46.19,46.22,46.16,46.16,2853,2021-04-15 19:49:00,HALO
46.2,46.24,46.16,46.2,4200,2021-04-15 19:50:00,HALO
46.18,46.21,46.18,46.18,1400,2021-04-15 19:51:00,HALO
46.16,46.17,46.14,46.17,2900,2021-04-15 19:52:00,HALO
46.17,46.2,46.17,46.2,2655,2021-04-15 19:53:00,HALO
46.19,46.2,46.14,46.18,6265,2021-04-15 19:54:00,HALO
46.2,46.2,46.13,46.15,5305,2021-04-15 19:55:00,HALO
46.14,46.18,46.14,46.18,4200,2021-04-15 19:56:00,HALO
46.17,46.18,46.14,46.15,5622,2021-04-15 19:57:00,HALO
46.14,46.17,46.125,46.17,8941,2021-04-15 19:58:00,HALO
46.17,46.21,46.16,46.2,18228,2021-04-15 19:59:00,HALO
46.2,46.2,46.2,46.2,69912,2021-04-15 20:00:00,HALO
46.1,46.1,46.1,46.1,100,2021-04-15 20:49:00,HALO
46.49,46.615,46.19,46.25,19593,2021-04-16 13:30:00,HALO
46.21,46.22,46.09,46.09,2298,2021-04-16 13:31:00,HALO
46.09,46.17,45.87,45.87,865,2021-04-16 13:32:00,HALO
45.87,46.13,45.87,46.13,3283,2021-04-16 13:33:00,HALO
46.39,46.39,46.16,46.17,1530,2021-04-16 13:35:00,HALO
46.15,46.175,46.01,46.16,1800,2021-04-16 13:36:00,HALO
45.9,45.9,45.9,45.9,100,2021-04-16 13:37:00,HALO
45.86,45.86,45.86,45.86,100,2021-04-16 13:39:00,HALO
46.02,46.06,46.02,46.04,500,2021-04-16 13:40:00,HALO
46.16,46.25,46.14,46.14,2023,2021-04-16 13:41:00,HALO
46.1,46.1,45.93,46.06,800,2021-04-16 13:42:00,HALO
46.17,46.17,46.17,46.17,100,2021-04-16 13:43:00,HALO
46.17,46.21,46.14,46.21,600,2021-04-16 13:45:00,HALO
46.155,46.155,46.155,46.155,100,2021-04-16 13:46:00,HALO
46.26,46.29,46.26,46.29,400,2021-04-16 13:48:00,HALO
46.43,46.43,46.43,46.43,200,2021-04-16 13:49:00,HALO
46.35,46.375,46.26,46.26,2814,2021-04-16 13:50:00,HALO
46.28,46.32,46.13,46.2,2400,2021-04-16 13:51:00,HALO
46.1,46.18,46.075,46.18,650,2021-04-16 13:52:00,HALO
46.16,46.22,46.16,46.22,500,2021-04-16 13:53:00,HALO
46.33,46.33,46.25,46.25,1197,2021-04-16 13:55:00,HALO
46.31,46.31,46.26,46.26,200,2021-04-16 13:56:00,HALO
46.3025,46.3025,46.3025,46.3025,270,2021-04-16 13:57:00,HALO
46.25,46.25,46.13,46.17,1000,2021-04-16 13:58:00,HALO
46.16,46.16,46.11,46.11,400,2021-04-16 13:59:00,HALO
46.11,46.11,46.02,46.02,1100,2021-04-16 14:00:00,HALO
46.01,46.06,45.89,45.89,2015,2021-04-16 14:01:00,HALO
46.0,46.0,45.72,45.72,59400,2021-04-16 14:02:00,HALO
45.73,45.75,45.72,45.72,400,2021-04-16 14:03:00,HALO
45.84,45.915,45.83,45.915,2200,2021-04-16 14:04:00,HALO
45.88,45.9,45.82,45.85,4229,2021-04-16 14:05:00,HALO
45.84,45.84,45.77,45.77,414,2021-04-16 14:06:00,HALO
45.77,45.8,45.72,45.8,581,2021-04-16 14:07:00,HALO
45.78,45.78,45.78,45.78,100,2021-04-16 14:08:00,HALO
45.78,45.81,45.76,45.76,803,2021-04-16 14:09:00,HALO
45.73,45.8,45.68,45.8,3250,2021-04-16 14:10:00,HALO
45.815,45.93,45.76,45.93,2100,2021-04-16 14:11:00,HALO
45.95,45.95,45.92,45.92,200,2021-04-16 14:12:00,HALO
45.9,45.98,45.9,45.98,300,2021-04-16 14:14:00,HALO
45.9,45.975,45.9,45.94,400,2021-04-16 14:15:00,HALO
45.9,45.91,45.84,45.89,2100,2021-04-16 14:16:00,HALO
45.97,45.97,45.89,45.89,2000,2021-04-16 14:17:00,HALO
45.915,45.915,45.88,45.88,200,2021-04-16 14:18:00,HALO
45.95,46.04,45.95,46.04,1900,2021-04-16 14:19:00,HALO
46.02,46.09,46.0,46.05,3100,2021-04-16 14:20:00,HALO
46.02,46.06,46.0,46.02,1991,2021-04-16 14:22:00,HALO
46.04,46.07,46.04,46.04,400,2021-04-16 14:23:00,HALO
46.09,46.095,46.05,46.095,600,2021-04-16 14:24:00,HALO
46.12,46.15,46.11,46.15,600,2021-04-16 14:25:00,HALO
46.14,46.14,46.13,46.13,520,2021-04-16 14:26:00,HALO
46.12,46.125,45.98,45.996,1901,2021-04-16 14:27:00,HALO
45.98,45.98,45.9,45.91,800,2021-04-16 14:28:00,HALO
45.95,45.95,45.89,45.91,616,2021-04-16 14:29:00,HALO
45.91,45.95,45.88,45.95,1232,2021-04-16 14:30:00,HALO
45.99,45.99,45.97,45.97,3391,2021-04-16 14:31:00,HALO
45.95,45.95,45.88,45.88,791,2021-04-16 14:32:00,HALO
45.92,45.92,45.92,45.92,100,2021-04-16 14:33:00,HALO
45.96,45.96,45.95,45.95,400,2021-04-16 14:34:00,HALO
45.93,45.94,45.88,45.93,1150,2021-04-16 14:35:00,HALO
45.88,45.88,45.78,45.87,700,2021-04-16 14:36:00,HALO
45.89,45.94,45.86,45.88,1035,2021-04-16 14:37:00,HALO
45.94,45.95,45.84,45.84,1000,2021-04-16 14:38:00,HALO
45.825,45.825,45.825,45.825,100,2021-04-16 14:39:00,HALO
45.86,45.87,45.85,45.85,1744,2021-04-16 14:40:00,HALO
45.87,45.88,45.86,45.86,600,2021-04-16 14:41:00,HALO
45.925,45.97,45.925,45.97,500,2021-04-16 14:42:00,HALO
45.98,45.98,45.98,45.98,100,2021-04-16 14:43:00,HALO
46.0,46.0,45.98,45.98,200,2021-04-16 14:44:00,HALO
45.98,46.04,45.98,46.04,12115,2021-04-16 14:45:00,HALO
46.08,46.1,46.08,46.1,200,2021-04-16 14:46:00,HALO
46.11,46.18,46.11,46.15,1062,2021-04-16 14:47:00,HALO
46.11,46.11,46.11,46.11,1100,2021-04-16 14:48:00,HALO
46.16,46.18,46.16,46.18,300,2021-04-16 14:49:00,HALO
46.22,46.22,46.2,46.2,700,2021-04-16 14:50:00,HALO
46.17,46.17,46.17,46.17,600,2021-04-16 14:51:00,HALO
46.16,46.16,46.12,46.12,300,2021-04-16 14:53:00,HALO
46.17,46.2,46.165,46.165,600,2021-04-16 14:54:00,HALO
46.13,46.13,46.12,46.13,700,2021-04-16 14:57:00,HALO
46.09,46.12,46.09,46.12,400,2021-04-16 14:58:00,HALO
46.13,46.14,46.07,46.07,1100,2021-04-16 14:59:00,HALO
46.11,46.13,46.11,46.11,1125,2021-04-16 15:00:00,HALO
46.14,46.14,46.14,46.14,100,2021-04-16 15:02:00,HALO
46.2,46.2,46.18,46.18,500,2021-04-16 15:03:00,HALO
46.21,46.25,46.2,46.25,900,2021-04-16 15:05:00,HALO
46.22,46.22,46.22,46.22,800,2021-04-16 15:06:00,HALO
46.22,46.24,46.22,46.24,400,2021-04-16 15:07:00,HALO
46.295,46.33,46.265,46.33,805,2021-04-16 15:08:00,HALO
46.31,46.31,46.28,46.31,1725,2021-04-16 15:09:00,HALO
46.32,46.32,46.32,46.32,200,2021-04-16 15:10:00,HALO
46.335,46.34,46.335,46.34,200,2021-04-16 15:12:00,HALO
46.39,46.405,46.34,46.34,1372,2021-04-16 15:13:00,HALO
46.33,46.33,46.3,46.3,639,2021-04-16 15:14:00,HALO
46.21,46.23,46.19,46.22,799,2021-04-16 15:15:00,HALO
46.2,46.25,46.2,46.24,500,2021-04-16 15:16:00,HALO
46.26,46.26,46.26,46.26,100,2021-04-16 15:17:00,HALO
46.31,46.31,46.31,46.31,100,2021-04-16 15:18:00,HALO
46.35,46.35,46.35,46.35,100,2021-04-16 15:20:00,HALO
46.32,46.36,46.32,46.36,800,2021-04-16 15:21:00,HALO
46.36,46.43,46.36,46.43,388,2021-04-16 15:22:00,HALO
46.36,46.36,46.36,46.36,100,2021-04-16 15:23:00,HALO
46.4,46.415,46.4,46.415,200,2021-04-16 15:24:00,HALO
46.42,46.42,46.39,46.39,805,2021-04-16 15:25:00,HALO
46.36,46.37,46.34,46.37,1807,2021-04-16 15:26:00,HALO
46.41,46.44,46.41,46.44,900,2021-04-16 15:27:00,HALO
46.46,46.46,46.42,46.42,200,2021-04-16 15:28:00,HALO
46.43,46.43,46.35,46.35,1100,2021-04-16 15:29:00,HALO
46.35,46.35,46.3,46.3,200,2021-04-16 15:30:00,HALO
46.34,46.34,46.34,46.34,200,2021-04-16 15:31:00,HALO
46.38,46.41,46.38,46.41,514,2021-04-16 15:33:00,HALO
46.46,46.46,46.38,46.38,401,2021-04-16 15:34:00,HALO
46.38,46.38,46.3208,46.3208,950,2021-04-16 15:35:00,HALO
46.36,46.36,46.23,46.23,656,2021-04-16 15:36:00,HALO
46.23,46.25,46.225,46.225,600,2021-04-16 15:37:00,HALO
46.225,46.23,46.215,46.22,600,2021-04-16 15:38:00,HALO
46.22,46.22,46.22,46.22,100,2021-04-16 15:39:00,HALO
46.22,46.24,46.2,46.216,500,2021-04-16 15:40:00,HALO
46.2,46.2,46.2,46.2,100,2021-04-16 15:41:00,HALO
46.17,46.17,46.14,46.14,500,2021-04-16 15:42:00,HALO
46.15,46.15,46.15,46.15,100,2021-04-16 15:43:00,HALO
46.15,46.15,46.15,46.15,100,2021-04-16 15:44:00,HALO
46.15,46.2,46.15,46.2,1000,2021-04-16 15:45:00,HALO
46.2,46.2,46.2,46.2,100,2021-04-16 15:46:00,HALO
46.16,46.16,46.13,46.13,424,2021-04-16 15:47:00,HALO
46.14,46.17,46.14,46.17,200,2021-04-16 15:49:00,HALO
46.17,46.18,46.17,46.18,300,2021-04-16 15:50:00,HALO
46.17,46.17,46.17,46.17,100,2021-04-16 15:51:00,HALO
46.16,46.16,46.16,46.16,100,2021-04-16 15:52:00,HALO
46.15,46.15,46.15,46.15,100,2021-04-16 15:54:00,HALO
46.1959,46.1959,46.1959,46.1959,100,2021-04-16 15:56:00,HALO
46.17,46.22,46.17,46.17,2500,2021-04-16 15:57:00,HALO
46.21,46.21,46.21,46.21,300,2021-04-16 15:58:00,HALO
46.25,46.25,46.21,46.23,500,2021-04-16 15:59:00,HALO
46.23,46.23,46.23,46.23,100,2021-04-16 16:00:00,HALO
46.22,46.22,46.22,46.22,100,2021-04-16 16:01:00,HALO
46.2079,46.2079,46.2079,46.2079,300,2021-04-16 16:02:00,HALO
46.24,46.24,46.2,46.2,300,2021-04-16 16:03:00,HALO
46.2,46.21,46.2,46.2,509,2021-04-16 16:04:00,HALO
46.205,46.205,46.16,46.16,1400,2021-04-16 16:05:00,HALO
46.17,46.17,46.17,46.17,200,2021-04-16 16:06:00,HALO
46.19,46.19,46.19,46.19,100,2021-04-16 16:07:00,HALO
46.2,46.2,46.13,46.13,1742,2021-04-16 16:08:00,HALO
46.09,46.13,46.09,46.13,233,2021-04-16 16:10:00,HALO
46.1,46.12,46.1,46.11,600,2021-04-16 16:11:00,HALO
46.14,46.16,46.14,46.16,400,2021-04-16 16:12:00,HALO
46.13,46.13,46.13,46.13,200,2021-04-16 16:13:00,HALO
46.16,46.19,46.14,46.15,1530,2021-04-16 16:15:00,HALO
46.19,46.19,46.18,46.18,200,2021-04-16 16:17:00,HALO
46.16,46.16,46.16,46.16,600,2021-04-16 16:19:00,HALO
46.16,46.165,46.14,46.15,800,2021-04-16 16:20:00,HALO
46.13,46.15,46.13,46.15,300,2021-04-16 16:21:00,HALO
46.16,46.16,46.16,46.16,100,2021-04-16 16:22:00,HALO
46.15,46.15,46.15,46.15,100,2021-04-16 16:23:00,HALO
46.17,46.21,46.17,46.21,200,2021-04-16 16:24:00,HALO
46.26,46.26,46.24,46.24,200,2021-04-16 16:26:00,HALO
46.24,46.28,46.24,46.28,400,2021-04-16 16:27:00,HALO
46.26,46.26,46.23,46.23,200,2021-04-16 16:29:00,HALO
46.22,46.24,46.21,46.235,1597,2021-04-16 16:30:00,HALO
46.22,46.25,46.22,46.22,945,2021-04-16 16:31:00,HALO
46.2,46.2,46.18,46.18,900,2021-04-16 16:32:00,HALO
46.17,46.17,46.17,46.17,100,2021-04-16 16:33:00,HALO
46.17,46.17,46.1,46.1,300,2021-04-16 16:36:00,HALO
46.1,46.1,46.1,46.1,100,2021-04-16 16:37:00,HALO
46.1,46.105,46.1,46.105,200,2021-04-16 16:38:00,HALO
46.11,46.13,46.11,46.13,200,2021-04-16 16:39:00,HALO
46.17,46.17,46.17,46.17,125,2021-04-16 16:40:00,HALO
46.15,46.15,46.14,46.14,300,2021-04-16 16:41:00,HALO
46.15,46.15,46.14,46.14,390,2021-04-16 16:43:00,HALO
46.14,46.14,46.14,46.14,1100,2021-04-16 16:44:00,HALO
46.14,46.145,46.13,46.13,1100,2021-04-16 16:45:00,HALO
46.12,46.12,46.12,46.12,400,2021-04-16 16:46:00,HALO
46.14,46.17,46.14,46.17,620,2021-04-16 16:48:00,HALO
46.16,46.16,46.16,46.16,200,2021-04-16 16:49:00,HALO
46.13,46.13,46.09,46.09,600,2021-04-16 16:50:00,HALO
46.09,46.09,46.09,46.09,300,2021-04-16 16:51:00,HALO
46.06,46.06,46.03,46.03,337,2021-04-16 16:52:00,HALO
46.05,46.17,46.0,46.17,41472,2021-04-16 16:53:00,HALO
46.165,46.26,46.165,46.24,3100,2021-04-16 16:54:00,HALO
46.23,46.23,46.2,46.2,1053,2021-04-16 16:55:00,HALO
46.21,46.23,46.21,46.23,300,2021-04-16 16:56:00,HALO
46.28,46.28,46.27,46.27,310,2021-04-16 16:59:00,HALO
46.25,46.25,46.22,46.22,1100,2021-04-16 17:00:00,HALO
46.25,46.26,46.25,46.26,200,2021-04-16 17:01:00,HALO
46.29,46.29,46.28,46.28,700,2021-04-16 17:02:00,HALO
46.28,46.3,46.28,46.28,700,2021-04-16 17:03:00,HALO
46.26,46.3,46.26,46.3,855,2021-04-16 17:04:00,HALO
46.28,46.28,46.28,46.28,200,2021-04-16 17:05:00,HALO
46.27,46.27,46.27,46.27,100,2021-04-16 17:06:00,HALO
46.27,46.27,46.27,46.27,200,2021-04-16 17:07:00,HALO
46.295,46.32,46.28,46.28,307,2021-04-16 17:09:00,HALO
46.28,46.28,46.27,46.27,300,2021-04-16 17:10:00,HALO
46.26,46.26,46.26,46.26,220,2021-04-16 17:11:00,HALO
46.26,46.26,46.23,46.23,1500,2021-04-16 17:12:00,HALO
46.23,46.23,46.21,46.21,352,2021-04-16 17:13:00,HALO
46.17,46.17,46.14,46.14,400,2021-04-16 17:14:00,HALO
46.13,46.13,46.13,46.13,380,2021-04-16 17:15:00,HALO
46.14,46.14,46.14,46.14,100,2021-04-16 17:16:00,HALO
46.15,46.15,46.09,46.09,1084,2021-04-16 17:19:00,HALO
46.085,46.085,46.085,46.085,200,2021-04-16 17:20:00,HALO
46.07,46.08,46.05,46.08,703,2021-04-16 17:21:00,HALO
46.095,46.095,46.095,46.095,100,2021-04-16 17:22:00,HALO
46.1,46.12,46.1,46.12,400,2021-04-16 17:23:00,HALO
46.12,46.12,46.12,46.12,100,2021-04-16 17:24:00,HALO
46.12,46.18,46.12,46.16,4100,2021-04-16 17:25:00,HALO
46.16,46.16,46.16,46.16,200,2021-04-16 17:26:00,HALO
46.16,46.21,46.16,46.21,500,2021-04-16 17:27:00,HALO
46.215,46.215,46.18,46.18,861,2021-04-16 17:28:00,HALO
46.18,46.18,46.12,46.135,500,2021-04-16 17:29:00,HALO
46.08,46.155,46.08,46.155,1200,2021-04-16 17:32:00,HALO
46.12,46.12,46.11,46.11,400,2021-04-16 17:34:00,HALO
46.13,46.15,46.13,46.15,200,2021-04-16 17:35:00,HALO
46.15,46.2,46.15,46.2,700,2021-04-16 17:36:00,HALO
46.19,46.2,46.19,46.2,200,2021-04-16 17:37:00,HALO
46.22,46.23,46.15,46.15,927,2021-04-16 17:38:00,HALO
46.2099,46.2099,46.15,46.175,3800,2021-04-16 17:40:00,HALO
46.2,46.2,46.17,46.19,400,2021-04-16 17:41:00,HALO
46.16,46.175,46.16,46.17,400,2021-04-16 17:43:00,HALO
46.17,46.17,46.17,46.17,100,2021-04-16 17:44:00,HALO
46.16,46.18,46.16,46.18,300,2021-04-16 17:45:00,HALO
46.17,46.17,46.16,46.16,987,2021-04-16 17:46:00,HALO
46.15,46.16,46.14,46.14,1751,2021-04-16 17:47:00,HALO
46.11,46.11,46.09,46.09,300,2021-04-16 17:48:00,HALO
46.06,46.07,46.04,46.04,1000,2021-04-16 17:51:00,HALO
46.04,46.075,46.04,46.075,1100,2021-04-16 17:52:00,HALO
46.057,46.057,46.057,46.057,100,2021-04-16 17:54:00,HALO
46.04,46.06,46.04,46.06,1400,2021-04-16 17:55:00,HALO
46.04,46.06,46.04,46.06,625,2021-04-16 17:57:00,HALO
46.07,46.11,46.05,46.11,1100,2021-04-16 17:58:00,HALO
46.1,46.19,46.1,46.19,1336,2021-04-16 18:00:00,HALO
46.2,46.2,46.19,46.19,1299,2021-04-16 18:01:00,HALO
46.185,46.2,46.18,46.18,1117,2021-04-16 18:02:00,HALO
46.2472,46.2472,46.2472,46.2472,135,2021-04-16 18:03:00,HALO
46.24,46.25,46.23,46.23,600,2021-04-16 18:04:00,HALO
46.2011,46.2011,46.2011,46.2011,110,2021-04-16 18:06:00,HALO
46.21,46.22,46.2,46.205,500,2021-04-16 18:07:00,HALO
46.19,46.19,46.19,46.19,100,2021-04-16 18:08:00,HALO
46.2239,46.2239,46.2239,46.2239,112,2021-04-16 18:09:00,HALO
46.24,46.24,46.24,46.24,100,2021-04-16 18:10:00,HALO
46.23,46.23,46.21,46.23,709,2021-04-16 18:12:00,HALO
46.19,46.22,46.19,46.22,300,2021-04-16 18:13:00,HALO
46.23,46.23,46.23,46.23,100,2021-04-16 18:14:00,HALO
46.24,46.24,46.24,46.24,200,2021-04-16 18:15:00,HALO
46.255,46.27,46.255,46.27,200,2021-04-16 18:16:00,HALO
46.24,46.24,46.2274,46.235,736,2021-04-16 18:17:00,HALO
46.22,46.22,46.22,46.22,200,2021-04-16 18:18:00,HALO
46.25,46.27,46.24,46.27,400,2021-04-16 18:19:00,HALO
46.3101,46.335,46.3,46.3,1023,2021-04-16 18:21:00,HALO
46.31,46.32,46.31,46.32,300,2021-04-16 18:23:00,HALO
46.31,46.31,46.2984,46.2984,208,2021-04-16 18:25:00,HALO
46.2901,46.2901,46.2901,46.2901,1000,2021-04-16 18:26:00,HALO
46.31,46.31,46.31,46.31,100,2021-04-16 18:27:00,HALO
46.3,46.31,46.3,46.31,200,2021-04-16 18:28:00,HALO
46.3029,46.33,46.3029,46.33,724,2021-04-16 18:29:00,HALO
46.36,46.38,46.36,46.37,902,2021-04-16 18:30:00,HALO
46.36,46.36,46.36,46.36,200,2021-04-16 18:31:00,HALO
46.375,46.39,46.3675,46.39,706,2021-04-16 18:32:00,HALO
46.38,46.38,46.35,46.35,1000,2021-04-16 18:33:00,HALO
46.37,46.37,46.37,46.37,100,2021-04-16 18:34:00,HALO
46.36,46.36,46.35,46.35,300,2021-04-16 18:35:00,HALO
46.36,46.36,46.36,46.36,100,2021-04-16 18:36:00,HALO
46.353,46.353,46.353,46.353,165,2021-04-16 18:37:00,HALO
46.35,46.36,46.34,46.34,1521,2021-04-16 18:38:00,HALO
46.35,46.38,46.35,46.38,800,2021-04-16 18:39:00,HALO
46.36,46.36,46.35,46.35,331,2021-04-16 18:40:00,HALO
46.34,46.34,46.3283,46.3283,213,2021-04-16 18:41:00,HALO
46.34,46.34,46.34,46.34,100,2021-04-16 18:42:00,HALO
46.32,46.33,46.3,46.32,2400,2021-04-16 18:43:00,HALO
46.3301,46.36,46.3301,46.36,200,2021-04-16 18:44:00,HALO
46.35,46.37,46.35,46.37,200,2021-04-16 18:45:00,HALO
46.36,46.37,46.36,46.37,400,2021-04-16 18:46:00,HALO
46.37,46.37,46.37,46.37,100,2021-04-16 18:47:00,HALO
46.36,46.375,46.36,46.375,500,2021-04-16 18:48:00,HALO
46.36,46.3664,46.36,46.3664,301,2021-04-16 18:49:00,HALO
46.37,46.37,46.37,46.37,100,2021-04-16 18:50:00,HALO
46.39,46.4,46.36,46.39,2689,2021-04-16 18:51:00,HALO
46.39,46.41,46.37,46.37,400,2021-04-16 18:52:00,HALO
46.3701,46.435,46.3701,46.435,425,2021-04-16 18:53:00,HALO
46.43,46.44,46.43,46.44,400,2021-04-16 18:54:00,HALO
46.45,46.47,46.43,46.43,2503,2021-04-16 18:55:00,HALO
46.43,46.43,46.42,46.42,400,2021-04-16 18:56:00,HALO
46.43,46.43,46.41,46.43,527,2021-04-16 18:58:00,HALO
46.425,46.43,46.425,46.43,400,2021-04-16 18:59:00,HALO
46.4177,46.4177,46.41,46.41,233,2021-04-16 19:00:00,HALO
46.41,46.43,46.41,46.43,200,2021-04-16 19:02:00,HALO
46.4133,46.43,46.41,46.42,815,2021-04-16 19:03:00,HALO
46.42,46.42,46.41,46.41,400,2021-04-16 19:05:00,HALO
46.4,46.43,46.4,46.4,3253,2021-04-16 19:06:00,HALO
46.4,46.42,46.4,46.42,300,2021-04-16 19:07:00,HALO
46.43,46.43,46.4101,46.4101,534,2021-04-16 19:08:00,HALO
46.43,46.48,46.43,46.47,1000,2021-04-16 19:09:00,HALO
46.475,46.49,46.4729,46.49,845,2021-04-16 19:11:00,HALO
46.49,46.505,46.49,46.505,300,2021-04-16 19:12:00,HALO
46.52,46.53,46.52,46.53,300,2021-04-16 19:13:00,HALO
46.53,46.53,46.53,46.53,2600,2021-04-16 19:14:00,HALO
46.51,46.53,46.49,46.49,906,2021-04-16 19:15:00,HALO
46.505,46.505,46.48,46.49,1612,2021-04-16 19:16:00,HALO
46.5,46.51,46.5,46.5,673,2021-04-16 19:17:00,HALO
46.503,46.51,46.49,46.49,452,2021-04-16 19:18:00,HALO
46.49,46.5,46.47,46.47,1700,2021-04-16 19:19:00,HALO
46.45,46.465,46.425,46.44,1610,2021-04-16 19:20:00,HALO
46.44,46.44,46.41,46.41,402,2021-04-16 19:22:00,HALO
46.38,46.41,46.38,46.41,1839,2021-04-16 19:23:00,HALO
46.43,46.47,46.43,46.45,1998,2021-04-16 19:25:00,HALO
46.43,46.44,46.43,46.44,502,2021-04-16 19:26:00,HALO
46.44,46.47,46.43,46.47,803,2021-04-16 19:27:00,HALO
46.44,46.44,46.44,46.44,100,2021-04-16 19:28:00,HALO
46.43,46.44,46.4201,46.43,606,2021-04-16 19:29:00,HALO
46.4201,46.425,46.42,46.425,621,2021-04-16 19:30:00,HALO
46.43,46.49,46.43,46.46,3323,2021-04-16 19:31:00,HALO
46.44,46.46,46.42,46.46,1200,2021-04-16 19:32:00,HALO
46.4429,46.45,46.4429,46.45,261,2021-04-16 19:33:00,HALO
46.46,46.46,46.45,46.46,700,2021-04-16 19:34:00,HALO
46.46,46.5,46.46,46.5,1688,2021-04-16 19:35:00,HALO
46.5,46.5066,46.49,46.5066,325,2021-04-16 19:36:00,HALO
46.5,46.53,46.5,46.53,2300,2021-04-16 19:37:00,HALO
46.54,46.56,46.53,46.56,3226,2021-04-16 19:38:00,HALO
46.57,46.6,46.5407,46.6,3296,2021-04-16 19:39:00,HALO
46.61,46.61,46.5686,46.585,468,2021-04-16 19:40:00,HALO
46.585,46.63,46.585,46.6,4403,2021-04-16 19:41:00,HALO
46.6,46.61,46.6,46.6,1800,2021-04-16 19:42:00,HALO
46.6,46.71,46.6,46.66,14348,2021-04-16 19:43:00,HALO
46.675,46.675,46.66,46.6601,1281,2021-04-16 19:44:00,HALO
46.65,46.65,46.6,46.6,500,2021-04-16 19:45:00,HALO
46.59,46.6,46.53,46.53,2004,2021-04-16 19:46:00,HALO
46.53,46.555,46.49,46.49,2191,2021-04-16 19:47:00,HALO
46.4722,46.5,46.43,46.43,5012,2021-04-16 19:48:00,HALO
46.43,46.435,46.34,46.36,2198,2021-04-16 19:49:00,HALO
46.38,46.405,46.34,46.39,4102,2021-04-16 19:50:00,HALO
46.38,46.39,46.34,46.38,1924,2021-04-16 19:51:00,HALO
46.37,46.39,46.33,46.365,2749,2021-04-16 19:52:00,HALO
46.3601,46.39,46.335,46.335,5135,2021-04-16 19:53:00,HALO
46.36,46.36,46.33,46.34,1000,2021-04-16 19:54:00,HALO
46.33,46.34,46.31,46.34,5525,2021-04-16 19:55:00,HALO
46.34,46.38,46.34,46.36,9637,2021-04-16 19:56:00,HALO
46.37,46.39,46.345,46.385,5907,2021-04-16 19:57:00,HALO
46.385,46.41,46.34,46.36,6215,2021-04-16 19:58:00,HALO
46.34,46.43,46.3118,46.38,15970,2021-04-16 19:59:00,HALO
46.41,46.41,46.41,46.41,101101,2021-04-16 20:00:00,HALO
46.41,46.41,46.41,46.41,4038,2021-04-16 20:59:00,HALO
45.85,46.18,45.8,45.93,8390,2021-04-19 13:30:00,HALO
45.94,45.94,45.94,45.94,100,2021-04-19 13:31:00,HALO
45.92,45.92,45.92,45.92,131,2021-04-19 13:34:00,HALO
46.13,46.16,46.13,46.14,588,2021-04-19 13:36:00,HALO
46.26,46.36,46.11,46.15,2389,2021-04-19 13:38:00,HALO
46.17,46.25,46.11,46.18,10140,2021-04-19 13:39:00,HALO
46.25,46.29,46.19,46.19,900,2021-04-19 13:40:00,HALO
46.15,46.35,46.15,46.35,2200,2021-04-19 13:41:00,HALO
46.41,46.46,46.28,46.46,6174,2021-04-19 13:42:00,HALO
46.43,46.43,46.35,46.355,5752,2021-04-19 13:43:00,HALO
46.38,46.4,46.31,46.38,1700,2021-04-19 13:44:00,HALO
46.44,46.56,46.44,46.56,700,2021-04-19 13:45:00,HALO
46.51,46.62,46.37,46.52,6215,2021-04-19 13:46:00,HALO
46.51,46.59,46.51,46.51,400,2021-04-19 13:47:00,HALO
46.55,46.58,46.46,46.58,4358,2021-04-19 13:48:00,HALO
46.65,46.73,46.65,46.71,1700,2021-04-19 13:49:00,HALO
46.75,46.75,46.75,46.75,100,2021-04-19 13:50:00,HALO
46.73,46.97,46.73,46.95,2200,2021-04-19 13:51:00,HALO
46.92,47.21,46.89,47.1143,12812,2021-04-19 13:52:00,HALO
47.15,47.18,47.01,47.04,5560,2021-04-19 13:53:00,HALO
47.04,47.04,46.95,47.02,6381,2021-04-19 13:54:00,HALO
47.0,47.0,46.94,47.0,3400,2021-04-19 13:55:00,HALO
47.04,47.04,47.04,47.04,100,2021-04-19 13:56:00,HALO
47.07,47.07,46.79,46.79,8615,2021-04-19 13:57:00,HALO
46.8,46.84,46.7982,46.83,7050,2021-04-19 13:58:00,HALO
46.86,46.865,46.815,46.815,1033,2021-04-19 13:59:00,HALO
46.8,46.83,46.77,46.79,12400,2021-04-19 14:00:00,HALO
46.77,46.775,46.69,46.69,1300,2021-04-19 14:01:00,HALO
46.63,46.64,46.595,46.595,586,2021-04-19 14:02:00,HALO
46.54,46.6101,46.52,46.6,3263,2021-04-19 14:03:00,HALO
46.58,46.67,46.54,46.67,5500,2021-04-19 14:04:00,HALO
46.69,46.8,46.65,46.78,5136,2021-04-19 14:05:00,HALO
46.78,46.8,46.7,46.7,1400,2021-04-19 14:06:00,HALO
46.5,46.52,46.5,46.52,400,2021-04-19 14:08:00,HALO
46.55,46.665,46.51,46.65,3110,2021-04-19 14:09:00,HALO
46.63,46.645,46.58,46.59,8590,2021-04-19 14:10:00,HALO
46.58,46.63,46.55,46.59,2672,2021-04-19 14:11:00,HALO
46.585,46.585,46.51,46.535,7784,2021-04-19 14:13:00,HALO
46.52,46.56,46.42,46.56,2000,2021-04-19 14:14:00,HALO
46.53,46.61,46.52,46.61,2700,2021-04-19 14:15:00,HALO
46.555,46.625,46.555,46.605,1100,2021-04-19 14:17:00,HALO
46.61,46.61,46.38,46.41,2300,2021-04-19 14:18:00,HALO
46.46,46.51,46.44,46.465,2899,2021-04-19 14:19:00,HALO
46.46,46.5,46.44,46.46,1800,2021-04-19 14:20:00,HALO
46.45,46.48,46.35,46.385,6300,2021-04-19 14:21:00,HALO
46.4,46.4,46.37,46.4,500,2021-04-19 14:22:00,HALO
46.39,46.5,46.38,46.47,4500,2021-04-19 14:23:00,HALO
46.53,46.59,46.53,46.59,200,2021-04-19 14:24:00,HALO
46.53,46.64,46.53,46.64,2915,2021-04-19 14:25:00,HALO
46.59,46.59,46.52,46.54,1700,2021-04-19 14:26:00,HALO
46.5,46.51,46.48,46.51,900,2021-04-19 14:27:00,HALO
46.5,46.58,46.5,46.58,1638,2021-04-19 14:28:00,HALO
46.555,46.64,46.555,46.63,3471,2021-04-19 14:29:00,HALO
46.58,46.63,46.53,46.53,3814,2021-04-19 14:30:00,HALO
46.54,46.555,46.51,46.52,7465,2021-04-19 14:31:00,HALO
46.52,46.58,46.495,46.575,2310,2021-04-19 14:32:00,HALO
46.57,46.575,46.55,46.56,1430,2021-04-19 14:33:00,HALO
46.57,46.58,46.49,46.535,4828,2021-04-19 14:34:00,HALO
46.52,46.52,46.51,46.51,300,2021-04-19 14:35:00,HALO
46.51,46.58,46.48,46.5702,5218,2021-04-19 14:36:00,HALO
46.58,46.58,46.56,46.57,1500,2021-04-19 14:37:00,HALO
46.59,46.595,46.57,46.59,1155,2021-04-19 14:38:00,HALO
46.575,46.65,46.575,46.65,6201,2021-04-19 14:39:00,HALO
46.645,46.66,46.62,46.66,4561,2021-04-19 14:40:00,HALO
46.655,46.655,46.54,46.64,5772,2021-04-19 14:41:00,HALO
46.61,46.61,46.57,46.57,2462,2021-04-19 14:42:00,HALO
46.59,46.61,46.54,46.54,4788,2021-04-19 14:43:00,HALO
46.525,46.58,46.5,46.58,818,2021-04-19 14:44:00,HALO
46.555,46.555,46.42,46.42,3203,2021-04-19 14:45:00,HALO
46.5,46.52,46.445,46.505,2148,2021-04-19 14:46:00,HALO
46.51,46.56,46.48,46.56,3964,2021-04-19 14:47:00,HALO
46.57,46.73,46.56,46.685,3648,2021-04-19 14:48:00,HALO
46.69,46.7,46.69,46.7,1278,2021-04-19 14:49:00,HALO
46.7,46.81,46.67,46.81,1294,2021-04-19 14:50:00,HALO
46.765,46.81,46.74,46.81,3213,2021-04-19 14:51:00,HALO
46.81,46.895,46.805,46.835,3112,2021-04-19 14:52:00,HALO
46.86,46.97,46.86,46.97,3228,2021-04-19 14:53:00,HALO
46.92,46.97,46.91,46.94,1583,2021-04-19 14:54:00,HALO
46.94,47.01,46.935,46.965,2300,2021-04-19 14:55:00,HALO
46.95,46.955,46.88,46.92,3900,2021-04-19 14:56:00,HALO
46.9403,46.97,46.89,46.96,5777,2021-04-19 14:57:00,HALO
46.955,46.975,46.92,46.94,5800,2021-04-19 14:58:00,HALO
46.89,46.95,46.89,46.95,900,2021-04-19 14:59:00,HALO
46.955,46.96,46.825,46.86,2700,2021-04-19 15:00:00,HALO
46.81,46.81,46.713,46.713,200,2021-04-19 15:01:00,HALO
46.82,46.82,46.805,46.805,300,2021-04-19 15:02:00,HALO
46.825,46.825,46.8,46.8,300,2021-04-19 15:03:00,HALO
46.77,46.78,46.69,46.69,4273,2021-04-19 15:04:00,HALO
46.67,46.69,46.67,46.69,300,2021-04-19 15:05:00,HALO
46.68,46.7,46.68,46.69,1935,2021-04-19 15:06:00,HALO
46.63,46.69,46.63,46.63,2300,2021-04-19 15:07:00,HALO
46.67,46.74,46.665,46.73,1000,2021-04-19 15:08:00,HALO
46.725,46.73,46.68,46.715,900,2021-04-19 15:09:00,HALO
46.69,46.755,46.68,46.75,5649,2021-04-19 15:10:00,HALO
46.64,46.66,46.63,46.645,1300,2021-04-19 15:12:00,HALO
46.63,46.66,46.61,46.66,4200,2021-04-19 15:13:00,HALO
46.67,46.76,46.67,46.7528,2477,2021-04-19 15:14:00,HALO
46.77,46.8,46.77,46.79,2100,2021-04-19 15:15:00,HALO
46.78,46.78,46.73,46.73,1561,2021-04-19 15:16:00,HALO
46.73,46.84,46.73,46.84,2000,2021-04-19 15:17:00,HALO
46.85,46.85,46.84,46.84,400,2021-04-19 15:18:00,HALO
46.85,46.87,46.85,46.855,400,2021-04-19 15:19:00,HALO
46.88,46.89,46.87,46.88,600,2021-04-19 15:20:00,HALO
46.87,46.88,46.83,46.845,5100,2021-04-19 15:21:00,HALO
46.85,46.89,46.85,46.89,1000,2021-04-19 15:22:00,HALO
46.89,46.9,46.85,46.87,2500,2021-04-19 15:23:00,HALO
46.88,46.9,46.88,46.9,1400,2021-04-19 15:24:00,HALO
46.89,46.91,46.87,46.87,1979,2021-04-19 15:25:00,HALO
46.865,46.91,46.865,46.91,1400,2021-04-19 15:26:00,HALO
46.93,46.93,46.89,46.895,4200,2021-04-19 15:27:00,HALO
46.895,46.9,46.87,46.89,4262,2021-04-19 15:28:00,HALO
46.88,46.89,46.84,46.87,3014,2021-04-19 15:29:00,HALO
46.86,46.89,46.86,46.87,900,2021-04-19 15:30:00,HALO
46.87,46.87,46.7,46.7,1983,2021-04-19 15:31:00,HALO
46.68,46.7,46.63,46.67,1600,2021-04-19 15:32:00,HALO
46.6201,46.72,46.6201,46.685,8638,2021-04-19 15:33:00,HALO
46.685,46.725,46.65,46.65,2500,2021-04-19 15:34:00,HALO
46.62,46.64,46.62,46.64,1900,2021-04-19 15:35:00,HALO
46.63,46.64,46.61,46.61,700,2021-04-19 15:36:00,HALO
46.615,46.72,46.615,46.72,2382,2021-04-19 15:37:00,HALO
46.715,46.715,46.715,46.715,200,2021-04-19 15:38:00,HALO
46.73,46.79,46.72,46.76,2700,2021-04-19 15:39:00,HALO
46.735,46.79,46.735,46.79,600,2021-04-19 15:40:00,HALO
46.79,46.8,46.76,46.795,900,2021-04-19 15:41:00,HALO
46.83,46.83,46.77,46.79,1900,2021-04-19 15:42:00,HALO
46.76,46.79,46.75,46.78,3143,2021-04-19 15:43:00,HALO
46.78,46.78,46.75,46.75,3767,2021-04-19 15:44:00,HALO
46.75,46.75,46.69,46.7,1000,2021-04-19 15:45:00,HALO
46.69,46.69,46.675,46.69,800,2021-04-19 15:46:00,HALO
46.65,46.68,46.64,46.655,4137,2021-04-19 15:47:00,HALO
46.65,46.72,46.65,46.72,1700,2021-04-19 15:48:00,HALO
46.72,46.72,46.7,46.71,1100,2021-04-19 15:49:00,HALO
46.71,46.71,46.71,46.71,100,2021-04-19 15:50:00,HALO
46.71,46.825,46.71,46.81,3900,2021-04-19 15:51:00,HALO
46.77,46.83,46.77,46.82,700,2021-04-19 15:52:00,HALO
46.81,46.83,46.81,46.83,400,2021-04-19 15:53:00,HALO
46.83,46.85,46.81,46.84,3900,2021-04-19 15:54:00,HALO
46.825,46.825,46.81,46.815,1400,2021-04-19 15:55:00,HALO
46.8,46.815,46.79,46.795,3002,2021-04-19 15:56:00,HALO
46.795,46.8,46.74,46.75,1973,2021-04-19 15:57:00,HALO
46.69,46.72,46.6584,46.6584,760,2021-04-19 15:58:00,HALO
46.69,46.69,46.66,46.68,2500,2021-04-19 15:59:00,HALO
46.675,46.71,46.675,46.69,1000,2021-04-19 16:00:00,HALO
46.695,46.71,46.68,46.69,2300,2021-04-19 16:01:00,HALO
46.69,46.7,46.67,46.68,2600,2021-04-19 16:02:00,HALO
46.67,46.68,46.64,46.64,1832,2021-04-19 16:03:00,HALO
46.61,46.61,46.565,46.58,2600,2021-04-19 16:04:00,HALO
46.59,46.62,46.59,46.62,500,2021-04-19 16:05:00,HALO
46.585,46.59,46.585,46.59,200,2021-04-19 16:06:00,HALO
46.61,46.67,46.61,46.65,3600,2021-04-19 16:07:00,HALO
46.64,46.69,46.64,46.69,1642,2021-04-19 16:08:00,HALO
46.7,46.74,46.7,46.715,5900,2021-04-19 16:09:00,HALO
46.73,46.73,46.73,46.73,100,2021-04-19 16:10:00,HALO
46.815,46.815,46.77,46.77,1800,2021-04-19 16:11:00,HALO
46.77,46.8,46.765,46.8,900,2021-04-19 16:12:00,HALO
46.775,46.82,46.775,46.82,900,2021-04-19 16:13:00,HALO
46.815,46.83,46.8,46.8,2208,2021-04-19 16:14:00,HALO
46.78,46.835,46.78,46.83,1500,2021-04-19 16:15:00,HALO
46.84,46.885,46.83,46.86,2500,2021-04-19 16:16:00,HALO
46.84,46.86,46.83,46.855,1529,2021-04-19 16:17:00,HALO
46.845,46.86,46.845,46.86,300,2021-04-19 16:18:00,HALO
46.85,46.89,46.84,46.88,5692,2021-04-19 16:19:00,HALO
46.87,46.88,46.87,46.875,1300,2021-04-19 16:20:00,HALO
46.86,46.87,46.835,46.87,1172,2021-04-19 16:21:00,HALO
46.85,46.89,46.82,46.88,2800,2021-04-19 16:22:00,HALO
46.87,46.87,46.87,46.87,600,2021-04-19 16:23:00,HALO
46.865,46.88,46.85,46.87,2000,2021-04-19 16:24:00,HALO
46.86,46.86,46.845,46.845,700,2021-04-19 16:25:00,HALO
46.845,46.85,46.83,46.83,1099,2021-04-19 16:26:00,HALO
46.83,46.835,46.74,46.74,2542,2021-04-19 16:27:00,HALO
46.7,46.71,46.68,46.69,1000,2021-04-19 16:28:00,HALO
46.71,46.75,46.71,46.74,400,2021-04-19 16:29:00,HALO
46.75,46.75,46.69,46.73,3282,2021-04-19 16:30:00,HALO
46.71,46.71,46.69,46.7,600,2021-04-19 16:31:00,HALO
46.695,46.695,46.67,46.68,3300,2021-04-19 16:32:00,HALO
46.675,46.675,46.65,46.66,1100,2021-04-19 16:33:00,HALO
46.65,46.69,46.65,46.69,2200,2021-04-19 16:34:00,HALO
46.675,46.72,46.675,46.7,1900,2021-04-19 16:35:00,HALO
46.7,46.7,46.66,46.69,600,2021-04-19 16:36:00,HALO
46.718,46.76,46.718,46.73,700,2021-04-19 16:37:00,HALO
46.73,46.74,46.73,46.74,200,2021-04-19 16:38:00,HALO
46.71,46.76,46.71,46.76,400,2021-04-19 16:39:00,HALO
46.72,46.735,46.69,46.725,3175,2021-04-19 16:40:00,HALO
46.725,46.75,46.72,46.72,2500,2021-04-19 16:41:00,HALO
46.74,46.76,46.73,46.73,500,2021-04-19 16:42:00,HALO
46.74,46.76,46.74,46.76,1500,2021-04-19 16:43:00,HALO
46.76,46.78,46.75,46.765,2100,2021-04-19 16:44:00,HALO
46.79,46.81,46.78,46.795,5110,2021-04-19 16:45:00,HALO
46.78,46.805,46.78,46.79,3596,2021-04-19 16:46:00,HALO
46.8,46.8,46.77,46.785,2400,2021-04-19 16:47:00,HALO
46.76,46.77,46.69,46.69,4078,2021-04-19 16:48:00,HALO
46.715,46.74,46.71,46.74,700,2021-04-19 16:49:00,HALO
46.74,46.76,46.735,46.76,900,2021-04-19 16:50:00,HALO
46.77,46.81,46.77,46.79,2200,2021-04-19 16:51:00,HALO
46.79,46.79,46.78,46.78,400,2021-04-19 16:52:00,HALO
46.79,46.8,46.79,46.8,600,2021-04-19 16:53:00,HALO
46.795,46.81,46.77,46.775,5210,2021-04-19 16:54:00,HALO
46.76,46.78,46.75,46.76,1700,2021-04-19 16:55:00,HALO
46.76,46.76,46.75,46.755,900,2021-04-19 16:56:00,HALO
46.755,46.76,46.72,46.745,2400,2021-04-19 16:57:00,HALO
46.745,46.745,46.735,46.735,1200,2021-04-19 16:58:00,HALO
46.735,46.76,46.735,46.75,1100,2021-04-19 16:59:00,HALO
46.77,46.81,46.77,46.805,2100,2021-04-19 17:00:00,HALO
46.785,46.79,46.785,46.79,200,2021-04-19 17:01:00,HALO
46.81,46.87,46.81,46.84,2000,2021-04-19 17:02:00,HALO
46.86,46.86,46.86,46.86,300,2021-04-19 17:03:00,HALO
46.86,46.87,46.85,46.87,1100,2021-04-19 17:04:00,HALO
46.89,46.9,46.88,46.885,3515,2021-04-19 17:05:00,HALO
46.895,46.895,46.895,46.895,200,2021-04-19 17:06:00,HALO
46.9,46.9,46.86,46.86,2644,2021-04-19 17:07:00,HALO
46.85,46.855,46.83,46.855,2431,2021-04-19 17:08:00,HALO
46.86,46.87,46.86,46.87,500,2021-04-19 17:09:00,HALO
46.88,46.9,46.88,46.9,600,2021-04-19 17:10:00,HALO
46.91,46.91,46.89,46.9,1500,2021-04-19 17:11:00,HALO
46.91,46.945,46.9,46.94,2300,2021-04-19 17:12:00,HALO
46.93,46.94,46.925,46.94,2187,2021-04-19 17:13:00,HALO
46.935,46.94,46.93,46.93,300,2021-04-19 17:14:00,HALO
46.9399,46.965,46.9399,46.96,4700,2021-04-19 17:15:00,HALO
46.96,46.965,46.95,46.95,1898,2021-04-19 17:16:00,HALO
46.94,46.95,46.89,46.92,2403,2021-04-19 17:17:00,HALO
46.88,46.88,46.82,46.86,700,2021-04-19 17:18:00,HALO
46.81,46.81,46.74,46.75,400,2021-04-19 17:19:00,HALO
46.705,46.77,46.705,46.77,700,2021-04-19 17:20:00,HALO
46.8,46.82,46.79,46.805,900,2021-04-19 17:21:00,HALO
46.74,46.74,46.71,46.715,600,2021-04-19 17:22:00,HALO
46.705,46.715,46.7,46.71,906,2021-04-19 17:23:00,HALO
46.69,46.69,46.68,46.68,799,2021-04-19 17:24:00,HALO
46.7,46.7,46.7,46.7,900,2021-04-19 17:25:00,HALO
46.68,46.7,46.6597,46.7,2477,2021-04-19 17:26:00,HALO
46.665,46.7,46.66,46.69,3700,2021-04-19 17:27:00,HALO
46.68,46.68,46.67,46.67,200,2021-04-19 17:28:00,HALO
46.68,46.715,46.68,46.685,2134,2021-04-19 17:29:00,HALO
46.7,46.7,46.67,46.67,300,2021-04-19 17:30:00,HALO
46.695,46.695,46.695,46.695,300,2021-04-19 17:31:00,HALO
46.69,46.72,46.69,46.71,3600,2021-04-19 17:32:00,HALO
46.74,46.74,46.73,46.74,400,2021-04-19 17:34:00,HALO
46.74,46.8,46.74,46.8,1500,2021-04-19 17:35:00,HALO
46.86,46.8869,46.83,46.84,1385,2021-04-19 17:36:00,HALO
46.83,46.83,46.83,46.83,200,2021-04-19 17:37:00,HALO
46.86,46.88,46.85,46.88,900,2021-04-19 17:38:00,HALO
46.88,47.0,46.88,47.0,3800,2021-04-19 17:39:00,HALO
46.96,47.05,46.96,47.05,1100,2021-04-19 17:40:00,HALO
47.04,47.04,46.97,46.995,3600,2021-04-19 17:41:00,HALO
47.01,47.03,46.97,47.03,3556,2021-04-19 17:42:00,HALO
47.03,47.03,46.98,47.01,2325,2021-04-19 17:43:00,HALO
47.03,47.03,47.0,47.02,2213,2021-04-19 17:44:00,HALO
47.0,47.02,46.995,47.02,1000,2021-04-19 17:45:00,HALO
47.02,47.02,47.0,47.01,812,2021-04-19 17:46:00,HALO
46.995,47.0,46.99,46.99,600,2021-04-19 17:47:00,HALO
46.99,46.99,46.96,46.97,3300,2021-04-19 17:48:00,HALO
46.955,46.955,46.9,46.9,1300,2021-04-19 17:49:00,HALO
46.92,46.93,46.92,46.93,200,2021-04-19 17:50:00,HALO
46.91,46.91,46.89,46.905,400,2021-04-19 17:51:00,HALO
46.915,46.915,46.915,46.915,200,2021-04-19 17:52:00,HALO
46.9299,46.935,46.9299,46.935,744,2021-04-19 17:53:00,HALO
46.925,46.925,46.89,46.89,3207,2021-04-19 17:55:00,HALO
46.905,46.955,46.905,46.955,7701,2021-04-19 17:56:00,HALO
46.95,46.955,46.925,46.9275,4380,2021-04-19 17:57:00,HALO
46.94,46.945,46.94,46.94,1100,2021-04-19 17:58:00,HALO
46.95,46.955,46.95,46.95,1200,2021-04-19 17:59:00,HALO
46.95,46.96,46.94,46.95,2400,2021-04-19 18:00:00,HALO
46.95,46.995,46.95,46.99,1800,2021-04-19 18:01:00,HALO
46.985,47.0,46.985,47.0,886,2021-04-19 18:02:00,HALO
47.0,47.01,46.99,47.0,2554,2021-04-19 18:03:00,HALO
47.02,47.02,47.01,47.01,324,2021-04-19 18:04:00,HALO
47.01,47.01,47.01,47.01,200,2021-04-19 18:05:00,HALO
47.025,47.025,47.0,47.02,3004,2021-04-19 18:06:00,HALO
47.02,47.02,46.99,47.015,2391,2021-04-19 18:07:00,HALO
47.015,47.03,46.97,46.99,4400,2021-04-19 18:08:00,HALO
46.99,47.0,46.99,47.0,200,2021-04-19 18:09:00,HALO
47.01,47.0748,47.01,47.0748,2354,2021-04-19 18:10:00,HALO
47.06,47.065,47.06,47.065,400,2021-04-19 18:11:00,HALO
47.05,47.1,47.05,47.08,9670,2021-04-19 18:12:00,HALO
47.08,47.095,47.07,47.08,1800,2021-04-19 18:13:00,HALO
47.075,47.075,47.04,47.04,3300,2021-04-19 18:14:00,HALO
47.05,47.09,47.05,47.09,1200,2021-04-19 18:15:00,HALO
47.08,47.08,47.065,47.065,500,2021-04-19 18:16:00,HALO
47.06,47.07,47.06,47.07,200,2021-04-19 18:17:00,HALO
47.07,47.1,47.07,47.1,1305,2021-04-19 18:18:00,HALO
47.11,47.145,47.11,47.145,2200,2021-04-19 18:19:00,HALO
47.145,47.145,47.145,47.145,400,2021-04-19 18:20:00,HALO
47.12,47.165,47.12,47.165,1390,2021-04-19 18:21:00,HALO
47.165,47.2,47.165,47.2,1827,2021-04-19 18:22:00,HALO
47.224,47.25,47.215,47.25,2600,2021-04-19 18:23:00,HALO
47.27,47.33,47.27,47.29,2200,2021-04-19 18:24:00,HALO
47.28,47.3,47.23,47.235,5199,2021-04-19 18:25:00,HALO
47.25,47.3235,47.25,47.3,2900,2021-04-19 18:26:00,HALO
47.305,47.32,47.3,47.305,1610,2021-04-19 18:27:00,HALO
47.32,47.33,47.31,47.325,700,2021-04-19 18:28:00,HALO
47.32,47.32,47.21,47.27,8512,2021-04-19 18:29:00,HALO
47.27,47.27,47.23,47.26,1700,2021-04-19 18:30:00,HALO
47.26,47.26,47.23,47.235,2700,2021-04-19 18:31:00,HALO
47.25,47.27,47.25,47.27,1000,2021-04-19 18:32:00,HALO
47.265,47.265,47.235,47.24,1200,2021-04-19 18:33:00,HALO
47.26,47.27,47.26,47.26,500,2021-04-19 18:34:00,HALO
47.26,47.265,47.23,47.25,2800,2021-04-19 18:35:00,HALO
47.23,47.25,47.21,47.21,3667,2021-04-19 18:36:00,HALO
47.18,47.18,47.14,47.14,400,2021-04-19 18:37:00,HALO
47.17,47.2,47.17,47.19,1300,2021-04-19 18:38:00,HALO
47.18,47.19,47.17,47.175,800,2021-04-19 18:39:00,HALO
47.17,47.175,47.165,47.175,900,2021-04-19 18:40:00,HALO
47.175,47.23,47.1725,47.23,3600,2021-04-19 18:41:00,HALO
47.235,47.26,47.23,47.26,2370,2021-04-19 18:42:00,HALO
47.28,47.285,47.27,47.285,800,2021-04-19 18:43:00,HALO
47.27,47.285,47.27,47.285,200,2021-04-19 18:44:00,HALO
47.27,47.29,47.27,47.285,900,2021-04-19 18:45:00,HALO
47.28,47.33,47.27,47.32,2546,2021-04-19 18:46:00,HALO
47.32,47.3488,47.32,47.33,6032,2021-04-19 18:47:00,HALO
47.34,47.38,47.34,47.37,1548,2021-04-19 18:48:00,HALO
47.36,47.38,47.36,47.37,1450,2021-04-19 18:49:00,HALO
47.35,47.36,47.34,47.3512,937,2021-04-19 18:50:00,HALO
47.335,47.39,47.335,47.39,2482,2021-04-19 18:51:00,HALO
47.41,47.45,47.41,47.43,4439,2021-04-19 18:52:00,HALO
47.43,47.44,47.4,47.44,2000,2021-04-19 18:53:00,HALO
47.44,47.46,47.435,47.445,2000,2021-04-19 18:54:00,HALO
47.46,47.465,47.43,47.46,3331,2021-04-19 18:55:00,HALO
47.46,47.46,47.46,47.46,958,2021-04-19 18:56:00,HALO
47.47,47.51,47.47,47.5,9679,2021-04-19 18:57:00,HALO
47.48,47.48,47.45,47.48,882,2021-04-19 18:58:00,HALO
47.48,47.48,47.45,47.455,1243,2021-04-19 18:59:00,HALO
47.47,47.48,47.455,47.48,1400,2021-04-19 19:00:00,HALO
47.48,47.5,47.45,47.455,9700,2021-04-19 19:01:00,HALO
47.44,47.45,47.31,47.325,4000,2021-04-19 19:02:00,HALO
47.33,47.36,47.32,47.35,1940,2021-04-19 19:03:00,HALO
47.37,47.4,47.37,47.38,1700,2021-04-19 19:04:00,HALO
47.36,47.36,47.36,47.36,300,2021-04-19 19:05:00,HALO
47.36,47.385,47.36,47.37,2500,2021-04-19 19:06:00,HALO
47.36,47.37,47.34,47.37,2002,2021-04-19 19:07:00,HALO
47.38,47.39,47.365,47.365,1100,2021-04-19 19:08:00,HALO
47.36,47.38,47.35,47.36,2205,2021-04-19 19:09:00,HALO
47.37,47.45,47.37,47.45,1700,2021-04-19 19:10:00,HALO
47.42,47.44,47.42,47.43,2300,2021-04-19 19:11:00,HALO
47.435,47.44,47.425,47.425,1000,2021-04-19 19:12:00,HALO
47.425,47.45,47.425,47.45,2000,2021-04-19 19:13:00,HALO
47.45,47.45,47.43,47.44,2471,2021-04-19 19:14:00,HALO
47.45,47.45,47.38,47.39,7258,2021-04-19 19:15:00,HALO
47.38,47.39,47.37,47.385,2922,2021-04-19 19:16:00,HALO
47.38,47.38,47.3,47.33,1900,2021-04-19 19:17:00,HALO
47.325,47.33,47.315,47.33,1000,2021-04-19 19:18:00,HALO
47.33,47.33,47.26,47.28,4289,2021-04-19 19:19:00,HALO
47.265,47.265,47.255,47.255,200,2021-04-19 19:20:00,HALO
47.25,47.27,47.22,47.22,2638,2021-04-19 19:21:00,HALO
47.23,47.33,47.23,47.33,3981,2021-04-19 19:22:00,HALO
47.33,47.34,47.3,47.31,3349,2021-04-19 19:23:00,HALO
47.28,47.315,47.26,47.295,3532,2021-04-19 19:24:00,HALO
47.31,47.31,47.3,47.3,2450,2021-04-19 19:25:00,HALO
47.3,47.31,47.3,47.31,600,2021-04-19 19:26:00,HALO
47.31,47.35,47.31,47.35,1300,2021-04-19 19:27:00,HALO
47.33,47.375,47.315,47.375,2741,2021-04-19 19:28:00,HALO
47.39,47.43,47.385,47.43,1640,2021-04-19 19:29:00,HALO
47.44,47.44,47.375,47.41,2600,2021-04-19 19:30:00,HALO
47.41,47.41,47.37,47.38,6400,2021-04-19 19:31:00,HALO
47.37,47.38,47.26,47.275,9100,2021-04-19 19:32:00,HALO
47.26,47.26,47.22,47.22,1200,2021-04-19 19:33:00,HALO
47.215,47.255,47.19,47.21,9414,2021-04-19 19:34:00,HALO
47.2,47.205,47.185,47.19,1100,2021-04-19 19:35:00,HALO
47.2,47.3,47.2,47.3,8400,2021-04-19 19:36:00,HALO
47.28,47.3,47.245,47.26,3969,2021-04-19 19:37:00,HALO
47.26,47.29,47.26,47.29,1300,2021-04-19 19:38:00,HALO
47.26,47.29,47.26,47.285,5447,2021-04-19 19:39:00,HALO
47.29,47.32,47.28,47.3,4187,2021-04-19 19:40:00,HALO
47.32,47.32,47.2,47.2,3400,2021-04-19 19:41:00,HALO
47.2,47.27,47.2,47.26,6114,2021-04-19 19:42:00,HALO
47.2464,47.31,47.2464,47.29,4600,2021-04-19 19:43:00,HALO
47.3,47.36,47.285,47.345,6731,2021-04-19 19:44:00,HALO
47.31,47.33,47.31,47.33,1400,2021-04-19 19:45:00,HALO
47.33,47.37,47.33,47.36,3040,2021-04-19 19:46:00,HALO
47.33,47.35,47.28,47.28,5893,2021-04-19 19:47:00,HALO
47.29,47.295,47.25,47.27,4444,2021-04-19 19:48:00,HALO
47.27,47.32,47.24,47.24,5375,2021-04-19 19:49:00,HALO
47.23,47.24,47.185,47.2,6374,2021-04-19 19:50:00,HALO
47.21,47.25,47.2,47.24,11335,2021-04-19 19:51:00,HALO
47.24,47.245,47.18,47.185,6550,2021-04-19 19:52:00,HALO
47.19,47.28,47.19,47.235,12978,2021-04-19 19:53:00,HALO
47.235,47.45,47.235,47.42,22583,2021-04-19 19:54:00,HALO
47.42,47.61,47.39,47.61,20382,2021-04-19 19:55:00,HALO
47.6,47.63,47.52,47.58,16499,2021-04-19 19:56:00,HALO
47.58,47.62,47.51,47.61,19749,2021-04-19 19:57:00,HALO
47.58,47.61,47.41,47.51,21858,2021-04-19 19:58:00,HALO
47.51,47.58,47.47,47.51,26497,2021-04-19 19:59:00,HALO
47.56,47.56,47.56,47.56,214281,2021-04-19 20:00:00,HALO
47.56,47.56,47.56,47.56,2962,2021-04-19 20:01:00,HALO
49.45,49.5,49.45,49.5,909,2021-04-19 20:43:00,HALO
47.71,47.71,47.71,47.71,100,2021-04-19 20:47:00,HALO
47.66,47.66,47.66,47.66,305,2021-04-19 20:48:00,HALO
48.0,48.0,48.0,48.0,200,2021-04-20 11:01:00,HALO
47.09,47.09,47.09,47.09,277,2021-04-20 12:25:00,HALO
47.11,47.16,47.11,47.16,650,2021-04-20 12:26:00,HALO
47.55,47.55,47.55,47.55,555,2021-04-20 12:28:00,HALO
48.0,48.5,47.93,48.045,19186,2021-04-20 13:30:00,HALO
48.15,48.48,48.15,48.375,5174,2021-04-20 13:31:00,HALO
48.33,48.463,48.3,48.35,2800,2021-04-20 13:32:00,HALO
48.39,48.71,48.19,48.19,25335,2021-04-20 13:33:00,HALO
48.19,48.48,48.01,48.2675,9688,2021-04-20 13:34:00,HALO
48.34,48.86,48.09,48.86,9328,2021-04-20 13:35:00,HALO
48.83,48.84,48.57,48.81,3548,2021-04-20 13:36:00,HALO
48.8,49.09,48.77,49.09,3587,2021-04-20 13:37:00,HALO
48.96,49.11,48.96,49.005,2400,2021-04-20 13:38:00,HALO
48.95,49.0,48.915,48.97,2375,2021-04-20 13:39:00,HALO
48.97,48.97,48.72,48.81,12898,2021-04-20 13:40:00,HALO
48.69,48.75,48.68,48.73,1400,2021-04-20 13:41:00,HALO
48.72,48.83,48.71,48.77,3212,2021-04-20 13:42:00,HALO
48.83,48.8894,48.77,48.8894,2366,2021-04-20 13:43:00,HALO
48.88,49.05,48.85,49.04,1800,2021-04-20 13:44:00,HALO
49.05,49.21,49.05,49.17,2337,2021-04-20 13:45:00,HALO
49.04,49.15,49.04,49.09,1929,2021-04-20 13:46:00,HALO
49.1,49.11,48.98,49.06,3100,2021-04-20 13:47:00,HALO
49.02,49.09,48.97,48.97,1700,2021-04-20 13:48:00,HALO
49.05,49.05,48.77,48.92,5002,2021-04-20 13:49:00,HALO
48.92,48.92,48.73,48.76,2800,2021-04-20 13:50:00,HALO
48.74,48.74,48.51,48.63,1600,2021-04-20 13:51:00,HALO
48.63,48.7,48.6,48.62,1800,2021-04-20 13:52:00,HALO
48.64,48.69,48.64,48.64,1600,2021-04-20 13:53:00,HALO
48.65,48.67,48.57,48.65,1400,2021-04-20 13:54:00,HALO
48.65,48.65,48.465,48.52,1800,2021-04-20 13:55:00,HALO
48.52,48.55,48.48,48.5,3300,2021-04-20 13:56:00,HALO
48.49,48.57,48.47,48.56,1400,2021-04-20 13:57:00,HALO
48.41,48.66,48.41,48.65,1075,2021-04-20 13:58:00,HALO
48.65,48.69,48.57,48.63,2200,2021-04-20 13:59:00,HALO
48.67,48.67,48.615,48.625,1000,2021-04-20 14:00:00,HALO
48.66,48.66,48.64,48.64,500,2021-04-20 14:01:00,HALO
48.59,48.59,48.46,48.49,900,2021-04-20 14:02:00,HALO
48.44,48.6,48.44,48.461,4811,2021-04-20 14:03:00,HALO
48.495,48.495,48.29,48.29,2384,2021-04-20 14:04:00,HALO
48.29,48.31,48.26,48.31,900,2021-04-20 14:05:00,HALO
48.33,48.36,48.22,48.22,2565,2021-04-20 14:06:00,HALO
48.24,48.24,48.2,48.2,2700,2021-04-20 14:07:00,HALO
48.2,48.23,48.16,48.16,700,2021-04-20 14:08:00,HALO
48.17,48.19,48.03,48.03,3449,2021-04-20 14:09:00,HALO
47.96,47.975,47.76,47.76,1100,2021-04-20 14:10:00,HALO
47.76,47.84,47.74,47.8025,4590,2021-04-20 14:11:00,HALO
47.84,47.94,47.84,47.87,1800,2021-04-20 14:12:00,HALO
47.78,47.91,47.78,47.82,3878,2021-04-20 14:13:00,HALO
47.85,47.86,47.735,47.75,2914,2021-04-20 14:14:00,HALO
47.73,47.73,47.69,47.69,300,2021-04-20 14:15:00,HALO
47.705,47.71,47.66,47.66,2400,2021-04-20 14:16:00,HALO
47.67,47.78,47.66,47.74,2172,2021-04-20 14:17:00,HALO
47.78,47.78,47.74,47.74,873,2021-04-20 14:18:00,HALO
47.7,47.73,47.7,47.7,700,2021-04-20 14:19:00,HALO
47.69,47.69,47.62,47.68,1100,2021-04-20 14:20:00,HALO
47.64,47.65,47.58,47.625,500,2021-04-20 14:22:00,HALO
47.57,47.57,47.57,47.57,100,2021-04-20 14:23:00,HALO
47.61,47.67,47.61,47.66,3600,2021-04-20 14:24:00,HALO
47.68,47.74,47.6,47.6,7500,2021-04-20 14:25:00,HALO
47.59,47.59,47.56,47.57,2600,2021-04-20 14:26:00,HALO
47.53,47.57,47.53,47.56,6000,2021-04-20 14:27:00,HALO
47.57,47.73,47.57,47.72,4082,2021-04-20 14:28:00,HALO
47.73,47.78,47.72,47.72,2718,2021-04-20 14:29:00,HALO
47.6,47.63,47.57,47.63,1200,2021-04-20 14:30:00,HALO
47.5588,47.595,47.5588,47.595,850,2021-04-20 14:31:00,HALO
47.57,47.57,47.51,47.54,3000,2021-04-20 14:32:00,HALO
47.545,47.545,47.48,47.48,3422,2021-04-20 14:33:00,HALO
47.48,47.48,47.39,47.39,1500,2021-04-20 14:34:00,HALO
47.37,47.39,47.31,47.39,1974,2021-04-20 14:35:00,HALO
47.4,47.42,47.36,47.36,1300,2021-04-20 14:36:00,HALO
47.37,47.37,47.295,47.295,1550,2021-04-20 14:37:00,HALO
47.34,47.355,47.32,47.32,1299,2021-04-20 14:38:00,HALO
47.29,47.31,47.18,47.215,1415,2021-04-20 14:40:00,HALO
47.15,47.165,47.11,47.1183,800,2021-04-20 14:41:00,HALO
47.12,47.12,47.07,47.1,2084,2021-04-20 14:42:00,HALO
47.06,47.06,47.02,47.02,1500,2021-04-20 14:43:00,HALO
47.0,47.05,46.94,47.05,3600,2021-04-20 14:44:00,HALO
46.99,46.99,46.9,46.93,7571,2021-04-20 14:45:00,HALO
46.91,47.04,46.9,47.01,1362,2021-04-20 14:46:00,HALO
46.84,46.84,46.78,46.8,600,2021-04-20 14:47:00,HALO
46.815,46.93,46.815,46.87,700,2021-04-20 14:48:00,HALO
46.81,46.81,46.775,46.775,527,2021-04-20 14:49:00,HALO
46.78,46.78,46.68,46.7,1000,2021-04-20 14:50:00,HALO
46.63,46.63,46.56,46.5728,1900,2021-04-20 14:52:00,HALO
46.52,46.525,46.52,46.525,500,2021-04-20 14:53:00,HALO
46.49,46.54,46.46,46.52,1939,2021-04-20 14:55:00,HALO
46.565,46.66,46.565,46.64,870,2021-04-20 14:56:00,HALO
46.64,46.64,46.64,46.64,600,2021-04-20 14:57:00,HALO
46.62,46.62,46.5,46.55,2555,2021-04-20 14:58:00,HALO
46.55,46.58,46.55,46.58,500,2021-04-20 14:59:00,HALO
46.56,46.57,46.53,46.55,800,2021-04-20 15:00:00,HALO
46.57,46.57,46.56,46.56,1000,2021-04-20 15:01:00,HALO
46.5306,46.56,46.5202,46.5202,900,2021-04-20 15:02:00,HALO
46.56,46.62,46.54,46.54,1597,2021-04-20 15:03:00,HALO
46.58,46.58,46.58,46.58,100,2021-04-20 15:04:00,HALO
46.52,46.58,46.52,46.57,2200,2021-04-20 15:05:00,HALO
46.5837,46.5837,46.5837,46.5837,300,2021-04-20 15:06:00,HALO
46.56,46.61,46.56,46.61,700,2021-04-20 15:07:00,HALO
46.59,46.67,46.58,46.67,1200,2021-04-20 15:08:00,HALO
46.6,46.69,46.58,46.69,1000,2021-04-20 15:09:00,HALO
46.69,46.7,46.66,46.66,800,2021-04-20 15:10:00,HALO
46.72,46.72,46.67,46.68,1100,2021-04-20 15:11:00,HALO
46.65,46.65,46.63,46.63,300,2021-04-20 15:12:00,HALO
46.66,46.6799,46.6,46.6,2449,2021-04-20 15:13:00,HALO
46.65,46.65,46.65,46.65,500,2021-04-20 15:14:00,HALO
46.62,46.62,46.57,46.57,1500,2021-04-20 15:15:00,HALO
46.56,46.56,46.45,46.45,1400,2021-04-20 15:16:00,HALO
46.47,46.49,46.47,46.49,600,2021-04-20 15:17:00,HALO
46.455,46.455,46.43,46.43,300,2021-04-20 15:18:00,HALO
46.45,46.47,46.45,46.47,300,2021-04-20 15:19:00,HALO
46.43,46.43,46.43,46.43,700,2021-04-20 15:20:00,HALO
46.45,46.45,46.37,46.43,2913,2021-04-20 15:21:00,HALO
46.42,46.45,46.33,46.37,800,2021-04-20 15:22:00,HALO
46.33,46.36,46.32,46.32,300,2021-04-20 15:23:00,HALO
46.2709,46.33,46.2709,46.275,1800,2021-04-20 15:24:00,HALO
46.27,46.27,46.21,46.21,600,2021-04-20 15:25:00,HALO
46.26,46.315,46.26,46.31,3695,2021-04-20 15:26:00,HALO
46.31,46.34,46.28,46.28,1100,2021-04-20 15:27:00,HALO
46.27,46.27,46.27,46.27,399,2021-04-20 15:28:00,HALO
46.29,46.29,46.22,46.24,1200,2021-04-20 15:29:00,HALO
46.22,46.22,46.21,46.22,500,2021-04-20 15:31:00,HALO
46.17,46.17,46.16,46.16,225,2021-04-20 15:32:00,HALO
46.22,46.25,46.215,46.215,1116,2021-04-20 15:33:00,HALO
46.23,46.23,46.19,46.19,200,2021-04-20 15:34:00,HALO
46.19,46.21,46.11,46.13,800,2021-04-20 15:35:00,HALO
46.14,46.14,46.14,46.14,100,2021-04-20 15:37:00,HALO
46.16,46.17,46.15,46.15,1000,2021-04-20 15:38:00,HALO
46.15,46.23,46.15,46.23,1807,2021-04-20 15:39:00,HALO
46.29,46.3,46.27,46.3,1580,2021-04-20 15:40:00,HALO
46.33,46.37,46.31,46.37,1510,2021-04-20 15:41:00,HALO
46.34,46.34,46.33,46.33,1701,2021-04-20 15:42:00,HALO
46.36,46.44,46.36,46.44,1063,2021-04-20 15:43:00,HALO
46.46,46.46,46.46,46.46,100,2021-04-20 15:45:00,HALO
46.48,46.48,46.47,46.47,200,2021-04-20 15:46:00,HALO
46.49,46.49,46.48,46.49,2700,2021-04-20 15:47:00,HALO
46.51,46.54,46.51,46.54,835,2021-04-20 15:48:00,HALO
46.56,46.62,46.56,46.61,2318,2021-04-20 15:49:00,HALO
46.61,46.68,46.61,46.68,500,2021-04-20 15:50:00,HALO
46.68,46.68,46.61,46.61,2993,2021-04-20 15:51:00,HALO
46.62,46.63,46.59,46.59,1300,2021-04-20 15:52:00,HALO
46.61,46.72,46.61,46.71,959,2021-04-20 15:53:00,HALO
46.7,46.7,46.7,46.7,300,2021-04-20 15:54:00,HALO
46.73,46.76,46.71,46.73,1849,2021-04-20 15:55:00,HALO
46.745,46.745,46.7,46.72,9399,2021-04-20 15:56:00,HALO
46.72,46.78,46.71,46.78,1353,2021-04-20 15:57:00,HALO
46.77,46.77,46.735,46.76,1000,2021-04-20 15:58:00,HALO
46.735,46.735,46.705,46.735,1713,2021-04-20 15:59:00,HALO
46.73,46.73,46.725,46.725,200,2021-04-20 16:00:00,HALO
46.75,46.79,46.75,46.7569,2315,2021-04-20 16:01:00,HALO
46.74,46.74,46.71,46.71,400,2021-04-20 16:02:00,HALO
46.73,46.83,46.73,46.82,1299,2021-04-20 16:03:00,HALO
46.83,46.84,46.81,46.81,425,2021-04-20 16:04:00,HALO
46.845,46.845,46.785,46.82,900,2021-04-20 16:05:00,HALO
46.88,46.93,46.8742,46.9,1675,2021-04-20 16:07:00,HALO
46.88,46.88,46.83,46.845,1049,2021-04-20 16:08:00,HALO
46.84,46.86,46.81,46.83,2440,2021-04-20 16:09:00,HALO
46.86,46.86,46.8,46.8,400,2021-04-20 16:10:00,HALO
46.82,46.82,46.82,46.82,100,2021-04-20 16:11:00,HALO
46.87,46.87,46.87,46.87,300,2021-04-20 16:12:00,HALO
46.89,46.91,46.89,46.91,1103,2021-04-20 16:13:00,HALO
46.88,46.895,46.88,46.895,200,2021-04-20 16:14:00,HALO
46.905,46.96,46.905,46.92,1400,2021-04-20 16:15:00,HALO
46.9599,46.9599,46.935,46.935,200,2021-04-20 16:16:00,HALO
46.96,46.98,46.96,46.98,840,2021-04-20 16:17:00,HALO
46.96,46.96,46.9,46.92,2500,2021-04-20 16:18:00,HALO
46.9,46.91,46.85,46.85,1717,2021-04-20 16:19:00,HALO
46.835,46.86,46.835,46.84,700,2021-04-20 16:20:00,HALO
46.86,46.86,46.86,46.86,100,2021-04-20 16:21:00,HALO
46.84,46.85,46.84,46.84,400,2021-04-20 16:23:00,HALO
46.84,46.85,46.835,46.835,1163,2021-04-20 16:24:00,HALO
46.82,46.83,46.78,46.8,2000,2021-04-20 16:25:00,HALO
46.78,46.8,46.745,46.76,1100,2021-04-20 16:26:00,HALO
46.79,46.79,46.735,46.74,3841,2021-04-20 16:29:00,HALO
46.74,46.77,46.74,46.75,1161,2021-04-20 16:30:00,HALO
46.76,46.8,46.76,46.79,1122,2021-04-20 16:31:00,HALO
46.75,46.76,46.75,46.76,300,2021-04-20 16:32:00,HALO
46.75,46.755,46.715,46.715,1200,2021-04-20 16:33:00,HALO
46.73,46.74,46.73,46.74,500,2021-04-20 16:34:00,HALO
46.75,46.75,46.75,46.75,100,2021-04-20 16:35:00,HALO
46.76,46.76,46.76,46.76,200,2021-04-20 16:36:00,HALO
46.73,46.74,46.72,46.74,1300,2021-04-20 16:37:00,HALO
46.75,46.82,46.75,46.785,1636,2021-04-20 16:38:00,HALO
46.77,46.77,46.74,46.74,500,2021-04-20 16:39:00,HALO
46.745,46.745,46.705,46.705,900,2021-04-20 16:40:00,HALO
46.69,46.69,46.68,46.69,800,2021-04-20 16:41:00,HALO
46.67,46.67,46.66,46.66,200,2021-04-20 16:42:00,HALO
46.63,46.66,46.625,46.66,1000,2021-04-20 16:44:00,HALO
46.65,46.65,46.65,46.65,100,2021-04-20 16:45:00,HALO
46.62,46.62,46.61,46.62,700,2021-04-20 16:46:00,HALO
46.6,46.61,46.57,46.57,1200,2021-04-20 16:47:00,HALO
46.6,46.65,46.6,46.65,1648,2021-04-20 16:48:00,HALO
46.68,46.71,46.68,46.695,900,2021-04-20 16:51:00,HALO
46.7,46.7,46.69,46.69,1300,2021-04-20 16:52:00,HALO
46.69,46.69,46.67,46.69,700,2021-04-20 16:53:00,HALO
46.66,46.66,46.6,46.61,900,2021-04-20 16:54:00,HALO
46.63,46.65,46.63,46.65,1000,2021-04-20 16:55:00,HALO
46.67,46.68,46.65,46.65,700,2021-04-20 16:56:00,HALO
46.63,46.63,46.6,46.6,1400,2021-04-20 16:57:00,HALO
46.615,46.66,46.615,46.66,2574,2021-04-20 16:58:00,HALO
46.66,46.66,46.66,46.66,100,2021-04-20 16:59:00,HALO
46.65,46.65,46.64,46.64,400,2021-04-20 17:01:00,HALO
46.62,46.62,46.59,46.59,1005,2021-04-20 17:02:00,HALO
46.585,46.585,46.585,46.585,200,2021-04-20 17:03:00,HALO
46.61,46.61,46.53,46.53,2100,2021-04-20 17:04:00,HALO
46.48,46.48,46.48,46.48,100,2021-04-20 17:05:00,HALO
46.48,46.49,46.45,46.45,1300,2021-04-20 17:06:00,HALO
46.45,46.49,46.45,46.48,1101,2021-04-20 17:07:00,HALO
46.43,46.455,46.42,46.42,1300,2021-04-20 17:09:00,HALO
46.425,46.46,46.425,46.45,963,2021-04-20 17:10:00,HALO
46.43,46.45,46.42,46.44,700,2021-04-20 17:11:00,HALO
46.425,46.465,46.42,46.42,1000,2021-04-20 17:12:00,HALO
46.42,46.49,46.41,46.49,2908,2021-04-20 17:13:00,HALO
46.52,46.535,46.52,46.535,200,2021-04-20 17:14:00,HALO
46.52,46.53,46.52,46.53,400,2021-04-20 17:15:00,HALO
46.54,46.54,46.505,46.505,1600,2021-04-20 17:16:00,HALO
46.52,46.58,46.52,46.57,1580,2021-04-20 17:17:00,HALO
46.565,46.565,46.565,46.565,100,2021-04-20 17:19:00,HALO
46.58,46.58,46.53,46.53,2300,2021-04-20 17:20:00,HALO
46.51,46.51,46.5,46.51,400,2021-04-20 17:21:00,HALO
46.47,46.47,46.47,46.47,400,2021-04-20 17:22:00,HALO
46.43,46.43,46.42,46.42,400,2021-04-20 17:23:00,HALO
46.37,46.37,46.37,46.37,100,2021-04-20 17:24:00,HALO
46.37,46.39,46.34,46.34,1900,2021-04-20 17:25:00,HALO
46.34,46.375,46.34,46.375,800,2021-04-20 17:26:00,HALO
46.38,46.38,46.325,46.325,1000,2021-04-20 17:27:00,HALO
46.35,46.39,46.35,46.37,860,2021-04-20 17:28:00,HALO
46.36,46.38,46.35,46.38,600,2021-04-20 17:29:00,HALO
46.38,46.38,46.35,46.35,200,2021-04-20 17:30:00,HALO
46.38,46.42,46.38,46.42,863,2021-04-20 17:31:00,HALO
46.4,46.4,46.4,46.4,200,2021-04-20 17:32:00,HALO
46.405,46.405,46.405,46.405,100,2021-04-20 17:33:00,HALO
46.4,46.4,46.36,46.36,21458,2021-04-20 17:34:00,HALO
46.355,46.355,46.31,46.335,1878,2021-04-20 17:35:00,HALO
46.31,46.325,46.31,46.32,700,2021-04-20 17:36:00,HALO
46.35,46.38,46.35,46.38,1300,2021-04-20 17:37:00,HALO
46.36,46.36,46.35,46.36,500,2021-04-20 17:38:00,HALO
46.35,46.36,46.32,46.33,1210,2021-04-20 17:39:00,HALO
46.31,46.31,46.27,46.27,1001,2021-04-20 17:40:00,HALO
46.255,46.29,46.255,46.285,1700,2021-04-20 17:41:00,HALO
46.27,46.27,46.23,46.27,400,2021-04-20 17:42:00,HALO
46.27,46.3,46.27,46.27,304,2021-04-20 17:43:00,HALO
46.24,46.26,46.24,46.26,700,2021-04-20 17:44:00,HALO
46.28,46.28,46.28,46.28,100,2021-04-20 17:45:00,HALO
46.32,46.33,46.31,46.33,567,2021-04-20 17:46:00,HALO
46.34,46.36,46.34,46.34,574,2021-04-20 17:47:00,HALO
46.35,46.35,46.31,46.33,600,2021-04-20 17:48:00,HALO
46.31,46.345,46.31,46.345,200,2021-04-20 17:50:00,HALO
46.34,46.345,46.32,46.32,1300,2021-04-20 17:51:00,HALO
46.37,46.38,46.34,46.38,1197,2021-04-20 17:52:00,HALO
46.36,46.38,46.35,46.35,1867,2021-04-20 17:53:00,HALO
46.35,46.35,46.33,46.33,600,2021-04-20 17:54:00,HALO
46.33,46.38,46.33,46.35,2677,2021-04-20 17:55:00,HALO
46.34,46.38,46.33,46.38,1600,2021-04-20 17:56:00,HALO
46.37,46.4,46.37,46.4,300,2021-04-20 17:57:00,HALO
46.4,46.4,46.38,46.38,1500,2021-04-20 18:00:00,HALO
46.41,46.43,46.39,46.42,1300,2021-04-20 18:01:00,HALO
46.425,46.425,46.36,46.36,2395,2021-04-20 18:03:00,HALO
46.38,46.39,46.38,46.39,1822,2021-04-20 18:04:00,HALO
46.37,46.37,46.35,46.35,800,2021-04-20 18:06:00,HALO
46.35,46.37,46.33,46.37,1450,2021-04-20 18:07:00,HALO
46.35,46.35,46.35,46.35,100,2021-04-20 18:10:00,HALO
46.35,46.35,46.33,46.33,600,2021-04-20 18:11:00,HALO
46.33,46.33,46.33,46.33,200,2021-04-20 18:12:00,HALO
46.34,46.36,46.33,46.36,552,2021-04-20 18:13:00,HALO
46.39,46.41,46.37,46.37,1359,2021-04-20 18:14:00,HALO
46.37,46.41,46.37,46.41,600,2021-04-20 18:15:00,HALO
46.375,46.375,46.37,46.37,500,2021-04-20 18:16:00,HALO
46.36,46.39,46.36,46.39,5100,2021-04-20 18:17:00,HALO
46.4,46.45,46.385,46.43,2709,2021-04-20 18:18:00,HALO
46.41,46.42,46.38,46.39,3000,2021-04-20 18:19:00,HALO
46.44,46.45,46.44,46.45,500,2021-04-20 18:21:00,HALO
46.45,46.45,46.45,46.45,400,2021-04-20 18:22:00,HALO
46.44,46.44,46.42,46.44,799,2021-04-20 18:23:00,HALO
46.44,46.44,46.41,46.41,1400,2021-04-20 18:25:00,HALO
46.41,46.42,46.38,46.38,1300,2021-04-20 18:26:00,HALO
46.345,46.345,46.345,46.345,200,2021-04-20 18:27:00,HALO
46.36,46.37,46.36,46.36,800,2021-04-20 18:28:00,HALO
46.345,46.35,46.3,46.32,2300,2021-04-20 18:29:00,HALO
46.34,46.34,46.33,46.33,800,2021-04-20 18:30:00,HALO
46.35,46.35,46.315,46.315,950,2021-04-20 18:31:00,HALO
46.33,46.35,46.33,46.34,1100,2021-04-20 18:32:00,HALO
46.33,46.35,46.33,46.35,200,2021-04-20 18:33:00,HALO
46.33,46.33,46.33,46.33,700,2021-04-20 18:34:00,HALO
46.31,46.32,46.29,46.29,1005,2021-04-20 18:35:00,HALO
46.2781,46.2781,46.2781,46.2781,250,2021-04-20 18:36:00,HALO
46.2954,46.31,46.2954,46.3,1283,2021-04-20 18:37:00,HALO
46.3,46.31,46.29,46.29,1200,2021-04-20 18:38:00,HALO
46.3,46.3,46.29,46.3,793,2021-04-20 18:39:00,HALO
46.29,46.29,46.29,46.29,300,2021-04-20 18:40:00,HALO
46.285,46.294,46.27,46.27,1900,2021-04-20 18:41:00,HALO
46.285,46.285,46.285,46.285,200,2021-04-20 18:42:00,HALO
46.3,46.31,46.29,46.31,500,2021-04-20 18:43:00,HALO
46.35,46.37,46.35,46.37,1496,2021-04-20 18:44:00,HALO
46.38,46.38,46.38,46.38,200,2021-04-20 18:45:00,HALO
46.375,46.38,46.375,46.38,800,2021-04-20 18:46:00,HALO
46.4,46.42,46.38,46.42,701,2021-04-20 18:47:00,HALO
46.41,46.42,46.41,46.41,1700,2021-04-20 18:48:00,HALO
46.415,46.415,46.415,46.415,200,2021-04-20 18:49:00,HALO
46.44,46.45,46.43,46.44,1600,2021-04-20 18:50:00,HALO
46.46,46.47,46.46,46.46,857,2021-04-20 18:51:00,HALO
46.46,46.46,46.45,46.45,1300,2021-04-20 18:52:00,HALO
46.46,46.46,46.435,46.435,300,2021-04-20 18:53:00,HALO
46.42,46.44,46.325,46.35,3000,2021-04-20 18:54:00,HALO
46.35,46.35,46.32,46.32,1150,2021-04-20 18:55:00,HALO
46.33,46.33,46.33,46.33,200,2021-04-20 18:56:00,HALO
46.32,46.32,46.32,46.32,400,2021-04-20 18:57:00,HALO
46.31,46.32,46.3,46.3,1100,2021-04-20 18:58:00,HALO
46.3,46.35,46.29,46.32,3280,2021-04-20 18:59:00,HALO
46.35,46.38,46.35,46.38,600,2021-04-20 19:00:00,HALO
46.41,46.41,46.38,46.4,800,2021-04-20 19:01:00,HALO
46.4,46.41,46.38,46.41,900,2021-04-20 19:02:00,HALO
46.43,46.49,46.43,46.475,810,2021-04-20 19:03:00,HALO
46.48,46.48,46.47,46.47,200,2021-04-20 19:04:00,HALO
46.46,46.46,46.44,46.44,500,2021-04-20 19:05:00,HALO
46.44,46.44,46.44,46.44,500,2021-04-20 19:06:00,HALO
46.44,46.47,46.44,46.46,800,2021-04-20 19:07:00,HALO
46.45,46.47,46.45,46.47,737,2021-04-20 19:08:00,HALO
46.46,46.51,46.46,46.51,2515,2021-04-20 19:09:00,HALO
46.53,46.53,46.51,46.52,1400,2021-04-20 19:10:00,HALO
46.53,46.54,46.5036,46.53,900,2021-04-20 19:11:00,HALO
46.52,46.52,46.51,46.51,600,2021-04-20 19:12:00,HALO
46.5,46.505,46.49,46.495,3114,2021-04-20 19:13:00,HALO
46.49,46.51,46.49,46.51,1600,2021-04-20 19:14:00,HALO
46.505,46.55,46.505,46.55,2998,2021-04-20 19:15:00,HALO
46.55,46.57,46.55,46.555,2300,2021-04-20 19:16:00,HALO
46.555,46.57,46.53,46.55,4900,2021-04-20 19:17:00,HALO
46.54,46.545,46.5,46.52,3219,2021-04-20 19:18:00,HALO
46.52,46.52,46.5,46.5,1010,2021-04-20 19:19:00,HALO
46.51,46.54,46.505,46.54,1873,2021-04-20 19:20:00,HALO
46.55,46.6,46.55,46.6,1640,2021-04-20 19:21:00,HALO
46.59,46.59,46.59,46.59,600,2021-04-20 19:22:00,HALO
46.6,46.6,46.585,46.6,1600,2021-04-20 19:23:00,HALO
46.59,46.59,46.58,46.58,1600,2021-04-20 19:24:00,HALO
46.585,46.585,46.56,46.56,800,2021-04-20 19:25:00,HALO
46.57,46.57,46.54,46.545,2200,2021-04-20 19:26:00,HALO
46.545,46.56,46.54,46.56,2700,2021-04-20 19:27:00,HALO
46.56,46.6,46.56,46.595,1906,2021-04-20 19:28:00,HALO
46.6,46.69,46.6,46.64,1672,2021-04-20 19:29:00,HALO
46.645,46.645,46.62,46.62,1300,2021-04-20 19:30:00,HALO
46.63,46.64,46.605,46.605,3000,2021-04-20 19:31:00,HALO
46.605,46.645,46.605,46.63,1757,2021-04-20 19:32:00,HALO
46.625,46.64,46.61,46.63,1500,2021-04-20 19:33:00,HALO
46.63,46.66,46.63,46.66,1100,2021-04-20 19:34:00,HALO
46.66,46.68,46.65,46.675,3342,2021-04-20 19:35:00,HALO
46.68,46.71,46.675,46.7,2900,2021-04-20 19:36:00,HALO
46.68,46.68,46.63,46.64,2105,2021-04-20 19:37:00,HALO
46.6,46.665,46.6,46.66,2000,2021-04-20 19:38:00,HALO
46.67,46.69,46.67,46.69,300,2021-04-20 19:39:00,HALO
46.69,46.77,46.68,46.77,5279,2021-04-20 19:40:00,HALO
46.76,46.76,46.69,46.73,1500,2021-04-20 19:41:00,HALO
46.75,46.77,46.75,46.77,200,2021-04-20 19:42:00,HALO
46.78,46.78,46.74,46.74,1100,2021-04-20 19:43:00,HALO
46.755,46.755,46.725,46.725,1485,2021-04-20 19:44:00,HALO
46.725,46.755,46.71,46.74,1600,2021-04-20 19:45:00,HALO
46.735,46.735,46.68,46.7,1200,2021-04-20 19:46:00,HALO
46.7,46.705,46.7,46.705,1347,2021-04-20 19:47:00,HALO
46.72,46.73,46.69,46.72,4966,2021-04-20 19:48:00,HALO
46.72,46.78,46.72,46.77,1321,2021-04-20 19:49:00,HALO
46.76,46.83,46.75,46.83,3997,2021-04-20 19:50:00,HALO
46.82,46.89,46.82,46.87,7212,2021-04-20 19:51:00,HALO
46.87,46.87,46.85,46.87,7932,2021-04-20 19:52:00,HALO
46.88,46.9,46.88,46.9,2413,2021-04-20 19:53:00,HALO
46.87,46.9,46.86,46.88,5800,2021-04-20 19:54:00,HALO
46.88,46.91,46.86,46.89,11284,2021-04-20 19:55:00,HALO
46.89,46.94,46.88,46.88,5778,2021-04-20 19:56:00,HALO
46.875,46.94,46.85,46.93,17107,2021-04-20 19:57:00,HALO
46.93,46.94,46.86,46.92,21690,2021-04-20 19:58:00,HALO
46.92,46.92,46.78,46.86,27328,2021-04-20 19:59:00,HALO
46.83,46.83,46.83,46.83,131106,2021-04-20 20:00:00,HALO
46.83,46.83,46.83,46.83,869,2021-04-20 20:01:00,HALO
46.83,46.83,46.83,46.83,100,2021-04-20 20:02:00,HALO
46.6,46.6,46.6,46.6,500,2021-04-21 11:51:00,HALO
47.0,47.0,47.0,47.0,393,2021-04-21 11:53:00,HALO
47.4,47.4,47.4,47.4,100,2021-04-21 12:09:00,HALO
47.05,47.05,47.05,47.05,100,2021-04-21 12:13:00,HALO
46.71,47.15,46.33,46.33,7585,2021-04-21 13:30:00,HALO
46.34,46.45,46.34,46.45,200,2021-04-21 13:31:00,HALO
46.5,46.56,46.5,46.54,1600,2021-04-21 13:33:00,HALO
46.49,46.57,46.44,46.57,800,2021-04-21 13:36:00,HALO
46.67,46.74,46.67,46.74,650,2021-04-21 13:37:00,HALO
46.8,46.8,46.79,46.8,942,2021-04-21 13:39:00,HALO
46.74,46.74,46.57,46.57,500,2021-04-21 13:40:00,HALO
46.72,46.87,46.72,46.82,1250,2021-04-21 13:41:00,HALO
46.9,46.96,46.9,46.96,370,2021-04-21 13:42:00,HALO
46.91,46.91,46.8,46.8,700,2021-04-21 13:43:00,HALO
46.81,46.86,46.81,46.835,843,2021-04-21 13:44:00,HALO
46.92,46.92,46.87,46.87,1000,2021-04-21 13:46:00,HALO
46.93,47.07,46.93,47.05,1100,2021-04-21 13:48:00,HALO
47.13,47.13,46.98,46.98,1366,2021-04-21 13:51:00,HALO
46.88,46.935,46.88,46.935,300,2021-04-21 13:52:00,HALO
47.0,47.1,47.0,47.05,1026,2021-04-21 13:53:00,HALO
47.11,47.245,47.11,47.245,400,2021-04-21 13:54:00,HALO
47.18,47.18,47.18,47.18,100,2021-04-21 13:55:00,HALO
46.93,47.02,46.93,47.02,698,2021-04-21 13:57:00,HALO
47.0396,47.1,47.02,47.1,300,2021-04-21 13:58:00,HALO
47.155,47.185,47.155,47.185,200,2021-04-21 13:59:00,HALO
47.3,47.35,47.3,47.35,400,2021-04-21 14:01:00,HALO
47.35,47.3625,47.26,47.32,1554,2021-04-21 14:02:00,HALO
47.335,47.41,47.33,47.33,2200,2021-04-21 14:03:00,HALO
47.28,47.31,47.23,47.23,764,2021-04-21 14:04:00,HALO
47.21,47.39,47.21,47.39,1975,2021-04-21 14:05:00,HALO
47.36,47.36,47.245,47.245,837,2021-04-21 14:06:00,HALO
47.24,47.34,47.24,47.32,980,2021-04-21 14:07:00,HALO
47.33,47.33,47.31,47.31,400,2021-04-21 14:08:00,HALO
47.3,47.37,47.27,47.37,1373,2021-04-21 14:10:00,HALO
47.4,47.4,47.33,47.365,1064,2021-04-21 14:11:00,HALO
47.34,47.38,47.34,47.38,317,2021-04-21 14:12:00,HALO
47.4,47.55,47.38,47.51,8724,2021-04-21 14:13:00,HALO
47.51,47.61,47.49,47.61,3494,2021-04-21 14:14:00,HALO
47.62,47.66,47.56,47.56,1775,2021-04-21 14:15:00,HALO
47.565,47.61,47.565,47.6007,300,2021-04-21 14:18:00,HALO
47.62,47.67,47.62,47.665,700,2021-04-21 14:19:00,HALO
47.6,47.61,47.535,47.55,1380,2021-04-21 14:21:00,HALO
47.59,47.6819,47.59,47.6819,650,2021-04-21 14:22:00,HALO
47.685,47.685,47.685,47.685,100,2021-04-21 14:23:00,HALO
47.685,47.685,47.685,47.685,100,2021-04-21 14:24:00,HALO
47.72,47.77,47.72,47.77,759,2021-04-21 14:25:00,HALO
47.81,47.84,47.67,47.67,1890,2021-04-21 14:26:00,HALO
47.72,47.72,47.72,47.72,100,2021-04-21 14:27:00,HALO
47.76,47.83,47.76,47.81,1300,2021-04-21 14:28:00,HALO
47.75,47.795,47.75,47.795,300,2021-04-21 14:30:00,HALO
47.8399,47.85,47.82,47.85,1014,2021-04-21 14:31:00,HALO
47.81,47.85,47.81,47.85,440,2021-04-21 14:32:00,HALO
47.8,47.84,47.75,47.805,4973,2021-04-21 14:33:00,HALO
47.84,47.96,47.84,47.94,3200,2021-04-21 14:34:00,HALO
47.99,48.138,47.99,48.11,2486,2021-04-21 14:35:00,HALO
48.09,48.09,48.09,48.09,100,2021-04-21 14:36:00,HALO
48.01,48.01,48.01,48.01,300,2021-04-21 14:37:00,HALO
48.04,48.04,48.04,48.04,100,2021-04-21 14:38:00,HALO
47.96,47.96,47.96,47.96,100,2021-04-21 14:39:00,HALO
48.02,48.08,48.02,48.07,500,2021-04-21 14:40:00,HALO
48.038,48.07,48.02,48.07,769,2021-04-21 14:41:00,HALO
48.07,48.07,48.07,48.07,100,2021-04-21 14:42:00,HALO
48.12,48.13,48.105,48.105,604,2021-04-21 14:44:00,HALO
48.145,48.145,48.145,48.145,100,2021-04-21 14:45:00,HALO
48.165,48.21,48.16,48.2,600,2021-04-21 14:47:00,HALO
48.17,48.17,48.12,48.12,1000,2021-04-21 14:48:00,HALO
48.12,48.12,48.07,48.09,500,2021-04-21 14:49:00,HALO
48.08,48.09,48.01,48.01,800,2021-04-21 14:50:00,HALO
48.0,48.0,47.9,47.9,935,2021-04-21 14:51:00,HALO
47.95,47.96,47.93,47.93,700,2021-04-21 14:53:00,HALO
47.94,47.94,47.94,47.94,100,2021-04-21 14:54:00,HALO
47.955,47.955,47.955,47.955,100,2021-04-21 14:55:00,HALO
47.94,47.97,47.93,47.95,1250,2021-04-21 14:56:00,HALO
47.98,47.98,47.93,47.95,1242,2021-04-21 14:57:00,HALO
47.94,47.94,47.94,47.94,100,2021-04-21 14:58:00,HALO
47.91,47.91,47.875,47.875,1400,2021-04-21 14:59:00,HALO
47.91,47.95,47.83,47.93,2100,2021-04-21 15:00:00,HALO
47.92,47.93,47.92,47.925,730,2021-04-21 15:01:00,HALO
47.9,47.92,47.9,47.92,400,2021-04-21 15:02:00,HALO
47.95,47.95,47.94,47.94,200,2021-04-21 15:03:00,HALO
47.96,47.97,47.89,47.91,1700,2021-04-21 15:04:00,HALO
47.92,47.96,47.92,47.95,800,2021-04-21 15:05:00,HALO
48.0,48.01,47.99,47.99,1100,2021-04-21 15:06:00,HALO
47.98,48.0,47.91,47.91,1700,2021-04-21 15:08:00,HALO
47.92,47.92,47.84,47.85,911,2021-04-21 15:09:00,HALO
47.85,47.85,47.83,47.83,600,2021-04-21 15:10:00,HALO
47.85,47.9,47.84,47.9,1272,2021-04-21 15:11:00,HALO
47.9,47.92,47.89,47.91,1090,2021-04-21 15:12:00,HALO
47.93,47.95,47.93,47.94,400,2021-04-21 15:13:00,HALO
47.93,47.94,47.93,47.94,200,2021-04-21 15:14:00,HALO
47.98,48.0,47.98,48.0,400,2021-04-21 15:16:00,HALO
47.97,47.98,47.96,47.96,800,2021-04-21 15:17:00,HALO
47.96,47.96,47.92,47.95,1350,2021-04-21 15:18:00,HALO
47.95,47.95,47.94,47.95,300,2021-04-21 15:19:00,HALO
47.9,47.93,47.88,47.88,1200,2021-04-21 15:20:00,HALO
47.88,47.88,47.88,47.88,100,2021-04-21 15:21:00,HALO
47.875,47.875,47.81,47.81,900,2021-04-21 15:22:00,HALO
47.79,47.79,47.75,47.78,1523,2021-04-21 15:23:00,HALO
47.78,47.78,47.77,47.78,622,2021-04-21 15:24:00,HALO
47.73,47.73,47.71,47.73,300,2021-04-21 15:25:00,HALO
47.685,47.685,47.65,47.65,600,2021-04-21 15:27:00,HALO
47.67,47.68,47.67,47.68,600,2021-04-21 15:28:00,HALO
47.65,47.65,47.65,47.65,100,2021-04-21 15:29:00,HALO
47.62,47.7,47.62,47.7,2000,2021-04-21 15:30:00,HALO
47.7,47.73,47.68,47.73,1817,2021-04-21 15:31:00,HALO
47.76,47.76,47.76,47.76,200,2021-04-21 15:32:00,HALO
47.81,47.83,47.81,47.81,400,2021-04-21 15:33:00,HALO
47.81,47.84,47.81,47.84,900,2021-04-21 15:34:00,HALO
47.8,47.83,47.74,47.74,600,2021-04-21 15:35:00,HALO
47.73,47.73,47.73,47.73,100,2021-04-21 15:36:00,HALO
47.72,47.745,47.7092,47.745,1377,2021-04-21 15:37:00,HALO
47.75,47.75,47.75,47.75,219,2021-04-21 15:38:00,HALO
47.77,47.8,47.74,47.755,900,2021-04-21 15:39:00,HALO
47.765,47.765,47.765,47.765,100,2021-04-21 15:40:00,HALO
47.8,47.815,47.8,47.815,500,2021-04-21 15:41:00,HALO
47.83,47.83,47.825,47.825,200,2021-04-21 15:42:00,HALO
47.83,47.9,47.82,47.9,1400,2021-04-21 15:43:00,HALO
47.905,47.93,47.9,47.93,1050,2021-04-21 15:44:00,HALO
47.9,47.97,47.9,47.945,1000,2021-04-21 15:45:00,HALO
47.9794,48.02,47.9775,48.02,1000,2021-04-21 15:46:00,HALO
47.985,48.07,47.95,48.07,16128,2021-04-21 15:47:00,HALO
48.02,48.045,48.02,48.02,2500,2021-04-21 15:48:00,HALO
48.06,48.075,48.045,48.045,900,2021-04-21 15:49:00,HALO
48.08,48.08,48.05,48.05,750,2021-04-21 15:50:00,HALO
48.065,48.09,48.05,48.09,899,2021-04-21 15:52:00,HALO
48.095,48.1,48.09,48.1,2100,2021-04-21 15:53:00,HALO
48.0908,48.16,48.09,48.155,5896,2021-04-21 15:54:00,HALO
48.14,48.15,48.12,48.125,900,2021-04-21 15:55:00,HALO
48.145,48.18,48.145,48.17,600,2021-04-21 15:56:00,HALO
48.165,48.165,48.165,48.165,100,2021-04-21 15:58:00,HALO
48.165,48.165,48.14,48.16,1500,2021-04-21 15:59:00,HALO
48.15,48.15,48.13,48.135,1793,2021-04-21 16:00:00,HALO
48.135,48.135,48.135,48.135,100,2021-04-21 16:01:00,HALO
48.1463,48.2,48.09,48.2,6962,2021-04-21 16:02:00,HALO
48.22,48.3,48.22,48.25,2980,2021-04-21 16:03:00,HALO
48.26,48.26,48.26,48.26,100,2021-04-21 16:04:00,HALO
48.26,48.3,48.26,48.28,5109,2021-04-21 16:05:00,HALO
48.27,48.27,48.26,48.265,706,2021-04-21 16:06:00,HALO
48.27,48.29,48.27,48.29,200,2021-04-21 16:08:00,HALO
48.3,48.3099,48.26,48.28,5100,2021-04-21 16:09:00,HALO
48.25,48.2897,48.25,48.25,702,2021-04-21 16:10:00,HALO
48.24,48.26,48.24,48.24,832,2021-04-21 16:11:00,HALO
48.2,48.2,48.2,48.2,100,2021-04-21 16:12:00,HALO
48.2,48.2,48.2,48.2,200,2021-04-21 16:13:00,HALO
48.2,48.2,48.2,48.2,400,2021-04-21 16:14:00,HALO
48.21,48.22,48.2,48.2,900,2021-04-21 16:15:00,HALO
48.13,48.13,48.13,48.13,100,2021-04-21 16:16:00,HALO
48.165,48.22,48.13,48.22,2000,2021-04-21 16:17:00,HALO
48.25,48.28,48.25,48.28,1800,2021-04-21 16:18:00,HALO
48.27,48.27,48.26,48.27,700,2021-04-21 16:19:00,HALO
48.27,48.285,48.27,48.285,300,2021-04-21 16:20:00,HALO
48.285,48.285,48.285,48.285,200,2021-04-21 16:21:00,HALO
48.31,48.37,48.31,48.37,1085,2021-04-21 16:22:00,HALO
48.37,48.37,48.345,48.37,1054,2021-04-21 16:23:00,HALO
48.39,48.39,48.38,48.38,200,2021-04-21 16:25:00,HALO
48.395,48.42,48.38,48.42,1553,2021-04-21 16:26:00,HALO
48.41,48.41,48.385,48.385,600,2021-04-21 16:27:00,HALO
48.41,48.41,48.38,48.41,2588,2021-04-21 16:28:00,HALO
48.42,48.42,48.4,48.42,400,2021-04-21 16:29:00,HALO
48.4,48.4,48.4,48.4,100,2021-04-21 16:30:00,HALO
48.405,48.42,48.4,48.4,300,2021-04-21 16:31:00,HALO
48.38,48.395,48.31,48.31,900,2021-04-21 16:32:00,HALO
48.34,48.34,48.34,48.34,500,2021-04-21 16:33:00,HALO
48.3,48.31,48.3,48.31,500,2021-04-21 16:35:00,HALO
48.325,48.325,48.325,48.325,100,2021-04-21 16:36:00,HALO
48.35,48.35,48.32,48.32,200,2021-04-21 16:37:00,HALO
48.37,48.97,48.37,48.585,34819,2021-04-21 16:38:00,HALO
48.61,48.669,48.61,48.669,200,2021-04-21 16:39:00,HALO
48.57,48.57,48.55,48.56,700,2021-04-21 16:40:00,HALO
48.44,48.44,48.42,48.44,600,2021-04-21 16:42:00,HALO
48.39,48.39,48.39,48.39,100,2021-04-21 16:43:00,HALO
48.39,48.41,48.39,48.41,800,2021-04-21 16:44:00,HALO
48.39,48.39,48.38,48.38,400,2021-04-21 16:45:00,HALO
48.35,48.35,48.33,48.35,600,2021-04-21 16:46:00,HALO
48.3,48.3,48.26,48.26,400,2021-04-21 16:47:00,HALO
48.28,48.32,48.28,48.28,1050,2021-04-21 16:48:00,HALO
48.27,48.27,48.26,48.26,400,2021-04-21 16:49:00,HALO
48.27,48.29,48.24,48.24,1166,2021-04-21 16:50:00,HALO
48.29,48.29,48.25,48.25,300,2021-04-21 16:51:00,HALO
48.28,48.28,48.27,48.27,500,2021-04-21 16:53:00,HALO
48.27,48.27,48.27,48.27,800,2021-04-21 16:54:00,HALO
48.25,48.25,48.24,48.24,1700,2021-04-21 16:55:00,HALO
48.25,48.25,48.23,48.23,1600,2021-04-21 16:56:00,HALO
48.2,48.2,48.2,48.2,200,2021-04-21 16:57:00,HALO
48.25,48.3,48.25,48.29,3100,2021-04-21 17:00:00,HALO
48.3,48.3,48.28,48.28,200,2021-04-21 17:01:00,HALO
48.29,48.29,48.29,48.29,100,2021-04-21 17:02:00,HALO
48.36,48.36,48.32,48.32,200,2021-04-21 17:03:00,HALO
48.34,48.34,48.32,48.32,1200,2021-04-21 17:04:00,HALO
48.37,48.39,48.36,48.36,1121,2021-04-21 17:08:00,HALO
48.36,48.36,48.36,48.36,538,2021-04-21 17:09:00,HALO
48.41,48.41,48.41,48.41,100,2021-04-21 17:10:00,HALO
48.36,48.39,48.34,48.39,900,2021-04-21 17:11:00,HALO
48.36,48.36,48.35,48.35,600,2021-04-21 17:13:00,HALO
48.39,48.41,48.37,48.37,2390,2021-04-21 17:14:00,HALO
48.399,48.43,48.398,48.41,1700,2021-04-21 17:15:00,HALO
48.4,48.4,48.4,48.4,350,2021-04-21 17:16:00,HALO
48.44,48.58,48.4387,48.51,11413,2021-04-21 17:19:00,HALO
48.53,48.53,48.53,48.53,100,2021-04-21 17:20:00,HALO
48.485,48.485,48.485,48.485,120,2021-04-21 17:23:00,HALO
48.48,48.5,48.48,48.48,739,2021-04-21 17:24:00,HALO
48.48,48.51,48.45,48.51,3300,2021-04-21 17:27:00,HALO
48.524,48.56,48.51,48.56,730,2021-04-21 17:28:00,HALO
48.56,48.6,48.55,48.56,2280,2021-04-21 17:30:00,HALO
48.56,48.56,48.56,48.56,100,2021-04-21 17:31:00,HALO
48.5446,48.61,48.54,48.61,1400,2021-04-21 17:32:00,HALO
48.5883,48.5883,48.5883,48.5883,110,2021-04-21 17:34:00,HALO
48.575,48.575,48.575,48.575,200,2021-04-21 17:36:00,HALO
48.59,48.62,48.58,48.61,1600,2021-04-21 17:37:00,HALO
48.63,48.63,48.6,48.6,810,2021-04-21 17:38:00,HALO
48.62,48.62,48.62,48.62,100,2021-04-21 17:39:00,HALO
48.65,48.67,48.65,48.67,461,2021-04-21 17:40:00,HALO
48.69,48.69,48.69,48.69,100,2021-04-21 17:41:00,HALO
48.67,48.67,48.67,48.67,100,2021-04-21 17:42:00,HALO
48.69,48.705,48.69,48.69,1500,2021-04-21 17:44:00,HALO
48.68,48.68,48.67,48.67,786,2021-04-21 17:45:00,HALO
48.66,48.6813,48.64,48.6813,810,2021-04-21 17:46:00,HALO
48.67,48.67,48.66,48.66,300,2021-04-21 17:47:00,HALO
48.67,48.69,48.67,48.69,800,2021-04-21 17:49:00,HALO
48.72,48.75,48.72,48.75,600,2021-04-21 17:50:00,HALO
48.73,48.73,48.71,48.71,1420,2021-04-21 17:53:00,HALO
48.72,48.73,48.72,48.73,1360,2021-04-21 17:54:00,HALO
48.74,48.74,48.74,48.74,100,2021-04-21 17:55:00,HALO
48.76,48.76,48.75,48.76,900,2021-04-21 17:56:00,HALO
48.74,48.74,48.725,48.73,1300,2021-04-21 17:58:00,HALO
48.73,48.77,48.73,48.77,1281,2021-04-21 17:59:00,HALO
48.81,48.81,48.81,48.81,100,2021-04-21 18:00:00,HALO
48.78,48.83,48.78,48.83,800,2021-04-21 18:01:00,HALO
48.84,48.84,48.83,48.83,1000,2021-04-21 18:02:00,HALO
48.81,48.81,48.79,48.795,300,2021-04-21 18:05:00,HALO
48.79,48.79,48.73,48.73,1300,2021-04-21 18:07:00,HALO
48.7208,48.74,48.7208,48.74,300,2021-04-21 18:08:00,HALO
48.74,48.74,48.74,48.74,300,2021-04-21 18:09:00,HALO
48.7,48.7,48.7,48.7,219,2021-04-21 18:10:00,HALO
48.61,48.71,48.61,48.69,1000,2021-04-21 18:11:00,HALO
48.72,48.72,48.72,48.72,100,2021-04-21 18:12:00,HALO
48.71,48.73,48.71,48.71,2100,2021-04-21 18:13:00,HALO
48.72,48.73,48.7,48.73,3850,2021-04-21 18:14:00,HALO
48.72,48.76,48.72,48.76,2793,2021-04-21 18:15:00,HALO
48.8,48.84,48.79,48.82,2200,2021-04-21 18:16:00,HALO
48.81,48.825,48.8,48.815,2000,2021-04-21 18:17:00,HALO
48.8,48.81,48.8,48.81,600,2021-04-21 18:18:00,HALO
48.82,48.84,48.82,48.84,1200,2021-04-21 18:19:00,HALO
48.89,48.91,48.86,48.86,3186,2021-04-21 18:20:00,HALO
48.88,48.88,48.87,48.88,451,2021-04-21 18:22:00,HALO
48.87,48.875,48.85,48.85,900,2021-04-21 18:23:00,HALO
48.86,48.88,48.85,48.855,900,2021-04-21 18:24:00,HALO
48.84,48.87,48.83,48.87,600,2021-04-21 18:25:00,HALO
48.865,48.87,48.8405,48.8405,1200,2021-04-21 18:27:00,HALO
48.87,48.89,48.865,48.875,815,2021-04-21 18:28:00,HALO
48.86,48.86,48.84,48.85,400,2021-04-21 18:29:00,HALO
48.87,48.89,48.87,48.89,600,2021-04-21 18:30:00,HALO
48.87,48.87,48.87,48.87,600,2021-04-21 18:31:00,HALO
48.87,48.87,48.87,48.87,100,2021-04-21 18:32:00,HALO
48.85,48.87,48.85,48.87,400,2021-04-21 18:33:00,HALO
48.85,48.85,48.85,48.85,100,2021-04-21 18:34:00,HALO
48.83,48.84,48.82,48.83,1839,2021-04-21 18:35:00,HALO
48.825,48.83,48.8,48.83,1942,2021-04-21 18:36:00,HALO
48.8,48.82,48.8,48.82,300,2021-04-21 18:37:00,HALO
48.8,48.8,48.77,48.77,1000,2021-04-21 18:38:00,HALO
48.76,48.765,48.76,48.765,300,2021-04-21 18:39:00,HALO
48.72,48.75,48.71,48.71,1100,2021-04-21 18:40:00,HALO
48.72,48.72,48.7,48.7,720,2021-04-21 18:41:00,HALO
48.72,48.72,48.67,48.67,501,2021-04-21 18:42:00,HALO
48.641,48.68,48.6,48.6,2085,2021-04-21 18:43:00,HALO
48.5801,48.63,48.5801,48.62,1200,2021-04-21 18:44:00,HALO
48.6,48.65,48.6,48.63,800,2021-04-21 18:45:00,HALO
48.61,48.61,48.59,48.59,400,2021-04-21 18:46:00,HALO
48.58,48.58,48.58,48.58,100,2021-04-21 18:47:00,HALO
48.58,48.59,48.56,48.56,500,2021-04-21 18:48:00,HALO
48.58,48.585,48.53,48.53,700,2021-04-21 18:49:00,HALO
48.59,48.59,48.58,48.58,200,2021-04-21 18:50:00,HALO
48.521,48.59,48.521,48.56,800,2021-04-21 18:51:00,HALO
48.56,48.58,48.55,48.56,500,2021-04-21 18:52:00,HALO
48.59,48.59,48.59,48.59,100,2021-04-21 18:53:00,HALO
48.59,48.66,48.59,48.66,1696,2021-04-21 18:54:00,HALO
48.64,48.64,48.63,48.63,1010,2021-04-21 18:55:00,HALO
48.66,48.69,48.66,48.69,500,2021-04-21 18:56:00,HALO
48.685,48.7,48.685,48.7,300,2021-04-21 18:58:00,HALO
48.69,48.7,48.66,48.67,1900,2021-04-21 18:59:00,HALO
48.67,48.67,48.64,48.67,1426,2021-04-21 19:00:00,HALO
48.65,48.65,48.64,48.64,200,2021-04-21 19:01:00,HALO
48.655,48.655,48.655,48.655,100,2021-04-21 19:02:00,HALO
48.65,48.7,48.65,48.7,1300,2021-04-21 19:03:00,HALO
48.69,48.69,48.6802,48.6802,5100,2021-04-21 19:04:00,HALO
48.68,48.75,48.68,48.71,1767,2021-04-21 19:05:00,HALO
48.73,48.73,48.73,48.73,300,2021-04-21 19:06:00,HALO
48.73,48.74,48.73,48.74,200,2021-04-21 19:08:00,HALO
48.755,48.82,48.755,48.82,600,2021-04-21 19:09:00,HALO
48.84,48.84,48.8,48.84,900,2021-04-21 19:10:00,HALO
48.87,48.95,48.865,48.93,3494,2021-04-21 19:12:00,HALO
48.9,48.96,48.9,48.95,300,2021-04-21 19:13:00,HALO
48.95,48.95,48.91,48.95,2001,2021-04-21 19:14:00,HALO
48.95,48.95,48.885,48.885,2700,2021-04-21 19:15:00,HALO
48.885,48.91,48.88,48.885,1008,2021-04-21 19:16:00,HALO
48.895,48.895,48.88,48.88,1610,2021-04-21 19:18:00,HALO
48.88,48.91,48.88,48.91,950,2021-04-21 19:19:00,HALO
48.92,48.925,48.89,48.89,700,2021-04-21 19:20:00,HALO
48.88,48.88,48.86,48.86,800,2021-04-21 19:21:00,HALO
48.87,48.87,48.86,48.86,248,2021-04-21 19:22:00,HALO
48.85,48.85,48.805,48.805,1300,2021-04-21 19:23:00,HALO
48.79,48.79,48.78,48.78,400,2021-04-21 19:24:00,HALO
48.775,48.775,48.775,48.775,100,2021-04-21 19:25:00,HALO
48.77,48.77,48.73,48.73,1300,2021-04-21 19:26:00,HALO
48.7,48.74,48.7,48.74,15100,2021-04-21 19:27:00,HALO
48.72,48.72,48.68,48.68,1558,2021-04-21 19:28:00,HALO
48.67,48.67,48.645,48.645,500,2021-04-21 19:29:00,HALO
48.62,48.68,48.62,48.68,3157,2021-04-21 19:30:00,HALO
48.665,48.665,48.65,48.655,1000,2021-04-21 19:31:00,HALO
48.66,48.68,48.65,48.65,1024,2021-04-21 19:32:00,HALO
48.6497,48.72,48.64,48.72,3149,2021-04-21 19:33:00,HALO
48.71,48.85,48.71,48.85,6904,2021-04-21 19:34:00,HALO
48.835,48.85,48.77,48.77,2796,2021-04-21 19:35:00,HALO
48.765,48.765,48.73,48.73,400,2021-04-21 19:36:00,HALO
48.72,48.72,48.69,48.7,2070,2021-04-21 19:37:00,HALO
48.68,48.68,48.64,48.64,1300,2021-04-21 19:38:00,HALO
48.64,48.67,48.64,48.65,1948,2021-04-21 19:39:00,HALO
48.62,48.62,48.55,48.55,1400,2021-04-21 19:40:00,HALO
48.55,48.63,48.54,48.55,2690,2021-04-21 19:41:00,HALO
48.55,48.58,48.54,48.58,725,2021-04-21 19:42:00,HALO
48.55,48.6,48.52,48.59,1794,2021-04-21 19:43:00,HALO
48.58,48.59,48.575,48.59,981,2021-04-21 19:44:00,HALO
48.59,48.59,48.55,48.55,1600,2021-04-21 19:45:00,HALO
48.55,48.6399,48.52,48.6399,7918,2021-04-21 19:46:00,HALO
48.59,48.62,48.59,48.6,700,2021-04-21 19:47:00,HALO
48.6,48.64,48.6,48.62,1902,2021-04-21 19:48:00,HALO
48.6,48.68,48.6,48.6722,2442,2021-04-21 19:49:00,HALO
48.63,48.645,48.6,48.62,3071,2021-04-21 19:50:00,HALO
48.61,48.63,48.57,48.62,4473,2021-04-21 19:51:00,HALO
48.6,48.64,48.6,48.64,2624,2021-04-21 19:52:00,HALO
48.64,48.66,48.61,48.61,3000,2021-04-21 19:53:00,HALO
48.61,48.66,48.58,48.65,5384,2021-04-21 19:54:00,HALO
48.62,48.65,48.62,48.63,2272,2021-04-21 19:55:00,HALO
48.63,48.68,48.6171,48.66,8978,2021-04-21 19:56:00,HALO
48.64,48.74,48.63,48.74,5456,2021-04-21 19:57:00,HALO
48.74,48.82,48.73,48.82,11314,2021-04-21 19:58:00,HALO
48.83,48.9,48.8,48.84,41251,2021-04-21 19:59:00,HALO
48.84,48.84,48.84,48.84,151896,2021-04-21 20:00:00,HALO
48.84,48.84,48.84,48.84,15000,2021-04-21 20:01:00,HALO
46.45,48.51,46.45,48.51,700,2021-04-22 13:14:00,HALO
48.6,48.6,48.6,48.6,300,2021-04-22 13:15:00,HALO
48.8,48.8,48.8,48.8,500,2021-04-22 13:17:00,HALO
49.1,49.1,49.1,49.1,643,2021-04-22 13:18:00,HALO
48.8299,48.83,48.8299,48.83,1300,2021-04-22 13:20:00,HALO
48.9999,48.9999,48.9999,48.9999,100,2021-04-22 13:22:00,HALO
48.99,48.99,48.99,48.99,200,2021-04-22 13:23:00,HALO
49.04,49.04,49.04,49.04,500,2021-04-22 13:24:00,HALO
48.65,48.65,48.65,48.65,7393,2021-04-22 13:30:00,HALO
48.87,48.87,48.76,48.76,200,2021-04-22 13:31:00,HALO
48.88,49.0699,48.88,49.0699,907,2021-04-22 13:32:00,HALO
48.99,49.07,48.99,49.07,386,2021-04-22 13:33:00,HALO
49.0,49.0338,49.0,49.0338,300,2021-04-22 13:34:00,HALO
48.995,49.0105,48.995,48.995,1731,2021-04-22 13:35:00,HALO
48.995,49.02,48.86,49.02,4400,2021-04-22 13:36:00,HALO
48.98,48.99,48.93,48.93,800,2021-04-22 13:37:00,HALO
48.89,49.02,48.89,49.02,1000,2021-04-22 13:39:00,HALO
49.08,49.14,49.03,49.14,3802,2021-04-22 13:40:00,HALO
49.12,49.13,49.07,49.13,2704,2021-04-22 13:41:00,HALO
49.05,49.06,49.03,49.03,850,2021-04-22 13:42:00,HALO
49.1325,49.1325,48.9001,48.905,3055,2021-04-22 13:43:00,HALO
48.85,48.85,48.7,48.76,2336,2021-04-22 13:44:00,HALO
48.71,48.72,48.7,48.7,1000,2021-04-22 13:45:00,HALO
48.73,48.91,48.69,48.835,3100,2021-04-22 13:46:00,HALO
48.86,48.91,48.76,48.85,3200,2021-04-22 13:47:00,HALO
48.833,48.99,48.825,48.9482,2418,2021-04-22 13:48:00,HALO
48.84,49.005,48.79,48.96,2968,2021-04-22 13:49:00,HALO
49.03,49.19,48.99,49.16,4448,2021-04-22 13:50:00,HALO
48.99,48.99,48.95,48.95,1900,2021-04-22 13:51:00,HALO
48.9222,48.95,48.83,48.95,987,2021-04-22 13:52:00,HALO
48.9,49.03,48.9,48.99,3029,2021-04-22 13:53:00,HALO
49.01,49.1,48.99,49.07,2400,2021-04-22 13:54:00,HALO
49.1,49.15,49.09,49.15,800,2021-04-22 13:55:00,HALO
49.11,49.135,49.1,49.135,700,2021-04-22 13:56:00,HALO
49.06,49.11,49.06,49.11,1166,2021-04-22 13:57:00,HALO
49.15,49.19,49.05,49.05,2501,2021-04-22 13:58:00,HALO
49.055,49.09,49.0085,49.06,2080,2021-04-22 13:59:00,HALO
49.01,49.06,48.98,49.04,2481,2021-04-22 14:00:00,HALO
49.02,49.09,49.02,49.09,1128,2021-04-22 14:01:00,HALO
49.08,49.09,49.06,49.09,1051,2021-04-22 14:02:00,HALO
49.03,49.1,49.03,49.03,400,2021-04-22 14:03:00,HALO
49.02,49.02,48.96,49.01,1100,2021-04-22 14:04:00,HALO
49.03,49.1,49.02,49.06,1200,2021-04-22 14:05:00,HALO
49.06,49.06,48.9701,48.9701,747,2021-04-22 14:06:00,HALO
49.025,49.05,48.99,49.0341,1000,2021-04-22 14:07:00,HALO
48.97,48.99,48.93,48.95,400,2021-04-22 14:08:00,HALO
48.98,49.03,48.98,49.03,1300,2021-04-22 14:09:00,HALO
49.0,49.0,49.0,49.0,100,2021-04-22 14:10:00,HALO
49.01,49.03,48.98,49.005,1550,2021-04-22 14:11:00,HALO
49.0,49.03,48.9,48.9,1320,2021-04-22 14:12:00,HALO
48.895,48.94,48.895,48.92,600,2021-04-22 14:14:00,HALO
48.95,48.95,48.87,48.87,556,2021-04-22 14:15:00,HALO
48.91,48.91,48.77,48.79,2480,2021-04-22 14:16:00,HALO
48.7646,48.85,48.7646,48.85,454,2021-04-22 14:17:00,HALO
48.875,48.91,48.875,48.91,600,2021-04-22 14:18:00,HALO
48.95,49.015,48.9,48.9,763,2021-04-22 14:20:00,HALO
48.9125,48.94,48.855,48.855,1100,2021-04-22 14:21:00,HALO
48.88,48.935,48.83,48.83,900,2021-04-22 14:22:00,HALO
48.835,48.87,48.83,48.87,302,2021-04-22 14:23:00,HALO
48.9,49.0,48.9,49.0,770,2021-04-22 14:24:00,HALO
49.09,49.09,49.08,49.08,200,2021-04-22 14:25:00,HALO
49.1,49.1,49.09,49.095,500,2021-04-22 14:26:00,HALO
49.095,49.1,49.06,49.07,3100,2021-04-22 14:27:00,HALO
49.09,49.1063,49.05,49.085,1431,2021-04-22 14:28:00,HALO
49.12,49.135,49.1,49.12,1354,2021-04-22 14:29:00,HALO
49.12,49.19,49.12,49.185,1400,2021-04-22 14:30:00,HALO
49.18,49.225,49.18,49.22,1221,2021-04-22 14:31:00,HALO
49.26,49.26,49.26,49.26,100,2021-04-22 14:32:00,HALO
49.26,49.275,49.25,49.27,409,2021-04-22 14:33:00,HALO
49.23,49.2461,49.225,49.225,300,2021-04-22 14:34:00,HALO
49.205,49.205,49.14,49.14,300,2021-04-22 14:35:00,HALO
49.115,49.15,49.11,49.13,1500,2021-04-22 14:36:00,HALO
49.1,49.13,49.1,49.13,200,2021-04-22 14:37:00,HALO
49.1,49.225,49.1,49.225,1690,2021-04-22 14:38:00,HALO
49.24,49.26,49.24,49.25,474,2021-04-22 14:39:00,HALO
49.27,49.29,49.24,49.24,1300,2021-04-22 14:40:00,HALO
49.23,49.33,49.23,49.33,1000,2021-04-22 14:41:00,HALO
49.34,49.37,49.34,49.34,2220,2021-04-22 14:42:00,HALO
49.34,49.34,49.29,49.29,700,2021-04-22 14:43:00,HALO
49.3,49.335,49.3,49.335,900,2021-04-22 14:44:00,HALO
49.345,49.345,49.345,49.345,300,2021-04-22 14:45:00,HALO
49.345,49.345,49.345,49.345,200,2021-04-22 14:46:00,HALO
49.355,49.42,49.355,49.42,600,2021-04-22 14:47:00,HALO
49.4,49.45,49.4,49.43,600,2021-04-22 14:48:00,HALO
49.435,49.5,49.42,49.5,1200,2021-04-22 14:49:00,HALO
49.53,49.61,49.51,49.51,1320,2021-04-22 14:50:00,HALO
49.56,49.56,49.54,49.54,300,2021-04-22 14:51:00,HALO
49.545,49.62,49.545,49.62,800,2021-04-22 14:52:00,HALO
49.65,49.6685,49.65,49.6685,939,2021-04-22 14:53:00,HALO
49.64,49.67,49.61,49.62,1982,2021-04-22 14:55:00,HALO
49.625,49.72,49.625,49.72,300,2021-04-22 14:56:00,HALO
49.7,49.7,49.7,49.7,100,2021-04-22 14:57:00,HALO
49.735,49.735,49.72,49.72,200,2021-04-22 14:58:00,HALO
49.725,49.725,49.69,49.72,1288,2021-04-22 14:59:00,HALO
49.75,49.82,49.75,49.8,4873,2021-04-22 15:00:00,HALO
49.83,49.83,49.83,49.83,100,2021-04-22 15:01:00,HALO
49.83,49.83,49.77,49.77,200,2021-04-22 15:03:00,HALO
49.795,49.795,49.79,49.79,300,2021-04-22 15:04:00,HALO
49.82,49.82,49.72,49.73,1000,2021-04-22 15:05:00,HALO
49.78,49.845,49.78,49.82,1300,2021-04-22 15:06:00,HALO
49.87,49.9,49.85,49.89,2297,2021-04-22 15:07:00,HALO
49.845,49.92,49.845,49.92,900,2021-04-22 15:08:00,HALO
49.9,49.9,49.87,49.87,900,2021-04-22 15:09:00,HALO
49.845,49.87,49.8202,49.86,620,2021-04-22 15:10:00,HALO
49.84,49.84,49.84,49.84,100,2021-04-22 15:11:00,HALO
49.81,49.91,49.81,49.905,3645,2021-04-22 15:12:00,HALO
49.88,49.91,49.875,49.875,600,2021-04-22 15:13:00,HALO
49.92,49.94,49.88,49.91,2500,2021-04-22 15:14:00,HALO
49.94,49.94,49.87,49.87,700,2021-04-22 15:15:00,HALO
49.87,49.91,49.87,49.91,900,2021-04-22 15:16:00,HALO
49.9,49.91,49.89,49.89,300,2021-04-22 15:17:00,HALO
49.91,49.93,49.89,49.9,1880,2021-04-22 15:18:00,HALO
49.92,50.1,49.92,50.1,25544,2021-04-22 15:19:00,HALO
50.0851,50.19,50.05,50.13,1250,2021-04-22 15:20:00,HALO
50.15,50.16,49.95,50.04,2980,2021-04-22 15:21:00,HALO
50.05,50.08,50.05,50.08,200,2021-04-22 15:22:00,HALO
50.08,50.08,50.08,50.08,100,2021-04-22 15:23:00,HALO
50.15,50.15,50.15,50.15,100,2021-04-22 15:24:00,HALO
50.08,50.08,50.08,50.08,200,2021-04-22 15:25:00,HALO
50.1164,50.1164,50.1164,50.1164,500,2021-04-22 15:26:00,HALO
50.08,50.13,50.08,50.09,1400,2021-04-22 15:27:00,HALO
50.09,50.09,50.09,50.09,100,2021-04-22 15:28:00,HALO
50.07,50.07,50.03,50.03,923,2021-04-22 15:29:00,HALO
50.03,50.03,50.03,50.03,500,2021-04-22 15:30:00,HALO
50.06,50.06,50.06,50.06,300,2021-04-22 15:31:00,HALO
50.1,50.12,50.1,50.12,200,2021-04-22 15:32:00,HALO
50.14,50.14,50.14,50.14,100,2021-04-22 15:33:00,HALO
50.16,50.18,50.16,50.18,700,2021-04-22 15:34:00,HALO
50.21,50.21,50.2,50.2,2000,2021-04-22 15:36:00,HALO
50.2,50.2,50.16,50.16,800,2021-04-22 15:37:00,HALO
50.16,50.21,50.16,50.2,1367,2021-04-22 15:38:00,HALO
50.17,50.17,50.17,50.17,100,2021-04-22 15:39:00,HALO
50.18,50.18,50.18,50.18,100,2021-04-22 15:41:00,HALO
50.17,50.21,50.15,50.21,12101,2021-04-22 15:42:00,HALO
50.21,50.25,50.19,50.25,2000,2021-04-22 15:43:00,HALO
50.18,50.2868,50.18,50.2868,3083,2021-04-22 15:44:00,HALO
50.29,50.29,50.26,50.29,600,2021-04-22 15:46:00,HALO
50.29,50.32,50.29,50.31,900,2021-04-22 15:47:00,HALO
50.31,50.33,50.27,50.27,1000,2021-04-22 15:48:00,HALO
50.28,50.3,50.28,50.285,800,2021-04-22 15:49:00,HALO
50.27,50.27,50.25,50.25,2200,2021-04-22 15:50:00,HALO
50.3,50.3,50.3,50.3,200,2021-04-22 15:51:00,HALO
50.34,50.37,50.34,50.37,1360,2021-04-22 15:52:00,HALO
50.365,50.4,50.365,50.3985,1061,2021-04-22 15:53:00,HALO
50.3666,50.3666,50.34,50.36,856,2021-04-22 15:54:00,HALO
50.37,50.38,50.355,50.355,991,2021-04-22 15:55:00,HALO
50.38,50.41,50.38,50.41,613,2021-04-22 15:56:00,HALO
50.39,50.39,50.38,50.385,300,2021-04-22 15:57:00,HALO
50.34,50.38,50.33,50.36,4100,2021-04-22 15:58:00,HALO
50.36,50.38,50.36,50.38,1200,2021-04-22 15:59:00,HALO
50.4,50.43,50.38,50.395,1220,2021-04-22 16:00:00,HALO
50.375,50.375,50.34,50.34,1400,2021-04-22 16:01:00,HALO
50.335,50.335,50.295,50.295,1500,2021-04-22 16:02:00,HALO
50.32,50.33,50.25,50.25,2406,2021-04-22 16:03:00,HALO
50.2221,50.2221,50.2221,50.2221,100,2021-04-22 16:04:00,HALO
50.25,50.28,50.235,50.278,600,2021-04-22 16:05:00,HALO
50.25,50.27,50.22,50.22,1375,2021-04-22 16:06:00,HALO
50.23,50.23,50.21,50.22,1852,2021-04-22 16:07:00,HALO
50.19,50.19,50.15,50.15,1500,2021-04-22 16:08:00,HALO
50.17,50.17,50.1604,50.1604,300,2021-04-22 16:09:00,HALO
50.135,50.16,50.12,50.12,1175,2021-04-22 16:10:00,HALO
50.1,50.14,50.1,50.14,500,2021-04-22 16:11:00,HALO
50.12,50.12,50.12,50.12,700,2021-04-22 16:12:00,HALO
50.1362,50.19,50.1362,50.19,1808,2021-04-22 16:14:00,HALO
50.2,50.23,50.2,50.225,600,2021-04-22 16:15:00,HALO
50.23,50.23,50.23,50.23,200,2021-04-22 16:16:00,HALO
50.22,50.25,50.22,50.225,1000,2021-04-22 16:17:00,HALO
50.24,50.24,50.225,50.225,897,2021-04-22 16:18:00,HALO
50.22,50.25,50.22,50.22,1200,2021-04-22 16:19:00,HALO
50.2,50.21,50.18,50.19,1982,2021-04-22 16:20:00,HALO
50.17,50.17,50.15,50.15,300,2021-04-22 16:21:00,HALO
50.2,50.21,50.2,50.21,800,2021-04-22 16:22:00,HALO
50.185,50.185,50.185,50.185,200,2021-04-22 16:24:00,HALO
50.22,50.22,50.195,50.195,700,2021-04-22 16:25:00,HALO
50.16,50.19,50.16,50.16,800,2021-04-22 16:26:00,HALO
50.15,50.19,50.15,50.16,1600,2021-04-22 16:27:00,HALO
50.21,50.21,50.21,50.21,100,2021-04-22 16:28:00,HALO
50.2,50.225,50.2,50.2,500,2021-04-22 16:29:00,HALO
50.195,50.195,50.195,50.195,100,2021-04-22 16:30:00,HALO
50.22,50.22,50.22,50.22,100,2021-04-22 16:31:00,HALO
50.21,50.25,50.205,50.25,1350,2021-04-22 16:32:00,HALO
50.26,50.3,50.22,50.22,6301,2021-04-22 16:33:00,HALO
50.23,50.25,50.23,50.25,400,2021-04-22 16:34:00,HALO
50.26,50.26,50.24,50.24,497,2021-04-22 16:36:00,HALO
50.275,50.275,50.275,50.275,200,2021-04-22 16:37:00,HALO
50.3,50.31,50.3,50.31,300,2021-04-22 16:38:00,HALO
50.34,50.34,50.305,50.305,701,2021-04-22 16:39:00,HALO
50.31,50.4,50.31,50.37,3001,2021-04-22 16:40:00,HALO
50.35,50.35,50.32,50.32,1100,2021-04-22 16:42:00,HALO
50.34,50.34,50.305,50.3122,709,2021-04-22 16:43:00,HALO
50.32,50.37,50.32,50.37,700,2021-04-22 16:45:00,HALO
50.37,50.37,50.36,50.37,800,2021-04-22 16:46:00,HALO
50.35,50.35,50.32,50.32,700,2021-04-22 16:48:00,HALO
50.315,50.365,50.315,50.32,19283,2021-04-22 16:49:00,HALO
50.32,50.34,50.3,50.33,400,2021-04-22 16:50:00,HALO
50.33,50.34,50.33,50.335,5400,2021-04-22 16:51:00,HALO
50.325,50.35,50.325,50.35,200,2021-04-22 16:52:00,HALO
50.33,50.3493,50.33,50.3493,1000,2021-04-22 16:53:00,HALO
50.39,50.41,50.39,50.41,400,2021-04-22 16:54:00,HALO
50.4,50.4,50.38,50.38,500,2021-04-22 16:55:00,HALO
50.39,50.45,50.39,50.43,4667,2021-04-22 16:56:00,HALO
50.43,50.44,50.41,50.41,500,2021-04-22 16:57:00,HALO
50.395,50.41,50.395,50.41,200,2021-04-22 16:58:00,HALO
50.415,50.44,50.415,50.44,200,2021-04-22 16:59:00,HALO
50.44,50.44,50.435,50.435,900,2021-04-22 17:00:00,HALO
50.46,50.46,50.435,50.435,402,2021-04-22 17:01:00,HALO
50.46,50.49,50.46,50.49,1600,2021-04-22 17:03:00,HALO
50.48,50.48,50.42,50.43,1279,2021-04-22 17:04:00,HALO
50.44,50.44,50.39,50.39,1000,2021-04-22 17:05:00,HALO
50.39,50.4,50.25,50.4,2607,2021-04-22 17:06:00,HALO
50.34,50.34,50.11,50.19,3239,2021-04-22 17:07:00,HALO
50.1,50.19,50.1,50.19,1000,2021-04-22 17:09:00,HALO
50.09,50.12,50.03,50.05,600,2021-04-22 17:10:00,HALO
50.0,50.0,49.91,49.97,6431,2021-04-22 17:11:00,HALO
49.95,49.96,49.87,49.96,1300,2021-04-22 17:12:00,HALO
49.95,50.0,49.95,50.0,1500,2021-04-22 17:13:00,HALO
50.015,50.05,49.96,50.0,1702,2021-04-22 17:14:00,HALO
50.02,50.02,49.95,50.01,800,2021-04-22 17:15:00,HALO
49.94,49.94,49.94,49.94,100,2021-04-22 17:16:00,HALO
49.92,49.92,49.68,49.68,1600,2021-04-22 17:17:00,HALO
49.74,49.75,49.64,49.64,1100,2021-04-22 17:18:00,HALO
49.645,49.645,49.61,49.61,300,2021-04-22 17:19:00,HALO
49.6,49.62,49.565,49.605,1300,2021-04-22 17:20:00,HALO
49.65,49.76,49.65,49.74,1710,2021-04-22 17:21:00,HALO
49.74,49.74,49.7,49.7,700,2021-04-22 17:22:00,HALO
49.78,49.84,49.78,49.84,900,2021-04-22 17:23:00,HALO
49.89,49.9,49.86,49.87,700,2021-04-22 17:24:00,HALO
49.865,49.89,49.81,49.89,1819,2021-04-22 17:25:00,HALO
49.93,49.93,49.91,49.92,300,2021-04-22 17:26:00,HALO
49.99,49.99,49.99,49.99,100,2021-04-22 17:27:00,HALO
49.98,50.06,49.98,49.99,2209,2021-04-22 17:28:00,HALO
49.98,50.01,49.97,50.01,1100,2021-04-22 17:29:00,HALO
49.98,50.04,49.98,50.02,701,2021-04-22 17:30:00,HALO
49.975,49.975,49.92,49.92,300,2021-04-22 17:31:00,HALO
49.92,50.06,49.92,50.06,1142,2021-04-22 17:32:00,HALO
50.01,50.09,50.01,50.06,813,2021-04-22 17:33:00,HALO
50.03,50.13,50.03,50.13,2094,2021-04-22 17:34:00,HALO
50.13,50.13,50.1,50.1,200,2021-04-22 17:35:00,HALO
50.12,50.12,50.04,50.055,1400,2021-04-22 17:36:00,HALO
50.02,50.02,50.02,50.02,100,2021-04-22 17:37:00,HALO
50.0,50.02,49.91,49.92,800,2021-04-22 17:38:00,HALO
49.97,50.035,49.97,50.01,1460,2021-04-22 17:39:00,HALO
49.99,49.99,49.87,49.93,2748,2021-04-22 17:40:00,HALO
49.895,49.895,49.83,49.83,400,2021-04-22 17:41:00,HALO
49.83,49.85,49.83,49.85,500,2021-04-22 17:42:00,HALO
49.71,49.76,49.7,49.71,1571,2021-04-22 17:43:00,HALO
49.7,49.7,49.61,49.61,2244,2021-04-22 17:44:00,HALO
49.595,49.66,49.595,49.601,2300,2021-04-22 17:45:00,HALO
49.64,49.64,49.59,49.59,400,2021-04-22 17:46:00,HALO
49.59,49.61,49.57,49.57,1173,2021-04-22 17:47:00,HALO
49.6,49.65,49.6,49.62,1000,2021-04-22 17:48:00,HALO
49.54,49.56,49.51,49.56,1757,2021-04-22 17:49:00,HALO
49.55,49.55,49.45,49.45,1895,2021-04-22 17:50:00,HALO
49.44,49.51,49.44,49.51,1400,2021-04-22 17:51:00,HALO
49.5,49.5,49.43,49.43,620,2021-04-22 17:52:00,HALO
49.321,49.34,49.29,49.33,2000,2021-04-22 17:53:00,HALO
49.33,49.39,49.29,49.34,2100,2021-04-22 17:54:00,HALO
49.35,49.36,49.34,49.34,700,2021-04-22 17:55:00,HALO
49.35,49.36,49.32,49.32,300,2021-04-22 17:56:00,HALO
49.32,49.45,49.3,49.42,1900,2021-04-22 17:57:00,HALO
49.44,49.45,49.44,49.45,500,2021-04-22 17:58:00,HALO
49.485,49.485,49.45,49.45,500,2021-04-22 17:59:00,HALO
49.3925,49.3925,49.2,49.21,2887,2021-04-22 18:00:00,HALO
49.25,49.27,49.21,49.27,300,2021-04-22 18:01:00,HALO
49.25,49.26,49.19,49.19,804,2021-04-22 18:02:00,HALO
49.22,49.24,49.161,49.161,1376,2021-04-22 18:03:00,HALO
49.24,49.29,49.23,49.29,700,2021-04-22 18:04:00,HALO
49.25,49.33,49.22,49.32,2112,2021-04-22 18:05:00,HALO
49.3024,49.33,49.3,49.33,502,2021-04-22 18:06:00,HALO
49.33,49.33,49.22,49.22,800,2021-04-22 18:07:00,HALO
49.18,49.2,49.16,49.2,1452,2021-04-22 18:08:00,HALO
49.26,49.32,49.26,49.3,600,2021-04-22 18:09:00,HALO
49.31,49.315,49.24,49.26,1204,2021-04-22 18:10:00,HALO
49.24,49.24,49.23,49.23,200,2021-04-22 18:11:00,HALO
49.2048,49.3,49.2048,49.27,835,2021-04-22 18:12:00,HALO
49.27,49.35,49.27,49.32,600,2021-04-22 18:13:00,HALO
49.51,49.51,49.51,49.51,100,2021-04-22 18:14:00,HALO
49.51,49.52,49.46,49.485,1350,2021-04-22 18:15:00,HALO
49.45,49.5,49.45,49.5,200,2021-04-22 18:16:00,HALO
49.49,49.53,49.49,49.53,500,2021-04-22 18:17:00,HALO
49.52,49.52,49.36,49.36,900,2021-04-22 18:18:00,HALO
49.36,49.39,49.33,49.39,500,2021-04-22 18:19:00,HALO
49.41,49.48,49.41,49.475,110900,2021-04-22 18:20:00,HALO
49.42,49.46,49.41,49.42,2019,2021-04-22 18:21:00,HALO
49.42,49.47,49.39,49.42,5244,2021-04-22 18:22:00,HALO
49.415,49.47,49.415,49.47,1600,2021-04-22 18:23:00,HALO
49.45,49.45,49.4,49.45,3435,2021-04-22 18:24:00,HALO
49.46,49.46,49.43,49.43,701,2021-04-22 18:25:00,HALO
49.41,49.45,49.41,49.45,737,2021-04-22 18:26:00,HALO
49.48,49.54,49.47,49.53,2860,2021-04-22 18:27:00,HALO
49.55,49.58,49.53,49.58,1301,2021-04-22 18:28:00,HALO
49.615,49.615,49.61,49.61,300,2021-04-22 18:29:00,HALO
49.63,49.69,49.6,49.69,2768,2021-04-22 18:31:00,HALO
49.64,49.64,49.62,49.62,220,2021-04-22 18:32:00,HALO
49.615,49.615,49.57,49.59,996,2021-04-22 18:33:00,HALO
49.57,49.6,49.56,49.585,2297,2021-04-22 18:34:00,HALO
49.56,49.56,49.53,49.53,300,2021-04-22 18:35:00,HALO
49.5,49.51,49.455,49.455,900,2021-04-22 18:36:00,HALO
49.48,49.52,49.48,49.52,1100,2021-04-22 18:37:00,HALO
49.545,49.545,49.5,49.52,1861,2021-04-22 18:38:00,HALO
49.55,49.56,49.55,49.56,300,2021-04-22 18:39:00,HALO
49.52,49.55,49.52,49.54,400,2021-04-22 18:41:00,HALO
49.545,49.6,49.53,49.57,3122,2021-04-22 18:42:00,HALO
49.57,49.57,49.56,49.56,800,2021-04-22 18:43:00,HALO
49.58,49.64,49.58,49.64,900,2021-04-22 18:44:00,HALO
49.58,49.6,49.57,49.58,1657,2021-04-22 18:45:00,HALO
49.56,49.6,49.56,49.6,1000,2021-04-22 18:46:00,HALO
49.61,49.63,49.6,49.6,1300,2021-04-22 18:47:00,HALO
49.605,49.605,49.605,49.605,806,2021-04-22 18:48:00,HALO
49.57,49.57,49.495,49.516,3373,2021-04-22 18:49:00,HALO
49.54,49.57,49.54,49.56,600,2021-04-22 18:50:00,HALO
49.53,49.53,49.5,49.505,1300,2021-04-22 18:51:00,HALO
49.52,49.525,49.52,49.525,1000,2021-04-22 18:52:00,HALO
49.52,49.52,49.51,49.51,618,2021-04-22 18:53:00,HALO
49.55,49.56,49.54,49.555,1398,2021-04-22 18:54:00,HALO
49.54,49.55,49.52,49.53,2598,2021-04-22 18:55:00,HALO
49.54,49.62,49.54,49.62,801,2021-04-22 18:56:00,HALO
49.6139,49.6139,49.54,49.54,1229,2021-04-22 18:57:00,HALO
49.55,49.6,49.55,49.57,800,2021-04-22 18:58:00,HALO
49.55,49.5798,49.55,49.5798,300,2021-04-22 18:59:00,HALO
49.545,49.57,49.545,49.55,1651,2021-04-22 19:00:00,HALO
49.57,49.665,49.57,49.62,2064,2021-04-22 19:01:00,HALO
49.66,49.66,49.63,49.635,1386,2021-04-22 19:02:00,HALO
49.64,49.64,49.64,49.64,100,2021-04-22 19:03:00,HALO
49.625,49.63,49.6,49.6,1555,2021-04-22 19:04:00,HALO
49.59,49.59,49.56,49.56,500,2021-04-22 19:05:00,HALO
49.57,49.58,49.57,49.58,400,2021-04-22 19:06:00,HALO
49.58,49.58,49.5,49.55,2163,2021-04-22 19:07:00,HALO
49.5439,49.5439,49.48,49.5,3122,2021-04-22 19:08:00,HALO
49.475,49.54,49.46,49.505,4357,2021-04-22 19:09:00,HALO
49.53,49.54,49.53,49.54,1100,2021-04-22 19:10:00,HALO
49.53,49.55,49.53,49.55,900,2021-04-22 19:11:00,HALO
49.56,49.61,49.56,49.61,1400,2021-04-22 19:13:00,HALO
49.59,49.59,49.56,49.57,830,2021-04-22 19:14:00,HALO
49.55,49.55,49.53,49.53,400,2021-04-22 19:15:00,HALO
49.52,49.52,49.4,49.4,900,2021-04-22 19:16:00,HALO
49.39,49.455,49.39,49.455,2528,2021-04-22 19:17:00,HALO
49.43,49.48,49.41,49.41,800,2021-04-22 19:18:00,HALO
49.36,49.395,49.36,49.395,200,2021-04-22 19:19:00,HALO
49.395,49.395,49.3601,49.3601,800,2021-04-22 19:20:00,HALO
49.39,49.44,49.39,49.44,700,2021-04-22 19:21:00,HALO
49.42,49.425,49.31,49.31,700,2021-04-22 19:22:00,HALO
49.32,49.34,49.31,49.315,900,2021-04-22 19:23:00,HALO
49.31,49.33,49.31,49.33,700,2021-04-22 19:24:00,HALO
49.3,49.33,49.26,49.31,3400,2021-04-22 19:25:00,HALO
49.31,49.33,49.31,49.315,400,2021-04-22 19:26:00,HALO
49.34,49.41,49.34,49.41,400,2021-04-22 19:27:00,HALO
49.42,49.44,49.405,49.405,1400,2021-04-22 19:28:00,HALO
49.41,49.41,49.31,49.37,1606,2021-04-22 19:29:00,HALO
49.36,49.44,49.36,49.44,1035,2021-04-22 19:30:00,HALO
49.43,49.47,49.43,49.46,2323,2021-04-22 19:31:00,HALO
49.465,49.47,49.465,49.465,400,2021-04-22 19:32:00,HALO
49.465,49.505,49.45,49.505,3572,2021-04-22 19:33:00,HALO
49.49,49.56,49.485,49.56,3930,2021-04-22 19:34:00,HALO
49.53,49.545,49.51,49.515,2166,2021-04-22 19:35:00,HALO
49.525,49.56,49.52,49.5525,2604,2021-04-22 19:36:00,HALO
49.56,49.56,49.52,49.56,1350,2021-04-22 19:37:00,HALO
49.57,49.6,49.55,49.565,4565,2021-04-22 19:38:00,HALO
49.56,49.62,49.56,49.605,1919,2021-04-22 19:39:00,HALO
49.585,49.635,49.585,49.62,1611,2021-04-22 19:40:00,HALO
49.63,49.63,49.6,49.62,4034,2021-04-22 19:41:00,HALO
49.615,49.63,49.615,49.63,1456,2021-04-22 19:42:00,HALO
49.62,49.62,49.57,49.58,4550,2021-04-22 19:43:00,HALO
49.59,49.615,49.585,49.6,3151,2021-04-22 19:44:00,HALO
49.59,49.63,49.59,49.63,1996,2021-04-22 19:45:00,HALO
49.635,49.65,49.635,49.64,300,2021-04-22 19:46:00,HALO
49.64,49.66,49.62,49.65,5780,2021-04-22 19:47:00,HALO
49.618,49.622,49.56,49.56,2339,2021-04-22 19:48:00,HALO
49.49,49.52,49.49,49.52,4744,2021-04-22 19:49:00,HALO
49.52,49.6425,49.52,49.635,3994,2021-04-22 19:50:00,HALO
49.57,49.59,49.57,49.59,3300,2021-04-22 19:51:00,HALO
49.58,49.58,49.52,49.54,2430,2021-04-22 19:52:00,HALO
49.53,49.53,49.47,49.49,6942,2021-04-22 19:53:00,HALO
49.485,49.57,49.485,49.57,2800,2021-04-22 19:54:00,HALO
49.58,49.58,49.41,49.41,6760,2021-04-22 19:55:00,HALO
49.4,49.46,49.39,49.39,8629,2021-04-22 19:56:00,HALO
49.45,49.47,49.4,49.44,5812,2021-04-22 19:57:00,HALO
49.44,49.465,49.35,49.36,8871,2021-04-22 19:58:00,HALO
49.38,49.4,49.27,49.29,21732,2021-04-22 19:59:00,HALO
49.3,49.3,49.3,49.3,88753,2021-04-22 20:00:00,HALO
49.3,49.3,49.3,49.3,3154,2021-04-22 20:01:00,HALO
49.4,49.4,49.4,49.4,1000,2021-04-22 20:08:00,HALO
49.4,49.4,49.4,49.4,1000,2021-04-22 20:09:00,HALO
49.62,49.62,49.62,49.62,100,2021-04-22 20:11:00,HALO
49.55,49.61,49.55,49.61,600,2021-04-22 20:12:00,HALO
49.4,49.4,49.4,49.4,210,2021-04-22 20:14:00,HALO
49.4099,49.4099,49.4099,49.4099,500,2021-04-22 20:15:00,HALO
49.41,49.41,49.41,49.41,100,2021-04-22 20:16:00,HALO
49.41,49.41,49.41,49.41,100,2021-04-22 20:17:00,HALO
49.59,49.59,49.59,49.59,200,2021-04-22 20:24:00,HALO
49.41,49.5,49.41,49.5,800,2021-04-22 20:25:00,HALO
49.45,49.48,49.45,49.48,200,2021-04-22 20:27:00,HALO
49.84,49.84,49.84,49.84,100,2021-04-22 20:32:00,HALO
49.4,49.4,49.4,49.4,700,2021-04-22 20:45:00,HALO
49.4,49.4,49.4,49.4,1000,2021-04-22 20:47:00,HALO
49.4,49.4,49.4,49.4,697,2021-04-22 20:56:00,HALO
49.4099,49.4099,49.4099,49.4099,300,2021-04-22 23:46:00,HALO
49.41,49.45,49.41,49.45,200,2021-04-22 23:47:00,HALO
49.4699,49.4699,49.4699,49.4699,100,2021-04-22 23:49:00,HALO
49.47,49.47,49.47,49.47,200,2021-04-22 23:56:00,HALO
49.49,49.49,49.49,49.49,1000,2021-04-22 23:58:00,HALO
49.41,49.41,49.41,49.41,400,2021-04-23 11:12:00,HALO
49.41,49.41,49.41,49.41,200,2021-04-23 11:16:00,HALO
49.67,49.88,49.67,49.79,17098,2021-04-23 13:30:00,HALO
49.6806,49.79,49.68,49.685,3012,2021-04-23 13:31:00,HALO
49.79,49.79,49.61,49.664,1200,2021-04-23 13:32:00,HALO
49.5,49.52,49.42,49.52,1896,2021-04-23 13:33:00,HALO
49.4301,49.88,49.4301,49.88,1900,2021-04-23 13:34:00,HALO
49.61,49.8148,49.59,49.8148,557,2021-04-23 13:35:00,HALO
49.6176,49.6176,49.59,49.59,300,2021-04-23 13:36:00,HALO
49.755,49.765,49.755,49.765,200,2021-04-23 13:39:00,HALO
49.75,49.77,49.75,49.77,400,2021-04-23 13:40:00,HALO
49.75,49.8,49.75,49.8,1123,2021-04-23 13:41:00,HALO
49.775,49.775,49.775,49.775,100,2021-04-23 13:42:00,HALO
49.72,49.85,49.72,49.85,1029,2021-04-23 13:44:00,HALO
49.85,49.91,49.85,49.91,800,2021-04-23 13:45:00,HALO
49.95,49.98,49.82,49.86,1725,2021-04-23 13:46:00,HALO
49.8,49.92,49.79,49.88,1051,2021-04-23 13:47:00,HALO
49.96,50.0,49.96,50.0,1492,2021-04-23 13:48:00,HALO
50.0,50.0,50.0,50.0,100,2021-04-23 13:49:00,HALO
49.93,49.95,49.86,49.95,1550,2021-04-23 13:50:00,HALO
49.89,49.89,49.89,49.89,100,2021-04-23 13:51:00,HALO
49.97,49.97,49.86,49.895,1262,2021-04-23 13:52:00,HALO
49.92,49.99,49.92,49.99,305,2021-04-23 13:53:00,HALO
50.045,50.045,50.045,50.045,114,2021-04-23 13:55:00,HALO
50.075,50.075,50.075,50.075,100,2021-04-23 13:57:00,HALO
50.052,50.16,50.052,50.148,400,2021-04-23 13:58:00,HALO
50.11,50.11,50.06,50.06,900,2021-04-23 13:59:00,HALO
50.08,50.08,50.08,50.08,251,2021-04-23 14:00:00,HALO
50.08,50.17,50.06,50.1,1500,2021-04-23 14:01:00,HALO
50.11,50.11,50.11,50.11,100,2021-04-23 14:02:00,HALO
50.13,50.13,50.079,50.079,200,2021-04-23 14:03:00,HALO
50.09,50.09,50.09,50.09,100,2021-04-23 14:04:00,HALO
50.12,50.13,50.05,50.05,800,2021-04-23 14:05:00,HALO
50.07,50.17,50.07,50.17,1140,2021-04-23 14:07:00,HALO
50.09,50.1,50.06,50.06,1306,2021-04-23 14:08:00,HALO
50.1,50.135,50.07,50.07,1938,2021-04-23 14:09:00,HALO
49.986,50.12,49.986,50.12,1401,2021-04-23 14:10:00,HALO
50.14,50.14,50.07,50.115,607,2021-04-23 14:11:00,HALO
50.11,50.11,50.11,50.11,225,2021-04-23 14:12:00,HALO
50.1,50.1,50.03,50.07,1650,2021-04-23 14:13:00,HALO
50.095,50.095,50.095,50.095,565,2021-04-23 14:14:00,HALO
50.13,50.13,50.13,50.13,100,2021-04-23 14:15:00,HALO
50.07,50.07,50.02,50.065,800,2021-04-23 14:16:00,HALO
50.05,50.05,50.05,50.05,107,2021-04-23 14:17:00,HALO
50.11,50.11,50.11,50.11,100,2021-04-23 14:18:00,HALO
50.099,50.099,50.099,50.099,132,2021-04-23 14:19:00,HALO
50.0,50.0,50.0,50.0,100,2021-04-23 14:20:00,HALO
50.06,50.06,50.0001,50.0001,207,2021-04-23 14:21:00,HALO
50.0,50.1015,49.99,50.08,2800,2021-04-23 14:22:00,HALO
50.09,50.09,50.09,50.09,129,2021-04-23 14:23:00,HALO
50.105,50.15,50.105,50.15,423,2021-04-23 14:25:00,HALO
50.13,50.15,50.13,50.15,445,2021-04-23 14:26:00,HALO
50.14,50.215,50.14,50.215,1000,2021-04-23 14:27:00,HALO
50.26,50.32,50.26,50.265,510,2021-04-23 14:29:00,HALO
50.265,50.265,50.265,50.265,200,2021-04-23 14:30:00,HALO
50.23,50.26,50.2,50.26,1800,2021-04-23 14:31:00,HALO
50.29,50.32,50.29,50.32,464,2021-04-23 14:32:00,HALO
50.34,50.34,50.34,50.34,100,2021-04-23 14:33:00,HALO
50.395,50.395,50.395,50.395,100,2021-04-23 14:34:00,HALO
50.36,50.39,50.26,50.27,2000,2021-04-23 14:35:00,HALO
50.27,50.27,50.27,50.27,229,2021-04-23 14:36:00,HALO
50.27,50.35,50.27,50.31,3575,2021-04-23 14:37:00,HALO
50.34,50.35,50.34,50.35,1392,2021-04-23 14:38:00,HALO
50.38,50.42,50.37,50.37,750,2021-04-23 14:39:00,HALO
50.44,50.488,50.44,50.488,785,2021-04-23 14:40:00,HALO
50.42,50.42,50.39,50.39,1786,2021-04-23 14:41:00,HALO
50.43,50.46,50.415,50.415,500,2021-04-23 14:42:00,HALO
50.37,50.37,50.21,50.21,600,2021-04-23 14:43:00,HALO
50.185,50.185,50.185,50.185,200,2021-04-23 14:44:00,HALO
50.18,50.33,50.18,50.33,900,2021-04-23 14:45:00,HALO
50.29,50.42,50.29,50.42,950,2021-04-23 14:46:00,HALO
50.45,50.45,50.45,50.45,100,2021-04-23 14:47:00,HALO
50.49,50.49,50.41,50.41,300,2021-04-23 14:48:00,HALO
50.26,50.26,50.26,50.26,105,2021-04-23 14:50:00,HALO
50.2908,50.325,50.24,50.31,785,2021-04-23 14:51:00,HALO
50.3,50.3,50.29,50.29,400,2021-04-23 14:53:00,HALO
50.21,50.22,50.21,50.22,200,2021-04-23 14:54:00,HALO
50.22,50.25,50.22,50.24,400,2021-04-23 14:55:00,HALO
50.215,50.215,50.215,50.215,219,2021-04-23 14:56:00,HALO
50.15,50.15,50.15,50.15,100,2021-04-23 14:57:00,HALO
50.08,50.11,49.99,49.99,337,2021-04-23 14:58:00,HALO
50.02,50.13,50.0,50.13,1116,2021-04-23 14:59:00,HALO
50.15,50.245,50.15,50.2,1862,2021-04-23 15:00:00,HALO
50.195,50.195,50.195,50.195,100,2021-04-23 15:01:00,HALO
50.185,50.22,50.18,50.18,5308,2021-04-23 15:02:00,HALO
50.16,50.17,50.15,50.15,700,2021-04-23 15:03:00,HALO
50.14,50.18,50.14,50.18,200,2021-04-23 15:04:00,HALO
50.15,50.19,50.105,50.18,1100,2021-04-23 15:06:00,HALO
50.18,50.18,50.11,50.11,300,2021-04-23 15:07:00,HALO
50.125,50.125,50.06,50.06,400,2021-04-23 15:09:00,HALO
50.06,50.06,50.05,50.06,300,2021-04-23 15:10:00,HALO
50.04,50.085,50.04,50.08,2342,2021-04-23 15:11:00,HALO
50.05,50.09,50.05,50.065,400,2021-04-23 15:12:00,HALO
50.075,50.075,50.075,50.075,6200,2021-04-23 15:13:00,HALO
50.075,50.1202,50.04,50.1,6550,2021-04-23 15:14:00,HALO
50.05,50.13,50.02,50.13,2200,2021-04-23 15:15:00,HALO
50.13,50.2999,50.13,50.2999,353,2021-04-23 15:16:00,HALO
50.25,50.25,50.25,50.25,100,2021-04-23 15:18:00,HALO
50.31,50.35,50.31,50.35,700,2021-04-23 15:19:00,HALO
50.38,50.48,50.35,50.35,1582,2021-04-23 15:20:00,HALO
50.43,50.43,50.43,50.43,500,2021-04-23 15:21:00,HALO
50.38,50.38,50.33,50.33,200,2021-04-23 15:22:00,HALO
50.31,50.31,50.31,50.31,100,2021-04-23 15:24:00,HALO
50.26,50.26,50.26,50.26,100,2021-04-23 15:25:00,HALO
50.2901,50.325,50.2901,50.325,200,2021-04-23 15:27:00,HALO
50.29,50.29,50.255,50.255,893,2021-04-23 15:28:00,HALO
50.24,50.32,50.18,50.32,700,2021-04-23 15:29:00,HALO
50.28,50.31,50.2625,50.31,900,2021-04-23 15:30:00,HALO
50.32,50.33,50.32,50.325,1300,2021-04-23 15:31:00,HALO
50.31,50.31,50.3,50.3,300,2021-04-23 15:32:00,HALO
50.27,50.325,50.27,50.32,332,2021-04-23 15:33:00,HALO
50.36,50.36,50.32,50.32,500,2021-04-23 15:34:00,HALO
50.32,50.35,50.29,50.35,500,2021-04-23 15:35:00,HALO
50.38,50.38,50.38,50.38,100,2021-04-23 15:36:00,HALO
50.42,50.42,50.3609,50.3609,300,2021-04-23 15:37:00,HALO
50.35,50.35,50.35,50.35,300,2021-04-23 15:38:00,HALO
50.36,50.36,50.36,50.36,100,2021-04-23 15:39:00,HALO
50.39,50.39,50.39,50.39,100,2021-04-23 15:40:00,HALO
50.36,50.36,50.335,50.335,300,2021-04-23 15:41:00,HALO
50.325,50.37,50.3,50.36,1500,2021-04-23 15:43:00,HALO
50.315,50.315,50.3,50.3,3900,2021-04-23 15:44:00,HALO
50.285,50.285,50.28,50.28,200,2021-04-23 15:45:00,HALO
50.29,50.3,50.26,50.27,500,2021-04-23 15:46:00,HALO
50.28,50.33,50.28,50.325,3300,2021-04-23 15:47:00,HALO
50.34,50.39,50.34,50.37,1200,2021-04-23 15:48:00,HALO
50.35,50.36,50.34,50.36,300,2021-04-23 15:49:00,HALO
50.33,50.33,50.325,50.325,300,2021-04-23 15:50:00,HALO
50.35,50.35,50.32,50.33,2115,2021-04-23 15:51:00,HALO
50.321,50.321,50.285,50.285,1000,2021-04-23 15:53:00,HALO
50.26,50.26,50.23,50.23,500,2021-04-23 15:54:00,HALO
50.195,50.195,50.195,50.195,200,2021-04-23 15:56:00,HALO
50.19,50.19,50.19,50.19,200,2021-04-23 15:57:00,HALO
50.22,50.23,50.2,50.21,1700,2021-04-23 15:58:00,HALO
50.18,50.18,50.16,50.18,800,2021-04-23 15:59:00,HALO
50.209,50.21,50.185,50.21,1600,2021-04-23 16:00:00,HALO
50.185,50.2442,50.185,50.2442,1287,2021-04-23 16:01:00,HALO
50.195,50.195,50.16,50.19,700,2021-04-23 16:03:00,HALO
50.14,50.14,50.14,50.14,100,2021-04-23 16:04:00,HALO
50.17,50.19,50.16,50.18,1200,2021-04-23 16:05:00,HALO
50.2,50.21,50.2,50.2,510,2021-04-23 16:06:00,HALO
50.25,50.27,50.22,50.225,1102,2021-04-23 16:07:00,HALO
50.26,50.27,50.245,50.27,600,2021-04-23 16:10:00,HALO
50.24,50.24,50.24,50.24,205,2021-04-23 16:11:00,HALO
50.23,50.23,50.2,50.2,668,2021-04-23 16:13:00,HALO
50.22,50.22,50.2,50.2,600,2021-04-23 16:14:00,HALO
50.19,50.21,50.18,50.1902,6800,2021-04-23 16:15:00,HALO
50.21,50.24,50.21,50.22,2000,2021-04-23 16:16:00,HALO
50.215,50.215,50.21,50.21,400,2021-04-23 16:17:00,HALO
50.23,50.23,50.23,50.23,200,2021-04-23 16:18:00,HALO
50.22,50.22,50.22,50.22,100,2021-04-23 16:20:00,HALO
50.24,50.25,50.23,50.25,2205,2021-04-23 16:22:00,HALO
50.2,50.2,50.16,50.16,900,2021-04-23 16:25:00,HALO
50.155,50.155,50.155,50.155,200,2021-04-23 16:26:00,HALO
50.155,50.18,50.155,50.16,319,2021-04-23 16:27:00,HALO
50.165,50.165,50.13,50.13,755,2021-04-23 16:28:00,HALO
50.1,50.12,50.1,50.12,556,2021-04-23 16:30:00,HALO
50.11,50.115,50.11,50.115,200,2021-04-23 16:31:00,HALO
50.14,50.17,50.13,50.17,1200,2021-04-23 16:32:00,HALO
50.18,50.2,50.16,50.16,1310,2021-04-23 16:34:00,HALO
50.15,50.16,50.11,50.11,500,2021-04-23 16:35:00,HALO
50.0901,50.0901,50.0901,50.0901,1121,2021-04-23 16:36:00,HALO
50.12,50.12,50.115,50.12,5568,2021-04-23 16:37:00,HALO
50.12,50.1219,50.12,50.1219,1700,2021-04-23 16:38:00,HALO
50.13,50.1441,50.13,50.13,900,2021-04-23 16:39:00,HALO
50.15,50.19,50.15,50.19,700,2021-04-23 16:40:00,HALO
50.18,50.18,50.18,50.18,100,2021-04-23 16:41:00,HALO
50.21,50.21,50.21,50.21,100,2021-04-23 16:42:00,HALO
50.18,50.18,50.13,50.13,602,2021-04-23 16:44:00,HALO
50.16,50.1699,50.16,50.1699,300,2021-04-23 16:45:00,HALO
50.14,50.14,50.14,50.14,100,2021-04-23 16:46:00,HALO
50.16,50.16,50.16,50.16,100,2021-04-23 16:47:00,HALO
50.13,50.24,50.13,50.24,2000,2021-04-23 16:48:00,HALO
50.19,50.19,50.19,50.19,300,2021-04-23 16:49:00,HALO
50.17,50.199,50.16,50.17,700,2021-04-23 16:50:00,HALO
50.17,50.17,50.14,50.14,1348,2021-04-23 16:51:00,HALO
50.15,50.15,50.15,50.15,200,2021-04-23 16:52:00,HALO
50.18,50.18,50.15,50.1681,550,2021-04-23 16:53:00,HALO
50.17,50.17,50.17,50.17,100,2021-04-23 16:54:00,HALO
50.18,50.18,50.17,50.17,300,2021-04-23 16:55:00,HALO
50.18,50.18,50.18,50.18,110,2021-04-23 16:56:00,HALO
50.18,50.18,50.17,50.17,455,2021-04-23 16:57:00,HALO
50.14,50.15,50.14,50.15,783,2021-04-23 16:58:00,HALO
50.16,50.18,50.16,50.165,2300,2021-04-23 16:59:00,HALO
50.16,50.19,50.16,50.19,538,2021-04-23 17:01:00,HALO
50.19,50.19,50.175,50.175,443,2021-04-23 17:02:00,HALO
50.185,50.185,50.185,50.185,100,2021-04-23 17:03:00,HALO
50.17,50.2,50.17,50.2,800,2021-04-23 17:05:00,HALO
50.21,50.21,50.185,50.185,782,2021-04-23 17:06:00,HALO
50.2,50.2,50.2,50.2,3807,2021-04-23 17:07:00,HALO
50.21,50.22,50.19,50.19,7900,2021-04-23 17:08:00,HALO
50.2,50.26,50.2,50.22,1700,2021-04-23 17:09:00,HALO
50.22,50.26,50.22,50.26,950,2021-04-23 17:10:00,HALO
50.27,50.27,50.27,50.27,110,2021-04-23 17:11:00,HALO
50.26,50.27,50.26,50.27,300,2021-04-23 17:12:00,HALO
50.26,50.26,50.25,50.25,600,2021-04-23 17:13:00,HALO
50.21,50.21,50.21,50.21,300,2021-04-23 17:14:00,HALO
50.18,50.2,50.16,50.2,400,2021-04-23 17:15:00,HALO
50.22,50.25,50.191,50.191,1480,2021-04-23 17:16:00,HALO
50.27,50.27,50.24,50.25,1300,2021-04-23 17:18:00,HALO
50.235,50.235,50.235,50.235,100,2021-04-23 17:19:00,HALO
50.26,50.26,50.26,50.26,212,2021-04-23 17:20:00,HALO
50.26,50.26,50.26,50.26,241,2021-04-23 17:21:00,HALO
50.24,50.24,50.24,50.24,200,2021-04-23 17:22:00,HALO
50.25,50.25,50.25,50.25,200,2021-04-23 17:23:00,HALO
50.25,50.26,50.25,50.26,693,2021-04-23 17:24:00,HALO
50.26,50.26,50.26,50.26,428,2021-04-23 17:25:00,HALO
50.27,50.28,50.27,50.28,801,2021-04-23 17:26:00,HALO
50.26,50.27,50.26,50.27,348,2021-04-23 17:27:00,HALO
50.28,50.28,50.27,50.27,433,2021-04-23 17:29:00,HALO
50.27,50.27,50.24,50.24,1376,2021-04-23 17:30:00,HALO
50.21,50.21,50.21,50.21,100,2021-04-23 17:31:00,HALO
50.25,50.26,50.25,50.26,600,2021-04-23 17:32:00,HALO
50.24,50.26,50.235,50.255,414,2021-04-23 17:33:00,HALO
50.255,50.255,50.255,50.255,113,2021-04-23 17:34:00,HALO
50.27,50.27,50.255,50.255,205,2021-04-23 17:35:00,HALO
50.255,50.255,50.245,50.245,205,2021-04-23 17:36:00,HALO
50.26,50.27,50.26,50.27,1000,2021-04-23 17:37:00,HALO
50.28,50.28,50.28,50.28,100,2021-04-23 17:38:00,HALO
50.28,50.285,50.28,50.285,463,2021-04-23 17:39:00,HALO
50.29,50.31,50.29,50.31,600,2021-04-23 17:40:00,HALO
50.285,50.3,50.28,50.28,500,2021-04-23 17:41:00,HALO
50.3,50.3,50.29,50.3,1298,2021-04-23 17:42:00,HALO
50.3,50.35,50.3,50.35,1500,2021-04-23 17:43:00,HALO
50.33,50.33,50.33,50.33,300,2021-04-23 17:44:00,HALO
50.34,50.35,50.34,50.35,200,2021-04-23 17:45:00,HALO
50.35,50.36,50.35,50.36,400,2021-04-23 17:46:00,HALO
50.38,50.38,50.37,50.37,400,2021-04-23 17:47:00,HALO
50.4,50.4,50.4,50.4,100,2021-04-23 17:48:00,HALO
50.37,50.38,50.37,50.38,300,2021-04-23 17:49:00,HALO
50.39,50.4,50.39,50.4,200,2021-04-23 17:50:00,HALO
50.41,50.41,50.41,50.41,100,2021-04-23 17:51:00,HALO
50.4,50.4,50.37,50.38,600,2021-04-23 17:53:00,HALO
50.41,50.42,50.3924,50.42,500,2021-04-23 17:54:00,HALO
50.36,50.37,50.36,50.37,310,2021-04-23 17:56:00,HALO
50.37,50.38,50.37,50.37,800,2021-04-23 17:57:00,HALO
50.39,50.41,50.39,50.41,320,2021-04-23 17:59:00,HALO
50.41,50.41,50.39,50.39,300,2021-04-23 18:00:00,HALO
50.37,50.38,50.36,50.38,300,2021-04-23 18:01:00,HALO
50.39,50.39,50.39,50.39,100,2021-04-23 18:02:00,HALO
50.35,50.36,50.35,50.36,700,2021-04-23 18:03:00,HALO
50.36,50.38,50.36,50.38,350,2021-04-23 18:04:00,HALO
50.35,50.35,50.33,50.35,994,2021-04-23 18:05:00,HALO
50.35,50.38,50.35,50.38,700,2021-04-23 18:06:00,HALO
50.38,50.39,50.38,50.39,400,2021-04-23 18:07:00,HALO
50.42,50.45,50.42,50.44,4070,2021-04-23 18:08:00,HALO
50.45,50.45,50.4,50.4,414,2021-04-23 18:09:00,HALO
50.4,50.4,50.4,50.4,100,2021-04-23 18:10:00,HALO
50.395,50.43,50.395,50.43,676,2021-04-23 18:11:00,HALO
50.45,50.45,50.41,50.42,1500,2021-04-23 18:12:00,HALO
50.4111,50.4111,50.41,50.41,397,2021-04-23 18:13:00,HALO
50.41,50.41,50.41,50.41,100,2021-04-23 18:16:00,HALO
50.37,50.37,50.345,50.345,200,2021-04-23 18:17:00,HALO
50.33,50.33,50.32,50.32,600,2021-04-23 18:18:00,HALO
50.27,50.27,50.27,50.27,116,2021-04-23 18:19:00,HALO
50.27,50.29,50.27,50.28,1600,2021-04-23 18:20:00,HALO
50.28,50.32,50.28,50.315,900,2021-04-23 18:21:00,HALO
50.29,50.29,50.29,50.29,100,2021-04-23 18:22:00,HALO
50.26,50.26,50.26,50.26,100,2021-04-23 18:24:00,HALO
50.27,50.275,50.27,50.275,200,2021-04-23 18:25:00,HALO
50.275,50.275,50.27,50.27,232,2021-04-23 18:26:00,HALO
50.27,50.27,50.23,50.25,1000,2021-04-23 18:27:00,HALO
50.27,50.27,50.25,50.25,200,2021-04-23 18:28:00,HALO
50.25,50.255,50.24,50.24,300,2021-04-23 18:29:00,HALO
50.25,50.26,50.24,50.26,964,2021-04-23 18:30:00,HALO
50.27,50.27,50.26,50.26,608,2021-04-23 18:31:00,HALO
50.23,50.23,50.2,50.2,1900,2021-04-23 18:33:00,HALO
50.2,50.25,50.2,50.25,800,2021-04-23 18:34:00,HALO
50.255,50.255,50.255,50.255,220,2021-04-23 18:35:00,HALO
50.25,50.25,50.25,50.25,300,2021-04-23 18:36:00,HALO
50.25,50.25,50.25,50.25,900,2021-04-23 18:37:00,HALO
50.24,50.25,50.24,50.25,1095,2021-04-23 18:38:00,HALO
50.24,50.2603,50.24,50.24,599,2021-04-23 18:39:00,HALO
50.23,50.25,50.22,50.25,300,2021-04-23 18:40:00,HALO
50.24,50.25,50.24,50.25,622,2021-04-23 18:41:00,HALO
50.25,50.25,50.235,50.235,305,2021-04-23 18:42:00,HALO
50.235,50.25,50.21,50.25,700,2021-04-23 18:43:00,HALO
50.225,50.225,50.2234,50.2234,730,2021-04-23 18:44:00,HALO
50.225,50.29,50.225,50.29,1881,2021-04-23 18:45:00,HALO
50.29,50.29,50.29,50.29,268,2021-04-23 18:46:00,HALO
50.29,50.31,50.29,50.31,300,2021-04-23 18:47:00,HALO
50.31,50.355,50.31,50.355,200,2021-04-23 18:48:00,HALO
50.34,50.38,50.34,50.38,700,2021-04-23 18:49:00,HALO
50.3777,50.39,50.365,50.39,425,2021-04-23 18:50:00,HALO
50.39,50.39,50.35,50.365,850,2021-04-23 18:51:00,HALO
50.39,50.39,50.39,50.39,300,2021-04-23 18:52:00,HALO
50.4,50.4,50.39,50.4,1345,2021-04-23 18:53:00,HALO
50.42,50.43,50.42,50.43,700,2021-04-23 18:54:00,HALO
50.43,50.43,50.395,50.395,300,2021-04-23 18:55:00,HALO
50.39,50.39,50.39,50.39,200,2021-04-23 18:56:00,HALO
50.38,50.44,50.38,50.44,700,2021-04-23 18:57:00,HALO
50.44,50.47,50.44,50.45,800,2021-04-23 18:58:00,HALO
50.44,50.44,50.42,50.42,650,2021-04-23 18:59:00,HALO
50.46,50.53,50.39,50.53,4998,2021-04-23 19:00:00,HALO
50.5,50.5,50.5,50.5,100,2021-04-23 19:01:00,HALO
50.48,50.48,50.47,50.47,300,2021-04-23 19:02:00,HALO
50.49,50.49,50.49,50.49,300,2021-04-23 19:03:00,HALO
50.46,50.465,50.44,50.44,400,2021-04-23 19:04:00,HALO
50.47,50.53,50.47,50.52,1600,2021-04-23 19:05:00,HALO
50.52,50.52,50.52,50.52,240,2021-04-23 19:06:00,HALO
50.5079,50.51,50.5079,50.51,200,2021-04-23 19:07:00,HALO
50.5,50.5,50.5,50.5,100,2021-04-23 19:08:00,HALO
50.47,50.47,50.44,50.445,900,2021-04-23 19:09:00,HALO
50.47,50.53,50.47,50.51,400,2021-04-23 19:10:00,HALO
50.5,50.5,50.5,50.5,200,2021-04-23 19:11:00,HALO
50.49,50.49,50.47,50.48,424,2021-04-23 19:12:00,HALO
50.48,50.5,50.47,50.485,1800,2021-04-23 19:13:00,HALO
50.4915,50.4915,50.4915,50.4915,138,2021-04-23 19:14:00,HALO
50.47,50.48,50.46,50.48,1532,2021-04-23 19:15:00,HALO
50.47,50.48,50.46,50.46,1000,2021-04-23 19:16:00,HALO
50.47,50.48,50.47,50.47,600,2021-04-23 19:17:00,HALO
50.49,50.54,50.49,50.54,1400,2021-04-23 19:18:00,HALO
50.56,50.58,50.55,50.58,300,2021-04-23 19:19:00,HALO
50.56,50.58,50.56,50.58,600,2021-04-23 19:20:00,HALO
50.58,50.58,50.55,50.56,500,2021-04-23 19:21:00,HALO
50.55,50.56,50.55,50.56,309,2021-04-23 19:22:00,HALO
50.58,50.58,50.53,50.53,1300,2021-04-23 19:23:00,HALO
50.545,50.56,50.545,50.56,300,2021-04-23 19:25:00,HALO
50.5428,50.5428,50.53,50.53,1540,2021-04-23 19:26:00,HALO
50.53,50.54,50.53,50.53,500,2021-04-23 19:27:00,HALO
50.52,50.54,50.51,50.54,500,2021-04-23 19:28:00,HALO
50.52,50.53,50.51,50.52,1040,2021-04-23 19:29:00,HALO
50.52,50.55,50.52,50.52,1800,2021-04-23 19:30:00,HALO
50.55,50.55,50.54,50.55,699,2021-04-23 19:31:00,HALO
50.53,50.53,50.53,50.53,400,2021-04-23 19:32:00,HALO
50.51,50.54,50.51,50.53,1900,2021-04-23 19:33:00,HALO
50.55,50.56,50.55,50.55,500,2021-04-23 19:34:00,HALO
50.58,50.59,50.58,50.59,1600,2021-04-23 19:35:00,HALO
50.58,50.64,50.58,50.62,1857,2021-04-23 19:37:00,HALO
50.64,50.64,50.6,50.6,1052,2021-04-23 19:38:00,HALO
50.59,50.59,50.55,50.55,400,2021-04-23 19:39:00,HALO
50.6,50.62,50.6,50.62,805,2021-04-23 19:40:00,HALO
50.57,50.585,50.57,50.58,409,2021-04-23 19:41:00,HALO
50.58,50.5907,50.58,50.58,1951,2021-04-23 19:42:00,HALO
50.5675,50.58,50.56,50.575,5974,2021-04-23 19:43:00,HALO
50.575,50.59,50.56,50.58,1700,2021-04-23 19:44:00,HALO
50.575,50.58,50.56,50.575,1600,2021-04-23 19:45:00,HALO
50.575,50.62,50.57,50.615,3055,2021-04-23 19:46:00,HALO
50.62,50.63,50.59,50.63,3209,2021-04-23 19:47:00,HALO
50.65,50.65,50.63,50.63,400,2021-04-23 19:48:00,HALO
50.62,50.65,50.58,50.58,1700,2021-04-23 19:49:00,HALO
50.58,50.64,50.58,50.605,4200,2021-04-23 19:50:00,HALO
50.595,50.64,50.595,50.605,2701,2021-04-23 19:51:00,HALO
50.605,50.69,50.605,50.67,5560,2021-04-23 19:52:00,HALO
50.64,50.65,50.6,50.61,2643,2021-04-23 19:53:00,HALO
50.6,50.64,50.595,50.62,3684,2021-04-23 19:54:00,HALO
50.61,50.61,50.54,50.59,10381,2021-04-23 19:55:00,HALO
50.59,50.59,50.555,50.56,7822,2021-04-23 19:56:00,HALO
50.56,50.59,50.56,50.565,7043,2021-04-23 19:57:00,HALO
50.565,50.58,50.51,50.565,7199,2021-04-23 19:58:00,HALO
50.565,50.57,50.46,50.47,13054,2021-04-23 19:59:00,HALO
50.46,50.46,50.46,50.46,100452,2021-04-23 20:00:00,HALO
50.46,50.46,50.46,50.46,3188,2021-04-23 20:01:00,HALO
50.46,50.46,50.46,50.46,386,2021-04-23 20:02:00,HALO
51.0,51.0,51.0,51.0,100,2021-04-23 20:27:00,HALO
52.88,52.88,52.88,52.88,100,2021-04-26 12:44:00,HALO
50.7,50.7,50.41,50.42,11998,2021-04-26 13:30:00,HALO
50.56,50.63,50.53,50.53,5224,2021-04-26 13:31:00,HALO
50.54,50.54,50.27,50.27,3420,2021-04-26 13:32:00,HALO
50.2,50.21,50.07,50.07,700,2021-04-26 13:33:00,HALO
50.07,50.18,50.01,50.18,1350,2021-04-26 13:34:00,HALO
49.97,50.035,49.91,49.92,1000,2021-04-26 13:35:00,HALO
50.11,50.26,50.06,50.23,1516,2021-04-26 13:36:00,HALO
50.4,50.44,50.325,50.36,400,2021-04-26 13:37:00,HALO
50.37,50.37,50.37,50.37,100,2021-04-26 13:38:00,HALO
50.31,50.31,50.08,50.08,701,2021-04-26 13:39:00,HALO
50.195,50.195,50.195,50.195,100,2021-04-26 13:40:00,HALO
50.24,50.27,50.0,50.0,3156,2021-04-26 13:41:00,HALO
50.2122,50.2122,50.1,50.17,400,2021-04-26 13:42:00,HALO
50.14,50.19,50.04,50.14,1220,2021-04-26 13:43:00,HALO
50.1706,50.1706,50.05,50.05,500,2021-04-26 13:44:00,HALO
50.03,50.03,50.01,50.01,200,2021-04-26 13:45:00,HALO
50.0,50.01,49.95,50.0,7341,2021-04-26 13:46:00,HALO
50.0,50.075,50.0,50.075,1600,2021-04-26 13:47:00,HALO
50.1,50.11,50.1,50.11,400,2021-04-26 13:48:00,HALO
50.08,50.08,50.03,50.06,900,2021-04-26 13:49:00,HALO
49.98,49.98,49.88,49.905,700,2021-04-26 13:50:00,HALO
49.915,49.915,49.91,49.91,200,2021-04-26 13:51:00,HALO
49.915,49.93,49.88,49.88,2692,2021-04-26 13:52:00,HALO
49.84,49.865,49.83,49.835,1300,2021-04-26 13:53:00,HALO
49.865,50.0,49.865,50.0,1233,2021-04-26 13:54:00,HALO
50.07,50.19,50.07,50.19,1200,2021-04-26 13:55:00,HALO
50.22,50.23,50.2,50.23,500,2021-04-26 13:56:00,HALO
50.2349,50.2349,50.2349,50.2349,200,2021-04-26 13:57:00,HALO
50.28,50.28,50.28,50.28,317,2021-04-26 13:58:00,HALO
50.23,50.23,50.137,50.225,700,2021-04-26 13:59:00,HALO
50.1756,50.1756,50.085,50.085,1038,2021-04-26 14:00:00,HALO
50.15,50.22,50.13,50.22,800,2021-04-26 14:01:00,HALO
50.19,50.19,50.135,50.135,430,2021-04-26 14:02:00,HALO
50.205,50.2062,50.145,50.15,2100,2021-04-26 14:04:00,HALO
50.16,50.16,50.1031,50.1031,1496,2021-04-26 14:05:00,HALO
50.16,50.2,50.14,50.2,2100,2021-04-26 14:06:00,HALO
50.15,50.16,50.13,50.13,600,2021-04-26 14:07:00,HALO
50.2,50.2,50.2,50.2,100,2021-04-26 14:08:00,HALO
50.215,50.215,50.215,50.215,100,2021-04-26 14:09:00,HALO
50.245,50.26,50.245,50.26,200,2021-04-26 14:10:00,HALO
50.28,50.28,50.2,50.25,2696,2021-04-26 14:11:00,HALO
50.2,50.2,50.2,50.2,100,2021-04-26 14:12:00,HALO
50.18,50.21,50.18,50.2,1600,2021-04-26 14:13:00,HALO
50.16,50.16,50.12,50.13,1000,2021-04-26 14:14:00,HALO
50.06,50.09,49.98,50.0,1300,2021-04-26 14:15:00,HALO
50.04,50.05,49.99,50.02,2387,2021-04-26 14:16:00,HALO
49.995,49.995,49.995,49.995,100,2021-04-26 14:17:00,HALO
49.995,49.995,49.995,49.995,200,2021-04-26 14:18:00,HALO
49.995,50.07,49.995,50.06,1800,2021-04-26 14:19:00,HALO
50.06,50.07,50.02,50.025,3400,2021-04-26 14:20:00,HALO
50.0107,50.11,50.0107,50.11,1600,2021-04-26 14:21:00,HALO
50.1221,50.19,50.1221,50.19,1200,2021-04-26 14:22:00,HALO
50.23,50.23,50.19,50.19,800,2021-04-26 14:23:00,HALO
50.21,50.21,50.19,50.19,1000,2021-04-26 14:24:00,HALO
50.21,50.21,50.11,50.14,1842,2021-04-26 14:25:00,HALO
50.125,50.125,50.125,50.125,100,2021-04-26 14:26:00,HALO
50.1539,50.1539,50.1539,50.1539,100,2021-04-26 14:27:00,HALO
50.1,50.17,50.1,50.17,500,2021-04-26 14:28:00,HALO
50.16,50.16,50.16,50.16,500,2021-04-26 14:30:00,HALO
50.16,50.16,50.16,50.16,200,2021-04-26 14:31:00,HALO
50.15,50.18,50.12,50.12,700,2021-04-26 14:32:00,HALO
50.09,50.13,50.08,50.13,2173,2021-04-26 14:33:00,HALO
50.16,50.2,50.145,50.17,1900,2021-04-26 14:34:00,HALO
50.21,50.21,50.21,50.21,100,2021-04-26 14:35:00,HALO
50.255,50.33,50.25,50.33,600,2021-04-26 14:36:00,HALO
50.36,50.42,50.36,50.42,500,2021-04-26 14:39:00,HALO
50.37,50.37,50.2995,50.2995,400,2021-04-26 14:40:00,HALO
50.265,50.265,50.265,50.265,100,2021-04-26 14:41:00,HALO
50.255,50.33,50.255,50.33,2100,2021-04-26 14:43:00,HALO
50.31,50.31,50.27,50.27,600,2021-04-26 14:44:00,HALO
50.27,50.29,50.27,50.29,300,2021-04-26 14:45:00,HALO
50.22,50.22,50.19,50.19,600,2021-04-26 14:47:00,HALO
50.17,50.22,50.17,50.22,500,2021-04-26 14:48:00,HALO
50.2,50.2,50.2,50.2,100,2021-04-26 14:49:00,HALO
50.17,50.24,50.15,50.24,2100,2021-04-26 14:50:00,HALO
50.25,50.26,50.23,50.23,500,2021-04-26 14:51:00,HALO
50.22,50.22,50.203,50.203,707,2021-04-26 14:53:00,HALO
50.205,50.22,50.205,50.22,700,2021-04-26 14:54:00,HALO
50.24,50.27,50.24,50.27,800,2021-04-26 14:55:00,HALO
50.27,50.27,50.27,50.27,100,2021-04-26 14:56:00,HALO
50.265,50.33,50.265,50.33,1793,2021-04-26 14:57:00,HALO
50.34,50.34,50.34,50.34,596,2021-04-26 14:58:00,HALO
50.38,50.39,50.36,50.38,1706,2021-04-26 14:59:00,HALO
50.4,50.41,50.39,50.41,600,2021-04-26 15:01:00,HALO
50.4,50.4,50.36,50.37,1044,2021-04-26 15:02:00,HALO
50.4198,50.4198,50.4198,50.4198,100,2021-04-26 15:03:00,HALO
50.42,50.44,50.42,50.44,825,2021-04-26 15:04:00,HALO
50.465,50.49,50.43,50.4702,2775,2021-04-26 15:05:00,HALO
50.4,50.42,50.4,50.42,800,2021-04-26 15:07:00,HALO
50.43,50.43,50.43,50.43,200,2021-04-26 15:08:00,HALO
50.44,50.445,50.43,50.44,900,2021-04-26 15:09:00,HALO
50.46,50.46,50.45,50.46,620,2021-04-26 15:10:00,HALO
50.455,50.54,50.455,50.5,1700,2021-04-26 15:11:00,HALO
50.48,50.53,50.48,50.52,1157,2021-04-26 15:12:00,HALO
50.5228,50.5228,50.5228,50.5228,410,2021-04-26 15:13:00,HALO
50.56,50.58,50.56,50.58,500,2021-04-26 15:14:00,HALO
50.6,50.63,50.6,50.63,867,2021-04-26 15:15:00,HALO
50.595,50.595,50.58,50.58,400,2021-04-26 15:16:00,HALO
50.59,50.59,50.49,50.49,1100,2021-04-26 15:17:00,HALO
50.4471,50.4471,50.4471,50.4471,900,2021-04-26 15:18:00,HALO
50.45,50.465,50.45,50.465,200,2021-04-26 15:19:00,HALO
50.44,50.49,50.43,50.43,1810,2021-04-26 15:20:00,HALO
50.38,50.39,50.38,50.39,200,2021-04-26 15:21:00,HALO
50.34,50.34,50.34,50.34,100,2021-04-26 15:23:00,HALO
50.34,50.35,50.32,50.325,1200,2021-04-26 15:25:00,HALO
50.3452,50.35,50.31,50.335,1900,2021-04-26 15:26:00,HALO
50.33,50.36,50.32,50.33,500,2021-04-26 15:27:00,HALO
50.3,50.3,50.25,50.25,600,2021-04-26 15:28:00,HALO
50.25,50.28,50.2,50.28,1300,2021-04-26 15:29:00,HALO
50.28,50.29,50.24,50.24,1000,2021-04-26 15:30:00,HALO
50.26,50.26,50.26,50.26,100,2021-04-26 15:31:00,HALO
50.27,50.27,50.245,50.265,600,2021-04-26 15:33:00,HALO
50.24,50.26,50.215,50.25,2187,2021-04-26 15:34:00,HALO
50.235,50.235,50.235,50.235,100,2021-04-26 15:36:00,HALO
50.24,50.24,50.2308,50.2308,300,2021-04-26 15:37:00,HALO
50.21,50.235,50.21,50.235,1200,2021-04-26 15:38:00,HALO
50.21,50.24,50.19,50.24,1900,2021-04-26 15:39:00,HALO
50.21,50.21,50.19,50.21,800,2021-04-26 15:40:00,HALO
50.21,50.24,50.21,50.24,1100,2021-04-26 15:41:00,HALO
50.25,50.31,50.25,50.29,1400,2021-04-26 15:42:00,HALO
50.28,50.31,50.28,50.31,700,2021-04-26 15:43:00,HALO
50.305,50.37,50.285,50.285,1100,2021-04-26 15:44:00,HALO
50.285,50.33,50.285,50.33,600,2021-04-26 15:45:00,HALO
50.305,50.33,50.305,50.33,701,2021-04-26 15:46:00,HALO
50.305,50.305,50.305,50.305,100,2021-04-26 15:48:00,HALO
50.28,50.28,50.28,50.28,319,2021-04-26 15:49:00,HALO
50.28,50.28,50.26,50.2601,1000,2021-04-26 15:51:00,HALO
50.26,50.275,50.22,50.22,539,2021-04-26 15:52:00,HALO
50.25,50.26,50.25,50.26,300,2021-04-26 15:53:00,HALO
50.21,50.21,50.16,50.19,1500,2021-04-26 15:54:00,HALO
50.2,50.22,50.2,50.22,1100,2021-04-26 15:55:00,HALO
50.22,50.24,50.18,50.2004,1402,2021-04-26 15:56:00,HALO
50.225,50.26,50.225,50.26,918,2021-04-26 15:57:00,HALO
50.29,50.3,50.29,50.295,400,2021-04-26 15:58:00,HALO
50.295,50.31,50.27,50.31,1348,2021-04-26 15:59:00,HALO
50.28,50.33,50.28,50.33,400,2021-04-26 16:00:00,HALO
50.3,50.3,50.3,50.3,100,2021-04-26 16:01:00,HALO
50.31,50.32,50.3,50.3,501,2021-04-26 16:02:00,HALO
50.295,50.31,50.29,50.29,961,2021-04-26 16:03:00,HALO
50.3,50.3,50.27,50.275,2298,2021-04-26 16:04:00,HALO
50.29,50.29,50.235,50.25,1829,2021-04-26 16:05:00,HALO
50.25,50.25,50.23,50.23,763,2021-04-26 16:06:00,HALO
50.24,50.24,50.23,50.23,300,2021-04-26 16:07:00,HALO
50.22,50.22,50.19,50.19,1297,2021-04-26 16:08:00,HALO
50.17,50.17,50.155,50.155,300,2021-04-26 16:09:00,HALO
50.11,50.13,50.09,50.1,3230,2021-04-26 16:10:00,HALO
50.095,50.11,50.07,50.07,1766,2021-04-26 16:11:00,HALO
50.06,50.06,49.98,50.02,19786,2021-04-26 16:12:00,HALO
50.05,50.07,49.995,49.995,1974,2021-04-26 16:13:00,HALO
49.98,50.02,49.98,50.02,1300,2021-04-26 16:14:00,HALO
50.0,50.04,50.0,50.04,600,2021-04-26 16:15:00,HALO
50.07,50.07,50.07,50.07,100,2021-04-26 16:16:00,HALO
50.12,50.23,50.12,50.2226,925,2021-04-26 16:17:00,HALO
50.24,50.33,50.24,50.33,300,2021-04-26 16:18:00,HALO
50.27,50.3,50.27,50.27,570,2021-04-26 16:19:00,HALO
50.3,50.36,50.3,50.36,500,2021-04-26 16:20:00,HALO
50.34,50.36,50.32,50.36,1300,2021-04-26 16:21:00,HALO
50.36,50.36,50.36,50.36,912,2021-04-26 16:22:00,HALO
50.38,50.4,50.38,50.385,725,2021-04-26 16:23:00,HALO
50.41,50.41,50.3975,50.3975,400,2021-04-26 16:24:00,HALO
50.37,50.37,50.335,50.3575,1000,2021-04-26 16:25:00,HALO
50.32,50.32,50.3,50.3,300,2021-04-26 16:26:00,HALO
50.28,50.28,50.26,50.26,709,2021-04-26 16:27:00,HALO
50.255,50.255,50.23,50.23,233,2021-04-26 16:28:00,HALO
50.21,50.22,50.21,50.22,500,2021-04-26 16:29:00,HALO
50.205,50.205,50.205,50.205,100,2021-04-26 16:30:00,HALO
50.23,50.25,50.22,50.25,2111,2021-04-26 16:31:00,HALO
50.25,50.25,50.23,50.23,258,2021-04-26 16:32:00,HALO
50.265,50.265,50.265,50.265,200,2021-04-26 16:33:00,HALO
50.23,50.26,50.23,50.23,1305,2021-04-26 16:34:00,HALO
50.27,50.27,50.255,50.255,500,2021-04-26 16:35:00,HALO
50.24,50.24,50.24,50.24,200,2021-04-26 16:37:00,HALO
50.26,50.27,50.26,50.26,800,2021-04-26 16:38:00,HALO
50.25,50.27,50.25,50.265,600,2021-04-26 16:40:00,HALO
50.25,50.285,50.25,50.285,900,2021-04-26 16:41:00,HALO
50.29,50.31,50.29,50.31,300,2021-04-26 16:42:00,HALO
50.3,50.3,50.27,50.27,788,2021-04-26 16:43:00,HALO
50.26,50.28,50.24,50.24,800,2021-04-26 16:44:00,HALO
50.21,50.23,50.21,50.22,600,2021-04-26 16:45:00,HALO
50.27,50.27,50.27,50.27,200,2021-04-26 16:46:00,HALO
50.26,50.27,50.26,50.27,488,2021-04-26 16:47:00,HALO
50.29,50.29,50.29,50.29,100,2021-04-26 16:48:00,HALO
50.3,50.3,50.28,50.28,220,2021-04-26 16:49:00,HALO
50.26,50.26,50.26,50.26,722,2021-04-26 16:50:00,HALO
50.28,50.28,50.275,50.275,3482,2021-04-26 16:51:00,HALO
50.275,50.275,50.26,50.26,200,2021-04-26 16:52:00,HALO
50.275,50.31,50.26,50.31,6085,2021-04-26 16:53:00,HALO
50.35,50.41,50.35,50.41,1600,2021-04-26 16:55:00,HALO
50.38,50.38,50.36,50.37,300,2021-04-26 16:56:00,HALO
50.34,50.34,50.33,50.33,300,2021-04-26 16:57:00,HALO
50.28,50.2869,50.25,50.25,800,2021-04-26 16:58:00,HALO
50.235,50.235,50.19,50.21,1082,2021-04-26 16:59:00,HALO
50.21,50.27,50.21,50.27,466,2021-04-26 17:00:00,HALO
50.285,50.285,50.26,50.28,900,2021-04-26 17:01:00,HALO
50.33,50.33,50.33,50.33,200,2021-04-26 17:04:00,HALO
50.315,50.315,50.315,50.315,100,2021-04-26 17:05:00,HALO
50.305,50.305,50.29,50.3,400,2021-04-26 17:07:00,HALO
50.305,50.34,50.305,50.34,300,2021-04-26 17:08:00,HALO
50.36,50.36,50.36,50.36,100,2021-04-26 17:09:00,HALO
50.35,50.35,50.32,50.345,1500,2021-04-26 17:10:00,HALO
50.37,50.41,50.37,50.41,700,2021-04-26 17:11:00,HALO
50.395,50.395,50.395,50.395,100,2021-04-26 17:14:00,HALO
50.43,50.45,50.38,50.4,1867,2021-04-26 17:15:00,HALO
50.39,50.39,50.33,50.33,400,2021-04-26 17:18:00,HALO
50.32,50.33,50.3,50.33,300,2021-04-26 17:19:00,HALO
50.32,50.32,50.295,50.295,400,2021-04-26 17:20:00,HALO
50.29,50.29,50.225,50.26,1254,2021-04-26 17:21:00,HALO
50.26,50.3,50.26,50.3,708,2021-04-26 17:22:00,HALO
50.29,50.29,50.29,50.29,200,2021-04-26 17:24:00,HALO
50.31,50.31,50.31,50.31,263,2021-04-26 17:25:00,HALO
50.31,50.31,50.31,50.31,100,2021-04-26 17:26:00,HALO
50.295,50.295,50.295,50.295,100,2021-04-26 17:28:00,HALO
50.295,50.31,50.295,50.31,300,2021-04-26 17:29:00,HALO
50.3,50.3,50.3,50.3,200,2021-04-26 17:30:00,HALO
50.28,50.31,50.28,50.3,1848,2021-04-26 17:31:00,HALO
50.3,50.3,50.285,50.3,800,2021-04-26 17:32:00,HALO
50.3,50.31,50.3,50.31,300,2021-04-26 17:33:00,HALO
50.29,50.29,50.29,50.29,200,2021-04-26 17:34:00,HALO
50.29,50.29,50.29,50.29,200,2021-04-26 17:35:00,HALO
50.29,50.29,50.245,50.26,5380,2021-04-26 17:36:00,HALO
50.2,50.205,50.18,50.205,500,2021-04-26 17:37:00,HALO
50.2,50.2,50.2,50.2,100,2021-04-26 17:38:00,HALO
50.21,50.21,50.21,50.21,500,2021-04-26 17:39:00,HALO
50.205,50.22,50.205,50.21,700,2021-04-26 17:40:00,HALO
50.19,50.21,50.19,50.21,4900,2021-04-26 17:41:00,HALO
50.2,50.23,50.2,50.23,500,2021-04-26 17:42:00,HALO
50.25,50.26,50.25,50.26,300,2021-04-26 17:44:00,HALO
50.26,50.27,50.26,50.27,200,2021-04-26 17:45:00,HALO
50.27,50.27,50.27,50.27,200,2021-04-26 17:46:00,HALO
50.268,50.268,50.265,50.265,205,2021-04-26 17:47:00,HALO
50.28,50.3,50.28,50.3,1300,2021-04-26 17:48:00,HALO
50.3,50.33,50.3,50.32,1600,2021-04-26 17:49:00,HALO
50.35,50.44,50.34,50.44,11700,2021-04-26 17:50:00,HALO
50.44,50.44,50.42,50.435,1205,2021-04-26 17:51:00,HALO
50.449,50.48,50.449,50.48,2100,2021-04-26 17:52:00,HALO
50.48,50.525,50.48,50.51,800,2021-04-26 17:53:00,HALO
50.49,50.49,50.43,50.44,1090,2021-04-26 17:55:00,HALO
50.425,50.445,50.41,50.445,864,2021-04-26 17:56:00,HALO
50.41,50.41,50.41,50.41,200,2021-04-26 17:57:00,HALO
50.46,50.46,50.45,50.45,200,2021-04-26 18:00:00,HALO
50.45,50.45,50.45,50.45,200,2021-04-26 18:01:00,HALO
50.45,50.45,50.45,50.45,100,2021-04-26 18:02:00,HALO
50.43,50.43,50.4,50.4,900,2021-04-26 18:03:00,HALO
50.4,50.41,50.4,50.41,200,2021-04-26 18:04:00,HALO
50.4,50.4,50.4,50.4,100,2021-04-26 18:05:00,HALO
50.425,50.44,50.4,50.4,900,2021-04-26 18:06:00,HALO
50.4,50.42,50.4,50.42,300,2021-04-26 18:07:00,HALO
50.4,50.4,50.4,50.4,200,2021-04-26 18:08:00,HALO
50.4,50.42,50.4,50.42,900,2021-04-26 18:09:00,HALO
50.4,50.41,50.382,50.41,4080,2021-04-26 18:10:00,HALO
50.42,50.42,50.4,50.41,600,2021-04-26 18:11:00,HALO
50.4,50.43,50.4,50.43,200,2021-04-26 18:12:00,HALO
50.415,50.415,50.39,50.395,1364,2021-04-26 18:13:00,HALO
50.395,50.41,50.39,50.39,900,2021-04-26 18:14:00,HALO
50.38,50.41,50.37,50.41,2782,2021-04-26 18:15:00,HALO
50.39,50.39,50.39,50.39,200,2021-04-26 18:16:00,HALO
50.385,50.4,50.385,50.39,900,2021-04-26 18:18:00,HALO
50.38,50.39,50.37,50.38,1100,2021-04-26 18:19:00,HALO
50.36,50.36,50.34,50.36,1400,2021-04-26 18:20:00,HALO
50.35,50.4,50.35,50.4,2049,2021-04-26 18:21:00,HALO
50.39,50.39,50.39,50.39,100,2021-04-26 18:22:00,HALO
50.41,50.43,50.41,50.43,300,2021-04-26 18:23:00,HALO
50.47,50.47,50.47,50.47,249,2021-04-26 18:25:00,HALO
50.47,50.47,50.43,50.43,200,2021-04-26 18:26:00,HALO
50.45,50.45,50.445,50.445,1700,2021-04-26 18:27:00,HALO
50.44,50.48,50.425,50.47,2800,2021-04-26 18:28:00,HALO
50.52,50.52,50.4936,50.51,1000,2021-04-26 18:30:00,HALO
50.52,50.52,50.4953,50.4953,300,2021-04-26 18:31:00,HALO
50.49,50.49,50.49,50.49,100,2021-04-26 18:32:00,HALO
50.51,50.53,50.51,50.53,500,2021-04-26 18:33:00,HALO
50.53,50.53,50.465,50.48,1500,2021-04-26 18:34:00,HALO
50.48,50.48,50.47,50.48,500,2021-04-26 18:35:00,HALO
50.49,50.53,50.49,50.53,550,2021-04-26 18:36:00,HALO
50.53,50.54,50.525,50.525,430,2021-04-26 18:37:00,HALO
50.545,50.56,50.54,50.56,300,2021-04-26 18:38:00,HALO
50.53,50.53,50.53,50.53,100,2021-04-26 18:39:00,HALO
50.53,50.53,50.505,50.505,500,2021-04-26 18:40:00,HALO
50.52,50.52,50.52,50.52,400,2021-04-26 18:41:00,HALO
50.52,50.52,50.5,50.5,400,2021-04-26 18:42:00,HALO
50.5,50.52,50.5,50.52,896,2021-04-26 18:43:00,HALO
50.515,50.515,50.515,50.515,100,2021-04-26 18:44:00,HALO
50.52,50.52,50.495,50.495,500,2021-04-26 18:45:00,HALO
50.49,50.49,50.48,50.48,1147,2021-04-26 18:47:00,HALO
50.49,50.555,50.49,50.555,1500,2021-04-26 18:48:00,HALO
50.56,50.57,50.56,50.57,300,2021-04-26 18:49:00,HALO
50.579,50.579,50.579,50.579,200,2021-04-26 18:50:00,HALO
50.62,50.63,50.62,50.63,500,2021-04-26 18:51:00,HALO
50.63,50.64,50.61,50.61,1100,2021-04-26 18:52:00,HALO
50.62,50.62,50.6,50.6,847,2021-04-26 18:53:00,HALO
50.595,50.595,50.58,50.59,917,2021-04-26 18:54:00,HALO
50.595,50.62,50.595,50.62,655,2021-04-26 18:55:00,HALO
50.63,50.63,50.54,50.54,2403,2021-04-26 18:56:00,HALO
50.53,50.58,50.53,50.58,1625,2021-04-26 18:57:00,HALO
50.61,50.61,50.585,50.585,400,2021-04-26 18:58:00,HALO
50.61,50.61,50.6,50.61,800,2021-04-26 18:59:00,HALO
50.6,50.62,50.59,50.6,3310,2021-04-26 19:00:00,HALO
50.58,50.59,50.57,50.58,1327,2021-04-26 19:01:00,HALO
50.55,50.55,50.53,50.53,734,2021-04-26 19:02:00,HALO
50.53,50.535,50.525,50.525,600,2021-04-26 19:03:00,HALO
50.52,50.52,50.515,50.515,1896,2021-04-26 19:05:00,HALO
50.48,50.48,50.48,50.48,400,2021-04-26 19:06:00,HALO
50.49,50.49,50.47,50.47,500,2021-04-26 19:07:00,HALO
50.46,50.49,50.44,50.47,4392,2021-04-26 19:08:00,HALO
50.48,50.48,50.47,50.47,300,2021-04-26 19:09:00,HALO
50.48,50.52,50.48,50.52,400,2021-04-26 19:10:00,HALO
50.52,50.52,50.51,50.52,300,2021-04-26 19:11:00,HALO
50.54,50.54,50.525,50.525,300,2021-04-26 19:13:00,HALO
50.52,50.52,50.5,50.51,1500,2021-04-26 19:14:00,HALO
50.505,50.54,50.505,50.54,1800,2021-04-26 19:15:00,HALO
50.54,50.59,50.54,50.585,2600,2021-04-26 19:16:00,HALO
50.57,50.66,50.56,50.56,4602,2021-04-26 19:17:00,HALO
50.55,50.55,50.495,50.495,1320,2021-04-26 19:18:00,HALO
50.48,50.5,50.48,50.5,1000,2021-04-26 19:19:00,HALO
50.495,50.495,50.495,50.495,300,2021-04-26 19:20:00,HALO
50.49,50.525,50.49,50.51,5002,2021-04-26 19:21:00,HALO
50.515,50.515,50.515,50.515,100,2021-04-26 19:22:00,HALO
50.515,50.54,50.515,50.54,1000,2021-04-26 19:23:00,HALO
50.55,50.55,50.53,50.53,600,2021-04-26 19:24:00,HALO
50.55,50.56,50.53,50.54,2900,2021-04-26 19:25:00,HALO
50.535,50.54,50.535,50.54,500,2021-04-26 19:26:00,HALO
50.55,50.55,50.53,50.54,1300,2021-04-26 19:27:00,HALO
50.535,50.535,50.5,50.5,900,2021-04-26 19:28:00,HALO
50.48,50.5,50.36,50.36,5900,2021-04-26 19:29:00,HALO
50.36,50.47,50.34,50.47,5700,2021-04-26 19:30:00,HALO
50.48,50.48,50.44,50.445,1600,2021-04-26 19:31:00,HALO
50.435,50.435,50.385,50.41,2230,2021-04-26 19:32:00,HALO
50.41,50.41,50.38,50.4,4002,2021-04-26 19:33:00,HALO
50.41,50.41,50.41,50.41,897,2021-04-26 19:34:00,HALO
50.42,50.46,50.41,50.46,3422,2021-04-26 19:35:00,HALO
50.45,50.46,50.43,50.46,2529,2021-04-26 19:36:00,HALO
50.465,50.47,50.46,50.4625,753,2021-04-26 19:37:00,HALO
50.48,50.48,50.465,50.48,2300,2021-04-26 19:38:00,HALO
50.495,50.53,50.48,50.48,2559,2021-04-26 19:40:00,HALO
50.485,50.485,50.44,50.44,1512,2021-04-26 19:41:00,HALO
50.43,50.43,50.4,50.4,1117,2021-04-26 19:42:00,HALO
50.42,50.46,50.4,50.46,3473,2021-04-26 19:43:00,HALO
50.48,50.49,50.46,50.47,2548,2021-04-26 19:44:00,HALO
50.46,50.5,50.43,50.5,3315,2021-04-26 19:45:00,HALO
50.55,50.55,50.54,50.55,1000,2021-04-26 19:46:00,HALO
50.53,50.55,50.53,50.55,703,2021-04-26 19:47:00,HALO
50.565,50.565,50.46,50.47,1000,2021-04-26 19:48:00,HALO
50.49,50.49,50.435,50.47,3127,2021-04-26 19:49:00,HALO
50.455,50.51,50.45,50.47,3000,2021-04-26 19:50:00,HALO
50.458,50.475,50.45,50.465,1600,2021-04-26 19:51:00,HALO
50.46,50.5,50.46,50.485,3243,2021-04-26 19:52:00,HALO
50.485,50.51,50.455,50.455,2800,2021-04-26 19:53:00,HALO
50.46,50.5,50.46,50.49,2400,2021-04-26 19:54:00,HALO
50.51,50.55,50.47,50.4925,4200,2021-04-26 19:55:00,HALO
50.48,50.48,50.45,50.45,5472,2021-04-26 19:56:00,HALO
50.44,50.51,50.43,50.51,8590,2021-04-26 19:57:00,HALO
50.5,50.57,50.47,50.5,9777,2021-04-26 19:58:00,HALO
50.53,50.57,50.44,50.44,24369,2021-04-26 19:59:00,HALO
50.48,50.48,50.48,50.48,68496,2021-04-26 20:00:00,HALO
50.48,50.48,50.48,50.48,5240,2021-04-26 20:01:00,HALO
50.62,50.62,50.62,50.62,191,2021-04-26 23:35:00,HALO
50.71,50.74,50.65,50.65,6736,2021-04-27 13:30:00,HALO
50.61,50.75,50.59,50.75,870,2021-04-27 13:32:00,HALO
50.81,50.94,50.81,50.94,970,2021-04-27 13:33:00,HALO
50.89,50.89,50.83,50.8784,500,2021-04-27 13:34:00,HALO
50.89,50.91,50.8,50.82,500,2021-04-27 13:35:00,HALO
50.6993,50.6993,50.57,50.57,750,2021-04-27 13:36:00,HALO
50.5539,50.5539,50.5539,50.5539,100,2021-04-27 13:37:00,HALO
50.58,50.655,50.545,50.655,900,2021-04-27 13:38:00,HALO
50.61,50.61,50.4986,50.4986,800,2021-04-27 13:39:00,HALO
50.64,50.64,50.51,50.51,600,2021-04-27 13:40:00,HALO
50.49,50.53,50.4209,50.4209,520,2021-04-27 13:41:00,HALO
50.385,50.385,50.34,50.34,300,2021-04-27 13:43:00,HALO
50.225,50.24,50.225,50.24,200,2021-04-27 13:44:00,HALO
50.34,50.39,50.26,50.35,2150,2021-04-27 13:45:00,HALO
50.1901,50.29,50.1901,50.25,1900,2021-04-27 13:46:00,HALO
50.3,50.38,50.26,50.38,750,2021-04-27 13:47:00,HALO
50.4,50.49,50.36,50.49,700,2021-04-27 13:48:00,HALO
50.46,50.61,50.45,50.61,500,2021-04-27 13:49:00,HALO
50.53,50.54,50.41,50.54,500,2021-04-27 13:50:00,HALO
50.62,50.62,50.6,50.6,500,2021-04-27 13:51:00,HALO
50.56,50.56,50.56,50.56,100,2021-04-27 13:52:00,HALO
50.49,50.49,50.49,50.49,100,2021-04-27 13:53:00,HALO
50.46,50.51,50.4332,50.51,566,2021-04-27 13:54:00,HALO
50.62,50.62,50.62,50.62,226,2021-04-27 13:56:00,HALO
50.57,50.6,50.49,50.6,10566,2021-04-27 13:57:00,HALO
50.559,50.58,50.48,50.48,1307,2021-04-27 13:59:00,HALO
50.46,50.4975,50.4,50.4,900,2021-04-27 14:00:00,HALO
50.33,50.5,50.31,50.46,1500,2021-04-27 14:01:00,HALO
50.46,50.66,50.46,50.66,590,2021-04-27 14:02:00,HALO
50.67,50.7,50.67,50.68,600,2021-04-27 14:03:00,HALO
50.66,50.66,50.63,50.635,700,2021-04-27 14:04:00,HALO
50.59,50.59,50.515,50.515,400,2021-04-27 14:05:00,HALO
50.63,50.63,50.63,50.63,158,2021-04-27 14:06:00,HALO
50.56,50.6,50.55,50.55,400,2021-04-27 14:07:00,HALO
50.525,50.525,50.5,50.52,521,2021-04-27 14:08:00,HALO
50.54,50.54,50.47,50.54,800,2021-04-27 14:09:00,HALO
50.52,50.52,50.42,50.42,1500,2021-04-27 14:10:00,HALO
50.38,50.5699,50.38,50.44,1352,2021-04-27 14:11:00,HALO
50.38,50.38,50.38,50.38,300,2021-04-27 14:12:00,HALO
50.28,50.395,50.28,50.34,300,2021-04-27 14:13:00,HALO
50.4,50.4,50.4,50.4,200,2021-04-27 14:14:00,HALO
50.34,50.38,50.32,50.355,2109,2021-04-27 14:15:00,HALO
50.31,50.33,50.31,50.32,900,2021-04-27 14:16:00,HALO
50.25,50.25,50.25,50.25,100,2021-04-27 14:17:00,HALO
50.2,50.26,50.19,50.26,900,2021-04-27 14:18:00,HALO
50.31,50.36,50.31,50.36,1200,2021-04-27 14:19:00,HALO
50.48,50.49,50.47,50.47,400,2021-04-27 14:20:00,HALO
50.49,50.57,50.49,50.57,700,2021-04-27 14:21:00,HALO
50.52,50.52,50.52,50.52,300,2021-04-27 14:22:00,HALO
50.54,50.55,50.54,50.55,400,2021-04-27 14:23:00,HALO
50.58,50.675,50.58,50.675,300,2021-04-27 14:24:00,HALO
50.67,50.7,50.64,50.675,400,2021-04-27 14:25:00,HALO
50.61,50.63,50.58,50.625,1554,2021-04-27 14:26:00,HALO
50.63,50.74,50.63,50.74,1848,2021-04-27 14:27:00,HALO
50.6738,50.77,50.6738,50.77,649,2021-04-27 14:28:00,HALO
50.835,50.835,50.74,50.74,600,2021-04-27 14:29:00,HALO
50.74,50.74,50.74,50.74,122,2021-04-27 14:30:00,HALO
50.71,50.71,50.68,50.68,800,2021-04-27 14:31:00,HALO
50.71,50.73,50.675,50.73,979,2021-04-27 14:32:00,HALO
50.72,50.72,50.67,50.7,1000,2021-04-27 14:33:00,HALO
50.68,50.68,50.68,50.68,100,2021-04-27 14:34:00,HALO
50.72,50.72,50.62,50.63,900,2021-04-27 14:35:00,HALO
50.62,50.678,50.58,50.64,3334,2021-04-27 14:36:00,HALO
50.68,50.68,50.6,50.6,900,2021-04-27 14:37:00,HALO
50.675,50.69,50.66,50.6653,616,2021-04-27 14:38:00,HALO
50.61,50.61,50.61,50.61,100,2021-04-27 14:39:00,HALO
50.6,50.62,50.57,50.57,2277,2021-04-27 14:40:00,HALO
50.59,50.59,50.57,50.57,200,2021-04-27 14:41:00,HALO
50.525,50.54,50.525,50.53,500,2021-04-27 14:44:00,HALO
50.52,50.52,50.47,50.47,500,2021-04-27 14:45:00,HALO
50.55,50.56,50.54,50.56,300,2021-04-27 14:47:00,HALO
50.57,50.59,50.57,50.59,500,2021-04-27 14:48:00,HALO
50.57,50.59,50.54,50.59,840,2021-04-27 14:50:00,HALO
50.61,50.73,50.6,50.73,1126,2021-04-27 14:51:00,HALO
50.71,50.71,50.7,50.71,300,2021-04-27 14:52:00,HALO
50.7,50.7,50.68,50.68,500,2021-04-27 14:53:00,HALO
50.65,50.65,50.65,50.65,100,2021-04-27 14:54:00,HALO
50.68,50.72,50.68,50.71,800,2021-04-27 14:55:00,HALO
50.67,50.7,50.66,50.7,500,2021-04-27 14:56:00,HALO
50.705,50.71,50.705,50.71,200,2021-04-27 14:57:00,HALO
50.74,50.76,50.74,50.75,500,2021-04-27 14:59:00,HALO
50.74,50.8,50.74,50.78,600,2021-04-27 15:00:00,HALO
50.77,50.77,50.75,50.76,400,2021-04-27 15:01:00,HALO
50.79,50.79,50.75,50.75,200,2021-04-27 15:02:00,HALO
50.71,50.71,50.67,50.67,800,2021-04-27 15:03:00,HALO
50.64,50.64,50.57,50.6,1900,2021-04-27 15:04:00,HALO
50.61,50.67,50.61,50.63,634,2021-04-27 15:05:00,HALO
50.61,50.635,50.61,50.635,200,2021-04-27 15:06:00,HALO
50.6,50.635,50.6,50.635,390,2021-04-27 15:07:00,HALO
50.63,50.63,50.63,50.63,253,2021-04-27 15:08:00,HALO
50.635,50.65,50.6,50.63,1559,2021-04-27 15:10:00,HALO
50.63,50.64,50.63,50.64,200,2021-04-27 15:11:00,HALO
50.71,50.715,50.71,50.715,428,2021-04-27 15:12:00,HALO
50.8,50.8181,50.77,50.77,517,2021-04-27 15:14:00,HALO
50.77,50.775,50.76,50.76,400,2021-04-27 15:15:00,HALO
50.75,50.75,50.75,50.75,100,2021-04-27 15:16:00,HALO
50.7,50.71,50.69,50.69,300,2021-04-27 15:17:00,HALO
50.7,50.74,50.7,50.74,500,2021-04-27 15:18:00,HALO
50.76,50.76,50.76,50.76,200,2021-04-27 15:20:00,HALO
50.765,50.765,50.74,50.74,200,2021-04-27 15:21:00,HALO
50.76,50.76,50.74,50.74,200,2021-04-27 15:22:00,HALO
50.725,50.75,50.72,50.72,600,2021-04-27 15:23:00,HALO
50.75,50.76,50.71,50.71,7100,2021-04-27 15:24:00,HALO
50.73,50.79,50.73,50.74,2500,2021-04-27 15:25:00,HALO
50.71,50.71,50.71,50.71,400,2021-04-27 15:26:00,HALO
50.68,50.68,50.68,50.68,100,2021-04-27 15:27:00,HALO
50.71,50.71,50.71,50.71,100,2021-04-27 15:28:00,HALO
50.72,50.73,50.72,50.73,826,2021-04-27 15:29:00,HALO
50.77,50.77,50.755,50.755,300,2021-04-27 15:31:00,HALO
50.73,50.73,50.7,50.7,1000,2021-04-27 15:32:00,HALO
50.76,50.78,50.75,50.78,1400,2021-04-27 15:33:00,HALO
50.83,50.83,50.8,50.8,1235,2021-04-27 15:34:00,HALO
50.79,50.8,50.79,50.8,200,2021-04-27 15:35:00,HALO
50.83,50.83,50.785,50.785,300,2021-04-27 15:38:00,HALO
50.82,50.87,50.81,50.87,900,2021-04-27 15:39:00,HALO
50.87,50.87,50.8269,50.845,800,2021-04-27 15:41:00,HALO
50.86,50.88,50.86,50.86,1196,2021-04-27 15:42:00,HALO
50.81,50.81,50.795,50.795,600,2021-04-27 15:44:00,HALO
50.83,50.83,50.83,50.83,600,2021-04-27 15:45:00,HALO
50.82,50.82,50.81,50.81,600,2021-04-27 15:46:00,HALO
50.79,50.79,50.785,50.785,350,2021-04-27 15:47:00,HALO
50.805,50.805,50.77,50.77,500,2021-04-27 15:48:00,HALO
50.74,50.75,50.74,50.75,300,2021-04-27 15:49:00,HALO
50.75,50.75,50.75,50.75,100,2021-04-27 15:50:00,HALO
50.775,50.81,50.775,50.81,700,2021-04-27 15:51:00,HALO
50.81,50.82,50.81,50.82,1100,2021-04-27 15:52:00,HALO
50.81,50.82,50.8,50.82,400,2021-04-27 15:53:00,HALO
50.84,50.84,50.84,50.84,500,2021-04-27 15:54:00,HALO
50.82,50.82,50.79,50.81,607,2021-04-27 15:56:00,HALO
50.805,50.805,50.805,50.805,100,2021-04-27 15:57:00,HALO
50.83,50.85,50.79,50.85,2095,2021-04-27 15:58:00,HALO
50.87,50.87,50.87,50.87,100,2021-04-27 15:59:00,HALO
50.89,50.89,50.88,50.88,200,2021-04-27 16:00:00,HALO
50.905,50.905,50.905,50.905,100,2021-04-27 16:01:00,HALO
50.93,50.93,50.93,50.93,100,2021-04-27 16:02:00,HALO
50.93,50.96,50.93,50.93,400,2021-04-27 16:03:00,HALO
50.91,50.91,50.87,50.87,500,2021-04-27 16:04:00,HALO
50.88,50.9,50.87,50.87,547,2021-04-27 16:05:00,HALO
50.87,50.875,50.8364,50.8364,1600,2021-04-27 16:08:00,HALO
50.8083,50.8083,50.71,50.71,500,2021-04-27 16:09:00,HALO
50.76,50.82,50.74,50.82,1602,2021-04-27 16:10:00,HALO
50.85,50.85,50.82,50.82,600,2021-04-27 16:12:00,HALO
50.81,50.81,50.79,50.79,200,2021-04-27 16:13:00,HALO
50.82,50.83,50.77,50.83,1401,2021-04-27 16:14:00,HALO
50.845,50.845,50.84,50.84,200,2021-04-27 16:15:00,HALO
50.85,50.85,50.85,50.85,100,2021-04-27 16:16:00,HALO
50.84,50.88,50.84,50.86,1500,2021-04-27 16:18:00,HALO
50.86,50.86,50.86,50.86,300,2021-04-27 16:19:00,HALO
50.85,50.85,50.84,50.85,600,2021-04-27 16:20:00,HALO
50.875,50.89,50.875,50.89,827,2021-04-27 16:21:00,HALO
50.87,50.889,50.84,50.84,1300,2021-04-27 16:22:00,HALO
50.83,50.86,50.83,50.86,1300,2021-04-27 16:23:00,HALO
50.89,50.92,50.89,50.92,700,2021-04-27 16:25:00,HALO
50.94,50.95,50.92,50.95,1400,2021-04-27 16:26:00,HALO
50.94,50.94,50.94,50.94,100,2021-04-27 16:27:00,HALO
50.895,50.95,50.89,50.92,800,2021-04-27 16:28:00,HALO
50.94,50.94,50.94,50.94,200,2021-04-27 16:29:00,HALO
50.89,50.9,50.83,50.83,1800,2021-04-27 16:30:00,HALO
50.86,50.86,50.86,50.86,100,2021-04-27 16:33:00,HALO
50.84,50.84,50.8,50.8,300,2021-04-27 16:34:00,HALO
50.8,50.8,50.74,50.77,740,2021-04-27 16:35:00,HALO
50.78,50.78,50.71,50.71,900,2021-04-27 16:36:00,HALO
50.72,50.72,50.72,50.72,300,2021-04-27 16:37:00,HALO
50.75,50.77,50.73,50.77,523,2021-04-27 16:38:00,HALO
50.76,50.76,50.7389,50.7389,400,2021-04-27 16:39:00,HALO
50.77,50.77,50.75,50.75,500,2021-04-27 16:40:00,HALO
50.8,50.84,50.8,50.83,3048,2021-04-27 16:41:00,HALO
50.8,50.8,50.76,50.76,900,2021-04-27 16:42:00,HALO
50.75,50.76,50.69,50.71,1936,2021-04-27 16:43:00,HALO
50.72,50.79,50.72,50.78,729,2021-04-27 16:44:00,HALO
50.71,50.71,50.71,50.71,100,2021-04-27 16:45:00,HALO
50.6803,50.72,50.6803,50.72,1275,2021-04-27 16:46:00,HALO
50.72,50.72,50.715,50.715,600,2021-04-27 16:47:00,HALO
50.7,50.7,50.67,50.67,1208,2021-04-27 16:48:00,HALO
50.71,50.71,50.7,50.7,400,2021-04-27 16:50:00,HALO
50.7,50.705,50.64,50.67,1500,2021-04-27 16:51:00,HALO
50.67,50.67,50.64,50.64,700,2021-04-27 16:52:00,HALO
50.64,50.64,50.55,50.55,3054,2021-04-27 16:53:00,HALO
50.53,50.6,50.52,50.6,1714,2021-04-27 16:54:00,HALO
50.61,50.61,50.6,50.6,238,2021-04-27 16:55:00,HALO
50.57,50.58,50.57,50.58,200,2021-04-27 16:56:00,HALO
50.56,50.595,50.56,50.585,1000,2021-04-27 16:57:00,HALO
50.57,50.59,50.56,50.56,1202,2021-04-27 16:58:00,HALO
50.56,50.56,50.54,50.55,2201,2021-04-27 17:00:00,HALO
50.53,50.57,50.52,50.57,4130,2021-04-27 17:01:00,HALO
50.59,50.67,50.59,50.65,1700,2021-04-27 17:02:00,HALO
50.64,50.65,50.64,50.65,300,2021-04-27 17:03:00,HALO
50.67,50.675,50.65,50.66,1000,2021-04-27 17:04:00,HALO
50.665,50.67,50.66,50.66,300,2021-04-27 17:05:00,HALO
50.63,50.67,50.62,50.64,2500,2021-04-27 17:06:00,HALO
50.65,50.65,50.65,50.65,100,2021-04-27 17:07:00,HALO
50.67,50.67,50.66,50.66,200,2021-04-27 17:09:00,HALO
50.68,50.68,50.68,50.68,200,2021-04-27 17:10:00,HALO
50.68,50.715,50.68,50.715,2526,2021-04-27 17:11:00,HALO
50.73,50.73,50.72,50.73,500,2021-04-27 17:12:00,HALO
50.75,50.77,50.75,50.76,1300,2021-04-27 17:13:00,HALO
50.735,50.74,50.72,50.73,800,2021-04-27 17:15:00,HALO
50.74,50.74,50.71,50.71,2500,2021-04-27 17:16:00,HALO
50.72,50.76,50.72,50.75,700,2021-04-27 17:17:00,HALO
50.75,50.75,50.73,50.73,600,2021-04-27 17:18:00,HALO
50.73,50.75,50.73,50.75,700,2021-04-27 17:21:00,HALO
50.76,50.76,50.73,50.73,1000,2021-04-27 17:22:00,HALO
50.75,50.76,50.74,50.74,300,2021-04-27 17:23:00,HALO
50.77,50.8,50.77,50.78,900,2021-04-27 17:24:00,HALO
50.76,50.76,50.74,50.745,800,2021-04-27 17:26:00,HALO
50.77,50.77,50.77,50.77,100,2021-04-27 17:27:00,HALO
50.785,50.785,50.785,50.785,100,2021-04-27 17:28:00,HALO
50.79,50.8,50.79,50.8,200,2021-04-27 17:29:00,HALO
50.835,50.835,50.77,50.78,900,2021-04-27 17:30:00,HALO
50.755,50.78,50.755,50.78,200,2021-04-27 17:31:00,HALO
50.73,50.73,50.73,50.73,100,2021-04-27 17:32:00,HALO
50.71,50.71,50.68,50.695,1400,2021-04-27 17:33:00,HALO
50.78,50.8,50.78,50.8,350,2021-04-27 17:36:00,HALO
50.79,50.79,50.79,50.79,100,2021-04-27 17:40:00,HALO
50.82,50.83,50.79,50.83,1038,2021-04-27 17:41:00,HALO
50.84,50.84,50.82,50.82,1000,2021-04-27 17:42:00,HALO
50.8,50.875,50.8,50.875,1535,2021-04-27 17:43:00,HALO
50.86,50.86,50.85,50.85,400,2021-04-27 17:45:00,HALO
50.84,50.85,50.84,50.85,700,2021-04-27 17:46:00,HALO
50.84,50.84,50.84,50.84,100,2021-04-27 17:47:00,HALO
50.82,50.82,50.76,50.76,600,2021-04-27 17:48:00,HALO
50.765,50.765,50.765,50.765,100,2021-04-27 17:49:00,HALO
50.8,50.81,50.8,50.81,200,2021-04-27 17:50:00,HALO
50.85,50.88,50.85,50.88,200,2021-04-27 17:52:00,HALO
50.85,50.9,50.85,50.9,500,2021-04-27 17:53:00,HALO
50.91,50.91,50.9,50.9,200,2021-04-27 17:55:00,HALO
50.89,50.89,50.89,50.89,100,2021-04-27 17:56:00,HALO
50.9,50.9,50.9,50.9,100,2021-04-27 17:57:00,HALO
50.91,50.95,50.91,50.95,500,2021-04-27 17:58:00,HALO
50.94,50.94,50.88,50.88,1600,2021-04-27 18:00:00,HALO
50.83,50.845,50.81,50.83,890,2021-04-27 18:01:00,HALO
50.81,50.83,50.8,50.83,579,2021-04-27 18:02:00,HALO
50.845,50.85,50.82,50.82,703,2021-04-27 18:04:00,HALO
50.82,50.84,50.82,50.84,700,2021-04-27 18:05:00,HALO
50.87,50.88,50.87,50.88,780,2021-04-27 18:06:00,HALO
50.87,50.87,50.87,50.87,100,2021-04-27 18:07:00,HALO
50.85,50.86,50.82,50.82,1000,2021-04-27 18:08:00,HALO
50.76,50.78,50.76,50.78,700,2021-04-27 18:10:00,HALO
50.81,50.84,50.79,50.79,500,2021-04-27 18:11:00,HALO
50.81,50.81,50.79,50.79,200,2021-04-27 18:13:00,HALO
50.8,50.81,50.77,50.77,600,2021-04-27 18:15:00,HALO
50.75,50.79,50.75,50.79,905,2021-04-27 18:16:00,HALO
50.8,50.8,50.8,50.8,596,2021-04-27 18:17:00,HALO
50.78,50.78,50.76,50.76,600,2021-04-27 18:19:00,HALO
50.79,50.79,50.74,50.74,1500,2021-04-27 18:20:00,HALO
50.78,50.8,50.78,50.8,200,2021-04-27 18:21:00,HALO
50.82,50.82,50.81,50.81,200,2021-04-27 18:22:00,HALO
50.85,50.85,50.85,50.85,100,2021-04-27 18:23:00,HALO
50.85,50.85,50.85,50.85,100,2021-04-27 18:25:00,HALO
50.82,50.835,50.81,50.81,1000,2021-04-27 18:26:00,HALO
50.78,50.8,50.76,50.8,2327,2021-04-27 18:28:00,HALO
50.82,50.82,50.82,50.82,100,2021-04-27 18:29:00,HALO
50.815,50.815,50.815,50.815,100,2021-04-27 18:30:00,HALO
50.78,50.79,50.72,50.72,1300,2021-04-27 18:31:00,HALO
50.69,50.69,50.685,50.685,201,2021-04-27 18:32:00,HALO
50.72,50.73,50.69,50.73,312,2021-04-27 18:33:00,HALO
50.71,50.71,50.66,50.66,1200,2021-04-27 18:35:00,HALO
50.68,50.68,50.68,50.68,200,2021-04-27 18:36:00,HALO
50.66,50.66,50.66,50.66,100,2021-04-27 18:37:00,HALO
50.695,50.695,50.695,50.695,100,2021-04-27 18:38:00,HALO
50.67,50.68,50.65,50.65,8000,2021-04-27 18:40:00,HALO
50.67,50.7,50.65,50.7,700,2021-04-27 18:41:00,HALO
50.7,50.7,50.7,50.7,700,2021-04-27 18:42:00,HALO
50.71,50.71,50.7,50.71,500,2021-04-27 18:43:00,HALO
50.705,50.705,50.64,50.64,1400,2021-04-27 18:44:00,HALO
50.65,50.67,50.65,50.665,700,2021-04-27 18:45:00,HALO
50.67,50.71,50.67,50.71,600,2021-04-27 18:46:00,HALO
50.73,50.765,50.73,50.74,812,2021-04-27 18:47:00,HALO
50.75,50.75,50.72,50.72,397,2021-04-27 18:48:00,HALO
50.71,50.72,50.69,50.71,900,2021-04-27 18:49:00,HALO
50.735,50.735,50.735,50.735,101,2021-04-27 18:52:00,HALO
50.75,50.75,50.69,50.69,2930,2021-04-27 18:53:00,HALO
50.69,50.69,50.65,50.665,1258,2021-04-27 18:54:00,HALO
50.69,50.73,50.67,50.73,604,2021-04-27 18:55:00,HALO
50.72,50.72,50.72,50.72,100,2021-04-27 18:56:00,HALO
50.75,50.75,50.645,50.66,11700,2021-04-27 18:57:00,HALO
50.64,50.64,50.565,50.565,713,2021-04-27 18:58:00,HALO
50.56,50.56,50.56,50.56,200,2021-04-27 18:59:00,HALO
50.57,50.57,50.53,50.55,800,2021-04-27 19:00:00,HALO
50.56,50.61,50.56,50.61,900,2021-04-27 19:01:00,HALO
50.635,50.64,50.61,50.64,700,2021-04-27 19:02:00,HALO
50.65,50.69,50.61,50.61,1579,2021-04-27 19:03:00,HALO
50.6,50.62,50.6,50.62,900,2021-04-27 19:04:00,HALO
50.63,50.63,50.59,50.62,1900,2021-04-27 19:05:00,HALO
50.63,50.63,50.58,50.58,600,2021-04-27 19:06:00,HALO
50.585,50.62,50.585,50.62,818,2021-04-27 19:07:00,HALO
50.6,50.62,50.58,50.58,790,2021-04-27 19:08:00,HALO
50.595,50.595,50.55,50.58,733,2021-04-27 19:09:00,HALO
50.585,50.6,50.56,50.6,700,2021-04-27 19:10:00,HALO
50.594,50.6,50.57,50.6,1600,2021-04-27 19:11:00,HALO
50.59,50.59,50.59,50.59,200,2021-04-27 19:12:00,HALO
50.62,50.62,50.61,50.61,300,2021-04-27 19:13:00,HALO
50.645,50.71,50.63,50.71,7553,2021-04-27 19:15:00,HALO
50.76,50.76,50.76,50.76,100,2021-04-27 19:17:00,HALO
50.795,50.81,50.78,50.78,1500,2021-04-27 19:18:00,HALO
50.73,50.75,50.725,50.725,500,2021-04-27 19:19:00,HALO
50.77,50.775,50.77,50.775,622,2021-04-27 19:20:00,HALO
50.79,50.82,50.76,50.82,2594,2021-04-27 19:21:00,HALO
50.81,50.81,50.805,50.805,500,2021-04-27 19:22:00,HALO
50.84,50.86,50.82,50.85,400,2021-04-27 19:23:00,HALO
50.855,50.855,50.83,50.83,600,2021-04-27 19:24:00,HALO
50.85,50.9,50.82,50.82,1789,2021-04-27 19:25:00,HALO
50.845,50.87,50.82,50.86,3300,2021-04-27 19:26:00,HALO
50.86,50.89,50.835,50.845,4214,2021-04-27 19:27:00,HALO
50.84,50.86,50.84,50.86,1300,2021-04-27 19:28:00,HALO
50.85,50.87,50.84,50.87,800,2021-04-27 19:29:00,HALO
50.91,50.92,50.89,50.89,600,2021-04-27 19:30:00,HALO
50.88,50.9,50.88,50.9,500,2021-04-27 19:31:00,HALO
50.93,50.93,50.92,50.92,200,2021-04-27 19:32:00,HALO
50.945,50.945,50.92,50.93,1300,2021-04-27 19:33:00,HALO
50.93,50.98,50.93,50.98,600,2021-04-27 19:34:00,HALO
50.9699,50.9699,50.91,50.91,900,2021-04-27 19:35:00,HALO
50.93,50.945,50.92,50.945,1739,2021-04-27 19:36:00,HALO
50.95,51.06,50.95,51.05,5893,2021-04-27 19:37:00,HALO
51.03,51.04,50.98,50.98,1640,2021-04-27 19:38:00,HALO
50.955,50.98,50.93,50.98,500,2021-04-27 19:39:00,HALO
50.9897,51.02,50.95,50.98,2662,2021-04-27 19:40:00,HALO
51.0,51.02,50.99,50.99,1958,2021-04-27 19:41:00,HALO
50.97,50.98,50.95,50.95,1266,2021-04-27 19:42:00,HALO
50.95,50.96,50.94,50.95,1001,2021-04-27 19:43:00,HALO
50.935,50.935,50.91,50.915,693,2021-04-27 19:44:00,HALO
50.9231,50.925,50.92,50.92,925,2021-04-27 19:45:00,HALO
50.925,50.94,50.92,50.93,1848,2021-04-27 19:46:00,HALO
50.94,50.97,50.94,50.97,1444,2021-04-27 19:47:00,HALO
50.98,50.98,50.95,50.96,900,2021-04-27 19:48:00,HALO
50.96,51.01,50.96,51.01,900,2021-04-27 19:49:00,HALO
51.02,51.06,51.02,51.04,3768,2021-04-27 19:50:00,HALO
51.05,51.07,51.02,51.07,4161,2021-04-27 19:51:00,HALO
51.1,51.11,51.02,51.05,2978,2021-04-27 19:52:00,HALO
51.09,51.1,51.05,51.08,2031,2021-04-27 19:53:00,HALO
51.065,51.26,51.02,51.22,97667,2021-04-27 19:54:00,HALO
51.15,51.185,51.08,51.13,4553,2021-04-27 19:55:00,HALO
51.17,51.17,51.07,51.07,8389,2021-04-27 19:56:00,HALO
51.07,51.12,51.07,51.1,5779,2021-04-27 19:57:00,HALO
51.105,51.105,51.06,51.08,9847,2021-04-27 19:58:00,HALO
51.09,51.17,51.07,51.11,14763,2021-04-27 19:59:00,HALO
51.11,51.11,51.11,51.11,75742,2021-04-27 20:00:00,HALO
51.11,51.11,51.11,51.11,2000,2021-04-27 20:01:00,HALO
50.66,50.66,50.66,50.66,100,2021-04-27 20:13:00,HALO
51.05,51.05,51.05,51.05,100,2021-04-27 23:04:00,HALO
50.59,50.67,49.8821,50.52,9051,2021-04-28 13:30:00,HALO
50.52,50.64,50.51,50.62,2019,2021-04-28 13:31:00,HALO
50.59,50.59,50.37,50.4,1200,2021-04-28 13:32:00,HALO
50.34,50.34,50.34,50.34,100,2021-04-28 13:33:00,HALO
50.4033,50.47,50.37,50.445,700,2021-04-28 13:34:00,HALO
50.455,50.46,50.455,50.46,200,2021-04-28 13:35:00,HALO
50.37,50.37,50.17,50.35,1550,2021-04-28 13:36:00,HALO
50.305,50.305,50.2,50.2,200,2021-04-28 13:37:00,HALO
50.305,50.305,50.18,50.18,300,2021-04-28 13:38:00,HALO
50.17,50.17,50.17,50.17,100,2021-04-28 13:39:00,HALO
50.21,50.27,50.21,50.27,300,2021-04-28 13:41:00,HALO
50.25,50.25,50.21,50.21,233,2021-04-28 13:42:00,HALO
50.285,50.285,50.14,50.21,2200,2021-04-28 13:43:00,HALO
50.19,50.26,50.16,50.18,4495,2021-04-28 13:44:00,HALO
50.17,50.17,50.17,50.17,200,2021-04-28 13:45:00,HALO
50.22,50.22,50.08,50.11,2486,2021-04-28 13:46:00,HALO
50.15,50.2,50.15,50.2,300,2021-04-28 13:47:00,HALO
50.2,50.21,50.13,50.185,3400,2021-04-28 13:48:00,HALO
50.15,50.15,50.14,50.15,300,2021-04-28 13:49:00,HALO
50.18,50.21,50.155,50.21,300,2021-04-28 13:50:00,HALO
50.22,50.22,50.09,50.12,1400,2021-04-28 13:51:00,HALO
50.09,50.17,50.09,50.17,400,2021-04-28 13:52:00,HALO
50.145,50.2,50.14,50.14,756,2021-04-28 13:53:00,HALO
50.14,50.14,50.14,50.14,200,2021-04-28 13:54:00,HALO
50.21,50.21,50.12,50.15,2000,2021-04-28 13:55:00,HALO
50.1,50.18,50.09,50.16,1200,2021-04-28 13:56:00,HALO
50.165,50.21,50.12,50.21,1100,2021-04-28 13:57:00,HALO
50.26,50.27,50.15,50.23,3400,2021-04-28 13:58:00,HALO
50.15,50.15,50.15,50.15,100,2021-04-28 13:59:00,HALO
50.165,50.165,50.165,50.165,200,2021-04-28 14:00:00,HALO
50.11,50.11,50.11,50.11,303,2021-04-28 14:01:00,HALO
50.16,50.16,50.07,50.13,2653,2021-04-28 14:02:00,HALO
50.16,50.16,50.16,50.16,400,2021-04-28 14:03:00,HALO
50.16,50.165,50.07,50.07,2400,2021-04-28 14:04:00,HALO
50.1,50.14,50.0905,50.115,2012,2021-04-28 14:05:00,HALO
50.09,50.115,50.055,50.1,1900,2021-04-28 14:06:00,HALO
50.085,50.13,50.085,50.09,900,2021-04-28 14:07:00,HALO
50.08,50.14,50.05,50.105,3080,2021-04-28 14:09:00,HALO
50.08,50.08,50.02,50.02,1200,2021-04-28 14:10:00,HALO
50.02,50.1,50.02,50.1,900,2021-04-28 14:11:00,HALO
50.05,50.11,50.05,50.08,400,2021-04-28 14:12:00,HALO
50.1,50.12,50.085,50.12,1200,2021-04-28 14:13:00,HALO
50.08,50.1,50.05,50.085,4150,2021-04-28 14:14:00,HALO
50.06,50.06,49.95,49.975,3300,2021-04-28 14:15:00,HALO
49.93,49.94,49.895,49.895,1125,2021-04-28 14:16:00,HALO
49.94,49.94,49.91,49.91,600,2021-04-28 14:17:00,HALO
49.91,49.955,49.91,49.955,800,2021-04-28 14:18:00,HALO
49.977,49.977,49.91,49.92,2300,2021-04-28 14:19:00,HALO
49.95,49.95,49.95,49.95,200,2021-04-28 14:20:00,HALO
50.01,50.01,49.98,49.98,200,2021-04-28 14:21:00,HALO
49.96,49.96,49.96,49.96,100,2021-04-28 14:22:00,HALO
50.005,50.005,50.005,50.005,100,2021-04-28 14:24:00,HALO
50.005,50.07,50.005,50.07,600,2021-04-28 14:25:00,HALO
50.035,50.2,50.035,50.15,14769,2021-04-28 14:26:00,HALO
50.165,50.28,50.165,50.28,800,2021-04-28 14:27:00,HALO
50.32,50.32,50.2626,50.2626,600,2021-04-28 14:28:00,HALO
50.27,50.27,50.15,50.15,1623,2021-04-28 14:29:00,HALO
50.2,50.28,50.16,50.16,3516,2021-04-28 14:30:00,HALO
50.145,50.225,50.13,50.225,27500,2021-04-28 14:31:00,HALO
50.21,50.21,50.15,50.15,1428,2021-04-28 14:32:00,HALO
50.17,50.205,50.12,50.205,700,2021-04-28 14:33:00,HALO
50.15,50.32,50.11,50.18,10318,2021-04-28 14:34:00,HALO
50.21,50.21,50.0811,50.0811,2200,2021-04-28 14:35:00,HALO
50.06,50.095,50.0,50.06,1463,2021-04-28 14:36:00,HALO
50.07,50.07,50.07,50.07,100,2021-04-28 14:37:00,HALO
50.075,50.075,50.0309,50.075,300,2021-04-28 14:38:00,HALO
50.0725,50.11,50.03,50.0525,7800,2021-04-28 14:39:00,HALO
50.07,50.185,50.04,50.185,12686,2021-04-28 14:40:00,HALO
50.195,50.24,50.195,50.24,200,2021-04-28 14:41:00,HALO
50.2,50.2793,50.2,50.25,800,2021-04-28 14:42:00,HALO
50.27,50.27,50.2,50.2,8816,2021-04-28 14:44:00,HALO
50.18,50.2,50.15,50.19,14000,2021-04-28 14:45:00,HALO
50.23,50.26,50.2,50.2,601,2021-04-28 14:46:00,HALO
50.17,50.18,50.17,50.18,200,2021-04-28 14:48:00,HALO
50.2,50.23,50.2,50.23,300,2021-04-28 14:49:00,HALO
50.23,50.23,50.19,50.19,1000,2021-04-28 14:50:00,HALO
50.225,50.27,50.225,50.27,200,2021-04-28 14:51:00,HALO
50.26,50.26,50.26,50.26,100,2021-04-28 14:52:00,HALO
50.2992,50.2992,50.2992,50.2992,200,2021-04-28 14:53:00,HALO
50.3,50.36,50.3,50.36,400,2021-04-28 14:54:00,HALO
50.32,50.32,50.32,50.32,200,2021-04-28 14:55:00,HALO
50.29,50.29,50.28,50.28,200,2021-04-28 14:56:00,HALO
50.26,50.29,50.26,50.29,200,2021-04-28 14:57:00,HALO
50.28,50.28,50.21,50.21,1300,2021-04-28 14:58:00,HALO
50.27,50.31,50.27,50.31,600,2021-04-28 14:59:00,HALO
50.29,50.29,50.17,50.215,2205,2021-04-28 15:00:00,HALO
50.17,50.21,50.04,50.04,2267,2021-04-28 15:01:00,HALO
50.07,50.1,49.91,49.96,3028,2021-04-28 15:02:00,HALO
49.95,50.06,49.945,50.0,11900,2021-04-28 15:03:00,HALO
50.0,50.0,49.995,50.0,3300,2021-04-28 15:04:00,HALO
49.99,50.05,49.945,50.05,2800,2021-04-28 15:05:00,HALO
50.0277,50.0277,50.01,50.0225,800,2021-04-28 15:06:00,HALO
50.02,50.02,49.98,49.98,900,2021-04-28 15:07:00,HALO
49.97,49.97,49.97,49.97,400,2021-04-28 15:08:00,HALO
50.015,50.04,49.97,49.97,900,2021-04-28 15:09:00,HALO
49.97,50.015,49.97,49.97,700,2021-04-28 15:10:00,HALO
49.95,49.99,49.91,49.97,2292,2021-04-28 15:11:00,HALO
49.93,49.97,49.89,49.94,3600,2021-04-28 15:12:00,HALO
49.94,49.94,49.94,49.94,200,2021-04-28 15:13:00,HALO
49.98,50.0,49.97,49.97,400,2021-04-28 15:14:00,HALO
49.97,49.97,49.96,49.96,300,2021-04-28 15:15:00,HALO
49.92,49.92,49.9,49.9,522,2021-04-28 15:16:00,HALO
49.85,49.92,49.85,49.92,300,2021-04-28 15:17:00,HALO
49.94,49.98,49.89,49.89,1800,2021-04-28 15:18:00,HALO
49.8865,50.055,49.8865,50.055,1701,2021-04-28 15:19:00,HALO
50.06,50.06,50.01,50.01,500,2021-04-28 15:20:00,HALO
50.04,50.04,50.04,50.04,100,2021-04-28 15:21:00,HALO
50.07,50.07,50.07,50.07,100,2021-04-28 15:23:00,HALO
50.01,50.04,50.01,50.01,700,2021-04-28 15:24:00,HALO
50.0099,50.035,50.0099,50.035,400,2021-04-28 15:25:00,HALO
50.06,50.06,50.06,50.06,215,2021-04-28 15:26:00,HALO
50.07,50.12,50.07,50.12,1300,2021-04-28 15:27:00,HALO
50.165,50.2,50.165,50.2,300,2021-04-28 15:29:00,HALO
50.18,50.21,50.18,50.21,766,2021-04-28 15:30:00,HALO
50.2277,50.2282,50.18,50.2282,400,2021-04-28 15:31:00,HALO
50.3051,50.3051,50.27,50.27,300,2021-04-28 15:32:00,HALO
50.27,50.296,50.27,50.296,246,2021-04-28 15:33:00,HALO
50.32,50.36,50.32,50.36,200,2021-04-28 15:34:00,HALO
50.47,50.47,50.47,50.47,100,2021-04-28 15:35:00,HALO
50.43,50.43,50.42,50.43,1267,2021-04-28 15:36:00,HALO
50.46,50.5,50.46,50.5,299,2021-04-28 15:37:00,HALO
50.48,50.55,50.48,50.55,519,2021-04-28 15:38:00,HALO
50.55,50.55,50.55,50.55,900,2021-04-28 15:39:00,HALO
50.55,50.55,50.49,50.49,1167,2021-04-28 15:40:00,HALO
50.53,50.545,50.53,50.545,400,2021-04-28 15:41:00,HALO
50.545,50.545,50.545,50.545,200,2021-04-28 15:42:00,HALO
50.5,50.52,50.5,50.52,900,2021-04-28 15:43:00,HALO
50.49,50.49,50.47,50.475,1300,2021-04-28 15:44:00,HALO
50.455,50.49,50.455,50.49,400,2021-04-28 15:45:00,HALO
50.51,50.535,50.51,50.535,300,2021-04-28 15:46:00,HALO
50.55,50.55,50.51,50.53,900,2021-04-28 15:47:00,HALO
50.5,50.5,50.5,50.5,100,2021-04-28 15:48:00,HALO
50.45,50.48,50.44,50.44,941,2021-04-28 15:49:00,HALO
50.43,50.525,50.43,50.525,1300,2021-04-28 15:50:00,HALO
50.5,50.5,50.42,50.42,1949,2021-04-28 15:51:00,HALO
50.42,50.42,50.42,50.42,300,2021-04-28 15:52:00,HALO
50.45,50.56,50.45,50.535,18341,2021-04-28 15:54:00,HALO
50.495,50.5212,50.495,50.5212,325,2021-04-28 15:55:00,HALO
50.495,50.495,50.495,50.495,100,2021-04-28 15:56:00,HALO
50.54,50.58,50.53,50.53,1346,2021-04-28 15:57:00,HALO
50.53,50.53,50.52,50.52,1500,2021-04-28 15:58:00,HALO
50.53,50.5631,50.53,50.5631,671,2021-04-28 15:59:00,HALO
50.52,50.52,50.44,50.44,927,2021-04-28 16:00:00,HALO
50.39,50.395,50.31,50.395,3600,2021-04-28 16:01:00,HALO
50.43,50.43,50.42,50.42,400,2021-04-28 16:02:00,HALO
50.43,50.43,50.43,50.43,200,2021-04-28 16:03:00,HALO
50.39,50.39,50.39,50.39,200,2021-04-28 16:04:00,HALO
50.4,50.44,50.4,50.44,200,2021-04-28 16:05:00,HALO
50.38,50.47,50.38,50.455,1000,2021-04-28 16:07:00,HALO
50.48,50.52,50.48,50.5,1100,2021-04-28 16:08:00,HALO
50.505,50.505,50.505,50.505,100,2021-04-28 16:10:00,HALO
50.51,50.53,50.51,50.53,682,2021-04-28 16:11:00,HALO
50.55,50.59,50.55,50.59,400,2021-04-28 16:12:00,HALO
50.59,50.59,50.59,50.59,100,2021-04-28 16:13:00,HALO
50.61,50.61,50.59,50.59,800,2021-04-28 16:14:00,HALO
50.59,50.61,50.59,50.61,744,2021-04-28 16:15:00,HALO
50.6,50.6,50.6,50.6,400,2021-04-28 16:16:00,HALO
50.61,50.61,50.61,50.61,100,2021-04-28 16:17:00,HALO
50.61,50.64,50.61,50.64,400,2021-04-28 16:18:00,HALO
50.66,50.675,50.64,50.64,2400,2021-04-28 16:19:00,HALO
50.63,50.63,50.585,50.585,1184,2021-04-28 16:20:00,HALO
50.57,50.57,50.57,50.57,100,2021-04-28 16:21:00,HALO
50.55,50.585,50.55,50.585,200,2021-04-28 16:22:00,HALO
50.585,50.61,50.585,50.61,600,2021-04-28 16:24:00,HALO
50.63,50.63,50.58,50.63,342,2021-04-28 16:26:00,HALO
50.59,50.605,50.59,50.605,400,2021-04-28 16:27:00,HALO
50.58,50.58,50.58,50.58,500,2021-04-28 16:28:00,HALO
50.62,50.62,50.62,50.62,100,2021-04-28 16:29:00,HALO
50.66,50.685,50.66,50.66,894,2021-04-28 16:30:00,HALO
50.67,50.67,50.62,50.62,700,2021-04-28 16:31:00,HALO
50.64,50.67,50.64,50.67,775,2021-04-28 16:32:00,HALO
50.65,50.65,50.65,50.65,100,2021-04-28 16:33:00,HALO
50.65,50.65,50.59,50.59,1200,2021-04-28 16:34:00,HALO
50.58,50.58,50.53,50.53,300,2021-04-28 16:35:00,HALO
50.54,50.575,50.53,50.53,1037,2021-04-28 16:37:00,HALO
50.5656,50.58,50.53,50.57,700,2021-04-28 16:38:00,HALO
50.57,50.57,50.57,50.57,100,2021-04-28 16:39:00,HALO
50.53,50.53,50.53,50.53,100,2021-04-28 16:40:00,HALO
50.545,50.545,50.535,50.535,200,2021-04-28 16:41:00,HALO
50.535,50.535,50.535,50.535,700,2021-04-28 16:42:00,HALO
50.535,50.535,50.535,50.535,100,2021-04-28 16:43:00,HALO
50.55,50.57,50.49,50.49,600,2021-04-28 16:44:00,HALO
50.53,50.53,50.53,50.53,200,2021-04-28 16:46:00,HALO
50.49,50.515,50.46,50.51,4923,2021-04-28 16:48:00,HALO
50.51,50.51,50.51,50.51,100,2021-04-28 16:50:00,HALO
50.51,50.51,50.51,50.51,100,2021-04-28 16:51:00,HALO
50.5,50.5,50.38,50.38,1800,2021-04-28 16:52:00,HALO
50.445,50.445,50.41,50.42,600,2021-04-28 16:53:00,HALO
50.42,50.47,50.42,50.47,1100,2021-04-28 16:54:00,HALO
50.48,50.48,50.45,50.48,930,2021-04-28 16:55:00,HALO
50.45,50.49,50.45,50.48,500,2021-04-28 16:56:00,HALO
50.475,50.51,50.45,50.48,600,2021-04-28 16:57:00,HALO
50.45,50.46,50.45,50.46,400,2021-04-28 16:58:00,HALO
50.46,50.5,50.46,50.5,600,2021-04-28 16:59:00,HALO
50.5,50.5,50.5,50.5,100,2021-04-28 17:00:00,HALO
50.5,50.54,50.5,50.505,700,2021-04-28 17:01:00,HALO
50.46,50.46,50.46,50.46,100,2021-04-28 17:02:00,HALO
50.47,50.49,50.47,50.49,200,2021-04-28 17:03:00,HALO
50.48,50.48,50.48,50.48,100,2021-04-28 17:04:00,HALO
50.47,50.47,50.46,50.46,600,2021-04-28 17:05:00,HALO
50.465,50.49,50.44,50.47,1273,2021-04-28 17:06:00,HALO
50.45,50.49,50.45,50.49,400,2021-04-28 17:07:00,HALO
50.51,50.52,50.51,50.52,700,2021-04-28 17:08:00,HALO
50.53,50.56,50.53,50.56,700,2021-04-28 17:09:00,HALO
50.56,50.56,50.56,50.56,100,2021-04-28 17:10:00,HALO
50.56,50.56,50.56,50.56,100,2021-04-28 17:11:00,HALO
50.56,50.6,50.56,50.6,700,2021-04-28 17:12:00,HALO
50.63,50.63,50.63,50.63,100,2021-04-28 17:13:00,HALO
50.59,50.59,50.59,50.59,419,2021-04-28 17:14:00,HALO
50.59,50.59,50.59,50.59,100,2021-04-28 17:15:00,HALO
50.58,50.62,50.58,50.62,800,2021-04-28 17:17:00,HALO
50.63,50.63,50.63,50.63,500,2021-04-28 17:18:00,HALO
50.6106,50.6106,50.6106,50.6106,100,2021-04-28 17:19:00,HALO
50.625,50.65,50.625,50.64,1450,2021-04-28 17:20:00,HALO
50.655,50.655,50.64,50.64,200,2021-04-28 17:21:00,HALO
50.66,50.66,50.66,50.66,100,2021-04-28 17:23:00,HALO
50.64,50.645,50.62,50.62,1700,2021-04-28 17:24:00,HALO
50.605,50.63,50.605,50.63,460,2021-04-28 17:25:00,HALO
50.62,50.62,50.62,50.62,100,2021-04-28 17:26:00,HALO
50.59,50.59,50.59,50.59,100,2021-04-28 17:27:00,HALO
50.59,50.59,50.59,50.59,100,2021-04-28 17:28:00,HALO
50.615,50.615,50.59,50.59,400,2021-04-28 17:29:00,HALO
50.59,50.615,50.57,50.57,1400,2021-04-28 17:30:00,HALO
50.575,50.575,50.575,50.575,103,2021-04-28 17:31:00,HALO
50.54,50.545,50.51,50.53,1521,2021-04-28 17:32:00,HALO
50.52,50.52,50.52,50.52,100,2021-04-28 17:33:00,HALO
50.52,50.52,50.52,50.52,300,2021-04-28 17:35:00,HALO
50.49,50.49,50.49,50.49,100,2021-04-28 17:36:00,HALO
50.49,50.49,50.49,50.49,100,2021-04-28 17:37:00,HALO
50.52,50.52,50.49,50.49,200,2021-04-28 17:38:00,HALO
50.515,50.515,50.515,50.515,100,2021-04-28 17:39:00,HALO
50.51,50.51,50.51,50.51,200,2021-04-28 17:40:00,HALO
50.51,50.52,50.51,50.52,400,2021-04-28 17:41:00,HALO
50.51,50.51,50.51,50.51,100,2021-04-28 17:42:00,HALO
50.49,50.49,50.49,50.49,100,2021-04-28 17:43:00,HALO
50.49,50.49,50.49,50.49,427,2021-04-28 17:44:00,HALO
50.47,50.47,50.42,50.45,800,2021-04-28 17:45:00,HALO
50.44,50.51,50.44,50.51,3252,2021-04-28 17:46:00,HALO
50.53,50.53,50.525,50.525,300,2021-04-28 17:47:00,HALO
50.515,50.515,50.515,50.515,100,2021-04-28 17:48:00,HALO
50.51,50.55,50.5,50.55,900,2021-04-28 17:49:00,HALO
50.54,50.54,50.54,50.54,200,2021-04-28 17:50:00,HALO
50.53,50.57,50.53,50.57,1100,2021-04-28 17:51:00,HALO
50.56,50.605,50.56,50.59,4259,2021-04-28 17:52:00,HALO
50.585,50.585,50.55,50.56,800,2021-04-28 17:53:00,HALO
50.58,50.58,50.54,50.57,716,2021-04-28 17:54:00,HALO
50.555,50.555,50.555,50.555,100,2021-04-28 17:55:00,HALO
50.58,50.58,50.5,50.58,1362,2021-04-28 17:57:00,HALO
50.55,50.55,50.55,50.55,100,2021-04-28 17:58:00,HALO
50.555,50.67,50.555,50.6448,2587,2021-04-28 17:59:00,HALO
50.63,50.65,50.52,50.62,2250,2021-04-28 18:00:00,HALO
50.615,50.78,50.615,50.78,1500,2021-04-28 18:01:00,HALO
50.775,50.885,50.775,50.885,500,2021-04-28 18:02:00,HALO
50.885,50.95,50.88,50.91,1300,2021-04-28 18:03:00,HALO
50.88,50.96,50.87,50.93,8869,2021-04-28 18:04:00,HALO
50.905,50.95,50.905,50.95,2231,2021-04-28 18:05:00,HALO
50.905,50.905,50.905,50.905,100,2021-04-28 18:06:00,HALO
50.905,50.94,50.905,50.94,200,2021-04-28 18:07:00,HALO
50.94,50.97,50.94,50.96,1104,2021-04-28 18:08:00,HALO
50.96,50.96,50.96,50.96,538,2021-04-28 18:09:00,HALO
50.94,51.02,50.94,50.98,5614,2021-04-28 18:10:00,HALO
50.98,50.98,50.94,50.955,2183,2021-04-28 18:11:00,HALO
50.955,51.0,50.955,51.0,2056,2021-04-28 18:12:00,HALO
50.995,50.995,50.995,50.995,100,2021-04-28 18:13:00,HALO
50.98,50.995,50.98,50.995,627,2021-04-28 18:14:00,HALO
51.02,51.02,51.0,51.0,444,2021-04-28 18:15:00,HALO
51.025,51.025,51.025,51.025,100,2021-04-28 18:16:00,HALO
51.02,51.05,51.02,51.05,700,2021-04-28 18:17:00,HALO
51.05,51.125,51.05,51.125,2500,2021-04-28 18:18:00,HALO
51.145,51.145,51.105,51.105,1900,2021-04-28 18:19:00,HALO
51.105,51.13,51.1,51.11,1000,2021-04-28 18:20:00,HALO
51.13,51.17,51.125,51.165,1100,2021-04-28 18:21:00,HALO
51.14,51.14,51.11,51.13,2000,2021-04-28 18:22:00,HALO
51.15,51.19,51.15,51.19,300,2021-04-28 18:23:00,HALO
51.17,51.17,51.13,51.13,200,2021-04-28 18:24:00,HALO
51.145,51.16,51.145,51.16,200,2021-04-28 18:25:00,HALO
51.17,51.18,51.17,51.18,200,2021-04-28 18:26:00,HALO
51.16,51.19,51.16,51.19,711,2021-04-28 18:27:00,HALO
51.2099,51.2099,51.13,51.14,801,2021-04-28 18:28:00,HALO
51.155,51.155,51.075,51.075,1300,2021-04-28 18:30:00,HALO
51.08,51.16,51.08,51.16,2100,2021-04-28 18:31:00,HALO
51.155,51.155,51.055,51.055,1900,2021-04-28 18:32:00,HALO
51.13,51.13,51.13,51.13,100,2021-04-28 18:33:00,HALO
51.115,51.16,51.115,51.155,400,2021-04-28 18:34:00,HALO
51.155,51.1899,51.155,51.1899,772,2021-04-28 18:35:00,HALO
51.2101,51.25,51.2101,51.235,690,2021-04-28 18:36:00,HALO
51.31,51.3362,51.3,51.3,404,2021-04-28 18:37:00,HALO
51.37,51.37,51.28,51.32,1949,2021-04-28 18:38:00,HALO
51.34,51.34,51.31,51.31,400,2021-04-28 18:39:00,HALO
51.305,51.305,51.3,51.3,400,2021-04-28 18:40:00,HALO
51.32,51.34,51.32,51.34,1141,2021-04-28 18:41:00,HALO
51.35,51.355,51.34,51.355,1772,2021-04-28 18:42:00,HALO
51.355,51.38,51.34,51.38,1300,2021-04-28 18:43:00,HALO
51.39,51.395,51.36,51.365,1600,2021-04-28 18:44:00,HALO
51.365,51.405,51.365,51.385,1300,2021-04-28 18:45:00,HALO
51.41,51.41,51.395,51.395,200,2021-04-28 18:46:00,HALO
51.4,51.4,51.345,51.345,900,2021-04-28 18:47:00,HALO
51.32,51.37,51.31,51.37,2126,2021-04-28 18:48:00,HALO
51.37,51.37,51.37,51.37,200,2021-04-28 18:49:00,HALO
51.36,51.38,51.355,51.38,1579,2021-04-28 18:50:00,HALO
51.39,51.405,51.39,51.3975,2200,2021-04-28 18:51:00,HALO
51.395,51.43,51.39,51.41,10900,2021-04-28 18:52:00,HALO
51.4,51.4,51.38,51.4,1374,2021-04-28 18:53:00,HALO
51.38,51.38,51.345,51.345,800,2021-04-28 18:54:00,HALO
51.345,51.37,51.33,51.36,950,2021-04-28 18:55:00,HALO
51.37,51.4,51.37,51.385,1000,2021-04-28 18:56:00,HALO
51.37,51.37,51.25,51.26,3300,2021-04-28 18:57:00,HALO
51.27,51.27,51.27,51.27,300,2021-04-28 18:58:00,HALO
51.24,51.24,51.24,51.24,100,2021-04-28 18:59:00,HALO
51.27,51.3,51.22,51.3,1894,2021-04-28 19:00:00,HALO
51.28,51.28,51.26,51.26,700,2021-04-28 19:01:00,HALO
51.255,51.255,51.255,51.255,100,2021-04-28 19:02:00,HALO
51.24,51.25,51.14,51.15,1996,2021-04-28 19:03:00,HALO
51.11,51.11,51.11,51.11,100,2021-04-28 19:04:00,HALO
51.08,51.08,51.07,51.07,400,2021-04-28 19:05:00,HALO
51.07,51.07,51.04,51.05,500,2021-04-28 19:06:00,HALO
51.04,51.06,51.02,51.04,500,2021-04-28 19:07:00,HALO
51.06,51.12,51.05,51.11,1201,2021-04-28 19:08:00,HALO
51.09,51.12,51.09,51.12,300,2021-04-28 19:09:00,HALO
51.08,51.14,51.08,51.12,800,2021-04-28 19:10:00,HALO
51.1,51.1,50.97,51.01,900,2021-04-28 19:11:00,HALO
50.87,50.975,50.83,50.975,600,2021-04-28 19:12:00,HALO
50.92,50.92,50.92,50.92,100,2021-04-28 19:13:00,HALO
50.95,50.96,50.93,50.93,600,2021-04-28 19:14:00,HALO
50.96,50.96,50.93,50.93,500,2021-04-28 19:15:00,HALO
50.9,50.92,50.84,50.89,1845,2021-04-28 19:16:00,HALO
50.84,50.855,50.83,50.84,600,2021-04-28 19:17:00,HALO
50.87,50.88,50.845,50.865,817,2021-04-28 19:18:00,HALO
50.855,50.855,50.82,50.82,400,2021-04-28 19:19:00,HALO
50.84,50.89,50.84,50.86,600,2021-04-28 19:20:00,HALO
50.82,50.82,50.82,50.82,300,2021-04-28 19:21:00,HALO
50.85,50.85,50.81,50.84,1300,2021-04-28 19:22:00,HALO
50.84,50.84,50.81,50.81,200,2021-04-28 19:23:00,HALO
50.84,50.84,50.84,50.84,100,2021-04-28 19:24:00,HALO
50.84,50.9,50.835,50.89,1047,2021-04-28 19:25:00,HALO
50.91,50.96,50.91,50.93,727,2021-04-28 19:26:00,HALO
50.93,51.01,50.93,50.995,1200,2021-04-28 19:27:00,HALO
50.99,51.005,50.97,51.005,1300,2021-04-28 19:28:00,HALO
51.04,51.06,51.04,51.06,200,2021-04-28 19:29:00,HALO
51.05,51.11,51.05,51.0763,1584,2021-04-28 19:30:00,HALO
51.07,51.09,51.06,51.09,900,2021-04-28 19:31:00,HALO
51.09,51.125,51.09,51.1,2181,2021-04-28 19:32:00,HALO
51.07,51.13,51.07,51.13,300,2021-04-28 19:33:00,HALO
51.125,51.125,51.07,51.09,900,2021-04-28 19:34:00,HALO
51.105,51.19,51.105,51.16,1148,2021-04-28 19:35:00,HALO
51.16,51.16,51.14,51.16,2349,2021-04-28 19:36:00,HALO
51.16,51.16,51.13,51.15,1204,2021-04-28 19:37:00,HALO
51.13,51.135,51.105,51.135,2200,2021-04-28 19:38:00,HALO
51.12,51.14,51.12,51.12,657,2021-04-28 19:39:00,HALO
51.115,51.13,51.11,51.11,900,2021-04-28 19:40:00,HALO
51.095,51.12,51.08,51.12,1300,2021-04-28 19:41:00,HALO
51.12,51.1324,51.1,51.1,834,2021-04-28 19:42:00,HALO
51.13,51.15,51.11,51.11,1685,2021-04-28 19:43:00,HALO
51.13,51.13,51.12,51.12,300,2021-04-28 19:44:00,HALO
51.12,51.14,51.12,51.14,1720,2021-04-28 19:45:00,HALO
51.125,51.135,51.125,51.13,600,2021-04-28 19:46:00,HALO
51.15,51.15,51.12,51.12,943,2021-04-28 19:47:00,HALO
51.12,51.12,51.06,51.06,1934,2021-04-28 19:48:00,HALO
51.03,51.0399,51.01,51.03,1054,2021-04-28 19:49:00,HALO
51.03,51.075,51.02,51.02,2782,2021-04-28 19:50:00,HALO
51.025,51.09,51.01,51.0223,3037,2021-04-28 19:51:00,HALO
51.025,51.045,51.025,51.035,1200,2021-04-28 19:52:00,HALO
51.05,51.06,51.035,51.045,1700,2021-04-28 19:53:00,HALO
51.045,51.06,51.0,51.0099,3147,2021-04-28 19:54:00,HALO
50.99,51.035,50.97,51.025,5729,2021-04-28 19:55:00,HALO
51.025,51.09,51.02,51.08,3903,2021-04-28 19:56:00,HALO
51.075,51.075,51.035,51.045,2800,2021-04-28 19:57:00,HALO
51.045,51.06,51.02,51.04,5112,2021-04-28 19:58:00,HALO
51.03,51.08,51.01,51.02,8166,2021-04-28 19:59:00,HALO
51.02,51.02,51.02,51.02,59555,2021-04-28 20:00:00,HALO
51.05,51.05,51.05,51.05,100,2021-04-28 20:05:00,HALO
51.57,51.57,51.57,51.57,5922,2021-04-29 13:30:00,HALO
51.35,51.43,51.35,51.43,300,2021-04-29 13:31:00,HALO
51.0572,51.28,51.0,51.0,1029,2021-04-29 13:32:00,HALO
51.24,51.24,51.18,51.23,700,2021-04-29 13:33:00,HALO
51.26,51.455,51.215,51.325,2850,2021-04-29 13:34:00,HALO
51.3,51.3,51.21,51.26,1557,2021-04-29 13:35:00,HALO
51.295,51.33,51.28,51.33,300,2021-04-29 13:36:00,HALO
51.35,51.41,51.35,51.41,2400,2021-04-29 13:37:00,HALO
51.45,51.49,51.45,51.45,400,2021-04-29 13:38:00,HALO
51.44,51.44,51.38,51.38,400,2021-04-29 13:39:00,HALO
51.38,51.38,51.32,51.3525,1100,2021-04-29 13:40:00,HALO
51.32,51.32,51.24,51.27,1000,2021-04-29 13:42:00,HALO
51.22,51.25,51.22,51.25,1000,2021-04-29 13:43:00,HALO
51.23,51.25,51.23,51.235,600,2021-04-29 13:44:00,HALO
51.27,51.27,51.14,51.225,1600,2021-04-29 13:45:00,HALO
51.135,51.135,51.135,51.135,100,2021-04-29 13:46:00,HALO
51.16,51.1725,51.1,51.12,3428,2021-04-29 13:47:00,HALO
51.13,51.13,51.13,51.13,300,2021-04-29 13:48:00,HALO
51.13,51.13,51.13,51.13,100,2021-04-29 13:49:00,HALO
51.125,51.18,51.11,51.12,7991,2021-04-29 13:51:00,HALO
51.17,51.22,51.17,51.18,3412,2021-04-29 13:52:00,HALO
51.125,51.1522,51.06,51.06,1003,2021-04-29 13:53:00,HALO
51.05,51.08,51.05,51.06,600,2021-04-29 13:54:00,HALO
51.07,51.07,51.02,51.02,400,2021-04-29 13:55:00,HALO
51.08,51.12,51.08,51.08,400,2021-04-29 13:56:00,HALO
51.07,51.13,51.07,51.13,600,2021-04-29 13:58:00,HALO
51.14,51.14,51.095,51.095,400,2021-04-29 13:59:00,HALO
51.095,51.115,51.05,51.1,5406,2021-04-29 14:00:00,HALO
51.1,51.175,51.1,51.165,2600,2021-04-29 14:01:00,HALO
51.15,51.25,51.15,51.25,1200,2021-04-29 14:02:00,HALO
51.245,51.25,51.245,51.25,200,2021-04-29 14:03:00,HALO
51.22,51.235,51.17,51.19,3224,2021-04-29 14:04:00,HALO
51.125,51.18,51.125,51.18,600,2021-04-29 14:05:00,HALO
51.22,51.22,51.22,51.22,300,2021-04-29 14:06:00,HALO
51.19,51.19,51.185,51.185,300,2021-04-29 14:07:00,HALO
51.22,51.23,51.12,51.12,1200,2021-04-29 14:08:00,HALO
51.135,51.135,51.11,51.11,204,2021-04-29 14:09:00,HALO
51.125,51.18,51.09,51.18,1200,2021-04-29 14:10:00,HALO
51.16,51.16,51.11,51.11,200,2021-04-29 14:11:00,HALO
51.14,51.14,51.14,51.14,100,2021-04-29 14:12:00,HALO
51.1,51.1,51.1,51.1,200,2021-04-29 14:13:00,HALO
51.07,51.07,50.94,50.94,4800,2021-04-29 14:14:00,HALO
50.89,50.89,50.87,50.87,300,2021-04-29 14:15:00,HALO
50.83,50.83,50.82,50.82,218,2021-04-29 14:16:00,HALO
50.81,50.87,50.81,50.81,500,2021-04-29 14:17:00,HALO
50.81,50.81,50.74,50.75,2600,2021-04-29 14:18:00,HALO
50.79,50.89,50.78,50.87,2110,2021-04-29 14:19:00,HALO
50.9,50.9,50.88,50.9,500,2021-04-29 14:20:00,HALO
50.875,51.0,50.875,50.97,3468,2021-04-29 14:21:00,HALO
50.99,51.0,50.958,51.0,950,2021-04-29 14:22:00,HALO
51.0,51.065,51.0,51.06,1250,2021-04-29 14:23:00,HALO
51.06,51.06,51.03,51.06,500,2021-04-29 14:24:00,HALO
51.02,51.14,50.99,51.12,2853,2021-04-29 14:25:00,HALO
51.06,51.06,51.02,51.02,800,2021-04-29 14:26:00,HALO
50.97,50.97,50.97,50.97,100,2021-04-29 14:28:00,HALO
50.91,50.91,50.91,50.91,300,2021-04-29 14:29:00,HALO
50.84,50.89,50.84,50.8875,400,2021-04-29 14:30:00,HALO
50.84,50.85,50.83,50.83,600,2021-04-29 14:31:00,HALO
50.83,50.83,50.79,50.79,400,2021-04-29 14:32:00,HALO
50.74,50.74,50.64,50.64,1000,2021-04-29 14:33:00,HALO
50.645,50.6774,50.645,50.6774,396,2021-04-29 14:34:00,HALO
50.6,50.6,50.48,50.48,2100,2021-04-29 14:35:00,HALO
50.475,50.475,50.44,50.44,864,2021-04-29 14:36:00,HALO
50.46,50.54,50.46,50.49,1437,2021-04-29 14:37:00,HALO
50.5,50.5,50.5,50.5,400,2021-04-29 14:38:00,HALO
50.53,50.56,50.4842,50.4842,1000,2021-04-29 14:39:00,HALO
50.49,50.64,50.49,50.62,1000,2021-04-29 14:40:00,HALO
50.67,50.67,50.645,50.645,300,2021-04-29 14:41:00,HALO
50.68,50.69,50.6701,50.69,425,2021-04-29 14:42:00,HALO
50.73,50.73,50.73,50.73,200,2021-04-29 14:43:00,HALO
50.7,50.73,50.69,50.69,2302,2021-04-29 14:44:00,HALO
50.69,50.69,50.63,50.63,500,2021-04-29 14:45:00,HALO
50.55,50.57,50.55,50.57,200,2021-04-29 14:47:00,HALO
50.55,50.55,50.475,50.475,1100,2021-04-29 14:48:00,HALO
50.42,50.46,50.41,50.41,400,2021-04-29 14:49:00,HALO
50.43,50.51,50.4,50.49,2974,2021-04-29 14:50:00,HALO
50.525,50.57,50.525,50.57,400,2021-04-29 14:51:00,HALO
50.62,50.62,50.56,50.56,1000,2021-04-29 14:52:00,HALO
50.605,50.67,50.6,50.6,1600,2021-04-29 14:54:00,HALO
50.595,50.595,50.585,50.585,400,2021-04-29 14:55:00,HALO
50.63,50.67,50.6,50.61,1900,2021-04-29 14:56:00,HALO
50.62,50.62,50.57,50.6,1464,2021-04-29 14:57:00,HALO
50.61,50.66,50.61,50.66,1800,2021-04-29 14:58:00,HALO
50.735,50.805,50.735,50.805,206,2021-04-29 14:59:00,HALO
50.79,50.79,50.79,50.79,100,2021-04-29 15:00:00,HALO
50.78,50.78,50.775,50.775,300,2021-04-29 15:01:00,HALO
50.78,50.8033,50.72,50.72,1071,2021-04-29 15:02:00,HALO
50.765,50.765,50.765,50.765,200,2021-04-29 15:03:00,HALO
50.8,50.835,50.8,50.81,1510,2021-04-29 15:04:00,HALO
50.83,50.83,50.83,50.83,100,2021-04-29 15:05:00,HALO
50.81,50.81,50.79,50.805,900,2021-04-29 15:06:00,HALO
50.82,50.84,50.79,50.83,768,2021-04-29 15:07:00,HALO
50.81,50.82,50.77,50.78,1200,2021-04-29 15:08:00,HALO
50.84,50.84,50.81,50.83,510,2021-04-29 15:09:00,HALO
50.805,50.805,50.78,50.78,200,2021-04-29 15:10:00,HALO
50.83,50.89,50.805,50.82,1972,2021-04-29 15:11:00,HALO
50.85,50.86,50.84,50.855,500,2021-04-29 15:12:00,HALO
50.89,50.89,50.88,50.88,400,2021-04-29 15:13:00,HALO
50.89,50.89,50.89,50.89,100,2021-04-29 15:14:00,HALO
50.92,50.92,50.895,50.895,300,2021-04-29 15:15:00,HALO
50.92,50.97,50.92,50.95,500,2021-04-29 15:16:00,HALO
50.94,50.94,50.905,50.905,1053,2021-04-29 15:17:00,HALO
50.88,50.88,50.83,50.87,900,2021-04-29 15:18:00,HALO
50.87,50.9,50.87,50.9,800,2021-04-29 15:19:00,HALO
50.9,50.9,50.83,50.83,1000,2021-04-29 15:20:00,HALO
50.86,50.86,50.86,50.86,100,2021-04-29 15:21:00,HALO
50.855,50.855,50.82,50.82,872,2021-04-29 15:22:00,HALO
50.78,50.78,50.78,50.78,900,2021-04-29 15:23:00,HALO
50.84,50.84,50.82,50.82,1095,2021-04-29 15:24:00,HALO
50.85,50.85,50.82,50.82,400,2021-04-29 15:25:00,HALO
50.825,50.825,50.805,50.805,517,2021-04-29 15:26:00,HALO
50.8,50.8,50.8,50.8,100,2021-04-29 15:27:00,HALO
50.78,50.78,50.75,50.75,600,2021-04-29 15:28:00,HALO
50.77,50.81,50.77,50.81,815,2021-04-29 15:29:00,HALO
50.8,50.8,50.7,50.7,1600,2021-04-29 15:30:00,HALO
50.72,50.72,50.72,50.72,100,2021-04-29 15:31:00,HALO
50.7,50.7,50.7,50.7,500,2021-04-29 15:32:00,HALO
50.7,50.7,50.64,50.64,1200,2021-04-29 15:33:00,HALO
50.6,50.6,50.6,50.6,100,2021-04-29 15:34:00,HALO
50.6,50.6,50.6,50.6,300,2021-04-29 15:35:00,HALO
50.6,50.6,50.6,50.6,200,2021-04-29 15:36:00,HALO
50.6,50.6,50.6,50.6,100,2021-04-29 15:37:00,HALO
50.58,50.58,50.58,50.58,100,2021-04-29 15:38:00,HALO
50.605,50.605,50.55,50.55,500,2021-04-29 15:39:00,HALO
50.62,50.63,50.59,50.59,800,2021-04-29 15:40:00,HALO
50.63,50.63,50.63,50.63,400,2021-04-29 15:41:00,HALO
50.615,50.71,50.615,50.71,1550,2021-04-29 15:42:00,HALO
50.71,50.71,50.69,50.69,500,2021-04-29 15:43:00,HALO
50.69,50.695,50.67,50.68,1100,2021-04-29 15:45:00,HALO
50.71,50.74,50.71,50.74,1439,2021-04-29 15:46:00,HALO
50.805,50.8101,50.805,50.8101,400,2021-04-29 15:47:00,HALO
50.86,50.86,50.84,50.84,400,2021-04-29 15:48:00,HALO
50.83,50.83,50.83,50.83,200,2021-04-29 15:49:00,HALO
50.81,50.82,50.8,50.81,1105,2021-04-29 15:50:00,HALO
50.8,50.8,50.8,50.8,200,2021-04-29 15:51:00,HALO
50.78,50.78,50.78,50.78,300,2021-04-29 15:52:00,HALO
50.78,50.78,50.76,50.77,600,2021-04-29 15:53:00,HALO
50.775,50.78,50.73,50.73,900,2021-04-29 15:54:00,HALO
50.69,50.69,50.69,50.69,200,2021-04-29 15:55:00,HALO
50.645,50.645,50.54,50.54,400,2021-04-29 15:56:00,HALO
50.56,50.56,50.56,50.56,100,2021-04-29 15:58:00,HALO
50.58,50.58,50.58,50.58,100,2021-04-29 15:59:00,HALO
50.58,50.58,50.49,50.49,864,2021-04-29 16:00:00,HALO
50.52,50.53,50.52,50.53,200,2021-04-29 16:01:00,HALO
50.49,50.49,50.45,50.45,600,2021-04-29 16:02:00,HALO
50.425,50.425,50.38,50.38,400,2021-04-29 16:03:00,HALO
50.4,50.43,50.39,50.43,500,2021-04-29 16:04:00,HALO
50.43,50.43,50.38,50.4,1100,2021-04-29 16:05:00,HALO
50.42,50.46,50.34,50.34,3400,2021-04-29 16:06:00,HALO
50.32,50.3205,50.2382,50.25,2036,2021-04-29 16:07:00,HALO
50.22,50.22,50.22,50.22,300,2021-04-29 16:08:00,HALO
50.27,50.29,50.21,50.21,925,2021-04-29 16:09:00,HALO
50.23,50.23,50.171,50.2001,4012,2021-04-29 16:10:00,HALO
50.19,50.19,50.19,50.19,300,2021-04-29 16:11:00,HALO
50.21,50.29,50.21,50.28,1310,2021-04-29 16:12:00,HALO
50.29,50.35,50.29,50.34,852,2021-04-29 16:13:00,HALO
50.37,50.4,50.37,50.4,300,2021-04-29 16:14:00,HALO
50.37,50.37,50.36,50.37,400,2021-04-29 16:15:00,HALO
50.35,50.35,50.34,50.34,1338,2021-04-29 16:16:00,HALO
50.35,50.39,50.35,50.37,700,2021-04-29 16:17:00,HALO
50.41,50.48,50.372,50.44,1700,2021-04-29 16:18:00,HALO
50.45,50.52,50.45,50.49,600,2021-04-29 16:19:00,HALO
50.5,50.505,50.48,50.505,500,2021-04-29 16:20:00,HALO
50.53,50.53,50.52,50.53,465,2021-04-29 16:21:00,HALO
50.545,50.545,50.48,50.48,900,2021-04-29 16:22:00,HALO
50.52,50.52,50.51,50.515,600,2021-04-29 16:23:00,HALO
50.53,50.53,50.48,50.48,400,2021-04-29 16:24:00,HALO
50.48,50.495,50.48,50.495,448,2021-04-29 16:25:00,HALO
50.4741,50.4741,50.37,50.41,2700,2021-04-29 16:26:00,HALO
50.35,50.37,50.35,50.37,200,2021-04-29 16:27:00,HALO
50.43,50.47,50.43,50.47,2019,2021-04-29 16:28:00,HALO
50.49,50.53,50.49,50.53,200,2021-04-29 16:29:00,HALO
50.5,50.5,50.4482,50.485,1000,2021-04-29 16:30:00,HALO
50.505,50.53,50.505,50.53,200,2021-04-29 16:31:00,HALO
50.54,50.61,50.54,50.61,3051,2021-04-29 16:32:00,HALO
50.58,50.6,50.55,50.6,2190,2021-04-29 16:33:00,HALO
50.57,50.57,50.57,50.57,200,2021-04-29 16:34:00,HALO
50.61,50.61,50.61,50.61,100,2021-04-29 16:35:00,HALO
50.61,50.62,50.61,50.62,1437,2021-04-29 16:36:00,HALO
50.6,50.63,50.6,50.63,200,2021-04-29 16:37:00,HALO
50.6271,50.68,50.6271,50.68,300,2021-04-29 16:38:00,HALO
50.64,50.65,50.62,50.62,800,2021-04-29 16:39:00,HALO
50.655,50.66,50.61,50.625,1412,2021-04-29 16:40:00,HALO
50.61,50.61,50.57,50.57,3463,2021-04-29 16:41:00,HALO
50.57,50.575,50.57,50.575,200,2021-04-29 16:42:00,HALO
50.59,50.6,50.59,50.6,1000,2021-04-29 16:43:00,HALO
50.61,50.61,50.595,50.595,700,2021-04-29 16:44:00,HALO
50.58,50.58,50.52,50.52,700,2021-04-29 16:45:00,HALO
50.53,50.54,50.53,50.54,200,2021-04-29 16:46:00,HALO
50.53,50.57,50.53,50.56,700,2021-04-29 16:47:00,HALO
50.56,50.56,50.53,50.54,600,2021-04-29 16:48:00,HALO
50.54,50.56,50.54,50.56,1200,2021-04-29 16:49:00,HALO
50.58,50.58,50.57,50.57,401,2021-04-29 16:50:00,HALO
50.6,50.6,50.6,50.6,100,2021-04-29 16:51:00,HALO
50.58,50.58,50.58,50.58,318,2021-04-29 16:52:00,HALO
50.6,50.62,50.6,50.62,600,2021-04-29 16:53:00,HALO
50.63,50.67,50.62,50.67,700,2021-04-29 16:54:00,HALO
50.65,50.65,50.64,50.64,900,2021-04-29 16:55:00,HALO
50.62,50.62,50.59,50.59,1000,2021-04-29 16:56:00,HALO
50.6,50.6,50.6,50.6,740,2021-04-29 16:57:00,HALO
50.63,50.655,50.63,50.655,773,2021-04-29 16:58:00,HALO
50.66,50.67,50.66,50.67,200,2021-04-29 16:59:00,HALO
50.7,50.7,50.7,50.7,100,2021-04-29 17:00:00,HALO
50.675,50.68,50.675,50.68,600,2021-04-29 17:01:00,HALO
50.68,50.69,50.66,50.66,800,2021-04-29 17:02:00,HALO
50.65,50.65,50.62,50.62,1200,2021-04-29 17:03:00,HALO
50.59,50.59,50.59,50.59,500,2021-04-29 17:04:00,HALO
50.6,50.6109,50.6,50.6109,845,2021-04-29 17:05:00,HALO
50.63,50.65,50.63,50.65,400,2021-04-29 17:06:00,HALO
50.64,50.64,50.64,50.64,100,2021-04-29 17:07:00,HALO
50.66,50.66,50.66,50.66,100,2021-04-29 17:08:00,HALO
50.7,50.7,50.62,50.62,1200,2021-04-29 17:09:00,HALO
50.63,50.695,50.63,50.68,1200,2021-04-29 17:10:00,HALO
50.71,50.74,50.71,50.74,530,2021-04-29 17:11:00,HALO
50.75,50.78,50.75,50.78,700,2021-04-29 17:14:00,HALO
50.75,50.75,50.73,50.73,398,2021-04-29 17:15:00,HALO
50.77,50.77,50.77,50.77,100,2021-04-29 17:16:00,HALO
50.77,50.79,50.77,50.79,300,2021-04-29 17:17:00,HALO
50.78,50.82,50.77,50.82,2939,2021-04-29 17:18:00,HALO
50.8,50.84,50.8,50.84,600,2021-04-29 17:19:00,HALO
50.805,50.84,50.805,50.83,2200,2021-04-29 17:20:00,HALO
50.79,50.79,50.76,50.76,600,2021-04-29 17:21:00,HALO
50.75,50.75,50.725,50.725,300,2021-04-29 17:23:00,HALO
50.75,50.78,50.73,50.75,700,2021-04-29 17:24:00,HALO
50.78,50.78,50.75,50.75,300,2021-04-29 17:25:00,HALO
50.73,50.81,50.73,50.78,3977,2021-04-29 17:26:00,HALO
50.81,50.84,50.81,50.84,600,2021-04-29 17:27:00,HALO
50.88,50.9019,50.88,50.9019,550,2021-04-29 17:28:00,HALO
50.94,50.94,50.93,50.94,1072,2021-04-29 17:29:00,HALO
50.9686,50.9686,50.965,50.965,300,2021-04-29 17:30:00,HALO
50.96,50.96,50.94,50.94,1200,2021-04-29 17:31:00,HALO
50.91,50.91,50.91,50.91,100,2021-04-29 17:32:00,HALO
50.88,50.88,50.88,50.88,100,2021-04-29 17:33:00,HALO
50.84,50.89,50.84,50.89,993,2021-04-29 17:34:00,HALO
50.87,50.89,50.87,50.88,300,2021-04-29 17:35:00,HALO
50.87,50.87,50.82,50.85,1852,2021-04-29 17:36:00,HALO
50.85,50.87,50.85,50.87,200,2021-04-29 17:37:00,HALO
50.88,50.88,50.88,50.88,300,2021-04-29 17:38:00,HALO
50.84,50.84,50.81,50.81,900,2021-04-29 17:39:00,HALO
50.74,50.74,50.74,50.74,200,2021-04-29 17:40:00,HALO
50.78,50.82,50.775,50.82,1000,2021-04-29 17:41:00,HALO
50.81,50.87,50.81,50.86,1100,2021-04-29 17:44:00,HALO
50.89,50.91,50.85,50.85,1160,2021-04-29 17:45:00,HALO
50.87,50.9,50.87,50.9,735,2021-04-29 17:46:00,HALO
50.88,50.88,50.88,50.88,100,2021-04-29 17:47:00,HALO
50.86,50.86,50.85,50.85,300,2021-04-29 17:48:00,HALO
50.88,50.88,50.88,50.88,100,2021-04-29 17:49:00,HALO
50.885,50.91,50.885,50.91,200,2021-04-29 17:50:00,HALO
50.885,50.885,50.885,50.885,492,2021-04-29 17:51:00,HALO
50.86,50.9,50.86,50.87,1755,2021-04-29 17:52:00,HALO
50.865,50.865,50.82,50.82,1100,2021-04-29 17:53:00,HALO
50.86,50.91,50.86,50.91,900,2021-04-29 17:54:00,HALO
50.93,50.93,50.9,50.9,600,2021-04-29 17:55:00,HALO
50.9,50.9,50.84,50.84,600,2021-04-29 17:56:00,HALO
50.81,50.81,50.81,50.81,100,2021-04-29 17:57:00,HALO
50.84,50.87,50.84,50.87,1026,2021-04-29 17:58:00,HALO
50.87,50.87,50.85,50.85,300,2021-04-29 17:59:00,HALO
50.86,50.89,50.86,50.86,1200,2021-04-29 18:00:00,HALO
50.85,50.865,50.85,50.865,400,2021-04-29 18:01:00,HALO
50.87,50.9275,50.87,50.9275,1100,2021-04-29 18:02:00,HALO
50.93,50.93,50.93,50.93,200,2021-04-29 18:04:00,HALO
50.94,50.95,50.94,50.95,200,2021-04-29 18:05:00,HALO
50.95,50.95,50.91,50.91,1300,2021-04-29 18:06:00,HALO
50.91,50.93,50.91,50.93,400,2021-04-29 18:07:00,HALO
50.945,50.945,50.9,50.9,900,2021-04-29 18:08:00,HALO
50.92,50.945,50.92,50.945,300,2021-04-29 18:09:00,HALO
50.94,50.95,50.9,50.95,600,2021-04-29 18:10:00,HALO
50.96,50.97,50.95,50.95,818,2021-04-29 18:11:00,HALO
51.0,51.0,50.96,50.98,2400,2021-04-29 18:12:00,HALO
50.97,51.0,50.97,51.0,600,2021-04-29 18:13:00,HALO
50.97,50.97,50.9501,50.9501,700,2021-04-29 18:14:00,HALO
50.95,50.95,50.9,50.92,1800,2021-04-29 18:15:00,HALO
50.91,50.91,50.91,50.91,100,2021-04-29 18:16:00,HALO
50.87,50.87,50.87,50.87,100,2021-04-29 18:17:00,HALO
50.91,50.93,50.91,50.93,700,2021-04-29 18:18:00,HALO
50.93,50.93,50.93,50.93,100,2021-04-29 18:19:00,HALO
50.92,50.9299,50.9,50.9,1815,2021-04-29 18:20:00,HALO
50.92,50.93,50.91,50.91,507,2021-04-29 18:21:00,HALO
50.88,50.88,50.87,50.87,700,2021-04-29 18:22:00,HALO
50.9,50.9,50.89,50.89,300,2021-04-29 18:23:00,HALO
50.89,50.89,50.89,50.89,200,2021-04-29 18:24:00,HALO
50.87,50.87,50.8101,50.8101,1373,2021-04-29 18:26:00,HALO
50.86,50.86,50.83,50.83,935,2021-04-29 18:27:00,HALO
50.815,50.815,50.815,50.815,200,2021-04-29 18:28:00,HALO
50.83,50.85,50.8,50.8,800,2021-04-29 18:29:00,HALO
50.86,50.86,50.855,50.855,200,2021-04-29 18:30:00,HALO
50.855,50.86,50.855,50.86,200,2021-04-29 18:31:00,HALO
50.8696,50.8696,50.78,50.78,3693,2021-04-29 18:32:00,HALO
50.75,50.75,50.75,50.75,200,2021-04-29 18:33:00,HALO
50.75,50.76,50.75,50.76,200,2021-04-29 18:34:00,HALO
50.71,50.7399,50.71,50.7399,507,2021-04-29 18:35:00,HALO
50.74,50.74,50.74,50.74,714,2021-04-29 18:36:00,HALO
50.73,50.74,50.71,50.73,1600,2021-04-29 18:37:00,HALO
50.735,50.75,50.735,50.745,800,2021-04-29 18:38:00,HALO
50.74,50.74,50.72,50.72,300,2021-04-29 18:39:00,HALO
50.715,50.73,50.715,50.72,1500,2021-04-29 18:40:00,HALO
50.725,50.74,50.725,50.74,200,2021-04-29 18:41:00,HALO
50.72,50.76,50.72,50.76,1500,2021-04-29 18:42:00,HALO
50.78,50.78,50.75,50.755,1100,2021-04-29 18:43:00,HALO
50.75,50.75,50.75,50.75,900,2021-04-29 18:44:00,HALO
50.75,50.81,50.74,50.77,2600,2021-04-29 18:45:00,HALO
50.8,50.86,50.8,50.86,900,2021-04-29 18:46:00,HALO
50.82,50.82,50.79,50.795,851,2021-04-29 18:47:00,HALO
50.83,50.845,50.81,50.845,1200,2021-04-29 18:48:00,HALO
50.84,50.85,50.82,50.85,3100,2021-04-29 18:49:00,HALO
50.84,50.86,50.84,50.85,1205,2021-04-29 18:50:00,HALO
50.855,50.855,50.855,50.855,100,2021-04-29 18:51:00,HALO
50.88,50.91,50.88,50.91,600,2021-04-29 18:52:00,HALO
50.93,50.95,50.93,50.95,200,2021-04-29 18:53:00,HALO
50.935,50.935,50.935,50.935,100,2021-04-29 18:54:00,HALO
50.92,50.93,50.91,50.91,2341,2021-04-29 18:55:00,HALO
50.93,50.95,50.93,50.95,500,2021-04-29 18:57:00,HALO
50.99,50.99,50.97,50.99,733,2021-04-29 18:58:00,HALO
50.99,50.99,50.95,50.95,600,2021-04-29 18:59:00,HALO
50.97,51.09,50.97,51.09,1500,2021-04-29 19:00:00,HALO
51.05,51.07,51.03,51.04,800,2021-04-29 19:01:00,HALO
51.07,51.07,51.05,51.05,200,2021-04-29 19:02:00,HALO
51.06,51.11,51.06,51.11,200,2021-04-29 19:03:00,HALO
51.07,51.1,51.07,51.075,800,2021-04-29 19:04:00,HALO
51.06,51.08,51.05,51.06,1740,2021-04-29 19:05:00,HALO
51.02,51.02,51.02,51.02,1018,2021-04-29 19:06:00,HALO
50.98,51.01,50.98,51.01,400,2021-04-29 19:07:00,HALO
51.0,51.01,50.895,50.895,1000,2021-04-29 19:08:00,HALO
50.92,50.93,50.91,50.92,400,2021-04-29 19:09:00,HALO
50.92,50.92,50.92,50.92,200,2021-04-29 19:11:00,HALO
50.95,50.95,50.935,50.935,200,2021-04-29 19:12:00,HALO
50.94,50.94,50.9,50.915,1320,2021-04-29 19:13:00,HALO
50.9,50.93,50.87,50.93,3117,2021-04-29 19:15:00,HALO
50.87,50.98,50.87,50.9,3718,2021-04-29 19:16:00,HALO
50.9,50.9,50.86,50.885,4900,2021-04-29 19:17:00,HALO
50.86,50.88,50.86,50.88,700,2021-04-29 19:18:00,HALO
50.9,50.92,50.86,50.89,8335,2021-04-29 19:19:00,HALO
50.92,50.94,50.91,50.94,1146,2021-04-29 19:20:00,HALO
50.925,50.925,50.92,50.92,200,2021-04-29 19:21:00,HALO
50.91,50.91,50.87,50.89,2600,2021-04-29 19:22:00,HALO
50.9,50.9,50.9,50.9,300,2021-04-29 19:23:00,HALO
50.88,50.92,50.87,50.92,4082,2021-04-29 19:24:00,HALO
50.915,50.915,50.895,50.9,600,2021-04-29 19:25:00,HALO
50.895,50.895,50.84,50.85,3140,2021-04-29 19:26:00,HALO
50.84,50.85,50.835,50.845,700,2021-04-29 19:27:00,HALO
50.86,50.92,50.86,50.92,1439,2021-04-29 19:28:00,HALO
50.89,50.9,50.87,50.87,500,2021-04-29 19:29:00,HALO
50.895,50.9,50.87,50.88,2209,2021-04-29 19:30:00,HALO
50.91,50.92,50.89,50.9,2167,2021-04-29 19:31:00,HALO
50.9,50.92,50.9,50.92,500,2021-04-29 19:32:00,HALO
50.93,50.98,50.93,50.98,800,2021-04-29 19:33:00,HALO
50.955,50.98,50.955,50.975,900,2021-04-29 19:34:00,HALO
50.98,51.095,50.98,51.04,1714,2021-04-29 19:35:00,HALO
51.06,51.1,51.06,51.08,2601,2021-04-29 19:36:00,HALO
51.07,51.07,51.02,51.02,1500,2021-04-29 19:37:00,HALO
51.04,51.04,51.04,51.04,400,2021-04-29 19:38:00,HALO
51.05,51.05,51.03,51.05,1600,2021-04-29 19:39:00,HALO
51.06,51.06,51.03,51.055,1215,2021-04-29 19:40:00,HALO
51.07,51.07,51.05,51.06,800,2021-04-29 19:41:00,HALO
51.05,51.11,51.05,51.11,3705,2021-04-29 19:42:00,HALO
51.13,51.16,51.1,51.1,1764,2021-04-29 19:43:00,HALO
51.1,51.15,51.1,51.115,900,2021-04-29 19:44:00,HALO
51.13,51.17,51.12,51.17,1000,2021-04-29 19:45:00,HALO
51.1793,51.2,51.15,51.19,5753,2021-04-29 19:46:00,HALO
51.21,51.25,51.21,51.23,1325,2021-04-29 19:47:00,HALO
51.25,51.25,51.23,51.245,1200,2021-04-29 19:48:00,HALO
51.23,51.23,51.2,51.2,2131,2021-04-29 19:49:00,HALO
51.18,51.19,51.12,51.165,2563,2021-04-29 19:50:00,HALO
51.19,51.26,51.19,51.2551,5058,2021-04-29 19:51:00,HALO
51.26,51.36,51.25,51.335,4768,2021-04-29 19:52:00,HALO
51.3,51.34,51.26,51.27,6259,2021-04-29 19:53:00,HALO
51.295,51.34,51.28,51.2801,9138,2021-04-29 19:54:00,HALO
51.295,51.34,51.275,51.33,5689,2021-04-29 19:55:00,HALO
51.315,51.33,51.255,51.28,4309,2021-04-29 19:56:00,HALO
51.28,51.36,51.27,51.3199,11135,2021-04-29 19:57:00,HALO
51.31,51.34,51.26,51.32,15907,2021-04-29 19:58:00,HALO
51.33,51.38,51.28,51.31,34315,2021-04-29 19:59:00,HALO
51.31,51.31,51.31,51.31,72806,2021-04-29 20:00:00,HALO
51.28,51.28,51.28,51.28,100,2021-04-29 20:12:00,HALO
51.16,51.16,50.8,51.155,6218,2021-04-30 13:30:00,HALO
51.172,51.172,51.01,51.01,2212,2021-04-30 13:31:00,HALO
51.39,51.45,51.31,51.31,2568,2021-04-30 13:34:00,HALO
51.32,51.32,51.225,51.225,1200,2021-04-30 13:35:00,HALO
51.26,51.26,51.26,51.26,100,2021-04-30 13:36:00,HALO
51.39,51.39,51.38,51.38,200,2021-04-30 13:37:00,HALO
51.36,51.43,51.31,51.43,1454,2021-04-30 13:38:00,HALO
51.45,51.506,51.43,51.43,1300,2021-04-30 13:39:00,HALO
51.38,51.38,51.275,51.3086,500,2021-04-30 13:40:00,HALO
51.4,51.4,51.4,51.4,100,2021-04-30 13:41:00,HALO
51.34,51.34,51.34,51.34,300,2021-04-30 13:42:00,HALO
51.33,51.37,51.33,51.37,300,2021-04-30 13:43:00,HALO
51.3,51.3,51.3,51.3,100,2021-04-30 13:44:00,HALO
51.34,51.34,51.27,51.27,200,2021-04-30 13:45:00,HALO
51.25,51.275,51.24,51.24,900,2021-04-30 13:46:00,HALO
51.23,51.23,51.11,51.11,300,2021-04-30 13:47:00,HALO
51.08,51.15,51.08,51.15,400,2021-04-30 13:49:00,HALO
51.12,51.13,51.025,51.0447,600,2021-04-30 13:50:00,HALO
50.94,51.04,50.94,51.04,218,2021-04-30 13:52:00,HALO
50.96,51.0,50.8861,51.0,1125,2021-04-30 13:53:00,HALO
50.93,50.98,50.93,50.975,700,2021-04-30 13:54:00,HALO
50.975,51.005,50.87,50.87,3800,2021-04-30 13:55:00,HALO
50.8671,50.91,50.8671,50.91,300,2021-04-30 13:57:00,HALO
50.96,50.96,50.95,50.95,200,2021-04-30 13:58:00,HALO
50.9015,51.0,50.9015,50.94,2106,2021-04-30 13:59:00,HALO
50.99,50.99,50.84,50.91,1000,2021-04-30 14:00:00,HALO
50.91,50.91,50.91,50.91,200,2021-04-30 14:01:00,HALO
50.84,50.89,50.84,50.89,200,2021-04-30 14:03:00,HALO
50.82,50.86,50.82,50.86,1100,2021-04-30 14:04:00,HALO
50.82,50.82,50.82,50.82,100,2021-04-30 14:05:00,HALO
50.82,50.9,50.81,50.88,1500,2021-04-30 14:06:00,HALO
50.87,50.89,50.86,50.89,300,2021-04-30 14:07:00,HALO
50.84,50.88,50.82,50.88,1100,2021-04-30 14:08:00,HALO
50.92,50.99,50.92,50.99,2332,2021-04-30 14:09:00,HALO
50.9999,50.9999,50.9999,50.9999,100,2021-04-30 14:10:00,HALO
50.91,50.97,50.91,50.97,1096,2021-04-30 14:11:00,HALO
50.9,50.92,50.88,50.91,1100,2021-04-30 14:12:00,HALO
50.9,50.9,50.745,50.775,1800,2021-04-30 14:13:00,HALO
50.77,50.79,50.69,50.79,1835,2021-04-30 14:14:00,HALO
50.79,50.83,50.79,50.82,600,2021-04-30 14:15:00,HALO
50.86,50.88,50.82,50.82,1000,2021-04-30 14:16:00,HALO
50.76,50.76,50.76,50.76,150,2021-04-30 14:17:00,HALO
50.76,50.77,50.76,50.76,300,2021-04-30 14:18:00,HALO
50.74,50.74,50.66,50.69,1933,2021-04-30 14:19:00,HALO
50.7,50.7,50.7,50.7,100,2021-04-30 14:20:00,HALO
50.69,50.76,50.67,50.76,3097,2021-04-30 14:21:00,HALO
50.73,50.73,50.72,50.72,200,2021-04-30 14:22:00,HALO
50.77,50.8,50.755,50.775,500,2021-04-30 14:23:00,HALO
50.79,50.82,50.79,50.82,300,2021-04-30 14:25:00,HALO
50.81,50.81,50.78,50.78,601,2021-04-30 14:26:00,HALO
50.81,50.82,50.75,50.75,945,2021-04-30 14:27:00,HALO
50.79,50.85,50.79,50.85,1387,2021-04-30 14:29:00,HALO
50.82,50.86,50.82,50.85,1888,2021-04-30 14:30:00,HALO
50.87,50.94,50.87,50.94,1400,2021-04-30 14:31:00,HALO
50.93,50.93,50.91,50.91,991,2021-04-30 14:32:00,HALO
50.955,51.07,50.955,50.995,3100,2021-04-30 14:33:00,HALO
51.0,51.0,50.95,50.955,800,2021-04-30 14:34:00,HALO
50.98,50.99,50.97,50.98,1300,2021-04-30 14:35:00,HALO
51.0,51.04,50.92,50.94,1400,2021-04-30 14:36:00,HALO
50.98,51.04,50.95,50.95,2600,2021-04-30 14:37:00,HALO
50.87,51.02,50.87,51.02,1400,2021-04-30 14:38:00,HALO
50.9,50.93,50.86,50.92,1300,2021-04-30 14:40:00,HALO
50.92,50.92,50.85,50.85,700,2021-04-30 14:41:00,HALO
50.85,50.87,50.85,50.87,300,2021-04-30 14:42:00,HALO
50.83,50.845,50.83,50.845,1200,2021-04-30 14:43:00,HALO
50.85,50.85,50.85,50.85,100,2021-04-30 14:44:00,HALO
50.91,50.91,50.89,50.89,300,2021-04-30 14:45:00,HALO
50.92,50.97,50.91,50.92,2166,2021-04-30 14:46:00,HALO
50.89,50.89,50.89,50.89,100,2021-04-30 14:48:00,HALO
50.81,50.81,50.76,50.77,2281,2021-04-30 14:51:00,HALO
50.8,50.8,50.76,50.78,500,2021-04-30 14:52:00,HALO
50.73,50.75,50.73,50.73,600,2021-04-30 14:53:00,HALO
50.68,50.68,50.675,50.675,200,2021-04-30 14:54:00,HALO
50.68,50.69,50.675,50.69,1375,2021-04-30 14:55:00,HALO
50.66,50.715,50.66,50.715,200,2021-04-30 14:56:00,HALO
50.69,50.69,50.69,50.69,100,2021-04-30 14:57:00,HALO
50.7,50.7,50.7,50.7,1126,2021-04-30 14:58:00,HALO
50.73,50.76,50.68,50.68,500,2021-04-30 14:59:00,HALO
50.64,50.66,50.63,50.64,1100,2021-04-30 15:00:00,HALO
50.63,50.64,50.58,50.6392,3554,2021-04-30 15:01:00,HALO
50.63,50.64,50.6,50.64,1600,2021-04-30 15:02:00,HALO
50.62,50.63,50.59,50.59,1100,2021-04-30 15:05:00,HALO
50.57,50.59,50.56,50.57,900,2021-04-30 15:06:00,HALO
50.53,50.53,50.53,50.53,200,2021-04-30 15:07:00,HALO
50.5903,50.5903,50.56,50.56,300,2021-04-30 15:08:00,HALO
50.48,50.48,50.48,50.48,1014,2021-04-30 15:09:00,HALO
50.47,50.5,50.46,50.5,1000,2021-04-30 15:10:00,HALO
50.48,50.53,50.48,50.53,1500,2021-04-30 15:11:00,HALO
50.55,50.6475,50.53,50.6475,2200,2021-04-30 15:12:00,HALO
50.62,50.62,50.62,50.62,324,2021-04-30 15:13:00,HALO
50.6162,50.6162,50.6162,50.6162,159,2021-04-30 15:14:00,HALO
50.57,50.57,50.56,50.57,400,2021-04-30 15:15:00,HALO
50.5965,50.6,50.588,50.6,500,2021-04-30 15:16:00,HALO
50.61,50.68,50.6,50.65,1550,2021-04-30 15:18:00,HALO
50.64,50.64,50.64,50.64,100,2021-04-30 15:19:00,HALO
50.6,50.6,50.6,50.6,100,2021-04-30 15:20:00,HALO
50.63,50.65,50.62,50.64,1100,2021-04-30 15:21:00,HALO
50.61,50.61,50.6,50.61,500,2021-04-30 15:22:00,HALO
50.61,50.67,50.61,50.63,1200,2021-04-30 15:23:00,HALO
50.62,50.66,50.62,50.66,400,2021-04-30 15:24:00,HALO
50.67,50.74,50.67,50.69,1300,2021-04-30 15:25:00,HALO
50.67,50.7,50.67,50.7,700,2021-04-30 15:26:00,HALO
50.67,50.67,50.67,50.67,100,2021-04-30 15:27:00,HALO
50.66,50.66,50.63,50.66,400,2021-04-30 15:28:00,HALO
50.66,50.7,50.65,50.7,1300,2021-04-30 15:29:00,HALO
50.69,50.69,50.69,50.69,100,2021-04-30 15:30:00,HALO
50.71,50.77,50.71,50.77,600,2021-04-30 15:31:00,HALO
50.82,50.91,50.82,50.89,1100,2021-04-30 15:32:00,HALO
50.875,50.9199,50.875,50.9,2200,2021-04-30 15:34:00,HALO
50.86,50.86,50.83,50.86,1500,2021-04-30 15:35:00,HALO
50.87,50.88,50.86,50.86,896,2021-04-30 15:36:00,HALO
50.855,50.88,50.855,50.88,202,2021-04-30 15:37:00,HALO
50.91,50.96,50.91,50.96,600,2021-04-30 15:38:00,HALO
50.93,50.94,50.93,50.94,500,2021-04-30 15:39:00,HALO
50.91,50.94,50.89,50.94,1100,2021-04-30 15:40:00,HALO
50.935,50.935,50.935,50.935,500,2021-04-30 15:41:00,HALO
50.89,50.89,50.89,50.89,200,2021-04-30 15:42:00,HALO
50.91,50.91,50.885,50.885,500,2021-04-30 15:43:00,HALO
50.885,50.9,50.87,50.89,3255,2021-04-30 15:44:00,HALO
50.885,50.91,50.885,50.91,375,2021-04-30 15:45:00,HALO
50.895,50.895,50.895,50.895,100,2021-04-30 15:46:00,HALO
50.93,50.93,50.93,50.93,100,2021-04-30 15:47:00,HALO
50.9,50.93,50.9,50.93,1200,2021-04-30 15:48:00,HALO
50.93,50.93,50.92,50.93,307,2021-04-30 15:49:00,HALO
50.92,50.92,50.91,50.91,600,2021-04-30 15:50:00,HALO
50.93,50.95,50.93,50.93,600,2021-04-30 15:51:00,HALO
50.97,50.97,50.96,50.96,200,2021-04-30 15:52:00,HALO
50.98,50.98,50.96,50.96,500,2021-04-30 15:53:00,HALO
50.9561,51.0,50.9561,51.0,1450,2021-04-30 15:54:00,HALO
51.06,51.15,51.03,51.15,2704,2021-04-30 15:55:00,HALO
51.19,51.19,51.14,51.14,500,2021-04-30 15:57:00,HALO
51.1,51.1,51.05,51.1,1328,2021-04-30 15:58:00,HALO
51.07,51.1,51.05,51.06,1891,2021-04-30 15:59:00,HALO
51.09,51.09,51.06,51.06,1000,2021-04-30 16:00:00,HALO
51.07,51.08,51.07,51.08,800,2021-04-30 16:01:00,HALO
51.06,51.065,51.06,51.065,300,2021-04-30 16:02:00,HALO
51.05,51.08,51.03,51.08,963,2021-04-30 16:03:00,HALO
51.08,51.13,51.07,51.09,1965,2021-04-30 16:04:00,HALO
51.1,51.14,51.1,51.14,1357,2021-04-30 16:06:00,HALO
51.16,51.16,51.155,51.155,300,2021-04-30 16:08:00,HALO
51.13,51.13,51.12,51.13,300,2021-04-30 16:09:00,HALO
51.1,51.17,51.1,51.17,1700,2021-04-30 16:10:00,HALO
51.16,51.16,51.16,51.16,100,2021-04-30 16:11:00,HALO
51.18,51.18,51.17,51.17,206,2021-04-30 16:12:00,HALO
51.11,51.15,51.11,51.15,200,2021-04-30 16:13:00,HALO
51.1,51.1,51.07,51.07,800,2021-04-30 16:14:00,HALO
51.04,51.07,51.04,51.04,300,2021-04-30 16:16:00,HALO
51.04,51.04,51.02,51.02,1600,2021-04-30 16:17:00,HALO
51.02,51.02,51.02,51.02,200,2021-04-30 16:18:00,HALO
51.03,51.03,51.03,51.03,600,2021-04-30 16:19:00,HALO
51.0287,51.03,51.0287,51.03,226,2021-04-30 16:20:00,HALO
51.04,51.04,51.02,51.02,619,2021-04-30 16:21:00,HALO
51.0,51.01,50.99,50.995,1923,2021-04-30 16:22:00,HALO
51.0,51.0,50.985,51.0,700,2021-04-30 16:23:00,HALO
50.98,50.98,50.95,50.95,500,2021-04-30 16:24:00,HALO
50.91,50.91,50.9,50.9,342,2021-04-30 16:25:00,HALO
50.9,50.9,50.855,50.88,600,2021-04-30 16:26:00,HALO
50.92,50.95,50.92,50.93,1042,2021-04-30 16:27:00,HALO
50.89,50.92,50.89,50.92,200,2021-04-30 16:28:00,HALO
50.92,50.92,50.92,50.92,200,2021-04-30 16:30:00,HALO
50.9,50.91,50.89,50.91,854,2021-04-30 16:31:00,HALO
50.88,50.92,50.88,50.92,1100,2021-04-30 16:32:00,HALO
50.8682,50.8682,50.8682,50.8682,300,2021-04-30 16:35:00,HALO
50.88,50.88,50.88,50.88,100,2021-04-30 16:36:00,HALO
50.89,50.89,50.87,50.87,500,2021-04-30 16:37:00,HALO
50.88,50.895,50.86,50.895,1600,2021-04-30 16:38:00,HALO
50.92,50.94,50.92,50.93,1100,2021-04-30 16:39:00,HALO
50.86,50.86,50.85,50.855,1000,2021-04-30 16:42:00,HALO
50.89,50.89,50.89,50.89,200,2021-04-30 16:43:00,HALO
50.87,50.89,50.87,50.89,1300,2021-04-30 16:44:00,HALO
50.91,50.91,50.91,50.91,100,2021-04-30 16:45:00,HALO
50.93,50.94,50.93,50.94,300,2021-04-30 16:46:00,HALO
50.93,50.93,50.91,50.92,861,2021-04-30 16:47:00,HALO
50.93,50.95,50.92,50.95,1100,2021-04-30 16:48:00,HALO
50.95,50.95,50.95,50.95,700,2021-04-30 16:49:00,HALO
50.93,50.96,50.93,50.95,1100,2021-04-30 16:50:00,HALO
50.95,50.95,50.95,50.95,100,2021-04-30 16:51:00,HALO
50.94,50.95,50.93,50.94,700,2021-04-30 16:53:00,HALO
50.92,50.94,50.91,50.91,1700,2021-04-30 16:54:00,HALO
50.92,50.92,50.92,50.92,100,2021-04-30 16:55:00,HALO
50.87,50.88,50.84,50.84,1000,2021-04-30 16:56:00,HALO
50.84,50.88,50.84,50.88,1000,2021-04-30 16:57:00,HALO
50.88,50.89,50.88,50.89,300,2021-04-30 16:58:00,HALO
50.93,51.0,50.93,50.96,3090,2021-04-30 16:59:00,HALO
50.99,50.99,50.99,50.99,100,2021-04-30 17:03:00,HALO
51.0,51.01,51.0,51.01,299,2021-04-30 17:04:00,HALO
51.01,51.01,50.97,50.98,600,2021-04-30 17:05:00,HALO
50.95,51.01,50.95,51.0,700,2021-04-30 17:06:00,HALO
51.03,51.03,51.03,51.03,300,2021-04-30 17:07:00,HALO
51.03,51.03,51.02,51.02,500,2021-04-30 17:08:00,HALO
50.98,50.98,50.98,50.98,100,2021-04-30 17:09:00,HALO
51.01,51.01,51.01,51.01,100,2021-04-30 17:10:00,HALO
50.98,50.98,50.97,50.97,600,2021-04-30 17:11:00,HALO
50.99,50.99,50.97,50.97,1200,2021-04-30 17:12:00,HALO
50.94,50.95,50.94,50.94,800,2021-04-30 17:13:00,HALO
50.93,50.93,50.91,50.91,300,2021-04-30 17:14:00,HALO
50.92,51.02,50.92,51.02,6800,2021-04-30 17:15:00,HALO
51.03,51.03,51.03,51.03,100,2021-04-30 17:16:00,HALO
50.94,50.94,50.93,50.93,300,2021-04-30 17:17:00,HALO
50.8925,50.905,50.85,50.89,5076,2021-04-30 17:18:00,HALO
50.915,50.94,50.91,50.94,1600,2021-04-30 17:19:00,HALO
50.96,50.96,50.96,50.96,100,2021-04-30 17:21:00,HALO
50.96,51.01,50.96,50.99,2504,2021-04-30 17:22:00,HALO
51.01,51.01,51.01,51.01,300,2021-04-30 17:23:00,HALO
51.02,51.05,51.02,51.05,1000,2021-04-30 17:24:00,HALO
51.015,51.04,51.015,51.04,900,2021-04-30 17:27:00,HALO
51.03,51.08,51.02,51.08,900,2021-04-30 17:28:00,HALO
51.08,51.08,51.08,51.08,302,2021-04-30 17:29:00,HALO
51.06,51.06,51.05,51.05,500,2021-04-30 17:30:00,HALO
51.03,51.03,51.03,51.03,200,2021-04-30 17:31:00,HALO
51.02,51.04,51.02,51.04,1500,2021-04-30 17:32:00,HALO
51.07,51.07,51.055,51.055,744,2021-04-30 17:33:00,HALO
51.04,51.04,51.01,51.03,600,2021-04-30 17:34:00,HALO
51.02,51.02,51.02,51.02,100,2021-04-30 17:35:00,HALO
50.99,51.02,50.97,51.0,1100,2021-04-30 17:36:00,HALO
51.0,51.03,50.98,51.03,2397,2021-04-30 17:37:00,HALO
51.04,51.07,51.02,51.044,1100,2021-04-30 17:38:00,HALO
51.07,51.07,51.07,51.07,200,2021-04-30 17:39:00,HALO
51.1,51.1,51.06,51.07,806,2021-04-30 17:40:00,HALO
51.1,51.1,51.08,51.08,699,2021-04-30 17:42:00,HALO
51.08,51.09,51.06,51.07,2000,2021-04-30 17:43:00,HALO
51.07,51.09,51.06,51.08,1200,2021-04-30 17:44:00,HALO
51.04,51.04,51.04,51.04,100,2021-04-30 17:45:00,HALO
50.97,50.9785,50.93,50.93,1510,2021-04-30 17:46:00,HALO
50.91,50.94,50.855,50.855,783,2021-04-30 17:47:00,HALO
50.88,50.88,50.87,50.88,400,2021-04-30 17:49:00,HALO
50.88,50.95,50.88,50.93,2159,2021-04-30 17:50:00,HALO
50.925,50.925,50.87,50.87,441,2021-04-30 17:52:00,HALO
50.85,50.85,50.79,50.79,800,2021-04-30 17:53:00,HALO
50.78,50.825,50.78,50.79,2500,2021-04-30 17:54:00,HALO
50.78,50.78,50.69,50.71,600,2021-04-30 17:55:00,HALO
50.77,50.78,50.73,50.73,300,2021-04-30 17:56:00,HALO
50.68,50.68,50.62,50.62,400,2021-04-30 17:57:00,HALO
50.65,50.68,50.58,50.68,2763,2021-04-30 17:58:00,HALO
50.68,50.68,50.65,50.65,400,2021-04-30 17:59:00,HALO
50.66,50.66,50.66,50.66,100,2021-04-30 18:00:00,HALO
50.68,50.71,50.68,50.7,1654,2021-04-30 18:01:00,HALO
50.68,50.68,50.57,50.62,1600,2021-04-30 18:02:00,HALO
50.65,50.65,50.62,50.62,400,2021-04-30 18:03:00,HALO
50.59,50.59,50.59,50.59,100,2021-04-30 18:04:00,HALO
50.63,50.64,50.63,50.64,800,2021-04-30 18:05:00,HALO
50.67,50.7,50.67,50.7,200,2021-04-30 18:06:00,HALO
50.665,50.7,50.665,50.7,350,2021-04-30 18:07:00,HALO
50.68,50.71,50.68,50.71,410,2021-04-30 18:08:00,HALO
50.66,50.71,50.66,50.68,800,2021-04-30 18:09:00,HALO
50.68,50.695,50.68,50.695,200,2021-04-30 18:10:00,HALO
50.72,50.78,50.72,50.78,800,2021-04-30 18:11:00,HALO
50.78,50.78,50.71,50.71,1100,2021-04-30 18:12:00,HALO
50.73,50.76,50.73,50.76,1399,2021-04-30 18:13:00,HALO
50.735,50.75,50.71,50.74,1733,2021-04-30 18:15:00,HALO
50.71,50.71,50.705,50.705,900,2021-04-30 18:16:00,HALO
50.705,50.73,50.69,50.73,1904,2021-04-30 18:17:00,HALO
50.73,50.74,50.73,50.73,700,2021-04-30 18:19:00,HALO
50.75,50.76,50.69,50.69,800,2021-04-30 18:21:00,HALO
50.67,50.67,50.67,50.67,200,2021-04-30 18:22:00,HALO
50.675,50.68,50.64,50.64,1100,2021-04-30 18:23:00,HALO
50.64,50.68,50.64,50.68,300,2021-04-30 18:24:00,HALO
50.65,50.65,50.65,50.65,100,2021-04-30 18:25:00,HALO
50.635,50.64,50.635,50.64,200,2021-04-30 18:26:00,HALO
50.64,50.67,50.61,50.61,900,2021-04-30 18:27:00,HALO
50.62,50.64,50.62,50.64,654,2021-04-30 18:28:00,HALO
50.645,50.645,50.62,50.62,1052,2021-04-30 18:29:00,HALO
50.6,50.63,50.6,50.63,700,2021-04-30 18:30:00,HALO
50.6,50.6,50.6,50.6,999,2021-04-30 18:31:00,HALO
50.62,50.64,50.62,50.64,900,2021-04-30 18:32:00,HALO
50.67,50.67,50.63,50.63,1658,2021-04-30 18:33:00,HALO
50.645,50.645,50.645,50.645,100,2021-04-30 18:34:00,HALO
50.63,50.64,50.63,50.64,600,2021-04-30 18:35:00,HALO
50.61,50.61,50.61,50.61,100,2021-04-30 18:36:00,HALO
50.63,50.65,50.61,50.65,2022,2021-04-30 18:37:00,HALO
50.62,50.62,50.58,50.58,750,2021-04-30 18:38:00,HALO
50.61,50.61,50.61,50.61,200,2021-04-30 18:39:00,HALO
50.59,50.59,50.59,50.59,200,2021-04-30 18:40:00,HALO
50.62,50.7,50.62,50.68,7017,2021-04-30 18:41:00,HALO
50.69,50.72,50.69,50.69,1846,2021-04-30 18:42:00,HALO
50.71,50.72,50.71,50.72,600,2021-04-30 18:45:00,HALO
50.7238,50.7238,50.69,50.71,3118,2021-04-30 18:46:00,HALO
50.72,50.72,50.72,50.72,300,2021-04-30 18:47:00,HALO
50.71,50.71,50.6516,50.6516,1000,2021-04-30 18:48:00,HALO
50.68,50.68,50.66,50.66,665,2021-04-30 18:49:00,HALO
50.65,50.65,50.5618,50.5618,2478,2021-04-30 18:50:00,HALO
50.55,50.56,50.54,50.55,1685,2021-04-30 18:51:00,HALO
50.55,50.595,50.55,50.595,1841,2021-04-30 18:52:00,HALO
50.58,50.58,50.58,50.58,400,2021-04-30 18:53:00,HALO
50.58,50.64,50.57,50.57,1905,2021-04-30 18:55:00,HALO
50.57,50.58,50.51,50.53,1100,2021-04-30 18:56:00,HALO
50.51,50.53,50.48,50.48,1700,2021-04-30 18:57:00,HALO
50.49,50.49,50.47,50.47,400,2021-04-30 18:58:00,HALO
50.47,50.49,50.4,50.4,2598,2021-04-30 18:59:00,HALO
50.405,50.5,50.405,50.49,3068,2021-04-30 19:00:00,HALO
50.49,50.49,50.45,50.45,965,2021-04-30 19:01:00,HALO
50.41,50.41,50.41,50.41,1499,2021-04-30 19:02:00,HALO
50.39,50.39,50.3703,50.3703,2269,2021-04-30 19:03:00,HALO
50.38,50.38,50.38,50.38,100,2021-04-30 19:04:00,HALO
50.38,50.38,50.38,50.38,200,2021-04-30 19:05:00,HALO
50.37,50.38,50.33,50.33,7535,2021-04-30 19:06:00,HALO
50.32,50.32,50.23,50.23,2400,2021-04-30 19:07:00,HALO
50.18,50.18,50.1,50.1,600,2021-04-30 19:08:00,HALO
50.135,50.2,50.105,50.18,4089,2021-04-30 19:09:00,HALO
50.16,50.2,50.14,50.18,2196,2021-04-30 19:10:00,HALO
50.18,50.2,50.16,50.16,530,2021-04-30 19:11:00,HALO
50.16,50.165,50.15,50.165,1172,2021-04-30 19:12:00,HALO
50.14,50.1799,50.13,50.1799,2317,2021-04-30 19:13:00,HALO
50.09,50.09,50.09,50.09,400,2021-04-30 19:14:00,HALO
50.05,50.055,50.011,50.04,625,2021-04-30 19:15:00,HALO
50.06,50.08,50.03,50.08,3320,2021-04-30 19:16:00,HALO
50.06,50.09,50.04,50.09,1500,2021-04-30 19:17:00,HALO
50.07,50.11,50.07,50.11,1900,2021-04-30 19:18:00,HALO
50.08,50.09,50.05,50.09,1400,2021-04-30 19:19:00,HALO
50.0897,50.0897,50.05,50.05,800,2021-04-30 19:20:00,HALO
50.08,50.14,50.08,50.14,2200,2021-04-30 19:21:00,HALO
50.19,50.19,50.18,50.19,600,2021-04-30 19:22:00,HALO
50.31,50.31,50.31,50.31,100,2021-04-30 19:23:00,HALO
50.29,50.29,50.27,50.27,935,2021-04-30 19:24:00,HALO
50.29,50.29,50.28,50.29,1338,2021-04-30 19:25:00,HALO
50.33,50.355,50.33,50.355,1600,2021-04-30 19:26:00,HALO
50.38,50.38,50.3,50.3,1237,2021-04-30 19:27:00,HALO
50.295,50.32,50.29,50.29,300,2021-04-30 19:28:00,HALO
50.27,50.275,50.245,50.245,800,2021-04-30 19:29:00,HALO
50.24,50.26,50.21,50.225,1242,2021-04-30 19:30:00,HALO
50.21,50.23,50.2,50.2,1258,2021-04-30 19:31:00,HALO
50.19,50.19,50.14,50.14,883,2021-04-30 19:32:00,HALO
50.165,50.165,50.11,50.135,2500,2021-04-30 19:33:00,HALO
50.17,50.23,50.155,50.19,700,2021-04-30 19:34:00,HALO
50.195,50.2003,50.195,50.2,480,2021-04-30 19:35:00,HALO
50.23,50.28,50.23,50.28,1550,2021-04-30 19:36:00,HALO
50.27,50.275,50.235,50.235,1165,2021-04-30 19:37:00,HALO
50.21,50.21,50.16,50.18,1300,2021-04-30 19:38:00,HALO
50.2,50.2,50.19,50.19,635,2021-04-30 19:39:00,HALO
50.17,50.17,50.09,50.14,1986,2021-04-30 19:40:00,HALO
50.14,50.14,50.1,50.1,900,2021-04-30 19:41:00,HALO
50.12,50.16,50.11,50.13,2852,2021-04-30 19:42:00,HALO
50.11,50.11,50.11,50.11,300,2021-04-30 19:43:00,HALO
50.11,50.13,50.09,50.12,3370,2021-04-30 19:44:00,HALO
50.1,50.14,50.08,50.11,3049,2021-04-30 19:45:00,HALO
50.09,50.09,50.05,50.05,3489,2021-04-30 19:46:00,HALO
50.03,50.06,49.99,50.02,2924,2021-04-30 19:47:00,HALO
50.04,50.09,50.03,50.09,1832,2021-04-30 19:48:00,HALO
50.115,50.125,50.07,50.11,1145,2021-04-30 19:49:00,HALO
50.08,50.095,50.02,50.075,6011,2021-04-30 19:50:00,HALO
50.07,50.07,49.98,50.055,4086,2021-04-30 19:51:00,HALO
50.06,50.08,50.04,50.07,3066,2021-04-30 19:52:00,HALO
50.07,50.07,50.04,50.05,2000,2021-04-30 19:53:00,HALO
50.06,50.085,50.0,50.015,4900,2021-04-30 19:54:00,HALO
49.99,50.08,49.98,50.03,11781,2021-04-30 19:55:00,HALO
50.02,50.02,49.942,49.96,7831,2021-04-30 19:56:00,HALO
49.97,50.01,49.91,50.01,9673,2021-04-30 19:57:00,HALO
50.01,50.01,49.96,49.96,6891,2021-04-30 19:58:00,HALO
49.96,49.97,49.93,49.95,15171,2021-04-30 19:59:00,HALO
49.95,49.95,49.95,49.95,241079,2021-04-30 20:00:00,HALO
49.95,49.95,49.95,49.95,1302,2021-04-30 20:01:00,HALO
49.95,49.95,49.95,49.95,107,2021-04-30 20:03:00,HALO
50.43,50.55,50.07,50.55,7496,2021-05-03 13:30:00,HALO
50.48,50.68,50.42,50.68,800,2021-05-03 13:31:00,HALO
50.71,50.71,50.71,50.71,100,2021-05-03 13:32:00,HALO
50.45,50.72,50.43,50.72,700,2021-05-03 13:33:00,HALO
50.4,50.6599,50.35,50.36,2036,2021-05-03 13:34:00,HALO
50.43,50.64,50.43,50.64,1772,2021-05-03 13:35:00,HALO
50.47,50.47,50.36,50.4,2600,2021-05-03 13:36:00,HALO
50.37,50.37,50.29,50.29,500,2021-05-03 13:37:00,HALO
50.25,50.25,50.23,50.23,465,2021-05-03 13:38:00,HALO
50.29,50.29,50.205,50.205,300,2021-05-03 13:39:00,HALO
50.27,50.47,50.2,50.47,2060,2021-05-03 13:40:00,HALO
50.4,50.4,50.36,50.4,800,2021-05-03 13:41:00,HALO
50.37,50.39,50.37,50.39,1100,2021-05-03 13:42:00,HALO
50.33,50.33,50.19,50.19,700,2021-05-03 13:43:00,HALO
50.1619,50.1619,50.06,50.08,950,2021-05-03 13:45:00,HALO
50.02,50.02,49.98,49.98,1394,2021-05-03 13:46:00,HALO
50.03,50.03,50.025,50.025,340,2021-05-03 13:47:00,HALO
50.06,50.09,50.06,50.09,600,2021-05-03 13:48:00,HALO
50.05,50.07,50.04,50.04,800,2021-05-03 13:49:00,HALO
49.96,50.05,49.96,50.05,589,2021-05-03 13:50:00,HALO
50.06,50.08,49.96,50.08,1870,2021-05-03 13:51:00,HALO
50.04,50.08,49.9,49.9,3200,2021-05-03 13:52:00,HALO
50.0,50.0,50.0,50.0,100,2021-05-03 13:53:00,HALO
50.12,50.12,50.12,50.12,200,2021-05-03 13:54:00,HALO
50.12,50.12,50.069,50.069,200,2021-05-03 13:55:00,HALO
50.14,50.2,50.14,50.2,700,2021-05-03 13:56:00,HALO
50.22,50.22,50.15,50.21,700,2021-05-03 13:57:00,HALO
50.1,50.1,50.07,50.07,500,2021-05-03 13:58:00,HALO
50.07,50.1,50.0,50.1,400,2021-05-03 13:59:00,HALO
50.09,50.1,49.97,49.97,2000,2021-05-03 14:00:00,HALO
50.09,50.1,50.09,50.1,200,2021-05-03 14:01:00,HALO
50.19,50.24,50.17,50.18,800,2021-05-03 14:02:00,HALO
50.19,50.2,50.19,50.2,200,2021-05-03 14:03:00,HALO
50.23,50.25,50.11,50.11,1996,2021-05-03 14:04:00,HALO
50.2,50.23,50.2,50.23,200,2021-05-03 14:06:00,HALO
50.24,50.25,50.24,50.25,400,2021-05-03 14:07:00,HALO
50.24,50.29,50.2,50.29,800,2021-05-03 14:08:00,HALO
50.26,50.28,50.25,50.28,300,2021-05-03 14:09:00,HALO
50.28,50.35,50.22,50.22,1200,2021-05-03 14:10:00,HALO
50.22,50.22,50.22,50.22,200,2021-05-03 14:11:00,HALO
50.25,50.25,50.25,50.25,100,2021-05-03 14:13:00,HALO
50.33,50.33,50.24,50.2541,500,2021-05-03 14:14:00,HALO
50.25,50.33,50.25,50.33,700,2021-05-03 14:15:00,HALO
50.35,50.39,50.35,50.37,600,2021-05-03 14:16:00,HALO
50.4,50.4,50.25,50.28,1200,2021-05-03 14:17:00,HALO
50.32,50.33,50.32,50.33,770,2021-05-03 14:18:00,HALO
50.32,50.32,50.31,50.31,200,2021-05-03 14:19:00,HALO
50.3,50.3,50.3,50.3,100,2021-05-03 14:20:00,HALO
50.32,50.36,50.3,50.32,2094,2021-05-03 14:21:00,HALO
50.29,50.33,50.29,50.3,600,2021-05-03 14:23:00,HALO
50.31,50.31,50.31,50.31,100,2021-05-03 14:24:00,HALO
50.31,50.32,50.26,50.27,2374,2021-05-03 14:25:00,HALO
50.23,50.23,50.22,50.22,300,2021-05-03 14:26:00,HALO
50.18,50.18,50.13,50.17,900,2021-05-03 14:28:00,HALO
50.08,50.15,50.08,50.15,1100,2021-05-03 14:29:00,HALO
50.15,50.19,50.12,50.19,900,2021-05-03 14:30:00,HALO
50.15,50.15,50.14,50.14,500,2021-05-03 14:31:00,HALO
50.12,50.15,50.1,50.15,700,2021-05-03 14:33:00,HALO
50.1,50.1403,50.09,50.09,900,2021-05-03 14:34:00,HALO
50.11,50.13,50.11,50.11,500,2021-05-03 14:35:00,HALO
50.12,50.16,50.02,50.02,1900,2021-05-03 14:36:00,HALO
50.04,50.04,50.04,50.04,100,2021-05-03 14:37:00,HALO
50.02,50.03,49.92,49.92,900,2021-05-03 14:38:00,HALO
49.92,49.92,49.84,49.84,2484,2021-05-03 14:39:00,HALO
49.85,49.86,49.85,49.86,600,2021-05-03 14:40:00,HALO
49.96,49.96,49.9,49.9,1900,2021-05-03 14:41:00,HALO
49.99,49.99,49.9,49.9,200,2021-05-03 14:42:00,HALO
49.91,49.95,49.9,49.92,400,2021-05-03 14:43:00,HALO
49.99,49.99,49.99,49.99,100,2021-05-03 14:44:00,HALO
49.93,49.95,49.87,49.93,3499,2021-05-03 14:45:00,HALO
49.9617,49.9617,49.92,49.92,913,2021-05-03 14:46:00,HALO
49.96,49.99,49.96,49.99,722,2021-05-03 14:47:00,HALO
49.97,49.99,49.95,49.95,500,2021-05-03 14:48:00,HALO
49.93,49.93,49.895,49.895,200,2021-05-03 14:49:00,HALO
49.88,49.94,49.88,49.94,300,2021-05-03 14:50:00,HALO
49.91,49.91,49.81,49.85,1797,2021-05-03 14:51:00,HALO
49.835,49.8365,49.65,49.72,9695,2021-05-03 14:52:00,HALO
49.72,49.72,49.72,49.72,100,2021-05-03 14:53:00,HALO
49.765,49.81,49.765,49.8,500,2021-05-03 14:54:00,HALO
49.83,49.83,49.76,49.8,900,2021-05-03 14:55:00,HALO
49.82,49.83,49.8,49.81,789,2021-05-03 14:56:00,HALO
49.84,49.84,49.78,49.78,700,2021-05-03 14:57:00,HALO
49.76,49.82,49.76,49.8,1700,2021-05-03 14:58:00,HALO
49.76,49.76,49.735,49.735,531,2021-05-03 14:59:00,HALO
49.67,49.7,49.64,49.68,1000,2021-05-03 15:00:00,HALO
49.66,49.78,49.66,49.78,1200,2021-05-03 15:01:00,HALO
49.74,49.78,49.72,49.77,850,2021-05-03 15:03:00,HALO
49.79,49.79,49.79,49.79,100,2021-05-03 15:04:00,HALO
49.83,49.84,49.83,49.84,400,2021-05-03 15:05:00,HALO
49.84,49.935,49.84,49.92,628,2021-05-03 15:06:00,HALO
49.98,49.98,49.94,49.94,675,2021-05-03 15:07:00,HALO
49.92,49.92,49.9,49.9,400,2021-05-03 15:08:00,HALO
49.93,49.94,49.93,49.94,500,2021-05-03 15:09:00,HALO
49.98,49.98,49.945,49.945,225,2021-05-03 15:10:00,HALO
49.93,49.93,49.82,49.82,1250,2021-05-03 15:11:00,HALO
49.785,49.785,49.73,49.78,800,2021-05-03 15:12:00,HALO
49.72,49.72,49.64,49.64,300,2021-05-03 15:13:00,HALO
49.62,49.73,49.62,49.73,638,2021-05-03 15:14:00,HALO
49.75,49.81,49.75,49.81,300,2021-05-03 15:15:00,HALO
49.81,49.81,49.81,49.81,100,2021-05-03 15:16:00,HALO
49.83,49.92,49.83,49.92,436,2021-05-03 15:17:00,HALO
49.94,49.96,49.9225,49.96,928,2021-05-03 15:18:00,HALO
49.98,49.98,49.95,49.9782,375,2021-05-03 15:19:00,HALO
49.9899,49.9899,49.94,49.94,575,2021-05-03 15:20:00,HALO
49.93,49.97,49.86,49.9,3878,2021-05-03 15:21:00,HALO
49.9,49.9,49.87,49.87,600,2021-05-03 15:22:00,HALO
49.8,49.83,49.8,49.83,400,2021-05-03 15:24:00,HALO
49.83,49.83,49.77,49.79,622,2021-05-03 15:25:00,HALO
49.79,49.8,49.73,49.73,500,2021-05-03 15:26:00,HALO
49.78,49.78,49.75,49.75,900,2021-05-03 15:27:00,HALO
49.72,49.75,49.72,49.72,300,2021-05-03 15:28:00,HALO
49.68,49.72,49.67,49.67,800,2021-05-03 15:29:00,HALO
49.71,49.71,49.71,49.71,200,2021-05-03 15:30:00,HALO
49.71,49.74,49.71,49.7125,1473,2021-05-03 15:31:00,HALO
49.75,49.79,49.74,49.79,731,2021-05-03 15:32:00,HALO
49.83,49.85,49.825,49.83,600,2021-05-03 15:33:00,HALO
49.87,49.87,49.87,49.87,100,2021-05-03 15:34:00,HALO
49.85,49.98,49.85,49.98,2579,2021-05-03 15:35:00,HALO
49.955,49.99,49.955,49.99,200,2021-05-03 15:36:00,HALO
49.99,49.99,49.99,49.99,100,2021-05-03 15:37:00,HALO
49.98,49.98,49.93,49.93,400,2021-05-03 15:39:00,HALO
49.92,49.94,49.915,49.93,1800,2021-05-03 15:40:00,HALO
49.93,49.93,49.93,49.93,100,2021-05-03 15:41:00,HALO
49.96,50.0,49.95,49.96,3236,2021-05-03 15:42:00,HALO
49.92,49.92,49.92,49.92,100,2021-05-03 15:44:00,HALO
49.92,49.92,49.89,49.91,900,2021-05-03 15:45:00,HALO
49.91,49.91,49.85,49.85,2200,2021-05-03 15:46:00,HALO
49.84,49.84,49.84,49.84,100,2021-05-03 15:47:00,HALO
49.84,49.85,49.77,49.82,2030,2021-05-03 15:48:00,HALO
49.8,49.8,49.77,49.77,600,2021-05-03 15:50:00,HALO
49.78,49.78,49.75,49.75,200,2021-05-03 15:51:00,HALO
49.74,49.74,49.7,49.7093,400,2021-05-03 15:52:00,HALO
49.72,49.73,49.71,49.72,1465,2021-05-03 15:53:00,HALO
49.73,49.73,49.73,49.73,100,2021-05-03 15:54:00,HALO
49.71,49.71,49.7,49.705,500,2021-05-03 15:55:00,HALO
49.69,49.73,49.69,49.7,621,2021-05-03 15:56:00,HALO
49.75,49.77,49.745,49.769,1126,2021-05-03 15:57:00,HALO
49.805,49.84,49.77,49.785,600,2021-05-03 15:59:00,HALO
49.785,49.785,49.76,49.76,200,2021-05-03 16:00:00,HALO
49.8,49.9,49.8,49.9,2100,2021-05-03 16:03:00,HALO
49.92,49.92,49.92,49.92,400,2021-05-03 16:04:00,HALO
49.94,49.96,49.92,49.92,2300,2021-05-03 16:06:00,HALO
49.89,49.93,49.89,49.93,1230,2021-05-03 16:07:00,HALO
49.95,49.97,49.95,49.96,1900,2021-05-03 16:08:00,HALO
49.935,49.935,49.91,49.93,900,2021-05-03 16:09:00,HALO
49.89,49.9,49.89,49.9,200,2021-05-03 16:10:00,HALO
49.86,49.93,49.86,49.93,400,2021-05-03 16:11:00,HALO
49.905,49.95,49.905,49.92,800,2021-05-03 16:12:00,HALO
49.92,49.92,49.92,49.92,170,2021-05-03 16:13:00,HALO
49.92,49.92,49.92,49.92,200,2021-05-03 16:14:00,HALO
49.92,49.95,49.92,49.93,800,2021-05-03 16:15:00,HALO
49.94,49.95,49.915,49.92,2300,2021-05-03 16:16:00,HALO
49.95,49.95,49.92,49.92,750,2021-05-03 16:17:00,HALO
49.91,49.95,49.91,49.945,1378,2021-05-03 16:18:00,HALO
49.95,50.1,49.94,50.07,46463,2021-05-03 16:19:00,HALO
50.05,50.07,49.97,50.07,2648,2021-05-03 16:20:00,HALO
50.09,50.13,50.09,50.13,1313,2021-05-03 16:21:00,HALO
50.09,50.12,50.09,50.09,3825,2021-05-03 16:22:00,HALO
50.06,50.06,50.005,50.005,500,2021-05-03 16:23:00,HALO
50.03,50.06,50.0,50.0,800,2021-05-03 16:24:00,HALO
50.0,50.01,50.0,50.01,300,2021-05-03 16:25:00,HALO
49.93,49.94,49.88,49.89,1722,2021-05-03 16:26:00,HALO
49.85,49.85,49.79,49.79,300,2021-05-03 16:27:00,HALO
49.79,49.86,49.79,49.835,1415,2021-05-03 16:28:00,HALO
49.83,49.85,49.78,49.78,900,2021-05-03 16:29:00,HALO
49.78,49.81,49.76,49.76,1200,2021-05-03 16:30:00,HALO
49.76,49.76,49.7,49.7,1075,2021-05-03 16:31:00,HALO
49.71,49.72,49.67,49.7,700,2021-05-03 16:32:00,HALO
49.67,49.69,49.63,49.66,800,2021-05-03 16:33:00,HALO
49.63,49.67,49.63,49.65,600,2021-05-03 16:34:00,HALO
49.64,49.7,49.64,49.66,1700,2021-05-03 16:35:00,HALO
49.64,49.64,49.64,49.64,100,2021-05-03 16:36:00,HALO
49.59,49.62,49.59,49.61,2000,2021-05-03 16:37:00,HALO
49.595,49.595,49.52,49.52,400,2021-05-03 16:38:00,HALO
49.51,49.62,49.51,49.57,4868,2021-05-03 16:39:00,HALO
49.57,49.6,49.57,49.6,200,2021-05-03 16:40:00,HALO
49.62,49.62,49.58,49.58,400,2021-05-03 16:42:00,HALO
49.59,49.59,49.54,49.57,1000,2021-05-03 16:43:00,HALO
49.56,49.59,49.56,49.57,1800,2021-05-03 16:44:00,HALO
49.57,49.59,49.55,49.58,404,2021-05-03 16:45:00,HALO
49.57,49.57,49.57,49.57,500,2021-05-03 16:47:00,HALO
49.6,49.64,49.6,49.61,1700,2021-05-03 16:48:00,HALO
49.6,49.6,49.58,49.6,1000,2021-05-03 16:49:00,HALO
49.5761,49.5761,49.5761,49.5761,250,2021-05-03 16:50:00,HALO
49.58,49.58,49.57,49.57,950,2021-05-03 16:51:00,HALO
49.57,49.61,49.57,49.59,400,2021-05-03 16:52:00,HALO
49.59,49.59,49.57,49.57,200,2021-05-03 16:53:00,HALO
49.63,49.737,49.63,49.737,757,2021-05-03 16:54:00,HALO
49.68,49.68,49.68,49.68,200,2021-05-03 16:55:00,HALO
49.68,49.68,49.68,49.68,200,2021-05-03 16:56:00,HALO
49.675,49.68,49.675,49.68,200,2021-05-03 16:57:00,HALO
49.652,49.67,49.6425,49.67,1300,2021-05-03 16:58:00,HALO
49.68,49.71,49.66,49.68,2780,2021-05-03 16:59:00,HALO
49.675,49.675,49.63,49.63,500,2021-05-03 17:00:00,HALO
49.65,49.65,49.64,49.65,600,2021-05-03 17:01:00,HALO
49.65,49.655,49.63,49.655,500,2021-05-03 17:02:00,HALO
49.68,49.71,49.68,49.69,1800,2021-05-03 17:05:00,HALO
49.69,49.7,49.66,49.66,2750,2021-05-03 17:06:00,HALO
49.65,49.65,49.63,49.63,300,2021-05-03 17:07:00,HALO
49.65,49.66,49.63,49.66,3895,2021-05-03 17:08:00,HALO
49.62,49.635,49.61,49.61,1480,2021-05-03 17:09:00,HALO
49.6,49.62,49.58,49.62,400,2021-05-03 17:10:00,HALO
49.6,49.6,49.6,49.6,533,2021-05-03 17:11:00,HALO
49.58,49.6027,49.58,49.58,450,2021-05-03 17:12:00,HALO
49.58,49.58,49.56,49.56,700,2021-05-03 17:13:00,HALO
49.54,49.54,49.51,49.51,200,2021-05-03 17:14:00,HALO
49.52,49.53,49.52,49.53,300,2021-05-03 17:16:00,HALO
49.545,49.545,49.545,49.545,100,2021-05-03 17:17:00,HALO
49.52,49.52,49.48,49.48,1100,2021-05-03 17:18:00,HALO
49.48,49.54,49.47,49.54,3112,2021-05-03 17:19:00,HALO
49.55,49.55,49.55,49.55,200,2021-05-03 17:20:00,HALO
49.59,49.59,49.59,49.59,200,2021-05-03 17:21:00,HALO
49.5,49.5,49.5,49.5,100,2021-05-03 17:22:00,HALO
49.51,49.51,49.51,49.51,200,2021-05-03 17:23:00,HALO
49.5,49.5,49.439,49.439,900,2021-05-03 17:24:00,HALO
49.46,49.46,49.43,49.43,2530,2021-05-03 17:26:00,HALO
49.46,49.46,49.4561,49.4561,1177,2021-05-03 17:27:00,HALO
49.47,49.49,49.41,49.41,3497,2021-05-03 17:28:00,HALO
49.42,49.47,49.42,49.47,800,2021-05-03 17:29:00,HALO
49.44,49.44,49.44,49.44,100,2021-05-03 17:30:00,HALO
49.44,49.44,49.42,49.42,510,2021-05-03 17:31:00,HALO
49.42,49.42,49.42,49.42,100,2021-05-03 17:32:00,HALO
49.43,49.43,49.41,49.41,600,2021-05-03 17:33:00,HALO
49.4,49.45,49.38,49.45,440,2021-05-03 17:34:00,HALO
49.39,49.39,49.34,49.34,400,2021-05-03 17:35:00,HALO
49.42,49.42,49.34,49.34,950,2021-05-03 17:36:00,HALO
49.34,49.34,49.335,49.335,300,2021-05-03 17:37:00,HALO
49.31,49.31,49.31,49.31,100,2021-05-03 17:38:00,HALO
49.36,49.36,49.36,49.36,400,2021-05-03 17:39:00,HALO
49.37,49.43,49.34,49.43,1395,2021-05-03 17:40:00,HALO
49.412,49.412,49.412,49.412,200,2021-05-03 17:41:00,HALO
49.4,49.4,49.38,49.38,400,2021-05-03 17:42:00,HALO
49.38,49.38,49.38,49.38,100,2021-05-03 17:43:00,HALO
49.34,49.34,49.31,49.31,200,2021-05-03 17:44:00,HALO
49.31,49.31,49.3,49.31,900,2021-05-03 17:45:00,HALO
49.325,49.38,49.325,49.36,1200,2021-05-03 17:46:00,HALO
49.4,49.4,49.36,49.36,300,2021-05-03 17:49:00,HALO
49.36,49.36,49.36,49.36,100,2021-05-03 17:50:00,HALO
49.36,49.39,49.36,49.39,200,2021-05-03 17:51:00,HALO
49.4,49.4,49.37,49.37,3692,2021-05-03 17:52:00,HALO
49.35,49.37,49.35,49.37,500,2021-05-03 17:53:00,HALO
49.345,49.39,49.345,49.39,723,2021-05-03 17:55:00,HALO
49.36,49.37,49.32,49.32,1000,2021-05-03 17:56:00,HALO
49.31,49.33,49.3,49.33,400,2021-05-03 17:57:00,HALO
49.31,49.34,49.31,49.33,1844,2021-05-03 17:58:00,HALO
49.33,49.34,49.33,49.34,1100,2021-05-03 17:59:00,HALO
49.33,49.34,49.31,49.33,1230,2021-05-03 18:00:00,HALO
49.3,49.3,49.27,49.29,700,2021-05-03 18:01:00,HALO
49.29,49.3,49.29,49.29,500,2021-05-03 18:02:00,HALO
49.31,49.31,49.295,49.295,200,2021-05-03 18:03:00,HALO
49.31,49.31,49.29,49.31,2362,2021-05-03 18:04:00,HALO
49.29,49.31,49.29,49.31,329,2021-05-03 18:05:00,HALO
49.3,49.31,49.26,49.26,1107,2021-05-03 18:07:00,HALO
49.22,49.2327,49.22,49.22,408,2021-05-03 18:09:00,HALO
49.22,49.22,49.21,49.21,615,2021-05-03 18:10:00,HALO
49.215,49.25,49.215,49.23,2330,2021-05-03 18:11:00,HALO
49.24,49.25,49.22,49.24,2640,2021-05-03 18:12:00,HALO
49.25,49.275,49.25,49.275,1000,2021-05-03 18:13:00,HALO
49.3,49.3,49.3,49.3,100,2021-05-03 18:14:00,HALO
49.3,49.315,49.3,49.315,700,2021-05-03 18:15:00,HALO
49.29,49.31,49.29,49.3,1299,2021-05-03 18:16:00,HALO
49.3,49.3,49.28,49.28,800,2021-05-03 18:17:00,HALO
49.29,49.29,49.29,49.29,400,2021-05-03 18:18:00,HALO
49.27,49.29,49.27,49.29,2590,2021-05-03 18:19:00,HALO
49.27,49.27,49.24,49.26,1500,2021-05-03 18:20:00,HALO
49.25,49.3,49.244,49.3,2778,2021-05-03 18:21:00,HALO
49.27,49.27,49.235,49.235,1000,2021-05-03 18:22:00,HALO
49.27,49.29,49.26,49.29,1651,2021-05-03 18:23:00,HALO
49.29,49.29,49.29,49.29,103,2021-05-03 18:25:00,HALO
49.29,49.3,49.29,49.3,1194,2021-05-03 18:26:00,HALO
49.32,49.32,49.32,49.32,200,2021-05-03 18:28:00,HALO
49.38,49.39,49.36,49.36,2200,2021-05-03 18:30:00,HALO
49.39,49.39,49.37,49.37,337,2021-05-03 18:31:00,HALO
49.385,49.385,49.385,49.385,100,2021-05-03 18:32:00,HALO
49.375,49.375,49.34,49.37,800,2021-05-03 18:33:00,HALO
49.35,49.4,49.35,49.4,700,2021-05-03 18:34:00,HALO
49.375,49.4,49.375,49.4,303,2021-05-03 18:35:00,HALO
49.395,49.42,49.39,49.39,415,2021-05-03 18:38:00,HALO
49.37,49.37,49.35,49.37,1300,2021-05-03 18:39:00,HALO
49.33,49.33,49.32,49.33,1132,2021-05-03 18:40:00,HALO
49.36,49.38,49.33,49.33,1606,2021-05-03 18:41:00,HALO
49.325,49.325,49.3123,49.3123,335,2021-05-03 18:42:00,HALO
49.35,49.35,49.35,49.35,100,2021-05-03 18:43:00,HALO
49.38,49.39,49.34,49.36,3744,2021-05-03 18:44:00,HALO
49.39,49.4,49.37,49.4,800,2021-05-03 18:45:00,HALO
49.38,49.38,49.38,49.38,100,2021-05-03 18:46:00,HALO
49.37,49.37,49.35,49.35,600,2021-05-03 18:48:00,HALO
49.35,49.37,49.31,49.36,2900,2021-05-03 18:50:00,HALO
49.38,49.38,49.35,49.35,3800,2021-05-03 18:51:00,HALO
49.33,49.34,49.33,49.34,1410,2021-05-03 18:52:00,HALO
49.36,49.43,49.36,49.43,300,2021-05-03 18:53:00,HALO
49.41,49.46,49.41,49.46,1000,2021-05-03 18:54:00,HALO
49.46,49.47,49.4296,49.4296,740,2021-05-03 18:55:00,HALO
49.41,49.44,49.39,49.44,500,2021-05-03 18:56:00,HALO
49.4,49.4,49.4,49.4,100,2021-05-03 18:57:00,HALO
49.42,49.42,49.41,49.41,200,2021-05-03 18:58:00,HALO
49.43,49.45,49.43,49.45,800,2021-05-03 18:59:00,HALO
49.43,49.43,49.42,49.42,300,2021-05-03 19:00:00,HALO
49.44,49.4523,49.43,49.445,971,2021-05-03 19:01:00,HALO
49.46,49.47,49.455,49.46,1400,2021-05-03 19:02:00,HALO
49.45,49.45,49.44,49.44,840,2021-05-03 19:03:00,HALO
49.44,49.44,49.44,49.44,200,2021-05-03 19:04:00,HALO
49.45,49.45,49.42,49.43,900,2021-05-03 19:05:00,HALO
49.43,49.44,49.425,49.425,1200,2021-05-03 19:06:00,HALO
49.42,49.44,49.4,49.44,1865,2021-05-03 19:08:00,HALO
49.45,49.45,49.41,49.42,2304,2021-05-03 19:09:00,HALO
49.43,49.46,49.43,49.46,700,2021-05-03 19:10:00,HALO
49.455,49.46,49.455,49.46,200,2021-05-03 19:11:00,HALO
49.47,49.49,49.47,49.49,500,2021-05-03 19:12:00,HALO
49.475,49.49,49.475,49.49,203,2021-05-03 19:13:00,HALO
49.49,49.51,49.48,49.5,1100,2021-05-03 19:14:00,HALO
49.5,49.5,49.5,49.5,200,2021-05-03 19:15:00,HALO
49.495,49.495,49.46,49.495,1500,2021-05-03 19:16:00,HALO
49.5,49.505,49.5,49.505,700,2021-05-03 19:17:00,HALO
49.5,49.505,49.5,49.5,300,2021-05-03 19:18:00,HALO
49.505,49.505,49.505,49.505,200,2021-05-03 19:19:00,HALO
49.505,49.505,49.505,49.505,100,2021-05-03 19:20:00,HALO
49.5,49.5,49.5,49.5,200,2021-05-03 19:21:00,HALO
49.505,49.53,49.5,49.52,2500,2021-05-03 19:22:00,HALO
49.5,49.56,49.48,49.56,1918,2021-05-03 19:23:00,HALO
49.56,49.56,49.545,49.545,200,2021-05-03 19:24:00,HALO
49.56,49.58,49.56,49.57,413,2021-05-03 19:25:00,HALO
49.58,49.63,49.58,49.63,1600,2021-05-03 19:26:00,HALO
49.62,49.62,49.585,49.585,2373,2021-05-03 19:27:00,HALO
49.57,49.59,49.56,49.59,600,2021-05-03 19:28:00,HALO
49.58,49.59,49.575,49.58,981,2021-05-03 19:29:00,HALO
49.56,49.56,49.52,49.52,1800,2021-05-03 19:30:00,HALO
49.515,49.53,49.49,49.53,914,2021-05-03 19:31:00,HALO
49.49,49.49,49.43,49.46,1805,2021-05-03 19:32:00,HALO
49.48,49.48,49.43,49.43,2351,2021-05-03 19:33:00,HALO
49.42,49.42,49.41,49.41,400,2021-05-03 19:34:00,HALO
49.42,49.46,49.42,49.46,1600,2021-05-03 19:35:00,HALO
49.45,49.46,49.45,49.46,400,2021-05-03 19:36:00,HALO
49.47,49.47,49.45,49.45,1000,2021-05-03 19:37:00,HALO
49.42,49.44,49.42,49.43,1344,2021-05-03 19:38:00,HALO
49.44,49.48,49.44,49.48,1131,2021-05-03 19:39:00,HALO
49.48,49.48,49.48,49.48,100,2021-05-03 19:40:00,HALO
49.48,49.54,49.48,49.54,606,2021-05-03 19:41:00,HALO
49.54,49.55,49.54,49.55,200,2021-05-03 19:42:00,HALO
49.5319,49.55,49.49,49.49,2952,2021-05-03 19:43:00,HALO
49.5,49.5,49.47,49.47,500,2021-05-03 19:44:00,HALO
49.48,49.48,49.41,49.41,1200,2021-05-03 19:45:00,HALO
49.41,49.445,49.41,49.43,1216,2021-05-03 19:46:00,HALO
49.45,49.47,49.45,49.455,300,2021-05-03 19:47:00,HALO
49.47,49.47,49.44,49.44,400,2021-05-03 19:48:00,HALO
49.43,49.45,49.42,49.42,1958,2021-05-03 19:49:00,HALO
49.4,49.4,49.3,49.31,2400,2021-05-03 19:50:00,HALO
49.345,49.37,49.33,49.3369,9148,2021-05-03 19:51:00,HALO
49.33,49.33,49.29,49.29,600,2021-05-03 19:52:00,HALO
49.31,49.318,49.28,49.2858,2163,2021-05-03 19:53:00,HALO
49.31,49.335,49.3,49.335,5884,2021-05-03 19:54:00,HALO
49.35,49.35,49.27,49.27,3990,2021-05-03 19:55:00,HALO
49.3,49.3,49.27,49.29,4823,2021-05-03 19:56:00,HALO
49.31,49.345,49.27,49.3,5923,2021-05-03 19:57:00,HALO
49.3,49.31,49.28,49.28,4940,2021-05-03 19:58:00,HALO
49.29,49.32,49.24,49.24,8142,2021-05-03 19:59:00,HALO
49.28,49.28,49.28,49.28,77659,2021-05-03 20:00:00,HALO
48.72,48.965,48.68,48.68,11892,2021-05-04 13:30:00,HALO
48.69,48.69,48.69,48.69,100,2021-05-04 13:31:00,HALO
48.68,48.68,48.27,48.27,2766,2021-05-04 13:32:00,HALO
48.34,48.42,48.34,48.42,400,2021-05-04 13:34:00,HALO
48.35,48.35,48.35,48.35,300,2021-05-04 13:35:00,HALO
48.29,48.51,48.29,48.51,1100,2021-05-04 13:37:00,HALO
48.62,48.62,48.62,48.62,100,2021-05-04 13:38:00,HALO
48.47,48.47,48.45,48.45,309,2021-05-04 13:39:00,HALO
48.49,48.49,48.38,48.43,800,2021-05-04 13:40:00,HALO
48.38,48.38,48.33,48.34,600,2021-05-04 13:41:00,HALO
48.385,48.39,48.385,48.385,400,2021-05-04 13:42:00,HALO
48.39,48.39,48.33,48.33,780,2021-05-04 13:43:00,HALO
48.33,48.385,48.31,48.34,1300,2021-05-04 13:44:00,HALO
48.37,48.37,48.37,48.37,200,2021-05-04 13:45:00,HALO
48.36,48.36,48.36,48.36,100,2021-05-04 13:46:00,HALO
48.35,48.5,48.35,48.5,1691,2021-05-04 13:47:00,HALO
48.45,48.54,48.44,48.54,900,2021-05-04 13:49:00,HALO
48.51,48.51,48.37,48.37,1250,2021-05-04 13:50:00,HALO
48.25,48.25,48.25,48.25,100,2021-05-04 13:51:00,HALO
48.305,48.42,48.3,48.42,1394,2021-05-04 13:52:00,HALO
48.49,48.55,48.44,48.44,1100,2021-05-04 13:53:00,HALO
48.355,48.47,48.355,48.44,3206,2021-05-04 13:55:00,HALO
48.48,48.48,48.44,48.465,900,2021-05-04 13:56:00,HALO
48.43,48.45,48.35,48.39,923,2021-05-04 13:57:00,HALO
48.46,48.47,48.38,48.38,400,2021-05-04 13:58:00,HALO
48.46,48.46,48.46,48.46,100,2021-05-04 13:59:00,HALO
48.42,48.5,48.42,48.45,1498,2021-05-04 14:00:00,HALO
48.39,48.39,48.38,48.38,500,2021-05-04 14:01:00,HALO
48.43,48.43,48.43,48.43,100,2021-05-04 14:02:00,HALO
48.361,48.361,48.31,48.31,800,2021-05-04 14:03:00,HALO
48.3003,48.41,48.3003,48.3547,2000,2021-05-04 14:04:00,HALO
48.395,48.395,48.26,48.26,5090,2021-05-04 14:05:00,HALO
48.26,48.38,48.22,48.38,3156,2021-05-04 14:06:00,HALO
48.4,48.4,48.33,48.33,800,2021-05-04 14:07:00,HALO
48.395,48.395,48.395,48.395,150,2021-05-04 14:08:00,HALO
48.44,48.48,48.44,48.46,500,2021-05-04 14:09:00,HALO
48.48,48.48,48.39,48.39,1325,2021-05-04 14:10:00,HALO
48.47,48.47,48.45,48.45,400,2021-05-04 14:11:00,HALO
48.46,48.47,48.45,48.47,912,2021-05-04 14:12:00,HALO
48.47,48.47,48.45,48.45,200,2021-05-04 14:13:00,HALO
48.47,48.47,48.395,48.395,796,2021-05-04 14:14:00,HALO
48.4,48.4,48.365,48.365,200,2021-05-04 14:15:00,HALO
48.34,48.42,48.34,48.39,600,2021-05-04 14:16:00,HALO
48.48,48.53,48.48,48.53,700,2021-05-04 14:17:00,HALO
48.61,48.61,48.57,48.57,400,2021-05-04 14:18:00,HALO
48.63,48.63,48.63,48.63,100,2021-05-04 14:19:00,HALO
48.64,48.64,48.56,48.6,500,2021-05-04 14:20:00,HALO
48.6,48.6,48.56,48.56,300,2021-05-04 14:21:00,HALO
48.56,48.63,48.56,48.62,718,2021-05-04 14:22:00,HALO
48.67,48.67,48.67,48.67,1300,2021-05-04 14:23:00,HALO
48.64,48.64,48.6,48.61,1800,2021-05-04 14:24:00,HALO
48.64,48.66,48.63,48.63,300,2021-05-04 14:25:00,HALO
48.7,48.7,48.69,48.69,200,2021-05-04 14:26:00,HALO
48.69,48.73,48.68,48.69,1300,2021-05-04 14:27:00,HALO
48.73,48.75,48.73,48.75,400,2021-05-04 14:28:00,HALO
48.755,48.755,48.66,48.66,2000,2021-05-04 14:30:00,HALO
48.665,48.665,48.565,48.565,900,2021-05-04 14:31:00,HALO
48.57,48.57,48.57,48.57,100,2021-05-04 14:32:00,HALO
48.56,48.56,48.555,48.555,500,2021-05-04 14:33:00,HALO
48.57,48.57,48.55,48.55,200,2021-05-04 14:34:00,HALO
48.59,48.64,48.565,48.632,1310,2021-05-04 14:35:00,HALO
48.66,48.69,48.66,48.69,400,2021-05-04 14:36:00,HALO
48.69,48.73,48.69,48.72,1361,2021-05-04 14:37:00,HALO
48.71,48.71,48.65,48.7,500,2021-05-04 14:38:00,HALO
48.7,48.7,48.7,48.7,100,2021-05-04 14:40:00,HALO
48.76,48.82,48.76,48.82,300,2021-05-04 14:41:00,HALO
48.765,48.765,48.74,48.7596,450,2021-05-04 14:42:00,HALO
48.775,48.775,48.775,48.775,100,2021-05-04 14:43:00,HALO
48.77,48.77,48.74,48.74,700,2021-05-04 14:44:00,HALO
48.71,48.75,48.71,48.75,500,2021-05-04 14:45:00,HALO
48.72,48.73,48.72,48.72,400,2021-05-04 14:46:00,HALO
48.67,48.7279,48.67,48.7279,1000,2021-05-04 14:47:00,HALO
48.68,48.68,48.57,48.6,3600,2021-05-04 14:48:00,HALO
48.57,48.62,48.57,48.57,600,2021-05-04 14:49:00,HALO
48.57,48.6,48.565,48.5682,1045,2021-05-04 14:50:00,HALO
48.6499,48.6499,48.545,48.545,710,2021-05-04 14:51:00,HALO
48.54,48.57,48.54,48.57,300,2021-05-04 14:52:00,HALO
48.505,48.525,48.505,48.525,300,2021-05-04 14:53:00,HALO
48.48,48.51,48.48,48.51,200,2021-05-04 14:54:00,HALO
48.54,48.57,48.52,48.55,2000,2021-05-04 14:55:00,HALO
48.56,48.56,48.51,48.56,600,2021-05-04 14:57:00,HALO
48.51,48.545,48.51,48.52,2329,2021-05-04 14:58:00,HALO
48.52,48.52,48.49,48.49,300,2021-05-04 14:59:00,HALO
48.46,48.465,48.45,48.45,300,2021-05-04 15:00:00,HALO
48.45,48.465,48.44,48.465,400,2021-05-04 15:01:00,HALO
48.5,48.62,48.5,48.62,1100,2021-05-04 15:02:00,HALO
48.58,48.58,48.555,48.555,1100,2021-05-04 15:03:00,HALO
48.57,48.58,48.57,48.58,400,2021-05-04 15:04:00,HALO
48.57,48.57,48.5204,48.56,1000,2021-05-04 15:05:00,HALO
48.56,48.57,48.56,48.57,200,2021-05-04 15:06:00,HALO
48.6,48.6,48.58,48.58,700,2021-05-04 15:07:00,HALO
48.6,48.61,48.57,48.59,708,2021-05-04 15:08:00,HALO
48.59,48.59,48.57,48.58,2100,2021-05-04 15:09:00,HALO
48.59,48.59,48.52,48.52,2600,2021-05-04 15:10:00,HALO
48.52,48.54,48.49,48.5,2200,2021-05-04 15:11:00,HALO
48.49,48.52,48.39,48.43,13804,2021-05-04 15:12:00,HALO
48.44,48.44,48.44,48.44,100,2021-05-04 15:13:00,HALO
48.4,48.4203,48.4,48.4203,500,2021-05-04 15:14:00,HALO
48.38,48.38,48.28,48.28,2656,2021-05-04 15:15:00,HALO
48.31,48.34,48.3,48.31,1100,2021-05-04 15:16:00,HALO
48.26,48.29,48.26,48.29,200,2021-05-04 15:17:00,HALO
48.31,48.31,48.31,48.31,100,2021-05-04 15:18:00,HALO
48.285,48.285,48.285,48.285,100,2021-05-04 15:19:00,HALO
48.28,48.28,48.23,48.24,600,2021-05-04 15:20:00,HALO
48.25,48.27,48.25,48.27,400,2021-05-04 15:21:00,HALO
48.26,48.26,48.19,48.19,300,2021-05-04 15:22:00,HALO
48.18,48.2,48.1,48.18,3460,2021-05-04 15:23:00,HALO
48.19,48.22,48.17,48.19,1720,2021-05-04 15:24:00,HALO
48.185,48.19,48.16,48.16,600,2021-05-04 15:25:00,HALO
48.15,48.31,48.15,48.27,3150,2021-05-04 15:26:00,HALO
48.32,48.36,48.31,48.36,700,2021-05-04 15:27:00,HALO
48.34,48.44,48.33,48.37,1500,2021-05-04 15:28:00,HALO
48.37,48.42,48.37,48.42,400,2021-05-04 15:29:00,HALO
48.4807,48.54,48.46,48.52,3870,2021-05-04 15:31:00,HALO
48.49,48.49,48.48,48.49,400,2021-05-04 15:32:00,HALO
48.44,48.44,48.32,48.32,950,2021-05-04 15:33:00,HALO
48.34,48.38,48.27,48.34,2087,2021-05-04 15:35:00,HALO
48.35,48.37,48.35,48.37,500,2021-05-04 15:36:00,HALO
48.4,48.4,48.4,48.4,200,2021-05-04 15:37:00,HALO
48.36,48.36,48.34,48.34,800,2021-05-04 15:38:00,HALO
48.38,48.38,48.36,48.36,200,2021-05-04 15:39:00,HALO
48.34,48.36,48.34,48.36,500,2021-05-04 15:40:00,HALO
48.335,48.38,48.33,48.365,609,2021-05-04 15:41:00,HALO
48.37,48.37,48.32,48.34,541,2021-05-04 15:42:00,HALO
48.33,48.34,48.29,48.3,800,2021-05-04 15:43:00,HALO
48.27,48.27,48.26,48.26,200,2021-05-04 15:44:00,HALO
48.24,48.24,48.22,48.22,400,2021-05-04 15:45:00,HALO
48.26,48.29,48.24,48.29,1100,2021-05-04 15:46:00,HALO
48.27,48.3,48.26,48.27,905,2021-05-04 15:47:00,HALO
48.265,48.265,48.22,48.22,500,2021-05-04 15:48:00,HALO
48.22,48.3,48.22,48.29,2251,2021-05-04 15:49:00,HALO
48.24,48.26,48.14,48.19,1000,2021-05-04 15:50:00,HALO
48.17,48.19,48.17,48.1785,875,2021-05-04 15:51:00,HALO
48.22,48.24,48.21,48.24,1030,2021-05-04 15:52:00,HALO
48.22,48.22,48.19,48.2,400,2021-05-04 15:53:00,HALO
48.195,48.26,48.195,48.25,1416,2021-05-04 15:54:00,HALO
48.21,48.21,48.21,48.21,300,2021-05-04 15:55:00,HALO
48.25,48.28,48.25,48.28,987,2021-05-04 15:57:00,HALO
48.28,48.28,48.24,48.27,1100,2021-05-04 15:58:00,HALO
48.3,48.34,48.3,48.34,1100,2021-05-04 16:00:00,HALO
48.4,48.43,48.4,48.43,200,2021-05-04 16:01:00,HALO
48.5,48.5,48.47,48.47,1058,2021-05-04 16:02:00,HALO
48.5,48.5,48.47,48.47,719,2021-05-04 16:03:00,HALO
48.46,48.47,48.38,48.38,1325,2021-05-04 16:05:00,HALO
48.385,48.42,48.37,48.37,1600,2021-05-04 16:06:00,HALO
48.37,48.39,48.36,48.39,1038,2021-05-04 16:07:00,HALO
48.4,48.47,48.4,48.47,891,2021-05-04 16:08:00,HALO
48.44,48.45,48.43,48.43,328,2021-05-04 16:09:00,HALO
48.49,48.5,48.49,48.5,882,2021-05-04 16:10:00,HALO
48.5,48.51,48.5,48.51,300,2021-05-04 16:11:00,HALO
48.48,48.48,48.43,48.43,900,2021-05-04 16:12:00,HALO
48.455,48.46,48.42,48.46,1006,2021-05-04 16:15:00,HALO
48.4546,48.4546,48.44,48.44,400,2021-05-04 16:16:00,HALO
48.42,48.42,48.42,48.42,100,2021-05-04 16:17:00,HALO
48.42,48.46,48.42,48.455,600,2021-05-04 16:18:00,HALO
48.43,48.45,48.43,48.44,400,2021-05-04 16:19:00,HALO
48.47,48.48,48.4,48.41,2624,2021-05-04 16:20:00,HALO
48.39,48.39,48.36,48.36,740,2021-05-04 16:21:00,HALO
48.38,48.3924,48.38,48.3924,400,2021-05-04 16:22:00,HALO
48.39,48.44,48.39,48.44,1100,2021-05-04 16:23:00,HALO
48.42,48.44,48.41,48.4275,1300,2021-05-04 16:24:00,HALO
48.42,48.46,48.42,48.45,700,2021-05-04 16:25:00,HALO
48.47,48.5,48.47,48.49,1046,2021-05-04 16:26:00,HALO
48.5,48.51,48.47,48.47,15200,2021-05-04 16:27:00,HALO
48.44,48.47,48.42,48.47,962,2021-05-04 16:28:00,HALO
48.49,48.5,48.49,48.5,1010,2021-05-04 16:29:00,HALO
48.5,48.51,48.5,48.51,358,2021-05-04 16:30:00,HALO
48.485,48.5,48.485,48.5,300,2021-05-04 16:31:00,HALO
48.4801,48.4801,48.44,48.455,1030,2021-05-04 16:32:00,HALO
48.45,48.46,48.39,48.39,1460,2021-05-04 16:33:00,HALO
48.41,48.41,48.41,48.41,160,2021-05-04 16:34:00,HALO
48.4,48.42,48.38,48.38,1172,2021-05-04 16:35:00,HALO
48.38,48.38,48.36,48.36,200,2021-05-04 16:36:00,HALO
48.38,48.38,48.326,48.326,700,2021-05-04 16:37:00,HALO
48.35,48.45,48.34,48.44,1598,2021-05-04 16:38:00,HALO
48.43,48.43,48.43,48.43,200,2021-05-04 16:39:00,HALO
48.38,48.38,48.34,48.34,400,2021-05-04 16:40:00,HALO
48.32,48.32,48.32,48.32,100,2021-05-04 16:41:00,HALO
48.29,48.29,48.29,48.29,100,2021-05-04 16:42:00,HALO
48.3068,48.35,48.3,48.35,1600,2021-05-04 16:43:00,HALO
48.36,48.38,48.36,48.36,1998,2021-05-04 16:44:00,HALO
48.35,48.38,48.35,48.38,700,2021-05-04 16:45:00,HALO
48.35,48.36,48.35,48.36,400,2021-05-04 16:46:00,HALO
48.35,48.35,48.35,48.35,100,2021-05-04 16:47:00,HALO
48.33,48.43,48.33,48.43,2406,2021-05-04 16:48:00,HALO
48.45,48.48,48.43,48.47,1000,2021-05-04 16:49:00,HALO
48.5,48.53,48.47,48.52,2704,2021-05-04 16:50:00,HALO
48.47,48.52,48.47,48.52,1100,2021-05-04 16:51:00,HALO
48.5,48.52,48.45,48.5,3904,2021-05-04 16:52:00,HALO
48.49,48.49,48.49,48.49,450,2021-05-04 16:53:00,HALO
48.49,48.49,48.44,48.48,959,2021-05-04 16:54:00,HALO
48.45,48.46,48.45,48.46,220,2021-05-04 16:55:00,HALO
48.46,48.5,48.46,48.5,600,2021-05-04 16:56:00,HALO
48.49,48.49,48.49,48.49,200,2021-05-04 16:58:00,HALO
48.5,48.5,48.5,48.5,200,2021-05-04 16:59:00,HALO
48.5,48.5,48.45,48.45,1000,2021-05-04 17:00:00,HALO
48.5,48.51,48.47,48.47,3550,2021-05-04 17:01:00,HALO
48.5,48.5,48.435,48.435,300,2021-05-04 17:03:00,HALO
48.5,48.51,48.5,48.5,2985,2021-05-04 17:04:00,HALO
48.5,48.51,48.47,48.48,3561,2021-05-04 17:05:00,HALO
48.48,48.57,48.48,48.57,1900,2021-05-04 17:06:00,HALO
48.57,48.59,48.57,48.59,600,2021-05-04 17:07:00,HALO
48.59,48.59,48.58,48.58,600,2021-05-04 17:08:00,HALO
48.56,48.7,48.5,48.7,20640,2021-05-04 17:09:00,HALO
48.7,48.78,48.7,48.76,1400,2021-05-04 17:10:00,HALO
48.72,48.72,48.7,48.7099,500,2021-05-04 17:11:00,HALO
48.71,48.71,48.63,48.69,1600,2021-05-04 17:12:00,HALO
48.65,48.65,48.61,48.61,200,2021-05-04 17:13:00,HALO
48.62,48.62,48.62,48.62,200,2021-05-04 17:14:00,HALO
48.67,48.69,48.67,48.69,557,2021-05-04 17:15:00,HALO
48.65,48.65,48.65,48.65,100,2021-05-04 17:16:00,HALO
48.63,48.63,48.63,48.63,100,2021-05-04 17:17:00,HALO
48.64,48.65,48.64,48.65,532,2021-05-04 17:18:00,HALO
48.63,48.64,48.57,48.62,1600,2021-05-04 17:19:00,HALO
48.605,48.605,48.54,48.54,600,2021-05-04 17:20:00,HALO
48.585,48.585,48.585,48.585,200,2021-05-04 17:21:00,HALO
48.61,48.61,48.57,48.57,700,2021-05-04 17:22:00,HALO
48.58,48.58,48.57,48.57,1061,2021-05-04 17:23:00,HALO
48.6,48.61,48.59,48.59,1200,2021-05-04 17:24:00,HALO
48.595,48.64,48.595,48.64,590,2021-05-04 17:25:00,HALO
48.64,48.67,48.61,48.61,1300,2021-05-04 17:26:00,HALO
48.61,48.615,48.59,48.615,793,2021-05-04 17:27:00,HALO
48.59,48.61,48.55,48.55,424,2021-05-04 17:28:00,HALO
48.56,48.62,48.56,48.59,700,2021-05-04 17:29:00,HALO
48.57,48.575,48.56,48.575,300,2021-05-04 17:30:00,HALO
48.51,48.51,48.51,48.51,300,2021-05-04 17:32:00,HALO
48.53,48.54,48.52,48.54,2272,2021-05-04 17:33:00,HALO
48.55,48.55,48.55,48.55,300,2021-05-04 17:34:00,HALO
48.535,48.535,48.52,48.52,300,2021-05-04 17:35:00,HALO
48.53,48.53,48.45,48.475,800,2021-05-04 17:36:00,HALO
48.5,48.5,48.5,48.5,100,2021-05-04 17:37:00,HALO
48.48,48.48,48.46,48.46,700,2021-05-04 17:38:00,HALO
48.45,48.45,48.43,48.43,400,2021-05-04 17:39:00,HALO
48.466,48.4786,48.41,48.41,523,2021-05-04 17:40:00,HALO
48.41,48.45,48.41,48.45,972,2021-05-04 17:41:00,HALO
48.36,48.36,48.36,48.36,100,2021-05-04 17:44:00,HALO
48.36,48.37,48.34,48.37,1264,2021-05-04 17:45:00,HALO
48.38,48.39,48.29,48.32,1997,2021-05-04 17:46:00,HALO
48.37,48.41,48.36,48.41,700,2021-05-04 17:47:00,HALO
48.42,48.42,48.4,48.4,300,2021-05-04 17:48:00,HALO
48.41,48.41,48.41,48.41,100,2021-05-04 17:49:00,HALO
48.38,48.38,48.35,48.36,500,2021-05-04 17:50:00,HALO
48.32,48.33,48.29,48.33,500,2021-05-04 17:51:00,HALO
48.35,48.35,48.35,48.35,600,2021-05-04 17:52:00,HALO
48.3,48.3,48.28,48.29,900,2021-05-04 17:53:00,HALO
48.32,48.33,48.3,48.3,300,2021-05-04 17:54:00,HALO
48.29,48.31,48.25,48.31,1400,2021-05-04 17:55:00,HALO
48.33,48.33,48.29,48.29,800,2021-05-04 17:56:00,HALO
48.3,48.36,48.3,48.36,850,2021-05-04 17:57:00,HALO
48.3654,48.3654,48.3,48.3,600,2021-05-04 17:58:00,HALO
48.2858,48.2858,48.2858,48.2858,100,2021-05-04 17:59:00,HALO
48.23,48.24,48.21,48.24,1000,2021-05-04 18:00:00,HALO
48.21,48.22,48.2,48.2,600,2021-05-04 18:01:00,HALO
48.25,48.3,48.25,48.3,600,2021-05-04 18:02:00,HALO
48.26,48.29,48.26,48.29,600,2021-05-04 18:03:00,HALO
48.275,48.275,48.275,48.275,133,2021-05-04 18:04:00,HALO
48.29,48.3,48.22,48.24,1990,2021-05-04 18:05:00,HALO
48.27,48.27,48.24,48.24,600,2021-05-04 18:06:00,HALO
48.23,48.29,48.23,48.29,1617,2021-05-04 18:07:00,HALO
48.32,48.34,48.32,48.34,500,2021-05-04 18:08:00,HALO
48.335,48.36,48.335,48.36,200,2021-05-04 18:09:00,HALO
48.3434,48.3499,48.3,48.3,1519,2021-05-04 18:10:00,HALO
48.3,48.36,48.3,48.36,800,2021-05-04 18:12:00,HALO
48.37,48.43,48.37,48.43,200,2021-05-04 18:13:00,HALO
48.44,48.49,48.44,48.49,625,2021-05-04 18:14:00,HALO
48.48,48.48,48.44,48.44,1290,2021-05-04 18:15:00,HALO
48.48,48.48,48.47,48.47,400,2021-05-04 18:16:00,HALO
48.45,48.46,48.45,48.46,500,2021-05-04 18:18:00,HALO
48.475,48.475,48.475,48.475,100,2021-05-04 18:19:00,HALO
48.45,48.45,48.43,48.43,500,2021-05-04 18:20:00,HALO
48.46,48.46,48.44,48.44,600,2021-05-04 18:21:00,HALO
48.47,48.48,48.4,48.43,1600,2021-05-04 18:22:00,HALO
48.43,48.43,48.42,48.42,400,2021-05-04 18:23:00,HALO
48.445,48.445,48.35,48.35,1248,2021-05-04 18:25:00,HALO
48.39,48.39,48.29,48.29,900,2021-05-04 18:27:00,HALO
48.32,48.33,48.29,48.29,600,2021-05-04 18:28:00,HALO
48.31,48.31,48.29,48.29,400,2021-05-04 18:29:00,HALO
48.275,48.35,48.275,48.35,800,2021-05-04 18:30:00,HALO
48.38,48.38,48.35,48.37,600,2021-05-04 18:32:00,HALO
48.31,48.31,48.3,48.3,300,2021-05-04 18:33:00,HALO
48.31,48.34,48.31,48.31,300,2021-05-04 18:34:00,HALO
48.34,48.34,48.33,48.33,300,2021-05-04 18:35:00,HALO
48.33,48.36,48.33,48.36,500,2021-05-04 18:36:00,HALO
48.32,48.32,48.3,48.3,300,2021-05-04 18:37:00,HALO
48.23,48.25,48.225,48.25,800,2021-05-04 18:38:00,HALO
48.23,48.23,48.2,48.22,1600,2021-05-04 18:39:00,HALO
48.23,48.28,48.23,48.24,1369,2021-05-04 18:40:00,HALO
48.27,48.27,48.22,48.22,208,2021-05-04 18:41:00,HALO
48.25,48.29,48.25,48.29,400,2021-05-04 18:42:00,HALO
48.28,48.28,48.28,48.28,200,2021-05-04 18:43:00,HALO
48.28,48.28,48.28,48.28,600,2021-05-04 18:44:00,HALO
48.31,48.37,48.31,48.32,1900,2021-05-04 18:45:00,HALO
48.36,48.37,48.265,48.3,1600,2021-05-04 18:47:00,HALO
48.32,48.32,48.3,48.3,200,2021-05-04 18:48:00,HALO
48.2915,48.32,48.2915,48.315,2450,2021-05-04 18:49:00,HALO
48.33,48.34,48.31,48.31,800,2021-05-04 18:50:00,HALO
48.33,48.36,48.33,48.34,600,2021-05-04 18:51:00,HALO
48.38,48.39,48.38,48.39,200,2021-05-04 18:52:00,HALO
48.35,48.36,48.35,48.35,400,2021-05-04 18:53:00,HALO
48.36,48.36,48.36,48.36,400,2021-05-04 18:54:00,HALO
48.38,48.38,48.38,48.38,400,2021-05-04 18:55:00,HALO
48.375,48.39,48.36,48.39,700,2021-05-04 18:56:00,HALO
48.36,48.37,48.35,48.35,900,2021-05-04 18:57:00,HALO
48.35,48.36,48.3,48.31,3326,2021-05-04 18:58:00,HALO
48.295,48.31,48.29,48.31,500,2021-05-04 18:59:00,HALO
48.33,48.35,48.28,48.34,7307,2021-05-04 19:00:00,HALO
48.33,48.37,48.33,48.37,200,2021-05-04 19:01:00,HALO
48.35,48.38,48.35,48.38,1900,2021-05-04 19:02:00,HALO
48.4,48.45,48.4,48.45,600,2021-05-04 19:03:00,HALO
48.44,48.44,48.42,48.43,1601,2021-05-04 19:04:00,HALO
48.4,48.4,48.365,48.365,400,2021-05-04 19:05:00,HALO
48.34,48.42,48.34,48.42,700,2021-05-04 19:06:00,HALO
48.37,48.41,48.37,48.41,1500,2021-05-04 19:07:00,HALO
48.4,48.41,48.4,48.41,1100,2021-05-04 19:08:00,HALO
48.42,48.465,48.42,48.465,800,2021-05-04 19:09:00,HALO
48.49,48.53,48.49,48.51,1700,2021-05-04 19:10:00,HALO
48.46,48.46,48.46,48.46,500,2021-05-04 19:11:00,HALO
48.45,48.46,48.42,48.42,974,2021-05-04 19:12:00,HALO
48.45,48.48,48.435,48.48,900,2021-05-04 19:14:00,HALO
48.48,48.51,48.47,48.48,2200,2021-05-04 19:15:00,HALO
48.48,48.52,48.48,48.515,1600,2021-05-04 19:16:00,HALO
48.48,48.48,48.48,48.48,100,2021-05-04 19:17:00,HALO
48.51,48.51,48.48,48.5,400,2021-05-04 19:18:00,HALO
48.49,48.49,48.45,48.47,2600,2021-05-04 19:19:00,HALO
48.47,48.47,48.42,48.42,400,2021-05-04 19:20:00,HALO
48.44,48.46,48.44,48.455,400,2021-05-04 19:21:00,HALO
48.43,48.43,48.4,48.41,1700,2021-05-04 19:22:00,HALO
48.4,48.4,48.4,48.4,200,2021-05-04 19:23:00,HALO
48.41,48.41,48.38,48.38,600,2021-05-04 19:24:00,HALO
48.36,48.42,48.35,48.39,8800,2021-05-04 19:25:00,HALO
48.36,48.36,48.36,48.36,500,2021-05-04 19:26:00,HALO
48.355,48.355,48.34,48.35,1200,2021-05-04 19:27:00,HALO
48.37,48.39,48.36,48.38,1611,2021-05-04 19:28:00,HALO
48.4,48.4,48.36,48.36,500,2021-05-04 19:29:00,HALO
48.395,48.395,48.38,48.38,300,2021-05-04 19:30:00,HALO
48.37,48.4,48.37,48.39,1836,2021-05-04 19:31:00,HALO
48.39,48.39,48.37,48.375,1818,2021-05-04 19:32:00,HALO
48.37,48.44,48.36,48.44,3000,2021-05-04 19:33:00,HALO
48.44,48.46,48.44,48.46,1263,2021-05-04 19:34:00,HALO
48.5,48.53,48.5,48.51,2200,2021-05-04 19:35:00,HALO
48.53,48.53,48.5,48.5,1100,2021-05-04 19:36:00,HALO
48.5,48.5,48.15,48.435,19377,2021-05-04 19:37:00,HALO
48.46,48.53,48.46,48.53,2500,2021-05-04 19:38:00,HALO
48.53,48.53,48.515,48.53,600,2021-05-04 19:39:00,HALO
48.535,48.55,48.5,48.5,2289,2021-05-04 19:40:00,HALO
48.5,48.5,48.46,48.47,2083,2021-05-04 19:41:00,HALO
48.46,48.49,48.46,48.475,1600,2021-05-04 19:42:00,HALO
48.47,48.47,48.39,48.41,2823,2021-05-04 19:43:00,HALO
48.425,48.425,48.425,48.425,103,2021-05-04 19:44:00,HALO
48.4,48.4,48.35,48.35,800,2021-05-04 19:45:00,HALO
48.34,48.38,48.34,48.37,1500,2021-05-04 19:46:00,HALO
48.39,48.39,48.315,48.315,2400,2021-05-04 19:47:00,HALO
48.315,48.36,48.315,48.34,2431,2021-05-04 19:48:00,HALO
48.36,48.36,48.32,48.34,3011,2021-05-04 19:49:00,HALO
48.35,48.435,48.3,48.37,7561,2021-05-04 19:50:00,HALO
48.37,48.45,48.365,48.425,1700,2021-05-04 19:51:00,HALO
48.44,48.52,48.44,48.5,5487,2021-05-04 19:52:00,HALO
48.51,48.52,48.49,48.49,3974,2021-05-04 19:53:00,HALO
48.49,48.515,48.39,48.465,5679,2021-05-04 19:54:00,HALO
48.44,48.48,48.41,48.465,6529,2021-05-04 19:55:00,HALO
48.465,48.525,48.44,48.525,10687,2021-05-04 19:56:00,HALO
48.52,48.52,48.46,48.495,49119,2021-05-04 19:57:00,HALO
48.49,48.49,48.45,48.47,10038,2021-05-04 19:58:00,HALO
48.47,48.49,48.43,48.49,14397,2021-05-04 19:59:00,HALO
48.47,48.47,48.47,48.47,103953,2021-05-04 20:00:00,HALO
48.99,48.99,48.99,48.99,100,2021-05-05 11:53:00,HALO
48.21,48.21,48.21,48.21,13178,2021-05-05 13:30:00,HALO
48.455,48.78,48.455,48.59,11000,2021-05-05 13:32:00,HALO
48.56,48.57,48.53,48.53,1323,2021-05-05 13:33:00,HALO
48.6,48.68,48.45,48.58,14754,2021-05-05 13:34:00,HALO
48.7893,48.89,48.42,48.42,900,2021-05-05 13:35:00,HALO
48.27,48.28,48.26,48.28,300,2021-05-05 13:36:00,HALO
48.45,48.45,48.45,48.45,100,2021-05-05 13:37:00,HALO
48.4,48.4,48.27,48.3,1100,2021-05-05 13:38:00,HALO
48.28,48.28,48.15,48.15,897,2021-05-05 13:39:00,HALO
48.32,48.32,48.12,48.12,300,2021-05-05 13:40:00,HALO
48.205,48.205,48.205,48.205,100,2021-05-05 13:41:00,HALO
48.19,48.2,48.19,48.2,200,2021-05-05 13:43:00,HALO
48.3,48.3,48.19,48.19,200,2021-05-05 13:44:00,HALO
48.4,48.44,48.28,48.43,1000,2021-05-05 13:45:00,HALO
48.52,48.55,48.5,48.52,1146,2021-05-05 13:46:00,HALO
48.505,48.505,48.5,48.5,200,2021-05-05 13:47:00,HALO
48.5,48.58,48.49,48.5,3267,2021-05-05 13:48:00,HALO
48.49,48.49,48.46,48.46,1087,2021-05-05 13:49:00,HALO
48.26,48.26,48.26,48.26,100,2021-05-05 13:50:00,HALO
48.25,48.25,48.25,48.25,200,2021-05-05 13:51:00,HALO
48.325,48.335,48.325,48.335,410,2021-05-05 13:52:00,HALO
48.38,48.45,48.38,48.44,1369,2021-05-05 13:53:00,HALO
48.5,48.5,48.45,48.45,1842,2021-05-05 13:54:00,HALO
48.43,48.43,48.34,48.34,200,2021-05-05 13:55:00,HALO
48.4183,48.4183,48.38,48.38,200,2021-05-05 13:56:00,HALO
48.32,48.32,48.32,48.32,100,2021-05-05 13:57:00,HALO
48.31,48.37,48.31,48.36,402,2021-05-05 13:58:00,HALO
48.3,48.3,48.3,48.3,100,2021-05-05 13:59:00,HALO
48.37,48.46,48.36,48.42,1372,2021-05-05 14:01:00,HALO
48.36,48.4,48.28,48.4,450,2021-05-05 14:02:00,HALO
48.32,48.32,48.32,48.32,100,2021-05-05 14:03:00,HALO
48.3,48.3,48.2,48.2,1100,2021-05-05 14:04:00,HALO
48.17,48.2425,48.17,48.2425,300,2021-05-05 14:05:00,HALO
48.205,48.205,48.15,48.15,200,2021-05-05 14:06:00,HALO
48.19,48.27,48.19,48.27,600,2021-05-05 14:08:00,HALO
48.34,48.38,48.34,48.34,700,2021-05-05 14:09:00,HALO
48.32,48.32,48.18,48.3,900,2021-05-05 14:10:00,HALO
48.34,48.34,48.32,48.32,400,2021-05-05 14:11:00,HALO
48.25,48.3,48.25,48.29,500,2021-05-05 14:12:00,HALO
48.3529,48.3529,48.3529,48.3529,162,2021-05-05 14:13:00,HALO
48.3,48.3,48.3,48.3,700,2021-05-05 14:15:00,HALO
48.23,48.26,48.16,48.26,1200,2021-05-05 14:16:00,HALO
48.29,48.295,48.29,48.295,200,2021-05-05 14:17:00,HALO
48.26,48.26,48.12,48.12,610,2021-05-05 14:18:00,HALO
48.195,48.29,48.195,48.29,400,2021-05-05 14:19:00,HALO
48.26,48.26,48.26,48.26,100,2021-05-05 14:22:00,HALO
48.145,48.145,48.14,48.14,251,2021-05-05 14:23:00,HALO
48.22,48.24,48.12,48.16,3538,2021-05-05 14:25:00,HALO
48.18,48.18,48.18,48.18,200,2021-05-05 14:26:00,HALO
48.15,48.15,48.12,48.12,500,2021-05-05 14:27:00,HALO
48.125,48.125,48.125,48.125,100,2021-05-05 14:28:00,HALO
48.1,48.27,48.1,48.27,697,2021-05-05 14:29:00,HALO
48.27,48.27,48.26,48.26,700,2021-05-05 14:30:00,HALO
48.22,48.28,48.21,48.265,1131,2021-05-05 14:31:00,HALO
48.22,48.22,48.19,48.19,707,2021-05-05 14:32:00,HALO
48.205,48.205,48.195,48.195,300,2021-05-05 14:33:00,HALO
48.16,48.16,48.16,48.16,200,2021-05-05 14:34:00,HALO
48.17,48.25,48.17,48.25,2836,2021-05-05 14:35:00,HALO
48.29,48.29,48.29,48.29,200,2021-05-05 14:37:00,HALO
48.28,48.3,48.27,48.3,1037,2021-05-05 14:38:00,HALO
48.26,48.26,48.26,48.26,100,2021-05-05 14:39:00,HALO
48.31,48.31,48.31,48.31,200,2021-05-05 14:40:00,HALO
48.36,48.36,48.36,48.36,100,2021-05-05 14:41:00,HALO
48.43,48.43,48.43,48.43,100,2021-05-05 14:42:00,HALO
48.47,48.52,48.47,48.495,3825,2021-05-05 14:43:00,HALO
48.47,48.47,48.36,48.36,300,2021-05-05 14:44:00,HALO
48.335,48.375,48.335,48.375,400,2021-05-05 14:45:00,HALO
48.34,48.365,48.34,48.365,200,2021-05-05 14:46:00,HALO
48.39,48.4,48.36,48.4,600,2021-05-05 14:47:00,HALO
48.38,48.38,48.3,48.3375,900,2021-05-05 14:48:00,HALO
48.27,48.27,48.21,48.21,320,2021-05-05 14:49:00,HALO
48.32,48.36,48.275,48.34,600,2021-05-05 14:50:00,HALO
48.36,48.36,48.295,48.295,1100,2021-05-05 14:51:00,HALO
48.3062,48.3062,48.28,48.28,200,2021-05-05 14:52:00,HALO
48.275,48.28,48.275,48.28,200,2021-05-05 14:53:00,HALO
48.3,48.3,48.25,48.25,600,2021-05-05 14:54:00,HALO
48.27,48.275,48.255,48.275,900,2021-05-05 14:55:00,HALO
48.25,48.3,48.2,48.255,7606,2021-05-05 14:56:00,HALO
48.27,48.3,48.24,48.25,3304,2021-05-05 14:57:00,HALO
48.27,48.305,48.25,48.3,2653,2021-05-05 14:58:00,HALO
48.34,48.375,48.32,48.32,1095,2021-05-05 14:59:00,HALO
48.29,48.335,48.29,48.335,385,2021-05-05 15:00:00,HALO
48.33,48.35,48.33,48.35,200,2021-05-05 15:01:00,HALO
48.3,48.36,48.29,48.36,2000,2021-05-05 15:02:00,HALO
48.43,48.43,48.43,48.43,400,2021-05-05 15:04:00,HALO
48.46,48.46,48.45,48.45,700,2021-05-05 15:06:00,HALO
48.45,48.45,48.43,48.45,1100,2021-05-05 15:07:00,HALO
48.455,48.455,48.455,48.455,100,2021-05-05 15:08:00,HALO
48.455,48.455,48.455,48.455,100,2021-05-05 15:09:00,HALO
48.47,48.5,48.47,48.48,800,2021-05-05 15:10:00,HALO
48.44,48.45,48.44,48.45,300,2021-05-05 15:11:00,HALO
48.44,48.4859,48.44,48.4859,395,2021-05-05 15:12:00,HALO
48.46,48.505,48.46,48.505,200,2021-05-05 15:13:00,HALO
48.52,48.53,48.52,48.53,1094,2021-05-05 15:14:00,HALO
48.52,48.52,48.52,48.52,100,2021-05-05 15:15:00,HALO
48.55,48.58,48.55,48.58,300,2021-05-05 15:16:00,HALO
48.58,48.58,48.53,48.54,1000,2021-05-05 15:17:00,HALO
48.545,48.545,48.545,48.545,100,2021-05-05 15:18:00,HALO
48.545,48.545,48.51,48.54,800,2021-05-05 15:19:00,HALO
48.58,48.58,48.56,48.56,300,2021-05-05 15:21:00,HALO
48.55,48.55,48.52,48.53,800,2021-05-05 15:24:00,HALO
48.57,48.57,48.53,48.53,972,2021-05-05 15:25:00,HALO
48.52,48.53,48.495,48.495,600,2021-05-05 15:26:00,HALO
48.52,48.52,48.465,48.465,500,2021-05-05 15:27:00,HALO
48.5,48.5,48.5,48.5,800,2021-05-05 15:31:00,HALO
48.52,48.52,48.52,48.52,100,2021-05-05 15:32:00,HALO
48.53,48.55,48.53,48.53,500,2021-05-05 15:33:00,HALO
48.52,48.52,48.52,48.52,900,2021-05-05 15:35:00,HALO
48.52,48.52,48.5,48.51,1000,2021-05-05 15:36:00,HALO
48.51,48.51,48.51,48.51,100,2021-05-05 15:37:00,HALO
48.49,48.51,48.49,48.505,942,2021-05-05 15:38:00,HALO
48.5,48.52,48.49,48.49,1326,2021-05-05 15:39:00,HALO
48.44,48.44,48.44,48.44,100,2021-05-05 15:42:00,HALO
48.42,48.42,48.42,48.42,100,2021-05-05 15:44:00,HALO
48.4,48.4,48.4,48.4,400,2021-05-05 15:46:00,HALO
48.39,48.549,48.39,48.515,12462,2021-05-05 15:48:00,HALO
48.49,48.51,48.49,48.51,800,2021-05-05 15:50:00,HALO
48.51,48.51,48.51,48.51,300,2021-05-05 15:51:00,HALO
48.52,48.53,48.52,48.52,500,2021-05-05 15:52:00,HALO
48.495,48.495,48.495,48.495,200,2021-05-05 15:55:00,HALO
48.51,48.51,48.48,48.51,891,2021-05-05 15:56:00,HALO
48.5,48.52,48.486,48.51,1346,2021-05-05 15:57:00,HALO
48.53,48.54,48.52,48.52,2195,2021-05-05 15:58:00,HALO
48.54,48.54,48.51,48.51,1529,2021-05-05 15:59:00,HALO
48.51,48.51,48.5,48.5,200,2021-05-05 16:00:00,HALO
48.51,48.51,48.49,48.49,400,2021-05-05 16:01:00,HALO
48.5,48.51,48.5,48.5,598,2021-05-05 16:02:00,HALO
48.52,48.52,48.52,48.52,100,2021-05-05 16:03:00,HALO
48.49,48.49,48.47,48.48,978,2021-05-05 16:04:00,HALO
48.5,48.5,48.49,48.49,700,2021-05-05 16:05:00,HALO
48.52,48.54,48.52,48.54,1400,2021-05-05 16:07:00,HALO
48.52,48.52,48.505,48.515,2062,2021-05-05 16:08:00,HALO
48.49,48.49,48.49,48.49,300,2021-05-05 16:10:00,HALO
48.46,48.46,48.46,48.46,894,2021-05-05 16:13:00,HALO
48.48,48.48,48.43,48.43,918,2021-05-05 16:14:00,HALO
48.45,48.46,48.42,48.44,1116,2021-05-05 16:17:00,HALO
48.44,48.44,48.44,48.44,400,2021-05-05 16:19:00,HALO
48.435,48.435,48.435,48.435,100,2021-05-05 16:20:00,HALO
48.435,48.435,48.435,48.435,116,2021-05-05 16:21:00,HALO
48.45,48.48,48.45,48.47,5800,2021-05-05 16:22:00,HALO
48.445,48.445,48.41,48.41,1544,2021-05-05 16:23:00,HALO
48.4,48.4,48.4,48.4,100,2021-05-05 16:24:00,HALO
48.4,48.44,48.4,48.44,1700,2021-05-05 16:25:00,HALO
48.425,48.425,48.425,48.425,100,2021-05-05 16:26:00,HALO
48.45,48.45,48.44,48.45,500,2021-05-05 16:27:00,HALO
48.45,48.49,48.45,48.48,1900,2021-05-05 16:28:00,HALO
48.5,48.52,48.5,48.52,790,2021-05-05 16:29:00,HALO
48.52,48.52,48.52,48.52,800,2021-05-05 16:30:00,HALO
48.54,48.54,48.54,48.54,446,2021-05-05 16:31:00,HALO
48.54,48.56,48.54,48.55,1776,2021-05-05 16:32:00,HALO
48.54,48.54,48.52,48.52,1700,2021-05-05 16:33:00,HALO
48.52,48.52,48.45,48.45,900,2021-05-05 16:34:00,HALO
48.41,48.41,48.41,48.41,100,2021-05-05 16:37:00,HALO
48.44,48.45,48.44,48.45,400,2021-05-05 16:38:00,HALO
48.41,48.41,48.38,48.41,1221,2021-05-05 16:39:00,HALO
48.36,48.36,48.36,48.36,100,2021-05-05 16:41:00,HALO
48.36,48.36,48.34,48.34,300,2021-05-05 16:42:00,HALO
48.345,48.345,48.345,48.345,200,2021-05-05 16:43:00,HALO
48.37,48.38,48.37,48.38,200,2021-05-05 16:44:00,HALO
48.42,48.46,48.42,48.46,200,2021-05-05 16:46:00,HALO
48.5,48.5,48.5,48.5,167,2021-05-05 16:47:00,HALO
48.46,48.47,48.46,48.46,1425,2021-05-05 16:48:00,HALO
48.455,48.455,48.455,48.455,122,2021-05-05 16:49:00,HALO
48.4331,48.4331,48.4331,48.4331,400,2021-05-05 16:55:00,HALO
48.43,48.44,48.43,48.44,1900,2021-05-05 16:56:00,HALO
48.45,48.45,48.44,48.45,600,2021-05-05 16:57:00,HALO
48.44,48.47,48.44,48.47,2865,2021-05-05 16:59:00,HALO
48.46,48.46,48.4248,48.425,6673,2021-05-05 17:00:00,HALO
48.45,48.465,48.45,48.465,200,2021-05-05 17:01:00,HALO
48.44,48.44,48.39,48.39,900,2021-05-05 17:03:00,HALO
48.42,48.43,48.42,48.43,200,2021-05-05 17:05:00,HALO
48.42,48.42,48.41,48.41,200,2021-05-05 17:06:00,HALO
48.4,48.4,48.4,48.4,100,2021-05-05 17:07:00,HALO
48.45,48.45,48.43,48.43,300,2021-05-05 17:08:00,HALO
48.42,48.42,48.42,48.42,100,2021-05-05 17:14:00,HALO
48.425,48.425,48.425,48.425,100,2021-05-05 17:15:00,HALO
48.45,48.45,48.43,48.43,500,2021-05-05 17:17:00,HALO
48.43,48.43,48.43,48.43,100,2021-05-05 17:18:00,HALO
48.42,48.42,48.42,48.42,500,2021-05-05 17:19:00,HALO
48.4,48.4,48.4,48.4,100,2021-05-05 17:21:00,HALO
48.4,48.42,48.4,48.42,200,2021-05-05 17:22:00,HALO
48.43,48.45,48.43,48.43,600,2021-05-05 17:23:00,HALO
48.435,48.435,48.435,48.435,100,2021-05-05 17:25:00,HALO
48.45,48.45,48.435,48.435,200,2021-05-05 17:26:00,HALO
48.46,48.48,48.46,48.475,900,2021-05-05 17:28:00,HALO
48.4611,48.51,48.4611,48.5,1415,2021-05-05 17:29:00,HALO
48.51,48.51,48.5,48.5,400,2021-05-05 17:30:00,HALO
48.52,48.56,48.52,48.56,500,2021-05-05 17:31:00,HALO
48.58,48.58,48.56,48.56,6548,2021-05-05 17:33:00,HALO
48.575,48.575,48.56,48.56,725,2021-05-05 17:34:00,HALO
48.55,48.55,48.55,48.55,400,2021-05-05 17:35:00,HALO
48.565,48.595,48.565,48.58,1000,2021-05-05 17:36:00,HALO
48.58,48.64,48.58,48.61,3000,2021-05-05 17:37:00,HALO
48.615,48.615,48.615,48.615,200,2021-05-05 17:41:00,HALO
48.62,48.62,48.62,48.62,100,2021-05-05 17:42:00,HALO
48.615,48.615,48.59,48.59,3400,2021-05-05 17:44:00,HALO
48.59,48.59,48.52,48.525,4520,2021-05-05 17:45:00,HALO
48.53,48.57,48.53,48.53,1314,2021-05-05 17:46:00,HALO
48.53,48.53,48.45,48.45,646,2021-05-05 17:47:00,HALO
48.475,48.49,48.475,48.49,300,2021-05-05 17:48:00,HALO
48.49,48.5,48.48,48.48,1700,2021-05-05 17:49:00,HALO
48.48,48.5,48.46,48.47,1400,2021-05-05 17:50:00,HALO
48.455,48.47,48.455,48.455,700,2021-05-05 17:51:00,HALO
48.5,48.52,48.47,48.47,4000,2021-05-05 17:52:00,HALO
48.48,48.54,48.48,48.53,3848,2021-05-05 17:53:00,HALO
48.55,48.55,48.5101,48.5101,325,2021-05-05 17:54:00,HALO
48.525,48.57,48.525,48.57,1000,2021-05-05 17:55:00,HALO
48.58,48.595,48.57,48.57,700,2021-05-05 17:56:00,HALO
48.57,48.58,48.53,48.53,1400,2021-05-05 17:57:00,HALO
48.55,48.55,48.55,48.55,100,2021-05-05 17:59:00,HALO
48.57,48.57,48.555,48.555,200,2021-05-05 18:00:00,HALO
48.53,48.54,48.51,48.51,1200,2021-05-05 18:02:00,HALO
48.4805,48.4805,48.4805,48.4805,523,2021-05-05 18:03:00,HALO
48.47,48.47,48.44,48.46,300,2021-05-05 18:04:00,HALO
48.48,48.48,48.48,48.48,100,2021-05-05 18:05:00,HALO
48.45,48.45,48.42,48.42,300,2021-05-05 18:06:00,HALO
48.47,48.47,48.445,48.445,200,2021-05-05 18:08:00,HALO
48.445,48.445,48.445,48.445,100,2021-05-05 18:10:00,HALO
48.48,48.49,48.48,48.48,400,2021-05-05 18:11:00,HALO
48.49,48.5,48.49,48.5,750,2021-05-05 18:12:00,HALO
48.44,48.47,48.44,48.47,700,2021-05-05 18:13:00,HALO
48.41,48.41,48.41,48.41,100,2021-05-05 18:14:00,HALO
48.44,48.44,48.44,48.44,100,2021-05-05 18:15:00,HALO
48.44,48.44,48.44,48.44,100,2021-05-05 18:16:00,HALO
48.41,48.41,48.4,48.41,4473,2021-05-05 18:17:00,HALO
48.39,48.43,48.39,48.43,500,2021-05-05 18:18:00,HALO
48.41,48.415,48.39,48.4,1223,2021-05-05 18:19:00,HALO
48.38,48.38,48.38,48.38,100,2021-05-05 18:20:00,HALO
48.405,48.405,48.405,48.405,100,2021-05-05 18:21:00,HALO
48.39,48.39,48.39,48.39,100,2021-05-05 18:22:00,HALO
48.405,48.405,48.405,48.405,100,2021-05-05 18:23:00,HALO
48.4143,48.4143,48.39,48.405,1200,2021-05-05 18:24:00,HALO
48.405,48.405,48.38,48.38,1516,2021-05-05 18:25:00,HALO
48.38,48.39,48.35,48.39,3861,2021-05-05 18:26:00,HALO
48.4,48.44,48.4,48.44,500,2021-05-05 18:27:00,HALO
48.44,48.47,48.44,48.47,400,2021-05-05 18:28:00,HALO
48.455,48.4575,48.455,48.455,400,2021-05-05 18:30:00,HALO
48.455,48.455,48.43,48.43,810,2021-05-05 18:31:00,HALO
48.43,48.435,48.4,48.42,2134,2021-05-05 18:32:00,HALO
48.43,48.44,48.43,48.44,500,2021-05-05 18:33:00,HALO
48.43,48.43,48.43,48.43,100,2021-05-05 18:34:00,HALO
48.43,48.43,48.43,48.43,100,2021-05-05 18:36:00,HALO
48.43,48.43,48.41,48.41,300,2021-05-05 18:37:00,HALO
48.45,48.45,48.4323,48.4323,428,2021-05-05 18:38:00,HALO
48.43,48.43,48.43,48.43,100,2021-05-05 18:39:00,HALO
48.43,48.45,48.42,48.42,300,2021-05-05 18:40:00,HALO
48.43,48.43,48.39,48.39,3300,2021-05-05 18:41:00,HALO
48.39,48.43,48.39,48.4,300,2021-05-05 18:43:00,HALO
48.415,48.415,48.39,48.39,500,2021-05-05 18:44:00,HALO
48.39,48.39,48.39,48.39,200,2021-05-05 18:45:00,HALO
48.38,48.405,48.38,48.405,300,2021-05-05 18:46:00,HALO
48.405,48.405,48.405,48.405,100,2021-05-05 18:47:00,HALO
48.405,48.405,48.405,48.405,100,2021-05-05 18:48:00,HALO
48.405,48.43,48.37,48.37,5079,2021-05-05 18:49:00,HALO
48.35,48.38,48.35,48.38,800,2021-05-05 18:50:00,HALO
48.33,48.33,48.33,48.33,100,2021-05-05 18:51:00,HALO
48.31,48.345,48.31,48.345,300,2021-05-05 18:52:00,HALO
48.31,48.31,48.21,48.21,1100,2021-05-05 18:53:00,HALO
48.26,48.34,48.26,48.33,1700,2021-05-05 18:54:00,HALO
48.31,48.31,48.29,48.31,400,2021-05-05 18:55:00,HALO
48.33,48.33,48.33,48.33,100,2021-05-05 18:56:00,HALO
48.3,48.3,48.27,48.27,800,2021-05-05 18:57:00,HALO
48.27,48.27,48.13,48.13,500,2021-05-05 18:58:00,HALO
48.12,48.16,48.12,48.16,200,2021-05-05 18:59:00,HALO
48.12,48.12,48.065,48.11,2672,2021-05-05 19:00:00,HALO
48.14,48.16,48.08,48.08,974,2021-05-05 19:01:00,HALO
48.06,48.06,48.0,48.0,200,2021-05-05 19:02:00,HALO
47.95,48.04,47.95,48.03,2994,2021-05-05 19:03:00,HALO
48.01,48.01,47.99,47.99,900,2021-05-05 19:04:00,HALO
48.02,48.13,48.02,48.075,1650,2021-05-05 19:05:00,HALO
48.07,48.07,48.055,48.055,300,2021-05-05 19:06:00,HALO
48.0,48.0,47.99,47.99,300,2021-05-05 19:07:00,HALO
47.96,47.96,47.91,47.91,700,2021-05-05 19:08:00,HALO
47.94,47.99,47.93,47.93,800,2021-05-05 19:09:00,HALO
47.86,47.86,47.86,47.86,200,2021-05-05 19:10:00,HALO
47.89,47.94,47.89,47.93,700,2021-05-05 19:11:00,HALO
47.91,47.91,47.82,47.82,800,2021-05-05 19:12:00,HALO
47.85,47.85,47.755,47.805,1803,2021-05-05 19:13:00,HALO
47.8,47.8,47.8,47.8,300,2021-05-05 19:14:00,HALO
47.75,47.75,47.7,47.7,600,2021-05-05 19:15:00,HALO
47.645,47.75,47.645,47.735,3340,2021-05-05 19:16:00,HALO
47.66,47.66,47.61,47.61,550,2021-05-05 19:17:00,HALO
47.67,47.705,47.66,47.705,400,2021-05-05 19:18:00,HALO
47.69,47.69,47.65,47.65,700,2021-05-05 19:19:00,HALO
47.69,47.73,47.69,47.71,600,2021-05-05 19:20:00,HALO
47.74,47.75,47.71,47.71,500,2021-05-05 19:21:00,HALO
47.66,47.66,47.61,47.61,300,2021-05-05 19:22:00,HALO
47.59,47.66,47.59,47.63,1263,2021-05-05 19:23:00,HALO
47.625,47.64,47.59,47.625,1826,2021-05-05 19:24:00,HALO
47.645,47.645,47.46,47.48,2700,2021-05-05 19:25:00,HALO
47.52,47.68,47.52,47.68,1903,2021-05-05 19:26:00,HALO
47.675,47.69,47.675,47.69,200,2021-05-05 19:27:00,HALO
47.73,47.76,47.72,47.73,2059,2021-05-05 19:28:00,HALO
47.71,47.74,47.7,47.74,900,2021-05-05 19:29:00,HALO
47.75,47.75,47.69,47.7,2190,2021-05-05 19:30:00,HALO
47.7,47.75,47.67,47.75,500,2021-05-05 19:31:00,HALO
47.78,47.83,47.78,47.82,1300,2021-05-05 19:32:00,HALO
47.86,47.895,47.86,47.895,400,2021-05-05 19:33:00,HALO
47.88,47.91,47.87,47.9,3865,2021-05-05 19:34:00,HALO
47.92,47.92,47.875,47.89,1800,2021-05-05 19:35:00,HALO
47.8891,47.915,47.87,47.8932,3972,2021-05-05 19:36:00,HALO
47.87,47.895,47.87,47.885,900,2021-05-05 19:37:00,HALO
47.89,47.98,47.89,47.98,2800,2021-05-05 19:38:00,HALO
47.96,47.96,47.87,47.87,1715,2021-05-05 19:39:00,HALO
47.87,47.92,47.85,47.92,1400,2021-05-05 19:40:00,HALO
47.92,48.01,47.91,47.99,1594,2021-05-05 19:41:00,HALO
47.99,48.02,47.96,47.96,1193,2021-05-05 19:42:00,HALO
47.955,47.955,47.95,47.95,600,2021-05-05 19:43:00,HALO
47.94,47.965,47.94,47.95,1350,2021-05-05 19:44:00,HALO
47.95,47.96,47.93,47.96,300,2021-05-05 19:45:00,HALO
47.93,47.95,47.925,47.925,2488,2021-05-05 19:46:00,HALO
47.925,47.96,47.925,47.95,700,2021-05-05 19:47:00,HALO
47.95,47.95,47.91,47.93,2550,2021-05-05 19:48:00,HALO
47.93,47.93,47.86,47.86,2096,2021-05-05 19:49:00,HALO
47.81,47.81,47.76,47.81,2036,2021-05-05 19:50:00,HALO
47.81,47.83,47.77,47.805,2297,2021-05-05 19:51:00,HALO
47.83,47.84,47.8,47.825,1700,2021-05-05 19:52:00,HALO
47.84,47.87,47.82,47.87,1300,2021-05-05 19:53:00,HALO
47.875,47.875,47.83,47.87,1650,2021-05-05 19:54:00,HALO
47.89,47.91,47.78,47.8,6595,2021-05-05 19:55:00,HALO
47.805,47.81,47.76,47.76,2000,2021-05-05 19:56:00,HALO
47.79,47.81,47.76,47.81,4800,2021-05-05 19:57:00,HALO
47.81,47.83,47.78,47.78,6516,2021-05-05 19:58:00,HALO
47.795,47.83,47.77,47.8,6811,2021-05-05 19:59:00,HALO
47.81,47.81,47.81,47.81,57793,2021-05-05 20:00:00,HALO
47.81,47.81,47.81,47.81,2426,2021-05-05 20:02:00,HALO
47.81,47.81,47.81,47.81,299,2021-05-05 20:04:00,HALO
47.49,47.49,47.49,47.49,100,2021-05-05 20:16:00,HALO
47.49,47.56,47.49,47.56,5966,2021-05-06 13:30:00,HALO
47.545,47.545,47.2495,47.2495,911,2021-05-06 13:33:00,HALO
47.28,47.28,47.28,47.28,100,2021-05-06 13:34:00,HALO
47.2085,47.2085,47.07,47.07,200,2021-05-06 13:35:00,HALO
47.12,47.3195,47.1,47.31,3246,2021-05-06 13:36:00,HALO
47.4,47.44,47.23,47.36,7094,2021-05-06 13:37:00,HALO
47.29,47.39,47.285,47.39,2398,2021-05-06 13:38:00,HALO
47.25,47.26,47.15,47.22,2200,2021-05-06 13:39:00,HALO
47.22,47.22,47.04,47.1406,7010,2021-05-06 13:40:00,HALO
47.14,47.14,47.03,47.085,1464,2021-05-06 13:41:00,HALO
47.05,47.125,46.979,47.115,14642,2021-05-06 13:42:00,HALO
47.06,47.06,47.03,47.05,700,2021-05-06 13:43:00,HALO
46.91,46.91,46.89,46.89,520,2021-05-06 13:44:00,HALO
46.9,46.985,46.75,46.985,6183,2021-05-06 13:45:00,HALO
46.94,47.01,46.94,47.01,600,2021-05-06 13:46:00,HALO
46.94,46.94,46.94,46.94,204,2021-05-06 13:47:00,HALO
46.95,46.96,46.94,46.94,300,2021-05-06 13:48:00,HALO
46.93,47.02,46.93,47.02,400,2021-05-06 13:49:00,HALO
47.05,47.05,47.05,47.05,100,2021-05-06 13:50:00,HALO
47.15,47.18,47.085,47.092,1100,2021-05-06 13:51:00,HALO
47.1257,47.18,47.1257,47.18,250,2021-05-06 13:52:00,HALO
47.18,47.29,47.05,47.18,3725,2021-05-06 13:53:00,HALO
47.13,47.26,47.13,47.24,1208,2021-05-06 13:54:00,HALO
47.28,47.29,47.13,47.29,800,2021-05-06 13:55:00,HALO
47.31,47.46,47.31,47.37,1600,2021-05-06 13:56:00,HALO
47.39,47.43,47.26,47.26,2900,2021-05-06 13:57:00,HALO
47.31,47.3861,47.275,47.38,1600,2021-05-06 13:58:00,HALO
47.36,47.36,47.26,47.26,1500,2021-05-06 13:59:00,HALO
47.27,47.42,47.1501,47.33,1500,2021-05-06 14:00:00,HALO
47.27,47.38,47.27,47.37,600,2021-05-06 14:01:00,HALO
47.32,47.47,47.32,47.42,600,2021-05-06 14:02:00,HALO
47.39,47.46,47.38,47.46,500,2021-05-06 14:03:00,HALO
47.51,47.51,47.51,47.51,500,2021-05-06 14:04:00,HALO
47.48,47.48,47.37,47.37,1600,2021-05-06 14:05:00,HALO
47.38,47.38,47.28,47.34,2100,2021-05-06 14:06:00,HALO
47.38,47.4,47.33,47.34,7294,2021-05-06 14:07:00,HALO
47.32,47.32,47.26,47.29,700,2021-05-06 14:08:00,HALO
47.3,47.31,47.21,47.21,1100,2021-05-06 14:09:00,HALO
47.23,47.3,47.22,47.25,2076,2021-05-06 14:10:00,HALO
47.15,47.21,47.09,47.21,800,2021-05-06 14:11:00,HALO
47.17,47.22,47.09,47.22,1800,2021-05-06 14:12:00,HALO
47.22,47.22,47.07,47.07,1643,2021-05-06 14:13:00,HALO
47.05,47.1,47.02,47.02,1300,2021-05-06 14:14:00,HALO
47.01,47.03,47.01,47.02,400,2021-05-06 14:15:00,HALO
47.0,47.11,47.0,47.04,2036,2021-05-06 14:16:00,HALO
47.0,47.075,47.0,47.075,13613,2021-05-06 14:17:00,HALO
47.05,47.08,46.95,46.95,1600,2021-05-06 14:18:00,HALO
46.98,47.03,46.92,47.01,1385,2021-05-06 14:19:00,HALO
47.04,47.06,47.01,47.02,1500,2021-05-06 14:20:00,HALO
47.01,47.01,46.94,46.94,1100,2021-05-06 14:21:00,HALO
46.975,47.11,46.975,47.11,800,2021-05-06 14:22:00,HALO
47.16,47.23,47.12,47.2,1950,2021-05-06 14:23:00,HALO
47.21,47.25,47.21,47.25,600,2021-05-06 14:24:00,HALO
47.22,47.255,47.16,47.255,2626,2021-05-06 14:25:00,HALO
47.29,47.34,47.26,47.34,1919,2021-05-06 14:26:00,HALO
47.28,47.28,47.19,47.19,1000,2021-05-06 14:27:00,HALO
47.23,47.23,47.22,47.22,700,2021-05-06 14:28:00,HALO
47.32,47.32,47.28,47.28,900,2021-05-06 14:29:00,HALO
47.29,47.29,47.24,47.24,800,2021-05-06 14:30:00,HALO
47.26,47.27,47.22,47.22,1299,2021-05-06 14:31:00,HALO
47.2,47.25,47.2,47.25,632,2021-05-06 14:32:00,HALO
47.245,47.25,47.21,47.21,2059,2021-05-06 14:33:00,HALO
47.23,47.24,47.23,47.24,379,2021-05-06 14:34:00,HALO
47.29,47.35,47.25,47.35,1752,2021-05-06 14:35:00,HALO
47.31,47.36,47.31,47.36,1100,2021-05-06 14:36:00,HALO
47.395,47.465,47.395,47.46,1800,2021-05-06 14:37:00,HALO
47.46,47.46,47.46,47.46,521,2021-05-06 14:38:00,HALO
47.435,47.51,47.435,47.51,1038,2021-05-06 14:39:00,HALO
47.5,47.5,47.49,47.49,882,2021-05-06 14:40:00,HALO
47.5,47.51,47.48,47.5,1148,2021-05-06 14:41:00,HALO
47.46,47.51,47.46,47.46,1000,2021-05-06 14:42:00,HALO
47.46,47.47,47.46,47.46,500,2021-05-06 14:43:00,HALO
47.42,47.42,47.42,47.42,100,2021-05-06 14:44:00,HALO
47.5,47.55,47.5,47.54,2755,2021-05-06 14:45:00,HALO
47.52,47.545,47.49,47.49,800,2021-05-06 14:46:00,HALO
47.52,47.52,47.42,47.42,600,2021-05-06 14:47:00,HALO
47.41,47.46,47.35,47.4,800,2021-05-06 14:48:00,HALO
47.33,47.33,47.3,47.3,250,2021-05-06 14:49:00,HALO
47.34,47.36,47.29,47.29,1200,2021-05-06 14:50:00,HALO
47.31,47.355,47.31,47.355,600,2021-05-06 14:51:00,HALO
47.4,47.4,47.36,47.38,400,2021-05-06 14:52:00,HALO
47.36,47.36,47.36,47.36,900,2021-05-06 14:53:00,HALO
47.36,47.37,47.33,47.35,1706,2021-05-06 14:55:00,HALO
47.36,47.36,47.36,47.36,100,2021-05-06 14:56:00,HALO
47.32,47.325,47.32,47.325,300,2021-05-06 14:57:00,HALO
47.28,47.28,47.1882,47.1882,300,2021-05-06 14:58:00,HALO
47.26,47.26,47.18,47.19,1700,2021-05-06 14:59:00,HALO
47.18,47.18,47.18,47.18,200,2021-05-06 15:00:00,HALO
47.18,47.18,47.18,47.18,100,2021-05-06 15:01:00,HALO
47.18,47.185,47.175,47.175,500,2021-05-06 15:02:00,HALO
47.15,47.16,47.13,47.13,1100,2021-05-06 15:03:00,HALO
47.15,47.23,47.15,47.23,1850,2021-05-06 15:04:00,HALO
47.2,47.2,47.08,47.08,1993,2021-05-06 15:05:00,HALO
47.0,47.03,46.98,46.98,2993,2021-05-06 15:07:00,HALO
47.02,47.065,47.02,47.065,800,2021-05-06 15:08:00,HALO
47.08,47.12,47.08,47.12,500,2021-05-06 15:09:00,HALO
47.11,47.15,47.08,47.11,1902,2021-05-06 15:10:00,HALO
47.08,47.08,46.8899,46.94,4300,2021-05-06 15:11:00,HALO
46.97,46.975,46.97,46.975,600,2021-05-06 15:12:00,HALO
46.98,46.99,46.92,46.92,1820,2021-05-06 15:13:00,HALO
46.97,47.01,46.97,47.01,1100,2021-05-06 15:14:00,HALO
47.01,47.1,47.01,47.05,575,2021-05-06 15:15:00,HALO
47.035,47.05,47.035,47.05,602,2021-05-06 15:16:00,HALO
47.065,47.13,47.06,47.105,2949,2021-05-06 15:17:00,HALO
47.1,47.125,47.1,47.125,200,2021-05-06 15:18:00,HALO
47.25,47.31,47.25,47.25,3896,2021-05-06 15:19:00,HALO
47.31,47.38,47.31,47.35,500,2021-05-06 15:20:00,HALO
47.5,47.6,47.5,47.6,600,2021-05-06 15:21:00,HALO
47.6,47.6,47.6,47.6,100,2021-05-06 15:23:00,HALO
47.665,47.6675,47.63,47.63,300,2021-05-06 15:24:00,HALO
47.72,47.79,47.63,47.79,1801,2021-05-06 15:25:00,HALO
47.73,47.73,47.7,47.72,1800,2021-05-06 15:26:00,HALO
47.73,47.73,47.65,47.655,1843,2021-05-06 15:27:00,HALO
47.6847,47.6847,47.6847,47.6847,100,2021-05-06 15:28:00,HALO
47.64,47.64,47.64,47.64,100,2021-05-06 15:30:00,HALO
47.605,47.605,47.52,47.53,440,2021-05-06 15:32:00,HALO
47.555,47.555,47.55,47.55,300,2021-05-06 15:33:00,HALO
47.5351,47.63,47.5351,47.63,2135,2021-05-06 15:34:00,HALO
47.66,47.68,47.66,47.68,596,2021-05-06 15:35:00,HALO
47.6895,47.6895,47.6895,47.6895,151,2021-05-06 15:36:00,HALO
47.76,47.78,47.75,47.76,1718,2021-05-06 15:37:00,HALO
47.8,47.8044,47.8,47.8044,459,2021-05-06 15:38:00,HALO
47.8,47.81,47.77,47.79,2760,2021-05-06 15:39:00,HALO
47.82,47.82,47.82,47.82,200,2021-05-06 15:40:00,HALO
47.84,47.84,47.84,47.84,100,2021-05-06 15:41:00,HALO
47.89,47.89,47.8,47.8,1599,2021-05-06 15:42:00,HALO
47.785,47.81,47.785,47.81,400,2021-05-06 15:43:00,HALO
47.8,47.81,47.8,47.81,1835,2021-05-06 15:44:00,HALO
47.7794,47.78,47.7289,47.78,2700,2021-05-06 15:45:00,HALO
47.76,47.77,47.76,47.77,500,2021-05-06 15:46:00,HALO
47.77,47.775,47.77,47.775,900,2021-05-06 15:47:00,HALO
47.73,47.73,47.6606,47.71,2739,2021-05-06 15:48:00,HALO
47.69,47.69,47.63,47.63,2000,2021-05-06 15:49:00,HALO
47.72,47.72,47.7015,47.7015,1300,2021-05-06 15:50:00,HALO
47.74,47.75,47.73,47.75,500,2021-05-06 15:51:00,HALO
47.73,47.77,47.7,47.721,1298,2021-05-06 15:52:00,HALO
47.725,47.7462,47.7009,47.7462,455,2021-05-06 15:53:00,HALO
47.6995,47.6995,47.6995,47.6995,200,2021-05-06 15:54:00,HALO
47.69,47.69,47.66,47.66,200,2021-05-06 15:55:00,HALO
47.63,47.65,47.5728,47.64,4927,2021-05-06 15:56:00,HALO
47.58,47.58,47.58,47.58,400,2021-05-06 15:57:00,HALO
47.61,47.61,47.61,47.61,200,2021-05-06 15:58:00,HALO
47.56,47.56,47.491,47.515,3400,2021-05-06 15:59:00,HALO
47.555,47.555,47.49,47.49,900,2021-05-06 16:00:00,HALO
47.44,47.44,47.35,47.35,2922,2021-05-06 16:01:00,HALO
47.405,47.405,47.405,47.405,100,2021-05-06 16:02:00,HALO
47.37,47.43,47.36,47.43,2250,2021-05-06 16:03:00,HALO
47.41,47.45,47.41,47.45,300,2021-05-06 16:04:00,HALO
47.47,47.47,47.47,47.47,200,2021-05-06 16:05:00,HALO
47.475,47.48,47.41,47.41,973,2021-05-06 16:06:00,HALO
47.38,47.38,47.38,47.38,100,2021-05-06 16:07:00,HALO
47.37,47.38,47.37,47.38,200,2021-05-06 16:08:00,HALO
47.36,47.385,47.33,47.33,700,2021-05-06 16:09:00,HALO
47.34,47.37,47.31,47.31,400,2021-05-06 16:10:00,HALO
47.4,47.42,47.4,47.4,620,2021-05-06 16:11:00,HALO
47.38,47.4,47.38,47.4,800,2021-05-06 16:12:00,HALO
47.38,47.39,47.33,47.33,2200,2021-05-06 16:13:00,HALO
47.2997,47.3,47.24,47.3,1200,2021-05-06 16:14:00,HALO
47.33,47.39,47.33,47.355,1780,2021-05-06 16:15:00,HALO
47.33,47.3301,47.32,47.33,2098,2021-05-06 16:16:00,HALO
47.37,47.41,47.37,47.39,1700,2021-05-06 16:17:00,HALO
47.42,47.42,47.3207,47.33,4394,2021-05-06 16:19:00,HALO
47.33,47.37,47.33,47.36,990,2021-05-06 16:20:00,HALO
47.37,47.4,47.37,47.4,300,2021-05-06 16:21:00,HALO
47.4,47.4,47.39,47.4,1100,2021-05-06 16:22:00,HALO
47.48,47.48,47.46,47.46,1315,2021-05-06 16:23:00,HALO
47.45,47.48,47.45,47.46,300,2021-05-06 16:24:00,HALO
47.48,47.48,47.46,47.47,400,2021-05-06 16:25:00,HALO
47.48,47.48,47.48,47.48,100,2021-05-06 16:26:00,HALO
47.49,47.49,47.49,47.49,100,2021-05-06 16:27:00,HALO
47.47,47.5,47.47,47.47,2194,2021-05-06 16:28:00,HALO
47.465,47.475,47.46,47.46,600,2021-05-06 16:30:00,HALO
47.49,47.52,47.49,47.52,500,2021-05-06 16:32:00,HALO
47.51,47.53,47.51,47.52,1433,2021-05-06 16:34:00,HALO
47.51,47.51,47.48,47.48,1910,2021-05-06 16:35:00,HALO
47.465,47.49,47.465,47.48,800,2021-05-06 16:36:00,HALO
47.49,47.49,47.49,47.49,100,2021-05-06 16:37:00,HALO
47.45,47.49,47.45,47.49,300,2021-05-06 16:38:00,HALO
47.52,47.52,47.4659,47.5,806,2021-05-06 16:40:00,HALO
47.53,47.53,47.53,47.53,100,2021-05-06 16:41:00,HALO
47.5,47.5296,47.5,47.5296,367,2021-05-06 16:42:00,HALO
47.495,47.495,47.49,47.49,200,2021-05-06 16:43:00,HALO
47.495,47.51,47.495,47.51,300,2021-05-06 16:44:00,HALO
47.5,47.51,47.5,47.5,4650,2021-05-06 16:45:00,HALO
47.51,47.51,47.49,47.49,400,2021-05-06 16:46:00,HALO
47.49,47.5,47.49,47.495,300,2021-05-06 16:47:00,HALO
47.51,47.54,47.48,47.52,1884,2021-05-06 16:48:00,HALO
47.51,47.54,47.5,47.53,2520,2021-05-06 16:49:00,HALO
47.55,47.56,47.55,47.56,400,2021-05-06 16:50:00,HALO
47.55,47.59,47.55,47.59,600,2021-05-06 16:51:00,HALO
47.56,47.57,47.56,47.57,400,2021-05-06 16:52:00,HALO
47.55,47.55,47.51,47.53,2628,2021-05-06 16:53:00,HALO
47.5,47.58,47.5,47.58,900,2021-05-06 16:54:00,HALO
47.56,47.6,47.56,47.6,700,2021-05-06 16:56:00,HALO
47.61,47.61,47.59,47.59,200,2021-05-06 16:59:00,HALO
47.6,47.63,47.59,47.63,400,2021-05-06 17:01:00,HALO
47.62,47.63,47.59,47.595,3019,2021-05-06 17:02:00,HALO
47.6,47.6,47.6,47.6,200,2021-05-06 17:03:00,HALO
47.605,47.605,47.56,47.575,1407,2021-05-06 17:04:00,HALO
47.47,47.52,47.47,47.52,700,2021-05-06 17:07:00,HALO
47.52,47.61,47.52,47.61,1303,2021-05-06 17:09:00,HALO
47.56,47.56,47.56,47.56,823,2021-05-06 17:10:00,HALO
47.53,47.57,47.53,47.55,1757,2021-05-06 17:11:00,HALO
47.54,47.54,47.54,47.54,200,2021-05-06 17:12:00,HALO
47.53,47.55,47.52,47.55,800,2021-05-06 17:13:00,HALO
47.55,47.55,47.49,47.49,3605,2021-05-06 17:14:00,HALO
47.49,47.52,47.49,47.52,200,2021-05-06 17:15:00,HALO
47.5,47.5,47.49,47.4946,300,2021-05-06 17:16:00,HALO
47.5,47.5,47.44,47.44,1532,2021-05-06 17:17:00,HALO
47.4695,47.4695,47.44,47.44,428,2021-05-06 17:18:00,HALO
47.415,47.415,47.415,47.415,171,2021-05-06 17:19:00,HALO
47.39,47.41,47.39,47.41,800,2021-05-06 17:20:00,HALO
47.45,47.455,47.42,47.455,500,2021-05-06 17:21:00,HALO
47.44,47.44,47.44,47.44,100,2021-05-06 17:23:00,HALO
47.41,47.47,47.39,47.43,1300,2021-05-06 17:24:00,HALO
47.49,47.49,47.49,47.49,276,2021-05-06 17:25:00,HALO
47.52,47.54,47.52,47.53,1857,2021-05-06 17:26:00,HALO
47.58,47.58,47.55,47.55,400,2021-05-06 17:27:00,HALO
47.545,47.545,47.51,47.51,1710,2021-05-06 17:28:00,HALO
47.49,47.49,47.49,47.49,200,2021-05-06 17:29:00,HALO
47.5013,47.55,47.5013,47.55,553,2021-05-06 17:30:00,HALO
47.54,47.54,47.54,47.54,100,2021-05-06 17:31:00,HALO
47.56,47.56,47.56,47.56,200,2021-05-06 17:32:00,HALO
47.59,47.61,47.59,47.59,800,2021-05-06 17:33:00,HALO
47.58,47.58,47.58,47.58,400,2021-05-06 17:34:00,HALO
47.55,47.55,47.55,47.55,200,2021-05-06 17:35:00,HALO
47.5588,47.61,47.5588,47.61,508,2021-05-06 17:36:00,HALO
47.56,47.56,47.54,47.54,2762,2021-05-06 17:39:00,HALO
47.545,47.545,47.545,47.545,100,2021-05-06 17:40:00,HALO
47.505,47.505,47.47,47.47,800,2021-05-06 17:41:00,HALO
47.44,47.45,47.42,47.45,500,2021-05-06 17:42:00,HALO
47.46,47.5,47.46,47.48,4533,2021-05-06 17:43:00,HALO
47.49,47.49,47.41,47.41,798,2021-05-06 17:44:00,HALO
47.38,47.3999,47.38,47.3999,667,2021-05-06 17:45:00,HALO
47.35,47.35,47.35,47.35,200,2021-05-06 17:46:00,HALO
47.365,47.365,47.29,47.3087,881,2021-05-06 17:47:00,HALO
47.31,47.365,47.31,47.34,700,2021-05-06 17:49:00,HALO
47.34,47.34,47.34,47.34,500,2021-05-06 17:50:00,HALO
47.38,47.38,47.37,47.37,200,2021-05-06 17:51:00,HALO
47.32,47.32,47.32,47.32,200,2021-05-06 17:52:00,HALO
47.34,47.34,47.34,47.34,200,2021-05-06 17:53:00,HALO
47.36,47.38,47.305,47.32,4027,2021-05-06 17:54:00,HALO
47.28,47.3,47.28,47.295,765,2021-05-06 17:55:00,HALO
47.27,47.27,47.25,47.25,500,2021-05-06 17:56:00,HALO
47.3,47.3,47.3,47.3,100,2021-05-06 17:57:00,HALO
47.21,47.21,47.17,47.17,200,2021-05-06 17:58:00,HALO
47.19,47.19,47.19,47.19,300,2021-05-06 17:59:00,HALO
47.24,47.255,47.22,47.24,1989,2021-05-06 18:00:00,HALO
47.18,47.24,47.18,47.24,300,2021-05-06 18:02:00,HALO
47.2412,47.2412,47.21,47.21,400,2021-05-06 18:03:00,HALO
47.18,47.22,47.18,47.22,1100,2021-05-06 18:04:00,HALO
47.23,47.24,47.22,47.24,594,2021-05-06 18:06:00,HALO
47.24,47.24,47.17,47.17,1704,2021-05-06 18:07:00,HALO
47.18,47.21,47.18,47.18,656,2021-05-06 18:08:00,HALO
47.18,47.22,47.16,47.19,9248,2021-05-06 18:10:00,HALO
47.23,47.24,47.23,47.24,200,2021-05-06 18:11:00,HALO
47.29,47.29,47.145,47.2,3100,2021-05-06 18:12:00,HALO
47.23,47.28,47.23,47.28,300,2021-05-06 18:13:00,HALO
47.3694,47.3694,47.3694,47.3694,100,2021-05-06 18:14:00,HALO
47.37,47.37,47.3151,47.34,1000,2021-05-06 18:15:00,HALO
47.34,47.34,47.33,47.33,301,2021-05-06 18:16:00,HALO
47.36,47.37,47.36,47.37,400,2021-05-06 18:17:00,HALO
47.35,47.35,47.31,47.31,2071,2021-05-06 18:18:00,HALO
47.27,47.35,47.27,47.31,400,2021-05-06 18:19:00,HALO
47.31,47.31,47.19,47.19,1750,2021-05-06 18:20:00,HALO
47.225,47.26,47.21,47.22,1100,2021-05-06 18:21:00,HALO
47.23,47.23,47.23,47.23,100,2021-05-06 18:22:00,HALO
47.235,47.24,47.235,47.24,537,2021-05-06 18:23:00,HALO
47.19,47.24,47.17,47.24,2317,2021-05-06 18:24:00,HALO
47.24,47.25,47.19,47.21,1728,2021-05-06 18:25:00,HALO
47.19,47.19,47.19,47.19,100,2021-05-06 18:26:00,HALO
47.16,47.16,47.12,47.14,920,2021-05-06 18:27:00,HALO
47.13,47.13,47.075,47.075,850,2021-05-06 18:28:00,HALO
47.065,47.1,47.065,47.09,400,2021-05-06 18:29:00,HALO
47.08,47.09,47.08,47.09,200,2021-05-06 18:30:00,HALO
47.1,47.1,47.0,47.0,2390,2021-05-06 18:31:00,HALO
46.96,47.0025,46.94,46.94,500,2021-05-06 18:32:00,HALO
46.94,46.96,46.93,46.96,400,2021-05-06 18:33:00,HALO
46.96,46.97,46.96,46.97,200,2021-05-06 18:34:00,HALO
46.97,46.979,46.94,46.979,1100,2021-05-06 18:35:00,HALO
46.948,46.948,46.86,46.94,3354,2021-05-06 18:36:00,HALO
46.86,46.88,46.84,46.88,1212,2021-05-06 18:37:00,HALO
46.83,46.85,46.81,46.81,1701,2021-05-06 18:38:00,HALO
46.81,46.81,46.76,46.81,1200,2021-05-06 18:39:00,HALO
46.81,46.85,46.8,46.8078,4627,2021-05-06 18:40:00,HALO
46.805,46.805,46.805,46.805,100,2021-05-06 18:41:00,HALO
46.8,46.83,46.75,46.805,700,2021-05-06 18:42:00,HALO
46.778,46.8,46.778,46.8,964,2021-05-06 18:43:00,HALO
46.795,46.795,46.795,46.795,100,2021-05-06 18:44:00,HALO
46.82,46.85,46.82,46.83,1306,2021-05-06 18:45:00,HALO
46.84,46.86,46.83,46.86,646,2021-05-06 18:46:00,HALO
46.87,46.87,46.87,46.87,400,2021-05-06 18:47:00,HALO
46.84,46.86,46.83,46.86,1600,2021-05-06 18:48:00,HALO
46.884,46.884,46.86,46.88,700,2021-05-06 18:49:00,HALO
46.87,46.89,46.85,46.86,1202,2021-05-06 18:50:00,HALO
46.84,46.88,46.82,46.88,2498,2021-05-06 18:51:00,HALO
46.9,46.92,46.88,46.9,1400,2021-05-06 18:52:00,HALO
46.88,46.88,46.87,46.87,1000,2021-05-06 18:53:00,HALO
46.88,46.8825,46.87,46.87,400,2021-05-06 18:54:00,HALO
46.86,46.88,46.84,46.88,1200,2021-05-06 18:55:00,HALO
46.88,46.9,46.87,46.87,600,2021-05-06 18:56:00,HALO
46.87,46.87,46.77,46.77,2400,2021-05-06 18:57:00,HALO
46.76,46.79,46.76,46.79,300,2021-05-06 18:58:00,HALO
46.795,46.81,46.795,46.81,800,2021-05-06 18:59:00,HALO
46.79,46.86,46.79,46.86,800,2021-05-06 19:00:00,HALO
46.86,46.89,46.86,46.87,2650,2021-05-06 19:01:00,HALO
46.85,46.89,46.85,46.89,562,2021-05-06 19:02:00,HALO
46.905,46.93,46.9,46.93,800,2021-05-06 19:03:00,HALO
46.95,46.95,46.93,46.95,500,2021-05-06 19:04:00,HALO
46.95,46.96,46.93,46.93,3229,2021-05-06 19:05:00,HALO
46.96,46.96,46.94,46.94,300,2021-05-06 19:06:00,HALO
46.92,46.92,46.92,46.92,900,2021-05-06 19:07:00,HALO
46.92,46.97,46.9,46.9,2886,2021-05-06 19:08:00,HALO
46.9041,46.98,46.9041,46.98,700,2021-05-06 19:09:00,HALO
46.9996,46.9996,46.98,46.98,210,2021-05-06 19:10:00,HALO
46.97,46.97,46.93,46.94,1906,2021-05-06 19:11:00,HALO
46.97,47.0,46.96,47.0,1990,2021-05-06 19:12:00,HALO
46.995,47.0,46.9827,46.99,940,2021-05-06 19:13:00,HALO
46.99,47.0,46.96,46.995,2135,2021-05-06 19:14:00,HALO
46.98,47.01,46.98,47.0,1000,2021-05-06 19:15:00,HALO
46.99,47.01,46.97,47.0,1200,2021-05-06 19:16:00,HALO
47.0,47.02,46.97,46.97,2185,2021-05-06 19:17:00,HALO
46.97,46.97,46.93,46.955,2200,2021-05-06 19:18:00,HALO
46.94,47.0,46.94,47.0,600,2021-05-06 19:19:00,HALO
47.0,47.01,46.98,47.0,1800,2021-05-06 19:20:00,HALO
47.01,47.07,47.01,47.04,1500,2021-05-06 19:21:00,HALO
47.049,47.061,46.99,47.04,4604,2021-05-06 19:22:00,HALO
47.04,47.04,47.0,47.0,1399,2021-05-06 19:23:00,HALO
47.0,47.055,47.0,47.055,1997,2021-05-06 19:24:00,HALO
47.06,47.06,47.04,47.06,300,2021-05-06 19:25:00,HALO
47.06,47.12,47.04,47.12,2982,2021-05-06 19:26:00,HALO
47.12,47.16,47.12,47.16,900,2021-05-06 19:27:00,HALO
47.16,47.26,47.16,47.26,1805,2021-05-06 19:28:00,HALO
47.26,47.3,47.25,47.26,2867,2021-05-06 19:29:00,HALO
47.27,47.33,47.24,47.29,1900,2021-05-06 19:30:00,HALO
47.29,47.36,47.27,47.36,2586,2021-05-06 19:31:00,HALO
47.37,47.37,47.31,47.35,3897,2021-05-06 19:32:00,HALO
47.32,47.32,47.3,47.3,1100,2021-05-06 19:33:00,HALO
47.33,47.3301,47.31,47.32,1018,2021-05-06 19:34:00,HALO
47.34,47.4,47.34,47.365,2467,2021-05-06 19:35:00,HALO
47.34,47.38,47.31,47.38,2300,2021-05-06 19:36:00,HALO
47.42,47.42,47.405,47.405,540,2021-05-06 19:37:00,HALO
47.41,47.43,47.38,47.43,2437,2021-05-06 19:38:00,HALO
47.41,47.42,47.36,47.38,2300,2021-05-06 19:39:00,HALO
47.39,47.41,47.36,47.365,4317,2021-05-06 19:40:00,HALO
47.39,47.41,47.38,47.41,1600,2021-05-06 19:41:00,HALO
47.4,47.42,47.39,47.41,2900,2021-05-06 19:42:00,HALO
47.41,47.43,47.38,47.38,2835,2021-05-06 19:43:00,HALO
47.41,47.41,47.34,47.35,3100,2021-05-06 19:44:00,HALO
47.37,47.45,47.37,47.45,2501,2021-05-06 19:45:00,HALO
47.48,47.48,47.415,47.42,3595,2021-05-06 19:46:00,HALO
47.42,47.44,47.42,47.44,700,2021-05-06 19:47:00,HALO
47.45,47.51,47.45,47.495,2332,2021-05-06 19:48:00,HALO
47.52,47.55,47.51,47.52,4507,2021-05-06 19:49:00,HALO
47.56,47.61,47.54,47.55,2201,2021-05-06 19:50:00,HALO
47.54,47.56,47.5,47.56,5457,2021-05-06 19:51:00,HALO
47.58,47.62,47.5,47.54,4500,2021-05-06 19:52:00,HALO
47.54,47.57,47.46,47.52,3846,2021-05-06 19:53:00,HALO
47.5,47.61,47.5,47.61,5400,2021-05-06 19:54:00,HALO
47.62,47.65,47.53,47.53,10290,2021-05-06 19:55:00,HALO
47.53,47.56,47.5,47.56,8247,2021-05-06 19:56:00,HALO
47.56,47.6,47.56,47.58,6507,2021-05-06 19:57:00,HALO
47.59,47.63,47.57,47.58,13354,2021-05-06 19:58:00,HALO
47.6,47.74,47.59,47.69,19665,2021-05-06 19:59:00,HALO
47.69,47.69,47.69,47.69,111671,2021-05-06 20:00:00,HALO
47.69,47.69,47.69,47.69,543,2021-05-06 20:03:00,HALO
47.69,47.69,47.69,47.69,2629,2021-05-06 22:05:00,HALO
48.14,48.15,47.42,47.42,11766,2021-05-07 13:30:00,HALO
47.705,47.91,47.705,47.805,1000,2021-05-07 13:31:00,HALO
47.78,48.14,47.78,48.13,1500,2021-05-07 13:32:00,HALO
48.14,48.49,48.13,48.49,1388,2021-05-07 13:33:00,HALO
48.49,48.49,48.28,48.28,400,2021-05-07 13:34:00,HALO
48.215,48.4699,48.11,48.4699,3200,2021-05-07 13:35:00,HALO
48.44,48.6,48.31,48.59,4196,2021-05-07 13:36:00,HALO
48.6,48.77,48.48,48.77,4490,2021-05-07 13:37:00,HALO
48.82,48.82,48.4306,48.4306,3500,2021-05-07 13:38:00,HALO
48.44,48.59,48.4206,48.53,7500,2021-05-07 13:39:00,HALO
48.51,48.68,48.43,48.68,3900,2021-05-07 13:40:00,HALO
48.58,48.85,48.49,48.85,2700,2021-05-07 13:41:00,HALO
48.86,48.86,48.68,48.68,9034,2021-05-07 13:42:00,HALO
48.68,48.7393,48.68,48.68,1326,2021-05-07 13:43:00,HALO
48.67,48.75,48.6,48.75,2300,2021-05-07 13:44:00,HALO
48.76,48.82,48.6,48.7,5441,2021-05-07 13:45:00,HALO
48.77,48.81,48.59,48.595,3440,2021-05-07 13:46:00,HALO
48.39,48.41,48.3,48.3,2571,2021-05-07 13:47:00,HALO
48.3,48.3,48.21,48.3,1112,2021-05-07 13:48:00,HALO
48.335,48.335,48.25,48.25,500,2021-05-07 13:50:00,HALO
48.25,48.25,48.18,48.24,1828,2021-05-07 13:51:00,HALO
48.26,48.34,48.25,48.33,1100,2021-05-07 13:52:00,HALO
48.19,48.19,48.14,48.14,4849,2021-05-07 13:53:00,HALO
47.98,47.98,47.98,47.98,190,2021-05-07 13:55:00,HALO
47.99,48.05,47.99,48.02,800,2021-05-07 13:57:00,HALO
48.04,48.0612,47.93,47.93,2068,2021-05-07 13:58:00,HALO
47.85,47.94,47.85,47.94,400,2021-05-07 13:59:00,HALO
47.92,47.98,47.91,47.91,900,2021-05-07 14:00:00,HALO
47.875,47.94,47.79,47.79,800,2021-05-07 14:01:00,HALO
47.95,47.95,47.89,47.89,1500,2021-05-07 14:02:00,HALO
47.87,47.87,47.85,47.85,500,2021-05-07 14:03:00,HALO
47.94,47.98,47.85,47.87,2368,2021-05-07 14:04:00,HALO
47.85,47.91,47.7602,47.78,2900,2021-05-07 14:05:00,HALO
47.94,47.94,47.81,47.88,300,2021-05-07 14:06:00,HALO
47.88,47.89,47.88,47.89,564,2021-05-07 14:07:00,HALO
47.93,47.99,47.88,47.88,1400,2021-05-07 14:08:00,HALO
47.895,47.93,47.86,47.93,800,2021-05-07 14:09:00,HALO
47.99,48.04,47.98,47.98,700,2021-05-07 14:10:00,HALO
48.02,48.07,48.02,48.0687,1076,2021-05-07 14:11:00,HALO
48.1,48.1,48.04,48.075,600,2021-05-07 14:12:00,HALO
48.065,48.2,48.065,48.16,3468,2021-05-07 14:13:00,HALO
48.165,48.19,48.165,48.19,338,2021-05-07 14:14:00,HALO
48.19,48.26,48.14,48.16,3000,2021-05-07 14:15:00,HALO
48.21,48.22,48.18,48.18,600,2021-05-07 14:16:00,HALO
48.145,48.145,48.145,48.145,100,2021-05-07 14:17:00,HALO
48.17,48.17,48.15,48.16,1420,2021-05-07 14:18:00,HALO
48.2,48.2,48.15,48.17,700,2021-05-07 14:19:00,HALO
48.2199,48.2199,48.2199,48.2199,1000,2021-05-07 14:20:00,HALO
48.13,48.13,48.12,48.12,300,2021-05-07 14:21:00,HALO
48.17,48.185,48.16,48.185,400,2021-05-07 14:22:00,HALO
48.15,48.19,48.13,48.17,997,2021-05-07 14:23:00,HALO
48.17,48.17,48.12,48.12,400,2021-05-07 14:24:00,HALO
48.08,48.1,47.89,48.035,20760,2021-05-07 14:26:00,HALO
48.05,48.05,48.05,48.05,445,2021-05-07 14:28:00,HALO
48.05,48.09,48.05,48.09,953,2021-05-07 14:29:00,HALO
48.05,48.1,48.05,48.1,900,2021-05-07 14:30:00,HALO
48.12,48.15,48.1,48.135,1800,2021-05-07 14:31:00,HALO
48.18,48.18,48.05,48.105,12017,2021-05-07 14:32:00,HALO
48.105,48.105,48.01,48.02,800,2021-05-07 14:33:00,HALO
48.04,48.1,48.04,48.1,600,2021-05-07 14:34:00,HALO
48.09,48.15,48.09,48.1,2322,2021-05-07 14:35:00,HALO
48.06,48.08,48.04,48.08,2200,2021-05-07 14:36:00,HALO
48.13,48.13,48.1,48.105,1004,2021-05-07 14:37:00,HALO
48.08,48.1,48.07,48.1,1700,2021-05-07 14:38:00,HALO
48.13,48.13,48.06,48.06,1900,2021-05-07 14:39:00,HALO
48.12,48.12,48.09,48.09,900,2021-05-07 14:40:00,HALO
48.09,48.12,48.08,48.08,1800,2021-05-07 14:41:00,HALO
48.1,48.13,48.1,48.13,3200,2021-05-07 14:42:00,HALO
48.13,48.16,48.09,48.16,3500,2021-05-07 14:43:00,HALO
48.15,48.19,48.14,48.19,2391,2021-05-07 14:44:00,HALO
48.18,48.24,48.15,48.21,1700,2021-05-07 14:45:00,HALO
48.205,48.25,48.15,48.25,2200,2021-05-07 14:46:00,HALO
48.24,48.24,48.19,48.19,1100,2021-05-07 14:47:00,HALO
48.19,48.19,48.11,48.11,300,2021-05-07 14:48:00,HALO
48.03,48.1,48.01,48.01,1412,2021-05-07 14:49:00,HALO
48.1,48.18,48.1,48.15,2300,2021-05-07 14:50:00,HALO
48.1,48.15,48.08,48.08,800,2021-05-07 14:51:00,HALO
48.075,48.075,48.055,48.055,300,2021-05-07 14:52:00,HALO
48.1,48.12,48.1,48.11,600,2021-05-07 14:53:00,HALO
48.05,48.13,48.05,48.085,900,2021-05-07 14:54:00,HALO
48.1,48.17,48.08,48.08,3400,2021-05-07 14:55:00,HALO
48.09,48.09,48.06,48.06,200,2021-05-07 14:56:00,HALO
48.08,48.08,48.04,48.04,1023,2021-05-07 14:57:00,HALO
48.03,48.05,48.01,48.01,1500,2021-05-07 14:58:00,HALO
48.06,48.07,47.99,48.07,958,2021-05-07 14:59:00,HALO
48.0292,48.05,48.01,48.03,1500,2021-05-07 15:00:00,HALO
48.09,48.09,48.03,48.04,700,2021-05-07 15:01:00,HALO
48.03,48.06,48.01,48.06,700,2021-05-07 15:02:00,HALO
48.01,48.015,48.01,48.015,400,2021-05-07 15:03:00,HALO
48.04,48.06,48.04,48.06,2138,2021-05-07 15:04:00,HALO
48.055,48.055,47.99,47.99,500,2021-05-07 15:05:00,HALO
47.99,48.02,47.98,48.02,300,2021-05-07 15:06:00,HALO
48.03,48.03,48.03,48.03,100,2021-05-07 15:07:00,HALO
47.98,47.98,47.98,47.98,300,2021-05-07 15:08:00,HALO
47.97,47.97,47.97,47.97,100,2021-05-07 15:09:00,HALO
47.98,47.98,47.94,47.97,1515,2021-05-07 15:10:00,HALO
47.99,47.99,47.93,47.93,1200,2021-05-07 15:11:00,HALO
47.91,47.95,47.91,47.95,614,2021-05-07 15:12:00,HALO
47.946,47.946,47.87,47.87,724,2021-05-07 15:13:00,HALO
47.91,47.94,47.91,47.94,700,2021-05-07 15:14:00,HALO
47.93,47.9599,47.93,47.9599,500,2021-05-07 15:15:00,HALO
47.97,48.0,47.96,48.0,1200,2021-05-07 15:16:00,HALO
47.98,48.01,47.98,48.0,800,2021-05-07 15:17:00,HALO
48.0,48.0,47.985,47.985,200,2021-05-07 15:18:00,HALO
47.96,47.96,47.95,47.95,500,2021-05-07 15:19:00,HALO
47.96,47.98,47.96,47.98,800,2021-05-07 15:20:00,HALO
47.965,47.965,47.89,47.89,700,2021-05-07 15:22:00,HALO
47.82,47.82,47.7615,47.7615,300,2021-05-07 15:23:00,HALO
47.8,47.84,47.76,47.84,1200,2021-05-07 15:24:00,HALO
47.805,47.84,47.805,47.84,1300,2021-05-07 15:26:00,HALO
47.9,47.9,47.9,47.9,300,2021-05-07 15:27:00,HALO
47.93,47.93,47.88,47.91,1582,2021-05-07 15:28:00,HALO
47.93,47.96,47.93,47.93,2000,2021-05-07 15:29:00,HALO
47.97,47.98,47.96,47.98,1200,2021-05-07 15:30:00,HALO
47.97,48.0,47.94,48.0,900,2021-05-07 15:31:00,HALO
47.97,48.0,47.96,48.0,800,2021-05-07 15:32:00,HALO
47.98,48.0,47.98,47.98,500,2021-05-07 15:33:00,HALO
48.0,48.0,48.0,48.0,200,2021-05-07 15:34:00,HALO
48.03,48.03,48.03,48.03,129,2021-05-07 15:35:00,HALO
48.0,48.01,47.98,48.01,600,2021-05-07 15:36:00,HALO
48.02,48.02,47.96,47.96,1200,2021-05-07 15:37:00,HALO
47.93,47.93,47.93,47.93,100,2021-05-07 15:38:00,HALO
47.96,47.98,47.85,47.85,1500,2021-05-07 15:39:00,HALO
47.87,47.87,47.82,47.84,300,2021-05-07 15:40:00,HALO
47.835,47.89,47.835,47.89,548,2021-05-07 15:41:00,HALO
47.99,47.99,47.99,47.99,300,2021-05-07 15:43:00,HALO
47.99,47.99,47.99,47.99,100,2021-05-07 15:44:00,HALO
48.03,48.05,48.02,48.02,1082,2021-05-07 15:45:00,HALO
48.0,48.0,47.99,47.99,253,2021-05-07 15:46:00,HALO
47.98,47.99,47.97,47.99,565,2021-05-07 15:47:00,HALO
47.98,47.99,47.96,47.99,390,2021-05-07 15:48:00,HALO
47.95,47.95,47.95,47.95,247,2021-05-07 15:50:00,HALO
47.96,47.96,47.89,47.89,400,2021-05-07 15:51:00,HALO
47.88,47.88,47.88,47.88,100,2021-05-07 15:52:00,HALO
47.94,47.95,47.93,47.945,1211,2021-05-07 15:53:00,HALO
47.95,47.95,47.91,47.91,200,2021-05-07 15:54:00,HALO
47.88,47.89,47.88,47.89,400,2021-05-07 15:55:00,HALO
47.865,47.9,47.865,47.9,300,2021-05-07 15:56:00,HALO
47.84,47.86,47.84,47.86,200,2021-05-07 15:57:00,HALO
47.84,47.89,47.84,47.875,1640,2021-05-07 15:58:00,HALO
47.86,47.88,47.86,47.86,1000,2021-05-07 15:59:00,HALO
47.88,47.88,47.84,47.85,1117,2021-05-07 16:00:00,HALO
47.85,47.85,47.82,47.82,400,2021-05-07 16:01:00,HALO
47.85,47.85,47.82,47.82,300,2021-05-07 16:02:00,HALO
47.84,47.88,47.84,47.86,2810,2021-05-07 16:04:00,HALO
47.86,47.89,47.84,47.89,700,2021-05-07 16:05:00,HALO
47.89,47.91,47.89,47.89,1500,2021-05-07 16:06:00,HALO
47.91,47.91,47.91,47.91,1000,2021-05-07 16:07:00,HALO
47.905,47.905,47.905,47.905,100,2021-05-07 16:08:00,HALO
47.9,47.9,47.89,47.89,800,2021-05-07 16:09:00,HALO
47.9,47.95,47.9,47.935,1600,2021-05-07 16:10:00,HALO
47.935,47.935,47.9347,47.9347,500,2021-05-07 16:11:00,HALO
47.91,47.95,47.91,47.95,555,2021-05-07 16:12:00,HALO
47.93,47.93,47.93,47.93,200,2021-05-07 16:13:00,HALO
47.95,47.96,47.93,47.93,600,2021-05-07 16:14:00,HALO
47.922,47.93,47.91,47.92,1640,2021-05-07 16:15:00,HALO
47.93,47.933,47.93,47.933,300,2021-05-07 16:16:00,HALO
47.93,47.94,47.93,47.94,800,2021-05-07 16:17:00,HALO
47.94,47.94,47.93,47.94,900,2021-05-07 16:18:00,HALO
47.94,47.96,47.935,47.96,1400,2021-05-07 16:19:00,HALO
47.97,48.01,47.97,48.01,600,2021-05-07 16:20:00,HALO
48.01,48.01,48.0,48.005,700,2021-05-07 16:21:00,HALO
48.02,48.02,48.02,48.02,200,2021-05-07 16:22:00,HALO
48.025,48.025,48.015,48.015,200,2021-05-07 16:23:00,HALO
48.0,48.03,47.995,48.02,1936,2021-05-07 16:24:00,HALO
48.02,48.04,48.02,48.035,1200,2021-05-07 16:25:00,HALO
48.03,48.03,48.03,48.03,100,2021-05-07 16:26:00,HALO
48.025,48.025,48.025,48.025,100,2021-05-07 16:28:00,HALO
48.04,48.06,48.03,48.06,2442,2021-05-07 16:29:00,HALO
48.045,48.06,48.045,48.06,200,2021-05-07 16:30:00,HALO
48.06,48.06,48.05,48.05,400,2021-05-07 16:31:00,HALO
48.07,48.1,48.07,48.1,627,2021-05-07 16:32:00,HALO
48.07,48.07,48.07,48.07,100,2021-05-07 16:33:00,HALO
48.09,48.1,48.08,48.1,700,2021-05-07 16:34:00,HALO
48.1,48.1,48.08,48.085,4227,2021-05-07 16:35:00,HALO
48.08,48.1,48.08,48.085,1400,2021-05-07 16:36:00,HALO
48.085,48.085,48.07,48.075,1876,2021-05-07 16:38:00,HALO
48.06,48.065,48.005,48.005,8247,2021-05-07 16:39:00,HALO
48.05,48.05,48.05,48.05,200,2021-05-07 16:40:00,HALO
48.015,48.05,48.015,48.05,200,2021-05-07 16:41:00,HALO
48.015,48.015,48.015,48.015,300,2021-05-07 16:42:00,HALO
48.015,48.015,48.015,48.015,100,2021-05-07 16:43:00,HALO
48.01,48.01,47.98,47.98,2800,2021-05-07 16:44:00,HALO
47.99,48.015,47.99,48.0,2300,2021-05-07 16:45:00,HALO
47.98,48.015,47.98,48.015,500,2021-05-07 16:46:00,HALO
48.01,48.01,48.01,48.01,100,2021-05-07 16:48:00,HALO
48.04,48.04,48.01,48.01,200,2021-05-07 16:49:00,HALO
48.025,48.05,48.0,48.025,500,2021-05-07 16:50:00,HALO
48.02,48.02,48.0,48.0,200,2021-05-07 16:51:00,HALO
48.03,48.03,48.0,48.0,600,2021-05-07 16:52:00,HALO
48.0,48.005,47.98,47.99,1182,2021-05-07 16:53:00,HALO
47.99,48.04,47.99,48.04,1633,2021-05-07 16:55:00,HALO
48.05,48.07,48.05,48.07,900,2021-05-07 16:56:00,HALO
48.1,48.1,48.08,48.08,700,2021-05-07 16:57:00,HALO
48.09,48.095,48.09,48.095,200,2021-05-07 16:58:00,HALO
48.08,48.08,48.08,48.08,100,2021-05-07 16:59:00,HALO
48.1,48.1,48.09,48.09,200,2021-05-07 17:00:00,HALO
48.1,48.12,48.1,48.11,700,2021-05-07 17:01:00,HALO
48.13,48.145,48.13,48.13,1025,2021-05-07 17:02:00,HALO
48.15,48.15,48.14,48.14,400,2021-05-07 17:04:00,HALO
48.13,48.15,48.11,48.11,2010,2021-05-07 17:05:00,HALO
48.09,48.1,48.08,48.08,400,2021-05-07 17:06:00,HALO
48.03,48.11,48.03,48.11,13196,2021-05-07 17:07:00,HALO
48.11,48.12,48.09,48.11,585,2021-05-07 17:08:00,HALO
48.105,48.15,48.105,48.15,927,2021-05-07 17:09:00,HALO
48.15,48.16,48.15,48.16,600,2021-05-07 17:10:00,HALO
48.17,48.2,48.17,48.18,1348,2021-05-07 17:11:00,HALO
48.185,48.185,48.185,48.185,100,2021-05-07 17:12:00,HALO
48.16,48.17,48.14,48.145,2024,2021-05-07 17:13:00,HALO
48.13,48.13,48.13,48.13,200,2021-05-07 17:14:00,HALO
48.08,48.08,48.05,48.05,500,2021-05-07 17:18:00,HALO
48.02,48.02,48.02,48.02,100,2021-05-07 17:19:00,HALO
47.99,47.99,47.96,47.96,200,2021-05-07 17:20:00,HALO
48.03,48.03,48.03,48.03,100,2021-05-07 17:21:00,HALO
48.01,48.02,48.0,48.02,500,2021-05-07 17:23:00,HALO
48.02,48.03,48.02,48.03,200,2021-05-07 17:24:00,HALO
48.02,48.02,48.02,48.02,200,2021-05-07 17:26:00,HALO
47.99,47.99,47.985,47.985,200,2021-05-07 17:27:00,HALO
47.97,47.97,47.95,47.95,1059,2021-05-07 17:28:00,HALO
47.93,47.97,47.93,47.955,700,2021-05-07 17:29:00,HALO
47.95,47.97,47.95,47.97,1586,2021-05-07 17:30:00,HALO
47.96,47.99,47.96,47.99,200,2021-05-07 17:31:00,HALO
48.01,48.01,48.01,48.01,100,2021-05-07 17:32:00,HALO
48.0,48.0,48.0,48.0,100,2021-05-07 17:33:00,HALO
48.01,48.04,48.01,48.04,300,2021-05-07 17:34:00,HALO
48.02,48.02,48.02,48.02,300,2021-05-07 17:35:00,HALO
48.03,48.03,48.02,48.02,1200,2021-05-07 17:36:00,HALO
48.01,48.01,48.0,48.0,500,2021-05-07 17:37:00,HALO
48.0,48.0,48.0,48.0,100,2021-05-07 17:38:00,HALO
47.96,47.96,47.93,47.93,600,2021-05-07 17:40:00,HALO
47.9,47.9,47.9,47.9,200,2021-05-07 17:41:00,HALO
47.88,47.88,47.83,47.83,400,2021-05-07 17:42:00,HALO
47.865,47.865,47.865,47.865,100,2021-05-07 17:43:00,HALO
47.83,47.83,47.8,47.8,500,2021-05-07 17:44:00,HALO
47.81,47.85,47.81,47.825,1300,2021-05-07 17:45:00,HALO
47.85,47.85,47.82,47.83,1400,2021-05-07 17:46:00,HALO
47.87,47.89,47.87,47.885,300,2021-05-07 17:47:00,HALO
47.89,47.9,47.885,47.9,700,2021-05-07 17:48:00,HALO
47.9,47.92,47.87,47.87,2491,2021-05-07 17:49:00,HALO
47.86,47.86,47.86,47.86,100,2021-05-07 17:50:00,HALO
47.89,47.89,47.89,47.89,300,2021-05-07 17:51:00,HALO
47.88,47.88,47.83,47.83,1093,2021-05-07 17:54:00,HALO
47.88,47.88,47.835,47.835,538,2021-05-07 17:55:00,HALO
47.81,47.81,47.76,47.76,5243,2021-05-07 17:56:00,HALO
47.78,47.78,47.78,47.78,200,2021-05-07 17:57:00,HALO
47.78,47.78,47.77,47.77,200,2021-05-07 17:58:00,HALO
47.8,47.8,47.79,47.79,600,2021-05-07 17:59:00,HALO
47.77,47.77,47.68,47.68,600,2021-05-07 18:00:00,HALO
47.68,47.68,47.68,47.68,200,2021-05-07 18:01:00,HALO
47.705,47.74,47.705,47.715,700,2021-05-07 18:02:00,HALO
47.73,47.73,47.7,47.7,200,2021-05-07 18:03:00,HALO
47.7,47.7,47.69,47.69,506,2021-05-07 18:04:00,HALO
47.71,47.71,47.71,47.71,100,2021-05-07 18:05:00,HALO
47.71,47.71,47.71,47.71,200,2021-05-07 18:06:00,HALO
47.71,47.75,47.71,47.75,900,2021-05-07 18:07:00,HALO
47.7436,47.75,47.7436,47.75,324,2021-05-07 18:08:00,HALO
47.76,47.76,47.76,47.76,700,2021-05-07 18:09:00,HALO
47.77,47.78,47.76,47.76,1200,2021-05-07 18:10:00,HALO
47.76,47.76,47.75,47.75,200,2021-05-07 18:11:00,HALO
47.775,47.775,47.76,47.76,200,2021-05-07 18:13:00,HALO
47.74,47.74,47.73,47.73,655,2021-05-07 18:14:00,HALO
47.75,47.76,47.75,47.76,300,2021-05-07 18:15:00,HALO
47.74,47.77,47.74,47.77,1314,2021-05-07 18:16:00,HALO
47.78,47.78,47.78,47.78,100,2021-05-07 18:18:00,HALO
47.785,47.8,47.785,47.8,900,2021-05-07 18:19:00,HALO
47.815,47.815,47.79,47.795,1038,2021-05-07 18:20:00,HALO
47.78,47.78,47.78,47.78,400,2021-05-07 18:21:00,HALO
47.78,47.78,47.76,47.78,831,2021-05-07 18:23:00,HALO
47.81,47.81,47.81,47.81,900,2021-05-07 18:24:00,HALO
47.81,47.82,47.81,47.81,1100,2021-05-07 18:25:00,HALO
47.82,47.82,47.82,47.82,100,2021-05-07 18:26:00,HALO
47.82,47.85,47.82,47.85,1200,2021-05-07 18:27:00,HALO
47.85,47.85,47.835,47.835,732,2021-05-07 18:28:00,HALO
47.83,47.84,47.83,47.84,200,2021-05-07 18:29:00,HALO
47.81,47.83,47.81,47.83,400,2021-05-07 18:30:00,HALO
47.86,47.86,47.84,47.85,840,2021-05-07 18:33:00,HALO
47.86,47.86,47.84,47.84,300,2021-05-07 18:34:00,HALO
47.84,47.84,47.81,47.81,1479,2021-05-07 18:35:00,HALO
47.76,47.76,47.745,47.745,900,2021-05-07 18:36:00,HALO
47.78,47.78,47.75,47.77,900,2021-05-07 18:37:00,HALO
47.75,47.75,47.75,47.75,200,2021-05-07 18:38:00,HALO
47.75,47.75,47.75,47.75,100,2021-05-07 18:39:00,HALO
47.74,47.74,47.74,47.74,100,2021-05-07 18:40:00,HALO
47.74,47.74,47.73,47.73,300,2021-05-07 18:41:00,HALO
47.72,47.72,47.72,47.72,118,2021-05-07 18:42:00,HALO
47.75,47.75,47.75,47.75,400,2021-05-07 18:43:00,HALO
47.74,47.74,47.71,47.72,914,2021-05-07 18:44:00,HALO
47.73,47.74,47.73,47.73,1300,2021-05-07 18:45:00,HALO
47.71,47.71,47.71,47.71,100,2021-05-07 18:47:00,HALO
47.74,47.75,47.74,47.74,1600,2021-05-07 18:48:00,HALO
47.74,47.77,47.74,47.77,600,2021-05-07 18:49:00,HALO
47.78,47.8,47.78,47.79,500,2021-05-07 18:50:00,HALO
47.81,47.81,47.81,47.81,300,2021-05-07 18:52:00,HALO
47.79,47.79,47.79,47.79,842,2021-05-07 18:53:00,HALO
47.81,47.81,47.8,47.8,1000,2021-05-07 18:54:00,HALO
47.82,47.86,47.82,47.86,1200,2021-05-07 18:55:00,HALO
47.85,47.88,47.85,47.87,1200,2021-05-07 18:56:00,HALO
47.88,47.89,47.88,47.89,793,2021-05-07 18:57:00,HALO
47.895,47.895,47.89,47.89,500,2021-05-07 18:58:00,HALO
47.88,47.9,47.88,47.89,1100,2021-05-07 18:59:00,HALO
47.9,47.94,47.88,47.94,1000,2021-05-07 19:00:00,HALO
47.96,47.96,47.95,47.95,456,2021-05-07 19:01:00,HALO
47.97,47.97,47.93,47.94,1145,2021-05-07 19:02:00,HALO
47.94,47.94,47.94,47.94,100,2021-05-07 19:03:00,HALO
47.96,47.9834,47.96,47.9834,1515,2021-05-07 19:04:00,HALO
47.97,47.99,47.97,47.99,876,2021-05-07 19:05:00,HALO
47.9866,48.02,47.98,47.98,1411,2021-05-07 19:06:00,HALO
48.0,48.0,47.99,47.99,800,2021-05-07 19:07:00,HALO
47.99,48.0,47.99,48.0,400,2021-05-07 19:08:00,HALO
47.985,48.005,47.985,48.0,5004,2021-05-07 19:09:00,HALO
47.9965,48.0,47.99,48.0,1008,2021-05-07 19:10:00,HALO
48.01,48.01,48.0,48.01,788,2021-05-07 19:11:00,HALO
48.02,48.025,48.01,48.01,2100,2021-05-07 19:12:00,HALO
48.0,48.01,48.0,48.0,1000,2021-05-07 19:13:00,HALO
48.01,48.01,48.005,48.01,850,2021-05-07 19:14:00,HALO
48.01,48.025,48.01,48.025,1200,2021-05-07 19:15:00,HALO
48.02,48.03,48.02,48.03,900,2021-05-07 19:17:00,HALO
48.03,48.06,48.03,48.03,2054,2021-05-07 19:18:00,HALO
48.02,48.03,48.02,48.025,2972,2021-05-07 19:19:00,HALO
48.02,48.02,48.0,48.0,2202,2021-05-07 19:20:00,HALO
47.99,47.99,47.99,47.99,500,2021-05-07 19:21:00,HALO
47.985,48.01,47.98,47.98,500,2021-05-07 19:22:00,HALO
47.97,47.9899,47.97,47.98,1633,2021-05-07 19:23:00,HALO
47.98,47.99,47.97,47.97,500,2021-05-07 19:24:00,HALO
47.97,47.97,47.93,47.93,1000,2021-05-07 19:25:00,HALO
47.9101,47.93,47.89,47.89,1550,2021-05-07 19:26:00,HALO
47.9,47.92,47.9,47.92,400,2021-05-07 19:27:00,HALO
47.91,47.96,47.91,47.96,3350,2021-05-07 19:28:00,HALO
47.96,47.96,47.96,47.96,100,2021-05-07 19:29:00,HALO
47.97,47.9925,47.97,47.97,1000,2021-05-07 19:30:00,HALO
47.99,47.99,47.98,47.99,400,2021-05-07 19:31:00,HALO
47.98,48.0,47.98,47.98,2583,2021-05-07 19:32:00,HALO
47.97,47.97,47.94,47.94,1800,2021-05-07 19:33:00,HALO
47.95,47.95,47.94,47.94,2170,2021-05-07 19:34:00,HALO
47.93,47.93,47.91,47.92,943,2021-05-07 19:35:00,HALO
47.93,47.94,47.93,47.94,1300,2021-05-07 19:36:00,HALO
47.95,47.95,47.88,47.88,2679,2021-05-07 19:37:00,HALO
47.88,47.88,47.77,47.77,1500,2021-05-07 19:38:00,HALO
47.72,47.77,47.72,47.73,1100,2021-05-07 19:39:00,HALO
47.71,47.71,47.66,47.68,3925,2021-05-07 19:40:00,HALO
47.66,47.67,47.66,47.66,900,2021-05-07 19:41:00,HALO
47.65,47.7,47.6206,47.6206,4592,2021-05-07 19:42:00,HALO
47.65,47.74,47.65,47.665,4572,2021-05-07 19:43:00,HALO
47.66,47.66,47.645,47.645,875,2021-05-07 19:44:00,HALO
47.645,47.65,47.62,47.62,3154,2021-05-07 19:45:00,HALO
47.625,47.65,47.61,47.61,1800,2021-05-07 19:46:00,HALO
47.6,47.6199,47.52,47.52,1855,2021-05-07 19:47:00,HALO
47.54,47.57,47.49,47.54,6406,2021-05-07 19:48:00,HALO
47.525,47.57,47.525,47.555,3045,2021-05-07 19:49:00,HALO
47.57,47.64,47.52,47.555,6098,2021-05-07 19:50:00,HALO
47.555,47.555,47.48,47.48,3922,2021-05-07 19:51:00,HALO
47.51,47.55,47.5,47.53,7609,2021-05-07 19:52:00,HALO
47.53,47.53,47.36,47.44,8958,2021-05-07 19:53:00,HALO
47.425,47.6,47.39,47.5,19269,2021-05-07 19:54:00,HALO
47.51,47.535,47.42,47.44,8266,2021-05-07 19:55:00,HALO
47.455,47.48,47.39,47.41,6481,2021-05-07 19:56:00,HALO
47.4,47.5,47.4,47.48,10423,2021-05-07 19:57:00,HALO
47.49,47.59,47.48,47.565,12394,2021-05-07 19:58:00,HALO
47.57,47.645,47.55,47.62,19956,2021-05-07 19:59:00,HALO
47.57,47.57,47.57,47.57,88410,2021-05-07 20:00:00,HALO
47.57,47.57,47.57,47.57,386,2021-05-07 20:01:00,HALO
47.57,47.57,47.57,47.57,364,2021-05-07 20:02:00,HALO
47.55,47.55,47.55,47.55,255,2021-05-07 20:08:00,HALO
47.55,47.55,47.55,47.55,155,2021-05-07 20:09:00,HALO
47.14,47.23,47.105,47.23,7175,2021-05-10 13:30:00,HALO
47.2,47.2,46.74,46.77,870,2021-05-10 13:31:00,HALO
46.76,46.942,46.75,46.88,578,2021-05-10 13:33:00,HALO
46.9977,46.9977,46.86,46.86,430,2021-05-10 13:34:00,HALO
46.89,46.95,46.78,46.8,1000,2021-05-10 13:35:00,HALO
46.87,46.87,46.845,46.845,800,2021-05-10 13:36:00,HALO
46.84,46.96,46.67,46.705,4824,2021-05-10 13:38:00,HALO
46.765,46.8,46.72,46.8,700,2021-05-10 13:39:00,HALO
46.64,46.695,46.44,46.45,5600,2021-05-10 13:40:00,HALO
46.33,46.33,46.33,46.33,100,2021-05-10 13:41:00,HALO
46.31,46.33,46.31,46.33,300,2021-05-10 13:42:00,HALO
46.35,46.37,46.35,46.35,490,2021-05-10 13:43:00,HALO
46.42,46.45,46.36,46.36,1400,2021-05-10 13:44:00,HALO
46.3,46.42,46.23,46.24,4428,2021-05-10 13:45:00,HALO
46.19,46.27,46.19,46.27,3100,2021-05-10 13:46:00,HALO
46.25,46.49,46.25,46.49,1990,2021-05-10 13:47:00,HALO
46.53,46.58,46.53,46.58,300,2021-05-10 13:48:00,HALO
46.58,46.58,46.58,46.58,400,2021-05-10 13:50:00,HALO
46.62,46.69,46.62,46.69,400,2021-05-10 13:51:00,HALO
46.74,46.76,46.6701,46.69,800,2021-05-10 13:52:00,HALO
46.67,46.715,46.66,46.68,2673,2021-05-10 13:53:00,HALO
46.67,46.7,46.67,46.7,780,2021-05-10 13:54:00,HALO
46.66,46.728,46.565,46.63,5516,2021-05-10 13:55:00,HALO
46.63,46.63,46.63,46.63,100,2021-05-10 13:56:00,HALO
46.675,46.675,46.675,46.675,100,2021-05-10 13:57:00,HALO
46.675,46.755,46.675,46.7289,1700,2021-05-10 13:58:00,HALO
46.71,46.72,46.605,46.605,4195,2021-05-10 13:59:00,HALO
46.625,46.625,46.625,46.625,100,2021-05-10 14:00:00,HALO
46.67,46.67,46.48,46.48,1300,2021-05-10 14:01:00,HALO
46.505,46.58,46.505,46.575,400,2021-05-10 14:02:00,HALO
46.63,46.64,46.49,46.49,3138,2021-05-10 14:03:00,HALO
46.52,46.52,46.52,46.52,220,2021-05-10 14:04:00,HALO
46.49,46.49,46.49,46.49,100,2021-05-10 14:05:00,HALO
46.49,46.49,46.46,46.46,1887,2021-05-10 14:06:00,HALO
46.43,46.5,46.43,46.49,1100,2021-05-10 14:07:00,HALO
46.52,46.53,46.45,46.45,1200,2021-05-10 14:08:00,HALO
46.42,46.47,46.42,46.46,760,2021-05-10 14:09:00,HALO
46.485,46.52,46.485,46.52,200,2021-05-10 14:11:00,HALO
46.567,46.655,46.55,46.655,986,2021-05-10 14:12:00,HALO
46.62,46.62,46.58,46.58,900,2021-05-10 14:13:00,HALO
46.63,46.69,46.63,46.69,600,2021-05-10 14:14:00,HALO
46.63,46.63,46.63,46.63,200,2021-05-10 14:15:00,HALO
46.665,46.71,46.665,46.69,800,2021-05-10 14:16:00,HALO
46.515,46.58,46.515,46.5674,425,2021-05-10 14:18:00,HALO
46.63,46.63,46.56,46.56,210,2021-05-10 14:20:00,HALO
46.55,46.555,46.51,46.55,1000,2021-05-10 14:21:00,HALO
46.6,46.6,46.51,46.54,600,2021-05-10 14:22:00,HALO
46.52,46.54,46.48,46.48,1400,2021-05-10 14:23:00,HALO
46.46,46.46,46.39,46.39,500,2021-05-10 14:24:00,HALO
46.4,46.4,46.4,46.4,100,2021-05-10 14:25:00,HALO
46.395,46.47,46.395,46.47,1400,2021-05-10 14:26:00,HALO
46.47,46.47,46.38,46.4,1600,2021-05-10 14:27:00,HALO
46.43,46.455,46.41,46.41,1580,2021-05-10 14:28:00,HALO
46.46,46.46,46.425,46.425,200,2021-05-10 14:29:00,HALO
46.39,46.45,46.36,46.4,1500,2021-05-10 14:30:00,HALO
46.43,46.43,46.39,46.39,300,2021-05-10 14:33:00,HALO
46.39,46.39,46.33,46.36,2349,2021-05-10 14:34:00,HALO
46.39,46.5,46.385,46.5,2800,2021-05-10 14:35:00,HALO
46.51,46.54,46.51,46.54,1227,2021-05-10 14:36:00,HALO
46.53,46.54,46.49,46.49,1200,2021-05-10 14:37:00,HALO
46.53,46.53,46.505,46.505,467,2021-05-10 14:38:00,HALO
46.53,46.58,46.53,46.58,1300,2021-05-10 14:39:00,HALO
46.605,46.605,46.51,46.51,2299,2021-05-10 14:40:00,HALO
46.52,46.52,46.48,46.48,1750,2021-05-10 14:41:00,HALO
46.47,46.47,46.47,46.47,100,2021-05-10 14:42:00,HALO
46.51,46.55,46.5,46.54,1462,2021-05-10 14:43:00,HALO
46.45,46.45,46.4,46.44,2135,2021-05-10 14:44:00,HALO
46.395,46.395,46.395,46.395,1900,2021-05-10 14:45:00,HALO
46.34,46.375,46.34,46.37,400,2021-05-10 14:46:00,HALO
46.4,46.41,46.33,46.34,2000,2021-05-10 14:47:00,HALO
46.365,46.365,46.33,46.36,400,2021-05-10 14:48:00,HALO
46.34,46.37,46.34,46.37,1053,2021-05-10 14:49:00,HALO
46.35,46.35,46.34,46.34,900,2021-05-10 14:50:00,HALO
46.37,46.4,46.36,46.4,700,2021-05-10 14:51:00,HALO
46.375,46.41,46.375,46.41,290,2021-05-10 14:52:00,HALO
46.43,46.44,46.43,46.43,400,2021-05-10 14:53:00,HALO
46.47,46.48,46.47,46.48,400,2021-05-10 14:54:00,HALO
46.42,46.445,46.42,46.445,1483,2021-05-10 14:55:00,HALO
46.45,46.51,46.45,46.51,400,2021-05-10 14:56:00,HALO
46.54,46.55,46.54,46.55,365,2021-05-10 14:57:00,HALO
46.54,46.55,46.46,46.49,3939,2021-05-10 14:58:00,HALO
46.52,46.55,46.52,46.54,1862,2021-05-10 14:59:00,HALO
46.57,46.57,46.57,46.57,200,2021-05-10 15:00:00,HALO
46.54,46.54,46.5,46.5,935,2021-05-10 15:01:00,HALO
46.53,46.53,46.53,46.53,100,2021-05-10 15:02:00,HALO
46.51,46.51,46.51,46.51,100,2021-05-10 15:03:00,HALO
46.48,46.48,46.44,46.44,727,2021-05-10 15:04:00,HALO
46.49,46.49,46.45,46.45,500,2021-05-10 15:05:00,HALO
46.46,46.51,46.46,46.5,600,2021-05-10 15:07:00,HALO
46.49,46.52,46.49,46.52,200,2021-05-10 15:08:00,HALO
46.47,46.47,46.35,46.35,1500,2021-05-10 15:09:00,HALO
46.41,46.42,46.35,46.42,900,2021-05-10 15:11:00,HALO
46.429,46.46,46.395,46.46,1853,2021-05-10 15:12:00,HALO
46.46,46.48,46.35,46.35,2600,2021-05-10 15:13:00,HALO
46.4,46.4,46.32,46.32,1000,2021-05-10 15:14:00,HALO
46.31,46.35,46.31,46.32,500,2021-05-10 15:15:00,HALO
46.32,46.32,46.3,46.32,600,2021-05-10 15:16:00,HALO
46.36,46.36,46.36,46.36,100,2021-05-10 15:17:00,HALO
46.36,46.46,46.36,46.45,1300,2021-05-10 15:18:00,HALO
46.45,46.45,46.45,46.45,400,2021-05-10 15:19:00,HALO
46.48,46.5,46.46,46.49,1500,2021-05-10 15:20:00,HALO
46.47,46.47,46.47,46.47,607,2021-05-10 15:21:00,HALO
46.5,46.505,46.5,46.505,200,2021-05-10 15:23:00,HALO
46.52,46.56,46.52,46.56,200,2021-05-10 15:25:00,HALO
46.56,46.56,46.53,46.54,500,2021-05-10 15:26:00,HALO
46.57,46.6,46.53,46.54,2100,2021-05-10 15:27:00,HALO
46.49,46.49,46.44,46.44,2215,2021-05-10 15:28:00,HALO
46.49,46.49,46.46,46.465,700,2021-05-10 15:30:00,HALO
46.5,46.52,46.47,46.52,715,2021-05-10 15:31:00,HALO
46.52,46.52,46.48,46.48,927,2021-05-10 15:32:00,HALO
46.45,46.45,46.45,46.45,400,2021-05-10 15:33:00,HALO
46.46,46.46,46.42,46.42,700,2021-05-10 15:34:00,HALO
46.43,46.47,46.42,46.46,1400,2021-05-10 15:35:00,HALO
46.455,46.47,46.455,46.47,600,2021-05-10 15:36:00,HALO
46.465,46.465,46.46,46.46,344,2021-05-10 15:37:00,HALO
46.44,46.44,46.435,46.435,413,2021-05-10 15:38:00,HALO
46.43,46.43,46.39,46.39,800,2021-05-10 15:39:00,HALO
46.36,46.36,46.36,46.36,100,2021-05-10 15:40:00,HALO
46.39,46.4,46.37,46.38,900,2021-05-10 15:41:00,HALO
46.36,46.38,46.36,46.37,400,2021-05-10 15:42:00,HALO
46.39,46.41,46.39,46.405,300,2021-05-10 15:43:00,HALO
46.42,46.4527,46.42,46.4527,800,2021-05-10 15:44:00,HALO
46.446,46.5,46.446,46.5,1000,2021-05-10 15:45:00,HALO
46.515,46.54,46.5,46.5,2780,2021-05-10 15:47:00,HALO
46.505,46.58,46.505,46.58,3550,2021-05-10 15:48:00,HALO
46.59,46.73,46.59,46.73,2854,2021-05-10 15:49:00,HALO
46.766,46.78,46.74,46.78,750,2021-05-10 15:51:00,HALO
46.765,46.765,46.7,46.71,2705,2021-05-10 15:52:00,HALO
46.74,46.74,46.74,46.74,650,2021-05-10 15:53:00,HALO
46.83,46.83,46.8,46.8,400,2021-05-10 15:54:00,HALO
46.835,46.835,46.835,46.835,100,2021-05-10 15:55:00,HALO
46.84,46.9,46.83,46.9,1800,2021-05-10 15:56:00,HALO
46.96,46.96,46.89,46.89,900,2021-05-10 15:59:00,HALO
46.96,46.96,46.91,46.91,1000,2021-05-10 16:00:00,HALO
46.91,46.91,46.8814,46.8814,1100,2021-05-10 16:01:00,HALO
46.91,46.93,46.91,46.925,400,2021-05-10 16:03:00,HALO
46.93,46.97,46.93,46.94,300,2021-05-10 16:04:00,HALO
46.93,46.93,46.91,46.915,825,2021-05-10 16:05:00,HALO
46.92,46.92,46.92,46.92,100,2021-05-10 16:08:00,HALO
46.91,46.92,46.91,46.92,300,2021-05-10 16:09:00,HALO
46.89,46.9,46.89,46.9,1100,2021-05-10 16:10:00,HALO
46.93,46.93,46.93,46.93,100,2021-05-10 16:13:00,HALO
46.92,46.92,46.8,46.8,1200,2021-05-10 16:14:00,HALO
46.71,46.74,46.71,46.74,400,2021-05-10 16:16:00,HALO
46.68,46.68,46.68,46.68,100,2021-05-10 16:17:00,HALO
46.69,46.69,46.69,46.69,100,2021-05-10 16:18:00,HALO
46.73,46.75,46.68,46.68,500,2021-05-10 16:20:00,HALO
46.68,46.7,46.68,46.7,400,2021-05-10 16:21:00,HALO
46.72,46.73,46.67,46.68,1400,2021-05-10 16:22:00,HALO
46.67,46.68,46.66,46.68,700,2021-05-10 16:23:00,HALO
46.68,46.73,46.68,46.73,500,2021-05-10 16:25:00,HALO
46.75,46.75,46.74,46.75,300,2021-05-10 16:26:00,HALO
46.74,46.74,46.68,46.71,1594,2021-05-10 16:27:00,HALO
46.7,46.7,46.7,46.7,100,2021-05-10 16:28:00,HALO
46.63,46.63,46.55,46.56,400,2021-05-10 16:30:00,HALO
46.59,46.6,46.59,46.6,200,2021-05-10 16:31:00,HALO
46.585,46.585,46.585,46.585,100,2021-05-10 16:32:00,HALO
46.58,46.58,46.58,46.58,100,2021-05-10 16:34:00,HALO
46.58,46.58,46.58,46.58,100,2021-05-10 16:35:00,HALO
46.61,46.65,46.59,46.6,1533,2021-05-10 16:36:00,HALO
46.56,46.56,46.55,46.55,500,2021-05-10 16:38:00,HALO
46.58,46.58,46.56,46.58,800,2021-05-10 16:39:00,HALO
46.57,46.57,46.515,46.515,500,2021-05-10 16:41:00,HALO
46.53,46.53,46.53,46.53,100,2021-05-10 16:42:00,HALO
46.55,46.55,46.53,46.53,400,2021-05-10 16:43:00,HALO
46.51,46.52,46.51,46.52,600,2021-05-10 16:44:00,HALO
46.515,46.54,46.515,46.52,900,2021-05-10 16:45:00,HALO
46.54,46.55,46.54,46.54,400,2021-05-10 16:46:00,HALO
46.53,46.53,46.53,46.53,479,2021-05-10 16:47:00,HALO
46.51,46.52,46.51,46.51,500,2021-05-10 16:48:00,HALO
46.54,46.54,46.54,46.54,200,2021-05-10 16:51:00,HALO
46.53,46.53,46.48,46.48,1948,2021-05-10 16:52:00,HALO
46.47,46.47,46.41,46.45,500,2021-05-10 16:53:00,HALO
46.43,46.48,46.43,46.48,2300,2021-05-10 16:54:00,HALO
46.48,46.48,46.48,46.48,100,2021-05-10 16:55:00,HALO
46.46,46.54,46.46,46.53,3200,2021-05-10 16:56:00,HALO
46.545,46.545,46.545,46.545,100,2021-05-10 16:57:00,HALO
46.52,46.525,46.51,46.51,1095,2021-05-10 16:58:00,HALO
46.49,46.565,46.49,46.565,2400,2021-05-10 16:59:00,HALO
46.58,46.6114,46.57,46.585,2561,2021-05-10 17:00:00,HALO
46.57,46.57,46.55,46.55,400,2021-05-10 17:01:00,HALO
46.5207,46.5207,46.5207,46.5207,216,2021-05-10 17:03:00,HALO
46.54,46.57,46.54,46.55,400,2021-05-10 17:04:00,HALO
46.6,46.6,46.55,46.57,1000,2021-05-10 17:05:00,HALO
46.55,46.555,46.53,46.545,700,2021-05-10 17:06:00,HALO
46.58,46.58,46.58,46.58,300,2021-05-10 17:07:00,HALO
46.58,46.58,46.55,46.565,1022,2021-05-10 17:08:00,HALO
46.57,46.57,46.57,46.57,100,2021-05-10 17:10:00,HALO
46.59,46.59,46.565,46.565,1700,2021-05-10 17:11:00,HALO
46.58,46.6,46.58,46.6,300,2021-05-10 17:12:00,HALO
46.62,46.7,46.62,46.7,475,2021-05-10 17:13:00,HALO
46.68,46.68,46.61,46.61,1635,2021-05-10 17:14:00,HALO
46.62,46.62,46.62,46.62,100,2021-05-10 17:16:00,HALO
46.62,46.65,46.62,46.65,500,2021-05-10 17:17:00,HALO
46.646,46.646,46.646,46.646,100,2021-05-10 17:18:00,HALO
46.64,46.68,46.64,46.68,400,2021-05-10 17:19:00,HALO
46.71,46.71,46.69,46.69,600,2021-05-10 17:20:00,HALO
46.6772,46.6772,46.6772,46.6772,100,2021-05-10 17:21:00,HALO
46.67,46.67,46.66,46.665,1400,2021-05-10 17:22:00,HALO
46.68,46.7,46.68,46.7,500,2021-05-10 17:23:00,HALO
46.72,46.72,46.72,46.72,100,2021-05-10 17:24:00,HALO
46.7,46.7,46.69,46.69,357,2021-05-10 17:25:00,HALO
46.695,46.695,46.695,46.695,100,2021-05-10 17:26:00,HALO
46.67,46.67,46.64,46.64,1300,2021-05-10 17:27:00,HALO
46.66,46.66,46.63,46.63,276,2021-05-10 17:28:00,HALO
46.63,46.63,46.63,46.63,100,2021-05-10 17:29:00,HALO
46.61,46.61,46.61,46.61,1400,2021-05-10 17:30:00,HALO
46.6,46.6,46.58,46.58,400,2021-05-10 17:31:00,HALO
46.585,46.585,46.585,46.585,208,2021-05-10 17:32:00,HALO
46.58,46.59,46.56,46.59,600,2021-05-10 17:33:00,HALO
46.58,46.58,46.56,46.575,400,2021-05-10 17:34:00,HALO
46.59,46.59,46.59,46.59,200,2021-05-10 17:35:00,HALO
46.575,46.575,46.575,46.575,100,2021-05-10 17:36:00,HALO
46.56,46.59,46.55,46.57,1400,2021-05-10 17:38:00,HALO
46.585,46.6,46.585,46.585,616,2021-05-10 17:39:00,HALO
46.57,46.59,46.55,46.59,1500,2021-05-10 17:40:00,HALO
46.585,46.585,46.57,46.57,400,2021-05-10 17:41:00,HALO
46.575,46.575,46.575,46.575,100,2021-05-10 17:42:00,HALO
46.56,46.575,46.55,46.575,800,2021-05-10 17:43:00,HALO
46.59,46.59,46.58,46.58,300,2021-05-10 17:44:00,HALO
46.61,46.66,46.61,46.66,400,2021-05-10 17:45:00,HALO
46.67,46.69,46.67,46.69,500,2021-05-10 17:46:00,HALO
46.67,46.7,46.66,46.695,2211,2021-05-10 17:47:00,HALO
46.69,46.7,46.69,46.7,500,2021-05-10 17:48:00,HALO
46.67,46.685,46.6,46.6,900,2021-05-10 17:49:00,HALO
46.65,46.65,46.65,46.65,100,2021-05-10 17:51:00,HALO
46.65,46.65,46.65,46.65,100,2021-05-10 17:52:00,HALO
46.64,46.64,46.64,46.64,100,2021-05-10 17:53:00,HALO
46.64,46.64,46.56,46.56,1306,2021-05-10 17:54:00,HALO
46.55,46.55,46.55,46.55,300,2021-05-10 17:55:00,HALO
46.53,46.56,46.53,46.56,900,2021-05-10 17:56:00,HALO
46.58,46.615,46.58,46.615,500,2021-05-10 17:57:00,HALO
46.61,46.61,46.58,46.58,500,2021-05-10 17:58:00,HALO
46.6,46.6,46.57,46.57,810,2021-05-10 17:59:00,HALO
46.55,46.56,46.53,46.53,1300,2021-05-10 18:00:00,HALO
46.54,46.55,46.495,46.53,4500,2021-05-10 18:01:00,HALO
46.54,46.56,46.52,46.52,2000,2021-05-10 18:02:00,HALO
46.54,46.54,46.48,46.48,2000,2021-05-10 18:03:00,HALO
46.54,46.585,46.535,46.58,3800,2021-05-10 18:04:00,HALO
46.56,46.575,46.56,46.575,300,2021-05-10 18:05:00,HALO
46.6,46.6,46.6,46.6,100,2021-05-10 18:06:00,HALO
46.605,46.605,46.57,46.58,1375,2021-05-10 18:07:00,HALO
46.57,46.62,46.57,46.62,800,2021-05-10 18:08:00,HALO
46.61,46.61,46.61,46.61,100,2021-05-10 18:09:00,HALO
46.6,46.61,46.56,46.56,1600,2021-05-10 18:10:00,HALO
46.56,46.56,46.56,46.56,200,2021-05-10 18:11:00,HALO
46.555,46.555,46.52,46.52,600,2021-05-10 18:12:00,HALO
46.55,46.55,46.54,46.54,200,2021-05-10 18:13:00,HALO
46.54,46.54,46.54,46.54,300,2021-05-10 18:14:00,HALO
46.53,46.55,46.43,46.45,2400,2021-05-10 18:15:00,HALO
46.44,46.44,46.36,46.36,1528,2021-05-10 18:16:00,HALO
46.36,46.4,46.31,46.4,3449,2021-05-10 18:17:00,HALO
46.4,46.49,46.4,46.47,6104,2021-05-10 18:18:00,HALO
46.46,46.46,46.44,46.45,800,2021-05-10 18:19:00,HALO
46.49,46.49,46.43,46.43,500,2021-05-10 18:20:00,HALO
46.415,46.43,46.36,46.36,546,2021-05-10 18:21:00,HALO
46.32,46.32,46.26,46.26,2436,2021-05-10 18:22:00,HALO
46.335,46.34,46.25,46.27,1200,2021-05-10 18:25:00,HALO
46.3081,46.32,46.3,46.31,1151,2021-05-10 18:26:00,HALO
46.32,46.32,46.3,46.3,647,2021-05-10 18:27:00,HALO
46.275,46.275,46.25,46.25,300,2021-05-10 18:28:00,HALO
46.25,46.25,46.2,46.21,2174,2021-05-10 18:29:00,HALO
46.19,46.19,46.09,46.09,2345,2021-05-10 18:30:00,HALO
46.14,46.14,46.12,46.13,600,2021-05-10 18:31:00,HALO
46.14,46.15,46.13,46.14,800,2021-05-10 18:32:00,HALO
46.18,46.18,46.15,46.17,700,2021-05-10 18:33:00,HALO
46.2,46.23,46.2,46.23,800,2021-05-10 18:34:00,HALO
46.23,46.23,46.18,46.18,1700,2021-05-10 18:35:00,HALO
46.22,46.22,46.22,46.22,254,2021-05-10 18:36:00,HALO
46.18,46.19,46.13,46.18,5066,2021-05-10 18:37:00,HALO
46.2,46.26,46.19,46.26,500,2021-05-10 18:38:00,HALO
46.31,46.31,46.31,46.31,246,2021-05-10 18:39:00,HALO
46.25,46.25,46.22,46.24,2534,2021-05-10 18:40:00,HALO
46.22,46.22,46.1925,46.195,740,2021-05-10 18:41:00,HALO
46.195,46.22,46.19,46.2,2202,2021-05-10 18:42:00,HALO
46.205,46.205,46.205,46.205,200,2021-05-10 18:43:00,HALO
46.18,46.18,46.17,46.18,800,2021-05-10 18:44:00,HALO
46.18,46.2,46.16,46.2,500,2021-05-10 18:45:00,HALO
46.22,46.26,46.22,46.22,1232,2021-05-10 18:46:00,HALO
46.19,46.19,46.19,46.19,200,2021-05-10 18:47:00,HALO
46.185,46.185,46.185,46.185,100,2021-05-10 18:48:00,HALO
46.185,46.185,46.16,46.16,1400,2021-05-10 18:49:00,HALO
46.16,46.19,46.12,46.12,2409,2021-05-10 18:50:00,HALO
46.1,46.13,46.08,46.12,3410,2021-05-10 18:51:00,HALO
46.11,46.14,46.1,46.13,450,2021-05-10 18:52:00,HALO
46.11,46.11,46.1,46.11,400,2021-05-10 18:53:00,HALO
46.1,46.12,46.09,46.11,1156,2021-05-10 18:54:00,HALO
46.12,46.12,46.12,46.12,267,2021-05-10 18:55:00,HALO
46.14,46.14,46.1,46.13,800,2021-05-10 18:56:00,HALO
46.13,46.13,46.11,46.11,500,2021-05-10 18:57:00,HALO
46.1,46.1,46.1,46.1,100,2021-05-10 18:58:00,HALO
46.14,46.185,46.14,46.185,1159,2021-05-10 18:59:00,HALO
46.21,46.21,46.19,46.2,1800,2021-05-10 19:00:00,HALO
46.19,46.2,46.19,46.1902,523,2021-05-10 19:01:00,HALO
46.2,46.2,46.14,46.19,6212,2021-05-10 19:02:00,HALO
46.1784,46.26,46.1784,46.26,1367,2021-05-10 19:03:00,HALO
46.22,46.29,46.21,46.29,1700,2021-05-10 19:04:00,HALO
46.27,46.275,46.26,46.275,555,2021-05-10 19:05:00,HALO
46.27,46.315,46.24,46.24,3700,2021-05-10 19:06:00,HALO
46.22,46.23,46.19,46.19,900,2021-05-10 19:07:00,HALO
46.28,46.28,46.26,46.26,400,2021-05-10 19:08:00,HALO
46.23,46.25,46.23,46.24,600,2021-05-10 19:09:00,HALO
46.25,46.25,46.24,46.24,300,2021-05-10 19:11:00,HALO
46.25,46.27,46.24,46.24,1479,2021-05-10 19:12:00,HALO
46.26,46.265,46.23,46.23,875,2021-05-10 19:13:00,HALO
46.24,46.24,46.17,46.17,1100,2021-05-10 19:14:00,HALO
46.15,46.16,46.145,46.16,600,2021-05-10 19:15:00,HALO
46.16,46.16,46.12,46.12,1300,2021-05-10 19:16:00,HALO
46.11,46.12,46.1,46.11,500,2021-05-10 19:17:00,HALO
46.105,46.115,46.07,46.07,1900,2021-05-10 19:18:00,HALO
46.06,46.085,46.04,46.07,1880,2021-05-10 19:19:00,HALO
46.03,46.03,45.92,45.93,4700,2021-05-10 19:20:00,HALO
45.95,45.99,45.95,45.96,630,2021-05-10 19:21:00,HALO
45.97,45.97,45.96,45.96,300,2021-05-10 19:22:00,HALO
45.965,46.01,45.965,46.01,1000,2021-05-10 19:23:00,HALO
46.01,46.01,45.98,45.98,700,2021-05-10 19:24:00,HALO
45.99,46.01,45.975,45.98,1170,2021-05-10 19:25:00,HALO
45.96,45.98,45.96,45.975,622,2021-05-10 19:26:00,HALO
46.0,46.07,45.98,46.07,1100,2021-05-10 19:27:00,HALO
46.09,46.11,46.08,46.11,1300,2021-05-10 19:28:00,HALO
46.11,46.11,46.08,46.0835,900,2021-05-10 19:29:00,HALO
46.08,46.08,46.06,46.06,800,2021-05-10 19:30:00,HALO
46.04,46.055,46.0,46.02,2500,2021-05-10 19:31:00,HALO
46.02,46.06,46.02,46.04,700,2021-05-10 19:32:00,HALO
46.08,46.08,46.04,46.06,2032,2021-05-10 19:33:00,HALO
46.075,46.075,46.075,46.075,327,2021-05-10 19:34:00,HALO
46.07,46.07,46.0,46.0,2820,2021-05-10 19:35:00,HALO
46.01,46.055,46.01,46.055,1000,2021-05-10 19:36:00,HALO
46.08,46.09,46.05,46.06,2400,2021-05-10 19:37:00,HALO
46.04,46.08,46.03,46.075,1300,2021-05-10 19:38:00,HALO
46.075,46.08,46.075,46.08,342,2021-05-10 19:39:00,HALO
46.075,46.1,46.06,46.09,809,2021-05-10 19:40:00,HALO
46.1,46.11,46.015,46.015,5496,2021-05-10 19:41:00,HALO
46.07,46.12,46.055,46.12,3915,2021-05-10 19:42:00,HALO
46.12,46.16,46.12,46.16,3100,2021-05-10 19:43:00,HALO
46.16,46.22,46.16,46.21,4319,2021-05-10 19:44:00,HALO
46.21,46.21,46.145,46.15,6360,2021-05-10 19:45:00,HALO
46.15,46.3,46.15,46.245,15571,2021-05-10 19:46:00,HALO
46.28,46.3,46.22,46.28,3589,2021-05-10 19:47:00,HALO
46.28,46.3,46.24,46.285,2700,2021-05-10 19:48:00,HALO
46.275,46.28,46.175,46.28,11833,2021-05-10 19:49:00,HALO
46.275,46.275,46.19,46.2,4261,2021-05-10 19:50:00,HALO
46.21,46.23,46.175,46.23,7260,2021-05-10 19:51:00,HALO
46.23,46.26,46.21,46.23,7573,2021-05-10 19:52:00,HALO
46.24,46.5,46.24,46.5,16924,2021-05-10 19:53:00,HALO
46.49,46.52,46.31,46.31,12369,2021-05-10 19:54:00,HALO
46.4,46.4,46.27,46.27,5371,2021-05-10 19:55:00,HALO
46.31,46.34,46.185,46.185,7345,2021-05-10 19:56:00,HALO
46.19,46.23,46.1,46.15,8863,2021-05-10 19:57:00,HALO
46.18,46.19,46.1,46.12,10620,2021-05-10 19:58:00,HALO
46.12,46.13,45.98,45.99,12132,2021-05-10 19:59:00,HALO
46.1,46.1,46.1,46.1,126162,2021-05-10 20:00:00,HALO
46.1,46.1,46.1,46.1,499,2021-05-10 20:01:00,HALO
46.0,46.0,46.0,46.0,200,2021-05-10 20:58:00,HALO
46.0,46.0,46.0,46.0,100,2021-05-10 21:03:00,HALO
45.32,45.32,45.32,45.32,100,2021-05-11 11:31:00,HALO
42.1,42.67,41.09,41.96,37560,2021-05-11 13:30:00,HALO
42.1,42.86,41.62,42.86,12694,2021-05-11 13:31:00,HALO
43.005,43.84,42.765,43.84,4549,2021-05-11 13:32:00,HALO
43.99,43.99,42.985,43.88,1571,2021-05-11 13:33:00,HALO
43.8,44.38,43.47,44.155,11441,2021-05-11 13:34:00,HALO
44.155,44.87,44.155,44.87,5608,2021-05-11 13:35:00,HALO
44.87,44.95,44.4518,44.645,9525,2021-05-11 13:36:00,HALO
44.78,44.93,44.475,44.85,17357,2021-05-11 13:37:00,HALO
44.89,44.9399,44.63,44.9399,1020,2021-05-11 13:38:00,HALO
44.725,45.0,44.725,44.98,3300,2021-05-11 13:39:00,HALO
44.85,45.0,44.77,44.82,8213,2021-05-11 13:40:00,HALO
44.81,44.885,44.71,44.76,8638,2021-05-11 13:41:00,HALO
44.75,44.76,44.17,44.22,12463,2021-05-11 13:42:00,HALO
44.15,44.16,43.865,43.99,11608,2021-05-11 13:43:00,HALO
44.14,44.14,43.95,44.0,6479,2021-05-11 13:44:00,HALO
43.99,43.99,43.8,43.86,10751,2021-05-11 13:45:00,HALO
43.84,44.07,43.8,43.9275,14479,2021-05-11 13:46:00,HALO
43.97,44.01,43.65,43.67,5903,2021-05-11 13:47:00,HALO
43.77,43.87,43.66,43.7,10098,2021-05-11 13:48:00,HALO
43.7,43.7,43.5,43.52,5366,2021-05-11 13:49:00,HALO
43.51,43.58,43.4902,43.58,5440,2021-05-11 13:50:00,HALO
43.565,43.5819,43.38,43.485,1200,2021-05-11 13:51:00,HALO
43.41,43.41,43.17,43.235,2393,2021-05-11 13:52:00,HALO
43.235,43.51,43.235,43.46,4836,2021-05-11 13:53:00,HALO
43.5,43.59,43.44,43.49,3491,2021-05-11 13:54:00,HALO
43.48,43.49,43.24,43.245,4920,2021-05-11 13:55:00,HALO
43.235,43.64,43.16,43.64,4425,2021-05-11 13:56:00,HALO
43.63,43.665,43.63,43.665,200,2021-05-11 13:57:00,HALO
43.72,43.8,43.64,43.64,1900,2021-05-11 13:58:00,HALO
43.69,43.75,43.52,43.615,4778,2021-05-11 13:59:00,HALO
43.615,43.66,43.54,43.61,2300,2021-05-11 14:00:00,HALO
43.6,43.6,43.6,43.6,700,2021-05-11 14:01:00,HALO
43.6,43.6,43.29,43.29,4000,2021-05-11 14:02:00,HALO
43.31,43.43,43.31,43.42,4100,2021-05-11 14:03:00,HALO
43.45,43.54,43.42,43.45,8713,2021-05-11 14:04:00,HALO
43.5,43.5,43.38,43.41,4731,2021-05-11 14:05:00,HALO
43.39,43.46,43.34,43.4,7602,2021-05-11 14:06:00,HALO
43.4,43.41,43.25,43.355,4400,2021-05-11 14:07:00,HALO
43.29,43.315,42.95,43.02,8923,2021-05-11 14:08:00,HALO
43.15,43.21,43.13,43.135,700,2021-05-11 14:09:00,HALO
43.16,43.34,43.13,43.25,10472,2021-05-11 14:10:00,HALO
43.25,43.25,43.07,43.07,3580,2021-05-11 14:11:00,HALO
43.015,43.2,42.94,43.19,4544,2021-05-11 14:12:00,HALO
43.205,43.205,42.895,43.0,6511,2021-05-11 14:13:00,HALO
42.95,43.045,42.95,43.04,1700,2021-05-11 14:14:00,HALO
43.04,43.04,42.83,42.84,2206,2021-05-11 14:15:00,HALO
42.87,42.88,42.65,42.65,4311,2021-05-11 14:16:00,HALO
42.63,42.76,42.63,42.6502,6095,2021-05-11 14:17:00,HALO
42.7,42.78,42.685,42.775,2100,2021-05-11 14:18:00,HALO
42.75,42.88,42.75,42.88,6574,2021-05-11 14:19:00,HALO
42.95,43.31,42.95,43.31,2991,2021-05-11 14:20:00,HALO
43.32,43.5,43.32,43.43,900,2021-05-11 14:21:00,HALO
43.425,43.49,43.36,43.415,8734,2021-05-11 14:22:00,HALO
43.44,43.569,43.44,43.54,3700,2021-05-11 14:23:00,HALO
43.54,43.54,43.07,43.07,8301,2021-05-11 14:24:00,HALO
43.08,43.125,42.99,42.99,1703,2021-05-11 14:25:00,HALO
43.005,43.175,42.99,43.13,3015,2021-05-11 14:26:00,HALO
43.17,43.27,43.1301,43.17,1400,2021-05-11 14:27:00,HALO
43.2,43.2,43.1,43.1,4108,2021-05-11 14:28:00,HALO
43.1,43.14,43.04,43.05,5505,2021-05-11 14:29:00,HALO
42.91,43.12,42.91,43.12,5096,2021-05-11 14:30:00,HALO
43.115,43.115,43.0201,43.115,500,2021-05-11 14:31:00,HALO
43.06,43.105,43.0,43.02,2472,2021-05-11 14:32:00,HALO
43.08,43.18,43.02,43.17,1860,2021-05-11 14:33:00,HALO
43.26,43.33,43.18,43.33,700,2021-05-11 14:34:00,HALO
43.235,43.34,43.235,43.235,500,2021-05-11 14:35:00,HALO
43.235,43.445,43.235,43.31,5924,2021-05-11 14:36:00,HALO
43.21,43.21,43.21,43.21,100,2021-05-11 14:37:00,HALO
43.285,43.285,43.19,43.19,4262,2021-05-11 14:38:00,HALO
43.19,43.22,43.07,43.07,2758,2021-05-11 14:39:00,HALO
43.065,43.185,43.02,43.18,6737,2021-05-11 14:40:00,HALO
43.16,43.16,43.08,43.09,2655,2021-05-11 14:41:00,HALO
43.09,43.09,42.98,43.0,3756,2021-05-11 14:42:00,HALO
43.0,43.02,42.91,42.91,3099,2021-05-11 14:43:00,HALO
42.91,42.94,42.79,42.845,3338,2021-05-11 14:44:00,HALO
42.8,42.92,42.79,42.8,8297,2021-05-11 14:45:00,HALO
42.8,42.8,42.695,42.72,6158,2021-05-11 14:46:00,HALO
42.74,42.98,42.715,42.98,4300,2021-05-11 14:47:00,HALO
42.93,42.99,42.93,42.9501,600,2021-05-11 14:48:00,HALO
42.955,43.09,42.95,43.015,8444,2021-05-11 14:49:00,HALO
43.0,43.03,42.94,42.97,4900,2021-05-11 14:50:00,HALO
42.975,42.99,42.83,42.855,8877,2021-05-11 14:51:00,HALO
42.84,42.9,42.725,42.88,6086,2021-05-11 14:52:00,HALO
42.88,42.93,42.88,42.89,1100,2021-05-11 14:53:00,HALO
42.93,42.96,42.81,42.81,6010,2021-05-11 14:54:00,HALO
42.81,42.81,42.65,42.65,2578,2021-05-11 14:55:00,HALO
42.65,42.83,42.65,42.79,13730,2021-05-11 14:56:00,HALO
42.76,42.76,42.71,42.73,6992,2021-05-11 14:57:00,HALO
42.76,42.78,42.71,42.712,9523,2021-05-11 14:58:00,HALO
42.71,42.71,42.5411,42.625,6036,2021-05-11 14:59:00,HALO
42.62,42.78,42.61,42.78,8491,2021-05-11 15:00:00,HALO
42.785,42.84,42.66,42.695,5471,2021-05-11 15:01:00,HALO
42.68,42.71,42.65,42.65,9410,2021-05-11 15:02:00,HALO
42.65,42.65,42.51,42.535,7000,2021-05-11 15:03:00,HALO
42.535,42.6,42.46,42.49,11292,2021-05-11 15:04:00,HALO
42.52,42.7,42.52,42.63,3961,2021-05-11 15:05:00,HALO
42.65,42.73,42.65,42.72,1300,2021-05-11 15:06:00,HALO
42.76,43.06,42.76,42.96,6306,2021-05-11 15:07:00,HALO
43.02,43.04,42.89,42.985,10213,2021-05-11 15:08:00,HALO
43.03,43.11,43.03,43.085,900,2021-05-11 15:09:00,HALO
43.085,43.365,43.085,43.365,1200,2021-05-11 15:10:00,HALO
43.42,43.55,43.335,43.3701,4767,2021-05-11 15:11:00,HALO
43.405,43.44,43.37,43.37,2700,2021-05-11 15:12:00,HALO
43.34,43.34,43.24,43.24,2822,2021-05-11 15:13:00,HALO
43.25,43.28,43.1001,43.1996,4300,2021-05-11 15:14:00,HALO
43.21,43.35,43.21,43.28,3287,2021-05-11 15:15:00,HALO
43.35,43.35,43.33,43.33,603,2021-05-11 15:16:00,HALO
43.32,43.39,43.32,43.36,1500,2021-05-11 15:17:00,HALO
43.35,43.35,43.215,43.215,4647,2021-05-11 15:18:00,HALO
43.18,43.2,43.11,43.17,1700,2021-05-11 15:19:00,HALO
43.175,43.2,43.15,43.2,500,2021-05-11 15:20:00,HALO
43.15,43.19,43.15,43.185,4045,2021-05-11 15:21:00,HALO
43.17,43.17,43.16,43.165,600,2021-05-11 15:22:00,HALO
43.18,43.31,43.18,43.305,3279,2021-05-11 15:23:00,HALO
43.29,43.29,43.29,43.29,200,2021-05-11 15:24:00,HALO
43.27,43.27,43.13,43.13,7214,2021-05-11 15:25:00,HALO
43.135,43.23,43.135,43.23,2088,2021-05-11 15:26:00,HALO
43.21,43.22,43.13,43.145,2196,2021-05-11 15:27:00,HALO
43.16,43.22,43.14,43.22,5783,2021-05-11 15:28:00,HALO
43.25,43.37,43.25,43.35,4105,2021-05-11 15:29:00,HALO
43.33,43.35,43.3,43.34,2374,2021-05-11 15:30:00,HALO
43.34,43.34,43.27,43.29,5344,2021-05-11 15:31:00,HALO
43.27,43.27,43.235,43.235,700,2021-05-11 15:32:00,HALO
43.24,43.26,43.18,43.18,1210,2021-05-11 15:33:00,HALO
43.205,43.22,43.18,43.18,3875,2021-05-11 15:34:00,HALO
43.12,43.215,43.12,43.175,12010,2021-05-11 15:35:00,HALO
43.19,43.26,43.19,43.26,2500,2021-05-11 15:36:00,HALO
43.24,43.24,43.15,43.16,2473,2021-05-11 15:37:00,HALO
43.16,43.22,43.13,43.135,3112,2021-05-11 15:38:00,HALO
43.13,43.17,43.13,43.165,2620,2021-05-11 15:39:00,HALO
43.14,43.14,43.05,43.05,1900,2021-05-11 15:40:00,HALO
43.08,43.08,43.045,43.045,2200,2021-05-11 15:41:00,HALO
43.045,43.045,42.89,42.93,2053,2021-05-11 15:42:00,HALO
42.895,42.93,42.88,42.88,1900,2021-05-11 15:43:00,HALO
42.875,42.875,42.76,42.775,3200,2021-05-11 15:44:00,HALO
42.77,42.85,42.77,42.845,4306,2021-05-11 15:45:00,HALO
42.845,42.9,42.845,42.85,4055,2021-05-11 15:46:00,HALO
42.85,42.96,42.85,42.905,4476,2021-05-11 15:47:00,HALO
42.94,43.175,42.94,43.06,18782,2021-05-11 15:48:00,HALO
43.035,43.035,43.035,43.035,100,2021-05-11 15:49:00,HALO
43.01,43.0599,43.0,43.03,6637,2021-05-11 15:50:00,HALO
43.035,43.15,43.035,43.115,5870,2021-05-11 15:51:00,HALO
43.14,43.27,43.045,43.05,14738,2021-05-11 15:52:00,HALO
43.05,43.05,42.94,42.94,1500,2021-05-11 15:53:00,HALO
42.94,42.95,42.94,42.95,400,2021-05-11 15:54:00,HALO
42.95,43.0,42.87,42.915,5852,2021-05-11 15:55:00,HALO
42.93,42.97,42.9,42.905,2700,2021-05-11 15:56:00,HALO
42.885,42.885,42.73,42.73,2900,2021-05-11 15:57:00,HALO
42.725,42.7312,42.7,42.72,1529,2021-05-11 15:58:00,HALO
42.7,42.7,42.63,42.64,2449,2021-05-11 15:59:00,HALO
42.63,42.63,42.5201,42.59,3800,2021-05-11 16:00:00,HALO
42.6,42.7,42.6,42.68,4500,2021-05-11 16:01:00,HALO
42.64,42.64,42.525,42.525,2000,2021-05-11 16:02:00,HALO
42.515,42.56,42.51,42.555,3300,2021-05-11 16:03:00,HALO
42.565,42.61,42.45,42.45,3456,2021-05-11 16:04:00,HALO
42.455,42.4771,42.35,42.35,2600,2021-05-11 16:05:00,HALO
42.31,42.325,42.31,42.325,300,2021-05-11 16:06:00,HALO
42.34,42.44,42.31,42.31,16535,2021-05-11 16:07:00,HALO
42.245,42.29,42.2,42.22,2800,2021-05-11 16:08:00,HALO
42.23,42.345,42.2,42.2,5800,2021-05-11 16:09:00,HALO
42.2,42.28,42.165,42.28,2881,2021-05-11 16:10:00,HALO
42.29,42.35,42.25,42.265,7672,2021-05-11 16:11:00,HALO
42.26,42.34,42.255,42.275,5800,2021-05-11 16:12:00,HALO
42.27,42.27,42.19,42.19,1900,2021-05-11 16:13:00,HALO
42.185,42.2393,42.185,42.2393,2300,2021-05-11 16:14:00,HALO
42.24,42.32,42.23,42.32,4587,2021-05-11 16:15:00,HALO
42.29,42.31,42.2596,42.2596,4548,2021-05-11 16:16:00,HALO
42.245,42.265,42.23,42.24,2300,2021-05-11 16:17:00,HALO
42.24,42.37,42.24,42.37,6500,2021-05-11 16:18:00,HALO
42.355,42.42,42.355,42.42,1250,2021-05-11 16:19:00,HALO
42.43,42.43,42.4,42.41,1602,2021-05-11 16:20:00,HALO
42.4,42.415,42.38,42.38,2000,2021-05-11 16:21:00,HALO
42.36,42.36,42.245,42.25,1710,2021-05-11 16:22:00,HALO
42.255,42.31,42.255,42.2849,1988,2021-05-11 16:23:00,HALO
42.275,42.275,42.22,42.22,2900,2021-05-11 16:24:00,HALO
42.21,42.28,42.2,42.28,2600,2021-05-11 16:25:00,HALO
42.29,42.33,42.23,42.26,3393,2021-05-11 16:26:00,HALO
42.26,42.28,42.255,42.27,1600,2021-05-11 16:27:00,HALO
42.27,42.28,42.255,42.26,911,2021-05-11 16:28:00,HALO
42.28,42.32,42.27,42.32,1300,2021-05-11 16:29:00,HALO
42.315,42.315,42.28,42.295,2252,2021-05-11 16:30:00,HALO
42.295,42.295,42.28,42.285,700,2021-05-11 16:31:00,HALO
42.29,42.29,42.285,42.285,200,2021-05-11 16:32:00,HALO
42.28,42.29,42.14,42.15,5310,2021-05-11 16:33:00,HALO
42.16,42.18,42.13,42.14,1774,2021-05-11 16:34:00,HALO
42.17,42.195,42.16,42.195,1100,2021-05-11 16:35:00,HALO
42.2,42.2342,42.19,42.2342,1500,2021-05-11 16:36:00,HALO
42.25,42.285,42.25,42.285,400,2021-05-11 16:37:00,HALO
42.31,42.37,42.31,42.36,2207,2021-05-11 16:38:00,HALO
42.35,42.35,42.325,42.325,1800,2021-05-11 16:39:00,HALO
42.33,42.35,42.31,42.35,1111,2021-05-11 16:40:00,HALO
42.355,42.36,42.33,42.35,1750,2021-05-11 16:41:00,HALO
42.32,42.325,42.21,42.22,3520,2021-05-11 16:42:00,HALO
42.195,42.34,42.195,42.3,1823,2021-05-11 16:43:00,HALO
42.3,42.31,42.25,42.25,2762,2021-05-11 16:44:00,HALO
42.2381,42.325,42.2381,42.32,1700,2021-05-11 16:45:00,HALO
42.33,42.33,42.26,42.295,2800,2021-05-11 16:46:00,HALO
42.27,42.29,42.16,42.16,2400,2021-05-11 16:47:00,HALO
42.2,42.205,42.17,42.2,1344,2021-05-11 16:48:00,HALO
42.21,42.2401,42.21,42.2401,600,2021-05-11 16:49:00,HALO
42.24,42.26,42.22,42.22,1193,2021-05-11 16:50:00,HALO
42.22,42.23,42.19,42.2,2965,2021-05-11 16:51:00,HALO
42.195,42.195,42.18,42.185,1382,2021-05-11 16:52:00,HALO
42.185,42.185,42.1607,42.17,1100,2021-05-11 16:53:00,HALO
42.165,42.18,42.12,42.18,2400,2021-05-11 16:54:00,HALO
42.19,42.28,42.19,42.28,3113,2021-05-11 16:55:00,HALO
42.29,42.3395,42.29,42.33,1278,2021-05-11 16:56:00,HALO
42.31,42.33,42.3,42.31,1500,2021-05-11 16:57:00,HALO
42.34,42.34,42.34,42.34,100,2021-05-11 16:58:00,HALO
42.38,42.4,42.37,42.38,1000,2021-05-11 16:59:00,HALO
42.37,42.37,42.33,42.335,5500,2021-05-11 17:00:00,HALO
42.335,42.39,42.3302,42.39,3490,2021-05-11 17:01:00,HALO
42.42,42.5,42.42,42.5,800,2021-05-11 17:02:00,HALO
42.53,42.67,42.53,42.62,2100,2021-05-11 17:03:00,HALO
42.67,42.78,42.67,42.78,2900,2021-05-11 17:04:00,HALO
42.79,42.795,42.65,42.715,10808,2021-05-11 17:05:00,HALO
42.69,42.715,42.69,42.7,925,2021-05-11 17:06:00,HALO
42.71,42.725,42.68,42.725,2700,2021-05-11 17:07:00,HALO
42.685,42.685,42.685,42.685,100,2021-05-11 17:08:00,HALO
42.675,42.68,42.67,42.67,657,2021-05-11 17:09:00,HALO
42.66,42.705,42.64,42.64,5891,2021-05-11 17:10:00,HALO
42.63,42.65,42.6,42.63,2300,2021-05-11 17:11:00,HALO
42.63,42.645,42.59,42.635,5175,2021-05-11 17:12:00,HALO
42.645,42.65,42.63,42.65,2100,2021-05-11 17:13:00,HALO
42.635,42.635,42.635,42.635,600,2021-05-11 17:14:00,HALO
42.65,42.65,42.635,42.635,600,2021-05-11 17:15:00,HALO
42.6375,42.69,42.635,42.69,3309,2021-05-11 17:16:00,HALO
42.68,42.71,42.68,42.71,800,2021-05-11 17:17:00,HALO
42.775,42.775,42.71,42.71,4358,2021-05-11 17:18:00,HALO
42.72,42.73,42.7,42.73,981,2021-05-11 17:19:00,HALO
42.73,42.735,42.73,42.735,200,2021-05-11 17:20:00,HALO
42.74,42.76,42.73,42.7411,1871,2021-05-11 17:21:00,HALO
42.755,42.78,42.755,42.78,500,2021-05-11 17:22:00,HALO
42.76,42.82,42.76,42.8,4300,2021-05-11 17:23:00,HALO
42.81,42.85,42.8,42.81,8065,2021-05-11 17:24:00,HALO
42.81,42.85,42.81,42.85,300,2021-05-11 17:25:00,HALO
42.85,42.88,42.85,42.8675,1000,2021-05-11 17:26:00,HALO
42.89,42.89,42.875,42.875,500,2021-05-11 17:27:00,HALO
42.88,42.89,42.85,42.89,2796,2021-05-11 17:28:00,HALO
42.9,42.93,42.9,42.905,300,2021-05-11 17:29:00,HALO
42.9,42.94,42.9,42.93,1165,2021-05-11 17:30:00,HALO
42.93,42.97,42.93,42.97,2172,2021-05-11 17:31:00,HALO
42.97,42.97,42.93,42.93,1683,2021-05-11 17:32:00,HALO
42.92,43.0,42.92,43.0,900,2021-05-11 17:33:00,HALO
43.03,43.06,43.03,43.06,300,2021-05-11 17:34:00,HALO
43.05,43.1,43.05,43.1,500,2021-05-11 17:35:00,HALO
43.06,43.08,43.05,43.06,2013,2021-05-11 17:36:00,HALO
43.04,43.06,43.01,43.0399,5300,2021-05-11 17:37:00,HALO
43.025,43.025,43.025,43.025,100,2021-05-11 17:38:00,HALO
43.025,43.05,43.025,43.035,8834,2021-05-11 17:39:00,HALO
43.0301,43.05,43.03,43.04,7050,2021-05-11 17:40:00,HALO
43.04,43.05,43.025,43.025,14138,2021-05-11 17:41:00,HALO
43.03,43.039,43.025,43.025,700,2021-05-11 17:42:00,HALO
43.03,43.07,43.01,43.07,4079,2021-05-11 17:43:00,HALO
43.06,43.11,43.06,43.11,1210,2021-05-11 17:44:00,HALO
43.11,43.15,43.11,43.15,2300,2021-05-11 17:45:00,HALO
43.13,43.13,43.07,43.07,6613,2021-05-11 17:46:00,HALO
43.07,43.08,43.055,43.055,3102,2021-05-11 17:47:00,HALO
43.055,43.055,42.97,42.97,1227,2021-05-11 17:48:00,HALO
42.94,43.01,42.94,42.97,2900,2021-05-11 17:49:00,HALO
42.965,42.965,42.89,42.89,1700,2021-05-11 17:50:00,HALO
42.89,42.89,42.86,42.87,2200,2021-05-11 17:51:00,HALO
42.865,42.865,42.865,42.865,300,2021-05-11 17:52:00,HALO
42.865,42.88,42.85,42.85,5574,2021-05-11 17:53:00,HALO
42.855,42.855,42.8,42.81,1600,2021-05-11 17:54:00,HALO
42.81,42.84,42.81,42.84,2092,2021-05-11 17:55:00,HALO
42.86,42.87,42.84,42.85,1496,2021-05-11 17:56:00,HALO
42.84,42.89,42.84,42.89,1800,2021-05-11 17:57:00,HALO
42.92,42.96,42.91,42.915,1300,2021-05-11 17:58:00,HALO
42.92,42.95,42.895,42.92,3800,2021-05-11 17:59:00,HALO
42.96,42.96,42.915,42.93,800,2021-05-11 18:00:00,HALO
42.94,43.03,42.93,43.03,1300,2021-05-11 18:01:00,HALO
43.04,43.045,42.99,42.99,2678,2021-05-11 18:02:00,HALO
43.005,43.07,42.99,43.07,1200,2021-05-11 18:03:00,HALO
43.06,43.06,42.97,42.97,1707,2021-05-11 18:04:00,HALO
42.99,43.0,42.84,42.84,2975,2021-05-11 18:05:00,HALO
42.86,42.879,42.83,42.83,1600,2021-05-11 18:06:00,HALO
42.83,42.84,42.8,42.81,10114,2021-05-11 18:07:00,HALO
42.805,42.83,42.65,42.65,4043,2021-05-11 18:08:00,HALO
42.65,42.66,42.6,42.66,5200,2021-05-11 18:09:00,HALO
42.66,42.76,42.66,42.74,1900,2021-05-11 18:10:00,HALO
42.74,42.74,42.64,42.65,15936,2021-05-11 18:11:00,HALO
42.65,42.68,42.65,42.68,2442,2021-05-11 18:12:00,HALO
42.68,42.68,42.675,42.675,200,2021-05-11 18:13:00,HALO
42.68,42.74,42.68,42.74,1010,2021-05-11 18:14:00,HALO
42.79,42.79,42.71,42.7101,4385,2021-05-11 18:15:00,HALO
42.73,42.755,42.7,42.755,1946,2021-05-11 18:16:00,HALO
42.79,42.79,42.73,42.73,2300,2021-05-11 18:17:00,HALO
42.73,42.73,42.67,42.7,1600,2021-05-11 18:18:00,HALO
42.705,42.775,42.705,42.775,1100,2021-05-11 18:19:00,HALO
42.775,42.81,42.745,42.745,2150,2021-05-11 18:20:00,HALO
42.75,42.83,42.75,42.83,4546,2021-05-11 18:21:00,HALO
42.83,42.84,42.81,42.81,1673,2021-05-11 18:22:00,HALO
42.8,42.815,42.79,42.81,2149,2021-05-11 18:23:00,HALO
42.815,42.855,42.81,42.85,1300,2021-05-11 18:24:00,HALO
42.84,42.855,42.84,42.84,1000,2021-05-11 18:25:00,HALO
42.85,42.97,42.85,42.97,600,2021-05-11 18:26:00,HALO
42.99,43.07,42.99,42.99,4484,2021-05-11 18:27:00,HALO
42.98,42.99,42.955,42.99,2700,2021-05-11 18:28:00,HALO
43.01,43.03,43.0,43.02,1628,2021-05-11 18:29:00,HALO
43.005,43.005,42.825,42.86,5343,2021-05-11 18:30:00,HALO
42.87,42.96,42.87,42.96,2800,2021-05-11 18:31:00,HALO
42.98,43.02,42.98,42.98,1600,2021-05-11 18:32:00,HALO
43.0,43.03,43.0,43.03,300,2021-05-11 18:33:00,HALO
43.06,43.08,43.01,43.01,3179,2021-05-11 18:34:00,HALO
42.995,42.995,42.995,42.995,100,2021-05-11 18:35:00,HALO
42.97,42.97,42.9,42.9,920,2021-05-11 18:36:00,HALO
42.91,42.95,42.885,42.95,2149,2021-05-11 18:37:00,HALO
42.975,42.975,42.92,42.93,1265,2021-05-11 18:38:00,HALO
42.93,42.98,42.93,42.97,2561,2021-05-11 18:39:00,HALO
42.96,42.96,42.855,42.87,2300,2021-05-11 18:40:00,HALO
42.8434,42.9,42.8434,42.88,3000,2021-05-11 18:41:00,HALO
42.89,42.9,42.79,42.79,2500,2021-05-11 18:42:00,HALO
42.79,42.79,42.755,42.79,1969,2021-05-11 18:43:00,HALO
42.78,42.79,42.75,42.75,3600,2021-05-11 18:44:00,HALO
42.69,42.69,42.665,42.675,1200,2021-05-11 18:45:00,HALO
42.66,42.6601,42.62,42.625,1200,2021-05-11 18:46:00,HALO
42.63,42.67,42.63,42.64,4500,2021-05-11 18:47:00,HALO
42.615,42.71,42.595,42.71,2600,2021-05-11 18:48:00,HALO
42.74,42.7975,42.74,42.795,824,2021-05-11 18:49:00,HALO
42.79,42.79,42.77,42.77,2100,2021-05-11 18:50:00,HALO
42.76,42.77,42.73,42.73,2021,2021-05-11 18:51:00,HALO
42.73,42.73,42.67,42.69,3248,2021-05-11 18:52:00,HALO
42.695,42.8,42.695,42.8,2100,2021-05-11 18:53:00,HALO
42.8,42.8,42.74,42.76,2474,2021-05-11 18:54:00,HALO
42.75,42.8,42.75,42.78,2261,2021-05-11 18:55:00,HALO
42.76,42.7769,42.691,42.691,1917,2021-05-11 18:56:00,HALO
42.695,42.7,42.62,42.62,5438,2021-05-11 18:57:00,HALO
42.62,42.69,42.62,42.68,3653,2021-05-11 18:58:00,HALO
42.68,42.7,42.64,42.65,3325,2021-05-11 18:59:00,HALO
42.66,42.75,42.645,42.71,6564,2021-05-11 19:00:00,HALO
42.7,42.7,42.68,42.68,1000,2021-05-11 19:01:00,HALO
42.7,42.73,42.68,42.73,1300,2021-05-11 19:02:00,HALO
42.73,42.73,42.71,42.72,1700,2021-05-11 19:03:00,HALO
42.73,42.77,42.72,42.72,3077,2021-05-11 19:04:00,HALO
42.72,42.76,42.72,42.73,2017,2021-05-11 19:05:00,HALO
42.73,42.735,42.71,42.71,1820,2021-05-11 19:06:00,HALO
42.72,42.72,42.71,42.71,1450,2021-05-11 19:07:00,HALO
42.72,42.74,42.72,42.73,1750,2021-05-11 19:08:00,HALO
42.735,42.735,42.705,42.71,3859,2021-05-11 19:09:00,HALO
42.71,42.73,42.685,42.685,2844,2021-05-11 19:10:00,HALO
42.685,42.69,42.675,42.675,2000,2021-05-11 19:11:00,HALO
42.675,42.675,42.673,42.675,700,2021-05-11 19:12:00,HALO
42.6701,42.68,42.67,42.675,510,2021-05-11 19:13:00,HALO
42.675,42.68,42.675,42.68,900,2021-05-11 19:14:00,HALO
42.675,42.68,42.65,42.655,7412,2021-05-11 19:15:00,HALO
42.66,42.66,42.56,42.58,10056,2021-05-11 19:16:00,HALO
42.58,42.7,42.58,42.59,5443,2021-05-11 19:17:00,HALO
42.5649,42.71,42.55,42.67,3629,2021-05-11 19:18:00,HALO
42.67,42.71,42.66,42.7007,2288,2021-05-11 19:19:00,HALO
42.7,42.7,42.7,42.7,400,2021-05-11 19:20:00,HALO
42.68,42.685,42.66,42.66,2790,2021-05-11 19:21:00,HALO
42.67,42.67,42.655,42.655,700,2021-05-11 19:22:00,HALO
42.65,42.67,42.63,42.63,4010,2021-05-11 19:23:00,HALO
42.64,42.65,42.632,42.635,1850,2021-05-11 19:24:00,HALO
42.635,42.65,42.62,42.65,1871,2021-05-11 19:25:00,HALO
42.64,42.685,42.64,42.685,2791,2021-05-11 19:26:00,HALO
42.7,42.77,42.67,42.75,3298,2021-05-11 19:27:00,HALO
42.77,42.795,42.76,42.795,4987,2021-05-11 19:28:00,HALO
42.8,42.8,42.775,42.785,3841,2021-05-11 19:29:00,HALO
42.77,42.78,42.75,42.765,5619,2021-05-11 19:30:00,HALO
42.75,42.76,42.75,42.755,1970,2021-05-11 19:31:00,HALO
42.75,42.75,42.73,42.73,10100,2021-05-11 19:32:00,HALO
42.735,42.735,42.72,42.72,2644,2021-05-11 19:33:00,HALO
42.725,42.725,42.725,42.725,472,2021-05-11 19:34:00,HALO
42.725,42.73,42.72,42.72,901,2021-05-11 19:35:00,HALO
42.73,42.73,42.72,42.725,4803,2021-05-11 19:36:00,HALO
42.725,42.725,42.62,42.62,16254,2021-05-11 19:37:00,HALO
42.625,42.625,42.49,42.54,19421,2021-05-11 19:38:00,HALO
42.535,42.535,42.51,42.515,4000,2021-05-11 19:39:00,HALO
42.5,42.58,42.5,42.56,10674,2021-05-11 19:40:00,HALO
42.59,42.62,42.51,42.52,9835,2021-05-11 19:41:00,HALO
42.51,42.51,42.445,42.47,6084,2021-05-11 19:42:00,HALO
42.445,42.47,42.42,42.43,1500,2021-05-11 19:43:00,HALO
42.44,42.47,42.42,42.45,5426,2021-05-11 19:44:00,HALO
42.47,42.47,42.43,42.44,4722,2021-05-11 19:45:00,HALO
42.44,42.49,42.43,42.475,8382,2021-05-11 19:46:00,HALO
42.475,42.48,42.47,42.48,2241,2021-05-11 19:47:00,HALO
42.475,42.48,42.47,42.475,10976,2021-05-11 19:48:00,HALO
42.48,42.58,42.4744,42.57,10484,2021-05-11 19:49:00,HALO
42.59,42.59,42.5,42.505,9928,2021-05-11 19:50:00,HALO
42.505,42.55,42.48,42.545,16483,2021-05-11 19:51:00,HALO
42.53,42.56,42.53,42.535,8051,2021-05-11 19:52:00,HALO
42.54,42.56,42.535,42.56,11192,2021-05-11 19:53:00,HALO
42.57,42.59,42.56,42.58,19198,2021-05-11 19:54:00,HALO
42.58,42.64,42.57,42.635,11628,2021-05-11 19:55:00,HALO
42.635,42.64,42.63,42.635,18969,2021-05-11 19:56:00,HALO
42.6301,42.64,42.615,42.64,25811,2021-05-11 19:57:00,HALO
42.63,42.7,42.63,42.69,19853,2021-05-11 19:58:00,HALO
42.695,42.7,42.67,42.68,23523,2021-05-11 19:59:00,HALO
42.68,42.68,42.68,42.68,75308,2021-05-11 20:00:00,HALO
42.68,42.68,42.68,42.68,853,2021-05-11 20:01:00,HALO
42.55,42.55,42.55,42.55,200,2021-05-11 20:41:00,HALO
42.45,42.45,42.45,42.45,100,2021-05-11 20:55:00,HALO
42.88,42.88,42.88,42.88,200,2021-05-12 11:37:00,HALO
42.61,42.61,42.61,42.61,165,2021-05-12 12:45:00,HALO
42.7027,42.7027,42.7027,42.7027,120,2021-05-12 12:57:00,HALO
42.71,42.71,42.71,42.71,200,2021-05-12 13:13:00,HALO
42.705,42.705,42.7,42.7,1108,2021-05-12 13:22:00,HALO
42.51,42.51,42.5,42.5,200,2021-05-12 13:25:00,HALO
42.3,42.3,42.3,42.3,708,2021-05-12 13:28:00,HALO
41.87,42.175,41.87,42.175,22782,2021-05-12 13:30:00,HALO
42.175,42.36,42.175,42.36,500,2021-05-12 13:31:00,HALO
42.4,42.4,42.31,42.395,300,2021-05-12 13:32:00,HALO
42.51,42.89,42.51,42.68,16480,2021-05-12 13:33:00,HALO
42.8,42.84,42.73,42.84,1350,2021-05-12 13:34:00,HALO
42.82,42.82,42.71,42.73,4110,2021-05-12 13:35:00,HALO
42.71,42.76,42.52,42.62,5492,2021-05-12 13:36:00,HALO
42.66,42.76,42.66,42.76,300,2021-05-12 13:37:00,HALO
42.8,42.98,42.55,42.55,3600,2021-05-12 13:38:00,HALO
42.54,42.6,42.42,42.51,4681,2021-05-12 13:39:00,HALO
42.5,42.51,42.38,42.38,2000,2021-05-12 13:40:00,HALO
42.37,42.37,42.24,42.3,1100,2021-05-12 13:41:00,HALO
42.54,42.54,42.54,42.54,100,2021-05-12 13:42:00,HALO
42.49,42.49,42.44,42.44,946,2021-05-12 13:43:00,HALO
42.45,42.53,42.37,42.41,2948,2021-05-12 13:44:00,HALO
42.48,42.48,42.39,42.4,4400,2021-05-12 13:46:00,HALO
42.4,42.4,42.16,42.16,4000,2021-05-12 13:47:00,HALO
42.18,42.35,42.18,42.35,2400,2021-05-12 13:48:00,HALO
42.36,42.36,42.18,42.18,2600,2021-05-12 13:49:00,HALO
42.13,42.13,42.03,42.04,1094,2021-05-12 13:50:00,HALO
42.28,42.35,42.28,42.35,200,2021-05-12 13:52:00,HALO
42.26,42.315,42.24,42.26,3201,2021-05-12 13:53:00,HALO
42.29,42.29,42.24,42.24,3286,2021-05-12 13:54:00,HALO
42.22,42.31,42.22,42.31,900,2021-05-12 13:55:00,HALO
42.31,42.31,42.28,42.29,1300,2021-05-12 13:56:00,HALO
42.29,42.32,42.245,42.245,4380,2021-05-12 13:57:00,HALO
42.24,42.25,42.23,42.2301,1300,2021-05-12 13:58:00,HALO
42.19,42.19,42.055,42.07,2300,2021-05-12 13:59:00,HALO
42.06,42.06,42.0,42.0,2500,2021-05-12 14:00:00,HALO
42.01,42.03,42.01,42.03,700,2021-05-12 14:01:00,HALO
42.03,42.11,41.97,41.98,4450,2021-05-12 14:02:00,HALO
41.97,41.9701,41.925,41.95,2100,2021-05-12 14:03:00,HALO
41.92,41.93,41.92,41.93,764,2021-05-12 14:04:00,HALO
41.91,42.11,41.91,41.985,2700,2021-05-12 14:05:00,HALO
41.9,41.9,41.88,41.88,900,2021-05-12 14:06:00,HALO
41.86,41.86,41.79,41.81,2403,2021-05-12 14:07:00,HALO
41.83,41.8865,41.81,41.85,900,2021-05-12 14:08:00,HALO
41.91,41.98,41.91,41.98,400,2021-05-12 14:09:00,HALO
41.94,41.94,41.89,41.92,2309,2021-05-12 14:10:00,HALO
41.9,41.9,41.7501,41.81,2186,2021-05-12 14:11:00,HALO
41.77,41.78,41.77,41.78,300,2021-05-12 14:12:00,HALO
41.81,41.91,41.78,41.91,1746,2021-05-12 14:13:00,HALO
41.97,41.99,41.92,41.92,1299,2021-05-12 14:14:00,HALO
41.92,41.94,41.915,41.94,2797,2021-05-12 14:15:00,HALO
41.92,41.97,41.89,41.97,1200,2021-05-12 14:16:00,HALO
41.94,41.99,41.935,41.99,1200,2021-05-12 14:17:00,HALO
41.99,41.99,41.94,41.96,1700,2021-05-12 14:18:00,HALO
41.94,42.0,41.94,41.96,1000,2021-05-12 14:19:00,HALO
42.0,42.02,42.0,42.02,406,2021-05-12 14:20:00,HALO
42.1,42.1001,42.04,42.0501,2500,2021-05-12 14:21:00,HALO
42.05,42.05,42.05,42.05,200,2021-05-12 14:23:00,HALO
42.02,42.05,41.99,42.0,4001,2021-05-12 14:24:00,HALO
42.0,42.01,41.99,42.0,900,2021-05-12 14:25:00,HALO
42.03,42.03,41.98,42.0,1200,2021-05-12 14:26:00,HALO
41.97,42.12,41.97,42.09,2089,2021-05-12 14:27:00,HALO
42.09,42.11,42.09,42.09,1045,2021-05-12 14:28:00,HALO
42.09,42.09,41.98,41.98,3167,2021-05-12 14:29:00,HALO
41.98,41.98,41.91,41.96,1798,2021-05-12 14:30:00,HALO
41.96,42.05,41.96,42.0,2942,2021-05-12 14:31:00,HALO
41.99,41.99,41.86,41.86,800,2021-05-12 14:32:00,HALO
41.91,41.91,41.79,41.83,1600,2021-05-12 14:33:00,HALO
41.8,41.83,41.8,41.82,800,2021-05-12 14:34:00,HALO
41.81,41.85,41.77,41.84,1700,2021-05-12 14:35:00,HALO
41.82,41.87,41.815,41.87,1200,2021-05-12 14:36:00,HALO
41.88,41.99,41.88,41.93,1400,2021-05-12 14:37:00,HALO
41.95,42.0,41.95,41.96,1000,2021-05-12 14:38:00,HALO
41.94,41.95,41.92,41.94,2400,2021-05-12 14:39:00,HALO
41.95,41.95,41.91,41.91,400,2021-05-12 14:40:00,HALO
41.96,41.96,41.89,41.89,1002,2021-05-12 14:41:00,HALO
41.89,41.92,41.89,41.92,1592,2021-05-12 14:42:00,HALO
41.91,41.91,41.91,41.91,200,2021-05-12 14:43:00,HALO
41.92,42.01,41.92,42.01,1513,2021-05-12 14:44:00,HALO
41.98,42.01,41.96,42.01,1553,2021-05-12 14:45:00,HALO
42.055,42.055,42.055,42.055,100,2021-05-12 14:46:00,HALO
42.05,42.11,42.05,42.11,2084,2021-05-12 14:47:00,HALO
42.14,42.14,42.1,42.1126,1715,2021-05-12 14:48:00,HALO
42.09,42.15,42.09,42.12,2900,2021-05-12 14:49:00,HALO
42.11,42.11,42.07,42.1,1100,2021-05-12 14:50:00,HALO
42.07,42.07,42.07,42.07,100,2021-05-12 14:51:00,HALO
42.07,42.09,41.95,41.99,5961,2021-05-12 14:52:00,HALO
41.94,41.9494,41.94,41.9494,350,2021-05-12 14:53:00,HALO
41.98,42.04,41.95,41.98,2800,2021-05-12 14:54:00,HALO
41.99,42.03,41.99,42.02,1300,2021-05-12 14:55:00,HALO
42.0,42.0,41.92,41.92,1312,2021-05-12 14:56:00,HALO
41.9133,41.96,41.89,41.935,1524,2021-05-12 14:57:00,HALO
41.92,41.93,41.9,41.9,1100,2021-05-12 14:58:00,HALO
41.9,41.93,41.88,41.93,600,2021-05-12 14:59:00,HALO
41.97,42.02,41.96,42.02,1279,2021-05-12 15:00:00,HALO
42.07,42.17,42.07,42.15,2300,2021-05-12 15:01:00,HALO
42.17,42.17,42.15,42.16,550,2021-05-12 15:02:00,HALO
42.17,42.195,42.14,42.14,2700,2021-05-12 15:03:00,HALO
42.115,42.14,42.115,42.14,703,2021-05-12 15:04:00,HALO
42.16,42.24,42.16,42.2101,2310,2021-05-12 15:05:00,HALO
42.21,42.28,42.21,42.28,1400,2021-05-12 15:06:00,HALO
42.34,42.35,42.3,42.34,2289,2021-05-12 15:07:00,HALO
42.3401,42.51,42.3401,42.4401,2500,2021-05-12 15:08:00,HALO
42.49,42.57,42.45,42.57,1900,2021-05-12 15:09:00,HALO
42.56,42.62,42.55,42.59,2431,2021-05-12 15:10:00,HALO
42.605,42.67,42.605,42.645,4890,2021-05-12 15:11:00,HALO
42.645,42.77,42.645,42.74,2500,2021-05-12 15:12:00,HALO
42.74,42.74,42.69,42.69,7432,2021-05-12 15:13:00,HALO
42.69,42.69,42.56,42.58,2300,2021-05-12 15:14:00,HALO
42.55,42.56,42.5001,42.5001,1800,2021-05-12 15:15:00,HALO
42.49,42.53,42.46,42.53,1424,2021-05-12 15:16:00,HALO
42.48,42.51,42.41,42.41,2500,2021-05-12 15:17:00,HALO
42.39,42.49,42.39,42.48,1621,2021-05-12 15:18:00,HALO
42.51,42.57,42.51,42.57,950,2021-05-12 15:19:00,HALO
42.53,42.53,42.43,42.43,1640,2021-05-12 15:20:00,HALO
42.42,42.44,42.38,42.38,1400,2021-05-12 15:21:00,HALO
42.39,42.39,42.36,42.37,1400,2021-05-12 15:22:00,HALO
42.39,42.39,42.37,42.37,400,2021-05-12 15:23:00,HALO
42.39,42.41,42.33,42.41,2032,2021-05-12 15:24:00,HALO
42.37,42.375,42.3,42.3,1900,2021-05-12 15:25:00,HALO
42.28,42.35,42.26,42.31,3268,2021-05-12 15:26:00,HALO
42.29,42.29,42.23,42.23,1600,2021-05-12 15:27:00,HALO
42.22,42.22,42.16,42.21,1915,2021-05-12 15:28:00,HALO
42.22,42.25,42.22,42.25,800,2021-05-12 15:29:00,HALO
42.23,42.23,42.1129,42.1129,1800,2021-05-12 15:30:00,HALO
42.0981,42.14,42.06,42.06,1043,2021-05-12 15:31:00,HALO
42.08,42.12,42.03,42.1,2900,2021-05-12 15:32:00,HALO
42.06,42.08,42.06,42.08,400,2021-05-12 15:33:00,HALO
42.05,42.08,42.05,42.08,909,2021-05-12 15:34:00,HALO
42.09,42.18,42.0816,42.18,2091,2021-05-12 15:35:00,HALO
42.14,42.15,42.11,42.15,1300,2021-05-12 15:36:00,HALO
42.165,42.21,42.14,42.195,2200,2021-05-12 15:37:00,HALO
42.23,42.25,42.23,42.25,1615,2021-05-12 15:38:00,HALO
42.34,42.34,42.34,42.34,100,2021-05-12 15:39:00,HALO
42.33,42.33,42.26,42.27,2326,2021-05-12 15:40:00,HALO
42.245,42.245,42.22,42.24,800,2021-05-12 15:41:00,HALO
42.28,42.33,42.28,42.3,700,2021-05-12 15:42:00,HALO
42.33,42.35,42.3,42.3,1500,2021-05-12 15:43:00,HALO
42.3,42.32,42.3,42.32,1099,2021-05-12 15:44:00,HALO
42.31,42.31,42.3,42.305,700,2021-05-12 15:45:00,HALO
42.29,42.375,42.29,42.36,900,2021-05-12 15:46:00,HALO
42.4,42.45,42.4,42.435,1200,2021-05-12 15:47:00,HALO
42.42,42.43,42.38,42.39,1900,2021-05-12 15:48:00,HALO
42.38,42.38,42.32,42.32,3000,2021-05-12 15:49:00,HALO
42.32,42.37,42.315,42.32,2230,2021-05-12 15:50:00,HALO
42.32,42.36,42.31,42.31,1187,2021-05-12 15:51:00,HALO
42.3,42.3,42.28,42.28,800,2021-05-12 15:52:00,HALO
42.28,42.28,42.28,42.28,321,2021-05-12 15:53:00,HALO
42.26,42.31,42.26,42.31,1600,2021-05-12 15:54:00,HALO
42.315,42.315,42.18,42.21,2442,2021-05-12 15:55:00,HALO
42.25,42.3,42.25,42.3,742,2021-05-12 15:56:00,HALO
42.3,42.3,42.3,42.3,100,2021-05-12 15:57:00,HALO
42.285,42.42,42.285,42.405,7000,2021-05-12 15:58:00,HALO
42.38,42.39,42.36,42.39,2600,2021-05-12 15:59:00,HALO
42.395,42.395,42.35,42.35,1421,2021-05-12 16:00:00,HALO
42.36,42.36,42.31,42.31,700,2021-05-12 16:01:00,HALO
42.34,42.53,42.34,42.512,1600,2021-05-12 16:02:00,HALO
42.51,42.52,42.51,42.52,300,2021-05-12 16:03:00,HALO
42.52,42.56,42.51,42.52,728,2021-05-12 16:04:00,HALO
42.51,42.57,42.51,42.55,1000,2021-05-12 16:05:00,HALO
42.58,42.6,42.58,42.6,400,2021-05-12 16:06:00,HALO
42.68,42.68,42.67,42.67,800,2021-05-12 16:07:00,HALO
42.66,42.66,42.64,42.64,1106,2021-05-12 16:08:00,HALO
42.63,42.63,42.59,42.595,2587,2021-05-12 16:09:00,HALO
42.58,42.58,42.54,42.54,1242,2021-05-12 16:10:00,HALO
42.53,42.53,42.52,42.52,701,2021-05-12 16:11:00,HALO
42.52,42.52,42.495,42.495,3100,2021-05-12 16:12:00,HALO
42.49,42.515,42.465,42.5,4741,2021-05-12 16:13:00,HALO
42.48,42.48,42.46,42.46,200,2021-05-12 16:14:00,HALO
42.45,42.47,42.42,42.47,2700,2021-05-12 16:15:00,HALO
42.41,42.41,42.4,42.4,300,2021-05-12 16:16:00,HALO
42.415,42.46,42.415,42.44,1598,2021-05-12 16:18:00,HALO
42.45,42.46,42.44,42.45,1624,2021-05-12 16:19:00,HALO
42.45,42.45,42.42,42.42,781,2021-05-12 16:20:00,HALO
42.43,42.46,42.43,42.44,1747,2021-05-12 16:21:00,HALO
42.425,42.48,42.42,42.48,1000,2021-05-12 16:22:00,HALO
42.61,42.61,42.6,42.6,1400,2021-05-12 16:23:00,HALO
42.6,42.6,42.54,42.54,2050,2021-05-12 16:24:00,HALO
42.535,42.63,42.5,42.63,2002,2021-05-12 16:25:00,HALO
42.59,42.59,42.59,42.59,200,2021-05-12 16:26:00,HALO
42.6,42.64,42.6,42.64,500,2021-05-12 16:27:00,HALO
42.62,42.69,42.61,42.69,908,2021-05-12 16:28:00,HALO
42.67,42.69,42.62,42.62,3546,2021-05-12 16:29:00,HALO
42.61,42.61,42.55,42.55,1600,2021-05-12 16:30:00,HALO
42.52,42.53,42.52,42.53,1100,2021-05-12 16:31:00,HALO
42.58,42.6,42.58,42.6,492,2021-05-12 16:32:00,HALO
42.6,42.6,42.59,42.595,700,2021-05-12 16:33:00,HALO
42.59,42.59,42.57,42.58,1400,2021-05-12 16:34:00,HALO
42.58,42.59,42.55,42.55,1600,2021-05-12 16:35:00,HALO
42.54,42.54,42.51,42.52,1265,2021-05-12 16:36:00,HALO
42.525,42.56,42.525,42.56,1100,2021-05-12 16:37:00,HALO
42.55,42.555,42.5471,42.55,900,2021-05-12 16:38:00,HALO
42.55,42.55,42.53,42.55,2280,2021-05-12 16:39:00,HALO
42.56,42.56,42.53,42.53,967,2021-05-12 16:40:00,HALO
42.53,42.56,42.53,42.56,920,2021-05-12 16:41:00,HALO
42.56,42.56,42.56,42.56,100,2021-05-12 16:42:00,HALO
42.56,42.63,42.555,42.62,2138,2021-05-12 16:44:00,HALO
42.62,42.63,42.6,42.6,2560,2021-05-12 16:45:00,HALO
42.59,42.62,42.59,42.61,1400,2021-05-12 16:46:00,HALO
42.62,42.64,42.62,42.64,600,2021-05-12 16:47:00,HALO
42.69,42.72,42.69,42.71,1468,2021-05-12 16:48:00,HALO
42.73,42.78,42.73,42.76,1207,2021-05-12 16:49:00,HALO
42.77,42.79,42.77,42.79,400,2021-05-12 16:50:00,HALO
42.83,42.91,42.8275,42.91,2147,2021-05-12 16:51:00,HALO
42.89,42.89,42.85,42.88,1900,2021-05-12 16:52:00,HALO
42.87,42.9092,42.85,42.85,4200,2021-05-12 16:53:00,HALO
42.87,43.0,42.87,43.0,3200,2021-05-12 16:54:00,HALO
42.985,42.99,42.915,42.95,3200,2021-05-12 16:55:00,HALO
42.91,42.92,42.9,42.9,300,2021-05-12 16:56:00,HALO
42.91,42.93,42.91,42.92,500,2021-05-12 16:57:00,HALO
42.94,42.98,42.94,42.94,1500,2021-05-12 16:58:00,HALO
42.96,43.035,42.96,43.035,2100,2021-05-12 16:59:00,HALO
43.05,43.05,43.05,43.05,300,2021-05-12 17:00:00,HALO
43.05,43.12,43.05,43.12,1000,2021-05-12 17:01:00,HALO
43.12,43.12,43.1,43.1,1354,2021-05-12 17:02:00,HALO
43.1,43.11,43.08,43.11,700,2021-05-12 17:03:00,HALO
43.11,43.13,43.11,43.13,200,2021-05-12 17:04:00,HALO
43.12,43.12,43.09,43.09,1600,2021-05-12 17:05:00,HALO
43.08,43.11,43.075,43.09,1444,2021-05-12 17:06:00,HALO
43.08,43.08,42.99,43.0,2610,2021-05-12 17:07:00,HALO
43.04,43.05,43.04,43.05,1115,2021-05-12 17:08:00,HALO
43.08,43.09,43.03,43.045,1700,2021-05-12 17:09:00,HALO
43.03,43.03,43.0038,43.03,1400,2021-05-12 17:10:00,HALO
43.04,43.05,43.03,43.05,800,2021-05-12 17:11:00,HALO
43.055,43.055,42.975,42.975,2490,2021-05-12 17:13:00,HALO
43.0,43.0,42.97,42.985,1781,2021-05-12 17:14:00,HALO
42.985,42.99,42.87,42.89,3759,2021-05-12 17:15:00,HALO
42.87,42.89,42.87,42.89,200,2021-05-12 17:16:00,HALO
42.9,42.94,42.86,42.94,2839,2021-05-12 17:17:00,HALO
42.96,42.96,42.91,42.91,1500,2021-05-12 17:18:00,HALO
42.92,42.95,42.92,42.95,1300,2021-05-12 17:19:00,HALO
42.92,42.93,42.91,42.93,500,2021-05-12 17:20:00,HALO
42.97,42.97,42.94,42.96,1312,2021-05-12 17:21:00,HALO
42.97,42.97,42.97,42.97,600,2021-05-12 17:22:00,HALO
42.98,43.0,42.97,42.97,1900,2021-05-12 17:23:00,HALO
42.98,43.02,42.98,43.0,1000,2021-05-12 17:24:00,HALO
43.0,43.05,43.0,43.05,1180,2021-05-12 17:25:00,HALO
43.05,43.0758,43.05,43.0758,900,2021-05-12 17:26:00,HALO
43.05,43.05,43.04,43.05,1843,2021-05-12 17:27:00,HALO
43.04,43.04,43.03,43.03,1500,2021-05-12 17:28:00,HALO
43.03,43.04,43.02,43.03,2105,2021-05-12 17:29:00,HALO
43.01,43.01,42.99,43.0,1200,2021-05-12 17:30:00,HALO
43.08,43.08,43.06,43.06,1500,2021-05-12 17:31:00,HALO
43.05,43.07,43.05,43.065,3475,2021-05-12 17:33:00,HALO
43.05,43.08,43.05,43.07,2700,2021-05-12 17:34:00,HALO
43.08,43.08,43.075,43.075,1500,2021-05-12 17:35:00,HALO
43.07,43.07,43.07,43.07,500,2021-05-12 17:36:00,HALO
43.08,43.08,43.07,43.08,2100,2021-05-12 17:37:00,HALO
43.08,43.2,43.075,43.15,7726,2021-05-12 17:38:00,HALO
43.13,43.13,43.13,43.13,100,2021-05-12 17:39:00,HALO
43.17,43.17,43.12,43.14,2600,2021-05-12 17:40:00,HALO
43.13,43.15,43.13,43.15,703,2021-05-12 17:41:00,HALO
43.205,43.205,43.205,43.205,300,2021-05-12 17:42:00,HALO
43.21,43.24,43.21,43.24,300,2021-05-12 17:43:00,HALO
43.26,43.27,43.24,43.24,2703,2021-05-12 17:44:00,HALO
43.24,43.2997,43.24,43.27,4100,2021-05-12 17:45:00,HALO
43.275,43.275,43.26,43.26,700,2021-05-12 17:46:00,HALO
43.26,43.29,43.26,43.27,307,2021-05-12 17:47:00,HALO
43.28,43.35,43.28,43.35,1362,2021-05-12 17:48:00,HALO
43.3,43.36,43.3,43.36,800,2021-05-12 17:49:00,HALO
43.38,43.39,43.35,43.35,5303,2021-05-12 17:50:00,HALO
43.35,43.375,43.34,43.37,2500,2021-05-12 17:51:00,HALO
43.36,43.4,43.355,43.4,1465,2021-05-12 17:52:00,HALO
43.4,43.47,43.395,43.47,2600,2021-05-12 17:53:00,HALO
43.44,43.56,43.43,43.55,3209,2021-05-12 17:54:00,HALO
43.55,43.57,43.54,43.54,3100,2021-05-12 17:55:00,HALO
43.545,43.63,43.545,43.63,600,2021-05-12 17:56:00,HALO
43.61,43.61,43.6,43.61,1100,2021-05-12 17:57:00,HALO
43.64,43.66,43.6141,43.625,2223,2021-05-12 17:58:00,HALO
43.61,43.61,43.575,43.59,4800,2021-05-12 17:59:00,HALO
43.57,43.58,43.51,43.51,1700,2021-05-12 18:00:00,HALO
43.505,43.52,43.49,43.49,2206,2021-05-12 18:01:00,HALO
43.48,43.52,43.48,43.5,1653,2021-05-12 18:02:00,HALO
43.53,43.57,43.53,43.55,943,2021-05-12 18:03:00,HALO
43.52,43.52,43.46,43.46,1400,2021-05-12 18:04:00,HALO
43.46,43.51,43.45,43.51,4030,2021-05-12 18:05:00,HALO
43.52,43.535,43.52,43.535,300,2021-05-12 18:06:00,HALO
43.53,43.6,43.53,43.57,1400,2021-05-12 18:07:00,HALO
43.56,43.56,43.52,43.53,2000,2021-05-12 18:08:00,HALO
43.51,43.53,43.51,43.515,744,2021-05-12 18:09:00,HALO
43.5,43.5,43.43,43.47,3022,2021-05-12 18:10:00,HALO
43.475,43.475,43.4,43.44,3700,2021-05-12 18:11:00,HALO
43.45,43.54,43.44,43.54,3200,2021-05-12 18:12:00,HALO
43.52,43.54,43.5,43.54,935,2021-05-12 18:13:00,HALO
43.53,43.53,43.51,43.53,600,2021-05-12 18:14:00,HALO
43.54,43.55,43.53,43.54,1000,2021-05-12 18:15:00,HALO
43.54,43.54,43.49,43.49,1600,2021-05-12 18:16:00,HALO
43.49,43.55,43.47,43.47,2400,2021-05-12 18:17:00,HALO
43.46,43.52,43.46,43.52,6708,2021-05-12 18:18:00,HALO
43.49,43.51,43.4601,43.51,1600,2021-05-12 18:19:00,HALO
43.6,43.62,43.5408,43.5408,1855,2021-05-12 18:20:00,HALO
43.535,43.535,43.485,43.49,2456,2021-05-12 18:21:00,HALO
43.49,43.52,43.48,43.52,741,2021-05-12 18:22:00,HALO
43.5,43.5,43.49,43.49,400,2021-05-12 18:23:00,HALO
43.5,43.5,43.5,43.5,900,2021-05-12 18:24:00,HALO
43.5,43.58,43.5,43.56,3369,2021-05-12 18:25:00,HALO
43.59,43.6,43.57,43.6,1197,2021-05-12 18:26:00,HALO
43.61,43.61,43.585,43.585,1465,2021-05-12 18:27:00,HALO
43.58,43.61,43.58,43.6,1500,2021-05-12 18:28:00,HALO
43.59,43.59,43.565,43.58,900,2021-05-12 18:29:00,HALO
43.58,43.58,43.47,43.5,2448,2021-05-12 18:30:00,HALO
43.53,43.53,43.53,43.53,100,2021-05-12 18:31:00,HALO
43.54,43.55,43.49,43.52,2636,2021-05-12 18:32:00,HALO
43.54,43.57,43.54,43.56,700,2021-05-12 18:33:00,HALO
43.5601,43.595,43.5,43.5,3663,2021-05-12 18:34:00,HALO
43.48,43.52,43.44,43.44,5850,2021-05-12 18:35:00,HALO
43.42,43.49,43.42,43.48,1424,2021-05-12 18:36:00,HALO
43.47,43.51,43.46,43.48,1000,2021-05-12 18:37:00,HALO
43.49,43.52,43.49,43.49,1630,2021-05-12 18:38:00,HALO
43.47,43.48,43.41,43.41,900,2021-05-12 18:39:00,HALO
43.4,43.41,43.38,43.405,1900,2021-05-12 18:40:00,HALO
43.44,43.45,43.41,43.425,2725,2021-05-12 18:41:00,HALO
43.41,43.41,43.36,43.37,900,2021-05-12 18:42:00,HALO
43.37,43.38,43.37,43.38,200,2021-05-12 18:43:00,HALO
43.38,43.39,43.35,43.35,1950,2021-05-12 18:44:00,HALO
43.35,43.36,43.325,43.33,1510,2021-05-12 18:45:00,HALO
43.34,43.35,43.33,43.33,500,2021-05-12 18:46:00,HALO
43.33,43.35,43.32,43.34,1900,2021-05-12 18:47:00,HALO
43.31,43.37,43.3,43.37,1209,2021-05-12 18:48:00,HALO
43.38,43.38,43.33,43.35,1600,2021-05-12 18:49:00,HALO
43.35,43.35,43.29,43.3,2248,2021-05-12 18:50:00,HALO
43.29,43.29,43.29,43.29,300,2021-05-12 18:51:00,HALO
43.295,43.295,43.27,43.27,809,2021-05-12 18:52:00,HALO
43.27,43.27,43.15,43.15,2735,2021-05-12 18:53:00,HALO
43.15,43.175,43.15,43.16,1200,2021-05-12 18:54:00,HALO
43.15,43.165,43.11,43.11,1550,2021-05-12 18:55:00,HALO
43.12,43.12,43.11,43.11,400,2021-05-12 18:56:00,HALO
43.13,43.14,43.11,43.11,2632,2021-05-12 18:57:00,HALO
43.11,43.11,43.11,43.11,100,2021-05-12 18:58:00,HALO
43.075,43.075,43.05,43.05,600,2021-05-12 18:59:00,HALO
43.05,43.06,42.88,42.89,4308,2021-05-12 19:00:00,HALO
42.9,42.91,42.88,42.9,2042,2021-05-12 19:01:00,HALO
42.9,42.92,42.9,42.92,3733,2021-05-12 19:02:00,HALO
42.88,42.88,42.82,42.82,2109,2021-05-12 19:03:00,HALO
42.81,42.83,42.78,42.78,2195,2021-05-12 19:04:00,HALO
42.76,42.76,42.685,42.7,1953,2021-05-12 19:05:00,HALO
42.71,42.76,42.71,42.73,1552,2021-05-12 19:06:00,HALO
42.73,42.74,42.71,42.72,1559,2021-05-12 19:07:00,HALO
42.72,42.75,42.7001,42.75,1537,2021-05-12 19:08:00,HALO
42.77,42.77,42.69,42.74,2356,2021-05-12 19:09:00,HALO
42.73,42.73,42.67,42.67,1609,2021-05-12 19:10:00,HALO
42.67,42.69,42.66,42.67,2856,2021-05-12 19:11:00,HALO
42.7,42.71,42.68,42.68,3215,2021-05-12 19:12:00,HALO
42.685,42.7,42.66,42.66,3953,2021-05-12 19:13:00,HALO
42.665,42.74,42.665,42.73,2533,2021-05-12 19:14:00,HALO
42.74,42.75,42.7,42.7,2300,2021-05-12 19:15:00,HALO
42.72,42.77,42.72,42.75,2146,2021-05-12 19:16:00,HALO
42.75,42.75,42.72,42.72,1920,2021-05-12 19:17:00,HALO
42.71,42.71,42.67,42.69,7796,2021-05-12 19:18:00,HALO
42.67,42.68,42.62,42.62,1400,2021-05-12 19:19:00,HALO
42.63,42.64,42.6,42.6,2800,2021-05-12 19:20:00,HALO
42.59,42.62,42.58,42.62,2100,2021-05-12 19:21:00,HALO
42.63,42.67,42.63,42.66,2654,2021-05-12 19:22:00,HALO
42.67,42.7,42.64,42.7,4647,2021-05-12 19:23:00,HALO
42.69,42.71,42.625,42.625,3037,2021-05-12 19:24:00,HALO
42.625,42.64,42.62,42.625,3685,2021-05-12 19:25:00,HALO
42.63,42.67,42.62,42.66,3256,2021-05-12 19:26:00,HALO
42.66,42.66,42.61,42.645,5236,2021-05-12 19:27:00,HALO
42.65,42.74,42.65,42.71,4139,2021-05-12 19:28:00,HALO
42.7,42.72,42.6912,42.7,1516,2021-05-12 19:29:00,HALO
42.71,42.71,42.67,42.67,1700,2021-05-12 19:30:00,HALO
42.68,42.72,42.68,42.71,2111,2021-05-12 19:31:00,HALO
42.715,42.72,42.65,42.65,2898,2021-05-12 19:32:00,HALO
42.65,42.71,42.64,42.69,4290,2021-05-12 19:33:00,HALO
42.7,42.7,42.7,42.7,600,2021-05-12 19:34:00,HALO
42.69,42.69,42.66,42.66,4034,2021-05-12 19:35:00,HALO
42.66,42.67,42.63,42.63,4163,2021-05-12 19:36:00,HALO
42.63,42.64,42.62,42.62,4645,2021-05-12 19:37:00,HALO
42.62,42.62,42.56,42.56,3117,2021-05-12 19:38:00,HALO
42.58,42.62,42.57,42.58,7892,2021-05-12 19:39:00,HALO
42.58,42.58,42.535,42.535,2802,2021-05-12 19:40:00,HALO
42.535,42.555,42.5,42.52,10941,2021-05-12 19:41:00,HALO
42.52,42.58,42.52,42.54,4941,2021-05-12 19:42:00,HALO
42.5301,42.57,42.53,42.565,3046,2021-05-12 19:43:00,HALO
42.57,42.57,42.52,42.53,3146,2021-05-12 19:44:00,HALO
42.525,42.525,42.461,42.495,8485,2021-05-12 19:45:00,HALO
42.5,42.59,42.4975,42.58,8296,2021-05-12 19:46:00,HALO
42.58,42.58,42.56,42.56,2135,2021-05-12 19:47:00,HALO
42.535,42.535,42.2975,42.35,48739,2021-05-12 19:48:00,HALO
42.38,42.46,42.35,42.46,6044,2021-05-12 19:49:00,HALO
42.44,42.5,42.31,42.5,15306,2021-05-12 19:50:00,HALO
42.51,42.52,42.44,42.45,4996,2021-05-12 19:51:00,HALO
42.44,42.44,42.43,42.435,7600,2021-05-12 19:52:00,HALO
42.435,42.475,42.43,42.47,4633,2021-05-12 19:53:00,HALO
42.49,42.55,42.42,42.42,12691,2021-05-12 19:54:00,HALO
42.43,42.48,42.43,42.48,4126,2021-05-12 19:55:00,HALO
42.48,42.5,42.47,42.5,7423,2021-05-12 19:56:00,HALO
42.5199,42.54,42.5,42.53,7613,2021-05-12 19:57:00,HALO
42.52,42.53,42.49,42.5,5410,2021-05-12 19:58:00,HALO
42.505,42.57,42.47,42.47,39621,2021-05-12 19:59:00,HALO
42.48,42.48,42.48,42.48,123793,2021-05-12 20:00:00,HALO
42.11,42.11,42.11,42.11,500,2021-05-12 20:09:00,HALO
41.94,41.94,41.94,41.94,200,2021-05-12 20:10:00,HALO
41.94,41.94,41.94,41.94,100,2021-05-12 20:13:00,HALO
42.79,43.0,42.02,42.6877,20830,2021-05-13 13:30:00,HALO
42.0,42.6869,42.0,42.6869,570,2021-05-13 13:31:00,HALO
42.04,42.04,42.04,42.04,100,2021-05-13 13:32:00,HALO
42.1,42.53,42.1,42.53,4327,2021-05-13 13:33:00,HALO
42.58,42.96,42.58,42.94,1400,2021-05-13 13:34:00,HALO
42.93,42.95,42.575,42.65,3879,2021-05-13 13:35:00,HALO
42.44,42.48,42.43,42.43,1327,2021-05-13 13:36:00,HALO
42.4,42.69,42.34,42.69,1500,2021-05-13 13:37:00,HALO
42.69,42.7,42.5,42.5,1389,2021-05-13 13:38:00,HALO
42.4,42.41,42.4,42.41,300,2021-05-13 13:39:00,HALO
42.115,42.48,42.115,42.48,769,2021-05-13 13:40:00,HALO
42.43,42.45,42.43,42.43,700,2021-05-13 13:41:00,HALO
42.38,42.45,42.38,42.45,462,2021-05-13 13:42:00,HALO
42.5,42.5,42.38,42.42,1324,2021-05-13 13:43:00,HALO
42.39,42.39,42.23,42.25,2500,2021-05-13 13:44:00,HALO
42.25,42.29,42.055,42.055,2348,2021-05-13 13:45:00,HALO
42.21,42.24,42.04,42.0562,3000,2021-05-13 13:46:00,HALO
42.055,42.07,41.89,41.891,3378,2021-05-13 13:47:00,HALO
41.89,41.94,41.85,41.85,1775,2021-05-13 13:48:00,HALO
41.76,41.815,41.57,41.57,5796,2021-05-13 13:49:00,HALO
41.8,42.05,41.8,42.05,3479,2021-05-13 13:50:00,HALO
42.06,42.11,42.052,42.052,1257,2021-05-13 13:51:00,HALO
42.23,42.28,42.08,42.08,1400,2021-05-13 13:52:00,HALO
42.04,42.04,42.04,42.04,100,2021-05-13 13:53:00,HALO
42.1,42.215,42.1,42.165,3500,2021-05-13 13:54:00,HALO
42.135,42.17,42.06,42.08,4800,2021-05-13 13:55:00,HALO
42.07,42.07,42.07,42.07,100,2021-05-13 13:58:00,HALO
42.08,42.14,41.83,41.915,22925,2021-05-13 13:59:00,HALO
41.915,41.99,41.91,41.92,5143,2021-05-13 14:00:00,HALO
41.96,41.96,41.91,41.91,600,2021-05-13 14:01:00,HALO
41.86,41.86,41.72,41.74,11800,2021-05-13 14:02:00,HALO
41.71,41.75,41.58,41.635,5218,2021-05-13 14:03:00,HALO
41.65,41.79,41.575,41.76,4431,2021-05-13 14:04:00,HALO
41.745,41.745,41.68,41.68,700,2021-05-13 14:05:00,HALO
41.6,41.6582,41.55,41.59,2481,2021-05-13 14:06:00,HALO
41.59,41.67,41.54,41.59,4350,2021-05-13 14:07:00,HALO
41.54,41.58,41.51,41.535,910,2021-05-13 14:08:00,HALO
41.5,41.55,41.4907,41.53,2485,2021-05-13 14:09:00,HALO
41.46,41.55,41.46,41.47,600,2021-05-13 14:10:00,HALO
41.49,41.56,41.44,41.495,3600,2021-05-13 14:11:00,HALO
41.4601,41.67,41.4601,41.6601,2756,2021-05-13 14:12:00,HALO
41.684,41.74,41.59,41.6195,2800,2021-05-13 14:13:00,HALO
41.6,41.62,41.5,41.5059,6007,2021-05-13 14:14:00,HALO
41.5,41.58,41.48,41.48,11217,2021-05-13 14:15:00,HALO
41.48,41.53,41.425,41.53,2500,2021-05-13 14:16:00,HALO
41.5182,41.52,41.37,41.5,4802,2021-05-13 14:17:00,HALO
41.46,41.49,41.42,41.43,2240,2021-05-13 14:18:00,HALO
41.46,41.46,41.42,41.435,1327,2021-05-13 14:19:00,HALO
41.42,41.445,41.37,41.39,3300,2021-05-13 14:20:00,HALO
41.4,41.41,41.3,41.3,14500,2021-05-13 14:21:00,HALO
41.34,41.4,41.24,41.275,4726,2021-05-13 14:22:00,HALO
41.24,41.45,41.24,41.45,5892,2021-05-13 14:23:00,HALO
41.5,41.52,41.44,41.52,17887,2021-05-13 14:24:00,HALO
41.52,41.52,41.508,41.52,600,2021-05-13 14:25:00,HALO
41.49,41.5546,41.47,41.495,14044,2021-05-13 14:26:00,HALO
41.49,41.63,41.49,41.6,3342,2021-05-13 14:27:00,HALO
41.58,41.58,41.46,41.46,3839,2021-05-13 14:28:00,HALO
41.53,41.57,41.53,41.57,400,2021-05-13 14:29:00,HALO
41.62,41.67,41.595,41.67,2253,2021-05-13 14:30:00,HALO
41.67,41.68,41.58,41.58,2690,2021-05-13 14:31:00,HALO
41.63,41.68,41.62,41.62,3051,2021-05-13 14:32:00,HALO
41.62,41.65,41.59,41.63,2934,2021-05-13 14:33:00,HALO
41.6857,41.686,41.66,41.686,500,2021-05-13 14:34:00,HALO
41.685,41.695,41.55,41.57,2055,2021-05-13 14:35:00,HALO
41.6,41.6,41.585,41.585,200,2021-05-13 14:36:00,HALO
41.6,41.605,41.54,41.555,2405,2021-05-13 14:37:00,HALO
41.555,41.57,41.545,41.5502,2020,2021-05-13 14:38:00,HALO
41.59,41.59,41.56,41.575,1632,2021-05-13 14:39:00,HALO
41.57,41.57,41.47,41.48,3438,2021-05-13 14:40:00,HALO
41.51,41.52,41.45,41.45,4598,2021-05-13 14:41:00,HALO
41.435,41.44,41.3,41.3,12168,2021-05-13 14:42:00,HALO
41.31,41.325,41.29,41.29,1082,2021-05-13 14:43:00,HALO
41.29,41.29,41.26,41.26,2084,2021-05-13 14:44:00,HALO
41.23,41.24,41.16,41.205,27429,2021-05-13 14:45:00,HALO
41.205,41.205,41.16,41.2,707,2021-05-13 14:46:00,HALO
41.22,41.25,41.19,41.24,2800,2021-05-13 14:47:00,HALO
41.24,41.2827,41.24,41.2827,905,2021-05-13 14:48:00,HALO
41.29,41.33,41.29,41.305,2417,2021-05-13 14:49:00,HALO
41.35,41.37,41.35,41.36,775,2021-05-13 14:50:00,HALO
41.32,41.33,41.25,41.265,1475,2021-05-13 14:51:00,HALO
41.29,41.33,41.28,41.33,300,2021-05-13 14:52:00,HALO
41.38,41.4407,41.38,41.41,1772,2021-05-13 14:54:00,HALO
41.39,41.47,41.39,41.47,600,2021-05-13 14:55:00,HALO
41.44,41.45,41.43,41.4433,1110,2021-05-13 14:56:00,HALO
41.44,41.48,41.4,41.45,16409,2021-05-13 14:57:00,HALO
41.45,41.45,41.45,41.45,500,2021-05-13 14:58:00,HALO
41.45,41.48,41.43,41.48,38655,2021-05-13 14:59:00,HALO
41.48,41.53,41.45,41.51,4200,2021-05-13 15:00:00,HALO
41.52,41.54,41.41,41.41,6088,2021-05-13 15:01:00,HALO
41.41,41.41,41.4,41.4,13000,2021-05-13 15:02:00,HALO
41.43,41.47,41.38,41.45,2469,2021-05-13 15:03:00,HALO
41.43,41.45,41.3,41.35,5613,2021-05-13 15:04:00,HALO
41.335,41.34,41.288,41.3,3823,2021-05-13 15:05:00,HALO
41.33,41.33,41.19,41.26,2700,2021-05-13 15:06:00,HALO
41.31,41.35,41.31,41.35,700,2021-05-13 15:07:00,HALO
41.35,41.42,41.35,41.37,1952,2021-05-13 15:09:00,HALO
41.3,41.35,41.3,41.35,225,2021-05-13 15:10:00,HALO
41.37,41.37,41.37,41.37,100,2021-05-13 15:11:00,HALO
41.36,41.39,41.35,41.39,3009,2021-05-13 15:12:00,HALO
41.34,41.35,41.34,41.35,1100,2021-05-13 15:13:00,HALO
41.36,41.36,41.29,41.3,1050,2021-05-13 15:14:00,HALO
41.2394,41.3,41.2394,41.3,1261,2021-05-13 15:15:00,HALO
41.35,41.35,41.35,41.35,100,2021-05-13 15:16:00,HALO
41.295,41.33,41.29,41.33,1200,2021-05-13 15:17:00,HALO
41.29,41.35,41.29,41.35,500,2021-05-13 15:18:00,HALO
41.35,41.355,41.35,41.35,900,2021-05-13 15:19:00,HALO
41.36,41.36,41.29,41.31,1500,2021-05-13 15:20:00,HALO
41.27,41.38,41.27,41.355,1606,2021-05-13 15:21:00,HALO
41.31,41.355,41.31,41.355,200,2021-05-13 15:22:00,HALO
41.345,41.39,41.33,41.35,4991,2021-05-13 15:23:00,HALO
41.355,41.355,41.26,41.26,1600,2021-05-13 15:24:00,HALO
41.28,41.28,41.28,41.28,100,2021-05-13 15:25:00,HALO
41.26,41.26,41.21,41.21,800,2021-05-13 15:26:00,HALO
41.21,41.21,41.16,41.19,1907,2021-05-13 15:27:00,HALO
41.17,41.17,41.17,41.17,100,2021-05-13 15:28:00,HALO
41.15,41.16,41.115,41.155,3312,2021-05-13 15:29:00,HALO
41.18,41.19,41.15,41.19,5296,2021-05-13 15:30:00,HALO
41.17,41.17,41.13,41.15,1400,2021-05-13 15:31:00,HALO
41.17,41.19,41.12,41.17,755,2021-05-13 15:32:00,HALO
41.2,41.2,41.15,41.17,905,2021-05-13 15:33:00,HALO
41.175,41.2,41.175,41.2,200,2021-05-13 15:35:00,HALO
41.22,41.22,41.22,41.22,100,2021-05-13 15:36:00,HALO
41.29,41.35,41.29,41.35,700,2021-05-13 15:37:00,HALO
41.33,41.33,41.31,41.31,2309,2021-05-13 15:38:00,HALO
41.325,41.335,41.32,41.32,400,2021-05-13 15:39:00,HALO
41.31,41.34,41.22,41.23,2000,2021-05-13 15:40:00,HALO
41.24,41.24,41.24,41.24,100,2021-05-13 15:42:00,HALO
41.23,41.24,41.17,41.17,1300,2021-05-13 15:43:00,HALO
41.2,41.2,41.1,41.1,948,2021-05-13 15:44:00,HALO
41.13,41.16,41.13,41.15,2117,2021-05-13 15:45:00,HALO
41.16,41.18,41.16,41.18,400,2021-05-13 15:46:00,HALO
41.18,41.23,41.18,41.22,900,2021-05-13 15:47:00,HALO
41.29,41.31,41.23,41.245,3235,2021-05-13 15:49:00,HALO
41.22,41.27,41.22,41.27,1000,2021-05-13 15:50:00,HALO
41.32,41.32,41.32,41.32,100,2021-05-13 15:51:00,HALO
41.29,41.29,41.18,41.21,2573,2021-05-13 15:52:00,HALO
41.1835,41.19,41.16,41.19,1007,2021-05-13 15:53:00,HALO
41.2,41.22,41.17,41.19,1119,2021-05-13 15:54:00,HALO
41.22,41.22,41.185,41.185,400,2021-05-13 15:55:00,HALO
41.15,41.23,41.15,41.19,1620,2021-05-13 15:56:00,HALO
41.16,41.165,41.13,41.14,1944,2021-05-13 15:57:00,HALO
41.16,41.2,41.15,41.15,1900,2021-05-13 15:58:00,HALO
41.16,41.18,41.16,41.18,400,2021-05-13 15:59:00,HALO
41.22,41.23,41.22,41.23,800,2021-05-13 16:00:00,HALO
41.26,41.35,41.26,41.35,1700,2021-05-13 16:01:00,HALO
41.35,41.4,41.28,41.29,3500,2021-05-13 16:02:00,HALO
41.315,41.315,41.27,41.27,500,2021-05-13 16:04:00,HALO
41.28,41.31,41.26,41.31,1200,2021-05-13 16:05:00,HALO
41.3,41.31,41.28,41.31,1721,2021-05-13 16:06:00,HALO
41.32,41.32,41.31,41.31,300,2021-05-13 16:07:00,HALO
41.3,41.3,41.28,41.29,900,2021-05-13 16:08:00,HALO
41.27,41.295,41.24,41.295,1900,2021-05-13 16:09:00,HALO
41.31,41.36,41.31,41.355,755,2021-05-13 16:10:00,HALO
41.38,41.41,41.38,41.41,500,2021-05-13 16:11:00,HALO
41.425,41.49,41.425,41.48,500,2021-05-13 16:12:00,HALO
41.48,41.54,41.47,41.54,4200,2021-05-13 16:13:00,HALO
41.53,41.53,41.53,41.53,100,2021-05-13 16:15:00,HALO
41.525,41.525,41.48,41.48,600,2021-05-13 16:16:00,HALO
41.47,41.48,41.47,41.47,600,2021-05-13 16:17:00,HALO
41.46,41.48,41.45,41.48,500,2021-05-13 16:18:00,HALO
41.41,41.42,41.39,41.39,740,2021-05-13 16:19:00,HALO
41.405,41.405,41.405,41.405,100,2021-05-13 16:20:00,HALO
41.44,41.46,41.44,41.46,300,2021-05-13 16:21:00,HALO
41.45,41.5,41.45,41.5,560,2021-05-13 16:22:00,HALO
41.46,41.5,41.45,41.5,1800,2021-05-13 16:23:00,HALO
41.46,41.46,41.43,41.445,1627,2021-05-13 16:24:00,HALO
41.45,41.45,41.45,41.45,300,2021-05-13 16:25:00,HALO
41.48,41.57,41.48,41.57,1898,2021-05-13 16:26:00,HALO
41.58,41.63,41.57,41.63,2600,2021-05-13 16:27:00,HALO
41.63,41.66,41.63,41.66,2350,2021-05-13 16:28:00,HALO
41.645,41.69,41.645,41.69,200,2021-05-13 16:29:00,HALO
41.74,41.78,41.71,41.78,300,2021-05-13 16:30:00,HALO
41.78,41.8,41.78,41.8,400,2021-05-13 16:32:00,HALO
41.87,41.88,41.81,41.86,1200,2021-05-13 16:33:00,HALO
41.81,41.81,41.81,41.81,200,2021-05-13 16:34:00,HALO
41.845,41.88,41.845,41.87,400,2021-05-13 16:35:00,HALO
41.83,41.86,41.76,41.77,1900,2021-05-13 16:36:00,HALO
41.72,41.73,41.72,41.72,300,2021-05-13 16:37:00,HALO
41.73,41.75,41.72,41.75,400,2021-05-13 16:38:00,HALO
41.77,41.77,41.77,41.77,100,2021-05-13 16:39:00,HALO
41.75,41.76,41.68,41.7,2448,2021-05-13 16:40:00,HALO
41.705,41.705,41.705,41.705,200,2021-05-13 16:41:00,HALO
41.695,41.695,41.695,41.695,142,2021-05-13 16:42:00,HALO
41.73,41.73,41.67,41.67,1300,2021-05-13 16:43:00,HALO
41.69,41.69,41.65,41.65,1000,2021-05-13 16:44:00,HALO
41.66,41.715,41.66,41.71,1600,2021-05-13 16:45:00,HALO
41.74,41.74,41.67,41.67,1877,2021-05-13 16:46:00,HALO
41.685,41.72,41.68,41.68,1004,2021-05-13 16:47:00,HALO
41.67,41.69,41.65,41.66,2593,2021-05-13 16:48:00,HALO
41.68,41.693,41.68,41.693,1401,2021-05-13 16:49:00,HALO
41.72,41.76,41.72,41.76,200,2021-05-13 16:50:00,HALO
41.73,41.73,41.62,41.65,1930,2021-05-13 16:51:00,HALO
41.66,41.66,41.62,41.62,1399,2021-05-13 16:52:00,HALO
41.59,41.61,41.59,41.61,874,2021-05-13 16:53:00,HALO
41.6175,41.6175,41.6175,41.6175,188,2021-05-13 16:54:00,HALO
41.56,41.58,41.52,41.52,1709,2021-05-13 16:55:00,HALO
41.52,41.62,41.52,41.605,6099,2021-05-13 16:56:00,HALO
41.58,41.58,41.58,41.58,100,2021-05-13 16:57:00,HALO
41.57,41.59,41.51,41.53,1754,2021-05-13 16:58:00,HALO
41.56,41.56,41.54,41.545,400,2021-05-13 16:59:00,HALO
41.565,41.565,41.565,41.565,100,2021-05-13 17:00:00,HALO
41.605,41.63,41.5,41.525,2512,2021-05-13 17:01:00,HALO
41.54,41.68,41.54,41.675,1599,2021-05-13 17:02:00,HALO
41.64,41.65,41.61,41.61,854,2021-05-13 17:03:00,HALO
41.61,41.649,41.61,41.649,471,2021-05-13 17:04:00,HALO
41.65,41.66,41.58,41.58,1796,2021-05-13 17:05:00,HALO
41.57,41.59,41.56,41.56,400,2021-05-13 17:06:00,HALO
41.64,41.65,41.6,41.65,700,2021-05-13 17:07:00,HALO
41.69,41.69,41.61,41.645,649,2021-05-13 17:08:00,HALO
41.65,41.66,41.62,41.65,1103,2021-05-13 17:09:00,HALO
41.61,41.64,41.61,41.62,1263,2021-05-13 17:10:00,HALO
41.6,41.6,41.57,41.57,53100,2021-05-13 17:11:00,HALO
41.6,41.65,41.59,41.59,2100,2021-05-13 17:12:00,HALO
41.56,41.58,41.55,41.55,1000,2021-05-13 17:13:00,HALO
41.56,41.6,41.56,41.59,1028,2021-05-13 17:14:00,HALO
41.56,41.62,41.56,41.6,1744,2021-05-13 17:15:00,HALO
41.63,41.63,41.6,41.61,4899,2021-05-13 17:16:00,HALO
41.58,41.59,41.5,41.5,1500,2021-05-13 17:17:00,HALO
41.52,41.52,41.45,41.495,2545,2021-05-13 17:18:00,HALO
41.495,41.495,41.45,41.45,1400,2021-05-13 17:19:00,HALO
41.44,41.44,41.42,41.42,400,2021-05-13 17:20:00,HALO
41.44,41.45,41.4,41.4,1600,2021-05-13 17:21:00,HALO
41.375,41.43,41.375,41.4,600,2021-05-13 17:22:00,HALO
41.38,41.38,41.37,41.38,500,2021-05-13 17:23:00,HALO
41.33,41.35,41.31,41.32,1492,2021-05-13 17:24:00,HALO
41.36,41.4,41.36,41.375,1500,2021-05-13 17:25:00,HALO
41.4,41.4,41.4,41.4,200,2021-05-13 17:26:00,HALO
41.39,41.44,41.39,41.43,1259,2021-05-13 17:27:00,HALO
41.47,41.5,41.47,41.5,200,2021-05-13 17:28:00,HALO
41.48,41.48,41.44,41.44,300,2021-05-13 17:29:00,HALO
41.45,41.46,41.41,41.44,1963,2021-05-13 17:30:00,HALO
41.415,41.43,41.415,41.43,200,2021-05-13 17:31:00,HALO
41.41,41.41,41.32,41.33,1704,2021-05-13 17:32:00,HALO
41.325,41.325,41.3,41.3,300,2021-05-13 17:33:00,HALO
41.33,41.33,41.32,41.32,900,2021-05-13 17:34:00,HALO
41.31,41.39,41.31,41.39,800,2021-05-13 17:35:00,HALO
41.35,41.35,41.33,41.34,845,2021-05-13 17:36:00,HALO
41.31,41.31,41.29,41.31,20443,2021-05-13 17:37:00,HALO
41.33,41.34,41.32,41.33,1251,2021-05-13 17:38:00,HALO
41.38,41.43,41.38,41.43,1638,2021-05-13 17:39:00,HALO
41.46,41.46,41.46,41.46,100,2021-05-13 17:40:00,HALO
41.4,41.47,41.4,41.46,600,2021-05-13 17:41:00,HALO
41.41,41.48,41.41,41.48,1646,2021-05-13 17:42:00,HALO
41.465,41.465,41.465,41.465,300,2021-05-13 17:43:00,HALO
41.43,41.45,41.42,41.45,2143,2021-05-13 17:44:00,HALO
41.455,41.48,41.455,41.465,460,2021-05-13 17:45:00,HALO
41.455,41.455,41.365,41.365,1300,2021-05-13 17:46:00,HALO
41.39,41.39,41.31,41.31,610,2021-05-13 17:47:00,HALO
41.35,41.35,41.31,41.315,1100,2021-05-13 17:48:00,HALO
41.34,41.34,41.2701,41.315,500,2021-05-13 17:49:00,HALO
41.345,41.37,41.271,41.271,639,2021-05-13 17:50:00,HALO
41.325,41.37,41.325,41.37,209,2021-05-13 17:51:00,HALO
41.32,41.405,41.32,41.36,790,2021-05-13 17:52:00,HALO
41.375,41.4,41.375,41.4,205,2021-05-13 17:53:00,HALO
41.42,41.45,41.39,41.45,700,2021-05-13 17:54:00,HALO
41.47,41.47,41.28,41.43,14124,2021-05-13 17:55:00,HALO
41.39,41.4,41.35,41.3884,1816,2021-05-13 17:56:00,HALO
41.46,41.49,41.46,41.49,400,2021-05-13 17:57:00,HALO
41.45,41.5,41.43,41.5,562,2021-05-13 17:58:00,HALO
41.49,41.49,41.44,41.44,326,2021-05-13 17:59:00,HALO
41.48,41.61,41.48,41.61,1521,2021-05-13 18:00:00,HALO
41.55,41.6,41.54,41.57,6600,2021-05-13 18:01:00,HALO
41.55,41.63,41.55,41.6,930,2021-05-13 18:02:00,HALO
41.61,41.64,41.6,41.61,1864,2021-05-13 18:03:00,HALO
41.625,41.67,41.61,41.67,1164,2021-05-13 18:04:00,HALO
41.665,41.665,41.62,41.64,1176,2021-05-13 18:05:00,HALO
41.685,41.82,41.685,41.82,1619,2021-05-13 18:06:00,HALO
41.77,41.88,41.74,41.855,3422,2021-05-13 18:07:00,HALO
41.82,41.83,41.8,41.83,1000,2021-05-13 18:08:00,HALO
41.84,41.85,41.82,41.825,1040,2021-05-13 18:09:00,HALO
41.81,41.82,41.8,41.82,934,2021-05-13 18:10:00,HALO
41.84,41.86,41.83,41.83,1460,2021-05-13 18:11:00,HALO
41.83,41.9,41.83,41.9,1249,2021-05-13 18:12:00,HALO
41.9,41.9,41.87,41.875,948,2021-05-13 18:13:00,HALO
41.88,41.95,41.88,41.95,800,2021-05-13 18:14:00,HALO
41.95,41.96,41.93,41.93,1817,2021-05-13 18:15:00,HALO
41.93,42.0,41.93,41.93,10480,2021-05-13 18:16:00,HALO
41.94,41.98,41.91,41.92,1600,2021-05-13 18:17:00,HALO
41.92,41.92,41.9,41.91,400,2021-05-13 18:18:00,HALO
41.91,41.95,41.885,41.885,1474,2021-05-13 18:19:00,HALO
41.88,41.9,41.88,41.9,200,2021-05-13 18:20:00,HALO
41.97,41.97,41.94,41.94,800,2021-05-13 18:21:00,HALO
41.93,41.93,41.87,41.87,2144,2021-05-13 18:22:00,HALO
41.87,41.9,41.86,41.88,2000,2021-05-13 18:23:00,HALO
41.93,41.94,41.92,41.94,300,2021-05-13 18:24:00,HALO
41.93,42.0,41.93,42.0,506,2021-05-13 18:25:00,HALO
41.97,41.97,41.91,41.94,2163,2021-05-13 18:26:00,HALO
41.93,42.0,41.92,41.97,1200,2021-05-13 18:27:00,HALO
41.98,42.0,41.91,41.91,3377,2021-05-13 18:28:00,HALO
41.94,41.99,41.93,41.99,1800,2021-05-13 18:29:00,HALO
42.0,42.0,41.93,41.93,500,2021-05-13 18:30:00,HALO
42.0,42.0,41.94,41.945,1558,2021-05-13 18:31:00,HALO
41.96,41.97,41.94,41.95,1000,2021-05-13 18:32:00,HALO
41.94,41.94,41.91,41.92,2207,2021-05-13 18:33:00,HALO
41.92,41.98,41.91,41.97,2287,2021-05-13 18:34:00,HALO
41.98,42.04,41.98,42.0,1300,2021-05-13 18:35:00,HALO
42.0303,42.1,42.0303,42.1,350,2021-05-13 18:36:00,HALO
42.129,42.129,42.125,42.125,550,2021-05-13 18:37:00,HALO
42.13,42.19,42.13,42.18,1600,2021-05-13 18:38:00,HALO
42.18,42.18,42.12,42.13,1536,2021-05-13 18:39:00,HALO
42.13,42.13,42.08,42.1,900,2021-05-13 18:40:00,HALO
42.12,42.18,42.12,42.17,968,2021-05-13 18:41:00,HALO
42.13,42.13,42.13,42.13,100,2021-05-13 18:42:00,HALO
42.18,42.22,42.145,42.16,6563,2021-05-13 18:43:00,HALO
42.17,42.2,42.17,42.2,1107,2021-05-13 18:44:00,HALO
42.2,42.225,42.14,42.14,2850,2021-05-13 18:45:00,HALO
42.12,42.13,42.081,42.13,800,2021-05-13 18:46:00,HALO
42.17,42.2,42.12,42.16,21020,2021-05-13 18:47:00,HALO
42.13,42.155,42.13,42.155,400,2021-05-13 18:48:00,HALO
42.18,42.18,42.17,42.17,200,2021-05-13 18:49:00,HALO
42.17,42.17,42.14,42.14,900,2021-05-13 18:50:00,HALO
42.055,42.055,42.055,42.055,100,2021-05-13 18:51:00,HALO
42.055,42.08,41.99,41.99,3500,2021-05-13 18:52:00,HALO
42.0,42.02,41.98,42.02,1392,2021-05-13 18:53:00,HALO
42.05,42.05,42.05,42.05,100,2021-05-13 18:54:00,HALO
42.02,42.04,42.01,42.04,749,2021-05-13 18:55:00,HALO
42.08,42.08,42.08,42.08,133,2021-05-13 18:56:00,HALO
42.07,42.085,42.07,42.085,1000,2021-05-13 18:57:00,HALO
42.11,42.11,42.0,42.0,2568,2021-05-13 18:58:00,HALO
42.0,42.0,41.98,41.98,900,2021-05-13 18:59:00,HALO
41.98,42.04,41.98,42.02,1348,2021-05-13 19:00:00,HALO
42.05,42.14,42.05,42.13,1700,2021-05-13 19:01:00,HALO
42.16,42.19,42.15,42.16,1817,2021-05-13 19:02:00,HALO
42.16,42.21,42.12,42.15,4352,2021-05-13 19:03:00,HALO
42.15,42.15,42.06,42.06,3450,2021-05-13 19:04:00,HALO
42.11,42.14,42.09,42.095,2236,2021-05-13 19:05:00,HALO
42.07,42.07,42.07,42.07,100,2021-05-13 19:06:00,HALO
42.1,42.13,42.1,42.12,1200,2021-05-13 19:07:00,HALO
42.13,42.13,42.12,42.13,1951,2021-05-13 19:08:00,HALO
42.11,42.12,42.09,42.12,1000,2021-05-13 19:09:00,HALO
42.13,42.14,42.07,42.07,5915,2021-05-13 19:10:00,HALO
42.1,42.12,42.06,42.06,2213,2021-05-13 19:11:00,HALO
42.09,42.105,42.06,42.06,400,2021-05-13 19:12:00,HALO
42.11,42.12,42.01,42.05,2500,2021-05-13 19:13:00,HALO
42.05,42.06,42.02,42.04,2134,2021-05-13 19:14:00,HALO
42.02,42.05,42.015,42.03,842,2021-05-13 19:15:00,HALO
42.06,42.09,41.96,41.96,3822,2021-05-13 19:16:00,HALO
41.96,41.98,41.935,41.935,2060,2021-05-13 19:17:00,HALO
41.93,41.95,41.87,41.87,2000,2021-05-13 19:18:00,HALO
41.86,41.86,41.825,41.825,800,2021-05-13 19:19:00,HALO
41.825,41.84,41.825,41.835,1167,2021-05-13 19:20:00,HALO
41.82,41.82,41.72,41.72,3416,2021-05-13 19:21:00,HALO
41.725,41.725,41.61,41.61,1600,2021-05-13 19:22:00,HALO
41.65,41.68,41.65,41.68,710,2021-05-13 19:23:00,HALO
41.68,41.69,41.68,41.69,200,2021-05-13 19:24:00,HALO
41.72,41.85,41.71,41.85,2890,2021-05-13 19:25:00,HALO
41.86,41.86,41.81,41.81,854,2021-05-13 19:26:00,HALO
41.83,41.835,41.81,41.835,800,2021-05-13 19:27:00,HALO
41.85,41.85,41.75,41.765,5310,2021-05-13 19:28:00,HALO
41.76,41.78,41.755,41.755,1360,2021-05-13 19:29:00,HALO
41.745,41.86,41.745,41.82,5434,2021-05-13 19:30:00,HALO
41.84,41.85,41.8,41.8,5275,2021-05-13 19:31:00,HALO
41.85,41.92,41.85,41.92,1675,2021-05-13 19:32:00,HALO
41.92,41.92,41.89,41.9,1700,2021-05-13 19:33:00,HALO
41.9,41.92,41.87,41.9,1940,2021-05-13 19:34:00,HALO
41.9,41.94,41.89,41.9,3372,2021-05-13 19:35:00,HALO
41.925,41.93,41.9,41.93,6754,2021-05-13 19:36:00,HALO
41.94,42.06,41.94,42.0,5659,2021-05-13 19:37:00,HALO
42.01,42.05,41.97,41.99,4302,2021-05-13 19:38:00,HALO
41.995,42.075,41.98,42.075,2108,2021-05-13 19:39:00,HALO
42.03,42.03,41.99,42.0,2600,2021-05-13 19:40:00,HALO
42.03,42.03,41.97,41.97,4700,2021-05-13 19:41:00,HALO
41.99,42.03,41.98,42.0,18573,2021-05-13 19:42:00,HALO
41.98,42.0,41.97,41.97,1900,2021-05-13 19:43:00,HALO
41.99,42.03,41.99,42.02,4380,2021-05-13 19:44:00,HALO
42.005,42.01,41.95,41.97,4400,2021-05-13 19:45:00,HALO
41.97,42.01,41.97,42.005,1495,2021-05-13 19:46:00,HALO
42.005,42.01,41.97,42.0,7000,2021-05-13 19:47:00,HALO
42.04,42.05,41.99,42.02,11013,2021-05-13 19:48:00,HALO
42.025,42.025,41.99,41.995,2543,2021-05-13 19:49:00,HALO
41.97,41.97,41.86,41.9,3118,2021-05-13 19:50:00,HALO
41.92,41.94,41.84,41.86,2816,2021-05-13 19:51:00,HALO
41.87,41.89,41.85,41.86,4977,2021-05-13 19:52:00,HALO
41.86,41.89,41.85,41.88,4677,2021-05-13 19:53:00,HALO
41.89,41.95,41.87,41.91,5474,2021-05-13 19:54:00,HALO
41.95,41.95,41.85,41.9,4960,2021-05-13 19:55:00,HALO
41.92,41.95,41.88,41.94,4410,2021-05-13 19:56:00,HALO
41.91,41.92,41.82,41.83,11558,2021-05-13 19:57:00,HALO
41.83,41.84,41.77,41.81,10370,2021-05-13 19:58:00,HALO
41.8,41.81,41.75,41.77,32545,2021-05-13 19:59:00,HALO
41.77,41.77,41.77,41.77,209584,2021-05-13 20:00:00,HALO
41.77,41.77,41.77,41.77,18542,2021-05-13 20:02:00,HALO
41.77,41.77,41.77,41.77,6625,2021-05-13 20:03:00,HALO
42.21,42.21,41.92,41.92,8909,2021-05-14 13:30:00,HALO
41.95,41.95,41.895,41.895,600,2021-05-14 13:31:00,HALO
42.08,42.08,42.08,42.08,100,2021-05-14 13:32:00,HALO
42.0,42.255,42.0,42.215,1550,2021-05-14 13:33:00,HALO
42.14,42.14,42.04,42.075,899,2021-05-14 13:35:00,HALO
42.07,42.205,42.07,42.095,3954,2021-05-14 13:36:00,HALO
42.105,42.155,41.87,41.87,1955,2021-05-14 13:37:00,HALO
41.89,42.0,41.75,41.82,2900,2021-05-14 13:38:00,HALO
41.81,41.98,41.81,41.98,1100,2021-05-14 13:39:00,HALO
41.96,41.96,41.89,41.89,530,2021-05-14 13:40:00,HALO
41.895,42.01,41.88,41.88,550,2021-05-14 13:41:00,HALO
41.8,41.8,41.8,41.8,200,2021-05-14 13:42:00,HALO
41.87,41.87,41.81,41.81,800,2021-05-14 13:43:00,HALO
41.87,41.87,41.87,41.87,100,2021-05-14 13:45:00,HALO
41.8,41.82,41.65,41.79,5600,2021-05-14 13:46:00,HALO
41.77,41.79,41.77,41.77,400,2021-05-14 13:47:00,HALO
41.71,41.77,41.67,41.77,600,2021-05-14 13:48:00,HALO
41.75,41.75,41.7,41.7,500,2021-05-14 13:49:00,HALO
41.71,41.71,41.71,41.71,300,2021-05-14 13:51:00,HALO
41.69,41.69,41.69,41.69,100,2021-05-14 13:52:00,HALO
41.76,41.76,41.76,41.76,188,2021-05-14 13:53:00,HALO
41.75,41.75,41.75,41.75,200,2021-05-14 13:54:00,HALO
41.67,41.67,41.67,41.67,100,2021-05-14 13:55:00,HALO
41.799,41.81,41.79,41.81,1100,2021-05-14 13:56:00,HALO
41.83,41.83,41.83,41.83,100,2021-05-14 13:57:00,HALO
41.93,42.0422,41.93,42.0422,1379,2021-05-14 13:59:00,HALO
42.025,42.065,42.025,42.065,1150,2021-05-14 14:00:00,HALO
42.215,42.215,42.215,42.215,100,2021-05-14 14:02:00,HALO
42.225,42.25,42.17,42.21,102758,2021-05-14 14:03:00,HALO
42.27,42.395,42.26,42.395,2900,2021-05-14 14:04:00,HALO
42.395,42.49,42.39,42.39,900,2021-05-14 14:05:00,HALO
42.44,42.44,42.36,42.36,1155,2021-05-14 14:06:00,HALO
42.37,42.4129,42.35,42.36,1654,2021-05-14 14:07:00,HALO
42.335,42.45,42.335,42.45,200,2021-05-14 14:08:00,HALO
42.4986,42.545,42.48,42.545,5068,2021-05-14 14:09:00,HALO
42.57,42.71,42.55,42.67,2100,2021-05-14 14:10:00,HALO
42.63,42.63,42.63,42.63,200,2021-05-14 14:11:00,HALO
42.68,42.76,42.68,42.76,200,2021-05-14 14:12:00,HALO
42.69,42.715,42.62,42.64,2008,2021-05-14 14:13:00,HALO
42.67,42.67,42.6,42.6,843,2021-05-14 14:14:00,HALO
42.56,42.56,42.56,42.56,200,2021-05-14 14:15:00,HALO
42.57,42.58,42.57,42.58,500,2021-05-14 14:16:00,HALO
42.58,42.67,42.58,42.67,200,2021-05-14 14:17:00,HALO
42.59,42.6,42.59,42.6,500,2021-05-14 14:18:00,HALO
42.66,42.66,42.63,42.63,700,2021-05-14 14:21:00,HALO
42.5901,42.5901,42.51,42.54,2345,2021-05-14 14:22:00,HALO
42.51,42.51,42.47,42.48,900,2021-05-14 14:23:00,HALO
42.46,42.475,42.33,42.41,5299,2021-05-14 14:24:00,HALO
42.45,42.52,42.45,42.515,3546,2021-05-14 14:25:00,HALO
42.56,42.57,42.54,42.555,1398,2021-05-14 14:26:00,HALO
42.54,42.54,42.5,42.5,1145,2021-05-14 14:27:00,HALO
42.54,42.58,42.54,42.57,2368,2021-05-14 14:28:00,HALO
42.62,42.72,42.62,42.72,800,2021-05-14 14:30:00,HALO
42.65,42.68,42.65,42.65,800,2021-05-14 14:31:00,HALO
42.6625,42.71,42.655,42.67,971,2021-05-14 14:32:00,HALO
42.75,42.79,42.75,42.79,200,2021-05-14 14:33:00,HALO
42.79,42.79,42.71,42.75,2910,2021-05-14 14:34:00,HALO
42.71,42.71,42.67,42.69,1300,2021-05-14 14:35:00,HALO
42.68,42.68,42.68,42.68,100,2021-05-14 14:37:00,HALO
42.7,42.74,42.7,42.74,500,2021-05-14 14:38:00,HALO
42.77,42.78,42.74,42.76,1800,2021-05-14 14:41:00,HALO
42.785,42.785,42.76,42.76,800,2021-05-14 14:42:00,HALO
42.76,42.76,42.74,42.74,600,2021-05-14 14:43:00,HALO
42.74,42.74,42.74,42.74,100,2021-05-14 14:44:00,HALO
42.765,42.85,42.765,42.85,400,2021-05-14 14:45:00,HALO
42.8899,42.8899,42.8899,42.8899,500,2021-05-14 14:46:00,HALO
42.86,42.86,42.86,42.86,100,2021-05-14 14:48:00,HALO
42.9,42.9,42.9,42.9,200,2021-05-14 14:50:00,HALO
42.89,42.93,42.89,42.93,300,2021-05-14 14:51:00,HALO
42.9293,42.9293,42.89,42.92,2100,2021-05-14 14:52:00,HALO
42.95,42.95,42.95,42.95,100,2021-05-14 14:53:00,HALO
42.93,42.95,42.91,42.95,816,2021-05-14 14:54:00,HALO
43.0,43.0,43.0,43.0,300,2021-05-14 14:55:00,HALO
42.94,42.94,42.87,42.87,1500,2021-05-14 14:56:00,HALO
42.9,42.91,42.9,42.91,200,2021-05-14 14:57:00,HALO
42.86,42.86,42.805,42.805,800,2021-05-14 15:01:00,HALO
42.8,42.8,42.8,42.8,100,2021-05-14 15:02:00,HALO
42.84,42.84,42.795,42.795,1533,2021-05-14 15:03:00,HALO
42.77,42.77,42.73,42.755,700,2021-05-14 15:04:00,HALO
42.765,42.79,42.765,42.79,500,2021-05-14 15:06:00,HALO
42.86,42.96,42.82,42.85,9112,2021-05-14 15:07:00,HALO
42.8,42.81,42.77,42.81,1310,2021-05-14 15:08:00,HALO
42.79,42.79,42.78,42.79,600,2021-05-14 15:09:00,HALO
42.81,42.88,42.81,42.86,1041,2021-05-14 15:10:00,HALO
42.85,42.85,42.78,42.78,2460,2021-05-14 15:12:00,HALO
42.775,42.775,42.76,42.77,400,2021-05-14 15:13:00,HALO
42.795,42.795,42.795,42.795,200,2021-05-14 15:15:00,HALO
42.83,42.83,42.83,42.83,381,2021-05-14 15:16:00,HALO
42.84,42.84,42.84,42.84,100,2021-05-14 15:17:00,HALO
42.84,42.86,42.835,42.86,400,2021-05-14 15:18:00,HALO
42.92,42.92,42.92,42.92,200,2021-05-14 15:20:00,HALO
42.96,42.96,42.96,42.96,100,2021-05-14 15:21:00,HALO
42.88,42.88,42.83,42.85,1700,2021-05-14 15:22:00,HALO
42.82,42.82,42.77,42.775,1300,2021-05-14 15:23:00,HALO
42.8,42.8,42.8,42.8,100,2021-05-14 15:24:00,HALO
42.85,42.85,42.78,42.78,729,2021-05-14 15:25:00,HALO
42.755,42.81,42.755,42.79,500,2021-05-14 15:26:00,HALO
42.78,42.8125,42.78,42.8125,200,2021-05-14 15:27:00,HALO
42.8,42.8,42.77,42.77,720,2021-05-14 15:29:00,HALO
42.8,42.86,42.77,42.84,850,2021-05-14 15:30:00,HALO
42.87,42.89,42.87,42.89,500,2021-05-14 15:35:00,HALO
42.88,42.88,42.86,42.87,1500,2021-05-14 15:37:00,HALO
42.9,42.9,42.88,42.88,700,2021-05-14 15:41:00,HALO
42.86,42.87,42.86,42.87,200,2021-05-14 15:42:00,HALO
42.9,42.9,42.9,42.9,100,2021-05-14 15:43:00,HALO
42.9,42.9,42.9,42.9,244,2021-05-14 15:45:00,HALO
42.92,42.96,42.92,42.94,518,2021-05-14 15:46:00,HALO
42.96,42.9891,42.96,42.9891,300,2021-05-14 15:47:00,HALO
42.93,42.94,42.92,42.93,1904,2021-05-14 15:49:00,HALO
42.93,42.93,42.93,42.93,100,2021-05-14 15:50:00,HALO
42.92,42.92,42.88,42.9,2225,2021-05-14 15:51:00,HALO
42.93,42.93,42.93,42.93,100,2021-05-14 15:53:00,HALO
42.96,42.9888,42.91,42.91,1979,2021-05-14 15:57:00,HALO
42.91,42.93,42.91,42.925,500,2021-05-14 15:58:00,HALO
42.92,42.92,42.92,42.92,100,2021-05-14 15:59:00,HALO
42.95,42.96,42.92,42.96,1450,2021-05-14 16:00:00,HALO
42.945,42.96,42.945,42.96,200,2021-05-14 16:01:00,HALO
42.99,43.0,42.98,42.99,600,2021-05-14 16:02:00,HALO
43.0,43.04,43.0,43.04,1850,2021-05-14 16:03:00,HALO
43.059,43.06,43.05,43.06,650,2021-05-14 16:04:00,HALO
43.175,43.175,43.175,43.175,100,2021-05-14 16:05:00,HALO
43.215,43.22,43.215,43.22,200,2021-05-14 16:07:00,HALO
43.24,43.24,43.21,43.23,2932,2021-05-14 16:08:00,HALO
43.23,43.23,43.21,43.21,400,2021-05-14 16:09:00,HALO
43.22,43.25,43.22,43.2302,525,2021-05-14 16:10:00,HALO
43.26,43.26,43.22,43.22,665,2021-05-14 16:11:00,HALO
43.24,43.24,43.24,43.24,100,2021-05-14 16:12:00,HALO
43.27,43.27,43.24,43.24,200,2021-05-14 16:14:00,HALO
43.23,43.23,43.2,43.215,1490,2021-05-14 16:15:00,HALO
43.21,43.23,43.21,43.23,300,2021-05-14 16:16:00,HALO
43.23,43.23,43.2,43.22,1000,2021-05-14 16:17:00,HALO
43.21,43.21,43.21,43.21,800,2021-05-14 16:18:00,HALO
43.21,43.27,43.21,43.27,3283,2021-05-14 16:19:00,HALO
43.24,43.27,43.22,43.27,400,2021-05-14 16:20:00,HALO
43.25,43.29,43.25,43.278,700,2021-05-14 16:21:00,HALO
43.2999,43.2999,43.29,43.29,200,2021-05-14 16:22:00,HALO
43.24,43.24,43.19,43.19,2800,2021-05-14 16:23:00,HALO
43.21,43.21,43.21,43.21,100,2021-05-14 16:24:00,HALO
43.21,43.21,43.21,43.21,200,2021-05-14 16:25:00,HALO
43.24,43.24,43.2,43.23,2800,2021-05-14 16:26:00,HALO
43.22,43.23,43.22,43.22,500,2021-05-14 16:27:00,HALO
43.22,43.22,43.19,43.19,500,2021-05-14 16:28:00,HALO
43.1998,43.22,43.1998,43.22,350,2021-05-14 16:29:00,HALO
43.22,43.22,43.22,43.22,108,2021-05-14 16:30:00,HALO
43.25,43.25,43.25,43.25,100,2021-05-14 16:31:00,HALO
43.22,43.22,43.22,43.22,100,2021-05-14 16:32:00,HALO
43.22,43.22,43.22,43.22,100,2021-05-14 16:33:00,HALO
43.24,43.24,43.24,43.24,100,2021-05-14 16:34:00,HALO
43.23,43.23,43.19,43.19,1400,2021-05-14 16:35:00,HALO
43.22,43.22,43.205,43.205,200,2021-05-14 16:36:00,HALO
43.22,43.22,43.19,43.19,1300,2021-05-14 16:37:00,HALO
43.18,43.19,43.17,43.18,1400,2021-05-14 16:38:00,HALO
43.16,43.17,43.15,43.17,500,2021-05-14 16:39:00,HALO
43.2,43.2,43.2,43.2,100,2021-05-14 16:40:00,HALO
43.23,43.23,43.23,43.23,100,2021-05-14 16:42:00,HALO
43.25,43.25,43.23,43.23,200,2021-05-14 16:43:00,HALO
43.27,43.27,43.27,43.27,100,2021-05-14 16:44:00,HALO
43.26,43.27,43.24,43.27,1200,2021-05-14 16:45:00,HALO
43.255,43.255,43.255,43.255,100,2021-05-14 16:46:00,HALO
43.28,43.34,43.27,43.34,1301,2021-05-14 16:47:00,HALO
43.35,43.35,43.33,43.33,200,2021-05-14 16:48:00,HALO
43.34,43.4,43.34,43.4,500,2021-05-14 16:49:00,HALO
43.39,43.39,43.39,43.39,119,2021-05-14 16:50:00,HALO
43.39,43.39,43.39,43.39,100,2021-05-14 16:51:00,HALO
43.35,43.35,43.31,43.31,2508,2021-05-14 16:52:00,HALO
43.33,43.33,43.33,43.33,200,2021-05-14 16:53:00,HALO
43.33,43.33,43.33,43.33,100,2021-05-14 16:54:00,HALO
43.33,43.34,43.315,43.335,700,2021-05-14 16:55:00,HALO
43.31,43.315,43.31,43.31,700,2021-05-14 16:56:00,HALO
43.33,43.34,43.33,43.33,300,2021-05-14 16:57:00,HALO
43.34,43.34,43.32,43.32,200,2021-05-14 16:58:00,HALO
43.3,43.31,43.29,43.31,900,2021-05-14 16:59:00,HALO
43.29,43.34,43.29,43.34,2250,2021-05-14 17:00:00,HALO
43.37,43.37,43.35,43.35,300,2021-05-14 17:01:00,HALO
43.365,43.365,43.29,43.29,900,2021-05-14 17:02:00,HALO
43.31,43.31,43.31,43.31,100,2021-05-14 17:03:00,HALO
43.305,43.305,43.305,43.305,100,2021-05-14 17:04:00,HALO
43.31,43.31,43.31,43.31,202,2021-05-14 17:05:00,HALO
43.32,43.32,43.32,43.32,800,2021-05-14 17:06:00,HALO
43.32,43.32,43.29,43.32,2500,2021-05-14 17:07:00,HALO
43.33,43.36,43.33,43.36,400,2021-05-14 17:08:00,HALO
43.38,43.43,43.38,43.43,200,2021-05-14 17:09:00,HALO
43.4,43.4,43.4,43.4,100,2021-05-14 17:10:00,HALO
43.43,43.43,43.4,43.42,433,2021-05-14 17:11:00,HALO
43.43,43.44,43.37,43.372,2700,2021-05-14 17:12:00,HALO
43.385,43.385,43.385,43.385,200,2021-05-14 17:13:00,HALO
43.38,43.38,43.35,43.365,12482,2021-05-14 17:14:00,HALO
43.39,43.4,43.38,43.38,500,2021-05-14 17:15:00,HALO
43.38,43.38,43.38,43.38,100,2021-05-14 17:16:00,HALO
43.38,43.4,43.38,43.4,300,2021-05-14 17:17:00,HALO
43.42,43.42,43.3801,43.3801,200,2021-05-14 17:18:00,HALO
43.38,43.39,43.38,43.39,600,2021-05-14 17:19:00,HALO
43.4,43.42,43.36,43.36,2231,2021-05-14 17:21:00,HALO
43.39,43.39,43.39,43.39,300,2021-05-14 17:22:00,HALO
43.4,43.4,43.3998,43.3998,700,2021-05-14 17:23:00,HALO
43.415,43.4292,43.415,43.4292,300,2021-05-14 17:25:00,HALO
43.41,43.41,43.39,43.39,200,2021-05-14 17:26:00,HALO
43.43,43.43,43.43,43.43,100,2021-05-14 17:28:00,HALO
43.44,43.52,43.44,43.52,1617,2021-05-14 17:29:00,HALO
43.51,43.51,43.51,43.51,100,2021-05-14 17:31:00,HALO
43.46,43.49,43.45,43.45,2000,2021-05-14 17:32:00,HALO
43.42,43.42,43.34,43.3475,1400,2021-05-14 17:33:00,HALO
43.37,43.37,43.37,43.37,100,2021-05-14 17:34:00,HALO
43.35,43.35,43.35,43.35,300,2021-05-14 17:35:00,HALO
43.34,43.34,43.33,43.33,200,2021-05-14 17:36:00,HALO
43.33,43.35,43.32,43.35,800,2021-05-14 17:37:00,HALO
43.37,43.37,43.37,43.37,100,2021-05-14 17:38:00,HALO
43.34,43.34,43.34,43.34,130,2021-05-14 17:39:00,HALO
43.34,43.35,43.31,43.31,700,2021-05-14 17:40:00,HALO
43.28,43.28,43.28,43.28,300,2021-05-14 17:41:00,HALO
43.28,43.28,43.26,43.26,300,2021-05-14 17:42:00,HALO
43.23,43.25,43.23,43.25,200,2021-05-14 17:43:00,HALO
43.245,43.245,43.24,43.24,200,2021-05-14 17:44:00,HALO
43.24,43.24,43.23,43.23,300,2021-05-14 17:45:00,HALO
43.24,43.27,43.24,43.27,200,2021-05-14 17:46:00,HALO
43.27,43.27,43.25,43.25,1000,2021-05-14 17:47:00,HALO
43.26,43.3001,43.26,43.3001,779,2021-05-14 17:48:00,HALO
43.29,43.31,43.29,43.29,400,2021-05-14 17:50:00,HALO
43.285,43.34,43.285,43.3,2188,2021-05-14 17:51:00,HALO
43.32,43.32,43.32,43.32,100,2021-05-14 17:53:00,HALO
43.33,43.33,43.33,43.33,100,2021-05-14 17:54:00,HALO
43.34,43.34,43.34,43.34,100,2021-05-14 17:56:00,HALO
43.325,43.325,43.325,43.325,200,2021-05-14 17:57:00,HALO
43.34,43.34,43.34,43.34,100,2021-05-14 17:58:00,HALO
43.31,43.34,43.3,43.32,4506,2021-05-14 17:59:00,HALO
43.335,43.335,43.13,43.24,28542,2021-05-14 18:00:00,HALO
43.21,43.27,43.21,43.27,400,2021-05-14 18:01:00,HALO
43.305,43.33,43.305,43.33,219,2021-05-14 18:02:00,HALO
43.34,43.34,43.31,43.31,200,2021-05-14 18:03:00,HALO
43.34,43.34,43.34,43.34,100,2021-05-14 18:04:00,HALO
43.37,43.39,43.345,43.37,949,2021-05-14 18:05:00,HALO
43.39,43.39,43.32,43.32,2650,2021-05-14 18:06:00,HALO
43.33,43.34,43.33,43.34,400,2021-05-14 18:07:00,HALO
43.37,43.4,43.37,43.4,300,2021-05-14 18:08:00,HALO
43.41,43.41,43.41,43.41,300,2021-05-14 18:09:00,HALO
43.38,43.4,43.38,43.4,738,2021-05-14 18:10:00,HALO
43.38,43.45,43.38,43.45,3810,2021-05-14 18:11:00,HALO
43.45,43.45,43.43,43.43,1315,2021-05-14 18:13:00,HALO
43.46,43.51,43.46,43.51,1100,2021-05-14 18:14:00,HALO
43.49,43.49,43.48,43.48,600,2021-05-14 18:15:00,HALO
43.48,43.48,43.46,43.46,2600,2021-05-14 18:16:00,HALO
43.47,43.47,43.43,43.43,300,2021-05-14 18:17:00,HALO
43.43,43.44,43.43,43.44,200,2021-05-14 18:18:00,HALO
43.45,43.45,43.45,43.45,100,2021-05-14 18:19:00,HALO
43.44,43.47,43.44,43.47,200,2021-05-14 18:20:00,HALO
43.48,43.48,43.42,43.435,2100,2021-05-14 18:22:00,HALO
43.51,43.51,43.51,43.51,100,2021-05-14 18:23:00,HALO
43.49,43.53,43.49,43.53,200,2021-05-14 18:24:00,HALO
43.53,43.5591,43.51,43.5591,2848,2021-05-14 18:25:00,HALO
43.5553,43.56,43.53,43.53,1650,2021-05-14 18:26:00,HALO
43.54,43.54,43.52,43.52,600,2021-05-14 18:28:00,HALO
43.55,43.59,43.55,43.58,1152,2021-05-14 18:29:00,HALO
43.58,43.61,43.57,43.57,1100,2021-05-14 18:30:00,HALO
43.61,43.61,43.61,43.61,100,2021-05-14 18:31:00,HALO
43.61,43.615,43.61,43.615,400,2021-05-14 18:32:00,HALO
43.62,43.62,43.62,43.62,100,2021-05-14 18:33:00,HALO
43.6,43.63,43.6,43.63,600,2021-05-14 18:35:00,HALO
43.64,43.64,43.63,43.63,200,2021-05-14 18:36:00,HALO
43.63,43.635,43.6,43.605,2297,2021-05-14 18:37:00,HALO
43.635,43.65,43.635,43.65,500,2021-05-14 18:38:00,HALO
43.65,43.65,43.58,43.595,9494,2021-05-14 18:39:00,HALO
43.61,43.61,43.58,43.61,300,2021-05-14 18:40:00,HALO
43.64,43.67,43.64,43.67,200,2021-05-14 18:41:00,HALO
43.685,43.685,43.685,43.685,100,2021-05-14 18:42:00,HALO
43.68,43.68,43.67,43.68,1100,2021-05-14 18:43:00,HALO
43.7,43.71,43.69,43.71,1288,2021-05-14 18:44:00,HALO
43.6961,43.705,43.6961,43.705,310,2021-05-14 18:45:00,HALO
43.73,43.73,43.72,43.72,200,2021-05-14 18:46:00,HALO
43.74,43.76,43.74,43.745,1700,2021-05-14 18:47:00,HALO
43.74,43.74,43.72,43.74,500,2021-05-14 18:48:00,HALO
43.76,43.77,43.76,43.77,500,2021-05-14 18:49:00,HALO
43.79,43.82,43.79,43.82,773,2021-05-14 18:50:00,HALO
43.81,43.81,43.78,43.79,700,2021-05-14 18:51:00,HALO
43.81,43.81,43.72,43.72,1500,2021-05-14 18:52:00,HALO
43.735,43.74,43.735,43.74,200,2021-05-14 18:53:00,HALO
43.76,43.81,43.74,43.78,1291,2021-05-14 18:54:00,HALO
43.805,43.83,43.805,43.82,300,2021-05-14 18:55:00,HALO
43.8,43.84,43.8,43.84,300,2021-05-14 18:56:00,HALO
43.81,43.85,43.72,43.72,3500,2021-05-14 18:57:00,HALO
43.745,43.76,43.73,43.76,400,2021-05-14 18:58:00,HALO
43.78,43.79,43.77,43.77,1700,2021-05-14 18:59:00,HALO
43.775,43.775,43.74,43.74,893,2021-05-14 19:00:00,HALO
43.71,43.71,43.64,43.68,1500,2021-05-14 19:01:00,HALO
43.655,43.67,43.63,43.66,1904,2021-05-14 19:02:00,HALO
43.63,43.63,43.63,43.63,700,2021-05-14 19:03:00,HALO
43.62,43.63,43.62,43.62,439,2021-05-14 19:04:00,HALO
43.62,43.645,43.62,43.62,840,2021-05-14 19:05:00,HALO
43.6,43.6,43.49,43.555,6108,2021-05-14 19:06:00,HALO
43.57,43.57,43.56,43.56,200,2021-05-14 19:07:00,HALO
43.56,43.56,43.5,43.545,600,2021-05-14 19:08:00,HALO
43.55,43.555,43.53,43.555,500,2021-05-14 19:09:00,HALO
43.57,43.63,43.56,43.57,1526,2021-05-14 19:10:00,HALO
43.575,43.6,43.575,43.5964,300,2021-05-14 19:11:00,HALO
43.59,43.59,43.56,43.56,800,2021-05-14 19:12:00,HALO
43.57,43.575,43.57,43.57,300,2021-05-14 19:13:00,HALO
43.57,43.6302,43.55,43.55,2201,2021-05-14 19:14:00,HALO
43.55,43.6168,43.535,43.595,723,2021-05-14 19:15:00,HALO
43.6,43.64,43.57,43.59,1864,2021-05-14 19:16:00,HALO
43.57,43.595,43.51,43.51,4952,2021-05-14 19:17:00,HALO
43.51,43.5278,43.48,43.5278,846,2021-05-14 19:18:00,HALO
43.54,43.5499,43.505,43.53,853,2021-05-14 19:20:00,HALO
43.525,43.525,43.48,43.5,2905,2021-05-14 19:21:00,HALO
43.4967,43.4967,43.47,43.48,724,2021-05-14 19:22:00,HALO
43.4675,43.4908,43.46,43.46,1135,2021-05-14 19:23:00,HALO
43.45,43.46,43.41,43.41,600,2021-05-14 19:24:00,HALO
43.415,43.4399,43.41,43.4399,529,2021-05-14 19:25:00,HALO
43.44,43.4532,43.43,43.44,1225,2021-05-14 19:26:00,HALO
43.42,43.435,43.36,43.36,1503,2021-05-14 19:27:00,HALO
43.36,43.36,43.31,43.325,2210,2021-05-14 19:28:00,HALO
43.325,43.33,43.31,43.31,2488,2021-05-14 19:29:00,HALO
43.31,43.344,43.31,43.31,1300,2021-05-14 19:30:00,HALO
43.31,43.33,43.27,43.29,4100,2021-05-14 19:31:00,HALO
43.29,43.29,43.19,43.19,4103,2021-05-14 19:32:00,HALO
43.19,43.215,43.14,43.14,3414,2021-05-14 19:33:00,HALO
43.14,43.145,43.11,43.13,4708,2021-05-14 19:34:00,HALO
43.15,43.2,43.13,43.17,4052,2021-05-14 19:35:00,HALO
43.16,43.175,43.15,43.15,3736,2021-05-14 19:36:00,HALO
43.15,43.1799,43.14,43.16,3512,2021-05-14 19:37:00,HALO
43.16,43.17,43.14,43.14,3510,2021-05-14 19:38:00,HALO
43.14,43.155,43.09,43.105,3960,2021-05-14 19:39:00,HALO
43.1,43.1499,43.1,43.1399,4113,2021-05-14 19:40:00,HALO
43.135,43.135,43.07,43.085,5305,2021-05-14 19:41:00,HALO
43.1,43.11,43.04,43.05,4622,2021-05-14 19:42:00,HALO
43.03,43.05,43.02,43.03,4707,2021-05-14 19:43:00,HALO
43.03,43.035,42.98,42.99,5877,2021-05-14 19:44:00,HALO
42.98,43.055,42.98,43.05,5578,2021-05-14 19:45:00,HALO
43.03,43.05,43.03,43.05,4655,2021-05-14 19:46:00,HALO
43.04,43.1,43.04,43.09,6177,2021-05-14 19:47:00,HALO
43.07,43.11,43.04,43.04,5844,2021-05-14 19:48:00,HALO
43.04,43.06,43.02,43.06,5856,2021-05-14 19:49:00,HALO
43.07,43.08,43.04,43.04,7233,2021-05-14 19:50:00,HALO
43.04,43.085,43.04,43.04,14469,2021-05-14 19:51:00,HALO
43.04,43.07,43.04,43.04,14374,2021-05-14 19:52:00,HALO
43.04,43.04,42.94,42.955,7206,2021-05-14 19:53:00,HALO
42.94,43.05,42.93,43.03,6298,2021-05-14 19:54:00,HALO
43.05,43.07,42.98,43.02,15437,2021-05-14 19:55:00,HALO
43.02,43.025,42.99,42.99,9015,2021-05-14 19:56:00,HALO
42.99,43.0399,42.98,43.025,8458,2021-05-14 19:57:00,HALO
43.0399,43.0399,42.9799,42.985,14102,2021-05-14 19:58:00,HALO
42.985,43.055,42.98,43.01,23406,2021-05-14 19:59:00,HALO
43.03,43.03,43.03,43.03,131185,2021-05-14 20:00:00,HALO
43.03,43.03,43.03,43.03,23878,2021-05-14 20:02:00,HALO
43.04183,43.04183,43.04183,43.04183,71103,2021-05-14 20:12:00,HALO
43.2,43.2,43.2,43.2,300,2021-05-17 13:25:00,HALO
42.69,43.06,42.69,43.06,212,2021-05-17 13:27:00,HALO
42.34,42.34,41.89,42.26,23405,2021-05-17 13:30:00,HALO
42.53,42.71,42.5,42.71,1013,2021-05-17 13:31:00,HALO
42.71,42.71,42.51,42.685,1426,2021-05-17 13:32:00,HALO
42.34,42.74,42.34,42.74,1609,2021-05-17 13:33:00,HALO
42.58,42.89,42.58,42.745,301,2021-05-17 13:34:00,HALO
42.86,42.92,42.86,42.91,850,2021-05-17 13:35:00,HALO
42.94,42.94,42.94,42.94,550,2021-05-17 13:36:00,HALO
43.19,43.19,43.19,43.19,318,2021-05-17 13:37:00,HALO
43.03,43.04,42.94,42.94,1566,2021-05-17 13:38:00,HALO
43.08,43.14,43.08,43.14,836,2021-05-17 13:40:00,HALO
43.08,43.08,42.97,42.97,1268,2021-05-17 13:41:00,HALO
42.81,42.81,42.78,42.78,405,2021-05-17 13:42:00,HALO
42.79,42.79,42.66,42.66,3834,2021-05-17 13:43:00,HALO
42.75,42.845,42.65,42.845,1641,2021-05-17 13:44:00,HALO
42.85,42.99,42.85,42.89,4536,2021-05-17 13:45:00,HALO
42.9,42.9,42.5506,42.85,4765,2021-05-17 13:46:00,HALO
42.82,42.82,42.74,42.755,3059,2021-05-17 13:47:00,HALO
42.62,42.62,42.6,42.6,300,2021-05-17 13:48:00,HALO
42.6,42.65,42.51,42.51,1160,2021-05-17 13:49:00,HALO
42.69,42.71,42.53,42.66,1569,2021-05-17 13:50:00,HALO
42.5,42.5,42.5,42.5,200,2021-05-17 13:51:00,HALO
42.51,42.51,42.49,42.49,200,2021-05-17 13:54:00,HALO
42.5,42.5,42.5,42.5,200,2021-05-17 13:55:00,HALO
42.57,42.57,42.5,42.54,401,2021-05-17 13:56:00,HALO
42.56,42.56,42.49,42.49,200,2021-05-17 13:57:00,HALO
42.42,42.42,42.4,42.4,400,2021-05-17 13:58:00,HALO
42.42,42.44,42.395,42.395,1000,2021-05-17 14:00:00,HALO
42.32,42.32,42.21,42.21,300,2021-05-17 14:01:00,HALO
42.24,42.24,42.2,42.2,400,2021-05-17 14:03:00,HALO
42.26,42.29,42.24,42.29,900,2021-05-17 14:04:00,HALO
42.38,42.39,42.38,42.39,200,2021-05-17 14:05:00,HALO
42.38,42.38,42.31,42.31,200,2021-05-17 14:06:00,HALO
42.375,42.46,42.37,42.46,1232,2021-05-17 14:07:00,HALO
42.435,42.5099,42.435,42.5099,1174,2021-05-17 14:08:00,HALO
42.43,42.43,42.31,42.31,1200,2021-05-17 14:09:00,HALO
42.24,42.32,42.23,42.32,900,2021-05-17 14:10:00,HALO
42.33,42.33,42.23,42.26,800,2021-05-17 14:11:00,HALO
42.27,42.33,42.27,42.27,1017,2021-05-17 14:12:00,HALO
42.26,42.26,42.26,42.26,100,2021-05-17 14:13:00,HALO
42.315,42.4,42.315,42.36,1150,2021-05-17 14:14:00,HALO
42.3,42.3,42.21,42.21,400,2021-05-17 14:15:00,HALO
42.33,42.33,42.32,42.32,200,2021-05-17 14:16:00,HALO
42.42,42.42,42.42,42.42,100,2021-05-17 14:17:00,HALO
42.44,42.45,42.44,42.45,300,2021-05-17 14:18:00,HALO
42.41,42.45,42.315,42.41,1500,2021-05-17 14:19:00,HALO
42.38,42.38,42.38,42.38,100,2021-05-17 14:20:00,HALO
42.37,42.37,42.37,42.37,100,2021-05-17 14:21:00,HALO
42.42,42.42,42.36,42.36,400,2021-05-17 14:22:00,HALO
42.32,42.32,42.28,42.3,900,2021-05-17 14:24:00,HALO
42.31,42.33,42.29,42.29,800,2021-05-17 14:25:00,HALO
42.25,42.25,42.25,42.25,100,2021-05-17 14:26:00,HALO
42.285,42.285,42.285,42.285,235,2021-05-17 14:27:00,HALO
42.285,42.285,42.285,42.285,100,2021-05-17 14:28:00,HALO
42.3,42.3,42.15,42.1776,1200,2021-05-17 14:29:00,HALO
42.1237,42.16,42.1,42.1,3134,2021-05-17 14:30:00,HALO
42.07,42.07,41.98,41.98,800,2021-05-17 14:31:00,HALO
41.985,41.985,41.94,41.94,250,2021-05-17 14:32:00,HALO
42.02,42.08,41.96,41.96,1355,2021-05-17 14:33:00,HALO
41.975,42.0007,41.94,42.0007,700,2021-05-17 14:34:00,HALO
41.965,42.06,41.965,42.02,600,2021-05-17 14:35:00,HALO
42.08,42.21,42.08,42.21,1256,2021-05-17 14:36:00,HALO
42.2,42.2,42.2,42.2,243,2021-05-17 14:37:00,HALO
42.22,42.22,42.18,42.22,1400,2021-05-17 14:38:00,HALO
42.29,42.29,42.21,42.21,400,2021-05-17 14:39:00,HALO
42.28,42.28,42.19,42.25,800,2021-05-17 14:40:00,HALO
42.27,42.31,42.27,42.31,1100,2021-05-17 14:41:00,HALO
42.31,42.32,42.27,42.27,624,2021-05-17 14:42:00,HALO
42.24,42.24,42.23,42.23,307,2021-05-17 14:43:00,HALO
42.26,42.3,42.26,42.3,700,2021-05-17 14:44:00,HALO
42.33,42.37,42.33,42.37,200,2021-05-17 14:45:00,HALO
42.38,42.43,42.38,42.43,400,2021-05-17 14:46:00,HALO
42.36,42.36,42.36,42.36,100,2021-05-17 14:47:00,HALO
42.38,42.4,42.37,42.37,396,2021-05-17 14:48:00,HALO
42.46,42.46,42.46,42.46,100,2021-05-17 14:49:00,HALO
42.46,42.46,42.36,42.37,1000,2021-05-17 14:50:00,HALO
42.46,42.5,42.46,42.5,400,2021-05-17 14:51:00,HALO
42.5,42.5,42.45,42.5,605,2021-05-17 14:52:00,HALO
42.5,42.5,42.5,42.5,100,2021-05-17 14:53:00,HALO
42.515,42.515,42.515,42.515,200,2021-05-17 14:54:00,HALO
42.515,42.515,42.46,42.48,900,2021-05-17 14:55:00,HALO
42.4806,42.49,42.4806,42.49,289,2021-05-17 14:57:00,HALO
42.42,42.42,42.42,42.42,100,2021-05-17 14:58:00,HALO
42.48,42.48,42.29,42.37,5182,2021-05-17 15:00:00,HALO
42.3,42.37,42.22,42.22,800,2021-05-17 15:01:00,HALO
42.32,42.33,42.22,42.33,1345,2021-05-17 15:02:00,HALO
42.33,42.33,42.21,42.25,1333,2021-05-17 15:03:00,HALO
42.23,42.25,42.07,42.07,4600,2021-05-17 15:04:00,HALO
42.0524,42.0524,42.0,42.0,950,2021-05-17 15:05:00,HALO
42.0,42.05,41.99,41.99,300,2021-05-17 15:06:00,HALO
42.0,42.05,41.91,41.92,5615,2021-05-17 15:07:00,HALO
41.95,41.96,41.71,41.75,3100,2021-05-17 15:08:00,HALO
41.7,41.83,41.7,41.811,1100,2021-05-17 15:09:00,HALO
41.81,41.82,41.73,41.74,914,2021-05-17 15:10:00,HALO
41.75,41.77,41.75,41.75,300,2021-05-17 15:11:00,HALO
41.8,41.81,41.8,41.81,400,2021-05-17 15:12:00,HALO
41.9,41.9,41.845,41.845,300,2021-05-17 15:13:00,HALO
41.96,41.96,41.96,41.96,100,2021-05-17 15:14:00,HALO
41.89,41.93,41.89,41.93,245,2021-05-17 15:16:00,HALO
41.98,41.98,41.98,41.98,100,2021-05-17 15:17:00,HALO
42.0,42.04,41.98,42.04,600,2021-05-17 15:18:00,HALO
41.99,41.99,41.96,41.96,400,2021-05-17 15:19:00,HALO
41.9555,42.02,41.9555,42.02,200,2021-05-17 15:20:00,HALO
41.985,42.06,41.985,42.05,500,2021-05-17 15:21:00,HALO
42.04,42.12,42.04,42.12,500,2021-05-17 15:22:00,HALO
42.12,42.13,42.08,42.12,500,2021-05-17 15:23:00,HALO
42.06,42.06,42.01,42.05,853,2021-05-17 15:24:00,HALO
42.01,42.06,41.99,42.06,530,2021-05-17 15:25:00,HALO
42.11,42.11,42.11,42.11,100,2021-05-17 15:26:00,HALO
42.08,42.08,42.04,42.04,300,2021-05-17 15:27:00,HALO
42.04,42.04,42.03,42.03,200,2021-05-17 15:28:00,HALO
42.05,42.05,42.05,42.05,100,2021-05-17 15:29:00,HALO
42.01,42.02,41.98,42.02,2100,2021-05-17 15:30:00,HALO
42.04,42.04,41.99,42.02,7312,2021-05-17 15:31:00,HALO
42.025,42.025,41.98,42.02,1505,2021-05-17 15:32:00,HALO
42.05,42.07,42.05,42.07,745,2021-05-17 15:33:00,HALO
42.06,42.09,42.05,42.07,1300,2021-05-17 15:34:00,HALO
42.075,42.08,42.05,42.08,300,2021-05-17 15:35:00,HALO
42.08,42.08,42.08,42.08,100,2021-05-17 15:36:00,HALO
42.13,42.13,42.06,42.07,520,2021-05-17 15:37:00,HALO
42.09,42.09,42.085,42.085,300,2021-05-17 15:38:00,HALO
42.075,42.075,42.05,42.06,600,2021-05-17 15:39:00,HALO
42.05,42.11,42.05,42.11,3404,2021-05-17 15:40:00,HALO
42.18,42.18,42.18,42.18,300,2021-05-17 15:42:00,HALO
42.15,42.15,42.15,42.15,300,2021-05-17 15:43:00,HALO
42.15,42.15,42.12,42.12,200,2021-05-17 15:45:00,HALO
42.15,42.15,42.15,42.15,100,2021-05-17 15:46:00,HALO
42.1227,42.13,41.99,42.03,2100,2021-05-17 15:48:00,HALO
42.05,42.05,42.02,42.02,200,2021-05-17 15:49:00,HALO
41.99,42.015,41.99,42.015,1000,2021-05-17 15:51:00,HALO
42.01,42.015,42.01,42.015,700,2021-05-17 15:52:00,HALO
42.04,42.04,42.01,42.02,883,2021-05-17 15:53:00,HALO
41.99,42.0,41.99,42.0,400,2021-05-17 15:54:00,HALO
41.99,42.01,41.96,41.97,1874,2021-05-17 15:55:00,HALO
41.99,42.005,41.99,42.005,900,2021-05-17 15:56:00,HALO
41.96,41.96,41.96,41.96,100,2021-05-17 15:57:00,HALO
41.98,41.99,41.98,41.99,200,2021-05-17 15:58:00,HALO
42.03,42.03,41.98,42.02,400,2021-05-17 15:59:00,HALO
42.0,42.0,41.97,41.97,300,2021-05-17 16:00:00,HALO
41.965,41.965,41.9,41.9,500,2021-05-17 16:01:00,HALO
41.9,41.97,41.9,41.97,1200,2021-05-17 16:02:00,HALO
41.92,41.94,41.91,41.91,400,2021-05-17 16:03:00,HALO
41.88,41.94,41.88,41.94,600,2021-05-17 16:05:00,HALO
41.93,41.93,41.85,41.85,400,2021-05-17 16:06:00,HALO
41.855,41.855,41.8525,41.855,358,2021-05-17 16:07:00,HALO
41.82,41.855,41.82,41.855,200,2021-05-17 16:08:00,HALO
41.82,41.82,41.79,41.79,400,2021-05-17 16:09:00,HALO
41.829,41.829,41.829,41.829,500,2021-05-17 16:10:00,HALO
41.73,41.73,41.73,41.73,100,2021-05-17 16:11:00,HALO
41.7,41.7,41.7,41.7,100,2021-05-17 16:12:00,HALO
41.7,41.7,41.68,41.68,446,2021-05-17 16:13:00,HALO
41.71,41.71,41.62,41.63,600,2021-05-17 16:14:00,HALO
41.62,41.675,41.575,41.675,2200,2021-05-17 16:15:00,HALO
41.72,41.77,41.71,41.74,400,2021-05-17 16:18:00,HALO
41.71,41.71,41.71,41.71,200,2021-05-17 16:19:00,HALO
41.71,41.83,41.7,41.83,4801,2021-05-17 16:20:00,HALO
41.83,41.83,41.83,41.83,100,2021-05-17 16:21:00,HALO
41.86,41.86,41.86,41.86,100,2021-05-17 16:23:00,HALO
41.85,41.87,41.8304,41.8304,4294,2021-05-17 16:25:00,HALO
41.83,41.84,41.805,41.805,1600,2021-05-17 16:26:00,HALO
41.83,41.83,41.77,41.78,800,2021-05-17 16:27:00,HALO
41.8,41.8,41.79,41.79,200,2021-05-17 16:28:00,HALO
41.76,41.76,41.76,41.76,347,2021-05-17 16:29:00,HALO
41.74,41.78,41.74,41.78,300,2021-05-17 16:30:00,HALO
41.76,41.8,41.75,41.8,1000,2021-05-17 16:31:00,HALO
41.78,41.81,41.78,41.81,200,2021-05-17 16:32:00,HALO
41.79,41.79,41.78,41.79,500,2021-05-17 16:33:00,HALO
41.82,41.82,41.82,41.82,100,2021-05-17 16:34:00,HALO
41.85,41.85,41.8434,41.8434,222,2021-05-17 16:35:00,HALO
41.835,41.87,41.83,41.83,1300,2021-05-17 16:36:00,HALO
41.84,41.875,41.84,41.875,650,2021-05-17 16:37:00,HALO
41.88,41.885,41.88,41.885,700,2021-05-17 16:38:00,HALO
41.92,41.95,41.92,41.95,2400,2021-05-17 16:39:00,HALO
41.935,41.94,41.89,41.895,1100,2021-05-17 16:40:00,HALO
41.91,41.91,41.91,41.91,200,2021-05-17 16:41:00,HALO
41.94,41.95,41.94,41.95,500,2021-05-17 16:42:00,HALO
41.98,41.98,41.96,41.97,1200,2021-05-17 16:43:00,HALO
41.96,41.97,41.96,41.97,200,2021-05-17 16:45:00,HALO
41.97,41.97,41.97,41.97,100,2021-05-17 16:46:00,HALO
42.0,42.0,41.96,41.99,1000,2021-05-17 16:47:00,HALO
41.99,41.99,41.95,41.95,2284,2021-05-17 16:48:00,HALO
41.93,41.935,41.93,41.935,279,2021-05-17 16:49:00,HALO
41.9425,41.9425,41.92,41.92,300,2021-05-17 16:50:00,HALO
41.92,41.96,41.92,41.96,200,2021-05-17 16:51:00,HALO
41.93,41.93,41.93,41.93,500,2021-05-17 16:52:00,HALO
41.9,41.93,41.9,41.9,1020,2021-05-17 16:53:00,HALO
41.92,41.93,41.91,41.91,900,2021-05-17 16:54:00,HALO
41.93,42.02,41.93,41.95,2829,2021-05-17 16:55:00,HALO
41.935,41.97,41.915,41.97,400,2021-05-17 16:56:00,HALO
41.96,41.96,41.96,41.96,100,2021-05-17 16:57:00,HALO
41.93,41.93,41.925,41.925,300,2021-05-17 16:59:00,HALO
41.91,41.95,41.91,41.93,400,2021-05-17 17:00:00,HALO
41.96,41.96,41.96,41.96,100,2021-05-17 17:01:00,HALO
41.97,41.98,41.95,41.96,500,2021-05-17 17:02:00,HALO
41.94,41.94,41.94,41.94,100,2021-05-17 17:03:00,HALO
41.9599,41.9599,41.94,41.94,400,2021-05-17 17:04:00,HALO
41.94,41.94,41.94,41.94,200,2021-05-17 17:05:00,HALO
41.925,41.925,41.9,41.92,800,2021-05-17 17:06:00,HALO
41.915,41.95,41.915,41.95,2239,2021-05-17 17:08:00,HALO
41.91,41.91,41.86,41.86,300,2021-05-17 17:09:00,HALO
41.85,41.88,41.85,41.88,500,2021-05-17 17:10:00,HALO
41.89,41.89,41.86,41.87,1100,2021-05-17 17:11:00,HALO
41.9,41.9,41.89,41.89,756,2021-05-17 17:12:00,HALO
41.85,41.87,41.85,41.86,300,2021-05-17 17:14:00,HALO
41.82,41.82,41.79,41.79,970,2021-05-17 17:15:00,HALO
41.81,41.85,41.81,41.85,1863,2021-05-17 17:16:00,HALO
41.83,41.83,41.83,41.83,200,2021-05-17 17:17:00,HALO
41.8462,41.875,41.8462,41.875,534,2021-05-17 17:18:00,HALO
41.85,41.85,41.85,41.85,200,2021-05-17 17:19:00,HALO
41.84,41.84,41.84,41.84,200,2021-05-17 17:20:00,HALO
41.77,41.77,41.77,41.77,100,2021-05-17 17:21:00,HALO
41.77,41.77,41.71,41.71,1025,2021-05-17 17:22:00,HALO
41.7578,41.7578,41.7578,41.7578,200,2021-05-17 17:23:00,HALO
41.69,41.71,41.69,41.7,300,2021-05-17 17:24:00,HALO
41.67,41.68,41.65,41.68,400,2021-05-17 17:25:00,HALO
41.64,41.64,41.64,41.64,100,2021-05-17 17:27:00,HALO
41.69,41.73,41.69,41.71,1250,2021-05-17 17:28:00,HALO
41.7,41.7,41.65,41.65,550,2021-05-17 17:29:00,HALO
41.66,41.66,41.62,41.63,400,2021-05-17 17:30:00,HALO
41.6,41.6,41.57,41.57,300,2021-05-17 17:31:00,HALO
41.61,41.61,41.6,41.6,800,2021-05-17 17:32:00,HALO
41.57,41.57,41.57,41.57,100,2021-05-17 17:33:00,HALO
41.58,41.59,41.57,41.59,1300,2021-05-17 17:34:00,HALO
41.63,41.69,41.63,41.69,1000,2021-05-17 17:36:00,HALO
41.67,41.67,41.67,41.67,200,2021-05-17 17:37:00,HALO
41.68,41.68,41.66,41.66,200,2021-05-17 17:38:00,HALO
41.64,41.64,41.61,41.61,400,2021-05-17 17:39:00,HALO
41.58,41.6,41.57,41.57,300,2021-05-17 17:40:00,HALO
41.54,41.54,41.51,41.53,300,2021-05-17 17:41:00,HALO
41.56,41.57,41.56,41.57,200,2021-05-17 17:42:00,HALO
41.57,41.57,41.525,41.525,400,2021-05-17 17:43:00,HALO
41.55,41.55,41.51,41.51,200,2021-05-17 17:44:00,HALO
41.5,41.54,41.5,41.54,1270,2021-05-17 17:45:00,HALO
41.51,41.55,41.51,41.55,200,2021-05-17 17:46:00,HALO
41.56,41.56,41.56,41.56,200,2021-05-17 17:47:00,HALO
41.56,41.56,41.56,41.56,108,2021-05-17 17:48:00,HALO
41.615,41.64,41.615,41.64,500,2021-05-17 17:49:00,HALO
41.645,41.645,41.59,41.59,300,2021-05-17 17:50:00,HALO
41.58,41.62,41.57,41.61,772,2021-05-17 17:51:00,HALO
41.59,41.6,41.5886,41.5886,500,2021-05-17 17:52:00,HALO
41.57,41.59,41.57,41.59,2900,2021-05-17 17:53:00,HALO
41.57,41.61,41.57,41.61,200,2021-05-17 17:56:00,HALO
41.59,41.62,41.59,41.62,4091,2021-05-17 17:57:00,HALO
41.62,41.64,41.62,41.64,400,2021-05-17 17:58:00,HALO
41.63,41.63,41.61,41.61,519,2021-05-17 17:59:00,HALO
41.6425,41.6425,41.6108,41.6108,700,2021-05-17 18:00:00,HALO
41.66,41.7,41.615,41.615,900,2021-05-17 18:01:00,HALO
41.61,41.61,41.61,41.61,475,2021-05-17 18:02:00,HALO
41.64,41.66,41.62,41.64,1326,2021-05-17 18:03:00,HALO
41.65,41.65,41.65,41.65,100,2021-05-17 18:04:00,HALO
41.64,41.68,41.61,41.66,1200,2021-05-17 18:05:00,HALO
41.65,41.65,41.64,41.65,300,2021-05-17 18:06:00,HALO
41.64,41.64,41.64,41.64,100,2021-05-17 18:07:00,HALO
41.665,41.665,41.62,41.62,200,2021-05-17 18:08:00,HALO
41.61,41.61,41.61,41.61,100,2021-05-17 18:09:00,HALO
41.63,41.69,41.63,41.68,800,2021-05-17 18:10:00,HALO
41.67,41.67,41.63,41.66,537,2021-05-17 18:11:00,HALO
41.63,41.63,41.62,41.62,200,2021-05-17 18:12:00,HALO
41.62,41.62,41.62,41.62,100,2021-05-17 18:13:00,HALO
41.605,41.605,41.605,41.605,100,2021-05-17 18:14:00,HALO
41.6,41.6,41.58,41.58,1298,2021-05-17 18:15:00,HALO
41.55,41.565,41.55,41.565,500,2021-05-17 18:16:00,HALO
41.56,41.58,41.55,41.56,600,2021-05-17 18:17:00,HALO
41.55,41.55,41.52,41.52,500,2021-05-17 18:18:00,HALO
41.55,41.55,41.55,41.55,100,2021-05-17 18:19:00,HALO
41.54,41.545,41.53,41.545,300,2021-05-17 18:20:00,HALO
41.58,41.58,41.58,41.58,205,2021-05-17 18:21:00,HALO
41.57,41.57,41.5,41.53,600,2021-05-17 18:22:00,HALO
41.56,41.56,41.53,41.53,200,2021-05-17 18:23:00,HALO
41.53,41.53,41.495,41.495,800,2021-05-17 18:24:00,HALO
41.5,41.54,41.5,41.54,800,2021-05-17 18:25:00,HALO
41.52,41.5391,41.49,41.5,400,2021-05-17 18:26:00,HALO
41.53,41.53,41.53,41.53,400,2021-05-17 18:27:00,HALO
41.55,41.55,41.54,41.54,286,2021-05-17 18:28:00,HALO
41.54,41.54,41.5,41.5,3123,2021-05-17 18:30:00,HALO
41.55,41.55,41.545,41.55,300,2021-05-17 18:31:00,HALO
41.56,41.58,41.56,41.58,1236,2021-05-17 18:32:00,HALO
41.56,41.59,41.52,41.52,1453,2021-05-17 18:33:00,HALO
41.52,41.52,41.5,41.5,400,2021-05-17 18:35:00,HALO
41.5,41.51,41.49,41.495,2175,2021-05-17 18:36:00,HALO
41.495,41.495,41.495,41.495,300,2021-05-17 18:37:00,HALO
41.5,41.5,41.46,41.48,1900,2021-05-17 18:38:00,HALO
41.48,41.55,41.48,41.5,1262,2021-05-17 18:39:00,HALO
41.6,41.71,41.6,41.62,4100,2021-05-17 18:41:00,HALO
41.62,41.66,41.62,41.66,1692,2021-05-17 18:42:00,HALO
41.66,41.66,41.65,41.65,293,2021-05-17 18:43:00,HALO
41.68,41.69,41.67,41.6899,400,2021-05-17 18:44:00,HALO
41.665,41.665,41.63,41.63,700,2021-05-17 18:45:00,HALO
41.62,41.66,41.62,41.645,300,2021-05-17 18:46:00,HALO
41.645,41.67,41.645,41.67,300,2021-05-17 18:47:00,HALO
41.63,41.63,41.62,41.62,200,2021-05-17 18:48:00,HALO
41.65,41.68,41.64,41.68,1071,2021-05-17 18:49:00,HALO
41.65,41.65,41.63,41.63,200,2021-05-17 18:50:00,HALO
41.67,41.77,41.67,41.74,1618,2021-05-17 18:51:00,HALO
41.74,41.74,41.73,41.73,700,2021-05-17 18:52:00,HALO
41.75,41.77,41.74,41.77,1300,2021-05-17 18:53:00,HALO
41.79,41.79,41.79,41.79,100,2021-05-17 18:54:00,HALO
41.75,41.755,41.75,41.755,900,2021-05-17 18:55:00,HALO
41.75,41.83,41.735,41.83,3045,2021-05-17 18:56:00,HALO
41.87,41.87,41.87,41.87,113,2021-05-17 18:57:00,HALO
41.87,41.9,41.85,41.85,922,2021-05-17 18:58:00,HALO
41.855,41.855,41.855,41.855,100,2021-05-17 18:59:00,HALO
41.85,41.87,41.84,41.84,1404,2021-05-17 19:00:00,HALO
41.86,41.88,41.86,41.88,1332,2021-05-17 19:01:00,HALO
41.88,41.89,41.88,41.88,600,2021-05-17 19:02:00,HALO
41.86,41.86,41.81,41.81,400,2021-05-17 19:03:00,HALO
41.85,41.85,41.85,41.85,300,2021-05-17 19:04:00,HALO
41.86,41.9099,41.86,41.9099,213,2021-05-17 19:05:00,HALO
41.915,41.92,41.9,41.92,500,2021-05-17 19:07:00,HALO
41.89,41.95,41.89,41.95,1071,2021-05-17 19:08:00,HALO
41.925,41.95,41.925,41.95,500,2021-05-17 19:09:00,HALO
41.95,41.95,41.95,41.95,100,2021-05-17 19:11:00,HALO
41.94,41.94,41.89,41.9,800,2021-05-17 19:12:00,HALO
41.83,41.96,41.83,41.94,2800,2021-05-17 19:13:00,HALO
41.92,41.92,41.92,41.92,100,2021-05-17 19:14:00,HALO
41.89,41.89,41.88,41.88,300,2021-05-17 19:15:00,HALO
41.89,41.89,41.87,41.87,200,2021-05-17 19:16:00,HALO
41.86,41.86,41.84,41.84,200,2021-05-17 19:17:00,HALO
41.87,41.89,41.85,41.87,1000,2021-05-17 19:18:00,HALO
41.89,41.89,41.87,41.88,800,2021-05-17 19:19:00,HALO
41.86,41.86,41.85,41.85,500,2021-05-17 19:20:00,HALO
41.87,41.87,41.87,41.87,600,2021-05-17 19:21:00,HALO
41.84,41.8546,41.83,41.8546,1430,2021-05-17 19:22:00,HALO
41.86,41.87,41.86,41.87,1300,2021-05-17 19:23:00,HALO
41.87,41.91,41.87,41.91,1000,2021-05-17 19:24:00,HALO
41.905,41.905,41.905,41.905,100,2021-05-17 19:25:00,HALO
41.94,41.98,41.94,41.98,500,2021-05-17 19:26:00,HALO
41.94,41.96,41.91,41.94,2800,2021-05-17 19:27:00,HALO
42.0,42.02,42.0,42.0,800,2021-05-17 19:28:00,HALO
42.01,42.01,42.01,42.01,100,2021-05-17 19:29:00,HALO
42.03,42.05,42.03,42.05,300,2021-05-17 19:30:00,HALO
42.07,42.07,42.07,42.07,100,2021-05-17 19:31:00,HALO
42.08,42.13,42.08,42.115,1100,2021-05-17 19:32:00,HALO
42.13,42.13,42.1,42.1,762,2021-05-17 19:33:00,HALO
42.16,42.215,42.16,42.215,600,2021-05-17 19:34:00,HALO
42.25,42.25,42.17,42.17,1400,2021-05-17 19:35:00,HALO
42.17,42.17,42.15,42.17,911,2021-05-17 19:36:00,HALO
42.2,42.2,42.165,42.17,753,2021-05-17 19:37:00,HALO
42.16,42.27,42.16,42.27,784,2021-05-17 19:38:00,HALO
42.27,42.3,42.24,42.3,1800,2021-05-17 19:39:00,HALO
42.295,42.34,42.23,42.32,7642,2021-05-17 19:40:00,HALO
42.33,42.39,42.33,42.35,1850,2021-05-17 19:41:00,HALO
42.32,42.34,42.32,42.331,1150,2021-05-17 19:42:00,HALO
42.34,42.37,42.31,42.36,1924,2021-05-17 19:43:00,HALO
42.39,42.42,42.345,42.38,1700,2021-05-17 19:44:00,HALO
42.37,42.37,42.32,42.34,1690,2021-05-17 19:45:00,HALO
42.35,42.43,42.35,42.42,1319,2021-05-17 19:46:00,HALO
42.37,42.43,42.33,42.4,2492,2021-05-17 19:47:00,HALO
42.37,42.38,42.36,42.38,632,2021-05-17 19:48:00,HALO
42.4,42.405,42.35,42.38,1905,2021-05-17 19:49:00,HALO
42.44,42.445,42.4,42.43,3355,2021-05-17 19:50:00,HALO
42.4,42.45,42.4,42.43,1200,2021-05-17 19:51:00,HALO
42.43,42.45,42.4,42.425,3367,2021-05-17 19:52:00,HALO
42.4,42.42,42.38,42.405,2699,2021-05-17 19:53:00,HALO
42.405,42.43,42.36,42.41,5628,2021-05-17 19:54:00,HALO
42.41,42.41,42.315,42.32,4380,2021-05-17 19:55:00,HALO
42.35,42.36,42.33,42.36,11515,2021-05-17 19:56:00,HALO
42.39,42.4,42.36,42.37,5734,2021-05-17 19:57:00,HALO
42.39,42.4,42.37,42.39,3196,2021-05-17 19:58:00,HALO
42.4,42.44,42.36,42.44,7483,2021-05-17 19:59:00,HALO
42.42,42.42,42.42,42.42,296355,2021-05-17 20:00:00,HALO
42.42,42.42,42.42,42.42,4903,2021-05-17 20:01:00,HALO
42.3,42.3,42.3,42.3,198,2021-05-18 11:00:00,HALO
42.6,42.6,42.6,42.6,5816,2021-05-18 13:30:00,HALO
42.86,42.86,42.86,42.86,100,2021-05-18 13:32:00,HALO
42.69,42.69,42.49,42.49,600,2021-05-18 13:33:00,HALO
42.51,42.6,42.45,42.5493,8391,2021-05-18 13:34:00,HALO
42.61,42.825,42.61,42.71,3049,2021-05-18 13:35:00,HALO
42.76,42.76,42.7,42.7,1000,2021-05-18 13:36:00,HALO
42.7,42.83,42.6,42.7,2500,2021-05-18 13:37:00,HALO
42.69,42.81,42.69,42.8,6468,2021-05-18 13:38:00,HALO
42.85,42.91,42.84,42.84,4540,2021-05-18 13:39:00,HALO
42.86,42.86,42.86,42.86,100,2021-05-18 13:40:00,HALO
42.92,42.92,42.79,42.79,2500,2021-05-18 13:41:00,HALO
42.81,42.83,42.78,42.8,950,2021-05-18 13:42:00,HALO
42.84,42.85,42.74,42.74,500,2021-05-18 13:43:00,HALO
42.71,42.72,42.57,42.57,705,2021-05-18 13:44:00,HALO
42.55,42.69,42.55,42.68,600,2021-05-18 13:45:00,HALO
42.55,42.55,42.42,42.47,1300,2021-05-18 13:46:00,HALO
42.5799,42.5799,42.5799,42.5799,300,2021-05-18 13:47:00,HALO
42.61,42.61,42.61,42.61,500,2021-05-18 13:48:00,HALO
42.6,42.6,42.6,42.6,200,2021-05-18 13:49:00,HALO
42.6,42.6,42.6,42.6,200,2021-05-18 13:50:00,HALO
42.55,42.55,42.49,42.49,552,2021-05-18 13:51:00,HALO
42.72,42.72,42.72,42.72,700,2021-05-18 13:53:00,HALO
42.63,42.67,42.63,42.67,500,2021-05-18 13:54:00,HALO
42.82,42.87,42.82,42.87,2370,2021-05-18 13:57:00,HALO
42.86,42.86,42.86,42.86,197,2021-05-18 13:58:00,HALO
42.94,42.94,42.88,42.92,1500,2021-05-18 13:59:00,HALO
42.97,43.0,42.96,43.0,700,2021-05-18 14:00:00,HALO
42.99,43.01,42.89,42.89,1800,2021-05-18 14:01:00,HALO
42.87,42.87,42.77,42.87,1641,2021-05-18 14:02:00,HALO
42.7625,42.77,42.7625,42.77,200,2021-05-18 14:03:00,HALO
42.79,42.87,42.76,42.76,800,2021-05-18 14:04:00,HALO
42.76,42.8253,42.76,42.8253,305,2021-05-18 14:05:00,HALO
42.9,42.92,42.89,42.917,745,2021-05-18 14:06:00,HALO
42.88,42.96,42.84,42.84,1212,2021-05-18 14:07:00,HALO
42.885,42.885,42.785,42.83,1000,2021-05-18 14:08:00,HALO
42.91,42.91,42.87,42.87,200,2021-05-18 14:10:00,HALO
42.88,42.95,42.88,42.95,400,2021-05-18 14:11:00,HALO
42.91,42.91,42.91,42.91,100,2021-05-18 14:12:00,HALO
42.905,42.96,42.84,42.84,700,2021-05-18 14:13:00,HALO
42.9,42.95,42.9,42.91,400,2021-05-18 14:14:00,HALO
42.89,42.915,42.885,42.885,500,2021-05-18 14:15:00,HALO
42.92,42.92,42.92,42.92,100,2021-05-18 14:16:00,HALO
42.9392,43.025,42.9392,43.025,600,2021-05-18 14:17:00,HALO
43.0,43.015,42.93,42.95,2346,2021-05-18 14:18:00,HALO
42.93,42.93,42.9,42.9,700,2021-05-18 14:20:00,HALO
43.0,43.0,43.0,43.0,500,2021-05-18 14:21:00,HALO
43.01,43.01,43.01,43.01,100,2021-05-18 14:22:00,HALO
42.99,43.005,42.99,43.005,1400,2021-05-18 14:23:00,HALO
43.015,43.015,43.015,43.015,125,2021-05-18 14:24:00,HALO
43.0375,43.0375,43.01,43.01,300,2021-05-18 14:25:00,HALO
42.98,43.01,42.96,43.01,1077,2021-05-18 14:26:00,HALO
43.015,43.015,42.93,42.93,2400,2021-05-18 14:27:00,HALO
42.97,43.02,42.93,42.98,1100,2021-05-18 14:28:00,HALO
43.0,43.0,43.0,43.0,704,2021-05-18 14:30:00,HALO
42.95,42.96,42.87,42.87,1099,2021-05-18 14:31:00,HALO
42.94,42.94,42.915,42.92,715,2021-05-18 14:32:00,HALO
42.9,42.91,42.9,42.91,500,2021-05-18 14:33:00,HALO
42.91,42.98,42.88,42.98,2700,2021-05-18 14:34:00,HALO
42.97,43.025,42.97,43.025,1300,2021-05-18 14:35:00,HALO
43.025,43.06,43.01,43.01,1501,2021-05-18 14:36:00,HALO
43.0,43.01,42.96,42.99,3400,2021-05-18 14:37:00,HALO
43.04,43.04,43.04,43.04,300,2021-05-18 14:38:00,HALO
43.02,43.02,42.96,42.97,800,2021-05-18 14:39:00,HALO
43.0,43.0,42.97,42.97,1300,2021-05-18 14:40:00,HALO
43.0,43.08,42.98,43.08,3650,2021-05-18 14:41:00,HALO
43.07,43.08,43.06,43.07,600,2021-05-18 14:42:00,HALO
43.085,43.085,42.95,42.95,1360,2021-05-18 14:43:00,HALO
43.01,43.015,43.0,43.01,428,2021-05-18 14:44:00,HALO
43.04,43.08,43.04,43.065,1081,2021-05-18 14:45:00,HALO
43.05,43.05,43.05,43.05,200,2021-05-18 14:46:00,HALO
43.03,43.04,43.0,43.015,1900,2021-05-18 14:47:00,HALO
42.98,43.065,42.98,43.065,799,2021-05-18 14:48:00,HALO
43.0,43.0,43.0,43.0,900,2021-05-18 14:49:00,HALO
43.005,43.02,42.9,42.91,4907,2021-05-18 14:50:00,HALO
42.9,42.95,42.89,42.95,600,2021-05-18 14:51:00,HALO
42.96,43.0075,42.96,43.0,1600,2021-05-18 14:52:00,HALO
42.98,43.01,42.98,43.0,600,2021-05-18 14:53:00,HALO
42.92,42.94,42.85,42.85,1400,2021-05-18 14:54:00,HALO
42.87,42.88,42.84,42.88,500,2021-05-18 14:55:00,HALO
42.87,42.87,42.84,42.86,900,2021-05-18 14:56:00,HALO
42.85,42.85,42.85,42.85,100,2021-05-18 14:57:00,HALO
42.85,42.85,42.82,42.82,200,2021-05-18 14:58:00,HALO
42.85,42.86,42.82,42.82,600,2021-05-18 14:59:00,HALO
42.86,42.86,42.81,42.81,500,2021-05-18 15:00:00,HALO
42.85,42.85,42.85,42.85,100,2021-05-18 15:01:00,HALO
42.8879,42.93,42.88,42.905,778,2021-05-18 15:02:00,HALO
42.96,43.0,42.96,42.995,700,2021-05-18 15:04:00,HALO
42.995,42.995,42.92,42.94,1069,2021-05-18 15:05:00,HALO
42.92,42.92,42.92,42.92,100,2021-05-18 15:06:00,HALO
42.93,42.965,42.91,42.91,500,2021-05-18 15:07:00,HALO
42.92,42.92,42.88,42.905,400,2021-05-18 15:08:00,HALO
42.9,42.9,42.9,42.9,100,2021-05-18 15:09:00,HALO
42.91,42.935,42.91,42.935,900,2021-05-18 15:10:00,HALO
42.96,42.96,42.92,42.92,800,2021-05-18 15:11:00,HALO
42.94,42.97,42.94,42.97,200,2021-05-18 15:12:00,HALO
43.0,43.0131,43.0,43.005,2729,2021-05-18 15:13:00,HALO
42.98,42.98,42.88,42.88,1540,2021-05-18 15:14:00,HALO
42.89,42.92,42.89,42.915,400,2021-05-18 15:15:00,HALO
42.88,42.88,42.88,42.88,100,2021-05-18 15:17:00,HALO
42.935,42.985,42.935,42.985,600,2021-05-18 15:19:00,HALO
43.0,43.015,42.9593,42.9593,1000,2021-05-18 15:20:00,HALO
42.985,42.985,42.91,42.91,1300,2021-05-18 15:21:00,HALO
42.95,42.95,42.95,42.95,100,2021-05-18 15:22:00,HALO
42.98,43.005,42.98,43.0,1300,2021-05-18 15:23:00,HALO
43.04,43.04,43.0,43.025,600,2021-05-18 15:24:00,HALO
43.01,43.01,43.01,43.01,300,2021-05-18 15:25:00,HALO
43.025,43.025,43.025,43.025,400,2021-05-18 15:26:00,HALO
43.03,43.03,42.98,42.995,1337,2021-05-18 15:27:00,HALO
43.0,43.0,42.94,42.94,1148,2021-05-18 15:28:00,HALO
42.91,42.93,42.91,42.93,300,2021-05-18 15:29:00,HALO
42.96,43.0,42.95,42.95,800,2021-05-18 15:30:00,HALO
42.9,42.9,42.9,42.9,100,2021-05-18 15:31:00,HALO
42.86,42.87,42.835,42.835,1256,2021-05-18 15:32:00,HALO
42.82,42.82,42.82,42.82,100,2021-05-18 15:34:00,HALO
42.81,42.87,42.81,42.85,700,2021-05-18 15:35:00,HALO
42.865,42.895,42.865,42.895,200,2021-05-18 15:36:00,HALO
42.87,42.9,42.84,42.85,1500,2021-05-18 15:37:00,HALO
42.84,42.84,42.84,42.84,600,2021-05-18 15:38:00,HALO
42.83,42.88,42.83,42.88,500,2021-05-18 15:39:00,HALO
42.86,42.87,42.85,42.85,500,2021-05-18 15:40:00,HALO
42.84,42.84,42.84,42.84,200,2021-05-18 15:41:00,HALO
42.82,42.8799,42.82,42.8799,600,2021-05-18 15:42:00,HALO
42.91,42.94,42.91,42.94,500,2021-05-18 15:43:00,HALO
42.92,42.9899,42.92,42.9899,600,2021-05-18 15:44:00,HALO
42.955,43.0,42.955,42.975,700,2021-05-18 15:45:00,HALO
42.96,42.97,42.94,42.94,1000,2021-05-18 15:46:00,HALO
42.94,42.94,42.91,42.91,645,2021-05-18 15:47:00,HALO
42.94,42.95,42.94,42.95,500,2021-05-18 15:48:00,HALO
42.95,42.95,42.95,42.95,400,2021-05-18 15:49:00,HALO
42.97,42.97,42.9478,42.9478,682,2021-05-18 15:50:00,HALO
42.95,42.975,42.93,42.93,1200,2021-05-18 15:51:00,HALO
42.92,42.92,42.92,42.92,600,2021-05-18 15:52:00,HALO
42.95,42.965,42.93,42.965,800,2021-05-18 15:53:00,HALO
42.925,42.93,42.905,42.91,800,2021-05-18 15:54:00,HALO
42.91,42.91,42.91,42.91,300,2021-05-18 15:55:00,HALO
42.94,42.98,42.94,42.98,500,2021-05-18 15:56:00,HALO
42.95,42.98,42.95,42.98,600,2021-05-18 15:57:00,HALO
42.95,42.95,42.92,42.94,800,2021-05-18 15:58:00,HALO
42.91,42.96,42.91,42.96,500,2021-05-18 15:59:00,HALO
42.93,42.94,42.93,42.94,200,2021-05-18 16:00:00,HALO
42.97,42.97,42.97,42.97,100,2021-05-18 16:01:00,HALO
43.0,43.0,43.0,43.0,700,2021-05-18 16:02:00,HALO
43.005,43.005,42.93,42.93,1500,2021-05-18 16:03:00,HALO
42.925,42.925,42.86,42.89,2000,2021-05-18 16:04:00,HALO
42.86,42.86,42.86,42.86,800,2021-05-18 16:05:00,HALO
42.92,42.92,42.92,42.92,100,2021-05-18 16:06:00,HALO
42.89,42.95,42.89,42.94,600,2021-05-18 16:07:00,HALO
42.94,42.95,42.94,42.95,200,2021-05-18 16:09:00,HALO
42.95,42.97,42.94,42.97,600,2021-05-18 16:10:00,HALO
43.0,43.0,42.97,42.99,700,2021-05-18 16:11:00,HALO
42.99,43.0,42.99,42.99,700,2021-05-18 16:12:00,HALO
42.97,42.97,42.97,42.97,100,2021-05-18 16:14:00,HALO
42.965,42.99,42.94,42.965,700,2021-05-18 16:15:00,HALO
42.96,42.96,42.94,42.94,500,2021-05-18 16:16:00,HALO
42.92,42.9375,42.88,42.88,600,2021-05-18 16:17:00,HALO
42.88,42.93,42.87,42.93,2500,2021-05-18 16:18:00,HALO
42.91,42.92,42.91,42.92,200,2021-05-18 16:19:00,HALO
42.905,42.905,42.9,42.9,200,2021-05-18 16:20:00,HALO
42.8775,42.8775,42.8775,42.8775,325,2021-05-18 16:21:00,HALO
42.92,42.95,42.91,42.95,500,2021-05-18 16:22:00,HALO
42.98,42.98,42.98,42.98,300,2021-05-18 16:23:00,HALO
42.99,43.015,42.96,42.97,2032,2021-05-18 16:24:00,HALO
42.99,43.0,42.99,42.99,800,2021-05-18 16:25:00,HALO
43.02,43.03,43.02,43.03,300,2021-05-18 16:26:00,HALO
43.02,43.04,43.02,43.04,200,2021-05-18 16:27:00,HALO
43.065,43.065,42.9701,42.9701,1528,2021-05-18 16:29:00,HALO
43.02,43.03,43.0,43.03,400,2021-05-18 16:30:00,HALO
43.05,43.07,43.03,43.03,400,2021-05-18 16:32:00,HALO
43.03,43.03,43.03,43.03,200,2021-05-18 16:33:00,HALO
43.04,43.04,43.035,43.035,300,2021-05-18 16:34:00,HALO
43.01,43.01,42.99,42.99,340,2021-05-18 16:35:00,HALO
43.0,43.0,42.975,42.975,500,2021-05-18 16:36:00,HALO
42.99,43.02,42.99,43.02,1121,2021-05-18 16:37:00,HALO
43.06,43.06,43.02,43.02,400,2021-05-18 16:38:00,HALO
43.06,43.07,43.055,43.07,700,2021-05-18 16:39:00,HALO
43.075,43.075,43.04,43.05,900,2021-05-18 16:40:00,HALO
43.05,43.06,43.04,43.06,400,2021-05-18 16:41:00,HALO
43.1,43.1,43.1,43.1,300,2021-05-18 16:42:00,HALO
43.08,43.08,43.03,43.035,1200,2021-05-18 16:43:00,HALO
43.04,43.04,43.04,43.04,200,2021-05-18 16:44:00,HALO
43.03,43.05,43.02,43.05,1281,2021-05-18 16:45:00,HALO
43.05,43.05,43.05,43.05,200,2021-05-18 16:46:00,HALO
43.035,43.035,42.985,42.985,1200,2021-05-18 16:48:00,HALO
42.98,42.98,42.98,42.98,100,2021-05-18 16:49:00,HALO
42.97,43.02,42.95,43.01,1473,2021-05-18 16:50:00,HALO
42.98,42.98,42.98,42.98,100,2021-05-18 16:51:00,HALO
42.965,43.0,42.96,42.98,1732,2021-05-18 16:52:00,HALO
42.95,42.99,42.95,42.95,1700,2021-05-18 16:53:00,HALO
42.97,42.985,42.97,42.985,900,2021-05-18 16:54:00,HALO
42.97,42.985,42.97,42.985,600,2021-05-18 16:55:00,HALO
42.98,42.98,42.97,42.97,500,2021-05-18 16:56:00,HALO
42.96,42.96,42.95,42.95,200,2021-05-18 16:57:00,HALO
42.95,42.95,42.92,42.92,200,2021-05-18 16:58:00,HALO
42.92,42.94,42.92,42.94,300,2021-05-18 16:59:00,HALO
42.95,42.95,42.93,42.93,200,2021-05-18 17:00:00,HALO
42.94,42.94,42.94,42.94,100,2021-05-18 17:01:00,HALO
42.91,42.91,42.86,42.89,1300,2021-05-18 17:02:00,HALO
42.885,42.885,42.87,42.88,300,2021-05-18 17:03:00,HALO
42.93,42.93,42.9,42.93,1458,2021-05-18 17:05:00,HALO
42.94,42.97,42.94,42.97,200,2021-05-18 17:06:00,HALO
42.96,42.97,42.95,42.97,967,2021-05-18 17:07:00,HALO
42.98,42.99,42.975,42.98,1500,2021-05-18 17:08:00,HALO
42.98,42.98,42.96,42.96,600,2021-05-18 17:09:00,HALO
42.98,43.01,42.98,43.01,200,2021-05-18 17:10:00,HALO
43.02,43.02,43.005,43.005,400,2021-05-18 17:11:00,HALO
43.02,43.02,43.01,43.02,700,2021-05-18 17:12:00,HALO
43.03,43.04,43.02,43.02,500,2021-05-18 17:13:00,HALO
43.03,43.03,43.0,43.0,2690,2021-05-18 17:14:00,HALO
43.0,43.0,42.98,43.0,593,2021-05-18 17:15:00,HALO
43.0,43.0,42.94,42.94,4065,2021-05-18 17:16:00,HALO
42.955,42.955,42.89,42.89,510,2021-05-18 17:17:00,HALO
42.91,42.91,42.91,42.91,100,2021-05-18 17:18:00,HALO
42.89,42.91,42.89,42.91,400,2021-05-18 17:19:00,HALO
42.93,42.93,42.93,42.93,100,2021-05-18 17:20:00,HALO
42.92,42.97,42.92,42.97,1000,2021-05-18 17:21:00,HALO
42.97,42.97,42.95,42.965,700,2021-05-18 17:22:00,HALO
42.96,42.96,42.95,42.95,200,2021-05-18 17:23:00,HALO
42.95,42.95,42.92,42.92,487,2021-05-18 17:24:00,HALO
42.9,42.9,42.9,42.9,100,2021-05-18 17:25:00,HALO
42.91,42.93,42.8973,42.9,900,2021-05-18 17:27:00,HALO
42.93,42.935,42.93,42.935,200,2021-05-18 17:28:00,HALO
42.93,42.955,42.93,42.955,400,2021-05-18 17:29:00,HALO
42.96,42.96,42.96,42.96,300,2021-05-18 17:30:00,HALO
42.94,42.96,42.94,42.94,600,2021-05-18 17:31:00,HALO
42.92,42.95,42.92,42.95,200,2021-05-18 17:32:00,HALO
42.9397,42.94,42.9397,42.94,800,2021-05-18 17:33:00,HALO
42.94,42.94,42.94,42.94,200,2021-05-18 17:34:00,HALO
42.93,42.93,42.93,42.93,300,2021-05-18 17:35:00,HALO
42.915,42.915,42.89,42.89,400,2021-05-18 17:36:00,HALO
42.86,42.86,42.86,42.86,200,2021-05-18 17:37:00,HALO
42.86,42.86,42.84,42.84,200,2021-05-18 17:38:00,HALO
42.83,42.84,42.82,42.84,500,2021-05-18 17:39:00,HALO
42.84,42.84,42.84,42.84,100,2021-05-18 17:40:00,HALO
42.83,42.84,42.83,42.84,600,2021-05-18 17:41:00,HALO
42.86,42.86,42.83,42.83,700,2021-05-18 17:42:00,HALO
42.81,42.81,42.78,42.78,200,2021-05-18 17:43:00,HALO
42.78,42.8,42.78,42.78,700,2021-05-18 17:44:00,HALO
42.8,42.83,42.79,42.82,2800,2021-05-18 17:45:00,HALO
42.83,42.89,42.83,42.83,3888,2021-05-18 17:46:00,HALO
42.83,42.87,42.83,42.83,1000,2021-05-18 17:47:00,HALO
42.8,42.84,42.8,42.84,300,2021-05-18 17:48:00,HALO
42.83,42.84,42.8,42.8,600,2021-05-18 17:49:00,HALO
42.8,42.8,42.8,42.8,100,2021-05-18 17:50:00,HALO
42.815,42.815,42.81,42.81,300,2021-05-18 17:51:00,HALO
42.8,42.8,42.79,42.79,900,2021-05-18 17:52:00,HALO
42.8,42.8,42.745,42.745,500,2021-05-18 17:53:00,HALO
42.74,42.77,42.74,42.77,600,2021-05-18 17:55:00,HALO
42.8,42.8,42.71,42.71,1300,2021-05-18 17:56:00,HALO
42.74,42.75,42.73,42.74,1273,2021-05-18 17:57:00,HALO
42.73,42.73,42.7,42.7,500,2021-05-18 17:58:00,HALO
42.71,42.71,42.71,42.71,100,2021-05-18 17:59:00,HALO
42.75,42.77,42.75,42.77,400,2021-05-18 18:00:00,HALO
42.755,42.78,42.75,42.75,2000,2021-05-18 18:01:00,HALO
42.74,42.74,42.64,42.64,1050,2021-05-18 18:02:00,HALO
42.64,42.645,42.63,42.645,500,2021-05-18 18:03:00,HALO
42.64,42.66,42.62,42.66,800,2021-05-18 18:04:00,HALO
42.67,42.745,42.67,42.745,901,2021-05-18 18:05:00,HALO
42.73,42.73,42.725,42.73,600,2021-05-18 18:06:00,HALO
42.72,42.72,42.72,42.72,100,2021-05-18 18:07:00,HALO
42.7,42.72,42.67,42.69,1100,2021-05-18 18:08:00,HALO
42.68,42.68,42.67,42.67,300,2021-05-18 18:09:00,HALO
42.64,42.66,42.63,42.63,900,2021-05-18 18:10:00,HALO
42.66,42.66,42.62,42.65,1300,2021-05-18 18:11:00,HALO
42.65,42.65,42.62,42.65,1200,2021-05-18 18:12:00,HALO
42.63,42.63,42.63,42.63,100,2021-05-18 18:13:00,HALO
42.64,42.66,42.64,42.66,900,2021-05-18 18:14:00,HALO
42.63,42.66,42.63,42.66,600,2021-05-18 18:15:00,HALO
42.67,42.685,42.67,42.685,300,2021-05-18 18:16:00,HALO
42.67,42.67,42.6,42.625,2229,2021-05-18 18:17:00,HALO
42.62,42.64,42.61,42.61,11565,2021-05-18 18:18:00,HALO
42.57,42.6,42.52,42.53,1515,2021-05-18 18:19:00,HALO
42.53,42.58,42.51,42.56,1650,2021-05-18 18:20:00,HALO
42.52,42.52,42.48,42.49,2138,2021-05-18 18:21:00,HALO
42.515,42.515,42.485,42.485,300,2021-05-18 18:22:00,HALO
42.48,42.5,42.46,42.5,909,2021-05-18 18:23:00,HALO
42.49,42.5,42.49,42.5,500,2021-05-18 18:24:00,HALO
42.5,42.54,42.5,42.54,500,2021-05-18 18:25:00,HALO
42.57,42.58,42.57,42.58,300,2021-05-18 18:26:00,HALO
42.54,42.56,42.54,42.56,200,2021-05-18 18:27:00,HALO
42.555,42.57,42.555,42.57,900,2021-05-18 18:28:00,HALO
42.56,42.56,42.52,42.54,1300,2021-05-18 18:29:00,HALO
42.57,42.58,42.57,42.575,1000,2021-05-18 18:30:00,HALO
42.54,42.54,42.54,42.54,100,2021-05-18 18:31:00,HALO
42.55,42.55,42.53,42.53,600,2021-05-18 18:32:00,HALO
42.52,42.52,42.49,42.49,700,2021-05-18 18:33:00,HALO
42.49,42.49,42.37,42.37,1400,2021-05-18 18:34:00,HALO
42.39,42.42,42.38,42.395,940,2021-05-18 18:35:00,HALO
42.405,42.405,42.32,42.34,700,2021-05-18 18:36:00,HALO
42.31,42.355,42.31,42.355,400,2021-05-18 18:37:00,HALO
42.37,42.385,42.37,42.38,1200,2021-05-18 18:38:00,HALO
42.3889,42.39,42.37,42.37,400,2021-05-18 18:39:00,HALO
42.35,42.35,42.3,42.34,500,2021-05-18 18:40:00,HALO
42.34,42.36,42.26,42.3,1550,2021-05-18 18:41:00,HALO
42.26,42.26,42.22,42.23,700,2021-05-18 18:42:00,HALO
42.25,42.25,42.25,42.25,200,2021-05-18 18:43:00,HALO
42.26,42.29,42.26,42.29,600,2021-05-18 18:44:00,HALO
42.19,42.255,42.19,42.255,1600,2021-05-18 18:45:00,HALO
42.24,42.26,42.24,42.26,900,2021-05-18 18:46:00,HALO
42.23,42.23,42.2,42.2,600,2021-05-18 18:47:00,HALO
42.25,42.25,42.25,42.25,200,2021-05-18 18:48:00,HALO
42.32,42.32,42.32,42.32,100,2021-05-18 18:49:00,HALO
42.35,42.41,42.35,42.41,1642,2021-05-18 18:50:00,HALO
42.37,42.37,42.37,42.37,300,2021-05-18 18:51:00,HALO
42.36,42.39,42.36,42.39,500,2021-05-18 18:52:00,HALO
42.365,42.365,42.345,42.365,500,2021-05-18 18:53:00,HALO
42.39,42.39,42.36,42.375,700,2021-05-18 18:54:00,HALO
42.34,42.36,42.33,42.35,1877,2021-05-18 18:55:00,HALO
42.36,42.36,42.36,42.36,200,2021-05-18 18:56:00,HALO
42.39,42.39,42.39,42.39,400,2021-05-18 18:57:00,HALO
42.37,42.4,42.37,42.39,900,2021-05-18 18:58:00,HALO
42.38,42.38,42.36,42.36,678,2021-05-18 18:59:00,HALO
42.395,42.43,42.395,42.415,1000,2021-05-18 19:00:00,HALO
42.43,42.4475,42.43,42.43,450,2021-05-18 19:01:00,HALO
42.45,42.45,42.44,42.44,500,2021-05-18 19:02:00,HALO
42.44,42.53,42.44,42.52,500,2021-05-18 19:03:00,HALO
42.48,42.48,42.47,42.47,406,2021-05-18 19:04:00,HALO
42.48,42.49,42.48,42.49,200,2021-05-18 19:05:00,HALO
42.48,42.5,42.48,42.5,500,2021-05-18 19:06:00,HALO
42.48,42.48,42.45,42.45,1100,2021-05-18 19:07:00,HALO
42.47,42.49,42.47,42.49,500,2021-05-18 19:08:00,HALO
42.5,42.52,42.49,42.52,1300,2021-05-18 19:09:00,HALO
42.52,42.55,42.515,42.525,930,2021-05-18 19:10:00,HALO
42.51,42.52,42.43,42.46,1000,2021-05-18 19:11:00,HALO
42.43,42.43,42.43,42.43,100,2021-05-18 19:12:00,HALO
42.43,42.44,42.43,42.44,800,2021-05-18 19:13:00,HALO
42.41,42.42,42.38,42.42,1700,2021-05-18 19:14:00,HALO
42.43,42.43,42.43,42.43,100,2021-05-18 19:15:00,HALO
42.43,42.47,42.43,42.47,600,2021-05-18 19:16:00,HALO
42.5,42.51,42.47,42.47,1700,2021-05-18 19:17:00,HALO
42.47,42.55,42.47,42.55,500,2021-05-18 19:18:00,HALO
42.55,42.555,42.54,42.54,1100,2021-05-18 19:19:00,HALO
42.525,42.56,42.48,42.51,1320,2021-05-18 19:20:00,HALO
42.5,42.5,42.49,42.49,200,2021-05-18 19:21:00,HALO
42.505,42.505,42.505,42.505,300,2021-05-18 19:22:00,HALO
42.5,42.52,42.49,42.52,1848,2021-05-18 19:23:00,HALO
42.55,42.5817,42.55,42.55,900,2021-05-18 19:24:00,HALO
42.59,42.59,42.57,42.57,1100,2021-05-18 19:25:00,HALO
42.6,42.6,42.6,42.6,300,2021-05-18 19:26:00,HALO
42.57,42.62,42.57,42.62,1000,2021-05-18 19:27:00,HALO
42.61,42.63,42.61,42.61,700,2021-05-18 19:28:00,HALO
42.64,42.67,42.62,42.625,3800,2021-05-18 19:29:00,HALO
42.64,42.65,42.59,42.63,1000,2021-05-18 19:30:00,HALO
42.66,42.66,42.62,42.63,1401,2021-05-18 19:31:00,HALO
42.65,42.65,42.62,42.64,1000,2021-05-18 19:32:00,HALO
42.625,42.64,42.6,42.64,700,2021-05-18 19:33:00,HALO
42.63,42.64,42.62,42.64,600,2021-05-18 19:34:00,HALO
42.66,42.68,42.66,42.66,2081,2021-05-18 19:35:00,HALO
42.65,42.66,42.64,42.65,1000,2021-05-18 19:36:00,HALO
42.67,42.67,42.59,42.63,2747,2021-05-18 19:37:00,HALO
42.61,42.65,42.61,42.65,900,2021-05-18 19:38:00,HALO
42.67,42.73,42.67,42.73,500,2021-05-18 19:39:00,HALO
42.71,42.73,42.68,42.68,2500,2021-05-18 19:40:00,HALO
42.675,42.715,42.67,42.715,1200,2021-05-18 19:41:00,HALO
42.74,42.76,42.72,42.76,2100,2021-05-18 19:42:00,HALO
42.76,42.79,42.76,42.79,500,2021-05-18 19:43:00,HALO
42.75,42.77,42.72,42.76,1878,2021-05-18 19:44:00,HALO
42.77,42.8,42.72,42.765,2300,2021-05-18 19:45:00,HALO
42.74,42.745,42.72,42.72,1333,2021-05-18 19:46:00,HALO
42.69,42.7,42.63,42.67,2041,2021-05-18 19:47:00,HALO
42.66,42.66,42.63,42.63,1764,2021-05-18 19:48:00,HALO
42.62,42.62,42.56,42.61,3013,2021-05-18 19:49:00,HALO
42.64,42.69,42.61,42.625,3810,2021-05-18 19:50:00,HALO
42.61,42.625,42.57,42.57,1816,2021-05-18 19:51:00,HALO
42.56,42.56,42.46,42.51,3900,2021-05-18 19:52:00,HALO
42.51,42.51,42.455,42.49,3100,2021-05-18 19:53:00,HALO
42.49,42.515,42.45,42.45,9245,2021-05-18 19:54:00,HALO
42.51,42.56,42.5,42.5,6318,2021-05-18 19:55:00,HALO
42.5,42.515,42.47,42.49,5996,2021-05-18 19:56:00,HALO
42.47,42.49,42.44,42.465,5577,2021-05-18 19:57:00,HALO
42.46,42.47,42.4,42.42,5380,2021-05-18 19:58:00,HALO
42.42,42.425,42.32,42.34,17283,2021-05-18 19:59:00,HALO
42.36,42.36,42.36,42.36,139411,2021-05-18 20:00:00,HALO
42.36,42.36,42.36,42.36,1166,2021-05-18 20:01:00,HALO
41.99,41.99,41.99,41.99,500,2021-05-19 11:18:00,HALO
41.77,41.77,41.69,41.69,6424,2021-05-19 13:30:00,HALO
42.02,42.02,42.02,42.02,100,2021-05-19 13:31:00,HALO
42.28,42.28,41.95,42.0,2520,2021-05-19 13:32:00,HALO
42.1,42.23,41.94,42.05,5104,2021-05-19 13:33:00,HALO
42.16,42.16,41.93,41.94,5346,2021-05-19 13:34:00,HALO
42.04,42.04,41.77,41.78,3266,2021-05-19 13:35:00,HALO
41.77,41.9,41.54,41.64,2450,2021-05-19 13:36:00,HALO
41.55,41.76,41.5,41.62,12278,2021-05-19 13:37:00,HALO
41.51,41.69,41.49,41.49,4767,2021-05-19 13:38:00,HALO
41.56,41.59,41.54,41.59,1200,2021-05-19 13:39:00,HALO
41.49,41.49,41.47,41.48,1525,2021-05-19 13:40:00,HALO
41.525,41.525,41.5,41.5,500,2021-05-19 13:41:00,HALO
41.49,41.59,41.41,41.41,4000,2021-05-19 13:42:00,HALO
41.41,41.5,41.4,41.41,4900,2021-05-19 13:43:00,HALO
41.36,41.36,41.36,41.36,1680,2021-05-19 13:44:00,HALO
41.53,41.55,41.52,41.55,300,2021-05-19 13:46:00,HALO
41.6,41.69,41.58,41.69,500,2021-05-19 13:48:00,HALO
41.82,41.88,41.785,41.88,1958,2021-05-19 13:50:00,HALO
41.825,41.91,41.825,41.88,300,2021-05-19 13:51:00,HALO
41.87,41.88,41.78,41.78,500,2021-05-19 13:52:00,HALO
41.725,41.725,41.725,41.725,100,2021-05-19 13:53:00,HALO
41.78,41.82,41.77,41.8125,965,2021-05-19 13:54:00,HALO
41.8,41.8,41.62,41.62,1650,2021-05-19 13:55:00,HALO
41.7,41.89,41.65,41.89,700,2021-05-19 13:56:00,HALO
41.87,41.87,41.81,41.81,400,2021-05-19 13:57:00,HALO
41.82,41.83,41.765,41.83,300,2021-05-19 13:59:00,HALO
41.85,41.87,41.77,41.77,300,2021-05-19 14:00:00,HALO
41.72,41.72,41.68,41.69,1000,2021-05-19 14:01:00,HALO
41.7,41.7,41.6,41.6,400,2021-05-19 14:02:00,HALO
41.55,41.59,41.55,41.59,200,2021-05-19 14:03:00,HALO
41.515,41.6,41.515,41.5446,585,2021-05-19 14:04:00,HALO
41.5,41.51,41.43,41.51,500,2021-05-19 14:05:00,HALO
41.5,41.54,41.47,41.54,1770,2021-05-19 14:06:00,HALO
41.475,41.58,41.475,41.58,400,2021-05-19 14:07:00,HALO
41.52,41.59,41.52,41.59,600,2021-05-19 14:08:00,HALO
41.58,41.67,41.58,41.67,700,2021-05-19 14:09:00,HALO
41.75,41.75,41.65,41.69,1270,2021-05-19 14:10:00,HALO
41.7,41.7,41.6201,41.6201,541,2021-05-19 14:11:00,HALO
41.63,41.67,41.63,41.66,400,2021-05-19 14:12:00,HALO
41.77,41.77,41.77,41.77,100,2021-05-19 14:13:00,HALO
41.8,41.89,41.8,41.86,700,2021-05-19 14:14:00,HALO
41.82,41.83,41.75,41.77,2112,2021-05-19 14:15:00,HALO
41.8,41.81,41.8,41.81,200,2021-05-19 14:16:00,HALO
41.92,41.96,41.92,41.96,200,2021-05-19 14:18:00,HALO
41.955,42.07,41.955,42.07,1700,2021-05-19 14:19:00,HALO
42.03,42.03,42.02,42.02,300,2021-05-19 14:20:00,HALO
42.03,42.05,42.02,42.02,600,2021-05-19 14:21:00,HALO
42.06,42.07,42.0,42.06,500,2021-05-19 14:22:00,HALO
42.04,42.075,42.01,42.04,800,2021-05-19 14:24:00,HALO
42.05,42.06,42.05,42.06,300,2021-05-19 14:25:00,HALO
42.11,42.11,42.11,42.11,300,2021-05-19 14:26:00,HALO
42.13,42.13,42.07,42.09,1800,2021-05-19 14:27:00,HALO
42.1,42.1,42.1,42.1,200,2021-05-19 14:28:00,HALO
42.13,42.15,42.13,42.15,200,2021-05-19 14:29:00,HALO
42.12,42.17,42.01,42.01,1400,2021-05-19 14:30:00,HALO
42.0,42.0,42.0,42.0,100,2021-05-19 14:31:00,HALO
41.96,41.96,41.96,41.96,100,2021-05-19 14:32:00,HALO
41.79,41.79,41.73,41.73,400,2021-05-19 14:34:00,HALO
41.72,41.72,41.72,41.72,100,2021-05-19 14:35:00,HALO
41.63,41.69,41.63,41.69,225,2021-05-19 14:36:00,HALO
41.54,41.59,41.495,41.59,1100,2021-05-19 14:37:00,HALO
41.53,41.57,41.52,41.57,600,2021-05-19 14:38:00,HALO
41.54,41.54,41.51,41.51,300,2021-05-19 14:39:00,HALO
41.5,41.605,41.46,41.605,4207,2021-05-19 14:40:00,HALO
41.62,41.64,41.56,41.56,900,2021-05-19 14:41:00,HALO
41.65,41.65,41.65,41.65,100,2021-05-19 14:42:00,HALO
41.69,41.71,41.69,41.71,300,2021-05-19 14:43:00,HALO
41.73,41.73,41.73,41.73,100,2021-05-19 14:44:00,HALO
41.86,41.86,41.86,41.86,100,2021-05-19 14:46:00,HALO
41.825,41.825,41.825,41.825,100,2021-05-19 14:47:00,HALO
41.8,41.86,41.79,41.82,2100,2021-05-19 14:48:00,HALO
41.79,41.9,41.78,41.9,1100,2021-05-19 14:50:00,HALO
41.895,41.895,41.895,41.895,100,2021-05-19 14:51:00,HALO
41.855,41.94,41.855,41.9132,300,2021-05-19 14:52:00,HALO
41.865,41.865,41.865,41.865,100,2021-05-19 14:53:00,HALO
41.9,41.935,41.9,41.935,1200,2021-05-19 14:54:00,HALO
41.94,41.97,41.89,41.97,1000,2021-05-19 14:55:00,HALO
41.87,41.87,41.87,41.87,200,2021-05-19 14:56:00,HALO
41.89,41.89,41.885,41.885,255,2021-05-19 14:57:00,HALO
41.92,41.94,41.905,41.905,1337,2021-05-19 14:58:00,HALO
41.91,41.94,41.91,41.94,200,2021-05-19 14:59:00,HALO
41.89,41.89,41.84,41.845,1700,2021-05-19 15:00:00,HALO
41.9,41.9,41.815,41.815,1399,2021-05-19 15:02:00,HALO
41.72,41.73,41.67,41.73,900,2021-05-19 15:03:00,HALO
41.695,41.695,41.66,41.66,900,2021-05-19 15:04:00,HALO
41.65,41.65,41.65,41.65,100,2021-05-19 15:05:00,HALO
41.61,41.705,41.61,41.705,900,2021-05-19 15:06:00,HALO
41.67,41.75,41.67,41.75,200,2021-05-19 15:07:00,HALO
41.77,41.82,41.77,41.81,400,2021-05-19 15:08:00,HALO
41.85,41.92,41.85,41.92,400,2021-05-19 15:09:00,HALO
41.85,41.85,41.85,41.85,100,2021-05-19 15:10:00,HALO
41.89,41.89,41.89,41.89,100,2021-05-19 15:11:00,HALO
41.93,41.93,41.93,41.93,201,2021-05-19 15:12:00,HALO
41.95,41.98,41.95,41.955,400,2021-05-19 15:15:00,HALO
41.94,41.94,41.855,41.855,600,2021-05-19 15:16:00,HALO
41.83,41.86,41.83,41.85,1035,2021-05-19 15:17:00,HALO
41.77,41.82,41.77,41.77,1950,2021-05-19 15:20:00,HALO
41.82,41.84,41.82,41.83,394,2021-05-19 15:21:00,HALO
41.845,41.88,41.845,41.88,200,2021-05-19 15:23:00,HALO
41.81,41.82,41.79,41.82,1600,2021-05-19 15:25:00,HALO
41.82,41.82,41.82,41.82,100,2021-05-19 15:26:00,HALO
41.79,41.8,41.79,41.8,200,2021-05-19 15:27:00,HALO
41.8,41.8,41.8,41.8,100,2021-05-19 15:28:00,HALO
41.78,41.78,41.77,41.77,600,2021-05-19 15:29:00,HALO
41.76,41.78,41.76,41.78,300,2021-05-19 15:30:00,HALO
41.71,41.71,41.64,41.69,900,2021-05-19 15:31:00,HALO
41.65,41.68,41.65,41.68,400,2021-05-19 15:32:00,HALO
41.62,41.62,41.6,41.61,300,2021-05-19 15:34:00,HALO
41.61,41.68,41.61,41.68,700,2021-05-19 15:35:00,HALO
41.69,41.69,41.69,41.69,100,2021-05-19 15:36:00,HALO
41.71,41.73,41.71,41.73,400,2021-05-19 15:39:00,HALO
41.73,41.755,41.7,41.71,1100,2021-05-19 15:41:00,HALO
41.68,41.69,41.68,41.69,200,2021-05-19 15:42:00,HALO
41.66,41.66,41.64,41.64,400,2021-05-19 15:43:00,HALO
41.64,41.68,41.64,41.68,1309,2021-05-19 15:47:00,HALO
41.63,41.63,41.63,41.63,100,2021-05-19 15:48:00,HALO
41.6,41.6,41.6,41.6,100,2021-05-19 15:50:00,HALO
41.6,41.6,41.59,41.59,200,2021-05-19 15:51:00,HALO
41.56,41.56,41.53,41.53,300,2021-05-19 15:52:00,HALO
41.53,41.53,41.48,41.48,700,2021-05-19 15:53:00,HALO
41.49,41.49,41.49,41.49,100,2021-05-19 15:54:00,HALO
41.495,41.52,41.495,41.52,442,2021-05-19 15:55:00,HALO
41.55,41.62,41.55,41.62,2785,2021-05-19 15:56:00,HALO
41.61,41.62,41.57,41.58,1000,2021-05-19 15:58:00,HALO
41.55,41.55,41.55,41.55,296,2021-05-19 16:00:00,HALO
41.49,41.5,41.47,41.5,1100,2021-05-19 16:02:00,HALO
41.49,41.49,41.49,41.49,200,2021-05-19 16:03:00,HALO
41.46,41.55,41.46,41.53,4331,2021-05-19 16:04:00,HALO
41.59,41.6,41.59,41.6,300,2021-05-19 16:06:00,HALO
41.62,41.64,41.62,41.64,200,2021-05-19 16:07:00,HALO
41.66,41.66,41.66,41.66,100,2021-05-19 16:08:00,HALO
41.645,41.645,41.6,41.6,1200,2021-05-19 16:09:00,HALO
41.59,41.63,41.5721,41.6294,1988,2021-05-19 16:10:00,HALO
41.63,41.63,41.62,41.63,400,2021-05-19 16:11:00,HALO
41.6,41.6,41.6,41.6,100,2021-05-19 16:12:00,HALO
41.635,41.635,41.635,41.635,100,2021-05-19 16:14:00,HALO
41.635,41.635,41.635,41.635,100,2021-05-19 16:15:00,HALO
41.68,41.715,41.67,41.715,500,2021-05-19 16:16:00,HALO
41.73,41.73,41.73,41.73,100,2021-05-19 16:19:00,HALO
41.72,41.72,41.69,41.7,500,2021-05-19 16:20:00,HALO
41.68,41.68,41.63,41.635,1000,2021-05-19 16:21:00,HALO
41.66,41.665,41.64,41.665,500,2021-05-19 16:23:00,HALO
41.7,41.73,41.7,41.73,500,2021-05-19 16:24:00,HALO
41.65,41.65,41.64,41.64,200,2021-05-19 16:26:00,HALO
41.59,41.61,41.59,41.61,1500,2021-05-19 16:27:00,HALO
41.61,41.63,41.61,41.63,300,2021-05-19 16:28:00,HALO
41.58,41.58,41.58,41.58,100,2021-05-19 16:29:00,HALO
41.6,41.6,41.6,41.6,100,2021-05-19 16:30:00,HALO
41.54,41.54,41.54,41.54,100,2021-05-19 16:34:00,HALO
41.55,41.55,41.55,41.55,200,2021-05-19 16:35:00,HALO
41.53,41.55,41.49,41.5,1100,2021-05-19 16:36:00,HALO
41.49,41.49,41.49,41.49,668,2021-05-19 16:38:00,HALO
41.51,41.51,41.49,41.49,300,2021-05-19 16:39:00,HALO
41.47,41.51,41.47,41.51,200,2021-05-19 16:40:00,HALO
41.47,41.47,41.47,41.47,100,2021-05-19 16:41:00,HALO
41.46,41.52,41.46,41.52,1100,2021-05-19 16:42:00,HALO
41.53,41.54,41.53,41.54,300,2021-05-19 16:43:00,HALO
41.55,41.55,41.52,41.52,727,2021-05-19 16:44:00,HALO
41.5,41.53,41.49,41.53,500,2021-05-19 16:45:00,HALO
41.55,41.55,41.54,41.54,200,2021-05-19 16:47:00,HALO
41.54,41.56,41.54,41.56,1300,2021-05-19 16:48:00,HALO
41.54,41.54,41.5,41.5,1000,2021-05-19 16:49:00,HALO
41.53,41.53,41.47,41.495,2633,2021-05-19 16:50:00,HALO
41.505,41.52,41.48,41.485,1200,2021-05-19 16:51:00,HALO
41.485,41.485,41.485,41.485,100,2021-05-19 16:52:00,HALO
41.48,41.5,41.48,41.5,739,2021-05-19 16:53:00,HALO
41.53,41.6,41.53,41.56,5531,2021-05-19 16:56:00,HALO
41.59,41.64,41.59,41.595,2123,2021-05-19 16:57:00,HALO
41.56,41.58,41.56,41.58,300,2021-05-19 16:58:00,HALO
41.52,41.52,41.52,41.52,100,2021-05-19 16:59:00,HALO
41.59,41.62,41.56,41.56,2410,2021-05-19 17:01:00,HALO
41.58,41.58,41.58,41.58,100,2021-05-19 17:02:00,HALO
41.55,41.55,41.54,41.55,300,2021-05-19 17:05:00,HALO
41.54,41.54,41.51,41.51,200,2021-05-19 17:06:00,HALO
41.58,41.63,41.56,41.63,1200,2021-05-19 17:07:00,HALO
41.58,41.58,41.58,41.58,300,2021-05-19 17:09:00,HALO
41.58,41.58,41.58,41.58,100,2021-05-19 17:10:00,HALO
41.55,41.55,41.55,41.55,200,2021-05-19 17:11:00,HALO
41.55,41.55,41.5,41.53,4302,2021-05-19 17:12:00,HALO
41.55,41.55,41.55,41.55,100,2021-05-19 17:13:00,HALO
41.55,41.55,41.55,41.55,100,2021-05-19 17:14:00,HALO
41.56,41.56,41.52,41.55,953,2021-05-19 17:15:00,HALO
41.55,41.56,41.55,41.56,400,2021-05-19 17:17:00,HALO
41.57,41.57,41.56,41.57,500,2021-05-19 17:18:00,HALO
41.56,41.56,41.54,41.54,400,2021-05-19 17:19:00,HALO
41.56,41.56,41.56,41.56,100,2021-05-19 17:20:00,HALO
41.55,41.55,41.54,41.54,700,2021-05-19 17:21:00,HALO
41.51,41.51,41.51,41.51,100,2021-05-19 17:22:00,HALO
41.51,41.51,41.485,41.5,3300,2021-05-19 17:23:00,HALO
41.495,41.495,41.44,41.46,3915,2021-05-19 17:24:00,HALO
41.45,41.49,41.45,41.49,800,2021-05-19 17:25:00,HALO
41.515,41.53,41.515,41.53,400,2021-05-19 17:26:00,HALO
41.57,41.59,41.56,41.56,1000,2021-05-19 17:27:00,HALO
41.54,41.54,41.51,41.51,315,2021-05-19 17:28:00,HALO
41.505,41.54,41.505,41.54,200,2021-05-19 17:29:00,HALO
41.535,41.535,41.535,41.535,100,2021-05-19 17:30:00,HALO
41.5,41.5,41.48,41.48,1219,2021-05-19 17:31:00,HALO
41.5,41.53,41.47,41.53,900,2021-05-19 17:32:00,HALO
41.515,41.515,41.5,41.5,400,2021-05-19 17:33:00,HALO
41.5,41.5,41.42,41.44,1800,2021-05-19 17:34:00,HALO
41.45,41.45,41.42,41.43,6600,2021-05-19 17:35:00,HALO
41.42,41.42,41.41,41.42,1300,2021-05-19 17:36:00,HALO
41.45,41.45,41.43,41.43,300,2021-05-19 17:38:00,HALO
41.455,41.48,41.455,41.48,200,2021-05-19 17:39:00,HALO
41.44,41.455,41.44,41.455,200,2021-05-19 17:40:00,HALO
41.43,41.455,41.43,41.455,500,2021-05-19 17:41:00,HALO
41.4,41.41,41.4,41.41,1200,2021-05-19 17:42:00,HALO
41.43,41.43,41.42,41.42,382,2021-05-19 17:43:00,HALO
41.44,41.44,41.43,41.435,300,2021-05-19 17:44:00,HALO
41.42,41.45,41.4,41.4,700,2021-05-19 17:46:00,HALO
41.44,41.44,41.44,41.44,100,2021-05-19 17:47:00,HALO
41.425,41.44,41.41,41.41,700,2021-05-19 17:48:00,HALO
41.42,41.42,41.38,41.385,1500,2021-05-19 17:49:00,HALO
41.385,41.46,41.385,41.44,1289,2021-05-19 17:50:00,HALO
41.41,41.41,41.41,41.41,100,2021-05-19 17:51:00,HALO
41.39,41.425,41.39,41.425,270,2021-05-19 17:52:00,HALO
41.44,41.48,41.44,41.44,1021,2021-05-19 17:53:00,HALO
41.4,41.4,41.4,41.4,100,2021-05-19 17:54:00,HALO
41.385,41.39,41.385,41.39,300,2021-05-19 17:55:00,HALO
41.39,41.41,41.39,41.41,709,2021-05-19 17:56:00,HALO
41.4069,41.4069,41.37,41.37,798,2021-05-19 17:57:00,HALO
41.38,41.38,41.38,41.38,200,2021-05-19 17:58:00,HALO
41.38,41.38,41.37,41.375,600,2021-05-19 18:00:00,HALO
41.4,41.42,41.4,41.42,700,2021-05-19 18:01:00,HALO
41.45,41.49,41.45,41.49,600,2021-05-19 18:02:00,HALO
41.5,41.5,41.49,41.49,880,2021-05-19 18:03:00,HALO
41.46,41.46,41.29,41.335,4650,2021-05-19 18:04:00,HALO
41.31,41.335,41.25,41.29,4066,2021-05-19 18:05:00,HALO
41.38,41.41,41.37,41.41,1600,2021-05-19 18:06:00,HALO
41.42,41.43,41.42,41.43,200,2021-05-19 18:07:00,HALO
41.44,41.49,41.43,41.47,757,2021-05-19 18:08:00,HALO
41.48,41.54,41.48,41.54,600,2021-05-19 18:09:00,HALO
41.54,41.6,41.52,41.52,1900,2021-05-19 18:10:00,HALO
41.5,41.57,41.45,41.57,2700,2021-05-19 18:11:00,HALO
41.56,41.56,41.52,41.52,761,2021-05-19 18:12:00,HALO
41.54,41.55,41.54,41.55,400,2021-05-19 18:13:00,HALO
41.58,41.58,41.555,41.58,700,2021-05-19 18:14:00,HALO
41.565,41.575,41.47,41.5,1711,2021-05-19 18:15:00,HALO
41.51,41.53,41.44,41.44,911,2021-05-19 18:16:00,HALO
41.49,41.55,41.49,41.55,313,2021-05-19 18:17:00,HALO
41.53,41.53,41.51,41.51,900,2021-05-19 18:18:00,HALO
41.53,41.57,41.53,41.57,800,2021-05-19 18:19:00,HALO
41.59,41.7,41.59,41.7,300,2021-05-19 18:20:00,HALO
41.74,41.74,41.74,41.74,100,2021-05-19 18:21:00,HALO
41.75,41.82,41.75,41.78,1900,2021-05-19 18:22:00,HALO
41.84,41.97,41.84,41.91,1594,2021-05-19 18:23:00,HALO
41.91,41.91,41.81,41.81,1300,2021-05-19 18:24:00,HALO
41.79,41.79,41.77,41.77,2370,2021-05-19 18:25:00,HALO
41.795,41.795,41.73,41.79,1262,2021-05-19 18:26:00,HALO
41.82,41.82,41.82,41.82,100,2021-05-19 18:27:00,HALO
41.83,41.83,41.83,41.83,100,2021-05-19 18:28:00,HALO
41.81,41.86,41.81,41.86,500,2021-05-19 18:29:00,HALO
41.89,41.89,41.89,41.89,100,2021-05-19 18:30:00,HALO
41.93,41.93,41.93,41.93,100,2021-05-19 18:31:00,HALO
41.93,41.93,41.88,41.89,1501,2021-05-19 18:32:00,HALO
41.84,41.87,41.84,41.87,1100,2021-05-19 18:33:00,HALO
41.82,41.88,41.8,41.88,800,2021-05-19 18:34:00,HALO
41.88,41.9,41.88,41.9,400,2021-05-19 18:35:00,HALO
41.92,41.92,41.89,41.9,1588,2021-05-19 18:36:00,HALO
41.89,41.89,41.8,41.88,2700,2021-05-19 18:37:00,HALO
41.83,41.83,41.82,41.82,700,2021-05-19 18:38:00,HALO
41.85,41.87,41.85,41.87,800,2021-05-19 18:39:00,HALO
41.83,41.83,41.81,41.82,1329,2021-05-19 18:40:00,HALO
41.81,41.825,41.81,41.825,200,2021-05-19 18:41:00,HALO
41.79,41.87,41.79,41.87,1399,2021-05-19 18:42:00,HALO
41.83,41.83,41.79,41.79,600,2021-05-19 18:43:00,HALO
41.795,41.81,41.795,41.81,524,2021-05-19 18:44:00,HALO
41.79,41.795,41.77,41.77,2043,2021-05-19 18:45:00,HALO
41.77,41.77,41.74,41.74,947,2021-05-19 18:46:00,HALO
41.73,41.77,41.73,41.77,900,2021-05-19 18:47:00,HALO
41.72,41.77,41.71,41.77,1800,2021-05-19 18:48:00,HALO
41.76,41.76,41.68,41.68,1000,2021-05-19 18:49:00,HALO
41.7,41.718,41.69,41.718,637,2021-05-19 18:50:00,HALO
41.68,41.74,41.68,41.73,1200,2021-05-19 18:51:00,HALO
41.77,41.77,41.76,41.77,618,2021-05-19 18:52:00,HALO
41.765,41.77,41.765,41.77,200,2021-05-19 18:53:00,HALO
41.77,41.77,41.74,41.77,1425,2021-05-19 18:54:00,HALO
41.775,41.8,41.72,41.73,1400,2021-05-19 18:55:00,HALO
41.73,41.77,41.71,41.75,1000,2021-05-19 18:56:00,HALO
41.73,41.73,41.73,41.73,800,2021-05-19 18:57:00,HALO
41.77,41.81,41.76,41.76,1500,2021-05-19 18:58:00,HALO
41.79,41.81,41.76,41.76,950,2021-05-19 18:59:00,HALO
41.71,41.74,41.69,41.72,2498,2021-05-19 19:00:00,HALO
41.75,41.78,41.71,41.78,900,2021-05-19 19:01:00,HALO
41.75,41.76,41.73,41.75,447,2021-05-19 19:02:00,HALO
41.78,41.8,41.78,41.78,752,2021-05-19 19:03:00,HALO
41.77,41.81,41.77,41.79,1055,2021-05-19 19:04:00,HALO
41.79,41.82,41.79,41.82,200,2021-05-19 19:05:00,HALO
41.8,41.82,41.78,41.82,2099,2021-05-19 19:06:00,HALO
41.82,41.86,41.82,41.86,600,2021-05-19 19:07:00,HALO
41.84,41.85,41.82,41.85,1400,2021-05-19 19:08:00,HALO
41.87,41.89,41.87,41.87,1586,2021-05-19 19:09:00,HALO
41.83,41.92,41.83,41.92,1400,2021-05-19 19:10:00,HALO
41.9,41.91,41.9,41.91,350,2021-05-19 19:11:00,HALO
41.88,41.9,41.88,41.89,700,2021-05-19 19:12:00,HALO
41.88,41.95,41.86,41.95,1300,2021-05-19 19:13:00,HALO
41.915,41.915,41.87,41.89,1400,2021-05-19 19:15:00,HALO
41.92,41.93,41.92,41.92,700,2021-05-19 19:16:00,HALO
41.94,41.96,41.93,41.93,1900,2021-05-19 19:17:00,HALO
41.91,41.97,41.9,41.97,800,2021-05-19 19:18:00,HALO
41.93,41.97,41.93,41.97,2000,2021-05-19 19:19:00,HALO
41.99,41.99,41.96,41.98,1183,2021-05-19 19:20:00,HALO
41.96,41.96,41.96,41.96,100,2021-05-19 19:21:00,HALO
42.0,42.06,41.97,42.01,2340,2021-05-19 19:22:00,HALO
42.0,42.06,42.0,42.06,1700,2021-05-19 19:23:00,HALO
42.0873,42.09,42.075,42.075,450,2021-05-19 19:24:00,HALO
42.1,42.11,42.07,42.07,400,2021-05-19 19:25:00,HALO
42.05,42.06,42.04,42.04,700,2021-05-19 19:26:00,HALO
42.04,42.05,42.02,42.03,1700,2021-05-19 19:27:00,HALO
42.03,42.11,42.03,42.08,1300,2021-05-19 19:28:00,HALO
42.1,42.1,42.07,42.07,400,2021-05-19 19:29:00,HALO
42.07,42.07,41.99,42.015,1400,2021-05-19 19:30:00,HALO
41.99,42.01,41.98,42.0,500,2021-05-19 19:31:00,HALO
42.0,42.0,42.0,42.0,100,2021-05-19 19:32:00,HALO
42.01,42.01,41.97,42.01,2190,2021-05-19 19:33:00,HALO
42.01,42.03,42.01,42.025,800,2021-05-19 19:34:00,HALO
42.01,42.03,41.99,41.99,1100,2021-05-19 19:35:00,HALO
41.97,42.02,41.97,42.0,1800,2021-05-19 19:36:00,HALO
42.02,42.02,42.01,42.01,800,2021-05-19 19:37:00,HALO
42.02,42.02,42.015,42.015,200,2021-05-19 19:38:00,HALO
42.01,42.06,42.01,42.05,1500,2021-05-19 19:39:00,HALO
42.05,42.05,42.02,42.03,1300,2021-05-19 19:40:00,HALO
42.025,42.05,42.01,42.01,2101,2021-05-19 19:41:00,HALO
42.02,42.02,42.01,42.01,500,2021-05-19 19:42:00,HALO
42.0,42.0,41.97,41.99,1750,2021-05-19 19:43:00,HALO
42.01,42.01,41.95,41.95,700,2021-05-19 19:44:00,HALO
41.95,41.95,41.91,41.91,1300,2021-05-19 19:45:00,HALO
41.89,41.93,41.89,41.93,400,2021-05-19 19:46:00,HALO
41.915,41.915,41.82,41.83,1200,2021-05-19 19:47:00,HALO
41.81,41.84,41.8,41.8,1401,2021-05-19 19:48:00,HALO
41.815,41.87,41.815,41.87,2174,2021-05-19 19:49:00,HALO
41.89,41.93,41.89,41.91,1700,2021-05-19 19:50:00,HALO
41.93,41.97,41.93,41.97,1400,2021-05-19 19:51:00,HALO
41.96,41.96,41.9,41.94,2246,2021-05-19 19:52:00,HALO
41.96,41.96,41.945,41.945,900,2021-05-19 19:53:00,HALO
41.96,42.01,41.96,42.0,2597,2021-05-19 19:54:00,HALO
41.99,42.05,41.99,42.04,6173,2021-05-19 19:55:00,HALO
42.04,42.05,42.01,42.05,2979,2021-05-19 19:56:00,HALO
42.04,42.06,42.03,42.06,3615,2021-05-19 19:57:00,HALO
42.06,42.09,42.05,42.07,4390,2021-05-19 19:58:00,HALO
42.09,42.11,42.06,42.1,10093,2021-05-19 19:59:00,HALO
42.07,42.07,42.07,42.07,58810,2021-05-19 20:00:00,HALO
42.15,42.19,42.15,42.19,5983,2021-05-20 13:30:00,HALO
42.35,42.35,42.33,42.33,200,2021-05-20 13:35:00,HALO
42.13,42.18,42.095,42.095,700,2021-05-20 13:37:00,HALO
42.07,42.16,42.04,42.09,1705,2021-05-20 13:38:00,HALO
42.075,42.21,42.075,42.2,700,2021-05-20 13:39:00,HALO
42.09,42.09,42.09,42.09,100,2021-05-20 13:40:00,HALO
42.33,42.35,42.33,42.34,735,2021-05-20 13:41:00,HALO
42.345,42.47,42.34,42.47,1752,2021-05-20 13:42:00,HALO
42.58,42.58,42.58,42.58,100,2021-05-20 13:45:00,HALO
42.575,42.58,42.53,42.54,1363,2021-05-20 13:46:00,HALO
42.57,42.655,42.57,42.655,600,2021-05-20 13:47:00,HALO
42.81,42.82,42.81,42.82,200,2021-05-20 13:48:00,HALO
42.81,42.81,42.81,42.81,100,2021-05-20 13:49:00,HALO
42.89,42.89,42.89,42.89,100,2021-05-20 13:50:00,HALO
42.76,42.77,42.62,42.62,659,2021-05-20 13:51:00,HALO
42.62,42.62,42.49,42.49,627,2021-05-20 13:52:00,HALO
42.51,42.55,42.49,42.5,800,2021-05-20 13:53:00,HALO
42.48,42.48,42.42,42.42,1118,2021-05-20 13:54:00,HALO
42.44,42.53,42.38,42.53,1300,2021-05-20 13:55:00,HALO
42.48,42.68,42.48,42.64,900,2021-05-20 13:56:00,HALO
42.68,42.68,42.58,42.6,700,2021-05-20 13:57:00,HALO
42.63,42.66,42.57,42.59,6200,2021-05-20 13:58:00,HALO
42.59,42.72,42.59,42.72,3241,2021-05-20 13:59:00,HALO
42.72,42.72,42.67,42.67,1691,2021-05-20 14:00:00,HALO
42.71,42.846,42.71,42.846,898,2021-05-20 14:01:00,HALO
42.85,42.86,42.8,42.8,600,2021-05-20 14:02:00,HALO
42.88,42.909,42.86,42.909,600,2021-05-20 14:03:00,HALO
42.86,42.96,42.86,42.96,200,2021-05-20 14:04:00,HALO
42.96,42.96,42.96,42.96,220,2021-05-20 14:05:00,HALO
43.0,43.01,42.88,42.88,800,2021-05-20 14:06:00,HALO
42.82,42.86,42.82,42.86,600,2021-05-20 14:08:00,HALO
42.83,42.83,42.7,42.7,700,2021-05-20 14:09:00,HALO
42.76,42.85,42.76,42.8,1300,2021-05-20 14:10:00,HALO
42.835,42.835,42.835,42.835,171,2021-05-20 14:11:00,HALO
42.86,42.86,42.73,42.73,1033,2021-05-20 14:12:00,HALO
42.7472,42.76,42.74,42.74,800,2021-05-20 14:13:00,HALO
42.82,42.89,42.82,42.89,500,2021-05-20 14:14:00,HALO
42.83,42.88,42.83,42.88,200,2021-05-20 14:17:00,HALO
42.875,42.875,42.875,42.875,100,2021-05-20 14:18:00,HALO
42.92,42.92,42.9,42.9,300,2021-05-20 14:19:00,HALO
42.93,42.95,42.9,42.9,400,2021-05-20 14:20:00,HALO
43.02,43.02,42.94,42.94,900,2021-05-20 14:21:00,HALO
43.045,43.045,43.01,43.01,400,2021-05-20 14:23:00,HALO
43.05,43.05,42.98,42.98,2100,2021-05-20 14:24:00,HALO
43.0,43.0,42.92,42.92,1100,2021-05-20 14:25:00,HALO
42.94,42.955,42.93,42.93,400,2021-05-20 14:26:00,HALO
42.99,42.99,42.95,42.95,600,2021-05-20 14:27:00,HALO
42.93,42.96,42.92,42.96,480,2021-05-20 14:28:00,HALO
42.905,42.905,42.86,42.86,300,2021-05-20 14:29:00,HALO
42.87,42.92,42.87,42.9,300,2021-05-20 14:30:00,HALO
42.9255,42.9255,42.895,42.895,245,2021-05-20 14:31:00,HALO
42.94,43.0,42.94,43.0,700,2021-05-20 14:32:00,HALO
43.04,43.05,42.98,42.98,700,2021-05-20 14:33:00,HALO
43.05,43.1,43.05,43.05,1200,2021-05-20 14:34:00,HALO
42.99,42.99,42.95,42.95,400,2021-05-20 14:35:00,HALO
42.93,42.93,42.89,42.9245,922,2021-05-20 14:36:00,HALO
42.93,42.93,42.93,42.93,100,2021-05-20 14:37:00,HALO
42.92,42.92,42.85,42.85,300,2021-05-20 14:39:00,HALO
42.89,42.91,42.86,42.91,800,2021-05-20 14:40:00,HALO
42.945,42.97,42.945,42.97,300,2021-05-20 14:41:00,HALO
42.97,43.05,42.97,43.0,591,2021-05-20 14:43:00,HALO
43.005,43.005,42.93,42.93,1134,2021-05-20 14:44:00,HALO
42.97,43.0,42.97,43.0,300,2021-05-20 14:45:00,HALO
43.0,43.005,42.92,42.92,700,2021-05-20 14:46:00,HALO
42.86,42.86,42.86,42.86,300,2021-05-20 14:47:00,HALO
42.81,42.81,42.81,42.81,100,2021-05-20 14:48:00,HALO
42.81,42.83,42.81,42.83,200,2021-05-20 14:49:00,HALO
42.81,42.83,42.78,42.81,700,2021-05-20 14:50:00,HALO
42.74,42.84,42.74,42.84,500,2021-05-20 14:51:00,HALO
42.84,42.84,42.78,42.78,200,2021-05-20 14:53:00,HALO
42.84,42.84,42.84,42.84,100,2021-05-20 14:54:00,HALO
42.89,42.89,42.89,42.89,200,2021-05-20 14:55:00,HALO
42.86,42.86,42.86,42.86,100,2021-05-20 14:56:00,HALO
42.95,42.95,42.885,42.885,2400,2021-05-20 14:58:00,HALO
42.8,42.84,42.79,42.79,400,2021-05-20 14:59:00,HALO
42.83,42.86,42.81,42.81,300,2021-05-20 15:00:00,HALO
42.915,42.915,42.865,42.865,500,2021-05-20 15:01:00,HALO
42.84,42.89,42.84,42.89,200,2021-05-20 15:02:00,HALO
42.89,42.89,42.8,42.8,1200,2021-05-20 15:03:00,HALO
42.8,42.8,42.77,42.77,459,2021-05-20 15:04:00,HALO
42.72,42.72,42.72,42.72,100,2021-05-20 15:05:00,HALO
42.77,42.78,42.77,42.78,200,2021-05-20 15:06:00,HALO
42.755,42.755,42.755,42.755,200,2021-05-20 15:07:00,HALO
42.72,42.72,42.68,42.68,500,2021-05-20 15:08:00,HALO
42.63,42.63,42.63,42.63,200,2021-05-20 15:09:00,HALO
42.64,42.69,42.63,42.63,900,2021-05-20 15:10:00,HALO
42.68,42.69,42.65,42.65,1000,2021-05-20 15:11:00,HALO
42.65,42.7,42.65,42.7,200,2021-05-20 15:12:00,HALO
42.67,42.7,42.655,42.68,403,2021-05-20 15:13:00,HALO
42.68,42.75,42.68,42.68,600,2021-05-20 15:14:00,HALO
42.68,42.68,42.68,42.68,200,2021-05-20 15:15:00,HALO
42.735,42.74,42.735,42.74,200,2021-05-20 15:18:00,HALO
42.74,42.74,42.74,42.74,100,2021-05-20 15:19:00,HALO
42.72,42.72,42.71,42.71,999,2021-05-20 15:20:00,HALO
42.68,42.7,42.63,42.65,900,2021-05-20 15:21:00,HALO
42.65,42.735,42.65,42.7,2880,2021-05-20 15:22:00,HALO
42.66,42.7,42.63,42.64,1600,2021-05-20 15:23:00,HALO
42.63,42.63,42.57,42.57,900,2021-05-20 15:24:00,HALO
42.625,42.7,42.625,42.7,962,2021-05-20 15:26:00,HALO
42.72,42.72,42.69,42.7,400,2021-05-20 15:27:00,HALO
42.74,42.75,42.71,42.715,1000,2021-05-20 15:28:00,HALO
42.75,42.75,42.72,42.73,1500,2021-05-20 15:29:00,HALO
42.77,42.77,42.74,42.74,200,2021-05-20 15:30:00,HALO
42.76,42.76,42.76,42.76,100,2021-05-20 15:31:00,HALO
42.75,42.79,42.73,42.77,2106,2021-05-20 15:32:00,HALO
42.8,42.8,42.77,42.77,1500,2021-05-20 15:33:00,HALO
42.8,42.8,42.77,42.77,900,2021-05-20 15:34:00,HALO
42.76,42.81,42.76,42.81,700,2021-05-20 15:35:00,HALO
42.83,42.83,42.82,42.82,300,2021-05-20 15:36:00,HALO
42.82,42.85,42.82,42.83,400,2021-05-20 15:37:00,HALO
42.87,42.87,42.84,42.84,200,2021-05-20 15:38:00,HALO
42.81,42.87,42.81,42.87,500,2021-05-20 15:39:00,HALO
42.87,42.88,42.86,42.86,450,2021-05-20 15:40:00,HALO
42.88,42.89,42.86,42.86,700,2021-05-20 15:41:00,HALO
42.92,42.92,42.9,42.9,200,2021-05-20 15:42:00,HALO
42.85,42.875,42.84,42.84,400,2021-05-20 15:44:00,HALO
42.87,42.92,42.83,42.92,500,2021-05-20 15:45:00,HALO
42.885,42.93,42.85,42.93,400,2021-05-20 15:46:00,HALO
42.91,42.93,42.88,42.93,500,2021-05-20 15:47:00,HALO
42.9,42.95,42.9,42.935,400,2021-05-20 15:48:00,HALO
42.95,42.98,42.93,42.97,800,2021-05-20 15:49:00,HALO
42.975,42.99,42.97,42.98,600,2021-05-20 15:50:00,HALO
42.98,43.0,42.96,42.985,900,2021-05-20 15:51:00,HALO
42.965,42.965,42.95,42.95,200,2021-05-20 15:52:00,HALO
42.95,43.0,42.95,42.95,702,2021-05-20 15:53:00,HALO
42.94,42.945,42.92,42.94,400,2021-05-20 15:54:00,HALO
42.92,42.96,42.92,42.96,610,2021-05-20 15:55:00,HALO
42.97,42.98,42.94,42.98,400,2021-05-20 15:56:00,HALO
42.9,42.9,42.89,42.89,200,2021-05-20 15:57:00,HALO
42.94,42.95,42.9,42.91,1400,2021-05-20 15:59:00,HALO
42.89,42.91,42.84,42.84,2400,2021-05-20 16:00:00,HALO
42.73,42.76,42.67,42.68,1600,2021-05-20 16:02:00,HALO
42.73,42.73,42.7,42.7,200,2021-05-20 16:03:00,HALO
42.725,42.725,42.67,42.67,776,2021-05-20 16:04:00,HALO
42.725,42.725,42.67,42.67,400,2021-05-20 16:05:00,HALO
42.71,42.71,42.68,42.69,700,2021-05-20 16:06:00,HALO
42.715,42.715,42.715,42.715,100,2021-05-20 16:07:00,HALO
42.715,42.715,42.715,42.715,100,2021-05-20 16:08:00,HALO
42.71,42.71,42.68,42.68,300,2021-05-20 16:09:00,HALO
42.66,42.665,42.63,42.665,619,2021-05-20 16:10:00,HALO
42.62,42.62,42.62,42.62,100,2021-05-20 16:11:00,HALO
42.67,42.67,42.67,42.67,100,2021-05-20 16:12:00,HALO
42.63,42.67,42.59,42.59,1893,2021-05-20 16:13:00,HALO
42.59,42.6,42.53,42.53,701,2021-05-20 16:14:00,HALO
42.545,42.55,42.51,42.55,600,2021-05-20 16:15:00,HALO
42.56,42.58,42.56,42.58,1200,2021-05-20 16:17:00,HALO
42.59,42.6,42.59,42.6,400,2021-05-20 16:18:00,HALO
42.64,42.64,42.6,42.64,1100,2021-05-20 16:19:00,HALO
42.58,42.58,42.58,42.58,100,2021-05-20 16:20:00,HALO
42.56,42.56,42.555,42.555,500,2021-05-20 16:21:00,HALO
42.53,42.55,42.52,42.55,300,2021-05-20 16:24:00,HALO
42.54,42.54,42.5,42.535,600,2021-05-20 16:25:00,HALO
42.52,42.52,42.49,42.52,300,2021-05-20 16:26:00,HALO
42.53,42.54,42.49,42.49,926,2021-05-20 16:28:00,HALO
42.53,42.53,42.48,42.48,500,2021-05-20 16:29:00,HALO
42.55,42.56,42.5,42.5,1098,2021-05-20 16:31:00,HALO
42.5,42.51,42.48,42.51,700,2021-05-20 16:32:00,HALO
42.48,42.48,42.48,42.48,100,2021-05-20 16:33:00,HALO
42.46,42.46,42.46,42.46,100,2021-05-20 16:34:00,HALO
42.42,42.435,42.3,42.39,1300,2021-05-20 16:35:00,HALO
42.39,42.39,42.39,42.39,100,2021-05-20 16:36:00,HALO
42.36,42.36,42.36,42.36,100,2021-05-20 16:37:00,HALO
42.32,42.32,42.32,42.32,400,2021-05-20 16:38:00,HALO
42.3,42.33,42.28,42.33,400,2021-05-20 16:39:00,HALO
42.33,42.355,42.31,42.33,500,2021-05-20 16:40:00,HALO
42.37,42.37,42.32,42.32,651,2021-05-20 16:41:00,HALO
42.3,42.34,42.3,42.33,700,2021-05-20 16:42:00,HALO
42.33,42.33,42.3,42.31,900,2021-05-20 16:44:00,HALO
42.31,42.37,42.31,42.32,3120,2021-05-20 16:45:00,HALO
42.32,42.39,42.32,42.39,1100,2021-05-20 16:46:00,HALO
42.35,42.35,42.35,42.35,100,2021-05-20 16:47:00,HALO
42.4,42.4,42.36,42.36,200,2021-05-20 16:48:00,HALO
42.37,42.39,42.37,42.38,509,2021-05-20 16:49:00,HALO
42.36,42.39,42.36,42.37,1400,2021-05-20 16:50:00,HALO
42.35,42.38,42.35,42.35,2200,2021-05-20 16:52:00,HALO
42.33,42.33,42.29,42.29,300,2021-05-20 16:53:00,HALO
42.26,42.26,42.24,42.24,538,2021-05-20 16:54:00,HALO
42.24,42.24,42.18,42.19,900,2021-05-20 16:55:00,HALO
42.23,42.26,42.19,42.22,1119,2021-05-20 16:58:00,HALO
42.22,42.22,42.19,42.19,400,2021-05-20 16:59:00,HALO
42.2,42.2,42.17,42.17,200,2021-05-20 17:00:00,HALO
42.23,42.23,42.2,42.2,300,2021-05-20 17:01:00,HALO
42.225,42.26,42.22,42.25,2117,2021-05-20 17:02:00,HALO
42.26,42.26,42.26,42.26,100,2021-05-20 17:03:00,HALO
42.25,42.25,42.23,42.23,500,2021-05-20 17:04:00,HALO
42.235,42.24,42.235,42.24,200,2021-05-20 17:05:00,HALO
42.25,42.26,42.21,42.21,1400,2021-05-20 17:06:00,HALO
42.21,42.21,42.15,42.15,1200,2021-05-20 17:07:00,HALO
42.185,42.2,42.15,42.17,843,2021-05-20 17:08:00,HALO
42.155,42.16,42.14,42.14,1200,2021-05-20 17:09:00,HALO
42.18,42.215,42.18,42.18,1900,2021-05-20 17:10:00,HALO
42.185,42.185,42.185,42.185,365,2021-05-20 17:11:00,HALO
42.19,42.21,42.17,42.19,700,2021-05-20 17:12:00,HALO
42.2,42.21,42.2,42.21,400,2021-05-20 17:14:00,HALO
42.19,42.205,42.16,42.185,900,2021-05-20 17:15:00,HALO
42.17,42.18,42.14,42.155,1400,2021-05-20 17:16:00,HALO
42.16,42.19,42.16,42.16,1797,2021-05-20 17:17:00,HALO
42.185,42.215,42.185,42.215,400,2021-05-20 17:18:00,HALO
42.24,42.26,42.24,42.26,200,2021-05-20 17:19:00,HALO
42.25,42.26,42.25,42.25,500,2021-05-20 17:20:00,HALO
42.235,42.235,42.235,42.235,300,2021-05-20 17:21:00,HALO
42.26,42.26,42.26,42.26,100,2021-05-20 17:22:00,HALO
42.24,42.24,42.24,42.24,100,2021-05-20 17:23:00,HALO
42.25,42.27,42.25,42.27,1010,2021-05-20 17:24:00,HALO
42.28,42.28,42.265,42.265,633,2021-05-20 17:25:00,HALO
42.25,42.25,42.23,42.235,500,2021-05-20 17:26:00,HALO
42.23,42.235,42.2273,42.2273,500,2021-05-20 17:28:00,HALO
42.235,42.25,42.225,42.25,1070,2021-05-20 17:29:00,HALO
42.27,42.29,42.27,42.29,1072,2021-05-20 17:31:00,HALO
42.3,42.31,42.29,42.31,300,2021-05-20 17:32:00,HALO
42.3,42.3,42.24,42.24,2278,2021-05-20 17:33:00,HALO
42.28,42.285,42.24,42.24,1500,2021-05-20 17:36:00,HALO
42.24,42.24,42.2,42.235,420,2021-05-20 17:37:00,HALO
42.225,42.225,42.225,42.225,500,2021-05-20 17:38:00,HALO
42.225,42.225,42.21,42.21,472,2021-05-20 17:39:00,HALO
42.19,42.2,42.18,42.18,886,2021-05-20 17:40:00,HALO
42.18,42.21,42.18,42.21,300,2021-05-20 17:41:00,HALO
42.19,42.19,42.17,42.17,1040,2021-05-20 17:42:00,HALO
42.17,42.17,42.15,42.15,279,2021-05-20 17:43:00,HALO
42.15,42.165,42.15,42.165,255,2021-05-20 17:44:00,HALO
42.15,42.175,42.11,42.175,1450,2021-05-20 17:45:00,HALO
42.175,42.175,42.16,42.16,774,2021-05-20 17:46:00,HALO
42.155,42.19,42.12,42.17,1450,2021-05-20 17:47:00,HALO
42.175,42.175,42.15,42.15,1037,2021-05-20 17:48:00,HALO
42.17,42.205,42.16,42.205,903,2021-05-20 17:49:00,HALO
42.205,42.205,42.19,42.2,366,2021-05-20 17:50:00,HALO
42.21,42.215,42.21,42.215,450,2021-05-20 17:51:00,HALO
42.215,42.22,42.19,42.19,920,2021-05-20 17:52:00,HALO
42.19,42.19,42.04,42.04,982,2021-05-20 17:53:00,HALO
42.06,42.11,42.03,42.11,1217,2021-05-20 17:54:00,HALO
42.065,42.09,42.065,42.09,692,2021-05-20 17:55:00,HALO
42.1,42.1,42.1,42.1,300,2021-05-20 17:56:00,HALO
42.105,42.105,42.105,42.105,144,2021-05-20 17:57:00,HALO
42.09,42.13,42.09,42.12,500,2021-05-20 17:58:00,HALO
42.11,42.11,42.08,42.08,200,2021-05-20 17:59:00,HALO
42.095,42.14,42.095,42.14,1200,2021-05-20 18:01:00,HALO
42.13,42.16,42.13,42.16,300,2021-05-20 18:04:00,HALO
42.17,42.18,42.16,42.18,600,2021-05-20 18:05:00,HALO
42.16,42.16,42.15,42.15,300,2021-05-20 18:06:00,HALO
42.155,42.155,42.155,42.155,200,2021-05-20 18:07:00,HALO
42.13,42.13,42.1,42.1,1725,2021-05-20 18:08:00,HALO
42.11,42.135,42.1,42.11,887,2021-05-20 18:09:00,HALO
42.08,42.08,42.06,42.075,400,2021-05-20 18:10:00,HALO
42.06,42.06,42.045,42.045,402,2021-05-20 18:11:00,HALO
42.07,42.07,42.065,42.065,200,2021-05-20 18:12:00,HALO
42.09,42.09,42.09,42.09,100,2021-05-20 18:13:00,HALO
42.09,42.1,42.06,42.06,900,2021-05-20 18:14:00,HALO
42.085,42.11,42.085,42.11,200,2021-05-20 18:15:00,HALO
42.07,42.07,42.02,42.02,800,2021-05-20 18:16:00,HALO
42.06,42.12,42.06,42.12,300,2021-05-20 18:17:00,HALO
42.11,42.12,42.1,42.11,918,2021-05-20 18:18:00,HALO
42.13,42.14,42.13,42.14,200,2021-05-20 18:19:00,HALO
42.135,42.135,42.135,42.135,100,2021-05-20 18:20:00,HALO
42.15,42.15,42.15,42.15,100,2021-05-20 18:21:00,HALO
42.15,42.16,42.15,42.16,300,2021-05-20 18:22:00,HALO
42.14,42.14,42.13,42.13,400,2021-05-20 18:23:00,HALO
42.17,42.17,42.17,42.17,200,2021-05-20 18:24:00,HALO
42.17,42.185,42.16,42.16,1000,2021-05-20 18:25:00,HALO
42.21,42.21,42.17,42.21,600,2021-05-20 18:26:00,HALO
42.175,42.175,42.15,42.15,200,2021-05-20 18:27:00,HALO
42.225,42.26,42.225,42.26,200,2021-05-20 18:28:00,HALO
42.24,42.26,42.24,42.26,500,2021-05-20 18:29:00,HALO
42.27,42.275,42.27,42.275,200,2021-05-20 18:30:00,HALO
42.3,42.3,42.3,42.3,100,2021-05-20 18:31:00,HALO
42.29,42.335,42.29,42.305,1332,2021-05-20 18:32:00,HALO
42.25,42.25,42.24,42.24,200,2021-05-20 18:33:00,HALO
42.19,42.2,42.19,42.2,200,2021-05-20 18:34:00,HALO
42.225,42.25,42.225,42.25,200,2021-05-20 18:35:00,HALO
42.23,42.23,42.23,42.23,100,2021-05-20 18:36:00,HALO
42.23,42.24,42.23,42.24,200,2021-05-20 18:37:00,HALO
42.27,42.27,42.23,42.23,924,2021-05-20 18:38:00,HALO
42.215,42.24,42.215,42.24,522,2021-05-20 18:39:00,HALO
42.23,42.25,42.21,42.245,3000,2021-05-20 18:40:00,HALO
42.26,42.27,42.24,42.27,800,2021-05-20 18:41:00,HALO
42.275,42.28,42.24,42.24,2100,2021-05-20 18:42:00,HALO
42.25,42.25,42.25,42.25,200,2021-05-20 18:43:00,HALO
42.245,42.245,42.245,42.245,200,2021-05-20 18:44:00,HALO
42.24,42.26,42.24,42.26,647,2021-05-20 18:45:00,HALO
42.248,42.3,42.248,42.3,434,2021-05-20 18:46:00,HALO
42.28,42.28,42.28,42.28,200,2021-05-20 18:47:00,HALO
42.275,42.37,42.275,42.37,811,2021-05-20 18:48:00,HALO
42.355,42.37,42.35,42.37,500,2021-05-20 18:49:00,HALO
42.34,42.37,42.34,42.37,1300,2021-05-20 18:50:00,HALO
42.35,42.35,42.35,42.35,100,2021-05-20 18:51:00,HALO
42.35,42.355,42.35,42.355,305,2021-05-20 18:52:00,HALO
42.35,42.35,42.32,42.32,1800,2021-05-20 18:53:00,HALO
42.325,42.35,42.325,42.35,850,2021-05-20 18:54:00,HALO
42.33,42.33,42.315,42.315,688,2021-05-20 18:55:00,HALO
42.33,42.34,42.32,42.33,900,2021-05-20 18:56:00,HALO
42.325,42.33,42.325,42.33,200,2021-05-20 18:57:00,HALO
42.35,42.38,42.35,42.37,1098,2021-05-20 18:58:00,HALO
42.37,42.4,42.37,42.4,364,2021-05-20 18:59:00,HALO
42.4,42.4,42.35,42.37,1300,2021-05-20 19:00:00,HALO
42.385,42.405,42.385,42.405,300,2021-05-20 19:01:00,HALO
42.4,42.475,42.4,42.475,600,2021-05-20 19:02:00,HALO
42.49,42.49,42.43,42.43,800,2021-05-20 19:03:00,HALO
42.46,42.515,42.46,42.515,400,2021-05-20 19:04:00,HALO
42.5,42.5,42.45,42.48,600,2021-05-20 19:05:00,HALO
42.4394,42.47,42.4394,42.45,400,2021-05-20 19:06:00,HALO
42.46,42.46,42.46,42.46,100,2021-05-20 19:07:00,HALO
42.51,42.52,42.5,42.5,300,2021-05-20 19:08:00,HALO
42.49,42.49,42.49,42.49,100,2021-05-20 19:09:00,HALO
42.5,42.54,42.5,42.53,500,2021-05-20 19:10:00,HALO
42.55,42.56,42.55,42.56,200,2021-05-20 19:11:00,HALO
42.57,42.575,42.57,42.575,400,2021-05-20 19:12:00,HALO
42.57,42.6,42.57,42.595,400,2021-05-20 19:13:00,HALO
42.585,42.585,42.56,42.56,400,2021-05-20 19:14:00,HALO
42.54,42.56,42.54,42.56,200,2021-05-20 19:15:00,HALO
42.535,42.59,42.535,42.58,1936,2021-05-20 19:16:00,HALO
42.585,42.585,42.56,42.56,800,2021-05-20 19:17:00,HALO
42.54,42.64,42.54,42.635,1533,2021-05-20 19:18:00,HALO
42.635,42.635,42.635,42.635,200,2021-05-20 19:19:00,HALO
42.65,42.66,42.63,42.63,400,2021-05-20 19:20:00,HALO
42.64,42.68,42.64,42.68,300,2021-05-20 19:21:00,HALO
42.67,42.68,42.65,42.68,1300,2021-05-20 19:22:00,HALO
42.66,42.665,42.66,42.665,200,2021-05-20 19:23:00,HALO
42.68,42.69,42.65,42.675,800,2021-05-20 19:24:00,HALO
42.68,42.75,42.68,42.7,1800,2021-05-20 19:25:00,HALO
42.72,42.73,42.72,42.73,810,2021-05-20 19:26:00,HALO
42.77,42.82,42.77,42.81,2155,2021-05-20 19:27:00,HALO
42.785,42.785,42.74,42.74,900,2021-05-20 19:28:00,HALO
42.77,42.83,42.77,42.82,1300,2021-05-20 19:29:00,HALO
42.8,42.83,42.8,42.83,200,2021-05-20 19:30:00,HALO
42.805,42.81,42.78,42.81,1600,2021-05-20 19:31:00,HALO
42.82,42.87,42.82,42.84,1093,2021-05-20 19:32:00,HALO
42.82,42.85,42.82,42.84,774,2021-05-20 19:33:00,HALO
42.86,42.875,42.84,42.86,1000,2021-05-20 19:34:00,HALO
42.86,42.885,42.86,42.86,1322,2021-05-20 19:35:00,HALO
42.845,42.845,42.845,42.845,200,2021-05-20 19:36:00,HALO
42.84,42.865,42.79,42.79,1782,2021-05-20 19:37:00,HALO
42.805,42.82,42.77,42.82,600,2021-05-20 19:38:00,HALO
42.81,42.81,42.79,42.8,500,2021-05-20 19:39:00,HALO
42.8,42.82,42.8,42.8,1700,2021-05-20 19:40:00,HALO
42.76,42.785,42.76,42.77,1300,2021-05-20 19:41:00,HALO
42.795,42.795,42.76,42.78,800,2021-05-20 19:42:00,HALO
42.785,42.81,42.77,42.77,1700,2021-05-20 19:43:00,HALO
42.81,42.84,42.79,42.84,1100,2021-05-20 19:44:00,HALO
42.85,42.875,42.82,42.84,3200,2021-05-20 19:45:00,HALO
42.84,42.88,42.83,42.88,1400,2021-05-20 19:46:00,HALO
42.88,42.88,42.87,42.87,1260,2021-05-20 19:47:00,HALO
42.88,42.91,42.81,42.825,3583,2021-05-20 19:48:00,HALO
42.82,42.82,42.77,42.78,1200,2021-05-20 19:49:00,HALO
42.75,42.77,42.71,42.77,1700,2021-05-20 19:50:00,HALO
42.77,42.77,42.72,42.76,3179,2021-05-20 19:51:00,HALO
42.74,42.74,42.68,42.7,5100,2021-05-20 19:52:00,HALO
42.71,42.75,42.69,42.73,4363,2021-05-20 19:53:00,HALO
42.71,42.72,42.67,42.71,4853,2021-05-20 19:54:00,HALO
42.71,42.71,42.64,42.65,5020,2021-05-20 19:55:00,HALO
42.65,42.675,42.65,42.67,2940,2021-05-20 19:56:00,HALO
42.67,42.67,42.62,42.645,3534,2021-05-20 19:57:00,HALO
42.645,42.65,42.62,42.64,6683,2021-05-20 19:58:00,HALO
42.64,42.72,42.64,42.72,15735,2021-05-20 19:59:00,HALO
42.69,42.69,42.69,42.69,158984,2021-05-20 20:00:00,HALO
42.69,42.69,42.69,42.69,48835,2021-05-20 20:01:00,HALO
43.6,43.6,43.25,43.25,500,2021-05-21 13:25:00,HALO
43.31,43.31,42.96,42.96,22112,2021-05-21 13:30:00,HALO
43.2706,43.2706,43.2706,43.2706,250,2021-05-21 13:31:00,HALO
43.36,43.43,43.36,43.43,790,2021-05-21 13:32:00,HALO
43.27,43.27,43.0,43.0,1200,2021-05-21 13:35:00,HALO
43.1,43.13,43.0,43.08,970,2021-05-21 13:36:00,HALO
42.98,43.1,42.98,43.05,1160,2021-05-21 13:37:00,HALO
43.01,43.05,42.8,42.8,400,2021-05-21 13:38:00,HALO
42.8,42.85,42.77,42.85,1719,2021-05-21 13:40:00,HALO
42.9,42.95,42.9,42.95,400,2021-05-21 13:42:00,HALO
42.92,42.95,42.895,42.9,1491,2021-05-21 13:43:00,HALO
42.82,42.9,42.82,42.87,300,2021-05-21 13:44:00,HALO
42.82,42.82,42.66,42.66,500,2021-05-21 13:45:00,HALO
42.65,42.65,42.65,42.65,100,2021-05-21 13:46:00,HALO
42.63,42.63,42.63,42.63,200,2021-05-21 13:47:00,HALO
42.685,42.77,42.64,42.715,500,2021-05-21 13:49:00,HALO
42.73,42.73,42.56,42.56,676,2021-05-21 13:50:00,HALO
42.54,42.64,42.54,42.56,1900,2021-05-21 13:51:00,HALO
42.605,42.605,42.57,42.57,320,2021-05-21 13:52:00,HALO
42.59,42.59,42.59,42.59,100,2021-05-21 13:53:00,HALO
42.595,42.595,42.54,42.58,430,2021-05-21 13:54:00,HALO
42.58,42.6106,42.52,42.58,934,2021-05-21 13:55:00,HALO
42.62,42.63,42.575,42.575,976,2021-05-21 13:56:00,HALO
42.57,42.57,42.41,42.47,3200,2021-05-21 13:57:00,HALO
42.48,42.55,42.445,42.51,4468,2021-05-21 13:58:00,HALO
42.49,42.515,42.49,42.49,300,2021-05-21 13:59:00,HALO
42.47,42.515,42.44,42.46,3050,2021-05-21 14:00:00,HALO
42.46,42.46,42.46,42.46,100,2021-05-21 14:01:00,HALO
42.46,42.53,42.44,42.495,4030,2021-05-21 14:02:00,HALO
42.53,42.57,42.47,42.51,6868,2021-05-21 14:03:00,HALO
42.52,42.57,42.5,42.5,4102,2021-05-21 14:04:00,HALO
42.525,42.63,42.46,42.46,9999,2021-05-21 14:05:00,HALO
42.485,42.49,42.46,42.46,2206,2021-05-21 14:06:00,HALO
42.43,42.465,42.4,42.4,1786,2021-05-21 14:07:00,HALO
42.45,42.45,42.35,42.35,2026,2021-05-21 14:08:00,HALO
42.39,42.455,42.39,42.455,2357,2021-05-21 14:09:00,HALO
42.4095,42.431,42.4095,42.431,1571,2021-05-21 14:10:00,HALO
42.43,42.44,42.4,42.43,1100,2021-05-21 14:11:00,HALO
42.41,42.47,42.4,42.43,1263,2021-05-21 14:12:00,HALO
42.42,42.53,42.42,42.49,1600,2021-05-21 14:13:00,HALO
42.46,42.46,42.415,42.415,700,2021-05-21 14:14:00,HALO
42.41,42.425,42.38,42.42,518,2021-05-21 14:15:00,HALO
42.39,42.39,42.32,42.32,900,2021-05-21 14:16:00,HALO
42.38,42.39,42.35,42.37,1000,2021-05-21 14:17:00,HALO
42.37,42.37,42.34,42.34,300,2021-05-21 14:18:00,HALO
42.38,42.4,42.365,42.365,1112,2021-05-21 14:19:00,HALO
42.4,42.42,42.355,42.355,607,2021-05-21 14:20:00,HALO
42.375,42.44,42.375,42.43,1087,2021-05-21 14:21:00,HALO
42.47,42.47,42.455,42.455,200,2021-05-21 14:22:00,HALO
42.5,42.515,42.5,42.515,200,2021-05-21 14:23:00,HALO
42.505,42.505,42.47,42.47,606,2021-05-21 14:26:00,HALO
42.41,42.41,42.4,42.4,300,2021-05-21 14:27:00,HALO
42.35,42.38,42.35,42.38,500,2021-05-21 14:28:00,HALO
42.32,42.32,42.32,42.32,400,2021-05-21 14:30:00,HALO
42.33,42.36,42.31,42.31,800,2021-05-21 14:31:00,HALO
42.31,42.32,42.28,42.29,1058,2021-05-21 14:33:00,HALO
42.3385,42.3385,42.29,42.29,300,2021-05-21 14:34:00,HALO
42.27,42.27,42.25,42.25,700,2021-05-21 14:36:00,HALO
42.14,42.14,42.02,42.02,702,2021-05-21 14:37:00,HALO
42.07,42.07,42.03,42.03,358,2021-05-21 14:38:00,HALO
42.1,42.11,42.03,42.06,1058,2021-05-21 14:39:00,HALO
42.06,42.06,42.0,42.0,700,2021-05-21 14:41:00,HALO
42.06,42.06,42.035,42.06,1498,2021-05-21 14:43:00,HALO
42.045,42.07,42.045,42.07,243,2021-05-21 14:44:00,HALO
42.0,42.0,42.0,42.0,100,2021-05-21 14:45:00,HALO
42.05,42.07,42.05,42.07,313,2021-05-21 14:46:00,HALO
42.04,42.04,42.015,42.015,523,2021-05-21 14:47:00,HALO
42.02,42.03,42.02,42.03,500,2021-05-21 14:48:00,HALO
41.97,41.98,41.97,41.98,400,2021-05-21 14:49:00,HALO
42.04,42.05,42.04,42.05,200,2021-05-21 14:50:00,HALO
42.01,42.04,41.9871,42.04,5986,2021-05-21 14:52:00,HALO
42.05,42.08,42.03,42.065,1069,2021-05-21 14:54:00,HALO
42.065,42.09,42.065,42.085,912,2021-05-21 14:55:00,HALO
42.085,42.11,41.94,42.02,7990,2021-05-21 14:56:00,HALO
42.02,42.02,41.985,41.985,406,2021-05-21 14:57:00,HALO
41.9999,41.9999,41.96,41.9875,2307,2021-05-21 14:58:00,HALO
41.985,42.01,41.975,42.01,2072,2021-05-21 14:59:00,HALO
42.02,42.02,41.99,42.005,1518,2021-05-21 15:00:00,HALO
42.015,42.04,42.015,42.03,1294,2021-05-21 15:02:00,HALO
42.04,42.05,42.03,42.05,1430,2021-05-21 15:03:00,HALO
42.09,42.09,42.06,42.07,1621,2021-05-21 15:05:00,HALO
42.11,42.14,42.11,42.14,400,2021-05-21 15:06:00,HALO
42.2,42.24,42.2,42.22,300,2021-05-21 15:07:00,HALO
42.235,42.33,42.22,42.315,2609,2021-05-21 15:08:00,HALO
42.305,42.36,42.305,42.36,400,2021-05-21 15:09:00,HALO
42.32,42.36,42.2801,42.295,800,2021-05-21 15:10:00,HALO
42.35,42.35,42.305,42.33,700,2021-05-21 15:11:00,HALO
42.32,42.32,42.3,42.32,1180,2021-05-21 15:12:00,HALO
42.3,42.3,42.26,42.29,834,2021-05-21 15:13:00,HALO
42.29,42.32,42.23,42.245,4760,2021-05-21 15:15:00,HALO
42.215,42.215,42.215,42.215,200,2021-05-21 15:16:00,HALO
42.21,42.225,42.21,42.225,357,2021-05-21 15:17:00,HALO
42.225,42.24,42.225,42.24,408,2021-05-21 15:18:00,HALO
42.225,42.225,42.21,42.21,200,2021-05-21 15:19:00,HALO
42.17,42.22,42.15,42.22,2500,2021-05-21 15:20:00,HALO
42.2,42.2,42.2,42.2,640,2021-05-21 15:21:00,HALO
42.198,42.198,42.198,42.198,300,2021-05-21 15:22:00,HALO
42.18,42.18,42.18,42.18,200,2021-05-21 15:23:00,HALO
42.1765,42.1765,42.1765,42.1765,100,2021-05-21 15:24:00,HALO
42.2,42.2,42.2,42.2,100,2021-05-21 15:25:00,HALO
42.23,42.23,42.2,42.2,386,2021-05-21 15:26:00,HALO
42.15,42.15,42.1,42.14,900,2021-05-21 15:27:00,HALO
42.145,42.15,42.145,42.15,250,2021-05-21 15:28:00,HALO
42.145,42.145,42.075,42.075,1100,2021-05-21 15:29:00,HALO
42.07,42.07,42.05,42.05,300,2021-05-21 15:30:00,HALO
42.06,42.06,42.03,42.03,300,2021-05-21 15:31:00,HALO
42.045,42.065,42.045,42.065,300,2021-05-21 15:32:00,HALO
42.09,42.09,42.075,42.075,400,2021-05-21 15:33:00,HALO
42.08,42.08,42.08,42.08,300,2021-05-21 15:34:00,HALO
42.08,42.08,42.05,42.075,400,2021-05-21 15:35:00,HALO
42.07,42.07,42.07,42.07,100,2021-05-21 15:36:00,HALO
42.06,42.07,42.045,42.06,700,2021-05-21 15:37:00,HALO
42.045,42.045,42.045,42.045,200,2021-05-21 15:38:00,HALO
42.045,42.11,42.045,42.105,800,2021-05-21 15:39:00,HALO
42.11,42.11,42.09,42.105,400,2021-05-21 15:40:00,HALO
42.1,42.1,42.08,42.08,300,2021-05-21 15:41:00,HALO
42.07,42.1,42.07,42.08,3047,2021-05-21 15:42:00,HALO
42.11,42.13,42.11,42.13,200,2021-05-21 15:43:00,HALO
42.145,42.145,42.145,42.145,100,2021-05-21 15:44:00,HALO
42.145,42.18,42.145,42.18,400,2021-05-21 15:45:00,HALO
42.205,42.225,42.18,42.18,581,2021-05-21 15:47:00,HALO
42.19,42.21,42.19,42.21,750,2021-05-21 15:48:00,HALO
42.15,42.15,42.14,42.15,300,2021-05-21 15:49:00,HALO
42.15,42.15,42.13,42.13,200,2021-05-21 15:50:00,HALO
42.15,42.15,42.15,42.15,100,2021-05-21 15:51:00,HALO
42.145,42.145,42.14,42.14,400,2021-05-21 15:52:00,HALO
42.125,42.125,42.125,42.125,200,2021-05-21 15:53:00,HALO
42.09,42.11,42.06,42.1,1700,2021-05-21 15:54:00,HALO
42.08,42.13,42.08,42.105,300,2021-05-21 15:55:00,HALO
42.14,42.15,42.13,42.15,300,2021-05-21 15:56:00,HALO
42.11,42.11,42.11,42.11,100,2021-05-21 15:57:00,HALO
42.15,42.26,42.15,42.235,1100,2021-05-21 15:58:00,HALO
42.23,42.26,42.195,42.25,600,2021-05-21 15:59:00,HALO
42.2503,42.2503,42.2503,42.2503,150,2021-05-21 16:00:00,HALO
42.23,42.235,42.23,42.235,300,2021-05-21 16:01:00,HALO
42.25,42.25,42.22,42.22,200,2021-05-21 16:02:00,HALO
42.25,42.26,42.24,42.26,500,2021-05-21 16:03:00,HALO
42.28,42.32,42.28,42.32,564,2021-05-21 16:04:00,HALO
42.29,42.29,42.29,42.29,100,2021-05-21 16:06:00,HALO
42.26,42.28,42.26,42.28,400,2021-05-21 16:07:00,HALO
42.24,42.24,42.2,42.2,300,2021-05-21 16:08:00,HALO
42.16,42.16,42.15,42.15,200,2021-05-21 16:09:00,HALO
42.155,42.155,42.155,42.155,100,2021-05-21 16:10:00,HALO
42.14,42.14,42.11,42.11,303,2021-05-21 16:11:00,HALO
42.17,42.17,42.17,42.17,200,2021-05-21 16:12:00,HALO
42.18,42.18,42.17,42.17,200,2021-05-21 16:13:00,HALO
42.145,42.18,42.111,42.15,2000,2021-05-21 16:14:00,HALO
42.18,42.18,42.18,42.18,100,2021-05-21 16:15:00,HALO
42.165,42.165,42.165,42.165,100,2021-05-21 16:16:00,HALO
42.125,42.125,42.125,42.125,130,2021-05-21 16:18:00,HALO
42.11,42.13,42.11,42.13,790,2021-05-21 16:19:00,HALO
42.13,42.13,42.13,42.13,100,2021-05-21 16:20:00,HALO
42.12,42.12,42.12,42.12,399,2021-05-21 16:21:00,HALO
42.15,42.15,42.14,42.15,300,2021-05-21 16:23:00,HALO
42.17,42.17,42.169,42.169,350,2021-05-21 16:24:00,HALO
42.14,42.16,42.14,42.16,400,2021-05-21 16:25:00,HALO
42.17,42.17,42.17,42.17,200,2021-05-21 16:26:00,HALO
42.16,42.16,42.16,42.16,400,2021-05-21 16:28:00,HALO
42.18,42.18,42.18,42.18,150,2021-05-21 16:29:00,HALO
42.19,42.24,42.15,42.15,3597,2021-05-21 16:30:00,HALO
42.16,42.16,42.16,42.16,100,2021-05-21 16:31:00,HALO
42.18,42.18,42.17,42.17,466,2021-05-21 16:34:00,HALO
42.155,42.155,42.13,42.13,1200,2021-05-21 16:35:00,HALO
42.13,42.13,42.08,42.09,1214,2021-05-21 16:37:00,HALO
42.08,42.11,42.08,42.09,766,2021-05-21 16:38:00,HALO
42.12,42.12,42.11,42.11,400,2021-05-21 16:40:00,HALO
42.11,42.11,42.11,42.11,200,2021-05-21 16:41:00,HALO
42.11,42.11,42.1,42.1,300,2021-05-21 16:42:00,HALO
42.09,42.11,42.07,42.11,1400,2021-05-21 16:43:00,HALO
42.12,42.2,42.12,42.18,700,2021-05-21 16:44:00,HALO
42.2,42.2,42.2,42.2,100,2021-05-21 16:45:00,HALO
42.165,42.19,42.165,42.19,300,2021-05-21 16:47:00,HALO
42.16,42.16,42.16,42.16,100,2021-05-21 16:48:00,HALO
42.14,42.15,42.115,42.15,700,2021-05-21 16:49:00,HALO
42.13,42.16,42.13,42.16,200,2021-05-21 16:50:00,HALO
42.14,42.17,42.14,42.17,300,2021-05-21 16:51:00,HALO
42.16,42.16,42.16,42.16,200,2021-05-21 16:52:00,HALO
42.17,42.17,42.17,42.17,200,2021-05-21 16:53:00,HALO
42.1,42.12,42.1,42.115,2900,2021-05-21 16:54:00,HALO
42.14,42.14,42.09,42.09,1000,2021-05-21 16:55:00,HALO
42.08,42.12,42.08,42.1,1700,2021-05-21 16:56:00,HALO
42.17,42.18,42.17,42.18,200,2021-05-21 16:57:00,HALO
42.2,42.21,42.16,42.16,1289,2021-05-21 16:58:00,HALO
42.195,42.195,42.19,42.19,309,2021-05-21 16:59:00,HALO
42.165,42.165,42.165,42.165,100,2021-05-21 17:00:00,HALO
42.1706,42.18,42.165,42.18,735,2021-05-21 17:01:00,HALO
42.15,42.15,42.14,42.15,300,2021-05-21 17:02:00,HALO
42.17,42.2,42.17,42.2,692,2021-05-21 17:03:00,HALO
42.17,42.175,42.11,42.14,2490,2021-05-21 17:04:00,HALO
42.15,42.15,42.15,42.15,100,2021-05-21 17:05:00,HALO
42.14,42.14,42.13,42.13,600,2021-05-21 17:06:00,HALO
42.145,42.16,42.1,42.1062,3189,2021-05-21 17:08:00,HALO
42.1,42.1,42.09,42.1,500,2021-05-21 17:09:00,HALO
42.08,42.12,42.08,42.11,600,2021-05-21 17:10:00,HALO
42.12,42.13,42.12,42.13,200,2021-05-21 17:11:00,HALO
42.1,42.11,42.1,42.11,400,2021-05-21 17:12:00,HALO
42.115,42.12,42.11,42.11,500,2021-05-21 17:14:00,HALO
42.12,42.12,42.12,42.12,300,2021-05-21 17:15:00,HALO
42.11,42.11,42.11,42.11,101,2021-05-21 17:16:00,HALO
42.115,42.16,42.115,42.14,1860,2021-05-21 17:17:00,HALO
42.14,42.17,42.14,42.17,500,2021-05-21 17:18:00,HALO
42.17,42.185,42.17,42.185,500,2021-05-21 17:19:00,HALO
42.25,42.31,42.25,42.31,600,2021-05-21 17:20:00,HALO
42.275,42.275,42.275,42.275,100,2021-05-21 17:21:00,HALO
42.28,42.3,42.26,42.3,800,2021-05-21 17:22:00,HALO
42.34,42.34,42.33,42.34,600,2021-05-21 17:23:00,HALO
42.34,42.34,42.32,42.32,400,2021-05-21 17:24:00,HALO
42.32,42.35,42.32,42.345,683,2021-05-21 17:25:00,HALO
42.36,42.36,42.36,42.36,100,2021-05-21 17:26:00,HALO
42.37,42.37,42.35,42.35,500,2021-05-21 17:27:00,HALO
42.38,42.38,42.38,42.38,100,2021-05-21 17:28:00,HALO
42.405,42.44,42.405,42.44,400,2021-05-21 17:29:00,HALO
42.42,42.44,42.42,42.44,200,2021-05-21 17:30:00,HALO
42.435,42.435,42.42,42.42,412,2021-05-21 17:31:00,HALO
42.435,42.44,42.43,42.44,600,2021-05-21 17:32:00,HALO
42.44,42.44,42.44,42.44,300,2021-05-21 17:33:00,HALO
42.47,42.47,42.42,42.42,200,2021-05-21 17:34:00,HALO
42.41,42.44,42.41,42.44,600,2021-05-21 17:35:00,HALO
42.4,42.4,42.4,42.4,100,2021-05-21 17:37:00,HALO
42.405,42.405,42.38,42.38,400,2021-05-21 17:38:00,HALO
42.395,42.395,42.395,42.395,100,2021-05-21 17:39:00,HALO
42.38,42.41,42.38,42.4,3700,2021-05-21 17:40:00,HALO
42.42,42.46,42.42,42.44,1500,2021-05-21 17:41:00,HALO
42.453,42.46,42.45,42.45,1253,2021-05-21 17:42:00,HALO
42.46,42.46,42.45,42.45,500,2021-05-21 17:43:00,HALO
42.48,42.48,42.48,42.48,700,2021-05-21 17:44:00,HALO
42.465,42.465,42.45,42.45,1100,2021-05-21 17:45:00,HALO
42.465,42.47,42.45,42.45,700,2021-05-21 17:46:00,HALO
42.47,42.47,42.47,42.47,100,2021-05-21 17:47:00,HALO
42.49,42.51,42.48,42.51,1465,2021-05-21 17:48:00,HALO
42.5,42.5,42.47,42.47,1322,2021-05-21 17:49:00,HALO
42.49,42.49,42.49,42.49,100,2021-05-21 17:50:00,HALO
42.5,42.5,42.48,42.48,700,2021-05-21 17:51:00,HALO
42.47,42.52,42.47,42.51,2400,2021-05-21 17:52:00,HALO
42.56,42.585,42.56,42.56,800,2021-05-21 17:53:00,HALO
42.55,42.55,42.55,42.55,100,2021-05-21 17:54:00,HALO
42.55,42.55,42.55,42.55,100,2021-05-21 17:55:00,HALO
42.54,42.54,42.53,42.53,700,2021-05-21 17:56:00,HALO
42.52,42.52,42.52,42.52,300,2021-05-21 17:57:00,HALO
42.52,42.54,42.52,42.52,708,2021-05-21 17:58:00,HALO
42.53,42.53,42.53,42.53,100,2021-05-21 17:59:00,HALO
42.52,42.52,42.52,42.52,100,2021-05-21 18:00:00,HALO
42.53,42.53,42.53,42.53,100,2021-05-21 18:01:00,HALO
42.53,42.53,42.53,42.53,100,2021-05-21 18:02:00,HALO
42.5,42.5,42.46,42.48,3600,2021-05-21 18:03:00,HALO
42.43,42.48,42.42,42.48,1000,2021-05-21 18:04:00,HALO
42.49,42.54,42.49,42.54,800,2021-05-21 18:05:00,HALO
42.52,42.52,42.5,42.51,1501,2021-05-21 18:06:00,HALO
42.55,42.555,42.54,42.555,500,2021-05-21 18:07:00,HALO
42.57,42.58,42.57,42.57,600,2021-05-21 18:08:00,HALO
42.53,42.54,42.53,42.54,400,2021-05-21 18:10:00,HALO
42.525,42.55,42.525,42.55,600,2021-05-21 18:11:00,HALO
42.56,42.57,42.56,42.57,1000,2021-05-21 18:12:00,HALO
42.57,42.58,42.57,42.58,473,2021-05-21 18:15:00,HALO
42.595,42.62,42.58,42.62,1600,2021-05-21 18:16:00,HALO
42.61,42.61,42.61,42.61,588,2021-05-21 18:17:00,HALO
42.61,42.61,42.6,42.6,500,2021-05-21 18:18:00,HALO
42.62,42.62,42.61,42.61,600,2021-05-21 18:20:00,HALO
42.59,42.59,42.59,42.59,200,2021-05-21 18:21:00,HALO
42.59,42.61,42.59,42.61,200,2021-05-21 18:22:00,HALO
42.61,42.62,42.58,42.58,600,2021-05-21 18:23:00,HALO
42.59,42.63,42.58,42.6,1100,2021-05-21 18:24:00,HALO
42.59,42.59,42.59,42.59,100,2021-05-21 18:25:00,HALO
42.6,42.6,42.58,42.58,300,2021-05-21 18:26:00,HALO
42.57,42.58,42.57,42.58,420,2021-05-21 18:27:00,HALO
42.56,42.56,42.515,42.515,900,2021-05-21 18:28:00,HALO
42.505,42.505,42.46,42.47,400,2021-05-21 18:29:00,HALO
42.48,42.48,42.46,42.46,200,2021-05-21 18:30:00,HALO
42.4922,42.5,42.46,42.46,2147,2021-05-21 18:31:00,HALO
42.485,42.5,42.485,42.49,541,2021-05-21 18:32:00,HALO
42.5,42.52,42.5,42.52,1000,2021-05-21 18:33:00,HALO
42.5,42.5185,42.5,42.5,500,2021-05-21 18:35:00,HALO
42.52,42.52,42.52,42.52,200,2021-05-21 18:36:00,HALO
42.52,42.54,42.52,42.53,300,2021-05-21 18:37:00,HALO
42.54,42.54,42.5,42.5,800,2021-05-21 18:38:00,HALO
42.49,42.52,42.49,42.52,400,2021-05-21 18:39:00,HALO
42.53,42.54,42.53,42.54,600,2021-05-21 18:40:00,HALO
42.54,42.54,42.54,42.54,500,2021-05-21 18:41:00,HALO
42.54,42.54,42.51,42.51,500,2021-05-21 18:43:00,HALO
42.51,42.52,42.47,42.49,1700,2021-05-21 18:45:00,HALO
42.49,42.53,42.49,42.53,500,2021-05-21 18:46:00,HALO
42.53,42.53,42.51,42.51,300,2021-05-21 18:47:00,HALO
42.53,42.53,42.51,42.51,400,2021-05-21 18:48:00,HALO
42.515,42.515,42.515,42.515,100,2021-05-21 18:49:00,HALO
42.51,42.53,42.5,42.51,700,2021-05-21 18:50:00,HALO
42.5,42.5,42.46,42.47,900,2021-05-21 18:51:00,HALO
42.47,42.49,42.47,42.49,200,2021-05-21 18:52:00,HALO
42.47,42.47,42.47,42.47,100,2021-05-21 18:53:00,HALO
42.46,42.47,42.46,42.47,200,2021-05-21 18:54:00,HALO
42.47,42.47,42.45,42.45,200,2021-05-21 18:55:00,HALO
42.44,42.455,42.44,42.455,200,2021-05-21 18:56:00,HALO
42.455,42.47,42.455,42.46,500,2021-05-21 18:57:00,HALO
42.47,42.47,42.47,42.47,200,2021-05-21 18:58:00,HALO
42.49,42.5,42.48,42.48,845,2021-05-21 18:59:00,HALO
42.48,42.52,42.48,42.505,1000,2021-05-21 19:00:00,HALO
42.52,42.52,42.52,42.52,100,2021-05-21 19:01:00,HALO
42.54,42.54,42.53,42.53,1700,2021-05-21 19:02:00,HALO
42.53,42.53,42.5,42.5,400,2021-05-21 19:03:00,HALO
42.49,42.51,42.49,42.51,700,2021-05-21 19:04:00,HALO
42.515,42.515,42.515,42.515,172,2021-05-21 19:05:00,HALO
42.51,42.51,42.5,42.51,1137,2021-05-21 19:06:00,HALO
42.52,42.53,42.51,42.53,400,2021-05-21 19:07:00,HALO
42.53,42.53,42.53,42.53,700,2021-05-21 19:08:00,HALO
42.53,42.54,42.52,42.52,300,2021-05-21 19:09:00,HALO
42.56,42.56,42.55,42.55,500,2021-05-21 19:10:00,HALO
42.58,42.62,42.58,42.6,1400,2021-05-21 19:11:00,HALO
42.59,42.6,42.59,42.6,200,2021-05-21 19:12:00,HALO
42.59,42.59,42.56,42.56,400,2021-05-21 19:13:00,HALO
42.56,42.56,42.56,42.56,100,2021-05-21 19:14:00,HALO
42.54,42.54,42.505,42.515,1280,2021-05-21 19:15:00,HALO
42.505,42.52,42.505,42.51,911,2021-05-21 19:16:00,HALO
42.51,42.51,42.49,42.51,500,2021-05-21 19:17:00,HALO
42.51,42.56,42.51,42.53,1389,2021-05-21 19:18:00,HALO
42.54,42.54,42.53,42.53,400,2021-05-21 19:19:00,HALO
42.54,42.54,42.52,42.54,500,2021-05-21 19:21:00,HALO
42.52,42.52,42.52,42.52,100,2021-05-21 19:22:00,HALO
42.53,42.55,42.53,42.55,900,2021-05-21 19:23:00,HALO
42.55,42.56,42.55,42.56,200,2021-05-21 19:24:00,HALO
42.57,42.6,42.56,42.58,2204,2021-05-21 19:25:00,HALO
42.6,42.61,42.57,42.58,3200,2021-05-21 19:26:00,HALO
42.59,42.59,42.59,42.59,200,2021-05-21 19:27:00,HALO
42.6,42.6,42.58,42.59,800,2021-05-21 19:28:00,HALO
42.62,42.62,42.59,42.59,500,2021-05-21 19:30:00,HALO
42.59,42.6,42.57,42.5998,1700,2021-05-21 19:31:00,HALO
42.62,42.62,42.59,42.6,1578,2021-05-21 19:32:00,HALO
42.63,42.63,42.6082,42.63,600,2021-05-21 19:33:00,HALO
42.61,42.63,42.6,42.6,1100,2021-05-21 19:34:00,HALO
42.62,42.64,42.62,42.635,1400,2021-05-21 19:35:00,HALO
42.64,42.64,42.64,42.64,200,2021-05-21 19:36:00,HALO
42.62,42.65,42.61,42.63,1600,2021-05-21 19:37:00,HALO
42.62,42.65,42.61,42.61,900,2021-05-21 19:38:00,HALO
42.62,42.64,42.61,42.61,1200,2021-05-21 19:39:00,HALO
42.59,42.6,42.54,42.58,2384,2021-05-21 19:40:00,HALO
42.565,42.565,42.55,42.55,400,2021-05-21 19:41:00,HALO
42.54,42.55,42.515,42.515,1500,2021-05-21 19:42:00,HALO
42.515,42.515,42.51,42.51,500,2021-05-21 19:43:00,HALO
42.52,42.52,42.4547,42.49,2361,2021-05-21 19:44:00,HALO
42.475,42.475,42.4,42.415,1700,2021-05-21 19:45:00,HALO
42.415,42.44,42.41,42.41,1963,2021-05-21 19:46:00,HALO
42.42,42.44,42.41,42.41,1152,2021-05-21 19:47:00,HALO
42.39,42.39,42.38,42.38,500,2021-05-21 19:48:00,HALO
42.37,42.39,42.35,42.37,5402,2021-05-21 19:49:00,HALO
42.37,42.37,42.335,42.36,1600,2021-05-21 19:50:00,HALO
42.36,42.38,42.34,42.36,3200,2021-05-21 19:51:00,HALO
42.37,42.4,42.37,42.4,1871,2021-05-21 19:52:00,HALO
42.4,42.41,42.4,42.4,1695,2021-05-21 19:53:00,HALO
42.4,42.415,42.36,42.36,5613,2021-05-21 19:54:00,HALO
42.3415,42.36,42.33,42.33,3821,2021-05-21 19:55:00,HALO
42.335,42.335,42.27,42.27,6121,2021-05-21 19:56:00,HALO
42.275,42.29,42.27,42.27,5612,2021-05-21 19:57:00,HALO
42.27,42.27,42.24,42.25,5846,2021-05-21 19:58:00,HALO
42.24,42.26,42.18,42.21,17962,2021-05-21 19:59:00,HALO
42.21,42.21,42.21,42.21,73574,2021-05-21 20:00:00,HALO
42.21,42.21,42.21,42.21,1079,2021-05-21 20:01:00,HALO
42.21,42.21,42.21,42.21,606,2021-05-21 20:03:00,HALO
42.51,42.525,42.2501,42.334,5203,2021-05-24 13:30:00,HALO
42.36,42.36,42.0601,42.0601,899,2021-05-24 13:31:00,HALO
42.3,42.3,42.24,42.24,2400,2021-05-24 13:32:00,HALO
42.21,42.21,42.21,42.21,100,2021-05-24 13:33:00,HALO
42.3,42.43,42.3,42.43,500,2021-05-24 13:34:00,HALO
42.41,42.51,42.41,42.51,1557,2021-05-24 13:35:00,HALO
42.385,42.61,42.385,42.61,533,2021-05-24 13:36:00,HALO
42.75,42.84,42.61,42.84,1274,2021-05-24 13:37:00,HALO
42.705,42.89,42.705,42.89,1100,2021-05-24 13:38:00,HALO
42.89,42.89,42.795,42.85,811,2021-05-24 13:39:00,HALO
42.695,42.86,42.695,42.72,1100,2021-05-24 13:40:00,HALO
42.68,42.73,42.68,42.73,312,2021-05-24 13:41:00,HALO
42.703,42.703,42.685,42.685,200,2021-05-24 13:42:00,HALO
42.81,42.81,42.7,42.81,300,2021-05-24 13:43:00,HALO
42.81,42.84,42.7,42.75,2200,2021-05-24 13:44:00,HALO
42.72,42.755,42.68,42.68,1347,2021-05-24 13:45:00,HALO
42.54,42.55,42.455,42.455,800,2021-05-24 13:47:00,HALO
42.43,42.43,42.41,42.41,200,2021-05-24 13:50:00,HALO
42.4,42.47,42.39,42.4,3008,2021-05-24 13:51:00,HALO
42.39,42.39,42.385,42.385,217,2021-05-24 13:52:00,HALO
42.366,42.38,42.366,42.38,495,2021-05-24 13:53:00,HALO
42.35,42.35,42.31,42.31,300,2021-05-24 13:54:00,HALO
42.31,42.41,42.31,42.41,1100,2021-05-24 13:55:00,HALO
42.41,42.47,42.41,42.47,200,2021-05-24 13:56:00,HALO
42.41,42.41,42.41,42.41,100,2021-05-24 13:57:00,HALO
42.42,42.42,42.42,42.42,100,2021-05-24 13:58:00,HALO
42.44,42.44,42.44,42.44,166,2021-05-24 13:59:00,HALO
42.55,42.5756,42.54,42.5756,400,2021-05-24 14:00:00,HALO
42.62,42.62,42.61,42.61,200,2021-05-24 14:02:00,HALO
42.65,42.65,42.58,42.58,400,2021-05-24 14:03:00,HALO
42.55,42.58,42.55,42.58,400,2021-05-24 14:04:00,HALO
42.52,42.52,42.52,42.52,100,2021-05-24 14:06:00,HALO
42.49,42.51,42.48,42.51,600,2021-05-24 14:08:00,HALO
42.54,42.56,42.54,42.56,300,2021-05-24 14:09:00,HALO
42.59,42.68,42.59,42.67,1253,2021-05-24 14:11:00,HALO
42.64,42.65,42.63,42.65,600,2021-05-24 14:14:00,HALO
42.67,42.68,42.67,42.68,200,2021-05-24 14:15:00,HALO
42.68,42.8,42.68,42.8,1618,2021-05-24 14:16:00,HALO
42.8,42.8,42.8,42.8,100,2021-05-24 14:17:00,HALO
42.78,42.78,42.71,42.71,200,2021-05-24 14:18:00,HALO
42.72,42.72,42.63,42.63,500,2021-05-24 14:19:00,HALO
42.61,42.61,42.61,42.61,200,2021-05-24 14:21:00,HALO
42.64,42.64,42.55,42.55,500,2021-05-24 14:22:00,HALO
42.51,42.54,42.51,42.54,600,2021-05-24 14:23:00,HALO
42.495,42.495,42.495,42.495,100,2021-05-24 14:24:00,HALO
42.52,42.53,42.5,42.53,1400,2021-05-24 14:25:00,HALO
42.52,42.56,42.52,42.52,500,2021-05-24 14:26:00,HALO
42.51,42.51,42.46,42.46,600,2021-05-24 14:27:00,HALO
42.4675,42.4675,42.46,42.46,200,2021-05-24 14:30:00,HALO
42.485,42.485,42.4,42.43,400,2021-05-24 14:31:00,HALO
42.4,42.4,42.39,42.39,200,2021-05-24 14:32:00,HALO
42.41,42.45,42.41,42.45,300,2021-05-24 14:33:00,HALO
42.44,42.44,42.43,42.43,400,2021-05-24 14:34:00,HALO
42.38,42.38,42.37,42.37,500,2021-05-24 14:35:00,HALO
42.29,42.42,42.29,42.42,400,2021-05-24 14:37:00,HALO
42.44,42.44,42.44,42.44,200,2021-05-24 14:38:00,HALO
42.44,42.47,42.44,42.47,600,2021-05-24 14:39:00,HALO
42.56,42.57,42.56,42.565,400,2021-05-24 14:40:00,HALO
42.55,42.55,42.55,42.55,100,2021-05-24 14:41:00,HALO
42.48,42.48,42.48,42.48,100,2021-05-24 14:42:00,HALO
42.47,42.5,42.46,42.495,1500,2021-05-24 14:44:00,HALO
42.54,42.54,42.5,42.5,400,2021-05-24 14:46:00,HALO
42.49,42.52,42.49,42.52,786,2021-05-24 14:47:00,HALO
42.45,42.45,42.39,42.39,1028,2021-05-24 14:48:00,HALO
42.36,42.37,42.34,42.34,800,2021-05-24 14:51:00,HALO
42.33,42.42,42.33,42.35,1572,2021-05-24 14:52:00,HALO
42.3601,42.42,42.3601,42.42,300,2021-05-24 14:53:00,HALO
42.38,42.4,42.37,42.37,400,2021-05-24 14:55:00,HALO
42.33,42.34,42.26,42.26,845,2021-05-24 14:56:00,HALO
42.2699,42.2699,42.2699,42.2699,204,2021-05-24 14:57:00,HALO
42.26,42.26,42.23,42.23,700,2021-05-24 14:58:00,HALO
42.205,42.23,42.19,42.22,1400,2021-05-24 14:59:00,HALO
42.28,42.29,42.27,42.27,300,2021-05-24 15:00:00,HALO
42.29,42.35,42.29,42.35,800,2021-05-24 15:01:00,HALO
42.4,42.4,42.4,42.4,300,2021-05-24 15:03:00,HALO
42.38,42.38,42.38,42.38,100,2021-05-24 15:04:00,HALO
42.29,42.29,42.29,42.29,100,2021-05-24 15:06:00,HALO
42.305,42.33,42.3,42.33,1100,2021-05-24 15:07:00,HALO
42.34,42.34,42.29,42.31,900,2021-05-24 15:08:00,HALO
42.29,42.29,42.27,42.27,400,2021-05-24 15:09:00,HALO
42.28,42.285,42.24,42.25,1242,2021-05-24 15:10:00,HALO
42.28,42.28,42.26,42.26,500,2021-05-24 15:11:00,HALO
42.24,42.24,42.24,42.24,100,2021-05-24 15:12:00,HALO
42.26,42.27,42.25,42.25,300,2021-05-24 15:13:00,HALO
42.24,42.29,42.24,42.28,1100,2021-05-24 15:14:00,HALO
42.26,42.29,42.26,42.26,899,2021-05-24 15:15:00,HALO
42.28,42.28,42.275,42.275,200,2021-05-24 15:16:00,HALO
42.29,42.29,42.22,42.22,1100,2021-05-24 15:17:00,HALO
42.26,42.29,42.26,42.29,600,2021-05-24 15:18:00,HALO
42.37,42.37,42.34,42.36,860,2021-05-24 15:19:00,HALO
42.36,42.36,42.33,42.33,600,2021-05-24 15:20:00,HALO
42.36,42.39,42.35,42.35,1000,2021-05-24 15:21:00,HALO
42.32,42.32,42.3,42.3,400,2021-05-24 15:22:00,HALO
42.31,42.31,42.3,42.3,400,2021-05-24 15:23:00,HALO
42.28,42.34,42.28,42.34,1100,2021-05-24 15:24:00,HALO
42.3381,42.35,42.3381,42.35,240,2021-05-24 15:25:00,HALO
42.35,42.35,42.34,42.34,400,2021-05-24 15:26:00,HALO
42.33,42.33,42.325,42.325,600,2021-05-24 15:27:00,HALO
42.3,42.32,42.3,42.31,800,2021-05-24 15:28:00,HALO
42.32,42.34,42.31,42.31,500,2021-05-24 15:29:00,HALO
42.34,42.35,42.32,42.35,800,2021-05-24 15:30:00,HALO
42.34,42.36,42.34,42.36,200,2021-05-24 15:31:00,HALO
42.34,42.34,42.32,42.32,700,2021-05-24 15:32:00,HALO
42.3,42.31,42.29,42.3,600,2021-05-24 15:33:00,HALO
42.325,42.325,42.325,42.325,100,2021-05-24 15:34:00,HALO
42.31,42.32,42.31,42.32,300,2021-05-24 15:35:00,HALO
42.31,42.31,42.24,42.24,1000,2021-05-24 15:36:00,HALO
42.28,42.28,42.24,42.28,1250,2021-05-24 15:37:00,HALO
42.31,42.35,42.31,42.34,1200,2021-05-24 15:39:00,HALO
42.33,42.33,42.32,42.32,700,2021-05-24 15:40:00,HALO
42.31,42.31,42.28,42.28,500,2021-05-24 15:41:00,HALO
42.3,42.3,42.3,42.3,100,2021-05-24 15:43:00,HALO
42.31,42.31,42.3,42.3,200,2021-05-24 15:44:00,HALO
42.3,42.32,42.29,42.31,900,2021-05-24 15:45:00,HALO
42.315,42.315,42.315,42.315,101,2021-05-24 15:46:00,HALO
42.31,42.31,42.3,42.3,600,2021-05-24 15:47:00,HALO
42.32,42.34,42.32,42.34,1000,2021-05-24 15:48:00,HALO
42.35,42.35,42.34,42.35,1982,2021-05-24 15:49:00,HALO
42.33,42.35,42.31,42.35,1103,2021-05-24 15:50:00,HALO
42.33,42.33,42.32,42.32,838,2021-05-24 15:52:00,HALO
42.32,42.32,42.31,42.31,200,2021-05-24 15:53:00,HALO
42.31,42.35,42.305,42.35,1400,2021-05-24 15:54:00,HALO
42.35,42.35,42.33,42.33,900,2021-05-24 15:56:00,HALO
42.35,42.38,42.35,42.38,1177,2021-05-24 15:57:00,HALO
42.37,42.37,42.33,42.33,300,2021-05-24 15:58:00,HALO
42.33,42.33,42.31,42.315,700,2021-05-24 15:59:00,HALO
42.315,42.33,42.315,42.33,200,2021-05-24 16:00:00,HALO
42.32,42.33,42.32,42.33,200,2021-05-24 16:01:00,HALO
42.32,42.32,42.32,42.32,200,2021-05-24 16:02:00,HALO
42.335,42.34,42.33,42.33,300,2021-05-24 16:03:00,HALO
42.33,42.33,42.31,42.31,400,2021-05-24 16:05:00,HALO
42.3,42.3,42.18,42.23,938,2021-05-24 16:06:00,HALO
42.2,42.2,42.17,42.17,600,2021-05-24 16:07:00,HALO
42.2,42.2,42.2,42.2,300,2021-05-24 16:08:00,HALO
42.16,42.16,42.16,42.16,100,2021-05-24 16:10:00,HALO
42.16,42.16,42.16,42.16,400,2021-05-24 16:11:00,HALO
42.14,42.14,42.1,42.1,628,2021-05-24 16:12:00,HALO
42.11,42.11,42.11,42.11,100,2021-05-24 16:13:00,HALO
42.05,42.05,42.05,42.05,200,2021-05-24 16:14:00,HALO
42.08,42.12,42.08,42.12,1300,2021-05-24 16:15:00,HALO
42.12,42.13,42.12,42.13,300,2021-05-24 16:16:00,HALO
42.1418,42.16,42.1418,42.16,600,2021-05-24 16:17:00,HALO
42.18,42.18,42.18,42.18,200,2021-05-24 16:18:00,HALO
42.17,42.17,42.15,42.15,699,2021-05-24 16:19:00,HALO
42.14,42.15,42.11,42.15,700,2021-05-24 16:21:00,HALO
42.15,42.15,42.15,42.15,100,2021-05-24 16:22:00,HALO
42.135,42.135,42.11,42.11,400,2021-05-24 16:23:00,HALO
42.1,42.1,42.1,42.1,400,2021-05-24 16:24:00,HALO
42.07,42.08,42.07,42.08,300,2021-05-24 16:25:00,HALO
42.05,42.07,42.05,42.06,1100,2021-05-24 16:26:00,HALO
42.04,42.05,42.04,42.04,400,2021-05-24 16:28:00,HALO
42.02,42.07,42.02,42.07,700,2021-05-24 16:29:00,HALO
42.05,42.05,42.05,42.05,200,2021-05-24 16:30:00,HALO
42.06,42.06,42.06,42.06,100,2021-05-24 16:31:00,HALO
42.065,42.065,42.065,42.065,100,2021-05-24 16:32:00,HALO
42.065,42.065,42.065,42.065,100,2021-05-24 16:33:00,HALO
42.06,42.08,42.06,42.07,400,2021-05-24 16:34:00,HALO
42.05,42.065,42.04,42.065,1206,2021-05-24 16:35:00,HALO
42.08,42.08,42.06,42.06,200,2021-05-24 16:36:00,HALO
42.04,42.07,42.04,42.07,300,2021-05-24 16:37:00,HALO
42.07,42.08,42.06,42.08,500,2021-05-24 16:38:00,HALO
42.09,42.11,42.09,42.11,1052,2021-05-24 16:39:00,HALO
42.1,42.1,42.1,42.1,100,2021-05-24 16:40:00,HALO
42.09,42.12,42.09,42.12,600,2021-05-24 16:41:00,HALO
42.13,42.14,42.13,42.14,500,2021-05-24 16:42:00,HALO
42.12,42.13,42.11,42.13,1043,2021-05-24 16:44:00,HALO
42.15,42.15,42.11,42.12,2050,2021-05-24 16:45:00,HALO
42.11,42.15,42.11,42.15,900,2021-05-24 16:47:00,HALO
42.14,42.14,42.14,42.14,200,2021-05-24 16:48:00,HALO
42.15,42.17,42.15,42.17,200,2021-05-24 16:50:00,HALO
42.165,42.165,42.13,42.13,300,2021-05-24 16:51:00,HALO
42.14,42.15,42.14,42.14,500,2021-05-24 16:52:00,HALO
42.16,42.16,42.16,42.16,300,2021-05-24 16:53:00,HALO
42.18,42.2,42.18,42.19,1100,2021-05-24 16:54:00,HALO
42.1647,42.1647,42.1647,42.1647,280,2021-05-24 16:55:00,HALO
42.19,42.19,42.19,42.19,100,2021-05-24 16:56:00,HALO
42.195,42.22,42.195,42.22,400,2021-05-24 16:58:00,HALO
42.225,42.225,42.225,42.225,200,2021-05-24 16:59:00,HALO
42.23,42.24,42.23,42.24,800,2021-05-24 17:00:00,HALO
42.25,42.25,42.22,42.22,1443,2021-05-24 17:01:00,HALO
42.25,42.26,42.25,42.26,200,2021-05-24 17:02:00,HALO
42.26,42.26,42.21,42.21,800,2021-05-24 17:03:00,HALO
42.23,42.23,42.23,42.23,100,2021-05-24 17:04:00,HALO
42.23,42.23,42.1875,42.1875,500,2021-05-24 17:05:00,HALO
42.16,42.16,42.16,42.16,100,2021-05-24 17:06:00,HALO
42.15,42.19,42.15,42.165,1632,2021-05-24 17:07:00,HALO
42.16,42.18,42.16,42.17,2000,2021-05-24 17:09:00,HALO
42.165,42.17,42.165,42.17,700,2021-05-24 17:10:00,HALO
42.18,42.19,42.18,42.19,500,2021-05-24 17:11:00,HALO
42.185,42.185,42.16,42.16,391,2021-05-24 17:12:00,HALO
42.1799,42.1799,42.1799,42.1799,100,2021-05-24 17:13:00,HALO
42.15,42.15,42.13,42.13,746,2021-05-24 17:14:00,HALO
42.12,42.12,42.12,42.12,200,2021-05-24 17:15:00,HALO
42.11,42.13,42.11,42.13,249,2021-05-24 17:16:00,HALO
42.14,42.155,42.14,42.155,900,2021-05-24 17:17:00,HALO
42.16,42.17,42.16,42.17,200,2021-05-24 17:18:00,HALO
42.16,42.16,42.16,42.16,298,2021-05-24 17:19:00,HALO
42.15,42.15,42.15,42.15,100,2021-05-24 17:20:00,HALO
42.17,42.17,42.16,42.16,200,2021-05-24 17:21:00,HALO
42.17,42.17,42.17,42.17,200,2021-05-24 17:22:00,HALO
42.18,42.18,42.17,42.17,600,2021-05-24 17:23:00,HALO
42.175,42.175,42.16,42.16,500,2021-05-24 17:24:00,HALO
42.15,42.15,42.15,42.15,546,2021-05-24 17:25:00,HALO
42.16,42.18,42.16,42.17,909,2021-05-24 17:26:00,HALO
42.18,42.19,42.18,42.19,600,2021-05-24 17:29:00,HALO
42.18,42.19,42.18,42.19,1010,2021-05-24 17:30:00,HALO
42.18,42.18,42.18,42.18,100,2021-05-24 17:31:00,HALO
42.17,42.18,42.16,42.1675,800,2021-05-24 17:32:00,HALO
42.175,42.19,42.17,42.18,6306,2021-05-24 17:33:00,HALO
42.165,42.19,42.16,42.19,775,2021-05-24 17:34:00,HALO
42.18,42.18,42.18,42.18,200,2021-05-24 17:35:00,HALO
42.16,42.16,42.15,42.15,831,2021-05-24 17:36:00,HALO
42.14,42.14,42.14,42.14,100,2021-05-24 17:38:00,HALO
42.13,42.13,42.13,42.13,100,2021-05-24 17:39:00,HALO
42.12,42.14,42.12,42.14,1430,2021-05-24 17:40:00,HALO
42.09,42.1,42.09,42.1,300,2021-05-24 17:41:00,HALO
42.1,42.14,42.09,42.12,900,2021-05-24 17:42:00,HALO
42.13,42.14,42.12,42.14,400,2021-05-24 17:44:00,HALO
42.13,42.135,42.13,42.135,200,2021-05-24 17:46:00,HALO
42.15,42.16,42.14,42.16,530,2021-05-24 17:47:00,HALO
42.14,42.17,42.14,42.17,320,2021-05-24 17:48:00,HALO
42.19,42.19,42.19,42.19,300,2021-05-24 17:49:00,HALO
42.18,42.18,42.18,42.18,100,2021-05-24 17:50:00,HALO
42.17,42.17,42.17,42.17,100,2021-05-24 17:51:00,HALO
42.19,42.19,42.19,42.19,200,2021-05-24 17:52:00,HALO
42.17,42.17,42.16,42.165,500,2021-05-24 17:53:00,HALO
42.18,42.18,42.18,42.18,100,2021-05-24 17:55:00,HALO
42.16,42.16,42.14,42.155,600,2021-05-24 17:56:00,HALO
42.145,42.145,42.145,42.145,300,2021-05-24 17:57:00,HALO
42.15,42.16,42.15,42.16,3442,2021-05-24 17:58:00,HALO
42.2,42.21,42.2,42.2,300,2021-05-24 17:59:00,HALO
42.21,42.21,42.21,42.21,200,2021-05-24 18:00:00,HALO
42.21,42.215,42.19,42.195,1335,2021-05-24 18:01:00,HALO
42.18,42.19,42.16,42.16,1549,2021-05-24 18:03:00,HALO
42.18,42.19,42.14,42.14,1084,2021-05-24 18:04:00,HALO
42.14,42.14,42.14,42.14,400,2021-05-24 18:05:00,HALO
42.12,42.15,42.12,42.135,1819,2021-05-24 18:07:00,HALO
42.15,42.15,42.11,42.11,1955,2021-05-24 18:08:00,HALO
42.11,42.11,42.11,42.11,200,2021-05-24 18:09:00,HALO
42.11,42.12,42.11,42.12,300,2021-05-24 18:11:00,HALO
42.14,42.14,42.1175,42.13,600,2021-05-24 18:12:00,HALO
42.13,42.13,42.12,42.12,500,2021-05-24 18:13:00,HALO
42.11,42.14,42.11,42.13,300,2021-05-24 18:14:00,HALO
42.11,42.14,42.11,42.14,700,2021-05-24 18:15:00,HALO
42.14,42.14,42.12,42.12,700,2021-05-24 18:16:00,HALO
42.14,42.14,42.14,42.14,100,2021-05-24 18:17:00,HALO
42.14,42.155,42.14,42.155,200,2021-05-24 18:18:00,HALO
42.15,42.15,42.14,42.14,300,2021-05-24 18:19:00,HALO
42.175,42.19,42.16,42.16,1000,2021-05-24 18:21:00,HALO
42.16,42.16,42.14,42.16,555,2021-05-24 18:22:00,HALO
42.16,42.16,42.15,42.16,600,2021-05-24 18:23:00,HALO
42.1503,42.155,42.1503,42.155,300,2021-05-24 18:24:00,HALO
42.155,42.155,42.14,42.14,200,2021-05-24 18:25:00,HALO
42.15,42.16,42.14,42.16,800,2021-05-24 18:26:00,HALO
42.17,42.17,42.17,42.17,200,2021-05-24 18:27:00,HALO
42.16,42.16,42.16,42.16,100,2021-05-24 18:28:00,HALO
42.14,42.14,42.14,42.14,100,2021-05-24 18:29:00,HALO
42.14,42.17,42.14,42.14,635,2021-05-24 18:30:00,HALO
42.165,42.165,42.165,42.165,100,2021-05-24 18:31:00,HALO
42.16,42.17,42.15,42.16,3191,2021-05-24 18:32:00,HALO
42.155,42.155,42.13,42.15,2631,2021-05-24 18:33:00,HALO
42.16,42.16,42.16,42.16,200,2021-05-24 18:34:00,HALO
42.15,42.15,42.11,42.12,2400,2021-05-24 18:35:00,HALO
42.12,42.12,42.11,42.12,1550,2021-05-24 18:36:00,HALO
42.12,42.12,42.115,42.115,1197,2021-05-24 18:37:00,HALO
42.115,42.12,42.1,42.1,1879,2021-05-24 18:38:00,HALO
42.09,42.09,42.06,42.06,1799,2021-05-24 18:39:00,HALO
42.06,42.065,42.05,42.05,600,2021-05-24 18:40:00,HALO
42.06,42.07,42.0472,42.06,3587,2021-05-24 18:41:00,HALO
42.065,42.065,42.06,42.06,400,2021-05-24 18:42:00,HALO
42.065,42.0723,42.06,42.06,878,2021-05-24 18:43:00,HALO
42.05,42.05,42.05,42.05,300,2021-05-24 18:44:00,HALO
42.06,42.07,42.06,42.065,600,2021-05-24 18:45:00,HALO
42.07,42.08,42.07,42.07,1725,2021-05-24 18:46:00,HALO
42.075,42.075,42.06,42.06,300,2021-05-24 18:47:00,HALO
42.07,42.07,42.06,42.06,400,2021-05-24 18:48:00,HALO
42.07,42.08,42.07,42.07,902,2021-05-24 18:49:00,HALO
42.08,42.085,42.065,42.08,3496,2021-05-24 18:50:00,HALO
42.08,42.1,42.08,42.1,869,2021-05-24 18:51:00,HALO
42.11,42.12,42.11,42.12,700,2021-05-24 18:52:00,HALO
42.145,42.16,42.145,42.15,500,2021-05-24 18:53:00,HALO
42.155,42.1575,42.155,42.155,400,2021-05-24 18:54:00,HALO
42.155,42.17,42.13,42.13,1300,2021-05-24 18:55:00,HALO
42.135,42.155,42.13,42.15,2503,2021-05-24 18:56:00,HALO
42.145,42.145,42.14,42.145,500,2021-05-24 18:57:00,HALO
42.145,42.15,42.125,42.13,1900,2021-05-24 18:58:00,HALO
42.13,42.13,42.08,42.08,2360,2021-05-24 18:59:00,HALO
42.07,42.11,42.06,42.085,2813,2021-05-24 19:00:00,HALO
42.06,42.1,42.06,42.075,1291,2021-05-24 19:01:00,HALO
42.06,42.09,42.06,42.07,1152,2021-05-24 19:02:00,HALO
42.07,42.07,42.06,42.07,723,2021-05-24 19:03:00,HALO
42.07,42.08,42.07,42.08,700,2021-05-24 19:04:00,HALO
42.075,42.12,42.075,42.12,500,2021-05-24 19:05:00,HALO
42.125,42.13,42.11,42.13,877,2021-05-24 19:06:00,HALO
42.12,42.14,42.12,42.14,400,2021-05-24 19:07:00,HALO
42.145,42.155,42.145,42.155,300,2021-05-24 19:08:00,HALO
42.185,42.2,42.166,42.19,700,2021-05-24 19:09:00,HALO
42.19,42.22,42.19,42.21,1200,2021-05-24 19:11:00,HALO
42.25,42.28,42.25,42.27,700,2021-05-24 19:12:00,HALO
42.27,42.28,42.23,42.25,3801,2021-05-24 19:13:00,HALO
42.2503,42.2503,42.2503,42.2503,140,2021-05-24 19:14:00,HALO
42.24,42.26,42.24,42.25,800,2021-05-24 19:15:00,HALO
42.24,42.25,42.22,42.24,850,2021-05-24 19:16:00,HALO
42.25,42.26,42.24,42.26,1100,2021-05-24 19:17:00,HALO
42.26,42.26,42.23,42.23,800,2021-05-24 19:18:00,HALO
42.22,42.22,42.19,42.19,1100,2021-05-24 19:19:00,HALO
42.165,42.17,42.165,42.17,300,2021-05-24 19:20:00,HALO
42.15,42.19,42.15,42.19,1100,2021-05-24 19:22:00,HALO
42.18,42.18,42.18,42.18,600,2021-05-24 19:23:00,HALO
42.19,42.19,42.17,42.19,800,2021-05-24 19:24:00,HALO
42.24,42.25,42.23,42.23,700,2021-05-24 19:25:00,HALO
42.23,42.24,42.23,42.23,600,2021-05-24 19:26:00,HALO
42.24,42.24,42.21,42.23,1496,2021-05-24 19:27:00,HALO
42.235,42.2487,42.23,42.24,800,2021-05-24 19:28:00,HALO
42.23,42.24,42.23,42.24,400,2021-05-24 19:29:00,HALO
42.24,42.24,42.2,42.2306,1400,2021-05-24 19:30:00,HALO
42.22,42.22,42.19,42.19,733,2021-05-24 19:31:00,HALO
42.18,42.18,42.15,42.15,800,2021-05-24 19:32:00,HALO
42.12,42.12,42.12,42.12,500,2021-05-24 19:33:00,HALO
42.11,42.15,42.11,42.15,2000,2021-05-24 19:34:00,HALO
42.17,42.22,42.17,42.22,1300,2021-05-24 19:35:00,HALO
42.19,42.2,42.17,42.185,1100,2021-05-24 19:36:00,HALO
42.18,42.185,42.18,42.18,300,2021-05-24 19:37:00,HALO
42.17,42.17,42.13,42.13,1637,2021-05-24 19:38:00,HALO
42.09,42.09,42.09,42.09,100,2021-05-24 19:39:00,HALO
42.09,42.105,42.08,42.105,600,2021-05-24 19:40:00,HALO
42.105,42.1075,42.05,42.05,1610,2021-05-24 19:41:00,HALO
42.05,42.06,42.03,42.03,1047,2021-05-24 19:42:00,HALO
42.02,42.035,42.02,42.02,1400,2021-05-24 19:43:00,HALO
42.0,42.02,42.0,42.0,2283,2021-05-24 19:44:00,HALO
42.01,42.02,42.01,42.01,1600,2021-05-24 19:45:00,HALO
42.0,42.07,42.0,42.07,1484,2021-05-24 19:46:00,HALO
42.06,42.08,42.04,42.08,949,2021-05-24 19:47:00,HALO
42.07,42.08,42.05,42.06,1857,2021-05-24 19:48:00,HALO
42.04,42.05,42.04,42.04,600,2021-05-24 19:49:00,HALO
42.04,42.04,42.01,42.03,3456,2021-05-24 19:50:00,HALO
42.03,42.03,42.0,42.01,900,2021-05-24 19:51:00,HALO
42.01,42.02,42.01,42.01,2239,2021-05-24 19:52:00,HALO
42.01,42.05,42.01,42.03,1905,2021-05-24 19:53:00,HALO
42.015,42.03,42.0,42.03,3357,2021-05-24 19:54:00,HALO
42.025,42.03,41.96,41.96,8228,2021-05-24 19:55:00,HALO
41.97,41.99,41.96,41.97,6752,2021-05-24 19:56:00,HALO
41.97,41.97,41.87,41.89,7661,2021-05-24 19:57:00,HALO
41.87,41.91,41.86,41.86,7224,2021-05-24 19:58:00,HALO
41.85,41.94,41.83,41.94,15933,2021-05-24 19:59:00,HALO
41.94,41.94,41.94,41.94,79476,2021-05-24 20:00:00,HALO
41.94,41.94,41.94,41.94,6655,2021-05-24 21:07:00,HALO
42.23,42.68,42.21,42.21,6852,2021-05-25 13:30:00,HALO
42.07,42.19,42.07,42.13,800,2021-05-25 13:31:00,HALO
42.155,42.16,42.155,42.16,600,2021-05-25 13:32:00,HALO
42.18,42.18,42.04,42.08,800,2021-05-25 13:33:00,HALO
42.0,42.21,42.0,42.2,5950,2021-05-25 13:35:00,HALO
42.1997,42.27,42.19,42.21,6835,2021-05-25 13:36:00,HALO
42.21,42.25,42.21,42.21,800,2021-05-25 13:37:00,HALO
42.21,42.32,42.21,42.315,1500,2021-05-25 13:38:00,HALO
42.33,42.33,42.33,42.33,100,2021-05-25 13:39:00,HALO
42.3378,42.3378,42.3378,42.3378,299,2021-05-25 13:40:00,HALO
42.4,42.4,42.4,42.4,100,2021-05-25 13:41:00,HALO
42.46,42.46,42.43,42.43,300,2021-05-25 13:42:00,HALO
42.435,42.47,42.435,42.455,700,2021-05-25 13:43:00,HALO
42.455,42.47,42.39,42.41,500,2021-05-25 13:44:00,HALO
42.37,42.37,42.37,42.37,400,2021-05-25 13:45:00,HALO
42.35,42.42,42.32,42.42,1255,2021-05-25 13:46:00,HALO
42.4,42.43,42.4,42.42,1006,2021-05-25 13:47:00,HALO
42.38,42.38,42.38,42.38,100,2021-05-25 13:48:00,HALO
42.38,42.42,42.34,42.345,1000,2021-05-25 13:49:00,HALO
42.3,42.3,42.23,42.23,1029,2021-05-25 13:50:00,HALO
42.25,42.25,42.1,42.1,800,2021-05-25 13:51:00,HALO
42.14,42.16,42.09,42.11,618,2021-05-25 13:52:00,HALO
42.11,42.12,42.11,42.12,300,2021-05-25 13:54:00,HALO
42.17,42.17,42.135,42.135,200,2021-05-25 13:55:00,HALO
42.1,42.13,42.08,42.08,400,2021-05-25 13:56:00,HALO
42.1,42.1,42.0626,42.0626,341,2021-05-25 13:57:00,HALO
42.05,42.05,41.99,42.0,1010,2021-05-25 13:58:00,HALO
42.03,42.04,41.99,42.005,700,2021-05-25 14:00:00,HALO
42.05,42.05,42.05,42.05,100,2021-05-25 14:01:00,HALO
41.97,41.97,41.97,41.97,200,2021-05-25 14:02:00,HALO
41.95,42.0,41.95,41.98,1590,2021-05-25 14:03:00,HALO
41.8905,41.8905,41.86,41.86,1899,2021-05-25 14:04:00,HALO
41.89,41.89,41.89,41.89,200,2021-05-25 14:05:00,HALO
41.8962,41.92,41.885,41.91,603,2021-05-25 14:06:00,HALO
41.94,41.94,41.94,41.94,400,2021-05-25 14:07:00,HALO
41.93,41.97,41.93,41.9486,499,2021-05-25 14:08:00,HALO
41.94,41.94,41.92,41.92,404,2021-05-25 14:09:00,HALO
41.975,41.975,41.975,41.975,200,2021-05-25 14:10:00,HALO
41.97,41.97,41.97,41.97,200,2021-05-25 14:11:00,HALO
42.01,42.05,42.01,42.04,819,2021-05-25 14:12:00,HALO
42.02,42.02,42.01,42.01,300,2021-05-25 14:13:00,HALO
42.05,42.05,42.05,42.05,300,2021-05-25 14:14:00,HALO
42.11,42.11,42.09,42.09,690,2021-05-25 14:15:00,HALO
42.06,42.06,42.05,42.05,200,2021-05-25 14:16:00,HALO
42.0,42.005,42.0,42.0,411,2021-05-25 14:17:00,HALO
42.01,42.01,41.96,41.96,1036,2021-05-25 14:19:00,HALO
41.98,42.0,41.98,41.995,803,2021-05-25 14:20:00,HALO
41.97,42.03,41.97,42.03,1539,2021-05-25 14:21:00,HALO
42.06,42.08,42.06,42.06,811,2021-05-25 14:22:00,HALO
42.075,42.08,42.06,42.07,1318,2021-05-25 14:24:00,HALO
42.08,42.08,42.0575,42.0575,730,2021-05-25 14:25:00,HALO
42.065,42.065,41.953,41.953,1107,2021-05-25 14:26:00,HALO
42.0,42.01,41.985,42.0,2148,2021-05-25 14:27:00,HALO
41.97,41.97,41.97,41.97,200,2021-05-25 14:28:00,HALO
41.95,41.97,41.94,41.95,1858,2021-05-25 14:29:00,HALO
41.97,41.97,41.97,41.97,200,2021-05-25 14:30:00,HALO
41.91,41.94,41.9,41.94,300,2021-05-25 14:31:00,HALO
41.88,41.88,41.88,41.88,400,2021-05-25 14:32:00,HALO
41.83,41.83,41.8,41.83,638,2021-05-25 14:33:00,HALO
41.82,41.83,41.77,41.77,915,2021-05-25 14:34:00,HALO
41.79,41.79,41.775,41.775,300,2021-05-25 14:35:00,HALO
41.8,41.8,41.755,41.755,1711,2021-05-25 14:36:00,HALO
41.78,41.78,41.77,41.77,1000,2021-05-25 14:37:00,HALO
41.77,41.775,41.77,41.775,1000,2021-05-25 14:38:00,HALO
41.77,41.85,41.77,41.85,3687,2021-05-25 14:39:00,HALO
41.845,41.87,41.785,41.785,1000,2021-05-25 14:40:00,HALO
41.77,41.78,41.74,41.78,1350,2021-05-25 14:42:00,HALO
41.82,41.82,41.795,41.8,1130,2021-05-25 14:43:00,HALO
41.8,41.835,41.78,41.795,3887,2021-05-25 14:44:00,HALO
41.8,41.8,41.78,41.785,1770,2021-05-25 14:45:00,HALO
41.76,41.76,41.73,41.75,900,2021-05-25 14:46:00,HALO
41.72,41.76,41.72,41.76,1300,2021-05-25 14:47:00,HALO
41.76,41.76,41.74,41.74,800,2021-05-25 14:49:00,HALO
41.76,41.775,41.75,41.76,1000,2021-05-25 14:50:00,HALO
41.765,41.765,41.73,41.76,400,2021-05-25 14:51:00,HALO
41.78,41.79,41.75,41.76,4372,2021-05-25 14:53:00,HALO
41.74,41.78,41.74,41.76,611,2021-05-25 14:54:00,HALO
41.755,41.83,41.755,41.81,1600,2021-05-25 14:55:00,HALO
41.8377,41.89,41.8377,41.86,2440,2021-05-25 14:56:00,HALO
41.885,41.885,41.885,41.885,100,2021-05-25 14:57:00,HALO
41.885,41.91,41.885,41.9,800,2021-05-25 14:58:00,HALO
41.895,41.9,41.87,41.885,617,2021-05-25 14:59:00,HALO
41.885,41.89,41.87,41.87,303,2021-05-25 15:00:00,HALO
41.87,41.87,41.81,41.85,1100,2021-05-25 15:01:00,HALO
41.84,41.84,41.84,41.84,100,2021-05-25 15:02:00,HALO
41.85,41.865,41.81,41.81,2570,2021-05-25 15:03:00,HALO
41.8,41.83,41.795,41.795,500,2021-05-25 15:04:00,HALO
41.79,41.79,41.79,41.79,200,2021-05-25 15:05:00,HALO
41.78,41.79,41.74,41.75,860,2021-05-25 15:06:00,HALO
41.72,41.73,41.71,41.73,400,2021-05-25 15:07:00,HALO
41.75,41.75,41.75,41.75,300,2021-05-25 15:08:00,HALO
41.74,41.75,41.74,41.75,500,2021-05-25 15:09:00,HALO
41.755,41.755,41.75,41.75,402,2021-05-25 15:10:00,HALO
41.76,41.765,41.75,41.75,300,2021-05-25 15:11:00,HALO
41.745,41.745,41.71,41.71,700,2021-05-25 15:12:00,HALO
41.73,41.74,41.73,41.74,300,2021-05-25 15:13:00,HALO
41.755,41.76,41.75,41.76,300,2021-05-25 15:14:00,HALO
41.71,41.71,41.7,41.7,200,2021-05-25 15:15:00,HALO
41.65,41.65,41.64,41.65,300,2021-05-25 15:16:00,HALO
41.65,41.66,41.65,41.66,3920,2021-05-25 15:17:00,HALO
41.655,41.66,41.655,41.66,300,2021-05-25 15:18:00,HALO
41.66,41.69,41.655,41.675,3600,2021-05-25 15:19:00,HALO
41.71,41.75,41.7,41.75,2300,2021-05-25 15:20:00,HALO
41.78,41.785,41.78,41.785,541,2021-05-25 15:21:00,HALO
41.8,41.8,41.77,41.785,2900,2021-05-25 15:22:00,HALO
41.78,41.81,41.75,41.76,33753,2021-05-25 15:24:00,HALO
41.755,41.79,41.755,41.79,500,2021-05-25 15:25:00,HALO
41.775,41.8,41.775,41.8,900,2021-05-25 15:26:00,HALO
41.84,41.855,41.82,41.83,2310,2021-05-25 15:27:00,HALO
41.82,41.825,41.82,41.825,834,2021-05-25 15:28:00,HALO
41.85,41.855,41.825,41.84,600,2021-05-25 15:29:00,HALO
41.86,41.86,41.86,41.86,100,2021-05-25 15:30:00,HALO
41.86,41.86,41.82,41.82,1300,2021-05-25 15:31:00,HALO
41.8,41.81,41.78,41.78,67305,2021-05-25 15:32:00,HALO
41.74,41.8,41.7,41.71,67900,2021-05-25 15:33:00,HALO
41.73,41.84,41.73,41.83,5302,2021-05-25 15:34:00,HALO
41.85,41.89,41.85,41.875,1460,2021-05-25 15:35:00,HALO
41.91,41.93,41.91,41.93,900,2021-05-25 15:36:00,HALO
41.93,41.98,41.93,41.96,2817,2021-05-25 15:37:00,HALO
41.985,41.99,41.97,41.99,400,2021-05-25 15:39:00,HALO
41.98,42.045,41.98,42.045,2139,2021-05-25 15:40:00,HALO
42.055,42.055,42.055,42.055,200,2021-05-25 15:41:00,HALO
42.045,42.06,42.02,42.02,300,2021-05-25 15:42:00,HALO
42.02,42.04,42.01,42.04,500,2021-05-25 15:43:00,HALO
42.07,42.15,42.03,42.145,800,2021-05-25 15:44:00,HALO
42.135,42.1897,42.135,42.14,1400,2021-05-25 15:45:00,HALO
42.16,42.16,42.16,42.16,100,2021-05-25 15:46:00,HALO
42.155,42.155,42.14,42.14,339,2021-05-25 15:47:00,HALO
42.11,42.11,42.07,42.11,1840,2021-05-25 15:48:00,HALO
42.1,42.11,42.07,42.11,1095,2021-05-25 15:49:00,HALO
42.07,42.07,42.05,42.05,300,2021-05-25 15:51:00,HALO
42.035,42.08,42.03,42.075,600,2021-05-25 15:52:00,HALO
42.06,42.06,42.05,42.05,300,2021-05-25 15:53:00,HALO
42.085,42.135,42.085,42.135,4380,2021-05-25 15:54:00,HALO
42.18,42.18,42.18,42.18,100,2021-05-25 15:56:00,HALO
42.21,42.23,42.15,42.23,2972,2021-05-25 15:57:00,HALO
42.25,42.2525,42.25,42.2525,400,2021-05-25 15:58:00,HALO
42.29,42.29,42.25,42.29,3053,2021-05-25 15:59:00,HALO
42.29,42.32,42.29,42.29,400,2021-05-25 16:00:00,HALO
42.27,42.32,42.27,42.32,500,2021-05-25 16:01:00,HALO
42.32,42.35,42.32,42.33,300,2021-05-25 16:02:00,HALO
42.32,42.39,42.32,42.39,1400,2021-05-25 16:04:00,HALO
42.39,42.39,42.39,42.39,200,2021-05-25 16:05:00,HALO
42.36,42.36,42.36,42.36,100,2021-05-25 16:06:00,HALO
42.41,42.41,42.35,42.375,13741,2021-05-25 16:09:00,HALO
42.35,42.35,42.31,42.35,2118,2021-05-25 16:10:00,HALO
42.34,42.34,42.34,42.34,300,2021-05-25 16:11:00,HALO
42.32,42.3325,42.32,42.3325,500,2021-05-25 16:12:00,HALO
42.37,42.37,42.37,42.37,200,2021-05-25 16:14:00,HALO
42.3798,42.38,42.36,42.37,1100,2021-05-25 16:15:00,HALO
42.35,42.36,42.35,42.36,200,2021-05-25 16:16:00,HALO
42.34,42.38,42.34,42.38,800,2021-05-25 16:17:00,HALO
42.33,42.33,42.33,42.33,200,2021-05-25 16:18:00,HALO
42.31,42.32,42.31,42.32,700,2021-05-25 16:19:00,HALO
42.33,42.34,42.33,42.34,600,2021-05-25 16:20:00,HALO
42.34,42.34,42.34,42.34,100,2021-05-25 16:21:00,HALO
42.35,42.38,42.34,42.38,900,2021-05-25 16:22:00,HALO
42.36,42.36,42.36,42.36,200,2021-05-25 16:23:00,HALO
42.36,42.36,42.36,42.36,100,2021-05-25 16:25:00,HALO
42.39,42.42,42.39,42.4,782,2021-05-25 16:26:00,HALO
42.385,42.385,42.38,42.38,200,2021-05-25 16:27:00,HALO
42.4,42.435,42.4,42.435,200,2021-05-25 16:28:00,HALO
42.47,42.485,42.47,42.47,400,2021-05-25 16:31:00,HALO
42.47,42.47,42.47,42.47,104,2021-05-25 16:32:00,HALO
42.5,42.5,42.48,42.48,300,2021-05-25 16:33:00,HALO
42.52,42.52,42.52,42.52,100,2021-05-25 16:34:00,HALO
42.48,42.48,42.45,42.45,300,2021-05-25 16:35:00,HALO
42.47,42.49,42.47,42.47,600,2021-05-25 16:36:00,HALO
42.43,42.43,42.43,42.43,100,2021-05-25 16:37:00,HALO
42.435,42.435,42.415,42.42,1647,2021-05-25 16:38:00,HALO
42.46,42.49,42.45,42.49,2300,2021-05-25 16:40:00,HALO
42.4801,42.4801,42.48,42.48,746,2021-05-25 16:44:00,HALO
42.475,42.5,42.475,42.5,700,2021-05-25 16:45:00,HALO
42.4717,42.49,42.47,42.47,2629,2021-05-25 16:46:00,HALO
42.485,42.51,42.47,42.51,1200,2021-05-25 16:47:00,HALO
42.53,42.54,42.485,42.485,719,2021-05-25 16:48:00,HALO
42.49,42.49,42.49,42.49,100,2021-05-25 16:49:00,HALO
42.51,42.53,42.51,42.515,634,2021-05-25 16:52:00,HALO
42.47,42.5,42.47,42.5,451,2021-05-25 16:54:00,HALO
42.51,42.52,42.495,42.5,1340,2021-05-25 16:55:00,HALO
42.425,42.425,42.425,42.425,127,2021-05-25 16:57:00,HALO
42.45,42.46,42.43,42.43,400,2021-05-25 16:58:00,HALO
42.43,42.445,42.43,42.445,258,2021-05-25 16:59:00,HALO
42.43,42.44,42.41,42.44,456,2021-05-25 17:00:00,HALO
42.41,42.42,42.41,42.42,531,2021-05-25 17:01:00,HALO
42.37,42.43,42.36,42.39,1720,2021-05-25 17:03:00,HALO
42.39,42.39,42.3562,42.37,4349,2021-05-25 17:05:00,HALO
42.395,42.42,42.395,42.42,610,2021-05-25 17:06:00,HALO
42.44,42.45,42.44,42.45,400,2021-05-25 17:07:00,HALO
42.475,42.475,42.47,42.47,350,2021-05-25 17:09:00,HALO
42.48,42.495,42.48,42.48,500,2021-05-25 17:10:00,HALO
42.52,42.52,42.52,42.52,100,2021-05-25 17:11:00,HALO
42.52,42.535,42.52,42.52,400,2021-05-25 17:12:00,HALO
42.54,42.54,42.51,42.51,400,2021-05-25 17:15:00,HALO
42.53,42.53,42.5,42.5,200,2021-05-25 17:16:00,HALO
42.53,42.54,42.53,42.54,700,2021-05-25 17:17:00,HALO
42.5,42.53,42.5,42.53,400,2021-05-25 17:18:00,HALO
42.53,42.55,42.53,42.55,420,2021-05-25 17:19:00,HALO
42.55,42.58,42.54,42.55,1504,2021-05-25 17:20:00,HALO
42.565,42.565,42.565,42.565,100,2021-05-25 17:22:00,HALO
42.54,42.54,42.54,42.54,400,2021-05-25 17:25:00,HALO
42.545,42.545,42.5,42.5,600,2021-05-25 17:26:00,HALO
42.52,42.52,42.515,42.515,200,2021-05-25 17:27:00,HALO
42.51,42.51,42.5,42.5,200,2021-05-25 17:28:00,HALO
42.48,42.495,42.48,42.49,800,2021-05-25 17:29:00,HALO
42.5,42.53,42.5,42.5,2014,2021-05-25 17:30:00,HALO
42.49,42.49,42.49,42.49,300,2021-05-25 17:32:00,HALO
42.51,42.51,42.5,42.51,1000,2021-05-25 17:33:00,HALO
42.5,42.52,42.5,42.52,3901,2021-05-25 17:34:00,HALO
42.51,42.51,42.51,42.51,100,2021-05-25 17:35:00,HALO
42.47,42.49,42.46,42.46,500,2021-05-25 17:36:00,HALO
42.455,42.455,42.455,42.455,169,2021-05-25 17:37:00,HALO
42.485,42.485,42.485,42.485,200,2021-05-25 17:39:00,HALO
42.44,42.48,42.43,42.48,500,2021-05-25 17:40:00,HALO
42.43,42.45,42.41,42.42,700,2021-05-25 17:41:00,HALO
42.44,42.44,42.44,42.44,100,2021-05-25 17:42:00,HALO
42.45,42.49,42.45,42.49,300,2021-05-25 17:43:00,HALO
42.49,42.49,42.47,42.49,480,2021-05-25 17:44:00,HALO
42.53,42.54,42.5,42.5,880,2021-05-25 17:49:00,HALO
42.5,42.52,42.5,42.505,500,2021-05-25 17:50:00,HALO
42.49,42.49,42.49,42.49,300,2021-05-25 17:52:00,HALO
42.485,42.485,42.47,42.47,623,2021-05-25 17:53:00,HALO
42.46,42.49,42.46,42.49,600,2021-05-25 17:54:00,HALO
42.5,42.515,42.48,42.495,480,2021-05-25 17:56:00,HALO
42.5,42.5,42.5,42.5,200,2021-05-25 17:57:00,HALO
42.49,42.52,42.49,42.52,300,2021-05-25 17:58:00,HALO
42.48,42.48,42.48,42.48,100,2021-05-25 18:00:00,HALO
42.46,42.46,42.45,42.46,467,2021-05-25 18:01:00,HALO
42.43,42.46,42.43,42.43,1166,2021-05-25 18:03:00,HALO
42.41,42.41,42.41,42.41,100,2021-05-25 18:04:00,HALO
42.45,42.46,42.45,42.46,900,2021-05-25 18:06:00,HALO
42.45,42.45,42.44,42.44,413,2021-05-25 18:08:00,HALO
42.41,42.44,42.41,42.44,300,2021-05-25 18:10:00,HALO
42.43,42.43,42.43,42.43,100,2021-05-25 18:13:00,HALO
42.41,42.41,42.41,42.41,285,2021-05-25 18:14:00,HALO
42.39,42.4,42.39,42.4,435,2021-05-25 18:18:00,HALO
42.36,42.38,42.36,42.38,400,2021-05-25 18:19:00,HALO
42.375,42.375,42.35,42.35,1000,2021-05-25 18:20:00,HALO
42.39,42.39,42.35,42.36,400,2021-05-25 18:21:00,HALO
42.32,42.35,42.32,42.35,600,2021-05-25 18:22:00,HALO
42.34,42.35,42.34,42.35,200,2021-05-25 18:23:00,HALO
42.35,42.35,42.32,42.32,235,2021-05-25 18:24:00,HALO
42.33,42.33,42.33,42.33,300,2021-05-25 18:25:00,HALO
42.36,42.36,42.33,42.33,555,2021-05-25 18:26:00,HALO
42.32,42.32,42.31,42.31,299,2021-05-25 18:27:00,HALO
42.27,42.27,42.27,42.27,200,2021-05-25 18:28:00,HALO
42.3,42.3,42.3,42.3,100,2021-05-25 18:29:00,HALO
42.33,42.35,42.31,42.35,500,2021-05-25 18:30:00,HALO
42.35,42.35,42.35,42.35,246,2021-05-25 18:31:00,HALO
42.36,42.365,42.36,42.365,400,2021-05-25 18:32:00,HALO
42.34,42.34,42.34,42.34,100,2021-05-25 18:33:00,HALO
42.31,42.335,42.31,42.335,600,2021-05-25 18:34:00,HALO
42.315,42.315,42.28,42.29,1000,2021-05-25 18:35:00,HALO
42.29,42.29,42.25,42.25,200,2021-05-25 18:36:00,HALO
42.26,42.26,42.26,42.26,200,2021-05-25 18:37:00,HALO
42.265,42.265,42.265,42.265,100,2021-05-25 18:38:00,HALO
42.26,42.29,42.25,42.29,1100,2021-05-25 18:39:00,HALO
42.29,42.3,42.29,42.3,200,2021-05-25 18:40:00,HALO
42.28,42.29,42.27,42.29,700,2021-05-25 18:41:00,HALO
42.26,42.265,42.245,42.245,400,2021-05-25 18:42:00,HALO
42.245,42.245,42.235,42.235,300,2021-05-25 18:43:00,HALO
42.22,42.22,42.21,42.21,200,2021-05-25 18:44:00,HALO
42.25,42.28,42.25,42.26,1200,2021-05-25 18:45:00,HALO
42.275,42.275,42.21,42.24,600,2021-05-25 18:46:00,HALO
42.28,42.29,42.255,42.28,894,2021-05-25 18:47:00,HALO
42.27,42.29,42.24,42.245,400,2021-05-25 18:48:00,HALO
42.285,42.285,42.28,42.285,300,2021-05-25 18:49:00,HALO
42.27,42.285,42.26,42.27,800,2021-05-25 18:50:00,HALO
42.25,42.25,42.22,42.25,700,2021-05-25 18:51:00,HALO
42.28,42.28,42.265,42.27,400,2021-05-25 18:52:00,HALO
42.25,42.25,42.23,42.25,500,2021-05-25 18:53:00,HALO
42.29,42.29,42.275,42.275,400,2021-05-25 18:54:00,HALO
42.3,42.315,42.3,42.315,600,2021-05-25 18:55:00,HALO
42.33,42.33,42.29,42.3,1000,2021-05-25 18:56:00,HALO
42.315,42.315,42.3,42.3,300,2021-05-25 18:58:00,HALO
42.29,42.3,42.27,42.27,3300,2021-05-25 18:59:00,HALO
42.3,42.345,42.29,42.345,1600,2021-05-25 19:00:00,HALO
42.36,42.36,42.3,42.3,1320,2021-05-25 19:01:00,HALO
42.3,42.3,42.28,42.28,300,2021-05-25 19:02:00,HALO
42.3,42.3,42.27,42.27,800,2021-05-25 19:03:00,HALO
42.25,42.33,42.25,42.275,4047,2021-05-25 19:04:00,HALO
42.295,42.32,42.295,42.32,200,2021-05-25 19:05:00,HALO
42.295,42.32,42.295,42.32,200,2021-05-25 19:06:00,HALO
42.31,42.33,42.31,42.32,500,2021-05-25 19:07:00,HALO
42.38,42.38,42.38,42.38,100,2021-05-25 19:08:00,HALO
42.34,42.34,42.31,42.31,1508,2021-05-25 19:09:00,HALO
42.29,42.29,42.29,42.29,100,2021-05-25 19:11:00,HALO
42.3,42.3,42.3,42.3,100,2021-05-25 19:12:00,HALO
42.305,42.305,42.3,42.3,200,2021-05-25 19:13:00,HALO
42.305,42.305,42.3,42.3,698,2021-05-25 19:14:00,HALO
42.285,42.31,42.28,42.31,1500,2021-05-25 19:15:00,HALO
42.295,42.295,42.29,42.29,200,2021-05-25 19:16:00,HALO
42.31,42.31,42.31,42.31,100,2021-05-25 19:17:00,HALO
42.3,42.3,42.3,42.3,500,2021-05-25 19:18:00,HALO
42.31,42.34,42.31,42.34,1200,2021-05-25 19:19:00,HALO
42.335,42.34,42.335,42.34,200,2021-05-25 19:20:00,HALO
42.35,42.35,42.3249,42.34,1179,2021-05-25 19:21:00,HALO
42.35,42.35,42.345,42.345,400,2021-05-25 19:22:00,HALO
42.38,42.39,42.38,42.39,600,2021-05-25 19:23:00,HALO
42.41,42.43,42.4,42.4,600,2021-05-25 19:24:00,HALO
42.43,42.445,42.425,42.425,400,2021-05-25 19:25:00,HALO
42.41,42.41,42.38,42.39,1000,2021-05-25 19:26:00,HALO
42.42,42.42,42.39,42.39,300,2021-05-25 19:27:00,HALO
42.38,42.38,42.38,42.38,300,2021-05-25 19:28:00,HALO
42.375,42.4,42.375,42.4,400,2021-05-25 19:29:00,HALO
42.4,42.4,42.38,42.38,400,2021-05-25 19:30:00,HALO
42.38,42.38,42.37,42.37,300,2021-05-25 19:31:00,HALO
42.39,42.39,42.38,42.385,700,2021-05-25 19:32:00,HALO
42.37,42.37,42.345,42.345,900,2021-05-25 19:33:00,HALO
42.35,42.35,42.33,42.35,700,2021-05-25 19:34:00,HALO
42.36,42.37,42.36,42.36,324,2021-05-25 19:35:00,HALO
42.37,42.375,42.37,42.375,300,2021-05-25 19:36:00,HALO
42.4,42.4,42.38,42.4,600,2021-05-25 19:37:00,HALO
42.395,42.41,42.395,42.41,400,2021-05-25 19:38:00,HALO
42.42,42.49,42.42,42.47,1800,2021-05-25 19:39:00,HALO
42.475,42.475,42.475,42.475,100,2021-05-25 19:40:00,HALO
42.46,42.46,42.46,42.46,100,2021-05-25 19:41:00,HALO
42.44,42.45,42.44,42.45,300,2021-05-25 19:42:00,HALO
42.445,42.45,42.42,42.43,600,2021-05-25 19:43:00,HALO
42.43,42.44,42.42,42.43,600,2021-05-25 19:44:00,HALO
42.42,42.44,42.41,42.425,700,2021-05-25 19:45:00,HALO
42.425,42.425,42.38,42.38,1000,2021-05-25 19:46:00,HALO
42.37,42.395,42.37,42.39,1700,2021-05-25 19:47:00,HALO
42.37,42.37,42.295,42.295,1000,2021-05-25 19:48:00,HALO
42.3,42.35,42.3,42.32,2049,2021-05-25 19:49:00,HALO
42.3,42.32,42.25,42.25,2065,2021-05-25 19:50:00,HALO
42.25,42.25,42.18,42.21,2880,2021-05-25 19:51:00,HALO
42.21,42.28,42.21,42.26,2772,2021-05-25 19:52:00,HALO
42.26,42.28,42.25,42.26,500,2021-05-25 19:53:00,HALO
42.28,42.28,42.24,42.265,2518,2021-05-25 19:54:00,HALO
42.29,42.34,42.26,42.3,43739,2021-05-25 19:55:00,HALO
42.3,42.31,42.28,42.29,4418,2021-05-25 19:56:00,HALO
42.3,42.35,42.3,42.32,4543,2021-05-25 19:57:00,HALO
42.31,42.31,42.26,42.27,5764,2021-05-25 19:58:00,HALO
42.26,42.29,42.18,42.22,19044,2021-05-25 19:59:00,HALO
42.23,42.23,42.23,42.23,65961,2021-05-25 20:00:00,HALO
42.23,42.23,42.23,42.23,3070,2021-05-25 20:02:00,HALO
41.95,42.675,41.95,42.675,13371,2021-05-26 13:30:00,HALO
42.01,42.185,42.01,42.185,200,2021-05-26 13:31:00,HALO
41.99,42.16,41.99,42.16,400,2021-05-26 13:32:00,HALO
41.96,42.02,41.96,42.02,300,2021-05-26 13:35:00,HALO
42.03,42.09,42.03,42.09,200,2021-05-26 13:36:00,HALO
42.08,42.09,41.76,41.76,6400,2021-05-26 13:37:00,HALO
41.75,41.75,41.74,41.74,400,2021-05-26 13:38:00,HALO
41.74,41.85,41.74,41.75,1200,2021-05-26 13:39:00,HALO
41.84,41.84,41.76,41.83,1500,2021-05-26 13:40:00,HALO
41.86,41.86,41.66,41.66,1100,2021-05-26 13:41:00,HALO
41.83,41.83,41.83,41.83,100,2021-05-26 13:42:00,HALO
41.83,41.93,41.83,41.93,600,2021-05-26 13:43:00,HALO
41.89,41.89,41.84,41.84,200,2021-05-26 13:45:00,HALO
41.78,41.8496,41.78,41.8496,283,2021-05-26 13:46:00,HALO
41.82,41.855,41.82,41.855,400,2021-05-26 13:47:00,HALO
41.84,41.85,41.75,41.77,6956,2021-05-26 13:48:00,HALO
41.76,41.76,41.6,41.6,1216,2021-05-26 13:49:00,HALO
41.61,41.71,41.61,41.64,1350,2021-05-26 13:50:00,HALO
41.65,41.65,41.65,41.65,100,2021-05-26 13:51:00,HALO
41.64,41.64,41.54,41.61,1100,2021-05-26 13:52:00,HALO
41.61,41.63,41.58,41.6,900,2021-05-26 13:53:00,HALO
41.54,41.6,41.54,41.55,400,2021-05-26 13:54:00,HALO
41.57,41.57,41.57,41.57,200,2021-05-26 13:55:00,HALO
41.55,41.55,41.43,41.43,400,2021-05-26 13:56:00,HALO
41.41,41.475,41.35,41.35,500,2021-05-26 13:57:00,HALO
41.32,41.32,41.24,41.24,832,2021-05-26 13:58:00,HALO
41.33,41.33,41.16,41.16,605,2021-05-26 13:59:00,HALO
41.23,41.33,41.17,41.3,1550,2021-05-26 14:00:00,HALO
41.21,41.21,41.21,41.21,100,2021-05-26 14:01:00,HALO
41.2,41.32,41.2,41.29,1450,2021-05-26 14:02:00,HALO
41.29,41.29,41.27,41.27,400,2021-05-26 14:03:00,HALO
41.26,41.26,41.225,41.245,1045,2021-05-26 14:04:00,HALO
41.26,41.34,41.26,41.26,993,2021-05-26 14:05:00,HALO
41.32,41.32,41.3112,41.3112,399,2021-05-26 14:07:00,HALO
41.24,41.26,41.24,41.26,500,2021-05-26 14:08:00,HALO
41.31,41.4,41.31,41.36,600,2021-05-26 14:09:00,HALO
41.4,41.4,41.31,41.31,1435,2021-05-26 14:10:00,HALO
41.33,41.385,41.33,41.38,1000,2021-05-26 14:11:00,HALO
41.31,41.31,41.31,41.31,106,2021-05-26 14:12:00,HALO
41.35,41.39,41.35,41.39,300,2021-05-26 14:13:00,HALO
41.32,41.32,41.32,41.32,200,2021-05-26 14:14:00,HALO
41.39,41.41,41.36,41.36,700,2021-05-26 14:16:00,HALO
41.36,41.38,41.36,41.38,400,2021-05-26 14:17:00,HALO
41.36,41.38,41.34,41.38,700,2021-05-26 14:20:00,HALO
41.38,41.41,41.38,41.41,500,2021-05-26 14:21:00,HALO
41.435,41.435,41.4,41.435,400,2021-05-26 14:22:00,HALO
41.435,41.435,41.435,41.435,100,2021-05-26 14:23:00,HALO
41.445,41.445,41.42,41.42,244,2021-05-26 14:24:00,HALO
41.47,41.47,41.39,41.39,1100,2021-05-26 14:25:00,HALO
41.38,41.38,41.38,41.38,300,2021-05-26 14:26:00,HALO
41.405,41.455,41.405,41.455,1200,2021-05-26 14:27:00,HALO
41.455,41.455,41.455,41.455,100,2021-05-26 14:28:00,HALO
41.455,41.56,41.455,41.56,4047,2021-05-26 14:31:00,HALO
41.63,41.63,41.63,41.63,100,2021-05-26 14:32:00,HALO
41.63,41.63,41.63,41.63,300,2021-05-26 14:33:00,HALO
41.62,41.625,41.61,41.62,2182,2021-05-26 14:34:00,HALO
41.66,41.66,41.64,41.645,668,2021-05-26 14:35:00,HALO
41.61,41.61,41.61,41.61,100,2021-05-26 14:36:00,HALO
41.58,41.58,41.57,41.57,400,2021-05-26 14:37:00,HALO
41.55,41.6,41.55,41.6,400,2021-05-26 14:40:00,HALO
41.62,41.62,41.59,41.61,500,2021-05-26 14:41:00,HALO
41.58,41.58,41.58,41.58,200,2021-05-26 14:42:00,HALO
41.6,41.605,41.59,41.6,1500,2021-05-26 14:43:00,HALO
41.58,41.605,41.58,41.605,200,2021-05-26 14:44:00,HALO
41.64,41.67,41.64,41.67,400,2021-05-26 14:45:00,HALO
41.68,41.69,41.68,41.69,400,2021-05-26 14:47:00,HALO
41.68,41.72,41.68,41.72,500,2021-05-26 14:48:00,HALO
41.72,41.72,41.715,41.715,4416,2021-05-26 14:49:00,HALO
41.73,41.75,41.62,41.63,5000,2021-05-26 14:52:00,HALO
41.62,41.62,41.58,41.595,7721,2021-05-26 14:53:00,HALO
41.595,41.595,41.595,41.595,100,2021-05-26 14:54:00,HALO
41.56,41.56,41.55,41.56,400,2021-05-26 14:55:00,HALO
41.5,41.5,41.5,41.5,300,2021-05-26 14:56:00,HALO
41.48,41.52,41.48,41.52,3498,2021-05-26 14:57:00,HALO
41.49,41.49,41.49,41.49,100,2021-05-26 14:59:00,HALO
41.505,41.52,41.49,41.49,400,2021-05-26 15:00:00,HALO
41.49,41.49,41.41,41.41,974,2021-05-26 15:01:00,HALO
41.38,41.38,41.38,41.38,231,2021-05-26 15:02:00,HALO
41.37,41.37,41.37,41.37,100,2021-05-26 15:03:00,HALO
41.34,41.4,41.34,41.355,4700,2021-05-26 15:04:00,HALO
41.4,41.42,41.4,41.41,1227,2021-05-26 15:05:00,HALO
41.38,41.38,41.38,41.38,300,2021-05-26 15:06:00,HALO
41.38,41.38,41.33,41.35,966,2021-05-26 15:07:00,HALO
41.345,41.38,41.26,41.31,5545,2021-05-26 15:08:00,HALO
41.35,41.36,41.35,41.36,502,2021-05-26 15:09:00,HALO
41.335,41.335,41.31,41.31,200,2021-05-26 15:11:00,HALO
41.35,41.35,41.29,41.32,1172,2021-05-26 15:12:00,HALO
41.29,41.29,41.29,41.29,300,2021-05-26 15:13:00,HALO
41.3,41.31,41.26,41.26,4122,2021-05-26 15:14:00,HALO
41.31,41.31,41.26,41.3,900,2021-05-26 15:15:00,HALO
41.3,41.375,41.3,41.375,1600,2021-05-26 15:16:00,HALO
41.37,41.37,41.37,41.37,100,2021-05-26 15:17:00,HALO
41.34,41.355,41.34,41.355,655,2021-05-26 15:18:00,HALO
41.35,41.3652,41.35,41.35,699,2021-05-26 15:19:00,HALO
41.33,41.37,41.325,41.37,3900,2021-05-26 15:20:00,HALO
41.37,41.37,41.37,41.37,100,2021-05-26 15:21:00,HALO
41.34,41.36,41.34,41.36,500,2021-05-26 15:22:00,HALO
41.35,41.35,41.28,41.32,3700,2021-05-26 15:24:00,HALO
41.335,41.335,41.32,41.32,340,2021-05-26 15:25:00,HALO
41.3132,41.33,41.3132,41.3275,1238,2021-05-26 15:26:00,HALO
41.33,41.405,41.33,41.405,1370,2021-05-26 15:27:00,HALO
41.425,41.425,41.42,41.42,1400,2021-05-26 15:28:00,HALO
41.435,41.435,41.43,41.435,719,2021-05-26 15:29:00,HALO
41.46,41.48,41.44,41.48,700,2021-05-26 15:30:00,HALO
41.465,41.465,41.465,41.465,230,2021-05-26 15:31:00,HALO
41.44,41.45,41.425,41.425,400,2021-05-26 15:32:00,HALO
41.425,41.44,41.425,41.44,900,2021-05-26 15:33:00,HALO
41.49,41.49,41.49,41.49,100,2021-05-26 15:34:00,HALO
41.505,41.505,41.5,41.5,200,2021-05-26 15:35:00,HALO
41.55,41.56,41.545,41.56,500,2021-05-26 15:36:00,HALO
41.58,41.61,41.58,41.61,200,2021-05-26 15:37:00,HALO
41.63,41.63,41.63,41.63,100,2021-05-26 15:38:00,HALO
41.63,41.63,41.63,41.63,100,2021-05-26 15:39:00,HALO
41.65,41.65,41.65,41.65,100,2021-05-26 15:41:00,HALO
41.65,41.68,41.65,41.68,400,2021-05-26 15:42:00,HALO
41.66,41.72,41.65,41.72,1019,2021-05-26 15:43:00,HALO
41.81,41.81,41.77,41.77,700,2021-05-26 15:44:00,HALO
41.78,41.8,41.78,41.79,300,2021-05-26 15:45:00,HALO
41.83,41.83,41.83,41.83,200,2021-05-26 15:46:00,HALO
41.84,41.84,41.84,41.84,100,2021-05-26 15:47:00,HALO
41.82,41.84,41.8,41.84,6819,2021-05-26 15:48:00,HALO
41.85,41.86,41.8,41.8,2412,2021-05-26 15:49:00,HALO
41.82,41.825,41.82,41.825,200,2021-05-26 15:50:00,HALO
41.8,41.8,41.75,41.75,904,2021-05-26 15:51:00,HALO
41.76,41.81,41.76,41.81,3017,2021-05-26 15:52:00,HALO
41.86,41.86,41.86,41.86,100,2021-05-26 15:53:00,HALO
41.9,41.91,41.9,41.91,515,2021-05-26 15:54:00,HALO
41.88,41.88,41.88,41.88,100,2021-05-26 15:55:00,HALO
41.89,41.96,41.89,41.95,500,2021-05-26 15:57:00,HALO
41.95,41.95,41.95,41.95,100,2021-05-26 15:59:00,HALO
41.95,41.97,41.95,41.97,200,2021-05-26 16:00:00,HALO
41.99,41.99,41.99,41.99,200,2021-05-26 16:02:00,HALO
41.975,42.07,41.975,42.03,3887,2021-05-26 16:03:00,HALO
42.015,42.015,42.0,42.0,200,2021-05-26 16:04:00,HALO
42.005,42.005,42.005,42.005,100,2021-05-26 16:05:00,HALO
42.01,42.01,42.01,42.01,843,2021-05-26 16:07:00,HALO
42.02,42.02,42.02,42.02,100,2021-05-26 16:09:00,HALO
41.99,42.005,41.97,42.005,1300,2021-05-26 16:10:00,HALO
42.03,42.03,42.03,42.03,983,2021-05-26 16:11:00,HALO
42.08,42.08,42.0796,42.0796,299,2021-05-26 16:12:00,HALO
42.05,42.07,42.05,42.07,300,2021-05-26 16:13:00,HALO
42.065,42.065,42.0307,42.0307,310,2021-05-26 16:14:00,HALO
42.05,42.05,42.05,42.05,1096,2021-05-26 16:16:00,HALO
42.09,42.09,42.05,42.05,440,2021-05-26 16:17:00,HALO
42.06,42.06,42.06,42.06,100,2021-05-26 16:19:00,HALO
42.03,42.03,42.03,42.03,100,2021-05-26 16:20:00,HALO
42.065,42.065,42.065,42.065,100,2021-05-26 16:21:00,HALO
42.03,42.05,42.0,42.05,2165,2021-05-26 16:24:00,HALO
42.0312,42.0312,42.0312,42.0312,175,2021-05-26 16:25:00,HALO
42.09,42.11,42.08,42.11,700,2021-05-26 16:27:00,HALO
42.1,42.1,42.08,42.1,600,2021-05-26 16:28:00,HALO
42.1291,42.1291,42.1291,42.1291,473,2021-05-26 16:29:00,HALO
42.14,42.14,42.14,42.14,100,2021-05-26 16:32:00,HALO
42.15,42.15,42.13,42.13,200,2021-05-26 16:35:00,HALO
42.14,42.14,42.14,42.14,200,2021-05-26 16:36:00,HALO
42.16,42.19,42.15,42.19,1697,2021-05-26 16:37:00,HALO
42.175,42.21,42.175,42.21,200,2021-05-26 16:38:00,HALO
42.18,42.18,42.16,42.16,1900,2021-05-26 16:39:00,HALO
42.165,42.165,42.14,42.14,678,2021-05-26 16:40:00,HALO
42.12,42.12,42.12,42.12,400,2021-05-26 16:41:00,HALO
42.125,42.125,42.125,42.125,200,2021-05-26 16:42:00,HALO
42.15,42.15,42.14,42.14,400,2021-05-26 16:44:00,HALO
42.14,42.14,42.12,42.12,882,2021-05-26 16:45:00,HALO
42.125,42.125,42.11,42.11,333,2021-05-26 16:48:00,HALO
42.09,42.09,42.09,42.09,100,2021-05-26 16:51:00,HALO
42.085,42.085,42.06,42.06,500,2021-05-26 16:53:00,HALO
42.07,42.07,42.06,42.06,200,2021-05-26 16:54:00,HALO
42.07,42.07,42.07,42.07,400,2021-05-26 16:56:00,HALO
42.06,42.06,42.04,42.05,500,2021-05-26 16:57:00,HALO
42.04,42.04,42.04,42.04,100,2021-05-26 16:58:00,HALO
42.05,42.05,42.05,42.05,300,2021-05-26 16:59:00,HALO
42.06,42.06,42.055,42.055,200,2021-05-26 17:00:00,HALO
42.0434,42.055,42.0434,42.055,353,2021-05-26 17:02:00,HALO
42.055,42.055,42.055,42.055,100,2021-05-26 17:03:00,HALO
42.055,42.055,42.055,42.055,100,2021-05-26 17:05:00,HALO
42.0699,42.0699,42.0699,42.0699,500,2021-05-26 17:06:00,HALO
42.04,42.05,42.0275,42.0275,2039,2021-05-26 17:07:00,HALO
42.02,42.02,41.94,41.94,1036,2021-05-26 17:08:00,HALO
41.94,41.94,41.9,41.93,1000,2021-05-26 17:09:00,HALO
41.94,41.95,41.94,41.94,900,2021-05-26 17:12:00,HALO
41.98,41.98,41.96,41.98,400,2021-05-26 17:13:00,HALO
42.0,42.0,42.0,42.0,100,2021-05-26 17:15:00,HALO
41.99,42.025,41.99,42.025,700,2021-05-26 17:16:00,HALO
42.06,42.06,42.06,42.06,100,2021-05-26 17:17:00,HALO
42.045,42.045,42.045,42.045,100,2021-05-26 17:18:00,HALO
42.08,42.09,42.08,42.09,600,2021-05-26 17:19:00,HALO
42.11,42.11,42.11,42.11,100,2021-05-26 17:20:00,HALO
42.12,42.12,42.11,42.12,1522,2021-05-26 17:21:00,HALO
42.11,42.11,42.11,42.11,200,2021-05-26 17:22:00,HALO
42.105,42.13,42.07,42.08,1585,2021-05-26 17:24:00,HALO
42.08,42.08,42.08,42.08,200,2021-05-26 17:26:00,HALO
42.08,42.12,42.08,42.12,500,2021-05-26 17:28:00,HALO
42.115,42.115,42.08,42.08,644,2021-05-26 17:29:00,HALO
42.07,42.08,42.07,42.08,400,2021-05-26 17:30:00,HALO
42.08,42.08,42.08,42.08,100,2021-05-26 17:32:00,HALO
42.075,42.075,42.075,42.075,100,2021-05-26 17:33:00,HALO
42.08,42.08,42.0702,42.0702,200,2021-05-26 17:34:00,HALO
42.08,42.08,42.06,42.06,700,2021-05-26 17:35:00,HALO
42.05,42.05,42.03,42.03,300,2021-05-26 17:36:00,HALO
42.02,42.02,42.02,42.02,100,2021-05-26 17:37:00,HALO
42.01,42.04,42.01,42.03,1100,2021-05-26 17:38:00,HALO
42.02,42.025,42.02,42.02,300,2021-05-26 17:39:00,HALO
42.04,42.04,42.04,42.04,100,2021-05-26 17:40:00,HALO
42.07,42.07,42.07,42.07,100,2021-05-26 17:41:00,HALO
42.07,42.07,42.03,42.03,541,2021-05-26 17:42:00,HALO
42.035,42.035,42.03,42.03,200,2021-05-26 17:44:00,HALO
42.05,42.05,42.03,42.03,200,2021-05-26 17:45:00,HALO
42.03,42.035,42.03,42.035,300,2021-05-26 17:47:00,HALO
42.05,42.075,42.05,42.075,414,2021-05-26 17:48:00,HALO
42.06,42.065,42.06,42.065,500,2021-05-26 17:49:00,HALO
42.065,42.065,42.065,42.065,100,2021-05-26 17:50:00,HALO
42.065,42.065,42.05,42.06,597,2021-05-26 17:51:00,HALO
42.03,42.0322,42.03,42.0322,813,2021-05-26 17:52:00,HALO
42.01,42.02,42.01,42.02,200,2021-05-26 17:53:00,HALO
42.02,42.02,41.99,42.015,800,2021-05-26 17:54:00,HALO
42.015,42.09,42.015,42.08,2008,2021-05-26 17:55:00,HALO
42.03,42.03,42.03,42.03,100,2021-05-26 17:56:00,HALO
42.055,42.055,42.055,42.055,100,2021-05-26 17:57:00,HALO
42.07,42.09,42.07,42.09,758,2021-05-26 17:58:00,HALO
42.08,42.08,42.08,42.08,100,2021-05-26 17:59:00,HALO
42.095,42.095,42.08,42.09,1000,2021-05-26 18:00:00,HALO
42.1,42.1,42.08,42.08,500,2021-05-26 18:01:00,HALO
42.08,42.08,42.08,42.08,216,2021-05-26 18:02:00,HALO
42.095,42.1041,42.095,42.1041,399,2021-05-26 18:03:00,HALO
42.095,42.11,42.09,42.11,700,2021-05-26 18:04:00,HALO
42.13,42.14,42.13,42.135,980,2021-05-26 18:05:00,HALO
42.14,42.14,42.14,42.14,100,2021-05-26 18:06:00,HALO
42.16,42.16,42.16,42.16,100,2021-05-26 18:07:00,HALO
42.17,42.18,42.16,42.18,1438,2021-05-26 18:09:00,HALO
42.2,42.22,42.19,42.21,1500,2021-05-26 18:10:00,HALO
42.19,42.21,42.19,42.21,1007,2021-05-26 18:11:00,HALO
42.21,42.27,42.21,42.27,400,2021-05-26 18:12:00,HALO
42.27,42.27,42.27,42.27,200,2021-05-26 18:13:00,HALO
42.27,42.27,42.27,42.27,300,2021-05-26 18:14:00,HALO
42.265,42.28,42.26,42.26,778,2021-05-26 18:15:00,HALO
42.26,42.39,42.25,42.37,3774,2021-05-26 18:16:00,HALO
42.37,42.39,42.36,42.39,2684,2021-05-26 18:17:00,HALO
42.38,42.39,42.36,42.36,2839,2021-05-26 18:18:00,HALO
42.38,42.44,42.38,42.44,1299,2021-05-26 18:19:00,HALO
42.42,42.43,42.39,42.395,2129,2021-05-26 18:20:00,HALO
42.39,42.39,42.375,42.38,1000,2021-05-26 18:21:00,HALO
42.37,42.37,42.37,42.37,200,2021-05-26 18:22:00,HALO
42.38,42.38,42.34,42.34,527,2021-05-26 18:23:00,HALO
42.33,42.33,42.33,42.33,100,2021-05-26 18:24:00,HALO
42.33,42.33,42.31,42.31,900,2021-05-26 18:25:00,HALO
42.31,42.365,42.31,42.365,800,2021-05-26 18:26:00,HALO
42.35,42.35,42.35,42.35,300,2021-05-26 18:27:00,HALO
42.365,42.365,42.35,42.35,300,2021-05-26 18:29:00,HALO
42.34,42.35,42.21,42.27,9612,2021-05-26 18:30:00,HALO
42.27,42.28,42.27,42.28,600,2021-05-26 18:31:00,HALO
42.27,42.27,42.23,42.245,1836,2021-05-26 18:33:00,HALO
42.22,42.22,42.22,42.22,100,2021-05-26 18:34:00,HALO
42.24,42.24,42.24,42.24,100,2021-05-26 18:35:00,HALO
42.21,42.21,42.21,42.21,200,2021-05-26 18:37:00,HALO
42.215,42.215,42.21,42.21,200,2021-05-26 18:38:00,HALO
42.215,42.215,42.18,42.18,1915,2021-05-26 18:39:00,HALO
42.15,42.17,42.1,42.1275,1800,2021-05-26 18:41:00,HALO
42.13,42.13,42.12,42.12,200,2021-05-26 18:42:00,HALO
42.11,42.11,42.1,42.105,400,2021-05-26 18:43:00,HALO
42.1,42.1,42.1,42.1,300,2021-05-26 18:44:00,HALO
42.12,42.18,42.12,42.18,416,2021-05-26 18:45:00,HALO
42.15,42.17,42.15,42.165,478,2021-05-26 18:46:00,HALO
42.17,42.175,42.17,42.17,400,2021-05-26 18:47:00,HALO
42.15,42.15,42.14,42.14,818,2021-05-26 18:49:00,HALO
42.145,42.145,42.14,42.14,441,2021-05-26 18:50:00,HALO
42.135,42.135,42.12,42.125,1200,2021-05-26 18:51:00,HALO
42.13,42.13,42.13,42.13,100,2021-05-26 18:52:00,HALO
42.13,42.13,42.13,42.13,300,2021-05-26 18:53:00,HALO
42.14,42.14,42.13,42.13,400,2021-05-26 18:54:00,HALO
42.12,42.12,42.11,42.11,600,2021-05-26 18:55:00,HALO
42.1035,42.12,42.1,42.11,5000,2021-05-26 18:57:00,HALO
42.105,42.11,42.105,42.11,200,2021-05-26 18:58:00,HALO
42.135,42.135,42.135,42.135,100,2021-05-26 18:59:00,HALO
42.15,42.18,42.15,42.16,1616,2021-05-26 19:00:00,HALO
42.18,42.18,42.18,42.18,100,2021-05-26 19:01:00,HALO
42.175,42.175,42.14,42.14,300,2021-05-26 19:02:00,HALO
42.13,42.14,42.12,42.12,1300,2021-05-26 19:03:00,HALO
42.13,42.15,42.12,42.15,400,2021-05-26 19:04:00,HALO
42.16,42.16,42.16,42.16,200,2021-05-26 19:05:00,HALO
42.155,42.165,42.155,42.165,900,2021-05-26 19:06:00,HALO
42.15,42.15,42.15,42.15,100,2021-05-26 19:07:00,HALO
42.155,42.155,42.14,42.14,622,2021-05-26 19:08:00,HALO
42.14,42.14,42.13,42.13,300,2021-05-26 19:09:00,HALO
42.135,42.15,42.1,42.1,1301,2021-05-26 19:10:00,HALO
42.08,42.12,42.08,42.11,1393,2021-05-26 19:11:00,HALO
42.135,42.15,42.135,42.15,400,2021-05-26 19:12:00,HALO
42.14,42.15,42.14,42.15,200,2021-05-26 19:13:00,HALO
42.15,42.15,42.15,42.15,200,2021-05-26 19:14:00,HALO
42.14,42.14,42.12,42.13,1739,2021-05-26 19:15:00,HALO
42.125,42.125,42.125,42.125,100,2021-05-26 19:16:00,HALO
42.12,42.14,42.12,42.14,793,2021-05-26 19:17:00,HALO
42.13,42.15,42.13,42.15,200,2021-05-26 19:18:00,HALO
42.14,42.14,42.12,42.12,800,2021-05-26 19:19:00,HALO
42.13,42.13,42.12,42.12,600,2021-05-26 19:20:00,HALO
42.12,42.135,42.12,42.13,629,2021-05-26 19:21:00,HALO
42.135,42.135,42.13,42.13,400,2021-05-26 19:22:00,HALO
42.14,42.14,42.14,42.14,200,2021-05-26 19:23:00,HALO
42.14,42.15,42.14,42.145,600,2021-05-26 19:24:00,HALO
42.15,42.155,42.14,42.15,1100,2021-05-26 19:25:00,HALO
42.17,42.19,42.17,42.19,400,2021-05-26 19:26:00,HALO
42.18,42.18,42.16,42.16,678,2021-05-26 19:27:00,HALO
42.16,42.16,42.16,42.16,100,2021-05-26 19:29:00,HALO
42.16,42.19,42.16,42.18,1000,2021-05-26 19:30:00,HALO
42.16,42.17,42.16,42.17,400,2021-05-26 19:31:00,HALO
42.17,42.17,42.13,42.13,2356,2021-05-26 19:32:00,HALO
42.13,42.13,42.125,42.13,400,2021-05-26 19:33:00,HALO
42.13,42.14,42.13,42.13,1177,2021-05-26 19:34:00,HALO
42.135,42.135,42.13,42.13,329,2021-05-26 19:35:00,HALO
42.13,42.13,42.13,42.13,532,2021-05-26 19:36:00,HALO
42.12,42.12,42.08,42.08,2799,2021-05-26 19:37:00,HALO
42.06,42.07,42.055,42.07,1899,2021-05-26 19:38:00,HALO
42.09,42.09,42.09,42.09,100,2021-05-26 19:39:00,HALO
42.085,42.085,42.065,42.065,1500,2021-05-26 19:40:00,HALO
42.065,42.08,42.065,42.08,300,2021-05-26 19:41:00,HALO
42.08,42.1,42.08,42.09,700,2021-05-26 19:42:00,HALO
42.09,42.12,42.08,42.12,1854,2021-05-26 19:43:00,HALO
42.1,42.11,42.0975,42.0975,1229,2021-05-26 19:44:00,HALO
42.1,42.1,42.1,42.1,748,2021-05-26 19:45:00,HALO
42.09,42.09,42.07,42.08,1227,2021-05-26 19:46:00,HALO
42.07,42.085,42.07,42.085,245,2021-05-26 19:47:00,HALO
42.085,42.085,42.08,42.08,727,2021-05-26 19:48:00,HALO
42.07,42.07,42.01,42.025,2528,2021-05-26 19:49:00,HALO
42.04,42.075,42.03,42.06,5520,2021-05-26 19:50:00,HALO
42.065,42.065,42.02,42.04,2442,2021-05-26 19:51:00,HALO
42.04,42.04,42.0,42.01,4572,2021-05-26 19:52:00,HALO
42.01,42.01,42.005,42.005,848,2021-05-26 19:53:00,HALO
42.005,42.02,41.99,42.0,4974,2021-05-26 19:54:00,HALO
42.0,42.0,41.97,41.98,4723,2021-05-26 19:55:00,HALO
41.97,41.98,41.94,41.97,4426,2021-05-26 19:56:00,HALO
41.975,41.98,41.95,41.96,2108,2021-05-26 19:57:00,HALO
41.95,42.0,41.92,41.93,9483,2021-05-26 19:58:00,HALO
41.92,41.99,41.92,41.96,16036,2021-05-26 19:59:00,HALO
42.0,42.0,42.0,42.0,57422,2021-05-26 20:00:00,HALO
42.0,42.0,42.0,42.0,7608,2021-05-26 20:01:00,HALO
42.29,42.29,42.29,42.29,7319,2021-05-27 13:30:00,HALO
42.3,42.46,42.28,42.305,500,2021-05-27 13:31:00,HALO
42.31,42.31,42.31,42.31,132,2021-05-27 13:32:00,HALO
42.44,42.44,42.44,42.44,100,2021-05-27 13:33:00,HALO
42.46,42.47,42.46,42.46,700,2021-05-27 13:34:00,HALO
42.38,42.38,42.25,42.25,1486,2021-05-27 13:36:00,HALO
42.21,42.21,42.21,42.21,100,2021-05-27 13:37:00,HALO
42.23,42.28,42.23,42.28,200,2021-05-27 13:38:00,HALO
42.28,42.28,42.28,42.28,800,2021-05-27 13:39:00,HALO
42.25,42.25,42.15,42.15,500,2021-05-27 13:40:00,HALO
42.09,42.09,42.06,42.06,250,2021-05-27 13:42:00,HALO
41.99,42.045,41.99,42.045,1422,2021-05-27 13:43:00,HALO
42.0171,42.05,42.0171,42.05,461,2021-05-27 13:44:00,HALO
41.99,42.0,41.99,42.0,800,2021-05-27 13:45:00,HALO
41.99,42.03,41.94,41.94,4044,2021-05-27 13:46:00,HALO
41.93,41.93,41.91,41.91,300,2021-05-27 13:47:00,HALO
41.93,41.97,41.93,41.95,2539,2021-05-27 13:48:00,HALO
41.92,41.95,41.89,41.95,700,2021-05-27 13:49:00,HALO
41.97,41.97,41.97,41.97,200,2021-05-27 13:50:00,HALO
41.96,42.02,41.96,41.99,500,2021-05-27 13:51:00,HALO
41.96,41.96,41.9,41.9,700,2021-05-27 13:52:00,HALO
41.95,41.96,41.95,41.96,200,2021-05-27 13:53:00,HALO
41.96,41.96,41.96,41.96,600,2021-05-27 13:54:00,HALO
41.945,41.95,41.945,41.95,200,2021-05-27 13:55:00,HALO
41.96,41.96,41.86,41.88,1034,2021-05-27 13:56:00,HALO
41.87,41.89,41.85,41.89,500,2021-05-27 13:58:00,HALO
41.92,41.92,41.89,41.89,200,2021-05-27 13:59:00,HALO
41.88,41.995,41.87,41.98,24386,2021-05-27 14:00:00,HALO
41.995,42.05,41.995,42.0,1334,2021-05-27 14:01:00,HALO
42.07,42.07,42.02,42.06,400,2021-05-27 14:02:00,HALO
42.05,42.05,42.05,42.05,100,2021-05-27 14:03:00,HALO
42.06,42.06,42.04,42.06,600,2021-05-27 14:04:00,HALO
42.04,42.04,42.01,42.02,1643,2021-05-27 14:05:00,HALO
42.035,42.035,42.035,42.035,100,2021-05-27 14:06:00,HALO
42.02,42.04,42.02,42.04,300,2021-05-27 14:07:00,HALO
42.055,42.06,42.03,42.04,1849,2021-05-27 14:08:00,HALO
42.03,42.03,42.02,42.02,400,2021-05-27 14:09:00,HALO
42.02,42.03,42.02,42.02,1300,2021-05-27 14:10:00,HALO
42.03,42.03,42.0,42.015,3455,2021-05-27 14:11:00,HALO
42.015,42.015,41.92,41.92,1300,2021-05-27 14:12:00,HALO
41.93,41.94,41.88,41.88,600,2021-05-27 14:13:00,HALO
41.91,41.91,41.91,41.91,100,2021-05-27 14:14:00,HALO
41.88,41.88,41.85,41.88,1000,2021-05-27 14:15:00,HALO
41.9,41.9,41.9,41.9,300,2021-05-27 14:17:00,HALO
41.92,41.96,41.9,41.92,1600,2021-05-27 14:18:00,HALO
41.865,41.87,41.84,41.86,500,2021-05-27 14:19:00,HALO
41.885,41.885,41.885,41.885,137,2021-05-27 14:20:00,HALO
41.895,41.895,41.895,41.895,100,2021-05-27 14:21:00,HALO
41.89,41.9199,41.88,41.88,5600,2021-05-27 14:22:00,HALO
41.92,41.92,41.895,41.915,800,2021-05-27 14:23:00,HALO
41.9,41.9,41.835,41.84,1004,2021-05-27 14:24:00,HALO
41.87,41.95,41.87,41.93,1300,2021-05-27 14:25:00,HALO
41.93,41.9499,41.87,41.87,700,2021-05-27 14:26:00,HALO
41.855,41.855,41.8,41.81,9000,2021-05-27 14:27:00,HALO
41.85,41.85,41.85,41.85,100,2021-05-27 14:28:00,HALO
41.82,41.87,41.82,41.87,400,2021-05-27 14:29:00,HALO
41.85,41.85,41.84,41.85,400,2021-05-27 14:30:00,HALO
41.86,41.91,41.86,41.9,900,2021-05-27 14:31:00,HALO
41.885,41.885,41.84,41.84,1243,2021-05-27 14:32:00,HALO
41.81,41.81,41.805,41.81,400,2021-05-27 14:33:00,HALO
41.84,41.84,41.84,41.84,100,2021-05-27 14:35:00,HALO
41.81,41.81,41.81,41.81,100,2021-05-27 14:36:00,HALO
41.82,41.82,41.82,41.82,100,2021-05-27 14:37:00,HALO
41.825,41.825,41.825,41.825,180,2021-05-27 14:38:00,HALO
41.8,41.8,41.78,41.79,600,2021-05-27 14:39:00,HALO
41.77,41.77,41.71,41.71,400,2021-05-27 14:40:00,HALO
41.7,41.7,41.68,41.68,221,2021-05-27 14:41:00,HALO
41.605,41.66,41.605,41.65,800,2021-05-27 14:42:00,HALO
41.67,41.73,41.67,41.73,500,2021-05-27 14:43:00,HALO
41.71,41.72,41.68,41.72,6300,2021-05-27 14:45:00,HALO
41.705,41.74,41.69,41.73,1300,2021-05-27 14:46:00,HALO
41.735,41.75,41.735,41.75,900,2021-05-27 14:48:00,HALO
41.73,41.73,41.63,41.64,6800,2021-05-27 14:49:00,HALO
41.62,41.62,41.54,41.54,400,2021-05-27 14:50:00,HALO
41.53,41.57,41.51,41.51,551,2021-05-27 14:51:00,HALO
41.57,41.57,41.5418,41.5418,300,2021-05-27 14:52:00,HALO
41.58,41.59,41.58,41.59,400,2021-05-27 14:53:00,HALO
41.6,41.6,41.6,41.6,100,2021-05-27 14:54:00,HALO
41.595,41.595,41.595,41.595,100,2021-05-27 14:55:00,HALO
41.63,41.69,41.6278,41.64,6414,2021-05-27 14:56:00,HALO
41.67,41.67,41.67,41.67,203,2021-05-27 14:57:00,HALO
41.67,41.69,41.67,41.69,527,2021-05-27 14:58:00,HALO
41.73,41.75,41.73,41.7425,992,2021-05-27 14:59:00,HALO
41.75,41.77,41.75,41.77,400,2021-05-27 15:00:00,HALO
41.75,41.75,41.74,41.74,431,2021-05-27 15:02:00,HALO
41.75,41.76,41.75,41.76,1200,2021-05-27 15:03:00,HALO
41.74,41.74,41.67,41.7,1028,2021-05-27 15:04:00,HALO
41.7,41.7,41.685,41.685,200,2021-05-27 15:05:00,HALO
41.7,41.72,41.7,41.72,300,2021-05-27 15:06:00,HALO
41.69,41.73,41.69,41.73,200,2021-05-27 15:07:00,HALO
41.74,41.74,41.69,41.69,1401,2021-05-27 15:09:00,HALO
41.7,41.7,41.7,41.7,300,2021-05-27 15:10:00,HALO
41.71,41.75,41.69,41.75,11508,2021-05-27 15:11:00,HALO
41.75,41.75,41.71,41.71,1200,2021-05-27 15:12:00,HALO
41.75,41.76,41.72,41.72,1100,2021-05-27 15:16:00,HALO
41.75,41.75,41.72,41.72,1155,2021-05-27 15:17:00,HALO
41.71,41.71,41.7,41.7,200,2021-05-27 15:18:00,HALO
41.72,41.72,41.66,41.66,1936,2021-05-27 15:19:00,HALO
41.655,41.655,41.655,41.655,100,2021-05-27 15:20:00,HALO
41.67,41.67,41.67,41.67,300,2021-05-27 15:21:00,HALO
41.68,41.7,41.68,41.7,843,2021-05-27 15:22:00,HALO
41.68,41.68,41.665,41.665,400,2021-05-27 15:23:00,HALO
41.67,41.68,41.67,41.68,200,2021-05-27 15:24:00,HALO
41.69,41.71,41.69,41.7074,1252,2021-05-27 15:25:00,HALO
41.73,41.73,41.73,41.73,290,2021-05-27 15:26:00,HALO
41.73,41.73,41.7,41.7,700,2021-05-27 15:27:00,HALO
41.69,41.75,41.69,41.75,1099,2021-05-27 15:28:00,HALO
41.71,41.71,41.63,41.63,1851,2021-05-27 15:30:00,HALO
41.68,41.68,41.67,41.67,300,2021-05-27 15:32:00,HALO
41.6816,41.6816,41.6816,41.6816,199,2021-05-27 15:33:00,HALO
41.72,41.73,41.72,41.73,400,2021-05-27 15:34:00,HALO
41.71,41.71,41.7,41.7,300,2021-05-27 15:35:00,HALO
41.73,41.73,41.73,41.73,327,2021-05-27 15:36:00,HALO
41.71,41.71,41.71,41.71,200,2021-05-27 15:38:00,HALO
41.73,41.73,41.73,41.73,100,2021-05-27 15:39:00,HALO
41.74,41.75,41.725,41.725,1100,2021-05-27 15:40:00,HALO
41.73,41.73,41.73,41.73,400,2021-05-27 15:41:00,HALO
41.71,41.71,41.71,41.71,300,2021-05-27 15:42:00,HALO
41.73,41.73,41.71,41.72,600,2021-05-27 15:44:00,HALO
41.725,41.725,41.725,41.725,100,2021-05-27 15:45:00,HALO
41.74,41.74,41.74,41.74,100,2021-05-27 15:46:00,HALO
41.74,41.755,41.73,41.73,2436,2021-05-27 15:47:00,HALO
41.75,41.75,41.75,41.75,424,2021-05-27 15:49:00,HALO
41.735,41.735,41.735,41.735,200,2021-05-27 15:50:00,HALO
41.73,41.735,41.72,41.735,700,2021-05-27 15:51:00,HALO
41.72,41.72,41.72,41.72,271,2021-05-27 15:52:00,HALO
41.69,41.69,41.69,41.69,300,2021-05-27 15:53:00,HALO
41.71,41.71,41.7,41.71,800,2021-05-27 15:55:00,HALO
41.71,41.71,41.71,41.71,499,2021-05-27 15:56:00,HALO
41.715,41.715,41.715,41.715,100,2021-05-27 15:57:00,HALO
41.72,41.72,41.72,41.72,100,2021-05-27 16:00:00,HALO
41.71,41.71,41.71,41.71,100,2021-05-27 16:02:00,HALO
41.7,41.72,41.7,41.71,1100,2021-05-27 16:03:00,HALO
41.69,41.69,41.69,41.69,200,2021-05-27 16:04:00,HALO
41.695,41.695,41.695,41.695,100,2021-05-27 16:06:00,HALO
41.71,41.72,41.71,41.72,700,2021-05-27 16:07:00,HALO
41.715,41.715,41.7,41.7,633,2021-05-27 16:08:00,HALO
41.7,41.71,41.7,41.71,600,2021-05-27 16:09:00,HALO
41.71,41.71,41.71,41.71,102,2021-05-27 16:10:00,HALO
41.72,41.72,41.72,41.72,100,2021-05-27 16:11:00,HALO
41.72,41.73,41.72,41.73,300,2021-05-27 16:12:00,HALO
41.73,41.75,41.73,41.75,1100,2021-05-27 16:13:00,HALO
41.75,41.76,41.75,41.76,2115,2021-05-27 16:14:00,HALO
41.76,41.76,41.74,41.74,1700,2021-05-27 16:15:00,HALO
41.75,41.75,41.74,41.74,583,2021-05-27 16:16:00,HALO
41.745,41.75,41.7404,41.75,759,2021-05-27 16:17:00,HALO
41.75,41.75,41.72,41.73,1095,2021-05-27 16:18:00,HALO
41.74,41.74,41.74,41.74,200,2021-05-27 16:19:00,HALO
41.735,41.735,41.735,41.735,100,2021-05-27 16:21:00,HALO
41.735,41.74,41.72,41.74,350,2021-05-27 16:24:00,HALO
41.7203,41.7203,41.7203,41.7203,105,2021-05-27 16:25:00,HALO
41.73,41.73,41.73,41.73,100,2021-05-27 16:26:00,HALO
41.74,41.75,41.74,41.75,200,2021-05-27 16:27:00,HALO
41.75,41.75,41.74,41.74,700,2021-05-27 16:28:00,HALO
41.74,41.74,41.74,41.74,100,2021-05-27 16:29:00,HALO
41.73,41.735,41.73,41.735,600,2021-05-27 16:30:00,HALO
41.72,41.73,41.72,41.73,200,2021-05-27 16:33:00,HALO
41.74,41.74,41.74,41.74,100,2021-05-27 16:35:00,HALO
41.73,41.73,41.725,41.73,1100,2021-05-27 16:36:00,HALO
41.73,41.75,41.73,41.74,3000,2021-05-27 16:37:00,HALO
41.75,41.75,41.73,41.73,2933,2021-05-27 16:38:00,HALO
41.72,41.725,41.715,41.725,400,2021-05-27 16:39:00,HALO
41.72,41.72,41.71,41.71,200,2021-05-27 16:40:00,HALO
41.72,41.74,41.72,41.72,5750,2021-05-27 16:41:00,HALO
41.75,41.81,41.75,41.78,3689,2021-05-27 16:42:00,HALO
41.78,41.835,41.77,41.78,8193,2021-05-27 16:43:00,HALO
41.78,41.82,41.76,41.77,7516,2021-05-27 16:44:00,HALO
41.78,41.84,41.77,41.84,7100,2021-05-27 16:45:00,HALO
41.84,41.8899,41.82,41.8899,7700,2021-05-27 16:46:00,HALO
41.89,41.89,41.89,41.89,100,2021-05-27 16:47:00,HALO
41.92,41.975,41.92,41.975,2221,2021-05-27 16:48:00,HALO
41.985,41.985,41.96,41.98,700,2021-05-27 16:49:00,HALO
41.9867,42.02,41.9867,42.02,600,2021-05-27 16:50:00,HALO
42.05,42.17,42.03,42.17,17562,2021-05-27 16:51:00,HALO
42.18,42.28,42.17,42.25,3197,2021-05-27 16:52:00,HALO
42.25,42.29,42.25,42.26,15171,2021-05-27 16:53:00,HALO
42.21,42.22,42.17,42.17,1100,2021-05-27 16:54:00,HALO
42.16,42.16,42.135,42.135,536,2021-05-27 16:55:00,HALO
42.15,42.15,42.15,42.15,100,2021-05-27 16:56:00,HALO
42.15,42.15,42.15,42.15,100,2021-05-27 16:57:00,HALO
42.13,42.14,42.12,42.12,500,2021-05-27 16:59:00,HALO
42.14,42.14,42.14,42.14,200,2021-05-27 17:00:00,HALO
42.12,42.12,42.12,42.12,200,2021-05-27 17:01:00,HALO
42.09,42.09,42.09,42.09,326,2021-05-27 17:03:00,HALO
42.09,42.12,42.09,42.09,1050,2021-05-27 17:04:00,HALO
42.12,42.12,42.12,42.12,200,2021-05-27 17:07:00,HALO
42.12,42.12,42.11,42.12,300,2021-05-27 17:09:00,HALO
42.11,42.12,42.1,42.11,1874,2021-05-27 17:10:00,HALO
42.14,42.155,42.14,42.155,600,2021-05-27 17:12:00,HALO
42.14,42.16,42.14,42.16,770,2021-05-27 17:14:00,HALO
42.13,42.13,42.12,42.12,423,2021-05-27 17:15:00,HALO
42.1,42.12,42.1,42.11,900,2021-05-27 17:17:00,HALO
42.13,42.14,42.12,42.12,300,2021-05-27 17:19:00,HALO
42.13,42.14,42.13,42.14,700,2021-05-27 17:20:00,HALO
42.13,42.13,42.09,42.1,3997,2021-05-27 17:21:00,HALO
42.125,42.125,42.125,42.125,100,2021-05-27 17:22:00,HALO
42.09,42.1,42.09,42.1,281,2021-05-27 17:24:00,HALO
42.13,42.14,42.11,42.14,848,2021-05-27 17:25:00,HALO
42.11,42.14,42.11,42.11,700,2021-05-27 17:26:00,HALO
42.095,42.095,42.095,42.095,100,2021-05-27 17:27:00,HALO
42.072,42.072,42.03,42.07,1475,2021-05-27 17:28:00,HALO
42.05,42.05,42.0201,42.0201,618,2021-05-27 17:29:00,HALO
42.035,42.04,42.035,42.04,200,2021-05-27 17:31:00,HALO
42.07,42.07,42.07,42.07,100,2021-05-27 17:32:00,HALO
42.06,42.08,42.06,42.08,600,2021-05-27 17:33:00,HALO
42.11,42.11,42.11,42.11,100,2021-05-27 17:34:00,HALO
42.14,42.15,42.14,42.14,1299,2021-05-27 17:35:00,HALO
42.17,42.17,42.13,42.13,441,2021-05-27 17:36:00,HALO
42.12,42.12,42.12,42.12,100,2021-05-27 17:37:00,HALO
42.08,42.11,42.06,42.1,1542,2021-05-27 17:38:00,HALO
42.1,42.1,42.1,42.1,200,2021-05-27 17:39:00,HALO
42.11,42.11,42.11,42.11,100,2021-05-27 17:43:00,HALO
42.14,42.14,42.13,42.13,528,2021-05-27 17:44:00,HALO
42.12,42.12,42.1,42.1,1300,2021-05-27 17:45:00,HALO
42.1,42.1,42.09,42.09,533,2021-05-27 17:46:00,HALO
42.08,42.08,42.08,42.08,100,2021-05-27 17:47:00,HALO
42.0801,42.0801,42.0801,42.0801,200,2021-05-27 17:48:00,HALO
42.13,42.14,42.13,42.13,600,2021-05-27 17:49:00,HALO
42.12,42.14,42.12,42.13,400,2021-05-27 17:51:00,HALO
42.13,42.13,42.13,42.13,100,2021-05-27 17:52:00,HALO
42.11,42.11,42.1,42.11,800,2021-05-27 17:54:00,HALO
42.11,42.11,42.11,42.11,100,2021-05-27 17:55:00,HALO
42.115,42.13,42.115,42.13,539,2021-05-27 17:56:00,HALO
42.15,42.15,42.14,42.15,300,2021-05-27 17:57:00,HALO
42.16,42.16,42.13,42.14,1031,2021-05-27 17:58:00,HALO
42.14,42.16,42.14,42.16,300,2021-05-27 18:00:00,HALO
42.15,42.15,42.15,42.15,200,2021-05-27 18:01:00,HALO
42.1401,42.1401,42.1401,42.1401,300,2021-05-27 18:02:00,HALO
42.14,42.14,42.06,42.06,1200,2021-05-27 18:03:00,HALO
42.05,42.08,42.04,42.05,700,2021-05-27 18:04:00,HALO
42.03,42.03,42.03,42.03,200,2021-05-27 18:05:00,HALO
42.01,42.03,42.01,42.02,500,2021-05-27 18:06:00,HALO
41.99,41.99,41.96,41.96,200,2021-05-27 18:07:00,HALO
41.95,41.95,41.95,41.95,600,2021-05-27 18:08:00,HALO
41.95,41.96,41.95,41.95,600,2021-05-27 18:09:00,HALO
41.94,41.94,41.93,41.93,500,2021-05-27 18:10:00,HALO
41.935,41.935,41.87,41.87,962,2021-05-27 18:11:00,HALO
41.91,41.91,41.91,41.91,200,2021-05-27 18:12:00,HALO
41.95,41.95,41.94,41.94,900,2021-05-27 18:13:00,HALO
41.94,41.95,41.925,41.925,400,2021-05-27 18:14:00,HALO
41.92,41.95,41.92,41.94,739,2021-05-27 18:18:00,HALO
41.97,41.99,41.96,41.99,400,2021-05-27 18:19:00,HALO
42.01,42.01,42.0,42.0,200,2021-05-27 18:21:00,HALO
42.0307,42.0307,41.99,41.99,1325,2021-05-27 18:22:00,HALO
41.99,41.99,41.99,41.99,226,2021-05-27 18:23:00,HALO
42.02,42.02,42.02,42.02,200,2021-05-27 18:26:00,HALO
42.045,42.05,42.02,42.05,800,2021-05-27 18:27:00,HALO
42.03,42.03,42.03,42.03,525,2021-05-27 18:28:00,HALO
42.03,42.03,42.03,42.03,100,2021-05-27 18:29:00,HALO
42.01,42.01,42.01,42.01,100,2021-05-27 18:30:00,HALO
42.02,42.02,42.02,42.02,100,2021-05-27 18:31:00,HALO
42.02,42.02,42.02,42.02,500,2021-05-27 18:32:00,HALO
42.02,42.02,42.02,42.02,200,2021-05-27 18:33:00,HALO
42.03,42.03,42.03,42.03,300,2021-05-27 18:34:00,HALO
42.02,42.02,42.01,42.02,731,2021-05-27 18:35:00,HALO
42.01,42.02,42.01,42.02,600,2021-05-27 18:36:00,HALO
42.01,42.04,42.01,42.01,800,2021-05-27 18:37:00,HALO
42.03,42.04,42.02,42.03,500,2021-05-27 18:39:00,HALO
42.03,42.03,42.03,42.03,100,2021-05-27 18:40:00,HALO
42.02,42.025,42.02,42.025,500,2021-05-27 18:41:00,HALO
42.02,42.02,42.015,42.02,1737,2021-05-27 18:42:00,HALO
42.01,42.02,42.0,42.0,2000,2021-05-27 18:43:00,HALO
41.99,41.99,41.99,41.99,500,2021-05-27 18:44:00,HALO
41.96,41.98,41.96,41.97,900,2021-05-27 18:46:00,HALO
41.96,41.96,41.96,41.96,100,2021-05-27 18:47:00,HALO
41.965,41.97,41.965,41.97,200,2021-05-27 18:48:00,HALO
41.98,41.98,41.98,41.98,100,2021-05-27 18:49:00,HALO
41.975,41.975,41.975,41.975,100,2021-05-27 18:50:00,HALO
41.97,41.99,41.94,41.97,2200,2021-05-27 18:51:00,HALO
41.96,41.965,41.96,41.965,300,2021-05-27 18:52:00,HALO
41.97,41.97,41.94,41.95,700,2021-05-27 18:53:00,HALO
41.93,41.95,41.93,41.95,350,2021-05-27 18:54:00,HALO
41.95,41.95,41.95,41.95,100,2021-05-27 18:55:00,HALO
41.95,41.95,41.95,41.95,100,2021-05-27 18:56:00,HALO
41.93,41.93,41.93,41.93,100,2021-05-27 18:57:00,HALO
41.91,41.91,41.91,41.91,200,2021-05-27 18:59:00,HALO
41.9,41.9,41.88,41.89,1421,2021-05-27 19:00:00,HALO
41.89,41.895,41.87,41.88,1149,2021-05-27 19:01:00,HALO
41.85,41.86,41.84,41.84,600,2021-05-27 19:02:00,HALO
41.84,41.84,41.84,41.84,100,2021-05-27 19:03:00,HALO
41.83,41.83,41.83,41.83,100,2021-05-27 19:04:00,HALO
41.82,41.82,41.8031,41.81,619,2021-05-27 19:05:00,HALO
41.82,41.82,41.8,41.8,200,2021-05-27 19:06:00,HALO
41.81,41.85,41.801,41.85,715,2021-05-27 19:07:00,HALO
41.86,41.86,41.85,41.86,900,2021-05-27 19:08:00,HALO
41.86,41.86,41.84,41.84,1313,2021-05-27 19:09:00,HALO
41.84,41.84,41.83,41.83,500,2021-05-27 19:12:00,HALO
41.86,41.865,41.86,41.865,300,2021-05-27 19:13:00,HALO
41.885,41.92,41.885,41.92,600,2021-05-27 19:15:00,HALO
41.9,41.93,41.88,41.89,2234,2021-05-27 19:16:00,HALO
41.91,41.91,41.88,41.885,600,2021-05-27 19:17:00,HALO
41.875,41.875,41.875,41.875,100,2021-05-27 19:18:00,HALO
41.885,41.89,41.88,41.89,800,2021-05-27 19:19:00,HALO
41.8815,41.8815,41.85,41.865,1362,2021-05-27 19:20:00,HALO
41.865,41.865,41.84,41.84,1024,2021-05-27 19:21:00,HALO
41.835,41.835,41.835,41.835,100,2021-05-27 19:22:00,HALO
41.84,41.84,41.84,41.84,200,2021-05-27 19:23:00,HALO
41.83,41.84,41.81,41.82,1200,2021-05-27 19:24:00,HALO
41.81,41.81,41.81,41.81,200,2021-05-27 19:25:00,HALO
41.805,41.855,41.805,41.855,900,2021-05-27 19:26:00,HALO
41.87,41.89,41.85,41.85,2046,2021-05-27 19:27:00,HALO
41.85,41.85,41.8334,41.8334,1013,2021-05-27 19:28:00,HALO
41.84,41.87,41.84,41.87,400,2021-05-27 19:29:00,HALO
41.88,41.9025,41.88,41.895,1538,2021-05-27 19:30:00,HALO
41.895,41.895,41.845,41.86,2565,2021-05-27 19:31:00,HALO
41.86,41.86,41.84,41.84,627,2021-05-27 19:32:00,HALO
41.85,41.85,41.845,41.845,200,2021-05-27 19:33:00,HALO
41.84,41.87,41.84,41.87,1300,2021-05-27 19:34:00,HALO
41.88,41.9,41.86,41.87,1260,2021-05-27 19:35:00,HALO
41.88,41.89,41.86,41.8625,3498,2021-05-27 19:36:00,HALO
41.87,41.87,41.83,41.84,2288,2021-05-27 19:37:00,HALO
41.84,41.85,41.84,41.85,200,2021-05-27 19:38:00,HALO
41.85,41.85,41.84,41.85,1500,2021-05-27 19:39:00,HALO
41.84,41.85,41.835,41.85,2249,2021-05-27 19:40:00,HALO
41.85,41.855,41.85,41.855,700,2021-05-27 19:41:00,HALO
41.86,41.86,41.85,41.8525,2500,2021-05-27 19:42:00,HALO
41.845,41.85,41.82,41.82,1641,2021-05-27 19:43:00,HALO
41.83,41.841,41.83,41.841,813,2021-05-27 19:44:00,HALO
41.84,41.85,41.84,41.84,1400,2021-05-27 19:45:00,HALO
41.84,41.84,41.83,41.84,300,2021-05-27 19:46:00,HALO
41.85,41.86,41.845,41.85,1100,2021-05-27 19:47:00,HALO
41.84,41.84,41.825,41.84,1500,2021-05-27 19:48:00,HALO
41.84,41.84,41.82,41.82,2425,2021-05-27 19:49:00,HALO
41.825,41.83,41.8,41.82,4727,2021-05-27 19:50:00,HALO
41.82,41.83,41.81,41.82,2446,2021-05-27 19:51:00,HALO
41.82,41.83,41.81,41.81,2205,2021-05-27 19:52:00,HALO
41.815,41.86,41.8,41.8,6285,2021-05-27 19:53:00,HALO
41.8,41.8,41.77,41.8,2157,2021-05-27 19:54:00,HALO
41.79,41.79,41.79,41.79,600,2021-05-27 19:55:00,HALO
41.805,41.82,41.76,41.82,6895,2021-05-27 19:56:00,HALO
41.81,41.83,41.75,41.82,4802,2021-05-27 19:57:00,HALO
41.83,41.83,41.77,41.77,5651,2021-05-27 19:58:00,HALO
41.78,41.82,41.75,41.75,12441,2021-05-27 19:59:00,HALO
41.75,41.75,41.75,41.75,140378,2021-05-27 20:00:00,HALO
41.75,41.75,41.75,41.75,15497,2021-05-27 20:03:00,HALO
41.65,41.65,41.65,41.65,13337,2021-05-28 13:30:00,HALO
42.02,42.02,41.9,41.9,200,2021-05-28 13:32:00,HALO
41.975,41.975,41.975,41.975,100,2021-05-28 13:33:00,HALO
42.025,42.025,42.025,42.025,307,2021-05-28 13:34:00,HALO
42.156,42.156,42.01,42.01,400,2021-05-28 13:35:00,HALO
42.05,42.05,42.04,42.04,200,2021-05-28 13:38:00,HALO
42.095,42.17,42.095,42.1425,593,2021-05-28 13:39:00,HALO
42.14,42.15,42.11,42.11,500,2021-05-28 13:40:00,HALO
42.06,42.06,42.05,42.06,300,2021-05-28 13:42:00,HALO
42.05,42.05,42.015,42.015,600,2021-05-28 13:43:00,HALO
41.96,41.96,41.96,41.96,118,2021-05-28 13:44:00,HALO
41.98,41.98,41.98,41.98,200,2021-05-28 13:45:00,HALO
41.9,41.91,41.9,41.91,200,2021-05-28 13:47:00,HALO
41.93,41.93,41.93,41.93,100,2021-05-28 13:48:00,HALO
41.93,41.96,41.87,41.9425,1160,2021-05-28 13:49:00,HALO
41.95,41.95,41.95,41.95,100,2021-05-28 13:50:00,HALO
42.0,42.0,41.99,42.0,1150,2021-05-28 13:51:00,HALO
41.985,41.985,41.985,41.985,200,2021-05-28 13:52:00,HALO
41.98,41.98,41.88,41.88,1412,2021-05-28 13:53:00,HALO
41.88,41.93,41.88,41.91,1100,2021-05-28 13:54:00,HALO
41.92,41.92,41.92,41.92,100,2021-05-28 13:55:00,HALO
41.915,41.92,41.86,41.86,906,2021-05-28 13:56:00,HALO
41.8657,41.875,41.8657,41.875,600,2021-05-28 13:57:00,HALO
41.83,41.925,41.83,41.925,1590,2021-05-28 13:58:00,HALO
41.93,41.93,41.85,41.91,1318,2021-05-28 14:00:00,HALO
41.84,41.88,41.81,41.88,1200,2021-05-28 14:01:00,HALO
41.87,41.88,41.855,41.855,696,2021-05-28 14:02:00,HALO
41.825,41.84,41.81,41.81,913,2021-05-28 14:03:00,HALO
41.81,41.825,41.785,41.79,1420,2021-05-28 14:04:00,HALO
41.72,41.72,41.72,41.72,100,2021-05-28 14:05:00,HALO
41.71,41.75,41.71,41.75,200,2021-05-28 14:06:00,HALO
41.76,41.76,41.73,41.74,623,2021-05-28 14:07:00,HALO
41.735,41.74,41.735,41.74,400,2021-05-28 14:08:00,HALO
41.72,41.73,41.71,41.73,500,2021-05-28 14:09:00,HALO
41.76,41.785,41.73,41.785,510,2021-05-28 14:10:00,HALO
41.76,41.84,41.76,41.81,1432,2021-05-28 14:11:00,HALO
41.84,41.8589,41.82,41.82,792,2021-05-28 14:12:00,HALO
41.82,41.92,41.82,41.9,708,2021-05-28 14:13:00,HALO
41.94,41.965,41.92,41.965,400,2021-05-28 14:14:00,HALO
41.96,41.96,41.96,41.96,100,2021-05-28 14:15:00,HALO
41.94,41.94,41.94,41.94,200,2021-05-28 14:16:00,HALO
41.985,41.99,41.98,41.98,790,2021-05-28 14:17:00,HALO
41.965,41.965,41.965,41.965,232,2021-05-28 14:18:00,HALO
41.93,41.93,41.93,41.93,100,2021-05-28 14:19:00,HALO
41.925,41.925,41.915,41.915,665,2021-05-28 14:20:00,HALO
41.96,41.96,41.9487,41.9487,800,2021-05-28 14:21:00,HALO
41.95,41.97,41.87,41.88,2049,2021-05-28 14:22:00,HALO
41.945,41.955,41.945,41.955,1185,2021-05-28 14:23:00,HALO
41.93,41.945,41.93,41.945,609,2021-05-28 14:24:00,HALO
41.905,41.905,41.905,41.905,125,2021-05-28 14:25:00,HALO
41.86,41.86,41.82,41.82,597,2021-05-28 14:26:00,HALO
41.835,41.835,41.8,41.8,402,2021-05-28 14:28:00,HALO
41.7629,41.7629,41.7629,41.7629,221,2021-05-28 14:29:00,HALO
41.82,41.83,41.81,41.81,910,2021-05-28 14:30:00,HALO
41.855,41.86,41.855,41.86,223,2021-05-28 14:32:00,HALO
41.865,41.865,41.84,41.845,1300,2021-05-28 14:33:00,HALO
41.845,41.845,41.845,41.845,104,2021-05-28 14:34:00,HALO
41.8,41.8,41.8,41.8,391,2021-05-28 14:36:00,HALO
41.81,41.81,41.81,41.81,100,2021-05-28 14:37:00,HALO
41.79,41.79,41.79,41.79,200,2021-05-28 14:38:00,HALO
41.76,41.77,41.75,41.77,1135,2021-05-28 14:39:00,HALO
41.77,41.77,41.77,41.77,616,2021-05-28 14:40:00,HALO
41.76,41.76,41.73,41.73,500,2021-05-28 14:41:00,HALO
41.78,41.79,41.755,41.755,500,2021-05-28 14:43:00,HALO
41.81,41.8499,41.81,41.8499,332,2021-05-28 14:44:00,HALO
41.78,41.785,41.78,41.785,508,2021-05-28 14:45:00,HALO
41.75,41.75,41.75,41.75,100,2021-05-28 14:47:00,HALO
41.73,41.76,41.73,41.76,1204,2021-05-28 14:49:00,HALO
41.765,41.765,41.765,41.765,190,2021-05-28 14:50:00,HALO
41.765,41.765,41.765,41.765,194,2021-05-28 14:51:00,HALO
41.77,41.77,41.765,41.765,215,2021-05-28 14:54:00,HALO
41.77,41.77,41.77,41.77,200,2021-05-28 14:55:00,HALO
41.75,41.75,41.73,41.73,800,2021-05-28 14:56:00,HALO
41.7,41.73,41.7,41.705,1481,2021-05-28 14:57:00,HALO
41.75,41.75,41.74,41.74,425,2021-05-28 14:58:00,HALO
41.77,41.78,41.75,41.75,2400,2021-05-28 15:00:00,HALO
41.78,41.78,41.74,41.74,300,2021-05-28 15:01:00,HALO
41.75,41.75,41.75,41.75,211,2021-05-28 15:02:00,HALO
41.74,41.74,41.74,41.74,100,2021-05-28 15:04:00,HALO
41.76,41.76,41.74,41.74,1015,2021-05-28 15:05:00,HALO
41.75,41.75,41.73,41.73,725,2021-05-28 15:07:00,HALO
41.71,41.71,41.68,41.68,828,2021-05-28 15:08:00,HALO
41.72,41.75,41.72,41.75,300,2021-05-28 15:11:00,HALO
41.7301,41.75,41.7301,41.75,232,2021-05-28 15:12:00,HALO
41.73,41.73,41.67,41.67,602,2021-05-28 15:13:00,HALO
41.695,41.695,41.69,41.69,600,2021-05-28 15:14:00,HALO
41.66,41.685,41.66,41.67,2300,2021-05-28 15:15:00,HALO
41.67,41.67,41.67,41.67,200,2021-05-28 15:16:00,HALO
41.69,41.705,41.67,41.67,400,2021-05-28 15:17:00,HALO
41.68,41.68,41.68,41.68,200,2021-05-28 15:18:00,HALO
41.68,41.705,41.68,41.705,806,2021-05-28 15:19:00,HALO
41.705,41.705,41.705,41.705,100,2021-05-28 15:20:00,HALO
41.71,41.71,41.67,41.67,1156,2021-05-28 15:23:00,HALO
41.67,41.67,41.67,41.67,200,2021-05-28 15:24:00,HALO
41.69,41.69,41.66,41.66,200,2021-05-28 15:25:00,HALO
41.665,41.665,41.63,41.63,800,2021-05-28 15:27:00,HALO
41.625,41.625,41.57,41.57,800,2021-05-28 15:28:00,HALO
41.53,41.56,41.53,41.55,700,2021-05-28 15:29:00,HALO
41.55,41.55,41.53,41.53,700,2021-05-28 15:30:00,HALO
41.52,41.55,41.51,41.53,2300,2021-05-28 15:31:00,HALO
41.53,41.53,41.525,41.525,200,2021-05-28 15:32:00,HALO
41.53,41.53,41.52,41.52,1116,2021-05-28 15:33:00,HALO
41.52,41.535,41.52,41.535,1100,2021-05-28 15:34:00,HALO
41.55,41.595,41.55,41.595,700,2021-05-28 15:35:00,HALO
41.615,41.62,41.615,41.62,400,2021-05-28 15:36:00,HALO
41.655,41.655,41.64,41.64,700,2021-05-28 15:38:00,HALO
41.62,41.62,41.62,41.62,321,2021-05-28 15:40:00,HALO
41.66,41.66,41.66,41.66,100,2021-05-28 15:41:00,HALO
41.665,41.68,41.665,41.68,200,2021-05-28 15:42:00,HALO
41.6825,41.6825,41.6825,41.6825,100,2021-05-28 15:43:00,HALO
41.68,41.68,41.68,41.68,100,2021-05-28 15:45:00,HALO
41.685,41.71,41.68,41.71,400,2021-05-28 15:46:00,HALO
41.715,41.72,41.71,41.71,300,2021-05-28 15:47:00,HALO
41.71,41.71,41.71,41.71,200,2021-05-28 15:48:00,HALO
41.72,41.72,41.72,41.72,100,2021-05-28 15:49:00,HALO
41.725,41.725,41.725,41.725,200,2021-05-28 15:50:00,HALO
41.73,41.73,41.73,41.73,200,2021-05-28 15:54:00,HALO
41.735,41.735,41.735,41.735,108,2021-05-28 15:55:00,HALO
41.73,41.735,41.72,41.735,600,2021-05-28 15:57:00,HALO
41.735,41.735,41.71,41.71,691,2021-05-28 15:58:00,HALO
41.725,41.725,41.725,41.725,100,2021-05-28 16:01:00,HALO
41.71,41.71,41.71,41.71,1100,2021-05-28 16:03:00,HALO
41.725,41.725,41.71,41.72,682,2021-05-28 16:04:00,HALO
41.7,41.715,41.69,41.71,2009,2021-05-28 16:06:00,HALO
41.71,41.71,41.69,41.69,912,2021-05-28 16:07:00,HALO
41.66,41.66,41.65,41.65,300,2021-05-28 16:08:00,HALO
41.64,41.64,41.63,41.63,500,2021-05-28 16:09:00,HALO
41.615,41.645,41.615,41.645,1300,2021-05-28 16:10:00,HALO
41.645,41.645,41.645,41.645,100,2021-05-28 16:11:00,HALO
41.645,41.66,41.645,41.65,800,2021-05-28 16:12:00,HALO
41.66,41.66,41.64,41.64,200,2021-05-28 16:14:00,HALO
41.68,41.695,41.66,41.675,1300,2021-05-28 16:18:00,HALO
41.68,41.68,41.66,41.66,300,2021-05-28 16:20:00,HALO
41.66,41.66,41.65,41.66,909,2021-05-28 16:21:00,HALO
41.65,41.67,41.65,41.655,1424,2021-05-28 16:22:00,HALO
41.645,41.645,41.645,41.645,200,2021-05-28 16:23:00,HALO
41.64,41.64,41.64,41.64,113,2021-05-28 16:24:00,HALO
41.645,41.645,41.645,41.645,200,2021-05-28 16:25:00,HALO
41.645,41.645,41.645,41.645,200,2021-05-28 16:26:00,HALO
41.645,41.685,41.64,41.68,1400,2021-05-28 16:27:00,HALO
41.69,41.69,41.68,41.68,300,2021-05-28 16:28:00,HALO
41.725,41.75,41.725,41.75,305,2021-05-28 16:30:00,HALO
41.75,41.775,41.75,41.775,511,2021-05-28 16:31:00,HALO
41.79,41.8,41.775,41.775,600,2021-05-28 16:33:00,HALO
41.775,41.775,41.775,41.775,200,2021-05-28 16:35:00,HALO
41.78,41.81,41.78,41.81,491,2021-05-28 16:36:00,HALO
41.83,41.835,41.82,41.835,485,2021-05-28 16:38:00,HALO
41.82,41.82,41.82,41.82,100,2021-05-28 16:39:00,HALO
41.85,41.85,41.82,41.82,1300,2021-05-28 16:40:00,HALO
41.845,41.845,41.845,41.845,100,2021-05-28 16:41:00,HALO
41.845,41.845,41.845,41.845,100,2021-05-28 16:42:00,HALO
41.85,41.87,41.85,41.855,700,2021-05-28 16:43:00,HALO
41.85,41.875,41.85,41.875,496,2021-05-28 16:44:00,HALO
41.875,41.875,41.875,41.875,291,2021-05-28 16:45:00,HALO
41.86,41.89,41.86,41.89,500,2021-05-28 16:46:00,HALO
41.87,41.88,41.83,41.835,2314,2021-05-28 16:47:00,HALO
41.82,41.82,41.79,41.79,1744,2021-05-28 16:48:00,HALO
41.8,41.8,41.7975,41.8,803,2021-05-28 16:49:00,HALO
41.79,41.79,41.79,41.79,200,2021-05-28 16:50:00,HALO
41.79,41.79,41.77,41.77,400,2021-05-28 16:51:00,HALO
41.78,41.795,41.78,41.78,710,2021-05-28 16:52:00,HALO
41.785,41.785,41.785,41.785,100,2021-05-28 16:53:00,HALO
41.795,41.795,41.795,41.795,330,2021-05-28 16:54:00,HALO
41.82,41.82,41.8,41.82,2446,2021-05-28 16:55:00,HALO
41.815,41.815,41.815,41.815,113,2021-05-28 16:56:00,HALO
41.8,41.8,41.8,41.8,100,2021-05-28 16:57:00,HALO
41.79,41.805,41.79,41.8,1703,2021-05-28 16:58:00,HALO
41.8,41.8,41.8,41.8,490,2021-05-28 17:00:00,HALO
41.82,41.82,41.8,41.8,400,2021-05-28 17:02:00,HALO
41.825,41.825,41.81,41.81,201,2021-05-28 17:03:00,HALO
41.825,41.825,41.79,41.79,610,2021-05-28 17:04:00,HALO
41.8,41.8,41.8,41.8,200,2021-05-28 17:05:00,HALO
41.79,41.79,41.77,41.775,721,2021-05-28 17:06:00,HALO
41.76,41.77,41.76,41.77,200,2021-05-28 17:07:00,HALO
41.78,41.78,41.74,41.75,1703,2021-05-28 17:08:00,HALO
41.75,41.75,41.75,41.75,200,2021-05-28 17:09:00,HALO
41.76,41.76,41.755,41.755,1200,2021-05-28 17:10:00,HALO
41.7524,41.76,41.73,41.73,2643,2021-05-28 17:11:00,HALO
41.71,41.71,41.67,41.68,1793,2021-05-28 17:12:00,HALO
41.695,41.695,41.695,41.695,500,2021-05-28 17:13:00,HALO
41.71,41.715,41.7,41.715,1400,2021-05-28 17:14:00,HALO
41.715,41.7795,41.715,41.7795,1023,2021-05-28 17:15:00,HALO
41.765,41.77,41.72,41.74,2113,2021-05-28 17:16:00,HALO
41.72,41.72,41.72,41.72,200,2021-05-28 17:17:00,HALO
41.715,41.715,41.715,41.715,100,2021-05-28 17:18:00,HALO
41.71,41.73,41.71,41.72,300,2021-05-28 17:19:00,HALO
41.74,41.74,41.74,41.74,100,2021-05-28 17:20:00,HALO
41.73,41.73,41.73,41.73,200,2021-05-28 17:21:00,HALO
41.72,41.72,41.72,41.72,100,2021-05-28 17:23:00,HALO
41.69,41.7,41.66,41.68,1403,2021-05-28 17:25:00,HALO
41.67,41.67,41.66,41.67,500,2021-05-28 17:28:00,HALO
41.65,41.65,41.63,41.64,1223,2021-05-28 17:29:00,HALO
41.64,41.65,41.64,41.65,300,2021-05-28 17:30:00,HALO
41.645,41.655,41.645,41.655,1800,2021-05-28 17:31:00,HALO
41.655,41.655,41.655,41.655,100,2021-05-28 17:32:00,HALO
41.64,41.64,41.62,41.6261,1181,2021-05-28 17:33:00,HALO
41.635,41.635,41.635,41.635,100,2021-05-28 17:34:00,HALO
41.64,41.64,41.62,41.64,400,2021-05-28 17:35:00,HALO
41.64,41.64,41.62,41.63,522,2021-05-28 17:36:00,HALO
41.625,41.625,41.59,41.59,921,2021-05-28 17:37:00,HALO
41.57,41.58,41.57,41.57,700,2021-05-28 17:38:00,HALO
41.56,41.57,41.49,41.49,1100,2021-05-28 17:39:00,HALO
41.46,41.52,41.46,41.49,3100,2021-05-28 17:40:00,HALO
41.505,41.515,41.505,41.515,200,2021-05-28 17:41:00,HALO
41.53,41.53,41.51,41.51,400,2021-05-28 17:42:00,HALO
41.51,41.51,41.51,41.51,200,2021-05-28 17:43:00,HALO
41.52,41.52,41.52,41.52,400,2021-05-28 17:44:00,HALO
41.52,41.52,41.52,41.52,200,2021-05-28 17:45:00,HALO
41.52,41.555,41.52,41.555,1500,2021-05-28 17:46:00,HALO
41.58,41.63,41.57,41.62,3339,2021-05-28 17:47:00,HALO
41.61,41.61,41.61,41.61,100,2021-05-28 17:48:00,HALO
41.61,41.61,41.61,41.61,100,2021-05-28 17:49:00,HALO
41.615,41.64,41.61,41.64,800,2021-05-28 17:50:00,HALO
41.64,41.65,41.64,41.65,300,2021-05-28 17:51:00,HALO
41.64,41.64,41.61,41.61,1350,2021-05-28 17:52:00,HALO
41.615,41.62,41.615,41.62,200,2021-05-28 17:53:00,HALO
41.61,41.61,41.57,41.57,785,2021-05-28 17:54:00,HALO
41.55,41.55,41.53,41.53,900,2021-05-28 17:55:00,HALO
41.555,41.58,41.555,41.575,510,2021-05-28 17:56:00,HALO
41.57,41.57,41.565,41.565,300,2021-05-28 17:57:00,HALO
41.54,41.54,41.51,41.51,300,2021-05-28 17:58:00,HALO
41.51,41.51,41.49,41.49,1444,2021-05-28 17:59:00,HALO
41.505,41.53,41.505,41.52,300,2021-05-28 18:00:00,HALO
41.58,41.59,41.575,41.575,300,2021-05-28 18:01:00,HALO
41.58,41.58,41.575,41.575,390,2021-05-28 18:02:00,HALO
41.575,41.575,41.555,41.555,600,2021-05-28 18:04:00,HALO
41.54,41.54,41.51,41.515,1000,2021-05-28 18:05:00,HALO
41.52,41.52,41.515,41.515,200,2021-05-28 18:06:00,HALO
41.515,41.515,41.515,41.515,100,2021-05-28 18:07:00,HALO
41.53,41.535,41.53,41.535,400,2021-05-28 18:08:00,HALO
41.53,41.53,41.525,41.525,292,2021-05-28 18:09:00,HALO
41.5,41.53,41.5,41.52,493,2021-05-28 18:10:00,HALO
41.515,41.52,41.49,41.49,400,2021-05-28 18:11:00,HALO
41.505,41.505,41.5,41.5,200,2021-05-28 18:12:00,HALO
41.5,41.54,41.49,41.54,716,2021-05-28 18:13:00,HALO
41.55,41.55,41.54,41.54,200,2021-05-28 18:14:00,HALO
41.54,41.59,41.54,41.56,500,2021-05-28 18:15:00,HALO
41.59,41.6,41.57,41.57,1000,2021-05-28 18:16:00,HALO
41.57,41.61,41.57,41.61,1700,2021-05-28 18:17:00,HALO
41.63,41.63,41.63,41.63,100,2021-05-28 18:18:00,HALO
41.64,41.64,41.61,41.62,1113,2021-05-28 18:19:00,HALO
41.6,41.6,41.6,41.6,100,2021-05-28 18:20:00,HALO
41.615,41.615,41.615,41.615,100,2021-05-28 18:21:00,HALO
41.62,41.62,41.61,41.62,400,2021-05-28 18:22:00,HALO
41.615,41.615,41.615,41.615,100,2021-05-28 18:23:00,HALO
41.625,41.63,41.625,41.63,230,2021-05-28 18:24:00,HALO
41.61,41.61,41.6,41.6,200,2021-05-28 18:25:00,HALO
41.62,41.62,41.605,41.605,300,2021-05-28 18:26:00,HALO
41.6,41.6,41.6,41.6,200,2021-05-28 18:27:00,HALO
41.61,41.64,41.61,41.64,1969,2021-05-28 18:28:00,HALO
41.65,41.655,41.65,41.655,413,2021-05-28 18:29:00,HALO
41.65,41.68,41.64,41.64,500,2021-05-28 18:30:00,HALO
41.62,41.645,41.57,41.57,2226,2021-05-28 18:32:00,HALO
41.58,41.61,41.57,41.595,400,2021-05-28 18:33:00,HALO
41.61,41.61,41.61,41.61,200,2021-05-28 18:34:00,HALO
41.62,41.62,41.62,41.62,219,2021-05-28 18:35:00,HALO
41.62,41.62,41.62,41.62,311,2021-05-28 18:36:00,HALO
41.595,41.63,41.595,41.63,200,2021-05-28 18:37:00,HALO
41.595,41.595,41.595,41.595,100,2021-05-28 18:40:00,HALO
41.61,41.62,41.61,41.61,1431,2021-05-28 18:41:00,HALO
41.61,41.63,41.61,41.62,800,2021-05-28 18:42:00,HALO
41.6,41.6,41.6,41.6,430,2021-05-28 18:43:00,HALO
41.6,41.61,41.6,41.61,300,2021-05-28 18:44:00,HALO
41.6,41.61,41.6,41.61,200,2021-05-28 18:47:00,HALO
41.605,41.64,41.605,41.64,700,2021-05-28 18:48:00,HALO
41.63,41.63,41.63,41.63,769,2021-05-28 18:49:00,HALO
41.63,41.64,41.63,41.64,200,2021-05-28 18:50:00,HALO
41.6534,41.6534,41.6534,41.6534,100,2021-05-28 18:51:00,HALO
41.63,41.64,41.62,41.62,500,2021-05-28 18:52:00,HALO
41.64,41.64,41.64,41.64,100,2021-05-28 18:53:00,HALO
41.62,41.66,41.62,41.64,1493,2021-05-28 18:54:00,HALO
41.66,41.67,41.65,41.65,500,2021-05-28 18:55:00,HALO
41.64,41.64,41.62,41.62,841,2021-05-28 18:56:00,HALO
41.67,41.67,41.63,41.63,607,2021-05-28 18:57:00,HALO
41.655,41.655,41.64,41.64,201,2021-05-28 18:58:00,HALO
41.65,41.69,41.65,41.69,477,2021-05-28 18:59:00,HALO
41.69,41.69,41.64,41.64,3524,2021-05-28 19:00:00,HALO
41.66,41.665,41.65,41.65,300,2021-05-28 19:01:00,HALO
41.665,41.68,41.645,41.68,2044,2021-05-28 19:02:00,HALO
41.68,41.68,41.68,41.68,100,2021-05-28 19:04:00,HALO
41.69,41.69,41.69,41.69,100,2021-05-28 19:05:00,HALO
41.69,41.69,41.68,41.68,300,2021-05-28 19:06:00,HALO
41.69,41.69,41.69,41.69,200,2021-05-28 19:07:00,HALO
41.67,41.67,41.67,41.67,850,2021-05-28 19:08:00,HALO
41.7,41.7,41.66,41.66,900,2021-05-28 19:10:00,HALO
41.65,41.65,41.58,41.58,1019,2021-05-28 19:11:00,HALO
41.59,41.64,41.59,41.62,547,2021-05-28 19:12:00,HALO
41.63,41.66,41.63,41.65,500,2021-05-28 19:14:00,HALO
41.66,41.66,41.66,41.66,100,2021-05-28 19:15:00,HALO
41.67,41.67,41.65,41.67,718,2021-05-28 19:16:00,HALO
41.68,41.68,41.68,41.68,300,2021-05-28 19:17:00,HALO
41.7,41.7,41.7,41.7,100,2021-05-28 19:18:00,HALO
41.7,41.7,41.7,41.7,219,2021-05-28 19:19:00,HALO
41.705,41.705,41.705,41.705,100,2021-05-28 19:20:00,HALO
41.72,41.72,41.72,41.72,100,2021-05-28 19:21:00,HALO
41.71,41.71,41.71,41.71,100,2021-05-28 19:22:00,HALO
41.71,41.71,41.69,41.69,734,2021-05-28 19:23:00,HALO
41.68,41.68,41.675,41.675,400,2021-05-28 19:24:00,HALO
41.67,41.67,41.61,41.62,1843,2021-05-28 19:25:00,HALO
41.61,41.61,41.56,41.6,1200,2021-05-28 19:26:00,HALO
41.595,41.61,41.59,41.61,500,2021-05-28 19:27:00,HALO
41.63,41.63,41.6,41.6,300,2021-05-28 19:28:00,HALO
41.62,41.62,41.62,41.62,618,2021-05-28 19:29:00,HALO
41.61,41.62,41.58,41.6,1489,2021-05-28 19:30:00,HALO
41.58,41.6,41.58,41.59,4415,2021-05-28 19:31:00,HALO
41.6,41.6,41.58,41.58,1765,2021-05-28 19:32:00,HALO
41.56,41.56,41.52,41.545,1850,2021-05-28 19:33:00,HALO
41.55,41.56,41.55,41.56,600,2021-05-28 19:34:00,HALO
41.55,41.55,41.54,41.54,1114,2021-05-28 19:35:00,HALO
41.54,41.54,41.54,41.54,300,2021-05-28 19:36:00,HALO
41.54,41.56,41.54,41.56,300,2021-05-28 19:37:00,HALO
41.56,41.565,41.54,41.56,900,2021-05-28 19:38:00,HALO
41.57,41.57,41.53,41.54,2067,2021-05-28 19:39:00,HALO
41.54,41.54,41.49,41.5,4281,2021-05-28 19:40:00,HALO
41.49,41.49,41.45,41.45,1801,2021-05-28 19:41:00,HALO
41.455,41.47,41.44,41.44,1527,2021-05-28 19:42:00,HALO
41.425,41.425,41.38,41.38,2492,2021-05-28 19:43:00,HALO
41.38,41.41,41.36,41.36,2676,2021-05-28 19:44:00,HALO
41.37,41.4,41.37,41.395,3849,2021-05-28 19:45:00,HALO
41.41,41.415,41.395,41.4,2096,2021-05-28 19:46:00,HALO
41.4,41.4,41.37,41.3716,2352,2021-05-28 19:47:00,HALO
41.37,41.37,41.35,41.36,2661,2021-05-28 19:48:00,HALO
41.37,41.38,41.36,41.37,3651,2021-05-28 19:49:00,HALO
41.4,41.41,41.34,41.38,5065,2021-05-28 19:50:00,HALO
41.37,41.39,41.37,41.39,4618,2021-05-28 19:51:00,HALO
41.38,41.4,41.38,41.39,2988,2021-05-28 19:52:00,HALO
41.41,41.47,41.41,41.41,5312,2021-05-28 19:53:00,HALO
41.43,41.47,41.41,41.455,7962,2021-05-28 19:54:00,HALO
41.455,41.46,41.4,41.425,5978,2021-05-28 19:55:00,HALO
41.41,41.46,41.41,41.43,5433,2021-05-28 19:56:00,HALO
41.445,41.46,41.4334,41.46,5764,2021-05-28 19:57:00,HALO
41.46,41.46,41.4,41.4,8801,2021-05-28 19:58:00,HALO
41.4,41.44,41.375,41.42,14628,2021-05-28 19:59:00,HALO
41.41,41.41,41.41,41.41,209410,2021-05-28 20:00:00,HALO
41.41,41.41,41.41,41.41,208,2021-05-28 20:03:00,HALO
41.41,41.41,41.41,41.41,59173,2021-05-28 20:41:00,HALO
