open,high,low,close,volume,datetime,symbol
21.78,21.78,21.69,21.69,1200,2021-06-01 13:25:00,INNV
22.0,22.14,21.55,22.14,1110,2021-06-01 13:30:00,INNV
21.965,21.965,21.62,21.72,6077,2021-06-01 13:35:00,INNV
21.64,21.715,21.62,21.715,602,2021-06-01 13:40:00,INNV
21.72,21.72,21.63,21.72,1400,2021-06-01 13:45:00,INNV
21.72,21.72,21.63,21.64,1501,2021-06-01 13:50:00,INNV
21.68,21.69,21.5,21.58,6200,2021-06-01 13:55:00,INNV
21.595,21.595,21.49,21.53,900,2021-06-01 14:00:00,INNV
21.5394,21.77,21.53,21.77,2914,2021-06-01 14:05:00,INNV
21.67,21.855,21.67,21.79,2500,2021-06-01 14:10:00,INNV
21.79,21.84,21.79,21.84,200,2021-06-01 14:15:00,INNV
21.7994,21.99,21.78,21.99,3300,2021-06-01 14:25:00,INNV
21.99,22.08,21.97,21.97,750,2021-06-01 14:30:00,INNV
21.965,21.965,21.9,21.95,2074,2021-06-01 14:35:00,INNV
21.91,21.975,21.9,21.975,1912,2021-06-01 14:40:00,INNV
21.975,21.975,21.88,21.88,1807,2021-06-01 14:45:00,INNV
21.9,21.9,21.7,21.72,1058,2021-06-01 14:50:00,INNV
21.68,21.68,21.57,21.58,900,2021-06-01 14:55:00,INNV
21.66,21.75,21.6315,21.75,580,2021-06-01 15:00:00,INNV
21.66,21.81,21.575,21.775,3115,2021-06-01 15:05:00,INNV
21.775,21.84,21.75,21.84,900,2021-06-01 15:10:00,INNV
21.84,21.86,21.825,21.845,1100,2021-06-01 15:15:00,INNV
21.81,21.84,21.78,21.78,712,2021-06-01 15:20:00,INNV
21.85,21.85,21.82,21.82,1041,2021-06-01 15:25:00,INNV
21.86,21.86,21.81,21.86,400,2021-06-01 15:30:00,INNV
21.76,21.805,21.71,21.71,1180,2021-06-01 15:35:00,INNV
21.765,21.765,21.765,21.765,200,2021-06-01 15:40:00,INNV
21.765,21.765,21.71,21.765,800,2021-06-01 15:45:00,INNV
21.81,21.82,21.71,21.715,1000,2021-06-01 15:50:00,INNV
21.775,21.83,21.775,21.8,1900,2021-06-01 15:55:00,INNV
21.78,21.785,21.74,21.785,1300,2021-06-01 16:00:00,INNV
21.82,21.83,21.78,21.81,800,2021-06-01 16:05:00,INNV
21.81,21.84,21.81,21.84,200,2021-06-01 16:10:00,INNV
21.815,21.84,21.78,21.815,900,2021-06-01 16:15:00,INNV
21.82,21.84,21.79,21.84,900,2021-06-01 16:20:00,INNV
21.81,21.84,21.8,21.82,400,2021-06-01 16:25:00,INNV
21.79,21.85,21.79,21.82,1300,2021-06-01 16:30:00,INNV
21.84,21.84,21.815,21.815,200,2021-06-01 16:35:00,INNV
21.825,21.91,21.825,21.91,7296,2021-06-01 16:40:00,INNV
21.91,22.11,21.91,22.11,1500,2021-06-01 16:45:00,INNV
22.115,22.115,22.1,22.1,700,2021-06-01 16:50:00,INNV
22.06,22.07,22.0,22.0,877,2021-06-01 16:55:00,INNV
22.02,22.02,21.88,21.88,2300,2021-06-01 17:05:00,INNV
21.88,21.89,21.85,21.85,800,2021-06-01 17:10:00,INNV
21.905,21.93,21.85,21.93,500,2021-06-01 17:15:00,INNV
21.93,21.93,21.93,21.93,200,2021-06-01 17:20:00,INNV
21.92,21.92,21.86,21.895,1093,2021-06-01 17:25:00,INNV
21.93,21.99,21.93,21.99,1369,2021-06-01 17:30:00,INNV
22.0,22.08,22.0,22.05,1843,2021-06-01 17:35:00,INNV
22.08,22.08,22.08,22.08,300,2021-06-01 17:40:00,INNV
22.08,22.09,22.05,22.07,621,2021-06-01 17:45:00,INNV
22.03,22.03,21.95,21.95,600,2021-06-01 17:50:00,INNV
21.89,21.915,21.835,21.905,1299,2021-06-01 17:55:00,INNV
21.91,21.915,21.91,21.915,200,2021-06-01 18:00:00,INNV
21.92,21.92,21.88,21.92,1002,2021-06-01 18:05:00,INNV
21.97,22.03,21.97,22.03,2326,2021-06-01 18:10:00,INNV
21.99,21.99,21.94,21.94,850,2021-06-01 18:15:00,INNV
21.885,21.99,21.88,21.93,1400,2021-06-01 18:20:00,INNV
21.93,21.98,21.93,21.98,300,2021-06-01 18:25:00,INNV
22.01,22.04,21.91,21.915,1300,2021-06-01 18:30:00,INNV
21.92,21.98,21.92,21.98,400,2021-06-01 18:35:00,INNV
21.99,22.04,21.9701,21.9701,718,2021-06-01 18:40:00,INNV
22.015,22.06,22.015,22.06,500,2021-06-01 18:45:00,INNV
22.015,22.015,21.93,21.93,1100,2021-06-01 18:50:00,INNV
22.04,22.04,22.04,22.04,200,2021-06-01 18:55:00,INNV
21.87,21.99,21.87,21.99,1465,2021-06-01 19:00:00,INNV
21.94,21.95,21.9,21.905,1400,2021-06-01 19:05:00,INNV
21.95,21.95,21.59,21.6,2065,2021-06-01 19:10:00,INNV
21.62,21.695,21.26,21.36,3800,2021-06-01 19:15:00,INNV
21.48,21.78,21.48,21.78,5473,2021-06-01 19:20:00,INNV
21.74,21.74,21.705,21.74,500,2021-06-01 19:25:00,INNV
21.74,21.78,21.47,21.725,5288,2021-06-01 19:30:00,INNV
21.75,21.75,21.675,21.69,2602,2021-06-01 19:35:00,INNV
21.69,21.7,21.67,21.685,2000,2021-06-01 19:40:00,INNV
21.7,21.73,21.6,21.62,4621,2021-06-01 19:45:00,INNV
21.63,21.66,21.565,21.57,4837,2021-06-01 19:50:00,INNV
21.59,22.02,21.59,21.825,78081,2021-06-01 19:55:00,INNV
21.89,21.89,21.89,21.89,4940,2021-06-01 20:00:00,INNV
21.72,21.77,21.72,21.77,820,2021-06-02 13:30:00,INNV
21.81,21.81,21.38,21.385,1505,2021-06-02 13:35:00,INNV
21.46,21.615,21.46,21.5,15597,2021-06-02 13:40:00,INNV
21.505,21.505,21.5,21.5,8783,2021-06-02 13:45:00,INNV
21.54,21.55,21.5,21.5,9067,2021-06-02 13:55:00,INNV
21.5,21.52,21.5,21.5,6692,2021-06-02 14:00:00,INNV
21.5,21.51,21.5,21.51,3848,2021-06-02 14:05:00,INNV
21.51,21.51,21.5,21.51,800,2021-06-02 14:10:00,INNV
21.51,21.52,21.5,21.51,2261,2021-06-02 14:15:00,INNV
21.515,21.53,21.515,21.52,1726,2021-06-02 14:20:00,INNV
21.54,21.65,21.54,21.65,600,2021-06-02 14:25:00,INNV
21.615,21.615,21.5,21.5,3612,2021-06-02 14:30:00,INNV
21.5,21.5,21.5,21.5,2661,2021-06-02 14:35:00,INNV
21.5,21.5,21.5,21.5,299,2021-06-02 14:40:00,INNV
21.5,21.51,21.34,21.34,3193,2021-06-02 14:45:00,INNV
21.33,21.33,21.33,21.33,200,2021-06-02 14:50:00,INNV
21.33,21.33,21.26,21.26,600,2021-06-02 14:55:00,INNV
21.26,21.26,21.1,21.1,1000,2021-06-02 15:00:00,INNV
21.1042,21.14,21.04,21.135,3888,2021-06-02 15:05:00,INNV
21.135,21.135,21.04,21.06,400,2021-06-02 15:10:00,INNV
21.12,21.12,21.04,21.095,804,2021-06-02 15:20:00,INNV
21.04,21.04,20.85,20.93,3200,2021-06-02 15:25:00,INNV
20.985,20.985,20.985,20.985,300,2021-06-02 15:30:00,INNV
20.95,20.95,20.95,20.95,100,2021-06-02 15:35:00,INNV
20.95,20.97,20.93,20.97,2300,2021-06-02 15:40:00,INNV
20.945,20.945,20.945,20.945,100,2021-06-02 15:45:00,INNV
20.945,20.945,20.945,20.945,100,2021-06-02 15:50:00,INNV
20.9828,21.03,20.975,21.0,1533,2021-06-02 15:55:00,INNV
21.06,21.155,21.06,21.13,800,2021-06-02 16:00:00,INNV
21.16,21.21,21.11,21.15,1799,2021-06-02 16:05:00,INNV
21.18,21.18,21.13,21.17,400,2021-06-02 16:15:00,INNV
21.17,21.21,21.17,21.21,300,2021-06-02 16:20:00,INNV
21.12,21.12,20.955,20.965,2322,2021-06-02 16:25:00,INNV
21.01,21.085,21.0,21.08,1600,2021-06-02 16:30:00,INNV
21.08,21.08,21.02,21.08,500,2021-06-02 16:35:00,INNV
21.08,21.08,21.08,21.08,200,2021-06-02 16:40:00,INNV
21.02,21.025,21.0,21.025,698,2021-06-02 16:45:00,INNV
21.025,21.025,21.025,21.025,100,2021-06-02 16:50:00,INNV
21.025,21.08,21.025,21.08,1001,2021-06-02 16:55:00,INNV
21.06,21.06,20.995,20.995,1052,2021-06-02 17:00:00,INNV
20.99,20.99,20.975,20.99,599,2021-06-02 17:05:00,INNV
20.99,20.99,20.98,20.98,400,2021-06-02 17:10:00,INNV
20.98,21.01,20.98,21.0,1100,2021-06-02 17:15:00,INNV
20.995,21.0,20.995,21.0,300,2021-06-02 17:20:00,INNV
20.97,21.0,20.97,21.0,1671,2021-06-02 17:25:00,INNV
20.98,20.98,20.98,20.98,500,2021-06-02 17:30:00,INNV
21.0,21.01,20.97,20.97,500,2021-06-02 17:35:00,INNV
21.0,21.02,20.98,21.01,1973,2021-06-02 17:40:00,INNV
21.01,21.01,20.99,20.99,200,2021-06-02 17:45:00,INNV
20.98,20.99,20.92,20.92,1405,2021-06-02 17:50:00,INNV
20.96,20.98,20.955,20.98,850,2021-06-02 17:55:00,INNV
20.96,21.06,20.96,21.02,2200,2021-06-02 18:00:00,INNV
21.0,21.02,20.965,20.98,1937,2021-06-02 18:10:00,INNV
20.96,20.98,20.96,20.98,500,2021-06-02 18:15:00,INNV
20.88,20.89,20.81,20.83,1600,2021-06-02 18:20:00,INNV
20.845,20.845,20.845,20.845,100,2021-06-02 18:25:00,INNV
20.8,20.83,20.72,20.83,2845,2021-06-02 18:30:00,INNV
20.83,20.83,20.83,20.83,100,2021-06-02 18:35:00,INNV
20.85,20.85,20.85,20.85,100,2021-06-02 18:40:00,INNV
20.88,20.88,20.88,20.88,600,2021-06-02 18:45:00,INNV
20.83,20.88,20.83,20.88,400,2021-06-02 18:50:00,INNV
20.855,20.88,20.855,20.855,402,2021-06-02 18:55:00,INNV
20.82,20.86,20.81,20.86,878,2021-06-02 19:00:00,INNV
20.86,20.99,20.86,20.955,2827,2021-06-02 19:05:00,INNV
20.98,20.99,20.96,20.99,1406,2021-06-02 19:10:00,INNV
20.99,21.08,20.93,21.08,3346,2021-06-02 19:15:00,INNV
21.01,21.01,21.0,21.0,300,2021-06-02 19:20:00,INNV
21.045,21.045,20.96,20.96,1658,2021-06-02 19:25:00,INNV
20.94,20.97,20.89,20.96,1300,2021-06-02 19:30:00,INNV
20.92,20.98,20.92,20.98,900,2021-06-02 19:35:00,INNV
21.025,21.025,21.025,21.025,300,2021-06-02 19:40:00,INNV
21.03,21.06,20.94,20.94,1466,2021-06-02 19:45:00,INNV
20.98,21.07,20.97,21.02,5780,2021-06-02 19:50:00,INNV
21.015,21.04,20.9,21.04,4820,2021-06-02 19:55:00,INNV
21.02,21.02,21.02,21.02,31652,2021-06-02 20:00:00,INNV
21.5,21.5,21.5,21.5,1200,2021-06-03 13:25:00,INNV
20.89,21.29,20.89,20.95,5907,2021-06-03 13:30:00,INNV
21.015,21.13,21.015,21.015,1000,2021-06-03 13:35:00,INNV
21.015,21.09,20.9,21.06,3751,2021-06-03 13:40:00,INNV
21.025,21.06,20.93,20.96,4545,2021-06-03 13:45:00,INNV
20.98,21.19,20.98,21.19,6753,2021-06-03 13:50:00,INNV
21.14,21.185,21.14,21.16,800,2021-06-03 13:55:00,INNV
21.19,21.2,21.19,21.2,300,2021-06-03 14:00:00,INNV
21.19,21.5,21.17,21.465,11509,2021-06-03 14:05:00,INNV
21.56,21.58,21.46,21.57,632,2021-06-03 14:10:00,INNV
21.57,21.57,21.57,21.57,500,2021-06-03 14:15:00,INNV
21.64,21.64,21.64,21.64,2061,2021-06-03 14:30:00,INNV
21.6,21.6,21.6,21.6,300,2021-06-03 14:35:00,INNV
21.55,21.58,21.45,21.46,4314,2021-06-03 14:40:00,INNV
21.44,21.6,21.44,21.56,2469,2021-06-03 14:45:00,INNV
21.58,21.63,21.54,21.54,1100,2021-06-03 14:50:00,INNV
21.495,21.5,21.495,21.5,200,2021-06-03 14:55:00,INNV
21.5,21.57,21.5,21.535,900,2021-06-03 15:00:00,INNV
21.5,21.58,21.5,21.57,500,2021-06-03 15:05:00,INNV
21.5,21.58,21.5,21.58,300,2021-06-03 15:10:00,INNV
21.5,21.5,21.5,21.5,200,2021-06-03 15:15:00,INNV
21.495,21.5,21.395,21.395,3100,2021-06-03 15:20:00,INNV
21.45,21.45,21.38,21.415,300,2021-06-03 15:25:00,INNV
21.46,21.48,21.43,21.46,649,2021-06-03 15:30:00,INNV
21.46,21.48,21.43,21.48,500,2021-06-03 15:35:00,INNV
21.48,21.53,21.47,21.47,500,2021-06-03 15:40:00,INNV
21.53,21.53,21.53,21.53,100,2021-06-03 15:45:00,INNV
21.53,21.53,21.4,21.4,600,2021-06-03 15:50:00,INNV
21.37,21.47,21.33,21.33,1700,2021-06-03 15:55:00,INNV
21.34,21.34,21.31,21.31,300,2021-06-03 16:00:00,INNV
21.31,21.31,21.15,21.15,1000,2021-06-03 16:05:00,INNV
21.185,21.27,21.185,21.27,966,2021-06-03 16:10:00,INNV
21.27,21.27,21.22,21.22,200,2021-06-03 16:15:00,INNV
21.265,21.265,21.265,21.265,100,2021-06-03 16:20:00,INNV
21.21,21.25,21.185,21.25,2672,2021-06-03 16:25:00,INNV
21.24,21.24,21.2,21.2,200,2021-06-03 16:30:00,INNV
21.18,21.18,21.15,21.18,300,2021-06-03 16:35:00,INNV
21.18,21.21,21.175,21.175,300,2021-06-03 16:40:00,INNV
21.12,21.12,21.09,21.09,217,2021-06-03 16:45:00,INNV
21.08,21.08,21.01,21.055,1000,2021-06-03 16:50:00,INNV
21.09,21.09,21.09,21.09,100,2021-06-03 16:55:00,INNV
21.01,21.01,21.01,21.01,100,2021-06-03 17:00:00,INNV
21.09,21.23,21.01,21.23,4454,2021-06-03 17:05:00,INNV
21.24,21.32,21.21,21.255,4784,2021-06-03 17:10:00,INNV
21.255,21.255,21.255,21.255,100,2021-06-03 17:15:00,INNV
21.255,21.255,21.255,21.255,200,2021-06-03 17:20:00,INNV
21.21,21.29,21.21,21.29,200,2021-06-03 17:25:00,INNV
21.22,21.23,21.135,21.135,1600,2021-06-03 17:30:00,INNV
21.135,21.135,21.09,21.09,200,2021-06-03 17:35:00,INNV
21.08,21.17,21.08,21.17,200,2021-06-03 17:40:00,INNV
21.08,21.08,21.08,21.08,300,2021-06-03 17:45:00,INNV
21.09,21.09,21.0,21.09,2046,2021-06-03 17:50:00,INNV
21.09,21.11,21.06,21.09,1100,2021-06-03 17:55:00,INNV
21.12,21.12,21.12,21.12,100,2021-06-03 18:00:00,INNV
21.095,21.11,21.015,21.015,1473,2021-06-03 18:05:00,INNV
21.04,21.05,21.02,21.05,600,2021-06-03 18:15:00,INNV
21.03,21.05,21.02,21.045,2183,2021-06-03 18:20:00,INNV
21.045,21.055,20.92,21.03,1560,2021-06-03 18:30:00,INNV
20.94,20.94,20.91,20.91,300,2021-06-03 18:40:00,INNV
20.805,20.96,20.805,20.96,668,2021-06-03 18:45:00,INNV
20.96,20.98,20.885,20.98,500,2021-06-03 18:50:00,INNV
20.99,21.095,20.99,21.06,1600,2021-06-03 19:00:00,INNV
21.005,21.09,20.97,20.97,901,2021-06-03 19:05:00,INNV
20.99,20.99,20.99,20.99,100,2021-06-03 19:10:00,INNV
20.96,20.98,20.895,20.895,800,2021-06-03 19:15:00,INNV
20.935,20.98,20.925,20.925,861,2021-06-03 19:20:00,INNV
20.89,20.97,20.89,20.97,1060,2021-06-03 19:25:00,INNV
20.97,20.97,20.97,20.97,100,2021-06-03 19:30:00,INNV
20.96,20.96,20.91,20.93,1164,2021-06-03 19:35:00,INNV
20.97,20.98,20.92,20.92,1307,2021-06-03 19:40:00,INNV
20.92,20.95,20.92,20.95,400,2021-06-03 19:45:00,INNV
20.96,20.96,20.92,20.93,2123,2021-06-03 19:50:00,INNV
20.94,21.0,20.94,21.0,4150,2021-06-03 19:55:00,INNV
20.94,20.94,20.94,20.94,5559,2021-06-03 20:00:00,INNV
20.97,21.05,20.94,20.94,18015,2021-06-04 13:30:00,INNV
20.91,21.01,20.84,20.84,477,2021-06-04 13:40:00,INNV
20.835,21.14,20.8,21.02,23802,2021-06-04 13:45:00,INNV
21.06,21.12,20.765,20.765,4841,2021-06-04 13:55:00,INNV
20.84,20.84,20.84,20.84,100,2021-06-04 14:00:00,INNV
20.63,20.63,20.615,20.615,200,2021-06-04 14:05:00,INNV
20.625,20.75,20.625,20.745,500,2021-06-04 14:10:00,INNV
20.64,20.745,20.61,20.745,400,2021-06-04 14:15:00,INNV
20.74,20.74,20.74,20.74,100,2021-06-04 14:20:00,INNV
20.595,20.71,20.52,20.7,2572,2021-06-04 14:25:00,INNV
20.56,20.56,20.53,20.56,300,2021-06-04 14:30:00,INNV
20.56,20.56,20.56,20.56,300,2021-06-04 14:35:00,INNV
20.52,20.57,20.485,20.52,800,2021-06-04 14:40:00,INNV
20.56,20.56,20.56,20.56,700,2021-06-04 14:45:00,INNV
20.51,20.51,20.51,20.51,100,2021-06-04 14:50:00,INNV
20.48,20.51,20.1,20.1,2080,2021-06-04 14:55:00,INNV
20.25,20.25,20.25,20.25,200,2021-06-04 15:00:00,INNV
20.34,20.46,20.34,20.42,1729,2021-06-04 15:05:00,INNV
20.36,20.47,20.36,20.45,1310,2021-06-04 15:10:00,INNV
20.4,20.4,20.4,20.4,100,2021-06-04 15:15:00,INNV
20.44,20.48,20.44,20.48,200,2021-06-04 15:20:00,INNV
20.48,20.48,20.41,20.445,600,2021-06-04 15:25:00,INNV
20.43,20.43,20.32,20.32,400,2021-06-04 15:30:00,INNV
20.315,20.315,20.25,20.315,400,2021-06-04 15:35:00,INNV
20.265,20.315,20.265,20.315,300,2021-06-04 15:40:00,INNV
20.305,20.305,20.305,20.305,100,2021-06-04 15:45:00,INNV
20.31,20.37,20.31,20.36,900,2021-06-04 15:50:00,INNV
20.405,20.405,20.405,20.405,100,2021-06-04 15:55:00,INNV
20.42,20.42,20.42,20.42,100,2021-06-04 16:00:00,INNV
20.385,20.385,20.35,20.385,300,2021-06-04 16:05:00,INNV
20.35,20.48,20.35,20.48,2506,2021-06-04 16:10:00,INNV
20.445,20.445,20.445,20.445,200,2021-06-04 16:20:00,INNV
20.44,20.48,20.4,20.4,520,2021-06-04 16:25:00,INNV
20.435,20.435,20.435,20.435,100,2021-06-04 16:35:00,INNV
20.46,20.46,20.435,20.435,200,2021-06-04 16:40:00,INNV
20.4,20.4,20.4,20.4,200,2021-06-04 16:45:00,INNV
20.41,20.45,20.41,20.45,200,2021-06-04 16:55:00,INNV
20.41,20.43,20.35,20.4,1100,2021-06-04 17:00:00,INNV
20.36,20.36,20.36,20.36,100,2021-06-04 17:05:00,INNV
20.385,20.385,20.385,20.385,100,2021-06-04 17:15:00,INNV
20.34,20.34,20.34,20.34,100,2021-06-04 17:20:00,INNV
20.365,20.365,20.365,20.365,100,2021-06-04 17:25:00,INNV
20.38,20.38,20.38,20.38,100,2021-06-04 17:30:00,INNV
20.36,20.49,20.36,20.44,1631,2021-06-04 17:35:00,INNV
20.4,20.4,20.4,20.4,100,2021-06-04 17:45:00,INNV
20.425,20.425,20.425,20.425,200,2021-06-04 17:50:00,INNV
20.425,20.4275,20.38,20.38,700,2021-06-04 17:55:00,INNV
20.39,20.43,20.39,20.43,600,2021-06-04 18:00:00,INNV
20.405,20.465,20.405,20.45,800,2021-06-04 18:05:00,INNV
20.445,20.445,20.39,20.39,300,2021-06-04 18:20:00,INNV
20.39,20.4542,20.39,20.39,700,2021-06-04 18:25:00,INNV
20.35,20.35,20.35,20.35,100,2021-06-04 18:30:00,INNV
20.35,20.35,20.35,20.35,100,2021-06-04 18:35:00,INNV
20.37,20.37,20.37,20.37,100,2021-06-04 18:40:00,INNV
20.34,20.35,20.34,20.35,1000,2021-06-04 18:50:00,INNV
20.375,20.43,20.375,20.43,1627,2021-06-04 18:55:00,INNV
20.44,20.46,20.435,20.46,400,2021-06-04 19:00:00,INNV
20.415,20.415,20.41,20.41,200,2021-06-04 19:10:00,INNV
20.45,20.45,20.435,20.435,1700,2021-06-04 19:15:00,INNV
20.44,20.4494,20.44,20.4494,200,2021-06-04 19:25:00,INNV
20.46,20.46,20.4,20.435,400,2021-06-04 19:30:00,INNV
20.435,20.4599,20.435,20.44,4822,2021-06-04 19:35:00,INNV
20.44,20.485,20.44,20.485,1647,2021-06-04 19:40:00,INNV
20.4975,20.55,20.4975,20.52,2455,2021-06-04 19:45:00,INNV
20.52,20.55,20.5,20.53,2200,2021-06-04 19:50:00,INNV
20.5,20.55,20.43,20.43,5100,2021-06-04 19:55:00,INNV
20.42,20.42,20.42,20.42,3239,2021-06-04 20:00:00,INNV
21.44,21.44,21.38,21.44,1300,2021-06-07 13:25:00,INNV
20.96,21.065,20.15,20.59,18760,2021-06-07 13:30:00,INNV
20.5,20.57,20.47,20.53,14818,2021-06-07 13:40:00,INNV
20.44,20.46,20.44,20.45,300,2021-06-07 13:45:00,INNV
20.35,20.435,20.31,20.385,2639,2021-06-07 14:00:00,INNV
20.395,20.45,20.395,20.435,300,2021-06-07 14:05:00,INNV
20.46,20.55,20.46,20.49,400,2021-06-07 14:15:00,INNV
20.545,20.545,20.415,20.435,1286,2021-06-07 14:20:00,INNV
20.435,20.49,20.435,20.4894,400,2021-06-07 14:25:00,INNV
20.41,20.41,20.365,20.365,500,2021-06-07 14:30:00,INNV
20.325,20.42,20.325,20.36,700,2021-06-07 14:35:00,INNV
20.36,20.43,20.36,20.415,1675,2021-06-07 14:40:00,INNV
20.41,20.41,20.4,20.4,400,2021-06-07 14:45:00,INNV
20.44,20.44,20.44,20.44,200,2021-06-07 14:50:00,INNV
20.455,20.48,20.35,20.365,2300,2021-06-07 14:55:00,INNV
20.38,20.4,20.36,20.36,1747,2021-06-07 15:00:00,INNV
20.36,20.39,20.34,20.34,1254,2021-06-07 15:05:00,INNV
20.35,20.385,20.335,20.38,2649,2021-06-07 15:10:00,INNV
20.4,20.45,20.38,20.43,23407,2021-06-07 15:15:00,INNV
20.395,20.395,20.395,20.395,100,2021-06-07 15:20:00,INNV
20.43,20.43,20.43,20.43,100,2021-06-07 15:25:00,INNV
20.44,20.44,20.39,20.395,300,2021-06-07 15:30:00,INNV
20.44,20.44,20.44,20.44,100,2021-06-07 15:35:00,INNV
20.36,20.36,20.36,20.36,200,2021-06-07 15:40:00,INNV
20.41,20.41,20.38,20.38,1100,2021-06-07 15:45:00,INNV
20.39,20.39,20.34,20.34,1620,2021-06-07 15:50:00,INNV
20.215,20.215,20.2,20.2,300,2021-06-07 15:55:00,INNV
20.205,20.205,20.16,20.16,300,2021-06-07 16:00:00,INNV
20.27,20.27,20.17,20.17,200,2021-06-07 16:05:00,INNV
20.18,20.22,20.17,20.17,619,2021-06-07 16:10:00,INNV
20.17,20.2,20.17,20.18,1685,2021-06-07 16:15:00,INNV
20.165,20.165,20.075,20.14,3813,2021-06-07 16:20:00,INNV
20.14,20.14,20.12,20.12,300,2021-06-07 16:25:00,INNV
20.1,20.13,20.1,20.11,300,2021-06-07 16:30:00,INNV
20.14,20.14,20.12,20.14,800,2021-06-07 16:35:00,INNV
20.155,20.19,20.155,20.19,1100,2021-06-07 16:40:00,INNV
20.215,20.215,20.21,20.21,300,2021-06-07 16:45:00,INNV
20.225,20.225,20.225,20.225,100,2021-06-07 16:50:00,INNV
20.23,20.24,20.22,20.24,1752,2021-06-07 16:55:00,INNV
20.18,20.18,20.18,20.18,100,2021-06-07 17:00:00,INNV
20.17,20.17,20.1,20.1,200,2021-06-07 17:05:00,INNV
20.1121,20.1121,20.1121,20.1121,300,2021-06-07 17:10:00,INNV
20.14,20.17,20.12,20.12,1900,2021-06-07 17:15:00,INNV
20.135,20.135,20.135,20.135,100,2021-06-07 17:20:00,INNV
20.17,20.17,20.14,20.14,325,2021-06-07 17:25:00,INNV
20.11,20.145,20.11,20.145,300,2021-06-07 17:30:00,INNV
20.12,20.14,20.11,20.11,1100,2021-06-07 17:35:00,INNV
20.13,20.13,20.13,20.13,200,2021-06-07 17:40:00,INNV
20.11,20.11,20.1,20.1,300,2021-06-07 17:45:00,INNV
20.1502,20.1502,20.03,20.03,3025,2021-06-07 17:50:00,INNV
20.0,20.01,19.99,19.99,600,2021-06-07 17:55:00,INNV
19.97,20.03,19.97,19.995,3440,2021-06-07 18:00:00,INNV
19.98,19.99,19.9408,19.96,525,2021-06-07 18:05:00,INNV
19.98,19.99,19.98,19.99,1001,2021-06-07 18:10:00,INNV
19.96,19.99,19.96,19.99,500,2021-06-07 18:15:00,INNV
19.98,20.0,19.965,19.9817,910,2021-06-07 18:20:00,INNV
19.94,19.94,19.87,19.87,900,2021-06-07 18:25:00,INNV
19.9499,19.95,19.93,19.95,825,2021-06-07 18:30:00,INNV
19.96,19.96,19.96,19.96,100,2021-06-07 18:35:00,INNV
20.0,20.0,19.96,19.96,700,2021-06-07 18:40:00,INNV
19.96,19.97,19.93,19.93,1000,2021-06-07 18:45:00,INNV
19.92,19.92,19.91,19.91,300,2021-06-07 18:50:00,INNV
19.91,19.91,19.89,19.89,400,2021-06-07 18:55:00,INNV
19.89,19.9,19.89,19.89,602,2021-06-07 19:00:00,INNV
19.91,19.925,19.91,19.915,500,2021-06-07 19:05:00,INNV
19.905,19.905,19.89,19.89,300,2021-06-07 19:10:00,INNV
19.905,19.925,19.89,19.91,1600,2021-06-07 19:15:00,INNV
19.91,19.91,19.87,19.89,1900,2021-06-07 19:20:00,INNV
19.885,19.885,19.77,19.785,1750,2021-06-07 19:25:00,INNV
19.785,19.785,19.61,19.67,2895,2021-06-07 19:30:00,INNV
19.705,19.755,19.61,19.62,6623,2021-06-07 19:35:00,INNV
19.6,19.69,19.58,19.64,3524,2021-06-07 19:40:00,INNV
19.66,19.695,19.55,19.565,4212,2021-06-07 19:45:00,INNV
19.58,19.635,19.52,19.57,11609,2021-06-07 19:50:00,INNV
19.57,19.61,19.48,19.51,15453,2021-06-07 19:55:00,INNV
19.56,19.56,19.56,19.56,8446,2021-06-07 20:00:00,INNV
19.8,19.93,19.59,19.78,8613,2021-06-08 13:30:00,INNV
19.77,19.77,19.675,19.675,400,2021-06-08 13:35:00,INNV
19.675,19.9343,19.59,19.86,43645,2021-06-08 13:40:00,INNV
19.86,20.18,19.85,20.18,28814,2021-06-08 13:45:00,INNV
20.09,20.155,20.08,20.14,2419,2021-06-08 13:50:00,INNV
20.145,20.15,20.05,20.05,3068,2021-06-08 13:55:00,INNV
20.0,20.05,19.9,19.955,50557,2021-06-08 14:00:00,INNV
19.955,19.955,19.65,19.75,5117,2021-06-08 14:05:00,INNV
19.72,19.7522,19.68,19.735,3626,2021-06-08 14:10:00,INNV
19.74,19.945,19.61,19.945,34172,2021-06-08 14:15:00,INNV
19.89,19.89,19.56,19.56,15230,2021-06-08 14:20:00,INNV
19.6,19.765,19.53,19.75,28285,2021-06-08 14:25:00,INNV
19.75,19.75,19.68,19.69,900,2021-06-08 14:30:00,INNV
19.69,19.69,19.59,19.66,3400,2021-06-08 14:35:00,INNV
19.62,19.68,19.56,19.66,11623,2021-06-08 14:40:00,INNV
19.66,19.66,19.6506,19.6506,800,2021-06-08 14:45:00,INNV
19.66,19.67,19.63,19.66,1700,2021-06-08 14:50:00,INNV
19.635,19.72,19.635,19.71,3895,2021-06-08 14:55:00,INNV
19.69,19.72,19.69,19.69,1955,2021-06-08 15:00:00,INNV
19.68,19.7,19.56,19.69,9194,2021-06-08 15:05:00,INNV
19.6925,19.83,19.67,19.78,7916,2021-06-08 15:10:00,INNV
19.82,19.895,19.57,19.83,10242,2021-06-08 15:15:00,INNV
19.84,19.92,19.78,19.88,4100,2021-06-08 15:20:00,INNV
19.87,19.87,19.76,19.8,4992,2021-06-08 15:25:00,INNV
19.8,19.825,19.76,19.81,5347,2021-06-08 15:30:00,INNV
19.79,19.79,19.74,19.75,1501,2021-06-08 15:35:00,INNV
19.78,19.82,19.775,19.815,3328,2021-06-08 15:40:00,INNV
19.815,19.83,19.75,19.77,6500,2021-06-08 15:45:00,INNV
19.74,19.775,19.74,19.76,2600,2021-06-08 15:50:00,INNV
19.78,19.83,19.72,19.73,10156,2021-06-08 15:55:00,INNV
19.72,19.79,19.69,19.78,5616,2021-06-08 16:00:00,INNV
19.77,19.8,19.77,19.775,1877,2021-06-08 16:05:00,INNV
19.775,19.81,19.76,19.77,5935,2021-06-08 16:10:00,INNV
19.77,19.775,19.68,19.68,3175,2021-06-08 16:15:00,INNV
19.69,19.73,19.64,19.71,2894,2021-06-08 16:20:00,INNV
19.71,19.79,19.7,19.75,6119,2021-06-08 16:25:00,INNV
19.765,19.785,19.73,19.7418,4200,2021-06-08 16:30:00,INNV
19.72,19.76,19.69,19.76,2085,2021-06-08 16:35:00,INNV
19.76,19.78,19.76,19.775,4117,2021-06-08 16:40:00,INNV
19.775,19.78,19.74,19.77,3388,2021-06-08 16:45:00,INNV
19.77,19.8,19.77,19.8,1700,2021-06-08 16:50:00,INNV
19.805,19.81,19.76,19.77,5400,2021-06-08 16:55:00,INNV
19.79,19.81,19.77,19.785,4390,2021-06-08 17:00:00,INNV
19.78,19.79,19.76,19.785,2091,2021-06-08 17:05:00,INNV
19.8,19.805,19.76,19.76,795,2021-06-08 17:10:00,INNV
19.77,19.83,19.75,19.83,2200,2021-06-08 17:15:00,INNV
19.82,19.85,19.82,19.83,2800,2021-06-08 17:20:00,INNV
19.835,19.84,19.79,19.8,3924,2021-06-08 17:25:00,INNV
19.81,19.84,19.79,19.8,2500,2021-06-08 17:30:00,INNV
19.8,19.8,19.78,19.8,2000,2021-06-08 17:35:00,INNV
19.8,19.82,19.8,19.805,1200,2021-06-08 17:40:00,INNV
19.82,19.84,19.79,19.79,2891,2021-06-08 17:45:00,INNV
19.82,19.83,19.82,19.83,1270,2021-06-08 17:50:00,INNV
19.82,19.85,19.82,19.85,2759,2021-06-08 17:55:00,INNV
19.83,19.83,19.75,19.775,1621,2021-06-08 18:00:00,INNV
19.79,19.8,19.76,19.78,2101,2021-06-08 18:05:00,INNV
19.78,19.87,19.775,19.865,10209,2021-06-08 18:10:00,INNV
19.865,19.92,19.84,19.9,15786,2021-06-08 18:15:00,INNV
19.905,19.935,19.845,19.845,5071,2021-06-08 18:20:00,INNV
19.845,19.855,19.845,19.85,600,2021-06-08 18:25:00,INNV
19.89,19.89,19.78,19.82,7476,2021-06-08 18:30:00,INNV
19.82,19.87,19.82,19.87,2198,2021-06-08 18:35:00,INNV
19.87,19.88,19.84,19.84,6234,2021-06-08 18:40:00,INNV
19.83,19.83,19.74,19.76,7696,2021-06-08 18:45:00,INNV
19.76,19.81,19.76,19.795,8264,2021-06-08 18:50:00,INNV
19.79,19.84,19.78,19.795,6886,2021-06-08 18:55:00,INNV
19.795,19.86,19.795,19.825,6198,2021-06-08 19:00:00,INNV
19.835,19.86,19.64,19.67,15958,2021-06-08 19:05:00,INNV
19.67,19.72,19.66,19.67,9610,2021-06-08 19:10:00,INNV
19.69,19.69,19.5,19.63,19615,2021-06-08 19:15:00,INNV
19.63,19.64,19.56,19.63,6991,2021-06-08 19:20:00,INNV
19.65,19.68,19.63,19.65,4404,2021-06-08 19:25:00,INNV
19.64,19.83,19.63,19.83,5496,2021-06-08 19:30:00,INNV
19.86,19.86,19.74,19.86,32335,2021-06-08 19:35:00,INNV
19.895,19.9,19.835,19.87,7359,2021-06-08 19:40:00,INNV
19.88,19.895,19.78,19.82,278423,2021-06-08 19:45:00,INNV
19.83,19.87,19.82,19.85,10933,2021-06-08 19:50:00,INNV
19.84,19.86,19.77,19.77,22077,2021-06-08 19:55:00,INNV
19.78,19.78,19.78,19.78,11329,2021-06-08 20:00:00,INNV
19.76,20.17,19.71,20.17,899,2021-06-09 13:30:00,INNV
20.03,20.139,20.03,20.139,219,2021-06-09 13:40:00,INNV
19.775,20.18,19.77,20.155,25820,2021-06-09 13:45:00,INNV
20.15,20.25,20.08,20.25,6592,2021-06-09 13:50:00,INNV
20.25,20.35,20.25,20.35,1700,2021-06-09 13:55:00,INNV
20.375,20.39,20.26,20.305,2400,2021-06-09 14:00:00,INNV
20.32,20.32,20.32,20.32,200,2021-06-09 14:05:00,INNV
20.28,20.28,20.19,20.195,1700,2021-06-09 14:15:00,INNV
20.23,20.245,20.2,20.245,300,2021-06-09 14:20:00,INNV
20.25,20.36,20.22,20.34,3604,2021-06-09 14:25:00,INNV
20.34,20.36,20.26,20.28,6964,2021-06-09 14:30:00,INNV
20.28,20.28,20.235,20.235,3656,2021-06-09 14:35:00,INNV
20.25,20.295,20.25,20.295,2055,2021-06-09 14:40:00,INNV
20.295,20.295,20.28,20.29,850,2021-06-09 14:45:00,INNV
20.29,20.29,20.245,20.245,7689,2021-06-09 14:50:00,INNV
20.27,20.27,20.23,20.235,3880,2021-06-09 14:55:00,INNV
20.265,20.28,20.24,20.25,2392,2021-06-09 15:00:00,INNV
20.28,20.295,20.18,20.18,6431,2021-06-09 15:05:00,INNV
20.21,20.23,20.2,20.2,700,2021-06-09 15:10:00,INNV
20.19,20.23,20.18,20.21,2887,2021-06-09 15:15:00,INNV
20.235,20.235,20.11,20.11,9900,2021-06-09 15:20:00,INNV
20.21,20.23,20.19,20.19,1066,2021-06-09 15:25:00,INNV
20.23,20.24,20.15,20.15,4482,2021-06-09 15:30:00,INNV
20.215,20.22,20.2,20.22,500,2021-06-09 15:35:00,INNV
20.21,20.21,20.16,20.16,1300,2021-06-09 15:40:00,INNV
20.19,20.195,20.16,20.17,1100,2021-06-09 15:45:00,INNV
20.17,20.17,20.13,20.13,3751,2021-06-09 15:50:00,INNV
20.17,20.17,20.1,20.1,1161,2021-06-09 15:55:00,INNV
20.1,20.135,20.1,20.135,1343,2021-06-09 16:00:00,INNV
20.1,20.15,20.1,20.1,22242,2021-06-09 16:05:00,INNV
20.11,20.15,20.11,20.15,1759,2021-06-09 16:10:00,INNV
20.15,20.24,20.15,20.23,2498,2021-06-09 16:15:00,INNV
20.26,20.26,20.26,20.26,100,2021-06-09 16:20:00,INNV
20.295,20.44,20.295,20.44,8178,2021-06-09 16:25:00,INNV
20.49,20.49,20.49,20.49,100,2021-06-09 16:30:00,INNV
20.56,20.57,20.56,20.56,806,2021-06-09 16:35:00,INNV
20.615,20.63,20.615,20.63,300,2021-06-09 16:40:00,INNV
20.62,20.64,20.61,20.64,300,2021-06-09 16:45:00,INNV
20.62,20.62,20.56,20.56,2009,2021-06-09 16:50:00,INNV
20.53,20.535,20.51,20.51,700,2021-06-09 16:55:00,INNV
20.51,20.52,20.5,20.51,621,2021-06-09 17:00:00,INNV
20.54,20.56,20.54,20.56,261,2021-06-09 17:10:00,INNV
20.545,20.59,20.545,20.59,474,2021-06-09 17:25:00,INNV
20.61,20.61,20.57,20.6,932,2021-06-09 17:30:00,INNV
20.615,20.62,20.54,20.54,8200,2021-06-09 17:40:00,INNV
20.57,20.6,20.49,20.6,800,2021-06-09 17:45:00,INNV
20.6,20.63,20.59,20.6,1009,2021-06-09 17:50:00,INNV
20.6,20.63,20.6,20.63,800,2021-06-09 17:55:00,INNV
20.64,20.64,20.64,20.64,300,2021-06-09 18:00:00,INNV
20.62,20.655,20.62,20.655,400,2021-06-09 18:05:00,INNV
20.65,20.66,20.61,20.61,2200,2021-06-09 18:10:00,INNV
20.61,20.645,20.61,20.645,1380,2021-06-09 18:15:00,INNV
20.63,20.64,20.58,20.59,2187,2021-06-09 18:20:00,INNV
20.645,20.645,20.645,20.645,200,2021-06-09 18:25:00,INNV
20.67,20.67,20.57,20.57,2249,2021-06-09 18:30:00,INNV
20.635,20.635,20.58,20.635,600,2021-06-09 18:40:00,INNV
20.64,20.64,20.64,20.64,200,2021-06-09 18:45:00,INNV
20.62,20.62,20.55,20.55,4254,2021-06-09 18:50:00,INNV
20.565,20.565,20.49,20.55,2890,2021-06-09 18:55:00,INNV
20.55,20.55,20.53,20.53,1101,2021-06-09 19:00:00,INNV
20.51,20.51,20.5,20.5,406,2021-06-09 19:05:00,INNV
20.525,20.56,20.525,20.56,600,2021-06-09 19:10:00,INNV
20.52,20.6,20.52,20.55,1929,2021-06-09 19:15:00,INNV
20.55,20.55,20.36,20.37,8945,2021-06-09 19:20:00,INNV
20.32,20.33,20.23,20.23,4000,2021-06-09 19:25:00,INNV
20.3,20.3,20.275,20.3,1578,2021-06-09 19:30:00,INNV
20.3,20.3,20.25,20.25,2402,2021-06-09 19:35:00,INNV
20.26,20.315,20.18,20.225,7480,2021-06-09 19:40:00,INNV
20.2,20.3,20.18,20.29,1965,2021-06-09 19:45:00,INNV
20.25,20.3,20.23,20.285,4764,2021-06-09 19:50:00,INNV
20.39,20.5,20.36,20.49,12322,2021-06-09 19:55:00,INNV
20.49,20.49,20.49,20.49,6573,2021-06-09 20:00:00,INNV
20.54,20.6,20.42,20.57,3086,2021-06-10 13:30:00,INNV
20.55,20.59,20.55,20.59,488,2021-06-10 13:40:00,INNV
20.63,20.67,20.6,20.6,800,2021-06-10 13:50:00,INNV
20.65,20.66,20.6,20.61,726,2021-06-10 14:00:00,INNV
20.46,20.46,20.42,20.42,200,2021-06-10 14:05:00,INNV
20.475,20.475,20.475,20.475,100,2021-06-10 14:20:00,INNV
20.4,20.46,20.34,20.44,5087,2021-06-10 14:30:00,INNV
20.445,20.47,20.375,20.395,4492,2021-06-10 14:35:00,INNV
20.395,20.45,20.365,20.4,2781,2021-06-10 14:40:00,INNV
20.4,20.45,20.36,20.43,19672,2021-06-10 14:45:00,INNV
20.43,20.46,20.3,20.4,35541,2021-06-10 14:50:00,INNV
20.4,20.415,20.4,20.415,288,2021-06-10 14:55:00,INNV
20.4,20.45,20.36,20.4,15765,2021-06-10 15:00:00,INNV
20.34,20.45,20.32,20.4,7570,2021-06-10 15:05:00,INNV
20.4,20.45,20.36,20.45,28840,2021-06-10 15:10:00,INNV
20.45,20.48,20.45,20.48,1068,2021-06-10 15:15:00,INNV
20.46,20.58,20.455,20.58,16275,2021-06-10 15:20:00,INNV
20.67,20.67,20.52,20.52,9306,2021-06-10 15:25:00,INNV
20.545,20.545,20.44,20.53,3444,2021-06-10 15:30:00,INNV
20.51,20.51,20.49,20.49,400,2021-06-10 15:35:00,INNV
20.54,20.54,20.45,20.45,843,2021-06-10 15:40:00,INNV
20.42,20.5,20.42,20.5,1464,2021-06-10 15:45:00,INNV
20.52,20.52,20.46,20.47,600,2021-06-10 15:50:00,INNV
20.45,20.525,20.415,20.43,3500,2021-06-10 15:55:00,INNV
20.43,20.525,20.43,20.48,2832,2021-06-10 16:00:00,INNV
20.52,20.56,20.48,20.56,505,2021-06-10 16:05:00,INNV
20.54,20.54,20.54,20.54,100,2021-06-10 16:10:00,INNV
20.53,20.66,20.53,20.66,1481,2021-06-10 16:15:00,INNV
20.59,20.59,20.52,20.52,976,2021-06-10 16:20:00,INNV
20.51,20.59,20.5,20.54,3924,2021-06-10 16:25:00,INNV
20.64,20.64,20.64,20.64,100,2021-06-10 16:30:00,INNV
20.63,20.63,20.63,20.63,311,2021-06-10 16:35:00,INNV
20.65,20.65,20.65,20.65,100,2021-06-10 16:40:00,INNV
20.63,20.63,20.63,20.63,100,2021-06-10 16:45:00,INNV
20.61,20.61,20.61,20.61,100,2021-06-10 16:50:00,INNV
20.68,20.68,20.64,20.67,600,2021-06-10 16:55:00,INNV
20.73,20.73,20.73,20.73,200,2021-06-10 17:10:00,INNV
20.74,20.74,20.74,20.74,200,2021-06-10 17:15:00,INNV
20.765,20.765,20.72,20.72,700,2021-06-10 17:20:00,INNV
20.78,20.78,20.71,20.71,200,2021-06-10 17:25:00,INNV
20.72,20.78,20.72,20.77,900,2021-06-10 17:30:00,INNV
20.75,20.78,20.75,20.78,822,2021-06-10 17:35:00,INNV
20.78,20.78,20.78,20.78,100,2021-06-10 17:40:00,INNV
20.805,20.835,20.76,20.76,600,2021-06-10 17:50:00,INNV
20.7,20.78,20.7,20.71,300,2021-06-10 18:05:00,INNV
20.72,20.76,20.71,20.76,700,2021-06-10 18:10:00,INNV
20.83,20.83,20.8,20.81,300,2021-06-10 18:25:00,INNV
20.8,20.81,20.79,20.8,440,2021-06-10 18:30:00,INNV
20.79,20.79,20.79,20.79,165,2021-06-10 18:35:00,INNV
20.82,20.87,20.82,20.87,400,2021-06-10 18:40:00,INNV
20.84,20.91,20.84,20.91,500,2021-06-10 18:45:00,INNV
20.915,20.925,20.85,20.91,2204,2021-06-10 18:50:00,INNV
20.92,20.98,20.89,20.89,1600,2021-06-10 18:55:00,INNV
20.9,20.99,20.9,20.955,8200,2021-06-10 19:00:00,INNV
20.97,21.0,20.95,21.0,10983,2021-06-10 19:05:00,INNV
21.0,21.005,20.87,20.97,10274,2021-06-10 19:10:00,INNV
20.915,21.04,20.915,21.0,8457,2021-06-10 19:15:00,INNV
21.015,21.04,21.0,21.04,600,2021-06-10 19:20:00,INNV
21.0,21.06,20.87,21.05,4439,2021-06-10 19:25:00,INNV
21.07,21.07,20.84,21.0,12314,2021-06-10 19:30:00,INNV
20.98,21.01,20.95,20.99,2056,2021-06-10 19:35:00,INNV
21.07,21.08,21.015,21.055,2218,2021-06-10 19:40:00,INNV
21.09,21.14,20.99,21.0,9487,2021-06-10 19:45:00,INNV
20.975,21.0,20.96,21.0,4074,2021-06-10 19:50:00,INNV
21.0,21.0,20.89,20.97,9626,2021-06-10 19:55:00,INNV
20.98,20.98,20.98,20.98,8343,2021-06-10 20:00:00,INNV
21.12,21.12,21.12,21.12,381,2021-06-11 13:30:00,INNV
21.05,21.05,21.05,21.05,100,2021-06-11 13:35:00,INNV
21.05,21.05,21.05,21.05,100,2021-06-11 13:40:00,INNV
21.05,21.05,20.86,20.88,1098,2021-06-11 13:55:00,INNV
20.89,20.92,20.76,20.9,2710,2021-06-11 14:00:00,INNV
20.87,20.9,20.79,20.87,2800,2021-06-11 14:05:00,INNV
20.87,20.87,20.86,20.86,646,2021-06-11 14:10:00,INNV
20.89,20.895,20.85,20.895,5000,2021-06-11 14:15:00,INNV
20.92,20.9529,20.89,20.89,1000,2021-06-11 14:20:00,INNV
20.88,21.0,20.85,20.91,9505,2021-06-11 14:25:00,INNV
20.91,20.91,20.91,20.91,300,2021-06-11 14:35:00,INNV
20.91,20.91,20.91,20.91,100,2021-06-11 14:40:00,INNV
20.965,20.97,20.92,20.95,2150,2021-06-11 14:45:00,INNV
20.95,20.97,20.95,20.97,400,2021-06-11 14:50:00,INNV
20.95,20.95,20.95,20.95,200,2021-06-11 14:55:00,INNV
20.97,20.97,20.94,20.96,700,2021-06-11 15:00:00,INNV
20.9112,21.02,20.9112,21.01,1900,2021-06-11 15:05:00,INNV
20.99,21.01,20.935,20.975,18106,2021-06-11 15:10:00,INNV
20.98,21.02,20.95,20.95,4336,2021-06-11 15:15:00,INNV
20.95,20.95,20.935,20.94,5600,2021-06-11 15:20:00,INNV
21.0,21.01,21.0,21.01,300,2021-06-11 15:25:00,INNV
21.0,21.02,20.99,20.99,600,2021-06-11 15:30:00,INNV
20.95,20.99,20.93,20.99,1500,2021-06-11 15:40:00,INNV
20.945,20.945,20.9,20.9,595,2021-06-11 15:50:00,INNV
20.935,20.99,20.9,20.95,4156,2021-06-11 15:55:00,INNV
20.945,20.95,20.91,20.95,1100,2021-06-11 16:00:00,INNV
20.95,20.95,20.91,20.925,3380,2021-06-11 16:05:00,INNV
20.95,20.95,20.95,20.95,100,2021-06-11 16:10:00,INNV
20.91,20.99,20.83,20.99,13073,2021-06-11 16:15:00,INNV
21.0,21.01,20.925,20.98,4068,2021-06-11 16:20:00,INNV
20.96,20.99,20.945,20.945,600,2021-06-11 16:25:00,INNV
20.98,21.02,20.98,21.02,200,2021-06-11 16:30:00,INNV
21.02,21.02,21.0,21.0,200,2021-06-11 16:35:00,INNV
21.0184,21.0184,21.0184,21.0184,500,2021-06-11 16:45:00,INNV
21.01,21.03,21.01,21.03,200,2021-06-11 16:50:00,INNV
21.03,21.03,20.99,20.99,300,2021-06-11 16:55:00,INNV
21.0029,21.05,21.0,21.0,1600,2021-06-11 17:00:00,INNV
20.99,20.99,20.895,20.895,300,2021-06-11 17:05:00,INNV
20.94,20.96,20.9,20.9,1124,2021-06-11 17:10:00,INNV
20.96,20.96,20.93,20.93,200,2021-06-11 17:20:00,INNV
20.93,20.96,20.8301,20.895,6699,2021-06-11 17:25:00,INNV
20.91,20.96,20.88,20.95,4901,2021-06-11 17:30:00,INNV
20.955,20.98,20.93,20.98,500,2021-06-11 17:35:00,INNV
20.98,20.99,20.98,20.99,400,2021-06-11 17:40:00,INNV
20.94,20.96,20.935,20.935,400,2021-06-11 17:45:00,INNV
20.93,20.94,20.92,20.94,2000,2021-06-11 17:50:00,INNV
20.93,20.96,20.93,20.96,2134,2021-06-11 17:55:00,INNV
20.95,20.95,20.94,20.94,400,2021-06-11 18:00:00,INNV
20.96,20.97,20.94,20.94,606,2021-06-11 18:05:00,INNV
20.96,20.98,20.96,20.98,200,2021-06-11 18:15:00,INNV
20.98,20.98,20.96,20.96,200,2021-06-11 18:20:00,INNV
20.975,21.01,20.975,21.0,842,2021-06-11 18:25:00,INNV
20.99,20.99,20.99,20.99,200,2021-06-11 18:30:00,INNV
20.99,21.03,20.99,21.03,854,2021-06-11 18:40:00,INNV
21.025,21.045,21.01,21.02,1000,2021-06-11 18:45:00,INNV
21.01,21.01,21.01,21.01,100,2021-06-11 18:50:00,INNV
21.02,21.05,21.0,21.03,1400,2021-06-11 18:55:00,INNV
21.01,21.01,20.81,20.91,27649,2021-06-11 19:00:00,INNV
20.91,21.0,20.91,20.98,44344,2021-06-11 19:05:00,INNV
21.02,21.02,21.0,21.01,1800,2021-06-11 19:10:00,INNV
21.0,21.0,20.97,20.99,47391,2021-06-11 19:15:00,INNV
21.0,21.04,20.995,21.0,400,2021-06-11 19:20:00,INNV
21.03,21.06,21.025,21.03,962,2021-06-11 19:25:00,INNV
21.06,21.17,21.06,21.12,1660,2021-06-11 19:30:00,INNV
21.14,21.15,21.13,21.135,800,2021-06-11 19:35:00,INNV
21.15,21.15,21.12,21.13,900,2021-06-11 19:40:00,INNV
21.14,21.16,21.12,21.12,4141,2021-06-11 19:45:00,INNV
21.14,21.14,21.08,21.115,3270,2021-06-11 19:50:00,INNV
21.1204,21.26,21.1204,21.22,9826,2021-06-11 19:55:00,INNV
21.25,21.25,21.25,21.25,10041,2021-06-11 20:00:00,INNV
21.55,21.61,21.38,21.49,1799,2021-06-14 13:30:00,INNV
21.68,21.68,21.3,21.53,1901,2021-06-14 13:35:00,INNV
21.36,21.525,21.36,21.52,500,2021-06-14 13:40:00,INNV
21.445,21.455,21.38,21.455,1269,2021-06-14 13:45:00,INNV
21.36,21.475,21.36,21.475,2637,2021-06-14 13:50:00,INNV
21.47,21.47,21.42,21.47,400,2021-06-14 14:00:00,INNV
21.45,21.45,21.42,21.42,1301,2021-06-14 14:05:00,INNV
21.36,21.39,21.36,21.39,400,2021-06-14 14:10:00,INNV
21.39,21.43,21.36,21.38,800,2021-06-14 14:15:00,INNV
21.38,21.57,21.38,21.5,3967,2021-06-14 14:20:00,INNV
21.53,21.76,21.53,21.59,1806,2021-06-14 14:25:00,INNV
21.68,21.68,21.53,21.53,4701,2021-06-14 14:30:00,INNV
21.5,21.5,21.38,21.38,1273,2021-06-14 14:35:00,INNV
21.37,21.37,21.27,21.27,2607,2021-06-14 14:40:00,INNV
21.31,21.31,21.23,21.23,1000,2021-06-14 14:45:00,INNV
21.22,21.23,21.19,21.19,400,2021-06-14 14:50:00,INNV
21.21,21.26,21.21,21.24,1238,2021-06-14 14:55:00,INNV
21.26,21.37,21.26,21.37,1100,2021-06-14 15:00:00,INNV
21.33,21.355,21.3,21.31,1397,2021-06-14 15:05:00,INNV
21.295,21.295,21.25,21.255,400,2021-06-14 15:10:00,INNV
21.23,21.32,21.23,21.31,12891,2021-06-14 15:15:00,INNV
21.305,21.305,21.24,21.265,1320,2021-06-14 15:20:00,INNV
21.265,21.32,21.26,21.3,18004,2021-06-14 15:25:00,INNV
21.3,21.31,21.28,21.28,513,2021-06-14 15:30:00,INNV
21.31,21.33,21.305,21.33,600,2021-06-14 15:35:00,INNV
21.3,21.32,21.3,21.32,700,2021-06-14 15:40:00,INNV
21.32,21.37,21.32,21.37,1317,2021-06-14 15:45:00,INNV
21.36,21.36,21.36,21.36,512,2021-06-14 15:50:00,INNV
21.37,21.37,21.34,21.34,900,2021-06-14 15:55:00,INNV
21.36,21.37,21.35,21.35,400,2021-06-14 16:00:00,INNV
21.34,21.37,21.34,21.34,400,2021-06-14 16:05:00,INNV
21.35,21.35,21.32,21.32,2341,2021-06-14 16:10:00,INNV
21.33,21.33,21.23,21.23,700,2021-06-14 16:15:00,INNV
21.29,21.31,21.275,21.275,412,2021-06-14 16:20:00,INNV
21.28,21.28,21.23,21.28,400,2021-06-14 16:25:00,INNV
21.275,21.29,21.25,21.29,1263,2021-06-14 16:30:00,INNV
21.31,21.32,21.29,21.3,1140,2021-06-14 16:35:00,INNV
21.3,21.32,21.3,21.32,300,2021-06-14 16:40:00,INNV
21.31,21.34,21.31,21.34,314,2021-06-14 16:45:00,INNV
21.335,21.35,21.335,21.35,300,2021-06-14 16:50:00,INNV
21.3328,21.4,21.3328,21.38,2534,2021-06-14 16:55:00,INNV
21.39,21.41,21.38,21.38,1000,2021-06-14 17:00:00,INNV
21.395,21.395,21.325,21.325,1588,2021-06-14 17:05:00,INNV
21.32,21.42,21.29,21.385,8149,2021-06-14 17:10:00,INNV
21.37,21.485,21.37,21.43,6295,2021-06-14 17:15:00,INNV
21.415,21.455,21.415,21.42,2973,2021-06-14 17:20:00,INNV
21.44,21.45,21.42,21.43,1095,2021-06-14 17:25:00,INNV
21.49,21.49,21.46,21.46,200,2021-06-14 17:30:00,INNV
21.49,21.58,21.48,21.58,2800,2021-06-14 17:35:00,INNV
21.68,21.7,21.59,21.68,3800,2021-06-14 17:40:00,INNV
21.68,21.8,21.64,21.77,3700,2021-06-14 17:45:00,INNV
21.78,21.79,21.69,21.71,4120,2021-06-14 17:50:00,INNV
21.72,21.78,21.67,21.78,4218,2021-06-14 17:55:00,INNV
21.75,21.95,21.72,21.94,4000,2021-06-14 18:00:00,INNV
21.94,21.94,21.75,21.82,5228,2021-06-14 18:05:00,INNV
21.82,21.84,21.53,21.55,9310,2021-06-14 18:10:00,INNV
21.53,21.74,21.43,21.67,38800,2021-06-14 18:15:00,INNV
21.63,21.67,21.41,21.5,29146,2021-06-14 18:20:00,INNV
21.575,21.59,21.53,21.53,400,2021-06-14 18:25:00,INNV
21.545,21.6,21.54,21.54,300,2021-06-14 18:30:00,INNV
21.48,21.65,21.48,21.65,3297,2021-06-14 18:35:00,INNV
21.62,21.68,21.58,21.63,7018,2021-06-14 18:40:00,INNV
21.63,21.94,21.6,21.93,6256,2021-06-14 18:45:00,INNV
21.93,22.15,21.8,22.15,5118,2021-06-14 18:50:00,INNV
22.17,22.52,22.01,22.315,6079,2021-06-14 18:55:00,INNV
22.33,22.55,22.255,22.48,5500,2021-06-14 19:00:00,INNV
22.385,22.48,22.02,22.27,11597,2021-06-14 19:05:00,INNV
22.27,22.38,22.1,22.1,25512,2021-06-14 19:10:00,INNV
22.155,22.35,22.14,22.15,9176,2021-06-14 19:15:00,INNV
22.21,22.49,22.165,22.355,20919,2021-06-14 19:20:00,INNV
22.355,22.355,22.12,22.165,7884,2021-06-14 19:25:00,INNV
22.14,22.17,22.03,22.1,9516,2021-06-14 19:30:00,INNV
22.08,22.24,22.07,22.105,19049,2021-06-14 19:35:00,INNV
22.14,22.2,22.12,22.19,6181,2021-06-14 19:40:00,INNV
22.19,22.19,22.05,22.075,8749,2021-06-14 19:45:00,INNV
22.09,22.19,22.01,22.15,30729,2021-06-14 19:50:00,INNV
22.15,22.3,22.09,22.23,44813,2021-06-14 19:55:00,INNV
22.26,22.26,22.26,22.26,46218,2021-06-14 20:00:00,INNV
22.3,22.32,22.23,22.23,2245,2021-06-15 13:30:00,INNV
22.21,22.21,21.63,21.9,2478,2021-06-15 13:35:00,INNV
21.95,21.95,21.95,21.95,200,2021-06-15 13:40:00,INNV
21.94,21.99,21.91,21.94,1803,2021-06-15 13:45:00,INNV
21.93,22.01,21.835,21.93,1800,2021-06-15 13:50:00,INNV
21.93,21.95,21.84,21.94,1400,2021-06-15 13:55:00,INNV
21.96,21.97,21.855,21.93,1800,2021-06-15 14:00:00,INNV
21.92,21.92,21.81,21.82,3534,2021-06-15 14:05:00,INNV
21.82,21.96,21.815,21.925,4563,2021-06-15 14:10:00,INNV
21.915,21.915,21.7,21.76,15907,2021-06-15 14:15:00,INNV
21.76,21.9,21.76,21.8,7443,2021-06-15 14:20:00,INNV
21.8094,21.83,21.785,21.82,1446,2021-06-15 14:25:00,INNV
21.785,21.89,21.725,21.725,7080,2021-06-15 14:30:00,INNV
21.72,21.72,21.4,21.5,23403,2021-06-15 14:35:00,INNV
21.505,21.61,21.465,21.465,3624,2021-06-15 14:40:00,INNV
21.455,21.59,21.45,21.505,5500,2021-06-15 14:45:00,INNV
21.51,21.52,21.51,21.51,900,2021-06-15 14:50:00,INNV
21.52,21.54,21.44,21.5,3100,2021-06-15 14:55:00,INNV
21.5,21.55,21.5,21.515,860,2021-06-15 15:00:00,INNV
21.56,21.56,21.51,21.56,500,2021-06-15 15:05:00,INNV
21.57,21.57,21.485,21.5,2804,2021-06-15 15:10:00,INNV
21.54,21.57,21.495,21.52,6244,2021-06-15 15:15:00,INNV
21.52,21.55,21.5,21.5,1000,2021-06-15 15:20:00,INNV
21.5,21.53,21.43,21.51,3200,2021-06-15 15:25:00,INNV
21.51,21.53,21.495,21.525,1336,2021-06-15 15:30:00,INNV
21.54,21.55,21.455,21.5,1100,2021-06-15 15:35:00,INNV
21.51,21.57,21.47,21.535,7645,2021-06-15 15:40:00,INNV
21.57,21.65,21.57,21.65,1339,2021-06-15 15:45:00,INNV
21.57,21.65,21.57,21.61,1300,2021-06-15 15:50:00,INNV
21.595,21.62,21.59,21.6,700,2021-06-15 15:55:00,INNV
21.62,21.63,21.595,21.63,1258,2021-06-15 16:00:00,INNV
21.63,21.67,21.605,21.67,2545,2021-06-15 16:05:00,INNV
21.675,21.755,21.65,21.65,3600,2021-06-15 16:10:00,INNV
21.695,21.695,21.61,21.66,800,2021-06-15 16:15:00,INNV
21.65,21.66,21.61,21.66,3110,2021-06-15 16:20:00,INNV
21.66,21.7,21.61,21.69,3243,2021-06-15 16:25:00,INNV
21.645,21.645,21.62,21.62,600,2021-06-15 16:30:00,INNV
21.605,21.64,21.58,21.64,4182,2021-06-15 16:35:00,INNV
21.6342,21.67,21.63,21.64,122621,2021-06-15 16:40:00,INNV
21.66,21.66,21.63,21.63,2200,2021-06-15 16:45:00,INNV
21.63,21.66,21.63,21.645,3600,2021-06-15 16:50:00,INNV
21.66,21.71,21.615,21.65,7788,2021-06-15 16:55:00,INNV
21.62,21.65,21.62,21.63,1200,2021-06-15 17:00:00,INNV
21.63,21.6599,21.61,21.63,1014,2021-06-15 17:05:00,INNV
21.635,21.65,21.63,21.64,1500,2021-06-15 17:10:00,INNV
21.65,21.67,21.59,21.67,9211,2021-06-15 17:15:00,INNV
21.68,21.69,21.68,21.69,800,2021-06-15 17:20:00,INNV
21.69,21.69,21.65,21.68,1200,2021-06-15 17:25:00,INNV
21.68,21.68,21.65,21.68,900,2021-06-15 17:30:00,INNV
21.68,21.69,21.64,21.64,2300,2021-06-15 17:35:00,INNV
21.67,21.67,21.64,21.65,3800,2021-06-15 17:40:00,INNV
21.655,21.66,21.635,21.635,800,2021-06-15 17:45:00,INNV
21.635,21.65,21.57,21.57,3740,2021-06-15 17:50:00,INNV
21.59,21.61,21.55,21.575,4100,2021-06-15 17:55:00,INNV
21.59,21.66,21.59,21.65,900,2021-06-15 18:00:00,INNV
21.66,21.66,21.63,21.63,600,2021-06-15 18:05:00,INNV
21.63,21.65,21.63,21.63,900,2021-06-15 18:10:00,INNV
21.64,21.66,21.625,21.625,2300,2021-06-15 18:15:00,INNV
21.62,21.64,21.61,21.625,2304,2021-06-15 18:20:00,INNV
21.62,21.65,21.61,21.625,5308,2021-06-15 18:25:00,INNV
21.63,21.69,21.63,21.65,2389,2021-06-15 18:30:00,INNV
21.69,21.69,21.675,21.675,1000,2021-06-15 18:35:00,INNV
21.7,21.7,21.7,21.7,400,2021-06-15 18:40:00,INNV
21.715,21.73,21.69,21.73,1100,2021-06-15 18:45:00,INNV
21.735,21.75,21.72,21.72,500,2021-06-15 18:50:00,INNV
21.68,21.7,21.66,21.66,2355,2021-06-15 18:55:00,INNV
21.66,21.66,21.54,21.66,174835,2021-06-15 19:00:00,INNV
21.665,21.67,21.59,21.63,7750,2021-06-15 19:05:00,INNV
21.635,21.65,21.58,21.64,9620,2021-06-15 19:10:00,INNV
21.63,21.65,21.6,21.64,1300,2021-06-15 19:15:00,INNV
21.62,21.64,21.55,21.55,7057,2021-06-15 19:20:00,INNV
21.59,21.64,21.59,21.64,720,2021-06-15 19:25:00,INNV
21.63,21.67,21.63,21.65,3253,2021-06-15 19:30:00,INNV
21.65,21.67,21.63,21.65,14620,2021-06-15 19:35:00,INNV
21.65,21.89,21.64,21.86,9070,2021-06-15 19:40:00,INNV
21.87,22.04,21.87,21.97,7406,2021-06-15 19:45:00,INNV
21.97,22.05,21.86,21.92,10881,2021-06-15 19:50:00,INNV
21.92,22.08,21.89,21.97,22623,2021-06-15 19:55:00,INNV
21.97,21.97,21.97,21.97,16422,2021-06-15 20:00:00,INNV
22.05,22.55,22.05,22.245,920,2021-06-16 13:30:00,INNV
22.55,22.61,22.29,22.29,950,2021-06-16 13:35:00,INNV
22.28,22.33,22.14,22.25,1100,2021-06-16 13:40:00,INNV
22.34,22.34,22.25,22.25,1100,2021-06-16 13:45:00,INNV
22.26,22.34,22.2,22.275,1200,2021-06-16 13:50:00,INNV
22.285,22.285,22.235,22.235,1800,2021-06-16 13:55:00,INNV
22.235,22.27,22.235,22.27,200,2021-06-16 14:00:00,INNV
22.18,22.24,22.18,22.22,4450,2021-06-16 14:05:00,INNV
22.27,22.27,22.205,22.27,800,2021-06-16 14:10:00,INNV
22.27,22.27,22.13,22.135,900,2021-06-16 14:15:00,INNV
22.25,22.25,22.205,22.21,2344,2021-06-16 14:20:00,INNV
22.2,22.26,22.1,22.125,2434,2021-06-16 14:25:00,INNV
22.14,22.14,22.025,22.07,800,2021-06-16 14:30:00,INNV
22.12,22.14,22.08,22.13,2741,2021-06-16 14:35:00,INNV
22.13,22.13,22.075,22.075,1400,2021-06-16 14:40:00,INNV
22.13,22.13,22.065,22.12,1565,2021-06-16 14:45:00,INNV
22.05,22.09,22.04,22.06,1010,2021-06-16 14:50:00,INNV
22.06,22.08,22.0,22.065,1218,2021-06-16 14:55:00,INNV
22.065,22.09,21.945,21.95,2723,2021-06-16 15:00:00,INNV
21.95,21.97,21.95,21.97,1616,2021-06-16 15:05:00,INNV
21.98,21.98,21.85,21.91,2532,2021-06-16 15:10:00,INNV
21.92,21.92,21.895,21.895,700,2021-06-16 15:15:00,INNV
21.905,21.95,21.905,21.91,700,2021-06-16 15:20:00,INNV
21.93,21.99,21.93,21.95,1110,2021-06-16 15:25:00,INNV
21.95,21.99,21.92,21.95,1340,2021-06-16 15:30:00,INNV
21.95,22.03,21.95,21.99,128050,2021-06-16 15:35:00,INNV
22.03,22.06,22.01,22.06,600,2021-06-16 15:40:00,INNV
22.08,22.11,22.02,22.11,1700,2021-06-16 15:45:00,INNV
22.12,22.13,22.1,22.1,1000,2021-06-16 15:50:00,INNV
22.12,22.13,22.06,22.07,1200,2021-06-16 15:55:00,INNV
22.08,22.13,22.08,22.08,300,2021-06-16 16:00:00,INNV
22.13,22.14,22.105,22.12,900,2021-06-16 16:05:00,INNV
22.13,22.13,22.1,22.1,900,2021-06-16 16:10:00,INNV
22.11,22.11,22.03,22.0537,3300,2021-06-16 16:15:00,INNV
22.06,22.09,22.03,22.0425,1000,2021-06-16 16:20:00,INNV
22.06,22.08,22.04,22.075,2515,2021-06-16 16:25:00,INNV
22.06,22.08,22.01,22.04,1700,2021-06-16 16:30:00,INNV
22.04,22.07,22.04,22.07,1300,2021-06-16 16:35:00,INNV
22.045,22.07,22.045,22.07,500,2021-06-16 16:40:00,INNV
22.045,22.08,22.045,22.08,800,2021-06-16 16:45:00,INNV
22.08,22.08,22.03,22.05,1400,2021-06-16 16:50:00,INNV
22.07,22.07,22.07,22.07,500,2021-06-16 16:55:00,INNV
22.07,22.07,22.035,22.04,544,2021-06-16 17:00:00,INNV
22.07,22.07,22.04,22.07,800,2021-06-16 17:05:00,INNV
22.06,22.08,22.055,22.06,800,2021-06-16 17:10:00,INNV
22.055,22.08,22.055,22.06,1100,2021-06-16 17:15:00,INNV
22.08,22.08,22.04,22.05,700,2021-06-16 17:20:00,INNV
22.06,22.07,22.04,22.07,1000,2021-06-16 17:25:00,INNV
22.08,22.08,22.03,22.03,500,2021-06-16 17:30:00,INNV
22.08,22.1,22.08,22.1,2684,2021-06-16 17:35:00,INNV
22.1,22.17,22.1,22.16,900,2021-06-16 17:40:00,INNV
22.18,22.18,22.12,22.12,800,2021-06-16 17:45:00,INNV
22.11,22.14,22.11,22.14,800,2021-06-16 17:50:00,INNV
22.19,22.2,22.155,22.2,300,2021-06-16 17:55:00,INNV
22.14,22.2,22.08,22.19,1400,2021-06-16 18:00:00,INNV
22.16,22.16,22.07,22.15,1194,2021-06-16 18:05:00,INNV
22.135,22.17,22.11,22.11,1500,2021-06-16 18:10:00,INNV
22.13,22.13,22.005,22.005,1200,2021-06-16 18:15:00,INNV
22.05,22.06,22.04,22.04,400,2021-06-16 18:20:00,INNV
22.07,22.07,22.05,22.05,800,2021-06-16 18:25:00,INNV
22.1,22.2,22.1,22.155,1100,2021-06-16 18:30:00,INNV
22.105,22.12,22.065,22.12,400,2021-06-16 18:35:00,INNV
22.05,22.08,22.045,22.08,400,2021-06-16 18:40:00,INNV
22.07,22.1,22.07,22.1,200,2021-06-16 18:45:00,INNV
22.11,22.11,22.07,22.07,1061,2021-06-16 18:50:00,INNV
22.12,22.15,22.1,22.13,1500,2021-06-16 18:55:00,INNV
22.16,22.23,22.16,22.18,500,2021-06-16 19:00:00,INNV
22.23,22.33,22.17,22.32,1800,2021-06-16 19:05:00,INNV
22.285,22.36,22.285,22.36,900,2021-06-16 19:10:00,INNV
22.4,22.44,22.385,22.44,1500,2021-06-16 19:15:00,INNV
22.45,22.45,22.36,22.37,1809,2021-06-16 19:20:00,INNV
22.385,22.43,22.35,22.41,1400,2021-06-16 19:25:00,INNV
22.4,22.42,22.35,22.42,1000,2021-06-16 19:30:00,INNV
22.39,22.43,22.36,22.42,2300,2021-06-16 19:35:00,INNV
22.43,22.48,22.43,22.48,1900,2021-06-16 19:40:00,INNV
22.42,22.49,22.42,22.49,1749,2021-06-16 19:45:00,INNV
22.43,22.59,22.43,22.54,4566,2021-06-16 19:50:00,INNV
22.57,22.57,22.47,22.49,8657,2021-06-16 19:55:00,INNV
22.54,22.54,22.54,22.54,8667,2021-06-16 20:00:00,INNV
22.47,22.52,22.47,22.52,1005,2021-06-17 13:30:00,INNV
22.42,22.51,22.26,22.51,1819,2021-06-17 13:35:00,INNV
22.61,22.84,22.61,22.84,600,2021-06-17 13:40:00,INNV
22.81,23.02,22.78,23.02,1000,2021-06-17 13:45:00,INNV
22.96,23.04,22.79,22.92,1208,2021-06-17 13:50:00,INNV
22.89,22.9,22.82,22.82,1005,2021-06-17 13:55:00,INNV
22.86,22.97,22.82,22.92,2700,2021-06-17 14:00:00,INNV
22.87,22.915,22.83,22.88,2199,2021-06-17 14:05:00,INNV
22.92,22.92,22.86,22.86,200,2021-06-17 14:10:00,INNV
22.82,22.95,22.82,22.95,200,2021-06-17 14:15:00,INNV
22.89,22.89,22.84,22.84,300,2021-06-17 14:20:00,INNV
22.895,22.9,22.895,22.9,200,2021-06-17 14:25:00,INNV
22.87,22.915,22.86,22.86,1512,2021-06-17 14:30:00,INNV
22.925,22.955,22.92,22.945,1400,2021-06-17 14:35:00,INNV
22.92,22.95,22.91,22.93,800,2021-06-17 14:40:00,INNV
22.96,22.97,22.9,22.94,4071,2021-06-17 14:45:00,INNV
22.97,23.0,22.93,22.99,887,2021-06-17 14:50:00,INNV
23.0,23.01,22.96,23.005,5457,2021-06-17 14:55:00,INNV
23.01,23.07,23.0,23.07,1000,2021-06-17 15:00:00,INNV
23.11,23.23,23.08,23.23,2005,2021-06-17 15:05:00,INNV
23.21,23.22,23.09,23.12,2703,2021-06-17 15:10:00,INNV
23.12,23.12,23.09,23.09,300,2021-06-17 15:15:00,INNV
23.13,23.22,23.12,23.18,1600,2021-06-17 15:20:00,INNV
23.14,23.2,23.14,23.18,1660,2021-06-17 15:25:00,INNV
23.2,23.2,23.16,23.18,600,2021-06-17 15:30:00,INNV
23.17,23.32,23.17,23.32,1950,2021-06-17 15:35:00,INNV
23.32,23.44,23.315,23.44,1773,2021-06-17 15:40:00,INNV
23.425,23.465,23.4,23.465,906,2021-06-17 15:45:00,INNV
23.6,23.6,23.53,23.6,946,2021-06-17 15:50:00,INNV
23.535,23.535,23.4,23.46,5178,2021-06-17 15:55:00,INNV
23.46,23.46,23.17,23.17,3962,2021-06-17 16:00:00,INNV
23.13,23.24,23.12,23.18,1501,2021-06-17 16:05:00,INNV
23.18,23.18,23.12,23.16,900,2021-06-17 16:10:00,INNV
23.14,23.2,23.135,23.2,1005,2021-06-17 16:15:00,INNV
23.16,23.2,23.12,23.2,1000,2021-06-17 16:20:00,INNV
23.16,23.2,23.12,23.12,1710,2021-06-17 16:25:00,INNV
23.14,23.14,22.931,22.995,3000,2021-06-17 16:30:00,INNV
22.95,23.1,22.95,23.1,1100,2021-06-17 16:35:00,INNV
23.07,23.09,23.07,23.0705,1300,2021-06-17 16:40:00,INNV
23.07,23.07,23.01,23.035,2101,2021-06-17 16:45:00,INNV
23.08,23.08,23.045,23.08,1300,2021-06-17 16:50:00,INNV
23.07,23.14,23.05,23.14,1100,2021-06-17 16:55:00,INNV
23.09,23.15,23.09,23.15,1000,2021-06-17 17:00:00,INNV
23.145,23.225,23.145,23.225,1973,2021-06-17 17:05:00,INNV
23.2,23.23,23.19,23.22,1914,2021-06-17 17:10:00,INNV
23.24,23.29,23.22,23.26,2003,2021-06-17 17:15:00,INNV
23.23,23.265,23.23,23.25,1740,2021-06-17 17:20:00,INNV
23.25,23.25,23.22,23.22,900,2021-06-17 17:25:00,INNV
23.26,23.27,23.24,23.27,2106,2021-06-17 17:30:00,INNV
23.24,23.26,23.23,23.23,1100,2021-06-17 17:35:00,INNV
23.24,23.24,23.24,23.24,300,2021-06-17 17:40:00,INNV
23.26,23.29,23.25,23.27,1600,2021-06-17 17:45:00,INNV
23.27,23.27,23.24,23.27,500,2021-06-17 17:50:00,INNV
23.27,23.3,23.27,23.28,900,2021-06-17 17:55:00,INNV
23.275,23.29,23.26,23.29,1111,2021-06-17 18:00:00,INNV
23.29,23.38,23.29,23.35,1751,2021-06-17 18:05:00,INNV
23.38,23.39,23.35,23.39,2122,2021-06-17 18:10:00,INNV
23.415,23.5,23.4,23.5,5006,2021-06-17 18:15:00,INNV
23.47,23.48,23.4,23.44,700,2021-06-17 18:20:00,INNV
23.41,23.495,23.395,23.495,7337,2021-06-17 18:25:00,INNV
23.495,23.5,23.46,23.46,1600,2021-06-17 18:30:00,INNV
23.39,23.49,23.39,23.41,3574,2021-06-17 18:35:00,INNV
23.4,23.46,23.4,23.441,1220,2021-06-17 18:40:00,INNV
23.46,23.52,23.46,23.501,2505,2021-06-17 18:45:00,INNV
23.5,23.52,23.495,23.52,871,2021-06-17 18:50:00,INNV
23.5,23.51,23.43,23.43,3974,2021-06-17 18:55:00,INNV
23.39,23.39,23.27,23.3,1500,2021-06-17 19:00:00,INNV
23.285,23.3,23.08,23.09,1200,2021-06-17 19:05:00,INNV
23.09,23.19,23.09,23.19,2000,2021-06-17 19:10:00,INNV
23.16,23.2,23.16,23.17,3128,2021-06-17 19:15:00,INNV
23.19,23.19,23.05,23.05,1823,2021-06-17 19:20:00,INNV
23.08,23.125,23.07,23.08,7925,2021-06-17 19:25:00,INNV
23.09,23.14,23.08,23.13,1915,2021-06-17 19:30:00,INNV
23.13,23.19,23.13,23.16,2873,2021-06-17 19:35:00,INNV
23.175,23.25,23.15,23.235,3858,2021-06-17 19:40:00,INNV
23.26,23.31,23.26,23.31,3107,2021-06-17 19:45:00,INNV
23.27,23.35,23.27,23.32,7524,2021-06-17 19:50:00,INNV
23.32,23.38,23.25,23.27,15130,2021-06-17 19:55:00,INNV
23.27,23.27,23.27,23.27,14467,2021-06-17 20:00:00,INNV
23.27,23.27,23.27,23.27,100,2021-06-18 13:10:00,INNV
22.98,23.25,21.456,23.07,7093,2021-06-18 13:30:00,INNV
23.135,23.135,23.135,23.135,100,2021-06-18 13:35:00,INNV
23.14,23.19,22.94,23.18,3700,2021-06-18 13:40:00,INNV
23.17,23.46,23.17,23.46,1747,2021-06-18 13:45:00,INNV
23.44,23.44,23.12,23.17,2770,2021-06-18 13:50:00,INNV
23.07,23.2,23.06,23.2,600,2021-06-18 13:55:00,INNV
23.21,23.21,22.96,22.96,2415,2021-06-18 14:00:00,INNV
23.05,23.1,23.05,23.095,751,2021-06-18 14:05:00,INNV
23.175,23.2,23.175,23.2,200,2021-06-18 14:10:00,INNV
23.22,23.24,23.1,23.1,1843,2021-06-18 14:15:00,INNV
23.04,23.16,23.015,23.105,803,2021-06-18 14:20:00,INNV
23.1,23.1,23.04,23.04,300,2021-06-18 14:25:00,INNV
23.17,23.24,23.17,23.22,500,2021-06-18 14:30:00,INNV
23.17,23.225,23.11,23.11,1301,2021-06-18 14:35:00,INNV
23.14,23.22,23.085,23.085,1700,2021-06-18 14:40:00,INNV
23.085,23.2,23.075,23.2,2500,2021-06-18 14:45:00,INNV
23.16,23.21,23.1,23.1,600,2021-06-18 14:50:00,INNV
23.03,23.125,23.015,23.125,1724,2021-06-18 14:55:00,INNV
23.06,23.14,23.05,23.095,800,2021-06-18 15:00:00,INNV
23.095,23.095,23.045,23.045,700,2021-06-18 15:05:00,INNV
23.03,23.08,23.0,23.005,25418,2021-06-18 15:10:00,INNV
23.04,23.21,23.0,23.21,2700,2021-06-18 15:15:00,INNV
23.21,23.21,23.11,23.18,1100,2021-06-18 15:20:00,INNV
23.2,23.2,23.07,23.07,1900,2021-06-18 15:25:00,INNV
23.08,23.156,23.07,23.11,5988,2021-06-18 15:30:00,INNV
23.06,23.12,23.06,23.12,1704,2021-06-18 15:35:00,INNV
23.16,23.16,23.16,23.16,100,2021-06-18 15:40:00,INNV
23.1,23.16,23.1,23.16,200,2021-06-18 15:45:00,INNV
23.16,23.16,23.1,23.135,500,2021-06-18 15:50:00,INNV
23.15,23.28,23.15,23.28,1821,2021-06-18 15:55:00,INNV
23.28,23.28,23.23,23.27,1200,2021-06-18 16:00:00,INNV
23.28,23.28,23.26,23.28,800,2021-06-18 16:05:00,INNV
23.26,23.28,23.25,23.25,1300,2021-06-18 16:10:00,INNV
23.22,23.23,23.12,23.12,500,2021-06-18 16:15:00,INNV
23.22,23.27,23.22,23.23,1700,2021-06-18 16:20:00,INNV
23.22,23.26,23.22,23.26,300,2021-06-18 16:25:00,INNV
23.25,23.25,23.21,23.23,604,2021-06-18 16:30:00,INNV
23.24,23.24,23.2,23.22,1200,2021-06-18 16:35:00,INNV
23.22,23.25,23.19,23.19,500,2021-06-18 16:40:00,INNV
23.19,23.19,23.04,23.09,2280,2021-06-18 16:45:00,INNV
23.07,23.09,23.07,23.09,200,2021-06-18 16:50:00,INNV
23.07,23.08,23.07,23.08,900,2021-06-18 16:55:00,INNV
23.055,23.055,23.055,23.055,100,2021-06-18 17:00:00,INNV
23.04,23.04,23.01,23.01,300,2021-06-18 17:05:00,INNV
23.04,23.08,23.04,23.06,1307,2021-06-18 17:10:00,INNV
23.08,23.08,22.99,22.99,889,2021-06-18 17:15:00,INNV
22.985,23.03,22.93,22.975,3085,2021-06-18 17:20:00,INNV
22.96,23.06,22.93,23.06,2112,2021-06-18 17:25:00,INNV
23.06,23.09,23.03,23.05,1900,2021-06-18 17:30:00,INNV
23.01,23.01,23.01,23.01,100,2021-06-18 17:35:00,INNV
23.04,23.04,23.04,23.04,200,2021-06-18 17:40:00,INNV
23.04,23.04,23.005,23.03,400,2021-06-18 17:45:00,INNV
23.03,23.06,23.03,23.06,600,2021-06-18 17:50:00,INNV
23.06,23.06,22.975,22.98,5059,2021-06-18 17:55:00,INNV
23.0,23.0,22.98,22.985,1378,2021-06-18 18:00:00,INNV
22.995,23.01,22.98,23.01,706,2021-06-18 18:05:00,INNV
22.995,23.03,22.995,23.03,4693,2021-06-18 18:10:00,INNV
23.02,23.06,23.01,23.06,600,2021-06-18 18:15:00,INNV
23.0,23.06,23.0,23.04,1150,2021-06-18 18:20:00,INNV
23.0,23.025,22.91,22.965,5807,2021-06-18 18:25:00,INNV
22.965,22.965,22.8712,22.93,3262,2021-06-18 18:30:00,INNV
22.87,22.9,22.87,22.895,2237,2021-06-18 18:35:00,INNV
22.92,22.98,22.9,22.9,4080,2021-06-18 18:40:00,INNV
22.925,22.99,22.925,22.975,4518,2021-06-18 18:45:00,INNV
22.97,23.02,22.96,23.02,3790,2021-06-18 18:50:00,INNV
23.02,23.04,22.9709,23.04,2400,2021-06-18 18:55:00,INNV
23.04,23.07,22.94,22.97,3229,2021-06-18 19:00:00,INNV
22.97,23.015,22.96,22.99,4404,2021-06-18 19:05:00,INNV
22.98,23.02,22.98,23.01,2004,2021-06-18 19:10:00,INNV
23.01,23.02,22.995,23.0,900,2021-06-18 19:15:00,INNV
23.02,23.035,22.99,22.99,2101,2021-06-18 19:20:00,INNV
22.99,22.99,22.9601,22.9601,400,2021-06-18 19:25:00,INNV
23.02,23.08,22.99,22.995,4294,2021-06-18 19:30:00,INNV
22.97,23.02,22.97,22.99,1349,2021-06-18 19:35:00,INNV
23.02,23.07,22.99,23.03,2600,2021-06-18 19:40:00,INNV
23.05,23.1,23.025,23.1,1300,2021-06-18 19:45:00,INNV
23.04,23.25,22.95,23.03,45788,2021-06-18 19:50:00,INNV
23.07,23.1,22.95,23.1,15936,2021-06-18 19:55:00,INNV
23.09,23.09,23.09,23.09,686948,2021-06-18 20:00:00,INNV
23.1,23.1,23.1,23.1,773,2021-06-18 20:05:00,INNV
23.01,23.01,22.55,22.55,1289,2021-06-21 13:30:00,INNV
22.47,23.005,22.47,22.63,688,2021-06-21 13:35:00,INNV
22.9,22.9,22.9,22.9,113,2021-06-21 13:40:00,INNV
23.015,23.125,22.9,22.9,1325,2021-06-21 13:45:00,INNV
23.06,23.06,23.06,23.06,190,2021-06-21 13:50:00,INNV
23.13,23.2,23.09,23.2,1000,2021-06-21 13:55:00,INNV
23.23,23.23,23.17,23.17,300,2021-06-21 14:00:00,INNV
23.23,23.23,23.18,23.23,600,2021-06-21 14:05:00,INNV
23.24,23.27,23.19,23.26,1286,2021-06-21 14:10:00,INNV
23.195,23.21,23.16,23.19,3900,2021-06-21 14:15:00,INNV
22.965,22.965,22.965,22.965,100,2021-06-21 14:20:00,INNV
23.07,23.18,23.025,23.11,1815,2021-06-21 14:25:00,INNV
23.18,23.195,23.18,23.195,700,2021-06-21 14:30:00,INNV
23.11,23.15,23.11,23.115,1159,2021-06-21 14:40:00,INNV
23.14,23.15,23.04,23.09,2783,2021-06-21 14:45:00,INNV
23.11,23.115,22.99,22.99,886,2021-06-21 14:50:00,INNV
22.99,23.015,22.99,23.015,200,2021-06-21 14:55:00,INNV
22.935,23.0,22.935,22.99,900,2021-06-21 15:00:00,INNV
22.95,22.97,22.92,22.92,569,2021-06-21 15:05:00,INNV
22.975,22.98,22.975,22.98,514,2021-06-21 15:10:00,INNV
22.96,22.965,22.93,22.965,300,2021-06-21 15:15:00,INNV
22.93,22.965,22.91,22.91,1832,2021-06-21 15:20:00,INNV
22.88,22.92,22.88,22.91,801,2021-06-21 15:25:00,INNV
22.91,22.91,22.9,22.9,300,2021-06-21 15:30:00,INNV
22.855,22.93,22.855,22.93,900,2021-06-21 15:35:00,INNV
22.935,22.95,22.935,22.95,400,2021-06-21 15:40:00,INNV
22.93,22.96,22.93,22.96,200,2021-06-21 15:45:00,INNV
22.965,23.01,22.92,23.01,1000,2021-06-21 15:50:00,INNV
23.005,23.005,23.005,23.005,100,2021-06-21 15:55:00,INNV
23.02,23.02,23.02,23.02,200,2021-06-21 16:00:00,INNV
23.02,23.02,23.02,23.02,300,2021-06-21 16:05:00,INNV
22.98,23.02,22.98,23.02,200,2021-06-21 16:10:00,INNV
22.99,22.99,22.97,22.975,326,2021-06-21 16:15:00,INNV
22.95,22.95,22.89,22.89,1995,2021-06-21 16:20:00,INNV
22.88,22.96,22.88,22.96,1800,2021-06-21 16:25:00,INNV
22.96,22.96,22.94,22.94,300,2021-06-21 16:30:00,INNV
22.94,22.97,22.94,22.97,300,2021-06-21 16:35:00,INNV
22.96,23.0,22.96,22.96,600,2021-06-21 16:40:00,INNV
22.96,22.97,22.95,22.97,925,2021-06-21 16:45:00,INNV
22.97,22.98,22.95,22.975,600,2021-06-21 16:50:00,INNV
22.98,22.98,22.945,22.945,200,2021-06-21 16:55:00,INNV
22.96,23.005,22.92,23.005,1400,2021-06-21 17:00:00,INNV
23.04,23.04,23.0,23.0,700,2021-06-21 17:10:00,INNV
22.98,22.98,22.98,22.98,700,2021-06-21 17:15:00,INNV
22.9554,22.9554,22.9554,22.9554,100,2021-06-21 17:20:00,INNV
22.98,23.005,22.94,22.96,1798,2021-06-21 17:25:00,INNV
22.97,22.97,22.96,22.96,200,2021-06-21 17:30:00,INNV
22.94,22.94,22.93,22.93,500,2021-06-21 17:35:00,INNV
22.94,22.94,22.85,22.855,1504,2021-06-21 17:40:00,INNV
22.855,22.855,22.855,22.855,1507,2021-06-21 17:45:00,INNV
22.855,22.92,22.855,22.92,2210,2021-06-21 17:50:00,INNV
22.93,22.93,22.895,22.905,2055,2021-06-21 17:55:00,INNV
22.9,22.93,22.87,22.87,1359,2021-06-21 18:00:00,INNV
22.9,22.9,22.83,22.845,400,2021-06-21 18:05:00,INNV
22.84,22.9,22.84,22.895,1694,2021-06-21 18:10:00,INNV
22.88,22.88,22.88,22.88,490,2021-06-21 18:15:00,INNV
22.88,22.88,22.77,22.82,2820,2021-06-21 18:20:00,INNV
22.85,22.87,22.85,22.87,500,2021-06-21 18:25:00,INNV
22.85,22.85,22.85,22.85,200,2021-06-21 18:30:00,INNV
22.845,22.87,22.845,22.85,500,2021-06-21 18:35:00,INNV
22.85,22.88,22.85,22.87,500,2021-06-21 18:40:00,INNV
22.82,22.85,22.82,22.84,600,2021-06-21 18:45:00,INNV
22.835,22.87,22.835,22.87,1553,2021-06-21 18:50:00,INNV
22.855,22.89,22.845,22.845,1100,2021-06-21 18:55:00,INNV
22.86,22.88,22.84,22.88,1553,2021-06-21 19:00:00,INNV
22.89,22.9,22.825,22.85,1900,2021-06-21 19:05:00,INNV
22.84,22.84,22.785,22.785,2100,2021-06-21 19:10:00,INNV
22.78,22.83,22.77,22.815,1200,2021-06-21 19:15:00,INNV
22.85,22.86,22.805,22.86,600,2021-06-21 19:20:00,INNV
22.86,22.86,22.83,22.855,1200,2021-06-21 19:25:00,INNV
22.845,22.86,22.7901,22.84,1626,2021-06-21 19:30:00,INNV
22.85,22.85,22.79,22.82,2716,2021-06-21 19:35:00,INNV
22.83,22.83,22.77,22.77,2406,2021-06-21 19:40:00,INNV
22.72,22.76,22.72,22.745,4600,2021-06-21 19:45:00,INNV
22.745,22.77,22.71,22.75,6131,2021-06-21 19:50:00,INNV
22.75,22.8,22.7,22.7,13668,2021-06-21 19:55:00,INNV
22.76,22.76,22.76,22.76,14574,2021-06-21 20:00:00,INNV
22.85,22.92,22.79,22.84,2527,2021-06-22 13:30:00,INNV
22.9,22.9,22.9,22.9,100,2021-06-22 13:35:00,INNV
23.01,23.01,23.01,23.01,220,2021-06-22 13:40:00,INNV
22.895,22.895,22.8,22.89,900,2021-06-22 13:45:00,INNV
22.81,22.88,22.67,22.705,2396,2021-06-22 13:55:00,INNV
22.76,22.79,22.64,22.75,3000,2021-06-22 14:00:00,INNV
22.79,22.79,22.72,22.72,400,2021-06-22 14:05:00,INNV
22.69,22.69,22.525,22.53,1000,2021-06-22 14:10:00,INNV
22.53,22.66,22.515,22.66,3100,2021-06-22 14:15:00,INNV
22.635,22.635,22.555,22.555,516,2021-06-22 14:20:00,INNV
22.505,22.6,22.505,22.535,3000,2021-06-22 14:25:00,INNV
22.535,22.535,22.535,22.535,667,2021-06-22 14:30:00,INNV
22.535,22.59,22.355,22.355,4459,2021-06-22 14:35:00,INNV
22.36,22.57,22.36,22.44,6395,2021-06-22 14:40:00,INNV
22.42,22.42,22.225,22.28,3620,2021-06-22 14:45:00,INNV
22.275,22.34,22.21,22.33,600,2021-06-22 14:50:00,INNV
22.33,22.34,22.19,22.27,2701,2021-06-22 14:55:00,INNV
22.28,22.42,22.28,22.42,1100,2021-06-22 15:00:00,INNV
22.42,22.56,22.38,22.38,1135,2021-06-22 15:10:00,INNV
22.41,22.47,22.33,22.47,1000,2021-06-22 15:15:00,INNV
22.465,22.465,22.39,22.39,300,2021-06-22 15:20:00,INNV
22.35,22.395,22.33,22.33,643,2021-06-22 15:25:00,INNV
22.27,22.32,22.27,22.32,500,2021-06-22 15:30:00,INNV
22.19,22.24,22.19,22.24,200,2021-06-22 15:35:00,INNV
22.24,22.24,22.17,22.17,45000,2021-06-22 15:40:00,INNV
22.17,22.27,22.17,22.19,1055,2021-06-22 15:45:00,INNV
22.18,22.27,22.18,22.24,1481,2021-06-22 15:50:00,INNV
22.3,22.385,22.3,22.385,1300,2021-06-22 15:55:00,INNV
22.32,22.32,22.2,22.2,870,2021-06-22 16:00:00,INNV
22.2,22.25,22.2,22.25,500,2021-06-22 16:05:00,INNV
22.18,22.25,22.17,22.25,700,2021-06-22 16:10:00,INNV
22.2,22.225,22.19,22.225,400,2021-06-22 16:15:00,INNV
22.2,22.26,22.2,22.26,400,2021-06-22 16:20:00,INNV
22.21,22.28,22.21,22.25,1355,2021-06-22 16:25:00,INNV
22.27,22.27,22.25,22.25,200,2021-06-22 16:30:00,INNV
22.235,22.3,22.235,22.275,2100,2021-06-22 16:35:00,INNV
22.28,22.28,22.28,22.28,500,2021-06-22 16:40:00,INNV
22.33,22.33,22.275,22.275,900,2021-06-22 16:45:00,INNV
22.275,22.275,22.23,22.23,1019,2021-06-22 16:50:00,INNV
22.32,22.32,22.23,22.23,400,2021-06-22 16:55:00,INNV
22.27,22.27,22.23,22.26,1100,2021-06-22 17:00:00,INNV
22.265,22.31,22.265,22.27,900,2021-06-22 17:05:00,INNV
22.23,22.265,22.23,22.265,700,2021-06-22 17:10:00,INNV
22.24,22.29,22.22,22.275,1200,2021-06-22 17:15:00,INNV
22.255,22.28,22.255,22.28,300,2021-06-22 17:20:00,INNV
22.3,22.37,22.3,22.37,951,2021-06-22 17:30:00,INNV
22.32,22.32,22.32,22.32,837,2021-06-22 17:35:00,INNV
22.355,22.355,22.33,22.33,200,2021-06-22 17:40:00,INNV
22.38,22.4,22.375,22.39,607,2021-06-22 17:45:00,INNV
22.41,22.42,22.385,22.42,1034,2021-06-22 17:50:00,INNV
22.42,22.47,22.42,22.47,1098,2021-06-22 17:55:00,INNV
22.47,22.47,22.36,22.36,500,2021-06-22 18:00:00,INNV
22.43,22.465,22.43,22.455,626,2021-06-22 18:05:00,INNV
22.455,22.49,22.455,22.49,300,2021-06-22 18:10:00,INNV
22.5,22.5,22.5,22.5,100,2021-06-22 18:15:00,INNV
22.51,22.51,22.51,22.51,116,2021-06-22 18:20:00,INNV
22.47,22.49,22.43,22.43,400,2021-06-22 18:25:00,INNV
22.47,22.5,22.47,22.47,300,2021-06-22 18:30:00,INNV
22.47,22.47,22.47,22.47,700,2021-06-22 18:35:00,INNV
22.47,22.47,22.47,22.47,300,2021-06-22 18:40:00,INNV
22.45,22.465,22.42,22.465,400,2021-06-22 18:45:00,INNV
22.465,22.465,22.465,22.465,200,2021-06-22 18:50:00,INNV
22.47,22.53,22.45,22.52,3346,2021-06-22 18:55:00,INNV
22.52,22.56,22.52,22.55,1324,2021-06-22 19:00:00,INNV
22.58,22.58,22.565,22.565,1672,2021-06-22 19:05:00,INNV
22.56,22.58,22.56,22.57,1432,2021-06-22 19:10:00,INNV
22.53,22.61,22.53,22.61,1058,2021-06-22 19:15:00,INNV
22.6,22.68,22.6,22.62,2161,2021-06-22 19:20:00,INNV
22.6,22.62,22.6,22.62,300,2021-06-22 19:25:00,INNV
22.59,22.69,22.59,22.69,1744,2021-06-22 19:30:00,INNV
22.7,22.7,22.67,22.685,1134,2021-06-22 19:35:00,INNV
22.67,22.69,22.66,22.69,700,2021-06-22 19:40:00,INNV
22.69,22.72,22.69,22.72,2082,2021-06-22 19:45:00,INNV
22.72,22.74,22.6,22.64,3989,2021-06-22 19:50:00,INNV
22.63,22.69,22.59,22.61,5164,2021-06-22 19:55:00,INNV
22.67,22.67,22.67,22.67,13126,2021-06-22 20:00:00,INNV
22.61,22.61,22.61,22.61,411,2021-06-23 13:30:00,INNV
21.77,22.36,21.77,22.36,200,2021-06-23 13:50:00,INNV
22.71,22.71,22.71,22.71,100,2021-06-23 13:55:00,INNV
22.58,22.58,22.28,22.28,600,2021-06-23 14:00:00,INNV
22.37,22.37,22.29,22.37,300,2021-06-23 14:05:00,INNV
22.31,22.45,22.3,22.45,2168,2021-06-23 14:10:00,INNV
22.385,22.58,22.36,22.455,2270,2021-06-23 14:15:00,INNV
22.39,22.54,22.39,22.54,200,2021-06-23 14:20:00,INNV
22.43,22.55,22.43,22.49,900,2021-06-23 14:25:00,INNV
22.445,22.49,22.445,22.49,944,2021-06-23 14:30:00,INNV
22.41,22.45,22.4,22.45,1489,2021-06-23 14:35:00,INNV
22.48,22.48,22.42,22.42,200,2021-06-23 14:40:00,INNV
22.47,22.48,22.455,22.455,531,2021-06-23 14:45:00,INNV
22.485,22.59,22.48,22.48,800,2021-06-23 14:50:00,INNV
22.58,22.58,22.39,22.39,912,2021-06-23 14:55:00,INNV
22.4,22.4,22.39,22.4,300,2021-06-23 15:00:00,INNV
22.46,22.46,22.46,22.46,200,2021-06-23 15:05:00,INNV
22.43,22.48,22.43,22.44,600,2021-06-23 15:10:00,INNV
22.44,22.44,22.34,22.35,500,2021-06-23 15:15:00,INNV
22.42,22.42,22.38,22.405,500,2021-06-23 15:20:00,INNV
22.38,22.44,22.35,22.44,800,2021-06-23 15:25:00,INNV
22.51,22.51,22.37,22.4,500,2021-06-23 15:30:00,INNV
22.48,22.48,22.45,22.45,200,2021-06-23 15:35:00,INNV
22.46,22.46,22.415,22.415,866,2021-06-23 15:40:00,INNV
22.46,22.49,22.41,22.49,924,2021-06-23 15:45:00,INNV
22.52,22.52,22.45,22.45,200,2021-06-23 15:50:00,INNV
22.45,22.45,22.37,22.37,1000,2021-06-23 15:55:00,INNV
22.41,22.42,22.375,22.375,800,2021-06-23 16:00:00,INNV
22.4685,22.4685,22.42,22.43,700,2021-06-23 16:05:00,INNV
22.44,22.49,22.435,22.49,600,2021-06-23 16:10:00,INNV
22.44,22.45,22.44,22.445,300,2021-06-23 16:15:00,INNV
22.41,22.52,22.41,22.48,600,2021-06-23 16:20:00,INNV
22.485,22.49,22.445,22.445,500,2021-06-23 16:25:00,INNV
22.47,22.49,22.47,22.49,200,2021-06-23 16:30:00,INNV
22.46,22.5,22.31,22.32,1200,2021-06-23 16:35:00,INNV
22.405,22.405,22.405,22.405,100,2021-06-23 16:40:00,INNV
22.45,22.455,22.365,22.365,900,2021-06-23 16:45:00,INNV
22.37,22.39,22.36,22.38,688,2021-06-23 16:50:00,INNV
22.42,22.44,22.39,22.39,800,2021-06-23 16:55:00,INNV
22.43,22.43,22.37,22.37,600,2021-06-23 17:00:00,INNV
22.43,22.44,22.4,22.42,600,2021-06-23 17:05:00,INNV
22.44,22.44,22.44,22.44,200,2021-06-23 17:10:00,INNV
22.41,22.41,22.41,22.41,148,2021-06-23 17:15:00,INNV
22.39,22.39,22.39,22.39,100,2021-06-23 17:20:00,INNV
22.43,22.44,22.41,22.425,651,2021-06-23 17:25:00,INNV
22.36,22.37,22.19,22.19,13500,2021-06-23 17:30:00,INNV
22.235,22.235,22.15,22.15,400,2021-06-23 17:35:00,INNV
22.16,22.265,22.16,22.18,1300,2021-06-23 17:40:00,INNV
22.17,22.3,22.17,22.3,1559,2021-06-23 17:45:00,INNV
22.31,22.32,22.31,22.32,764,2021-06-23 17:50:00,INNV
22.33,22.33,22.32,22.33,400,2021-06-23 17:55:00,INNV
22.295,22.295,22.295,22.295,200,2021-06-23 18:00:00,INNV
22.33,22.34,22.315,22.315,300,2021-06-23 18:05:00,INNV
22.33,22.33,22.25,22.3,2884,2021-06-23 18:10:00,INNV
22.26,22.28,22.2,22.205,800,2021-06-23 18:15:00,INNV
22.14,22.27,22.14,22.24,1600,2021-06-23 18:20:00,INNV
22.2,22.255,22.2,22.255,200,2021-06-23 18:25:00,INNV
22.215,22.24,22.215,22.24,200,2021-06-23 18:30:00,INNV
22.23,22.255,22.205,22.23,1263,2021-06-23 18:35:00,INNV
22.19,22.26,22.19,22.23,1003,2021-06-23 18:40:00,INNV
22.27,22.27,22.21,22.25,1543,2021-06-23 18:45:00,INNV
22.26,22.39,22.22,22.39,1012,2021-06-23 18:50:00,INNV
22.33,22.36,22.26,22.28,1300,2021-06-23 18:55:00,INNV
22.32,22.405,22.32,22.4,800,2021-06-23 19:00:00,INNV
22.41,22.41,22.4,22.41,300,2021-06-23 19:05:00,INNV
22.395,22.405,22.25,22.26,6600,2021-06-23 19:10:00,INNV
22.21,22.3,22.21,22.28,1300,2021-06-23 19:15:00,INNV
22.31,22.38,22.31,22.38,1100,2021-06-23 19:20:00,INNV
22.38,22.42,22.36,22.38,1600,2021-06-23 19:25:00,INNV
22.38,22.435,22.32,22.35,1608,2021-06-23 19:30:00,INNV
22.32,22.385,22.29,22.36,800,2021-06-23 19:35:00,INNV
22.305,22.315,22.225,22.26,1720,2021-06-23 19:40:00,INNV
22.255,22.305,22.23,22.23,3600,2021-06-23 19:45:00,INNV
22.2,22.265,22.14,22.16,3983,2021-06-23 19:50:00,INNV
22.21,22.33,22.19,22.21,7920,2021-06-23 19:55:00,INNV
22.21,22.21,22.21,22.21,7248,2021-06-23 20:00:00,INNV
22.22,22.22,22.0825,22.0825,498,2021-06-24 13:30:00,INNV
22.005,22.005,21.43,21.45,2900,2021-06-24 13:35:00,INNV
21.78,21.78,21.78,21.78,100,2021-06-24 13:40:00,INNV
21.91,22.18,21.91,21.93,300,2021-06-24 13:45:00,INNV
22.17,22.205,21.94,22.205,600,2021-06-24 13:50:00,INNV
22.06,22.18,22.04,22.15,1900,2021-06-24 13:55:00,INNV
22.08,22.1,22.04,22.04,500,2021-06-24 14:00:00,INNV
22.055,22.065,22.03,22.065,600,2021-06-24 14:05:00,INNV
22.03,22.11,22.02,22.02,725,2021-06-24 14:10:00,INNV
22.01,22.01,21.91,21.95,500,2021-06-24 14:15:00,INNV
21.96,22.065,21.96,22.06,2407,2021-06-24 14:20:00,INNV
21.99,22.06,21.99,22.06,200,2021-06-24 14:25:00,INNV
22.13,22.13,22.0,22.12,1000,2021-06-24 14:35:00,INNV
22.08,22.115,22.03,22.03,500,2021-06-24 14:40:00,INNV
22.03,22.06,21.98,22.06,1222,2021-06-24 14:45:00,INNV
21.98,22.04,21.98,21.98,700,2021-06-24 14:50:00,INNV
21.92,21.965,21.91,21.965,534,2021-06-24 14:55:00,INNV
21.96,22.04,21.95,21.99,1696,2021-06-24 15:00:00,INNV
22.02,22.12,22.02,22.115,700,2021-06-24 15:05:00,INNV
22.125,22.265,22.07,22.14,5397,2021-06-24 15:10:00,INNV
22.12,22.12,22.09,22.09,200,2021-06-24 15:15:00,INNV
22.07,22.11,22.07,22.09,1200,2021-06-24 15:20:00,INNV
22.09,22.12,22.07,22.09,1900,2021-06-24 15:25:00,INNV
22.07,22.07,21.99,21.99,825,2021-06-24 15:30:00,INNV
22.04,22.07,22.005,22.07,400,2021-06-24 15:35:00,INNV
22.01,22.01,22.01,22.01,100,2021-06-24 15:40:00,INNV
22.11,22.11,22.11,22.11,100,2021-06-24 15:45:00,INNV
22.075,22.075,22.07,22.07,762,2021-06-24 15:50:00,INNV
22.04,22.075,22.01,22.04,1062,2021-06-24 16:00:00,INNV
22.04,22.05,22.02,22.03,2598,2021-06-24 16:05:00,INNV
22.01,22.01,21.93,21.96,2510,2021-06-24 16:10:00,INNV
21.95,21.97,21.95,21.96,300,2021-06-24 16:20:00,INNV
21.96,21.96,21.95,21.96,900,2021-06-24 16:25:00,INNV
21.975,21.975,21.97,21.97,300,2021-06-24 16:30:00,INNV
21.96,21.96,21.84,21.84,1034,2021-06-24 16:35:00,INNV
21.84,21.84,21.76,21.83,500,2021-06-24 16:40:00,INNV
21.835,21.875,21.82,21.855,2300,2021-06-24 16:45:00,INNV
21.81,21.85,21.81,21.83,884,2021-06-24 16:50:00,INNV
21.805,21.805,21.68,21.68,28753,2021-06-24 17:00:00,INNV
21.68,21.68,21.675,21.68,400,2021-06-24 17:05:00,INNV
21.68,21.68,21.65,21.66,300,2021-06-24 17:10:00,INNV
21.675,21.72,21.65,21.72,2710,2021-06-24 17:15:00,INNV
21.74,21.8,21.715,21.8,1733,2021-06-24 17:20:00,INNV
21.8,21.81,21.8,21.81,200,2021-06-24 17:25:00,INNV
21.86,21.86,21.86,21.86,100,2021-06-24 17:30:00,INNV
21.86,21.86,21.82,21.835,1676,2021-06-24 17:35:00,INNV
21.84,21.85,21.83,21.85,508,2021-06-24 17:40:00,INNV
21.83,21.835,21.82,21.82,400,2021-06-24 17:45:00,INNV
21.82,21.82,21.735,21.735,8836,2021-06-24 17:50:00,INNV
21.74,21.74,21.66,21.66,300,2021-06-24 17:55:00,INNV
21.7,21.7,21.68,21.69,500,2021-06-24 18:00:00,INNV
21.66,21.74,21.66,21.74,1200,2021-06-24 18:05:00,INNV
21.75,21.77,21.75,21.76,941,2021-06-24 18:10:00,INNV
21.78,21.78,21.78,21.78,100,2021-06-24 18:15:00,INNV
21.76,21.76,21.76,21.76,100,2021-06-24 18:20:00,INNV
21.76,21.77,21.76,21.77,300,2021-06-24 18:25:00,INNV
21.77,21.77,21.71,21.71,919,2021-06-24 18:30:00,INNV
21.74,21.75,21.72,21.75,600,2021-06-24 18:35:00,INNV
21.74,21.74,21.74,21.74,100,2021-06-24 18:40:00,INNV
21.74,21.77,21.74,21.77,400,2021-06-24 18:45:00,INNV
21.75,21.77,21.72,21.75,1366,2021-06-24 18:50:00,INNV
21.72,21.78,21.72,21.78,2851,2021-06-24 18:55:00,INNV
21.75,21.75,21.75,21.75,100,2021-06-24 19:00:00,INNV
21.76,21.77,21.76,21.76,889,2021-06-24 19:05:00,INNV
21.76,21.78,21.76,21.775,1606,2021-06-24 19:10:00,INNV
21.78,21.82,21.77,21.82,1000,2021-06-24 19:15:00,INNV
21.82,21.855,21.78,21.855,2284,2021-06-24 19:20:00,INNV
21.85,21.85,21.81,21.83,889,2021-06-24 19:25:00,INNV
21.83,21.94,21.83,21.94,1300,2021-06-24 19:30:00,INNV
21.89,21.89,21.82,21.82,1860,2021-06-24 19:35:00,INNV
21.82,21.865,21.82,21.84,2452,2021-06-24 19:40:00,INNV
21.87,21.87,21.84,21.84,1300,2021-06-24 19:45:00,INNV
21.84,21.84,21.75,21.75,3820,2021-06-24 19:50:00,INNV
21.69,21.82,21.69,21.74,7371,2021-06-24 19:55:00,INNV
21.73,21.73,21.73,21.73,8269,2021-06-24 20:00:00,INNV
21.74,21.74,21.74,21.74,429,2021-06-25 13:30:00,INNV
21.63,21.63,21.63,21.63,200,2021-06-25 13:35:00,INNV
21.69,21.69,21.61,21.61,200,2021-06-25 13:40:00,INNV
21.66,21.715,21.63,21.63,400,2021-06-25 13:45:00,INNV
21.71,21.86,21.625,21.85,1909,2021-06-25 13:50:00,INNV
21.83,21.84,21.69,21.69,1235,2021-06-25 13:55:00,INNV
21.69,21.69,21.59,21.59,500,2021-06-25 14:00:00,INNV
21.59,21.67,21.59,21.59,700,2021-06-25 14:05:00,INNV
21.63,21.665,21.59,21.63,1100,2021-06-25 14:10:00,INNV
21.63,21.72,21.6,21.675,2041,2021-06-25 14:15:00,INNV
21.61,21.655,21.48,21.52,1400,2021-06-25 14:20:00,INNV
21.52,21.52,21.29,21.29,2000,2021-06-25 14:25:00,INNV
21.29,21.3,21.19,21.2166,1900,2021-06-25 14:30:00,INNV
21.24,21.34,21.22,21.34,2989,2021-06-25 14:35:00,INNV
21.34,21.38,21.33,21.34,5916,2021-06-25 14:40:00,INNV
21.33,21.33,21.25,21.27,500,2021-06-25 14:45:00,INNV
21.26,21.2949,21.2,21.2,3155,2021-06-25 14:50:00,INNV
21.19,21.19,21.11,21.11,900,2021-06-25 14:55:00,INNV
21.16,21.215,21.14,21.215,1300,2021-06-25 15:00:00,INNV
21.24,21.27,21.23,21.24,3185,2021-06-25 15:05:00,INNV
21.25,21.28,21.23,21.25,1300,2021-06-25 15:10:00,INNV
21.27,21.29,21.25,21.25,2200,2021-06-25 15:15:00,INNV
21.24,21.24,21.23,21.24,482,2021-06-25 15:20:00,INNV
21.2,21.2,21.15,21.17,800,2021-06-25 15:25:00,INNV
21.17,21.205,21.13,21.205,1875,2021-06-25 15:30:00,INNV
21.24,21.34,21.24,21.3,1600,2021-06-25 15:35:00,INNV
21.3,21.3075,21.285,21.3,2000,2021-06-25 15:40:00,INNV
21.31,21.33,21.29,21.31,2100,2021-06-25 15:45:00,INNV
21.31,21.37,21.31,21.37,600,2021-06-25 15:50:00,INNV
21.35,21.365,21.33,21.33,700,2021-06-25 15:55:00,INNV
21.32,21.32,21.28,21.28,1400,2021-06-25 16:00:00,INNV
21.26,21.285,21.26,21.285,400,2021-06-25 16:05:00,INNV
21.28,21.3,21.28,21.29,1200,2021-06-25 16:10:00,INNV
21.285,21.285,21.28,21.28,200,2021-06-25 16:15:00,INNV
21.3,21.34,21.295,21.34,1791,2021-06-25 16:20:00,INNV
21.38,21.38,21.31,21.31,1300,2021-06-25 16:25:00,INNV
21.36,21.425,21.36,21.425,1200,2021-06-25 16:30:00,INNV
21.41,21.45,21.41,21.45,800,2021-06-25 16:35:00,INNV
21.47,21.53,21.47,21.53,1000,2021-06-25 16:40:00,INNV
21.51,21.51,21.46,21.46,700,2021-06-25 16:45:00,INNV
21.455,21.47,21.43,21.47,1200,2021-06-25 16:50:00,INNV
21.44,21.445,21.44,21.445,400,2021-06-25 16:55:00,INNV
21.46,21.53,21.46,21.5,1556,2021-06-25 17:00:00,INNV
21.54,21.6,21.54,21.585,1000,2021-06-25 17:05:00,INNV
21.6,21.615,21.6,21.615,600,2021-06-25 17:10:00,INNV
21.59,21.59,21.59,21.59,100,2021-06-25 17:15:00,INNV
21.635,21.635,21.58,21.61,1300,2021-06-25 17:20:00,INNV
21.61,21.61,21.605,21.605,200,2021-06-25 17:25:00,INNV
21.605,21.605,21.58,21.58,500,2021-06-25 17:30:00,INNV
21.58,21.58,21.58,21.58,100,2021-06-25 17:35:00,INNV
21.56,21.575,21.56,21.57,1100,2021-06-25 17:40:00,INNV
21.55,21.555,21.45,21.46,900,2021-06-25 17:45:00,INNV
21.45,21.49,21.36,21.36,1400,2021-06-25 17:50:00,INNV
21.36,21.39,21.36,21.385,1300,2021-06-25 17:55:00,INNV
21.385,21.47,21.385,21.45,2470,2021-06-25 18:00:00,INNV
21.45,21.45,21.42,21.42,600,2021-06-25 18:05:00,INNV
21.44,21.46,21.42,21.42,1122,2021-06-25 18:10:00,INNV
21.42,21.42,21.32,21.405,4700,2021-06-25 18:15:00,INNV
21.405,21.43,21.4,21.42,4499,2021-06-25 18:20:00,INNV
21.42,21.455,21.41,21.435,8617,2021-06-25 18:25:00,INNV
21.42,21.45,21.42,21.44,2792,2021-06-25 18:30:00,INNV
21.44,21.46,21.43,21.46,4525,2021-06-25 18:35:00,INNV
21.45,21.52,21.44,21.5,9051,2021-06-25 18:40:00,INNV
21.5,21.5,21.46,21.48,5300,2021-06-25 18:45:00,INNV
21.48,21.51,21.46,21.51,2698,2021-06-25 18:50:00,INNV
21.5,21.51,21.49,21.51,6500,2021-06-25 18:55:00,INNV
21.49,21.53,21.49,21.53,4102,2021-06-25 19:00:00,INNV
21.53,21.53,21.44,21.5,10470,2021-06-25 19:05:00,INNV
21.48,21.51,21.46,21.51,9401,2021-06-25 19:10:00,INNV
21.5,21.52,21.48,21.5,5622,2021-06-25 19:15:00,INNV
21.51,21.51,21.49,21.5,10592,2021-06-25 19:20:00,INNV
21.49,21.62,21.49,21.6,12085,2021-06-25 19:25:00,INNV
21.585,21.61,21.49,21.505,13576,2021-06-25 19:30:00,INNV
21.505,21.505,21.25,21.29,12520,2021-06-25 19:35:00,INNV
21.26,21.39,21.26,21.33,19477,2021-06-25 19:40:00,INNV
21.33,21.445,21.31,21.39,16289,2021-06-25 19:45:00,INNV
21.4,21.52,21.01,21.083,113603,2021-06-25 19:50:00,INNV
21.16,21.22,20.93,21.03,60669,2021-06-25 19:55:00,INNV
21.06,21.06,21.06,21.06,1880464,2021-06-25 20:00:00,INNV
21.26,21.26,20.85,20.91,7033,2021-06-28 13:30:00,INNV
21.15,21.305,21.15,21.305,1967,2021-06-28 13:35:00,INNV
21.39,21.41,21.18,21.25,1900,2021-06-28 13:40:00,INNV
21.3,21.31,21.3,21.31,215,2021-06-28 13:45:00,INNV
21.27,21.3,21.25,21.25,566,2021-06-28 13:50:00,INNV
21.32,21.425,21.27,21.425,2069,2021-06-28 13:55:00,INNV
21.48,21.48,21.37,21.37,200,2021-06-28 14:00:00,INNV
21.45,21.45,21.42,21.42,300,2021-06-28 14:05:00,INNV
21.42,21.42,21.36,21.4,400,2021-06-28 14:10:00,INNV
21.35,21.37,21.29,21.29,1500,2021-06-28 14:15:00,INNV
21.29,21.34,21.25,21.25,1100,2021-06-28 14:20:00,INNV
21.28,21.35,21.24,21.24,1085,2021-06-28 14:25:00,INNV
21.24,21.24,21.24,21.24,200,2021-06-28 14:30:00,INNV
21.21,21.275,21.21,21.25,915,2021-06-28 14:35:00,INNV
21.22,21.32,21.21,21.275,1100,2021-06-28 14:40:00,INNV
21.275,21.33,21.22,21.33,1925,2021-06-28 14:45:00,INNV
21.29,21.295,21.25,21.295,1300,2021-06-28 14:50:00,INNV
21.28,21.33,21.24,21.25,2500,2021-06-28 14:55:00,INNV
21.27,21.28,21.2,21.23,3200,2021-06-28 15:00:00,INNV
21.2,21.2,21.13,21.14,1100,2021-06-28 15:05:00,INNV
21.2,21.205,21.11,21.11,3319,2021-06-28 15:10:00,INNV
21.08,21.1,20.99,21.0,1500,2021-06-28 15:15:00,INNV
21.05,21.08,20.99,20.99,1000,2021-06-28 15:20:00,INNV
20.99,21.18,20.99,21.15,4829,2021-06-28 15:25:00,INNV
21.08,21.12,21.08,21.12,1025,2021-06-28 15:30:00,INNV
21.08,21.15,21.07,21.09,1459,2021-06-28 15:35:00,INNV
21.09,21.1,21.09,21.09,300,2021-06-28 15:40:00,INNV
21.09,21.17,21.09,21.09,1800,2021-06-28 15:45:00,INNV
21.09,21.27,21.09,21.27,3010,2021-06-28 15:50:00,INNV
21.2,21.2,21.19,21.19,400,2021-06-28 15:55:00,INNV
21.2,21.27,21.16,21.225,1530,2021-06-28 16:00:00,INNV
21.225,21.35,21.2,21.28,6248,2021-06-28 16:05:00,INNV
21.28,21.33,21.23,21.33,2537,2021-06-28 16:10:00,INNV
21.23,21.23,21.22,21.23,712,2021-06-28 16:15:00,INNV
21.245,21.31,21.245,21.3,3212,2021-06-28 16:20:00,INNV
21.27,21.29,21.27,21.29,700,2021-06-28 16:25:00,INNV
21.275,21.305,21.27,21.27,3900,2021-06-28 16:30:00,INNV
21.25,21.25,21.2,21.25,900,2021-06-28 16:35:00,INNV
21.26,21.32,21.23,21.285,5976,2021-06-28 16:40:00,INNV
21.285,21.32,21.285,21.3,1428,2021-06-28 16:45:00,INNV
21.32,21.33,21.3,21.3,1100,2021-06-28 16:50:00,INNV
21.29,21.32,21.29,21.32,900,2021-06-28 16:55:00,INNV
21.32,21.355,21.29,21.355,1754,2021-06-28 17:00:00,INNV
21.32,21.32,21.32,21.32,300,2021-06-28 17:05:00,INNV
21.32,21.33,21.32,21.32,1300,2021-06-28 17:10:00,INNV
21.35,21.35,21.335,21.335,300,2021-06-28 17:15:00,INNV
21.335,21.335,21.335,21.335,100,2021-06-28 17:20:00,INNV
21.3,21.3,21.29,21.29,600,2021-06-28 17:25:00,INNV
21.29,21.34,21.29,21.32,852,2021-06-28 17:30:00,INNV
21.355,21.365,21.34,21.34,300,2021-06-28 17:35:00,INNV
21.34,21.35,21.33,21.35,500,2021-06-28 17:40:00,INNV
21.355,21.355,21.32,21.32,300,2021-06-28 17:45:00,INNV
21.33,21.33,21.32,21.32,300,2021-06-28 17:50:00,INNV
21.39,21.39,21.32,21.39,3901,2021-06-28 17:55:00,INNV
21.355,21.39,21.355,21.365,300,2021-06-28 18:00:00,INNV
21.365,21.4,21.365,21.4,2150,2021-06-28 18:05:00,INNV
21.48,21.48,21.43,21.455,500,2021-06-28 18:10:00,INNV
21.5,21.54,21.44,21.49,4706,2021-06-28 18:15:00,INNV
21.45,21.53,21.45,21.5,2200,2021-06-28 18:20:00,INNV
21.515,21.525,21.47,21.5,1897,2021-06-28 18:25:00,INNV
21.52,21.57,21.51,21.56,6009,2021-06-28 18:30:00,INNV
21.55,21.69,21.51,21.69,7558,2021-06-28 18:35:00,INNV
21.71,21.71,21.59,21.6,2532,2021-06-28 18:40:00,INNV
21.58,21.58,21.51,21.51,2263,2021-06-28 18:45:00,INNV
21.51,21.56,21.47,21.47,2334,2021-06-28 18:50:00,INNV
21.475,21.475,21.4,21.425,1700,2021-06-28 18:55:00,INNV
21.425,21.47,21.37,21.37,2421,2021-06-28 19:00:00,INNV
21.415,21.415,21.27,21.3,2875,2021-06-28 19:05:00,INNV
21.325,21.36,21.325,21.345,1800,2021-06-28 19:10:00,INNV
21.32,21.34,21.3,21.31,3294,2021-06-28 19:15:00,INNV
21.33,21.34,21.27,21.32,5617,2021-06-28 19:20:00,INNV
21.3,21.34,21.28,21.28,3357,2021-06-28 19:25:00,INNV
21.28,21.32,21.23,21.26,3624,2021-06-28 19:30:00,INNV
21.275,21.32,21.26,21.28,27098,2021-06-28 19:35:00,INNV
21.29,21.33,21.245,21.25,6341,2021-06-28 19:40:00,INNV
21.245,21.33,21.21,21.32,16185,2021-06-28 19:45:00,INNV
21.33,21.34,21.27,21.34,17757,2021-06-28 19:50:00,INNV
21.313,21.38,21.3,21.38,25689,2021-06-28 19:55:00,INNV
21.38,21.38,21.38,21.38,22002,2021-06-28 20:00:00,INNV
21.5,21.5,21.5,21.5,1118,2021-06-29 13:30:00,INNV
21.52,21.52,21.5,21.5,1000,2021-06-29 13:35:00,INNV
21.44,21.44,21.44,21.44,166,2021-06-29 13:40:00,INNV
21.45,21.45,21.45,21.45,100,2021-06-29 13:45:00,INNV
21.48,21.49,21.415,21.49,1200,2021-06-29 14:05:00,INNV
21.4,21.4,21.29,21.29,2018,2021-06-29 14:25:00,INNV
21.34,21.4,21.28,21.33,9937,2021-06-29 14:30:00,INNV
21.32,21.32,21.2,21.25,2890,2021-06-29 14:35:00,INNV
21.285,21.45,21.25,21.365,8302,2021-06-29 14:40:00,INNV
21.43,21.43,21.36,21.36,2886,2021-06-29 14:45:00,INNV
21.4,21.4,21.36,21.4,1461,2021-06-29 14:50:00,INNV
21.4,21.46,21.4,21.46,2343,2021-06-29 14:55:00,INNV
21.44,21.44,21.44,21.44,200,2021-06-29 15:10:00,INNV
21.43,21.47,21.42,21.42,2233,2021-06-29 15:15:00,INNV
21.42,21.44,21.42,21.44,1208,2021-06-29 15:20:00,INNV
21.4,21.4085,21.4,21.4085,200,2021-06-29 15:25:00,INNV
21.4,21.44,21.4,21.42,3090,2021-06-29 15:30:00,INNV
21.41,21.41,21.33,21.33,1000,2021-06-29 15:35:00,INNV
21.31,21.31,21.31,21.31,100,2021-06-29 15:40:00,INNV
21.26,21.33,21.26,21.33,939,2021-06-29 15:45:00,INNV
21.34,21.34,21.34,21.34,200,2021-06-29 15:50:00,INNV
21.27,21.31,21.27,21.31,400,2021-06-29 16:00:00,INNV
21.31,21.34,21.3,21.3,2300,2021-06-29 16:05:00,INNV
21.3,21.3,21.3,21.3,200,2021-06-29 16:10:00,INNV
21.27,21.31,21.25,21.29,1000,2021-06-29 16:15:00,INNV
21.29,21.3,21.2837,21.2837,600,2021-06-29 16:20:00,INNV
21.3,21.3,21.3,21.3,100,2021-06-29 16:25:00,INNV
21.24,21.3,21.24,21.27,2100,2021-06-29 16:30:00,INNV
21.27,21.29,21.26,21.29,300,2021-06-29 16:35:00,INNV
21.27,21.27,21.27,21.27,100,2021-06-29 16:40:00,INNV
21.24,21.24,21.24,21.24,100,2021-06-29 16:45:00,INNV
21.27,21.27,21.27,21.27,400,2021-06-29 16:50:00,INNV
21.25,21.25,21.24,21.24,1196,2021-06-29 16:55:00,INNV
21.22,21.22,21.22,21.22,100,2021-06-29 17:00:00,INNV
21.22,21.22,21.22,21.22,100,2021-06-29 17:05:00,INNV
21.22,21.22,21.19,21.19,800,2021-06-29 17:10:00,INNV
21.15,21.15,21.14,21.14,304,2021-06-29 17:15:00,INNV
21.16,21.16,21.15,21.15,300,2021-06-29 17:20:00,INNV
21.13,21.13,21.13,21.13,100,2021-06-29 17:30:00,INNV
21.12,21.12,21.08,21.11,2029,2021-06-29 17:35:00,INNV
21.155,21.25,21.14,21.24,5508,2021-06-29 17:40:00,INNV
21.14,21.17,21.14,21.17,600,2021-06-29 17:45:00,INNV
21.15,21.15,21.14,21.14,200,2021-06-29 17:50:00,INNV
21.14,21.14,21.05,21.05,1100,2021-06-29 17:55:00,INNV
21.09,21.11,21.05,21.065,1046,2021-06-29 18:00:00,INNV
21.06,21.1,21.01,21.055,1000,2021-06-29 18:05:00,INNV
21.01,21.01,21.0,21.0,200,2021-06-29 18:20:00,INNV
20.99,21.01,20.96,21.0,2148,2021-06-29 18:25:00,INNV
20.98,20.98,20.97,20.97,400,2021-06-29 18:30:00,INNV
20.97,20.97,20.97,20.97,200,2021-06-29 18:35:00,INNV
20.95,20.95,20.93,20.95,1150,2021-06-29 18:40:00,INNV
20.92,20.93,20.91,20.93,600,2021-06-29 18:50:00,INNV
20.93,20.95,20.93,20.95,300,2021-06-29 18:55:00,INNV
20.97,20.97,20.92,20.97,1021,2021-06-29 19:00:00,INNV
20.97,20.99,20.955,20.97,1200,2021-06-29 19:05:00,INNV
21.02,21.12,21.02,21.1,3755,2021-06-29 19:10:00,INNV
21.1,21.14,21.07,21.1,1717,2021-06-29 19:15:00,INNV
21.11,21.13,21.09,21.115,1604,2021-06-29 19:20:00,INNV
21.11,21.13,21.09,21.11,1639,2021-06-29 19:25:00,INNV
21.1,21.115,21.03,21.03,2788,2021-06-29 19:30:00,INNV
21.04,21.06,21.01,21.02,2613,2021-06-29 19:35:00,INNV
21.01,21.15,21.0,21.15,6593,2021-06-29 19:40:00,INNV
21.17,21.2,20.92,20.92,9944,2021-06-29 19:45:00,INNV
20.91,20.97,20.86,20.91,14220,2021-06-29 19:50:00,INNV
20.88,20.93,20.84,20.86,24861,2021-06-29 19:55:00,INNV
20.88,20.88,20.88,20.88,11821,2021-06-29 20:00:00,INNV
20.84,20.84,20.84,20.84,117,2021-06-30 13:30:00,INNV
20.99,20.99,20.99,20.99,100,2021-06-30 13:35:00,INNV
20.99,20.99,20.87,20.87,500,2021-06-30 13:40:00,INNV
20.96,20.96,20.74,20.75,1545,2021-06-30 13:45:00,INNV
20.62,20.705,20.62,20.62,2320,2021-06-30 13:50:00,INNV
20.56,20.65,20.56,20.65,500,2021-06-30 13:55:00,INNV
20.49,20.73,20.48,20.595,2651,2021-06-30 14:00:00,INNV
20.5,20.51,20.25,20.25,21950,2021-06-30 14:05:00,INNV
20.2,20.37,20.2,20.285,5585,2021-06-30 14:10:00,INNV
20.37,20.51,20.285,20.51,5443,2021-06-30 14:15:00,INNV
20.445,20.52,20.38,20.38,1500,2021-06-30 14:20:00,INNV
20.39,20.52,20.39,20.39,900,2021-06-30 14:25:00,INNV
20.39,20.52,20.38,20.5,1200,2021-06-30 14:30:00,INNV
20.55,20.73,20.48,20.545,2200,2021-06-30 14:35:00,INNV
20.48,20.535,20.48,20.535,200,2021-06-30 14:40:00,INNV
20.525,20.525,20.525,20.525,300,2021-06-30 14:45:00,INNV
20.47,20.52,20.38,20.48,2400,2021-06-30 14:50:00,INNV
20.51,20.57,20.51,20.54,600,2021-06-30 14:55:00,INNV
20.54,20.54,20.465,20.515,2442,2021-06-30 15:00:00,INNV
20.515,20.515,20.515,20.515,100,2021-06-30 15:05:00,INNV
20.47,20.515,20.47,20.515,200,2021-06-30 15:10:00,INNV
20.56,20.56,20.515,20.515,200,2021-06-30 15:15:00,INNV
20.56,20.56,20.515,20.515,300,2021-06-30 15:20:00,INNV
20.53,20.56,20.515,20.56,1100,2021-06-30 15:25:00,INNV
20.56,20.78,20.53,20.78,1100,2021-06-30 15:30:00,INNV
20.69,20.69,20.675,20.675,200,2021-06-30 15:35:00,INNV
20.74,20.75,20.675,20.75,2024,2021-06-30 15:40:00,INNV
20.685,20.775,20.68,20.775,1368,2021-06-30 15:45:00,INNV
20.775,20.84,20.775,20.83,400,2021-06-30 15:50:00,INNV
20.82,20.82,20.77,20.785,1368,2021-06-30 15:55:00,INNV
20.8,20.86,20.79,20.86,2500,2021-06-30 16:00:00,INNV
20.89,20.89,20.89,20.89,100,2021-06-30 16:05:00,INNV
20.89,20.94,20.86,20.94,1740,2021-06-30 16:10:00,INNV
20.93,20.93,20.93,20.93,100,2021-06-30 16:15:00,INNV
20.9,20.93,20.87,20.92,3741,2021-06-30 16:20:00,INNV
20.94,20.94,20.91,20.91,1000,2021-06-30 16:25:00,INNV
20.93,21.0,20.93,20.96,4840,2021-06-30 16:30:00,INNV
20.96,21.0,20.96,21.0,3000,2021-06-30 16:35:00,INNV
20.985,20.99,20.94,20.95,3321,2021-06-30 16:40:00,INNV
20.97,21.0,20.97,20.97,1700,2021-06-30 16:45:00,INNV
20.99,21.09,20.99,21.09,4720,2021-06-30 16:50:00,INNV
21.09,21.09,21.04,21.055,2336,2021-06-30 16:55:00,INNV
21.035,21.035,21.03,21.03,600,2021-06-30 17:00:00,INNV
21.03,21.03,21.0,21.0,300,2021-06-30 17:05:00,INNV
21.04,21.065,21.04,21.065,1435,2021-06-30 17:10:00,INNV
21.02,21.02,21.02,21.02,100,2021-06-30 17:15:00,INNV
21.05,21.05,21.02,21.05,300,2021-06-30 17:20:00,INNV
21.02,21.05,20.96,20.96,800,2021-06-30 17:25:00,INNV
20.995,20.995,20.96,20.99,600,2021-06-30 17:30:00,INNV
20.98,21.0,20.95,20.95,1200,2021-06-30 17:35:00,INNV
20.92,20.95,20.88,20.885,2600,2021-06-30 17:40:00,INNV
20.885,20.93,20.885,20.93,322,2021-06-30 17:45:00,INNV
20.91,21.045,20.91,21.03,3528,2021-06-30 17:50:00,INNV
21.035,21.035,21.015,21.035,400,2021-06-30 17:55:00,INNV
21.0,21.035,21.0,21.03,3692,2021-06-30 18:00:00,INNV
21.04,21.14,21.04,21.09,2200,2021-06-30 18:05:00,INNV
21.07,21.1,21.04,21.09,1408,2021-06-30 18:10:00,INNV
21.1,21.14,21.06,21.13,1000,2021-06-30 18:20:00,INNV
21.12,21.12,21.06,21.085,400,2021-06-30 18:25:00,INNV
21.11,21.12,21.085,21.12,552,2021-06-30 18:30:00,INNV
21.12,21.23,21.11,21.16,2555,2021-06-30 18:35:00,INNV
21.115,21.165,21.115,21.165,300,2021-06-30 18:40:00,INNV
21.14,21.14,21.14,21.14,100,2021-06-30 18:45:00,INNV
21.175,21.22,21.13,21.13,700,2021-06-30 18:50:00,INNV
21.13,21.17,21.11,21.17,1700,2021-06-30 18:55:00,INNV
21.1,21.22,21.095,21.22,2744,2021-06-30 19:00:00,INNV
21.22,21.22,21.22,21.22,100,2021-06-30 19:05:00,INNV
21.22,21.22,21.13,21.14,1453,2021-06-30 19:10:00,INNV
21.13,21.19,21.13,21.15,1405,2021-06-30 19:15:00,INNV
21.16,21.2,21.15,21.2,900,2021-06-30 19:20:00,INNV
21.21,21.22,21.15,21.22,2511,2021-06-30 19:25:00,INNV
21.23,21.31,21.23,21.3,4000,2021-06-30 19:30:00,INNV
21.24,21.32,21.24,21.29,3246,2021-06-30 19:35:00,INNV
21.3,21.3,21.27,21.27,300,2021-06-30 19:40:00,INNV
21.29,21.3,21.24,21.24,3300,2021-06-30 19:45:00,INNV
21.23,21.29,21.055,21.27,9231,2021-06-30 19:50:00,INNV
21.28,21.34,21.275,21.32,12618,2021-06-30 19:55:00,INNV
21.31,21.31,21.31,21.31,33553,2021-06-30 20:00:00,INNV
21.45,21.45,21.36,21.385,9074,2021-07-01 13:30:00,INNV
21.49,21.58,21.48,21.58,1359,2021-07-01 13:40:00,INNV
21.57,21.57,21.45,21.53,3300,2021-07-01 13:45:00,INNV
21.475,21.54,21.465,21.465,2200,2021-07-01 13:50:00,INNV
21.465,21.585,21.465,21.585,1603,2021-07-01 13:55:00,INNV
21.565,21.65,21.565,21.61,837,2021-07-01 14:00:00,INNV
21.635,21.68,21.62,21.67,1500,2021-07-01 14:05:00,INNV
21.65,21.7,21.63,21.7,500,2021-07-01 14:10:00,INNV
21.64,21.64,21.63,21.63,700,2021-07-01 14:15:00,INNV
21.63,21.68,21.63,21.68,1100,2021-07-01 14:20:00,INNV
21.7,21.745,21.7,21.74,400,2021-07-01 14:25:00,INNV
21.72,21.77,21.72,21.77,2554,2021-07-01 14:30:00,INNV
21.76,21.78,21.76,21.78,800,2021-07-01 14:35:00,INNV
21.78,21.78,21.73,21.74,400,2021-07-01 14:40:00,INNV
21.72,21.72,21.72,21.72,100,2021-07-01 14:50:00,INNV
21.77,21.86,21.77,21.83,1500,2021-07-01 14:55:00,INNV
21.8,21.83,21.8,21.83,800,2021-07-01 15:00:00,INNV
21.84,21.85,21.83,21.83,500,2021-07-01 15:05:00,INNV
21.8,21.8,21.78,21.78,817,2021-07-01 15:10:00,INNV
21.8,21.82,21.8,21.82,308,2021-07-01 15:15:00,INNV
21.82,21.84,21.82,21.84,300,2021-07-01 15:25:00,INNV
21.86,21.97,21.86,21.97,7519,2021-07-01 15:35:00,INNV
22.05,22.05,22.05,22.05,100,2021-07-01 15:40:00,INNV
22.11,22.11,22.07,22.07,900,2021-07-01 15:45:00,INNV
22.12,22.12,22.02,22.02,300,2021-07-01 15:50:00,INNV
22.07,22.075,22.07,22.075,200,2021-07-01 15:55:00,INNV
22.1,22.1,22.07,22.09,400,2021-07-01 16:10:00,INNV
22.07,22.12,22.04,22.12,3149,2021-07-01 16:15:00,INNV
22.13,22.1599,22.13,22.1599,1040,2021-07-01 16:20:00,INNV
22.18,22.18,22.18,22.18,100,2021-07-01 16:25:00,INNV
22.2,22.2,22.15,22.15,731,2021-07-01 16:40:00,INNV
22.19,22.19,22.17,22.17,500,2021-07-01 16:45:00,INNV
22.165,22.165,22.14,22.14,600,2021-07-01 16:50:00,INNV
22.145,22.2,22.145,22.2,1200,2021-07-01 16:55:00,INNV
22.18,22.18,22.18,22.18,100,2021-07-01 17:00:00,INNV
22.17,22.21,22.16,22.195,1724,2021-07-01 17:05:00,INNV
22.21,22.26,22.21,22.26,600,2021-07-01 17:10:00,INNV
22.26,22.33,22.25,22.312,1200,2021-07-01 17:25:00,INNV
22.34,22.4,22.34,22.4,500,2021-07-01 17:30:00,INNV
22.375,22.38,22.325,22.325,500,2021-07-01 17:40:00,INNV
22.35,22.44,22.34,22.4275,3500,2021-07-01 17:45:00,INNV
22.39,22.39,22.35,22.38,1300,2021-07-01 17:50:00,INNV
22.34,22.375,22.34,22.34,400,2021-07-01 17:55:00,INNV
22.365,22.365,22.365,22.365,100,2021-07-01 18:00:00,INNV
22.355,22.38,22.355,22.38,200,2021-07-01 18:15:00,INNV
22.33,22.33,22.33,22.33,100,2021-07-01 18:25:00,INNV
22.32,22.34,22.31,22.31,626,2021-07-01 18:30:00,INNV
22.29,22.32,22.29,22.32,400,2021-07-01 18:35:00,INNV
22.31,22.31,22.28,22.28,200,2021-07-01 18:45:00,INNV
22.22,22.22,22.22,22.22,100,2021-07-01 18:50:00,INNV
22.23,22.255,22.23,22.245,1898,2021-07-01 18:55:00,INNV
22.22,22.23,22.2,22.2,1000,2021-07-01 19:00:00,INNV
22.22,22.22,22.22,22.22,100,2021-07-01 19:05:00,INNV
22.2,22.27,22.2,22.24,1677,2021-07-01 19:10:00,INNV
22.26,22.26,22.21,22.21,200,2021-07-01 19:15:00,INNV
22.23,22.26,22.23,22.255,300,2021-07-01 19:20:00,INNV
22.26,22.26,22.25,22.25,200,2021-07-01 19:25:00,INNV
22.23,22.235,22.2,22.23,1800,2021-07-01 19:30:00,INNV
22.22,22.25,22.21,22.22,7648,2021-07-01 19:35:00,INNV
22.23,22.23,22.19,22.22,2400,2021-07-01 19:40:00,INNV
22.21,22.32,22.21,22.32,4913,2021-07-01 19:45:00,INNV
22.28,22.35,22.27,22.35,4575,2021-07-01 19:50:00,INNV
22.375,22.425,22.23,22.31,30915,2021-07-01 19:55:00,INNV
22.32,22.32,22.32,22.32,18319,2021-07-01 20:00:00,INNV
22.29,22.36,22.29,22.29,787,2021-07-02 13:30:00,INNV
22.05,22.05,22.05,22.05,100,2021-07-02 13:40:00,INNV
22.15,22.2,22.14,22.2,950,2021-07-02 13:45:00,INNV
22.35,22.35,22.35,22.35,100,2021-07-02 13:50:00,INNV
22.34,22.34,22.33,22.34,300,2021-07-02 14:05:00,INNV
22.19,22.25,22.18,22.21,500,2021-07-02 14:15:00,INNV
22.08,22.14,22.04,22.14,405,2021-07-02 14:20:00,INNV
21.98,22.01,21.98,22.01,200,2021-07-02 14:25:00,INNV
22.035,22.035,21.99,21.99,335,2021-07-02 14:30:00,INNV
21.98,22.06,21.98,22.06,800,2021-07-02 14:35:00,INNV
22.11,22.11,22.11,22.11,200,2021-07-02 14:40:00,INNV
22.05,22.11,22.05,22.08,700,2021-07-02 14:45:00,INNV
22.11,22.11,22.05,22.05,600,2021-07-02 14:50:00,INNV
22.05,22.08,22.05,22.08,200,2021-07-02 14:55:00,INNV
22.05,22.07,22.02,22.02,5917,2021-07-02 15:00:00,INNV
22.01,22.08,22.01,22.01,400,2021-07-02 15:05:00,INNV
21.965,22.0,21.74,21.74,107386,2021-07-02 15:10:00,INNV
21.71,21.82,21.635,21.77,3942,2021-07-02 15:15:00,INNV
21.79,21.85,21.74,21.75,2526,2021-07-02 15:20:00,INNV
21.86,21.86,21.66,21.72,6341,2021-07-02 15:25:00,INNV
21.685,21.72,21.635,21.66,2420,2021-07-02 15:30:00,INNV
21.65,21.7,21.615,21.7,1900,2021-07-02 15:35:00,INNV
21.65,21.7,21.65,21.7,200,2021-07-02 15:40:00,INNV
21.605,21.65,21.56,21.56,2125,2021-07-02 15:45:00,INNV
21.53,21.58,21.53,21.55,2200,2021-07-02 15:50:00,INNV
21.52,21.56,21.48,21.52,1900,2021-07-02 15:55:00,INNV
21.47,21.495,21.38,21.38,1400,2021-07-02 16:00:00,INNV
21.47,21.62,21.455,21.62,1820,2021-07-02 16:05:00,INNV
21.505,21.59,21.505,21.54,1404,2021-07-02 16:10:00,INNV
21.51,21.53,21.5,21.53,3400,2021-07-02 16:15:00,INNV
21.56,21.56,21.525,21.525,600,2021-07-02 16:20:00,INNV
21.56,21.66,21.525,21.66,2500,2021-07-02 16:25:00,INNV
21.655,21.66,21.62,21.66,1603,2021-07-02 16:30:00,INNV
21.66,21.66,21.66,21.66,700,2021-07-02 16:35:00,INNV
21.63,21.63,21.63,21.63,434,2021-07-02 16:40:00,INNV
21.67,21.67,21.635,21.635,300,2021-07-02 16:45:00,INNV
21.635,21.67,21.635,21.67,200,2021-07-02 16:50:00,INNV
21.67,21.67,21.61,21.63,1600,2021-07-02 16:55:00,INNV
21.64,21.715,21.64,21.715,804,2021-07-02 17:00:00,INNV
21.77,21.85,21.77,21.85,300,2021-07-02 17:05:00,INNV
21.85,21.9,21.845,21.9,400,2021-07-02 17:10:00,INNV
21.91,21.92,21.85,21.88,500,2021-07-02 17:15:00,INNV
21.81,21.88,21.81,21.87,900,2021-07-02 17:20:00,INNV
21.82,21.87,21.81,21.81,925,2021-07-02 17:25:00,INNV
21.85,21.88,21.85,21.88,600,2021-07-02 17:30:00,INNV
21.87,21.87,21.83,21.86,1000,2021-07-02 17:35:00,INNV
21.85,21.85,21.85,21.85,300,2021-07-02 17:40:00,INNV
21.85,21.85,21.83,21.83,200,2021-07-02 17:45:00,INNV
21.85,21.92,21.83,21.84,4441,2021-07-02 17:50:00,INNV
21.87,21.87,21.87,21.87,100,2021-07-02 17:55:00,INNV
21.85,21.94,21.85,21.85,1960,2021-07-02 18:00:00,INNV
21.83,21.855,21.83,21.85,740,2021-07-02 18:05:00,INNV
21.87,21.87,21.85,21.85,635,2021-07-02 18:10:00,INNV
21.89,21.93,21.87,21.93,900,2021-07-02 18:20:00,INNV
21.93,21.97,21.93,21.935,700,2021-07-02 18:25:00,INNV
21.97,21.97,21.905,21.97,1000,2021-07-02 18:30:00,INNV
21.96,21.97,21.86,21.875,1800,2021-07-02 18:35:00,INNV
21.86,21.9,21.85,21.87,900,2021-07-02 18:45:00,INNV
21.85,21.88,21.84,21.855,1900,2021-07-02 18:50:00,INNV
21.85,21.85,21.84,21.84,200,2021-07-02 19:00:00,INNV
21.86,21.88,21.85,21.85,2704,2021-07-02 19:05:00,INNV
21.88,21.88,21.8,21.81,4088,2021-07-02 19:10:00,INNV
21.815,21.86,21.78,21.86,1866,2021-07-02 19:15:00,INNV
21.86,21.865,21.82,21.86,1929,2021-07-02 19:20:00,INNV
21.82,21.85,21.82,21.84,608,2021-07-02 19:25:00,INNV
21.83,21.86,21.83,21.85,1608,2021-07-02 19:30:00,INNV
21.85,21.88,21.83,21.85,3202,2021-07-02 19:35:00,INNV
21.84,21.84,21.73,21.73,1600,2021-07-02 19:40:00,INNV
21.69,21.69,21.58,21.615,4218,2021-07-02 19:45:00,INNV
21.63,21.74,21.62,21.65,9108,2021-07-02 19:50:00,INNV
21.66,21.68,21.53,21.56,8708,2021-07-02 19:55:00,INNV
21.58,21.58,21.58,21.58,17335,2021-07-02 20:00:00,INNV
21.5,22.46,21.5,22.46,1915,2021-07-06 13:30:00,INNV
22.07,22.07,22.07,22.07,100,2021-07-06 13:35:00,INNV
21.95,21.95,21.49,21.49,228,2021-07-06 13:40:00,INNV
21.75,21.75,21.75,21.75,100,2021-07-06 13:45:00,INNV
21.47,21.47,21.205,21.22,1400,2021-07-06 13:50:00,INNV
21.23,21.3,21.19,21.19,400,2021-07-06 14:00:00,INNV
21.13,21.175,21.06,21.06,400,2021-07-06 14:05:00,INNV
21.2,21.2,21.2,21.2,100,2021-07-06 14:15:00,INNV
21.145,21.145,21.145,21.145,100,2021-07-06 14:20:00,INNV
21.09,21.09,21.07,21.07,600,2021-07-06 14:25:00,INNV
20.98,20.98,20.98,20.98,100,2021-07-06 14:35:00,INNV
21.14,21.145,21.08,21.08,1864,2021-07-06 14:40:00,INNV
21.08,21.08,20.925,20.925,600,2021-07-06 14:45:00,INNV
20.79,20.79,20.79,20.79,120,2021-07-06 14:50:00,INNV
20.97,20.97,20.97,20.97,100,2021-07-06 14:55:00,INNV
20.97,20.97,20.82,20.82,200,2021-07-06 15:00:00,INNV
20.86,20.86,20.86,20.86,100,2021-07-06 15:05:00,INNV
20.99,21.11,20.98,20.98,846,2021-07-06 15:10:00,INNV
21.005,21.005,20.91,20.95,1800,2021-07-06 15:15:00,INNV
21.06,21.08,21.01,21.01,1215,2021-07-06 15:20:00,INNV
21.01,21.01,20.95,21.01,300,2021-07-06 15:25:00,INNV
20.96,20.96,20.96,20.96,100,2021-07-06 15:30:00,INNV
21.03,21.09,20.99,21.09,600,2021-07-06 15:40:00,INNV
21.07,21.07,21.07,21.07,100,2021-07-06 15:50:00,INNV
21.01,21.05,21.01,21.05,300,2021-07-06 16:05:00,INNV
21.04,21.08,21.04,21.04,400,2021-07-06 16:15:00,INNV
21.04,21.04,21.04,21.04,308,2021-07-06 16:20:00,INNV
21.08,21.08,21.08,21.08,100,2021-07-06 16:25:00,INNV
21.065,21.065,21.065,21.065,100,2021-07-06 16:30:00,INNV
21.08,21.08,21.065,21.065,200,2021-07-06 16:35:00,INNV
21.1,21.1,21.08,21.08,200,2021-07-06 16:40:00,INNV
21.11,21.11,21.11,21.11,100,2021-07-06 16:45:00,INNV
21.17,21.175,21.14,21.175,300,2021-07-06 16:55:00,INNV
21.18,21.18,21.18,21.18,300,2021-07-06 17:00:00,INNV
21.16,21.16,21.14,21.14,673,2021-07-06 17:05:00,INNV
21.13,21.15,21.12,21.135,629,2021-07-06 17:30:00,INNV
21.1,21.1,21.1,21.1,100,2021-07-06 17:35:00,INNV
21.11,21.11,21.11,21.11,100,2021-07-06 17:45:00,INNV
21.115,21.115,21.115,21.115,200,2021-07-06 17:55:00,INNV
21.1,21.1,21.09,21.09,671,2021-07-06 18:00:00,INNV
21.1,21.1,21.1,21.1,100,2021-07-06 18:15:00,INNV
21.07,21.07,21.07,21.07,1200,2021-07-06 18:25:00,INNV
21.0706,21.0706,21.0706,21.0706,100,2021-07-06 18:35:00,INNV
21.1,21.1,21.07,21.07,327,2021-07-06 18:45:00,INNV
21.1,21.1,21.1,21.1,100,2021-07-06 18:50:00,INNV
21.095,21.11,21.095,21.095,300,2021-07-06 18:55:00,INNV
21.09,21.11,21.09,21.11,604,2021-07-06 19:00:00,INNV
21.2,21.23,21.2,21.23,200,2021-07-06 19:10:00,INNV
21.23,21.23,21.23,21.23,100,2021-07-06 19:15:00,INNV
21.25,21.25,21.2,21.2,1300,2021-07-06 19:25:00,INNV
21.18,21.18,21.18,21.18,465,2021-07-06 19:30:00,INNV
21.17,21.17,21.165,21.17,1000,2021-07-06 19:35:00,INNV
21.195,21.195,21.195,21.195,200,2021-07-06 19:40:00,INNV
21.17,21.18,21.17,21.18,972,2021-07-06 19:45:00,INNV
21.22,21.25,21.1,21.12,7892,2021-07-06 19:50:00,INNV
21.15,21.18,21.06,21.06,8777,2021-07-06 19:55:00,INNV
21.08,21.08,21.08,21.08,20811,2021-07-06 20:00:00,INNV
21.92,21.98,21.92,21.94,1433,2021-07-07 13:25:00,INNV
21.54,21.54,21.16,21.26,10210,2021-07-07 13:30:00,INNV
21.4,21.4,21.4,21.4,200,2021-07-07 13:35:00,INNV
21.265,21.265,21.265,21.265,100,2021-07-07 14:00:00,INNV
21.195,21.195,21.0,21.11,1596,2021-07-07 14:05:00,INNV
21.04,21.04,20.89,20.89,3019,2021-07-07 14:10:00,INNV
20.995,21.12,20.9,21.0,400,2021-07-07 14:15:00,INNV
20.88,20.88,20.67,20.67,340,2021-07-07 14:20:00,INNV
20.81,20.81,20.66,20.81,1300,2021-07-07 14:25:00,INNV
20.685,20.685,20.685,20.685,100,2021-07-07 14:30:00,INNV
20.81,20.84,20.7,20.775,2074,2021-07-07 14:35:00,INNV
20.65,20.75,20.47,20.61,5374,2021-07-07 14:40:00,INNV
20.6,20.69,20.51,20.69,1875,2021-07-07 14:45:00,INNV
20.7175,20.83,20.7175,20.83,854,2021-07-07 14:50:00,INNV
20.76,20.91,20.76,20.78,300,2021-07-07 14:55:00,INNV
20.77,20.91,20.77,20.91,200,2021-07-07 15:00:00,INNV
20.92,20.92,20.92,20.92,100,2021-07-07 15:05:00,INNV
20.92,20.92,20.92,20.92,100,2021-07-07 15:10:00,INNV
20.92,20.92,20.78,20.78,200,2021-07-07 15:15:00,INNV
20.86,20.99,20.86,20.915,510,2021-07-07 15:20:00,INNV
20.98,20.98,20.98,20.98,100,2021-07-07 15:25:00,INNV
20.99,21.04,20.98,21.04,700,2021-07-07 15:30:00,INNV
21.08,21.08,21.08,21.08,100,2021-07-07 15:35:00,INNV
21.18,21.18,21.18,21.18,100,2021-07-07 15:40:00,INNV
21.16,21.16,21.16,21.16,100,2021-07-07 15:45:00,INNV
21.42,21.42,21.2,21.37,300,2021-07-07 15:50:00,INNV
21.2,21.21,21.0,21.075,2700,2021-07-07 15:55:00,INNV
21.065,21.065,21.065,21.065,100,2021-07-07 16:00:00,INNV
21.1,21.1,21.1,21.1,100,2021-07-07 16:10:00,INNV
21.1,21.1,21.08,21.08,200,2021-07-07 16:15:00,INNV
21.12,21.12,21.08,21.08,200,2021-07-07 16:20:00,INNV
21.04,21.07,21.035,21.035,604,2021-07-07 16:25:00,INNV
21.08,21.09,21.02,21.02,300,2021-07-07 16:30:00,INNV
21.05,21.05,21.05,21.05,100,2021-07-07 16:40:00,INNV
21.11,21.2125,21.1,21.12,1000,2021-07-07 16:50:00,INNV
21.06,21.1,21.06,21.09,500,2021-07-07 16:55:00,INNV
21.09,21.13,21.06,21.13,1018,2021-07-07 17:00:00,INNV
21.13,21.13,21.13,21.13,366,2021-07-07 17:05:00,INNV
21.12,21.12,21.12,21.12,100,2021-07-07 17:10:00,INNV
21.12,21.12,21.12,21.12,100,2021-07-07 17:15:00,INNV
21.12,21.12,21.08,21.08,200,2021-07-07 17:20:00,INNV
21.04,21.04,21.03,21.03,600,2021-07-07 17:25:00,INNV
21.065,21.11,21.02,21.065,400,2021-07-07 17:35:00,INNV
21.02,21.06,21.02,21.06,300,2021-07-07 17:40:00,INNV
21.02,21.06,21.02,21.06,200,2021-07-07 17:45:00,INNV
21.03,21.055,21.01,21.055,600,2021-07-07 17:50:00,INNV
21.055,21.055,21.0,21.0,600,2021-07-07 17:55:00,INNV
20.97,20.98,20.97,20.98,400,2021-07-07 18:00:00,INNV
20.98,20.98,20.98,20.98,100,2021-07-07 18:05:00,INNV
21.01,21.01,20.9,20.91,850,2021-07-07 18:10:00,INNV
20.905,20.96,20.86,20.86,400,2021-07-07 18:15:00,INNV
20.905,20.905,20.87,20.87,300,2021-07-07 18:20:00,INNV
20.91,20.91,20.91,20.91,100,2021-07-07 18:25:00,INNV
20.87,20.87,20.86,20.865,600,2021-07-07 18:35:00,INNV
20.76,20.83,20.76,20.83,500,2021-07-07 18:40:00,INNV
20.83,20.83,20.83,20.83,100,2021-07-07 18:50:00,INNV
20.79,20.79,20.79,20.79,100,2021-07-07 18:55:00,INNV
20.87,20.93,20.84,20.93,300,2021-07-07 19:00:00,INNV
20.93,20.93,20.89,20.89,600,2021-07-07 19:05:00,INNV
20.97,20.97,20.96,20.96,300,2021-07-07 19:10:00,INNV
21.005,21.005,20.955,20.955,500,2021-07-07 19:15:00,INNV
20.955,20.955,20.955,20.955,100,2021-07-07 19:20:00,INNV
20.96,20.96,20.96,20.96,100,2021-07-07 19:25:00,INNV
20.975,20.975,20.91,20.91,500,2021-07-07 19:30:00,INNV
20.945,20.945,20.945,20.945,100,2021-07-07 19:35:00,INNV
20.92,20.955,20.92,20.93,795,2021-07-07 19:40:00,INNV
20.95,20.99,20.94,20.99,2150,2021-07-07 19:45:00,INNV
20.95,21.0,20.92,20.99,2767,2021-07-07 19:50:00,INNV
20.95,20.95,20.81,20.87,15042,2021-07-07 19:55:00,INNV
20.9,20.9,20.9,20.9,15020,2021-07-07 20:00:00,INNV
20.075,20.56,20.075,20.56,386,2021-07-08 13:30:00,INNV
20.235,20.235,20.14,20.14,900,2021-07-08 13:45:00,INNV
20.23,20.28,20.21,20.21,802,2021-07-08 13:50:00,INNV
20.31,20.43,20.3,20.42,608,2021-07-08 13:55:00,INNV
20.335,20.5,20.335,20.5,900,2021-07-08 14:00:00,INNV
20.55,20.63,20.45,20.48,1100,2021-07-08 14:15:00,INNV
20.385,20.41,20.275,20.275,2000,2021-07-08 14:20:00,INNV
20.34,20.49,20.335,20.37,1405,2021-07-08 14:25:00,INNV
20.38,20.57,20.38,20.57,300,2021-07-08 14:30:00,INNV
20.38,20.585,20.38,20.585,200,2021-07-08 14:35:00,INNV
20.46,20.46,20.4,20.4,200,2021-07-08 14:40:00,INNV
20.47,20.47,20.47,20.47,100,2021-07-08 14:45:00,INNV
20.395,20.49,20.39,20.46,1800,2021-07-08 14:50:00,INNV
20.43,20.48,20.33,20.4,4400,2021-07-08 14:55:00,INNV
20.46,20.46,20.4,20.46,3900,2021-07-08 15:00:00,INNV
20.52,20.54,20.52,20.54,200,2021-07-08 15:05:00,INNV
20.56,20.56,20.44,20.44,200,2021-07-08 15:10:00,INNV
20.46,20.46,20.46,20.46,100,2021-07-08 15:15:00,INNV
20.635,20.635,20.635,20.635,100,2021-07-08 15:25:00,INNV
20.49,20.52,20.49,20.52,400,2021-07-08 15:35:00,INNV
20.55,20.6,20.55,20.6,500,2021-07-08 15:45:00,INNV
20.6,20.61,20.6,20.61,200,2021-07-08 15:50:00,INNV
20.605,20.605,20.6,20.6,400,2021-07-08 16:00:00,INNV
20.68,20.68,20.625,20.625,300,2021-07-08 16:20:00,INNV
20.59,20.59,20.55,20.55,1129,2021-07-08 16:25:00,INNV
20.51,20.54,20.51,20.54,200,2021-07-08 16:30:00,INNV
20.525,20.525,20.525,20.525,100,2021-07-08 16:35:00,INNV
20.525,20.525,20.525,20.525,100,2021-07-08 16:40:00,INNV
20.61,20.61,20.585,20.585,400,2021-07-08 17:00:00,INNV
20.62,20.62,20.62,20.62,100,2021-07-08 17:05:00,INNV
20.63,20.675,20.6,20.66,5597,2021-07-08 17:10:00,INNV
20.66,20.67,20.66,20.66,700,2021-07-08 17:15:00,INNV
20.66,20.69,20.66,20.66,945,2021-07-08 17:20:00,INNV
20.66,20.77,20.66,20.67,9852,2021-07-08 17:25:00,INNV
20.66,20.715,20.66,20.715,200,2021-07-08 17:30:00,INNV
20.62,20.62,20.62,20.62,300,2021-07-08 17:35:00,INNV
20.58,20.58,20.52,20.575,300,2021-07-08 17:40:00,INNV
20.575,20.63,20.575,20.63,570,2021-07-08 17:45:00,INNV
20.625,20.625,20.625,20.625,100,2021-07-08 17:50:00,INNV
20.62,20.62,20.57,20.57,300,2021-07-08 18:00:00,INNV
20.545,20.545,20.51,20.51,200,2021-07-08 18:05:00,INNV
20.52,20.56,20.52,20.56,700,2021-07-08 18:10:00,INNV
20.59,20.59,20.59,20.59,100,2021-07-08 18:20:00,INNV
20.53,20.53,20.53,20.53,200,2021-07-08 18:25:00,INNV
20.55,20.55,20.49,20.49,200,2021-07-08 18:30:00,INNV
20.49,20.515,20.46,20.495,3404,2021-07-08 18:35:00,INNV
20.495,20.62,20.495,20.62,800,2021-07-08 18:40:00,INNV
20.53,20.53,20.53,20.53,100,2021-07-08 18:45:00,INNV
20.53,20.53,20.53,20.53,100,2021-07-08 18:50:00,INNV
20.68,20.68,20.65,20.65,200,2021-07-08 19:00:00,INNV
20.64,20.64,20.51,20.51,800,2021-07-08 19:05:00,INNV
20.6,20.6,20.51,20.51,200,2021-07-08 19:10:00,INNV
20.51,20.51,20.5,20.5,504,2021-07-08 19:15:00,INNV
20.48,20.48,20.48,20.48,100,2021-07-08 19:20:00,INNV
20.57,20.57,20.52,20.52,405,2021-07-08 19:25:00,INNV
20.56,20.56,20.56,20.56,200,2021-07-08 19:30:00,INNV
20.54,20.54,20.54,20.54,100,2021-07-08 19:35:00,INNV
20.55,20.55,20.5,20.5,400,2021-07-08 19:40:00,INNV
20.5,20.5,20.48,20.5,900,2021-07-08 19:45:00,INNV
20.48,20.54,20.48,20.525,2000,2021-07-08 19:50:00,INNV
20.5,20.59,20.5,20.59,2021,2021-07-08 19:55:00,INNV
20.6,20.6,20.6,20.6,6313,2021-07-08 20:00:00,INNV
20.73,20.75,20.73,20.75,592,2021-07-09 13:30:00,INNV
21.015,21.015,21.015,21.015,100,2021-07-09 13:40:00,INNV
20.53,20.53,20.53,20.53,100,2021-07-09 13:50:00,INNV
20.54,20.54,20.54,20.54,100,2021-07-09 13:55:00,INNV
20.85,20.85,20.66,20.67,901,2021-07-09 14:05:00,INNV
20.54,20.54,20.54,20.54,100,2021-07-09 14:10:00,INNV
20.75,20.75,20.75,20.75,100,2021-07-09 14:20:00,INNV
20.76,20.85,20.675,20.675,900,2021-07-09 14:25:00,INNV
20.78,20.78,20.78,20.78,100,2021-07-09 14:30:00,INNV
20.86,20.86,20.86,20.86,100,2021-07-09 14:45:00,INNV
20.73,20.73,20.73,20.73,200,2021-07-09 14:50:00,INNV
20.85,20.85,20.85,20.85,100,2021-07-09 14:55:00,INNV
20.87,20.87,20.87,20.87,100,2021-07-09 15:10:00,INNV
20.88,20.88,20.87,20.87,300,2021-07-09 15:15:00,INNV
20.9,20.9,20.9,20.9,100,2021-07-09 15:25:00,INNV
20.9,20.9,20.81,20.81,1300,2021-07-09 15:30:00,INNV
20.8,20.8,20.8,20.8,200,2021-07-09 15:45:00,INNV
20.85,20.85,20.85,20.85,100,2021-07-09 15:50:00,INNV
20.86,20.86,20.86,20.86,500,2021-07-09 15:55:00,INNV
20.91,20.91,20.91,20.91,100,2021-07-09 16:25:00,INNV
20.85,20.85,20.67,20.67,1100,2021-07-09 16:30:00,INNV
20.72,20.72,20.72,20.72,300,2021-07-09 16:50:00,INNV
20.695,20.695,20.695,20.695,100,2021-07-09 16:55:00,INNV
20.52,20.6,20.46,20.49,47151,2021-07-09 17:00:00,INNV
20.505,20.505,20.44,20.5,700,2021-07-09 17:05:00,INNV
20.37,20.44,20.37,20.41,800,2021-07-09 17:10:00,INNV
20.37,20.43,20.36,20.43,300,2021-07-09 17:15:00,INNV
20.49,20.61,20.49,20.61,800,2021-07-09 17:20:00,INNV
20.55,20.55,20.55,20.55,200,2021-07-09 17:25:00,INNV
20.5,20.59,20.5,20.59,200,2021-07-09 17:30:00,INNV
20.49,20.5978,20.49,20.5978,550,2021-07-09 17:35:00,INNV
20.49,20.5,20.49,20.5,200,2021-07-09 17:40:00,INNV
20.5,20.5,20.44,20.46,900,2021-07-09 17:45:00,INNV
20.45,20.495,20.43,20.43,1200,2021-07-09 17:50:00,INNV
20.48,20.48,20.42,20.42,700,2021-07-09 17:55:00,INNV
20.48,20.54,20.43,20.54,1100,2021-07-09 18:00:00,INNV
20.45,20.45,20.45,20.45,200,2021-07-09 18:05:00,INNV
20.46,20.46,20.45,20.45,200,2021-07-09 18:10:00,INNV
20.45,20.485,20.42,20.485,1000,2021-07-09 18:15:00,INNV
20.42,20.485,20.42,20.43,800,2021-07-09 18:20:00,INNV
20.46,20.46,20.45,20.45,200,2021-07-09 18:25:00,INNV
20.44,20.45,20.44,20.45,200,2021-07-09 18:30:00,INNV
20.45,20.45,20.45,20.45,200,2021-07-09 18:35:00,INNV
20.49,20.5,20.49,20.49,700,2021-07-09 18:40:00,INNV
20.49,20.49,20.44,20.44,500,2021-07-09 18:45:00,INNV
20.45,20.45,20.45,20.45,100,2021-07-09 18:50:00,INNV
20.47,20.47,20.47,20.47,600,2021-07-09 18:55:00,INNV
20.48,20.48,20.48,20.48,100,2021-07-09 19:05:00,INNV
20.49,20.5,20.45,20.45,894,2021-07-09 19:10:00,INNV
20.51,20.51,20.46,20.46,300,2021-07-09 19:15:00,INNV
20.45,20.45,20.45,20.45,100,2021-07-09 19:20:00,INNV
20.51,20.51,20.45,20.51,500,2021-07-09 19:25:00,INNV
20.45,20.55,20.45,20.55,1158,2021-07-09 19:30:00,INNV
20.57,20.57,20.49,20.51,1300,2021-07-09 19:35:00,INNV
20.48,20.53,20.45,20.45,2168,2021-07-09 19:40:00,INNV
20.52,20.52,20.44,20.49,3200,2021-07-09 19:45:00,INNV
20.502,20.56,20.47,20.5,8155,2021-07-09 19:50:00,INNV
20.49,20.52,20.45,20.46,9336,2021-07-09 19:55:00,INNV
20.5,20.5,20.5,20.5,9293,2021-07-09 20:00:00,INNV
20.2,20.45,20.11,20.45,1274,2021-07-12 13:30:00,INNV
20.52,20.52,20.52,20.52,100,2021-07-12 13:40:00,INNV
20.15,20.51,20.15,20.51,600,2021-07-12 13:45:00,INNV
20.405,20.405,20.15,20.36,500,2021-07-12 13:50:00,INNV
20.4,20.4,20.25,20.25,600,2021-07-12 13:55:00,INNV
20.31,20.45,20.31,20.38,1100,2021-07-12 14:00:00,INNV
20.19,20.19,20.18,20.18,200,2021-07-12 14:05:00,INNV
20.16,20.29,20.15,20.18,3383,2021-07-12 14:10:00,INNV
20.25,20.31,20.17,20.31,308,2021-07-12 14:15:00,INNV
20.32,20.33,20.18,20.18,400,2021-07-12 14:20:00,INNV
20.18,20.25,20.18,20.25,400,2021-07-12 14:25:00,INNV
20.31,20.46,20.285,20.285,2136,2021-07-12 14:30:00,INNV
20.35,20.35,20.34,20.34,500,2021-07-12 14:35:00,INNV
20.31,20.34,20.31,20.34,600,2021-07-12 14:40:00,INNV
20.33,20.33,20.32,20.32,300,2021-07-12 14:45:00,INNV
20.38,20.38,20.3161,20.3161,350,2021-07-12 14:50:00,INNV
20.28,20.38,20.28,20.38,300,2021-07-12 14:55:00,INNV
20.38,20.38,20.29,20.29,400,2021-07-12 15:00:00,INNV
20.335,20.335,20.335,20.335,100,2021-07-12 15:10:00,INNV
20.335,20.38,20.335,20.38,400,2021-07-12 15:15:00,INNV
20.39,20.39,20.39,20.39,100,2021-07-12 15:20:00,INNV
20.425,20.425,20.425,20.425,100,2021-07-12 15:25:00,INNV
20.47,20.59,20.44,20.47,17032,2021-07-12 15:30:00,INNV
20.46,20.46,20.37,20.37,225,2021-07-12 15:35:00,INNV
20.43,20.5,20.43,20.44,1302,2021-07-12 15:40:00,INNV
20.44,20.5,20.44,20.44,1100,2021-07-12 15:45:00,INNV
20.35,20.42,20.35,20.42,800,2021-07-12 15:50:00,INNV
20.43,20.44,20.42,20.42,400,2021-07-12 15:55:00,INNV
20.38,20.42,20.38,20.42,200,2021-07-12 16:05:00,INNV
20.37,20.45,20.37,20.395,300,2021-07-12 16:10:00,INNV
20.37,20.37,20.37,20.37,100,2021-07-12 16:15:00,INNV
20.36,20.36,20.36,20.36,100,2021-07-12 16:20:00,INNV
20.38,20.38,20.38,20.38,100,2021-07-12 16:25:00,INNV
20.34,20.34,20.34,20.34,100,2021-07-12 16:30:00,INNV
20.365,20.46,20.365,20.46,600,2021-07-12 16:35:00,INNV
20.42,20.42,20.405,20.42,1200,2021-07-12 16:40:00,INNV
20.42,20.42,20.42,20.42,200,2021-07-12 16:45:00,INNV
20.4,20.4,20.4,20.4,100,2021-07-12 16:50:00,INNV
20.44,20.49,20.435,20.45,500,2021-07-12 16:55:00,INNV
20.465,20.49,20.44,20.46,1100,2021-07-12 17:00:00,INNV
20.43,20.5,20.42,20.42,600,2021-07-12 17:15:00,INNV
20.465,20.49,20.43,20.45,6823,2021-07-12 17:20:00,INNV
20.44,20.51,20.43,20.46,3185,2021-07-12 17:25:00,INNV
20.505,20.505,20.505,20.505,100,2021-07-12 17:30:00,INNV
20.5,20.54,20.5,20.54,400,2021-07-12 17:35:00,INNV
20.5,20.5,20.5,20.5,100,2021-07-12 17:40:00,INNV
20.51,20.51,20.51,20.51,100,2021-07-12 17:45:00,INNV
20.51,20.58,20.51,20.58,200,2021-07-12 17:50:00,INNV
20.565,20.565,20.565,20.565,100,2021-07-12 17:55:00,INNV
20.51,20.53,20.49,20.5,1533,2021-07-12 18:00:00,INNV
20.49,20.49,20.49,20.49,100,2021-07-12 18:05:00,INNV
20.48,20.5,20.48,20.5,200,2021-07-12 18:10:00,INNV
20.48,20.53,20.48,20.53,600,2021-07-12 18:15:00,INNV
20.51,20.575,20.51,20.575,500,2021-07-12 18:20:00,INNV
20.56,20.56,20.56,20.56,100,2021-07-12 18:25:00,INNV
20.53,20.53,20.53,20.53,100,2021-07-12 18:30:00,INNV
20.52,20.59,20.52,20.59,300,2021-07-12 18:35:00,INNV
20.58,20.75,20.58,20.66,4289,2021-07-12 18:45:00,INNV
20.66,20.66,20.58,20.58,5717,2021-07-12 18:50:00,INNV
20.57,20.64,20.55,20.55,783,2021-07-12 18:55:00,INNV
20.55,20.58,20.55,20.57,2007,2021-07-12 19:00:00,INNV
20.61,20.64,20.61,20.64,500,2021-07-12 19:10:00,INNV
20.61,20.61,20.61,20.61,200,2021-07-12 19:15:00,INNV
20.555,20.555,20.52,20.52,200,2021-07-12 19:20:00,INNV
20.59,20.6,20.55,20.6,490,2021-07-12 19:25:00,INNV
20.55,20.55,20.55,20.55,100,2021-07-12 19:30:00,INNV
20.54,20.54,20.54,20.54,100,2021-07-12 19:35:00,INNV
20.57,20.6,20.54,20.55,2664,2021-07-12 19:40:00,INNV
20.55,20.57,20.55,20.56,1366,2021-07-12 19:45:00,INNV
20.62,20.68,20.62,20.67,1560,2021-07-12 19:50:00,INNV
20.68,20.73,20.66,20.72,3385,2021-07-12 19:55:00,INNV
20.72,20.72,20.72,20.72,10461,2021-07-12 20:00:00,INNV
20.84,20.84,20.76,20.76,930,2021-07-13 13:30:00,INNV
20.74,20.74,20.74,20.74,132,2021-07-13 13:35:00,INNV
20.6,20.71,20.57,20.71,400,2021-07-13 13:40:00,INNV
20.56,20.56,20.3173,20.43,4100,2021-07-13 13:45:00,INNV
20.56,20.56,20.455,20.455,200,2021-07-13 13:50:00,INNV
20.56,20.61,20.51,20.61,500,2021-07-13 13:55:00,INNV
20.625,20.625,20.625,20.625,100,2021-07-13 14:05:00,INNV
20.56,20.56,20.56,20.56,100,2021-07-13 14:10:00,INNV
20.56,20.65,20.56,20.65,500,2021-07-13 14:15:00,INNV
20.64,20.64,20.41,20.5,1435,2021-07-13 14:20:00,INNV
20.46,20.47,20.41,20.47,1000,2021-07-13 14:25:00,INNV
20.48,20.55,20.42,20.42,500,2021-07-13 14:30:00,INNV
20.42,20.43,20.42,20.43,200,2021-07-13 14:35:00,INNV
20.36,20.36,20.36,20.36,100,2021-07-13 14:40:00,INNV
20.29,20.5,20.29,20.5,424,2021-07-13 14:45:00,INNV
20.48,20.53,20.41,20.47,1000,2021-07-13 14:50:00,INNV
20.41,20.5,20.41,20.5,500,2021-07-13 14:55:00,INNV
20.4,20.455,20.4,20.45,400,2021-07-13 15:00:00,INNV
20.38,20.43,20.38,20.43,900,2021-07-13 15:05:00,INNV
20.435,20.435,20.32,20.32,2700,2021-07-13 15:10:00,INNV
20.4,20.42,20.33,20.42,2292,2021-07-13 15:15:00,INNV
20.4,20.4,20.345,20.4,2988,2021-07-13 15:20:00,INNV
20.4,20.42,20.4,20.4,1300,2021-07-13 15:25:00,INNV
20.4,20.4,20.335,20.4,2200,2021-07-13 15:30:00,INNV
20.4,20.4,20.4,20.4,1600,2021-07-13 15:35:00,INNV
20.4,20.41,20.355,20.4,2800,2021-07-13 15:40:00,INNV
20.4,20.42,20.37,20.39,4433,2021-07-13 15:45:00,INNV
20.4,20.4,20.4,20.4,2000,2021-07-13 15:50:00,INNV
20.4,20.41,20.4,20.41,2200,2021-07-13 15:55:00,INNV
20.41,20.43,20.41,20.42,2195,2021-07-13 16:00:00,INNV
20.44,20.495,20.44,20.495,200,2021-07-13 16:05:00,INNV
20.48,20.48,20.43,20.47,700,2021-07-13 16:10:00,INNV
20.42,20.43,20.42,20.43,300,2021-07-13 16:15:00,INNV
20.44,20.48,20.43,20.48,1033,2021-07-13 16:20:00,INNV
20.48,20.48,20.48,20.48,4000,2021-07-13 16:30:00,INNV
20.48,20.52,20.43,20.43,14962,2021-07-13 16:35:00,INNV
20.455,20.47,20.385,20.4,13338,2021-07-13 16:40:00,INNV
20.37,20.4,20.36,20.4,2459,2021-07-13 16:45:00,INNV
20.385,20.4,20.385,20.4,400,2021-07-13 16:50:00,INNV
20.4,20.4,20.4,20.4,100,2021-07-13 16:55:00,INNV
20.39,20.41,20.39,20.4,600,2021-07-13 17:00:00,INNV
20.38,20.38,20.38,20.38,100,2021-07-13 17:05:00,INNV
20.39,20.4,20.38,20.39,1990,2021-07-13 17:10:00,INNV
20.39,20.39,20.36,20.38,1506,2021-07-13 17:15:00,INNV
20.39,20.4,20.38,20.38,1017,2021-07-13 17:20:00,INNV
20.4,20.4,20.36,20.375,6103,2021-07-13 17:25:00,INNV
20.375,20.4,20.35,20.385,7077,2021-07-13 17:30:00,INNV
20.3501,20.44,20.3501,20.44,800,2021-07-13 17:35:00,INNV
20.46,20.46,20.41,20.46,300,2021-07-13 17:45:00,INNV
20.41,20.41,20.41,20.41,200,2021-07-13 17:50:00,INNV
20.42,20.42,20.42,20.42,100,2021-07-13 18:00:00,INNV
20.43,20.44,20.43,20.44,200,2021-07-13 18:05:00,INNV
20.47,20.47,20.44,20.44,200,2021-07-13 18:10:00,INNV
20.47,20.47,20.45,20.45,300,2021-07-13 18:15:00,INNV
20.5,20.5,20.4,20.42,900,2021-07-13 18:20:00,INNV
20.4,20.45,20.4,20.45,300,2021-07-13 18:25:00,INNV
20.39,20.39,20.33,20.37,1451,2021-07-13 18:30:00,INNV
20.38,20.38,20.29,20.305,5829,2021-07-13 18:35:00,INNV
20.27,20.29,20.26,20.29,427,2021-07-13 18:40:00,INNV
20.265,20.29,20.25,20.26,4500,2021-07-13 18:50:00,INNV
20.26,20.31,20.26,20.28,2300,2021-07-13 18:55:00,INNV
20.32,20.32,20.32,20.32,100,2021-07-13 19:00:00,INNV
20.305,20.36,20.305,20.35,559,2021-07-13 19:05:00,INNV
20.34,20.34,20.26,20.3,5106,2021-07-13 19:10:00,INNV
20.295,20.295,20.295,20.295,2500,2021-07-13 19:15:00,INNV
20.295,20.295,20.295,20.295,336,2021-07-13 19:20:00,INNV
20.26,20.29,20.25,20.29,525,2021-07-13 19:25:00,INNV
20.25,20.28,20.22,20.24,1900,2021-07-13 19:30:00,INNV
20.26,20.305,20.23,20.25,7500,2021-07-13 19:35:00,INNV
20.28,20.31,20.27,20.275,1700,2021-07-13 19:40:00,INNV
20.275,20.31,20.27,20.3,2019,2021-07-13 19:45:00,INNV
20.29,20.31,20.25,20.25,4988,2021-07-13 19:50:00,INNV
20.265,20.27,20.22,20.24,13766,2021-07-13 19:55:00,INNV
20.27,20.27,20.27,20.27,13862,2021-07-13 20:00:00,INNV
20.39,20.53,20.25,20.53,549,2021-07-14 13:30:00,INNV
20.3567,20.3567,20.3567,20.3567,118,2021-07-14 13:40:00,INNV
20.32,20.32,20.11,20.11,1400,2021-07-14 13:45:00,INNV
20.1,20.1,20.1,20.1,100,2021-07-14 13:50:00,INNV
20.241,20.241,20.241,20.241,500,2021-07-14 13:55:00,INNV
20.14,20.14,20.07,20.07,554,2021-07-14 14:10:00,INNV
20.04,20.04,19.9,19.91,3433,2021-07-14 14:20:00,INNV
19.99,20.065,19.95,19.95,26455,2021-07-14 14:25:00,INNV
19.925,19.925,19.925,19.925,300,2021-07-14 14:30:00,INNV
19.95,19.95,19.795,19.795,9925,2021-07-14 14:35:00,INNV
19.8,19.87,19.74,19.75,3097,2021-07-14 14:40:00,INNV
19.67,19.82,19.67,19.77,700,2021-07-14 14:45:00,INNV
19.775,19.82,19.775,19.82,500,2021-07-14 14:50:00,INNV
19.87,19.87,19.695,19.75,1163,2021-07-14 14:55:00,INNV
19.74,19.745,19.585,19.595,17400,2021-07-14 15:00:00,INNV
19.725,19.77,19.63,19.745,12100,2021-07-14 15:05:00,INNV
19.775,19.85,19.71,19.72,13645,2021-07-14 15:10:00,INNV
19.69,19.8,19.6,19.8,5400,2021-07-14 15:15:00,INNV
19.74,19.87,19.74,19.825,2508,2021-07-14 15:20:00,INNV
19.78,19.78,19.68,19.68,400,2021-07-14 15:25:00,INNV
19.665,19.77,19.665,19.77,800,2021-07-14 15:30:00,INNV
19.77,19.78,19.645,19.645,800,2021-07-14 15:35:00,INNV
19.63,19.63,19.63,19.63,100,2021-07-14 15:45:00,INNV
19.59,19.63,19.59,19.63,300,2021-07-14 15:55:00,INNV
19.63,19.635,19.63,19.635,400,2021-07-14 16:00:00,INNV
19.66,19.66,19.66,19.66,100,2021-07-14 16:05:00,INNV
19.66,19.66,19.63,19.63,300,2021-07-14 16:10:00,INNV
19.58,19.58,19.49,19.495,7450,2021-07-14 16:15:00,INNV
19.5,19.6295,19.49,19.6295,8300,2021-07-14 16:20:00,INNV
19.61,19.61,19.595,19.595,3370,2021-07-14 16:25:00,INNV
19.595,19.615,19.57,19.6,1300,2021-07-14 16:30:00,INNV
19.64,19.64,19.615,19.625,300,2021-07-14 16:35:00,INNV
19.67,19.67,19.585,19.585,300,2021-07-14 16:40:00,INNV
19.585,19.59,19.585,19.59,200,2021-07-14 16:45:00,INNV
19.58,19.58,19.56,19.575,1500,2021-07-14 16:50:00,INNV
19.54,19.54,19.54,19.54,100,2021-07-14 16:55:00,INNV
19.59,19.59,19.58,19.58,1500,2021-07-14 17:00:00,INNV
19.58,19.62,19.55,19.595,1325,2021-07-14 17:05:00,INNV
19.6,19.62,19.58,19.58,746,2021-07-14 17:10:00,INNV
19.57,19.57,19.54,19.555,3300,2021-07-14 17:15:00,INNV
19.58,19.6,19.55,19.55,5800,2021-07-14 17:20:00,INNV
19.58,19.61,19.5105,19.565,1829,2021-07-14 17:25:00,INNV
19.565,19.58,19.565,19.58,400,2021-07-14 17:30:00,INNV
19.6,19.6,19.56,19.56,8953,2021-07-14 17:35:00,INNV
19.55,19.55,19.55,19.55,100,2021-07-14 17:40:00,INNV
19.575,19.67,19.54,19.67,91544,2021-07-14 17:45:00,INNV
19.67,19.67,19.65,19.67,31003,2021-07-14 17:50:00,INNV
19.67,19.67,19.63,19.65,522,2021-07-14 17:55:00,INNV
19.65,19.67,19.64,19.67,400,2021-07-14 18:00:00,INNV
19.69,19.69,19.69,19.69,200,2021-07-14 18:05:00,INNV
19.71,19.73,19.71,19.73,500,2021-07-14 18:10:00,INNV
19.79,19.8499,19.79,19.8499,700,2021-07-14 18:15:00,INNV
19.81,19.81,19.7,19.7,1500,2021-07-14 18:20:00,INNV
19.69,19.69,19.61,19.61,413,2021-07-14 18:30:00,INNV
19.63,19.63,19.62,19.62,200,2021-07-14 18:40:00,INNV
19.62,19.69,19.62,19.655,805,2021-07-14 18:45:00,INNV
19.69,19.69,19.655,19.67,1285,2021-07-14 18:50:00,INNV
19.74,19.74,19.74,19.74,202,2021-07-14 18:55:00,INNV
19.71,19.81,19.71,19.81,1123,2021-07-14 19:00:00,INNV
19.82,19.84,19.82,19.84,600,2021-07-14 19:05:00,INNV
19.85,19.86,19.78,19.78,800,2021-07-14 19:10:00,INNV
19.76,19.76,19.74,19.74,320,2021-07-14 19:15:00,INNV
19.74,19.74,19.74,19.74,100,2021-07-14 19:25:00,INNV
19.76,19.77,19.675,19.675,1700,2021-07-14 19:30:00,INNV
19.71,19.71,19.69,19.7,300,2021-07-14 19:35:00,INNV
19.68,19.69,19.655,19.67,1622,2021-07-14 19:40:00,INNV
19.67,19.7,19.67,19.7,1800,2021-07-14 19:45:00,INNV
19.68,19.74,19.68,19.73,4393,2021-07-14 19:50:00,INNV
19.7,19.75,19.67,19.72,6010,2021-07-14 19:55:00,INNV
19.66,19.66,19.66,19.66,14862,2021-07-14 20:00:00,INNV
19.64,19.64,19.64,19.64,298,2021-07-15 13:30:00,INNV
19.59,19.59,19.35,19.47,26000,2021-07-15 13:35:00,INNV
19.43,19.48,19.25,19.255,21600,2021-07-15 13:40:00,INNV
19.25,19.3,19.17,19.17,900,2021-07-15 13:45:00,INNV
19.135,19.27,19.045,19.17,2732,2021-07-15 13:50:00,INNV
19.18,19.22,19.04,19.22,2327,2021-07-15 13:55:00,INNV
19.22,19.35,19.16,19.35,833,2021-07-15 14:00:00,INNV
19.23,19.23,19.23,19.23,107,2021-07-15 14:05:00,INNV
19.22,19.22,19.1,19.1,600,2021-07-15 14:10:00,INNV
19.05,19.1,19.045,19.1,400,2021-07-15 14:15:00,INNV
19.125,19.125,19.04,19.05,1000,2021-07-15 14:20:00,INNV
19.14,19.14,19.0,19.01,2000,2021-07-15 14:25:00,INNV
19.0,19.065,19.0,19.065,5068,2021-07-15 14:30:00,INNV
19.11,19.155,19.08,19.155,19700,2021-07-15 14:35:00,INNV
19.05,19.115,18.9,18.9,12104,2021-07-15 14:40:00,INNV
18.91,19.0,18.85,18.96,6089,2021-07-15 14:45:00,INNV
18.96,18.96,18.96,18.96,200,2021-07-15 14:50:00,INNV
19.05,19.05,19.0,19.0,200,2021-07-15 14:55:00,INNV
19.05,19.075,19.05,19.05,800,2021-07-15 15:00:00,INNV
18.97,18.97,18.905,18.92,600,2021-07-15 15:05:00,INNV
18.98,18.99,18.975,18.975,790,2021-07-15 15:10:00,INNV
18.975,18.975,18.91,18.975,1000,2021-07-15 15:20:00,INNV
18.975,19.0,18.975,19.0,471,2021-07-15 15:25:00,INNV
19.06,19.11,18.98,18.98,1200,2021-07-15 15:35:00,INNV
18.92,18.92,18.815,18.815,500,2021-07-15 15:50:00,INNV
18.93,18.94,18.875,18.94,400,2021-07-15 15:55:00,INNV
18.94,18.94,18.92,18.92,400,2021-07-15 16:00:00,INNV
18.8925,18.96,18.825,18.83,1100,2021-07-15 16:05:00,INNV
18.885,18.885,18.885,18.885,100,2021-07-15 16:10:00,INNV
18.92,18.95,18.92,18.95,500,2021-07-15 16:15:00,INNV
18.98,18.9843,18.97,18.9843,1300,2021-07-15 16:25:00,INNV
18.97,18.97,18.945,18.945,500,2021-07-15 16:30:00,INNV
18.93,18.93,18.88,18.925,400,2021-07-15 16:35:00,INNV
18.87,18.9,18.87,18.9,300,2021-07-15 16:40:00,INNV
18.87,18.87,18.87,18.87,100,2021-07-15 16:45:00,INNV
18.905,18.905,18.87,18.87,300,2021-07-15 16:50:00,INNV
18.905,18.905,18.69,18.76,1969,2021-07-15 16:55:00,INNV
18.75,18.75,18.75,18.75,200,2021-07-15 17:00:00,INNV
18.75,18.75,18.75,18.75,200,2021-07-15 17:05:00,INNV
18.74,18.74,18.74,18.74,100,2021-07-15 17:10:00,INNV
18.69,18.74,18.69,18.74,1246,2021-07-15 17:15:00,INNV
18.69,18.74,18.675,18.675,931,2021-07-15 17:20:00,INNV
18.64,18.65,18.52,18.52,500,2021-07-15 17:25:00,INNV
18.55,18.55,18.46,18.49,900,2021-07-15 17:30:00,INNV
18.49,18.5,18.48,18.48,700,2021-07-15 17:35:00,INNV
18.5,18.5,18.45,18.45,400,2021-07-15 17:40:00,INNV
18.35,18.405,18.35,18.405,600,2021-07-15 17:45:00,INNV
18.395,18.41,18.37,18.37,300,2021-07-15 17:50:00,INNV
18.35,18.35,18.275,18.34,300,2021-07-15 17:55:00,INNV
18.35,18.38,18.35,18.355,1301,2021-07-15 18:00:00,INNV
18.36,18.38,18.34,18.34,900,2021-07-15 18:05:00,INNV
18.3,18.3,18.3,18.3,200,2021-07-15 18:10:00,INNV
18.2671,18.34,18.2671,18.3,987,2021-07-15 18:15:00,INNV
18.32,18.32,18.32,18.32,100,2021-07-15 18:20:00,INNV
18.27,18.27,18.27,18.27,100,2021-07-15 18:25:00,INNV
18.29,18.41,18.285,18.4,3454,2021-07-15 18:30:00,INNV
18.42,18.43,18.29,18.29,21009,2021-07-15 18:35:00,INNV
18.315,18.36,18.27,18.325,4066,2021-07-15 18:40:00,INNV
18.325,18.325,18.13,18.13,3900,2021-07-15 18:45:00,INNV
18.13,18.165,18.01,18.14,6100,2021-07-15 18:50:00,INNV
18.14,18.14,18.14,18.14,338,2021-07-15 18:55:00,INNV
18.1,18.17,18.085,18.17,1300,2021-07-15 19:00:00,INNV
18.1201,18.18,18.09,18.09,1200,2021-07-15 19:05:00,INNV
18.125,18.155,18.12,18.12,500,2021-07-15 19:10:00,INNV
18.09,18.09,17.96,17.96,1308,2021-07-15 19:15:00,INNV
17.995,18.0,17.87,17.87,600,2021-07-15 19:20:00,INNV
17.925,17.925,17.88,17.915,600,2021-07-15 19:25:00,INNV
17.91,17.95,17.82,17.95,1100,2021-07-15 19:30:00,INNV
17.9,18.09,17.9,18.04,3553,2021-07-15 19:35:00,INNV
18.0575,18.215,18.0575,18.215,4106,2021-07-15 19:40:00,INNV
18.22,18.32,18.19,18.29,4600,2021-07-15 19:45:00,INNV
18.32,18.32,18.24,18.26,9823,2021-07-15 19:50:00,INNV
18.275,18.275,18.2,18.24,9272,2021-07-15 19:55:00,INNV
18.26,18.26,18.26,18.26,16826,2021-07-15 20:00:00,INNV
18.4,19.57,18.4,18.795,3087,2021-07-16 13:30:00,INNV
19.525,19.58,19.1,19.1,404,2021-07-16 13:35:00,INNV
18.3878,19.24,18.3878,19.195,2302,2021-07-16 13:40:00,INNV
18.74,19.0,18.48,18.94,12192,2021-07-16 13:45:00,INNV
18.77,18.97,18.41,18.48,11573,2021-07-16 13:50:00,INNV
18.45,18.49,18.14,18.36,5727,2021-07-16 13:55:00,INNV
18.01,18.19,17.92,18.19,6438,2021-07-16 14:00:00,INNV
18.305,18.31,18.165,18.165,1420,2021-07-16 14:05:00,INNV
18.15,18.15,17.87,18.015,1600,2021-07-16 14:10:00,INNV
17.975,18.1,17.91,18.04,2101,2021-07-16 14:15:00,INNV
17.97,18.04,17.84,17.94,9717,2021-07-16 14:20:00,INNV
17.81,18.0,17.81,17.85,7052,2021-07-16 14:25:00,INNV
17.9075,17.96,17.7,17.7725,3951,2021-07-16 14:30:00,INNV
17.75,17.885,17.65,17.885,9252,2021-07-16 14:35:00,INNV
17.8825,18.06,17.87,18.01,10487,2021-07-16 14:40:00,INNV
17.95,18.1125,17.94,18.1125,5602,2021-07-16 14:45:00,INNV
18.115,18.2,18.1,18.1,593,2021-07-16 14:50:00,INNV
18.15,18.15,18.06,18.1025,1399,2021-07-16 14:55:00,INNV
18.1025,18.1125,18.05,18.09,671,2021-07-16 15:00:00,INNV
18.1,18.13,17.99,18.105,17202,2021-07-16 15:05:00,INNV
18.09,18.12,18.055,18.055,26555,2021-07-16 15:10:00,INNV
18.12,18.12,18.0,18.0,3580,2021-07-16 15:15:00,INNV
18.05,18.12,18.01,18.09,3869,2021-07-16 15:20:00,INNV
18.09,18.12,18.045,18.08,1300,2021-07-16 15:25:00,INNV
18.11,18.2,18.1,18.17,2200,2021-07-16 15:30:00,INNV
18.16,18.21,18.16,18.16,1304,2021-07-16 15:35:00,INNV
18.175,18.2,18.16,18.175,2019,2021-07-16 15:40:00,INNV
18.175,18.2,18.085,18.085,2800,2021-07-16 15:45:00,INNV
18.12,18.2,18.12,18.145,1577,2021-07-16 15:50:00,INNV
18.155,18.155,18.155,18.155,295,2021-07-16 15:55:00,INNV
18.155,18.16,18.13,18.16,303,2021-07-16 16:00:00,INNV
18.12,18.155,18.11,18.11,1389,2021-07-16 16:05:00,INNV
18.13,18.19,18.11,18.11,700,2021-07-16 16:10:00,INNV
18.11,18.12,18.04,18.04,2987,2021-07-16 16:15:00,INNV
18.0,18.13,18.0,18.1125,2008,2021-07-16 16:20:00,INNV
18.095,18.095,18.095,18.095,400,2021-07-16 16:25:00,INNV
18.095,18.095,18.095,18.095,200,2021-07-16 16:30:00,INNV
18.1,18.1,18.1,18.1,100,2021-07-16 16:35:00,INNV
18.105,18.105,18.1,18.1025,900,2021-07-16 16:40:00,INNV
18.105,18.105,18.025,18.06,1200,2021-07-16 16:45:00,INNV
18.0,18.035,18.0,18.035,300,2021-07-16 16:50:00,INNV
18.02,18.11,18.02,18.105,1100,2021-07-16 17:00:00,INNV
18.105,18.11,17.95,17.97,2885,2021-07-16 17:05:00,INNV
18.0,18.0,18.0,18.0,400,2021-07-16 17:10:00,INNV
18.0,18.0,18.0,18.0,100,2021-07-16 17:15:00,INNV
17.96,17.96,17.95,17.95,400,2021-07-16 17:20:00,INNV
17.925,17.925,17.9,17.9,600,2021-07-16 17:25:00,INNV
17.88,17.93,17.85,17.89,962,2021-07-16 17:30:00,INNV
17.87,17.875,17.87,17.875,200,2021-07-16 17:40:00,INNV
17.8512,17.89,17.84,17.89,721,2021-07-16 17:45:00,INNV
17.9,17.9,17.81,17.81,3400,2021-07-16 17:50:00,INNV
17.87,17.87,17.77,17.825,500,2021-07-16 17:55:00,INNV
17.825,17.87,17.79,17.83,500,2021-07-16 18:00:00,INNV
17.81,17.81,17.75,17.76,800,2021-07-16 18:05:00,INNV
17.76,17.76,17.76,17.76,100,2021-07-16 18:10:00,INNV
17.79,17.79,17.79,17.79,200,2021-07-16 18:15:00,INNV
17.81,17.86,17.8,17.8,1900,2021-07-16 18:20:00,INNV
17.8,17.81,17.79,17.79,400,2021-07-16 18:25:00,INNV
17.77,17.78,17.77,17.78,200,2021-07-16 18:30:00,INNV
17.77,17.78,17.75,17.75,1934,2021-07-16 18:35:00,INNV
17.77,17.82,17.77,17.82,425,2021-07-16 18:40:00,INNV
17.79,17.79,17.77,17.79,456,2021-07-16 18:45:00,INNV
17.77,17.78,17.76,17.76,635,2021-07-16 18:50:00,INNV
17.77,17.78,17.72,17.75,4300,2021-07-16 18:55:00,INNV
17.74,17.74,17.71,17.72,500,2021-07-16 19:00:00,INNV
17.69,17.72,17.68,17.71,3400,2021-07-16 19:05:00,INNV
17.725,17.77,17.72,17.72,1500,2021-07-16 19:10:00,INNV
17.72,17.74,17.72,17.74,200,2021-07-16 19:15:00,INNV
17.735,17.76,17.735,17.76,200,2021-07-16 19:20:00,INNV
17.745,17.76,17.74,17.74,500,2021-07-16 19:25:00,INNV
17.75,17.75,17.735,17.735,300,2021-07-16 19:30:00,INNV
17.72,17.73,17.665,17.665,2867,2021-07-16 19:35:00,INNV
17.65,17.73,17.65,17.69,6250,2021-07-16 19:40:00,INNV
17.69,17.69,17.64,17.655,2763,2021-07-16 19:45:00,INNV
17.63,17.67,17.6,17.63,3100,2021-07-16 19:50:00,INNV
17.595,17.65,17.57,17.61,10342,2021-07-16 19:55:00,INNV
17.66,17.66,17.66,17.66,16446,2021-07-16 20:00:00,INNV
17.8,17.8,17.8,17.8,111,2021-07-16 21:05:00,INNV
17.43,17.43,16.9993,17.04,892,2021-07-19 13:30:00,INNV
17.32,17.32,17.32,17.32,100,2021-07-19 13:35:00,INNV
17.335,17.335,17.14,17.14,200,2021-07-19 13:40:00,INNV
17.21,17.21,17.05,17.05,4200,2021-07-19 13:45:00,INNV
17.01,17.06,16.9,16.94,2779,2021-07-19 13:50:00,INNV
16.95,17.14,16.91,17.02,7356,2021-07-19 13:55:00,INNV
17.08,17.15,16.97,17.14,900,2021-07-19 14:00:00,INNV
16.99,16.99,16.76,16.76,2000,2021-07-19 14:05:00,INNV
16.78,17.08,16.78,17.06,14537,2021-07-19 14:10:00,INNV
17.07,17.23,16.92,17.0,23960,2021-07-19 14:15:00,INNV
17.025,17.15,16.95,17.135,6287,2021-07-19 14:20:00,INNV
17.11,17.2,17.09,17.095,1266,2021-07-19 14:25:00,INNV
17.11,17.2,17.08,17.2,1000,2021-07-19 14:30:00,INNV
17.2,17.2,17.1,17.145,1766,2021-07-19 14:35:00,INNV
17.2,17.265,17.14,17.26,746,2021-07-19 14:40:00,INNV
17.25,17.255,17.22,17.22,2050,2021-07-19 14:45:00,INNV
17.25,17.25,17.16,17.16,800,2021-07-19 14:50:00,INNV
17.18,17.18,17.12,17.16,1400,2021-07-19 14:55:00,INNV
17.25,17.27,17.25,17.25,2946,2021-07-19 15:00:00,INNV
17.25,17.3386,17.2,17.3386,2600,2021-07-19 15:05:00,INNV
17.26,17.29,17.23,17.25,3012,2021-07-19 15:10:00,INNV
17.25,17.29,17.18,17.2255,8877,2021-07-19 15:15:00,INNV
17.2525,17.27,17.19,17.19,900,2021-07-19 15:20:00,INNV
17.19,17.27,17.19,17.19,2000,2021-07-19 15:25:00,INNV
17.21,17.23,17.165,17.23,600,2021-07-19 15:30:00,INNV
17.18,17.25,17.18,17.25,500,2021-07-19 15:35:00,INNV
17.21,17.29,17.2,17.2525,1925,2021-07-19 15:40:00,INNV
17.24,17.335,17.24,17.31,1174,2021-07-19 15:45:00,INNV
17.31,17.3507,17.28,17.3098,900,2021-07-19 15:50:00,INNV
17.34,17.34,17.34,17.34,100,2021-07-19 15:55:00,INNV
17.35,17.35,17.27,17.27,1100,2021-07-19 16:00:00,INNV
17.3,17.3,17.3,17.3,200,2021-07-19 16:05:00,INNV
17.29,17.34,17.22,17.22,4300,2021-07-19 16:10:00,INNV
17.29,17.3,17.23,17.29,1900,2021-07-19 16:15:00,INNV
17.28,17.32,17.28,17.315,500,2021-07-19 16:20:00,INNV
17.33,17.33,17.22,17.22,1100,2021-07-19 16:25:00,INNV
17.22,17.22,17.22,17.22,100,2021-07-19 16:30:00,INNV
17.14,17.14,17.0,17.11,900,2021-07-19 16:35:00,INNV
17.0,17.015,17.0,17.0,900,2021-07-19 16:40:00,INNV
17.0,17.1,16.99,17.1,7600,2021-07-19 16:45:00,INNV
17.03,17.1,16.97,17.0,7020,2021-07-19 16:50:00,INNV
17.01,17.02,16.95,17.0,2300,2021-07-19 16:55:00,INNV
17.0,17.05,16.95,17.05,2900,2021-07-19 17:00:00,INNV
17.08,17.22,17.065,17.22,1600,2021-07-19 17:05:00,INNV
17.22,17.26,17.16,17.245,1846,2021-07-19 17:10:00,INNV
17.3,17.33,17.3,17.33,900,2021-07-19 17:15:00,INNV
17.33,17.41,17.29,17.365,1420,2021-07-19 17:20:00,INNV
17.37,17.48,17.37,17.42,1300,2021-07-19 17:25:00,INNV
17.42,17.425,17.42,17.425,700,2021-07-19 17:30:00,INNV
17.415,17.44,17.37,17.395,1400,2021-07-19 17:35:00,INNV
17.44,17.44,17.395,17.4,380,2021-07-19 17:40:00,INNV
17.395,17.395,17.395,17.395,100,2021-07-19 17:45:00,INNV
17.395,17.395,17.395,17.395,200,2021-07-19 17:50:00,INNV
17.395,17.44,17.33,17.39,5508,2021-07-19 17:55:00,INNV
17.4,17.45,17.4,17.43,3732,2021-07-19 18:00:00,INNV
17.46,17.55,17.45,17.45,700,2021-07-19 18:05:00,INNV
17.45,17.535,17.45,17.47,600,2021-07-19 18:10:00,INNV
17.52,17.52,17.49,17.49,400,2021-07-19 18:15:00,INNV
17.5,17.5,17.48,17.48,800,2021-07-19 18:25:00,INNV
17.48,17.48,17.39,17.39,13807,2021-07-19 18:30:00,INNV
17.39,17.42,17.34,17.375,21669,2021-07-19 18:35:00,INNV
17.39,17.39,17.33,17.33,3142,2021-07-19 18:40:00,INNV
17.28,17.32,17.25,17.27,4363,2021-07-19 18:45:00,INNV
17.27,17.32,17.235,17.26,2200,2021-07-19 18:50:00,INNV
17.235,17.3,17.235,17.275,1900,2021-07-19 18:55:00,INNV
17.285,17.32,17.28,17.28,700,2021-07-19 19:00:00,INNV
17.32,17.34,17.23,17.29,8900,2021-07-19 19:05:00,INNV
17.29,17.295,17.285,17.295,600,2021-07-19 19:10:00,INNV
17.34,17.34,17.26,17.275,500,2021-07-19 19:15:00,INNV
17.23,17.23,17.135,17.19,2200,2021-07-19 19:20:00,INNV
17.195,17.195,17.15,17.19,300,2021-07-19 19:25:00,INNV
17.27,17.27,17.17,17.23,1300,2021-07-19 19:30:00,INNV
17.23,17.24,17.2,17.24,900,2021-07-19 19:35:00,INNV
17.19,17.23,17.06,17.22,16996,2021-07-19 19:40:00,INNV
17.195,17.32,17.17,17.23,5100,2021-07-19 19:45:00,INNV
17.245,17.3,17.205,17.29,6646,2021-07-19 19:50:00,INNV
17.245,17.34,17.245,17.3,7146,2021-07-19 19:55:00,INNV
17.28,17.28,17.28,17.28,12839,2021-07-19 20:00:00,INNV
17.39,17.39,17.39,17.39,917,2021-07-20 13:30:00,INNV
17.4,17.425,17.4,17.4,1102,2021-07-20 13:40:00,INNV
17.3,17.3,17.25,17.25,800,2021-07-20 13:45:00,INNV
17.25,17.44,17.25,17.335,12192,2021-07-20 13:50:00,INNV
17.34,17.34,17.26,17.26,837,2021-07-20 14:00:00,INNV
17.26,17.34,17.26,17.26,900,2021-07-20 14:05:00,INNV
17.26,17.35,17.22,17.26,37241,2021-07-20 14:10:00,INNV
17.26,17.31,17.26,17.31,3756,2021-07-20 14:15:00,INNV
17.35,17.39,17.27,17.27,5708,2021-07-20 14:20:00,INNV
17.34,17.35,17.28,17.28,300,2021-07-20 14:25:00,INNV
17.27,17.27,17.19,17.19,2361,2021-07-20 14:30:00,INNV
17.19,17.19,16.98,17.095,3845,2021-07-20 14:35:00,INNV
17.1,17.1,17.03,17.03,500,2021-07-20 14:40:00,INNV
17.03,17.1,17.03,17.03,1300,2021-07-20 14:45:00,INNV
17.04,17.3,17.03,17.3,3492,2021-07-20 14:50:00,INNV
17.38,17.4,17.35,17.355,2553,2021-07-20 14:55:00,INNV
17.355,17.4,17.31,17.34,3735,2021-07-20 15:00:00,INNV
17.35,17.38,17.26,17.36,42913,2021-07-20 15:05:00,INNV
17.36,17.46,17.36,17.46,3784,2021-07-20 15:10:00,INNV
17.46,17.46,17.39,17.44,2363,2021-07-20 15:15:00,INNV
17.46,17.48,17.46,17.48,1600,2021-07-20 15:20:00,INNV
17.515,17.515,17.515,17.515,200,2021-07-20 15:25:00,INNV
17.45,17.57,17.45,17.57,400,2021-07-20 15:30:00,INNV
17.45,17.45,17.45,17.45,300,2021-07-20 15:35:00,INNV
17.46,17.46,17.37,17.37,2200,2021-07-20 15:40:00,INNV
17.45,17.45,17.37,17.37,900,2021-07-20 15:45:00,INNV
17.37,17.43,17.37,17.37,600,2021-07-20 15:50:00,INNV
17.37,17.425,17.37,17.37,400,2021-07-20 15:55:00,INNV
17.485,17.5,17.35,17.4,1000,2021-07-20 16:00:00,INNV
17.4,17.415,17.36,17.36,1813,2021-07-20 16:05:00,INNV
17.39,17.39,17.3,17.3,400,2021-07-20 16:10:00,INNV
17.35,17.38,17.29,17.38,2407,2021-07-20 16:15:00,INNV
17.34,17.34,17.33,17.33,400,2021-07-20 16:25:00,INNV
17.33,17.4,17.33,17.4,300,2021-07-20 16:30:00,INNV
17.29,17.5,17.29,17.5,49769,2021-07-20 16:35:00,INNV
17.45,17.45,17.44,17.44,1146,2021-07-20 16:40:00,INNV
17.44,17.5,17.44,17.445,468,2021-07-20 16:45:00,INNV
17.49,17.5,17.39,17.44,5546,2021-07-20 16:50:00,INNV
17.435,17.45,17.38,17.425,1344,2021-07-20 16:55:00,INNV
17.4,17.43,17.375,17.375,3052,2021-07-20 17:00:00,INNV
17.42,17.45,17.36,17.43,3904,2021-07-20 17:05:00,INNV
17.43,17.44,17.42,17.42,5322,2021-07-20 17:10:00,INNV
17.42,17.44,17.335,17.335,7050,2021-07-20 17:15:00,INNV
17.315,17.36,17.2875,17.36,2104,2021-07-20 17:20:00,INNV
17.33,17.35,17.25,17.26,4326,2021-07-20 17:25:00,INNV
17.27,17.3756,17.24,17.3756,3338,2021-07-20 17:30:00,INNV
17.33,17.35,17.33,17.35,200,2021-07-20 17:35:00,INNV
17.36,17.36,17.3,17.3,600,2021-07-20 17:40:00,INNV
17.3,17.39,17.3,17.345,1000,2021-07-20 17:45:00,INNV
17.3,17.39,17.3,17.34,1600,2021-07-20 17:50:00,INNV
17.32,17.35,17.31,17.34,2100,2021-07-20 17:55:00,INNV
17.35,17.35,17.32,17.32,400,2021-07-20 18:00:00,INNV
17.3,17.32,17.3,17.31,1888,2021-07-20 18:05:00,INNV
17.34,17.35,17.315,17.315,432,2021-07-20 18:10:00,INNV
17.315,17.315,17.315,17.315,100,2021-07-20 18:15:00,INNV
17.28,17.315,17.26,17.26,1100,2021-07-20 18:20:00,INNV
17.26,17.305,17.26,17.305,900,2021-07-20 18:25:00,INNV
17.28,17.3,17.26,17.27,1743,2021-07-20 18:30:00,INNV
17.26,17.29,17.25,17.25,2148,2021-07-20 18:35:00,INNV
17.25,17.28,17.15,17.15,1900,2021-07-20 18:40:00,INNV
17.14,17.205,17.13,17.13,13260,2021-07-20 18:45:00,INNV
17.15,17.17,17.12,17.15,3200,2021-07-20 18:50:00,INNV
17.12,17.22,17.11,17.11,1400,2021-07-20 18:55:00,INNV
17.11,17.155,17.11,17.14,4992,2021-07-20 19:00:00,INNV
17.1332,17.27,17.13,17.27,4600,2021-07-20 19:05:00,INNV
17.22,17.245,17.22,17.245,2200,2021-07-20 19:10:00,INNV
17.23,17.24,17.19,17.19,600,2021-07-20 19:15:00,INNV
17.17,17.24,17.17,17.17,3233,2021-07-20 19:20:00,INNV
17.205,17.23,17.12,17.23,9400,2021-07-20 19:25:00,INNV
17.22,17.25,17.2,17.25,3332,2021-07-20 19:30:00,INNV
17.24,17.3,17.24,17.3,3075,2021-07-20 19:35:00,INNV
17.3,17.35,17.3,17.34,3930,2021-07-20 19:40:00,INNV
17.31,17.37,17.31,17.35,9250,2021-07-20 19:45:00,INNV
17.32,17.32,17.26,17.31,11614,2021-07-20 19:50:00,INNV
17.31,17.38,17.29,17.37,20069,2021-07-20 19:55:00,INNV
17.37,17.37,17.37,17.37,51566,2021-07-20 20:00:00,INNV
17.46,17.46,17.46,17.46,330,2021-07-21 13:30:00,INNV
17.445,17.445,17.445,17.445,100,2021-07-21 14:05:00,INNV
17.45,17.535,17.45,17.535,1500,2021-07-21 14:25:00,INNV
17.535,17.535,17.535,17.535,100,2021-07-21 14:30:00,INNV
17.6,17.73,17.6,17.62,1013,2021-07-21 14:35:00,INNV
17.655,17.74,17.655,17.74,561,2021-07-21 14:40:00,INNV
17.685,17.685,17.685,17.685,100,2021-07-21 14:50:00,INNV
17.72,17.74,17.684,17.73,1945,2021-07-21 14:55:00,INNV
17.73,17.73,17.73,17.73,200,2021-07-21 15:00:00,INNV
17.7,17.78,17.7,17.78,1865,2021-07-21 15:05:00,INNV
17.73,17.74,17.73,17.74,629,2021-07-21 15:20:00,INNV
17.68,17.68,17.68,17.68,100,2021-07-21 15:25:00,INNV
17.64,17.64,17.64,17.64,100,2021-07-21 15:30:00,INNV
17.63,17.63,17.63,17.63,100,2021-07-21 15:40:00,INNV
17.66,17.66,17.66,17.66,100,2021-07-21 15:45:00,INNV
17.695,17.695,17.655,17.655,200,2021-07-21 15:50:00,INNV
17.65,17.65,17.65,17.65,263,2021-07-21 15:55:00,INNV
17.798,17.798,17.715,17.715,1511,2021-07-21 16:10:00,INNV
17.66,17.66,17.66,17.66,600,2021-07-21 16:15:00,INNV
17.72,17.72,17.72,17.72,100,2021-07-21 16:30:00,INNV
17.66,17.7,17.66,17.7,441,2021-07-21 16:35:00,INNV
17.65,17.74,17.65,17.74,200,2021-07-21 16:50:00,INNV
17.735,17.735,17.735,17.735,200,2021-07-21 16:55:00,INNV
17.675,17.675,17.67,17.67,200,2021-07-21 17:00:00,INNV
17.63,17.63,17.63,17.63,100,2021-07-21 17:05:00,INNV
17.6722,17.6722,17.6722,17.6722,125,2021-07-21 17:15:00,INNV
17.61,17.61,17.6,17.6,202,2021-07-21 17:25:00,INNV
17.66,17.66,17.66,17.66,100,2021-07-21 17:30:00,INNV
17.64,17.64,17.64,17.64,200,2021-07-21 17:35:00,INNV
17.615,17.615,17.615,17.615,100,2021-07-21 17:45:00,INNV
17.64,17.64,17.62,17.64,600,2021-07-21 17:50:00,INNV
17.67,17.67,17.66,17.67,1117,2021-07-21 18:00:00,INNV
17.66,17.67,17.635,17.635,650,2021-07-21 18:05:00,INNV
17.65,17.65,17.61,17.61,200,2021-07-21 18:10:00,INNV
17.61,17.61,17.575,17.575,300,2021-07-21 18:15:00,INNV
17.56,17.56,17.51,17.51,400,2021-07-21 18:20:00,INNV
17.52,17.52,17.51,17.51,300,2021-07-21 18:25:00,INNV
17.52,17.52,17.52,17.52,150,2021-07-21 18:30:00,INNV
17.515,17.585,17.51,17.585,1135,2021-07-21 18:35:00,INNV
17.55,17.55,17.55,17.55,100,2021-07-21 18:45:00,INNV
17.54,17.54,17.54,17.54,100,2021-07-21 18:50:00,INNV
17.55,17.55,17.34,17.38,18006,2021-07-21 18:55:00,INNV
17.37,17.485,17.37,17.42,1000,2021-07-21 19:00:00,INNV
17.41,17.42,17.365,17.4,1374,2021-07-21 19:05:00,INNV
17.445,17.445,17.37,17.37,200,2021-07-21 19:10:00,INNV
17.39,17.39,17.39,17.39,100,2021-07-21 19:15:00,INNV
17.39,17.39,17.39,17.39,100,2021-07-21 19:20:00,INNV
17.465,17.465,17.265,17.31,1927,2021-07-21 19:25:00,INNV
17.23,17.25,17.23,17.25,400,2021-07-21 19:30:00,INNV
17.23,17.32,17.23,17.32,500,2021-07-21 19:35:00,INNV
17.24,17.36,17.235,17.235,2200,2021-07-21 19:40:00,INNV
17.26,17.27,17.21,17.245,7603,2021-07-21 19:45:00,INNV
17.2,17.32,17.14,17.265,6026,2021-07-21 19:50:00,INNV
17.25,17.3,17.23,17.23,9709,2021-07-21 19:55:00,INNV
17.25,17.25,17.25,17.25,11349,2021-07-21 20:00:00,INNV
17.23,17.23,17.23,17.23,478,2021-07-22 13:30:00,INNV
17.14,17.14,17.14,17.14,100,2021-07-22 13:45:00,INNV
17.52,17.53,16.85,17.035,22101,2021-07-22 13:50:00,INNV
17.17,17.18,17.14,17.18,1500,2021-07-22 13:55:00,INNV
17.13,17.15,16.99,16.99,1105,2021-07-22 14:00:00,INNV
17.11,17.3,17.08,17.29,8158,2021-07-22 14:05:00,INNV
17.19,17.308,17.15,17.215,3300,2021-07-22 14:10:00,INNV
17.12,17.15,17.12,17.15,700,2021-07-22 14:15:00,INNV
17.15,17.15,17.13,17.15,600,2021-07-22 14:20:00,INNV
17.18,17.18,17.11,17.11,533,2021-07-22 14:25:00,INNV
17.13,17.2886,17.11,17.13,17518,2021-07-22 14:30:00,INNV
17.13,17.21,17.13,17.205,1600,2021-07-22 14:35:00,INNV
17.25,17.25,17.25,17.25,200,2021-07-22 14:40:00,INNV
17.21,17.21,17.15,17.15,2236,2021-07-22 14:45:00,INNV
17.17,17.18,17.166,17.18,400,2021-07-22 14:50:00,INNV
17.18,17.21,17.18,17.18,4064,2021-07-22 14:55:00,INNV
17.12,17.18,17.12,17.18,500,2021-07-22 15:00:00,INNV
17.18,17.22,17.18,17.22,200,2021-07-22 15:05:00,INNV
17.25,17.25,17.25,17.25,100,2021-07-22 15:10:00,INNV
17.14,17.15,17.14,17.15,454,2021-07-22 15:15:00,INNV
17.17,17.17,17.135,17.135,300,2021-07-22 15:20:00,INNV
17.11,17.13,17.11,17.13,491,2021-07-22 15:25:00,INNV
17.11,17.11,17.11,17.11,100,2021-07-22 15:30:00,INNV
17.13,17.13,17.12,17.12,200,2021-07-22 15:40:00,INNV
17.13,17.135,17.1,17.1,1229,2021-07-22 15:50:00,INNV
17.08,17.08,17.08,17.08,200,2021-07-22 15:55:00,INNV
17.0,17.04,17.0,17.04,203,2021-07-22 16:00:00,INNV
17.025,17.05,17.025,17.05,1400,2021-07-22 16:05:00,INNV
17.09,17.09,17.09,17.09,100,2021-07-22 16:10:00,INNV
17.08,17.08,17.01,17.04,300,2021-07-22 16:20:00,INNV
17.01,17.01,17.01,17.01,100,2021-07-22 16:30:00,INNV
17.03,17.03,17.03,17.03,100,2021-07-22 17:00:00,INNV
17.19,17.19,17.19,17.19,100,2021-07-22 17:05:00,INNV
17.16,17.16,17.08,17.085,1091,2021-07-22 17:10:00,INNV
17.09,17.1212,17.09,17.095,400,2021-07-22 17:15:00,INNV
17.095,17.095,17.095,17.095,100,2021-07-22 17:20:00,INNV
17.095,17.1,17.095,17.095,300,2021-07-22 17:25:00,INNV
17.06,17.06,17.06,17.06,100,2021-07-22 17:30:00,INNV
17.09,17.09,17.075,17.075,300,2021-07-22 17:35:00,INNV
17.03,17.03,17.03,17.03,100,2021-07-22 17:45:00,INNV
17.11,17.11,17.085,17.085,200,2021-07-22 17:50:00,INNV
17.15,17.15,17.11,17.11,301,2021-07-22 17:55:00,INNV
17.1,17.11,17.06,17.06,1554,2021-07-22 18:00:00,INNV
17.08,17.08,17.08,17.08,300,2021-07-22 18:05:00,INNV
17.09,17.09,17.08,17.08,200,2021-07-22 18:10:00,INNV
17.08,17.08,17.05,17.05,548,2021-07-22 18:15:00,INNV
17.02,17.02,17.02,17.02,100,2021-07-22 18:20:00,INNV
17.055,17.055,17.055,17.055,100,2021-07-22 18:25:00,INNV
17.02,17.06,17.02,17.06,500,2021-07-22 18:30:00,INNV
17.06,17.06,17.05,17.05,200,2021-07-22 18:35:00,INNV
17.02,17.03,17.015,17.02,1890,2021-07-22 18:40:00,INNV
17.02,17.04,17.0,17.04,2000,2021-07-22 18:45:00,INNV
17.06,17.06,17.02,17.02,1500,2021-07-22 18:50:00,INNV
17.02,17.02,17.0,17.02,1400,2021-07-22 18:55:00,INNV
17.0,17.035,16.995,17.03,8086,2021-07-22 19:00:00,INNV
17.05,17.05,17.01,17.01,1000,2021-07-22 19:05:00,INNV
17.0,17.0,16.9,16.9,1100,2021-07-22 19:10:00,INNV
16.95,16.95,16.93,16.95,600,2021-07-22 19:15:00,INNV
16.93,16.93,16.87,16.885,10137,2021-07-22 19:20:00,INNV
16.885,16.94,16.88,16.94,1200,2021-07-22 19:25:00,INNV
16.895,16.895,16.85,16.855,1690,2021-07-22 19:30:00,INNV
16.83,16.855,16.8,16.805,2300,2021-07-22 19:35:00,INNV
16.78,16.83,16.73,16.73,1894,2021-07-22 19:40:00,INNV
16.73,16.77,16.71,16.75,1400,2021-07-22 19:45:00,INNV
16.73,16.8,16.72,16.75,7194,2021-07-22 19:50:00,INNV
16.74,16.85,16.71,16.85,24247,2021-07-22 19:55:00,INNV
16.81,16.81,16.81,16.81,15793,2021-07-22 20:00:00,INNV
17.0,17.11,17.0,17.0,16393,2021-07-23 13:30:00,INNV
17.0,17.04,17.0,17.0,9201,2021-07-23 13:35:00,INNV
17.0,17.01,17.0,17.01,300,2021-07-23 13:40:00,INNV
17.0,17.0392,17.0,17.0,5735,2021-07-23 13:45:00,INNV
17.0,17.03,16.88,16.88,32276,2021-07-23 13:50:00,INNV
16.845,16.89,16.795,16.89,2800,2021-07-23 13:55:00,INNV
16.875,16.875,16.81,16.81,200,2021-07-23 14:00:00,INNV
16.86,16.94,16.86,16.88,1288,2021-07-23 14:05:00,INNV
16.93,16.93,16.85,16.905,1497,2021-07-23 14:10:00,INNV
16.875,17.025,16.875,16.99,6034,2021-07-23 14:15:00,INNV
17.0,17.025,16.93,17.02,4200,2021-07-23 14:20:00,INNV
17.035,17.0495,16.97,17.04,1030,2021-07-23 14:25:00,INNV
16.97,17.06,16.97,17.04,700,2021-07-23 14:30:00,INNV
17.08,17.08,17.06,17.06,200,2021-07-23 14:35:00,INNV
16.98,16.98,16.98,16.98,100,2021-07-23 14:40:00,INNV
17.0,17.0,16.92,16.925,948,2021-07-23 14:45:00,INNV
16.89,16.89,16.89,16.89,100,2021-07-23 14:50:00,INNV
16.87,16.97,16.87,16.91,400,2021-07-23 14:55:00,INNV
16.925,16.925,16.82,16.86,447,2021-07-23 15:00:00,INNV
16.92,16.98,16.92,16.955,800,2021-07-23 15:05:00,INNV
16.98,16.98,16.96,16.96,202,2021-07-23 15:10:00,INNV
16.93,16.99,16.93,16.98,1495,2021-07-23 15:20:00,INNV
17.0,17.0,16.94,16.94,300,2021-07-23 15:25:00,INNV
16.94,17.1,16.94,17.09,800,2021-07-23 15:30:00,INNV
17.01,17.01,17.0,17.0,1100,2021-07-23 15:40:00,INNV
17.0,17.02,16.96,17.0,9400,2021-07-23 15:45:00,INNV
17.04,17.04,17.0,17.0,6300,2021-07-23 15:50:00,INNV
17.0,17.0,16.99,16.99,700,2021-07-23 15:55:00,INNV
16.99,17.0,16.975,16.975,1100,2021-07-23 16:00:00,INNV
16.91,16.91,16.91,16.91,300,2021-07-23 16:05:00,INNV
17.0,17.0,16.92,16.92,400,2021-07-23 16:10:00,INNV
16.92,16.97,16.92,16.96,1000,2021-07-23 16:15:00,INNV
16.99,16.99,16.96,16.99,1100,2021-07-23 16:20:00,INNV
16.95,16.99,16.95,16.99,200,2021-07-23 16:25:00,INNV
16.99,16.99,16.95,16.95,400,2021-07-23 16:30:00,INNV
16.96,17.005,16.96,16.98,6419,2021-07-23 16:35:00,INNV
16.99,17.0,16.965,16.965,900,2021-07-23 16:40:00,INNV
17.02,17.07,17.0,17.03,5800,2021-07-23 16:45:00,INNV
17.02,17.05,17.02,17.05,400,2021-07-23 16:50:00,INNV
17.04,17.04,17.03,17.03,508,2021-07-23 16:55:00,INNV
17.03,17.035,17.01,17.03,400,2021-07-23 17:00:00,INNV
17.01,17.03,17.01,17.03,300,2021-07-23 17:05:00,INNV
16.99,16.99,16.99,16.99,100,2021-07-23 17:10:00,INNV
16.98,17.045,16.98,17.045,200,2021-07-23 17:15:00,INNV
17.045,17.1,16.98,17.03,16500,2021-07-23 17:20:00,INNV
17.045,17.08,17.04,17.08,2025,2021-07-23 17:25:00,INNV
17.105,17.14,17.0806,17.09,616,2021-07-23 17:30:00,INNV
17.11,17.19,17.11,17.14,1000,2021-07-23 17:35:00,INNV
17.19,17.25,17.18,17.25,2800,2021-07-23 17:40:00,INNV
17.215,17.37,17.215,17.32,1237,2021-07-23 17:45:00,INNV
17.37,17.37,17.25,17.27,2200,2021-07-23 17:50:00,INNV
17.26,17.285,17.26,17.285,600,2021-07-23 18:00:00,INNV
17.285,17.285,17.26,17.265,1601,2021-07-23 18:05:00,INNV
17.265,17.28,17.255,17.27,5089,2021-07-23 18:10:00,INNV
17.37,17.38,17.31,17.31,1500,2021-07-23 18:15:00,INNV
17.39,17.39,17.34,17.34,800,2021-07-23 18:20:00,INNV
17.35,17.35,17.31,17.31,600,2021-07-23 18:25:00,INNV
17.305,17.305,17.305,17.305,100,2021-07-23 18:30:00,INNV
17.26,17.285,17.26,17.285,700,2021-07-23 18:35:00,INNV
17.24,17.255,17.24,17.255,200,2021-07-23 18:45:00,INNV
17.24,17.24,17.24,17.24,100,2021-07-23 18:50:00,INNV
17.255,17.255,17.255,17.255,322,2021-07-23 18:55:00,INNV
17.255,17.255,17.2124,17.23,800,2021-07-23 19:00:00,INNV
17.22,17.22,17.22,17.22,200,2021-07-23 19:05:00,INNV
17.25,17.25,17.235,17.235,400,2021-07-23 19:10:00,INNV
17.22,17.23,17.22,17.23,1118,2021-07-23 19:15:00,INNV
17.22,17.22,17.22,17.22,100,2021-07-23 19:25:00,INNV
17.2325,17.24,17.2,17.2,11476,2021-07-23 19:30:00,INNV
17.14,17.16,17.11,17.125,4115,2021-07-23 19:35:00,INNV
17.11,17.125,17.11,17.11,700,2021-07-23 19:40:00,INNV
17.125,17.135,17.11,17.1225,2839,2021-07-23 19:45:00,INNV
17.125,17.13,17.07,17.08,11189,2021-07-23 19:50:00,INNV
17.075,17.13,17.02,17.13,9220,2021-07-23 19:55:00,INNV
17.14,17.14,17.14,17.14,7690,2021-07-23 20:00:00,INNV
17.14,17.14,17.14,17.14,613,2021-07-26 13:30:00,INNV
17.17,17.17,17.17,17.17,100,2021-07-26 13:40:00,INNV
16.985,17.34,16.561,17.11,5290,2021-07-26 13:55:00,INNV
17.03,17.095,17.03,17.09,600,2021-07-26 14:00:00,INNV
17.12,17.12,17.12,17.12,100,2021-07-26 14:05:00,INNV
17.27,17.27,17.27,17.27,100,2021-07-26 14:15:00,INNV
17.29,17.29,17.21,17.27,1032,2021-07-26 14:25:00,INNV
17.21,17.21,16.94,17.01,56635,2021-07-26 14:30:00,INNV
16.92,17.05,16.905,16.96,9530,2021-07-26 14:35:00,INNV
16.92,16.95,16.92,16.93,1800,2021-07-26 14:40:00,INNV
16.935,16.935,16.87,16.87,506,2021-07-26 14:45:00,INNV
16.81,16.81,16.81,16.81,600,2021-07-26 14:50:00,INNV
16.81,16.81,16.81,16.81,100,2021-07-26 14:55:00,INNV
16.845,16.845,16.845,16.845,200,2021-07-26 15:00:00,INNV
16.88,16.88,16.88,16.88,200,2021-07-26 15:05:00,INNV
16.88,16.88,16.88,16.88,200,2021-07-26 15:10:00,INNV
16.88,16.91,16.88,16.91,500,2021-07-26 15:15:00,INNV
16.91,16.91,16.86,16.91,309,2021-07-26 15:20:00,INNV
16.84,16.9,16.84,16.9,200,2021-07-26 15:25:00,INNV
16.96,16.96,16.84,16.84,500,2021-07-26 15:30:00,INNV
16.69,16.69,16.69,16.69,100,2021-07-26 15:35:00,INNV
16.735,16.735,16.735,16.735,100,2021-07-26 15:40:00,INNV
16.77,16.9132,16.77,16.9132,200,2021-07-26 15:50:00,INNV
16.875,16.875,16.785,16.785,200,2021-07-26 16:05:00,INNV
16.83,16.835,16.76,16.76,1000,2021-07-26 16:10:00,INNV
16.84,16.84,16.74,16.74,10029,2021-07-26 16:15:00,INNV
16.67,16.725,16.62,16.64,1291,2021-07-26 16:20:00,INNV
16.63,16.72,16.63,16.64,1100,2021-07-26 16:25:00,INNV
16.64,16.75,16.56,16.56,777,2021-07-26 16:30:00,INNV
16.625,16.625,16.625,16.625,100,2021-07-26 16:35:00,INNV
16.625,16.625,16.625,16.625,100,2021-07-26 16:40:00,INNV
16.605,16.65,16.605,16.605,800,2021-07-26 16:50:00,INNV
16.61,16.61,16.51,16.56,5500,2021-07-26 16:55:00,INNV
16.56,16.56,16.53,16.54,600,2021-07-26 17:00:00,INNV
16.53,16.54,16.53,16.53,400,2021-07-26 17:05:00,INNV
16.565,16.565,16.565,16.565,200,2021-07-26 17:10:00,INNV
16.57,16.57,16.54,16.54,200,2021-07-26 17:15:00,INNV
16.565,16.69,16.565,16.62,5300,2021-07-26 17:20:00,INNV
16.6,16.645,16.6,16.645,600,2021-07-26 17:25:00,INNV
16.615,16.615,16.545,16.545,1000,2021-07-26 17:30:00,INNV
16.55,16.55,16.54,16.54,300,2021-07-26 17:35:00,INNV
16.53,16.585,16.495,16.495,1900,2021-07-26 17:40:00,INNV
16.51,16.51,16.5,16.5,500,2021-07-26 17:45:00,INNV
16.52,16.58,16.52,16.55,1600,2021-07-26 17:50:00,INNV
16.56,16.575,16.55,16.575,800,2021-07-26 17:55:00,INNV
16.59,16.59,16.51,16.51,2306,2021-07-26 18:00:00,INNV
16.52,16.55,16.52,16.545,300,2021-07-26 18:05:00,INNV
16.545,16.55,16.5,16.52,4000,2021-07-26 18:15:00,INNV
16.52,16.575,16.51,16.57,1550,2021-07-26 18:20:00,INNV
16.585,16.585,16.55,16.55,1200,2021-07-26 18:25:00,INNV
16.55,16.58,16.55,16.56,1259,2021-07-26 18:30:00,INNV
16.55,16.6,16.545,16.595,2000,2021-07-26 18:35:00,INNV
16.62,16.62,16.565,16.565,200,2021-07-26 18:45:00,INNV
16.6,16.65,16.6,16.65,1000,2021-07-26 18:50:00,INNV
16.64,16.645,16.62,16.62,300,2021-07-26 18:55:00,INNV
16.62,16.62,16.62,16.62,500,2021-07-26 19:00:00,INNV
16.63,16.63,16.63,16.63,100,2021-07-26 19:05:00,INNV
16.62,16.62,16.62,16.62,100,2021-07-26 19:10:00,INNV
16.6,16.62,16.6,16.62,345,2021-07-26 19:15:00,INNV
16.6,16.63,16.6,16.61,3081,2021-07-26 19:20:00,INNV
16.63,16.66,16.63,16.66,400,2021-07-26 19:25:00,INNV
16.645,16.645,16.645,16.645,100,2021-07-26 19:30:00,INNV
16.65,16.65,16.65,16.65,400,2021-07-26 19:35:00,INNV
16.65,16.65,16.6,16.6,900,2021-07-26 19:40:00,INNV
16.6,16.64,16.59,16.6,1300,2021-07-26 19:45:00,INNV
16.6,16.63,16.56,16.61,6353,2021-07-26 19:50:00,INNV
16.59,16.61,16.53,16.55,11303,2021-07-26 19:55:00,INNV
16.57,16.57,16.57,16.57,11065,2021-07-26 20:00:00,INNV
16.36,16.72,16.36,16.72,798,2021-07-27 13:30:00,INNV
16.65,16.65,16.65,16.65,100,2021-07-27 13:35:00,INNV
16.51,16.51,16.38,16.38,400,2021-07-27 13:40:00,INNV
16.41,16.41,16.2,16.345,5253,2021-07-27 13:45:00,INNV
16.3,16.37,16.28,16.28,1900,2021-07-27 13:55:00,INNV
16.305,16.305,16.3,16.3,200,2021-07-27 14:00:00,INNV
16.26,16.295,16.25,16.25,500,2021-07-27 14:05:00,INNV
16.235,16.235,16.215,16.22,530,2021-07-27 14:10:00,INNV
16.17,16.21,16.145,16.145,500,2021-07-27 14:15:00,INNV
16.18,16.18,16.18,16.18,100,2021-07-27 14:20:00,INNV
16.1996,16.1996,16.1996,16.1996,100,2021-07-27 14:25:00,INNV
16.13,16.13,16.13,16.13,100,2021-07-27 14:30:00,INNV
16.13,16.15,16.13,16.15,630,2021-07-27 14:35:00,INNV
16.21,16.25,16.21,16.25,200,2021-07-27 14:45:00,INNV
16.4,16.4,16.04,16.1,16528,2021-07-27 14:50:00,INNV
16.09,16.145,16.07,16.14,1320,2021-07-27 14:55:00,INNV
16.2,16.2,16.15,16.175,1000,2021-07-27 15:00:00,INNV
16.17,16.195,16.12,16.13,3614,2021-07-27 15:05:00,INNV
16.14,16.16,16.1,16.11,1692,2021-07-27 15:10:00,INNV
16.1,16.11,16.05,16.11,2306,2021-07-27 15:15:00,INNV
16.115,16.15,16.05,16.095,4646,2021-07-27 15:20:00,INNV
16.085,16.095,16.085,16.095,500,2021-07-27 15:25:00,INNV
16.14,16.14,16.095,16.14,400,2021-07-27 15:30:00,INNV
16.14,16.14,16.0,16.01,3533,2021-07-27 15:35:00,INNV
16.01,16.05,15.92,15.93,4500,2021-07-27 15:40:00,INNV
15.93,15.985,15.92,15.94,1200,2021-07-27 15:45:00,INNV
15.935,15.99,15.935,15.99,500,2021-07-27 15:50:00,INNV
15.96,16.055,15.94,16.055,400,2021-07-27 15:55:00,INNV
15.96,16.045,15.96,16.045,400,2021-07-27 16:00:00,INNV
16.01,16.1,16.01,16.01,4711,2021-07-27 16:05:00,INNV
16.055,16.06,15.98,16.045,1600,2021-07-27 16:10:00,INNV
16.0,16.055,16.0,16.045,1100,2021-07-27 16:15:00,INNV
16.04,16.04,16.0,16.0,1200,2021-07-27 16:20:00,INNV
16.0,16.025,16.0,16.025,200,2021-07-27 16:25:00,INNV
16.04,16.04,15.95,15.95,1300,2021-07-27 16:30:00,INNV
15.95,15.98,15.95,15.98,1321,2021-07-27 16:35:00,INNV
15.98,16.0,15.97,15.97,300,2021-07-27 16:40:00,INNV
15.97,16.015,15.96,16.0,5100,2021-07-27 16:50:00,INNV
16.0,16.0,15.975,15.975,1100,2021-07-27 16:55:00,INNV
15.975,15.98,15.97,15.98,1623,2021-07-27 17:00:00,INNV
15.97,16.02,15.97,16.02,1100,2021-07-27 17:05:00,INNV
16.085,16.085,16.085,16.085,100,2021-07-27 17:15:00,INNV
16.09,16.09,15.98,15.98,200,2021-07-27 17:20:00,INNV
16.085,16.09,16.085,16.09,300,2021-07-27 17:25:00,INNV
16.0347,16.14,16.0347,16.14,900,2021-07-27 17:30:00,INNV
16.16,16.16,16.1,16.1,400,2021-07-27 17:40:00,INNV
16.1,16.13,16.04,16.13,1500,2021-07-27 17:45:00,INNV
16.13,16.13,16.085,16.085,300,2021-07-27 17:50:00,INNV
16.13,16.13,16.095,16.095,300,2021-07-27 17:55:00,INNV
16.13,16.13,16.07,16.1,500,2021-07-27 18:00:00,INNV
16.07,16.12,16.07,16.095,900,2021-07-27 18:15:00,INNV
16.11,16.135,16.11,16.12,1100,2021-07-27 18:20:00,INNV
16.14,16.16,16.14,16.155,4260,2021-07-27 18:25:00,INNV
16.155,16.165,16.13,16.15,800,2021-07-27 18:30:00,INNV
16.18,16.22,16.18,16.22,600,2021-07-27 18:35:00,INNV
16.22,16.22,16.22,16.22,100,2021-07-27 18:40:00,INNV
16.2,16.205,16.17,16.195,2000,2021-07-27 18:45:00,INNV
16.2,16.22,16.155,16.17,1800,2021-07-27 18:50:00,INNV
16.19,16.19,16.17,16.19,300,2021-07-27 19:00:00,INNV
16.2,16.23,16.18,16.225,11200,2021-07-27 19:05:00,INNV
16.23,16.25,16.21,16.25,1900,2021-07-27 19:10:00,INNV
16.23,16.24,16.22,16.22,1845,2021-07-27 19:15:00,INNV
16.24,16.315,16.22,16.315,2306,2021-07-27 19:20:00,INNV
16.34,16.35,16.3,16.335,400,2021-07-27 19:25:00,INNV
16.33,16.36,16.3,16.33,1600,2021-07-27 19:30:00,INNV
16.33,16.365,16.3,16.32,2700,2021-07-27 19:35:00,INNV
16.35,16.39,16.34,16.39,2200,2021-07-27 19:40:00,INNV
16.415,16.5,16.415,16.45,6095,2021-07-27 19:45:00,INNV
16.44,16.51,16.44,16.51,6015,2021-07-27 19:50:00,INNV
16.51,16.6,16.485,16.59,19054,2021-07-27 19:55:00,INNV
16.61,16.61,16.61,16.61,6673,2021-07-27 20:00:00,INNV
16.865,16.865,16.29,16.46,1611,2021-07-28 13:30:00,INNV
16.46,16.61,16.46,16.61,2266,2021-07-28 13:35:00,INNV
16.72,16.93,16.7,16.925,2760,2021-07-28 13:40:00,INNV
16.89,16.92,16.76,16.875,2459,2021-07-28 13:45:00,INNV
16.875,16.98,16.85,16.905,1042,2021-07-28 13:50:00,INNV
16.94,16.94,16.94,16.94,100,2021-07-28 13:55:00,INNV
16.83,17.09,16.83,17.02,2508,2021-07-28 14:00:00,INNV
17.11,17.1394,17.1,17.1,840,2021-07-28 14:05:00,INNV
17.1,17.1313,17.1,17.1313,400,2021-07-28 14:10:00,INNV
17.09,17.17,17.08,17.11,1650,2021-07-28 14:15:00,INNV
17.15,17.21,17.15,17.165,46183,2021-07-28 14:25:00,INNV
17.12,17.165,17.12,17.165,200,2021-07-28 14:30:00,INNV
17.12,17.13,17.09,17.09,900,2021-07-28 14:35:00,INNV
17.04,17.065,16.89,16.935,7319,2021-07-28 14:45:00,INNV
16.935,16.94,16.935,16.935,460,2021-07-28 14:50:00,INNV
16.98,16.99,16.935,16.935,300,2021-07-28 15:00:00,INNV
16.99,17.03,16.93,16.93,4910,2021-07-28 15:05:00,INNV
16.9879,17.18,16.9879,17.18,2720,2021-07-28 15:10:00,INNV
17.09,17.1594,17.09,17.1594,288,2021-07-28 15:20:00,INNV
17.09,17.09,17.09,17.09,100,2021-07-28 15:30:00,INNV
17.14,17.14,16.98,16.98,1100,2021-07-28 15:40:00,INNV
16.98,17.01,16.98,17.01,300,2021-07-28 15:45:00,INNV
17.06,17.06,17.06,17.06,100,2021-07-28 16:00:00,INNV
17.035,17.035,17.035,17.035,100,2021-07-28 16:05:00,INNV
17.0,17.08,16.97,17.07,138201,2021-07-28 16:10:00,INNV
17.06,17.105,16.93,17.03,68928,2021-07-28 16:15:00,INNV
16.93,16.93,16.93,16.93,100,2021-07-28 16:20:00,INNV
17.0,17.015,16.93,16.93,1300,2021-07-28 16:25:00,INNV
17.0,17.0,16.93,16.93,200,2021-07-28 16:30:00,INNV
16.95,16.95,16.95,16.95,100,2021-07-28 16:35:00,INNV
17.07,17.09,16.91,16.91,7906,2021-07-28 17:05:00,INNV
16.99,17.01,16.95,17.01,400,2021-07-28 17:10:00,INNV
16.98,17.0,16.92,16.95,1339,2021-07-28 17:25:00,INNV
16.945,16.98,16.945,16.96,5856,2021-07-28 17:35:00,INNV
16.98,16.98,16.95,16.95,1200,2021-07-28 17:40:00,INNV
16.97,16.97,16.94,16.945,431,2021-07-28 17:45:00,INNV
16.95,16.97,16.935,16.935,500,2021-07-28 17:50:00,INNV
16.94,16.97,16.94,16.97,200,2021-07-28 17:55:00,INNV
16.93,16.93,16.93,16.93,200,2021-07-28 18:00:00,INNV
16.935,16.97,16.93,16.97,18667,2021-07-28 18:10:00,INNV
16.94,16.97,16.85,16.89,33800,2021-07-28 18:20:00,INNV
16.89,16.95,16.89,16.92,7000,2021-07-28 18:25:00,INNV
16.93,16.94,16.93,16.94,927,2021-07-28 18:30:00,INNV
16.93,16.93,16.895,16.895,200,2021-07-28 18:35:00,INNV
16.94,17.025,16.94,17.025,400,2021-07-28 18:40:00,INNV
17.1,17.1,17.07,17.07,2500,2021-07-28 18:50:00,INNV
17.05,17.07,17.05,17.07,900,2021-07-28 19:00:00,INNV
17.04,17.04,17.03,17.035,600,2021-07-28 19:05:00,INNV
17.03,17.04,17.015,17.04,500,2021-07-28 19:10:00,INNV
17.0862,17.0862,17.03,17.04,2400,2021-07-28 19:15:00,INNV
17.025,17.05,17.0,17.05,1900,2021-07-28 19:20:00,INNV
17.08,17.08,17.07,17.07,200,2021-07-28 19:30:00,INNV
17.01,17.05,17.01,17.025,800,2021-07-28 19:35:00,INNV
17.04,17.08,17.0,17.0,9144,2021-07-28 19:40:00,INNV
16.99,17.0,16.9,16.935,66590,2021-07-28 19:45:00,INNV
16.91,16.99,16.91,16.915,2260,2021-07-28 19:50:00,INNV
16.92,16.98,16.88,16.9,11153,2021-07-28 19:55:00,INNV
16.94,16.94,16.94,16.94,11597,2021-07-28 20:00:00,INNV
17.0,17.0,17.0,17.0,340,2021-07-29 13:30:00,INNV
16.9688,16.9688,16.9688,16.9688,100,2021-07-29 13:40:00,INNV
17.0,17.0,17.0,17.0,2181,2021-07-29 13:50:00,INNV
17.02,17.02,17.02,17.02,100,2021-07-29 14:00:00,INNV
17.02,17.02,16.96,16.96,654,2021-07-29 14:15:00,INNV
16.965,16.965,16.86,16.89,1000,2021-07-29 14:35:00,INNV
16.82,16.89,16.82,16.89,200,2021-07-29 14:45:00,INNV
16.9,16.92,16.8,16.83,1400,2021-07-29 14:55:00,INNV
16.83,16.83,16.83,16.83,100,2021-07-29 15:00:00,INNV
16.84,16.84,16.77,16.81,300,2021-07-29 15:05:00,INNV
16.77,16.77,16.77,16.77,100,2021-07-29 15:10:00,INNV
16.72,16.72,16.71,16.71,300,2021-07-29 15:15:00,INNV
16.795,16.89,16.795,16.89,3289,2021-07-29 15:25:00,INNV
16.81,16.845,16.81,16.845,200,2021-07-29 15:40:00,INNV
16.845,16.845,16.845,16.845,100,2021-07-29 15:45:00,INNV
16.89,16.9,16.875,16.9,900,2021-07-29 16:15:00,INNV
16.9,17.01,16.86,16.95,6191,2021-07-29 16:30:00,INNV
16.97,16.97,16.97,16.97,500,2021-07-29 16:35:00,INNV
17.01,17.01,16.95,16.95,1000,2021-07-29 16:40:00,INNV
17.08,17.085,16.95,16.95,500,2021-07-29 16:50:00,INNV
17.04,17.04,17.04,17.04,100,2021-07-29 16:55:00,INNV
17.0,17.1,16.94,16.95,3915,2021-07-29 17:00:00,INNV
16.95,17.0,16.95,17.0,29686,2021-07-29 17:05:00,INNV
16.97,16.97,16.97,16.97,200,2021-07-29 17:10:00,INNV
16.97,17.0,16.97,17.0,1307,2021-07-29 17:15:00,INNV
16.97,17.0,16.97,16.97,1247,2021-07-29 17:20:00,INNV
17.0,17.07,16.9751,17.07,9729,2021-07-29 17:25:00,INNV
17.09,17.1,17.03,17.03,812,2021-07-29 17:30:00,INNV
17.125,17.125,17.125,17.125,100,2021-07-29 17:50:00,INNV
17.085,17.13,17.085,17.13,200,2021-07-29 17:55:00,INNV
17.085,17.085,17.085,17.085,200,2021-07-29 18:00:00,INNV
17.085,17.09,17.085,17.09,200,2021-07-29 18:05:00,INNV
17.085,17.085,17.085,17.085,200,2021-07-29 18:10:00,INNV
17.07,17.07,17.04,17.06,300,2021-07-29 18:15:00,INNV
17.085,17.085,17.03,17.035,700,2021-07-29 18:20:00,INNV
17.01,17.01,17.0,17.0,600,2021-07-29 18:30:00,INNV
17.035,17.035,17.0,17.0,500,2021-07-29 18:35:00,INNV
17.035,17.035,17.0,17.0,383,2021-07-29 18:40:00,INNV
17.01,17.02,17.0,17.0,5506,2021-07-29 18:55:00,INNV
17.01,17.01,17.0,17.0,4100,2021-07-29 19:00:00,INNV
17.015,17.03,17.015,17.03,200,2021-07-29 19:05:00,INNV
17.216,17.216,17.09,17.09,300,2021-07-29 19:15:00,INNV
17.12,17.19,17.1,17.1,2333,2021-07-29 19:20:00,INNV
17.09,17.1,17.065,17.07,900,2021-07-29 19:25:00,INNV
17.04,17.0904,17.04,17.06,750,2021-07-29 19:30:00,INNV
17.06,17.06,17.04,17.04,1507,2021-07-29 19:35:00,INNV
17.09,17.14,17.06,17.1,500,2021-07-29 19:40:00,INNV
17.1,17.1,17.02,17.06,1400,2021-07-29 19:45:00,INNV
17.06,17.08,17.03,17.07,1715,2021-07-29 19:50:00,INNV
17.09,17.09,17.03,17.08,1646,2021-07-29 19:55:00,INNV
17.03,17.03,17.03,17.03,8291,2021-07-29 20:00:00,INNV
17.02,17.02,17.02,17.02,243,2021-07-30 13:30:00,INNV
16.98,16.98,16.98,16.98,100,2021-07-30 13:40:00,INNV
16.58,17.0,16.56,16.905,700,2021-07-30 13:45:00,INNV
17.025,17.025,16.81,16.81,700,2021-07-30 13:50:00,INNV
17.03,17.03,16.95,16.95,400,2021-07-30 13:55:00,INNV
16.94,17.045,16.94,17.0,1165,2021-07-30 14:00:00,INNV
17.02,17.03,17.02,17.03,372,2021-07-30 14:05:00,INNV
16.99,17.0,16.86,16.91,1827,2021-07-30 14:20:00,INNV
16.93,16.96,16.93,16.94,400,2021-07-30 14:25:00,INNV
16.91,16.91,16.91,16.91,100,2021-07-30 14:30:00,INNV
16.97,16.97,16.97,16.97,400,2021-07-30 14:35:00,INNV
16.98,16.98,16.98,16.98,500,2021-07-30 14:40:00,INNV
16.955,16.955,16.955,16.955,122,2021-07-30 14:45:00,INNV
16.9999,17.0,16.91,16.91,4300,2021-07-30 14:50:00,INNV
16.955,16.955,16.91,16.9466,695,2021-07-30 14:55:00,INNV
16.91,16.95,16.91,16.95,200,2021-07-30 15:00:00,INNV
16.97,16.97,16.91,16.955,1040,2021-07-30 15:10:00,INNV
16.955,16.955,16.93,16.93,300,2021-07-30 15:15:00,INNV
16.93,16.955,16.91,16.935,1400,2021-07-30 15:20:00,INNV
16.935,16.935,16.91,16.92,1000,2021-07-30 15:25:00,INNV
16.91,16.93,16.91,16.93,200,2021-07-30 15:30:00,INNV
16.935,16.94,16.89,16.91,1500,2021-07-30 15:35:00,INNV
16.91,16.915,16.89,16.89,300,2021-07-30 15:40:00,INNV
16.89,16.89,16.89,16.89,200,2021-07-30 15:45:00,INNV
16.915,16.915,16.915,16.915,100,2021-07-30 15:50:00,INNV
16.9,16.9,16.9,16.9,100,2021-07-30 15:55:00,INNV
16.9,16.94,16.9,16.94,941,2021-07-30 16:05:00,INNV
16.89,16.91,16.89,16.91,200,2021-07-30 16:10:00,INNV
16.89,16.89,16.89,16.89,100,2021-07-30 16:15:00,INNV
16.9,16.9,16.9,16.9,200,2021-07-30 16:20:00,INNV
16.9,16.9,16.9,16.9,400,2021-07-30 16:30:00,INNV
16.9,16.9,16.9,16.9,200,2021-07-30 16:35:00,INNV
16.9,16.94,16.9,16.93,1200,2021-07-30 16:40:00,INNV
16.94,16.94,16.94,16.94,200,2021-07-30 16:45:00,INNV
16.945,16.945,16.91,16.945,400,2021-07-30 16:50:00,INNV
16.9,16.93,16.9,16.93,200,2021-07-30 16:55:00,INNV
16.9,16.93,16.895,16.895,800,2021-07-30 17:00:00,INNV
16.895,16.895,16.895,16.895,100,2021-07-30 17:10:00,INNV
16.895,16.9,16.895,16.895,839,2021-07-30 17:15:00,INNV
16.885,16.92,16.885,16.9,1700,2021-07-30 17:20:00,INNV
16.8753,16.91,16.8753,16.91,996,2021-07-30 17:25:00,INNV
16.9,16.915,16.9,16.9,500,2021-07-30 17:30:00,INNV
16.9,16.915,16.9,16.915,200,2021-07-30 17:35:00,INNV
16.915,16.96,16.91,16.91,700,2021-07-30 17:40:00,INNV
16.935,16.935,16.895,16.895,600,2021-07-30 17:55:00,INNV
16.91,16.91,16.89,16.9,415,2021-07-30 18:00:00,INNV
16.9,16.915,16.89,16.915,1047,2021-07-30 18:05:00,INNV
16.93,16.935,16.91,16.91,495,2021-07-30 18:20:00,INNV
16.925,16.925,16.92,16.92,200,2021-07-30 18:25:00,INNV
16.9,16.9,16.9,16.9,200,2021-07-30 18:30:00,INNV
16.925,16.925,16.895,16.925,749,2021-07-30 18:35:00,INNV
16.895,16.9,16.895,16.9,300,2021-07-30 18:40:00,INNV
16.9,16.925,16.89,16.925,1050,2021-07-30 18:45:00,INNV
16.895,16.925,16.89,16.9,800,2021-07-30 18:50:00,INNV
16.895,16.92,16.895,16.9,300,2021-07-30 18:55:00,INNV
16.895,16.92,16.895,16.92,400,2021-07-30 19:00:00,INNV
16.9,16.92,16.895,16.9,1552,2021-07-30 19:05:00,INNV
16.905,16.905,16.9,16.9,400,2021-07-30 19:10:00,INNV
16.89,16.93,16.88,16.92,1400,2021-07-30 19:15:00,INNV
16.9,16.9,16.88,16.88,300,2021-07-30 19:20:00,INNV
16.89,16.91,16.88,16.88,629,2021-07-30 19:25:00,INNV
16.9,16.9,16.88,16.88,1175,2021-07-30 19:30:00,INNV
16.88,16.89,16.88,16.88,700,2021-07-30 19:35:00,INNV
16.89,16.9,16.88,16.89,1200,2021-07-30 19:40:00,INNV
16.89,16.9,16.88,16.88,1083,2021-07-30 19:45:00,INNV
16.88,16.885,16.85,16.85,3406,2021-07-30 19:50:00,INNV
16.85,16.86,16.85,16.85,3895,2021-07-30 19:55:00,INNV
16.86,16.86,16.86,16.86,12772,2021-07-30 20:00:00,INNV
