open,high,low,close,volume,datetime,symbol
61.5,61.5,61.5,61.5,490,2021-07-06 13:30:00,LIVE
61.55,61.55,60.92,61.0,1415,2021-07-06 13:35:00,LIVE
60.5807,60.5807,58.69,58.69,1100,2021-07-06 13:45:00,LIVE
60.7228,60.92,60.7228,60.92,455,2021-07-06 13:55:00,LIVE
60.0,60.0,59.92,59.92,530,2021-07-06 14:05:00,LIVE
58.7031,58.7031,58.7031,58.7031,157,2021-07-06 14:10:00,LIVE
59.0,59.206,59.0,59.206,700,2021-07-06 14:20:00,LIVE
59.81,59.81,59.81,59.81,100,2021-07-06 14:30:00,LIVE
59.795,59.795,59.795,59.795,335,2021-07-06 14:55:00,LIVE
60.9,60.9,60.37,60.37,219,2021-07-06 15:00:00,LIVE
60.03,60.68,60.01,60.01,316,2021-07-06 16:05:00,LIVE
60.8364,60.8364,60.8364,60.8364,150,2021-07-06 16:10:00,LIVE
60.455,60.455,60.455,60.455,304,2021-07-06 16:35:00,LIVE
60.2738,60.2738,60.2738,60.2738,100,2021-07-06 16:45:00,LIVE
60.9,60.9,60.9,60.9,100,2021-07-06 17:15:00,LIVE
60.4885,60.4885,60.4885,60.4885,150,2021-07-06 18:05:00,LIVE
60.64,60.64,60.61,60.61,200,2021-07-06 19:05:00,LIVE
61.25,61.25,61.25,61.25,100,2021-07-06 19:50:00,LIVE
61.25,61.25,60.8,61.25,300,2021-07-06 19:55:00,LIVE
61.27,61.27,61.27,61.27,1213,2021-07-06 20:00:00,LIVE
61.26,61.26,61.26,61.26,100,2021-07-07 13:30:00,LIVE
62.0,62.0,62.0,62.0,300,2021-07-07 13:35:00,LIVE
61.149,61.27,59.2,60.6,3400,2021-07-07 14:10:00,LIVE
61.5502,61.99,60.25,60.25,3499,2021-07-07 14:15:00,LIVE
61.93,61.93,61.93,61.93,127,2021-07-07 14:35:00,LIVE
60.4,60.4,60.4,60.4,100,2021-07-07 14:40:00,LIVE
59.3501,60.115,59.3501,60.115,944,2021-07-07 15:35:00,LIVE
59.76,59.85,59.76,59.85,500,2021-07-07 16:50:00,LIVE
59.18,59.36,58.61,58.61,637,2021-07-07 17:05:00,LIVE
59.03,59.35,58.7,58.7,500,2021-07-07 17:20:00,LIVE
58.7655,58.7655,58.7655,58.7655,109,2021-07-07 17:25:00,LIVE
59.03,59.03,59.03,59.03,202,2021-07-07 17:30:00,LIVE
59.0,59.0,59.0,59.0,250,2021-07-07 18:25:00,LIVE
59.0,59.0,59.0,59.0,100,2021-07-07 18:35:00,LIVE
59.3,59.3,59.3,59.3,100,2021-07-07 18:55:00,LIVE
58.605,58.91,58.605,58.91,200,2021-07-07 19:10:00,LIVE
59.7316,59.7316,57.01,57.01,2604,2021-07-07 19:35:00,LIVE
57.1876,58.0094,56.3874,57.9994,3588,2021-07-07 19:40:00,LIVE
57.8,58.63,57.26,58.63,815,2021-07-07 19:45:00,LIVE
57.91,57.91,57.91,57.91,300,2021-07-07 19:50:00,LIVE
57.79,57.79,56.99,57.0,1485,2021-07-07 19:55:00,LIVE
57.225,57.225,57.225,57.225,142,2021-07-07 20:00:00,LIVE
60.88,60.88,60.88,60.88,100,2021-07-07 23:40:00,LIVE
56.62,56.62,54.95,56.62,1396,2021-07-08 13:30:00,LIVE
55.0,55.715,55.0,55.455,711,2021-07-08 13:35:00,LIVE
55.435,55.87,55.435,55.64,1870,2021-07-08 13:40:00,LIVE
57.99,57.99,55.69,55.69,1375,2021-07-08 13:45:00,LIVE
57.2857,57.2857,57.2857,57.2857,121,2021-07-08 13:55:00,LIVE
56.73,57.43,56.73,57.43,678,2021-07-08 14:35:00,LIVE
56.4924,56.4924,56.4924,56.4924,1000,2021-07-08 14:50:00,LIVE
56.98,56.98,55.4409,56.77,600,2021-07-08 15:05:00,LIVE
56.305,56.71,56.305,56.71,200,2021-07-08 16:00:00,LIVE
56.71,56.71,56.71,56.71,100,2021-07-08 16:05:00,LIVE
56.6654,56.6654,56.6654,56.6654,100,2021-07-08 16:10:00,LIVE
56.2,56.2,56.2,56.2,100,2021-07-08 16:15:00,LIVE
56.27,56.27,56.27,56.27,150,2021-07-08 16:35:00,LIVE
56.72,56.75,56.72,56.75,200,2021-07-08 16:55:00,LIVE
56.5,57.09,56.5,57.09,1000,2021-07-08 17:05:00,LIVE
59.1,59.59,59.1,59.59,600,2021-07-08 17:10:00,LIVE
58.6,58.6,58.15,58.15,500,2021-07-08 17:15:00,LIVE
58.01,58.01,58.01,58.01,200,2021-07-08 17:20:00,LIVE
58.98,59.4,58.5,59.4,1640,2021-07-08 17:25:00,LIVE
59.285,59.43,57.99,58.0994,2304,2021-07-08 17:30:00,LIVE
58.01,58.24,57.105,57.105,3757,2021-07-08 17:35:00,LIVE
57.94,57.99,57.94,57.99,2100,2021-07-08 17:40:00,LIVE
58.0,58.0,58.0,58.0,288,2021-07-08 17:45:00,LIVE
57.2363,57.2363,57.2363,57.2363,300,2021-07-08 17:55:00,LIVE
58.79,58.79,58.79,58.79,400,2021-07-08 18:05:00,LIVE
58.45,58.62,58.4,58.601,1314,2021-07-08 18:35:00,LIVE
58.53,58.53,58.5006,58.5006,200,2021-07-08 18:40:00,LIVE
58.25,58.25,58.21,58.21,300,2021-07-08 18:45:00,LIVE
59.2986,59.2986,58.5,58.5,200,2021-07-08 18:55:00,LIVE
58.2,58.2,57.85,57.85,200,2021-07-08 19:00:00,LIVE
58.4,58.4,58.4,58.4,377,2021-07-08 19:40:00,LIVE
58.07,58.07,58.07,58.07,100,2021-07-08 19:50:00,LIVE
58.95,59.0,58.95,59.0,352,2021-07-08 19:55:00,LIVE
58.82,58.82,58.82,58.82,247,2021-07-08 20:00:00,LIVE
59.0,59.0,59.0,59.0,100,2021-07-09 13:30:00,LIVE
59.2,59.45,59.2,59.45,200,2021-07-09 14:15:00,LIVE
59.52,60.356,59.52,59.8,400,2021-07-09 14:20:00,LIVE
58.3883,58.3883,58.3883,58.3883,316,2021-07-09 14:25:00,LIVE
59.585,59.585,59.585,59.585,166,2021-07-09 14:45:00,LIVE
59.5,59.5,59.5,59.5,340,2021-07-09 15:00:00,LIVE
58.3277,58.3277,58.3277,58.3277,359,2021-07-09 15:05:00,LIVE
59.9,59.9,59.9,59.9,147,2021-07-09 15:10:00,LIVE
59.05,59.2,58.6,59.179,600,2021-07-09 15:15:00,LIVE
59.3065,59.3065,59.2,59.2,200,2021-07-09 15:45:00,LIVE
59.2999,59.5,59.2999,59.5,700,2021-07-09 16:05:00,LIVE
59.99,59.99,59.99,59.99,110,2021-07-09 16:10:00,LIVE
59.42,59.42,59.42,59.42,100,2021-07-09 16:20:00,LIVE
58.674,58.674,58.674,58.674,100,2021-07-09 16:40:00,LIVE
59.3078,59.42,59.3078,59.42,200,2021-07-09 16:50:00,LIVE
59.9063,59.9063,59.9063,59.9063,222,2021-07-09 17:05:00,LIVE
59.55,59.55,59.55,59.55,210,2021-07-09 17:10:00,LIVE
59.4898,59.4898,59.14,59.14,200,2021-07-09 17:40:00,LIVE
59.8229,59.8229,59.8229,59.8229,101,2021-07-09 17:45:00,LIVE
59.05,59.05,59.05,59.05,200,2021-07-09 18:55:00,LIVE
59.04,59.74,59.0006,59.74,706,2021-07-09 19:30:00,LIVE
59.7652,59.7652,59.7652,59.7652,200,2021-07-09 19:35:00,LIVE
59.01,59.01,58.81,58.89,546,2021-07-09 19:50:00,LIVE
59.23,59.23,59.17,59.17,350,2021-07-09 19:55:00,LIVE
59.17,59.17,59.17,59.17,226,2021-07-12 13:30:00,LIVE
59.2,59.2,59.2,59.2,121,2021-07-12 13:35:00,LIVE
58.65,59.24,58.65,59.24,200,2021-07-12 13:40:00,LIVE
59.8656,59.8656,59.8656,59.8656,405,2021-07-12 13:55:00,LIVE
58.43,59.06,58.43,59.06,1500,2021-07-12 14:20:00,LIVE
59.08,60.0,59.0506,60.0,2066,2021-07-12 14:25:00,LIVE
59.63,59.63,59.51,59.51,300,2021-07-12 14:50:00,LIVE
60.0,60.8,60.0,60.8,1180,2021-07-12 15:35:00,LIVE
60.82,61.26,60.82,61.26,600,2021-07-12 15:45:00,LIVE
61.2125,61.2125,61.21,61.21,238,2021-07-12 15:55:00,LIVE
61.4999,61.4999,61.4999,61.4999,500,2021-07-12 16:00:00,LIVE
61.227,61.227,61.227,61.227,158,2021-07-12 16:05:00,LIVE
60.32,60.76,60.27,60.6506,1950,2021-07-12 16:15:00,LIVE
60.0,60.53,59.82,60.5,800,2021-07-12 16:20:00,LIVE
60.0,60.0,60.0,60.0,100,2021-07-12 16:25:00,LIVE
60.6536,61.5,60.11,61.4443,1502,2021-07-12 16:30:00,LIVE
61.26,61.26,60.1409,60.4614,1300,2021-07-12 16:35:00,LIVE
58.0101,58.0101,58.0101,58.0101,300,2021-07-12 16:40:00,LIVE
60.0,60.75,60.0,60.6506,400,2021-07-12 16:45:00,LIVE
60.475,60.475,60.475,60.475,200,2021-07-12 18:00:00,LIVE
60.18,60.18,60.18,60.18,100,2021-07-12 18:40:00,LIVE
60.14,60.16,60.12,60.14,600,2021-07-12 19:10:00,LIVE
60.17,60.17,60.17,60.17,100,2021-07-12 19:15:00,LIVE
60.1,60.16,60.0,60.0,400,2021-07-12 19:20:00,LIVE
60.07,60.07,60.07,60.07,100,2021-07-12 19:35:00,LIVE
60.43,60.43,60.43,60.43,100,2021-07-12 19:55:00,LIVE
60.58,60.58,60.58,60.58,213,2021-07-13 13:30:00,LIVE
62.0,62.0,62.0,62.0,100,2021-07-13 14:15:00,LIVE
60.3699,61.58,60.1176,60.3371,1800,2021-07-13 14:30:00,LIVE
60.7454,63.0,60.205,61.89,6028,2021-07-13 14:35:00,LIVE
61.99,62.9544,61.78,62.9544,1070,2021-07-13 15:00:00,LIVE
62.2,62.2,62.2,62.2,1000,2021-07-13 15:05:00,LIVE
62.0,62.0,62.0,62.0,100,2021-07-13 15:10:00,LIVE
63.0,63.0,62.1006,62.1006,1200,2021-07-13 15:15:00,LIVE
61.72,61.7494,61.72,61.7494,400,2021-07-13 15:25:00,LIVE
61.7494,61.99,61.72,61.99,300,2021-07-13 15:30:00,LIVE
62.02,62.02,62.0,62.0,400,2021-07-13 15:35:00,LIVE
62.1,62.1,62.1,62.1,100,2021-07-13 15:50:00,LIVE
62.05,62.05,62.05,62.05,124,2021-07-13 16:05:00,LIVE
62.09,62.09,62.09,62.09,100,2021-07-13 16:10:00,LIVE
61.9,63.1599,61.9,62.31,1344,2021-07-13 17:00:00,LIVE
62.29,62.29,62.2606,62.2606,200,2021-07-13 17:15:00,LIVE
62.6546,62.6546,62.6546,62.6546,300,2021-07-13 17:35:00,LIVE
62.0,62.0,62.0,62.0,119,2021-07-13 18:00:00,LIVE
62.7442,62.7442,62.7442,62.7442,500,2021-07-13 18:05:00,LIVE
62.939,62.939,62.939,62.939,100,2021-07-13 18:10:00,LIVE
62.758,62.758,62.758,62.758,196,2021-07-13 18:20:00,LIVE
62.8387,62.8387,62.8387,62.8387,117,2021-07-13 18:30:00,LIVE
61.989,62.7286,61.593,62.7286,408,2021-07-13 18:35:00,LIVE
62.47,62.54,62.47,62.54,300,2021-07-13 19:00:00,LIVE
62.42,62.99,62.42,62.77,1175,2021-07-13 19:15:00,LIVE
62.42,62.42,62.42,62.42,100,2021-07-13 19:20:00,LIVE
62.5007,62.5007,62.5007,62.5007,288,2021-07-13 19:30:00,LIVE
62.7587,62.81,62.7587,62.81,235,2021-07-13 19:35:00,LIVE
62.99,63.0,62.8374,62.96,938,2021-07-13 19:55:00,LIVE
63.49,63.49,63.49,63.49,277,2021-07-13 20:00:00,LIVE
63.49,63.49,63.49,63.49,224,2021-07-14 13:30:00,LIVE
63.8466,63.8466,63.81,63.81,200,2021-07-14 13:40:00,LIVE
63.705,63.8,63.705,63.8,600,2021-07-14 13:50:00,LIVE
63.95,63.95,63.95,63.95,100,2021-07-14 13:55:00,LIVE
64.15,64.15,64.15,64.15,100,2021-07-14 14:00:00,LIVE
64.03,64.57,63.4542,64.57,2301,2021-07-14 14:15:00,LIVE
64.64,65.939,63.99,65.2,2040,2021-07-14 14:20:00,LIVE
65.31,65.32,65.31,65.32,364,2021-07-14 15:00:00,LIVE
64.265,65.11,64.265,65.11,400,2021-07-14 15:05:00,LIVE
65.3346,65.3346,65.3346,65.3346,100,2021-07-14 15:10:00,LIVE
64.844,64.844,64.0,64.0,493,2021-07-14 15:25:00,LIVE
62.83,63.74,62.83,63.74,1017,2021-07-14 15:40:00,LIVE
63.74,63.74,63.74,63.74,500,2021-07-14 15:45:00,LIVE
65.0,65.0,65.0,65.0,150,2021-07-14 16:00:00,LIVE
62.5,62.5,62.5,62.5,200,2021-07-14 17:10:00,LIVE
63.3,63.51,63.3,63.51,200,2021-07-14 19:25:00,LIVE
63.0,63.0,63.0,63.0,100,2021-07-14 19:30:00,LIVE
63.0,63.0,63.0,63.0,100,2021-07-14 19:35:00,LIVE
63.51,64.23,62.8901,62.8901,1571,2021-07-14 19:40:00,LIVE
63.07,63.07,62.935,62.9543,420,2021-07-14 19:50:00,LIVE
63.53,63.83,63.41,63.52,1505,2021-07-14 19:55:00,LIVE
64.15,64.15,64.15,64.15,181,2021-07-15 13:30:00,LIVE
63.0,63.0,63.0,63.0,300,2021-07-15 13:35:00,LIVE
62.38,63.38,61.919,62.35,8679,2021-07-15 13:40:00,LIVE
62.35,62.9413,61.89,62.9413,600,2021-07-15 13:45:00,LIVE
60.6201,61.929,60.6201,61.66,520,2021-07-15 14:00:00,LIVE
61.555,61.555,59.87,59.87,870,2021-07-15 14:05:00,LIVE
59.8,60.5,59.74,60.5,750,2021-07-15 14:10:00,LIVE
59.97,60.0,57.657,60.0,1750,2021-07-15 14:25:00,LIVE
60.3,60.3,57.91,57.91,200,2021-07-15 14:30:00,LIVE
59.936,59.936,59.936,59.936,100,2021-07-15 14:40:00,LIVE
60.24,60.24,60.24,60.24,100,2021-07-15 14:50:00,LIVE
59.695,59.695,58.89,58.89,216,2021-07-15 14:55:00,LIVE
59.92,60.0,59.92,60.0,300,2021-07-15 15:00:00,LIVE
60.67,60.7,60.67,60.7,670,2021-07-15 15:10:00,LIVE
59.7572,59.7572,59.7572,59.7572,400,2021-07-15 15:45:00,LIVE
60.1,60.34,60.1,60.34,300,2021-07-15 16:00:00,LIVE
60.2986,60.2986,60.2986,60.2986,100,2021-07-15 16:05:00,LIVE
60.39,60.8,60.39,60.8,450,2021-07-15 16:20:00,LIVE
60.7998,60.8,60.7998,60.8,300,2021-07-15 16:30:00,LIVE
60.98,61.5,60.98,61.5,2300,2021-07-15 16:35:00,LIVE
63.12,63.44,63.0,63.44,600,2021-07-15 16:40:00,LIVE
62.3,62.3,62.3,62.3,200,2021-07-15 17:20:00,LIVE
61.5,61.5,61.5,61.5,200,2021-07-15 18:45:00,LIVE
61.41,61.5,61.05,61.05,931,2021-07-15 19:05:00,LIVE
62.39,62.39,62.39,62.39,300,2021-07-15 19:20:00,LIVE
61.62,61.62,61.51,61.51,400,2021-07-15 19:35:00,LIVE
60.92,60.92,60.72,60.72,500,2021-07-15 19:50:00,LIVE
61.0041,61.0041,61.0041,61.0041,100,2021-07-15 19:55:00,LIVE
61.49,61.49,61.49,61.49,331,2021-07-15 20:00:00,LIVE
61.49,61.49,60.745,60.745,218,2021-07-16 13:30:00,LIVE
61.0256,61.0256,61.0256,61.0256,100,2021-07-16 13:45:00,LIVE
60.85,60.85,60.85,60.85,185,2021-07-16 14:10:00,LIVE
59.84,60.5,59.84,60.4,800,2021-07-16 14:30:00,LIVE
60.92,60.92,60.92,60.92,300,2021-07-16 16:05:00,LIVE
61.1268,61.1268,61.1268,61.1268,195,2021-07-16 16:50:00,LIVE
60.46,60.46,60.35,60.35,400,2021-07-16 17:00:00,LIVE
60.33,60.528,60.33,60.528,200,2021-07-16 18:05:00,LIVE
60.15,60.15,60.1,60.1,200,2021-07-16 18:10:00,LIVE
59.65,61.36,59.65,61.36,300,2021-07-16 18:25:00,LIVE
59.73,59.73,59.73,59.73,100,2021-07-16 18:55:00,LIVE
60.6086,60.6086,60.6086,60.6086,250,2021-07-16 19:00:00,LIVE
60.0,60.0,58.01,58.19,2158,2021-07-16 19:50:00,LIVE
58.52,59.56,58.0,58.0,1500,2021-07-16 19:55:00,LIVE
58.05,58.05,58.05,58.05,212,2021-07-16 20:00:00,LIVE
61.36,61.36,61.36,61.36,186,2021-07-16 21:20:00,LIVE
57.32,57.32,55.0,57.0,940,2021-07-19 13:30:00,LIVE
55.0001,55.47,55.0001,55.44,314,2021-07-19 13:50:00,LIVE
55.75,55.75,53.75,54.99,1466,2021-07-19 13:55:00,LIVE
54.46,54.51,54.0,54.0,709,2021-07-19 14:00:00,LIVE
54.66,55.29,54.66,55.0094,1950,2021-07-19 14:05:00,LIVE
56.61,56.61,56.1966,56.4765,400,2021-07-19 14:10:00,LIVE
54.11,54.11,53.61,54.0,1960,2021-07-19 14:15:00,LIVE
55.99,55.99,55.99,55.99,100,2021-07-19 14:20:00,LIVE
55.99,55.99,55.99,55.99,100,2021-07-19 14:35:00,LIVE
55.0001,55.0001,55.0001,55.0001,200,2021-07-19 14:40:00,LIVE
55.4001,55.43,54.79,55.1,900,2021-07-19 14:50:00,LIVE
55.33,55.33,55.0,55.0,359,2021-07-19 14:55:00,LIVE
54.31,54.56,54.31,54.56,399,2021-07-19 15:00:00,LIVE
55.185,55.185,55.185,55.185,100,2021-07-19 15:05:00,LIVE
55.26,55.26,55.26,55.26,200,2021-07-19 15:10:00,LIVE
55.18,55.18,55.18,55.18,100,2021-07-19 15:20:00,LIVE
54.56,54.56,54.56,54.56,100,2021-07-19 15:25:00,LIVE
54.62,54.62,54.51,54.51,200,2021-07-19 15:30:00,LIVE
54.0441,54.1,54.0441,54.1,261,2021-07-19 15:35:00,LIVE
56.6309,56.6309,56.6309,56.6309,200,2021-07-19 15:45:00,LIVE
55.87,55.87,55.87,55.87,100,2021-07-19 17:05:00,LIVE
55.5,55.77,55.5,55.77,282,2021-07-19 18:05:00,LIVE
55.77,55.77,55.77,55.77,106,2021-07-19 18:20:00,LIVE
55.97,55.97,55.96,55.96,200,2021-07-19 18:40:00,LIVE
55.35,55.605,54.98,54.99,1700,2021-07-19 18:45:00,LIVE
55.18,55.18,55.18,55.18,100,2021-07-19 18:55:00,LIVE
55.09,55.09,55.09,55.09,100,2021-07-19 19:20:00,LIVE
56.18,56.18,55.53,55.53,624,2021-07-19 19:35:00,LIVE
54.9951,56.1,54.9951,56.1,211,2021-07-19 19:40:00,LIVE
54.89,55.14,54.56,54.56,1598,2021-07-19 19:55:00,LIVE
55.44,55.44,55.44,55.44,176,2021-07-19 20:00:00,LIVE
55.21,55.21,55.21,55.21,139,2021-07-20 13:30:00,LIVE
54.3,54.3,53.35,54.045,902,2021-07-20 13:40:00,LIVE
54.8652,54.8652,54.8652,54.8652,400,2021-07-20 14:05:00,LIVE
54.3,54.3,53.855,53.855,200,2021-07-20 14:15:00,LIVE
54.0509,54.0509,54.0509,54.0509,100,2021-07-20 14:20:00,LIVE
54.0,54.0,54.0,54.0,100,2021-07-20 14:25:00,LIVE
54.255,54.9,54.255,54.5,600,2021-07-20 14:35:00,LIVE
54.5,54.5,54.19,54.41,500,2021-07-20 14:40:00,LIVE
53.8074,53.8074,53.8074,53.8074,259,2021-07-20 15:05:00,LIVE
54.31,54.31,54.31,54.31,100,2021-07-20 15:15:00,LIVE
54.0981,54.91,54.0981,54.91,499,2021-07-20 15:20:00,LIVE
54.41,54.41,54.41,54.41,114,2021-07-20 15:35:00,LIVE
54.22,54.22,54.0,54.0,721,2021-07-20 15:40:00,LIVE
54.41,54.91,54.41,54.91,263,2021-07-20 16:10:00,LIVE
53.95,54.14,53.95,54.14,400,2021-07-20 16:20:00,LIVE
54.545,54.545,54.545,54.545,200,2021-07-20 16:30:00,LIVE
54.21,54.2101,54.2,54.21,770,2021-07-20 16:35:00,LIVE
54.71,54.71,54.71,54.71,100,2021-07-20 17:40:00,LIVE
54.7,54.7,54.7,54.7,150,2021-07-20 18:05:00,LIVE
54.2,54.35,53.5,53.5,2321,2021-07-20 19:30:00,LIVE
53.0,53.0,52.88,52.94,500,2021-07-20 19:35:00,LIVE
53.39,53.39,53.39,53.39,500,2021-07-20 19:40:00,LIVE
53.38,53.4,53.37,53.38,400,2021-07-20 19:45:00,LIVE
53.41,53.46,53.192,53.27,1180,2021-07-20 19:50:00,LIVE
53.5,53.7,53.5,53.7,311,2021-07-20 19:55:00,LIVE
53.21,53.49,53.21,53.49,994,2021-07-20 20:00:00,LIVE
53.41,53.41,53.41,53.41,2029,2021-07-21 13:30:00,LIVE
54.13,54.13,54.13,54.13,100,2021-07-21 13:35:00,LIVE
54.6,54.874,54.6,54.874,400,2021-07-21 13:40:00,LIVE
55.0,55.16,54.75,55.16,300,2021-07-21 13:50:00,LIVE
54.4249,54.4249,54.4249,54.4249,1806,2021-07-21 13:55:00,LIVE
55.39,55.7,55.0,55.19,2100,2021-07-21 14:05:00,LIVE
55.6999,55.6999,55.6999,55.6999,350,2021-07-21 14:50:00,LIVE
55.4602,55.4602,55.4602,55.4602,145,2021-07-21 15:00:00,LIVE
55.55,55.7,55.5036,55.5036,343,2021-07-21 15:10:00,LIVE
55.64,55.64,55.64,55.64,100,2021-07-21 15:45:00,LIVE
55.005,55.005,55.005,55.005,250,2021-07-21 15:50:00,LIVE
55.33,55.5,55.33,55.5,300,2021-07-21 16:15:00,LIVE
55.0,55.0,54.84,54.93,1100,2021-07-21 16:55:00,LIVE
55.0,55.0,55.0,55.0,209,2021-07-21 17:00:00,LIVE
54.5101,54.5101,54.5101,54.5101,100,2021-07-21 17:40:00,LIVE
54.95,55.0,54.95,55.0,4078,2021-07-21 17:50:00,LIVE
55.01,55.01,55.01,55.01,120,2021-07-21 18:30:00,LIVE
55.4999,55.4999,55.4999,55.4999,170,2021-07-21 18:35:00,LIVE
55.46,55.46,55.46,55.46,200,2021-07-21 19:30:00,LIVE
55.45,55.45,54.86,54.86,600,2021-07-21 19:55:00,LIVE
54.86,54.86,54.86,54.86,463,2021-07-21 20:00:00,LIVE
55.19,55.19,55.19,55.19,500,2021-07-22 13:55:00,LIVE
56.2089,56.2089,56.0,56.0,900,2021-07-22 14:50:00,LIVE
56.8,56.94,56.71,56.71,300,2021-07-22 15:00:00,LIVE
56.7485,56.7485,56.7485,56.7485,100,2021-07-22 15:20:00,LIVE
56.87,56.87,56.87,56.87,100,2021-07-22 15:25:00,LIVE
56.7022,56.7022,56.7022,56.7022,1000,2021-07-22 15:30:00,LIVE
55.98,56.436,55.98,56.436,400,2021-07-22 15:40:00,LIVE
55.93,55.93,55.93,55.93,200,2021-07-22 15:45:00,LIVE
56.3806,56.3806,56.3806,56.3806,400,2021-07-22 15:55:00,LIVE
56.26,56.26,55.76,55.76,1013,2021-07-22 16:30:00,LIVE
55.4101,55.7,55.4,55.69,900,2021-07-22 16:50:00,LIVE
54.88,55.45,54.88,55.45,700,2021-07-22 16:55:00,LIVE
56.2999,56.2999,56.2999,56.2999,2000,2021-07-22 17:20:00,LIVE
55.225,56.2,55.225,56.2,200,2021-07-22 17:25:00,LIVE
55.48,55.5094,55.48,55.5094,200,2021-07-22 18:00:00,LIVE
55.9,55.9,55.9,55.9,100,2021-07-22 18:05:00,LIVE
55.49,55.5194,55.49,55.5194,200,2021-07-22 18:20:00,LIVE
55.99,56.75,55.95,56.6006,3200,2021-07-22 18:30:00,LIVE
57.055,57.055,57.055,57.055,1400,2021-07-22 18:40:00,LIVE
57.2,57.2,57.2,57.2,100,2021-07-22 19:30:00,LIVE
57.4234,57.4234,57.4234,57.4234,300,2021-07-22 19:35:00,LIVE
57.4487,57.4487,57.4487,57.4487,300,2021-07-22 19:40:00,LIVE
57.4,57.4,56.12,56.35,600,2021-07-22 19:55:00,LIVE
57.01,57.01,57.01,57.01,107,2021-07-23 13:30:00,LIVE
56.715,57.5,56.715,56.98,1350,2021-07-23 13:45:00,LIVE
58.715,59.655,58.5,59.655,540,2021-07-23 13:55:00,LIVE
59.9,59.9,59.9,59.9,200,2021-07-23 14:00:00,LIVE
59.26,61.1581,59.05,61.1581,464,2021-07-23 14:20:00,LIVE
60.38,60.38,59.2101,59.24,400,2021-07-23 14:25:00,LIVE
58.81,59.01,58.01,58.01,653,2021-07-23 14:35:00,LIVE
56.4501,56.61,56.4501,56.61,200,2021-07-23 14:40:00,LIVE
56.9745,56.9745,56.9745,56.9745,100,2021-07-23 15:25:00,LIVE
58.86,59.006,58.53,58.8941,1000,2021-07-23 15:55:00,LIVE
59.0299,59.0299,59.0299,59.0299,100,2021-07-23 16:05:00,LIVE
57.5,57.5,57.5,57.5,100,2021-07-23 16:25:00,LIVE
58.01,58.01,58.01,58.01,200,2021-07-23 18:25:00,LIVE
59.12,59.12,58.8,58.9,2100,2021-07-23 18:30:00,LIVE
58.3,58.3,58.3,58.3,200,2021-07-23 18:35:00,LIVE
58.12,58.12,58.0,58.0,250,2021-07-23 18:45:00,LIVE
58.0,58.49,58.0,58.49,1700,2021-07-23 18:50:00,LIVE
58.34,58.34,58.34,58.34,100,2021-07-23 19:10:00,LIVE
58.34,58.34,58.34,58.34,100,2021-07-23 19:15:00,LIVE
57.7222,57.7222,57.7222,57.7222,185,2021-07-23 19:25:00,LIVE
58.88,58.88,58.88,58.88,100,2021-07-23 19:30:00,LIVE
58.7,58.93,58.7,58.93,228,2021-07-23 19:45:00,LIVE
58.95,58.95,58.95,58.95,111,2021-07-23 19:50:00,LIVE
58.7176,58.7176,58.64,58.64,263,2021-07-23 19:55:00,LIVE
59.25,59.25,59.25,59.25,191,2021-07-23 20:00:00,LIVE
59.25,59.25,59.25,59.25,527,2021-07-26 13:30:00,LIVE
60.185,60.185,59.911,59.911,200,2021-07-26 14:10:00,LIVE
60.468,60.468,60.468,60.468,218,2021-07-26 14:25:00,LIVE
60.47,60.47,60.47,60.47,100,2021-07-26 14:35:00,LIVE
59.26,59.26,59.26,59.26,200,2021-07-26 16:25:00,LIVE
59.5192,59.5192,59.5192,59.5192,100,2021-07-26 16:35:00,LIVE
59.51,59.72,59.385,59.4,599,2021-07-26 16:40:00,LIVE
60.8538,60.8538,60.8538,60.8538,150,2021-07-26 16:55:00,LIVE
60.38,60.85,60.38,60.85,1300,2021-07-26 17:35:00,LIVE
61.555,61.555,61.555,61.555,100,2021-07-26 17:40:00,LIVE
62.155,62.3,61.8042,61.8042,803,2021-07-26 17:45:00,LIVE
61.5,61.635,61.5,61.635,1000,2021-07-26 17:55:00,LIVE
61.02,61.02,60.77,60.77,300,2021-07-26 18:15:00,LIVE
60.25,60.25,60.25,60.25,301,2021-07-26 19:05:00,LIVE
59.6,59.6,59.6,59.6,150,2021-07-26 19:20:00,LIVE
60.4961,60.4961,60.4961,60.4961,234,2021-07-26 19:25:00,LIVE
60.1,60.1,60.1,60.1,100,2021-07-26 19:35:00,LIVE
60.2,61.3,60.2,60.62,1584,2021-07-26 19:40:00,LIVE
60.29,60.3,60.29,60.3,200,2021-07-26 19:50:00,LIVE
60.3,61.42,60.3,61.42,370,2021-07-26 19:55:00,LIVE
61.02,61.02,61.02,61.02,183,2021-07-27 13:30:00,LIVE
61.41,61.41,61.41,61.41,100,2021-07-27 13:35:00,LIVE
59.78,61.4,59.78,61.4,208,2021-07-27 13:45:00,LIVE
59.75,61.41,59.324,61.0133,4300,2021-07-27 13:55:00,LIVE
60.95,60.95,60.1,60.1,406,2021-07-27 14:00:00,LIVE
60.3707,60.3707,60.3707,60.3707,100,2021-07-27 14:20:00,LIVE
60.5848,60.5848,60.5848,60.5848,250,2021-07-27 15:35:00,LIVE
60.58,60.58,60.58,60.58,100,2021-07-27 16:15:00,LIVE
59.34,59.34,59.34,59.34,100,2021-07-27 16:40:00,LIVE
59.4501,59.4501,59.4501,59.4501,130,2021-07-27 17:00:00,LIVE
59.65,59.65,59.65,59.65,760,2021-07-27 17:30:00,LIVE
61.275,62.01,61.18,62.01,600,2021-07-27 18:45:00,LIVE
62.01,63.0,61.33,63.0,500,2021-07-27 18:50:00,LIVE
61.51,64.42,61.4806,64.42,3150,2021-07-27 19:20:00,LIVE
63.51,63.6,63.5,63.5,540,2021-07-27 19:30:00,LIVE
63.57,63.57,63.52,63.53,400,2021-07-27 19:35:00,LIVE
63.51,63.51,63.05,63.05,400,2021-07-27 19:40:00,LIVE
63.05,63.05,63.05,63.05,100,2021-07-27 19:45:00,LIVE
63.25,63.4,63.25,63.4,1100,2021-07-27 19:50:00,LIVE
64.23,64.23,63.99,63.99,349,2021-07-27 19:55:00,LIVE
63.9,63.9,63.9,63.9,514,2021-07-28 13:30:00,LIVE
64.01,64.5157,64.01,64.4,1714,2021-07-28 13:40:00,LIVE
64.88,64.88,64.44,64.44,380,2021-07-28 13:45:00,LIVE
64.7,64.7,64.7,64.7,297,2021-07-28 13:50:00,LIVE
64.42,64.42,64.42,64.42,400,2021-07-28 13:55:00,LIVE
64.915,64.915,64.2,64.2,851,2021-07-28 14:00:00,LIVE
63.6,63.63,63.51,63.55,2507,2021-07-28 14:10:00,LIVE
63.51,63.51,63.0,63.0,501,2021-07-28 14:20:00,LIVE
61.66,62.29,61.66,62.29,500,2021-07-28 14:30:00,LIVE
62.18,62.18,62.18,62.18,200,2021-07-28 14:40:00,LIVE
62.5,62.74,62.5,62.74,200,2021-07-28 14:45:00,LIVE
62.5,62.99,62.5,62.99,400,2021-07-28 14:50:00,LIVE
62.99,63.7094,62.99,63.7094,400,2021-07-28 15:45:00,LIVE
63.82,64.01,63.82,64.01,900,2021-07-28 15:55:00,LIVE
64.42,66.48,64.42,65.53,2425,2021-07-28 16:00:00,LIVE
65.34,65.34,65.3106,65.3106,400,2021-07-28 16:05:00,LIVE
63.72,64.51,63.47,64.5,1900,2021-07-28 16:25:00,LIVE
63.37,64.1,63.37,64.1,266,2021-07-28 16:35:00,LIVE
63.875,63.875,63.875,63.875,250,2021-07-28 18:05:00,LIVE
63.74,63.74,63.62,63.62,948,2021-07-28 18:35:00,LIVE
63.8417,64.03,63.8417,64.0006,510,2021-07-28 18:40:00,LIVE
64.06,64.25,63.375,64.0,1940,2021-07-28 18:45:00,LIVE
64.005,64.005,64.005,64.005,313,2021-07-28 18:50:00,LIVE
64.19,64.19,64.19,64.19,100,2021-07-28 19:00:00,LIVE
64.12,64.12,63.76,63.76,500,2021-07-28 19:15:00,LIVE
63.7044,63.7044,63.7044,63.7044,100,2021-07-28 19:20:00,LIVE
62.53,63.0933,62.53,63.0933,300,2021-07-28 19:40:00,LIVE
62.5301,62.5301,62.5301,62.5301,250,2021-07-28 19:50:00,LIVE
62.53,62.58,62.53,62.58,321,2021-07-28 19:55:00,LIVE
62.73,62.73,62.73,62.73,137,2021-07-29 13:30:00,LIVE
64.335,64.335,64.335,64.335,100,2021-07-29 13:50:00,LIVE
65.1,65.1,65.1,65.1,200,2021-07-29 13:55:00,LIVE
65.7999,65.7999,65.6999,65.6999,280,2021-07-29 14:10:00,LIVE
65.39,65.39,65.09,65.09,212,2021-07-29 14:20:00,LIVE
64.8709,64.8709,64.8709,64.8709,300,2021-07-29 15:25:00,LIVE
64.6829,64.6829,64.6829,64.6829,100,2021-07-29 15:30:00,LIVE
63.23,63.23,63.23,63.23,150,2021-07-29 15:45:00,LIVE
63.875,63.875,63.875,63.875,200,2021-07-29 16:00:00,LIVE
64.6569,64.6569,64.6569,64.6569,150,2021-07-29 16:20:00,LIVE
64.5,64.5,64.5,64.5,950,2021-07-29 17:00:00,LIVE
63.9601,63.9601,63.9601,63.9601,250,2021-07-29 18:00:00,LIVE
64.1,64.31,64.0,64.0,445,2021-07-29 18:20:00,LIVE
63.98,63.98,63.98,63.98,271,2021-07-29 18:35:00,LIVE
64.325,64.325,64.325,64.325,200,2021-07-29 19:00:00,LIVE
64.11,64.11,63.9,63.9,300,2021-07-29 19:15:00,LIVE
63.9,63.9,63.9,63.9,627,2021-07-29 19:35:00,LIVE
64.025,64.025,64.025,64.025,100,2021-07-29 19:55:00,LIVE
64.8059,64.8059,64.8059,64.8059,120,2021-07-30 13:30:00,LIVE
63.76,63.76,63.76,63.76,100,2021-07-30 13:45:00,LIVE
63.76,63.76,63.76,63.76,100,2021-07-30 13:50:00,LIVE
63.28,63.28,63.2,63.2,400,2021-07-30 14:05:00,LIVE
62.61,62.61,62.61,62.61,200,2021-07-30 14:10:00,LIVE
62.46,63.27,62.42,63.27,1013,2021-07-30 14:20:00,LIVE
62.6,62.6,62.6,62.6,100,2021-07-30 14:30:00,LIVE
62.245,62.245,62.245,62.245,250,2021-07-30 14:40:00,LIVE
62.79,62.79,62.79,62.79,200,2021-07-30 16:00:00,LIVE
64.5,64.5,64.5,64.5,100,2021-07-30 18:05:00,LIVE
63.02,63.02,63.02,63.02,100,2021-07-30 19:05:00,LIVE
63.7,63.8,63.425,63.8,400,2021-07-30 19:40:00,LIVE
63.8,63.8,63.8,63.8,100,2021-07-30 19:55:00,LIVE
63.7,63.7,63.7,63.7,128,2021-08-02 13:30:00,LIVE
64.38,64.38,64.38,64.38,112,2021-08-02 13:40:00,LIVE
64.15,64.15,64.15,64.15,100,2021-08-02 14:10:00,LIVE
62.69,62.69,62.69,62.69,500,2021-08-02 14:30:00,LIVE
63.16,63.16,63.16,63.16,391,2021-08-02 14:45:00,LIVE
64.3,64.3,64.3,64.3,100,2021-08-02 16:05:00,LIVE
63.47,63.47,63.47,63.47,100,2021-08-02 16:50:00,LIVE
63.5,63.5,63.5,63.5,100,2021-08-02 17:00:00,LIVE
63.905,63.905,63.905,63.905,106,2021-08-02 17:55:00,LIVE
63.9,63.9,63.9,63.9,100,2021-08-02 18:00:00,LIVE
63.865,63.865,63.865,63.865,100,2021-08-02 18:40:00,LIVE
64.0209,64.0209,64.0209,64.0209,170,2021-08-02 19:35:00,LIVE
64.03,64.03,64.03,64.03,142,2021-08-02 19:45:00,LIVE
64.22,64.22,64.22,64.22,131,2021-08-02 20:00:00,LIVE
60.0,60.0,60.0,60.0,141,2021-08-03 14:10:00,LIVE
64.08,64.08,64.08,64.08,100,2021-08-03 14:15:00,LIVE
62.1,62.1,62.1,62.1,100,2021-08-03 14:40:00,LIVE
62.5,62.99,62.5,62.99,700,2021-08-03 14:45:00,LIVE
62.99,63.99,62.99,63.99,439,2021-08-03 14:50:00,LIVE
63.1,63.1,63.1,63.1,300,2021-08-03 14:55:00,LIVE
63.06,64.22,63.06,64.22,904,2021-08-03 15:00:00,LIVE
64.13,64.3,63.01,63.01,947,2021-08-03 15:05:00,LIVE
64.98,64.98,64.98,64.98,100,2021-08-03 15:10:00,LIVE
63.0,63.0,62.95,62.9994,300,2021-08-03 15:15:00,LIVE
62.96,63.1,62.96,63.1,765,2021-08-03 15:25:00,LIVE
63.93,63.93,63.5,63.5,999,2021-08-03 15:30:00,LIVE
63.1,63.1,61.21,61.21,200,2021-08-03 16:00:00,LIVE
63.945,63.945,63.945,63.945,100,2021-08-03 17:10:00,LIVE
62.6154,62.6154,62.6154,62.6154,100,2021-08-03 17:20:00,LIVE
63.07,63.07,63.07,63.07,100,2021-08-03 18:05:00,LIVE
64.25,64.25,64.25,64.25,100,2021-08-03 18:55:00,LIVE
64.9399,64.9399,64.9399,64.9399,100,2021-08-03 19:25:00,LIVE
63.95,63.9999,62.58,62.58,700,2021-08-03 19:55:00,LIVE
59.92,60.0,55.0,55.0,1013,2021-08-03 21:00:00,LIVE
55.0,55.0,55.0,55.0,100,2021-08-03 21:10:00,LIVE
50.0,50.0,50.0,50.0,100,2021-08-03 21:20:00,LIVE
49.9,50.02,49.9,50.02,200,2021-08-03 21:25:00,LIVE
52.27,52.27,52.27,52.27,100,2021-08-03 21:35:00,LIVE
52.67,52.67,52.67,52.67,100,2021-08-03 21:45:00,LIVE
51.04,51.04,50.0,50.0,200,2021-08-03 22:00:00,LIVE
50.22,50.22,50.22,50.22,880,2021-08-03 22:20:00,LIVE
46.05,46.05,44.0,44.0,2648,2021-08-03 23:00:00,LIVE
43.97,45.0,43.97,45.0,200,2021-08-03 23:05:00,LIVE
44.0,44.0,40.0,40.0,1005,2021-08-03 23:10:00,LIVE
42.0,42.0,41.3,41.3,798,2021-08-03 23:20:00,LIVE
40.5,41.0,40.1,41.0,400,2021-08-03 23:25:00,LIVE
41.35,41.35,39.88,39.88,500,2021-08-03 23:30:00,LIVE
40.02,40.02,40.0,40.0,490,2021-08-03 23:35:00,LIVE
38.93,38.93,38.9,38.9,370,2021-08-03 23:40:00,LIVE
39.2,39.2,39.2,39.2,310,2021-08-03 23:50:00,LIVE
39.55,40.88,39.19,39.19,1589,2021-08-03 23:55:00,LIVE
43.7,43.84,43.7,43.84,480,2021-08-04 08:00:00,LIVE
45.67,45.67,45.67,45.67,100,2021-08-04 08:15:00,LIVE
39.12,39.12,39.0,39.0,283,2021-08-04 10:55:00,LIVE
37.87,37.87,35.6,35.6,200,2021-08-04 11:00:00,LIVE
36.0,36.0,36.0,36.0,110,2021-08-04 11:15:00,LIVE
33.51,33.51,33.51,33.51,100,2021-08-04 11:55:00,LIVE
33.5,33.5,33.5,33.5,154,2021-08-04 12:05:00,LIVE
33.0,33.0,28.5,28.5,1848,2021-08-04 12:10:00,LIVE
29.0,30.5,29.0,30.0,2381,2021-08-04 12:15:00,LIVE
30.1,31.94,29.98,31.75,2787,2021-08-04 12:20:00,LIVE
32.01,32.01,31.5,31.5,450,2021-08-04 12:25:00,LIVE
30.2,30.52,29.75,30.5,1468,2021-08-04 12:30:00,LIVE
30.88,31.0,30.88,31.0,487,2021-08-04 12:35:00,LIVE
32.0,32.0,32.0,32.0,200,2021-08-04 12:50:00,LIVE
33.49,33.5,33.49,33.5,400,2021-08-04 12:55:00,LIVE
32.89,33.37,32.89,33.37,1000,2021-08-04 13:05:00,LIVE
33.37,33.37,33.37,33.37,100,2021-08-04 13:10:00,LIVE
33.49,34.0,33.49,33.49,2025,2021-08-04 13:15:00,LIVE
34.44,35.9,34.44,34.5,1696,2021-08-04 13:20:00,LIVE
34.68,39.0,34.68,36.35,1993,2021-08-04 13:25:00,LIVE
38.58,38.94,33.56,33.7221,14534,2021-08-04 13:30:00,LIVE
33.55,34.18,31.0601,34.18,10090,2021-08-04 13:35:00,LIVE
32.57,33.9999,31.9512,33.0,7502,2021-08-04 13:40:00,LIVE
33.0,34.8099,32.91,33.5566,3327,2021-08-04 13:45:00,LIVE
33.56,34.74,33.33,34.38,1124,2021-08-04 13:50:00,LIVE
34.11,34.11,32.05,32.068,4375,2021-08-04 13:55:00,LIVE
32.29,33.0,32.102,33.0,5230,2021-08-04 14:00:00,LIVE
32.84,32.9899,32.2001,32.8513,3950,2021-08-04 14:05:00,LIVE
32.7637,34.4771,32.5798,34.4771,4297,2021-08-04 14:10:00,LIVE
34.55,34.55,33.85,33.85,1750,2021-08-04 14:15:00,LIVE
34.33,34.7706,33.9,34.35,7212,2021-08-04 14:20:00,LIVE
35.0,35.0,33.9,34.4,1467,2021-08-04 14:25:00,LIVE
33.735,34.4,33.735,34.3999,1000,2021-08-04 14:35:00,LIVE
34.2,34.365,33.2201,33.835,1050,2021-08-04 14:40:00,LIVE
34.4,34.4,33.9,33.9579,1438,2021-08-04 14:45:00,LIVE
34.0,34.0,33.98,33.98,400,2021-08-04 14:50:00,LIVE
34.4,35.3599,34.4,35.3599,778,2021-08-04 14:55:00,LIVE
35.255,35.36,35.205,35.205,1620,2021-08-04 15:00:00,LIVE
35.14,35.9468,35.1106,35.75,5000,2021-08-04 15:05:00,LIVE
35.935,37.5,35.86,37.0,4025,2021-08-04 15:10:00,LIVE
37.5,37.5,36.4281,36.4281,743,2021-08-04 15:15:00,LIVE
36.43,36.525,36.0501,36.525,1000,2021-08-04 15:20:00,LIVE
36.06,36.06,34.2271,35.1535,1364,2021-08-04 15:25:00,LIVE
34.16,35.79,33.551,35.17,3192,2021-08-04 15:30:00,LIVE
36.0,36.77,35.9048,35.9048,2250,2021-08-04 15:35:00,LIVE
35.94,35.94,35.5,35.5,300,2021-08-04 15:40:00,LIVE
36.01,36.01,35.6,35.6,210,2021-08-04 16:00:00,LIVE
35.815,35.815,35.0001,35.16,640,2021-08-04 16:05:00,LIVE
35.45,35.8393,35.45,35.8393,248,2021-08-04 16:10:00,LIVE
36.14,36.5,35.312,36.5,2785,2021-08-04 16:15:00,LIVE
36.4331,36.465,36.3921,36.3921,1205,2021-08-04 16:20:00,LIVE
36.4999,36.4999,35.312,35.312,600,2021-08-04 16:25:00,LIVE
35.3001,35.885,35.3001,35.885,301,2021-08-04 16:30:00,LIVE
36.19,36.19,36.19,36.19,100,2021-08-04 16:35:00,LIVE
35.74,35.74,35.74,35.74,100,2021-08-04 16:40:00,LIVE
35.5001,36.18,35.5001,36.18,665,2021-08-04 16:50:00,LIVE
35.5,35.5,35.5,35.5,462,2021-08-04 16:55:00,LIVE
35.84,35.84,35.84,35.84,150,2021-08-04 17:00:00,LIVE
35.704,36.0644,35.5,35.5,402,2021-08-04 17:05:00,LIVE
36.1415,36.1415,35.3006,35.9285,2734,2021-08-04 17:10:00,LIVE
35.98,35.98,35.96,35.96,573,2021-08-04 17:15:00,LIVE
35.3899,35.39,35.3899,35.39,250,2021-08-04 17:25:00,LIVE
35.14,35.418,35.14,35.418,800,2021-08-04 17:45:00,LIVE
35.0,35.0,35.0,35.0,100,2021-08-04 17:50:00,LIVE
35.5,35.5,34.0202,34.0202,4220,2021-08-04 17:55:00,LIVE
34.434,34.6199,34.05,34.13,3608,2021-08-04 18:00:00,LIVE
34.02,34.07,33.0895,33.0895,5576,2021-08-04 18:05:00,LIVE
33.0,33.0601,32.51,32.51,1079,2021-08-04 18:10:00,LIVE
32.21,32.21,32.2,32.2,263,2021-08-04 18:15:00,LIVE
32.44,33.5,32.0789,32.2076,2701,2021-08-04 18:20:00,LIVE
32.3,32.8609,32.3,32.8609,600,2021-08-04 18:25:00,LIVE
32.61,33.185,32.475,33.005,1279,2021-08-04 18:30:00,LIVE
33.2171,33.2171,33.2171,33.2171,100,2021-08-04 18:35:00,LIVE
32.7,32.7,32.65,32.65,500,2021-08-04 18:40:00,LIVE
32.96,33.05,32.94,33.05,943,2021-08-04 18:50:00,LIVE
33.25,34.8753,33.25,34.8753,6380,2021-08-04 18:55:00,LIVE
34.9999,34.9999,34.0006,34.0006,1000,2021-08-04 19:00:00,LIVE
34.1,34.1,33.8913,33.8913,515,2021-08-04 19:05:00,LIVE
33.89,34.01,33.7,34.01,700,2021-08-04 19:10:00,LIVE
34.642,34.642,34.0,34.0,264,2021-08-04 19:20:00,LIVE
35.0,35.0,34.01,34.01,650,2021-08-04 19:25:00,LIVE
34.05,34.05,34.05,34.05,100,2021-08-04 19:30:00,LIVE
33.99,34.5456,33.99,34.2062,1457,2021-08-04 19:40:00,LIVE
33.97,34.26,33.745,33.99,3274,2021-08-04 19:45:00,LIVE
33.7,33.71,33.283,33.61,5850,2021-08-04 19:50:00,LIVE
33.8399,33.8399,33.52,33.52,200,2021-08-04 19:55:00,LIVE
33.5,33.5,33.5,33.5,647,2021-08-04 20:00:00,LIVE
33.0,33.4,32.0001,33.4,3977,2021-08-05 13:30:00,LIVE
33.3103,34.5393,32.52,34.38,2473,2021-08-05 13:35:00,LIVE
33.78,33.78,33.78,33.78,100,2021-08-05 13:40:00,LIVE
34.0101,34.0101,34.0101,34.0101,100,2021-08-05 13:45:00,LIVE
34.69,34.69,34.6,34.6,400,2021-08-05 13:50:00,LIVE
34.9,34.9,34.9,34.9,250,2021-08-05 13:55:00,LIVE
34.75,34.75,34.3,34.74,1271,2021-08-05 14:00:00,LIVE
34.1501,35.02,34.1501,35.02,1550,2021-08-05 14:05:00,LIVE
35.7664,35.7664,35.02,35.02,450,2021-08-05 14:10:00,LIVE
35.05,35.05,34.02,34.61,641,2021-08-05 14:15:00,LIVE
34.815,34.815,34.2,34.2,443,2021-08-05 14:20:00,LIVE
34.21,34.21,33.495,33.6,983,2021-08-05 14:25:00,LIVE
34.76,34.76,33.6,33.6,500,2021-08-05 14:30:00,LIVE
33.5701,33.5701,33.5701,33.5701,100,2021-08-05 14:35:00,LIVE
34.5,34.5,33.6367,33.6367,400,2021-08-05 14:40:00,LIVE
34.05,34.05,33.6101,33.6101,662,2021-08-05 14:50:00,LIVE
34.0,34.25,34.0,34.0459,413,2021-08-05 15:10:00,LIVE
34.0,34.0,32.35,32.35,1116,2021-08-05 15:25:00,LIVE
32.35,32.35,32.35,32.35,150,2021-08-05 15:30:00,LIVE
32.5136,32.5136,32.5136,32.5136,225,2021-08-05 15:50:00,LIVE
33.2974,33.2974,33.25,33.25,650,2021-08-05 16:00:00,LIVE
33.355,33.355,33.3423,33.3423,200,2021-08-05 16:05:00,LIVE
32.62,32.62,32.62,32.62,100,2021-08-05 16:20:00,LIVE
33.39,33.39,32.7801,32.7801,244,2021-08-05 16:35:00,LIVE
33.39,33.39,33.39,33.39,500,2021-08-05 16:45:00,LIVE
32.93,33.26,32.93,33.26,933,2021-08-05 17:05:00,LIVE
32.8,32.91,32.8,32.91,467,2021-08-05 17:50:00,LIVE
32.939,32.939,32.939,32.939,120,2021-08-05 17:55:00,LIVE
33.045,33.045,33.045,33.045,1200,2021-08-05 18:00:00,LIVE
33.045,33.045,33.045,33.045,100,2021-08-05 18:05:00,LIVE
33.0001,33.0001,33.0001,33.0001,300,2021-08-05 18:20:00,LIVE
33.0129,33.0129,33.0129,33.0129,100,2021-08-05 18:40:00,LIVE
33.06,33.06,33.06,33.06,160,2021-08-05 19:00:00,LIVE
33.3769,33.3769,33.3769,33.3769,100,2021-08-05 19:10:00,LIVE
33.18,33.38,33.06,33.38,917,2021-08-05 19:20:00,LIVE
32.75,33.1558,32.72,32.72,447,2021-08-05 19:55:00,LIVE
33.15,33.15,33.15,33.15,1332,2021-08-05 20:00:00,LIVE
32.7,33.68,32.7,33.68,543,2021-08-06 13:30:00,LIVE
33.0,33.0,33.0,33.0,100,2021-08-06 13:40:00,LIVE
33.9389,33.9389,33.9389,33.9389,1000,2021-08-06 13:45:00,LIVE
33.19,33.1995,33.19,33.1995,400,2021-08-06 13:55:00,LIVE
33.44,34.9377,33.42,34.9377,1550,2021-08-06 14:00:00,LIVE
34.8,34.8,34.8,34.8,100,2021-08-06 14:05:00,LIVE
34.0115,34.7194,33.55,33.92,1069,2021-08-06 14:20:00,LIVE
33.0295,33.9699,33.0295,33.9699,310,2021-08-06 14:35:00,LIVE
33.51,33.51,33.5,33.5,200,2021-08-06 14:55:00,LIVE
33.21,33.21,33.01,33.07,700,2021-08-06 15:05:00,LIVE
33.305,33.305,33.305,33.305,300,2021-08-06 15:15:00,LIVE
33.29,33.29,32.0,32.41,3143,2021-08-06 15:30:00,LIVE
31.2117,31.55,30.97,30.9994,725,2021-08-06 15:35:00,LIVE
31.35,31.35,31.35,31.35,2762,2021-08-06 15:40:00,LIVE
31.775,31.775,31.775,31.775,250,2021-08-06 15:45:00,LIVE
31.805,31.805,31.8,31.8,1006,2021-08-06 15:50:00,LIVE
32.2059,32.2059,32.2059,32.2059,500,2021-08-06 16:00:00,LIVE
32.41,32.41,31.99,32.115,1000,2021-08-06 16:15:00,LIVE
31.81,32.0,31.581,31.581,1100,2021-08-06 16:20:00,LIVE
31.8,31.8,31.8,31.8,100,2021-08-06 16:25:00,LIVE
31.58,32.0,31.58,32.0,200,2021-08-06 16:30:00,LIVE
31.98,31.9895,31.98,31.9895,200,2021-08-06 16:35:00,LIVE
31.2681,31.2681,31.2681,31.2681,300,2021-08-06 16:40:00,LIVE
31.98,31.98,31.94,31.95,300,2021-08-06 16:45:00,LIVE
31.99,31.99,31.9,31.9,305,2021-08-06 16:50:00,LIVE
31.91,31.957,31.9,31.9,400,2021-08-06 17:00:00,LIVE
32.1641,32.79,32.1641,32.79,1400,2021-08-06 17:15:00,LIVE
32.13,32.13,32.13,32.13,100,2021-08-06 17:20:00,LIVE
32.03,32.03,32.03,32.03,200,2021-08-06 17:35:00,LIVE
32.6,32.6,32.31,32.315,1100,2021-08-06 17:45:00,LIVE
32.58,32.58,31.7622,32.11,900,2021-08-06 17:50:00,LIVE
32.335,32.45,32.0,32.08,1146,2021-08-06 18:15:00,LIVE
32.03,32.03,31.54,31.5401,2014,2021-08-06 18:20:00,LIVE
31.28,31.875,31.28,31.875,800,2021-08-06 18:25:00,LIVE
31.84,31.84,31.84,31.84,1000,2021-08-06 18:30:00,LIVE
31.68,31.845,31.68,31.77,500,2021-08-06 18:35:00,LIVE
31.9921,31.9921,31.763,31.763,600,2021-08-06 18:45:00,LIVE
31.605,31.605,31.605,31.605,150,2021-08-06 18:50:00,LIVE
31.605,31.605,31.605,31.605,200,2021-08-06 18:55:00,LIVE
31.6,31.6,31.6,31.6,100,2021-08-06 19:00:00,LIVE
31.6,31.6,31.6,31.6,100,2021-08-06 19:10:00,LIVE
31.73,31.78,31.73,31.78,215,2021-08-06 19:15:00,LIVE
32.0,32.0,31.6,31.6,1696,2021-08-06 19:30:00,LIVE
31.52,31.52,31.47,31.47,300,2021-08-06 19:40:00,LIVE
31.64,31.64,30.58,30.77,1300,2021-08-06 19:50:00,LIVE
31.1999,31.95,30.1172,31.43,2939,2021-08-06 19:55:00,LIVE
30.91,30.91,30.91,30.91,337,2021-08-06 20:00:00,LIVE
30.9,30.9,30.9,30.9,259,2021-08-06 22:45:00,LIVE
31.1741,31.45,28.5223,28.5223,4503,2021-08-09 13:30:00,LIVE
28.6,29.5,27.9155,29.5,2675,2021-08-09 13:35:00,LIVE
28.73,29.5,28.0111,29.0642,2700,2021-08-09 13:40:00,LIVE
29.49,30.12,29.05,30.12,3508,2021-08-09 13:45:00,LIVE
29.99,30.25,29.99,30.0506,2780,2021-08-09 13:50:00,LIVE
29.81,30.03,29.0959,29.0959,688,2021-08-09 13:55:00,LIVE
29.555,30.1,29.1672,29.1672,631,2021-08-09 14:00:00,LIVE
29.615,29.615,29.25,29.25,936,2021-08-09 14:05:00,LIVE
29.6,29.6,29.1,29.1,813,2021-08-09 14:10:00,LIVE
28.8,29.7,28.8,29.0005,496,2021-08-09 14:15:00,LIVE
29.19,29.19,28.5,28.5,1232,2021-08-09 14:25:00,LIVE
28.445,28.5,28.445,28.5,888,2021-08-09 14:30:00,LIVE
28.11,28.11,28.01,28.01,200,2021-08-09 14:35:00,LIVE
28.01,28.01,27.509,27.509,1666,2021-08-09 14:40:00,LIVE
27.75,27.7593,27.21,27.49,2994,2021-08-09 14:50:00,LIVE
27.78,28.24,27.78,28.24,1220,2021-08-09 14:55:00,LIVE
27.39,28.24,27.21,28.1278,1600,2021-08-09 15:00:00,LIVE
27.96,28.25,27.31,27.31,700,2021-08-09 15:05:00,LIVE
28.08,28.08,28.08,28.08,300,2021-08-09 15:15:00,LIVE
27.71,28.52,27.71,28.42,1000,2021-08-09 15:20:00,LIVE
28.21,28.21,28.21,28.21,100,2021-08-09 15:25:00,LIVE
28.51,28.999,28.51,28.999,954,2021-08-09 15:30:00,LIVE
28.75,28.75,28.6001,28.6001,450,2021-08-09 15:35:00,LIVE
29.27,29.73,28.8,28.8,2161,2021-08-09 15:40:00,LIVE
29.01,29.01,28.6,28.6006,1699,2021-08-09 15:45:00,LIVE
29.0,29.0,29.0,29.0,100,2021-08-09 15:50:00,LIVE
28.81,28.81,28.81,28.81,100,2021-08-09 15:55:00,LIVE
28.63,28.63,28.5,28.5,808,2021-08-09 16:00:00,LIVE
28.4,28.41,28.25,28.25,1693,2021-08-09 16:05:00,LIVE
28.844,29.0,28.844,29.0,339,2021-08-09 16:10:00,LIVE
29.0,29.0,29.0,29.0,205,2021-08-09 16:15:00,LIVE
28.13,28.8422,28.13,28.8422,200,2021-08-09 16:20:00,LIVE
28.0001,28.0001,28.0001,28.0001,100,2021-08-09 16:25:00,LIVE
28.3174,28.3174,28.01,28.01,200,2021-08-09 16:35:00,LIVE
27.805,27.9632,27.61,27.615,2360,2021-08-09 16:40:00,LIVE
27.7252,28.0,27.5,28.0,1204,2021-08-09 16:45:00,LIVE
28.0,28.0,27.72,27.72,200,2021-08-09 16:50:00,LIVE
28.0,28.0,28.0,28.0,200,2021-08-09 16:55:00,LIVE
28.0,28.35,27.97,28.33,2100,2021-08-09 17:00:00,LIVE
28.2272,28.2272,28.2272,28.2272,100,2021-08-09 17:05:00,LIVE
28.21,28.4775,28.21,28.4775,1100,2021-08-09 17:10:00,LIVE
28.21,28.26,27.85,27.85,3268,2021-08-09 17:15:00,LIVE
27.8501,27.8501,27.8501,27.8501,159,2021-08-09 17:25:00,LIVE
28.0,28.0,28.0,28.0,100,2021-08-09 17:35:00,LIVE
28.15,28.15,28.15,28.15,200,2021-08-09 17:45:00,LIVE
28.0,28.15,28.0,28.15,804,2021-08-09 17:50:00,LIVE
28.18,28.47,28.18,28.47,372,2021-08-09 18:05:00,LIVE
28.5,29.0,28.03,28.47,2215,2021-08-09 18:10:00,LIVE
28.8408,29.49,27.8601,29.49,3150,2021-08-09 18:15:00,LIVE
28.6089,29.1155,28.22,28.22,739,2021-08-09 18:25:00,LIVE
29.0229,29.0229,29.0229,29.0229,300,2021-08-09 18:30:00,LIVE
27.8701,28.525,27.8701,28.525,600,2021-08-09 18:40:00,LIVE
28.53,28.53,28.53,28.53,500,2021-08-09 18:45:00,LIVE
28.455,28.455,28.455,28.455,500,2021-08-09 18:55:00,LIVE
28.4172,28.4172,28.4172,28.4172,111,2021-08-09 19:15:00,LIVE
28.37,28.37,28.37,28.37,100,2021-08-09 19:40:00,LIVE
28.07,28.07,28.07,28.07,100,2021-08-09 19:50:00,LIVE
28.76,28.79,27.9,28.79,1700,2021-08-09 19:55:00,LIVE
28.34,28.34,28.34,28.34,179,2021-08-09 20:00:00,LIVE
29.0,29.0,29.0,29.0,100,2021-08-09 21:15:00,LIVE
27.73,29.0365,27.73,29.0365,4012,2021-08-10 13:30:00,LIVE
28.354,28.354,27.9,27.9,300,2021-08-10 13:40:00,LIVE
27.61,27.836,27.27,27.836,850,2021-08-10 13:45:00,LIVE
27.3101,27.3604,27.3101,27.3604,632,2021-08-10 13:50:00,LIVE
27.685,27.9,27.685,27.7105,4569,2021-08-10 14:00:00,LIVE
28.04,28.04,27.36,27.37,1237,2021-08-10 14:05:00,LIVE
27.645,27.645,27.635,27.635,600,2021-08-10 14:15:00,LIVE
27.5,27.5,27.31,27.31,400,2021-08-10 14:20:00,LIVE
27.34,27.51,27.11,27.11,398,2021-08-10 14:25:00,LIVE
26.74,26.9234,26.7,26.81,2314,2021-08-10 14:30:00,LIVE
26.74,27.0658,25.8006,25.8006,2109,2021-08-10 14:35:00,LIVE
25.31,25.31,24.84,25.0094,957,2021-08-10 14:40:00,LIVE
24.84,26.047,24.84,26.047,1549,2021-08-10 14:45:00,LIVE
25.96,25.99,25.76,25.76,800,2021-08-10 14:55:00,LIVE
26.27,26.49,26.27,26.49,1000,2021-08-10 15:00:00,LIVE
25.7701,25.7701,25.7701,25.7701,100,2021-08-10 15:05:00,LIVE
25.9984,25.9984,25.9984,25.9984,900,2021-08-10 15:10:00,LIVE
25.985,25.9965,25.985,25.9965,301,2021-08-10 15:15:00,LIVE
25.876,26.49,25.876,26.035,625,2021-08-10 15:20:00,LIVE
25.7701,26.3,25.7701,26.3,1320,2021-08-10 15:25:00,LIVE
26.25,26.25,26.25,26.25,200,2021-08-10 15:30:00,LIVE
26.45,26.5,26.45,26.5,848,2021-08-10 15:45:00,LIVE
26.365,26.4497,26.365,26.395,800,2021-08-10 15:50:00,LIVE
26.64,26.64,26.64,26.64,200,2021-08-10 16:05:00,LIVE
26.64,26.64,26.64,26.64,100,2021-08-10 16:10:00,LIVE
26.59,26.59,26.59,26.59,100,2021-08-10 16:35:00,LIVE
26.38,26.38,26.38,26.38,200,2021-08-10 16:40:00,LIVE
26.42,26.42,26.42,26.42,100,2021-08-10 17:00:00,LIVE
26.305,26.42,26.305,26.42,1510,2021-08-10 17:05:00,LIVE
26.24,26.24,26.15,26.15,210,2021-08-10 17:35:00,LIVE
26.2,26.2,26.2,26.2,240,2021-08-10 17:40:00,LIVE
26.0601,26.0601,26.0601,26.0601,100,2021-08-10 17:50:00,LIVE
26.4199,26.42,26.1307,26.1917,738,2021-08-10 17:55:00,LIVE
26.1993,26.2194,26.1993,26.2194,600,2021-08-10 18:00:00,LIVE
26.2413,26.2413,26.2413,26.2413,150,2021-08-10 18:05:00,LIVE
26.355,26.355,26.355,26.355,100,2021-08-10 18:25:00,LIVE
26.486,26.56,26.486,26.56,900,2021-08-10 18:40:00,LIVE
26.376,26.6,26.376,26.6,660,2021-08-10 19:00:00,LIVE
26.7207,26.7207,26.7207,26.7207,155,2021-08-10 19:05:00,LIVE
26.75,26.75,26.75,26.75,300,2021-08-10 19:10:00,LIVE
26.54,26.74,25.93,26.74,4380,2021-08-10 19:30:00,LIVE
26.6528,26.6528,26.6528,26.6528,100,2021-08-10 19:35:00,LIVE
26.5901,26.5901,26.5901,26.5901,111,2021-08-10 19:50:00,LIVE
25.7995,26.59,25.76,25.81,2030,2021-08-10 19:55:00,LIVE
25.76,25.76,25.76,25.76,225,2021-08-10 20:00:00,LIVE
26.11,26.11,26.11,26.11,211,2021-08-11 13:30:00,LIVE
25.66,25.66,25.6,25.6,400,2021-08-11 13:35:00,LIVE
26.245,26.245,26.245,26.245,300,2021-08-11 13:40:00,LIVE
26.88,27.3,26.88,27.3,2525,2021-08-11 13:45:00,LIVE
27.45,28.4393,27.45,28.4393,618,2021-08-11 13:50:00,LIVE
27.54,27.7,26.98,26.98,1453,2021-08-11 13:55:00,LIVE
27.17,28.55,27.17,28.55,289,2021-08-11 14:00:00,LIVE
28.55,28.55,27.01,27.775,2315,2021-08-11 14:05:00,LIVE
27.8225,27.8225,27.8225,27.8225,3000,2021-08-11 14:10:00,LIVE
28.41,28.41,27.0751,27.705,1198,2021-08-11 14:15:00,LIVE
28.3228,28.3228,28.3228,28.3228,400,2021-08-11 14:25:00,LIVE
27.26,27.26,27.1001,27.1001,400,2021-08-11 14:30:00,LIVE
27.31,27.31,27.31,27.31,100,2021-08-11 14:40:00,LIVE
27.4668,28.2701,27.4668,28.2701,600,2021-08-11 14:45:00,LIVE
27.755,28.41,27.755,28.32,1100,2021-08-11 14:50:00,LIVE
28.2363,28.2363,28.2363,28.2363,353,2021-08-11 14:55:00,LIVE
27.8564,27.8564,27.8564,27.8564,400,2021-08-11 15:00:00,LIVE
27.1001,27.545,27.1001,27.545,400,2021-08-11 15:05:00,LIVE
27.99,27.99,27.99,27.99,200,2021-08-11 15:10:00,LIVE
27.25,27.25,27.25,27.25,100,2021-08-11 15:20:00,LIVE
27.415,27.415,27.415,27.415,200,2021-08-11 15:35:00,LIVE
27.2,27.2,27.11,27.11,200,2021-08-11 15:40:00,LIVE
27.68,27.68,27.68,27.68,100,2021-08-11 15:50:00,LIVE
27.37,27.5,27.37,27.5,1000,2021-08-11 16:00:00,LIVE
28.0,28.0,27.81,27.83,1101,2021-08-11 16:05:00,LIVE
27.53,27.53,27.53,27.53,160,2021-08-11 16:10:00,LIVE
27.89,28.0,27.84,28.0,812,2021-08-11 16:15:00,LIVE
27.75,27.75,27.75,27.75,919,2021-08-11 16:20:00,LIVE
27.7398,27.7398,27.36,27.36,500,2021-08-11 16:40:00,LIVE
27.53,27.53,27.53,27.53,100,2021-08-11 16:55:00,LIVE
27.6143,27.7475,27.6143,27.7475,200,2021-08-11 17:00:00,LIVE
27.75,27.75,27.75,27.75,300,2021-08-11 17:05:00,LIVE
27.54,27.54,27.3,27.49,500,2021-08-11 17:35:00,LIVE
27.4321,27.4321,27.4321,27.4321,342,2021-08-11 17:40:00,LIVE
27.5638,27.5638,27.51,27.51,400,2021-08-11 18:00:00,LIVE
27.75,27.75,27.75,27.75,134,2021-08-11 18:15:00,LIVE
27.468,27.468,27.468,27.468,250,2021-08-11 18:25:00,LIVE
27.8472,27.8472,27.8472,27.8472,100,2021-08-11 18:40:00,LIVE
27.726,27.726,27.726,27.726,200,2021-08-11 18:45:00,LIVE
27.73,27.73,27.73,27.73,116,2021-08-11 18:55:00,LIVE
27.73,27.73,27.73,27.73,110,2021-08-11 19:10:00,LIVE
27.6143,27.6143,27.4749,27.505,300,2021-08-11 19:20:00,LIVE
27.515,27.8,27.515,27.8,1211,2021-08-11 19:40:00,LIVE
27.805,28.0,27.805,28.0,200,2021-08-11 19:45:00,LIVE
28.0,28.0,27.1,27.1,1500,2021-08-11 19:55:00,LIVE
28.0,28.0,28.0,28.0,584,2021-08-11 20:00:00,LIVE
28.0,28.27,28.0,28.27,739,2021-08-12 13:30:00,LIVE
27.74,27.74,26.94,26.94,1305,2021-08-12 13:35:00,LIVE
26.02,27.5,25.54,27.5,4650,2021-08-12 13:40:00,LIVE
28.0,28.0,27.1247,27.1247,750,2021-08-12 13:50:00,LIVE
27.91,27.91,27.91,27.91,500,2021-08-12 13:55:00,LIVE
27.17,27.17,27.17,27.17,1200,2021-08-12 14:05:00,LIVE
27.18,27.18,27.18,27.18,200,2021-08-12 14:10:00,LIVE
27.8364,27.8364,27.8364,27.8364,400,2021-08-12 14:45:00,LIVE
28.0,28.0,28.0,28.0,700,2021-08-12 15:00:00,LIVE
27.8698,27.8698,27.8698,27.8698,493,2021-08-12 15:10:00,LIVE
27.6,27.6,27.18,27.22,1200,2021-08-12 15:30:00,LIVE
27.095,27.095,27.095,27.095,100,2021-08-12 15:35:00,LIVE
27.39,27.4,27.39,27.4,400,2021-08-12 15:40:00,LIVE
26.9601,27.4,26.9601,27.28,1980,2021-08-12 16:25:00,LIVE
27.0112,27.31,26.9601,26.9601,531,2021-08-12 16:30:00,LIVE
27.679,28.2,27.67,27.67,1966,2021-08-12 17:10:00,LIVE
27.95,27.9794,27.95,27.9794,200,2021-08-12 17:15:00,LIVE
27.94,27.9795,27.2014,27.2014,900,2021-08-12 17:20:00,LIVE
28.25,28.25,27.655,27.6553,300,2021-08-12 17:25:00,LIVE
27.7522,27.7522,27.7522,27.7522,100,2021-08-12 17:40:00,LIVE
27.4001,27.835,27.4001,27.835,2385,2021-08-12 18:15:00,LIVE
27.855,27.855,27.855,27.855,100,2021-08-12 19:25:00,LIVE
27.86,28.1,27.855,27.855,400,2021-08-12 19:30:00,LIVE
28.15,28.15,28.15,28.15,100,2021-08-12 19:35:00,LIVE
28.07,28.07,27.9845,27.9845,400,2021-08-12 19:40:00,LIVE
27.79,28.08,26.88,27.485,2935,2021-08-12 19:45:00,LIVE
27.9093,27.9093,27.9093,27.9093,100,2021-08-12 19:50:00,LIVE
27.53,28.1036,27.06,27.06,622,2021-08-12 19:55:00,LIVE
27.0,27.0,27.0,27.0,112,2021-08-12 20:00:00,LIVE
26.73,26.73,25.6301,25.6301,2362,2021-08-13 13:30:00,LIVE
25.9341,25.9341,25.9,25.9,200,2021-08-13 13:35:00,LIVE
27.6,27.6,26.0922,26.0922,2000,2021-08-13 13:40:00,LIVE
26.865,26.865,26.865,26.865,400,2021-08-13 14:05:00,LIVE
26.66,26.66,26.56,26.56,300,2021-08-13 14:20:00,LIVE
26.62,27.69,26.57,27.4,1586,2021-08-13 14:25:00,LIVE
27.05,27.3,26.65,26.65,1572,2021-08-13 14:30:00,LIVE
27.2372,27.2372,27.2372,27.2372,110,2021-08-13 14:35:00,LIVE
26.65,26.65,26.65,26.65,180,2021-08-13 14:40:00,LIVE
27.8128,27.8128,27.8128,27.8128,100,2021-08-13 14:50:00,LIVE
27.3533,27.3533,27.3533,27.3533,100,2021-08-13 15:10:00,LIVE
27.42,27.42,26.67,26.72,400,2021-08-13 15:15:00,LIVE
27.245,27.245,27.245,27.245,100,2021-08-13 15:40:00,LIVE
27.0973,27.16,26.58,26.6875,3015,2021-08-13 15:45:00,LIVE
26.8,27.3,26.8,27.3,1998,2021-08-13 16:00:00,LIVE
27.3,27.3,27.3,27.3,100,2021-08-13 16:05:00,LIVE
27.3,27.6015,26.91,27.6,1463,2021-08-13 16:20:00,LIVE
27.0,27.3,26.8,27.3,1600,2021-08-13 16:25:00,LIVE
27.26,27.5,27.26,27.4894,1261,2021-08-13 16:30:00,LIVE
26.9,26.9,26.9,26.9,111,2021-08-13 16:40:00,LIVE
27.126,27.126,27.126,27.126,100,2021-08-13 16:45:00,LIVE
27.74,27.74,27.1301,27.1301,448,2021-08-13 17:20:00,LIVE
27.4089,27.4089,27.31,27.31,200,2021-08-13 17:35:00,LIVE
27.13,27.17,27.13,27.17,200,2021-08-13 17:40:00,LIVE
27.6021,27.6021,27.45,27.45,378,2021-08-13 18:05:00,LIVE
27.455,27.455,27.455,27.455,1000,2021-08-13 18:10:00,LIVE
27.71,27.71,27.71,27.71,100,2021-08-13 18:55:00,LIVE
27.5115,27.5115,27.5115,27.5115,100,2021-08-13 19:15:00,LIVE
27.52,27.52,27.52,27.52,200,2021-08-13 19:35:00,LIVE
27.22,27.33,27.22,27.33,300,2021-08-13 19:40:00,LIVE
27.36,27.36,27.36,27.36,100,2021-08-13 19:50:00,LIVE
27.455,27.455,27.2,27.2,1314,2021-08-13 19:55:00,LIVE
26.86,26.86,26.86,26.86,394,2021-08-13 20:00:00,LIVE
28.49,29.0,28.49,28.88,1200,2021-08-16 12:30:00,LIVE
29.0,29.0,29.0,29.0,250,2021-08-16 13:00:00,LIVE
29.0,29.0,29.0,29.0,100,2021-08-16 13:05:00,LIVE
28.78,28.78,27.89,27.95,2872,2021-08-16 13:30:00,LIVE
27.6,27.79,27.3601,27.79,1044,2021-08-16 13:35:00,LIVE
28.0,28.04,28.0,28.0,1431,2021-08-16 13:40:00,LIVE
27.0898,27.99,27.0898,27.99,235,2021-08-16 13:45:00,LIVE
27.0496,27.5854,27.0496,27.5854,300,2021-08-16 13:55:00,LIVE
27.5,27.5,27.0,27.2,2100,2021-08-16 14:00:00,LIVE
27.47,27.47,27.47,27.47,100,2021-08-16 14:05:00,LIVE
27.5,27.57,27.5,27.5175,400,2021-08-16 14:10:00,LIVE
27.2,27.4899,27.1,27.4899,3094,2021-08-16 14:15:00,LIVE
27.21,27.21,27.0,27.0,734,2021-08-16 14:20:00,LIVE
26.98,27.0,26.98,26.98,980,2021-08-16 14:25:00,LIVE
27.0,27.0,27.0,27.0,100,2021-08-16 14:55:00,LIVE
27.12,27.12,27.12,27.12,133,2021-08-16 15:05:00,LIVE
27.13,27.13,27.13,27.13,487,2021-08-16 15:10:00,LIVE
26.88,26.88,26.88,26.88,184,2021-08-16 15:15:00,LIVE
27.225,27.3784,27.225,27.3784,288,2021-08-16 15:30:00,LIVE
27.336,27.336,27.336,27.336,400,2021-08-16 15:40:00,LIVE
27.3576,27.3576,27.3576,27.3576,182,2021-08-16 15:50:00,LIVE
27.25,27.25,27.25,27.25,140,2021-08-16 16:15:00,LIVE
27.297,27.34,27.28,27.28,1200,2021-08-16 16:25:00,LIVE
27.36,28.2,27.36,28.2,1053,2021-08-16 16:35:00,LIVE
28.47,29.24,28.47,28.9,4231,2021-08-16 16:40:00,LIVE
29.48,29.5094,28.5226,28.5226,2365,2021-08-16 16:45:00,LIVE
28.5,28.92,27.54,28.688,2230,2021-08-16 16:50:00,LIVE
28.78,28.99,28.78,28.8,1948,2021-08-16 16:55:00,LIVE
27.9932,29.01,27.9932,29.01,300,2021-08-16 17:00:00,LIVE
29.07,29.0994,29.07,29.0994,400,2021-08-16 17:05:00,LIVE
29.2441,29.2441,29.2441,29.2441,180,2021-08-16 17:10:00,LIVE
29.205,29.205,29.205,29.205,140,2021-08-16 17:30:00,LIVE
29.8641,29.8641,29.8641,29.8641,147,2021-08-16 17:35:00,LIVE
29.93,31.84,29.93,31.3781,10787,2021-08-16 17:40:00,LIVE
31.04,31.57,30.3738,30.5999,3297,2021-08-16 17:45:00,LIVE
30.56,31.3409,30.56,31.2,12007,2021-08-16 17:50:00,LIVE
31.6439,31.6439,30.915,30.915,1734,2021-08-16 17:55:00,LIVE
31.155,31.44,31.02,31.02,700,2021-08-16 18:00:00,LIVE
30.905,30.905,30.905,30.905,100,2021-08-16 18:05:00,LIVE
30.9,30.9,30.9,30.9,100,2021-08-16 18:10:00,LIVE
31.4,32.5,31.4,31.91,4407,2021-08-16 18:15:00,LIVE
32.4071,32.76,31.58,31.58,5700,2021-08-16 18:20:00,LIVE
31.33,32.2176,31.33,32.195,500,2021-08-16 18:25:00,LIVE
32.2,32.8799,31.77,31.77,2800,2021-08-16 18:30:00,LIVE
32.04,32.04,32.04,32.04,200,2021-08-16 18:35:00,LIVE
32.17,32.17,32.17,32.17,400,2021-08-16 18:40:00,LIVE
32.3663,32.3663,32.15,32.15,235,2021-08-16 18:45:00,LIVE
32.088,32.88,32.088,32.6505,5195,2021-08-16 18:50:00,LIVE
32.56,32.56,32.0,32.0494,2545,2021-08-16 18:55:00,LIVE
32.05,33.6929,32.05,33.6929,3097,2021-08-16 19:00:00,LIVE
33.53,34.6999,33.212,34.0,7598,2021-08-16 19:05:00,LIVE
34.13,34.5502,33.81,33.94,2425,2021-08-16 19:10:00,LIVE
33.94,34.17,33.5303,33.7561,2490,2021-08-16 19:15:00,LIVE
33.73,34.4408,33.67,34.3094,3600,2021-08-16 19:20:00,LIVE
34.125,34.125,33.28,33.545,3235,2021-08-16 19:25:00,LIVE
33.8179,33.82,32.84,33.01,3742,2021-08-16 19:30:00,LIVE
33.445,33.445,33.4,33.43,1624,2021-08-16 19:35:00,LIVE
33.17,33.598,32.35,32.96,1204,2021-08-16 19:40:00,LIVE
33.0125,33.4384,32.92,32.92,1000,2021-08-16 19:45:00,LIVE
32.75,32.75,32.0019,32.39,3096,2021-08-16 19:50:00,LIVE
32.4,32.51,30.63,31.0,11381,2021-08-16 19:55:00,LIVE
31.21,31.21,31.21,31.21,370,2021-08-16 20:00:00,LIVE
30.51,30.55,30.0,30.0,1873,2021-08-16 21:00:00,LIVE
30.11,30.11,30.0,30.0,1075,2021-08-16 21:05:00,LIVE
30.49,30.49,30.49,30.49,240,2021-08-17 13:10:00,LIVE
30.95,32.86,30.95,32.0,2988,2021-08-17 13:30:00,LIVE
31.25,31.74,29.535,30.396,7588,2021-08-17 13:35:00,LIVE
29.1811,29.1811,29.1001,29.1001,1200,2021-08-17 13:40:00,LIVE
30.8,30.8,30.0,30.0,1204,2021-08-17 13:45:00,LIVE
29.471,29.471,29.471,29.471,1955,2021-08-17 13:50:00,LIVE
30.1085,30.75,30.1085,30.72,2000,2021-08-17 13:55:00,LIVE
30.4,30.4,30.0,30.0,350,2021-08-17 14:00:00,LIVE
30.1623,30.1623,30.1623,30.1623,143,2021-08-17 14:10:00,LIVE
30.9299,30.9299,30.9299,30.9299,170,2021-08-17 14:30:00,LIVE
30.7828,30.7828,30.7828,30.7828,100,2021-08-17 14:40:00,LIVE
30.64,30.64,30.64,30.64,100,2021-08-17 14:45:00,LIVE
30.3789,30.3789,30.3789,30.3789,150,2021-08-17 14:50:00,LIVE
30.39,30.39,30.0,30.0,1327,2021-08-17 14:55:00,LIVE
29.835,29.8584,29.825,29.825,300,2021-08-17 15:10:00,LIVE
29.825,29.825,29.825,29.825,100,2021-08-17 15:15:00,LIVE
29.825,29.825,29.825,29.825,300,2021-08-17 15:20:00,LIVE
29.46,29.46,29.35,29.35,216,2021-08-17 15:25:00,LIVE
29.2101,29.2101,29.2101,29.2101,200,2021-08-17 15:30:00,LIVE
29.15,29.15,29.15,29.15,138,2021-08-17 15:45:00,LIVE
29.19,29.19,29.19,29.19,100,2021-08-17 16:20:00,LIVE
29.75,29.75,29.75,29.75,422,2021-08-17 16:30:00,LIVE
30.34,30.34,30.34,30.34,100,2021-08-17 16:35:00,LIVE
30.22,30.22,30.14,30.14,300,2021-08-17 16:55:00,LIVE
30.14,30.14,30.14,30.14,126,2021-08-17 17:40:00,LIVE
29.2,29.2,29.2,29.2,100,2021-08-17 18:15:00,LIVE
29.16,29.274,29.16,29.1695,1200,2021-08-17 18:20:00,LIVE
29.16,29.34,28.0,29.21,2950,2021-08-17 18:30:00,LIVE
27.97,29.5312,27.79,29.5312,4825,2021-08-17 18:35:00,LIVE
29.05,29.05,27.83,27.8594,2984,2021-08-17 18:40:00,LIVE
28.1252,28.1252,28.0,28.0,499,2021-08-17 18:45:00,LIVE
27.8,29.94,27.8,28.9006,4044,2021-08-17 18:50:00,LIVE
28.79,29.1946,28.62,28.995,1000,2021-08-17 18:55:00,LIVE
28.995,29.115,28.995,29.115,200,2021-08-17 19:00:00,LIVE
29.1,29.15,29.1,29.15,840,2021-08-17 19:10:00,LIVE
28.725,29.14,28.725,29.14,200,2021-08-17 19:35:00,LIVE
28.8766,28.8766,28.575,28.575,200,2021-08-17 19:40:00,LIVE
28.7399,29.1094,28.23,29.1094,4200,2021-08-17 19:45:00,LIVE
28.74,28.865,28.35,28.5945,2561,2021-08-17 19:50:00,LIVE
28.58,28.58,27.94,27.99,2823,2021-08-17 19:55:00,LIVE
27.93,27.93,27.93,27.93,133,2021-08-17 20:00:00,LIVE
27.8,27.8099,27.69,27.8099,760,2021-08-18 13:30:00,LIVE
27.6,28.97,27.55,28.9,1910,2021-08-18 13:35:00,LIVE
29.75,30.9999,29.01,30.9999,1855,2021-08-18 13:45:00,LIVE
29.99,31.0,29.99,31.0,450,2021-08-18 13:55:00,LIVE
30.9999,30.9999,30.9999,30.9999,390,2021-08-18 14:00:00,LIVE
30.93,30.93,30.93,30.93,100,2021-08-18 14:10:00,LIVE
30.315,30.315,30.315,30.315,600,2021-08-18 14:15:00,LIVE
29.92,29.98,28.75,28.75,1922,2021-08-18 14:20:00,LIVE
28.65,29.58,28.47,29.58,1746,2021-08-18 14:25:00,LIVE
29.65,29.65,29.65,29.65,258,2021-08-18 14:30:00,LIVE
29.9,29.945,29.9,29.945,400,2021-08-18 14:45:00,LIVE
30.0,30.0,29.31,29.31,400,2021-08-18 15:05:00,LIVE
29.4424,29.4424,29.4424,29.4424,100,2021-08-18 15:15:00,LIVE
29.5999,29.5999,28.3022,28.3022,997,2021-08-18 15:25:00,LIVE
28.98,28.98,28.98,28.98,100,2021-08-18 15:30:00,LIVE
28.689,30.0,28.689,29.939,2785,2021-08-18 15:35:00,LIVE
31.74,31.7606,30.29,31.7606,3100,2021-08-18 15:45:00,LIVE
30.6001,31.075,30.2484,31.075,600,2021-08-18 15:50:00,LIVE
30.3325,31.25,30.3325,31.25,279,2021-08-18 16:00:00,LIVE
31.21,31.21,30.61,30.61,962,2021-08-18 16:05:00,LIVE
30.05,30.71,30.05,30.71,300,2021-08-18 16:10:00,LIVE
30.71,30.71,30.71,30.71,409,2021-08-18 16:15:00,LIVE
30.8865,30.895,30.8865,30.895,450,2021-08-18 16:30:00,LIVE
30.88,30.88,30.88,30.88,100,2021-08-18 16:40:00,LIVE
30.235,30.235,30.235,30.235,100,2021-08-18 16:55:00,LIVE
30.7171,30.7171,30.7171,30.7171,600,2021-08-18 17:00:00,LIVE
30.79,30.79,30.79,30.79,100,2021-08-18 17:25:00,LIVE
30.7132,30.7132,30.7132,30.7132,250,2021-08-18 17:55:00,LIVE
30.67,30.67,30.67,30.67,100,2021-08-18 18:05:00,LIVE
30.77,30.77,30.77,30.77,100,2021-08-18 18:20:00,LIVE
30.7225,30.7225,30.7225,30.7225,500,2021-08-18 18:25:00,LIVE
30.7318,30.7699,30.7318,30.7699,1300,2021-08-18 18:30:00,LIVE
30.1079,30.31,30.1079,30.31,250,2021-08-18 18:40:00,LIVE
30.31,30.6918,29.71,29.71,3710,2021-08-18 18:55:00,LIVE
29.63,29.64,29.245,29.3094,1002,2021-08-18 19:00:00,LIVE
29.01,29.01,28.9,28.9,300,2021-08-18 19:05:00,LIVE
28.89,30.14,28.89,30.14,3601,2021-08-18 19:10:00,LIVE
29.78,29.78,29.78,29.78,100,2021-08-18 19:25:00,LIVE
29.46,30.6746,29.31,30.6746,2022,2021-08-18 19:30:00,LIVE
30.5232,30.695,29.88,30.01,2873,2021-08-18 19:35:00,LIVE
30.3057,30.31,30.01,30.01,345,2021-08-18 19:40:00,LIVE
30.415,30.415,29.7631,30.1934,1600,2021-08-18 19:45:00,LIVE
29.72,30.1,29.6301,29.7,776,2021-08-18 19:55:00,LIVE
29.43,29.43,29.43,29.43,291,2021-08-18 20:00:00,LIVE
29.5,29.5,29.4899,29.49,1310,2021-08-19 13:30:00,LIVE
30.48,30.57,30.465,30.465,500,2021-08-19 13:40:00,LIVE
29.51,29.51,29.51,29.51,100,2021-08-19 13:50:00,LIVE
30.3286,30.3286,30.3286,30.3286,150,2021-08-19 13:55:00,LIVE
30.2,30.4999,30.2,30.4999,420,2021-08-19 14:00:00,LIVE
30.2057,30.315,30.2057,30.315,200,2021-08-19 14:10:00,LIVE
30.245,30.48,30.245,30.48,400,2021-08-19 14:15:00,LIVE
30.1625,30.1625,30.1625,30.1625,150,2021-08-19 14:25:00,LIVE
30.29,30.29,30.29,30.29,100,2021-08-19 14:35:00,LIVE
30.0281,30.145,30.0281,30.145,200,2021-08-19 14:40:00,LIVE
30.145,31.05,30.1402,31.0106,4810,2021-08-19 14:50:00,LIVE
30.85,30.87,30.3,30.3,1411,2021-08-19 14:55:00,LIVE
30.08,30.12,28.78,29.19,1900,2021-08-19 15:20:00,LIVE
29.19,29.19,29.16,29.19,582,2021-08-19 15:25:00,LIVE
29.0,29.5,28.79,29.3,1500,2021-08-19 15:40:00,LIVE
29.55,29.55,29.55,29.55,100,2021-08-19 16:15:00,LIVE
29.55,29.55,29.55,29.55,300,2021-08-19 16:35:00,LIVE
29.67,29.67,29.67,29.67,100,2021-08-19 16:50:00,LIVE
29.55,29.55,29.0,29.0,575,2021-08-19 16:55:00,LIVE
29.75,29.75,29.75,29.75,100,2021-08-19 17:15:00,LIVE
29.39,29.93,29.39,29.93,1400,2021-08-19 17:50:00,LIVE
29.86,30.43,29.86,29.88,900,2021-08-19 17:55:00,LIVE
28.8316,28.8708,28.8316,28.8708,627,2021-08-19 18:25:00,LIVE
29.12,29.5894,29.12,29.5894,900,2021-08-19 19:05:00,LIVE
29.935,31.0,29.4259,30.99,3437,2021-08-19 19:10:00,LIVE
30.65,30.65,30.65,30.65,100,2021-08-19 19:15:00,LIVE
30.61,30.65,30.61,30.65,300,2021-08-19 19:20:00,LIVE
30.99,30.99,30.64,30.64,593,2021-08-19 19:25:00,LIVE
30.65,30.65,29.78,29.83,2261,2021-08-19 19:30:00,LIVE
28.94,30.5,28.94,29.83,2342,2021-08-19 19:40:00,LIVE
30.3,30.3,30.3,30.3,100,2021-08-19 19:45:00,LIVE
30.41,30.46,29.51,30.3,1801,2021-08-19 19:55:00,LIVE
29.02,29.02,29.02,29.02,196,2021-08-19 20:00:00,LIVE
29.31,29.31,28.72,28.96,1081,2021-08-20 13:30:00,LIVE
28.566,30.5,28.566,30.5,2399,2021-08-20 13:35:00,LIVE
30.21,30.21,29.68,29.68,900,2021-08-20 13:45:00,LIVE
28.7682,28.7682,28.7682,28.7682,350,2021-08-20 13:50:00,LIVE
28.2501,28.2501,28.2501,28.2501,675,2021-08-20 14:00:00,LIVE
29.67,29.67,29.33,29.66,300,2021-08-20 14:05:00,LIVE
29.67,29.7,29.67,29.7,268,2021-08-20 14:35:00,LIVE
29.3042,29.4298,28.93,29.0511,1683,2021-08-20 14:55:00,LIVE
29.7748,30.93,29.65,29.77,2501,2021-08-20 15:00:00,LIVE
30.61,30.61,30.61,30.61,100,2021-08-20 16:50:00,LIVE
29.89,30.1677,29.81,30.1677,1300,2021-08-20 16:55:00,LIVE
30.14,30.14,30.14,30.14,100,2021-08-20 17:15:00,LIVE
30.18,30.18,30.18,30.18,200,2021-08-20 17:20:00,LIVE
29.26,29.26,29.26,29.26,100,2021-08-20 17:40:00,LIVE
29.85,29.85,29.85,29.85,100,2021-08-20 17:55:00,LIVE
29.81,29.96,29.81,29.95,1171,2021-08-20 18:20:00,LIVE
29.6,29.6,29.6,29.6,200,2021-08-20 18:25:00,LIVE
29.8135,29.9394,29.66,29.9394,700,2021-08-20 18:35:00,LIVE
29.7,30.8,29.7,30.3771,2760,2021-08-20 18:40:00,LIVE
30.31,30.31,30.3005,30.3005,200,2021-08-20 18:50:00,LIVE
30.9299,30.9299,30.47,30.47,600,2021-08-20 18:55:00,LIVE
30.21,30.21,30.0205,30.11,800,2021-08-20 19:05:00,LIVE
30.06,30.06,29.9006,29.9006,948,2021-08-20 19:10:00,LIVE
30.5838,30.5838,30.5838,30.5838,200,2021-08-20 19:20:00,LIVE
30.5563,30.5563,30.5563,30.5563,100,2021-08-20 19:35:00,LIVE
29.99,29.99,29.99,29.99,533,2021-08-20 19:50:00,LIVE
29.601,29.715,29.46,29.46,600,2021-08-20 19:55:00,LIVE
29.85,29.85,29.85,29.85,470,2021-08-20 20:00:00,LIVE
