open,high,low,close,volume,datetime,symbol
10.21,10.57,10.2,10.2,7568,2021-07-06 12:20:00,PTEN
10.22,10.22,10.2,10.2,2000,2021-07-06 13:00:00,PTEN
10.22,10.22,10.22,10.22,100,2021-07-06 13:05:00,PTEN
10.14,10.14,10.14,10.14,1200,2021-07-06 13:15:00,PTEN
10.02,10.1,9.83,9.83,93474,2021-07-06 13:30:00,PTEN
9.84,9.9,9.83,9.87,147325,2021-07-06 13:35:00,PTEN
9.8677,9.88,9.75,9.76,131030,2021-07-06 13:40:00,PTEN
9.76,9.87,9.76,9.865,11648,2021-07-06 13:45:00,PTEN
9.86,9.88,9.84,9.87,12789,2021-07-06 13:50:00,PTEN
9.86,9.91,9.85,9.89,7377,2021-07-06 13:55:00,PTEN
9.87,9.87,9.8,9.81,14677,2021-07-06 14:00:00,PTEN
9.8,9.8,9.71,9.7299,36485,2021-07-06 14:05:00,PTEN
9.73,9.735,9.67,9.68,13689,2021-07-06 14:10:00,PTEN
9.67,9.71,9.66,9.68,20743,2021-07-06 14:15:00,PTEN
9.67,9.675,9.64,9.65,11530,2021-07-06 14:20:00,PTEN
9.65,9.655,9.62,9.63,14775,2021-07-06 14:25:00,PTEN
9.62,9.64,9.58,9.62,33041,2021-07-06 14:30:00,PTEN
9.62,9.63,9.545,9.58,42688,2021-07-06 14:35:00,PTEN
9.565,9.57,9.5,9.56,39271,2021-07-06 14:40:00,PTEN
9.55,9.57,9.515,9.55,8228,2021-07-06 14:45:00,PTEN
9.54,9.57,9.505,9.535,21676,2021-07-06 14:50:00,PTEN
9.52,9.52,9.465,9.48,18493,2021-07-06 14:55:00,PTEN
9.47,9.5,9.43,9.45,30462,2021-07-06 15:00:00,PTEN
9.45,9.46,9.3685,9.3685,39280,2021-07-06 15:05:00,PTEN
9.365,9.44,9.365,9.425,14816,2021-07-06 15:10:00,PTEN
9.43,9.47,9.4,9.45,9119,2021-07-06 15:15:00,PTEN
9.46,9.47,9.435,9.44,14312,2021-07-06 15:20:00,PTEN
9.43,9.44,9.41,9.43,17425,2021-07-06 15:25:00,PTEN
9.43,9.45,9.425,9.45,5119,2021-07-06 15:30:00,PTEN
9.45,9.495,9.44,9.485,5791,2021-07-06 15:35:00,PTEN
9.485,9.51,9.475,9.5,11161,2021-07-06 15:40:00,PTEN
9.51,9.51,9.4726,9.49,8947,2021-07-06 15:45:00,PTEN
9.49,9.49,9.38,9.38,18693,2021-07-06 15:50:00,PTEN
9.39,9.42,9.36,9.42,13487,2021-07-06 15:55:00,PTEN
9.43,9.47,9.415,9.42,15378,2021-07-06 16:00:00,PTEN
9.42,9.48,9.42,9.43,161465,2021-07-06 16:05:00,PTEN
9.435,9.48,9.425,9.46,21155,2021-07-06 16:10:00,PTEN
9.46,9.475,9.44,9.44,10103,2021-07-06 16:15:00,PTEN
9.43,9.44,9.375,9.395,69143,2021-07-06 16:20:00,PTEN
9.39,9.39,9.355,9.37,11970,2021-07-06 16:25:00,PTEN
9.365,9.37,9.335,9.35,11961,2021-07-06 16:30:00,PTEN
9.35,9.35,9.325,9.33,12911,2021-07-06 16:35:00,PTEN
9.33,9.33,9.295,9.3,19959,2021-07-06 16:40:00,PTEN
9.295,9.32,9.265,9.31,21432,2021-07-06 16:45:00,PTEN
9.305,9.31,9.3,9.305,5312,2021-07-06 16:50:00,PTEN
9.305,9.31,9.28,9.305,9567,2021-07-06 16:55:00,PTEN
9.32,9.39,9.305,9.36,11676,2021-07-06 17:00:00,PTEN
9.36,9.36,9.32,9.33,5120,2021-07-06 17:05:00,PTEN
9.325,9.34,9.315,9.335,10584,2021-07-06 17:10:00,PTEN
9.34,9.37,9.335,9.36,10469,2021-07-06 17:15:00,PTEN
9.365,9.375,9.355,9.37,7205,2021-07-06 17:20:00,PTEN
9.36,9.413,9.355,9.395,9224,2021-07-06 17:25:00,PTEN
9.395,9.4201,9.395,9.41,40820,2021-07-06 17:30:00,PTEN
9.4172,9.43,9.37,9.425,11587,2021-07-06 17:35:00,PTEN
9.42,9.44,9.4,9.4,8810,2021-07-06 17:40:00,PTEN
9.405,9.42,9.395,9.4,7320,2021-07-06 17:45:00,PTEN
9.4072,9.43,9.4,9.43,5033,2021-07-06 17:50:00,PTEN
9.435,9.49,9.435,9.485,9719,2021-07-06 17:55:00,PTEN
9.49,9.49,9.47,9.48,13011,2021-07-06 18:00:00,PTEN
9.48,9.49,9.47,9.475,12075,2021-07-06 18:05:00,PTEN
9.47,9.47,9.39,9.39,16105,2021-07-06 18:10:00,PTEN
9.395,9.43,9.395,9.425,12208,2021-07-06 18:15:00,PTEN
9.425,9.445,9.415,9.42,5927,2021-07-06 18:20:00,PTEN
9.425,9.435,9.405,9.41,6994,2021-07-06 18:25:00,PTEN
9.41,9.42,9.395,9.395,7017,2021-07-06 18:30:00,PTEN
9.395,9.405,9.38,9.4,12330,2021-07-06 18:35:00,PTEN
9.41,9.41,9.39,9.395,3118,2021-07-06 18:40:00,PTEN
9.395,9.41,9.39,9.395,13400,2021-07-06 18:45:00,PTEN
9.395,9.44,9.395,9.42,15436,2021-07-06 18:50:00,PTEN
9.43,9.44,9.42,9.42,27529,2021-07-06 18:55:00,PTEN
9.42,9.45,9.415,9.43,21628,2021-07-06 19:00:00,PTEN
9.43,9.44,9.42,9.435,14687,2021-07-06 19:05:00,PTEN
9.43,9.44,9.425,9.435,17618,2021-07-06 19:10:00,PTEN
9.435,9.455,9.43,9.445,12691,2021-07-06 19:15:00,PTEN
9.445,9.445,9.41,9.435,27213,2021-07-06 19:20:00,PTEN
9.43,9.4399,9.38,9.38,19363,2021-07-06 19:25:00,PTEN
9.38,9.385,9.36,9.365,35371,2021-07-06 19:30:00,PTEN
9.365,9.39,9.365,9.37,29610,2021-07-06 19:35:00,PTEN
9.375,9.3758,9.35,9.365,21184,2021-07-06 19:40:00,PTEN
9.365,9.38,9.34,9.35,79346,2021-07-06 19:45:00,PTEN
9.355,9.36,9.29,9.31,164120,2021-07-06 19:50:00,PTEN
9.3099,9.315,9.27,9.27,209769,2021-07-06 19:55:00,PTEN
9.28,9.28,9.28,9.28,171697,2021-07-06 20:00:00,PTEN
9.2016,9.2016,9.2016,9.2016,2000,2021-07-06 20:10:00,PTEN
9.28,9.28,9.28,9.28,10134,2021-07-06 21:05:00,PTEN
9.41,9.41,9.41,9.41,100,2021-07-06 23:55:00,PTEN
9.28,9.49,9.28,9.48,102997,2021-07-07 13:30:00,PTEN
9.48,9.52,9.37,9.37,21035,2021-07-07 13:35:00,PTEN
9.36,9.4,9.23,9.25,19616,2021-07-07 13:40:00,PTEN
9.25,9.35,9.24,9.32,13876,2021-07-07 13:45:00,PTEN
9.3,9.3,9.185,9.19,69681,2021-07-07 13:50:00,PTEN
9.2,9.3,9.2,9.28,17300,2021-07-07 13:55:00,PTEN
9.28,9.28,9.13,9.13,32347,2021-07-07 14:00:00,PTEN
9.14,9.17,9.09,9.09,42862,2021-07-07 14:05:00,PTEN
9.095,9.13,9.08,9.1001,37185,2021-07-07 14:10:00,PTEN
9.1,9.11,9.035,9.04,20644,2021-07-07 14:15:00,PTEN
9.045,9.055,8.98,9.02,29415,2021-07-07 14:20:00,PTEN
9.015,9.03,8.9,8.915,40601,2021-07-07 14:25:00,PTEN
8.92,8.965,8.9,8.95,23414,2021-07-07 14:30:00,PTEN
8.95,8.985,8.87,8.885,45300,2021-07-07 14:35:00,PTEN
8.89,8.925,8.85,8.89,28093,2021-07-07 14:40:00,PTEN
8.865,8.92,8.855,8.9,16137,2021-07-07 14:45:00,PTEN
8.9,8.92,8.875,8.8958,15178,2021-07-07 14:50:00,PTEN
8.89,8.92,8.875,8.9,13451,2021-07-07 14:55:00,PTEN
8.885,8.975,8.84,8.965,57439,2021-07-07 15:00:00,PTEN
8.965,8.97,8.925,8.93,40270,2021-07-07 15:05:00,PTEN
8.92,8.94,8.89,8.9,24995,2021-07-07 15:10:00,PTEN
8.89,8.93,8.88,8.92,19034,2021-07-07 15:15:00,PTEN
8.93,8.94,8.915,8.93,7921,2021-07-07 15:20:00,PTEN
8.93,8.99,8.925,8.99,20689,2021-07-07 15:25:00,PTEN
8.997,9.06,8.997,9.04,16177,2021-07-07 15:30:00,PTEN
9.04,9.065,9.04,9.055,17793,2021-07-07 15:35:00,PTEN
9.05,9.05,8.99,8.99,15849,2021-07-07 15:40:00,PTEN
8.98,9.005,8.955,8.9867,15330,2021-07-07 15:45:00,PTEN
8.99,9.0,8.925,8.925,6473,2021-07-07 15:50:00,PTEN
8.915,8.92,8.9,8.92,14195,2021-07-07 15:55:00,PTEN
8.915,8.94,8.885,8.93,12900,2021-07-07 16:00:00,PTEN
8.94,8.98,8.925,8.955,12275,2021-07-07 16:05:00,PTEN
8.955,9.01,8.955,9.01,13550,2021-07-07 16:10:00,PTEN
9.01,9.01,8.98,9.0,9987,2021-07-07 16:15:00,PTEN
9.0,9.02,9.0,9.02,9168,2021-07-07 16:20:00,PTEN
9.02,9.04,9.02,9.02,4800,2021-07-07 16:25:00,PTEN
9.02,9.04,9.015,9.04,14604,2021-07-07 16:30:00,PTEN
9.045,9.075,9.045,9.06,8709,2021-07-07 16:35:00,PTEN
9.06,9.075,9.047,9.06,9892,2021-07-07 16:40:00,PTEN
9.06,9.07,9.0501,9.0501,8044,2021-07-07 16:45:00,PTEN
9.05,9.06,9.025,9.03,11188,2021-07-07 16:50:00,PTEN
9.025,9.025,8.97,8.975,9134,2021-07-07 16:55:00,PTEN
8.975,8.99,8.972,8.975,9008,2021-07-07 17:00:00,PTEN
8.975,8.98,8.945,8.945,7450,2021-07-07 17:05:00,PTEN
8.945,8.95,8.925,8.94,9682,2021-07-07 17:10:00,PTEN
8.94,8.96,8.93,8.95,7579,2021-07-07 17:15:00,PTEN
8.93,8.93,8.88,8.905,19662,2021-07-07 17:20:00,PTEN
8.9,8.905,8.865,8.875,16914,2021-07-07 17:25:00,PTEN
8.88,8.895,8.86,8.875,13888,2021-07-07 17:30:00,PTEN
8.88,8.895,8.88,8.885,10084,2021-07-07 17:35:00,PTEN
8.88,8.92,8.875,8.885,18063,2021-07-07 17:40:00,PTEN
8.88,8.89,8.865,8.875,13044,2021-07-07 17:45:00,PTEN
8.87,8.87,8.85,8.87,15370,2021-07-07 17:50:00,PTEN
8.87,8.87,8.85,8.855,8819,2021-07-07 17:55:00,PTEN
8.855,8.98,8.855,8.98,13780,2021-07-07 18:00:00,PTEN
8.98,9.0,8.96,8.975,9201,2021-07-07 18:05:00,PTEN
8.975,8.98,8.935,8.95,14857,2021-07-07 18:10:00,PTEN
8.945,8.95,8.9,8.95,11664,2021-07-07 18:15:00,PTEN
8.94,8.94,8.905,8.91,8822,2021-07-07 18:20:00,PTEN
8.91,8.92,8.89,8.89,13305,2021-07-07 18:25:00,PTEN
8.88,8.88,8.86,8.875,13973,2021-07-07 18:30:00,PTEN
8.87,8.87,8.835,8.835,13035,2021-07-07 18:35:00,PTEN
8.84,8.87,8.83,8.87,46323,2021-07-07 18:40:00,PTEN
8.87,8.91,8.86,8.89,36904,2021-07-07 18:45:00,PTEN
8.895,8.895,8.865,8.885,13650,2021-07-07 18:50:00,PTEN
8.89,8.955,8.89,8.955,40421,2021-07-07 18:55:00,PTEN
8.9501,8.985,8.9501,8.98,12734,2021-07-07 19:00:00,PTEN
8.975,8.9887,8.9701,8.985,10066,2021-07-07 19:05:00,PTEN
8.99,9.03,8.985,9.025,14049,2021-07-07 19:10:00,PTEN
9.02,9.03,9.01,9.015,10063,2021-07-07 19:15:00,PTEN
9.01,9.03,8.985,8.985,21304,2021-07-07 19:20:00,PTEN
8.99,9.0,8.98,8.98,16904,2021-07-07 19:25:00,PTEN
8.98,8.98,8.96,8.98,16543,2021-07-07 19:30:00,PTEN
8.975,8.98,8.935,8.97,21525,2021-07-07 19:35:00,PTEN
8.97,8.98,8.92,8.925,22206,2021-07-07 19:40:00,PTEN
8.925,8.94,8.905,8.93,41029,2021-07-07 19:45:00,PTEN
8.94,8.9717,8.915,8.965,72087,2021-07-07 19:50:00,PTEN
8.9699,8.9699,8.89,8.92,106070,2021-07-07 19:55:00,PTEN
8.91,8.91,8.91,8.91,215852,2021-07-07 20:00:00,PTEN
8.88,8.88,8.88,8.88,100,2021-07-08 11:55:00,PTEN
8.57,8.57,8.56,8.56,1100,2021-07-08 13:25:00,PTEN
8.59,8.81,8.3705,8.6857,85228,2021-07-08 13:30:00,PTEN
8.69,8.71,8.605,8.62,29602,2021-07-08 13:35:00,PTEN
8.64,8.64,8.54,8.59,44033,2021-07-08 13:40:00,PTEN
8.59,8.6927,8.57,8.69,20266,2021-07-08 13:45:00,PTEN
8.69,8.69,8.64,8.68,11395,2021-07-08 13:50:00,PTEN
8.68,8.685,8.61,8.66,18192,2021-07-08 13:55:00,PTEN
8.66,8.705,8.6,8.705,18749,2021-07-08 14:00:00,PTEN
8.71,8.81,8.685,8.775,18967,2021-07-08 14:05:00,PTEN
8.765,8.8,8.7,8.71,12958,2021-07-08 14:10:00,PTEN
8.715,8.75,8.715,8.735,10669,2021-07-08 14:15:00,PTEN
8.72,8.73,8.62,8.65,15094,2021-07-08 14:20:00,PTEN
8.65,8.7298,8.615,8.72,21865,2021-07-08 14:25:00,PTEN
8.73,8.75,8.66,8.6799,8545,2021-07-08 14:30:00,PTEN
8.68,8.68,8.62,8.63,17405,2021-07-08 14:35:00,PTEN
8.64,8.71,8.64,8.69,10112,2021-07-08 14:40:00,PTEN
8.68,8.685,8.625,8.665,16126,2021-07-08 14:45:00,PTEN
8.67,8.75,8.665,8.71,11140,2021-07-08 14:50:00,PTEN
8.71,8.71,8.645,8.6519,10588,2021-07-08 14:55:00,PTEN
8.66,8.78,8.66,8.78,18629,2021-07-08 15:00:00,PTEN
8.78,8.84,8.78,8.8,21785,2021-07-08 15:05:00,PTEN
8.805,8.835,8.79,8.8,15715,2021-07-08 15:10:00,PTEN
8.8,8.83,8.765,8.825,50103,2021-07-08 15:15:00,PTEN
8.825,8.83,8.805,8.815,143865,2021-07-08 15:20:00,PTEN
8.81,8.845,8.76,8.84,98463,2021-07-08 15:25:00,PTEN
8.8301,8.855,8.825,8.825,25946,2021-07-08 15:30:00,PTEN
8.83,8.88,8.82,8.845,8593,2021-07-08 15:35:00,PTEN
8.84,8.88,8.83,8.85,28516,2021-07-08 15:40:00,PTEN
8.85,8.92,8.85,8.91,12269,2021-07-08 15:45:00,PTEN
8.9075,8.92,8.88,8.92,9003,2021-07-08 15:50:00,PTEN
8.92,8.92,8.875,8.89,5200,2021-07-08 15:55:00,PTEN
8.9,8.91,8.875,8.9,7096,2021-07-08 16:00:00,PTEN
8.9,8.93,8.9,8.91,30749,2021-07-08 16:05:00,PTEN
8.9,8.905,8.86,8.875,13011,2021-07-08 16:10:00,PTEN
8.8764,8.895,8.835,8.835,59485,2021-07-08 16:15:00,PTEN
8.845,8.85,8.81,8.81,6478,2021-07-08 16:20:00,PTEN
8.81,8.87,8.805,8.86,12723,2021-07-08 16:25:00,PTEN
8.85,8.88,8.845,8.86,12292,2021-07-08 16:30:00,PTEN
8.86,8.91,8.86,8.91,6608,2021-07-08 16:35:00,PTEN
8.905,8.93,8.885,8.925,8245,2021-07-08 16:40:00,PTEN
8.92,8.94,8.905,8.92,8127,2021-07-08 16:45:00,PTEN
8.92,8.92,8.88,8.89,6165,2021-07-08 16:50:00,PTEN
8.89,8.9,8.885,8.89,6012,2021-07-08 16:55:00,PTEN
8.89,8.91,8.88,8.91,31693,2021-07-08 17:00:00,PTEN
8.905,8.92,8.9,8.92,11136,2021-07-08 17:05:00,PTEN
8.92,8.92,8.885,8.9,35596,2021-07-08 17:10:00,PTEN
8.895,8.895,8.81,8.85,64815,2021-07-08 17:15:00,PTEN
8.84,8.85,8.83,8.84,18830,2021-07-08 17:20:00,PTEN
8.84,8.87,8.84,8.865,5284,2021-07-08 17:25:00,PTEN
8.87,8.875,8.8436,8.87,18667,2021-07-08 17:30:00,PTEN
8.865,8.875,8.865,8.865,6315,2021-07-08 17:35:00,PTEN
8.865,8.875,8.845,8.86,17811,2021-07-08 17:40:00,PTEN
8.855,8.855,8.825,8.83,17474,2021-07-08 17:45:00,PTEN
8.835,8.835,8.805,8.825,18475,2021-07-08 17:50:00,PTEN
8.825,8.84,8.82,8.84,7060,2021-07-08 17:55:00,PTEN
8.84,8.85,8.815,8.85,12094,2021-07-08 18:00:00,PTEN
8.84,8.845,8.8,8.82,35883,2021-07-08 18:05:00,PTEN
8.815,8.85,8.81,8.85,10238,2021-07-08 18:10:00,PTEN
8.86,8.88,8.82,8.825,29752,2021-07-08 18:15:00,PTEN
8.825,8.855,8.825,8.855,15223,2021-07-08 18:20:00,PTEN
8.85,8.88,8.85,8.87,17928,2021-07-08 18:25:00,PTEN
8.86,8.89,8.855,8.875,21648,2021-07-08 18:30:00,PTEN
8.875,8.88,8.83,8.845,33585,2021-07-08 18:35:00,PTEN
8.84,8.845,8.82,8.825,18811,2021-07-08 18:40:00,PTEN
8.825,8.825,8.805,8.825,20933,2021-07-08 18:45:00,PTEN
8.82,8.84,8.8,8.805,10319,2021-07-08 18:50:00,PTEN
8.81,8.84,8.81,8.82,18446,2021-07-08 18:55:00,PTEN
8.83,8.88,8.82,8.87,38298,2021-07-08 19:00:00,PTEN
8.87,8.88,8.86,8.88,11998,2021-07-08 19:05:00,PTEN
8.88,8.9,8.86,8.87,19607,2021-07-08 19:10:00,PTEN
8.865,8.88,8.85,8.86,17543,2021-07-08 19:15:00,PTEN
8.87,8.9,8.87,8.9,13920,2021-07-08 19:20:00,PTEN
8.9,8.95,8.89,8.95,18504,2021-07-08 19:25:00,PTEN
8.95,8.97,8.93,8.94,35940,2021-07-08 19:30:00,PTEN
8.94,8.96,8.91,8.915,28824,2021-07-08 19:35:00,PTEN
8.91,8.92,8.885,8.89,33959,2021-07-08 19:40:00,PTEN
8.895,8.905,8.855,8.87,42114,2021-07-08 19:45:00,PTEN
8.865,8.935,8.84,8.9,110166,2021-07-08 19:50:00,PTEN
8.895,8.92,8.885,8.92,86982,2021-07-08 19:55:00,PTEN
8.91,8.91,8.91,8.91,309096,2021-07-08 20:00:00,PTEN
9.08,9.08,9.08,9.08,100,2021-07-09 11:45:00,PTEN
8.87,8.96,8.87,8.96,1375,2021-07-09 13:25:00,PTEN
9.09,9.12,8.92,8.94,63055,2021-07-09 13:30:00,PTEN
8.94,8.96,8.92,8.93,9243,2021-07-09 13:35:00,PTEN
8.92,9.09,8.91,9.09,19005,2021-07-09 13:40:00,PTEN
9.11,9.14,9.07,9.13,17623,2021-07-09 13:45:00,PTEN
9.125,9.15,9.12,9.125,37748,2021-07-09 13:50:00,PTEN
9.13,9.18,9.13,9.16,41729,2021-07-09 13:55:00,PTEN
9.17,9.22,9.155,9.185,21179,2021-07-09 14:00:00,PTEN
9.185,9.24,9.17,9.235,14567,2021-07-09 14:05:00,PTEN
9.23,9.23,9.165,9.22,18460,2021-07-09 14:10:00,PTEN
9.22,9.2471,9.185,9.235,21495,2021-07-09 14:15:00,PTEN
9.245,9.2767,9.24,9.25,6524,2021-07-09 14:20:00,PTEN
9.25,9.27,9.21,9.27,19031,2021-07-09 14:25:00,PTEN
9.2722,9.34,9.26,9.26,28292,2021-07-09 14:30:00,PTEN
9.27,9.34,9.26,9.33,8752,2021-07-09 14:35:00,PTEN
9.325,9.38,9.325,9.34,8263,2021-07-09 14:40:00,PTEN
9.32,9.33,9.27,9.3,15040,2021-07-09 14:45:00,PTEN
9.3,9.305,9.24,9.25,15240,2021-07-09 14:50:00,PTEN
9.25,9.25,9.21,9.24,5411,2021-07-09 14:55:00,PTEN
9.246,9.26,9.21,9.23,8914,2021-07-09 15:00:00,PTEN
9.24,9.28,9.24,9.26,8081,2021-07-09 15:05:00,PTEN
9.26,9.27,9.24,9.265,6944,2021-07-09 15:10:00,PTEN
9.26,9.26,9.22,9.225,6417,2021-07-09 15:15:00,PTEN
9.23,9.265,9.21,9.22,9649,2021-07-09 15:20:00,PTEN
9.225,9.25,9.225,9.24,8470,2021-07-09 15:25:00,PTEN
9.2489,9.265,9.2489,9.255,5054,2021-07-09 15:30:00,PTEN
9.26,9.28,9.24,9.27,6300,2021-07-09 15:35:00,PTEN
9.28,9.3,9.27,9.295,6343,2021-07-09 15:40:00,PTEN
9.295,9.295,9.255,9.26,5710,2021-07-09 15:45:00,PTEN
9.265,9.31,9.26,9.305,18671,2021-07-09 15:50:00,PTEN
9.305,9.34,9.305,9.325,7629,2021-07-09 15:55:00,PTEN
9.32,9.3284,9.295,9.31,9352,2021-07-09 16:00:00,PTEN
9.3,9.32,9.29,9.31,8820,2021-07-09 16:05:00,PTEN
9.315,9.315,9.29,9.295,6899,2021-07-09 16:10:00,PTEN
9.295,9.33,9.29,9.33,10317,2021-07-09 16:15:00,PTEN
9.325,9.345,9.325,9.3384,6950,2021-07-09 16:20:00,PTEN
9.34,9.345,9.31,9.315,11448,2021-07-09 16:25:00,PTEN
9.32,9.325,9.28,9.29,7525,2021-07-09 16:30:00,PTEN
9.295,9.295,9.28,9.295,4200,2021-07-09 16:35:00,PTEN
9.295,9.31,9.28,9.305,17976,2021-07-09 16:40:00,PTEN
9.32,9.33,9.315,9.33,5250,2021-07-09 16:45:00,PTEN
9.33,9.33,9.275,9.285,24698,2021-07-09 16:50:00,PTEN
9.29,9.32,9.29,9.32,7760,2021-07-09 16:55:00,PTEN
9.33,9.33,9.31,9.32,6300,2021-07-09 17:00:00,PTEN
9.325,9.34,9.325,9.34,1300,2021-07-09 17:05:00,PTEN
9.34,9.345,9.33,9.335,11495,2021-07-09 17:10:00,PTEN
9.335,9.355,9.32,9.355,10378,2021-07-09 17:15:00,PTEN
9.35,9.37,9.345,9.37,6736,2021-07-09 17:20:00,PTEN
9.37,9.39,9.36,9.36,14871,2021-07-09 17:25:00,PTEN
9.355,9.365,9.34,9.36,11668,2021-07-09 17:30:00,PTEN
9.365,9.365,9.31,9.315,14537,2021-07-09 17:35:00,PTEN
9.315,9.325,9.29,9.325,10736,2021-07-09 17:40:00,PTEN
9.325,9.33,9.305,9.33,6155,2021-07-09 17:45:00,PTEN
9.335,9.355,9.335,9.355,8404,2021-07-09 17:50:00,PTEN
9.355,9.365,9.34,9.345,4974,2021-07-09 17:55:00,PTEN
9.34,9.35,9.31,9.31,17694,2021-07-09 18:00:00,PTEN
9.315,9.35,9.31,9.341,5225,2021-07-09 18:05:00,PTEN
9.35,9.365,9.345,9.365,7288,2021-07-09 18:10:00,PTEN
9.365,9.365,9.33,9.355,24018,2021-07-09 18:15:00,PTEN
9.355,9.355,9.301,9.315,15441,2021-07-09 18:20:00,PTEN
9.315,9.335,9.31,9.33,3895,2021-07-09 18:25:00,PTEN
9.335,9.405,9.325,9.405,54132,2021-07-09 18:30:00,PTEN
9.4,9.43,9.4,9.42,13901,2021-07-09 18:35:00,PTEN
9.42,9.435,9.41,9.415,7363,2021-07-09 18:40:00,PTEN
9.415,9.43,9.39,9.415,16102,2021-07-09 18:45:00,PTEN
9.41,9.415,9.395,9.41,11265,2021-07-09 18:50:00,PTEN
9.41,9.415,9.39,9.395,9101,2021-07-09 18:55:00,PTEN
9.4,9.41,9.4,9.405,4875,2021-07-09 19:00:00,PTEN
9.405,9.43,9.4,9.4,20820,2021-07-09 19:05:00,PTEN
9.405,9.415,9.4,9.415,3694,2021-07-09 19:10:00,PTEN
9.41,9.44,9.41,9.43,20981,2021-07-09 19:15:00,PTEN
9.43,9.44,9.39,9.415,21171,2021-07-09 19:20:00,PTEN
9.415,9.445,9.41,9.445,8481,2021-07-09 19:25:00,PTEN
9.45,9.46,9.435,9.445,13446,2021-07-09 19:30:00,PTEN
9.445,9.445,9.4,9.415,29478,2021-07-09 19:35:00,PTEN
9.415,9.42,9.37,9.37,20414,2021-07-09 19:40:00,PTEN
9.36,9.38,9.3534,9.36,37068,2021-07-09 19:45:00,PTEN
9.35,9.36,9.33,9.345,67302,2021-07-09 19:50:00,PTEN
9.34,9.37,9.335,9.37,68517,2021-07-09 19:55:00,PTEN
9.36,9.36,9.36,9.36,186406,2021-07-09 20:00:00,PTEN
9.12,9.16,9.12,9.16,400,2021-07-12 13:25:00,PTEN
9.14,9.15,8.99,9.06,82852,2021-07-12 13:30:00,PTEN
9.06,9.25,9.06,9.25,37699,2021-07-12 13:35:00,PTEN
9.25,9.27,9.2,9.27,85054,2021-07-12 13:40:00,PTEN
9.26,9.335,9.25,9.32,38380,2021-07-12 13:45:00,PTEN
9.32,9.34,9.31,9.32,12226,2021-07-12 13:50:00,PTEN
9.33,9.4199,9.33,9.405,18688,2021-07-12 13:55:00,PTEN
9.405,9.495,9.35,9.455,54766,2021-07-12 14:00:00,PTEN
9.46,9.495,9.45,9.465,11163,2021-07-12 14:05:00,PTEN
9.45,9.475,9.43,9.43,10200,2021-07-12 14:10:00,PTEN
9.425,9.49,9.425,9.445,30016,2021-07-12 14:15:00,PTEN
9.435,9.455,9.39,9.4375,6523,2021-07-12 14:20:00,PTEN
9.43,9.515,9.43,9.49,8466,2021-07-12 14:25:00,PTEN
9.49,9.54,9.445,9.445,7114,2021-07-12 14:30:00,PTEN
9.45,9.45,9.41,9.43,5158,2021-07-12 14:35:00,PTEN
9.435,9.45,9.42,9.435,19695,2021-07-12 14:40:00,PTEN
9.43,9.435,9.32,9.32,5502,2021-07-12 14:45:00,PTEN
9.33,9.425,9.33,9.425,51005,2021-07-12 14:50:00,PTEN
9.425,9.43,9.4,9.425,4709,2021-07-12 14:55:00,PTEN
9.43,9.435,9.39,9.405,3101,2021-07-12 15:00:00,PTEN
9.41,9.45,9.39,9.39,14881,2021-07-12 15:05:00,PTEN
9.385,9.415,9.37,9.415,9149,2021-07-12 15:10:00,PTEN
9.415,9.44,9.415,9.44,5267,2021-07-12 15:15:00,PTEN
9.435,9.47,9.43,9.47,3409,2021-07-12 15:20:00,PTEN
9.465,9.485,9.46,9.485,12992,2021-07-12 15:25:00,PTEN
9.4823,9.4823,9.44,9.44,4430,2021-07-12 15:30:00,PTEN
9.44,9.475,9.44,9.47,7156,2021-07-12 15:35:00,PTEN
9.47,9.51,9.47,9.51,28687,2021-07-12 15:40:00,PTEN
9.505,9.505,9.465,9.475,3038,2021-07-12 15:45:00,PTEN
9.48,9.495,9.47,9.495,4234,2021-07-12 15:50:00,PTEN
9.495,9.499,9.475,9.485,4481,2021-07-12 15:55:00,PTEN
9.47,9.475,9.42,9.425,7167,2021-07-12 16:00:00,PTEN
9.42,9.45,9.42,9.425,4914,2021-07-12 16:05:00,PTEN
9.43,9.44,9.395,9.42,9583,2021-07-12 16:10:00,PTEN
9.41,9.425,9.41,9.425,1689,2021-07-12 16:15:00,PTEN
9.41,9.425,9.35,9.35,4000,2021-07-12 16:20:00,PTEN
9.355,9.36,9.34,9.35,6763,2021-07-12 16:25:00,PTEN
9.34,9.38,9.33,9.38,6640,2021-07-12 16:30:00,PTEN
9.375,9.39,9.35,9.375,5725,2021-07-12 16:35:00,PTEN
9.375,9.375,9.35,9.365,4703,2021-07-12 16:40:00,PTEN
9.36,9.36,9.335,9.335,3424,2021-07-12 16:45:00,PTEN
9.32,9.33,9.3,9.315,9037,2021-07-12 16:50:00,PTEN
9.32,9.33,9.31,9.325,5846,2021-07-12 16:55:00,PTEN
9.325,9.355,9.32,9.35,11995,2021-07-12 17:00:00,PTEN
9.355,9.38,9.35,9.355,14648,2021-07-12 17:05:00,PTEN
9.355,9.39,9.355,9.375,3267,2021-07-12 17:10:00,PTEN
9.38,9.385,9.35,9.35,5100,2021-07-12 17:15:00,PTEN
9.36,9.37,9.35,9.36,6260,2021-07-12 17:20:00,PTEN
9.355,9.4,9.355,9.395,5510,2021-07-12 17:25:00,PTEN
9.395,9.405,9.39,9.395,7503,2021-07-12 17:30:00,PTEN
9.395,9.42,9.395,9.405,4805,2021-07-12 17:35:00,PTEN
9.41,9.42,9.4,9.42,4240,2021-07-12 17:40:00,PTEN
9.415,9.4199,9.405,9.405,5881,2021-07-12 17:45:00,PTEN
9.405,9.415,9.39,9.405,8322,2021-07-12 17:50:00,PTEN
9.41,9.41,9.375,9.385,5362,2021-07-12 17:55:00,PTEN
9.39,9.4,9.385,9.395,8205,2021-07-12 18:00:00,PTEN
9.395,9.395,9.38,9.395,4122,2021-07-12 18:05:00,PTEN
9.39,9.4,9.38,9.385,5308,2021-07-12 18:10:00,PTEN
9.39,9.42,9.38,9.42,7011,2021-07-12 18:15:00,PTEN
9.43,9.45,9.425,9.445,13518,2021-07-12 18:20:00,PTEN
9.4499,9.53,9.445,9.52,152580,2021-07-12 18:25:00,PTEN
9.52,9.565,9.515,9.54,21810,2021-07-12 18:30:00,PTEN
9.545,9.56,9.53,9.5301,18994,2021-07-12 18:35:00,PTEN
9.535,9.55,9.5301,9.54,8333,2021-07-12 18:40:00,PTEN
9.545,9.545,9.51,9.515,13145,2021-07-12 18:45:00,PTEN
9.52,9.54,9.515,9.535,4200,2021-07-12 18:50:00,PTEN
9.54,9.545,9.515,9.525,16199,2021-07-12 18:55:00,PTEN
9.525,9.535,9.515,9.535,9746,2021-07-12 19:00:00,PTEN
9.5359,9.5359,9.51,9.51,7716,2021-07-12 19:05:00,PTEN
9.505,9.515,9.495,9.5,4873,2021-07-12 19:10:00,PTEN
9.5,9.505,9.46,9.465,18827,2021-07-12 19:15:00,PTEN
9.465,9.485,9.465,9.485,6022,2021-07-12 19:20:00,PTEN
9.49,9.535,9.48,9.535,7764,2021-07-12 19:25:00,PTEN
9.535,9.535,9.505,9.515,6588,2021-07-12 19:30:00,PTEN
9.51,9.51,9.47,9.47,17454,2021-07-12 19:35:00,PTEN
9.47,9.48,9.46,9.465,10580,2021-07-12 19:40:00,PTEN
9.46,9.49,9.45,9.48,17711,2021-07-12 19:45:00,PTEN
9.48,9.52,9.48,9.515,24462,2021-07-12 19:50:00,PTEN
9.515,9.515,9.47,9.47,55998,2021-07-12 19:55:00,PTEN
9.48,9.48,9.48,9.48,159343,2021-07-12 20:00:00,PTEN
9.44,9.45,9.44,9.45,290,2021-07-13 12:15:00,PTEN
9.44,9.44,9.44,9.44,490,2021-07-13 13:00:00,PTEN
9.4,9.4,9.4,9.4,1000,2021-07-13 13:20:00,PTEN
9.44,9.475,9.2363,9.27,46443,2021-07-13 13:30:00,PTEN
9.26,9.38,9.25,9.38,9436,2021-07-13 13:35:00,PTEN
9.39,9.4,9.34,9.39,28123,2021-07-13 13:40:00,PTEN
9.39,9.45,9.36,9.4,9530,2021-07-13 13:45:00,PTEN
9.395,9.395,9.35,9.38,14136,2021-07-13 13:50:00,PTEN
9.39,9.43,9.3581,9.37,29596,2021-07-13 13:55:00,PTEN
9.37,9.375,9.28,9.3,16545,2021-07-13 14:00:00,PTEN
9.31,9.33,9.28,9.32,12095,2021-07-13 14:05:00,PTEN
9.34,9.355,9.3,9.305,9036,2021-07-13 14:10:00,PTEN
9.3,9.31,9.28,9.31,6130,2021-07-13 14:15:00,PTEN
9.3,9.315,9.27,9.29,11249,2021-07-13 14:20:00,PTEN
9.28,9.295,9.245,9.245,16755,2021-07-13 14:25:00,PTEN
9.25,9.29,9.25,9.27,10094,2021-07-13 14:30:00,PTEN
9.275,9.275,9.25,9.25,4983,2021-07-13 14:35:00,PTEN
9.255,9.255,9.19,9.19,17131,2021-07-13 14:40:00,PTEN
9.2,9.21,9.16,9.2,10805,2021-07-13 14:45:00,PTEN
9.19,9.27,9.19,9.25,12252,2021-07-13 14:50:00,PTEN
9.26,9.305,9.26,9.277,4776,2021-07-13 14:55:00,PTEN
9.28,9.29,9.215,9.23,9340,2021-07-13 15:00:00,PTEN
9.22,9.28,9.22,9.27,4500,2021-07-13 15:05:00,PTEN
9.275,9.285,9.24,9.25,5040,2021-07-13 15:10:00,PTEN
9.24,9.245,9.22,9.23,6371,2021-07-13 15:15:00,PTEN
9.23,9.245,9.2,9.245,6643,2021-07-13 15:20:00,PTEN
9.25,9.29,9.2424,9.27,7877,2021-07-13 15:25:00,PTEN
9.27,9.28,9.255,9.2742,5246,2021-07-13 15:30:00,PTEN
9.275,9.295,9.255,9.295,12177,2021-07-13 15:35:00,PTEN
9.29,9.31,9.29,9.305,3869,2021-07-13 15:40:00,PTEN
9.305,9.32,9.305,9.31,19553,2021-07-13 15:45:00,PTEN
9.32,9.33,9.305,9.305,11387,2021-07-13 15:50:00,PTEN
9.305,9.33,9.29,9.325,16791,2021-07-13 15:55:00,PTEN
9.32,9.35,9.32,9.33,25740,2021-07-13 16:00:00,PTEN
9.33,9.35,9.32,9.35,14217,2021-07-13 16:05:00,PTEN
9.35,9.38,9.35,9.355,9966,2021-07-13 16:10:00,PTEN
9.35,9.36,9.325,9.34,7628,2021-07-13 16:15:00,PTEN
9.34,9.37,9.34,9.35,6811,2021-07-13 16:20:00,PTEN
9.34,9.36,9.33,9.36,21973,2021-07-13 16:25:00,PTEN
9.35,9.35,9.335,9.345,4443,2021-07-13 16:30:00,PTEN
9.345,9.35,9.335,9.35,6424,2021-07-13 16:35:00,PTEN
9.36,9.36,9.34,9.34,16372,2021-07-13 16:40:00,PTEN
9.35,9.355,9.32,9.325,6532,2021-07-13 16:45:00,PTEN
9.325,9.35,9.325,9.345,8607,2021-07-13 16:50:00,PTEN
9.345,9.35,9.32,9.32,8488,2021-07-13 16:55:00,PTEN
9.33,9.355,9.33,9.35,6895,2021-07-13 17:00:00,PTEN
9.34,9.35,9.3345,9.3345,2463,2021-07-13 17:05:00,PTEN
9.34,9.36,9.34,9.35,8854,2021-07-13 17:10:00,PTEN
9.35,9.357,9.34,9.34,5100,2021-07-13 17:15:00,PTEN
9.35,9.405,9.35,9.4,16691,2021-07-13 17:20:00,PTEN
9.395,9.43,9.395,9.425,15130,2021-07-13 17:25:00,PTEN
9.425,9.43,9.39,9.39,5794,2021-07-13 17:30:00,PTEN
9.385,9.385,9.38,9.38,3276,2021-07-13 17:35:00,PTEN
9.38,9.4,9.36,9.36,10043,2021-07-13 17:40:00,PTEN
9.355,9.395,9.355,9.39,9709,2021-07-13 17:45:00,PTEN
9.4,9.43,9.4,9.43,16732,2021-07-13 17:50:00,PTEN
9.43,9.44,9.425,9.435,20835,2021-07-13 17:55:00,PTEN
9.435,9.45,9.39,9.39,22703,2021-07-13 18:00:00,PTEN
9.39,9.39,9.37,9.38,16076,2021-07-13 18:05:00,PTEN
9.375,9.41,9.375,9.405,4538,2021-07-13 18:10:00,PTEN
9.405,9.42,9.405,9.42,4156,2021-07-13 18:15:00,PTEN
9.42,9.43,9.41,9.43,5546,2021-07-13 18:20:00,PTEN
9.42,9.42,9.4,9.405,6150,2021-07-13 18:25:00,PTEN
9.4,9.41,9.39,9.39,13150,2021-07-13 18:30:00,PTEN
9.39,9.39,9.37,9.39,8603,2021-07-13 18:35:00,PTEN
9.39,9.39,9.36,9.38,26336,2021-07-13 18:40:00,PTEN
9.375,9.38,9.36,9.36,24801,2021-07-13 18:45:00,PTEN
9.355,9.365,9.35,9.355,6713,2021-07-13 18:50:00,PTEN
9.35,9.35,9.31,9.31,9080,2021-07-13 18:55:00,PTEN
9.315,9.345,9.315,9.335,9751,2021-07-13 19:00:00,PTEN
9.34,9.35,9.325,9.335,7690,2021-07-13 19:05:00,PTEN
9.34,9.34,9.32,9.325,5150,2021-07-13 19:10:00,PTEN
9.33,9.34,9.32,9.32,8189,2021-07-13 19:15:00,PTEN
9.33,9.335,9.29,9.295,8645,2021-07-13 19:20:00,PTEN
9.3,9.31,9.28,9.31,7065,2021-07-13 19:25:00,PTEN
9.3098,9.31,9.285,9.29,5584,2021-07-13 19:30:00,PTEN
9.29,9.295,9.235,9.25,16984,2021-07-13 19:35:00,PTEN
9.245,9.26,9.24,9.255,7115,2021-07-13 19:40:00,PTEN
9.255,9.27,9.23,9.235,20397,2021-07-13 19:45:00,PTEN
9.235,9.27,9.23,9.27,28395,2021-07-13 19:50:00,PTEN
9.27,9.27,9.23,9.235,73593,2021-07-13 19:55:00,PTEN
9.24,9.24,9.24,9.24,160875,2021-07-13 20:00:00,PTEN
9.24,9.24,9.24,9.24,5564,2021-07-13 20:55:00,PTEN
9.6963,9.6963,9.6963,9.6963,220,2021-07-14 12:40:00,PTEN
9.33,9.44,9.2752,9.44,62212,2021-07-14 13:30:00,PTEN
9.48,9.6,9.47,9.59,54407,2021-07-14 13:35:00,PTEN
9.58,9.6,9.43,9.442,18410,2021-07-14 13:40:00,PTEN
9.45,9.45,9.315,9.32,19128,2021-07-14 13:45:00,PTEN
9.3,9.305,9.23,9.275,30437,2021-07-14 13:50:00,PTEN
9.28,9.3,9.24,9.25,27726,2021-07-14 13:55:00,PTEN
9.245,9.275,9.18,9.185,22945,2021-07-14 14:00:00,PTEN
9.2,9.24,9.195,9.23,10149,2021-07-14 14:05:00,PTEN
9.225,9.285,9.215,9.27,24923,2021-07-14 14:10:00,PTEN
9.28,9.35,9.28,9.335,21998,2021-07-14 14:15:00,PTEN
9.35,9.42,9.335,9.385,13548,2021-07-14 14:20:00,PTEN
9.395,9.395,9.32,9.33,4900,2021-07-14 14:25:00,PTEN
9.33,9.33,9.265,9.265,5793,2021-07-14 14:30:00,PTEN
9.27,9.28,9.23,9.25,11832,2021-07-14 14:35:00,PTEN
9.255,9.275,9.245,9.25,31300,2021-07-14 14:40:00,PTEN
9.245,9.29,9.245,9.285,4544,2021-07-14 14:45:00,PTEN
9.29,9.29,9.245,9.25,9059,2021-07-14 14:50:00,PTEN
9.24,9.24,9.21,9.21,20778,2021-07-14 14:55:00,PTEN
9.2,9.2,9.16,9.18,19026,2021-07-14 15:00:00,PTEN
9.17,9.195,9.15,9.15,14043,2021-07-14 15:05:00,PTEN
9.15,9.1823,9.145,9.18,11624,2021-07-14 15:10:00,PTEN
9.18,9.189,9.16,9.18,7400,2021-07-14 15:15:00,PTEN
9.18,9.18,9.16,9.16,7840,2021-07-14 15:20:00,PTEN
9.165,9.165,9.09,9.125,14250,2021-07-14 15:25:00,PTEN
9.135,9.18,9.12,9.12,14456,2021-07-14 15:30:00,PTEN
9.12,9.12,9.04,9.04,13905,2021-07-14 15:35:00,PTEN
9.03,9.03,8.96,9.0,19662,2021-07-14 15:40:00,PTEN
9.0,9.005,8.98,8.99,5913,2021-07-14 15:45:00,PTEN
8.98,8.98,8.91,8.94,28779,2021-07-14 15:50:00,PTEN
8.94,8.94,8.86,8.88,21881,2021-07-14 15:55:00,PTEN
8.89,8.97,8.89,8.97,41939,2021-07-14 16:00:00,PTEN
8.97,8.97,8.905,8.91,10520,2021-07-14 16:05:00,PTEN
8.91,8.93,8.905,8.92,5466,2021-07-14 16:10:00,PTEN
8.91,8.935,8.89,8.895,7517,2021-07-14 16:15:00,PTEN
8.89,8.945,8.87,8.92,8467,2021-07-14 16:20:00,PTEN
8.925,8.98,8.92,8.98,8576,2021-07-14 16:25:00,PTEN
8.985,9.028,8.965,9.025,10383,2021-07-14 16:30:00,PTEN
9.02,9.03,9.0,9.03,7881,2021-07-14 16:35:00,PTEN
9.03,9.03,9.0,9.01,4139,2021-07-14 16:40:00,PTEN
9.01,9.02,8.975,9.02,24498,2021-07-14 16:45:00,PTEN
9.02,9.05,9.02,9.045,7340,2021-07-14 16:50:00,PTEN
9.05,9.06,9.035,9.06,3519,2021-07-14 16:55:00,PTEN
9.06,9.11,9.05,9.11,8829,2021-07-14 17:00:00,PTEN
9.1,9.105,9.055,9.055,7878,2021-07-14 17:05:00,PTEN
9.06,9.09,9.045,9.06,10843,2021-07-14 17:10:00,PTEN
9.06,9.06,9.0,9.005,23728,2021-07-14 17:15:00,PTEN
9.005,9.09,9.0,9.04,14822,2021-07-14 17:20:00,PTEN
9.04,9.07,9.015,9.045,12274,2021-07-14 17:25:00,PTEN
9.05,9.09,9.05,9.05,11849,2021-07-14 17:30:00,PTEN
9.06,9.07,9.03,9.04,19518,2021-07-14 17:35:00,PTEN
9.04,9.0403,9.025,9.035,18377,2021-07-14 17:40:00,PTEN
9.04,9.04,9.015,9.04,9202,2021-07-14 17:45:00,PTEN
9.035,9.0407,9.025,9.03,4715,2021-07-14 17:50:00,PTEN
9.03,9.04,9.01,9.03,9322,2021-07-14 17:55:00,PTEN
9.03,9.05,9.015,9.02,10391,2021-07-14 18:00:00,PTEN
9.02,9.02,8.985,8.99,11204,2021-07-14 18:05:00,PTEN
8.985,8.99,8.965,8.97,34235,2021-07-14 18:10:00,PTEN
8.965,8.98,8.915,8.915,16342,2021-07-14 18:15:00,PTEN
8.915,8.915,8.885,8.895,22221,2021-07-14 18:20:00,PTEN
8.895,8.895,8.86,8.86,11053,2021-07-14 18:25:00,PTEN
8.87,8.88,8.855,8.855,11908,2021-07-14 18:30:00,PTEN
8.855,8.89,8.85,8.885,18065,2021-07-14 18:35:00,PTEN
8.8865,8.9,8.875,8.88,15935,2021-07-14 18:40:00,PTEN
8.875,8.905,8.865,8.895,20467,2021-07-14 18:45:00,PTEN
8.9,8.9,8.87,8.87,3925,2021-07-14 18:50:00,PTEN
8.87,8.87,8.805,8.82,23467,2021-07-14 18:55:00,PTEN
8.825,8.85,8.825,8.845,23111,2021-07-14 19:00:00,PTEN
8.84,8.85,8.82,8.825,11659,2021-07-14 19:05:00,PTEN
8.825,8.83,8.8,8.805,22010,2021-07-14 19:10:00,PTEN
8.8,8.83,8.785,8.815,22052,2021-07-14 19:15:00,PTEN
8.815,8.82,8.78,8.78,18347,2021-07-14 19:20:00,PTEN
8.785,8.785,8.76,8.77,17178,2021-07-14 19:25:00,PTEN
8.775,8.78,8.69,8.705,37571,2021-07-14 19:30:00,PTEN
8.71,8.78,8.705,8.77,22708,2021-07-14 19:35:00,PTEN
8.77,8.775,8.725,8.73,18345,2021-07-14 19:40:00,PTEN
8.7283,8.79,8.72,8.785,26547,2021-07-14 19:45:00,PTEN
8.78,8.79,8.735,8.74,92072,2021-07-14 19:50:00,PTEN
8.745,8.805,8.74,8.79,127071,2021-07-14 19:55:00,PTEN
8.78,8.78,8.78,8.78,207123,2021-07-14 20:00:00,PTEN
8.78,8.78,8.78,8.78,11885,2021-07-14 21:20:00,PTEN
8.65,8.91,8.65,8.91,200,2021-07-15 12:05:00,PTEN
8.66,8.9,8.66,8.78,7400,2021-07-15 12:10:00,PTEN
8.78,8.8,8.52,8.7,10367,2021-07-15 12:15:00,PTEN
8.7,8.7,8.47,8.55,34174,2021-07-15 12:20:00,PTEN
8.68,8.68,8.56,8.56,3500,2021-07-15 12:35:00,PTEN
8.6,8.6,8.6,8.6,198,2021-07-15 13:00:00,PTEN
8.66,8.78,8.51,8.68,2499,2021-07-15 13:25:00,PTEN
8.65,8.86,8.59,8.815,28715,2021-07-15 13:30:00,PTEN
8.81,8.87,8.78,8.79,7140,2021-07-15 13:35:00,PTEN
8.79,8.7982,8.68,8.78,21603,2021-07-15 13:40:00,PTEN
8.79,8.855,8.77,8.85,7796,2021-07-15 13:45:00,PTEN
8.85,8.89,8.805,8.84,7903,2021-07-15 13:50:00,PTEN
8.84,8.88,8.84,8.84,29796,2021-07-15 13:55:00,PTEN
8.825,8.87,8.81,8.86,35634,2021-07-15 14:00:00,PTEN
8.86,8.86,8.82,8.83,7008,2021-07-15 14:05:00,PTEN
8.83,8.85,8.79,8.835,13916,2021-07-15 14:10:00,PTEN
8.83,8.84,8.76,8.76,7408,2021-07-15 14:15:00,PTEN
8.76,8.76,8.71,8.75,6439,2021-07-15 14:20:00,PTEN
8.74,8.74,8.67,8.67,8758,2021-07-15 14:25:00,PTEN
8.67,8.67,8.62,8.66,82136,2021-07-15 14:30:00,PTEN
8.66,8.68,8.64,8.67,17610,2021-07-15 14:35:00,PTEN
8.67,8.69,8.62,8.63,7250,2021-07-15 14:40:00,PTEN
8.635,8.71,8.635,8.705,14099,2021-07-15 14:45:00,PTEN
8.7,8.76,8.7,8.755,5297,2021-07-15 14:50:00,PTEN
8.76,8.8,8.755,8.8,6303,2021-07-15 14:55:00,PTEN
8.8,8.89,8.77,8.79,35623,2021-07-15 15:00:00,PTEN
8.8,8.865,8.8,8.83,16246,2021-07-15 15:05:00,PTEN
8.83,8.875,8.805,8.8575,6156,2021-07-15 15:10:00,PTEN
8.86,8.88,8.85,8.875,3215,2021-07-15 15:15:00,PTEN
8.875,8.92,8.875,8.905,12463,2021-07-15 15:20:00,PTEN
8.905,8.905,8.87,8.875,9574,2021-07-15 15:25:00,PTEN
8.875,8.88,8.84,8.88,9911,2021-07-15 15:30:00,PTEN
8.88,8.95,8.87,8.94,12777,2021-07-15 15:35:00,PTEN
8.95,8.96,8.91,8.92,7449,2021-07-15 15:40:00,PTEN
8.91,8.93,8.9,8.93,8112,2021-07-15 15:45:00,PTEN
8.93,8.94,8.9,8.935,7363,2021-07-15 15:50:00,PTEN
8.93,8.96,8.905,8.905,7983,2021-07-15 15:55:00,PTEN
8.92,8.92,8.89,8.89,3295,2021-07-15 16:00:00,PTEN
8.88,8.885,8.81,8.835,5076,2021-07-15 16:05:00,PTEN
8.83,8.91,8.83,8.89,8117,2021-07-15 16:10:00,PTEN
8.88,8.88,8.86,8.86,3500,2021-07-15 16:15:00,PTEN
8.855,8.88,8.83,8.875,6673,2021-07-15 16:20:00,PTEN
8.88,8.89,8.865,8.88,3752,2021-07-15 16:25:00,PTEN
8.87,8.88,8.86,8.88,3956,2021-07-15 16:30:00,PTEN
8.88,8.89,8.87,8.88,5912,2021-07-15 16:35:00,PTEN
8.88,8.895,8.875,8.895,3343,2021-07-15 16:40:00,PTEN
8.89,8.895,8.85,8.86,6810,2021-07-15 16:45:00,PTEN
8.86,8.86,8.84,8.84,9376,2021-07-15 16:50:00,PTEN
8.83,8.83,8.79,8.79,9246,2021-07-15 16:55:00,PTEN
8.79,8.8,8.78,8.78,3560,2021-07-15 17:00:00,PTEN
8.775,8.78,8.75,8.7665,5988,2021-07-15 17:05:00,PTEN
8.76,8.78,8.755,8.76,5764,2021-07-15 17:10:00,PTEN
8.75,8.76,8.68,8.686,9906,2021-07-15 17:15:00,PTEN
8.69,8.7417,8.69,8.71,9818,2021-07-15 17:20:00,PTEN
8.71,8.74,8.71,8.71,6396,2021-07-15 17:25:00,PTEN
8.7,8.71,8.6742,8.7,11962,2021-07-15 17:30:00,PTEN
8.69,8.69,8.665,8.665,3500,2021-07-15 17:35:00,PTEN
8.66,8.67,8.6157,8.6157,8871,2021-07-15 17:40:00,PTEN
8.61,8.63,8.6,8.62,11324,2021-07-15 17:45:00,PTEN
8.62,8.64,8.59,8.59,7080,2021-07-15 17:50:00,PTEN
8.59,8.645,8.59,8.6,13461,2021-07-15 17:55:00,PTEN
8.6,8.66,8.6,8.63,11684,2021-07-15 18:00:00,PTEN
8.63,8.645,8.6,8.64,9774,2021-07-15 18:05:00,PTEN
8.64,8.67,8.63,8.655,4600,2021-07-15 18:10:00,PTEN
8.65,8.685,8.64,8.68,12144,2021-07-15 18:15:00,PTEN
8.67,8.68,8.66,8.68,9685,2021-07-15 18:20:00,PTEN
8.685,8.685,8.653,8.675,8982,2021-07-15 18:25:00,PTEN
8.68,8.69,8.675,8.685,14309,2021-07-15 18:30:00,PTEN
8.67,8.685,8.66,8.675,8628,2021-07-15 18:35:00,PTEN
8.675,8.695,8.675,8.68,4830,2021-07-15 18:40:00,PTEN
8.68,8.685,8.66,8.675,8415,2021-07-15 18:45:00,PTEN
8.68,8.68,8.65,8.65,5246,2021-07-15 18:50:00,PTEN
8.65,8.67,8.645,8.66,6269,2021-07-15 18:55:00,PTEN
8.66,8.67,8.65,8.67,7586,2021-07-15 19:00:00,PTEN
8.67,8.67,8.65,8.66,5438,2021-07-15 19:05:00,PTEN
8.655,8.66,8.64,8.64,5343,2021-07-15 19:10:00,PTEN
8.645,8.65,8.6,8.62,23694,2021-07-15 19:15:00,PTEN
8.61,8.61,8.585,8.595,12595,2021-07-15 19:20:00,PTEN
8.6,8.62,8.595,8.605,13318,2021-07-15 19:25:00,PTEN
8.61,8.62,8.605,8.605,13142,2021-07-15 19:30:00,PTEN
8.605,8.65,8.6,8.65,24989,2021-07-15 19:35:00,PTEN
8.65,8.67,8.51,8.535,90259,2021-07-15 19:40:00,PTEN
8.535,8.56,8.51,8.51,70736,2021-07-15 19:45:00,PTEN
8.51,8.525,8.46,8.495,149475,2021-07-15 19:50:00,PTEN
8.49,8.53,8.46,8.52,135156,2021-07-15 19:55:00,PTEN
8.53,8.53,8.53,8.53,207637,2021-07-15 20:00:00,PTEN
8.64,8.64,8.64,8.64,59276,2021-07-15 20:10:00,PTEN
8.4,8.74,8.4,8.55,6640,2021-07-16 12:25:00,PTEN
8.55,8.69,8.5,8.62,35930,2021-07-16 12:30:00,PTEN
8.61,8.62,8.61,8.62,2525,2021-07-16 12:35:00,PTEN
8.64,8.64,8.64,8.64,100,2021-07-16 13:10:00,PTEN
8.66,8.735,8.61,8.73,33424,2021-07-16 13:30:00,PTEN
8.73,8.74,8.56,8.56,14112,2021-07-16 13:35:00,PTEN
8.57,8.61,8.5,8.51,23344,2021-07-16 13:40:00,PTEN
8.515,8.56,8.44,8.44,51389,2021-07-16 13:45:00,PTEN
8.45,8.55,8.45,8.55,13485,2021-07-16 13:50:00,PTEN
8.54,8.545,8.45,8.5,12696,2021-07-16 13:55:00,PTEN
8.5,8.5,8.43,8.43,6374,2021-07-16 14:00:00,PTEN
8.42,8.42,8.33,8.34,18873,2021-07-16 14:05:00,PTEN
8.34,8.35,8.31,8.315,11998,2021-07-16 14:10:00,PTEN
8.31,8.335,8.28,8.29,9665,2021-07-16 14:15:00,PTEN
8.29,8.305,8.23,8.23,18244,2021-07-16 14:20:00,PTEN
8.23,8.255,8.19,8.21,14490,2021-07-16 14:25:00,PTEN
8.2,8.29,8.19,8.275,13072,2021-07-16 14:30:00,PTEN
8.275,8.2855,8.215,8.25,19773,2021-07-16 14:35:00,PTEN
8.24,8.24,8.195,8.195,15642,2021-07-16 14:40:00,PTEN
8.2,8.21,8.13,8.13,12311,2021-07-16 14:45:00,PTEN
8.14,8.19,8.13,8.19,16421,2021-07-16 14:50:00,PTEN
8.185,8.23,8.185,8.23,10458,2021-07-16 14:55:00,PTEN
8.24,8.245,8.175,8.175,19545,2021-07-16 15:00:00,PTEN
8.18,8.28,8.18,8.28,12541,2021-07-16 15:05:00,PTEN
8.27,8.28,8.25,8.27,10535,2021-07-16 15:10:00,PTEN
8.275,8.275,8.235,8.26,8700,2021-07-16 15:15:00,PTEN
8.265,8.29,8.26,8.29,5112,2021-07-16 15:20:00,PTEN
8.2901,8.3083,8.275,8.28,10201,2021-07-16 15:25:00,PTEN
8.285,8.345,8.285,8.34,12013,2021-07-16 15:30:00,PTEN
8.355,8.3699,8.335,8.36,12956,2021-07-16 15:35:00,PTEN
8.37,8.37,8.3201,8.355,6245,2021-07-16 15:40:00,PTEN
8.35,8.35,8.29,8.29,4657,2021-07-16 15:45:00,PTEN
8.285,8.315,8.28,8.28,9908,2021-07-16 15:50:00,PTEN
8.285,8.295,8.28,8.29,12265,2021-07-16 15:55:00,PTEN
8.295,8.295,8.24,8.245,13833,2021-07-16 16:00:00,PTEN
8.24,8.295,8.24,8.285,9878,2021-07-16 16:05:00,PTEN
8.29,8.32,8.29,8.31,22345,2021-07-16 16:10:00,PTEN
8.3,8.34,8.3,8.335,30279,2021-07-16 16:15:00,PTEN
8.335,8.335,8.3,8.31,15742,2021-07-16 16:20:00,PTEN
8.305,8.33,8.28,8.33,16629,2021-07-16 16:25:00,PTEN
8.335,8.335,8.32,8.325,5899,2021-07-16 16:30:00,PTEN
8.325,8.34,8.325,8.335,2100,2021-07-16 16:35:00,PTEN
8.335,8.34,8.33,8.335,4023,2021-07-16 16:40:00,PTEN
8.34,8.35,8.33,8.34,8277,2021-07-16 16:45:00,PTEN
8.335,8.36,8.33,8.33,19539,2021-07-16 16:50:00,PTEN
8.335,8.34,8.325,8.335,6978,2021-07-16 16:55:00,PTEN
8.335,8.34,8.31,8.325,17982,2021-07-16 17:00:00,PTEN
8.325,8.325,8.285,8.285,32878,2021-07-16 17:05:00,PTEN
8.28,8.285,8.245,8.26,25084,2021-07-16 17:10:00,PTEN
8.26,8.29,8.245,8.29,29038,2021-07-16 17:15:00,PTEN
8.2889,8.305,8.27,8.285,30576,2021-07-16 17:20:00,PTEN
8.28,8.285,8.26,8.28,20360,2021-07-16 17:25:00,PTEN
8.285,8.285,8.26,8.265,17315,2021-07-16 17:30:00,PTEN
8.27,8.31,8.27,8.305,9780,2021-07-16 17:35:00,PTEN
8.305,8.31,8.27,8.275,6911,2021-07-16 17:40:00,PTEN
8.28,8.28,8.24,8.26,17464,2021-07-16 17:45:00,PTEN
8.26,8.28,8.25,8.265,10110,2021-07-16 17:50:00,PTEN
8.25,8.305,8.24,8.29,12890,2021-07-16 17:55:00,PTEN
8.29,8.29,8.25,8.26,18710,2021-07-16 18:00:00,PTEN
8.255,8.26,8.24,8.26,20363,2021-07-16 18:05:00,PTEN
8.25,8.33,8.25,8.31,16690,2021-07-16 18:10:00,PTEN
8.31,8.34,8.305,8.32,14234,2021-07-16 18:15:00,PTEN
8.32,8.325,8.31,8.32,7385,2021-07-16 18:20:00,PTEN
8.325,8.325,8.265,8.27,12880,2021-07-16 18:25:00,PTEN
8.27,8.285,8.26,8.27,12817,2021-07-16 18:30:00,PTEN
8.27,8.28,8.24,8.24,10922,2021-07-16 18:35:00,PTEN
8.24,8.27,8.24,8.26,12415,2021-07-16 18:40:00,PTEN
8.27,8.27,8.22,8.22,10132,2021-07-16 18:45:00,PTEN
8.22,8.225,8.2,8.21,14746,2021-07-16 18:50:00,PTEN
8.215,8.22,8.2,8.215,14310,2021-07-16 18:55:00,PTEN
8.21,8.21,8.14,8.17,143034,2021-07-16 19:00:00,PTEN
8.175,8.2,8.175,8.19,13131,2021-07-16 19:05:00,PTEN
8.195,8.2,8.165,8.18,19652,2021-07-16 19:10:00,PTEN
8.175,8.195,8.175,8.19,24852,2021-07-16 19:15:00,PTEN
8.18,8.195,8.17,8.175,100223,2021-07-16 19:20:00,PTEN
8.17,8.17,8.13,8.135,16066,2021-07-16 19:25:00,PTEN
8.135,8.185,8.12,8.18,22010,2021-07-16 19:30:00,PTEN
8.175,8.175,8.15,8.165,21975,2021-07-16 19:35:00,PTEN
8.16,8.235,8.16,8.23,47307,2021-07-16 19:40:00,PTEN
8.235,8.24,8.2,8.24,24809,2021-07-16 19:45:00,PTEN
8.24,8.24,8.225,8.23,33107,2021-07-16 19:50:00,PTEN
8.225,8.26,8.225,8.25,69090,2021-07-16 19:55:00,PTEN
8.24,8.24,8.24,8.24,172395,2021-07-16 20:00:00,PTEN
8.12,8.12,8.12,8.12,295,2021-07-19 11:00:00,PTEN
8.01,8.01,8.0,8.0,1600,2021-07-19 11:05:00,PTEN
7.78,7.8,7.78,7.8,2350,2021-07-19 13:10:00,PTEN
7.57,7.57,7.52,7.57,4000,2021-07-19 13:25:00,PTEN
7.96,8.06,7.72,8.04,106847,2021-07-19 13:30:00,PTEN
8.04,8.12,7.83,7.84,96082,2021-07-19 13:35:00,PTEN
7.83,7.83,7.7389,7.76,59337,2021-07-19 13:40:00,PTEN
7.75,7.815,7.72,7.73,50629,2021-07-19 13:45:00,PTEN
7.73,7.815,7.7,7.79,35981,2021-07-19 13:50:00,PTEN
7.79,7.835,7.75,7.8,30873,2021-07-19 13:55:00,PTEN
7.805,7.82,7.77,7.82,48894,2021-07-19 14:00:00,PTEN
7.83,7.87,7.76,7.855,47050,2021-07-19 14:05:00,PTEN
7.865,7.885,7.775,7.775,38992,2021-07-19 14:10:00,PTEN
7.77,7.78,7.715,7.735,28043,2021-07-19 14:15:00,PTEN
7.72,7.82,7.655,7.79,85016,2021-07-19 14:20:00,PTEN
7.78,7.78,7.705,7.77,16975,2021-07-19 14:25:00,PTEN
7.76,7.8,7.73,7.79,18183,2021-07-19 14:30:00,PTEN
7.785,7.79,7.7,7.79,37835,2021-07-19 14:35:00,PTEN
7.805,7.9,7.785,7.89,73358,2021-07-19 14:40:00,PTEN
7.89,7.96,7.88,7.955,13964,2021-07-19 14:45:00,PTEN
7.95,7.95,7.81,7.81,16480,2021-07-19 14:50:00,PTEN
7.8,7.82,7.765,7.8,17000,2021-07-19 14:55:00,PTEN
7.805,7.855,7.77,7.82,23432,2021-07-19 15:00:00,PTEN
7.8,7.88,7.77,7.87,52285,2021-07-19 15:05:00,PTEN
7.87,7.95,7.865,7.94,16131,2021-07-19 15:10:00,PTEN
7.95,7.98,7.93,7.97,12480,2021-07-19 15:15:00,PTEN
7.97,8.0,7.94,7.97,27244,2021-07-19 15:20:00,PTEN
7.98,7.99,7.95,7.99,10928,2021-07-19 15:25:00,PTEN
7.98,8.05,7.97,8.03,16885,2021-07-19 15:30:00,PTEN
8.03,8.03,7.99,8.0101,13753,2021-07-19 15:35:00,PTEN
8.01,8.02,7.95,7.96,8902,2021-07-19 15:40:00,PTEN
7.97,7.99,7.955,7.955,9981,2021-07-19 15:45:00,PTEN
7.96,7.97,7.93,7.97,16453,2021-07-19 15:50:00,PTEN
7.965,8.035,7.965,8.01,23816,2021-07-19 15:55:00,PTEN
8.01,8.01,7.93,7.955,19884,2021-07-19 16:00:00,PTEN
7.95,7.95,7.935,7.935,9490,2021-07-19 16:05:00,PTEN
7.935,7.96,7.92,7.94,12418,2021-07-19 16:10:00,PTEN
7.935,7.965,7.92,7.92,6579,2021-07-19 16:15:00,PTEN
7.92,7.94,7.91,7.92,15721,2021-07-19 16:20:00,PTEN
7.91,7.93,7.905,7.91,8373,2021-07-19 16:25:00,PTEN
7.91,7.915,7.875,7.9,14268,2021-07-19 16:30:00,PTEN
7.9,7.9,7.86,7.86,12377,2021-07-19 16:35:00,PTEN
7.86,7.86,7.81,7.825,14733,2021-07-19 16:40:00,PTEN
7.83,7.85,7.815,7.83,20054,2021-07-19 16:45:00,PTEN
7.83,7.87,7.805,7.86,11989,2021-07-19 16:50:00,PTEN
7.86,7.87,7.815,7.87,10217,2021-07-19 16:55:00,PTEN
7.86,7.94,7.86,7.94,11830,2021-07-19 17:00:00,PTEN
7.94,7.945,7.9,7.905,15784,2021-07-19 17:05:00,PTEN
7.9,7.9,7.84,7.88,12494,2021-07-19 17:10:00,PTEN
7.89,7.89,7.83,7.83,16390,2021-07-19 17:15:00,PTEN
7.84,7.845,7.805,7.84,9575,2021-07-19 17:20:00,PTEN
7.835,7.86,7.815,7.86,23200,2021-07-19 17:25:00,PTEN
7.855,7.87,7.84,7.86,9870,2021-07-19 17:30:00,PTEN
7.855,7.92,7.855,7.9,11011,2021-07-19 17:35:00,PTEN
7.89,7.89,7.85,7.85,8666,2021-07-19 17:40:00,PTEN
7.84,7.86,7.79,7.79,9115,2021-07-19 17:45:00,PTEN
7.79,7.79,7.765,7.785,10390,2021-07-19 17:50:00,PTEN
7.79,7.81,7.77,7.77,20422,2021-07-19 17:55:00,PTEN
7.77,7.86,7.77,7.835,16478,2021-07-19 18:00:00,PTEN
7.8373,7.84,7.77,7.78,16654,2021-07-19 18:05:00,PTEN
7.77,7.79,7.765,7.78,12666,2021-07-19 18:10:00,PTEN
7.775,7.79,7.765,7.78,5553,2021-07-19 18:15:00,PTEN
7.79,7.8,7.79,7.79,14346,2021-07-19 18:20:00,PTEN
7.785,7.83,7.78,7.83,9967,2021-07-19 18:25:00,PTEN
7.825,7.825,7.765,7.8,25882,2021-07-19 18:30:00,PTEN
7.8,7.8099,7.765,7.78,11110,2021-07-19 18:35:00,PTEN
7.78,7.78,7.755,7.755,13592,2021-07-19 18:40:00,PTEN
7.76,7.79,7.755,7.775,13008,2021-07-19 18:45:00,PTEN
7.78,7.82,7.73,7.73,17013,2021-07-19 18:50:00,PTEN
7.74,7.76,7.7,7.72,21402,2021-07-19 18:55:00,PTEN
7.725,7.73,7.72,7.72,3708,2021-07-19 19:00:00,PTEN
7.725,7.775,7.725,7.765,14024,2021-07-19 19:05:00,PTEN
7.765,7.8,7.76,7.79,20378,2021-07-19 19:10:00,PTEN
7.78,7.78,7.73,7.735,13508,2021-07-19 19:15:00,PTEN
7.74,7.77,7.74,7.76,14457,2021-07-19 19:20:00,PTEN
7.755,7.785,7.755,7.77,15942,2021-07-19 19:25:00,PTEN
7.77,7.79,7.75,7.76,27797,2021-07-19 19:30:00,PTEN
7.76,7.79,7.76,7.78,27783,2021-07-19 19:35:00,PTEN
7.78,7.795,7.76,7.765,54068,2021-07-19 19:40:00,PTEN
7.77,7.795,7.76,7.78,108841,2021-07-19 19:45:00,PTEN
7.78,7.785,7.76,7.775,104349,2021-07-19 19:50:00,PTEN
7.775,7.83,7.77,7.82,182905,2021-07-19 19:55:00,PTEN
7.83,7.83,7.83,7.83,221785,2021-07-19 20:00:00,PTEN
7.9,7.9,7.9,7.9,300,2021-07-20 12:55:00,PTEN
7.81,7.88,7.7,7.72,26856,2021-07-20 13:30:00,PTEN
7.75,7.8,7.72,7.77,26485,2021-07-20 13:35:00,PTEN
7.78,7.89,7.75,7.86,31361,2021-07-20 13:40:00,PTEN
7.87,7.8817,7.775,7.81,17179,2021-07-20 13:45:00,PTEN
7.81,7.85,7.77,7.84,10425,2021-07-20 13:50:00,PTEN
7.84,7.91,7.84,7.9,15814,2021-07-20 13:55:00,PTEN
7.9,7.94,7.86,7.87,14047,2021-07-20 14:00:00,PTEN
7.86,7.86,7.77,7.795,11635,2021-07-20 14:05:00,PTEN
7.8,7.835,7.745,7.835,10663,2021-07-20 14:10:00,PTEN
7.84,7.91,7.84,7.9,15095,2021-07-20 14:15:00,PTEN
7.91,8.04,7.91,8.02,34129,2021-07-20 14:20:00,PTEN
8.02,8.1,8.02,8.075,23210,2021-07-20 14:25:00,PTEN
8.08,8.125,8.065,8.095,17406,2021-07-20 14:30:00,PTEN
8.08,8.125,8.03,8.04,13414,2021-07-20 14:35:00,PTEN
8.04,8.04,7.98,8.005,22375,2021-07-20 14:40:00,PTEN
8.005,8.035,7.98,8.035,8386,2021-07-20 14:45:00,PTEN
8.05,8.095,8.04,8.05,10075,2021-07-20 14:50:00,PTEN
8.045,8.08,8.03,8.075,21258,2021-07-20 14:55:00,PTEN
8.07,8.09,8.05,8.06,11330,2021-07-20 15:00:00,PTEN
8.07,8.11,8.04,8.065,18673,2021-07-20 15:05:00,PTEN
8.075,8.1,8.04,8.07,20477,2021-07-20 15:10:00,PTEN
8.06,8.07,8.01,8.05,17288,2021-07-20 15:15:00,PTEN
8.055,8.075,8.04,8.05,9310,2021-07-20 15:20:00,PTEN
8.055,8.1,8.05,8.075,12690,2021-07-20 15:25:00,PTEN
8.08,8.105,8.08,8.09,12014,2021-07-20 15:30:00,PTEN
8.08,8.1,8.055,8.055,9841,2021-07-20 15:35:00,PTEN
8.055,8.085,8.055,8.07,5717,2021-07-20 15:40:00,PTEN
8.075,8.105,8.07,8.105,8213,2021-07-20 15:45:00,PTEN
8.11,8.115,8.09,8.115,4310,2021-07-20 15:50:00,PTEN
8.12,8.125,8.1,8.11,10300,2021-07-20 15:55:00,PTEN
8.11,8.13,8.045,8.045,16806,2021-07-20 16:00:00,PTEN
8.04,8.06,8.01,8.01,9807,2021-07-20 16:05:00,PTEN
8.01,8.025,8.0,8.025,5522,2021-07-20 16:10:00,PTEN
8.03,8.05,8.02,8.02,8593,2021-07-20 16:15:00,PTEN
8.03,8.06,8.02,8.05,10236,2021-07-20 16:20:00,PTEN
8.05,8.06,8.03,8.04,5107,2021-07-20 16:25:00,PTEN
8.04,8.05,8.01,8.05,6671,2021-07-20 16:30:00,PTEN
8.05,8.085,8.05,8.06,9431,2021-07-20 16:35:00,PTEN
8.08,8.095,8.07,8.08,6115,2021-07-20 16:40:00,PTEN
8.075,8.08,8.05,8.06,7073,2021-07-20 16:45:00,PTEN
8.06,8.09,8.05,8.05,10394,2021-07-20 16:50:00,PTEN
8.04,8.04,8.02,8.02,6024,2021-07-20 16:55:00,PTEN
8.03,8.04,7.97,7.97,114841,2021-07-20 17:00:00,PTEN
7.97,7.995,7.965,7.965,10544,2021-07-20 17:05:00,PTEN
7.965,7.995,7.96,7.99,19403,2021-07-20 17:10:00,PTEN
7.98,7.99,7.94,7.96,15971,2021-07-20 17:15:00,PTEN
7.965,7.985,7.94,7.94,7630,2021-07-20 17:20:00,PTEN
7.94,7.94,7.9,7.925,10410,2021-07-20 17:25:00,PTEN
7.92,7.95,7.91,7.93,12334,2021-07-20 17:30:00,PTEN
7.93,7.965,7.925,7.945,8580,2021-07-20 17:35:00,PTEN
7.94,7.96,7.92,7.92,8830,2021-07-20 17:40:00,PTEN
7.92,7.955,7.92,7.93,7688,2021-07-20 17:45:00,PTEN
7.935,7.955,7.93,7.95,6509,2021-07-20 17:50:00,PTEN
7.96,7.965,7.93,7.94,7833,2021-07-20 17:55:00,PTEN
7.95,7.98,7.95,7.975,9300,2021-07-20 18:00:00,PTEN
7.98,8.025,7.98,8.01,27324,2021-07-20 18:05:00,PTEN
8.01,8.025,7.99,8.005,24546,2021-07-20 18:10:00,PTEN
8.01,8.025,8.0,8.02,11299,2021-07-20 18:15:00,PTEN
8.02,8.02,7.97,7.97,10247,2021-07-20 18:20:00,PTEN
7.97,7.98,7.925,7.93,28459,2021-07-20 18:25:00,PTEN
7.93,7.945,7.92,7.92,19617,2021-07-20 18:30:00,PTEN
7.915,7.9169,7.87,7.895,28723,2021-07-20 18:35:00,PTEN
7.89,7.91,7.89,7.895,50953,2021-07-20 18:40:00,PTEN
7.9,7.905,7.89,7.9,12160,2021-07-20 18:45:00,PTEN
7.905,7.94,7.9,7.925,39880,2021-07-20 18:50:00,PTEN
7.925,7.93,7.88,7.895,37938,2021-07-20 18:55:00,PTEN
7.895,7.9,7.87,7.88,17855,2021-07-20 19:00:00,PTEN
7.87,7.93,7.87,7.93,26347,2021-07-20 19:05:00,PTEN
7.925,7.965,7.925,7.95,29601,2021-07-20 19:10:00,PTEN
7.955,7.965,7.95,7.95,14670,2021-07-20 19:15:00,PTEN
7.96,8.01,7.95,8.0,23059,2021-07-20 19:20:00,PTEN
8.005,8.025,7.98,8.015,21932,2021-07-20 19:25:00,PTEN
8.015,8.025,8.0,8.01,29426,2021-07-20 19:30:00,PTEN
8.005,8.025,7.9925,8.0,21319,2021-07-20 19:35:00,PTEN
7.995,8.025,7.995,8.005,27774,2021-07-20 19:40:00,PTEN
8.0,8.03,8.0,8.01,39150,2021-07-20 19:45:00,PTEN
8.01,8.01,7.97,7.985,76207,2021-07-20 19:50:00,PTEN
7.98,7.98,7.935,7.95,82909,2021-07-20 19:55:00,PTEN
7.95,7.95,7.95,7.95,397521,2021-07-20 20:00:00,PTEN
8.01,8.01,8.0,8.0,1115,2021-07-21 13:25:00,PTEN
8.15,8.3,8.15,8.29,62269,2021-07-21 13:30:00,PTEN
8.3,8.35,8.25,8.26,28060,2021-07-21 13:35:00,PTEN
8.24,8.32,8.22,8.28,25039,2021-07-21 13:40:00,PTEN
8.28,8.36,8.28,8.33,11070,2021-07-21 13:45:00,PTEN
8.34,8.4,8.34,8.385,9253,2021-07-21 13:50:00,PTEN
8.3901,8.3922,8.32,8.34,34722,2021-07-21 13:55:00,PTEN
8.34,8.44,8.32,8.44,9902,2021-07-21 14:00:00,PTEN
8.44,8.46,8.42,8.43,11599,2021-07-21 14:05:00,PTEN
8.42,8.42,8.35,8.38,26394,2021-07-21 14:10:00,PTEN
8.39,8.39,8.34,8.355,21307,2021-07-21 14:15:00,PTEN
8.35,8.405,8.33,8.39,14600,2021-07-21 14:20:00,PTEN
8.3854,8.3854,8.28,8.28,15580,2021-07-21 14:25:00,PTEN
8.27,8.27,8.2,8.22,15359,2021-07-21 14:30:00,PTEN
8.23,8.31,8.22,8.29,15116,2021-07-21 14:35:00,PTEN
8.31,8.31,8.27,8.295,3800,2021-07-21 14:40:00,PTEN
8.29,8.29,8.23,8.25,5968,2021-07-21 14:45:00,PTEN
8.26,8.3,8.21,8.21,7921,2021-07-21 14:50:00,PTEN
8.21,8.27,8.21,8.21,13088,2021-07-21 14:55:00,PTEN
8.21,8.265,8.21,8.25,31008,2021-07-21 15:00:00,PTEN
8.255,8.315,8.255,8.29,8314,2021-07-21 15:05:00,PTEN
8.31,8.32,8.28,8.3,4714,2021-07-21 15:10:00,PTEN
8.3,8.33,8.3,8.33,3774,2021-07-21 15:15:00,PTEN
8.34,8.34,8.305,8.33,6205,2021-07-21 15:20:00,PTEN
8.33,8.37,8.33,8.34,22191,2021-07-21 15:25:00,PTEN
8.35,8.42,8.35,8.41,23193,2021-07-21 15:30:00,PTEN
8.41,8.5,8.4,8.48,37974,2021-07-21 15:35:00,PTEN
8.48,8.495,8.45,8.47,12743,2021-07-21 15:40:00,PTEN
8.47,8.47,8.44,8.4685,8334,2021-07-21 15:45:00,PTEN
8.47,8.48,8.455,8.46,14117,2021-07-21 15:50:00,PTEN
8.46,8.465,8.41,8.46,8697,2021-07-21 15:55:00,PTEN
8.47,8.49,8.435,8.435,16367,2021-07-21 16:00:00,PTEN
8.44,8.45,8.425,8.445,8725,2021-07-21 16:05:00,PTEN
8.44,8.455,8.431,8.45,6930,2021-07-21 16:10:00,PTEN
8.445,8.455,8.43,8.455,5172,2021-07-21 16:15:00,PTEN
8.45,8.46,8.43,8.44,7342,2021-07-21 16:20:00,PTEN
8.45,8.45,8.39,8.39,17655,2021-07-21 16:25:00,PTEN
8.39,8.41,8.38,8.39,13468,2021-07-21 16:30:00,PTEN
8.39,8.405,8.37,8.4,7018,2021-07-21 16:35:00,PTEN
8.405,8.41,8.38,8.41,9324,2021-07-21 16:40:00,PTEN
8.4,8.42,8.39,8.395,7801,2021-07-21 16:45:00,PTEN
8.39,8.39,8.36,8.365,12245,2021-07-21 16:50:00,PTEN
8.365,8.38,8.35,8.37,11624,2021-07-21 16:55:00,PTEN
8.38,8.42,8.38,8.39,12266,2021-07-21 17:00:00,PTEN
8.39,8.405,8.39,8.395,11016,2021-07-21 17:05:00,PTEN
8.39,8.395,8.37,8.39,14957,2021-07-21 17:10:00,PTEN
8.395,8.41,8.39,8.4,7593,2021-07-21 17:15:00,PTEN
8.39,8.39,8.34,8.36,12061,2021-07-21 17:20:00,PTEN
8.365,8.39,8.36,8.365,9332,2021-07-21 17:25:00,PTEN
8.37,8.375,8.355,8.365,9085,2021-07-21 17:30:00,PTEN
8.37,8.37,8.3,8.3,12955,2021-07-21 17:35:00,PTEN
8.305,8.31,8.295,8.3,6231,2021-07-21 17:40:00,PTEN
8.305,8.31,8.26,8.26,12634,2021-07-21 17:45:00,PTEN
8.26,8.285,8.25,8.285,7360,2021-07-21 17:50:00,PTEN
8.285,8.285,8.27,8.275,6004,2021-07-21 17:55:00,PTEN
8.28,8.295,8.275,8.29,11519,2021-07-21 18:00:00,PTEN
8.3,8.305,8.275,8.275,8864,2021-07-21 18:05:00,PTEN
8.27,8.28,8.24,8.24,13958,2021-07-21 18:10:00,PTEN
8.25,8.27,8.25,8.25,15689,2021-07-21 18:15:00,PTEN
8.25,8.27,8.22,8.27,14777,2021-07-21 18:20:00,PTEN
8.275,8.29,8.26,8.285,6914,2021-07-21 18:25:00,PTEN
8.285,8.285,8.27,8.28,18171,2021-07-21 18:30:00,PTEN
8.28,8.29,8.27,8.275,10370,2021-07-21 18:35:00,PTEN
8.275,8.285,8.265,8.27,11495,2021-07-21 18:40:00,PTEN
8.28,8.285,8.25,8.25,6501,2021-07-21 18:45:00,PTEN
8.26,8.26,8.235,8.25,7262,2021-07-21 18:50:00,PTEN
8.25,8.25,8.24,8.24,9678,2021-07-21 18:55:00,PTEN
8.24,8.26,8.24,8.25,9146,2021-07-21 19:00:00,PTEN
8.25,8.27,8.25,8.26,13724,2021-07-21 19:05:00,PTEN
8.27,8.27,8.245,8.245,14421,2021-07-21 19:10:00,PTEN
8.25,8.28,8.24,8.28,17351,2021-07-21 19:15:00,PTEN
8.28,8.305,8.271,8.305,13515,2021-07-21 19:20:00,PTEN
8.3,8.325,8.27,8.3,30987,2021-07-21 19:25:00,PTEN
8.29,8.31,8.265,8.28,16273,2021-07-21 19:30:00,PTEN
8.28,8.305,8.275,8.29,17168,2021-07-21 19:35:00,PTEN
8.29,8.33,8.28,8.33,20877,2021-07-21 19:40:00,PTEN
8.3282,8.335,8.3,8.3,44205,2021-07-21 19:45:00,PTEN
8.3,8.32,8.295,8.315,54986,2021-07-21 19:50:00,PTEN
8.315,8.33,8.3,8.33,86175,2021-07-21 19:55:00,PTEN
8.32,8.32,8.32,8.32,148015,2021-07-21 20:00:00,PTEN
8.35,8.35,8.35,8.35,300,2021-07-22 12:35:00,PTEN
8.32,8.32,8.0735,8.08,37713,2021-07-22 13:30:00,PTEN
8.06,8.09,7.96,8.09,50575,2021-07-22 13:35:00,PTEN
8.09,8.18,8.04,8.14,25546,2021-07-22 13:40:00,PTEN
8.15,8.18,8.09,8.095,14129,2021-07-22 13:45:00,PTEN
8.1,8.16,8.08,8.12,28842,2021-07-22 13:50:00,PTEN
8.12,8.12,8.0443,8.1,20091,2021-07-22 13:55:00,PTEN
8.09,8.11,8.04,8.06,12905,2021-07-22 14:00:00,PTEN
8.06,8.08,8.035,8.08,7031,2021-07-22 14:05:00,PTEN
8.085,8.15,8.08,8.12,11524,2021-07-22 14:10:00,PTEN
8.125,8.15,8.1,8.125,6038,2021-07-22 14:15:00,PTEN
8.12,8.125,8.07,8.08,11601,2021-07-22 14:20:00,PTEN
8.08,8.105,8.06,8.0799,8511,2021-07-22 14:25:00,PTEN
8.07,8.085,8.01,8.01,8951,2021-07-22 14:30:00,PTEN
8.01,8.03,7.995,7.995,8057,2021-07-22 14:35:00,PTEN
7.995,8.05,7.995,8.05,20930,2021-07-22 14:40:00,PTEN
8.04,8.0501,8.005,8.025,35886,2021-07-22 14:45:00,PTEN
8.025,8.025,7.98,8.0,10841,2021-07-22 14:50:00,PTEN
8.0099,8.0129,7.97,7.9701,15256,2021-07-22 14:55:00,PTEN
7.98,7.99,7.95,7.98,23324,2021-07-22 15:00:00,PTEN
7.98,8.01,7.965,8.01,11439,2021-07-22 15:05:00,PTEN
8.01,8.01,7.99,8.005,5520,2021-07-22 15:10:00,PTEN
8.0,8.0,7.975,7.98,3841,2021-07-22 15:15:00,PTEN
7.975,8.005,7.96,7.99,12374,2021-07-22 15:20:00,PTEN
8.0,8.0,7.965,7.99,20105,2021-07-22 15:25:00,PTEN
8.0,8.03,7.995,8.02,22513,2021-07-22 15:30:00,PTEN
8.02,8.05,8.01,8.05,4684,2021-07-22 15:35:00,PTEN
8.045,8.05,7.98,7.985,9150,2021-07-22 15:40:00,PTEN
7.99,7.995,7.985,7.995,3442,2021-07-22 15:45:00,PTEN
7.995,8.015,7.975,8.015,14232,2021-07-22 15:50:00,PTEN
8.0,8.01,7.99,8.0,5257,2021-07-22 15:55:00,PTEN
8.005,8.04,8.0,8.03,6659,2021-07-22 16:00:00,PTEN
8.02,8.02,7.99,7.995,11943,2021-07-22 16:05:00,PTEN
7.995,8.005,7.98,7.995,10275,2021-07-22 16:10:00,PTEN
8.0,8.005,7.98,7.995,12393,2021-07-22 16:15:00,PTEN
7.99,7.99,7.98,7.985,3467,2021-07-22 16:20:00,PTEN
7.9872,8.01,7.98,8.01,9506,2021-07-22 16:25:00,PTEN
8.02,8.05,8.02,8.05,21861,2021-07-22 16:30:00,PTEN
8.06,8.09,8.06,8.09,8742,2021-07-22 16:35:00,PTEN
8.08,8.085,8.06,8.07,9204,2021-07-22 16:40:00,PTEN
8.07,8.07,8.04,8.055,6827,2021-07-22 16:45:00,PTEN
8.055,8.07,8.04,8.07,8930,2021-07-22 16:50:00,PTEN
8.06,8.06,8.04,8.06,5860,2021-07-22 16:55:00,PTEN
8.065,8.07,8.05,8.05,5316,2021-07-22 17:00:00,PTEN
8.055,8.09,8.055,8.09,4501,2021-07-22 17:05:00,PTEN
8.1,8.1138,8.09,8.11,5390,2021-07-22 17:10:00,PTEN
8.12,8.13,8.081,8.085,10277,2021-07-22 17:15:00,PTEN
8.08,8.09,8.06,8.085,12373,2021-07-22 17:20:00,PTEN
8.09,8.1,8.07,8.09,7593,2021-07-22 17:25:00,PTEN
8.095,8.095,8.06,8.085,4697,2021-07-22 17:30:00,PTEN
8.09,8.095,8.07,8.08,4406,2021-07-22 17:35:00,PTEN
8.075,8.075,8.0599,8.065,6661,2021-07-22 17:40:00,PTEN
8.06,8.085,8.06,8.08,5664,2021-07-22 17:45:00,PTEN
8.08,8.13,8.08,8.125,9806,2021-07-22 17:50:00,PTEN
8.135,8.15,8.13,8.15,6447,2021-07-22 17:55:00,PTEN
8.145,8.145,8.13,8.13,8085,2021-07-22 18:00:00,PTEN
8.14,8.15,8.12,8.132,18305,2021-07-22 18:05:00,PTEN
8.135,8.18,8.13,8.175,5808,2021-07-22 18:10:00,PTEN
8.175,8.19,8.175,8.185,8763,2021-07-22 18:15:00,PTEN
8.18,8.2,8.175,8.19,6151,2021-07-22 18:20:00,PTEN
8.18,8.185,8.16,8.165,18360,2021-07-22 18:25:00,PTEN
8.175,8.175,8.15,8.155,8770,2021-07-22 18:30:00,PTEN
8.15,8.165,8.14,8.145,7842,2021-07-22 18:35:00,PTEN
8.145,8.145,8.125,8.13,9189,2021-07-22 18:40:00,PTEN
8.135,8.145,8.12,8.145,6283,2021-07-22 18:45:00,PTEN
8.145,8.155,8.13,8.14,12543,2021-07-22 18:50:00,PTEN
8.145,8.17,8.14,8.16,5996,2021-07-22 18:55:00,PTEN
8.17,8.195,8.16,8.18,11453,2021-07-22 19:00:00,PTEN
8.19,8.19,8.17,8.19,7949,2021-07-22 19:05:00,PTEN
8.19,8.195,8.17,8.18,15358,2021-07-22 19:10:00,PTEN
8.17,8.19,8.155,8.185,11624,2021-07-22 19:15:00,PTEN
8.18,8.2,8.18,8.185,8985,2021-07-22 19:20:00,PTEN
8.18,8.18,8.16,8.165,8644,2021-07-22 19:25:00,PTEN
8.16,8.16,8.12,8.135,22096,2021-07-22 19:30:00,PTEN
8.13,8.155,8.13,8.13,13970,2021-07-22 19:35:00,PTEN
8.14,8.14,8.1,8.13,20968,2021-07-22 19:40:00,PTEN
8.125,8.15,8.125,8.14,25218,2021-07-22 19:45:00,PTEN
8.14,8.155,8.12,8.13,34457,2021-07-22 19:50:00,PTEN
8.135,8.15,8.11,8.11,65206,2021-07-22 19:55:00,PTEN
8.12,8.12,8.12,8.12,88968,2021-07-22 20:00:00,PTEN
8.22,8.365,8.01,8.04,19568,2021-07-23 13:30:00,PTEN
8.07,8.11,8.04,8.07,16211,2021-07-23 13:35:00,PTEN
8.07,8.11,8.04,8.11,8482,2021-07-23 13:40:00,PTEN
8.11,8.14,7.97,7.97,15169,2021-07-23 13:45:00,PTEN
7.97,7.97,7.85,7.86,39963,2021-07-23 13:50:00,PTEN
7.865,7.905,7.845,7.85,30140,2021-07-23 13:55:00,PTEN
7.85,7.93,7.85,7.91,10121,2021-07-23 14:00:00,PTEN
7.905,7.905,7.85,7.855,6763,2021-07-23 14:05:00,PTEN
7.86,7.895,7.77,7.77,16275,2021-07-23 14:10:00,PTEN
7.77,7.83,7.76,7.8,6263,2021-07-23 14:15:00,PTEN
7.8,7.83,7.79,7.82,4300,2021-07-23 14:20:00,PTEN
7.83,7.8701,7.83,7.87,5500,2021-07-23 14:25:00,PTEN
7.88,7.89,7.84,7.89,4863,2021-07-23 14:30:00,PTEN
7.885,7.905,7.875,7.88,6122,2021-07-23 14:35:00,PTEN
7.87,7.905,7.87,7.88,6403,2021-07-23 14:40:00,PTEN
7.87,7.875,7.84,7.85,5401,2021-07-23 14:45:00,PTEN
7.86,7.88,7.81,7.84,7686,2021-07-23 14:50:00,PTEN
7.835,7.87,7.835,7.87,2217,2021-07-23 14:55:00,PTEN
7.855,7.87,7.835,7.85,4150,2021-07-23 15:00:00,PTEN
7.85,7.865,7.85,7.85,1800,2021-07-23 15:05:00,PTEN
7.85,7.85,7.78,7.79,8824,2021-07-23 15:10:00,PTEN
7.795,7.81,7.77,7.775,4673,2021-07-23 15:15:00,PTEN
7.775,7.79,7.77,7.77,9063,2021-07-23 15:20:00,PTEN
7.78,7.79,7.775,7.78,5775,2021-07-23 15:25:00,PTEN
7.79,7.8,7.79,7.79,2083,2021-07-23 15:30:00,PTEN
7.8,7.855,7.8,7.855,6800,2021-07-23 15:35:00,PTEN
7.86,7.865,7.83,7.84,7146,2021-07-23 15:40:00,PTEN
7.83,7.84,7.795,7.7979,16683,2021-07-23 15:45:00,PTEN
7.8067,7.82,7.8,7.82,11126,2021-07-23 15:50:00,PTEN
7.82,7.825,7.8,7.82,6388,2021-07-23 15:55:00,PTEN
7.81,7.825,7.8,7.8,3641,2021-07-23 16:00:00,PTEN
7.81,7.82,7.795,7.805,12927,2021-07-23 16:05:00,PTEN
7.805,7.83,7.805,7.83,6431,2021-07-23 16:10:00,PTEN
7.83,7.84,7.805,7.81,10864,2021-07-23 16:15:00,PTEN
7.82,7.82,7.795,7.8,9580,2021-07-23 16:20:00,PTEN
7.795,7.8,7.785,7.79,7640,2021-07-23 16:25:00,PTEN
7.7925,7.795,7.765,7.775,25676,2021-07-23 16:30:00,PTEN
7.775,7.79,7.76,7.79,9624,2021-07-23 16:35:00,PTEN
7.8,7.8,7.765,7.77,10687,2021-07-23 16:40:00,PTEN
7.77,7.8,7.765,7.8,34018,2021-07-23 16:45:00,PTEN
7.795,7.8,7.78,7.8,10536,2021-07-23 16:50:00,PTEN
7.8,7.83,7.8,7.83,10695,2021-07-23 16:55:00,PTEN
7.83,7.855,7.79,7.855,12977,2021-07-23 17:00:00,PTEN
7.85,7.86,7.845,7.855,16466,2021-07-23 17:05:00,PTEN
7.85,7.86,7.84,7.845,8921,2021-07-23 17:10:00,PTEN
7.84,7.84,7.82,7.83,4917,2021-07-23 17:15:00,PTEN
7.835,7.835,7.82,7.825,4431,2021-07-23 17:20:00,PTEN
7.83,7.83,7.815,7.83,3981,2021-07-23 17:25:00,PTEN
7.82,7.85,7.82,7.845,5151,2021-07-23 17:30:00,PTEN
7.845,7.845,7.83,7.83,3904,2021-07-23 17:35:00,PTEN
7.835,7.85,7.83,7.845,4384,2021-07-23 17:40:00,PTEN
7.85,7.86,7.84,7.86,3987,2021-07-23 17:45:00,PTEN
7.86,7.87,7.855,7.87,2547,2021-07-23 17:50:00,PTEN
7.87,7.87,7.86,7.865,3500,2021-07-23 17:55:00,PTEN
7.86,7.86,7.835,7.845,7611,2021-07-23 18:00:00,PTEN
7.845,7.855,7.835,7.855,6630,2021-07-23 18:05:00,PTEN
7.86,7.905,7.86,7.89,22624,2021-07-23 18:10:00,PTEN
7.89,7.895,7.87,7.87,11944,2021-07-23 18:15:00,PTEN
7.875,7.89,7.87,7.87,4817,2021-07-23 18:20:00,PTEN
7.875,7.88,7.86,7.87,10000,2021-07-23 18:25:00,PTEN
7.865,7.895,7.865,7.89,6651,2021-07-23 18:30:00,PTEN
7.9,7.92,7.9,7.91,21718,2021-07-23 18:35:00,PTEN
7.91,7.92,7.905,7.91,5623,2021-07-23 18:40:00,PTEN
7.905,7.905,7.89,7.9,5655,2021-07-23 18:45:00,PTEN
7.9,7.92,7.9,7.905,4474,2021-07-23 18:50:00,PTEN
7.905,7.92,7.89,7.92,7812,2021-07-23 18:55:00,PTEN
7.92,7.92,7.91,7.915,2423,2021-07-23 19:00:00,PTEN
7.91,7.91,7.88,7.9,17656,2021-07-23 19:05:00,PTEN
7.9,7.925,7.9,7.9125,6910,2021-07-23 19:10:00,PTEN
7.915,7.93,7.91,7.925,8316,2021-07-23 19:15:00,PTEN
7.93,7.945,7.93,7.93,6439,2021-07-23 19:20:00,PTEN
7.935,7.935,7.895,7.9,15071,2021-07-23 19:25:00,PTEN
7.91,7.93,7.9,7.9,15236,2021-07-23 19:30:00,PTEN
7.9,7.9,7.875,7.88,12604,2021-07-23 19:35:00,PTEN
7.89,7.89,7.85,7.855,16317,2021-07-23 19:40:00,PTEN
7.848,7.8599,7.835,7.84,11725,2021-07-23 19:45:00,PTEN
7.85,7.865,7.84,7.86,22443,2021-07-23 19:50:00,PTEN
7.86,7.86,7.83,7.85,68657,2021-07-23 19:55:00,PTEN
7.85,7.85,7.85,7.85,162663,2021-07-23 20:00:00,PTEN
7.8,7.8,7.8,7.8,499,2021-07-26 11:25:00,PTEN
7.9,8.11,7.9,8.11,40932,2021-07-26 13:30:00,PTEN
8.11,8.14,8.03,8.05,14559,2021-07-26 13:35:00,PTEN
8.05,8.06,7.995,8.0,11330,2021-07-26 13:40:00,PTEN
8.01,8.19,8.01,8.15,25023,2021-07-26 13:45:00,PTEN
8.14,8.255,8.14,8.235,26052,2021-07-26 13:50:00,PTEN
8.25,8.26,8.2,8.24,14181,2021-07-26 13:55:00,PTEN
8.22,8.275,8.215,8.27,9900,2021-07-26 14:00:00,PTEN
8.26,8.34,8.26,8.32,19175,2021-07-26 14:05:00,PTEN
8.31,8.37,8.305,8.321,20737,2021-07-26 14:10:00,PTEN
8.33,8.36,8.315,8.34,14732,2021-07-26 14:15:00,PTEN
8.34,8.38,8.305,8.33,9142,2021-07-26 14:20:00,PTEN
8.33,8.335,8.28,8.28,9002,2021-07-26 14:25:00,PTEN
8.285,8.29,8.18,8.2,32712,2021-07-26 14:30:00,PTEN
8.2,8.21,8.17,8.185,5510,2021-07-26 14:35:00,PTEN
8.18,8.21,8.16,8.16,6092,2021-07-26 14:40:00,PTEN
8.15,8.19,8.13,8.17,16254,2021-07-26 14:45:00,PTEN
8.17,8.19,8.17,8.17,3891,2021-07-26 14:50:00,PTEN
8.16,8.205,8.16,8.18,11626,2021-07-26 14:55:00,PTEN
8.18,8.19,8.16,8.16,9689,2021-07-26 15:00:00,PTEN
8.165,8.21,8.165,8.19,17304,2021-07-26 15:05:00,PTEN
8.185,8.2,8.17,8.18,12420,2021-07-26 15:10:00,PTEN
8.18,8.25,8.18,8.25,7511,2021-07-26 15:15:00,PTEN
8.245,8.25,8.2,8.2,11780,2021-07-26 15:20:00,PTEN
8.21,8.225,8.21,8.21,7276,2021-07-26 15:25:00,PTEN
8.22,8.22,8.185,8.19,8601,2021-07-26 15:30:00,PTEN
8.19,8.21,8.185,8.19,11025,2021-07-26 15:35:00,PTEN
8.185,8.21,8.18,8.1899,11170,2021-07-26 15:40:00,PTEN
8.18,8.22,8.18,8.215,3240,2021-07-26 15:45:00,PTEN
8.22,8.235,8.2,8.21,37523,2021-07-26 15:50:00,PTEN
8.22,8.22,8.2,8.2074,4631,2021-07-26 15:55:00,PTEN
8.205,8.205,8.16,8.17,10523,2021-07-26 16:00:00,PTEN
8.165,8.165,8.14,8.145,8419,2021-07-26 16:05:00,PTEN
8.14,8.155,8.13,8.155,11147,2021-07-26 16:10:00,PTEN
8.155,8.175,8.14,8.175,10932,2021-07-26 16:15:00,PTEN
8.185,8.21,8.18,8.2,10791,2021-07-26 16:20:00,PTEN
8.2,8.24,8.19,8.22,9264,2021-07-26 16:25:00,PTEN
8.22,8.225,8.22,8.22,3264,2021-07-26 16:30:00,PTEN
8.22,8.26,8.22,8.26,6824,2021-07-26 16:35:00,PTEN
8.25,8.255,8.24,8.24,3690,2021-07-26 16:40:00,PTEN
8.245,8.26,8.245,8.255,5315,2021-07-26 16:45:00,PTEN
8.26,8.26,8.21,8.215,7494,2021-07-26 16:50:00,PTEN
8.22,8.23,8.2,8.2,6446,2021-07-26 16:55:00,PTEN
8.21,8.22,8.21,8.22,8387,2021-07-26 17:00:00,PTEN
8.215,8.22,8.2,8.22,12882,2021-07-26 17:05:00,PTEN
8.21,8.215,8.18,8.19,13004,2021-07-26 17:10:00,PTEN
8.2,8.2,8.19,8.19,3251,2021-07-26 17:15:00,PTEN
8.1921,8.21,8.1921,8.2,13685,2021-07-26 17:20:00,PTEN
8.2,8.21,8.2,8.21,2275,2021-07-26 17:25:00,PTEN
8.205,8.205,8.19,8.2,4803,2021-07-26 17:30:00,PTEN
8.19,8.215,8.19,8.215,8358,2021-07-26 17:35:00,PTEN
8.21,8.21,8.19,8.195,7607,2021-07-26 17:40:00,PTEN
8.195,8.195,8.17,8.18,8162,2021-07-26 17:45:00,PTEN
8.18,8.195,8.18,8.195,3242,2021-07-26 17:50:00,PTEN
8.2,8.215,8.19,8.215,8991,2021-07-26 17:55:00,PTEN
8.21,8.215,8.19,8.205,8104,2021-07-26 18:00:00,PTEN
8.205,8.21,8.195,8.205,6934,2021-07-26 18:05:00,PTEN
8.205,8.2199,8.19,8.195,14652,2021-07-26 18:10:00,PTEN
8.19,8.225,8.19,8.22,20169,2021-07-26 18:15:00,PTEN
8.225,8.23,8.22,8.225,5433,2021-07-26 18:20:00,PTEN
8.225,8.225,8.175,8.22,26824,2021-07-26 18:25:00,PTEN
8.215,8.225,8.215,8.225,3808,2021-07-26 18:30:00,PTEN
8.23,8.23,8.22,8.22,5800,2021-07-26 18:35:00,PTEN
8.23,8.24,8.22,8.22,7116,2021-07-26 18:40:00,PTEN
8.23,8.27,8.23,8.2623,7127,2021-07-26 18:45:00,PTEN
8.27,8.27,8.265,8.27,8429,2021-07-26 18:50:00,PTEN
8.27,8.3,8.25,8.26,24812,2021-07-26 18:55:00,PTEN
8.265,8.28,8.255,8.27,11726,2021-07-26 19:00:00,PTEN
8.27,8.27,8.24,8.24,12060,2021-07-26 19:05:00,PTEN
8.24,8.26,8.24,8.26,3300,2021-07-26 19:10:00,PTEN
8.25,8.28,8.25,8.255,25436,2021-07-26 19:15:00,PTEN
8.26,8.26,8.25,8.26,1800,2021-07-26 19:20:00,PTEN
8.26,8.285,8.25,8.255,22411,2021-07-26 19:25:00,PTEN
8.25,8.26,8.23,8.25,22890,2021-07-26 19:30:00,PTEN
8.245,8.27,8.245,8.27,12561,2021-07-26 19:35:00,PTEN
8.265,8.3,8.2637,8.3,23469,2021-07-26 19:40:00,PTEN
8.295,8.31,8.285,8.31,38458,2021-07-26 19:45:00,PTEN
8.31,8.37,8.3,8.365,96872,2021-07-26 19:50:00,PTEN
8.365,8.365,8.325,8.34,130914,2021-07-26 19:55:00,PTEN
8.33,8.33,8.33,8.33,154180,2021-07-26 20:00:00,PTEN
8.23,8.23,8.23,8.23,100,2021-07-27 13:25:00,PTEN
8.18,8.22,8.02,8.16,44013,2021-07-27 13:30:00,PTEN
8.17,8.2197,8.065,8.07,29636,2021-07-27 13:35:00,PTEN
8.06,8.15,8.04,8.12,22329,2021-07-27 13:40:00,PTEN
8.11,8.11,8.06,8.11,22111,2021-07-27 13:45:00,PTEN
8.11,8.15,8.055,8.0799,24240,2021-07-27 13:50:00,PTEN
8.06,8.06,7.965,7.985,28835,2021-07-27 13:55:00,PTEN
7.98,8.055,7.98,8.0,45968,2021-07-27 14:00:00,PTEN
8.0,8.059,7.995,8.053,47167,2021-07-27 14:05:00,PTEN
8.05,8.055,8.01,8.02,23549,2021-07-27 14:10:00,PTEN
8.03,8.09,8.02,8.085,9553,2021-07-27 14:15:00,PTEN
8.1001,8.17,8.1,8.17,19516,2021-07-27 14:20:00,PTEN
8.16,8.16,8.125,8.14,19043,2021-07-27 14:25:00,PTEN
8.145,8.15,8.085,8.085,11482,2021-07-27 14:30:00,PTEN
8.09,8.12,8.09,8.105,11265,2021-07-27 14:35:00,PTEN
8.105,8.13,8.08,8.08,5327,2021-07-27 14:40:00,PTEN
8.085,8.11,8.08,8.1,8750,2021-07-27 14:45:00,PTEN
8.1,8.105,8.0797,8.105,32506,2021-07-27 14:50:00,PTEN
8.105,8.145,8.1,8.13,7022,2021-07-27 14:55:00,PTEN
8.12,8.13,8.11,8.125,3770,2021-07-27 15:00:00,PTEN
8.125,8.14,8.12,8.125,3700,2021-07-27 15:05:00,PTEN
8.125,8.14,8.125,8.14,2369,2021-07-27 15:10:00,PTEN
8.13,8.13,8.1,8.1,7260,2021-07-27 15:15:00,PTEN
8.1,8.105,8.08,8.08,4653,2021-07-27 15:20:00,PTEN
8.08,8.11,8.075,8.105,4726,2021-07-27 15:25:00,PTEN
8.105,8.105,8.055,8.08,5097,2021-07-27 15:30:00,PTEN
8.07,8.07,8.04,8.065,28871,2021-07-27 15:35:00,PTEN
8.065,8.13,8.06,8.09,24725,2021-07-27 15:40:00,PTEN
8.09,8.09,8.065,8.07,11707,2021-07-27 15:45:00,PTEN
8.065,8.08,8.065,8.075,5648,2021-07-27 15:50:00,PTEN
8.07,8.095,8.07,8.085,4588,2021-07-27 15:55:00,PTEN
8.085,8.09,8.02,8.03,11543,2021-07-27 16:00:00,PTEN
8.03,8.09,8.02,8.05,16501,2021-07-27 16:05:00,PTEN
8.05,8.06,8.035,8.0501,11593,2021-07-27 16:10:00,PTEN
8.06,8.06,8.02,8.03,6333,2021-07-27 16:15:00,PTEN
8.03,8.035,8.015,8.035,2652,2021-07-27 16:20:00,PTEN
8.03,8.04,8.02,8.025,3167,2021-07-27 16:25:00,PTEN
8.02,8.02,7.98,7.99,13764,2021-07-27 16:30:00,PTEN
7.985,8.005,7.97,7.98,7751,2021-07-27 16:35:00,PTEN
7.99,8.01,7.971,8.005,13340,2021-07-27 16:40:00,PTEN
8.0,8.045,8.0,8.04,7046,2021-07-27 16:45:00,PTEN
8.04,8.04,7.995,8.01,7041,2021-07-27 16:50:00,PTEN
8.005,8.025,7.985,8.02,7219,2021-07-27 16:55:00,PTEN
8.015,8.04,8.015,8.02,9701,2021-07-27 17:00:00,PTEN
8.02,8.05,8.01,8.045,5181,2021-07-27 17:05:00,PTEN
8.05,8.05,8.02,8.02,3744,2021-07-27 17:10:00,PTEN
8.015,8.02,8.0,8.01,6955,2021-07-27 17:15:00,PTEN
8.01,8.02,8.0,8.005,5069,2021-07-27 17:20:00,PTEN
8.01,8.025,7.995,8.025,5070,2021-07-27 17:25:00,PTEN
8.03,8.03,8.0026,8.03,10506,2021-07-27 17:30:00,PTEN
8.025,8.03,8.005,8.02,12967,2021-07-27 17:35:00,PTEN
8.02,8.04,8.01,8.035,5156,2021-07-27 17:40:00,PTEN
8.035,8.04,8.025,8.025,6608,2021-07-27 17:45:00,PTEN
8.025,8.04,8.005,8.02,73861,2021-07-27 17:50:00,PTEN
8.02,8.03,8.01,8.02,8549,2021-07-27 17:55:00,PTEN
8.01,8.02,8.005,8.005,3682,2021-07-27 18:00:00,PTEN
8.01,8.025,8.01,8.02,7487,2021-07-27 18:05:00,PTEN
8.02,8.02,8.0,8.01,3682,2021-07-27 18:10:00,PTEN
8.02,8.05,8.02,8.05,5900,2021-07-27 18:15:00,PTEN
8.06,8.07,8.05,8.06,12898,2021-07-27 18:20:00,PTEN
8.06,8.07,8.05,8.06,15308,2021-07-27 18:25:00,PTEN
8.06,8.075,8.055,8.055,9787,2021-07-27 18:30:00,PTEN
8.055,8.07,8.055,8.07,2701,2021-07-27 18:35:00,PTEN
8.07,8.075,8.055,8.06,8324,2021-07-27 18:40:00,PTEN
8.065,8.075,8.065,8.07,6164,2021-07-27 18:45:00,PTEN
8.07,8.075,8.05,8.05,5765,2021-07-27 18:50:00,PTEN
8.05,8.075,8.05,8.075,8184,2021-07-27 18:55:00,PTEN
8.08,8.11,8.08,8.11,12391,2021-07-27 19:00:00,PTEN
8.105,8.115,8.1,8.1,8020,2021-07-27 19:05:00,PTEN
8.1,8.1,8.08,8.08,7019,2021-07-27 19:10:00,PTEN
8.07,8.1,8.07,8.09,9717,2021-07-27 19:15:00,PTEN
8.08,8.08,8.07,8.08,6124,2021-07-27 19:20:00,PTEN
8.09,8.1,8.08,8.08,12813,2021-07-27 19:25:00,PTEN
8.085,8.095,8.065,8.095,8983,2021-07-27 19:30:00,PTEN
8.09,8.09,8.05,8.07,16700,2021-07-27 19:35:00,PTEN
8.07,8.08,8.06,8.075,12176,2021-07-27 19:40:00,PTEN
8.075,8.085,8.06,8.06,35356,2021-07-27 19:45:00,PTEN
8.07,8.115,8.065,8.11,46786,2021-07-27 19:50:00,PTEN
8.115,8.135,8.1,8.13,107797,2021-07-27 19:55:00,PTEN
8.13,8.13,8.13,8.13,112680,2021-07-27 20:00:00,PTEN
8.2,8.26,8.14,8.19,24363,2021-07-28 13:30:00,PTEN
8.19,8.23,8.17,8.22,14900,2021-07-28 13:35:00,PTEN
8.22,8.23,8.17,8.21,28521,2021-07-28 13:40:00,PTEN
8.195,8.25,8.18,8.23,28069,2021-07-28 13:45:00,PTEN
8.23,8.24,8.105,8.105,31959,2021-07-28 13:50:00,PTEN
8.11,8.14,8.09,8.095,11769,2021-07-28 13:55:00,PTEN
8.11,8.115,8.065,8.1,11613,2021-07-28 14:00:00,PTEN
8.09,8.16,8.085,8.115,21945,2021-07-28 14:05:00,PTEN
8.11,8.125,8.015,8.0327,18707,2021-07-28 14:10:00,PTEN
8.03,8.035,8.005,8.015,21297,2021-07-28 14:15:00,PTEN
8.02,8.045,7.99,7.99,10823,2021-07-28 14:20:00,PTEN
7.975,7.985,7.94,7.96,8668,2021-07-28 14:25:00,PTEN
7.96,8.0,7.945,7.98,9190,2021-07-28 14:30:00,PTEN
7.98,8.01,7.96,7.96,11644,2021-07-28 14:35:00,PTEN
7.96,8.0,7.957,7.985,5434,2021-07-28 14:40:00,PTEN
7.98,8.04,7.98,8.015,8934,2021-07-28 14:45:00,PTEN
8.015,8.045,8.005,8.01,10795,2021-07-28 14:50:00,PTEN
8.01,8.02,7.99,8.005,10507,2021-07-28 14:55:00,PTEN
8.005,8.025,7.995,8.015,6601,2021-07-28 15:00:00,PTEN
8.02,8.03,8.01,8.03,5905,2021-07-28 15:05:00,PTEN
8.03,8.07,8.02,8.07,9869,2021-07-28 15:10:00,PTEN
8.07,8.09,8.05,8.065,8610,2021-07-28 15:15:00,PTEN
8.07,8.125,8.07,8.1,10025,2021-07-28 15:20:00,PTEN
8.105,8.12,8.085,8.1,7848,2021-07-28 15:25:00,PTEN
8.1,8.11,8.09,8.105,11351,2021-07-28 15:30:00,PTEN
8.095,8.105,8.09,8.09,5558,2021-07-28 15:35:00,PTEN
8.09,8.11,8.085,8.105,9351,2021-07-28 15:40:00,PTEN
8.1,8.12,8.1,8.12,4653,2021-07-28 15:45:00,PTEN
8.12,8.16,8.12,8.16,21723,2021-07-28 15:50:00,PTEN
8.155,8.16,8.11,8.125,8156,2021-07-28 15:55:00,PTEN
8.12,8.12,8.09,8.0935,5677,2021-07-28 16:00:00,PTEN
8.1,8.11,8.095,8.105,3459,2021-07-28 16:05:00,PTEN
8.11,8.12,8.105,8.12,7691,2021-07-28 16:10:00,PTEN
8.13,8.15,8.12,8.15,8959,2021-07-28 16:15:00,PTEN
8.15,8.18,8.14,8.175,15200,2021-07-28 16:20:00,PTEN
8.175,8.175,8.125,8.15,15044,2021-07-28 16:25:00,PTEN
8.15,8.16,8.14,8.145,5208,2021-07-28 16:30:00,PTEN
8.15,8.16,8.1341,8.15,5293,2021-07-28 16:35:00,PTEN
8.145,8.165,8.145,8.155,5675,2021-07-28 16:40:00,PTEN
8.16,8.17,8.14,8.14,16660,2021-07-28 16:45:00,PTEN
8.15,8.16,8.13,8.15,14267,2021-07-28 16:50:00,PTEN
8.145,8.165,8.12,8.14,12277,2021-07-28 16:55:00,PTEN
8.14,8.195,8.14,8.195,7928,2021-07-28 17:00:00,PTEN
8.195,8.21,8.175,8.18,7709,2021-07-28 17:05:00,PTEN
8.18,8.19,8.17,8.185,7615,2021-07-28 17:10:00,PTEN
8.18,8.2,8.18,8.195,7948,2021-07-28 17:15:00,PTEN
8.19,8.205,8.185,8.19,8984,2021-07-28 17:20:00,PTEN
8.19,8.19,8.17,8.18,8706,2021-07-28 17:25:00,PTEN
8.175,8.185,8.16,8.165,9023,2021-07-28 17:30:00,PTEN
8.155,8.1875,8.155,8.17,7138,2021-07-28 17:35:00,PTEN
8.165,8.165,8.15,8.155,8857,2021-07-28 17:40:00,PTEN
8.16,8.16,8.125,8.145,12718,2021-07-28 17:45:00,PTEN
8.15,8.155,8.145,8.15,6475,2021-07-28 17:50:00,PTEN
8.15,8.16,8.135,8.135,5494,2021-07-28 17:55:00,PTEN
8.13,8.19,8.13,8.18,14639,2021-07-28 18:00:00,PTEN
8.18,8.18,8.13,8.13,7933,2021-07-28 18:05:00,PTEN
8.13,8.145,8.12,8.125,12557,2021-07-28 18:10:00,PTEN
8.11,8.12,8.085,8.09,8233,2021-07-28 18:15:00,PTEN
8.085,8.11,8.085,8.095,14042,2021-07-28 18:20:00,PTEN
8.09,8.12,8.07,8.11,10442,2021-07-28 18:25:00,PTEN
8.12,8.17,8.12,8.17,13628,2021-07-28 18:30:00,PTEN
8.17,8.19,8.17,8.18,12385,2021-07-28 18:35:00,PTEN
8.17,8.22,8.17,8.215,7494,2021-07-28 18:40:00,PTEN
8.22,8.26,8.22,8.25,17458,2021-07-28 18:45:00,PTEN
8.245,8.29,8.23,8.24,17034,2021-07-28 18:50:00,PTEN
8.23,8.25,8.23,8.25,7320,2021-07-28 18:55:00,PTEN
8.25,8.295,8.25,8.29,16163,2021-07-28 19:00:00,PTEN
8.29,8.31,8.25,8.255,15035,2021-07-28 19:05:00,PTEN
8.255,8.26,8.245,8.255,9223,2021-07-28 19:10:00,PTEN
8.255,8.27,8.25,8.27,34186,2021-07-28 19:15:00,PTEN
8.265,8.29,8.26,8.29,18049,2021-07-28 19:20:00,PTEN
8.29,8.325,8.29,8.325,13389,2021-07-28 19:25:00,PTEN
8.31,8.32,8.31,8.315,15658,2021-07-28 19:30:00,PTEN
8.31,8.32,8.27,8.275,16864,2021-07-28 19:35:00,PTEN
8.28,8.28,8.25,8.255,19844,2021-07-28 19:40:00,PTEN
8.25,8.26,8.23,8.25,47042,2021-07-28 19:45:00,PTEN
8.24,8.28,8.23,8.27,78713,2021-07-28 19:50:00,PTEN
8.27,8.28,8.21,8.24,85283,2021-07-28 19:55:00,PTEN
8.23,8.23,8.23,8.23,138480,2021-07-28 20:00:00,PTEN
8.22,8.22,8.22,8.22,100,2021-07-29 11:00:00,PTEN
7.72,8.24,7.72,8.07,54687,2021-07-29 13:30:00,PTEN
8.01,8.07,7.97,8.02,20192,2021-07-29 13:35:00,PTEN
8.04,8.07,7.99,8.0427,7710,2021-07-29 13:40:00,PTEN
8.005,8.0806,7.985,8.0806,5230,2021-07-29 13:45:00,PTEN
8.11,8.1318,7.99,8.02,12183,2021-07-29 13:50:00,PTEN
8.03,8.045,8.0,8.02,9050,2021-07-29 13:55:00,PTEN
8.01,8.035,7.94,7.94,12239,2021-07-29 14:00:00,PTEN
7.94,7.955,7.915,7.94,10169,2021-07-29 14:05:00,PTEN
7.94,8.08,7.94,8.08,12216,2021-07-29 14:10:00,PTEN
8.08,8.18,8.05,8.17,17859,2021-07-29 14:15:00,PTEN
8.18,8.25,8.18,8.25,40516,2021-07-29 14:20:00,PTEN
8.245,8.28,8.2,8.24,30193,2021-07-29 14:25:00,PTEN
8.24,8.25,8.21,8.23,11861,2021-07-29 14:30:00,PTEN
8.23,8.28,8.215,8.23,10472,2021-07-29 14:35:00,PTEN
8.25,8.25,8.23,8.23,3230,2021-07-29 14:40:00,PTEN
8.25,8.25,8.21,8.22,10655,2021-07-29 14:45:00,PTEN
8.21,8.23,8.2,8.22,29827,2021-07-29 14:50:00,PTEN
8.22,8.23,8.21,8.2234,18191,2021-07-29 14:55:00,PTEN
8.22,8.22,8.12,8.135,28126,2021-07-29 15:00:00,PTEN
8.12,8.165,8.12,8.15,27414,2021-07-29 15:05:00,PTEN
8.14,8.2,8.13,8.195,28937,2021-07-29 15:10:00,PTEN
8.19,8.22,8.165,8.215,5610,2021-07-29 15:15:00,PTEN
8.22,8.29,8.22,8.29,7895,2021-07-29 15:20:00,PTEN
8.285,8.29,8.24,8.27,13665,2021-07-29 15:25:00,PTEN
8.25,8.28,8.25,8.28,5725,2021-07-29 15:30:00,PTEN
8.28,8.38,8.28,8.345,16204,2021-07-29 15:35:00,PTEN
8.35,8.37,8.32,8.35,7692,2021-07-29 15:40:00,PTEN
8.3501,8.39,8.35,8.39,6044,2021-07-29 15:45:00,PTEN
8.39,8.42,8.38,8.4,18607,2021-07-29 15:50:00,PTEN
8.4,8.41,8.39,8.39,9543,2021-07-29 15:55:00,PTEN
8.39,8.41,8.385,8.395,7899,2021-07-29 16:00:00,PTEN
8.4,8.41,8.375,8.4,16096,2021-07-29 16:05:00,PTEN
8.405,8.405,8.39,8.4,7159,2021-07-29 16:10:00,PTEN
8.395,8.41,8.385,8.39,8201,2021-07-29 16:15:00,PTEN
8.39,8.41,8.36,8.365,10400,2021-07-29 16:20:00,PTEN
8.365,8.38,8.355,8.36,15165,2021-07-29 16:25:00,PTEN
8.36,8.38,8.3,8.31,19314,2021-07-29 16:30:00,PTEN
8.32,8.37,8.305,8.37,12261,2021-07-29 16:35:00,PTEN
8.38,8.38,8.31,8.335,18435,2021-07-29 16:40:00,PTEN
8.33,8.34,8.325,8.325,4674,2021-07-29 16:45:00,PTEN
8.325,8.33,8.315,8.315,4200,2021-07-29 16:50:00,PTEN
8.32,8.34,8.315,8.34,5008,2021-07-29 16:55:00,PTEN
8.35,8.405,8.35,8.395,7137,2021-07-29 17:00:00,PTEN
8.395,8.395,8.33,8.34,11013,2021-07-29 17:05:00,PTEN
8.34,8.36,8.33,8.36,7401,2021-07-29 17:10:00,PTEN
8.36,8.37,8.355,8.36,7672,2021-07-29 17:15:00,PTEN
8.355,8.365,8.335,8.335,4877,2021-07-29 17:20:00,PTEN
8.335,8.37,8.335,8.37,4400,2021-07-29 17:25:00,PTEN
8.365,8.37,8.35,8.355,8974,2021-07-29 17:30:00,PTEN
8.355,8.36,8.33,8.35,7134,2021-07-29 17:35:00,PTEN
8.35,8.36,8.345,8.36,9616,2021-07-29 17:40:00,PTEN
8.35,8.38,8.35,8.375,7504,2021-07-29 17:45:00,PTEN
8.375,8.375,8.34,8.35,6968,2021-07-29 17:50:00,PTEN
8.35,8.36,8.3,8.31,7411,2021-07-29 17:55:00,PTEN
8.31,8.315,8.28,8.29,6024,2021-07-29 18:00:00,PTEN
8.29,8.32,8.28,8.32,7828,2021-07-29 18:05:00,PTEN
8.32,8.33,8.31,8.32,8044,2021-07-29 18:10:00,PTEN
8.33,8.34,8.32,8.34,7002,2021-07-29 18:15:00,PTEN
8.35,8.36,8.34,8.345,4965,2021-07-29 18:20:00,PTEN
8.35,8.37,8.35,8.37,10313,2021-07-29 18:25:00,PTEN
8.37,8.38,8.36,8.37,5339,2021-07-29 18:30:00,PTEN
8.38,8.38,8.34,8.34,10693,2021-07-29 18:35:00,PTEN
8.33,8.34,8.33,8.335,8403,2021-07-29 18:40:00,PTEN
8.34,8.37,8.34,8.37,10387,2021-07-29 18:45:00,PTEN
8.37,8.38,8.35,8.35,12101,2021-07-29 18:50:00,PTEN
8.36,8.36,8.34,8.34,21586,2021-07-29 18:55:00,PTEN
8.335,8.335,8.3,8.31,7224,2021-07-29 19:00:00,PTEN
8.31,8.31,8.29,8.295,10157,2021-07-29 19:05:00,PTEN
8.295,8.295,8.25,8.25,9893,2021-07-29 19:10:00,PTEN
8.255,8.28,8.245,8.26,17279,2021-07-29 19:15:00,PTEN
8.265,8.27,8.26,8.27,7624,2021-07-29 19:20:00,PTEN
8.265,8.265,8.23,8.26,16118,2021-07-29 19:25:00,PTEN
8.25,8.28,8.25,8.28,13771,2021-07-29 19:30:00,PTEN
8.28,8.35,8.27,8.35,24454,2021-07-29 19:35:00,PTEN
8.35,8.36,8.29,8.295,34683,2021-07-29 19:40:00,PTEN
8.295,8.36,8.29,8.36,40463,2021-07-29 19:45:00,PTEN
8.36,8.4,8.35,8.385,73527,2021-07-29 19:50:00,PTEN
8.385,8.405,8.36,8.36,140988,2021-07-29 19:55:00,PTEN
8.36,8.36,8.36,8.36,105557,2021-07-29 20:00:00,PTEN
8.07,8.16,8.07,8.16,200,2021-07-30 11:30:00,PTEN
8.14,8.2,8.14,8.2,200,2021-07-30 11:50:00,PTEN
8.38,8.38,8.2073,8.22,25652,2021-07-30 13:30:00,PTEN
8.18,8.22,8.11,8.185,31237,2021-07-30 13:35:00,PTEN
8.2,8.24,8.18,8.2,44786,2021-07-30 13:40:00,PTEN
8.2,8.29,8.2,8.27,10041,2021-07-30 13:45:00,PTEN
8.27,8.27,8.185,8.23,15046,2021-07-30 13:50:00,PTEN
8.23,8.265,8.2,8.23,11553,2021-07-30 13:55:00,PTEN
8.22,8.25,8.19,8.21,4618,2021-07-30 14:00:00,PTEN
8.215,8.275,8.19,8.275,12356,2021-07-30 14:05:00,PTEN
8.26,8.26,8.21,8.24,14586,2021-07-30 14:10:00,PTEN
8.25,8.26,8.2,8.21,8834,2021-07-30 14:15:00,PTEN
8.19,8.23,8.185,8.22,109920,2021-07-30 14:20:00,PTEN
8.22,8.23,8.18,8.2,50451,2021-07-30 14:25:00,PTEN
8.19,8.21,8.18,8.19,14585,2021-07-30 14:30:00,PTEN
8.18,8.19,8.15,8.15,13482,2021-07-30 14:35:00,PTEN
8.14,8.15,8.05,8.07,12010,2021-07-30 14:40:00,PTEN
8.08,8.09,8.045,8.05,8183,2021-07-30 14:45:00,PTEN
8.05,8.06,8.031,8.031,30083,2021-07-30 14:50:00,PTEN
8.02,8.07,8.02,8.05,4798,2021-07-30 14:55:00,PTEN
8.05,8.06,8.04,8.05,7897,2021-07-30 15:00:00,PTEN
8.04,8.07,8.035,8.07,4046,2021-07-30 15:05:00,PTEN
8.065,8.11,8.06,8.085,11855,2021-07-30 15:10:00,PTEN
8.08,8.095,8.07,8.07,9236,2021-07-30 15:15:00,PTEN
8.07,8.085,8.07,8.07,2501,2021-07-30 15:20:00,PTEN
8.07,8.095,8.055,8.075,20508,2021-07-30 15:25:00,PTEN
8.065,8.075,8.05,8.05,8098,2021-07-30 15:30:00,PTEN
8.05,8.055,8.01,8.02,24407,2021-07-30 15:35:00,PTEN
8.015,8.05,8.005,8.05,6062,2021-07-30 15:40:00,PTEN
8.05,8.065,8.045,8.045,5107,2021-07-30 15:45:00,PTEN
8.05,8.1,8.05,8.1,4582,2021-07-30 15:50:00,PTEN
8.095,8.12,8.095,8.12,4337,2021-07-30 15:55:00,PTEN
8.125,8.125,8.09,8.1,5698,2021-07-30 16:00:00,PTEN
8.1,8.12,8.08,8.115,6762,2021-07-30 16:05:00,PTEN
8.11,8.115,8.1,8.1075,2000,2021-07-30 16:10:00,PTEN
8.115,8.14,8.115,8.135,10415,2021-07-30 16:15:00,PTEN
8.13,8.14,8.125,8.13,6100,2021-07-30 16:20:00,PTEN
8.13,8.135,8.125,8.13,2918,2021-07-30 16:25:00,PTEN
8.12,8.135,8.12,8.13,20839,2021-07-30 16:30:00,PTEN
8.125,8.155,8.125,8.15,4380,2021-07-30 16:35:00,PTEN
8.15,8.175,8.15,8.17,6148,2021-07-30 16:40:00,PTEN
8.165,8.165,8.15,8.1501,3900,2021-07-30 16:45:00,PTEN
8.16,8.165,8.15,8.15,2474,2021-07-30 16:50:00,PTEN
8.15,8.15,8.115,8.125,22988,2021-07-30 16:55:00,PTEN
8.125,8.125,8.1,8.12,13950,2021-07-30 17:00:00,PTEN
8.11,8.14,8.11,8.13,13300,2021-07-30 17:05:00,PTEN
8.135,8.15,8.125,8.135,21479,2021-07-30 17:10:00,PTEN
8.13,8.135,8.11,8.125,25144,2021-07-30 17:15:00,PTEN
8.12,8.12,8.05,8.07,12017,2021-07-30 17:20:00,PTEN
8.065,8.07,8.05,8.05,2843,2021-07-30 17:25:00,PTEN
8.045,8.06,8.04,8.06,3700,2021-07-30 17:30:00,PTEN
8.055,8.09,8.055,8.07,9226,2021-07-30 17:35:00,PTEN
8.08,8.09,8.075,8.08,3311,2021-07-30 17:40:00,PTEN
8.087,8.087,8.075,8.08,4105,2021-07-30 17:45:00,PTEN
8.07,8.07,8.055,8.06,9153,2021-07-30 17:50:00,PTEN
8.06,8.06,8.04,8.059,6747,2021-07-30 17:55:00,PTEN
8.045,8.045,8.02,8.02,3510,2021-07-30 18:00:00,PTEN
8.02,8.0502,8.01,8.0502,5607,2021-07-30 18:05:00,PTEN
8.05,8.05,8.035,8.04,4265,2021-07-30 18:10:00,PTEN
8.04,8.07,8.03,8.06,6499,2021-07-30 18:15:00,PTEN
8.055,8.065,8.04,8.045,17984,2021-07-30 18:20:00,PTEN
8.05,8.05,8.01,8.015,7136,2021-07-30 18:25:00,PTEN
8.015,8.035,8.005,8.025,20678,2021-07-30 18:30:00,PTEN
8.02,8.045,8.01,8.015,16203,2021-07-30 18:35:00,PTEN
8.015,8.03,8.01,8.02,6997,2021-07-30 18:40:00,PTEN
8.02,8.045,8.02,8.045,3904,2021-07-30 18:45:00,PTEN
8.045,8.06,8.045,8.045,9510,2021-07-30 18:50:00,PTEN
8.045,8.065,8.04,8.065,20300,2021-07-30 18:55:00,PTEN
8.06,8.069,8.04,8.06,8647,2021-07-30 19:00:00,PTEN
8.06,8.07,8.045,8.06,20584,2021-07-30 19:05:00,PTEN
8.065,8.07,8.05,8.065,18128,2021-07-30 19:10:00,PTEN
8.065,8.095,8.065,8.09,21307,2021-07-30 19:15:00,PTEN
8.095,8.1,8.085,8.09,6375,2021-07-30 19:20:00,PTEN
8.0928,8.12,8.0928,8.11,9217,2021-07-30 19:25:00,PTEN
8.11,8.11,8.09,8.09,7927,2021-07-30 19:30:00,PTEN
8.09,8.1,8.065,8.07,23661,2021-07-30 19:35:00,PTEN
8.08,8.08,8.05,8.05,11033,2021-07-30 19:40:00,PTEN
8.05,8.07,8.02,8.065,89829,2021-07-30 19:45:00,PTEN
8.06,8.06,7.99,7.995,80055,2021-07-30 19:50:00,PTEN
7.99,8.04,7.99,8.04,150375,2021-07-30 19:55:00,PTEN
8.03,8.03,8.02,8.02,464227,2021-07-30 20:00:00,PTEN
8.05,8.26,8.0184,8.24,49406,2021-08-02 13:30:00,PTEN
8.25,8.3,8.24,8.29,21356,2021-08-02 13:35:00,PTEN
8.31,8.39,8.31,8.38,19283,2021-08-02 13:40:00,PTEN
8.39,8.54,8.39,8.54,26456,2021-08-02 13:45:00,PTEN
8.55,8.55,8.48,8.5,45995,2021-08-02 13:50:00,PTEN
8.51,8.59,8.5,8.5764,28670,2021-08-02 13:55:00,PTEN
8.58,8.66,8.58,8.6,32977,2021-08-02 14:00:00,PTEN
8.6,8.62,8.53,8.545,20238,2021-08-02 14:05:00,PTEN
8.55,8.58,8.455,8.46,27103,2021-08-02 14:10:00,PTEN
8.47,8.47,8.36,8.365,15026,2021-08-02 14:15:00,PTEN
8.36,8.37,8.29,8.31,22040,2021-08-02 14:20:00,PTEN
8.31,8.35,8.28,8.28,17475,2021-08-02 14:25:00,PTEN
8.27,8.34,8.27,8.34,14976,2021-08-02 14:30:00,PTEN
8.335,8.35,8.29,8.3,14410,2021-08-02 14:35:00,PTEN
8.29,8.3,8.23,8.295,16695,2021-08-02 14:40:00,PTEN
8.295,8.31,8.26,8.2699,5176,2021-08-02 14:45:00,PTEN
8.26,8.265,8.21,8.215,8119,2021-08-02 14:50:00,PTEN
8.21,8.21,8.13,8.15,26699,2021-08-02 14:55:00,PTEN
8.145,8.2,8.125,8.19,28513,2021-08-02 15:00:00,PTEN
8.19,8.19,8.1,8.105,32920,2021-08-02 15:05:00,PTEN
8.1,8.16,8.1,8.15,16330,2021-08-02 15:10:00,PTEN
8.14,8.14,8.05,8.065,5836,2021-08-02 15:15:00,PTEN
8.06,8.06,8.04,8.06,13205,2021-08-02 15:20:00,PTEN
8.065,8.065,8.02,8.02,7669,2021-08-02 15:25:00,PTEN
8.0201,8.03,7.965,8.0,38840,2021-08-02 15:30:00,PTEN
8.0,8.015,7.935,7.965,40215,2021-08-02 15:35:00,PTEN
7.96,7.96,7.885,7.9,39557,2021-08-02 15:40:00,PTEN
7.9,7.945,7.895,7.935,22329,2021-08-02 15:45:00,PTEN
7.935,7.945,7.91,7.92,26118,2021-08-02 15:50:00,PTEN
7.915,7.925,7.87,7.895,15848,2021-08-02 15:55:00,PTEN
7.89,7.94,7.875,7.92,23002,2021-08-02 16:00:00,PTEN
7.91,7.91,7.865,7.89,18583,2021-08-02 16:05:00,PTEN
7.89,7.905,7.885,7.895,7065,2021-08-02 16:10:00,PTEN
7.9,7.955,7.9,7.94,16523,2021-08-02 16:15:00,PTEN
7.945,7.95,7.92,7.94,9332,2021-08-02 16:20:00,PTEN
7.945,7.965,7.93,7.965,5216,2021-08-02 16:25:00,PTEN
7.965,8.01,7.96,8.005,8565,2021-08-02 16:30:00,PTEN
8.0,8.02,7.99,8.02,11923,2021-08-02 16:35:00,PTEN
8.02,8.03,8.0,8.0,5937,2021-08-02 16:40:00,PTEN
8.0,8.02,8.0,8.015,6350,2021-08-02 16:45:00,PTEN
8.01,8.05,8.0,8.045,11117,2021-08-02 16:50:00,PTEN
8.04,8.04,8.01,8.02,4001,2021-08-02 16:55:00,PTEN
8.03,8.045,7.98,7.99,7992,2021-08-02 17:00:00,PTEN
7.995,8.005,7.985,8.0,7502,2021-08-02 17:05:00,PTEN
7.995,8.025,7.995,8.025,4190,2021-08-02 17:10:00,PTEN
8.025,8.03,8.0,8.03,16780,2021-08-02 17:15:00,PTEN
8.03,8.035,8.025,8.03,3295,2021-08-02 17:20:00,PTEN
8.04,8.045,8.025,8.04,9090,2021-08-02 17:25:00,PTEN
8.035,8.06,8.015,8.0599,18286,2021-08-02 17:30:00,PTEN
8.07,8.1,8.07,8.075,15980,2021-08-02 17:35:00,PTEN
8.08,8.1,8.06,8.06,9191,2021-08-02 17:40:00,PTEN
8.06,8.07,8.055,8.055,3544,2021-08-02 17:45:00,PTEN
8.065,8.07,8.045,8.065,5565,2021-08-02 17:50:00,PTEN
8.065,8.075,8.06,8.065,20509,2021-08-02 17:55:00,PTEN
8.06,8.0799,8.055,8.065,7805,2021-08-02 18:00:00,PTEN
8.065,8.119,8.065,8.115,11232,2021-08-02 18:05:00,PTEN
8.12,8.145,8.117,8.135,12891,2021-08-02 18:10:00,PTEN
8.14,8.145,8.09,8.09,10182,2021-08-02 18:15:00,PTEN
8.095,8.115,8.085,8.105,12603,2021-08-02 18:20:00,PTEN
8.105,8.12,8.08,8.105,13195,2021-08-02 18:25:00,PTEN
8.1,8.105,8.095,8.105,5193,2021-08-02 18:30:00,PTEN
8.1,8.13,8.1,8.125,11584,2021-08-02 18:35:00,PTEN
8.125,8.125,8.1,8.1,4200,2021-08-02 18:40:00,PTEN
8.1,8.12,8.1,8.11,4417,2021-08-02 18:45:00,PTEN
8.105,8.1099,8.1,8.105,6100,2021-08-02 18:50:00,PTEN
8.1,8.13,8.1,8.125,14756,2021-08-02 18:55:00,PTEN
8.125,8.16,8.125,8.15,15626,2021-08-02 19:00:00,PTEN
8.155,8.155,8.13,8.13,5769,2021-08-02 19:05:00,PTEN
8.13,8.14,8.1,8.105,13102,2021-08-02 19:10:00,PTEN
8.11,8.14,8.11,8.14,4062,2021-08-02 19:15:00,PTEN
8.13,8.135,8.115,8.115,5634,2021-08-02 19:20:00,PTEN
8.115,8.115,8.08,8.09,8882,2021-08-02 19:25:00,PTEN
8.09,8.105,8.065,8.065,13149,2021-08-02 19:30:00,PTEN
8.065,8.08,8.03,8.03,25886,2021-08-02 19:35:00,PTEN
8.03,8.03,7.98,7.98,33670,2021-08-02 19:40:00,PTEN
7.98,7.99,7.94,7.94,37530,2021-08-02 19:45:00,PTEN
7.95,8.0,7.95,7.985,82734,2021-08-02 19:50:00,PTEN
7.99,7.995,7.96,7.97,85822,2021-08-02 19:55:00,PTEN
7.98,7.98,7.98,7.98,221306,2021-08-02 20:00:00,PTEN
7.96,7.99,7.92,7.95,27080,2021-08-03 13:30:00,PTEN
7.94,7.94,7.83,7.84,63691,2021-08-03 13:35:00,PTEN
7.83,7.87,7.77,7.79,27313,2021-08-03 13:40:00,PTEN
7.78,7.8092,7.7014,7.71,25664,2021-08-03 13:45:00,PTEN
7.705,7.76,7.69,7.73,27481,2021-08-03 13:50:00,PTEN
7.7264,7.82,7.7,7.78,52636,2021-08-03 13:55:00,PTEN
7.77,7.8401,7.755,7.84,15182,2021-08-03 14:00:00,PTEN
7.82,7.83,7.775,7.79,17423,2021-08-03 14:05:00,PTEN
7.78,7.8,7.74,7.775,24752,2021-08-03 14:10:00,PTEN
7.78,7.84,7.78,7.825,20436,2021-08-03 14:15:00,PTEN
7.83,7.84,7.81,7.84,12956,2021-08-03 14:20:00,PTEN
7.84,7.89,7.83,7.89,13551,2021-08-03 14:25:00,PTEN
7.89,7.89,7.835,7.8411,13323,2021-08-03 14:30:00,PTEN
7.85,7.88,7.81,7.87,29090,2021-08-03 14:35:00,PTEN
7.88,7.95,7.88,7.95,16772,2021-08-03 14:40:00,PTEN
7.945,7.97,7.92,7.925,11752,2021-08-03 14:45:00,PTEN
7.93,7.93,7.85,7.85,9101,2021-08-03 14:50:00,PTEN
7.85,7.85,7.815,7.84,12846,2021-08-03 14:55:00,PTEN
7.84,7.9,7.84,7.875,16900,2021-08-03 15:00:00,PTEN
7.88,7.95,7.86,7.935,13212,2021-08-03 15:05:00,PTEN
7.93,7.99,7.925,7.99,19533,2021-08-03 15:10:00,PTEN
7.9961,8.007,7.97,7.97,11814,2021-08-03 15:15:00,PTEN
7.98,8.04,7.97,8.04,9991,2021-08-03 15:20:00,PTEN
8.05,8.065,8.025,8.04,29098,2021-08-03 15:25:00,PTEN
8.05,8.05,8.03,8.04,7415,2021-08-03 15:30:00,PTEN
8.05,8.085,8.045,8.08,12647,2021-08-03 15:35:00,PTEN
8.09,8.09,8.06,8.075,13422,2021-08-03 15:40:00,PTEN
8.07,8.07,8.04,8.04,6669,2021-08-03 15:45:00,PTEN
8.04,8.05,8.04,8.045,5753,2021-08-03 15:50:00,PTEN
8.05,8.06,8.0173,8.0173,5972,2021-08-03 15:55:00,PTEN
8.02,8.05,8.02,8.05,8073,2021-08-03 16:00:00,PTEN
8.05,8.055,8.035,8.035,7448,2021-08-03 16:05:00,PTEN
8.04,8.055,8.02,8.05,4896,2021-08-03 16:10:00,PTEN
8.05,8.085,8.045,8.07,18703,2021-08-03 16:15:00,PTEN
8.06,8.06,8.05,8.05,6492,2021-08-03 16:20:00,PTEN
8.05,8.06,8.045,8.045,13181,2021-08-03 16:25:00,PTEN
8.04,8.045,8.01,8.01,7851,2021-08-03 16:30:00,PTEN
8.015,8.04,8.015,8.04,10346,2021-08-03 16:35:00,PTEN
8.0301,8.05,8.03,8.05,9350,2021-08-03 16:40:00,PTEN
8.05,8.06,8.035,8.045,4303,2021-08-03 16:45:00,PTEN
8.045,8.0625,8.045,8.06,13359,2021-08-03 16:50:00,PTEN
8.065,8.12,8.06,8.105,19234,2021-08-03 16:55:00,PTEN
8.1,8.115,8.095,8.095,8204,2021-08-03 17:00:00,PTEN
8.0936,8.1,8.07,8.075,10291,2021-08-03 17:05:00,PTEN
8.07,8.07,8.055,8.065,10907,2021-08-03 17:10:00,PTEN
8.06,8.06,8.02,8.02,8095,2021-08-03 17:15:00,PTEN
8.025,8.0288,7.985,7.985,13487,2021-08-03 17:20:00,PTEN
7.985,8.005,7.985,8.005,12379,2021-08-03 17:25:00,PTEN
8.005,8.005,7.975,7.98,16591,2021-08-03 17:30:00,PTEN
7.99,8.0,7.97,7.97,9762,2021-08-03 17:35:00,PTEN
7.965,7.9899,7.955,7.985,9879,2021-08-03 17:40:00,PTEN
7.98,8.005,7.965,7.98,9892,2021-08-03 17:45:00,PTEN
7.98,8.05,7.98,8.05,13720,2021-08-03 17:50:00,PTEN
8.06,8.06,8.04,8.045,6578,2021-08-03 17:55:00,PTEN
8.045,8.055,8.025,8.035,8285,2021-08-03 18:00:00,PTEN
8.03,8.045,8.015,8.02,9203,2021-08-03 18:05:00,PTEN
8.02,8.03,8.005,8.005,7938,2021-08-03 18:10:00,PTEN
8.005,8.005,8.0,8.0,1700,2021-08-03 18:15:00,PTEN
8.0,8.02,7.99,8.015,12499,2021-08-03 18:20:00,PTEN
8.015,8.07,8.015,8.065,10245,2021-08-03 18:25:00,PTEN
8.06,8.1,8.05,8.1,10459,2021-08-03 18:30:00,PTEN
8.11,8.11,8.08,8.1,10652,2021-08-03 18:35:00,PTEN
8.105,8.13,8.1,8.115,13825,2021-08-03 18:40:00,PTEN
8.11,8.115,8.1,8.1,11301,2021-08-03 18:45:00,PTEN
8.105,8.105,8.085,8.085,10469,2021-08-03 18:50:00,PTEN
8.085,8.09,8.05,8.055,15342,2021-08-03 18:55:00,PTEN
8.055,8.065,8.03,8.065,15709,2021-08-03 19:00:00,PTEN
8.06,8.08,8.06,8.08,10183,2021-08-03 19:05:00,PTEN
8.09,8.095,8.055,8.055,13565,2021-08-03 19:10:00,PTEN
8.06,8.065,8.04,8.045,13922,2021-08-03 19:15:00,PTEN
8.045,8.045,8.02,8.02,15884,2021-08-03 19:20:00,PTEN
8.0275,8.06,8.02,8.06,18941,2021-08-03 19:25:00,PTEN
8.06,8.065,8.04,8.065,16289,2021-08-03 19:30:00,PTEN
8.06,8.0789,8.05,8.075,19951,2021-08-03 19:35:00,PTEN
8.07,8.08,8.06,8.06,11455,2021-08-03 19:40:00,PTEN
8.065,8.095,8.06,8.07,48445,2021-08-03 19:45:00,PTEN
8.08,8.09,8.03,8.06,73783,2021-08-03 19:50:00,PTEN
8.055,8.09,8.055,8.09,101227,2021-08-03 19:55:00,PTEN
8.09,8.09,8.09,8.09,309824,2021-08-03 20:00:00,PTEN
7.88,7.88,7.88,7.88,100,2021-08-04 13:25:00,PTEN
7.85,7.91,7.6,7.61,81786,2021-08-04 13:30:00,PTEN
7.63,7.69,7.55,7.56,47291,2021-08-04 13:35:00,PTEN
7.55,7.57,7.47,7.49,59858,2021-08-04 13:40:00,PTEN
7.49,7.61,7.41,7.61,104105,2021-08-04 13:45:00,PTEN
7.62,7.75,7.62,7.63,76448,2021-08-04 13:50:00,PTEN
7.625,7.625,7.55,7.58,30276,2021-08-04 13:55:00,PTEN
7.589,7.64,7.565,7.61,29034,2021-08-04 14:00:00,PTEN
7.61,7.7,7.6,7.69,19932,2021-08-04 14:05:00,PTEN
7.69,7.805,7.68,7.7901,25220,2021-08-04 14:10:00,PTEN
7.8,7.845,7.76,7.8,29228,2021-08-04 14:15:00,PTEN
7.79,7.81,7.72,7.72,14034,2021-08-04 14:20:00,PTEN
7.7178,7.755,7.715,7.74,7957,2021-08-04 14:25:00,PTEN
7.73,7.73,7.62,7.64,16050,2021-08-04 14:30:00,PTEN
7.64,7.66,7.62,7.65,15163,2021-08-04 14:35:00,PTEN
7.66,7.67,7.61,7.64,97555,2021-08-04 14:40:00,PTEN
7.64,7.64,7.59,7.595,32833,2021-08-04 14:45:00,PTEN
7.6,7.62,7.54,7.55,17355,2021-08-04 14:50:00,PTEN
7.555,7.61,7.54,7.61,35238,2021-08-04 14:55:00,PTEN
7.61,7.62,7.575,7.605,15809,2021-08-04 15:00:00,PTEN
7.605,7.635,7.605,7.61,24686,2021-08-04 15:05:00,PTEN
7.615,7.615,7.58,7.59,32796,2021-08-04 15:10:00,PTEN
7.6,7.635,7.6,7.62,32978,2021-08-04 15:15:00,PTEN
7.625,7.68,7.625,7.655,19089,2021-08-04 15:20:00,PTEN
7.66,7.69,7.655,7.67,19212,2021-08-04 15:25:00,PTEN
7.67,7.68,7.63,7.64,24012,2021-08-04 15:30:00,PTEN
7.64,7.65,7.6,7.65,19779,2021-08-04 15:35:00,PTEN
7.64,7.64,7.57,7.59,27762,2021-08-04 15:40:00,PTEN
7.59,7.595,7.555,7.555,29490,2021-08-04 15:45:00,PTEN
7.55,7.565,7.545,7.565,24766,2021-08-04 15:50:00,PTEN
7.57,7.57,7.495,7.505,49094,2021-08-04 15:55:00,PTEN
7.5,7.5,7.47,7.48,43440,2021-08-04 16:00:00,PTEN
7.475,7.51,7.475,7.49,34000,2021-08-04 16:05:00,PTEN
7.495,7.495,7.475,7.49,12396,2021-08-04 16:10:00,PTEN
7.485,7.495,7.45,7.46,16956,2021-08-04 16:15:00,PTEN
7.47,7.5,7.465,7.495,13808,2021-08-04 16:20:00,PTEN
7.49,7.495,7.46,7.475,9280,2021-08-04 16:25:00,PTEN
7.47,7.475,7.44,7.445,15570,2021-08-04 16:30:00,PTEN
7.44,7.48,7.43,7.48,20346,2021-08-04 16:35:00,PTEN
7.47,7.475,7.42,7.435,21613,2021-08-04 16:40:00,PTEN
7.435,7.445,7.42,7.44,10037,2021-08-04 16:45:00,PTEN
7.445,7.455,7.44,7.45,13579,2021-08-04 16:50:00,PTEN
7.442,7.445,7.425,7.44,15424,2021-08-04 16:55:00,PTEN
7.435,7.435,7.39,7.43,40559,2021-08-04 17:00:00,PTEN
7.42,7.46,7.42,7.44,8956,2021-08-04 17:05:00,PTEN
7.45,7.475,7.43,7.43,27277,2021-08-04 17:10:00,PTEN
7.43,7.43,7.4,7.4,26888,2021-08-04 17:15:00,PTEN
7.4,7.405,7.38,7.39,31596,2021-08-04 17:20:00,PTEN
7.3954,7.397,7.37,7.37,12967,2021-08-04 17:25:00,PTEN
7.375,7.405,7.36,7.4,19292,2021-08-04 17:30:00,PTEN
7.395,7.395,7.35,7.37,32758,2021-08-04 17:35:00,PTEN
7.36,7.37,7.35,7.355,11344,2021-08-04 17:40:00,PTEN
7.359,7.36,7.335,7.34,15025,2021-08-04 17:45:00,PTEN
7.34,7.355,7.32,7.325,14575,2021-08-04 17:50:00,PTEN
7.321,7.3465,7.31,7.34,18283,2021-08-04 17:55:00,PTEN
7.33,7.355,7.33,7.34,8507,2021-08-04 18:00:00,PTEN
7.34,7.35,7.32,7.35,11346,2021-08-04 18:05:00,PTEN
7.35,7.35,7.325,7.33,10296,2021-08-04 18:10:00,PTEN
7.33,7.33,7.305,7.31,22663,2021-08-04 18:15:00,PTEN
7.315,7.315,7.28,7.3,21577,2021-08-04 18:20:00,PTEN
7.305,7.315,7.29,7.305,26758,2021-08-04 18:25:00,PTEN
7.31,7.32,7.3041,7.31,7935,2021-08-04 18:30:00,PTEN
7.315,7.32,7.3,7.3,14678,2021-08-04 18:35:00,PTEN
7.305,7.31,7.3,7.305,7773,2021-08-04 18:40:00,PTEN
7.305,7.31,7.26,7.265,19686,2021-08-04 18:45:00,PTEN
7.2654,7.29,7.26,7.2869,34868,2021-08-04 18:50:00,PTEN
7.285,7.295,7.27,7.295,14518,2021-08-04 18:55:00,PTEN
7.295,7.295,7.28,7.295,13366,2021-08-04 19:00:00,PTEN
7.3,7.3,7.28,7.285,4806,2021-08-04 19:05:00,PTEN
7.28,7.295,7.28,7.285,11464,2021-08-04 19:10:00,PTEN
7.285,7.285,7.25,7.255,22372,2021-08-04 19:15:00,PTEN
7.255,7.26,7.25,7.255,15041,2021-08-04 19:20:00,PTEN
7.255,7.26,7.24,7.245,21503,2021-08-04 19:25:00,PTEN
7.245,7.275,7.24,7.275,46659,2021-08-04 19:30:00,PTEN
7.28,7.29,7.27,7.275,14769,2021-08-04 19:35:00,PTEN
7.275,7.3475,7.275,7.32,97595,2021-08-04 19:40:00,PTEN
7.32,7.325,7.3,7.3,17078,2021-08-04 19:45:00,PTEN
7.305,7.31,7.26,7.295,92035,2021-08-04 19:50:00,PTEN
7.295,7.3,7.27,7.28,99731,2021-08-04 19:55:00,PTEN
7.27,7.27,7.27,7.27,94876,2021-08-04 20:00:00,PTEN
7.3,7.3,7.3,7.3,300,2021-08-04 20:10:00,PTEN
7.28,7.28,7.28,7.28,1000,2021-08-04 21:55:00,PTEN
7.34,7.4,7.33,7.35,57500,2021-08-05 13:30:00,PTEN
7.35,7.37,7.31,7.36,34533,2021-08-05 13:35:00,PTEN
7.37,7.44,7.34,7.425,15384,2021-08-05 13:40:00,PTEN
7.43,7.43,7.31,7.32,10375,2021-08-05 13:45:00,PTEN
7.335,7.44,7.335,7.44,24243,2021-08-05 13:50:00,PTEN
7.45,7.51,7.45,7.51,24033,2021-08-05 13:55:00,PTEN
7.49,7.51,7.46,7.47,10923,2021-08-05 14:00:00,PTEN
7.48,7.52,7.475,7.505,28223,2021-08-05 14:05:00,PTEN
7.49,7.53,7.46,7.5,16893,2021-08-05 14:10:00,PTEN
7.505,7.51,7.47,7.5,6897,2021-08-05 14:15:00,PTEN
7.49,7.555,7.479,7.53,16668,2021-08-05 14:20:00,PTEN
7.53,7.59,7.53,7.56,15189,2021-08-05 14:25:00,PTEN
7.55,7.605,7.55,7.605,8750,2021-08-05 14:30:00,PTEN
7.605,7.605,7.555,7.565,19260,2021-08-05 14:35:00,PTEN
7.5613,7.5613,7.54,7.545,6759,2021-08-05 14:40:00,PTEN
7.55,7.55,7.52,7.545,23592,2021-08-05 14:45:00,PTEN
7.55,7.58,7.55,7.5601,10415,2021-08-05 14:50:00,PTEN
7.56,7.57,7.55,7.565,6267,2021-08-05 14:55:00,PTEN
7.57,7.58,7.54,7.54,16117,2021-08-05 15:00:00,PTEN
7.54,7.575,7.54,7.56,17672,2021-08-05 15:05:00,PTEN
7.56,7.6,7.555,7.6,9759,2021-08-05 15:10:00,PTEN
7.6,7.625,7.57,7.59,29485,2021-08-05 15:15:00,PTEN
7.59,7.6,7.58,7.6,10988,2021-08-05 15:20:00,PTEN
7.6,7.63,7.59,7.59,8155,2021-08-05 15:25:00,PTEN
7.58,7.6,7.57,7.6,8336,2021-08-05 15:30:00,PTEN
7.61,7.61,7.56,7.566,13659,2021-08-05 15:35:00,PTEN
7.57,7.575,7.55,7.555,8702,2021-08-05 15:40:00,PTEN
7.55,7.55,7.515,7.515,9725,2021-08-05 15:45:00,PTEN
7.51,7.53,7.51,7.515,11420,2021-08-05 15:50:00,PTEN
7.515,7.54,7.5,7.535,20960,2021-08-05 15:55:00,PTEN
7.535,7.56,7.525,7.53,8801,2021-08-05 16:00:00,PTEN
7.53,7.54,7.49,7.5,10489,2021-08-05 16:05:00,PTEN
7.495,7.51,7.495,7.495,3828,2021-08-05 16:10:00,PTEN
7.495,7.51,7.49,7.49,8786,2021-08-05 16:15:00,PTEN
7.495,7.505,7.4901,7.495,7896,2021-08-05 16:20:00,PTEN
7.49,7.49,7.46,7.46,8724,2021-08-05 16:25:00,PTEN
7.455,7.48,7.45,7.48,11095,2021-08-05 16:30:00,PTEN
7.48,7.49,7.465,7.47,4581,2021-08-05 16:35:00,PTEN
7.465,7.47,7.445,7.45,6194,2021-08-05 16:40:00,PTEN
7.44,7.48,7.43,7.48,8059,2021-08-05 16:45:00,PTEN
7.49,7.5,7.48,7.48,5184,2021-08-05 16:50:00,PTEN
7.48,7.48,7.44,7.44,5708,2021-08-05 16:55:00,PTEN
7.45,7.45,7.435,7.445,11988,2021-08-05 17:00:00,PTEN
7.45,7.46,7.45,7.455,3105,2021-08-05 17:05:00,PTEN
7.455,7.465,7.45,7.455,12518,2021-08-05 17:10:00,PTEN
7.455,7.46,7.44,7.445,12712,2021-08-05 17:15:00,PTEN
7.445,7.4537,7.445,7.4537,6158,2021-08-05 17:20:00,PTEN
7.46,7.47,7.455,7.465,7099,2021-08-05 17:25:00,PTEN
7.465,7.465,7.45,7.45,2000,2021-08-05 17:30:00,PTEN
7.455,7.485,7.42,7.485,30871,2021-08-05 17:35:00,PTEN
7.49,7.53,7.49,7.5,14287,2021-08-05 17:40:00,PTEN
7.49,7.515,7.485,7.51,7866,2021-08-05 17:45:00,PTEN
7.51,7.52,7.495,7.5,5678,2021-08-05 17:50:00,PTEN
7.51,7.52,7.51,7.515,6827,2021-08-05 17:55:00,PTEN
7.51,7.515,7.495,7.495,8098,2021-08-05 18:00:00,PTEN
7.5,7.5,7.475,7.485,7999,2021-08-05 18:05:00,PTEN
7.485,7.53,7.485,7.515,7761,2021-08-05 18:10:00,PTEN
7.51,7.525,7.5,7.51,7031,2021-08-05 18:15:00,PTEN
7.51,7.51,7.495,7.505,9140,2021-08-05 18:20:00,PTEN
7.505,7.51,7.49,7.49,8719,2021-08-05 18:25:00,PTEN
7.49,7.495,7.48,7.495,8705,2021-08-05 18:30:00,PTEN
7.49,7.495,7.48,7.48,4495,2021-08-05 18:35:00,PTEN
7.48,7.485,7.47,7.47,10780,2021-08-05 18:40:00,PTEN
7.47,7.475,7.44,7.45,7930,2021-08-05 18:45:00,PTEN
7.45,7.45,7.435,7.435,11632,2021-08-05 18:50:00,PTEN
7.43,7.44,7.41,7.42,24320,2021-08-05 18:55:00,PTEN
7.415,7.42,7.395,7.405,15483,2021-08-05 19:00:00,PTEN
7.405,7.415,7.4,7.415,5619,2021-08-05 19:05:00,PTEN
7.41,7.425,7.41,7.425,19994,2021-08-05 19:10:00,PTEN
7.425,7.43,7.41,7.415,9218,2021-08-05 19:15:00,PTEN
7.415,7.43,7.41,7.41,26270,2021-08-05 19:20:00,PTEN
7.415,7.415,7.365,7.395,28862,2021-08-05 19:25:00,PTEN
7.4,7.405,7.37,7.385,22180,2021-08-05 19:30:00,PTEN
7.3899,7.41,7.37,7.375,15659,2021-08-05 19:35:00,PTEN
7.38,7.4,7.375,7.38,40584,2021-08-05 19:40:00,PTEN
7.38,7.38,7.36,7.365,26269,2021-08-05 19:45:00,PTEN
7.36,7.37,7.35,7.355,65309,2021-08-05 19:50:00,PTEN
7.355,7.36,7.35,7.35,102704,2021-08-05 19:55:00,PTEN
7.36,7.36,7.36,7.36,84027,2021-08-05 20:00:00,PTEN
7.36,7.36,7.36,7.36,120,2021-08-05 20:55:00,PTEN
7.5,7.52,7.5,7.52,770,2021-08-06 13:25:00,PTEN
7.52,7.62,7.43,7.58,40426,2021-08-06 13:30:00,PTEN
7.57,7.59,7.49,7.58,23841,2021-08-06 13:35:00,PTEN
7.57,7.66,7.55,7.61,30501,2021-08-06 13:40:00,PTEN
7.62,7.62,7.48,7.49,13713,2021-08-06 13:45:00,PTEN
7.49,7.49,7.43,7.45,18894,2021-08-06 13:50:00,PTEN
7.455,7.51,7.42,7.51,15906,2021-08-06 13:55:00,PTEN
7.51,7.585,7.5,7.58,20763,2021-08-06 14:00:00,PTEN
7.58,7.58,7.49,7.49,17352,2021-08-06 14:05:00,PTEN
7.495,7.57,7.48,7.53,36702,2021-08-06 14:10:00,PTEN
7.53,7.54,7.49,7.505,58016,2021-08-06 14:15:00,PTEN
7.52,7.53,7.49,7.515,30896,2021-08-06 14:20:00,PTEN
7.52,7.53,7.48,7.5,8967,2021-08-06 14:25:00,PTEN
7.5,7.51,7.475,7.49,8940,2021-08-06 14:30:00,PTEN
7.49,7.5,7.455,7.455,9283,2021-08-06 14:35:00,PTEN
7.455,7.48,7.455,7.47,12002,2021-08-06 14:40:00,PTEN
7.47,7.51,7.47,7.5,5145,2021-08-06 14:45:00,PTEN
7.5,7.51,7.47,7.51,13902,2021-08-06 14:50:00,PTEN
7.51,7.53,7.49,7.51,28713,2021-08-06 14:55:00,PTEN
7.51,7.53,7.51,7.51,21977,2021-08-06 15:00:00,PTEN
7.51,7.52,7.495,7.5,33273,2021-08-06 15:05:00,PTEN
7.51,7.565,7.5,7.56,54657,2021-08-06 15:10:00,PTEN
7.56,7.58,7.54,7.545,9375,2021-08-06 15:15:00,PTEN
7.55,7.635,7.55,7.6301,36155,2021-08-06 15:20:00,PTEN
7.63,7.665,7.6101,7.655,18559,2021-08-06 15:25:00,PTEN
7.65,7.655,7.62,7.62,15348,2021-08-06 15:30:00,PTEN
7.62,7.63,7.595,7.6,5124,2021-08-06 15:35:00,PTEN
7.6,7.605,7.585,7.605,5678,2021-08-06 15:40:00,PTEN
7.61,7.615,7.59,7.595,10419,2021-08-06 15:45:00,PTEN
7.59,7.62,7.58,7.62,1783,2021-08-06 15:50:00,PTEN
7.615,7.615,7.59,7.595,5065,2021-08-06 15:55:00,PTEN
7.59,7.5955,7.57,7.5955,9290,2021-08-06 16:00:00,PTEN
7.6,7.6,7.58,7.58,2787,2021-08-06 16:05:00,PTEN
7.58,7.58,7.565,7.565,2163,2021-08-06 16:10:00,PTEN
7.58,7.58,7.555,7.57,4885,2021-08-06 16:15:00,PTEN
7.59,7.605,7.59,7.59,6116,2021-08-06 16:20:00,PTEN
7.595,7.595,7.58,7.59,2732,2021-08-06 16:25:00,PTEN
7.585,7.585,7.555,7.56,6562,2021-08-06 16:30:00,PTEN
7.57,7.585,7.57,7.575,3567,2021-08-06 16:35:00,PTEN
7.58,7.59,7.56,7.58,6675,2021-08-06 16:40:00,PTEN
7.58,7.5958,7.57,7.5958,3304,2021-08-06 16:45:00,PTEN
7.6,7.61,7.5848,7.61,4339,2021-08-06 16:50:00,PTEN
7.62,7.62,7.603,7.605,8908,2021-08-06 16:55:00,PTEN
7.6,7.615,7.595,7.61,7521,2021-08-06 17:00:00,PTEN
7.61,7.61,7.59,7.595,5960,2021-08-06 17:05:00,PTEN
7.595,7.6,7.59,7.6,1959,2021-08-06 17:10:00,PTEN
7.595,7.61,7.595,7.595,7057,2021-08-06 17:15:00,PTEN
7.595,7.63,7.595,7.6298,4331,2021-08-06 17:20:00,PTEN
7.63,7.635,7.59,7.595,7553,2021-08-06 17:25:00,PTEN
7.6,7.6,7.58,7.585,6653,2021-08-06 17:30:00,PTEN
7.585,7.595,7.575,7.58,6466,2021-08-06 17:35:00,PTEN
7.58,7.59,7.575,7.575,5688,2021-08-06 17:40:00,PTEN
7.575,7.585,7.575,7.585,11959,2021-08-06 17:45:00,PTEN
7.585,7.585,7.575,7.58,3335,2021-08-06 17:50:00,PTEN
7.585,7.62,7.585,7.62,3566,2021-08-06 17:55:00,PTEN
7.61,7.615,7.58,7.585,10083,2021-08-06 18:00:00,PTEN
7.59,7.615,7.59,7.61,5898,2021-08-06 18:05:00,PTEN
7.61,7.62,7.6,7.615,6589,2021-08-06 18:10:00,PTEN
7.62,7.65,7.62,7.65,17386,2021-08-06 18:15:00,PTEN
7.655,7.67,7.655,7.655,13923,2021-08-06 18:20:00,PTEN
7.665,7.665,7.63,7.655,18616,2021-08-06 18:25:00,PTEN
7.64,7.64,7.625,7.625,13285,2021-08-06 18:30:00,PTEN
7.63,7.65,7.63,7.645,6546,2021-08-06 18:35:00,PTEN
7.645,7.66,7.635,7.635,12107,2021-08-06 18:40:00,PTEN
7.635,7.645,7.62,7.62,5921,2021-08-06 18:45:00,PTEN
7.615,7.63,7.61,7.625,2527,2021-08-06 18:50:00,PTEN
7.63,7.63,7.62,7.625,4873,2021-08-06 18:55:00,PTEN
7.63,7.63,7.61,7.62,5402,2021-08-06 19:00:00,PTEN
7.62,7.645,7.62,7.64,8831,2021-08-06 19:05:00,PTEN
7.645,7.67,7.645,7.665,5191,2021-08-06 19:10:00,PTEN
7.67,7.68,7.66,7.68,11223,2021-08-06 19:15:00,PTEN
7.68,7.685,7.67,7.685,9131,2021-08-06 19:20:00,PTEN
7.685,7.685,7.65,7.665,12217,2021-08-06 19:25:00,PTEN
7.66,7.665,7.64,7.645,9559,2021-08-06 19:30:00,PTEN
7.65,7.665,7.64,7.665,15898,2021-08-06 19:35:00,PTEN
7.665,7.67,7.6211,7.635,33237,2021-08-06 19:40:00,PTEN
7.64,7.65,7.63,7.64,24198,2021-08-06 19:45:00,PTEN
7.645,7.66,7.62,7.625,43722,2021-08-06 19:50:00,PTEN
7.625,7.645,7.62,7.64,78693,2021-08-06 19:55:00,PTEN
7.65,7.65,7.65,7.65,93317,2021-08-06 20:00:00,PTEN
7.5,7.5,7.5,7.5,333,2021-08-09 12:00:00,PTEN
7.49,7.49,7.48,7.48,1238,2021-08-09 12:20:00,PTEN
7.5,7.5,7.5,7.5,100,2021-08-09 12:25:00,PTEN
7.47,7.47,7.45,7.45,300,2021-08-09 13:25:00,PTEN
7.43,7.5,7.3604,7.46,52189,2021-08-09 13:30:00,PTEN
7.44,7.55,7.44,7.51,21103,2021-08-09 13:35:00,PTEN
7.515,7.535,7.46,7.535,25956,2021-08-09 13:40:00,PTEN
7.53,7.54,7.46,7.46,30151,2021-08-09 13:45:00,PTEN
7.47,7.54,7.41,7.41,41991,2021-08-09 13:50:00,PTEN
7.415,7.46,7.41,7.455,14277,2021-08-09 13:55:00,PTEN
7.45,7.47,7.42,7.42,12471,2021-08-09 14:00:00,PTEN
7.4199,7.44,7.39,7.39,14206,2021-08-09 14:05:00,PTEN
7.375,7.41,7.36,7.36,26706,2021-08-09 14:10:00,PTEN
7.36,7.36,7.33,7.33,4949,2021-08-09 14:15:00,PTEN
7.33,7.345,7.315,7.32,9462,2021-08-09 14:20:00,PTEN
7.32,7.335,7.3,7.31,12871,2021-08-09 14:25:00,PTEN
7.3,7.31,7.28,7.31,15473,2021-08-09 14:30:00,PTEN
7.32,7.33,7.29,7.295,14524,2021-08-09 14:35:00,PTEN
7.3,7.33,7.29,7.33,4762,2021-08-09 14:40:00,PTEN
7.32,7.355,7.315,7.35,3663,2021-08-09 14:45:00,PTEN
7.35,7.36,7.34,7.345,7040,2021-08-09 14:50:00,PTEN
7.35,7.38,7.35,7.38,9405,2021-08-09 14:55:00,PTEN
7.38,7.45,7.38,7.43,18301,2021-08-09 15:00:00,PTEN
7.43,7.435,7.4,7.41,10370,2021-08-09 15:05:00,PTEN
7.4,7.45,7.4,7.435,6748,2021-08-09 15:10:00,PTEN
7.4382,7.465,7.4382,7.45,3492,2021-08-09 15:15:00,PTEN
7.46,7.52,7.45,7.52,10604,2021-08-09 15:20:00,PTEN
7.52,7.55,7.5,7.52,15223,2021-08-09 15:25:00,PTEN
7.52,7.52,7.48,7.49,6172,2021-08-09 15:30:00,PTEN
7.49,7.5,7.475,7.48,7788,2021-08-09 15:35:00,PTEN
7.485,7.5,7.485,7.5,2953,2021-08-09 15:40:00,PTEN
7.49,7.5,7.485,7.495,4479,2021-08-09 15:45:00,PTEN
7.49,7.54,7.48,7.54,27142,2021-08-09 15:50:00,PTEN
7.54,7.54,7.485,7.49,11307,2021-08-09 15:55:00,PTEN
7.49,7.505,7.48,7.48,3476,2021-08-09 16:00:00,PTEN
7.475,7.51,7.475,7.51,3099,2021-08-09 16:05:00,PTEN
7.5,7.505,7.48,7.505,6065,2021-08-09 16:10:00,PTEN
7.51,7.55,7.505,7.55,9241,2021-08-09 16:15:00,PTEN
7.55,7.55,7.51,7.51,12807,2021-08-09 16:20:00,PTEN
7.51,7.51,7.495,7.505,2744,2021-08-09 16:25:00,PTEN
7.505,7.505,7.46,7.48,6676,2021-08-09 16:30:00,PTEN
7.48,7.48,7.465,7.48,6836,2021-08-09 16:35:00,PTEN
7.48,7.49,7.47,7.475,2485,2021-08-09 16:40:00,PTEN
7.48,7.52,7.48,7.52,15378,2021-08-09 16:45:00,PTEN
7.515,7.515,7.505,7.51,1911,2021-08-09 16:50:00,PTEN
7.505,7.505,7.48,7.49,6395,2021-08-09 16:55:00,PTEN
7.4985,7.51,7.4985,7.51,3403,2021-08-09 17:00:00,PTEN
7.505,7.515,7.5,7.505,4946,2021-08-09 17:05:00,PTEN
7.505,7.54,7.49,7.54,20993,2021-08-09 17:10:00,PTEN
7.545,7.55,7.52,7.53,4478,2021-08-09 17:15:00,PTEN
7.53,7.53,7.515,7.52,4351,2021-08-09 17:20:00,PTEN
7.53,7.53,7.52,7.53,2972,2021-08-09 17:25:00,PTEN
7.535,7.535,7.495,7.5,3600,2021-08-09 17:30:00,PTEN
7.49,7.495,7.49,7.49,10370,2021-08-09 17:35:00,PTEN
7.495,7.55,7.495,7.54,16367,2021-08-09 17:40:00,PTEN
7.54,7.54,7.505,7.51,9168,2021-08-09 17:45:00,PTEN
7.52,7.53,7.515,7.515,2200,2021-08-09 17:50:00,PTEN
7.51,7.52,7.51,7.51,2220,2021-08-09 17:55:00,PTEN
7.5,7.506,7.495,7.5,8850,2021-08-09 18:00:00,PTEN
7.51,7.515,7.51,7.515,3191,2021-08-09 18:05:00,PTEN
7.515,7.54,7.51,7.54,16227,2021-08-09 18:10:00,PTEN
7.54,7.54,7.51,7.53,8592,2021-08-09 18:15:00,PTEN
7.52,7.525,7.49,7.505,6615,2021-08-09 18:20:00,PTEN
7.51,7.515,7.505,7.515,3780,2021-08-09 18:25:00,PTEN
7.515,7.56,7.515,7.56,9476,2021-08-09 18:30:00,PTEN
7.55,7.56,7.54,7.555,9262,2021-08-09 18:35:00,PTEN
7.555,7.555,7.54,7.54,4749,2021-08-09 18:40:00,PTEN
7.535,7.535,7.5275,7.53,6769,2021-08-09 18:45:00,PTEN
7.53,7.53,7.51,7.52,9447,2021-08-09 18:50:00,PTEN
7.525,7.57,7.525,7.56,21324,2021-08-09 18:55:00,PTEN
7.56,7.56,7.525,7.535,11830,2021-08-09 19:00:00,PTEN
7.53,7.54,7.53,7.53,1300,2021-08-09 19:05:00,PTEN
7.53,7.535,7.52,7.53,10640,2021-08-09 19:10:00,PTEN
7.54,7.56,7.53,7.56,11892,2021-08-09 19:15:00,PTEN
7.56,7.565,7.55,7.55,20112,2021-08-09 19:20:00,PTEN
7.54,7.54,7.49,7.495,12369,2021-08-09 19:25:00,PTEN
7.495,7.505,7.48,7.48,10336,2021-08-09 19:30:00,PTEN
7.48,7.5,7.47,7.5,15953,2021-08-09 19:35:00,PTEN
7.5,7.53,7.495,7.495,21572,2021-08-09 19:40:00,PTEN
7.5,7.51,7.48,7.495,13113,2021-08-09 19:45:00,PTEN
7.49,7.49,7.455,7.465,47294,2021-08-09 19:50:00,PTEN
7.465,7.47,7.45,7.47,55345,2021-08-09 19:55:00,PTEN
7.46,7.46,7.46,7.46,79923,2021-08-09 20:00:00,PTEN
7.58,7.67,7.55,7.66,20508,2021-08-10 13:30:00,PTEN
7.67,7.74,7.66,7.71,32787,2021-08-10 13:35:00,PTEN
7.7,7.725,7.64,7.64,5507,2021-08-10 13:40:00,PTEN
7.635,7.635,7.53,7.54,17153,2021-08-10 13:45:00,PTEN
7.55,7.65,7.55,7.635,23681,2021-08-10 13:50:00,PTEN
7.635,7.65,7.58,7.61,8770,2021-08-10 13:55:00,PTEN
7.6,7.65,7.57,7.64,11949,2021-08-10 14:00:00,PTEN
7.63,7.66,7.63,7.65,50291,2021-08-10 14:05:00,PTEN
7.65,7.73,7.65,7.72,54073,2021-08-10 14:10:00,PTEN
7.72,7.73,7.67,7.67,14394,2021-08-10 14:15:00,PTEN
7.64,7.65,7.61,7.62,8502,2021-08-10 14:20:00,PTEN
7.62,7.69,7.62,7.69,6436,2021-08-10 14:25:00,PTEN
7.69,7.79,7.68,7.79,37720,2021-08-10 14:30:00,PTEN
7.79,7.82,7.775,7.815,28784,2021-08-10 14:35:00,PTEN
7.81,7.84,7.73,7.73,11759,2021-08-10 14:40:00,PTEN
7.74,7.785,7.73,7.76,7743,2021-08-10 14:45:00,PTEN
7.77,7.81,7.77,7.79,14493,2021-08-10 14:50:00,PTEN
7.795,7.86,7.795,7.845,17062,2021-08-10 14:55:00,PTEN
7.85,7.91,7.85,7.85,19485,2021-08-10 15:00:00,PTEN
7.86,7.88,7.81,7.86,12281,2021-08-10 15:05:00,PTEN
7.85,7.89,7.83,7.88,9520,2021-08-10 15:10:00,PTEN
7.89,7.89,7.85,7.87,12067,2021-08-10 15:15:00,PTEN
7.88,7.89,7.865,7.89,7923,2021-08-10 15:20:00,PTEN
7.89,7.95,7.89,7.94,26421,2021-08-10 15:25:00,PTEN
7.94,7.94,7.875,7.885,11826,2021-08-10 15:30:00,PTEN
7.885,7.8915,7.871,7.89,4690,2021-08-10 15:35:00,PTEN
7.885,7.909,7.88,7.88,5085,2021-08-10 15:40:00,PTEN
7.875,7.88,7.85,7.86,13021,2021-08-10 15:45:00,PTEN
7.86,7.9,7.855,7.895,20848,2021-08-10 15:50:00,PTEN
7.9,7.9,7.861,7.865,7603,2021-08-10 15:55:00,PTEN
7.865,7.87,7.84,7.85,5519,2021-08-10 16:00:00,PTEN
7.85,7.89,7.85,7.88,5635,2021-08-10 16:05:00,PTEN
7.88,7.895,7.88,7.88,4894,2021-08-10 16:10:00,PTEN
7.87,7.88,7.86,7.87,3780,2021-08-10 16:15:00,PTEN
7.87,7.89,7.865,7.89,6497,2021-08-10 16:20:00,PTEN
7.89,7.9,7.84,7.85,15859,2021-08-10 16:25:00,PTEN
7.86,7.88,7.86,7.875,5295,2021-08-10 16:30:00,PTEN
7.87,7.87,7.855,7.86,4477,2021-08-10 16:35:00,PTEN
7.86,7.865,7.84,7.85,6268,2021-08-10 16:40:00,PTEN
7.855,7.88,7.85,7.87,4849,2021-08-10 16:45:00,PTEN
7.87,7.87,7.85,7.87,5160,2021-08-10 16:50:00,PTEN
7.865,7.89,7.86,7.875,6799,2021-08-10 16:55:00,PTEN
7.87,7.885,7.86,7.875,6587,2021-08-10 17:00:00,PTEN
7.875,7.88,7.865,7.875,4485,2021-08-10 17:05:00,PTEN
7.875,7.935,7.875,7.93,16897,2021-08-10 17:10:00,PTEN
7.93,7.96,7.93,7.96,10418,2021-08-10 17:15:00,PTEN
7.96,8.0,7.96,7.995,16212,2021-08-10 17:20:00,PTEN
7.995,7.995,7.975,7.975,7787,2021-08-10 17:25:00,PTEN
7.98,7.985,7.94,7.955,9838,2021-08-10 17:30:00,PTEN
7.945,7.955,7.93,7.93,3763,2021-08-10 17:35:00,PTEN
7.94,7.97,7.935,7.95,9896,2021-08-10 17:40:00,PTEN
7.95,7.95,7.9,7.905,4057,2021-08-10 17:45:00,PTEN
7.905,7.905,7.89,7.9,2472,2021-08-10 17:50:00,PTEN
7.9,7.9,7.89,7.89,3015,2021-08-10 17:55:00,PTEN
7.89,7.922,7.89,7.922,5899,2021-08-10 18:00:00,PTEN
7.925,7.925,7.9,7.92,7320,2021-08-10 18:05:00,PTEN
7.915,7.92,7.89,7.89,12915,2021-08-10 18:10:00,PTEN
7.9,7.91,7.89,7.9,4444,2021-08-10 18:15:00,PTEN
7.895,7.895,7.88,7.885,2147,2021-08-10 18:20:00,PTEN
7.885,7.895,7.86,7.86,16887,2021-08-10 18:25:00,PTEN
7.865,7.885,7.865,7.885,5687,2021-08-10 18:30:00,PTEN
7.89,7.905,7.88,7.9,9314,2021-08-10 18:35:00,PTEN
7.895,7.92,7.895,7.915,2350,2021-08-10 18:40:00,PTEN
7.915,7.92,7.91,7.915,1728,2021-08-10 18:45:00,PTEN
7.91,7.925,7.905,7.915,7128,2021-08-10 18:50:00,PTEN
7.915,7.92,7.91,7.91,2600,2021-08-10 18:55:00,PTEN
7.92,7.92,7.88,7.91,9288,2021-08-10 19:00:00,PTEN
7.905,7.93,7.905,7.925,7921,2021-08-10 19:05:00,PTEN
7.925,7.95,7.92,7.945,5578,2021-08-10 19:10:00,PTEN
7.95,7.95,7.93,7.94,7505,2021-08-10 19:15:00,PTEN
7.93,7.95,7.92,7.925,14485,2021-08-10 19:20:00,PTEN
7.925,7.925,7.895,7.9,7400,2021-08-10 19:25:00,PTEN
7.9,7.92,7.895,7.91,12357,2021-08-10 19:30:00,PTEN
7.92,7.92,7.89,7.9,9211,2021-08-10 19:35:00,PTEN
7.895,7.92,7.89,7.915,18134,2021-08-10 19:40:00,PTEN
7.915,7.93,7.89,7.895,22126,2021-08-10 19:45:00,PTEN
7.895,7.92,7.882,7.9,36024,2021-08-10 19:50:00,PTEN
7.9,7.9,7.875,7.89,50721,2021-08-10 19:55:00,PTEN
7.88,7.88,7.88,7.88,173238,2021-08-10 20:00:00,PTEN
7.7,7.7,7.7,7.7,8000,2021-08-10 21:50:00,PTEN
7.87,7.87,7.87,7.87,100,2021-08-11 12:30:00,PTEN
7.74,7.79,7.62,7.62,45164,2021-08-11 13:30:00,PTEN
7.6,7.62,7.57,7.61,7972,2021-08-11 13:35:00,PTEN
7.61,7.74,7.59,7.74,12027,2021-08-11 13:40:00,PTEN
7.74,7.8,7.74,7.78,8141,2021-08-11 13:45:00,PTEN
7.79,7.8,7.71,7.72,10694,2021-08-11 13:50:00,PTEN
7.71,7.71,7.66,7.7,25087,2021-08-11 13:55:00,PTEN
7.7,7.7,7.62,7.645,10130,2021-08-11 14:00:00,PTEN
7.64,7.725,7.64,7.71,13684,2021-08-11 14:05:00,PTEN
7.69,7.81,7.685,7.81,10247,2021-08-11 14:10:00,PTEN
7.8,7.82,7.77,7.81,19777,2021-08-11 14:15:00,PTEN
7.81,7.83,7.8,7.82,11363,2021-08-11 14:20:00,PTEN
7.82,7.835,7.78,7.78,3638,2021-08-11 14:25:00,PTEN
7.79,7.8,7.735,7.74,8576,2021-08-11 14:30:00,PTEN
7.75,7.755,7.73,7.745,11278,2021-08-11 14:35:00,PTEN
7.74,7.77,7.73,7.76,5127,2021-08-11 14:40:00,PTEN
7.755,7.81,7.755,7.8,11417,2021-08-11 14:45:00,PTEN
7.8,7.8,7.76,7.79,3262,2021-08-11 14:50:00,PTEN
7.785,7.785,7.76,7.765,1346,2021-08-11 14:55:00,PTEN
7.77,7.79,7.77,7.78,7664,2021-08-11 15:00:00,PTEN
7.78,7.78,7.712,7.73,12685,2021-08-11 15:05:00,PTEN
7.73,7.75,7.725,7.745,4148,2021-08-11 15:10:00,PTEN
7.74,7.74,7.705,7.72,7785,2021-08-11 15:15:00,PTEN
7.71,7.76,7.71,7.75,7393,2021-08-11 15:20:00,PTEN
7.75,7.8,7.75,7.78,17009,2021-08-11 15:25:00,PTEN
7.78,7.78,7.755,7.775,2712,2021-08-11 15:30:00,PTEN
7.775,7.785,7.77,7.77,7308,2021-08-11 15:35:00,PTEN
7.78,7.78,7.74,7.745,5784,2021-08-11 15:40:00,PTEN
7.75,7.76,7.75,7.755,2880,2021-08-11 15:45:00,PTEN
7.75,7.79,7.74,7.79,11914,2021-08-11 15:50:00,PTEN
7.79,7.805,7.77,7.77,14353,2021-08-11 15:55:00,PTEN
7.78,7.79,7.77,7.79,4551,2021-08-11 16:00:00,PTEN
7.8,7.82,7.8,7.82,7644,2021-08-11 16:05:00,PTEN
7.83,7.83,7.82,7.83,2731,2021-08-11 16:10:00,PTEN
7.83,7.89,7.83,7.89,14637,2021-08-11 16:15:00,PTEN
7.885,7.8873,7.865,7.8873,9304,2021-08-11 16:20:00,PTEN
7.88,7.88,7.87,7.87,3331,2021-08-11 16:25:00,PTEN
7.88,7.91,7.88,7.89,17065,2021-08-11 16:30:00,PTEN
7.89,7.915,7.88,7.905,13512,2021-08-11 16:35:00,PTEN
7.91,7.95,7.905,7.95,5817,2021-08-11 16:40:00,PTEN
7.945,7.95,7.93,7.94,9823,2021-08-11 16:45:00,PTEN
7.95,7.99,7.95,7.9898,11408,2021-08-11 16:50:00,PTEN
7.99,8.0,7.97,7.97,10260,2021-08-11 16:55:00,PTEN
7.98,7.995,7.935,7.97,15276,2021-08-11 17:00:00,PTEN
7.98,7.98,7.9615,7.97,5933,2021-08-11 17:05:00,PTEN
7.97,7.99,7.97,7.98,3953,2021-08-11 17:10:00,PTEN
7.985,8.025,7.985,8.01,17058,2021-08-11 17:15:00,PTEN
8.0,8.01,7.96,7.96,3738,2021-08-11 17:20:00,PTEN
7.97,7.99,7.96,7.988,6581,2021-08-11 17:25:00,PTEN
7.98,7.99,7.95,7.95,5306,2021-08-11 17:30:00,PTEN
7.95,7.98,7.94,7.98,8594,2021-08-11 17:35:00,PTEN
7.99,8.035,7.99,8.02,8874,2021-08-11 17:40:00,PTEN
8.02,8.04,8.0101,8.0101,6756,2021-08-11 17:45:00,PTEN
8.02,8.025,8.0,8.01,6074,2021-08-11 17:50:00,PTEN
8.005,8.02,8.005,8.015,3000,2021-08-11 17:55:00,PTEN
8.02,8.02,7.99,8.0,13198,2021-08-11 18:00:00,PTEN
8.005,8.06,8.005,8.06,7225,2021-08-11 18:05:00,PTEN
8.05,8.06,8.05,8.06,5998,2021-08-11 18:10:00,PTEN
8.06,8.06,8.03,8.03,5955,2021-08-11 18:15:00,PTEN
8.01,8.0199,7.98,7.98,5976,2021-08-11 18:20:00,PTEN
7.98,8.005,7.96,7.985,17021,2021-08-11 18:25:00,PTEN
7.985,8.01,7.98,8.01,4875,2021-08-11 18:30:00,PTEN
8.0,8.015,7.98,7.99,6646,2021-08-11 18:35:00,PTEN
7.99,8.005,7.97,7.99,7826,2021-08-11 18:40:00,PTEN
7.995,8.01,7.995,8.01,1800,2021-08-11 18:45:00,PTEN
8.005,8.03,8.005,8.025,4860,2021-08-11 18:50:00,PTEN
8.025,8.04,8.02,8.04,11845,2021-08-11 18:55:00,PTEN
8.045,8.045,8.02,8.02,4923,2021-08-11 19:00:00,PTEN
8.02,8.03,8.015,8.025,3526,2021-08-11 19:05:00,PTEN
8.03,8.04,8.03,8.035,3698,2021-08-11 19:10:00,PTEN
8.04,8.0525,8.04,8.0525,5479,2021-08-11 19:15:00,PTEN
8.055,8.06,8.01,8.01,10585,2021-08-11 19:20:00,PTEN
8.0,8.01,7.985,8.005,8907,2021-08-11 19:25:00,PTEN
8.0,8.005,7.96,7.965,7746,2021-08-11 19:30:00,PTEN
7.965,7.98,7.96,7.975,12673,2021-08-11 19:35:00,PTEN
7.975,8.01,7.975,8.01,13092,2021-08-11 19:40:00,PTEN
8.01,8.02,8.0,8.005,11426,2021-08-11 19:45:00,PTEN
8.0,8.01,7.98,7.995,31385,2021-08-11 19:50:00,PTEN
7.995,8.015,7.98,7.995,69178,2021-08-11 19:55:00,PTEN
7.99,7.99,7.99,7.99,112453,2021-08-11 20:00:00,PTEN
8.15,8.15,8.15,8.15,200,2021-08-11 23:45:00,PTEN
7.99,8.03,7.93,8.005,25448,2021-08-12 13:30:00,PTEN
8.02,8.05,7.93,7.94,11200,2021-08-12 13:35:00,PTEN
7.94,8.0,7.93,7.93,16844,2021-08-12 13:40:00,PTEN
7.94,7.94,7.83,7.86,9393,2021-08-12 13:45:00,PTEN
7.86,7.86,7.77,7.78,14527,2021-08-12 13:50:00,PTEN
7.78,7.84,7.78,7.84,4100,2021-08-12 13:55:00,PTEN
7.84,7.86,7.81,7.86,10716,2021-08-12 14:00:00,PTEN
7.855,7.8599,7.775,7.79,20226,2021-08-12 14:05:00,PTEN
7.79,7.8,7.76,7.76,12861,2021-08-12 14:10:00,PTEN
7.77,7.7799,7.72,7.72,8549,2021-08-12 14:15:00,PTEN
7.72,7.73,7.72,7.73,2397,2021-08-12 14:20:00,PTEN
7.73,7.76,7.71,7.73,10457,2021-08-12 14:25:00,PTEN
7.71,7.73,7.706,7.73,6071,2021-08-12 14:30:00,PTEN
7.72,7.735,7.71,7.735,11401,2021-08-12 14:35:00,PTEN
7.74,7.755,7.73,7.755,2800,2021-08-12 14:40:00,PTEN
7.75,7.7585,7.75,7.7585,900,2021-08-12 14:45:00,PTEN
7.76,7.76,7.725,7.75,13173,2021-08-12 14:50:00,PTEN
7.74,7.769,7.74,7.76,6025,2021-08-12 14:55:00,PTEN
7.75,7.765,7.73,7.765,7100,2021-08-12 15:00:00,PTEN
7.76,7.76,7.69,7.695,6858,2021-08-12 15:05:00,PTEN
7.69,7.695,7.67,7.69,7280,2021-08-12 15:10:00,PTEN
7.685,7.745,7.685,7.745,6110,2021-08-12 15:15:00,PTEN
7.74,7.7582,7.73,7.7582,5198,2021-08-12 15:20:00,PTEN
7.75,7.805,7.75,7.795,8219,2021-08-12 15:25:00,PTEN
7.8,7.8,7.75,7.76,12837,2021-08-12 15:30:00,PTEN
7.75,7.775,7.75,7.775,2700,2021-08-12 15:35:00,PTEN
7.77,7.77,7.755,7.765,6681,2021-08-12 15:40:00,PTEN
7.76,7.76,7.71,7.72,5901,2021-08-12 15:45:00,PTEN
7.72,7.765,7.71,7.76,5914,2021-08-12 15:50:00,PTEN
7.755,7.78,7.75,7.765,6124,2021-08-12 15:55:00,PTEN
7.77,7.8,7.77,7.8,9241,2021-08-12 16:00:00,PTEN
7.8,7.805,7.78,7.785,3408,2021-08-12 16:05:00,PTEN
7.78,7.8,7.78,7.79,3547,2021-08-12 16:10:00,PTEN
7.79,7.82,7.785,7.815,4347,2021-08-12 16:15:00,PTEN
7.81,7.81,7.78,7.795,10713,2021-08-12 16:20:00,PTEN
7.795,7.795,7.78,7.79,7880,2021-08-12 16:25:00,PTEN
7.79,7.8,7.775,7.795,5419,2021-08-12 16:30:00,PTEN
7.795,7.8,7.78,7.785,6765,2021-08-12 16:35:00,PTEN
7.785,7.79,7.78,7.78,2108,2021-08-12 16:40:00,PTEN
7.78,7.8,7.78,7.79,6394,2021-08-12 16:45:00,PTEN
7.8,7.8,7.78,7.78,1753,2021-08-12 16:50:00,PTEN
7.77,7.79,7.76,7.79,4500,2021-08-12 16:55:00,PTEN
7.79,7.795,7.78,7.78,4392,2021-08-12 17:00:00,PTEN
7.77,7.77,7.745,7.75,4871,2021-08-12 17:05:00,PTEN
7.75,7.76,7.73,7.755,15378,2021-08-12 17:10:00,PTEN
7.76,7.785,7.7531,7.78,6747,2021-08-12 17:15:00,PTEN
7.77,7.77,7.72,7.73,6677,2021-08-12 17:20:00,PTEN
7.725,7.735,7.72,7.725,1000,2021-08-12 17:25:00,PTEN
7.72,7.725,7.705,7.71,6501,2021-08-12 17:30:00,PTEN
7.705,7.735,7.7,7.73,9900,2021-08-12 17:35:00,PTEN
7.73,7.77,7.73,7.765,4900,2021-08-12 17:40:00,PTEN
7.76,7.76,7.73,7.73,7465,2021-08-12 17:45:00,PTEN
7.74,7.755,7.74,7.75,4229,2021-08-12 17:50:00,PTEN
7.75,7.75,7.73,7.73,2673,2021-08-12 17:55:00,PTEN
7.73,7.735,7.72,7.725,8278,2021-08-12 18:00:00,PTEN
7.73,7.76,7.725,7.76,4576,2021-08-12 18:05:00,PTEN
7.76,7.765,7.76,7.76,1859,2021-08-12 18:10:00,PTEN
7.765,7.785,7.76,7.78,5623,2021-08-12 18:15:00,PTEN
7.775,7.805,7.775,7.805,10803,2021-08-12 18:20:00,PTEN
7.8,7.805,7.77,7.775,7678,2021-08-12 18:25:00,PTEN
7.78,7.7855,7.775,7.78,6019,2021-08-12 18:30:00,PTEN
7.78,7.78,7.765,7.775,6975,2021-08-12 18:35:00,PTEN
7.77,7.78,7.765,7.77,4396,2021-08-12 18:40:00,PTEN
7.775,7.795,7.77,7.79,3521,2021-08-12 18:45:00,PTEN
7.79,7.79,7.785,7.785,924,2021-08-12 18:50:00,PTEN
7.785,7.815,7.78,7.805,7085,2021-08-12 18:55:00,PTEN
7.8,7.81,7.8,7.81,8400,2021-08-12 19:00:00,PTEN
7.81,7.82,7.795,7.815,16149,2021-08-12 19:05:00,PTEN
7.82,7.82,7.81,7.815,1000,2021-08-12 19:10:00,PTEN
7.815,7.82,7.81,7.82,2002,2021-08-12 19:15:00,PTEN
7.815,7.86,7.81,7.84,12688,2021-08-12 19:20:00,PTEN
7.84,7.84,7.81,7.815,3688,2021-08-12 19:25:00,PTEN
7.815,7.825,7.8,7.815,8238,2021-08-12 19:30:00,PTEN
7.815,7.815,7.805,7.815,4400,2021-08-12 19:35:00,PTEN
7.815,7.83,7.815,7.82,7171,2021-08-12 19:40:00,PTEN
7.82,7.86,7.82,7.845,22751,2021-08-12 19:45:00,PTEN
7.845,7.87,7.84,7.855,39864,2021-08-12 19:50:00,PTEN
7.855,7.86,7.815,7.83,70102,2021-08-12 19:55:00,PTEN
7.83,7.83,7.83,7.83,128971,2021-08-12 20:00:00,PTEN
7.82,7.82,7.82,7.82,100,2021-08-13 12:15:00,PTEN
7.86,7.9099,7.68,7.68,28183,2021-08-13 13:30:00,PTEN
7.725,7.79,7.725,7.74,6634,2021-08-13 13:35:00,PTEN
7.72,7.83,7.72,7.83,9057,2021-08-13 13:40:00,PTEN
7.85,7.85,7.76,7.78,16669,2021-08-13 13:45:00,PTEN
7.77,7.77,7.7,7.7,9400,2021-08-13 13:50:00,PTEN
7.69,7.735,7.68,7.7,7472,2021-08-13 13:55:00,PTEN
7.71,7.71,7.66,7.66,11146,2021-08-13 14:00:00,PTEN
7.66,7.74,7.65,7.72,7293,2021-08-13 14:05:00,PTEN
7.73,7.78,7.725,7.73,9161,2021-08-13 14:10:00,PTEN
7.72,7.75,7.7,7.745,9615,2021-08-13 14:15:00,PTEN
7.73,7.75,7.72,7.72,6823,2021-08-13 14:20:00,PTEN
7.71,7.71,7.66,7.68,8072,2021-08-13 14:25:00,PTEN
7.69,7.705,7.66,7.705,10352,2021-08-13 14:30:00,PTEN
7.71,7.75,7.69,7.72,8520,2021-08-13 14:35:00,PTEN
7.73,7.73,7.7,7.705,4733,2021-08-13 14:40:00,PTEN
7.71,7.73,7.7,7.72,10466,2021-08-13 14:45:00,PTEN
7.73,7.74,7.72,7.735,1408,2021-08-13 14:50:00,PTEN
7.73,7.75,7.71,7.75,4782,2021-08-13 14:55:00,PTEN
7.75,7.78,7.745,7.78,3500,2021-08-13 15:00:00,PTEN
7.77,7.77,7.73,7.735,9042,2021-08-13 15:05:00,PTEN
7.74,7.765,7.72,7.765,12614,2021-08-13 15:10:00,PTEN
7.76,7.76,7.74,7.75,1200,2021-08-13 15:15:00,PTEN
7.7599,7.765,7.735,7.74,4151,2021-08-13 15:20:00,PTEN
7.75,7.79,7.75,7.765,6579,2021-08-13 15:25:00,PTEN
7.76,7.775,7.755,7.76,3300,2021-08-13 15:30:00,PTEN
7.77,7.775,7.765,7.765,4135,2021-08-13 15:35:00,PTEN
7.765,7.765,7.755,7.76,1400,2021-08-13 15:40:00,PTEN
7.76,7.78,7.76,7.775,3744,2021-08-13 15:45:00,PTEN
7.77,7.795,7.765,7.775,5882,2021-08-13 15:50:00,PTEN
7.78,7.795,7.775,7.785,3024,2021-08-13 15:55:00,PTEN
7.78,7.78,7.76,7.76,3800,2021-08-13 16:00:00,PTEN
7.76,7.765,7.755,7.765,4628,2021-08-13 16:05:00,PTEN
7.76,7.765,7.755,7.765,1200,2021-08-13 16:10:00,PTEN
7.76,7.795,7.755,7.785,6869,2021-08-13 16:15:00,PTEN
7.79,7.81,7.79,7.8,9146,2021-08-13 16:20:00,PTEN
7.8,7.8,7.76,7.775,7614,2021-08-13 16:25:00,PTEN
7.77,7.77,7.75,7.755,2505,2021-08-13 16:30:00,PTEN
7.75,7.775,7.75,7.765,2103,2021-08-13 16:35:00,PTEN
7.76,7.77,7.76,7.76,1400,2021-08-13 16:40:00,PTEN
7.75,7.79,7.75,7.79,3700,2021-08-13 16:45:00,PTEN
7.79,7.79,7.75,7.75,3232,2021-08-13 16:50:00,PTEN
7.75,7.75,7.71,7.715,9568,2021-08-13 16:55:00,PTEN
7.72,7.73,7.71,7.715,16350,2021-08-13 17:00:00,PTEN
7.72,7.72,7.695,7.695,3491,2021-08-13 17:05:00,PTEN
7.695,7.73,7.695,7.73,3150,2021-08-13 17:10:00,PTEN
7.74,7.75,7.72,7.725,5145,2021-08-13 17:15:00,PTEN
7.72,7.73,7.71,7.71,2640,2021-08-13 17:20:00,PTEN
7.71,7.71,7.7,7.71,2750,2021-08-13 17:25:00,PTEN
7.705,7.71,7.69,7.69,4467,2021-08-13 17:30:00,PTEN
7.69,7.71,7.69,7.71,2846,2021-08-13 17:35:00,PTEN
7.705,7.745,7.705,7.745,5815,2021-08-13 17:40:00,PTEN
7.74,7.74,7.72,7.725,2204,2021-08-13 17:45:00,PTEN
7.72,7.72,7.71,7.715,700,2021-08-13 17:50:00,PTEN
7.71,7.71,7.69,7.695,4353,2021-08-13 17:55:00,PTEN
7.7,7.705,7.69,7.69,3562,2021-08-13 18:00:00,PTEN
7.71,7.725,7.7,7.725,5148,2021-08-13 18:05:00,PTEN
7.72,7.72,7.69,7.69,2356,2021-08-13 18:10:00,PTEN
7.7,7.707,7.67,7.68,11250,2021-08-13 18:15:00,PTEN
7.68,7.685,7.65,7.665,19162,2021-08-13 18:20:00,PTEN
7.65,7.655,7.625,7.625,19961,2021-08-13 18:25:00,PTEN
7.625,7.655,7.625,7.655,13118,2021-08-13 18:30:00,PTEN
7.66,7.665,7.65,7.655,6466,2021-08-13 18:35:00,PTEN
7.65,7.65,7.62,7.625,9432,2021-08-13 18:40:00,PTEN
7.62,7.64,7.62,7.625,7950,2021-08-13 18:45:00,PTEN
7.625,7.625,7.6,7.61,5690,2021-08-13 18:50:00,PTEN
7.615,7.64,7.605,7.63,7724,2021-08-13 18:55:00,PTEN
7.63,7.635,7.61,7.61,7200,2021-08-13 19:00:00,PTEN
7.61,7.615,7.59,7.595,9128,2021-08-13 19:05:00,PTEN
7.59,7.6,7.58,7.6,4284,2021-08-13 19:10:00,PTEN
7.6,7.61,7.59,7.61,10596,2021-08-13 19:15:00,PTEN
7.61,7.63,7.605,7.625,8400,2021-08-13 19:20:00,PTEN
7.62,7.62,7.575,7.58,10357,2021-08-13 19:25:00,PTEN
7.58,7.585,7.53,7.54,17853,2021-08-13 19:30:00,PTEN
7.545,7.55,7.53,7.53,13337,2021-08-13 19:35:00,PTEN
7.54,7.56,7.52,7.535,17989,2021-08-13 19:40:00,PTEN
7.53,7.55,7.52,7.54,46045,2021-08-13 19:45:00,PTEN
7.545,7.57,7.54,7.565,43454,2021-08-13 19:50:00,PTEN
7.565,7.58,7.54,7.57,74039,2021-08-13 19:55:00,PTEN
7.57,7.57,7.57,7.57,160615,2021-08-13 20:00:00,PTEN
7.48,7.48,7.48,7.48,999,2021-08-16 12:00:00,PTEN
7.48,7.48,7.48,7.48,500,2021-08-16 12:05:00,PTEN
7.4,7.43,7.25,7.315,31785,2021-08-16 13:30:00,PTEN
7.275,7.295,7.245,7.28,34146,2021-08-16 13:35:00,PTEN
7.28,7.28,7.2,7.2,17304,2021-08-16 13:40:00,PTEN
7.2,7.205,7.12,7.205,37688,2021-08-16 13:45:00,PTEN
7.2,7.28,7.18,7.25,16189,2021-08-16 13:50:00,PTEN
7.24,7.24,7.17,7.19,14701,2021-08-16 13:55:00,PTEN
7.2,7.215,7.18,7.215,10919,2021-08-16 14:00:00,PTEN
7.21,7.22,7.165,7.21,16299,2021-08-16 14:05:00,PTEN
7.215,7.33,7.215,7.325,11347,2021-08-16 14:10:00,PTEN
7.3158,7.36,7.3158,7.33,9131,2021-08-16 14:15:00,PTEN
7.31,7.33,7.27,7.295,10980,2021-08-16 14:20:00,PTEN
7.295,7.295,7.255,7.28,12184,2021-08-16 14:25:00,PTEN
7.26,7.305,7.26,7.29,6930,2021-08-16 14:30:00,PTEN
7.29,7.385,7.29,7.375,11288,2021-08-16 14:35:00,PTEN
7.375,7.395,7.355,7.36,10468,2021-08-16 14:40:00,PTEN
7.351,7.395,7.335,7.345,4929,2021-08-16 14:45:00,PTEN
7.335,7.365,7.335,7.335,12694,2021-08-16 14:50:00,PTEN
7.345,7.345,7.3,7.3,7047,2021-08-16 14:55:00,PTEN
7.2956,7.31,7.295,7.295,3432,2021-08-16 15:00:00,PTEN
7.29,7.295,7.245,7.25,7166,2021-08-16 15:05:00,PTEN
7.26,7.26,7.235,7.24,5989,2021-08-16 15:10:00,PTEN
7.25,7.31,7.25,7.31,4437,2021-08-16 15:15:00,PTEN
7.31,7.315,7.295,7.3,2697,2021-08-16 15:20:00,PTEN
7.31,7.325,7.31,7.315,7140,2021-08-16 15:25:00,PTEN
7.32,7.325,7.315,7.325,4451,2021-08-16 15:30:00,PTEN
7.32,7.325,7.295,7.295,12371,2021-08-16 15:35:00,PTEN
7.29,7.335,7.285,7.335,9446,2021-08-16 15:40:00,PTEN
7.33,7.34,7.325,7.325,2653,2021-08-16 15:45:00,PTEN
7.32,7.35,7.315,7.35,7522,2021-08-16 15:50:00,PTEN
7.35,7.3517,7.33,7.33,5247,2021-08-16 15:55:00,PTEN
7.32,7.34,7.305,7.305,6489,2021-08-16 16:00:00,PTEN
7.305,7.315,7.305,7.31,1453,2021-08-16 16:05:00,PTEN
7.3,7.3,7.275,7.275,3268,2021-08-16 16:10:00,PTEN
7.28,7.29,7.265,7.28,13845,2021-08-16 16:15:00,PTEN
7.27,7.285,7.27,7.275,3175,2021-08-16 16:20:00,PTEN
7.27,7.27,7.215,7.225,15060,2021-08-16 16:25:00,PTEN
7.215,7.2363,7.195,7.195,7510,2021-08-16 16:30:00,PTEN
7.19,7.21,7.18,7.205,8376,2021-08-16 16:35:00,PTEN
7.205,7.21,7.195,7.205,5184,2021-08-16 16:40:00,PTEN
7.205,7.235,7.205,7.225,13397,2021-08-16 16:45:00,PTEN
7.22,7.23,7.195,7.195,6058,2021-08-16 16:50:00,PTEN
7.19,7.2,7.185,7.185,5824,2021-08-16 16:55:00,PTEN
7.185,7.2,7.175,7.2,6396,2021-08-16 17:00:00,PTEN
7.2,7.205,7.19,7.205,4717,2021-08-16 17:05:00,PTEN
7.205,7.205,7.18,7.2,8735,2021-08-16 17:10:00,PTEN
7.205,7.205,7.195,7.205,2372,2021-08-16 17:15:00,PTEN
7.2,7.205,7.1975,7.205,3814,2021-08-16 17:20:00,PTEN
7.2,7.21,7.195,7.205,6610,2021-08-16 17:25:00,PTEN
7.21,7.21,7.2,7.205,3767,2021-08-16 17:30:00,PTEN
7.21,7.21,7.19,7.2,9119,2021-08-16 17:35:00,PTEN
7.21,7.24,7.205,7.235,7623,2021-08-16 17:40:00,PTEN
7.24,7.25,7.235,7.245,5514,2021-08-16 17:45:00,PTEN
7.25,7.25,7.225,7.23,2999,2021-08-16 17:50:00,PTEN
7.23,7.245,7.22,7.245,4277,2021-08-16 17:55:00,PTEN
7.24,7.24,7.22,7.235,3097,2021-08-16 18:00:00,PTEN
7.235,7.25,7.235,7.24,2725,2021-08-16 18:05:00,PTEN
7.245,7.25,7.2375,7.2375,4225,2021-08-16 18:10:00,PTEN
7.235,7.24,7.225,7.225,3498,2021-08-16 18:15:00,PTEN
7.22,7.22,7.185,7.19,10535,2021-08-16 18:20:00,PTEN
7.195,7.1957,7.18,7.19,10610,2021-08-16 18:25:00,PTEN
7.185,7.1977,7.185,7.19,4314,2021-08-16 18:30:00,PTEN
7.19,7.195,7.19,7.19,1800,2021-08-16 18:35:00,PTEN
7.19,7.21,7.19,7.21,7622,2021-08-16 18:40:00,PTEN
7.21,7.27,7.205,7.27,18373,2021-08-16 18:45:00,PTEN
7.27,7.29,7.26,7.275,6291,2021-08-16 18:50:00,PTEN
7.27,7.27,7.255,7.26,3480,2021-08-16 18:55:00,PTEN
7.26,7.26,7.24,7.25,6058,2021-08-16 19:00:00,PTEN
7.255,7.255,7.235,7.235,7110,2021-08-16 19:05:00,PTEN
7.235,7.25,7.2321,7.245,4552,2021-08-16 19:10:00,PTEN
7.25,7.25,7.245,7.245,2682,2021-08-16 19:15:00,PTEN
7.245,7.245,7.215,7.215,7377,2021-08-16 19:20:00,PTEN
7.215,7.225,7.2,7.225,13090,2021-08-16 19:25:00,PTEN
7.22,7.29,7.215,7.28,35873,2021-08-16 19:30:00,PTEN
7.285,7.3,7.2699,7.275,19814,2021-08-16 19:35:00,PTEN
7.27,7.275,7.25,7.27,35557,2021-08-16 19:40:00,PTEN
7.2684,7.2684,7.22,7.225,67726,2021-08-16 19:45:00,PTEN
7.22,7.25,7.22,7.245,38853,2021-08-16 19:50:00,PTEN
7.25,7.28,7.245,7.27,102020,2021-08-16 19:55:00,PTEN
7.27,7.27,7.27,7.27,146559,2021-08-16 20:00:00,PTEN
7.16,7.23,7.1,7.185,43924,2021-08-17 13:30:00,PTEN
7.22,7.24,7.19,7.225,16410,2021-08-17 13:35:00,PTEN
7.24,7.255,7.2,7.24,3100,2021-08-17 13:40:00,PTEN
7.235,7.27,7.2,7.21,8787,2021-08-17 13:45:00,PTEN
7.19,7.21,7.165,7.19,7451,2021-08-17 13:50:00,PTEN
7.18,7.2,7.14,7.16,32200,2021-08-17 13:55:00,PTEN
7.17,7.26,7.17,7.235,9488,2021-08-17 14:00:00,PTEN
7.23,7.3,7.215,7.26,43498,2021-08-17 14:05:00,PTEN
7.27,7.36,7.27,7.34,12902,2021-08-17 14:10:00,PTEN
7.33,7.34,7.32,7.33,8694,2021-08-17 14:15:00,PTEN
7.33,7.375,7.33,7.36,7940,2021-08-17 14:20:00,PTEN
7.35,7.38,7.345,7.35,6719,2021-08-17 14:25:00,PTEN
7.35,7.35,7.27,7.28,15382,2021-08-17 14:30:00,PTEN
7.28,7.33,7.28,7.31,14101,2021-08-17 14:35:00,PTEN
7.31,7.355,7.31,7.325,4900,2021-08-17 14:40:00,PTEN
7.33,7.33,7.295,7.31,4153,2021-08-17 14:45:00,PTEN
7.3,7.305,7.28,7.28,9517,2021-08-17 14:50:00,PTEN
7.275,7.28,7.24,7.2561,11186,2021-08-17 14:55:00,PTEN
7.25,7.25,7.23,7.24,6768,2021-08-17 15:00:00,PTEN
7.245,7.25,7.23,7.235,13290,2021-08-17 15:05:00,PTEN
7.235,7.24,7.19,7.2,23068,2021-08-17 15:10:00,PTEN
7.2036,7.21,7.19,7.205,11170,2021-08-17 15:15:00,PTEN
7.2,7.23,7.195,7.23,26365,2021-08-17 15:20:00,PTEN
7.22,7.22,7.2,7.22,9078,2021-08-17 15:25:00,PTEN
7.21,7.235,7.21,7.23,6344,2021-08-17 15:30:00,PTEN
7.235,7.235,7.175,7.185,8195,2021-08-17 15:35:00,PTEN
7.1877,7.1877,7.15,7.17,9109,2021-08-17 15:40:00,PTEN
7.175,7.175,7.155,7.17,7015,2021-08-17 15:45:00,PTEN
7.165,7.175,7.16,7.16,4674,2021-08-17 15:50:00,PTEN
7.16,7.19,7.15,7.19,6543,2021-08-17 15:55:00,PTEN
7.195,7.225,7.195,7.215,13217,2021-08-17 16:00:00,PTEN
7.22,7.23,7.2,7.21,8043,2021-08-17 16:05:00,PTEN
7.21,7.225,7.2,7.205,8546,2021-08-17 16:10:00,PTEN
7.2,7.21,7.2,7.2,32588,2021-08-17 16:15:00,PTEN
7.21,7.225,7.2,7.205,10236,2021-08-17 16:20:00,PTEN
7.2,7.21,7.2,7.21,3562,2021-08-17 16:25:00,PTEN
7.2,7.21,7.2,7.205,64857,2021-08-17 16:30:00,PTEN
7.2,7.205,7.12,7.13,36297,2021-08-17 16:35:00,PTEN
7.12,7.125,7.1,7.1,11239,2021-08-17 16:40:00,PTEN
7.1,7.1,7.04,7.04,42765,2021-08-17 16:45:00,PTEN
7.04,7.05,7.02,7.035,17603,2021-08-17 16:50:00,PTEN
7.04,7.05,7.04,7.04,4627,2021-08-17 16:55:00,PTEN
7.03,7.07,7.01,7.07,9069,2021-08-17 17:00:00,PTEN
7.07,7.125,7.07,7.12,5630,2021-08-17 17:05:00,PTEN
7.115,7.13,7.11,7.13,8639,2021-08-17 17:10:00,PTEN
7.135,7.145,7.1323,7.135,4165,2021-08-17 17:15:00,PTEN
7.13,7.13,7.11,7.13,6632,2021-08-17 17:20:00,PTEN
7.1343,7.165,7.1343,7.155,5350,2021-08-17 17:25:00,PTEN
7.14,7.14,7.11,7.125,10367,2021-08-17 17:30:00,PTEN
7.13,7.135,7.11,7.11,8492,2021-08-17 17:35:00,PTEN
7.1,7.1,7.08,7.09,6942,2021-08-17 17:40:00,PTEN
7.08,7.09,7.07,7.07,8359,2021-08-17 17:45:00,PTEN
7.075,7.1,7.07,7.08,7485,2021-08-17 17:50:00,PTEN
7.08,7.125,7.08,7.12,2930,2021-08-17 17:55:00,PTEN
7.12,7.135,7.12,7.125,3716,2021-08-17 18:00:00,PTEN
7.13,7.13,7.12,7.12,1120,2021-08-17 18:05:00,PTEN
7.125,7.155,7.12,7.15,9250,2021-08-17 18:10:00,PTEN
7.15,7.155,7.145,7.145,4676,2021-08-17 18:15:00,PTEN
7.145,7.145,7.115,7.115,4643,2021-08-17 18:20:00,PTEN
7.115,7.115,7.075,7.08,11040,2021-08-17 18:25:00,PTEN
7.08,7.085,7.07,7.08,8203,2021-08-17 18:30:00,PTEN
7.08,7.085,7.07,7.075,12919,2021-08-17 18:35:00,PTEN
7.07,7.08,7.05,7.08,6136,2021-08-17 18:40:00,PTEN
7.09,7.115,7.09,7.11,10817,2021-08-17 18:45:00,PTEN
7.12,7.135,7.12,7.1299,5906,2021-08-17 18:50:00,PTEN
7.12,7.165,7.11,7.16,11312,2021-08-17 18:55:00,PTEN
7.16,7.16,7.14,7.14,10672,2021-08-17 19:00:00,PTEN
7.15,7.16,7.14,7.145,19364,2021-08-17 19:05:00,PTEN
7.14,7.14,7.115,7.12,14803,2021-08-17 19:10:00,PTEN
7.12,7.135,7.105,7.135,7968,2021-08-17 19:15:00,PTEN
7.13,7.135,7.105,7.105,17746,2021-08-17 19:20:00,PTEN
7.11,7.12,7.095,7.115,21028,2021-08-17 19:25:00,PTEN
7.11,7.125,7.1,7.1,14537,2021-08-17 19:30:00,PTEN
7.105,7.12,7.09,7.09,22456,2021-08-17 19:35:00,PTEN
7.09,7.095,7.075,7.085,40697,2021-08-17 19:40:00,PTEN
7.085,7.0885,7.05,7.05,25109,2021-08-17 19:45:00,PTEN
7.06,7.12,7.06,7.09,59425,2021-08-17 19:50:00,PTEN
7.09,7.12,7.09,7.12,92431,2021-08-17 19:55:00,PTEN
7.12,7.12,7.12,7.12,143322,2021-08-17 20:00:00,PTEN
7.15,7.15,7.15,7.15,3000,2021-08-17 23:35:00,PTEN
7.18,7.19,7.16,7.17,17468,2021-08-18 13:30:00,PTEN
7.2,7.225,7.15,7.15,16344,2021-08-18 13:35:00,PTEN
7.14,7.155,7.12,7.145,7202,2021-08-18 13:40:00,PTEN
7.14,7.14,7.06,7.09,16472,2021-08-18 13:45:00,PTEN
7.08,7.14,7.04,7.14,114651,2021-08-18 13:50:00,PTEN
7.14,7.19,7.11,7.19,8773,2021-08-18 13:55:00,PTEN
7.19,7.19,7.155,7.18,10108,2021-08-18 14:00:00,PTEN
7.19,7.215,7.155,7.16,9403,2021-08-18 14:05:00,PTEN
7.16,7.175,7.13,7.17,13188,2021-08-18 14:10:00,PTEN
7.17,7.17,7.14,7.165,4968,2021-08-18 14:15:00,PTEN
7.16,7.19,7.16,7.16,6931,2021-08-18 14:20:00,PTEN
7.15,7.16,7.14,7.15,17479,2021-08-18 14:25:00,PTEN
7.17,7.2,7.13,7.2,9278,2021-08-18 14:30:00,PTEN
7.2,7.27,7.2,7.26,60982,2021-08-18 14:35:00,PTEN
7.255,7.255,7.225,7.23,10835,2021-08-18 14:40:00,PTEN
7.24,7.31,7.24,7.2935,7728,2021-08-18 14:45:00,PTEN
7.295,7.305,7.2832,7.295,4663,2021-08-18 14:50:00,PTEN
7.29,7.33,7.29,7.32,10330,2021-08-18 14:55:00,PTEN
7.31,7.35,7.31,7.35,8233,2021-08-18 15:00:00,PTEN
7.35,7.35,7.29,7.29,17956,2021-08-18 15:05:00,PTEN
7.3,7.315,7.27,7.27,14582,2021-08-18 15:10:00,PTEN
7.27,7.27,7.245,7.25,6913,2021-08-18 15:15:00,PTEN
7.245,7.29,7.245,7.28,7794,2021-08-18 15:20:00,PTEN
7.29,7.29,7.26,7.27,12358,2021-08-18 15:25:00,PTEN
7.25,7.25,7.22,7.23,28454,2021-08-18 15:30:00,PTEN
7.23,7.26,7.23,7.25,5988,2021-08-18 15:35:00,PTEN
7.24,7.24,7.22,7.22,10602,2021-08-18 15:40:00,PTEN
7.215,7.22,7.205,7.205,5017,2021-08-18 15:45:00,PTEN
7.2,7.22,7.195,7.215,3639,2021-08-18 15:50:00,PTEN
7.21,7.21,7.19,7.195,9110,2021-08-18 15:55:00,PTEN
7.19,7.21,7.18,7.185,9778,2021-08-18 16:00:00,PTEN
7.19,7.19,7.165,7.165,10172,2021-08-18 16:05:00,PTEN
7.16,7.165,7.15,7.155,18448,2021-08-18 16:10:00,PTEN
7.155,7.16,7.13,7.13,6755,2021-08-18 16:15:00,PTEN
7.13,7.1385,7.115,7.13,13243,2021-08-18 16:20:00,PTEN
7.13,7.135,7.125,7.13,4730,2021-08-18 16:25:00,PTEN
7.13,7.145,7.13,7.13,8713,2021-08-18 16:30:00,PTEN
7.13,7.16,7.13,7.15,12221,2021-08-18 16:35:00,PTEN
7.14,7.145,7.13,7.13,3203,2021-08-18 16:40:00,PTEN
7.14,7.16,7.135,7.16,6395,2021-08-18 16:45:00,PTEN
7.155,7.17,7.155,7.161,2620,2021-08-18 16:50:00,PTEN
7.16,7.165,7.1525,7.16,2441,2021-08-18 16:55:00,PTEN
7.16,7.16,7.13,7.145,4036,2021-08-18 17:00:00,PTEN
7.15,7.16,7.15,7.155,3242,2021-08-18 17:05:00,PTEN
7.16,7.16,7.15,7.15,750,2021-08-18 17:10:00,PTEN
7.15,7.165,7.14,7.14,4100,2021-08-18 17:15:00,PTEN
7.15,7.18,7.15,7.175,8067,2021-08-18 17:20:00,PTEN
7.17,7.171,7.17,7.171,1600,2021-08-18 17:25:00,PTEN
7.17,7.18,7.16,7.18,3098,2021-08-18 17:30:00,PTEN
7.18,7.185,7.175,7.185,3000,2021-08-18 17:35:00,PTEN
7.185,7.19,7.18,7.18,1632,2021-08-18 17:40:00,PTEN
7.18,7.195,7.18,7.19,11583,2021-08-18 17:45:00,PTEN
7.19,7.19,7.18,7.19,4500,2021-08-18 17:50:00,PTEN
7.195,7.195,7.19,7.19,800,2021-08-18 17:55:00,PTEN
7.195,7.215,7.195,7.215,4655,2021-08-18 18:00:00,PTEN
7.22,7.24,7.22,7.23,4067,2021-08-18 18:05:00,PTEN
7.24,7.26,7.13,7.13,23084,2021-08-18 18:10:00,PTEN
7.13,7.15,7.13,7.14,12699,2021-08-18 18:15:00,PTEN
7.14,7.165,7.14,7.16,9974,2021-08-18 18:20:00,PTEN
7.17,7.195,7.16,7.16,10663,2021-08-18 18:25:00,PTEN
7.17,7.2,7.16,7.2,9855,2021-08-18 18:30:00,PTEN
7.2,7.21,7.1915,7.2,4103,2021-08-18 18:35:00,PTEN
7.19,7.2,7.18,7.195,5796,2021-08-18 18:40:00,PTEN
7.19,7.1999,7.18,7.18,4748,2021-08-18 18:45:00,PTEN
7.181,7.19,7.16,7.185,22515,2021-08-18 18:50:00,PTEN
7.185,7.195,7.18,7.18,5292,2021-08-18 18:55:00,PTEN
7.18,7.18,7.14,7.15,11130,2021-08-18 19:00:00,PTEN
7.14,7.15,7.13,7.14,9406,2021-08-18 19:05:00,PTEN
7.145,7.175,7.13,7.13,9753,2021-08-18 19:10:00,PTEN
7.13,7.13,7.115,7.125,9419,2021-08-18 19:15:00,PTEN
7.12,7.12,7.095,7.1,12188,2021-08-18 19:20:00,PTEN
7.1,7.105,7.085,7.09,17161,2021-08-18 19:25:00,PTEN
7.09,7.09,7.045,7.06,31023,2021-08-18 19:30:00,PTEN
7.06,7.06,7.01,7.01,21210,2021-08-18 19:35:00,PTEN
7.02,7.03,7.01,7.01,23425,2021-08-18 19:40:00,PTEN
7.02,7.025,6.98,6.98,55723,2021-08-18 19:45:00,PTEN
6.99,7.01,6.985,7.005,50314,2021-08-18 19:50:00,PTEN
7.005,7.005,6.97,6.98,140880,2021-08-18 19:55:00,PTEN
6.99,6.99,6.99,6.99,181042,2021-08-18 20:00:00,PTEN
6.97,6.97,6.97,6.97,400,2021-08-19 09:20:00,PTEN
6.95,6.95,6.91,6.91,207,2021-08-19 11:00:00,PTEN
6.85,6.85,6.8,6.8,250,2021-08-19 11:10:00,PTEN
6.84,6.84,6.84,6.84,100,2021-08-19 11:20:00,PTEN
6.8,6.8,6.8,6.8,100,2021-08-19 11:25:00,PTEN
6.81,6.81,6.8,6.8,300,2021-08-19 12:50:00,PTEN
6.81,6.81,6.81,6.81,100,2021-08-19 13:25:00,PTEN
6.79,6.93,6.7351,6.88,36730,2021-08-19 13:30:00,PTEN
6.87,6.9,6.81,6.82,25640,2021-08-19 13:35:00,PTEN
6.84,6.86,6.79,6.8157,12730,2021-08-19 13:40:00,PTEN
6.81,6.89,6.81,6.815,29673,2021-08-19 13:45:00,PTEN
6.8,6.82,6.77,6.82,21331,2021-08-19 13:50:00,PTEN
6.8,6.8,6.76,6.77,11276,2021-08-19 13:55:00,PTEN
6.76,6.77,6.72,6.76,19648,2021-08-19 14:00:00,PTEN
6.77,6.775,6.72,6.75,14378,2021-08-19 14:05:00,PTEN
6.76,6.76,6.7,6.7,19426,2021-08-19 14:10:00,PTEN
6.71,6.735,6.68,6.73,25672,2021-08-19 14:15:00,PTEN
6.72,6.72,6.66,6.66,24401,2021-08-19 14:20:00,PTEN
6.66,6.66,6.61,6.625,33477,2021-08-19 14:25:00,PTEN
6.62,6.63,6.575,6.59,33159,2021-08-19 14:30:00,PTEN
6.58,6.605,6.54,6.56,42682,2021-08-19 14:35:00,PTEN
6.55,6.57,6.54,6.54,14938,2021-08-19 14:40:00,PTEN
6.54,6.57,6.51,6.54,35238,2021-08-19 14:45:00,PTEN
6.53,6.58,6.53,6.5784,20317,2021-08-19 14:50:00,PTEN
6.58,6.615,6.54,6.6,26318,2021-08-19 14:55:00,PTEN
6.605,6.62,6.56,6.6,22320,2021-08-19 15:00:00,PTEN
6.605,6.605,6.56,6.57,13653,2021-08-19 15:05:00,PTEN
6.575,6.575,6.54,6.54,18917,2021-08-19 15:10:00,PTEN
6.545,6.58,6.515,6.57,8525,2021-08-19 15:15:00,PTEN
6.585,6.595,6.565,6.595,8129,2021-08-19 15:20:00,PTEN
6.59,6.59,6.525,6.54,29957,2021-08-19 15:25:00,PTEN
6.54,6.58,6.52,6.57,9541,2021-08-19 15:30:00,PTEN
6.56,6.6,6.55,6.58,21512,2021-08-19 15:35:00,PTEN
6.59,6.63,6.59,6.63,5029,2021-08-19 15:40:00,PTEN
6.63,6.645,6.62,6.62,6110,2021-08-19 15:45:00,PTEN
6.63,6.635,6.615,6.62,6030,2021-08-19 15:50:00,PTEN
6.63,6.645,6.63,6.635,5401,2021-08-19 15:55:00,PTEN
6.64,6.64,6.63,6.64,4095,2021-08-19 16:00:00,PTEN
6.64,6.645,6.605,6.615,11221,2021-08-19 16:05:00,PTEN
6.62,6.645,6.615,6.63,9823,2021-08-19 16:10:00,PTEN
6.62,6.62,6.575,6.59,12724,2021-08-19 16:15:00,PTEN
6.585,6.605,6.57,6.59,6099,2021-08-19 16:20:00,PTEN
6.5997,6.625,6.5997,6.615,69084,2021-08-19 16:25:00,PTEN
6.615,6.625,6.59,6.61,23302,2021-08-19 16:30:00,PTEN
6.62,6.635,6.61,6.635,14117,2021-08-19 16:35:00,PTEN
6.635,6.655,6.63,6.63,7534,2021-08-19 16:40:00,PTEN
6.63,6.635,6.61,6.62,26817,2021-08-19 16:45:00,PTEN
6.62,6.635,6.605,6.615,10178,2021-08-19 16:50:00,PTEN
6.6165,6.63,6.61,6.62,5058,2021-08-19 16:55:00,PTEN
6.62,6.62,6.56,6.56,30304,2021-08-19 17:00:00,PTEN
6.565,6.565,6.535,6.555,24363,2021-08-19 17:05:00,PTEN
6.5574,6.575,6.55,6.575,5236,2021-08-19 17:10:00,PTEN
6.58,6.58,6.57,6.575,5238,2021-08-19 17:15:00,PTEN
6.58,6.6,6.58,6.585,7727,2021-08-19 17:20:00,PTEN
6.58,6.58,6.56,6.565,6724,2021-08-19 17:25:00,PTEN
6.57,6.575,6.545,6.56,9545,2021-08-19 17:30:00,PTEN
6.565,6.58,6.56,6.58,2984,2021-08-19 17:35:00,PTEN
6.58,6.61,6.58,6.605,6603,2021-08-19 17:40:00,PTEN
6.6,6.6,6.57,6.575,5266,2021-08-19 17:45:00,PTEN
6.575,6.575,6.56,6.56,5727,2021-08-19 17:50:00,PTEN
6.56,6.56,6.53,6.535,8462,2021-08-19 17:55:00,PTEN
6.535,6.55,6.52,6.52,9012,2021-08-19 18:00:00,PTEN
6.525,6.53,6.525,6.53,11124,2021-08-19 18:05:00,PTEN
6.53,6.55,6.51,6.54,12819,2021-08-19 18:10:00,PTEN
6.53,6.54,6.52,6.54,5813,2021-08-19 18:15:00,PTEN
6.55,6.555,6.54,6.545,6325,2021-08-19 18:20:00,PTEN
6.55,6.55,6.51,6.515,9411,2021-08-19 18:25:00,PTEN
6.51,6.525,6.495,6.525,18747,2021-08-19 18:30:00,PTEN
6.53,6.55,6.53,6.535,3329,2021-08-19 18:35:00,PTEN
6.53,6.53,6.515,6.515,6530,2021-08-19 18:40:00,PTEN
6.515,6.515,6.5,6.515,8259,2021-08-19 18:45:00,PTEN
6.51,6.535,6.5,6.53,9582,2021-08-19 18:50:00,PTEN
6.525,6.525,6.51,6.52,9667,2021-08-19 18:55:00,PTEN
6.52,6.55,6.52,6.545,9010,2021-08-19 19:00:00,PTEN
6.545,6.565,6.545,6.565,9271,2021-08-19 19:05:00,PTEN
6.565,6.58,6.56,6.56,8059,2021-08-19 19:10:00,PTEN
6.57,6.57,6.555,6.555,5773,2021-08-19 19:15:00,PTEN
6.55,6.58,6.55,6.58,9783,2021-08-19 19:20:00,PTEN
6.575,6.61,6.57,6.61,8722,2021-08-19 19:25:00,PTEN
6.6,6.62,6.585,6.62,13552,2021-08-19 19:30:00,PTEN
6.61,6.615,6.59,6.59,10444,2021-08-19 19:35:00,PTEN
6.595,6.6,6.56,6.57,35604,2021-08-19 19:40:00,PTEN
6.565,6.585,6.55,6.575,25074,2021-08-19 19:45:00,PTEN
6.58,6.64,6.58,6.62,48909,2021-08-19 19:50:00,PTEN
6.615,6.62,6.6,6.61,45369,2021-08-19 19:55:00,PTEN
6.61,6.61,6.61,6.61,188837,2021-08-19 20:00:00,PTEN
6.59,6.59,6.55,6.55,4250,2021-08-20 13:15:00,PTEN
6.51,6.51,6.5,6.5,2100,2021-08-20 13:25:00,PTEN
6.48,6.57,6.44,6.49,61182,2021-08-20 13:30:00,PTEN
6.5196,6.58,6.5196,6.56,20821,2021-08-20 13:35:00,PTEN
6.58,6.59,6.54,6.56,16406,2021-08-20 13:40:00,PTEN
6.57,6.62,6.565,6.62,13848,2021-08-20 13:45:00,PTEN
6.61,6.625,6.59,6.595,5700,2021-08-20 13:50:00,PTEN
6.59,6.62,6.58,6.61,6766,2021-08-20 13:55:00,PTEN
6.61,6.62,6.57,6.57,10837,2021-08-20 14:00:00,PTEN
6.555,6.56,6.505,6.51,21193,2021-08-20 14:05:00,PTEN
6.51,6.52,6.485,6.485,11231,2021-08-20 14:10:00,PTEN
6.49,6.53,6.49,6.53,5064,2021-08-20 14:15:00,PTEN
6.54,6.59,6.54,6.57,12016,2021-08-20 14:20:00,PTEN
6.57,6.58,6.55,6.55,7547,2021-08-20 14:25:00,PTEN
6.54,6.57,6.53,6.56,9591,2021-08-20 14:30:00,PTEN
6.54,6.54,6.49,6.53,15651,2021-08-20 14:35:00,PTEN
6.5366,6.5366,6.48,6.48,18254,2021-08-20 14:40:00,PTEN
6.48,6.495,6.46,6.47,5761,2021-08-20 14:45:00,PTEN
6.475,6.51,6.47,6.51,10006,2021-08-20 14:50:00,PTEN
6.51,6.56,6.51,6.56,3856,2021-08-20 14:55:00,PTEN
6.57,6.6,6.565,6.585,10869,2021-08-20 15:00:00,PTEN
6.57,6.605,6.57,6.59,10435,2021-08-20 15:05:00,PTEN
6.6,6.6358,6.59,6.6358,7362,2021-08-20 15:10:00,PTEN
6.64,6.665,6.64,6.66,7225,2021-08-20 15:15:00,PTEN
6.659,6.6799,6.6558,6.665,8241,2021-08-20 15:20:00,PTEN
6.66,6.6664,6.645,6.665,12493,2021-08-20 15:25:00,PTEN
6.665,6.68,6.66,6.68,10956,2021-08-20 15:30:00,PTEN
6.68,6.68,6.635,6.645,14164,2021-08-20 15:35:00,PTEN
6.65,6.65,6.61,6.615,16489,2021-08-20 15:40:00,PTEN
6.61,6.62,6.6,6.605,5633,2021-08-20 15:45:00,PTEN
6.61,6.615,6.6,6.6,10231,2021-08-20 15:50:00,PTEN
6.6,6.645,6.595,6.64,7722,2021-08-20 15:55:00,PTEN
6.64,6.68,6.64,6.675,5908,2021-08-20 16:00:00,PTEN
6.67,6.6781,6.65,6.65,13445,2021-08-20 16:05:00,PTEN
6.645,6.67,6.645,6.66,5591,2021-08-20 16:10:00,PTEN
6.65,6.655,6.63,6.63,5400,2021-08-20 16:15:00,PTEN
6.63,6.635,6.61,6.615,9852,2021-08-20 16:20:00,PTEN
6.62,6.65,6.62,6.64,11928,2021-08-20 16:25:00,PTEN
6.65,6.655,6.63,6.63,6532,2021-08-20 16:30:00,PTEN
6.63,6.63,6.625,6.63,4711,2021-08-20 16:35:00,PTEN
6.63,6.64,6.62,6.625,6865,2021-08-20 16:40:00,PTEN
6.62,6.65,6.62,6.65,19075,2021-08-20 16:45:00,PTEN
6.65,6.655,6.63,6.64,6628,2021-08-20 16:50:00,PTEN
6.63,6.63,6.595,6.6,7426,2021-08-20 16:55:00,PTEN
6.6,6.615,6.6,6.605,9423,2021-08-20 17:00:00,PTEN
6.605,6.61,6.595,6.605,17823,2021-08-20 17:05:00,PTEN
6.6001,6.6077,6.595,6.595,3063,2021-08-20 17:10:00,PTEN
6.59,6.605,6.585,6.6,7759,2021-08-20 17:15:00,PTEN
6.59,6.6,6.58,6.58,7269,2021-08-20 17:20:00,PTEN
6.58,6.585,6.57,6.57,4314,2021-08-20 17:25:00,PTEN
6.57,6.58,6.56,6.57,6100,2021-08-20 17:30:00,PTEN
6.575,6.59,6.57,6.58,4100,2021-08-20 17:35:00,PTEN
6.58,6.585,6.565,6.57,7497,2021-08-20 17:40:00,PTEN
6.57,6.59,6.57,6.575,7537,2021-08-20 17:45:00,PTEN
6.575,6.585,6.57,6.58,4260,2021-08-20 17:50:00,PTEN
6.58,6.58,6.565,6.565,3147,2021-08-20 17:55:00,PTEN
6.565,6.615,6.555,6.6,18927,2021-08-20 18:00:00,PTEN
6.61,6.62,6.61,6.615,8779,2021-08-20 18:05:00,PTEN
6.615,6.62,6.605,6.6101,7653,2021-08-20 18:10:00,PTEN
6.615,6.64,6.6,6.625,19717,2021-08-20 18:15:00,PTEN
6.62,6.62,6.58,6.585,9839,2021-08-20 18:20:00,PTEN
6.59,6.615,6.58,6.585,15612,2021-08-20 18:25:00,PTEN
6.585,6.605,6.58,6.58,10434,2021-08-20 18:30:00,PTEN
6.585,6.59,6.57,6.575,4772,2021-08-20 18:35:00,PTEN
6.57,6.585,6.565,6.57,14979,2021-08-20 18:40:00,PTEN
6.57,6.575,6.57,6.575,2770,2021-08-20 18:45:00,PTEN
6.575,6.595,6.575,6.585,8085,2021-08-20 18:50:00,PTEN
6.59,6.6,6.58,6.59,11126,2021-08-20 18:55:00,PTEN
6.585,6.615,6.58,6.605,10178,2021-08-20 19:00:00,PTEN
6.61,6.61,6.6,6.61,600,2021-08-20 19:05:00,PTEN
6.605,6.615,6.6,6.61,8299,2021-08-20 19:10:00,PTEN
6.62,6.625,6.6,6.6,9654,2021-08-20 19:15:00,PTEN
6.6,6.61,6.6,6.6,4332,2021-08-20 19:20:00,PTEN
6.6,6.61,6.59,6.6,6641,2021-08-20 19:25:00,PTEN
6.595,6.6,6.59,6.595,8736,2021-08-20 19:30:00,PTEN
6.6,6.6,6.56,6.56,10006,2021-08-20 19:35:00,PTEN
6.57,6.585,6.56,6.585,25085,2021-08-20 19:40:00,PTEN
6.585,6.6,6.58,6.595,23046,2021-08-20 19:45:00,PTEN
6.595,6.6,6.58,6.595,29466,2021-08-20 19:50:00,PTEN
6.595,6.62,6.58,6.61,85113,2021-08-20 19:55:00,PTEN
6.6,6.6,6.6,6.6,163832,2021-08-20 20:00:00,PTEN
